checkpoint,checkpoint_kind,checkpoint_epoch,checkpoint_policy,image_id,image_path,true_class,true_label,true_class_name,hard_competitor,hard_competitor_label,transform,transform_type,realisation,transform_params,clean_loss,transformed_loss,delta_loss,clean_true_prob,transformed_true_prob,clean_competitor_prob,transformed_competitor_prob,clean_margin,transformed_margin,delta_margin,grad_cosine,grad_norm_ratio,clean_grad_norm,transformed_grad_norm,grad_degenerate,feature_cosine,prediction_consistent,correct_clean,correct_transformed,cosine_full,norm_ratio_full,clean_norm_full,transformed_norm_full,cosine_backbone,norm_ratio_backbone,clean_norm_backbone,transformed_norm_backbone,cosine_head,norm_ratio_head,clean_norm_head,transformed_norm_head,cosine_stem,norm_ratio_stem,clean_norm_stem,transformed_norm_stem,cosine_layer1,norm_ratio_layer1,clean_norm_layer1,transformed_norm_layer1,cosine_layer2,norm_ratio_layer2,clean_norm_layer2,transformed_norm_layer2,cosine_layer3,norm_ratio_layer3,clean_norm_layer3,transformed_norm_layer3,cosine_layer4,norm_ratio_layer4,clean_norm_layer4,transformed_norm_layer4
init,init,-1,,3891,067.Anna_Hummingbird/Anna_Hummingbird_0118_55773.jpg,67,66,067.Anna_Hummingbird,46,45,identity,identity,0,{},5.3293362,5.3293362,0,0.0048472867,0.0048472867,0.018442538,0.018442538,-0.013595251,-0.013595251,0,1,1,51.102097,51.102097,False,1.0000001,True,False,False,1,1,51.102097,51.102097,1,1,42.57277,42.57277,1,1,28.266297,28.266297,1,1,6.0081415,6.0081415,1,1,13.017258,13.017258,1,1,17.592593,17.592593,1,1,19.164349,19.164349,1,1,30.497908,30.497908
init,init,-1,,3891,067.Anna_Hummingbird/Anna_Hummingbird_0118_55773.jpg,67,66,067.Anna_Hummingbird,46,45,horizontal_flip,horizontal_flip,0,"{""flipped"":true}",5.3293362,5.7424498,0.41311359,0.0048472867,0.0032069031,0.018442538,0.021004317,-0.013595251,-0.017797414,-0.0042021633,0.62333804,1.0309721,51.102097,52.684838,False,0.96175551,True,False,False,0.62333804,1.0309721,51.102097,52.684838,0.47551454,1.0337512,42.57277,44.009654,0.96166455,1.02464,28.266297,28.962779,0.052178651,1.1146542,6.0081415,6.6970002,0.13981502,1.0765517,13.017258,14.013751,0.27538155,1.0575737,17.592593,18.605465,0.3465261,1.0101755,19.164349,19.359355,0.67703034,1.0236654,30.497908,31.219652
init,init,-1,,3891,067.Anna_Hummingbird/Anna_Hummingbird_0118_55773.jpg,67,66,067.Anna_Hummingbird,46,45,color_jitter,color_jitter,0,"{""brightness"":0.675779,""contrast"":0.930573,""hue"":-0.018551,""saturation"":0.613646}",5.3293362,5.4699726,0.14063644,0.0048472867,0.0042113466,0.018442538,0.018698594,-0.013595251,-0.014487247,-0.00089199608,0.82576299,1.0531921,51.102097,53.820323,False,0.97009218,False,False,False,0.82576299,1.0531921,51.102097,53.820323,0.76507503,1.0666953,42.57277,45.412175,0.96999861,1.0218996,28.266297,28.885318,0.33274817,1.2810241,6.0081415,7.6965742,0.63795848,1.4286463,13.017258,18.597057,0.67824039,1.0857547,17.592593,19.101241,0.77765077,1.023539,19.164349,19.615458,0.85882534,0.98779368,30.497908,30.125641
init,init,-1,,3891,067.Anna_Hummingbird/Anna_Hummingbird_0118_55773.jpg,67,66,067.Anna_Hummingbird,46,45,rotation,rotation,0,"{""angle"":-12.795946}",5.3293362,4.8250232,-0.50431299,0.0048472867,0.008026368,0.018442538,0.015505547,-0.013595251,-0.0074791787,0.0061160722,0.62335646,1.2373185,51.102097,63.229573,False,0.9114635,False,False,False,0.62335646,1.2373185,51.102097,63.229573,0.52604492,1.3120496,42.57277,55.857586,0.91129557,1.0482281,28.266297,29.629527,0.26714221,1.4123872,6.0081415,8.4858223,0.36705472,1.7175365,13.017258,22.357616,0.39391968,1.4146941,17.592593,24.888137,0.52554835,1.3876088,19.164349,26.592619,0.64748273,1.1460311,30.497908,34.951552
init,init,-1,,3891,067.Anna_Hummingbird/Anna_Hummingbird_0118_55773.jpg,67,66,067.Anna_Hummingbird,46,45,random_resized_crop,random_resized_crop,0,"{""area_fraction"":0.5383,""aspect"":1.218286,""fallback"":false,""height"":0.664718,""left"":0.074977,""top"":0.165915,""width"":0.809817}",5.3293362,5.2175946,-0.11174154,0.0048472867,0.0054203528,0.018442538,0.019191299,-0.013595251,-0.013770946,-0.00017569494,0.65164304,1.0810775,51.102097,55.245327,False,0.93610561,False,False,False,0.65164304,1.0810775,51.102097,55.245327,0.53342799,1.099081,42.57277,46.790924,0.93601514,1.039082,28.266297,29.371001,-0.15775813,1.5603535,6.0081415,9.3748247,0.2666254,1.2275969,13.017258,15.979946,0.47262278,1.1567394,17.592593,20.350045,0.46914754,1.0923837,19.164349,20.934822,0.68502994,1.0336399,30.497908,31.523855
init,init,-1,,3891,067.Anna_Hummingbird/Anna_Hummingbird_0118_55773.jpg,67,66,067.Anna_Hummingbird,46,45,gaussian_blur,gaussian_blur,0,"{""sigma"":1.766447}",5.3293362,5.3330755,0.003739357,0.0048472867,0.0048291949,0.018442538,0.014213748,-0.013595251,-0.0093845534,0.0042106975,0.56332048,1.1359728,51.102097,58.050593,False,0.87567443,False,False,False,0.56332048,1.1359728,51.102097,58.050593,0.45327623,1.1972493,42.57277,50.970217,0.87544228,0.9829104,28.266297,27.783238,0.010662349,2.3197011,6.0081415,13.937093,0.32090776,1.5588778,13.017258,20.292315,0.27034455,1.1881768,17.592593,20.903112,0.44802201,1.2658174,19.164349,24.258566,0.62249865,1.0193806,30.497908,31.088975
init,init,-1,,3891,067.Anna_Hummingbird/Anna_Hummingbird_0118_55773.jpg,67,66,067.Anna_Hummingbird,46,45,random_erasing,random_erasing,0,"{""area_fraction"":0.197925,""erased"":true,""height"":0.732068,""left"":0.283798,""top"":0.16117,""width"":0.270365}",5.3293362,5.7678962,0.43856001,0.0048472867,0.0031263279,0.018442538,0.022367688,-0.013595251,-0.01924136,-0.0056461091,0.53138795,1.1668853,51.102097,59.630284,False,0.83569932,False,False,False,0.53138795,1.1668853,51.102097,59.630284,0.3990157,1.1704922,42.57277,49.831096,0.83475065,1.1586616,28.266297,32.751072,0.32069167,0.83034817,6.0081415,4.9888493,0.10564186,1.2689642,13.017258,16.518435,0.27860509,1.2547043,17.592593,22.073502,0.33327773,1.1123881,19.164349,21.318193,0.52979286,1.1563394,30.497908,35.265931
init,init,-1,,5405,093.Clark_Nutcracker/Clark_Nutcracker_0011_85698.jpg,93,92,093.Clark_Nutcracker,8,7,identity,identity,0,{},5.1508222,5.1508222,0,0.0057946388,0.0057946388,0.029260879,0.029260879,-0.023466241,-0.023466241,0,1,1,47.882935,47.882935,False,1,True,False,False,1,1,47.882935,47.882935,1,1,40.713467,40.713467,1,1,25.202957,25.202957,1,1,6.9168726,6.9168726,1,1,13.930672,13.930672,1,1,19.156093,19.156093,1,1,17.493246,17.493246,1,1,27.252708,27.252708
init,init,-1,,5405,093.Clark_Nutcracker/Clark_Nutcracker_0011_85698.jpg,93,92,093.Clark_Nutcracker,8,7,horizontal_flip,horizontal_flip,0,"{""flipped"":true}",5.1508222,5.2956352,0.14481306,0.0057946388,0.0050134291,0.029260879,0.027990229,-0.023466241,-0.0229768,0.00048944028,0.68971543,0.93375504,47.882935,44.710932,False,0.96785784,True,False,False,0.68971543,0.93375504,47.882935,44.710932,0.56383194,0.87549513,40.713467,35.644442,0.96780928,1.0709657,25.202957,26.991501,0.68286908,0.70132985,6.9168726,4.8510092,0.3374757,0.65772357,13.930672,9.1625314,0.60754338,0.6776963,19.156093,12.982014,0.4187667,0.84525571,17.493246,14.786266,0.6492387,1.0220836,27.252708,27.854545
init,init,-1,,5405,093.Clark_Nutcracker/Clark_Nutcracker_0011_85698.jpg,93,92,093.Clark_Nutcracker,8,7,color_jitter,color_jitter,0,"{""brightness"":0.713279,""contrast"":0.711295,""hue"":-0.014537,""saturation"":0.768784}",5.1508222,5.0978498,-0.052972317,0.0057946388,0.0061098691,0.029260879,0.0218475,-0.023466241,-0.01573763,0.0077286102,0.83647313,1.0586059,47.882935,50.689158,False,0.97193253,False,False,False,0.83647313,1.0586059,47.882935,50.689158,0.78942799,1.0815503,40.713467,44.033661,0.97184126,0.99624479,25.202957,25.108314,0.64514635,1.2032056,6.9168726,8.3224196,0.66952531,1.2800474,13.930672,17.831921,0.79859217,1.1403293,19.156093,21.844255,0.76167491,1.0172582,17.493246,17.795148,0.85373899,1.0101639,27.252708,27.529701
init,init,-1,,5405,093.Clark_Nutcracker/Clark_Nutcracker_0011_85698.jpg,93,92,093.Clark_Nutcracker,8,7,rotation,rotation,0,"{""angle"":2.525267}",5.1508222,5.2775593,0.12673712,0.0057946388,0.0051048757,0.029260879,0.023156619,-0.023466241,-0.018051743,0.0054144976,0.82210752,0.9822606,47.882935,47.03352,False,0.96939921,True,False,False,0.82210752,0.9822606,47.882935,47.03352,0.76484481,0.97809813,40.713467,39.821766,0.96935947,0.99304079,25.202957,25.027564,0.56710664,1.1256721,6.9168726,7.7861305,0.64459039,0.86819159,13.930672,12.094492,0.72528898,0.95597791,19.156093,18.312802,0.73227851,0.99221033,17.493246,17.356979,0.84057486,0.99968956,27.252708,27.244247
init,init,-1,,5405,093.Clark_Nutcracker/Clark_Nutcracker_0011_85698.jpg,93,92,093.Clark_Nutcracker,8,7,random_resized_crop,random_resized_crop,0,"{""area_fraction"":0.897887,""aspect"":1.073875,""fallback"":false,""height"":0.914395,""left"":0.012036,""top"":0.048697,""width"":0.981946}",5.1508222,5.0662961,-0.084526062,0.0057946388,0.0063057323,0.029260879,0.035931621,-0.023466241,-0.029625888,-0.0061596478,0.84265131,0.99514365,47.882935,47.650398,False,0.9795301,True,False,False,0.84265131,0.99514365,47.882935,47.650398,0.78808835,0.98267384,40.713467,40.008059,0.97948165,1.0269719,25.202957,25.882729,0.71987103,1.1326632,6.9168726,7.8344873,0.63821862,0.90837288,13.930672,12.654245,0.76914096,0.94324889,19.156093,18.068964,0.73688694,0.99553301,17.493246,17.415104,0.85983404,1.0044684,27.252708,27.374485
init,init,-1,,5405,093.Clark_Nutcracker/Clark_Nutcracker_0011_85698.jpg,93,92,093.Clark_Nutcracker,8,7,gaussian_blur,gaussian_blur,0,"{""sigma"":1.805659}",5.1508222,5.096693,-0.054129124,0.0057946388,0.006116942,0.029260879,0.019020775,-0.023466241,-0.012903833,0.010562407,0.6591597,1.0604702,47.882935,50.778425,False,0.90374339,False,False,False,0.6591597,1.0604702,47.882935,50.778425,0.56282986,1.0517676,40.713467,42.821107,0.90352615,1.082851,25.202957,27.291048,0.039324548,0.92305485,6.9168726,6.3846528,0.45441659,1.0091513,13.930672,14.058157,0.49502596,1.0694887,19.156093,20.487225,0.55011756,1.1347991,17.493246,19.851319,0.66312901,1.0257488,27.252708,27.954433
init,init,-1,,5405,093.Clark_Nutcracker/Clark_Nutcracker_0011_85698.jpg,93,92,093.Clark_Nutcracker,8,7,random_erasing,random_erasing,0,"{""area_fraction"":0.19254,""erased"":true,""height"":0.247108,""left"":0.049182,""top"":0.597006,""width"":0.779174}",5.1508222,5.8463078,0.69548559,0.0057946388,0.0028905531,0.029260879,0.030323278,-0.023466241,-0.027432725,-0.0039664845,0.71480963,1.2144214,47.882935,58.150061,False,0.89977247,False,False,False,0.71480963,1.2144214,47.882935,58.150061,0.63905446,1.187574,40.713467,48.350254,0.8994377,1.2818367,25.202957,32.306075,0.59814807,1.0021592,6.9168726,6.9318073,0.62531095,1.1273743,13.930672,15.705082,0.6792008,1.0944946,19.156093,20.966241,0.58341759,1.1210585,17.493246,19.610951,0.65117148,1.2810613,27.252708,34.912389
init,init,-1,,920,017.Cardinal/Cardinal_0079_19044.jpg,17,16,017.Cardinal,129,128,identity,identity,0,{},4.9145832,4.9145832,0,0.0073387772,0.0073387772,0.019088544,0.019088544,-0.011749767,-0.011749767,0,1,1,53.14519,53.14519,False,1,True,False,False,1,1,53.14519,53.14519,1,1,46.706353,46.706353,1,1,25.356021,25.356021,1,1,8.006898,8.006898,1,1,17.753526,17.753526,1,1,22.41979,22.41979,1,1,21.857437,21.857437,1,1,28.666893,28.666893
init,init,-1,,920,017.Cardinal/Cardinal_0079_19044.jpg,17,16,017.Cardinal,129,128,horizontal_flip,horizontal_flip,0,"{""flipped"":true}",4.9145832,4.9390287,0.024445534,0.0073387772,0.0071615521,0.019088544,0.015540074,-0.011749767,-0.0083785215,0.0033712452,0.65960429,0.8812558,53.14519,46.834507,False,0.95948601,False,False,False,0.65960429,0.8812558,53.14519,46.834507,0.56071147,0.85392806,46.706353,39.883865,0.95943864,0.96824864,25.356021,24.550933,0.42214248,0.8851474,8.006898,7.0872849,0.41749418,0.82697205,17.753526,14.68167,0.50870566,0.76686318,22.41979,17.192911,0.49869409,0.80336103,21.857437,17.559413,0.68105794,0.93667897,28.666893,26.851675
init,init,-1,,920,017.Cardinal/Cardinal_0079_19044.jpg,17,16,017.Cardinal,129,128,color_jitter,color_jitter,0,"{""brightness"":0.687248,""contrast"":1.173776,""hue"":0.097519,""saturation"":1.253802}",4.9145832,5.3547616,0.44017839,0.0073387772,0.0047255964,0.019088544,0.018916616,-0.011749767,-0.01419102,-0.002441253,0.73540309,1.0036347,53.14519,53.338357,False,0.92810315,True,False,False,0.73540309,1.0036347,53.14519,53.338357,0.67502187,0.98732704,46.706353,46.114445,0.92806096,1.0570941,25.356021,26.8037,0.38826426,0.97429421,8.006898,7.8010743,0.47140436,0.86070137,17.753526,15.280484,0.65079133,0.85181641,22.41979,19.097545,0.68359159,1.0094327,21.857437,22.063611,0.77244505,1.0923994,28.666893,31.315697
init,init,-1,,920,017.Cardinal/Cardinal_0079_19044.jpg,17,16,017.Cardinal,129,128,rotation,rotation,0,"{""angle"":-14.175184}",4.9145832,4.943574,0.028990746,0.0073387772,0.0071290731,0.019088544,0.016698401,-0.011749767,-0.0095693283,0.0021804385,0.68174705,0.89584506,53.14519,47.609856,False,0.90355015,False,False,False,0.68174705,0.89584506,53.14519,47.609856,0.61146905,0.8785312,46.706353,41.032988,0.90342129,0.95224849,25.356021,24.145233,0.25743995,0.73535207,8.006898,5.887889,0.55182366,0.80956921,17.753526,14.372708,0.6200381,0.77238251,22.41979,17.316654,0.56101091,0.83758414,21.857437,18.307443,0.67976777,0.9912272,28.666893,28.415404
init,init,-1,,920,017.Cardinal/Cardinal_0079_19044.jpg,17,16,017.Cardinal,129,128,random_resized_crop,random_resized_crop,0,"{""area_fraction"":0.664229,""aspect"":1.166553,""fallback"":false,""height"":0.754582,""left"":0.098057,""top"":0.214585,""width"":0.88026}",4.9145832,4.5471454,-0.36743784,0.0073387772,0.010597415,0.019088544,0.015712313,-0.011749767,-0.0051148981,0.0066348687,0.64837732,0.80374482,53.14519,42.715171,False,0.90345389,True,False,False,0.64837732,0.80374482,53.14519,42.715171,0.56396645,0.77726579,46.706353,36.30325,0.90343534,0.88772233,25.356021,22.509106,0.39763451,0.65182925,8.006898,5.2191303,0.36599995,0.72010525,17.753526,12.784407,0.46310853,0.64658306,22.41979,14.496256,0.55717848,0.72121135,21.857437,15.763832,0.69352787,0.90199563,28.666893,25.857412
init,init,-1,,920,017.Cardinal/Cardinal_0079_19044.jpg,17,16,017.Cardinal,129,128,gaussian_blur,gaussian_blur,0,"{""sigma"":1.298166}",4.9145832,4.5260258,-0.38855743,0.0073387772,0.010823602,0.019088544,0.018522643,-0.011749767,-0.0076990407,0.0040507261,0.6586337,0.95445711,53.14519,50.724804,False,0.89985895,False,False,False,0.6586337,0.95445711,53.14519,50.724804,0.58293977,0.9390283,46.706353,43.858587,0.89975251,1.0050441,25.356021,25.483919,0.52548139,0.84867922,8.006898,6.7952879,0.40360981,0.83811794,17.753526,14.879548,0.47259654,0.90044928,22.41979,20.187884,0.57282283,0.97920748,21.857437,21.402966,0.71601328,0.98069094,28.666893,28.113362
init,init,-1,,920,017.Cardinal/Cardinal_0079_19044.jpg,17,16,017.Cardinal,129,128,random_erasing,random_erasing,0,"{""area_fraction"":0.156477,""erased"":true,""height"":0.411616,""left"":0.546314,""top"":0.473501,""width"":0.380152}",4.9145832,5.0012236,0.086640358,0.0073387772,0.0067297057,0.019088544,0.016150016,-0.011749767,-0.0094203106,0.0023294562,0.73895315,0.92745382,53.14519,49.289709,False,0.90490037,False,False,False,0.73895315,0.92745382,53.14519,49.289709,0.68491848,0.89797311,46.706353,41.941049,0.90475398,1.0211596,25.356021,25.892545,0.71651344,0.69895024,8.006898,5.5964233,0.64231548,0.77606008,17.753526,13.777802,0.66512681,0.77142322,22.41979,17.295147,0.68658823,0.87534158,21.857437,19.132724,0.71727947,1.0305213,28.666893,29.541844
init,init,-1,,5043,087.Mallard/Mallard_0071_76940.jpg,87,86,087.Mallard,86,85,identity,identity,0,{},5.2474413,5.2474413,0,0.0052609635,0.0052609635,0.024980288,0.024980288,-0.019719325,-0.019719325,0,1,1,41.36594,41.36594,False,1,True,False,False,1,1,41.36594,41.36594,1,1,33.045123,33.045123,1,1,24.882943,24.882943,1,1,4.8124796,4.8124796,1,1,10.617814,10.617814,1,1,12.940856,12.940856,1,1,14.957493,14.957493,1,1,23.767412,23.767412
init,init,-1,,5043,087.Mallard/Mallard_0071_76940.jpg,87,86,087.Mallard,86,85,horizontal_flip,horizontal_flip,0,"{""flipped"":true}",5.2474413,5.2570238,0.0095825195,0.0052609635,0.0052107885,0.024980288,0.023530869,-0.019719325,-0.01832008,0.0013992442,0.68201963,1.0300234,41.36594,42.607888,False,0.97101671,True,False,False,0.68201963,1.0300234,41.36594,42.607888,0.49986965,0.98471212,33.045123,32.539933,0.97097562,1.1054194,24.882943,27.506088,0.087993889,0.920763,4.8124796,4.4311531,0.38351379,0.90037178,10.617814,9.55998,0.3923329,0.86262497,12.940856,11.163106,0.33063851,0.91335026,14.957493,13.66143,0.62111587,1.0615512,23.767412,25.230325
init,init,-1,,5043,087.Mallard/Mallard_0071_76940.jpg,87,86,087.Mallard,86,85,color_jitter,color_jitter,0,"{""brightness"":1.181324,""contrast"":1.253952,""hue"":0.092556,""saturation"":0.636442}",5.2474413,5.3036375,0.056196213,0.0052609635,0.0049734716,0.024980288,0.022071116,-0.019719325,-0.017097644,0.0026216805,0.78003779,1.1144117,41.36594,46.09869,False,0.94563287,True,False,False,0.78003779,1.1144117,41.36594,46.09869,0.70002703,1.1643616,33.045123,38.476473,0.94560273,1.0203762,24.882943,25.389963,0.55281992,1.4191203,4.8124796,6.8294873,0.60537847,1.1926347,10.617814,12.663173,0.67046765,1.282784,12.940856,16.600323,0.64429955,1.1722841,14.957493,17.534432,0.76456873,1.1055361,23.767412,26.275732
init,init,-1,,5043,087.Mallard/Mallard_0071_76940.jpg,87,86,087.Mallard,86,85,rotation,rotation,0,"{""angle"":-11.349628}",5.2474413,5.5372815,0.28984022,0.0052609635,0.0039372155,0.024980288,0.019787615,-0.019719325,-0.0158504,0.0038689249,0.71996946,1.0471816,41.36594,43.317654,False,0.95034862,True,False,False,0.71996946,1.0471816,41.36594,43.317654,0.59219448,1.0551114,33.045123,34.866288,0.95023554,1.033048,24.882943,25.705274,0.45292486,1.555413,4.8124796,7.4853933,0.54833293,1.0187029,10.617814,10.816398,0.50170823,1.0924236,12.940856,14.136897,0.50951004,1.0465091,14.957493,15.653153,0.67448226,1.0286824,23.767412,24.449118
init,init,-1,,5043,087.Mallard/Mallard_0071_76940.jpg,87,86,087.Mallard,86,85,random_resized_crop,random_resized_crop,0,"{""area_fraction"":0.7046,""aspect"":0.782526,""fallback"":false,""height"":0.948903,""left"":0.056551,""top"":0.041886,""width"":0.742542}",5.2474413,5.6272573,0.37981606,0.0052609635,0.0035984318,0.024980288,0.027455643,-0.019719325,-0.023857211,-0.0041378865,0.63027401,1.1907648,41.36594,49.257105,False,0.92526269,True,False,False,0.63027401,1.1907648,41.36594,49.257105,0.48015611,1.2320924,33.045123,40.714644,0.92516577,1.1141479,24.882943,27.723278,0.033725187,1.3878782,4.8124796,6.6791352,0.2415435,1.1897191,10.617814,12.632215,0.35918934,1.2281176,12.940856,15.892893,0.42003085,1.2098922,14.957493,18.096955,0.60500175,1.2434501,23.767412,29.55359
init,init,-1,,5043,087.Mallard/Mallard_0071_76940.jpg,87,86,087.Mallard,86,85,gaussian_blur,gaussian_blur,0,"{""sigma"":1.518487}",5.2474413,5.6393151,0.39187384,0.0052609635,0.0035553027,0.024980288,0.024691038,-0.019719325,-0.021135735,-0.0014164106,0.65015416,1.1643672,41.36594,48.165143,False,0.92088032,False,False,False,0.65015416,1.1643672,41.36594,48.165143,0.51654039,1.2141311,33.045123,40.121114,0.92071079,1.0709806,24.882943,26.64915,0.29807278,1.3369778,4.8124796,6.4341784,0.19357778,1.2742396,10.617814,13.529639,0.38843301,1.2565912,12.940856,16.261366,0.44203583,1.1881976,14.957493,17.772457,0.66517971,1.1937289,23.767412,28.371847
init,init,-1,,5043,087.Mallard/Mallard_0071_76940.jpg,87,86,087.Mallard,86,85,random_erasing,random_erasing,0,"{""area_fraction"":0.062126,""erased"":true,""height"":0.181624,""left"":0.278698,""top"":0.198106,""width"":0.342059}",5.2474413,5.3563666,0.10892534,0.0052609635,0.0047180173,0.024980288,0.02052694,-0.019719325,-0.015808923,0.0039104018,0.83472781,1.0538931,41.36594,43.595279,False,0.95075035,True,False,False,0.83472781,1.0538931,41.36594,43.595279,0.76831189,1.0498978,33.045123,34.694002,0.95067574,1.0609028,24.882943,26.398383,0.78794018,1.1553462,4.8124796,5.5600802,0.78180499,1.0822207,10.617814,11.490818,0.76157476,1.0095212,12.940856,13.064069,0.72248768,1.0001471,14.957493,14.959694,0.78443418,1.0695992,23.767412,25.421605
init,init,-1,,11743,200.Common_Yellowthroat/Common_Yellowthroat_0106_190989.jpg,200,199,200.Common_Yellowthroat,4,3,identity,identity,0,{},6.0833826,6.0833826,0,0.002280449,0.002280449,0.028298527,0.028298527,-0.026018078,-0.026018078,0,1,1,43.434458,43.434458,False,0.99999994,True,False,False,1,1,43.434458,43.434458,1,1,33.491716,33.491716,1,1,27.65605,27.65605,1,1,4.0156723,4.0156723,1,1,9.3633973,9.3633973,1,1,12.065684,12.065684,1,1,15.041075,15.041075,1,1,25.418134,25.418134
init,init,-1,,11743,200.Common_Yellowthroat/Common_Yellowthroat_0106_190989.jpg,200,199,200.Common_Yellowthroat,4,3,horizontal_flip,horizontal_flip,0,"{""flipped"":true}",6.0833826,6.0744286,-0.0089540482,0.002280449,0.0023009598,0.028298527,0.016561428,-0.026018078,-0.014260468,0.01175761,0.67157694,1.0148748,43.434458,44.080539,False,0.95689052,False,False,False,0.67157694,1.0148748,43.434458,44.080539,0.50279393,1.0652599,33.491716,35.677381,0.95676982,0.93609088,27.65605,25.888576,0.17222007,1.5633269,4.0156723,6.2778083,0.21688894,1.2785644,9.3633973,11.971707,0.30227435,1.1677252,12.065684,14.089404,0.43070299,1.0742013,15.041075,16.157141,0.65186922,0.9879293,25.418134,25.11132
init,init,-1,,11743,200.Common_Yellowthroat/Common_Yellowthroat_0106_190989.jpg,200,199,200.Common_Yellowthroat,4,3,color_jitter,color_jitter,0,"{""brightness"":1.03304,""contrast"":0.655468,""hue"":-0.028749,""saturation"":1.383961}",6.0833826,6.1638021,0.08041954,0.002280449,0.0021042379,0.028298527,0.033366099,-0.026018078,-0.031261861,-0.0052437831,0.86099092,1.0875847,43.434458,47.238653,False,0.97339296,True,False,False,0.86099092,1.0875847,43.434458,47.238653,0.78859638,1.1093549,33.491716,37.154198,0.97330991,1.0548456,27.65605,29.172862,0.65958682,1.4049787,4.0156723,5.6419341,0.62845912,1.3153379,9.3633973,12.316031,0.70997285,1.205115,12.065684,14.540537,0.75090972,1.1094123,15.041075,16.686753,0.85940601,1.0461149,25.418134,26.590288
init,init,-1,,11743,200.Common_Yellowthroat/Common_Yellowthroat_0106_190989.jpg,200,199,200.Common_Yellowthroat,4,3,rotation,rotation,0,"{""angle"":1.262044}",6.0833826,6.119338,0.035955429,0.002280449,0.0021999122,0.028298527,0.028925659,-0.026018078,-0.026725747,-0.00070766895,0.87945197,1.073862,43.434458,46.642612,False,0.98555708,True,False,False,0.87945197,1.073862,43.434458,46.642612,0.80855975,1.0821149,33.491716,36.241884,0.98551934,1.0616427,27.65605,29.360843,0.56219266,1.3958199,4.0156723,5.6051553,0.67514574,1.2474398,9.3633973,11.680275,0.73882863,1.1630367,12.065684,14.032834,0.76575848,1.0604103,15.041075,15.94971,0.87514149,1.036655,25.418134,26.349836
init,init,-1,,11743,200.Common_Yellowthroat/Common_Yellowthroat_0106_190989.jpg,200,199,200.Common_Yellowthroat,4,3,random_resized_crop,random_resized_crop,0,"{""area_fraction"":0.814598,""aspect"":0.92015,""fallback"":false,""height"":0.940898,""left"":0.030684,""top"":0.050525,""width"":0.865767}",6.0833826,6.1658225,0.082439899,0.002280449,0.0020999906,0.028298527,0.026284723,-0.026018078,-0.024184732,0.001833346,0.79590942,0.96415625,43.434458,41.877604,False,0.96840382,True,False,False,0.79590942,0.96415625,43.434458,41.877604,0.68033705,0.97063681,33.491716,32.508293,0.96831982,0.95457267,27.65605,26.399709,0.54939847,1.3071665,4.0156723,5.2491522,0.45058569,1.0080496,9.3633973,9.4387688,0.54867476,0.98806719,12.065684,11.921707,0.62393119,0.93435084,15.041075,14.053641,0.76821871,0.96409008,25.418134,24.505371
init,init,-1,,11743,200.Common_Yellowthroat/Common_Yellowthroat_0106_190989.jpg,200,199,200.Common_Yellowthroat,4,3,gaussian_blur,gaussian_blur,0,"{""sigma"":1.048772}",6.0833826,6.1888733,0.10549068,0.002280449,0.0020521381,0.028298527,0.028819263,-0.026018078,-0.026767125,-0.00074904691,0.75288757,1.0131234,43.434458,44.004466,False,0.95053422,True,False,False,0.75288757,1.0131234,43.434458,44.004466,0.62676559,1.0377678,33.491716,34.756624,0.95045336,0.9758564,27.65605,26.988333,0.37313234,1.4907282,4.0156723,5.9862759,0.39092735,1.1835122,9.3633973,11.081695,0.39001734,1.0390078,12.065684,12.536341,0.56138028,1.0386476,15.041075,15.622377,0.75589008,1.0016111,25.418134,25.459085
init,init,-1,,11743,200.Common_Yellowthroat/Common_Yellowthroat_0106_190989.jpg,200,199,200.Common_Yellowthroat,4,3,random_erasing,random_erasing,0,"{""area_fraction"":0.123088,""erased"":true,""height"":0.263315,""left"":0.271654,""top"":0.170867,""width"":0.467458}",6.0833826,6.1173306,0.033947945,0.002280449,0.0022043325,0.028298527,0.021517567,-0.026018078,-0.019313235,0.0067048431,0.66941466,1.0752908,43.434458,46.704672,False,0.89725113,False,False,False,0.66941466,1.0752908,43.434458,46.704672,0.54138463,1.1429235,33.491716,38.278468,0.8970886,0.96759188,27.65605,26.759769,0.44494686,1.0808054,4.0156723,4.3401601,0.38437444,1.2835666,9.3633973,12.018544,0.54821084,1.3902592,12.065684,16.774429,0.50307975,1.1504437,15.041075,17.30391,0.58770631,1.0565006,25.418134,26.854273
init,init,-1,,3563,062.Herring_Gull/Herring_Gull_0129_46708.jpg,62,61,062.Herring_Gull,96,95,identity,identity,0,{},4.3069057,4.3069057,0,0.013475179,0.013475179,0.030096956,0.030096956,-0.016621777,-0.016621777,0,1,1,48.379071,48.379071,False,1,True,False,False,1,1,48.379071,48.379071,1,1,38.74382,38.74382,1,1,28.973279,28.973279,1,1,7.3562826,7.3562826,1,1,12.257987,12.257987,1,1,13.632929,13.632929,1,1,15.688625,15.688625,1,1,29.406135,29.406135
init,init,-1,,3563,062.Herring_Gull/Herring_Gull_0129_46708.jpg,62,61,062.Herring_Gull,96,95,horizontal_flip,horizontal_flip,0,"{""flipped"":true}",4.3069057,4.6146517,0.30774593,0.013475179,0.0099056354,0.030096956,0.020618087,-0.016621777,-0.010712451,0.0059093256,0.68760523,1.0741922,48.379071,51.96842,False,0.94913936,False,False,False,0.68760523,1.0741922,48.379071,51.96842,0.54797337,1.0908855,38.74382,42.265072,0.94902375,1.0436763,28.973279,30.238723,0.55538928,1.1169864,7.3562826,8.2168674,0.33196132,0.98677127,12.257987,12.09583,0.34049929,1.0942948,13.632929,14.918443,0.40362807,1.1343273,15.688625,17.796035,0.66922715,1.093113,29.406135,32.144229
init,init,-1,,3563,062.Herring_Gull/Herring_Gull_0129_46708.jpg,62,61,062.Herring_Gull,96,95,color_jitter,color_jitter,0,"{""brightness"":0.749589,""contrast"":0.716231,""hue"":0.056657,""saturation"":1.065315}",4.3069057,4.4797912,0.17288542,0.013475179,0.01133578,0.030096956,0.022822252,-0.016621777,-0.011486472,0.0051353052,0.78697595,1.046791,48.379071,50.642775,False,0.95990914,True,False,False,0.78697595,1.046791,48.379071,50.642775,0.69992137,1.0797465,38.74382,41.833504,0.95979065,0.98511633,28.973279,28.54205,0.24052832,0.90607573,7.3562826,6.6653491,0.54814559,1.4047102,12.257987,17.21892,0.56167986,1.2123417,13.632929,16.527768,0.63901415,1.058319,15.688625,16.603569,0.82773801,0.99742796,29.406135,29.330501
init,init,-1,,3563,062.Herring_Gull/Herring_Gull_0129_46708.jpg,62,61,062.Herring_Gull,96,95,rotation,rotation,0,"{""angle"":-0.15022}",4.3069057,4.296411,-0.010494709,0.013475179,0.013617341,0.030096956,0.029422777,-0.016621777,-0.015805435,0.00081634149,0.95885194,0.98039474,48.379071,47.430587,False,0.99725592,True,False,False,0.95885194,0.98039474,48.379071,47.430587,0.93735421,0.97996207,38.74382,37.967474,0.99724681,0.98116797,28.973279,28.427653,0.95020906,0.90465368,7.3562826,6.6548881,0.85949481,0.94843136,12.257987,11.62586,0.88925544,0.96679834,13.632929,13.180293,0.91703307,1.0053222,15.688625,15.772122,0.96605945,0.98536816,29.406135,28.975869
init,init,-1,,3563,062.Herring_Gull/Herring_Gull_0129_46708.jpg,62,61,062.Herring_Gull,96,95,random_resized_crop,random_resized_crop,0,"{""area_fraction"":0.67415,""aspect"":0.876754,""fallback"":false,""height"":0.876878,""left"":0.219499,""top"":0.071454,""width"":0.768807}",4.3069057,4.4954948,0.1885891,0.013475179,0.011159156,0.030096956,0.022946237,-0.016621777,-0.01178708,0.0048346967,0.78066016,1.0697985,48.379071,51.755859,False,0.96691859,False,False,False,0.78066016,1.0697985,48.379071,51.755859,0.68084559,1.0847509,38.74382,42.027393,0.9667751,1.0425267,28.973279,30.205416,0.70469441,1.2647539,7.3562826,9.3038873,0.50399671,1.1132854,12.257987,13.646639,0.51368468,1.1403012,13.632929,15.545645,0.57715863,1.1052301,15.688625,17.339541,0.78309917,1.0488028,29.406135,30.841238
init,init,-1,,3563,062.Herring_Gull/Herring_Gull_0129_46708.jpg,62,61,062.Herring_Gull,96,95,gaussian_blur,gaussian_blur,0,"{""sigma"":1.745595}",4.3069057,4.6520786,0.34517288,0.013475179,0.009541749,0.030096956,0.016169528,-0.016621777,-0.0066277785,0.0099939983,0.61459412,1.006851,48.379071,48.710515,False,0.87091488,False,False,False,0.61459412,1.006851,48.379071,48.710515,0.4959769,1.0620345,38.74382,41.147275,0.87068845,0.89977545,28.973279,26.069445,0.40941839,0.99861392,7.3562826,7.3460862,0.41081276,1.0898627,12.257987,13.359523,0.33848508,1.213165,13.632929,16.538992,0.39328664,1.183421,15.688625,18.566249,0.59802628,0.98701664,29.406135,29.024345
init,init,-1,,3563,062.Herring_Gull/Herring_Gull_0129_46708.jpg,62,61,062.Herring_Gull,96,95,random_erasing,random_erasing,0,"{""area_fraction"":0.151001,""erased"":true,""height"":0.505682,""left"":0.210486,""top"":0.316971,""width"":0.298609}",4.3069057,4.416069,0.10916328,0.013475179,0.012081631,0.030096956,0.02971915,-0.016621777,-0.017637518,-0.0010157414,0.72165128,1.2150374,48.379071,58.782379,False,0.92701495,True,False,False,0.72165128,1.2150374,48.379071,58.782379,0.62089844,1.2622228,38.74382,48.903334,0.92681085,1.125742,28.973279,32.616438,0.72441712,1.478665,7.3562826,10.877477,0.48786028,1.2756131,12.257987,15.636449,0.51880542,1.4918275,13.632929,20.337977,0.55696712,1.3178855,15.688625,20.675812,0.69118111,1.1719156,29.406135,34.461508
init,init,-1,,956,018.Spotted_Catbird/Spotted_Catbird_0016_796803.jpg,18,17,018.Spotted_Catbird,129,128,identity,identity,0,{},5.763206,5.763206,0,0.0031410253,0.0031410253,0.034322821,0.034322821,-0.031181795,-0.031181795,0,1,1,56.98135,56.98135,False,1,True,False,False,1,1,56.98135,56.98135,1,1,47.182424,47.182424,1,1,31.948289,31.948289,1,1,6.1893233,6.1893233,1,1,15.194461,15.194461,1,1,20.501406,20.501406,1,1,20.134646,20.134646,1,1,33.634656,33.634656
init,init,-1,,956,018.Spotted_Catbird/Spotted_Catbird_0016_796803.jpg,18,17,018.Spotted_Catbird,129,128,horizontal_flip,horizontal_flip,0,"{""flipped"":true}",5.763206,5.6435518,-0.11965418,0.0031410253,0.0035402728,0.034322821,0.028573111,-0.031181795,-0.025032838,0.0061489574,0.66395728,0.9948331,56.98135,56.686933,False,0.96189618,True,False,False,0.66395728,0.9948331,56.98135,56.686933,0.5469035,1.0349125,47.182424,48.829681,0.96165779,0.90125598,31.948289,28.793586,0.09026984,1.5972936,6.1893233,9.8861665,0.25944776,1.2452012,15.194461,18.920162,0.52139365,1.0417774,20.501406,21.357901,0.46728701,1.0467851,20.134646,21.076647,0.69844464,0.95336915,33.634656,32.066244
init,init,-1,,956,018.Spotted_Catbird/Spotted_Catbird_0016_796803.jpg,18,17,018.Spotted_Catbird,129,128,color_jitter,color_jitter,0,"{""brightness"":0.649776,""contrast"":1.013893,""hue"":-0.0164,""saturation"":1.198283}",5.763206,5.9847345,0.22152853,0.0031410253,0.0025168818,0.034322821,0.034018286,-0.031181795,-0.031501404,-0.00031960849,0.89535224,1.0197005,56.98135,58.103914,False,0.98871022,True,False,False,0.89535224,1.0197005,56.98135,58.103914,0.85625545,1.0419283,47.182424,49.160702,0.98863027,0.9694544,31.948289,30.972409,0.60324028,1.5978425,6.1893233,9.8895637,0.75355343,1.236089,15.194461,18.781707,0.82960651,0.98573703,20.501406,20.208995,0.82823204,1.0200039,20.134646,20.537418,0.92437895,1.0020926,33.634656,33.705039
init,init,-1,,956,018.Spotted_Catbird/Spotted_Catbird_0016_796803.jpg,18,17,018.Spotted_Catbird,129,128,rotation,rotation,0,"{""angle"":12.335611}",5.763206,6.180768,0.41756201,0.0031410253,0.0020688386,0.034322821,0.028559251,-0.031181795,-0.026490412,0.0046913831,0.67885438,1.0704273,56.98135,60.994396,False,0.94040382,True,False,False,0.67885438,1.0704273,56.98135,60.994396,0.5722203,1.1039299,47.182424,52.086087,0.93996688,0.99344503,31.948289,31.738869,0.18109559,1.2166137,6.1893233,7.5300156,0.38624189,1.3020457,15.194461,19.783882,0.50755893,1.039952,20.501406,21.320479,0.44098475,1.1720603,20.134646,23.599019,0.71409234,1.0525786,33.634656,35.403119
init,init,-1,,956,018.Spotted_Catbird/Spotted_Catbird_0016_796803.jpg,18,17,018.Spotted_Catbird,129,128,random_resized_crop,random_resized_crop,0,"{""area_fraction"":0.795291,""aspect"":0.985035,""fallback"":false,""height"":0.898539,""left"":0.068166,""top"":0.048556,""width"":0.885093}",5.763206,5.6211348,-0.14207125,0.0031410253,0.0036205312,0.034322821,0.034591198,-0.031181795,-0.030970667,0.0002111285,0.79222622,1.0551618,56.98135,60.124544,False,0.96768844,True,False,False,0.79222622,1.0551618,56.98135,60.124544,0.72081927,1.0871231,47.182424,51.293105,0.96757357,0.98184998,31.948289,31.368427,0.49929387,1.2280283,6.1893233,7.6006642,0.65236905,1.2018567,15.194461,18.261566,0.64149631,1.1474276,20.501406,23.523879,0.61555214,1.1180588,20.134646,22.511719,0.8237578,1.0211187,33.634656,34.344976
init,init,-1,,956,018.Spotted_Catbird/Spotted_Catbird_0016_796803.jpg,18,17,018.Spotted_Catbird,129,128,gaussian_blur,gaussian_blur,0,"{""sigma"":1.133587}",5.763206,5.5095119,-0.25369406,0.0031410253,0.0040480839,0.034322821,0.035338033,-0.031181795,-0.031289949,-0.00010815379,0.82417212,1.1620882,56.98135,66.217356,False,0.98677051,True,False,False,0.82417212,1.1620882,56.98135,66.217356,0.76721809,1.2262011,47.182424,57.85514,0.98673138,1.0082096,31.948289,32.210572,0.66294505,2.1849764,6.1893233,13.523526,0.61997334,1.7617696,15.194461,26.76914,0.71150305,1.2204187,20.501406,25.020299,0.75774088,1.1998351,20.134646,24.158254,0.88982758,1.046146,33.634656,35.186759
init,init,-1,,956,018.Spotted_Catbird/Spotted_Catbird_0016_796803.jpg,18,17,018.Spotted_Catbird,129,128,random_erasing,random_erasing,0,"{""area_fraction"":0.150601,""erased"":true,""height"":0.223208,""left"":0.146523,""top"":0.428636,""width"":0.674714}",5.763206,5.7103453,-0.052860737,0.0031410253,0.0033115298,0.034322821,0.0278624,-0.031181795,-0.02455087,0.0066309252,0.62536221,1.0411429,56.98135,59.325728,False,0.88167202,True,False,False,0.62536221,1.0411429,56.98135,59.325728,0.53007114,1.094295,47.182424,51.63149,0.88132609,0.91456167,31.948289,29.218681,0.28043172,1.5292605,6.1893233,9.4650877,0.51818164,1.3468675,15.194461,20.464927,0.44224936,1.1059315,20.501406,22.673151,0.44432853,1.1151372,20.134646,22.452893,0.62304217,1.0034923,33.634656,33.752118
init,init,-1,,11179,190.Red_cockaded_Woodpecker/Red_Cockaded_Woodpecker_0060_182377.jpg,190,189,190.Red_cockaded_Woodpecker,129,128,identity,identity,0,{},5.5132542,5.5132542,0,0.004032963,0.004032963,0.027209336,0.027209336,-0.023176373,-0.023176373,0,1,1,54.008683,54.008683,False,0.99999988,True,False,False,1,1,54.008683,54.008683,1,1,46.389976,46.389976,1,1,27.65697,27.65697,1,1,7.8568401,7.8568401,1,1,16.024816,16.024816,1,1,20.711984,20.711984,1,1,19.785555,19.785555,1,1,31.828458,31.828458
init,init,-1,,11179,190.Red_cockaded_Woodpecker/Red_Cockaded_Woodpecker_0060_182377.jpg,190,189,190.Red_cockaded_Woodpecker,129,128,horizontal_flip,horizontal_flip,0,"{""flipped"":true}",5.5132542,5.7709255,0.25767136,0.004032963,0.003116871,0.027209336,0.023425108,-0.023176373,-0.020308237,0.0028681362,0.6117626,1.3548315,54.008683,73.172665,False,0.93629265,False,False,False,0.6117626,1.3548315,54.008683,73.172665,0.53490404,1.4482904,46.389976,67.186157,0.93612599,1.0480984,27.65697,28.987226,0.5041581,2.0531937,7.8568401,16.131615,0.41267328,1.8802213,16.024816,30.1302,0.54428114,1.636649,20.711984,33.898247,0.44172803,1.4412165,19.785555,28.515267,0.65260575,1.1687105,31.828458,37.198254
init,init,-1,,11179,190.Red_cockaded_Woodpecker/Red_Cockaded_Woodpecker_0060_182377.jpg,190,189,190.Red_cockaded_Woodpecker,129,128,color_jitter,color_jitter,0,"{""brightness"":1.00288,""contrast"":0.645759,""hue"":0.020285,""saturation"":0.777821}",5.5132542,5.3530025,-0.16025162,0.004032963,0.0047339154,0.027209336,0.021136474,-0.023176373,-0.016402558,0.0067738146,0.76552065,1.019058,54.008683,55.037982,False,0.94823474,False,False,False,0.76552065,1.019058,54.008683,55.037982,0.71052628,1.0523743,46.389976,48.819618,0.94810502,0.91886697,27.65697,25.413076,0.56198712,1.0762226,7.8568401,8.4557089,0.67534919,1.2510278,16.024816,20.04749,0.59204011,1.1310878,20.711984,23.427073,0.69227747,1.0753571,19.785555,21.276538,0.80907912,0.94695952,31.828458,30.140262
init,init,-1,,11179,190.Red_cockaded_Woodpecker/Red_Cockaded_Woodpecker_0060_182377.jpg,190,189,190.Red_cockaded_Woodpecker,129,128,rotation,rotation,0,"{""angle"":-3.712897}",5.5132542,5.5290813,0.015827179,0.004032963,0.003969633,0.027209336,0.024641927,-0.023176373,-0.020672294,0.0025040787,0.73806165,1.1062893,54.008683,59.74923,False,0.9483453,False,False,False,0.73806165,1.1062893,54.008683,59.74923,0.66967427,1.1283289,46.389976,52.343152,0.94821982,1.0417838,27.65697,28.812582,0.51189468,1.3249568,7.8568401,10.409973,0.62348375,1.2786093,16.024816,20.489478,0.60553547,1.1878267,20.711984,24.602247,0.56992826,1.1227008,19.785555,22.213259,0.77271433,1.0481329,31.828458,33.360454
init,init,-1,,11179,190.Red_cockaded_Woodpecker/Red_Cockaded_Woodpecker_0060_182377.jpg,190,189,190.Red_cockaded_Woodpecker,129,128,random_resized_crop,random_resized_crop,0,"{""area_fraction"":0.839997,""aspect"":0.890794,""fallback"":false,""height"":0.97107,""left"":0.131266,""top"":0.011668,""width"":0.865023}",5.5132542,5.6448483,0.13159418,0.004032963,0.0035356844,0.027209336,0.015348721,-0.023176373,-0.011813037,0.011363336,0.72039967,1.1412873,54.008683,61.639424,False,0.9105919,False,False,False,0.72039967,1.1412873,54.008683,61.639424,0.67379395,1.2077163,46.389976,56.025932,0.91029977,0.92925791,27.65697,25.700458,0.70152484,1.6268553,7.8568401,12.781942,0.6082824,1.3636011,16.024816,21.851457,0.67665002,1.414087,20.711984,29.288548,0.60333573,1.235167,19.785555,24.438463,0.74478032,1.0146659,31.828458,32.295253
init,init,-1,,11179,190.Red_cockaded_Woodpecker/Red_Cockaded_Woodpecker_0060_182377.jpg,190,189,190.Red_cockaded_Woodpecker,129,128,gaussian_blur,gaussian_blur,0,"{""sigma"":1.811277}",5.5132542,5.4336553,-0.079598904,0.004032963,0.0043671038,0.027209336,0.015075297,-0.023176373,-0.010708193,0.01246818,0.54295951,0.97123403,54.008683,52.455071,False,0.8412137,False,False,False,0.54295951,0.97123403,54.008683,52.455071,0.4428437,0.98458918,46.389976,45.675069,0.84091833,0.93263463,27.65697,25.793848,0.1312178,1.2738818,7.8568401,10.008686,0.33438549,0.99325093,16.024816,15.916663,0.28738354,1.0544089,20.711984,21.8389,0.39938586,1.0806202,19.785555,21.380671,0.60455001,0.88788448,31.828458,28.259994
init,init,-1,,11179,190.Red_cockaded_Woodpecker/Red_Cockaded_Woodpecker_0060_182377.jpg,190,189,190.Red_cockaded_Woodpecker,129,128,random_erasing,random_erasing,0,"{""area_fraction"":0.093645,""erased"":true,""height"":0.228926,""left"":0.401273,""top"":0.645586,""width"":0.409063}",5.5132542,5.4480839,-0.065170288,0.004032963,0.0043045441,0.027209336,0.028380148,-0.023176373,-0.024075604,-0.00089923106,0.85838057,1.0199216,54.008683,55.084624,False,0.9580282,True,False,False,0.85838057,1.0199216,54.008683,55.084624,0.82102151,1.0004313,46.389976,46.409982,0.95791103,1.072859,27.65697,29.67203,0.77709861,0.94847334,7.8568401,7.4520034,0.77924706,0.97990186,16.024816,15.702747,0.83215049,0.96302957,20.711984,19.946253,0.7669091,1.0143066,19.785555,20.068618,0.85057758,1.018643,31.828458,32.421835
init,init,-1,,4184,072.Pomarine_Jaeger/Pomarine_Jaeger_0075_61349.jpg,72,71,072.Pomarine_Jaeger,90,89,identity,identity,0,{},5.3834085,5.3834085,0,0.0045921439,0.0045921439,0.031670053,0.031670053,-0.027077909,-0.027077909,0,1,1,66.212546,66.212546,False,0.99999988,True,False,False,1,1,66.212546,66.212546,1,1,57.169677,57.169677,1,1,33.402534,33.402534,1,1,13.713105,13.713105,1,1,20.514983,20.514983,1,1,22.723447,22.723447,1,1,25.101679,25.101679,1,1,38.897414,38.897414
init,init,-1,,4184,072.Pomarine_Jaeger/Pomarine_Jaeger_0075_61349.jpg,72,71,072.Pomarine_Jaeger,90,89,horizontal_flip,horizontal_flip,0,"{""flipped"":true}",5.3834085,5.7329044,0.34949589,0.0045921439,0.0032376598,0.031670053,0.022394499,-0.027077909,-0.019156839,0.0079210696,0.5831985,0.94101907,66.212546,62.307269,False,0.96393335,False,False,False,0.5831985,0.94101907,66.212546,62.307269,0.46453524,0.96056263,57.169677,54.915055,0.9637268,0.88127813,33.402534,29.436923,-0.17916914,0.9814687,13.713105,13.458984,0.22825709,0.97255667,20.514983,19.951984,0.47670684,1.0055112,22.723447,22.848681,0.3819845,0.95577004,25.101679,23.991433,0.6467588,0.94066482,38.897414,36.589429
init,init,-1,,4184,072.Pomarine_Jaeger/Pomarine_Jaeger_0075_61349.jpg,72,71,072.Pomarine_Jaeger,90,89,color_jitter,color_jitter,0,"{""brightness"":0.878992,""contrast"":1.254021,""hue"":-0.035923,""saturation"":1.322681}",5.3834085,5.3576651,-0.025743484,0.0045921439,0.0047118939,0.031670053,0.030355915,-0.027077909,-0.025644022,0.0014338871,0.73599476,1.0772085,66.212546,71.324715,False,0.94016618,False,False,False,0.73599476,1.0772085,66.212546,71.324715,0.67231992,1.0981209,57.169677,62.779216,0.93990273,1.013468,33.402534,33.852401,0.19154888,1.0241715,13.713105,14.044572,0.5647308,1.2762461,20.514983,26.182168,0.64712577,1.1591648,22.723447,26.340219,0.64768537,1.0778209,25.101679,27.055114,0.79250359,1.0387973,38.897414,40.40653
init,init,-1,,4184,072.Pomarine_Jaeger/Pomarine_Jaeger_0075_61349.jpg,72,71,072.Pomarine_Jaeger,90,89,rotation,rotation,0,"{""angle"":-5.6273}",5.3834085,5.9456902,0.56228161,0.0045921439,0.0026170956,0.031670053,0.027659556,-0.027077909,-0.02504246,0.0020354483,0.69000587,1.0449708,66.212546,69.190177,False,0.93543875,True,False,False,0.69000587,1.0449708,66.212546,69.190177,0.61003974,1.0563393,57.169677,60.390575,0.9352788,1.0109329,33.402534,33.767722,0.47046469,1.3878835,13.713105,19.032193,0.54027794,1.2583006,20.514983,25.814017,0.52897402,0.96519947,22.723447,21.932659,0.5263672,1.0130519,25.101679,25.429303,0.73086697,0.99261453,38.897414,38.610139
init,init,-1,,4184,072.Pomarine_Jaeger/Pomarine_Jaeger_0075_61349.jpg,72,71,072.Pomarine_Jaeger,90,89,random_resized_crop,random_resized_crop,0,"{""area_fraction"":0.715197,""aspect"":1.265809,""fallback"":false,""height"":0.751672,""left"":0.039362,""top"":0.022234,""width"":0.951474}",5.3834085,5.2551122,-0.12829638,0.0045921439,0.005220762,0.031670053,0.020679673,-0.027077909,-0.015458911,0.011618997,0.68878023,1.0049103,66.212546,66.53767,False,0.92071176,False,False,False,0.68878023,1.0049103,66.212546,66.53767,0.61177663,1.0113964,57.169677,57.821204,0.92041184,0.98566468,33.402534,32.923698,0.12739642,1.3208898,13.713105,18.113501,0.56248798,1.1106373,20.514983,22.784706,0.65839367,1.0177196,22.723447,23.126097,0.5694322,0.9483393,25.101679,23.804909,0.71699079,0.96005882,38.897414,37.343806
init,init,-1,,4184,072.Pomarine_Jaeger/Pomarine_Jaeger_0075_61349.jpg,72,71,072.Pomarine_Jaeger,90,89,gaussian_blur,gaussian_blur,0,"{""sigma"":1.239142}",5.3834085,5.462852,0.079443455,0.0045921439,0.0042414418,0.031670053,0.022470351,-0.027077909,-0.018228909,0.0088489992,0.67685045,1.0147462,66.212546,67.188927,False,0.90670919,False,False,False,0.67685045,1.0147462,66.212546,67.188927,0.59604144,1.0062545,57.169677,57.527242,0.90631958,1.0392222,33.402534,34.712653,0.42590122,1.0479571,13.713105,14.370746,0.54353992,0.98663739,20.514983,20.24085,0.62004814,1.0663086,22.723447,24.230206,0.49485256,1.0246418,25.101679,25.720229,0.66948791,0.97711141,38.897414,38.007107
init,init,-1,,4184,072.Pomarine_Jaeger/Pomarine_Jaeger_0075_61349.jpg,72,71,072.Pomarine_Jaeger,90,89,random_erasing,random_erasing,0,"{""area_fraction"":0.06879,""erased"":true,""height"":0.292988,""left"":0.394767,""top"":0.353976,""width"":0.234787}",5.3834085,5.5480723,0.16466379,0.0045921439,0.0038949579,0.031670053,0.027637759,-0.027077909,-0.023742801,0.0033351074,0.75625703,1.0245091,66.212546,67.835356,False,0.93454802,False,False,False,0.75625703,1.0245091,66.212546,67.835356,0.69815276,1.0351898,57.169677,59.181469,0.93427946,0.99256009,33.402534,33.154022,0.75272973,1.1704624,13.713105,16.050674,0.61232062,1.0361688,20.514983,21.256985,0.73866179,1.2079496,22.723447,27.448778,0.61619275,0.93269661,25.101679,23.412251,0.73664553,0.99283126,38.897414,38.618569
init,init,-1,,881,016.Painted_Bunting/Painted_Bunting_0086_16540.jpg,16,15,016.Painted_Bunting,4,3,identity,identity,0,{},5.4521208,5.4521208,0,0.0042872033,0.0042872033,0.018567296,0.018567296,-0.014280092,-0.014280092,0,1,1,39.916883,39.916883,False,1,True,False,False,1,1,39.916883,39.916883,1,1,33.044175,33.044175,1,1,22.392858,22.392858,1,1,5.2250934,5.2250934,1,1,9.2632806,9.2632806,1,1,13.664117,13.664117,1,1,13.738318,13.738318,1,1,24.563347,24.563347
init,init,-1,,881,016.Painted_Bunting/Painted_Bunting_0086_16540.jpg,16,15,016.Painted_Bunting,4,3,horizontal_flip,horizontal_flip,0,"{""flipped"":true}",5.4521208,5.6161509,0.16403008,0.0042872033,0.00363862,0.018567296,0.01840448,-0.014280092,-0.01476586,-0.00048576761,0.6719039,1.0648806,39.916883,42.506713,False,0.95353818,False,False,False,0.6719039,1.0648806,39.916883,42.506713,0.5433461,1.0668419,33.044175,35.252908,0.95350286,1.0605972,22.392858,23.749802,0.2727717,0.76887233,5.2250934,4.0174298,0.33003566,1.0038607,9.2632806,9.2990433,0.61952233,1.0370837,13.664117,14.170834,0.41644575,1.0602196,13.738318,14.565635,0.59708147,1.0978298,24.563347,26.966375
init,init,-1,,881,016.Painted_Bunting/Painted_Bunting_0086_16540.jpg,16,15,016.Painted_Bunting,4,3,color_jitter,color_jitter,0,"{""brightness"":1.344469,""contrast"":0.683746,""hue"":0.092923,""saturation"":1.342968}",5.4521208,5.4859157,0.03379488,0.0042872033,0.0041447394,0.018567296,0.015132596,-0.014280092,-0.010987856,0.003292236,0.75630196,1.0319502,39.916883,41.192234,False,0.9440372,False,False,False,0.75630196,1.0319502,39.916883,41.192234,0.67090781,1.0349708,33.044175,34.199755,0.9440221,1.0253418,22.392858,22.960333,0.32209906,0.9571325,5.2250934,5.0011067,0.40233968,1.1801428,9.2632806,10.931994,0.68528457,1.0883385,13.664117,14.871185,0.59987901,1.0123098,13.738318,13.907434,0.74994391,1.0059298,24.563347,24.709002
init,init,-1,,881,016.Painted_Bunting/Painted_Bunting_0086_16540.jpg,16,15,016.Painted_Bunting,4,3,rotation,rotation,0,"{""angle"":-12.28768}",5.4521208,5.4983506,0.046229839,0.0042872033,0.0040935185,0.018567296,0.016404117,-0.014280092,-0.012310598,0.0019694944,0.69805385,1.0289918,39.916883,41.074144,False,0.92968154,False,False,False,0.69805385,1.0289918,39.916883,41.074144,0.59046632,1.0252493,33.044175,33.878516,0.92968814,1.0370945,22.392858,23.223509,0.52319701,1.0299324,5.2250934,5.3814932,0.40925047,1.1603159,9.2632806,10.748332,0.61138471,1.1297804,13.664117,15.437452,0.49284914,1.0006649,13.738318,13.747452,0.65057429,0.97703111,24.563347,23.999154
init,init,-1,,881,016.Painted_Bunting/Painted_Bunting_0086_16540.jpg,16,15,016.Painted_Bunting,4,3,random_resized_crop,random_resized_crop,0,"{""area_fraction"":0.651155,""aspect"":0.993842,""fallback"":false,""height"":0.809438,""left"":0.129139,""top"":0.131749,""width"":0.804454}",5.4521208,5.6976604,0.24553967,0.0042872033,0.003353803,0.018567296,0.014960987,-0.014280092,-0.011607185,0.0026729079,0.71388884,1.1567362,39.916883,46.173303,False,0.95730507,False,False,False,0.71388884,1.1567362,39.916883,46.173303,0.60964721,1.1797206,33.044175,38.982892,0.95729126,1.1050336,22.392858,24.74486,0.53911041,1.8383656,5.2250934,9.6056317,0.39422209,1.4610532,9.2632806,13.534145,0.58045892,1.1595517,13.664117,15.84425,0.52856872,1.1692223,13.738318,16.063148,0.70048393,1.1038328,24.563347,27.113828
init,init,-1,,881,016.Painted_Bunting/Painted_Bunting_0086_16540.jpg,16,15,016.Painted_Bunting,4,3,gaussian_blur,gaussian_blur,0,"{""sigma"":1.336476}",5.4521208,5.3609009,-0.091219902,0.0042872033,0.0046966728,0.018567296,0.017308479,-0.014280092,-0.012611806,0.001668286,0.75476403,1.2238602,39.916883,48.852686,False,0.94963557,False,False,False,0.75476403,1.2238602,39.916883,48.852686,0.66948329,1.2408205,33.044175,41.001888,0.94957108,1.1860896,22.392858,26.559935,0.53944842,1.148487,5.2250934,6.0009519,0.5359126,1.4690111,9.2632806,13.607862,0.68481864,1.4354219,13.664117,19.613773,0.58892027,1.2195418,13.738318,16.754453,0.72720034,1.1475594,24.563347,28.187899
init,init,-1,,881,016.Painted_Bunting/Painted_Bunting_0086_16540.jpg,16,15,016.Painted_Bunting,4,3,random_erasing,random_erasing,0,"{""area_fraction"":0.145185,""erased"":true,""height"":0.221506,""left"":0.290515,""top"":0.773309,""width"":0.655446}",5.4521208,5.4737825,0.021661758,0.0042872033,0.0041953325,0.018567296,0.016933892,-0.014280092,-0.012738559,0.001541533,0.88731988,1.0243948,39.916883,40.890649,False,0.97172546,True,False,False,0.88731988,1.0243948,39.916883,40.890649,0.85049321,1.0382925,33.044175,34.309518,0.97173179,0.99345941,22.392858,22.246395,0.92131063,1.0378406,5.2250934,5.422814,0.81358333,1.1255804,9.2632806,10.426567,0.83287861,1.0921535,13.664117,14.923313,0.81942396,1.0395219,13.738318,14.281283,0.87018746,1.0074344,24.563347,24.74596
init,init,-1,,2199,039.Least_Flycatcher/Least_Flycatcher_0049_30361.jpg,39,38,039.Least_Flycatcher,129,128,identity,identity,0,{},5.0256996,5.0256996,0,0.006566992,0.006566992,0.033056118,0.033056118,-0.026489126,-0.026489126,0,1,1,43.636703,43.636703,False,1,True,False,False,1,1,43.636703,43.636703,1,1,35.668231,35.668231,1,1,25.1384,25.1384,1,1,9.7902804,9.7902804,1,1,13.446407,13.446407,1,1,13.066293,13.066293,1,1,15.163586,15.163586,1,1,24.390672,24.390672
init,init,-1,,2199,039.Least_Flycatcher/Least_Flycatcher_0049_30361.jpg,39,38,039.Least_Flycatcher,129,128,horizontal_flip,horizontal_flip,0,"{""flipped"":true}",5.0256996,5.00633,-0.019369602,0.006566992,0.0066954307,0.033056118,0.03558106,-0.026489126,-0.028885629,-0.0023965035,0.70685367,0.97507415,43.636703,42.549021,False,0.97343498,True,False,False,0.70685367,0.97507415,43.636703,42.549021,0.55445932,0.91802952,35.668231,32.744489,0.97339153,1.080823,25.1384,27.170161,0.61363891,0.82416406,9.7902804,8.0687973,0.40286758,0.73577984,13.446407,9.8935952,0.48154499,0.89070736,13.066293,11.638244,0.43682215,0.88216393,15.163586,13.376769,0.64497193,0.99993386,24.390672,24.389059
init,init,-1,,2199,039.Least_Flycatcher/Least_Flycatcher_0049_30361.jpg,39,38,039.Least_Flycatcher,129,128,color_jitter,color_jitter,0,"{""brightness"":1.081852,""contrast"":1.142514,""hue"":0.032865,""saturation"":0.817336}",5.0256996,5.0161119,-0.0095877647,0.006566992,0.0066302554,0.033056118,0.034443986,-0.026489126,-0.02781373,-0.0013246047,0.92859706,1.0285638,43.636703,44.883132,False,0.99244362,True,False,False,0.92859706,1.0285638,43.636703,44.883132,0.89623881,1.0206742,35.668231,36.405643,0.99242984,1.0442664,25.1384,26.251185,0.90122112,1.0565768,9.7902804,10.344183,0.82867103,0.99122975,13.446407,13.328479,0.85441522,1.0309063,13.066293,13.470123,0.88564867,1.034508,15.163586,15.686852,0.93207269,1.0152591,24.390672,24.762852
init,init,-1,,2199,039.Least_Flycatcher/Least_Flycatcher_0049_30361.jpg,39,38,039.Least_Flycatcher,129,128,rotation,rotation,0,"{""angle"":-12.689207}",5.0256996,5.1861863,0.1604867,0.006566992,0.0055932966,0.033056118,0.03451138,-0.026489126,-0.028918083,-0.0024289577,0.68155776,1.0745289,43.636703,46.888899,False,0.95034909,True,False,False,0.68155776,1.0745289,43.636703,46.888899,0.54944321,1.0780846,35.668231,38.453371,0.95023316,1.0673346,25.1384,26.831085,0.049526977,0.8342483,9.7902804,8.1675248,0.35681206,0.95696524,13.446407,12.867744,0.48276432,1.175792,13.066293,15.363243,0.53578468,1.1245672,15.163586,17.052472,0.69152965,1.0997887,24.390672,26.824586
init,init,-1,,2199,039.Least_Flycatcher/Least_Flycatcher_0049_30361.jpg,39,38,039.Least_Flycatcher,129,128,random_resized_crop,random_resized_crop,0,"{""area_fraction"":0.681325,""aspect"":1.0758,""fallback"":false,""height"":0.795814,""left"":0.08712,""top"":0.188744,""width"":0.856136}",5.0256996,5.165462,0.1397624,0.006566992,0.0057104239,0.033056118,0.039738625,-0.026489126,-0.034028201,-0.0075390758,0.76723977,1.0986189,43.636703,47.940108,False,0.9715032,True,False,False,0.76723977,1.0986189,43.636703,47.940108,0.66178069,1.083281,35.668231,38.638719,0.97140669,1.1288653,25.1384,28.377868,0.64487185,0.77914278,9.7902804,7.6280263,0.51150937,0.97555715,13.446407,13.117739,0.59958131,1.3126591,13.066293,17.151589,0.617349,1.132281,15.163586,17.169441,0.75592794,1.0641837,24.390672,25.956156
init,init,-1,,2199,039.Least_Flycatcher/Least_Flycatcher_0049_30361.jpg,39,38,039.Least_Flycatcher,129,128,gaussian_blur,gaussian_blur,0,"{""sigma"":1.660073}",5.0256996,5.786356,0.76065636,0.006566992,0.0030691456,0.033056118,0.038242154,-0.026489126,-0.035173008,-0.0086838827,0.63105615,1.2958641,43.636703,56.547237,False,0.91536653,True,False,False,0.63105615,1.2958641,43.636703,56.547237,0.50470591,1.337596,35.668231,47.709683,0.91511693,1.2074825,25.1384,30.354178,0.67977267,1.4709311,9.7902804,14.400828,0.33192462,1.3103326,13.446407,17.619266,0.34612497,1.6133629,13.066293,21.080673,0.44158392,1.3213813,15.163586,20.03688,0.61738492,1.2385042,24.390672,30.207949
init,init,-1,,2199,039.Least_Flycatcher/Least_Flycatcher_0049_30361.jpg,39,38,039.Least_Flycatcher,129,128,random_erasing,random_erasing,0,"{""area_fraction"":0.113396,""erased"":true,""height"":0.495414,""left"":0.598594,""top"":0.288368,""width"":0.228891}",5.0256996,5.1407156,0.11501598,0.006566992,0.0058535002,0.033056118,0.043982357,-0.026489126,-0.038128857,-0.011639731,0.82740246,1.1399121,43.636703,49.742004,False,0.96930641,True,False,False,0.82740246,1.1399121,43.636703,49.742004,0.75798478,1.1451089,35.668231,40.84401,0.96915427,1.1293772,25.1384,28.390735,0.87424332,0.99114415,9.7902804,9.7035792,0.73495692,1.0941612,13.446407,14.712536,0.64024622,1.2852547,13.066293,16.793515,0.71842184,1.194072,15.163586,18.106414,0.80674511,1.1211265,24.390672,27.345029
init,init,-1,,4531,078.Gray_Kingbird/Gray_Kingbird_0037_70050.jpg,78,77,078.Gray_Kingbird,129,128,identity,identity,0,{},6.6057472,6.6057472,0,0.0013525723,0.0013525723,0.026309306,0.026309306,-0.024956733,-0.024956733,0,1,1,49.114749,49.114749,False,1,True,False,False,1,1,49.114749,49.114749,1,1,41.611481,41.611481,1,1,26.091056,26.091056,1,1,9.5238703,9.5238703,1,1,14.845403,14.845403,1,1,16.320123,16.320123,1,1,19.003658,19.003658,1,1,28.159188,28.159188
init,init,-1,,4531,078.Gray_Kingbird/Gray_Kingbird_0037_70050.jpg,78,77,078.Gray_Kingbird,129,128,horizontal_flip,horizontal_flip,0,"{""flipped"":true}",6.6057472,6.2272778,-0.37846947,0.0013525723,0.0019748211,0.026309306,0.020359647,-0.024956733,-0.018384825,0.006571908,0.6499726,1.0144217,49.114749,49.823067,False,0.96769261,True,False,False,0.6499726,1.0144217,49.114749,49.823067,0.52579448,1.0160454,41.611481,42.279156,0.967638,1.0102799,26.091056,26.359268,-0.31783419,0.79639596,9.5238703,7.5847718,0.4480678,1.1001898,14.845403,16.33276,0.4598065,1.0610694,16.320123,17.316782,0.49423753,1.0030885,19.003658,19.062351,0.66589762,1.0044389,28.159188,28.284183
init,init,-1,,4531,078.Gray_Kingbird/Gray_Kingbird_0037_70050.jpg,78,77,078.Gray_Kingbird,129,128,color_jitter,color_jitter,0,"{""brightness"":0.855864,""contrast"":1.238648,""hue"":0.041369,""saturation"":0.616595}",6.6057472,6.6655598,0.059812546,0.0013525723,0.0012740429,0.026309306,0.029121155,-0.024956733,-0.027847112,-0.0028903786,0.89150953,1.0050919,49.114749,49.364834,False,0.98778713,True,False,False,0.89150953,1.0050919,49.114749,49.364834,0.85263792,0.99651916,41.611481,41.466638,0.98776747,1.0265745,26.091056,26.784413,0.8200541,0.63493586,9.5238703,6.0470468,0.80802556,0.98871756,14.845403,14.67791,0.79844075,0.99159638,16.320123,16.182975,0.83106813,1.0090646,19.003658,19.175919,0.9007462,1.0279408,28.159188,28.945979
init,init,-1,,4531,078.Gray_Kingbird/Gray_Kingbird_0037_70050.jpg,78,77,078.Gray_Kingbird,129,128,rotation,rotation,0,"{""angle"":-8.470536}",6.6057472,6.7388778,0.13313055,0.0013525723,0.0011839751,0.026309306,0.022224745,-0.024956733,-0.02104077,0.0039159638,0.70818979,0.9675084,49.114749,47.518932,False,0.9484483,True,False,False,0.70818979,0.9675084,49.114749,47.518932,0.60152258,0.92528273,41.611481,38.502385,0.94835578,1.0674106,26.091056,27.84987,0.21153831,0.60940054,9.5238703,5.8038516,0.48116641,0.80105915,14.845403,11.892046,0.52380571,0.8461915,16.320123,13.809949,0.54331574,0.90132578,19.003658,17.128487,0.70819221,1.0189199,28.159188,28.691958
init,init,-1,,4531,078.Gray_Kingbird/Gray_Kingbird_0037_70050.jpg,78,77,078.Gray_Kingbird,129,128,random_resized_crop,random_resized_crop,0,"{""area_fraction"":0.735615,""aspect"":1.039745,""fallback"":false,""height"":0.841128,""left"":0.08145,""top"":0.158179,""width"":0.874559}",6.6057472,6.543457,-0.062290192,0.0013525723,0.0014395036,0.026309306,0.02695372,-0.024956733,-0.025514216,-0.00055748248,0.73752138,0.89963576,49.114749,44.185385,False,0.96050668,True,False,False,0.73752138,0.89963576,49.114749,44.185385,0.64046489,0.86765569,41.611481,36.104438,0.96048373,0.97626946,26.091056,25.471901,0.70939987,0.65780919,9.5238703,6.2648893,0.45761158,0.81057726,14.845403,12.033346,0.48945369,0.81619959,16.320123,13.320477,0.58614531,0.82766718,19.003658,15.728704,0.7498672,0.93597408,28.159188,26.35627
init,init,-1,,4531,078.Gray_Kingbird/Gray_Kingbird_0037_70050.jpg,78,77,078.Gray_Kingbird,129,128,gaussian_blur,gaussian_blur,0,"{""sigma"":1.8439}",6.6057472,6.7624812,0.15673399,0.0013525723,0.0011563564,0.026309306,0.030542413,-0.024956733,-0.029386056,-0.0044293229,0.55647243,1.1903444,49.114749,58.463467,False,0.91433525,True,False,False,0.55647243,1.1903444,49.114749,58.463467,0.44288666,1.2477787,41.611481,51.921919,0.9142432,1.0299222,26.091056,26.871758,0.069948451,1.0393615,9.5238703,9.8987442,0.069921758,1.1193435,14.845403,16.617104,0.23378913,1.5911193,16.320123,25.967263,0.47016658,1.3210731,19.003658,25.105221,0.67881829,1.1326177,28.159188,31.893596
init,init,-1,,4531,078.Gray_Kingbird/Gray_Kingbird_0037_70050.jpg,78,77,078.Gray_Kingbird,129,128,random_erasing,random_erasing,0,"{""area_fraction"":0.101067,""erased"":true,""height"":0.536581,""left"":0.148791,""top"":0.41282,""width"":0.188354}",6.6057472,6.9366579,0.33091068,0.0013525723,0.0009715113,0.026309306,0.022745067,-0.024956733,-0.021773556,0.0031831775,0.74516846,1.2795427,49.114749,62.844416,False,0.94549996,True,False,False,0.74516846,1.2795427,49.114749,62.844416,0.67662222,1.3194353,41.611481,54.903656,0.94533948,1.1719695,26.091056,30.577921,0.18641938,0.9726056,9.5238703,9.2629695,0.59554794,1.2223019,14.845403,18.145564,0.61181423,1.5036803,16.320123,24.540247,0.6938025,1.3819737,19.003658,26.262554,0.76376971,1.2840573,28.159188,36.158012
init,init,-1,,782,015.Lazuli_Bunting/Lazuli_Bunting_0102_14605.jpg,15,14,015.Lazuli_Bunting,129,128,identity,identity,0,{},5.9487257,5.9487257,0,0.0026091633,0.0026091633,0.021578405,0.021578405,-0.018969242,-0.018969242,0,1,1,39.85669,39.85669,False,1,True,False,False,1,1,39.85669,39.85669,1,1,31.415428,31.415428,1,1,24.528078,24.528078,1,1,4.2094244,4.2094244,1,1,9.9776988,9.9776988,1,1,12.817044,12.817044,1,1,13.169536,13.169536,1,1,23.06387,23.06387
init,init,-1,,782,015.Lazuli_Bunting/Lazuli_Bunting_0102_14605.jpg,15,14,015.Lazuli_Bunting,129,128,horizontal_flip,horizontal_flip,0,"{""flipped"":true}",5.9487257,5.8692169,-0.079508781,0.0026091633,0.0028250848,0.021578405,0.022613905,-0.018969242,-0.019788821,-0.00081957877,0.7299293,1.1001059,39.85669,43.84658,False,0.97530395,False,False,False,0.7299293,1.1001059,39.85669,43.84658,0.57184432,1.0750692,31.415428,33.773759,0.97525181,1.1399868,24.528078,27.961685,0.4434429,1.3377236,4.2094244,5.6310465,0.31799159,1.0748289,9.9776988,10.724319,0.51699334,1.0989289,12.817044,14.08502,0.43416816,1.0475898,13.169536,13.796272,0.68731525,1.0666581,23.06387,24.601264
init,init,-1,,782,015.Lazuli_Bunting/Lazuli_Bunting_0102_14605.jpg,15,14,015.Lazuli_Bunting,129,128,color_jitter,color_jitter,0,"{""brightness"":0.915665,""contrast"":1.368227,""hue"":0.002614,""saturation"":0.711481}",5.9487257,5.9183693,-0.030356407,0.0026091633,0.0026895828,0.021578405,0.019663977,-0.018969242,-0.016974394,0.001994848,0.93107786,1.0290659,39.85669,41.01516,False,0.99433357,False,False,False,0.93107786,1.0290659,39.85669,41.01516,0.89293673,1.0330427,31.415428,32.453477,0.99432096,1.0225088,24.528078,25.080175,0.89013264,1.5540877,4.2094244,6.5418145,0.80348699,1.0481088,9.9776988,10.457714,0.86942844,1.0379128,12.817044,13.302975,0.85676134,1.0012289,13.169536,13.18572,0.93346459,1.0170507,23.06387,23.457125
init,init,-1,,782,015.Lazuli_Bunting/Lazuli_Bunting_0102_14605.jpg,15,14,015.Lazuli_Bunting,129,128,rotation,rotation,0,"{""angle"":-8.015346}",5.9487257,6.1160059,0.1672802,0.0026091633,0.002207255,0.021578405,0.027449818,-0.018969242,-0.025242563,-0.0062733216,0.76237644,1.0483397,39.85669,41.783351,False,0.96119732,True,False,False,0.76237644,1.0483397,39.85669,41.783351,0.63736741,1.03518,31.415428,32.520624,0.96110063,1.0695767,24.528078,26.23466,0.24698159,1.3018956,4.2094244,5.4802309,0.45491896,1.1066528,9.9776988,11.041848,0.49965133,0.935524,12.817044,11.990652,0.51322172,0.99197255,13.169536,13.063818,0.76724874,1.0542261,23.06387,24.314534
init,init,-1,,782,015.Lazuli_Bunting/Lazuli_Bunting_0102_14605.jpg,15,14,015.Lazuli_Bunting,129,128,random_resized_crop,random_resized_crop,0,"{""area_fraction"":0.661815,""aspect"":0.839069,""fallback"":false,""height"":0.888115,""left"":0.163624,""top"":0.088331,""width"":0.74519}",5.9487257,6.0426326,0.093906879,0.0026091633,0.0023752977,0.021578405,0.030719982,-0.018969242,-0.028344685,-0.009375443,0.75585183,1.0946898,39.85669,43.630712,False,0.95746994,True,False,False,0.75585183,1.0946898,39.85669,43.630712,0.63013515,1.0846056,31.415428,34.073349,0.95731102,1.111034,24.528078,27.25153,0.0060650717,1.2925965,4.2094244,5.4410874,0.42969841,1.0305542,9.9776988,10.28256,0.64495532,1.0886253,12.817044,13.952958,0.52569785,1.0819543,13.169536,14.248835,0.72030495,1.0864949,23.06387,25.058778
init,init,-1,,782,015.Lazuli_Bunting/Lazuli_Bunting_0102_14605.jpg,15,14,015.Lazuli_Bunting,129,128,gaussian_blur,gaussian_blur,0,"{""sigma"":1.356664}",5.9487257,6.0329108,0.084185123,0.0026091633,0.0023985021,0.021578405,0.038076788,-0.018969242,-0.035678286,-0.016709044,0.68276104,1.1555678,39.85669,46.057107,False,0.91695106,True,False,False,0.68276104,1.1555678,39.85669,46.057107,0.55070728,1.1860025,31.415428,37.258776,0.91663695,1.1038257,24.528078,27.074724,0.28211779,1.654491,4.2094244,6.9644546,0.15308252,1.2176161,9.9776988,12.149007,0.54307136,1.1967998,12.817044,15.339436,0.4934228,1.2368077,13.169536,16.288183,0.66803088,1.1401643,23.06387,26.296601
init,init,-1,,782,015.Lazuli_Bunting/Lazuli_Bunting_0102_14605.jpg,15,14,015.Lazuli_Bunting,129,128,random_erasing,random_erasing,0,"{""area_fraction"":0.161227,""erased"":true,""height"":0.484442,""left"":0.141327,""top"":0.118094,""width"":0.332811}",5.9487257,5.7885771,-0.16014862,0.0026091633,0.0030623365,0.021578405,0.036896043,-0.018969242,-0.033833706,-0.014864464,0.66341665,1.4001144,39.85669,55.803928,False,0.88476944,False,False,False,0.66341665,1.4001144,39.85669,55.803928,0.53662298,1.4289311,31.415428,44.890481,0.88398087,1.3515126,24.528078,33.150008,0.15939556,1.4894319,4.2094244,6.269651,0.41928135,1.4937664,9.9776988,14.904351,0.51382532,1.4257967,12.817044,18.2745,0.49085259,1.468593,13.169536,19.340688,0.59644704,1.402067,23.06387,32.337092
init,init,-1,,3068,053.Western_Grebe/Western_Grebe_0007_36074.jpg,53,52,053.Western_Grebe,8,7,identity,identity,0,{},5.3219042,5.3219042,0,0.0048834444,0.0048834444,0.033176355,0.033176355,-0.028292911,-0.028292911,0,1,1,53.963995,53.963995,False,0.99999994,True,False,False,1,1,53.963995,53.963995,1,1,41.489934,41.489934,1,1,34.506495,34.506495,1,1,5.7753885,5.7753885,1,1,14.136868,14.136868,1,1,17.096167,17.096167,1,1,17.887541,17.887541,1,1,29.596713,29.596713
init,init,-1,,3068,053.Western_Grebe/Western_Grebe_0007_36074.jpg,53,52,053.Western_Grebe,8,7,horizontal_flip,horizontal_flip,0,"{""flipped"":true}",5.3219042,5.4552679,0.13336372,0.0048834444,0.0042737313,0.033176355,0.027497288,-0.028292911,-0.023223557,0.0050693541,0.71901912,1.0264579,53.963995,55.39177,False,0.97520792,False,False,False,0.71901912,1.0264579,53.963995,55.39177,0.56299684,1.0726123,41.489934,44.502613,0.97510875,0.95579952,34.506495,32.981291,0.40947491,0.99038788,5.7753885,5.7198748,0.27181724,1.1308945,14.136868,15.987306,0.44723626,1.1527995,17.096167,19.708452,0.49534804,1.0741171,17.887541,19.213313,0.71134647,1.0329249,29.596713,30.571182
init,init,-1,,3068,053.Western_Grebe/Western_Grebe_0007_36074.jpg,53,52,053.Western_Grebe,8,7,color_jitter,color_jitter,0,"{""brightness"":1.314602,""contrast"":1.051328,""hue"":-0.062143,""saturation"":0.601164}",5.3219042,5.332077,0.010172844,0.0048834444,0.0048340196,0.033176355,0.030889161,-0.028292911,-0.026055141,0.0022377693,0.85800261,1.0162568,53.963995,54.84128,False,0.97502863,False,False,False,0.85800261,1.0162568,53.963995,54.84128,0.7821788,1.039386,41.489934,43.124056,0.97488682,0.98185585,34.506495,33.880404,0.52019918,1.201444,5.7753885,6.938806,0.61597515,1.0201235,14.136868,14.42135,0.78306855,1.0835651,17.096167,18.52481,0.73657061,1.0244076,17.887541,18.324132,0.84851145,1.0273964,29.596713,30.407556
init,init,-1,,3068,053.Western_Grebe/Western_Grebe_0007_36074.jpg,53,52,053.Western_Grebe,8,7,rotation,rotation,0,"{""angle"":4.8813}",5.3219042,5.3735008,0.051596642,0.0048834444,0.0046378667,0.033176355,0.031045536,-0.028292911,-0.026407669,0.0018852418,0.75185321,1.012826,53.963995,54.656139,False,0.95488346,True,False,False,0.75185321,1.012826,53.963995,54.656139,0.64316921,1.090385,41.489934,45.240003,0.95466844,0.88881194,34.506495,30.669785,0.59056286,1.7707585,5.7753885,10.226819,0.61952675,1.1698915,14.136868,16.538602,0.55918244,1.0871773,17.096167,18.586565,0.5514121,1.0990806,17.887541,19.659849,0.7241457,1.0340171,29.596713,30.603507
init,init,-1,,3068,053.Western_Grebe/Western_Grebe_0007_36074.jpg,53,52,053.Western_Grebe,8,7,random_resized_crop,random_resized_crop,0,"{""area_fraction"":0.830422,""aspect"":0.906255,""fallback"":false,""height"":0.957248,""left"":0.073564,""top"":0.032015,""width"":0.86751}",5.3219042,5.6411533,0.31924915,0.0048834444,0.0035487737,0.033176355,0.035677277,-0.028292911,-0.032128503,-0.0038355922,0.77392338,1.055464,53.963995,56.957054,False,0.96224469,True,False,False,0.77392338,1.055464,53.963995,56.957054,0.66959097,1.1269619,41.489934,46.757573,0.96210152,0.94255821,34.506495,32.52438,0.48471562,1.7799257,5.7753885,10.279762,0.41679912,1.1041702,14.136868,15.609508,0.61474129,1.2845582,17.096167,21.961022,0.64811807,1.1658242,17.887541,20.853727,0.78616765,1.0247019,29.596713,30.327808
init,init,-1,,3068,053.Western_Grebe/Western_Grebe_0007_36074.jpg,53,52,053.Western_Grebe,8,7,gaussian_blur,gaussian_blur,0,"{""sigma"":1.716247}",5.3219042,5.5794573,0.2575531,0.0048834444,0.0037746143,0.033176355,0.043306522,-0.028292911,-0.039531908,-0.011238997,0.66005536,1.0578996,53.963995,57.08849,False,0.89674103,True,False,False,0.66005536,1.0578996,53.963995,57.08849,0.55514489,1.181941,41.489934,49.038655,0.89625996,0.84704387,34.506495,29.228515,-0.081468009,1.5264052,5.7753885,8.8155833,0.46901255,1.393157,14.136868,19.694876,0.45945731,1.3464998,17.096167,23.019985,0.51672673,1.1924907,17.887541,21.330726,0.68369411,1.0437382,29.596713,30.891219
init,init,-1,,3068,053.Western_Grebe/Western_Grebe_0007_36074.jpg,53,52,053.Western_Grebe,8,7,random_erasing,random_erasing,0,"{""area_fraction"":0.068597,""erased"":true,""height"":0.217862,""left"":0.296,""top"":0.007416,""width"":0.314865}",5.3219042,5.1409063,-0.18099785,0.0048834444,0.0058523826,0.033176355,0.031252287,-0.028292911,-0.025399905,0.002893006,0.96028309,1.0246362,53.963995,55.293463,False,0.99539334,True,False,False,0.96028309,1.0246362,53.963995,55.293463,0.9370811,1.039069,41.489934,43.110902,0.99537011,1.0034035,34.506495,34.623939,0.88239297,1.1413889,5.7753885,6.5919642,0.90071855,1.071938,14.136868,15.153846,0.92603621,1.1036112,17.096167,18.867521,0.92420717,0.99236478,17.887541,17.750965,0.95804301,1.0216899,29.596713,30.238663
init,init,-1,,1464,027.Shiny_Cowbird/Shiny_Cowbird_0019_24323.jpg,27,26,027.Shiny_Cowbird,129,128,identity,identity,0,{},6.1092343,6.1092343,0,0.0022222518,0.0022222518,0.039057195,0.039057195,-0.036834943,-0.036834943,0,1,1,70.450274,70.450274,False,1,True,False,False,1,1,70.450274,70.450274,1,1,63.398884,63.398884,1,1,30.721695,30.721695,1,1,12.89999,12.89999,1,1,25.171742,25.171742,1,1,30.705396,30.705396,1,1,27.674927,27.674927,1,1,38.867329,38.867329
init,init,-1,,1464,027.Shiny_Cowbird/Shiny_Cowbird_0019_24323.jpg,27,26,027.Shiny_Cowbird,129,128,horizontal_flip,horizontal_flip,0,"{""flipped"":true}",6.1092343,5.6937151,-0.41551924,0.0022222518,0.0033670613,0.039057195,0.029275054,-0.036834943,-0.025907993,0.01092695,0.59378251,0.95133203,70.450274,67.021602,False,0.9514553,True,False,False,0.59378251,0.95133203,70.450274,67.021602,0.5032588,0.93604195,63.398884,59.344015,0.95120989,1.0138685,30.721695,31.14776,0.48709185,1.0168164,12.89999,13.11692,0.25679303,0.89556686,25.171742,22.542978,0.47269727,0.90172788,30.705396,27.687912,0.42136894,0.89038579,27.674927,24.641362,0.65551934,0.98566055,38.867329,38.309992
init,init,-1,,1464,027.Shiny_Cowbird/Shiny_Cowbird_0019_24323.jpg,27,26,027.Shiny_Cowbird,129,128,color_jitter,color_jitter,0,"{""brightness"":0.649759,""contrast"":0.880847,""hue"":-0.026788,""saturation"":0.601111}",6.1092343,5.3662624,-0.7429719,0.0022222518,0.0046715592,0.039057195,0.036330443,-0.036834943,-0.031658884,0.0051760597,0.77873315,1.04407,70.450274,73.555018,False,0.93963319,True,False,False,0.77873315,1.04407,70.450274,73.555018,0.74577496,1.0644035,63.398884,67.481993,0.93952191,0.95262919,30.721695,29.266384,0.68379474,1.3366153,12.89999,17.242323,0.69955497,1.2029847,25.171742,30.281222,0.76884934,1.1023422,30.705396,33.847852,0.6927891,1.0020801,27.674927,27.732493,0.80057835,0.97116366,38.867329,37.746537
init,init,-1,,1464,027.Shiny_Cowbird/Shiny_Cowbird_0019_24323.jpg,27,26,027.Shiny_Cowbird,129,128,rotation,rotation,0,"{""angle"":2.439543}",6.1092343,5.9978647,-0.11136961,0.0022222518,0.0024840513,0.039057195,0.045192223,-0.036834943,-0.042708172,-0.0058732284,0.78105045,0.95142076,70.450274,67.027853,False,0.95593071,True,False,False,0.78105045,0.95142076,70.450274,67.027853,0.73885242,0.94596103,63.398884,59.972874,0.95579976,0.97432938,30.721695,29.93305,0.57280254,1.1644174,12.89999,15.020973,0.71042429,0.96533377,25.171742,24.299133,0.74575259,0.91714755,30.705396,28.161379,0.67162735,0.93661641,27.674927,25.920791,0.80655063,0.93324705,38.867329,36.27282
init,init,-1,,1464,027.Shiny_Cowbird/Shiny_Cowbird_0019_24323.jpg,27,26,027.Shiny_Cowbird,129,128,random_resized_crop,random_resized_crop,0,"{""area_fraction"":0.667987,""aspect"":0.965547,""fallback"":false,""height"":0.831758,""left"":0.165941,""top"":0.073894,""width"":0.803102}",6.1092343,5.5945172,-0.5147171,0.0022222518,0.0037181941,0.039057195,0.062537715,-0.036834943,-0.058819521,-0.021984577,0.6647865,0.91105436,70.450274,64.184029,False,0.92951572,True,False,False,0.6647865,0.91105436,70.450274,64.184029,0.59861786,0.89850062,63.398884,56.963936,0.92905321,0.96268515,30.721695,29.57532,0.55465886,1.100311,12.89999,14.194,0.46756203,0.95741162,25.171742,24.099718,0.59669427,0.83477705,30.705396,25.63216,0.51802647,0.87316698,27.674927,24.164832,0.70711282,0.89927713,38.867329,34.9525
init,init,-1,,1464,027.Shiny_Cowbird/Shiny_Cowbird_0019_24323.jpg,27,26,027.Shiny_Cowbird,129,128,gaussian_blur,gaussian_blur,0,"{""sigma"":1.2294}",6.1092343,5.7059975,-0.40323687,0.0022222518,0.0033259573,0.039057195,0.03243969,-0.036834943,-0.029113733,0.0077212106,0.71378894,0.97770075,70.450274,68.879285,False,0.93768823,True,False,False,0.71378894,0.97770075,70.450274,68.879285,0.66388572,0.98639049,63.398884,62.536057,0.9375297,0.9397948,30.721695,28.872089,0.59541176,1.1181954,12.89999,14.424709,0.56728959,1.0740036,25.171742,27.034543,0.62890796,0.97909034,30.705396,30.063356,0.60439028,0.96721826,27.674927,26.767695,0.77473853,0.94585398,38.867329,36.762818
init,init,-1,,1464,027.Shiny_Cowbird/Shiny_Cowbird_0019_24323.jpg,27,26,027.Shiny_Cowbird,129,128,random_erasing,random_erasing,0,"{""area_fraction"":0.190243,""erased"":true,""height"":0.771653,""left"":0.400241,""top"":0.023522,""width"":0.24654}",6.1092343,6.0940542,-0.015180111,0.0022222518,0.0022562433,0.039057195,0.025933526,-0.036834943,-0.023677283,0.01315766,0.65409132,0.95636462,70.450274,67.376149,False,0.88944221,True,False,False,0.65409132,0.95636462,70.450274,67.376149,0.59649061,0.94794902,63.398884,60.09891,0.88916858,0.9914042,30.721695,30.457618,0.74595786,0.95724723,12.89999,12.348479,0.62693436,0.94868654,25.171742,23.880093,0.54846835,0.87918652,30.705396,26.99577,0.49307244,0.93788748,27.674927,25.955967,0.6460966,0.99201873,38.867329,38.557118
init,init,-1,,11718,199.Winter_Wren/Winter_Wren_0126_190342.jpg,199,198,199.Winter_Wren,129,128,identity,identity,0,{},6.5585804,6.5585804,0,0.0014178973,0.0014178973,0.047483351,0.047483351,-0.046065454,-0.046065454,0,1,1,60.953016,60.953016,False,1.0000001,True,False,False,1,1,60.953016,60.953016,1,1,50.333974,50.333974,1,1,34.376755,34.376755,1,1,12.316344,12.316344,1,1,19.360139,19.360139,1,1,21.074955,21.074955,1,1,20.498805,20.498805,1,1,33.803061,33.803061
init,init,-1,,11718,199.Winter_Wren/Winter_Wren_0126_190342.jpg,199,198,199.Winter_Wren,129,128,horizontal_flip,horizontal_flip,0,"{""flipped"":true}",6.5585804,6.3876238,-0.17095661,0.0014178973,0.0016822495,0.047483351,0.035732273,-0.046065454,-0.034050024,0.01201543,0.69728644,0.92667748,60.953016,56.483787,False,0.96677017,True,False,False,0.69728644,0.92667748,60.953016,56.483787,0.56950894,0.92147275,50.333974,46.381385,0.96654202,0.93773824,34.376755,32.236397,0.18381587,0.68075479,12.316344,8.3844099,0.35938124,0.8527441,19.360139,16.509244,0.55311969,0.94201658,21.074955,19.852957,0.48221835,0.9634087,20.498805,19.748727,0.71090074,0.94676491,33.803061,32.003552
init,init,-1,,11718,199.Winter_Wren/Winter_Wren_0126_190342.jpg,199,198,199.Winter_Wren,129,128,color_jitter,color_jitter,0,"{""brightness"":0.857128,""contrast"":1.185306,""hue"":0.024741,""saturation"":1.287992}",6.5585804,6.5158463,-0.042734146,0.0014178973,0.0014798027,0.047483351,0.040712822,-0.046065454,-0.03923302,0.0068324342,0.91164455,0.98572568,60.953016,60.082954,False,0.98915958,True,False,False,0.91164455,0.98572568,60.953016,60.082954,0.87744839,0.99982004,50.333974,50.324916,0.98908089,0.95480874,34.376755,32.823226,0.82530755,1.1278584,12.316344,13.891092,0.85599702,0.9549028,19.360139,18.487051,0.83051962,1.0123743,21.074955,21.335743,0.85602557,1.0396144,20.498805,21.310852,0.92146405,0.97601764,33.803061,32.992384
init,init,-1,,11718,199.Winter_Wren/Winter_Wren_0126_190342.jpg,199,198,199.Winter_Wren,129,128,rotation,rotation,0,"{""angle"":-6.059028}",6.5585804,6.3594503,-0.19913006,0.0014178973,0.0017303181,0.047483351,0.027561415,-0.046065454,-0.025831097,0.020234357,0.82096498,0.97310453,60.953016,59.313656,False,0.9669075,False,False,False,0.82096498,0.97310453,60.953016,59.313656,0.75424621,0.97841995,50.333974,49.247764,0.96658436,0.9616101,34.376755,33.057035,0.87175473,1.1684672,12.316344,14.391243,0.73825501,1.0762155,19.360139,20.835681,0.72322862,0.94176391,21.074955,19.847632,0.66175724,0.98995994,20.498805,20.292996,0.79402293,0.92532983,33.803061,31.278981
init,init,-1,,11718,199.Winter_Wren/Winter_Wren_0126_190342.jpg,199,198,199.Winter_Wren,129,128,random_resized_crop,random_resized_crop,0,"{""area_fraction"":0.73994,""aspect"":0.930532,""fallback"":false,""height"":0.891728,""left"":0.069668,""top"":0.038466,""width"":0.829782}",6.5585804,6.4048138,-0.15376663,0.0014178973,0.0016535777,0.047483351,0.030530503,-0.046065454,-0.028876925,0.017188528,0.8096791,0.89353193,60.953016,54.463467,False,0.97240591,True,False,False,0.8096791,0.89353193,60.953016,54.463467,0.73297033,0.88994773,50.333974,44.794606,0.9721262,0.90116785,34.376755,30.979226,0.80423371,0.9880404,12.316344,12.169045,0.57069817,0.84889279,19.360139,16.434682,0.7104843,0.89721512,21.074955,18.908768,0.66690767,0.93432535,20.498805,19.152553,0.81072212,0.86956787,33.803061,29.394056
init,init,-1,,11718,199.Winter_Wren/Winter_Wren_0126_190342.jpg,199,198,199.Winter_Wren,129,128,gaussian_blur,gaussian_blur,0,"{""sigma"":1.640341}",6.5585804,6.6068468,0.048266411,0.0014178973,0.001351086,0.047483351,0.018987846,-0.046065454,-0.01763676,0.028428694,0.64822061,1.0958139,60.953016,66.793164,False,0.92388785,False,False,False,0.64822061,1.0958139,60.953016,66.793164,0.57988855,1.2142135,50.333974,61.116192,0.92319423,0.78387108,34.376755,26.946944,0.73205639,1.6409938,12.316344,20.211043,0.48272963,1.4678016,19.360139,28.416843,0.516608,1.3021805,21.074955,27.443396,0.50893568,1.3010448,20.498805,26.669863,0.69139942,0.96077489,33.803061,32.477132
init,init,-1,,11718,199.Winter_Wren/Winter_Wren_0126_190342.jpg,199,198,199.Winter_Wren,129,128,random_erasing,random_erasing,0,"{""area_fraction"":0.197824,""erased"":true,""height"":0.269817,""left"":0.259406,""top"":0.427989,""width"":0.73318}",6.5585804,6.4584541,-0.10012627,0.0014178973,0.0015672172,0.047483351,0.036424115,-0.046065454,-0.034856898,0.011208556,0.69947417,0.97072837,60.953016,59.168822,False,0.91425264,True,False,False,0.69947417,0.97072837,60.953016,59.168822,0.61113578,1.0027707,50.333974,50.473434,0.91390185,0.89819079,34.376755,30.876884,0.60085188,0.82559271,12.316344,10.168283,0.56591843,1.039748,19.360139,20.129666,0.65146632,1.1669028,21.074955,24.592425,0.53008764,1.0478156,20.498805,21.478967,0.65043764,0.92270728,33.803061,31.190331
init,init,-1,,736,014.Indigo_Bunting/Indigo_Bunting_0059_11596.jpg,14,13,014.Indigo_Bunting,4,3,identity,identity,0,{},5.6113739,5.6113739,0,0.0036560418,0.0036560418,0.079039358,0.079039358,-0.075383316,-0.075383316,0,1,1,64.572699,64.572699,False,1,True,False,False,1,1,64.572699,64.572699,1,1,51.303898,51.303898,1,1,39.211523,39.211523,1,1,9.0166889,9.0166889,1,1,21.489684,21.489684,1,1,22.314331,22.314331,1,1,19.933635,19.933635,1,1,34.550016,34.550016
init,init,-1,,736,014.Indigo_Bunting/Indigo_Bunting_0059_11596.jpg,14,13,014.Indigo_Bunting,4,3,horizontal_flip,horizontal_flip,0,"{""flipped"":true}",5.6113739,5.7372489,0.125875,0.0036560418,0.003223625,0.079039358,0.089654617,-0.075383316,-0.086430992,-0.011047676,0.74212996,0.99441278,64.572699,64.211917,False,0.98322535,True,False,False,0.74212996,0.99441278,64.572699,64.211917,0.60311941,0.99880846,51.303898,51.242768,0.98301902,0.98684245,39.211523,38.695595,0.42692507,0.84399699,9.0166889,7.6100582,0.37087284,0.96673083,21.489684,20.77474,0.52379353,1.0035728,22.314331,22.394055,0.49059927,1.0266157,19.933635,20.464183,0.77093035,1.0093134,34.550016,34.871793
init,init,-1,,736,014.Indigo_Bunting/Indigo_Bunting_0059_11596.jpg,14,13,014.Indigo_Bunting,4,3,color_jitter,color_jitter,0,"{""brightness"":0.644507,""contrast"":1.299525,""hue"":-0.05439,""saturation"":1.196095}",5.6113739,5.6178279,0.0064539909,0.0036560418,0.0036325227,0.079039358,0.058350857,-0.075383316,-0.054718335,0.020664981,0.78830763,0.882551,64.572699,56.9887,False,0.94767487,True,False,False,0.78830763,0.882551,64.572699,56.9887,0.70533376,0.91177137,51.303898,46.777426,0.94657938,0.83014521,39.211523,32.551258,0.34341076,1.4317187,9.0166889,12.909362,0.73840802,0.98704982,21.489684,21.211389,0.69120461,0.86387449,22.314331,19.276782,0.61897338,0.88792155,19.933635,17.699504,0.77803132,0.86185999,34.550016,29.777276
init,init,-1,,736,014.Indigo_Bunting/Indigo_Bunting_0059_11596.jpg,14,13,014.Indigo_Bunting,4,3,rotation,rotation,0,"{""angle"":-5.411018}",5.6113739,5.4289856,-0.18238831,0.0036560418,0.0043875445,0.079039358,0.06116157,-0.075383316,-0.056774026,0.01860929,0.74183793,0.91263267,64.572699,58.931155,False,0.95959163,True,False,False,0.74183793,0.91263267,64.572699,58.931155,0.62301877,0.93253112,51.303898,47.842482,0.9588777,0.87752218,39.211523,34.408981,0.33318784,0.84285611,9.0166889,7.5997713,0.45849274,0.85814875,21.489684,18.441345,0.5525196,1.0020533,22.314331,22.36015,0.54017774,0.97820211,19.933635,19.499124,0.76380296,0.92023692,34.550016,31.7942
init,init,-1,,736,014.Indigo_Bunting/Indigo_Bunting_0059_11596.jpg,14,13,014.Indigo_Bunting,4,3,random_resized_crop,random_resized_crop,0,"{""area_fraction"":0.682384,""aspect"":1.21879,""fallback"":false,""height"":0.748256,""left"":0.045426,""top"":0.183602,""width"":0.911967}",5.6113739,5.8996673,0.28829336,0.0036560418,0.0027403566,0.079039358,0.067539714,-0.075383316,-0.064799358,0.010583958,0.77304783,0.94006624,64.572699,60.702615,False,0.97577852,True,False,False,0.77304783,0.94006624,64.572699,60.702615,0.65680235,0.94578327,51.303898,48.522369,0.97544814,0.93019782,39.211523,36.474473,0.60579786,0.81727868,9.0166889,7.3691476,0.52052326,0.83290873,21.489684,17.898945,0.55721383,0.97959474,22.314331,21.859002,0.55972496,1.0291512,19.933635,20.514724,0.78687536,0.95165477,34.550016,32.879688
init,init,-1,,736,014.Indigo_Bunting/Indigo_Bunting_0059_11596.jpg,14,13,014.Indigo_Bunting,4,3,gaussian_blur,gaussian_blur,0,"{""sigma"":1.854564}",5.6113739,5.6085243,-0.0028495789,0.0036560418,0.0036664761,0.079039358,0.049919341,-0.075383316,-0.046252865,0.029130451,0.60513861,1.0145737,64.572699,65.513765,False,0.91693878,True,False,False,0.60513861,1.0145737,64.572699,65.513765,0.45798501,1.0784829,51.303898,55.330379,0.91594203,0.89463357,39.211523,35.079945,0.2264238,1.4671745,9.0166889,13.229056,0.20299354,0.95687021,21.489684,20.562838,0.41165648,1.2068612,22.314331,26.9303,0.38513835,1.1494588,19.933635,22.912892,0.63155306,1.0082043,34.550016,34.833474
init,init,-1,,736,014.Indigo_Bunting/Indigo_Bunting_0059_11596.jpg,14,13,014.Indigo_Bunting,4,3,random_erasing,random_erasing,0,"{""area_fraction"":0.063855,""erased"":true,""height"":0.205564,""left"":0.096077,""top"":0.234274,""width"":0.310631}",5.6113739,5.3959012,-0.2154727,0.0036560418,0.0045351312,0.079039358,0.038094353,-0.075383316,-0.033559222,0.041824094,0.84606285,0.91183268,64.572699,58.879498,False,0.96254933,True,False,False,0.84606285,0.91183268,64.572699,58.879498,0.78319809,0.93148093,51.303898,47.788603,0.96132695,0.87717625,39.211523,34.395417,0.69662804,0.97566375,9.0166889,8.7972565,0.72162002,0.92765701,21.489684,19.935056,0.74941634,0.96578578,22.314331,21.550864,0.74700479,0.93138591,19.933635,18.565907,0.84117313,0.91519282,34.550016,31.619927
init,init,-1,,10670,182.Yellow_Warbler/Yellow_Warbler_0018_176674.jpg,182,181,182.Yellow_Warbler,168,167,identity,identity,0,{},5.3139286,5.3139286,0,0.0049225516,0.0049225516,0.02699556,0.02699556,-0.022073009,-0.022073009,0,1,1,43.943068,43.943068,False,0.99999994,True,False,False,1,1,43.943068,43.943068,1,1,34.944386,34.944386,1,1,26.643633,26.643633,1,1,5.9414937,5.9414937,1,1,12.40993,12.40993,1,1,13.822968,13.822968,1,1,14.265978,14.265978,1,1,25.243015,25.243015
init,init,-1,,10670,182.Yellow_Warbler/Yellow_Warbler_0018_176674.jpg,182,181,182.Yellow_Warbler,168,167,horizontal_flip,horizontal_flip,0,"{""flipped"":true}",5.3139286,5.3251972,0.011268616,0.0049225516,0.0048673903,0.02699556,0.025355773,-0.022073009,-0.020488383,0.0015846258,0.68440376,0.9874119,43.943068,43.389909,False,0.96898419,True,False,False,0.68440376,0.9874119,43.943068,43.389909,0.5155788,0.9798086,34.944386,34.23881,0.96893677,1.0003556,26.643633,26.653106,0.1859796,0.93125493,5.9414937,5.5330453,0.29330139,0.99993241,12.40993,12.409091,0.34469032,1.0034199,13.822968,13.870241,0.41983611,0.96818467,14.265978,13.812101,0.67150007,0.97402624,25.243015,24.587359
init,init,-1,,10670,182.Yellow_Warbler/Yellow_Warbler_0018_176674.jpg,182,181,182.Yellow_Warbler,168,167,color_jitter,color_jitter,0,"{""brightness"":1.080209,""contrast"":0.777715,""hue"":-0.011995,""saturation"":1.202656}",5.3139286,5.2539339,-0.059994698,0.0049225516,0.0052269152,0.02699556,0.028788017,-0.022073009,-0.023561102,-0.0014880933,0.92795996,1.0168646,43.943068,44.684149,False,0.9936406,True,False,False,0.92795996,1.0168646,43.943068,44.684149,0.89033304,1.0219393,34.944386,35.711043,0.99362931,1.0080753,26.643633,26.858789,0.65183155,0.89844228,5.9414937,5.3380891,0.83459328,1.0355669,12.40993,12.851312,0.8448767,1.013458,13.822968,14.008998,0.86949713,1.0065747,14.265978,14.359773,0.93567584,1.0324016,25.243015,26.060929
init,init,-1,,10670,182.Yellow_Warbler/Yellow_Warbler_0018_176674.jpg,182,181,182.Yellow_Warbler,168,167,rotation,rotation,0,"{""angle"":11.592071}",5.3139286,5.4162288,0.10230017,0.0049225516,0.0044438746,0.02699556,0.015533586,-0.022073009,-0.011089711,0.010983297,0.70286377,1.0372262,43.943068,45.578901,False,0.92574203,False,False,False,0.70286377,1.0372262,43.943068,45.578901,0.56813501,1.0208632,34.944386,35.673437,0.92544682,1.0647849,26.643633,28.369739,0.42751927,0.93871726,5.9414937,5.5773827,0.47204919,0.98544108,12.40993,12.229255,0.48284878,0.96801353,13.822968,13.38082,0.4507372,1.0382337,14.265978,14.811419,0.65868967,1.0432405,25.243015,26.334536
init,init,-1,,10670,182.Yellow_Warbler/Yellow_Warbler_0018_176674.jpg,182,181,182.Yellow_Warbler,168,167,random_resized_crop,random_resized_crop,0,"{""area_fraction"":0.680407,""aspect"":0.810441,""fallback"":false,""height"":0.91627,""left"":0.03398,""top"":0.08337,""width"":0.742583}",5.3139286,5.2500925,-0.063836098,0.0049225516,0.0052470327,0.02699556,0.035864845,-0.022073009,-0.030617812,-0.0085448036,0.74988809,1.0834217,43.943068,47.608872,False,0.94372654,False,False,False,0.74988809,1.0834217,43.943068,47.608872,0.62922312,1.0517035,34.944386,36.751132,0.9434302,1.1359117,26.643633,30.264815,0.43706969,1.0410523,5.9414937,6.1854056,0.57962063,1.0074665,12.40993,12.502588,0.57832426,1.0718134,13.822968,14.815642,0.5173037,1.1038773,14.265978,15.747889,0.70566402,1.0395218,25.243015,26.240665
init,init,-1,,10670,182.Yellow_Warbler/Yellow_Warbler_0018_176674.jpg,182,181,182.Yellow_Warbler,168,167,gaussian_blur,gaussian_blur,0,"{""sigma"":1.114237}",5.3139286,5.7027082,0.38877964,0.0049225516,0.003336916,0.02699556,0.029612357,-0.022073009,-0.026275441,-0.0042024322,0.73938256,1.1421847,43.943068,50.191098,False,0.94321948,False,False,False,0.73938256,1.1421847,43.943068,50.191098,0.62534625,1.1571032,34.944386,40.434261,0.94306641,1.1160559,26.643633,29.735785,0.51565726,1.0239563,5.9414937,6.08383,0.50125119,1.0119261,12.40993,12.557931,0.44062118,1.1791523,13.822968,16.299385,0.57459486,1.2455451,14.265978,17.768919,0.73253392,1.1609337,25.243015,29.305467
init,init,-1,,10670,182.Yellow_Warbler/Yellow_Warbler_0018_176674.jpg,182,181,182.Yellow_Warbler,168,167,random_erasing,random_erasing,0,"{""area_fraction"":0.170231,""erased"":true,""height"":0.65362,""left"":0.573182,""top"":0.097843,""width"":0.260444}",5.3139286,5.6967831,0.38285446,0.0049225516,0.0033567471,0.02699556,0.012209749,-0.022073009,-0.0088530018,0.013220007,0.72237816,1.0458776,43.943068,45.95907,False,0.93002093,False,False,False,0.72237816,1.0458776,43.943068,45.95907,0.60641266,1.0600824,34.944386,37.043928,0.92982366,1.0209808,26.643633,27.202638,0.44452914,1.1135949,5.9414937,6.6164171,0.65980242,1.127601,12.40993,13.993449,0.48163855,1.1658247,13.822968,16.115157,0.47835939,1.053134,14.265978,15.023987,0.68999003,1.0078401,25.243015,25.440923
init,init,-1,,7916,135.Bank_Swallow/Bank_Swallow_0007_129514.jpg,135,134,135.Bank_Swallow,8,7,identity,identity,0,{},6.0124598,6.0124598,0,0.0024480599,0.0024480599,0.034637392,0.034637392,-0.032189332,-0.032189332,0,1,1,51.100958,51.100958,False,1,True,False,False,1,1,51.100958,51.100958,1,1,42.010684,42.010684,1,1,29.093132,29.093132,1,1,5.4373071,5.4373071,1,1,14.125318,14.125318,1,1,15.737467,15.737467,1,1,18.28131,18.28131,1,1,30.88583,30.88583
init,init,-1,,7916,135.Bank_Swallow/Bank_Swallow_0007_129514.jpg,135,134,135.Bank_Swallow,8,7,horizontal_flip,horizontal_flip,0,"{""flipped"":true}",6.0124598,5.9002228,-0.11223698,0.0024480599,0.0027388344,0.034637392,0.027210003,-0.032189332,-0.024471168,0.0077181633,0.67379532,0.93912145,51.100958,47.990005,False,0.96164274,True,False,False,0.67379532,0.93912145,51.100958,47.990005,0.53826833,0.94442907,42.010684,39.676111,0.96147758,0.92795659,29.093132,26.997163,0.072863653,0.83615319,5.4373071,4.5464217,0.2355108,0.9301447,14.125318,13.13859,0.44471246,1.0375633,15.737467,16.328618,0.42081112,0.96076065,18.28131,17.563963,0.68696901,0.9190735,30.88583,28.386348
init,init,-1,,7916,135.Bank_Swallow/Bank_Swallow_0007_129514.jpg,135,134,135.Bank_Swallow,8,7,color_jitter,color_jitter,0,"{""brightness"":0.865098,""contrast"":0.73174,""hue"":0.054085,""saturation"":0.991629}",6.0124598,6.0238023,0.011342525,0.0024480599,0.0024204487,0.034637392,0.037299506,-0.032189332,-0.034879058,-0.002689726,0.80946959,0.96192127,51.100958,49.155098,False,0.96946406,True,False,False,0.80946959,0.96192127,51.100958,49.155098,0.73260643,0.96127132,42.010684,40.383665,0.96940905,0.96327512,29.093132,28.02469,0.64111056,0.83235873,5.4373071,4.5257901,0.50940357,1.0556689,14.125318,14.911659,0.58548414,1.0658405,15.737467,16.77363,0.70582053,0.91915949,18.28131,16.80344,0.84404532,0.92956699,30.88583,28.710448
init,init,-1,,7916,135.Bank_Swallow/Bank_Swallow_0007_129514.jpg,135,134,135.Bank_Swallow,8,7,rotation,rotation,0,"{""angle"":-8.631514}",6.0124598,5.8868084,-0.12565136,0.0024480599,0.0027758225,0.034637392,0.025035843,-0.032189332,-0.022260021,0.009929311,0.69312666,1.0599417,51.100958,54.164035,False,0.91688764,True,False,False,0.69312666,1.0599417,51.100958,54.164035,0.59147605,1.0767786,42.010684,45.236205,0.91662338,1.0239439,29.093132,29.789736,0.43902848,1.0310032,5.4373071,5.6058812,0.46795227,1.1561769,14.125318,16.331366,0.4500044,1.2417271,15.737467,19.54164,0.47963333,1.0767764,18.28131,19.684883,0.7158471,1.0129517,30.88583,31.285852
init,init,-1,,7916,135.Bank_Swallow/Bank_Swallow_0007_129514.jpg,135,134,135.Bank_Swallow,8,7,random_resized_crop,random_resized_crop,0,"{""area_fraction"":0.674097,""aspect"":0.751646,""fallback"":false,""height"":0.947011,""left"":0.246113,""top"":0.001952,""width"":0.711816}",6.0124598,6.0868244,0.074364662,0.0024480599,0.0022726143,0.034637392,0.025922699,-0.032189332,-0.023650085,0.0085392471,0.7102575,0.92386397,51.100958,47.210334,False,0.94172084,False,False,False,0.7102575,0.92386397,51.100958,47.210334,0.600392,0.92666292,42.010684,38.929743,0.9415272,0.91800028,29.093132,26.707503,0.40979211,0.8223273,5.4373071,4.4712461,0.53157528,0.82176613,14.125318,11.607708,0.44557135,1.0602767,15.737467,16.686069,0.48295691,0.95133883,18.28131,17.39172,0.71213215,0.90418936,30.88583,27.926639
init,init,-1,,7916,135.Bank_Swallow/Bank_Swallow_0007_129514.jpg,135,134,135.Bank_Swallow,8,7,gaussian_blur,gaussian_blur,0,"{""sigma"":1.923996}",6.0124598,6.299583,0.2871232,0.0024480599,0.0018370709,0.034637392,0.035613909,-0.032189332,-0.033776838,-0.0015875067,0.55937439,1.2117674,51.100958,61.922477,False,0.86207205,True,False,False,0.55937439,1.2117674,51.100958,61.922477,0.46366468,1.3207709,42.010684,55.486489,0.86179662,0.9448607,29.093132,27.488957,0.29438641,2.0264047,5.4373071,11.018185,0.29351076,1.5130279,14.125318,21.372,0.33255879,1.7819482,15.737467,28.043351,0.45746121,1.4562692,18.28131,26.622508,0.61793145,1.0266211,30.88583,31.708046
init,init,-1,,7916,135.Bank_Swallow/Bank_Swallow_0007_129514.jpg,135,134,135.Bank_Swallow,8,7,random_erasing,random_erasing,0,"{""area_fraction"":0.131602,""erased"":true,""height"":0.243537,""left"":0.120415,""top"":0.670999,""width"":0.54038}",6.0124598,5.8936338,-0.11882591,0.0024480599,0.0027569404,0.034637392,0.031672418,-0.032189332,-0.028915478,0.003273854,0.75275538,1.1565331,51.100958,59.099947,False,0.92569005,True,False,False,0.75275538,1.1565331,51.100958,59.099947,0.67952821,1.194047,42.010684,50.162732,0.92544366,1.0741045,29.093132,31.249065,0.60651321,1.0154083,5.4373071,5.5210869,0.64090587,1.292583,14.125318,18.258145,0.56320505,1.3427478,15.737467,21.131449,0.6142238,1.1962262,18.28131,21.868583,0.7537178,1.1344467,30.88583,35.038326
init,init,-1,,8376,143.Caspian_Tern/Caspian_Tern_0013_145553.jpg,143,142,143.Caspian_Tern,8,7,identity,identity,0,{},6.9328356,6.9328356,0,0.00097523187,0.00097523187,0.025802363,0.025802363,-0.024827131,-0.024827131,0,1,1,71.393619,71.393619,False,1,True,False,False,1,1,71.393619,71.393619,1,1,66.915805,66.915805,1,1,24.886219,24.886219,1,1,18.556789,18.556789,1,1,39.983077,39.983077,1,1,25.2404,25.2404,1,1,26.563046,26.563046,1,1,34.526088,34.526088
init,init,-1,,8376,143.Caspian_Tern/Caspian_Tern_0013_145553.jpg,143,142,143.Caspian_Tern,8,7,horizontal_flip,horizontal_flip,0,"{""flipped"":true}",6.9328356,6.8319645,-0.10087109,0.00097523187,0.0010787367,0.025802363,0.018960444,-0.024827131,-0.017881708,0.0069454233,0.90566189,1.1101813,71.393619,79.259859,False,0.97438616,True,False,False,0.90566189,1.1101813,71.393619,79.259859,0.89768233,1.1233027,66.915805,75.166704,0.9743442,1.0102554,24.886219,25.141436,0.92940021,1.1240391,18.556789,20.858556,0.96425353,1.2063271,39.983077,48.232669,0.86204808,1.1700437,25.2404,29.532371,0.81832531,1.0642503,26.563046,28.269729,0.8623981,1.0105041,34.526088,34.888754
init,init,-1,,8376,143.Caspian_Tern/Caspian_Tern_0013_145553.jpg,143,142,143.Caspian_Tern,8,7,color_jitter,color_jitter,0,"{""brightness"":1.215998,""contrast"":0.754233,""hue"":0.064796,""saturation"":0.663104}",6.9328356,6.9559908,0.023155212,0.00097523187,0.00095290941,0.025802363,0.021634644,-0.024827131,-0.020681734,0.0041453963,0.84710091,0.97375016,71.393619,69.519548,False,0.93866187,True,False,False,0.84710091,0.97375016,71.393619,69.519548,0.83408391,0.96984654,66.915805,64.898061,0.9386204,1.0015209,24.886219,24.924068,0.73736009,1.2733167,18.556789,23.628669,0.90333267,0.91165606,39.983077,36.450815,0.81866638,0.99496692,25.2404,25.113363,0.79776787,0.94383272,26.563046,25.071072,0.82706745,0.94544892,34.526088,32.642653
init,init,-1,,8376,143.Caspian_Tern/Caspian_Tern_0013_145553.jpg,143,142,143.Caspian_Tern,8,7,rotation,rotation,0,"{""angle"":-1.000696}",6.9328356,6.8508959,-0.081939697,0.00097523187,0.0010585068,0.025802363,0.020820258,-0.024827131,-0.019761751,0.0050653794,0.8832235,0.94892363,71.393619,67.747092,False,0.95886385,True,False,False,0.8832235,0.94892363,71.393619,67.747092,0.87248158,0.94513904,66.915805,63.244739,0.95883881,0.97584968,24.886219,24.285209,0.95045981,0.93584109,18.556789,17.366206,0.94247546,0.94038912,39.983077,37.599651,0.82063272,0.93913384,25.2404,23.704114,0.77278571,0.93012366,26.563046,24.706918,0.84334381,0.96595313,34.526088,33.350583
init,init,-1,,8376,143.Caspian_Tern/Caspian_Tern_0013_145553.jpg,143,142,143.Caspian_Tern,8,7,random_resized_crop,random_resized_crop,0,"{""area_fraction"":0.686864,""aspect"":1.314098,""fallback"":false,""height"":0.722972,""left"":0.023231,""top"":0.276424,""width"":0.950056}",6.9328356,6.5301161,-0.4027195,0.00097523187,0.0014588364,0.025802363,0.015206716,-0.024827131,-0.01374788,0.011079251,0.81406014,1.0301623,71.393619,73.547018,False,0.93327236,False,False,False,0.81406014,1.0301623,71.393619,73.547018,0.79973066,1.0422379,66.915805,69.74219,0.93314792,0.93824301,24.886219,23.349321,0.94270431,1.1375212,18.556789,21.108742,0.95248944,1.1827601,39.983077,47.290389,0.645741,1.0985323,25.2404,27.727394,0.58725886,0.85942793,26.563046,22.829024,0.73113156,0.86505729,34.526088,29.867045
init,init,-1,,8376,143.Caspian_Tern/Caspian_Tern_0013_145553.jpg,143,142,143.Caspian_Tern,8,7,gaussian_blur,gaussian_blur,0,"{""sigma"":1.042971}",6.9328356,6.5077014,-0.42513418,0.00097523187,0.0014919052,0.025802363,0.014688053,-0.024827131,-0.013196148,0.011630983,0.84653213,0.9260874,71.393619,66.116731,False,0.93562543,False,False,False,0.84653213,0.9260874,71.393619,66.116731,0.83357935,0.91719027,66.915805,61.374525,0.93550608,0.98803309,24.886219,24.588408,0.87348829,0.82313901,18.556789,15.274817,0.92911027,0.94478553,39.983077,37.775433,0.73715316,0.88987008,25.2404,22.460677,0.75255452,0.8988276,26.563046,23.875599,0.79103212,0.93044999,34.526088,32.124799
init,init,-1,,8376,143.Caspian_Tern/Caspian_Tern_0013_145553.jpg,143,142,143.Caspian_Tern,8,7,random_erasing,random_erasing,0,"{""area_fraction"":0.067213,""erased"":true,""height"":0.224103,""left"":0.279665,""top"":0.421473,""width"":0.299922}",6.9328356,7.5258403,0.5930047,0.00097523187,0.00053897564,0.025802363,0.01963274,-0.024827131,-0.019093764,0.0057333665,0.80684515,1.0409937,71.393619,74.320306,False,0.91690958,True,False,False,0.80684515,1.0409937,71.393619,74.320306,0.79080719,1.0319125,66.915805,69.051258,0.91680749,1.1044312,24.886219,27.485117,0.87117239,0.92800842,18.556789,17.220857,0.90858509,0.82805658,39.983077,33.10825,0.73820705,1.1056317,25.2404,27.906586,0.70308614,1.1350496,26.563046,30.150376,0.76837518,1.1898154,34.526088,41.07967
init,init,-1,,4061,070.Green_Violetear/Green_Violetear_0027_60841.jpg,70,69,070.Green_Violetear,114,113,identity,identity,0,{},5.1326265,5.1326265,0,0.0059010414,0.0059010414,0.031875111,0.031875111,-0.02597407,-0.02597407,0,1,1,53.972044,53.972044,False,1,True,False,False,1,1,53.972044,53.972044,1,1,44.000993,44.000993,1,1,31.255306,31.255306,1,1,6.8472432,6.8472432,1,1,14.148731,14.148731,1,1,19.229273,19.229273,1,1,19.109084,19.109084,1,1,30.888413,30.888413
init,init,-1,,4061,070.Green_Violetear/Green_Violetear_0027_60841.jpg,70,69,070.Green_Violetear,114,113,horizontal_flip,horizontal_flip,0,"{""flipped"":true}",5.1326265,5.4197993,0.28717279,0.0059010414,0.004428036,0.031875111,0.03265677,-0.02597407,-0.028228734,-0.0022546644,0.68856566,0.90311769,53.972044,48.743108,False,0.96994954,True,False,False,0.68856566,0.90311769,53.972044,48.743108,0.53419867,0.8744476,44.000993,38.476563,0.96981586,0.95740484,31.255306,29.923981,0.56760026,0.89850222,6.8472432,6.1522632,0.349062,0.82142748,14.148731,11.622156,0.3686048,0.78364553,19.229273,15.068934,0.36169526,0.81029054,19.109084,15.48391,0.6802837,0.93869413,30.888413,28.994772
init,init,-1,,4061,070.Green_Violetear/Green_Violetear_0027_60841.jpg,70,69,070.Green_Violetear,114,113,color_jitter,color_jitter,0,"{""brightness"":0.931341,""contrast"":0.826553,""hue"":0.053613,""saturation"":0.880607}",5.1326265,5.1717014,0.039074898,0.0059010414,0.0056749047,0.031875111,0.025570771,-0.02597407,-0.019895866,0.0060782037,0.91164513,0.97974799,53.972044,52.879002,False,0.98918337,False,False,False,0.91164513,0.97974799,53.972044,52.879002,0.87348165,0.98697978,44.000993,43.428091,0.98913405,0.96525537,31.255306,30.169352,0.67184252,0.96495176,6.8472432,6.6072594,0.76953459,0.9938118,14.148731,14.061176,0.84946347,0.94668991,19.229273,18.204159,0.84531936,0.98968741,19.109084,18.91202,0.92453677,1.0007735,30.888413,30.912305
init,init,-1,,4061,070.Green_Violetear/Green_Violetear_0027_60841.jpg,70,69,070.Green_Violetear,114,113,rotation,rotation,0,"{""angle"":-3.257868}",5.1326265,5.1772041,0.044577599,0.0059010414,0.005643765,0.031875111,0.031649973,-0.02597407,-0.026006208,-3.2138545e-05,0.8175893,0.98472089,53.972044,53.147399,False,0.96631193,False,False,False,0.8175893,0.98472089,53.972044,53.147399,0.74619898,0.99931948,44.000993,43.97105,0.96618667,0.95512913,31.255306,29.852853,0.73762544,1.0833622,6.8472432,7.4180445,0.55457255,0.92895322,14.148731,13.143509,0.69097267,0.97203565,19.229273,18.691539,0.68781865,0.97810752,19.109084,18.690739,0.82548057,1.0273296,30.888413,31.73258
init,init,-1,,4061,070.Green_Violetear/Green_Violetear_0027_60841.jpg,70,69,070.Green_Violetear,114,113,random_resized_crop,random_resized_crop,0,"{""area_fraction"":0.796788,""aspect"":0.996977,""fallback"":false,""height"":0.893982,""left"":0.063334,""top"":0.082166,""width"":0.89128}",5.1326265,5.1547947,0.022168159,0.0059010414,0.0057716649,0.031875111,0.02283795,-0.02597407,-0.017066285,0.0089077847,0.81200513,0.92193746,53.972044,49.758849,False,0.97634453,False,False,False,0.81200513,0.92193746,53.972044,49.758849,0.72629517,0.91071707,44.000993,40.072456,0.97626007,0.94378084,31.255306,29.498159,0.65548495,0.84440597,6.8472432,5.781853,0.58978214,0.91560998,14.148731,12.954719,0.64524292,0.82003482,19.229273,15.768673,0.62583857,0.91142183,19.109084,17.416436,0.82340849,0.94529607,30.888413,29.198695
init,init,-1,,4061,070.Green_Violetear/Green_Violetear_0027_60841.jpg,70,69,070.Green_Violetear,114,113,gaussian_blur,gaussian_blur,0,"{""sigma"":1.222638}",5.1326265,5.1458316,0.013205051,0.0059010414,0.0058236299,0.031875111,0.01544948,-0.02597407,-0.0096258502,0.016348219,0.73789055,0.99323052,53.972044,53.606682,False,0.9470188,False,False,False,0.73789055,0.99323052,53.972044,53.606682,0.64225992,1.02113,44.000993,44.930732,0.94670812,0.93548178,31.255306,29.238769,0.079637186,0.96993411,6.8472432,6.6413747,0.45485186,1.0937218,14.148731,15.474776,0.5490458,0.97796437,19.229273,18.805544,0.57069901,1.0635822,19.109084,20.324081,0.77642562,1.0075095,30.888413,31.12037
init,init,-1,,4061,070.Green_Violetear/Green_Violetear_0027_60841.jpg,70,69,070.Green_Violetear,114,113,random_erasing,random_erasing,0,"{""area_fraction"":0.151491,""erased"":true,""height"":0.413985,""left"":0.531704,""top"":0.42787,""width"":0.365934}",5.1326265,5.0374637,-0.095162868,0.0059010414,0.0064901877,0.031875111,0.032422069,-0.02597407,-0.025931882,4.2187981e-05,0.86978448,1.1063055,53.972044,59.709569,False,0.97856206,False,False,False,0.86978448,1.1063055,53.972044,59.709569,0.81230811,1.0847717,44.000993,47.73103,0.97834576,1.1477899,31.255306,35.874524,0.67107222,1.3003061,6.8472432,8.9035121,0.73167589,1.0617104,14.148731,15.021855,0.80598772,0.98376547,19.229273,18.917095,0.77743757,1.0591759,19.109084,20.239882,0.85374649,1.1242022,30.888413,34.724822
init,init,-1,,6612,113.Baird_Sparrow/Baird_Sparrow_0049_787324.jpg,113,112,113.Baird_Sparrow,4,3,identity,identity,0,{},5.6903148,5.6903148,0,0.0033785293,0.0033785293,0.029706012,0.029706012,-0.026327483,-0.026327483,0,1,1,52.005001,52.005001,False,1,True,False,False,1,1,52.005001,52.005001,1,1,43.175491,43.175491,1,1,28.989603,28.989603,1,1,4.7859132,4.7859132,1,1,17.599341,17.599341,1,1,17.844772,17.844772,1,1,17.750079,17.750079,1,1,29.966316,29.966316
init,init,-1,,6612,113.Baird_Sparrow/Baird_Sparrow_0049_787324.jpg,113,112,113.Baird_Sparrow,4,3,horizontal_flip,horizontal_flip,0,"{""flipped"":true}",5.6903148,5.7232604,0.032945633,0.0033785293,0.0032690351,0.029706012,0.019813972,-0.026327483,-0.016544936,0.0097825467,0.75175757,1.0081656,52.005001,52.429653,False,0.96889842,False,False,False,0.75175757,1.0081656,52.005001,52.429653,0.65425345,1.0092172,43.175491,43.57345,0.96876741,1.005829,28.989603,29.158582,0.40127531,1.0003317,4.7859132,4.7875006,0.6930082,1.0029811,17.599341,17.651806,0.48928448,1.0196693,17.844772,18.195767,0.48520532,0.97969876,17.750079,17.38973,0.763237,1.0180286,29.966316,30.506565
init,init,-1,,6612,113.Baird_Sparrow/Baird_Sparrow_0049_787324.jpg,113,112,113.Baird_Sparrow,4,3,color_jitter,color_jitter,0,"{""brightness"":1.134451,""contrast"":0.988913,""hue"":0.047093,""saturation"":0.78984}",5.6903148,5.8363266,0.14601183,0.0033785293,0.0029195473,0.029706012,0.029136354,-0.026327483,-0.026216807,0.00011067628,0.90884442,0.97237031,52.005001,50.568119,False,0.98841172,True,False,False,0.90884442,0.97237031,52.005001,50.568119,0.87266117,0.96950238,43.175491,41.858742,0.98837757,0.97870179,28.989603,28.372176,0.8306768,1.2290581,4.7859132,5.8821654,0.84652048,1.019763,17.599341,17.947157,0.82348936,0.90989327,17.844772,16.236838,0.80182895,0.93536515,17.750079,16.602805,0.92546623,0.97644008,29.966316,29.260312
init,init,-1,,6612,113.Baird_Sparrow/Baird_Sparrow_0049_787324.jpg,113,112,113.Baird_Sparrow,4,3,rotation,rotation,0,"{""angle"":10.671567}",5.6903148,5.4271846,-0.26313019,0.0033785293,0.0043954528,0.029706012,0.018154746,-0.026327483,-0.013759293,0.01256819,0.68854745,1.0713818,52.005001,55.717212,False,0.90155077,False,False,False,0.68854745,1.0713818,52.005001,55.717212,0.60211396,1.101029,43.175491,47.537467,0.9012595,1.0024956,28.989603,29.06195,0.17275358,2.0004071,4.7859132,9.5737746,0.53443397,1.0240199,17.599341,18.022075,0.57755703,1.185354,17.844772,21.152372,0.47259214,1.0787806,17.750079,19.148442,0.70705457,1.0706115,29.966316,32.082281
init,init,-1,,6612,113.Baird_Sparrow/Baird_Sparrow_0049_787324.jpg,113,112,113.Baird_Sparrow,4,3,random_resized_crop,random_resized_crop,0,"{""area_fraction"":0.544253,""aspect"":0.992194,""fallback"":false,""height"":0.740631,""left"":0.221777,""top"":0.051728,""width"":0.73485}",5.6903148,5.362237,-0.32807779,0.0033785293,0.0046904013,0.029706012,0.020322438,-0.026327483,-0.015632037,0.010695446,0.71157553,0.83700639,52.005001,43.528518,False,0.93312871,True,False,False,0.71157553,0.83700639,52.005001,43.528518,0.6160068,0.84753065,43.175491,36.592552,0.932942,0.81317607,28.989603,23.573651,0.61189612,0.76664668,4.7859132,3.6691045,0.70039215,0.96739879,17.599341,17.025581,0.50092904,0.76976104,17.844772,13.73621,0.46460166,0.86833898,17.750079,15.413086,0.67956918,0.82381654,29.966316,24.686747
init,init,-1,,6612,113.Baird_Sparrow/Baird_Sparrow_0049_787324.jpg,113,112,113.Baird_Sparrow,4,3,gaussian_blur,gaussian_blur,0,"{""sigma"":1.268001}",5.6903148,5.7378502,0.047535419,0.0033785293,0.0032216876,0.029706012,0.034595333,-0.026327483,-0.031373645,-0.0050461623,0.69248101,1.032956,52.005001,53.718877,False,0.92871344,True,False,False,0.69248101,1.032956,52.005001,53.718877,0.58585038,1.0321938,43.175491,44.565474,0.92844433,1.0346446,28.989603,29.993937,0.052754764,1.0131748,4.7859132,4.8489665,0.42533226,0.95531469,17.599341,16.812909,0.50346404,1.1213875,17.844772,20.010904,0.51049252,1.0504234,17.750079,18.645098,0.71216388,1.0186675,29.966316,30.525713
init,init,-1,,6612,113.Baird_Sparrow/Baird_Sparrow_0049_787324.jpg,113,112,113.Baird_Sparrow,4,3,random_erasing,random_erasing,0,"{""area_fraction"":0.17484,""erased"":true,""height"":0.412235,""left"":0.318219,""top"":0.201218,""width"":0.424126}",5.6903148,5.9726505,0.28233576,0.0033785293,0.0025474811,0.029706012,0.032281145,-0.026327483,-0.029733664,-0.0034061812,0.47093968,1.1156193,52.005001,58.017781,False,0.77902138,True,False,False,0.47093968,1.1156193,52.005001,58.017781,0.36886945,1.1948201,43.175491,51.586944,0.77873052,0.91581156,28.989603,26.549013,0.34576823,1.2362373,4.7859132,5.9165245,0.27972589,1.3043504,17.599341,22.955706,0.38422141,1.516943,17.844772,27.069502,0.31416488,1.2229921,17.750079,21.708207,0.43734338,0.99847252,29.966316,29.920543
init,init,-1,,6151,106.Horned_Puffin/Horned_Puffin_0029_100888.jpg,106,105,106.Horned_Puffin,46,45,identity,identity,0,{},6.5250211,6.5250211,0,0.0014662881,0.0014662881,0.023845958,0.023845958,-0.022379669,-0.022379669,0,1,1,55.350392,55.350392,False,0.99999994,True,False,False,1,1,55.350392,55.350392,1,1,48.521951,48.521951,1,1,26.632426,26.632426,1,1,12.143238,12.143238,1,1,18.31908,18.31908,1,1,21.550285,21.550285,1,1,21.068593,21.068593,1,1,31.032764,31.032764
init,init,-1,,6151,106.Horned_Puffin/Horned_Puffin_0029_100888.jpg,106,105,106.Horned_Puffin,46,45,horizontal_flip,horizontal_flip,0,"{""flipped"":true}",6.5250211,6.2603922,-0.26462889,0.0014662881,0.0019104969,0.023845958,0.02308432,-0.022379669,-0.021173823,0.0012058462,0.6857771,0.95722291,55.350392,52.982663,False,0.95855987,True,False,False,0.6857771,0.95722291,55.350392,52.982663,0.59796139,0.94062168,48.521951,45.640799,0.95847168,1.0103749,26.632426,26.908735,0.53061916,0.78420479,12.143238,9.5227855,0.55082924,0.9383409,18.31908,17.189542,0.54367016,0.90459303,21.550285,19.494238,0.48049432,0.96596167,21.068593,20.351454,0.7024957,0.96817553,31.032764,30.045162
init,init,-1,,6151,106.Horned_Puffin/Horned_Puffin_0029_100888.jpg,106,105,106.Horned_Puffin,46,45,color_jitter,color_jitter,0,"{""brightness"":1.349409,""contrast"":1.26693,""hue"":-0.05496,""saturation"":1.088734}",6.5250211,6.9267521,0.40173101,0.0014662881,0.00098118267,0.023845958,0.017215619,-0.022379669,-0.016234436,0.0061452333,0.56032826,1.1417961,55.350392,63.198863,False,0.87565428,False,False,False,0.56032826,1.1417961,55.350392,63.198863,0.47390845,1.1636936,48.521951,56.464686,0.87520142,1.0658902,26.632426,28.387243,0.44432575,1.3995775,12.143238,16.995403,0.24899727,0.98617337,18.31908,18.065789,0.40183489,1.0963876,21.550285,23.627465,0.38120397,1.2371574,21.068593,26.065166,0.62639524,1.1775634,31.032764,36.543047
init,init,-1,,6151,106.Horned_Puffin/Horned_Puffin_0029_100888.jpg,106,105,106.Horned_Puffin,46,45,rotation,rotation,0,"{""angle"":5.047163}",6.5250211,5.9974766,-0.5275445,0.0014662881,0.002485015,0.023845958,0.028942553,-0.022379669,-0.026457538,-0.0040778689,0.74202894,0.99659527,55.350392,55.161939,False,0.92683941,True,False,False,0.74202894,0.99659527,55.350392,55.161939,0.68927394,1.0076604,48.521951,48.893647,0.92674467,0.95895134,26.632426,25.539201,0.73298815,1.353813,12.143238,16.439674,0.64285052,1.0650679,18.31908,19.511063,0.67806278,0.90703912,21.550285,19.546951,0.63298297,0.99506064,21.068593,20.964528,0.73801327,0.97636588,31.032764,30.299332
init,init,-1,,6151,106.Horned_Puffin/Horned_Puffin_0029_100888.jpg,106,105,106.Horned_Puffin,46,45,random_resized_crop,random_resized_crop,0,"{""area_fraction"":0.576102,""aspect"":0.861076,""fallback"":false,""height"":0.817954,""left"":0.249279,""top"":0.167927,""width"":0.70432}",6.5250211,6.4162445,-0.10877657,0.0014662881,0.0016347845,0.023845958,0.035206836,-0.022379669,-0.033572051,-0.011192382,0.61037534,0.98556266,55.350392,54.551279,False,0.94202685,True,False,False,0.61037534,0.98556266,55.350392,54.551279,0.50778539,0.97915302,48.521951,47.510415,0.94181869,1.006546,26.632426,26.806763,0.49693296,1.0491646,12.143238,12.740256,0.12720024,0.9421031,18.31908,17.258462,0.43639098,0.975087,21.550285,21.013403,0.48336483,1.0287156,21.068593,21.67359,0.68771239,0.95904367,31.032764,29.761776
init,init,-1,,6151,106.Horned_Puffin/Horned_Puffin_0029_100888.jpg,106,105,106.Horned_Puffin,46,45,gaussian_blur,gaussian_blur,0,"{""sigma"":1.806686}",6.5250211,5.7179718,-0.80704927,0.0014662881,0.0032863698,0.023845958,0.025976378,-0.022379669,-0.022690009,-0.00031033915,0.58623827,1.0038594,55.350392,55.564013,False,0.83368862,True,False,False,0.58623827,1.0038594,55.350392,55.564013,0.50318008,0.97301949,48.521951,47.212804,0.83339604,1.1000477,26.632426,29.296939,0.59622331,0.94934844,12.143238,11.528164,0.42656076,0.89668707,18.31908,16.426482,0.40635579,1.0419486,21.550285,22.45429,0.44295447,0.96664554,21.068593,20.365862,0.59285796,0.97066366,31.032764,30.122376
init,init,-1,,6151,106.Horned_Puffin/Horned_Puffin_0029_100888.jpg,106,105,106.Horned_Puffin,46,45,random_erasing,random_erasing,0,"{""area_fraction"":0.178382,""erased"":true,""height"":0.291834,""left"":0.148907,""top"":0.428872,""width"":0.611244}",6.5250211,6.6612387,0.13621759,0.0014662881,0.0012795602,0.023845958,0.027471524,-0.022379669,-0.026191964,-0.0038122941,0.4544314,1.0071598,55.350392,55.746687,False,0.81848025,True,False,False,0.4544314,1.0071598,55.350392,55.746687,0.33293981,0.98001831,48.521951,47.552401,0.81821607,1.0924287,26.632426,29.094025,0.55587176,0.78281557,12.143238,9.5059159,0.15822185,0.75681338,18.31908,13.864125,0.11963158,0.89889457,21.550285,19.371434,0.24523503,0.99056153,21.068593,20.869738,0.47720675,1.1012203,31.032764,34.173908
init,init,-1,,4937,085.Horned_Lark/Horned_Lark_0046_73950.jpg,85,84,085.Horned_Lark,86,85,identity,identity,0,{},5.1803188,5.1803188,0,0.0056262105,0.0056262105,0.016969247,0.016969247,-0.011343036,-0.011343036,0,1,1,46.292587,46.292587,False,1,True,False,False,1,1,46.292587,46.292587,1,1,39.645663,39.645663,1,1,23.900314,23.900314,1,1,13.967004,13.967004,1,1,14.654109,14.654109,1,1,15.149477,15.149477,1,1,16.176963,16.176963,1,1,25.89899,25.89899
init,init,-1,,4937,085.Horned_Lark/Horned_Lark_0046_73950.jpg,85,84,085.Horned_Lark,86,85,horizontal_flip,horizontal_flip,0,"{""flipped"":true}",5.1803188,5.4049902,0.22467136,0.0056262105,0.004494098,0.016969247,0.018918779,-0.011343036,-0.014424681,-0.0030816444,0.69644984,0.98524254,46.292587,45.609426,False,0.97074819,False,False,False,0.69644984,0.98524254,46.292587,45.609426,0.59000265,0.96602263,39.645663,38.298607,0.97072416,1.0362896,23.900314,24.767648,0.21145212,0.77569031,13.967004,10.83407,0.50906818,1.0464702,14.654109,15.335088,0.6330816,0.98645768,15.149477,14.944318,0.54842094,0.97142343,16.176963,15.714681,0.7101154,0.97981882,25.89899,25.376318
init,init,-1,,4937,085.Horned_Lark/Horned_Lark_0046_73950.jpg,85,84,085.Horned_Lark,86,85,color_jitter,color_jitter,0,"{""brightness"":1.103198,""contrast"":0.979275,""hue"":-0.095119,""saturation"":0.904012}",5.1803188,4.8211761,-0.35914278,0.0056262105,0.0080573065,0.016969247,0.016043408,-0.011343036,-0.0079861013,0.003356935,0.73016422,1.1828857,46.292587,54.758839,False,0.92341805,False,False,False,0.73016422,1.1828857,46.292587,54.758839,0.66747715,1.2123242,39.645663,48.063397,0.92335005,1.0978159,23.900314,26.238146,0.83772544,1.342124,13.967004,18.745452,0.58467024,1.2516643,14.654109,18.342025,0.5963458,1.3170303,15.149477,19.95232,0.61123086,1.2188134,16.176963,19.7167,0.69490081,1.1160172,25.89899,28.903719
init,init,-1,,4937,085.Horned_Lark/Horned_Lark_0046_73950.jpg,85,84,085.Horned_Lark,86,85,rotation,rotation,0,"{""angle"":-9.795632}",5.1803188,5.4656339,0.28531504,0.0056262105,0.0042296597,0.016969247,0.021955516,-0.011343036,-0.017725857,-0.0063828202,0.62006912,1.0079456,46.292587,46.66041,False,0.91088915,True,False,False,0.62006912,1.0079456,46.292587,46.66041,0.50400132,0.97892881,39.645663,38.810282,0.91083103,1.0837856,23.900314,25.902817,-0.00136191,0.90682846,13.967004,12.665677,0.37892218,0.81331207,14.654109,11.918364,0.55369214,1.0319109,15.149477,15.63291,0.45841808,1.009454,16.176963,16.3299,0.67089747,1.0162377,25.89899,26.31953
init,init,-1,,4937,085.Horned_Lark/Horned_Lark_0046_73950.jpg,85,84,085.Horned_Lark,86,85,random_resized_crop,random_resized_crop,0,"{""area_fraction"":0.579066,""aspect"":0.926672,""fallback"":false,""height"":0.790498,""left"":0.096422,""top"":0.072578,""width"":0.732533}",5.1803188,4.7130647,-0.46725416,0.0056262105,0.0089772213,0.016969247,0.021916166,-0.011343036,-0.012938945,-0.0015959083,0.73631572,1.1151806,46.292587,51.624593,False,0.95080453,True,False,False,0.73631572,1.1151806,46.292587,51.624593,0.65651466,1.1077035,39.645663,43.915638,0.95068522,1.1355004,23.900314,27.138816,0.7535033,0.89463449,13.967004,12.495364,0.49654862,1.1184428,14.654109,16.389783,0.59600451,1.2897357,15.149477,19.538821,0.58978498,1.0914244,16.176963,17.655932,0.7424894,1.0991254,25.89899,28.466238
init,init,-1,,4937,085.Horned_Lark/Horned_Lark_0046_73950.jpg,85,84,085.Horned_Lark,86,85,gaussian_blur,gaussian_blur,0,"{""sigma"":1.178856}",5.1803188,5.2534914,0.073172569,0.0056262105,0.0052292282,0.016969247,0.022762526,-0.011343036,-0.017533298,-0.0061902613,0.73241451,1.0233522,46.292587,47.37362,False,0.95812261,True,False,False,0.73241451,1.0233522,46.292587,47.37362,0.64372716,0.99833376,39.645663,39.579604,0.95807305,1.0892308,23.900314,26.032957,0.25035771,0.59064994,13.967004,8.2496103,0.50589388,0.86290289,14.654109,12.645073,0.66292043,1.0560688,15.149477,15.99889,0.62930717,1.0788831,16.176963,17.453052,0.76020028,1.0769905,25.89899,27.892966
init,init,-1,,4937,085.Horned_Lark/Horned_Lark_0046_73950.jpg,85,84,085.Horned_Lark,86,85,random_erasing,random_erasing,0,"{""area_fraction"":0.103239,""erased"":true,""height"":0.458984,""left"":0.483842,""top"":0.221659,""width"":0.224929}",5.1803188,5.2388821,0.058563232,0.0056262105,0.0053061838,0.016969247,0.020895388,-0.011343036,-0.015589204,-0.0042461678,0.76444711,1.2227452,46.292587,56.604038,False,0.94653767,True,False,False,0.76444711,1.2227452,46.292587,56.604038,0.69639199,1.2127774,39.645663,48.081363,0.94641634,1.2497623,23.900314,29.869711,0.8936089,0.98747346,13.967004,13.792046,0.73074064,1.3044957,14.654109,19.116222,0.59705457,1.2629293,15.149477,19.132718,0.60857402,1.2812583,16.176963,20.726868,0.71452587,1.1966483,25.89899,30.991983
init,init,-1,,6726,115.Brewer_Sparrow/Brewer_Sparrow_0023_107489.jpg,115,114,115.Brewer_Sparrow,129,128,identity,identity,0,{},5.424921,5.424921,0,0.0044054147,0.0044054147,0.048142422,0.048142422,-0.043737007,-0.043737007,0,1,1,53.91058,53.91058,False,1,True,False,False,1,1,53.91058,53.91058,1,1,44.551703,44.551703,1,1,30.356159,30.356159,1,1,8.2914028,8.2914028,1,1,17.816442,17.816442,1,1,17.66175,17.66175,1,1,18.34107,18.34107,1,1,30.827731,30.827731
init,init,-1,,6726,115.Brewer_Sparrow/Brewer_Sparrow_0023_107489.jpg,115,114,115.Brewer_Sparrow,129,128,horizontal_flip,horizontal_flip,0,"{""flipped"":true}",5.424921,5.6535549,0.22863388,0.0044054147,0.0035050355,0.048142422,0.036272477,-0.043737007,-0.032767442,0.010969565,0.78148628,1.0096856,53.91058,54.432738,False,0.9774276,True,False,False,0.78148628,1.0096856,53.91058,54.432738,0.69820972,1.0339031,44.551703,46.062144,0.97729376,0.95543975,30.356159,29.003481,0.62868073,0.87195061,8.2914028,7.2296937,0.66880399,0.97822492,17.816442,17.428488,0.65635179,1.1247508,17.66175,19.865067,0.5595881,1.1132752,18.34107,20.418658,0.78511012,1.002002,30.827731,30.889447
init,init,-1,,6726,115.Brewer_Sparrow/Brewer_Sparrow_0023_107489.jpg,115,114,115.Brewer_Sparrow,129,128,color_jitter,color_jitter,0,"{""brightness"":0.736783,""contrast"":0.848047,""hue"":-0.069942,""saturation"":1.189983}",5.424921,5.1588483,-0.26607275,0.0044054147,0.0057483166,0.048142422,0.049966276,-0.043737007,-0.044217959,-0.00048095174,0.77840799,1.0409787,53.91058,56.119766,False,0.95430177,True,False,False,0.77840799,1.0409787,53.91058,56.119766,0.70130288,1.0577423,44.551703,47.124221,0.95412903,1.0039205,30.356159,30.475169,0.28795444,0.76306853,8.2914028,6.3269085,0.58166698,1.1218637,17.816442,19.98762,0.60397198,1.148346,17.66175,20.2818,0.69425867,1.0810414,18.34107,19.827456,0.81095816,1.0137577,30.827731,31.251849
init,init,-1,,6726,115.Brewer_Sparrow/Brewer_Sparrow_0023_107489.jpg,115,114,115.Brewer_Sparrow,129,128,rotation,rotation,0,"{""angle"":-4.942738}",5.424921,5.6639652,0.23904419,0.0044054147,0.0034687342,0.048142422,0.033577524,-0.043737007,-0.03010879,0.013628217,0.81583992,0.94643744,53.91058,51.022991,False,0.9602654,True,False,False,0.81583992,0.94643744,53.91058,51.022991,0.74906502,0.9472084,44.551703,42.199748,0.96004188,0.94477468,30.356159,28.67973,0.54750651,0.9235779,8.2914028,7.6577564,0.75704993,0.90510956,17.816442,16.125832,0.67809696,0.91429701,17.66175,16.148085,0.67607384,0.98056448,18.34107,17.984602,0.80973003,0.96114297,30.827731,29.629857
init,init,-1,,6726,115.Brewer_Sparrow/Brewer_Sparrow_0023_107489.jpg,115,114,115.Brewer_Sparrow,129,128,random_resized_crop,random_resized_crop,0,"{""area_fraction"":0.590107,""aspect"":1.224485,""fallback"":false,""height"":0.694206,""left"":0.032682,""top"":0.006394,""width"":0.850045}",5.424921,5.513514,0.088593006,0.0044054147,0.0040319143,0.048142422,0.039053898,-0.043737007,-0.035021984,0.0087150233,0.71208886,0.9911889,53.91058,53.435568,False,0.93394154,True,False,False,0.71208886,0.9911889,53.91058,53.435568,0.61878777,1.0177114,44.551703,45.340777,0.93361245,0.93149924,30.356159,28.276739,0.44128356,0.90409326,8.2914028,7.4962014,0.48219038,1.087092,17.816442,19.368112,0.64331884,1.097246,17.66175,19.379284,0.54031067,1.0051775,18.34107,18.436032,0.70282985,0.97801706,30.827731,30.150047
init,init,-1,,6726,115.Brewer_Sparrow/Brewer_Sparrow_0023_107489.jpg,115,114,115.Brewer_Sparrow,129,128,gaussian_blur,gaussian_blur,0,"{""sigma"":1.431589}",5.424921,5.3725481,-0.052372932,0.0044054147,0.0046422859,0.048142422,0.037043463,-0.043737007,-0.032401178,0.01133583,0.72184007,1.1322563,53.91058,61.040595,False,0.94050795,True,False,False,0.72184007,1.1322563,53.91058,61.040595,0.63379337,1.173626,44.551703,52.287036,0.94024586,1.0375605,30.356159,31.496351,0.48396602,1.1477134,8.2914028,9.516154,0.50989078,1.1674165,17.816442,20.799209,0.61245245,1.4250444,17.66175,25.168777,0.55346464,1.2205178,18.34107,22.385602,0.74139489,1.0641488,30.827731,32.805293
init,init,-1,,6726,115.Brewer_Sparrow/Brewer_Sparrow_0023_107489.jpg,115,114,115.Brewer_Sparrow,129,128,random_erasing,random_erasing,0,"{""area_fraction"":0.095422,""erased"":true,""height"":0.548106,""left"":0.783492,""top"":0.195483,""width"":0.174093}",5.424921,5.4651995,0.040278435,0.0044054147,0.0042314962,0.048142422,0.042940807,-0.043737007,-0.03870931,0.005027697,0.90380492,0.97693927,53.91058,52.667362,False,0.98633033,True,False,False,0.90380492,0.97693927,53.91058,52.667362,0.86445437,0.96709539,44.551703,43.085747,0.98625339,0.99781265,30.356159,30.289759,0.64312565,0.86922511,8.2914028,7.2070955,0.74518161,0.89273339,17.816442,15.905333,0.84839366,0.96014743,17.66175,16.957884,0.85893135,0.95621915,18.34107,17.538083,0.92242704,1.003129,30.827731,30.92419
init,init,-1,,8770,150.Sage_Thrasher/Sage_Thrasher_0095_796446.jpg,150,149,150.Sage_Thrasher,13,12,identity,identity,0,{},4.6866789,4.6866789,0,0.0092172502,0.0092172502,0.017175926,0.017175926,-0.0079586757,-0.0079586757,0,1,1,47.357396,47.357396,False,0.99999988,True,False,False,1,1,47.357396,47.357396,1,1,40.464699,40.464699,1,1,24.603477,24.603477,1,1,5.8567246,5.8567246,1,1,14.435541,14.435541,1,1,16.269,16.269,1,1,18.152763,18.152763,1,1,28.293155,28.293155
init,init,-1,,8770,150.Sage_Thrasher/Sage_Thrasher_0095_796446.jpg,150,149,150.Sage_Thrasher,13,12,horizontal_flip,horizontal_flip,0,"{""flipped"":true}",4.6866789,4.8083353,0.12165642,0.0092172502,0.0081614358,0.017175926,0.015306445,-0.0079586757,-0.007145009,0.00081366673,0.67656945,0.9932225,47.357396,47.036431,False,0.96071512,False,False,False,0.67656945,0.9932225,47.357396,47.036431,0.57550428,1.0030236,40.464699,40.587048,0.96070978,0.96621291,24.603477,23.772197,0.39770298,0.86280158,5.8567246,5.0531912,0.47461275,1.1096438,14.435541,16.018309,0.51429879,1.0645633,16.269,17.31938,0.45734887,0.97123526,18.152763,17.630604,0.68507443,0.9707695,28.293155,27.466132
init,init,-1,,8770,150.Sage_Thrasher/Sage_Thrasher_0095_796446.jpg,150,149,150.Sage_Thrasher,13,12,color_jitter,color_jitter,0,"{""brightness"":0.611351,""contrast"":0.664039,""hue"":-0.087459,""saturation"":0.749623}",4.6866789,4.5181298,-0.16854906,0.0092172502,0.010909406,0.017175926,0.017852521,-0.0079586757,-0.006943115,0.0010155607,0.68103794,1.1392684,47.357396,53.952784,False,0.93326342,False,False,False,0.68103794,1.1392684,47.357396,53.952784,0.59359268,1.1571339,40.464699,46.823075,0.93317941,1.089476,24.603477,26.804899,0.33539527,1.1014888,5.8567246,6.4511163,0.23198566,1.2577269,14.435541,18.155968,0.54026842,1.4696171,16.269,23.909201,0.61948792,1.0627202,18.152763,19.291309,0.7447176,1.0468936,28.293155,29.619922
init,init,-1,,8770,150.Sage_Thrasher/Sage_Thrasher_0095_796446.jpg,150,149,150.Sage_Thrasher,13,12,rotation,rotation,0,"{""angle"":8.468398}",4.6866789,4.2358718,-0.45080709,0.0092172502,0.014467192,0.017175926,0.014975761,-0.0079586757,-0.00050856918,0.0074501066,0.76010256,1.0388388,47.357396,49.196701,False,0.94627523,False,False,False,0.76010256,1.0388388,47.357396,49.196701,0.68847902,1.0264673,40.464699,41.535691,0.94619074,1.0715877,24.603477,26.364784,0.38646307,0.88716539,5.8567246,5.1958834,0.6569024,0.9828804,14.435541,14.18841,0.60374228,1.0477161,16.269,17.045293,0.66678305,1.0535397,18.152763,19.124658,0.74597709,1.0247457,28.293155,28.99329
init,init,-1,,8770,150.Sage_Thrasher/Sage_Thrasher_0095_796446.jpg,150,149,150.Sage_Thrasher,13,12,random_resized_crop,random_resized_crop,0,"{""area_fraction"":0.561565,""aspect"":0.872588,""fallback"":false,""height"":0.802223,""left"":0.108634,""top"":0.196663,""width"":0.70001}",4.6866789,4.6016569,-0.085021973,0.0092172502,0.010035192,0.017175926,0.012500764,-0.0079586757,-0.0024655722,0.0054931035,0.63053959,1.2808398,47.357396,60.657239,False,0.92123514,False,False,False,0.63053959,1.2808398,47.357396,60.657239,0.53347199,1.3114054,40.464699,53.065626,0.92092702,1.1942478,24.603477,29.382648,0.36793669,1.6038614,5.8567246,9.3933743,0.37787995,1.6081043,14.435541,23.213855,0.51176734,1.4555232,16.269,23.679906,0.51461761,1.3320067,18.152763,24.179603,0.62980998,1.1417069,28.293155,32.30249
init,init,-1,,8770,150.Sage_Thrasher/Sage_Thrasher_0095_796446.jpg,150,149,150.Sage_Thrasher,13,12,gaussian_blur,gaussian_blur,0,"{""sigma"":1.209348}",4.6866789,4.363934,-0.32274485,0.0092172502,0.012728215,0.017175926,0.019796051,-0.0079586757,-0.0070678359,0.00089083984,0.66521626,1.0691467,47.357396,50.632002,False,0.94512397,False,False,False,0.66521626,1.0691467,47.357396,50.632002,0.56650831,1.0818178,40.464699,43.775433,0.94503907,1.034094,24.603477,25.442308,0.37819171,1.0345503,5.8567246,6.0590759,0.34194982,1.1070933,14.435541,15.981491,0.34943475,1.2726009,16.269,20.703943,0.53942615,1.1098712,18.152763,20.14723,0.74990052,0.9931693,28.293155,28.099893
init,init,-1,,8770,150.Sage_Thrasher/Sage_Thrasher_0095_796446.jpg,150,149,150.Sage_Thrasher,13,12,random_erasing,random_erasing,0,"{""area_fraction"":0.117303,""erased"":true,""height"":0.319999,""left"":0.109435,""top"":0.361748,""width"":0.366573}",4.6866789,4.2425499,-0.44412899,0.0092172502,0.014370903,0.017175926,0.019859312,-0.0079586757,-0.0054884087,0.002470267,0.72561871,1.2288047,47.357396,58.19299,False,0.94639271,False,False,False,0.72561871,1.2288047,47.357396,58.19299,0.64726953,1.2411413,40.464699,50.222408,0.94615757,1.1947967,24.603477,29.396152,0.60066891,1.1900095,5.8567246,6.9695577,0.55750648,1.1752666,14.435541,16.965609,0.60359369,1.3016611,16.269,21.176725,0.59530573,1.256974,18.152763,22.817551,0.70908145,1.2328956,28.293155,34.882507
init,init,-1,,4112,071.Long_tailed_Jaeger/Long_Tailed_Jaeger_0054_797088.jpg,71,70,071.Long_tailed_Jaeger,86,85,identity,identity,0,{},5.512547,5.512547,0,0.0040358147,0.0040358147,0.019761074,0.019761074,-0.01572526,-0.01572526,0,1,1,44.010878,44.010878,False,0.99999988,True,False,False,1,1,44.010878,44.010878,1,1,37.065071,37.065071,1,1,23.730527,23.730527,1,1,7.5973928,7.5973928,1,1,12.747539,12.747539,1,1,15.370379,15.370379,1,1,15.912634,15.912634,1,1,25.770892,25.770892
init,init,-1,,4112,071.Long_tailed_Jaeger/Long_Tailed_Jaeger_0054_797088.jpg,71,70,071.Long_tailed_Jaeger,86,85,horizontal_flip,horizontal_flip,0,"{""flipped"":true}",5.512547,5.5239625,0.011415482,0.0040358147,0.0039900057,0.019761074,0.017858284,-0.01572526,-0.013868278,0.0018569818,0.67237302,1.1145084,44.010878,49.050495,False,0.94763106,False,False,False,0.67237302,1.1145084,44.010878,49.050495,0.55569394,1.102945,37.065071,40.880735,0.94752061,1.1422273,23.730527,27.105656,0.51966773,0.98369107,7.5973928,7.4734874,0.44118106,1.0698601,12.747539,13.638083,0.57426535,1.1726297,15.370379,18.023763,0.41083728,1.1127956,15.912634,17.707509,0.63598665,1.0913176,25.770892,28.124229
init,init,-1,,4112,071.Long_tailed_Jaeger/Long_Tailed_Jaeger_0054_797088.jpg,71,70,071.Long_tailed_Jaeger,86,85,color_jitter,color_jitter,0,"{""brightness"":0.702273,""contrast"":0.912562,""hue"":0.000702,""saturation"":1.132793}",5.512547,5.4477973,-0.064749718,0.0040358147,0.0043057781,0.019761074,0.023994392,-0.01572526,-0.019688614,-0.003963354,0.87173942,1.0228624,44.010878,45.017074,False,0.98511469,True,False,False,0.87173942,1.0228624,44.010878,45.017074,0.82401717,1.0140607,37.065071,37.586231,0.98508027,1.0440237,23.730527,24.775232,0.5407826,0.98436039,7.5973928,7.4785725,0.77361664,1.2048986,12.747539,15.359492,0.82591165,0.97963524,15.370379,15.057365,0.76857858,0.9486659,15.912634,15.095773,0.88694552,1.001607,25.770892,25.812306
init,init,-1,,4112,071.Long_tailed_Jaeger/Long_Tailed_Jaeger_0054_797088.jpg,71,70,071.Long_tailed_Jaeger,86,85,rotation,rotation,0,"{""angle"":-10.704844}",5.512547,5.6160879,0.1035409,0.0040358147,0.0036388489,0.019761074,0.0094294641,-0.01572526,-0.0057906152,0.0099346444,0.67525425,1.0703343,44.010878,47.10635,False,0.91132307,False,False,False,0.67525425,1.0703343,44.010878,47.10635,0.57319819,1.0519171,37.065071,38.98938,0.91112934,1.1139877,23.730527,26.435515,0.58955183,1.0377246,7.5973928,7.8840012,0.24499872,0.89566847,12.747539,11.417569,0.53441483,0.90153964,15.370379,13.857006,0.51464202,1.0531969,15.912634,16.759138,0.6719943,1.1344744,25.770892,29.236418
init,init,-1,,4112,071.Long_tailed_Jaeger/Long_Tailed_Jaeger_0054_797088.jpg,71,70,071.Long_tailed_Jaeger,86,85,random_resized_crop,random_resized_crop,0,"{""area_fraction"":0.889469,""aspect"":0.965564,""fallback"":false,""height"":0.959787,""left"":0.065306,""top"":0.02981,""width"":0.926736}",5.512547,5.5142121,0.0016651154,0.0040358147,0.0040291008,0.019761074,0.017619001,-0.01572526,-0.0135899,0.0021353597,0.79431265,1.1204932,44.010878,49.313891,False,0.96948677,True,False,False,0.79431265,1.1204932,44.010878,49.313891,0.73175341,1.155621,37.065071,42.833174,0.96944934,1.029781,23.730527,24.437247,0.56520538,1.6348336,7.5973928,12.420473,0.68151533,1.296274,12.747539,16.524303,0.71910217,1.2154219,15.370379,18.681495,0.68332312,1.1279402,15.912634,17.9485,0.80544227,1.0528642,25.770892,27.133249
init,init,-1,,4112,071.Long_tailed_Jaeger/Long_Tailed_Jaeger_0054_797088.jpg,71,70,071.Long_tailed_Jaeger,86,85,gaussian_blur,gaussian_blur,0,"{""sigma"":1.825447}",5.512547,5.7472358,0.23468876,0.0040358147,0.003191591,0.019761074,0.017740667,-0.01572526,-0.014549076,0.0011761838,0.65830885,1.2316841,44.010878,54.207499,False,0.91950011,False,False,False,0.65830885,1.2316841,44.010878,54.207499,0.54856685,1.2221674,37.065071,45.29972,0.91927151,1.2545981,23.730527,29.772274,0.20076654,1.3296399,7.5973928,10.101796,0.34289615,1.1275424,12.747539,14.373391,0.49512011,1.2079264,15.370379,18.566287,0.5218488,1.2914885,15.912634,20.550984,0.65926398,1.2124914,25.770892,31.246985
init,init,-1,,4112,071.Long_tailed_Jaeger/Long_Tailed_Jaeger_0054_797088.jpg,71,70,071.Long_tailed_Jaeger,86,85,random_erasing,random_erasing,0,"{""area_fraction"":0.154992,""erased"":true,""height"":0.268895,""left"":0.212282,""top"":0.433465,""width"":0.576402}",5.512547,5.3704491,-0.14209795,0.0040358147,0.0046520419,0.019761074,0.020408355,-0.01572526,-0.015756313,-3.1053089e-05,0.67931142,1.1793655,44.010878,51.904912,False,0.91049224,True,False,False,0.67931142,1.1793655,44.010878,51.904912,0.57814676,1.153787,37.065071,42.765197,0.9102467,1.2395538,23.730527,29.415265,0.4344919,1.4470308,7.5973928,10.993661,0.4499155,1.1365687,12.747539,14.488454,0.54665991,1.1393954,15.370379,17.512939,0.52381307,1.1013217,15.912634,17.524929,0.65742252,1.1538797,25.770892,29.736509
init,init,-1,,6465,111.Loggerhead_Shrike/Loggerhead_Shrike_0119_105138.jpg,111,110,111.Loggerhead_Shrike,129,128,identity,identity,0,{},5.2289753,5.2289753,0,0.0053590131,0.0053590131,0.021432154,0.021432154,-0.016073141,-0.016073141,0,1,1,42.586811,42.586811,False,1,True,False,False,1,1,42.586811,42.586811,1,1,35.778378,35.778378,1,1,23.098574,23.098574,1,1,6.0645142,6.0645142,1,1,12.349444,12.349444,1,1,14.79964,14.79964,1,1,15.192144,15.192144,1,1,25.317477,25.317477
init,init,-1,,6465,111.Loggerhead_Shrike/Loggerhead_Shrike_0119_105138.jpg,111,110,111.Loggerhead_Shrike,129,128,horizontal_flip,horizontal_flip,0,"{""flipped"":true}",5.2289753,5.2960315,0.067056179,0.0053590131,0.0050114426,0.021432154,0.026307069,-0.016073141,-0.021295626,-0.0052224854,0.65102857,1.1839472,42.586811,50.420533,False,0.95377696,True,False,False,0.65102857,1.1839472,42.586811,50.420533,0.53220845,1.203293,35.778378,43.051872,0.95371055,1.1361897,23.098574,26.24436,0.41997913,0.99301011,6.0645142,6.0221239,0.34359716,1.3185442,12.349444,16.283288,0.45331814,1.2106443,14.79964,17.917101,0.37385091,1.1859537,15.192144,18.017179,0.6727773,1.1891651,25.317477,30.106661
init,init,-1,,6465,111.Loggerhead_Shrike/Loggerhead_Shrike_0119_105138.jpg,111,110,111.Loggerhead_Shrike,129,128,color_jitter,color_jitter,0,"{""brightness"":1.015257,""contrast"":1.125734,""hue"":-0.096999,""saturation"":0.82247}",5.2289753,5.2056236,-0.023351669,0.0053590131,0.0054856283,0.021432154,0.030563788,-0.016073141,-0.02507816,-0.0090050194,0.75793999,1.1403282,42.586811,48.56294,False,0.93314832,True,False,False,0.75793999,1.1403282,42.586811,48.56294,0.68222553,1.1269341,35.778378,40.319876,0.93303858,1.1718393,23.098574,27.067817,0.72553183,1.0886888,6.0645142,6.6023688,0.57313009,1.1806674,12.349444,14.580586,0.60843951,1.1190118,14.79964,16.560972,0.63173928,1.094203,15.192144,16.623289,0.74982449,1.1303089,25.317477,28.61657
init,init,-1,,6465,111.Loggerhead_Shrike/Loggerhead_Shrike_0119_105138.jpg,111,110,111.Loggerhead_Shrike,129,128,rotation,rotation,0,"{""angle"":6.177638}",5.2289753,5.2651649,0.036189556,0.0053590131,0.0051685409,0.021432154,0.02102555,-0.016073141,-0.015857009,0.00021613203,0.75180162,1.1671389,42.586811,49.704725,False,0.95842087,False,False,False,0.75180162,1.1671389,42.586811,49.704725,0.65920249,1.1378178,35.778378,40.709274,0.95827041,1.2346508,23.098574,28.518672,0.62814935,1.1768158,6.0645142,7.1368159,0.51219571,1.080117,12.349444,13.338845,0.64594786,1.1646784,14.79964,17.236822,0.51362233,1.1072222,15.192144,16.821078,0.74931006,1.1504343,25.317477,29.126095
init,init,-1,,6465,111.Loggerhead_Shrike/Loggerhead_Shrike_0119_105138.jpg,111,110,111.Loggerhead_Shrike,129,128,random_resized_crop,random_resized_crop,0,"{""area_fraction"":0.662642,""aspect"":1.024553,""fallback"":false,""height"":0.804215,""left"":0.112333,""top"":0.116177,""width"":0.823961}",5.2289753,5.6145906,0.38561535,0.0053590131,0.0036442999,0.021432154,0.036025219,-0.016073141,-0.032380919,-0.016307778,0.75143381,1.2101413,42.586811,51.536057,False,0.96047974,True,False,False,0.75143381,1.2101413,42.586811,51.536057,0.66328815,1.2055569,35.778378,43.132871,0.9602715,1.2210699,23.098574,28.204974,0.49440086,1.5072661,6.0645142,9.1408369,0.66935672,1.5683277,12.349444,19.367976,0.66198257,1.1933823,14.79964,17.661629,0.54353618,1.107526,15.192144,16.825694,0.72886923,1.1218758,25.317477,28.403065
init,init,-1,,6465,111.Loggerhead_Shrike/Loggerhead_Shrike_0119_105138.jpg,111,110,111.Loggerhead_Shrike,129,128,gaussian_blur,gaussian_blur,0,"{""sigma"":1.028513}",5.2289753,5.5066071,0.27763176,0.0053590131,0.0040598586,0.021432154,0.035725147,-0.016073141,-0.031665288,-0.015592147,0.77947581,1.2023702,42.586811,51.205112,False,0.96384853,True,False,False,0.77947581,1.2023702,42.586811,51.205112,0.70705675,1.2209063,35.778378,43.682048,0.96368781,1.1566872,23.098574,26.717825,0.58893303,1.3390921,6.0645142,8.1209431,0.6291327,1.3093227,12.349444,16.169408,0.63213914,1.2909097,14.79964,19.105,0.62979652,1.244358,15.192144,18.904466,0.79650101,1.1572036,25.317477,29.297475
init,init,-1,,6465,111.Loggerhead_Shrike/Loggerhead_Shrike_0119_105138.jpg,111,110,111.Loggerhead_Shrike,129,128,random_erasing,random_erasing,0,"{""area_fraction"":0.191309,""erased"":true,""height"":0.335971,""left"":0.126665,""top"":0.147326,""width"":0.569422}",5.2289753,5.3715196,0.14254427,0.0053590131,0.004647065,0.021432154,0.017378813,-0.016073141,-0.012731748,0.0033413931,0.57207353,1.2038135,42.586811,51.266579,False,0.8971563,True,False,False,0.57207353,1.2038135,42.586811,51.266579,0.44353381,1.221262,35.778378,43.694774,0.8970364,1.1608818,23.098574,26.814713,0.18982783,1.0103863,6.0645142,6.1275018,0.28200418,1.1934321,12.349444,14.738223,0.35817128,1.1943792,14.79964,17.676382,0.38794788,1.3429842,15.192144,20.402808,0.54661006,1.2017793,25.317477,30.426021
init,init,-1,,2001,036.Northern_Flicker/Northern_Flicker_0037_28751.jpg,36,35,036.Northern_Flicker,129,128,identity,identity,0,{},5.3563004,5.3563004,0,0.0047183307,0.0047183307,0.027341807,0.027341807,-0.022623477,-0.022623477,0,1,1,46.661925,46.661925,False,1,True,False,False,1,1,46.661925,46.661925,1,1,38.256921,38.256921,1,1,26.715973,26.715973,1,1,4.4149724,4.4149724,1,1,11.113325,11.113325,1,1,15.921977,15.921977,1,1,16.441457,16.441457,1,1,28.226994,28.226994
init,init,-1,,2001,036.Northern_Flicker/Northern_Flicker_0037_28751.jpg,36,35,036.Northern_Flicker,129,128,horizontal_flip,horizontal_flip,0,"{""flipped"":true}",5.3563004,5.3721409,0.01584053,0.0047183307,0.0046441769,0.027341807,0.042219739,-0.022623477,-0.037575562,-0.014952086,0.6489781,0.92698303,46.661925,43.254813,False,0.94981164,True,False,False,0.6489781,0.92698303,46.661925,43.254813,0.49897424,0.91985166,38.256921,35.190693,0.94963765,0.94143757,26.715973,25.151421,0.23977903,1.2052757,4.4149724,5.3212591,0.2505212,1.0176501,11.113325,11.309476,0.28506878,0.84981532,15.921977,13.53074,0.41443731,0.92037462,16.441457,15.1323,0.64338816,0.91707389,28.226994,25.886239
init,init,-1,,2001,036.Northern_Flicker/Northern_Flicker_0037_28751.jpg,36,35,036.Northern_Flicker,129,128,color_jitter,color_jitter,0,"{""brightness"":0.87569,""contrast"":0.849528,""hue"":-0.025919,""saturation"":1.303166}",5.3563004,5.3997917,0.043491364,0.0047183307,0.0045175217,0.027341807,0.030228587,-0.022623477,-0.025711065,-0.0030875886,0.90614692,0.99679262,46.661925,46.512263,False,0.99049145,True,False,False,0.90614692,0.99679262,46.661925,46.512263,0.86592757,1.0034885,38.256921,38.390382,0.99047756,0.9829194,26.715973,26.259648,0.49336101,1.1321837,4.4149724,4.9985598,0.72450333,1.0913332,11.113325,12.12834,0.84488546,0.9560171,15.921977,15.221683,0.83377805,1.0086256,16.441457,16.583274,0.91864371,0.99891466,28.226994,28.196358
init,init,-1,,2001,036.Northern_Flicker/Northern_Flicker_0037_28751.jpg,36,35,036.Northern_Flicker,129,128,rotation,rotation,0,"{""angle"":-11.595545}",5.3563004,5.574213,0.21791267,0.0047183307,0.0037944615,0.027341807,0.034695625,-0.022623477,-0.030901164,-0.0082776872,0.7315152,1.0546402,46.661925,49.211543,False,0.95765823,True,False,False,0.7315152,1.0546402,46.661925,49.211543,0.62068461,1.0527481,38.256921,40.274901,0.95755317,1.0585096,26.715973,28.279114,0.33300407,1.3831708,4.4149724,6.106661,0.44569801,1.2489518,11.113325,13.880006,0.54298755,0.98607298,15.921977,15.700232,0.50799609,1.0577846,16.441457,17.391521,0.72913833,1.0287036,28.226994,29.037209
init,init,-1,,2001,036.Northern_Flicker/Northern_Flicker_0037_28751.jpg,36,35,036.Northern_Flicker,129,128,random_resized_crop,random_resized_crop,0,"{""area_fraction"":0.539865,""aspect"":0.842723,""fallback"":false,""height"":0.800388,""left"":0.309179,""top"":0.054185,""width"":0.674505}",5.3563004,5.0307722,-0.32552814,0.0047183307,0.0065337648,0.027341807,0.045147028,-0.022623477,-0.038613263,-0.015989786,0.64867431,1.08243,46.661925,50.508266,False,0.92346931,True,False,False,0.64867431,1.08243,46.661925,50.508266,0.50001331,1.0392146,38.256921,39.757152,0.92313903,1.166048,26.715973,31.152107,0.089552613,0.97539908,4.4149724,4.30636,0.22002167,0.9786605,11.113325,10.876172,0.38124097,0.97011134,15.921977,15.446091,0.37719794,1.0637296,16.441457,17.489265,0.62610157,1.0624222,28.226994,29.988984
init,init,-1,,2001,036.Northern_Flicker/Northern_Flicker_0037_28751.jpg,36,35,036.Northern_Flicker,129,128,gaussian_blur,gaussian_blur,0,"{""sigma"":1.23262}",5.3563004,4.9297056,-0.42659473,0.0047183307,0.0072286315,0.027341807,0.039764255,-0.022623477,-0.032535624,-0.0099121472,0.73899379,1.0500011,46.661925,48.995071,False,0.94780409,True,False,False,0.73899379,1.0500011,46.661925,48.995071,0.63578083,1.0450095,38.256921,39.978845,0.94766688,1.0601632,26.715973,28.323293,0.25088718,1.2745903,4.4149724,5.6272809,0.41488907,1.2841808,11.113325,14.271518,0.52264839,1.0264854,15.921977,16.343677,0.54897136,1.0737864,16.441457,17.654612,0.76541785,0.9920623,28.226994,28.002936
init,init,-1,,2001,036.Northern_Flicker/Northern_Flicker_0037_28751.jpg,36,35,036.Northern_Flicker,129,128,random_erasing,random_erasing,0,"{""area_fraction"":0.099457,""erased"":true,""height"":0.244929,""left"":0.552922,""top"":0.308787,""width"":0.406065}",5.3563004,5.2095203,-0.14678001,0.0047183307,0.0054642931,0.027341807,0.028108491,-0.022623477,-0.022644198,-2.0720996e-05,0.85118629,1.0224639,46.661925,47.710132,False,0.97172642,True,False,False,0.85118629,1.0224639,46.661925,47.710132,0.79392554,1.0305481,38.256921,39.425599,0.9716795,1.0056831,26.715973,26.867804,0.74025643,1.1293518,4.4149724,4.986057,0.7643655,1.02362,11.113325,11.375821,0.79056139,1.0246199,15.921977,16.313975,0.75086051,1.0605395,16.441457,17.436814,0.81648115,1.0205948,28.226994,28.808323
init,init,-1,,7827,134.Cape_Glossy_Starling/Cape_Glossy_Starling_0043_129358.jpg,134,133,134.Cape_Glossy_Starling,58,57,identity,identity,0,{},4.9844561,4.9844561,0,0.006843498,0.006843498,0.019654281,0.019654281,-0.012810783,-0.012810783,0,1,1,34.293027,34.293027,False,1,True,False,False,1,1,34.293027,34.293027,1,1,27.536345,27.536345,1,1,20.439213,20.439213,1,1,4.1143216,4.1143216,1,1,8.2190966,8.2190966,1,1,10.006296,10.006296,1,1,10.550013,10.550013,1,1,21.502101,21.502101
init,init,-1,,7827,134.Cape_Glossy_Starling/Cape_Glossy_Starling_0043_129358.jpg,134,133,134.Cape_Glossy_Starling,58,57,horizontal_flip,horizontal_flip,0,"{""flipped"":true}",4.9844561,4.7418098,-0.24264622,0.006843498,0.0087228427,0.019654281,0.017230636,-0.012810783,-0.0085077928,0.0043029906,0.70729509,1.0705835,34.293027,36.71355,False,0.95306975,False,False,False,0.70729509,1.0705835,34.293027,36.71355,0.57279156,1.0730876,27.536345,29.54891,0.95305096,1.0660235,20.439213,21.788682,0.10571157,0.81631941,4.1143216,3.3586006,0.43230716,1.1231087,8.2190966,9.2309386,0.52268017,1.1214766,10.006296,11.221826,0.37480509,1.0132084,10.550013,10.689362,0.66431658,1.0771745,21.502101,23.161516
init,init,-1,,7827,134.Cape_Glossy_Starling/Cape_Glossy_Starling_0043_129358.jpg,134,133,134.Cape_Glossy_Starling,58,57,color_jitter,color_jitter,0,"{""brightness"":0.943933,""contrast"":0.609591,""hue"":0.020459,""saturation"":1.042706}",4.9844561,5.0274391,0.042983055,0.006843498,0.0065555787,0.019654281,0.019658031,-0.012810783,-0.013102452,-0.00029166881,0.87002652,1.0417955,34.293027,35.726323,False,0.97222382,True,False,False,0.87002652,1.0417955,34.293027,35.726323,0.81690156,1.0602228,27.536345,29.19466,0.97224024,1.0074888,20.439213,20.592279,0.77741503,1.1061405,4.1143216,4.5510176,0.70393183,1.1831292,8.2190966,9.7242529,0.73446187,1.1421736,10.006296,11.428926,0.76732721,1.068946,10.550013,11.277394,0.8723044,1.0181284,21.502101,21.891901
init,init,-1,,7827,134.Cape_Glossy_Starling/Cape_Glossy_Starling_0043_129358.jpg,134,133,134.Cape_Glossy_Starling,58,57,rotation,rotation,0,"{""angle"":12.826031}",4.9844561,4.7453461,-0.23910999,0.006843498,0.0086920522,0.019654281,0.02234208,-0.012810783,-0.013650028,-0.00083924457,0.68882258,1.184178,34.293027,40.609047,False,0.9324457,True,False,False,0.68882258,1.184178,34.293027,40.609047,0.55068721,1.1714573,27.536345,32.257651,0.93237045,1.206924,20.439213,24.668576,0.041045318,1.0792121,4.1143216,4.4402256,0.1317643,1.1286208,8.2190966,9.2762431,0.43430796,1.1024945,10.006296,11.031886,0.41904904,1.1700511,10.550013,12.344054,0.68001228,1.1954343,21.502101,25.70435
init,init,-1,,7827,134.Cape_Glossy_Starling/Cape_Glossy_Starling_0043_129358.jpg,134,133,134.Cape_Glossy_Starling,58,57,random_resized_crop,random_resized_crop,0,"{""area_fraction"":0.747031,""aspect"":1.120724,""fallback"":false,""height"":0.816432,""left"":0.038608,""top"":0.008278,""width"":0.914995}",4.9844561,4.7505026,-0.23395348,0.006843498,0.0086473506,0.019654281,0.020028954,-0.012810783,-0.011381604,0.0014291797,0.774881,1.092409,34.293027,37.462013,False,0.96306944,True,False,False,0.774881,1.092409,34.293027,37.462013,0.66715654,1.0764274,27.536345,29.640877,0.96306017,1.1208341,20.439213,22.908967,0.67034823,1.1002476,4.1143216,4.5267725,0.42746221,1.0522537,8.2190966,8.6485752,0.51588367,1.0607949,10.006296,10.614628,0.48997123,1.0703981,10.550013,11.292713,0.7752948,1.083821,21.502101,23.304428
init,init,-1,,7827,134.Cape_Glossy_Starling/Cape_Glossy_Starling_0043_129358.jpg,134,133,134.Cape_Glossy_Starling,58,57,gaussian_blur,gaussian_blur,0,"{""sigma"":1.675276}",4.9844561,4.7887158,-0.19574022,0.006843498,0.0083231376,0.019654281,0.030286834,-0.012810783,-0.021963696,-0.0091529125,0.6848654,1.212426,34.293027,41.577759,False,0.9308365,True,False,False,0.6848654,1.212426,34.293027,41.577759,0.54089398,1.1836999,27.536345,32.594769,0.9306957,1.2628967,20.439213,25.812614,0.15544396,1.2499573,4.1143216,5.1427265,0.24373512,1.2410727,8.2190966,10.200497,0.32678612,1.2918354,10.006296,12.926487,0.38511472,1.2240088,10.550013,12.913308,0.69795405,1.137356,21.502101,24.455543
init,init,-1,,7827,134.Cape_Glossy_Starling/Cape_Glossy_Starling_0043_129358.jpg,134,133,134.Cape_Glossy_Starling,58,57,random_erasing,random_erasing,0,"{""area_fraction"":0.061941,""erased"":true,""height"":0.301767,""left"":0.367351,""top"":0.545842,""width"":0.20526}",4.9844561,5.0042329,0.019776821,0.006843498,0.0067094853,0.019654281,0.026301481,-0.012810783,-0.019591996,-0.0067812121,0.84656938,1.0688603,34.293027,36.654454,False,0.9605698,True,False,False,0.84656938,1.0688603,34.293027,36.654454,0.78621047,1.0824741,27.536345,29.80738,0.96056088,1.0436971,20.439213,21.332348,0.73837246,1.1294159,4.1143216,4.6467802,0.71245242,1.155062,8.2190966,9.4935659,0.7645884,1.1621413,10.006296,11.62873,0.73224091,1.0828009,10.550013,11.423563,0.81959283,1.0513424,21.502101,22.60607
init,init,-1,,11579,197.Marsh_Wren/Marsh_Wren_0094_188710.jpg,197,196,197.Marsh_Wren,58,57,identity,identity,0,{},6.2188253,6.2188253,0,0.001991584,0.001991584,0.019549847,0.019549847,-0.017558263,-0.017558263,0,1,1,45.42022,45.42022,False,1,True,False,False,1,1,45.42022,45.42022,1,1,38.432883,38.432883,1,1,24.205575,24.205575,1,1,4.9577587,4.9577587,1,1,14.143189,14.143189,1,1,16.370474,16.370474,1,1,17.274804,17.274804,1,1,26.192863,26.192863
init,init,-1,,11579,197.Marsh_Wren/Marsh_Wren_0094_188710.jpg,197,196,197.Marsh_Wren,58,57,horizontal_flip,horizontal_flip,0,"{""flipped"":true}",6.2188253,6.198266,-0.020559311,0.001991584,0.0020329531,0.019549847,0.016209289,-0.017558263,-0.014176336,0.0033819263,0.6750416,1.0108046,45.42022,45.910969,False,0.9563899,False,False,False,0.6750416,1.0108046,45.42022,45.910969,0.55838014,0.9971613,38.432883,38.323784,0.95635282,1.0444089,24.205575,25.280519,0.55333838,0.91839811,4.9577587,4.5531962,0.52043339,0.93825846,14.143189,13.269967,0.50860438,0.94977184,16.370474,15.548216,0.40352315,0.91514214,17.274804,15.808901,0.64597185,1.0664136,26.192863,27.932426
init,init,-1,,11579,197.Marsh_Wren/Marsh_Wren_0094_188710.jpg,197,196,197.Marsh_Wren,58,57,color_jitter,color_jitter,0,"{""brightness"":0.741961,""contrast"":0.607853,""hue"":0.062997,""saturation"":0.77137}",6.2188253,5.9480715,-0.27075386,0.001991584,0.0026108711,0.019549847,0.022788038,-0.017558263,-0.020177167,-0.0026189047,0.76328125,1.0611196,45.42022,48.196284,False,0.9623583,False,False,False,0.76328125,1.0611196,45.42022,48.196284,0.68459817,1.0621042,38.432883,40.819728,0.96229566,1.0586331,24.205575,25.624823,0.35678549,1.6109684,4.9577587,7.9867923,0.47719673,1.2728683,14.143189,18.002416,0.66835386,1.0634095,16.370474,17.408518,0.6737523,0.97158508,17.274804,16.783942,0.8010152,1.0054881,26.192863,26.336612
init,init,-1,,11579,197.Marsh_Wren/Marsh_Wren_0094_188710.jpg,197,196,197.Marsh_Wren,58,57,rotation,rotation,0,"{""angle"":-4.841934}",6.2188253,6.3448334,0.12600803,0.001991584,0.0017557957,0.019549847,0.020179341,-0.017558263,-0.018423545,-0.00086528226,0.78469271,1.0944953,45.42022,49.712216,False,0.95576721,False,False,False,0.78469271,1.0944953,45.42022,49.712216,0.71584368,1.0896512,38.432883,41.878437,0.95566831,1.1066131,24.205575,26.786207,0.59695875,1.1967846,4.9577587,5.9333694,0.69965041,1.2698823,14.143189,17.960186,0.71033371,1.123832,16.370474,18.397663,0.63685005,1.0200065,17.274804,17.620412,0.76696605,1.0435177,26.192863,27.332717
init,init,-1,,11579,197.Marsh_Wren/Marsh_Wren_0094_188710.jpg,197,196,197.Marsh_Wren,58,57,random_resized_crop,random_resized_crop,0,"{""area_fraction"":0.550486,""aspect"":1.079411,""fallback"":false,""height"":0.714134,""left"":0.213234,""top"":0.139145,""width"":0.770844}",6.2188253,6.1114893,-0.10733604,0.001991584,0.002217246,0.019549847,0.019609855,-0.017558263,-0.01739261,0.00016565318,0.72484529,1.0800529,45.42022,49.05624,False,0.94107157,False,False,False,0.72484529,1.0800529,45.42022,49.05624,0.63274358,1.0547009,38.432883,40.535198,0.9409703,1.1414692,24.205575,27.629919,0.50388381,1.0900897,4.9577587,5.4044018,0.4670777,0.95872986,14.143189,13.559497,0.6238154,1.0435232,16.370474,17.082969,0.57046418,1.052269,17.274804,18.177741,0.71070727,1.0850823,26.192863,28.421411
init,init,-1,,11579,197.Marsh_Wren/Marsh_Wren_0094_188710.jpg,197,196,197.Marsh_Wren,58,57,gaussian_blur,gaussian_blur,0,"{""sigma"":1.064016}",6.2188253,5.9878941,-0.23093128,0.001991584,0.0025089413,0.019549847,0.017322088,-0.017558263,-0.014813146,0.0027451164,0.78447612,0.99904042,45.42022,45.376636,False,0.95334017,False,False,False,0.78447612,0.99904042,45.42022,45.376636,0.71267578,0.97510432,38.432883,37.476071,0.95324775,1.0569806,24.205575,25.584824,0.57908562,1.0421908,4.9577587,5.1669303,0.59613365,1.0130458,14.143189,14.327699,0.65626468,0.95713616,16.370474,15.668773,0.65622284,0.9392282,17.274804,16.224983,0.79813292,0.983576,26.192863,25.762671
init,init,-1,,11579,197.Marsh_Wren/Marsh_Wren_0094_188710.jpg,197,196,197.Marsh_Wren,58,57,random_erasing,random_erasing,0,"{""area_fraction"":0.167045,""erased"":true,""height"":0.70258,""left"":0.402744,""top"":0.259077,""width"":0.23776}",6.2188253,6.1922827,-0.026542664,0.001991584,0.0020451532,0.019549847,0.010124532,-0.017558263,-0.0080793784,0.0094788843,0.49174809,1.4861017,45.42022,67.499067,False,0.78242779,False,False,False,0.49174809,1.4861017,45.42022,67.499067,0.40154645,1.5654906,38.432883,60.166317,0.78191749,1.2640219,24.205575,30.596378,0.3341,1.4275914,4.9577587,7.0776535,0.49211355,1.7590542,14.143189,24.878635,0.43708863,1.7298175,16.370474,28.317934,0.3006083,1.5185634,17.274804,26.232885,0.40433506,1.45923,26.192863,38.221412
init,init,-1,,7688,132.White_crowned_Sparrow/White_Crowned_Sparrow_0087_128008.jpg,132,131,132.White_crowned_Sparrow,129,128,identity,identity,0,{},5.3068366,5.3068366,0,0.0049575847,0.0049575847,0.02813144,0.02813144,-0.023173856,-0.023173856,0,1,1,51.691517,51.691517,False,0.99999994,True,False,False,1,1,51.691517,51.691517,1,1,43.672652,43.672652,1,1,27.653433,27.653433,1,1,5.2039505,5.2039505,1,1,16.585717,16.585717,1,1,18.661541,18.661541,1,1,18.48875,18.48875,1,1,30.249735,30.249735
init,init,-1,,7688,132.White_crowned_Sparrow/White_Crowned_Sparrow_0087_128008.jpg,132,131,132.White_crowned_Sparrow,129,128,horizontal_flip,horizontal_flip,0,"{""flipped"":true}",5.3068366,5.6337471,0.3269105,0.0049575847,0.0035751527,0.02813144,0.027988885,-0.023173856,-0.024413732,-0.0012398763,0.63381504,0.92196775,51.691517,47.657912,False,0.94135189,True,False,False,0.63381504,0.92196775,51.691517,47.657912,0.50986515,0.92050541,43.672652,40.200913,0.94126722,0.92560497,27.653433,25.596155,0.33161173,1.1559773,5.2039505,6.0156487,0.3311114,0.85670374,16.585717,14.209046,0.42944953,0.88507363,18.661541,16.516838,0.36861212,0.96699416,18.48875,17.878513,0.65168975,0.92656091,30.249735,28.028222
init,init,-1,,7688,132.White_crowned_Sparrow/White_Crowned_Sparrow_0087_128008.jpg,132,131,132.White_crowned_Sparrow,129,128,color_jitter,color_jitter,0,"{""brightness"":0.71096,""contrast"":0.969036,""hue"":-0.007463,""saturation"":0.623073}",5.3068366,5.1952615,-0.11157513,0.0049575847,0.0055427663,0.02813144,0.033117432,-0.023173856,-0.027574666,-0.0044008102,0.84687237,1.0353375,51.691517,53.518166,False,0.97280681,True,False,False,0.84687237,1.0353375,51.691517,53.518166,0.79957982,1.0516965,43.672652,45.930374,0.97275356,0.99336272,27.653433,27.46989,0.04254177,1.4458579,5.2039505,7.5241729,0.67774025,1.1086055,16.585717,18.387017,0.80603568,1.0571484,18.661541,19.728017,0.78054547,1.011994,18.48875,18.710503,0.87713755,1.0325715,30.249735,31.235014
init,init,-1,,7688,132.White_crowned_Sparrow/White_Crowned_Sparrow_0087_128008.jpg,132,131,132.White_crowned_Sparrow,129,128,rotation,rotation,0,"{""angle"":-0.160633}",5.3068366,5.3159494,0.0091128349,0.0049575847,0.004912612,0.02813144,0.028648781,-0.023173856,-0.023736169,-0.00056231301,0.96320917,0.99902081,51.691517,51.640901,False,0.99772954,True,False,False,0.96320917,0.99902081,51.691517,51.640901,0.94915056,0.99336547,43.672652,43.382904,0.99772489,1.0129885,27.653433,28.012609,0.74633835,0.97038868,5.2039505,5.0498546,0.92416741,0.94465266,16.585717,15.667742,0.93813364,0.97082883,18.661541,18.117162,0.94108176,1.0129341,18.48875,18.727886,0.96963363,1.0092927,30.249735,30.530836
init,init,-1,,7688,132.White_crowned_Sparrow/White_Crowned_Sparrow_0087_128008.jpg,132,131,132.White_crowned_Sparrow,129,128,random_resized_crop,random_resized_crop,0,"{""area_fraction"":0.624229,""aspect"":1.007171,""fallback"":false,""height"":0.787264,""left"":0.038183,""top"":0.163319,""width"":0.792909}",5.3068366,5.5668249,0.25998831,0.0049575847,0.0038225979,0.02813144,0.054900277,-0.023173856,-0.051077679,-0.027903824,0.71401027,1.2489753,51.691517,64.561426,False,0.9434135,True,False,False,0.71401027,1.2489753,51.691517,64.561426,0.62455089,1.2575026,43.672652,54.918473,0.94274786,1.2274488,27.653433,33.943175,-0.013179362,1.4880308,5.2039505,7.7436385,0.5687582,1.3762286,16.585717,22.825739,0.59897337,1.3905026,18.661541,25.94892,0.55717652,1.2725716,18.48875,23.528258,0.714008,1.1490427,30.249735,34.758236
init,init,-1,,7688,132.White_crowned_Sparrow/White_Crowned_Sparrow_0087_128008.jpg,132,131,132.White_crowned_Sparrow,129,128,gaussian_blur,gaussian_blur,0,"{""sigma"":1.494734}",5.3068366,5.279315,-0.02752161,0.0049575847,0.0050959187,0.02813144,0.035329036,-0.023173856,-0.030233118,-0.0070592621,0.70315818,1.1638934,51.691517,60.163414,False,0.91897249,True,False,False,0.70315818,1.1638934,51.691517,60.163414,0.61707189,1.1650868,43.672652,50.882431,0.91864503,1.1609114,27.653433,32.103186,0.1580951,1.7666419,5.2039505,9.1935169,0.54308893,1.1835395,16.585717,19.629852,0.60495272,1.3766149,18.661541,25.689756,0.53273824,1.114573,18.48875,20.607061,0.71314372,1.0632988,30.249735,32.164506
init,init,-1,,7688,132.White_crowned_Sparrow/White_Crowned_Sparrow_0087_128008.jpg,132,131,132.White_crowned_Sparrow,129,128,random_erasing,random_erasing,0,"{""area_fraction"":0.155934,""erased"":true,""height"":0.655972,""left"":0.315334,""top"":0.110228,""width"":0.237715}",5.3068366,5.6524439,0.34560728,0.0049575847,0.0035089315,0.02813144,0.041276563,-0.023173856,-0.037767631,-0.014593776,0.64402184,1.2042236,51.691517,62.248146,False,0.91552114,True,False,False,0.64402184,1.2042236,51.691517,62.248146,0.53494142,1.2029151,43.672652,52.534494,0.91505835,1.207481,27.653433,33.390995,0.58607155,1.5819424,5.2039505,8.23235,0.38060138,1.1855468,16.585717,19.663143,0.52023065,1.2290557,18.661541,22.936073,0.4373206,1.2144104,18.48875,22.452929,0.62382318,1.1805343,30.249735,35.710851
init,init,-1,,6623,114.Black_throated_Sparrow/Black_Throated_Sparrow_0033_107042.jpg,114,113,114.Black_throated_Sparrow,95,94,identity,identity,0,{},5.3123636,5.3123636,0,0.0049302601,0.0049302601,0.024293818,0.024293818,-0.019363557,-0.019363557,0,1,1,45.806333,45.806333,False,1.0000001,True,False,False,1,1,45.806333,45.806333,1,1,37.875164,37.875164,1,1,25.762223,25.762223,1,1,5.8823136,5.8823136,1,1,11.866383,11.866383,1,1,16.105001,16.105001,1,1,17.630689,17.630689,1,1,26.246965,26.246965
init,init,-1,,6623,114.Black_throated_Sparrow/Black_Throated_Sparrow_0033_107042.jpg,114,113,114.Black_throated_Sparrow,95,94,horizontal_flip,horizontal_flip,0,"{""flipped"":true}",5.3123636,5.3954058,0.083042145,0.0049302601,0.0045373784,0.024293818,0.025468608,-0.019363557,-0.02093123,-0.0015676725,0.71500427,1.1243989,45.806333,51.50459,False,0.95939642,True,False,False,0.71500427,1.1243989,45.806333,51.50459,0.61361216,1.1576689,37.875164,43.846899,0.95933879,1.0488885,25.762223,27.021699,0.37559167,0.99250319,5.8823136,5.838215,0.60264584,1.6174632,11.866383,19.193438,0.59668126,1.2812856,16.105001,20.635105,0.52551518,1.0949239,17.630689,19.304262,0.69741161,1.0234671,26.246965,26.862905
init,init,-1,,6623,114.Black_throated_Sparrow/Black_Throated_Sparrow_0033_107042.jpg,114,113,114.Black_throated_Sparrow,95,94,color_jitter,color_jitter,0,"{""brightness"":0.773013,""contrast"":1.314996,""hue"":0.05536,""saturation"":0.866379}",5.3123636,5.029026,-0.28333759,0.0049302601,0.0065451819,0.024293818,0.02465055,-0.019363557,-0.018105368,0.0012581898,0.87088586,0.99493828,45.806333,45.574474,False,0.97014993,True,False,False,0.87088586,0.99493828,45.806333,45.574474,0.82427242,0.98984452,37.875164,37.490524,0.97010993,1.00586,25.762223,25.913189,0.67988368,0.91215972,5.8823136,5.3656095,0.72763756,1.0537161,11.866383,12.503799,0.83775379,0.97911307,16.105001,15.768617,0.78698587,0.98107967,17.630689,17.297111,0.86422052,0.98807098,26.246965,25.933864
init,init,-1,,6623,114.Black_throated_Sparrow/Black_Throated_Sparrow_0033_107042.jpg,114,113,114.Black_throated_Sparrow,95,94,rotation,rotation,0,"{""angle"":5.838589}",5.3123636,5.2689872,-0.043376446,0.0049302601,0.0051488238,0.024293818,0.018461766,-0.019363557,-0.013312942,0.0060506156,0.70246266,1.0252977,45.806333,46.96513,False,0.9105947,False,False,False,0.70246266,1.0252977,45.806333,46.96513,0.59897719,0.99841116,37.875164,37.814986,0.91050893,1.0811293,25.762223,27.852294,0.28446463,1.2002563,5.8823136,7.0602838,0.52642614,1.1027877,11.866383,13.086102,0.57510362,0.9603763,16.105001,15.466861,0.53211589,0.93443828,17.630689,16.474791,0.67263687,1.0067516,26.246965,26.424175
init,init,-1,,6623,114.Black_throated_Sparrow/Black_Throated_Sparrow_0033_107042.jpg,114,113,114.Black_throated_Sparrow,95,94,random_resized_crop,random_resized_crop,0,"{""area_fraction"":0.531905,""aspect"":1.051333,""fallback"":false,""height"":0.71129,""left"":0.141862,""top"":0.214555,""width"":0.747803}",5.3123636,5.578681,0.26631737,0.0049302601,0.0037775442,0.024293818,0.020174805,-0.019363557,-0.016397261,0.0029662966,0.68655535,0.97749747,45.806333,44.775575,False,0.92755675,False,False,False,0.68655535,0.97749747,45.806333,44.775575,0.57331937,0.97249851,37.875164,36.833541,0.92747494,0.98821601,25.762223,25.458641,-0.29419603,1.3757808,5.8823136,8.0927744,0.55062323,1.1655505,11.866383,13.830868,0.58873177,0.97566468,16.105001,15.71308,0.52850379,0.86398078,17.630689,15.232577,0.66130936,0.94943175,26.246965,24.919701
init,init,-1,,6623,114.Black_throated_Sparrow/Black_Throated_Sparrow_0033_107042.jpg,114,113,114.Black_throated_Sparrow,95,94,gaussian_blur,gaussian_blur,0,"{""sigma"":1.028333}",5.3123636,5.7129984,0.40063477,0.0049302601,0.0033027539,0.024293818,0.02824194,-0.019363557,-0.024939186,-0.0055756285,0.74038123,1.1180291,45.806333,51.212814,False,0.94819069,True,False,False,0.74038123,1.1180291,45.806333,51.212814,0.6496526,1.1365766,37.875164,43.048026,0.94811236,1.076849,25.762223,27.742023,-0.1842292,1.7000194,5.8823136,10.000047,0.59638368,1.5320428,11.866383,18.179807,0.67259195,1.1787054,16.105001,18.983052,0.64519127,1.0396035,17.630689,18.328925,0.74542339,1.0267981,26.246965,26.950332
init,init,-1,,6623,114.Black_throated_Sparrow/Black_Throated_Sparrow_0033_107042.jpg,114,113,114.Black_throated_Sparrow,95,94,random_erasing,random_erasing,0,"{""area_fraction"":0.136197,""erased"":true,""height"":0.309951,""left"":0.5174,""top"":0.575129,""width"":0.439415}",5.3123636,5.1299057,-0.18245792,0.0049302601,0.0059171184,0.024293818,0.021616612,-0.019363557,-0.015699493,0.0036640642,0.84061955,1.0374687,45.806333,47.522636,False,0.95628053,False,False,False,0.84061955,1.0374687,45.806333,47.522636,0.78893232,1.0476046,37.875164,39.678198,0.95618876,1.0152147,25.762223,26.154188,0.79954604,1.0754551,5.8823136,6.3261642,0.79236994,1.127046,11.866383,13.373959,0.77771456,1.0891834,16.105001,17.5413,0.76615029,1.0269178,17.630689,18.105269,0.80345862,1.0223053,26.246965,26.83241
init,init,-1,,2550,045.Northern_Fulmar/Northern_Fulmar_0083_43618.jpg,45,44,045.Northern_Fulmar,153,152,identity,identity,0,{},4.9235039,4.9235039,0,0.0072735995,0.0072735995,0.022120275,0.022120275,-0.014846675,-0.014846675,0,1,1,59.353643,59.353643,False,1.0000001,True,False,False,1,1,59.353643,59.353643,1,1,51.222556,51.222556,1,1,29.985075,29.985075,1,1,12.046751,12.046751,1,1,18.632368,18.632368,1,1,19.812682,19.812682,1,1,21.840437,21.840437,1,1,35.523427,35.523427
init,init,-1,,2550,045.Northern_Fulmar/Northern_Fulmar_0083_43618.jpg,45,44,045.Northern_Fulmar,153,152,horizontal_flip,horizontal_flip,0,"{""flipped"":true}",4.9235039,4.9116693,-0.011834621,0.0072735995,0.0073601911,0.022120275,0.013869863,-0.014846675,-0.0065096719,0.0083370032,0.64871102,0.91208832,59.353643,54.135765,False,0.96273714,False,False,False,0.64871102,0.91208832,59.353643,54.135765,0.53651224,0.90166675,51.222556,46.185675,0.96261521,0.94184132,29.985075,28.241183,0.58565173,0.6373592,12.046751,7.6781073,0.18369116,0.82963608,18.632368,15.458085,0.45042827,0.87943244,19.812682,17.423915,0.4308056,0.93337579,21.840437,20.385335,0.68664707,0.94043369,35.523427,33.407427
init,init,-1,,2550,045.Northern_Fulmar/Northern_Fulmar_0083_43618.jpg,45,44,045.Northern_Fulmar,153,152,color_jitter,color_jitter,0,"{""brightness"":0.681194,""contrast"":0.899841,""hue"":0.02548,""saturation"":1.396315}",4.9235039,5.0034928,0.079988956,0.0072735995,0.0067144511,0.022120275,0.017366437,-0.014846675,-0.010651986,0.004194689,0.83310388,1.0407137,59.353643,61.770152,False,0.97074318,False,False,False,0.83310388,1.0407137,59.353643,61.770152,0.7858208,1.0399356,51.222556,53.268162,0.9706842,1.0429811,29.985075,31.273865,0.71466439,0.99045838,12.046751,11.931805,0.66375879,1.1901632,18.632368,22.175558,0.70157426,1.1121587,19.812682,22.034847,0.77954829,0.97887293,21.840437,21.379012,0.86961064,0.99954947,35.523427,35.507423
init,init,-1,,2550,045.Northern_Fulmar/Northern_Fulmar_0083_43618.jpg,45,44,045.Northern_Fulmar,153,152,rotation,rotation,0,"{""angle"":-10.501813}",4.9235039,4.9420528,0.018548965,0.0072735995,0.0071399263,0.022120275,0.011764795,-0.014846675,-0.0046248683,0.010221807,0.60335175,0.96646878,59.353643,57.363443,False,0.8890242,False,False,False,0.60335175,0.96646878,59.353643,57.363443,0.50732758,0.97069721,51.222556,49.721592,0.88853314,0.95402233,29.985075,28.606431,0.36290039,0.79127,12.046751,9.5322325,0.42762146,0.93041679,18.632368,17.335868,0.45134593,1.1042271,19.812682,21.877699,0.37848708,1.0545103,21.840437,23.030965,0.62450337,0.92159125,35.523427,32.738079
init,init,-1,,2550,045.Northern_Fulmar/Northern_Fulmar_0083_43618.jpg,45,44,045.Northern_Fulmar,153,152,random_resized_crop,random_resized_crop,0,"{""area_fraction"":0.654157,""aspect"":0.792817,""fallback"":false,""height"":0.908353,""left"":0.186437,""top"":0.035654,""width"":0.720157}",4.9235039,5.0445933,0.12108946,0.0072735995,0.0064440817,0.022120275,0.014720061,-0.014846675,-0.0082759792,0.0065706959,0.66026429,0.95919966,59.353643,56.931994,False,0.92323482,False,False,False,0.66026429,0.95919966,59.353643,56.931994,0.56829179,0.95383486,51.222556,48.857859,0.92302932,0.9746863,29.985075,29.226042,0.55927573,0.92732859,12.046751,11.171296,0.38169367,1.0701537,18.632368,19.939498,0.50752562,1.0401667,19.812682,20.608491,0.47697927,0.88248567,21.840437,19.273872,0.68647847,0.92018649,35.523427,32.688177
init,init,-1,,2550,045.Northern_Fulmar/Northern_Fulmar_0083_43618.jpg,45,44,045.Northern_Fulmar,153,152,gaussian_blur,gaussian_blur,0,"{""sigma"":1.615922}",4.9235039,4.712244,-0.21125984,0.0072735995,0.0089845927,0.022120275,0.010665208,-0.014846675,-0.0016806154,0.01316606,0.64838187,0.97347325,59.353643,57.779184,False,0.89209169,False,False,False,0.64838187,0.97347325,59.353643,57.779184,0.58114668,1.0135965,51.222556,51.919004,0.89186778,0.84557099,29.985075,25.35451,0.58786174,0.88559472,12.046751,10.668539,0.4738359,1.1839115,18.632368,22.059075,0.51413407,1.1226245,19.812682,22.242203,0.49251949,1.038389,21.840437,22.678869,0.68734623,0.92773342,35.523427,32.95627
init,init,-1,,2550,045.Northern_Fulmar/Northern_Fulmar_0083_43618.jpg,45,44,045.Northern_Fulmar,153,152,random_erasing,random_erasing,0,"{""area_fraction"":0.08655,""erased"":true,""height"":0.343346,""left"":0.365974,""top"":0.21389,""width"":0.252079}",4.9235039,4.6034613,-0.32004261,0.0072735995,0.010017102,0.022120275,0.022790207,-0.014846675,-0.012773105,0.0020735702,0.78349381,1.0929664,59.353643,64.87154,False,0.94496691,False,False,False,0.78349381,1.0929664,59.353643,64.87154,0.72797269,1.091706,51.222556,55.919973,0.94479201,1.0966363,29.985075,32.882721,0.66396657,0.87542065,12.046751,10.545974,0.60863582,0.97011552,18.632368,18.07555,0.74299458,1.1692334,19.812682,23.165648,0.68870962,1.1324803,21.840437,24.733863,0.77655289,1.1049501,35.523427,39.251612
init,init,-1,,6381,109.American_Redstart/American_Redstart_0031_102890.jpg,109,108,109.American_Redstart,171,170,identity,identity,0,{},5.5496912,5.5496912,0,0.0038886573,0.0038886573,0.022828557,0.022828557,-0.018939899,-0.018939899,0,1,1,44.3468,44.3468,False,0.99999994,True,False,False,1,1,44.3468,44.3468,1,1,36.113891,36.113891,1,1,25.737628,25.737628,1,1,4.7032579,4.7032579,1,1,10.746818,10.746818,1,1,13.009174,13.009174,1,1,15.387626,15.387626,1,1,27.578629,27.578629
init,init,-1,,6381,109.American_Redstart/American_Redstart_0031_102890.jpg,109,108,109.American_Redstart,171,170,horizontal_flip,horizontal_flip,0,"{""flipped"":true}",5.5496912,5.7980146,0.24832344,0.0038886573,0.0030335721,0.022828557,0.020962821,-0.018939899,-0.017929249,0.0010106501,0.65196485,1.0292506,44.3468,45.64397,False,0.95800316,False,False,False,0.65196485,1.0292506,44.3468,45.64397,0.49783106,1.0321228,36.113891,37.27397,0.95798045,1.0235722,25.737628,26.344319,0.078515677,1.126573,4.7032579,5.2985634,0.1642599,1.1304085,10.746818,12.148294,0.42843035,1.2113039,13.009174,15.758062,0.34867839,1.0060805,15.387626,15.481191,0.64048615,0.97680673,27.578629,26.93899
init,init,-1,,6381,109.American_Redstart/American_Redstart_0031_102890.jpg,109,108,109.American_Redstart,171,170,color_jitter,color_jitter,0,"{""brightness"":0.935355,""contrast"":1.341865,""hue"":-0.03961,""saturation"":1.201679}",5.5496912,5.5099754,-0.039715767,0.0038886573,0.0040462068,0.022828557,0.015177496,-0.018939899,-0.011131289,0.0078086103,0.82841205,1.0463468,44.3468,46.402131,False,0.9610641,False,False,False,0.82841205,1.0463468,44.3468,46.402131,0.76218166,1.0519191,36.113891,37.988892,0.96097429,1.0352881,25.737628,26.64586,0.32982571,1.2690227,4.7032579,5.9685411,0.57596023,1.0956112,10.746818,11.774334,0.66993068,1.0832285,13.009174,14.091907,0.69261722,1.0575518,15.387626,16.273211,0.85250262,1.0291048,27.578629,28.381301
init,init,-1,,6381,109.American_Redstart/American_Redstart_0031_102890.jpg,109,108,109.American_Redstart,171,170,rotation,rotation,0,"{""angle"":-2.668414}",5.5496912,5.2674899,-0.28220129,0.0038886573,0.0051565375,0.022828557,0.025769226,-0.018939899,-0.020612689,-0.0016727895,0.78734921,1.0132239,44.3468,44.933237,False,0.95982456,True,False,False,0.78734921,1.0132239,44.3468,44.933237,0.70194145,1.0213566,36.113891,36.885162,0.95976184,0.99701795,25.737628,25.660877,0.5719991,1.2063764,4.7032579,5.6738993,0.56345526,1.001558,10.746818,10.763562,0.60393491,1.0711238,13.009174,13.934436,0.56627641,1.0091549,15.387626,15.528499,0.79315895,1.0108436,27.578629,27.877679
init,init,-1,,6381,109.American_Redstart/American_Redstart_0031_102890.jpg,109,108,109.American_Redstart,171,170,random_resized_crop,random_resized_crop,0,"{""area_fraction"":0.635039,""aspect"":0.990949,""fallback"":false,""height"":0.800525,""left"":0.134106,""top"":0.034881,""width"":0.793279}",5.5496912,5.4256601,-0.12403107,0.0038886573,0.0044021592,0.022828557,0.028174663,-0.018939899,-0.023772504,-0.0048326044,0.6813968,1.1475735,44.3468,50.891211,False,0.93537569,True,False,False,0.6813968,1.1475735,44.3468,50.891211,0.55581078,1.1574097,36.113891,41.798566,0.93526399,1.1279569,25.737628,29.030936,0.11465326,1.4934743,4.7032579,7.0241948,0.28215235,1.3383614,10.746818,14.383127,0.46913273,1.3228249,13.009174,17.208859,0.43693921,1.1126811,15.387626,17.121521,0.69008311,1.0887745,27.578629,30.026908
init,init,-1,,6381,109.American_Redstart/American_Redstart_0031_102890.jpg,109,108,109.American_Redstart,171,170,gaussian_blur,gaussian_blur,0,"{""sigma"":1.238248}",5.5496912,5.5643325,0.014641285,0.0038886573,0.0038321372,0.022828557,0.018216396,-0.018939899,-0.014384259,0.0045556407,0.66545353,1.0552951,44.3468,46.798962,False,0.90667653,False,False,False,0.66545353,1.0552951,44.3468,46.798962,0.54481773,1.0605101,36.113891,38.299146,0.9065515,1.0449517,25.737628,26.894578,-0.25809642,1.6902508,4.7032579,7.9496853,0.18741216,1.1044479,10.746818,11.869301,0.50822557,1.2650224,13.009174,16.456896,0.46596589,1.0537692,15.387626,16.215006,0.69059407,0.97901286,27.578629,26.999832
init,init,-1,,6381,109.American_Redstart/American_Redstart_0031_102890.jpg,109,108,109.American_Redstart,171,170,random_erasing,random_erasing,0,"{""area_fraction"":0.138871,""erased"":true,""height"":0.217889,""left"":0.046172,""top"":0.311348,""width"":0.637349}",5.5496912,5.3983917,-0.15129948,0.0038886573,0.0045238514,0.022828557,0.026038302,-0.018939899,-0.021514451,-0.0025745514,0.68915335,1.2200886,44.3468,54.107024,False,0.92625058,True,False,False,0.68915335,1.2200886,44.3468,54.107024,0.59005306,1.2826196,36.113891,46.320385,0.92612329,1.0865073,25.737628,27.96412,0.40654438,1.2848469,4.7032579,6.0429662,0.53355383,1.371885,10.746818,14.743399,0.57873366,1.4757473,13.009174,19.198253,0.48535074,1.3173908,15.387626,20.271518,0.64694552,1.2092495,27.578629,33.349444
init,init,-1,,10708,182.Yellow_Warbler/Yellow_Warbler_0067_176856.jpg,182,181,182.Yellow_Warbler,168,167,identity,identity,0,{},5.4849153,5.4849153,0,0.0041488861,0.0041488861,0.021132428,0.021132428,-0.016983542,-0.016983542,0,1,1,42.76728,42.76728,False,1,True,False,False,1,1,42.76728,42.76728,1,1,33.67075,33.67075,1,1,26.368937,26.368937,1,1,6.3098811,6.3098811,1,1,10.816552,10.816552,1,1,14.938104,14.938104,1,1,13.478279,13.478279,1,1,23.918529,23.918529
init,init,-1,,10708,182.Yellow_Warbler/Yellow_Warbler_0067_176856.jpg,182,181,182.Yellow_Warbler,168,167,horizontal_flip,horizontal_flip,0,"{""flipped"":true}",5.4849153,5.4184184,-0.066496849,0.0041488861,0.0044341539,0.021132428,0.017401086,-0.016983542,-0.012966932,0.0040166099,0.71576642,1.0172628,42.76728,43.505565,False,0.96892607,False,False,False,0.71576642,1.0172628,42.76728,43.505565,0.57473704,1.0502697,33.67075,35.363367,0.96887892,0.96101723,26.368937,25.341003,0.2051656,1.1229091,6.3098811,7.085423,0.39489332,1.0091745,10.816552,10.915789,0.58223228,1.0879205,14.938104,16.251469,0.46139767,1.1095484,13.478279,14.954803,0.6765322,1.0184951,23.918529,24.360905
init,init,-1,,10708,182.Yellow_Warbler/Yellow_Warbler_0067_176856.jpg,182,181,182.Yellow_Warbler,168,167,color_jitter,color_jitter,0,"{""brightness"":0.770891,""contrast"":1.276105,""hue"":-0.005714,""saturation"":1.142387}",5.4849153,5.4883432,0.0034279823,0.0041488861,0.004134689,0.021132428,0.024079923,-0.016983542,-0.019945234,-0.0029616915,0.87771242,0.98525151,42.76728,42.136527,False,0.98917878,True,False,False,0.87771242,0.98525151,42.76728,42.136527,0.80809587,0.97799829,33.67075,32.929935,0.98916226,0.9969647,26.368937,26.2889,0.47485681,1.1252509,6.3098811,7.1001995,0.56763214,0.94171704,10.816552,10.186132,0.79145995,0.89136435,14.938104,13.315293,0.77802269,0.98938651,13.478279,13.335228,0.89771221,1.0026091,23.918529,23.980934
init,init,-1,,10708,182.Yellow_Warbler/Yellow_Warbler_0067_176856.jpg,182,181,182.Yellow_Warbler,168,167,rotation,rotation,0,"{""angle"":-6.37114}",5.4849153,5.6882925,0.20337725,0.0041488861,0.0033853673,0.021132428,0.015933152,-0.016983542,-0.012547785,0.0044357572,0.74326493,1.0885891,42.76728,46.555994,False,0.93960255,False,False,False,0.74326493,1.0885891,42.76728,46.555994,0.62400443,1.0922963,33.67075,36.778434,0.93949426,1.0825173,26.368937,28.544831,0.69093842,1.139625,6.3098811,7.1908984,0.38159456,1.1817203,10.816552,12.78214,0.54758134,1.0844736,14.938104,16.199979,0.53738662,1.0691423,13.478279,14.410198,0.73104356,1.0801417,23.918529,25.835401
init,init,-1,,10708,182.Yellow_Warbler/Yellow_Warbler_0067_176856.jpg,182,181,182.Yellow_Warbler,168,167,random_resized_crop,random_resized_crop,0,"{""area_fraction"":0.551418,""aspect"":1.132765,""fallback"":false,""height"":0.697703,""left"":0.044502,""top"":0.059599,""width"":0.790333}",5.4849153,5.4848099,-0.00010538101,0.0041488861,0.0041493247,0.021132428,0.021770414,-0.016983542,-0.017621089,-0.00063754711,0.73512035,0.96513402,42.76728,41.276157,False,0.93800974,True,False,False,0.73512035,0.96513402,42.76728,41.276157,0.60440086,0.9452644,33.67075,31.827761,0.93788893,0.99668227,26.368937,26.281453,0.60415109,1.1375061,6.3098811,7.1775281,0.51331366,0.91130327,10.816552,9.8571595,0.58799396,0.80809133,14.938104,12.071352,0.47383607,0.92915873,13.478279,12.523461,0.66961886,0.99093528,23.918529,23.701714
init,init,-1,,10708,182.Yellow_Warbler/Yellow_Warbler_0067_176856.jpg,182,181,182.Yellow_Warbler,168,167,gaussian_blur,gaussian_blur,0,"{""sigma"":1.217901}",5.4849153,5.0459127,-0.43900251,0.0041488861,0.0064355847,0.021132428,0.020000288,-0.016983542,-0.013564704,0.0034188386,0.77532379,1.0884869,42.76728,46.551626,False,0.94156778,False,False,False,0.77532379,1.0884869,42.76728,46.551626,0.69340619,1.1541437,33.67075,38.860885,0.94147469,0.97196855,26.368937,25.629778,0.68552245,1.2919982,6.3098811,8.1523551,0.6577042,1.2194345,10.816552,13.190077,0.6933977,1.2817873,14.938104,19.147471,0.56308909,1.2036727,13.478279,16.223436,0.75489215,1.0576035,23.918529,25.29632
init,init,-1,,10708,182.Yellow_Warbler/Yellow_Warbler_0067_176856.jpg,182,181,182.Yellow_Warbler,168,167,random_erasing,random_erasing,0,"{""area_fraction"":0.097871,""erased"":true,""height"":0.306374,""left"":0.204553,""top"":0.135379,""width"":0.319449}",5.4849153,5.6099648,0.12504959,0.0041488861,0.0036611985,0.021132428,0.01637591,-0.016983542,-0.012714712,0.0042688302,0.77246047,1.0000182,42.76728,42.768058,False,0.9471246,False,False,False,0.77246047,1.0000182,42.76728,42.768058,0.67014531,1.0159929,33.67075,34.209242,0.94702918,0.97340946,26.368937,25.667773,0.46781215,0.99041661,6.3098811,6.2494111,0.5551836,1.0144571,10.816552,10.972928,0.66203203,0.94630892,14.938104,14.136061,0.57811836,1.0455254,13.478279,14.091884,0.73991897,1.0346275,23.918529,24.746768
init,init,-1,,479,009.Brewer_Blackbird/Brewer_Blackbird_0116_2327.jpg,9,8,009.Brewer_Blackbird,100,99,identity,identity,0,{},5.6990519,5.6990519,0,0.0033491382,0.0033491382,0.032852188,0.032852188,-0.02950305,-0.02950305,0,1,1,57.606896,57.606896,False,0.99999994,True,False,False,1,1,57.606896,57.606896,1,1,49.755312,49.755312,1,1,29.033833,29.033833,1,1,11.658669,11.658669,1,1,17.36487,17.36487,1,1,23.791836,23.791836,1,1,21.952253,21.952253,1,1,31.467045,31.467045
init,init,-1,,479,009.Brewer_Blackbird/Brewer_Blackbird_0116_2327.jpg,9,8,009.Brewer_Blackbird,100,99,horizontal_flip,horizontal_flip,0,"{""flipped"":true}",5.6990519,6.050869,0.35181713,0.0033491382,0.0023558144,0.032852188,0.021506362,-0.02950305,-0.019150547,0.010352502,0.65327195,0.92729446,57.606896,53.418556,False,0.96018422,False,False,False,0.65327195,0.92729446,57.606896,53.418556,0.54503938,0.91849305,49.755312,45.699908,0.96004482,0.95267226,29.033833,27.659727,-0.10304633,0.96667376,11.658669,11.270129,0.26047744,0.92124165,17.36487,15.997241,0.54940589,0.76184285,23.791836,18.12564,0.51783808,0.92326878,21.952253,20.26783,0.72911987,0.9878349,31.467045,31.084245
init,init,-1,,479,009.Brewer_Blackbird/Brewer_Blackbird_0116_2327.jpg,9,8,009.Brewer_Blackbird,100,99,color_jitter,color_jitter,0,"{""brightness"":1.235766,""contrast"":1.088629,""hue"":0.062965,""saturation"":1.044742}",5.6990519,5.5764456,-0.12260628,0.0033491382,0.0037860002,0.032852188,0.022887798,-0.02950305,-0.019101798,0.010401252,0.87165134,0.99718686,57.606896,57.44484,False,0.97754204,False,False,False,0.87165134,0.99718686,57.606896,57.44484,0.83494381,0.9920653,49.755312,49.360518,0.97745034,1.0120779,29.033833,29.384501,0.69091589,1.0207609,11.658669,11.900713,0.71517893,0.99489308,17.36487,17.276189,0.8588789,0.94805388,23.791836,22.555942,0.80038234,0.9788045,21.952253,21.486964,0.89466615,1.0178834,31.467045,32.029782
init,init,-1,,479,009.Brewer_Blackbird/Brewer_Blackbird_0116_2327.jpg,9,8,009.Brewer_Blackbird,100,99,rotation,rotation,0,"{""angle"":-2.157986}",5.6990519,5.7592545,0.060202599,0.0033491382,0.0031534608,0.032852188,0.030698946,-0.02950305,-0.027545485,0.0019575646,0.81383083,0.94773829,57.606896,54.596261,False,0.96970963,True,False,False,0.81383083,0.94773829,57.606896,54.596261,0.76077832,0.9476711,49.755312,47.151671,0.96959048,0.94793558,29.033833,27.522203,0.74954739,0.85890968,11.658669,10.013744,0.55186486,0.89696177,17.36487,15.575624,0.72937927,0.88764896,23.791836,21.118798,0.73824652,0.9572392,21.952253,21.013557,0.84822976,1.0013407,31.467045,31.509232
init,init,-1,,479,009.Brewer_Blackbird/Brewer_Blackbird_0116_2327.jpg,9,8,009.Brewer_Blackbird,100,99,random_resized_crop,random_resized_crop,0,"{""area_fraction"":0.590801,""aspect"":1.25144,""fallback"":false,""height"":0.687093,""left"":0.055265,""top"":0.295973,""width"":0.859856}",5.6990519,6.3381629,0.63911104,0.0033491382,0.0017675462,0.032852188,0.03367608,-0.02950305,-0.031908534,-0.0024054847,0.60765591,0.99146388,57.606896,57.115157,False,0.91201615,False,False,False,0.60765591,0.99146388,57.606896,57.115157,0.50033503,0.98192793,49.755312,48.85613,0.91168798,1.018953,29.033833,29.584112,0.16607148,1.0392293,11.658669,12.116031,0.38902833,1.0764363,17.36487,18.692176,0.41201916,0.87255889,23.791836,20.759778,0.43638623,0.95057256,21.952253,20.867209,0.65842986,1.0170943,31.467045,32.004953
init,init,-1,,479,009.Brewer_Blackbird/Brewer_Blackbird_0116_2327.jpg,9,8,009.Brewer_Blackbird,100,99,gaussian_blur,gaussian_blur,0,"{""sigma"":1.902511}",5.6990519,5.8220434,0.12299156,0.0033491382,0.0029615466,0.032852188,0.015068333,-0.02950305,-0.012106786,0.017396264,0.62851213,0.98052487,57.606896,56.484994,False,0.89231056,False,False,False,0.62851213,0.98052487,57.606896,56.484994,0.55558718,1.0198883,49.755312,50.744862,0.89178927,0.85450469,29.033833,24.809546,0.30002704,0.97068754,11.658669,11.316925,0.38603408,1.0846903,17.36487,18.835505,0.49940671,0.95667733,23.791836,22.76111,0.51446575,1.0842703,21.952253,23.802176,0.69846625,1.0087507,31.467045,31.742404
init,init,-1,,479,009.Brewer_Blackbird/Brewer_Blackbird_0116_2327.jpg,9,8,009.Brewer_Blackbird,100,99,random_erasing,random_erasing,0,"{""area_fraction"":0.074533,""erased"":true,""height"":0.201513,""left"":0.586803,""top"":0.263875,""width"":0.369868}",5.6990519,5.7061701,0.0071182251,0.0033491382,0.0033253853,0.032852188,0.024953112,-0.02950305,-0.021627727,0.0078753228,0.69475484,1.0116025,57.606896,58.275278,False,0.91783774,False,False,False,0.69475484,1.0116025,57.606896,58.275278,0.6189694,1.011767,49.755312,50.340782,0.91746208,1.0111191,29.033833,29.356664,0.63621264,1.0399439,11.658669,12.124362,0.54008023,1.1214726,17.36487,19.474225,0.5132446,0.9112053,23.791836,21.679247,0.5838953,0.99559141,21.952253,21.855474,0.71528957,1.0348034,31.467045,32.562206
init,init,-1,,4952,085.Horned_Lark/Horned_Lark_0138_74083.jpg,85,84,085.Horned_Lark,129,128,identity,identity,0,{},5.2604251,5.2604251,0,0.0051930971,0.0051930971,0.021840779,0.021840779,-0.016647682,-0.016647682,0,1,1,48.505736,48.505736,False,0.99999994,True,False,False,1,1,48.505736,48.505736,1,1,40.711531,40.711531,1,1,26.370016,26.370016,1,1,6.7120214,6.7120214,1,1,13.833326,13.833326,1,1,16.840816,16.840816,1,1,18.24305,18.24305,1,1,28.365377,28.365377
init,init,-1,,4952,085.Horned_Lark/Horned_Lark_0138_74083.jpg,85,84,085.Horned_Lark,129,128,horizontal_flip,horizontal_flip,0,"{""flipped"":true}",5.2604251,4.9897637,-0.27066135,0.0051930971,0.0068072737,0.021840779,0.025823453,-0.016647682,-0.01901618,-0.0023684977,0.70244989,1.0071342,48.505736,48.851786,False,0.96377552,True,False,False,0.70244989,1.0071342,48.505736,48.851786,0.58846554,0.99476364,40.711531,40.49835,0.96371476,1.0360239,26.370016,27.319967,0.28767318,0.9616651,6.7120214,6.4547167,0.49228716,1.0017785,13.833326,13.857929,0.53534743,0.98663264,16.840816,16.615699,0.4782967,0.96803736,18.24305,17.659954,0.68946996,1.0085767,28.365377,28.608659
init,init,-1,,4952,085.Horned_Lark/Horned_Lark_0138_74083.jpg,85,84,085.Horned_Lark,129,128,color_jitter,color_jitter,0,"{""brightness"":0.809392,""contrast"":1.313244,""hue"":0.099762,""saturation"":0.979307}",5.2604251,4.9159689,-0.3444562,0.0051930971,0.0073286165,0.021840779,0.017290007,-0.016647682,-0.0099613909,0.0066862912,0.76007717,1.0619854,48.505736,51.512382,False,0.94261408,False,False,False,0.76007717,1.0619854,48.505736,51.512382,0.68663344,1.0739745,40.711531,43.723145,0.94251298,1.0328484,26.370016,27.236227,0.72403967,1.0575485,6.7120214,7.0982879,0.50008434,1.1690259,13.833326,16.171517,0.62177414,1.1115345,16.840816,18.719149,0.62953592,1.0487322,18.24305,19.132073,0.78301258,1.0478087,28.365377,29.72149
init,init,-1,,4952,085.Horned_Lark/Horned_Lark_0138_74083.jpg,85,84,085.Horned_Lark,129,128,rotation,rotation,0,"{""angle"":10.160309}",5.2604251,5.492064,0.23163891,0.0051930971,0.0041193333,0.021840779,0.020757888,-0.016647682,-0.016638554,9.1278926e-06,0.67275955,1.0281387,48.505736,49.870623,False,0.91873932,False,False,False,0.67275955,1.0281387,48.505736,49.870623,0.55608597,0.98142209,40.711531,39.955196,0.91852123,1.131738,26.370016,29.84395,0.56921771,0.72759022,6.7120214,4.8836011,0.37693724,0.87741537,13.833326,12.137573,0.44629674,0.87842116,16.840816,14.79333,0.44092631,0.94496555,18.24305,17.239054,0.66963878,1.0630309,28.365377,30.153273
init,init,-1,,4952,085.Horned_Lark/Horned_Lark_0138_74083.jpg,85,84,085.Horned_Lark,129,128,random_resized_crop,random_resized_crop,0,"{""area_fraction"":0.750462,""aspect"":1.143151,""fallback"":false,""height"":0.810238,""left"":0.029279,""top"":0.060217,""width"":0.926224}",5.2604251,4.9543424,-0.30608273,0.0051930971,0.0070527177,0.021840779,0.019536965,-0.016647682,-0.012484247,0.0041634352,0.75673089,1.1008629,48.505736,53.398163,False,0.96447599,False,False,False,0.75673089,1.1008629,48.505736,53.398163,0.67435314,1.1174081,40.711531,45.491393,0.9643786,1.060387,26.370016,27.962422,0.71478219,1.1841712,6.7120214,7.9481825,0.49229137,1.1397422,13.833326,15.766425,0.60177058,1.211795,16.840816,20.407617,0.62203513,1.1392382,18.24305,20.783179,0.7724993,1.0630788,28.365377,30.15463
init,init,-1,,4952,085.Horned_Lark/Horned_Lark_0138_74083.jpg,85,84,085.Horned_Lark,129,128,gaussian_blur,gaussian_blur,0,"{""sigma"":1.233468}",5.2604251,5.0833197,-0.17710543,0.0051930971,0.0061992933,0.021840779,0.02534242,-0.016647682,-0.019143126,-0.0024954444,0.67726619,1.1408639,48.505736,55.338443,False,0.91787368,True,False,False,0.67726619,1.1408639,48.505736,55.338443,0.59276601,1.188036,40.711531,48.366763,0.91774785,1.0196676,26.370016,26.888651,0.55529291,1.0659245,6.7120214,7.1545082,0.40002642,1.5121856,13.833326,20.918557,0.57972468,1.3834444,16.840816,23.298333,0.50508467,1.1299657,18.24305,20.614021,0.72066629,1.0474846,28.365377,29.712297
init,init,-1,,4952,085.Horned_Lark/Horned_Lark_0138_74083.jpg,85,84,085.Horned_Lark,129,128,random_erasing,random_erasing,0,"{""area_fraction"":0.187036,""erased"":true,""height"":0.598173,""left"":0.454635,""top"":0.102315,""width"":0.312678}",5.2604251,4.6781731,-0.58225203,0.0051930971,0.0092959823,0.021840779,0.027659347,-0.016647682,-0.018363365,-0.0017156829,0.53499388,1.0537318,48.505736,51.112038,False,0.8550027,True,False,False,0.53499388,1.0537318,48.505736,51.112038,0.38487471,1.0135332,40.711531,41.262489,0.85469171,1.1438627,26.370016,30.163678,0.263021,0.66013272,6.7120214,4.4308249,0.050970442,1.0682872,13.833326,14.777965,0.3223537,1.0347101,16.840816,17.425363,0.32670679,0.95738023,18.24305,17.465535,0.51768735,1.0313806,28.365377,29.255501
init,init,-1,,10656,181.Worm_eating_Warbler/Worm_Eating_Warbler_0074_176093.jpg,181,180,181.Worm_eating_Warbler,183,182,identity,identity,0,{},5.1817474,5.1817474,0,0.0056181806,0.0056181806,0.030937815,0.030937815,-0.025319634,-0.025319634,0,1,1,46.981751,46.981751,False,1,True,False,False,1,1,46.981751,46.981751,1,1,37.171657,37.171657,1,1,28.732437,28.732437,1,1,6.837887,6.837887,1,1,12.933647,12.933647,1,1,15.235156,15.235156,1,1,16.621551,16.621551,1,1,25.677036,25.677036
init,init,-1,,10656,181.Worm_eating_Warbler/Worm_Eating_Warbler_0074_176093.jpg,181,180,181.Worm_eating_Warbler,183,182,horizontal_flip,horizontal_flip,0,"{""flipped"":true}",5.1817474,4.7825413,-0.39920616,0.0056181806,0.008374691,0.030937815,0.02837716,-0.025319634,-0.020002469,0.0053171651,0.7052853,1.0417362,46.981751,48.94259,False,0.96426523,True,False,False,0.7052853,1.0417362,46.981751,48.94259,0.5534563,1.0487966,37.171657,38.985506,0.96416139,1.0298108,28.732437,29.588974,0.29663919,0.82236064,6.837887,5.6232091,0.50038014,1.1090109,12.933647,14.343556,0.42107177,1.1063036,15.235156,16.854707,0.41224635,1.0090522,16.621551,16.772013,0.69044883,1.0429274,25.677036,26.779284
init,init,-1,,10656,181.Worm_eating_Warbler/Worm_Eating_Warbler_0074_176093.jpg,181,180,181.Worm_eating_Warbler,183,182,color_jitter,color_jitter,0,"{""brightness"":0.961048,""contrast"":1.181156,""hue"":0.034143,""saturation"":1.288441}",5.1817474,5.2430167,0.061269283,0.0056181806,0.0052842917,0.030937815,0.02578344,-0.025319634,-0.020499148,0.0048204861,0.86575848,1.0480173,46.981751,49.23769,False,0.97398841,True,False,False,0.86575848,1.0480173,46.981751,49.23769,0.80662477,1.076168,37.171657,40.002946,0.97389873,0.99912836,28.732437,28.707392,0.7400788,1.3522077,6.837887,9.2462436,0.74394246,1.1118069,12.933647,14.379718,0.74839162,1.1159429,15.235156,17.001563,0.76679535,1.120694,16.621551,18.627672,0.87594117,1.0095199,25.677036,25.921479
init,init,-1,,10656,181.Worm_eating_Warbler/Worm_Eating_Warbler_0074_176093.jpg,181,180,181.Worm_eating_Warbler,183,182,rotation,rotation,0,"{""angle"":9.257764}",5.1817474,5.1191702,-0.062577248,0.0056181806,0.0059809829,0.030937815,0.023740344,-0.025319634,-0.017759361,0.0075602736,0.77981643,1.0086777,46.981751,47.389445,False,0.94937873,True,False,False,0.77981643,1.0086777,46.981751,47.389445,0.67392307,0.99012616,37.171657,36.80463,0.94927195,1.0389866,28.732437,29.852617,0.49934381,0.78083102,6.837887,5.3392342,0.64859567,0.98353337,12.933647,12.720673,0.60679254,0.98389968,15.235156,14.989865,0.56365145,0.94682557,16.621551,15.73771,0.75662859,1.0244068,25.677036,26.303731
init,init,-1,,10656,181.Worm_eating_Warbler/Worm_Eating_Warbler_0074_176093.jpg,181,180,181.Worm_eating_Warbler,183,182,random_resized_crop,random_resized_crop,0,"{""area_fraction"":0.548915,""aspect"":1.085638,""fallback"":false,""height"":0.711066,""left"":0.025508,""top"":0.272541,""width"":0.771961}",5.1817474,5.315526,0.13377857,0.0056181806,0.004914694,0.030937815,0.026528407,-0.025319634,-0.021613713,0.0037059216,0.71283094,0.9875212,46.981751,46.395476,False,0.9408139,False,False,False,0.71283094,0.9875212,46.981751,46.395476,0.58447858,1.0075605,37.171657,37.452692,0.94064938,0.95303905,28.732437,27.383134,0.3542247,1.0685281,6.837887,7.3064746,0.51795475,1.0737257,12.933647,13.887189,0.47408479,1.0121446,15.235156,15.42018,0.49694845,0.98294298,16.621551,16.338037,0.6966086,0.99425169,25.677036,25.529437
init,init,-1,,10656,181.Worm_eating_Warbler/Worm_Eating_Warbler_0074_176093.jpg,181,180,181.Worm_eating_Warbler,183,182,gaussian_blur,gaussian_blur,0,"{""sigma"":1.52381}",5.1817474,5.3023973,0.12064981,0.0056181806,0.0049796416,0.030937815,0.021484308,-0.025319634,-0.016504666,0.0088149682,0.65289448,0.87802217,46.981751,41.251019,False,0.88993579,False,False,False,0.65289448,0.87802217,46.981751,41.251019,0.51418555,0.88430076,37.171657,32.870924,0.88964903,0.86741199,28.732437,24.92286,-0.018487606,1.23594,6.837887,8.4512181,0.39000447,0.85967403,12.933647,11.11872,0.40152547,0.88569546,15.235156,13.493708,0.44933733,0.94230727,16.621551,15.662608,0.6800658,0.83351246,25.677036,21.40213
init,init,-1,,10656,181.Worm_eating_Warbler/Worm_Eating_Warbler_0074_176093.jpg,181,180,181.Worm_eating_Warbler,183,182,random_erasing,random_erasing,0,"{""area_fraction"":0.053791,""erased"":true,""height"":0.312134,""left"":0.060763,""top"":0.615467,""width"":0.172334}",5.1817474,5.1593523,-0.022395134,0.0056181806,0.0057454198,0.030937815,0.025158595,-0.025319634,-0.019413176,0.0059064589,0.87844778,1.0471093,46.981751,49.195027,False,0.96532607,False,False,False,0.87844778,1.0471093,46.981751,49.195027,0.83087995,1.073551,37.171657,39.905668,0.96517729,1.0012925,28.732437,28.769573,0.82020909,0.98423175,6.837887,6.7300655,0.82321794,1.1118616,12.933647,14.380426,0.80597799,1.1908773,15.235156,18.143201,0.79469187,1.077135,16.621551,17.903655,0.86301525,1.0234952,25.677036,26.280322
init,init,-1,,3630,063.Ivory_Gull/Ivory_Gull_0117_49227.jpg,63,62,063.Ivory_Gull,8,7,identity,identity,0,{},5.2700615,5.2700615,0,0.0051432932,0.0051432932,0.020915059,0.020915059,-0.015771766,-0.015771766,0,1,1,36.233975,36.233975,False,1,True,False,False,1,1,36.233975,36.233975,1,1,29.031084,29.031084,1,1,21.681723,21.681723,1,1,6.2222577,6.2222577,1,1,9.2185223,9.2185223,1,1,10.809997,10.809997,1,1,11.619576,11.619576,1,1,21.615634,21.615634
init,init,-1,,3630,063.Ivory_Gull/Ivory_Gull_0117_49227.jpg,63,62,063.Ivory_Gull,8,7,horizontal_flip,horizontal_flip,0,"{""flipped"":true}",5.2700615,5.4885116,0.21845007,0.0051432932,0.0041339924,0.020915059,0.029520355,-0.015771766,-0.025386363,-0.0096145966,0.74195661,1.160111,36.233975,42.035432,False,0.96073103,True,False,False,0.74195661,1.160111,36.233975,42.035432,0.61630662,1.147048,29.031084,33.300048,0.96057462,1.1831696,21.681723,25.653156,0.772967,0.95380585,6.2222577,5.9348258,0.57443358,1.3216878,9.2185223,12.184008,0.49639784,1.13045,10.809997,12.220161,0.51654021,1.1077419,11.619576,12.87149,0.6740464,1.142807,21.615634,24.702497
init,init,-1,,3630,063.Ivory_Gull/Ivory_Gull_0117_49227.jpg,63,62,063.Ivory_Gull,8,7,color_jitter,color_jitter,0,"{""brightness"":1.088348,""contrast"":1.369909,""hue"":0.097231,""saturation"":0.611034}",5.2700615,5.5113802,0.2413187,0.0051432932,0.0040405281,0.020915059,0.026039451,-0.015771766,-0.021998923,-0.0062271571,0.80487155,1.138815,36.233975,41.263795,False,0.95230353,True,False,False,0.80487155,1.138815,36.233975,41.263795,0.72485227,1.1492368,29.031084,33.36359,0.95226663,1.1198878,21.681723,24.281097,0.33471735,1.085029,6.2222577,6.7513301,0.61009415,1.4223674,9.2185223,13.112126,0.67125368,1.0441922,10.809997,11.287714,0.7004761,1.1315612,11.619576,13.148261,0.80648861,1.1287857,21.615634,24.399417
init,init,-1,,3630,063.Ivory_Gull/Ivory_Gull_0117_49227.jpg,63,62,063.Ivory_Gull,8,7,rotation,rotation,0,"{""angle"":-9.03164}",5.2700615,5.5922623,0.32220078,0.0051432932,0.0037265865,0.020915059,0.014231535,-0.015771766,-0.010504948,0.005266818,0.6712173,1.2355897,36.233975,44.770327,False,0.89296967,False,False,False,0.6712173,1.2355897,36.233975,44.770327,0.5591177,1.2737388,29.031084,36.978019,0.8929295,1.164069,21.681723,25.239022,0.16092501,0.88341297,6.2222577,5.4968231,0.48910427,1.2462917,9.2185223,11.488968,0.50970075,1.394352,10.809997,15.07294,0.48909175,1.3296053,11.619576,15.44945,0.63305926,1.2578751,21.615634,27.189767
init,init,-1,,3630,063.Ivory_Gull/Ivory_Gull_0117_49227.jpg,63,62,063.Ivory_Gull,8,7,random_resized_crop,random_resized_crop,0,"{""area_fraction"":0.773942,""aspect"":0.942347,""fallback"":false,""height"":0.906252,""left"":0.10235,""top"":0.073981,""width"":0.854004}",5.2700615,5.1904669,-0.079594612,0.0051432932,0.0055694054,0.020915059,0.027341388,-0.015771766,-0.021771983,-0.0060002166,0.75277993,1.0815586,36.233975,39.189169,False,0.95646167,True,False,False,0.75277993,1.0815586,36.233975,39.189169,0.63852638,1.0793328,29.031084,31.334201,0.95645409,1.0855378,21.681723,23.536329,0.58000526,0.89722179,6.2222577,5.5827452,0.55068453,1.1685376,9.2185223,10.77219,0.51475445,1.1032366,10.809997,11.925984,0.5240335,1.0496566,11.619576,12.196565,0.72498247,1.0786676,21.615634,23.316083
init,init,-1,,3630,063.Ivory_Gull/Ivory_Gull_0117_49227.jpg,63,62,063.Ivory_Gull,8,7,gaussian_blur,gaussian_blur,0,"{""sigma"":1.60767}",5.2700615,5.0572624,-0.21279907,0.0051432932,0.0063629556,0.020915059,0.03090401,-0.015771766,-0.024541054,-0.0087692882,0.64499655,1.4142568,36.233975,51.244144,False,0.91896015,True,False,False,0.64499655,1.4142568,36.233975,51.244144,0.54060187,1.5450979,29.031084,44.855868,0.91888233,1.1427725,21.681723,24.777276,0.60610703,1.9218337,6.2222577,11.958144,0.38795158,1.9893229,9.2185223,18.338618,0.48270817,2.2602657,10.809997,24.433465,0.50136757,1.463822,11.619576,17.00899,0.66725244,1.1762467,21.615634,25.425318
init,init,-1,,3630,063.Ivory_Gull/Ivory_Gull_0117_49227.jpg,63,62,063.Ivory_Gull,8,7,random_erasing,random_erasing,0,"{""area_fraction"":0.09999,""erased"":true,""height"":0.20659,""left"":0.05704,""top"":0.117532,""width"":0.484004}",5.2700615,5.5714564,0.30139494,0.0051432932,0.0038049342,0.020915059,0.022803765,-0.015771766,-0.018998831,-0.0032270644,0.67255956,1.209188,36.233975,43.813689,False,0.88580799,True,False,False,0.67255956,1.209188,36.233975,43.813689,0.56658103,1.2519489,29.031084,36.345434,0.88576343,1.1284759,21.681723,24.467301,0.083316357,1.2372916,6.2222577,7.6987474,0.48236833,1.4864812,9.2185223,13.70316,0.62365832,1.3271745,10.809997,14.346753,0.58384079,1.2531735,11.619576,14.561345,0.60938537,1.1849795,21.615634,25.614082
init,init,-1,,10772,183.Northern_Waterthrush/Northern_Waterthrush_0055_177114.jpg,183,182,183.Northern_Waterthrush,168,167,identity,identity,0,{},4.7983146,4.7983146,0,0.0082436297,0.0082436297,0.019091452,0.019091452,-0.010847822,-0.010847822,0,1,1,45.500266,45.500266,False,0.99999994,True,False,False,1,1,45.500266,45.500266,1,1,37.912647,37.912647,1,1,25.157611,25.157611,1,1,4.9557305,4.9557305,1,1,13.54881,13.54881,1,1,17.320649,17.320649,1,1,16.388772,16.388772,1,1,25.702967,25.702967
init,init,-1,,10772,183.Northern_Waterthrush/Northern_Waterthrush_0055_177114.jpg,183,182,183.Northern_Waterthrush,168,167,horizontal_flip,horizontal_flip,0,"{""flipped"":true}",4.7983146,4.6807594,-0.11755514,0.0082436297,0.00927197,0.019091452,0.015158067,-0.010847822,-0.0058860974,0.0049617244,0.62106343,1.0860498,45.500266,49.415556,False,0.95609099,False,False,False,0.62106343,1.0860498,45.500266,49.415556,0.48894069,1.1183307,37.912647,42.398877,0.95602296,1.0089087,25.157611,25.381733,0.20448307,1.3178389,4.9557305,6.5308543,0.29740751,1.3898116,13.54881,18.830294,0.42426558,1.1259488,17.320649,19.502165,0.4021713,1.0574519,16.388772,17.330338,0.64666058,1.0437822,25.702967,26.8283
init,init,-1,,10772,183.Northern_Waterthrush/Northern_Waterthrush_0055_177114.jpg,183,182,183.Northern_Waterthrush,168,167,color_jitter,color_jitter,0,"{""brightness"":1.349743,""contrast"":1.298996,""hue"":-0.053558,""saturation"":1.269305}",4.7983146,5.184269,0.38595438,0.0082436297,0.005604032,0.019091452,0.019287378,-0.010847822,-0.013683346,-0.0028355238,0.73257197,1.0451234,45.500266,47.553395,False,0.93354243,True,False,False,0.73257197,1.0451234,45.500266,47.553395,0.64901404,1.0617694,37.912647,40.254489,0.93354244,1.0062971,25.157611,25.316032,0.53998995,1.3009121,4.9557305,6.4469698,0.59181601,1.0720232,13.54881,14.524639,0.629271,1.0261734,17.320649,17.773989,0.57538718,1.0934568,16.388772,17.920414,0.71103418,1.0517868,25.702967,27.034042
init,init,-1,,10772,183.Northern_Waterthrush/Northern_Waterthrush_0055_177114.jpg,183,182,183.Northern_Waterthrush,168,167,rotation,rotation,0,"{""angle"":-0.640202}",4.7983146,4.6261177,-0.17219687,0.0082436297,0.0097927013,0.019091452,0.01751554,-0.010847822,-0.0077228388,0.003124983,0.86680073,1.0388617,45.500266,47.268486,False,0.98254073,True,False,False,0.86680073,1.0388617,45.500266,47.268486,0.81764488,1.0491138,37.912647,39.774681,0.98249508,1.0151942,25.157611,25.53986,0.64481285,1.2916337,4.9557305,6.4009886,0.67888883,1.0793979,13.54881,14.624557,0.82576967,1.0726624,17.320649,18.579209,0.78991366,1.0296239,16.388772,16.874272,0.87493996,1.0273301,25.702967,26.405433
init,init,-1,,10772,183.Northern_Waterthrush/Northern_Waterthrush_0055_177114.jpg,183,182,183.Northern_Waterthrush,168,167,random_resized_crop,random_resized_crop,0,"{""area_fraction"":0.651181,""aspect"":1.05979,""fallback"":false,""height"":0.783864,""left"":0.000955,""top"":0.002365,""width"":0.830732}",4.7983146,4.7885866,-0.0097279549,0.0082436297,0.0083242143,0.019091452,0.014521082,-0.010847822,-0.0061968677,0.0046509542,0.71487849,0.97729663,45.500266,44.467256,False,0.96024978,False,False,False,0.71487849,0.97729663,45.500266,44.467256,0.59871206,0.9526987,37.912647,36.119329,0.96017755,1.0309825,25.157611,25.937058,0.19048306,0.83483448,4.9557305,4.1372148,0.40575962,0.90667823,13.54881,12.284411,0.57555389,0.97109748,17.320649,16.820039,0.50094615,0.91618316,16.388772,15.015117,0.7101143,0.97514894,25.702967,25.064221
init,init,-1,,10772,183.Northern_Waterthrush/Northern_Waterthrush_0055_177114.jpg,183,182,183.Northern_Waterthrush,168,167,gaussian_blur,gaussian_blur,0,"{""sigma"":1.348945}",4.7983146,4.7302032,-0.06811142,0.0082436297,0.0088246781,0.019091452,0.015842859,-0.010847822,-0.0070181806,0.0038296413,0.68500627,1.2570695,45.500266,57.196997,False,0.93610889,False,False,False,0.68500627,1.2570695,45.500266,57.196997,0.58630814,1.2942039,37.912647,49.066695,0.93586485,1.1683592,25.157611,29.393126,0.30506053,1.638212,4.9557305,8.1185373,0.35966833,1.4613091,13.54881,19.798999,0.56638912,1.4197834,17.320649,24.591569,0.55583816,1.2743887,16.388772,20.885666,0.71040172,1.1727909,25.702967,30.144207
init,init,-1,,10772,183.Northern_Waterthrush/Northern_Waterthrush_0055_177114.jpg,183,182,183.Northern_Waterthrush,168,167,random_erasing,random_erasing,0,"{""area_fraction"":0.196883,""erased"":true,""height"":0.567506,""left"":0.358141,""top"":0.385185,""width"":0.346927}",4.7983146,4.4688292,-0.32948542,0.0082436297,0.011460725,0.019091452,0.014813681,-0.010847822,-0.0033529559,0.0074948659,0.56217265,1.2840039,45.500266,58.42252,False,0.7989471,False,False,False,0.56217265,1.2840039,45.500266,58.42252,0.45671443,1.2785283,37.912647,48.472391,0.79841906,1.2963536,25.157611,32.613159,0.29233317,1.2628791,4.9557305,6.2584887,0.28781802,1.2205647,13.54881,16.5372,0.53944084,1.2842934,17.320649,22.244795,0.36552935,1.279319,16.388772,20.966468,0.50655231,1.2918328,25.702967,33.203935
init,init,-1,,4129,071.Long_tailed_Jaeger/Long_Tailed_Jaeger_0060_60886.jpg,71,70,071.Long_tailed_Jaeger,90,89,identity,identity,0,{},5.9692774,5.9692774,0,0.0025560881,0.0025560881,0.033915307,0.033915307,-0.031359219,-0.031359219,0,1,1,56.485481,56.485481,False,1,True,False,False,1,1,56.485481,56.485481,1,1,47.476237,47.476237,1,1,30.604192,30.604192,1,1,7.6534649,7.6534649,1,1,14.505482,14.505482,1,1,16.957514,16.957514,1,1,22.037479,22.037479,1,1,34.810928,34.810928
init,init,-1,,4129,071.Long_tailed_Jaeger/Long_Tailed_Jaeger_0060_60886.jpg,71,70,071.Long_tailed_Jaeger,90,89,horizontal_flip,horizontal_flip,0,"{""flipped"":true}",5.9692774,5.924263,-0.045014381,0.0025560881,0.0026737773,0.033915307,0.031244067,-0.031359219,-0.02857029,0.002788929,0.64531265,0.97817315,56.485481,55.252581,False,0.9549433,True,False,False,0.64531265,0.97817315,56.485481,55.252581,0.51269221,0.96899898,47.476237,46.004425,0.9548249,0.99990606,30.604192,30.601317,0.025753332,0.87157022,7.6534649,6.6705321,0.21921711,1.0047394,14.505482,14.574229,0.33582227,0.92203323,16.957514,15.635392,0.37573661,0.92218523,22.037479,20.322637,0.67511956,0.99595948,34.810928,34.670274
init,init,-1,,4129,071.Long_tailed_Jaeger/Long_Tailed_Jaeger_0060_60886.jpg,71,70,071.Long_tailed_Jaeger,90,89,color_jitter,color_jitter,0,"{""brightness"":0.882586,""contrast"":1.042012,""hue"":0.087416,""saturation"":0.953581}",5.9692774,5.8660488,-0.10322857,0.0025560881,0.0028340495,0.033915307,0.025422914,-0.031359219,-0.022588864,0.0087703548,0.79158479,0.89195449,56.485481,50.382478,False,0.95303488,False,False,False,0.79158479,0.89195449,56.485481,50.382478,0.72185037,0.88053462,47.476237,41.80447,0.95290482,0.91885512,30.604192,28.120818,0.55835518,1.2440962,7.6534649,9.5216469,0.45543583,0.85351031,14.505482,12.380578,0.62439187,0.80972736,16.957514,13.730964,0.69651265,0.85303034,22.037479,18.798638,0.81168286,0.89087009,34.810928,31.012015
init,init,-1,,4129,071.Long_tailed_Jaeger/Long_Tailed_Jaeger_0060_60886.jpg,71,70,071.Long_tailed_Jaeger,90,89,rotation,rotation,0,"{""angle"":-9.083321}",5.9692774,5.8975921,-0.071685314,0.0025560881,0.0027460493,0.033915307,0.025000731,-0.031359219,-0.022254681,0.009104538,0.63767691,0.94943996,56.485481,53.629573,False,0.90597713,False,False,False,0.63767691,0.94943996,56.485481,53.629573,0.51773624,0.92617709,47.476237,43.971403,0.90555653,1.003214,30.604192,30.702554,0.31808448,0.95959884,7.6534649,7.344256,0.15803965,0.98742367,14.505482,14.323056,0.25450348,0.99963586,16.957514,16.95134,0.46362928,0.8727795,22.037479,19.23386,0.6849579,0.91615236,34.810928,31.892114
init,init,-1,,4129,071.Long_tailed_Jaeger/Long_Tailed_Jaeger_0060_60886.jpg,71,70,071.Long_tailed_Jaeger,90,89,random_resized_crop,random_resized_crop,0,"{""area_fraction"":0.504417,""aspect"":0.805537,""fallback"":false,""height"":0.79132,""left"":0.298639,""top"":0.185229,""width"":0.637438}",5.9692774,6.0793786,0.11010122,0.0025560881,0.0022895993,0.033915307,0.029185319,-0.031359219,-0.02689572,0.0044634992,0.67868484,1.0072872,56.485481,56.897104,False,0.9408052,True,False,False,0.67868484,1.0072872,56.485481,56.897104,0.56702595,0.99941993,47.476237,47.448697,0.9406041,1.0259729,30.604192,31.39907,0.30848235,1.5870025,7.6534649,12.146068,0.3618185,0.98345472,14.505482,14.265485,0.44130586,1.0074131,16.957514,17.083222,0.46726584,0.97021567,22.037479,21.381107,0.69910138,0.97474247,34.810928,33.93169
init,init,-1,,4129,071.Long_tailed_Jaeger/Long_Tailed_Jaeger_0060_60886.jpg,71,70,071.Long_tailed_Jaeger,90,89,gaussian_blur,gaussian_blur,0,"{""sigma"":1.080479}",5.9692774,5.8334627,-0.13581467,0.0025560881,0.0029279208,0.033915307,0.027650014,-0.031359219,-0.024722093,0.0066371264,0.7225042,0.91761007,56.485481,51.831646,False,0.94001436,True,False,False,0.7225042,0.91761007,56.485481,51.831646,0.62955732,0.90936452,47.476237,43.173205,0.93977941,0.93715588,30.604192,28.680898,0.3985307,1.2318099,7.6534649,9.4276137,0.50775842,0.93770536,14.505482,13.601868,0.48065631,0.90358148,16.957514,15.322496,0.55258941,0.80928916,22.037479,17.834693,0.73088558,0.92514843,34.810928,32.205276
init,init,-1,,4129,071.Long_tailed_Jaeger/Long_Tailed_Jaeger_0060_60886.jpg,71,70,071.Long_tailed_Jaeger,90,89,random_erasing,random_erasing,0,"{""area_fraction"":0.138608,""erased"":true,""height"":0.21373,""left"":0.16795,""top"":0.025296,""width"":0.648517}",5.9692774,5.8916044,-0.077672958,0.0025560881,0.0027625407,0.033915307,0.029615246,-0.031359219,-0.026852705,0.0045065142,0.85702174,0.9948353,56.485481,56.193751,False,0.98128426,True,False,False,0.85702174,0.9948353,56.485481,56.193751,0.80296481,0.97877578,47.476237,46.468591,0.98119659,1.0324596,30.604192,31.59759,0.56714527,1.1265765,7.6534649,8.6222138,0.67368192,1.066707,14.505482,15.473099,0.72796505,0.91842365,16.957514,15.574182,0.7530269,0.89455497,22.037479,19.713736,0.87663014,1.0010653,34.810928,34.848013
init,init,-1,,11036,188.Pileated_Woodpecker/Pileated_Woodpecker_0004_180307.jpg,188,187,188.Pileated_Woodpecker,171,170,identity,identity,0,{},6.3947783,6.3947783,0,0.0016702564,0.0016702564,0.02845744,0.02845744,-0.026787184,-0.026787184,0,1,1,66.080575,66.080575,False,1,True,False,False,1,1,66.080575,66.080575,1,1,56.919619,56.919619,1,1,33.567834,33.567834,1,1,11.652069,11.652069,1,1,21.265621,21.265621,1,1,26.410546,26.410546,1,1,25.09394,25.09394,1,1,36.395368,36.395368
init,init,-1,,11036,188.Pileated_Woodpecker/Pileated_Woodpecker_0004_180307.jpg,188,187,188.Pileated_Woodpecker,171,170,horizontal_flip,horizontal_flip,0,"{""flipped"":true}",6.3947783,6.2647228,-0.13005543,0.0016702564,0.0019022413,0.02845744,0.023049947,-0.026787184,-0.021147706,0.0056394784,0.63156282,1.0627063,66.080575,70.22424,False,0.93763578,False,False,False,0.63156282,1.0627063,66.080575,70.22424,0.52987428,1.0742813,56.919619,61.147681,0.93734466,1.0286997,33.567834,34.531219,0.41401183,1.728708,11.652069,20.143025,0.31760776,1.1269303,21.265621,23.964873,0.5285979,0.98726221,26.410546,26.074134,0.47921724,1.0453706,25.09394,26.232467,0.66725459,1.0247413,36.395368,37.295837
init,init,-1,,11036,188.Pileated_Woodpecker/Pileated_Woodpecker_0004_180307.jpg,188,187,188.Pileated_Woodpecker,171,170,color_jitter,color_jitter,0,"{""brightness"":0.734814,""contrast"":0.840095,""hue"":0.007586,""saturation"":1.248845}",6.3947783,6.3612795,-0.033498764,0.0016702564,0.0017271559,0.02845744,0.022429286,-0.026787184,-0.02070213,0.0060850544,0.85242006,1.0066752,66.080575,66.521676,False,0.98659444,False,False,False,0.85242006,1.0066752,66.080575,66.521676,0.80805907,1.0180964,56.919619,57.949656,0.98652274,0.97308981,33.567834,32.664517,0.59496493,1.5807448,11.652069,18.418948,0.63941997,1.1311109,21.265621,24.053776,0.82938595,0.96464669,26.410546,25.476846,0.82238857,0.93213507,25.09394,23.390942,0.91125918,0.96913472,36.395368,35.272015
init,init,-1,,11036,188.Pileated_Woodpecker/Pileated_Woodpecker_0004_180307.jpg,188,187,188.Pileated_Woodpecker,171,170,rotation,rotation,0,"{""angle"":-8.468376}",6.3947783,6.2107773,-0.18400097,0.0016702564,0.0020076761,0.02845744,0.017419366,-0.026787184,-0.01541169,0.011375494,0.68266814,0.85762939,66.080575,56.672644,False,0.91505694,False,False,False,0.68266814,0.85762939,66.080575,56.672644,0.61508675,0.88805434,56.919619,50.547714,0.91471858,0.76342407,33.567834,25.626492,0.42866791,1.4024347,11.652069,16.341266,0.5670049,0.869705,21.265621,18.494817,0.64982922,0.92941038,26.410546,24.546236,0.52936343,0.85905103,25.09394,21.556975,0.70205336,0.81449397,36.395368,29.643808
init,init,-1,,11036,188.Pileated_Woodpecker/Pileated_Woodpecker_0004_180307.jpg,188,187,188.Pileated_Woodpecker,171,170,random_resized_crop,random_resized_crop,0,"{""area_fraction"":0.537295,""aspect"":0.752509,""fallback"":false,""height"":0.844988,""left"":0.06194,""top"":0.107238,""width"":0.635861}",6.3947783,5.7298002,-0.66497803,0.0016702564,0.0032477267,0.02845744,0.021936983,-0.026787184,-0.018689256,0.0080979279,0.57032364,0.99409675,66.080575,65.690485,False,0.87982303,False,False,False,0.57032364,0.99409675,66.080575,65.690485,0.48512839,1.0398209,56.919619,59.186208,0.8794751,0.84901797,33.567834,28.499694,-0.11459176,1.3659651,11.652069,15.916319,0.27501824,0.94930276,21.265621,20.187513,0.49616018,1.1502757,26.410546,30.37941,0.47770399,1.0756133,25.09394,26.991377,0.64964031,0.94810174,36.395368,34.506512
init,init,-1,,11036,188.Pileated_Woodpecker/Pileated_Woodpecker_0004_180307.jpg,188,187,188.Pileated_Woodpecker,171,170,gaussian_blur,gaussian_blur,0,"{""sigma"":1.807002}",6.3947783,6.0387988,-0.35597944,0.0016702564,0.0023844212,0.02845744,0.026157256,-0.026787184,-0.023772835,0.003014349,0.57905646,0.88869882,66.080575,58.72573,False,0.89894384,True,False,False,0.57905646,0.88869882,66.080575,58.72573,0.48909497,0.92672152,56.919619,52.748635,0.89861761,0.76896972,33.567834,25.812648,0.55830896,0.85059569,11.652069,9.9111998,0.23443287,1.0474184,21.265621,22.274004,0.43941538,1.0542186,26.410546,27.842488,0.40384051,0.88598266,25.09394,22.232796,0.67496884,0.83273389,36.395368,30.307656
init,init,-1,,11036,188.Pileated_Woodpecker/Pileated_Woodpecker_0004_180307.jpg,188,187,188.Pileated_Woodpecker,171,170,random_erasing,random_erasing,0,"{""area_fraction"":0.126508,""erased"":true,""height"":0.40504,""left"":0.157497,""top"":0.197853,""width"":0.312333}",6.3947783,6.1130629,-0.28171539,0.0016702564,0.0022137598,0.02845744,0.034995485,-0.026787184,-0.032781725,-0.0059945412,0.79677216,0.8592254,66.080575,56.778109,False,0.93557101,True,False,False,0.79677216,0.8592254,66.080575,56.778109,0.74633109,0.84766178,56.919619,48.248585,0.9353965,0.89163872,33.567834,29.93038,0.61517722,1.0423083,11.652069,12.145049,0.71980428,0.81421257,21.265621,17.314736,0.77782649,0.81362782,26.410546,21.488355,0.68304791,0.79831095,25.09394,20.032768,0.78618329,0.87646471,36.395368,31.899256
init,init,-1,,5450,094.White_breasted_Nuthatch/White_Breasted_Nuthatch_0068_86033.jpg,94,93,094.White_breasted_Nuthatch,8,7,identity,identity,0,{},5.5763049,5.5763049,0,0.003786531,0.003786531,0.050384462,0.050384462,-0.046597931,-0.046597931,0,1,1,69.920855,69.920855,False,1,True,False,False,1,1,69.920855,69.920855,1,1,60.410059,60.410059,1,1,35.207255,35.207255,1,1,6.9798781,6.9798781,1,1,24.399577,24.399577,1,1,27.650171,27.650171,1,1,26.654215,26.654215,1,1,39.119535,39.119535
init,init,-1,,5450,094.White_breasted_Nuthatch/White_Breasted_Nuthatch_0068_86033.jpg,94,93,094.White_breasted_Nuthatch,8,7,horizontal_flip,horizontal_flip,0,"{""flipped"":true}",5.5763049,5.4061189,-0.17018604,0.003786531,0.0044890288,0.050384462,0.028077263,-0.046597931,-0.023588235,0.023009696,0.62299819,0.85871323,69.920855,60.041964,False,0.95920646,False,False,False,0.62299819,0.85871323,69.920855,60.041964,0.49694476,0.83362581,60.410059,50.359384,0.95877445,0.92864679,35.207255,32.695104,0.5423312,1.0265734,6.9798781,7.1653573,0.27790559,0.77329016,24.399577,18.867953,0.42752692,0.78500741,27.650171,21.70559,0.3709713,0.79148855,26.654215,21.096506,0.65450262,0.89012835,39.119535,34.821407
init,init,-1,,5450,094.White_breasted_Nuthatch/White_Breasted_Nuthatch_0068_86033.jpg,94,93,094.White_breasted_Nuthatch,8,7,color_jitter,color_jitter,0,"{""brightness"":0.941272,""contrast"":1.032435,""hue"":0.076144,""saturation"":0.663586}",5.5763049,6.0143323,0.43802738,0.003786531,0.0024434796,0.050384462,0.03447216,-0.046597931,-0.03202868,0.01456925,0.85693014,0.91544886,69.920855,64.008967,False,0.9676286,True,False,False,0.85693014,0.91544886,69.920855,64.008967,0.81759322,0.90172018,60.410059,54.472969,0.96734116,0.95472213,35.207255,33.613146,0.59744099,0.88527949,6.9798781,6.1791429,0.68601952,0.77870901,24.399577,19.00017,0.77150391,0.94420824,27.650171,26.10752,0.81177411,0.86418175,26.654215,23.034086,0.8964489,0.94129825,39.119535,36.823149
init,init,-1,,5450,094.White_breasted_Nuthatch/White_Breasted_Nuthatch_0068_86033.jpg,94,93,094.White_breasted_Nuthatch,8,7,rotation,rotation,0,"{""angle"":-5.427792}",5.5763049,5.4362774,-0.14002752,0.003786531,0.0043556681,0.050384462,0.029662851,-0.046597931,-0.025307183,0.021290748,0.76591748,0.83969161,69.920855,58.711955,False,0.95622516,True,False,False,0.76591748,0.83969161,69.920855,58.711955,0.69567041,0.81684887,60.410059,49.345888,0.95571444,0.90359664,35.207255,31.813158,0.34845429,0.88201272,6.9798781,6.1563413,0.66296071,0.77722362,24.399577,18.963927,0.59753684,0.75049628,27.650171,20.751351,0.62867663,0.78491222,26.654215,20.921219,0.79142414,0.87406774,39.119535,34.193123
init,init,-1,,5450,094.White_breasted_Nuthatch/White_Breasted_Nuthatch_0068_86033.jpg,94,93,094.White_breasted_Nuthatch,8,7,random_resized_crop,random_resized_crop,0,"{""area_fraction"":0.679052,""aspect"":0.90362,""fallback"":false,""height"":0.866879,""left"":0.076136,""top"":0.036833,""width"":0.783329}",5.5763049,5.0695286,-0.50677633,0.003786531,0.0062853815,0.050384462,0.038001366,-0.046597931,-0.031715984,0.014881946,0.73012313,0.80763761,69.920855,56.470713,False,0.94902414,True,False,False,0.73012313,0.80763761,69.920855,56.470713,0.64951239,0.78735191,60.410059,47.563975,0.94857534,0.864602,35.207255,30.440264,0.43749477,0.876247,6.9798781,6.1160973,0.53855713,0.68059418,24.399577,16.60621,0.63621815,0.73034916,27.650171,20.19428,0.54485485,0.76579677,26.654215,20.411711,0.74523075,0.85728847,39.119535,33.536726
init,init,-1,,5450,094.White_breasted_Nuthatch/White_Breasted_Nuthatch_0068_86033.jpg,94,93,094.White_breasted_Nuthatch,8,7,gaussian_blur,gaussian_blur,0,"{""sigma"":1.713847}",5.5763049,5.3775363,-0.19876862,0.003786531,0.0046191895,0.050384462,0.020324348,-0.046597931,-0.015705158,0.030892773,0.5985358,0.96529839,69.920855,67.494489,False,0.88198829,False,False,False,0.5985358,0.96529839,69.920855,67.494489,0.506877,0.97574404,60.410059,58.944755,0.88092498,0.93386713,35.207255,32.878899,-0.012466266,1.393622,6.9798781,9.7273115,0.37233677,1.0695117,24.399577,26.095634,0.50874331,1.0054663,27.650171,27.801317,0.4300393,0.94953674,26.654215,25.309156,0.6327861,0.9164905,39.119535,35.852682
init,init,-1,,5450,094.White_breasted_Nuthatch/White_Breasted_Nuthatch_0068_86033.jpg,94,93,094.White_breasted_Nuthatch,8,7,random_erasing,random_erasing,0,"{""area_fraction"":0.06968,""erased"":true,""height"":0.353859,""left"":0.421398,""top"":0.402704,""width"":0.196915}",5.5763049,5.9674211,0.39111614,0.003786531,0.0025608374,0.050384462,0.031768132,-0.046597931,-0.029207295,0.017390636,0.81986144,1.0227441,69.920855,71.51114,False,0.93563807,True,False,False,0.81986144,1.0227441,69.920855,71.51114,0.78218865,1.031467,60.410059,62.310982,0.93501702,0.99661962,35.207255,35.088241,0.7520641,1.1229226,6.9798781,7.8378631,0.82477399,0.90846086,24.399577,22.166061,0.84125182,1.0477324,27.650171,28.969981,0.7124234,1.097507,26.654215,29.253187,0.77619937,1.0335934,39.119535,40.433691
init,init,-1,,4776,082.Ringed_Kingfisher/Ringed_Kingfisher_0017_73145.jpg,82,81,082.Ringed_Kingfisher,129,128,identity,identity,0,{},6.2262459,6.2262459,0,0.0019768598,0.0019768598,0.025090007,0.025090007,-0.023113147,-0.023113147,0,1,1,49.433543,49.433543,False,1.0000001,True,False,False,1,1,49.433543,49.433543,1,1,42.230475,42.230475,1,1,25.695567,25.695567,1,1,5.9445787,5.9445787,1,1,15.014521,15.014521,1,1,16.364386,16.364386,1,1,18.035178,18.035178,1,1,30.488988,30.488988
init,init,-1,,4776,082.Ringed_Kingfisher/Ringed_Kingfisher_0017_73145.jpg,82,81,082.Ringed_Kingfisher,129,128,horizontal_flip,horizontal_flip,0,"{""flipped"":true}",6.2262459,6.2037988,-0.022447109,0.0019768598,0.002021736,0.025090007,0.031616122,-0.023113147,-0.029594386,-0.0064812382,0.64503798,1.1103767,49.433543,54.889857,False,0.94257092,True,False,False,0.64503798,1.1103767,49.433543,54.889857,0.53976299,1.1230107,42.230475,47.425276,0.9423964,1.0755099,25.695567,27.635838,0.29393331,1.1399567,5.9445787,6.7765624,0.35253373,1.0464889,15.014521,15.712529,0.38625281,1.1833361,16.364386,19.36457,0.43210548,1.1989525,18.035178,21.623322,0.6831383,1.0946115,30.488988,33.373595
init,init,-1,,4776,082.Ringed_Kingfisher/Ringed_Kingfisher_0017_73145.jpg,82,81,082.Ringed_Kingfisher,129,128,color_jitter,color_jitter,0,"{""brightness"":0.740578,""contrast"":0.770521,""hue"":0.058531,""saturation"":0.78607}",6.2262459,6.2697401,0.043494225,0.0019768598,0.00189272,0.025090007,0.027123008,-0.023113147,-0.025230288,-0.0021171406,0.80385769,1.2115803,49.433543,59.892708,False,0.96329141,True,False,False,0.80385769,1.2115803,49.433543,59.892708,0.75876947,1.2678549,42.230475,53.542115,0.96326116,1.0445329,25.695567,26.839866,0.6341592,1.4473956,5.9445787,8.6041573,0.65827455,1.6573649,15.014521,24.88454,0.74010933,1.4100048,16.364386,23.073863,0.74152267,1.2887033,18.035178,23.241993,0.83726409,1.0882521,30.488988,33.179704
init,init,-1,,4776,082.Ringed_Kingfisher/Ringed_Kingfisher_0017_73145.jpg,82,81,082.Ringed_Kingfisher,129,128,rotation,rotation,0,"{""angle"":2.882188}",6.2262459,6.3050222,0.07877636,0.0019768598,0.0018271059,0.025090007,0.026583131,-0.023113147,-0.024756026,-0.0016428782,0.80304739,1.0304044,49.433543,50.936542,False,0.97439563,True,False,False,0.80304739,1.0304044,49.433543,50.936542,0.74744513,1.0590756,42.230475,44.725268,0.97437494,0.94864005,25.695567,24.375844,0.56329941,1.1604526,5.9445787,6.8984018,0.6036908,1.2518366,15.014521,18.795728,0.63403064,1.1407277,16.364386,18.667308,0.726472,1.0657373,18.035178,19.220761,0.85364527,0.97383846,30.488988,29.691349
init,init,-1,,4776,082.Ringed_Kingfisher/Ringed_Kingfisher_0017_73145.jpg,82,81,082.Ringed_Kingfisher,129,128,random_resized_crop,random_resized_crop,0,"{""area_fraction"":0.846854,""aspect"":1.161809,""fallback"":false,""height"":0.853762,""left"":0.001646,""top"":0.026988,""width"":0.991909}",6.2262459,6.1930752,-0.0331707,0.0019768598,0.002043532,0.025090007,0.027942758,-0.023113147,-0.025899226,-0.0027860787,0.72535851,1.0507871,49.433543,51.944128,False,0.93693161,True,False,False,0.72535851,1.0507871,49.433543,51.944128,0.64924058,1.0583504,42.230475,44.694639,0.9367962,1.0300805,25.695567,26.468503,0.46220032,1.0419542,5.9445787,6.1939786,0.50916064,1.0323689,15.014521,15.500525,0.51404477,1.1487358,16.364386,18.798356,0.59613252,1.106147,18.035178,19.949558,0.75631266,1.0202545,30.488988,31.106528
init,init,-1,,4776,082.Ringed_Kingfisher/Ringed_Kingfisher_0017_73145.jpg,82,81,082.Ringed_Kingfisher,129,128,gaussian_blur,gaussian_blur,0,"{""sigma"":1.836883}",6.2262459,6.4286795,0.20243359,0.0019768598,0.0016145819,0.025090007,0.02840141,-0.023113147,-0.026786828,-0.0036736809,0.51073908,1.0684658,49.433543,52.818052,False,0.84026015,True,False,False,0.51073908,1.0684658,49.433543,52.818052,0.40907183,1.1116724,42.230475,46.946455,0.84018774,0.94190675,25.695567,24.202828,0.50127943,1.4020194,5.9445787,8.3344146,0.29593478,1.3398087,15.014521,20.116586,0.29868263,1.2566575,16.364386,20.56443,0.31198152,1.1601164,18.035178,20.922905,0.53239834,0.9669599,30.488988,29.481629
init,init,-1,,4776,082.Ringed_Kingfisher/Ringed_Kingfisher_0017_73145.jpg,82,81,082.Ringed_Kingfisher,129,128,random_erasing,random_erasing,0,"{""area_fraction"":0.058605,""erased"":true,""height"":0.39652,""left"":0.845498,""top"":0.342943,""width"":0.147799}",6.2262459,6.3929367,0.16669083,0.0019768598,0.0016733352,0.025090007,0.026572658,-0.023113147,-0.024899323,-0.0017861752,0.93830625,1.0735012,49.433543,53.06697,False,0.98920858,True,False,False,0.93830625,1.0735012,49.433543,53.06697,0.92049549,1.0857021,42.230475,45.849717,0.98918207,1.0398305,25.695567,26.719034,0.92894144,1.0020242,5.9445787,5.9566115,0.87361661,1.1201069,15.014521,16.817869,0.90974291,1.1159152,16.364386,18.261268,0.914462,1.1326533,18.035178,20.427603,0.9388537,1.0542195,30.488988,32.142086
init,init,-1,,6166,106.Horned_Puffin/Horned_Puffin_0082_100876.jpg,106,105,106.Horned_Puffin,183,182,identity,identity,0,{},6.5056176,6.5056176,0,0.0014950173,0.0014950173,0.023968745,0.023968745,-0.022473728,-0.022473728,0,1,1,61.499908,61.499908,False,1.0000001,True,False,False,1,1,61.499908,61.499908,1,1,53.332235,53.332235,1,1,30.62534,30.62534,1,1,12.050249,12.050249,1,1,19.290881,19.290881,1,1,22.834986,22.834986,1,1,24.621985,24.621985,1,1,34.630939,34.630939
init,init,-1,,6166,106.Horned_Puffin/Horned_Puffin_0082_100876.jpg,106,105,106.Horned_Puffin,183,182,horizontal_flip,horizontal_flip,0,"{""flipped"":true}",6.5056176,6.8437209,0.33810329,0.0014950173,0.0010661291,0.023968745,0.027666559,-0.022473728,-0.02660043,-0.0041267027,0.66959082,0.99387762,61.499908,61.123383,False,0.95044202,True,False,False,0.66959082,0.99387762,61.499908,61.123383,0.57618558,0.99157821,53.332235,52.883082,0.95025954,1.0008186,30.62534,30.650409,0.53244525,0.97674681,12.050249,11.770042,0.39090572,1.022825,19.290881,19.731195,0.44462506,0.94934521,22.834986,21.678285,0.51687569,0.95797402,24.621985,23.587222,0.72128539,1.0178345,34.630939,35.248565
init,init,-1,,6166,106.Horned_Puffin/Horned_Puffin_0082_100876.jpg,106,105,106.Horned_Puffin,183,182,color_jitter,color_jitter,0,"{""brightness"":1.056539,""contrast"":0.763708,""hue"":0.039869,""saturation"":0.709897}",6.5056176,6.6835809,0.17796326,0.0014950173,0.0012512893,0.023968745,0.025262158,-0.022473728,-0.024010869,-0.0015371414,0.84385865,0.96471232,61.499908,59.329719,False,0.96858323,True,False,False,0.84385865,0.96471232,61.499908,59.329719,0.8036655,0.96967299,53.332235,51.714828,0.96847829,0.94951001,30.62534,29.079067,0.76816838,1.0548623,12.050249,12.711353,0.72094856,0.97943742,19.290881,18.89421,0.78354177,0.97867202,22.834986,22.347962,0.78505163,0.93803564,24.621985,23.0963,0.85292253,0.96765907,34.630939,33.510943
init,init,-1,,6166,106.Horned_Puffin/Horned_Puffin_0082_100876.jpg,106,105,106.Horned_Puffin,183,182,rotation,rotation,0,"{""angle"":-12.371478}",6.5056176,6.4163771,-0.089240551,0.0014950173,0.0016345674,0.023968745,0.018771244,-0.022473728,-0.017136677,0.0053370509,0.62599654,1.0777063,61.499908,66.278837,False,0.89227998,False,False,False,0.62599654,1.0777063,61.499908,66.278837,0.52779186,1.0394619,53.332235,55.436829,0.89094554,1.1861706,30.62534,36.326879,0.40818245,0.96347131,12.050249,11.610069,0.34667321,0.97856599,19.290881,18.8774,0.45417237,1.0128626,22.834986,23.128704,0.49336671,1.0159099,24.621985,25.013718,0.63827484,1.0886905,34.630939,37.702375
init,init,-1,,6166,106.Horned_Puffin/Horned_Puffin_0082_100876.jpg,106,105,106.Horned_Puffin,183,182,random_resized_crop,random_resized_crop,0,"{""area_fraction"":0.636703,""aspect"":0.857805,""fallback"":false,""height"":0.861538,""left"":0.065693,""top"":0.09046,""width"":0.739031}",6.5056176,6.5517797,0.046162128,0.0014950173,0.0014275728,0.023968745,0.019716596,-0.022473728,-0.018289023,0.0041847043,0.69184019,0.97891975,61.499908,60.203475,False,0.94286287,False,False,False,0.69184019,0.97891975,61.499908,60.203475,0.60939144,0.9797129,53.332235,52.250279,0.94269855,0.97651049,30.62534,29.905966,0.55362273,0.83353082,12.050249,10.044254,0.41005871,0.98721456,19.290881,19.044238,0.52766439,0.94455613,22.834986,21.568926,0.55385505,0.9920161,24.621985,24.425406,0.73836263,1.002249,34.630939,34.708825
init,init,-1,,6166,106.Horned_Puffin/Horned_Puffin_0082_100876.jpg,106,105,106.Horned_Puffin,183,182,gaussian_blur,gaussian_blur,0,"{""sigma"":1.619048}",6.5056176,6.4955101,-0.010107517,0.0014950173,0.0015102045,0.023968745,0.020046584,-0.022473728,-0.01853638,0.0039373479,0.56838996,0.91687546,61.499908,56.387757,False,0.88219672,False,False,False,0.56838996,0.91687546,61.499908,56.387757,0.46889141,0.92514924,53.332235,49.340277,0.88188464,0.89131475,30.62534,27.296817,0.017693207,0.92201817,12.050249,11.110548,0.024358685,0.91070996,19.290881,17.568397,0.49356343,0.90181693,22.834986,20.592977,0.49772852,0.96331931,24.621985,23.718834,0.63464802,0.92028412,34.630939,31.870304
init,init,-1,,6166,106.Horned_Puffin/Horned_Puffin_0082_100876.jpg,106,105,106.Horned_Puffin,183,182,random_erasing,random_erasing,0,"{""area_fraction"":0.13114,""erased"":true,""height"":0.555552,""left"":0.620961,""top"":0.408831,""width"":0.236054}",6.5056176,6.3860626,-0.119555,0.0014950173,0.0016848769,0.023968745,0.0083135683,-0.022473728,-0.0066286915,0.015845036,0.72389618,0.9257648,61.499908,56.93445,False,0.89603937,False,False,False,0.72389618,0.9257648,61.499908,56.93445,0.66847083,0.93049104,53.332235,49.625167,0.89564222,0.91128203,30.62534,27.908322,0.52158974,0.96290133,12.050249,11.603201,0.57464211,0.95920406,19.290881,18.503891,0.65388949,0.91911007,22.834986,20.987866,0.65820546,0.89273652,24.621985,21.980945,0.72794628,0.94100769,34.630939,32.58798
init,init,-1,,6776,116.Chipping_Sparrow/Chipping_Sparrow_0010_109760.jpg,116,115,116.Chipping_Sparrow,129,128,identity,identity,0,{},4.7026277,4.7026277,0,0.0090714097,0.0090714097,0.031774722,0.031774722,-0.022703312,-0.022703312,0,1,1,52.869029,52.869029,False,1,True,False,False,1,1,52.869029,52.869029,1,1,43.26189,43.26189,1,1,30.389852,30.389852,1,1,5.590754,5.590754,1,1,13.78648,13.78648,1,1,19.079781,19.079781,1,1,19.236989,19.236989,1,1,30.268264,30.268264
init,init,-1,,6776,116.Chipping_Sparrow/Chipping_Sparrow_0010_109760.jpg,116,115,116.Chipping_Sparrow,129,128,horizontal_flip,horizontal_flip,0,"{""flipped"":true}",4.7026277,4.5975108,-0.10511684,0.0090714097,0.010076889,0.031774722,0.037725341,-0.022703312,-0.027648452,-0.0049451394,0.69581341,1.0568487,52.869029,55.874565,False,0.94721091,True,False,False,0.69581341,1.0568487,52.869029,55.874565,0.56988633,1.0512011,43.26189,45.476947,0.94700692,1.0682022,30.389852,32.462507,0.67854045,1.0600921,5.590754,5.9267144,0.47742273,0.97037023,13.78648,13.37799,0.5117067,0.97641284,19.079781,18.629743,0.37808782,1.0277013,19.236989,19.769879,0.6773871,1.1037532,30.268264,33.408692
init,init,-1,,6776,116.Chipping_Sparrow/Chipping_Sparrow_0010_109760.jpg,116,115,116.Chipping_Sparrow,129,128,color_jitter,color_jitter,0,"{""brightness"":1.064627,""contrast"":1.008562,""hue"":-0.088131,""saturation"":1.017984}",4.7026277,5.0550594,0.35243177,0.0090714097,0.0063769878,0.031774722,0.034485813,-0.022703312,-0.028108825,-0.0054055131,0.75591877,1.0072108,52.869029,53.250257,False,0.92262304,True,False,False,0.75591877,1.0072108,52.869029,53.250257,0.67641004,1.0173803,43.26189,44.013793,0.92237301,0.98628057,30.389852,29.97292,0.62928927,1.0560161,5.590754,5.9039261,0.58003507,1.0434792,13.78648,14.385905,0.63868487,0.99454883,19.079781,18.975774,0.61915891,1.0562542,19.236989,20.31915,0.73849286,1.0034257,30.268264,30.371952
init,init,-1,,6776,116.Chipping_Sparrow/Chipping_Sparrow_0010_109760.jpg,116,115,116.Chipping_Sparrow,129,128,rotation,rotation,0,"{""angle"":-9.110071}",4.7026277,4.5855522,-0.11707544,0.0090714097,0.010198114,0.031774722,0.029664105,-0.022703312,-0.019465991,0.003237321,0.73207796,1.0030583,52.869029,53.03072,False,0.95792943,True,False,False,0.73207796,1.0030583,52.869029,53.03072,0.63482942,1.0402154,43.26189,45.001684,0.95776685,0.92318337,30.389852,28.055406,0.4624792,1.5092101,5.590754,8.4376226,0.48896567,1.2000499,13.78648,16.544464,0.60331481,1.1712135,19.079781,22.346497,0.5456258,1.0025988,19.236989,19.286981,0.74681996,0.93962796,30.268264,28.440907
init,init,-1,,6776,116.Chipping_Sparrow/Chipping_Sparrow_0010_109760.jpg,116,115,116.Chipping_Sparrow,129,128,random_resized_crop,random_resized_crop,0,"{""area_fraction"":0.597984,""aspect"":1.092636,""fallback"":false,""height"":0.739788,""left"":0.102527,""top"":0.076169,""width"":0.808318}",4.7026277,4.7624111,0.059783459,0.0090714097,0.0085449815,0.031774722,0.032360666,-0.022703312,-0.023815684,-0.0011123717,0.74753256,0.95926032,52.869029,50.715161,False,0.94746888,True,False,False,0.74753256,0.95926032,52.869029,50.715161,0.65336035,0.97273183,43.26189,42.082217,0.94733207,0.93136247,30.389852,28.303967,0.72663829,1.0725798,5.590754,5.99653,0.68575653,1.069278,13.78648,14.741579,0.61537625,1.0402586,19.079781,19.847906,0.54090373,0.90785405,19.236989,17.464378,0.7054772,0.94530941,30.268264,28.612874
init,init,-1,,6776,116.Chipping_Sparrow/Chipping_Sparrow_0010_109760.jpg,116,115,116.Chipping_Sparrow,129,128,gaussian_blur,gaussian_blur,0,"{""sigma"":1.129808}",4.7026277,5.0219293,0.31930161,0.0090714097,0.0065917969,0.031774722,0.018784715,-0.022703312,-0.012192918,0.010510394,0.60392369,1.0072894,52.869029,53.254414,False,0.90940624,True,False,False,0.60392369,1.0072894,52.869029,53.254414,0.50587093,1.1010638,43.26189,47.6341,0.90911607,0.78356058,30.389852,23.81229,0.25239052,1.8736728,5.590754,10.475244,0.1853596,1.5758166,13.78648,21.724964,0.52537682,1.2691473,19.079781,24.215053,0.48692632,1.1290921,19.236989,21.720332,0.69279261,0.82869254,30.268264,25.083084
init,init,-1,,6776,116.Chipping_Sparrow/Chipping_Sparrow_0010_109760.jpg,116,115,116.Chipping_Sparrow,129,128,random_erasing,random_erasing,0,"{""area_fraction"":0.090279,""erased"":true,""height"":0.398557,""left"":0.372398,""top"":0.511901,""width"":0.226515}",4.7026277,5.2391462,0.53651857,0.0090714097,0.0053047845,0.031774722,0.01942382,-0.022703312,-0.014119036,0.0085842768,0.6423147,1.0624577,52.869029,56.171108,False,0.86888397,False,False,False,0.6423147,1.0624577,52.869029,56.171108,0.55925107,1.1354892,43.26189,49.12341,0.86848999,0.89639189,30.389852,27.241217,0.73351243,1.0817899,5.590754,6.0480213,0.47288707,1.1953008,13.78648,16.478991,0.46983281,1.2348993,19.079781,23.561609,0.52106803,1.1829109,19.236989,22.755644,0.63449274,1.0613372,30.268264,32.124835
init,init,-1,,5910,101.White_Pelican/White_Pelican_0047_97190.jpg,101,100,101.White_Pelican,55,54,identity,identity,0,{},7.8469381,7.8469381,0,0.00039094721,0.00039094721,0.025688862,0.025688862,-0.025297915,-0.025297915,0,1,1,59.068099,59.068099,False,1.0000001,True,False,False,1,1,59.068099,59.068099,1,1,49.411906,49.411906,1,1,32.365165,32.365165,1,1,10.903052,10.903052,1,1,19.929433,19.929433,1,1,21.368637,21.368637,1,1,20.72272,20.72272,1,1,32.240158,32.240158
init,init,-1,,5910,101.White_Pelican/White_Pelican_0047_97190.jpg,101,100,101.White_Pelican,55,54,horizontal_flip,horizontal_flip,0,"{""flipped"":true}",7.8469381,7.745626,-0.10131216,0.00039094721,0.00043263074,0.025688862,0.026391715,-0.025297915,-0.025959084,-0.00066116886,0.62804414,0.92949548,59.068099,54.903531,False,0.96469986,True,False,False,0.62804414,0.92949548,59.068099,54.903531,0.48310179,0.92838897,49.411906,45.873468,0.96454719,0.93206945,32.365165,30.166581,-0.30953895,0.954323,10.903052,10.405033,0.2947305,0.78085804,19.929433,15.562058,0.38892283,0.92298295,21.368637,19.722887,0.43536993,0.92811297,20.72272,19.233026,0.6896044,0.97841066,32.240158,31.544115
init,init,-1,,5910,101.White_Pelican/White_Pelican_0047_97190.jpg,101,100,101.White_Pelican,55,54,color_jitter,color_jitter,0,"{""brightness"":1.356112,""contrast"":0.703897,""hue"":-0.036751,""saturation"":0.828766}",7.8469381,7.4435577,-0.40338039,0.00039094721,0.00058519933,0.025688862,0.02265707,-0.025297915,-0.022071871,0.0032260442,0.7796801,0.99785797,59.068099,58.941573,False,0.94460106,False,False,False,0.7796801,0.99785797,59.068099,58.941573,0.70415091,0.97412268,49.411906,48.133258,0.94437341,1.051102,32.365165,34.01909,0.59709351,0.73683104,10.903052,8.0337072,0.6229337,0.94644455,19.929433,18.862103,0.69638617,0.97344413,21.368637,20.801174,0.62015978,0.93525382,20.72272,19.381003,0.78008739,1.0231823,32.240158,32.987559
init,init,-1,,5910,101.White_Pelican/White_Pelican_0047_97190.jpg,101,100,101.White_Pelican,55,54,rotation,rotation,0,"{""angle"":7.568571}",7.8469381,7.5216689,-0.32526922,0.00039094721,0.00054122851,0.025688862,0.015613897,-0.025297915,-0.015072668,0.010225247,0.68417625,0.99569644,59.068099,58.813896,False,0.94420624,False,False,False,0.68417625,0.99569644,59.068099,58.813896,0.57339799,0.9975745,49.411906,49.292057,0.94402221,0.99130524,32.365165,32.083757,0.42832179,1.2577432,10.903052,13.713239,0.415313,0.88000597,19.929433,17.53802,0.5283707,0.96336979,21.368637,20.585899,0.50821472,0.99694754,20.72272,20.659465,0.69482977,1.0209703,32.240158,32.916244
init,init,-1,,5910,101.White_Pelican/White_Pelican_0047_97190.jpg,101,100,101.White_Pelican,55,54,random_resized_crop,random_resized_crop,0,"{""area_fraction"":0.829884,""aspect"":1.168867,""fallback"":false,""height"":0.842609,""left"":0.005293,""top"":0.01767,""width"":0.984898}",7.8469381,7.9530935,0.1061554,0.00039094721,0.00035157296,0.025688862,0.023054069,-0.025297915,-0.022702496,0.0025954193,0.78736147,1.0190298,59.068099,60.192156,False,0.9763478,False,False,False,0.78736147,1.0190298,59.068099,60.192156,0.70942578,1.0301788,49.411906,50.9031,0.97628586,0.99255759,32.365165,32.12429,0.63334467,0.78925374,10.903052,8.6052746,0.53259541,0.93101604,19.929433,18.554622,0.69838381,1.1001377,21.368637,23.508442,0.66942643,1.0665023,20.72272,22.100829,0.80267925,1.0434458,32.240158,33.640858
init,init,-1,,5910,101.White_Pelican/White_Pelican_0047_97190.jpg,101,100,101.White_Pelican,55,54,gaussian_blur,gaussian_blur,0,"{""sigma"":1.697148}",7.8469381,7.4554844,-0.39145374,0.00039094721,0.00057826145,0.025688862,0.017966615,-0.025297915,-0.017388354,0.0079095616,0.59075273,0.89460797,59.068099,52.842792,False,0.89498329,False,False,False,0.59075273,0.89460797,59.068099,52.842792,0.46963844,0.91280076,49.411906,45.103225,0.89470461,0.85069503,32.365165,27.532885,-0.16961797,0.6979538,10.903052,7.6098267,0.1316496,0.81586929,19.929433,16.259812,0.39418393,1.0501926,21.368637,22.441185,0.50334227,0.893143,20.72272,18.508353,0.67039471,0.91268872,32.240158,29.425229
init,init,-1,,5910,101.White_Pelican/White_Pelican_0047_97190.jpg,101,100,101.White_Pelican,55,54,random_erasing,random_erasing,0,"{""area_fraction"":0.170357,""erased"":true,""height"":0.686867,""left"":0.310335,""top"":0.046378,""width"":0.248021}",7.8469381,7.6310997,-0.21583843,0.00039094721,0.00048512695,0.025688862,0.022389423,-0.025297915,-0.021904296,0.0033936191,0.73521314,0.97558809,59.068099,57.626134,False,0.95640707,False,False,False,0.73521314,0.97558809,59.068099,57.626134,0.63697258,0.96449624,49.411906,47.657597,0.95620156,1.0009642,32.365165,32.39637,0.40033056,0.61403389,10.903052,6.6948436,0.52564699,0.86157593,19.929433,17.17072,0.62935861,1.0428125,21.368637,22.283481,0.53356141,0.91256928,20.72272,18.910918,0.73905101,1.0181095,32.240158,32.824011
init,init,-1,,2998,052.Pied_billed_Grebe/Pied_Billed_Grebe_0052_35937.jpg,52,51,052.Pied_billed_Grebe,8,7,identity,identity,0,{},5.3839002,5.3839002,0,0.0045898859,0.0045898859,0.023581877,0.023581877,-0.018991991,-0.018991991,0,1,1,46.456943,46.456943,False,1.0000001,True,False,False,1,1,46.456943,46.456943,1,1,37.992592,37.992592,1,1,26.735942,26.735942,1,1,4.2983673,4.2983673,1,1,11.320894,11.320894,1,1,17.329765,17.329765,1,1,16.457649,16.457649,1,1,26.937399,26.937399
init,init,-1,,2998,052.Pied_billed_Grebe/Pied_Billed_Grebe_0052_35937.jpg,52,51,052.Pied_billed_Grebe,8,7,horizontal_flip,horizontal_flip,0,"{""flipped"":true}",5.3839002,5.7112284,0.32732821,0.0045898859,0.0033086056,0.023581877,0.018993726,-0.018991991,-0.01568512,0.003306871,0.70910514,1.0479767,46.456943,48.685793,False,0.96002102,True,False,False,0.70910514,1.0479767,46.456943,48.685793,0.59233954,1.0676507,37.992592,40.562818,0.95989983,1.0070773,26.735942,26.92516,0.56152928,1.2108213,4.2983673,5.2045545,0.52372999,1.2743665,11.320894,14.426968,0.62124881,1.0089643,17.329765,17.485113,0.49411679,1.0464685,16.457649,17.222412,0.63538045,1.0550912,26.937399,28.421414
init,init,-1,,2998,052.Pied_billed_Grebe/Pied_Billed_Grebe_0052_35937.jpg,52,51,052.Pied_billed_Grebe,8,7,color_jitter,color_jitter,0,"{""brightness"":0.951998,""contrast"":1.185879,""hue"":0.084998,""saturation"":0.620447}",5.3839002,5.1174641,-0.2664361,0.0045898859,0.0059911972,0.023581877,0.023310229,-0.018991991,-0.017319032,0.0016729594,0.80190762,0.99741538,46.456943,46.33687,False,0.95992732,True,False,False,0.80190762,0.99741538,46.456943,46.33687,0.72577571,1.0059205,37.992592,38.217526,0.95989069,0.98001584,26.735942,26.201646,0.47402548,1.1751678,4.2983673,5.051303,0.58785099,1.2187187,11.320894,13.796985,0.68268323,0.98999139,17.329765,17.156318,0.67623586,0.991133,16.457649,16.311719,0.80492208,0.9711049,26.937399,26.15904
init,init,-1,,2998,052.Pied_billed_Grebe/Pied_Billed_Grebe_0052_35937.jpg,52,51,052.Pied_billed_Grebe,8,7,rotation,rotation,0,"{""angle"":-1.847791}",5.3839002,5.6375484,0.25364828,0.0045898859,0.0035615878,0.023581877,0.016757814,-0.018991991,-0.013196226,0.005795765,0.83558917,1.0193099,46.456943,47.354021,False,0.97380304,False,False,False,0.83558917,1.0193099,46.456943,47.354021,0.76973652,1.0310993,37.992592,39.174134,0.97373857,0.99507747,26.735942,26.604333,0.44201787,1.0728408,4.2983673,4.6114637,0.68044952,1.1092539,11.320894,12.557745,0.77678019,1.0007343,17.329765,17.34249,0.698124,1.0430628,16.457649,17.166361,0.82055271,1.023551,26.937399,27.571803
init,init,-1,,2998,052.Pied_billed_Grebe/Pied_Billed_Grebe_0052_35937.jpg,52,51,052.Pied_billed_Grebe,8,7,random_resized_crop,random_resized_crop,0,"{""area_fraction"":0.533397,""aspect"":0.850831,""fallback"":false,""height"":0.791779,""left"":0.05268,""top"":0.139806,""width"":0.67367}",5.3839002,5.4600687,0.076168537,0.0045898859,0.0042532631,0.023581877,0.030456992,-0.018991991,-0.026203729,-0.0072117373,0.65839525,0.98843122,46.456943,45.919493,False,0.91591573,True,False,False,0.65839525,0.98843122,46.456943,45.919493,0.52750848,0.97943207,37.992592,37.211163,0.91578737,1.0063582,26.735942,26.905933,0.34764344,1.1140214,4.2983673,4.788473,0.37923753,1.1107434,11.320894,12.574608,0.48809931,0.85288291,17.329765,14.78026,0.44234533,0.99018775,16.457649,16.296162,0.61024444,0.99584038,26.937399,26.82535
init,init,-1,,2998,052.Pied_billed_Grebe/Pied_Billed_Grebe_0052_35937.jpg,52,51,052.Pied_billed_Grebe,8,7,gaussian_blur,gaussian_blur,0,"{""sigma"":1.820548}",5.3839002,4.7256393,-0.65826082,0.0045898859,0.0088650463,0.023581877,0.020359663,-0.018991991,-0.011494617,0.0074973744,0.545607,1.0777508,46.456943,50.069007,False,0.80558848,True,False,False,0.545607,1.0777508,46.456943,50.069007,0.41834916,1.0815463,37.992592,41.090746,0.80536523,1.0700453,26.735942,28.60867,-0.10456891,1.3676609,4.2983673,5.8787089,0.31252565,1.129995,11.320894,12.792553,0.35544266,1.0285755,17.329765,17.824972,0.36306226,1.2001782,16.457649,19.752111,0.50787756,1.0383628,26.937399,27.970794
init,init,-1,,2998,052.Pied_billed_Grebe/Pied_Billed_Grebe_0052_35937.jpg,52,51,052.Pied_billed_Grebe,8,7,random_erasing,random_erasing,0,"{""area_fraction"":0.132681,""erased"":true,""height"":0.270652,""left"":0.291816,""top"":0.645819,""width"":0.490227}",5.3839002,5.4633894,0.079489231,0.0045898859,0.0042391624,0.023581877,0.025269493,-0.018991991,-0.021030331,-0.0020383396,0.84458763,1.1874563,46.456943,55.165591,False,0.96470106,True,False,False,0.84458763,1.1874563,46.456943,55.165591,0.79414884,1.2335094,37.992592,46.864221,0.96460103,1.0885364,26.735942,29.103046,0.74873829,1.1155098,4.2983673,4.7948707,0.70657634,1.3431439,11.320894,15.205589,0.77914848,1.2380822,17.329765,21.455674,0.79219798,1.236574,16.457649,20.351101,0.82019268,1.2129326,26.937399,32.673249
init,init,-1,,3365,058.Pigeon_Guillemot/Pigeon_Guillemot_0058_40184.jpg,58,57,058.Pigeon_Guillemot,100,99,identity,identity,0,{},4.5373688,4.5373688,0,0.010701529,0.010701529,0.035257429,0.035257429,-0.0245559,-0.0245559,0,1,1,61.360789,61.360789,False,1,True,False,False,1,1,61.360789,61.360789,1,1,53.51397,53.51397,1,1,30.023348,30.023348,1,1,11.391759,11.391759,1,1,24.081032,24.081032,1,1,24.776744,24.776744,1,1,20.798308,20.798308,1,1,33.280927,33.280927
init,init,-1,,3365,058.Pigeon_Guillemot/Pigeon_Guillemot_0058_40184.jpg,58,57,058.Pigeon_Guillemot,100,99,horizontal_flip,horizontal_flip,0,"{""flipped"":true}",4.5373688,4.0883899,-0.4489789,0.010701529,0.016766204,0.035257429,0.028977696,-0.0245559,-0.012211492,0.012344408,0.65357108,0.95806966,61.360789,58.78791,False,0.96659517,True,False,False,0.65357108,0.95806966,61.360789,58.78791,0.55529813,0.95855657,53.51397,51.296168,0.96644897,0.95652109,30.023348,28.717965,0.51333393,0.99397061,11.391759,11.323074,0.32494294,0.80851592,24.081032,19.469898,0.56976768,0.99838458,24.776744,24.736719,0.48396835,1.02544,20.798308,21.327417,0.68556609,0.97699467,33.280927,32.515288
init,init,-1,,3365,058.Pigeon_Guillemot/Pigeon_Guillemot_0058_40184.jpg,58,57,058.Pigeon_Guillemot,100,99,color_jitter,color_jitter,0,"{""brightness"":0.930273,""contrast"":0.708554,""hue"":-0.096304,""saturation"":1.211491}",4.5373688,5.0574479,0.52007914,0.010701529,0.0063617742,0.035257429,0.022882923,-0.0245559,-0.016521149,0.0080347508,0.76331729,1.1521563,61.360789,70.697219,False,0.9186818,False,False,False,0.76331729,1.1521563,61.360789,70.697219,0.72696544,1.2018818,53.51397,64.317467,0.91830631,0.9775372,30.023348,29.348939,0.61441847,1.4254192,11.391759,16.238032,0.73003632,1.2730927,24.081032,30.657386,0.77055611,1.2321433,24.776744,30.528499,0.6738771,1.2210802,20.798308,25.396401,0.74306694,1.1065469,33.280927,36.826906
init,init,-1,,3365,058.Pigeon_Guillemot/Pigeon_Guillemot_0058_40184.jpg,58,57,058.Pigeon_Guillemot,100,99,rotation,rotation,0,"{""angle"":2.834544}",4.5373688,4.3265705,-0.21079826,0.010701529,0.01321278,0.035257429,0.030227955,-0.0245559,-0.017015175,0.0075407252,0.77584378,0.8823078,61.360789,54.139103,False,0.96802545,True,False,False,0.77584378,0.8823078,61.360789,54.139103,0.71193791,0.86885492,53.51397,46.495877,0.96789834,0.92374844,30.023348,27.73402,0.64985607,0.91829462,11.391759,10.460991,0.54644976,0.77881823,24.081032,18.754747,0.68477307,0.81253019,24.776744,20.131853,0.66501852,0.89415426,20.798308,18.596896,0.82727126,0.92590251,33.280927,30.814894
init,init,-1,,3365,058.Pigeon_Guillemot/Pigeon_Guillemot_0058_40184.jpg,58,57,058.Pigeon_Guillemot,100,99,random_resized_crop,random_resized_crop,0,"{""area_fraction"":0.608079,""aspect"":0.986413,""fallback"":false,""height"":0.785147,""left"":0.024088,""top"":0.082795,""width"":0.774479}",4.5373688,4.1525373,-0.38483143,0.010701529,0.015724469,0.035257429,0.030115837,-0.0245559,-0.014391368,0.010164532,0.64780622,1.0068516,61.360789,61.781207,False,0.91941959,True,False,False,0.64780622,1.0068516,61.360789,61.781207,0.57392827,1.0354495,53.51397,55.411015,0.91908741,0.9100527,30.023348,27.322829,0.47970221,1.1109963,11.391759,12.656202,0.4464498,1.1000981,24.081032,26.491497,0.62710895,1.0307972,24.776744,25.539799,0.49733238,1.0960916,20.798308,22.796851,0.66755974,0.967327,33.280927,32.193539
init,init,-1,,3365,058.Pigeon_Guillemot/Pigeon_Guillemot_0058_40184.jpg,58,57,058.Pigeon_Guillemot,100,99,gaussian_blur,gaussian_blur,0,"{""sigma"":1.86946}",4.5373688,4.0565376,-0.48083115,0.010701529,0.017308839,0.035257429,0.021143831,-0.0245559,-0.0038349926,0.020720907,0.59492162,0.96717053,61.360789,59.346347,False,0.88736081,False,False,False,0.59492162,0.96717053,61.360789,59.346347,0.51671334,0.99767688,53.51397,53.389651,0.88703204,0.86312739,30.023348,25.913974,0.10627406,0.90135897,11.391759,10.268064,0.44241986,0.89933117,24.081032,21.656823,0.43574368,1.0499775,24.776744,26.015024,0.48108106,1.0892503,20.798308,22.654563,0.66158549,0.99018901,33.280927,32.954408
init,init,-1,,3365,058.Pigeon_Guillemot/Pigeon_Guillemot_0058_40184.jpg,58,57,058.Pigeon_Guillemot,100,99,random_erasing,random_erasing,0,"{""area_fraction"":0.111611,""erased"":true,""height"":0.248114,""left"":0.419842,""top"":0.329809,""width"":0.449839}",4.5373688,4.2133336,-0.32403517,0.010701529,0.014796961,0.035257429,0.026633298,-0.0245559,-0.011836337,0.012719563,0.74742199,1.1498762,61.360789,70.557312,False,0.93479359,False,False,False,0.74742199,1.1498762,61.360789,70.557312,0.69076623,1.1597624,53.51397,62.063493,0.93454703,1.1178878,30.023348,33.562734,0.37465326,1.0086917,11.391759,11.490773,0.65414707,0.9222786,24.081032,22.209421,0.73324633,1.2341906,24.776744,30.579224,0.66950811,1.2529793,20.798308,26.059849,0.73100653,1.2065291,33.280927,40.154405
init,init,-1,,10968,187.American_Three_toed_Woodpecker/American_Three_Toed_Woodpecker_0008_179850.jpg,187,186,187.American_Three_toed_Woodpecker,46,45,identity,identity,0,{},6.296114,6.296114,0,0.0018434551,0.0018434551,0.034511194,0.034511194,-0.032667739,-0.032667739,0,1,1,83.806578,83.806578,False,1,True,False,False,1,1,83.806578,83.806578,1,1,78.319222,78.319222,1,1,29.826866,29.826866,1,1,16.926166,16.926166,1,1,33.633002,33.633002,1,1,43.461347,43.461347,1,1,34.136837,34.136837,1,1,40.767809,40.767809
init,init,-1,,10968,187.American_Three_toed_Woodpecker/American_Three_Toed_Woodpecker_0008_179850.jpg,187,186,187.American_Three_toed_Woodpecker,46,45,horizontal_flip,horizontal_flip,0,"{""flipped"":true}",6.296114,6.1028872,-0.19322681,0.0018434551,0.0022364012,0.034511194,0.026621616,-0.032667739,-0.024385214,0.0082825242,0.6786235,0.92670746,83.806578,77.66418,False,0.9355216,False,False,False,0.6786235,0.92670746,83.806578,77.66418,0.64281333,0.93096077,78.319222,72.912123,0.93533833,0.89683288,29.826866,26.749714,0.76538673,0.85289683,16.926166,14.436273,0.57282882,0.96964311,33.633002,32.612008,0.64938913,0.92178867,43.461347,40.062177,0.58820835,0.94250567,34.136837,32.174163,0.70612221,0.9191314,40.767809,37.470974
init,init,-1,,10968,187.American_Three_toed_Woodpecker/American_Three_Toed_Woodpecker_0008_179850.jpg,187,186,187.American_Three_toed_Woodpecker,46,45,color_jitter,color_jitter,0,"{""brightness"":0.818365,""contrast"":1.243664,""hue"":0.088741,""saturation"":1.148367}",6.296114,5.7155962,-0.58051777,0.0018434551,0.0032941871,0.034511194,0.019191077,-0.032667739,-0.01589689,0.016770849,0.7497852,0.84587428,83.806578,70.889828,False,0.91246754,False,False,False,0.7497852,0.84587428,83.806578,70.889828,0.72515948,0.84033581,78.319222,65.814447,0.91215176,0.88311604,29.826866,26.340584,0.76879705,0.84412745,16.926166,14.287841,0.68828258,0.84763816,33.633002,28.508616,0.68502502,0.78752346,43.461347,34.22683,0.72647945,0.86841513,34.136837,29.644946,0.78489748,0.87220354,40.767809,35.557827
init,init,-1,,10968,187.American_Three_toed_Woodpecker/American_Three_Toed_Woodpecker_0008_179850.jpg,187,186,187.American_Three_toed_Woodpecker,46,45,rotation,rotation,0,"{""angle"":12.595579}",6.296114,5.8832054,-0.41290855,0.0018434551,0.0027858408,0.034511194,0.02348966,-0.032667739,-0.020703819,0.01196392,0.69471289,0.92558741,83.806578,77.570313,False,0.85857403,False,False,False,0.69471289,0.92558741,83.806578,77.570313,0.67032847,0.92219679,78.319222,72.225735,0.85839434,0.9486353,29.826866,28.294818,0.67689685,0.79533905,16.926166,13.462041,0.69355323,0.95212156,33.633002,32.022706,0.71347795,0.90023738,43.461347,39.125529,0.5874785,0.90655304,34.136837,30.946854,0.66456863,0.95675088,40.767809,39.004637
init,init,-1,,10968,187.American_Three_toed_Woodpecker/American_Three_Toed_Woodpecker_0008_179850.jpg,187,186,187.American_Three_toed_Woodpecker,46,45,random_resized_crop,random_resized_crop,0,"{""area_fraction"":0.619586,""aspect"":0.904162,""fallback"":false,""height"":0.827804,""left"":0.241872,""top"":0.007224,""width"":0.748469}",6.296114,5.3550806,-0.94103336,0.0018434551,0.0047240872,0.034511194,0.027248221,-0.032667739,-0.022524133,0.010143605,0.70396623,0.76532626,83.806578,64.139374,False,0.89454508,False,False,False,0.70396623,0.76532626,83.806578,64.139374,0.6733724,0.75133723,78.319222,58.844147,0.89430864,0.85557512,29.826866,25.519125,0.71711218,0.67558855,16.926166,11.435124,0.66560688,0.77600351,33.633002,26.099327,0.70634153,0.72218483,43.461347,31.387126,0.58944061,0.74843018,34.136837,25.549039,0.69571419,0.7806254,40.767809,31.824387
init,init,-1,,10968,187.American_Three_toed_Woodpecker/American_Three_Toed_Woodpecker_0008_179850.jpg,187,186,187.American_Three_toed_Woodpecker,46,45,gaussian_blur,gaussian_blur,0,"{""sigma"":1.931163}",6.296114,5.9709682,-0.32514572,0.0018434551,0.0025517689,0.034511194,0.019008162,-0.032667739,-0.016456393,0.016211346,0.44211268,0.64296845,83.806578,53.884986,False,0.83789575,False,False,False,0.44211268,0.64296845,83.806578,53.884986,0.37401679,0.62503963,78.319222,48.952617,0.83749094,0.75508545,29.826866,22.521833,0.32780076,0.56928195,16.926166,9.6357608,0.1390721,0.55027292,33.633002,18.50733,0.27603804,0.56372359,43.461347,24.500187,0.38432671,0.70692876,34.136837,24.132312,0.6008404,0.68434236,40.767809,27.899139
init,init,-1,,10968,187.American_Three_toed_Woodpecker/American_Three_Toed_Woodpecker_0008_179850.jpg,187,186,187.American_Three_toed_Woodpecker,46,45,random_erasing,random_erasing,0,"{""area_fraction"":0.164532,""erased"":true,""height"":0.547697,""left"":0.623611,""top"":0.155398,""width"":0.300407}",6.296114,6.4355364,0.13942242,0.0018434551,0.0016035479,0.034511194,0.026992641,-0.032667739,-0.025389093,0.0072786451,0.65714877,0.84787423,83.806578,71.057437,False,0.83386993,False,False,False,0.65714877,0.84787423,83.806578,71.057437,0.62869224,0.8310034,78.319222,65.083539,0.83321983,0.95612724,29.826866,28.518279,0.79823419,0.64417506,16.926166,10.903414,0.6301488,0.83141028,33.633002,27.962823,0.61498041,0.73874216,43.461347,32.106729,0.58850635,0.83159706,34.136837,28.388094,0.65664302,0.94948349,40.767809,38.708362
init,init,-1,,10980,187.American_Three_toed_Woodpecker/American_Three_Toed_Woodpecker_0013_179833.jpg,187,186,187.American_Three_toed_Woodpecker,8,7,identity,identity,0,{},5.4984226,5.4984226,0,0.0040932228,0.0040932228,0.026884589,0.026884589,-0.022791367,-0.022791367,0,1,1,56.597493,56.597493,False,0.99999994,True,False,False,1,1,56.597493,56.597493,1,1,48.429514,48.429514,1,1,29.289219,29.289219,1,1,8.3584658,8.3584658,1,1,19.090078,19.090078,1,1,24.30774,24.30774,1,1,20.192607,20.192607,1,1,30.207866,30.207866
init,init,-1,,10980,187.American_Three_toed_Woodpecker/American_Three_Toed_Woodpecker_0013_179833.jpg,187,186,187.American_Three_toed_Woodpecker,8,7,horizontal_flip,horizontal_flip,0,"{""flipped"":true}",5.4984226,5.5591631,0.060740471,0.0040932228,0.0038519977,0.026884589,0.019601414,-0.022791367,-0.015749416,0.0070419502,0.69324707,0.98710195,56.597493,55.867496,False,0.95073462,False,False,False,0.69324707,0.98710195,56.597493,55.867496,0.60078435,0.99168893,48.429514,48.027013,0.95059414,0.97445077,29.289219,28.540902,0.3159125,1.0058921,8.3584658,8.4077151,0.41334339,0.9858193,19.090078,18.819368,0.67443642,0.9969192,24.30774,24.232853,0.50959917,1.0323873,20.192607,20.846591,0.69414151,0.97075588,30.207866,29.324464
init,init,-1,,10980,187.American_Three_toed_Woodpecker/American_Three_Toed_Woodpecker_0013_179833.jpg,187,186,187.American_Three_toed_Woodpecker,8,7,color_jitter,color_jitter,0,"{""brightness"":0.605468,""contrast"":0.828856,""hue"":-0.047042,""saturation"":0.814021}",5.4984226,5.149581,-0.34884167,0.0040932228,0.005801837,0.026884589,0.026655527,-0.022791367,-0.02085369,0.0019376767,0.77832085,1.0887676,56.597493,61.621517,False,0.94762832,True,False,False,0.77832085,1.0887676,56.597493,61.621517,0.72963822,1.1358603,48.429514,55.009161,0.94751168,0.94814925,29.289219,27.770551,0.68066247,2.3519913,8.3584658,19.659039,0.62359579,1.2676106,19.090078,24.198785,0.77560412,1.0840257,24.30774,26.350215,0.70904209,1.0724462,20.192607,21.655484,0.81756353,0.98794941,30.207866,29.843844
init,init,-1,,10980,187.American_Three_toed_Woodpecker/American_Three_Toed_Woodpecker_0013_179833.jpg,187,186,187.American_Three_toed_Woodpecker,8,7,rotation,rotation,0,"{""angle"":5.639044}",5.4984226,5.6825457,0.18412304,0.0040932228,0.003404879,0.026884589,0.024692973,-0.022791367,-0.021288094,0.0015032724,0.74054922,1.0596807,56.597493,59.975271,False,0.94774127,False,False,False,0.74054922,1.0596807,56.597493,59.975271,0.67251061,1.0851114,48.429514,52.55142,0.94760562,0.9868124,29.289219,28.902965,0.70463992,1.3224386,8.3584658,11.053558,0.53698165,1.0450436,19.090078,19.949964,0.68356204,1.1304858,24.30774,27.479555,0.59484194,1.1359359,20.192607,22.937507,0.75833579,1.0258032,30.207866,30.987325
init,init,-1,,10980,187.American_Three_toed_Woodpecker/American_Three_Toed_Woodpecker_0013_179833.jpg,187,186,187.American_Three_toed_Woodpecker,8,7,random_resized_crop,random_resized_crop,0,"{""area_fraction"":0.747538,""aspect"":0.930792,""fallback"":false,""height"":0.89617,""left"":0.077531,""top"":0.033457,""width"":0.834148}",5.4984226,5.4857454,-0.012677193,0.0040932228,0.0041454448,0.026884589,0.035081279,-0.022791367,-0.030935834,-0.0081444671,0.7720931,0.96875235,56.597493,54.828954,False,0.96130407,True,False,False,0.7720931,0.96875235,56.597493,54.828954,0.70554746,0.97799301,48.429514,47.363726,0.96115597,0.94302593,29.289219,27.620493,0.65384472,0.91166709,8.3584658,7.6201382,0.55173705,0.93971638,19.090078,17.939259,0.7484923,0.99484444,24.30774,24.18242,0.60095935,1.0238846,20.192607,20.674899,0.79077091,0.96581797,30.207866,29.1753
init,init,-1,,10980,187.American_Three_toed_Woodpecker/American_Three_Toed_Woodpecker_0013_179833.jpg,187,186,187.American_Three_toed_Woodpecker,8,7,gaussian_blur,gaussian_blur,0,"{""sigma"":1.736971}",5.4984226,5.245945,-0.25247765,0.0040932228,0.0052688411,0.026884589,0.031828176,-0.022791367,-0.026559335,-0.0037679686,0.62822609,1.0526837,56.597493,59.579259,False,0.86333323,True,False,False,0.62822609,1.0526837,56.597493,59.579259,0.56593043,1.113426,48.429514,53.922681,0.86304758,0.86510879,29.289219,25.338361,0.53631007,1.6284754,8.3584658,13.611556,0.49647343,1.1746847,19.090078,22.424823,0.56521998,1.2005412,24.30774,29.182444,0.51650934,1.1620715,20.192607,23.465253,0.64691698,0.94637686,30.207866,28.588026
init,init,-1,,10980,187.American_Three_toed_Woodpecker/American_Three_Toed_Woodpecker_0013_179833.jpg,187,186,187.American_Three_toed_Woodpecker,8,7,random_erasing,random_erasing,0,"{""area_fraction"":0.182388,""erased"":true,""height"":0.43929,""left"":0.333187,""top"":0.235824,""width"":0.415189}",5.4984226,5.7815318,0.28310919,0.0040932228,0.0030839879,0.026884589,0.034413684,-0.022791367,-0.031329696,-0.0085383297,0.66613948,1.2060575,56.597493,68.25983,False,0.84896791,False,False,False,0.66613948,1.2060575,56.597493,68.25983,0.60041617,1.2105337,48.429514,58.625557,0.84840621,1.1937338,29.289219,34.963531,0.57713596,1.0714273,8.3584658,8.9554881,0.52823796,1.1694542,19.090078,22.324972,0.66253865,1.163111,24.30774,28.2726,0.55110984,1.2500768,20.192607,25.24231,0.61467362,1.2482593,30.207866,37.707249
init,init,-1,,9585,163.Cape_May_Warbler/Cape_May_Warbler_0040_163036.jpg,163,162,163.Cape_May_Warbler,129,128,identity,identity,0,{},6.7553921,6.7553921,0,0.0011645828,0.0011645828,0.026455414,0.026455414,-0.025290831,-0.025290831,0,1,1,42.260547,42.260547,False,1.0000001,True,False,False,1,1,42.260547,42.260547,1,1,34.693094,34.693094,1,1,24.131785,24.131785,1,1,5.1945302,5.1945302,1,1,11.174339,11.174339,1,1,15.322674,15.322674,1,1,14.288499,14.288499,1,1,24.755126,24.755126
init,init,-1,,9585,163.Cape_May_Warbler/Cape_May_Warbler_0040_163036.jpg,163,162,163.Cape_May_Warbler,129,128,horizontal_flip,horizontal_flip,0,"{""flipped"":true}",6.7553921,6.9047265,0.14933443,0.0011645828,0.0010030334,0.026455414,0.032108318,-0.025290831,-0.031105285,-0.0058144539,0.68027246,1.1497457,42.260547,48.588885,False,0.96050477,True,False,False,0.68027246,1.1497457,42.260547,48.588885,0.55996796,1.1883673,34.693094,41.228139,0.9604243,1.0654935,24.131785,25.712259,0.34649753,1.5951407,5.1945302,8.2860063,0.44746812,1.2365358,11.174339,13.817469,0.57035491,1.2330892,15.322674,18.894224,0.43097591,1.2553769,14.288499,17.937452,0.64610875,1.1146829,24.755126,27.594115
init,init,-1,,9585,163.Cape_May_Warbler/Cape_May_Warbler_0040_163036.jpg,163,162,163.Cape_May_Warbler,129,128,color_jitter,color_jitter,0,"{""brightness"":0.739245,""contrast"":1.133355,""hue"":0.09251,""saturation"":0.999682}",6.7553921,6.7164865,-0.038905621,0.0011645828,0.001210785,0.026455414,0.016433466,-0.025290831,-0.015222681,0.01006815,0.7676272,1.035765,42.260547,43.771996,False,0.9400062,False,False,False,0.7676272,1.035765,42.260547,43.771996,0.69499685,1.0727391,34.693094,37.216638,0.93992148,0.95481841,24.131785,23.041473,0.57638235,1.1351843,5.1945302,5.8967493,0.54769204,1.1639505,11.174339,13.006377,0.69581978,1.1171287,15.322674,17.1174,0.64380035,1.1399395,14.288499,16.288025,0.75713431,1.0081416,24.755126,24.956673
init,init,-1,,9585,163.Cape_May_Warbler/Cape_May_Warbler_0040_163036.jpg,163,162,163.Cape_May_Warbler,129,128,rotation,rotation,0,"{""angle"":9.799704}",6.7553921,6.5287576,-0.2266345,0.0011645828,0.0014608197,0.026455414,0.021325435,-0.025290831,-0.019864616,0.005426215,0.68415544,1.0879917,42.260547,45.979127,False,0.94071174,True,False,False,0.68415544,1.0879917,42.260547,45.979127,0.56240239,1.0945494,34.693094,37.973306,0.94062104,1.0743112,24.131785,25.925048,0.34198409,1.2464457,5.1945302,6.4746996,0.47810203,1.1504976,11.174339,12.85605,0.41209731,1.1212231,15.322674,17.180137,0.44147668,1.0901864,14.288499,15.577127,0.6946582,1.0664521,24.755126,26.400156
init,init,-1,,9585,163.Cape_May_Warbler/Cape_May_Warbler_0040_163036.jpg,163,162,163.Cape_May_Warbler,129,128,random_resized_crop,random_resized_crop,0,"{""area_fraction"":0.571277,""aspect"":1.248873,""fallback"":false,""height"":0.676339,""left"":0.087056,""top"":0.099264,""width"":0.844661}",6.7553921,6.2919931,-0.46339893,0.0011645828,0.0018510673,0.026455414,0.031099809,-0.025290831,-0.029248742,-0.0039579113,0.70950892,1.1634584,42.260547,49.16839,False,0.94644618,True,False,False,0.70950892,1.1634584,42.260547,49.16839,0.62080347,1.2340277,34.693094,42.81224,0.94637837,1.0019725,24.131785,24.179385,0.63640962,2.0043964,5.1945302,10.411898,0.51711645,1.3518825,11.174339,15.106393,0.61903525,1.410882,15.322674,21.618485,0.54218811,1.3002653,14.288499,18.57884,0.6973053,1.056287,24.755126,26.148517
init,init,-1,,9585,163.Cape_May_Warbler/Cape_May_Warbler_0040_163036.jpg,163,162,163.Cape_May_Warbler,129,128,gaussian_blur,gaussian_blur,0,"{""sigma"":1.899014}",6.7553921,6.3883214,-0.36707067,0.0011645828,0.0016810755,0.026455414,0.034821037,-0.025290831,-0.033139962,-0.0078491309,0.64313776,1.262244,42.260547,53.343122,False,0.92317975,True,False,False,0.64313776,1.262244,42.260547,53.343122,0.52663645,1.3141108,34.693094,45.590571,0.92300561,1.1476381,24.131785,27.694557,0.24271515,1.4681271,5.1945302,7.6262304,0.33789097,1.4325691,11.174339,16.008012,0.51332415,1.664098,15.322674,25.498432,0.4557423,1.3359716,14.288499,19.089028,0.64634647,1.1059294,24.755126,27.377423
init,init,-1,,9585,163.Cape_May_Warbler/Cape_May_Warbler_0040_163036.jpg,163,162,163.Cape_May_Warbler,129,128,random_erasing,random_erasing,0,"{""area_fraction"":0.169377,""erased"":true,""height"":0.417994,""left"":0.454695,""top"":0.397946,""width"":0.405213}",6.7553921,7.0391331,0.283741,0.0011645828,0.0008768866,0.026455414,0.028132366,-0.025290831,-0.027255479,-0.0019646487,0.6596231,1.3369907,42.260547,56.501957,False,0.90523297,True,False,False,0.6596231,1.3369907,42.260547,56.501957,0.56453121,1.4108512,34.693094,48.946793,0.90497864,1.1696427,24.131785,28.225567,0.45477405,1.3480293,5.1945302,7.0023788,0.42068728,1.4304194,11.174339,15.983991,0.52730307,1.4937467,15.322674,22.888193,0.55057443,1.6798623,14.288499,24.00271,0.6327968,1.2718338,24.755126,31.484405
init,init,-1,,5511,095.Baltimore_Oriole/Baltimore_Oriole_0020_87066.jpg,95,94,095.Baltimore_Oriole,90,89,identity,identity,0,{},4.831718,4.831718,0,0.0079728123,0.0079728123,0.027424833,0.027424833,-0.019452021,-0.019452021,0,1,1,55.481003,55.481003,False,1,True,False,False,1,1,55.481003,55.481003,1,1,47.107686,47.107686,1,1,29.308832,29.308832,1,1,9.2073433,9.2073433,1,1,15.287523,15.287523,1,1,21.929851,21.929851,1,1,20.573983,20.573983,1,1,31.566492,31.566492
init,init,-1,,5511,095.Baltimore_Oriole/Baltimore_Oriole_0020_87066.jpg,95,94,095.Baltimore_Oriole,90,89,horizontal_flip,horizontal_flip,0,"{""flipped"":true}",4.831718,4.8553047,0.02358675,0.0079728123,0.0077869589,0.027424833,0.023474835,-0.019452021,-0.015687876,0.0037641446,0.60934947,0.95115403,55.481003,52.77098,False,0.94655538,True,False,False,0.60934947,0.95115403,55.481003,52.77098,0.47460092,0.94225001,47.107686,44.387217,0.94641933,0.97377966,29.308832,28.540345,0.25564094,1.2296851,9.2073433,11.322133,0.19190825,1.0211332,15.287523,15.610598,0.29494231,0.85672423,21.929851,18.787835,0.4246347,0.90040634,20.573983,18.524944,0.67138494,0.951529,31.566492,30.036433
init,init,-1,,5511,095.Baltimore_Oriole/Baltimore_Oriole_0020_87066.jpg,95,94,095.Baltimore_Oriole,90,89,color_jitter,color_jitter,0,"{""brightness"":1.240933,""contrast"":1.115647,""hue"":-0.021031,""saturation"":1.149328}",4.831718,4.6976833,-0.13403463,0.0079728123,0.0091163693,0.027424833,0.02787086,-0.019452021,-0.018754491,0.00069752987,0.77768571,1.0912779,55.481003,60.545194,False,0.95213139,False,False,False,0.77768571,1.0912779,55.481003,60.545194,0.70922622,1.086438,47.107686,51.179581,0.9518477,1.103683,29.308832,32.347659,0.51071149,1.2904547,9.2073433,11.881659,0.54348314,1.1999889,15.287523,18.344858,0.6247514,1.0138369,21.929851,22.233293,0.68610723,1.0865877,20.573983,22.355437,0.82428896,1.0731509,31.566492,33.875611
init,init,-1,,5511,095.Baltimore_Oriole/Baltimore_Oriole_0020_87066.jpg,95,94,095.Baltimore_Oriole,90,89,rotation,rotation,0,"{""angle"":-1.036821}",4.831718,4.8844891,0.052771091,0.0079728123,0.0075629884,0.027424833,0.025110187,-0.019452021,-0.017547199,0.001904822,0.85064423,0.93428577,55.481003,51.835112,False,0.97790468,True,False,False,0.85064423,0.93428577,55.481003,51.835112,0.80213815,0.93801176,47.107686,44.187563,0.97783624,0.92459067,29.308832,27.098673,0.66002852,0.85987216,9.2073433,7.9171382,0.6956579,0.96569678,15.287523,14.763112,0.7825497,0.89068046,21.929851,19.532489,0.76771078,0.98084643,20.573983,20.179917,0.8641476,0.94144317,31.566492,29.718058
init,init,-1,,5511,095.Baltimore_Oriole/Baltimore_Oriole_0020_87066.jpg,95,94,095.Baltimore_Oriole,90,89,random_resized_crop,random_resized_crop,0,"{""area_fraction"":0.544803,""aspect"":1.327849,""fallback"":false,""height"":0.640539,""left"":0.133008,""top"":0.11893,""width"":0.850539}",4.831718,4.5005441,-0.3311739,0.0079728123,0.011102954,0.027424833,0.026713701,-0.019452021,-0.015610747,0.0038412735,0.60651693,0.97895628,55.481003,54.313477,False,0.91654021,True,False,False,0.60651693,0.97895628,55.481003,54.313477,0.4803029,0.96394975,47.107686,45.409442,0.91626887,1.016699,29.308832,29.79826,0.10243569,0.89486316,9.2073433,8.2393123,0.23741194,0.93902743,15.287523,14.355403,0.31563883,0.85756859,21.929851,18.806351,0.41845524,0.96403488,20.573983,19.834037,0.65453617,1.0221063,31.566492,32.26431
init,init,-1,,5511,095.Baltimore_Oriole/Baltimore_Oriole_0020_87066.jpg,95,94,095.Baltimore_Oriole,90,89,gaussian_blur,gaussian_blur,0,"{""sigma"":1.324853}",4.831718,4.9136744,0.081956387,0.0079728123,0.0073454501,0.027424833,0.019600142,-0.019452021,-0.012254692,0.0071973288,0.69042558,0.90812885,55.481003,50.3839,False,0.93261784,True,False,False,0.69042558,0.90812885,55.481003,50.3839,0.60548988,0.92962759,47.107686,43.792605,0.93242032,0.85007677,29.308832,24.914758,0.23955545,1.0986612,9.2073433,10.11575,0.20787195,0.93196977,15.287523,14.247509,0.5499884,0.935852,21.929851,20.523095,0.5993728,0.93902311,20.573983,19.319445,0.77061964,0.90606495,31.566492,28.601292
init,init,-1,,5511,095.Baltimore_Oriole/Baltimore_Oriole_0020_87066.jpg,95,94,095.Baltimore_Oriole,90,89,random_erasing,random_erasing,0,"{""area_fraction"":0.065563,""erased"":true,""height"":0.401873,""left"":0.817643,""top"":0.103269,""width"":0.163145}",4.831718,4.6786838,-0.15303421,0.0079728123,0.0092912372,0.027424833,0.020782901,-0.019452021,-0.011491664,0.0079603568,0.86400031,0.95297164,55.481003,52.871823,False,0.95377159,True,False,False,0.86400031,0.95297164,55.481003,52.871823,0.82932254,0.95304847,47.107686,44.895908,0.95361172,0.95277313,29.308832,27.924668,0.8552675,1.0247113,9.2073433,9.4348687,0.77070077,1.0662612,15.287523,16.300493,0.84517017,0.88013588,21.929851,19.301248,0.80101168,0.91454198,20.573983,18.815771,0.84962068,0.96834047,31.566492,30.567112
init,init,-1,,1671,030.Fish_Crow/Fish_Crow_0003_25970.jpg,30,29,030.Fish_Crow,114,113,identity,identity,0,{},5.3660688,5.3660688,0,0.0046724635,0.0046724635,0.02044609,0.02044609,-0.015773627,-0.015773627,0,1,1,52.673234,52.673234,False,1,True,False,False,1,1,52.673234,52.673234,1,1,42.94737,42.94737,1,1,30.495786,30.495786,1,1,10.126941,10.126941,1,1,17.107661,17.107661,1,1,15.681944,15.681944,1,1,17.30266,17.30266,1,1,30.065665,30.065665
init,init,-1,,1671,030.Fish_Crow/Fish_Crow_0003_25970.jpg,30,29,030.Fish_Crow,114,113,horizontal_flip,horizontal_flip,0,"{""flipped"":true}",5.3660688,5.3553467,-0.01072216,0.0046724635,0.0047228322,0.02044609,0.015871834,-0.015773627,-0.011149002,0.0046246247,0.65920889,1.0154857,52.673234,53.488914,False,0.96605366,False,False,False,0.65920889,1.0154857,52.673234,53.488914,0.51592417,1.0392736,42.94737,44.634067,0.96594247,0.9665761,30.495786,29.476498,0.15000429,1.1356628,10.126941,11.50079,0.37085885,0.96774686,17.107661,16.555885,0.51241202,1.2260082,15.681944,19.226191,0.36206566,1.0690106,17.30266,18.496727,0.67062502,0.9833307,30.065665,29.564491
init,init,-1,,1671,030.Fish_Crow/Fish_Crow_0003_25970.jpg,30,29,030.Fish_Crow,114,113,color_jitter,color_jitter,0,"{""brightness"":1.206129,""contrast"":0.671023,""hue"":-0.027485,""saturation"":1.248787}",5.3660688,5.3612957,-0.00477314,0.0046724635,0.0046948195,0.02044609,0.012060693,-0.015773627,-0.0073658731,0.0084077534,0.87179829,1.0940529,52.673234,57.627302,False,0.98026288,False,False,False,0.87179829,1.0940529,52.673234,57.627302,0.8227543,1.1245519,42.94737,48.296544,0.98015965,1.0308975,30.495786,31.438031,0.74981966,1.0803039,10.126941,10.940173,0.81074215,1.2101573,17.107661,20.70296,0.74851648,1.1705709,15.681944,18.356826,0.772672,1.1283162,17.30266,19.522871,0.87589144,1.0860166,30.065665,32.65181
init,init,-1,,1671,030.Fish_Crow/Fish_Crow_0003_25970.jpg,30,29,030.Fish_Crow,114,113,rotation,rotation,0,"{""angle"":0.91661}",5.3660688,5.409822,0.043753147,0.0046724635,0.0044724359,0.02044609,0.013092621,-0.015773627,-0.0086201853,0.0071534412,0.87710072,1.0362432,52.673234,54.582282,False,0.98218143,False,False,False,0.87710072,1.0362432,52.673234,54.582282,0.83049113,1.0689203,42.94737,45.907317,0.98211259,0.96817658,30.495786,29.525306,0.80413353,1.1966056,10.126941,12.117954,0.8239767,1.0572352,17.107661,18.086821,0.81018941,1.2283597,15.681944,19.263068,0.7631423,1.0763657,17.30266,18.62399,0.87177487,1.0064183,30.065665,30.258637
init,init,-1,,1671,030.Fish_Crow/Fish_Crow_0003_25970.jpg,30,29,030.Fish_Crow,114,113,random_resized_crop,random_resized_crop,0,"{""area_fraction"":0.529105,""aspect"":0.901039,""fallback"":false,""height"":0.7663,""left"":0.00844,""top"":0.12147,""width"":0.690467}",5.3660688,5.1803541,-0.18571472,0.0046724635,0.0056260135,0.02044609,0.011646098,-0.015773627,-0.006020084,0.0097535425,0.68264973,1.0888046,52.673234,57.350857,False,0.91904849,False,False,False,0.68264973,1.0888046,52.673234,57.350857,0.5793395,1.131881,42.94737,48.611314,0.91881434,0.99788376,30.495786,30.43125,0.59098989,1.3609033,10.126941,13.781786,0.42191737,1.1346939,17.107661,19.411958,0.61639397,1.3901822,15.681944,21.800759,0.48716715,1.1390986,17.30266,19.709435,0.66442473,1.0157067,30.065665,30.537898
init,init,-1,,1671,030.Fish_Crow/Fish_Crow_0003_25970.jpg,30,29,030.Fish_Crow,114,113,gaussian_blur,gaussian_blur,0,"{""sigma"":1.223101}",5.3660688,5.4017682,0.035699368,0.0046724635,0.0045086015,0.02044609,0.011309224,-0.015773627,-0.0068006227,0.0089730038,0.79677433,1.1780987,52.673234,62.054269,False,0.95998156,False,False,False,0.79677433,1.1780987,52.673234,62.054269,0.73419429,1.2492975,42.94737,53.654041,0.95979929,1.0223226,30.495786,31.176533,0.6177406,1.1310828,10.126941,11.454408,0.74470113,1.1132602,17.107661,19.045278,0.65538688,1.4010392,15.681944,21.971017,0.67211011,1.4366394,17.30266,24.857683,0.80062983,1.1919157,30.065665,35.835737
init,init,-1,,1671,030.Fish_Crow/Fish_Crow_0003_25970.jpg,30,29,030.Fish_Crow,114,113,random_erasing,random_erasing,0,"{""area_fraction"":0.146178,""erased"":true,""height"":0.568657,""left"":0.256392,""top"":0.314574,""width"":0.257059}",5.3660688,5.5089836,0.14291477,0.0046724635,0.0040502232,0.02044609,0.011917217,-0.015773627,-0.0078669935,0.007906633,0.6866727,1.1046636,52.673234,58.186202,False,0.92251992,False,False,False,0.6866727,1.1046636,52.673234,58.186202,0.56925188,1.1086088,42.94737,47.611831,0.92209042,1.0967969,30.495786,33.447685,-1.3148084e-05,0.76815505,10.126941,7.7790605,0.40267943,0.90186191,17.107661,15.428748,0.50528148,1.1119104,15.681944,17.436917,0.53469214,1.1823666,17.30266,20.458088,0.68818753,1.1739352,30.065665,35.295141
init,init,-1,,3774,065.Slaty_backed_Gull/Slaty_Backed_Gull_0002_53238.jpg,65,64,065.Slaty_backed_Gull,8,7,identity,identity,0,{},5.146821,5.146821,0,0.0058178687,0.0058178687,0.021351637,0.021351637,-0.015533769,-0.015533769,0,1,1,42.352237,42.352237,False,0.99999994,True,False,False,1,1,42.352237,42.352237,1,1,36.270988,36.270988,1,1,21.866125,21.866125,1,1,8.5967933,8.5967933,1,1,11.459236,11.459236,1,1,14.741185,14.741185,1,1,15.634441,15.634441,1,1,25.468164,25.468164
init,init,-1,,3774,065.Slaty_backed_Gull/Slaty_Backed_Gull_0002_53238.jpg,65,64,065.Slaty_backed_Gull,8,7,horizontal_flip,horizontal_flip,0,"{""flipped"":true}",5.146821,5.1699834,0.023162365,0.0058178687,0.0056846621,0.021351637,0.020605756,-0.015533769,-0.014921094,0.00061267475,0.66598352,0.98851827,42.352237,41.86596,False,0.9655413,True,False,False,0.66598352,0.98851827,42.352237,41.86596,0.56269005,1.0014286,36.270988,36.322807,0.96555879,0.9520918,21.866125,20.818558,0.15360337,0.85974889,8.5967933,7.3910835,0.36374223,1.2692664,11.459236,14.544823,0.60186205,0.99977706,14.741185,14.737899,0.53400132,1.0104605,15.634441,15.797985,0.66202826,0.95080953,25.468164,24.215373
init,init,-1,,3774,065.Slaty_backed_Gull/Slaty_Backed_Gull_0002_53238.jpg,65,64,065.Slaty_backed_Gull,8,7,color_jitter,color_jitter,0,"{""brightness"":0.97745,""contrast"":1.127241,""hue"":-0.067152,""saturation"":0.831871}",5.146821,5.1933355,0.046514511,0.0058178687,0.0055534532,0.021351637,0.020831883,-0.015533769,-0.01527843,0.00025533885,0.8548045,0.9929088,42.352237,42.051909,False,0.9826439,True,False,False,0.8548045,0.9929088,42.352237,42.051909,0.80783111,0.98990609,36.270988,35.904872,0.98264484,1.0011244,21.866125,21.89071,0.54852369,1.0146282,8.5967933,8.7225491,0.75105107,1.0217532,11.459236,11.708511,0.8006428,1.0402215,14.741185,15.334098,0.77942577,0.97401133,15.634441,15.228122,0.86493581,0.96893769,25.468164,24.677064
init,init,-1,,3774,065.Slaty_backed_Gull/Slaty_Backed_Gull_0002_53238.jpg,65,64,065.Slaty_backed_Gull,8,7,rotation,rotation,0,"{""angle"":-12.281201}",5.146821,5.6989975,0.55217648,0.0058178687,0.0033493212,0.021351637,0.011104034,-0.015533769,-0.0077547131,0.0077790555,0.58955155,1.274579,42.352237,53.981273,False,0.89333665,False,False,False,0.58955155,1.274579,42.352237,53.981273,0.47314701,1.2548035,36.270988,45.512965,0.89298422,1.3274723,21.866125,29.026675,0.13554571,1.3295484,8.5967933,11.429852,0.31888532,1.2159289,11.459236,13.933616,0.46141483,1.2953116,14.741185,19.094428,0.35186804,1.1859065,15.634441,18.540985,0.59095259,1.2651997,25.468164,32.222313
init,init,-1,,3774,065.Slaty_backed_Gull/Slaty_Backed_Gull_0002_53238.jpg,65,64,065.Slaty_backed_Gull,8,7,random_resized_crop,random_resized_crop,0,"{""area_fraction"":0.703077,""aspect"":1.232404,""fallback"":false,""height"":0.75531,""left"":0.037779,""top"":0.200712,""width"":0.930846}",5.146821,5.3542967,0.20747566,0.0058178687,0.0047277939,0.021351637,0.022359898,-0.015533769,-0.017632104,-0.0020983359,0.74210144,1.0947504,42.352237,46.365128,False,0.95573336,True,False,False,0.74210144,1.0947504,42.352237,46.365128,0.66002671,1.0764753,36.270988,39.044825,0.95566848,1.1435284,21.866125,25.004535,0.72282453,1.1823106,8.5967933,10.16408,0.5060748,1.159672,11.459236,13.288956,0.60449615,1.1041079,14.741185,16.27586,0.57419948,1.0263028,15.634441,16.04567,0.73844563,1.0552103,25.468164,26.874269
init,init,-1,,3774,065.Slaty_backed_Gull/Slaty_Backed_Gull_0002_53238.jpg,65,64,065.Slaty_backed_Gull,8,7,gaussian_blur,gaussian_blur,0,"{""sigma"":1.165511}",5.146821,5.2545156,0.10769463,0.0058178687,0.0052238754,0.021351637,0.023662915,-0.015533769,-0.01843904,-0.0029052715,0.80468479,1.160617,42.352237,49.154726,False,0.96827412,True,False,False,0.80468479,1.160617,42.352237,49.154726,0.74667471,1.1677631,36.270988,42.355924,0.96824819,1.140723,21.866125,24.943192,0.67456007,1.2862052,8.5967933,11.05724,0.68856115,1.372705,11.459236,15.730151,0.67573764,1.2481286,14.741185,18.398895,0.72101115,1.0953048,15.634441,17.124478,0.8125072,1.1053953,25.468164,28.152389
init,init,-1,,3774,065.Slaty_backed_Gull/Slaty_Backed_Gull_0002_53238.jpg,65,64,065.Slaty_backed_Gull,8,7,random_erasing,random_erasing,0,"{""area_fraction"":0.098039,""erased"":true,""height"":0.385061,""left"":0.026255,""top"":0.587547,""width"":0.254607}",5.146821,5.4162383,0.26941729,0.0058178687,0.0044438327,0.021351637,0.016828617,-0.015533769,-0.012384784,0.0031489842,0.77903155,1.2273168,42.352237,51.979612,False,0.96116221,False,False,False,0.77903155,1.2273168,42.352237,51.979612,0.71695674,1.2457382,36.270988,45.184157,0.96108113,1.17514,21.866125,25.695757,0.42425459,1.8571004,8.5967933,15.965108,0.48925049,1.3133549,11.459236,15.050043,0.72338121,1.2010757,14.741185,17.70528,0.76686463,1.2089469,15.634441,18.901209,0.81227613,1.1710411,25.468164,29.824268
init,init,-1,,10791,184.Louisiana_Waterthrush/Louisiana_Waterthrush_0015_177515.jpg,184,183,184.Louisiana_Waterthrush,8,7,identity,identity,0,{},5.2445779,5.2445779,0,0.005276049,0.005276049,0.021530872,0.021530872,-0.016254823,-0.016254823,0,1,1,54.82229,54.82229,False,1,True,False,False,1,1,54.82229,54.82229,1,1,48.732792,48.732792,1,1,25.111718,25.111718,1,1,8.4270265,8.4270265,1,1,21.638237,21.638237,1,1,23.263714,23.263714,1,1,22.165524,22.165524,1,1,28.339833,28.339833
init,init,-1,,10791,184.Louisiana_Waterthrush/Louisiana_Waterthrush_0015_177515.jpg,184,183,184.Louisiana_Waterthrush,8,7,horizontal_flip,horizontal_flip,0,"{""flipped"":true}",5.2445779,5.2012544,-0.043323517,0.005276049,0.0055096485,0.021530872,0.026584962,-0.016254823,-0.021075314,-0.0048204907,0.63629541,1.0547033,54.82229,57.821251,False,0.94518077,True,False,False,0.63629541,1.0547033,54.82229,57.821251,0.55189526,1.048027,48.732792,51.073284,0.94511127,1.0794762,25.111718,27.107503,0.45356303,0.91489261,8.4270265,7.7098242,0.3512597,0.9548741,21.638237,20.661792,0.57607789,1.142828,23.263714,26.586424,0.47599921,1.0267128,22.165524,22.757627,0.69580746,1.0570398,28.339833,29.95633
init,init,-1,,10791,184.Louisiana_Waterthrush/Louisiana_Waterthrush_0015_177515.jpg,184,183,184.Louisiana_Waterthrush,8,7,color_jitter,color_jitter,0,"{""brightness"":1.279065,""contrast"":1.310881,""hue"":0.097289,""saturation"":0.964848}",5.2445779,5.747179,0.50260115,0.005276049,0.0031917719,0.021530872,0.037894834,-0.016254823,-0.034703062,-0.018448239,0.5244971,1.0735308,54.82229,58.853419,False,0.82262003,True,False,False,0.5244971,1.0735308,54.82229,58.853419,0.45467385,1.0975008,48.732792,53.484277,0.8224081,0.9779998,25.111718,24.559255,0.44175016,1.0526651,8.4270265,8.8708365,0.30176871,0.90406291,21.638237,19.562328,0.37022829,1.1780302,23.263714,27.405359,0.44329008,1.0800666,22.165524,23.940242,0.59519832,1.156931,28.339833,32.787232
init,init,-1,,10791,184.Louisiana_Waterthrush/Louisiana_Waterthrush_0015_177515.jpg,184,183,184.Louisiana_Waterthrush,8,7,rotation,rotation,0,"{""angle"":12.106259}",5.2445779,5.2811399,0.036561966,0.005276049,0.0050866297,0.021530872,0.017377015,-0.016254823,-0.012290386,0.0039644376,0.64496117,1.1046349,54.82229,60.558613,False,0.85578024,False,False,False,0.64496117,1.1046349,54.82229,60.558613,0.5931234,1.1201093,48.732792,54.586053,0.855628,1.0443011,25.111718,26.224196,0.27664747,1.0476215,8.4270265,8.8283342,0.46947546,0.93437128,21.638237,20.218148,0.60579461,1.2389735,23.263714,28.823125,0.57916512,1.1285818,22.165524,25.015606,0.68447641,1.135953,28.339833,32.192719
init,init,-1,,10791,184.Louisiana_Waterthrush/Louisiana_Waterthrush_0015_177515.jpg,184,183,184.Louisiana_Waterthrush,8,7,random_resized_crop,random_resized_crop,0,"{""area_fraction"":0.52865,""aspect"":1.237877,""fallback"":false,""height"":0.6535,""left"":0.181818,""top"":0.314792,""width"":0.808952}",5.2445779,5.1936078,-0.050970078,0.005276049,0.0055519412,0.021530872,0.026374986,-0.016254823,-0.020823045,-0.004568222,0.56727907,0.98104439,54.82229,53.7831,False,0.92060971,True,False,False,0.56727907,0.98104439,54.82229,53.7831,0.47712373,0.98881776,48.732792,48.187851,0.92057937,0.95119928,25.111718,23.886248,0.48086656,0.96248777,8.4270265,8.1109099,0.31566437,0.95307991,21.638237,20.622969,0.43470264,1.0700746,23.263714,24.89391,0.42908471,0.92218929,22.165524,20.440809,0.6270422,0.99394019,28.339833,28.168099
init,init,-1,,10791,184.Louisiana_Waterthrush/Louisiana_Waterthrush_0015_177515.jpg,184,183,184.Louisiana_Waterthrush,8,7,gaussian_blur,gaussian_blur,0,"{""sigma"":1.639604}",5.2445779,5.1798944,-0.064683437,0.005276049,0.0056285984,0.021530872,0.01964847,-0.016254823,-0.014019872,0.0022349516,0.55231364,1.2033216,54.82229,65.968848,False,0.83578503,True,False,False,0.55231364,1.2033216,54.82229,65.968848,0.4991439,1.2615551,48.732792,61.479101,0.8357291,0.95257887,25.111718,23.920892,0.17257303,1.3688292,8.4270265,11.53516,0.3904354,1.3357487,21.638237,28.903248,0.49982431,1.5180838,23.263714,35.316267,0.53053973,1.2629433,22.165524,27.9938,0.62483151,0.98569381,28.339833,27.934398
init,init,-1,,10791,184.Louisiana_Waterthrush/Louisiana_Waterthrush_0015_177515.jpg,184,183,184.Louisiana_Waterthrush,8,7,random_erasing,random_erasing,0,"{""area_fraction"":0.096233,""erased"":true,""height"":0.37735,""left"":0.567201,""top"":0.555427,""width"":0.255023}",5.2445779,5.0142345,-0.23034334,0.005276049,0.0066427165,0.021530872,0.015493454,-0.016254823,-0.0088507379,0.0074040852,0.73549304,1.041614,54.82229,57.103667,False,0.90920222,False,False,False,0.73549304,1.041614,54.82229,57.103667,0.6922737,1.0539514,48.732792,51.361996,0.90913305,0.9937768,25.111718,24.955443,0.69254231,1.0284407,8.4270265,8.6666971,0.70208277,1.0227308,21.638237,22.130093,0.70750726,1.0906954,23.263714,25.373627,0.64699063,1.0478024,22.165524,23.225089,0.7041186,1.0526693,28.339833,29.832471
init,init,-1,,269,005.Crested_Auklet/Crested_Auklet_0066_785251.jpg,5,4,005.Crested_Auklet,129,128,identity,identity,0,{},5.381865,5.381865,0,0.0045992355,0.0045992355,0.02342893,0.02342893,-0.018829694,-0.018829694,0,1,1,53.336793,53.336793,False,1,True,False,False,1,1,53.336793,53.336793,1,1,45.649387,45.649387,1,1,27.585267,27.585267,1,1,5.8390277,5.8390277,1,1,13.696019,13.696019,1,1,19.84948,19.84948,1,1,20.544743,20.544743,1,1,32.343516,32.343516
init,init,-1,,269,005.Crested_Auklet/Crested_Auklet_0066_785251.jpg,5,4,005.Crested_Auklet,129,128,horizontal_flip,horizontal_flip,0,"{""flipped"":true}",5.381865,5.1998587,-0.18200636,0.0045992355,0.0055173463,0.02342893,0.020666022,-0.018829694,-0.015148676,0.0036810189,0.62938886,1.0074973,53.336793,53.736678,False,0.95715475,False,False,False,0.62938886,1.0074973,53.336793,53.736678,0.51522485,1.0194389,45.649387,46.53676,0.95708278,0.97404612,27.585267,26.869323,0.074223072,1.6476116,5.8390277,9.6204497,0.26359545,1.3012129,13.696019,17.821437,0.44382466,0.93368478,19.84948,18.533158,0.43914582,1.0272838,20.544743,21.105281,0.66861349,0.96125085,32.343516,31.090232
init,init,-1,,269,005.Crested_Auklet/Crested_Auklet_0066_785251.jpg,5,4,005.Crested_Auklet,129,128,color_jitter,color_jitter,0,"{""brightness"":1.286411,""contrast"":1.332077,""hue"":-0.085454,""saturation"":1.37967}",5.381865,5.4741173,0.092252254,0.0045992355,0.00419393,0.02342893,0.011894598,-0.018829694,-0.0077006677,0.011129027,0.61634728,1.0586116,53.336793,56.462949,False,0.86864328,False,False,False,0.61634728,1.0586116,53.336793,56.462949,0.53198144,1.0804546,45.649387,49.322092,0.86840272,0.99634579,27.585267,27.484465,0.098782884,1.2773323,5.8390277,7.4583784,0.27817156,1.2164209,13.696019,16.660124,0.49560256,1.119938,19.84948,22.230187,0.45917154,1.0879929,20.544743,22.352535,0.651288,1.0280743,32.343516,33.251536
init,init,-1,,269,005.Crested_Auklet/Crested_Auklet_0066_785251.jpg,5,4,005.Crested_Auklet,129,128,rotation,rotation,0,"{""angle"":10.470037}",5.381865,5.0951962,-0.28666878,0.0045992355,0.0061261053,0.02342893,0.017487658,-0.018829694,-0.011361553,0.0074681416,0.67780946,1.143332,53.336793,60.981661,False,0.91748595,False,False,False,0.67780946,1.143332,53.336793,60.981661,0.60318647,1.1820152,45.649387,53.958268,0.91720578,1.029987,27.585267,28.412467,0.47868401,1.6996121,5.8390277,9.924082,0.53469881,1.7913514,13.696019,24.534383,0.5730908,1.1821999,19.84948,23.466054,0.5338455,1.1233913,20.544743,23.079785,0.69811839,1.0382862,32.343516,33.581828
init,init,-1,,269,005.Crested_Auklet/Crested_Auklet_0066_785251.jpg,5,4,005.Crested_Auklet,129,128,random_resized_crop,random_resized_crop,0,"{""area_fraction"":0.563263,""aspect"":0.939579,""fallback"":false,""height"":0.774264,""left"":0.163622,""top"":0.132688,""width"":0.727482}",5.381865,5.4770741,0.095209122,0.0045992355,0.0041815466,0.02342893,0.013201681,-0.018829694,-0.0090201343,0.0098095601,0.61631798,1.1501554,53.336793,61.345602,False,0.89801133,False,False,False,0.61631798,1.1501554,53.336793,61.345602,0.5175634,1.1617384,45.649387,53.032645,0.89772292,1.1178211,27.585267,30.835394,0.29449395,1.588051,5.8390277,9.272674,0.3669661,1.6486414,13.696019,22.579824,0.42570131,1.0892233,19.84948,21.620516,0.4698066,1.0710857,20.544743,22.00518,0.63325401,1.0996398,32.343516,35.566217
init,init,-1,,269,005.Crested_Auklet/Crested_Auklet_0066_785251.jpg,5,4,005.Crested_Auklet,129,128,gaussian_blur,gaussian_blur,0,"{""sigma"":1.405414}",5.381865,4.9387255,-0.44313955,0.0045992355,0.0071637225,0.02342893,0.0097665349,-0.018829694,-0.0026028124,0.016226882,0.59982102,1.0629761,53.336793,56.695737,False,0.89455652,False,False,False,0.59982102,1.0629761,53.336793,56.695737,0.5084924,1.1010333,45.649387,50.261494,0.89428341,0.95099147,27.585267,26.233354,0.2400525,1.3935633,5.8390277,8.1370545,0.31474312,1.452263,13.696019,19.890222,0.35532923,1.1788518,19.84948,23.399595,0.47570274,1.125361,20.544743,23.120253,0.66937354,0.96902372,32.343516,31.341634
init,init,-1,,269,005.Crested_Auklet/Crested_Auklet_0066_785251.jpg,5,4,005.Crested_Auklet,129,128,random_erasing,random_erasing,0,"{""area_fraction"":0.184267,""erased"":true,""height"":0.772213,""left"":0.326448,""top"":0.150845,""width"":0.238622}",5.381865,5.422936,0.041070938,0.0045992355,0.0044141673,0.02342893,0.016639011,-0.018829694,-0.012224844,0.0066048508,0.58873385,1.3311177,53.336793,70.99755,False,0.84815526,False,False,False,0.58873385,1.3311177,53.336793,70.99755,0.50516074,1.3680274,45.649387,62.449613,0.84718875,1.2243572,27.585267,33.77422,0.47990864,1.1496748,5.8390277,6.7129828,0.40252049,1.6111891,13.696019,22.066877,0.47950909,1.3772191,19.84948,27.337084,0.43892845,1.4234029,20.544743,29.243448,0.57082227,1.2990928,32.343516,42.01723
init,init,-1,,4032,070.Green_Violetear/Green_Violetear_0089_795698.jpg,70,69,070.Green_Violetear,129,128,identity,identity,0,{},5.0489511,5.0489511,0,0.0064160591,0.0064160591,0.052226245,0.052226245,-0.045810186,-0.045810186,0,1,1,56.10182,56.10182,False,1.0000001,True,False,False,1,1,56.10182,56.10182,1,1,44.264192,44.264192,1,1,34.468762,34.468762,1,1,7.2053883,7.2053883,1,1,13.656651,13.656651,1,1,19.941208,19.941208,1,1,19.064503,19.064503,1,1,30.980476,30.980476
init,init,-1,,4032,070.Green_Violetear/Green_Violetear_0089_795698.jpg,70,69,070.Green_Violetear,129,128,horizontal_flip,horizontal_flip,0,"{""flipped"":true}",5.0489511,5.2227411,0.17378998,0.0064160591,0.0053925258,0.052226245,0.034563538,-0.045810186,-0.029171012,0.016639174,0.70715633,0.9321188,56.10182,52.293561,False,0.9641825,True,False,False,0.70715633,0.9321188,56.10182,52.293561,0.55658518,0.94335424,44.264192,41.756813,0.96387533,0.91328827,34.468762,31.479916,0.22219132,0.64892393,7.2053883,4.6757489,0.39593899,0.9426461,13.656651,12.873389,0.44491595,0.97612263,19.941208,19.465064,0.43317577,0.93002284,19.064503,17.730423,0.69510003,0.94812145,30.980476,29.373254
init,init,-1,,4032,070.Green_Violetear/Green_Violetear_0089_795698.jpg,70,69,070.Green_Violetear,129,128,color_jitter,color_jitter,0,"{""brightness"":0.953645,""contrast"":0.641371,""hue"":-0.060168,""saturation"":0.694816}",5.0489511,4.7699986,-0.2789526,0.0064160591,0.0084803924,0.052226245,0.057642367,-0.045810186,-0.049161974,-0.003351788,0.79849673,1.0148251,56.10182,56.933538,False,0.96608698,True,False,False,0.79849673,1.0148251,56.10182,56.933538,0.70721885,1.0488989,44.264192,46.428661,0.96586847,0.95598409,34.468762,32.951588,0.63332258,0.79055214,7.2053883,5.6962351,0.48505029,1.1205579,13.656651,15.303069,0.64918635,1.0960503,19.941208,21.856567,0.65044238,1.0875985,19.064503,20.734525,0.80987921,1.0111742,30.980476,31.326658
init,init,-1,,4032,070.Green_Violetear/Green_Violetear_0089_795698.jpg,70,69,070.Green_Violetear,129,128,rotation,rotation,0,"{""angle"":13.02281}",5.0489511,5.5779638,0.52901268,0.0064160591,0.0037802539,0.052226245,0.032261472,-0.045810186,-0.028481218,0.017328968,0.66663554,1.01086,56.10182,56.711088,False,0.92940813,True,False,False,0.66663554,1.01086,56.10182,56.711088,0.52811919,1.0559944,44.264192,46.74274,0.92895934,0.93166372,34.468762,32.113295,0.19476504,1.4432864,7.2053883,10.399439,0.45397062,1.1860951,13.656651,16.198087,0.41386704,1.060721,19.941208,21.152059,0.38328689,0.99706878,19.064503,19.008621,0.6760826,1.0235968,30.980476,31.711515
init,init,-1,,4032,070.Green_Violetear/Green_Violetear_0089_795698.jpg,70,69,070.Green_Violetear,129,128,random_resized_crop,random_resized_crop,0,"{""area_fraction"":0.740914,""aspect"":0.847613,""fallback"":false,""height"":0.934943,""left"":0.113563,""top"":0.036219,""width"":0.79247}",5.0489511,5.0590563,0.010105133,0.0064160591,0.006351551,0.052226245,0.059612703,-0.045810186,-0.053261152,-0.0074509652,0.81110545,1.0850655,56.10182,60.87415,False,0.97646737,True,False,False,0.81110545,1.0850655,56.10182,60.87415,0.71242626,1.0908902,44.264192,48.287371,0.97623722,1.075391,34.468762,37.067398,0.50636127,0.97600953,7.2053883,7.0325276,0.52064132,1.2072973,13.656651,16.487638,0.64446429,0.99356383,19.941208,19.812863,0.63419501,1.0826414,19.064503,20.64002,0.81875273,1.1143349,30.980476,34.522624
init,init,-1,,4032,070.Green_Violetear/Green_Violetear_0089_795698.jpg,70,69,070.Green_Violetear,129,128,gaussian_blur,gaussian_blur,0,"{""sigma"":1.255945}",5.0489511,4.8948536,-0.15409756,0.0064160591,0.0074850051,0.052226245,0.040784415,-0.045810186,-0.03329941,0.012510777,0.84925297,0.99635784,56.10182,55.897488,False,0.98336554,True,False,False,0.84925297,0.99635784,56.10182,55.897488,0.77454967,1.0229142,44.264192,45.27847,0.98321731,0.95094448,34.468762,32.777879,0.248338,0.9363201,7.2053883,6.7465499,0.58418791,1.1111889,13.656651,15.17512,0.75789181,1.0473644,19.941208,20.885711,0.74916538,1.0685575,19.064503,20.371518,0.86331011,0.98071513,30.980476,30.383021
init,init,-1,,4032,070.Green_Violetear/Green_Violetear_0089_795698.jpg,70,69,070.Green_Violetear,129,128,random_erasing,random_erasing,0,"{""area_fraction"":0.082124,""erased"":true,""height"":0.182351,""left"":0.239162,""top"":0.319365,""width"":0.450364}",5.0489511,5.4745998,0.42564869,0.0064160591,0.0041919067,0.052226245,0.035909571,-0.045810186,-0.031717664,0.014092522,0.75011806,0.97172979,56.10182,54.51581,False,0.92671955,True,False,False,0.75011806,0.97172979,56.10182,54.51581,0.66536216,1.0333186,44.264192,45.739012,0.9262911,0.86058745,34.468762,29.663384,0.46041069,1.0519557,7.2053883,7.5797494,0.62309459,1.2319934,13.656651,16.824904,0.70381733,1.1051446,19.941208,22.037918,0.62349042,1.0595036,19.064503,20.19891,0.69361264,0.94541063,30.980476,29.289271
init,init,-1,,5581,096.Hooded_Oriole/Hooded_Oriole_0091_90821.jpg,96,95,096.Hooded_Oriole,56,55,identity,identity,0,{},5.8768606,5.8768606,0,0.0028035732,0.0028035732,0.020859323,0.020859323,-0.01805575,-0.01805575,0,1,1,59.537661,59.537661,False,1,True,False,False,1,1,59.537661,59.537661,1,1,50.512747,50.512747,1,1,31.515005,31.515005,1,1,11.176324,11.176324,1,1,16.282444,16.282444,1,1,22.070073,22.070073,1,1,21.958781,21.958781,1,1,34.52873,34.52873
init,init,-1,,5581,096.Hooded_Oriole/Hooded_Oriole_0091_90821.jpg,96,95,096.Hooded_Oriole,56,55,horizontal_flip,horizontal_flip,0,"{""flipped"":true}",5.8768606,5.8224344,-0.054426193,0.0028035732,0.0029603909,0.020859323,0.0182437,-0.01805575,-0.015283309,0.0027724409,0.64497918,0.91662923,59.537661,54.573961,False,0.95101023,False,False,False,0.64497918,0.91662923,59.537661,54.573961,0.52304055,0.91036582,50.512747,45.985078,0.9509305,0.93252721,31.515005,29.3886,0.4862065,0.98159283,11.176324,10.9706,0.31600151,0.93793929,16.282444,15.271944,0.45984544,0.79966359,22.070073,17.648634,0.3983182,0.93806871,21.958781,20.598845,0.64893573,0.92733193,34.52873,32.019594
init,init,-1,,5581,096.Hooded_Oriole/Hooded_Oriole_0091_90821.jpg,96,95,096.Hooded_Oriole,56,55,color_jitter,color_jitter,0,"{""brightness"":1.07579,""contrast"":0.887901,""hue"":0.083326,""saturation"":1.106252}",5.8768606,6.086441,0.20958042,0.0028035732,0.0022734853,0.020859323,0.01600877,-0.01805575,-0.013735285,0.0043204655,0.6940993,0.93938015,59.537661,55.928497,False,0.89712596,False,False,False,0.6940993,0.93938015,59.537661,55.928497,0.61553626,0.94047989,50.512747,47.506222,0.89678068,0.93654898,31.515005,29.515346,0.53730164,0.83812607,11.176324,9.3671686,0.45909878,0.98262413,16.282444,15.999523,0.51730142,0.90803764,22.070073,20.040457,0.54592302,0.94532506,21.958781,20.758186,0.72560299,0.95202849,34.52873,32.872335
init,init,-1,,5581,096.Hooded_Oriole/Hooded_Oriole_0091_90821.jpg,96,95,096.Hooded_Oriole,56,55,rotation,rotation,0,"{""angle"":-7.926842}",5.8768606,5.8230753,-0.053785324,0.0028035732,0.0029584938,0.020859323,0.024438147,-0.01805575,-0.021479653,-0.0034239024,0.71609739,0.94487598,59.537661,56.255706,False,0.94281721,False,False,False,0.71609739,0.94487598,59.537661,56.255706,0.617609,0.90818022,50.512747,45.874677,0.94263144,1.0331902,31.515005,32.560996,0.47926517,0.65351052,11.176324,7.3038453,0.43144516,0.89374539,16.282444,14.55236,0.5422219,0.76621644,22.070073,16.910453,0.51156192,0.91410106,21.958781,20.072545,0.73597567,0.98234123,34.52873,33.918995
init,init,-1,,5581,096.Hooded_Oriole/Hooded_Oriole_0091_90821.jpg,96,95,096.Hooded_Oriole,56,55,random_resized_crop,random_resized_crop,0,"{""area_fraction"":0.774769,""aspect"":0.778511,""fallback"":false,""height"":0.997594,""left"":0.1694,""top"":0.00057,""width"":0.776638}",5.8768606,6.0787611,0.20190048,0.0028035732,0.002291013,0.020859323,0.018742569,-0.01805575,-0.016451556,0.0016041945,0.74733418,0.91804454,59.537661,54.658225,False,0.95866191,True,False,False,0.74733418,0.91804454,59.537661,54.658225,0.66494496,0.91749826,50.512747,46.345357,0.95854632,0.91944644,31.515005,28.976359,0.6353585,0.85887143,11.176324,9.5990255,0.49924342,0.98294402,16.282444,16.004731,0.60375035,0.91183759,22.070073,20.124322,0.54195654,0.86553023,21.958781,19.005989,0.77844976,0.93100102,34.52873,32.146283
init,init,-1,,5581,096.Hooded_Oriole/Hooded_Oriole_0091_90821.jpg,96,95,096.Hooded_Oriole,56,55,gaussian_blur,gaussian_blur,0,"{""sigma"":1.015856}",5.8768606,5.8603783,-0.016482353,0.0028035732,0.0028501647,0.020859323,0.021259446,-0.01805575,-0.018409281,-0.00035353075,0.75989249,1.0015576,59.537661,59.630398,False,0.94968933,False,False,False,0.75989249,1.0015576,59.537661,59.630398,0.68781869,1.0079671,50.512747,50.915185,0.94953541,0.98490042,31.515005,31.039142,0.53858035,1.1146291,11.176324,12.457456,0.50130509,1.0920049,16.282444,17.780509,0.66744498,1.0591839,22.070073,23.376265,0.62372808,0.97228971,21.958781,21.350297,0.78975909,0.96868659,34.52873,33.447518
init,init,-1,,5581,096.Hooded_Oriole/Hooded_Oriole_0091_90821.jpg,96,95,096.Hooded_Oriole,56,55,random_erasing,random_erasing,0,"{""area_fraction"":0.110215,""erased"":true,""height"":0.434475,""left"":0.518887,""top"":0.48465,""width"":0.253675}",5.8768606,5.8095131,-0.067347527,0.0028035732,0.002998889,0.020859323,0.018053593,-0.01805575,-0.015054704,0.0030010461,0.83135233,1.024756,59.537661,61.011573,False,0.96693403,False,False,False,0.83135233,1.024756,59.537661,61.011573,0.77946991,1.029209,50.512747,51.988174,0.96681533,1.0132262,31.515005,31.93183,0.72733182,1.0041836,11.176324,11.223081,0.63553305,1.1342632,16.282444,18.468578,0.79016008,0.9773191,22.070073,21.569504,0.74153984,1.0179801,21.958781,22.353602,0.83228935,1.0324227,34.52873,35.648244
init,init,-1,,9536,163.Cape_May_Warbler/Cape_May_Warbler_0108_163108.jpg,163,162,163.Cape_May_Warbler,129,128,identity,identity,0,{},7.5317545,7.5317545,0,0.0005357975,0.0005357975,0.031109834,0.031109834,-0.030574037,-0.030574037,0,1,1,65.874944,65.874944,False,1,True,False,False,1,1,65.874944,65.874944,1,1,58.198996,58.198996,1,1,30.860738,30.860738,1,1,12.31024,12.31024,1,1,26.096883,26.096883,1,1,27.012993,27.012993,1,1,24.592792,24.592792,1,1,34.92888,34.92888
init,init,-1,,9536,163.Cape_May_Warbler/Cape_May_Warbler_0108_163108.jpg,163,162,163.Cape_May_Warbler,129,128,horizontal_flip,horizontal_flip,0,"{""flipped"":true}",7.5317545,7.2903614,-0.24139309,0.0005357975,0.00068208156,0.031109834,0.031857122,-0.030574037,-0.03117504,-0.00060100359,0.60859378,0.93750088,65.874944,61.757818,False,0.95354819,True,False,False,0.60859378,0.93750088,65.874944,61.757818,0.50480747,0.92205282,58.198996,53.662548,0.95340037,0.99049112,30.860738,30.567287,0.53966142,0.73513625,12.31024,9.0497037,0.37488917,0.77924381,26.096883,20.335834,0.44792117,0.8517014,27.012993,23.007004,0.35680309,0.94363048,24.592792,23.206508,0.659273,1.0387306,34.92888,36.281698
init,init,-1,,9536,163.Cape_May_Warbler/Cape_May_Warbler_0108_163108.jpg,163,162,163.Cape_May_Warbler,129,128,color_jitter,color_jitter,0,"{""brightness"":1.248592,""contrast"":0.932182,""hue"":-0.037895,""saturation"":1.34661}",7.5317545,7.9030657,0.37131119,0.0005357975,0.00036960875,0.031109834,0.027688859,-0.030574037,-0.02731925,0.0032547863,0.79995954,1.0596817,65.874944,69.80647,False,0.93390107,True,False,False,0.79995954,1.0596817,65.874944,69.80647,0.76256867,1.0611328,58.198996,61.756863,0.93378697,1.0545046,30.860738,32.54279,0.58444595,0.97430223,12.31024,11.993894,0.71884328,0.85967869,26.096883,22.434934,0.78818922,1.1876242,27.012993,32.081285,0.72427017,1.0834575,24.592792,26.645243,0.81532548,1.0817113,34.92888,37.782966
init,init,-1,,9536,163.Cape_May_Warbler/Cape_May_Warbler_0108_163108.jpg,163,162,163.Cape_May_Warbler,129,128,rotation,rotation,0,"{""angle"":2.085275}",7.5317545,6.9988871,-0.53286743,0.0005357975,0.00091289752,0.031109834,0.03053958,-0.030574037,-0.029626682,0.00094735442,0.77129587,0.87234489,65.874944,57.465671,False,0.96963763,True,False,False,0.77129587,0.87234489,65.874944,57.465671,0.70958344,0.8463342,58.198996,49.255801,0.96954043,0.9591527,30.860738,29.60016,0.77428788,0.74521383,12.31024,9.1737612,0.66955923,0.76155065,26.096883,19.874098,0.63925097,0.78345171,27.012993,21.163375,0.61285769,0.84812145,24.592792,20.857674,0.80710015,0.93389803,34.92888,32.620012
init,init,-1,,9536,163.Cape_May_Warbler/Cape_May_Warbler_0108_163108.jpg,163,162,163.Cape_May_Warbler,129,128,random_resized_crop,random_resized_crop,0,"{""area_fraction"":0.775896,""aspect"":1.09925,""fallback"":false,""height"":0.840143,""left"":0.02383,""top"":0.032254,""width"":0.923528}",7.5317545,7.0656376,-0.46611691,0.0005357975,0.00085395022,0.031109834,0.025608318,-0.030574037,-0.024754368,0.0058196689,0.69822476,0.89849449,65.874944,59.188275,False,0.95887434,False,False,False,0.69822476,0.89849449,65.874944,59.188275,0.61701605,0.87351402,58.198996,50.837639,0.95873075,0.9822023,30.860738,30.311488,0.56135023,0.74254592,12.31024,9.1409186,0.61868467,0.77908674,26.096883,20.331735,0.53584214,0.88946348,27.012993,24.027071,0.48706752,0.86936278,24.592792,21.380058,0.73245672,0.92908367,34.92888,32.451852
init,init,-1,,9536,163.Cape_May_Warbler/Cape_May_Warbler_0108_163108.jpg,163,162,163.Cape_May_Warbler,129,128,gaussian_blur,gaussian_blur,0,"{""sigma"":1.495811}",7.5317545,6.4739256,-1.0578289,0.0005357975,0.0015431561,0.031109834,0.016356429,-0.030574037,-0.014813273,0.015760764,0.46113574,0.83724697,65.874944,55.153597,False,0.85224199,False,False,False,0.46113574,0.83724697,65.874944,55.153597,0.35289894,0.83990026,58.198996,48.881352,0.85176869,0.82774171,30.860738,25.54472,-0.22204514,0.884036,12.31024,10.882695,0.11977591,0.75507752,26.096883,19.705169,0.31714138,0.91379013,27.012993,24.684206,0.2585267,0.83081622,24.592792,20.43209,0.61723093,0.83757103,34.92888,29.255418
init,init,-1,,9536,163.Cape_May_Warbler/Cape_May_Warbler_0108_163108.jpg,163,162,163.Cape_May_Warbler,129,128,random_erasing,random_erasing,0,"{""area_fraction"":0.141956,""erased"":true,""height"":0.332323,""left"":0.508605,""top"":0.491203,""width"":0.427164}",7.5317545,7.3144107,-0.21734381,0.0005357975,0.00066587358,0.031109834,0.027808648,-0.030574037,-0.027142774,0.0034312626,0.6316469,0.94617433,65.874944,62.329182,False,0.89736819,True,False,False,0.6316469,0.94617433,65.874944,62.329182,0.56300532,0.96154852,58.198996,55.961158,0.89711506,0.8893458,30.860738,27.445868,0.55927377,0.83310939,12.31024,10.255777,0.56600978,0.98878303,26.096883,25.804155,0.5556138,0.99321606,27.012993,26.829738,0.44932784,0.94470248,24.592792,23.232871,0.62335756,0.9499744,34.92888,33.181542
init,init,-1,,2615,046.Gadwall/Gadwall_0030_31855.jpg,46,45,046.Gadwall,27,26,identity,identity,0,{},3.9440184,3.9440184,0,0.019370217,0.019370217,0.024991952,0.024991952,-0.005621735,-0.005621735,0,1,1,61.882478,61.882478,False,1,True,False,False,1,1,61.882478,61.882478,1,1,53.758661,53.758661,1,1,30.650407,30.650407,1,1,15.398126,15.398126,1,1,22.374072,22.374072,1,1,24.58058,24.58058,1,1,21.764087,21.764087,1,1,32.778222,32.778222
init,init,-1,,2615,046.Gadwall/Gadwall_0030_31855.jpg,46,45,046.Gadwall,27,26,horizontal_flip,horizontal_flip,0,"{""flipped"":true}",3.9440184,4.0562162,0.11219788,0.019370217,0.017314408,0.024991952,0.016974131,-0.005621735,0.00034027733,0.0059620123,0.61396803,0.88125811,61.882478,54.534436,False,0.94745994,False,False,False,0.61396803,0.88125811,61.882478,54.534436,0.48889044,0.84265671,53.758661,45.300097,0.94708674,0.99061993,30.650407,30.362904,0.098410701,0.45420712,15.398126,6.9939386,0.31015452,0.70241058,22.374072,15.715785,0.41248066,0.78071709,24.58058,19.190479,0.41153866,0.88481597,21.764087,19.257212,0.67333141,0.97295511,32.778222,31.891739
init,init,-1,,2615,046.Gadwall/Gadwall_0030_31855.jpg,46,45,046.Gadwall,27,26,color_jitter,color_jitter,0,"{""brightness"":0.985318,""contrast"":0.838442,""hue"":0.031137,""saturation"":1.134698}",3.9440184,4.0169191,0.072900772,0.019370217,0.018008366,0.024991952,0.02526081,-0.005621735,-0.0072524436,-0.0016307086,0.92928593,0.9597156,61.882478,59.38958,False,0.99303722,True,False,False,0.92928593,0.9597156,61.882478,59.38958,0.90804,0.95239298,53.758661,51.199371,0.99300408,0.98189964,30.650407,30.095624,0.9462156,0.77924833,15.398126,11.998964,0.85764919,0.89146141,22.374072,19.945622,0.91349525,0.99206161,24.58058,24.38545,0.879335,0.96466405,21.764087,20.995032,0.93694434,0.9858075,32.778222,32.313018
init,init,-1,,2615,046.Gadwall/Gadwall_0030_31855.jpg,46,45,046.Gadwall,27,26,rotation,rotation,0,"{""angle"":-0.488865}",3.9440184,3.9164915,-0.027526855,0.019370217,0.019910831,0.024991952,0.017918022,-0.005621735,0.0019928087,0.0076145437,0.83279775,1.0123942,61.882478,62.649463,False,0.96865273,False,False,False,0.83279775,1.0123942,61.882478,62.649463,0.78832334,1.0104321,53.758661,54.319477,0.9685611,1.0184065,30.650407,31.214575,0.8280792,0.81474492,15.398126,12.545545,0.73086299,1.055644,22.374072,23.619055,0.75673102,1.01925,24.58058,25.053756,0.75328744,1.0383184,21.764087,22.598053,0.84679144,1.0104537,32.778222,33.120876
init,init,-1,,2615,046.Gadwall/Gadwall_0030_31855.jpg,46,45,046.Gadwall,27,26,random_resized_crop,random_resized_crop,0,"{""area_fraction"":0.526591,""aspect"":1.190576,""fallback"":false,""height"":0.665056,""left"":0.069676,""top"":0.054826,""width"":0.7918}",3.9440184,4.2843251,0.34030676,0.019370217,0.013782918,0.024991952,0.015270418,-0.005621735,-0.0014875,0.004134235,0.55290916,0.94554043,61.882478,58.512385,False,0.90054083,False,False,False,0.55290916,0.94554043,61.882478,58.512385,0.42080347,0.90032491,53.758661,48.400262,0.90010562,1.0727523,30.650407,32.880296,-0.069360055,0.62836035,15.398126,9.6755721,0.12047056,0.88477949,22.374072,19.79612,0.43264168,0.76411182,24.58058,18.782311,0.40693482,0.91287928,21.764087,19.867984,0.61929161,1.01623,32.778222,33.310213
init,init,-1,,2615,046.Gadwall/Gadwall_0030_31855.jpg,46,45,046.Gadwall,27,26,gaussian_blur,gaussian_blur,0,"{""sigma"":1.212445}",3.9440184,4.5702028,0.62618446,0.019370217,0.010355858,0.024991952,0.015825322,-0.005621735,-0.0054694638,0.00015227124,0.60592952,0.9770582,61.882478,60.462783,False,0.89726233,False,False,False,0.60592952,0.9770582,61.882478,60.462783,0.51347919,0.98235647,53.758661,52.810169,0.89689586,0.96057605,30.650407,29.442047,0.24153871,0.67944008,15.398126,10.462104,0.39468409,1.0136485,22.374072,22.679444,0.49568266,1.0325735,24.58058,25.381255,0.46311771,0.9978232,21.764087,21.716711,0.65027601,0.98823398,32.778222,32.392553
init,init,-1,,2615,046.Gadwall/Gadwall_0030_31855.jpg,46,45,046.Gadwall,27,26,random_erasing,random_erasing,0,"{""area_fraction"":0.150917,""erased"":true,""height"":0.580169,""left"":0.570638,""top"":0.106826,""width"":0.260126}",3.9440184,4.5694785,0.62546015,0.019370217,0.010363363,0.024991952,0.015691198,-0.005621735,-0.0053278357,0.00029389933,0.71568839,0.90569689,61.882478,56.046768,False,0.93407434,False,False,False,0.71568839,0.90569689,61.882478,56.046768,0.63195457,0.84697254,53.758661,45.53211,0.93378464,1.0662598,30.650407,32.681297,0.51401403,0.36340273,15.398126,5.5957212,0.51128519,0.72240741,22.374072,16.163196,0.56715419,0.74989127,24.58058,18.432762,0.61241518,0.86649596,21.764087,18.858494,0.74953757,1.0050091,32.778222,32.942413
init,init,-1,,2793,049.Boat_tailed_Grackle/Boat_Tailed_Grackle_0043_33595.jpg,49,48,049.Boat_tailed_Grackle,46,45,identity,identity,0,{},5.7071199,5.7071199,0,0.0033222272,0.0033222272,0.031461194,0.031461194,-0.028138967,-0.028138967,0,1,1,48.253554,48.253554,False,0.99999994,True,False,False,1,1,48.253554,48.253554,1,1,40.859248,40.859248,1,1,25.66958,25.66958,1,1,4.7496965,4.7496965,1,1,13.387958,13.387958,1,1,15.26108,15.26108,1,1,17.956439,17.956439,1,1,30.20508,30.20508
init,init,-1,,2793,049.Boat_tailed_Grackle/Boat_Tailed_Grackle_0043_33595.jpg,49,48,049.Boat_tailed_Grackle,46,45,horizontal_flip,horizontal_flip,0,"{""flipped"":true}",5.7071199,5.7699733,0.062853336,0.0033222272,0.0031198412,0.031461194,0.025778942,-0.028138967,-0.022659101,0.0054798664,0.66192397,1.0437331,48.253554,50.363833,False,0.96588707,True,False,False,0.66192397,1.0437331,48.253554,50.363833,0.53713604,1.0313423,40.859248,42.139872,0.96578897,1.0744874,25.66958,27.581641,0.3710975,1.0640397,4.7496965,5.0538657,0.31840377,1.0664404,13.387958,14.27746,0.37381884,1.0820426,15.26108,16.513138,0.39906041,1.0254556,17.956439,18.413531,0.68107441,1.0121435,30.20508,30.571875
init,init,-1,,2793,049.Boat_tailed_Grackle/Boat_Tailed_Grackle_0043_33595.jpg,49,48,049.Boat_tailed_Grackle,46,45,color_jitter,color_jitter,0,"{""brightness"":1.298512,""contrast"":0.630882,""hue"":0.099472,""saturation"":1.014343}",5.7071199,5.7951422,0.088022232,0.0033222272,0.0030422988,0.031461194,0.021216465,-0.028138967,-0.018174166,0.0099648007,0.71781336,1.0590089,48.253554,51.100942,False,0.91080278,False,False,False,0.71781336,1.0590089,48.253554,51.100942,0.65059849,1.0893805,40.859248,44.511268,0.91062881,0.97784471,25.66958,25.100863,0.27797461,1.5954105,4.7496965,7.5777157,0.47491858,1.2198085,13.387958,16.330745,0.61663624,1.3255891,15.26108,20.229921,0.62672009,1.0705868,17.956439,19.223927,0.74028852,0.98117978,30.20508,29.636614
init,init,-1,,2793,049.Boat_tailed_Grackle/Boat_Tailed_Grackle_0043_33595.jpg,49,48,049.Boat_tailed_Grackle,46,45,rotation,rotation,0,"{""angle"":-12.607152}",5.7071199,5.7832651,0.076145172,0.0033222272,0.0030786477,0.031461194,0.034333359,-0.028138967,-0.031254712,-0.0031157448,0.67988854,0.99452974,48.253554,47.989595,False,0.91597879,True,False,False,0.67988854,0.99452974,48.253554,47.989595,0.57902341,0.96872747,40.859248,39.581476,0.91589295,1.0570876,25.66958,27.134994,0.26937902,1.0930486,4.7496965,5.1916492,0.47740606,0.95409063,13.387958,12.773325,0.48153758,0.95192785,15.26108,14.527447,0.48642143,0.9935918,17.956439,17.84137,0.66603001,0.96364785,30.20508,29.107061
init,init,-1,,2793,049.Boat_tailed_Grackle/Boat_Tailed_Grackle_0043_33595.jpg,49,48,049.Boat_tailed_Grackle,46,45,random_resized_crop,random_resized_crop,0,"{""area_fraction"":0.881589,""aspect"":1.07873,""fallback"":false,""height"":0.904017,""left"":0.010486,""top"":0.025884,""width"":0.97519}",5.7071199,5.8291616,0.1220417,0.0033222272,0.0029405418,0.031461194,0.032807689,-0.028138967,-0.029867147,-0.0017281803,0.78272793,1.1268531,48.253554,54.374666,False,0.96548212,True,False,False,0.78272793,1.1268531,48.253554,54.374666,0.71308115,1.1371865,40.859248,46.464587,0.96542211,1.1002376,25.66958,28.242636,0.39301951,2.3253808,4.7496965,11.044853,0.62388781,1.2233154,13.387958,16.377696,0.65671058,1.2669354,15.26108,19.334802,0.64922449,1.1010945,17.956439,19.771737,0.80674079,1.0490191,30.20508,31.685707
init,init,-1,,2793,049.Boat_tailed_Grackle/Boat_Tailed_Grackle_0043_33595.jpg,49,48,049.Boat_tailed_Grackle,46,45,gaussian_blur,gaussian_blur,0,"{""sigma"":1.1124}",5.7071199,5.9946814,0.28756142,0.0033222272,0.0024919705,0.031461194,0.027764736,-0.028138967,-0.025272765,0.0028662018,0.70450361,1.1875549,48.253554,57.303744,False,0.93875974,True,False,False,0.70450361,1.1875549,48.253554,57.303744,0.62713742,1.2341348,40.859248,50.425819,0.93869108,1.0604188,25.66958,27.220505,0.51403458,2.3965783,4.7496965,11.38302,0.4441944,1.3856378,13.387958,18.550861,0.51067129,1.3545495,15.26108,20.671888,0.55202881,1.2465,17.956439,22.382701,0.75579939,1.1181858,30.20508,33.774893
init,init,-1,,2793,049.Boat_tailed_Grackle/Boat_Tailed_Grackle_0043_33595.jpg,49,48,049.Boat_tailed_Grackle,46,45,random_erasing,random_erasing,0,"{""area_fraction"":0.157534,""erased"":true,""height"":0.580326,""left"":0.3332,""top"":0.023641,""width"":0.271457}",5.7071199,6.0122128,0.30509281,0.0033222272,0.0024486643,0.031461194,0.021379257,-0.028138967,-0.018930592,0.0092083747,0.66503587,0.96063942,48.253554,46.354267,False,0.9041785,False,False,False,0.66503587,0.96063942,48.253554,46.354267,0.56820327,0.95322093,40.859248,38.947891,0.90403968,0.97918359,25.66958,25.135231,0.4331335,1.0600332,4.7496965,5.0348359,0.42980558,1.1106253,13.387958,14.869005,0.52889201,0.98686769,15.26108,15.060666,0.4901642,0.87220076,17.956439,15.66162,0.6431418,0.93546578,30.20508,28.255819
init,init,-1,,8764,150.Sage_Thrasher/Sage_Thrasher_0025_155661.jpg,150,149,150.Sage_Thrasher,129,128,identity,identity,0,{},3.5801337,3.5801337,0,0.027871974,0.027871974,0.050819706,0.050819706,-0.022947732,-0.022947732,0,1,1,49.712622,49.712622,False,1,True,False,False,1,1,49.712622,49.712622,1,1,39.681753,39.681753,1,1,29.945004,29.945004,1,1,5.0998318,5.0998318,1,1,11.791442,11.791442,1,1,13.100526,13.100526,1,1,16.279888,16.279888,1,1,31.191932,31.191932
init,init,-1,,8764,150.Sage_Thrasher/Sage_Thrasher_0025_155661.jpg,150,149,150.Sage_Thrasher,129,128,horizontal_flip,horizontal_flip,0,"{""flipped"":true}",3.5801337,3.8293567,0.24922299,0.027871974,0.021723585,0.050819706,0.048703775,-0.022947732,-0.02698019,-0.0040324572,0.69731499,1.0069198,49.712622,50.056625,False,0.97073865,True,False,False,0.69731499,1.0069198,49.712622,50.056625,0.55271723,1.0316003,39.681753,40.93571,0.97070027,0.96204907,29.945004,28.808563,-0.01014372,0.99576758,5.0998318,5.0782472,0.19135102,1.1980047,11.791442,14.126203,0.2875857,1.1406837,13.100526,14.943556,0.40938703,1.0536549,16.279888,17.153383,0.73015084,0.97918022,31.191932,30.542523
init,init,-1,,8764,150.Sage_Thrasher/Sage_Thrasher_0025_155661.jpg,150,149,150.Sage_Thrasher,129,128,color_jitter,color_jitter,0,"{""brightness"":1.311212,""contrast"":1.139836,""hue"":0.02354,""saturation"":1.222101}",3.5801337,3.6912832,0.11114955,0.027871974,0.024939977,0.050819706,0.04352732,-0.022947732,-0.018587343,0.004360389,0.85158958,1.0194584,49.712622,50.67995,False,0.98172271,True,False,False,0.85158958,1.0194584,49.712622,50.67995,0.78225431,1.0405632,39.681753,41.291373,0.98165047,0.98129984,29.945004,29.385028,0.096065742,1.2070907,5.0998318,6.1559593,0.55050006,1.0377696,11.791442,12.2368,0.63656632,1.1604848,13.100526,15.202961,0.7123933,1.0323357,16.279888,16.806309,0.88804405,1.015717,31.191932,31.682177
init,init,-1,,8764,150.Sage_Thrasher/Sage_Thrasher_0025_155661.jpg,150,149,150.Sage_Thrasher,129,128,rotation,rotation,0,"{""angle"":-11.047634}",3.5801337,3.8573582,0.27722454,0.027871974,0.02112373,0.050819706,0.041362517,-0.022947732,-0.020238787,0.0027089454,0.71566228,1.0220766,49.712622,50.810106,False,0.93311328,True,False,False,0.71566228,1.0220766,49.712622,50.810106,0.5935793,1.0268169,39.681753,40.745896,0.93285634,1.0136987,29.945004,30.355211,0.48638414,0.86777754,5.0998318,4.4255195,0.32445724,1.0729358,11.791442,12.65146,0.37636444,1.1304604,13.100526,14.809625,0.47063603,1.0773095,16.279888,17.538479,0.71939993,0.9900441,31.191932,30.881389
init,init,-1,,8764,150.Sage_Thrasher/Sage_Thrasher_0025_155661.jpg,150,149,150.Sage_Thrasher,129,128,random_resized_crop,random_resized_crop,0,"{""area_fraction"":0.625524,""aspect"":0.751578,""fallback"":false,""height"":0.912294,""left"":0.250507,""top"":0.004634,""width"":0.68566}",3.5801337,4.0054498,0.4253161,0.027871974,0.0182161,0.050819706,0.036063589,-0.022947732,-0.01784749,0.0051002428,0.67581905,0.98891192,49.712622,49.161405,False,0.94115829,True,False,False,0.67581905,0.98891192,49.712622,49.161405,0.54127448,1.0249518,39.681753,40.671884,0.94089505,0.92222282,29.945004,27.615966,0.32893848,1.0695334,5.0998318,5.4544407,0.078286458,1.2289183,11.791442,14.490719,0.35687457,1.1517055,13.100526,15.087947,0.42385278,1.045264,16.279888,17.016782,0.70969992,0.96031839,31.191932,29.954186
init,init,-1,,8764,150.Sage_Thrasher/Sage_Thrasher_0025_155661.jpg,150,149,150.Sage_Thrasher,129,128,gaussian_blur,gaussian_blur,0,"{""sigma"":1.422196}",3.5801337,4.0875192,0.50738549,0.027871974,0.016780814,0.050819706,0.035879452,-0.022947732,-0.019098638,0.0038490947,0.64014386,1.1917771,49.712622,59.246367,False,0.93270886,True,False,False,0.64014386,1.1917771,49.712622,59.246367,0.52112213,1.2954844,39.681753,51.407094,0.93243368,0.98354908,29.945004,29.452381,0.39992906,1.7324323,5.0998318,8.8351132,0.20633775,2.0661909,11.791442,24.36337,0.32264531,1.6605651,13.100526,21.754275,0.45019069,1.2858212,16.279888,20.933025,0.72918779,1.0435951,31.191932,32.551747
init,init,-1,,8764,150.Sage_Thrasher/Sage_Thrasher_0025_155661.jpg,150,149,150.Sage_Thrasher,129,128,random_erasing,random_erasing,0,"{""area_fraction"":0.100382,""erased"":true,""height"":0.364172,""left"":0.282788,""top"":0.252926,""width"":0.275644}",3.5801337,4.5229845,0.94285083,0.027871974,0.010856574,0.050819706,0.075427942,-0.022947732,-0.064571368,-0.041623635,0.67241417,1.3379988,49.712622,66.51543,False,0.92653102,True,False,False,0.67241417,1.3379988,49.712622,66.51543,0.55208031,1.4096116,39.681753,55.935858,0.92598125,1.2019637,29.945004,35.992808,0.51177387,1.3565816,5.0998318,6.9183382,0.33042518,1.6911279,11.791442,19.940836,0.40621759,1.7757878,13.100526,23.263754,0.47349497,1.5005264,16.279888,24.428402,0.66674599,1.2603004,31.191932,39.311205
init,init,-1,,2169,038.Great_Crested_Flycatcher/Great_Crested_Flycatcher_0069_29603.jpg,38,37,038.Great_Crested_Flycatcher,129,128,identity,identity,0,{},4.8469205,4.8469205,0,0.0078525217,0.0078525217,0.024166064,0.024166064,-0.016313543,-0.016313543,0,1,1,43.354543,43.354543,False,1.0000002,True,False,False,1,1,43.354543,43.354543,1,1,34.86362,34.86362,1,1,25.770999,25.770999,1,1,3.55809,3.55809,1,1,8.9236295,8.9236295,1,1,12.20689,12.20689,1,1,15.709269,15.709269,1,1,26.970197,26.970197
init,init,-1,,2169,038.Great_Crested_Flycatcher/Great_Crested_Flycatcher_0069_29603.jpg,38,37,038.Great_Crested_Flycatcher,129,128,horizontal_flip,horizontal_flip,0,"{""flipped"":true}",4.8469205,5.2387805,0.39186001,0.0078525217,0.0053067235,0.024166064,0.030419264,-0.016313543,-0.02511254,-0.0087989978,0.68888278,1.0739499,43.354543,46.560608,False,0.96600884,True,False,False,0.68888278,1.0739499,43.354543,46.560608,0.54216356,1.0853254,34.86362,37.838372,0.96589871,1.0528131,25.770999,27.132045,0.15674318,1.2730444,3.55809,4.5296065,0.18419751,1.1175937,8.9236295,9.9729918,0.39850574,1.2597162,12.20689,15.377218,0.46844426,1.0628393,15.709269,16.696428,0.65506773,1.0464496,26.970197,28.222951
init,init,-1,,2169,038.Great_Crested_Flycatcher/Great_Crested_Flycatcher_0069_29603.jpg,38,37,038.Great_Crested_Flycatcher,129,128,color_jitter,color_jitter,0,"{""brightness"":0.620934,""contrast"":1.072884,""hue"":-0.043088,""saturation"":0.970894}",4.8469205,4.7904782,-0.056442261,0.0078525217,0.0083084814,0.024166064,0.02142862,-0.016313543,-0.013120139,0.0031934036,0.84744647,1.0594181,43.354543,45.930586,False,0.97560728,False,False,False,0.84744647,1.0594181,43.354543,45.930586,0.784107,1.0897231,34.86362,37.991691,0.97557378,1.0015841,25.770999,25.811822,0.41095372,2.1020149,3.55809,7.4791584,0.62395676,1.3758849,8.9236295,12.277887,0.70815358,1.2913962,12.20689,15.763932,0.76114318,1.0000254,15.709269,15.709667,0.8649243,1.0095759,26.970197,27.228461
init,init,-1,,2169,038.Great_Crested_Flycatcher/Great_Crested_Flycatcher_0069_29603.jpg,38,37,038.Great_Crested_Flycatcher,129,128,rotation,rotation,0,"{""angle"":-0.860567}",4.8469205,4.8851743,0.038253784,0.0078525217,0.0075578075,0.024166064,0.025605943,-0.016313543,-0.018048136,-0.001734593,0.87663738,1.0444263,43.354543,45.280626,False,0.98616451,True,False,False,0.87663738,1.0444263,43.354543,45.280626,0.81735997,1.0477833,34.86362,36.529518,0.98614226,1.0382546,25.770999,26.756858,0.67877818,1.5785423,3.55809,5.6165958,0.65066455,1.1731483,8.9236295,10.468741,0.71858337,1.0555909,12.20689,12.885482,0.75860492,1.0232904,15.709269,16.075144,0.88524633,1.0280825,26.970197,27.727586
init,init,-1,,2169,038.Great_Crested_Flycatcher/Great_Crested_Flycatcher_0069_29603.jpg,38,37,038.Great_Crested_Flycatcher,129,128,random_resized_crop,random_resized_crop,0,"{""area_fraction"":0.780824,""aspect"":0.932508,""fallback"":false,""height"":0.915062,""left"":0.121245,""top"":0.006931,""width"":0.853302}",4.8469205,4.8415279,-0.0053925514,0.0078525217,0.0078949817,0.024166064,0.031943999,-0.016313543,-0.024049018,-0.007735475,0.77466798,1.1049017,43.354543,47.902507,False,0.96676344,True,False,False,0.77466798,1.1049017,43.354543,47.902507,0.67221743,1.1137867,34.86362,38.830637,0.96666369,1.088453,25.770999,28.050522,0.4160819,2.0236872,3.55809,7.2004613,0.37901682,1.5242613,8.9236295,13.601943,0.63275283,1.2547234,12.20689,15.31627,0.60304835,1.0273487,15.709269,16.138896,0.77493344,1.0328105,26.970197,27.855103
init,init,-1,,2169,038.Great_Crested_Flycatcher/Great_Crested_Flycatcher_0069_29603.jpg,38,37,038.Great_Crested_Flycatcher,129,128,gaussian_blur,gaussian_blur,0,"{""sigma"":1.776278}",4.8469205,4.7980957,-0.048824787,0.0078525217,0.0082454327,0.024166064,0.044784218,-0.016313543,-0.036538785,-0.020225243,0.69732565,1.2895892,43.354543,55.909551,False,0.92908239,True,False,False,0.69732565,1.2895892,43.354543,55.909551,0.57983121,1.319715,34.86362,46.010041,0.92864087,1.2325497,25.770999,31.764036,0.22839791,2.4208713,3.55809,8.6136782,0.38176517,1.8186804,8.9236295,16.22923,0.48459688,1.4937582,12.20689,18.234142,0.5382873,1.2444681,15.709269,19.549684,0.67570122,1.2098253,26.970197,32.629227
init,init,-1,,2169,038.Great_Crested_Flycatcher/Great_Crested_Flycatcher_0069_29603.jpg,38,37,038.Great_Crested_Flycatcher,129,128,random_erasing,random_erasing,0,"{""area_fraction"":0.119418,""erased"":true,""height"":0.21092,""left"":0.37848,""top"":0.122547,""width"":0.566175}",4.8469205,4.6663194,-0.18060112,0.0078525217,0.0094068293,0.024166064,0.028231282,-0.016313543,-0.018824453,-0.0025109099,0.64601424,1.1524079,43.354543,49.962118,False,0.90740258,True,False,False,0.64601424,1.1524079,43.354543,49.962118,0.52785336,1.2145413,34.86362,42.343307,0.90732162,1.0290251,25.770999,26.519004,0.40274362,1.5153575,3.55809,5.3917785,0.36747413,1.6775639,8.9236295,14.969958,0.43950065,1.4864692,12.20689,18.145167,0.46354878,1.1746828,15.709269,18.453408,0.61683285,1.0936487,26.970197,29.495922
init,init,-1,,2664,047.American_Goldfinch/American_Goldfinch_0048_32885.jpg,47,46,047.American_Goldfinch,46,45,identity,identity,0,{},6.2389717,6.2389717,0,0.0019518622,0.0019518622,0.022874987,0.022874987,-0.020923125,-0.020923125,0,1,1,55.890703,55.890703,False,1,True,False,False,1,1,55.890703,55.890703,1,1,48.332316,48.332316,1,1,28.067024,28.067024,1,1,9.9956249,9.9956249,1,1,17.686479,17.686479,1,1,18.407205,18.407205,1,1,20.747376,20.747376,1,1,33.970722,33.970722
init,init,-1,,2664,047.American_Goldfinch/American_Goldfinch_0048_32885.jpg,47,46,047.American_Goldfinch,46,45,horizontal_flip,horizontal_flip,0,"{""flipped"":true}",6.2389717,6.5777879,0.33881617,0.0019518622,0.0013909228,0.022874987,0.016899258,-0.020923125,-0.015508335,0.0054147894,0.64017813,1.0137,55.890703,56.656405,False,0.9704814,False,False,False,0.64017813,1.0137,55.890703,56.656405,0.53042298,1.0173289,48.332316,49.169861,0.97038988,1.0028617,28.067024,28.147344,0.23141068,0.75444294,9.9956249,7.5411287,0.3297913,1.0988088,17.686479,19.434058,0.41397827,1.0558763,18.407205,19.435732,0.37335481,1.0110142,20.747376,20.975891,0.70636546,1.0049178,33.970722,34.137785
init,init,-1,,2664,047.American_Goldfinch/American_Goldfinch_0048_32885.jpg,47,46,047.American_Goldfinch,46,45,color_jitter,color_jitter,0,"{""brightness"":0.900341,""contrast"":0.80785,""hue"":0.031143,""saturation"":1.167431}",6.2389717,6.1045046,-0.13446712,0.0019518622,0.0022327879,0.022874987,0.021762166,-0.020923125,-0.019529378,0.0013937462,0.83444159,1.0318519,55.890703,57.670927,False,0.97355688,True,False,False,0.83444159,1.0318519,55.890703,57.670927,0.79107853,1.0487397,48.332316,50.688017,0.97349619,0.98006355,28.067024,27.507467,0.67607014,1.3779871,9.9956249,13.773842,0.76810315,1.2524448,17.686479,22.151339,0.68642581,1.1246003,18.407205,20.700748,0.76274337,0.99019683,20.747376,20.543986,0.87460668,0.94854138,33.970722,32.222636
init,init,-1,,2664,047.American_Goldfinch/American_Goldfinch_0048_32885.jpg,47,46,047.American_Goldfinch,46,45,rotation,rotation,0,"{""angle"":-9.825487}",6.2389717,6.6530738,0.41410208,0.0019518622,0.0012900506,0.022874987,0.015319582,-0.020923125,-0.014029532,0.006893593,0.70614969,1.1181699,55.890703,62.495301,False,0.93189788,False,False,False,0.70614969,1.1181699,55.890703,62.495301,0.63653462,1.1397748,48.332316,55.087956,0.93166784,1.0514961,28.067024,29.512367,0.47244206,0.99789575,9.9956249,9.9745916,0.66242428,1.1369862,17.686479,20.109282,0.49624288,1.3379762,18.407205,24.628403,0.51641858,1.169612,20.747376,24.26638,0.74684181,1.0757208,33.970722,36.543013
init,init,-1,,2664,047.American_Goldfinch/American_Goldfinch_0048_32885.jpg,47,46,047.American_Goldfinch,46,45,random_resized_crop,random_resized_crop,0,"{""area_fraction"":0.794349,""aspect"":0.996906,""fallback"":false,""height"":0.892644,""left"":0.018539,""top"":0.071653,""width"":0.889882}",6.2389717,6.5991945,0.36022282,0.0019518622,0.0013614646,0.022874987,0.013064298,-0.020923125,-0.011702833,0.0092202913,0.78606623,1.1290466,55.890703,63.103207,False,0.96383965,False,False,False,0.78606623,1.1290466,55.890703,63.103207,0.73331364,1.1575749,48.332316,55.948276,0.9636784,1.0398574,28.067024,29.185702,0.52586412,1.0250684,9.9956249,10.246199,0.61968667,1.1659841,17.686479,20.622153,0.69471762,1.3302419,18.407205,24.486035,0.66536884,1.1983439,20.747376,24.86249,0.82878651,1.0944284,33.970722,37.178522
init,init,-1,,2664,047.American_Goldfinch/American_Goldfinch_0048_32885.jpg,47,46,047.American_Goldfinch,46,45,gaussian_blur,gaussian_blur,0,"{""sigma"":1.255684}",6.2389717,6.4683151,0.22934341,0.0019518622,0.0015518385,0.022874987,0.011526138,-0.020923125,-0.0099742991,0.010948825,0.66552575,1.1716076,55.890703,65.481972,False,0.92676085,False,False,False,0.66552575,1.1716076,55.890703,65.481972,0.59240894,1.2141906,48.332316,58.684644,0.9264538,1.035083,28.067024,29.051699,0.62658729,1.1711127,9.9956249,11.706004,0.52620665,1.4785025,17.686479,26.149503,0.51882854,1.4035681,18.407205,25.835766,0.47142762,1.2240769,20.747376,25.396383,0.70617957,1.0656875,33.970722,36.202173
init,init,-1,,2664,047.American_Goldfinch/American_Goldfinch_0048_32885.jpg,47,46,047.American_Goldfinch,46,45,random_erasing,random_erasing,0,"{""area_fraction"":0.164291,""erased"":true,""height"":0.348917,""left"":0.34436,""top"":0.138482,""width"":0.47086}",6.2389717,7.405108,1.1661363,0.0019518622,0.00060813857,0.022874987,0.01994352,-0.020923125,-0.019335382,0.0015877426,0.6475058,1.2308809,55.890703,68.7948,False,0.91035461,False,False,False,0.6475058,1.2308809,55.890703,68.7948,0.56246929,1.2424763,48.332316,60.051758,0.90986569,1.1958352,28.067024,33.563534,0.43620304,1.1517844,9.9956249,11.512805,0.60709949,1.3670755,17.686479,24.178751,0.49077748,1.3632936,18.407205,25.094425,0.4290188,1.1877933,20.747376,24.643593,0.63492413,1.196473,33.970722,40.645051
init,init,-1,,6240,107.Common_Raven/Common_Raven_0079_101100.jpg,107,106,107.Common_Raven,129,128,identity,identity,0,{},5.1054096,5.1054096,0,0.0060638534,0.0060638534,0.029031264,0.029031264,-0.02296741,-0.02296741,0,1,1,45.392965,45.392965,False,1.0000001,True,False,False,1,1,45.392965,45.392965,1,1,36.366154,36.366154,1,1,27.1666,27.1666,1,1,5.4966294,5.4966294,1,1,11.919143,11.919143,1,1,14.587634,14.587634,1,1,15.78227,15.78227,1,1,26.236218,26.236218
init,init,-1,,6240,107.Common_Raven/Common_Raven_0079_101100.jpg,107,106,107.Common_Raven,129,128,horizontal_flip,horizontal_flip,0,"{""flipped"":true}",5.1054096,5.0425596,-0.062849998,0.0060638534,0.0064571984,0.029031264,0.023467725,-0.02296741,-0.017010527,0.0059568835,0.71857578,0.98104304,45.392965,44.532453,False,0.96517825,True,False,False,0.71857578,0.98104304,45.392965,44.532453,0.56847031,0.94607081,36.366154,34.404957,0.96510717,1.0407758,27.1666,28.27434,0.45938205,1.2698092,5.4966294,6.9796706,0.22864069,0.86061405,11.919143,10.257782,0.5398958,0.88439539,14.587634,12.901236,0.42264773,0.87485502,15.78227,13.807198,0.69360065,0.98856186,26.236218,25.936124
init,init,-1,,6240,107.Common_Raven/Common_Raven_0079_101100.jpg,107,106,107.Common_Raven,129,128,color_jitter,color_jitter,0,"{""brightness"":1.046725,""contrast"":0.830243,""hue"":-0.012248,""saturation"":0.947987}",5.1054096,5.127284,0.021874428,0.0060638534,0.0059326496,0.029031264,0.033136558,-0.02296741,-0.027203908,-0.0042364979,0.92356197,0.97166128,45.392965,44.106587,False,0.99454117,True,False,False,0.92356197,0.97166128,45.392965,44.106587,0.88269155,0.95842392,36.366154,34.854192,0.99452024,0.9949414,27.1666,27.029175,0.58797158,1.030077,5.4966294,5.6619514,0.77801479,1.0063487,11.919143,11.994814,0.82948828,0.86404756,14.587634,12.60441,0.86982583,0.93570749,15.78227,14.767588,0.939326,0.98062815,26.236218,25.727974
init,init,-1,,6240,107.Common_Raven/Common_Raven_0079_101100.jpg,107,106,107.Common_Raven,129,128,rotation,rotation,0,"{""angle"":9.468617}",5.1054096,4.9539924,-0.15141726,0.0060638534,0.0070551871,0.029031264,0.020969676,-0.02296741,-0.013914489,0.0090529216,0.73095379,1.0468148,45.392965,47.518029,False,0.94116008,True,False,False,0.73095379,1.0468148,45.392965,47.518029,0.61850883,1.0615141,36.366154,38.603184,0.94104062,1.0199448,27.1666,27.708433,0.47501199,2.0199555,5.4966294,11.102947,0.44486368,1.1330252,11.919143,13.504689,0.46108985,1.0269124,14.587634,14.980222,0.57638845,0.98647864,15.78227,15.568872,0.74735416,1.0211451,26.236218,26.790985
init,init,-1,,6240,107.Common_Raven/Common_Raven_0079_101100.jpg,107,106,107.Common_Raven,129,128,random_resized_crop,random_resized_crop,0,"{""area_fraction"":0.584507,""aspect"":1.24499,""fallback"":false,""height"":0.685192,""left"":0.081369,""top"":0.221643,""width"":0.853057}",5.1054096,5.0978074,-0.0076022148,0.0060638534,0.0061101303,0.029031264,0.02623046,-0.02296741,-0.02012033,0.0028470806,0.76754866,1.0679338,45.392965,48.476682,False,0.95844328,False,False,False,0.76754866,1.0679338,45.392965,48.476682,0.65987515,1.063515,36.366154,38.67595,0.95832135,1.0758067,27.1666,29.22601,0.1940816,1.7445584,5.4966294,9.5891908,0.52832522,1.1978042,11.919143,14.2768,0.63119469,1.008599,14.587634,14.713073,0.59138687,1.0054566,15.78227,15.868388,0.76705949,1.0310645,26.236218,27.051233
init,init,-1,,6240,107.Common_Raven/Common_Raven_0079_101100.jpg,107,106,107.Common_Raven,129,128,gaussian_blur,gaussian_blur,0,"{""sigma"":1.276016}",5.1054096,4.6825032,-0.4229064,0.0060638534,0.0092558153,0.029031264,0.025115689,-0.02296741,-0.015859874,0.0071075363,0.66057421,1.1412175,45.392965,51.803244,False,0.91760528,False,False,False,0.66057421,1.1412175,45.392965,51.803244,0.53113157,1.1780348,36.366154,42.840595,0.91739713,1.0720847,27.1666,29.124895,0.17432096,1.9456905,5.4966294,10.694739,0.24532062,1.4513577,11.919143,17.29894,0.43577458,1.2484467,14.587634,18.211883,0.49693239,1.135252,15.78227,17.916854,0.70147125,1.0569679,26.236218,27.73084
init,init,-1,,6240,107.Common_Raven/Common_Raven_0079_101100.jpg,107,106,107.Common_Raven,129,128,random_erasing,random_erasing,0,"{""area_fraction"":0.083437,""erased"":true,""height"":0.305689,""left"":0.151624,""top"":0.44314,""width"":0.272947}",5.1054096,4.9767714,-0.12863827,0.0060638534,0.0068962937,0.029031264,0.026603058,-0.02296741,-0.019706764,0.003260646,0.88283161,0.98853443,45.392965,44.872509,False,0.98088741,True,False,False,0.88283161,0.98853443,45.392965,44.872509,0.82605717,0.97317214,36.366154,35.390528,0.98083463,1.0154816,27.1666,27.587182,0.91982379,1.0759662,5.4966294,5.9141873,0.76255626,0.99379301,11.919143,11.845161,0.78946471,0.9527498,14.587634,13.898365,0.75416777,0.88881184,15.78227,14.027469,0.87025682,0.99922279,26.236218,26.215827
init,init,-1,,10156,173.Orange_crowned_Warbler/Orange_Crowned_Warbler_0120_167587.jpg,173,172,173.Orange_crowned_Warbler,129,128,identity,identity,0,{},4.3818955,4.3818955,0,0.012501637,0.012501637,0.035349097,0.035349097,-0.022847461,-0.022847461,0,1,1,46.870577,46.870577,False,1,True,False,False,1,1,46.870577,46.870577,1,1,38.330056,38.330056,1,1,26.975132,26.975132,1,1,7.3594964,7.3594964,1,1,13.58277,13.58277,1,1,15.451427,15.451427,1,1,16.395617,16.395617,1,1,26.888223,26.888223
init,init,-1,,10156,173.Orange_crowned_Warbler/Orange_Crowned_Warbler_0120_167587.jpg,173,172,173.Orange_crowned_Warbler,129,128,horizontal_flip,horizontal_flip,0,"{""flipped"":true}",4.3818955,4.2156119,-0.16628361,0.012501637,0.014763288,0.035349097,0.041867752,-0.022847461,-0.027104463,-0.0042570028,0.68030895,1.0057807,46.870577,47.141519,False,0.96544373,True,False,False,0.68030895,1.0057807,46.870577,47.141519,0.52634947,0.97317507,38.330056,37.301855,0.96533667,1.0685857,26.975132,28.82524,0.29352222,0.77765761,7.3594964,5.7231684,0.27705181,0.87116514,13.58277,11.832836,0.45391185,0.84560691,15.451427,13.065833,0.37790369,0.93954965,16.395617,15.404496,0.66434,1.0588947,26.888223,28.471797
init,init,-1,,10156,173.Orange_crowned_Warbler/Orange_Crowned_Warbler_0120_167587.jpg,173,172,173.Orange_crowned_Warbler,129,128,color_jitter,color_jitter,0,"{""brightness"":1.008859,""contrast"":1.002707,""hue"":0.019934,""saturation"":1.374866}",4.3818955,4.2590709,-0.12282467,0.012501637,0.014135434,0.035349097,0.030988676,-0.022847461,-0.016853242,0.0059942184,0.85052005,0.96232157,46.870577,45.104567,False,0.97866541,True,False,False,0.85052005,0.96232157,46.870577,45.104567,0.78289582,0.9369609,38.330056,35.913764,0.97861286,1.0115906,26.975132,27.287791,0.72857983,0.83452935,7.3594964,6.1417158,0.55328444,0.85720161,13.58277,11.643173,0.68388219,0.88961707,15.451427,13.745853,0.77190688,0.95905635,16.395617,15.72432,0.87410522,0.97004489,26.888223,26.082783
init,init,-1,,10156,173.Orange_crowned_Warbler/Orange_Crowned_Warbler_0120_167587.jpg,173,172,173.Orange_crowned_Warbler,129,128,rotation,rotation,0,"{""angle"":11.205647}",4.3818955,4.5007491,0.11885357,0.012501637,0.011100676,0.035349097,0.024739858,-0.022847461,-0.013639182,0.0092082787,0.72591919,0.9811679,46.870577,45.987906,False,0.95213467,True,False,False,0.72591919,0.9811679,46.870577,45.987906,0.6127656,0.9776725,38.330056,37.474242,0.95198101,0.98818769,26.975132,26.656494,0.36778362,0.96518709,7.3594964,7.1032909,0.41166664,0.89879448,13.58277,12.208119,0.53424422,0.89163126,15.451427,13.776975,0.5366769,0.97039112,16.395617,15.910161,0.72618696,1.0265563,26.888223,27.602276
init,init,-1,,10156,173.Orange_crowned_Warbler/Orange_Crowned_Warbler_0120_167587.jpg,173,172,173.Orange_crowned_Warbler,129,128,random_resized_crop,random_resized_crop,0,"{""area_fraction"":0.529967,""aspect"":0.857419,""fallback"":false,""height"":0.786191,""left"":0.157297,""top"":0.165814,""width"":0.674095}",4.3818955,4.1867599,-0.19513559,0.012501637,0.015195439,0.035349097,0.034771249,-0.022847461,-0.01957581,0.0032716505,0.61224869,1.0804823,46.870577,50.642829,False,0.95195776,True,False,False,0.61224869,1.0804823,46.870577,50.642829,0.46318611,1.1185702,38.330056,42.874859,0.95188967,0.99916465,26.975132,26.952599,0.045299097,1.3675956,7.3594964,10.064815,0.12091738,1.224534,13.58277,16.632565,0.31585634,1.1213132,15.451427,17.325889,0.44777609,1.096975,16.395617,17.985582,0.66079659,1.0757418,26.888223,28.924786
init,init,-1,,10156,173.Orange_crowned_Warbler/Orange_Crowned_Warbler_0120_167587.jpg,173,172,173.Orange_crowned_Warbler,129,128,gaussian_blur,gaussian_blur,0,"{""sigma"":1.915397}",4.3818955,4.4514785,0.069582939,0.012501637,0.011661315,0.035349097,0.030481087,-0.022847461,-0.018819772,0.0040276889,0.58816437,1.0923227,46.870577,51.197796,False,0.9091174,True,False,False,0.58816437,1.0923227,46.870577,51.197796,0.43084223,1.0957782,38.330056,42.001239,0.9088903,1.0853124,26.975132,29.276445,0.15925256,1.3904815,7.3594964,10.233244,0.063722321,1.2189524,13.58277,16.55675,0.32413696,1.1688356,15.451427,18.060179,0.42979667,1.0336551,16.395617,16.947412,0.61231714,1.0332635,26.888223,27.78262
init,init,-1,,10156,173.Orange_crowned_Warbler/Orange_Crowned_Warbler_0120_167587.jpg,173,172,173.Orange_crowned_Warbler,129,128,random_erasing,random_erasing,0,"{""area_fraction"":0.091518,""erased"":true,""height"":0.332727,""left"":0.234355,""top"":0.517301,""width"":0.275053}",4.3818955,4.8227057,0.4408102,0.012501637,0.0080449898,0.035349097,0.050229069,-0.022847461,-0.042184079,-0.019336618,0.78977992,1.0684727,46.870577,50.07993,False,0.95341265,True,False,False,0.78977992,1.0684727,46.870577,50.07993,0.70278847,1.0377045,38.330056,39.775271,0.95314486,1.1280409,26.975132,30.429052,0.84794254,1.1291795,7.3594964,8.3101927,0.66089087,0.90235588,13.58277,12.256493,0.66432619,0.84087195,15.451427,12.992672,0.62940515,0.97530968,16.395617,15.990803,0.74208511,1.1392084,26.888223,30.63129
init,init,-1,,9794,167.Hooded_Warbler/Hooded_Warbler_0057_164137.jpg,167,166,167.Hooded_Warbler,183,182,identity,identity,0,{},7.05931,7.05931,0,0.0008593711,0.0008593711,0.020912673,0.020912673,-0.020053302,-0.020053302,0,1,1,48.182513,48.182513,False,0.99999994,True,False,False,1,1,48.182513,48.182513,1,1,40.711459,40.711459,1,1,25.770751,25.770751,1,1,7.3643396,7.3643396,1,1,13.954628,13.954628,1,1,18.786477,18.786477,1,1,18.742305,18.742305,1,1,26.537748,26.537748
init,init,-1,,9794,167.Hooded_Warbler/Hooded_Warbler_0057_164137.jpg,167,166,167.Hooded_Warbler,183,182,horizontal_flip,horizontal_flip,0,"{""flipped"":true}",7.05931,7.1837783,0.12446833,0.0008593711,0.00075879553,0.020912673,0.020108707,-0.020053302,-0.019349912,0.00070339051,0.64285316,1.0409917,48.182513,50.157597,False,0.96675509,False,False,False,0.64285316,1.0409917,48.182513,50.157597,0.52001408,1.0562715,40.711459,43.002354,0.96672012,1.0018432,25.770751,25.818252,0.33932803,0.7719209,7.3643396,5.6846876,0.25012883,1.1039871,13.954628,15.405729,0.41274571,1.1050397,18.786477,20.759804,0.44745394,1.052232,18.742305,19.721253,0.70552803,1.0385886,26.537748,27.561803
init,init,-1,,9794,167.Hooded_Warbler/Hooded_Warbler_0057_164137.jpg,167,166,167.Hooded_Warbler,183,182,color_jitter,color_jitter,0,"{""brightness"":1.043897,""contrast"":1.278162,""hue"":0.001775,""saturation"":0.880803}",7.05931,6.9941602,-0.065149784,0.0008593711,0.00091722282,0.020912673,0.022393251,-0.020053302,-0.021476028,-0.0014227258,0.91909458,0.99417722,48.182513,47.901956,False,0.98965371,True,False,False,0.91909458,0.99417722,48.182513,47.901956,0.89065741,0.99240508,40.711459,40.402259,0.98963643,0.9985861,25.770751,25.734314,0.81851872,1.0211809,7.3643396,7.5203227,0.76827853,0.90540163,13.954628,12.634542,0.89708033,0.97135967,18.786477,18.248426,0.88479057,0.99577453,18.742305,18.66311,0.92741513,1.021485,26.537748,27.107911
init,init,-1,,9794,167.Hooded_Warbler/Hooded_Warbler_0057_164137.jpg,167,166,167.Hooded_Warbler,183,182,rotation,rotation,0,"{""angle"":-13.090669}",7.05931,6.8365021,-0.22280788,0.0008593711,0.0010738528,0.020912673,0.027140114,-0.020053302,-0.026066262,-0.0060129595,0.65712983,1.1210202,48.182513,54.013572,False,0.93521065,True,False,False,0.65712983,1.1210202,48.182513,54.013572,0.55471763,1.1450658,40.711459,46.617301,0.93505683,1.0586318,25.770751,27.281738,-0.080082078,1.2116202,7.3643396,8.9227829,0.3267213,1.2596246,13.954628,17.577592,0.57267263,1.2081062,18.786477,22.69606,0.52037407,1.0563636,18.742305,19.798689,0.68771964,1.1162359,26.537748,29.622386
init,init,-1,,9794,167.Hooded_Warbler/Hooded_Warbler_0057_164137.jpg,167,166,167.Hooded_Warbler,183,182,random_resized_crop,random_resized_crop,0,"{""area_fraction"":0.512979,""aspect"":1.186122,""fallback"":false,""height"":0.657635,""left"":0.219431,""top"":0.093851,""width"":0.780036}",7.05931,7.0945101,0.035200119,0.0008593711,0.000829647,0.020912673,0.022049755,-0.020053302,-0.021220108,-0.0011668056,0.64885646,1.0758294,48.182513,51.836164,False,0.90909725,True,False,False,0.64885646,1.0758294,48.182513,51.836164,0.5517404,1.0955561,40.711459,44.601687,0.90896656,1.0249443,25.770751,26.413584,-0.007798502,1.1906866,7.3643396,8.7686202,0.36181166,1.2319222,13.954628,17.191016,0.56087359,1.1141005,18.786477,20.930024,0.54111003,1.1186245,18.742305,20.965602,0.66855591,1.0245591,26.537748,27.18949
init,init,-1,,9794,167.Hooded_Warbler/Hooded_Warbler_0057_164137.jpg,167,166,167.Hooded_Warbler,183,182,gaussian_blur,gaussian_blur,0,"{""sigma"":1.95486}",7.05931,6.8424621,-0.2168479,0.0008593711,0.001067472,0.020912673,0.022410274,-0.020053302,-0.021342802,-0.0012894993,0.52156728,0.97993256,48.182513,47.215613,False,0.82488978,True,False,False,0.52156728,0.97993256,48.182513,47.215613,0.41393557,1.0095937,40.711459,41.102033,0.82478448,0.90166341,25.770751,23.236543,0.30630134,0.76031369,7.3643396,5.5992082,0.29200231,1.09706,13.954628,15.309063,0.3417143,1.0954763,18.786477,20.58014,0.29671732,1.0359911,18.742305,19.416861,0.5699273,0.94062279,26.537748,24.962011
init,init,-1,,9794,167.Hooded_Warbler/Hooded_Warbler_0057_164137.jpg,167,166,167.Hooded_Warbler,183,182,random_erasing,random_erasing,0,"{""area_fraction"":0.095989,""erased"":true,""height"":0.180748,""left"":0.268365,""top"":0.108535,""width"":0.531064}",7.05931,6.9837179,-0.075592041,0.0008593711,0.00092685077,0.020912673,0.018171258,-0.020053302,-0.017244407,0.0028088947,0.87164319,1.0238311,48.182513,49.330753,False,0.9655388,False,False,False,0.87164319,1.0238311,48.182513,49.330753,0.83423309,1.025425,40.711459,41.74655,0.96552511,1.0198422,25.770751,26.2821,0.82054137,0.81526761,7.3643396,6.0039075,0.85702728,1.0965319,13.954628,15.301694,0.83392838,0.98951734,18.786477,18.589545,0.79911764,0.99416857,18.742305,18.633011,0.84774595,1.052288,26.537748,27.925355
init,init,-1,,9937,169.Magnolia_Warbler/Magnolia_Warbler_0032_165960.jpg,169,168,169.Magnolia_Warbler,129,128,identity,identity,0,{},6.313447,6.313447,0,0.0018117774,0.0018117774,0.026884111,0.026884111,-0.025072333,-0.025072333,0,1,1,42.861247,42.861247,False,1.0000001,True,False,False,1,1,42.861247,42.861247,1,1,35.765486,35.765486,1,1,23.620256,23.620256,1,1,4.3281487,4.3281487,1,1,11.132791,11.132791,1,1,14.650073,14.650073,1,1,15.117942,15.117942,1,1,26.330995,26.330995
init,init,-1,,9937,169.Magnolia_Warbler/Magnolia_Warbler_0032_165960.jpg,169,168,169.Magnolia_Warbler,129,128,horizontal_flip,horizontal_flip,0,"{""flipped"":true}",6.313447,6.3385053,0.02505827,0.0018117774,0.001766941,0.026884111,0.023331612,-0.025072333,-0.021564671,0.003507662,0.66835716,1.065212,42.861247,45.656313,False,0.9644559,True,False,False,0.66835716,1.065212,42.861247,45.656313,0.5525608,1.0960244,35.765486,39.199846,0.96443488,0.99095643,23.620256,23.406645,0.3267072,1.0837563,4.3281487,4.6906582,0.44217495,1.2205223,11.132791,13.587819,0.47482276,1.1935176,14.650073,17.485121,0.40261876,1.0759746,15.117942,16.266522,0.66212726,1.0467538,26.330995,27.562069
init,init,-1,,9937,169.Magnolia_Warbler/Magnolia_Warbler_0032_165960.jpg,169,168,169.Magnolia_Warbler,129,128,color_jitter,color_jitter,0,"{""brightness"":0.642229,""contrast"":1.125032,""hue"":0.05201,""saturation"":0.618737}",6.313447,5.9957075,-0.31773949,0.0018117774,0.0024894157,0.026884111,0.021612126,-0.025072333,-0.019122711,0.0059496226,0.78570854,1.0808939,42.861247,46.328461,False,0.96189046,True,False,False,0.78570854,1.0808939,42.861247,46.328461,0.72572231,1.1363074,35.765486,40.640588,0.96188541,0.94161356,23.620256,22.241154,0.46686034,1.6152571,4.3281487,6.9910728,0.50285423,1.3517692,11.132791,15.048963,0.69067342,1.3048435,14.650073,19.116053,0.7004628,1.1342231,15.117942,17.147119,0.82480351,1.0168363,26.330995,26.774312
init,init,-1,,9937,169.Magnolia_Warbler/Magnolia_Warbler_0032_165960.jpg,169,168,169.Magnolia_Warbler,129,128,rotation,rotation,0,"{""angle"":4.956194}",6.313447,6.8691607,0.55571365,0.0018117774,0.001039349,0.026884111,0.023442116,-0.025072333,-0.022402767,0.0026695667,0.75749741,1.1393305,42.861247,48.833125,False,0.94993675,True,False,False,0.75749741,1.1393305,42.861247,48.833125,0.6841261,1.1767306,35.765486,42.086342,0.94991261,1.0485574,23.620256,24.767195,0.48619848,1.1022059,4.3281487,4.770511,0.55696059,1.195634,11.132791,13.310743,0.59524245,1.2338505,14.650073,18.075999,0.5768967,1.2033552,15.117942,18.192254,0.78014553,1.1479345,26.330995,30.226258
init,init,-1,,9937,169.Magnolia_Warbler/Magnolia_Warbler_0032_165960.jpg,169,168,169.Magnolia_Warbler,129,128,random_resized_crop,random_resized_crop,0,"{""area_fraction"":0.714162,""aspect"":1.263547,""fallback"":false,""height"":0.751801,""left"":0.047954,""top"":0.196271,""width"":0.949935}",6.313447,6.7455492,0.4321022,0.0018117774,0.0011761023,0.026884111,0.03247086,-0.025072333,-0.031294757,-0.006222424,0.73072656,1.1913018,42.861247,51.060683,False,0.95630383,True,False,False,0.73072656,1.1913018,42.861247,51.060683,0.63930508,1.2148925,35.765486,43.451221,0.95620623,1.1353653,23.620256,26.817619,0.21767066,1.2937937,4.3281487,5.5997317,0.40556681,1.3654769,11.132791,15.201568,0.50197835,1.2245733,14.650073,17.940088,0.55880796,1.224889,15.117942,18.5178,0.77339859,1.1772023,26.330995,30.996908
init,init,-1,,9937,169.Magnolia_Warbler/Magnolia_Warbler_0032_165960.jpg,169,168,169.Magnolia_Warbler,129,128,gaussian_blur,gaussian_blur,0,"{""sigma"":1.093201}",6.313447,6.2332692,-0.080177784,0.0018117774,0.0019630243,0.026884111,0.020710526,-0.025072333,-0.018747502,0.0063248315,0.75026663,1.119846,42.861247,47.997998,False,0.94875848,True,False,False,0.75026663,1.119846,42.861247,47.997998,0.6738907,1.1546879,35.765486,41.297973,0.94872464,1.0355463,23.620256,24.459869,0.60041391,1.4983427,4.3281487,6.4850502,0.58084758,1.3545702,11.132791,15.080147,0.54752665,1.1823921,14.650073,17.322131,0.55904569,1.1409396,15.117942,17.248658,0.78204175,1.0997146,26.330995,28.956579
init,init,-1,,9937,169.Magnolia_Warbler/Magnolia_Warbler_0032_165960.jpg,169,168,169.Magnolia_Warbler,129,128,random_erasing,random_erasing,0,"{""area_fraction"":0.060415,""erased"":true,""height"":0.183251,""left"":0.249099,""top"":0.689605,""width"":0.329682}",6.313447,5.9817767,-0.33167028,0.0018117774,0.002524337,0.026884111,0.021361323,-0.025072333,-0.018836986,0.0062353472,0.82875812,0.94301014,42.861247,40.418591,False,0.95646924,True,False,False,0.82875812,0.94301014,42.861247,40.418591,0.77242734,0.93957944,35.765486,33.604515,0.95642386,0.95082921,23.620256,22.45883,0.79759024,0.80105938,4.3281487,3.4671041,0.69372474,0.91058943,11.132791,10.137402,0.6745992,0.95134426,14.650073,13.937263,0.67872453,0.94001486,15.117942,14.21109,0.84699305,0.94432828,26.330995,24.865103
init,init,-1,,9237,158.Bay_breasted_Warbler/Bay_Breasted_Warbler_0062_159783.jpg,158,157,158.Bay_breasted_Warbler,129,128,identity,identity,0,{},6.6920285,6.6920285,0,0.0012407632,0.0012407632,0.028043605,0.028043605,-0.026802842,-0.026802842,0,1,1,50.91797,50.91797,False,1.0000001,True,False,False,1,1,50.91797,50.91797,1,1,42.968425,42.968425,1,1,27.319482,27.319482,1,1,5.5401264,5.5401264,1,1,14.897335,14.897335,1,1,18.511941,18.511941,1,1,20.234211,20.234211,1,1,29.009424,29.009424
init,init,-1,,9237,158.Bay_breasted_Warbler/Bay_Breasted_Warbler_0062_159783.jpg,158,157,158.Bay_breasted_Warbler,129,128,horizontal_flip,horizontal_flip,0,"{""flipped"":true}",6.6920285,6.7935343,0.10150576,0.0012407632,0.0011209995,0.028043605,0.029557735,-0.026802842,-0.028436735,-0.0016338931,0.67107492,1.0616545,50.91797,54.057292,False,0.96992904,True,False,False,0.67107492,1.0616545,50.91797,54.057292,0.55552915,1.07444,42.968425,46.166996,0.96987202,1.0293443,27.319482,28.121153,0.4892798,1.088511,5.5401264,6.0304888,0.26353901,0.97873176,14.897335,14.580495,0.51762432,1.0949561,18.511941,20.269762,0.48707781,1.123996,20.234211,22.743172,0.68073507,1.0648971,29.009424,30.892051
init,init,-1,,9237,158.Bay_breasted_Warbler/Bay_Breasted_Warbler_0062_159783.jpg,158,157,158.Bay_breasted_Warbler,129,128,color_jitter,color_jitter,0,"{""brightness"":1.296523,""contrast"":0.851232,""hue"":0.096889,""saturation"":0.704018}",6.6920285,6.493073,-0.19895554,0.0012407632,0.0015138899,0.028043605,0.037108209,-0.026802842,-0.035594319,-0.008791477,0.8010494,0.97480618,50.91797,49.635152,False,0.9603219,True,False,False,0.8010494,0.97480618,50.91797,49.635152,0.73550199,0.96934866,42.968425,41.651385,0.96021207,0.98817716,27.319482,26.996488,0.66141443,1.1399039,5.5401264,6.315212,0.64335959,1.072386,14.897335,15.975694,0.69165962,0.97885503,18.511941,18.120506,0.69428027,0.88852523,20.234211,17.978607,0.80485749,0.96775487,29.009424,28.074012
init,init,-1,,9237,158.Bay_breasted_Warbler/Bay_Breasted_Warbler_0062_159783.jpg,158,157,158.Bay_breasted_Warbler,129,128,rotation,rotation,0,"{""angle"":10.586473}",6.6920285,6.4415836,-0.25044489,0.0012407632,0.0015938809,0.028043605,0.032155182,-0.026802842,-0.030561301,-0.0037584591,0.71147638,1.0139806,50.91797,51.629833,False,0.94432414,True,False,False,0.71147638,1.0139806,50.91797,51.629833,0.62438175,1.0339788,42.968425,44.428442,0.94418913,0.96272694,27.319482,26.301202,0.32737866,1.1659193,5.5401264,6.4593402,0.47434386,1.0374251,14.897335,15.45487,0.60311579,1.0730483,18.511941,19.864207,0.55646493,1.0610374,20.234211,21.469255,0.7235165,0.99776829,29.009424,28.944684
init,init,-1,,9237,158.Bay_breasted_Warbler/Bay_Breasted_Warbler_0062_159783.jpg,158,157,158.Bay_breasted_Warbler,129,128,random_resized_crop,random_resized_crop,0,"{""area_fraction"":0.652229,""aspect"":0.913432,""fallback"":false,""height"":0.84501,""left"":0.108658,""top"":0.12209,""width"":0.771859}",6.6920285,6.9415226,0.24949408,0.0012407632,0.00096679624,0.028043605,0.035367984,-0.026802842,-0.034401188,-0.0075983459,0.71448967,0.97555628,50.91797,49.673346,False,0.96082658,True,False,False,0.71448967,0.97555628,50.91797,49.673346,0.61153101,0.96551848,42.968425,41.486808,0.96072083,0.99995436,27.319482,27.318236,0.095454282,1.0665509,5.5401264,5.9088266,0.37692452,0.96066961,14.897335,14.311417,0.64079843,1.0529803,18.511941,19.492709,0.55115202,0.91189002,20.234211,18.451375,0.71181621,0.95094362,29.009424,27.586327
init,init,-1,,9237,158.Bay_breasted_Warbler/Bay_Breasted_Warbler_0062_159783.jpg,158,157,158.Bay_breasted_Warbler,129,128,gaussian_blur,gaussian_blur,0,"{""sigma"":1.868029}",6.6920285,7.3333912,0.64136267,0.0012407632,0.00065335416,0.028043605,0.022871785,-0.026802842,-0.022218431,0.0045844115,0.58354268,1.0936849,50.91797,55.688217,False,0.89609289,False,False,False,0.58354268,1.0936849,50.91797,55.688217,0.4566457,1.0919879,42.968425,46.921,0.89577639,1.0978717,27.319482,29.993286,0.56837863,1.3085941,5.5401264,7.2497766,0.3406256,1.0365752,14.897335,15.442208,0.38425838,1.2000929,18.511941,22.216049,0.3377657,1.0572567,20.234211,21.392755,0.57341476,1.067704,29.009424,30.973479
init,init,-1,,9237,158.Bay_breasted_Warbler/Bay_Breasted_Warbler_0062_159783.jpg,158,157,158.Bay_breasted_Warbler,129,128,random_erasing,random_erasing,0,"{""area_fraction"":0.051625,""erased"":true,""height"":0.147436,""left"":0.532613,""top"":0.364444,""width"":0.350152}",6.6920285,6.8995028,0.20747423,0.0012407632,0.0010082865,0.028043605,0.026538061,-0.026802842,-0.025529774,0.0012730677,0.8204441,0.99418637,50.91797,50.621952,False,0.97270495,True,False,False,0.8204441,0.99418637,50.91797,50.621952,0.75715003,0.98538984,42.968425,42.340649,0.9726212,1.0156194,27.319482,27.746197,0.82437108,1.0840298,5.5401264,6.0056622,0.63757434,0.95110416,14.897335,14.168917,0.62668069,0.84864067,18.511941,15.709986,0.76820329,0.99767975,20.234211,20.187263,0.82595244,1.0350513,29.009424,30.026241
init,init,-1,,8240,141.Artic_Tern/Artic_Tern_0080_140889.jpg,141,140,141.Artic_Tern,129,128,identity,identity,0,{},3.7568495,3.7568495,0,0.023357211,0.023357211,0.031839576,0.031839576,-0.0084823649,-0.0084823649,0,1,1,53.44069,53.44069,False,1,True,False,False,1,1,53.44069,53.44069,1,1,41.615586,41.615586,1,1,33.526861,33.526861,1,1,9.6091685,9.6091685,1,1,14.085464,14.085464,1,1,16.121593,16.121593,1,1,17.162443,17.162443,1,1,29.776926,29.776926
init,init,-1,,8240,141.Artic_Tern/Artic_Tern_0080_140889.jpg,141,140,141.Artic_Tern,129,128,horizontal_flip,horizontal_flip,0,"{""flipped"":true}",3.7568495,4.0743713,0.31752181,0.023357211,0.017002897,0.031839576,0.026282445,-0.0084823649,-0.0092795473,-0.00079718232,0.73599841,0.93285167,53.44069,49.852237,False,0.9677856,True,False,False,0.73599841,0.93285167,53.44069,49.852237,0.60325055,0.97180137,41.615586,40.442083,0.96749406,0.86943214,33.526861,29.149331,0.33569887,0.78355452,9.6091685,7.5293075,0.50313609,1.0882018,14.085464,15.327828,0.52100164,1.0076127,16.121593,16.244323,0.45784739,0.99231577,17.162443,17.030563,0.73135574,0.94392343,29.776926,28.107138
init,init,-1,,8240,141.Artic_Tern/Artic_Tern_0080_140889.jpg,141,140,141.Artic_Tern,129,128,color_jitter,color_jitter,0,"{""brightness"":1.081502,""contrast"":0.651572,""hue"":0.053877,""saturation"":1.363877}",3.7568495,4.0653229,0.30847335,0.023357211,0.017157452,0.031839576,0.030207826,-0.0084823649,-0.013050374,-0.0045680087,0.87115133,0.97740511,53.44069,52.233204,False,0.97498035,True,False,False,0.87115133,0.97740511,53.44069,52.233204,0.81460138,1.0240394,41.615586,42.616001,0.97475253,0.90084143,33.526861,30.202386,0.81437848,1.0804492,9.6091685,10.382219,0.75062544,1.1673682,14.085464,16.442922,0.73939369,1.1254177,16.121593,18.143526,0.7742898,1.0210546,17.162443,17.523791,0.87823587,0.95087639,29.776926,28.314176
init,init,-1,,8240,141.Artic_Tern/Artic_Tern_0080_140889.jpg,141,140,141.Artic_Tern,129,128,rotation,rotation,0,"{""angle"":8.34874}",3.7568495,4.2241778,0.46732831,0.023357211,0.014637366,0.031839576,0.022772783,-0.0084823649,-0.0081354175,0.00034694746,0.72909963,0.98721766,53.44069,52.757593,False,0.94835728,False,False,False,0.72909963,0.98721766,53.44069,52.757593,0.58837604,0.99076536,41.615586,41.23128,0.94793142,0.98172653,33.526861,32.914209,-0.0021393479,0.93474619,9.6091685,8.9821337,0.17185317,0.89392139,14.085464,12.591298,0.57455048,0.93658472,16.121593,15.099238,0.50799677,0.9876147,17.162443,16.949881,0.75538454,1.0326521,29.776926,30.749204
init,init,-1,,8240,141.Artic_Tern/Artic_Tern_0080_140889.jpg,141,140,141.Artic_Tern,129,128,random_resized_crop,random_resized_crop,0,"{""area_fraction"":0.644905,""aspect"":1.309138,""fallback"":false,""height"":0.701867,""left"":0.061033,""top"":0.0029,""width"":0.918841}",3.7568495,3.7804689,0.023619413,0.023357211,0.022811988,0.031839576,0.017319035,-0.0084823649,0.0054929536,0.013975319,0.66890984,0.94986468,53.44069,50.761424,False,0.93420601,False,False,False,0.66890984,0.94986468,53.44069,50.761424,0.51162678,0.9798899,41.615586,40.778692,0.93371896,0.90164908,33.526861,30.229464,0.26802513,1.3779403,9.6091685,13.240861,0.36522612,1.1414953,14.085464,16.07849,0.3240188,0.99679936,16.121593,16.069994,0.40706003,0.89492155,17.162443,15.35904,0.69395556,0.91041576,29.776926,27.109383
init,init,-1,,8240,141.Artic_Tern/Artic_Tern_0080_140889.jpg,141,140,141.Artic_Tern,129,128,gaussian_blur,gaussian_blur,0,"{""sigma"":1.011583}",3.7568495,3.861733,0.10488343,0.023357211,0.021031523,0.031839576,0.018933749,-0.0084823649,0.0020977743,0.010580139,0.81189655,0.96691645,53.44069,51.672683,False,0.94946265,False,False,False,0.81189655,0.96691645,53.44069,51.672683,0.73624702,1.0138567,41.615586,42.192241,0.94911898,0.88976035,33.526861,29.830872,0.45149103,0.76651834,9.6091685,7.3656039,0.67095296,1.0854982,14.085464,15.289746,0.71097292,1.112447,16.121593,17.934417,0.66516796,1.0405868,17.162443,17.859011,0.81345956,0.98000908,29.776926,29.181658
init,init,-1,,8240,141.Artic_Tern/Artic_Tern_0080_140889.jpg,141,140,141.Artic_Tern,129,128,random_erasing,random_erasing,0,"{""area_fraction"":0.167406,""erased"":true,""height"":0.405551,""left"":0.063437,""top"":0.00498,""width"":0.412787}",3.7568495,4.5002308,0.74338126,0.023357211,0.011106432,0.031839576,0.023013918,-0.0084823649,-0.011907485,-0.0034251204,0.75532255,0.99459135,53.44069,53.151648,False,0.91691315,False,False,False,0.75532255,0.99459135,53.44069,53.151648,0.67345959,1.0626684,41.615586,44.223568,0.91653551,0.87944838,33.526861,29.485144,0.58085762,1.0871427,9.6091685,10.446537,0.57608054,1.0862421,14.085464,15.300224,0.63545667,1.0032045,16.121593,16.173255,0.62115444,1.2019362,17.162443,20.628161,0.74117214,1.0216104,29.776926,30.420418
init,init,-1,,2115,038.Great_Crested_Flycatcher/Great_Crested_Flycatcher_0084_29716.jpg,38,37,038.Great_Crested_Flycatcher,129,128,identity,identity,0,{},5.1276455,5.1276455,0,0.0059305066,0.0059305066,0.046794932,0.046794932,-0.040864426,-0.040864426,0,1,1,59.143651,59.143651,False,1,True,False,False,1,1,59.143651,59.143651,1,1,50.160103,50.160103,1,1,31.33585,31.33585,1,1,13.724666,13.724666,1,1,18.302746,18.302746,1,1,21.240675,21.240675,1,1,20.505342,20.505342,1,1,33.48199,33.48199
init,init,-1,,2115,038.Great_Crested_Flycatcher/Great_Crested_Flycatcher_0084_29716.jpg,38,37,038.Great_Crested_Flycatcher,129,128,horizontal_flip,horizontal_flip,0,"{""flipped"":true}",5.1276455,5.1171241,-0.010521412,0.0059305066,0.0059932345,0.046794932,0.022317555,-0.040864426,-0.01632432,0.024540105,0.67080888,0.81548863,59.143651,48.230974,False,0.9487856,True,False,False,0.67080888,0.81548863,59.143651,48.230974,0.56276888,0.81601108,50.160103,40.9312,0.94827686,0.81414839,31.33585,25.512032,0.55717714,0.46782829,13.724666,6.4207871,0.4190729,0.77722273,18.302746,14.22531,0.48123481,0.76246175,21.240675,16.195202,0.44162051,0.84907806,20.505342,17.410636,0.68392051,0.8791005,33.48199,29.434034
init,init,-1,,2115,038.Great_Crested_Flycatcher/Great_Crested_Flycatcher_0084_29716.jpg,38,37,038.Great_Crested_Flycatcher,129,128,color_jitter,color_jitter,0,"{""brightness"":1.226767,""contrast"":1.208678,""hue"":0.094967,""saturation"":1.311673}",5.1276455,5.4314394,0.30379391,0.0059305066,0.0043767914,0.046794932,0.032774594,-0.040864426,-0.028397802,0.012466623,0.70536511,1.0552873,59.143651,62.413546,False,0.90802681,False,False,False,0.70536511,1.0552873,59.143651,62.413546,0.63019667,1.0685867,50.160103,53.600417,0.90760919,1.0204195,31.33585,31.975711,0.78908422,0.93394698,13.724666,12.818111,0.51727641,0.85703894,18.302746,15.686166,0.51654765,1.054713,21.240675,22.402817,0.53760273,1.2020132,20.505342,24.647692,0.72218854,1.0986965,33.48199,36.786546
init,init,-1,,2115,038.Great_Crested_Flycatcher/Great_Crested_Flycatcher_0084_29716.jpg,38,37,038.Great_Crested_Flycatcher,129,128,rotation,rotation,0,"{""angle"":7.826897}",5.1276455,4.9899483,-0.13769722,0.0059305066,0.0068060155,0.046794932,0.044688284,-0.040864426,-0.037882269,0.0029821568,0.77693253,0.96647426,59.143651,57.160816,False,0.96284407,True,False,False,0.77693253,0.96647426,59.143651,57.160816,0.70044649,0.94996197,50.160103,47.65019,0.96266465,1.0075498,31.33585,31.572428,0.78411212,0.75003534,13.724666,10.293985,0.6065267,0.94562459,18.302746,17.307527,0.66831318,0.96639658,21.240675,20.526915,0.608352,0.93349113,20.505342,19.141555,0.76535804,0.98028229,33.48199,32.821802
init,init,-1,,2115,038.Great_Crested_Flycatcher/Great_Crested_Flycatcher_0084_29716.jpg,38,37,038.Great_Crested_Flycatcher,129,128,random_resized_crop,random_resized_crop,0,"{""area_fraction"":0.727526,""aspect"":0.980724,""fallback"":false,""height"":0.861293,""left"":0.031725,""top"":0.016575,""width"":0.84469}",5.1276455,4.9786997,-0.14894581,0.0059305066,0.006883007,0.046794932,0.033677723,-0.040864426,-0.026794716,0.014069709,0.72908492,0.97793908,59.143651,57.838887,False,0.93995082,True,False,False,0.72908492,0.97793908,59.143651,57.838887,0.65110924,0.99107986,50.160103,49.712668,0.93961963,0.94343318,31.33585,29.56328,0.61899377,0.69665029,13.724666,9.5612927,0.47380522,0.97182807,18.302746,17.787122,0.66899134,1.1084429,21.240675,23.544076,0.58792386,1.029267,20.505342,21.105472,0.73177658,0.97412713,33.48199,32.615715
init,init,-1,,2115,038.Great_Crested_Flycatcher/Great_Crested_Flycatcher_0084_29716.jpg,38,37,038.Great_Crested_Flycatcher,129,128,gaussian_blur,gaussian_blur,0,"{""sigma"":1.007066}",5.1276455,5.1305494,0.0029039383,0.0059305066,0.0059133116,0.046794932,0.038620111,-0.040864426,-0.032706799,0.0081576267,0.74088017,1.0406327,59.143651,61.546818,False,0.94448715,True,False,False,0.74088017,1.0406327,59.143651,61.546818,0.66718397,1.0597496,50.160103,53.157149,0.94428458,0.98996571,31.33585,31.021417,0.31458763,0.89981476,13.724666,12.349657,0.43367862,1.0498708,18.302746,19.215518,0.66503429,1.0887236,21.240675,23.125223,0.67090225,1.1038026,20.505342,22.633849,0.78775542,1.0588467,33.48199,35.452295
init,init,-1,,2115,038.Great_Crested_Flycatcher/Great_Crested_Flycatcher_0084_29716.jpg,38,37,038.Great_Crested_Flycatcher,129,128,random_erasing,random_erasing,0,"{""area_fraction"":0.188378,""erased"":true,""height"":0.673864,""left"":0.409293,""top"":0.062893,""width"":0.279549}",5.1276455,5.1410918,0.013446331,0.0059305066,0.0058512972,0.046794932,0.022808673,-0.040864426,-0.016957376,0.02390705,0.67905029,1.0791224,59.143651,63.823241,False,0.88227713,False,False,False,0.67905029,1.0791224,59.143651,63.823241,0.60846616,1.1077567,50.160103,55.565191,0.88151971,1.0020246,31.33585,31.399293,0.83964246,1.0982279,13.724666,15.072812,0.71299028,1.2385502,18.302746,22.66887,0.53343262,1.1316138,21.240675,24.036241,0.48645245,1.080477,20.505342,22.155551,0.61245976,1.0676343,33.48199,35.746521
init,init,-1,,2563,045.Northern_Fulmar/Northern_Fulmar_0041_44013.jpg,45,44,045.Northern_Fulmar,129,128,identity,identity,0,{},4.610146,4.610146,0,0.009950364,0.009950364,0.021003768,0.021003768,-0.011053404,-0.011053404,0,1,1,50.643849,50.643849,False,1,True,False,False,1,1,50.643849,50.643849,1,1,43.757492,43.757492,1,1,25.496693,25.496693,1,1,7.8331424,7.8331424,1,1,17.451772,17.451772,1,1,18.861393,18.861393,1,1,19.296534,19.296534,1,1,28.64764,28.64764
init,init,-1,,2563,045.Northern_Fulmar/Northern_Fulmar_0041_44013.jpg,45,44,045.Northern_Fulmar,129,128,horizontal_flip,horizontal_flip,0,"{""flipped"":true}",4.610146,4.3714962,-0.23864985,0.009950364,0.012632324,0.021003768,0.027601242,-0.011053404,-0.014968918,-0.0039155139,0.63393556,1.1256293,50.643849,57.006202,False,0.96445739,False,False,False,0.63393556,1.1256293,50.643849,57.006202,0.50922466,1.0902334,43.757492,47.705879,0.96419667,1.2239496,25.496693,31.206668,0.10902509,1.2044048,7.8331424,9.4342746,0.39127716,1.0792287,17.451772,18.834453,0.4849587,1.0530695,18.861393,19.862358,0.39543834,1.028772,19.296534,19.851734,0.64098055,1.1276082,28.64764,32.303315
init,init,-1,,2563,045.Northern_Fulmar/Northern_Fulmar_0041_44013.jpg,45,44,045.Northern_Fulmar,129,128,color_jitter,color_jitter,0,"{""brightness"":1.040027,""contrast"":1.186635,""hue"":0.021552,""saturation"":1.235431}",4.610146,4.590909,-0.019237041,0.009950364,0.010143633,0.021003768,0.020989761,-0.011053404,-0.010846128,0.00020727608,0.89422902,0.99809122,50.643849,50.547181,False,0.98475713,True,False,False,0.89422902,0.99809122,50.643849,50.547181,0.86326241,0.99612152,43.757492,43.587779,0.98475255,1.0038702,25.496693,25.595371,0.85270476,1.3180911,7.8331424,10.324796,0.79819937,0.87379302,17.451772,15.249236,0.85988118,0.97863122,18.861393,18.458348,0.84897803,1.0140042,19.296534,19.566767,0.89901801,1.0100011,28.64764,28.934148
init,init,-1,,2563,045.Northern_Fulmar/Northern_Fulmar_0041_44013.jpg,45,44,045.Northern_Fulmar,129,128,rotation,rotation,0,"{""angle"":-0.334819}",4.610146,4.2946682,-0.31547785,0.009950364,0.013641094,0.021003768,0.024692805,-0.011053404,-0.011051712,1.6922131e-06,0.87474858,1.0299764,50.643849,52.161971,False,0.98322004,True,False,False,0.87474858,1.0299764,50.643849,52.161971,0.83571537,1.0093485,43.757492,44.166559,0.98318224,1.088464,25.496693,27.752232,0.64863643,0.84293002,7.8331424,6.6027909,0.75666315,0.90007071,17.451772,15.707828,0.82134762,1.0610196,18.861393,20.012307,0.82585661,1.0325951,19.296534,19.925508,0.88721051,1.0253562,28.64764,29.374034
init,init,-1,,2563,045.Northern_Fulmar/Northern_Fulmar_0041_44013.jpg,45,44,045.Northern_Fulmar,129,128,random_resized_crop,random_resized_crop,0,"{""area_fraction"":0.593548,""aspect"":0.885678,""fallback"":false,""height"":0.818634,""left"":0.002778,""top"":0.143269,""width"":0.725046}",4.610146,4.5494008,-0.060745239,0.009950364,0.01057354,0.021003768,0.033021685,-0.011053404,-0.022448145,-0.011394741,0.67540107,1.0572803,50.643849,53.544745,False,0.93672758,True,False,False,0.67540107,1.0572803,50.643849,53.544745,0.57632508,1.0208849,43.757492,44.671362,0.93656176,1.1578495,25.496693,29.521333,0.54940782,1.1484163,7.8331424,8.9957084,0.51175957,0.75444329,17.451772,13.166372,0.54903624,1.0388523,18.861393,19.594201,0.51037362,0.99635973,19.296534,19.22629,0.64197868,1.0970273,28.64764,31.427243
init,init,-1,,2563,045.Northern_Fulmar/Northern_Fulmar_0041_44013.jpg,45,44,045.Northern_Fulmar,129,128,gaussian_blur,gaussian_blur,0,"{""sigma"":1.686723}",4.610146,4.3933873,-0.21675873,0.009950364,0.012358794,0.021003768,0.027575023,-0.011053404,-0.015216229,-0.0041628256,0.5776014,1.2045719,50.643849,61.00416,False,0.8887955,True,False,False,0.5776014,1.2045719,50.643849,61.00416,0.48042187,1.2274585,43.757492,53.710505,0.88865083,1.1344835,25.496693,28.925579,0.6925312,1.4936549,7.8331424,11.700012,0.33135369,1.3253637,17.451772,23.129944,0.47855653,1.3407765,18.861393,25.288913,0.37487308,1.1602116,19.296534,22.388063,0.57744604,1.1429964,28.64764,32.74415
init,init,-1,,2563,045.Northern_Fulmar/Northern_Fulmar_0041_44013.jpg,45,44,045.Northern_Fulmar,129,128,random_erasing,random_erasing,0,"{""area_fraction"":0.170842,""erased"":true,""height"":0.444004,""left"":0.320294,""top"":0.305367,""width"":0.384776}",4.610146,4.2968268,-0.31331921,0.009950364,0.013611686,0.021003768,0.010659747,-0.011053404,0.0029519396,0.014005343,0.5131172,1.1611227,50.643849,58.803722,False,0.81157839,False,False,False,0.5131172,1.1611227,50.643849,58.803722,0.41764118,1.1772669,43.757492,51.514245,0.81140389,1.1122117,25.496693,28.35772,0.46896604,1.3993,7.8331424,10.960916,0.19712352,1.2587761,17.451772,21.967874,0.53384895,1.2646866,18.861393,23.85375,0.3929214,1.1041659,19.296534,21.306576,0.4614465,1.1192091,28.64764,32.0627
init,init,-1,,2526,044.Frigatebird/Frigatebird_0082_42989.jpg,44,43,044.Frigatebird,171,170,identity,identity,0,{},4.099267,4.099267,0,0.016584827,0.016584827,0.032895152,0.032895152,-0.016310325,-0.016310325,0,1,1,64.701988,64.701988,False,0.99999988,True,False,False,1,1,64.701988,64.701988,1,1,55.772758,55.772758,1,1,32.798577,32.798577,1,1,13.160051,13.160051,1,1,22.752302,22.752302,1,1,23.451916,23.451916,1,1,21.900813,21.900813,1,1,37.284158,37.284158
init,init,-1,,2526,044.Frigatebird/Frigatebird_0082_42989.jpg,44,43,044.Frigatebird,171,170,horizontal_flip,horizontal_flip,0,"{""flipped"":true}",4.099267,4.027247,-0.072020054,0.016584827,0.017823333,0.032895152,0.037044283,-0.016310325,-0.01922095,-0.0029106252,0.73052778,1.0063497,64.701988,65.112829,False,0.97355503,True,False,False,0.73052778,1.0063497,64.701988,65.112829,0.6457312,1.0038861,55.772758,55.989499,0.97343617,1.0134397,32.798577,33.239381,0.28981374,0.98808125,13.160051,13.0032,0.52842699,0.94090084,22.752302,21.40766,0.67347174,0.99747268,23.451916,23.392646,0.52380037,1.0734432,21.900813,23.509277,0.76514203,1.0062542,37.284158,37.517342
init,init,-1,,2526,044.Frigatebird/Frigatebird_0082_42989.jpg,44,43,044.Frigatebird,171,170,color_jitter,color_jitter,0,"{""brightness"":1.154491,""contrast"":0.617929,""hue"":-0.047442,""saturation"":1.252719}",4.099267,4.6071849,0.50791788,0.016584827,0.0099798739,0.032895152,0.033371717,-0.016310325,-0.023391843,-0.0070815179,0.80305502,0.97339737,64.701988,62.980745,False,0.96143848,True,False,False,0.80305502,0.97339737,64.701988,62.980745,0.75258091,0.99042102,55.772758,55.238512,0.96130393,0.92240622,32.798577,30.253611,0.62841011,1.0920822,13.160051,14.371857,0.61439018,0.86183971,22.752302,19.608837,0.77317698,1.0711025,23.451916,25.119407,0.70626412,1.039949,21.900813,22.775727,0.8281869,0.9709507,37.284158,36.201079
init,init,-1,,2526,044.Frigatebird/Frigatebird_0082_42989.jpg,44,43,044.Frigatebird,171,170,rotation,rotation,0,"{""angle"":2.39386}",4.099267,4.4327898,0.3335228,0.016584827,0.011881295,0.032895152,0.032134648,-0.016310325,-0.020253354,-0.0039430289,0.77083212,0.91378815,64.701988,59.12391,False,0.95833182,True,False,False,0.77083212,0.91378815,64.701988,59.12391,0.70616886,0.91429488,55.772758,50.992748,0.95821653,0.9123213,32.798577,29.92284,0.3397295,0.86818488,13.160051,11.425357,0.64650445,0.86907862,22.752302,19.773539,0.65915656,0.91810764,23.451916,21.531384,0.6214389,0.98864289,21.900813,21.652083,0.8229806,0.9080876,37.284158,33.857281
init,init,-1,,2526,044.Frigatebird/Frigatebird_0082_42989.jpg,44,43,044.Frigatebird,171,170,random_resized_crop,random_resized_crop,0,"{""area_fraction"":0.848549,""aspect"":1.124569,""fallback"":false,""height"":0.868651,""left"":0.006257,""top"":0.052996,""width"":0.976858}",4.099267,4.229291,0.13002396,0.016584827,0.01456271,0.032895152,0.030856846,-0.016310325,-0.016294136,1.618918e-05,0.81906622,1.0819073,64.701988,70.001552,False,0.9861598,True,False,False,0.81906622,1.0819073,64.701988,70.001552,0.76875009,1.1112953,55.772758,61.980004,0.98608265,0.99204349,32.798577,32.537615,0.68567175,1.3172843,13.160051,17.335528,0.67447708,1.133671,22.752302,25.793626,0.73124738,1.1693023,23.451916,27.422379,0.68631183,1.1975993,21.900813,26.228398,0.87818023,1.0162923,37.284158,37.891602
init,init,-1,,2526,044.Frigatebird/Frigatebird_0082_42989.jpg,44,43,044.Frigatebird,171,170,gaussian_blur,gaussian_blur,0,"{""sigma"":1.013345}",4.099267,4.4768496,0.37758255,0.016584827,0.011369173,0.032895152,0.040778238,-0.016310325,-0.029409065,-0.01309874,0.73503972,0.98202783,64.701988,63.539153,False,0.93604875,True,False,False,0.73503972,0.98202783,64.701988,63.539153,0.67143651,1.0009731,55.772758,55.827031,0.93577689,0.9250657,32.798577,30.340839,0.19511403,0.9341874,13.160051,12.293954,0.66423097,1.0002339,22.752302,22.757624,0.67229934,1.0926473,23.451916,25.624674,0.57658092,1.0479871,21.900813,22.95177,0.77038059,0.95363766,37.284158,35.555577
init,init,-1,,2526,044.Frigatebird/Frigatebird_0082_42989.jpg,44,43,044.Frigatebird,171,170,random_erasing,random_erasing,0,"{""area_fraction"":0.053908,""erased"":true,""height"":0.283494,""left"":0.441931,""top"":0.637241,""width"":0.190157}",4.099267,3.9387312,-0.16053581,0.016584827,0.019472906,0.032895152,0.037172846,-0.016310325,-0.01769994,-0.0013896152,0.88736878,0.98631532,64.701988,63.816562,False,0.95937437,True,False,False,0.88736878,0.98631532,64.701988,63.816562,0.86236758,0.98463791,55.772758,54.915972,0.95920092,0.99114969,32.798577,32.508299,0.73334886,0.80705956,13.160051,10.620945,0.90583183,1.0737497,22.752302,24.430278,0.87760085,0.96813721,23.451916,22.704673,0.82321576,0.97320668,21.900813,21.314017,0.86848207,0.98046655,37.284158,36.555869
init,init,-1,,6959,119.Field_Sparrow/Field_Sparrow_0027_113353.jpg,119,118,119.Field_Sparrow,129,128,identity,identity,0,{},6.2455282,6.2455282,0,0.0019391055,0.0019391055,0.023120083,0.023120083,-0.021180977,-0.021180977,0,1,1,54.442375,54.442375,False,0.99999994,True,False,False,1,1,54.442375,54.442375,1,1,46.918272,46.918272,1,1,27.616082,27.616082,1,1,8.4062266,8.4062266,1,1,19.880463,19.880463,1,1,20.17776,20.17776,1,1,19.144067,19.144067,1,1,31.012731,31.012731
init,init,-1,,6959,119.Field_Sparrow/Field_Sparrow_0027_113353.jpg,119,118,119.Field_Sparrow,129,128,horizontal_flip,horizontal_flip,0,"{""flipped"":true}",6.2455282,6.2124839,-0.033044338,0.0019391055,0.002004253,0.023120083,0.022159912,-0.021180977,-0.020155659,0.0010253188,0.69877238,0.90763878,54.442375,49.414011,False,0.96476322,True,False,False,0.69877238,0.90763878,54.442375,49.414011,0.59640042,0.87782948,46.918272,41.186243,0.96469239,0.98865253,27.616082,27.302709,0.41731597,0.86719008,8.4062266,7.2897963,0.55173812,0.74894815,19.880463,14.889436,0.53068818,0.80806087,20.17776,16.304858,0.43678439,0.89425852,19.144067,17.119745,0.70907933,0.94699703,31.012731,29.368964
init,init,-1,,6959,119.Field_Sparrow/Field_Sparrow_0027_113353.jpg,119,118,119.Field_Sparrow,129,128,color_jitter,color_jitter,0,"{""brightness"":1.18375,""contrast"":0.958964,""hue"":-0.00081,""saturation"":1.332677}",6.2455282,6.4068518,0.16132355,0.0019391055,0.0016502111,0.023120083,0.020191135,-0.021180977,-0.018540924,0.0026400536,0.9299934,0.99538279,54.442375,54.191004,False,0.9917205,True,False,False,0.9299934,0.99538279,54.442375,54.191004,0.90827145,0.99080962,46.918272,46.487076,0.99170161,1.0084666,27.616082,27.849896,0.7979038,1.0132697,8.4062266,8.5177747,0.91100145,0.91750256,19.880463,18.240376,0.87088555,0.97681065,20.17776,19.709851,0.87976582,1.0131945,19.144067,19.396664,0.94282658,1.0151106,31.012731,31.481353
init,init,-1,,6959,119.Field_Sparrow/Field_Sparrow_0027_113353.jpg,119,118,119.Field_Sparrow,129,128,rotation,rotation,0,"{""angle"":5.080577}",6.2455282,6.0728559,-0.17267227,0.0019391055,0.0023045829,0.023120083,0.022349199,-0.021180977,-0.020044616,0.001136361,0.81128044,0.95633937,54.442375,52.065387,False,0.95680964,True,False,False,0.81128044,0.95633937,54.442375,52.065387,0.75888364,0.94557765,46.918272,44.36487,0.9567512,0.98674414,27.616082,27.250007,0.54454551,0.95963328,8.4062266,8.0668948,0.72602871,0.87366033,19.880463,17.368772,0.70219945,0.87783863,20.17776,17.712817,0.72115641,0.99933598,19.144067,19.131355,0.82514343,0.97895831,31.012731,30.360171
init,init,-1,,6959,119.Field_Sparrow/Field_Sparrow_0027_113353.jpg,119,118,119.Field_Sparrow,129,128,random_resized_crop,random_resized_crop,0,"{""area_fraction"":0.638827,""aspect"":1.200821,""fallback"":false,""height"":0.729378,""left"":0.109624,""top"":0.019136,""width"":0.875852}",6.2455282,6.5653858,0.3198576,0.0019391055,0.0014082803,0.023120083,0.02966263,-0.021180977,-0.028254349,-0.0070733718,0.67192376,1.1373854,54.442375,61.921964,False,0.95478106,True,False,False,0.67192376,1.1373854,54.442375,61.921964,0.57705159,1.1463273,46.918272,53.783694,0.95467274,1.111172,27.616082,30.686217,0.16877687,1.2081784,8.4062266,10.156221,0.49160536,1.2356281,19.880463,24.56486,0.50296597,1.2135773,20.17776,24.487271,0.53852752,1.1777061,19.144067,22.546084,0.70774886,1.0587661,31.012731,32.835229
init,init,-1,,6959,119.Field_Sparrow/Field_Sparrow_0027_113353.jpg,119,118,119.Field_Sparrow,129,128,gaussian_blur,gaussian_blur,0,"{""sigma"":1.846619}",6.2455282,6.7166224,0.47109413,0.0019391055,0.0012106203,0.023120083,0.021170955,-0.021180977,-0.019960335,0.0012206426,0.65222616,1.5091417,54.442375,82.161258,False,0.91556472,True,False,False,0.65222616,1.5091417,54.442375,82.161258,0.59659228,1.6191911,46.918272,75.969648,0.91535174,1.1330475,27.616082,31.290333,0.22094618,1.9074961,8.4062266,16.034844,0.66236388,1.9975965,19.880463,39.713144,0.56265645,1.9017805,20.17776,38.373671,0.56662938,1.6660052,19.144067,31.894116,0.6713597,1.2267297,31.012731,38.044238
init,init,-1,,6959,119.Field_Sparrow/Field_Sparrow_0027_113353.jpg,119,118,119.Field_Sparrow,129,128,random_erasing,random_erasing,0,"{""area_fraction"":0.07261,""erased"":true,""height"":0.178638,""left"":0.136446,""top"":0.586407,""width"":0.406466}",6.2455282,6.1475368,-0.097991467,0.0019391055,0.0021387432,0.023120083,0.020425595,-0.021180977,-0.018286852,0.0028941253,0.80481119,0.99698073,54.442375,54.277999,False,0.96085715,True,False,False,0.80481119,0.99698073,54.442375,54.277999,0.75146888,1.0002067,46.918272,46.927972,0.96079163,0.98760996,27.616082,27.273917,0.83969764,1.2828064,8.4062266,10.783562,0.77223033,0.93002689,19.880463,18.489365,0.67876214,0.99454516,20.17776,20.067693,0.68125476,1.0127909,19.144067,19.388937,0.79583554,1.0019009,31.012731,31.071684
init,init,-1,,10368,177.Prothonotary_Warbler/Prothonotary_Warbler_0112_174594.jpg,177,176,177.Prothonotary_Warbler,4,3,identity,identity,0,{},5.9026899,5.9026899,0,0.0027320853,0.0027320853,0.025679989,0.025679989,-0.022947903,-0.022947903,0,1,1,55.638913,55.638913,False,0.99999994,True,False,False,1,1,55.638913,55.638913,1,1,47.772422,47.772422,1,1,28.521647,28.521647,1,1,13.610582,13.610582,1,1,20.027095,20.027095,1,1,17.667964,17.667964,1,1,20.27122,20.27122,1,1,31.189621,31.189621
init,init,-1,,10368,177.Prothonotary_Warbler/Prothonotary_Warbler_0112_174594.jpg,177,176,177.Prothonotary_Warbler,4,3,horizontal_flip,horizontal_flip,0,"{""flipped"":true}",5.9026899,5.6858811,-0.2168088,0.0027320853,0.0033935418,0.025679989,0.022814779,-0.022947903,-0.019421237,0.0035266667,0.63352615,0.96606386,55.638913,53.750743,False,0.96180773,True,False,False,0.63352615,0.96606386,55.638913,53.750743,0.51758138,0.968299,47.772422,46.257988,0.96171599,0.95976546,28.521647,27.374091,0.65319709,0.81797413,13.610582,11.133104,0.51254597,0.96347856,20.027095,19.295677,0.25964977,1.0308917,17.667964,18.213757,0.37438443,0.98419333,20.27122,19.950799,0.64887732,0.9691818,31.189621,30.228413
init,init,-1,,10368,177.Prothonotary_Warbler/Prothonotary_Warbler_0112_174594.jpg,177,176,177.Prothonotary_Warbler,4,3,color_jitter,color_jitter,0,"{""brightness"":0.611577,""contrast"":1.358545,""hue"":-0.051668,""saturation"":0.901554}",5.9026899,5.6075649,-0.29512501,0.0027320853,0.0036699958,0.025679989,0.030149292,-0.022947903,-0.026479296,-0.0035313929,0.75839215,1.1096809,55.638913,61.74144,False,0.93731117,False,False,False,0.75839215,1.1096809,55.638913,61.74144,0.69782595,1.1229906,47.772422,53.647982,0.93710528,1.0714588,28.521647,30.559769,0.58828854,1.3759109,13.610582,18.726948,0.64939892,1.1307298,20.027095,22.645234,0.58782737,1.178526,17.667964,20.822156,0.70923091,1.1390211,20.27122,23.089347,0.78817386,1.0378966,31.189621,32.371602
init,init,-1,,10368,177.Prothonotary_Warbler/Prothonotary_Warbler_0112_174594.jpg,177,176,177.Prothonotary_Warbler,4,3,rotation,rotation,0,"{""angle"":-1.515146}",5.9026899,5.833477,-0.069212914,0.0027320853,0.0029278796,0.025679989,0.025235917,-0.022947903,-0.022308038,0.00063986564,0.84665412,0.98742619,55.638913,54.93932,False,0.97603458,True,False,False,0.84665412,0.98742619,55.638913,54.93932,0.80006325,0.98460755,47.772422,47.037087,0.9759965,0.99529119,28.521647,28.387344,0.7966133,0.82139333,13.610582,11.179641,0.7292461,0.89549556,20.027095,17.934175,0.73631634,1.0329902,17.667964,18.250834,0.77441366,1.0341149,20.27122,20.96277,0.86281477,1.0105048,31.189621,31.517263
init,init,-1,,10368,177.Prothonotary_Warbler/Prothonotary_Warbler_0112_174594.jpg,177,176,177.Prothonotary_Warbler,4,3,random_resized_crop,random_resized_crop,0,"{""area_fraction"":0.574496,""aspect"":0.93944,""fallback"":false,""height"":0.782004,""left"":0.169073,""top"":0.113389,""width"":0.734646}",5.9026899,6.0363388,0.13364887,0.0027320853,0.0023902943,0.025679989,0.024025075,-0.022947903,-0.021634781,0.0013131227,0.67687014,1.1263813,55.638913,62.670632,False,0.93615019,False,False,False,0.67687014,1.1263813,55.638913,62.670632,0.59232901,1.1494108,47.772422,54.910136,0.93597743,1.0591032,28.521647,30.207367,0.68351299,1.1462179,13.610582,15.600692,0.58108188,1.1353038,20.027095,22.736837,0.48313276,1.3625704,17.667964,24.073845,0.4820273,1.142271,20.27122,23.155226,0.67668368,1.0820911,31.189621,33.75001
init,init,-1,,10368,177.Prothonotary_Warbler/Prothonotary_Warbler_0112_174594.jpg,177,176,177.Prothonotary_Warbler,4,3,gaussian_blur,gaussian_blur,0,"{""sigma"":1.459461}",5.9026899,5.5166769,-0.38601303,0.0027320853,0.0040191808,0.025679989,0.03191698,-0.022947903,-0.027897799,-0.0049498954,0.6882355,0.99681972,55.638913,55.461965,False,0.93691945,True,False,False,0.6882355,0.99681972,55.638913,55.461965,0.60123271,1.0014616,47.772422,47.842248,0.93681307,0.98368003,28.521647,28.056174,0.49668163,0.73216493,13.610582,9.9651908,0.53578549,0.89220173,20.027095,17.868209,0.43211303,1.2630606,17.667964,22.31571,0.58687687,1.0442571,20.27122,21.168366,0.7306976,0.97471072,31.189621,30.400858
init,init,-1,,10368,177.Prothonotary_Warbler/Prothonotary_Warbler_0112_174594.jpg,177,176,177.Prothonotary_Warbler,4,3,random_erasing,random_erasing,0,"{""area_fraction"":0.173642,""erased"":true,""height"":0.686149,""left"":0.199487,""top"":0.130158,""width"":0.253068}",5.9026899,4.932601,-0.97008896,0.0027320853,0.0072077308,0.025679989,0.038214941,-0.022947903,-0.03100721,-0.0080593063,0.56736502,1.046136,55.638913,58.205867,False,0.87487191,True,False,False,0.56736502,1.046136,55.638913,58.205867,0.45258756,1.0323764,47.772422,49.319119,0.87457745,1.083806,28.521647,30.911931,0.38059561,0.83579509,13.610582,11.375658,0.4021369,0.86538902,20.027095,17.331229,0.35940945,1.1805444,17.667964,20.857816,0.37141518,1.0952999,20.27122,22.203064,0.55575779,1.0510129,31.189621,32.780694
init,init,-1,,6810,117.Clay_colored_Sparrow/Clay_Colored_Sparrow_0064_110664.jpg,117,116,117.Clay_colored_Sparrow,95,94,identity,identity,0,{},5.7594776,5.7594776,0,0.0031527574,0.0031527574,0.02207897,0.02207897,-0.018926213,-0.018926213,0,1,1,44.14081,44.14081,False,0.99999994,True,False,False,1,1,44.14081,44.14081,1,1,36.70028,36.70028,1,1,24.525508,24.525508,1,1,5.379079,5.379079,1,1,12.18558,12.18558,1,1,15.637343,15.637343,1,1,16.189011,16.189011,1,1,25.746401,25.746401
init,init,-1,,6810,117.Clay_colored_Sparrow/Clay_Colored_Sparrow_0064_110664.jpg,117,116,117.Clay_colored_Sparrow,95,94,horizontal_flip,horizontal_flip,0,"{""flipped"":true}",5.7594776,5.6861091,-0.073368549,0.0031527574,0.0033927683,0.02207897,0.023818707,-0.018926213,-0.020425939,-0.0014997257,0.6707001,1.1206135,44.14081,49.464789,False,0.95447397,True,False,False,0.6707001,1.1206135,44.14081,49.464789,0.54835833,1.1321765,36.70028,41.551194,0.95441345,1.0942782,24.525508,26.837728,0.343512,1.2962885,5.379079,6.9728381,0.46772528,1.0924346,12.18558,13.31195,0.54783123,1.2193433,15.637343,19.067289,0.41488731,1.1003287,16.189011,17.813234,0.63006898,1.1120839,25.746401,28.632157
init,init,-1,,6810,117.Clay_colored_Sparrow/Clay_Colored_Sparrow_0064_110664.jpg,117,116,117.Clay_colored_Sparrow,95,94,color_jitter,color_jitter,0,"{""brightness"":0.891745,""contrast"":1.127771,""hue"":0.035881,""saturation"":1.367818}",5.7594776,5.6552043,-0.10427332,0.0031527574,0.0034992585,0.02207897,0.012519105,-0.018926213,-0.0090198468,0.0099063662,0.83403652,0.96219595,44.14081,42.472109,False,0.9551242,False,False,False,0.83403652,0.96219595,44.14081,42.472109,0.78022642,0.96343688,36.70028,35.358404,0.95504145,0.95941136,24.525508,23.530051,0.48392065,0.85509937,5.379079,4.5996471,0.62438089,0.98329409,12.18558,11.982009,0.81272812,0.96463039,15.637343,15.084256,0.74119329,0.90503761,16.189011,14.651664,0.82973161,0.98511133,25.746401,25.363071
init,init,-1,,6810,117.Clay_colored_Sparrow/Clay_Colored_Sparrow_0064_110664.jpg,117,116,117.Clay_colored_Sparrow,95,94,rotation,rotation,0,"{""angle"":-1.412195}",5.7594776,5.5806808,-0.17879677,0.0031527574,0.0037699984,0.02207897,0.019188598,-0.018926213,-0.015418599,0.0035076137,0.78328646,1.0752179,44.14081,47.460987,False,0.97332931,False,False,False,0.78328646,1.0752179,44.14081,47.460987,0.70184623,1.087854,36.70028,39.924546,0.97329585,1.0463692,24.525508,25.662735,0.089136889,1.0452264,5.379079,5.6223552,0.5587212,1.1982538,12.18558,14.601418,0.62456231,1.1334531,15.637343,17.724195,0.66563329,1.0967499,16.189011,17.755296,0.81338812,1.0420227,25.746401,26.828333
init,init,-1,,6810,117.Clay_colored_Sparrow/Clay_Colored_Sparrow_0064_110664.jpg,117,116,117.Clay_colored_Sparrow,95,94,random_resized_crop,random_resized_crop,0,"{""area_fraction"":0.638628,""aspect"":0.814004,""fallback"":false,""height"":0.885749,""left"":0.095559,""top"":0.08097,""width"":0.721003}",5.7594776,5.7670913,0.0076136589,0.0031527574,0.0031288452,0.02207897,0.013523418,-0.018926213,-0.010394573,0.0085316398,0.66688037,0.97171359,44.14081,42.892225,False,0.93718731,False,False,False,0.66688037,0.97171359,44.14081,42.892225,0.54803629,0.97621623,36.70028,35.827409,0.93711289,0.96155458,24.525508,23.582614,0.23839101,1.5455005,5.379079,8.3133691,0.36989675,1.0001982,12.18558,12.187996,0.48766513,0.91186964,15.637343,14.259218,0.49699943,0.99288375,16.189011,16.073806,0.65878648,0.95475578,25.746401,24.581525
init,init,-1,,6810,117.Clay_colored_Sparrow/Clay_Colored_Sparrow_0064_110664.jpg,117,116,117.Clay_colored_Sparrow,95,94,gaussian_blur,gaussian_blur,0,"{""sigma"":1.987829}",5.7594776,5.1695585,-0.58991909,0.0031527574,0.0056870775,0.02207897,0.013565071,-0.018926213,-0.0078779934,0.01104822,0.53227069,1.1254586,44.14081,49.678652,False,0.86397719,False,False,False,0.53227069,1.1254586,44.14081,49.678652,0.41710063,1.1933933,36.70028,43.797868,0.86387148,0.95598454,24.525508,23.446006,-0.216143,2.1537675,5.379079,11.585286,0.21050376,1.709263,12.18558,20.828361,0.40244012,1.19675,15.637343,18.71399,0.42543153,1.145672,16.189011,18.547297,0.58380485,0.99479773,25.746401,25.612461
init,init,-1,,6810,117.Clay_colored_Sparrow/Clay_Colored_Sparrow_0064_110664.jpg,117,116,117.Clay_colored_Sparrow,95,94,random_erasing,random_erasing,0,"{""area_fraction"":0.075462,""erased"":true,""height"":0.17074,""left"":0.244738,""top"":0.75478,""width"":0.441972}",5.7594776,5.6800323,-0.079445362,0.0031527574,0.0034134476,0.02207897,0.021515884,-0.018926213,-0.018102436,0.00082377717,0.89353864,1.0709833,44.14081,47.27407,False,0.97170341,False,False,False,0.89353864,1.0709833,44.14081,47.27407,0.86408989,1.1064731,36.70028,40.607872,0.97165287,0.98689487,24.525508,24.204098,0.91916893,1.3311694,5.379079,7.1604656,0.88264309,1.1894876,12.18558,14.494596,0.87425192,1.1902979,15.637343,18.613096,0.83524685,1.1352588,16.189011,18.378718,0.86915731,1.0301192,25.746401,26.521861
init,init,-1,,1601,029.American_Crow/American_Crow_0132_25704.jpg,29,28,029.American_Crow,129,128,identity,identity,0,{},5.5747209,5.5747209,0,0.0037925341,0.0037925341,0.039507236,0.039507236,-0.035714702,-0.035714702,0,1,1,56.99563,56.99563,False,1,True,False,False,1,1,56.99563,56.99563,1,1,49.032082,49.032082,1,1,29.057818,29.057818,1,1,13.647546,13.647546,1,1,19.178014,19.178014,1,1,17.395279,17.395279,1,1,21.322769,21.322769,1,1,33.058087,33.058087
init,init,-1,,1601,029.American_Crow/American_Crow_0132_25704.jpg,29,28,029.American_Crow,129,128,horizontal_flip,horizontal_flip,0,"{""flipped"":true}",5.5747209,5.5346942,-0.040026665,0.0037925341,0.0039474149,0.039507236,0.021617146,-0.035714702,-0.017669731,0.018044971,0.65782148,0.89346522,56.99563,50.923613,False,0.96245384,False,False,False,0.65782148,0.89346522,56.99563,50.923613,0.55614566,0.90430913,49.032082,44.340159,0.96215926,0.86184226,29.057818,25.043255,0.55545645,0.83370596,13.647546,11.37804,0.50155251,0.85745447,19.178014,16.444274,0.38030154,1.0793613,17.395279,18.775791,0.46427454,0.93066399,21.322769,19.844333,0.68038837,0.86614165,33.058087,28.632986
init,init,-1,,1601,029.American_Crow/American_Crow_0132_25704.jpg,29,28,029.American_Crow,129,128,color_jitter,color_jitter,0,"{""brightness"":0.67593,""contrast"":0.852742,""hue"":-0.073279,""saturation"":0.697542}",5.5747209,5.5788507,0.0041298866,0.0037925341,0.0037769028,0.039507236,0.043929961,-0.035714702,-0.040153058,-0.0044383556,0.79305145,1.0670812,56.99563,60.818964,False,0.97118127,True,False,False,0.79305145,1.0670812,56.99563,60.818964,0.73494952,1.0846854,49.032082,53.184385,0.97109869,1.0152859,29.057818,29.501993,0.5647037,1.2580069,13.647546,17.168706,0.696373,1.220431,19.178014,23.405443,0.65540461,1.2193526,17.395279,21.210979,0.69860343,1.0032635,21.322769,21.392357,0.83930609,0.9934008,33.058087,32.83993
init,init,-1,,1601,029.American_Crow/American_Crow_0132_25704.jpg,29,28,029.American_Crow,129,128,rotation,rotation,0,"{""angle"":6.637665}",5.5747209,5.6449847,0.070263863,0.0037925341,0.0035352018,0.039507236,0.025069563,-0.035714702,-0.021534361,0.014180341,0.68502723,0.93299203,56.99563,53.176468,False,0.9398188,True,False,False,0.68502723,0.93299203,56.99563,53.176468,0.58440411,0.8972125,49.032082,43.992197,0.93959443,1.0280695,29.057818,29.873456,0.40645596,0.76695903,13.647546,10.467109,0.46671996,0.69503828,19.178014,13.329454,0.41425795,0.91245883,17.395279,15.872476,0.49039462,0.91668187,21.322769,19.546196,0.72615216,0.96329744,33.058087,31.84477
init,init,-1,,1601,029.American_Crow/American_Crow_0132_25704.jpg,29,28,029.American_Crow,129,128,random_resized_crop,random_resized_crop,0,"{""area_fraction"":0.531327,""aspect"":0.775487,""fallback"":false,""height"":0.827739,""left"":0.056098,""top"":0.032987,""width"":0.641901}",5.5747209,5.7306137,0.15589285,0.0037925341,0.0032450845,0.039507236,0.030815288,-0.035714702,-0.027570204,0.0081444983,0.66100536,0.90166741,56.99563,51.391102,False,0.93147141,True,False,False,0.66100536,0.90166741,56.99563,51.391102,0.56731014,0.90462616,49.032082,44.355704,0.93124039,0.89318923,29.057818,25.95413,0.30126158,0.59955779,13.647546,8.1824925,0.49530056,0.82856367,19.178014,15.890206,0.3498877,1.0158858,17.395279,17.671618,0.53496793,0.95359241,21.322769,20.333231,0.70696079,0.91864284,33.058087,30.368574
init,init,-1,,1601,029.American_Crow/American_Crow_0132_25704.jpg,29,28,029.American_Crow,129,128,gaussian_blur,gaussian_blur,0,"{""sigma"":1.628452}",5.5747209,5.8564224,0.28170156,0.0037925341,0.0028614623,0.039507236,0.020417169,-0.035714702,-0.017555706,0.018158996,0.60987067,0.99199758,56.99563,56.539527,False,0.9221555,True,False,False,0.60987067,0.99199758,56.99563,56.539527,0.5238876,1.0391392,49.032082,50.951159,0.92183506,0.84346078,29.057818,24.50913,0.62955979,1.1236774,13.647546,15.335439,0.40138405,0.91541421,19.178014,17.555826,0.25466451,1.3795945,17.395279,23.998431,0.4243476,1.062443,21.322769,22.654227,0.71199635,0.93896191,33.058087,31.040284
init,init,-1,,1601,029.American_Crow/American_Crow_0132_25704.jpg,29,28,029.American_Crow,129,128,random_erasing,random_erasing,0,"{""area_fraction"":0.059431,""erased"":true,""height"":0.183959,""left"":0.595372,""top"":0.264205,""width"":0.323068}",5.5747209,5.3915014,-0.18321943,0.0037925341,0.004555128,0.039507236,0.02922307,-0.035714702,-0.024667941,0.011046761,0.79368648,0.96361505,56.99563,54.921847,False,0.95106786,True,False,False,0.79368648,0.96361505,56.99563,54.921847,0.74006688,0.9704384,49.032082,47.582615,0.95087488,0.94391677,29.057818,27.428161,0.44930426,1.0072165,13.647546,13.746034,0.7422008,1.0488446,19.178014,20.114756,0.70174828,1.0632578,17.395279,18.495665,0.74848944,0.94721184,21.322769,20.197179,0.80549714,0.91778699,33.058087,30.340282
init,init,-1,,10767,183.Northern_Waterthrush/Northern_Waterthrush_0016_177345.jpg,183,182,183.Northern_Waterthrush,58,57,identity,identity,0,{},4.1620889,4.1620889,0,0.015574993,0.015574993,0.02029491,0.02029491,-0.0047199177,-0.0047199177,0,1,1,53.532726,53.532726,False,0.99999988,True,False,False,1,1,53.532726,53.532726,1,1,47.088551,47.088551,1,1,25.464116,25.464116,1,1,7.9670193,7.9670193,1,1,18.376466,18.376466,1,1,23.687583,23.687583,1,1,20.728523,20.728523,1,1,28.72961,28.72961
init,init,-1,,10767,183.Northern_Waterthrush/Northern_Waterthrush_0016_177345.jpg,183,182,183.Northern_Waterthrush,58,57,horizontal_flip,horizontal_flip,0,"{""flipped"":true}",4.1620889,4.7094874,0.54739857,0.015574993,0.0090093948,0.02029491,0.017008737,-0.0047199177,-0.0079993419,-0.0032794243,0.60790114,1.0599867,53.532726,56.743976,False,0.93850148,False,False,False,0.60790114,1.0599867,53.532726,56.743976,0.50463118,1.0424776,47.088551,49.088761,0.93837448,1.1177897,25.464116,28.463527,0.42885806,0.90405549,7.9670193,7.2026275,0.5198023,0.92630038,18.376466,17.022127,0.38434172,0.97868567,23.687583,23.182698,0.3753998,1.0880119,20.728523,22.552879,0.64532976,1.1127484,28.72961,31.968828
init,init,-1,,10767,183.Northern_Waterthrush/Northern_Waterthrush_0016_177345.jpg,183,182,183.Northern_Waterthrush,58,57,color_jitter,color_jitter,0,"{""brightness"":0.993896,""contrast"":0.991549,""hue"":0.022081,""saturation"":1.172955}",4.1620889,4.2207675,0.058678627,0.015574993,0.014687367,0.02029491,0.020603627,-0.0047199177,-0.0059162602,-0.0011963425,0.92909105,1.0440929,53.532726,55.89314,False,0.99346644,True,False,False,0.92909105,1.0440929,53.532726,55.89314,0.9112091,1.0536444,47.088551,49.614587,0.99346179,1.010749,25.464116,25.737829,0.93145342,1.1011169,7.9670193,8.7726193,0.89501016,1.1338889,18.376466,20.836871,0.8944748,1.0846533,23.687583,25.692816,0.88215587,1.0255202,20.728523,21.257518,0.94715515,1.0078923,28.72961,28.956353
init,init,-1,,10767,183.Northern_Waterthrush/Northern_Waterthrush_0016_177345.jpg,183,182,183.Northern_Waterthrush,58,57,rotation,rotation,0,"{""angle"":5.497094}",4.1620889,4.3247619,0.162673,0.015574993,0.013236706,0.02029491,0.017550517,-0.0047199177,-0.0043138107,0.00040610693,0.70542193,0.92968281,53.532726,49.768455,False,0.949094,False,False,False,0.70542193,0.92968281,53.532726,49.768455,0.62855102,0.91102629,47.088551,42.898908,0.9490042,0.99082938,25.464116,25.230594,0.30409006,0.88954106,7.9670193,7.0869908,0.48260707,0.83045339,18.376466,15.260798,0.59246719,0.78782849,23.687583,18.661752,0.57696955,0.96882516,20.728523,20.082315,0.75431656,0.98796232,28.72961,28.383772
init,init,-1,,10767,183.Northern_Waterthrush/Northern_Waterthrush_0016_177345.jpg,183,182,183.Northern_Waterthrush,58,57,random_resized_crop,random_resized_crop,0,"{""area_fraction"":0.624601,""aspect"":0.855949,""fallback"":false,""height"":0.854235,""left"":0.146682,""top"":0.083072,""width"":0.731182}",4.1620889,3.9441319,-0.21795702,0.015574993,0.019368026,0.02029491,0.015870314,-0.0047199177,0.0034977123,0.00821763,0.63903911,0.99729121,53.532726,53.387717,False,0.9222061,False,False,True,0.63903911,0.99729121,53.532726,53.387717,0.55828359,1.0026601,47.088551,47.213812,0.92209274,0.97870922,25.464116,24.921965,0.5786775,1.3212575,7.9670193,10.526484,0.47106715,0.939711,18.376466,17.268567,0.55096784,0.9971141,23.687583,23.619222,0.44176066,1.0031746,20.728523,20.794329,0.65791368,1.0027051,28.72961,28.807325
init,init,-1,,10767,183.Northern_Waterthrush/Northern_Waterthrush_0016_177345.jpg,183,182,183.Northern_Waterthrush,58,57,gaussian_blur,gaussian_blur,0,"{""sigma"":1.101429}",4.1620889,4.1729507,0.010861874,0.015574993,0.015406733,0.02029491,0.014467509,-0.0047199177,0.00093922392,0.0056591416,0.68097183,0.84698155,53.532726,45.341231,False,0.89867246,False,False,True,0.68097183,0.84698155,53.532726,45.341231,0.61636582,0.84395323,47.088551,39.740535,0.89853346,0.8572563,25.464116,21.829273,0.44394971,1.2317623,7.9670193,9.8134742,0.45018481,0.83155683,18.376466,15.281075,0.67116719,0.90079824,23.687583,21.337733,0.56173791,0.88057846,20.728523,18.253091,0.71412739,0.74736083,28.72961,21.471385
init,init,-1,,10767,183.Northern_Waterthrush/Northern_Waterthrush_0016_177345.jpg,183,182,183.Northern_Waterthrush,58,57,random_erasing,random_erasing,0,"{""area_fraction"":0.059889,""erased"":true,""height"":0.296326,""left"":0.490047,""top"":0.621613,""width"":0.202105}",4.1620889,4.4138498,0.25176096,0.015574993,0.012108476,0.02029491,0.021331143,-0.0047199177,-0.0092226667,-0.0045027491,0.83760191,1.1338595,53.532726,60.698588,False,0.96189511,False,False,False,0.83760191,1.1338595,53.532726,60.698588,0.80300299,1.1447385,47.088551,53.904078,0.96181862,1.0958417,25.464116,27.90464,0.82340781,1.2828805,7.9670193,10.220733,0.81681428,1.1447199,18.376466,21.035906,0.79575705,1.105744,23.687583,26.192402,0.75703238,1.1523982,20.728523,23.887512,0.82504698,1.1554878,28.72961,33.196713
init,init,-1,,138,003.Sooty_Albatross/Sooty_Albatross_0055_1160.jpg,3,2,003.Sooty_Albatross,8,7,identity,identity,0,{},5.0842381,5.0842381,0,0.0061936048,0.0061936048,0.031007892,0.031007892,-0.024814287,-0.024814287,0,1,1,49.825841,49.825841,False,0.99999994,True,False,False,1,1,49.825841,49.825841,1,1,42.106819,42.106819,1,1,26.638885,26.638885,1,1,7.0897885,7.0897885,1,1,14.003933,14.003933,1,1,18.304517,18.304517,1,1,19.092351,19.092351,1,1,28.75823,28.75823
init,init,-1,,138,003.Sooty_Albatross/Sooty_Albatross_0055_1160.jpg,3,2,003.Sooty_Albatross,8,7,horizontal_flip,horizontal_flip,0,"{""flipped"":true}",5.0842381,5.1830983,0.098860264,0.0061936048,0.0056105959,0.031007892,0.023753759,-0.024814287,-0.018143163,0.0066711241,0.68355603,1.0572691,49.825841,52.679322,False,0.950122,False,False,False,0.68355603,1.0572691,49.825841,52.679322,0.5803001,1.0665581,42.106819,44.909371,0.94997973,1.033696,26.638885,27.536509,0.55803913,1.0602382,7.0897885,7.5168645,0.4377864,0.94931855,14.003933,13.294193,0.54300137,1.1369878,18.304517,20.812013,0.47312047,1.0692903,19.092351,20.415266,0.67690789,1.062525,28.75823,30.556338
init,init,-1,,138,003.Sooty_Albatross/Sooty_Albatross_0055_1160.jpg,3,2,003.Sooty_Albatross,8,7,color_jitter,color_jitter,0,"{""brightness"":0.863765,""contrast"":0.689232,""hue"":0.021901,""saturation"":1.316295}",5.0842381,4.9086504,-0.17558765,0.0061936048,0.007382445,0.031007892,0.028853588,-0.024814287,-0.021471143,0.003343144,0.8608807,1.0453455,49.825841,52.085221,False,0.98326516,True,False,False,0.8608807,1.0453455,49.825841,52.085221,0.81288598,1.0510182,42.106819,44.255034,0.98323153,1.0310362,26.638885,27.465655,0.54417673,1.3319037,7.0897885,9.4429157,0.70060897,1.1529629,14.003933,16.146016,0.81296307,1.0610864,18.304517,19.422674,0.79182885,0.99868955,19.092351,19.067331,0.87658163,1.0243732,28.75823,29.459161
init,init,-1,,138,003.Sooty_Albatross/Sooty_Albatross_0055_1160.jpg,3,2,003.Sooty_Albatross,8,7,rotation,rotation,0,"{""angle"":-12.48523}",5.0842381,5.306695,0.22245693,0.0061936048,0.004958286,0.031007892,0.042670917,-0.024814287,-0.037712631,-0.012898344,0.69733041,1.1007865,49.825841,54.847611,False,0.92641777,True,False,False,0.69733041,1.1007865,49.825841,54.847611,0.60502842,1.0983409,42.106819,46.247641,0.92618067,1.106873,26.638885,29.485863,0.73351004,1.6201271,7.0897885,11.486358,0.39860321,1.075468,14.003933,15.060782,0.5906329,1.0605583,18.304517,19.413008,0.52900924,1.0551327,19.092351,20.144963,0.68380181,1.0981755,28.75823,31.581582
init,init,-1,,138,003.Sooty_Albatross/Sooty_Albatross_0055_1160.jpg,3,2,003.Sooty_Albatross,8,7,random_resized_crop,random_resized_crop,0,"{""area_fraction"":0.856663,""aspect"":0.882063,""fallback"":false,""height"":0.985497,""left"":0.042104,""top"":0.001554,""width"":0.86927}",5.0842381,5.2727566,0.18851852,0.0061936048,0.0051294505,0.031007892,0.030734938,-0.024814287,-0.025605487,-0.00079120044,0.81348238,1.0655326,49.825841,53.091058,False,0.97861874,True,False,False,0.81348238,1.0655326,49.825841,53.091058,0.74987343,1.0762161,42.106819,45.316037,0.9785772,1.03836,26.638885,27.660753,0.65468353,1.6593349,7.0897885,11.764333,0.52156049,1.0966427,14.003933,15.357312,0.7035749,1.0555753,18.304517,19.321796,0.73605476,1.0555355,19.092351,20.152653,0.8485625,1.0430843,28.75823,29.997257
init,init,-1,,138,003.Sooty_Albatross/Sooty_Albatross_0055_1160.jpg,3,2,003.Sooty_Albatross,8,7,gaussian_blur,gaussian_blur,0,"{""sigma"":1.825239}",5.0842381,5.3758535,0.29161549,0.0061936048,0.0046269689,0.031007892,0.029546598,-0.024814287,-0.024919629,-0.00010534236,0.61205045,1.1364995,49.825841,56.627044,False,0.87558156,True,False,False,0.61205045,1.1364995,49.825841,56.627044,0.52298151,1.1808023,42.106819,49.719831,0.87537426,1.0174141,26.638885,27.102777,0.22606091,1.539133,7.0897885,10.912128,0.29590222,1.2113868,14.003933,16.96418,0.45959683,1.3019551,18.304517,23.831658,0.49712871,1.1556495,19.092351,22.064065,0.65327937,1.105329,28.75823,31.787305
init,init,-1,,138,003.Sooty_Albatross/Sooty_Albatross_0055_1160.jpg,3,2,003.Sooty_Albatross,8,7,random_erasing,random_erasing,0,"{""area_fraction"":0.103842,""erased"":true,""height"":0.264268,""left"":0.142619,""top"":0.392669,""width"":0.39294}",5.0842381,4.9199781,-0.16425991,0.0061936048,0.007299291,0.031007892,0.035489764,-0.024814287,-0.028190473,-0.0033761864,0.76383294,1.1457535,49.825841,57.088133,False,0.94032437,True,False,False,0.76383294,1.1457535,49.825841,57.088133,0.69148814,1.1370518,42.106819,47.877633,0.94009883,1.1672111,26.638885,31.093203,0.57351813,1.1442519,7.0897885,8.1125042,0.6697215,1.0965626,14.003933,15.356189,0.72728484,1.1320799,18.304517,20.722175,0.64250162,1.0617941,19.092351,20.272145,0.70997001,1.1793386,28.75823,33.91569
init,init,-1,,11555,197.Marsh_Wren/Marsh_Wren_0103_188483.jpg,197,196,197.Marsh_Wren,129,128,identity,identity,0,{},6.0767498,6.0767498,0,0.0022956252,0.0022956252,0.042741373,0.042741373,-0.040445748,-0.040445748,0,1,1,55.092638,55.092638,False,0.99999988,True,False,False,1,1,55.092638,55.092638,1,1,46.384792,46.384792,1,1,29.726248,29.726248,1,1,12.173164,12.173164,1,1,15.982945,15.982945,1,1,19.017471,19.017471,1,1,20.248112,20.248112,1,1,31.245132,31.245132
init,init,-1,,11555,197.Marsh_Wren/Marsh_Wren_0103_188483.jpg,197,196,197.Marsh_Wren,129,128,horizontal_flip,horizontal_flip,0,"{""flipped"":true}",6.0767498,5.7535992,-0.32315063,0.0022956252,0.0031713457,0.042741373,0.034005295,-0.040445748,-0.03083395,0.0096117982,0.6767015,0.99692482,55.092638,54.923218,False,0.95026374,True,False,False,0.6767015,0.99692482,55.092638,54.923218,0.56406275,0.99603553,46.384792,46.200901,0.95012388,0.99908678,29.726248,29.699102,0.70604621,1.2123237,12.173164,14.757815,0.44790406,0.94149378,15.982945,15.047844,0.40723383,0.97668548,19.017471,18.574088,0.43880278,1.006684,20.248112,20.38345,0.68147687,0.97592161,31.245132,30.492799
init,init,-1,,11555,197.Marsh_Wren/Marsh_Wren_0103_188483.jpg,197,196,197.Marsh_Wren,129,128,color_jitter,color_jitter,0,"{""brightness"":1.331881,""contrast"":0.838661,""hue"":-0.081779,""saturation"":1.315849}",6.0767498,6.2892303,0.21248055,0.0022956252,0.0018561875,0.042741373,0.031858061,-0.040445748,-0.030001873,0.010443875,0.68231877,1.1072624,55.092638,61.002005,False,0.89108235,True,False,False,0.68231877,1.1072624,55.092638,61.002005,0.60359325,1.1309459,46.384792,52.458691,0.89075815,1.0473596,29.726248,31.134071,0.70959809,1.3341484,12.173164,16.240807,0.5186752,1.1019064,15.982945,17.611709,0.53012404,1.0950014,19.017471,20.824158,0.49918821,1.1292258,20.248112,22.864691,0.67889553,1.1185907,31.245132,34.950515
init,init,-1,,11555,197.Marsh_Wren/Marsh_Wren_0103_188483.jpg,197,196,197.Marsh_Wren,129,128,rotation,rotation,0,"{""angle"":8.510225}",6.0767498,5.9856796,-0.091070175,0.0022956252,0.0025145048,0.042741373,0.05652903,-0.040445748,-0.054014525,-0.013568777,0.71987405,1.07883,55.092638,59.435593,False,0.94963324,True,False,False,0.71987405,1.07883,55.092638,59.435593,0.62502571,1.0768929,46.384792,49.951454,0.94940946,1.0835322,29.726248,32.209347,0.29779471,0.84254921,12.173164,10.256489,0.53210326,1.1666909,15.982945,18.647157,0.57689365,1.1541439,19.017471,21.948899,0.57753416,1.0979062,20.248112,22.230527,0.7367042,1.0450915,31.245132,32.654023
init,init,-1,,11555,197.Marsh_Wren/Marsh_Wren_0103_188483.jpg,197,196,197.Marsh_Wren,129,128,random_resized_crop,random_resized_crop,0,"{""area_fraction"":0.747957,""aspect"":1.199595,""fallback"":false,""height"":0.789625,""left"":0.011788,""top"":0.022305,""width"":0.94723}",6.0767498,6.4196854,0.34293556,0.0022956252,0.0016291692,0.042741373,0.04885675,-0.040445748,-0.047227581,-0.0067818329,0.74801228,1.0133537,55.092638,55.82833,False,0.96066546,True,False,False,0.74801228,1.0133537,55.092638,55.82833,0.65256017,0.98135747,46.384792,45.520063,0.96047588,1.0873295,29.726248,32.322226,0.53592365,0.9318115,12.173164,11.343094,0.47494641,0.99530107,15.982945,15.907843,0.55587425,0.95328847,19.017471,18.129136,0.59246305,0.93824979,20.248112,18.997787,0.77246265,1.0124758,31.245132,31.634939
init,init,-1,,11555,197.Marsh_Wren/Marsh_Wren_0103_188483.jpg,197,196,197.Marsh_Wren,129,128,gaussian_blur,gaussian_blur,0,"{""sigma"":1.638991}",6.0767498,5.8689241,-0.20782566,0.0022956252,0.0028259112,0.042741373,0.04228073,-0.040445748,-0.039454819,0.00099092931,0.61515297,1.0613526,55.092638,58.472713,False,0.91500366,True,False,False,0.61515297,1.0613526,55.092638,58.472713,0.5033491,1.0877972,46.384792,50.457249,0.91487595,0.99402642,29.726248,29.548676,0.13033424,0.94249088,12.173164,11.473096,0.36417051,1.2332789,15.982945,19.71143,0.34640352,1.1310218,19.017471,21.509175,0.43925926,1.2126732,20.248112,24.554344,0.70754473,0.99174211,31.245132,30.987113
init,init,-1,,11555,197.Marsh_Wren/Marsh_Wren_0103_188483.jpg,197,196,197.Marsh_Wren,129,128,random_erasing,random_erasing,0,"{""area_fraction"":0.19873,""erased"":true,""height"":0.717979,""left"":0.586287,""top"":0.025374,""width"":0.276791}",6.0767498,6.1749763,0.098226547,0.0022956252,0.0020808547,0.042741373,0.027058417,-0.040445748,-0.024977562,0.015468186,0.82305021,0.93568095,55.092638,51.549132,False,0.96671832,True,False,False,0.82305021,0.93568095,55.092638,51.549132,0.76263604,0.92833319,46.384792,43.060542,0.96649593,0.9533348,29.726248,28.339067,0.88291338,0.82835063,12.173164,10.083648,0.66739496,0.86483953,15.982945,13.822683,0.72933902,0.914853,19.017471,17.398191,0.72934327,0.9933451,20.248112,20.113363,0.79838207,0.93541073,31.245132,29.227031
init,init,-1,,5018,086.Pacific_Loon/Pacific_Loon_0023_75476.jpg,86,85,086.Pacific_Loon,38,37,identity,identity,0,{},4.8931985,4.8931985,0,0.0074974061,0.0074974061,0.017921126,0.017921126,-0.010423719,-0.010423719,0,1,1,45.889559,45.889559,False,1,True,False,False,1,1,45.889559,45.889559,1,1,39.096747,39.096747,1,1,24.026985,24.026985,1,1,6.4708375,6.4708375,1,1,16.573762,16.573762,1,1,16.891997,16.891997,1,1,14.73816,14.73816,1,1,26.635341,26.635341
init,init,-1,,5018,086.Pacific_Loon/Pacific_Loon_0023_75476.jpg,86,85,086.Pacific_Loon,38,37,horizontal_flip,horizontal_flip,0,"{""flipped"":true}",4.8931985,4.6682258,-0.22497272,0.0074974061,0.0093889125,0.017921126,0.019801211,-0.010423719,-0.010412298,1.1421274e-05,0.65433099,0.9809218,45.889559,45.014069,False,0.94915599,True,False,False,0.65433099,0.9809218,45.889559,45.014069,0.53783409,0.96792568,39.096747,37.842746,0.94913871,1.0145291,24.026985,24.376075,0.57940193,0.83466541,6.4708375,5.4009842,0.39670857,0.79243084,16.573762,13.13356,0.59724887,0.89615899,16.891997,15.137915,0.42832122,1.0955789,14.73816,16.146817,0.5994395,1.02168,26.635341,27.212795
init,init,-1,,5018,086.Pacific_Loon/Pacific_Loon_0023_75476.jpg,86,85,086.Pacific_Loon,38,37,color_jitter,color_jitter,0,"{""brightness"":1.384971,""contrast"":0.610954,""hue"":0.009436,""saturation"":1.201139}",4.8931985,5.0142426,0.12104416,0.0074974061,0.0066426615,0.017921126,0.0161725,-0.010423719,-0.0095298388,0.00089388061,0.8630161,1.0286921,45.889559,47.206227,False,0.97703063,True,False,False,0.8630161,1.0286921,45.889559,47.206227,0.82471637,1.0533988,39.096747,41.184466,0.97702243,0.96020892,24.026985,23.070925,0.44112,1.4313968,6.4708375,9.2623361,0.84989184,1.1114232,16.573762,18.420463,0.83985148,1.0829998,16.891997,18.294029,0.77705296,1.0908487,14.73816,16.077104,0.86284394,0.9775256,26.635341,26.036727
init,init,-1,,5018,086.Pacific_Loon/Pacific_Loon_0023_75476.jpg,86,85,086.Pacific_Loon,38,37,rotation,rotation,0,"{""angle"":-11.972653}",4.8931985,4.6996617,-0.19353676,0.0074974061,0.0090983529,0.017921126,0.011197139,-0.010423719,-0.0020987857,0.0083249337,0.64863059,1.1019227,45.889559,50.566747,False,0.86935472,False,False,False,0.64863059,1.1019227,45.889559,50.566747,0.56715515,1.1084855,39.096747,43.338179,0.86927569,1.0843539,24.026985,26.053755,0.57079752,1.3293959,6.4708375,8.6023049,0.64314849,1.1491029,16.573762,19.044958,0.52406872,1.1277158,16.891997,19.049373,0.45291513,1.1802425,14.73816,17.394603,0.5949517,1.0458826,26.635341,27.857438
init,init,-1,,5018,086.Pacific_Loon/Pacific_Loon_0023_75476.jpg,86,85,086.Pacific_Loon,38,37,random_resized_crop,random_resized_crop,0,"{""area_fraction"":0.649689,""aspect"":1.315534,""fallback"":false,""height"":0.702751,""left"":0.016702,""top"":0.278897,""width"":0.924493}",4.8931985,4.8942785,0.0010800362,0.0074974061,0.0074893115,0.017921126,0.014033051,-0.010423719,-0.0065437397,0.0038799797,0.71750121,0.97874813,45.889559,44.91432,False,0.94285077,False,False,False,0.71750121,0.97874813,45.889559,44.91432,0.62685468,0.95959677,39.096747,37.517112,0.94280329,1.0277348,24.026985,24.693368,0.72903616,1.0839935,6.4708375,7.014346,0.51149711,0.89745301,16.573762,14.874172,0.60034251,1.0046883,16.891997,16.971192,0.5438965,0.97971181,14.73816,14.43915,0.70080349,0.95023026,26.635341,25.309707
init,init,-1,,5018,086.Pacific_Loon/Pacific_Loon_0023_75476.jpg,86,85,086.Pacific_Loon,38,37,gaussian_blur,gaussian_blur,0,"{""sigma"":1.512441}",4.8931985,4.819396,-0.073802471,0.0074974061,0.0080716619,0.017921126,0.0086279381,-0.010423719,-0.00055627618,0.0098674432,0.6978689,1.1239623,45.889559,51.578133,False,0.91341335,False,False,False,0.6978689,1.1239623,45.889559,51.578133,0.61310045,1.1101721,39.096747,43.404117,0.91321121,1.1596841,24.026985,27.863712,0.44794154,1.1910259,6.4708375,7.7069349,0.57789134,1.0434976,16.573762,17.294681,0.58075224,1.1280318,16.891997,19.054709,0.55839999,1.2012185,14.73816,17.70375,0.66979832,1.0938871,26.635341,29.136056
init,init,-1,,5018,086.Pacific_Loon/Pacific_Loon_0023_75476.jpg,86,85,086.Pacific_Loon,38,37,random_erasing,random_erasing,0,"{""area_fraction"":0.165955,""erased"":true,""height"":0.290027,""left"":0.075227,""top"":0.499288,""width"":0.572204}",4.8931985,4.7426219,-0.15057659,0.0074974061,0.0087157646,0.017921126,0.023802632,-0.010423719,-0.015086868,-0.0046631484,0.82998402,1.0703115,45.889559,49.116125,False,0.96100312,True,False,False,0.82998402,1.0703115,45.889559,49.116125,0.78539338,1.0943062,39.096747,42.783813,0.96095457,1.0040133,24.026985,24.123412,0.90469803,1.0514637,6.4708375,6.8038506,0.8308897,1.2677391,16.573762,21.011206,0.74314325,1.1671067,16.891997,19.714764,0.72671381,1.1168221,14.73816,16.459903,0.80555862,0.9812532,26.635341,26.136013
init,init,-1,,10036,171.Myrtle_Warbler/Myrtle_Warbler_0084_166747.jpg,171,170,171.Myrtle_Warbler,8,7,identity,identity,0,{},4.6043353,4.6043353,0,0.010008352,0.010008352,0.030363612,0.030363612,-0.02035526,-0.02035526,0,1,1,47.999757,47.999757,False,1,True,False,False,1,1,47.999757,47.999757,1,1,38.570001,38.570001,1,1,28.571519,28.571519,1,1,6.8602338,6.8602338,1,1,12.078857,12.078857,1,1,15.532503,15.532503,1,1,17.488444,17.488444,1,1,27.341892,27.341892
init,init,-1,,10036,171.Myrtle_Warbler/Myrtle_Warbler_0084_166747.jpg,171,170,171.Myrtle_Warbler,8,7,horizontal_flip,horizontal_flip,0,"{""flipped"":true}",4.6043353,4.6462007,0.041865349,0.010008352,0.009597999,0.030363612,0.028706308,-0.02035526,-0.019108309,0.0012469506,0.68644096,0.9424757,47.999757,45.238604,False,0.95111316,False,False,False,0.68644096,0.9424757,47.999757,45.238604,0.53371928,0.92431654,38.570001,35.65089,0.9509804,0.97469847,28.571519,27.848615,0.075641606,0.68503235,6.8602338,4.6994821,0.31538376,0.91494205,12.078857,11.051454,0.34358728,0.83367676,15.532503,12.949087,0.38391193,0.90325936,17.488444,15.796601,0.7059949,0.97423648,27.341892,26.637469
init,init,-1,,10036,171.Myrtle_Warbler/Myrtle_Warbler_0084_166747.jpg,171,170,171.Myrtle_Warbler,8,7,color_jitter,color_jitter,0,"{""brightness"":0.860943,""contrast"":1.170567,""hue"":0.030823,""saturation"":1.044687}",4.6043353,4.733367,0.12903166,0.010008352,0.0087967999,0.030363612,0.027496012,-0.02035526,-0.018699212,0.001656048,0.88055155,1.0087263,47.999757,48.418616,False,0.97594243,True,False,False,0.88055155,1.0087263,47.999757,48.418616,0.8291344,1.0145207,38.570001,39.130066,0.97587155,0.99808019,28.571519,28.516667,0.83362679,1.1852521,6.8602338,8.1311063,0.74649536,1.134623,12.078857,13.704948,0.75323546,1.0094485,15.532503,15.679261,0.77225832,0.97496421,17.488444,17.050607,0.89714086,0.99536103,27.341892,27.215054
init,init,-1,,10036,171.Myrtle_Warbler/Myrtle_Warbler_0084_166747.jpg,171,170,171.Myrtle_Warbler,8,7,rotation,rotation,0,"{""angle"":1.009462}",4.6043353,4.7753644,0.17102909,0.010008352,0.008435009,0.030363612,0.02183683,-0.02035526,-0.013401821,0.0069534387,0.87517227,0.90630149,47.999757,43.502251,False,0.98574501,False,False,False,0.87517227,0.90630149,47.999757,43.502251,0.81468609,0.90705533,38.570001,34.985125,0.98566038,0.90492613,28.571519,25.855114,0.68991632,0.90396347,6.8602338,6.2014008,0.67700022,0.92262525,12.078857,11.144258,0.79725986,0.97375416,15.532503,15.124839,0.75336803,0.91252989,17.488444,15.958728,0.88438702,0.87919408,27.341892,24.03883
init,init,-1,,10036,171.Myrtle_Warbler/Myrtle_Warbler_0084_166747.jpg,171,170,171.Myrtle_Warbler,8,7,random_resized_crop,random_resized_crop,0,"{""area_fraction"":0.867004,""aspect"":1.055274,""fallback"":false,""height"":0.906416,""left"":0.01427,""top"":0.041374,""width"":0.956518}",4.6043353,4.702879,0.098543644,0.010008352,0.0090691317,0.030363612,0.022279983,-0.02035526,-0.013210852,0.0071444083,0.8016178,0.96784506,47.999757,46.456328,False,0.97431606,False,False,False,0.8016178,0.96784506,47.999757,46.456328,0.7164616,0.99828608,38.570001,38.503895,0.97420876,0.90975509,28.571519,25.993085,0.60852292,1.100215,6.8602338,7.5477325,0.53800274,1.0718383,12.078857,12.946582,0.66796813,1.0808314,15.532503,16.788016,0.64882857,1.0361297,17.488444,18.120296,0.81705045,0.93086543,27.341892,25.451622
init,init,-1,,10036,171.Myrtle_Warbler/Myrtle_Warbler_0084_166747.jpg,171,170,171.Myrtle_Warbler,8,7,gaussian_blur,gaussian_blur,0,"{""sigma"":1.883336}",4.6043353,4.8641119,0.25977659,0.010008352,0.0077186804,0.030363612,0.011654635,-0.02035526,-0.0039359545,0.016419305,0.53849238,0.68946816,47.999757,33.094304,False,0.80200535,False,False,False,0.53849238,0.68946816,47.999757,33.094304,0.38671998,0.67651,38.570001,26.092991,0.80157099,0.71247669,28.571519,20.356541,0.1255302,0.65326745,6.8602338,4.4815675,0.24910803,0.63529921,12.078857,7.6736881,0.38408057,0.5627726,15.532503,8.741267,0.29354105,0.65976347,17.488444,11.538237,0.46322186,0.72443462,27.341892,19.807413
init,init,-1,,10036,171.Myrtle_Warbler/Myrtle_Warbler_0084_166747.jpg,171,170,171.Myrtle_Warbler,8,7,random_erasing,random_erasing,0,"{""area_fraction"":0.172055,""erased"":true,""height"":0.434814,""left"":0.066602,""top"":0.285848,""width"":0.395699}",4.6043353,4.6493111,0.044975758,0.010008352,0.0095681949,0.030363612,0.018466776,-0.02035526,-0.0088985814,0.011456679,0.6294703,0.89966855,47.999757,43.183871,False,0.87675214,False,False,False,0.6294703,0.89966855,47.999757,43.183871,0.49811,0.90916309,38.570001,35.066421,0.87638618,0.88210335,28.571519,25.203032,0.17918526,0.63058408,6.8602338,4.3259542,0.37779191,0.91473834,12.078857,11.048993,0.45895552,0.91020456,15.532503,14.137755,0.39147178,0.88370491,17.488444,15.454624,0.59006976,0.93255466,27.341892,25.497809
init,init,-1,,6388,110.Geococcyx/Geococcyx_0107_104534.jpg,110,109,110.Geococcyx,129,128,identity,identity,0,{},5.6478162,5.6478162,0,0.0035252071,0.0035252071,0.046915658,0.046915658,-0.043390451,-0.043390451,0,1,1,50.874655,50.874655,False,1,True,False,False,1,1,50.874655,50.874655,1,1,42.937476,42.937476,1,1,27.287428,27.287428,1,1,3.9227867,3.9227867,1,1,18.644643,18.644643,1,1,15.998023,15.998023,1,1,17.126124,17.126124,1,1,30.518437,30.518437
init,init,-1,,6388,110.Geococcyx/Geococcyx_0107_104534.jpg,110,109,110.Geococcyx,129,128,horizontal_flip,horizontal_flip,0,"{""flipped"":true}",5.6478162,5.694068,0.046251774,0.0035252071,0.0033658724,0.046915658,0.033443093,-0.043390451,-0.030077221,0.01331323,0.64280351,0.90423451,50.874655,46.002619,False,0.96366841,True,False,False,0.64280351,0.90423451,50.874655,46.002619,0.52035578,0.91789192,42.937476,39.411962,0.96353892,0.86949632,27.287428,23.726318,0.13916757,1.0883348,3.9227867,4.2693053,0.35035673,0.87043644,18.644643,16.228976,0.33496834,0.9690737,15.998023,15.503263,0.42580735,0.92592945,17.126124,15.857583,0.67292082,0.91506546,30.518437,27.926368
init,init,-1,,6388,110.Geococcyx/Geococcyx_0107_104534.jpg,110,109,110.Geococcyx,129,128,color_jitter,color_jitter,0,"{""brightness"":0.735807,""contrast"":0.789395,""hue"":-0.088327,""saturation"":0.910334}",5.6478162,5.4603558,-0.18746042,0.0035252071,0.0042520436,0.046915658,0.040513568,-0.043390451,-0.036261524,0.0071289267,0.80128463,1.0532294,50.874655,53.582685,False,0.97465241,True,False,False,0.80128463,1.0532294,50.874655,53.582685,0.7381544,1.0788853,42.937476,46.324612,0.97450068,0.9868398,27.287428,26.92832,0.17173979,1.3401007,3.9227867,5.2569291,0.58819328,0.95743009,18.644643,17.850942,0.68151313,1.3052097,15.998023,20.880775,0.70096184,1.1529682,17.126124,19.745877,0.84447308,1.0225071,30.518437,31.205317
init,init,-1,,6388,110.Geococcyx/Geococcyx_0107_104534.jpg,110,109,110.Geococcyx,129,128,rotation,rotation,0,"{""angle"":-9.451384}",5.6478162,5.9239717,0.27615547,0.0035252071,0.0026745563,0.046915658,0.028573228,-0.043390451,-0.025898672,0.017491779,0.67463654,1.1098514,50.874655,56.463306,False,0.92510355,True,False,False,0.67463654,1.1098514,50.874655,56.463306,0.5808393,1.1312016,42.937476,48.570942,0.92480819,1.0551311,27.287428,28.791813,0.069524573,1.6288984,3.9227867,6.3898209,0.46881768,0.99042315,18.644643,18.466086,0.42473036,1.3140907,15.998023,21.022852,0.48863186,1.2031602,17.126124,20.605471,0.72057533,1.0920656,30.518437,33.328134
init,init,-1,,6388,110.Geococcyx/Geococcyx_0107_104534.jpg,110,109,110.Geococcyx,129,128,random_resized_crop,random_resized_crop,0,"{""area_fraction"":0.71338,""aspect"":1.159082,""fallback"":false,""height"":0.784519,""left"":0.029508,""top"":0.160117,""width"":0.909322}",5.6478162,5.9431038,0.29528761,0.0035252071,0.002623874,0.046915658,0.037623886,-0.043390451,-0.035000012,0.0083904387,0.7296323,1.0012595,50.874655,50.938734,False,0.96213061,True,False,False,0.7296323,1.0012595,50.874655,50.938734,0.64660559,1.0306456,42.937476,44.25332,0.96197584,0.92448934,27.287428,25.226936,0.3179657,1.1091433,3.9227867,4.3509323,0.48660954,1.0283192,18.644643,19.172645,0.48399617,1.1305337,15.998023,18.086305,0.59605402,1.1001765,17.126124,18.84176,0.78751491,0.97737611,30.518437,29.827991
init,init,-1,,6388,110.Geococcyx/Geococcyx_0107_104534.jpg,110,109,110.Geococcyx,129,128,gaussian_blur,gaussian_blur,0,"{""sigma"":1.944216}",5.6478162,5.5120416,-0.13577461,0.0035252071,0.0040378552,0.046915658,0.02128,-0.043390451,-0.017242145,0.026148306,0.33124696,1.1878832,50.874655,60.433149,False,0.73200357,True,False,False,0.33124696,1.1878832,50.874655,60.433149,0.23399934,1.3028987,42.937476,55.943182,0.73160317,0.83770535,27.287428,22.858824,-0.001782982,1.8062674,3.9227867,7.0856017,-0.014534264,1.3272691,18.644643,24.746459,0.14070057,2.0084393,15.998023,32.131058,0.2204595,1.4830479,17.126124,25.398863,0.46717277,0.92071378,30.518437,28.098745
init,init,-1,,6388,110.Geococcyx/Geococcyx_0107_104534.jpg,110,109,110.Geococcyx,129,128,random_erasing,random_erasing,0,"{""area_fraction"":0.179874,""erased"":true,""height"":0.508421,""left"":0.506738,""top"":0.461931,""width"":0.353789}",5.6478162,6.4843974,0.83658123,0.0035252071,0.0015270807,0.046915658,0.026782086,-0.043390451,-0.025255005,0.018135445,0.57635972,1.1616881,50.874655,59.100479,False,0.86503905,False,False,False,0.57635972,1.1616881,50.874655,59.100479,0.48135989,1.2154284,42.937476,52.187429,0.86450847,1.0164739,27.287428,27.736959,0.47009306,1.580013,3.9227867,6.1980539,0.53312398,1.2461185,18.644643,23.233434,0.37362628,1.5414329,15.998023,24.659878,0.32781744,1.2658759,17.126124,21.679548,0.56886618,1.0704393,30.518437,32.668135
init,init,-1,,5211,090.Red_breasted_Merganser/Red_Breasted_Merganser_0081_79396.jpg,90,89,090.Red_breasted_Merganser,140,139,identity,identity,0,{},4.7221928,4.7221928,0,0.0088956514,0.0088956514,0.021158909,0.021158909,-0.012263258,-0.012263258,0,1,1,49.835642,49.835642,False,1,True,False,False,1,1,49.835642,49.835642,1,1,39.81788,39.81788,1,1,29.968779,29.968779,1,1,4.530356,4.530356,1,1,9.844542,9.844542,1,1,13.597023,13.597023,1,1,16.585501,16.585501,1,1,31.750063,31.750063
init,init,-1,,5211,090.Red_breasted_Merganser/Red_Breasted_Merganser_0081_79396.jpg,90,89,090.Red_breasted_Merganser,140,139,horizontal_flip,horizontal_flip,0,"{""flipped"":true}",4.7221928,4.6764398,-0.045753002,0.0088956514,0.0093121091,0.021158909,0.016157234,-0.012263258,-0.006845125,0.005418133,0.71872523,0.98638249,49.835642,49.157005,False,0.97443306,False,False,False,0.71872523,0.98638249,49.835642,49.157005,0.57604044,0.99149139,39.81788,39.479085,0.97431239,0.97729858,29.968779,29.288445,0.37861178,1.0150171,4.530356,4.598389,0.24307446,1.0626068,9.844542,10.460877,0.41852543,1.1305259,13.597023,15.371786,0.48374782,1.0075132,16.585501,16.710111,0.67882261,0.95142082,31.750063,30.207671
init,init,-1,,5211,090.Red_breasted_Merganser/Red_Breasted_Merganser_0081_79396.jpg,90,89,090.Red_breasted_Merganser,140,139,color_jitter,color_jitter,0,"{""brightness"":0.692614,""contrast"":1.335003,""hue"":0.04763,""saturation"":1.257185}",4.7221928,4.4332795,-0.28891325,0.0088956514,0.01187548,0.021158909,0.024024403,-0.012263258,-0.012148922,0.00011433568,0.75962695,1.1098514,49.835642,55.31016,False,0.95230585,True,False,False,0.75962695,1.1098514,49.835642,55.31016,0.66919674,1.1675412,39.81788,46.489014,0.95217041,0.99992076,29.968779,29.966404,0.43294975,1.9542122,4.530356,8.8532771,0.31919901,1.6596643,9.844542,16.338635,0.57866156,1.4791935,13.597023,20.112627,0.66604205,1.2212931,16.585501,20.255759,0.78444928,0.99653033,31.750063,31.639901
init,init,-1,,5211,090.Red_breasted_Merganser/Red_Breasted_Merganser_0081_79396.jpg,90,89,090.Red_breasted_Merganser,140,139,rotation,rotation,0,"{""angle"":-12.263558}",4.7221928,4.2505841,-0.47160864,0.0088956514,0.014255904,0.021158909,0.01431518,-0.012263258,-5.9275888e-05,0.012203982,0.69024149,1.0709001,49.835642,53.368996,False,0.9316898,False,False,False,0.69024149,1.0709001,49.835642,53.368996,0.55801741,1.0830735,39.81788,43.125691,0.93144994,1.0490658,29.968779,31.439219,0.038302837,1.6296947,4.530356,7.3830971,0.41070063,1.2735018,9.844542,12.537042,0.36724213,1.234119,13.597023,16.780344,0.4287192,1.0658408,16.585501,17.677505,0.67593064,1.02256,31.750063,32.466345
init,init,-1,,5211,090.Red_breasted_Merganser/Red_Breasted_Merganser_0081_79396.jpg,90,89,090.Red_breasted_Merganser,140,139,random_resized_crop,random_resized_crop,0,"{""area_fraction"":0.877207,""aspect"":1.00423,""fallback"":false,""height"":0.934619,""left"":0.048777,""top"":0.032366,""width"":0.938572}",4.7221928,4.8221316,0.099938869,0.0088956514,0.0080496101,0.021158909,0.018212039,-0.012263258,-0.010162429,0.002100829,0.82812688,1.0027523,49.835642,49.972806,False,0.98452055,False,False,False,0.82812688,1.0027523,49.835642,49.972806,0.73937924,1.0020145,39.81788,39.898092,0.98447591,1.0040535,29.968779,30.090257,0.61594413,1.3517651,4.530356,6.1239771,0.32969835,1.3700731,9.844542,13.487743,0.58245055,1.0730235,13.597023,14.589924,0.68943203,0.96021449,16.585501,15.925639,0.85398615,0.94799487,31.750063,30.098897
init,init,-1,,5211,090.Red_breasted_Merganser/Red_Breasted_Merganser_0081_79396.jpg,90,89,090.Red_breasted_Merganser,140,139,gaussian_blur,gaussian_blur,0,"{""sigma"":1.84761}",4.7221928,4.9268074,0.20461464,0.0088956514,0.0072496133,0.021158909,0.019046908,-0.012263258,-0.011797295,0.00046596304,0.63428655,1.1209643,49.835642,55.863977,False,0.89179975,False,False,False,0.63428655,1.1209643,49.835642,55.863977,0.50701462,1.1678729,39.81788,46.502221,0.89148563,1.0329705,29.968779,30.956863,0.083186758,1.7609614,4.530356,7.9777819,0.27700607,1.5770737,9.844542,15.525568,0.41656454,1.5714322,13.597023,21.366799,0.4453222,1.2345359,16.585501,20.475397,0.62436083,0.98697949,31.750063,31.336661
init,init,-1,,5211,090.Red_breasted_Merganser/Red_Breasted_Merganser_0081_79396.jpg,90,89,090.Red_breasted_Merganser,140,139,random_erasing,random_erasing,0,"{""area_fraction"":0.086478,""erased"":true,""height"":0.245297,""left"":0.177003,""top"":0.180737,""width"":0.352544}",4.7221928,4.4459839,-0.27620888,0.0088956514,0.011725565,0.021158909,0.02250207,-0.012263258,-0.010776505,0.0014867531,0.83706674,1.0555912,49.835642,52.606065,False,0.97507769,False,False,False,0.83706674,1.0555912,49.835642,52.606065,0.7667126,1.0881787,39.81788,43.328968,0.97501669,0.99546412,29.968779,29.832844,0.44226958,1.0157463,4.530356,4.6016923,0.58419512,1.4699123,9.844542,14.470613,0.65017828,1.2066002,13.597023,16.406171,0.74115987,1.0989736,16.585501,18.227027,0.83894625,1.0183677,31.750063,32.333238
init,init,-1,,7367,126.Nelson_Sharp_tailed_Sparrow/Nelson_Sharp_Tailed_Sparrow_0074_796901.jpg,126,125,126.Nelson_Sharp_tailed_Sparrow,4,3,identity,identity,0,{},6.3898454,6.3898454,0,0.0016785158,0.0016785158,0.021951672,0.021951672,-0.020273156,-0.020273156,0,1,1,61.533349,61.533349,False,1,True,False,False,1,1,61.533349,61.533349,1,1,54.720234,54.720234,1,1,28.143365,28.143365,1,1,8.0310772,8.0310772,1,1,23.617234,23.617234,1,1,25.29467,25.29467,1,1,25.111941,25.111941,1,1,33.190394,33.190394
init,init,-1,,7367,126.Nelson_Sharp_tailed_Sparrow/Nelson_Sharp_Tailed_Sparrow_0074_796901.jpg,126,125,126.Nelson_Sharp_tailed_Sparrow,4,3,horizontal_flip,horizontal_flip,0,"{""flipped"":true}",6.3898454,6.3563547,-0.033490658,0.0016785158,0.0017356818,0.021951672,0.0194952,-0.020273156,-0.017759519,0.0025136373,0.73961755,1.0041208,61.533349,61.786914,False,0.94179779,False,False,False,0.73961755,1.0041208,61.533349,61.786914,0.68819628,1.0116941,54.720234,55.360138,0.94174097,0.9749588,28.143365,27.438621,0.8221952,1.1074012,8.0310772,8.8936242,0.77718936,1.1575163,23.617234,27.337335,0.58468452,0.96773639,25.29467,24.478572,0.59419015,1.0024396,25.111941,25.173204,0.74744416,0.95535117,33.190394,31.708481
init,init,-1,,7367,126.Nelson_Sharp_tailed_Sparrow/Nelson_Sharp_Tailed_Sparrow_0074_796901.jpg,126,125,126.Nelson_Sharp_tailed_Sparrow,4,3,color_jitter,color_jitter,0,"{""brightness"":1.243766,""contrast"":1.050318,""hue"":-0.069495,""saturation"":0.733363}",6.3898454,6.2862062,-0.10363913,0.0016785158,0.0018618102,0.021951672,0.029743401,-0.020273156,-0.027881591,-0.0076084352,0.782397,0.96917964,61.533349,59.636869,False,0.93385971,True,False,False,0.782397,0.96917964,61.533349,59.636869,0.74161168,0.9651278,54.720234,52.812019,0.93369333,0.98434672,28.143365,27.702829,0.65092529,1.0045968,8.0310772,8.0679945,0.7772595,1.0322479,23.617234,24.37884,0.65505249,0.97807329,25.29467,24.740041,0.70895616,0.91130881,25.111941,22.884733,0.79907838,0.94986257,33.190394,31.526313
init,init,-1,,7367,126.Nelson_Sharp_tailed_Sparrow/Nelson_Sharp_Tailed_Sparrow_0074_796901.jpg,126,125,126.Nelson_Sharp_tailed_Sparrow,4,3,rotation,rotation,0,"{""angle"":-0.534034}",6.3898454,6.5186262,0.12878084,0.0016785158,0.0014756952,0.021951672,0.02145665,-0.020273156,-0.019980954,0.00029220153,0.87829541,0.88453893,61.533349,54.428643,False,0.98225957,False,False,False,0.87829541,0.88453893,61.533349,54.428643,0.84896116,0.86585839,54.720234,47.379974,0.98222476,0.95185283,28.143365,26.788341,0.74155564,0.77152384,8.0310772,6.1961675,0.7656905,0.79064096,23.617234,18.672753,0.84911372,0.79932119,25.29467,20.218565,0.84407293,0.83564426,25.111941,20.984649,0.89880322,0.95688169,33.190394,31.75928
init,init,-1,,7367,126.Nelson_Sharp_tailed_Sparrow/Nelson_Sharp_Tailed_Sparrow_0074_796901.jpg,126,125,126.Nelson_Sharp_tailed_Sparrow,4,3,random_resized_crop,random_resized_crop,0,"{""area_fraction"":0.65423,""aspect"":0.999634,""fallback"":false,""height"":0.808993,""left"":0.025923,""top"":0.17572,""width"":0.808697}",6.3898454,6.2398982,-0.14994717,0.0016785158,0.0019500538,0.021951672,0.024849152,-0.020273156,-0.022899098,-0.0026259425,0.60638838,0.95077254,61.533349,58.504218,False,0.92651248,True,False,False,0.60638838,0.95077254,61.533349,58.504218,0.51679254,0.93847169,54.720234,51.353391,0.92640373,0.9959034,28.143365,28.028072,0.083541475,0.79243107,8.0310772,6.3640751,0.30837226,0.85874796,23.617234,20.281252,0.38715822,0.9213322,25.29467,23.304794,0.5204919,0.992124,25.111941,24.914159,0.70360026,0.96296212,33.190394,31.961092
init,init,-1,,7367,126.Nelson_Sharp_tailed_Sparrow/Nelson_Sharp_Tailed_Sparrow_0074_796901.jpg,126,125,126.Nelson_Sharp_tailed_Sparrow,4,3,gaussian_blur,gaussian_blur,0,"{""sigma"":1.081895}",6.3898454,6.1347418,-0.25510359,0.0016785158,0.0021662838,0.021951672,0.021964433,-0.020273156,-0.019798149,0.00047500699,0.51934491,1.0536784,61.533349,64.83636,False,0.88725543,True,False,False,0.51934491,1.0536784,61.533349,64.83636,0.42796306,1.0664717,54.720234,58.357579,0.88712493,1.0038419,28.143365,28.251487,-0.15260864,1.1298767,8.0310772,9.0741272,0.21268872,1.0218984,23.617234,24.134414,0.26831582,1.1688053,25.29467,29.564543,0.46943978,1.1711879,25.111941,29.410802,0.67507781,0.95359742,33.190394,31.650274
init,init,-1,,7367,126.Nelson_Sharp_tailed_Sparrow/Nelson_Sharp_Tailed_Sparrow_0074_796901.jpg,126,125,126.Nelson_Sharp_tailed_Sparrow,4,3,random_erasing,random_erasing,0,"{""area_fraction"":0.066735,""erased"":true,""height"":0.395615,""left"":0.419033,""top"":0.549208,""width"":0.168686}",6.3898454,5.9855151,-0.40433025,0.0016785158,0.0025149179,0.021951672,0.019000122,-0.020273156,-0.016485204,0.0037879514,0.79428543,1.0701799,61.533349,65.851754,False,0.91358632,False,False,False,0.79428543,1.0701799,61.533349,65.851754,0.76602174,1.0887016,54.720234,59.574009,0.91342921,0.99705514,28.143365,28.060486,0.84556766,1.0844077,8.0310772,8.7089616,0.8177723,1.1843682,23.617234,27.971501,0.7716365,1.1577896,25.29467,29.285906,0.74579026,1.0822892,25.111941,27.178383,0.74421359,0.9967634,33.190394,33.08297
init,init,-1,,290,006.Least_Auklet/Least_Auklet_0026_795066.jpg,6,5,006.Least_Auklet,129,128,identity,identity,0,{},6.3856478,6.3856478,0,0.0016855764,0.0016855764,0.029601118,0.029601118,-0.027915541,-0.027915541,0,1,1,50.455131,50.455131,False,1,True,False,False,1,1,50.455131,50.455131,1,1,41.715359,41.715359,1,1,28.382196,28.382196,1,1,9.363794,9.363794,1,1,15.202654,15.202654,1,1,16.800952,16.800952,1,1,18.281819,18.281819,1,1,28.370284,28.370284
init,init,-1,,290,006.Least_Auklet/Least_Auklet_0026_795066.jpg,6,5,006.Least_Auklet,129,128,horizontal_flip,horizontal_flip,0,"{""flipped"":true}",6.3856478,6.3400435,-0.045604229,0.0016855764,0.0017642254,0.029601118,0.028172899,-0.027915541,-0.026408674,0.0015068676,0.60247915,1.0500869,50.455131,52.982273,False,0.96189511,True,False,False,0.60247915,1.0500869,50.455131,52.982273,0.45693281,1.0886445,41.715359,45.413197,0.96175603,0.96153032,28.382196,27.290342,0.47202572,0.99218777,9.363794,9.2906418,0.27867689,1.2521759,15.202654,19.036398,0.25105194,1.1737743,16.800952,19.720526,0.34644231,1.0768232,18.281819,19.686287,0.65301426,1.0198898,28.370284,28.934563
init,init,-1,,290,006.Least_Auklet/Least_Auklet_0026_795066.jpg,6,5,006.Least_Auklet,129,128,color_jitter,color_jitter,0,"{""brightness"":0.662184,""contrast"":1.306548,""hue"":-0.0216,""saturation"":0.750981}",6.3856478,6.4588995,0.073251724,0.0016855764,0.001566519,0.029601118,0.029453944,-0.027915541,-0.027887425,2.8115814e-05,0.83347061,1.125899,50.455131,56.807381,False,0.97189438,True,False,False,0.83347061,1.125899,50.455131,56.807381,0.77720799,1.1613845,41.715359,48.447573,0.97180259,1.0451375,28.382196,29.663298,0.75122521,1.0745347,9.363794,10.061721,0.62773013,1.1244072,15.202654,17.093973,0.68504542,1.3520021,16.800952,22.714923,0.78454404,1.1728556,18.281819,21.441934,0.86546429,1.1023156,28.370284,31.273007
init,init,-1,,290,006.Least_Auklet/Least_Auklet_0026_795066.jpg,6,5,006.Least_Auklet,129,128,rotation,rotation,0,"{""angle"":-6.366214}",6.3856478,6.3802547,-0.0053930283,0.0016855764,0.0016946911,0.029601118,0.035641119,-0.027915541,-0.033946428,-0.0060308866,0.760718,1.0915066,50.455131,55.072108,False,0.95331025,True,False,False,0.760718,1.0915066,50.455131,55.072108,0.67986575,1.1199747,41.715359,46.720149,0.95312157,1.0273196,28.382196,29.157585,0.75887889,1.2013031,9.363794,11.248755,0.55791295,1.0083425,15.202654,15.329482,0.62546689,1.289547,16.800952,21.665617,0.62175298,1.116978,18.281819,20.42039,0.75542819,1.0777254,28.370284,30.575375
init,init,-1,,290,006.Least_Auklet/Least_Auklet_0026_795066.jpg,6,5,006.Least_Auklet,129,128,random_resized_crop,random_resized_crop,0,"{""area_fraction"":0.649353,""aspect"":1.047842,""fallback"":false,""height"":0.787213,""left"":0.125622,""top"":0.151153,""width"":0.824875}",6.3856478,6.8790674,0.49341965,0.0016855764,0.0010291034,0.029601118,0.035951916,-0.027915541,-0.034922813,-0.0070072715,0.72081755,1.1575773,50.455131,58.405714,False,0.9505102,True,False,False,0.72081755,1.1575773,50.455131,58.405714,0.62973094,1.2030959,41.715359,50.187577,0.9503165,1.0525487,28.382196,29.873644,0.58664327,0.97962895,9.363794,9.1730437,0.46988343,1.155241,15.202654,17.562729,0.57154858,1.3324338,16.800952,22.386155,0.58499165,1.279093,18.281819,23.384148,0.72725762,1.1574284,28.370284,32.836571
init,init,-1,,290,006.Least_Auklet/Least_Auklet_0026_795066.jpg,6,5,006.Least_Auklet,129,128,gaussian_blur,gaussian_blur,0,"{""sigma"":1.83898}",6.3856478,6.4686232,0.082975388,0.0016855764,0.0015513609,0.029601118,0.034537878,-0.027915541,-0.032986517,-0.0050709757,0.67626708,1.319305,50.455131,66.565708,False,0.92236972,True,False,False,0.67626708,1.319305,50.455131,66.565708,0.58875339,1.3989843,41.715359,58.359132,0.92212485,1.1281306,28.382196,32.018825,0.5869289,1.2020051,9.363794,11.255328,0.51003855,1.7070666,15.202654,25.951943,0.51856457,1.5604596,16.800952,26.217207,0.52674628,1.3671714,18.281819,24.99438,0.68711843,1.2677293,28.370284,35.965839
init,init,-1,,290,006.Least_Auklet/Least_Auklet_0026_795066.jpg,6,5,006.Least_Auklet,129,128,random_erasing,random_erasing,0,"{""area_fraction"":0.177175,""erased"":true,""height"":0.676281,""left"":0.10315,""top"":0.300039,""width"":0.261984}",6.3856478,5.6782131,-0.70743465,0.0016855764,0.0034196626,0.029601118,0.026924966,-0.027915541,-0.023505303,0.0044102379,0.68207593,1.1131586,50.455131,56.164564,False,0.90392196,True,False,False,0.68207593,1.1131586,50.455131,56.164564,0.59458756,1.1582315,41.715359,48.316043,0.90366675,1.008941,28.382196,28.635962,0.80623127,1.1240551,9.363794,10.525421,0.55855279,1.2211088,15.202654,18.564094,0.53252409,1.2230384,16.800952,20.548209,0.54602705,1.2131949,18.281819,22.17941,0.63099067,1.0948933,28.370284,31.062433
init,init,-1,,8666,148.Green_tailed_Towhee/Green_Tailed_Towhee_0064_154771.jpg,148,147,148.Green_tailed_Towhee,129,128,identity,identity,0,{},4.0855074,4.0855074,0,0.016814603,0.016814603,0.048689108,0.048689108,-0.031874506,-0.031874506,0,1,1,56.861176,56.861176,False,1,True,False,False,1,1,56.861176,56.861176,1,1,48.16081,48.16081,1,1,30.227963,30.227963,1,1,6.6307742,6.6307742,1,1,19.094456,19.094456,1,1,20.727618,20.727618,1,1,21.001424,21.001424,1,1,32.252198,32.252198
init,init,-1,,8666,148.Green_tailed_Towhee/Green_Tailed_Towhee_0064_154771.jpg,148,147,148.Green_tailed_Towhee,129,128,horizontal_flip,horizontal_flip,0,"{""flipped"":true}",4.0855074,4.1579752,0.072467804,0.016814603,0.015639191,0.048689108,0.030750141,-0.031874506,-0.015110949,0.016763557,0.64662111,0.99444833,56.861176,56.545502,False,0.95165372,True,False,False,0.64662111,0.99444833,56.861176,56.545502,0.53111361,1.0047537,48.16081,48.38975,0.9513581,0.96779598,30.227963,29.254501,0.37543635,0.98349653,6.6307742,6.5213434,0.44466115,0.86201792,19.094456,16.459763,0.46860418,1.0202588,20.727618,21.147535,0.41850906,1.0353492,21.001424,21.743807,0.63826066,1.0321222,32.252198,33.288209
init,init,-1,,8666,148.Green_tailed_Towhee/Green_Tailed_Towhee_0064_154771.jpg,148,147,148.Green_tailed_Towhee,129,128,color_jitter,color_jitter,0,"{""brightness"":0.809038,""contrast"":0.848749,""hue"":-0.018586,""saturation"":1.224494}",4.0855074,4.266983,0.18147564,0.016814603,0.014024035,0.048689108,0.046085823,-0.031874506,-0.032061788,-0.00018728245,0.88410555,0.98293563,56.861176,55.890876,False,0.98769569,True,False,False,0.88410555,0.98293563,56.861176,55.890876,0.84334474,0.9831254,48.16081,47.348116,0.987646,0.98245374,30.227963,29.697575,0.61631582,1.1988233,6.6307742,7.9491264,0.7945512,0.94074391,19.094456,17.962993,0.80661449,1.0178967,20.727618,21.098574,0.8109098,0.97673977,21.001424,20.512926,0.90261862,0.97559741,32.252198,31.465161
init,init,-1,,8666,148.Green_tailed_Towhee/Green_Tailed_Towhee_0064_154771.jpg,148,147,148.Green_tailed_Towhee,129,128,rotation,rotation,0,"{""angle"":7.028396}",4.0855074,4.3585625,0.27305508,0.016814603,0.012796767,0.048689108,0.027964726,-0.031874506,-0.015167959,0.016706547,0.73792781,0.9369618,56.861176,53.27675,False,0.94766986,True,False,False,0.73792781,0.9369618,56.861176,53.27675,0.65518544,0.93609853,48.16081,45.083263,0.94728619,0.9391496,30.227963,28.388579,0.56828074,0.97740615,6.6307742,6.4809595,0.59793605,0.85402363,19.094456,16.307117,0.55512612,0.91559146,20.727618,18.97803,0.58363976,0.94573411,21.001424,19.861763,0.746823,0.96562557,32.252198,31.143547
init,init,-1,,8666,148.Green_tailed_Towhee/Green_Tailed_Towhee_0064_154771.jpg,148,147,148.Green_tailed_Towhee,129,128,random_resized_crop,random_resized_crop,0,"{""area_fraction"":0.640822,""aspect"":1.200083,""fallback"":false,""height"":0.73074,""left"":0.021258,""top"":0.026548,""width"":0.876949}",4.0855074,4.1132212,0.027713776,0.016814603,0.016355012,0.048689108,0.028061293,-0.031874506,-0.011706281,0.020168224,0.69824088,1.0107463,56.861176,57.472224,False,0.94325447,True,False,False,0.69824088,1.0107463,56.861176,57.472224,0.59872309,1.001108,48.16081,48.214173,0.94290715,1.0348096,30.227963,31.280187,0.50685556,0.80991715,6.6307742,5.3703778,0.49198576,0.90342759,19.094456,17.250459,0.57050127,1.0351791,20.727618,21.456796,0.50079966,1.0369723,21.001424,21.777895,0.69155374,1.0111435,32.252198,32.6116
init,init,-1,,8666,148.Green_tailed_Towhee/Green_Tailed_Towhee_0064_154771.jpg,148,147,148.Green_tailed_Towhee,129,128,gaussian_blur,gaussian_blur,0,"{""sigma"":1.296788}",4.0855074,4.1197076,0.034200191,0.016814603,0.016249266,0.048689108,0.035432398,-0.031874506,-0.019183133,0.012691373,0.73703881,1.0799466,56.861176,61.407033,False,0.9452315,True,False,False,0.73703881,1.0799466,56.861176,61.407033,0.66481068,1.111357,48.16081,53.523853,0.94495521,0.99577267,30.227963,30.100179,0.45542312,1.32917,6.6307742,8.8134258,0.56447363,1.0667694,19.094456,20.369381,0.63258665,1.2906794,20.727618,26.752708,0.62107806,1.1539617,21.001424,24.23484,0.75921745,1.0138322,32.252198,32.698315
init,init,-1,,8666,148.Green_tailed_Towhee/Green_Tailed_Towhee_0064_154771.jpg,148,147,148.Green_tailed_Towhee,129,128,random_erasing,random_erasing,0,"{""area_fraction"":0.182249,""erased"":true,""height"":0.295922,""left"":0.304748,""top"":0.583861,""width"":0.615866}",4.0855074,3.9172475,-0.16825986,0.016814603,0.019895785,0.048689108,0.031202542,-0.031874506,-0.011306757,0.020567749,0.74785294,1.1055707,56.861176,62.864053,False,0.93888187,True,False,False,0.74785294,1.1055707,56.861176,62.864053,0.68170321,1.137543,48.16081,54.784995,0.93842995,1.019919,30.227963,30.830075,0.64341161,1.3424381,6.6307742,8.9014039,0.67854682,1.3027401,19.094456,24.875114,0.61433381,1.1084857,20.727618,22.976267,0.61623051,1.1194922,21.001424,23.51093,0.74620647,1.0841855,32.252198,34.967366
init,init,-1,,5144,088.Western_Meadowlark/Western_Meadowlark_0069_78587.jpg,88,87,088.Western_Meadowlark,129,128,identity,identity,0,{},5.3201756,5.3201756,0,0.0048918952,0.0048918952,0.033733722,0.033733722,-0.028841827,-0.028841827,0,1,1,59.706793,59.706793,False,0.99999994,True,False,False,1,1,59.706793,59.706793,1,1,50.77212,50.77212,1,1,31.418036,31.418036,1,1,10.128131,10.128131,1,1,19.318581,19.318581,1,1,23.770935,23.770935,1,1,21.182339,21.182339,1,1,32.988979,32.988979
init,init,-1,,5144,088.Western_Meadowlark/Western_Meadowlark_0069_78587.jpg,88,87,088.Western_Meadowlark,129,128,horizontal_flip,horizontal_flip,0,"{""flipped"":true}",5.3201756,5.4791031,0.15892744,0.0048918952,0.0041730725,0.033733722,0.029598741,-0.028841827,-0.025425668,0.0034161583,0.72402465,0.95831198,59.706793,57.217735,False,0.97506064,True,False,False,0.72402465,0.95831198,59.706793,57.217735,0.63038617,0.96489817,50.77212,48.989926,0.97496874,0.94089465,31.418036,29.561061,0.15884847,1.0320299,10.128131,10.452534,0.53986731,1.0028967,19.318581,19.374541,0.57954267,0.92026191,23.770935,21.875486,0.53365345,1.0023441,21.182339,21.231992,0.77972809,0.95187655,32.988979,31.401436
init,init,-1,,5144,088.Western_Meadowlark/Western_Meadowlark_0069_78587.jpg,88,87,088.Western_Meadowlark,129,128,color_jitter,color_jitter,0,"{""brightness"":0.791624,""contrast"":1.274085,""hue"":0.098883,""saturation"":1.253763}",5.3201756,5.294488,-0.025687695,0.0048918952,0.0050191847,0.033733722,0.015655924,-0.028841827,-0.010636739,0.018205088,0.62544059,0.96811234,59.706793,57.802883,False,0.87422836,False,False,False,0.62544059,0.96811234,59.706793,57.802883,0.53295826,0.97526912,50.77212,49.516481,0.87376881,0.94916787,31.418036,29.82099,0.37985012,1.0496578,10.128131,10.631072,0.52535424,1.0125195,19.318581,19.560439,0.44558626,0.8809954,23.770935,20.942085,0.43632478,1.0140857,21.182339,21.480706,0.63434922,0.98518205,32.988979,32.50015
init,init,-1,,5144,088.Western_Meadowlark/Western_Meadowlark_0069_78587.jpg,88,87,088.Western_Meadowlark,129,128,rotation,rotation,0,"{""angle"":-11.980959}",5.3201756,5.8211145,0.50093889,0.0048918952,0.0029643001,0.033733722,0.033485319,-0.028841827,-0.030521019,-0.0016791928,0.67614697,0.93441738,59.706793,55.791065,False,0.91305715,True,False,False,0.67614697,0.93441738,59.706793,55.791065,0.57052147,0.87976032,50.77212,44.667297,0.91258851,1.063996,31.418036,33.428664,0.57964289,0.77045331,10.128131,7.8032521,0.54755935,0.81494647,19.318581,15.743609,0.39240255,0.69725596,23.770935,16.574426,0.48946028,0.85348255,21.182339,18.078756,0.68055675,0.99843188,32.988979,32.937249
init,init,-1,,5144,088.Western_Meadowlark/Western_Meadowlark_0069_78587.jpg,88,87,088.Western_Meadowlark,129,128,random_resized_crop,random_resized_crop,0,"{""area_fraction"":0.549307,""aspect"":0.942449,""fallback"":false,""height"":0.763447,""left"":0.27066,""top"":0.013168,""width"":0.719509}",5.3201756,5.2697067,-0.050468922,0.0048918952,0.0051451186,0.033733722,0.021343911,-0.028841827,-0.016198792,0.012643034,0.65997945,0.97915844,59.706793,58.46241,False,0.91432732,False,False,False,0.65997945,0.97915844,59.706793,58.46241,0.57477543,1.0091617,50.77212,51.237281,0.91405131,0.89607942,31.418036,28.153055,0.59200886,1.0711475,10.128131,10.848722,0.53676884,1.021108,19.318581,19.726357,0.52550553,0.95635332,23.770935,22.733413,0.49773166,1.0952838,21.182339,23.200673,0.64796628,0.98848573,32.988979,32.609135
init,init,-1,,5144,088.Western_Meadowlark/Western_Meadowlark_0069_78587.jpg,88,87,088.Western_Meadowlark,129,128,gaussian_blur,gaussian_blur,0,"{""sigma"":1.064194}",5.3201756,5.2838554,-0.03632021,0.0048918952,0.0050728358,0.033733722,0.02269467,-0.028841827,-0.017621834,0.011219993,0.78413387,1.0009149,59.706793,59.76142,False,0.94758856,True,False,False,0.78413387,1.0009149,59.706793,59.76142,0.72841152,1.0264899,50.77212,52.117071,0.94739724,0.9308175,31.418036,29.244457,0.59995037,1.1753165,10.128131,11.90376,0.61820479,1.1258171,19.318581,21.74919,0.69913655,1.0321092,23.770935,24.534201,0.6937086,1.0061213,21.182339,21.312002,0.81987025,0.98007349,32.988979,32.331624
init,init,-1,,5144,088.Western_Meadowlark/Western_Meadowlark_0069_78587.jpg,88,87,088.Western_Meadowlark,129,128,random_erasing,random_erasing,0,"{""area_fraction"":0.198571,""erased"":true,""height"":0.370745,""left"":0.3594,""top"":0.295862,""width"":0.5356}",5.3201756,5.1288919,-0.1912837,0.0048918952,0.0059231198,0.033733722,0.037856843,-0.028841827,-0.031933723,-0.0030918969,0.7509847,1.0960591,59.706793,65.442175,False,0.92183483,True,False,False,0.7509847,1.0960591,59.706793,65.442175,0.68500264,1.0930324,50.77212,55.495571,0.92162431,1.1039244,31.418036,34.683135,0.74411824,0.93905407,10.128131,9.5108627,0.60454308,1.01863,19.318581,19.678487,0.6799004,1.069605,23.770935,25.425512,0.65853527,1.1491535,21.182339,24.341759,0.72096967,1.1191595,32.988979,36.919929
init,init,-1,,3275,057.Rose_breasted_Grosbeak/Rose_Breasted_Grosbeak_0017_39161.jpg,57,56,057.Rose_breasted_Grosbeak,90,89,identity,identity,0,{},6.4513721,6.4513721,0,0.0015783553,0.0015783553,0.034667686,0.034667686,-0.03308933,-0.03308933,0,1,1,61.669051,61.669051,False,1,True,False,False,1,1,61.669051,61.669051,1,1,52.697481,52.697481,1,1,32.031974,32.031974,1,1,9.7232872,9.7232872,1,1,18.252374,18.252374,1,1,20.824126,20.824126,1,1,23.198151,23.198151,1,1,37.115153,37.115153
init,init,-1,,3275,057.Rose_breasted_Grosbeak/Rose_Breasted_Grosbeak_0017_39161.jpg,57,56,057.Rose_breasted_Grosbeak,90,89,horizontal_flip,horizontal_flip,0,"{""flipped"":true}",6.4513721,6.3323727,-0.11899948,0.0015783553,0.00177781,0.034667686,0.035983812,-0.03308933,-0.034206002,-0.0011166717,0.75083089,1.0082035,61.669051,62.17495,False,0.97528851,True,False,False,0.75083089,1.0082035,61.669051,62.17495,0.66691335,1.0047699,52.697481,52.948844,0.97517083,1.0174383,32.031974,32.590556,0.48949847,0.99932019,9.7232872,9.7166772,0.44547082,0.95016106,18.252374,17.342695,0.6000212,1.0147128,20.824126,21.130507,0.53207684,0.99341542,23.198151,23.045401,0.80142264,1.0191532,37.115153,37.826027
init,init,-1,,3275,057.Rose_breasted_Grosbeak/Rose_Breasted_Grosbeak_0017_39161.jpg,57,56,057.Rose_breasted_Grosbeak,90,89,color_jitter,color_jitter,0,"{""brightness"":1.271146,""contrast"":1.321371,""hue"":0.031324,""saturation"":0.965167}",6.4513721,6.3476067,-0.10376549,0.0015783553,0.0017509329,0.034667686,0.027960077,-0.03308933,-0.026209144,0.0068801863,0.79708919,1.0004668,61.669051,61.697838,False,0.97315168,True,False,False,0.79708919,1.0004668,61.669051,61.697838,0.7371806,1.0192361,52.697481,53.711174,0.97301976,0.9478047,32.031974,30.360055,0.61763602,1.0678318,9.7232872,10.382836,0.56217817,0.95432474,18.252374,17.418692,0.60236353,1.0493533,20.824126,21.851864,0.69793651,1.0739258,23.198151,24.913094,0.84851018,0.99926485,37.115153,37.087867
init,init,-1,,3275,057.Rose_breasted_Grosbeak/Rose_Breasted_Grosbeak_0017_39161.jpg,57,56,057.Rose_breasted_Grosbeak,90,89,rotation,rotation,0,"{""angle"":3.200788}",6.4513721,6.1848383,-0.26653385,0.0015783553,0.0020604348,0.034667686,0.0297409,-0.03308933,-0.027680465,0.0054088653,0.81651331,0.97200617,61.669051,59.942698,False,0.97659636,True,False,False,0.81651331,0.97200617,61.669051,59.942698,0.75644247,0.96762145,52.697481,50.991213,0.97650831,0.9837755,32.031974,31.512271,0.64385624,1.0103892,9.7232872,9.824304,0.63649544,0.94354568,18.252374,17.221949,0.63506538,0.94341639,20.824126,19.645822,0.69945286,0.98002122,23.198151,22.73468,0.85228474,0.97300574,37.115153,36.113257
init,init,-1,,3275,057.Rose_breasted_Grosbeak/Rose_Breasted_Grosbeak_0017_39161.jpg,57,56,057.Rose_breasted_Grosbeak,90,89,random_resized_crop,random_resized_crop,0,"{""area_fraction"":0.618224,""aspect"":0.86224,""fallback"":false,""height"":0.846757,""left"":0.206728,""top"":0.017644,""width"":0.730108}",6.4513721,6.0794449,-0.37192726,0.0015783553,0.002289447,0.034667686,0.012506411,-0.03308933,-0.010216964,0.022872366,0.66213196,1.0664855,61.669051,65.769151,False,0.93931389,False,False,False,0.66213196,1.0664855,61.669051,65.769151,0.56546187,1.081409,52.697481,56.987527,0.93887313,1.0250057,32.031974,32.832956,0.2625753,1.1582474,9.7232872,11.261972,0.28255678,1.1507788,18.252374,21.004446,0.42730424,1.1610136,20.824126,24.177094,0.51997726,1.0518658,23.198151,24.401343,0.73165172,1.0433662,37.115153,38.724697
init,init,-1,,3275,057.Rose_breasted_Grosbeak/Rose_Breasted_Grosbeak_0017_39161.jpg,57,56,057.Rose_breasted_Grosbeak,90,89,gaussian_blur,gaussian_blur,0,"{""sigma"":1.453873}",6.4513721,6.2158799,-0.23549223,0.0015783553,0.0019974581,0.034667686,0.020734007,-0.03308933,-0.018736548,0.014352782,0.691444,1.0304155,61.669051,63.544744,False,0.91254413,False,False,False,0.691444,1.0304155,61.669051,63.544744,0.61560857,1.0484239,52.697481,55.249298,0.91219159,0.98001677,32.031974,31.391871,0.50109999,1.2131834,9.7232872,11.79613,0.34191477,1.0711642,18.252374,19.551289,0.55820445,1.1021165,20.824126,22.950612,0.56196341,1.0462465,23.198151,24.270984,0.73743626,1.0136049,37.115153,37.620101
init,init,-1,,3275,057.Rose_breasted_Grosbeak/Rose_Breasted_Grosbeak_0017_39161.jpg,57,56,057.Rose_breasted_Grosbeak,90,89,random_erasing,random_erasing,0,"{""area_fraction"":0.111122,""erased"":true,""height"":0.368988,""left"":0.33416,""top"":0.61616,""width"":0.301154}",6.4513721,6.1143303,-0.33704185,0.0015783553,0.0022109554,0.034667686,0.029841388,-0.03308933,-0.027630432,0.005458898,0.8213587,0.94905978,61.669051,58.527616,False,0.96899569,True,False,False,0.8213587,0.94905978,61.669051,58.527616,0.76464053,0.93751973,52.697481,49.404928,0.96884351,0.97961158,32.031974,31.378892,0.60815152,0.92948276,9.7232872,9.0376278,0.63329922,0.95799106,18.252374,17.485611,0.70115714,0.93617719,20.824126,19.495072,0.6997207,0.93150973,23.198151,21.609304,0.85311495,0.93582519,37.115153,34.733295
init,init,-1,,113,002.Laysan_Albatross/Laysan_Albatross_0029_482.jpg,2,1,002.Laysan_Albatross,96,95,identity,identity,0,{},4.233799,4.233799,0,0.014497216,0.014497216,0.028135311,0.028135311,-0.013638095,-0.013638095,0,1,1,53.159393,53.159393,False,1,True,False,False,1,1,53.159393,53.159393,1,1,43.735788,43.735788,1,1,30.217575,30.217575,1,1,10.979602,10.979602,1,1,18.857507,18.857507,1,1,18.725781,18.725781,1,1,17.281206,17.281206,1,1,28.060061,28.060061
init,init,-1,,113,002.Laysan_Albatross/Laysan_Albatross_0029_482.jpg,2,1,002.Laysan_Albatross,96,95,horizontal_flip,horizontal_flip,0,"{""flipped"":true}",4.233799,4.2356396,0.0018405914,0.014497216,0.014470551,0.028135311,0.02286152,-0.013638095,-0.0083909687,0.0052471263,0.63688403,0.9689653,53.159393,51.509607,False,0.96552509,False,False,False,0.63688403,0.9689653,53.159393,51.509607,0.47140761,0.95103827,43.735788,41.594408,0.9654189,1.0054843,30.217575,30.383298,0.41265558,0.98482156,10.979602,10.812949,0.053211138,0.76371917,18.857507,14.40184,0.38060954,0.8523484,18.725781,15.960889,0.42846642,1.0191874,17.281206,17.612786,0.67591615,1.0333756,28.060061,28.996581
init,init,-1,,113,002.Laysan_Albatross/Laysan_Albatross_0029_482.jpg,2,1,002.Laysan_Albatross,96,95,color_jitter,color_jitter,0,"{""brightness"":1.13861,""contrast"":1.353499,""hue"":0.01753,""saturation"":0.686924}",4.233799,4.3739243,0.14012527,0.014497216,0.012601689,0.028135311,0.021475639,-0.013638095,-0.0088739498,0.0047641452,0.77929646,1.0118,53.159393,53.786672,False,0.96406215,False,False,False,0.77929646,1.0118,53.159393,53.786672,0.69694479,1.0313714,43.735788,45.107841,0.96384593,0.96952074,30.217575,29.296566,0.28328936,0.95633907,10.979602,10.500222,0.67007416,1.0544568,18.857507,19.884427,0.64357815,0.98116124,18.725781,18.37301,0.64932283,1.1223625,17.281206,19.395777,0.81372487,1.017589,28.060061,28.553609
init,init,-1,,113,002.Laysan_Albatross/Laysan_Albatross_0029_482.jpg,2,1,002.Laysan_Albatross,96,95,rotation,rotation,0,"{""angle"":12.443523}",4.233799,4.0222821,-0.21151686,0.014497216,0.017912038,0.028135311,0.035071887,-0.013638095,-0.017159849,-0.0035217544,0.64427892,1.1386512,53.159393,60.530004,False,0.92049134,True,False,False,0.64427892,1.1386512,53.159393,60.530004,0.51958572,1.1574568,43.735788,50.622287,0.92019719,1.0982125,30.217575,33.185319,0.41807531,1.502693,10.979602,16.498971,0.52738172,1.1518831,18.857507,21.721644,0.42517075,1.1574609,18.725781,21.674358,0.39884193,1.1392061,17.281206,19.686855,0.63261613,1.1048995,28.060061,31.003548
init,init,-1,,113,002.Laysan_Albatross/Laysan_Albatross_0029_482.jpg,2,1,002.Laysan_Albatross,96,95,random_resized_crop,random_resized_crop,0,"{""area_fraction"":0.678419,""aspect"":0.794327,""fallback"":false,""height"":0.924165,""left"":0.06244,""top"":0.001188,""width"":0.734089}",4.233799,3.9029865,-0.33081245,0.014497216,0.020181553,0.028135311,0.023893956,-0.013638095,-0.0037124027,0.0099256923,0.6290425,1.1920652,53.159393,63.369464,False,0.92085427,False,False,False,0.6290425,1.1920652,53.159393,63.369464,0.50410472,1.2284948,43.735788,53.729188,0.92040261,1.111888,30.217575,33.598561,0.31036946,1.5505637,10.979602,17.024572,0.40853184,1.1652908,18.857507,21.97448,0.41412315,1.3227286,18.725781,24.769126,0.43038127,1.2221325,17.281206,21.119923,0.6673779,1.157298,28.060061,32.473852
init,init,-1,,113,002.Laysan_Albatross/Laysan_Albatross_0029_482.jpg,2,1,002.Laysan_Albatross,96,95,gaussian_blur,gaussian_blur,0,"{""sigma"":1.733521}",4.233799,4.411974,0.17817497,0.014497216,0.012131212,0.028135311,0.01165381,-0.013638095,0.00047740247,0.014115497,0.58827702,1.0924689,53.159393,58.074984,False,0.89868146,False,False,False,0.58827702,1.0924689,53.159393,58.074984,0.47975032,1.1723404,43.735788,51.273232,0.89834447,0.90251963,30.217575,27.271955,0.24031029,1.6205861,10.979602,17.79339,0.43389155,1.1267629,18.857507,21.247939,0.4418213,1.4095272,18.725781,26.394497,0.38766762,1.150861,17.281206,19.888266,0.64710165,0.98804404,28.060061,27.724576
init,init,-1,,113,002.Laysan_Albatross/Laysan_Albatross_0029_482.jpg,2,1,002.Laysan_Albatross,96,95,random_erasing,random_erasing,0,"{""area_fraction"":0.154387,""erased"":true,""height"":0.503176,""left"":0.020623,""top"":0.144271,""width"":0.306826}",4.233799,4.7872262,0.55342722,0.014497216,0.0083355466,0.028135311,0.018916478,-0.013638095,-0.010580932,0.0030571632,0.68588132,0.97731844,53.159393,51.953655,False,0.89616817,False,False,False,0.68588132,0.97731844,53.159393,51.953655,0.58873523,0.98658109,43.735788,43.148902,0.89575035,0.95762412,30.217575,28.937079,0.34206541,0.67334154,10.979602,7.393022,0.63663781,0.98007096,18.857507,18.481695,0.45892615,0.9233399,18.725781,17.290261,0.4837016,1.0344984,17.281206,17.877379,0.68983575,1.0372045,28.060061,29.104022
init,init,-1,,3819,066.Western_Gull/Western_Gull_0094_55156.jpg,66,65,066.Western_Gull,186,185,identity,identity,0,{},5.2882247,5.2882247,0,0.0050507197,0.0050507197,0.017908687,0.017908687,-0.012857967,-0.012857967,0,1,1,42.228628,42.228628,False,0.99999994,True,False,False,1,1,42.228628,42.228628,1,1,32.582985,32.582985,1,1,26.862728,26.862728,1,1,4.3660894,4.3660894,1,1,11.032367,11.032367,1,1,12.130168,12.130168,1,1,13.027961,13.027961,1,1,24.576539,24.576539
init,init,-1,,3819,066.Western_Gull/Western_Gull_0094_55156.jpg,66,65,066.Western_Gull,186,185,horizontal_flip,horizontal_flip,0,"{""flipped"":true}",5.2882247,5.4873152,0.19909048,0.0050507197,0.0041389405,0.017908687,0.013601413,-0.012857967,-0.0094624725,0.0033954945,0.74369464,0.95030534,42.228628,40.130091,False,0.97981572,False,False,False,0.74369464,0.95030534,42.228628,40.130091,0.58166079,0.94650712,32.582985,30.840027,0.9797715,0.95586596,26.862728,25.677167,-0.0094883347,0.9538211,4.3660894,4.1644682,0.32047511,0.86560597,11.032367,9.5496823,0.48532317,0.89834133,12.130168,10.897031,0.44366569,0.99250894,13.027961,12.930368,0.71056028,0.95997942,24.576539,23.592972
init,init,-1,,3819,066.Western_Gull/Western_Gull_0094_55156.jpg,66,65,066.Western_Gull,186,185,color_jitter,color_jitter,0,"{""brightness"":0.68282,""contrast"":0.600696,""hue"":0.010734,""saturation"":0.682312}",5.2882247,5.3470917,0.058866978,0.0050507197,0.0047619808,0.017908687,0.014654767,-0.012857967,-0.0098927859,0.0029651811,0.81694644,1.0704148,42.228628,45.202147,False,0.95810473,False,False,False,0.81694644,1.0704148,42.228628,45.202147,0.72691136,1.0946697,32.582985,35.667605,0.95803973,1.0336961,26.862728,27.767896,0.66412907,1.523114,4.3660894,6.6500519,0.58275675,1.1032985,11.032367,12.171993,0.63370483,1.2469354,12.130168,15.125536,0.65884942,1.0734635,13.027961,13.985041,0.81204876,1.0417028,24.576539,25.60145
init,init,-1,,3819,066.Western_Gull/Western_Gull_0094_55156.jpg,66,65,066.Western_Gull,186,185,rotation,rotation,0,"{""angle"":12.335466}",5.2882247,5.022851,-0.26537371,0.0050507197,0.0065857228,0.017908687,0.027252313,-0.012857967,-0.02066659,-0.0078086229,0.72870589,1.2114912,42.228628,51.159613,False,0.93671674,True,False,False,0.72870589,1.2114912,42.228628,51.159613,0.59206874,1.2270614,32.582985,39.981322,0.93653089,1.1882131,26.862728,31.918645,0.55069393,2.1513073,4.3660894,9.3928,0.43837477,1.2083623,11.032367,13.331096,0.48870888,1.3588719,12.130168,16.483345,0.46280962,1.2039856,13.027961,15.685477,0.70123626,1.1614817,24.576539,28.5452
init,init,-1,,3819,066.Western_Gull/Western_Gull_0094_55156.jpg,66,65,066.Western_Gull,186,185,random_resized_crop,random_resized_crop,0,"{""area_fraction"":0.512022,""aspect"":1.268325,""fallback"":false,""height"":0.635373,""left"":0.00687,""top"":0.004585,""width"":0.80586}",5.2882247,5.4964275,0.20820284,0.0050507197,0.0041013965,0.017908687,0.016259007,-0.012857967,-0.012157611,0.00070035644,0.61559799,1.1388427,42.228628,48.091765,False,0.91677111,False,False,False,0.61559799,1.1388427,42.228628,48.091765,0.46581953,1.2470914,32.582985,40.633959,0.91671425,0.95759129,26.862728,25.723514,0.56670731,3.2367164,4.3660894,14.131793,0.20476896,1.3086163,11.032367,14.437134,0.35587278,1.5416896,12.130168,18.700955,0.41638057,1.2833077,13.027961,16.718883,0.62040106,1.00802,24.576539,24.773644
init,init,-1,,3819,066.Western_Gull/Western_Gull_0094_55156.jpg,66,65,066.Western_Gull,186,185,gaussian_blur,gaussian_blur,0,"{""sigma"":1.982993}",5.2882247,4.3268385,-0.9613862,0.0050507197,0.013209244,0.017908687,0.012667814,-0.012857967,0.00054142997,0.013399397,0.62781174,1.3434594,42.228628,56.732449,False,0.88372493,False,False,False,0.62781174,1.3434594,42.228628,56.732449,0.50562063,1.4794873,32.582985,48.206111,0.8834729,1.1135217,26.862728,29.912231,-0.086716158,1.7002802,4.3660894,7.4235754,0.43504814,1.7269549,11.032367,19.052399,0.42834588,2.0660733,12.130168,25.061817,0.45626911,1.5384041,13.027961,20.042268,0.62717297,1.2042485,24.576539,29.59626
init,init,-1,,3819,066.Western_Gull/Western_Gull_0094_55156.jpg,66,65,066.Western_Gull,186,185,random_erasing,random_erasing,0,"{""area_fraction"":0.193801,""erased"":true,""height"":0.314656,""left"":0.1592,""top"":0.488144,""width"":0.615913}",5.2882247,5.0947895,-0.19343519,0.0050507197,0.0061285952,0.017908687,0.016985038,-0.012857967,-0.010856443,0.002001524,0.65579446,1.2383254,42.228628,52.292783,False,0.8921119,False,False,False,0.65579446,1.2383254,42.228628,52.292783,0.52648032,1.3238991,32.582985,43.136585,0.89185867,1.1003947,26.862728,29.559604,0.59976067,2.5856108,4.3660894,11.289008,0.5106347,1.4147474,11.032367,15.608012,0.45236056,1.4509318,12.130168,17.600047,0.3886424,1.3331497,13.027961,17.368223,0.60132236,1.2058682,24.576539,29.636067
init,init,-1,,9415,161.Blue_winged_Warbler/Blue_Winged_Warbler_0059_162064.jpg,161,160,161.Blue_winged_Warbler,129,128,identity,identity,0,{},6.0828781,6.0828781,0,0.0022816001,0.0022816001,0.038435522,0.038435522,-0.036153922,-0.036153922,0,1,1,65.051447,65.051447,False,1,True,False,False,1,1,65.051447,65.051447,1,1,56.887208,56.887208,1,1,31.552121,31.552121,1,1,17.556292,17.556292,1,1,22.460928,22.460928,1,1,20.869755,20.869755,1,1,22.592542,22.592542,1,1,38.437847,38.437847
init,init,-1,,9415,161.Blue_winged_Warbler/Blue_Winged_Warbler_0059_162064.jpg,161,160,161.Blue_winged_Warbler,129,128,horizontal_flip,horizontal_flip,0,"{""flipped"":true}",6.0828781,6.2785511,0.19567299,0.0022816001,0.0018761165,0.038435522,0.045394946,-0.036153922,-0.043518829,-0.0073649071,0.62785885,0.94849818,65.051447,61.701179,False,0.96401554,True,False,False,0.62785885,0.94849818,65.051447,61.701179,0.5249829,0.94956236,56.887208,54.017951,0.96388317,0.94503059,31.552121,29.81772,-0.064526505,0.7351559,17.556292,12.906612,0.40725538,0.96452893,22.460928,21.664215,0.39359145,0.95403581,20.869755,19.910493,0.45509839,1.0246601,22.592542,23.149678,0.72806117,0.95577823,38.437847,36.738058
init,init,-1,,9415,161.Blue_winged_Warbler/Blue_Winged_Warbler_0059_162064.jpg,161,160,161.Blue_winged_Warbler,129,128,color_jitter,color_jitter,0,"{""brightness"":1.06335,""contrast"":0.96403,""hue"":-0.005297,""saturation"":1.283635}",6.0828781,6.0738645,-0.0090136528,0.0022816001,0.002302259,0.038435522,0.034356844,-0.036153922,-0.032054585,0.0040993376,0.94258578,0.95944767,65.051447,62.413459,False,0.9946301,True,False,False,0.94258578,0.95944767,65.051447,62.413459,0.92616902,0.95182458,56.887208,54.146643,0.99460654,0.98381978,31.552121,31.041601,0.93310054,0.84534734,17.556292,14.841165,0.88968152,0.8875755,22.460928,19.93577,0.89430232,1.0032038,20.869755,20.936616,0.90246011,0.97111848,22.592542,21.940036,0.95671992,0.97150149,38.437847,37.342426
init,init,-1,,9415,161.Blue_winged_Warbler/Blue_Winged_Warbler_0059_162064.jpg,161,160,161.Blue_winged_Warbler,129,128,rotation,rotation,0,"{""angle"":-14.383995}",6.0828781,6.3847313,0.30185318,0.0022816001,0.0016871219,0.038435522,0.04479558,-0.036153922,-0.043108458,-0.006954536,0.66116072,1.0789276,65.051447,70.185802,False,0.91566432,True,False,False,0.66116072,1.0789276,65.051447,70.185802,0.59452244,1.1112198,56.887208,63.21419,0.91528623,0.96653134,31.552121,30.496114,0.58362401,1.0825946,17.556292,19.006347,0.5551781,1.4305715,22.460928,32.131963,0.45530399,1.1116774,20.869755,23.200435,0.5116811,1.1181806,22.592542,25.262543,0.7096626,0.9823843,38.437847,37.760738
init,init,-1,,9415,161.Blue_winged_Warbler/Blue_Winged_Warbler_0059_162064.jpg,161,160,161.Blue_winged_Warbler,129,128,random_resized_crop,random_resized_crop,0,"{""area_fraction"":0.713181,""aspect"":1.103435,""fallback"":false,""height"":0.803945,""left"":0.01847,""top"":0.194745,""width"":0.887101}",6.0828781,6.3739877,0.29110956,0.0022816001,0.0017053451,0.038435522,0.0489388,-0.036153922,-0.047233455,-0.011079532,0.74234918,1.1182898,65.051447,72.746371,False,0.94504213,True,False,False,0.74234918,1.1182898,65.051447,72.746371,0.68754148,1.1452441,56.887208,65.149737,0.94479061,1.025789,31.552121,32.365819,0.89431941,1.4879672,17.556292,26.123186,0.67611242,1.5426883,22.460928,34.650212,0.5496713,1.0626967,20.869755,22.178219,0.57039074,1.0155363,22.592542,22.943547,0.75367947,0.95346172,38.437847,36.649016
init,init,-1,,9415,161.Blue_winged_Warbler/Blue_Winged_Warbler_0059_162064.jpg,161,160,161.Blue_winged_Warbler,129,128,gaussian_blur,gaussian_blur,0,"{""sigma"":1.40338}",6.0828781,5.9660301,-0.11684799,0.0022816001,0.0025644021,0.038435522,0.038235862,-0.036153922,-0.03567146,0.00048246258,0.64295211,1.0418586,65.051447,67.774413,False,0.91919303,True,False,False,0.64295211,1.0418586,65.051447,67.774413,0.56370458,1.0571684,56.887208,60.13936,0.91897028,0.99045812,31.552121,31.251055,0.11345569,0.71202867,17.556292,12.500583,0.49879937,1.2706357,22.460928,28.539658,0.4238251,1.270173,20.869755,26.508199,0.54561978,1.0570518,22.592542,23.881487,0.74075733,0.96398268,38.437847,37.053419
init,init,-1,,9415,161.Blue_winged_Warbler/Blue_Winged_Warbler_0059_162064.jpg,161,160,161.Blue_winged_Warbler,129,128,random_erasing,random_erasing,0,"{""area_fraction"":0.180939,""erased"":true,""height"":0.487412,""left"":0.281575,""top"":0.322126,""width"":0.371224}",6.0828781,5.8945198,-0.18835831,0.0022816001,0.0027544978,0.038435522,0.036549889,-0.036153922,-0.033795391,0.0023585316,0.72633922,1.0890231,65.051447,70.842527,False,0.92908102,True,False,False,0.72633922,1.0890231,65.051447,70.842527,0.66333395,1.0860695,56.887208,61.783461,0.92885409,1.0985693,31.552121,34.662192,0.85353506,0.98767263,17.556292,17.339869,0.64635448,1.0656905,22.460928,23.936397,0.55963129,1.20925,20.869755,25.23675,0.56315169,1.1492635,22.592542,25.964784,0.70762044,1.0511602,38.437847,40.404336
init,init,-1,,1298,024.Red_faced_Cormorant/Red_Faced_Cormorant_0002_796275.jpg,24,23,024.Red_faced_Cormorant,44,43,identity,identity,0,{},6.9473791,6.9473791,0,0.00096115057,0.00096115057,0.032044496,0.032044496,-0.031083346,-0.031083346,0,1,1,60.766828,60.766828,False,1,True,False,False,1,1,60.766828,60.766828,1,1,50.469164,50.469164,1,1,33.844805,33.844805,1,1,13.760409,13.760409,1,1,15.965641,15.965641,1,1,20.407445,20.407445,1,1,20.420595,20.420595,1,1,35.628942,35.628942
init,init,-1,,1298,024.Red_faced_Cormorant/Red_Faced_Cormorant_0002_796275.jpg,24,23,024.Red_faced_Cormorant,44,43,horizontal_flip,horizontal_flip,0,"{""flipped"":true}",6.9473791,6.5596647,-0.38771439,0.00096115057,0.0014163605,0.032044496,0.024180552,-0.031083346,-0.022764191,0.0083191543,0.63853613,0.86715313,60.766828,52.694145,False,0.9514513,True,False,False,0.63853613,0.86715313,60.766828,52.694145,0.50077015,0.87254074,50.469164,44.036402,0.95123762,0.85505126,33.844805,28.939043,-0.19670707,0.61256198,13.760409,8.4291034,0.31949813,0.87650667,15.965641,13.993991,0.46238885,0.84132581,20.407445,17.16931,0.39539576,0.92995801,20.420595,18.990295,0.65926722,0.89503003,35.628942,31.888973
init,init,-1,,1298,024.Red_faced_Cormorant/Red_Faced_Cormorant_0002_796275.jpg,24,23,024.Red_faced_Cormorant,44,43,color_jitter,color_jitter,0,"{""brightness"":1.090536,""contrast"":1.336059,""hue"":-0.055838,""saturation"":0.818097}",6.9473791,6.8066168,-0.14076233,0.00096115057,0.0011064303,0.032044496,0.060259402,-0.031083346,-0.059152971,-0.028069626,0.81365955,1.1514228,60.766828,69.968313,False,0.96583128,True,False,False,0.81365955,1.1514228,60.766828,69.968313,0.74930124,1.1693799,50.469164,59.017626,0.96512712,1.1104522,33.844805,37.583037,0.73386818,1.0044381,13.760409,13.821479,0.55890758,1.3082167,15.965641,20.886518,0.71891056,1.1885346,20.407445,24.254955,0.70048204,1.2125311,20.420595,24.760605,0.82519767,1.1416123,35.628942,40.674437
init,init,-1,,1298,024.Red_faced_Cormorant/Red_Faced_Cormorant_0002_796275.jpg,24,23,024.Red_faced_Cormorant,44,43,rotation,rotation,0,"{""angle"":7.019389}",6.9473791,7.4558687,0.50848961,0.00096115057,0.00057803938,0.032044496,0.052565303,-0.031083346,-0.051987263,-0.020903917,0.75965718,1.1846477,60.766828,71.987281,False,0.94215059,True,False,False,0.75965718,1.1846477,60.766828,71.987281,0.68548896,1.2152375,50.469164,61.33202,0.94168317,1.1136188,33.844805,37.69021,0.80631856,1.1804174,13.760409,16.243026,0.56096845,1.3060499,15.965641,20.851925,0.6165811,1.301647,20.407445,26.563288,0.56420409,1.2139803,20.420595,24.7902,0.76308273,1.1717172,35.628942,41.747045
init,init,-1,,1298,024.Red_faced_Cormorant/Red_Faced_Cormorant_0002_796275.jpg,24,23,024.Red_faced_Cormorant,44,43,random_resized_crop,random_resized_crop,0,"{""area_fraction"":0.662181,""aspect"":1.189855,""fallback"":false,""height"":0.746004,""left"":0.019099,""top"":0.247049,""width"":0.887637}",6.9473791,6.8951292,-0.052249908,0.00096115057,0.0010127063,0.032044496,0.034743246,-0.031083346,-0.033730539,-0.0026471936,0.71135861,1.1340564,60.766828,68.913011,False,0.95229059,True,False,False,0.71135861,1.1340564,60.766828,68.913011,0.61777976,1.1759824,50.469164,59.35085,0.95201978,1.0347565,33.844805,35.021131,0.69791932,1.0320864,13.760409,14.201932,0.37561064,1.3496886,15.965641,21.548644,0.61176273,1.3139612,20.407445,26.814591,0.50333429,1.2296216,20.420595,25.109605,0.71724251,1.0895555,35.628942,38.819711
init,init,-1,,1298,024.Red_faced_Cormorant/Red_Faced_Cormorant_0002_796275.jpg,24,23,024.Red_faced_Cormorant,44,43,gaussian_blur,gaussian_blur,0,"{""sigma"":1.26538}",6.9473791,7.0585918,0.11121273,0.00096115057,0.00085998845,0.032044496,0.041984763,-0.031083346,-0.041124775,-0.010041429,0.76180266,1.145982,60.766828,69.637691,False,0.93748742,True,False,False,0.76180266,1.145982,60.766828,69.637691,0.69268033,1.1835881,50.469164,59.734703,0.93726583,1.0575768,33.844805,35.793481,0.56369766,1.1507445,13.760409,15.834715,0.41089774,1.3100691,15.965641,20.916093,0.68438839,1.3715303,20.407445,27.989429,0.68037365,1.2245032,20.420595,25.005083,0.79748772,1.0766022,35.628942,38.358197
init,init,-1,,1298,024.Red_faced_Cormorant/Red_Faced_Cormorant_0002_796275.jpg,24,23,024.Red_faced_Cormorant,44,43,random_erasing,random_erasing,0,"{""area_fraction"":0.057891,""erased"":true,""height"":0.429186,""left"":0.117848,""top"":0.29265,""width"":0.134885}",6.9473791,7.06569,0.11831093,0.00096115057,0.00085390545,0.032044496,0.046578452,-0.031083346,-0.045724547,-0.014641201,0.87582415,1.0548447,60.766828,64.099568,False,0.97457552,True,False,False,0.87582415,1.0548447,60.766828,64.099568,0.83062952,1.0479573,50.469164,52.889527,0.97438123,1.0700012,33.844805,36.213982,0.76780969,0.81629055,13.760409,11.232492,0.77164799,1.1026957,15.965641,17.605243,0.83155024,1.0268643,20.407445,20.955677,0.78774176,1.0995601,20.420595,22.453671,0.86822837,1.0568588,35.628942,37.654759
init,init,-1,,5560,095.Baltimore_Oriole/Baltimore_Oriole_0064_89554.jpg,95,94,095.Baltimore_Oriole,28,27,identity,identity,0,{},5.1082063,5.1082063,0,0.0060469201,0.0060469201,0.020760674,0.020760674,-0.014713754,-0.014713754,0,1,1,41.858903,41.858903,False,1,True,False,False,1,1,41.858903,41.858903,1,1,34.062498,34.062498,1,1,24.329282,24.329282,1,1,4.9076458,4.9076458,1,1,10.839739,10.839739,1,1,13.886306,13.886306,1,1,15.139246,15.139246,1,1,24.426268,24.426268
init,init,-1,,5560,095.Baltimore_Oriole/Baltimore_Oriole_0064_89554.jpg,95,94,095.Baltimore_Oriole,28,27,horizontal_flip,horizontal_flip,0,"{""flipped"":true}",5.1082063,5.0965705,-0.01163578,0.0060469201,0.0061176918,0.020760674,0.014505601,-0.014713754,-0.0083879088,0.0063258451,0.67882565,0.91781491,41.858903,38.418725,False,0.95941234,False,False,False,0.67882565,0.91781491,41.858903,38.418725,0.54489184,0.93671587,34.062498,31.906882,0.95931891,0.87958823,24.329282,21.39975,0.35960356,1.123086,4.9076458,5.5117081,0.4374739,0.95079862,10.839739,10.306409,0.50011424,0.91789303,13.886306,12.746143,0.42774662,0.92918852,15.139246,14.067213,0.63485129,0.93454962,24.426268,22.82756
init,init,-1,,5560,095.Baltimore_Oriole/Baltimore_Oriole_0064_89554.jpg,95,94,095.Baltimore_Oriole,28,27,color_jitter,color_jitter,0,"{""brightness"":1.264927,""contrast"":0.778984,""hue"":-0.000865,""saturation"":0.723159}",5.1082063,5.2547145,0.14650822,0.0060469201,0.005222836,0.020760674,0.020676618,-0.014713754,-0.015453782,-0.00074002845,0.87683843,0.98607444,41.858903,41.275995,False,0.98187852,False,False,False,0.87683843,0.98607444,41.858903,41.275995,0.82351571,0.9876612,34.062498,33.642208,0.98186707,0.98295669,24.329282,23.914631,0.62227687,1.1711026,4.9076458,5.7473568,0.71173148,0.96750146,10.839739,10.487464,0.8116986,0.98911027,13.886306,13.735088,0.78386378,0.95714715,15.139246,14.490486,0.87372762,0.99454614,24.426268,24.293051
init,init,-1,,5560,095.Baltimore_Oriole/Baltimore_Oriole_0064_89554.jpg,95,94,095.Baltimore_Oriole,28,27,rotation,rotation,0,"{""angle"":-4.112379}",5.1082063,5.0016966,-0.10650969,0.0060469201,0.0067265234,0.020760674,0.020592865,-0.014713754,-0.013866341,0.00084741274,0.77704115,0.98714595,41.858903,41.320847,False,0.94557619,True,False,False,0.77704115,0.98714595,41.858903,41.320847,0.68902346,0.97890578,34.062498,33.343976,0.94556153,1.0031017,24.329282,24.404746,0.60647698,1.3688204,4.9076458,6.7176855,0.5747398,1.0394357,10.839739,11.267212,0.69007422,0.99580537,13.886306,13.828058,0.6099754,0.93649937,15.139246,14.177894,0.75050781,0.95794615,24.426268,23.39905
init,init,-1,,5560,095.Baltimore_Oriole/Baltimore_Oriole_0064_89554.jpg,95,94,095.Baltimore_Oriole,28,27,random_resized_crop,random_resized_crop,0,"{""area_fraction"":0.530133,""aspect"":1.133246,""fallback"":false,""height"":0.683959,""left"":0.224011,""top"":0.017701,""width"":0.775094}",5.1082063,4.8722477,-0.23595858,0.0060469201,0.0076561375,0.020760674,0.021111535,-0.014713754,-0.013455397,0.0012583565,0.64913501,0.98354409,41.858903,41.170076,False,0.93197387,True,False,False,0.64913501,0.98354409,41.858903,41.170076,0.51065973,0.99652082,34.062498,33.943988,0.93194928,0.9575974,24.329282,23.297658,0.063054638,1.889519,4.9076458,9.27309,0.45264098,1.004219,10.839739,10.885472,0.44251609,0.87815162,13.886306,12.194282,0.42308718,0.94167315,15.139246,14.256221,0.61708036,0.99926873,24.426268,24.408406
init,init,-1,,5560,095.Baltimore_Oriole/Baltimore_Oriole_0064_89554.jpg,95,94,095.Baltimore_Oriole,28,27,gaussian_blur,gaussian_blur,0,"{""sigma"":1.743951}",5.1082063,4.9106879,-0.19751835,0.0060469201,0.0073674186,0.020760674,0.01766758,-0.014713754,-0.010300162,0.0044135922,0.63598014,1.256003,41.858903,52.574908,False,0.91297424,False,False,False,0.63598014,1.256003,41.858903,52.574908,0.50404607,1.2826029,34.062498,43.688659,0.91280253,1.2021562,24.329282,29.247599,0.40390374,1.540889,4.9076458,7.5621376,0.36827654,1.3993278,10.839739,15.168349,0.44033905,1.4426419,13.886306,20.032967,0.42636473,1.2670243,15.139246,19.181792,0.60057453,1.1951071,24.426268,29.192006
init,init,-1,,5560,095.Baltimore_Oriole/Baltimore_Oriole_0064_89554.jpg,95,94,095.Baltimore_Oriole,28,27,random_erasing,random_erasing,0,"{""area_fraction"":0.163102,""erased"":true,""height"":0.295066,""left"":0.18238,""top"":0.090587,""width"":0.552764}",5.1082063,4.8912067,-0.21699953,0.0060469201,0.0075123534,0.020760674,0.014192106,-0.014713754,-0.0066797528,0.0080340011,0.73312817,0.99624612,41.858903,41.70177,False,0.93052226,False,False,False,0.73312817,0.99624612,41.858903,41.70177,0.63237839,0.9960249,34.062498,33.927096,0.93048556,0.99667963,24.329282,24.2485,0.66310192,1.1506416,4.9076458,5.6469414,0.63825705,0.93982699,10.839739,10.18748,0.64677848,1.0750806,13.886306,14.928898,0.56201668,0.97280438,15.139246,14.727525,0.65278826,0.98221026,24.426268,23.991731
init,init,-1,,10914,186.Cedar_Waxwing/Cedar_Waxwing_0062_178788.jpg,186,185,186.Cedar_Waxwing,8,7,identity,identity,0,{},5.2693143,5.2693143,0,0.0051471381,0.0051471381,0.017189369,0.017189369,-0.01204223,-0.01204223,0,1,1,53.079359,53.079359,False,0.99999994,True,False,False,1,1,53.079359,53.079359,1,1,45.833821,45.833821,1,1,26.770865,26.770865,1,1,6.1661324,6.1661324,1,1,18.266807,18.266807,1,1,19.887854,19.887854,1,1,19.89919,19.89919,1,1,30.61923,30.61923
init,init,-1,,10914,186.Cedar_Waxwing/Cedar_Waxwing_0062_178788.jpg,186,185,186.Cedar_Waxwing,8,7,horizontal_flip,horizontal_flip,0,"{""flipped"":true}",5.2693143,5.0604649,-0.20884943,0.0051471381,0.0063426113,0.017189369,0.019972732,-0.01204223,-0.013630121,-0.0015878906,0.66116618,1.2001803,53.079359,63.704801,False,0.94995713,True,False,False,0.66116618,1.2001803,53.079359,63.704801,0.58937255,1.2663079,45.833821,58.03973,0.94990374,0.98099092,26.770865,26.261975,0.49899887,1.3196289,6.1661324,8.1370065,0.57828756,1.2363127,18.266807,22.583486,0.60653747,1.5202662,19.887854,30.234832,0.46247724,1.2947738,19.89919,25.76495,0.65828958,1.1381199,30.61923,34.848355
init,init,-1,,10914,186.Cedar_Waxwing/Cedar_Waxwing_0062_178788.jpg,186,185,186.Cedar_Waxwing,8,7,color_jitter,color_jitter,0,"{""brightness"":0.601474,""contrast"":1.220541,""hue"":0.008547,""saturation"":0.66427}",5.2693143,5.1899815,-0.079332829,0.0051471381,0.0055721095,0.017189369,0.018787479,-0.01204223,-0.01321537,-0.0011731391,0.84354283,1.0115914,53.079359,53.694621,False,0.96530104,False,False,False,0.84354283,1.0115914,53.079359,53.694621,0.80161611,1.0089279,45.833821,46.243021,0.96521463,1.0193584,26.770865,27.289106,0.53657729,1.1213775,6.1661324,6.9145619,0.66882906,0.97782099,18.266807,17.861667,0.78010926,0.95033988,19.887854,18.90022,0.78806975,1.0302939,19.89919,20.502014,0.87343037,1.0296802,30.61923,31.528016
init,init,-1,,10914,186.Cedar_Waxwing/Cedar_Waxwing_0062_178788.jpg,186,185,186.Cedar_Waxwing,8,7,rotation,rotation,0,"{""angle"":5.000735}",5.2693143,5.0657167,-0.20359755,0.0051471381,0.0063093873,0.017189369,0.016120341,-0.01204223,-0.0098109534,0.0022312771,0.81703657,1.037806,53.079359,55.086075,False,0.95916766,False,False,False,0.81703657,1.037806,53.079359,55.086075,0.76853086,1.0375906,45.833821,47.556744,0.95910148,1.0384369,26.770865,27.799853,0.78210606,1.2087581,6.1661324,7.4533627,0.73232888,1.0833245,18.266807,19.78888,0.70984537,1.0005054,19.887854,19.897905,0.72024766,1.0375836,19.89919,20.647073,0.82702977,1.0287721,30.61923,31.50021
init,init,-1,,10914,186.Cedar_Waxwing/Cedar_Waxwing_0062_178788.jpg,186,185,186.Cedar_Waxwing,8,7,random_resized_crop,random_resized_crop,0,"{""area_fraction"":0.700013,""aspect"":0.795271,""fallback"":false,""height"":0.9382,""left"":0.078661,""top"":0.019798,""width"":0.746123}",5.2693143,5.6209116,0.35159731,0.0051471381,0.0036213377,0.017189369,0.016099986,-0.01204223,-0.012478648,-0.00043641753,0.75094021,1.0083122,53.079359,53.520564,False,0.96270174,False,False,False,0.75094021,1.0083122,53.079359,53.520564,0.68113428,1.0164953,45.833821,46.589866,0.96262692,0.9839335,26.770865,26.340751,0.7185267,1.1110323,6.1661324,6.8507724,0.62104893,0.95232126,18.266807,17.395869,0.61532117,1.039553,19.887854,20.674477,0.61407738,1.1260233,19.89919,22.406953,0.76562447,0.97517193,30.61923,29.859014
init,init,-1,,10914,186.Cedar_Waxwing/Cedar_Waxwing_0062_178788.jpg,186,185,186.Cedar_Waxwing,8,7,gaussian_blur,gaussian_blur,0,"{""sigma"":1.069188}",5.2693143,5.0909071,-0.17840719,0.0051471381,0.006152438,0.017189369,0.014246652,-0.01204223,-0.0080942139,0.0039480166,0.78390143,1.0941197,53.079359,58.075172,False,0.9591307,False,False,False,0.78390143,1.0941197,53.079359,58.075172,0.7325842,1.1262909,45.833821,51.622218,0.95908924,0.99383667,26.770865,26.605867,0.65571237,1.6797195,6.1661324,10.357373,0.64884502,1.371839,18.266807,25.059119,0.71647994,1.168847,19.887854,23.245858,0.70236106,1.0912909,19.89919,21.715805,0.8190325,0.98934926,30.61923,30.293113
init,init,-1,,10914,186.Cedar_Waxwing/Cedar_Waxwing_0062_178788.jpg,186,185,186.Cedar_Waxwing,8,7,random_erasing,random_erasing,0,"{""area_fraction"":0.142283,""erased"":true,""height"":0.59564,""left"":0.14158,""top"":0.305488,""width"":0.238874}",5.2693143,5.2543445,-0.014969826,0.0051471381,0.0052247709,0.017189369,0.022922857,-0.01204223,-0.017698086,-0.0056558554,0.79098628,1.197459,53.079359,63.560357,False,0.94617474,True,False,False,0.79098628,1.197459,53.079359,63.560357,0.73992225,1.2073337,45.833821,55.336716,0.94602767,1.1680334,26.770865,31.269264,0.54786493,0.95396179,6.1661324,5.8822547,0.70261543,1.0484544,18.266807,19.151914,0.75938901,1.2959017,19.887854,25.772704,0.7102589,1.2893291,19.89919,25.656604,0.76699537,1.1947479,30.61923,36.582261
init,init,-1,,4238,073.Blue_Jay/Blue_Jay_0061_63645.jpg,73,72,073.Blue_Jay,8,7,identity,identity,0,{},6.7692699,6.7692699,0,0.0011485331,0.0011485331,0.035634059,0.035634059,-0.034485526,-0.034485526,0,1,1,68.624561,68.624561,False,0.99999988,True,False,False,1,1,68.624561,68.624561,1,1,59.555861,59.555861,1,1,34.094425,34.094425,1,1,10.296835,10.296835,1,1,19.603396,19.603396,1,1,29.341563,29.341563,1,1,26.596715,26.596715,1,1,38.578103,38.578103
init,init,-1,,4238,073.Blue_Jay/Blue_Jay_0061_63645.jpg,73,72,073.Blue_Jay,8,7,horizontal_flip,horizontal_flip,0,"{""flipped"":true}",6.7692699,6.9122906,0.14302063,0.0011485331,0.00099547522,0.035634059,0.028779717,-0.034485526,-0.027784242,0.0067012844,0.66710316,0.95313079,68.624561,65.408182,False,0.95773751,True,False,False,0.66710316,0.95313079,68.624561,65.408182,0.56894687,0.94554132,59.555861,56.312528,0.95753089,0.97592367,34.094425,33.273556,0.18926817,0.98927789,10.296835,10.186431,0.51280553,1.0564479,19.603396,20.709967,0.57290641,0.84755236,29.341563,24.868511,0.4448199,0.97056899,26.596715,25.813947,0.67398169,0.95369482,38.578103,36.791737
init,init,-1,,4238,073.Blue_Jay/Blue_Jay_0061_63645.jpg,73,72,073.Blue_Jay,8,7,color_jitter,color_jitter,0,"{""brightness"":1.325288,""contrast"":1.155579,""hue"":-0.061074,""saturation"":1.27585}",6.7692699,6.7878542,0.018584251,0.0011485331,0.0011273852,0.035634059,0.024173774,-0.034485526,-0.023046389,0.011439138,0.64729037,1.069999,68.624561,73.428212,False,0.87923974,False,False,False,0.64729037,1.069999,68.624561,73.428212,0.57784817,1.0902752,59.555861,64.932279,0.87864271,1.0056068,34.094425,34.285586,0.0160748,1.4548621,10.296835,14.980474,0.45699422,1.20691,19.603396,23.659535,0.5689851,0.99342099,29.341563,29.148525,0.56499806,1.1022814,26.596715,29.317065,0.68256122,1.0759383,38.578103,41.507661
init,init,-1,,4238,073.Blue_Jay/Blue_Jay_0061_63645.jpg,73,72,073.Blue_Jay,8,7,rotation,rotation,0,"{""angle"":-6.867932}",6.7692699,6.5659242,-0.20334578,0.0011485331,0.0014075225,0.035634059,0.028624259,-0.034485526,-0.027216736,0.0072687899,0.73167013,0.86618431,68.624561,59.441518,False,0.95136011,True,False,False,0.73167013,0.86618431,68.624561,59.441518,0.65793798,0.8606194,59.555861,51.254929,0.95113801,0.88294765,34.094425,30.103592,0.60754381,1.1999969,10.296835,12.356169,0.53364392,0.93427769,19.603396,18.315015,0.64049806,0.8438923,29.341563,24.761119,0.5836173,0.85250955,26.596715,22.673954,0.75152947,0.82450225,38.578103,31.807733
init,init,-1,,4238,073.Blue_Jay/Blue_Jay_0061_63645.jpg,73,72,073.Blue_Jay,8,7,random_resized_crop,random_resized_crop,0,"{""area_fraction"":0.587575,""aspect"":0.815236,""fallback"":false,""height"":0.848965,""left"":0.043796,""top"":0.037417,""width"":0.692107}",6.7692699,6.3207369,-0.44853306,0.0011485331,0.0017986172,0.035634059,0.020697696,-0.034485526,-0.018899079,0.015586447,0.66964469,0.91111136,68.624561,62.524617,False,0.91949856,False,False,False,0.66964469,0.91111136,68.624561,62.524617,0.59183018,0.9213724,59.555861,54.873127,0.91907038,0.87906204,34.094425,29.971115,0.59379527,1.0046417,10.296835,10.344629,0.5071399,1.1729016,19.603396,22.992854,0.53552722,0.84857987,29.341563,24.89866,0.55730221,0.94582613,26.596715,25.155868,0.67939132,0.86850998,38.578103,33.505468
init,init,-1,,4238,073.Blue_Jay/Blue_Jay_0061_63645.jpg,73,72,073.Blue_Jay,8,7,gaussian_blur,gaussian_blur,0,"{""sigma"":1.35044}",6.7692699,6.124804,-0.64446592,0.0011485331,0.0021879198,0.035634059,0.041110937,-0.034485526,-0.038923017,-0.0044374904,0.69475826,0.92357751,68.624561,63.380101,False,0.93261737,True,False,False,0.69475826,0.92357751,68.624561,63.380101,0.62478759,0.94425832,59.555861,56.236117,0.93238168,0.85739691,34.094425,29.232454,0.4080321,1.150875,10.296835,11.85037,0.45058715,1.0834079,19.603396,21.238474,0.56810512,0.95220091,29.341563,27.939063,0.56861884,0.9772375,26.596715,25.991308,0.77350041,0.86550347,38.578103,33.389482
init,init,-1,,4238,073.Blue_Jay/Blue_Jay_0061_63645.jpg,73,72,073.Blue_Jay,8,7,random_erasing,random_erasing,0,"{""area_fraction"":0.197942,""erased"":true,""height"":0.388371,""left"":0.100142,""top"":0.158654,""width"":0.509673}",6.7692699,6.0887108,-0.68055916,0.0011485331,0.0022683321,0.035634059,0.032423869,-0.034485526,-0.030155537,0.0043299897,0.55730652,0.94828285,68.624561,65.075494,False,0.86391902,True,False,False,0.55730652,0.94828285,68.624561,65.075494,0.46348806,0.96285663,59.555861,57.343756,0.86366278,0.90236048,34.094425,30.765462,0.35966724,1.3496945,10.296835,13.897581,0.27213129,1.0543625,19.603396,20.669086,0.36479078,0.94178838,29.341563,27.633543,0.38333167,0.91896286,26.596715,24.441394,0.62823923,0.93710865,38.578103,36.151874
init,init,-1,,4661,080.Green_Kingfisher/Green_Kingfisher_0059_71119.jpg,80,79,080.Green_Kingfisher,129,128,identity,identity,0,{},6.350667,6.350667,0,0.0017455821,0.0017455821,0.037594918,0.037594918,-0.035849336,-0.035849336,0,1,1,47.967863,47.967863,False,0.99999994,True,False,False,1,1,47.967863,47.967863,1,1,37.351527,37.351527,1,1,30.096166,30.096166,1,1,6.5167475,6.5167475,1,1,10.261897,10.261897,1,1,14.005831,14.005831,1,1,16.843885,16.843885,1,1,27.703471,27.703471
init,init,-1,,4661,080.Green_Kingfisher/Green_Kingfisher_0059_71119.jpg,80,79,080.Green_Kingfisher,129,128,horizontal_flip,horizontal_flip,0,"{""flipped"":true}",6.350667,6.1300812,-0.22058582,0.0017455821,0.0021764045,0.037594918,0.033189751,-0.035849336,-0.031013347,0.0048359893,0.70318305,0.90622679,47.967863,43.469762,False,0.97294438,True,False,False,0.70318305,0.90622679,47.967863,43.469762,0.52797739,0.9059795,37.351527,33.839718,0.97285869,0.90660754,30.096166,27.285411,0.46026216,1.1474964,6.5167475,7.4779443,0.29501948,1.011897,10.261897,10.383982,0.40533046,0.86587006,14.005831,12.127229,0.32324888,0.81674333,16.843885,13.757131,0.66759805,0.91677547,27.703471,25.397863
init,init,-1,,4661,080.Green_Kingfisher/Green_Kingfisher_0059_71119.jpg,80,79,080.Green_Kingfisher,129,128,color_jitter,color_jitter,0,"{""brightness"":1.313456,""contrast"":1.195382,""hue"":0.095343,""saturation"":0.938106}",6.350667,6.5946612,0.24399424,0.0017455821,0.0013676501,0.037594918,0.021934973,-0.035849336,-0.020567323,0.015282013,0.65950113,1.1779123,47.967863,56.501934,False,0.8910262,False,False,False,0.65950113,1.1779123,47.967863,56.501934,0.53230016,1.2411643,37.351527,46.359384,0.89054972,1.0732192,30.096166,32.299785,0.074461411,1.2879452,6.5167475,8.3932138,0.3609001,1.3997455,10.261897,14.364044,0.36044708,1.2192342,14.005831,17.076387,0.46298043,1.2656732,16.843885,21.318853,0.65823855,1.2114277,27.703471,33.560754
init,init,-1,,4661,080.Green_Kingfisher/Green_Kingfisher_0059_71119.jpg,80,79,080.Green_Kingfisher,129,128,rotation,rotation,0,"{""angle"":11.773896}",6.350667,6.1627021,-0.18796492,0.0017455821,0.0021065534,0.037594918,0.020826122,-0.035849336,-0.018719568,0.017129768,0.71630024,0.97022262,47.967863,46.539505,False,0.9535501,False,False,False,0.71630024,0.97022262,47.967863,46.539505,0.58468614,1.0197085,37.351527,38.087668,0.95325631,0.88862656,30.096166,26.744253,0.35908772,1.2033919,6.5167475,7.8422014,0.41078961,1.1409325,10.261897,11.708132,0.36011598,1.0151668,14.005831,14.218254,0.47686515,0.99292455,16.843885,16.724707,0.72580903,1.001779,27.703471,27.752756
init,init,-1,,4661,080.Green_Kingfisher/Green_Kingfisher_0059_71119.jpg,80,79,080.Green_Kingfisher,129,128,random_resized_crop,random_resized_crop,0,"{""area_fraction"":0.753793,""aspect"":1.073941,""fallback"":false,""height"":0.837791,""left"":0.097806,""top"":0.129625,""width"":0.899738}",6.350667,6.0945797,-0.2560873,0.0017455821,0.002255057,0.037594918,0.022656074,-0.035849336,-0.020401017,0.015448319,0.68299064,0.85880481,47.967863,41.195031,False,0.95517123,True,False,False,0.68299064,0.85880481,47.967863,41.195031,0.53757243,0.91212051,37.351527,34.069094,0.95487347,0.76949146,30.096166,23.158743,0.20757582,1.6587459,6.5167475,10.809628,0.32212059,1.0659573,10.261897,10.938744,0.30666192,0.89943873,14.005831,12.597387,0.47412759,0.8511587,16.843885,14.336819,0.7088511,0.85417036,27.703471,23.663484
init,init,-1,,4661,080.Green_Kingfisher/Green_Kingfisher_0059_71119.jpg,80,79,080.Green_Kingfisher,129,128,gaussian_blur,gaussian_blur,0,"{""sigma"":1.563341}",6.350667,6.3401194,-0.010547638,0.0017455821,0.0017640913,0.037594918,0.024786232,-0.035849336,-0.023022141,0.012827195,0.56990353,1.1948792,47.967863,57.315803,False,0.89371514,False,False,False,0.56990353,1.1948792,47.967863,57.315803,0.41768064,1.3090868,37.351527,48.896393,0.89335359,0.99361201,30.096166,29.903912,0.20754811,1.4145853,6.5167475,9.2184953,0.2900511,1.7810222,10.261897,18.276667,0.2180529,1.6749322,14.005831,23.458817,0.34988308,1.3274808,16.843885,22.359934,0.58566718,1.0957891,27.703471,30.357163
init,init,-1,,4661,080.Green_Kingfisher/Green_Kingfisher_0059_71119.jpg,80,79,080.Green_Kingfisher,129,128,random_erasing,random_erasing,0,"{""area_fraction"":0.101884,""erased"":true,""height"":0.184039,""left"":0.075106,""top"":0.680537,""width"":0.553602}",6.350667,6.4413214,0.090654373,0.0017455821,0.0015942991,0.037594918,0.039766639,-0.035849336,-0.03817234,-0.0023230043,0.88185867,1.0650687,47.967863,51.089069,False,0.98145813,True,False,False,0.88185867,1.0650687,47.967863,51.089069,0.81826112,1.0714685,37.351527,40.020986,0.98139533,1.0551353,30.096166,31.755529,0.53019754,1.3022828,6.5167475,8.4866479,0.71507614,1.1659391,10.261897,11.964747,0.77817436,1.0084541,14.005831,14.124237,0.80867351,1.0726897,16.843885,18.068262,0.86873006,1.0588942,27.703471,29.335044
init,init,-1,,2841,050.Eared_Grebe/Eared_Grebe_0027_34341.jpg,50,49,050.Eared_Grebe,8,7,identity,identity,0,{},6.0717707,6.0717707,0,0.0023070839,0.0023070839,0.018355265,0.018355265,-0.016048181,-0.016048181,0,1,1,45.237961,45.237961,False,1,True,False,False,1,1,45.237961,45.237961,1,1,35.893264,35.893264,1,1,27.534465,27.534465,1,1,4.8191319,4.8191319,1,1,11.82814,11.82814,1,1,13.971605,13.971605,1,1,15.679478,15.679478,1,1,26.156179,26.156179
init,init,-1,,2841,050.Eared_Grebe/Eared_Grebe_0027_34341.jpg,50,49,050.Eared_Grebe,8,7,horizontal_flip,horizontal_flip,0,"{""flipped"":true}",6.0717707,6.1035662,0.031795502,0.0023070839,0.0022348827,0.018355265,0.021191878,-0.016048181,-0.018956996,-0.0029088142,0.70328823,1.0137424,45.237961,45.859642,False,0.96180272,True,False,False,0.70328823,1.0137424,45.237961,45.859642,0.54782506,1.0052355,35.893264,36.081182,0.96171936,1.028037,27.534465,28.306449,0.14022683,1.3154303,4.8191319,6.339232,0.44797222,1.0516395,11.82814,12.43894,0.42930005,0.88835407,13.971605,12.411732,0.44464001,0.9869043,15.679478,15.474144,0.65406012,1.0211838,26.156179,26.710267
init,init,-1,,2841,050.Eared_Grebe/Eared_Grebe_0027_34341.jpg,50,49,050.Eared_Grebe,8,7,color_jitter,color_jitter,0,"{""brightness"":1.135559,""contrast"":0.735603,""hue"":-0.072886,""saturation"":1.05125}",6.0717707,6.0956221,0.023851395,0.0023070839,0.0022527082,0.018355265,0.019701984,-0.016048181,-0.017449276,-0.0014010943,0.80102841,1.038128,45.237961,46.962793,False,0.9317078,True,False,False,0.80102841,1.038128,45.237961,46.962793,0.72516739,1.0428688,35.893264,37.431965,0.93158659,1.0300218,27.534465,28.361098,0.72009256,1.1556294,4.8191319,5.5691306,0.70277225,1.1190346,11.82814,13.236098,0.71865691,1.1823937,13.971605,16.519938,0.69003783,1.0177071,15.679478,15.957115,0.74946556,0.98768923,26.156179,25.834176
init,init,-1,,2841,050.Eared_Grebe/Eared_Grebe_0027_34341.jpg,50,49,050.Eared_Grebe,8,7,rotation,rotation,0,"{""angle"":-2.772146}",6.0717707,6.0034199,-0.068350792,0.0023070839,0.0024702903,0.018355265,0.018574229,-0.016048181,-0.016103938,-5.5756886e-05,0.81249809,1.0510579,45.237961,47.547715,False,0.97161317,False,False,False,0.81249809,1.0510579,45.237961,47.547715,0.71993968,1.0553014,35.893264,37.878211,0.97154632,1.0438072,27.534465,28.740674,0.69351935,1.7621947,4.8191319,8.492249,0.6799037,1.1143261,11.82814,13.180405,0.54433502,1.0652033,13.971605,14.8826,0.6572094,1.0258599,15.679478,16.084947,0.81212535,1.0177872,26.156179,26.621423
init,init,-1,,2841,050.Eared_Grebe/Eared_Grebe_0027_34341.jpg,50,49,050.Eared_Grebe,8,7,random_resized_crop,random_resized_crop,0,"{""area_fraction"":0.631292,""aspect"":1.042945,""fallback"":false,""height"":0.778009,""left"":0.043811,""top"":0.106706,""width"":0.81142}",6.0717707,5.7166052,-0.35516548,0.0023070839,0.0032908649,0.018355265,0.027781131,-0.016048181,-0.024490266,-0.0084420845,0.75900454,1.1397432,45.237961,51.559659,False,0.94979644,True,False,False,0.75900454,1.1397432,45.237961,51.559659,0.6349272,1.0874042,35.893264,39.030484,0.94956647,1.2235594,27.534465,33.690055,0.38086275,1.5786031,4.8191319,7.6074968,0.58146455,1.2895173,11.82814,15.252591,0.57634131,1.1486878,13.971605,16.049013,0.53781255,0.96465939,15.679478,15.125355,0.71901546,1.0445885,26.156179,27.322445
init,init,-1,,2841,050.Eared_Grebe/Eared_Grebe_0027_34341.jpg,50,49,050.Eared_Grebe,8,7,gaussian_blur,gaussian_blur,0,"{""sigma"":1.798844}",6.0717707,5.7889338,-0.28283691,0.0023070839,0.0030612443,0.018355265,0.02373616,-0.016048181,-0.020674916,-0.0046267346,0.67158449,1.2970269,45.237961,58.674851,False,0.92752981,True,False,False,0.67158449,1.2970269,45.237961,58.674851,0.53599182,1.3411164,35.893264,48.137046,0.92720862,1.2184515,27.534465,33.54941,-0.1233914,2.6049588,4.8191319,12.55364,0.43543071,1.762781,11.82814,20.85042,0.46719466,1.4969939,13.971605,20.915408,0.53990765,1.3102755,15.679478,20.544435,0.67027476,1.124637,26.156179,29.416207
init,init,-1,,2841,050.Eared_Grebe/Eared_Grebe_0027_34341.jpg,50,49,050.Eared_Grebe,8,7,random_erasing,random_erasing,0,"{""area_fraction"":0.13589,""erased"":true,""height"":0.643111,""left"":0.241101,""top"":0.070792,""width"":0.211301}",6.0717707,5.8343935,-0.23737717,0.0023070839,0.002925196,0.018355265,0.029193243,-0.016048181,-0.026268047,-0.010219866,0.62929335,1.1775411,45.237961,53.269561,False,0.85753405,False,False,False,0.62929335,1.1775411,45.237961,53.269561,0.49887632,1.1893255,35.893264,42.688775,0.85720645,1.1572406,27.534465,31.864001,0.31495947,1.1439199,4.8191319,5.512701,0.47703976,1.0964833,11.82814,12.969358,0.47717082,1.3310906,13.971605,18.597472,0.42259642,1.1548984,15.679478,18.108203,0.54439728,1.1783637,26.156179,30.821493
init,init,-1,,6566,113.Baird_Sparrow/Baird_Sparrow_0008_106929.jpg,113,112,113.Baird_Sparrow,129,128,identity,identity,0,{},4.9838138,4.9838138,0,0.0068478975,0.0068478975,0.023014031,0.023014031,-0.016166134,-0.016166134,0,1,1,49.478567,49.478567,False,1.0000001,True,False,False,1,1,49.478567,49.478567,1,1,40.212758,40.212758,1,1,28.828157,28.828157,1,1,4.8436673,4.8436673,1,1,12.449828,12.449828,1,1,18.048972,18.048972,1,1,16.982667,16.982667,1,1,28.712893,28.712893
init,init,-1,,6566,113.Baird_Sparrow/Baird_Sparrow_0008_106929.jpg,113,112,113.Baird_Sparrow,129,128,horizontal_flip,horizontal_flip,0,"{""flipped"":true}",4.9838138,4.8950205,-0.088793278,0.0068478975,0.0074837534,0.023014031,0.024509441,-0.016166134,-0.017025688,-0.00085955393,0.73666111,0.99527375,49.478567,49.244719,False,0.96286899,False,False,False,0.73666111,0.99527375,49.478567,49.244719,0.61976592,0.9931238,40.212758,39.936247,0.96268501,0.99944384,28.828157,28.812124,0.43823041,1.0115972,4.8436673,4.8998405,0.37671975,0.8984921,12.449828,11.186072,0.5624546,1.0528036,18.048972,19.002022,0.49963573,1.05617,16.982667,17.936584,0.74056904,0.96200333,28.712893,27.621899
init,init,-1,,6566,113.Baird_Sparrow/Baird_Sparrow_0008_106929.jpg,113,112,113.Baird_Sparrow,129,128,color_jitter,color_jitter,0,"{""brightness"":0.94238,""contrast"":1.14043,""hue"":-0.013657,""saturation"":0.655702}",4.9838138,4.8769755,-0.10683823,0.0068478975,0.0076200254,0.023014031,0.022886768,-0.016166134,-0.015266743,0.00089939125,0.90717922,0.99494323,49.478567,49.228365,False,0.99108094,False,False,False,0.90717922,0.99494323,49.478567,49.228365,0.86393598,0.99389688,40.212758,39.967335,0.99106411,0.99697605,28.828157,28.740982,0.8301193,1.0539477,4.8436673,5.1049719,0.76335656,1.0784654,12.449828,13.426709,0.80944201,0.97565922,18.048972,17.609646,0.81432216,0.99134007,16.982667,16.835598,0.9253021,0.98354017,28.712893,28.240284
init,init,-1,,6566,113.Baird_Sparrow/Baird_Sparrow_0008_106929.jpg,113,112,113.Baird_Sparrow,129,128,rotation,rotation,0,"{""angle"":-7.967071}",4.9838138,4.9850726,0.0012588501,0.0068478975,0.0068392809,0.023014031,0.018964317,-0.016166134,-0.012125036,0.0040410981,0.78227395,0.98873742,49.478567,48.92131,False,0.95759082,False,False,False,0.78227395,0.98873742,49.478567,48.92131,0.70036844,1.015739,40.212758,40.845666,0.95746979,0.93396375,28.828157,26.924453,0.57436205,1.0287953,4.8436673,4.9831419,0.56243137,0.97057125,12.449828,12.083445,0.6686604,1.0729958,18.048972,19.366471,0.57731029,1.0482057,16.982667,17.801327,0.78978741,0.98850137,28.712893,28.382734
init,init,-1,,6566,113.Baird_Sparrow/Baird_Sparrow_0008_106929.jpg,113,112,113.Baird_Sparrow,129,128,random_resized_crop,random_resized_crop,0,"{""area_fraction"":0.606242,""aspect"":1.288218,""fallback"":false,""height"":0.686007,""left"":0.115434,""top"":0.170302,""width"":0.883726}",4.9838138,4.6310444,-0.35276937,0.0068478975,0.009744578,0.023014031,0.027288778,-0.016166134,-0.0175442,-0.0013780659,0.6921413,1.1476605,49.478567,56.784596,False,0.93561852,True,False,False,0.6921413,1.1476605,49.478567,56.784596,0.59055406,1.21033,40.212758,48.670707,0.9354461,1.0146864,28.828157,29.251539,0.48918677,1.4924384,4.8436673,7.2288752,0.31578452,1.2161081,12.449828,15.140337,0.58900285,1.3862502,18.048972,25.020391,0.48411172,1.3092469,16.982667,22.234504,0.70602759,1.0829961,28.712893,31.095952
init,init,-1,,6566,113.Baird_Sparrow/Baird_Sparrow_0008_106929.jpg,113,112,113.Baird_Sparrow,129,128,gaussian_blur,gaussian_blur,0,"{""sigma"":1.341579}",4.9838138,5.1074977,0.12368393,0.0068478975,0.0060512051,0.023014031,0.027247675,-0.016166134,-0.02119647,-0.0050303359,0.6970979,0.99307747,49.478567,49.13605,False,0.93732512,True,False,False,0.6970979,0.99307747,49.478567,49.13605,0.59228121,1.037714,40.212758,41.729343,0.93717965,0.89990146,28.828157,25.9425,0.48510862,1.5164918,4.8436673,7.3453818,0.33886928,1.3232687,12.449828,16.474467,0.50787918,1.1693294,18.048972,21.105194,0.52617084,1.074286,16.982667,18.244241,0.75940277,0.87948641,28.712893,25.252599
init,init,-1,,6566,113.Baird_Sparrow/Baird_Sparrow_0008_106929.jpg,113,112,113.Baird_Sparrow,129,128,random_erasing,random_erasing,0,"{""area_fraction"":0.127943,""erased"":true,""height"":0.429501,""left"":0.195778,""top"":0.124929,""width"":0.297888}",4.9838138,4.9785724,-0.005241394,0.0068478975,0.0068838834,0.023014031,0.026242115,-0.016166134,-0.019358231,-0.0031920974,0.86933529,1.0669605,49.478567,52.791674,False,0.97608715,False,False,False,0.86933529,1.0669605,49.478567,52.791674,0.81640493,1.0784777,40.212758,43.368562,0.97601147,1.0441865,28.828157,30.101971,0.83010427,1.0308924,4.8436673,4.9932997,0.73724795,1.0910375,12.449828,13.583229,0.75313894,1.0980095,18.048972,19.817942,0.74173096,1.0850386,16.982667,18.426849,0.88365501,1.0672788,28.712893,30.644663
init,init,-1,,10350,176.Prairie_Warbler/Prairie_Warbler_0031_172818.jpg,176,175,176.Prairie_Warbler,129,128,identity,identity,0,{},5.7703624,5.7703624,0,0.0031186275,0.0031186275,0.036956884,0.036956884,-0.033838256,-0.033838256,0,1,1,56.700543,56.700543,False,1.0000001,True,False,False,1,1,56.700543,56.700543,1,1,48.21672,48.21672,1,1,29.834535,29.834535,1,1,9.8686721,9.8686721,1,1,18.064378,18.064378,1,1,24.014523,24.014523,1,1,20.29616,20.29616,1,1,30.207751,30.207751
init,init,-1,,10350,176.Prairie_Warbler/Prairie_Warbler_0031_172818.jpg,176,175,176.Prairie_Warbler,129,128,horizontal_flip,horizontal_flip,0,"{""flipped"":true}",5.7703624,5.6278777,-0.14248466,0.0031186275,0.0035961999,0.036956884,0.031654384,-0.033838256,-0.028058184,0.0057800724,0.66538847,0.9745345,56.700543,55.256635,False,0.9696461,True,False,False,0.66538847,0.9745345,56.700543,55.256635,0.55119382,0.9796822,48.21672,47.237062,0.96955499,0.96095915,29.834535,28.66977,0.072585683,0.99841157,9.8686721,9.8529964,0.42179172,1.0197386,18.064378,18.420943,0.57570562,0.97367032,24.014523,23.382229,0.42885301,0.94404217,20.29616,19.160431,0.68917663,0.98262645,30.207751,29.682935
init,init,-1,,10350,176.Prairie_Warbler/Prairie_Warbler_0031_172818.jpg,176,175,176.Prairie_Warbler,129,128,color_jitter,color_jitter,0,"{""brightness"":0.820075,""contrast"":1.399327,""hue"":-0.065289,""saturation"":0.744931}",5.7703624,6.0094671,0.23910475,0.0031186275,0.0024553966,0.036956884,0.050666183,-0.033838256,-0.048210787,-0.01437253,0.78856459,1.0381364,56.700543,58.862895,False,0.95072877,True,False,False,0.78856459,1.0381364,56.700543,58.862895,0.72154172,1.0099393,48.21672,48.695958,0.95047381,1.108406,29.834535,33.068777,0.65912614,0.94931537,9.8686721,9.3684821,0.63918085,1.1298016,18.064378,20.409164,0.69944476,0.87763866,24.014523,21.076074,0.66313831,0.94913922,20.29616,19.263881,0.80057728,1.073561,30.207751,32.429862
init,init,-1,,10350,176.Prairie_Warbler/Prairie_Warbler_0031_172818.jpg,176,175,176.Prairie_Warbler,129,128,rotation,rotation,0,"{""angle"":-3.9038}",5.7703624,5.849442,0.079079628,0.0031186275,0.0028815069,0.036956884,0.034134023,-0.033838256,-0.031252516,0.0025857405,0.77229818,0.97812332,56.700543,55.460123,False,0.95006597,True,False,False,0.77229818,0.97812332,56.700543,55.460123,0.70615447,0.98513485,48.21672,47.499971,0.94985653,0.95956826,29.834535,28.628273,0.80806783,1.0628827,9.8686721,10.489241,0.64354711,0.99642769,18.064378,17.999846,0.70482554,0.91628762,24.014523,22.00421,0.5767675,0.99150197,20.29616,20.123682,0.77636923,1.0112097,30.207751,30.54637
init,init,-1,,10350,176.Prairie_Warbler/Prairie_Warbler_0031_172818.jpg,176,175,176.Prairie_Warbler,129,128,random_resized_crop,random_resized_crop,0,"{""area_fraction"":0.878464,""aspect"":0.962548,""fallback"":false,""height"":0.955324,""left"":0.057085,""top"":0.044466,""width"":0.919545}",5.7703624,5.3287063,-0.44165611,0.0031186275,0.0048503419,0.036956884,0.030089797,-0.033838256,-0.025239456,0.008598801,0.78103988,0.96069358,56.700543,54.471848,False,0.97372878,True,False,False,0.78103988,0.96069358,56.700543,54.471848,0.70342044,0.94536499,48.21672,45.582399,0.97363606,0.99962222,29.834535,29.823264,0.36239203,0.79649789,9.8686721,7.8603765,0.49519417,0.95460227,18.064378,17.244296,0.74721532,0.96371242,24.014523,23.143094,0.61891086,0.87538764,20.29616,17.767007,0.81513525,0.97493331,30.207751,29.450542
init,init,-1,,10350,176.Prairie_Warbler/Prairie_Warbler_0031_172818.jpg,176,175,176.Prairie_Warbler,129,128,gaussian_blur,gaussian_blur,0,"{""sigma"":1.075361}",5.7703624,5.6516924,-0.11866999,0.0031186275,0.0035115699,0.036956884,0.027712654,-0.033838256,-0.024201084,0.0096371721,0.75405783,0.89156959,56.700543,50.55248,False,0.93998826,True,False,False,0.75405783,0.89156959,56.700543,50.55248,0.68366448,0.89407002,48.21672,43.109124,0.93982988,0.8850054,29.834535,26.403725,0.54281759,0.70853093,9.8686721,6.9922594,0.59212355,0.86445833,18.064378,15.615902,0.70514467,0.89629325,24.014523,21.524055,0.54961787,0.92375451,20.29616,18.748669,0.77673412,0.9071069,30.207751,27.401659
init,init,-1,,10350,176.Prairie_Warbler/Prairie_Warbler_0031_172818.jpg,176,175,176.Prairie_Warbler,129,128,random_erasing,random_erasing,0,"{""area_fraction"":0.18054,""erased"":true,""height"":0.388121,""left"":0.393393,""top"":0.321246,""width"":0.465164}",5.7703624,5.4531541,-0.31720829,0.0031186275,0.0042827758,0.036956884,0.022735076,-0.033838256,-0.0184523,0.015385956,0.65535821,0.91196181,56.700543,51.70873,False,0.89575565,True,False,False,0.65535821,0.91196181,56.700543,51.70873,0.55255187,0.8771605,48.21672,42.293802,0.89532204,0.99714654,29.834535,29.749403,0.14665598,0.84309674,9.8686721,8.3202453,0.58871337,0.82645834,18.064378,14.929456,0.51144428,0.70600561,24.014523,16.954388,0.50227887,0.89679403,20.29616,18.201475,0.62813033,0.98085662,30.207751,29.629472
init,init,-1,,7555,129.Song_Sparrow/Song_Sparrow_0121_121203.jpg,129,128,129.Song_Sparrow,8,7,identity,identity,0,{},3.0987194,3.0987194,0,0.045106933,0.045106933,0.036320563,0.036320563,0.0087863691,0.0087863691,0,1,1,55.179896,55.179896,False,1,True,True,True,1,1,55.179896,55.179896,1,1,45.671393,45.671393,1,1,30.966833,30.966833,1,1,9.1279888,9.1279888,1,1,15.451711,15.451711,1,1,19.945497,19.945497,1,1,20.314784,20.314784,1,1,30.875351,30.875351
init,init,-1,,7555,129.Song_Sparrow/Song_Sparrow_0121_121203.jpg,129,128,129.Song_Sparrow,8,7,horizontal_flip,horizontal_flip,0,"{""flipped"":true}",3.0987194,3.1125948,0.013875484,0.045106933,0.044485375,0.036320563,0.029070912,0.0087863691,0.015414463,0.0066280942,0.70130823,1.0005236,55.179896,55.208789,False,0.95330673,True,True,True,0.70130823,1.0005236,55.179896,55.208789,0.59679062,1.0285127,45.671393,46.97361,0.95307942,0.93675882,30.966833,29.008454,0.49937014,0.76891913,9.1279888,7.0186852,0.41946152,1.1374443,15.451711,17.575459,0.58879806,1.0775282,19.945497,21.491836,0.47665339,1.0062744,20.314784,20.442248,0.71191112,1.0079874,30.875351,31.121967
init,init,-1,,7555,129.Song_Sparrow/Song_Sparrow_0121_121203.jpg,129,128,129.Song_Sparrow,8,7,color_jitter,color_jitter,0,"{""brightness"":0.953883,""contrast"":1.2308,""hue"":-0.045173,""saturation"":1.334377}",3.0987194,3.2996564,0.20093703,0.045106933,0.036895849,0.036320563,0.032702524,0.0087863691,0.0041933246,-0.0045930445,0.79272225,1.0712288,55.179896,59.110292,False,0.93576992,True,True,True,0.79272225,1.0712288,55.179896,59.110292,0.73112613,1.0898494,45.671393,49.774939,0.93544508,1.0295633,30.966833,31.882316,0.64261281,1.2548335,9.1279888,11.454106,0.64205729,0.99546004,15.451711,15.38156,0.71003408,1.1285273,19.945497,22.509037,0.69056217,1.095491,20.314784,22.254663,0.78946734,1.0780141,30.875351,33.284063
init,init,-1,,7555,129.Song_Sparrow/Song_Sparrow_0121_121203.jpg,129,128,129.Song_Sparrow,8,7,rotation,rotation,0,"{""angle"":11.966102}",3.0987194,3.4562979,0.35757852,0.045106933,0.031546332,0.036320563,0.01871028,0.0087863691,0.012836052,0.004049683,0.72159988,1.0323923,55.179896,56.967297,False,0.95511806,True,True,True,0.72159988,1.0323923,55.179896,56.967297,0.61551836,1.035786,45.671393,47.305788,0.95480806,1.0249715,30.966833,31.740122,0.33980711,0.72595008,9.1279888,6.6264643,0.38849381,0.9985847,15.451711,15.429842,0.56023085,1.0261686,19.945497,20.467442,0.55299499,1.0812018,20.314784,21.96438,0.73927696,1.0517459,30.875351,32.473025
init,init,-1,,7555,129.Song_Sparrow/Song_Sparrow_0121_121203.jpg,129,128,129.Song_Sparrow,8,7,random_resized_crop,random_resized_crop,0,"{""area_fraction"":0.718926,""aspect"":0.901976,""fallback"":false,""height"":0.892781,""left"":0.004057,""top"":0.089017,""width"":0.805266}",3.0987194,3.2590072,0.16028786,0.045106933,0.038426533,0.036320563,0.01868679,0.0087863691,0.019739743,0.010953374,0.75206242,1.0104697,55.179896,55.75761,False,0.96224123,True,True,True,0.75206242,1.0104697,55.179896,55.75761,0.6598364,1.0238114,45.671393,46.758895,0.96194347,0.98082235,30.966833,30.372962,0.27994098,0.82347876,9.1279888,7.5167049,0.5474957,1.1487188,15.451711,17.74967,0.63535962,1.033243,19.945497,20.608545,0.58511871,0.99917171,20.314784,20.297957,0.7635553,1.0129428,30.875351,31.274965
init,init,-1,,7555,129.Song_Sparrow/Song_Sparrow_0121_121203.jpg,129,128,129.Song_Sparrow,8,7,gaussian_blur,gaussian_blur,0,"{""sigma"":1.993678}",3.0987194,3.2254715,0.12675214,0.045106933,0.039737042,0.036320563,0.030635465,0.0087863691,0.0091015771,0.00031520799,0.64928663,1.1426251,55.179896,63.049935,False,0.92006004,True,True,True,0.64928663,1.1426251,55.179896,63.049935,0.55289048,1.2108961,45.671393,55.303313,0.91979087,0.9777988,30.966833,30.279332,0.63554043,1.3177601,9.1279888,12.028499,0.35972741,1.3081588,15.451711,20.21329,0.47846343,1.4211763,19.945497,28.346068,0.48523293,1.2507737,20.314784,25.409196,0.69104181,1.0525287,30.875351,32.497195
init,init,-1,,7555,129.Song_Sparrow/Song_Sparrow_0121_121203.jpg,129,128,129.Song_Sparrow,8,7,random_erasing,random_erasing,0,"{""area_fraction"":0.099023,""erased"":true,""height"":0.2426,""left"":0.493487,""top"":0.231992,""width"":0.408174}",3.0987194,3.3637257,0.2650063,0.045106933,0.034606084,0.036320563,0.031371702,0.0087863691,0.0032343827,-0.0055519864,0.77301724,0.91088094,55.179896,50.262316,False,0.9226867,True,True,True,0.77301724,0.91088094,55.179896,50.262316,0.7024319,0.90263448,45.671393,41.224574,0.92247584,0.92856561,30.966833,28.754736,0.76447509,0.75408784,9.1279888,6.8833054,0.56920361,0.8811747,15.451711,13.615656,0.67359258,0.88087483,19.945497,17.569487,0.66731134,0.89297923,20.314784,18.14068,0.75683088,0.93249519,30.875351,28.791117
init,init,-1,,1074,020.Yellow_breasted_Chat/Yellow_Breasted_Chat_0044_22106.jpg,20,19,020.Yellow_breasted_Chat,88,87,identity,identity,0,{},5.6807475,5.6807475,0,0.0034110076,0.0034110076,0.019981584,0.019981584,-0.016570576,-0.016570576,0,1,1,42.298702,42.298702,False,0.99999982,True,False,False,1,1,42.298702,42.298702,1,1,35.399993,35.399993,1,1,23.15212,23.15212,1,1,6.4946965,6.4946965,1,1,12.317559,12.317559,1,1,12.92261,12.92261,1,1,16.318935,16.318935,1,1,25.019087,25.019087
init,init,-1,,1074,020.Yellow_breasted_Chat/Yellow_Breasted_Chat_0044_22106.jpg,20,19,020.Yellow_breasted_Chat,88,87,horizontal_flip,horizontal_flip,0,"{""flipped"":true}",5.6807475,5.8629427,0.18219519,0.0034110076,0.0028428654,0.019981584,0.021200176,-0.016570576,-0.018357311,-0.0017867349,0.73658797,0.99656333,42.298702,42.153335,False,0.96763557,True,False,False,0.73658797,0.99656333,42.298702,42.153335,0.63929676,1.0011266,35.399993,35.439876,0.96763955,0.98581239,23.15212,22.823647,0.6309223,1.0626536,6.4946965,6.9016127,0.55492399,1.0396006,12.317559,12.805341,0.48245285,1.0503239,12.92261,13.572926,0.58463112,0.95020214,16.318935,15.506287,0.72841725,0.99499658,25.019087,24.893906
init,init,-1,,1074,020.Yellow_breasted_Chat/Yellow_Breasted_Chat_0044_22106.jpg,20,19,020.Yellow_breasted_Chat,88,87,color_jitter,color_jitter,0,"{""brightness"":1.063165,""contrast"":0.879768,""hue"":-0.061573,""saturation"":0.709538}",5.6807475,5.7084227,0.027675152,0.0034110076,0.0033179023,0.019981584,0.017543666,-0.016570576,-0.014225764,0.0023448123,0.731589,1.0200469,42.298702,43.14666,False,0.85430956,False,False,False,0.731589,1.0200469,42.298702,43.14666,0.68112332,1.0310495,35.399993,36.499146,0.85433843,0.99384878,23.15212,23.009706,0.770664,1.0083128,6.4946965,6.5486859,0.63864091,1.1271088,12.317559,13.883229,0.63617596,1.1866249,12.92261,15.33429,0.61421942,0.9725357,16.318935,15.870747,0.73325552,0.98679896,25.019087,24.688809
init,init,-1,,1074,020.Yellow_breasted_Chat/Yellow_Breasted_Chat_0044_22106.jpg,20,19,020.Yellow_breasted_Chat,88,87,rotation,rotation,0,"{""angle"":-12.127721}",5.6807475,5.9850378,0.30429029,0.0034110076,0.0025161179,0.019981584,0.021711083,-0.016570576,-0.019194965,-0.0026243892,0.63338476,1.0199379,42.298702,43.142051,False,0.92574155,False,False,False,0.63338476,1.0199379,42.298702,43.142051,0.48361437,0.9470099,35.399993,33.524144,0.9255868,1.1728743,23.15212,27.154527,0.10256707,0.74343319,6.4946965,4.8283729,0.092111647,0.71121778,12.317559,8.7604666,0.3345566,0.90332758,12.92261,11.67335,0.38524043,0.87191661,16.318935,14.228751,0.64267215,1.0461663,25.019087,26.174125
init,init,-1,,1074,020.Yellow_breasted_Chat/Yellow_Breasted_Chat_0044_22106.jpg,20,19,020.Yellow_breasted_Chat,88,87,random_resized_crop,random_resized_crop,0,"{""area_fraction"":0.726472,""aspect"":0.940909,""fallback"":false,""height"":0.87869,""left"":0.158689,""top"":0.021103,""width"":0.826767}",5.6807475,5.8214154,0.14066792,0.0034110076,0.0029634074,0.019981584,0.020297173,-0.016570576,-0.017333766,-0.00076318998,0.78683784,0.96121651,42.298702,40.658211,False,0.95545155,True,False,False,0.78683784,0.96121651,42.298702,40.658211,0.71149744,0.94728184,35.399993,33.533771,0.9554652,0.99303161,23.15212,22.990787,0.83479954,1.006289,6.4946965,6.5355414,0.60089249,0.88660258,12.317559,10.920779,0.6011987,0.94747266,12.92261,12.24382,0.69926638,0.93840962,16.318935,15.313846,0.7621494,0.96102475,25.019087,24.043962
init,init,-1,,1074,020.Yellow_breasted_Chat/Yellow_Breasted_Chat_0044_22106.jpg,20,19,020.Yellow_breasted_Chat,88,87,gaussian_blur,gaussian_blur,0,"{""sigma"":1.814093}",5.6807475,5.7245941,0.043846607,0.0034110076,0.0032646777,0.019981584,0.0096166329,-0.016570576,-0.0063519552,0.010218621,0.62116175,0.90447396,42.298702,38.258074,False,0.89669544,False,False,False,0.62116175,0.90447396,42.298702,38.258074,0.49930944,0.89502447,35.399993,31.68386,0.89670594,0.92618977,23.15212,21.443257,0.080414068,0.55536918,6.4946965,3.6069543,0.29854111,0.8551557,12.317559,10.53343,0.36826565,1.1140254,12.92261,14.396116,0.52884811,0.89570774,16.318935,14.616997,0.6058645,0.85631668,25.019087,21.424261
init,init,-1,,1074,020.Yellow_breasted_Chat/Yellow_Breasted_Chat_0044_22106.jpg,20,19,020.Yellow_breasted_Chat,88,87,random_erasing,random_erasing,0,"{""area_fraction"":0.051932,""erased"":true,""height"":0.139382,""left"":0.205751,""top"":0.32531,""width"":0.372588}",5.6807475,5.5670109,-0.11373663,0.0034110076,0.0038218878,0.019981584,0.022762969,-0.016570576,-0.018941081,-0.0023705054,0.63101067,1.067896,42.298702,45.170613,False,0.88764262,True,False,False,0.63101067,1.067896,42.298702,45.170613,0.5211545,1.0675869,35.399993,37.792568,0.8875951,1.0686182,23.15212,24.740776,0.84599709,1.0093866,6.4946965,6.5556598,0.5038347,1.094933,12.317559,13.486902,0.4153649,1.0593682,12.92261,13.689802,0.49321622,1.080267,16.318935,17.628806,0.54505616,1.0614284,25.019087,26.55597
init,init,-1,,7464,128.Seaside_Sparrow/Seaside_Sparrow_0051_796522.jpg,128,127,128.Seaside_Sparrow,129,128,identity,identity,0,{},5.0409541,5.0409541,0,0.0064675747,0.0064675747,0.019718159,0.019718159,-0.013250584,-0.013250584,0,1,1,42.628587,42.628587,False,1,True,False,False,1,1,42.628587,42.628587,1,1,34.603383,34.603383,1,1,24.895829,24.895829,1,1,3.3934125,3.3934125,1,1,9.9678702,9.9678702,1,1,14.148458,14.148458,1,1,15.066761,15.066761,1,1,25.677504,25.677504
init,init,-1,,7464,128.Seaside_Sparrow/Seaside_Sparrow_0051_796522.jpg,128,127,128.Seaside_Sparrow,129,128,horizontal_flip,horizontal_flip,0,"{""flipped"":true}",5.0409541,5.1175823,0.076628208,0.0064675747,0.0059904894,0.019718159,0.024456752,-0.013250584,-0.018466263,-0.0052156788,0.69918022,1.0331789,42.628587,44.042954,False,0.96091127,True,False,False,0.69918022,1.0331789,42.628587,44.042954,0.56206812,1.0288193,34.603383,35.60063,0.96086386,1.0415493,24.895829,25.930234,0.17878174,1.2721184,3.3934125,4.3168224,0.24178311,1.1780089,9.9678702,11.74224,0.49544438,1.0936964,14.148458,15.474117,0.45567381,1.0217898,15.066761,15.395063,0.69164207,0.98093494,25.677504,25.187961
init,init,-1,,7464,128.Seaside_Sparrow/Seaside_Sparrow_0051_796522.jpg,128,127,128.Seaside_Sparrow,129,128,color_jitter,color_jitter,0,"{""brightness"":1.207109,""contrast"":0.687895,""hue"":-0.011984,""saturation"":1.20612}",5.0409541,5.0530658,0.012111664,0.0064675747,0.0063897134,0.019718159,0.0207201,-0.013250584,-0.014330387,-0.0010798024,0.92365408,1.0025614,42.628587,42.737777,False,0.9881891,True,False,False,0.92365408,1.0025614,42.628587,42.737777,0.8905265,1.0052123,34.603383,34.783745,0.98817159,0.99742035,24.895829,24.831606,0.75038708,1.4112773,3.3934125,4.7890459,0.87082575,1.143258,9.9678702,11.395847,0.86210825,1.0269137,14.148458,14.529245,0.85306834,0.97974602,15.066761,14.761599,0.92272954,0.97603021,25.677504,25.06202
init,init,-1,,7464,128.Seaside_Sparrow/Seaside_Sparrow_0051_796522.jpg,128,127,128.Seaside_Sparrow,129,128,rotation,rotation,0,"{""angle"":7.038211}",5.0409541,5.3203835,0.27942944,0.0064675747,0.0048908782,0.019718159,0.022026893,-0.013250584,-0.017136015,-0.0038854303,0.74843783,1.0750616,42.628587,45.828357,False,0.95055926,True,False,False,0.74843783,1.0750616,42.628587,45.828357,0.65019239,1.0958803,34.603383,37.921165,0.950523,1.0336553,24.895829,25.733705,0.47933847,1.4674443,3.3934125,4.9796437,0.52417194,1.6453906,9.9678702,16.40104,0.6160804,1.0802553,14.148458,15.283947,0.5779487,1.0474746,15.066761,15.78205,0.74001729,1.0016801,25.677504,25.720646
init,init,-1,,7464,128.Seaside_Sparrow/Seaside_Sparrow_0051_796522.jpg,128,127,128.Seaside_Sparrow,129,128,random_resized_crop,random_resized_crop,0,"{""area_fraction"":0.58788,""aspect"":0.829634,""fallback"":false,""height"":0.841784,""left"":0.236126,""top"":0.11343,""width"":0.698373}",5.0409541,5.1225548,0.081600666,0.0064675747,0.0059607746,0.019718159,0.043976072,-0.013250584,-0.038015298,-0.024764713,0.65591493,1.21546,42.628587,51.813341,False,0.91767752,True,False,False,0.65591493,1.21546,42.628587,51.813341,0.53510776,1.2563982,34.603383,43.475629,0.91733081,1.132187,24.895829,28.186733,0.3882262,1.8229225,3.3934125,6.1859281,0.39803255,1.9837961,9.9678702,19.774222,0.53577069,1.3566864,14.148458,19.195021,0.45627798,1.1866074,15.066761,17.878331,0.63043344,1.0826045,25.677504,27.798583
init,init,-1,,7464,128.Seaside_Sparrow/Seaside_Sparrow_0051_796522.jpg,128,127,128.Seaside_Sparrow,129,128,gaussian_blur,gaussian_blur,0,"{""sigma"":1.204764}",5.0409541,5.1018386,0.060884476,0.0064675747,0.0060855481,0.019718159,0.021445664,-0.013250584,-0.015360116,-0.0021095313,0.72824334,1.0892683,42.628587,46.433969,False,0.95653844,False,False,False,0.72824334,1.0892683,42.628587,46.433969,0.63228296,1.1482971,34.603383,39.734963,0.95650411,0.96505921,24.895829,24.025949,0.50204216,1.7402759,3.3934125,5.9054739,0.39285015,1.6194306,9.9678702,16.142274,0.54608259,1.3773869,14.148458,19.487901,0.59730425,1.1165845,15.066761,16.823312,0.77245455,0.97019536,25.677504,24.912196
init,init,-1,,7464,128.Seaside_Sparrow/Seaside_Sparrow_0051_796522.jpg,128,127,128.Seaside_Sparrow,129,128,random_erasing,random_erasing,0,"{""area_fraction"":0.120722,""erased"":true,""height"":0.519055,""left"":0.111113,""top"":0.105568,""width"":0.23258}",5.0409541,5.1379414,0.096987247,0.0064675747,0.005869762,0.019718159,0.019685058,-0.013250584,-0.013815296,-0.00056471163,0.87764309,1.0803495,42.628587,46.053773,False,0.97883606,False,False,False,0.87764309,1.0803495,42.628587,46.053773,0.82475773,1.0764101,34.603383,37.247432,0.97876385,1.0879196,24.895829,27.084661,0.80359705,1.1176072,3.3934125,3.7925023,0.80374243,1.1885008,9.9678702,11.846822,0.82337268,1.0638231,14.148458,15.051457,0.76233981,1.0561024,15.066761,15.912043,0.8511035,1.0686027,25.677504,27.43905
init,init,-1,,8913,152.Blue_headed_Vireo/Blue_Headed_Vireo_0122_156017.jpg,152,151,152.Blue_headed_Vireo,129,128,identity,identity,0,{},5.8207936,5.8207936,0,0.0029652508,0.0029652508,0.032601163,0.032601163,-0.029635912,-0.029635912,0,1,1,48.760013,48.760013,False,1.0000001,True,False,False,1,1,48.760013,48.760013,1,1,38.864478,38.864478,1,1,29.446412,29.446412,1,1,5.704923,5.704923,1,1,13.040515,13.040515,1,1,15.738524,15.738524,1,1,17.886326,17.886326,1,1,27.207071,27.207071
init,init,-1,,8913,152.Blue_headed_Vireo/Blue_Headed_Vireo_0122_156017.jpg,152,151,152.Blue_headed_Vireo,129,128,horizontal_flip,horizontal_flip,0,"{""flipped"":true}",5.8207936,5.7479515,-0.072842121,0.0029652508,0.0031893074,0.032601163,0.030799221,-0.029635912,-0.027609914,0.0020259982,0.68951924,0.99591476,48.760013,48.560816,False,0.96441722,True,False,False,0.68951924,0.99591476,48.760013,48.560816,0.53194333,0.99633598,38.864478,38.722078,0.96433089,0.99518057,29.446412,29.304497,-0.052400932,0.98872812,5.704923,5.6406178,0.37383842,0.94293734,13.040515,12.296389,0.42931681,0.97796612,15.738524,15.391743,0.43934178,0.97760238,17.886326,17.485715,0.6618269,1.0223785,27.207071,27.815923
init,init,-1,,8913,152.Blue_headed_Vireo/Blue_Headed_Vireo_0122_156017.jpg,152,151,152.Blue_headed_Vireo,129,128,color_jitter,color_jitter,0,"{""brightness"":1.216142,""contrast"":0.966841,""hue"":-0.009495,""saturation"":0.97909}",5.8207936,5.8640022,0.043208599,0.0029652508,0.0028398558,0.032601163,0.029883161,-0.029635912,-0.027043305,0.0025926067,0.91731447,0.97975941,48.760013,47.773081,False,0.9932431,True,False,False,0.91731447,0.97975941,48.760013,47.773081,0.87668706,0.999608,38.864478,38.849243,0.9932079,0.94418776,29.446412,27.802942,0.84356586,1.0648818,5.704923,6.0750685,0.78427816,0.96593165,13.040515,12.596246,0.83990389,1.030578,15.738524,16.219776,0.85556675,1.016113,17.886326,18.174529,0.92178017,0.98644773,27.207071,26.838353
init,init,-1,,8913,152.Blue_headed_Vireo/Blue_Headed_Vireo_0122_156017.jpg,152,151,152.Blue_headed_Vireo,129,128,rotation,rotation,0,"{""angle"":-7.907797}",5.8207936,5.7282438,-0.092549801,0.0029652508,0.0032527843,0.032601163,0.029669506,-0.029635912,-0.026416722,0.0032191898,0.7589281,1.0358527,48.760013,50.50819,False,0.96236068,True,False,False,0.7589281,1.0358527,48.760013,50.50819,0.65724433,1.0786733,38.864478,41.922077,0.96226497,0.95669394,29.446412,28.171204,0.5158884,0.95628667,5.704923,5.4555418,0.61034239,1.1389405,13.040515,14.852371,0.57961208,1.1773587,15.738524,18.529888,0.56545522,1.102706,17.886326,19.723359,0.7501165,1.0230465,27.207071,27.834098
init,init,-1,,8913,152.Blue_headed_Vireo/Blue_Headed_Vireo_0122_156017.jpg,152,151,152.Blue_headed_Vireo,129,128,random_resized_crop,random_resized_crop,0,"{""area_fraction"":0.578844,""aspect"":1.137573,""fallback"":false,""height"":0.713331,""left"":0.101572,""top"":0.190448,""width"":0.811466}",5.8207936,5.7022076,-0.11858606,0.0029652508,0.0033385879,0.032601163,0.023582231,-0.029635912,-0.020243643,0.0093922687,0.70026388,0.9091376,48.760013,44.329561,False,0.92688835,True,False,False,0.70026388,0.9091376,48.760013,44.329561,0.57545269,0.92181593,38.864478,35.825895,0.92665415,0.88661944,29.446412,26.107761,0.61582932,1.126952,5.704923,6.4291742,0.6156473,0.96761995,13.040515,12.618263,0.43587632,0.97572851,15.738524,15.356526,0.49858289,0.91939657,17.886326,16.444627,0.65101227,0.88265281,27.207071,24.014397
init,init,-1,,8913,152.Blue_headed_Vireo/Blue_Headed_Vireo_0122_156017.jpg,152,151,152.Blue_headed_Vireo,129,128,gaussian_blur,gaussian_blur,0,"{""sigma"":1.201647}",5.8207936,5.8854074,0.064613819,0.0029652508,0.0027797141,0.032601163,0.039989404,-0.029635912,-0.03720969,-0.0075737783,0.7264687,1.1179222,48.760013,54.509901,False,0.93097591,True,False,False,0.7264687,1.1179222,48.760013,54.509901,0.62896214,1.1766711,38.864478,45.730708,0.93073194,1.0074343,29.446412,29.665327,0.64025451,1.5339728,5.704923,8.7511968,0.5560781,1.4474527,13.040515,18.875529,0.58567757,1.222414,15.738524,19.238992,0.55529962,1.1386516,17.886326,20.366294,0.70810205,1.0863021,27.207071,29.555099
init,init,-1,,8913,152.Blue_headed_Vireo/Blue_Headed_Vireo_0122_156017.jpg,152,151,152.Blue_headed_Vireo,129,128,random_erasing,random_erasing,0,"{""area_fraction"":0.156871,""erased"":true,""height"":0.554,""left"":0.567159,""top"":0.131082,""width"":0.283161}",5.8207936,5.6567116,-0.16408205,0.0029652508,0.0034939868,0.032601163,0.021569166,-0.029635912,-0.01807518,0.011560732,0.54193526,1.227186,48.760013,59.837605,False,0.8469063,False,False,False,0.54193526,1.227186,48.760013,59.837605,0.41096967,1.3259135,38.864478,51.530937,0.84648711,1.0329096,29.446412,30.415482,0.16998789,1.2250125,5.704923,6.9886021,0.29973103,1.3107786,13.040515,17.093229,0.31704153,1.4383086,15.738524,22.636855,0.35197704,1.3610131,17.886326,24.343523,0.51076068,1.2782045,27.207071,34.7762
init,init,-1,,3196,056.Pine_Grosbeak/Pine_Grosbeak_0104_38362.jpg,56,55,056.Pine_Grosbeak,46,45,identity,identity,0,{},4.57582,4.57582,0,0.010297853,0.010297853,0.019699449,0.019699449,-0.0094015962,-0.0094015962,0,1,1,47.715259,47.715259,False,1,True,False,False,1,1,47.715259,47.715259,1,1,37.007586,37.007586,1,1,30.119503,30.119503,1,1,5.3058906,5.3058906,1,1,11.898232,11.898232,1,1,14.006778,14.006778,1,1,16.185456,16.185456,1,1,27.233843,27.233843
init,init,-1,,3196,056.Pine_Grosbeak/Pine_Grosbeak_0104_38362.jpg,56,55,056.Pine_Grosbeak,46,45,horizontal_flip,horizontal_flip,0,"{""flipped"":true}",4.57582,4.5872669,0.011446953,0.010297853,0.010180644,0.019699449,0.018709658,-0.0094015962,-0.008529014,0.0008725822,0.70909472,0.98839418,47.715259,47.161484,False,0.979267,False,False,False,0.70909472,0.98839418,47.715259,47.161484,0.53127854,0.9908037,37.007586,36.667253,0.97920043,0.98474539,30.119503,29.660042,0.32568406,1.4600679,5.3058906,7.7469604,0.35845598,0.91081866,11.898232,10.837132,0.38083545,0.94427564,14.006778,13.226259,0.37860626,0.99682121,16.185456,16.134006,0.66768961,0.99330787,27.233843,27.051591
init,init,-1,,3196,056.Pine_Grosbeak/Pine_Grosbeak_0104_38362.jpg,56,55,056.Pine_Grosbeak,46,45,color_jitter,color_jitter,0,"{""brightness"":1.071948,""contrast"":0.827001,""hue"":-0.062523,""saturation"":1.223774}",4.57582,4.7844658,0.20864582,0.010297853,0.0083585894,0.019699449,0.018296635,-0.0094015962,-0.0099380454,-0.00053644925,0.81602302,0.96248847,47.715259,45.925386,False,0.95849013,False,False,False,0.81602302,0.96248847,47.715259,45.925386,0.7231818,0.96820481,37.007586,35.830923,0.95835713,0.95379371,30.119503,28.727793,0.43512442,1.2505834,5.3058906,6.6354588,0.54729179,0.93786026,11.898232,11.158879,0.6294357,0.93462886,14.006778,13.091139,0.67551553,0.93800159,16.185456,15.181984,0.81047645,0.98077221,27.233843,26.710197
init,init,-1,,3196,056.Pine_Grosbeak/Pine_Grosbeak_0104_38362.jpg,56,55,056.Pine_Grosbeak,46,45,rotation,rotation,0,"{""angle"":-13.49033}",4.57582,4.8531356,0.27731562,0.010297853,0.0078038699,0.019699449,0.01811053,-0.0094015962,-0.010306661,-0.0009050644,0.7138557,0.97853967,47.715259,46.691274,False,0.93880934,False,False,False,0.7138557,0.97853967,47.715259,46.691274,0.57056366,0.99280977,37.007586,36.741493,0.93867231,0.95659314,30.119503,28.81211,0.39282763,0.92824768,5.3058906,4.9251806,0.50174805,1.0266689,11.898232,12.215544,0.54822102,1.1207585,14.006778,15.698216,0.46371053,0.97570477,16.185456,15.792227,0.6383405,0.95795971,27.233843,26.088924
init,init,-1,,3196,056.Pine_Grosbeak/Pine_Grosbeak_0104_38362.jpg,56,55,056.Pine_Grosbeak,46,45,random_resized_crop,random_resized_crop,0,"{""area_fraction"":0.631126,""aspect"":0.832012,""fallback"":false,""height"":0.87095,""left"":0.24836,""top"":0.106034,""width"":0.724641}",4.57582,4.8333354,0.25751543,0.010297853,0.0079599274,0.019699449,0.021070441,-0.0094015962,-0.013110514,-0.0037089176,0.69602665,1.0458929,47.715259,49.905052,False,0.95020908,False,False,False,0.69602665,1.0458929,47.715259,49.905052,0.53640261,1.066483,37.007586,39.467963,0.95002053,1.0140167,30.119503,30.541678,0.012041582,1.370103,5.3058906,7.2696164,0.348077,1.1988827,11.898232,14.264584,0.45313384,1.1767961,14.006778,16.483122,0.45510858,1.0303815,16.185456,16.677194,0.66496743,1.0066453,27.233843,27.414819
init,init,-1,,3196,056.Pine_Grosbeak/Pine_Grosbeak_0104_38362.jpg,56,55,056.Pine_Grosbeak,46,45,gaussian_blur,gaussian_blur,0,"{""sigma"":1.179343}",4.57582,4.6548491,0.079029083,0.010297853,0.0095153516,0.019699449,0.014668155,-0.0094015962,-0.0051528029,0.0042487932,0.77635791,1.1121565,47.715259,53.066837,False,0.96475238,False,False,False,0.77635791,1.1121565,47.715259,53.066837,0.66319031,1.1494057,37.007586,42.536731,0.96460745,1.0534298,30.119503,31.728784,0.41407737,1.5064648,5.3058906,7.9931375,0.48621353,1.1161796,11.898232,13.280564,0.55751838,1.3655421,14.006778,19.126846,0.57687663,1.1448911,16.185456,18.530586,0.78538338,1.0767448,27.233843,29.323898
init,init,-1,,3196,056.Pine_Grosbeak/Pine_Grosbeak_0104_38362.jpg,56,55,056.Pine_Grosbeak,46,45,random_erasing,random_erasing,0,"{""area_fraction"":0.150906,""erased"":true,""height"":0.586437,""left"":0.65002,""top"":0.132018,""width"":0.257326}",4.57582,4.688201,0.11238098,0.010297853,0.0092032282,0.019699449,0.014690436,-0.0094015962,-0.0054872083,0.0039143879,0.78264786,1.1018365,47.715259,52.574413,False,0.94264686,False,False,False,0.78264786,1.1018365,47.715259,52.574413,0.69718086,1.1705328,37.007586,43.318594,0.94245858,0.98912934,30.119503,29.792084,0.65938627,1.1325704,5.3058906,6.0092948,0.58012529,1.1633215,11.898232,13.841468,0.65803584,1.2602585,14.006778,17.652161,0.65028767,1.1358556,16.185456,18.384342,0.74912195,1.1607043,27.233843,31.61044
init,init,-1,,8123,139.Scarlet_Tanager/Scarlet_Tanager_0040_137885.jpg,139,138,139.Scarlet_Tanager,114,113,identity,identity,0,{},5.5832853,5.5832853,0,0.0037601921,0.0037601921,0.030713987,0.030713987,-0.026953795,-0.026953795,0,1,1,49.184224,49.184224,False,1,True,False,False,1,1,49.184224,49.184224,1,1,38.356438,38.356438,1,1,30.787523,30.787523,1,1,10.255404,10.255404,1,1,10.665974,10.665974,1,1,14.003585,14.003585,1,1,15.4219,15.4219,1,1,28.606723,28.606723
init,init,-1,,8123,139.Scarlet_Tanager/Scarlet_Tanager_0040_137885.jpg,139,138,139.Scarlet_Tanager,114,113,horizontal_flip,horizontal_flip,0,"{""flipped"":true}",5.5832853,5.3939576,-0.18932772,0.0037601921,0.0045439554,0.030713987,0.0255966,-0.026953795,-0.021052645,0.0059011499,0.75544585,1.0151331,49.184224,49.928536,False,0.9662683,True,False,False,0.75544585,1.0151331,49.184224,49.928536,0.62125735,1.0196215,38.356438,39.109047,0.96612771,1.0081271,30.787523,31.037738,0.86995021,1.1595447,10.255404,11.891599,0.3536683,1.0713907,10.665974,11.427425,0.47998307,0.98360884,14.003585,13.77405,0.44362064,1.0013361,15.4219,15.442505,0.70951025,1.0066871,28.606723,28.79802
init,init,-1,,8123,139.Scarlet_Tanager/Scarlet_Tanager_0040_137885.jpg,139,138,139.Scarlet_Tanager,114,113,color_jitter,color_jitter,0,"{""brightness"":0.629566,""contrast"":1.174097,""hue"":-0.092755,""saturation"":0.736296}",5.5832853,6.3450699,0.76178455,0.0037601921,0.0017553795,0.030713987,0.016191712,-0.026953795,-0.014436332,0.012517462,0.59560197,1.1826351,49.184224,58.166989,False,0.81343156,False,False,False,0.59560197,1.1826351,49.184224,58.166989,0.49919153,1.3001443,38.356438,49.868904,0.81263536,0.97251928,30.787523,29.94146,0.55077305,0.83927096,10.255404,8.607063,0.42762033,1.5337215,10.665974,16.358634,0.48227066,1.4718267,14.003585,20.61085,0.41783991,1.4487932,15.4219,22.343143,0.54862564,1.2215885,28.606723,34.945644
init,init,-1,,8123,139.Scarlet_Tanager/Scarlet_Tanager_0040_137885.jpg,139,138,139.Scarlet_Tanager,114,113,rotation,rotation,0,"{""angle"":9.905669}",5.5832853,5.691237,0.10795164,0.0037601921,0.0033754155,0.030713987,0.014722033,-0.026953795,-0.011346618,0.015607177,0.74910673,0.96779806,49.184224,47.600396,False,0.9486618,False,False,False,0.74910673,0.96779806,49.184224,47.600396,0.62296445,0.97429912,38.356438,37.370644,0.9483739,0.95762017,30.787523,29.482753,0.44463241,0.78991966,10.255404,8.1009455,0.38117033,1.0310064,10.665974,10.996687,0.54966778,1.0738778,14.003585,15.038139,0.54525098,1.0112562,15.4219,15.595492,0.7249846,0.95134421,28.606723,27.214841
init,init,-1,,8123,139.Scarlet_Tanager/Scarlet_Tanager_0040_137885.jpg,139,138,139.Scarlet_Tanager,114,113,random_resized_crop,random_resized_crop,0,"{""area_fraction"":0.862382,""aspect"":1.008561,""fallback"":false,""height"":0.924696,""left"":0.014663,""top"":0.030529,""width"":0.932612}",5.5832853,5.5428724,-0.040412903,0.0037601921,0.0039152652,0.030713987,0.022020856,-0.026953795,-0.018105591,0.0088482038,0.83640782,0.99715943,49.184224,49.044513,False,0.98242354,False,False,False,0.83640782,0.99715943,49.184224,49.044513,0.75036845,1.0265273,38.356438,39.373931,0.98232522,0.94977993,30.787523,29.241372,0.72921979,1.2579513,10.255404,12.900799,0.59473494,1.1741469,10.665974,12.52342,0.67342204,1.0928601,14.003585,15.303959,0.65690754,1.0811366,15.4219,16.67318,0.84211941,0.93461852,28.606723,26.736373
init,init,-1,,8123,139.Scarlet_Tanager/Scarlet_Tanager_0040_137885.jpg,139,138,139.Scarlet_Tanager,114,113,gaussian_blur,gaussian_blur,0,"{""sigma"":1.824038}",5.5832853,5.6009526,0.017667294,0.0037601921,0.0036943431,0.030713987,0.011168054,-0.026953795,-0.0074737112,0.019480083,0.61009238,0.97806754,49.184224,48.105493,False,0.87923741,False,False,False,0.61009238,0.97806754,49.184224,48.105493,0.45581066,1.0172796,38.356438,39.01922,0.87887176,0.91387925,30.787523,28.136079,0.21316794,0.99770003,10.255404,10.231817,0.22392203,1.0594529,10.665974,11.300097,0.42177377,1.0426167,14.003585,14.600372,0.32964923,1.1870075,15.4219,18.30591,0.58207804,0.95210979,28.606723,27.236741
init,init,-1,,8123,139.Scarlet_Tanager/Scarlet_Tanager_0040_137885.jpg,139,138,139.Scarlet_Tanager,114,113,random_erasing,random_erasing,0,"{""area_fraction"":0.12964,""erased"":true,""height"":0.220407,""left"":0.054078,""top"":0.128738,""width"":0.588183}",5.5832853,5.8200197,0.23673439,0.0037601921,0.0029675458,0.030713987,0.033644944,-0.026953795,-0.030677399,-0.0037236041,0.8396698,1.0445807,49.184224,51.376893,False,0.976399,True,False,False,0.8396698,1.0445807,49.184224,51.376893,0.76038614,1.0797124,38.356438,41.41392,0.97631023,0.98757984,30.787523,30.405137,0.74370457,0.85301472,10.255404,8.7480108,0.62840471,1.2482844,10.665974,13.314169,0.71479639,1.1999321,14.003585,16.803351,0.67972144,1.1341648,15.4219,17.490975,0.82858594,1.0328726,28.606723,29.5471
init,init,-1,,7080,121.Grasshopper_Sparrow/Grasshopper_Sparrow_0026_115915.jpg,121,120,121.Grasshopper_Sparrow,129,128,identity,identity,0,{},6.2670975,6.2670975,0,0.0018977291,0.0018977291,0.033101294,0.033101294,-0.031203565,-0.031203565,0,1,1,49.576931,49.576931,False,1,True,False,False,1,1,49.576931,49.576931,1,1,42.134785,42.134785,1,1,26.125312,26.125312,1,1,4.618485,4.618485,1,1,15.194913,15.194913,1,1,17.327182,17.327182,1,1,18.264025,18.264025,1,1,29.821444,29.821444
init,init,-1,,7080,121.Grasshopper_Sparrow/Grasshopper_Sparrow_0026_115915.jpg,121,120,121.Grasshopper_Sparrow,129,128,horizontal_flip,horizontal_flip,0,"{""flipped"":true}",6.2670975,6.0885077,-0.17858982,0.0018977291,0.0022687917,0.033101294,0.026710952,-0.031203565,-0.02444216,0.006761405,0.6967837,0.92885342,49.576931,46.049702,False,0.97102034,True,False,False,0.6967837,0.92885342,49.576931,46.049702,0.58653579,0.91642998,42.134785,38.613581,0.97096284,0.96041579,26.125312,25.091162,0.53941102,0.95347021,4.618485,4.4035879,0.52973116,0.81751241,15.194913,12.42203,0.46993698,0.93935927,17.327182,16.276449,0.46746041,0.91170286,18.264025,16.651364,0.68487451,0.93358887,29.821444,27.840968
init,init,-1,,7080,121.Grasshopper_Sparrow/Grasshopper_Sparrow_0026_115915.jpg,121,120,121.Grasshopper_Sparrow,129,128,color_jitter,color_jitter,0,"{""brightness"":0.604405,""contrast"":1.127468,""hue"":-0.052333,""saturation"":0.963408}",6.2670975,6.1522017,-0.11489582,0.0018977291,0.0021287904,0.033101294,0.03047315,-0.031203565,-0.02834436,0.0028592051,0.78937292,1.060797,49.576931,52.591062,False,0.96579266,True,False,False,0.78937292,1.060797,49.576931,52.591062,0.72278802,1.065964,42.134785,44.914164,0.9657545,1.0472379,26.125312,27.359416,0.23410158,1.7210397,4.618485,7.9485961,0.60297491,1.1568121,15.194913,17.577659,0.60485474,1.0225554,17.327182,17.718004,0.69886342,1.0813472,18.264025,19.749752,0.8311783,1.0287271,29.821444,30.678127
init,init,-1,,7080,121.Grasshopper_Sparrow/Grasshopper_Sparrow_0026_115915.jpg,121,120,121.Grasshopper_Sparrow,129,128,rotation,rotation,0,"{""angle"":13.100198}",6.2670975,6.3122411,0.045143604,0.0018977291,0.0018139632,0.033101294,0.026636643,-0.031203565,-0.02482268,0.0063808849,0.65253794,1.0445776,49.576931,51.786954,False,0.92668998,True,False,False,0.65253794,1.0445776,49.576931,51.786954,0.54592028,1.0410254,42.134785,43.863384,0.92654509,1.0537612,26.125312,27.529841,-0.019423921,1.7573706,4.618485,8.1163896,0.21302852,0.90135657,15.194913,13.696035,0.40148513,0.96394802,17.327182,16.702503,0.52027211,1.0990799,18.264025,20.073623,0.70219227,1.0543505,29.821444,31.442254
init,init,-1,,7080,121.Grasshopper_Sparrow/Grasshopper_Sparrow_0026_115915.jpg,121,120,121.Grasshopper_Sparrow,129,128,random_resized_crop,random_resized_crop,0,"{""area_fraction"":0.684349,""aspect"":1.073916,""fallback"":false,""height"":0.798277,""left"":0.094925,""top"":0.169036,""width"":0.857283}",6.2670975,6.4233847,0.15628719,0.0018977291,0.0016231526,0.033101294,0.045078248,-0.031203565,-0.043455095,-0.01225153,0.7446906,1.1619458,49.576931,57.605707,False,0.96211761,True,False,False,0.7446906,1.1619458,49.576931,57.605707,0.66425816,1.1733844,42.134785,49.440301,0.9619758,1.1316514,26.125312,29.564745,0.35353349,1.3518765,4.618485,6.2436213,0.56086432,1.1766753,15.194913,17.879478,0.59013809,1.1695875,17.327182,20.265655,0.60873056,1.2942353,18.264025,23.637946,0.75391753,1.1203385,29.821444,33.410111
init,init,-1,,7080,121.Grasshopper_Sparrow/Grasshopper_Sparrow_0026_115915.jpg,121,120,121.Grasshopper_Sparrow,129,128,gaussian_blur,gaussian_blur,0,"{""sigma"":1.61131}",6.2670975,6.425518,0.15842056,0.0018977291,0.0016196945,0.033101294,0.027077185,-0.031203565,-0.02545749,0.0057460746,0.67839006,1.1250003,49.576931,55.774061,False,0.91992235,True,False,False,0.67839006,1.1250003,49.576931,55.774061,0.59475118,1.1529301,42.134785,48.578464,0.91977598,1.0488742,26.125312,27.402166,0.32514715,1.8228178,4.618485,8.4186565,0.3634446,0.96883227,15.194913,14.721322,0.49795676,1.1661871,17.327182,20.206736,0.54596975,1.2417563,18.264025,22.679469,0.71497221,1.1369615,29.821444,33.905833
init,init,-1,,7080,121.Grasshopper_Sparrow/Grasshopper_Sparrow_0026_115915.jpg,121,120,121.Grasshopper_Sparrow,129,128,random_erasing,random_erasing,0,"{""area_fraction"":0.193429,""erased"":true,""height"":0.324947,""left"":0.223447,""top"":0.043686,""width"":0.595265}",6.2670975,5.7164726,-0.55062485,0.0018977291,0.0032913003,0.033101294,0.028129013,-0.031203565,-0.024837713,0.0063658521,0.713943,1.0607941,49.576931,52.590918,False,0.89487171,True,False,False,0.713943,1.0607941,49.576931,52.590918,0.64569047,1.0659498,42.134785,44.913567,0.8947238,1.0472648,26.125312,27.360119,0.62351842,0.87733254,4.618485,4.0519472,0.72274209,0.97885578,15.194913,14.873628,0.63618767,1.1197093,17.327182,19.401406,0.60571285,1.0921528,18.264025,19.947107,0.64765176,1.0632017,29.821444,31.706211
init,init,-1,,3435,060.Glaucous_winged_Gull/Glaucous_Winged_Gull_0023_45090.jpg,60,59,060.Glaucous_winged_Gull,186,185,identity,identity,0,{},5.0164642,5.0164642,0,0.0066279201,0.0066279201,0.019193355,0.019193355,-0.012565435,-0.012565435,0,1,1,40.979449,40.979449,False,1,True,False,False,1,1,40.979449,40.979449,1,1,33.278061,33.278061,1,1,23.914137,23.914137,1,1,6.358583,6.358583,1,1,11.307231,11.307231,1,1,11.828889,11.828889,1,1,13.550723,13.550723,1,1,24.81128,24.81128
init,init,-1,,3435,060.Glaucous_winged_Gull/Glaucous_Winged_Gull_0023_45090.jpg,60,59,060.Glaucous_winged_Gull,186,185,horizontal_flip,horizontal_flip,0,"{""flipped"":true}",5.0164642,5.2504025,0.23393822,0.0066279201,0.0052454076,0.019193355,0.016418681,-0.012565435,-0.011173273,0.0013921619,0.63538605,1.0802617,40.979449,44.268528,False,0.96170503,False,False,False,0.63538605,1.0802617,40.979449,44.268528,0.47421005,1.0957941,33.278061,36.465902,0.96164895,1.0495305,23.914137,25.098616,0.24477931,0.85624757,6.358583,5.4445212,0.1883844,1.0749988,11.307231,12.155259,0.20755407,1.137717,11.828889,13.457927,0.33585201,1.1299503,13.550723,15.311644,0.65090062,1.0940259,24.81128,27.144183
init,init,-1,,3435,060.Glaucous_winged_Gull/Glaucous_Winged_Gull_0023_45090.jpg,60,59,060.Glaucous_winged_Gull,186,185,color_jitter,color_jitter,0,"{""brightness"":1.209485,""contrast"":0.907526,""hue"":0.096314,""saturation"":1.274114}",5.0164642,4.9431448,-0.073319435,0.0066279201,0.0071321316,0.019193355,0.015207631,-0.012565435,-0.008075499,0.0044899359,0.74440538,1.1039112,40.979449,45.237674,False,0.93701804,False,False,False,0.74440538,1.1039112,40.979449,45.237674,0.65926684,1.1502405,33.278061,38.277775,0.93696267,1.0081616,23.914137,24.109314,0.6712801,1.2883506,6.358583,8.1920844,0.53030529,1.0858203,11.307231,12.27762,0.53581863,1.2631749,11.828889,14.941955,0.60095264,1.2443565,13.550723,16.861931,0.73971187,1.0962097,24.81128,27.198366
init,init,-1,,3435,060.Glaucous_winged_Gull/Glaucous_Winged_Gull_0023_45090.jpg,60,59,060.Glaucous_winged_Gull,186,185,rotation,rotation,0,"{""angle"":-1.420816}",5.0164642,5.039022,0.022557735,0.0066279201,0.0064800824,0.019193355,0.019397015,-0.012565435,-0.012916932,-0.00035149744,0.81556135,1.0556776,40.979449,43.261088,False,0.97791052,False,False,False,0.81556135,1.0556776,40.979449,43.261088,0.7360784,1.0728878,33.278061,35.703627,0.97787274,1.0215269,23.914137,24.428933,0.54302224,1.1994496,6.358583,7.6267996,0.50110179,1.0548548,11.307231,11.927487,0.69273637,1.1972736,11.828889,14.162416,0.70400033,1.1504345,13.550723,15.58922,0.82791667,1.0122051,24.81128,25.114103
init,init,-1,,3435,060.Glaucous_winged_Gull/Glaucous_Winged_Gull_0023_45090.jpg,60,59,060.Glaucous_winged_Gull,186,185,random_resized_crop,random_resized_crop,0,"{""area_fraction"":0.734508,""aspect"":1.305352,""fallback"":false,""height"":0.750126,""left"":0.018927,""top"":0.100809,""width"":0.979179}",5.0164642,5.488893,0.4724288,0.0066279201,0.0041324156,0.019193355,0.015821606,-0.012565435,-0.01168919,0.00087624462,0.63986455,1.1570039,40.979449,47.413382,False,0.91899145,False,False,False,0.63986455,1.1570039,40.979449,47.413382,0.50199102,1.173362,33.278061,39.047211,0.91879842,1.1246509,23.914137,26.895056,0.6107652,1.2165757,6.358583,7.7356974,0.10193216,1.0638384,11.307231,12.029067,0.51651334,1.3081938,11.828889,15.474479,0.37940053,1.2228573,13.550723,16.5706,0.60849853,1.1443149,24.81128,28.391917
init,init,-1,,3435,060.Glaucous_winged_Gull/Glaucous_Winged_Gull_0023_45090.jpg,60,59,060.Glaucous_winged_Gull,186,185,gaussian_blur,gaussian_blur,0,"{""sigma"":1.024836}",5.0164642,5.1149464,0.098482132,0.0066279201,0.0060063009,0.019193355,0.022007849,-0.012565435,-0.016001548,-0.0034361132,0.79026524,1.1593493,40.979449,47.509498,False,0.96678936,True,False,False,0.79026524,1.1593493,40.979449,47.509498,0.70970692,1.1990139,33.278061,39.900858,0.96674372,1.0784009,23.914137,25.789026,0.36728699,1.1159076,6.358583,7.0955913,0.4286257,1.1551937,11.307231,13.062042,0.59035447,1.3459929,11.828889,15.9216,0.69361891,1.3011944,13.550723,17.632124,0.83094703,1.1447577,24.81128,28.402905
init,init,-1,,3435,060.Glaucous_winged_Gull/Glaucous_Winged_Gull_0023_45090.jpg,60,59,060.Glaucous_winged_Gull,186,185,random_erasing,random_erasing,0,"{""area_fraction"":0.080853,""erased"":true,""height"":0.18517,""left"":0.104815,""top"":0.173144,""width"":0.436643}",5.0164642,5.2138033,0.19733906,0.0066279201,0.0054409425,0.019193355,0.018231321,-0.012565435,-0.012790379,-0.00022494374,0.77945568,1.1784439,40.979449,48.291983,False,0.95940506,False,False,False,0.77945568,1.1784439,40.979449,48.291983,0.68673846,1.1791459,33.278061,39.239688,0.95931345,1.1770834,23.914137,28.148933,0.58724601,1.3673689,6.358583,8.6945286,0.46728356,1.0854434,11.307231,12.273358,0.63735857,1.1943964,11.828889,14.128382,0.66118266,1.1570487,13.550723,15.678847,0.75572416,1.1874959,24.81128,29.463292
init,init,-1,,6277,108.White_necked_Raven/White_Necked_Raven_0018_102746.jpg,108,107,108.White_necked_Raven,129,128,identity,identity,0,{},5.6535525,5.6535525,0,0.0035050435,0.0035050435,0.024236381,0.024236381,-0.020731338,-0.020731338,0,1,1,48.95168,48.95168,False,1,True,False,False,1,1,48.95168,48.95168,1,1,41.801092,41.801092,1,1,25.474217,25.474217,1,1,6.9527743,6.9527743,1,1,17.456484,17.456484,1,1,18.639415,18.639415,1,1,17.160136,17.160136,1,1,27.429242,27.429242
init,init,-1,,6277,108.White_necked_Raven/White_Necked_Raven_0018_102746.jpg,108,107,108.White_necked_Raven,129,128,horizontal_flip,horizontal_flip,0,"{""flipped"":true}",5.6535525,5.7603025,0.10675001,0.0035050435,0.0031501583,0.024236381,0.024641789,-0.020731338,-0.021491631,-0.00076029357,0.67346428,1.0473052,48.95168,51.26735,False,0.95296025,False,False,False,0.67346428,1.0473052,48.95168,51.26735,0.55971286,1.0170709,41.801092,42.514676,0.95286194,1.1246809,25.474217,28.650366,0.37468675,0.93855494,6.9527743,6.5255606,0.45144536,0.78958645,17.456484,13.783403,0.42191422,0.93088883,18.639415,17.351223,0.45260095,1.0741322,17.160136,18.432255,0.70314251,1.1142623,27.429242,30.563369
init,init,-1,,6277,108.White_necked_Raven/White_Necked_Raven_0018_102746.jpg,108,107,108.White_necked_Raven,129,128,color_jitter,color_jitter,0,"{""brightness"":1.364056,""contrast"":0.633664,""hue"":0.091883,""saturation"":1.217216}",5.6535525,5.3407545,-0.31279802,0.0035050435,0.0047922553,0.024236381,0.015325014,-0.020731338,-0.010532758,0.010198579,0.69245796,1.0149472,48.95168,49.68337,False,0.88486457,False,False,False,0.69245796,1.0149472,48.95168,49.68337,0.62541803,1.0305046,41.801092,43.076216,0.88475252,0.97181989,25.474217,24.756351,0.49601898,1.434699,6.9527743,9.9751382,0.59752516,0.88573473,17.456484,15.461814,0.57937817,1.0676335,18.639415,19.900064,0.58298908,1.0493961,17.160136,18.00778,0.69155473,1.029041,27.429242,28.225814
init,init,-1,,6277,108.White_necked_Raven/White_Necked_Raven_0018_102746.jpg,108,107,108.White_necked_Raven,129,128,rotation,rotation,0,"{""angle"":6.577819}",5.6535525,5.7001486,0.04659605,0.0035050435,0.0033454681,0.024236381,0.026946897,-0.020731338,-0.023601429,-0.002870091,0.67996821,1.0273023,48.95168,50.288175,False,0.92923373,True,False,False,0.67996821,1.0273023,48.95168,50.288175,0.58595467,1.0227559,41.801092,42.752314,0.9291103,1.0394452,25.474217,26.479051,0.33101806,1.2615864,6.9527743,8.7715253,0.35876703,0.9863842,17.456484,17.2188,0.52575908,0.93985832,18.639415,17.518409,0.55615412,1.024692,17.160136,17.583854,0.72988899,1.0555339,27.429242,28.952496
init,init,-1,,6277,108.White_necked_Raven/White_Necked_Raven_0018_102746.jpg,108,107,108.White_necked_Raven,129,128,random_resized_crop,random_resized_crop,0,"{""area_fraction"":0.662302,""aspect"":1.150532,""fallback"":false,""height"":0.758715,""left"":0.055193,""top"":0.032608,""width"":0.872926}",5.6535525,5.6270628,-0.026489735,0.0035050435,0.0035991322,0.024236381,0.026640441,-0.020731338,-0.023041309,-0.0023099715,0.67771557,0.98481741,48.95168,48.208467,False,0.91811454,True,False,False,0.67771557,0.98481741,48.95168,48.208467,0.58027611,0.95736922,41.801092,40.019079,0.91803755,1.0551811,25.474217,26.879911,0.51673258,1.0440505,6.9527743,7.2590476,0.53717574,0.89765632,17.456484,15.669923,0.56560281,0.9966293,18.639415,18.576587,0.46036597,0.95915885,17.160136,16.459296,0.65613301,0.95577505,27.429242,26.216185
init,init,-1,,6277,108.White_necked_Raven/White_Necked_Raven_0018_102746.jpg,108,107,108.White_necked_Raven,129,128,gaussian_blur,gaussian_blur,0,"{""sigma"":1.035659}",5.6535525,5.5349483,-0.11860418,0.0035050435,0.0039464124,0.024236381,0.021589398,-0.020731338,-0.017642986,0.0030883516,0.70834581,1.0462541,48.95168,51.215895,False,0.92707688,False,False,False,0.70834581,1.0462541,48.95168,51.215895,0.62467199,1.0371442,41.801092,43.353762,0.9269025,1.0703979,25.474217,27.267549,0.4997691,1.1335966,6.9527743,7.8816414,0.49379693,1.0585031,17.456484,18.477743,0.58202952,0.99373075,18.639415,18.52256,0.5171917,1.0629176,17.160136,18.239811,0.75079706,1.0313175,27.429242,28.288257
init,init,-1,,6277,108.White_necked_Raven/White_Necked_Raven_0018_102746.jpg,108,107,108.White_necked_Raven,129,128,random_erasing,random_erasing,0,"{""area_fraction"":0.156375,""erased"":true,""height"":0.608423,""left"":0.037853,""top"":0.320143,""width"":0.257016}",5.6535525,5.8164635,0.16291094,0.0035050435,0.0029781184,0.024236381,0.017405903,-0.020731338,-0.014427785,0.006303553,0.85351005,0.99870661,48.95168,48.888367,False,0.96832043,False,False,False,0.85351005,0.99870661,48.95168,48.888367,0.81078526,0.99806526,41.801092,41.720217,0.96828094,1.0004315,25.474217,25.485208,0.87319977,0.86801493,6.9527743,6.0351119,0.81058498,0.87670728,17.456484,15.304226,0.78600303,1.0258746,18.639415,19.121703,0.75674637,1.0250519,17.160136,17.590029,0.84337355,1.027871,27.429242,28.193722
init,init,-1,,6248,107.Common_Raven/Common_Raven_0068_101216.jpg,107,106,107.Common_Raven,129,128,identity,identity,0,{},4.5388479,4.5388479,0,0.010685711,0.010685711,0.028858257,0.028858257,-0.018172546,-0.018172546,0,1,1,46.937996,46.937996,False,1,True,False,False,1,1,46.937996,46.937996,1,1,38.591728,38.591728,1,1,26.718046,26.718046,1,1,8.067196,8.067196,1,1,13.172368,13.172368,1,1,16.605959,16.605959,1,1,16.556704,16.556704,1,1,26.473538,26.473538
init,init,-1,,6248,107.Common_Raven/Common_Raven_0068_101216.jpg,107,106,107.Common_Raven,129,128,horizontal_flip,horizontal_flip,0,"{""flipped"":true}",4.5388479,4.5297441,-0.009103775,0.010685711,0.010783434,0.028858257,0.031331234,-0.018172546,-0.0205478,-0.0023752535,0.715636,1.0115445,46.937996,47.479871,False,0.94679165,True,False,False,0.715636,1.0115445,46.937996,47.479871,0.61255249,1.0327041,38.591728,39.853834,0.94667758,0.96590787,26.718046,25.80717,0.28435568,0.82383659,8.067196,6.6460512,0.42350068,1.1216079,13.172368,14.774232,0.6367382,1.0672205,16.605959,17.72222,0.55404667,1.0717838,16.556704,17.745207,0.70726437,0.99718695,26.473538,26.399067
init,init,-1,,6248,107.Common_Raven/Common_Raven_0068_101216.jpg,107,106,107.Common_Raven,129,128,color_jitter,color_jitter,0,"{""brightness"":1.075442,""contrast"":1.367551,""hue"":-0.008253,""saturation"":1.028825}",4.5388479,4.6627836,0.1239357,0.010685711,0.0094401492,0.028858257,0.023724785,-0.018172546,-0.014284636,0.0038879104,0.87475846,1.0740431,46.937996,50.41343,False,0.96884263,False,False,False,0.87475846,1.0740431,46.937996,50.41343,0.83185775,1.0887124,38.591728,42.015293,0.96876284,1.0427742,26.718046,27.860888,0.86535411,0.94227755,8.067196,7.6015377,0.77246043,1.1056159,13.172368,14.563579,0.79796288,1.0549189,16.605959,17.51794,0.79748403,1.138246,16.556704,18.845602,0.87223251,1.0904521,26.473538,28.868126
init,init,-1,,6248,107.Common_Raven/Common_Raven_0068_101216.jpg,107,106,107.Common_Raven,129,128,rotation,rotation,0,"{""angle"":-9.081087}",4.5388479,4.9292107,0.39036274,0.010685711,0.0072322083,0.028858257,0.022750132,-0.018172546,-0.015517924,0.0026546228,0.73331401,1.0131625,46.937996,47.555819,False,0.9327637,True,False,False,0.73331401,1.0131625,46.937996,47.555819,0.64478219,1.0352615,38.591728,39.952529,0.93261499,0.96543009,26.718046,25.794405,0.70133376,1.0588383,8.067196,8.5418565,0.40359303,1.0177776,13.172368,13.406541,0.55697496,1.0902303,16.605959,18.104319,0.62049318,1.0954375,16.556704,18.136834,0.75062621,0.98992322,26.473538,26.20677
init,init,-1,,6248,107.Common_Raven/Common_Raven_0068_101216.jpg,107,106,107.Common_Raven,129,128,random_resized_crop,random_resized_crop,0,"{""area_fraction"":0.848475,""aspect"":0.942411,""fallback"":false,""height"":0.948854,""left"":0.069578,""top"":0.030314,""width"":0.894211}",4.5388479,4.8120241,0.27317619,0.010685711,0.0081313848,0.028858257,0.032236289,-0.018172546,-0.024104904,-0.0059323581,0.84288988,1.0718038,46.937996,50.308322,False,0.97485691,True,False,False,0.84288988,1.0718038,46.937996,50.308322,0.78400836,1.0928363,38.591728,42.174441,0.97480747,1.026537,26.718046,27.427064,0.75820904,1.1902857,8.067196,9.6022679,0.63468543,1.1185508,13.172368,14.733963,0.75079414,1.1840773,16.605959,19.662739,0.7513519,1.0848292,16.556704,17.961197,0.85702068,1.0414566,26.473538,27.571042
init,init,-1,,6248,107.Common_Raven/Common_Raven_0068_101216.jpg,107,106,107.Common_Raven,129,128,gaussian_blur,gaussian_blur,0,"{""sigma"":1.214737}",4.5388479,4.5831342,0.044286251,0.010685711,0.010222804,0.028858257,0.026761446,-0.018172546,-0.016538642,0.0016339039,0.68633039,1.1126061,46.937996,52.223502,False,0.91182113,True,False,False,0.68633039,1.1126061,46.937996,52.223502,0.60742273,1.1897876,38.591728,45.91596,0.91168483,0.93120913,26.718046,24.880088,0.66917819,1.0877942,8.067196,8.7754488,0.34986473,1.2915232,13.172368,17.012419,0.54717582,1.3619148,16.605959,22.615902,0.60077683,1.3103563,16.556704,21.695182,0.72534718,1.0411293,26.473538,27.562375
init,init,-1,,6248,107.Common_Raven/Common_Raven_0068_101216.jpg,107,106,107.Common_Raven,129,128,random_erasing,random_erasing,0,"{""area_fraction"":0.088215,""erased"":true,""height"":0.385923,""left"":0.664605,""top"":0.19345,""width"":0.228581}",4.5388479,4.1608124,-0.37803555,0.010685711,0.015594885,0.028858257,0.029177796,-0.018172546,-0.013582911,0.0045896349,0.773191,1.072688,46.937996,50.349824,False,0.92875904,True,False,False,0.773191,1.072688,46.937996,50.349824,0.70230871,1.0883894,38.591728,42.002828,0.92864649,1.0391664,26.718046,27.764496,0.8388784,1.050043,8.067196,8.4709028,0.7135728,1.1821032,13.172368,15.571099,0.65640843,1.0084186,16.605959,16.745758,0.65254504,1.1225266,16.556704,18.585341,0.72550794,1.0844284,26.473538,28.708656
init,init,-1,,1241,023.Brandt_Cormorant/Brandt_Cormorant_0067_23352.jpg,23,22,023.Brandt_Cormorant,129,128,identity,identity,0,{},6.767065,6.767065,0,0.0011510683,0.0011510683,0.024040028,0.024040028,-0.02288896,-0.02288896,0,1,1,63.325107,63.325107,False,1.0000001,True,False,False,1,1,63.325107,63.325107,1,1,54.053253,54.053253,1,1,32.98962,32.98962,1,1,9.2439571,9.2439571,1,1,20.392036,20.392036,1,1,23.069509,23.069509,1,1,23.259889,23.259889,1,1,36.704817,36.704817
init,init,-1,,1241,023.Brandt_Cormorant/Brandt_Cormorant_0067_23352.jpg,23,22,023.Brandt_Cormorant,129,128,horizontal_flip,horizontal_flip,0,"{""flipped"":true}",6.767065,6.5776248,-0.18944025,0.0011510683,0.0013911497,0.024040028,0.015556108,-0.02288896,-0.014164958,0.0087240017,0.63502379,0.92977276,63.325107,58.87796,False,0.95738399,False,False,False,0.63502379,0.92977276,63.325107,58.87796,0.51070898,0.92040205,54.053253,49.750725,0.95715528,0.954475,32.98962,31.487767,0.078978241,0.86223955,9.2439571,7.9705053,0.11700578,0.70769857,20.392036,14.431415,0.40770054,0.88087881,23.069509,20.321442,0.40864201,0.9524699,23.259889,22.154344,0.70392955,0.98214537,36.704817,36.049466
init,init,-1,,1241,023.Brandt_Cormorant/Brandt_Cormorant_0067_23352.jpg,23,22,023.Brandt_Cormorant,129,128,color_jitter,color_jitter,0,"{""brightness"":1.197676,""contrast"":0.995009,""hue"":0.087631,""saturation"":0.707859}",6.767065,6.4506454,-0.3164196,0.0011510683,0.0015795026,0.024040028,0.021126354,-0.02288896,-0.019546852,0.0033421087,0.83646854,0.98488751,63.325107,62.368107,False,0.95872384,False,False,False,0.83646854,0.98488751,63.325107,62.368107,0.79138057,0.9872166,54.053253,53.362269,0.95860268,0.97860726,32.98962,32.283882,0.46849097,0.99951522,9.2439571,9.2394758,0.75092067,1.0400563,20.392036,21.208866,0.79291763,0.9922176,23.069509,22.889973,0.7621406,0.99587991,23.259889,23.164056,0.83820108,0.96393664,36.704817,35.381118
init,init,-1,,1241,023.Brandt_Cormorant/Brandt_Cormorant_0067_23352.jpg,23,22,023.Brandt_Cormorant,129,128,rotation,rotation,0,"{""angle"":-14.953602}",6.767065,6.4927826,-0.27428246,0.0011510683,0.0015143292,0.024040028,0.013523529,-0.02288896,-0.0120092,0.01087976,0.63144543,0.91882121,63.325107,58.184452,False,0.90973604,False,False,False,0.63144543,0.91882121,63.325107,58.184452,0.53581648,0.93660599,54.053253,50.626601,0.90936721,0.86927733,32.98962,28.677129,0.063281545,1.0700244,9.2439571,9.89126,0.33005087,0.86462447,20.392036,17.631454,0.48026357,0.98517477,23.069509,22.727498,0.46008947,0.94753866,23.259889,22.039644,0.68560999,0.92472999,36.704817,33.942045
init,init,-1,,1241,023.Brandt_Cormorant/Brandt_Cormorant_0067_23352.jpg,23,22,023.Brandt_Cormorant,129,128,random_resized_crop,random_resized_crop,0,"{""area_fraction"":0.719227,""aspect"":1.128381,""fallback"":false,""height"":0.798371,""left"":0.042244,""top"":0.018742,""width"":0.900867}",6.767065,6.2825584,-0.48450661,0.0011510683,0.0018686135,0.024040028,0.021489784,-0.02288896,-0.019621171,0.0032677896,0.73028463,0.91110956,63.325107,57.69611,False,0.94791114,True,False,False,0.73028463,0.91110956,63.325107,57.69611,0.64872078,0.90936665,54.053253,49.154226,0.94773716,0.91577227,32.98962,30.210979,0.37355594,1.1431535,9.2439571,10.567262,0.51273926,0.8460886,20.392036,17.25347,0.54680948,0.86013551,23.069509,19.842904,0.58413114,0.91556733,23.259889,21.295995,0.77373935,0.92772153,36.704817,34.051849
init,init,-1,,1241,023.Brandt_Cormorant/Brandt_Cormorant_0067_23352.jpg,23,22,023.Brandt_Cormorant,129,128,gaussian_blur,gaussian_blur,0,"{""sigma"":1.064854}",6.767065,6.3508024,-0.41626263,0.0011510683,0.0017453464,0.024040028,0.016280023,-0.02288896,-0.014534677,0.0083542832,0.72736949,1.0199301,63.325107,64.58718,False,0.94585615,False,False,False,0.72736949,1.0199301,63.325107,64.58718,0.66311064,1.0664795,54.053253,57.646689,0.94568436,0.88290419,32.98962,29.126674,0.6490016,1.1855415,9.2439571,10.959094,0.58587646,1.2943991,20.392036,26.395433,0.57068208,1.0741391,23.069509,24.779862,0.59378081,1.0806382,23.259889,25.135524,0.7763991,0.96726527,36.704817,35.503295
init,init,-1,,1241,023.Brandt_Cormorant/Brandt_Cormorant_0067_23352.jpg,23,22,023.Brandt_Cormorant,129,128,random_erasing,random_erasing,0,"{""area_fraction"":0.075698,""erased"":true,""height"":0.187915,""left"":0.218045,""top"":0.62308,""width"":0.402832}",6.767065,6.5201607,-0.24690437,0.0011510683,0.0014734319,0.024040028,0.025387473,-0.02288896,-0.023914041,-0.0010250813,0.81411895,0.96005236,63.325107,60.795419,False,0.96914041,True,False,False,0.81411895,0.96005236,63.325107,60.795419,0.75423832,0.94939963,54.053253,51.318138,0.96905212,0.98808343,32.98962,32.596497,0.13772676,0.98565536,9.2439571,9.1113558,0.65355629,0.83929159,20.392036,17.114865,0.75877644,0.95271398,23.069509,21.978644,0.74831832,0.95283635,23.259889,22.162868,0.82287092,0.976004,36.704817,35.824048
init,init,-1,,11303,192.Downy_Woodpecker/Downy_Woodpecker_0123_184692.jpg,192,191,192.Downy_Woodpecker,8,7,identity,identity,0,{},6.5243015,6.5243015,0,0.0014673432,0.0014673432,0.025733219,0.025733219,-0.024265876,-0.024265876,0,1,1,60.519296,60.519296,False,1.0000001,True,False,False,1,1,60.519296,60.519296,1,1,52.803465,52.803465,1,1,29.569904,29.569904,1,1,10.758629,10.758629,1,1,20.20142,20.20142,1,1,24.328824,24.328824,1,1,23.480284,23.480284,1,1,33.483504,33.483504
init,init,-1,,11303,192.Downy_Woodpecker/Downy_Woodpecker_0123_184692.jpg,192,191,192.Downy_Woodpecker,8,7,horizontal_flip,horizontal_flip,0,"{""flipped"":true}",6.5243015,6.4011931,-0.12310839,0.0014673432,0.001659576,0.025733219,0.028000383,-0.024265876,-0.026340807,-0.0020749305,0.61166682,0.99482543,60.519296,60.206134,False,0.94968969,True,False,False,0.61166682,0.99482543,60.519296,60.206134,0.50193623,0.98609649,52.803465,52.069312,0.94952564,1.0221624,29.569904,30.225244,0.25653586,1.3753467,10.758629,14.796844,0.27058471,0.91871603,20.20142,18.559369,0.41741285,0.86895461,24.328824,21.140644,0.4425185,0.9280799,23.480284,21.791579,0.67949359,1.0457245,33.483504,35.014521
init,init,-1,,11303,192.Downy_Woodpecker/Downy_Woodpecker_0123_184692.jpg,192,191,192.Downy_Woodpecker,8,7,color_jitter,color_jitter,0,"{""brightness"":0.70472,""contrast"":1.075048,""hue"":-0.034083,""saturation"":0.741194}",6.5243015,6.3657494,-0.15855217,0.0014673432,0.001719452,0.025733219,0.023432845,-0.024265876,-0.021713393,0.002552483,0.82770298,0.97308392,60.519296,58.890354,False,0.96402591,True,False,False,0.82770298,0.97308392,60.519296,58.890354,0.78901303,0.99131518,52.803465,52.344877,0.96393379,0.91251902,29.569904,26.9831,0.48627828,1.236467,10.758629,13.30269,0.71720887,1.0277217,20.20142,20.761438,0.78884991,0.96530523,24.328824,23.484741,0.79242786,0.96221714,23.480284,22.593132,0.85762148,0.97692655,33.483504,32.710924
init,init,-1,,11303,192.Downy_Woodpecker/Downy_Woodpecker_0123_184692.jpg,192,191,192.Downy_Woodpecker,8,7,rotation,rotation,0,"{""angle"":-12.812744}",6.5243015,6.1678863,-0.35641527,0.0014673432,0.0020956609,0.025733219,0.017261958,-0.024265876,-0.015166297,0.0090995794,0.66558636,0.95214184,60.519296,57.622954,False,0.92377454,False,False,False,0.66558636,0.95214184,60.519296,57.622954,0.58404544,0.95031198,52.803465,50.179765,0.92354479,0.95795354,29.569904,28.326594,0.59595811,0.80962229,10.758629,8.7104259,0.50551772,0.8947202,20.20142,18.074619,0.48031075,0.90103103,24.328824,21.921026,0.51381177,0.97913775,23.480284,22.990432,0.69458131,0.99338177,33.483504,33.261902
init,init,-1,,11303,192.Downy_Woodpecker/Downy_Woodpecker_0123_184692.jpg,192,191,192.Downy_Woodpecker,8,7,random_resized_crop,random_resized_crop,0,"{""area_fraction"":0.511835,""aspect"":1.146694,""fallback"":false,""height"":0.6681,""left"":0.084636,""top"":0.296778,""width"":0.766106}",6.5243015,6.0626855,-0.46161604,0.0014673432,0.00232814,0.025733219,0.01352236,-0.024265876,-0.011194221,0.013071656,0.55992227,0.91419944,60.519296,55.326707,False,0.91684663,False,False,False,0.55992227,0.91419944,60.519296,55.326707,0.44445893,0.90694856,52.803465,47.890027,0.91654568,0.93694626,29.569904,27.705411,0.15946582,1.1364565,10.758629,12.226713,0.24156146,0.84055201,20.20142,16.980345,0.27748641,0.84377183,24.328824,20.527977,0.36158949,0.88981467,23.480284,20.893101,0.6657547,0.94334681,33.483504,31.586557
init,init,-1,,11303,192.Downy_Woodpecker/Downy_Woodpecker_0123_184692.jpg,192,191,192.Downy_Woodpecker,8,7,gaussian_blur,gaussian_blur,0,"{""sigma"":1.4023}",6.5243015,6.339201,-0.18510056,0.0014673432,0.0017657123,0.025733219,0.025537424,-0.024265876,-0.023771712,0.00049416476,0.61261949,1.0727857,60.519296,64.924236,False,0.93580598,True,False,False,0.61261949,1.0727857,60.519296,64.924236,0.52362134,1.1009951,52.803465,58.136357,0.93569762,0.97740968,29.569904,28.90191,0.27961296,1.3883398,10.758629,14.936633,0.24406572,1.1629024,20.20142,23.49228,0.46721583,1.1178522,24.328824,27.196029,0.4857401,1.0684434,23.480284,25.087355,0.72329555,1.0499083,33.483504,35.154608
init,init,-1,,11303,192.Downy_Woodpecker/Downy_Woodpecker_0123_184692.jpg,192,191,192.Downy_Woodpecker,8,7,random_erasing,random_erasing,0,"{""area_fraction"":0.171181,""erased"":true,""height"":0.498742,""left"":0.412884,""top"":0.228586,""width"":0.343227}",6.5243015,5.906383,-0.61791849,0.0014673432,0.0027220144,0.025733219,0.019350411,-0.024265876,-0.016628397,0.0076374793,0.70803106,1.0421058,60.519296,63.067507,False,0.9120059,False,False,False,0.70803106,1.0421058,60.519296,63.067507,0.6408852,1.0281907,52.803465,54.292029,0.91165719,1.0852872,29.569904,32.091837,0.34365021,1.1725497,10.758629,12.615028,0.62431683,0.91949866,20.20142,18.575179,0.65065258,1.0685233,24.328824,25.995917,0.57698376,0.98128941,23.480284,23.040954,0.70717168,1.0503026,33.483504,35.167812
init,init,-1,,6956,119.Field_Sparrow/Field_Sparrow_0013_113599.jpg,119,118,119.Field_Sparrow,129,128,identity,identity,0,{},6.2858419,6.2858419,0,0.0018624879,0.0018624879,0.045421708,0.045421708,-0.043559221,-0.043559221,0,1,1,46.240228,46.240228,False,1,True,False,False,1,1,46.240228,46.240228,1,1,37.470027,37.470027,1,1,27.095309,27.095309,1,1,8.0364079,8.0364079,1,1,12.47602,12.47602,1,1,15.491323,15.491323,1,1,15.911489,15.911489,1,1,26.279487,26.279487
init,init,-1,,6956,119.Field_Sparrow/Field_Sparrow_0013_113599.jpg,119,118,119.Field_Sparrow,129,128,horizontal_flip,horizontal_flip,0,"{""flipped"":true}",6.2858419,6.1675615,-0.11828041,0.0018624879,0.0020963415,0.045421708,0.037990473,-0.043559221,-0.035894132,0.0076650887,0.63251958,0.9983232,46.240228,46.162692,False,0.96356374,True,False,False,0.63251958,0.9983232,46.240228,46.162692,0.46129045,1.001914,37.470027,37.541746,0.96346822,0.99141986,27.095309,26.862827,-0.075912381,1.2009701,8.0364079,9.6514854,0.24082105,0.95673247,12.47602,11.936214,0.3049263,0.86362371,15.491323,13.378674,0.37622984,1.0406719,15.911489,16.55864,0.64725171,1.0214673,26.279487,26.843637
init,init,-1,,6956,119.Field_Sparrow/Field_Sparrow_0013_113599.jpg,119,118,119.Field_Sparrow,129,128,color_jitter,color_jitter,0,"{""brightness"":0.804185,""contrast"":1.117062,""hue"":0.059129,""saturation"":1.092743}",6.2858419,6.3266125,0.040770531,0.0018624879,0.001788081,0.045421708,0.043909777,-0.043559221,-0.042121696,0.0014375246,0.78147551,1.0672838,46.240228,49.351448,False,0.95254099,True,False,False,0.78147551,1.0672838,46.240228,49.351448,0.6981784,1.0901761,37.470027,40.848927,0.9524779,1.0220777,27.095309,27.693511,0.66879411,0.91968511,8.0364079,7.3909646,0.59407878,1.2877804,12.47602,16.066375,0.61370043,1.1212109,15.491323,17.36904,0.64325443,1.0920293,15.911489,17.375813,0.78645227,1.0436916,26.279487,27.427681
init,init,-1,,6956,119.Field_Sparrow/Field_Sparrow_0013_113599.jpg,119,118,119.Field_Sparrow,129,128,rotation,rotation,0,"{""angle"":4.61046}",6.2858419,6.4119968,0.1261549,0.0018624879,0.0016417427,0.045421708,0.042762231,-0.043559221,-0.041120488,0.0024387321,0.76528219,1.1545187,46.240228,53.385207,False,0.95617759,False,False,False,0.76528219,1.1545187,46.240228,53.385207,0.66252279,1.1413195,37.470027,42.765273,0.95572964,1.1793495,27.095309,31.95484,0.65354353,1.4137502,8.0364079,11.361473,0.52617911,1.1933254,12.47602,14.887952,0.51982388,1.0231752,15.491323,15.850337,0.58225823,1.1290053,15.911489,17.964156,0.77214365,1.1442292,26.279487,30.069756
init,init,-1,,6956,119.Field_Sparrow/Field_Sparrow_0013_113599.jpg,119,118,119.Field_Sparrow,129,128,random_resized_crop,random_resized_crop,0,"{""area_fraction"":0.543849,""aspect"":1.19285,""fallback"":false,""height"":0.675222,""left"":0.131334,""top"":0.271611,""width"":0.805438}",6.2858419,6.579649,0.29380703,0.0018624879,0.0013883371,0.045421708,0.059941139,-0.043559221,-0.058552802,-0.014993581,0.67841459,1.1199167,46.240228,51.785204,False,0.93870723,True,False,False,0.67841459,1.1199167,46.240228,51.785204,0.54897449,1.1377081,37.470027,42.629952,0.93847026,1.0850804,27.095309,29.400588,0.76531294,1.9015443,8.0364079,15.281586,0.54212723,1.4245064,12.47602,17.772171,0.47471185,1.0822577,15.491323,16.765603,0.43932737,1.0527294,15.911489,16.750493,0.60470746,1.0112743,26.279487,26.575768
init,init,-1,,6956,119.Field_Sparrow/Field_Sparrow_0013_113599.jpg,119,118,119.Field_Sparrow,129,128,gaussian_blur,gaussian_blur,0,"{""sigma"":1.965502}",6.2858419,6.7943497,0.50850773,0.0018624879,0.0011200857,0.045421708,0.059565369,-0.043559221,-0.058445283,-0.014886063,0.63120544,1.2988282,46.240228,60.058111,False,0.91825938,True,False,False,0.63120544,1.2988282,46.240228,60.058111,0.511952,1.3786162,37.470027,51.656786,0.91797197,1.1306686,27.095309,30.635814,0.45904069,1.3908614,8.0364079,11.177529,0.15743197,1.5549917,12.47602,19.400108,0.44374466,1.5416654,15.491323,23.882436,0.50913502,1.4494076,15.911489,23.062233,0.65369129,1.2417508,26.279487,32.632573
init,init,-1,,6956,119.Field_Sparrow/Field_Sparrow_0013_113599.jpg,119,118,119.Field_Sparrow,129,128,random_erasing,random_erasing,0,"{""area_fraction"":0.120273,""erased"":true,""height"":0.510268,""left"":0.486297,""top"":0.039605,""width"":0.235706}",6.2858419,6.2941704,0.0083284378,0.0018624879,0.001847041,0.045421708,0.062476054,-0.043559221,-0.060629013,-0.017069792,0.68175162,1.1082628,46.240228,51.246325,False,0.92330211,True,False,False,0.68175162,1.1082628,46.240228,51.246325,0.55892329,1.1179974,37.470027,41.891394,0.922966,1.0894041,27.095309,29.517739,0.29898778,0.73042268,8.0364079,5.8699745,0.39069588,1.239487,12.47602,15.463865,0.51938087,0.98908585,15.491323,15.322248,0.47183137,1.120162,15.911489,17.823446,0.66267834,1.1597303,26.279487,30.477116
init,init,-1,,9150,156.White_eyed_Vireo/White_Eyed_Vireo_0118_159036.jpg,156,155,156.White_eyed_Vireo,129,128,identity,identity,0,{},5.278367,5.278367,0,0.005100755,0.005100755,0.029650046,0.029650046,-0.024549291,-0.024549291,0,1,1,41.381951,41.381951,False,0.99999994,True,False,False,1,1,41.381951,41.381951,1,1,31.95525,31.95525,1,1,26.293114,26.293114,1,1,4.3591914,4.3591914,1,1,10.284654,10.284654,1,1,12.367544,12.367544,1,1,13.298909,13.298909,1,1,23.802189,23.802189
init,init,-1,,9150,156.White_eyed_Vireo/White_Eyed_Vireo_0118_159036.jpg,156,155,156.White_eyed_Vireo,129,128,horizontal_flip,horizontal_flip,0,"{""flipped"":true}",5.278367,5.0634575,-0.21490955,0.005100755,0.0063236579,0.029650046,0.03219454,-0.024549291,-0.025870882,-0.0013215914,0.67283082,0.95170829,41.381951,39.383545,False,0.97059035,True,False,False,0.67283082,0.95170829,41.381951,39.383545,0.47905342,0.96621684,31.95525,30.875701,0.97054251,0.92986413,26.293114,24.449024,-0.040636744,1.0759585,4.3591914,4.6903092,0.025300069,0.86289002,10.284654,8.8745253,0.32516024,0.92194262,12.367544,11.402166,0.34155847,1.0087519,13.298909,13.4153,0.65722597,0.97861574,23.802189,23.293197
init,init,-1,,9150,156.White_eyed_Vireo/White_Eyed_Vireo_0118_159036.jpg,156,155,156.White_eyed_Vireo,129,128,color_jitter,color_jitter,0,"{""brightness"":0.766892,""contrast"":1.370634,""hue"":-0.094857,""saturation"":0.725569}",5.278367,5.4317198,0.15335274,0.005100755,0.0043755639,0.029650046,0.057239685,-0.024549291,-0.052864121,-0.028314831,0.68308065,1.2256815,41.381951,50.72109,False,0.91445172,True,False,False,0.68308065,1.2256815,41.381951,50.72109,0.53249344,1.2430915,31.95525,39.723299,0.91385399,1.1995035,26.293114,31.538683,0.16014793,1.6092628,4.3591914,7.0150847,0.23241048,1.1847577,10.284654,12.184823,0.37314897,1.4138404,12.367544,17.485734,0.50440279,1.300973,13.298909,17.301522,0.67173151,1.1697157,23.802189,27.841796
init,init,-1,,9150,156.White_eyed_Vireo/White_Eyed_Vireo_0118_159036.jpg,156,155,156.White_eyed_Vireo,129,128,rotation,rotation,0,"{""angle"":-1.856498}",5.278367,5.4303064,0.15193939,0.005100755,0.0043817521,0.029650046,0.037188817,-0.024549291,-0.032807065,-0.0082577742,0.84128331,1.0359521,41.381951,42.869717,False,0.97964156,True,False,False,0.84128331,1.0359521,41.381951,42.869717,0.75173901,1.0530029,31.95525,33.64897,0.97958316,1.0102405,26.293114,26.56237,0.67049447,1.0197311,4.3591914,4.4452032,0.54257117,0.92407039,10.284654,9.5037442,0.68682959,1.114358,12.367544,13.781871,0.66111154,1.1108723,13.298909,14.77339,0.83985472,1.041022,23.802189,24.778603
init,init,-1,,9150,156.White_eyed_Vireo/White_Eyed_Vireo_0118_159036.jpg,156,155,156.White_eyed_Vireo,129,128,random_resized_crop,random_resized_crop,0,"{""area_fraction"":0.593228,""aspect"":0.904755,""fallback"":false,""height"":0.80974,""left"":0.115621,""top"":0.087619,""width"":0.732616}",5.278367,5.7832432,0.50487614,0.005100755,0.0030787138,0.029650046,0.037082277,-0.024549291,-0.034003563,-0.0094542729,0.68447691,1.0827493,41.381951,44.806277,False,0.94589889,True,False,False,0.68447691,1.0827493,41.381951,44.806277,0.50985032,1.0882953,31.95525,34.776748,0.94575591,1.074505,26.293114,28.252084,0.25364122,1.0253413,4.3591914,4.4696589,0.079855952,0.99222249,10.284654,10.204665,0.38779726,1.1869573,12.367544,14.679746,0.38266095,1.1373056,13.298909,15.124924,0.67352449,1.063725,23.802189,25.318983
init,init,-1,,9150,156.White_eyed_Vireo/White_Eyed_Vireo_0118_159036.jpg,156,155,156.White_eyed_Vireo,129,128,gaussian_blur,gaussian_blur,0,"{""sigma"":1.092744}",5.278367,5.3877492,0.10938215,0.005100755,0.0045722527,0.029650046,0.045917593,-0.024549291,-0.04134534,-0.01679605,0.68602736,1.1375721,41.381951,47.074953,False,0.92813241,True,False,False,0.68602736,1.1375721,41.381951,47.074953,0.52758954,1.1520738,31.95525,36.814805,0.92786898,1.1158075,26.293114,29.338053,0.22807275,1.686556,4.3591914,7.3520206,0.28257817,1.1542592,10.284654,11.871156,0.42978124,1.3085591,12.367544,16.183661,0.41799611,1.1948959,13.298909,15.890812,0.66867428,1.0677608,23.802189,25.415045
init,init,-1,,9150,156.White_eyed_Vireo/White_Eyed_Vireo_0118_159036.jpg,156,155,156.White_eyed_Vireo,129,128,random_erasing,random_erasing,0,"{""area_fraction"":0.119002,""erased"":true,""height"":0.256969,""left"":0.021985,""top"":0.353425,""width"":0.4631}",5.278367,5.6365166,0.35814953,0.005100755,0.0035652658,0.029650046,0.034469482,-0.024549291,-0.030904216,-0.0063549252,0.69347118,1.1852592,41.381951,49.048337,False,0.9161644,True,False,False,0.69347118,1.1852592,41.381951,49.048337,0.55366878,1.2176427,31.95525,38.910076,0.91589103,1.1357387,26.293114,29.862106,0.24323715,1.0246736,4.3591914,4.4667482,0.50018759,1.2571343,10.284654,12.929191,0.45962276,1.2224974,12.367544,15.11929,0.50475125,1.2899597,13.298909,17.155056,0.61649388,1.1912646,23.802189,28.354705
init,init,-1,,1514,027.Shiny_Cowbird/Shiny_Cowbird_0062_24271.jpg,27,26,027.Shiny_Cowbird,58,57,identity,identity,0,{},4.5664768,4.5664768,0,0.010394518,0.010394518,0.026252808,0.026252808,-0.01585829,-0.01585829,0,1,1,52.163982,52.163982,False,1.0000001,True,False,False,1,1,52.163982,52.163982,1,1,43.21993,43.21993,1,1,29.208195,29.208195,1,1,5.7386004,5.7386004,1,1,14.289343,14.289343,1,1,18.534696,18.534696,1,1,18.327327,18.327327,1,1,30.84509,30.84509
init,init,-1,,1514,027.Shiny_Cowbird/Shiny_Cowbird_0062_24271.jpg,27,26,027.Shiny_Cowbird,58,57,horizontal_flip,horizontal_flip,0,"{""flipped"":true}",4.5664768,4.4683223,-0.098154545,0.010394518,0.011466539,0.026252808,0.023274736,-0.01585829,-0.011808198,0.0040500918,0.69817988,0.96681941,52.163982,50.43315,False,0.96855044,False,False,False,0.69817988,0.96681941,52.163982,50.43315,0.57893018,0.97681736,43.21993,42.217978,0.96847571,0.94455876,29.208195,27.588857,0.14136032,1.4361325,5.7386004,8.2413904,0.47504676,1.0103334,14.289343,14.437001,0.54976475,0.87018688,18.534696,16.128649,0.46547158,0.97928559,18.327327,17.947687,0.67649909,0.9853554,30.84509,30.393376
init,init,-1,,1514,027.Shiny_Cowbird/Shiny_Cowbird_0062_24271.jpg,27,26,027.Shiny_Cowbird,58,57,color_jitter,color_jitter,0,"{""brightness"":1.23957,""contrast"":0.690919,""hue"":0.079061,""saturation"":1.112384}",4.5664768,4.8291979,0.26272106,0.010394518,0.0079929307,0.026252808,0.024214858,-0.01585829,-0.016221927,-0.00036363769,0.75330295,1.0895072,52.163982,56.833035,False,0.96193725,False,False,False,0.75330295,1.0895072,52.163982,56.833035,0.66570404,1.1145058,43.21993,48.168863,0.96184859,1.0326601,29.208195,30.162137,0.1054704,1.2829779,5.7386004,7.3624976,0.39273814,1.2678943,14.289343,18.117376,0.63436933,1.2285337,18.534696,22.770499,0.60378771,1.0930923,18.327327,20.03346,0.80309803,1.0343773,30.84509,31.905462
init,init,-1,,1514,027.Shiny_Cowbird/Shiny_Cowbird_0062_24271.jpg,27,26,027.Shiny_Cowbird,58,57,rotation,rotation,0,"{""angle"":1.861996}",4.5664768,4.5745859,0.0081090927,0.010394518,0.010310568,0.026252808,0.019058689,-0.01585829,-0.0087481216,0.0071101682,0.85765353,1.0359729,52.163982,54.040473,False,0.9717201,False,False,False,0.85765353,1.0359729,52.163982,54.040473,0.80225903,1.0098042,43.21993,43.643666,0.97162941,1.0910818,29.208195,31.868529,0.50019068,1.1407827,5.7386004,6.546496,0.73012072,0.96757306,14.289343,13.825983,0.7891926,0.92529078,18.534696,17.149983,0.74515533,1.0419436,18.327327,19.096041,0.85463745,1.0313325,30.84509,31.811546
init,init,-1,,1514,027.Shiny_Cowbird/Shiny_Cowbird_0062_24271.jpg,27,26,027.Shiny_Cowbird,58,57,random_resized_crop,random_resized_crop,0,"{""area_fraction"":0.606966,""aspect"":1.129499,""fallback"":false,""height"":0.73306,""left"":0.072199,""top"":0.026189,""width"":0.82799}",4.5664768,4.509037,-0.057439804,0.010394518,0.011009055,0.026252808,0.023308668,-0.01585829,-0.012299613,0.0035586767,0.73439339,1.0831869,52.163982,56.50334,False,0.94744301,False,False,False,0.73439339,1.0831869,52.163982,56.50334,0.65032714,1.1231036,43.21993,48.540457,0.94732694,0.99018341,29.208195,28.92147,0.49042993,1.8508143,5.7386004,10.621083,0.5742265,1.375449,14.289343,19.654262,0.5531431,0.997555,18.534696,18.489378,0.59510954,1.1622952,18.327327,21.301764,0.74758928,1.0562458,30.84509,32.579998
init,init,-1,,1514,027.Shiny_Cowbird/Shiny_Cowbird_0062_24271.jpg,27,26,027.Shiny_Cowbird,58,57,gaussian_blur,gaussian_blur,0,"{""sigma"":1.303003}",4.5664768,5.0199194,0.45344257,0.010394518,0.0066050584,0.026252808,0.025264421,-0.01585829,-0.018659363,-0.0028010732,0.75843808,1.1590982,52.163982,60.463178,False,0.94695169,False,False,False,0.75843808,1.1590982,52.163982,60.463178,0.6862141,1.207541,43.21993,52.189839,0.94680421,1.0452185,29.208195,30.528947,0.36192566,2.1323059,5.7386004,12.236451,0.65711413,1.3465138,14.289343,19.240797,0.61575218,1.1929678,18.534696,22.111296,0.60722885,1.2373263,18.327327,22.676883,0.78316157,1.123387,30.84509,34.650972
init,init,-1,,1514,027.Shiny_Cowbird/Shiny_Cowbird_0062_24271.jpg,27,26,027.Shiny_Cowbird,58,57,random_erasing,random_erasing,0,"{""area_fraction"":0.12446,""erased"":true,""height"":0.314476,""left"":0.023653,""top"":0.598657,""width"":0.395769}",4.5664768,4.7282047,0.16172791,0.010394518,0.0088423323,0.026252808,0.025375128,-0.01585829,-0.016532796,-0.00067450572,0.81345199,1.0833989,52.163982,56.514401,False,0.93843353,True,False,False,0.81345199,1.0833989,52.163982,56.514401,0.76019105,1.1029801,43.21993,47.670723,0.93823125,1.039237,29.208195,30.354237,0.61723157,1.5072848,5.7386004,8.6497053,0.70520234,1.1057509,14.289343,15.800454,0.72815267,1.0075653,18.534696,18.674916,0.71271866,1.1287219,18.327327,20.686455,0.80909205,1.1095738,30.84509,34.224905
init,init,-1,,1639,029.American_Crow/American_Crow_0062_25587.jpg,29,28,029.American_Crow,129,128,identity,identity,0,{},5.9471655,5.9471655,0,0.0026132378,0.0026132378,0.029574845,0.029574845,-0.026961607,-0.026961607,0,1,1,52.078554,52.078554,False,0.99999982,True,False,False,1,1,52.078554,52.078554,1,1,44.225082,44.225082,1,1,27.501235,27.501235,1,1,19.296527,19.296527,1,1,17.140989,17.140989,1,1,15.238627,15.238627,1,1,15.794463,15.794463,1,1,28.425474,28.425474
init,init,-1,,1639,029.American_Crow/American_Crow_0062_25587.jpg,29,28,029.American_Crow,129,128,horizontal_flip,horizontal_flip,0,"{""flipped"":true}",5.9471655,6.0783548,0.13118935,0.0026132378,0.0022919443,0.029574845,0.022741817,-0.026961607,-0.020449873,0.0065117346,0.66096979,0.93775753,52.078554,48.837056,False,0.97433048,False,False,False,0.66096979,0.93775753,52.078554,48.837056,0.52944835,0.9135106,44.225082,40.400081,0.97418483,0.99773225,27.501235,27.438869,0.42989115,0.86803392,19.296527,16.75004,0.28902193,0.71630694,17.140989,12.27821,0.41254015,0.85213162,15.238627,12.985316,0.39967058,0.99390085,15.794463,15.69813,0.70963961,0.98616116,28.425474,28.032098
init,init,-1,,1639,029.American_Crow/American_Crow_0062_25587.jpg,29,28,029.American_Crow,129,128,color_jitter,color_jitter,0,"{""brightness"":0.809822,""contrast"":0.820395,""hue"":-0.090033,""saturation"":1.245976}",5.9471655,5.968751,0.021585464,0.0026132378,0.0025574339,0.029574845,0.027295612,-0.026961607,-0.024738178,0.0022234293,0.87574689,1.0187397,52.078554,53.054488,False,0.97992241,True,False,False,0.87574689,1.0187397,52.078554,53.054488,0.83774698,1.0325958,44.225082,45.666633,0.97988669,0.98200126,27.501235,27.006247,0.88452331,0.97330159,19.296527,18.781341,0.80619727,1.0282488,17.140989,17.625202,0.73766356,1.0915342,15.238627,16.633482,0.77066874,1.0715579,15.794463,16.924682,0.88203247,1.0310341,28.425474,29.307632
init,init,-1,,1639,029.American_Crow/American_Crow_0062_25587.jpg,29,28,029.American_Crow,129,128,rotation,rotation,0,"{""angle"":4.495847}",5.9471655,5.752727,-0.19443846,0.0026132378,0.0031741131,0.029574845,0.025215847,-0.026961607,-0.022041734,0.0049198729,0.80345567,0.92794241,52.078554,48.325899,False,0.96225476,True,False,False,0.80345567,0.92794241,52.078554,48.325899,0.74070519,0.9219437,44.225082,40.773035,0.96221046,0.94327836,27.501235,25.94132,0.85754423,0.94188004,19.296527,18.175014,0.6786797,0.82019609,17.140989,14.058973,0.60989615,0.86850301,15.238627,13.234793,0.62373107,0.96816949,15.794463,15.291717,0.78064439,0.94754204,28.425474,26.934332
init,init,-1,,1639,029.American_Crow/American_Crow_0062_25587.jpg,29,28,029.American_Crow,129,128,random_resized_crop,random_resized_crop,0,"{""area_fraction"":0.590698,""aspect"":0.931252,""fallback"":false,""height"":0.796432,""left"":0.199503,""top"":0.077813,""width"":0.741679}",5.9471655,6.4677162,0.52055073,0.0026132378,0.0015527684,0.029574845,0.046249341,-0.026961607,-0.044696573,-0.017734966,0.76534223,1.0734467,52.078554,55.903553,False,0.96410489,True,False,False,0.76534223,1.0734467,52.078554,55.903553,0.67848439,1.0220365,44.225082,45.199649,0.96378349,1.1961933,27.501235,32.896792,0.82621989,0.64317385,19.296527,12.411022,0.58892966,0.76508087,17.140989,13.114243,0.58237776,1.0614349,15.238627,16.17481,0.53580197,1.159425,15.794463,18.312496,0.76472284,1.1773486,28.425474,33.466692
init,init,-1,,1639,029.American_Crow/American_Crow_0062_25587.jpg,29,28,029.American_Crow,129,128,gaussian_blur,gaussian_blur,0,"{""sigma"":1.521107}",5.9471655,6.2246256,0.2774601,0.0026132378,0.0019800649,0.029574845,0.037184376,-0.026961607,-0.035204311,-0.0082427042,0.65513065,1.1403223,52.078554,59.386336,False,0.94732302,True,False,False,0.65513065,1.1403223,52.078554,59.386336,0.54520385,1.1485572,44.225082,50.795037,0.94714397,1.1187455,27.501235,30.766883,0.48699409,0.56348837,19.296527,10.873369,0.34285822,1.099633,17.140989,18.848797,0.39918059,1.4786982,15.238627,22.53333,0.49984393,1.3488437,15.794463,21.304262,0.7345554,1.1904089,28.425474,33.837937
init,init,-1,,1639,029.American_Crow/American_Crow_0062_25587.jpg,29,28,029.American_Crow,129,128,random_erasing,random_erasing,0,"{""area_fraction"":0.104346,""erased"":true,""height"":0.377242,""left"":0.450643,""top"":0.105991,""width"":0.276603}",5.9471655,5.5333652,-0.41380024,0.0026132378,0.0039526648,0.029574845,0.02867604,-0.026961607,-0.024723376,0.0022382315,0.66968149,0.98931118,52.078554,51.521896,False,0.90167379,True,False,False,0.66968149,0.98931118,52.078554,51.521896,0.57834038,0.98396538,44.225082,43.515949,0.90149667,1.0030035,27.501235,27.583834,0.73029422,0.98564965,19.296527,19.019615,0.45381328,0.9065486,17.140989,15.53914,0.40520342,0.89384347,15.238627,13.620947,0.46780086,1.0198909,15.794463,16.10863,0.63035185,1.0228825,28.425474,29.075919
init,init,-1,,1375,025.Pelagic_Cormorant/Pelagic_Cormorant_0044_23536.jpg,25,24,025.Pelagic_Cormorant,8,7,identity,identity,0,{},4.6868501,4.6868501,0,0.0092156678,0.0092156678,0.023703309,0.023703309,-0.014487641,-0.014487641,0,1,1,57.813068,57.813068,False,1,True,False,False,1,1,57.813068,57.813068,1,1,49.391242,49.391242,1,1,30.047564,30.047564,1,1,12.677929,12.677929,1,1,18.683569,18.683569,1,1,19.426116,19.426116,1,1,21.189844,21.189844,1,1,33.216046,33.216046
init,init,-1,,1375,025.Pelagic_Cormorant/Pelagic_Cormorant_0044_23536.jpg,25,24,025.Pelagic_Cormorant,8,7,horizontal_flip,horizontal_flip,0,"{""flipped"":true}",4.6868501,4.582653,-0.10419703,0.0092156678,0.010227727,0.023703309,0.024511555,-0.014487641,-0.014283828,0.00020381249,0.65550559,0.97885591,57.813068,56.590664,False,0.95809752,True,False,False,0.65550559,0.97885591,57.813068,56.590664,0.54674965,0.98616545,49.391242,48.707936,0.95793046,0.95882707,30.047564,28.810417,0.39702522,0.96668192,12.677929,12.255525,0.41393087,0.95837384,18.683569,17.905844,0.35715675,0.95842229,19.426116,18.618422,0.4651074,0.98459794,21.189844,20.863476,0.70210456,1.0074093,33.216046,33.462152
init,init,-1,,1375,025.Pelagic_Cormorant/Pelagic_Cormorant_0044_23536.jpg,25,24,025.Pelagic_Cormorant,8,7,color_jitter,color_jitter,0,"{""brightness"":0.947381,""contrast"":0.673893,""hue"":-0.006337,""saturation"":0.957465}",4.6868501,4.8462963,0.15944624,0.0092156678,0.0078574233,0.023703309,0.026368789,-0.014487641,-0.018511366,-0.0040237252,0.85013539,1.0712806,57.813068,61.934021,False,0.97698867,True,False,False,0.85013539,1.0712806,57.813068,61.934021,0.81239685,1.1119968,49.391242,54.922902,0.97689829,0.95260232,30.047564,28.623379,0.81456295,0.90859451,12.677929,11.519096,0.74928901,1.3911662,18.683569,25.99195,0.75478858,1.1713264,19.426116,22.754322,0.80845018,1.0796438,21.189844,22.877484,0.87720403,1.0285112,33.216046,34.163075
init,init,-1,,1375,025.Pelagic_Cormorant/Pelagic_Cormorant_0044_23536.jpg,25,24,025.Pelagic_Cormorant,8,7,rotation,rotation,0,"{""angle"":-14.409428}",4.6868501,4.1188173,-0.56803274,0.0092156678,0.016263742,0.023703309,0.015349833,-0.014487641,0.00091390871,0.01540155,0.66775134,1.0662031,57.813068,61.640474,False,0.91685045,False,False,False,0.66775134,1.0662031,57.813068,61.640474,0.58597444,1.0950495,49.391242,54.085855,0.91650039,0.98404077,30.047564,29.568027,0.54890993,0.75603286,12.677929,9.5849307,0.6322378,1.1817271,18.683569,22.078879,0.48274387,1.3006615,19.426116,25.266801,0.51190788,1.065243,21.189844,22.572333,0.65761556,1.0420352,33.216046,34.612289
init,init,-1,,1375,025.Pelagic_Cormorant/Pelagic_Cormorant_0044_23536.jpg,25,24,025.Pelagic_Cormorant,8,7,random_resized_crop,random_resized_crop,0,"{""area_fraction"":0.757931,""aspect"":1.2212,""fallback"":false,""height"":0.78781,""left"":0.007186,""top"":0.180555,""width"":0.962074}",4.6868501,4.8661499,0.17929983,0.0092156678,0.0077029672,0.023703309,0.016763696,-0.014487641,-0.0090607293,0.0054269116,0.69846426,1.0173166,57.813068,58.814195,False,0.92169005,False,False,False,0.69846426,1.0173166,57.813068,58.814195,0.63096584,1.0587265,49.391242,52.291815,0.92141204,0.89590621,30.047564,26.919799,0.63904623,0.96541272,12.677929,12.239434,0.58873837,1.1911444,18.683569,22.254828,0.51631133,1.2330122,19.426116,23.952637,0.6094082,1.0268544,21.189844,21.758884,0.71290561,0.97190178,33.216046,32.282734
init,init,-1,,1375,025.Pelagic_Cormorant/Pelagic_Cormorant_0044_23536.jpg,25,24,025.Pelagic_Cormorant,8,7,gaussian_blur,gaussian_blur,0,"{""sigma"":1.484802}",4.6868501,4.6778364,-0.0090136528,0.0092156678,0.0092991134,0.023703309,0.022916023,-0.014487641,-0.013616909,0.00087073166,0.61412871,0.914868,57.813068,52.891326,False,0.86233479,True,False,False,0.61412871,0.914868,57.813068,52.891326,0.53379591,0.94239243,49.391242,46.545932,0.86213664,0.83597751,30.047564,25.119087,0.059076943,0.81956714,12.677929,10.390414,0.43926143,0.98022443,18.683569,18.314091,0.46016289,1.0090853,19.426116,19.602607,0.53228732,0.98489552,21.189844,20.869782,0.65956732,0.90485588,33.216046,30.055735
init,init,-1,,1375,025.Pelagic_Cormorant/Pelagic_Cormorant_0044_23536.jpg,25,24,025.Pelagic_Cormorant,8,7,random_erasing,random_erasing,0,"{""area_fraction"":0.133528,""erased"":true,""height"":0.215235,""left"":0.096466,""top"":0.309513,""width"":0.620383}",4.6868501,4.4092822,-0.27756786,0.0092156678,0.012163906,0.023703309,0.027945494,-0.014487641,-0.015781588,-0.001293947,0.74727438,1.1201292,57.813068,64.758103,False,0.94773686,True,False,False,0.74727438,1.1201292,57.813068,64.758103,0.67126063,1.1120174,49.391242,54.92392,0.94750017,1.1417588,30.047564,34.30707,0.57998834,0.87314694,12.677929,11.069695,0.57248723,1.0713611,18.683569,20.016849,0.56407011,1.0704326,19.426116,20.794348,0.62391193,1.0870776,21.189844,23.035005,0.76424241,1.177757,33.216046,39.120432
init,init,-1,,4127,071.Long_tailed_Jaeger/Long_Tailed_Jaeger_0062_797104.jpg,71,70,071.Long_tailed_Jaeger,100,99,identity,identity,0,{},6.0630245,6.0630245,0,0.0023273514,0.0023273514,0.027580483,0.027580483,-0.025253132,-0.025253132,0,1,1,54.382067,54.382067,False,1,True,False,False,1,1,54.382067,54.382067,1,1,45.248235,45.248235,1,1,30.166313,30.166313,1,1,6.8691783,6.8691783,1,1,14.43286,14.43286,1,1,18.620331,18.620331,1,1,19.452076,19.452076,1,1,32.662054,32.662054
init,init,-1,,4127,071.Long_tailed_Jaeger/Long_Tailed_Jaeger_0062_797104.jpg,71,70,071.Long_tailed_Jaeger,100,99,horizontal_flip,horizontal_flip,0,"{""flipped"":true}",6.0630245,6.096837,0.033812523,0.0023273514,0.0022499724,0.027580483,0.023596087,-0.025253132,-0.021346115,0.0039070165,0.75780745,0.96470809,54.382067,52.46282,False,0.97323853,True,False,False,0.75780745,0.96470809,54.382067,52.46282,0.6627218,0.96663866,45.248235,43.738693,0.9731505,0.96035037,30.166313,28.97023,0.70904555,1.1662549,6.8691783,8.0112129,0.50837278,1.1070432,14.43286,15.9778,0.63127849,1.0089275,18.620331,18.786564,0.55191887,0.92382244,19.452076,17.970264,0.74947375,0.92750431,32.662054,30.294196
init,init,-1,,4127,071.Long_tailed_Jaeger/Long_Tailed_Jaeger_0062_797104.jpg,71,70,071.Long_tailed_Jaeger,100,99,color_jitter,color_jitter,0,"{""brightness"":1.045974,""contrast"":0.75179,""hue"":0.044061,""saturation"":1.277546}",6.0630245,5.8026319,-0.26039267,0.0023273514,0.0030195971,0.027580483,0.020199928,-0.025253132,-0.017180331,0.0080728002,0.89384637,0.9925741,54.382067,53.978231,False,0.98632193,False,False,False,0.89384637,0.9925741,54.382067,53.978231,0.85421072,1.0022032,45.248235,45.347926,0.98625066,0.97056061,30.166313,29.278235,0.72482024,0.93102293,6.8691783,6.3953626,0.66959691,0.98615797,14.43286,14.23308,0.82029357,1.1196997,18.620331,20.849178,0.8353437,0.99719763,19.452076,19.397564,0.9185885,0.96914833,32.662054,31.654375
init,init,-1,,4127,071.Long_tailed_Jaeger/Long_Tailed_Jaeger_0062_797104.jpg,71,70,071.Long_tailed_Jaeger,100,99,rotation,rotation,0,"{""angle"":-2.092553}",6.0630245,5.899219,-0.16380548,0.0023273514,0.002741585,0.027580483,0.025667911,-0.025253132,-0.022926326,0.0023268051,0.80536204,0.97149889,54.382067,52.832118,False,0.96796656,False,False,False,0.80536204,0.97149889,54.382067,52.832118,0.73690391,0.98592425,45.248235,44.611333,0.96790922,0.9382331,30.166313,28.303034,0.2609012,0.91361419,6.8691783,6.2757788,0.54202323,0.93756142,14.43286,13.531693,0.65473231,0.96339685,18.620331,17.938768,0.68968704,1.0186321,19.452076,19.81451,0.83571566,0.99363132,32.662054,32.45404
init,init,-1,,4127,071.Long_tailed_Jaeger/Long_Tailed_Jaeger_0062_797104.jpg,71,70,071.Long_tailed_Jaeger,100,99,random_resized_crop,random_resized_crop,0,"{""area_fraction"":0.583944,""aspect"":0.840657,""fallback"":false,""height"":0.833444,""left"":0.025038,""top"":0.03436,""width"":0.70064}",6.0630245,5.8873711,-0.17565346,0.0023273514,0.00277426,0.027580483,0.032912321,-0.025253132,-0.030138061,-0.0048849299,0.67352313,1.1457364,54.382067,62.307515,False,0.94215119,True,False,False,0.67352313,1.1457364,54.382067,62.307515,0.56288033,1.1698074,45.248235,52.931719,0.94197161,1.0896375,30.166313,32.870345,0.44716792,1.5706215,6.8691783,10.788879,0.20872095,1.3433459,14.43286,19.388323,0.45710173,1.2428778,18.620331,23.142795,0.52861168,1.1841615,19.452076,23.0344,0.71440345,1.0795488,32.662054,35.26028
init,init,-1,,4127,071.Long_tailed_Jaeger/Long_Tailed_Jaeger_0062_797104.jpg,71,70,071.Long_tailed_Jaeger,100,99,gaussian_blur,gaussian_blur,0,"{""sigma"":1.555469}",6.0630245,5.9277635,-0.13526106,0.0023273514,0.0026644347,0.027580483,0.03048704,-0.025253132,-0.027822605,-0.0025694738,0.7185324,1.0868077,54.382067,59.102851,False,0.93503565,True,False,False,0.7185324,1.0868077,54.382067,59.102851,0.63153063,1.1155586,45.248235,50.477059,0.93487767,1.0191609,30.166313,30.744326,0.31207897,1.2744325,6.8691783,8.7543041,0.31362289,1.2125843,14.43286,17.50106,0.59876044,1.1883269,18.620331,22.12704,0.56435903,1.0649801,19.452076,20.716073,0.7547962,1.0808329,32.662054,35.302223
init,init,-1,,4127,071.Long_tailed_Jaeger/Long_Tailed_Jaeger_0062_797104.jpg,71,70,071.Long_tailed_Jaeger,100,99,random_erasing,random_erasing,0,"{""area_fraction"":0.107676,""erased"":true,""height"":0.574787,""left"":0.114552,""top"":0.305162,""width"":0.187331}",6.0630245,6.181632,0.11860752,0.0023273514,0.0020670523,0.027580483,0.020640625,-0.025253132,-0.018573572,0.0066795591,0.84336125,0.98023742,54.382067,53.307337,False,0.96202165,True,False,False,0.84336125,0.98023742,54.382067,53.307337,0.79008089,0.97657322,45.248235,44.188215,0.96183972,0.98843176,30.166313,29.817342,0.79425074,1.0558928,6.8691783,7.2531161,0.80212519,1.0079118,14.43286,14.54705,0.74774061,0.95093837,18.620331,17.706787,0.71780399,0.953195,19.452076,18.541622,0.82601671,0.98309792,32.662054,32.109997
init,init,-1,,6533,112.Great_Grey_Shrike/Great_Grey_Shrike_0063_797042.jpg,112,111,112.Great_Grey_Shrike,129,128,identity,identity,0,{},5.8798208,5.8798208,0,0.0027952867,0.0027952867,0.047881618,0.047881618,-0.045086331,-0.045086331,0,1,1,51.808143,51.808143,False,1,True,False,False,1,1,51.808143,51.808143,1,1,43.289112,43.289112,1,1,28.462897,28.462897,1,1,11.179975,11.179975,1,1,15.138742,15.138742,1,1,17.49512,17.49512,1,1,19.318739,19.318739,1,1,28.991049,28.991049
init,init,-1,,6533,112.Great_Grey_Shrike/Great_Grey_Shrike_0063_797042.jpg,112,111,112.Great_Grey_Shrike,129,128,horizontal_flip,horizontal_flip,0,"{""flipped"":true}",5.8798208,5.9766006,0.096779823,0.0027952867,0.0025374372,0.047881618,0.035850126,-0.045086331,-0.033312689,0.011773642,0.68736342,0.91495356,51.808143,47.402045,False,0.9604702,True,False,False,0.68736342,0.91495356,51.808143,47.402045,0.56624425,0.907456,43.289112,39.282964,0.9603005,0.93206529,28.462897,26.529278,0.61214045,0.74347341,11.179975,8.3120142,0.35984261,0.81284204,15.138742,12.305406,0.43867499,0.87677068,17.49512,15.339208,0.4736492,0.86628648,19.318739,16.735563,0.68972787,0.98004275,28.991049,28.412467
init,init,-1,,6533,112.Great_Grey_Shrike/Great_Grey_Shrike_0063_797042.jpg,112,111,112.Great_Grey_Shrike,129,128,color_jitter,color_jitter,0,"{""brightness"":0.715802,""contrast"":1.213417,""hue"":0.053457,""saturation"":1.35239}",5.8798208,5.7971945,-0.082626343,0.0027952867,0.0030360597,0.047881618,0.044585351,-0.045086331,-0.041549291,0.0035370402,0.88016308,1.0228308,51.808143,52.990965,False,0.98287928,True,False,False,0.88016308,1.0228308,51.808143,52.990965,0.83539194,1.0200863,43.289112,44.158629,0.98283615,1.0291512,28.462897,29.292623,0.81593381,0.73663921,11.179975,8.2356079,0.74462866,1.0638685,15.138742,16.10563,0.79684447,1.0751055,17.49512,18.8091,0.81805224,1.020258,19.318739,19.710097,0.89105432,1.0235291,28.991049,29.673183
init,init,-1,,6533,112.Great_Grey_Shrike/Great_Grey_Shrike_0063_797042.jpg,112,111,112.Great_Grey_Shrike,129,128,rotation,rotation,0,"{""angle"":7.875577}",5.8798208,6.0474405,0.16761971,0.0027952867,0.0023639039,0.047881618,0.040062144,-0.045086331,-0.03769824,0.0073880909,0.75680603,1.0530434,51.808143,54.556225,False,0.96196711,True,False,False,0.75680603,1.0530434,51.808143,54.556225,0.67140277,1.0640426,43.289112,46.06146,0.96178245,1.0271497,28.462897,29.235655,0.76447393,0.98283047,11.179975,10.98802,0.50918005,1.0974423,15.138742,16.613896,0.55433501,1.0748061,17.49512,18.803861,0.59934288,1.0602967,19.318739,20.483596,0.77957727,1.0641297,28.991049,30.850237
init,init,-1,,6533,112.Great_Grey_Shrike/Great_Grey_Shrike_0063_797042.jpg,112,111,112.Great_Grey_Shrike,129,128,random_resized_crop,random_resized_crop,0,"{""area_fraction"":0.598617,""aspect"":0.759661,""fallback"":false,""height"":0.887697,""left"":0.201927,""top"":0.10409,""width"":0.674348}",5.8798208,5.7175188,-0.16230202,0.0027952867,0.0032878595,0.047881618,0.043012716,-0.045086331,-0.039724856,0.0053614751,0.66993056,0.96504078,51.808143,49.996971,False,0.93893898,True,False,False,0.66993056,0.96504078,51.808143,49.996971,0.55126306,0.95881927,43.289112,41.506435,0.93879168,0.97928046,28.462897,27.873159,0.61802049,1.019071,11.179975,11.393189,0.40668412,0.90045643,15.138742,13.631778,0.41147652,0.90420528,17.49512,15.81918,0.41832425,0.94384865,19.318739,18.233966,0.68068301,0.99040533,28.991049,28.71289
init,init,-1,,6533,112.Great_Grey_Shrike/Great_Grey_Shrike_0063_797042.jpg,112,111,112.Great_Grey_Shrike,129,128,gaussian_blur,gaussian_blur,0,"{""sigma"":1.903068}",5.8798208,5.7782822,-0.10153866,0.0027952867,0.0030940261,0.047881618,0.060512718,-0.045086331,-0.057418692,-0.01233236,0.67410624,1.0987278,51.808143,56.923048,False,0.91005355,True,False,False,0.67410624,1.0987278,51.808143,56.923048,0.57212307,1.0983554,43.289112,47.546829,0.90974178,1.0995889,28.462897,31.297484,0.55267635,1.0775754,11.179975,12.047266,0.29192437,1.0221464,15.138742,15.47401,0.47753724,1.1957489,17.49512,20.91977,0.56120211,1.0568298,19.318739,20.41662,0.68918113,1.1025185,28.991049,31.963169
init,init,-1,,6533,112.Great_Grey_Shrike/Great_Grey_Shrike_0063_797042.jpg,112,111,112.Great_Grey_Shrike,129,128,random_erasing,random_erasing,0,"{""area_fraction"":0.096345,""erased"":true,""height"":0.265094,""left"":0.400861,""top"":0.027188,""width"":0.363439}",5.8798208,5.8988094,0.018988609,0.0027952867,0.0027427073,0.047881618,0.038943443,-0.045086331,-0.036200736,0.0088855952,0.69690805,0.91005282,51.808143,47.148146,False,0.93137079,True,False,False,0.69690805,0.91005282,51.808143,47.148146,0.5935872,0.90439671,43.289112,39.15053,0.93118456,0.92300331,28.462897,26.271348,0.43763286,0.70250448,11.179975,7.8539826,0.37979315,0.87614539,15.138742,13.263739,0.57462957,0.92993922,17.49512,16.269398,0.56483167,0.90967861,19.318739,17.573844,0.68824541,0.92659513,28.991049,26.862965
init,init,-1,,7844,134.Cape_Glossy_Starling/Cape_Glossy_Starling_0046_129434.jpg,134,133,134.Cape_Glossy_Starling,114,113,identity,identity,0,{},5.0499406,5.0499406,0,0.006409714,0.006409714,0.016445342,0.016445342,-0.010035628,-0.010035628,0,1,1,44.154631,44.154631,False,1,True,False,False,1,1,44.154631,44.154631,1,1,38.976037,38.976037,1,1,20.748492,20.748492,1,1,14.769943,14.769943,1,1,11.45478,11.45478,1,1,16.795948,16.795948,1,1,16.051266,16.051266,1,1,25.100225,25.100225
init,init,-1,,7844,134.Cape_Glossy_Starling/Cape_Glossy_Starling_0046_129434.jpg,134,133,134.Cape_Glossy_Starling,114,113,horizontal_flip,horizontal_flip,0,"{""flipped"":true}",5.0499406,4.9818087,-0.068131924,0.006409714,0.0068616429,0.016445342,0.014927922,-0.010035628,-0.0080662789,0.0019693496,0.5561969,0.88268542,44.154631,38.974649,False,0.95660222,False,False,False,0.5561969,0.88268542,44.154631,38.974649,0.43187741,0.86272213,38.976037,33.62549,0.95663776,0.94978417,20.748492,19.706589,-0.48692248,0.81598906,14.769943,12.052112,0.27561967,0.97872722,11.45478,11.211105,0.56526916,0.80081087,16.795948,13.450378,0.51598931,0.84399499,16.051266,13.547188,0.67559197,0.88665198,25.100225,22.255164
init,init,-1,,7844,134.Cape_Glossy_Starling/Cape_Glossy_Starling_0046_129434.jpg,134,133,134.Cape_Glossy_Starling,114,113,color_jitter,color_jitter,0,"{""brightness"":0.9508,""contrast"":1.212229,""hue"":0.054505,""saturation"":0.678436}",5.0499406,5.0444245,-0.0055160522,0.006409714,0.0064451694,0.016445342,0.022697425,-0.010035628,-0.016252255,-0.0062166266,0.83629093,0.94274191,44.154631,41.626421,False,0.94987363,True,False,False,0.83629093,0.94274191,44.154631,41.626421,0.8020432,0.92517651,38.976037,36.059714,0.94989724,1.0022692,20.748492,20.795575,0.86283825,0.67812422,14.769943,10.015856,0.7238725,0.9645652,11.45478,11.048882,0.83440282,0.95831973,16.795948,16.095888,0.7397184,0.95109621,16.051266,15.266299,0.82493984,0.96424206,25.100225,24.202693
init,init,-1,,7844,134.Cape_Glossy_Starling/Cape_Glossy_Starling_0046_129434.jpg,134,133,134.Cape_Glossy_Starling,114,113,rotation,rotation,0,"{""angle"":-9.451414}",5.0499406,5.1445255,0.094584942,0.006409714,0.0058312416,0.016445342,0.01581642,-0.010035628,-0.0099851787,5.0449744e-05,0.64723275,0.94809121,44.154631,41.862617,False,0.89653969,False,False,False,0.64723275,0.94809121,44.154631,41.862617,0.56173067,0.88541428,38.976037,34.50994,0.89653069,1.1421019,20.748492,23.696893,0.72844313,0.74289178,14.769943,10.972469,0.40228602,0.89202121,11.45478,10.217907,0.46902225,0.69196704,16.795948,11.622242,0.44804512,0.88005614,16.051266,14.126015,0.62983132,1.0011843,25.100225,25.129951
init,init,-1,,7844,134.Cape_Glossy_Starling/Cape_Glossy_Starling_0046_129434.jpg,134,133,134.Cape_Glossy_Starling,114,113,random_resized_crop,random_resized_crop,0,"{""area_fraction"":0.579525,""aspect"":1.245282,""fallback"":false,""height"":0.682185,""left"":0.080919,""top"":0.178961,""width"":0.849512}",5.0499406,4.8479762,-0.20196438,0.006409714,0.0078442348,0.016445342,0.017153332,-0.010035628,-0.0093090972,0.00072653126,0.69843708,0.9571018,44.154631,42.260477,False,0.92500329,True,False,False,0.69843708,0.9571018,44.154631,42.260477,0.62623725,0.92454838,38.976037,36.035232,0.92501574,1.0640466,20.748492,22.077362,0.83002282,0.85421631,14.769943,12.616726,0.49681994,0.97570309,11.45478,11.176464,0.56274799,0.79914564,16.795948,13.422408,0.50212544,0.95349668,16.051266,15.304829,0.66855084,0.97591937,25.100225,24.495796
init,init,-1,,7844,134.Cape_Glossy_Starling/Cape_Glossy_Starling_0046_129434.jpg,134,133,134.Cape_Glossy_Starling,114,113,gaussian_blur,gaussian_blur,0,"{""sigma"":1.513949}",5.0499406,5.0181484,-0.031792164,0.006409714,0.006616767,0.016445342,0.011890531,-0.010035628,-0.0052737636,0.0047618649,0.71361378,0.99300231,44.154631,43.84565,False,0.9341473,False,False,False,0.71361378,0.99300231,44.154631,43.84565,0.64336932,0.95884887,38.976037,37.37213,0.93410696,1.1051196,20.748492,22.929566,0.39054025,0.43779911,14.769943,6.4662678,0.3597828,1.1104189,11.45478,12.719604,0.71254811,1.0358645,16.795948,17.398326,0.6374987,1.0123266,16.051266,16.249123,0.75286016,0.99707366,25.100225,25.026773
init,init,-1,,7844,134.Cape_Glossy_Starling/Cape_Glossy_Starling_0046_129434.jpg,134,133,134.Cape_Glossy_Starling,114,113,random_erasing,random_erasing,0,"{""area_fraction"":0.084088,""erased"":true,""height"":0.41189,""left"":0.592303,""top"":0.220829,""width"":0.204151}",5.0499406,4.7986946,-0.25124598,0.006409714,0.0082404958,0.016445342,0.02027886,-0.010035628,-0.012038364,-0.0020027356,0.86601542,0.98448991,44.154631,43.469788,False,0.9667179,True,False,False,0.86601542,0.98448991,44.154631,43.469788,0.83535816,0.95633469,38.976037,37.274137,0.96669719,1.0779829,20.748492,22.366521,0.95983687,0.85249277,14.769943,12.591269,0.80671597,0.91127256,11.45478,10.438427,0.73182896,0.84269055,16.795948,14.153786,0.78749666,0.95783018,16.051266,15.374387,0.86807038,1.0428409,25.100225,26.175542
init,init,-1,,8500,145.Elegant_Tern/Elegant_Tern_0052_150695.jpg,145,144,145.Elegant_Tern,114,113,identity,identity,0,{},6.1261048,6.1261048,0,0.002185076,0.002185076,0.023803458,0.023803458,-0.021618382,-0.021618382,0,1,1,45.126497,45.126497,False,1,True,False,False,1,1,45.126497,45.126497,1,1,38.235918,38.235918,1,1,23.966963,23.966963,1,1,5.1851502,5.1851502,1,1,14.323992,14.323992,1,1,18.171866,18.171866,1,1,15.461523,15.461523,1,1,25.703064,25.703064
init,init,-1,,8500,145.Elegant_Tern/Elegant_Tern_0052_150695.jpg,145,144,145.Elegant_Tern,114,113,horizontal_flip,horizontal_flip,0,"{""flipped"":true}",6.1261048,5.9753871,-0.15071774,0.002185076,0.0025405185,0.023803458,0.018796559,-0.021618382,-0.016256041,0.0053623407,0.68175912,0.92712037,45.126497,41.837694,False,0.96969104,False,False,False,0.68175912,0.92712037,45.126497,41.837694,0.57331456,0.93752156,38.235918,35.846997,0.96965303,0.90010549,23.966963,21.572795,0.54086546,1.3152013,5.1851502,6.8195164,0.55733315,0.92374865,14.323992,13.231768,0.54003102,0.85867966,18.171866,15.603812,0.41849467,0.95907345,15.461523,14.828736,0.65432356,0.95303603,25.703064,24.495946
init,init,-1,,8500,145.Elegant_Tern/Elegant_Tern_0052_150695.jpg,145,144,145.Elegant_Tern,114,113,color_jitter,color_jitter,0,"{""brightness"":0.829012,""contrast"":1.005591,""hue"":-0.029311,""saturation"":1.267333}",6.1261048,6.1519794,0.025874615,0.002185076,0.0021292635,0.023803458,0.02482955,-0.021618382,-0.022700286,-0.0010819046,0.90452001,1.0827501,45.126497,48.860719,False,0.98720694,False,False,False,0.90452001,1.0827501,45.126497,48.860719,0.87560771,1.1077715,38.235918,42.35666,0.98720085,1.0162909,23.966963,24.357406,0.65602013,1.4707802,5.1851502,7.6262162,0.82680813,1.2000824,14.323992,17.18997,0.88136565,1.1261262,18.171866,20.463815,0.85225256,1.0830526,15.461523,16.745643,0.91478023,1.0592462,25.703064,27.225871
init,init,-1,,8500,145.Elegant_Tern/Elegant_Tern_0052_150695.jpg,145,144,145.Elegant_Tern,114,113,rotation,rotation,0,"{""angle"":13.759029}",6.1261048,6.1132355,-0.012869358,0.002185076,0.0022133777,0.023803458,0.025312116,-0.021618382,-0.023098739,-0.001480357,0.66933077,1.1065996,45.126497,49.936964,False,0.9110651,False,False,False,0.66933077,1.1065996,45.126497,49.936964,0.56939208,1.0890545,38.235918,41.640997,0.91090411,1.1500481,23.966963,27.56316,0.5959573,1.5015893,5.1851502,7.7859658,0.53223255,1.1100644,14.323992,15.900553,0.57207707,0.97074175,18.171866,17.640189,0.42639259,1.0626702,15.461523,16.430499,0.63060109,1.1271872,25.703064,28.972163
init,init,-1,,8500,145.Elegant_Tern/Elegant_Tern_0052_150695.jpg,145,144,145.Elegant_Tern,114,113,random_resized_crop,random_resized_crop,0,"{""area_fraction"":0.613463,""aspect"":0.931375,""fallback"":false,""height"":0.811581,""left"":0.006784,""top"":0.04574,""width"":0.755886}",6.1261048,6.1124454,-0.013659477,0.002185076,0.0022151277,0.023803458,0.025413008,-0.021618382,-0.023197881,-0.0015794991,0.73238854,1.0155725,45.126497,45.82923,False,0.94906378,True,False,False,0.73238854,1.0155725,45.126497,45.82923,0.64693706,1.0144186,38.235918,38.787227,0.94900916,1.0185035,23.966963,24.410436,0.59082559,1.5034306,5.1851502,7.7955137,0.52689178,1.0368049,14.323992,14.851185,0.64854144,0.89849499,18.171866,16.327331,0.53447116,0.97062581,15.461523,15.007353,0.72947211,1.0521278,25.703064,27.042908
init,init,-1,,8500,145.Elegant_Tern/Elegant_Tern_0052_150695.jpg,145,144,145.Elegant_Tern,114,113,gaussian_blur,gaussian_blur,0,"{""sigma"":1.052807}",6.1261048,5.9231162,-0.20298862,0.002185076,0.0026768458,0.023803458,0.019087791,-0.021618382,-0.016410946,0.0052074359,0.75875932,1.1235042,45.126497,50.699809,False,0.95197445,False,False,False,0.75875932,1.1235042,45.126497,50.699809,0.68518717,1.132796,38.235918,43.313495,0.95192795,1.0995008,23.966963,26.351694,0.41768703,1.7243767,5.1851502,8.9411521,0.62539647,1.0962306,14.323992,15.702398,0.65536303,1.1607502,18.171866,21.092998,0.61335482,1.0976474,15.461523,16.9713,0.76594199,1.1117891,25.703064,28.576385
init,init,-1,,8500,145.Elegant_Tern/Elegant_Tern_0052_150695.jpg,145,144,145.Elegant_Tern,114,113,random_erasing,random_erasing,0,"{""area_fraction"":0.067349,""erased"":true,""height"":0.163217,""left"":0.502052,""top"":0.022515,""width"":0.412632}",6.1261048,6.1411343,0.01502943,0.002185076,0.0021524811,0.023803458,0.025701851,-0.021618382,-0.02354937,-0.0019309879,0.95029468,1.0359707,45.126497,46.749728,False,0.99310982,True,False,False,0.95029468,1.0359707,45.126497,46.749728,0.93488693,1.0526137,38.235918,40.247651,0.99309655,0.99235291,23.966963,23.783685,0.92812828,1.17359,5.1851502,6.0852405,0.90971574,1.1196189,14.323992,16.037412,0.94639113,1.0612458,18.171866,19.284816,0.91561385,1.0429057,15.461523,16.124911,0.94611605,1.0247305,25.703064,26.338713
init,init,-1,,7770,133.White_throated_Sparrow/White_Throated_Sparrow_0124_128801.jpg,133,132,133.White_throated_Sparrow,129,128,identity,identity,0,{},5.7558537,5.7558537,0,0.0031642048,0.0031642048,0.04659168,0.04659168,-0.043427476,-0.043427476,0,1,1,53.752195,53.752195,False,0.99999982,True,False,False,1,1,53.752195,53.752195,1,1,42.852484,42.852484,1,1,32.449393,32.449393,1,1,8.6889015,8.6889015,1,1,12.753855,12.753855,1,1,16.324692,16.324692,1,1,18.458685,18.458685,1,1,31.4795,31.4795
init,init,-1,,7770,133.White_throated_Sparrow/White_Throated_Sparrow_0124_128801.jpg,133,132,133.White_throated_Sparrow,129,128,horizontal_flip,horizontal_flip,0,"{""flipped"":true}",5.7558537,5.6732459,-0.082607746,0.0031642048,0.0034366925,0.04659168,0.042169575,-0.043427476,-0.038732882,0.0046945936,0.68642417,1.0123668,53.752195,54.416935,False,0.95525694,True,False,False,0.68642417,1.0123668,53.752195,54.416935,0.53382453,1.0157044,42.852484,43.525456,0.95499985,1.0065195,32.449393,32.660947,0.23957825,0.85141398,8.6889015,7.3978522,0.33305264,1.1100658,12.753855,14.157617,0.41285441,1.0249057,16.324692,16.73127,0.36202137,0.98294931,18.458685,18.143952,0.67908646,1.0195878,31.4795,32.096115
init,init,-1,,7770,133.White_throated_Sparrow/White_Throated_Sparrow_0124_128801.jpg,133,132,133.White_throated_Sparrow,129,128,color_jitter,color_jitter,0,"{""brightness"":1.100559,""contrast"":0.734844,""hue"":0.028579,""saturation"":0.80646}",5.7558537,5.9056864,0.14983273,0.0031642048,0.0027239122,0.04659168,0.048986711,-0.043427476,-0.046262798,-0.0028353226,0.89116512,1.0245266,53.752195,55.070554,False,0.98987526,True,False,False,0.89116512,1.0245266,53.752195,55.070554,0.83609165,1.0337481,42.852484,44.298675,0.9898196,1.0082428,32.449393,32.716867,0.7332151,0.6325908,8.6889015,5.4965192,0.72695234,1.114415,12.753855,14.213086,0.77011341,1.1444549,16.324692,18.682873,0.78489667,1.0538433,18.458685,19.452561,0.90654724,1.0059052,31.4795,31.665394
init,init,-1,,7770,133.White_throated_Sparrow/White_Throated_Sparrow_0124_128801.jpg,133,132,133.White_throated_Sparrow,129,128,rotation,rotation,0,"{""angle"":-11.09905}",5.7558537,5.9155254,0.15967178,0.0031642048,0.0026972427,0.04659168,0.038524535,-0.043427476,-0.035827292,0.0076001838,0.70523747,1.0701216,53.752195,57.521387,False,0.93146658,True,False,False,0.70523747,1.0701216,53.752195,57.521387,0.58990031,1.1088137,42.852484,47.515423,0.9310044,0.99906481,32.449393,32.419046,0.39819204,0.9679364,8.6889015,8.410304,0.23976531,1.2615913,12.753855,16.090152,0.4464921,1.0751092,16.324692,17.550826,0.52370107,1.145614,18.458685,21.146528,0.73322415,1.087926,31.4795,34.247366
init,init,-1,,7770,133.White_throated_Sparrow/White_Throated_Sparrow_0124_128801.jpg,133,132,133.White_throated_Sparrow,129,128,random_resized_crop,random_resized_crop,0,"{""area_fraction"":0.738661,""aspect"":0.874922,""fallback"":false,""height"":0.918836,""left"":0.017629,""top"":0.017519,""width"":0.80391}",5.7558537,5.7696509,0.013797283,0.0031642048,0.0031208466,0.04659168,0.05213955,-0.043427476,-0.049018704,-0.0055912281,0.73222844,1.1283495,53.752195,60.651262,False,0.96460962,True,False,False,0.73222844,1.1283495,53.752195,60.651262,0.61480372,1.1722106,42.852484,50.232138,0.96446605,1.0474717,32.449393,33.989821,0.61996181,1.0156078,8.6889015,8.8245163,0.22396149,1.4352315,12.753855,18.304734,0.50813526,1.2445581,16.324692,20.317027,0.57438841,1.2132704,18.458685,22.395375,0.75102242,1.0985944,31.4795,34.583202
init,init,-1,,7770,133.White_throated_Sparrow/White_Throated_Sparrow_0124_128801.jpg,133,132,133.White_throated_Sparrow,129,128,gaussian_blur,gaussian_blur,0,"{""sigma"":1.433925}",5.7558537,6.3803587,0.62450504,0.0031642048,0.0016945151,0.04659168,0.050548077,-0.043427476,-0.048853562,-0.0054260858,0.66637695,1.1211132,53.752195,60.262295,False,0.93523788,True,False,False,0.66637695,1.1211132,53.752195,60.262295,0.53441653,1.1739872,42.852484,50.308267,0.93488902,1.0223806,32.449393,33.175631,-0.011879963,0.80601581,8.6889015,7.0033919,0.24570165,1.3539369,12.753855,17.267914,0.37713619,1.3562867,16.324692,22.140962,0.49359532,1.2965304,18.458685,23.932245,0.70633019,1.0634584,31.4795,33.477138
init,init,-1,,7770,133.White_throated_Sparrow/White_Throated_Sparrow_0124_128801.jpg,133,132,133.White_throated_Sparrow,129,128,random_erasing,random_erasing,0,"{""area_fraction"":0.06216,""erased"":true,""height"":0.161404,""left"":0.110221,""top"":0.734264,""width"":0.385119}",5.7558537,5.8575177,0.10166407,0.0031642048,0.0028583303,0.04659168,0.046795063,-0.043427476,-0.043936732,-0.00050925673,0.85874282,1.036732,53.752195,55.726623,False,0.97060394,True,False,False,0.85874282,1.036732,53.752195,55.726623,0.80045173,1.0653501,42.852484,45.6529,0.97044499,0.9848352,32.449393,31.957304,0.90556195,1.1747161,8.6889015,10.206993,0.70515874,1.0990689,12.753855,14.017365,0.74468349,1.1035666,16.324692,18.015384,0.75176412,1.0307966,18.458685,19.02715,0.84072429,1.0521119,31.4795,33.119957
init,init,-1,,9211,157.Yellow_throated_Vireo/Yellow_Throated_Vireo_0028_795008.jpg,157,156,157.Yellow_throated_Vireo,129,128,identity,identity,0,{},5.4021425,5.4021425,0,0.0045069144,0.0045069144,0.018955315,0.018955315,-0.0144484,-0.0144484,0,1,1,40.746955,40.746955,False,1,True,False,False,1,1,40.746955,40.746955,1,1,32.049854,32.049854,1,1,25.1619,25.1619,1,1,5.1446997,5.1446997,1,1,11.00224,11.00224,1,1,13.315634,13.315634,1,1,13.183972,13.183972,1,1,22.990274,22.990274
init,init,-1,,9211,157.Yellow_throated_Vireo/Yellow_Throated_Vireo_0028_795008.jpg,157,156,157.Yellow_throated_Vireo,129,128,horizontal_flip,horizontal_flip,0,"{""flipped"":true}",5.4021425,5.5449486,0.14280605,0.0045069144,0.0039071431,0.018955315,0.028534694,-0.0144484,-0.024627551,-0.01017915,0.71317058,1.1535447,40.746955,47.003435,False,0.96520984,True,False,False,0.71317058,1.1535447,40.746955,47.003435,0.5631907,1.1680845,32.049854,37.436936,0.96505303,1.129557,25.1619,28.421799,0.28676929,1.6821645,5.1446997,8.6542312,0.53546383,1.2087832,11.00224,13.299322,0.48713785,1.1743301,13.315634,15.63695,0.36938608,1.1207565,13.183972,14.776022,0.68249122,1.1400037,22.990274,26.208996
init,init,-1,,9211,157.Yellow_throated_Vireo/Yellow_Throated_Vireo_0028_795008.jpg,157,156,157.Yellow_throated_Vireo,129,128,color_jitter,color_jitter,0,"{""brightness"":1.030601,""contrast"":1.114488,""hue"":0.083133,""saturation"":0.990233}",5.4021425,5.1590257,-0.24311686,0.0045069144,0.0057472964,0.018955315,0.020895811,-0.0144484,-0.015148514,-0.00070011429,0.84693238,1.0766942,40.746955,43.872008,False,0.95687002,False,False,False,0.84693238,1.0766942,40.746955,43.872008,0.78513531,1.1072127,32.049854,35.486006,0.95680395,1.0252492,25.1619,25.797219,0.78855021,1.2195608,5.1446997,6.2742741,0.75100085,1.1448095,11.00224,12.595468,0.77440083,1.1370393,13.315634,15.140399,0.74212146,1.1371743,13.183972,14.992474,0.81304372,1.0718535,22.990274,24.642206
init,init,-1,,9211,157.Yellow_throated_Vireo/Yellow_Throated_Vireo_0028_795008.jpg,157,156,157.Yellow_throated_Vireo,129,128,rotation,rotation,0,"{""angle"":12.218264}",5.4021425,5.6830645,0.28092194,0.0045069144,0.0034031132,0.018955315,0.022915592,-0.0144484,-0.019512479,-0.0050640791,0.70218895,1.1868415,40.746955,48.360178,False,0.91254652,True,False,False,0.70218895,1.1868415,40.746955,48.360178,0.57434359,1.1925884,32.049854,38.222285,0.91230971,1.177458,25.1619,29.627079,0.47457717,1.1803135,5.1446997,6.0723587,0.47382477,1.0948937,11.00224,12.046284,0.53464308,1.1207857,13.315634,14.923972,0.45661963,1.2595363,13.183972,16.60569,0.65351979,1.2151713,22.990274,27.937119
init,init,-1,,9211,157.Yellow_throated_Vireo/Yellow_Throated_Vireo_0028_795008.jpg,157,156,157.Yellow_throated_Vireo,129,128,random_resized_crop,random_resized_crop,0,"{""area_fraction"":0.890642,""aspect"":1.078076,""fallback"":false,""height"":0.908922,""left"":0.012699,""top"":0.065138,""width"":0.979888}",5.4021425,5.4434056,0.041263103,0.0045069144,0.0043247291,0.018955315,0.021937437,-0.0144484,-0.017612708,-0.0031643081,0.85989674,0.98216375,40.746955,40.020182,False,0.98342788,True,False,False,0.85989674,0.98216375,40.746955,40.020182,0.7903615,1.0101033,32.049854,32.373662,0.98339838,0.9350596,25.1619,23.527876,0.67169331,1.4345666,5.1446997,7.3804142,0.67362998,1.1431694,11.00224,12.577424,0.79942863,1.0318748,13.315634,13.740066,0.7435477,0.97312259,13.183972,12.829621,0.85054601,0.95495052,22.990274,21.954574
init,init,-1,,9211,157.Yellow_throated_Vireo/Yellow_Throated_Vireo_0028_795008.jpg,157,156,157.Yellow_throated_Vireo,129,128,gaussian_blur,gaussian_blur,0,"{""sigma"":1.410655}",5.4021425,5.6071115,0.20496893,0.0045069144,0.0036716603,0.018955315,0.025161937,-0.0144484,-0.021490277,-0.0070418764,0.79019355,1.1512901,40.746955,46.911565,False,0.96422863,True,False,False,0.79019355,1.1512901,40.746955,46.911565,0.68769672,1.169562,32.049854,37.484289,0.9641357,1.1210119,25.1619,28.206789,0.65145527,1.9342983,5.1446997,9.951384,0.48823999,1.133448,11.00224,12.470467,0.6767411,1.2350599,13.315634,16.445605,0.59616649,1.1521263,13.183972,15.189601,0.78220665,1.1083947,22.990274,25.482297
init,init,-1,,9211,157.Yellow_throated_Vireo/Yellow_Throated_Vireo_0028_795008.jpg,157,156,157.Yellow_throated_Vireo,129,128,random_erasing,random_erasing,0,"{""area_fraction"":0.122271,""erased"":true,""height"":0.444009,""left"":0.72329,""top"":0.527041,""width"":0.275381}",5.4021425,5.4236856,0.021543026,0.0045069144,0.0044108601,0.018955315,0.022854775,-0.0144484,-0.018443915,-0.0039955149,0.90718944,1.0760473,40.746955,43.845652,False,0.98282838,True,False,False,0.90718944,1.0760473,40.746955,43.845652,0.86332255,1.0963882,32.049854,35.139081,0.98279548,1.0422016,25.1619,26.223772,0.90903888,1.1401996,5.1446997,5.8659844,0.81491229,1.2426411,11.00224,13.671836,0.82979038,1.0929673,13.315634,14.553552,0.81544216,1.1231749,13.183972,14.807906,0.90530506,1.0496548,22.990274,24.13185
init,init,-1,,2502,044.Frigatebird/Frigatebird_0004_43221.jpg,44,43,044.Frigatebird,8,7,identity,identity,0,{},4.9846535,4.9846535,0,0.0068421476,0.0068421476,0.035805888,0.035805888,-0.028963741,-0.028963741,0,1,1,61.051031,61.051031,False,0.99999988,True,False,False,1,1,61.051031,61.051031,1,1,52.76006,52.76006,1,1,30.718145,30.718145,1,1,12.503949,12.503949,1,1,16.939541,16.939541,1,1,26.231111,26.231111,1,1,23.964475,23.964475,1,1,32.832298,32.832298
init,init,-1,,2502,044.Frigatebird/Frigatebird_0004_43221.jpg,44,43,044.Frigatebird,8,7,horizontal_flip,horizontal_flip,0,"{""flipped"":true}",4.9846535,4.8039455,-0.18070793,0.0068421476,0.0081973383,0.035805888,0.01606321,-0.028963741,-0.0078658713,0.02109787,0.64724528,0.91017249,61.051031,55.566968,False,0.94546926,False,False,False,0.64724528,0.91017249,61.051031,55.566968,0.5581964,0.93470539,52.76006,49.315112,0.94505637,0.83360468,30.718145,25.60679,0.54571654,0.6413985,12.503949,8.0200142,0.36237618,1.1108963,16.939541,18.818073,0.50405253,0.92117372,26.231111,24.16341,0.5058563,0.91828319,23.964475,22.006175,0.68930476,0.9364961,32.832298,30.747319
init,init,-1,,2502,044.Frigatebird/Frigatebird_0004_43221.jpg,44,43,044.Frigatebird,8,7,color_jitter,color_jitter,0,"{""brightness"":1.134893,""contrast"":0.984106,""hue"":0.071843,""saturation"":0.992781}",4.9846535,5.0133705,0.028717041,0.0068421476,0.0066484576,0.035805888,0.056918774,-0.028963741,-0.050270316,-0.021306575,0.76333405,0.99159045,61.051031,60.537619,False,0.94659078,True,False,False,0.76333405,0.99159045,61.051031,60.537619,0.70514882,1.005656,52.76006,53.058471,0.94622626,0.94888322,30.718145,29.147933,0.098558411,0.64521464,12.503949,8.067731,0.53886341,1.0338436,16.939541,17.512837,0.75045445,1.0414216,26.231111,27.317646,0.67264941,1.0154273,23.964475,24.334182,0.8009489,1.012468,32.832298,33.241651
init,init,-1,,2502,044.Frigatebird/Frigatebird_0004_43221.jpg,44,43,044.Frigatebird,8,7,rotation,rotation,0,"{""angle"":1.568531}",4.9846535,4.887785,-0.096868515,0.0068421476,0.007538103,0.035805888,0.033067215,-0.028963741,-0.025529112,0.0034346287,0.82452716,0.89473277,61.051031,54.624358,False,0.97437584,True,False,False,0.82452716,0.89473277,61.051031,54.624358,0.77260771,0.88934397,52.76006,46.921841,0.97430771,0.91044389,30.718145,27.967148,0.65925311,0.95646804,12.503949,11.959628,0.58442698,0.96743519,16.939541,16.387908,0.77547145,0.84592424,26.231111,22.189533,0.75359764,0.83092325,23.964475,19.91264,0.85313532,0.91433031,32.832298,30.019566
init,init,-1,,2502,044.Frigatebird/Frigatebird_0004_43221.jpg,44,43,044.Frigatebird,8,7,random_resized_crop,random_resized_crop,0,"{""area_fraction"":0.559706,""aspect"":0.917259,""fallback"":false,""height"":0.781149,""left"":0.063872,""top"":0.170119,""width"":0.716516}",4.9846535,5.5342436,0.54959011,0.0068421476,0.0039491942,0.035805888,0.027466517,-0.028963741,-0.023517323,0.0054464182,0.48221336,0.98680642,61.051031,60.245549,False,0.87043446,True,False,False,0.48221336,0.98680642,61.051031,60.245549,0.39670793,1.0581777,52.76006,55.82952,0.87002016,0.73703894,30.718145,22.640469,-0.46557938,1.3260392,12.503949,16.580727,0.1306911,1.4427892,16.939541,24.440187,0.52608204,1.1062184,26.231111,29.017337,0.46248003,1.0606823,23.964475,25.418694,0.58555085,0.83777047,32.832298,27.50593
init,init,-1,,2502,044.Frigatebird/Frigatebird_0004_43221.jpg,44,43,044.Frigatebird,8,7,gaussian_blur,gaussian_blur,0,"{""sigma"":1.152273}",4.9846535,4.9577889,-0.026864529,0.0068421476,0.0070284507,0.035805888,0.027929405,-0.028963741,-0.020900954,0.0080627869,0.79438512,0.97258209,61.051031,59.377139,False,0.96441573,True,False,False,0.79438512,0.97258209,61.051031,59.377139,0.74348603,0.99656991,52.76006,52.579088,0.96429626,0.8980931,30.718145,27.587754,0.48749556,0.94928751,12.503949,11.869843,0.53638402,1.1756211,16.939541,19.914482,0.7677598,1.0018384,26.231111,26.279335,0.75305285,1.0191336,23.964475,24.423001,0.83367717,0.93381603,32.832298,30.659326
init,init,-1,,2502,044.Frigatebird/Frigatebird_0004_43221.jpg,44,43,044.Frigatebird,8,7,random_erasing,random_erasing,0,"{""area_fraction"":0.067101,""erased"":true,""height"":0.272785,""left"":0.255592,""top"":0.051488,""width"":0.245987}",4.9846535,5.1452217,0.16056824,0.0068421476,0.0058271843,0.035805888,0.014568809,-0.028963741,-0.0087416251,0.020222116,0.65192824,0.76459288,61.051031,46.679184,False,0.79446173,False,False,False,0.65192824,0.76459288,61.051031,46.679184,0.60457868,0.76766465,52.76006,40.502033,0.79392864,0.75545842,30.718145,23.206282,0.28107549,0.75551765,12.503949,9.4469542,0.51532214,0.87122452,16.939541,14.758143,0.73203165,0.71106902,26.231111,18.652131,0.62970066,0.72872173,23.964475,17.463434,0.59336225,0.7945307,32.832298,26.086269
init,init,-1,,8194,140.Summer_Tanager/Summer_Tanager_0095_139882.jpg,140,139,140.Summer_Tanager,129,128,identity,identity,0,{},4.6154895,4.6154895,0,0.0098973364,0.0098973364,0.021854112,0.021854112,-0.011956776,-0.011956776,0,1,1,43.962752,43.962752,False,0.99999988,True,False,False,1,1,43.962752,43.962752,1,1,35.807767,35.807767,1,1,25.505437,25.505437,1,1,9.5501723,9.5501723,1,1,13.725814,13.725814,1,1,14.042303,14.042303,1,1,14.438491,14.438491,1,1,24.432277,24.432277
init,init,-1,,8194,140.Summer_Tanager/Summer_Tanager_0095_139882.jpg,140,139,140.Summer_Tanager,129,128,horizontal_flip,horizontal_flip,0,"{""flipped"":true}",4.6154895,4.5146132,-0.10087633,0.0098973364,0.010947841,0.021854112,0.02898529,-0.011956776,-0.018037449,-0.0060806731,0.68321911,0.9439977,43.962752,41.500736,False,0.96509111,True,False,False,0.68321911,0.9439977,43.962752,41.500736,0.52563865,0.9085358,35.807767,32.532638,0.96499958,1.0102554,25.505437,25.767005,0.065098751,0.69233385,9.5501723,6.6119075,0.40748359,0.84740685,13.725814,11.631349,0.49546228,0.84169696,14.042303,11.819364,0.45450769,0.94388535,14.438491,13.62828,0.64603865,0.96331265,24.432277,23.535921
init,init,-1,,8194,140.Summer_Tanager/Summer_Tanager_0095_139882.jpg,140,139,140.Summer_Tanager,129,128,color_jitter,color_jitter,0,"{""brightness"":1.311467,""contrast"":0.72312,""hue"":-0.031834,""saturation"":1.171513}",4.6154895,4.5921745,-0.023314953,0.0098973364,0.010130808,0.021854112,0.022640962,-0.011956776,-0.012510154,-0.00055337884,0.85792477,1.0220809,43.962752,44.93349,False,0.97943783,False,False,False,0.85792477,1.0220809,43.962752,44.93349,0.7964888,1.0230495,35.807767,36.633118,0.97935986,1.0201692,25.505437,26.019862,0.70265982,0.90760673,9.5501723,8.6678006,0.71560247,0.95096332,13.725814,13.052746,0.77236438,1.050512,14.042303,14.751607,0.75943004,1.0649972,14.438491,15.376953,0.85556972,1.0373983,24.432277,25.346002
init,init,-1,,8194,140.Summer_Tanager/Summer_Tanager_0095_139882.jpg,140,139,140.Summer_Tanager,129,128,rotation,rotation,0,"{""angle"":-7.251492}",4.6154895,4.627224,0.011734486,0.0098973364,0.0097818756,0.021854112,0.02565418,-0.011956776,-0.015872304,-0.0039155288,0.72809083,1.0393186,43.962752,45.691306,False,0.92604548,True,False,False,0.72809083,1.0393186,43.962752,45.691306,0.64037824,1.0779277,35.807767,38.598183,0.92592759,0.95867785,25.505437,24.451498,0.76426126,1.2057471,9.5501723,11.515093,0.66231266,1.1807231,13.725814,16.206386,0.61317783,1.0299588,14.042303,14.462994,0.53478649,1.1462408,14.438491,16.549987,0.66434312,1.0121213,24.432277,24.728428
init,init,-1,,8194,140.Summer_Tanager/Summer_Tanager_0095_139882.jpg,140,139,140.Summer_Tanager,129,128,random_resized_crop,random_resized_crop,0,"{""area_fraction"":0.795468,""aspect"":1.02862,""fallback"":false,""height"":0.879395,""left"":0.029785,""top"":0.00761,""width"":0.904563}",4.6154895,4.3511133,-0.26437616,0.0098973364,0.012892452,0.021854112,0.021631651,-0.011956776,-0.0087391986,0.003217577,0.80777941,1.0188175,43.962752,44.790022,False,0.96863937,True,False,False,0.80777941,1.0188175,43.962752,44.790022,0.72988601,1.0333405,35.807767,37.001615,0.96860842,0.98956881,25.505437,25.239385,0.80663285,1.2020959,9.5501723,11.480223,0.62622396,0.9584955,13.725814,13.156131,0.71014136,1.0430832,14.042303,14.647291,0.68140436,1.1022601,14.438491,15.914972,0.7757961,0.99955985,24.432277,24.421523
init,init,-1,,8194,140.Summer_Tanager/Summer_Tanager_0095_139882.jpg,140,139,140.Summer_Tanager,129,128,gaussian_blur,gaussian_blur,0,"{""sigma"":1.977685}",4.6154895,4.646441,0.0309515,0.0098973364,0.009595694,0.021854112,0.026011728,-0.011956776,-0.016416034,-0.0044592582,0.68795519,0.99553908,43.962752,43.766637,False,0.92587,True,False,False,0.68795519,0.99553908,43.962752,43.766637,0.5704836,1.0042097,35.807767,35.958506,0.92580169,0.9782243,25.505437,24.950038,0.2639496,0.82099468,9.5501723,7.8406406,0.42284079,0.87313059,13.725814,11.984428,0.51221903,1.0649093,14.042303,14.953778,0.53289453,1.1262744,14.438491,16.261703,0.68943293,1.0024406,24.432277,24.491907
init,init,-1,,8194,140.Summer_Tanager/Summer_Tanager_0095_139882.jpg,140,139,140.Summer_Tanager,129,128,random_erasing,random_erasing,0,"{""area_fraction"":0.156568,""erased"":true,""height"":0.331352,""left"":0.50122,""top"":0.172836,""width"":0.472513}",4.6154895,4.5528889,-0.062600613,0.0098973364,0.010536719,0.021854112,0.022642313,-0.011956776,-0.012105593,-0.0001488179,0.90793474,0.95656348,43.962752,42.053163,False,0.98679566,True,False,False,0.90793474,0.95656348,43.962752,42.053163,0.86687882,0.94698605,35.807767,33.909456,0.9867744,0.97516532,25.505437,24.872018,0.9521847,0.91016346,9.5501723,8.6922179,0.80975443,0.8313679,13.725814,11.411201,0.83213502,0.98413795,14.042303,13.819563,0.83050997,0.94355136,14.438491,13.623458,0.89662274,0.9750341,24.432277,23.822303
init,init,-1,,1426,026.Bronzed_Cowbird/Bronzed_Cowbird_0040_24134.jpg,26,25,026.Bronzed_Cowbird,58,57,identity,identity,0,{},5.5671096,5.5671096,0,0.0038215104,0.0038215104,0.028984014,0.028984014,-0.025162504,-0.025162504,0,1,1,54.386122,54.386122,False,1,True,False,False,1,1,54.386122,54.386122,1,1,45.878472,45.878472,1,1,29.206439,29.206439,1,1,10.813022,10.813022,1,1,18.201546,18.201546,1,1,19.481089,19.481089,1,1,19.707893,19.707893,1,1,29.811115,29.811115
init,init,-1,,1426,026.Bronzed_Cowbird/Bronzed_Cowbird_0040_24134.jpg,26,25,026.Bronzed_Cowbird,58,57,horizontal_flip,horizontal_flip,0,"{""flipped"":true}",5.5671096,5.3764524,-0.19065714,0.0038215104,0.0046241963,0.028984014,0.024543885,-0.025162504,-0.019919689,0.0052428148,0.71230627,0.95938961,54.386122,52.17748,False,0.96693587,True,False,False,0.71230627,0.95938961,54.386122,52.17748,0.61560712,0.97567452,45.878472,44.762456,0.96687048,0.91797118,29.206439,26.810669,0.12608699,0.60486579,10.813022,6.5404269,0.59634153,0.97509267,18.201546,17.748194,0.65933934,1.0292769,19.481089,20.051435,0.50731057,0.98125943,19.707893,19.338556,0.69579849,0.98934321,29.811115,29.493424
init,init,-1,,1426,026.Bronzed_Cowbird/Bronzed_Cowbird_0040_24134.jpg,26,25,026.Bronzed_Cowbird,58,57,color_jitter,color_jitter,0,"{""brightness"":1.120585,""contrast"":1.202291,""hue"":-0.091552,""saturation"":0.804479}",5.5671096,5.5165567,-0.050552845,0.0038215104,0.0040196641,0.028984014,0.034129303,-0.025162504,-0.030109639,-0.0049471352,0.81781042,0.99333208,54.386122,54.02348,False,0.96208262,True,False,False,0.81781042,0.99333208,54.386122,54.02348,0.75505745,0.96743827,45.878472,44.384589,0.96197601,1.0545089,29.206439,30.798451,0.74564321,0.9526914,10.813022,10.301473,0.60703717,0.81077432,18.201546,14.757346,0.73443263,0.89531961,19.481089,17.441801,0.72875779,0.99021105,19.707893,19.514973,0.82407513,1.0399031,29.811115,31.00067
init,init,-1,,1426,026.Bronzed_Cowbird/Bronzed_Cowbird_0040_24134.jpg,26,25,026.Bronzed_Cowbird,58,57,rotation,rotation,0,"{""angle"":-9.19095}",5.5671096,5.1429968,-0.4241128,0.0038215104,0.0058401637,0.028984014,0.017938672,-0.025162504,-0.012098508,0.013063996,0.69590381,0.88367962,54.386122,48.059907,False,0.92035937,False,False,False,0.69590381,0.88367962,54.386122,48.059907,0.60558942,0.88532421,45.878472,40.617322,0.92021489,0.87960841,29.206439,25.690229,0.70611873,0.92378398,10.813022,9.9888962,0.37691342,0.71181727,18.201546,12.956175,0.42771222,0.85781858,19.481089,16.71124,0.59510246,0.92486861,19.707893,18.227212,0.73749519,0.9312035,29.811115,27.760214
init,init,-1,,1426,026.Bronzed_Cowbird/Bronzed_Cowbird_0040_24134.jpg,26,25,026.Bronzed_Cowbird,58,57,random_resized_crop,random_resized_crop,0,"{""area_fraction"":0.61533,""aspect"":1.063927,""fallback"":false,""height"":0.760498,""left"":0.045727,""top"":0.132606,""width"":0.809115}",5.5671096,5.5304976,-0.036612034,0.0038215104,0.0039640148,0.028984014,0.02741581,-0.025162504,-0.023451795,0.0017107083,0.75244757,1.0060698,54.386122,54.716237,False,0.94711548,True,False,False,0.75244757,1.0060698,54.386122,54.716237,0.68869265,1.0506547,45.878472,48.20243,0.94698996,0.8865146,29.206439,25.891935,0.8241911,1.603717,10.813022,17.341027,0.62150201,0.99245851,18.201546,18.064279,0.69456432,1.1140002,19.481089,21.701937,0.61898011,1.0456357,19.707893,20.607276,0.73385591,0.94926354,29.811115,28.298604
init,init,-1,,1426,026.Bronzed_Cowbird/Bronzed_Cowbird_0040_24134.jpg,26,25,026.Bronzed_Cowbird,58,57,gaussian_blur,gaussian_blur,0,"{""sigma"":1.831411}",5.5671096,5.1726699,-0.3944397,0.0038215104,0.0056694113,0.028984014,0.030032586,-0.025162504,-0.024363175,0.00079932855,0.58490195,0.99891997,54.386122,54.327383,False,0.84534371,True,False,False,0.58490195,0.99891997,54.386122,54.327383,0.50488904,1.0566985,45.878472,48.479711,0.8451489,0.83950721,29.206439,24.519016,0.43666088,1.0635873,10.813022,11.500592,0.40049315,1.0896108,18.201546,19.832601,0.43699316,1.2164871,19.481089,23.698495,0.48402183,1.0923355,19.707893,21.52763,0.61327835,0.94856285,29.811115,28.277716
init,init,-1,,1426,026.Bronzed_Cowbird/Bronzed_Cowbird_0040_24134.jpg,26,25,026.Bronzed_Cowbird,58,57,random_erasing,random_erasing,0,"{""area_fraction"":0.071116,""erased"":true,""height"":0.165718,""left"":0.343814,""top"":0.117426,""width"":0.429138}",5.5671096,5.5281239,-0.038985729,0.0038215104,0.0039734375,0.028984014,0.035699688,-0.025162504,-0.03172625,-0.0065637468,0.89230225,0.96602814,54.386122,52.538524,False,0.98570442,True,False,False,0.89230225,0.96602814,54.386122,52.538524,0.85313179,0.95448063,45.878472,43.790113,0.98563334,0.99394806,29.206439,29.029684,0.87220982,0.90012033,10.813022,9.7330205,0.80015088,0.84003967,18.201546,15.290021,0.8383762,0.85333986,19.481089,16.62399,0.83264636,0.94434969,19.707893,18.611143,0.88763124,1.0427581,29.811115,31.085782
init,init,-1,,8057,138.Tree_Swallow/Tree_Swallow_0071_136749.jpg,138,137,138.Tree_Swallow,129,128,identity,identity,0,{},6.3923721,6.3923721,0,0.0016742799,0.0016742799,0.031489767,0.031489767,-0.029815487,-0.029815487,0,1,1,48.779762,48.779762,False,1.0000001,True,False,False,1,1,48.779762,48.779762,1,1,42.119973,42.119973,1,1,24.60433,24.60433,1,1,10.215808,10.215808,1,1,16.376204,16.376204,1,1,15.930744,15.930744,1,1,19.137065,19.137065,1,1,27.955921,27.955921
init,init,-1,,8057,138.Tree_Swallow/Tree_Swallow_0071_136749.jpg,138,137,138.Tree_Swallow,129,128,horizontal_flip,horizontal_flip,0,"{""flipped"":true}",6.3923721,6.2805204,-0.11185169,0.0016742799,0.0018724265,0.031489767,0.023329908,-0.029815487,-0.021457482,0.0083580057,0.64703666,0.99503359,48.779762,48.537502,False,0.96024072,True,False,False,0.64703666,0.99503359,48.779762,48.537502,0.52838676,0.96392007,42.119973,40.600288,0.96014916,1.0810691,24.60433,26.59898,0.78191325,0.78091127,10.215808,7.9776396,0.3574955,0.73542806,16.376204,12.04352,0.36116863,1.0631862,15.930744,16.937347,0.42028273,0.94936406,19.137065,18.168042,0.65568413,1.0260257,27.955921,28.683493
init,init,-1,,8057,138.Tree_Swallow/Tree_Swallow_0071_136749.jpg,138,137,138.Tree_Swallow,129,128,color_jitter,color_jitter,0,"{""brightness"":1.206844,""contrast"":1.17016,""hue"":-0.054568,""saturation"":1.013813}",6.3923721,6.4118748,0.01950264,0.0016742799,0.0016419438,0.031489767,0.027637592,-0.029815487,-0.025995648,0.0038198394,0.78797306,0.97266988,48.779762,47.446606,False,0.96001381,True,False,False,0.78797306,0.97266988,48.779762,47.446606,0.7257569,0.95575969,42.119973,40.256573,0.95996113,1.0206141,24.60433,25.111526,0.66348303,0.68981161,10.215808,7.046983,0.64918624,0.73563937,16.376204,12.04698,0.56309607,0.91217317,15.930744,14.531597,0.69302876,1.0050123,19.137065,19.232986,0.82376791,1.0396433,27.955921,29.064186
init,init,-1,,8057,138.Tree_Swallow/Tree_Swallow_0071_136749.jpg,138,137,138.Tree_Swallow,129,128,rotation,rotation,0,"{""angle"":1.769558}",6.3923721,6.2747459,-0.11762619,0.0016742799,0.0018832694,0.031489767,0.027862893,-0.029815487,-0.025979624,0.0038358632,0.80328403,0.97477871,48.779762,47.549474,False,0.96473134,True,False,False,0.80328403,0.97477871,48.779762,47.549474,0.74197039,0.93502075,42.119973,39.383049,0.96464032,1.082918,24.60433,26.644473,0.83858298,0.76028321,10.215808,7.7669074,0.66582217,0.79764682,16.376204,13.062427,0.62702716,0.95126687,15.930744,15.154389,0.67991764,0.89100307,19.137065,17.051184,0.82041871,1.0115393,27.955921,28.278514
init,init,-1,,8057,138.Tree_Swallow/Tree_Swallow_0071_136749.jpg,138,137,138.Tree_Swallow,129,128,random_resized_crop,random_resized_crop,0,"{""area_fraction"":0.626762,""aspect"":0.844886,""fallback"":false,""height"":0.861296,""left"":0.241021,""top"":0.06522,""width"":0.727697}",6.3923721,6.7430396,0.35066748,0.0016742799,0.0011790576,0.031489767,0.043855652,-0.029815487,-0.042676595,-0.012861107,0.68511922,1.0427214,48.779762,50.8637,False,0.94105101,True,False,False,0.68511922,1.0427214,48.779762,50.8637,0.59637251,1.0382519,42.119973,43.731143,0.94096799,1.0557104,24.60433,25.975047,0.70293665,0.99755041,10.215808,10.190783,0.47812197,0.86478116,16.376204,14.161832,0.4497459,1.1407011,15.930744,18.172217,0.54082164,1.0567718,19.137065,20.223511,0.69771179,1.0543431,27.955921,29.475133
init,init,-1,,8057,138.Tree_Swallow/Tree_Swallow_0071_136749.jpg,138,137,138.Tree_Swallow,129,128,gaussian_blur,gaussian_blur,0,"{""sigma"":1.500453}",6.3923721,6.2050943,-0.18727779,0.0016742799,0.0020191188,0.031489767,0.038449377,-0.029815487,-0.036430258,-0.0066147709,0.66820303,1.1572484,48.779762,56.4503,False,0.92595834,True,False,False,0.66820303,1.1572484,48.779762,56.4503,0.58123665,1.160337,42.119973,48.873363,0.92579796,1.148149,24.60433,28.249437,0.74450865,1.0924614,10.215808,11.160375,0.42087521,1.0259289,16.376204,16.80082,0.420788,1.2132547,15.930744,19.328051,0.49437594,1.247152,19.137065,23.86683,0.71087578,1.1527821,27.955921,32.227085
init,init,-1,,8057,138.Tree_Swallow/Tree_Swallow_0071_136749.jpg,138,137,138.Tree_Swallow,129,128,random_erasing,random_erasing,0,"{""area_fraction"":0.10052,""erased"":true,""height"":0.467644,""left"":0.354237,""top"":0.180268,""width"":0.214951}",6.3923721,6.7756052,0.38323307,0.0016742799,0.0011412794,0.031489767,0.04692388,-0.029815487,-0.0457826,-0.015967113,0.65050151,1.195526,48.779762,58.317476,False,0.92119277,True,False,False,0.65050151,1.195526,48.779762,58.317476,0.55324182,1.1778234,42.119973,49.60989,0.92069794,1.2459572,24.60433,30.655942,0.77439184,1.1700616,10.215808,11.953125,0.58203784,0.98153933,16.376204,16.073888,0.40913356,1.184548,15.930744,18.870731,0.42779464,1.1602063,19.137065,22.202945,0.62038838,1.2447032,27.955921,34.796823
init,init,-1,,1802,032.Mangrove_Cuckoo/Mangrove_Cuckoo_0016_794607.jpg,32,31,032.Mangrove_Cuckoo,129,128,identity,identity,0,{},5.4821119,5.4821119,0,0.0041605323,0.0041605323,0.02189552,0.02189552,-0.017734988,-0.017734988,0,1,1,52.156476,52.156476,False,1,True,False,False,1,1,52.156476,52.156476,1,1,45.882452,45.882452,1,1,24.801181,24.801181,1,1,9.1315908,9.1315908,1,1,17.047711,17.047711,1,1,23.910916,23.910916,1,1,21.20243,21.20243,1,1,26.644213,26.644213
init,init,-1,,1802,032.Mangrove_Cuckoo/Mangrove_Cuckoo_0016_794607.jpg,32,31,032.Mangrove_Cuckoo,129,128,horizontal_flip,horizontal_flip,0,"{""flipped"":true}",5.4821119,5.760253,0.27814102,0.0041605323,0.0031503155,0.02189552,0.024118546,-0.017734988,-0.020968231,-0.0032332428,0.60375317,1.1044413,52.156476,57.603765,False,0.95150959,False,False,False,0.60375317,1.1044413,52.156476,57.603765,0.49665084,1.0901503,45.882452,50.018769,0.95133402,1.1520118,24.801181,28.571254,0.11585511,1.0781627,9.1315908,9.8453408,0.34801785,1.1150635,17.047711,19.009281,0.43088005,1.0294199,23.910916,24.614374,0.43802887,1.0842416,21.20243,22.988557,0.68396334,1.131721,26.644213,30.153815
init,init,-1,,1802,032.Mangrove_Cuckoo/Mangrove_Cuckoo_0016_794607.jpg,32,31,032.Mangrove_Cuckoo,129,128,color_jitter,color_jitter,0,"{""brightness"":0.911889,""contrast"":0.930362,""hue"":-0.019492,""saturation"":0.962992}",5.4821119,5.413744,-0.068367958,0.0041605323,0.0044549294,0.02189552,0.02052984,-0.017734988,-0.016074911,0.0016600774,0.89615229,0.98439365,52.156476,51.342504,False,0.98753679,False,False,False,0.89615229,0.98439365,52.156476,51.342504,0.86981616,0.98726412,45.882452,45.298099,0.98752772,0.97450534,24.801181,24.168883,0.73979325,1.1672574,9.1315908,10.658917,0.76013988,0.99903939,17.047711,17.031335,0.87586727,0.96903218,23.910916,23.170447,0.87694706,0.96507562,21.20243,20.461949,0.92606262,0.98778582,26.644213,26.318775
init,init,-1,,1802,032.Mangrove_Cuckoo/Mangrove_Cuckoo_0016_794607.jpg,32,31,032.Mangrove_Cuckoo,129,128,rotation,rotation,0,"{""angle"":2.142215}",5.4821119,5.3347216,-0.14739037,0.0041605323,0.0048212511,0.02189552,0.019508466,-0.017734988,-0.014687215,0.0030477731,0.73599332,0.93445764,52.156476,48.738017,False,0.96235287,False,False,False,0.73599332,0.93445764,52.156476,48.738017,0.66084721,0.89721664,45.882452,41.1665,0.96229348,1.0519858,24.801181,26.09049,0.37900291,0.81763609,9.1315908,7.4663182,0.39143887,0.78587296,17.047711,13.397335,0.68061272,0.85401498,23.910916,20.42028,0.63782492,0.85164723,21.20243,18.056991,0.78029048,1.0045601,26.644213,26.765714
init,init,-1,,1802,032.Mangrove_Cuckoo/Mangrove_Cuckoo_0016_794607.jpg,32,31,032.Mangrove_Cuckoo,129,128,random_resized_crop,random_resized_crop,0,"{""area_fraction"":0.829096,""aspect"":0.949543,""fallback"":false,""height"":0.934426,""left"":0.08449,""top"":0.019953,""width"":0.887278}",5.4821119,5.7578101,0.27569818,0.0041605323,0.0031580194,0.02189552,0.025962204,-0.017734988,-0.022804184,-0.0050691962,0.76699104,1.0759046,52.156476,56.115392,False,0.96578008,True,False,False,0.76699104,1.0759046,52.156476,56.115392,0.7071411,1.0679704,45.882452,49.001099,0.96569191,1.1026278,24.801181,27.346472,0.40568565,0.94138888,9.1315908,8.596378,0.68101775,1.1641841,17.047711,19.846674,0.72645099,1.0929004,23.910916,26.132248,0.64073127,1.0270627,21.20243,21.776226,0.77842423,1.0456584,26.644213,27.860744
init,init,-1,,1802,032.Mangrove_Cuckoo/Mangrove_Cuckoo_0016_794607.jpg,32,31,032.Mangrove_Cuckoo,129,128,gaussian_blur,gaussian_blur,0,"{""sigma"":1.547055}",5.4821119,5.0728307,-0.40928125,0.0041605323,0.0062646628,0.02189552,0.018103769,-0.017734988,-0.011839106,0.0058958819,0.66126214,0.85787448,52.156476,44.74371,False,0.91392267,True,False,False,0.66126214,0.85787448,52.156476,44.74371,0.5821653,0.84265533,45.882452,38.663093,0.91388721,0.90803417,24.801181,22.52032,0.13542972,0.59115176,9.1315908,5.398156,0.52933989,0.8573311,17.047711,14.615533,0.62060873,0.89275497,23.910916,21.346589,0.47690533,0.82331542,21.20243,17.456288,0.67854824,0.83222217,26.644213,22.173904
init,init,-1,,1802,032.Mangrove_Cuckoo/Mangrove_Cuckoo_0016_794607.jpg,32,31,032.Mangrove_Cuckoo,129,128,random_erasing,random_erasing,0,"{""area_fraction"":0.110698,""erased"":true,""height"":0.516486,""left"":0.324949,""top"":0.188138,""width"":0.214329}",5.4821119,5.6045771,0.12246513,0.0041605323,0.0036809768,0.02189552,0.017809603,-0.017734988,-0.014128627,0.0036063616,0.61345095,0.96252523,52.156476,50.201924,False,0.86761785,False,False,False,0.61345095,0.96252523,52.156476,50.201924,0.53691802,0.95554201,45.882452,43.842611,0.86751622,0.98605135,24.801181,24.455238,0.50786203,0.85995458,9.1315908,7.8527533,0.46644053,0.94112608,17.047711,16.044046,0.47573683,0.85513845,23.910916,20.447143,0.50751021,0.96031635,21.20243,20.361041,0.62792289,1.041757,26.644213,27.756796
init,init,-1,,4599,079.Belted_Kingfisher/Belted_Kingfisher_0061_70363.jpg,79,78,079.Belted_Kingfisher,8,7,identity,identity,0,{},6.1652484,6.1652484,0,0.0021011964,0.0021011964,0.024748567,0.024748567,-0.022647371,-0.022647371,0,1,1,54.107536,54.107536,False,1.0000001,True,False,False,1,1,54.107536,54.107536,1,1,44.688436,44.688436,1,1,30.505231,30.505231,1,1,7.8607309,7.8607309,1,1,15.883249,15.883249,1,1,17.431056,17.431056,1,1,19.478279,19.478279,1,1,31.618705,31.618705
init,init,-1,,4599,079.Belted_Kingfisher/Belted_Kingfisher_0061_70363.jpg,79,78,079.Belted_Kingfisher,8,7,horizontal_flip,horizontal_flip,0,"{""flipped"":true}",6.1652484,6.1939087,0.028660297,0.0021011964,0.0020418297,0.024748567,0.030144591,-0.022647371,-0.028102761,-0.0054553901,0.67308917,0.92243583,54.107536,49.91073,False,0.96658945,True,False,False,0.67308917,0.92243583,54.107536,49.91073,0.53626501,0.92213701,44.688436,41.20886,0.96642318,0.92307681,30.505231,28.158671,0.53011987,0.76721732,7.8607309,6.0308889,0.43950431,0.94705341,15.883249,15.042285,0.33643444,0.9405172,17.431056,16.394208,0.4303738,0.9097623,19.478279,17.720604,0.66361953,0.92355723,31.618705,29.201684
init,init,-1,,4599,079.Belted_Kingfisher/Belted_Kingfisher_0061_70363.jpg,79,78,079.Belted_Kingfisher,8,7,color_jitter,color_jitter,0,"{""brightness"":1.314438,""contrast"":0.666318,""hue"":-0.076595,""saturation"":0.959875}",6.1652484,6.4883738,0.32312536,0.0021011964,0.0015210203,0.024748567,0.021331258,-0.022647371,-0.019810238,0.0028371332,0.68318985,0.9555112,54.107536,51.700356,False,0.89836419,False,False,False,0.68318985,0.9555112,54.107536,51.700356,0.57914433,0.94294146,44.688436,42.138579,0.89798669,0.98194356,30.505231,29.954415,0.6762345,0.96909182,7.8607309,7.61777,0.33987969,1.0482724,15.883249,16.649972,0.40409238,0.88737087,17.431056,15.467812,0.54141964,0.82956922,19.478279,16.158581,0.70231854,0.96968915,31.618705,30.660315
init,init,-1,,4599,079.Belted_Kingfisher/Belted_Kingfisher_0061_70363.jpg,79,78,079.Belted_Kingfisher,8,7,rotation,rotation,0,"{""angle"":-2.641464}",6.1652484,6.2357759,0.070527554,0.0021011964,0.0019581097,0.024748567,0.025901137,-0.022647371,-0.023943027,-0.0012956562,0.78871878,0.91895851,54.107536,49.72258,False,0.96022713,True,False,False,0.78871878,0.91895851,54.107536,49.72258,0.70838743,0.9172484,44.688436,40.990396,0.96012044,0.9226178,30.505231,28.144669,0.65378663,0.95337024,7.8607309,7.4941869,0.54505172,0.78798847,15.883249,12.515817,0.58759874,0.92269158,17.431056,16.083489,0.64882645,0.95301767,19.478279,18.563144,0.80843949,0.92970838,31.618705,29.396175
init,init,-1,,4599,079.Belted_Kingfisher/Belted_Kingfisher_0061_70363.jpg,79,78,079.Belted_Kingfisher,8,7,random_resized_crop,random_resized_crop,0,"{""area_fraction"":0.569375,""aspect"":0.954949,""fallback"":false,""height"":0.772163,""left"":0.018133,""top"":0.182962,""width"":0.737376}",6.1652484,6.0752282,-0.09002018,0.0021011964,0.0022991216,0.024748567,0.023408189,-0.022647371,-0.021109068,0.0015383032,0.69049151,0.8990816,54.107536,48.64709,False,0.93947279,True,False,False,0.69049151,0.8990816,54.107536,48.64709,0.57168218,0.89181452,44.688436,39.853796,0.93929041,0.91448227,30.505231,27.896493,0.5783969,0.9921879,7.8607309,7.7993221,0.44451766,0.9064484,15.883249,14.397346,0.47978631,0.94420433,17.431056,16.458479,0.48034281,0.88377599,19.478279,17.214435,0.67118695,0.86786386,31.618705,27.440731
init,init,-1,,4599,079.Belted_Kingfisher/Belted_Kingfisher_0061_70363.jpg,79,78,079.Belted_Kingfisher,8,7,gaussian_blur,gaussian_blur,0,"{""sigma"":1.382552}",6.1652484,6.0747147,-0.090533733,0.0021011964,0.0023003018,0.024748567,0.019429123,-0.022647371,-0.017128821,0.0055185498,0.66725595,0.98373194,54.107536,53.227311,False,0.91991371,False,False,False,0.66725595,0.98373194,54.107536,53.227311,0.555276,0.99809841,44.688436,44.603457,0.91967609,0.95216918,30.505231,29.046141,0.36247782,0.82891574,7.8607309,6.5158835,0.3738839,0.91362268,15.883249,14.511297,0.44385123,1.1286462,17.431056,19.673495,0.43954044,1.0470293,19.478279,20.394328,0.69899509,0.96628115,31.618705,30.552559
init,init,-1,,4599,079.Belted_Kingfisher/Belted_Kingfisher_0061_70363.jpg,79,78,079.Belted_Kingfisher,8,7,random_erasing,random_erasing,0,"{""area_fraction"":0.079278,""erased"":true,""height"":0.206223,""left"":0.241126,""top"":0.67853,""width"":0.38443}",6.1652484,6.0307837,-0.13446474,0.0021011964,0.0024036104,0.024748567,0.021129265,-0.022647371,-0.018725655,0.003921716,0.9325204,0.98084809,54.107536,53.071273,False,0.9836387,False,False,False,0.9325204,0.98084809,54.107536,53.071273,0.90860454,0.97910085,44.688436,43.754485,0.98356917,0.98458732,30.505231,30.035064,0.9205767,0.90221978,7.8607309,7.0921069,0.91467592,0.97589131,15.883249,15.500325,0.91383949,0.93702718,17.431056,16.333374,0.88756774,0.96725339,19.478279,18.840431,0.91333913,1.0012063,31.618705,31.656847
init,init,-1,,5159,089.Hooded_Merganser/Hooded_Merganser_0057_796742.jpg,89,88,089.Hooded_Merganser,10,9,identity,identity,0,{},6.6091909,6.6091909,0,0.0013479224,0.0013479224,0.026569432,0.026569432,-0.025221509,-0.025221509,0,1,1,53.533772,53.533772,False,1,True,False,False,1,1,53.533772,53.533772,1,1,44.259746,44.259746,1,1,30.115438,30.115438,1,1,10.316357,10.316357,1,1,15.744818,15.744818,1,1,16.862156,16.862156,1,1,18.417442,18.417442,1,1,31.321944,31.321944
init,init,-1,,5159,089.Hooded_Merganser/Hooded_Merganser_0057_796742.jpg,89,88,089.Hooded_Merganser,10,9,horizontal_flip,horizontal_flip,0,"{""flipped"":true}",6.6091909,6.7048464,0.095655441,0.0013479224,0.0012249608,0.026569432,0.020288303,-0.025221509,-0.019063343,0.0061581666,0.72107227,0.97241413,53.533772,52.056997,False,0.96838069,False,False,False,0.72107227,0.97241413,53.533772,52.056997,0.60056413,0.95504445,44.259746,42.270025,0.96819315,1.0089114,30.115438,30.383809,0.44851729,0.80192498,10.316357,8.272944,0.48453037,0.8520048,15.744818,13.41466,0.45680107,0.94375385,16.862156,15.913725,0.43979422,0.94597768,18.417442,17.422489,0.73294941,1.000258,31.321944,31.330027
init,init,-1,,5159,089.Hooded_Merganser/Hooded_Merganser_0057_796742.jpg,89,88,089.Hooded_Merganser,10,9,color_jitter,color_jitter,0,"{""brightness"":0.875831,""contrast"":0.662625,""hue"":-0.092439,""saturation"":1.272939}",6.6091909,6.6642923,0.055101395,0.0013479224,0.0012756592,0.026569432,0.027524922,-0.025221509,-0.026249263,-0.0010277536,0.73530928,1.0707805,53.533772,57.32292,False,0.92257237,True,False,False,0.73530928,1.0707805,53.533772,57.32292,0.6580103,1.1027836,44.259746,48.808924,0.92234471,0.99816055,30.115438,30.060043,0.61289825,1.1792302,10.316357,12.165359,0.51010372,1.2918211,15.744818,20.339487,0.6150763,1.1930025,16.862156,20.116594,0.6159852,1.0528995,18.417442,19.391715,0.74507541,1.0295513,31.321944,32.247548
init,init,-1,,5159,089.Hooded_Merganser/Hooded_Merganser_0057_796742.jpg,89,88,089.Hooded_Merganser,10,9,rotation,rotation,0,"{""angle"":-14.44436}",6.6091909,6.4281149,-0.18107605,0.0013479224,0.0016154937,0.026569432,0.019212559,-0.025221509,-0.017597065,0.0076244441,0.66518785,1.0032414,53.533772,53.707297,False,0.91854262,True,False,False,0.66518785,1.0032414,53.533772,53.707297,0.5554081,1.0222129,44.259746,45.242885,0.9182955,0.96098694,30.115438,28.940543,0.13347778,1.5486648,10.316357,15.976578,0.48148859,0.98165822,15.744818,15.45603,0.52414621,1.0626363,16.862156,17.91834,0.50296086,0.99881351,18.417442,18.39559,0.68816105,0.95423073,31.321944,29.888362
init,init,-1,,5159,089.Hooded_Merganser/Hooded_Merganser_0057_796742.jpg,89,88,089.Hooded_Merganser,10,9,random_resized_crop,random_resized_crop,0,"{""area_fraction"":0.531896,""aspect"":1.118726,""fallback"":false,""height"":0.689528,""left"":0.020748,""top"":0.035089,""width"":0.771392}",6.6091909,6.0863166,-0.52287436,0.0013479224,0.0022737687,0.026569432,0.022104532,-0.025221509,-0.019830763,0.0053907464,0.61832967,1.1652531,53.533772,62.380396,False,0.90570474,True,False,False,0.61832967,1.1652531,53.533772,62.380396,0.50635337,1.2171583,44.259746,53.871116,0.90539472,1.0443752,30.115438,31.451816,0.46791291,1.8542351,10.316357,19.12895,0.36959792,1.3069272,15.744818,20.577331,0.33285432,1.244419,16.862156,20.983587,0.47860152,1.2261144,18.417442,22.58189,0.63524595,1.088549,31.321944,34.095471
init,init,-1,,5159,089.Hooded_Merganser/Hooded_Merganser_0057_796742.jpg,89,88,089.Hooded_Merganser,10,9,gaussian_blur,gaussian_blur,0,"{""sigma"":1.016234}",6.6091909,6.7982135,0.18902254,0.0013479224,0.0011157668,0.026569432,0.021842774,-0.025221509,-0.020727007,0.0044945021,0.75682051,1.1304411,53.533772,60.516777,False,0.96203423,False,False,False,0.75682051,1.1304411,53.533772,60.516777,0.67721275,1.1790016,44.259746,52.182312,0.9618831,1.0176768,30.115438,30.647783,0.36346884,1.5891683,10.316357,16.394427,0.58081473,1.2985122,15.744818,20.444837,0.59422225,1.2216368,16.862156,20.599431,0.60881463,1.1467062,18.417442,21.119394,0.81574822,1.0901203,31.321944,34.144688
init,init,-1,,5159,089.Hooded_Merganser/Hooded_Merganser_0057_796742.jpg,89,88,089.Hooded_Merganser,10,9,random_erasing,random_erasing,0,"{""area_fraction"":0.162911,""erased"":true,""height"":0.320987,""left"":0.451167,""top"":0.616664,""width"":0.507531}",6.6091909,6.1494851,-0.45970583,0.0013479224,0.0021345806,0.026569432,0.022640133,-0.025221509,-0.020505553,0.0047159566,0.79001908,1.0057181,53.533772,53.839884,False,0.9466486,False,False,False,0.79001908,1.0057181,53.533772,53.839884,0.71263661,0.98046555,44.259746,43.395156,0.94641445,1.0582073,30.115438,31.868378,0.66173248,1.1564412,10.316357,11.93026,0.71521177,1.0191448,15.744818,16.046249,0.64473828,0.95790377,16.862156,16.152323,0.65134744,0.93984767,18.417442,17.30959,0.76021993,0.96985481,31.321944,30.377738
init,init,-1,,8734,149.Brown_Thrasher/Brown_Thrasher_0013_155329.jpg,149,148,149.Brown_Thrasher,127,126,identity,identity,0,{},6.1680808,6.1680808,0,0.0020952532,0.0020952532,0.016024485,0.016024485,-0.013929232,-0.013929232,0,1,1,40.787576,40.787576,False,1,True,False,False,1,1,40.787576,40.787576,1,1,33.383199,33.383199,1,1,23.434768,23.434768,1,1,3.0703299,3.0703299,1,1,10.580259,10.580259,1,1,15.713017,15.713017,1,1,14.44936,14.44936,1,1,23.181593,23.181593
init,init,-1,,8734,149.Brown_Thrasher/Brown_Thrasher_0013_155329.jpg,149,148,149.Brown_Thrasher,127,126,horizontal_flip,horizontal_flip,0,"{""flipped"":true}",6.1680808,6.2741585,0.10607767,0.0020952532,0.0018843756,0.016024485,0.012797697,-0.013929232,-0.010913322,0.0030159102,0.67747618,1.0712852,40.787576,43.695124,False,0.95547128,False,False,False,0.67747618,1.0712852,40.787576,43.695124,0.5359551,1.0591871,33.383199,35.359053,0.95541096,1.0954245,23.434768,25.67102,0.47504337,0.96928743,3.0703299,2.9760322,0.32818785,0.90672564,10.580259,9.5933924,0.42854612,0.99235906,15.713017,15.592954,0.43416444,1.0723889,14.44936,15.495334,0.65649092,1.1133591,23.181593,25.809438
init,init,-1,,8734,149.Brown_Thrasher/Brown_Thrasher_0013_155329.jpg,149,148,149.Brown_Thrasher,127,126,color_jitter,color_jitter,0,"{""brightness"":1.138316,""contrast"":0.82268,""hue"":0.087923,""saturation"":1.316323}",6.1680808,6.026247,-0.14183378,0.0020952532,0.0024145378,0.016024485,0.015060292,-0.013929232,-0.012645754,0.0012834782,0.82918806,0.99766408,40.787576,40.692299,False,0.96530688,False,False,False,0.82918806,0.99766408,40.787576,40.692299,0.76548819,1.0127883,33.383199,33.810115,0.96530124,0.96624591,23.434768,22.643749,0.58971123,1.0576905,3.0703299,3.2474587,0.69057094,1.2068077,10.580259,12.768339,0.73811671,0.95712717,15.713017,15.039355,0.72164263,0.9753509,14.44936,14.093197,0.81959883,1.0068254,23.181593,23.339816
init,init,-1,,8734,149.Brown_Thrasher/Brown_Thrasher_0013_155329.jpg,149,148,149.Brown_Thrasher,127,126,rotation,rotation,0,"{""angle"":-12.946094}",6.1680808,6.4501486,0.28206778,0.0020952532,0.0015802874,0.016024485,0.017193276,-0.013929232,-0.015612989,-0.0016837571,0.70224136,1.1849685,40.787576,48.33199,False,0.90883404,False,False,False,0.70224136,1.1849685,40.787576,48.33199,0.60715857,1.2089448,33.383199,40.358446,0.90876469,1.1347585,23.434768,26.592803,0.29522907,1.7828169,3.0703299,5.4738361,0.56387676,1.3232945,10.580259,14.000799,0.65111543,1.2057309,15.713017,18.945669,0.52758353,1.1769343,14.44936,17.005948,0.63762241,1.1850526,23.181593,27.471408
init,init,-1,,8734,149.Brown_Thrasher/Brown_Thrasher_0013_155329.jpg,149,148,149.Brown_Thrasher,127,126,random_resized_crop,random_resized_crop,0,"{""area_fraction"":0.83004,""aspect"":1.008675,""fallback"":false,""height"":0.907139,""left"":0.024701,""top"":0.027897,""width"":0.915009}",6.1680808,6.1129856,-0.055095196,0.0020952532,0.0022139314,0.016024485,0.012225041,-0.013929232,-0.01001111,0.0039181223,0.80515979,0.98902973,40.787576,40.340125,False,0.96358192,False,False,False,0.80515979,0.98902973,40.787576,40.340125,0.72635473,0.98584703,33.383199,32.910727,0.96355611,0.99545692,23.434768,23.328302,0.37503798,0.93418821,3.0703299,2.868266,0.58202294,0.94363137,10.580259,9.9838646,0.7285271,0.94527756,15.713017,14.853162,0.66794395,1.0170804,14.44936,14.696161,0.7832138,1.0011453,23.181593,23.208143
init,init,-1,,8734,149.Brown_Thrasher/Brown_Thrasher_0013_155329.jpg,149,148,149.Brown_Thrasher,127,126,gaussian_blur,gaussian_blur,0,"{""sigma"":1.826053}",6.1680808,5.8213229,-0.34675789,0.0020952532,0.0029636815,0.016024485,0.009562986,-0.013929232,-0.0065993045,0.0073299275,0.46346329,0.88419259,40.787576,36.064072,False,0.7840541,False,False,False,0.46346329,0.88419259,40.787576,36.064072,0.3268285,0.92116809,33.383199,30.751538,0.7841582,0.80395029,23.434768,18.840389,0.35932832,1.2766855,3.0703299,3.9198457,0.26528234,0.9609086,10.580259,10.166662,0.22845692,0.89126424,15.713017,14.00445,0.22541168,1.0275254,14.44936,14.847086,0.43446661,0.87386569,23.181593,20.257598
init,init,-1,,8734,149.Brown_Thrasher/Brown_Thrasher_0013_155329.jpg,149,148,149.Brown_Thrasher,127,126,random_erasing,random_erasing,0,"{""area_fraction"":0.085056,""erased"":true,""height"":0.490451,""left"":0.564157,""top"":0.136219,""width"":0.173425}",6.1680808,6.2306705,0.062589645,0.0020952532,0.0019681321,0.016024485,0.019378349,-0.013929232,-0.017410217,-0.0034809851,0.79878997,1.0770692,40.787576,43.931039,False,0.96046507,True,False,False,0.79878997,1.0770692,40.787576,43.931039,0.72444092,1.0985688,33.383199,36.673741,0.96044895,1.0320654,23.434768,24.186215,0.67254299,1.3071381,3.0703299,4.0133452,0.57856223,1.2483451,10.580259,13.207815,0.71576907,1.060087,15.713017,16.657165,0.69028984,1.0883888,14.44936,15.726522,0.77978424,1.082425,23.181593,25.092335
init,init,-1,,4520,078.Gray_Kingbird/Gray_Kingbird_0063_70287.jpg,78,77,078.Gray_Kingbird,129,128,identity,identity,0,{},6.4260645,6.4260645,0,0.0016188086,0.0016188086,0.020809351,0.020809351,-0.019190542,-0.019190542,0,1,1,44.446384,44.446384,False,0.99999994,True,False,False,1,1,44.446384,44.446384,1,1,37.172269,37.172269,1,1,24.366032,24.366032,1,1,5.7504346,5.7504346,1,1,12.932297,12.932297,1,1,14.099554,14.099554,1,1,16.312148,16.312148,1,1,26.769052,26.769052
init,init,-1,,4520,078.Gray_Kingbird/Gray_Kingbird_0063_70287.jpg,78,77,078.Gray_Kingbird,129,128,horizontal_flip,horizontal_flip,0,"{""flipped"":true}",6.4260645,6.1079073,-0.3181572,0.0016188086,0.0022252023,0.020809351,0.021669805,-0.019190542,-0.019444603,-0.00025406084,0.6821664,1.0108453,44.446384,44.92842,False,0.96875906,True,False,False,0.6821664,1.0108453,44.446384,44.92842,0.55705497,1.0058609,37.172269,37.390132,0.96871492,1.0223519,24.366032,24.91066,0.3289711,1.2351675,5.7504346,7.1027497,0.38323812,0.77376324,12.932297,10.006536,0.4287368,1.0400822,14.099554,14.664696,0.46157561,1.0814947,16.312148,17.641501,0.68125057,1.0031935,26.769052,26.85454
init,init,-1,,4520,078.Gray_Kingbird/Gray_Kingbird_0063_70287.jpg,78,77,078.Gray_Kingbird,129,128,color_jitter,color_jitter,0,"{""brightness"":0.672691,""contrast"":1.025321,""hue"":0.015296,""saturation"":0.659725}",6.4260645,6.425621,-0.00044345856,0.0016188086,0.0016195275,0.020809351,0.022286419,-0.019190542,-0.020666891,-0.0014763494,0.86394413,1.0422196,44.446384,46.322892,False,0.98499846,True,False,False,0.86394413,1.0422196,44.446384,46.322892,0.81511635,1.0590283,37.172269,39.366486,0.98499296,1.0020079,24.366032,24.414956,0.32365914,0.7536988,5.7504346,4.3340957,0.61940539,1.1892906,12.932297,15.380259,0.75846386,1.0703226,14.099554,15.091071,0.82073698,1.1107625,16.312148,18.118922,0.904016,1.0150735,26.769052,27.172555
init,init,-1,,4520,078.Gray_Kingbird/Gray_Kingbird_0063_70287.jpg,78,77,078.Gray_Kingbird,129,128,rotation,rotation,0,"{""angle"":2.992295}",6.4260645,6.7467794,0.32071495,0.0016188086,0.0011746568,0.020809351,0.020967718,-0.019190542,-0.019793061,-0.00060251949,0.77760431,1.0874384,44.446384,48.332704,False,0.96981096,True,False,False,0.77760431,1.0874384,44.446384,48.332704,0.69049734,1.067756,37.172269,39.690912,0.96975328,1.1319225,24.366032,27.58046,0.2086386,0.94441308,5.7504346,5.4307857,0.50709507,1.065292,12.932297,13.776672,0.63479964,1.09993,14.099554,15.508522,0.6258057,1.0632283,16.312148,17.343537,0.7931498,1.0663098,26.769052,28.544102
init,init,-1,,4520,078.Gray_Kingbird/Gray_Kingbird_0063_70287.jpg,78,77,078.Gray_Kingbird,129,128,random_resized_crop,random_resized_crop,0,"{""area_fraction"":0.834789,""aspect"":0.913631,""fallback"":false,""height"":0.955879,""left"":0.053176,""top"":0.028864,""width"":0.873321}",6.4260645,6.5507822,0.12471771,0.0016188086,0.0014289973,0.020809351,0.020803178,-0.019190542,-0.01937418,-0.00018363853,0.84392481,1.0937255,44.446384,48.612143,False,0.97532129,True,False,False,0.84392481,1.0937255,44.446384,48.612143,0.79115391,1.1125732,37.172269,41.356872,0.97529759,1.0485485,24.366032,25.548966,0.59923269,1.2675007,5.7504346,7.2886801,0.73762154,1.0330801,12.932297,13.360099,0.75248693,1.1797097,14.099554,16.633381,0.7670897,1.1733646,16.312148,19.140097,0.83699024,1.079961,26.769052,28.909532
init,init,-1,,4520,078.Gray_Kingbird/Gray_Kingbird_0063_70287.jpg,78,77,078.Gray_Kingbird,129,128,gaussian_blur,gaussian_blur,0,"{""sigma"":1.863794}",6.4260645,6.6640987,0.23803425,0.0016188086,0.0012759062,0.020809351,0.023960656,-0.019190542,-0.022684749,-0.0034942074,0.61757694,1.3215206,44.446384,58.736812,False,0.89284277,True,False,False,0.61757694,1.3215206,44.446384,58.736812,0.52623895,1.3977762,37.172269,51.958513,0.89279559,1.1241912,24.366032,27.392079,0.41558721,1.9634822,5.7504346,11.290876,0.38749392,1.4450523,12.932297,18.687846,0.42476656,1.6503259,14.099554,23.268859,0.4968452,1.5637001,16.312148,25.507306,0.63952872,1.199434,26.769052,32.107712
init,init,-1,,4520,078.Gray_Kingbird/Gray_Kingbird_0063_70287.jpg,78,77,078.Gray_Kingbird,129,128,random_erasing,random_erasing,0,"{""area_fraction"":0.114814,""erased"":true,""height"":0.372796,""left"":0.479161,""top"":0.212698,""width"":0.30798}",6.4260645,6.992413,0.56634855,0.0016188086,0.00091882667,0.020809351,0.022558063,-0.019190542,-0.021639237,-0.0024486947,0.68385683,1.1307094,44.446384,50.255943,False,0.90875077,True,False,False,0.68385683,1.1307094,44.446384,50.255943,0.59834364,1.165457,37.172269,43.32268,0.90865993,1.0453756,24.366032,25.471655,0.50604628,1.1659316,5.7504346,6.7046137,0.52153319,1.1696448,12.932297,15.126194,0.55431572,1.2426483,14.099554,17.520787,0.58155896,1.2639661,16.312148,20.618002,0.64492626,1.1025069,26.769052,29.513065
init,init,-1,,1188,022.Chuck_will_Widow/Chuck_Will_Widow_0017_796960.jpg,22,21,022.Chuck_will_Widow,8,7,identity,identity,0,{},5.3413358,5.3413358,0,0.0047894693,0.0047894693,0.021695951,0.021695951,-0.016906482,-0.016906482,0,1,1,50.424647,50.424647,False,0.99999988,True,False,False,1,1,50.424647,50.424647,1,1,43.587052,43.587052,1,1,25.353776,25.353776,1,1,4.7167556,4.7167556,1,1,14.667024,14.667024,1,1,20.567108,20.567108,1,1,18.485057,18.485057,1,1,29.962617,29.962617
init,init,-1,,1188,022.Chuck_will_Widow/Chuck_Will_Widow_0017_796960.jpg,22,21,022.Chuck_will_Widow,8,7,horizontal_flip,horizontal_flip,0,"{""flipped"":true}",5.3413358,5.1417608,-0.19957495,0.0047894693,0.0058473861,0.021695951,0.018647531,-0.016906482,-0.012800145,0.0041063367,0.64985645,1.0206615,50.424647,51.466497,False,0.94993234,True,False,False,0.64985645,1.0206615,50.424647,51.466497,0.55295816,1.0319151,43.587052,44.978139,0.94987054,0.98665151,25.353776,25.015342,0.20074846,1.1721072,4.7167556,5.5285429,0.28579639,1.1301753,14.667024,16.576308,0.52683644,1.0291606,20.567108,21.166858,0.45249564,1.1351102,18.485057,20.982576,0.70051828,0.96116865,29.962617,28.799129
init,init,-1,,1188,022.Chuck_will_Widow/Chuck_Will_Widow_0017_796960.jpg,22,21,022.Chuck_will_Widow,8,7,color_jitter,color_jitter,0,"{""brightness"":1.382068,""contrast"":0.807092,""hue"":-0.094388,""saturation"":0.605591}",5.3413358,5.2570138,-0.084321976,0.0047894693,0.0052108415,0.021695951,0.023633469,-0.016906482,-0.018422627,-0.0015161457,0.73312244,1.1610311,50.424647,58.544586,False,0.92998219,True,False,False,0.73312244,1.1610311,50.424647,58.544586,0.67771603,1.2011669,43.587052,52.355324,0.92990803,1.033338,25.353776,26.19902,0.41119848,1.2861141,4.7167556,6.066286,0.58695316,1.3536226,14.667024,19.853616,0.6356922,1.2766624,20.567108,26.257253,0.58502476,1.2089939,18.485057,22.348321,0.77634595,1.1175483,29.962617,33.484672
init,init,-1,,1188,022.Chuck_will_Widow/Chuck_Will_Widow_0017_796960.jpg,22,21,022.Chuck_will_Widow,8,7,rotation,rotation,0,"{""angle"":9.258474}",5.3413358,5.1702065,-0.17112923,0.0047894693,0.0056833955,0.021695951,0.023416745,-0.016906482,-0.017733349,-0.0008268673,0.6835046,1.0923324,50.424647,55.080474,False,0.92025316,True,False,False,0.6835046,1.0923324,50.424647,55.080474,0.60820232,1.1076577,43.587052,48.279536,0.92009784,1.0457263,25.353776,26.513111,0.35322655,1.2697985,4.7167556,5.989329,0.53490765,1.1998553,14.667024,17.598307,0.56064692,1.1694086,20.567108,24.051354,0.49861966,1.1060977,18.485057,20.44628,0.70691053,1.049493,29.962617,31.445558
init,init,-1,,1188,022.Chuck_will_Widow/Chuck_Will_Widow_0017_796960.jpg,22,21,022.Chuck_will_Widow,8,7,random_resized_crop,random_resized_crop,0,"{""area_fraction"":0.730601,""aspect"":0.973773,""fallback"":false,""height"":0.866186,""left"":0.128572,""top"":0.088689,""width"":0.843469}",5.3413358,5.2074299,-0.13390589,0.0047894693,0.0054757297,0.021695951,0.01298452,-0.016906482,-0.0075087901,0.0093976916,0.65045365,1.0463915,50.424647,52.763924,False,0.93894488,False,False,False,0.65045365,1.0463915,50.424647,52.763924,0.56027047,1.0651091,43.587052,46.424964,0.93886,0.98900361,25.353776,25.074976,-0.016104068,1.2892253,4.7167556,6.0809605,0.15881282,1.0603508,14.667024,15.552191,0.46339996,1.0399624,20.567108,21.389018,0.51129041,1.1720705,18.485057,21.66579,0.74661427,1.0284308,29.962617,30.814477
init,init,-1,,1188,022.Chuck_will_Widow/Chuck_Will_Widow_0017_796960.jpg,22,21,022.Chuck_will_Widow,8,7,gaussian_blur,gaussian_blur,0,"{""sigma"":1.952772}",5.3413358,5.2587528,-0.082582951,0.0047894693,0.0052017905,0.021695951,0.015316967,-0.016906482,-0.010115176,0.0067913053,0.40830412,1.0468816,50.424647,52.788635,False,0.80737406,False,False,False,0.40830412,1.0468816,50.424647,52.788635,0.31898519,1.1219541,43.587052,48.902673,0.80737329,0.78405863,25.353776,19.878847,-0.035064191,1.6714778,4.7167556,7.8839522,0.017762463,1.3045772,14.667024,19.134265,0.23804429,1.2008321,20.567108,24.697643,0.27106253,1.335038,18.485057,24.678254,0.52811624,0.91047177,29.962617,27.280117
init,init,-1,,1188,022.Chuck_will_Widow/Chuck_Will_Widow_0017_796960.jpg,22,21,022.Chuck_will_Widow,8,7,random_erasing,random_erasing,0,"{""area_fraction"":0.134343,""erased"":true,""height"":0.592356,""left"":0.001296,""top"":0.112511,""width"":0.226795}",5.3413358,5.4796734,0.13833761,0.0047894693,0.0041706916,0.021695951,0.019324733,-0.016906482,-0.015154041,0.0017524404,0.88051198,1.0775154,50.424647,54.333332,False,0.97977138,True,False,False,0.88051198,1.0775154,50.424647,54.333332,0.84953993,1.0947662,43.587052,47.717631,0.97975296,1.0248347,25.353776,25.98343,0.76447011,1.0244981,4.7167556,4.8323073,0.71834434,1.0679908,14.667024,15.664247,0.83785984,1.1167903,20.567108,22.969146,0.82373626,1.0909999,18.485057,20.167196,0.8978155,1.093738,29.962617,32.771253
init,init,-1,,264,005.Crested_Auklet/Crested_Auklet_0033_794964.jpg,5,4,005.Crested_Auklet,8,7,identity,identity,0,{},5.3159637,5.3159637,0,0.0049125417,0.0049125417,0.031529624,0.031529624,-0.026617082,-0.026617082,0,1,1,52.736679,52.736679,False,1,True,False,False,1,1,52.736679,52.736679,1,1,44.23789,44.23789,1,1,28.708299,28.708299,1,1,6.2954708,6.2954708,1,1,17.599593,17.599593,1,1,20.774299,20.774299,1,1,18.043375,18.043375,1,1,29.162945,29.162945
init,init,-1,,264,005.Crested_Auklet/Crested_Auklet_0033_794964.jpg,5,4,005.Crested_Auklet,8,7,horizontal_flip,horizontal_flip,0,"{""flipped"":true}",5.3159637,5.4871259,0.17116213,0.0049125417,0.0041397256,0.031529624,0.041853987,-0.026617082,-0.037714261,-0.011097179,0.72697266,1.0328483,52.736679,54.468991,False,0.96795452,True,False,False,0.72697266,1.0328483,52.736679,54.468991,0.61956554,1.0133881,44.23789,44.83015,0.96775264,1.0776499,28.708299,30.937496,0.44497428,1.0316385,6.2954708,6.4946501,0.64445207,1.0951168,17.599593,19.27361,0.55359495,0.90457627,20.774299,18.791938,0.46634266,1.0266456,18.043375,18.524152,0.70866075,1.0285933,29.162945,29.996811
init,init,-1,,264,005.Crested_Auklet/Crested_Auklet_0033_794964.jpg,5,4,005.Crested_Auklet,8,7,color_jitter,color_jitter,0,"{""brightness"":1.198345,""contrast"":1.33109,""hue"":-0.088327,""saturation"":0.94807}",5.3159637,5.4357738,0.1198101,0.0049125417,0.0043578614,0.031529624,0.02886026,-0.026617082,-0.024502398,0.0021146839,0.70031048,1.1080031,52.736679,58.432406,False,0.89728409,True,False,False,0.70031048,1.1080031,52.736679,58.432406,0.62914915,1.1476314,44.23789,50.768792,0.89707718,1.0076809,28.708299,28.928805,0.48290169,0.91967051,6.2954708,5.7897588,0.61358698,1.1224629,17.599593,19.75489,0.57121386,1.1795278,20.774299,24.503863,0.54700169,1.2729744,18.043375,22.968753,0.71157938,1.0981882,29.162945,32.026401
init,init,-1,,264,005.Crested_Auklet/Crested_Auklet_0033_794964.jpg,5,4,005.Crested_Auklet,8,7,rotation,rotation,0,"{""angle"":-1.941969}",5.3159637,5.3568125,0.040848732,0.0049125417,0.0047159153,0.031529624,0.034791324,-0.026617082,-0.030075409,-0.0034583267,0.80688137,1.0235109,52.736679,53.976567,False,0.9661715,True,False,False,0.80688137,1.0235109,52.736679,53.976567,0.74284621,1.0361629,44.23789,45.837661,0.96609584,0.99282284,28.708299,28.502255,0.67709011,1.031459,6.2954708,6.4935202,0.74597402,1.110567,17.599593,19.545528,0.68678326,1.0233167,20.774299,21.258688,0.65298923,1.0579704,18.043375,19.089356,0.81098899,1.0059116,29.162945,29.335344
init,init,-1,,264,005.Crested_Auklet/Crested_Auklet_0033_794964.jpg,5,4,005.Crested_Auklet,8,7,random_resized_crop,random_resized_crop,0,"{""area_fraction"":0.516889,""aspect"":0.971647,""fallback"":false,""height"":0.729364,""left"":0.040196,""top"":0.161886,""width"":0.708685}",5.3159637,4.8154469,-0.50051689,0.0049125417,0.0081035998,0.031529624,0.02543498,-0.026617082,-0.01733138,0.0092857019,0.59070813,0.94522742,52.736679,49.848155,False,0.91774464,True,False,False,0.59070813,0.94522742,52.736679,49.848155,0.46001162,0.95890615,44.23789,42.419984,0.91756859,0.91192548,28.708299,26.17983,0.25160773,0.98813427,6.2954708,6.2207704,0.37863556,1.0189994,17.599593,17.933974,0.31419172,1.0092971,20.774299,20.967439,0.36882162,1.0022169,18.043375,18.083376,0.63031385,0.88922322,29.162945,25.932368
init,init,-1,,264,005.Crested_Auklet/Crested_Auklet_0033_794964.jpg,5,4,005.Crested_Auklet,8,7,gaussian_blur,gaussian_blur,0,"{""sigma"":1.871905}",5.3159637,4.7700138,-0.54594994,0.0049125417,0.0084802648,0.031529624,0.031624779,-0.026617082,-0.023144514,0.003472568,0.5274768,0.94501025,52.736679,49.836702,False,0.90140492,True,False,False,0.5274768,0.94501025,52.736679,49.836702,0.3859899,0.97178696,44.23789,42.989804,0.9012177,0.87816368,28.708299,25.210586,-0.016473906,1.3343502,6.2954708,8.4003624,0.19818885,1.1717283,17.599593,20.621941,0.24512302,0.88033762,20.774299,18.288397,0.33429199,1.0025339,18.043375,18.089094,0.60122316,0.90112627,29.162945,26.279496
init,init,-1,,264,005.Crested_Auklet/Crested_Auklet_0033_794964.jpg,5,4,005.Crested_Auklet,8,7,random_erasing,random_erasing,0,"{""area_fraction"":0.119918,""erased"":true,""height"":0.355557,""left"":0.616596,""top"":0.080438,""width"":0.337266}",5.3159637,5.3079815,-0.007982254,0.0049125417,0.0049519134,0.031529624,0.037865754,-0.026617082,-0.032913841,-0.0062967585,0.63382017,1.2679457,52.736679,66.867246,False,0.84179813,True,False,False,0.63382017,1.2679457,52.736679,66.867246,0.56116437,1.3217905,44.23789,58.473222,0.84139027,1.1298565,28.708299,32.436259,0.56519457,1.3461284,6.2954708,8.4745119,0.67861895,1.54158,17.599593,27.13118,0.53180956,1.1918195,20.774299,24.759215,0.48427888,1.369336,18.043375,24.707442,0.55961479,1.2773797,29.162945,37.252154
init,init,-1,,1749,031.Black_billed_Cuckoo/Black_Billed_Cuckoo_0057_795323.jpg,31,30,031.Black_billed_Cuckoo,129,128,identity,identity,0,{},6.6283832,6.6283832,0,0.0013222991,0.0013222991,0.050921403,0.050921403,-0.049599104,-0.049599104,0,1,1,59.631407,59.631407,False,1,True,False,False,1,1,59.631407,59.631407,1,1,52.104686,52.104686,1,1,29.00011,29.00011,1,1,12.265137,12.265137,1,1,19.14915,19.14915,1,1,23.184117,23.184117,1,1,25.08872,25.08872,1,1,32.106504,32.106504
init,init,-1,,1749,031.Black_billed_Cuckoo/Black_Billed_Cuckoo_0057_795323.jpg,31,30,031.Black_billed_Cuckoo,129,128,horizontal_flip,horizontal_flip,0,"{""flipped"":true}",6.6283832,6.6238942,-0.004488945,0.0013222991,0.0013282483,0.050921403,0.028168155,-0.049599104,-0.026839907,0.022759197,0.66892953,0.87905311,59.631407,52.419173,False,0.95561737,True,False,False,0.66892953,0.87905311,59.631407,52.419173,0.57873655,0.87552668,52.104686,45.619042,0.95531326,0.89034166,29.00011,25.820006,0.18153463,0.88199931,12.265137,10.817842,0.39625363,0.82539758,19.14915,15.805662,0.57946711,0.92639374,23.184117,21.477621,0.55880487,0.84834937,25.08872,21.284,0.70993837,0.88092696,32.106504,28.283485
init,init,-1,,1749,031.Black_billed_Cuckoo/Black_Billed_Cuckoo_0057_795323.jpg,31,30,031.Black_billed_Cuckoo,129,128,color_jitter,color_jitter,0,"{""brightness"":0.633522,""contrast"":0.890705,""hue"":-0.064341,""saturation"":1.05304}",6.6283832,6.4870605,-0.14132261,0.0013222991,0.0015230194,0.050921403,0.037705842,-0.049599104,-0.036182823,0.013416281,0.74776736,0.97590765,59.631407,58.194746,False,0.93755609,True,False,False,0.74776736,0.97590765,59.631407,58.194746,0.69161996,0.98538133,52.104686,51.342984,0.93734271,0.944677,29.00011,27.395737,0.69723243,0.97265056,12.265137,11.929692,0.55357074,1.091846,19.14915,20.907924,0.62481205,0.9974606,23.184117,23.125243,0.67821321,0.94402968,25.08872,23.684496,0.79234756,0.96549174,32.106504,30.998564
init,init,-1,,1749,031.Black_billed_Cuckoo/Black_Billed_Cuckoo_0057_795323.jpg,31,30,031.Black_billed_Cuckoo,129,128,rotation,rotation,0,"{""angle"":-12.558921}",6.6283832,6.4262562,-0.20212698,0.0013222991,0.0016184991,0.050921403,0.018002648,-0.049599104,-0.016384149,0.033214955,0.61810645,0.90500889,59.631407,53.966953,False,0.89572042,False,False,False,0.61810645,0.90500889,59.631407,53.966953,0.54713621,0.9367599,52.104686,48.80958,0.89514917,0.79389232,29.00011,23.022965,0.13719205,0.79383287,12.265137,9.7364685,0.40896885,1.0674697,19.14915,20.441138,0.51201113,0.96973221,23.184117,22.482385,0.56964012,0.89998493,25.08872,22.57947,0.66642534,0.91043576,32.106504,29.230909
init,init,-1,,1749,031.Black_billed_Cuckoo/Black_Billed_Cuckoo_0057_795323.jpg,31,30,031.Black_billed_Cuckoo,129,128,random_resized_crop,random_resized_crop,0,"{""area_fraction"":0.710191,""aspect"":1.063952,""fallback"":false,""height"":0.817008,""left"":0.087831,""top"":0.01419,""width"":0.869258}",6.6283832,6.4951038,-0.13327932,0.0013222991,0.0015108185,0.050921403,0.024891306,-0.049599104,-0.023380487,0.026218617,0.73803512,0.91926847,59.631407,54.817272,False,0.94574046,True,False,False,0.73803512,0.91926847,59.631407,54.817272,0.67434605,0.92100151,52.104686,47.988494,0.94530534,0.91365151,29.00011,26.495994,0.81691312,0.94809452,12.265137,11.628509,0.55693999,1.0379581,19.14915,19.876015,0.61096854,0.92641337,23.184117,21.478076,0.63521509,0.86517418,25.08872,21.706113,0.76025293,0.90278952,32.106504,28.985415
init,init,-1,,1749,031.Black_billed_Cuckoo/Black_Billed_Cuckoo_0057_795323.jpg,31,30,031.Black_billed_Cuckoo,129,128,gaussian_blur,gaussian_blur,0,"{""sigma"":1.681849}",6.6283832,6.3002052,-0.32817793,0.0013222991,0.0018359281,0.050921403,0.01780336,-0.049599104,-0.015967432,0.033631672,0.66319936,0.76651817,59.631407,45.708557,False,0.89360619,False,False,False,0.66319936,0.76651817,59.631407,45.708557,0.59181292,0.76601615,52.104686,39.913031,0.89301157,0.76813652,29.00011,22.276044,0.60516695,0.7606475,12.265137,9.3294455,0.38595016,0.73417858,19.14915,14.058896,0.55885271,0.86790512,23.184117,20.121614,0.57712453,0.73442463,25.08872,18.425774,0.69526596,0.73966513,32.106504,23.748061
init,init,-1,,1749,031.Black_billed_Cuckoo/Black_Billed_Cuckoo_0057_795323.jpg,31,30,031.Black_billed_Cuckoo,129,128,random_erasing,random_erasing,0,"{""area_fraction"":0.160112,""erased"":true,""height"":0.46345,""left"":0.202477,""top"":0.377283,""width"":0.345478}",6.6283832,6.9520774,0.32369423,0.0013222991,0.00095664564,0.050921403,0.043911755,-0.049599104,-0.042955109,0.0066439943,0.73016221,1.0055318,59.631407,59.961276,False,0.92781758,True,False,False,0.73016221,1.0055318,59.631407,59.961276,0.66575921,0.99174517,52.104686,51.67457,0.9276154,1.0488011,29.00011,30.415349,0.53819368,0.74343336,12.265137,9.1183116,0.65132372,1.0285925,19.14915,19.696671,0.62977642,1.0101526,23.184117,23.419496,0.62395911,0.97586378,25.08872,24.483173,0.73149708,1.0098621,32.106504,32.423143
init,init,-1,,11302,192.Downy_Woodpecker/Downy_Woodpecker_0044_184170.jpg,192,191,192.Downy_Woodpecker,129,128,identity,identity,0,{},5.3545561,5.3545561,0,0.0047265678,0.0047265678,0.046888623,0.046888623,-0.042162056,-0.042162056,0,1,1,55.048958,55.048958,False,1,True,False,False,1,1,55.048958,55.048958,1,1,45.88909,45.88909,1,1,30.406893,30.406893,1,1,10.815823,10.815823,1,1,14.665555,14.665555,1,1,19.543984,19.543984,1,1,19.706049,19.706049,1,1,31.677316,31.677316
init,init,-1,,11302,192.Downy_Woodpecker/Downy_Woodpecker_0044_184170.jpg,192,191,192.Downy_Woodpecker,129,128,horizontal_flip,horizontal_flip,0,"{""flipped"":true}",5.3545561,5.4009781,0.046422005,0.0047265678,0.0045121661,0.046888623,0.035944033,-0.042162056,-0.031431867,0.010730188,0.61435831,0.96087256,55.048958,52.895033,False,0.9488849,True,False,False,0.61435831,0.96087256,55.048958,52.895033,0.46523956,0.95617604,45.88909,43.878048,0.94869083,0.97148455,30.406893,29.539827,-0.25060929,0.89868772,10.815823,9.7200475,0.33977439,1.1937872,14.665555,17.507553,0.4525878,0.88759246,19.543984,17.347093,0.3602973,0.92096129,19.706049,18.148508,0.626705,0.94388751,31.677316,29.899823
init,init,-1,,11302,192.Downy_Woodpecker/Downy_Woodpecker_0044_184170.jpg,192,191,192.Downy_Woodpecker,129,128,color_jitter,color_jitter,0,"{""brightness"":1.057551,""contrast"":0.741822,""hue"":0.051569,""saturation"":0.786859}",5.3545561,5.8255653,0.47100925,0.0047265678,0.0029511356,0.046888623,0.048211474,-0.042162056,-0.045260338,-0.0030982827,0.75631973,1.1178896,55.048958,61.538657,False,0.95238215,True,False,False,0.75631973,1.1178896,55.048958,61.538657,0.68757193,1.1728086,45.88909,53.819121,0.95222594,0.98140213,30.406893,29.84139,0.76487013,1.2275796,10.815823,13.277284,0.50142914,1.3176938,14.665555,19.324712,0.5746219,1.238834,19.543984,24.211753,0.65360726,1.2399882,19.706049,24.435268,0.79548072,1.0767882,31.677316,34.10976
init,init,-1,,11302,192.Downy_Woodpecker/Downy_Woodpecker_0044_184170.jpg,192,191,192.Downy_Woodpecker,129,128,rotation,rotation,0,"{""angle"":-4.639967}",5.3545561,5.3653927,0.010836601,0.0047265678,0.0046756244,0.046888623,0.030678004,-0.042162056,-0.02600238,0.016159676,0.74138654,0.91566185,55.048958,50.40623,False,0.95142555,True,False,False,0.74138654,0.91566185,55.048958,50.40623,0.64988578,0.91752316,45.88909,42.104303,0.95119714,0.91140838,30.406893,27.713097,0.33028814,0.74331928,10.815823,8.0396099,0.52019883,0.92224526,14.665555,13.525239,0.5538947,0.86734365,19.543984,16.951351,0.56159852,0.95426896,19.706049,18.804871,0.77725627,0.93871788,31.677316,29.736063
init,init,-1,,11302,192.Downy_Woodpecker/Downy_Woodpecker_0044_184170.jpg,192,191,192.Downy_Woodpecker,129,128,random_resized_crop,random_resized_crop,0,"{""area_fraction"":0.603275,""aspect"":0.784852,""fallback"":false,""height"":0.876726,""left"":0.102355,""top"":0.047609,""width"":0.6881}",5.3545561,5.5169835,0.16242743,0.0047265678,0.00401795,0.046888623,0.031836051,-0.042162056,-0.027818101,0.014343954,0.67939925,1.0288882,55.048958,56.639223,False,0.91763347,False,False,False,0.67939925,1.0288882,55.048958,56.639223,0.57627047,1.0327986,45.88909,47.394188,0.91728571,1.019926,30.406893,31.012781,0.32895761,0.81753939,10.815823,8.8423615,0.40232629,1.2902166,14.665555,18.921743,0.58616025,1.1077236,19.543984,21.649332,0.46611307,0.958878,19.706049,18.895697,0.69293059,0.99038485,31.677316,31.372734
init,init,-1,,11302,192.Downy_Woodpecker/Downy_Woodpecker_0044_184170.jpg,192,191,192.Downy_Woodpecker,129,128,gaussian_blur,gaussian_blur,0,"{""sigma"":1.625449}",5.3545561,5.9146347,0.56007862,0.0047265678,0.002699645,0.046888623,0.035651419,-0.042162056,-0.032951774,0.0092102813,0.45254594,1.1314777,55.048958,62.286668,False,0.7982434,True,False,False,0.45254594,1.1314777,55.048958,62.286668,0.33697833,1.2041846,45.88909,55.258935,0.79775629,0.94523283,30.406893,28.741594,0.21944934,1.072374,10.815823,11.598608,0.047510121,1.4866873,14.665555,21.803094,0.23112257,1.2261967,19.543984,23.96477,0.27055704,1.3168582,19.706049,25.950072,0.5159205,1.0917034,31.677316,34.582232
init,init,-1,,11302,192.Downy_Woodpecker/Downy_Woodpecker_0044_184170.jpg,192,191,192.Downy_Woodpecker,129,128,random_erasing,random_erasing,0,"{""area_fraction"":0.071335,""erased"":true,""height"":0.191173,""left"":0.253319,""top"":0.380626,""width"":0.373146}",5.3545561,5.3260236,-0.028532505,0.0047265678,0.0048633702,0.046888623,0.039854683,-0.042162056,-0.034991313,0.0071707428,0.80438225,1.0731388,55.048958,59.075171,False,0.95318604,True,False,False,0.80438225,1.0731388,55.048958,59.075171,0.73580032,1.0545032,45.88909,48.390193,0.9530244,1.1144203,30.406893,33.88606,0.68233696,0.85625001,10.815823,9.2610487,0.57170507,1.0136588,14.665555,14.865869,0.74651809,1.0401873,19.543984,20.329403,0.69093573,1.0155768,19.706049,20.013006,0.78761531,1.1031064,31.677316,34.94345
init,init,-1,,2933,051.Horned_Grebe/Horned_Grebe_0006_34718.jpg,51,50,051.Horned_Grebe,8,7,identity,identity,0,{},6.0911398,6.0911398,0,0.0022628277,0.0022628277,0.026019312,0.026019312,-0.023756485,-0.023756485,0,1,1,51.668865,51.668865,False,1,True,False,False,1,1,51.668865,51.668865,1,1,43.872186,43.872186,1,1,27.292909,27.292909,1,1,10.344999,10.344999,1,1,17.844691,17.844691,1,1,19.844155,19.844155,1,1,18.623292,18.623292,1,1,27.544496,27.544496
init,init,-1,,2933,051.Horned_Grebe/Horned_Grebe_0006_34718.jpg,51,50,051.Horned_Grebe,8,7,horizontal_flip,horizontal_flip,0,"{""flipped"":true}",6.0911398,5.8916454,-0.19949436,0.0022628277,0.0027624271,0.026019312,0.01913378,-0.023756485,-0.016371353,0.0073851317,0.68938446,0.85860127,51.668865,44.362953,False,0.95468068,True,False,False,0.68938446,0.85860127,51.668865,44.362953,0.58306046,0.84966408,43.872186,37.276621,0.95459086,0.8812747,27.292909,24.05255,0.52215942,0.73178349,10.344999,7.5702994,0.47189765,0.71778678,17.844691,12.808683,0.54463606,0.82111385,19.844155,16.294311,0.49256442,0.90508211,18.623292,16.855609,0.69200658,0.90293313,27.544496,24.870838
init,init,-1,,2933,051.Horned_Grebe/Horned_Grebe_0006_34718.jpg,51,50,051.Horned_Grebe,8,7,color_jitter,color_jitter,0,"{""brightness"":1.364575,""contrast"":0.880728,""hue"":-0.0809,""saturation"":1.056298}",6.0911398,5.4279418,-0.66319799,0.0022628277,0.0043921261,0.026019312,0.016067043,-0.023756485,-0.011674917,0.012081568,0.63725733,0.9961946,51.668865,51.472244,False,0.85221499,False,False,False,0.63725733,0.9961946,51.668865,51.472244,0.55555647,1.0008407,43.872186,43.909068,0.85202531,0.98408797,27.292909,26.858623,0.64099804,1.607416,10.344999,16.628717,0.4965471,0.81940709,17.844691,14.622067,0.54028726,0.88801458,19.844155,17.621899,0.47291201,0.96227433,18.623292,17.920716,0.61844789,1.0307034,27.544496,28.390206
init,init,-1,,2933,051.Horned_Grebe/Horned_Grebe_0006_34718.jpg,51,50,051.Horned_Grebe,8,7,rotation,rotation,0,"{""angle"":0.262943}",6.0911398,5.9234629,-0.16767693,0.0022628277,0.0026759177,0.026019312,0.025904847,-0.023756485,-0.02322893,0.00052755512,0.90297079,0.98997875,51.668865,51.151078,False,0.98747885,True,False,False,0.90297079,0.98997875,51.668865,51.151078,0.87298304,1.0080546,43.872186,44.225561,0.98745875,0.94166689,27.292909,25.700829,0.77989894,1.1587736,10.344999,11.987511,0.83139435,1.0932969,17.844691,19.509546,0.87862675,1.0282633,19.844155,20.405017,0.86875266,1.0028986,18.623292,18.677273,0.91374981,0.93718128,27.544496,25.814186
init,init,-1,,2933,051.Horned_Grebe/Horned_Grebe_0006_34718.jpg,51,50,051.Horned_Grebe,8,7,random_resized_crop,random_resized_crop,0,"{""area_fraction"":0.644339,""aspect"":1.256301,""fallback"":false,""height"":0.716161,""left"":0.06218,""top"":0.194931,""width"":0.899713}",6.0911398,5.968585,-0.12255478,0.0022628277,0.0025578579,0.026019312,0.029309995,-0.023756485,-0.026752138,-0.0029956528,0.64472045,1.015797,51.668865,52.485076,False,0.93546784,True,False,False,0.64472045,1.015797,51.668865,52.485076,0.53650263,1.0261965,43.872186,45.021485,0.93536434,0.98841884,27.292909,26.976825,0.10623826,1.5326631,10.344999,15.855398,0.46889013,0.98092092,17.844691,17.504231,0.53408027,0.97369915,19.844155,19.322237,0.49306741,0.99743441,18.623292,18.575512,0.68960632,0.99474344,27.544496,27.399706
init,init,-1,,2933,051.Horned_Grebe/Horned_Grebe_0006_34718.jpg,51,50,051.Horned_Grebe,8,7,gaussian_blur,gaussian_blur,0,"{""sigma"":1.357658}",6.0911398,6.0003052,-0.090834618,0.0022628277,0.0024779954,0.026019312,0.035272051,-0.023756485,-0.032794055,-0.0090375706,0.69690704,1.0790862,51.668865,55.755159,False,0.92082858,True,False,False,0.69690704,1.0790862,51.668865,55.755159,0.61659529,1.0991936,43.872186,48.224028,0.9206207,1.0253059,27.292909,27.983582,0.55102646,1.1918072,10.344999,12.329245,0.60821067,1.0226304,17.844691,18.248523,0.59040421,1.1868217,19.844155,23.551474,0.53393193,1.1340332,18.623292,21.119432,0.68933747,1.0521129,27.544496,28.979918
init,init,-1,,2933,051.Horned_Grebe/Horned_Grebe_0006_34718.jpg,51,50,051.Horned_Grebe,8,7,random_erasing,random_erasing,0,"{""area_fraction"":0.067482,""erased"":true,""height"":0.369735,""left"":0.20253,""top"":0.22287,""width"":0.182515}",6.0911398,5.7011137,-0.39002609,0.0022628277,0.0033422413,0.026019312,0.021794422,-0.023756485,-0.01845218,0.0053043044,0.86526745,1.0453478,51.668865,54.011933,False,0.9696207,True,False,False,0.86526745,1.0453478,51.668865,54.011933,0.82405621,1.0386829,43.872186,45.569291,0.9695368,1.0623756,27.292909,28.995322,0.76933872,0.95271294,10.344999,9.8558143,0.81176015,0.93497038,17.844691,16.684258,0.84423894,1.0075019,19.844155,19.993023,0.79949947,1.0570588,18.623292,19.685914,0.83984447,1.0974667,27.544496,30.229167
init,init,-1,,9650,164.Cerulean_Warbler/Cerulean_Warbler_0018_797183.jpg,164,163,164.Cerulean_Warbler,129,128,identity,identity,0,{},6.2343035,6.2343035,0,0.0019609954,0.0019609954,0.021879211,0.021879211,-0.019918216,-0.019918216,0,1,1,52.54806,52.54806,False,0.99999982,True,False,False,1,1,52.54806,52.54806,1,1,44.880499,44.880499,1,1,27.332022,27.332022,1,1,11.356843,11.356843,1,1,15.96033,15.96033,1,1,18.225816,18.225816,1,1,20.483454,20.483454,1,1,29.64451,29.64451
init,init,-1,,9650,164.Cerulean_Warbler/Cerulean_Warbler_0018_797183.jpg,164,163,164.Cerulean_Warbler,129,128,horizontal_flip,horizontal_flip,0,"{""flipped"":true}",6.2343035,6.1022377,-0.13206577,0.0019609954,0.0022378536,0.021879211,0.019341577,-0.019918216,-0.017103723,0.0028144924,0.6339672,0.98910551,52.54806,51.975576,False,0.94901699,True,False,False,0.6339672,0.98910551,52.54806,51.975576,0.51408266,0.98190544,44.880499,44.068406,0.94892545,1.0082631,27.332022,27.557868,0.25217618,0.67634418,11.356843,7.6811348,0.37389647,0.95978253,15.96033,15.318446,0.42532818,1.0860905,18.225816,19.794886,0.45762953,1.0228487,20.483454,20.951474,0.65300093,0.9645343,29.64451,28.593146
init,init,-1,,9650,164.Cerulean_Warbler/Cerulean_Warbler_0018_797183.jpg,164,163,164.Cerulean_Warbler,129,128,color_jitter,color_jitter,0,"{""brightness"":0.802569,""contrast"":0.780303,""hue"":-0.011111,""saturation"":1.052108}",6.2343035,6.4502773,0.21597385,0.0019609954,0.0015800837,0.021879211,0.030357564,-0.019918216,-0.02877748,-0.0088592644,0.86901318,1.0191461,52.54806,53.554149,False,0.98142213,True,False,False,0.86901318,1.0191461,52.54806,53.554149,0.82486604,0.99825388,44.880499,44.802132,0.98134805,1.0734538,27.332022,29.339662,0.78672071,0.90137229,11.356843,10.236744,0.72926689,1.0235971,15.96033,16.336948,0.75582495,1.016394,18.225816,18.52461,0.80955054,0.94575383,20.483454,19.372305,0.89174136,1.0215587,29.64451,30.283608
init,init,-1,,9650,164.Cerulean_Warbler/Cerulean_Warbler_0018_797183.jpg,164,163,164.Cerulean_Warbler,129,128,rotation,rotation,0,"{""angle"":-7.551452}",6.2343035,6.3396215,0.10531807,0.0019609954,0.0017649702,0.021879211,0.027099861,-0.019918216,-0.025334891,-0.0054166749,0.73902494,0.91892445,52.54806,48.287697,False,0.95557708,True,False,False,0.73902494,0.91892445,52.54806,48.287697,0.65334866,0.90047909,44.880499,40.413951,0.95550398,0.96690719,27.332022,26.427529,0.70465977,0.6334488,11.356843,7.1939787,0.42083759,0.82912985,15.96033,13.233186,0.59559775,0.91282427,18.225816,16.636967,0.61768924,0.91983191,20.483454,18.841334,0.75096575,0.93886586,29.64451,27.832218
init,init,-1,,9650,164.Cerulean_Warbler/Cerulean_Warbler_0018_797183.jpg,164,163,164.Cerulean_Warbler,129,128,random_resized_crop,random_resized_crop,0,"{""area_fraction"":0.839183,""aspect"":1.011975,""fallback"":false,""height"":0.910633,""left"":0.041739,""top"":0.081847,""width"":0.921538}",6.2343035,6.0571437,-0.17715979,0.0019609954,0.0023410781,0.021879211,0.024389172,-0.019918216,-0.022048094,-0.0021298782,0.74089993,0.95062125,52.54806,49.953302,False,0.96087694,True,False,False,0.74089993,0.95062125,52.54806,49.953302,0.66653063,0.97104041,44.880499,43.580778,0.96081542,0.89324158,27.332022,24.414098,0.75710848,1.0550808,11.356843,11.982388,0.46238008,0.84649274,15.96033,13.510303,0.60449801,0.99727014,18.225816,18.176062,0.63363552,1.0203209,20.483454,20.899696,0.74789475,0.95769327,29.64451,28.390347
init,init,-1,,9650,164.Cerulean_Warbler/Cerulean_Warbler_0018_797183.jpg,164,163,164.Cerulean_Warbler,129,128,gaussian_blur,gaussian_blur,0,"{""sigma"":1.926602}",6.2343035,5.6715713,-0.56273222,0.0019609954,0.0034424516,0.021879211,0.010226822,-0.019918216,-0.0067843709,0.013133845,0.37664999,0.94973931,52.54806,49.906958,False,0.7585842,False,False,False,0.37664999,0.94973931,52.54806,49.906958,0.28327122,1.0239446,44.880499,45.955144,0.75853884,0.71211476,27.332022,19.463536,0.39918498,1.0556137,11.356843,11.98844,0.13852411,1.3059443,15.96033,20.843302,0.14232274,1.2596604,18.225816,22.958337,0.25887504,1.0232533,20.483454,20.959761,0.44345706,0.8034649,29.64451,23.818323
init,init,-1,,9650,164.Cerulean_Warbler/Cerulean_Warbler_0018_797183.jpg,164,163,164.Cerulean_Warbler,129,128,random_erasing,random_erasing,0,"{""area_fraction"":0.132334,""erased"":true,""height"":0.207776,""left"":0.060371,""top"":0.786499,""width"":0.636909}",6.2343035,6.0097632,-0.22454023,0.0019609954,0.0024546692,0.021879211,0.021939117,-0.019918216,-0.019484448,0.00043376745,0.89116157,1.0204541,52.54806,53.622884,False,0.98247856,True,False,False,0.89116157,1.0204541,52.54806,53.622884,0.85727196,1.0201123,44.880499,45.78315,0.98242643,1.0213751,27.332022,27.916247,0.84992696,0.78346473,11.356843,8.8976861,0.81191975,0.93292301,15.96033,14.889759,0.78862496,1.1175791,18.225816,20.368791,0.85672155,1.0230932,20.483454,20.956483,0.90400075,1.0348747,29.64451,30.678353
init,init,-1,,10149,173.Orange_crowned_Warbler/Orange_Crowned_Warbler_0103_168566.jpg,173,172,173.Orange_crowned_Warbler,171,170,identity,identity,0,{},4.6571383,4.6571383,0,0.0094935903,0.0094935903,0.031962018,0.031962018,-0.022468428,-0.022468428,0,1,1,52.858403,52.858403,False,1,True,False,False,1,1,52.858403,52.858403,1,1,44.168302,44.168302,1,1,29.037423,29.037423,1,1,6.7387178,6.7387178,1,1,15.164714,15.164714,1,1,18.58668,18.58668,1,1,19.183888,19.183888,1,1,31.015702,31.015702
init,init,-1,,10149,173.Orange_crowned_Warbler/Orange_Crowned_Warbler_0103_168566.jpg,173,172,173.Orange_crowned_Warbler,171,170,horizontal_flip,horizontal_flip,0,"{""flipped"":true}",4.6571383,4.8133831,0.15624475,0.0094935903,0.008120345,0.031962018,0.031640403,-0.022468428,-0.023520058,-0.0010516299,0.70489487,0.96919419,52.858403,51.230057,False,0.96869969,True,False,False,0.70489487,0.96919419,52.858403,51.230057,0.58490254,0.95290185,44.168302,42.088056,0.96860685,1.0058785,29.037423,29.208121,-0.0021309737,0.785114,6.7387178,5.2906617,0.36888371,0.87112489,15.164714,13.210359,0.59422398,0.98220099,18.58668,18.255856,0.50598317,0.89391058,19.183888,17.148681,0.67815029,0.98932553,31.015702,30.684626
init,init,-1,,10149,173.Orange_crowned_Warbler/Orange_Crowned_Warbler_0103_168566.jpg,173,172,173.Orange_crowned_Warbler,171,170,color_jitter,color_jitter,0,"{""brightness"":1.161131,""contrast"":1.354902,""hue"":-0.050131,""saturation"":1.138961}",4.6571383,4.7231708,0.06603241,0.0094935903,0.0088869557,0.031962018,0.01597866,-0.022468428,-0.0070917048,0.015376723,0.77072184,1.0094154,52.858403,53.356084,False,0.94419676,False,False,False,0.77072184,1.0094154,52.858403,53.356084,0.70316693,1.0353527,44.168302,45.72977,0.94387713,0.9466841,29.037423,27.489267,0.41964706,1.3614724,6.7387178,9.1745781,0.54598604,0.96996251,15.164714,14.709204,0.70334577,1.1647201,18.58668,21.648279,0.65190352,1.0296073,19.183888,19.751871,0.78421439,0.9842414,31.015702,30.526938
init,init,-1,,10149,173.Orange_crowned_Warbler/Orange_Crowned_Warbler_0103_168566.jpg,173,172,173.Orange_crowned_Warbler,171,170,rotation,rotation,0,"{""angle"":10.592784}",4.6571383,4.4820151,-0.17512321,0.0094935903,0.011310599,0.031962018,0.022480886,-0.022468428,-0.011170288,0.011298141,0.6231682,1.0818106,52.858403,57.182781,False,0.8892709,True,False,False,0.6231682,1.0818106,52.858403,57.182781,0.51706538,1.1051738,44.168302,48.813648,0.88891198,1.0257175,29.037423,29.784193,0.24144299,1.5027724,6.7387178,10.126759,0.23671041,1.0476595,15.164714,15.887457,0.44107978,1.0593189,18.58668,19.689223,0.43991117,1.0956824,19.183888,21.019449,0.65429147,1.1161076,31.015702,34.61686
init,init,-1,,10149,173.Orange_crowned_Warbler/Orange_Crowned_Warbler_0103_168566.jpg,173,172,173.Orange_crowned_Warbler,171,170,random_resized_crop,random_resized_crop,0,"{""area_fraction"":0.663886,""aspect"":1.162782,""fallback"":false,""height"":0.75561,""left"":0.007126,""top"":0.150468,""width"":0.87861}",4.6571383,4.8038387,0.14670038,0.0094935903,0.0081982147,0.031962018,0.021430254,-0.022468428,-0.013232039,0.0092363888,0.64975689,1.0180582,52.858403,53.81293,False,0.9334572,False,False,False,0.64975689,1.0180582,52.858403,53.81293,0.5333652,1.0328803,44.168302,45.620567,0.93330864,0.98290803,29.037423,28.541116,0.086013303,0.96883504,6.7387178,6.5287059,0.34785671,1.0283626,15.164714,15.594824,0.40830402,1.043407,18.58668,19.393473,0.41019818,1.0489057,19.183888,20.12209,0.69155771,1.026892,31.015702,31.849778
init,init,-1,,10149,173.Orange_crowned_Warbler/Orange_Crowned_Warbler_0103_168566.jpg,173,172,173.Orange_crowned_Warbler,171,170,gaussian_blur,gaussian_blur,0,"{""sigma"":1.921855}",4.6571383,5.3763437,0.71920538,0.0094935903,0.004624702,0.031962018,0.011051911,-0.022468428,-0.0064272089,0.016041219,0.43311643,0.95837204,52.858403,50.658016,False,0.7977432,False,False,False,0.43311643,0.95837204,52.858403,50.658016,0.30423116,1.0064392,44.168302,44.452709,0.79728441,0.83663938,29.037423,24.293852,-0.29732521,1.212538,6.7387178,8.1709512,-0.050518475,0.95198279,15.164714,14.436546,0.15883948,1.1588342,18.58668,21.53888,0.24366441,1.094311,19.183888,20.99314,0.52907387,0.90978252,31.015702,28.217543
init,init,-1,,10149,173.Orange_crowned_Warbler/Orange_Crowned_Warbler_0103_168566.jpg,173,172,173.Orange_crowned_Warbler,171,170,random_erasing,random_erasing,0,"{""area_fraction"":0.193434,""erased"":true,""height"":0.383873,""left"":0.450256,""top"":0.37648,""width"":0.503901}",4.6571383,5.3995543,0.7424159,0.0094935903,0.004518596,0.031962018,0.015032966,-0.022468428,-0.01051437,0.011954058,0.55914454,0.99092287,52.858403,52.378601,False,0.81415361,False,False,False,0.55914454,0.99092287,52.858403,52.378601,0.4649228,1.0295893,44.168302,45.47521,0.81389033,0.89508037,29.037423,25.990827,0.21837316,0.87983909,6.7387178,5.9289873,0.36538021,1.2671958,15.164714,19.216661,0.41692174,0.97921527,18.58668,18.200361,0.37092609,0.98128566,19.183888,18.824874,0.56049162,1.0082608,31.015702,31.271916
init,init,-1,,2467,043.Yellow_bellied_Flycatcher/Yellow_Bellied_Flycatcher_0041_42719.jpg,43,42,043.Yellow_bellied_Flycatcher,129,128,identity,identity,0,{},5.2710085,5.2710085,0,0.0051384266,0.0051384266,0.029963184,0.029963184,-0.024824758,-0.024824758,0,1,1,48.473672,48.473672,False,1,True,False,False,1,1,48.473672,48.473672,1,1,40.732661,40.732661,1,1,26.278264,26.278264,1,1,10.193899,10.193899,1,1,15.067266,15.067266,1,1,17.227328,17.227328,1,1,17.271357,17.271357,1,1,27.076392,27.076392
init,init,-1,,2467,043.Yellow_bellied_Flycatcher/Yellow_Bellied_Flycatcher_0041_42719.jpg,43,42,043.Yellow_bellied_Flycatcher,129,128,horizontal_flip,horizontal_flip,0,"{""flipped"":true}",5.2710085,5.2399006,-0.031107903,0.0051384266,0.005300784,0.029963184,0.028371355,-0.024824758,-0.023070571,0.001754187,0.67606353,0.94880611,48.473672,45.992116,False,0.96210742,True,False,False,0.67606353,0.94880611,48.473672,45.992116,0.55275351,0.93844592,40.732661,38.2254,0.96205447,0.9732474,26.278264,25.575252,0.39850054,1.0900396,10.193899,11.111753,0.47603343,1.0006852,15.067266,15.077591,0.54103423,0.92622993,17.227328,15.956467,0.36520658,0.92026375,17.271357,15.894203,0.68933917,0.90702433,27.076392,24.558946
init,init,-1,,2467,043.Yellow_bellied_Flycatcher/Yellow_Bellied_Flycatcher_0041_42719.jpg,43,42,043.Yellow_bellied_Flycatcher,129,128,color_jitter,color_jitter,0,"{""brightness"":1.049078,""contrast"":0.665579,""hue"":0.014699,""saturation"":0.804935}",5.2710085,5.2601571,-0.010851383,0.0051384266,0.0051944889,0.029963184,0.02910386,-0.024824758,-0.023909371,0.00091538625,0.90549482,1.0046802,48.473672,48.700536,False,0.99059021,True,False,False,0.90549482,1.0046802,48.473672,48.700536,0.87210551,1.0188754,40.732661,41.501507,0.9905769,0.96972473,26.278264,25.482683,0.86706389,1.0215336,10.193899,10.41341,0.79236273,1.1183502,15.067266,16.85048,0.85076711,1.0613085,17.227328,18.28351,0.84685091,0.9911821,17.271357,17.11906,0.92331811,0.97898993,27.076392,26.507515
init,init,-1,,2467,043.Yellow_bellied_Flycatcher/Yellow_Bellied_Flycatcher_0041_42719.jpg,43,42,043.Yellow_bellied_Flycatcher,129,128,rotation,rotation,0,"{""angle"":-5.589338}",5.2710085,5.1091757,-0.16183281,0.0051384266,0.0060410588,0.029963184,0.023127476,-0.024824758,-0.017086417,0.0077383406,0.80694607,0.99736271,48.473672,48.345832,False,0.97610259,True,False,False,0.80694607,0.99736271,48.473672,48.345832,0.74176313,1.0166745,40.732661,41.411858,0.97602712,0.94935857,26.278264,24.947496,0.69011185,1.3844033,10.193899,14.112467,0.70747843,1.0556169,15.067266,15.90526,0.70380784,1.0218778,17.227328,17.604224,0.65725995,0.96672856,17.271357,16.696714,0.82418801,0.95890564,27.076392,25.963705
init,init,-1,,2467,043.Yellow_bellied_Flycatcher/Yellow_Bellied_Flycatcher_0041_42719.jpg,43,42,043.Yellow_bellied_Flycatcher,129,128,random_resized_crop,random_resized_crop,0,"{""area_fraction"":0.656705,""aspect"":1.191811,""fallback"":false,""height"":0.742303,""left"":0.055911,""top"":0.104249,""width"":0.884685}",5.2710085,5.3062401,0.03523159,0.0051384266,0.0049605444,0.029963184,0.03176618,-0.024824758,-0.026805636,-0.0019808779,0.730613,0.95800428,48.473672,46.437985,False,0.96514505,True,False,False,0.730613,0.95800428,48.473672,46.437985,0.63655552,0.96780487,40.732661,39.421267,0.96509999,0.93403656,26.278264,24.54486,0.40315199,1.0228394,10.193899,10.426721,0.48639277,0.91058249,15.067266,13.719989,0.64885005,1.0138985,17.227328,17.466762,0.55541025,0.94808219,17.271357,16.374666,0.74345768,0.96581549,27.076392,26.150799
init,init,-1,,2467,043.Yellow_bellied_Flycatcher/Yellow_Bellied_Flycatcher_0041_42719.jpg,43,42,043.Yellow_bellied_Flycatcher,129,128,gaussian_blur,gaussian_blur,0,"{""sigma"":1.966194}",5.2710085,4.9162865,-0.35472202,0.0051384266,0.0073262863,0.029963184,0.029218197,-0.024824758,-0.021891911,0.002932847,0.57022124,1.2515646,48.473672,60.667933,False,0.91143274,True,False,False,0.57022124,1.2515646,48.473672,60.667933,0.45942109,1.3219584,40.732661,53.846884,0.91123784,1.0635545,26.278264,27.948365,-0.23464874,1.3589559,10.193899,13.853059,0.33697286,1.3875001,15.067266,20.905834,0.49045818,1.7902398,17.227328,30.841049,0.45197144,1.2938613,17.271357,22.34674,0.64439565,1.0575734,27.076392,28.635271
init,init,-1,,2467,043.Yellow_bellied_Flycatcher/Yellow_Bellied_Flycatcher_0041_42719.jpg,43,42,043.Yellow_bellied_Flycatcher,129,128,random_erasing,random_erasing,0,"{""area_fraction"":0.198157,""erased"":true,""height"":0.335603,""left"":0.111557,""top"":0.468171,""width"":0.590449}",5.2710085,5.9840145,0.71300602,0.0051384266,0.0025186944,0.029963184,0.050352771,-0.024824758,-0.047834076,-0.023009319,0.70761217,1.1533063,48.473672,55.904993,False,0.91566724,True,False,False,0.70761217,1.1533063,48.473672,55.904993,0.61916347,1.1450976,40.732661,46.642871,0.91524726,1.1727944,26.278264,30.819001,0.41675232,1.0831163,10.193899,11.041177,0.57264576,1.0339643,15.067266,15.579016,0.62078015,1.2665502,17.227328,21.819276,0.58389375,1.1030816,17.271357,19.051716,0.67472313,1.1513808,27.076392,31.175238
init,init,-1,,6135,105.Whip_poor_Will/Whip_Poor_Will_0044_796407.jpg,105,104,105.Whip_poor_Will,58,57,identity,identity,0,{},5.7158756,5.7158756,0,0.0032932649,0.0032932649,0.03560622,0.03560622,-0.032312955,-0.032312955,0,1,1,62.611589,62.611589,False,1,True,False,False,1,1,62.611589,62.611589,1,1,54.205613,54.205613,1,1,31.336282,31.336282,1,1,8.3442134,8.3442134,1,1,20.972254,20.972254,1,1,26.383917,26.383917,1,1,22.792723,22.792723,1,1,34.830559,34.830559
init,init,-1,,6135,105.Whip_poor_Will/Whip_Poor_Will_0044_796407.jpg,105,104,105.Whip_poor_Will,58,57,horizontal_flip,horizontal_flip,0,"{""flipped"":true}",5.7158756,5.7360802,0.020204544,0.0032932649,0.0032273943,0.03560622,0.032789759,-0.032312955,-0.029562365,0.0027505904,0.60754876,0.93177055,62.611589,58.339635,False,0.94467175,True,False,False,0.60754876,0.93177055,62.611589,58.339635,0.50086219,0.94353738,54.205613,51.145022,0.94447688,0.89563872,31.336282,28.065988,0.17570327,0.80835398,8.3442134,6.7450781,0.17608834,0.90014077,20.972254,18.877981,0.41235166,0.92170105,26.383917,24.318084,0.45472155,1.0215971,22.792723,23.28498,0.70145273,0.94368647,34.830559,32.869128
init,init,-1,,6135,105.Whip_poor_Will/Whip_Poor_Will_0044_796407.jpg,105,104,105.Whip_poor_Will,58,57,color_jitter,color_jitter,0,"{""brightness"":1.109725,""contrast"":0.805663,""hue"":0.030511,""saturation"":0.645478}",5.7158756,6.0024052,0.28652954,0.0032932649,0.0024727974,0.03560622,0.03888895,-0.032312955,-0.036416152,-0.004103197,0.89749661,1.072697,62.611589,67.163261,False,0.9816131,True,False,False,0.89749661,1.072697,62.611589,67.163261,0.87332478,1.0989609,54.205613,59.569851,0.98155332,0.98995628,31.336282,31.021549,0.85782485,1.1169937,8.3442134,9.3204339,0.81750224,1.099697,20.972254,23.063125,0.88437964,1.1958546,26.383917,31.551328,0.83473421,1.099165,22.792723,25.052963,0.9094219,1.0378139,34.830559,36.147638
init,init,-1,,6135,105.Whip_poor_Will/Whip_Poor_Will_0044_796407.jpg,105,104,105.Whip_poor_Will,58,57,rotation,rotation,0,"{""angle"":5.200094}",5.7158756,5.7835808,0.067705154,0.0032932649,0.0030776756,0.03560622,0.025183881,-0.032312955,-0.022106205,0.01020675,0.72555312,0.93598944,62.611589,58.603786,False,0.9432497,False,False,False,0.72555312,0.93598944,62.611589,58.603786,0.65505636,0.94268187,54.205613,51.098649,0.94294859,0.9156721,31.336282,28.693759,0.48567595,0.93777011,8.3442134,7.824954,0.48902753,0.91294542,20.972254,19.146523,0.61507699,0.9171434,26.383917,24.197836,0.57799828,0.96985401,22.792723,22.105614,0.77797601,0.95612995,34.830559,33.302541
init,init,-1,,6135,105.Whip_poor_Will/Whip_Poor_Will_0044_796407.jpg,105,104,105.Whip_poor_Will,58,57,random_resized_crop,random_resized_crop,0,"{""area_fraction"":0.605841,""aspect"":0.819366,""fallback"":false,""height"":0.859885,""left"":0.061714,""top"":0.013551,""width"":0.70456}",5.7158756,6.0548935,0.33901787,0.0032932649,0.0023463524,0.03560622,0.027560668,-0.032312955,-0.025214316,0.0070986398,0.69169219,1.116998,62.611589,69.93702,False,0.94818795,False,False,False,0.69169219,1.116998,62.611589,69.93702,0.62070849,1.157509,54.205613,62.743487,0.94800596,0.98588716,31.336282,30.894038,0.47915744,1.102798,8.3442134,9.2019817,0.42446784,1.0389072,20.972254,21.788225,0.60068388,1.2893255,26.383917,34.017458,0.58388843,1.2761972,22.792723,29.088009,0.73895945,1.06424,34.830559,37.068075
init,init,-1,,6135,105.Whip_poor_Will/Whip_Poor_Will_0044_796407.jpg,105,104,105.Whip_poor_Will,58,57,gaussian_blur,gaussian_blur,0,"{""sigma"":1.729959}",5.7158756,5.799582,0.083706379,0.0032932649,0.0030288207,0.03560622,0.033904389,-0.032312955,-0.030875568,0.0014373877,0.7285611,0.98371497,62.611589,61.591958,False,0.94534576,True,False,False,0.7285611,0.98371497,62.611589,61.591958,0.66856118,1.0183745,54.205613,55.201613,0.94512069,0.87181463,31.336282,27.319429,0.59636712,1.2263204,8.3442134,10.232679,0.4715643,1.1024192,20.972254,23.120217,0.67371696,1.0837448,26.383917,28.593433,0.63079842,1.0546047,22.792723,24.037314,0.78230165,0.91360015,34.830559,31.821204
init,init,-1,,6135,105.Whip_poor_Will/Whip_Poor_Will_0044_796407.jpg,105,104,105.Whip_poor_Will,58,57,random_erasing,random_erasing,0,"{""area_fraction"":0.156328,""erased"":true,""height"":0.411152,""left"":0.186618,""top"":0.583735,""width"":0.38022}",5.7158756,5.8112268,0.095351219,0.0032932649,0.0029937539,0.03560622,0.040568881,-0.032312955,-0.037575127,-0.0052621714,0.7372127,0.8855851,62.611589,55.447891,False,0.90100926,True,False,False,0.7372127,0.8855851,62.611589,55.447891,0.68057498,0.8769472,54.205613,47.535461,0.90075656,0.91094252,31.336282,28.545552,0.60740725,0.75270812,8.3442134,6.2807572,0.55488695,0.73304714,20.972254,15.373651,0.67735776,0.82031165,26.383917,21.643035,0.64101002,0.92050453,22.792723,20.980805,0.74385589,0.94142509,34.830559,32.790362
init,init,-1,,1581,028.Brown_Creeper/Brown_Creeper_0121_24574.jpg,28,27,028.Brown_Creeper,171,170,identity,identity,0,{},5.2522869,5.2522869,0,0.0052355304,0.0052355304,0.027911821,0.027911821,-0.022676291,-0.022676291,0,1,1,61.16489,61.16489,False,1,True,False,False,1,1,61.16489,61.16489,1,1,54.672464,54.672464,1,1,27.423812,27.423812,1,1,7.036447,7.036447,1,1,21.513511,21.513511,1,1,26.45964,26.45964,1,1,24.769947,24.769947,1,1,34.103853,34.103853
init,init,-1,,1581,028.Brown_Creeper/Brown_Creeper_0121_24574.jpg,28,27,028.Brown_Creeper,171,170,horizontal_flip,horizontal_flip,0,"{""flipped"":true}",5.2522869,5.4639397,0.21165276,0.0052355304,0.0042368309,0.027911821,0.01982956,-0.022676291,-0.015592729,0.0070835617,0.60417912,1.0584374,61.16489,64.739205,False,0.94553041,False,False,False,0.60417912,1.0584374,61.16489,64.739205,0.52207144,1.0673544,54.672464,58.354895,0.94537595,1.022228,27.423812,28.033389,0.41335225,1.2627609,7.036447,8.8853502,0.50979062,1.1922167,21.513511,25.648767,0.42327079,1.0822418,26.45964,28.635728,0.45049996,1.0110507,24.769947,25.043672,0.63625714,1.0247237,34.103853,34.947026
init,init,-1,,1581,028.Brown_Creeper/Brown_Creeper_0121_24574.jpg,28,27,028.Brown_Creeper,171,170,color_jitter,color_jitter,0,"{""brightness"":0.681426,""contrast"":0.717518,""hue"":-0.030029,""saturation"":0.609149}",5.2522869,4.6701555,-0.58213139,0.0052355304,0.0093708122,0.027911821,0.018314712,-0.022676291,-0.0089438995,0.013732391,0.67549944,1.0938005,61.16489,66.902189,False,0.91169983,False,False,False,0.67549944,1.0938005,61.16489,66.902189,0.62581276,1.1236339,54.672464,61.431832,0.91150202,0.96616413,27.423812,26.495904,0.3811383,1.9202897,7.036447,13.512017,0.57215602,1.4784994,21.513511,31.807714,0.58630718,1.138924,26.45964,30.135519,0.5881559,0.98484243,24.769947,24.394495,0.76078654,0.9619844,34.103853,32.807375
init,init,-1,,1581,028.Brown_Creeper/Brown_Creeper_0121_24574.jpg,28,27,028.Brown_Creeper,171,170,rotation,rotation,0,"{""angle"":-2.184267}",5.2522869,5.0916405,-0.16064644,0.0052355304,0.0061479248,0.027911821,0.026678974,-0.022676291,-0.020531049,0.0021452419,0.76773314,1.0140788,61.16489,62.026018,False,0.9329465,True,False,False,0.76773314,1.0140788,61.16489,62.026018,0.72842664,1.0240067,54.672464,55.984967,0.93283003,0.97362035,27.423812,26.700381,0.60962174,1.3015655,7.036447,9.1583968,0.71973727,1.1002077,21.513511,23.669331,0.74625372,1.0808156,26.45964,28.597992,0.68026582,0.99400794,24.769947,24.621524,0.75816014,0.95742191,34.103853,32.651776
init,init,-1,,1581,028.Brown_Creeper/Brown_Creeper_0121_24574.jpg,28,27,028.Brown_Creeper,171,170,random_resized_crop,random_resized_crop,0,"{""area_fraction"":0.703825,""aspect"":0.926399,""fallback"":false,""height"":0.871632,""left"":0.029839,""top"":0.107028,""width"":0.807479}",5.2522869,5.2877955,0.035508633,0.0052355304,0.0050528874,0.027911821,0.016614843,-0.022676291,-0.011561956,0.011114335,0.65221393,1.0230698,61.16489,62.575954,False,0.93068707,False,False,False,0.65221393,1.0230698,61.16489,62.575954,0.58863056,1.0402149,54.672464,56.871111,0.93046597,0.95187902,27.423812,26.104151,0.51966988,1.4169533,7.036447,9.9703164,0.5862819,1.2206182,21.513511,26.259784,0.49725368,1.0933438,26.45964,28.929483,0.52907869,0.98774315,24.769947,24.466345,0.70245506,0.93179234,34.103853,31.777709
init,init,-1,,1581,028.Brown_Creeper/Brown_Creeper_0121_24574.jpg,28,27,028.Brown_Creeper,171,170,gaussian_blur,gaussian_blur,0,"{""sigma"":1.44622}",5.2522869,5.2066169,-0.045670033,0.0052355304,0.0054801828,0.027911821,0.013800368,-0.022676291,-0.0083201849,0.014356106,0.52334226,0.95868485,61.16489,58.637854,False,0.88417673,False,False,False,0.52334226,0.95868485,61.16489,58.637854,0.44976376,0.99039592,54.672464,54.147386,0.88394854,0.82062385,27.423812,22.504634,-0.059580457,1.4682627,7.036447,10.331353,0.20869514,1.0204344,21.513511,21.953127,0.37088583,1.0125092,26.45964,26.790628,0.47035242,1.0441154,24.769947,25.862683,0.63803046,0.90692695,34.103853,30.929704
init,init,-1,,1581,028.Brown_Creeper/Brown_Creeper_0121_24574.jpg,28,27,028.Brown_Creeper,171,170,random_erasing,random_erasing,0,"{""area_fraction"":0.123174,""erased"":true,""height"":0.215076,""left"":0.373194,""top"":0.427266,""width"":0.572701}",5.2522869,4.8131084,-0.43917847,0.0052355304,0.0081225708,0.027911821,0.036264554,-0.022676291,-0.028141983,-0.0054656919,0.62156256,0.97893327,61.16489,59.876346,False,0.88393068,True,False,False,0.62156256,0.97893327,61.16489,59.876346,0.54673183,0.94701585,54.672464,51.77569,0.88358026,1.0966438,27.423812,30.074154,0.35847924,1.077689,7.036447,7.5831018,0.58577104,0.82876927,21.513511,17.829737,0.41865479,0.85763973,26.45964,22.692838,0.48910974,0.96017738,24.769947,23.783543,0.64038928,1.0261502,34.103853,34.995676
init,init,-1,,8782,150.Sage_Thrasher/Sage_Thrasher_0096_155449.jpg,150,149,150.Sage_Thrasher,129,128,identity,identity,0,{},4.4714961,4.4714961,0,0.011430202,0.011430202,0.025161287,0.025161287,-0.013731085,-0.013731085,0,1,1,43.015461,43.015461,False,1,True,False,False,1,1,43.015461,43.015461,1,1,34.982687,34.982687,1,1,25.030811,25.030811,1,1,4.0536264,4.0536264,1,1,9.6555224,9.6555224,1,1,14.15681,14.15681,1,1,14.49982,14.49982,1,1,26.522958,26.522958
init,init,-1,,8782,150.Sage_Thrasher/Sage_Thrasher_0096_155449.jpg,150,149,150.Sage_Thrasher,129,128,horizontal_flip,horizontal_flip,0,"{""flipped"":true}",4.4714961,4.293375,-0.17812109,0.011430202,0.013658754,0.025161287,0.024392694,-0.013731085,-0.010733941,0.0029971441,0.6715476,1.1544961,43.015461,49.661181,False,0.94534165,True,False,False,0.6715476,1.1544961,43.015461,49.661181,0.54625987,1.1927085,34.982687,41.724148,0.9452594,1.0759508,25.030811,26.931922,0.49260155,1.4591815,4.0536264,5.9149765,0.33526424,1.5553609,9.6555224,15.017822,0.49911893,1.170795,14.15681,16.574723,0.43743058,1.2191114,14.49982,17.676897,0.64045752,1.1268072,26.522958,29.886259
init,init,-1,,8782,150.Sage_Thrasher/Sage_Thrasher_0096_155449.jpg,150,149,150.Sage_Thrasher,129,128,color_jitter,color_jitter,0,"{""brightness"":1.203928,""contrast"":0.770635,""hue"":-0.031211,""saturation"":0.963325}",4.4714961,4.4580112,-0.013484955,0.011430202,0.011585381,0.025161287,0.031150268,-0.013731085,-0.019564888,-0.0058338027,0.91047653,1.0632202,43.015461,45.734905,False,0.9883337,True,False,False,0.91047653,1.0632202,43.015461,45.734905,0.86984895,1.0553162,34.982687,36.917796,0.9882679,1.0784914,25.030811,26.995515,0.81984109,1.1534483,4.0536264,4.6756484,0.76636549,1.118512,9.6555224,10.799818,0.82030669,1.1008641,14.15681,15.584724,0.81007602,1.0089039,14.49982,14.628925,0.91878512,1.0445462,26.522958,27.704455
init,init,-1,,8782,150.Sage_Thrasher/Sage_Thrasher_0096_155449.jpg,150,149,150.Sage_Thrasher,129,128,rotation,rotation,0,"{""angle"":3.749317}",4.4714961,4.3035789,-0.16791725,0.011430202,0.013520084,0.025161287,0.036533296,-0.013731085,-0.023013212,-0.009282127,0.81075132,1.1418112,43.015461,49.115535,False,0.97002864,True,False,False,0.81075132,1.1418112,43.015461,49.115535,0.7292108,1.1414391,34.982687,39.930608,0.96986698,1.1425376,25.030811,28.598642,0.6856935,1.0961685,4.0536264,4.4434575,0.57753654,1.1873349,9.6555224,11.464338,0.64206921,1.17716,14.15681,16.664831,0.6210625,1.1491943,14.49982,16.663111,0.81081483,1.1234677,26.522958,29.797688
init,init,-1,,8782,150.Sage_Thrasher/Sage_Thrasher_0096_155449.jpg,150,149,150.Sage_Thrasher,129,128,random_resized_crop,random_resized_crop,0,"{""area_fraction"":0.826589,""aspect"":0.940068,""fallback"":false,""height"":0.937702,""left"":0.103496,""top"":0.009558,""width"":0.881504}",4.4714961,4.5933161,0.12181997,0.011430202,0.010119246,0.025161287,0.023596918,-0.013731085,-0.013477672,0.00025341287,0.77237085,0.93495037,43.015461,40.217321,False,0.96655244,True,False,False,0.77237085,0.93495037,43.015461,40.217321,0.67076911,0.92767436,34.982687,32.452542,0.96649493,0.94900132,25.030811,23.754272,0.28016989,0.85628416,4.0536264,3.4710561,0.40516689,0.85399034,9.6555224,8.2457228,0.49732346,0.84024143,14.15681,11.895138,0.57322877,0.94317871,14.49982,13.675922,0.78392756,0.95724676,26.522958,25.389016
init,init,-1,,8782,150.Sage_Thrasher/Sage_Thrasher_0096_155449.jpg,150,149,150.Sage_Thrasher,129,128,gaussian_blur,gaussian_blur,0,"{""sigma"":1.508416}",4.4714961,4.3083754,-0.16312075,0.011430202,0.013455391,0.025161287,0.030433372,-0.013731085,-0.016977981,-0.003246896,0.63412488,1.1907472,43.015461,51.220541,False,0.90855789,True,False,False,0.63412488,1.1907472,43.015461,51.220541,0.50892511,1.2310169,34.982687,43.064279,0.90826353,1.107877,25.030811,27.731061,0.1260668,1.1387274,4.0536264,4.6159757,0.18555363,1.569639,9.6555224,15.155684,0.40088373,1.3756332,14.15681,19.474578,0.42120539,1.2676645,14.49982,18.380907,0.65142393,1.1225253,26.522958,29.772692
init,init,-1,,8782,150.Sage_Thrasher/Sage_Thrasher_0096_155449.jpg,150,149,150.Sage_Thrasher,129,128,random_erasing,random_erasing,0,"{""area_fraction"":0.136363,""erased"":true,""height"":0.411185,""left"":0.071216,""top"":0.587943,""width"":0.331634}",4.4714961,4.8251619,0.35366583,0.011430202,0.008025256,0.025161287,0.024939686,-0.013731085,-0.01691443,-0.0031833453,0.89938618,1.0190864,43.015461,43.83647,False,0.97831374,False,False,False,0.89938618,1.0190864,43.015461,43.83647,0.85810696,1.010788,34.982687,35.36008,0.97828725,1.0351033,25.030811,25.909474,0.79659369,0.7151993,4.0536264,2.8991508,0.72792534,0.95740841,9.6555224,9.2442783,0.81019146,0.99073021,14.15681,14.025579,0.83394947,1.0167258,14.49982,14.742342,0.89666021,1.0273132,26.522958,27.247385
init,init,-1,,8635,147.Least_Tern/Least_Tern_0052_154021.jpg,147,146,147.Least_Tern,140,139,identity,identity,0,{},5.742527,5.742527,0,0.0032066554,0.0032066554,0.017560698,0.017560698,-0.014354043,-0.014354043,0,1,1,48.638923,48.638923,False,1,True,False,False,1,1,48.638923,48.638923,1,1,41.923947,41.923947,1,1,24.660241,24.660241,1,1,6.3992884,6.3992884,1,1,16.001806,16.001806,1,1,20.309397,20.309397,1,1,17.429612,17.429612,1,1,27.282698,27.282698
init,init,-1,,8635,147.Least_Tern/Least_Tern_0052_154021.jpg,147,146,147.Least_Tern,140,139,horizontal_flip,horizontal_flip,0,"{""flipped"":true}",5.742527,5.780879,0.038352013,0.0032066554,0.0030860011,0.017560698,0.019172246,-0.014354043,-0.016086244,-0.0017322018,0.69454247,0.98312957,48.638923,47.818363,False,0.96209931,True,False,False,0.69454247,0.98312957,48.638923,47.818363,0.5910444,0.94854467,41.923947,39.766736,0.96204581,1.0768609,24.660241,26.55565,0.47673576,0.822753,6.3992884,5.2650338,0.30209793,0.92281363,16.001806,14.766685,0.57163988,0.87079678,20.309397,17.685358,0.55506857,0.97153619,17.429612,16.933499,0.71436772,0.99444741,27.282698,27.131209
init,init,-1,,8635,147.Least_Tern/Least_Tern_0052_154021.jpg,147,146,147.Least_Tern,140,139,color_jitter,color_jitter,0,"{""brightness"":1.323254,""contrast"":0.625832,""hue"":-0.0043,""saturation"":1.156344}",5.742527,5.5776615,-0.16486549,0.0032066554,0.0037813978,0.017560698,0.019859497,-0.014354043,-0.016078099,-0.001724056,0.88190579,1.0163547,48.638923,49.4344,False,0.98383147,True,False,False,0.88190579,1.0163547,48.638923,49.4344,0.84634592,1.014033,41.923947,42.512265,0.9838025,1.0230355,24.660241,25.228302,0.58520309,1.0056858,6.3992884,6.4356733,0.7378547,1.0806346,16.001806,17.292105,0.8513098,0.97383105,20.309397,19.777922,0.82995037,0.99261547,17.429612,17.300903,0.90495359,1.0212856,27.282698,27.863426
init,init,-1,,8635,147.Least_Tern/Least_Tern_0052_154021.jpg,147,146,147.Least_Tern,140,139,rotation,rotation,0,"{""angle"":-12.414751}",5.742527,6.0770245,0.33449745,0.0032066554,0.0022949947,0.017560698,0.013997297,-0.014354043,-0.011702302,0.0026517406,0.69371884,1.0839578,48.638923,52.72254,False,0.86890686,False,False,False,0.69371884,1.0839578,48.638923,52.72254,0.63601778,1.0962412,41.923947,45.958759,0.86875851,1.0476468,24.660241,25.835222,0.6242844,1.1409076,6.3992884,7.300997,0.57283105,1.1170362,16.001806,17.874597,0.71988042,1.0508324,20.309397,21.341773,0.55239627,1.1544807,17.429612,20.122152,0.65112595,1.0867119,27.282698,29.648432
init,init,-1,,8635,147.Least_Tern/Least_Tern_0052_154021.jpg,147,146,147.Least_Tern,140,139,random_resized_crop,random_resized_crop,0,"{""area_fraction"":0.535683,""aspect"":1.218811,""fallback"":false,""height"":0.662958,""left"":0.186915,""top"":0.221919,""width"":0.80802}",5.742527,6.2360978,0.4935708,0.0032066554,0.0019574792,0.017560698,0.021064434,-0.014354043,-0.019106955,-0.0047529123,0.68712174,1.2403862,48.638923,60.33105,False,0.93265843,False,False,False,0.68712174,1.2403862,48.638923,60.33105,0.61616445,1.2848888,41.923947,53.867608,0.93257734,1.1017045,24.660241,27.168297,0.68012924,1.7080229,6.3992884,10.930131,0.49823977,1.7752835,16.001806,28.407743,0.63263475,1.2685991,20.309397,25.764482,0.56333618,1.2388146,17.429612,21.592059,0.72418489,1.065612,27.282698,29.072771
init,init,-1,,8635,147.Least_Tern/Least_Tern_0052_154021.jpg,147,146,147.Least_Tern,140,139,gaussian_blur,gaussian_blur,0,"{""sigma"":1.291076}",5.742527,5.5546923,-0.18783474,0.0032066554,0.0038692593,0.017560698,0.016795907,-0.014354043,-0.012926648,0.0014273948,0.73822163,1.0347093,48.638923,50.327148,False,0.94506681,False,False,False,0.73822163,1.0347093,48.638923,50.327148,0.67682298,1.0665203,41.923947,44.71274,0.94503839,0.93671528,24.660241,23.099625,0.61972914,1.0081549,6.3992884,6.4514739,0.59803816,1.2991031,16.001806,20.787996,0.62716875,1.0324547,20.309397,20.968533,0.64138091,1.1349076,17.429612,19.781,0.77329332,0.96593668,27.282698,26.353359
init,init,-1,,8635,147.Least_Tern/Least_Tern_0052_154021.jpg,147,146,147.Least_Tern,140,139,random_erasing,random_erasing,0,"{""area_fraction"":0.09526,""erased"":true,""height"":0.260603,""left"":0.108439,""top"":0.684659,""width"":0.365536}",5.742527,6.0449333,0.30240631,0.0032066554,0.0023698385,0.017560698,0.023578983,-0.014354043,-0.021209144,-0.0068551016,0.71084347,1.00905,48.638923,49.079106,False,0.90964353,True,False,False,0.71084347,1.00905,48.638923,49.079106,0.64192328,1.0083814,41.923947,42.275326,0.90952713,1.0109801,24.660241,24.931013,0.63386491,0.97770082,6.3992884,6.2565895,0.57092274,1.0230248,16.001806,16.370245,0.68985527,1.0109141,20.309397,20.531057,0.57909224,0.98465031,17.429612,17.162073,0.66555367,1.0131246,27.282698,27.640773
init,init,-1,,566,011.Rusty_Blackbird/Rusty_Blackbird_0023_6752.jpg,11,10,011.Rusty_Blackbird,129,128,identity,identity,0,{},5.8068185,5.8068185,0,0.0030069817,0.0030069817,0.025979904,0.025979904,-0.022972923,-0.022972923,0,1,1,46.672525,46.672525,False,0.99999994,True,False,False,1,1,46.672525,46.672525,1,1,39.293718,39.293718,1,1,25.185876,25.185876,1,1,5.4965549,5.4965549,1,1,12.35575,12.35575,1,1,19.25348,19.25348,1,1,17.226808,17.226808,1,1,26.337429,26.337429
init,init,-1,,566,011.Rusty_Blackbird/Rusty_Blackbird_0023_6752.jpg,11,10,011.Rusty_Blackbird,129,128,horizontal_flip,horizontal_flip,0,"{""flipped"":true}",5.8068185,5.6925101,-0.11430836,0.0030069817,0.0033711209,0.025979904,0.0203763,-0.022972923,-0.01700518,0.0059677432,0.66472661,1.0362467,46.672525,48.364252,False,0.94637382,True,False,False,0.66472661,1.0362467,46.672525,48.364252,0.54970952,1.0379564,39.293718,40.785165,0.94628904,1.0320735,25.185876,25.993675,-0.043099126,1.1017729,5.4965549,6.0559555,0.3794128,1.0805427,12.35575,13.350915,0.58162548,1.011312,19.25348,19.471275,0.45893409,1.0103076,17.226808,17.404375,0.63658304,1.0511698,26.337429,27.685111
init,init,-1,,566,011.Rusty_Blackbird/Rusty_Blackbird_0023_6752.jpg,11,10,011.Rusty_Blackbird,129,128,color_jitter,color_jitter,0,"{""brightness"":0.805795,""contrast"":0.844341,""hue"":0.085749,""saturation"":0.786497}",5.8068185,5.6515603,-0.15525818,0.0030069817,0.0035120323,0.025979904,0.026884599,-0.022972923,-0.023372566,-0.00039964356,0.82270271,1.1088628,46.672525,51.753428,False,0.96363473,True,False,False,0.82270271,1.1088628,46.672525,51.753428,0.77548475,1.1538243,39.293718,45.338046,0.96357511,0.99093409,25.185876,24.957543,0.66524401,1.4079079,5.4965549,7.7386428,0.70435682,1.4508351,12.35575,17.926156,0.81775933,1.223623,19.25348,23.559001,0.72345143,1.1017057,17.226808,18.978872,0.81275472,1.0460937,26.337429,27.551418
init,init,-1,,566,011.Rusty_Blackbird/Rusty_Blackbird_0023_6752.jpg,11,10,011.Rusty_Blackbird,129,128,rotation,rotation,0,"{""angle"":-11.41031}",5.8068185,5.8128414,0.0060229301,0.0030069817,0.0029889245,0.025979904,0.025142737,-0.022972923,-0.022153812,0.00081911054,0.73363115,1.1462948,46.672525,53.500473,False,0.93946207,True,False,False,0.73363115,1.1462948,46.672525,53.500473,0.65517191,1.168223,39.293718,45.903826,0.93934607,1.0910797,25.185876,27.479799,0.53850377,1.5480506,5.4965549,8.5089453,0.43078103,1.3184513,12.35575,16.290455,0.70035428,1.0990761,19.25348,21.161041,0.61306958,1.1688809,17.226808,20.136087,0.71735914,1.1492243,26.337429,30.267614
init,init,-1,,566,011.Rusty_Blackbird/Rusty_Blackbird_0023_6752.jpg,11,10,011.Rusty_Blackbird,129,128,random_resized_crop,random_resized_crop,0,"{""area_fraction"":0.837933,""aspect"":1.077449,""fallback"":false,""height"":0.881873,""left"":0.027804,""top"":0.110083,""width"":0.950174}",5.8068185,5.7177382,-0.089080334,0.0030069817,0.0032871366,0.025979904,0.030418307,-0.022972923,-0.02713117,-0.0041582473,0.71790983,1.0385673,46.672525,48.472558,False,0.94939494,True,False,False,0.71790983,1.0385673,46.672525,48.472558,0.62355676,1.0408491,39.293718,40.898831,0.94933276,1.0329921,25.185876,26.016812,0.63892442,1.0030186,5.4965549,5.5131467,0.4061484,1.3773692,12.35575,17.018429,0.66171361,0.99020264,19.25348,19.064847,0.5784443,0.98789316,17.226808,17.018246,0.69601064,1.0042749,26.337429,26.450019
init,init,-1,,566,011.Rusty_Blackbird/Rusty_Blackbird_0023_6752.jpg,11,10,011.Rusty_Blackbird,129,128,gaussian_blur,gaussian_blur,0,"{""sigma"":1.940434}",5.8068185,5.500535,-0.30628347,0.0030069817,0.0040845866,0.025979904,0.019511474,-0.022972923,-0.015426888,0.0075460351,0.47719711,1.3096996,46.672525,61.126987,False,0.82610774,False,False,False,0.47719711,1.3096996,46.672525,61.126987,0.39116446,1.4321553,39.293718,56.274707,0.82588097,0.94766113,25.185876,23.867676,0.41672844,2.3832365,5.4965549,13.09959,0.28383606,1.9551105,12.35575,24.156857,0.38610366,1.6069275,19.25348,30.938946,0.37286369,1.533977,17.226808,26.425529,0.48396098,1.0440811,26.337429,27.498412
init,init,-1,,566,011.Rusty_Blackbird/Rusty_Blackbird_0023_6752.jpg,11,10,011.Rusty_Blackbird,129,128,random_erasing,random_erasing,0,"{""area_fraction"":0.162141,""erased"":true,""height"":0.36726,""left"":0.041927,""top"":0.390421,""width"":0.441489}",5.8068185,5.8311105,0.024291992,0.0030069817,0.0029348158,0.025979904,0.030782145,-0.022972923,-0.027847329,-0.0048744059,0.80016314,1.1721271,46.672525,54.706132,False,0.96641856,True,False,False,0.80016314,1.1721271,46.672525,54.706132,0.73266896,1.1759351,39.293718,46.206862,0.96633911,1.1628061,25.185876,29.286289,0.61903376,1.3455885,5.4965549,7.3961014,0.66210615,1.2434903,12.35575,15.364255,0.7469727,1.0759031,19.25348,20.714879,0.6760856,1.1916333,17.226808,20.528038,0.77371746,1.1969533,26.337429,31.524672
init,init,-1,,8751,149.Brown_Thrasher/Brown_Thrasher_0085_155445.jpg,149,148,149.Brown_Thrasher,129,128,identity,identity,0,{},5.9473014,5.9473014,0,0.0026128818,0.0026128818,0.025123671,0.025123671,-0.022510789,-0.022510789,0,1,1,42.804273,42.804273,False,0.99999988,True,False,False,1,1,42.804273,42.804273,1,1,35.285815,35.285815,1,1,24.230499,24.230499,1,1,9.9789184,9.9789184,1,1,12.067158,12.067158,1,1,13.886598,13.886598,1,1,14.525945,14.525945,1,1,24.414196,24.414196
init,init,-1,,8751,149.Brown_Thrasher/Brown_Thrasher_0085_155445.jpg,149,148,149.Brown_Thrasher,129,128,horizontal_flip,horizontal_flip,0,"{""flipped"":true}",5.9473014,5.8783789,-0.06892252,0.0026128818,0.0027993186,0.025123671,0.02807937,-0.022510789,-0.025280051,-0.0027692625,0.67645801,1.1287516,42.804273,48.315391,False,0.96400207,True,False,False,0.67645801,1.1287516,42.804273,48.315391,0.53698317,1.1180267,35.285815,39.450482,0.96391945,1.1511652,24.230499,27.893306,0.093319702,0.90554206,9.9789184,9.0363303,0.31461511,1.1506265,12.067158,13.884792,0.54069304,1.1060692,13.886598,15.359539,0.4758116,1.1612318,14.525945,16.867989,0.67458352,1.1302622,24.414196,27.594444
init,init,-1,,8751,149.Brown_Thrasher/Brown_Thrasher_0085_155445.jpg,149,148,149.Brown_Thrasher,129,128,color_jitter,color_jitter,0,"{""brightness"":0.706158,""contrast"":1.201856,""hue"":0.03405,""saturation"":0.813234}",5.9473014,6.1555395,0.20823812,0.0026128818,0.0021216956,0.025123671,0.023396069,-0.022510789,-0.021274374,0.0012364152,0.89575948,0.97780709,42.804273,41.854322,False,0.9878273,True,False,False,0.89575948,0.97780709,42.804273,41.854322,0.8537058,0.98674306,35.285815,34.818033,0.98781958,0.95858111,24.230499,23.226898,0.8871268,1.0372731,9.9789184,10.350864,0.77467348,1.0252471,12.067158,12.371818,0.83039963,0.96904041,13.886598,13.456674,0.80157403,0.98702677,14.525945,14.337497,0.89475453,0.97398806,24.414196,23.779135
init,init,-1,,8751,149.Brown_Thrasher/Brown_Thrasher_0085_155445.jpg,149,148,149.Brown_Thrasher,129,128,rotation,rotation,0,"{""angle"":1.970062}",5.9473014,6.1845932,0.23729181,0.0026128818,0.0020609405,0.025123671,0.025781818,-0.022510789,-0.023720877,-0.0012100884,0.79719742,0.98608841,42.804273,42.208798,False,0.96803093,True,False,False,0.79719742,0.98608841,42.804273,42.208798,0.71570574,0.98229053,35.285815,34.660922,0.96800182,0.99409448,24.230499,24.087405,0.67204437,0.7950088,9.9789184,7.933328,0.61364694,0.90504777,12.067158,10.921354,0.60267633,0.98767682,13.886598,13.715471,0.65594997,1.0383598,14.525945,15.083157,0.80487747,1.0062693,24.414196,24.567256
init,init,-1,,8751,149.Brown_Thrasher/Brown_Thrasher_0085_155445.jpg,149,148,149.Brown_Thrasher,129,128,random_resized_crop,random_resized_crop,0,"{""area_fraction"":0.787639,""aspect"":1.216014,""fallback"":false,""height"":0.804811,""left"":0.019327,""top"":0.186687,""width"":0.978662}",5.9473014,6.2040644,0.25676298,0.0026128818,0.0020211996,0.025123671,0.026631106,-0.022510789,-0.024609906,-0.0020991173,0.7422766,1.0773409,42.804273,46.114796,False,0.96547043,True,False,False,0.7422766,1.0773409,42.804273,46.114796,0.63353137,1.0653205,35.285815,37.590702,0.96542612,1.1023988,24.230499,26.711674,0.72712808,0.92769947,9.9789184,9.2574373,0.38365297,1.0753104,12.067158,12.97594,0.53836605,1.1167111,13.886598,15.507318,0.5613281,1.0837621,14.525945,15.742669,0.74143916,1.0607532,24.414196,25.897435
init,init,-1,,8751,149.Brown_Thrasher/Brown_Thrasher_0085_155445.jpg,149,148,149.Brown_Thrasher,129,128,gaussian_blur,gaussian_blur,0,"{""sigma"":1.831011}",5.9473014,6.3389335,0.39163208,0.0026128818,0.0017661849,0.025123671,0.02464555,-0.022510789,-0.022879365,-0.00036857638,0.55850023,1.2521038,42.804273,53.595394,False,0.87823331,True,False,False,0.55850023,1.2521038,42.804273,53.595394,0.41832337,1.2788764,35.285815,45.126195,0.87800754,1.1933419,24.230499,28.915268,0.02510362,0.85589249,9.9789184,8.5408813,0.20998876,1.2428834,12.067158,14.99807,0.382197,1.4133981,13.886598,19.627291,0.35596527,1.3809395,14.525945,20.059451,0.55531734,1.2630447,24.414196,30.836222
init,init,-1,,8751,149.Brown_Thrasher/Brown_Thrasher_0085_155445.jpg,149,148,149.Brown_Thrasher,129,128,random_erasing,random_erasing,0,"{""area_fraction"":0.195298,""erased"":true,""height"":0.588784,""left"":0.582559,""top"":0.098564,""width"":0.331697}",5.9473014,6.193387,0.24608564,0.0026128818,0.0020428952,0.025123671,0.031899262,-0.022510789,-0.029856367,-0.0073455782,0.73122869,1.1348513,42.804273,48.576484,False,0.94844359,True,False,False,0.73122869,1.1348513,42.804273,48.576484,0.62419022,1.1173075,35.285815,39.425105,0.94832335,1.1711869,24.230499,28.378441,0.50138865,1.1343903,9.9789184,11.319988,0.42912793,1.0627109,12.067158,12.8239,0.57291718,1.0490507,13.886598,14.567746,0.58488618,1.1019619,14.525945,16.007037,0.71752788,1.1536558,24.414196,28.16558
init,init,-1,,6529,112.Great_Grey_Shrike/Great_Grey_Shrike_0089_797036.jpg,112,111,112.Great_Grey_Shrike,183,182,identity,identity,0,{},5.9603376,5.9603376,0,0.0025790413,0.0025790413,0.035643723,0.035643723,-0.033064682,-0.033064682,0,1,1,58.224103,58.224103,False,1,True,False,False,1,1,58.224103,58.224103,1,1,50.48628,50.48628,1,1,29.003133,29.003133,1,1,7.5622167,7.5622167,1,1,21.358312,21.358312,1,1,23.319486,23.319486,1,1,22.664871,22.664871,1,1,31.273073,31.273073
init,init,-1,,6529,112.Great_Grey_Shrike/Great_Grey_Shrike_0089_797036.jpg,112,111,112.Great_Grey_Shrike,183,182,horizontal_flip,horizontal_flip,0,"{""flipped"":true}",5.9603376,6.0929918,0.13265419,0.0025790413,0.0022586409,0.035643723,0.02593622,-0.033064682,-0.023677579,0.0093871027,0.60190239,0.9725317,58.224103,56.624786,False,0.94520068,False,False,False,0.60190239,0.9725317,58.224103,56.624786,0.49628414,0.98795356,50.48628,49.8781,0.94502344,0.92423203,29.003133,26.805624,0.12255174,1.2848489,7.5622167,9.7163057,0.37589322,0.98162308,21.358312,20.965812,0.45451316,0.89397296,23.319486,20.84699,0.4559862,0.98431009,22.664871,22.309261,0.62115895,1.0220211,31.273073,31.961742
init,init,-1,,6529,112.Great_Grey_Shrike/Great_Grey_Shrike_0089_797036.jpg,112,111,112.Great_Grey_Shrike,183,182,color_jitter,color_jitter,0,"{""brightness"":1.132205,""contrast"":1.222555,""hue"":0.027523,""saturation"":0.777003}",5.9603376,5.9550552,-0.005282402,0.0025790413,0.002592701,0.035643723,0.032105736,-0.033064682,-0.029513035,0.0035516461,0.87086671,0.93803295,58.224103,54.616128,False,0.98346293,True,False,False,0.87086671,0.93803295,58.224103,54.616128,0.83242668,0.92880773,50.48628,46.892047,0.98340867,0.96544822,29.003133,28.001023,0.52594224,0.88729854,7.5622167,6.7099438,0.78213008,0.79664542,21.358312,17.015001,0.81216903,0.88082053,23.319486,20.540282,0.82101915,0.99685655,22.664871,22.593625,0.89066458,0.97617349,31.273073,30.527945
init,init,-1,,6529,112.Great_Grey_Shrike/Great_Grey_Shrike_0089_797036.jpg,112,111,112.Great_Grey_Shrike,183,182,rotation,rotation,0,"{""angle"":-13.903082}",5.9603376,6.0825911,0.12225342,0.0025790413,0.0022822553,0.035643723,0.026280843,-0.033064682,-0.023998587,0.0090660942,0.66436084,1.0718145,58.224103,62.405437,False,0.90311939,False,False,False,0.66436084,1.0718145,58.224103,62.405437,0.58648472,1.0745598,50.48628,54.250529,0.90282493,1.0634525,29.003133,30.843454,0.37936158,1.4800231,7.5622167,11.192255,0.61945388,1.0908076,21.358312,23.297809,0.61228147,0.96546662,23.319486,22.514185,0.50372539,1.0903807,22.664871,24.713338,0.62256173,1.0878685,31.273073,34.02099
init,init,-1,,6529,112.Great_Grey_Shrike/Great_Grey_Shrike_0089_797036.jpg,112,111,112.Great_Grey_Shrike,183,182,random_resized_crop,random_resized_crop,0,"{""area_fraction"":0.507996,""aspect"":1.306907,""fallback"":false,""height"":0.623459,""left"":0.16627,""top"":0.287295,""width"":0.814803}",5.9603376,5.8213253,-0.13901234,0.0025790413,0.002963675,0.035643723,0.016139472,-0.033064682,-0.013175797,0.019888885,0.64703379,0.9611447,58.224103,55.961788,False,0.87612259,False,False,False,0.64703379,0.9611447,58.224103,55.961788,0.5719464,0.96231143,50.48628,48.583524,0.87568119,0.95760073,29.003133,27.773421,0.54664973,0.80183301,7.5622167,6.063635,0.64245681,0.84921384,21.358312,18.137774,0.56149533,1.0408236,23.319486,24.271472,0.50716833,1.0133032,22.664871,22.966387,0.5904072,0.94752313,31.273073,29.63196
init,init,-1,,6529,112.Great_Grey_Shrike/Great_Grey_Shrike_0089_797036.jpg,112,111,112.Great_Grey_Shrike,183,182,gaussian_blur,gaussian_blur,0,"{""sigma"":1.730684}",5.9603376,5.8522348,-0.1081028,0.0025790413,0.0028734694,0.035643723,0.027926834,-0.033064682,-0.025053365,0.0080113166,0.68211662,0.99989811,58.224103,58.218171,False,0.9179613,False,False,False,0.68211662,0.99989811,58.224103,58.218171,0.60942723,1.014943,50.48628,51.240694,0.91776051,0.95286142,29.003133,27.635966,0.40591952,1.2723804,7.5622167,9.6220161,0.69495057,1.105907,21.358312,23.620306,0.59454476,0.97776048,23.319486,22.800872,0.50360934,1.045475,22.664871,23.695556,0.65228398,0.95595375,31.273073,29.895612
init,init,-1,,6529,112.Great_Grey_Shrike/Great_Grey_Shrike_0089_797036.jpg,112,111,112.Great_Grey_Shrike,183,182,random_erasing,random_erasing,0,"{""area_fraction"":0.082994,""erased"":true,""height"":0.261166,""left"":0.145139,""top"":0.429813,""width"":0.317784}",5.9603376,6.4037566,0.44341898,0.0025790413,0.0016553272,0.035643723,0.026574166,-0.033064682,-0.024918839,0.0081458422,0.76961727,1.0121205,58.224103,58.92981,False,0.93793648,True,False,False,0.76961727,1.0121205,58.224103,58.92981,0.71578173,1.0191664,50.48628,51.45392,0.93770918,0.99046482,29.003133,28.726583,0.77528983,1.1834706,7.5622167,8.949661,0.74116593,1.0412662,21.358312,22.239689,0.66679518,0.96945466,23.319486,22.607184,0.67804795,1.0233932,22.664871,23.195075,0.7464415,1.0230993,31.273073,31.995459
init,init,-1,,4639,080.Green_Kingfisher/Green_Kingfisher_0042_71028.jpg,80,79,080.Green_Kingfisher,8,7,identity,identity,0,{},6.0785236,6.0785236,0,0.0022915569,0.0022915569,0.045461558,0.045461558,-0.043170001,-0.043170001,0,1,1,61.045583,61.045583,False,0.99999994,True,False,False,1,1,61.045583,61.045583,1,1,52.537768,52.537768,1,1,31.086108,31.086108,1,1,8.9081484,8.9081484,1,1,24.105471,24.105471,1,1,23.03383,23.03383,1,1,22.731475,22.731475,1,1,32.442426,32.442426
init,init,-1,,4639,080.Green_Kingfisher/Green_Kingfisher_0042_71028.jpg,80,79,080.Green_Kingfisher,8,7,horizontal_flip,horizontal_flip,0,"{""flipped"":true}",6.0785236,6.0591369,-0.019386768,0.0022915569,0.0023364169,0.045461558,0.029677082,-0.043170001,-0.027340665,0.015829336,0.65308457,0.96741826,61.045583,59.056611,False,0.96325046,False,False,False,0.65308457,0.96741826,61.045583,59.056611,0.54185015,0.96094485,52.537768,50.485898,0.9629921,0.98567442,31.086108,30.640781,0.16991725,0.83269654,8.9081484,7.4177843,0.34204361,0.87720225,24.105471,21.145373,0.52581842,0.98775175,23.03383,22.751706,0.48243794,1.0026697,22.731475,22.792161,0.70442543,0.97937993,32.442426,31.773461
init,init,-1,,4639,080.Green_Kingfisher/Green_Kingfisher_0042_71028.jpg,80,79,080.Green_Kingfisher,8,7,color_jitter,color_jitter,0,"{""brightness"":0.829961,""contrast"":0.841242,""hue"":-0.086155,""saturation"":1.199282}",6.0785236,6.4138927,0.33536911,0.0022915569,0.0016386335,0.045461558,0.0321276,-0.043170001,-0.030488967,0.012681034,0.77694203,1.0960816,61.045583,66.910939,False,0.93233782,False,False,False,0.77694203,1.0960816,61.045583,66.910939,0.72501721,1.1074902,52.537768,58.185061,0.93198366,1.0628205,31.086108,33.038953,0.52521662,1.2608621,8.9081484,11.231947,0.58027932,1.0215372,24.105471,24.624635,0.75649109,1.2406009,23.03383,28.575789,0.74621446,1.1321734,22.731475,25.73597,0.7959879,1.0561634,32.442426,34.264504
init,init,-1,,4639,080.Green_Kingfisher/Green_Kingfisher_0042_71028.jpg,80,79,080.Green_Kingfisher,8,7,rotation,rotation,0,"{""angle"":-3.894026}",6.0785236,5.9461684,-0.13235521,0.0022915569,0.0026158444,0.045461558,0.049911208,-0.043170001,-0.047295364,-0.0041253632,0.79486365,0.96250668,61.045583,58.756781,False,0.96987808,True,False,False,0.79486365,0.96250668,61.045583,58.756781,0.73630787,0.97265044,52.537768,51.100883,0.96975842,0.93292534,31.086108,29.001018,0.56365983,0.8833231,8.9081484,7.8687733,0.73288432,0.94051463,24.105471,22.671548,0.66563915,1.0042897,23.03383,23.132639,0.66224216,0.99459775,22.731475,22.608674,0.82496473,0.96941454,32.442426,31.450159
init,init,-1,,4639,080.Green_Kingfisher/Green_Kingfisher_0042_71028.jpg,80,79,080.Green_Kingfisher,8,7,random_resized_crop,random_resized_crop,0,"{""area_fraction"":0.705783,""aspect"":0.924766,""fallback"":false,""height"":0.873614,""left"":0.146528,""top"":0.03514,""width"":0.807889}",6.0785236,6.1440535,0.065529823,0.0022915569,0.0021462068,0.045461558,0.047580108,-0.043170001,-0.045433901,-0.0022639004,0.66758201,0.89921749,61.045583,54.893256,False,0.95197523,True,False,False,0.66758201,0.89921749,61.045583,54.893256,0.56037641,0.87965258,52.537768,46.214983,0.95181055,0.95289175,31.086108,29.621696,0.28388738,1.0481241,8.9081484,9.3368448,0.35219391,0.71561148,24.105471,17.250152,0.54312036,0.93568517,23.03383,21.552413,0.47480813,0.89323987,22.731475,20.304659,0.73157045,0.91141375,32.442426,29.568473
init,init,-1,,4639,080.Green_Kingfisher/Green_Kingfisher_0042_71028.jpg,80,79,080.Green_Kingfisher,8,7,gaussian_blur,gaussian_blur,0,"{""sigma"":1.44674}",6.0785236,5.4192872,-0.65923643,0.0022915569,0.0044303047,0.045461558,0.028059974,-0.043170001,-0.02362967,0.019540331,0.62205609,0.8801065,61.045583,53.726614,False,0.8768729,True,False,False,0.62205609,0.8801065,61.045583,53.726614,0.54765333,0.91246337,52.537768,47.938789,0.87642518,0.78032939,31.086108,24.257404,0.32136409,0.9014222,8.9081484,8.0300027,0.49897245,0.93731643,24.105471,22.594454,0.55404918,1.049457,23.03383,24.173015,0.49276483,0.93349164,22.731475,21.219641,0.63243842,0.8088126,32.442426,26.239843
init,init,-1,,4639,080.Green_Kingfisher/Green_Kingfisher_0042_71028.jpg,80,79,080.Green_Kingfisher,8,7,random_erasing,random_erasing,0,"{""area_fraction"":0.197162,""erased"":true,""height"":0.618585,""left"":0.665692,""top"":0.238952,""width"":0.318731}",6.0785236,6.3502693,0.27174568,0.0022915569,0.0017462765,0.045461558,0.036617216,-0.043170001,-0.034870939,0.0082990617,0.86305782,1.0481866,61.045583,63.987164,False,0.96398044,True,False,False,0.86305782,1.0481866,61.045583,63.987164,0.83206198,1.0732061,52.537768,56.383852,0.96382778,0.97318637,31.086108,30.252577,0.89270681,1.0742723,8.9081484,9.5697767,0.87960601,1.0987418,24.105471,26.485689,0.81945637,1.0650472,23.03383,24.532116,0.76644575,1.0675518,22.731475,24.267027,0.83918019,1.0656995,32.442426,34.573878
init,init,-1,,10452,178.Swainson_Warbler/Swainson_Warbler_0036_174699.jpg,178,177,178.Swainson_Warbler,171,170,identity,identity,0,{},6.3413539,6.3413539,0,0.001761915,0.001761915,0.031709936,0.031709936,-0.02994802,-0.02994802,0,1,1,46.22813,46.22813,False,1.0000001,True,False,False,1,1,46.22813,46.22813,1,1,38.072002,38.072002,1,1,26.221415,26.221415,1,1,7.3421305,7.3421305,1,1,11.06399,11.06399,1,1,14.398094,14.398094,1,1,16.11367,16.11367,1,1,28.393716,28.393716
init,init,-1,,10452,178.Swainson_Warbler/Swainson_Warbler_0036_174699.jpg,178,177,178.Swainson_Warbler,171,170,horizontal_flip,horizontal_flip,0,"{""flipped"":true}",6.3413539,6.1307821,-0.21057177,0.001761915,0.0021748799,0.031709936,0.023020225,-0.02994802,-0.020845345,0.0091026757,0.69977927,1.077906,46.22813,49.829577,False,0.95927989,False,False,False,0.69977927,1.077906,46.22813,49.829577,0.5839341,1.0971118,38.072002,41.769244,0.95912721,1.0362518,26.221415,27.171988,0.22010942,1.0154811,7.3421305,7.4557947,0.41249287,1.4032009,11.06399,15.525002,0.53750364,1.1928756,14.398094,17.175135,0.4497866,1.1119438,16.11367,17.917496,0.71172269,1.0158933,28.393716,28.844987
init,init,-1,,10452,178.Swainson_Warbler/Swainson_Warbler_0036_174699.jpg,178,177,178.Swainson_Warbler,171,170,color_jitter,color_jitter,0,"{""brightness"":0.692705,""contrast"":1.265763,""hue"":0.077558,""saturation"":1.209515}",6.3413539,6.1907091,-0.15064478,0.001761915,0.0020483732,0.031709936,0.025392273,-0.02994802,-0.0233439,0.0066041203,0.82956825,0.99435416,46.22813,45.967133,False,0.9686023,True,False,False,0.82956825,0.99435416,46.22813,45.967133,0.77131574,1.0251844,38.072002,39.030821,0.96853305,0.92600302,26.221415,24.28111,0.74154407,1.306135,7.3421305,9.5898137,0.63708012,1.2082623,11.06399,13.368203,0.72996005,1.087565,14.398094,15.658864,0.72279196,1.027643,16.11367,16.559101,0.83532698,0.95373307,28.393716,27.080026
init,init,-1,,10452,178.Swainson_Warbler/Swainson_Warbler_0036_174699.jpg,178,177,178.Swainson_Warbler,171,170,rotation,rotation,0,"{""angle"":-2.298586}",6.3413539,6.1702461,-0.17110777,0.001761915,0.0020907212,0.031709936,0.026783684,-0.02994802,-0.024692963,0.0052550574,0.836947,0.99246909,46.22813,45.87999,False,0.9763087,True,False,False,0.836947,0.99246909,46.22813,45.87999,0.77801975,1.0213858,38.072002,38.886201,0.97624689,0.92856319,26.221415,24.348241,0.74471386,1.1626524,7.3421305,8.5363456,0.5829507,1.0776601,11.06399,11.923221,0.71743705,1.1063645,14.398094,15.929541,0.71275905,1.0722465,16.11367,17.277826,0.85852071,0.96118404,28.393716,27.291587
init,init,-1,,10452,178.Swainson_Warbler/Swainson_Warbler_0036_174699.jpg,178,177,178.Swainson_Warbler,171,170,random_resized_crop,random_resized_crop,0,"{""area_fraction"":0.605657,""aspect"":1.137707,""fallback"":false,""height"":0.729622,""left"":0.087121,""top"":0.244315,""width"":0.830097}",6.3413539,6.2665753,-0.074778557,0.001761915,0.00189872,0.031709936,0.018929714,-0.02994802,-0.017030994,0.012917026,0.65998139,1.0604748,46.22813,49.023769,False,0.92206109,False,False,False,0.65998139,1.0604748,46.22813,49.023769,0.55767399,1.1128951,38.072002,42.370144,0.92189378,0.94044119,26.221415,24.659699,0.69438716,1.3241252,7.3421305,9.7219003,0.46915442,1.4601549,11.06399,16.15514,0.41440045,1.2344731,14.398094,17.77406,0.46473902,1.167122,16.11367,18.806619,0.65902868,0.97736487,28.393716,27.751021
init,init,-1,,10452,178.Swainson_Warbler/Swainson_Warbler_0036_174699.jpg,178,177,178.Swainson_Warbler,171,170,gaussian_blur,gaussian_blur,0,"{""sigma"":1.588824}",6.3413539,6.3004065,-0.040947437,0.001761915,0.0018355586,0.031709936,0.021937419,-0.02994802,-0.02010186,0.0098461603,0.6504003,1.0950701,46.22813,50.623042,False,0.8706373,True,False,False,0.6504003,1.0950701,46.22813,50.623042,0.57445094,1.1714193,38.072002,44.598277,0.87045141,0.91344209,26.221415,23.951744,0.62479195,1.2770493,7.3421305,9.3762624,0.41419516,1.4365352,11.06399,15.893812,0.60234666,1.5881603,14.398094,22.866482,0.5669927,1.304569,16.11367,21.021394,0.63193415,0.92089846,28.393716,26.147729
init,init,-1,,10452,178.Swainson_Warbler/Swainson_Warbler_0036_174699.jpg,178,177,178.Swainson_Warbler,171,170,random_erasing,random_erasing,0,"{""area_fraction"":0.185378,""erased"":true,""height"":0.241327,""left"":0.211076,""top"":0.37596,""width"":0.768162}",6.3413539,6.7473264,0.40597248,0.001761915,0.0011740144,0.031709936,0.04472379,-0.02994802,-0.043549776,-0.013601755,0.6922981,1.1955861,46.22813,55.26971,False,0.9381004,True,False,False,0.6922981,1.1955861,46.22813,55.26971,0.58443867,1.2222011,38.072002,46.531645,0.93786593,1.1374395,26.221415,29.825273,0.75622198,1.1317658,7.3421305,8.3095719,0.46141768,1.340519,11.06399,14.831489,0.48958954,1.3238122,14.398094,19.060373,0.44507062,1.2147892,16.11367,19.574712,0.66932555,1.1837507,28.393716,33.61108
init,init,-1,,8335,142.Black_Tern/Black_Tern_0055_144607.jpg,142,141,142.Black_Tern,8,7,identity,identity,0,{},5.6101565,5.6101565,0,0.0036604966,0.0036604966,0.033621211,0.033621211,-0.029960714,-0.029960714,0,1,1,60.174111,60.174111,False,0.99999994,True,False,False,1,1,60.174111,60.174111,1,1,49.139446,49.139446,1,1,34.730944,34.730944,1,1,10.195498,10.195498,1,1,16.521494,16.521494,1,1,19.220064,19.220064,1,1,22.046028,22.046028,1,1,34.385156,34.385156
init,init,-1,,8335,142.Black_Tern/Black_Tern_0055_144607.jpg,142,141,142.Black_Tern,8,7,horizontal_flip,horizontal_flip,0,"{""flipped"":true}",5.6101565,5.4622631,-0.14789343,0.0036604966,0.004243941,0.033621211,0.024635114,-0.029960714,-0.020391173,0.0095695413,0.68536605,0.87880265,60.174111,52.881168,False,0.9625923,True,False,False,0.68536605,0.87880265,60.174111,52.881168,0.5355954,0.8529089,49.139446,41.911471,0.96238146,0.92847034,34.730944,32.246651,0.32036861,1.1425425,10.195498,11.64879,0.33777522,0.79349136,16.521494,13.109663,0.41515099,0.79551924,19.220064,15.289931,0.42534703,0.79953358,22.046028,17.62654,0.68129742,0.87466581,34.385156,30.07552
init,init,-1,,8335,142.Black_Tern/Black_Tern_0055_144607.jpg,142,141,142.Black_Tern,8,7,color_jitter,color_jitter,0,"{""brightness"":1.032771,""contrast"":1.242104,""hue"":0.077679,""saturation"":0.969344}",5.6101565,5.5529618,-0.05719471,0.0036604966,0.0038759604,0.033621211,0.022777645,-0.029960714,-0.018901685,0.011059029,0.76970515,0.9651997,60.174111,58.080034,False,0.95379221,True,False,False,0.76970515,0.9651997,60.174111,58.080034,0.68135095,0.97670891,49.139446,47.994934,0.95348865,0.94173769,34.730944,32.707439,0.56975717,1.1407971,10.195498,11.630995,0.4508134,0.95061125,16.521494,15.705518,0.55238548,0.93323421,19.220064,17.936821,0.62965798,0.99248434,22.046028,21.880338,0.80623411,0.97375468,34.385156,33.482706
init,init,-1,,8335,142.Black_Tern/Black_Tern_0055_144607.jpg,142,141,142.Black_Tern,8,7,rotation,rotation,0,"{""angle"":10.343033}",5.6101565,4.9887037,-0.62145281,0.0036604966,0.0068144901,0.033621211,0.01798328,-0.029960714,-0.01116879,0.018791924,0.67865446,0.95697156,60.174111,57.584912,False,0.92485583,False,False,False,0.67865446,0.95697156,60.174111,57.584912,0.57185393,0.99420222,49.139446,48.854546,0.92448576,0.87770985,34.730944,30.483692,0.3639235,1.194912,10.195498,12.182723,0.3635878,1.0003557,16.521494,16.527372,0.44999222,1.0224847,19.220064,19.652221,0.50986815,0.96298653,22.046028,21.230028,0.70974874,0.9768672,34.385156,33.589731
init,init,-1,,8335,142.Black_Tern/Black_Tern_0055_144607.jpg,142,141,142.Black_Tern,8,7,random_resized_crop,random_resized_crop,0,"{""area_fraction"":0.861144,""aspect"":0.914364,""fallback"":false,""height"":0.970461,""left"":0.082516,""top"":0.007972,""width"":0.887355}",5.6101565,5.4690557,-0.14110088,0.0036604966,0.0042152111,0.033621211,0.029020494,-0.029960714,-0.024805283,0.0051554313,0.80878302,1.0338733,60.174111,62.212409,False,0.9752512,True,False,False,0.80878302,1.0338733,60.174111,62.212409,0.7338341,1.0633628,49.139446,52.253059,0.97512709,0.97215642,34.730944,33.76391,0.73606841,1.6201309,10.195498,16.518042,0.64310023,1.2071076,16.521494,19.943221,0.66016912,1.0340022,19.220064,19.873588,0.67676781,1.0382024,22.046028,22.888239,0.82200786,0.98235116,34.385156,33.778298
init,init,-1,,8335,142.Black_Tern/Black_Tern_0055_144607.jpg,142,141,142.Black_Tern,8,7,gaussian_blur,gaussian_blur,0,"{""sigma"":1.941045}",5.6101565,5.5799179,-0.030238628,0.0036604966,0.0037728744,0.033621211,0.029538883,-0.029960714,-0.025766009,0.0041947055,0.53298569,0.82652686,60.174111,49.735519,False,0.84545851,True,False,False,0.53298569,0.82652686,60.174111,49.735519,0.40525569,0.8714219,49.139446,42.821189,0.8449399,0.72838735,34.730944,25.29758,0.58757726,1.0096524,10.195498,10.293909,0.26738246,0.94047151,16.521494,15.537995,0.25706855,0.96952746,19.220064,18.63438,0.30356987,0.91071927,22.046028,20.077743,0.53173553,0.7889323,34.385156,27.12756
init,init,-1,,8335,142.Black_Tern/Black_Tern_0055_144607.jpg,142,141,142.Black_Tern,8,7,random_erasing,random_erasing,0,"{""area_fraction"":0.082571,""erased"":true,""height"":0.276606,""left"":0.102566,""top"":0.268748,""width"":0.298516}",5.6101565,5.0003262,-0.60983038,0.0036604966,0.0067357495,0.033621211,0.021298621,-0.029960714,-0.014562871,0.015397843,0.71519437,1.0641222,60.174111,64.032604,False,0.93898702,False,False,False,0.71519437,1.0641222,60.174111,64.032604,0.61354489,1.0930475,49.139446,53.711748,0.93857188,1.0037171,34.730944,34.860042,0.5759583,1.0006361,10.195498,10.201984,0.34873648,1.0285254,16.521494,16.992776,0.46699006,1.1852488,19.220064,22.780557,0.57436032,1.1329781,22.046028,24.977667,0.74486911,1.0682673,34.385156,36.732538
init,init,-1,,1149,021.Eastern_Towhee/Eastern_Towhee_0120_22189.jpg,21,20,021.Eastern_Towhee,46,45,identity,identity,0,{},5.3344564,5.3344564,0,0.0048225322,0.0048225322,0.033747271,0.033747271,-0.028924739,-0.028924739,0,1,1,47.668824,47.668824,False,1.0000001,True,False,False,1,1,47.668824,47.668824,1,1,39.091438,39.091438,1,1,27.279595,27.279595,1,1,7.5187206,7.5187206,1,1,13.468893,13.468893,1,1,14.761431,14.761431,1,1,16.627777,16.627777,1,1,28.210201,28.210201
init,init,-1,,1149,021.Eastern_Towhee/Eastern_Towhee_0120_22189.jpg,21,20,021.Eastern_Towhee,46,45,horizontal_flip,horizontal_flip,0,"{""flipped"":true}",5.3344564,5.2404814,-0.093975067,0.0048225322,0.0052977065,0.033747271,0.024091851,-0.028924739,-0.018794145,0.010130594,0.64958797,1.0017495,47.668824,47.752223,False,0.95190454,True,False,False,0.64958797,1.0017495,47.668824,47.752223,0.50847929,1.0148568,39.091438,39.672212,0.95178584,0.97428151,27.279595,26.578005,0.24262224,1.295639,7.5187206,9.7415476,0.49808077,1.1218056,13.468893,15.10948,0.37385607,1.0181108,14.761431,15.028772,0.38389503,1.0054546,16.627777,16.718475,0.62296678,0.96775377,28.210201,27.300529
init,init,-1,,1149,021.Eastern_Towhee/Eastern_Towhee_0120_22189.jpg,21,20,021.Eastern_Towhee,46,45,color_jitter,color_jitter,0,"{""brightness"":1.335179,""contrast"":0.718996,""hue"":-0.010361,""saturation"":1.093386}",5.3344564,5.4738703,0.13941383,0.0048225322,0.0041949665,0.033747271,0.037015524,-0.028924739,-0.032820557,-0.0038958187,0.784747,1.0635436,47.668824,50.697874,False,0.96534151,True,False,False,0.784747,1.0635436,47.668824,50.697874,0.69994264,1.0752169,39.091438,42.031776,0.96524237,1.0391618,27.279595,28.347913,0.64957148,1.2622754,7.5187206,9.490696,0.51974136,1.0654146,13.468893,14.349955,0.49333392,1.1200741,14.761431,16.533897,0.67018382,1.0416533,16.627777,17.320379,0.81633877,1.0618549,28.210201,29.95514
init,init,-1,,1149,021.Eastern_Towhee/Eastern_Towhee_0120_22189.jpg,21,20,021.Eastern_Towhee,46,45,rotation,rotation,0,"{""angle"":-1.836173}",5.3344564,5.3988709,0.064414501,0.0048225322,0.0045216838,0.033747271,0.026937563,-0.028924739,-0.022415879,0.0065088593,0.69074504,1.0529078,47.668824,50.190879,False,0.94880182,True,False,False,0.69074504,1.0529078,47.668824,50.190879,0.57725217,1.0835009,39.091438,42.355608,0.94863126,0.98711795,27.279595,26.928177,0.39304929,1.7419987,7.5187206,13.097601,0.37935867,1.092565,13.468893,14.715641,0.35096026,1.1619813,14.761431,17.152507,0.4917764,1.0035675,16.627777,16.687097,0.75716874,1.0232387,28.210201,28.865769
init,init,-1,,1149,021.Eastern_Towhee/Eastern_Towhee_0120_22189.jpg,21,20,021.Eastern_Towhee,46,45,random_resized_crop,random_resized_crop,0,"{""area_fraction"":0.713238,""aspect"":1.193505,""fallback"":false,""height"":0.773046,""left"":0.072848,""top"":0.066089,""width"":0.922634}",5.3344564,5.1033449,-0.23111153,0.0048225322,0.006076389,0.033747271,0.02236782,-0.028924739,-0.016291431,0.012633307,0.69772708,0.98551206,47.668824,46.978201,False,0.92660546,True,False,False,0.69772708,0.98551206,47.668824,46.978201,0.60385432,1.0294979,39.091438,40.244555,0.92645217,0.88838688,27.279595,24.234834,0.61482406,1.5216488,7.5187206,11.440853,0.65837143,1.0146996,13.468893,13.66688,0.56302144,1.0987007,14.761431,16.218394,0.47794734,1.0329316,16.627777,17.175357,0.65584702,0.96684406,28.210201,27.274866
init,init,-1,,1149,021.Eastern_Towhee/Eastern_Towhee_0120_22189.jpg,21,20,021.Eastern_Towhee,46,45,gaussian_blur,gaussian_blur,0,"{""sigma"":1.701022}",5.3344564,5.4257383,0.091281891,0.0048225322,0.0044018137,0.033747271,0.037135933,-0.028924739,-0.032734119,-0.0038093803,0.55640225,1.2092934,47.668824,57.645594,False,0.86763823,True,False,False,0.55640225,1.2092934,47.668824,57.645594,0.4315764,1.2720331,39.091438,49.725602,0.86739457,1.068977,27.279595,29.161258,0.31784335,2.1064898,7.5187206,15.838108,0.24566711,1.3862806,13.468893,18.671666,0.32022995,1.3727389,14.761431,20.26359,0.35572857,1.2810856,16.627777,21.301606,0.57757045,1.1258839,28.210201,31.761411
init,init,-1,,1149,021.Eastern_Towhee/Eastern_Towhee_0120_22189.jpg,21,20,021.Eastern_Towhee,46,45,random_erasing,random_erasing,0,"{""area_fraction"":0.192103,""erased"":true,""height"":0.361116,""left"":0.17411,""top"":0.44408,""width"":0.531971}",5.3344564,5.5061035,0.17164707,0.0048225322,0.0040619033,0.033747271,0.019292982,-0.028924739,-0.015231079,0.01369366,0.65761665,1.1696632,47.668824,55.75647,False,0.87223303,False,False,False,0.65761665,1.1696632,47.668824,55.75647,0.57676294,1.2405701,39.091438,48.495669,0.87195605,1.0085486,27.279595,27.512797,0.69687704,1.5381964,7.5187206,11.565269,0.67457334,1.4793191,13.468893,19.924791,0.59308961,1.4535999,14.761431,21.457215,0.4769757,1.2529319,16.627777,20.833473,0.58072771,1.0790643,28.210201,30.440623
init,init,-1,,4254,073.Blue_Jay/Blue_Jay_0086_63394.jpg,73,72,073.Blue_Jay,44,43,identity,identity,0,{},7.2783747,7.2783747,0,0.00069030683,0.00069030683,0.0243144,0.0243144,-0.023624093,-0.023624093,0,1,1,58.601745,58.601745,False,1,True,False,False,1,1,58.601745,58.601745,1,1,50.124444,50.124444,1,1,30.359589,30.359589,1,1,8.6437241,8.6437241,1,1,17.600017,17.600017,1,1,20.474085,20.474085,1,1,22.068462,22.068462,1,1,34.953971,34.953971
init,init,-1,,4254,073.Blue_Jay/Blue_Jay_0086_63394.jpg,73,72,073.Blue_Jay,44,43,horizontal_flip,horizontal_flip,0,"{""flipped"":true}",7.2783747,7.1350675,-0.14330721,0.00069030683,0.00079667201,0.0243144,0.032365434,-0.023624093,-0.031568762,-0.0079446689,0.67493289,1.0057795,58.601745,58.940436,False,0.9606781,False,False,False,0.67493289,1.0057795,58.601745,58.940436,0.56111824,0.98022445,50.124444,49.133206,0.96046847,1.0723516,30.359589,32.556153,0.49403103,1.0118951,8.6437241,8.7465424,0.318978,0.89177511,17.600017,15.695257,0.4488233,0.94164069,20.474085,19.279232,0.4605218,0.97104992,22.068462,21.429579,0.69425067,1.0156468,34.953971,35.50089
init,init,-1,,4254,073.Blue_Jay/Blue_Jay_0086_63394.jpg,73,72,073.Blue_Jay,44,43,color_jitter,color_jitter,0,"{""brightness"":0.614738,""contrast"":0.912362,""hue"":0.079837,""saturation"":1.315187}",7.2783747,6.6275206,-0.65085411,0.00069030683,0.0013234408,0.0243144,0.016982676,-0.023624093,-0.015659236,0.0079648573,0.75715141,1.0029405,58.601745,58.774062,False,0.96015871,False,False,False,0.75715141,1.0029405,58.601745,58.774062,0.68697787,1.0171505,50.124444,50.984102,0.95999927,0.96314157,30.359589,29.240583,0.17730384,1.0382419,8.6437241,8.9742764,0.5374266,1.1685405,17.600017,20.566333,0.60413987,1.0795157,20.474085,22.102097,0.66142005,0.99184339,22.068462,21.888458,0.81291993,0.96096596,34.953971,33.589577
init,init,-1,,4254,073.Blue_Jay/Blue_Jay_0086_63394.jpg,73,72,073.Blue_Jay,44,43,rotation,rotation,0,"{""angle"":1.949}",7.2783747,7.0331631,-0.2452116,0.00069030683,0.00088213698,0.0243144,0.022368751,-0.023624093,-0.021486614,0.0021374785,0.81431031,0.97975145,58.601745,57.415145,False,0.97129834,False,False,False,0.81431031,0.97975145,58.601745,57.415145,0.75615878,0.97702495,50.124444,48.972832,0.97123106,0.98714536,30.359589,29.969328,0.5343232,0.87319287,8.6437241,7.5476382,0.59973113,0.95801221,17.600017,16.861031,0.67727917,1.072906,20.474085,21.96677,0.70694752,0.94745825,22.068462,20.908947,0.85893854,0.96483114,34.953971,33.72468
init,init,-1,,4254,073.Blue_Jay/Blue_Jay_0086_63394.jpg,73,72,073.Blue_Jay,44,43,random_resized_crop,random_resized_crop,0,"{""area_fraction"":0.511973,""aspect"":1.019652,""fallback"":false,""height"":0.708594,""left"":0.112088,""top"":0.091473,""width"":0.722519}",7.2783747,7.5054636,0.22708893,0.00069030683,0.00055007078,0.0243144,0.01427133,-0.023624093,-0.013721259,0.0099028337,0.65183023,1.0656218,58.601745,62.447295,False,0.92086273,False,False,False,0.65183023,1.0656218,58.601745,62.447295,0.55676218,1.0753004,50.124444,53.898832,0.92037239,1.0387812,30.359589,31.536972,0.26193324,1.0868377,8.6437241,9.394325,0.43865914,1.0899984,17.600017,19.18399,0.4822158,1.201979,20.474085,24.60942,0.46293691,1.075761,22.068462,23.740391,0.67924681,1.0233789,34.953971,35.771155
init,init,-1,,4254,073.Blue_Jay/Blue_Jay_0086_63394.jpg,73,72,073.Blue_Jay,44,43,gaussian_blur,gaussian_blur,0,"{""sigma"":1.463391}",7.2783747,6.6156921,-0.66268253,0.00069030683,0.0013391873,0.0243144,0.026900269,-0.023624093,-0.025561082,-0.0019369888,0.57925717,1.1111409,58.601745,65.114794,False,0.87892675,False,False,False,0.57925717,1.1111409,58.601745,65.114794,0.47089759,1.1150211,50.124444,55.889814,0.87856842,1.1004942,30.359589,33.410553,0.1876455,0.84788326,8.6437241,7.328869,0.3585719,1.0364178,17.600017,18.240972,0.37290616,1.2678674,20.474085,25.958426,0.37720362,1.1620951,22.068462,25.645652,0.59558284,1.0726245,34.953971,37.492487
init,init,-1,,4254,073.Blue_Jay/Blue_Jay_0086_63394.jpg,73,72,073.Blue_Jay,44,43,random_erasing,random_erasing,0,"{""area_fraction"":0.075901,""erased"":true,""height"":0.330058,""left"":0.124872,""top"":0.522637,""width"":0.229962}",7.2783747,7.3907022,0.11232758,0.00069030683,0.00061696261,0.0243144,0.023950761,-0.023624093,-0.023333799,0.00029029441,0.91550341,1.0654127,58.601745,62.435042,False,0.98109436,False,False,False,0.91550341,1.0654127,58.601745,62.435042,0.89207044,1.0718228,50.124444,53.724522,0.98102119,1.0477402,30.359589,31.808963,0.90311262,0.96468001,8.6437241,8.3384278,0.89175326,1.1687731,17.600017,20.570427,0.8689457,1.0884516,20.474085,22.285051,0.86515318,1.050924,22.068462,23.192277,0.91185943,1.0547189,34.953971,36.866614
init,init,-1,,4526,078.Gray_Kingbird/Gray_Kingbird_0059_795030.jpg,78,77,078.Gray_Kingbird,129,128,identity,identity,0,{},6.3527689,6.3527689,0,0.0017419169,0.0017419169,0.038495522,0.038495522,-0.036753605,-0.036753605,0,1,1,51.651636,51.651636,False,1.0000001,True,False,False,1,1,51.651636,51.651636,1,1,42.003246,42.003246,1,1,30.060253,30.060253,1,1,7.2253078,7.2253078,1,1,13.082744,13.082744,1,1,17.319611,17.319611,1,1,18.070039,18.070039,1,1,30.239282,30.239282
init,init,-1,,4526,078.Gray_Kingbird/Gray_Kingbird_0059_795030.jpg,78,77,078.Gray_Kingbird,129,128,horizontal_flip,horizontal_flip,0,"{""flipped"":true}",6.3527689,6.241642,-0.1111269,0.0017419169,0.0019466561,0.038495522,0.027579851,-0.036753605,-0.025633195,0.01112041,0.63938709,0.98408472,51.651636,50.829586,False,0.96059012,True,False,False,0.63938709,0.98408472,51.651636,50.829586,0.49312447,1.018407,42.003246,42.776402,0.96039821,0.91336209,30.060253,27.455896,0.053023286,1.5602928,7.2253078,11.273596,0.21478935,1.2431189,13.082744,16.263406,0.42658737,1.0105458,17.319611,17.50226,0.37335493,0.96319407,18.070039,17.404955,0.67681593,0.95213177,30.239282,28.791781
init,init,-1,,4526,078.Gray_Kingbird/Gray_Kingbird_0059_795030.jpg,78,77,078.Gray_Kingbird,129,128,color_jitter,color_jitter,0,"{""brightness"":0.736577,""contrast"":1.266857,""hue"":-0.042497,""saturation"":1.039866}",6.3527689,6.2430201,-0.10974884,0.0017419169,0.0019439757,0.038495522,0.034876034,-0.036753605,-0.032932058,0.0038215471,0.85588683,1.0635176,51.651636,54.932427,False,0.97730649,True,False,False,0.85588683,1.0635176,51.651636,54.932427,0.79389745,1.0642897,42.003246,44.703621,0.97717938,1.0620087,30.060253,31.92425,0.64555427,1.0550809,7.2253078,7.6232842,0.6608528,1.2483704,13.082744,16.33211,0.76793553,1.1481173,17.319611,19.884945,0.76700474,1.0442027,18.070039,18.868784,0.85808452,1.0042044,30.239282,30.36642
init,init,-1,,4526,078.Gray_Kingbird/Gray_Kingbird_0059_795030.jpg,78,77,078.Gray_Kingbird,129,128,rotation,rotation,0,"{""angle"":1.440292}",6.3527689,6.4163389,0.063570023,0.0017419169,0.0016346294,0.038495522,0.035418462,-0.036753605,-0.033783833,0.0029697726,0.85843714,1.0035796,51.651636,51.836527,False,0.97504693,True,False,False,0.85843714,1.0035796,51.651636,51.836527,0.79973419,1.0089315,42.003246,42.378399,0.97495707,0.99304704,30.060253,29.851245,0.71614907,1.1317663,7.2253078,8.1773596,0.67377865,1.0735378,13.082744,14.04482,0.76888937,0.98019837,17.319611,16.976655,0.76176933,1.0256474,18.070039,18.533489,0.85561596,0.99214517,30.239282,30.001757
init,init,-1,,4526,078.Gray_Kingbird/Gray_Kingbird_0059_795030.jpg,78,77,078.Gray_Kingbird,129,128,random_resized_crop,random_resized_crop,0,"{""area_fraction"":0.632395,""aspect"":0.818326,""fallback"":false,""height"":0.879085,""left"":0.10483,""top"":0.063318,""width"":0.719378}",6.3527689,6.4027128,0.049943924,0.0017419169,0.0016570556,0.038495522,0.048867848,-0.036753605,-0.047210792,-0.010457187,0.73780225,1.0483086,51.651636,54.146855,False,0.95562351,True,False,False,0.73780225,1.0483086,51.651636,54.146855,0.64094641,1.0892635,42.003246,45.752605,0.95546121,0.96334068,30.060253,28.958265,0.52747984,1.5641104,7.2253078,11.301179,0.4579242,1.1670294,13.082744,15.267948,0.56747533,1.1928682,17.319611,20.660014,0.55374814,1.0739134,18.070039,19.405658,0.75942787,1.0079755,30.239282,30.480457
init,init,-1,,4526,078.Gray_Kingbird/Gray_Kingbird_0059_795030.jpg,78,77,078.Gray_Kingbird,129,128,gaussian_blur,gaussian_blur,0,"{""sigma"":1.992278}",6.3527689,6.8758063,0.52303743,0.0017419169,0.0010324649,0.038495522,0.048707861,-0.036753605,-0.047675397,-0.010921791,0.60384444,1.2384674,51.651636,63.968866,False,0.89981687,True,False,False,0.60384444,1.2384674,51.651636,63.968866,0.4765523,1.2987566,42.003246,54.551995,0.89938156,1.1113685,30.060253,33.408017,0.50459727,1.9497414,7.2253078,14.087482,0.27926326,1.5376657,13.082744,20.116887,0.36615097,1.2076109,17.319611,20.915351,0.4093889,1.4043116,18.070039,25.375965,0.59515121,1.1883817,30.239282,35.935809
init,init,-1,,4526,078.Gray_Kingbird/Gray_Kingbird_0059_795030.jpg,78,77,078.Gray_Kingbird,129,128,random_erasing,random_erasing,0,"{""area_fraction"":0.125685,""erased"":true,""height"":0.466752,""left"":0.038575,""top"":0.125216,""width"":0.269277}",6.3527689,6.2975559,-0.055212975,0.0017419169,0.0018407988,0.038495522,0.061346471,-0.036753605,-0.059505673,-0.022752067,0.81986551,1.0954378,51.651636,56.581155,False,0.94187248,True,False,False,0.81986551,1.0954378,51.651636,56.581155,0.76262927,1.121358,42.003246,47.100676,0.94147321,1.0429749,30.060253,31.352089,0.73257684,1.383858,7.2253078,9.9988003,0.76982438,1.2860558,13.082744,16.825139,0.82544134,1.2279314,17.319611,21.267295,0.71710222,1.1169488,18.070039,20.183309,0.76310145,1.0329932,30.239282,31.236974
init,init,-1,,4356,075.Green_Jay/Green_Jay_0086_65847.jpg,75,74,075.Green_Jay,129,128,identity,identity,0,{},5.1217594,5.1217594,0,0.0059655197,0.0059655197,0.023414072,0.023414072,-0.017448552,-0.017448552,0,1,1,46.105825,46.105825,False,1.0000001,True,False,False,1,1,46.105825,46.105825,1,1,35.930645,35.930645,1,1,28.891795,28.891795,1,1,8.3100076,8.3100076,1,1,11.63771,11.63771,1,1,12.596073,12.596073,1,1,14.693518,14.693518,1,1,26.682546,26.682546
init,init,-1,,4356,075.Green_Jay/Green_Jay_0086_65847.jpg,75,74,075.Green_Jay,129,128,horizontal_flip,horizontal_flip,0,"{""flipped"":true}",5.1217594,5.1876206,0.065861225,0.0059655197,0.0055852798,0.023414072,0.026953995,-0.017448552,-0.021368715,-0.0039201635,0.68492758,0.96504587,46.105825,44.494236,False,0.9619717,True,False,False,0.68492758,0.96504587,46.105825,44.494236,0.50439753,0.9619513,35.930645,34.563531,0.96188776,0.96981251,28.891795,28.019624,0.15555991,0.58823505,8.3100076,4.8882377,0.22721657,0.97697432,11.63771,11.369744,0.31540097,0.91070814,12.596073,11.471347,0.36791368,0.94765207,14.693518,13.924342,0.65713256,1.0028293,26.682546,26.758039
init,init,-1,,4356,075.Green_Jay/Green_Jay_0086_65847.jpg,75,74,075.Green_Jay,129,128,color_jitter,color_jitter,0,"{""brightness"":0.738803,""contrast"":0.722534,""hue"":-0.036834,""saturation"":1.060116}",5.1217594,5.0358148,-0.085944653,0.0059655197,0.0065009003,0.023414072,0.02830046,-0.017448552,-0.02179956,-0.0043510082,0.84551407,1.0985899,46.105825,50.651393,False,0.97500116,True,False,False,0.84551407,1.0985899,46.105825,50.651393,0.76682606,1.1217785,35.930645,40.306225,0.97489075,1.0617293,28.891795,30.675264,0.73174526,0.99212775,8.3100076,8.2445891,0.62153951,1.2693659,11.63771,14.772512,0.62943861,1.2015121,12.596073,15.134334,0.71924413,1.1188332,14.693518,16.439595,0.85368451,1.0856134,26.682546,28.96693
init,init,-1,,4356,075.Green_Jay/Green_Jay_0086_65847.jpg,75,74,075.Green_Jay,129,128,rotation,rotation,0,"{""angle"":-2.368705}",5.1217594,5.0399742,-0.081785202,0.0059655197,0.0064739161,0.023414072,0.021580292,-0.017448552,-0.015106376,0.0023421762,0.80810556,0.98597833,46.105825,45.459344,False,0.96056831,True,False,False,0.80810556,0.98597833,46.105825,45.459344,0.72508989,1.0364027,35.930645,37.238616,0.96050756,0.9024601,28.891795,26.073692,0.58027364,1.2217641,8.3100076,10.152869,0.67324413,1.106814,11.63771,12.88078,0.62106539,1.1494298,12.596073,14.478302,0.66310607,1.0361739,14.693518,15.22504,0.805147,0.97463327,26.682546,26.005697
init,init,-1,,4356,075.Green_Jay/Green_Jay_0086_65847.jpg,75,74,075.Green_Jay,129,128,random_resized_crop,random_resized_crop,0,"{""area_fraction"":0.708648,""aspect"":1.033127,""fallback"":false,""height"":0.828206,""left"":0.140504,""top"":0.02556,""width"":0.855642}",5.1217594,4.9721355,-0.14962387,0.0059655197,0.0069283349,0.023414072,0.028426783,-0.017448552,-0.021498448,-0.0040498963,0.67847918,1.1084039,46.105825,51.103877,False,0.94183731,True,False,False,0.67847918,1.1084039,46.105825,51.103877,0.5255416,1.1495149,35.930645,41.302812,0.94159064,1.0416308,28.891795,30.094584,-0.086043402,0.71654685,8.3100076,5.9545097,0.30488503,1.2775266,11.63771,14.867484,0.35965977,1.2508343,12.596073,15.7556,0.46585523,1.2019431,14.693518,17.660772,0.67759796,1.1176158,26.682546,29.820835
init,init,-1,,4356,075.Green_Jay/Green_Jay_0086_65847.jpg,75,74,075.Green_Jay,129,128,gaussian_blur,gaussian_blur,0,"{""sigma"":1.780914}",5.1217594,5.5392771,0.41751766,0.0059655197,0.0039293654,0.023414072,0.044020467,-0.017448552,-0.040091101,-0.022642549,0.65367279,1.2500624,46.105825,57.635157,False,0.90596759,True,False,False,0.65367279,1.2500624,46.105825,57.635157,0.54075837,1.374405,35.930645,49.38326,0.90557534,1.0285648,28.891795,29.717082,0.4178836,1.5244872,8.3100076,12.6685,0.40722759,1.5202572,11.63771,17.692313,0.42968106,1.747604,12.596073,22.012948,0.53012836,1.5272617,14.693518,22.440847,0.64472867,1.1714615,26.682546,31.257575
init,init,-1,,4356,075.Green_Jay/Green_Jay_0086_65847.jpg,75,74,075.Green_Jay,129,128,random_erasing,random_erasing,0,"{""area_fraction"":0.113043,""erased"":true,""height"":0.324981,""left"":0.019171,""top"":0.19746,""width"":0.347846}",5.1217594,4.9694562,-0.15230322,0.0059655197,0.0069469246,0.023414072,0.028639644,-0.017448552,-0.02169272,-0.0042441678,0.67640143,1.1594213,46.105825,53.456076,False,0.87773174,True,False,False,0.67640143,1.1594213,46.105825,53.456076,0.57187238,1.2356738,35.930645,44.398557,0.87752255,1.0304355,28.891795,29.771131,0.42790186,0.92460013,8.3100076,7.6834341,0.54349817,1.5078433,11.63771,17.547843,0.60793443,1.4742913,12.596073,18.570281,0.50455532,1.2621841,14.693518,18.545925,0.61224531,1.1339481,26.682546,30.256622
init,init,-1,,2372,042.Vermilion_Flycatcher/Vermilion_Flycatcher_0006_42564.jpg,42,41,042.Vermilion_Flycatcher,129,128,identity,identity,0,{},5.8202176,5.8202176,0,0.0029669593,0.0029669593,0.023194335,0.023194335,-0.020227376,-0.020227376,0,1,1,35.921367,35.921367,False,1,True,False,False,1,1,35.921367,35.921367,1,1,28.992113,28.992113,1,1,21.208535,21.208535,1,1,4.1048414,4.1048414,1,1,11.703491,11.703491,1,1,11.304147,11.304147,1,1,11.946147,11.946147,1,1,20.401643,20.401643
init,init,-1,,2372,042.Vermilion_Flycatcher/Vermilion_Flycatcher_0006_42564.jpg,42,41,042.Vermilion_Flycatcher,129,128,horizontal_flip,horizontal_flip,0,"{""flipped"":true}",5.8202176,5.758112,-0.062105656,0.0029669593,0.0031570666,0.023194335,0.02209329,-0.020227376,-0.018936224,0.0012911523,0.71097382,0.98726672,35.921367,35.46397,False,0.97667396,True,False,False,0.71097382,0.98726672,35.921367,35.46397,0.57988312,1.0124954,28.992113,29.354381,0.97668782,0.93830557,21.208535,19.900087,0.62680001,0.96893707,4.1048414,3.977333,0.46255796,0.8901007,11.703491,10.417285,0.56876326,1.1518066,11.304147,13.020191,0.44689223,1.0528088,11.946147,12.577009,0.66847082,0.99204859,20.401643,20.239421
init,init,-1,,2372,042.Vermilion_Flycatcher/Vermilion_Flycatcher_0006_42564.jpg,42,41,042.Vermilion_Flycatcher,129,128,color_jitter,color_jitter,0,"{""brightness"":1.287154,""contrast"":1.381589,""hue"":0.044248,""saturation"":1.366635}",5.8202176,5.9602981,0.14008045,0.0029669593,0.0025791433,0.023194335,0.015995977,-0.020227376,-0.013416834,0.006810542,0.74727799,1.1702474,35.921367,42.036886,False,0.96138775,False,False,False,0.74727799,1.1702474,35.921367,42.036886,0.65179645,1.2282359,28.992113,35.609154,0.96137087,1.0533625,21.208535,22.340275,0.49264103,2.3566659,4.1048414,9.6737397,0.6003067,1.1635716,11.703491,13.61785,0.53240925,1.3015428,11.304147,14.712831,0.6036997,1.2441662,11.946147,14.862992,0.75534062,1.1511992,20.401643,23.486355
init,init,-1,,2372,042.Vermilion_Flycatcher/Vermilion_Flycatcher_0006_42564.jpg,42,41,042.Vermilion_Flycatcher,129,128,rotation,rotation,0,"{""angle"":4.777596}",5.8202176,5.545692,-0.27452564,0.0029669593,0.0039042416,0.023194335,0.0193098,-0.020227376,-0.015405559,0.0048218176,0.74829741,1.0223981,35.921367,36.725937,False,0.94288677,True,False,False,0.74829741,1.0223981,35.921367,36.725937,0.64996503,1.0410431,28.992113,30.182038,0.94290412,0.98661236,21.208535,20.924603,0.69791495,1.1168452,4.1048414,4.5844722,0.62995651,0.93670253,11.703491,10.962689,0.57516926,1.1559824,11.304147,13.067395,0.53394973,0.96625971,11.946147,11.543081,0.71814576,1.0578279,20.401643,21.581427
init,init,-1,,2372,042.Vermilion_Flycatcher/Vermilion_Flycatcher_0006_42564.jpg,42,41,042.Vermilion_Flycatcher,129,128,random_resized_crop,random_resized_crop,0,"{""area_fraction"":0.874723,""aspect"":0.976311,""fallback"":false,""height"":0.946545,""left"":0.06049,""top"":0.007748,""width"":0.924122}",5.8202176,5.8134546,-0.0067629814,0.0029669593,0.0029870938,0.023194335,0.024829116,-0.020227376,-0.021842022,-0.0016146458,0.81402201,1.0658623,35.921367,38.287229,False,0.97461122,True,False,False,0.81402201,1.0658623,35.921367,38.287229,0.73850221,1.1041707,28.992113,32.012241,0.97462929,0.99031145,21.208535,21.003055,0.74369384,1.4179058,4.1048414,5.8202786,0.77483804,1.143275,11.703491,13.380308,0.6497909,1.2692521,11.304147,14.347813,0.62778012,1.078536,11.946147,12.88435,0.80449235,1.0281718,20.401643,20.976394
init,init,-1,,2372,042.Vermilion_Flycatcher/Vermilion_Flycatcher_0006_42564.jpg,42,41,042.Vermilion_Flycatcher,129,128,gaussian_blur,gaussian_blur,0,"{""sigma"":1.048292}",5.8202176,5.805521,-0.014696598,0.0029669593,0.0030108849,0.023194335,0.023717795,-0.020227376,-0.02070691,-0.00047953357,0.76364336,1.0732129,35.921367,38.551276,False,0.95851684,True,False,False,0.76364336,1.0732129,35.921367,38.551276,0.67589741,1.1234671,28.992113,32.571684,0.95854168,0.97236652,21.208535,20.622469,0.64926032,1.6344319,4.1048414,6.7090838,0.60638601,1.0393049,11.703491,12.163495,0.63489348,1.5176914,11.304147,17.156207,0.60109856,1.0153083,11.946147,12.129023,0.76859908,1.0122696,20.401643,20.651962
init,init,-1,,2372,042.Vermilion_Flycatcher/Vermilion_Flycatcher_0006_42564.jpg,42,41,042.Vermilion_Flycatcher,129,128,random_erasing,random_erasing,0,"{""area_fraction"":0.090436,""erased"":true,""height"":0.282237,""left"":0.10772,""top"":0.373263,""width"":0.320427}",5.8202176,5.8897123,0.069494724,0.0029669593,0.0027677738,0.023194335,0.025837477,-0.020227376,-0.023069703,-0.0028423273,0.81016941,1.2836334,35.921367,46.109866,False,0.95527864,True,False,False,0.81016941,1.2836334,35.921367,46.109866,0.7506663,1.3614764,28.992113,39.472078,0.95523103,1.123808,21.208535,23.83432,0.71058645,1.8159408,4.1048414,7.4541487,0.82648857,1.4209302,11.703491,16.629843,0.7821296,1.5941154,11.304147,18.020115,0.7009681,1.3558431,11.946147,16.197101,0.73980857,1.2389025,20.401643,25.275647
init,init,-1,,9117,156.White_eyed_Vireo/White_Eyed_Vireo_0030_159265.jpg,156,155,156.White_eyed_Vireo,129,128,identity,identity,0,{},5.8397264,5.8397264,0,0.0029096385,0.0029096385,0.027344305,0.027344305,-0.024434667,-0.024434667,0,1,1,45.349556,45.349556,False,1,True,False,False,1,1,45.349556,45.349556,1,1,37.521209,37.521209,1,1,25.470396,25.470396,1,1,6.8214748,6.8214748,1,1,15.111862,15.111862,1,1,15.615272,15.615272,1,1,14.843906,14.843906,1,1,25.860432,25.860432
init,init,-1,,9117,156.White_eyed_Vireo/White_Eyed_Vireo_0030_159265.jpg,156,155,156.White_eyed_Vireo,129,128,horizontal_flip,horizontal_flip,0,"{""flipped"":true}",5.8397264,5.5427885,-0.29693794,0.0029096385,0.003915594,0.027344305,0.031661786,-0.024434667,-0.027746192,-0.0033115256,0.61990879,1.0867407,45.349556,49.28321,False,0.95246994,True,False,False,0.61990879,1.0867407,45.349556,49.28321,0.4912752,1.1363891,37.521209,42.638691,0.95239921,0.97029892,25.470396,24.713898,0.18464199,1.1523481,6.8214748,7.8607136,0.44366768,1.0790045,15.111862,16.305767,0.45606857,1.399033,15.615272,21.846281,0.36907428,1.1856973,14.843906,17.600378,0.60471619,1.025538,25.860432,26.520856
init,init,-1,,9117,156.White_eyed_Vireo/White_Eyed_Vireo_0030_159265.jpg,156,155,156.White_eyed_Vireo,129,128,color_jitter,color_jitter,0,"{""brightness"":1.274195,""contrast"":0.892473,""hue"":-0.014029,""saturation"":1.192997}",5.8397264,5.7853136,-0.054412842,0.0029096385,0.0030723475,0.027344305,0.030725492,-0.024434667,-0.027653145,-0.0032184781,0.88015647,1.0439413,45.349556,47.342275,False,0.98505014,True,False,False,0.88015647,1.0439413,45.349556,47.342275,0.83236756,1.0474536,37.521209,39.301724,0.98501693,1.0362784,25.470396,26.394421,0.76612936,1.0541278,6.8214748,7.1907065,0.79068147,0.97932118,15.111862,14.799367,0.80646728,1.0638644,15.615272,16.612533,0.7621612,1.0762242,14.843906,15.97537,0.88411618,1.0538375,25.860432,27.252693
init,init,-1,,9117,156.White_eyed_Vireo/White_Eyed_Vireo_0030_159265.jpg,156,155,156.White_eyed_Vireo,129,128,rotation,rotation,0,"{""angle"":-0.429705}",5.8397264,5.9840198,0.14429331,0.0029096385,0.0025186816,0.027344305,0.024755267,-0.024434667,-0.022236586,0.0021980808,0.88610714,1.0705311,45.349556,48.54811,False,0.99090219,False,False,False,0.88610714,1.0705311,45.349556,48.54811,0.84078369,1.0883923,37.521209,40.837794,0.99088373,1.0307063,25.470396,26.252497,0.86300406,1.2850212,6.8214748,8.76574,0.71089159,1.0694413,15.111862,16.16125,0.82787727,1.108455,15.615272,17.308826,0.80882897,1.1306468,14.843906,16.783214,0.90156382,1.0578879,25.860432,27.357439
init,init,-1,,9117,156.White_eyed_Vireo/White_Eyed_Vireo_0030_159265.jpg,156,155,156.White_eyed_Vireo,129,128,random_resized_crop,random_resized_crop,0,"{""area_fraction"":0.781143,""aspect"":1.252408,""fallback"":false,""height"":0.789755,""left"":0.01,""top"":0.074225,""width"":0.989096}",5.8397264,5.8888702,0.049143791,0.0029096385,0.0027701049,0.027344305,0.030554349,-0.024434667,-0.027784244,-0.0033495771,0.73847837,1.076082,45.349556,48.799839,False,0.96234316,True,False,False,0.73847837,1.076082,45.349556,48.799839,0.64574877,1.1068942,37.521209,41.53201,0.96227907,1.0059748,25.470396,25.622576,0.55368147,1.019436,6.8214748,6.9540568,0.52125505,1.0333097,15.111862,15.615234,0.68018233,1.4095128,15.615272,22.009925,0.53156667,1.0991009,14.843906,16.31495,0.7321853,1.0099222,25.860432,26.117025
init,init,-1,,9117,156.White_eyed_Vireo/White_Eyed_Vireo_0030_159265.jpg,156,155,156.White_eyed_Vireo,129,128,gaussian_blur,gaussian_blur,0,"{""sigma"":1.785054}",5.8397264,5.8903818,0.050655365,0.0029096385,0.0027659202,0.027344305,0.021998299,-0.024434667,-0.019232379,0.0052022876,0.62018759,1.5668218,45.349556,71.054672,False,0.90408641,False,False,False,0.62018759,1.5668218,45.349556,71.054672,0.53280325,1.6974888,37.521209,63.691832,0.90386591,1.236647,25.470396,31.497888,0.35921282,1.8086633,6.8214748,12.337751,0.57375284,1.8137884,15.111862,27.409721,0.49924896,2.1649426,15.615272,33.806168,0.42875211,1.7424407,14.843906,25.864625,0.60947904,1.4162088,25.860432,36.623772
init,init,-1,,9117,156.White_eyed_Vireo/White_Eyed_Vireo_0030_159265.jpg,156,155,156.White_eyed_Vireo,129,128,random_erasing,random_erasing,0,"{""area_fraction"":0.166339,""erased"":true,""height"":0.332281,""left"":0.417138,""top"":0.6177,""width"":0.500599}",5.8397264,5.8482466,0.0085201263,0.0029096385,0.002884954,0.027344305,0.027023932,-0.024434667,-0.024138978,0.00029568863,0.90036194,1.0351367,45.349556,46.942989,False,0.97103035,True,False,False,0.90036194,1.0351367,45.349556,46.942989,0.86993144,1.0522647,37.521209,39.482244,0.9709769,0.99695521,25.470396,25.392844,0.90870571,1.0330938,6.8214748,7.0472234,0.89680184,0.96474371,15.111862,14.579074,0.84638511,1.0463758,15.615272,16.339443,0.81880559,1.0727581,14.843906,15.92392,0.88555144,1.0772567,25.860432,27.858324
init,init,-1,,6481,111.Loggerhead_Shrike/Loggerhead_Shrike_0018_26407.jpg,111,110,111.Loggerhead_Shrike,129,128,identity,identity,0,{},5.3151436,5.3151436,0,0.0049165739,0.0049165739,0.024736442,0.024736442,-0.019819868,-0.019819868,0,1,1,49.465758,49.465758,False,1,True,False,False,1,1,49.465758,49.465758,1,1,40.834985,40.834985,1,1,27.917112,27.917112,1,1,8.6292846,8.6292846,1,1,12.236048,12.236048,1,1,16.567831,16.567831,1,1,18.679404,18.679404,1,1,28.633852,28.633852
init,init,-1,,6481,111.Loggerhead_Shrike/Loggerhead_Shrike_0018_26407.jpg,111,110,111.Loggerhead_Shrike,129,128,horizontal_flip,horizontal_flip,0,"{""flipped"":true}",5.3151436,5.0672746,-0.24786901,0.0049165739,0.0062995651,0.024736442,0.027818834,-0.019819868,-0.021519269,-0.0016994015,0.64007743,1.0326388,49.465758,51.08026,False,0.95660865,True,False,False,0.64007743,1.0326388,49.465758,51.08026,0.50806867,1.0654611,40.834985,43.508087,0.95650284,0.95864677,27.917112,26.762649,-0.029157133,1.238127,8.6292846,10.68415,0.20845931,1.1919923,12.236048,14.585275,0.4705818,1.172133,16.567831,19.419701,0.46055944,1.0057916,18.679404,18.787587,0.67050788,1.0097564,28.633852,28.913216
init,init,-1,,6481,111.Loggerhead_Shrike/Loggerhead_Shrike_0018_26407.jpg,111,110,111.Loggerhead_Shrike,129,128,color_jitter,color_jitter,0,"{""brightness"":0.9561,""contrast"":1.069753,""hue"":-0.094983,""saturation"":0.724416}",5.3151436,5.3660049,0.050861359,0.0049165739,0.0046727615,0.024736442,0.028302129,-0.019819868,-0.023629368,-0.0038095,0.76895019,1.0453054,49.465758,51.706824,False,0.96430218,True,False,False,0.76895019,1.0453054,49.465758,51.706824,0.68419243,1.067085,40.834985,43.5744,0.9642517,0.99711029,27.917112,27.83644,0.45683632,0.86518642,8.6292846,7.4659398,0.3322384,1.2625461,12.236048,15.448575,0.66714021,1.1879521,16.567831,19.68179,0.65592795,1.048716,18.679404,19.589391,0.80775189,1.0080873,28.633852,28.865421
init,init,-1,,6481,111.Loggerhead_Shrike/Loggerhead_Shrike_0018_26407.jpg,111,110,111.Loggerhead_Shrike,129,128,rotation,rotation,0,"{""angle"":1.287645}",5.3151436,5.0959153,-0.21922827,0.0049165739,0.0061216992,0.024736442,0.035268057,-0.019819868,-0.029146358,-0.0093264901,0.77256898,0.95848352,49.465758,47.412114,False,0.96500582,True,False,False,0.77256898,0.95848352,49.465758,47.412114,0.67701155,0.93720694,40.834985,38.270832,0.96487336,1.0024905,27.917112,27.986639,0.24651707,0.91052877,8.6292846,7.8572118,0.4177088,0.88607592,12.236048,10.842068,0.57038519,0.92024965,16.567831,15.24654,0.6386809,0.90621402,18.679404,16.927538,0.80721771,0.96680745,28.633852,27.683421
init,init,-1,,6481,111.Loggerhead_Shrike/Loggerhead_Shrike_0018_26407.jpg,111,110,111.Loggerhead_Shrike,129,128,random_resized_crop,random_resized_crop,0,"{""area_fraction"":0.702209,""aspect"":0.947253,""fallback"":false,""height"":0.860994,""left"":0.114028,""top"":0.133255,""width"":0.815579}",5.3151436,5.3220491,0.0069055557,0.0049165739,0.004882738,0.024736442,0.028492823,-0.019819868,-0.023610085,-0.0037902175,0.69841974,0.91318427,49.465758,45.171352,False,0.94829774,True,False,False,0.69841974,0.91318427,49.465758,45.171352,0.56742532,0.87253949,40.834985,35.630137,0.94820487,0.99458297,27.917112,27.765884,0.51474582,0.78937651,8.6292846,6.8117545,0.33606044,1.0065315,12.236048,12.315968,0.44310795,0.845199,16.567831,14.003114,0.45879042,0.79252118,18.679404,14.803823,0.70213755,0.89460804,28.633852,25.616074
init,init,-1,,6481,111.Loggerhead_Shrike/Loggerhead_Shrike_0018_26407.jpg,111,110,111.Loggerhead_Shrike,129,128,gaussian_blur,gaussian_blur,0,"{""sigma"":1.309323}",5.3151436,5.0257339,-0.28940964,0.0049165739,0.0065667666,0.024736442,0.034467548,-0.019819868,-0.027900781,-0.0080809137,0.62591208,1.1146283,49.465758,55.135934,False,0.90038908,True,False,False,0.62591208,1.1146283,49.465758,55.135934,0.50712081,1.1390452,40.834985,46.512894,0.90001025,1.0605005,27.917112,29.606112,0.028673822,1.0946897,8.6292846,9.4463893,0.34515103,1.4135274,12.236048,17.29599,0.45560462,1.3013134,16.567831,21.55994,0.43031552,1.0511964,18.679404,19.635722,0.65147201,1.061974,28.633852,30.408406
init,init,-1,,6481,111.Loggerhead_Shrike/Loggerhead_Shrike_0018_26407.jpg,111,110,111.Loggerhead_Shrike,129,128,random_erasing,random_erasing,0,"{""area_fraction"":0.106936,""erased"":true,""height"":0.363063,""left"":0.276337,""top"":0.305604,""width"":0.294538}",5.3151436,4.7958565,-0.51928711,0.0049165739,0.0082639204,0.024736442,0.033114135,-0.019819868,-0.024850215,-0.005030347,0.70153256,1.0914098,49.465758,53.987412,False,0.90033138,True,False,False,0.70153256,1.0914098,49.465758,53.987412,0.61587283,1.1157404,40.834985,45.561245,0.89993408,1.0374383,27.917112,28.96228,0.48236822,1.0332338,8.6292846,8.9160687,0.53229608,1.2666877,12.236048,15.499251,0.61359844,1.1102816,16.567831,18.394957,0.55907568,1.0961365,18.679404,20.475176,0.67079359,1.1035539,28.633852,31.598998
init,init,-1,,1855,033.Yellow_billed_Cuckoo/Yellow_Billed_Cuckoo_0010_26795.jpg,33,32,033.Yellow_billed_Cuckoo,183,182,identity,identity,0,{},5.5665174,5.5665174,0,0.0038237737,0.0038237737,0.024648014,0.024648014,-0.020824241,-0.020824241,0,1,1,48.177602,48.177602,False,1,True,False,False,1,1,48.177602,48.177602,1,1,38.997276,38.997276,1,1,28.289466,28.289466,1,1,8.7624872,8.7624872,1,1,12.887307,12.887307,1,1,15.839723,15.839723,1,1,16.685703,16.685703,1,1,27.360814,27.360814
init,init,-1,,1855,033.Yellow_billed_Cuckoo/Yellow_Billed_Cuckoo_0010_26795.jpg,33,32,033.Yellow_billed_Cuckoo,183,182,horizontal_flip,horizontal_flip,0,"{""flipped"":true}",5.5665174,5.2817326,-0.28478479,0.0038237737,0.005083615,0.024648014,0.020889342,-0.020824241,-0.015805727,0.0050185139,0.68780576,1.0111793,48.177602,48.716192,False,0.9568423,False,False,False,0.68780576,1.0111793,48.177602,48.716192,0.54999247,1.0200943,38.997276,39.780898,0.95671303,0.99401786,28.289466,28.120234,0.28861581,0.83728033,8.7624872,7.3366582,0.3738553,0.95801641,12.887307,12.346252,0.51371355,1.0612593,15.839723,16.810053,0.45641184,1.0772874,16.685703,17.975298,0.66030837,1.0145611,27.360814,27.759217
init,init,-1,,1855,033.Yellow_billed_Cuckoo/Yellow_Billed_Cuckoo_0010_26795.jpg,33,32,033.Yellow_billed_Cuckoo,183,182,color_jitter,color_jitter,0,"{""brightness"":0.721065,""contrast"":0.692249,""hue"":-0.011677,""saturation"":1.099953}",5.5665174,5.6981449,0.13162756,0.0038237737,0.0033521792,0.024648014,0.019359969,-0.020824241,-0.016007789,0.0048164513,0.82425207,1.065142,48.177602,51.315987,False,0.9756189,False,False,False,0.82425207,1.065142,48.177602,51.315987,0.75069667,1.0899995,38.997276,42.507009,0.97553259,1.0162316,28.289466,28.748648,0.27296451,0.82324406,8.7624872,7.2136656,0.60581964,1.1824098,12.887307,15.238079,0.73428823,1.2391879,15.839723,19.628394,0.71349331,1.0907675,16.685703,18.200222,0.85374001,1.037677,27.360814,28.391687
init,init,-1,,1855,033.Yellow_billed_Cuckoo/Yellow_Billed_Cuckoo_0010_26795.jpg,33,32,033.Yellow_billed_Cuckoo,183,182,rotation,rotation,0,"{""angle"":-7.28111}",5.5665174,5.6630688,0.096551418,0.0038237737,0.0034718469,0.024648014,0.016037114,-0.020824241,-0.012565267,0.0082589737,0.78557142,0.94514094,48.177602,45.534624,False,0.95898187,False,False,False,0.78557142,0.94514094,48.177602,45.534624,0.70399583,0.9752438,38.997276,38.031851,0.95887234,0.88512009,28.289466,25.039574,0.76621363,1.0266682,8.7624872,8.9961673,0.7158557,0.99195468,12.887307,12.783625,0.63050907,0.98317518,15.839723,15.573222,0.60229545,1.0121089,16.685703,16.887748,0.76077665,0.94910255,27.360814,25.968218
init,init,-1,,1855,033.Yellow_billed_Cuckoo/Yellow_Billed_Cuckoo_0010_26795.jpg,33,32,033.Yellow_billed_Cuckoo,183,182,random_resized_crop,random_resized_crop,0,"{""area_fraction"":0.85669,""aspect"":0.960739,""fallback"":false,""height"":0.944298,""left"":0.010998,""top"":0.021635,""width"":0.907224}",5.5665174,5.4858103,-0.080707073,0.0038237737,0.0041451757,0.024648014,0.01900102,-0.020824241,-0.014855844,0.0059683963,0.80699671,0.95407204,48.177602,45.964903,False,0.97212923,False,False,False,0.80699671,0.95407204,48.177602,45.964903,0.72220234,0.96159627,38.997276,37.499635,0.97204368,0.93960783,28.289466,26.581003,0.56802429,0.93694353,8.7624872,8.2099557,0.5866951,0.94209519,12.887307,12.14107,0.69785381,1.0231562,15.839723,16.20651,0.68958487,0.99119768,16.685703,16.53883,0.79106044,0.93555171,27.360814,25.597456
init,init,-1,,1855,033.Yellow_billed_Cuckoo/Yellow_Billed_Cuckoo_0010_26795.jpg,33,32,033.Yellow_billed_Cuckoo,183,182,gaussian_blur,gaussian_blur,0,"{""sigma"":1.15281}",5.5665174,5.2540884,-0.31242895,0.0038237737,0.0052261082,0.024648014,0.018555092,-0.020824241,-0.013328983,0.0074952573,0.70449114,0.96304677,48.177602,46.397284,False,0.92115974,False,False,False,0.70449114,0.96304677,48.177602,46.397284,0.61264232,1.0172004,38.997276,39.668045,0.92101691,0.85069202,28.289466,24.065623,0.4937425,0.60322764,8.7624872,5.2857745,0.45056646,0.93405991,12.887307,12.037517,0.63334381,1.2583513,15.839723,19.931935,0.58640844,1.1278918,16.685703,18.819668,0.67539084,0.93127335,27.360814,25.480396
init,init,-1,,1855,033.Yellow_billed_Cuckoo/Yellow_Billed_Cuckoo_0010_26795.jpg,33,32,033.Yellow_billed_Cuckoo,183,182,random_erasing,random_erasing,0,"{""area_fraction"":0.186988,""erased"":true,""height"":0.335199,""left"":0.020989,""top"":0.326936,""width"":0.557842}",5.5665174,5.5658898,-0.0006275177,0.0038237737,0.0038261744,0.024648014,0.024031166,-0.020824241,-0.020204992,0.00061924919,0.7081707,1.0805162,48.177602,52.056678,False,0.92100507,True,False,False,0.7081707,1.0805162,48.177602,52.056678,0.60338991,1.1027567,38.997276,43.004508,0.92081972,1.036939,28.289466,29.334451,0.48425649,1.1406692,8.7624872,9.9950989,0.46594464,1.0518551,12.887307,13.555581,0.45959815,1.0593861,15.839723,16.780383,0.53888223,1.1091091,16.685703,18.506265,0.71407938,1.1215538,27.360814,30.686623
init,init,-1,,7482,128.Seaside_Sparrow/Seaside_Sparrow_0001_120720.jpg,128,127,128.Seaside_Sparrow,4,3,identity,identity,0,{},5.2320051,5.2320051,0,0.005342803,0.005342803,0.03873942,0.03873942,-0.033396618,-0.033396618,0,1,1,47.980015,47.980015,False,0.99999994,True,False,False,1,1,47.980015,47.980015,1,1,39.090588,39.090588,1,1,27.820994,27.820994,1,1,4.5844326,4.5844326,1,1,10.360248,10.360248,1,1,15.083638,15.083638,1,1,17.601192,17.601192,1,1,29.366719,29.366719
init,init,-1,,7482,128.Seaside_Sparrow/Seaside_Sparrow_0001_120720.jpg,128,127,128.Seaside_Sparrow,4,3,horizontal_flip,horizontal_flip,0,"{""flipped"":true}",5.2320051,5.1558647,-0.076140404,0.005342803,0.0057654926,0.03873942,0.025714753,-0.033396618,-0.019949261,0.013447357,0.65583866,1.0187367,47.980015,48.879003,False,0.95616728,False,False,False,0.65583866,1.0187367,47.980015,48.879003,0.50984216,1.0319839,39.090588,40.340857,0.95601151,0.99206454,27.820994,27.600222,0.038800145,1.2247773,4.5844326,5.6149089,0.12087164,1.1143187,10.360248,11.544618,0.27087971,1.018095,15.083638,15.356576,0.37929597,1.0702367,17.601192,18.837442,0.69196775,1.0054936,29.366719,29.528049
init,init,-1,,7482,128.Seaside_Sparrow/Seaside_Sparrow_0001_120720.jpg,128,127,128.Seaside_Sparrow,4,3,color_jitter,color_jitter,0,"{""brightness"":0.890408,""contrast"":1.033862,""hue"":0.036693,""saturation"":1.046441}",5.2320051,5.2933378,0.061332703,0.005342803,0.0050249579,0.03873942,0.032348212,-0.033396618,-0.027323254,0.0060733636,0.93218496,1.0023142,47.980015,48.091051,False,0.98934948,True,False,False,0.93218496,1.0023142,47.980015,48.091051,0.90406219,1.0105671,39.090588,39.503662,0.98929158,0.98581827,27.820994,27.426444,0.76575713,1.1363703,4.5844326,5.209613,0.81454568,1.0926093,10.360248,11.319703,0.87370375,1.0589651,15.083638,15.973046,0.8838661,1.0182464,17.601192,17.922351,0.9378368,0.98039138,29.366719,28.790879
init,init,-1,,7482,128.Seaside_Sparrow/Seaside_Sparrow_0001_120720.jpg,128,127,128.Seaside_Sparrow,4,3,rotation,rotation,0,"{""angle"":9.156972}",5.2320051,4.9705114,-0.26149368,0.005342803,0.006939597,0.03873942,0.033738475,-0.033396618,-0.026798878,0.0065977392,0.69984107,1.0982172,47.980015,52.692478,False,0.91524118,True,False,False,0.69984107,1.0982172,47.980015,52.692478,0.5914865,1.1003472,39.090588,43.013218,0.91500751,1.094,27.820994,30.436167,0.34112222,1.1955864,4.5844326,5.4810854,0.43674717,1.2729162,10.360248,13.187728,0.53404449,1.1769716,15.083638,17.753013,0.52045783,1.1018735,17.601192,19.394288,0.66737638,1.0522449,29.366719,30.900981
init,init,-1,,7482,128.Seaside_Sparrow/Seaside_Sparrow_0001_120720.jpg,128,127,128.Seaside_Sparrow,4,3,random_resized_crop,random_resized_crop,0,"{""area_fraction"":0.781862,""aspect"":0.89283,""fallback"":false,""height"":0.935795,""left"":0.157267,""top"":0.046524,""width"":0.835506}",5.2320051,5.032505,-0.19950008,0.005342803,0.0065224501,0.03873942,0.028878979,-0.033396618,-0.022356529,0.011040088,0.73345784,0.9726379,47.980015,46.667181,False,0.93543792,False,False,False,0.73345784,0.9726379,47.980015,46.667181,0.63303262,0.97826784,39.090588,38.241065,0.93526779,0.96142629,27.820994,26.747835,0.36826148,1.2572262,4.5844326,5.7636687,0.4693877,1.0734224,10.360248,11.120922,0.57593617,1.0427028,15.083638,15.727752,0.57319524,0.9815696,17.601192,17.276795,0.70615275,0.93852724,29.366719,27.561466
init,init,-1,,7482,128.Seaside_Sparrow/Seaside_Sparrow_0001_120720.jpg,128,127,128.Seaside_Sparrow,4,3,gaussian_blur,gaussian_blur,0,"{""sigma"":1.374457}",5.2320051,4.7539687,-0.4780364,0.005342803,0.0086174281,0.03873942,0.023155726,-0.033396618,-0.014538298,0.018858319,0.62740985,1.0885557,47.980015,52.228919,False,0.86748016,False,False,False,0.62740985,1.0885557,47.980015,52.228919,0.52720106,1.1444441,39.090588,44.736994,0.86721423,0.96879882,27.820994,26.952947,0.24311969,1.4692627,4.5844326,6.7357359,0.22919037,1.4197001,10.360248,14.708445,0.51288028,1.5193607,15.083638,22.917487,0.50989577,1.1839344,17.601192,20.838657,0.62809668,0.95116465,29.366719,27.932586
init,init,-1,,7482,128.Seaside_Sparrow/Seaside_Sparrow_0001_120720.jpg,128,127,128.Seaside_Sparrow,4,3,random_erasing,random_erasing,0,"{""area_fraction"":0.125524,""erased"":true,""height"":0.362677,""left"":0.453309,""top"":0.49597,""width"":0.346103}",5.2320051,5.4700003,0.23799515,0.005342803,0.0042112307,0.03873942,0.036328655,-0.033396618,-0.032117424,0.0012791934,0.82255529,1.0808469,47.980015,51.859052,False,0.96218908,True,False,False,0.82255529,1.0808469,47.980015,51.859052,0.75231651,1.0829959,39.090588,42.334948,0.96205773,1.0765917,27.820994,29.951852,0.52931104,0.92634553,4.5844326,4.2467687,0.5707525,1.0794395,10.360248,11.18326,0.67326917,1.1483886,15.083638,17.321877,0.72586619,1.0252824,17.601192,18.046194,0.8112013,1.0893682,29.366719,31.99117
init,init,-1,,641,012.Yellow_headed_Blackbird/Yellow_Headed_Blackbird_0087_8358.jpg,12,11,012.Yellow_headed_Blackbird,129,128,identity,identity,0,{},5.252501,5.252501,0,0.005234411,0.005234411,0.023467066,0.023467066,-0.018232655,-0.018232655,0,1,1,51.383181,51.383181,False,1,True,False,False,1,1,51.383181,51.383181,1,1,44.21921,44.21921,1,1,26.170456,26.170456,1,1,7.7799575,7.7799575,1,1,16.000382,16.000382,1,1,21.992921,21.992921,1,1,18.971021,18.971021,1,1,28.199474,28.199474
init,init,-1,,641,012.Yellow_headed_Blackbird/Yellow_Headed_Blackbird_0087_8358.jpg,12,11,012.Yellow_headed_Blackbird,129,128,horizontal_flip,horizontal_flip,0,"{""flipped"":true}",5.252501,5.4624009,0.2098999,0.005234411,0.0042433552,0.023467066,0.015406177,-0.018232655,-0.011162822,0.0070698326,0.67640984,0.96675794,51.383181,49.675098,False,0.95171303,False,False,False,0.67640984,0.96675794,51.383181,49.675098,0.58334565,0.97510079,44.21921,43.118186,0.95157615,0.9425332,26.170456,24.666523,0.51174946,1.1789305,7.7799575,9.172029,0.51592114,0.96120013,16.000382,15.379569,0.61955031,0.96707003,21.992921,21.268694,0.471313,1.0013671,18.971021,18.996955,0.64403216,0.95501798,28.199474,26.931005
init,init,-1,,641,012.Yellow_headed_Blackbird/Yellow_Headed_Blackbird_0087_8358.jpg,12,11,012.Yellow_headed_Blackbird,129,128,color_jitter,color_jitter,0,"{""brightness"":0.646251,""contrast"":0.67665,""hue"":-0.037565,""saturation"":0.62912}",5.252501,5.458869,0.20636797,0.005234411,0.00425837,0.023467066,0.024175374,-0.018232655,-0.019917004,-0.001684349,0.74027011,1.1223153,51.383181,57.668128,False,0.91559511,True,False,False,0.74027011,1.1223153,51.383181,57.668128,0.69199469,1.1698673,44.21921,51.730609,0.91548306,0.9738619,26.170456,25.48641,0.65120011,1.8541045,7.7799575,14.424854,0.63583932,1.3390079,16.000382,21.424638,0.74789518,1.161553,21.992921,25.545942,0.63112695,1.1423762,18.971021,21.672041,0.72907492,1.0559548,28.199474,29.777371
init,init,-1,,641,012.Yellow_headed_Blackbird/Yellow_Headed_Blackbird_0087_8358.jpg,12,11,012.Yellow_headed_Blackbird,129,128,rotation,rotation,0,"{""angle"":-8.910438}",5.252501,5.2656069,0.013105869,0.005234411,0.0051662549,0.023467066,0.01995044,-0.018232655,-0.014784185,0.0034484696,0.71311538,1.128258,51.383181,57.973484,False,0.92146784,False,False,False,0.71311538,1.128258,51.383181,57.973484,0.6422481,1.1360922,44.21921,50.237098,0.92121793,1.1055863,26.170456,28.933698,0.48349,0.99073357,7.7799575,7.7078651,0.56962469,1.1627076,16.000382,18.603766,0.64213647,1.0823061,21.992921,23.803072,0.58795139,1.1848924,18.971021,22.478617,0.70301224,1.1471065,28.199474,32.347801
init,init,-1,,641,012.Yellow_headed_Blackbird/Yellow_Headed_Blackbird_0087_8358.jpg,12,11,012.Yellow_headed_Blackbird,129,128,random_resized_crop,random_resized_crop,0,"{""area_fraction"":0.574686,""aspect"":1.312369,""fallback"":false,""height"":0.66174,""left"":0.051684,""top"":0.199023,""width"":0.868447}",5.252501,5.6638131,0.4113121,0.005234411,0.0034692634,0.023467066,0.018057654,-0.018232655,-0.01458839,0.0036442645,0.67462301,1.0643601,51.383181,54.690205,False,0.92887592,False,False,False,0.67462301,1.0643601,51.383181,54.690205,0.5936322,1.087132,44.21921,48.072118,0.92881724,0.99648761,26.170456,26.078535,0.34427487,1.2726065,7.7799575,9.9008243,0.54076162,1.1019997,16.000382,17.632417,0.60619934,1.0179526,21.992921,22.387751,0.51715659,1.1713331,18.971021,22.221384,0.66683346,1.0679781,28.199474,30.116421
init,init,-1,,641,012.Yellow_headed_Blackbird/Yellow_Headed_Blackbird_0087_8358.jpg,12,11,012.Yellow_headed_Blackbird,129,128,gaussian_blur,gaussian_blur,0,"{""sigma"":1.323292}",5.252501,5.6206884,0.36818743,0.005234411,0.0036221461,0.023467066,0.018486556,-0.018232655,-0.01486441,0.0033682452,0.71203781,1.0786265,51.383181,55.423259,False,0.93089461,False,False,False,0.71203781,1.0786265,51.383181,55.423259,0.63764813,1.0864568,44.21921,48.042261,0.93076783,1.0559518,26.170456,27.634739,-0.011856975,1.047735,7.7799575,8.1513339,0.50541803,1.154984,16.000382,18.480185,0.66950941,1.0862122,21.992921,23.888978,0.60547054,1.1267597,18.971021,21.375781,0.73069488,1.0474643,28.199474,29.537943
init,init,-1,,641,012.Yellow_headed_Blackbird/Yellow_Headed_Blackbird_0087_8358.jpg,12,11,012.Yellow_headed_Blackbird,129,128,random_erasing,random_erasing,0,"{""area_fraction"":0.105227,""erased"":true,""height"":0.230591,""left"":0.076587,""top"":0.647622,""width"":0.456336}",5.252501,5.3148813,0.062380314,0.005234411,0.004917861,0.023467066,0.018746976,-0.018232655,-0.013829115,0.0044035399,0.7964819,1.1307137,51.383181,58.099664,False,0.92592704,False,False,False,0.7964819,1.1307137,51.383181,58.099664,0.75358264,1.1446434,44.21921,50.615225,0.92581683,1.0899658,26.170456,28.524901,0.73235076,1.1934983,7.7799575,9.2853658,0.75875319,1.2007514,16.000382,19.212481,0.79794125,1.1309134,21.992921,24.872089,0.71038924,1.1718853,18.971021,22.231859,0.74741308,1.1178508,28.199474,31.522804
init,init,-1,,3930,068.Ruby_throated_Hummingbird/Ruby_Throated_Hummingbird_0119_57575.jpg,68,67,068.Ruby_throated_Hummingbird,114,113,identity,identity,0,{},5.1268806,5.1268806,0,0.0059350478,0.0059350478,0.023227284,0.023227284,-0.017292236,-0.017292236,0,1,1,53.388611,53.388611,False,0.99999994,True,False,False,1,1,53.388611,53.388611,1,1,45.910607,45.910607,1,1,27.249954,27.249954,1,1,5.771955,5.771955,1,1,18.768721,18.768721,1,1,17.515777,17.515777,1,1,21.036106,21.036106,1,1,31.191076,31.191076
init,init,-1,,3930,068.Ruby_throated_Hummingbird/Ruby_Throated_Hummingbird_0119_57575.jpg,68,67,068.Ruby_throated_Hummingbird,114,113,horizontal_flip,horizontal_flip,0,"{""flipped"":true}",5.1268806,4.8281875,-0.29869318,0.0059350478,0.0080010109,0.023227284,0.030219043,-0.017292236,-0.022218032,-0.0049257958,0.59479346,1.0922561,53.388611,58.314034,False,0.93763113,True,False,False,0.59479346,1.0922561,53.388611,58.314034,0.47298027,1.0896851,45.910607,50.028106,0.93748928,1.099521,27.249954,29.961896,0.29242073,1.2510287,5.771955,7.2208815,0.37347284,1.0793205,18.768721,20.257466,0.3980091,1.1665888,17.515777,20.433709,0.33385721,1.0955665,21.036106,23.046452,0.60924638,1.0592716,31.191076,33.039823
init,init,-1,,3930,068.Ruby_throated_Hummingbird/Ruby_Throated_Hummingbird_0119_57575.jpg,68,67,068.Ruby_throated_Hummingbird,114,113,color_jitter,color_jitter,0,"{""brightness"":1.301436,""contrast"":1.175443,""hue"":0.071539,""saturation"":1.255174}",5.1268806,5.2896471,0.16276646,0.0059350478,0.0050435397,0.023227284,0.023956189,-0.017292236,-0.018912649,-0.0016204133,0.68272029,0.82474256,53.388611,44.03186,False,0.918226,True,False,False,0.68272029,0.82474256,53.388611,44.03186,0.59720943,0.81780637,45.910607,37.545987,0.91813041,0.84412073,27.249954,23.002251,0.2530454,1.2845572,5.771955,7.4144063,0.31451432,0.66494248,18.768721,12.48012,0.53369348,0.83049149,17.515777,14.546704,0.5637469,0.78171796,21.036106,16.444302,0.73511661,0.85844974,31.191076,26.775971
init,init,-1,,3930,068.Ruby_throated_Hummingbird/Ruby_Throated_Hummingbird_0119_57575.jpg,68,67,068.Ruby_throated_Hummingbird,114,113,rotation,rotation,0,"{""angle"":-10.579459}",5.1268806,4.7512255,-0.37565517,0.0059350478,0.0086410968,0.023227284,0.020023881,-0.017292236,-0.011382784,0.0059094522,0.64981698,1.0271338,53.388611,54.837245,False,0.92346877,False,False,False,0.64981698,1.0271338,53.388611,54.837245,0.55393148,1.0284419,45.910607,47.21639,0.92333505,1.0234116,27.249954,27.887919,0.10525128,1.3899659,5.771955,8.0228208,0.47315021,1.0974422,18.768721,20.597587,0.48017956,1.1465523,17.515777,20.082755,0.49442118,1.0014685,21.036106,21.066998,0.67026598,0.9584015,31.191076,29.893575
init,init,-1,,3930,068.Ruby_throated_Hummingbird/Ruby_Throated_Hummingbird_0119_57575.jpg,68,67,068.Ruby_throated_Hummingbird,114,113,random_resized_crop,random_resized_crop,0,"{""area_fraction"":0.515589,""aspect"":1.181244,""fallback"":false,""height"":0.660666,""left"":0.16863,""top"":0.162342,""width"":0.780408}",5.1268806,4.6997118,-0.42716885,0.0059350478,0.0090978974,0.023227284,0.013012714,-0.017292236,-0.0039148163,0.01337742,0.63646307,0.99260291,53.388611,52.993691,False,0.89770162,False,False,False,0.63646307,0.99260291,53.388611,52.993691,0.5498222,1.0067873,45.910607,46.222216,0.89754229,0.95118832,27.249954,25.919838,0.219112,1.0415787,5.771955,6.0119454,0.60850686,0.96183108,18.768721,18.052339,0.44048534,1.079048,17.515777,18.900365,0.44699655,1.034268,21.036106,21.756971,0.62883007,0.98497786,31.191076,30.72252
init,init,-1,,3930,068.Ruby_throated_Hummingbird/Ruby_Throated_Hummingbird_0119_57575.jpg,68,67,068.Ruby_throated_Hummingbird,114,113,gaussian_blur,gaussian_blur,0,"{""sigma"":1.967916}",5.1268806,4.8170786,-0.30980206,0.0059350478,0.008090388,0.023227284,0.010525282,-0.017292236,-0.0024348944,0.014857342,0.46902319,0.9729503,53.388611,51.944465,False,0.73598838,False,False,False,0.46902319,0.9729503,53.388611,51.944465,0.39671451,1.0227167,45.910607,46.953542,0.73591612,0.81530188,27.249954,22.216939,0.15741876,1.2465242,5.771955,7.1948814,0.44801525,1.0057694,18.768721,18.877004,0.2474131,1.323738,17.515777,23.186299,0.32628078,0.99984423,21.036106,21.032829,0.49935658,0.91613442,31.191076,28.575219
init,init,-1,,3930,068.Ruby_throated_Hummingbird/Ruby_Throated_Hummingbird_0119_57575.jpg,68,67,068.Ruby_throated_Hummingbird,114,113,random_erasing,random_erasing,0,"{""area_fraction"":0.091862,""erased"":true,""height"":0.252717,""left"":0.105142,""top"":0.099341,""width"":0.363497}",5.1268806,5.2200475,0.093166828,0.0059350478,0.0054070731,0.023227284,0.025113307,-0.017292236,-0.019706234,-0.0024139979,0.91581633,1.0496082,53.388611,56.037123,False,0.98884076,True,False,False,0.91581633,1.0496082,53.388611,56.037123,0.88998171,1.0482985,45.910607,48.128021,0.98880718,1.0533169,27.249954,28.702836,0.82350048,1.1147162,5.771955,6.4340919,0.78936875,1.0610669,18.768721,19.914868,0.80970375,1.0344547,17.515777,18.119278,0.90790665,1.0324371,21.036106,21.718456,0.94615184,1.052788,31.191076,32.83759
init,init,-1,,2088,037.Acadian_Flycatcher/Acadian_Flycatcher_0008_795599.jpg,37,36,037.Acadian_Flycatcher,129,128,identity,identity,0,{},5.0970612,5.0970612,0,0.0061146924,0.0061146924,0.032148536,0.032148536,-0.026033844,-0.026033844,0,1,1,44.86299,44.86299,False,1,True,False,False,1,1,44.86299,44.86299,1,1,38.331076,38.331076,1,1,23.311295,23.311295,1,1,4.2249364,4.2249364,1,1,13.174239,13.174239,1,1,16.290156,16.290156,1,1,17.602868,17.602868,1,1,26.50718,26.50718
init,init,-1,,2088,037.Acadian_Flycatcher/Acadian_Flycatcher_0008_795599.jpg,37,36,037.Acadian_Flycatcher,129,128,horizontal_flip,horizontal_flip,0,"{""flipped"":true}",5.0970612,5.0610237,-0.036037445,0.0061146924,0.0063390667,0.032148536,0.048066154,-0.026033844,-0.041727087,-0.015693244,0.63031989,1.0254157,44.86299,46.003214,False,0.95525521,True,False,False,0.63031989,1.0254157,44.86299,46.003214,0.50522106,1.0135438,38.331076,38.850223,0.95509707,1.0568471,23.311295,24.636474,0.5155156,1.1791968,4.2249364,4.9820313,0.34411511,1.1548443,13.174239,15.214195,0.36570937,0.90156902,16.290156,14.6867,0.40490868,0.95979331,17.602868,16.895115,0.63922488,1.0344691,26.50718,27.420857
init,init,-1,,2088,037.Acadian_Flycatcher/Acadian_Flycatcher_0008_795599.jpg,37,36,037.Acadian_Flycatcher,129,128,color_jitter,color_jitter,0,"{""brightness"":1.100519,""contrast"":1.018656,""hue"":-0.048767,""saturation"":0.687883}",5.0970612,5.2011805,0.1041193,0.0061146924,0.0055100559,0.032148536,0.036341805,-0.026033844,-0.030831749,-0.0047979052,0.86273415,1.0632642,44.86299,47.701212,False,0.97390586,True,False,False,0.86273415,1.0632642,44.86299,47.701212,0.82223603,1.0673754,38.331076,40.913646,0.97389072,1.0520682,23.311295,24.525073,0.74313666,1.2975291,4.2249364,5.481978,0.72035142,1.2208822,13.174239,16.084194,0.80135364,1.0988942,16.290156,17.901158,0.82315735,0.97770725,17.602868,17.210451,0.86626974,1.0458385,26.50718,27.722228
init,init,-1,,2088,037.Acadian_Flycatcher/Acadian_Flycatcher_0008_795599.jpg,37,36,037.Acadian_Flycatcher,129,128,rotation,rotation,0,"{""angle"":-0.995329}",5.0970612,4.941926,-0.15513515,0.0061146924,0.007140832,0.032148536,0.031349219,-0.026033844,-0.024208387,0.0018254565,0.85189258,1.0081281,44.86299,45.227641,False,0.98206663,True,False,False,0.85189258,1.0081281,44.86299,45.227641,0.80165208,0.99465923,38.331076,38.126359,0.98206169,1.0436749,23.311295,24.329413,0.65369713,1.0749517,4.2249364,4.5416025,0.68078509,1.0098762,13.174239,13.304351,0.74901404,0.99887682,16.290156,16.271859,0.7816955,0.96650591,17.602868,17.013276,0.86448793,0.99938197,26.50718,26.490798
init,init,-1,,2088,037.Acadian_Flycatcher/Acadian_Flycatcher_0008_795599.jpg,37,36,037.Acadian_Flycatcher,129,128,random_resized_crop,random_resized_crop,0,"{""area_fraction"":0.858501,""aspect"":1.056328,""fallback"":false,""height"":0.901511,""left"":0.040043,""top"":0.041968,""width"":0.952291}",5.0970612,4.7905273,-0.30653381,0.0061146924,0.0083080754,0.032148536,0.029043125,-0.026033844,-0.02073505,0.0052987942,0.7943446,0.99565069,44.86299,44.667867,False,0.97153401,True,False,False,0.7943446,0.99565069,44.86299,44.667867,0.72537853,0.9799864,38.331076,37.563933,0.97149894,1.036819,23.311295,24.169594,0.56428951,1.0838975,4.2249364,4.5793979,0.53636972,1.0106196,13.174239,13.314144,0.71933856,1.0336753,16.290156,16.838731,0.68152504,0.93048974,17.602868,16.379288,0.80064338,0.96991395,26.50718,25.709683
init,init,-1,,2088,037.Acadian_Flycatcher/Acadian_Flycatcher_0008_795599.jpg,37,36,037.Acadian_Flycatcher,129,128,gaussian_blur,gaussian_blur,0,"{""sigma"":1.681399}",5.0970612,5.0186863,-0.078374863,0.0061146924,0.0066132103,0.032148536,0.039672822,-0.026033844,-0.033059611,-0.0070257676,0.61573392,1.2580214,44.86299,56.438602,False,0.90954745,True,False,False,0.61573392,1.2580214,44.86299,56.438602,0.51049666,1.2682132,38.331076,48.611976,0.9093123,1.2300425,23.311295,28.673884,0.011568493,1.6938258,4.2249364,7.1563061,0.16887853,1.4170381,13.174239,18.668399,0.48453713,1.3861008,16.290156,22.579798,0.48474545,1.2450401,17.602868,21.916276,0.65798759,1.1769138,26.50718,31.196665
init,init,-1,,2088,037.Acadian_Flycatcher/Acadian_Flycatcher_0008_795599.jpg,37,36,037.Acadian_Flycatcher,129,128,random_erasing,random_erasing,0,"{""area_fraction"":0.052258,""erased"":true,""height"":0.332168,""left"":0.445242,""top"":0.456442,""width"":0.157325}",5.0970612,5.0832119,-0.013849258,0.0061146924,0.0061999625,0.032148536,0.037092179,-0.026033844,-0.030892217,-0.0048583727,0.83304567,1.096691,44.86299,49.200836,False,0.9736259,True,False,False,0.83304567,1.096691,44.86299,49.200836,0.77853432,1.0802628,38.331076,41.407636,0.97358365,1.139924,23.311295,26.573105,0.73473726,0.91580085,4.2249364,3.8692003,0.72229387,1.0147248,13.174239,13.368228,0.73421909,1.1341008,16.290156,18.47468,0.7681357,1.0334226,17.602868,18.191202,0.81523607,1.0990263,26.50718,29.132087
init,init,-1,,3431,060.Glaucous_winged_Gull/Glaucous_Winged_Gull_0078_44461.jpg,60,59,060.Glaucous_winged_Gull,140,139,identity,identity,0,{},5.112637,5.112637,0,0.0060201865,0.0060201865,0.015934557,0.015934557,-0.0099143703,-0.0099143703,0,1,1,40.895939,40.895939,False,1,True,False,False,1,1,40.895939,40.895939,1,1,35.303953,35.303953,1,1,20.642401,20.642401,1,1,10.530682,10.530682,1,1,10.919798,10.919798,1,1,14.7469,14.7469,1,1,14.394851,14.394851,1,1,24.321781,24.321781
init,init,-1,,3431,060.Glaucous_winged_Gull/Glaucous_Winged_Gull_0078_44461.jpg,60,59,060.Glaucous_winged_Gull,140,139,horizontal_flip,horizontal_flip,0,"{""flipped"":true}",5.112637,4.9816809,-0.13095617,0.0060201865,0.0068625184,0.015934557,0.015000372,-0.0099143703,-0.0081378538,0.0017765164,0.64765449,1.0929017,40.895939,44.695243,False,0.95544934,False,False,False,0.64765449,1.0929017,40.895939,44.695243,0.54641033,1.1031064,35.303953,38.944016,0.95545728,1.0624906,20.642401,21.932357,0.56339373,0.88249557,10.530682,9.2932803,0.25784982,1.4554462,10.919798,15.893178,0.57181556,1.093074,14.7469,16.119453,0.4744296,1.1022851,14.394851,15.86723,0.6485061,1.0611221,24.321781,25.80838
init,init,-1,,3431,060.Glaucous_winged_Gull/Glaucous_Winged_Gull_0078_44461.jpg,60,59,060.Glaucous_winged_Gull,140,139,color_jitter,color_jitter,0,"{""brightness"":0.675156,""contrast"":0.924171,""hue"":-0.080251,""saturation"":1.340116}",5.112637,5.2568173,0.1441803,0.0060201865,0.0052118679,0.015934557,0.014053902,-0.0099143703,-0.0088420338,0.0010723365,0.69091897,1.0762814,40.895939,44.015539,False,0.92061186,True,False,False,0.69091897,1.0762814,40.895939,44.015539,0.61836174,1.0954711,35.303953,38.67446,0.92069031,1.0180773,20.642401,21.015561,-0.086906905,0.79229408,10.530682,8.3433971,0.46930643,1.2916864,10.919798,14.104955,0.57731196,1.1312642,14.7469,16.682641,0.67170551,1.1520779,14.394851,16.58399,0.75594153,1.0672697,24.321781,25.957901
init,init,-1,,3431,060.Glaucous_winged_Gull/Glaucous_Winged_Gull_0078_44461.jpg,60,59,060.Glaucous_winged_Gull,140,139,rotation,rotation,0,"{""angle"":-11.362423}",5.112637,5.3147759,0.2021389,0.0060201865,0.0049183806,0.015934557,0.0080292188,-0.0099143703,-0.0031108381,0.0068035321,0.60506534,1.1921124,40.895939,48.752558,False,0.87025094,False,False,False,0.60506534,1.1921124,40.895939,48.752558,0.51297181,1.1872346,35.303953,41.914075,0.87024582,1.2062669,20.642401,24.900245,0.23320385,1.0500678,10.530682,11.057931,0.25778867,1.3820036,10.919798,15.0912,0.50468385,1.1258359,14.7469,16.60259,0.48970538,1.2938908,14.394851,18.625365,0.63802801,1.151391,24.321781,28.003881
init,init,-1,,3431,060.Glaucous_winged_Gull/Glaucous_Winged_Gull_0078_44461.jpg,60,59,060.Glaucous_winged_Gull,140,139,random_resized_crop,random_resized_crop,0,"{""area_fraction"":0.746666,""aspect"":1.068071,""fallback"":false,""height"":0.836109,""left"":0.105119,""top"":0.146881,""width"":0.893025}",5.112637,5.0427489,-0.069888115,0.0060201865,0.006455977,0.015934557,0.012261141,-0.0099143703,-0.0058051641,0.0041092061,0.72004498,1.0545197,40.895939,43.125572,False,0.95631635,False,False,False,0.72004498,1.0545197,40.895939,43.125572,0.63634313,1.04428,35.303953,36.867212,0.95628924,1.0839156,20.642401,22.37462,0.77724677,0.71095249,10.530682,7.4868147,0.54607314,1.2475322,10.919798,13.622799,0.54981458,1.0744777,14.7469,15.845216,0.56384099,1.0766585,14.394851,15.498339,0.70885715,1.0289446,24.321781,25.025765
init,init,-1,,3431,060.Glaucous_winged_Gull/Glaucous_Winged_Gull_0078_44461.jpg,60,59,060.Glaucous_winged_Gull,140,139,gaussian_blur,gaussian_blur,0,"{""sigma"":1.78055}",5.112637,5.6271634,0.51452637,0.0060201865,0.0035987692,0.015934557,0.010936872,-0.0099143703,-0.0073381029,0.0025762673,0.59864994,1.3384919,40.895939,54.738881,False,0.87614524,False,False,False,0.59864994,1.3384919,40.895939,54.738881,0.51817605,1.3840272,35.303953,48.861632,0.87614814,1.195385,20.642401,24.675617,0.21818389,1.215673,10.530682,12.801866,0.38036691,1.824318,10.919798,19.921184,0.50278043,1.6382026,14.7469,24.15841,0.51387527,1.4382901,14.394851,20.703972,0.64749703,1.1733639,24.321781,28.538299
init,init,-1,,3431,060.Glaucous_winged_Gull/Glaucous_Winged_Gull_0078_44461.jpg,60,59,060.Glaucous_winged_Gull,140,139,random_erasing,random_erasing,0,"{""area_fraction"":0.137179,""erased"":true,""height"":0.296525,""left"":0.323879,""top"":0.395559,""width"":0.462621}",5.112637,5.3790574,0.26642036,0.0060201865,0.0046121674,0.015934557,0.012347202,-0.0099143703,-0.0077350345,0.0021793358,0.47024618,1.2290211,40.895939,50.261971,False,0.78160161,False,False,False,0.47024618,1.2290211,40.895939,50.261971,0.36985423,1.2462706,35.303953,43.998278,0.78172364,1.1771162,20.642401,24.298505,0.52305101,1.1040252,10.530682,11.626138,0.23380611,1.8034628,10.919798,19.693449,0.2300222,1.1897035,14.7469,17.544438,0.32521973,1.2271349,14.394851,17.664423,0.46425449,1.1578279,24.321781,28.160438
init,init,-1,,2718,048.European_Goldfinch/European_Goldfinch_0041_794645.jpg,48,47,048.European_Goldfinch,86,85,identity,identity,0,{},6.1334028,6.1334028,0,0.0021691862,0.0021691862,0.017043762,0.017043762,-0.014874576,-0.014874576,0,1,1,41.220286,41.220286,False,1,True,False,False,1,1,41.220286,41.220286,1,1,34.375013,34.375013,1,1,22.747978,22.747978,1,1,4.4087227,4.4087227,1,1,11.92274,11.92274,1,1,14.448549,14.448549,1,1,13.297948,13.297948,1,1,25.188429,25.188429
init,init,-1,,2718,048.European_Goldfinch/European_Goldfinch_0041_794645.jpg,48,47,048.European_Goldfinch,86,85,horizontal_flip,horizontal_flip,0,"{""flipped"":true}",6.1334028,5.9376845,-0.19571829,0.0021691862,0.0026381309,0.017043762,0.015790889,-0.014874576,-0.013152758,0.0017218175,0.7136787,0.92158134,41.220286,37.987847,False,0.96934152,True,False,False,0.7136787,0.92158134,41.220286,37.987847,0.60346631,0.92587828,34.375013,31.827078,0.96932329,0.91169338,22.747978,20.739181,0.5858922,0.85513405,4.4087227,3.7700489,0.41259212,0.81405783,11.92274,9.7057995,0.62597983,0.89952475,14.448549,12.996828,0.42799003,0.97010519,13.297948,12.900408,0.68520359,0.94718497,25.188429,23.858101
init,init,-1,,2718,048.European_Goldfinch/European_Goldfinch_0041_794645.jpg,48,47,048.European_Goldfinch,86,85,color_jitter,color_jitter,0,"{""brightness"":0.818905,""contrast"":1.34595,""hue"":-0.03487,""saturation"":1.254492}",6.1334028,5.9912543,-0.14214849,0.0021691862,0.0025005257,0.017043762,0.014531408,-0.014874576,-0.012030882,0.0028436938,0.82505287,0.98251478,41.220286,40.499541,False,0.94593638,True,False,False,0.82505287,0.98251478,41.220286,40.499541,0.77255221,0.98495688,34.375013,33.857905,0.94594405,0.97691536,22.747978,22.222849,0.45996021,0.85722915,4.4087227,3.7792857,0.62330464,0.82170766,11.92274,9.7970064,0.75364078,0.97545049,14.448549,14.093845,0.68558035,1.023988,13.297948,13.616939,0.84122707,1.0137589,25.188429,25.534994
init,init,-1,,2718,048.European_Goldfinch/European_Goldfinch_0041_794645.jpg,48,47,048.European_Goldfinch,86,85,rotation,rotation,0,"{""angle"":9.044545}",6.1334028,6.2660923,0.13268948,0.0021691862,0.0018996373,0.017043762,0.016408158,-0.014874576,-0.014508521,0.00036605448,0.72997337,1.0982446,41.220286,45.269955,False,0.94106001,False,False,False,0.72997337,1.0982446,41.220286,45.269955,0.62472882,1.0400992,34.375013,35.753423,0.94092949,1.2206797,22.747978,27.767996,0.30979276,0.83418405,4.4087227,3.6776862,0.55556723,0.84346991,11.92274,10.056472,0.52922424,0.92447007,14.448549,13.357251,0.47081547,1.117238,13.297948,14.856972,0.71938526,1.0977126,25.188429,27.649655
init,init,-1,,2718,048.European_Goldfinch/European_Goldfinch_0041_794645.jpg,48,47,048.European_Goldfinch,86,85,random_resized_crop,random_resized_crop,0,"{""area_fraction"":0.643748,""aspect"":1.026977,""fallback"":false,""height"":0.791731,""left"":0.167373,""top"":0.11258,""width"":0.813089}",6.1334028,6.458046,0.32464314,0.0021691862,0.0015678559,0.017043762,0.01670867,-0.014874576,-0.015140814,-0.00026623858,0.73937025,1.1969645,41.220286,49.339218,False,0.94665331,False,False,False,0.73937025,1.1969645,41.220286,49.339218,0.64030323,1.1581494,34.375013,39.811399,0.94640267,1.2811976,22.747978,29.144656,0.58256267,1.4637494,4.4087227,6.4532653,0.47926032,1.1920111,11.92274,14.212038,0.59647379,1.1005185,14.448549,15.900896,0.51477494,1.1715241,13.297948,15.578867,0.73006689,1.1545904,25.188429,29.082319
init,init,-1,,2718,048.European_Goldfinch/European_Goldfinch_0041_794645.jpg,48,47,048.European_Goldfinch,86,85,gaussian_blur,gaussian_blur,0,"{""sigma"":1.089097}",6.1334028,6.3409967,0.20759392,0.0021691862,0.0017625449,0.017043762,0.016436106,-0.014874576,-0.014673561,0.00020101492,0.77287653,1.2489336,41.220286,51.481403,False,0.9556728,True,False,False,0.77287653,1.2489336,41.220286,51.481403,0.70437111,1.2947326,34.375013,44.506451,0.95562091,1.1374595,22.747978,25.874903,0.57214426,1.2092088,4.4087227,5.3310661,0.61992625,1.3806733,11.92274,16.461409,0.71777123,1.5950005,14.448549,23.045444,0.59902425,1.3911551,13.297948,18.499507,0.77670161,1.1285789,25.188429,28.42713
init,init,-1,,2718,048.European_Goldfinch/European_Goldfinch_0041_794645.jpg,48,47,048.European_Goldfinch,86,85,random_erasing,random_erasing,0,"{""area_fraction"":0.114244,""erased"":true,""height"":0.20215,""left"":0.218909,""top"":0.707093,""width"":0.565147}",6.1334028,6.192338,0.058935165,0.0021691862,0.0020450393,0.017043762,0.012125331,-0.014874576,-0.010080292,0.004794284,0.91985161,1.0603366,41.220286,43.707379,False,0.98219037,False,False,False,0.91985161,1.0603366,41.220286,43.707379,0.89416601,1.0755653,34.375013,36.972569,0.98217653,1.024714,22.747978,23.310172,0.92320256,1.0810668,4.4087227,4.7661238,0.89706318,1.0627202,11.92274,12.670537,0.89506896,1.1199796,14.448549,16.182081,0.85719247,1.0870055,13.297948,14.454943,0.90324008,1.0600234,25.188429,26.700325
init,init,-1,,415,008.Rhinoceros_Auklet/Rhinoceros_Auklet_0010_797545.jpg,8,7,008.Rhinoceros_Auklet,129,128,identity,identity,0,{},4.2015238,4.2015238,0,0.014972746,0.014972746,0.021192838,0.021192838,-0.0062200911,-0.0062200911,0,1,1,51.290473,51.290473,False,1,True,False,False,1,1,51.290473,51.290473,1,1,43.867268,43.867268,1,1,26.577724,26.577724,1,1,7.244222,7.244222,1,1,14.185416,14.185416,1,1,18.376707,18.376707,1,1,19.633229,19.633229,1,1,30.780926,30.780926
init,init,-1,,415,008.Rhinoceros_Auklet/Rhinoceros_Auklet_0010_797545.jpg,8,7,008.Rhinoceros_Auklet,129,128,horizontal_flip,horizontal_flip,0,"{""flipped"":true}",4.2015238,4.2877221,0.08619833,0.014972746,0.01373618,0.021192838,0.017881084,-0.0062200911,-0.0041449042,0.0020751869,0.66633761,0.97865419,51.290473,50.195637,False,0.94409597,False,False,False,0.66633761,0.97865419,51.290473,50.195637,0.55696513,0.9579303,43.867268,42.021785,0.94399961,1.0330042,26.577724,27.4549,0.62921987,0.91924879,7.244222,6.6592424,0.51691002,0.93918559,14.185416,13.322738,0.52014529,0.91219476,18.376707,16.763135,0.41827891,0.88755891,19.633229,17.425648,0.6244312,1.0062437,30.780926,30.973112
init,init,-1,,415,008.Rhinoceros_Auklet/Rhinoceros_Auklet_0010_797545.jpg,8,7,008.Rhinoceros_Auklet,129,128,color_jitter,color_jitter,0,"{""brightness"":0.910831,""contrast"":1.366581,""hue"":-0.07527,""saturation"":1.292852}",4.2015238,4.4935136,0.2919898,0.014972746,0.011181288,0.021192838,0.014787628,-0.0062200911,-0.0036063399,0.0026137512,0.66571428,1.0748998,51.290473,55.132121,False,0.89963239,False,False,False,0.66571428,1.0748998,51.290473,55.132121,0.57860954,1.0703319,43.867268,46.952535,0.89937652,1.0872467,26.577724,28.896542,0.050816887,1.2453266,7.244222,9.0214224,0.18011166,1.1565607,14.185416,16.406294,0.48534426,1.0855508,18.376707,19.948849,0.58021841,1.0380069,19.633229,20.379427,0.74162974,1.048053,30.780926,32.260043
init,init,-1,,415,008.Rhinoceros_Auklet/Rhinoceros_Auklet_0010_797545.jpg,8,7,008.Rhinoceros_Auklet,129,128,rotation,rotation,0,"{""angle"":2.547446}",4.2015238,4.4953003,0.29377651,0.014972746,0.011161326,0.021192838,0.020994335,-0.0062200911,-0.009833009,-0.0036129178,0.76695627,0.98412101,51.290473,50.476032,False,0.94845158,False,False,False,0.76695627,0.98412101,51.290473,50.476032,0.6988683,0.97797494,43.867268,42.901089,0.94838372,1.0006729,26.577724,26.595609,0.53777103,0.95276739,7.244222,6.9020585,0.552628,0.96056167,14.185416,13.625967,0.63184599,0.99660585,18.376707,18.314333,0.63531485,0.97478793,19.633229,19.138235,0.7882992,0.9776091,30.780926,30.091714
init,init,-1,,415,008.Rhinoceros_Auklet/Rhinoceros_Auklet_0010_797545.jpg,8,7,008.Rhinoceros_Auklet,129,128,random_resized_crop,random_resized_crop,0,"{""area_fraction"":0.514534,""aspect"":0.971506,""fallback"":false,""height"":0.727753,""left"":0.181892,""top"":0.120986,""width"":0.707017}",4.2015238,4.6091375,0.40761375,0.014972746,0.0099604074,0.021192838,0.02068582,-0.0062200911,-0.010725413,-0.0045053214,0.61084035,1.132923,51.290473,58.108157,False,0.93653256,False,False,False,0.61084035,1.132923,51.290473,58.108157,0.492937,1.1369858,43.867268,49.876463,0.93643202,1.1217801,26.577724,29.814363,-0.11274822,1.383419,7.244222,10.021794,0.24678842,1.3965492,14.185416,19.810631,0.27868528,1.144937,18.376707,21.040171,0.44837682,1.0473782,19.633229,20.563416,0.70437483,1.0917114,30.780926,33.603887
init,init,-1,,415,008.Rhinoceros_Auklet/Rhinoceros_Auklet_0010_797545.jpg,8,7,008.Rhinoceros_Auklet,129,128,gaussian_blur,gaussian_blur,0,"{""sigma"":1.96853}",4.2015238,4.1222639,-0.079259872,0.014972746,0.016207777,0.021192838,0.013761475,-0.0062200911,0.0024463022,0.0086663933,0.54778557,1.3439782,51.290473,68.933276,False,0.89834565,False,False,False,0.54778557,1.3439782,51.290473,68.933276,0.45158909,1.4214277,43.867268,62.35415,0.89811334,1.1058033,26.577724,29.389735,0.27878362,2.4587051,7.244222,17.811406,0.21570112,1.8204164,14.185416,25.823363,0.25361802,1.7066538,18.376707,31.362676,0.47366062,1.265824,19.633229,24.852213,0.66875136,1.1725737,30.780926,36.092905
init,init,-1,,415,008.Rhinoceros_Auklet/Rhinoceros_Auklet_0010_797545.jpg,8,7,008.Rhinoceros_Auklet,129,128,random_erasing,random_erasing,0,"{""area_fraction"":0.13192,""erased"":true,""height"":0.238572,""left"":0.167804,""top"":0.322921,""width"":0.552955}",4.2015238,4.7906847,0.58916092,0.014972746,0.0083067697,0.021192838,0.027553743,-0.0062200911,-0.019246973,-0.013026882,0.4661891,1.1332226,51.290473,58.123525,False,0.78727865,True,False,False,0.4661891,1.1332226,51.290473,58.123525,0.34811186,1.1324252,43.867268,49.676401,0.7870206,1.1353921,26.577724,30.176139,-0.169451,1.3054148,7.244222,9.4567144,0.094915784,1.4290266,14.185416,20.271336,0.27004723,1.0832927,18.376707,19.907351,0.37662962,1.0268431,19.633229,20.160246,0.47126332,1.1087051,30.780926,34.126971
init,init,-1,,9953,170.Mourning_Warbler/Mourning_Warbler_0020_166440.jpg,170,169,170.Mourning_Warbler,129,128,identity,identity,0,{},5.739747,5.739747,0,0.0032155812,0.0032155812,0.023106307,0.023106307,-0.019890726,-0.019890726,0,1,1,45.509724,45.509724,False,1,True,False,False,1,1,45.509724,45.509724,1,1,37.230515,37.230515,1,1,26.172958,26.172958,1,1,4.563022,4.563022,1,1,12.725825,12.725825,1,1,14.898321,14.898321,1,1,16.057193,16.057193,1,1,26.898886,26.898886
init,init,-1,,9953,170.Mourning_Warbler/Mourning_Warbler_0020_166440.jpg,170,169,170.Mourning_Warbler,129,128,horizontal_flip,horizontal_flip,0,"{""flipped"":true}",5.739747,5.8157835,0.076036453,0.0032155812,0.0029801456,0.023106307,0.018864712,-0.019890726,-0.015884566,0.0040061595,0.64297362,0.97408435,45.509724,44.33031,False,0.96256357,True,False,False,0.64297362,0.97408435,45.509724,44.33031,0.49341563,0.99053116,37.230515,36.877985,0.96249202,0.93992515,26.172958,24.600621,0.38735377,1.0676064,4.563022,4.8715115,0.14501272,0.98654176,12.725825,12.554557,0.44687735,1.0372711,14.898321,15.453598,0.4068574,0.97450472,16.057193,15.64781,0.62128289,0.98005086,26.898886,26.362276
init,init,-1,,9953,170.Mourning_Warbler/Mourning_Warbler_0020_166440.jpg,170,169,170.Mourning_Warbler,129,128,color_jitter,color_jitter,0,"{""brightness"":1.31575,""contrast"":0.673232,""hue"":0.021052,""saturation"":0.745744}",5.739747,5.7548003,0.015053272,0.0032155812,0.0031675394,0.023106307,0.02729087,-0.019890726,-0.02412333,-0.0042326045,0.87253878,1.048905,45.509724,47.735376,False,0.98467445,True,False,False,0.87253878,1.048905,45.509724,47.735376,0.82258612,1.0769036,37.230515,40.093677,0.98463979,0.98983145,26.172958,25.906817,0.46635921,0.99623461,4.563022,4.5458405,0.67952065,1.2069093,12.725825,15.358916,0.81210187,1.1930262,14.898321,17.774087,0.80928068,1.0825891,16.057193,17.383342,0.88501437,1.0064015,26.898886,27.071078
init,init,-1,,9953,170.Mourning_Warbler/Mourning_Warbler_0020_166440.jpg,170,169,170.Mourning_Warbler,129,128,rotation,rotation,0,"{""angle"":14.715056}",5.739747,5.6399345,-0.099812508,0.0032155812,0.0035531018,0.023106307,0.020143298,-0.019890726,-0.016590197,0.003300529,0.68038133,1.0990306,45.509724,50.01658,False,0.92689592,True,False,False,0.68038133,1.0990306,45.509724,50.01658,0.5623658,1.1099075,37.230515,41.322427,0.92676048,1.0766858,26.172958,28.180051,0.21941436,1.5969925,4.563022,7.2871119,0.46824065,1.0981411,12.725825,13.974751,0.52953182,1.1271071,14.898321,16.792004,0.48901925,1.0893382,16.057193,17.491714,0.63578053,1.0973081,26.898886,29.516366
init,init,-1,,9953,170.Mourning_Warbler/Mourning_Warbler_0020_166440.jpg,170,169,170.Mourning_Warbler,129,128,random_resized_crop,random_resized_crop,0,"{""area_fraction"":0.678633,""aspect"":1.131904,""fallback"":false,""height"":0.774306,""left"":0.094935,""top"":0.121826,""width"":0.87644}",5.739747,5.9295435,0.18979645,0.0032155812,0.002659695,0.023106307,0.029695274,-0.019890726,-0.027035579,-0.0071448537,0.7668422,1.0946368,45.509724,49.816621,False,0.96564656,True,False,False,0.7668422,1.0946368,45.509724,49.816621,0.6686391,1.0945947,37.230515,40.752323,0.96552812,1.0947222,26.172958,28.652118,0.76589591,1.7651661,4.563022,8.0544917,0.5891301,1.2367421,12.725825,15.738563,0.59389184,1.1512321,14.898321,17.151427,0.59899796,1.0649801,16.057193,17.100591,0.74375499,1.0259389,26.898886,27.596613
init,init,-1,,9953,170.Mourning_Warbler/Mourning_Warbler_0020_166440.jpg,170,169,170.Mourning_Warbler,129,128,gaussian_blur,gaussian_blur,0,"{""sigma"":1.614283}",5.739747,6.2706575,0.53091049,0.0032155812,0.0018909848,0.023106307,0.023124443,-0.019890726,-0.021233459,-0.0013427329,0.63986506,1.3405675,45.509724,61.008855,False,0.91694725,False,False,False,0.63986506,1.3405675,45.509724,61.008855,0.52990495,1.4162178,37.230515,52.726518,0.91667114,1.1726581,26.172958,30.691932,0.61066138,1.8427691,4.563022,8.4085961,0.4487856,1.6994931,12.725825,21.627451,0.40403657,1.5908343,14.898321,23.70076,0.49447179,1.450605,16.057193,23.292644,0.62356027,1.2537615,26.898886,33.724788
init,init,-1,,9953,170.Mourning_Warbler/Mourning_Warbler_0020_166440.jpg,170,169,170.Mourning_Warbler,129,128,random_erasing,random_erasing,0,"{""area_fraction"":0.158009,""erased"":true,""height"":0.648248,""left"":0.094171,""top"":0.018721,""width"":0.243747}",5.739747,5.6603112,-0.079435825,0.0032155812,0.003481434,0.023106307,0.027761122,-0.019890726,-0.024279688,-0.0043889626,0.81859106,1.1453638,45.509724,52.125188,False,0.97447252,True,False,False,0.81859106,1.1453638,45.509724,52.125188,0.74902825,1.1770947,37.230515,43.82384,0.97440882,1.0783054,26.172958,28.222442,0.47990185,1.9234989,4.563022,8.7769679,0.55845212,1.3595599,12.725825,17.301521,0.71087986,1.1869784,14.898321,17.683986,0.73759639,1.1296421,16.057193,18.138882,0.83881808,1.1167793,26.898886,30.04012
init,init,-1,,2684,047.American_Goldfinch/American_Goldfinch_0045_31974.jpg,47,46,047.American_Goldfinch,8,7,identity,identity,0,{},6.3678961,6.3678961,0,0.0017157652,0.0017157652,0.020400032,0.020400032,-0.018684267,-0.018684267,0,1,1,48.737857,48.737857,False,1,True,False,False,1,1,48.737857,48.737857,1,1,40.222764,40.222764,1,1,27.522863,27.522863,1,1,7.2723893,7.2723893,1,1,11.843429,11.843429,1,1,16.27467,16.27467,1,1,18.076756,18.076756,1,1,28.863165,28.863165
init,init,-1,,2684,047.American_Goldfinch/American_Goldfinch_0045_31974.jpg,47,46,047.American_Goldfinch,8,7,horizontal_flip,horizontal_flip,0,"{""flipped"":true}",6.3678961,6.2194548,-0.14844131,0.0017157652,0.0019903302,0.020400032,0.018935746,-0.018684267,-0.016945415,0.0017388518,0.63406263,0.98943152,48.737857,48.222772,False,0.9661088,True,False,False,0.63406263,0.98943152,48.737857,48.222772,0.47376275,0.97935969,40.222764,39.392554,0.96605323,1.0106067,27.522863,27.814789,-0.053122479,1.0557953,7.2723893,7.6781543,0.12293362,0.96635423,11.843429,11.444948,0.1946101,0.93218086,16.27467,15.170936,0.3373243,0.98933673,18.076756,17.883998,0.70509968,0.98716706,28.863165,28.492766
init,init,-1,,2684,047.American_Goldfinch/American_Goldfinch_0045_31974.jpg,47,46,047.American_Goldfinch,8,7,color_jitter,color_jitter,0,"{""brightness"":0.815566,""contrast"":0.739083,""hue"":0.065335,""saturation"":0.701782}",6.3678961,5.7365918,-0.63130426,0.0017157652,0.003225744,0.020400032,0.024022356,-0.018684267,-0.020796612,-0.0021123445,0.65492233,1.1500305,48.737857,56.050023,False,0.89754349,True,False,False,0.65492233,1.1500305,48.737857,56.050023,0.5688081,1.2228791,40.222764,49.187579,0.89736622,0.97640787,27.522863,26.87354,0.20232338,1.3434041,7.2723893,9.7697575,0.3518347,1.5280176,11.843429,18.096969,0.538618,1.3949498,16.27467,22.702348,0.52365182,1.3151512,18.076756,23.773666,0.70009557,1.0485199,28.863165,30.263603
init,init,-1,,2684,047.American_Goldfinch/American_Goldfinch_0045_31974.jpg,47,46,047.American_Goldfinch,8,7,rotation,rotation,0,"{""angle"":12.746468}",6.3678961,6.4578762,0.089980125,0.0017157652,0.0015681231,0.020400032,0.017162973,-0.018684267,-0.01559485,0.0030894172,0.67976001,1.0409619,48.737857,50.734251,False,0.92467707,True,False,False,0.67976001,1.0409619,48.737857,50.734251,0.57531989,1.0681766,40.222764,42.965015,0.92456643,0.98031046,27.522863,26.98095,0.41332343,1.3762164,7.2723893,10.008381,0.25099789,1.2008567,11.843429,14.222261,0.53009456,1.1545802,16.27467,18.790411,0.50620596,1.0374165,18.076756,18.753124,0.70362246,1.0034215,28.863165,28.961922
init,init,-1,,2684,047.American_Goldfinch/American_Goldfinch_0045_31974.jpg,47,46,047.American_Goldfinch,8,7,random_resized_crop,random_resized_crop,0,"{""area_fraction"":0.560008,""aspect"":0.951696,""fallback"":false,""height"":0.767093,""left"":0.01506,""top"":0.078005,""width"":0.730039}",6.3678961,6.2575274,-0.11036873,0.0017157652,0.0019159771,0.020400032,0.015321858,-0.018684267,-0.013405881,0.0052783861,0.69708421,1.0057571,48.737857,49.018445,False,0.93581384,False,False,False,0.69708421,1.0057571,48.737857,49.018445,0.60240136,1.0483746,40.222764,42.168524,0.93567585,0.90806215,27.522863,24.99247,0.57714842,1.6860493,7.2723893,12.261607,0.35213984,1.1982188,11.843429,14.19102,0.58156733,1.0678384,16.27467,17.378719,0.51289251,1.0627707,18.076756,19.211447,0.71665803,0.95220614,28.863165,27.483683
init,init,-1,,2684,047.American_Goldfinch/American_Goldfinch_0045_31974.jpg,47,46,047.American_Goldfinch,8,7,gaussian_blur,gaussian_blur,0,"{""sigma"":1.931479}",6.3678961,5.7969303,-0.57096577,0.0017157652,0.0030368618,0.020400032,0.018126568,-0.018684267,-0.015089706,0.0035945611,0.4952845,0.96796124,48.737857,47.176357,False,0.86650705,True,False,False,0.4952845,0.96796124,48.737857,47.176357,0.37917503,1.0549297,40.222764,42.43219,0.86636429,0.74913675,27.522863,20.618388,0.10161452,1.0648452,7.2723893,7.7439688,-0.0098704112,1.2169137,11.843429,14.412432,0.31686953,1.2670129,16.27467,20.620217,0.30981208,1.2694911,18.076756,22.94828,0.58682448,0.83510118,28.863165,24.103664
init,init,-1,,2684,047.American_Goldfinch/American_Goldfinch_0045_31974.jpg,47,46,047.American_Goldfinch,8,7,random_erasing,random_erasing,0,"{""area_fraction"":0.06963,""erased"":true,""height"":0.337495,""left"":0.537757,""top"":0.576253,""width"":0.206314}",6.3678961,6.4330211,0.065124989,0.0017157652,0.0016075867,0.020400032,0.015475905,-0.018684267,-0.013868318,0.0048159494,0.86775157,1.0357358,48.737857,50.479543,False,0.9745096,False,False,False,0.86775157,1.0357358,48.737857,50.479543,0.81669948,1.0279608,40.222764,41.347423,0.97443962,1.0521492,27.522863,28.958156,0.73481769,0.99699524,7.2723893,7.2505375,0.74303033,0.9737791,11.843429,11.532884,0.80721097,0.95108236,16.27467,15.478552,0.77023337,0.99562735,18.076756,17.997712,0.85417486,1.0737698,28.863165,30.992394
init,init,-1,,4006,069.Rufous_Hummingbird/Rufous_Hummingbird_0113_59444.jpg,69,68,069.Rufous_Hummingbird,38,37,identity,identity,0,{},5.4773626,5.4773626,0,0.004180341,0.004180341,0.020964772,0.020964772,-0.01678443,-0.01678443,0,1,1,50.157369,50.157369,False,1,True,False,False,1,1,50.157369,50.157369,1,1,41.728344,41.728344,1,1,27.829964,27.829964,1,1,7.2037887,7.2037887,1,1,13.935396,13.935396,1,1,16.777258,16.777258,1,1,19.262861,19.262861,1,1,29.028101,29.028101
init,init,-1,,4006,069.Rufous_Hummingbird/Rufous_Hummingbird_0113_59444.jpg,69,68,069.Rufous_Hummingbird,38,37,horizontal_flip,horizontal_flip,0,"{""flipped"":true}",5.4773626,5.8970413,0.41967869,0.004180341,0.0027475627,0.020964772,0.014531891,-0.01678443,-0.011784328,0.0050001023,0.64415003,1.0611338,50.157369,53.22368,False,0.94985509,False,False,False,0.64415003,1.0611338,50.157369,53.22368,0.5102134,1.0658554,41.728344,44.47638,0.94973388,1.0504413,27.829964,29.233744,0.31199972,0.99804581,7.2037887,7.1897111,0.25242052,1.0078111,13.935396,14.044246,0.38637643,1.172348,16.777258,19.668786,0.43000106,1.0374876,19.262861,19.98498,0.66000918,1.0578567,29.028101,30.707572
init,init,-1,,4006,069.Rufous_Hummingbird/Rufous_Hummingbird_0113_59444.jpg,69,68,069.Rufous_Hummingbird,38,37,color_jitter,color_jitter,0,"{""brightness"":1.139658,""contrast"":1.321413,""hue"":0.071493,""saturation"":0.965011}",5.4773626,5.8542109,0.37684822,0.004180341,0.0028677974,0.020964772,0.014726423,-0.01678443,-0.011858625,0.0049258051,0.72744059,1.0816137,50.157369,54.250897,False,0.93000913,False,False,False,0.72744059,1.0816137,50.157369,54.250897,0.64949724,1.120184,41.728344,46.743423,0.92985711,0.98942471,27.829964,27.535654,0.6532196,1.1739711,7.2037887,8.4570396,0.63496991,1.3244486,13.935396,18.456715,0.6442395,1.2732569,16.777258,21.36176,0.57593453,1.1367805,19.262861,21.897644,0.7024723,0.99662,29.028101,28.929986
init,init,-1,,4006,069.Rufous_Hummingbird/Rufous_Hummingbird_0113_59444.jpg,69,68,069.Rufous_Hummingbird,38,37,rotation,rotation,0,"{""angle"":2.115161}",5.4773626,5.6673956,0.19003296,0.004180341,0.0034568566,0.020964772,0.019813031,-0.01678443,-0.016356174,0.00042825611,0.80157401,1.0738774,50.157369,53.862865,False,0.96293509,True,False,False,0.80157401,1.0738774,50.157369,53.862865,0.73524136,1.0960583,41.728344,45.7367,0.96284735,1.0222542,27.829964,28.449297,0.63732566,1.0613443,7.2037887,7.6457001,0.63364175,1.1697324,13.935396,16.300684,0.71466451,1.182888,16.777258,19.845617,0.68496852,1.0848027,19.262861,20.896405,0.79954941,1.0546059,29.028101,30.613207
init,init,-1,,4006,069.Rufous_Hummingbird/Rufous_Hummingbird_0113_59444.jpg,69,68,069.Rufous_Hummingbird,38,37,random_resized_crop,random_resized_crop,0,"{""area_fraction"":0.593303,""aspect"":0.79477,""fallback"":false,""height"":0.864007,""left"":0.06297,""top"":0.036256,""width"":0.686687}",5.4773626,5.5065022,0.029139519,0.004180341,0.0040602842,0.020964772,0.017781436,-0.01678443,-0.013721152,0.0030632783,0.69061703,1.030196,50.157369,51.671922,False,0.93182421,True,False,False,0.69061703,1.030196,50.157369,51.671922,0.58650453,1.0392371,41.728344,43.365642,0.9317633,1.0095743,27.829964,28.096416,0.41151588,1.2689082,7.2037887,9.1409463,0.57563849,1.2447757,13.935396,17.346441,0.58383669,1.1198688,16.777258,18.788328,0.47268877,0.94475505,19.262861,18.198685,0.65930697,0.98161357,29.028101,28.494378
init,init,-1,,4006,069.Rufous_Hummingbird/Rufous_Hummingbird_0113_59444.jpg,69,68,069.Rufous_Hummingbird,38,37,gaussian_blur,gaussian_blur,0,"{""sigma"":1.664398}",5.4773626,5.4190807,-0.058281898,0.004180341,0.0044312198,0.020964772,0.020240622,-0.01678443,-0.015809402,0.00097502861,0.57719019,1.2101812,50.157369,60.699507,False,0.90321255,False,False,False,0.57719019,1.2101812,50.157369,60.699507,0.46016267,1.2738047,41.728344,53.153762,0.90304271,1.0532008,27.829964,29.31054,0.55320482,1.5018444,7.2037887,10.81897,0.28135332,1.2376608,13.935396,17.247292,0.29379953,1.5660456,16.777258,26.273952,0.35936094,1.293887,19.262861,24.923965,0.6315956,1.1421818,29.028101,33.155371
init,init,-1,,4006,069.Rufous_Hummingbird/Rufous_Hummingbird_0113_59444.jpg,69,68,069.Rufous_Hummingbird,38,37,random_erasing,random_erasing,0,"{""area_fraction"":0.18774,""erased"":true,""height"":0.237343,""left"":0.084472,""top"":0.716432,""width"":0.79101}",5.4773626,5.709034,0.23167133,0.004180341,0.0033158739,0.020964772,0.016184038,-0.01678443,-0.012868164,0.0039162668,0.85696894,1.0926088,50.157369,54.802383,False,0.96022511,False,False,False,0.85696894,1.0926088,50.157369,54.802383,0.81463684,1.1143686,41.728344,46.500757,0.96011066,1.0420304,27.829964,28.999668,0.79604404,1.3560106,7.2037887,9.7684136,0.79139143,1.1999317,13.935396,16.721523,0.80221114,1.2068448,16.777258,20.247547,0.78416002,1.0551115,19.262861,20.324466,0.84400814,1.0697306,29.028101,31.052248
init,init,-1,,148,003.Sooty_Albatross/Sooty_Albatross_0017_796349.jpg,3,2,003.Sooty_Albatross,96,95,identity,identity,0,{},5.6783762,5.6783762,0,0.0034191054,0.0034191054,0.024567381,0.024567381,-0.021148275,-0.021148275,0,1,1,48.532148,48.532148,False,0.99999988,True,False,False,1,1,48.532148,48.532148,1,1,40.930371,40.930371,1,1,26.078232,26.078232,1,1,9.2500033,9.2500033,1,1,13.360568,13.360568,1,1,17.397799,17.397799,1,1,17.137151,17.137151,1,1,28.545797,28.545797
init,init,-1,,148,003.Sooty_Albatross/Sooty_Albatross_0017_796349.jpg,3,2,003.Sooty_Albatross,96,95,horizontal_flip,horizontal_flip,0,"{""flipped"":true}",5.6783762,5.6806688,0.0022926331,0.0034191054,0.003411276,0.024567381,0.025985463,-0.021148275,-0.022574187,-0.0014259114,0.67878733,1.0193278,48.532148,49.470167,False,0.95670998,True,False,False,0.67878733,1.0193278,48.532148,49.470167,0.56974037,1.0288296,40.930371,42.110378,0.95666163,0.99553409,26.078232,25.961769,0.7241704,0.78844635,9.2500033,7.2931313,0.40050825,1.0858412,13.360568,14.507455,0.51303357,1.0117582,17.397799,17.602366,0.47274558,1.0588449,17.137151,18.145585,0.65468614,1.0335888,28.545797,29.504617
init,init,-1,,148,003.Sooty_Albatross/Sooty_Albatross_0017_796349.jpg,3,2,003.Sooty_Albatross,96,95,color_jitter,color_jitter,0,"{""brightness"":0.947044,""contrast"":0.906899,""hue"":-0.090348,""saturation"":0.981734}",5.6783762,5.9001961,0.22181988,0.0034191054,0.0027389077,0.024567381,0.022564024,-0.021148275,-0.019825116,0.0013231591,0.83169633,1.0451661,48.532148,50.724155,False,0.95334661,True,False,False,0.83169633,1.0451661,48.532148,50.724155,0.78216255,1.0440641,40.930371,42.733929,0.95327793,1.0478758,26.078232,27.326749,0.74151739,1.0896047,9.2500033,10.078847,0.71050893,1.1574691,13.360568,15.464445,0.74922047,1.0097566,17.397799,17.567541,0.72776811,1.0590434,17.137151,18.148987,0.83853372,1.019801,28.545797,29.111032
init,init,-1,,148,003.Sooty_Albatross/Sooty_Albatross_0017_796349.jpg,3,2,003.Sooty_Albatross,96,95,rotation,rotation,0,"{""angle"":12.213986}",5.6783762,5.3943505,-0.28402567,0.0034191054,0.0045421701,0.024567381,0.018889099,-0.021148275,-0.014346929,0.0068013459,0.60979838,1.2516482,48.532148,60.745178,False,0.89404929,False,False,False,0.60979838,1.2516482,48.532148,60.745178,0.50652718,1.2862533,40.930371,52.646826,0.89369899,1.1620141,26.078232,30.303273,0.26605697,1.8029426,9.2500033,16.677225,0.38039766,1.3849788,13.360568,18.504104,0.4983276,1.2702602,17.397799,22.099731,0.45724434,1.3500172,17.137151,23.135449,0.60876878,1.1762995,28.545797,33.578408
init,init,-1,,148,003.Sooty_Albatross/Sooty_Albatross_0017_796349.jpg,3,2,003.Sooty_Albatross,96,95,random_resized_crop,random_resized_crop,0,"{""area_fraction"":0.639993,""aspect"":0.822058,""fallback"":false,""height"":0.882341,""left"":0.03916,""top"":0.111601,""width"":0.725335}",5.6783762,5.6750646,-0.0033116341,0.0034191054,0.0034304475,0.024567381,0.019226955,-0.021148275,-0.015796508,0.0053517674,0.6773189,1.0446497,48.532148,50.699092,False,0.92290854,False,False,False,0.6773189,1.0446497,48.532148,50.699092,0.58653386,1.0692679,40.930371,43.765529,0.92280421,0.98137432,26.078232,25.592507,0.47693046,1.071819,9.2500033,9.9143295,0.3691894,1.1777218,13.360568,15.735033,0.57855662,1.1587069,17.397799,20.158949,0.55909955,1.112992,17.137151,19.073512,0.67362848,0.99043843,28.545797,28.272854
init,init,-1,,148,003.Sooty_Albatross/Sooty_Albatross_0017_796349.jpg,3,2,003.Sooty_Albatross,96,95,gaussian_blur,gaussian_blur,0,"{""sigma"":1.27135}",5.6783762,6.1353264,0.45695019,0.0034191054,0.002165019,0.024567381,0.026088271,-0.021148275,-0.023923252,-0.0027749771,0.71655655,1.1872282,48.532148,57.618736,False,0.95123249,True,False,False,0.71655655,1.1872282,48.532148,57.618736,0.62978977,1.2148971,40.930371,49.726188,0.95108454,1.1161466,26.078232,29.107128,0.28781082,1.2876284,9.2500033,11.910567,0.3306114,1.2779322,13.360568,17.073901,0.55297624,1.4327814,17.397799,24.927242,0.63300061,1.2265246,17.137151,21.019138,0.79257011,1.0944967,28.545797,31.24328
init,init,-1,,148,003.Sooty_Albatross/Sooty_Albatross_0017_796349.jpg,3,2,003.Sooty_Albatross,96,95,random_erasing,random_erasing,0,"{""area_fraction"":0.126093,""erased"":true,""height"":0.463941,""left"":0.2715,""top"":0.213429,""width"":0.271786}",5.6783762,6.0714726,0.39309645,0.0034191054,0.0023077717,0.024567381,0.017954564,-0.021148275,-0.015646792,0.0055014831,0.65725512,1.0536066,48.532148,51.133793,False,0.85495442,True,False,False,0.65725512,1.0536066,48.532148,51.133793,0.57818739,1.0577828,40.930371,43.29544,0.85478923,1.0432478,26.078232,27.206059,0.5527561,1.0167838,9.2500033,9.405254,0.53139603,1.1512974,13.360568,15.381987,0.6027666,1.0003428,17.397799,17.403763,0.53017014,1.0606752,17.137151,18.176952,0.60143322,1.0603234,28.545797,30.267776
init,init,-1,,1017,019.Gray_Catbird/Gray_Catbird_0080_20139.jpg,19,18,019.Gray_Catbird,129,128,identity,identity,0,{},6.1197071,6.1197071,0,0.0021991001,0.0021991001,0.041639578,0.041639578,-0.039440477,-0.039440477,0,1,1,58.084607,58.084607,False,1,True,False,False,1,1,58.084607,58.084607,1,1,50.049865,50.049865,1,1,29.475967,29.475967,1,1,15.738125,15.738125,1,1,15.289124,15.289124,1,1,22.314034,22.314034,1,1,20.722253,20.722253,1,1,33.10914,33.10914
init,init,-1,,1017,019.Gray_Catbird/Gray_Catbird_0080_20139.jpg,19,18,019.Gray_Catbird,129,128,horizontal_flip,horizontal_flip,0,"{""flipped"":true}",6.1197071,6.3980894,0.2783823,0.0021991001,0.0016647344,0.041639578,0.034370713,-0.039440477,-0.032705978,0.006734499,0.69122292,0.92956831,58.084607,53.99361,False,0.96340519,True,False,False,0.69122292,0.92956831,58.084607,53.99361,0.60139562,0.94053266,50.049865,47.073533,0.96329406,0.89720651,29.475967,26.446029,0.66742795,0.82563829,15.738125,12.993999,0.36950187,1.0457563,15.289124,15.988698,0.56534511,0.95966399,22.314034,21.413975,0.4769904,0.9285752,20.722253,19.24217,0.71039575,0.93708403,33.10914,31.026047
init,init,-1,,1017,019.Gray_Catbird/Gray_Catbird_0080_20139.jpg,19,18,019.Gray_Catbird,129,128,color_jitter,color_jitter,0,"{""brightness"":0.930601,""contrast"":0.952959,""hue"":0.083188,""saturation"":0.712696}",6.1197071,6.6369505,0.51724339,0.0021991001,0.0013110187,0.041639578,0.040522076,-0.039440477,-0.039211057,0.00022942002,0.84555169,1.0051011,58.084607,58.380902,False,0.98590171,True,False,False,0.84555169,1.0051011,58.084607,58.380902,0.79645909,1.0027903,50.049865,50.18952,0.98586732,1.0117339,29.475967,29.821835,0.63908748,0.97848408,15.738125,15.399505,0.55111626,1.0308618,15.289124,15.760974,0.8229071,0.98032628,22.314034,21.875034,0.7430852,0.99072149,20.722253,20.529981,0.89281018,1.016836,33.10914,33.666566
init,init,-1,,1017,019.Gray_Catbird/Gray_Catbird_0080_20139.jpg,19,18,019.Gray_Catbird,129,128,rotation,rotation,0,"{""angle"":11.304498}",6.1197071,6.5989408,0.47923374,0.0021991001,0.0013618101,0.041639578,0.029215861,-0.039440477,-0.027854051,0.011586427,0.63867584,1.0540957,58.084607,61.226736,False,0.92813194,False,False,False,0.63867584,1.0540957,58.084607,61.226736,0.53744252,1.0514559,50.049865,52.625225,0.92776237,1.0616701,29.475967,31.293753,0.65899189,0.58863636,15.738125,9.2640327,0.18580513,1.3991032,15.289124,21.391063,0.43239572,0.9989721,22.314034,22.291097,0.47153041,1.0604304,20.722253,21.974507,0.70919316,1.066236,33.10914,35.302159
init,init,-1,,1017,019.Gray_Catbird/Gray_Catbird_0080_20139.jpg,19,18,019.Gray_Catbird,129,128,random_resized_crop,random_resized_crop,0,"{""area_fraction"":0.827492,""aspect"":0.928084,""fallback"":false,""height"":0.944253,""left"":0.049249,""top"":0.011897,""width"":0.876346}",6.1197071,6.7051182,0.58541107,0.0021991001,0.0012246281,0.041639578,0.041776206,-0.039440477,-0.040551578,-0.0011111008,0.81167927,1.0764141,58.084607,62.523091,False,0.97844261,True,False,False,0.81167927,1.0764141,58.084607,62.523091,0.75590609,1.0856026,50.049865,54.334262,0.9783669,1.0494721,29.475967,30.934203,0.80507089,1.0604532,15.738125,16.689545,0.52710678,1.144419,15.289124,17.497165,0.7388533,1.1138109,22.314034,24.853615,0.68617121,1.1112889,20.722253,23.02841,0.83544519,1.0547386,33.10914,34.92149
init,init,-1,,1017,019.Gray_Catbird/Gray_Catbird_0080_20139.jpg,19,18,019.Gray_Catbird,129,128,gaussian_blur,gaussian_blur,0,"{""sigma"":1.919027}",6.1197071,6.0175352,-0.1021719,0.0021991001,0.0024356663,0.041639578,0.028262712,-0.039440477,-0.025827046,0.013613432,0.58616206,1.0784914,58.084607,62.64375,False,0.89718705,True,False,False,0.58616206,1.0784914,58.084607,62.64375,0.50260553,1.13131,50.049865,56.621913,0.89689619,0.90918898,29.475967,26.799224,0.50595642,0.72574933,15.738125,11.421934,0.34740627,1.5095876,15.289124,23.080273,0.41977594,1.2900765,22.314034,28.78681,0.42244423,1.2296723,20.722253,25.481579,0.6646301,0.98560862,33.10914,32.632654
init,init,-1,,1017,019.Gray_Catbird/Gray_Catbird_0080_20139.jpg,19,18,019.Gray_Catbird,129,128,random_erasing,random_erasing,0,"{""area_fraction"":0.19723,""erased"":true,""height"":0.28908,""left"":0.031042,""top"":0.08304,""width"":0.682269}",6.1197071,5.7706633,-0.34904385,0.0021991001,0.0031176889,0.041639578,0.036540996,-0.039440477,-0.033423307,0.0060171701,0.78318018,1.0377663,58.084607,60.278248,False,0.95253217,True,False,False,0.78318018,1.0377663,58.084607,60.278248,0.72568332,1.0430641,50.049865,52.205219,0.95243166,1.0223381,29.475967,30.134403,0.41971531,0.80142368,15.738125,12.612906,0.59404757,1.1322363,15.289124,17.310902,0.7996995,1.072407,22.314034,23.929726,0.69419506,1.056864,20.722253,21.900604,0.79175556,1.0525107,33.10914,34.847724
init,init,-1,,671,013.Bobolink/Bobolink_0101_9811.jpg,13,12,013.Bobolink,129,128,identity,identity,0,{},5.5891247,5.5891247,0,0.0037382985,0.0037382985,0.031094767,0.031094767,-0.027356469,-0.027356469,0,1,1,58.173077,58.173077,False,1,True,False,False,1,1,58.173077,58.173077,1,1,48.935072,48.935072,1,1,31.455774,31.455774,1,1,12.686371,12.686371,1,1,19.658307,19.658307,1,1,20.460942,20.460942,1,1,20.772107,20.772107,1,1,31.577169,31.577169
init,init,-1,,671,013.Bobolink/Bobolink_0101_9811.jpg,13,12,013.Bobolink,129,128,horizontal_flip,horizontal_flip,0,"{""flipped"":true}",5.5891247,5.6387177,0.049592972,0.0037382985,0.0035574271,0.031094767,0.028811025,-0.027356469,-0.025253597,0.0021028712,0.63965297,0.92242504,58.173077,53.660303,False,0.96253669,True,False,False,0.63965297,0.92242504,58.173077,53.660303,0.5045762,0.91894527,48.935072,44.968653,0.96243315,0.93079271,31.455774,29.278805,0.28959299,1.2963765,12.686371,16.446313,0.43666385,0.79543875,19.658307,15.636979,0.54077214,0.88391334,20.460942,18.085699,0.37106392,0.91958018,20.772107,19.101618,0.63038159,0.9041989,31.577169,28.552042
init,init,-1,,671,013.Bobolink/Bobolink_0101_9811.jpg,13,12,013.Bobolink,129,128,color_jitter,color_jitter,0,"{""brightness"":0.73685,""contrast"":0.984564,""hue"":-0.03688,""saturation"":1.325199}",5.5891247,5.5818882,-0.0072364807,0.0037382985,0.0037654473,0.031094767,0.028415537,-0.027356469,-0.024650089,0.0027063794,0.85913504,0.93273315,58.173077,54.259958,False,0.9770211,True,False,False,0.85913504,0.93273315,58.173077,54.259958,0.80866419,0.92150091,48.935072,45.093713,0.97694679,0.95937262,31.455774,30.177808,0.86307392,0.8406674,12.686371,10.665019,0.6821677,0.8291362,19.658307,16.299414,0.79231483,0.92606038,20.460942,18.948068,0.77950539,0.9252449,20.772107,19.219286,0.86470147,0.96348061,31.577169,30.423991
init,init,-1,,671,013.Bobolink/Bobolink_0101_9811.jpg,13,12,013.Bobolink,129,128,rotation,rotation,0,"{""angle"":14.933811}",5.5891247,5.1440191,-0.44510555,0.0037382985,0.0058341958,0.031094767,0.026732972,-0.027356469,-0.020898776,0.0064576925,0.659492,0.95470502,58.173077,55.538129,False,0.92016745,True,False,False,0.659492,0.95470502,58.173077,55.538129,0.54929758,0.94778914,48.935072,46.380129,0.91987699,0.97123859,31.455774,30.551062,0.45056476,0.94328731,12.686371,11.966893,0.53452403,0.85960763,19.658307,16.898431,0.52387602,0.96891008,20.460942,19.824813,0.43370486,0.96853111,20.772107,20.118432,0.63215977,0.96293879,31.577169,30.406881
init,init,-1,,671,013.Bobolink/Bobolink_0101_9811.jpg,13,12,013.Bobolink,129,128,random_resized_crop,random_resized_crop,0,"{""area_fraction"":0.531928,""aspect"":0.926653,""fallback"":false,""height"":0.757649,""left"":0.225693,""top"":0.113861,""width"":0.702078}",5.5891247,4.7713799,-0.81774473,0.0037382985,0.0084686866,0.031094767,0.030456213,-0.027356469,-0.021987527,0.0053689419,0.595823,0.89511607,58.173077,52.071656,False,0.91001815,True,False,False,0.595823,0.89511607,58.173077,52.071656,0.46108718,0.88458844,48.935072,43.287398,0.90964093,0.92009599,31.455774,28.942331,0.013153568,0.78646335,12.686371,9.9773659,0.282072,0.74826134,19.658307,14.709551,0.47512884,0.93722703,20.460942,19.176548,0.41231224,0.85210453,20.772107,17.700006,0.59403961,0.93775511,31.577169,29.611652
init,init,-1,,671,013.Bobolink/Bobolink_0101_9811.jpg,13,12,013.Bobolink,129,128,gaussian_blur,gaussian_blur,0,"{""sigma"":1.488436}",5.5891247,4.9074888,-0.68163586,0.0037382985,0.0073910234,0.031094767,0.027569488,-0.027356469,-0.020178464,0.0071780044,0.70237947,0.98240086,58.173077,57.149281,False,0.92498314,True,False,False,0.70237947,0.98240086,58.173077,57.149281,0.61329914,0.99072108,48.935072,48.481007,0.92462745,0.96196701,31.455774,30.259417,0.49073271,0.97530495,12.686371,12.37308,0.54677734,0.88718304,19.658307,17.440517,0.61218359,1.0708731,20.460942,21.911072,0.53684353,1.0151658,20.772107,21.087133,0.69293187,0.98548481,31.577169,31.118821
init,init,-1,,671,013.Bobolink/Bobolink_0101_9811.jpg,13,12,013.Bobolink,129,128,random_erasing,random_erasing,0,"{""area_fraction"":0.143513,""erased"":true,""height"":0.648322,""left"":0.474126,""top"":0.255888,""width"":0.22136}",5.5891247,5.6587791,0.069654465,0.0037382985,0.0034867704,0.031094767,0.03066195,-0.027356469,-0.027175179,0.00018128916,0.86694933,1.0841104,58.173077,63.066037,False,0.9815256,False,False,False,0.86694933,1.0841104,58.173077,63.066037,0.82170653,1.0965409,48.935072,53.659306,0.98142454,1.0534201,31.455774,33.136143,0.88107013,0.92203892,12.686371,11.697328,0.81793396,0.96995148,19.658307,19.067604,0.81971863,1.269726,20.460942,25.97979,0.78664148,1.0958937,20.772107,22.764021,0.83928782,1.0905034,31.577169,34.435011
init,init,-1,,151,003.Sooty_Albatross/Sooty_Albatross_0075_796352.jpg,3,2,003.Sooty_Albatross,150,149,identity,identity,0,{},5.6937613,5.6937613,0,0.0033669053,0.0033669053,0.042290375,0.042290375,-0.038923469,-0.038923469,0,1,1,64.424074,64.424074,False,1,True,False,False,1,1,64.424074,64.424074,1,1,56.094412,56.094412,1,1,31.684037,31.684037,1,1,15.383651,15.383651,1,1,20.614788,20.614788,1,1,26.299046,26.299046,1,1,24.315379,24.315379,1,1,34.671016,34.671016
init,init,-1,,151,003.Sooty_Albatross/Sooty_Albatross_0075_796352.jpg,3,2,003.Sooty_Albatross,150,149,horizontal_flip,horizontal_flip,0,"{""flipped"":true}",5.6937613,5.6118469,-0.081914425,0.0033669053,0.0036543137,0.042290375,0.030177647,-0.038923469,-0.026523334,0.012400136,0.67058465,0.9111764,64.424074,58.701695,False,0.96377474,False,False,False,0.67058465,0.9111764,64.424074,58.701695,0.5708822,0.89534143,56.094412,50.223651,0.9634978,0.95911748,31.684037,30.388714,0.48279004,1.138015,15.383651,17.506826,0.35094327,0.9235684,20.614788,19.039166,0.61072405,0.78754374,26.299046,20.711649,0.47385762,0.82510714,24.315379,20.062793,0.70079918,0.92203599,34.671016,31.967925
init,init,-1,,151,003.Sooty_Albatross/Sooty_Albatross_0075_796352.jpg,3,2,003.Sooty_Albatross,150,149,color_jitter,color_jitter,0,"{""brightness"":1.095277,""contrast"":0.634766,""hue"":0.049161,""saturation"":1.183565}",5.6937613,5.5507531,-0.14300823,0.0033669053,0.0038845304,0.042290375,0.027213648,-0.038923469,-0.023329118,0.015594352,0.78752954,1.0476749,64.424074,67.495484,False,0.95368004,False,False,False,0.78752954,1.0476749,64.424074,67.495484,0.74099052,1.0730227,56.094412,60.19058,0.95343532,0.9639145,31.684037,30.540703,0.55458187,0.8581621,15.383651,13.201666,0.54248969,0.99690582,20.614788,20.551002,0.77749538,1.1445961,26.299046,30.101787,0.75023654,1.0764417,24.315379,26.174089,0.81193322,1.092625,34.671016,37.88242
init,init,-1,,151,003.Sooty_Albatross/Sooty_Albatross_0075_796352.jpg,3,2,003.Sooty_Albatross,150,149,rotation,rotation,0,"{""angle"":-1.787428}",5.6937613,5.5304728,-0.16328859,0.0033669053,0.0039641149,0.042290375,0.032658402,-0.038923469,-0.028694287,0.010229182,0.83164226,0.92399525,64.424074,59.527538,False,0.97588754,True,False,False,0.83164226,0.92399525,64.424074,59.527538,0.78243999,0.90457498,56.094412,50.741602,0.97575169,0.98238225,31.684037,31.125836,0.60088211,0.85868002,15.383651,13.209634,0.70940275,0.88034744,20.614788,18.148176,0.74344841,0.74747436,26.299046,19.657863,0.79327048,0.95501897,24.315379,23.221648,0.85852943,0.97604729,34.671016,33.840551
init,init,-1,,151,003.Sooty_Albatross/Sooty_Albatross_0075_796352.jpg,3,2,003.Sooty_Albatross,150,149,random_resized_crop,random_resized_crop,0,"{""area_fraction"":0.527373,""aspect"":1.089454,""fallback"":false,""height"":0.695752,""left"":0.030697,""top"":0.279284,""width"":0.75799}",5.6937613,5.7529001,0.059138775,0.0033669053,0.0031735627,0.042290375,0.023277935,-0.038923469,-0.020104372,0.018819097,0.66722453,0.94143516,64.424074,60.651088,False,0.94604576,False,False,False,0.66722453,0.94143516,64.424074,60.651088,0.58398202,0.95489281,56.094412,53.56415,0.94565919,0.89794724,31.684037,28.450594,0.1870347,0.85807555,15.383651,13.200335,0.49036512,0.96386043,20.614788,19.869778,0.52761451,0.84951293,26.299046,22.34138,0.59498127,1.0364509,24.315379,25.201697,0.71060973,0.98479351,34.671016,34.143792
init,init,-1,,151,003.Sooty_Albatross/Sooty_Albatross_0075_796352.jpg,3,2,003.Sooty_Albatross,150,149,gaussian_blur,gaussian_blur,0,"{""sigma"":1.704735}",5.6937613,5.8690357,0.17527437,0.0033669053,0.0028255959,0.042290375,0.023622524,-0.038923469,-0.020796928,0.018126541,0.69225932,0.96992297,64.424074,62.486389,False,0.92895269,False,False,False,0.69225932,0.96992297,64.424074,62.486389,0.61642871,0.96856793,56.094412,54.331249,0.92858961,0.974158,31.684037,30.865258,0.23476246,0.87169413,15.383651,13.409838,0.51991238,1.1012562,20.614788,22.702164,0.5570518,0.82141217,26.299046,21.602357,0.64127268,1.0052712,24.315379,24.44355,0.74276966,0.9960174,34.671016,34.532935
init,init,-1,,151,003.Sooty_Albatross/Sooty_Albatross_0075_796352.jpg,3,2,003.Sooty_Albatross,150,149,random_erasing,random_erasing,0,"{""area_fraction"":0.114767,""erased"":true,""height"":0.361091,""left"":0.056065,""top"":0.578417,""width"":0.317834}",5.6937613,5.5984058,-0.095355511,0.0033669053,0.0037037644,0.042290375,0.02967733,-0.038923469,-0.025973565,0.012949904,0.83745181,0.93769251,64.424074,60.409972,False,0.95642787,False,False,False,0.83745181,0.93769251,64.424074,60.409972,0.79708014,0.91827036,56.094412,51.509836,0.95616472,0.99611912,31.684037,31.561075,0.74395104,0.8078018,15.383651,12.426941,0.77376923,0.83487491,20.614788,17.210769,0.79981014,0.77500363,26.299046,20.381856,0.78456117,1.0180355,24.315379,24.75392,0.82933065,0.98843966,34.671016,34.270208
init,init,-1,,4617,080.Green_Kingfisher/Green_Kingfisher_0010_71191.jpg,80,79,080.Green_Kingfisher,129,128,identity,identity,0,{},6.1207013,6.1207013,0,0.0021969145,0.0021969145,0.026749903,0.026749903,-0.024552989,-0.024552989,0,1,1,48.744509,48.744509,False,0.99999994,True,False,False,1,1,48.744509,48.744509,1,1,39.651305,39.651305,1,1,28.351387,28.351387,1,1,6.357366,6.357366,1,1,14.58163,14.58163,1,1,16.56389,16.56389,1,1,16.708729,16.708729,1,1,27.670234,27.670234
init,init,-1,,4617,080.Green_Kingfisher/Green_Kingfisher_0010_71191.jpg,80,79,080.Green_Kingfisher,129,128,horizontal_flip,horizontal_flip,0,"{""flipped"":true}",6.1207013,6.0820479,-0.038653374,0.0021969145,0.0022834954,0.026749903,0.032502066,-0.024552989,-0.030218571,-0.0056655821,0.76432584,1.0220031,48.744509,49.817039,False,0.96660185,True,False,False,0.76432584,1.0220031,48.744509,49.817039,0.65251419,0.99034076,39.651305,39.268303,0.96653116,1.0812572,28.351387,30.655143,0.59954024,0.94150905,6.357366,5.9855176,0.59752366,0.90671314,14.58163,13.221355,0.62351499,0.93794079,16.56389,15.535948,0.49937586,0.93586911,16.708729,15.637183,0.72964534,1.0508465,27.670234,29.07717
init,init,-1,,4617,080.Green_Kingfisher/Green_Kingfisher_0010_71191.jpg,80,79,080.Green_Kingfisher,129,128,color_jitter,color_jitter,0,"{""brightness"":1.062039,""contrast"":1.216196,""hue"":0.069247,""saturation"":1.068095}",6.1207013,5.9846854,-0.13601589,0.0021969145,0.0025170052,0.026749903,0.016365387,-0.024552989,-0.013848381,0.010704607,0.85206501,0.97973712,48.744509,47.756804,False,0.96938485,False,False,False,0.85206501,0.97973712,48.744509,47.756804,0.78997243,0.96647991,39.651305,38.322189,0.96927181,1.0051627,28.351387,28.497757,0.32412292,0.84809113,6.357366,5.3916257,0.5448511,0.84434755,14.58163,12.311963,0.78431337,0.9608852,16.56389,15.915996,0.79588185,0.9765287,16.708729,16.316553,0.8705286,1.0017913,27.670234,27.719799
init,init,-1,,4617,080.Green_Kingfisher/Green_Kingfisher_0010_71191.jpg,80,79,080.Green_Kingfisher,129,128,rotation,rotation,0,"{""angle"":8.839951}",6.1207013,6.1537828,0.033081532,0.0021969145,0.0021254267,0.026749903,0.025637811,-0.024552989,-0.023512384,0.0010406044,0.76170041,0.96085987,48.744509,46.836642,False,0.93613505,True,False,False,0.76170041,0.96085987,48.744509,46.836642,0.67449392,0.96758999,39.651305,38.366205,0.93599252,0.94755766,28.351387,26.864574,0.70348934,1.0880603,6.357366,6.9171973,0.58033274,0.94364823,14.58163,13.759929,0.56759047,0.942662,16.56389,15.614149,0.6037336,0.96458932,16.708729,16.117061,0.76090251,0.97726315,27.670234,27.041101
init,init,-1,,4617,080.Green_Kingfisher/Green_Kingfisher_0010_71191.jpg,80,79,080.Green_Kingfisher,129,128,random_resized_crop,random_resized_crop,0,"{""area_fraction"":0.86142,""aspect"":1.002778,""fallback"":false,""height"":0.926841,""left"":0.05171,""top"":0.06206,""width"":0.929415}",6.1207013,6.5999575,0.47925615,0.0021969145,0.0013604258,0.026749903,0.037640832,-0.024552989,-0.036280407,-0.011727418,0.76742165,1.0942788,48.744509,53.340084,False,0.96354109,True,False,False,0.76742165,1.0942788,48.744509,53.340084,0.68073808,1.1372932,39.651305,45.095159,0.96337918,1.0048341,28.351387,28.488441,0.45439568,1.2962781,6.357366,8.2409144,0.508744,1.0797691,14.58163,15.744794,0.62486138,1.1865568,16.56389,19.653997,0.63429037,1.2170337,16.708729,20.335087,0.78448325,1.094966,27.670234,30.297967
init,init,-1,,4617,080.Green_Kingfisher/Green_Kingfisher_0010_71191.jpg,80,79,080.Green_Kingfisher,129,128,gaussian_blur,gaussian_blur,0,"{""sigma"":1.424873}",6.1207013,5.7719145,-0.34878683,0.0021969145,0.0031137895,0.026749903,0.029235592,-0.024552989,-0.026121803,-0.0015688138,0.61042386,0.99704093,48.744509,48.600271,False,0.90877062,True,False,False,0.61042386,0.99704093,48.744509,48.600271,0.48110572,1.0434253,39.651305,41.373173,0.90854132,0.89942472,28.351387,25.499939,0.40246959,1.1342868,6.357366,7.2110764,0.25156617,1.1623825,14.58163,16.949431,0.36568607,1.2201731,16.56389,20.210812,0.46475185,1.0356872,16.708729,17.305017,0.63344248,0.93162234,27.670234,25.778209
init,init,-1,,4617,080.Green_Kingfisher/Green_Kingfisher_0010_71191.jpg,80,79,080.Green_Kingfisher,129,128,random_erasing,random_erasing,0,"{""area_fraction"":0.150086,""erased"":true,""height"":0.627504,""left"":0.463518,""top"":0.160866,""width"":0.23918}",6.1207013,5.8207617,-0.29993963,0.0021969145,0.0029653448,0.026749903,0.029314151,-0.024552989,-0.026348806,-0.0017958174,0.64340747,1.16742,48.744509,56.905314,False,0.85643327,True,False,False,0.64340747,1.16742,48.744509,56.905314,0.55051673,1.2179967,39.651305,48.295157,0.85608656,1.061549,28.351387,30.096388,0.51673187,1.2830369,6.357366,8.1567354,0.59727304,1.3331849,14.58163,19.440009,0.5032922,1.3294607,16.56389,22.021041,0.45891086,1.1967939,16.708729,19.996905,0.59471658,1.1446565,27.670234,31.672913
init,init,-1,,7287,125.Lincoln_Sparrow/Lincoln_Sparrow_0070_117342.jpg,125,124,125.Lincoln_Sparrow,129,128,identity,identity,0,{},5.6417265,5.6417265,0,0.0035467399,0.0035467399,0.021917703,0.021917703,-0.018370963,-0.018370963,0,1,1,45.878441,45.878441,False,1,True,False,False,1,1,45.878441,45.878441,1,1,38.434105,38.434105,1,1,25.052961,25.052961,1,1,5.8313723,5.8313723,1,1,16.317329,16.317329,1,1,16.387032,16.387032,1,1,15.781329,15.781329,1,1,25.677523,25.677523
init,init,-1,,7287,125.Lincoln_Sparrow/Lincoln_Sparrow_0070_117342.jpg,125,124,125.Lincoln_Sparrow,129,128,horizontal_flip,horizontal_flip,0,"{""flipped"":true}",5.6417265,5.6627741,0.021047592,0.0035467399,0.0034728704,0.021917703,0.017947346,-0.018370963,-0.014474476,0.0038964872,0.69927048,0.96564323,45.878441,44.302206,False,0.96115375,True,False,False,0.69927048,0.96564323,45.878441,44.302206,0.59357104,0.97937508,38.434105,37.641405,0.96113013,0.93252763,25.052961,23.362578,0.5985586,1.0869465,5.8313723,6.3383898,0.65522174,0.95364874,16.317329,15.561,0.56605621,1.1155525,16.387032,18.280595,0.47027291,0.95094415,15.781329,15.007163,0.63215348,0.93398814,25.677523,23.982501
init,init,-1,,7287,125.Lincoln_Sparrow/Lincoln_Sparrow_0070_117342.jpg,125,124,125.Lincoln_Sparrow,129,128,color_jitter,color_jitter,0,"{""brightness"":0.873213,""contrast"":1.328928,""hue"":-0.034749,""saturation"":0.74505}",5.6417265,5.6604657,0.018739223,0.0035467399,0.0034808961,0.021917703,0.022396224,-0.018370963,-0.018915327,-0.0005443648,0.89876333,1.0049798,45.878441,46.106904,False,0.98667246,True,False,False,0.89876333,1.0049798,45.878441,46.106904,0.86102572,1.0017354,38.434105,38.500803,0.98666473,1.0125744,25.052961,25.367987,0.73879301,0.83900639,5.8313723,4.8925586,0.83750715,0.9100844,16.317329,14.850146,0.82471517,1.0424826,16.387032,17.083196,0.82257538,1.0599857,15.781329,16.727984,0.90841591,1.0051825,25.677523,25.810596
init,init,-1,,7287,125.Lincoln_Sparrow/Lincoln_Sparrow_0070_117342.jpg,125,124,125.Lincoln_Sparrow,129,128,rotation,rotation,0,"{""angle"":9.795789}",5.6417265,5.7826195,0.14089298,0.0035467399,0.0030806356,0.021917703,0.021035489,-0.018370963,-0.017954853,0.00041610957,0.65609704,1.1299136,45.878441,51.838674,False,0.91242421,True,False,False,0.65609704,1.1299136,45.878441,51.838674,0.5472868,1.1300168,38.434105,43.431186,0.91226118,1.1296706,25.052961,28.301594,0.66610806,0.86673273,5.8313723,5.0542413,0.50570073,0.87098238,16.317329,14.212106,0.53617147,1.3748502,16.387032,22.529714,0.440663,1.2308325,15.781329,19.424172,0.62104481,1.0833677,25.677523,27.818198
init,init,-1,,7287,125.Lincoln_Sparrow/Lincoln_Sparrow_0070_117342.jpg,125,124,125.Lincoln_Sparrow,129,128,random_resized_crop,random_resized_crop,0,"{""area_fraction"":0.86646,""aspect"":0.883916,""fallback"":false,""height"":0.990077,""left"":0.066103,""top"":0.001986,""width"":0.875145}",5.6417265,5.6628494,0.021122932,0.0035467399,0.003472609,0.021917703,0.024925536,-0.018370963,-0.021452927,-0.0030819639,0.80043384,1.0887079,45.878441,49.948219,False,0.96310866,True,False,False,0.80043384,1.0887079,45.878441,49.948219,0.73077428,1.0859704,38.434105,41.738301,0.96302757,1.0951235,25.052961,27.436086,0.64957893,1.0880298,5.8313723,6.3447068,0.71837557,1.1183091,16.317329,18.247817,0.70227634,1.1651208,16.387032,19.092872,0.65776052,1.041597,15.781329,16.437785,0.78192681,1.0551815,25.677523,27.094447
init,init,-1,,7287,125.Lincoln_Sparrow/Lincoln_Sparrow_0070_117342.jpg,125,124,125.Lincoln_Sparrow,129,128,gaussian_blur,gaussian_blur,0,"{""sigma"":1.414862}",5.6417265,4.9941015,-0.64762497,0.0035467399,0.0067778104,0.021917703,0.01410754,-0.018370963,-0.0073297299,0.011041233,0.59015574,1.5841095,45.878441,72.676472,False,0.85838342,False,False,False,0.59015574,1.5841095,45.878441,72.676472,0.54635189,1.7774476,38.434105,68.31461,0.85828386,0.98985761,25.052961,24.798864,0.74670704,2.4506951,5.8313723,14.290916,0.63032154,1.9492011,16.317329,31.805755,0.517498,2.6473966,16.387032,43.382972,0.51060052,1.6059647,15.781329,25.344258,0.60517652,1.1854997,25.677523,30.440695
init,init,-1,,7287,125.Lincoln_Sparrow/Lincoln_Sparrow_0070_117342.jpg,125,124,125.Lincoln_Sparrow,129,128,random_erasing,random_erasing,0,"{""area_fraction"":0.161938,""erased"":true,""height"":0.437037,""left"":0.33048,""top"":0.519677,""width"":0.370536}",5.6417265,5.6706252,0.028898716,0.0035467399,0.0034457101,0.021917703,0.022513697,-0.018370963,-0.019067987,-0.00069702417,0.87816881,1.1263639,45.878441,51.675817,False,0.9766382,True,False,False,0.87816881,1.1263639,45.878441,51.675817,0.84143511,1.1575838,38.434105,44.490699,0.9766129,1.0492279,25.052961,26.286266,0.91404349,1.2544945,5.8313723,7.3154244,0.8737488,1.2441618,16.317329,20.301398,0.78635703,1.3247103,16.387032,21.70807,0.81794475,1.133766,15.781329,17.892334,0.86894843,1.0467211,25.677523,26.877206
init,init,-1,,9512,162.Canada_Warbler/Canada_Warbler_0016_162411.jpg,162,161,162.Canada_Warbler,8,7,identity,identity,0,{},5.5609355,5.5609355,0,0.0038451781,0.0038451781,0.018497668,0.018497668,-0.01465249,-0.01465249,0,1,1,44.174391,44.174391,False,1,True,False,False,1,1,44.174391,44.174391,1,1,36.569376,36.569376,1,1,24.780185,24.780185,1,1,5.4344703,5.4344703,1,1,10.493326,10.493326,1,1,15.082562,15.082562,1,1,15.237449,15.237449,1,1,27.166383,27.166383
init,init,-1,,9512,162.Canada_Warbler/Canada_Warbler_0016_162411.jpg,162,161,162.Canada_Warbler,8,7,horizontal_flip,horizontal_flip,0,"{""flipped"":true}",5.5609355,6.0086641,0.44772863,0.0038451781,0.0024573682,0.018497668,0.021644341,-0.01465249,-0.019186973,-0.0045344825,0.67439115,1.0792491,44.174391,47.675173,False,0.95548218,True,False,False,0.67439115,1.0792491,44.174391,47.675173,0.54463027,1.0773209,36.569376,39.396953,0.95540181,1.0834366,24.780185,26.84776,0.5025109,1.1137134,5.4344703,6.0524425,0.23254848,1.0896419,10.493326,11.433968,0.45789104,0.98040794,15.082562,14.787063,0.43178635,1.1270051,15.237449,17.172682,0.654897,1.0864897,27.166383,29.515995
init,init,-1,,9512,162.Canada_Warbler/Canada_Warbler_0016_162411.jpg,162,161,162.Canada_Warbler,8,7,color_jitter,color_jitter,0,"{""brightness"":0.645379,""contrast"":0.724073,""hue"":0.027977,""saturation"":1.339268}",5.5609355,5.5913091,0.030373573,0.0038451781,0.0037301409,0.018497668,0.016664738,-0.01465249,-0.012934597,0.0017178932,0.80230441,1.1350384,44.174391,50.139631,False,0.95508188,False,False,False,0.80230441,1.1350384,44.174391,50.139631,0.74043129,1.170335,36.569376,42.798419,0.95502191,1.0540861,24.780185,26.12045,0.32756723,1.5040548,5.4344703,8.1737411,0.64021683,1.4858237,10.493326,15.591233,0.75492459,1.2856356,15.082562,19.390679,0.6979112,1.1586335,15.237449,17.654618,0.80427551,1.063123,27.166383,28.881207
init,init,-1,,9512,162.Canada_Warbler/Canada_Warbler_0016_162411.jpg,162,161,162.Canada_Warbler,8,7,rotation,rotation,0,"{""angle"":-0.364317}",5.5609355,5.7659922,0.20505667,0.0038451781,0.0031322862,0.018497668,0.017595734,-0.01465249,-0.014463448,0.00018904195,0.89847912,1.035814,44.174391,45.756452,False,0.99122179,True,False,False,0.89847912,1.035814,44.174391,45.756452,0.85766309,1.0478224,36.569376,38.318212,0.99121491,1.0091672,24.780185,25.00735,0.58633021,0.8992599,5.4344703,4.8870012,0.68875223,1.0644571,10.493326,11.169696,0.82873178,1.0966684,15.082562,16.540569,0.83190373,1.0613232,15.237449,16.171857,0.91177289,1.0310281,27.166383,28.009303
init,init,-1,,9512,162.Canada_Warbler/Canada_Warbler_0016_162411.jpg,162,161,162.Canada_Warbler,8,7,random_resized_crop,random_resized_crop,0,"{""area_fraction"":0.797984,""aspect"":0.855545,""fallback"":false,""height"":0.965774,""left"":0.061251,""top"":0.021549,""width"":0.826263}",5.5609355,5.9803534,0.41941786,0.0038451781,0.0025279338,0.018497668,0.022458274,-0.01465249,-0.01993034,-0.00527785,0.76977892,1.0928718,44.174391,48.276946,False,0.96158528,True,False,False,0.76977892,1.0928718,44.174391,48.276946,0.68848059,1.1168156,36.569376,40.841251,0.96154135,1.038818,24.780185,25.742102,0.47983636,1.1483661,5.4344703,6.2407615,0.4826654,1.1301941,10.493326,11.859496,0.6632304,1.1999557,15.082562,18.098406,0.60110174,1.2044888,15.237449,18.353336,0.77297446,1.0566617,27.166383,28.705675
init,init,-1,,9512,162.Canada_Warbler/Canada_Warbler_0016_162411.jpg,162,161,162.Canada_Warbler,8,7,gaussian_blur,gaussian_blur,0,"{""sigma"":1.127503}",5.5609355,6.1263256,0.56539011,0.0038451781,0.0021845934,0.018497668,0.023148479,-0.01465249,-0.020963886,-0.0063113954,0.6951297,1.2158285,44.174391,53.708483,False,0.92871237,True,False,False,0.6951297,1.2158285,44.174391,53.708483,0.59927541,1.2524566,36.569376,45.801556,0.92862009,1.1319643,24.780185,28.050286,-0.062808742,1.5118798,5.4344703,8.2162656,0.24726107,1.2772802,10.493326,13.402919,0.44115192,1.2025106,15.082562,18.13694,0.55384506,1.2956069,15.237449,19.741744,0.74890024,1.2384608,27.166383,33.644499
init,init,-1,,9512,162.Canada_Warbler/Canada_Warbler_0016_162411.jpg,162,161,162.Canada_Warbler,8,7,random_erasing,random_erasing,0,"{""area_fraction"":0.153151,""erased"":true,""height"":0.367475,""left"":0.439885,""top"":0.352996,""width"":0.416766}",5.5609355,5.0004044,-0.56053114,0.0038451781,0.0067352224,0.018497668,0.029566996,-0.01465249,-0.022831773,-0.0081792832,0.55019581,1.3118152,44.174391,57.948637,False,0.86263609,True,False,False,0.55019581,1.3118152,44.174391,57.948637,0.41027567,1.3212049,36.569376,48.315637,0.86211831,1.2911297,24.780185,31.994434,0.22617103,1.0101312,5.4344703,5.489528,0.3143254,1.3387831,10.493326,14.048288,0.33978773,1.4895773,15.082562,22.466642,0.3235745,1.3818094,15.237449,21.05525,0.48970183,1.2530821,27.166383,34.041708
init,init,-1,,10901,185.Bohemian_Waxwing/Bohemian_Waxwing_0114_177621.jpg,185,184,185.Bohemian_Waxwing,129,128,identity,identity,0,{},6.3342896,6.3342896,0,0.0017744056,0.0017744056,0.043223333,0.043223333,-0.041448927,-0.041448927,0,1,1,65.905,65.905,False,1,True,False,False,1,1,65.905,65.905,1,1,56.03738,56.03738,1,1,34.688342,34.688342,1,1,9.4851912,9.4851912,1,1,20.778551,20.778551,1,1,25.995221,25.995221,1,1,24.260807,24.260807,1,1,36.798541,36.798541
init,init,-1,,10901,185.Bohemian_Waxwing/Bohemian_Waxwing_0114_177621.jpg,185,184,185.Bohemian_Waxwing,129,128,horizontal_flip,horizontal_flip,0,"{""flipped"":true}",6.3342896,6.3074913,-0.026798248,0.0017744056,0.0018225998,0.043223333,0.030566594,-0.041448927,-0.028743994,0.012704933,0.72702534,0.95287662,65.905,62.799334,False,0.9671976,True,False,False,0.72702534,0.95287662,65.905,62.799334,0.62922317,0.93463446,56.03738,52.374466,0.96697522,0.9989151,34.688342,34.650709,0.36607856,0.92113519,9.4851912,8.7371434,0.40881053,0.80910738,20.778551,16.812079,0.63388234,0.89757253,25.995221,23.332596,0.52252437,0.93787398,24.260807,22.75358,0.74790393,0.98805126,36.798541,36.358845
init,init,-1,,10901,185.Bohemian_Waxwing/Bohemian_Waxwing_0114_177621.jpg,185,184,185.Bohemian_Waxwing,129,128,color_jitter,color_jitter,0,"{""brightness"":1.382393,""contrast"":0.963759,""hue"":-0.041418,""saturation"":1.168358}",6.3342896,5.9211459,-0.41314363,0.0017744056,0.002682125,0.043223333,0.031866405,-0.041448927,-0.02918428,0.012264647,0.70514116,1.0030416,65.905,66.105455,False,0.91307235,True,False,False,0.70514116,1.0030416,65.905,66.105455,0.63376855,1.0283476,56.03738,57.625907,0.91270067,0.93377599,34.688342,32.391141,0.43625958,1.7213378,9.4851912,16.327218,0.52801591,1.1135215,20.778551,23.137364,0.5887919,0.94968072,25.995221,24.68716,0.58256563,1.0132584,24.260807,24.582468,0.75212936,0.9817192,36.798541,36.125834
init,init,-1,,10901,185.Bohemian_Waxwing/Bohemian_Waxwing_0114_177621.jpg,185,184,185.Bohemian_Waxwing,129,128,rotation,rotation,0,"{""angle"":8.008586}",6.3342896,6.1867046,-0.14758492,0.0017744056,0.0020565928,0.043223333,0.027563028,-0.041448927,-0.025506435,0.015942492,0.73159598,0.9721413,65.905,64.068972,False,0.95347881,True,False,False,0.73159598,0.9721413,65.905,64.068972,0.64717965,0.97361613,56.03738,54.558897,0.95311788,0.96828186,34.688342,33.588093,0.70071686,1.4018995,9.4851912,13.297285,0.47665968,0.93150455,20.778551,19.355315,0.6221932,1.0115737,25.995221,26.296081,0.55864144,0.90792774,24.260807,22.02706,0.74962634,0.96022434,36.798541,35.334855
init,init,-1,,10901,185.Bohemian_Waxwing/Bohemian_Waxwing_0114_177621.jpg,185,184,185.Bohemian_Waxwing,129,128,random_resized_crop,random_resized_crop,0,"{""area_fraction"":0.770689,""aspect"":1.292915,""fallback"":false,""height"":0.772066,""left"":0.000863,""top"":0.082983,""width"":0.998216}",6.3342896,6.3826237,0.048334122,0.0017744056,0.0016906816,0.043223333,0.032651473,-0.041448927,-0.030960791,0.010488136,0.73849184,0.9459292,65.905,62.341464,False,0.94687319,True,False,False,0.73849184,0.9459292,65.905,62.341464,0.66240232,0.95727813,56.03738,53.643358,0.94662352,0.91564974,34.688342,31.762371,0.45804722,1.0700125,9.4851912,10.149273,0.54639986,0.96635199,20.778551,20.079394,0.68409014,0.90562458,25.995221,23.541911,0.55386792,0.89575588,24.260807,21.731761,0.74728293,0.99659587,36.798541,36.673274
init,init,-1,,10901,185.Bohemian_Waxwing/Bohemian_Waxwing_0114_177621.jpg,185,184,185.Bohemian_Waxwing,129,128,gaussian_blur,gaussian_blur,0,"{""sigma"":1.652549}",6.3342896,5.9837766,-0.35051298,0.0017744056,0.0025192942,0.043223333,0.021719679,-0.041448927,-0.019200385,0.022248542,0.5709778,1.0313168,65.905,67.968935,False,0.89010006,False,False,False,0.5709778,1.0313168,65.905,67.968935,0.47892863,1.0907397,56.03738,61.122193,0.88948232,0.85705089,34.688342,29.729675,0.10800926,1.6104121,9.4851912,15.275066,0.23157551,1.0908572,20.778551,22.666433,0.48662898,1.1971525,25.995221,31.120245,0.43516782,1.1138065,24.260807,27.021845,0.63303095,0.97609977,36.798541,35.919047
init,init,-1,,10901,185.Bohemian_Waxwing/Bohemian_Waxwing_0114_177621.jpg,185,184,185.Bohemian_Waxwing,129,128,random_erasing,random_erasing,0,"{""area_fraction"":0.106903,""erased"":true,""height"":0.206392,""left"":0.088282,""top"":0.052968,""width"":0.517959}",6.3342896,6.4670553,0.13276577,0.0017744056,0.001553795,0.043223333,0.038104132,-0.041448927,-0.036550337,0.0048985902,0.82268424,0.95141348,65.905,62.702905,False,0.95077735,True,False,False,0.82268424,0.95141348,65.905,62.702905,0.77221975,0.94302039,56.03738,52.844392,0.95061449,0.97297585,34.688342,33.750919,0.77179174,0.93325406,9.4851912,8.8520932,0.70032833,0.9345169,20.778551,19.417907,0.80421298,0.8973114,25.995221,23.325808,0.69262257,0.90414346,24.260807,21.93525,0.81266294,0.98426996,36.798541,36.219699
init,init,-1,,3701,064.Ring_billed_Gull/Ring_Billed_Gull_0017_51412.jpg,64,63,064.Ring_billed_Gull,186,185,identity,identity,0,{},5.9301348,5.9301348,0,0.0026581236,0.0026581236,0.03069612,0.03069612,-0.028037996,-0.028037996,0,1,1,53.729044,53.729044,False,1,True,False,False,1,1,53.729044,53.729044,1,1,43.436124,43.436124,1,1,31.624568,31.624568,1,1,7.1382579,7.1382579,1,1,12.852073,12.852073,1,1,20.27016,20.27016,1,1,18.296828,18.296828,1,1,30.412383,30.412383
init,init,-1,,3701,064.Ring_billed_Gull/Ring_Billed_Gull_0017_51412.jpg,64,63,064.Ring_billed_Gull,186,185,horizontal_flip,horizontal_flip,0,"{""flipped"":true}",5.9301348,5.8199596,-0.11017513,0.0026581236,0.0029677253,0.03069612,0.040750835,-0.028037996,-0.03778311,-0.0097451133,0.75343992,0.99327631,53.729044,53.367786,False,0.97773099,True,False,False,0.75343992,0.99327631,53.729044,53.367786,0.6381465,1.0031814,43.436124,43.57431,0.97759457,0.97431644,31.624568,30.812337,0.28750824,1.6813066,7.1382579,12.0016,0.33120978,1.0565973,12.852073,13.579465,0.64471197,0.98489798,20.27016,19.96404,0.5383483,0.92404317,18.296828,16.907059,0.77106201,0.97866541,30.412383,29.763547
init,init,-1,,3701,064.Ring_billed_Gull/Ring_Billed_Gull_0017_51412.jpg,64,63,064.Ring_billed_Gull,186,185,color_jitter,color_jitter,0,"{""brightness"":0.651345,""contrast"":0.634109,""hue"":0.061447,""saturation"":1.15033}",5.9301348,5.4366922,-0.49344254,0.0026581236,0.0043538604,0.03069612,0.02151791,-0.028037996,-0.01716405,0.010873947,0.76256545,0.98121874,53.729044,52.719945,False,0.94872284,False,False,False,0.76256545,0.98121874,53.729044,52.719945,0.66614157,0.98837881,43.436124,42.931344,0.94849375,0.96756714,31.624568,30.598893,-0.024203058,1.0573192,7.1382579,7.5474171,0.49767953,1.2278974,12.852073,15.781027,0.63831863,0.91802895,20.27016,18.608594,0.59609622,0.93128286,18.296828,17.039522,0.78450696,0.98669833,30.412383,30.007847
init,init,-1,,3701,064.Ring_billed_Gull/Ring_Billed_Gull_0017_51412.jpg,64,63,064.Ring_billed_Gull,186,185,rotation,rotation,0,"{""angle"":1.721667}",5.9301348,5.743619,-0.18651581,0.0026581236,0.0032031541,0.03069612,0.020020362,-0.028037996,-0.016817208,0.011220789,0.86019031,1.0218322,53.729044,54.902069,False,0.98061121,False,False,False,0.86019031,1.0218322,53.729044,54.902069,0.79990336,1.0391467,43.436124,45.136506,0.98048515,0.98834318,31.624568,31.255926,0.58397196,1.3456976,7.1382579,9.6059366,0.60809034,1.0605052,12.852073,13.62969,0.81789604,1.0299416,20.27016,20.877081,0.73691009,1.0342642,18.296828,18.923753,0.86827223,1.0216,30.412383,31.06929
init,init,-1,,3701,064.Ring_billed_Gull/Ring_Billed_Gull_0017_51412.jpg,64,63,064.Ring_billed_Gull,186,185,random_resized_crop,random_resized_crop,0,"{""area_fraction"":0.575818,""aspect"":1.201267,""fallback"":false,""height"":0.692345,""left"":0.013996,""top"":0.140015,""width"":0.831692}",5.9301348,5.716073,-0.21406174,0.0026581236,0.003292616,0.03069612,0.033490259,-0.028037996,-0.030197643,-0.0021596467,0.69764597,1.0996262,53.729044,59.081864,False,0.94860709,True,False,False,0.69764597,1.0996262,53.729044,59.081864,0.5843816,1.149685,43.436124,49.937859,0.94845813,0.99838068,31.624568,31.573358,0.34282213,2.4003483,7.1382579,17.134305,0.22935973,1.4692419,12.852073,18.882805,0.55495561,1.0343896,20.27016,20.967242,0.59506951,1.1154791,18.296828,20.409729,0.74493228,1.0332607,30.412383,31.42392
init,init,-1,,3701,064.Ring_billed_Gull/Ring_Billed_Gull_0017_51412.jpg,64,63,064.Ring_billed_Gull,186,185,gaussian_blur,gaussian_blur,0,"{""sigma"":1.511648}",5.9301348,6.2180099,0.28787518,0.0026581236,0.0019932077,0.03069612,0.029714037,-0.028037996,-0.027720829,0.00031716749,0.73584026,1.0386903,53.729044,55.807834,False,0.94881916,False,False,False,0.73584026,1.0386903,53.729044,55.807834,0.63744058,1.0793019,43.436124,46.880692,0.94870156,0.95739816,31.624568,30.277303,0.25832824,1.5559035,7.1382579,11.10644,0.33402783,1.2342808,12.852073,15.863067,0.5886721,1.0493806,20.27016,21.271112,0.62273435,1.1279504,18.296828,20.637914,0.7708853,1.0104933,30.412383,30.731509
init,init,-1,,3701,064.Ring_billed_Gull/Ring_Billed_Gull_0017_51412.jpg,64,63,064.Ring_billed_Gull,186,185,random_erasing,random_erasing,0,"{""area_fraction"":0.103147,""erased"":true,""height"":0.212399,""left"":0.257321,""top"":0.710602,""width"":0.485628}",5.9301348,5.9639893,0.033854485,0.0026581236,0.0025696415,0.03069612,0.028134875,-0.028037996,-0.025565234,0.0024727629,0.80624294,1.0341882,53.729044,55.565944,False,0.94768286,True,False,False,0.80624294,1.0341882,53.729044,55.565944,0.73969678,1.0679322,43.436124,46.386835,0.94750366,0.9673312,31.624568,30.591431,0.70124339,1.2530415,7.1382579,8.9445332,0.62481963,1.1377126,12.852073,14.621966,0.70221927,0.99348085,20.27016,20.138016,0.67547033,1.0308792,18.296828,18.861819,0.80272677,1.088876,30.412383,33.115314
init,init,-1,,4894,084.Red_legged_Kittiwake/Red_Legged_Kittiwake_0021_73808.jpg,84,83,084.Red_legged_Kittiwake,96,95,identity,identity,0,{},5.4872894,5.4872894,0,0.0041390467,0.0041390467,0.0436076,0.0436076,-0.039468553,-0.039468553,0,1,1,58.68232,58.68232,False,1,True,False,False,1,1,58.68232,58.68232,1,1,50.090493,50.090493,1,1,30.570528,30.570528,1,1,6.7057393,6.7057393,1,1,19.350103,19.350103,1,1,27.370778,27.370778,1,1,20.969957,20.969957,1,1,30.012755,30.012755
init,init,-1,,4894,084.Red_legged_Kittiwake/Red_Legged_Kittiwake_0021_73808.jpg,84,83,084.Red_legged_Kittiwake,96,95,horizontal_flip,horizontal_flip,0,"{""flipped"":true}",5.4872894,5.6458206,0.15853119,0.0041390467,0.003532249,0.0436076,0.03057391,-0.039468553,-0.027041661,0.012426892,0.72536888,0.90352763,58.68232,53.021097,False,0.96145988,True,False,False,0.72536888,0.90352763,58.68232,53.021097,0.63592177,0.89900455,50.090493,45.031581,0.96125757,0.91556047,30.570528,27.989167,0.68915099,0.75247709,6.7057393,5.0459152,0.3293991,1.0017841,19.350103,19.384627,0.80387754,0.81586288,27.370778,22.330802,0.61157007,0.94172301,20.969957,19.747891,0.66593402,0.90513797,30.012755,27.165684
init,init,-1,,4894,084.Red_legged_Kittiwake/Red_Legged_Kittiwake_0021_73808.jpg,84,83,084.Red_legged_Kittiwake,96,95,color_jitter,color_jitter,0,"{""brightness"":1.336386,""contrast"":1.137445,""hue"":-0.02832,""saturation"":1.026694}",5.4872894,5.426403,-0.060886383,0.0041390467,0.0043988884,0.0436076,0.041937489,-0.039468553,-0.037538601,0.0019299528,0.91712264,1.0573899,58.68232,62.050095,False,0.99022305,True,False,False,0.91712264,1.0573899,58.68232,62.050095,0.88999413,1.0583193,50.090493,53.011735,0.9901963,1.0548908,30.570528,32.248569,0.7041183,1.3976851,6.7057393,9.3725121,0.84472125,1.0219555,19.350103,19.774944,0.91115895,1.0482287,27.370778,28.690835,0.87502293,1.0665223,20.969957,22.364927,0.91291105,1.0578495,30.012755,31.748979
init,init,-1,,4894,084.Red_legged_Kittiwake/Red_Legged_Kittiwake_0021_73808.jpg,84,83,084.Red_legged_Kittiwake,96,95,rotation,rotation,0,"{""angle"":11.523871}",5.4872894,5.9682407,0.48095131,0.0041390467,0.0025587385,0.0436076,0.037845686,-0.039468553,-0.035286948,0.0041816058,0.68309476,0.94605862,58.68232,55.516914,False,0.89830691,True,False,False,0.68309476,0.94605862,58.68232,55.516914,0.60131116,0.94024188,50.090493,47.097179,0.89793261,0.9615011,30.570528,29.393596,0.67448584,1.1537112,6.7057393,7.7364865,0.49834998,0.83259259,19.350103,16.110753,0.62268085,0.78808874,27.370778,21.570602,0.5585038,0.97627855,20.969957,20.472519,0.64948232,1.0611618,30.012755,31.848388
init,init,-1,,4894,084.Red_legged_Kittiwake/Red_Legged_Kittiwake_0021_73808.jpg,84,83,084.Red_legged_Kittiwake,96,95,random_resized_crop,random_resized_crop,0,"{""area_fraction"":0.505548,""aspect"":1.300844,""fallback"":false,""height"":0.623403,""left"":0.003506,""top"":0.307641,""width"":0.81095}",5.4872894,5.9452515,0.45796204,0.0041390467,0.0026182442,0.0436076,0.028928565,-0.039468553,-0.026310321,0.013158233,0.70773823,0.94879967,58.68232,55.677765,False,0.92611128,True,False,False,0.70773823,0.94879967,58.68232,55.677765,0.63899999,0.98228974,50.090493,49.203377,0.92578732,0.85240333,30.570528,26.05842,0.70831693,1.2282335,6.7057393,8.2362134,0.46646357,0.91134633,19.350103,17.634646,0.7327278,1.087744,27.370778,29.772399,0.58862353,0.9214449,20.969957,19.32266,0.64443084,0.93198153,30.012755,27.971333
init,init,-1,,4894,084.Red_legged_Kittiwake/Red_Legged_Kittiwake_0021_73808.jpg,84,83,084.Red_legged_Kittiwake,96,95,gaussian_blur,gaussian_blur,0,"{""sigma"":1.652632}",5.4872894,4.9866447,-0.50064468,0.0041390467,0.0068285358,0.0436076,0.042494565,-0.039468553,-0.035666029,0.0038025239,0.68741848,1.0267132,58.68232,60.249914,False,0.88330162,True,False,False,0.68741848,1.0267132,58.68232,60.249914,0.63988878,1.0954702,50.090493,54.872642,0.88302803,0.81387603,30.570528,24.88062,0.55845075,1.3351201,6.7057393,8.9529673,0.56800368,1.1036611,19.350103,21.355956,0.76096804,1.3770006,27.370778,37.689578,0.5820138,0.9678055,20.969957,20.294839,0.60188323,0.84448782,30.012755,25.345406
init,init,-1,,4894,084.Red_legged_Kittiwake/Red_Legged_Kittiwake_0021_73808.jpg,84,83,084.Red_legged_Kittiwake,96,95,random_erasing,random_erasing,0,"{""area_fraction"":0.132335,""erased"":true,""height"":0.300599,""left"":0.478366,""top"":0.271429,""width"":0.440238}",5.4872894,5.4403558,-0.046933651,0.0041390467,0.0043379394,0.0436076,0.03799925,-0.039468553,-0.033661311,0.0058072428,0.84581251,1.049046,58.68232,61.560452,False,0.96823859,True,False,False,0.84581251,1.049046,58.68232,61.560452,0.80416305,1.069446,50.090493,53.569076,0.96810272,0.99220453,30.570528,30.332216,0.78326877,1.2649249,6.7057393,8.4822564,0.78119926,1.1060312,19.350103,21.401818,0.80942233,0.94256617,27.370778,25.798769,0.77704433,1.1468204,20.969957,24.048773,0.83174177,1.1029296,30.012755,33.101956
init,init,-1,,7407,127.Savannah_Sparrow/Savannah_Sparrow_0008_118929.jpg,127,126,127.Savannah_Sparrow,46,45,identity,identity,0,{},5.066916,5.066916,0,0.0063018259,0.0063018259,0.021168249,0.021168249,-0.014866423,-0.014866423,0,1,1,49.579923,49.579923,False,0.99999994,True,False,False,1,1,49.579923,49.579923,1,1,41.804653,41.804653,1,1,26.655952,26.655952,1,1,6.8328694,6.8328694,1,1,14.120316,14.120316,1,1,19.045111,19.045111,1,1,19.431013,19.431013,1,1,27.591249,27.591249
init,init,-1,,7407,127.Savannah_Sparrow/Savannah_Sparrow_0008_118929.jpg,127,126,127.Savannah_Sparrow,46,45,horizontal_flip,horizontal_flip,0,"{""flipped"":true}",5.066916,4.8130569,-0.25385904,0.0063018259,0.008122988,0.021168249,0.026720371,-0.014866423,-0.018597383,-0.0037309602,0.6948888,1.0032008,49.579923,49.738616,False,0.94196373,True,False,False,0.6948888,1.0032008,49.579923,49.738616,0.58839757,0.98437862,41.804653,41.151606,0.94185098,1.0480581,26.655952,27.936987,0.37183698,0.83757634,6.8328694,5.7230497,0.49207587,0.93695022,14.120316,13.230033,0.48889318,0.94183719,19.045111,17.937394,0.48346982,0.92696732,19.431013,18.011914,0.7124426,1.0501129,27.591249,28.973927
init,init,-1,,7407,127.Savannah_Sparrow/Savannah_Sparrow_0008_118929.jpg,127,126,127.Savannah_Sparrow,46,45,color_jitter,color_jitter,0,"{""brightness"":1.23541,""contrast"":1.195848,""hue"":0.013625,""saturation"":0.970896}",5.066916,4.9725585,-0.094357491,0.0063018259,0.0069254064,0.021168249,0.02064432,-0.014866423,-0.013718914,0.0011475091,0.85481465,0.97557547,49.579923,48.368956,False,0.97438443,False,False,False,0.85481465,0.97557547,49.579923,48.368956,0.80471281,0.96591353,41.804653,40.379679,0.97430985,0.99894227,26.655952,26.627757,0.66913839,1.3125514,6.8328694,8.9684924,0.68163766,0.92582891,14.120316,13.072997,0.76067845,0.86497204,19.045111,16.473489,0.77965713,0.94289931,19.431013,18.321489,0.88087652,1.007102,27.591249,27.787202
init,init,-1,,7407,127.Savannah_Sparrow/Savannah_Sparrow_0008_118929.jpg,127,126,127.Savannah_Sparrow,46,45,rotation,rotation,0,"{""angle"":-12.382232}",5.066916,4.6374936,-0.42942238,0.0063018259,0.0096819345,0.021168249,0.027283732,-0.014866423,-0.017601797,-0.0027353745,0.70774502,1.0110816,49.579923,50.129347,False,0.91359031,True,False,False,0.70774502,1.0110816,49.579923,50.129347,0.62430591,1.0117749,41.804653,42.2969,0.91345968,1.0093742,26.655952,26.905829,0.68446529,1.0750699,6.8328694,7.3458121,0.49988408,1.0315675,14.120316,14.566058,0.52896896,0.94099362,19.045111,17.921328,0.57901317,0.98434154,19.431013,19.126754,0.71579269,1.0478599,27.591249,28.911763
init,init,-1,,7407,127.Savannah_Sparrow/Savannah_Sparrow_0008_118929.jpg,127,126,127.Savannah_Sparrow,46,45,random_resized_crop,random_resized_crop,0,"{""area_fraction"":0.704649,""aspect"":1.220701,""fallback"":false,""height"":0.759769,""left"":0.013028,""top"":0.13706,""width"":0.927452}",5.066916,5.4956102,0.42869425,0.0063018259,0.0041047493,0.021168249,0.017656703,-0.014866423,-0.013551953,0.0013144696,0.7016184,0.93442617,49.579923,46.328777,False,0.93351912,False,False,False,0.7016184,0.93442617,49.579923,46.328777,0.59866495,0.90634827,41.804653,37.889575,0.93344302,1.0001379,26.655952,26.659627,0.51076009,0.91425484,6.8328694,6.2469839,0.42567931,0.94599952,14.120316,13.357812,0.4542538,0.84022624,19.045111,16.002202,0.55253523,0.87109751,19.431013,16.926307,0.73345671,0.94204444,27.591249,25.992183
init,init,-1,,7407,127.Savannah_Sparrow/Savannah_Sparrow_0008_118929.jpg,127,126,127.Savannah_Sparrow,46,45,gaussian_blur,gaussian_blur,0,"{""sigma"":1.924856}",5.066916,5.6048965,0.53798056,0.0063018259,0.0036798015,0.021168249,0.016689943,-0.014866423,-0.013010142,0.0018562812,0.55743457,1.2170514,49.579923,60.341316,False,0.87344772,False,False,False,0.55743457,1.2170514,49.579923,60.341316,0.45154165,1.2718888,41.804653,53.170871,0.87313761,1.0702866,26.655952,28.529508,0.47571751,1.4571909,6.8328694,9.9567953,0.45297997,1.5758117,14.120316,22.250959,0.36276949,1.2989532,19.045111,24.738708,0.32248404,1.2878833,19.431013,25.024879,0.57605124,1.1430464,27.591249,31.538078
init,init,-1,,7407,127.Savannah_Sparrow/Savannah_Sparrow_0008_118929.jpg,127,126,127.Savannah_Sparrow,46,45,random_erasing,random_erasing,0,"{""area_fraction"":0.159387,""erased"":true,""height"":0.354332,""left"":0.085324,""top"":0.106609,""width"":0.449822}",5.066916,4.601294,-0.46562195,0.0063018259,0.010038837,0.021168249,0.013096914,-0.014866423,-0.0030580768,0.011808346,0.7100394,1.1107592,49.579923,55.071354,False,0.91502541,False,False,False,0.7100394,1.1107592,49.579923,55.071354,0.6253299,1.1050245,41.804653,46.195166,0.91481558,1.1247396,26.655952,29.981005,0.66921137,0.96206214,6.8328694,6.5736449,0.58182342,1.1859873,14.120316,16.746516,0.57791761,1.194712,19.045111,22.753422,0.54908107,1.0234112,19.431013,19.885917,0.69863717,1.0855885,27.591249,29.952743
init,init,-1,,4422,076.Dark_eyed_Junco/Dark_Eyed_Junco_0089_68498.jpg,76,75,076.Dark_eyed_Junco,129,128,identity,identity,0,{},5.7361736,5.7361736,0,0.003227093,0.003227093,0.041063763,0.041063763,-0.03783667,-0.03783667,0,1,1,50.220451,50.220451,False,1,True,False,False,1,1,50.220451,50.220451,1,1,40.857985,40.857985,1,1,29.201348,29.201348,1,1,5.4145643,5.4145643,1,1,12.839437,12.839437,1,1,15.854938,15.854938,1,1,18.046281,18.046281,1,1,29.9693,29.9693
init,init,-1,,4422,076.Dark_eyed_Junco/Dark_Eyed_Junco_0089_68498.jpg,76,75,076.Dark_eyed_Junco,129,128,horizontal_flip,horizontal_flip,0,"{""flipped"":true}",5.7361736,5.6787224,-0.057451248,0.003227093,0.0034179222,0.041063763,0.034718651,-0.03783667,-0.031300729,0.006535941,0.67950235,1.0083402,50.220451,50.639298,False,0.96052635,True,False,False,0.67950235,1.0083402,50.220451,50.639298,0.54521466,1.0291501,40.857985,42.049,0.9604085,0.96630376,29.201348,28.217373,0.3610799,1.3749506,5.4145643,7.4447586,0.53572473,1.2519648,12.839437,16.074523,0.38906809,1.0156741,15.854938,16.103449,0.35970843,0.98410616,18.046281,17.759456,0.67162595,0.98960557,29.9693,29.657787
init,init,-1,,4422,076.Dark_eyed_Junco/Dark_Eyed_Junco_0089_68498.jpg,76,75,076.Dark_eyed_Junco,129,128,color_jitter,color_jitter,0,"{""brightness"":1.308334,""contrast"":0.773546,""hue"":-0.062052,""saturation"":0.768328}",5.7361736,5.5876856,-0.14848804,0.003227093,0.0037436809,0.041063763,0.045170132,-0.03783667,-0.041426451,-0.003589781,0.85484766,1.065384,50.220451,53.504064,False,0.9803353,True,False,False,0.85484766,1.065384,50.220451,53.504064,0.79374392,1.0806234,40.857985,44.152095,0.98029261,1.0349002,29.201348,30.22048,0.50605253,1.3109859,5.4145643,7.0984176,0.69504229,1.1134928,12.839437,14.296621,0.72228584,1.1808968,15.854938,18.723045,0.7617924,1.1022361,18.046281,19.891262,0.86352669,1.0275948,29.9693,30.796296
init,init,-1,,4422,076.Dark_eyed_Junco/Dark_Eyed_Junco_0089_68498.jpg,76,75,076.Dark_eyed_Junco,129,128,rotation,rotation,0,"{""angle"":2.069541}",5.7361736,5.6416965,-0.094477177,0.003227093,0.0035468461,0.041063763,0.045832664,-0.03783667,-0.042285818,-0.0044491475,0.87674365,1.0112584,50.220451,50.785853,False,0.9835813,True,False,False,0.87674365,1.0112584,50.220451,50.785853,0.82396418,1.0215396,40.857985,41.738049,0.98354708,0.99082204,29.201348,28.93334,0.39125021,1.0876588,5.4145643,5.8891985,0.69179078,1.0594603,12.839437,13.602874,0.77743564,1.0383614,15.854938,16.463156,0.79427547,1.0299706,18.046281,18.587139,0.88968543,1.0042595,29.9693,30.096954
init,init,-1,,4422,076.Dark_eyed_Junco/Dark_Eyed_Junco_0089_68498.jpg,76,75,076.Dark_eyed_Junco,129,128,random_resized_crop,random_resized_crop,0,"{""area_fraction"":0.515387,""aspect"":0.846105,""fallback"":false,""height"":0.780467,""left"":0.030255,""top"":0.109696,""width"":0.660357}",5.7361736,5.8559065,0.11973286,0.003227093,0.0028629398,0.041063763,0.040995371,-0.03783667,-0.038132431,-0.00029576058,0.69590821,1.0775377,50.220451,54.114429,False,0.93784237,True,False,False,0.69590821,1.0775377,50.220451,54.114429,0.57933952,1.0970653,40.857985,44.823875,0.93775671,1.0382456,29.201348,30.318172,0.43011413,1.6322669,5.4145643,8.8380141,0.46472439,1.3525351,12.839437,17.36579,0.46538325,1.1009601,15.854938,17.455654,0.4877766,1.0525307,18.046281,18.994264,0.68867144,1.0360141,29.9693,31.048618
init,init,-1,,4422,076.Dark_eyed_Junco/Dark_Eyed_Junco_0089_68498.jpg,76,75,076.Dark_eyed_Junco,129,128,gaussian_blur,gaussian_blur,0,"{""sigma"":1.292914}",5.7361736,5.7573662,0.021192551,0.003227093,0.0031594222,0.041063763,0.036771677,-0.03783667,-0.033612255,0.0042244149,0.71817846,1.1060858,50.220451,55.548128,False,0.93666804,True,False,False,0.71817846,1.1060858,50.220451,55.548128,0.6108633,1.1197044,40.857985,45.748864,0.93654176,1.078927,29.201348,31.506125,0.18120476,1.3489959,5.4145643,7.3042252,0.47856502,1.3526252,12.839437,17.366947,0.50760217,1.2472663,15.854938,19.775329,0.55108794,1.0934077,18.046281,19.731941,0.72521845,1.0325512,29.9693,30.944836
init,init,-1,,4422,076.Dark_eyed_Junco/Dark_Eyed_Junco_0089_68498.jpg,76,75,076.Dark_eyed_Junco,129,128,random_erasing,random_erasing,0,"{""area_fraction"":0.183919,""erased"":true,""height"":0.399791,""left"":0.202709,""top"":0.151197,""width"":0.460038}",5.7361736,5.9257154,0.18954182,0.003227093,0.0026698967,0.041063763,0.043803271,-0.03783667,-0.041133374,-0.003296704,0.70211898,1.0034218,50.220451,50.392293,False,0.90410793,True,False,False,0.70211898,1.0034218,50.220451,50.392293,0.60041567,1.007838,40.857985,41.178228,0.90389034,0.99471937,29.201348,29.047147,0.7623513,1.0594443,5.4145643,5.7364292,0.6019715,1.1118465,12.839437,14.275484,0.59903949,1.1394874,15.854938,18.066501,0.48005679,0.94066755,18.046281,16.975551,0.64018316,0.96960095,29.9693,29.058262
init,init,-1,,6208,107.Common_Raven/Common_Raven_0010_101390.jpg,107,106,107.Common_Raven,129,128,identity,identity,0,{},5.0131083,5.0131083,0,0.006650201,0.006650201,0.023134636,0.023134636,-0.016484435,-0.016484435,0,1,1,41.254079,41.254079,False,1.0000001,True,False,False,1,1,41.254079,41.254079,1,1,32.729295,32.729295,1,1,25.113587,25.113587,1,1,6.6755212,6.6755212,1,1,11.066811,11.066811,1,1,12.506247,12.506247,1,1,13.384357,13.384357,1,1,23.84581,23.84581
init,init,-1,,6208,107.Common_Raven/Common_Raven_0010_101390.jpg,107,106,107.Common_Raven,129,128,horizontal_flip,horizontal_flip,0,"{""flipped"":true}",5.0131083,5.1193619,0.10625362,0.006650201,0.0059798369,0.023134636,0.026608195,-0.016484435,-0.020628358,-0.0041439235,0.67560907,1.0415251,41.254079,42.967157,False,0.96289659,True,False,False,0.67560907,1.0415251,41.254079,42.967157,0.50188153,1.030825,32.729295,33.738176,0.96286388,1.059451,25.113587,26.606616,0.29271619,0.92169212,6.6755212,6.1527753,0.25871343,1.0720529,11.066811,11.864206,0.39498729,0.92564889,12.506247,11.576393,0.32757951,1.0271715,13.384357,13.748029,0.64942605,1.0581094,23.84581,25.231475
init,init,-1,,6208,107.Common_Raven/Common_Raven_0010_101390.jpg,107,106,107.Common_Raven,129,128,color_jitter,color_jitter,0,"{""brightness"":0.858448,""contrast"":0.727278,""hue"":-0.062678,""saturation"":0.698999}",5.0131083,4.7490988,-0.26400948,0.006650201,0.0086594969,0.023134636,0.027624924,-0.016484435,-0.018965427,-0.0024809921,0.8333204,1.0350133,41.254079,42.698519,False,0.9747417,True,False,False,0.8333204,1.0350133,41.254079,42.698519,0.75391897,1.0514375,32.729295,34.412808,0.97470973,1.0065033,25.113587,25.276909,0.26710708,0.61218401,6.6755212,4.0866474,0.53606785,1.0929348,11.066811,12.095303,0.72184655,1.2111272,12.506247,15.146655,0.73003763,1.0601064,13.384357,14.188842,0.85376853,1.0190555,23.84581,24.300204
init,init,-1,,6208,107.Common_Raven/Common_Raven_0010_101390.jpg,107,106,107.Common_Raven,129,128,rotation,rotation,0,"{""angle"":-12.22189}",5.0131083,5.2001023,0.18699408,0.006650201,0.0055159992,0.023134636,0.024110701,-0.016484435,-0.018594702,-0.0021102671,0.67901063,1.1485379,41.254079,47.381872,False,0.89864445,True,False,False,0.67901063,1.1485379,41.254079,47.381872,0.5564858,1.1696162,32.729295,38.280715,0.89849101,1.1118217,25.113587,27.921832,0.63209919,1.88544,6.6755212,12.586295,0.38191398,1.2487464,11.066811,13.819641,0.52691578,1.0877537,12.506247,13.603716,0.43866172,1.12321,13.384357,15.033443,0.64409348,1.1134409,23.84581,26.550901
init,init,-1,,6208,107.Common_Raven/Common_Raven_0010_101390.jpg,107,106,107.Common_Raven,129,128,random_resized_crop,random_resized_crop,0,"{""area_fraction"":0.643979,""aspect"":1.025863,""fallback"":false,""height"":0.792302,""left"":0.105886,""top"":0.123365,""width"":0.812794}",5.0131083,5.6356659,0.62255764,0.006650201,0.0035683003,0.023134636,0.03184044,-0.016484435,-0.02827214,-0.011787705,0.69538971,1.2413198,41.254079,51.209506,False,0.93745869,True,False,False,0.69538971,1.2413198,41.254079,51.209506,0.57152085,1.2954804,32.729295,42.40016,0.93731129,1.1434664,25.113587,28.716544,0.32612787,1.7898162,6.6755212,11.947956,0.52042825,1.6482641,11.066811,18.241027,0.57357856,1.3558653,12.506247,16.956786,0.42830733,1.2802724,13.384357,17.135622,0.6811431,1.14165,23.84581,27.223569
init,init,-1,,6208,107.Common_Raven/Common_Raven_0010_101390.jpg,107,106,107.Common_Raven,129,128,gaussian_blur,gaussian_blur,0,"{""sigma"":1.810286}",5.0131083,4.9164891,-0.096619129,0.006650201,0.0073248027,0.023134636,0.021669511,-0.016484435,-0.014344708,0.0021397267,0.6381616,1.2237872,41.254079,50.486213,False,0.88673359,True,False,False,0.6381616,1.2237872,41.254079,50.486213,0.5278033,1.3181754,32.729295,43.14295,0.88664577,1.0440982,25.113587,26.221051,0.20028964,1.2751023,6.6755212,8.5119723,0.39785855,1.516548,11.066811,16.783351,0.4775829,1.6510231,12.506247,20.648102,0.47622494,1.4376851,13.384357,19.242491,0.65134519,1.1178639,23.84581,26.65637
init,init,-1,,6208,107.Common_Raven/Common_Raven_0010_101390.jpg,107,106,107.Common_Raven,129,128,random_erasing,random_erasing,0,"{""area_fraction"":0.145836,""erased"":true,""height"":0.626816,""left"":0.544325,""top"":0.130116,""width"":0.232662}",5.0131083,5.0165544,0.0034461021,0.006650201,0.006627324,0.023134636,0.018887401,-0.016484435,-0.012260077,0.0042243581,0.68297037,1.0637615,41.254079,43.884501,False,0.91835546,False,False,False,0.68297037,1.0637615,41.254079,43.884501,0.55080552,1.081087,32.729295,35.383216,0.91818429,1.0336695,25.113587,25.95915,0.51397782,0.93235805,6.6755212,6.2239759,0.51111424,1.0425968,11.066811,11.538222,0.50128481,1.0888336,12.506247,13.617222,0.41768166,1.1505548,13.384357,15.399436,0.62112019,1.0753415,23.84581,25.64239
init,init,-1,,7375,126.Nelson_Sharp_tailed_Sparrow/Nelson_Sharp_Tailed_Sparrow_0017_796910.jpg,126,125,126.Nelson_Sharp_tailed_Sparrow,129,128,identity,identity,0,{},7.0662012,7.0662012,0,0.0008534693,0.0008534693,0.031948775,0.031948775,-0.031095306,-0.031095306,0,1,1,57.371953,57.371953,False,1,True,False,False,1,1,57.371953,57.371953,1,1,47.908892,47.908892,1,1,31.563889,31.563889,1,1,6.2530819,6.2530819,1,1,16.486641,16.486641,1,1,20.068333,20.068333,1,1,21.594335,21.594335,1,1,33.396081,33.396081
init,init,-1,,7375,126.Nelson_Sharp_tailed_Sparrow/Nelson_Sharp_Tailed_Sparrow_0017_796910.jpg,126,125,126.Nelson_Sharp_tailed_Sparrow,129,128,horizontal_flip,horizontal_flip,0,"{""flipped"":true}",7.0662012,7.0298672,-0.036334038,0.0008534693,0.00088504935,0.031948775,0.037663866,-0.031095306,-0.036778816,-0.0056835107,0.70040315,1.0215888,57.371953,58.610547,False,0.96594012,True,False,False,0.70040315,1.0215888,57.371953,58.610547,0.58240704,1.0138857,47.908892,48.574142,0.96579204,1.0391182,31.563889,32.798611,-0.014560804,1.1171142,6.2530819,6.9854063,0.49064108,1.1023041,16.486641,18.173293,0.50148368,1.065467,20.068333,21.382146,0.457822,0.94103309,21.594335,20.320984,0.71253047,0.99773168,33.396081,33.320328
init,init,-1,,7375,126.Nelson_Sharp_tailed_Sparrow/Nelson_Sharp_Tailed_Sparrow_0017_796910.jpg,126,125,126.Nelson_Sharp_tailed_Sparrow,129,128,color_jitter,color_jitter,0,"{""brightness"":0.857761,""contrast"":1.074101,""hue"":-0.062262,""saturation"":0.726541}",7.0662012,6.8887649,-0.17743635,0.0008534693,0.0010191718,0.031948775,0.029824298,-0.031095306,-0.028805126,0.0022901797,0.85294258,0.96512352,57.371953,55.371022,False,0.9698326,True,False,False,0.85294258,0.96512352,57.371953,55.371022,0.8055214,0.98157679,47.908892,47.026256,0.96976081,0.92610615,31.563889,29.231512,0.75750438,1.3790871,6.2530819,8.6235444,0.75974026,1.023459,16.486641,16.873401,0.7466093,0.96499293,20.068333,19.3658,0.7583447,0.94898382,21.594335,20.492674,0.8627103,0.97370123,33.396081,32.517806
init,init,-1,,7375,126.Nelson_Sharp_tailed_Sparrow/Nelson_Sharp_Tailed_Sparrow_0017_796910.jpg,126,125,126.Nelson_Sharp_tailed_Sparrow,129,128,rotation,rotation,0,"{""angle"":3.567374}",7.0662012,7.3780203,0.31181908,0.0008534693,0.00062483654,0.031948775,0.030252483,-0.031095306,-0.029627646,0.0014676595,0.82289012,1.0107653,57.371953,57.989581,False,0.96852064,True,False,False,0.82289012,1.0107653,57.371953,57.989581,0.75936254,1.0089964,47.908892,48.339899,0.96841547,1.0148289,31.563889,32.031948,0.60248392,0.94729061,6.2530819,5.9234857,0.73523504,1.112655,16.486641,18.343944,0.66495959,1.0483553,20.068333,21.038744,0.68478408,0.94181499,21.594335,20.337868,0.83845675,0.99712756,33.396081,33.300153
init,init,-1,,7375,126.Nelson_Sharp_tailed_Sparrow/Nelson_Sharp_Tailed_Sparrow_0017_796910.jpg,126,125,126.Nelson_Sharp_tailed_Sparrow,129,128,random_resized_crop,random_resized_crop,0,"{""area_fraction"":0.697393,""aspect"":0.813545,""fallback"":false,""height"":0.925866,""left"":0.013797,""top"":0.050183,""width"":0.753234}",7.0662012,7.2356224,0.1694212,0.0008534693,0.0007204588,0.031948775,0.038446307,-0.031095306,-0.037725848,-0.0066305426,0.74064992,1.152672,57.371953,66.131043,False,0.97536218,True,False,False,0.74064992,1.152672,57.371953,66.131043,0.64520192,1.1730944,47.908892,56.201653,0.97523295,1.1041855,31.563889,34.85239,0.56120051,1.2968806,6.2530819,8.1095004,0.29272673,1.1301842,16.486641,18.632942,0.54269439,1.2127504,20.068333,24.337878,0.58584093,1.2036128,21.594335,25.991217,0.79839072,1.1510979,33.396081,38.442159
init,init,-1,,7375,126.Nelson_Sharp_tailed_Sparrow/Nelson_Sharp_Tailed_Sparrow_0017_796910.jpg,126,125,126.Nelson_Sharp_tailed_Sparrow,129,128,gaussian_blur,gaussian_blur,0,"{""sigma"":1.812519}",7.0662012,7.0267606,-0.039440632,0.0008534693,0.00088780309,0.031948775,0.028347755,-0.031095306,-0.027459952,0.003635354,0.73899194,1.0779704,57.371953,61.845265,False,0.95499736,True,False,False,0.73899194,1.0779704,57.371953,61.845265,0.65171042,1.0985953,47.908892,52.632485,0.95482807,1.0288815,31.563889,32.475503,0.47132156,0.97610554,6.2530819,6.1036678,0.54616795,1.3271057,16.486641,21.879515,0.54549732,1.1578128,20.068333,23.235374,0.58801144,1.0659378,21.594335,23.018218,0.76710112,1.0305525,33.396081,34.416415
init,init,-1,,7375,126.Nelson_Sharp_tailed_Sparrow/Nelson_Sharp_Tailed_Sparrow_0017_796910.jpg,126,125,126.Nelson_Sharp_tailed_Sparrow,129,128,random_erasing,random_erasing,0,"{""area_fraction"":0.185203,""erased"":true,""height"":0.239459,""left"":0.103605,""top"":0.365566,""width"":0.773424}",7.0662012,7.1169524,0.050751209,0.0008534693,0.00081123534,0.031948775,0.028022807,-0.031095306,-0.027211572,0.003883734,0.63680613,0.94189777,57.371953,54.038515,False,0.91739357,True,False,False,0.63680613,0.94189777,57.371953,54.038515,0.5107207,0.93124976,47.908892,44.615144,0.91713603,0.96598242,31.563889,30.490162,0.63434761,0.99402157,6.2530819,6.2156983,0.25757618,0.79806868,16.486641,13.157472,0.38663414,0.8552353,20.068333,17.163147,0.43587406,0.9747829,21.594335,21.049789,0.63088803,0.966159,33.396081,32.265925
init,init,-1,,3555,062.Herring_Gull/Herring_Gull_0094_47172.jpg,62,61,062.Herring_Gull,129,128,identity,identity,0,{},5.4317193,5.4317193,0,0.0043755672,0.0043755672,0.030638959,0.030638959,-0.026263392,-0.026263392,0,1,1,54.245936,54.245936,False,1,True,False,False,1,1,54.245936,54.245936,1,1,45.891084,45.891084,1,1,28.924556,28.924556,1,1,6.6082558,6.6082558,1,1,16.632449,16.632449,1,1,18.960194,18.960194,1,1,18.403309,18.403309,1,1,32.97747,32.97747
init,init,-1,,3555,062.Herring_Gull/Herring_Gull_0094_47172.jpg,62,61,062.Herring_Gull,129,128,horizontal_flip,horizontal_flip,0,"{""flipped"":true}",5.4317193,5.3587823,-0.072937012,0.0043755672,0.0047066342,0.030638959,0.029152766,-0.026263392,-0.024446132,0.0018172604,0.68649482,0.9861301,54.245936,53.49355,False,0.95902061,True,False,False,0.68649482,0.9861301,54.245936,53.49355,0.58268697,0.9971424,45.891084,45.759946,0.95892428,0.95784927,28.924556,27.705365,0.1511755,0.98586718,6.6082558,6.5148625,0.49903258,0.98808118,16.632449,16.434209,0.53885629,1.1265853,18.960194,21.360276,0.45489289,0.9723914,18.403309,17.895219,0.68170852,0.96128901,32.97747,31.700879
init,init,-1,,3555,062.Herring_Gull/Herring_Gull_0094_47172.jpg,62,61,062.Herring_Gull,129,128,color_jitter,color_jitter,0,"{""brightness"":1.27949,""contrast"":1.136089,""hue"":-0.021546,""saturation"":1.068807}",5.4317193,5.5044212,0.072701931,0.0043755672,0.0040687425,0.030638959,0.026951648,-0.026263392,-0.022882906,0.0033804863,0.74424728,1.1087821,54.245936,60.146925,False,0.96446848,True,False,False,0.74424728,1.1087821,54.245936,60.146925,0.66743064,1.1422452,45.891084,52.418869,0.96439086,1.0196982,28.924556,29.494317,0.20230811,1.8608713,6.6082558,12.297113,0.39244273,0.98239336,16.632449,16.339607,0.57022078,1.1443187,18.960194,21.696505,0.62432238,1.2658807,18.403309,23.296394,0.81933673,1.1000771,32.97747,36.27776
init,init,-1,,3555,062.Herring_Gull/Herring_Gull_0094_47172.jpg,62,61,062.Herring_Gull,129,128,rotation,rotation,0,"{""angle"":-12.56045}",5.4317193,5.2712789,-0.16044044,0.0043755672,0.005137037,0.030638959,0.028700644,-0.026263392,-0.023563607,0.0026997849,0.65485194,0.99358333,54.245936,53.897858,False,0.89811331,True,False,False,0.65485194,0.99358333,54.245936,53.897858,0.55214417,0.97408927,45.891084,44.702013,0.89777999,1.0410397,28.924556,30.111611,0.0099508083,1.0978469,6.6082558,7.2548534,0.47438581,0.98031217,16.632449,16.304992,0.55306398,0.89739764,18.960194,17.014833,0.4198484,0.97696819,18.403309,17.979447,0.63702458,0.99053264,32.97747,32.66526
init,init,-1,,3555,062.Herring_Gull/Herring_Gull_0094_47172.jpg,62,61,062.Herring_Gull,129,128,random_resized_crop,random_resized_crop,0,"{""area_fraction"":0.596905,""aspect"":0.856318,""fallback"":false,""height"":0.834901,""left"":0.094267,""top"":0.112065,""width"":0.714941}",5.4317193,5.3906689,-0.041050434,0.0043755672,0.0045589213,0.030638959,0.035203494,-0.026263392,-0.030644573,-0.0043811807,0.67194717,1.1558515,54.245936,62.700247,False,0.92832792,True,False,False,0.67194717,1.1558515,54.245936,62.700247,0.58258753,1.1917167,45.891084,54.68917,0.92818181,1.0602132,28.924556,30.666197,0.47580979,1.8999151,6.6082558,12.555125,0.47546356,1.2643115,16.632449,21.028596,0.44775786,1.215227,18.960194,23.040939,0.49451395,1.2086382,18.403309,22.242942,0.70437723,1.120518,32.97747,36.951847
init,init,-1,,3555,062.Herring_Gull/Herring_Gull_0094_47172.jpg,62,61,062.Herring_Gull,129,128,gaussian_blur,gaussian_blur,0,"{""sigma"":1.21838}",5.4317193,5.5495033,0.11778402,0.0043755672,0.0038893889,0.030638959,0.023407303,-0.026263392,-0.019517914,0.0067454781,0.65635865,1.1909647,54.245936,64.604996,False,0.92604709,True,False,False,0.65635865,1.1909647,54.245936,64.604996,0.57636932,1.2607057,45.891084,57.855151,0.92589271,0.99397987,28.924556,28.750426,0.14079162,1.9757712,6.6082558,13.056401,0.56161661,1.440415,16.632449,23.957629,0.4055035,1.3881657,18.960194,26.31989,0.53928975,1.3591228,18.403309,25.012356,0.71390303,1.0867691,32.97747,35.838895
init,init,-1,,3555,062.Herring_Gull/Herring_Gull_0094_47172.jpg,62,61,062.Herring_Gull,129,128,random_erasing,random_erasing,0,"{""area_fraction"":0.19533,""erased"":true,""height"":0.595657,""left"":0.295209,""top"":0.294094,""width"":0.327923}",5.4317193,5.478076,0.046356678,0.0043755672,0.0041773599,0.030638959,0.026534265,-0.026263392,-0.022356905,0.003906487,0.69074277,1.106154,54.245936,60.004359,False,0.89677352,False,False,False,0.69074277,1.106154,54.245936,60.004359,0.60999627,1.1096687,45.891084,50.9239,0.89633103,1.0972568,28.924556,31.737666,0.59787907,1.3156358,6.6082558,8.694058,0.55183152,1.0610424,16.632449,17.647734,0.54069698,1.2625364,18.960194,23.937935,0.51232549,1.0550663,18.403309,19.416711,0.68508336,1.0747533,32.97747,35.442645
init,init,-1,,9793,167.Hooded_Warbler/Hooded_Warbler_0021_165057.jpg,167,166,167.Hooded_Warbler,129,128,identity,identity,0,{},6.4094057,6.4094057,0,0.0016460022,0.0016460022,0.022008475,0.022008475,-0.020362473,-0.020362473,0,1,1,48.560753,48.560753,False,0.99999988,True,False,False,1,1,48.560753,48.560753,1,1,40.27533,40.27533,1,1,27.130141,27.130141,1,1,5.0511578,5.0511578,1,1,13.116163,13.116163,1,1,17.907386,17.907386,1,1,18.212087,18.212087,1,1,27.788481,27.788481
init,init,-1,,9793,167.Hooded_Warbler/Hooded_Warbler_0021_165057.jpg,167,166,167.Hooded_Warbler,129,128,horizontal_flip,horizontal_flip,0,"{""flipped"":true}",6.4094057,6.4809747,0.071568966,0.0016460022,0.0015323166,0.022008475,0.014113277,-0.020362473,-0.012580961,0.0077815121,0.68232379,0.91662321,48.560753,44.511914,False,0.9626565,False,False,False,0.68232379,0.91662321,48.560753,44.511914,0.55638771,0.91936131,40.27533,37.02758,0.96256743,0.9105599,27.130141,24.703619,0.089986516,1.0425438,5.0511578,5.266053,0.35517464,1.0124254,13.116163,13.279136,0.52048007,0.88400688,17.907386,15.830252,0.49300712,0.93395143,18.212087,17.009205,0.66855494,0.90113835,27.788481,25.041266
init,init,-1,,9793,167.Hooded_Warbler/Hooded_Warbler_0021_165057.jpg,167,166,167.Hooded_Warbler,129,128,color_jitter,color_jitter,0,"{""brightness"":0.737298,""contrast"":0.864036,""hue"":-0.052532,""saturation"":1.073449}",6.4094057,6.3933773,-0.016028404,0.0016460022,0.0016725982,0.022008475,0.030857757,-0.020362473,-0.029185159,-0.0088226858,0.81188242,1.0240418,48.560753,49.728243,False,0.93917322,False,False,False,0.81188242,1.0240418,48.560753,49.728243,0.75226971,1.01201,40.27533,40.759035,0.93887184,1.0500712,27.130141,28.48858,0.48026062,1.1186594,5.0511578,5.650525,0.6179759,1.0751589,13.116163,14.10196,0.73093499,0.99041735,17.907386,17.735785,0.73047008,0.97815095,18.212087,17.81417,0.81214347,1.0169521,27.788481,28.259556
init,init,-1,,9793,167.Hooded_Warbler/Hooded_Warbler_0021_165057.jpg,167,166,167.Hooded_Warbler,129,128,rotation,rotation,0,"{""angle"":-2.495267}",6.4094057,6.4236722,0.014266491,0.0016460022,0.0016226864,0.022008475,0.022722449,-0.020362473,-0.021099763,-0.00073729001,0.83558812,0.97634586,48.560753,47.412091,False,0.9754656,True,False,False,0.83558812,0.97634586,48.560753,47.412091,0.76985502,0.96440898,40.27533,38.84189,0.97541415,1.0021506,27.130141,27.188489,0.62449233,1.0628295,5.0511578,5.3685194,0.65931718,0.89074876,13.116163,11.683206,0.71466795,0.94536789,17.907386,16.929067,0.7335556,0.96579539,18.212087,17.58915,0.83550286,0.98381285,27.788481,27.338665
init,init,-1,,9793,167.Hooded_Warbler/Hooded_Warbler_0021_165057.jpg,167,166,167.Hooded_Warbler,129,128,random_resized_crop,random_resized_crop,0,"{""area_fraction"":0.511067,""aspect"":1.011277,""fallback"":false,""height"":0.710893,""left"":0.089991,""top"":0.019496,""width"":0.718909}",6.4094057,6.6810675,0.27166176,0.0016460022,0.0012544378,0.022008475,0.024010805,-0.020362473,-0.022756368,-0.0023938948,0.68290379,1.1180359,48.560753,54.292664,False,0.91123104,False,False,False,0.68290379,1.1180359,48.560753,54.292664,0.58493116,1.1357809,40.27533,45.743952,0.91106434,1.0778983,27.130141,29.243533,0.19366508,1.170238,5.0511578,5.9110567,0.45810008,1.251654,13.116163,16.416898,0.62391468,1.232942,17.907386,22.078767,0.52012389,1.1169477,18.212087,20.341949,0.64513473,1.07163,27.788481,29.778971
init,init,-1,,9793,167.Hooded_Warbler/Hooded_Warbler_0021_165057.jpg,167,166,167.Hooded_Warbler,129,128,gaussian_blur,gaussian_blur,0,"{""sigma"":1.207135}",6.4094057,6.3202806,-0.089125156,0.0016460022,0.0017994387,0.022008475,0.020376245,-0.020362473,-0.018576806,0.0017856669,0.68784377,1.14778,48.560753,55.737062,False,0.94245994,False,False,False,0.68784377,1.14778,48.560753,55.737062,0.60413923,1.2267299,40.27533,49.406953,0.94235549,0.95092401,27.130141,25.798703,0.28869859,1.5711072,5.0511578,7.9359103,0.52356011,1.5828264,13.116163,20.760608,0.53461906,1.3701073,17.907386,24.53504,0.55666024,1.2396779,18.212087,22.577122,0.72743829,1.0400994,27.788481,28.902782
init,init,-1,,9793,167.Hooded_Warbler/Hooded_Warbler_0021_165057.jpg,167,166,167.Hooded_Warbler,129,128,random_erasing,random_erasing,0,"{""area_fraction"":0.07743,""erased"":true,""height"":0.308277,""left"":0.274719,""top"":0.056398,""width"":0.251171}",6.4094057,6.4715757,0.062170029,0.0016460022,0.0015467867,0.022008475,0.028342726,-0.020362473,-0.026795939,-0.0064334662,0.90178314,1.0179906,48.560753,49.43439,False,0.9828769,True,False,False,0.90178314,1.0179906,48.560753,49.43439,0.86399021,1.0079998,40.27533,40.597526,0.98282842,1.0396694,27.130141,28.206378,0.7776541,1.118563,5.0511578,5.6500382,0.83311178,1.140377,13.116163,14.957371,0.84111983,1.0117221,17.907386,18.117297,0.84510804,0.94609474,18.212087,17.23036,0.8950118,0.99688183,27.788481,27.701832
init,init,-1,,303,006.Least_Auklet/Least_Auklet_0010_795092.jpg,6,5,006.Least_Auklet,129,128,identity,identity,0,{},6.7487621,6.7487621,0,0.0011723301,0.0011723301,0.05391613,0.05391613,-0.0527438,-0.0527438,0,1,1,56.481616,56.481616,False,1,True,False,False,1,1,56.481616,56.481616,1,1,48.516509,48.516509,1,1,28.91922,28.91922,1,1,7.4486981,7.4486981,1,1,20.777078,20.777078,1,1,21.622351,21.622351,1,1,21.689167,21.689167,1,1,30.475162,30.475162
init,init,-1,,303,006.Least_Auklet/Least_Auklet_0010_795092.jpg,6,5,006.Least_Auklet,129,128,horizontal_flip,horizontal_flip,0,"{""flipped"":true}",6.7487621,6.7070465,-0.041715622,0.0011723301,0.0012222686,0.05391613,0.039325919,-0.0527438,-0.03810365,0.01464015,0.61710272,0.96704743,56.481616,54.620401,False,0.96856785,True,False,False,0.61710272,0.96704743,56.481616,54.620401,0.48461929,0.95069939,48.516509,46.124615,0.96838303,1.0116423,28.91922,29.255907,-0.04814928,1.0818699,7.4486981,8.058522,0.027546911,0.79109987,20.777078,16.436744,0.50581493,0.92407998,21.622351,19.980782,0.47536008,0.93138717,21.689167,20.201012,0.68078785,1.0298776,30.475162,31.385686
init,init,-1,,303,006.Least_Auklet/Least_Auklet_0010_795092.jpg,6,5,006.Least_Auklet,129,128,color_jitter,color_jitter,0,"{""brightness"":0.704103,""contrast"":0.829153,""hue"":-0.013264,""saturation"":1.23284}",6.7487621,6.8166876,0.067925453,0.0011723301,0.0010953429,0.05391613,0.042632565,-0.0527438,-0.041537222,0.011206578,0.85059055,1.070822,56.481616,60.481755,False,0.9855144,True,False,False,0.85059055,1.070822,56.481616,60.481755,0.81022134,1.1044225,48.516509,53.582724,0.98541418,0.97002446,28.91922,28.05235,0.27366932,0.95261382,7.4486981,7.0957327,0.77760936,1.2771332,20.777078,26.535097,0.7826755,1.2791833,21.622351,27.65895,0.81009568,0.97702911,21.689167,21.190948,0.89857472,0.98581477,30.475162,30.042865
init,init,-1,,303,006.Least_Auklet/Least_Auklet_0010_795092.jpg,6,5,006.Least_Auklet,129,128,rotation,rotation,0,"{""angle"":6.429863}",6.7487621,7.1671677,0.41840553,0.0011723301,0.000771505,0.05391613,0.063877113,-0.0527438,-0.063105608,-0.010361808,0.78422335,1.1463882,56.481616,64.749855,False,0.94255674,True,False,False,0.78422335,1.1463882,56.481616,64.749855,0.72981164,1.1553177,48.516509,56.05198,0.94233988,1.120874,28.91922,32.414801,0.56761565,1.2243552,7.4486981,9.1198522,0.80132648,1.1931395,20.777078,24.789954,0.67567412,1.1580092,21.622351,25.038883,0.66856269,1.138825,21.689167,24.700165,0.76446872,1.1400389,30.475162,34.742871
init,init,-1,,303,006.Least_Auklet/Least_Auklet_0010_795092.jpg,6,5,006.Least_Auklet,129,128,random_resized_crop,random_resized_crop,0,"{""area_fraction"":0.677846,""aspect"":0.968416,""fallback"":false,""height"":0.836632,""left"":0.019744,""top"":0.121114,""width"":0.810208}",6.7487621,7.2953663,0.54660416,0.0011723301,0.00067867618,0.05391613,0.048619647,-0.0527438,-0.04794097,0.0048028297,0.72806571,1.1069121,56.481616,62.520183,False,0.9317987,True,False,False,0.72806571,1.1069121,56.481616,62.520183,0.65165495,1.0889338,48.516509,52.831266,0.93159167,1.1560127,28.91922,33.430984,0.58618157,1.5733751,7.4486981,11.719596,0.75224901,1.0481475,20.777078,21.777442,0.4968879,0.8918658,21.622351,19.284236,0.56150944,1.0222354,21.689167,22.171434,0.7250227,1.1904071,30.475162,36.277851
init,init,-1,,303,006.Least_Auklet/Least_Auklet_0010_795092.jpg,6,5,006.Least_Auklet,129,128,gaussian_blur,gaussian_blur,0,"{""sigma"":1.649068}",6.7487621,6.7719998,0.023237705,0.0011723301,0.0011454017,0.05391613,0.055449929,-0.0527438,-0.054304527,-0.0015607273,0.70666876,1.0143641,56.481616,57.292925,False,0.94093245,True,False,False,0.70666876,1.0143641,56.481616,57.292925,0.61926519,0.99999515,48.516509,48.516274,0.94082353,1.0537548,28.91922,30.473766,0.31631072,1.1518108,7.4486981,8.5794913,0.35566878,0.76095027,20.777078,15.810323,0.53629406,0.94982341,21.622351,20.537415,0.63229672,1.0187313,21.689167,22.095433,0.76414282,1.0982814,30.475162,33.470303
init,init,-1,,303,006.Least_Auklet/Least_Auklet_0010_795092.jpg,6,5,006.Least_Auklet,129,128,random_erasing,random_erasing,0,"{""area_fraction"":0.056395,""erased"":true,""height"":0.242631,""left"":0.680695,""top"":0.27176,""width"":0.232429}",6.7487621,6.6084776,-0.14028454,0.0011723301,0.0013488838,0.05391613,0.058783751,-0.0527438,-0.057434867,-0.004691067,0.88141111,0.99040728,56.481616,55.939803,False,0.97407699,True,False,False,0.88141111,0.99040728,56.481616,55.939803,0.84610272,0.94752418,48.516509,45.970565,0.97397668,1.1021827,28.91922,31.874265,0.65666986,0.8494584,7.4486981,6.3273591,0.86424844,0.77483694,20.777078,16.098848,0.85532208,0.91508216,21.622351,19.786228,0.82069866,0.91612797,21.689167,19.870052,0.86739084,1.0519669,30.475162,32.058863
init,init,-1,,9474,162.Canada_Warbler/Canada_Warbler_0121_162310.jpg,162,161,162.Canada_Warbler,4,3,identity,identity,0,{},6.3972826,6.3972826,0,0.001666078,0.001666078,0.022586863,0.022586863,-0.020920785,-0.020920785,0,1,1,57.305001,57.305001,False,0.99999994,True,False,False,1,1,57.305001,57.305001,1,1,46.643606,46.643606,1,1,33.290196,33.290196,1,1,8.7354771,8.7354771,1,1,15.723115,15.723115,1,1,18.693042,18.693042,1,1,20.390323,20.390323,1,1,32.968257,32.968257
init,init,-1,,9474,162.Canada_Warbler/Canada_Warbler_0121_162310.jpg,162,161,162.Canada_Warbler,4,3,horizontal_flip,horizontal_flip,0,"{""flipped"":true}",6.3972826,6.2400751,-0.15720749,0.001666078,0.0019497086,0.022586863,0.017583763,-0.020920785,-0.015634055,0.0052867308,0.69792059,0.9719796,57.305001,55.699291,False,0.9700582,False,False,False,0.69792059,0.9719796,57.305001,55.699291,0.55558822,0.96273777,46.643606,44.905561,0.96985675,0.98987168,33.290196,32.953022,0.43215516,0.97881613,8.7354771,8.5504259,0.35134322,0.94090363,15.723115,14.793936,0.44127501,0.92966989,18.693042,17.378358,0.45911061,0.93861791,20.390323,19.138722,0.67869057,0.98579256,32.968257,32.499862
init,init,-1,,9474,162.Canada_Warbler/Canada_Warbler_0121_162310.jpg,162,161,162.Canada_Warbler,4,3,color_jitter,color_jitter,0,"{""brightness"":1.131524,""contrast"":1.187424,""hue"":-0.085072,""saturation"":1.342747}",6.3972826,6.0050292,-0.3922534,0.001666078,0.0024663175,0.022586863,0.017730925,-0.020920785,-0.015264608,0.0056561778,0.70439558,1.024241,57.305001,58.694132,False,0.91734004,False,False,False,0.70439558,1.024241,57.305001,58.694132,0.5965492,1.025383,46.643606,47.827559,0.91681755,1.0219955,33.290196,34.02243,0.22669057,0.86760642,8.7354771,7.578956,0.28857927,1.0193933,15.723115,16.028039,0.52901587,1.0711953,18.693042,20.023898,0.57833887,1.0813473,20.390323,22.04902,0.72257408,0.9995928,32.968257,32.954832
init,init,-1,,9474,162.Canada_Warbler/Canada_Warbler_0121_162310.jpg,162,161,162.Canada_Warbler,4,3,rotation,rotation,0,"{""angle"":-6.154647}",6.3972826,6.0369482,-0.3603344,0.001666078,0.0023888373,0.022586863,0.019821649,-0.020920785,-0.017432812,0.0034879734,0.7534154,1.0541242,57.305001,60.40659,False,0.95470881,False,False,False,0.7534154,1.0541242,57.305001,60.40659,0.66015788,1.0829728,46.643606,50.513759,0.95450735,0.99506066,33.290196,33.125764,0.59784071,1.6035197,8.7354771,14.00751,0.53908301,1.1287801,15.723115,17.74794,0.60013644,1.1138349,18.693042,20.820962,0.58294071,1.0529052,20.390323,21.469077,0.75539932,1.0268276,32.968257,33.852716
init,init,-1,,9474,162.Canada_Warbler/Canada_Warbler_0121_162310.jpg,162,161,162.Canada_Warbler,4,3,random_resized_crop,random_resized_crop,0,"{""area_fraction"":0.712446,""aspect"":1.075646,""fallback"":false,""height"":0.813844,""left"":0.009353,""top"":0.177428,""width"":0.875408}",6.3972826,6.1115131,-0.28576946,0.001666078,0.0022171934,0.022586863,0.030202338,-0.020920785,-0.027985145,-0.0070643596,0.72590994,1.0212128,57.305001,58.5206,False,0.94782162,True,False,False,0.72590994,1.0212128,57.305001,58.5206,0.62247321,1.0478754,46.643606,48.876686,0.94761868,0.96673398,33.290196,32.182763,0.42134026,1.1897278,8.7354771,10.39284,0.47677369,1.1750533,15.723115,18.475498,0.59519028,1.1442099,18.693042,21.388764,0.56993652,1.0091393,20.390323,20.576676,0.71338939,0.9869377,32.968257,32.537616
init,init,-1,,9474,162.Canada_Warbler/Canada_Warbler_0121_162310.jpg,162,161,162.Canada_Warbler,4,3,gaussian_blur,gaussian_blur,0,"{""sigma"":1.495779}",6.3972826,5.9870191,-0.41026354,0.001666078,0.0025111383,0.022586863,0.023016358,-0.020920785,-0.020505219,0.00041556603,0.70610876,1.1075068,57.305001,63.465677,False,0.94330966,False,False,False,0.70610876,1.1075068,57.305001,63.465677,0.58946381,1.119519,46.643606,52.218405,0.94295579,1.0835377,33.290196,36.071184,0.10622831,1.0198191,8.7354771,8.9086064,0.24220072,1.192488,15.723115,18.749627,0.54549994,1.2227006,18.693042,22.855994,0.57035816,1.0322378,20.390323,21.047661,0.73031025,1.1063772,32.968257,36.475328
init,init,-1,,9474,162.Canada_Warbler/Canada_Warbler_0121_162310.jpg,162,161,162.Canada_Warbler,4,3,random_erasing,random_erasing,0,"{""area_fraction"":0.073077,""erased"":true,""height"":0.165461,""left"":0.327227,""top"":0.050134,""width"":0.441661}",6.3972826,6.3629546,-0.034327984,0.001666078,0.0017242646,0.022586863,0.022677861,-0.020920785,-0.020953597,-3.2811076e-05,0.93610717,1.0042585,57.305001,57.549037,False,0.99190456,False,False,False,0.93610717,1.0042585,57.305001,57.549037,0.90681427,0.99034344,46.643606,46.193189,0.99183979,1.0310298,33.290196,34.323183,0.92425793,0.86827398,8.7354771,7.5847874,0.83883577,0.93797399,15.723115,14.747873,0.88178073,0.97146706,18.693042,18.159674,0.89723931,0.97955474,20.390323,19.973438,0.93238782,1.019663,32.968257,33.616513
init,init,-1,,4449,077.Tropical_Kingbird/Tropical_Kingbird_0060_69942.jpg,77,76,077.Tropical_Kingbird,88,87,identity,identity,0,{},5.1735501,5.1735501,0,0.0056644231,0.0056644231,0.024869209,0.024869209,-0.019204786,-0.019204786,0,1,1,44.991751,44.991751,False,1,True,False,False,1,1,44.991751,44.991751,1,1,36.100169,36.100169,1,1,26.852103,26.852103,1,1,5.0544964,5.0544964,1,1,9.4603416,9.4603416,1,1,13.039991,13.039991,1,1,16.383811,16.383811,1,1,27.380752,27.380752
init,init,-1,,4449,077.Tropical_Kingbird/Tropical_Kingbird_0060_69942.jpg,77,76,077.Tropical_Kingbird,88,87,horizontal_flip,horizontal_flip,0,"{""flipped"":true}",5.1735501,5.0254416,-0.14810848,0.0056644231,0.0065686852,0.024869209,0.021005845,-0.019204786,-0.01443716,0.0047676265,0.65521667,1.0353763,44.991751,46.583391,False,0.94920075,False,False,False,0.65521667,1.0353763,44.991751,46.583391,0.49177384,1.0334384,36.100169,37.3073,0.94908971,1.0388697,26.852103,27.895837,0.24302043,1.1252216,5.0544964,5.6874285,0.17654014,1.1422363,9.4603416,10.805946,0.35470791,1.1474151,13.039991,14.962283,0.31341271,0.97389325,16.383811,15.956083,0.64225113,1.0096553,27.380752,27.645123
init,init,-1,,4449,077.Tropical_Kingbird/Tropical_Kingbird_0060_69942.jpg,77,76,077.Tropical_Kingbird,88,87,color_jitter,color_jitter,0,"{""brightness"":0.861392,""contrast"":1.268198,""hue"":-0.026902,""saturation"":1.111928}",5.1735501,5.3209,0.14734983,0.0056644231,0.0048883525,0.024869209,0.022041153,-0.019204786,-0.017152801,0.0020519854,0.90611442,0.99215844,44.991751,44.638945,False,0.9807691,True,False,False,0.90611442,0.99215844,44.991751,44.638945,0.86378678,0.9822001,36.100169,35.45759,0.98074324,1.0099083,26.852103,27.118163,0.81784854,0.97681966,5.0544964,4.9373314,0.73351843,0.9312267,9.4603416,8.8097228,0.80335675,0.94670721,13.039991,12.345053,0.82480602,0.9719051,16.383811,15.92351,0.90676412,0.99972527,27.380752,27.37323
init,init,-1,,4449,077.Tropical_Kingbird/Tropical_Kingbird_0060_69942.jpg,77,76,077.Tropical_Kingbird,88,87,rotation,rotation,0,"{""angle"":7.936687}",5.1735501,5.0563049,-0.1172452,0.0056644231,0.0063690483,0.024869209,0.021648645,-0.019204786,-0.015279597,0.0039251889,0.77161467,1.0553343,44.991751,47.481339,False,0.9566983,True,False,False,0.77161467,1.0553343,44.991751,47.481339,0.66901493,1.0543971,36.100169,38.063915,0.956597,1.0570261,26.852103,28.383375,0.5076857,1.1441155,5.0544964,5.7829275,0.48476089,1.3271214,9.4603416,12.555022,0.59566214,1.0675375,13.039991,13.920679,0.56582416,0.96257067,16.383811,15.770576,0.75792977,1.042826,27.380752,28.553361
init,init,-1,,4449,077.Tropical_Kingbird/Tropical_Kingbird_0060_69942.jpg,77,76,077.Tropical_Kingbird,88,87,random_resized_crop,random_resized_crop,0,"{""area_fraction"":0.592835,""aspect"":1.017178,""fallback"":false,""height"":0.763429,""left"":0.178431,""top"":0.114238,""width"":0.776543}",5.1735501,5.227788,0.054237843,0.0056644231,0.0053653806,0.024869209,0.022828968,-0.019204786,-0.017463588,0.0017411984,0.72743868,1.0278478,44.991751,46.244671,False,0.94146937,False,False,False,0.72743868,1.0278478,44.991751,46.244671,0.61122079,1.0341804,36.100169,37.334088,0.94126147,1.0163019,26.852103,27.289842,0.72633344,1.7462363,5.0544964,8.8263451,0.45340746,1.0768072,9.4603416,10.186964,0.47427031,1.0541312,13.039991,13.74586,0.51212962,0.95771785,16.383811,15.691068,0.69574695,1.0180388,27.380752,27.874669
init,init,-1,,4449,077.Tropical_Kingbird/Tropical_Kingbird_0060_69942.jpg,77,76,077.Tropical_Kingbird,88,87,gaussian_blur,gaussian_blur,0,"{""sigma"":1.106676}",5.1735501,5.3638854,0.19033527,0.0056644231,0.0046826773,0.024869209,0.019087048,-0.019204786,-0.014404371,0.0048004151,0.80743715,1.037073,44.991751,46.65973,False,0.95508337,False,False,False,0.80743715,1.037073,44.991751,46.65973,0.7280059,1.0466523,36.100169,37.784327,0.95500371,1.0195306,26.852103,27.376541,0.58044974,1.127776,5.0544964,5.7003396,0.53534038,1.1927148,9.4603416,11.283489,0.62505947,1.0493264,13.039991,13.683206,0.67018021,1.0313364,16.383811,16.897221,0.80573659,1.0298287,27.380752,28.197484
init,init,-1,,4449,077.Tropical_Kingbird/Tropical_Kingbird_0060_69942.jpg,77,76,077.Tropical_Kingbird,88,87,random_erasing,random_erasing,0,"{""area_fraction"":0.092117,""erased"":true,""height"":0.355637,""left"":0.457851,""top"":0.378745,""width"":0.259021}",5.1735501,4.9539371,-0.21961308,0.0056644231,0.0070555774,0.024869209,0.020604594,-0.019204786,-0.013549016,0.0056557697,0.72302423,1.1199808,44.991751,50.389899,False,0.91535091,False,False,False,0.72302423,1.1199808,44.991751,50.389899,0.61999024,1.131436,36.100169,40.845033,0.91495137,1.0989734,26.852103,29.509748,0.28043234,1.1111859,5.0544964,5.6164853,0.47211651,1.4736717,9.4603416,13.941438,0.58044321,1.1770415,13.039991,15.34861,0.59479802,1.0879976,16.383811,17.825548,0.67865578,1.0889917,27.380752,29.817413
init,init,-1,,4363,075.Green_Jay/Green_Jay_0095_65881.jpg,75,74,075.Green_Jay,129,128,identity,identity,0,{},5.2472014,5.2472014,0,0.005262224,0.005262224,0.029682426,0.029682426,-0.024420202,-0.024420202,0,1,1,53.450136,53.450136,False,1,True,False,False,1,1,53.450136,53.450136,1,1,44.551514,44.551514,1,1,29.530996,29.530996,1,1,6.9201286,6.9201286,1,1,13.785644,13.785644,1,1,19.483856,19.483856,1,1,19.576214,19.576214,1,1,31.369673,31.369673
init,init,-1,,4363,075.Green_Jay/Green_Jay_0095_65881.jpg,75,74,075.Green_Jay,129,128,horizontal_flip,horizontal_flip,0,"{""flipped"":true}",5.2472014,5.734087,0.48688555,0.005262224,0.0032338337,0.029682426,0.034602392,-0.024420202,-0.031368559,-0.006948357,0.66909473,1.0362908,53.450136,55.389882,False,0.96215749,True,False,False,0.66909473,1.0362908,53.450136,55.389882,0.54581684,1.0491694,44.551514,46.742087,0.96201539,1.0063648,29.530996,29.718956,0.44796572,1.2925579,6.9201286,8.944667,0.3669924,1.3082278,13.785644,18.034763,0.49082476,1.0390556,19.483856,20.244809,0.41690254,1.0131757,19.576214,19.834144,0.67556758,0.99606004,31.369673,31.246078
init,init,-1,,4363,075.Green_Jay/Green_Jay_0095_65881.jpg,75,74,075.Green_Jay,129,128,color_jitter,color_jitter,0,"{""brightness"":1.052185,""contrast"":1.097573,""hue"":0.034793,""saturation"":0.891556}",5.2472014,5.4107327,0.1635313,0.005262224,0.0044683642,0.029682426,0.030463954,-0.024420202,-0.02599559,-0.0015753885,0.91003928,1.0243416,53.450136,54.7512,False,0.99167264,True,False,False,0.91003928,1.0243416,53.450136,54.7512,0.87429393,1.0252868,44.551514,45.67808,0.99164463,1.0221871,29.530996,30.186204,0.71467212,1.1426389,6.9201286,7.9072084,0.72329773,1.0724606,13.785644,14.784559,0.84190251,1.0141557,19.483856,19.759664,0.85160272,1.0004332,19.576214,19.584694,0.93510485,1.0237605,31.369673,32.115032
init,init,-1,,4363,075.Green_Jay/Green_Jay_0095_65881.jpg,75,74,075.Green_Jay,129,128,rotation,rotation,0,"{""angle"":-13.062367}",5.2472014,5.0821047,-0.16509676,0.005262224,0.0062068305,0.029682426,0.022453314,-0.024420202,-0.016246483,0.0081737186,0.65853359,0.95891895,53.450136,51.254349,False,0.89401329,True,False,False,0.65853359,0.95891895,53.450136,51.254349,0.55624677,0.96184792,44.551514,42.85178,0.89371383,0.95221909,29.530996,28.119978,0.59617172,1.4554598,6.9201286,10.071969,0.48656105,0.93418914,13.785644,12.878399,0.52634328,0.90852256,19.483856,17.701523,0.41147581,0.92003569,19.576214,18.010816,0.63449126,0.97279593,31.369673,30.51629
init,init,-1,,4363,075.Green_Jay/Green_Jay_0095_65881.jpg,75,74,075.Green_Jay,129,128,random_resized_crop,random_resized_crop,0,"{""area_fraction"":0.667262,""aspect"":0.999613,""fallback"":false,""height"":0.817019,""left"":0.134443,""top"":0.172202,""width"":0.816703}",5.2472014,5.59512,0.34791851,0.005262224,0.0037159538,0.029682426,0.030795755,-0.024420202,-0.027079801,-0.0026595993,0.69117733,1.01367,53.450136,54.180801,False,0.92511666,True,False,False,0.69117733,1.01367,53.450136,54.180801,0.58864048,1.0141069,44.551514,45.179998,0.92487976,1.012675,29.530996,29.905301,0.13481277,0.80002317,6.9201286,5.5362632,0.41091642,1.4300287,13.785644,19.713866,0.59551222,1.0196569,19.483856,19.866849,0.51306222,0.95215908,19.576214,18.63967,0.69885873,0.94555338,31.369673,29.661701
init,init,-1,,4363,075.Green_Jay/Green_Jay_0095_65881.jpg,75,74,075.Green_Jay,129,128,gaussian_blur,gaussian_blur,0,"{""sigma"":1.444368}",5.2472014,4.8624096,-0.38479185,0.005262224,0.007731833,0.029682426,0.021228289,-0.024420202,-0.013496456,0.010923746,0.7111775,1.1724035,53.450136,62.665126,False,0.94488668,False,False,False,0.7111775,1.1724035,53.450136,62.665126,0.62922527,1.2320952,44.551514,54.891708,0.94463932,1.0236508,29.530996,30.229429,0.2215069,1.6131361,6.9201286,11.163109,0.488604,1.7328259,13.785644,23.888121,0.59086878,1.2770027,19.483856,24.880937,0.60907347,1.2196647,19.576214,23.876417,0.74925077,1.0709739,31.369673,33.596101
init,init,-1,,4363,075.Green_Jay/Green_Jay_0095_65881.jpg,75,74,075.Green_Jay,129,128,random_erasing,random_erasing,0,"{""area_fraction"":0.106159,""erased"":true,""height"":0.207897,""left"":0.29126,""top"":0.305862,""width"":0.510633}",5.2472014,4.9554329,-0.29176855,0.005262224,0.0070450301,0.029682426,0.024084764,-0.024420202,-0.017039733,0.0073804683,0.82561992,1.1988095,53.450136,64.076531,False,0.95302069,False,False,False,0.82561992,1.1988095,53.450136,64.076531,0.77580225,1.2314275,44.551514,54.861959,0.95277059,1.121039,29.530996,33.105397,0.78871658,1.3271631,6.9201286,9.1841393,0.70736452,1.3555411,13.785644,18.687007,0.77251479,1.3328046,19.483856,25.968173,0.7484117,1.1999538,19.576214,23.490553,0.80581771,1.1713259,31.369673,36.744112
init,init,-1,,6394,110.Geococcyx/Geococcyx_0091_104301.jpg,110,109,110.Geococcyx,129,128,identity,identity,0,{},5.580514,5.580514,0,0.0037706285,0.0037706285,0.021643015,0.021643015,-0.017872386,-0.017872386,0,1,1,41.378781,41.378781,False,1.0000001,True,False,False,1,1,41.378781,41.378781,1,1,34.272599,34.272599,1,1,23.186041,23.186041,1,1,4.1332769,4.1332769,1,1,10.363253,10.363253,1,1,13.241673,13.241673,1,1,14.053382,14.053382,1,1,26.024807,26.024807
init,init,-1,,6394,110.Geococcyx/Geococcyx_0091_104301.jpg,110,109,110.Geococcyx,129,128,horizontal_flip,horizontal_flip,0,"{""flipped"":true}",5.580514,5.7605314,0.18001747,0.0037706285,0.0031494382,0.021643015,0.025563559,-0.017872386,-0.02241412,-0.0045417342,0.67341023,1.041781,41.378781,43.107629,False,0.95745194,True,False,False,0.67341023,1.041781,41.378781,43.107629,0.54709829,1.0508166,34.272599,36.014216,0.95742651,1.0217608,23.186041,23.690586,0.62250883,0.92354408,4.1332769,3.8172634,0.45737131,1.1137174,10.363253,11.541736,0.47730987,1.0602878,13.241673,14.039984,0.37840041,1.0829232,14.053382,15.218734,0.63141865,1.0314124,26.024807,26.84231
init,init,-1,,6394,110.Geococcyx/Geococcyx_0091_104301.jpg,110,109,110.Geococcyx,129,128,color_jitter,color_jitter,0,"{""brightness"":0.621306,""contrast"":0.861791,""hue"":0.011396,""saturation"":0.616565}",5.580514,5.5131149,-0.067399025,0.0037706285,0.0040335236,0.021643015,0.020752285,-0.017872386,-0.016718761,0.0011536251,0.84115606,1.0669237,41.378781,44.148003,False,0.97150016,True,False,False,0.84115606,1.0669237,41.378781,44.148003,0.78404494,1.0799598,34.272599,37.013028,0.97146284,1.0378711,23.186041,24.064121,0.51281581,1.3553121,4.1332769,5.6018802,0.46913114,1.1300572,10.363253,11.711069,0.75432538,1.121534,13.241673,14.850987,0.76071292,1.1178521,14.053382,15.709603,0.86438242,1.0410877,26.024807,27.094106
init,init,-1,,6394,110.Geococcyx/Geococcyx_0091_104301.jpg,110,109,110.Geococcyx,129,128,rotation,rotation,0,"{""angle"":4.544623}",5.580514,5.7339802,0.15346622,0.0037706285,0.0032341795,0.021643015,0.02121686,-0.017872386,-0.017982681,-0.00011029444,0.75291295,1.0993035,41.378781,45.487837,False,0.93753827,True,False,False,0.75291295,1.0993035,41.378781,45.487837,0.66910276,1.1020278,34.272599,37.769356,0.93750726,1.0933274,23.186041,25.349933,0.55417073,0.96757312,4.1332769,3.9992476,0.40340235,1.1398961,10.363253,11.813032,0.58543828,1.0752948,13.241673,14.238702,0.56999807,1.1041488,14.053382,15.517025,0.76527183,1.1053174,26.024807,28.765671
init,init,-1,,6394,110.Geococcyx/Geococcyx_0091_104301.jpg,110,109,110.Geococcyx,129,128,random_resized_crop,random_resized_crop,0,"{""area_fraction"":0.505806,""aspect"":0.949791,""fallback"":false,""height"":0.729757,""left"":0.280351,""top"":0.030072,""width"":0.693116}",5.580514,5.1921487,-0.38836527,0.0037706285,0.0055600475,0.021643015,0.0070479997,-0.017872386,-0.0014879522,0.016384434,0.4568403,0.90494933,41.378781,37.4457,False,0.68564183,False,False,False,0.4568403,0.90494933,41.378781,37.4457,0.38314577,0.97449986,34.272599,33.398643,0.68590044,0.73029055,23.186041,16.932546,0.69127748,1.4605505,4.1332769,6.0368595,0.3488833,1.0777266,10.363253,11.168754,0.36929727,1.3044918,13.241673,17.273654,0.35659359,1.1026785,14.053382,15.496362,0.4123444,0.78349847,26.024807,20.390396
init,init,-1,,6394,110.Geococcyx/Geococcyx_0091_104301.jpg,110,109,110.Geococcyx,129,128,gaussian_blur,gaussian_blur,0,"{""sigma"":1.836226}",5.580514,5.926383,0.34586906,0.0037706285,0.0026681158,0.021643015,0.019692823,-0.017872386,-0.017024708,0.00084767863,0.46577688,1.3076361,41.378781,54.108389,False,0.75779516,False,False,False,0.46577688,1.3076361,41.378781,54.108389,0.36737219,1.4009674,34.272599,48.014793,0.75778735,1.0759012,23.186041,24.945889,0.31961367,2.3256412,4.1332769,9.612519,0.25688146,2.0632803,10.363253,21.382297,0.32478228,1.847967,13.241673,24.470175,0.32444271,1.4580709,14.053382,20.490827,0.47588858,1.0432575,26.024807,27.150576
init,init,-1,,6394,110.Geococcyx/Geococcyx_0091_104301.jpg,110,109,110.Geococcyx,129,128,random_erasing,random_erasing,0,"{""area_fraction"":0.173073,""erased"":true,""height"":0.475684,""left"":0.342688,""top"":0.50095,""width"":0.363841}",5.580514,5.7587452,0.17823124,0.0037706285,0.0031550676,0.021643015,0.020065386,-0.017872386,-0.016910318,0.00096206786,0.80702165,1.0801002,41.378781,44.693231,False,0.95836997,True,False,False,0.80702165,1.0801002,41.378781,44.693231,0.7422073,1.0996951,34.272599,37.68941,0.95834864,1.0359977,23.186041,24.020684,0.78053748,1.0468839,4.1332769,4.3270612,0.64063921,1.1774035,10.363253,12.201731,0.61214454,1.0903894,13.241673,14.43858,0.66843723,1.1312222,14.053382,15.897498,0.81580261,1.0811554,26.024807,28.13686
init,init,-1,,5235,090.Red_breasted_Merganser/Red_Breasted_Merganser_0016_79476.jpg,90,89,090.Red_breasted_Merganser,46,45,identity,identity,0,{},5.1966391,5.1966391,0,0.005535136,0.005535136,0.0377157,0.0377157,-0.032180564,-0.032180564,0,1,1,59.714524,59.714524,False,1,True,False,False,1,1,59.714524,59.714524,1,1,50.817108,50.817108,1,1,31.35994,31.35994,1,1,6.2327975,6.2327975,1,1,16.887065,16.887065,1,1,23.926133,23.926133,1,1,22.148734,22.148734,1,1,34.573566,34.573566
init,init,-1,,5235,090.Red_breasted_Merganser/Red_Breasted_Merganser_0016_79476.jpg,90,89,090.Red_breasted_Merganser,46,45,horizontal_flip,horizontal_flip,0,"{""flipped"":true}",5.1966391,5.2544394,0.057800293,0.005535136,0.0052242763,0.0377157,0.035061974,-0.032180564,-0.029837698,0.0023428658,0.6460496,1.1156676,59.714524,66.62156,False,0.95357883,True,False,False,0.6460496,1.1156676,59.714524,66.62156,0.53320987,1.1263615,50.817108,57.238435,0.95335199,1.0870864,31.35994,34.090965,0.13313557,1.6078893,6.2327975,10.021648,0.31731527,1.2211688,16.887065,20.621957,0.51921325,1.0756638,23.926133,25.736475,0.4325717,1.1646094,22.148734,25.794624,0.66348885,1.0910118,34.573566,37.720168
init,init,-1,,5235,090.Red_breasted_Merganser/Red_Breasted_Merganser_0016_79476.jpg,90,89,090.Red_breasted_Merganser,46,45,color_jitter,color_jitter,0,"{""brightness"":1.193331,""contrast"":0.916042,""hue"":-0.066151,""saturation"":1.341834}",5.1966391,5.0659509,-0.13068819,0.005535136,0.0063079093,0.0377157,0.039364278,-0.032180564,-0.033056369,-0.0008758055,0.79396502,0.99348594,59.714524,59.32554,False,0.94619721,True,False,False,0.79396502,0.99348594,59.714524,59.32554,0.73593476,0.99299051,50.817108,50.460906,0.94606957,0.99478567,31.35994,31.196419,0.47736635,1.2262041,6.2327975,7.6426817,0.65811036,0.94774204,16.887065,16.004582,0.72679193,1.0037353,23.926133,24.015504,0.6967531,1.0571828,22.148734,23.415261,0.78907147,0.96222374,34.573566,33.267507
init,init,-1,,5235,090.Red_breasted_Merganser/Red_Breasted_Merganser_0016_79476.jpg,90,89,090.Red_breasted_Merganser,46,45,rotation,rotation,0,"{""angle"":-0.80748}",5.1966391,5.1738701,-0.022768974,0.005535136,0.0056626131,0.0377157,0.035347149,-0.032180564,-0.029684536,0.0024960279,0.86302955,0.93429456,59.714524,55.790955,False,0.97796059,True,False,False,0.86302955,0.93429456,59.714524,55.790955,0.81892429,0.9321804,50.817108,47.370712,0.97792215,0.93982339,31.35994,29.472806,0.70306333,1.2051035,6.2327975,7.5111659,0.71053036,0.8926025,16.887065,15.073437,0.81572742,0.98554603,23.926133,23.580305,0.77951967,0.91020621,22.148734,20.159915,0.86917366,0.91369338,34.573566,31.589639
init,init,-1,,5235,090.Red_breasted_Merganser/Red_Breasted_Merganser_0016_79476.jpg,90,89,090.Red_breasted_Merganser,46,45,random_resized_crop,random_resized_crop,0,"{""area_fraction"":0.610338,""aspect"":0.901647,""fallback"":false,""height"":0.822748,""left"":0.243319,""top"":0.08232,""width"":0.741828}",5.1966391,4.9844332,-0.21220589,0.005535136,0.0068436554,0.0377157,0.032910772,-0.032180564,-0.026067116,0.0061134472,0.75353295,1.0040625,59.714524,59.957117,False,0.95808446,True,False,False,0.75353295,1.0040625,59.714524,59.957117,0.67136069,0.98717392,50.817108,50.165324,0.95788593,1.0471136,31.35994,32.837419,0.54985204,1.3656739,6.2327975,8.5119687,0.4998509,0.93753704,16.887065,15.832249,0.67693687,0.97141133,23.926133,23.242116,0.59555809,0.96694549,22.148734,21.416618,0.74455939,0.99968498,34.573566,34.562675
init,init,-1,,5235,090.Red_breasted_Merganser/Red_Breasted_Merganser_0016_79476.jpg,90,89,090.Red_breasted_Merganser,46,45,gaussian_blur,gaussian_blur,0,"{""sigma"":1.937327}",5.1966391,5.370913,0.17427397,0.005535136,0.0046498841,0.0377157,0.029621433,-0.032180564,-0.024971549,0.0072090141,0.57094108,0.97933308,59.714524,58.480408,False,0.8604331,True,False,False,0.57094108,0.97933308,59.714524,58.480408,0.46667115,0.99301976,50.817108,50.462392,0.86000276,0.94244822,31.35994,29.55512,-0.0079847728,1.545746,6.2327975,9.6343217,0.31282318,1.141793,16.887065,19.281532,0.49958918,1.0970192,23.926133,26.247427,0.36809696,0.98674948,22.148734,21.855252,0.57688532,0.87504793,34.573566,30.253528
init,init,-1,,5235,090.Red_breasted_Merganser/Red_Breasted_Merganser_0016_79476.jpg,90,89,090.Red_breasted_Merganser,46,45,random_erasing,random_erasing,0,"{""area_fraction"":0.179835,""erased"":true,""height"":0.276701,""left"":0.058431,""top"":0.566492,""width"":0.649924}",5.1966391,4.2237253,-0.97291374,0.005535136,0.014643987,0.0377157,0.03863569,-0.032180564,-0.023991703,0.0081888605,0.69997152,0.97324429,59.714524,58.116819,False,0.90970224,True,False,False,0.69997152,0.97324429,59.714524,58.116819,0.61981363,0.97182861,50.817108,49.38552,0.90935707,0.97695187,31.35994,30.637152,0.19793043,0.96129099,6.2327975,5.991532,0.49795423,0.93873649,16.887065,15.852504,0.69247516,0.89854333,23.926133,21.498667,0.55083146,0.9766059,22.148734,21.630584,0.65764669,1.0109507,34.573566,34.952172
init,init,-1,,9193,157.Yellow_throated_Vireo/Yellow_Throated_Vireo_0012_794977.jpg,157,156,157.Yellow_throated_Vireo,129,128,identity,identity,0,{},5.7144938,5.7144938,0,0.0032978186,0.0032978186,0.024912484,0.024912484,-0.021614665,-0.021614665,0,1,1,39.644958,39.644958,False,1,True,False,False,1,1,39.644958,39.644958,1,1,31.923903,31.923903,1,1,23.507172,23.507172,1,1,6.2111623,6.2111623,1,1,10.39981,10.39981,1,1,14.895712,14.895712,1,1,12.823138,12.823138,1,1,22.047357,22.047357
init,init,-1,,9193,157.Yellow_throated_Vireo/Yellow_Throated_Vireo_0012_794977.jpg,157,156,157.Yellow_throated_Vireo,129,128,horizontal_flip,horizontal_flip,0,"{""flipped"":true}",5.7144938,5.6439581,-0.07053566,0.0032978186,0.0035388323,0.024912484,0.03458745,-0.021614665,-0.031048618,-0.0094339526,0.69622154,1.0692582,39.644958,42.390696,False,0.96254569,True,False,False,0.69622154,1.0692582,39.644958,42.390696,0.53574754,1.0228213,31.923903,32.652449,0.96242564,1.1499938,23.507172,27.033103,0.0087486715,0.78742992,6.2111623,4.890855,0.42792268,0.97768728,10.39981,10.167761,0.51925803,0.98080475,14.895712,14.609785,0.41335521,1.0478519,12.823138,13.43675,0.63872911,1.0587575,22.047357,23.342805
init,init,-1,,9193,157.Yellow_throated_Vireo/Yellow_Throated_Vireo_0012_794977.jpg,157,156,157.Yellow_throated_Vireo,129,128,color_jitter,color_jitter,0,"{""brightness"":1.388558,""contrast"":1.233119,""hue"":0.065562,""saturation"":1.070079}",5.7144938,5.3571529,-0.35734081,0.0032978186,0.0047143111,0.024912484,0.013478464,-0.021614665,-0.0087641524,0.012850513,0.74880221,0.92590797,39.644958,36.707583,False,0.91957748,False,False,False,0.74880221,0.92590797,39.644958,36.707583,0.66044266,0.93984287,31.923903,30.003453,0.91951668,0.89964189,23.507172,21.148037,0.64347907,1.1779011,6.2111623,7.3161349,0.56293776,0.84393153,10.39981,8.7767271,0.70683716,0.89276349,14.895712,13.298347,0.58118993,0.92905159,12.823138,11.913357,0.69029926,0.96310177,22.047357,21.233848
init,init,-1,,9193,157.Yellow_throated_Vireo/Yellow_Throated_Vireo_0012_794977.jpg,157,156,157.Yellow_throated_Vireo,129,128,rotation,rotation,0,"{""angle"":2.229832}",5.7144938,5.9959478,0.28145409,0.0032978186,0.0024888169,0.024912484,0.028565295,-0.021614665,-0.026076478,-0.0044618128,0.82258615,1.0950384,39.644958,43.41275,False,0.97251374,True,False,False,0.82258615,1.0950384,39.644958,43.41275,0.74223804,1.099328,31.923903,35.094842,0.9724749,1.0870825,23.507172,25.554235,0.71098037,0.89770103,6.2111623,5.5757668,0.57476386,1.095132,10.39981,11.389164,0.73051581,1.0676979,14.895712,15.90412,0.68885675,1.1735217,12.823138,15.048231,0.80734519,1.1030736,22.047357,24.319857
init,init,-1,,9193,157.Yellow_throated_Vireo/Yellow_Throated_Vireo_0012_794977.jpg,157,156,157.Yellow_throated_Vireo,129,128,random_resized_crop,random_resized_crop,0,"{""area_fraction"":0.631774,""aspect"":0.762396,""fallback"":false,""height"":0.910312,""left"":0.264812,""top"":0.053938,""width"":0.694018}",5.7144938,5.6014676,-0.11302614,0.0032978186,0.0036924407,0.024912484,0.037375294,-0.021614665,-0.033682853,-0.012068188,0.74303497,1.2240038,39.644958,48.525582,False,0.95504314,True,False,False,0.74303497,1.2240038,39.644958,48.525582,0.61729508,1.1777239,31.923903,37.597544,0.95475667,1.3050604,23.507172,30.678279,0.32491204,1.1280954,6.2111623,7.0067839,0.43827095,1.1340171,10.39981,11.793562,0.61937665,1.1609884,14.895712,17.293748,0.5187731,1.1868782,12.823138,15.219502,0.70938359,1.1954667,22.047357,26.356881
init,init,-1,,9193,157.Yellow_throated_Vireo/Yellow_Throated_Vireo_0012_794977.jpg,157,156,157.Yellow_throated_Vireo,129,128,gaussian_blur,gaussian_blur,0,"{""sigma"":1.884834}",5.7144938,5.9325104,0.21801662,0.0032978186,0.0026518165,0.024912484,0.053825635,-0.021614665,-0.051173819,-0.029559154,0.65211517,1.5347238,39.644958,60.844061,False,0.87394321,True,False,False,0.65211517,1.5347238,39.644958,60.844061,0.56203238,1.6449926,31.923903,52.514583,0.87324942,1.3071813,23.507172,30.728135,0.73818574,1.8695894,6.2111623,11.612323,0.51826905,1.9792819,10.39981,20.584154,0.65629892,1.8411039,14.895712,27.424553,0.47857355,1.7341499,12.823138,22.237242,0.54883346,1.3999254,22.047357,30.864655
init,init,-1,,9193,157.Yellow_throated_Vireo/Yellow_Throated_Vireo_0012_794977.jpg,157,156,157.Yellow_throated_Vireo,129,128,random_erasing,random_erasing,0,"{""area_fraction"":0.083432,""erased"":true,""height"":0.438989,""left"":0.735044,""top"":0.313813,""width"":0.190055}",5.7144938,5.9147768,0.20028305,0.0032978186,0.0026992613,0.024912484,0.036353625,-0.021614665,-0.033654364,-0.012039699,0.78399876,1.2455352,39.644958,49.379191,False,0.93570948,True,False,False,0.78399876,1.2455352,39.644958,49.379191,0.70594947,1.265743,31.923903,40.407458,0.93547902,1.2073791,23.507172,28.382069,0.46003819,0.82470337,6.2111623,5.1223665,0.7606718,1.3378537,10.39981,13.913424,0.76315047,1.3096936,14.895712,19.508818,0.6258495,1.2524986,12.823138,16.060962,0.70946805,1.2621877,22.047357,27.827903
init,init,-1,,3990,069.Rufous_Hummingbird/Rufous_Hummingbird_0064_58509.jpg,69,68,069.Rufous_Hummingbird,171,170,identity,identity,0,{},5.1875725,5.1875725,0,0.0055855503,0.0055855503,0.039994054,0.039994054,-0.034408503,-0.034408503,0,1,1,54.591159,54.591159,False,1,True,False,False,1,1,54.591159,54.591159,1,1,43.530196,43.530196,1,1,32.944145,32.944145,1,1,10.679859,10.679859,1,1,15.728583,15.728583,1,1,18.225264,18.225264,1,1,16.811843,16.811843,1,1,30.308942,30.308942
init,init,-1,,3990,069.Rufous_Hummingbird/Rufous_Hummingbird_0064_58509.jpg,69,68,069.Rufous_Hummingbird,171,170,horizontal_flip,horizontal_flip,0,"{""flipped"":true}",5.1875725,4.7840214,-0.4035511,0.0055855503,0.0083623016,0.039994054,0.03065191,-0.034408503,-0.022289609,0.012118895,0.71131034,0.96558756,54.591159,52.712544,False,0.96731931,True,False,False,0.71131034,0.96558756,54.591159,52.712544,0.55772534,0.9479936,43.530196,41.266347,0.9671783,0.99556021,32.944145,32.79788,0.2168001,0.51064582,10.679859,5.4536252,0.363933,0.88158115,15.728583,13.866022,0.54797622,0.91234129,18.225264,16.627661,0.40205147,0.95347261,16.811843,16.029632,0.68112815,1.0155774,30.308942,30.781075
init,init,-1,,3990,069.Rufous_Hummingbird/Rufous_Hummingbird_0064_58509.jpg,69,68,069.Rufous_Hummingbird,171,170,color_jitter,color_jitter,0,"{""brightness"":0.662117,""contrast"":1.314687,""hue"":-0.033402,""saturation"":1.05663}",5.1875725,5.3745689,0.18699646,0.0055855503,0.0046329163,0.039994054,0.036314845,-0.034408503,-0.031681929,0.0027265744,0.80741681,1.0814709,54.591159,59.03875,False,0.97274375,True,False,False,0.80741681,1.0814709,54.591159,59.03875,0.72123066,1.1127074,43.530196,48.43637,0.97261863,1.0246544,32.944145,33.756365,0.51525451,0.65888374,10.679859,7.0367852,0.48601695,1.1903434,15.728583,18.722415,0.65129865,1.185301,18.225264,21.602423,0.69184574,1.1654761,16.811843,19.593801,0.85182208,1.0920097,30.308942,33.097659
init,init,-1,,3990,069.Rufous_Hummingbird/Rufous_Hummingbird_0064_58509.jpg,69,68,069.Rufous_Hummingbird,171,170,rotation,rotation,0,"{""angle"":-10.177681}",5.1875725,5.0974064,-0.090166092,0.0055855503,0.0061125816,0.039994054,0.034147769,-0.034408503,-0.028035188,0.0063733156,0.7369757,1.0362726,54.591159,56.571321,False,0.94098949,True,False,False,0.7369757,1.0362726,54.591159,56.571321,0.63324441,1.073715,43.530196,46.739024,0.94062009,0.96743357,32.944145,31.871272,0.60598804,0.67946109,10.679859,7.2565484,0.59764776,1.3295259,15.728583,20.911558,0.55842275,1.044988,18.225264,19.045183,0.53548161,1.0803083,16.811843,18.161973,0.71658783,1.0443958,30.308942,31.654531
init,init,-1,,3990,069.Rufous_Hummingbird/Rufous_Hummingbird_0064_58509.jpg,69,68,069.Rufous_Hummingbird,171,170,random_resized_crop,random_resized_crop,0,"{""area_fraction"":0.639043,""aspect"":0.918891,""fallback"":false,""height"":0.833936,""left"":0.06125,""top"":0.02132,""width"":0.766296}",5.1875725,5.0711775,-0.116395,0.0055855503,0.0062750271,0.039994054,0.021287562,-0.034408503,-0.015012535,0.019395968,0.75003788,0.91781789,54.591159,50.104742,False,0.96482241,False,False,False,0.75003788,0.91781789,54.591159,50.104742,0.64291508,0.95565853,43.530196,41.600003,0.96445587,0.84771168,32.944145,27.927137,0.55474455,0.64610757,10.679859,6.9003375,0.45271546,0.96086282,15.728583,15.113011,0.64248587,0.99775554,18.225264,18.184358,0.54183508,1.0352339,16.811843,17.404189,0.74187412,0.94534812,30.308942,28.652501
init,init,-1,,3990,069.Rufous_Hummingbird/Rufous_Hummingbird_0064_58509.jpg,69,68,069.Rufous_Hummingbird,171,170,gaussian_blur,gaussian_blur,0,"{""sigma"":1.693519}",5.1875725,4.9762468,-0.21132565,0.0055855503,0.0068999119,0.039994054,0.02087459,-0.034408503,-0.013974678,0.020433825,0.62737532,1.3163241,54.591159,71.859658,False,0.94733101,False,False,False,0.62737532,1.3163241,54.591159,71.859658,0.51548629,1.466756,43.530196,63.848175,0.94675375,1.0008769,32.944145,32.973035,0.14705189,1.3948104,10.679859,14.896378,0.25444822,1.7181882,15.728583,27.024666,0.51802808,1.9016926,18.225264,34.658849,0.47623296,1.6480509,16.811843,27.706772,0.73001103,1.1215161,30.308942,33.991967
init,init,-1,,3990,069.Rufous_Hummingbird/Rufous_Hummingbird_0064_58509.jpg,69,68,069.Rufous_Hummingbird,171,170,random_erasing,random_erasing,0,"{""area_fraction"":0.127496,""erased"":true,""height"":0.255507,""left"":0.105108,""top"":0.718817,""width"":0.498992}",5.1875725,5.2505293,0.06295681,0.0055855503,0.0052447431,0.039994054,0.048446283,-0.034408503,-0.04320154,-0.0087930365,0.93393594,1.0145518,54.591159,55.385558,False,0.9895007,True,False,False,0.93393594,1.0145518,54.591159,55.385558,0.90195918,1.0120877,43.530196,44.056375,0.98940798,1.0188396,32.944145,33.564801,0.95050633,0.96803091,10.679859,10.338433,0.87029541,0.93304003,15.728583,14.675398,0.88432874,0.99689408,18.225264,18.168658,0.86540238,1.0597654,16.811843,17.816609,0.9230811,1.0282046,30.308942,31.163793
init,init,-1,,1790,032.Mangrove_Cuckoo/Mangrove_Cuckoo_0027_26360.jpg,32,31,032.Mangrove_Cuckoo,129,128,identity,identity,0,{},6.8298273,6.8298273,0,0.0010810449,0.0010810449,0.029557141,0.029557141,-0.028476096,-0.028476096,0,1,1,67.150191,67.150191,False,0.99999994,True,False,False,1,1,67.150191,67.150191,1,1,56.581045,56.581045,1,1,36.162598,36.162598,1,1,8.396811,8.396811,1,1,20.696401,20.696401,1,1,26.625989,26.625989,1,1,24.563386,24.563386,1,1,37.286244,37.286244
init,init,-1,,1790,032.Mangrove_Cuckoo/Mangrove_Cuckoo_0027_26360.jpg,32,31,032.Mangrove_Cuckoo,129,128,horizontal_flip,horizontal_flip,0,"{""flipped"":true}",6.8298273,6.5463438,-0.28348351,0.0010810449,0.0014353538,0.029557141,0.032768957,-0.028476096,-0.031333604,-0.0028575079,0.70655027,0.99587759,67.150191,66.87337,False,0.9618178,True,False,False,0.70655027,0.99587759,67.150191,66.87337,0.61369187,1.024153,56.581045,57.947644,0.96157665,0.92300914,36.162598,33.378408,0.73974629,1.8413376,8.396811,15.461363,0.52457166,1.0666747,20.696401,22.076328,0.64550621,1.0265658,26.625989,27.33333,0.46202225,1.0594825,24.563386,26.024478,0.70344529,0.93181106,37.286244,34.743734
init,init,-1,,1790,032.Mangrove_Cuckoo/Mangrove_Cuckoo_0027_26360.jpg,32,31,032.Mangrove_Cuckoo,129,128,color_jitter,color_jitter,0,"{""brightness"":0.788708,""contrast"":0.982414,""hue"":0.030408,""saturation"":1.29903}",6.8298273,7.0193472,0.18951988,0.0010810449,0.00089440931,0.029557141,0.029371331,-0.028476096,-0.028476921,-8.2555925e-07,0.88740061,1.0042608,67.150191,67.436303,False,0.9759596,False,False,False,0.88740061,1.0042608,67.150191,67.436303,0.85310905,1.0169856,56.581045,57.542108,0.97583811,0.97240709,36.162598,35.164767,0.65672543,1.4387422,8.396811,12.080846,0.80353477,1.0232874,20.696401,21.178367,0.85614006,1.0058492,26.625989,26.78173,0.83369447,1.0073396,24.563386,24.743671,0.89401699,0.99886639,37.286244,37.243976
init,init,-1,,1790,032.Mangrove_Cuckoo/Mangrove_Cuckoo_0027_26360.jpg,32,31,032.Mangrove_Cuckoo,129,128,rotation,rotation,0,"{""angle"":-10.979609}",6.8298273,6.7286453,-0.10118198,0.0010810449,0.0011961525,0.029557141,0.026032614,-0.028476096,-0.024836461,0.0036396346,0.75500427,0.96628567,67.150191,64.886267,False,0.95257592,False,False,False,0.75500427,0.96628567,67.150191,64.886267,0.67931733,0.98186586,56.581045,55.554996,0.95214822,0.92703992,36.162598,33.524172,0.41239395,1.2528858,8.396811,10.520246,0.63374379,1.0079151,20.696401,20.860215,0.70302012,0.97009094,26.625989,25.829631,0.5809654,1.0075471,24.563386,24.748768,0.74670955,0.95232494,37.286244,35.50862
init,init,-1,,1790,032.Mangrove_Cuckoo/Mangrove_Cuckoo_0027_26360.jpg,32,31,032.Mangrove_Cuckoo,129,128,random_resized_crop,random_resized_crop,0,"{""area_fraction"":0.739016,""aspect"":1.099372,""fallback"":false,""height"":0.819888,""left"":0.001008,""top"":0.059479,""width"":0.901362}",6.8298273,6.92941,0.099582672,0.0010810449,0.00097857846,0.029557141,0.032659631,-0.028476096,-0.031681053,-0.0032049571,0.75880091,0.95950565,67.150191,64.430987,False,0.96114111,False,False,False,0.75880091,0.95950565,67.150191,64.430987,0.68055744,0.9731057,56.581045,55.059338,0.96091855,0.92536863,36.162598,33.463733,0.66699029,1.3227182,8.396811,11.106614,0.63038876,1.1299588,20.696401,23.386079,0.61452668,0.87559078,26.625989,23.313471,0.59540125,0.94901816,24.563386,23.311099,0.7741641,0.95740125,37.286244,35.697896
init,init,-1,,1790,032.Mangrove_Cuckoo/Mangrove_Cuckoo_0027_26360.jpg,32,31,032.Mangrove_Cuckoo,129,128,gaussian_blur,gaussian_blur,0,"{""sigma"":1.581697}",6.8298273,6.0910821,-0.73874521,0.0010810449,0.0022629588,0.029557141,0.021828387,-0.028476096,-0.019565428,0.0089106675,0.54364957,0.92616158,67.150191,62.191927,False,0.87589371,True,False,False,0.54364957,0.92616158,67.150191,62.191927,0.42649978,0.95957675,56.581045,54.293855,0.87537937,0.83875933,36.162598,30.331716,-0.010352886,1.6953562,8.396811,14.235586,0.21592795,0.90480934,20.696401,18.726297,0.31350297,0.95673684,26.625989,25.474065,0.40513446,1.0275549,24.563386,25.240227,0.61538071,0.89293355,37.286244,33.294138
init,init,-1,,1790,032.Mangrove_Cuckoo/Mangrove_Cuckoo_0027_26360.jpg,32,31,032.Mangrove_Cuckoo,129,128,random_erasing,random_erasing,0,"{""area_fraction"":0.175302,""erased"":true,""height"":0.654458,""left"":0.487151,""top"":0.33737,""width"":0.267858}",6.8298273,7.4473057,0.61747837,0.0010810449,0.00058301038,0.029557141,0.028556665,-0.028476096,-0.027973655,0.00050244061,0.86298722,1.0848793,67.150191,72.849855,False,0.96688211,True,False,False,0.86298722,1.0848793,67.150191,72.849855,0.8257222,1.1141353,56.581045,63.03894,0.96670393,1.0096875,36.162598,36.512921,0.63059103,1.0342264,8.396811,8.6842035,0.86298955,1.1482047,20.696401,23.763705,0.87765718,1.1804475,26.625989,31.430583,0.74315022,1.0987269,24.563386,26.988452,0.83198045,1.0786394,37.286244,40.218413
init,init,-1,,181,004.Groove_billed_Ani/Groove_Billed_Ani_0033_1494.jpg,4,3,004.Groove_billed_Ani,129,128,identity,identity,0,{},3.3113148,3.3113148,0,0.036468189,0.036468189,0.053003687,0.053003687,-0.016535498,-0.016535498,0,1,1,75.090457,75.090457,False,1,True,False,False,1,1,75.090457,75.090457,1,1,64.791035,64.791035,1,1,37.956533,37.956533,1,1,16.584982,16.584982,1,1,25.481563,25.481563,1,1,27.372304,27.372304,1,1,28.287225,28.287225,1,1,41.522241,41.522241
init,init,-1,,181,004.Groove_billed_Ani/Groove_Billed_Ani_0033_1494.jpg,4,3,004.Groove_billed_Ani,129,128,horizontal_flip,horizontal_flip,0,"{""flipped"":true}",3.3113148,3.4507625,0.13944769,0.036468189,0.031721439,0.053003687,0.056086406,-0.016535498,-0.024364967,-0.0078294687,0.6541176,0.90356641,75.090457,67.849214,False,0.95855105,True,False,False,0.6541176,0.90356641,75.090457,67.849214,0.54180224,0.88467647,64.791035,57.319104,0.95826438,0.95648269,37.956533,36.304767,0.29080412,0.85342512,16.584982,14.15404,0.32036363,0.75956239,25.481563,19.354837,0.43427339,0.90454056,27.372304,24.759359,0.50005606,0.91798394,28.287225,25.967219,0.71769659,0.90856048,41.522241,37.725467
init,init,-1,,181,004.Groove_billed_Ani/Groove_Billed_Ani_0033_1494.jpg,4,3,004.Groove_billed_Ani,129,128,color_jitter,color_jitter,0,"{""brightness"":1.13068,""contrast"":1.386836,""hue"":-0.001373,""saturation"":0.951004}",3.3113148,3.1856179,-0.1256969,0.036468189,0.041352689,0.053003687,0.039928723,-0.016535498,0.0014239661,0.017959464,0.8344948,0.96337899,75.090457,72.340568,False,0.9737007,False,False,True,0.8344948,0.96337899,75.090457,72.340568,0.78601072,0.95893474,64.791035,62.130375,0.97336493,0.97621319,37.956533,37.053668,0.78114596,0.86380436,16.584982,14.32618,0.66407256,0.90757044,25.481563,23.126313,0.73395998,0.96551401,27.372304,26.428343,0.77489462,1.0536214,28.287225,29.804026,0.86282287,0.94307053,41.522241,39.158401
init,init,-1,,181,004.Groove_billed_Ani/Groove_Billed_Ani_0033_1494.jpg,4,3,004.Groove_billed_Ani,129,128,rotation,rotation,0,"{""angle"":9.08458}",3.3113148,2.9338839,-0.37743092,0.036468189,0.05319006,0.053003687,0.06437739,-0.016535498,-0.01118733,0.0053481683,0.64393506,0.92886853,75.090457,69.749162,False,0.94855571,True,False,False,0.64393506,0.92886853,75.090457,69.749162,0.53124902,0.90839877,64.791035,58.856097,0.94798755,0.98609302,37.956533,37.428672,0.060137484,0.72106705,16.584982,11.958884,0.31331824,0.70697433,25.481563,18.014811,0.41250443,0.94290184,27.372304,25.809395,0.52182184,0.9864511,28.287225,27.903964,0.71334196,0.94869824,41.522241,39.392077
init,init,-1,,181,004.Groove_billed_Ani/Groove_Billed_Ani_0033_1494.jpg,4,3,004.Groove_billed_Ani,129,128,random_resized_crop,random_resized_crop,0,"{""area_fraction"":0.848753,""aspect"":0.859473,""fallback"":false,""height"":0.993744,""left"":0.03412,""top"":0.000565,""width"":0.854096}",3.3113148,3.121073,-0.19024181,0.036468189,0.04410981,0.053003687,0.058890264,-0.016535498,-0.014780454,0.0017550439,0.76703186,0.94615471,75.090457,71.047189,False,0.97147715,True,False,False,0.76703186,0.94615471,75.090457,71.047189,0.69328605,0.93242101,64.791035,60.412523,0.97127375,0.98508054,37.956533,37.390242,0.7337581,0.85827893,16.584982,14.23454,0.63788718,0.87810593,25.481563,22.375512,0.58800332,0.90790652,27.372304,24.851493,0.60340682,0.96975458,28.287225,27.431666,0.7937451,0.95617604,41.522241,39.702572
init,init,-1,,181,004.Groove_billed_Ani/Groove_Billed_Ani_0033_1494.jpg,4,3,004.Groove_billed_Ani,129,128,gaussian_blur,gaussian_blur,0,"{""sigma"":1.216793}",3.3113148,3.6884291,0.3771143,0.036468189,0.025011262,0.053003687,0.040377904,-0.016535498,-0.015366642,0.0011688564,0.61058669,0.94792656,75.090457,71.180238,False,0.90529609,True,False,False,0.61058669,0.94792656,75.090457,71.180238,0.514073,0.95820658,64.791035,62.083197,0.90477913,0.91731616,37.956533,34.818142,0.15980935,1.0276108,16.584982,17.042906,0.3185101,0.88611166,25.481563,22.57951,0.50146306,1.0799966,27.372304,29.561994,0.50087043,1.0268089,28.287225,29.045574,0.6733356,0.8804386,41.522241,36.557783
init,init,-1,,181,004.Groove_billed_Ani/Groove_Billed_Ani_0033_1494.jpg,4,3,004.Groove_billed_Ani,129,128,random_erasing,random_erasing,0,"{""area_fraction"":0.105318,""erased"":true,""height"":0.242913,""left"":0.074048,""top"":0.753573,""width"":0.433563}",3.3113148,3.3789077,0.067592859,0.036468189,0.034084663,0.053003687,0.059219647,-0.016535498,-0.025134984,-0.0085994862,0.94470058,0.96348693,75.090457,72.348674,False,0.98691654,True,False,False,0.94470058,0.96348693,75.090457,72.348674,0.93016095,0.96191654,64.791035,62.323568,0.98681172,0.96804818,37.956533,36.743753,0.93417337,0.92136375,16.584982,15.280801,0.93801802,0.92221546,25.481563,23.499491,0.93232878,0.96520804,27.372304,26.419967,0.9143899,0.96761894,28.287225,27.371255,0.93364884,0.97866022,41.522241,40.636165
init,init,-1,,710,013.Bobolink/Bobolink_0133_9618.jpg,13,12,013.Bobolink,114,113,identity,identity,0,{},5.9218931,5.9218931,0,0.0026801224,0.0026801224,0.016374579,0.016374579,-0.013694456,-0.013694456,0,1,1,40.362862,40.362862,False,0.99999994,True,False,False,1,1,40.362862,40.362862,1,1,34.479427,34.479427,1,1,20.984036,20.984036,1,1,8.7114336,8.7114336,1,1,11.438196,11.438196,1,1,13.482283,13.482283,1,1,15.112348,15.112348,1,1,23.915569,23.915569
init,init,-1,,710,013.Bobolink/Bobolink_0133_9618.jpg,13,12,013.Bobolink,114,113,horizontal_flip,horizontal_flip,0,"{""flipped"":true}",5.9218931,5.9557552,0.033862114,0.0026801224,0.0025908859,0.016374579,0.014343807,-0.013694456,-0.011752921,0.0019415356,0.65878057,1.0170162,40.362862,41.049684,False,0.95650083,False,False,False,0.65878057,1.0170162,40.362862,41.049684,0.55264418,1.0270022,34.479427,35.410446,0.9565142,0.98955218,20.984036,20.764799,0.17220304,0.73412069,8.7114336,6.3952436,0.42013017,1.0953628,11.438196,12.528975,0.54635777,1.1393649,13.482283,15.36124,0.4538245,0.9754581,15.112348,14.741463,0.66539075,1.0265658,23.915569,24.550904
init,init,-1,,710,013.Bobolink/Bobolink_0133_9618.jpg,13,12,013.Bobolink,114,113,color_jitter,color_jitter,0,"{""brightness"":1.038301,""contrast"":1.118898,""hue"":-0.053877,""saturation"":1.104971}",5.9218931,6.0182405,0.096347332,0.0026801224,0.0024339487,0.016374579,0.020703316,-0.013694456,-0.018269367,-0.0045749107,0.81733678,1.0458584,40.362862,42.213836,False,0.95847768,True,False,False,0.81733678,1.0458584,40.362862,42.213836,0.76249689,1.0300574,34.479427,35.51579,0.9584544,1.0873725,20.984036,22.817464,0.69611298,0.91294429,8.7114336,7.9530536,0.58817603,0.99860223,11.438196,11.422208,0.72472027,1.1172229,13.482283,15.062715,0.73168279,1.0452629,15.112348,15.796376,0.83713477,1.0167218,23.915569,24.315479
init,init,-1,,710,013.Bobolink/Bobolink_0133_9618.jpg,13,12,013.Bobolink,114,113,rotation,rotation,0,"{""angle"":-9.172744}",5.9218931,5.4706726,-0.45122051,0.0026801224,0.0042084013,0.016374579,0.015138013,-0.013694456,-0.010929612,0.0027648443,0.65063459,1.0459867,40.362862,42.219018,False,0.89193535,False,False,False,0.65063459,1.0459867,40.362862,42.219018,0.55432349,1.021928,34.479427,35.235492,0.89191862,1.1083366,20.984036,23.257376,0.22793779,0.71269785,8.7114336,6.20862,0.38042651,1.0122412,11.438196,11.578213,0.56629527,1.118503,13.482283,15.079974,0.49826148,0.99267259,15.112348,15.001614,0.64439371,1.0381979,23.915569,24.829093
init,init,-1,,710,013.Bobolink/Bobolink_0133_9618.jpg,13,12,013.Bobolink,114,113,random_resized_crop,random_resized_crop,0,"{""area_fraction"":0.683827,""aspect"":1.318204,""fallback"":false,""height"":0.720248,""left"":0.017817,""top"":0.23193,""width"":0.949433}",5.9218931,5.9180694,-0.0038237572,0.0026801224,0.0026903891,0.016374579,0.014029,-0.013694456,-0.011338611,0.0023558454,0.69606182,1.0353257,40.362862,41.78871,False,0.91343695,False,False,False,0.69606182,1.0353257,40.362862,41.78871,0.61098611,1.0182718,34.479427,35.109428,0.91348777,1.0800249,20.984036,22.663282,0.79207613,0.93790731,8.7114336,8.1705172,0.50255727,1.0260043,11.438196,11.735639,0.58065147,1.1313448,13.482283,15.253111,0.55822287,1.0386454,15.112348,15.696371,0.64943409,0.979867,23.915569,23.434076
init,init,-1,,710,013.Bobolink/Bobolink_0133_9618.jpg,13,12,013.Bobolink,114,113,gaussian_blur,gaussian_blur,0,"{""sigma"":1.891465}",5.9218931,5.6292272,-0.29266596,0.0026801224,0.0035913498,0.016374579,0.010812469,-0.013694456,-0.007221119,0.0064733373,0.57664141,1.2622445,40.362862,50.947799,False,0.8629759,False,False,False,0.57664141,1.2622445,40.362862,50.947799,0.479013,1.2876165,34.479427,44.396277,0.86290158,1.1910471,20.984036,24.992975,0.58599502,1.1410125,8.7114336,9.939855,0.27009608,1.3805232,11.438196,15.790696,0.38225622,1.5751498,13.482283,21.236616,0.41487277,1.3074949,15.112348,19.759318,0.59890207,1.1688859,23.915569,27.954572
init,init,-1,,710,013.Bobolink/Bobolink_0133_9618.jpg,13,12,013.Bobolink,114,113,random_erasing,random_erasing,0,"{""area_fraction"":0.139278,""erased"":true,""height"":0.254895,""left"":0.128056,""top"":0.158717,""width"":0.546412}",5.9218931,6.2145309,0.29263783,0.0026801224,0.0020001547,0.016374579,0.013414208,-0.013694456,-0.011414053,0.0022804032,0.54641481,1.2804846,40.362862,51.684023,False,0.82057917,False,False,False,0.54641481,1.2804846,40.362862,51.684023,0.45039304,1.2984959,34.479427,44.771394,0.82056157,1.2305404,20.984036,25.821706,0.07437262,0.92064528,8.7114336,8.0201402,0.53846211,1.5333846,11.438196,17.539155,0.47839376,1.3683288,13.482283,18.448196,0.41287018,1.2758485,15.112348,19.281068,0.47239807,1.2685759,23.915569,30.338715
init,init,-1,,11178,190.Red_cockaded_Woodpecker/Red_Cockaded_Woodpecker_0032_182376.jpg,190,189,190.Red_cockaded_Woodpecker,8,7,identity,identity,0,{},5.9167709,5.9167709,0,0.0026938838,0.0026938838,0.023830788,0.023830788,-0.021136904,-0.021136904,0,1,1,58.613957,58.613957,False,1,True,False,False,1,1,58.613957,58.613957,1,1,49.299891,49.299891,1,1,31.703575,31.703575,1,1,6.6745613,6.6745613,1,1,17.310388,17.310388,1,1,19.646566,19.646566,1,1,22.228966,22.228966,1,1,34.729893,34.729893
init,init,-1,,11178,190.Red_cockaded_Woodpecker/Red_Cockaded_Woodpecker_0032_182376.jpg,190,189,190.Red_cockaded_Woodpecker,8,7,horizontal_flip,horizontal_flip,0,"{""flipped"":true}",5.9167709,5.4150591,-0.50171185,0.0026938838,0.0044490742,0.023830788,0.015241705,-0.021136904,-0.010792631,0.010344274,0.63959185,1.06518,58.613957,62.434414,False,0.9437933,False,False,False,0.63959185,1.06518,58.613957,62.434414,0.52166699,1.0835108,49.299891,53.416964,0.94350663,1.019493,31.703575,32.321573,-0.018257017,1.1101653,6.6745613,7.4098663,0.26230673,1.1327584,17.310388,19.608488,0.49090588,1.2341619,19.646566,24.247042,0.45103294,1.0436774,22.228966,23.199869,0.65729046,1.0332946,34.729893,35.886211
init,init,-1,,11178,190.Red_cockaded_Woodpecker/Red_Cockaded_Woodpecker_0032_182376.jpg,190,189,190.Red_cockaded_Woodpecker,8,7,color_jitter,color_jitter,0,"{""brightness"":1.14089,""contrast"":1.137823,""hue"":0.039157,""saturation"":0.668663}",5.9167709,5.935605,0.018834114,0.0026938838,0.0026436227,0.023830788,0.024344947,-0.021136904,-0.021701324,-0.00056442013,0.87788014,0.95471539,58.613957,55.959646,False,0.98153126,False,False,False,0.87788014,0.95471539,58.613957,55.959646,0.83565713,0.95856256,49.299891,47.25703,0.98146718,0.94534781,31.703575,29.970905,0.65702533,0.8946203,6.6745613,5.9711981,0.70934206,0.91618463,17.310388,15.859511,0.78471299,0.96310619,19.646566,18.921729,0.80315546,0.95568745,22.228966,21.243943,0.90097443,0.97078152,34.729893,33.715139
init,init,-1,,11178,190.Red_cockaded_Woodpecker/Red_Cockaded_Woodpecker_0032_182376.jpg,190,189,190.Red_cockaded_Woodpecker,8,7,rotation,rotation,0,"{""angle"":-2.915816}",5.9167709,5.4663444,-0.45042658,0.0026938838,0.0042266557,0.023830788,0.021158431,-0.021136904,-0.016931775,0.0042051293,0.79340045,0.9686236,58.613957,56.774862,False,0.95375133,False,False,False,0.79340045,0.9686236,58.613957,56.774862,0.72813493,0.97274416,49.299891,47.956181,0.95361092,0.95858646,31.703575,30.390618,0.60558855,1.0021804,6.6745613,6.6891148,0.67885201,0.987884,17.310388,17.100655,0.62358866,0.98875193,19.646566,19.42558,0.65722924,0.94084779,22.228966,20.914073,0.80733604,0.97553384,34.729893,33.880186
init,init,-1,,11178,190.Red_cockaded_Woodpecker/Red_Cockaded_Woodpecker_0032_182376.jpg,190,189,190.Red_cockaded_Woodpecker,8,7,random_resized_crop,random_resized_crop,0,"{""area_fraction"":0.524271,""aspect"":1.087216,""fallback"":false,""height"":0.694416,""left"":0.028103,""top"":0.199984,""width"":0.754981}",5.9167709,5.2840204,-0.63275051,0.0026938838,0.005071999,0.023830788,0.018675441,-0.021136904,-0.013603442,0.0075334625,0.6327626,0.95511603,58.613957,55.98313,False,0.92699385,False,False,False,0.6327626,0.95511603,58.613957,55.98313,0.51098799,0.95445725,49.299891,47.054638,0.92653533,0.95670716,31.703575,30.331037,0.28815241,1.0170591,6.6745613,6.7884232,0.33661601,0.86924234,17.310388,15.046922,0.34760428,1.0128155,19.646566,19.898347,0.38477994,0.98084194,22.228966,21.803102,0.67088555,0.94200842,34.729893,32.715852
init,init,-1,,11178,190.Red_cockaded_Woodpecker/Red_Cockaded_Woodpecker_0032_182376.jpg,190,189,190.Red_cockaded_Woodpecker,8,7,gaussian_blur,gaussian_blur,0,"{""sigma"":1.557654}",5.9167709,5.4226179,-0.49415302,0.0026938838,0.0044155712,0.023830788,0.022689801,-0.021136904,-0.018274229,0.0028626749,0.57944494,0.90828353,58.613957,53.238091,False,0.8557505,False,False,False,0.57944494,0.90828353,58.613957,53.238091,0.47963597,0.93862624,49.299891,46.274171,0.85545673,0.83034189,31.703575,26.324807,0.27919893,1.0992622,6.6745613,7.337093,0.29125777,1.1305353,17.310388,19.570004,0.44182781,1.0116163,19.646566,19.874787,0.41840378,0.925969,22.228966,20.583333,0.59778591,0.85696767,34.729893,29.762396
init,init,-1,,11178,190.Red_cockaded_Woodpecker/Red_Cockaded_Woodpecker_0032_182376.jpg,190,189,190.Red_cockaded_Woodpecker,8,7,random_erasing,random_erasing,0,"{""area_fraction"":0.1906,""erased"":true,""height"":0.281706,""left"":0.160865,""top"":0.680769,""width"":0.676592}",5.9167709,5.5378175,-0.37895346,0.0026938838,0.0039351066,0.023830788,0.025150489,-0.021136904,-0.021215382,-7.847813e-05,0.82264272,1.1006463,58.613957,64.513234,False,0.95028979,False,False,False,0.82264272,1.1006463,58.613957,64.513234,0.7719024,1.111821,49.299891,54.812653,0.95012884,1.073144,31.703575,34.0225,0.77623102,1.0633005,6.6745613,7.0970643,0.76091078,1.0012006,17.310388,17.331171,0.75504861,1.2253559,19.646566,24.074035,0.73412347,1.1013299,22.228966,24.481424,0.79791493,1.1057619,34.729893,38.402992
init,init,-1,,5845,100.Brown_Pelican/Brown_Pelican_0071_94549.jpg,100,99,100.Brown_Pelican,8,7,identity,identity,0,{},5.4244533,5.4244533,0,0.0044074762,0.0044074762,0.029947869,0.029947869,-0.025540393,-0.025540393,0,1,1,54.185694,54.185694,False,1.0000001,True,False,False,1,1,54.185694,54.185694,1,1,44.51589,44.51589,1,1,30.893768,30.893768,1,1,10.436929,10.436929,1,1,15.36849,15.36849,1,1,19.776602,19.776602,1,1,18.939332,18.939332,1,1,29.77805,29.77805
init,init,-1,,5845,100.Brown_Pelican/Brown_Pelican_0071_94549.jpg,100,99,100.Brown_Pelican,8,7,horizontal_flip,horizontal_flip,0,"{""flipped"":true}",5.4244533,4.9833946,-0.44105864,0.0044074762,0.0068507683,0.029947869,0.025547672,-0.025540393,-0.018696904,0.0068434896,0.68772666,1.062264,54.185694,57.559512,False,0.95694375,True,False,False,0.68772666,1.062264,54.185694,57.559512,0.5672476,1.0851568,44.51589,48.306722,0.9567939,1.013081,30.893768,31.29789,0.37508128,1.1882547,10.436929,12.40173,0.46944735,1.19837,15.36849,18.417137,0.56579697,1.0505583,19.776602,20.776473,0.45737463,1.072114,18.939332,20.305122,0.67020069,1.0601348,29.77805,31.568747
init,init,-1,,5845,100.Brown_Pelican/Brown_Pelican_0071_94549.jpg,100,99,100.Brown_Pelican,8,7,color_jitter,color_jitter,0,"{""brightness"":0.624769,""contrast"":0.848996,""hue"":-0.065876,""saturation"":1.385149}",5.4244533,5.1516962,-0.27275705,0.0044074762,0.0057895752,0.029947869,0.026747247,-0.025540393,-0.020957672,0.0045827213,0.82482054,1.0328055,54.185694,55.963281,False,0.94895768,True,False,False,0.82482054,1.0328055,54.185694,55.963281,0.76790244,1.0472149,44.51589,46.617705,0.94884838,1.0022259,30.893768,30.962534,0.68595635,1.2116105,10.436929,12.645492,0.65203353,1.1558151,15.36849,17.763133,0.7682261,0.98744267,19.776602,19.52826,0.76404593,1.0443167,18.939332,19.77866,0.81934547,1.0214741,29.77805,30.417506
init,init,-1,,5845,100.Brown_Pelican/Brown_Pelican_0071_94549.jpg,100,99,100.Brown_Pelican,8,7,rotation,rotation,0,"{""angle"":14.572886}",5.4244533,4.4458909,-0.97856236,0.0044074762,0.011726656,0.029947869,0.013922977,-0.025540393,-0.0021963213,0.023344072,0.62896887,1.0043881,54.185694,54.423465,False,0.91566074,False,False,False,0.62896887,1.0043881,54.185694,54.423465,0.51618335,1.0568244,44.51589,47.045478,0.91540557,0.88565509,30.893768,27.361223,0.46389971,0.95309108,10.436929,9.9473435,0.33485154,1.1446235,15.36849,17.591135,0.4337891,0.99518268,19.776602,19.681331,0.45881662,1.1184538,18.939332,21.182767,0.63593279,1.0452595,29.77805,31.125791
init,init,-1,,5845,100.Brown_Pelican/Brown_Pelican_0071_94549.jpg,100,99,100.Brown_Pelican,8,7,random_resized_crop,random_resized_crop,0,"{""area_fraction"":0.674137,""aspect"":1.252811,""fallback"":false,""height"":0.733552,""left"":0.067253,""top"":0.046958,""width"":0.919003}",5.4244533,4.7325325,-0.69192076,0.0044074762,0.0088041443,0.029947869,0.02181823,-0.025540393,-0.013014086,0.012526308,0.63675381,1.0638856,54.185694,57.647378,False,0.94675267,True,False,False,0.63675381,1.0638856,54.185694,57.647378,0.51368243,1.117812,44.51589,49.760397,0.94657,0.94211162,30.893768,29.105378,0.12448789,1.1538513,10.436929,12.042664,0.34238059,1.384614,15.36849,21.279427,0.44876663,1.1320924,19.776602,22.388941,0.46642363,1.0638793,18.939332,20.149163,0.6827802,1.0464398,29.77805,31.160936
init,init,-1,,5845,100.Brown_Pelican/Brown_Pelican_0071_94549.jpg,100,99,100.Brown_Pelican,8,7,gaussian_blur,gaussian_blur,0,"{""sigma"":1.86139}",5.4244533,5.1045551,-0.31989813,0.0044074762,0.0060690385,0.029947869,0.028915664,-0.025540393,-0.022846626,0.0026937677,0.58182206,1.1326455,54.185694,61.373181,False,0.89781129,True,False,False,0.58182206,1.1326455,54.185694,61.373181,0.45772319,1.1931525,44.51589,53.114248,0.89752329,0.99533663,30.893768,30.749699,0.38048359,1.46223,10.436929,15.26119,0.308802,1.4425987,15.36849,22.170563,0.34598703,1.2456224,19.776602,24.634178,0.37054029,1.1434144,18.939332,21.655505,0.62631095,1.0729797,29.77805,31.951243
init,init,-1,,5845,100.Brown_Pelican/Brown_Pelican_0071_94549.jpg,100,99,100.Brown_Pelican,8,7,random_erasing,random_erasing,0,"{""area_fraction"":0.051496,""erased"":true,""height"":0.155551,""left"":0.171431,""top"":0.509045,""width"":0.331057}",5.4244533,5.1499262,-0.27452707,0.0044074762,0.0057998342,0.029947869,0.025722509,-0.025540393,-0.019922675,0.0056177182,0.75224964,1.0793887,54.185694,58.487423,False,0.94876015,True,False,False,0.75224964,1.0793887,54.185694,58.487423,0.67178029,1.1238055,44.51589,50.027202,0.9486068,0.98076308,30.893768,30.299467,0.64132774,0.99742548,10.436929,10.410059,0.58784566,1.2871649,15.36849,19.78178,0.64672867,1.0916397,19.776602,21.588924,0.58244299,1.0711389,18.939332,20.286656,0.74853082,1.1265688,29.77805,33.547022
init,init,-1,,8544,146.Forsters_Tern/Forsters_Tern_0104_152666.jpg,146,145,146.Forsters_Tern,129,128,identity,identity,0,{},6.7526655,6.7526655,0,0.001167763,0.001167763,0.033514805,0.033514805,-0.032347042,-0.032347042,0,1,1,59.471686,59.471686,False,0.99999994,True,False,False,1,1,59.471686,59.471686,1,1,50.503494,50.503494,1,1,31.405072,31.405072,1,1,8.8940497,8.8940497,1,1,18.006325,18.006325,1,1,22.420155,22.420155,1,1,22.239792,22.239792,1,1,33.91164,33.91164
init,init,-1,,8544,146.Forsters_Tern/Forsters_Tern_0104_152666.jpg,146,145,146.Forsters_Tern,129,128,horizontal_flip,horizontal_flip,0,"{""flipped"":true}",6.7526655,6.7314863,-0.021179199,0.001167763,0.0011927587,0.033514805,0.024460532,-0.032347042,-0.023267773,0.009079269,0.65811993,0.89896311,59.471686,53.462852,False,0.96825123,False,False,False,0.65811993,0.89896311,59.471686,53.462852,0.53031101,0.88137502,50.503494,44.512518,0.96812989,0.94292745,31.405072,29.612705,0.10662946,0.87793427,8.8940497,7.808391,0.19808666,0.89689471,18.006325,16.149777,0.48006205,0.78205456,22.420155,17.533785,0.45996439,0.8393374,22.239792,18.666689,0.69574539,0.93422819,33.91164,31.68121
init,init,-1,,8544,146.Forsters_Tern/Forsters_Tern_0104_152666.jpg,146,145,146.Forsters_Tern,129,128,color_jitter,color_jitter,0,"{""brightness"":1.320545,""contrast"":0.734652,""hue"":-0.044642,""saturation"":0.722714}",6.7526655,6.9927263,0.24006081,0.001167763,0.00091853912,0.033514805,0.033015635,-0.032347042,-0.032097096,0.00024994637,0.84940591,1.0696254,59.471686,63.612424,False,0.97694045,True,False,False,0.84940591,1.0696254,59.471686,63.612424,0.80103264,1.0748971,50.503494,54.286061,0.97685591,1.0558701,31.405072,33.159676,0.55947387,1.4458948,8.8940497,12.85986,0.74445004,1.1298085,18.006325,20.343699,0.80842963,1.0468468,22.420155,23.470468,0.74787246,1.0315677,22.239792,22.941851,0.86391399,1.059345,33.91164,35.924127
init,init,-1,,8544,146.Forsters_Tern/Forsters_Tern_0104_152666.jpg,146,145,146.Forsters_Tern,129,128,rotation,rotation,0,"{""angle"":-2.353819}",6.7526655,6.7778463,0.025180817,0.001167763,0.001138725,0.033514805,0.027369594,-0.032347042,-0.026230869,0.0061161729,0.81678469,0.94321137,59.471686,56.09437,False,0.97667336,True,False,False,0.81678469,0.94321137,59.471686,56.09437,0.75252492,0.93174357,50.503494,47.056306,0.97657077,0.97224108,31.405072,30.533301,0.68474142,0.80337867,8.8940497,7.1452898,0.69096526,0.92698462,18.006325,16.691586,0.71953931,0.93469726,22.420155,20.956058,0.68867001,0.91582939,22.239792,20.367855,0.81491035,0.94667676,33.91164,32.103362
init,init,-1,,8544,146.Forsters_Tern/Forsters_Tern_0104_152666.jpg,146,145,146.Forsters_Tern,129,128,random_resized_crop,random_resized_crop,0,"{""area_fraction"":0.503379,""aspect"":1.138874,""fallback"":false,""height"":0.664828,""left"":0.029779,""top"":0.009201,""width"":0.757156}",6.7526655,6.349431,-0.40323448,0.001167763,0.0017477408,0.033514805,0.018427955,-0.032347042,-0.016680214,0.015666828,0.56883768,0.99268236,59.471686,59.036494,False,0.86677802,False,False,False,0.56883768,0.99268236,59.471686,59.036494,0.47153238,1.0308412,50.503494,52.061084,0.86634526,0.88641557,31.405072,27.837945,-0.39838086,0.91349386,8.8940497,8.1246598,0.36336044,1.0897288,18.006325,19.622011,0.46268859,1.1266122,22.420155,25.258821,0.43236779,1.0751647,22.239792,23.91144,0.59004194,0.95533225,33.91164,32.396883
init,init,-1,,8544,146.Forsters_Tern/Forsters_Tern_0104_152666.jpg,146,145,146.Forsters_Tern,129,128,gaussian_blur,gaussian_blur,0,"{""sigma"":1.867744}",6.7526655,7.0094833,0.25681782,0.001167763,0.00090327515,0.033514805,0.023677217,-0.032347042,-0.022773942,0.0095731004,0.56977092,1.0590766,59.471686,62.985072,False,0.89651531,False,False,False,0.56977092,1.0590766,59.471686,62.985072,0.46199462,1.0981312,50.503494,55.459464,0.8961653,0.95066718,31.405072,29.855771,-0.12705397,1.266292,8.8940497,11.262464,0.26789641,1.1563628,18.006325,20.821845,0.36410423,1.1226944,22.420155,25.170983,0.38974089,1.0639128,22.239792,23.6612,0.64536626,1.0721494,33.91164,36.358343
init,init,-1,,8544,146.Forsters_Tern/Forsters_Tern_0104_152666.jpg,146,145,146.Forsters_Tern,129,128,random_erasing,random_erasing,0,"{""area_fraction"":0.061814,""erased"":true,""height"":0.443129,""left"":0.119243,""top"":0.228,""width"":0.139493}",6.7526655,6.7247152,-0.027950287,0.001167763,0.0012008626,0.033514805,0.031995963,-0.032347042,-0.030795101,0.0015519414,0.90811833,1.0040453,59.471686,59.712265,False,0.98461604,True,False,False,0.90811833,1.0040453,59.471686,59.712265,0.87862529,1.0045855,50.503494,50.735077,0.98453862,1.0026468,31.405072,31.488196,0.90558353,1.0249232,8.8940497,9.1157181,0.87006083,0.99715584,18.006325,17.955112,0.8353388,0.98527793,22.420155,22.090084,0.85114454,1.0112717,22.239792,22.490472,0.90951139,1.0107136,33.91164,34.274955
init,init,-1,,6326,109.American_Redstart/American_Redstart_0111_102945.jpg,109,108,109.American_Redstart,129,128,identity,identity,0,{},5.2857866,5.2857866,0,0.0050630486,0.0050630486,0.043160193,0.043160193,-0.038097144,-0.038097144,0,1,1,48.253857,48.253857,False,0.99999994,True,False,False,1,1,48.253857,48.253857,1,1,38.651977,38.651977,1,1,28.88701,28.88701,1,1,5.8810467,5.8810467,1,1,11.924603,11.924603,1,1,15.254369,15.254369,1,1,17.530874,17.530874,1,1,27.877682,27.877682
init,init,-1,,6326,109.American_Redstart/American_Redstart_0111_102945.jpg,109,108,109.American_Redstart,129,128,horizontal_flip,horizontal_flip,0,"{""flipped"":true}",5.2857866,5.109035,-0.17675161,0.0050630486,0.0060419114,0.043160193,0.034636747,-0.038097144,-0.028594836,0.0095023084,0.6438907,0.92442789,48.253857,44.607211,False,0.95546138,True,False,False,0.6438907,0.92442789,48.253857,44.607211,0.47250123,0.92925234,38.651977,35.91744,0.95531486,0.91572696,28.88701,26.452614,0.15436298,0.9655312,5.8810467,5.6783341,0.23369443,0.94826605,11.924603,11.307696,0.30118359,0.95174324,15.254369,14.518243,0.36339418,0.8916308,17.530874,15.631067,0.62553975,0.93184888,27.877682,25.977787
init,init,-1,,6326,109.American_Redstart/American_Redstart_0111_102945.jpg,109,108,109.American_Redstart,129,128,color_jitter,color_jitter,0,"{""brightness"":0.86481,""contrast"":0.915382,""hue"":0.034857,""saturation"":1.284623}",5.2857866,5.0932326,-0.192554,0.0050630486,0.0061381459,0.043160193,0.037106663,-0.038097144,-0.030968517,0.007128627,0.87230665,0.98078357,48.253857,47.32659,False,0.97439367,True,False,False,0.87230665,0.98078357,48.253857,47.32659,0.81567258,0.98287955,38.651977,37.990238,0.97431967,0.97701979,28.88701,28.22318,0.81337772,1.3359327,5.8810467,7.8566826,0.65126458,0.98132446,11.924603,11.701905,0.73803004,0.96993448,15.254369,14.795739,0.80011506,0.93069545,17.530874,16.315904,0.877089,0.98855232,27.877682,27.558548
init,init,-1,,6326,109.American_Redstart/American_Redstart_0111_102945.jpg,109,108,109.American_Redstart,129,128,rotation,rotation,0,"{""angle"":7.030854}",5.2857866,5.1529942,-0.13279247,0.0050630486,0.0057820678,0.043160193,0.048459575,-0.038097144,-0.042677507,-0.0045803627,0.74198324,0.97140875,48.253857,46.874219,False,0.96066904,True,False,False,0.74198324,0.97140875,48.253857,46.874219,0.61918366,0.96935747,38.651977,37.467583,0.96055767,0.9750705,28.88701,28.166871,0.23167307,0.73243535,5.8810467,4.3074865,0.37095692,0.95034038,11.924603,11.332432,0.4538146,1.0170901,15.254369,15.515068,0.56380699,0.93409887,17.530874,16.375569,0.74950215,0.9810336,27.877682,27.348943
init,init,-1,,6326,109.American_Redstart/American_Redstart_0111_102945.jpg,109,108,109.American_Redstart,129,128,random_resized_crop,random_resized_crop,0,"{""area_fraction"":0.692608,""aspect"":1.312323,""fallback"":false,""height"":0.726479,""left"":0.035972,""top"":0.128921,""width"":0.953375}",5.2857866,5.1582646,-0.12752199,0.0050630486,0.0057516722,0.043160193,0.031335,-0.038097144,-0.025583328,0.012513816,0.71242468,1.0299665,48.253857,49.699857,False,0.94484085,False,False,False,0.71242468,1.0299665,48.253857,49.699857,0.59279721,1.0567461,38.651977,40.845327,0.94465335,0.98019583,28.88701,28.314926,0.25919407,1.1967443,5.8810467,7.0381089,0.3323924,1.2270134,11.924603,14.631648,0.54610924,0.98328196,15.254369,14.999346,0.54003271,1.0184034,17.530874,17.853502,0.70070496,1.0525508,27.877682,29.342678
init,init,-1,,6326,109.American_Redstart/American_Redstart_0111_102945.jpg,109,108,109.American_Redstart,129,128,gaussian_blur,gaussian_blur,0,"{""sigma"":1.373348}",5.2857866,5.3391209,0.053334236,0.0050630486,0.0048000892,0.043160193,0.024342543,-0.038097144,-0.019542453,0.018554691,0.6841172,1.1327278,48.253857,54.658486,False,0.94322926,False,False,False,0.6841172,1.1327278,48.253857,54.658486,0.56903647,1.2040164,38.651977,46.537614,0.94285193,0.99238602,28.88701,28.667065,0.44598747,1.3368003,5.8810467,7.8617851,0.38039094,1.3497964,11.924603,16.095786,0.36875582,1.0997134,15.254369,16.775434,0.45719725,1.2036957,17.530874,21.101838,0.71490836,1.1994889,27.877682,33.438971
init,init,-1,,6326,109.American_Redstart/American_Redstart_0111_102945.jpg,109,108,109.American_Redstart,129,128,random_erasing,random_erasing,0,"{""area_fraction"":0.159287,""erased"":true,""height"":0.371791,""left"":0.549369,""top"":0.351413,""width"":0.428431}",5.2857866,5.3040128,0.018226147,0.0050630486,0.0049716039,0.043160193,0.047213707,-0.038097144,-0.042242103,-0.0041449592,0.74610559,1.0967729,48.253857,52.923524,False,0.95533401,True,False,False,0.74610559,1.0967729,48.253857,52.923524,0.6370409,1.1210309,38.651977,43.330063,0.95518371,1.0519462,28.88701,30.38758,0.38694133,1.0764658,5.8810467,6.3307455,0.41015339,1.1697596,11.924603,13.948919,0.53319679,1.1360691,15.254369,17.330017,0.58853277,1.1051334,17.530874,19.373954,0.74216216,1.1155612,27.877682,31.099261
init,init,-1,,4683,081.Pied_Kingfisher/Pied_Kingfisher_0016_72280.jpg,81,80,081.Pied_Kingfisher,129,128,identity,identity,0,{},6.6624489,6.6624489,0,0.0012780126,0.0012780126,0.025647689,0.025647689,-0.024369676,-0.024369676,0,1,1,52.107991,52.107991,False,1,True,False,False,1,1,52.107991,52.107991,1,1,45.480988,45.480988,1,1,25.430739,25.430739,1,1,9.3942065,9.3942065,1,1,16.298614,16.298614,1,1,21.61119,21.61119,1,1,18.976899,18.976899,1,1,29.790235,29.790235
init,init,-1,,4683,081.Pied_Kingfisher/Pied_Kingfisher_0016_72280.jpg,81,80,081.Pied_Kingfisher,129,128,horizontal_flip,horizontal_flip,0,"{""flipped"":true}",6.6624489,6.542613,-0.11983585,0.0012780126,0.0014407184,0.025647689,0.018324176,-0.024369676,-0.016883457,0.0074862186,0.67140871,0.98502143,52.107991,51.327488,False,0.96709138,False,False,False,0.67140871,0.98502143,52.107991,51.327488,0.5800517,0.9877059,45.480988,44.92184,0.96703293,0.9763857,25.430739,24.83021,0.14951846,0.99211467,9.3942065,9.3201301,0.41109985,0.92814566,16.298614,15.127488,0.5673682,0.95081177,21.61119,20.548174,0.47596888,1.0558611,18.976899,20.03697,0.72221449,0.9949732,29.790235,29.640486
init,init,-1,,4683,081.Pied_Kingfisher/Pied_Kingfisher_0016_72280.jpg,81,80,081.Pied_Kingfisher,129,128,color_jitter,color_jitter,0,"{""brightness"":1.198233,""contrast"":0.625145,""hue"":0.071699,""saturation"":0.871011}",6.6624489,6.7555504,0.093101501,0.0012780126,0.0011643991,0.025647689,0.043658372,-0.024369676,-0.042493973,-0.018124297,0.76306564,1.1798009,52.107991,61.477056,False,0.95296061,True,False,False,0.76306564,1.1798009,52.107991,61.477056,0.71087849,1.2083001,45.480988,54.954684,0.95272457,1.0836262,25.430739,27.557414,0.69828781,1.6055459,9.3942065,15.08283,0.61605207,1.2997515,16.298614,21.184147,0.69236863,1.1744369,21.61119,25.380978,0.67428267,1.2102091,18.976899,22.966017,0.77602718,1.1492463,29.790235,34.236318
init,init,-1,,4683,081.Pied_Kingfisher/Pied_Kingfisher_0016_72280.jpg,81,80,081.Pied_Kingfisher,129,128,rotation,rotation,0,"{""angle"":-12.778498}",6.6624489,6.9003458,0.23789692,0.0012780126,0.0010074372,0.025647689,0.021095498,-0.024369676,-0.02008806,0.0042816157,0.56421547,1.1793409,52.107991,61.453084,False,0.87805986,False,False,False,0.56421547,1.1793409,52.107991,61.453084,0.46431934,1.1739369,45.480988,53.391811,0.87779203,1.1964614,25.430739,30.426897,0.39643922,1.3965137,9.3942065,13.119138,0.23570228,1.034769,16.298614,16.8653,0.44612047,1.0965207,21.61119,23.697117,0.36183837,1.2731171,18.976899,24.159816,0.58844529,1.1862804,29.790235,35.339572
init,init,-1,,4683,081.Pied_Kingfisher/Pied_Kingfisher_0016_72280.jpg,81,80,081.Pied_Kingfisher,129,128,random_resized_crop,random_resized_crop,0,"{""area_fraction"":0.75413,""aspect"":0.856951,""fallback"":false,""height"":0.938092,""left"":0.021308,""top"":0.046636,""width"":0.803898}",6.6624489,6.5533895,-0.10905933,0.0012780126,0.001425276,0.025647689,0.01996443,-0.024369676,-0.018539154,0.0058305216,0.75139716,0.93596207,52.107991,48.771103,False,0.96694773,False,False,False,0.75139716,0.93596207,52.107991,48.771103,0.68048658,0.92319384,45.480988,41.987768,0.96686506,0.97567958,25.430739,24.812252,0.43560014,0.85449254,9.3942065,8.0272793,0.49449989,0.82901477,16.298614,13.511792,0.64792481,0.91291174,21.61119,19.729109,0.60965693,0.96727871,18.976899,18.355951,0.79923087,0.94336857,29.790235,28.103172
init,init,-1,,4683,081.Pied_Kingfisher/Pied_Kingfisher_0016_72280.jpg,81,80,081.Pied_Kingfisher,129,128,gaussian_blur,gaussian_blur,0,"{""sigma"":1.9905}",6.6624489,6.8875508,0.22510195,0.0012780126,0.0010204099,0.025647689,0.021664256,-0.024369676,-0.020643846,0.0037258297,0.4931975,1.232907,52.107991,64.244305,False,0.86939013,False,False,False,0.4931975,1.232907,52.107991,64.244305,0.38755442,1.2608149,45.480988,57.343108,0.8691943,1.1390625,25.430739,28.967201,0.26303511,1.3267527,9.3942065,12.463789,0.14004398,1.3931269,16.298614,22.706036,0.33695495,1.2526844,21.61119,27.072,0.26908822,1.3842693,18.976899,26.269139,0.57972152,1.1600959,29.790235,34.559529
init,init,-1,,4683,081.Pied_Kingfisher/Pied_Kingfisher_0016_72280.jpg,81,80,081.Pied_Kingfisher,129,128,random_erasing,random_erasing,0,"{""area_fraction"":0.100351,""erased"":true,""height"":0.288113,""left"":0.296302,""top"":0.006016,""width"":0.348302}",6.6624489,6.7014556,0.03900671,0.0012780126,0.0012291217,0.025647689,0.031389333,-0.024369676,-0.030160212,-0.0057905356,0.74474478,1.1713401,52.107991,61.036178,False,0.94836235,True,False,False,0.74474478,1.1713401,52.107991,61.036178,0.68386226,1.1826388,45.480988,53.787582,0.94824376,1.1344461,25.430739,28.849801,0.27346507,1.1546301,9.3942065,10.846833,0.63696879,1.2515819,16.298614,20.39905,0.71939908,1.1994395,21.61119,25.921315,0.61817398,1.192216,18.976899,22.624562,0.74886728,1.1509208,29.790235,34.286201
init,init,-1,,9125,156.White_eyed_Vireo/White_Eyed_Vireo_0050_158829.jpg,156,155,156.White_eyed_Vireo,46,45,identity,identity,0,{},5.8555436,5.8555436,0,0.0028639783,0.0028639783,0.023433851,0.023433851,-0.020569873,-0.020569873,0,1,1,41.263323,41.263323,False,1,True,False,False,1,1,41.263323,41.263323,1,1,33.316355,33.316355,1,1,24.345068,24.345068,1,1,3.9903423,3.9903423,1,1,11.422804,11.422804,1,1,12.81643,12.81643,1,1,14.148505,14.148505,1,1,24.477237,24.477237
init,init,-1,,9125,156.White_eyed_Vireo/White_Eyed_Vireo_0050_158829.jpg,156,155,156.White_eyed_Vireo,46,45,horizontal_flip,horizontal_flip,0,"{""flipped"":true}",5.8555436,5.7388816,-0.11666203,0.0028639783,0.0032183658,0.023433851,0.018593365,-0.020569873,-0.015374999,0.0051948733,0.68728311,0.93738966,41.263323,38.679812,False,0.97065848,False,False,False,0.68728311,0.93738966,41.263323,38.679812,0.5269358,0.91691324,33.316355,30.548207,0.97062893,0.9745814,24.345068,23.72625,0.30556725,1.228719,3.9903423,4.9030094,0.18022841,0.78234333,11.422804,8.9365548,0.48259076,0.8770163,12.81643,11.240218,0.38243659,0.89964346,14.148505,12.72861,0.65611609,0.95018617,24.477237,23.257932
init,init,-1,,9125,156.White_eyed_Vireo/White_Eyed_Vireo_0050_158829.jpg,156,155,156.White_eyed_Vireo,46,45,color_jitter,color_jitter,0,"{""brightness"":0.968804,""contrast"":0.884205,""hue"":-0.068038,""saturation"":0.63575}",5.8555436,5.6784792,-0.17706442,0.0028639783,0.0034187532,0.023433851,0.028379068,-0.020569873,-0.024960315,-0.0043904418,0.78429076,1.1128656,41.263323,45.920533,False,0.95424765,True,False,False,0.78429076,1.1128656,41.263323,45.920533,0.70249412,1.1464416,33.316355,38.195254,0.95418128,1.047092,24.345068,25.491526,0.48014056,1.2433487,3.9903423,4.9613869,0.54295582,1.2862926,11.422804,14.693069,0.56403477,1.3063852,12.81643,16.743194,0.67571978,1.1175839,14.148505,15.812141,0.81163691,1.0716114,24.477237,26.230087
init,init,-1,,9125,156.White_eyed_Vireo/White_Eyed_Vireo_0050_158829.jpg,156,155,156.White_eyed_Vireo,46,45,rotation,rotation,0,"{""angle"":4.884884}",5.8555436,6.0780926,0.22254896,0.0028639783,0.0022925448,0.023433851,0.041163556,-0.020569873,-0.038871011,-0.018301139,0.7277051,1.0737423,41.263323,44.306174,False,0.95811957,True,False,False,0.7277051,1.0737423,41.263323,44.306174,0.60154022,1.0636297,33.316355,35.436264,0.95792615,1.0924294,24.345068,26.595268,0.21320084,1.2578423,3.9903423,5.0192215,0.34212506,0.96778812,11.422804,11.054854,0.39421842,0.98524257,12.81643,12.627292,0.48812489,1.0329837,14.148505,14.615175,0.75027485,1.1078026,24.477237,27.115947
init,init,-1,,9125,156.White_eyed_Vireo/White_Eyed_Vireo_0050_158829.jpg,156,155,156.White_eyed_Vireo,46,45,random_resized_crop,random_resized_crop,0,"{""area_fraction"":0.860968,""aspect"":1.02768,""fallback"":false,""height"":0.915303,""left"":0.004528,""top"":0.023934,""width"":0.940638}",5.8555436,5.8493118,-0.0062317848,0.0028639783,0.0028818827,0.023433851,0.023904046,-0.020569873,-0.021022163,-0.00045229052,0.80291798,1.0347483,41.263323,42.697153,False,0.98303378,True,False,False,0.80291798,1.0347483,41.263323,42.697153,0.70827696,1.0403188,33.316355,34.659631,0.98300967,1.0242343,24.345068,24.935053,0.40228569,1.224762,3.9903423,4.8872195,0.52835992,1.0762718,11.422804,12.294043,0.64342265,1.1746068,12.81643,15.054265,0.60319737,0.96486954,14.148505,13.651461,0.81690719,1.0117259,24.477237,24.764255
init,init,-1,,9125,156.White_eyed_Vireo/White_Eyed_Vireo_0050_158829.jpg,156,155,156.White_eyed_Vireo,46,45,gaussian_blur,gaussian_blur,0,"{""sigma"":1.711643}",5.8555436,6.1779652,0.32242155,0.0028639783,0.0020746447,0.023433851,0.028307652,-0.020569873,-0.026233007,-0.0056631346,0.63540316,1.2829967,41.263323,52.940705,False,0.87955105,False,False,False,0.63540316,1.2829967,41.263323,52.940705,0.51950104,1.3281186,33.316355,44.248071,0.87930173,1.1939133,24.345068,29.0659,0.20440113,2.0248118,3.9903423,8.0796921,0.56111103,1.5136414,11.422804,17.29003,0.46564048,1.5521095,12.81643,19.892502,0.36982631,1.3375972,14.148505,18.925,0.60717686,1.1839272,24.477237,28.979267
init,init,-1,,9125,156.White_eyed_Vireo/White_Eyed_Vireo_0050_158829.jpg,156,155,156.White_eyed_Vireo,46,45,random_erasing,random_erasing,0,"{""area_fraction"":0.140844,""erased"":true,""height"":0.247198,""left"":0.173724,""top"":0.287173,""width"":0.569763}",5.8555436,5.9859848,0.13044119,0.0028639783,0.0025137374,0.023433851,0.024557749,-0.020569873,-0.022044011,-0.0014741386,0.54832796,1.3790069,41.263323,56.902408,False,0.87102985,False,False,False,0.54832796,1.3790069,41.263323,56.902408,0.4128858,1.47055,33.316355,48.993365,0.87079469,1.1887494,24.345068,28.940184,0.33511664,1.0781628,3.9903423,4.3022388,0.22252649,1.3269948,11.422804,15.158003,0.22527773,1.7153932,12.81643,21.985216,0.39298281,1.5517584,14.148505,21.955061,0.52669626,1.40737,24.477237,34.448528
init,init,-1,,3979,069.Rufous_Hummingbird/Rufous_Hummingbird_0060_58986.jpg,69,68,069.Rufous_Hummingbird,114,113,identity,identity,0,{},4.943819,4.943819,0,0.0071273255,0.0071273255,0.017174006,0.017174006,-0.01004668,-0.01004668,0,1,1,48.552439,48.552439,False,0.99999988,True,False,False,1,1,48.552439,48.552439,1,1,40.503536,40.503536,1,1,26.773176,26.773176,1,1,6.6087404,6.6087404,1,1,13.323404,13.323404,1,1,17.018954,17.018954,1,1,18.696466,18.696466,1,1,27.931079,27.931079
init,init,-1,,3979,069.Rufous_Hummingbird/Rufous_Hummingbird_0060_58986.jpg,69,68,069.Rufous_Hummingbird,114,113,horizontal_flip,horizontal_flip,0,"{""flipped"":true}",4.943819,4.8800335,-0.063785553,0.0071273255,0.0075967591,0.017174006,0.019902525,-0.01004668,-0.012305766,-0.0022590864,0.65264082,1.1778448,48.552439,57.187238,False,0.95612234,True,False,False,0.65264082,1.1778448,48.552439,57.187238,0.53145897,1.2066001,40.503536,48.87157,0.95598218,1.1092311,26.773176,29.697639,0.47054804,1.1176111,6.6087404,7.3860018,0.28522569,1.2485425,13.323404,16.634837,0.45744035,1.2758125,17.018954,21.712995,0.46590815,1.2521264,18.696466,23.410339,0.65892741,1.1532942,27.931079,32.212752
init,init,-1,,3979,069.Rufous_Hummingbird/Rufous_Hummingbird_0060_58986.jpg,69,68,069.Rufous_Hummingbird,114,113,color_jitter,color_jitter,0,"{""brightness"":0.865403,""contrast"":0.720497,""hue"":-0.040934,""saturation"":1.07805}",4.943819,5.0268817,0.083062649,0.0071273255,0.0065592327,0.017174006,0.014914599,-0.01004668,-0.0083553665,0.0016913135,0.80357382,1.0634142,48.552439,51.631352,False,0.95717275,False,False,False,0.80357382,1.0634142,48.552439,51.631352,0.74280976,1.0896885,40.503536,44.136238,0.95709461,1.0006875,26.773176,26.791583,0.73379735,1.424423,6.6087404,9.4136421,0.6283721,1.2347249,13.323404,16.450738,0.64642835,1.0637628,17.018954,18.10413,0.71826137,1.0605498,18.696466,19.828533,0.82529877,1.054704,27.931079,29.45902
init,init,-1,,3979,069.Rufous_Hummingbird/Rufous_Hummingbird_0060_58986.jpg,69,68,069.Rufous_Hummingbird,114,113,rotation,rotation,0,"{""angle"":7.842782}",4.943819,4.9104571,-0.033361912,0.0071273255,0.0073691197,0.017174006,0.016289936,-0.01004668,-0.0089208167,0.0011258633,0.7371972,1.1204829,48.552439,54.402177,False,0.94220591,False,False,False,0.7371972,1.1204829,48.552439,54.402177,0.64473296,1.1085318,40.503536,44.899457,0.94195692,1.1473668,26.773176,30.718653,0.69389627,0.9157232,6.6087404,6.0517769,0.35679501,1.1138572,13.323404,14.84037,0.61874161,1.0786168,17.018954,18.35693,0.62041207,1.0591267,18.696466,19.801926,0.72645834,1.1490329,27.931079,32.09373
init,init,-1,,3979,069.Rufous_Hummingbird/Rufous_Hummingbird_0060_58986.jpg,69,68,069.Rufous_Hummingbird,114,113,random_resized_crop,random_resized_crop,0,"{""area_fraction"":0.863901,""aspect"":0.951739,""fallback"":false,""height"":0.952737,""left"":0.039479,""top"":0.022925,""width"":0.906757}",4.943819,4.7311049,-0.2127142,0.0071273255,0.0088167237,0.017174006,0.016491331,-0.01004668,-0.0076746074,0.0023720725,0.83937525,1.0530856,48.552439,51.129876,False,0.97572172,False,False,False,0.83937525,1.0530856,48.552439,51.129876,0.7792032,1.0496277,40.503536,42.513633,0.97565306,1.0609574,26.773176,28.405199,0.73971052,1.0365644,6.6087404,6.8503849,0.66658481,0.99150812,13.323404,13.210263,0.68686384,1.060387,17.018954,18.046678,0.74706913,1.0606998,18.696466,19.831337,0.85476517,1.0542005,27.931079,29.444958
init,init,-1,,3979,069.Rufous_Hummingbird/Rufous_Hummingbird_0060_58986.jpg,69,68,069.Rufous_Hummingbird,114,113,gaussian_blur,gaussian_blur,0,"{""sigma"":1.65684}",4.943819,4.9023218,-0.041497231,0.0071273255,0.0074293138,0.017174006,0.012024015,-0.01004668,-0.0045947013,0.0054519786,0.57859455,1.2102142,48.552439,58.758853,False,0.90775841,False,False,False,0.57859455,1.2102142,48.552439,58.758853,0.4774272,1.3010671,40.503536,52.697817,0.90767409,0.97079285,26.773176,25.991208,0.23965115,1.3250813,6.6087404,8.7571183,0.34333329,1.5921805,13.323404,21.213264,0.28049064,1.7126106,17.018954,29.146842,0.45174647,1.2166939,18.696466,22.747876,0.69489582,1.0641004,27.931079,29.721473
init,init,-1,,3979,069.Rufous_Hummingbird/Rufous_Hummingbird_0060_58986.jpg,69,68,069.Rufous_Hummingbird,114,113,random_erasing,random_erasing,0,"{""area_fraction"":0.095646,""erased"":true,""height"":0.437657,""left"":0.191226,""top"":0.270102,""width"":0.218541}",4.943819,4.8992786,-0.044540405,0.0071273255,0.0074519562,0.017174006,0.011275501,-0.01004668,-0.0038235448,0.0062231352,0.76273576,1.1298147,48.552439,54.85526,False,0.93073905,False,False,False,0.76273576,1.1298147,48.552439,54.85526,0.69247239,1.1432542,40.503536,46.305838,0.93053725,1.0984373,26.773176,29.408655,0.76234964,1.2610647,6.6087404,8.3340492,0.68578266,1.259154,13.323404,16.776217,0.68170235,1.2467067,17.018954,21.217644,0.64007881,1.1010604,18.696466,20.585938,0.72142565,1.0855652,27.931079,30.321008
init,init,-1,,6330,109.American_Redstart/American_Redstart_0128_102983.jpg,109,108,109.American_Redstart,4,3,identity,identity,0,{},5.9372873,5.9372873,0,0.0026391787,0.0026391787,0.034424778,0.034424778,-0.031785599,-0.031785599,0,1,1,54.503876,54.503876,False,1,True,False,False,1,1,54.503876,54.503876,1,1,47.107628,47.107628,1,1,27.414301,27.414301,1,1,11.325766,11.325766,1,1,16.123737,16.123737,1,1,18.745908,18.745908,1,1,22.202162,22.202162,1,1,31.409166,31.409166
init,init,-1,,6330,109.American_Redstart/American_Redstart_0128_102983.jpg,109,108,109.American_Redstart,4,3,horizontal_flip,horizontal_flip,0,"{""flipped"":true}",5.9372873,6.3574133,0.42012596,0.0026391787,0.001733846,0.034424778,0.025416154,-0.031785599,-0.023682308,0.008103291,0.64839021,1.0464569,54.503876,57.035957,False,0.95410532,False,False,False,0.64839021,1.0464569,54.503876,57.035957,0.55586314,1.0720268,47.107628,50.500639,0.9539088,0.96701746,27.414301,26.510108,0.49953036,0.84466147,11.325766,9.5664379,0.20718984,1.0735786,16.123737,17.3101,0.45779697,1.3356541,18.745908,25.03805,0.54006429,1.0900572,22.202162,24.201627,0.7299432,0.97951719,31.409166,30.765818
init,init,-1,,6330,109.American_Redstart/American_Redstart_0128_102983.jpg,109,108,109.American_Redstart,4,3,color_jitter,color_jitter,0,"{""brightness"":1.330227,""contrast"":0.995903,""hue"":0.013226,""saturation"":1.371112}",5.9372873,5.9088774,-0.028409958,0.0026391787,0.0027152346,0.034424778,0.030528128,-0.031785599,-0.027812894,0.0039727059,0.77024733,1.0789567,54.503876,58.80732,False,0.96619964,True,False,False,0.77024733,1.0789567,54.503876,58.80732,0.70640407,1.0886545,47.107628,51.283931,0.96612203,1.0497986,27.414301,28.779495,0.60286252,0.96854398,11.325766,10.969502,0.51372903,1.0039925,16.123737,16.188112,0.63583998,1.2923894,18.745908,24.227013,0.68952004,1.1456224,22.202162,25.435293,0.819389,1.0137012,31.409166,31.83951
init,init,-1,,6330,109.American_Redstart/American_Redstart_0128_102983.jpg,109,108,109.American_Redstart,4,3,rotation,rotation,0,"{""angle"":6.669315}",5.9372873,5.74893,-0.18835735,0.0026391787,0.0031861875,0.034424778,0.031759482,-0.031785599,-0.028573294,0.003212305,0.65573217,0.97517959,54.503876,53.151068,False,0.94338483,True,False,False,0.65573217,0.97517959,54.503876,53.151068,0.55195956,0.95783513,47.107628,45.121341,0.94325378,1.0246818,27.414301,28.090934,0.20085092,0.79963126,11.325766,9.0564364,0.17048456,0.92374312,16.123737,14.894191,0.39967717,0.97794887,18.745908,18.33254,0.53112264,0.91269131,22.202162,20.26372,0.74584891,0.99941363,31.409166,31.390749
init,init,-1,,6330,109.American_Redstart/American_Redstart_0128_102983.jpg,109,108,109.American_Redstart,4,3,random_resized_crop,random_resized_crop,0,"{""area_fraction"":0.853908,""aspect"":1.094104,""fallback"":false,""height"":0.883438,""left"":0.010682,""top"":0.049748,""width"":0.966573}",5.9372873,5.8086901,-0.12859726,0.0026391787,0.0030013584,0.034424778,0.028294664,-0.031785599,-0.025293306,0.0064922939,0.80371095,1.0120944,54.503876,55.163067,False,0.97134984,True,False,False,0.80371095,1.0120944,54.503876,55.163067,0.75036639,1.0259713,47.107628,48.331076,0.97127965,0.96996112,27.414301,26.590806,0.75717727,1.2179578,11.325766,13.794305,0.61132324,1.101747,16.123737,17.76428,0.66387105,1.0838948,18.745908,20.318592,0.73635391,1.0263916,22.202162,22.788113,0.83894744,0.95401873,31.409166,29.964933
init,init,-1,,6330,109.American_Redstart/American_Redstart_0128_102983.jpg,109,108,109.American_Redstart,4,3,gaussian_blur,gaussian_blur,0,"{""sigma"":1.187847}",5.9372873,5.4938822,-0.44340515,0.0026391787,0.0041118511,0.034424778,0.020381836,-0.031785599,-0.016269985,0.015515614,0.57923211,0.91894575,54.503876,50.086106,False,0.85533661,True,False,False,0.57923211,0.91894575,54.503876,50.086106,0.49551555,0.94111453,47.107628,44.333674,0.85518031,0.85011967,27.414301,23.305436,0.47470557,0.84500981,11.325766,9.5703831,0.28516013,1.0975358,16.123737,17.696378,0.36196822,1.18647,18.745908,22.241458,0.48219951,0.91282156,22.202162,20.266612,0.66433634,0.81501297,31.409166,25.598878
init,init,-1,,6330,109.American_Redstart/American_Redstart_0128_102983.jpg,109,108,109.American_Redstart,4,3,random_erasing,random_erasing,0,"{""area_fraction"":0.072954,""erased"":true,""height"":0.170172,""left"":0.375959,""top"":0.192738,""width"":0.428708}",5.9372873,5.7587395,-0.17854786,0.0026391787,0.0031550871,0.034424778,0.037186954,-0.031785599,-0.034031867,-0.0022462676,0.70926578,1.0810008,54.503876,58.918735,False,0.9297936,True,False,False,0.70926578,1.0810008,54.503876,58.918735,0.63918843,1.0965535,47.107628,51.656036,0.92970278,1.0337128,27.414301,28.338513,0.024309148,0.63103014,11.325766,7.1468995,0.55739899,1.015575,16.123737,16.374864,0.65632203,1.2456546,18.745908,23.350926,0.60944783,1.1148536,22.202162,24.752159,0.72325723,1.0988421,31.409166,34.513715
init,init,-1,,1259,023.Brandt_Cormorant/Brandt_Cormorant_0083_23156.jpg,23,22,023.Brandt_Cormorant,129,128,identity,identity,0,{},6.5075502,6.5075502,0,0.0014921308,0.0014921308,0.023807636,0.023807636,-0.022315505,-0.022315505,0,1,1,76.202609,76.202609,False,0.99999994,True,False,False,1,1,76.202609,76.202609,1,1,69.22179,69.22179,1,1,31.861911,31.861911,1,1,22.450632,22.450632,1,1,30.768092,30.768092,1,1,27.820303,27.820303,1,1,27.756433,27.756433,1,1,42.385859,42.385859
init,init,-1,,1259,023.Brandt_Cormorant/Brandt_Cormorant_0083_23156.jpg,23,22,023.Brandt_Cormorant,129,128,horizontal_flip,horizontal_flip,0,"{""flipped"":true}",6.5075502,6.4258633,-0.081686974,0.0014921308,0.0016191348,0.023807636,0.021102874,-0.022315505,-0.019483739,0.0028317659,0.70411756,0.91617264,76.202609,69.814745,False,0.96397281,False,False,False,0.70411756,0.91617264,76.202609,69.814745,0.64464349,0.90145785,69.22179,62.400526,0.96376715,0.98265646,31.861911,31.309312,0.70971597,0.74395203,22.450632,16.702193,0.67363679,0.91816682,30.768092,28.250241,0.54038998,0.85099625,27.820303,23.674973,0.46923508,0.94396335,27.756433,26.201056,0.73581556,0.93475827,42.385859,39.620532
init,init,-1,,1259,023.Brandt_Cormorant/Brandt_Cormorant_0083_23156.jpg,23,22,023.Brandt_Cormorant,129,128,color_jitter,color_jitter,0,"{""brightness"":1.294745,""contrast"":1.227583,""hue"":-0.056756,""saturation"":1.134073}",6.5075502,6.7142072,0.20665693,0.0014921308,0.0012135478,0.023807636,0.0098972199,-0.022315505,-0.0086836722,0.013631833,0.67397699,0.86936523,76.202609,66.247898,False,0.9085024,False,False,False,0.67397699,0.86936523,76.202609,66.247898,0.61537832,0.82845218,69.22179,57.346943,0.90800236,1.0409903,31.861911,33.167938,0.72606826,0.64334088,22.450632,14.443409,0.62746546,0.7106924,30.768092,21.866649,0.57795264,0.81928593,27.820303,22.792783,0.45259398,0.8439548,27.756433,23.425175,0.67743946,0.92393945,42.385859,39.161968
init,init,-1,,1259,023.Brandt_Cormorant/Brandt_Cormorant_0083_23156.jpg,23,22,023.Brandt_Cormorant,129,128,rotation,rotation,0,"{""angle"":-7.684121}",6.5075502,6.3552713,-0.1522789,0.0014921308,0.0017375639,0.023807636,0.021110997,-0.022315505,-0.019373433,0.002942072,0.70556972,0.94083382,76.202609,71.693991,False,0.9177413,False,False,False,0.70556972,0.94083382,76.202609,71.693991,0.65818037,0.93073856,69.22179,64.427389,0.91747343,0.98709068,31.861911,31.450595,0.76412813,1.1448877,22.450632,25.703452,0.72011797,0.96713031,30.768092,29.756754,0.52409911,0.88866361,27.820303,24.722891,0.45102715,0.85768069,27.756433,23.806157,0.73488407,0.89117068,42.385859,37.773035
init,init,-1,,1259,023.Brandt_Cormorant/Brandt_Cormorant_0083_23156.jpg,23,22,023.Brandt_Cormorant,129,128,random_resized_crop,random_resized_crop,0,"{""area_fraction"":0.878952,""aspect"":1.081477,""fallback"":false,""height"":0.901517,""left"":0.023923,""top"":0.065474,""width"":0.97497}",6.5075502,6.3060837,-0.20146656,0.0014921308,0.0018251671,0.023807636,0.020004177,-0.022315505,-0.01817901,0.0041364944,0.79887973,0.92613641,76.202609,70.574011,False,0.97995216,False,False,False,0.79887973,0.92613641,76.202609,70.574011,0.75987369,0.92325789,69.22179,63.909564,0.97988658,0.93960404,31.861911,29.93758,0.3846251,0.9103401,22.450632,20.43771,0.79130028,0.96436194,30.768092,29.671577,0.7727315,0.97530896,27.820303,27.133391,0.70952168,0.87525551,27.756433,24.293971,0.86507411,0.90145144,42.385859,38.208794
init,init,-1,,1259,023.Brandt_Cormorant/Brandt_Cormorant_0083_23156.jpg,23,22,023.Brandt_Cormorant,129,128,gaussian_blur,gaussian_blur,0,"{""sigma"":1.704504}",6.5075502,5.5048041,-1.0027461,0.0014921308,0.0040671844,0.023807636,0.016468897,-0.022315505,-0.012401713,0.0099137917,0.57731641,0.83161485,76.202609,63.371221,False,0.89351594,False,False,False,0.57731641,0.83161485,76.202609,63.371221,0.50277797,0.81287352,69.22179,56.26856,0.89316282,0.91490611,31.861911,29.150657,-0.18387828,0.83485673,22.450632,18.743061,0.66087726,0.87534445,30.768092,26.932678,0.49758543,0.79548052,27.820303,22.130509,0.46618382,0.77982164,27.756433,21.645067,0.63245826,0.7935071,42.385859,33.63348
init,init,-1,,1259,023.Brandt_Cormorant/Brandt_Cormorant_0083_23156.jpg,23,22,023.Brandt_Cormorant,129,128,random_erasing,random_erasing,0,"{""area_fraction"":0.059022,""erased"":true,""height"":0.193212,""left"":0.059623,""top"":0.528441,""width"":0.305477}",6.5075502,6.8120947,0.30454445,0.0014921308,0.0011003857,0.023807636,0.026164807,-0.022315505,-0.025064422,-0.002748917,0.84537364,0.98107445,76.202609,74.760432,False,0.95554584,False,False,False,0.84537364,0.98107445,76.202609,74.760432,0.82086107,0.9697118,69.22179,67.125187,0.95536193,1.0330204,31.861911,32.914002,0.76924856,0.96231599,22.450632,21.604602,0.88163823,0.91187686,30.768092,28.056711,0.8358515,0.99275458,27.820303,27.618733,0.7608865,0.99576831,27.756433,27.638977,0.82590881,0.9799228,42.385859,41.53487
init,init,-1,,7930,136.Barn_Swallow/Barn_Swallow_0026_132386.jpg,136,135,136.Barn_Swallow,46,45,identity,identity,0,{},5.8448544,5.8448544,0,0.0028947568,0.0028947568,0.026280684,0.026280684,-0.023385928,-0.023385928,0,1,1,53.456176,53.456176,False,1,True,False,False,1,1,53.456176,53.456176,1,1,46.41701,46.41701,1,1,26.514598,26.514598,1,1,8.7487754,8.7487754,1,1,17.773399,17.773399,1,1,20.832167,20.832167,1,1,19.267566,19.267566,1,1,30.933571,30.933571
init,init,-1,,7930,136.Barn_Swallow/Barn_Swallow_0026_132386.jpg,136,135,136.Barn_Swallow,46,45,horizontal_flip,horizontal_flip,0,"{""flipped"":true}",5.8448544,5.8303595,-0.014494896,0.0028947568,0.0029370212,0.026280684,0.026546566,-0.023385928,-0.023609545,-0.00022361707,0.60346113,1.0786846,53.456176,57.662355,False,0.95034736,True,False,False,0.60346113,1.0786846,53.456176,57.662355,0.48820712,1.0737302,46.41701,49.839344,0.95029575,1.0937286,26.514598,28.999775,0.21058988,0.92583964,8.7487754,8.0999631,0.30533722,0.98748961,17.773399,17.551047,0.49255088,1.1415767,20.832167,23.781517,0.35974587,1.1258843,19.267566,21.693049,0.61633681,1.0595098,30.933571,32.77442
init,init,-1,,7930,136.Barn_Swallow/Barn_Swallow_0026_132386.jpg,136,135,136.Barn_Swallow,46,45,color_jitter,color_jitter,0,"{""brightness"":1.277334,""contrast"":1.222299,""hue"":0.015868,""saturation"":0.651088}",5.8448544,5.6762409,-0.16861343,0.0028947568,0.0034264156,0.026280684,0.01522863,-0.023385928,-0.011802214,0.011583713,0.79271456,1.02804,53.456176,54.955089,False,0.9427433,False,False,False,0.79271456,1.02804,53.456176,54.955089,0.74060638,1.0082796,46.41701,46.801323,0.94256283,1.0863631,26.514598,28.804479,0.7505582,1.07103,8.7487754,9.3702011,0.66545607,0.88171857,17.773399,15.671136,0.71380046,0.96192772,20.832167,20.039039,0.65349197,1.039541,19.267566,20.029425,0.80828063,1.0496372,30.933571,32.469027
init,init,-1,,7930,136.Barn_Swallow/Barn_Swallow_0026_132386.jpg,136,135,136.Barn_Swallow,46,45,rotation,rotation,0,"{""angle"":-9.829237}",5.8448544,6.2683592,0.42350483,0.0028947568,0.0018953361,0.026280684,0.028403835,-0.023385928,-0.026508499,-0.0031225717,0.64568797,0.98765213,53.456176,52.796106,False,0.90668559,True,False,False,0.64568797,0.98765213,53.456176,52.796106,0.56020428,0.98655853,46.41701,45.793098,0.90649935,0.99099613,26.514598,26.275864,0.5164862,1.1177872,8.7487754,9.7792694,0.36522551,0.91429388,17.773399,16.25011,0.54868104,0.96272571,20.832167,20.055663,0.45206027,1.01027,19.267566,19.465444,0.67148816,0.99962824,30.933571,30.922071
init,init,-1,,7930,136.Barn_Swallow/Barn_Swallow_0026_132386.jpg,136,135,136.Barn_Swallow,46,45,random_resized_crop,random_resized_crop,0,"{""area_fraction"":0.635301,""aspect"":0.848057,""fallback"":false,""height"":0.86552,""left"":0.246148,""top"":0.038176,""width"":0.734011}",5.8448544,5.4312043,-0.41365004,0.0028947568,0.0043778205,0.026280684,0.026100861,-0.023385928,-0.02172304,0.0016628872,0.65387983,1.1327105,53.456176,60.550369,False,0.94330359,True,False,False,0.65387983,1.1327105,53.456176,60.550369,0.56569353,1.149969,46.41701,53.378125,0.94320159,1.0780991,26.514598,28.585364,0.38135787,1.9497141,8.7487754,17.057611,0.32159155,1.1902456,17.773399,21.154709,0.58557833,1.1558881,20.832167,24.079654,0.52979566,1.1563842,19.267566,22.280708,0.70616465,1.0397553,30.933571,32.163344
init,init,-1,,7930,136.Barn_Swallow/Barn_Swallow_0026_132386.jpg,136,135,136.Barn_Swallow,46,45,gaussian_blur,gaussian_blur,0,"{""sigma"":1.716193}",5.8448544,5.5325394,-0.31231499,0.0028947568,0.0039559314,0.026280684,0.021300647,-0.023385928,-0.017344716,0.0060412115,0.63047494,1.0639609,53.456176,56.87528,False,0.89592171,True,False,False,0.63047494,1.0639609,53.456176,56.87528,0.54973622,1.0804703,46.41701,50.152203,0.89578032,1.0116881,26.514598,26.824502,0.22825573,1.1439814,8.7487754,10.008436,0.51064294,1.085818,17.773399,19.298677,0.50563696,1.1577389,20.832167,24.11821,0.47843517,1.1001539,19.267566,21.197287,0.64555931,1.0282039,30.933571,31.806017
init,init,-1,,7930,136.Barn_Swallow/Barn_Swallow_0026_132386.jpg,136,135,136.Barn_Swallow,46,45,random_erasing,random_erasing,0,"{""area_fraction"":0.059979,""erased"":true,""height"":0.150293,""left"":0.339102,""top"":0.691063,""width"":0.399079}",5.8448544,5.7012067,-0.14364767,0.0028947568,0.0033419305,0.026280684,0.022868726,-0.023385928,-0.019526796,0.0038591316,0.89187188,0.94185795,53.456176,50.348124,False,0.98795152,False,False,False,0.89187188,0.94185795,53.456176,50.348124,0.85911677,0.92882611,46.41701,43.113331,0.98792435,0.98071834,26.514598,26.003352,0.79333199,0.96099402,8.7487754,8.4075209,0.84843234,0.96004647,17.773399,17.063289,0.79252372,0.83964347,20.832167,17.491593,0.81048173,0.94254011,19.267566,18.160453,0.91567827,0.94866234,30.933571,29.345514
init,init,-1,,2286,040.Olive_sided_Flycatcher/Olive_Sided_Flycatcher_0017_30704.jpg,40,39,040.Olive_sided_Flycatcher,129,128,identity,identity,0,{},5.3903966,5.3903966,0,0.0045601651,0.0045601651,0.03649256,0.03649256,-0.031932395,-0.031932395,0,1,1,50.42303,50.42303,False,1,True,False,False,1,1,50.42303,50.42303,1,1,41.462829,41.462829,1,1,28.693479,28.693479,1,1,8.0600423,8.0600423,1,1,16.747689,16.747689,1,1,16.434384,16.434384,1,1,17.774758,17.774758,1,1,28.065741,28.065741
init,init,-1,,2286,040.Olive_sided_Flycatcher/Olive_Sided_Flycatcher_0017_30704.jpg,40,39,040.Olive_sided_Flycatcher,129,128,horizontal_flip,horizontal_flip,0,"{""flipped"":true}",5.3903966,5.4681506,0.077754021,0.0045601651,0.0042190277,0.03649256,0.034901347,-0.031932395,-0.030682319,0.0012500756,0.72661462,0.94992341,50.42303,47.898016,False,0.96319246,True,False,False,0.72661462,0.94992341,50.42303,47.898016,0.6159455,0.9567516,41.462829,39.669628,0.96307606,0.93550478,28.693479,26.842887,0.42288033,0.79213683,8.0600423,6.3846563,0.58892846,0.85435708,16.747689,14.308507,0.48300237,0.96323915,16.434384,15.830242,0.52923636,0.94020326,17.774758,16.711885,0.71548294,1.0067141,28.065741,28.254177
init,init,-1,,2286,040.Olive_sided_Flycatcher/Olive_Sided_Flycatcher_0017_30704.jpg,40,39,040.Olive_sided_Flycatcher,129,128,color_jitter,color_jitter,0,"{""brightness"":0.646754,""contrast"":0.684867,""hue"":-0.085095,""saturation"":1.375681}",5.3903966,5.0139055,-0.37649107,0.0045601651,0.0066448995,0.03649256,0.027571723,-0.031932395,-0.020926823,0.011005572,0.7197228,1.0361891,50.42303,52.247793,False,0.92022175,True,False,False,0.7197228,1.0361891,50.42303,52.247793,0.64193745,1.0885687,41.462829,45.135138,0.9200172,0.91722123,28.693479,26.318268,0.59631152,1.146408,8.0600423,9.2400973,0.58355834,1.1894322,16.747689,19.920242,0.51204026,1.2491064,16.434384,20.528294,0.62510184,1.0361099,17.774758,18.416602,0.73937174,1.0042549,28.065741,28.185158
init,init,-1,,2286,040.Olive_sided_Flycatcher/Olive_Sided_Flycatcher_0017_30704.jpg,40,39,040.Olive_sided_Flycatcher,129,128,rotation,rotation,0,"{""angle"":-11.614948}",5.3903966,5.857131,0.46673441,0.0045601651,0.002859435,0.03649256,0.0396071,-0.031932395,-0.036747665,-0.0048152702,0.75231297,1.0856016,50.42303,54.739324,False,0.93190992,True,False,False,0.75231297,1.0856016,50.42303,54.739324,0.66607362,1.0842705,41.462829,44.956923,0.93171381,1.0883759,28.693479,31.229292,0.49685299,1.1465988,8.0600423,9.241635,0.64765536,1.1711318,16.747689,19.613751,0.58168093,1.0492792,16.434384,17.244258,0.61723805,1.0310022,17.774758,18.325814,0.7361569,1.0794481,28.065741,30.295511
init,init,-1,,2286,040.Olive_sided_Flycatcher/Olive_Sided_Flycatcher_0017_30704.jpg,40,39,040.Olive_sided_Flycatcher,129,128,random_resized_crop,random_resized_crop,0,"{""area_fraction"":0.531154,""aspect"":1.136845,""fallback"":false,""height"":0.683533,""left"":0.131025,""top"":0.161335,""width"":0.777071}",5.3903966,5.2708101,-0.11958647,0.0045601651,0.0051394454,0.03649256,0.040555026,-0.031932395,-0.035415581,-0.003483186,0.78035158,1.0534673,50.42303,53.119013,False,0.95757467,True,False,False,0.78035158,1.0534673,50.42303,53.119013,0.70062556,1.072317,41.462829,44.461296,0.95745035,1.012977,28.693479,29.065834,0.74239941,1.1824925,8.0600423,9.5309395,0.70968685,1.1096787,16.747689,18.584554,0.68092076,1.1494194,16.434384,18.889999,0.64108287,1.0803317,17.774758,19.202634,0.72822019,1.0171962,28.065741,28.548365
init,init,-1,,2286,040.Olive_sided_Flycatcher/Olive_Sided_Flycatcher_0017_30704.jpg,40,39,040.Olive_sided_Flycatcher,129,128,gaussian_blur,gaussian_blur,0,"{""sigma"":1.666116}",5.3903966,5.2194948,-0.17090178,0.0045601651,0.0054100635,0.03649256,0.032836374,-0.031932395,-0.02742631,0.0045060846,0.70132255,1.1355514,50.42303,57.257943,False,0.93752146,True,False,False,0.70132255,1.1355514,50.42303,57.257943,0.59881482,1.1669589,41.462829,48.385417,0.93737937,1.0669929,28.693479,30.615738,0.44120967,1.2637337,8.0600423,10.185747,0.39102942,1.0808774,16.747689,18.102198,0.47647911,1.3541972,16.434384,22.255396,0.60877107,1.1766412,17.774758,20.914512,0.73637754,1.1137009,28.065741,31.256841
init,init,-1,,2286,040.Olive_sided_Flycatcher/Olive_Sided_Flycatcher_0017_30704.jpg,40,39,040.Olive_sided_Flycatcher,129,128,random_erasing,random_erasing,0,"{""area_fraction"":0.116502,""erased"":true,""height"":0.538904,""left"":0.399849,""top"":0.228724,""width"":0.216184}",5.3903966,5.309741,-0.080655575,0.0045601651,0.004943206,0.03649256,0.018611833,-0.031932395,-0.013668627,0.018263767,0.43937008,0.94521193,50.42303,47.66045,False,0.73679078,False,False,False,0.43937008,0.94521193,50.42303,47.66045,0.30664925,0.96512352,41.462829,40.016752,0.73651639,0.90221883,28.693479,25.887797,0.38135062,0.6912406,8.0600423,5.5714285,0.31985745,0.9639383,16.747689,16.143739,0.23366962,1.0402317,16.434384,17.095568,0.19666116,0.88691694,17.774758,15.764734,0.36548425,0.9879995,28.065741,27.728938
init,init,-1,,6891,118.House_Sparrow/House_Sparrow_0093_110990.jpg,118,117,118.House_Sparrow,129,128,identity,identity,0,{},5.5902905,5.5902905,0,0.0037339425,0.0037339425,0.029616226,0.029616226,-0.025882283,-0.025882283,0,1,1,45.064674,45.064674,False,1,True,False,False,1,1,45.064674,45.064674,1,1,38.05118,38.05118,1,1,24.143996,24.143996,1,1,10.114417,10.114417,1,1,13.013625,13.013625,1,1,15.943387,15.943387,1,1,16.306656,16.306656,1,1,25.615187,25.615187
init,init,-1,,6891,118.House_Sparrow/House_Sparrow_0093_110990.jpg,118,117,118.House_Sparrow,129,128,horizontal_flip,horizontal_flip,0,"{""flipped"":true}",5.5902905,5.8759146,0.28562403,0.0037339425,0.0028062265,0.029616226,0.029809089,-0.025882283,-0.027002863,-0.0011205799,0.64506712,1.0649761,45.064674,47.992801,False,0.9557789,True,False,False,0.64506712,1.0649761,45.064674,47.992801,0.52061856,1.0665176,38.05118,40.582253,0.95574644,1.0611377,24.143996,25.620104,0.39596025,0.79060192,10.114417,7.9964772,0.36741723,1.0648401,13.013625,13.85743,0.46223089,1.1022777,15.943387,17.574039,0.42244043,1.1100378,16.306656,18.101005,0.64165248,1.0723063,25.615187,27.467326
init,init,-1,,6891,118.House_Sparrow/House_Sparrow_0093_110990.jpg,118,117,118.House_Sparrow,129,128,color_jitter,color_jitter,0,"{""brightness"":0.76809,""contrast"":0.934358,""hue"":0.082244,""saturation"":0.926581}",5.5902905,5.8611269,0.27083635,0.0037339425,0.0028480333,0.029616226,0.02923698,-0.025882283,-0.026388946,-0.00050666346,0.73970599,0.95912452,45.064674,43.222634,False,0.90511549,True,False,False,0.73970599,0.95912452,45.064674,43.222634,0.67164409,0.95276995,38.05118,36.254021,0.9050862,0.97472884,24.143996,23.533849,0.63772142,0.61954523,10.114417,6.2663385,0.62851466,1.0292615,13.013625,13.394423,0.68775917,1.0240745,15.943387,16.327216,0.62174482,0.98469161,16.306656,16.057027,0.71008054,0.9330895,25.615187,23.901262
init,init,-1,,6891,118.House_Sparrow/House_Sparrow_0093_110990.jpg,118,117,118.House_Sparrow,129,128,rotation,rotation,0,"{""angle"":-14.124942}",5.5902905,5.6349134,0.044622898,0.0037339425,0.0035709869,0.029616226,0.042232726,-0.025882283,-0.038661739,-0.012779456,0.66107112,1.1100464,45.064674,50.02388,False,0.92151588,True,False,False,0.66107112,1.1100464,45.064674,50.02388,0.54107701,1.0554147,38.05118,40.159774,0.92127611,1.2353318,24.143996,29.825846,0.0074466481,0.64091066,10.114417,6.4824374,0.44725684,0.86129857,13.013625,11.208617,0.46631153,0.99167445,15.943387,15.81065,0.4755771,1.1095201,16.306656,18.092562,0.66691373,1.1500614,25.615187,29.459039
init,init,-1,,6891,118.House_Sparrow/House_Sparrow_0093_110990.jpg,118,117,118.House_Sparrow,129,128,random_resized_crop,random_resized_crop,0,"{""area_fraction"":0.665812,""aspect"":0.975648,""fallback"":false,""height"":0.826093,""left"":0.026203,""top"":0.00333,""width"":0.805976}",5.5902905,5.5444441,-0.045846462,0.0037339425,0.0039091152,0.029616226,0.040358484,-0.025882283,-0.036449369,-0.010567086,0.74410981,1.0441281,45.064674,47.053294,False,0.95270067,True,False,False,0.74410981,1.0441281,45.064674,47.053294,0.65676238,1.0312838,38.05118,39.241565,0.95262933,1.0753675,24.143996,25.963669,0.87995579,0.84817229,10.114417,8.5787679,0.64680431,1.082024,13.013625,14.081055,0.61483132,1.0552076,15.943387,16.823583,0.55636809,1.0133079,16.306656,16.523663,0.68907271,1.0416736,25.615187,26.682665
init,init,-1,,6891,118.House_Sparrow/House_Sparrow_0093_110990.jpg,118,117,118.House_Sparrow,129,128,gaussian_blur,gaussian_blur,0,"{""sigma"":1.865205}",5.5902905,6.0210676,0.43077707,0.0037339425,0.0024270774,0.029616226,0.034593396,-0.025882283,-0.032166319,-0.0062840355,0.56899177,1.7311684,45.064674,78.014538,False,0.86862016,True,False,False,0.56899177,1.7311684,45.064674,78.014538,0.51525573,1.9241232,38.05118,73.215159,0.86852664,1.1158399,24.143996,26.940835,0.80934336,2.5700714,10.114417,25.994773,0.50477904,2.3909026,13.013625,31.11431,0.54643498,2.6193883,15.943387,41.761922,0.38623262,1.7932544,16.306656,29.241983,0.54920752,1.3050352,25.615187,33.428721
init,init,-1,,6891,118.House_Sparrow/House_Sparrow_0093_110990.jpg,118,117,118.House_Sparrow,129,128,random_erasing,random_erasing,0,"{""area_fraction"":0.058039,""erased"":true,""height"":0.265341,""left"":0.728632,""top"":0.210055,""width"":0.218734}",5.5902905,5.6130056,0.022715092,0.0037339425,0.0036500818,0.029616226,0.026242999,-0.025882283,-0.022592918,0.0032893654,0.86828197,0.98317711,45.064674,44.306556,False,0.97422856,True,False,False,0.86828197,0.98317711,45.064674,44.306556,0.82596539,0.98530065,38.05118,37.491853,0.97420324,0.97788268,24.143996,23.609996,0.80822924,0.89794379,10.114417,9.0821775,0.66496337,0.95604759,13.013625,12.441645,0.83634338,0.97306589,15.943387,15.513966,0.82877334,1.0264061,16.306656,16.737251,0.86427986,0.99342642,25.615187,25.446804
init,init,-1,,9317,159.Black_and_white_Warbler/Black_And_White_Warbler_0022_160512.jpg,159,158,159.Black_and_white_Warbler,28,27,identity,identity,0,{},5.5948257,5.5948257,0,0.0037170472,0.0037170472,0.024841854,0.024841854,-0.021124807,-0.021124807,0,1,1,45.812575,45.812575,False,1.0000002,True,False,False,1,1,45.812575,45.812575,1,1,36.768735,36.768735,1,1,27.328595,27.328595,1,1,6.2222789,6.2222789,1,1,12.826727,12.826727,1,1,14.679023,14.679023,1,1,15.468814,15.468814,1,1,26.342746,26.342746
init,init,-1,,9317,159.Black_and_white_Warbler/Black_And_White_Warbler_0022_160512.jpg,159,158,159.Black_and_white_Warbler,28,27,horizontal_flip,horizontal_flip,0,"{""flipped"":true}",5.5948257,5.6739368,0.079111099,0.0037170472,0.0034343188,0.024841854,0.0250556,-0.021124807,-0.021621282,-0.00049647433,0.71071353,1.139014,45.812575,52.181163,False,0.96891105,False,False,False,0.71071353,1.139014,45.812575,52.181163,0.56709405,1.1359483,36.768735,41.767384,0.96875209,1.1445424,27.328595,31.278737,0.5236876,0.93970374,6.2222789,5.8470988,0.46133869,1.0273441,12.826727,13.177462,0.42101515,1.1201235,14.679023,16.442319,0.43263024,1.143565,15.468814,17.689594,0.68094575,1.1721374,26.342746,30.877317
init,init,-1,,9317,159.Black_and_white_Warbler/Black_And_White_Warbler_0022_160512.jpg,159,158,159.Black_and_white_Warbler,28,27,color_jitter,color_jitter,0,"{""brightness"":1.031362,""contrast"":0.840196,""hue"":0.09141,""saturation"":0.823282}",5.5948257,5.3712411,-0.22358465,0.0037170472,0.0046483581,0.024841854,0.021432161,-0.021124807,-0.016783803,0.004341004,0.84564006,1.0169734,45.812575,46.590172,False,0.96911365,True,False,False,0.84564006,1.0169734,45.812575,46.590172,0.78056807,1.0321053,36.768735,37.949207,0.96907049,0.98899324,27.328595,27.027796,0.5530265,1.0018771,6.2222789,6.2339589,0.70890239,1.1250536,12.826727,14.430755,0.72634752,1.0796174,14.679023,15.847728,0.71932213,1.0058693,15.468814,15.559605,0.85296104,1.0042,26.342746,26.453385
init,init,-1,,9317,159.Black_and_white_Warbler/Black_And_White_Warbler_0022_160512.jpg,159,158,159.Black_and_white_Warbler,28,27,rotation,rotation,0,"{""angle"":-3.354661}",5.5948257,5.7164993,0.12167358,0.0037170472,0.0032912132,0.024841854,0.02945932,-0.021124807,-0.026168107,-0.0050432996,0.8157329,0.97598656,45.812575,44.712457,False,0.95858312,True,False,False,0.8157329,0.97598656,45.812575,44.712457,0.73516288,0.96817619,36.768735,35.598614,0.95849815,0.98996805,27.328595,27.054436,0.65335165,0.80699948,6.2222789,5.0213758,0.63370415,0.97062588,12.826727,12.449953,0.69659656,1.0140081,14.679023,14.884648,0.624022,0.9449626,15.468814,14.617451,0.81384617,0.96917866,26.342746,25.530828
init,init,-1,,9317,159.Black_and_white_Warbler/Black_And_White_Warbler_0022_160512.jpg,159,158,159.Black_and_white_Warbler,28,27,random_resized_crop,random_resized_crop,0,"{""area_fraction"":0.640815,""aspect"":1.131786,""fallback"":false,""height"":0.752461,""left"":0.136542,""top"":0.099531,""width"":0.851625}",5.5948257,5.7861204,0.19129467,0.0037170472,0.0030698699,0.024841854,0.032278374,-0.021124807,-0.029208504,-0.0080836967,0.74290386,1.1356167,45.812575,52.025524,False,0.96629173,True,False,False,0.74290386,1.1356167,45.812575,52.025524,0.63171094,1.1718376,36.768735,43.086987,0.96614987,1.0669271,27.328595,29.157618,0.53595096,1.2685607,6.2222789,7.8933386,0.51912437,1.2213974,12.826727,15.666531,0.50110912,1.3138228,14.679023,19.285634,0.55085889,1.2445534,15.468814,19.251766,0.75437731,1.0778399,26.342746,28.393262
init,init,-1,,9317,159.Black_and_white_Warbler/Black_And_White_Warbler_0022_160512.jpg,159,158,159.Black_and_white_Warbler,28,27,gaussian_blur,gaussian_blur,0,"{""sigma"":1.022571}",5.5948257,5.690506,0.095680237,0.0037170472,0.003377883,0.024841854,0.025087865,-0.021124807,-0.021709982,-0.00058517489,0.7461102,1.1773955,45.812575,53.939517,False,0.95749062,True,False,False,0.7461102,1.1773955,45.812575,53.939517,0.65045671,1.2412764,36.768735,45.640163,0.95739171,1.0519382,27.328595,28.747993,0.54613626,1.3579837,6.2222789,8.4497534,0.57359062,1.3309783,12.826727,17.072095,0.5502914,1.5344621,14.679023,22.524404,0.57603423,1.3345128,15.468814,20.643331,0.77328331,1.0647221,26.342746,28.047705
init,init,-1,,9317,159.Black_and_white_Warbler/Black_And_White_Warbler_0022_160512.jpg,159,158,159.Black_and_white_Warbler,28,27,random_erasing,random_erasing,0,"{""area_fraction"":0.155488,""erased"":true,""height"":0.521125,""left"":0.050593,""top"":0.405349,""width"":0.29837}",5.5948257,6.0388784,0.4440527,0.0037170472,0.0023842314,0.024841854,0.024327911,-0.021124807,-0.02194368,-0.00081887282,0.8177714,1.1440875,45.812575,52.413593,False,0.95318794,True,False,False,0.8177714,1.1440875,45.812575,52.413593,0.74949931,1.174679,36.768735,43.191461,0.95303087,1.0865227,27.328595,29.693138,0.67313023,1.165539,6.2222789,7.2523087,0.76772599,1.3216659,12.826727,16.952647,0.68616823,1.3123443,14.679023,19.263932,0.64052636,1.0716702,15.468814,16.577468,0.81235965,1.1258543,26.342746,29.658094
init,init,-1,,2279,040.Olive_sided_Flycatcher/Olive_Sided_Flycatcher_0049_796889.jpg,40,39,040.Olive_sided_Flycatcher,129,128,identity,identity,0,{},5.1844673,5.1844673,0,0.00560292,0.00560292,0.019848639,0.019848639,-0.014245719,-0.014245719,0,1,1,56.762706,56.762706,False,1,True,False,False,1,1,56.762706,56.762706,1,1,49.354815,49.354815,1,1,28.037601,28.037601,1,1,8.5733952,8.5733952,1,1,18.182169,18.182169,1,1,23.645227,23.645227,1,1,22.541718,22.541718,1,1,31.057649,31.057649
init,init,-1,,2279,040.Olive_sided_Flycatcher/Olive_Sided_Flycatcher_0049_796889.jpg,40,39,040.Olive_sided_Flycatcher,129,128,horizontal_flip,horizontal_flip,0,"{""flipped"":true}",5.1844673,5.3562241,0.17175674,0.00560292,0.0047186902,0.019848639,0.017182793,-0.014245719,-0.012464103,0.0017816159,0.61558142,0.96873792,56.762706,54.988186,False,0.93361765,False,False,False,0.61558142,0.96873792,56.762706,54.988186,0.50982195,0.96121709,49.354815,47.440692,0.93345438,0.99168046,28.037601,27.804341,0.44355784,0.93437568,8.5733952,8.010772,0.43452883,0.929649,18.182169,16.903035,0.39468232,0.82476661,23.645227,19.501794,0.45965483,0.98810287,22.541718,22.273537,0.62064779,1.0304948,31.057649,32.004747
init,init,-1,,2279,040.Olive_sided_Flycatcher/Olive_Sided_Flycatcher_0049_796889.jpg,40,39,040.Olive_sided_Flycatcher,129,128,color_jitter,color_jitter,0,"{""brightness"":1.399254,""contrast"":0.697276,""hue"":0.062358,""saturation"":0.868595}",5.1844673,4.9144154,-0.27005196,0.00560292,0.0073400056,0.019848639,0.015865436,-0.014245719,-0.0085254302,0.005720289,0.78189578,0.94601717,56.762706,53.698495,False,0.92260879,False,False,False,0.78189578,0.94601717,56.762706,53.698495,0.73511,0.93828669,49.354815,46.308966,0.92250664,0.96958019,28.037601,27.184702,0.74211098,1.2452465,8.5733952,10.67599,0.66372123,0.99430919,18.182169,18.078698,0.71714883,0.88697214,23.645227,20.972658,0.7266419,0.92234943,22.541718,20.791341,0.77919633,0.92849882,31.057649,28.83699
init,init,-1,,2279,040.Olive_sided_Flycatcher/Olive_Sided_Flycatcher_0049_796889.jpg,40,39,040.Olive_sided_Flycatcher,129,128,rotation,rotation,0,"{""angle"":-3.154059}",5.1844673,5.1308346,-0.053632736,0.00560292,0.0059116255,0.019848639,0.015990004,-0.014245719,-0.010078378,0.0041673407,0.81404265,0.98435282,56.762706,55.87453,False,0.94977462,False,False,False,0.81404265,0.98435282,56.762706,55.87453,0.76808172,0.97038718,49.354815,47.89328,0.94964255,1.026422,28.037601,28.778409,0.74236933,0.98037195,8.5733952,8.4051162,0.72749246,1.0160068,18.182169,18.473207,0.77934011,0.95446604,23.645227,22.568567,0.73277224,0.95459312,22.541718,21.518169,0.79689448,0.97102449,31.057649,30.157738
init,init,-1,,2279,040.Olive_sided_Flycatcher/Olive_Sided_Flycatcher_0049_796889.jpg,40,39,040.Olive_sided_Flycatcher,129,128,random_resized_crop,random_resized_crop,0,"{""area_fraction"":0.754317,""aspect"":1.029068,""fallback"":false,""height"":0.85616,""left"":0.112011,""top"":0.018078,""width"":0.881047}",5.1844673,5.2185907,0.034123421,0.00560292,0.0054149562,0.019848639,0.016449876,-0.014245719,-0.01103492,0.0032107993,0.76810819,1.0328462,56.762706,58.627147,False,0.96088737,False,False,False,0.76810819,1.0328462,56.762706,58.627147,0.70586308,1.0325868,49.354815,50.96313,0.96078814,1.0336497,28.037601,28.981058,0.41496326,0.86537911,8.5733952,7.4192371,0.63137501,1.119405,18.182169,20.353211,0.72209113,1.0274406,23.645227,24.294067,0.68825994,1.011273,22.541718,22.795831,0.75373475,1.0273648,31.057649,31.907535
init,init,-1,,2279,040.Olive_sided_Flycatcher/Olive_Sided_Flycatcher_0049_796889.jpg,40,39,040.Olive_sided_Flycatcher,129,128,gaussian_blur,gaussian_blur,0,"{""sigma"":1.993819}",5.1844673,4.5793176,-0.60514975,0.00560292,0.010261897,0.019848639,0.017155221,-0.014245719,-0.0068933237,0.0073523954,0.59220874,0.99558551,56.762706,56.512128,False,0.85876268,False,False,False,0.59220874,0.99558551,56.762706,56.512128,0.49535219,0.96015154,49.354815,47.388102,0.85852443,1.0981475,28.037601,30.78942,0.27680508,0.9535155,8.5733952,8.1748652,0.33846434,0.95448767,18.182169,17.354656,0.39644481,0.87432227,23.645227,20.673549,0.50630288,0.93544895,22.541718,21.086627,0.60707761,1.021032,31.057649,31.710854
init,init,-1,,2279,040.Olive_sided_Flycatcher/Olive_Sided_Flycatcher_0049_796889.jpg,40,39,040.Olive_sided_Flycatcher,129,128,random_erasing,random_erasing,0,"{""area_fraction"":0.165204,""erased"":true,""height"":0.549381,""left"":0.502251,""top"":0.084165,""width"":0.300709}",5.1844673,5.082715,-0.10175228,0.00560292,0.0062030437,0.019848639,0.024409695,-0.014245719,-0.018206651,-0.0039609317,0.82146585,1.1709337,56.762706,66.465364,False,0.94501722,False,False,False,0.82146585,1.1709337,56.762706,66.465364,0.78552118,1.1936151,49.354815,58.910653,0.94480596,1.0976789,28.037601,30.776282,0.87246801,1.1936148,8.5733952,10.233331,0.82658391,1.2840516,18.182169,23.346844,0.7854597,1.2181248,23.645227,28.802838,0.75240873,1.2095845,22.541718,27.266113,0.78313651,1.1372956,31.057649,35.321728
init,init,-1,,11516,196.House_Wren/House_Wren_0133_187101.jpg,196,195,196.House_Wren,4,3,identity,identity,0,{},5.9891977,5.9891977,0,0.0025056726,0.0025056726,0.020064253,0.020064253,-0.017558581,-0.017558581,0,1,1,52.190065,52.190065,False,1,True,False,False,1,1,52.190065,52.190065,1,1,43.227066,43.227066,1,1,29.244207,29.244207,1,1,6.0382625,6.0382625,1,1,15.556727,15.556727,1,1,19.011613,19.011613,1,1,18.693236,18.693236,1,1,29.651785,29.651785
init,init,-1,,11516,196.House_Wren/House_Wren_0133_187101.jpg,196,195,196.House_Wren,4,3,horizontal_flip,horizontal_flip,0,"{""flipped"":true}",5.9891977,5.5738029,-0.41539478,0.0025056726,0.0037960166,0.020064253,0.021460926,-0.017558581,-0.01766491,-0.00010632887,0.63770987,0.93809839,52.190065,48.959416,False,0.92887425,True,False,False,0.63770987,0.93809839,52.190065,48.959416,0.50394506,0.9367977,43.227066,40.495016,0.92869225,0.94093403,29.244207,27.516869,0.06483286,0.79546762,6.0382625,4.8032423,0.34235013,0.82195172,15.556727,12.786878,0.46032314,0.87297855,19.011613,16.59673,0.41013932,0.99128647,18.693236,18.530352,0.61275249,0.97420004,29.651785,28.88677
init,init,-1,,11516,196.House_Wren/House_Wren_0133_187101.jpg,196,195,196.House_Wren,4,3,color_jitter,color_jitter,0,"{""brightness"":0.721131,""contrast"":1.241376,""hue"":-0.054831,""saturation"":1.348461}",5.9891977,5.8874846,-0.10171318,0.0025056726,0.0027739464,0.020064253,0.025281115,-0.017558581,-0.022507168,-0.0049485874,0.78418529,1.0717268,52.190065,55.93349,False,0.95384866,False,False,False,0.78418529,1.0717268,52.190065,55.93349,0.70926164,1.0825298,43.227066,46.794587,0.95361239,1.0477358,29.244207,30.640202,0.58700951,1.183511,6.0382625,7.1463503,0.45431958,1.0777948,15.556727,16.766958,0.68965044,1.1330721,19.011613,21.541528,0.66285447,1.0957186,18.693236,20.482527,0.81546645,1.0524946,29.651785,31.208345
init,init,-1,,11516,196.House_Wren/House_Wren_0133_187101.jpg,196,195,196.House_Wren,4,3,rotation,rotation,0,"{""angle"":0.812336}",5.9891977,5.7392817,-0.24991608,0.0025056726,0.0032170792,0.020064253,0.025073064,-0.017558581,-0.021855985,-0.0042974046,0.84634754,1.0468994,52.190065,54.63775,False,0.98166233,False,False,False,0.84634754,1.0468994,52.190065,54.63775,0.78861124,1.0663805,43.227066,46.096502,0.98157457,1.0030196,29.244207,29.332512,0.6692022,1.1419559,6.0382625,6.8954295,0.68669141,1.0608039,15.556727,16.502636,0.72815731,1.084324,19.011613,20.614748,0.74159535,1.082914,18.693236,20.243167,0.86749875,1.0504876,29.651785,31.148834
init,init,-1,,11516,196.House_Wren/House_Wren_0133_187101.jpg,196,195,196.House_Wren,4,3,random_resized_crop,random_resized_crop,0,"{""area_fraction"":0.697193,""aspect"":1.091528,""fallback"":false,""height"":0.799207,""left"":0.047155,""top"":0.027934,""width"":0.872356}",5.9891977,5.9559231,-0.033274651,0.0025056726,0.0025904523,0.020064253,0.011394263,-0.017558581,-0.0088038109,0.0087547698,0.7280124,0.95018029,52.190065,49.589971,False,0.94951212,False,False,False,0.7280124,0.95018029,52.190065,49.589971,0.62981411,0.9590362,43.227066,41.456321,0.94936622,0.93053781,29.244207,27.21284,0.37555884,1.0782711,6.0382625,6.5108841,0.524766,0.88172298,15.556727,13.716723,0.62933735,0.90885631,19.011613,17.278824,0.54459839,1.0206432,18.693236,19.079126,0.70536881,0.96897329,29.651785,28.731788
init,init,-1,,11516,196.House_Wren/House_Wren_0133_187101.jpg,196,195,196.House_Wren,4,3,gaussian_blur,gaussian_blur,0,"{""sigma"":1.998862}",5.9891977,5.9059839,-0.083213806,0.0025056726,0.0027231011,0.020064253,0.023775622,-0.017558581,-0.021052521,-0.0034939405,0.48645687,0.99765447,52.190065,52.067652,False,0.8482337,True,False,False,0.48645687,0.99765447,52.190065,52.067652,0.37758218,1.0877833,43.227066,47.021678,0.84785033,0.76462073,29.244207,22.360727,0.21830023,1.7434893,6.0382625,10.527646,0.17015466,1.3527311,15.556727,21.044069,0.29571552,1.3717393,19.011613,26.078976,0.39747188,1.033743,18.693236,19.324003,0.55954519,0.82871338,29.651785,24.572831
init,init,-1,,11516,196.House_Wren/House_Wren_0133_187101.jpg,196,195,196.House_Wren,4,3,random_erasing,random_erasing,0,"{""area_fraction"":0.083592,""erased"":true,""height"":0.39719,""left"":0.112196,""top"":0.528428,""width"":0.21046}",5.9891977,5.8490615,-0.14013624,0.0025056726,0.0028826031,0.020064253,0.016978187,-0.017558581,-0.014095584,0.0034629963,0.88052411,1.0895959,52.190065,56.866078,False,0.97064376,False,False,False,0.88052411,1.0895959,52.190065,56.866078,0.84154401,1.1054104,43.227066,47.78365,0.9705167,1.0542174,29.244207,30.829752,0.82231853,0.97932787,6.0382625,5.9134387,0.86232144,1.1084149,15.556727,17.243308,0.81528912,1.0809399,19.011613,20.55041,0.7923772,1.147827,18.693236,21.456602,0.86799762,1.1022751,29.651785,32.684425
init,init,-1,,1717,031.Black_billed_Cuckoo/Black_Billed_Cuckoo_0088_26217.jpg,31,30,031.Black_billed_Cuckoo,129,128,identity,identity,0,{},6.5129066,6.5129066,0,0.0014841596,0.0014841596,0.028320579,0.028320579,-0.026836419,-0.026836419,0,1,1,47.224795,47.224795,False,1.0000001,True,False,False,1,1,47.224795,47.224795,1,1,38.170576,38.170576,1,1,27.806265,27.806265,1,1,9.2924054,9.2924054,1,1,13.791418,13.791418,1,1,15.812644,15.812644,1,1,15.685382,15.685382,1,1,26.160465,26.160465
init,init,-1,,1717,031.Black_billed_Cuckoo/Black_Billed_Cuckoo_0088_26217.jpg,31,30,031.Black_billed_Cuckoo,129,128,horizontal_flip,horizontal_flip,0,"{""flipped"":true}",6.5129066,6.5187187,0.0058121681,0.0014841596,0.0014755586,0.028320579,0.03322567,-0.026836419,-0.031750112,-0.0049136926,0.71358519,0.99585912,47.224795,47.029243,False,0.96193409,True,False,False,0.71358519,0.99585912,47.224795,47.029243,0.57352444,0.97270308,38.170576,37.128637,0.96185467,1.0380915,27.806265,28.865447,0.49373386,0.66528076,9.2924054,6.1820585,0.35968823,0.9001939,13.791418,12.41495,0.51436343,0.98189999,15.812644,15.526435,0.48968127,0.99278255,15.685382,15.572174,0.68783691,1.0132487,26.160465,26.507057
init,init,-1,,1717,031.Black_billed_Cuckoo/Black_Billed_Cuckoo_0088_26217.jpg,31,30,031.Black_billed_Cuckoo,129,128,color_jitter,color_jitter,0,"{""brightness"":0.894446,""contrast"":1.395802,""hue"":-0.096755,""saturation"":0.628044}",6.5129066,6.4156113,-0.097295284,0.0014841596,0.0016358191,0.028320579,0.035932235,-0.026836419,-0.034296416,-0.0074599971,0.82067823,1.0987167,47.224795,51.886671,False,0.95673704,True,False,False,0.82067823,1.0987167,47.224795,51.886671,0.74894388,1.1008462,38.170576,42.019933,0.95662241,1.0946926,27.806265,30.439314,0.59301139,1.1443259,9.2924054,10.633541,0.70583041,1.2384806,13.791418,17.080404,0.77267726,1.1467957,15.812644,18.133872,0.68298314,1.0846836,15.685382,17.013677,0.80317466,1.0416463,26.160465,27.249952
init,init,-1,,1717,031.Black_billed_Cuckoo/Black_Billed_Cuckoo_0088_26217.jpg,31,30,031.Black_billed_Cuckoo,129,128,rotation,rotation,0,"{""angle"":-3.193963}",6.5129066,6.3618317,-0.15107489,0.0014841596,0.0017262022,0.028320579,0.026691321,-0.026836419,-0.024965119,0.0018713002,0.83820602,1.0463078,47.224795,49.411671,False,0.97308254,True,False,False,0.83820602,1.0463078,47.224795,49.411671,0.77355387,1.0761937,38.170576,41.078932,0.97305746,0.98753603,27.806265,27.459689,0.81877962,0.94136939,9.2924054,8.7475861,0.76726112,1.2386657,13.791418,17.082957,0.74058148,1.1323393,15.812644,17.905278,0.70629028,1.0347169,15.685382,16.22993,0.81226628,1.0364159,26.160465,27.113122
init,init,-1,,1717,031.Black_billed_Cuckoo/Black_Billed_Cuckoo_0088_26217.jpg,31,30,031.Black_billed_Cuckoo,129,128,random_resized_crop,random_resized_crop,0,"{""area_fraction"":0.560618,""aspect"":1.322772,""fallback"":false,""height"":0.651015,""left"":0.133955,""top"":0.315272,""width"":0.861145}",6.5129066,6.4962444,-0.016662121,0.0014841596,0.0015090962,0.028320579,0.039349359,-0.026836419,-0.037840262,-0.011003843,0.67675729,1.1429603,47.224795,53.976068,False,0.89265013,True,False,False,0.67675729,1.1429603,47.224795,53.976068,0.57627797,1.1863331,38.170576,45.283019,0.89248171,1.0564004,27.806265,29.37455,0.35738231,1.0703007,9.2924054,9.9456676,0.65412118,1.4651594,13.791418,20.206626,0.60591769,1.3463859,15.812644,21.289921,0.49178191,1.1242979,15.685382,17.635043,0.60361356,1.0669484,26.160465,27.911866
init,init,-1,,1717,031.Black_billed_Cuckoo/Black_Billed_Cuckoo_0088_26217.jpg,31,30,031.Black_billed_Cuckoo,129,128,gaussian_blur,gaussian_blur,0,"{""sigma"":1.91244}",6.5129066,6.3531771,-0.15972948,0.0014841596,0.0017412069,0.028320579,0.027259775,-0.026836419,-0.025518568,0.0013178516,0.59384386,0.99341306,47.224795,46.913728,False,0.87848121,True,False,False,0.59384386,0.99341306,47.224795,46.913728,0.47263566,1.0534642,38.170576,40.211337,0.87837312,0.86904804,27.806265,24.164981,0.54397656,1.0527002,9.2924054,9.7821167,0.36068683,1.2126763,13.791418,16.724526,0.41739904,1.1843677,15.812644,18.727984,0.39352348,1.1451048,15.685382,17.961406,0.57462117,0.91118406,26.160465,23.836999
init,init,-1,,1717,031.Black_billed_Cuckoo/Black_Billed_Cuckoo_0088_26217.jpg,31,30,031.Black_billed_Cuckoo,129,128,random_erasing,random_erasing,0,"{""area_fraction"":0.079654,""erased"":true,""height"":0.269931,""left"":0.475077,""top"":0.326893,""width"":0.29509}",6.5129066,6.4975166,-0.015389919,0.0014841596,0.0015071779,0.028320579,0.026501218,-0.026836419,-0.02499404,0.0018423793,0.81652001,0.93965178,47.224795,44.374863,False,0.95589978,True,False,False,0.81652001,0.93965178,47.224795,44.374863,0.73823407,0.91774532,38.170576,35.030867,0.95583547,0.97960178,27.806265,27.239067,0.68038131,0.74736924,9.2924054,6.944858,0.70191823,0.85295208,13.791418,11.763419,0.7488151,0.91536148,15.812644,14.474285,0.682091,0.905985,15.685382,14.210721,0.7710382,0.95877222,26.160465,25.081927
init,init,-1,,3371,059.California_Gull/California_Gull_0096_40978.jpg,59,58,059.California_Gull,8,7,identity,identity,0,{},5.4802632,5.4802632,0,0.0041682324,0.0041682324,0.020045865,0.020045865,-0.015877633,-0.015877633,0,1,1,46.670143,46.670143,False,0.99999988,True,False,False,1,1,46.670143,46.670143,1,1,40.342128,40.342128,1,1,23.465186,23.465186,1,1,4.9254847,4.9254847,1,1,15.050432,15.050432,1,1,15.630912,15.630912,1,1,18.671992,18.671992,1,1,27.995405,27.995405
init,init,-1,,3371,059.California_Gull/California_Gull_0096_40978.jpg,59,58,059.California_Gull,8,7,horizontal_flip,horizontal_flip,0,"{""flipped"":true}",5.4802632,5.4527369,-0.027526379,0.0041682324,0.0042845621,0.020045865,0.016106399,-0.015877633,-0.011821837,0.0040557962,0.73487549,1.0975447,46.670143,51.222569,False,0.9595896,False,False,False,0.73487549,1.0975447,46.670143,51.222569,0.65810952,1.0947336,40.342128,44.163883,0.95953209,1.1058119,23.465186,25.948082,0.40260685,1.4445282,4.9254847,7.1150015,0.55865791,1.2292526,15.050432,18.500784,0.51108267,0.96251614,15.630912,15.045005,0.60639209,1.0215455,18.671992,19.07429,0.7656895,1.110986,27.995405,31.102502
init,init,-1,,3371,059.California_Gull/California_Gull_0096_40978.jpg,59,58,059.California_Gull,8,7,color_jitter,color_jitter,0,"{""brightness"":1.368644,""contrast"":1.388039,""hue"":0.027986,""saturation"":1.016782}",5.4802632,5.4285889,-0.051674366,0.0041682324,0.0043892865,0.020045865,0.02144219,-0.015877633,-0.017052903,-0.0011752704,0.71768981,1.1561007,46.670143,53.955387,False,0.95176488,True,False,False,0.71768981,1.1561007,46.670143,53.955387,0.64314173,1.1720338,40.342128,47.282337,0.95170817,1.1076674,23.465186,25.991621,0.34814539,2.46436,4.9254847,12.138167,0.27913438,1.1518112,15.050432,17.335256,0.63563448,1.1342774,15.630912,17.72979,0.66161027,1.1816782,18.671992,22.064286,0.77831682,1.1219738,27.995405,31.410111
init,init,-1,,3371,059.California_Gull/California_Gull_0096_40978.jpg,59,58,059.California_Gull,8,7,rotation,rotation,0,"{""angle"":11.113128}",5.4802632,5.9782209,0.49795771,0.0041682324,0.0025333292,0.020045865,0.022754826,-0.015877633,-0.020221496,-0.0043438636,0.60134807,1.138095,46.670143,53.115055,False,0.89391929,False,False,False,0.60134807,1.138095,46.670143,53.115055,0.50085953,1.1334574,40.342128,45.726084,0.89372238,1.1516934,23.465186,27.024699,0.11610339,1.4671351,4.9254847,7.2263516,0.22261786,1.1340027,15.050432,17.067232,0.42862061,1.1660031,15.630912,18.225692,0.42213538,1.1152426,18.671992,20.823801,0.65713872,1.1191058,27.995405,31.329821
init,init,-1,,3371,059.California_Gull/California_Gull_0096_40978.jpg,59,58,059.California_Gull,8,7,random_resized_crop,random_resized_crop,0,"{""area_fraction"":0.740296,""aspect"":1.070869,""fallback"":false,""height"":0.831447,""left"":0.080619,""top"":0.063518,""width"":0.890371}",5.4802632,5.604949,0.12468576,0.0041682324,0.0036796082,0.020045865,0.017706839,-0.015877633,-0.014027231,0.0018504017,0.80737852,1.1032164,46.670143,51.487265,False,0.9699825,False,False,False,0.80737852,1.1032164,46.670143,51.487265,0.75345899,1.1084986,40.342128,44.719193,0.96994755,1.0874533,23.465186,25.517293,0.56762222,1.4782953,4.9254847,7.2813208,0.6753573,1.083968,15.050432,16.314188,0.68503928,1.1254378,15.630912,17.591619,0.69293701,1.059114,18.671992,19.775769,0.83163383,1.1182687,27.995405,31.306386
init,init,-1,,3371,059.California_Gull/California_Gull_0096_40978.jpg,59,58,059.California_Gull,8,7,gaussian_blur,gaussian_blur,0,"{""sigma"":1.694942}",5.4802632,5.6514072,0.17114401,0.0041682324,0.0035125704,0.020045865,0.012023581,-0.015877633,-0.0085110108,0.0073666221,0.56787902,1.2392713,46.670143,57.83697,False,0.83045709,False,False,False,0.56787902,1.2392713,46.670143,57.83697,0.49460886,1.2865674,40.342128,51.902867,0.83033241,1.0875161,23.465186,25.518768,0.44169917,1.8177095,4.9254847,8.9531003,0.40409739,1.450267,15.050432,21.827146,0.49576385,1.532194,15.630912,23.94959,0.45792341,1.2206779,18.671992,22.792489,0.55594655,1.1542886,27.995405,32.314778
init,init,-1,,3371,059.California_Gull/California_Gull_0096_40978.jpg,59,58,059.California_Gull,8,7,random_erasing,random_erasing,0,"{""area_fraction"":0.083756,""erased"":true,""height"":0.443723,""left"":0.799904,""top"":0.480283,""width"":0.188758}",5.4802632,5.369648,-0.11061525,0.0041682324,0.00465577,0.020045865,0.019209642,-0.015877633,-0.014553872,0.001323761,0.87648735,0.97761729,46.670143,45.625539,False,0.96483135,True,False,False,0.87648735,0.97761729,46.670143,45.625539,0.84973359,0.99724994,40.342128,40.231185,0.96481783,0.91713416,23.465186,21.520723,0.80444059,1.0145713,4.9254847,4.9972553,0.79226756,0.8981807,15.050432,13.518008,0.85010427,1.0680513,15.630912,16.694615,0.8510951,1.000878,18.671992,18.688387,0.86723654,0.99944512,27.995405,27.979871
init,init,-1,,11075,189.Red_bellied_Woodpecker/Red_Bellied_Woodpecker_0073_180994.jpg,189,188,189.Red_bellied_Woodpecker,129,128,identity,identity,0,{},5.8925495,5.8925495,0,0.0027599321,0.0027599321,0.068603344,0.068603344,-0.065843412,-0.065843412,0,1,1,61.700559,61.700559,False,1.0000001,True,False,False,1,1,61.700559,61.700559,1,1,51.048801,51.048801,1,1,34.655143,34.655143,1,1,7.2937415,7.2937415,1,1,18.18587,18.18587,1,1,20.906403,20.906403,1,1,21.88125,21.88125,1,1,36.141234,36.141234
init,init,-1,,11075,189.Red_bellied_Woodpecker/Red_Bellied_Woodpecker_0073_180994.jpg,189,188,189.Red_bellied_Woodpecker,129,128,horizontal_flip,horizontal_flip,0,"{""flipped"":true}",5.8925495,5.8514538,-0.041095734,0.0027599321,0.0028757153,0.068603344,0.051549174,-0.065843412,-0.048673459,0.017169954,0.64519802,0.9710421,61.700559,59.913841,False,0.95827031,True,False,False,0.64519802,0.9710421,61.700559,59.913841,0.50645276,0.98220375,51.048801,50.140324,0.95796664,0.94637002,34.655143,32.796588,0.27081033,1.3273313,7.2937415,9.6812116,0.35910249,1.037014,18.18587,18.859001,0.3737857,0.98664731,20.906403,20.627246,0.37371932,0.96678845,21.88125,21.15454,0.65713681,0.95515617,36.141234,34.520522
init,init,-1,,11075,189.Red_bellied_Woodpecker/Red_Bellied_Woodpecker_0073_180994.jpg,189,188,189.Red_bellied_Woodpecker,129,128,color_jitter,color_jitter,0,"{""brightness"":0.96299,""contrast"":0.70905,""hue"":0.082176,""saturation"":0.629633}",5.8925495,5.657424,-0.23512554,0.0027599321,0.0034914985,0.068603344,0.058524467,-0.065843412,-0.055032969,0.010810444,0.7942798,0.93165718,61.700559,57.483769,False,0.94859052,True,False,False,0.7942798,0.93165718,61.700559,57.483769,0.71611616,0.89364656,51.048801,45.619585,0.94832752,1.0092241,34.655143,34.974807,0.67248957,0.83024664,7.2937415,6.0556044,0.56193063,0.92171511,18.18587,16.762191,0.67667916,0.82447598,20.906403,17.236827,0.62397391,0.80224932,21.88125,17.554218,0.7993437,0.94166734,36.141234,34.033019
init,init,-1,,11075,189.Red_bellied_Woodpecker/Red_Bellied_Woodpecker_0073_180994.jpg,189,188,189.Red_bellied_Woodpecker,129,128,rotation,rotation,0,"{""angle"":-1.913192}",5.8925495,5.7116251,-0.18092442,0.0027599321,0.0033072939,0.068603344,0.058388498,-0.065843412,-0.055081204,0.010762208,0.80044743,1.0060865,61.700559,62.0761,False,0.97073901,True,False,False,0.80044743,1.0060865,61.700559,62.0761,0.71867945,0.99131654,51.048801,50.605521,0.97054822,1.0374126,34.655143,35.951683,0.35138156,0.98581223,7.2937415,7.1902596,0.59220833,0.92925632,18.18587,16.899334,0.61785231,0.96575605,20.906403,20.190485,0.64911905,0.9902125,21.88125,21.667087,0.82010368,1.0153185,36.141234,36.694864
init,init,-1,,11075,189.Red_bellied_Woodpecker/Red_Bellied_Woodpecker_0073_180994.jpg,189,188,189.Red_bellied_Woodpecker,129,128,random_resized_crop,random_resized_crop,0,"{""area_fraction"":0.778458,""aspect"":0.968559,""fallback"":false,""height"":0.896509,""left"":0.042753,""top"":0.077563,""width"":0.868321}",5.8925495,5.8465872,-0.045962334,0.0027599321,0.0028897449,0.068603344,0.061629377,-0.065843412,-0.058739632,0.0071037798,0.74641669,0.98891211,61.700559,61.01643,False,0.95150542,True,False,False,0.74641669,0.98891211,61.700559,61.01643,0.65309199,0.99252111,51.048801,50.667013,0.9513257,0.98103535,34.655143,33.99792,0.3339502,1.2318961,7.2937415,8.9851318,0.5361849,1.0372242,18.18587,18.862825,0.52151018,0.93852372,20.906403,19.621155,0.59471665,0.9474545,21.88125,20.731489,0.76254175,1.0036812,36.141234,36.274276
init,init,-1,,11075,189.Red_bellied_Woodpecker/Red_Bellied_Woodpecker_0073_180994.jpg,189,188,189.Red_bellied_Woodpecker,129,128,gaussian_blur,gaussian_blur,0,"{""sigma"":1.209647}",5.8925495,5.6453032,-0.24724627,0.0027599321,0.0035340767,0.068603344,0.061427549,-0.065843412,-0.057893472,0.0079499404,0.72170381,0.95840364,61.700559,59.134041,False,0.92721021,True,False,False,0.72170381,0.95840364,61.700559,59.134041,0.61965131,0.93101726,51.048801,47.527315,0.92656841,1.0152914,34.655143,35.185069,0.43893893,0.74554152,7.2937415,5.4377872,0.46957046,0.9317166,18.18587,16.944077,0.47279279,0.82659583,20.906403,17.281146,0.514504,0.88664216,21.88125,19.400839,0.74003904,0.98494049,36.141234,35.596964
init,init,-1,,11075,189.Red_bellied_Woodpecker/Red_Bellied_Woodpecker_0073_180994.jpg,189,188,189.Red_bellied_Woodpecker,129,128,random_erasing,random_erasing,0,"{""area_fraction"":0.157984,""erased"":true,""height"":0.566858,""left"":0.131422,""top"":0.03316,""width"":0.278701}",5.8925495,6.1370382,0.24448872,0.0027599321,0.0021613149,0.068603344,0.036070939,-0.065843412,-0.033909624,0.031933788,0.71666781,1.0808978,61.700559,66.691996,False,0.89041609,False,False,False,0.71666781,1.0808978,61.700559,66.691996,0.64711079,1.118116,51.048801,57.078481,0.88964922,0.99536405,34.655143,34.494483,0.64017898,1.0731337,7.2937415,7.8271597,0.6585956,1.1843011,18.18587,21.537545,0.60930453,1.0278907,20.906403,21.489496,0.58813303,1.0987396,21.88125,24.041796,0.67777327,1.1384858,36.141234,41.14628
init,init,-1,,2038,036.Northern_Flicker/Northern_Flicker_0118_28500.jpg,36,35,036.Northern_Flicker,8,7,identity,identity,0,{},5.4867783,5.4867783,0,0.0041411645,0.0041411645,0.02631834,0.02631834,-0.022177175,-0.022177175,0,1,1,44.47742,44.47742,False,0.99999994,True,False,False,1,1,44.47742,44.47742,1,1,35.743413,35.743413,1,1,26.469781,26.469781,1,1,4.5697262,4.5697262,1,1,11.344611,11.344611,1,1,14.016416,14.016416,1,1,15.538023,15.538023,1,1,26.270114,26.270114
init,init,-1,,2038,036.Northern_Flicker/Northern_Flicker_0118_28500.jpg,36,35,036.Northern_Flicker,8,7,horizontal_flip,horizontal_flip,0,"{""flipped"":true}",5.4867783,5.2470684,-0.23970985,0.0041411645,0.0052629244,0.02631834,0.022765866,-0.022177175,-0.017502941,0.004674234,0.6491019,1.0201014,44.47742,45.371476,False,0.94449985,False,False,False,0.6491019,1.0201014,44.47742,45.371476,0.49735997,1.0419479,35.743413,37.242774,0.94441299,0.9790114,26.469781,25.914217,0.23388306,1.2521683,4.5697262,5.7220664,0.38752099,1.3034058,11.344611,14.786631,0.44670584,1.1085807,14.016416,15.538328,0.4031801,0.99581239,15.538023,15.472956,0.59018579,0.97406433,26.270114,25.588781
init,init,-1,,2038,036.Northern_Flicker/Northern_Flicker_0118_28500.jpg,36,35,036.Northern_Flicker,8,7,color_jitter,color_jitter,0,"{""brightness"":0.74871,""contrast"":0.73373,""hue"":0.096897,""saturation"":0.970558}",5.4867783,5.1406116,-0.34616661,0.0041411645,0.0058541079,0.02631834,0.027240297,-0.022177175,-0.021386189,0.00079098623,0.70257145,1.0574651,44.47742,47.033319,False,0.90011781,True,False,False,0.70257145,1.0574651,44.47742,47.033319,0.59829945,1.0707875,35.743413,38.273599,0.90001266,1.0327302,26.469781,27.336142,0.33785736,1.2597288,4.5697262,5.7566158,0.32325923,1.1415848,11.344611,12.950835,0.47218332,1.1289807,14.016416,15.824264,0.57195106,1.0706766,15.538023,16.636198,0.71453862,1.0332924,26.270114,27.144709
init,init,-1,,2038,036.Northern_Flicker/Northern_Flicker_0118_28500.jpg,36,35,036.Northern_Flicker,8,7,rotation,rotation,0,"{""angle"":-2.596345}",5.4867783,5.6702585,0.18348026,0.0041411645,0.0034469734,0.02631834,0.021238638,-0.022177175,-0.017791665,0.0043855105,0.8217781,1.0170226,44.47742,45.234541,False,0.97157878,True,False,False,0.8217781,1.0170226,44.47742,45.234541,0.74112106,1.0232539,35.743413,36.574585,0.97152032,1.0055609,26.469781,26.616977,0.47401794,1.0354218,4.5697262,4.7315943,0.54402956,0.95863593,11.344611,10.875351,0.63399777,1.0093516,14.016416,14.147493,0.68457361,1.0379296,15.538023,16.127374,0.83333783,1.0332644,26.270114,27.143973
init,init,-1,,2038,036.Northern_Flicker/Northern_Flicker_0118_28500.jpg,36,35,036.Northern_Flicker,8,7,random_resized_crop,random_resized_crop,0,"{""area_fraction"":0.678614,""aspect"":0.994921,""fallback"":false,""height"":0.825881,""left"":0.063965,""top"":0.132592,""width"":0.821686}",5.4867783,5.5945196,0.10774136,0.0041411645,0.0037181843,0.02631834,0.024225915,-0.022177175,-0.020507731,0.0016694446,0.69877158,1.1299196,44.47742,50.255906,False,0.95336103,True,False,False,0.69877158,1.1299196,44.47742,50.255906,0.57644028,1.1747216,35.743413,41.988559,0.95324697,1.0432848,26.469781,27.615521,0.40269516,1.479862,4.5697262,6.7625641,0.4245888,1.3148059,11.344611,14.915961,0.47251892,1.2756929,14.016416,17.880642,0.50120668,1.2479863,15.538023,19.39124,0.68865662,1.0760541,26.270114,28.268063
init,init,-1,,2038,036.Northern_Flicker/Northern_Flicker_0118_28500.jpg,36,35,036.Northern_Flicker,8,7,gaussian_blur,gaussian_blur,0,"{""sigma"":1.956087}",5.4867783,5.4836388,-0.0031394958,0.0041411645,0.0041541872,0.02631834,0.018616891,-0.022177175,-0.014462703,0.0077144718,0.62109497,1.1903463,44.47742,52.943532,False,0.86531961,False,False,False,0.62109497,1.1903463,44.47742,52.943532,0.49738915,1.220317,35.743413,43.618294,0.86502432,1.1336588,26.469781,30.0077,0.43213389,1.870885,4.5697262,8.5494321,0.31785289,1.347888,11.344611,15.291264,0.34725125,1.3121374,14.016416,18.391463,0.45704224,1.2845543,15.538023,19.959434,0.61326492,1.1156769,26.270114,29.308959
init,init,-1,,2038,036.Northern_Flicker/Northern_Flicker_0118_28500.jpg,36,35,036.Northern_Flicker,8,7,random_erasing,random_erasing,0,"{""area_fraction"":0.080377,""erased"":true,""height"":0.469249,""left"":0.091988,""top"":0.10639,""width"":0.171288}",5.4867783,5.466466,-0.020312309,0.0041411645,0.0042261411,0.02631834,0.020248801,-0.022177175,-0.016022659,0.0061545158,0.90493487,0.9959634,44.47742,44.297882,False,0.98096871,True,False,False,0.90493487,0.9959634,44.47742,44.297882,0.86575541,1.0136433,35.743413,36.23107,0.98092687,0.96288992,26.469781,25.487485,0.8673586,1.102694,4.5697262,5.0390095,0.84912945,1.0156422,11.344611,11.522065,0.85671501,1.0367538,14.016416,14.531573,0.83713774,1.0195714,15.538023,15.842124,0.88193432,1.0016523,26.270114,26.31352
init,init,-1,,6845,117.Clay_colored_Sparrow/Clay_Colored_Sparrow_0066_110819.jpg,117,116,117.Clay_colored_Sparrow,129,128,identity,identity,0,{},5.1529484,5.1529484,0,0.0057823309,0.0057823309,0.051361121,0.051361121,-0.04557879,-0.04557879,0,1,1,59.011684,59.011684,False,0.99999994,True,False,False,1,1,59.011684,59.011684,1,1,50.306223,50.306223,1,1,30.849031,30.849031,1,1,11.548155,11.548155,1,1,18.062917,18.062917,1,1,23.792319,23.792319,1,1,22.578544,22.578544,1,1,31.547143,31.547143
init,init,-1,,6845,117.Clay_colored_Sparrow/Clay_Colored_Sparrow_0066_110819.jpg,117,116,117.Clay_colored_Sparrow,129,128,horizontal_flip,horizontal_flip,0,"{""flipped"":true}",5.1529484,5.1657157,0.012767315,0.0057823309,0.0057089762,0.051361121,0.0355439,-0.04557879,-0.029834924,0.015743867,0.66204101,1.0230906,59.011684,60.374298,False,0.94733179,True,False,False,0.66204101,1.0230906,59.011684,60.374298,0.55475518,1.0227353,50.306223,51.449949,0.94697995,1.0240349,30.849031,31.590484,0.47346901,0.92366853,11.548155,10.666667,0.44593335,1.1003315,18.062917,19.875197,0.49961972,1.047421,23.792319,24.920574,0.47375723,1.0185365,22.578544,22.99707,0.68078543,0.99656449,31.547143,31.438762
init,init,-1,,6845,117.Clay_colored_Sparrow/Clay_Colored_Sparrow_0066_110819.jpg,117,116,117.Clay_colored_Sparrow,129,128,color_jitter,color_jitter,0,"{""brightness"":1.079067,""contrast"":1.327254,""hue"":-0.031102,""saturation"":1.004599}",5.1529484,5.3992567,0.24630833,0.0057823309,0.0045199394,0.051361121,0.045000888,-0.04557879,-0.040480949,0.0050978414,0.84126477,0.99993821,59.011684,59.008037,False,0.96212482,True,False,False,0.84126477,0.99993821,59.011684,59.008037,0.79479928,0.9930137,50.306223,49.954769,0.96197039,1.0181231,30.849031,31.408112,0.75543654,1.1060224,11.548155,12.772518,0.68160316,0.95970702,18.062917,17.335108,0.77766721,0.98831531,23.792319,23.514313,0.80418067,0.9969849,22.578544,22.510467,0.8424896,0.98836176,31.547143,31.179989
init,init,-1,,6845,117.Clay_colored_Sparrow/Clay_Colored_Sparrow_0066_110819.jpg,117,116,117.Clay_colored_Sparrow,129,128,rotation,rotation,0,"{""angle"":-4.641525}",5.1529484,5.2828751,0.12992668,0.0057823309,0.0050778096,0.051361121,0.039141066,-0.04557879,-0.034063257,0.011515534,0.80648373,0.89680679,59.011684,52.922079,False,0.96390814,True,False,False,0.80648373,0.89680679,59.011684,52.922079,0.74393911,0.88063047,50.306223,44.301193,0.96372056,0.93846816,30.849031,28.950833,0.70133538,0.86253612,11.548155,9.9607004,0.69907882,0.90349537,18.062917,16.319762,0.71608619,0.81143313,23.792319,19.305876,0.70776988,0.87239337,22.578544,19.697372,0.79743005,0.91671004,31.547143,28.919582
init,init,-1,,6845,117.Clay_colored_Sparrow/Clay_Colored_Sparrow_0066_110819.jpg,117,116,117.Clay_colored_Sparrow,129,128,random_resized_crop,random_resized_crop,0,"{""area_fraction"":0.795081,""aspect"":1.095688,""fallback"":false,""height"":0.851848,""left"":0.038073,""top"":0.0244,""width"":0.93336}",5.1529484,5.0780587,-0.07488966,0.0057823309,0.0062319953,0.051361121,0.053596582,-0.04557879,-0.047364587,-0.0017857966,0.79924612,0.96791124,59.011684,57.118072,False,0.97131193,True,False,False,0.79924612,0.96791124,59.011684,57.118072,0.73124482,0.95272518,50.306223,47.928006,0.97118536,1.0071814,30.849031,31.070571,0.81057063,0.92806437,11.548155,10.717431,0.64063878,0.93496173,18.062917,16.888136,0.6897714,0.88986837,23.792319,21.172032,0.68530577,1.0067156,22.578544,22.730172,0.79756402,0.96777083,31.547143,30.530404
init,init,-1,,6845,117.Clay_colored_Sparrow/Clay_Colored_Sparrow_0066_110819.jpg,117,116,117.Clay_colored_Sparrow,129,128,gaussian_blur,gaussian_blur,0,"{""sigma"":1.108901}",5.1529484,4.9055548,-0.24739361,0.0057823309,0.0074053314,0.051361121,0.056101009,-0.04557879,-0.048695678,-0.0031168875,0.77934236,1.0993695,59.011684,64.875647,False,0.96650302,True,False,False,0.77934236,1.0993695,59.011684,64.875647,0.70824491,1.0957839,50.306223,55.12475,0.96622091,1.1088482,30.849031,34.206891,0.50789596,0.81230772,11.548155,9.380655,0.5782393,1.1826829,18.062917,21.362703,0.71144922,1.0979066,23.792319,26.121744,0.67844851,1.0968779,22.578544,24.765906,0.79137868,1.0974676,31.547143,34.621968
init,init,-1,,6845,117.Clay_colored_Sparrow/Clay_Colored_Sparrow_0066_110819.jpg,117,116,117.Clay_colored_Sparrow,129,128,random_erasing,random_erasing,0,"{""area_fraction"":0.180389,""erased"":true,""height"":0.547703,""left"":0.231306,""top"":0.130586,""width"":0.329355}",5.1529484,5.6677508,0.51480246,0.0057823309,0.0034556291,0.051361121,0.035268787,-0.04557879,-0.031813158,0.013765632,0.54505402,0.96558393,59.011684,56.980733,False,0.87819469,True,False,False,0.54505402,0.96558393,59.011684,56.980733,0.4189453,0.96350803,50.306223,48.47045,0.87780585,0.97108269,30.849031,29.95696,0.6571209,1.0218772,11.548155,11.800795,0.41476366,1.091129,18.062917,19.708972,0.18708894,0.92425805,23.792319,21.990242,0.37801514,0.85824507,22.578544,19.377924,0.53235566,0.98347786,31.547143,31.025916
init,init,-1,,7382,126.Nelson_Sharp_tailed_Sparrow/Nelson_Sharp_Tailed_Sparrow_0015_796922.jpg,126,125,126.Nelson_Sharp_tailed_Sparrow,129,128,identity,identity,0,{},6.635602,6.635602,0,0.0013127887,0.0013127887,0.038209494,0.038209494,-0.036896706,-0.036896706,0,1,1,61.679661,61.679661,False,1,True,False,False,1,1,61.679661,61.679661,1,1,52.694967,52.694967,1,1,32.056529,32.056529,1,1,4.7536508,4.7536508,1,1,18.410173,18.410173,1,1,23.704257,23.704257,1,1,24.083338,24.083338,1,1,35.683735,35.683735
init,init,-1,,7382,126.Nelson_Sharp_tailed_Sparrow/Nelson_Sharp_Tailed_Sparrow_0015_796922.jpg,126,125,126.Nelson_Sharp_tailed_Sparrow,129,128,horizontal_flip,horizontal_flip,0,"{""flipped"":true}",6.635602,6.4679098,-0.16769218,0.0013127887,0.0015524676,0.038209494,0.036469992,-0.036896706,-0.034917525,0.0019791808,0.65848181,1.0550183,61.679661,65.07317,False,0.95507574,False,False,False,0.65848181,1.0550183,61.679661,65.07317,0.54484663,1.0442665,52.694967,55.027589,0.95473365,1.0835374,32.056529,34.734449,0.33242239,1.3305589,4.7536508,6.3250124,0.43438967,1.1724548,18.410173,21.585095,0.38492882,0.9920358,23.704257,23.515471,0.41213087,1.0164941,24.083338,24.48057,0.71152827,1.0372042,35.683735,37.011319
init,init,-1,,7382,126.Nelson_Sharp_tailed_Sparrow/Nelson_Sharp_Tailed_Sparrow_0015_796922.jpg,126,125,126.Nelson_Sharp_tailed_Sparrow,129,128,color_jitter,color_jitter,0,"{""brightness"":0.756583,""contrast"":1.186714,""hue"":0.024177,""saturation"":0.918145}",6.635602,6.5673938,-0.068208218,0.0013127887,0.0014054558,0.038209494,0.03855899,-0.036896706,-0.037153534,-0.0002568285,0.87781607,0.99151506,61.679661,61.156313,False,0.98244464,True,False,False,0.87781607,0.99151506,61.679661,61.156313,0.83812305,0.98391057,52.694967,51.847135,0.98236542,1.0117775,32.056529,32.434075,0.44601797,1.1524952,4.7536508,5.4785598,0.73392378,0.87571074,18.410173,16.121986,0.80103013,1.0356623,23.704257,24.549605,0.81223902,1.0234177,24.083338,24.647314,0.90418711,0.96592058,35.683735,34.467654
init,init,-1,,7382,126.Nelson_Sharp_tailed_Sparrow/Nelson_Sharp_Tailed_Sparrow_0015_796922.jpg,126,125,126.Nelson_Sharp_tailed_Sparrow,129,128,rotation,rotation,0,"{""angle"":-5.895056}",6.635602,6.5207644,-0.11483765,0.0013127887,0.0014725426,0.038209494,0.02399889,-0.036896706,-0.022526347,0.014370358,0.6754273,0.98897372,61.679661,60.999564,False,0.93512988,False,False,False,0.6754273,0.98897372,61.679661,60.999564,0.59101925,1.0176999,52.694967,53.627663,0.93478061,0.90681175,32.056529,29.069237,0.31246379,1.2230796,4.7536508,5.8140932,0.47906612,1.0969676,18.410173,20.195363,0.4570872,0.98979531,23.704257,23.462362,0.49975445,1.0401543,24.083338,25.050386,0.73349415,0.9932771,35.683735,35.443837
init,init,-1,,7382,126.Nelson_Sharp_tailed_Sparrow/Nelson_Sharp_Tailed_Sparrow_0015_796922.jpg,126,125,126.Nelson_Sharp_tailed_Sparrow,129,128,random_resized_crop,random_resized_crop,0,"{""area_fraction"":0.713158,""aspect"":1.316075,""fallback"":false,""height"":0.736127,""left"":0.026699,""top"":0.100924,""width"":0.968798}",6.635602,6.5337114,-0.10189056,0.0013127887,0.0014536007,0.038209494,0.031855088,-0.036896706,-0.030401487,0.0064952185,0.70609865,1.006307,61.679661,62.068673,False,0.94272035,False,False,False,0.70609865,1.006307,61.679661,62.068673,0.62722151,1.0303961,52.694967,54.296688,0.94252235,0.93812638,32.056529,30.073076,0.38122677,1.8265239,4.7536508,8.6826568,0.40017634,1.0361393,18.410173,19.075505,0.54968409,1.0322877,23.704257,24.469613,0.59703205,1.0647042,24.083338,25.641632,0.75284433,0.99183157,35.683735,35.392255
init,init,-1,,7382,126.Nelson_Sharp_tailed_Sparrow/Nelson_Sharp_Tailed_Sparrow_0015_796922.jpg,126,125,126.Nelson_Sharp_tailed_Sparrow,129,128,gaussian_blur,gaussian_blur,0,"{""sigma"":1.963424}",6.635602,5.8699036,-0.76569843,0.0013127887,0.0028231447,0.038209494,0.015439691,-0.036896706,-0.012616546,0.024280159,0.48295266,0.93632526,61.679661,57.752225,False,0.84157097,False,False,False,0.48295266,0.93632526,61.679661,57.752225,0.39332673,1.0042279,52.694967,52.917758,0.84094443,0.72156042,32.056529,23.130723,0.29838075,1.5960778,4.7536508,7.5871964,0.37360457,1.2439992,18.410173,22.902241,0.21202222,1.2144777,23.704257,28.788291,0.36364163,1.0476609,24.083338,25.231171,0.57487756,0.76891635,35.683735,27.437807
init,init,-1,,7382,126.Nelson_Sharp_tailed_Sparrow/Nelson_Sharp_Tailed_Sparrow_0015_796922.jpg,126,125,126.Nelson_Sharp_tailed_Sparrow,129,128,random_erasing,random_erasing,0,"{""area_fraction"":0.079635,""erased"":true,""height"":0.380533,""left"":0.164332,""top"":0.561869,""width"":0.209273}",6.635602,6.5848975,-0.050704479,0.0013127887,0.0013810691,0.038209494,0.038305972,-0.036896706,-0.036924903,-2.8197188e-05,0.91987693,0.93188239,61.679661,57.47819,False,0.98995292,True,False,False,0.91987693,0.93188239,61.679661,57.47819,0.89276935,0.91479933,52.694967,48.20532,0.9899002,0.97654934,32.056529,31.304782,0.8717717,0.82926932,4.7536508,3.9420567,0.87624941,0.91751814,18.410173,16.891668,0.85403703,0.84476973,23.704257,20.024638,0.8591608,0.92060884,24.083338,22.171334,0.92924781,0.94217682,35.683735,33.620388
init,init,-1,,3016,053.Western_Grebe/Western_Grebe_0046_36118.jpg,53,52,053.Western_Grebe,8,7,identity,identity,0,{},4.9912353,4.9912353,0,0.0067972629,0.0067972629,0.027216431,0.027216431,-0.020419168,-0.020419168,0,1,1,54.269165,54.269165,False,1,True,False,False,1,1,54.269165,54.269165,1,1,44.576327,44.576327,1,1,30.953082,30.953082,1,1,10.078699,10.078699,1,1,18.037813,18.037813,1,1,16.629802,16.629802,1,1,18.381047,18.381047,1,1,30.75212,30.75212
init,init,-1,,3016,053.Western_Grebe/Western_Grebe_0046_36118.jpg,53,52,053.Western_Grebe,8,7,horizontal_flip,horizontal_flip,0,"{""flipped"":true}",4.9912353,5.3520288,0.36079359,0.0067972629,0.004738526,0.027216431,0.030878142,-0.020419168,-0.026139616,-0.0057204477,0.74618893,0.97218395,54.269165,52.759611,False,0.97183478,True,False,False,0.74618893,0.97218395,54.269165,52.759611,0.63430946,0.96276568,44.576327,42.916558,0.97172829,0.99143193,30.953082,30.687874,0.65129342,0.69156183,10.078699,6.9700432,0.66187997,0.93744422,18.037813,16.909443,0.49336709,1.0332022,16.629802,17.181948,0.44790622,0.95820007,18.381047,17.61272,0.73615664,0.97656785,30.75212,30.031532
init,init,-1,,3016,053.Western_Grebe/Western_Grebe_0046_36118.jpg,53,52,053.Western_Grebe,8,7,color_jitter,color_jitter,0,"{""brightness"":0.819906,""contrast"":0.928132,""hue"":-0.08343,""saturation"":1.259292}",4.9912353,5.1787381,0.18750286,0.0067972629,0.0056351121,0.027216431,0.019815197,-0.020419168,-0.014180085,0.0062390827,0.8032619,0.94320106,54.269165,51.186733,False,0.95423073,False,False,False,0.8032619,0.94320106,54.269165,51.186733,0.72440201,0.91162957,44.576327,40.637098,0.95406228,1.0055242,30.953082,31.124073,0.78835818,0.84405657,10.078699,8.5069917,0.70327697,0.82817802,18.037813,14.93852,0.58669922,0.89852159,16.629802,14.942236,0.6449272,0.9272395,18.381047,17.043632,0.79258404,0.94363512,30.75212,29.01878
init,init,-1,,3016,053.Western_Grebe/Western_Grebe_0046_36118.jpg,53,52,053.Western_Grebe,8,7,rotation,rotation,0,"{""angle"":13.139183}",4.9912353,5.0775323,0.086297035,0.0067972629,0.0062352773,0.027216431,0.016290288,-0.020419168,-0.010055011,0.010364157,0.67264233,0.93180553,54.269165,50.568308,False,0.90604585,False,False,False,0.67264233,0.93180553,54.269165,50.568308,0.55886338,0.92804677,44.576327,41.368916,0.90575997,0.93955314,30.953082,29.082065,0.68637624,1.0726748,10.078699,10.811166,0.51744797,0.857686,18.037813,15.47078,0.36998992,0.94048696,16.629802,15.640112,0.44396722,0.93533641,18.381047,17.192462,0.65481932,0.92831414,30.75212,28.547628
init,init,-1,,3016,053.Western_Grebe/Western_Grebe_0046_36118.jpg,53,52,053.Western_Grebe,8,7,random_resized_crop,random_resized_crop,0,"{""area_fraction"":0.529722,""aspect"":0.858814,""fallback"":false,""height"":0.78537,""left"":0.220809,""top"":0.045667,""width"":0.674487}",4.9912353,5.1392417,0.14800644,0.0067972629,0.0058621326,0.027216431,0.021801747,-0.020419168,-0.015939615,0.0044795531,0.69109735,1.1117386,54.269165,60.333124,False,0.95040512,False,False,False,0.69109735,1.1117386,54.269165,60.333124,0.57780506,1.1428948,44.576327,50.946054,0.95023721,1.0441625,30.953082,32.320048,0.38862402,1.2435651,10.078699,12.533517,0.5119242,1.1050182,18.037813,19.932112,0.45308156,1.3707573,16.629802,22.795421,0.51081454,1.217914,18.381047,22.386534,0.7096515,1.0387144,30.75212,31.942669
init,init,-1,,3016,053.Western_Grebe/Western_Grebe_0046_36118.jpg,53,52,053.Western_Grebe,8,7,gaussian_blur,gaussian_blur,0,"{""sigma"":1.58686}",4.9912353,4.8862247,-0.10501051,0.0067972629,0.0075498708,0.027216431,0.026669484,-0.020419168,-0.019119613,0.0012995549,0.60457988,1.1048596,54.269165,59.959808,False,0.90554672,True,False,False,0.60457988,1.1048596,54.269165,59.959808,0.49282219,1.1759774,44.576327,52.420751,0.9053561,0.94037309,30.953082,29.107446,0.26560507,1.2789683,10.078699,12.890336,0.37812567,1.3012415,18.037813,23.471551,0.38210248,1.4903968,16.629802,24.785004,0.43332384,1.2028371,18.381047,22.109404,0.66554997,0.9904618,30.75212,30.4588
init,init,-1,,3016,053.Western_Grebe/Western_Grebe_0046_36118.jpg,53,52,053.Western_Grebe,8,7,random_erasing,random_erasing,0,"{""area_fraction"":0.080948,""erased"":true,""height"":0.209206,""left"":0.405272,""top"":0.445547,""width"":0.386929}",4.9912353,5.549634,0.55839872,0.0067972629,0.0038888818,0.027216431,0.030138731,-0.020419168,-0.026249849,-0.0058306814,0.73793082,1.0645411,54.269165,57.771756,False,0.93554854,True,False,False,0.73793082,1.0645411,54.269165,57.771756,0.65359887,1.0994234,44.576327,49.008257,0.93542644,0.98827964,30.953082,30.590301,0.85922674,1.2593268,10.078699,12.692375,0.60665313,0.99380153,18.037813,17.926006,0.51077849,1.1866636,16.629802,19.733981,0.5592208,1.1546934,18.381047,21.224473,0.72844164,1.0683875,30.75212,32.855181
init,init,-1,,5196,089.Hooded_Merganser/Hooded_Merganser_0032_79032.jpg,89,88,089.Hooded_Merganser,86,85,identity,identity,0,{},6.4211245,6.4211245,0,0.0016268262,0.0016268262,0.018290769,0.018290769,-0.016663943,-0.016663943,0,1,1,44.798548,44.798548,False,1,True,False,False,1,1,44.798548,44.798548,1,1,36.603854,36.603854,1,1,25.827655,25.827655,1,1,5.9309522,5.9309522,1,1,10.650602,10.650602,1,1,15.08101,15.08101,1,1,16.947214,16.947214,1,1,26.011261,26.011261
init,init,-1,,5196,089.Hooded_Merganser/Hooded_Merganser_0032_79032.jpg,89,88,089.Hooded_Merganser,86,85,horizontal_flip,horizontal_flip,0,"{""flipped"":true}",6.4211245,6.3841228,-0.03700161,0.0016268262,0.0016881488,0.018290769,0.021098591,-0.016663943,-0.019410443,-0.0027464995,0.64795703,1.056933,44.798548,47.349066,False,0.95597333,True,False,False,0.64795703,1.056933,44.798548,47.349066,0.50975992,1.0893692,36.603854,39.87511,0.95593977,0.98857295,25.827655,25.532521,0.11521559,1.7298612,5.9309522,10.259724,0.35518143,1.4655998,10.650602,15.60952,0.44265223,1.1469687,15.08101,17.297446,0.42990426,0.96672492,16.947214,16.383294,0.65647051,0.99771065,26.011261,25.951712
init,init,-1,,5196,089.Hooded_Merganser/Hooded_Merganser_0032_79032.jpg,89,88,089.Hooded_Merganser,86,85,color_jitter,color_jitter,0,"{""brightness"":0.984784,""contrast"":1.222763,""hue"":-0.081034,""saturation"":0.854578}",6.4211245,6.4114094,-0.0097150803,0.0016268262,0.0016427082,0.018290769,0.02099831,-0.016663943,-0.019355602,-0.002691659,0.74450033,1.0620583,44.798548,47.578669,False,0.91797948,False,False,False,0.74450033,1.0620583,44.798548,47.578669,0.65855582,1.063581,36.603854,38.931162,0.91787703,1.0589933,25.827655,27.351313,0.54172416,1.2365956,5.9309522,7.3341896,0.55690479,1.1034642,10.650602,11.752558,0.59269268,1.0562029,15.08101,15.928606,0.59325839,1.035669,16.947214,17.551704,0.7330779,1.061204,26.011261,27.603254
init,init,-1,,5196,089.Hooded_Merganser/Hooded_Merganser_0032_79032.jpg,89,88,089.Hooded_Merganser,86,85,rotation,rotation,0,"{""angle"":-2.432155}",6.4211245,6.5087557,0.087631226,0.0016268262,0.0014903332,0.018290769,0.015764134,-0.016663943,-0.014273801,0.0023901423,0.82852041,1.0502918,44.798548,47.051545,False,0.96512085,False,False,False,0.82852041,1.0502918,44.798548,47.051545,0.76628345,1.0759015,36.603854,39.382141,0.96508807,0.99686733,25.827655,25.746746,0.81587258,1.4320303,5.9309522,8.4933033,0.61489505,1.1101149,10.650602,11.823392,0.74184873,1.0765565,15.08101,16.23556,0.71890436,1.0973404,16.947214,18.596863,0.82250739,1.0384302,26.011261,27.010877
init,init,-1,,5196,089.Hooded_Merganser/Hooded_Merganser_0032_79032.jpg,89,88,089.Hooded_Merganser,86,85,random_resized_crop,random_resized_crop,0,"{""area_fraction"":0.84825,""aspect"":1.087848,""fallback"":false,""height"":0.883035,""left"":0.021165,""top"":0.055037,""width"":0.960608}",6.4211245,6.5289083,0.10778379,0.0016268262,0.0014605995,0.018290769,0.018881941,-0.016663943,-0.017421342,-0.00075739867,0.80405049,0.97367392,44.798548,43.619178,False,0.97751647,True,False,False,0.80405049,0.97367392,44.798548,43.619178,0.72099069,0.98535343,36.603854,36.067733,0.97749624,0.94978115,25.827655,24.53062,0.51634704,0.90345635,5.9309522,5.3583564,0.44957976,1.0521518,10.650602,11.20605,0.68621784,1.0080341,15.08101,15.202173,0.65637987,0.97214075,16.947214,16.475077,0.81985816,0.97566702,26.011261,25.378329
init,init,-1,,5196,089.Hooded_Merganser/Hooded_Merganser_0032_79032.jpg,89,88,089.Hooded_Merganser,86,85,gaussian_blur,gaussian_blur,0,"{""sigma"":1.14277}",6.4211245,6.5365705,0.11544609,0.0016268262,0.0014494503,0.018290769,0.019460129,-0.016663943,-0.018010678,-0.0013467353,0.70430966,1.1322481,44.798548,50.723072,False,0.93571633,True,False,False,0.70430966,1.1322481,44.798548,50.723072,0.61030131,1.1910839,36.603854,43.598261,0.9356553,1.0037063,25.827655,25.92338,0.57385027,1.2669318,5.9309522,7.5141117,0.37173259,1.4036295,10.650602,14.9495,0.57395861,1.3095539,15.08101,19.749396,0.54556514,1.1935013,16.947214,20.226522,0.71247312,1.10204,26.011261,28.665451
init,init,-1,,5196,089.Hooded_Merganser/Hooded_Merganser_0032_79032.jpg,89,88,089.Hooded_Merganser,86,85,random_erasing,random_erasing,0,"{""area_fraction"":0.159876,""erased"":true,""height"":0.32934,""left"":0.501181,""top"":0.523378,""width"":0.485444}",6.4211245,6.3912582,-0.029866219,0.0016268262,0.0016761452,0.018290769,0.015620869,-0.016663943,-0.013944723,0.0027192197,0.87857092,0.99766176,44.798548,44.693798,False,0.97624791,False,False,False,0.87857092,0.99766176,44.798548,44.693798,0.8285987,0.98744034,36.603854,36.144122,0.97620869,1.017882,25.827655,26.289505,0.81847593,1.1337741,5.9309522,6.7243598,0.62953794,1.1069272,10.650602,11.789441,0.74981729,0.87880059,15.08101,13.2532,0.83240109,0.95278929,16.947214,16.147124,0.89095665,1.0067957,26.011261,26.188025
init,init,-1,,4439,077.Tropical_Kingbird/Tropical_Kingbird_0102_69654.jpg,77,76,077.Tropical_Kingbird,88,87,identity,identity,0,{},5.121151,5.121151,0,0.0059691477,0.0059691477,0.029318731,0.029318731,-0.023349584,-0.023349584,0,1,1,51.833288,51.833288,False,1,True,False,False,1,1,51.833288,51.833288,1,1,42.876944,42.876944,1,1,29.124859,29.124859,1,1,10.080526,10.080526,1,1,15.636195,15.636195,1,1,17.503719,17.503719,1,1,16.969777,16.969777,1,1,29.966168,29.966168
init,init,-1,,4439,077.Tropical_Kingbird/Tropical_Kingbird_0102_69654.jpg,77,76,077.Tropical_Kingbird,88,87,horizontal_flip,horizontal_flip,0,"{""flipped"":true}",5.121151,5.0500741,-0.07107687,0.0059691477,0.0064088572,0.029318731,0.030284638,-0.023349584,-0.02387578,-0.00052619679,0.77147613,1.0326817,51.833288,53.52729,False,0.96687984,True,False,False,0.77147613,1.0326817,51.833288,53.52729,0.68416898,1.0424301,42.876944,44.696216,0.9667812,1.0112316,29.124859,29.451978,0.6741925,0.81745472,10.080526,8.2403733,0.60029232,1.0103027,15.636195,15.79729,0.63313136,1.0653708,17.503719,18.647951,0.55070494,1.0915947,16.969777,18.52412,0.7714062,1.0496771,29.966168,31.454802
init,init,-1,,4439,077.Tropical_Kingbird/Tropical_Kingbird_0102_69654.jpg,77,76,077.Tropical_Kingbird,88,87,color_jitter,color_jitter,0,"{""brightness"":0.749802,""contrast"":1.166438,""hue"":-0.093516,""saturation"":1.099221}",5.121151,5.9681416,0.84699059,0.0059691477,0.0025589925,0.029318731,0.01890653,-0.023349584,-0.016347538,0.0070020461,0.65201572,1.119652,51.833288,58.035243,False,0.88364756,False,False,False,0.65201572,1.119652,51.833288,58.035243,0.54047446,1.1025327,42.876944,47.273231,0.88309214,1.1558848,29.124859,33.664983,0.24902143,1.2555302,10.080526,12.656404,0.29296583,1.0432376,15.636195,16.312268,0.46741093,1.0142051,17.503719,17.75236,0.49549843,1.1386212,16.969777,19.322149,0.67935914,1.1168022,29.966168,33.466282
init,init,-1,,4439,077.Tropical_Kingbird/Tropical_Kingbird_0102_69654.jpg,77,76,077.Tropical_Kingbird,88,87,rotation,rotation,0,"{""angle"":3.578199}",5.121151,4.9014244,-0.21972656,0.0059691477,0.007435983,0.029318731,0.033799682,-0.023349584,-0.026363699,-0.0030141152,0.80074953,1.0030935,51.833288,51.993637,False,0.96793151,True,False,False,0.80074953,1.0030935,51.833288,51.993637,0.72086642,0.99093893,42.876944,42.488433,0.96786929,1.0289436,29.124859,29.967838,0.59611063,1.0907316,10.080526,10.995148,0.45350227,0.90873829,15.636195,14.209209,0.72347295,0.96542631,17.503719,16.898551,0.65601716,0.9852983,16.969777,16.720293,0.82226737,1.0107288,29.966168,30.287668
init,init,-1,,4439,077.Tropical_Kingbird/Tropical_Kingbird_0102_69654.jpg,77,76,077.Tropical_Kingbird,88,87,random_resized_crop,random_resized_crop,0,"{""area_fraction"":0.773848,""aspect"":1.017815,""fallback"":false,""height"":0.871953,""left"":0.033028,""top"":0.036296,""width"":0.887488}",5.121151,4.9239831,-0.19716787,0.0059691477,0.0072701145,0.029318731,0.03965655,-0.023349584,-0.032386435,-0.0090368516,0.75319308,1.0908552,51.833288,56.54261,False,0.9649629,True,False,False,0.75319308,1.0908552,51.833288,56.54261,0.65585202,1.0919121,42.876944,46.817854,0.96481273,1.088561,29.124859,31.704185,0.6462203,1.3084931,10.080526,13.190298,0.43039398,1.1697942,15.636195,18.291131,0.61911316,1.0314552,17.503719,18.054302,0.55626319,1.1000119,16.969777,18.666958,0.77290209,1.0599939,29.966168,31.763956
init,init,-1,,4439,077.Tropical_Kingbird/Tropical_Kingbird_0102_69654.jpg,77,76,077.Tropical_Kingbird,88,87,gaussian_blur,gaussian_blur,0,"{""sigma"":1.366566}",5.121151,5.2040453,0.082894325,0.0059691477,0.0054942919,0.029318731,0.023579517,-0.023349584,-0.018085225,0.0052643581,0.70045032,1.1762274,51.833288,60.967731,False,0.94330245,False,False,False,0.70045032,1.1762274,51.833288,60.967731,0.61025526,1.237163,42.876944,53.045768,0.94315281,1.0318836,29.124859,30.053466,0.47268725,1.3447753,10.080526,13.556042,0.32516307,1.0643793,15.636195,16.642842,0.51223046,1.5830329,17.503719,27.708963,0.60160605,1.3284413,16.969777,22.543353,0.77296917,1.0952154,29.966168,32.819409
init,init,-1,,4439,077.Tropical_Kingbird/Tropical_Kingbird_0102_69654.jpg,77,76,077.Tropical_Kingbird,88,87,random_erasing,random_erasing,0,"{""area_fraction"":0.067507,""erased"":true,""height"":0.163621,""left"":0.479678,""top"":0.683647,""width"":0.412585}",5.121151,5.095994,-0.025156975,0.0059691477,0.0061212201,0.029318731,0.025361797,-0.023349584,-0.019240577,0.0041090068,0.87572937,0.99582889,51.833288,51.617086,False,0.97292185,False,False,False,0.87572937,0.99582889,51.833288,51.617086,0.82904525,0.98031668,42.876944,42.032983,0.97283762,1.028646,29.124859,29.959169,0.80512703,0.95496538,10.080526,9.626553,0.7930132,0.91724075,15.636195,14.342156,0.81399168,0.91049059,17.503719,15.936971,0.76102384,0.97942385,16.969777,16.620605,0.86774528,1.0221393,29.966168,30.629597
init,init,-1,,11759,200.Common_Yellowthroat/Common_Yellowthroat_0088_190594.jpg,200,199,200.Common_Yellowthroat,129,128,identity,identity,0,{},6.034256,6.034256,0,0.0023952781,0.0023952781,0.054844067,0.054844067,-0.052448788,-0.052448788,0,1,1,64.360189,64.360189,False,0.99999994,True,False,False,1,1,64.360189,64.360189,1,1,53.490049,53.490049,1,1,35.791738,35.791738,1,1,10.991318,10.991318,1,1,24.971961,24.971961,1,1,24.54551,24.54551,1,1,21.788908,21.788908,1,1,32.241881,32.241881
init,init,-1,,11759,200.Common_Yellowthroat/Common_Yellowthroat_0088_190594.jpg,200,199,200.Common_Yellowthroat,129,128,horizontal_flip,horizontal_flip,0,"{""flipped"":true}",6.034256,6.1776228,0.14336681,0.0023952781,0.0020753553,0.054844067,0.05287059,-0.052448788,-0.050795235,0.0016535535,0.66593888,1.0228909,64.360189,65.833449,False,0.97227049,True,False,False,0.66593888,1.0228909,64.360189,65.833449,0.52609008,1.0163556,53.490049,54.36491,0.97206455,1.0373386,35.791738,37.12815,0.5328121,1.1675298,10.991318,12.832691,0.32125101,0.80008338,24.971961,19.979651,0.45289515,1.0115465,24.54551,24.828925,0.48652091,1.0649341,21.788908,23.20375,0.68123152,1.0907558,32.241881,35.168019
init,init,-1,,11759,200.Common_Yellowthroat/Common_Yellowthroat_0088_190594.jpg,200,199,200.Common_Yellowthroat,129,128,color_jitter,color_jitter,0,"{""brightness"":1.006242,""contrast"":0.600444,""hue"":0.006174,""saturation"":0.904586}",6.034256,5.809659,-0.22459698,0.0023952781,0.0029984517,0.054844067,0.048370507,-0.052448788,-0.045372055,0.0070767335,0.85583469,1.0550163,64.360189,67.901049,False,0.97774768,True,False,False,0.85583469,1.0550163,64.360189,67.901049,0.80982201,1.093815,53.490049,58.508219,0.97760001,0.96273088,35.791738,34.457812,0.7937827,0.99776122,10.991318,10.966711,0.79178797,1.1159755,24.971961,27.868096,0.78462719,1.1990641,24.54551,29.43164,0.77857704,1.0890326,21.788908,23.728831,0.85996084,1.0272817,32.241881,33.121493
init,init,-1,,11759,200.Common_Yellowthroat/Common_Yellowthroat_0088_190594.jpg,200,199,200.Common_Yellowthroat,129,128,rotation,rotation,0,"{""angle"":10.735906}",6.034256,5.9392223,-0.095033646,0.0023952781,0.0026340769,0.054844067,0.035233419,-0.052448788,-0.032599343,0.019849446,0.70519871,1.1121409,64.360189,71.5776,False,0.94214952,True,False,False,0.70519871,1.1121409,64.360189,71.5776,0.61487188,1.1562275,53.490049,61.846664,0.94176661,1.0067275,35.791738,36.032527,0.70472205,1.4828044,10.991318,16.297975,0.55401751,1.121629,24.971961,28.009274,0.59615294,1.2287037,24.54551,30.159158,0.53414423,1.163523,21.788908,25.351896,0.69542842,1.0844686,32.241881,34.96531
init,init,-1,,11759,200.Common_Yellowthroat/Common_Yellowthroat_0088_190594.jpg,200,199,200.Common_Yellowthroat,129,128,random_resized_crop,random_resized_crop,0,"{""area_fraction"":0.737135,""aspect"":0.836664,""fallback"":false,""height"":0.938638,""left"":0.111125,""top"":0.026367,""width"":0.785324}",6.034256,5.9693346,-0.064921379,0.0023952781,0.0025559417,0.054844067,0.040912025,-0.052448788,-0.038356083,0.014092705,0.76457674,1.1327669,64.360189,72.905093,False,0.9646045,True,False,False,0.76457674,1.1327669,64.360189,72.905093,0.69300885,1.1891881,53.490049,63.609732,0.9643876,0.99526851,35.791738,35.62239,0.71572748,1.4335889,10.991318,15.757031,0.69290046,1.1337008,24.971961,28.310732,0.60811478,1.2498629,24.54551,30.678524,0.62407467,1.2376037,21.788908,26.966034,0.78258886,1.1302938,32.241881,36.4428
init,init,-1,,11759,200.Common_Yellowthroat/Common_Yellowthroat_0088_190594.jpg,200,199,200.Common_Yellowthroat,129,128,gaussian_blur,gaussian_blur,0,"{""sigma"":1.345901}",6.034256,6.0260515,-0.0082044601,0.0023952781,0.0024150107,0.054844067,0.03490369,-0.052448788,-0.03248868,0.019960109,0.75218956,0.96829329,64.360189,62.319539,False,0.96110821,True,False,False,0.75218956,0.96829329,64.360189,62.319539,0.66855917,0.99597662,53.490049,53.274839,0.96066162,0.90340536,35.791738,32.334448,0.21681679,1.2197164,10.991318,13.406291,0.61561276,0.90000647,24.971961,22.474926,0.60271297,1.0151794,24.54551,24.918097,0.65808994,1.0198014,21.788908,22.220357,0.8088225,0.9995972,32.241881,32.228894
init,init,-1,,11759,200.Common_Yellowthroat/Common_Yellowthroat_0088_190594.jpg,200,199,200.Common_Yellowthroat,129,128,random_erasing,random_erasing,0,"{""area_fraction"":0.171578,""erased"":true,""height"":0.311737,""left"":0.38604,""top"":0.315245,""width"":0.550395}",6.034256,6.4543724,0.42011642,0.0023952781,0.0015736268,0.054844067,0.04043176,-0.052448788,-0.038858133,0.013590655,0.65013422,1.0021536,64.360189,64.498798,False,0.90167654,True,False,False,0.65013422,1.0021536,64.360189,64.498798,0.54478791,1.0203376,53.490049,54.577908,0.9009741,0.96029782,35.791738,34.370728,0.41571157,0.94363869,10.991318,10.371833,0.47224705,0.76093651,24.971961,19.002077,0.52565137,1.0348629,24.54551,25.401239,0.47191469,1.0568595,21.788908,23.027813,0.64051524,1.1330621,32.241881,36.532055
init,init,-1,,11421,194.Cactus_Wren/Cactus_Wren_0034_185817.jpg,194,193,194.Cactus_Wren,129,128,identity,identity,0,{},5.8474512,5.8474512,0,0.0028872492,0.0028872492,0.026608158,0.026608158,-0.023720909,-0.023720909,0,1,1,56.484241,56.484241,False,1,True,False,False,1,1,56.484241,56.484241,1,1,50.161173,50.161173,1,1,25.967793,25.967793,1,1,9.6288775,9.6288775,1,1,17.534862,17.534862,1,1,23.182215,23.182215,1,1,23.438076,23.438076,1,1,32.081117,32.081117
init,init,-1,,11421,194.Cactus_Wren/Cactus_Wren_0034_185817.jpg,194,193,194.Cactus_Wren,129,128,horizontal_flip,horizontal_flip,0,"{""flipped"":true}",5.8474512,6.3119526,0.46450138,0.0028872492,0.0018144873,0.026608158,0.046382405,-0.023720909,-0.044567918,-0.020847009,0.59610419,1.1529614,56.484241,65.124151,False,0.953601,True,False,False,0.59610419,1.1529614,56.484241,65.124151,0.49642744,1.142446,50.161173,57.306429,0.95316607,1.1913792,25.967793,30.937489,0.24526893,1.0278592,9.6288775,9.8971304,0.35155357,1.2086757,17.534862,21.193961,0.41237494,1.076487,23.182215,24.955354,0.4015046,1.1254338,23.438076,26.378003,0.65071434,1.173918,32.081117,37.660601
init,init,-1,,11421,194.Cactus_Wren/Cactus_Wren_0034_185817.jpg,194,193,194.Cactus_Wren,129,128,color_jitter,color_jitter,0,"{""brightness"":0.977277,""contrast"":0.874875,""hue"":-0.032051,""saturation"":1.359444}",5.8474512,5.6990938,-0.14835739,0.0028872492,0.0033489997,0.026608158,0.026742959,-0.023720909,-0.02339396,0.00032694894,0.85145391,1.0527502,56.484241,59.463797,False,0.97406256,True,False,False,0.85145391,1.0527502,56.484241,59.463797,0.81807771,1.0490107,50.161173,52.619606,0.974032,1.066588,25.967793,27.696936,0.69100903,1.0720725,9.6288775,10.322855,0.70248014,1.0212711,17.534862,17.907848,0.79759622,1.0581427,23.182215,24.53009,0.81173238,1.013364,23.438076,23.751302,0.87686489,1.0688152,32.081117,34.288787
init,init,-1,,11421,194.Cactus_Wren/Cactus_Wren_0034_185817.jpg,194,193,194.Cactus_Wren,129,128,rotation,rotation,0,"{""angle"":0.589683}",5.8474512,5.7745819,-0.072869301,0.0028872492,0.0031054961,0.026608158,0.027068142,-0.023720909,-0.023962646,-0.00024173711,0.81003069,0.94396712,56.484241,53.319266,False,0.97277814,True,False,False,0.81003069,0.94396712,56.484241,53.319266,0.76280513,0.92292105,50.161173,46.294802,0.97272931,1.0186662,25.967793,26.452514,0.36249547,1.0508883,9.6288775,10.118874,0.60551205,0.82934806,17.534862,14.542504,0.72371692,0.8404568,23.182215,19.48365,0.76851028,0.92191012,23.438076,21.607799,0.86062659,0.97721062,32.081117,31.350009
init,init,-1,,11421,194.Cactus_Wren/Cactus_Wren_0034_185817.jpg,194,193,194.Cactus_Wren,129,128,random_resized_crop,random_resized_crop,0,"{""area_fraction"":0.677333,""aspect"":1.187123,""fallback"":false,""height"":0.755359,""left"":0.024833,""top"":0.090078,""width"":0.896704}",5.8474512,6.1691818,0.32173061,0.0028872492,0.002092947,0.026608158,0.022730978,-0.023720909,-0.020638031,0.0030828775,0.66493815,1.0917444,56.484241,61.666352,False,0.92567277,False,False,False,0.66493815,1.0917444,56.484241,61.666352,0.58942803,1.0707449,50.161173,53.709822,0.92540279,1.166769,25.967793,30.298417,0.63427062,1.3599717,9.6288775,13.095001,0.45269705,1.1105123,17.534862,19.47268,0.47157505,0.93247865,23.182215,21.61692,0.50865135,1.0047755,23.438076,23.550005,0.71970712,1.1291414,32.081117,36.224117
init,init,-1,,11421,194.Cactus_Wren/Cactus_Wren_0034_185817.jpg,194,193,194.Cactus_Wren,129,128,gaussian_blur,gaussian_blur,0,"{""sigma"":1.826454}",5.8474512,6.5980134,0.75056219,0.0028872492,0.0013630734,0.026608158,0.029035626,-0.023720909,-0.027672553,-0.0039516439,0.52134357,1.1246664,56.484241,63.525929,False,0.87778306,True,False,False,0.52134357,1.1246664,56.484241,63.525929,0.43026887,1.1352249,50.161173,56.944211,0.87755075,1.0843621,25.967793,28.158489,0.16897083,1.5050254,9.6288775,14.491705,0.35984287,1.4090025,17.534862,24.706665,0.21329933,1.083385,23.182215,25.115264,0.40260118,1.092901,23.438076,25.615496,0.63245056,1.0502745,32.081117,33.693979
init,init,-1,,11421,194.Cactus_Wren/Cactus_Wren_0034_185817.jpg,194,193,194.Cactus_Wren,129,128,random_erasing,random_erasing,0,"{""area_fraction"":0.187148,""erased"":true,""height"":0.297698,""left"":0.321073,""top"":0.188942,""width"":0.628649}",5.8474512,5.7715292,-0.075922012,0.0028872492,0.0031149897,0.026608158,0.018363131,-0.023720909,-0.015248141,0.0084727672,0.57069287,1.0688797,56.484241,60.374858,False,0.89332366,True,False,False,0.57069287,1.0688797,56.484241,60.374858,0.49339233,1.090748,50.161173,54.7132,0.89323244,0.98299637,25.967793,25.526246,0.077998297,1.1859134,9.6288775,11.419015,0.52040048,1.1572085,17.534862,20.291491,0.44135906,1.1574384,23.182215,26.831985,0.40360759,1.0432918,23.438076,24.452752,0.60597733,1.0494504,32.081117,33.66754
init,init,-1,,3928,068.Ruby_throated_Hummingbird/Ruby_Throated_Hummingbird_0079_58075.jpg,68,67,068.Ruby_throated_Hummingbird,129,128,identity,identity,0,{},5.542387,5.542387,0,0.0039171651,0.0039171651,0.02240029,0.02240029,-0.018483125,-0.018483125,0,1,1,55.393839,55.393839,False,1,True,False,False,1,1,55.393839,55.393839,1,1,47.733509,47.733509,1,1,28.106751,28.106751,1,1,10.845449,10.845449,1,1,17.425864,17.425864,1,1,19.950875,19.950875,1,1,21.631404,21.631404,1,1,31.484097,31.484097
init,init,-1,,3928,068.Ruby_throated_Hummingbird/Ruby_Throated_Hummingbird_0079_58075.jpg,68,67,068.Ruby_throated_Hummingbird,129,128,horizontal_flip,horizontal_flip,0,"{""flipped"":true}",5.542387,5.4656434,-0.076743603,0.0039171651,0.0042296187,0.02240029,0.015715407,-0.018483125,-0.011485789,0.0069973362,0.5863778,0.81762409,55.393839,45.291337,False,0.94411653,False,False,False,0.5863778,0.81762409,55.393839,45.291337,0.44366084,0.78191842,47.733509,37.32371,0.94397932,0.91281638,28.106751,25.656303,0.072251097,0.51315007,10.845449,5.5653428,0.010565943,0.63120544,17.425864,10.9993,0.33724103,0.77647761,19.950875,15.491408,0.3800171,0.77048009,21.631404,16.666566,0.64102923,0.85424229,31.484097,26.895047
init,init,-1,,3928,068.Ruby_throated_Hummingbird/Ruby_Throated_Hummingbird_0079_58075.jpg,68,67,068.Ruby_throated_Hummingbird,129,128,color_jitter,color_jitter,0,"{""brightness"":1.379864,""contrast"":0.642946,""hue"":0.017056,""saturation"":0.600909}",5.542387,5.1057081,-0.43667889,0.0039171651,0.0060620452,0.02240029,0.023430785,-0.018483125,-0.01736874,0.0011143847,0.66134622,1.0105992,55.393839,55.980967,False,0.94757819,True,False,False,0.66134622,1.0105992,55.393839,55.980967,0.56527468,1.018596,47.733509,48.621161,0.9474993,0.98717188,28.106751,27.746195,0.43660471,1.5899557,10.845449,17.243783,0.34840051,1.1221979,17.425864,19.555268,0.47415355,0.93636556,19.950875,18.681312,0.48911177,0.91475515,21.631404,19.787439,0.75007693,0.97573495,31.484097,30.720134
init,init,-1,,3928,068.Ruby_throated_Hummingbird/Ruby_Throated_Hummingbird_0079_58075.jpg,68,67,068.Ruby_throated_Hummingbird,129,128,rotation,rotation,0,"{""angle"":-10.129748}",5.542387,5.5753322,0.032945156,0.0039171651,0.0037902165,0.02240029,0.0188307,-0.018483125,-0.015040483,0.0034426413,0.69736893,0.8903592,55.393839,49.320414,False,0.92345017,False,False,False,0.69736893,0.8903592,55.393839,49.320414,0.614905,0.87734778,47.733509,41.878888,0.92327441,0.92686419,28.106751,26.051141,0.60223501,0.92048206,10.845449,9.983041,0.41362294,0.79718837,17.425864,13.891696,0.53270318,0.85175381,19.950875,16.993234,0.57888639,0.88738841,21.631404,19.195458,0.72017761,0.90059064,31.484097,28.354283
init,init,-1,,3928,068.Ruby_throated_Hummingbird/Ruby_Throated_Hummingbird_0079_58075.jpg,68,67,068.Ruby_throated_Hummingbird,129,128,random_resized_crop,random_resized_crop,0,"{""area_fraction"":0.583702,""aspect"":0.969475,""fallback"":false,""height"":0.775938,""left"":0.166784,""top"":0.001394,""width"":0.752253}",5.542387,5.522964,-0.019423008,0.0039171651,0.0039939918,0.02240029,0.014310476,-0.018483125,-0.010316485,0.0081666401,0.64684979,1.0707233,55.393839,59.311476,False,0.91408241,False,False,False,0.64684979,1.0707233,55.393839,59.311476,0.56231371,1.0927187,47.733509,52.159299,0.91379259,1.0045903,28.106751,28.23577,0.30364689,1.2829252,10.845449,13.9139,0.49012455,1.0132655,17.425864,17.657027,0.49705285,1.1084064,19.950875,22.113677,0.50185503,1.1329777,21.631404,24.507899,0.67978766,1.0656036,31.484097,33.549568
init,init,-1,,3928,068.Ruby_throated_Hummingbird/Ruby_Throated_Hummingbird_0079_58075.jpg,68,67,068.Ruby_throated_Hummingbird,129,128,gaussian_blur,gaussian_blur,0,"{""sigma"":1.308469}",5.542387,5.447926,-0.094460964,0.0039171651,0.0043052244,0.02240029,0.016698344,-0.018483125,-0.012393119,0.0060900054,0.64993609,0.83571396,55.393839,46.293404,False,0.89489913,False,False,False,0.64993609,0.83571396,55.393839,46.293404,0.56602026,0.83815159,47.733509,40.007917,0.89477488,0.82864315,28.106751,23.290467,0.1715596,0.84890294,10.845449,9.2067333,0.37407721,0.69162344,17.425864,12.052136,0.46651804,0.89349025,19.950875,17.825912,0.559038,0.89554453,21.631404,19.371886,0.71389937,0.82677972,31.484097,26.030413
init,init,-1,,3928,068.Ruby_throated_Hummingbird/Ruby_Throated_Hummingbird_0079_58075.jpg,68,67,068.Ruby_throated_Hummingbird,129,128,random_erasing,random_erasing,0,"{""area_fraction"":0.100601,""erased"":true,""height"":0.250679,""left"":0.212542,""top"":0.190727,""width"":0.401314}",5.542387,4.8456187,-0.69676828,0.0039171651,0.0078627495,0.02240029,0.015552924,-0.018483125,-0.0076901745,0.01079295,0.70904305,0.89931072,55.393839,49.816273,False,0.91527009,False,False,False,0.70904305,0.89931072,55.393839,49.816273,0.63292982,0.88259671,47.733509,42.129438,0.91512413,0.94586436,28.106751,26.585175,0.60249065,0.91474192,10.845449,9.9207866,0.60931884,0.81659379,17.425864,14.229852,0.57319944,0.81699996,19.950875,16.299864,0.55678748,0.86672538,21.631404,18.748487,0.6995521,0.92970535,31.484097,29.270933
init,init,-1,,7969,136.Barn_Swallow/Barn_Swallow_0042_132043.jpg,136,135,136.Barn_Swallow,129,128,identity,identity,0,{},5.5075579,5.5075579,0,0.0040559997,0.0040559997,0.04152488,0.04152488,-0.03746888,-0.03746888,0,1,1,53.519661,53.519661,False,1,True,False,False,1,1,53.519661,53.519661,1,1,45.236202,45.236202,1,1,28.601402,28.601402,1,1,8.3778292,8.3778292,1,1,15.05214,15.05214,1,1,17.576925,17.576925,1,1,19.885268,19.885268,1,1,32.329349,32.329349
init,init,-1,,7969,136.Barn_Swallow/Barn_Swallow_0042_132043.jpg,136,135,136.Barn_Swallow,129,128,horizontal_flip,horizontal_flip,0,"{""flipped"":true}",5.5075579,5.5812969,0.073739052,0.0040559997,0.0037676771,0.04152488,0.039809994,-0.03746888,-0.036042317,0.0014265627,0.67209863,0.99538773,53.519661,53.272814,False,0.95221859,True,False,False,0.67209863,0.99538773,53.519661,53.272814,0.56112685,0.9978462,45.236202,45.138772,0.95213404,0.98921117,28.601402,28.292826,0.34488141,0.75317477,8.3778292,6.3099696,0.25015401,0.9653207,15.05214,14.530143,0.5270975,1.0513595,17.576925,18.479668,0.45431425,0.99869361,19.885268,19.85929,0.68917278,1.0026237,32.329349,32.41417
init,init,-1,,7969,136.Barn_Swallow/Barn_Swallow_0042_132043.jpg,136,135,136.Barn_Swallow,129,128,color_jitter,color_jitter,0,"{""brightness"":0.648838,""contrast"":0.783133,""hue"":-0.021287,""saturation"":0.82719}",5.5075579,5.5547938,0.047235966,0.0040559997,0.0038688658,0.04152488,0.054031935,-0.03746888,-0.050163069,-0.012694189,0.82798123,1.0830153,53.519661,57.962614,False,0.97115779,True,False,False,0.82798123,1.0830153,53.519661,57.962614,0.77496442,1.1027715,45.236202,49.885194,0.97103276,1.0319405,28.601402,29.514946,0.66863016,0.8956773,8.3778292,7.5038315,0.67209676,1.3813562,15.05214,20.792368,0.73384931,1.119751,17.576925,19.681779,0.73884925,1.1015264,19.885268,21.904148,0.84619119,1.0410411,32.329349,33.656179
init,init,-1,,7969,136.Barn_Swallow/Barn_Swallow_0042_132043.jpg,136,135,136.Barn_Swallow,129,128,rotation,rotation,0,"{""angle"":-11.29878}",5.5075579,5.8497319,0.34217405,0.0040559997,0.0028806711,0.04152488,0.043452431,-0.03746888,-0.040571759,-0.0031028795,0.65651411,1.1314562,53.519661,60.555155,False,0.93086004,True,False,False,0.65651411,1.1314562,53.519661,60.555155,0.54423106,1.123307,45.236202,50.814141,0.93063425,1.151589,28.601402,32.937059,0.18514797,1.4334561,8.3778292,12.00925,0.36319445,1.2020365,15.05214,18.093223,0.50494447,1.1765622,17.576925,20.680346,0.43830546,1.0844205,19.885268,21.563992,0.67537276,1.0794248,32.329349,34.897101
init,init,-1,,7969,136.Barn_Swallow/Barn_Swallow_0042_132043.jpg,136,135,136.Barn_Swallow,129,128,random_resized_crop,random_resized_crop,0,"{""area_fraction"":0.503529,""aspect"":0.852147,""fallback"":false,""height"":0.768697,""left"":0.044585,""top"":0.168654,""width"":0.655043}",5.5075579,5.3602467,-0.14731121,0.0040559997,0.0046997475,0.04152488,0.052974574,-0.03746888,-0.048274827,-0.010805947,0.66012096,0.9887462,53.519661,52.917361,False,0.92435133,True,False,False,0.66012096,0.9887462,53.519661,52.917361,0.54159951,0.94911368,45.236202,42.934298,0.92416833,1.0815446,28.601402,30.93369,0.42375615,0.81502985,8.3778292,6.8281809,0.37641383,0.86431932,15.05214,13.009856,0.49469721,0.94995686,17.576925,16.69732,0.38176415,0.86643595,19.885268,17.229312,0.64659024,1.00317,32.329349,32.431834
init,init,-1,,7969,136.Barn_Swallow/Barn_Swallow_0042_132043.jpg,136,135,136.Barn_Swallow,129,128,gaussian_blur,gaussian_blur,0,"{""sigma"":1.226151}",5.5075579,5.3918862,-0.11567163,0.0040559997,0.0045533772,0.04152488,0.044706866,-0.03746888,-0.040153489,-0.002684609,0.66935865,1.2344546,53.519661,66.067593,False,0.92369044,True,False,False,0.66935865,1.2344546,53.519661,66.067593,0.57784094,1.2662704,45.236202,57.281261,0.9234465,1.1510231,28.601402,32.920873,0.51489493,1.3844369,8.3778292,11.598576,0.53155357,1.5591636,15.05214,23.468749,0.52270073,1.4505578,17.576925,25.496346,0.43511202,1.2417583,19.885268,24.692696,0.68680018,1.1306102,32.329349,36.551892
init,init,-1,,7969,136.Barn_Swallow/Barn_Swallow_0042_132043.jpg,136,135,136.Barn_Swallow,129,128,random_erasing,random_erasing,0,"{""area_fraction"":0.073708,""erased"":true,""height"":0.428459,""left"":0.241467,""top"":0.128824,""width"":0.17203}",5.5075579,5.7901678,0.28260994,0.0040559997,0.0030574694,0.04152488,0.039789777,-0.03746888,-0.036732308,0.00073657208,0.68150316,1.0644049,53.519661,56.966589,False,0.91781151,True,False,False,0.68150316,1.0644049,53.519661,56.966589,0.59410714,1.0853041,45.236202,49.095034,0.91764448,1.0102342,28.601402,28.894115,0.78708322,1.6580466,8.3778292,13.890832,0.60536842,1.3137426,15.05214,19.774638,0.51180663,1.1547598,17.576925,20.297126,0.44654996,1.0401798,19.885268,20.684254,0.67103368,0.97152908,32.329349,31.408903
init,init,-1,,1491,027.Shiny_Cowbird/Shiny_Cowbird_0070_796832.jpg,27,26,027.Shiny_Cowbird,129,128,identity,identity,0,{},4.7905245,4.7905245,0,0.0083080968,0.0083080968,0.025966616,0.025966616,-0.01765852,-0.01765852,0,1,1,46.618716,46.618716,False,0.99999988,True,False,False,1,1,46.618716,46.618716,1,1,39.300339,39.300339,1,1,25.075646,25.075646,1,1,9.2367342,9.2367342,1,1,14.514269,14.514269,1,1,14.15216,14.15216,1,1,16.028957,16.028957,1,1,28.130487,28.130487
init,init,-1,,1491,027.Shiny_Cowbird/Shiny_Cowbird_0070_796832.jpg,27,26,027.Shiny_Cowbird,129,128,horizontal_flip,horizontal_flip,0,"{""flipped"":true}",4.7905245,5.0311079,0.24058342,0.0083080968,0.006531572,0.025966616,0.023899963,-0.01765852,-0.017368391,0.0002901284,0.65431123,0.97289847,46.618716,45.355277,False,0.96932882,True,False,False,0.65431123,0.97289847,46.618716,45.355277,0.52203513,0.96378193,39.300339,37.876957,0.96928505,0.99493724,25.075646,24.948693,0.20151766,0.77958709,9.2367342,7.2008387,0.31908112,0.86766399,14.514269,12.593508,0.39141909,0.96869217,14.15216,13.709087,0.38038442,0.97341941,16.028957,15.602898,0.67454354,1.0009483,28.130487,28.157163
init,init,-1,,1491,027.Shiny_Cowbird/Shiny_Cowbird_0070_796832.jpg,27,26,027.Shiny_Cowbird,129,128,color_jitter,color_jitter,0,"{""brightness"":0.843739,""contrast"":0.80471,""hue"":0.073391,""saturation"":1.104624}",4.7905245,4.7741065,-0.01641798,0.0083080968,0.0084456271,0.025966616,0.022126528,-0.01765852,-0.0136809,0.0039776191,0.87355327,0.9607736,46.618716,44.790031,False,0.98951602,True,False,False,0.87355327,0.9607736,46.618716,44.790031,0.82598276,0.95850232,39.300339,37.669466,0.98947654,0.96632996,25.075646,24.231348,0.53627861,0.65855866,9.2367342,6.0829313,0.65982026,0.94083564,14.514269,13.655541,0.74309809,1.0345058,14.15216,14.640492,0.82260446,0.95618399,16.028957,15.326632,0.91850887,0.97111074,28.130487,27.317818
init,init,-1,,1491,027.Shiny_Cowbird/Shiny_Cowbird_0070_796832.jpg,27,26,027.Shiny_Cowbird,129,128,rotation,rotation,0,"{""angle"":7.615884}",4.7905245,5.0987859,0.30826139,0.0083080968,0.0061041536,0.025966616,0.023714056,-0.01765852,-0.017609903,4.8616901e-05,0.72261046,1.0245723,46.618716,47.764247,False,0.9573034,True,False,False,0.72261046,1.0245723,46.618716,47.764247,0.62296507,1.0110708,39.300339,39.735424,0.95723703,1.0570049,25.075646,26.505081,-0.17354164,1.0243477,9.2367342,9.4616277,0.52394629,1.0502405,14.514269,15.243472,0.52948473,0.97333678,14.15216,13.774818,0.57051273,1.0259175,16.028957,16.444387,0.77885609,1.0034883,28.130487,28.228613
init,init,-1,,1491,027.Shiny_Cowbird/Shiny_Cowbird_0070_796832.jpg,27,26,027.Shiny_Cowbird,129,128,random_resized_crop,random_resized_crop,0,"{""area_fraction"":0.897056,""aspect"":0.91902,""fallback"":false,""height"":0.987978,""left"":0.008704,""top"":0.000129,""width"":0.907972}",4.7905245,4.8436203,0.053095818,0.0083080968,0.0078784823,0.025966616,0.022539789,-0.01765852,-0.014661307,0.002997213,0.79628038,0.8769576,46.618716,40.882637,False,0.9761278,True,False,False,0.79628038,0.8769576,46.618716,40.882637,0.72130643,0.87054975,39.300339,34.2129,0.97608632,0.89250218,25.075646,22.380068,0.2142555,0.92993568,9.2367342,8.5895687,0.6550966,0.84349716,14.514269,12.242744,0.64910065,0.8964384,14.15216,12.68654,0.67199254,0.83542469,16.028957,13.390987,0.8308962,0.87552887,28.130487,24.629053
init,init,-1,,1491,027.Shiny_Cowbird/Shiny_Cowbird_0070_796832.jpg,27,26,027.Shiny_Cowbird,129,128,gaussian_blur,gaussian_blur,0,"{""sigma"":1.999933}",4.7905245,4.572175,-0.21834946,0.0083080968,0.010335456,0.025966616,0.030883657,-0.01765852,-0.020548201,-0.0028896816,0.58185915,1.1234498,46.618716,52.373788,False,0.8904165,True,False,False,0.58185915,1.1234498,46.618716,52.373788,0.46600992,1.1472774,39.300339,45.08839,0.89032523,1.0626557,25.075646,26.646778,-0.17346086,1.15341,9.2367342,10.653742,0.34517041,1.2688364,14.514269,18.416232,0.40638236,1.5110918,14.15216,21.385213,0.40567281,1.136885,16.028957,18.223082,0.64350676,0.99972877,28.130487,28.122857
init,init,-1,,1491,027.Shiny_Cowbird/Shiny_Cowbird_0070_796832.jpg,27,26,027.Shiny_Cowbird,129,128,random_erasing,random_erasing,0,"{""area_fraction"":0.192837,""erased"":true,""height"":0.599893,""left"":0.484227,""top"":0.185982,""width"":0.321452}",4.7905245,5.1152902,0.32476568,0.0083080968,0.0060042357,0.025966616,0.030185657,-0.01765852,-0.024181421,-0.0065229014,0.64089768,1.2500643,46.618716,58.276391,False,0.88761365,False,False,False,0.64089768,1.2500643,46.618716,58.276391,0.53070441,1.2095626,39.300339,47.536219,0.88689055,1.3443805,25.075646,33.711209,0.77494364,0.86773624,9.2367342,8.015049,0.63302349,1.1558498,14.514269,16.776315,0.52046956,1.3726443,14.15216,19.425882,0.3869915,1.2231138,16.028957,19.60524,0.53958535,1.2067048,28.130487,33.945193
init,init,-1,,6000,103.Sayornis/Sayornis_0076_98941.jpg,103,102,103.Sayornis,58,57,identity,identity,0,{},5.1666603,5.1666603,0,0.0057035866,0.0057035866,0.020235186,0.020235186,-0.0145316,-0.0145316,0,1,1,42.522813,42.522813,False,1,True,False,False,1,1,42.522813,42.522813,1,1,35.511442,35.511442,1,1,23.390749,23.390749,1,1,5.409233,5.409233,1,1,11.17065,11.17065,1,1,13.515281,13.515281,1,1,14.505838,14.505838,1,1,26.719602,26.719602
init,init,-1,,6000,103.Sayornis/Sayornis_0076_98941.jpg,103,102,103.Sayornis,58,57,horizontal_flip,horizontal_flip,0,"{""flipped"":true}",5.1666603,5.2137341,0.047073841,0.0057035866,0.0054413169,0.020235186,0.020056274,-0.0145316,-0.014614957,-8.3357096e-05,0.68004108,0.95856312,42.522813,40.7608,False,0.97362822,True,False,False,0.68004108,0.95856312,42.522813,40.7608,0.55801344,0.970311,35.511442,34.457142,0.97361337,0.93092118,23.390749,21.774943,0.44676023,0.75853212,5.409233,4.103077,0.25745683,0.93757007,11.17065,10.473267,0.46627398,1.0097739,13.515281,13.647378,0.44505149,0.97500551,14.505838,14.143272,0.67074533,0.97197886,26.719602,25.970888
init,init,-1,,6000,103.Sayornis/Sayornis_0076_98941.jpg,103,102,103.Sayornis,58,57,color_jitter,color_jitter,0,"{""brightness"":1.017756,""contrast"":1.20443,""hue"":-0.077248,""saturation"":0.823879}",5.1666603,5.1902723,0.023612022,0.0057035866,0.0055704904,0.020235186,0.018320607,-0.0145316,-0.012750117,0.0017814832,0.79856015,1.0907263,42.522813,46.380751,False,0.960917,False,False,False,0.79856015,1.0907263,42.522813,46.380751,0.72758788,1.0880933,35.511442,38.639763,0.960866,1.0967709,23.390749,25.654292,0.62471885,1.5292591,5.409233,8.2721188,0.5317903,1.1700812,11.17065,13.070567,0.60063422,1.068718,13.515281,14.444024,0.68152891,1.0911883,14.505838,15.828601,0.82187998,1.054973,26.719602,28.188458
init,init,-1,,6000,103.Sayornis/Sayornis_0076_98941.jpg,103,102,103.Sayornis,58,57,rotation,rotation,0,"{""angle"":-0.843318}",5.1666603,5.313199,0.14653873,0.0057035866,0.0049261423,0.020235186,0.01607362,-0.0145316,-0.011147478,0.0033841222,0.82509705,0.95191064,42.522813,40.477918,False,0.97859305,False,False,False,0.82509705,0.95191064,42.522813,40.477918,0.75736257,0.94679657,35.511442,33.622111,0.97858383,0.96359459,23.390749,22.539199,0.61653968,1.3589475,5.409233,7.3508639,0.55093572,0.88645747,11.17065,9.902306,0.63894956,0.99152045,13.515281,13.400677,0.69321808,0.94130126,14.505838,13.654364,0.85570844,0.92611477,26.719602,24.745418
init,init,-1,,6000,103.Sayornis/Sayornis_0076_98941.jpg,103,102,103.Sayornis,58,57,random_resized_crop,random_resized_crop,0,"{""area_fraction"":0.531119,""aspect"":0.984459,""fallback"":false,""height"":0.734509,""left"":0.158987,""top"":0.108844,""width"":0.723094}",5.1666603,4.9246378,-0.24202251,0.0057035866,0.0072653587,0.020235186,0.015038677,-0.0145316,-0.0077733188,0.006758281,0.67890163,1.0893616,42.522813,46.32272,False,0.9331851,False,False,False,0.67890163,1.0893616,42.522813,46.32272,0.57107764,1.0966273,35.511442,38.942816,0.93314962,1.0724277,23.390749,25.084887,0.10296647,1.1169021,5.409233,6.0415839,0.34453024,1.4647749,11.17065,16.362487,0.47384918,1.210918,13.515281,16.365897,0.50178214,1.0480914,14.505838,15.203444,0.71177055,0.99957043,26.719602,26.708124
init,init,-1,,6000,103.Sayornis/Sayornis_0076_98941.jpg,103,102,103.Sayornis,58,57,gaussian_blur,gaussian_blur,0,"{""sigma"":1.549328}",5.1666603,4.9850373,-0.18162298,0.0057035866,0.0068395236,0.020235186,0.022882951,-0.0145316,-0.016043428,-0.001511828,0.64506686,1.2855465,42.522813,54.665051,False,0.92020237,True,False,False,0.64506686,1.2855465,42.522813,54.665051,0.54983252,1.3527392,35.511442,48.037718,0.92014185,1.1153633,23.390749,26.089183,0.33621491,1.8912718,5.409233,10.23033,0.30169154,1.6050138,11.17065,17.929047,0.51767908,1.6454623,13.515281,22.238886,0.5172857,1.469155,14.505838,21.311325,0.6659088,1.14303,26.719602,30.541306
init,init,-1,,6000,103.Sayornis/Sayornis_0076_98941.jpg,103,102,103.Sayornis,58,57,random_erasing,random_erasing,0,"{""area_fraction"":0.064069,""erased"":true,""height"":0.194924,""left"":0.25938,""top"":0.523992,""width"":0.32869}",5.1666603,5.358736,0.19207573,0.0057035866,0.0047068517,0.020235186,0.01809605,-0.0145316,-0.013389199,0.0011424012,0.71135221,1.1955053,42.522813,50.836247,False,0.92424828,False,False,False,0.71135221,1.1955053,42.522813,50.836247,0.62711323,1.2243051,35.511442,43.476837,0.92417254,1.126324,23.390749,26.345563,0.66746818,1.3864832,5.409233,7.4998107,0.39458991,1.2427084,11.17065,13.88186,0.52749933,1.2393368,13.515281,16.749986,0.57785327,1.3084908,14.505838,18.980755,0.71163719,1.1837717,26.719602,31.629908
init,init,-1,,3208,056.Pine_Grosbeak/Pine_Grosbeak_0068_38981.jpg,56,55,056.Pine_Grosbeak,46,45,identity,identity,0,{},4.987257,4.987257,0,0.0068243593,0.0068243593,0.047851656,0.047851656,-0.041027296,-0.041027296,0,1,1,49.626937,49.626937,False,1,True,False,False,1,1,49.626937,49.626937,1,1,39.730128,39.730128,1,1,29.738019,29.738019,1,1,5.3244382,5.3244382,1,1,14.822501,14.822501,1,1,18.034742,18.034742,1,1,16.498762,16.498762,1,1,27.073342,27.073342
init,init,-1,,3208,056.Pine_Grosbeak/Pine_Grosbeak_0068_38981.jpg,56,55,056.Pine_Grosbeak,46,45,horizontal_flip,horizontal_flip,0,"{""flipped"":true}",4.987257,5.096838,0.10958099,0.0068243593,0.0061160536,0.047851656,0.03436809,-0.041027296,-0.028252037,0.01277526,0.74381838,0.95095658,49.626937,47.193062,False,0.9729389,True,False,False,0.74381838,0.95095658,49.626937,47.193062,0.6259867,0.9767683,39.730128,38.80713,0.97281396,0.90305322,29.738019,26.855014,0.43461945,0.77727447,5.3244382,4.1385498,0.58731448,0.89530888,14.822501,13.270717,0.64600429,1.0273107,18.034742,18.527282,0.5167578,1.0147397,16.498762,16.741949,0.67739625,0.96968574,27.073342,26.252633
init,init,-1,,3208,056.Pine_Grosbeak/Pine_Grosbeak_0068_38981.jpg,56,55,056.Pine_Grosbeak,46,45,color_jitter,color_jitter,0,"{""brightness"":1.097205,""contrast"":0.850594,""hue"":-0.090586,""saturation"":1.015437}",4.987257,4.8873377,-0.099919319,0.0068243593,0.0075414749,0.047851656,0.033472657,-0.041027296,-0.025931182,0.015096114,0.77610664,0.98128227,49.626937,48.698033,False,0.94055843,True,False,False,0.77610664,0.98128227,49.626937,48.698033,0.68769084,0.99426655,39.730128,39.502337,0.94030611,0.95766907,29.738019,28.479181,0.61262051,1.0125747,5.3244382,5.3913912,0.62479163,1.0540596,14.822501,15.6238,0.63270011,0.99865849,18.034742,18.010548,0.62480091,0.97022099,16.498762,16.007445,0.75933752,0.98188173,27.073342,26.582819
init,init,-1,,3208,056.Pine_Grosbeak/Pine_Grosbeak_0068_38981.jpg,56,55,056.Pine_Grosbeak,46,45,rotation,rotation,0,"{""angle"":0.295309}",4.987257,4.9267888,-0.060468197,0.0068243593,0.0072497469,0.047851656,0.04656294,-0.041027296,-0.039313193,0.0017141034,0.9160262,0.96516797,49.626937,47.89833,False,0.99054569,True,False,False,0.9160262,0.96516797,49.626937,47.89833,0.87301386,0.95286615,39.730128,37.857494,0.99051719,0.98674449,29.738019,29.343827,0.86556289,0.99482765,5.3244382,5.2968983,0.83344535,0.97784008,14.822501,14.494036,0.85338773,0.93975579,18.034742,16.948253,0.83555464,0.92887738,16.498762,15.325327,0.90771886,0.95818304,27.073342,25.941217
init,init,-1,,3208,056.Pine_Grosbeak/Pine_Grosbeak_0068_38981.jpg,56,55,056.Pine_Grosbeak,46,45,random_resized_crop,random_resized_crop,0,"{""area_fraction"":0.751753,""aspect"":0.830312,""fallback"":false,""height"":0.951518,""left"":0.00073,""top"":0.030617,""width"":0.790056}",4.987257,4.6829658,-0.30429125,0.0068243593,0.009251534,0.047851656,0.032315508,-0.041027296,-0.023063974,0.017963323,0.75905506,1.0381648,49.626937,51.520941,False,0.9512471,True,False,False,0.75905506,1.0381648,49.626937,51.520941,0.66530997,1.079939,39.730128,42.906115,0.95103582,0.95909013,29.738019,28.521441,0.36297716,0.82909578,5.3244382,4.4144692,0.64398475,0.9833772,14.822501,14.57611,0.64486497,1.1161029,18.034742,20.128627,0.58138756,1.1414506,16.498762,18.832521,0.72468556,1.0763477,27.073342,29.140329
init,init,-1,,3208,056.Pine_Grosbeak/Pine_Grosbeak_0068_38981.jpg,56,55,056.Pine_Grosbeak,46,45,gaussian_blur,gaussian_blur,0,"{""sigma"":1.230017}",4.987257,4.7923021,-0.19495487,0.0068243593,0.0082933409,0.047851656,0.042717423,-0.041027296,-0.034424082,0.006603214,0.72882928,1.1772319,49.626937,58.422412,False,0.94596648,True,False,False,0.72882928,1.1772319,49.626937,58.422412,0.61995417,1.2169677,39.730128,48.350283,0.94563671,1.1027542,29.738019,32.793724,0.29091942,1.2232104,5.3244382,6.5129079,0.56523398,1.2111106,14.822501,17.951689,0.55524118,1.1909161,18.034742,21.477864,0.540071,1.3361576,16.498762,22.044945,0.71377265,1.1830074,27.073342,32.027964
init,init,-1,,3208,056.Pine_Grosbeak/Pine_Grosbeak_0068_38981.jpg,56,55,056.Pine_Grosbeak,46,45,random_erasing,random_erasing,0,"{""area_fraction"":0.195869,""erased"":true,""height"":0.260445,""left"":0.021312,""top"":0.268122,""width"":0.752053}",4.987257,5.0692329,0.081975937,0.0068243593,0.0062872409,0.047851656,0.040692773,-0.041027296,-0.034405532,0.0066217645,0.72517674,1.2695782,49.626937,63.005276,False,0.87481767,False,False,False,0.72517674,1.2695782,49.626937,63.005276,0.65774593,1.3397827,39.730128,53.229739,0.87431759,1.1335137,29.738019,33.708451,0.69222952,1.4128714,5.3244382,7.5227463,0.70540188,1.3724133,14.822501,20.342599,0.68792199,1.2848734,18.034742,23.172359,0.60928228,1.4139488,16.498762,23.328405,0.64851093,1.3224265,27.073342,35.802505
init,init,-1,,5522,095.Baltimore_Oriole/Baltimore_Oriole_0045_88178.jpg,95,94,095.Baltimore_Oriole,114,113,identity,identity,0,{},5.3572712,5.3572712,0,0.0047137537,0.0047137537,0.016873701,0.016873701,-0.012159947,-0.012159947,0,1,1,38.450678,38.450678,False,0.99999994,True,False,False,1,1,38.450678,38.450678,1,1,30.012355,30.012355,1,1,24.035666,24.035666,1,1,6.523386,6.523386,1,1,9.1267875,9.1267875,1,1,11.797959,11.797959,1,1,12.015986,12.015986,1,1,22.165578,22.165578
init,init,-1,,5522,095.Baltimore_Oriole/Baltimore_Oriole_0045_88178.jpg,95,94,095.Baltimore_Oriole,114,113,horizontal_flip,horizontal_flip,0,"{""flipped"":true}",5.3572712,5.3052716,-0.051999569,0.0047137537,0.0049653491,0.016873701,0.01428391,-0.012159947,-0.0093185613,0.0028413855,0.71076506,0.99185483,38.450678,38.137491,False,0.95656502,False,False,False,0.71076506,0.99185483,38.450678,38.137491,0.5579468,1.0034156,30.012355,30.114865,0.95653932,0.97355601,24.035666,23.400067,0.29937865,0.95235386,6.523386,6.2125718,0.25194169,0.86495449,9.1267875,7.8942558,0.49690084,0.9901506,11.797959,11.681756,0.48304031,1.0426499,12.015986,12.528467,0.66317053,1.0213978,22.165578,22.639873
init,init,-1,,5522,095.Baltimore_Oriole/Baltimore_Oriole_0045_88178.jpg,95,94,095.Baltimore_Oriole,114,113,color_jitter,color_jitter,0,"{""brightness"":1.116973,""contrast"":0.905056,""hue"":0.072919,""saturation"":1.055291}",5.3572712,5.5899591,0.23268795,0.0047137537,0.0037351814,0.016873701,0.017215312,-0.012159947,-0.01348013,-0.0013201833,0.78890012,1.1579079,38.450678,44.522343,False,0.93738592,False,False,False,0.78890012,1.1579079,38.450678,44.522343,0.70028262,1.1862243,30.012355,35.601385,0.93726735,1.1123211,24.035666,26.735377,0.58501558,1.5354825,6.523386,10.016545,0.42583237,1.2047823,9.1267875,10.995792,0.71442977,1.1612455,11.797959,13.700327,0.6621933,1.1808653,12.015986,14.189261,0.7723966,1.1565517,22.165578,25.635638
init,init,-1,,5522,095.Baltimore_Oriole/Baltimore_Oriole_0045_88178.jpg,95,94,095.Baltimore_Oriole,114,113,rotation,rotation,0,"{""angle"":3.15713}",5.3572712,5.2378178,-0.11945343,0.0047137537,0.0053118374,0.016873701,0.014328997,-0.012159947,-0.0090171592,0.0031427876,0.811138,1.0242313,38.450678,39.38239,False,0.97521389,False,False,False,0.811138,1.0242313,38.450678,39.38239,0.7080528,1.0321335,30.012355,30.976756,0.97519396,1.0117876,24.035666,24.318988,0.58349809,1.0425539,6.523386,6.8009818,0.48049448,0.99175868,9.1267875,9.0515707,0.58934727,1.0046113,11.797959,11.852364,0.60625608,1.1047449,12.015986,13.2746,0.82243671,1.0235057,22.165578,22.686596
init,init,-1,,5522,095.Baltimore_Oriole/Baltimore_Oriole_0045_88178.jpg,95,94,095.Baltimore_Oriole,114,113,random_resized_crop,random_resized_crop,0,"{""area_fraction"":0.655137,""aspect"":1.047781,""fallback"":false,""height"":0.790735,""left"":0.086335,""top"":0.076291,""width"":0.828516}",5.3572712,5.0414205,-0.31585073,0.0047137537,0.0064645587,0.016873701,0.013706842,-0.012159947,-0.0072422838,0.0049176631,0.73771821,1.1015702,38.450678,42.356123,False,0.95727229,False,False,False,0.73771821,1.1015702,38.450678,42.356123,0.61442803,1.1497479,30.012355,34.506641,0.95725222,1.0219328,24.035666,24.562835,0.50912919,1.6858644,6.523386,10.997544,0.46982089,1.2325047,9.1267875,11.248809,0.5778409,1.1818074,11.797959,13.942916,0.52034786,1.1722716,12.015986,14.085999,0.70849305,1.0584312,22.165578,23.46074
init,init,-1,,5522,095.Baltimore_Oriole/Baltimore_Oriole_0045_88178.jpg,95,94,095.Baltimore_Oriole,114,113,gaussian_blur,gaussian_blur,0,"{""sigma"":1.494061}",5.3572712,4.9010806,-0.45619059,0.0047137537,0.00743854,0.016873701,0.01222417,-0.012159947,-0.0047856304,0.0073743165,0.69586808,1.1375518,38.450678,43.739638,False,0.9138872,False,False,False,0.69586808,1.1375518,38.450678,43.739638,0.56666619,1.1691064,30.012355,35.087637,0.91379362,1.0865266,24.035666,26.115391,0.52087464,1.1280954,6.523386,7.3590015,0.44498231,1.2420577,9.1267875,11.335997,0.47684752,1.3514113,11.797959,15.943895,0.47594167,1.1746733,12.015986,14.114858,0.65706356,1.1005152,22.165578,24.393556
init,init,-1,,5522,095.Baltimore_Oriole/Baltimore_Oriole_0045_88178.jpg,95,94,095.Baltimore_Oriole,114,113,random_erasing,random_erasing,0,"{""area_fraction"":0.114074,""erased"":true,""height"":0.263208,""left"":0.331542,""top"":0.691045,""width"":0.4334}",5.3572712,5.3086371,-0.048634052,0.0047137537,0.0049486673,0.016873701,0.017397586,-0.012159947,-0.012448919,-0.00028897217,0.91631045,1.0689658,38.450678,41.102461,False,0.98686033,True,False,False,0.91631045,1.0689658,38.450678,41.102461,0.87031374,1.061408,30.012355,31.855354,0.98683904,1.0806441,24.035666,25.974,0.91545294,1.0478477,6.523386,6.835515,0.84967401,1.0123355,9.1267875,9.2393711,0.86865305,1.0780237,11.797959,12.71848,0.82257184,1.0748459,12.015986,12.915334,0.88468398,1.0619842,22.165578,23.539494
init,init,-1,,8626,147.Least_Tern/Least_Tern_0020_153458.jpg,147,146,147.Least_Tern,129,128,identity,identity,0,{},5.7783599,5.7783599,0,0.0030937847,0.0030937847,0.020224666,0.020224666,-0.017130882,-0.017130882,0,1,1,52.143924,52.143924,False,1,True,False,False,1,1,52.143924,52.143924,1,1,42.604166,42.604166,1,1,30.064495,30.064495,1,1,8.7504371,8.7504371,1,1,14.680501,14.680501,1,1,18.631815,18.631815,1,1,17.523416,17.523416,1,1,29.475635,29.475635
init,init,-1,,8626,147.Least_Tern/Least_Tern_0020_153458.jpg,147,146,147.Least_Tern,129,128,horizontal_flip,horizontal_flip,0,"{""flipped"":true}",5.7783599,5.4301414,-0.34821844,0.0030937847,0.0043824743,0.020224666,0.019112647,-0.017130882,-0.014730172,0.0024007093,0.65454877,0.96942132,52.143924,50.549432,False,0.96327662,False,False,False,0.65454877,0.96942132,52.143924,50.549432,0.50796626,0.98379953,42.604166,41.913959,0.96312496,0.93988357,30.064495,28.257125,-0.43710928,0.68457591,8.7504371,5.9903385,0.2672692,1.037296,14.680501,15.228026,0.4505023,0.9646503,18.631815,17.973186,0.41848769,0.9971764,17.523416,17.473937,0.68374233,0.99527902,29.475635,29.336481
init,init,-1,,8626,147.Least_Tern/Least_Tern_0020_153458.jpg,147,146,147.Least_Tern,129,128,color_jitter,color_jitter,0,"{""brightness"":1.220148,""contrast"":1.161802,""hue"":-0.053544,""saturation"":0.632222}",5.7783599,5.8521323,0.07377243,0.0030937847,0.0028737646,0.020224666,0.022260027,-0.017130882,-0.019386262,-0.0022553809,0.84523807,1.0232393,52.143924,53.355714,False,0.96263337,False,False,False,0.84523807,1.0232393,52.143924,53.355714,0.78621865,1.019525,42.604166,43.436012,0.96251088,1.0306578,30.064495,30.986208,0.82462569,1.2152036,8.7504371,10.633563,0.50077373,0.98251526,14.680501,14.423816,0.75279757,0.89007514,18.631815,16.583715,0.76814691,1.0380479,17.523416,18.190146,0.87034369,1.0509864,29.475635,30.978492
init,init,-1,,8626,147.Least_Tern/Least_Tern_0020_153458.jpg,147,146,147.Least_Tern,129,128,rotation,rotation,0,"{""angle"":4.110252}",5.7783599,5.9433208,0.16496086,0.0030937847,0.002623304,0.020224666,0.018010078,-0.017130882,-0.015386774,0.0017441076,0.75403909,1.0946806,52.143924,57.080944,False,0.96097577,False,False,False,0.75403909,1.0946806,52.143924,57.080944,0.66812867,1.1455993,42.604166,48.807304,0.96085742,0.98450576,30.064495,29.598669,0.33857573,0.77347692,8.7504371,6.7682612,0.38770866,1.2340195,14.680501,18.116025,0.6877795,1.2716147,18.631815,23.69249,0.62720851,1.1602545,17.523416,20.331621,0.77996964,1.0906373,29.475635,32.147228
init,init,-1,,8626,147.Least_Tern/Least_Tern_0020_153458.jpg,147,146,147.Least_Tern,129,128,random_resized_crop,random_resized_crop,0,"{""area_fraction"":0.774232,""aspect"":0.792813,""fallback"":false,""height"":0.988212,""left"":0.161506,""top"":0.011388,""width"":0.783467}",5.7783599,5.8470378,0.068677902,0.0030937847,0.0028884425,0.020224666,0.029968394,-0.017130882,-0.027079951,-0.0099490699,0.74494468,1.1103834,52.143924,57.899749,False,0.94071293,True,False,False,0.74494468,1.1103834,52.143924,57.899749,0.6579588,1.1453782,42.604166,48.797884,0.94052621,1.0365462,30.064495,31.163238,0.68121549,0.9816062,8.7504371,8.5894834,0.50885509,1.3325478,14.680501,19.562469,0.64258604,1.2456507,18.631815,23.208734,0.5920549,1.1514662,17.523416,20.17762,0.7409532,1.0615104,29.475635,31.288693
init,init,-1,,8626,147.Least_Tern/Least_Tern_0020_153458.jpg,147,146,147.Least_Tern,129,128,gaussian_blur,gaussian_blur,0,"{""sigma"":1.487267}",5.7783599,5.6709909,-0.10736895,0.0030937847,0.0034444502,0.020224666,0.018465368,-0.017130882,-0.015020918,0.0021099637,0.6555535,1.1611906,52.143924,60.549033,False,0.94743389,False,False,False,0.6555535,1.1611906,52.143924,60.549033,0.53931031,1.228369,42.604166,52.333638,0.94729197,1.0129172,30.064495,30.452844,-0.31542486,0.95053381,8.7504371,8.3175864,0.11881384,1.5317667,14.680501,22.487103,0.56461477,1.4374872,18.631815,26.782996,0.56709913,1.2603713,17.523416,22.086011,0.75046981,1.0505318,29.475635,30.965092
init,init,-1,,8626,147.Least_Tern/Least_Tern_0020_153458.jpg,147,146,147.Least_Tern,129,128,random_erasing,random_erasing,0,"{""area_fraction"":0.146975,""erased"":true,""height"":0.251246,""left"":0.140388,""top"":0.159252,""width"":0.584983}",5.7783599,5.8745079,0.096148014,0.0030937847,0.0028101767,0.020224666,0.021699507,-0.017130882,-0.01888933,-0.0017584485,0.77898452,1.1033418,52.143924,57.532573,False,0.9482798,False,False,False,0.77898452,1.1033418,52.143924,57.532573,0.69682598,1.111953,42.604166,47.373829,0.94808641,1.0858431,30.064495,32.645325,0.83573402,1.0921582,8.7504371,9.5568613,0.49999929,1.2697428,14.680501,18.64046,0.67321154,1.0761688,18.631815,20.050978,0.62524167,1.0708792,17.523416,18.765461,0.77701571,1.1000164,29.475635,32.423681
init,init,-1,,1332,024.Red_faced_Cormorant/Red_Faced_Cormorant_0036_796329.jpg,24,23,024.Red_faced_Cormorant,44,43,identity,identity,0,{},6.6059504,6.6059504,0,0.0013522973,0.0013522973,0.020223791,0.020223791,-0.018871494,-0.018871494,0,1,1,54.414792,54.414792,False,0.99999988,True,False,False,1,1,54.414792,54.414792,1,1,46.347303,46.347303,1,1,28.51135,28.51135,1,1,6.3856933,6.3856933,1,1,14.138849,14.138849,1,1,19.160674,19.160674,1,1,21.796641,21.796641,1,1,32.63684,32.63684
init,init,-1,,1332,024.Red_faced_Cormorant/Red_Faced_Cormorant_0036_796329.jpg,24,23,024.Red_faced_Cormorant,44,43,horizontal_flip,horizontal_flip,0,"{""flipped"":true}",6.6059504,6.3008575,-0.30509281,0.0013522973,0.0018347306,0.020223791,0.023896696,-0.018871494,-0.022061965,-0.0031904719,0.62316083,0.96468621,54.414792,52.493199,False,0.9631775,False,False,False,0.62316083,0.96468621,54.414792,52.493199,0.48672582,0.94784526,46.347303,43.930071,0.96306604,1.0078348,28.51135,28.734731,0.48353497,1.5809686,6.3856933,10.09558,0.36646891,1.2079147,14.138849,17.078524,0.4037099,0.81927262,19.160674,15.697816,0.34833751,0.81996771,21.796641,17.872542,0.60412533,0.95448359,32.63684,31.151328
init,init,-1,,1332,024.Red_faced_Cormorant/Red_Faced_Cormorant_0036_796329.jpg,24,23,024.Red_faced_Cormorant,44,43,color_jitter,color_jitter,0,"{""brightness"":1.197173,""contrast"":1.22877,""hue"":-0.096109,""saturation"":1.006886}",6.6059504,6.2599621,-0.34598827,0.0013522973,0.0019113185,0.020223791,0.015986869,-0.018871494,-0.014075551,0.0047959429,0.74497076,1.0414077,54.414792,56.667983,False,0.93510962,False,False,False,0.74497076,1.0414077,54.414792,56.667983,0.67103058,1.0328321,46.347303,47.868982,0.93491354,1.063736,28.51135,30.328548,0.36313704,2.2701054,6.3856933,14.496197,0.45652199,1.062612,14.138849,15.02411,0.64882652,0.9750204,19.160674,18.682048,0.67386688,0.98505673,21.796641,21.470928,0.76805193,0.99075341,32.63684,32.335061
init,init,-1,,1332,024.Red_faced_Cormorant/Red_Faced_Cormorant_0036_796329.jpg,24,23,024.Red_faced_Cormorant,44,43,rotation,rotation,0,"{""angle"":-8.106606}",6.6059504,6.377985,-0.22796535,0.0013522973,0.0016985423,0.020223791,0.021286132,-0.018871494,-0.01958759,-0.00071609602,0.69769943,0.9919342,54.414792,53.975893,False,0.91891789,True,False,False,0.69769943,0.9919342,54.414792,53.975893,0.61411043,0.99208594,46.347303,45.980507,0.91870576,0.99153311,28.51135,28.269948,0.66405858,1.727618,6.3856933,11.032038,0.46936334,1.1199356,14.138849,15.8346,0.59830993,1.0420508,19.160674,19.966396,0.528408,0.90487074,21.796641,19.723143,0.69515762,0.94643436,32.63684,30.888627
init,init,-1,,1332,024.Red_faced_Cormorant/Red_Faced_Cormorant_0036_796329.jpg,24,23,024.Red_faced_Cormorant,44,43,random_resized_crop,random_resized_crop,0,"{""area_fraction"":0.532478,""aspect"":0.896379,""fallback"":false,""height"":0.770735,""left"":0.187076,""top"":0.081392,""width"":0.69087}",6.6059504,6.498786,-0.10716438,0.0013522973,0.001505265,0.020223791,0.013293669,-0.018871494,-0.011788404,0.0070830899,0.62626143,1.0035959,54.414792,54.610464,False,0.90117186,False,False,False,0.62626143,1.0035959,54.414792,54.610464,0.52042992,0.99851066,46.347303,46.278276,0.90093517,1.0169114,28.51135,28.993517,0.3824934,1.8077284,6.3856933,11.543599,0.36550012,1.1832285,14.138849,16.729489,0.53990403,0.99246571,19.160674,19.016312,0.41499867,0.9075978,21.796641,19.782583,0.61403589,0.95702393,32.63684,31.234237
init,init,-1,,1332,024.Red_faced_Cormorant/Red_Faced_Cormorant_0036_796329.jpg,24,23,024.Red_faced_Cormorant,44,43,gaussian_blur,gaussian_blur,0,"{""sigma"":1.877508}",6.6059504,6.4109101,-0.19504023,0.0013522973,0.0016435282,0.020223791,0.023717035,-0.018871494,-0.022073506,-0.0032020129,0.76033947,0.98847175,54.414792,53.787484,False,0.94922614,True,False,False,0.76033947,0.98847175,54.414792,53.787484,0.6895547,0.99092713,46.347303,45.9268,0.9491197,0.98195386,28.51135,27.996831,0.46172675,1.2255231,6.3856933,7.8258149,0.49586106,1.1811725,14.138849,16.70042,0.63401248,1.0314802,19.160674,19.763856,0.65529112,0.92477879,21.796641,20.157071,0.78576755,0.95536878,32.63684,31.180218
init,init,-1,,1332,024.Red_faced_Cormorant/Red_Faced_Cormorant_0036_796329.jpg,24,23,024.Red_faced_Cormorant,44,43,random_erasing,random_erasing,0,"{""area_fraction"":0.184219,""erased"":true,""height"":0.475261,""left"":0.508674,""top"":0.042699,""width"":0.387616}",6.6059504,6.4810457,-0.12490463,0.0013522973,0.0015322075,0.020223791,0.019035554,-0.018871494,-0.017503346,0.0013681474,0.57808823,0.98265426,54.414792,53.470927,False,0.82309234,True,False,False,0.57808823,0.98265426,54.414792,53.470927,0.49546484,1.0091491,46.347303,46.771338,0.82285143,0.90893272,28.51135,25.914899,0.49805239,1.7087548,6.3856933,10.911584,0.49011652,1.3163832,14.138849,18.612143,0.53515876,1.132168,19.160674,21.693102,0.37389263,0.90570748,21.796641,19.741381,0.55008342,0.89947221,32.63684,29.355931
init,init,-1,,3799,066.Western_Gull/Western_Gull_0080_53445.jpg,66,65,066.Western_Gull,2,1,identity,identity,0,{},5.1445336,5.1445336,0,0.0058311936,0.0058311936,0.019458154,0.019458154,-0.013626961,-0.013626961,0,1,1,39.861659,39.861659,False,1,True,False,False,1,1,39.861659,39.861659,1,1,32.428056,32.428056,1,1,23.181307,23.181307,1,1,8.2218433,8.2218433,1,1,12.542773,12.542773,1,1,11.959351,11.959351,1,1,13.490722,13.490722,1,1,22.397172,22.397172
init,init,-1,,3799,066.Western_Gull/Western_Gull_0080_53445.jpg,66,65,066.Western_Gull,2,1,horizontal_flip,horizontal_flip,0,"{""flipped"":true}",5.1445336,5.3528881,0.20835447,0.0058311936,0.0047344575,0.019458154,0.017198538,-0.013626961,-0.012464081,0.0011628796,0.68309951,0.96612173,39.861659,38.511214,False,0.97024673,True,False,False,0.68309951,0.96612173,39.861659,38.511214,0.52348165,0.9352744,32.428056,30.329131,0.97023679,1.023801,23.181307,23.733045,0.050068906,0.76423633,8.2218433,6.2834313,0.51524355,0.91939034,12.542773,11.531705,0.38018271,0.90322517,11.959351,10.801987,0.41297152,0.94806879,13.490722,12.790133,0.65562544,0.96499027,22.397172,21.613053
init,init,-1,,3799,066.Western_Gull/Western_Gull_0080_53445.jpg,66,65,066.Western_Gull,2,1,color_jitter,color_jitter,0,"{""brightness"":1.263109,""contrast"":1.36606,""hue"":-0.030434,""saturation"":1.391283}",5.1445336,5.3515291,0.20699549,0.0058311936,0.0047408976,0.019458154,0.017455319,-0.013626961,-0.012714421,0.0009125392,0.76951804,1.0637392,39.861659,42.40241,False,0.96474338,True,False,False,0.76951804,1.0637392,39.861659,42.40241,0.67202218,1.0716776,32.428056,34.752422,0.96473905,1.0480307,23.181307,24.294722,0.71857297,0.93428829,8.2218433,7.6815719,0.49950828,1.0452755,12.542773,13.110654,0.47047981,1.0892336,11.959351,13.026527,0.65817882,1.1286301,13.490722,15.226035,0.78427588,1.0709242,22.397172,23.985673
init,init,-1,,3799,066.Western_Gull/Western_Gull_0080_53445.jpg,66,65,066.Western_Gull,2,1,rotation,rotation,0,"{""angle"":-5.92186}",5.1445336,4.7295871,-0.41494656,0.0058311936,0.0088301171,0.019458154,0.021824513,-0.013626961,-0.012994396,0.000632565,0.7205234,1.1179268,39.861659,44.562417,False,0.93802881,True,False,False,0.7205234,1.1179268,39.861659,44.562417,0.60554867,1.1042819,32.428056,35.809716,0.93797115,1.1441577,23.181307,26.52307,0.79585404,0.95622469,8.2218433,7.8619296,0.55373261,1.0594691,12.542773,13.28868,0.47454668,1.3294622,11.959351,15.899504,0.49415103,1.0696315,13.490722,14.430102,0.6898161,1.0779766,22.397172,24.143627
init,init,-1,,3799,066.Western_Gull/Western_Gull_0080_53445.jpg,66,65,066.Western_Gull,2,1,random_resized_crop,random_resized_crop,0,"{""area_fraction"":0.547107,""aspect"":1.088839,""fallback"":false,""height"":0.70885,""left"":0.105232,""top"":0.059966,""width"":0.771823}",5.1445336,4.952836,-0.1916976,0.0058311936,0.0070633511,0.019458154,0.018078966,-0.013626961,-0.011015615,0.0026113456,0.67802702,1.2901856,39.861659,51.428937,False,0.94496864,False,False,False,0.67802702,1.2901856,39.861659,51.428937,0.55755256,1.3365583,32.428056,43.341989,0.94482825,1.194241,23.181307,27.684067,0.38443869,1.0585729,8.2218433,8.7034206,0.54454081,1.5421627,12.542773,19.342998,0.53087946,1.6314518,11.959351,19.511104,0.46405051,1.3255237,13.490722,17.882272,0.64229535,1.2048213,22.397172,26.98459
init,init,-1,,3799,066.Western_Gull/Western_Gull_0080_53445.jpg,66,65,066.Western_Gull,2,1,gaussian_blur,gaussian_blur,0,"{""sigma"":1.510184}",5.1445336,4.9370627,-0.20747089,0.0058311936,0.0071756439,0.019458154,0.021508679,-0.013626961,-0.014333035,-0.00070607429,0.73069807,1.1370282,39.861659,45.323832,False,0.94186831,True,False,False,0.73069807,1.1370282,39.861659,45.323832,0.630864,1.1635451,32.428056,37.731506,0.94180685,1.0832614,23.181307,25.111415,0.58954663,0.75728411,8.2218433,6.2262713,0.56620209,1.3239051,12.542773,16.605442,0.58282913,1.3940904,11.959351,16.672416,0.54443358,1.1126005,13.490722,15.009784,0.7207207,1.099021,22.397172,24.614961
init,init,-1,,3799,066.Western_Gull/Western_Gull_0080_53445.jpg,66,65,066.Western_Gull,2,1,random_erasing,random_erasing,0,"{""area_fraction"":0.150842,""erased"":true,""height"":0.223875,""left"":0.285105,""top"":0.713346,""width"":0.673777}",5.1445336,5.0344067,-0.11012697,0.0058311936,0.0065100598,0.019458154,0.031572703,-0.013626961,-0.025062643,-0.011435683,0.8283586,1.2099897,39.861659,48.232196,False,0.95021987,True,False,False,0.8283586,1.2099897,39.861659,48.232196,0.7710384,1.2377742,32.428056,40.138612,0.9500925,1.1536842,23.181307,26.743908,0.85697266,1.3247676,8.2218433,10.892031,0.72683277,1.2139423,12.542773,15.226203,0.72597145,1.3906237,11.959351,16.630956,0.74406341,1.2372266,13.490722,16.691081,0.80034374,1.1858809,22.397172,26.560378
init,init,-1,,861,016.Painted_Bunting/Painted_Bunting_0028_15205.jpg,16,15,016.Painted_Bunting,46,45,identity,identity,0,{},5.5662675,5.5662675,0,0.0038247292,0.0038247292,0.021639155,0.021639155,-0.017814426,-0.017814426,0,1,1,47.090607,47.090607,False,1,True,False,False,1,1,47.090607,47.090607,1,1,39.708739,39.708739,1,1,25.312869,25.312869,1,1,4.570818,4.570818,1,1,11.52036,11.52036,1,1,17.925767,17.925767,1,1,18.427244,18.427244,1,1,27.609354,27.609354
init,init,-1,,861,016.Painted_Bunting/Painted_Bunting_0028_15205.jpg,16,15,016.Painted_Bunting,46,45,horizontal_flip,horizontal_flip,0,"{""flipped"":true}",5.5662675,5.5455446,-0.020722866,0.0038247292,0.0039048146,0.021639155,0.025215613,-0.017814426,-0.021310798,-0.0034963721,0.682263,1.0363797,47.090607,48.80375,False,0.96766239,True,False,False,0.682263,1.0363797,47.090607,48.80375,0.55834713,1.0143744,39.708739,40.279529,0.96758789,1.0886395,25.312869,27.556588,0.16019989,1.314497,4.570818,6.0083267,0.20120849,1.1331044,11.52036,13.053771,0.54052856,0.93764117,17.925767,16.807937,0.51836505,0.97317667,18.427244,17.932964,0.66639839,1.0319993,27.609354,28.492834
init,init,-1,,861,016.Painted_Bunting/Painted_Bunting_0028_15205.jpg,16,15,016.Painted_Bunting,46,45,color_jitter,color_jitter,0,"{""brightness"":0.662524,""contrast"":1.307215,""hue"":-0.049374,""saturation"":1.264882}",5.5662675,6.1442866,0.57801914,0.0038247292,0.0021457062,0.021639155,0.01914553,-0.017814426,-0.016999824,0.00081460248,0.76067456,1.0891809,47.090607,51.290191,False,0.9411751,True,False,False,0.76067456,1.0891809,47.090607,51.290191,0.69694594,1.1239288,39.708739,44.629797,0.94110941,0.99853472,25.312869,25.275779,0.36296534,1.7630546,4.570818,8.0586015,0.49578301,1.3782414,11.52036,15.877838,0.70649844,1.1887844,17.925767,21.309872,0.69302715,1.0688018,18.427244,19.695072,0.76520185,1.0452137,27.609354,28.857676
init,init,-1,,861,016.Painted_Bunting/Painted_Bunting_0028_15205.jpg,16,15,016.Painted_Bunting,46,45,rotation,rotation,0,"{""angle"":0.67264}",5.5662675,5.6326056,0.066338062,0.0038247292,0.0035792384,0.021639155,0.023833077,-0.017814426,-0.020253839,-0.002439413,0.8469119,1.0389792,47.090607,48.926161,False,0.97591376,True,False,False,0.8469119,1.0389792,47.090607,48.926161,0.79423319,1.0374188,39.708739,41.194591,0.97588555,1.0428092,25.312869,26.396494,0.53422994,1.1412757,4.570818,5.2165634,0.66826339,1.189321,11.52036,13.701406,0.74152713,1.0123613,17.925767,18.147352,0.79317938,1.0316238,18.427244,19.009985,0.85222164,1.0188901,27.609354,28.130897
init,init,-1,,861,016.Painted_Bunting/Painted_Bunting_0028_15205.jpg,16,15,016.Painted_Bunting,46,45,random_resized_crop,random_resized_crop,0,"{""area_fraction"":0.61746,""aspect"":1.126331,""fallback"":false,""height"":0.740409,""left"":0.151067,""top"":0.185246,""width"":0.833945}",5.5662675,5.5080276,-0.058239937,0.0038247292,0.0040540961,0.021639155,0.023901843,-0.017814426,-0.019847746,-0.0020333205,0.6729705,1.0739995,47.090607,50.57529,False,0.93523157,True,False,False,0.6729705,1.0739995,47.090607,50.57529,0.56183738,1.0599904,39.708739,42.090881,0.93512939,1.10772,25.312869,28.039573,0.13996979,1.4303013,4.570818,6.537647,0.50504149,1.2719683,11.52036,14.653533,0.48450182,1.0355712,17.925767,18.563408,0.50526494,1.0036793,18.427244,18.495043,0.64991257,1.0419096,27.609354,28.766451
init,init,-1,,861,016.Painted_Bunting/Painted_Bunting_0028_15205.jpg,16,15,016.Painted_Bunting,46,45,gaussian_blur,gaussian_blur,0,"{""sigma"":1.598098}",5.5662675,5.6680374,0.10176992,0.0038247292,0.0034546391,0.021639155,0.020763217,-0.017814426,-0.017308577,0.00050584855,0.67934884,1.2355343,47.090607,58.182059,False,0.92568338,True,False,False,0.67934884,1.2355343,47.090607,58.182059,0.585645,1.2567367,39.708739,49.90343,0.9255072,1.1817389,25.312869,29.913202,0.21696948,1.9541337,4.570818,8.9319896,0.33946863,1.7122068,11.52036,19.725239,0.61551829,1.2773028,17.925767,22.896632,0.56420882,1.2087155,18.427244,22.273296,0.67573966,1.1460124,27.609354,31.640661
init,init,-1,,861,016.Painted_Bunting/Painted_Bunting_0028_15205.jpg,16,15,016.Painted_Bunting,46,45,random_erasing,random_erasing,0,"{""area_fraction"":0.182553,""erased"":true,""height"":0.325404,""left"":0.247809,""top"":0.429454,""width"":0.561003}",5.5662675,5.5481834,-0.018084049,0.0038247292,0.0038945263,0.021639155,0.020192219,-0.017814426,-0.016297693,0.0015167333,0.75103217,1.0478957,47.090607,49.346043,False,0.94279641,False,False,False,0.75103217,1.0478957,47.090607,49.346043,0.67251096,1.0454056,39.708739,41.511739,0.94270553,1.0539983,25.312869,26.679721,0.64327692,1.3719671,4.570818,6.2710119,0.57602813,1.138426,11.52036,13.115077,0.7519951,1.0089835,17.925767,18.086803,0.65100977,1.0317649,18.427244,19.012585,0.67053031,1.0392458,27.609354,28.692904
init,init,-1,,8361,143.Caspian_Tern/Caspian_Tern_0101_145164.jpg,143,142,143.Caspian_Tern,114,113,identity,identity,0,{},6.3565302,6.3565302,0,0.0017353776,0.0017353776,0.025255954,0.025255954,-0.023520576,-0.023520576,0,1,1,45.528995,45.528995,False,0.99999994,True,False,False,1,1,45.528995,45.528995,1,1,37.588587,37.588587,1,1,25.690222,25.690222,1,1,5.9082183,5.9082183,1,1,13.877791,13.877791,1,1,16.83084,16.83084,1,1,16.179786,16.179786,1,1,25.304922,25.304922
init,init,-1,,8361,143.Caspian_Tern/Caspian_Tern_0101_145164.jpg,143,142,143.Caspian_Tern,114,113,horizontal_flip,horizontal_flip,0,"{""flipped"":true}",6.3565302,6.5265932,0.17006302,0.0017353776,0.0014639844,0.025255954,0.023435179,-0.023520576,-0.021971195,0.0015493815,0.68155835,1.0188437,45.528995,46.38693,False,0.95882601,True,False,False,0.68155835,1.0188437,45.528995,46.38693,0.5470541,1.0058518,37.588587,37.808548,0.95877605,1.0461145,25.690222,26.874914,-0.19929089,1.0503354,5.9082183,6.2056109,0.32153526,0.97960354,13.877791,13.594733,0.5806774,0.90432185,16.83084,15.220496,0.4715131,0.98665027,16.179786,15.96379,0.66813992,1.0601244,25.304922,26.826365
init,init,-1,,8361,143.Caspian_Tern/Caspian_Tern_0101_145164.jpg,143,142,143.Caspian_Tern,114,113,color_jitter,color_jitter,0,"{""brightness"":1.228593,""contrast"":0.607968,""hue"":-0.075495,""saturation"":0.959277}",6.3565302,6.5093179,0.15278769,0.0017353776,0.0014894954,0.025255954,0.018994169,-0.023520576,-0.017504674,0.0060159024,0.75649664,0.96293009,45.528995,43.841239,False,0.94424891,True,False,False,0.75649664,0.96293009,45.528995,43.841239,0.67489886,0.98241987,37.588587,36.927775,0.94421085,0.91981902,25.690222,23.630355,0.50299035,0.92617097,5.9082183,5.4720202,0.45084886,0.9919264,13.877791,13.765747,0.66285957,1.0237838,16.83084,17.23114,0.6619377,0.9823379,16.179786,15.894017,0.7647915,0.96369638,25.304922,24.386262
init,init,-1,,8361,143.Caspian_Tern/Caspian_Tern_0101_145164.jpg,143,142,143.Caspian_Tern,114,113,rotation,rotation,0,"{""angle"":-9.252853}",6.3565302,6.4678831,0.11135292,0.0017353776,0.001552509,0.025255954,0.024843615,-0.023520576,-0.023291106,0.00022947078,0.71046879,1.1490942,45.528995,52.317104,False,0.93005264,True,False,False,0.71046879,1.1490942,45.528995,52.317104,0.60789747,1.1488979,37.588587,43.18545,0.92993591,1.1495142,25.690222,29.531276,0.69570086,1.155,5.9082183,6.8239924,0.48558402,1.0681855,13.877791,14.824055,0.52970224,1.1283206,16.83084,18.990583,0.53697296,1.0711218,16.179786,17.330521,0.69555207,1.2100993,25.304922,30.62147
init,init,-1,,8361,143.Caspian_Tern/Caspian_Tern_0101_145164.jpg,143,142,143.Caspian_Tern,114,113,random_resized_crop,random_resized_crop,0,"{""area_fraction"":0.629094,""aspect"":0.932128,""fallback"":false,""height"":0.821524,""left"":0.232923,""top"":0.09267,""width"":0.765765}",6.3565302,6.4047337,0.048203468,0.0017353776,0.0016537108,0.025255954,0.014862192,-0.023520576,-0.013208481,0.010312095,0.75691715,1.0019308,45.528995,45.6169,False,0.9556393,False,False,False,0.75691715,1.0019308,45.528995,45.6169,0.66818367,1.0151162,37.588587,38.156783,0.95554638,0.97310289,25.690222,24.99923,0.65989088,1.4939652,5.9082183,8.8266723,0.49745792,0.90370546,13.877791,12.541435,0.68298621,0.96322509,16.83084,16.211887,0.61428166,1.0016893,16.179786,16.207118,0.73425142,1.0419919,25.304922,26.367525
init,init,-1,,8361,143.Caspian_Tern/Caspian_Tern_0101_145164.jpg,143,142,143.Caspian_Tern,114,113,gaussian_blur,gaussian_blur,0,"{""sigma"":1.375936}",6.3565302,6.1273475,-0.22918272,0.0017353776,0.0021823619,0.025255954,0.013492237,-0.023520576,-0.011309875,0.012210701,0.73082468,0.99097582,45.528995,45.118133,False,0.92308283,False,False,False,0.73082468,0.99097582,45.528995,45.118133,0.64462115,1.0029201,37.588587,37.698351,0.92301561,0.96490846,25.690222,24.788713,0.58936939,1.4570539,5.9082183,8.6085927,0.46545875,0.92346238,13.877791,12.815618,0.62318385,0.96960444,16.83084,16.319257,0.61707793,1.0469609,16.179786,16.939603,0.72511467,0.99153923,25.304922,25.090823
init,init,-1,,8361,143.Caspian_Tern/Caspian_Tern_0101_145164.jpg,143,142,143.Caspian_Tern,114,113,random_erasing,random_erasing,0,"{""area_fraction"":0.089848,""erased"":true,""height"":0.261058,""left"":0.381827,""top"":0.176654,""width"":0.34417}",6.3565302,6.3147407,-0.041789532,0.0017353776,0.001809435,0.025255954,0.021979395,-0.023520576,-0.02016996,0.003350616,0.87421285,1.0495196,45.528995,47.783574,False,0.97685426,True,False,False,0.87421285,1.0495196,45.528995,47.783574,0.82811781,1.0611494,37.588587,39.887106,0.97683418,1.0241788,25.690222,26.31138,0.80769787,1.5703063,5.9082183,9.2777121,0.78783896,1.0661818,13.877791,14.796247,0.84886766,1.066154,16.83084,17.944267,0.78163027,1.0186611,16.179786,16.481718,0.85718555,1.0398061,25.304922,26.312213
init,init,-1,,1973,035.Purple_Finch/Purple_Finch_0134_27526.jpg,35,34,035.Purple_Finch,129,128,identity,identity,0,{},5.298048,5.298048,0,0.005001347,0.005001347,0.033575587,0.033575587,-0.02857424,-0.02857424,0,1,1,43.318418,43.318418,False,0.99999994,True,False,False,1,1,43.318418,43.318418,1,1,31.672833,31.672833,1,1,29.551936,29.551936,1,1,3.4128714,3.4128714,1,1,8.2346196,8.2346196,1,1,11.550767,11.550767,1,1,12.564424,12.564424,1,1,25.148096,25.148096
init,init,-1,,1973,035.Purple_Finch/Purple_Finch_0134_27526.jpg,35,34,035.Purple_Finch,129,128,horizontal_flip,horizontal_flip,0,"{""flipped"":true}",5.298048,5.1224546,-0.17559338,0.005001347,0.0059613716,0.033575587,0.042136781,-0.02857424,-0.036175409,-0.0076011694,0.76652801,1.0944338,43.318418,47.40914,False,0.97384882,True,False,False,0.76652801,1.0944338,43.318418,47.40914,0.59698354,1.1236942,31.672833,35.590579,0.97373872,1.0598263,29.551936,31.319918,0.23375789,1.4498695,3.4128714,4.9482181,0.34736792,1.2578324,8.2346196,10.357771,0.49783976,1.1797122,11.550767,13.626581,0.40271345,1.1463096,12.564424,14.402719,0.71268618,1.0830238,25.148096,27.235987
init,init,-1,,1973,035.Purple_Finch/Purple_Finch_0134_27526.jpg,35,34,035.Purple_Finch,129,128,color_jitter,color_jitter,0,"{""brightness"":1.33967,""contrast"":1.206209,""hue"":-0.07596,""saturation"":1.347234}",5.298048,5.0341763,-0.26387167,0.005001347,0.0065115606,0.033575587,0.02415988,-0.02857424,-0.01764832,0.01092592,0.73242698,1.056956,43.318418,45.785661,False,0.92519164,False,False,False,0.73242698,1.056956,43.318418,45.785661,0.57934589,1.0967481,31.672833,34.737119,0.92490581,1.0093131,29.551936,29.827157,0.16445046,1.4651054,3.4128714,5.0002162,0.29395112,1.1774083,8.2346196,9.6955096,0.5507608,1.14267,11.550767,13.198715,0.44014765,1.1434284,12.564424,14.366519,0.66953289,1.0573599,25.148096,26.590589
init,init,-1,,1973,035.Purple_Finch/Purple_Finch_0134_27526.jpg,35,34,035.Purple_Finch,129,128,rotation,rotation,0,"{""angle"":-11.879495}",5.298048,5.410296,0.11224794,0.005001347,0.0044703172,0.033575587,0.033765107,-0.02857424,-0.02929479,-0.00072055031,0.76081035,1.0704151,43.318418,46.368687,False,0.9639101,True,False,False,0.76081035,1.0704151,43.318418,46.368687,0.61475011,1.1467857,31.672833,36.321951,0.96381549,0.97533708,29.551936,28.823099,0.40959309,1.5762336,3.4128714,5.3794825,0.38815471,1.4416901,8.2346196,11.87177,0.57095143,1.3354328,11.550767,15.425273,0.47808648,1.1855856,12.564424,14.896201,0.71253776,1.0442013,25.148096,26.259675
init,init,-1,,1973,035.Purple_Finch/Purple_Finch_0134_27526.jpg,35,34,035.Purple_Finch,129,128,random_resized_crop,random_resized_crop,0,"{""area_fraction"":0.606105,""aspect"":0.862266,""fallback"":false,""height"":0.838404,""left"":0.266572,""top"":0.021676,""width"":0.722927}",5.298048,5.5525098,0.25446177,0.005001347,0.0038777124,0.033575587,0.033838931,-0.02857424,-0.029961219,-0.0013869791,0.79142224,1.1153587,43.318418,48.315573,False,0.96408463,True,False,False,0.79142224,1.1153587,43.318418,48.315573,0.65334347,1.1542364,31.672833,36.557937,0.96397607,1.0689568,29.551936,31.589742,0.38969966,2.0042142,3.4128714,6.8401255,0.53441067,1.3928004,8.2346196,11.469182,0.61758181,1.3088411,11.550767,15.118118,0.46742771,1.102956,12.564424,13.858007,0.74337066,1.0799186,25.148096,27.157898
init,init,-1,,1973,035.Purple_Finch/Purple_Finch_0134_27526.jpg,35,34,035.Purple_Finch,129,128,gaussian_blur,gaussian_blur,0,"{""sigma"":1.782156}",5.298048,5.7422304,0.4441824,0.005001347,0.003207606,0.033575587,0.047243625,-0.02857424,-0.044036019,-0.015461779,0.73210378,1.2965084,43.318418,56.16269,False,0.93507075,True,False,False,0.73210378,1.2965084,43.318418,56.16269,0.5808533,1.3741427,31.672833,43.522993,0.93462961,1.2011542,29.551936,35.496434,0.23835205,2.6771859,3.4128714,9.1368914,0.44150835,2.0357637,8.2346196,16.76374,0.56295789,1.6355486,11.550767,18.891841,0.43846323,1.3037643,12.564424,16.381048,0.68652,1.1959151,25.148096,30.074987
init,init,-1,,1973,035.Purple_Finch/Purple_Finch_0134_27526.jpg,35,34,035.Purple_Finch,129,128,random_erasing,random_erasing,0,"{""area_fraction"":0.130414,""erased"":true,""height"":0.429107,""left"":0.089344,""top"":0.000885,""width"":0.303918}",5.298048,5.2700891,-0.02795887,0.005001347,0.0051431512,0.033575587,0.040799927,-0.02857424,-0.035656776,-0.0070825359,0.90006449,1.0981981,43.318418,47.572206,False,0.98793137,True,False,False,0.90006449,1.0981981,43.318418,47.572206,0.8272618,1.1201433,31.672833,35.478113,0.98787722,1.0724359,29.551936,31.692558,0.68014751,1.2551785,3.4128714,4.2837629,0.69626409,1.2366321,8.2346196,10.183195,0.74998716,1.1506451,11.550767,13.290833,0.74100441,1.1460513,12.564424,14.399474,0.88713341,1.0909216,25.148096,27.434601
init,init,-1,,1837,033.Yellow_billed_Cuckoo/Yellow_Billed_Cuckoo_0097_26713.jpg,33,32,033.Yellow_billed_Cuckoo,4,3,identity,identity,0,{},6.0163193,6.0163193,0,0.0024386288,0.0024386288,0.023787227,0.023787227,-0.021348598,-0.021348598,0,1,1,56.539052,56.539052,False,0.99999994,True,False,False,1,1,56.539052,56.539052,1,1,49.516888,49.516888,1,1,27.289965,27.289965,1,1,8.8436877,8.8436877,1,1,17.942858,17.942858,1,1,24.326466,24.326466,1,1,23.068934,23.068934,1,1,30.460015,30.460015
init,init,-1,,1837,033.Yellow_billed_Cuckoo/Yellow_Billed_Cuckoo_0097_26713.jpg,33,32,033.Yellow_billed_Cuckoo,4,3,horizontal_flip,horizontal_flip,0,"{""flipped"":true}",6.0163193,6.1099257,0.093606472,0.0024386288,0.0022207161,0.023787227,0.018411485,-0.021348598,-0.016190769,0.0051578283,0.65017264,0.89041565,56.539052,50.343257,False,0.94327724,False,False,False,0.65017264,0.89041565,56.539052,50.343257,0.55033325,0.86143372,49.516888,42.655517,0.9431743,0.97979443,27.289965,26.738556,0.67368628,0.96041938,8.8436877,8.4936491,0.50447716,0.88043772,17.942858,15.797569,0.49437627,0.75950973,24.326466,18.476188,0.41471496,0.81080539,23.068934,18.704416,0.65619068,0.93237168,30.460015,28.400056
init,init,-1,,1837,033.Yellow_billed_Cuckoo/Yellow_Billed_Cuckoo_0097_26713.jpg,33,32,033.Yellow_billed_Cuckoo,4,3,color_jitter,color_jitter,0,"{""brightness"":1.362076,""contrast"":1.218716,""hue"":0.070342,""saturation"":0.98155}",6.0163193,6.4007626,0.38444328,0.0024386288,0.0016602908,0.023787227,0.019624639,-0.021348598,-0.017964349,0.0033842492,0.55200447,0.93558797,56.539052,52.897257,False,0.85285479,False,False,False,0.55200447,0.93558797,56.539052,52.897257,0.46052923,0.93521086,49.516888,46.308731,0.85264994,0.93682848,27.289965,25.566016,0.36288448,1.1829888,8.8436877,10.461983,0.29925071,0.87778507,17.942858,15.749972,0.4571984,0.80169486,24.326466,19.502403,0.38609366,0.94037058,23.068934,21.693347,0.56631274,1.0044234,30.460015,30.594752
init,init,-1,,1837,033.Yellow_billed_Cuckoo/Yellow_Billed_Cuckoo_0097_26713.jpg,33,32,033.Yellow_billed_Cuckoo,4,3,rotation,rotation,0,"{""angle"":-1.658042}",6.0163193,6.0542316,0.037912369,0.0024386288,0.0023479052,0.023787227,0.025033046,-0.021348598,-0.02268514,-0.0013365427,0.77604215,0.95474598,56.539052,53.980432,False,0.97030777,True,False,False,0.77604215,0.95474598,56.539052,53.980432,0.71654719,0.95281412,49.516888,47.18039,0.97025573,0.9610788,27.289965,26.227807,0.3083788,1.0003937,8.8436877,8.8471694,0.62124046,0.98230939,17.942858,17.625437,0.66910623,0.92786304,24.326466,22.571629,0.68849281,0.9565955,23.068934,22.067638,0.83286205,0.95184229,30.460015,28.993131
init,init,-1,,1837,033.Yellow_billed_Cuckoo/Yellow_Billed_Cuckoo_0097_26713.jpg,33,32,033.Yellow_billed_Cuckoo,4,3,random_resized_crop,random_resized_crop,0,"{""area_fraction"":0.553981,""aspect"":0.773337,""fallback"":false,""height"":0.846375,""left"":0.11015,""top"":0.136618,""width"":0.654533}",6.0163193,5.8325739,-0.18374538,0.0024386288,0.0029305238,0.023787227,0.02298978,-0.021348598,-0.020059256,0.0012893418,0.66118747,0.94374976,56.539052,53.358716,False,0.92696911,False,False,False,0.66118747,0.94374976,56.539052,53.358716,0.57287156,0.92035961,49.516888,45.573344,0.92679734,1.0169632,27.289965,27.752891,0.48844519,0.98068283,8.8436877,8.6728527,0.44833469,0.87498591,17.942858,15.699747,0.55153596,0.84880022,24.326466,20.64831,0.50649484,0.93004774,23.068934,21.45521,0.66981285,0.96753661,30.460015,29.47118
init,init,-1,,1837,033.Yellow_billed_Cuckoo/Yellow_Billed_Cuckoo_0097_26713.jpg,33,32,033.Yellow_billed_Cuckoo,4,3,gaussian_blur,gaussian_blur,0,"{""sigma"":1.126798}",6.0163193,5.9634342,-0.052885056,0.0024386288,0.0025710671,0.023787227,0.018871935,-0.021348598,-0.016300868,0.0050477297,0.5865629,0.97933546,56.539052,55.370698,False,0.88260001,False,False,False,0.5865629,0.97933546,56.539052,55.370698,0.51079932,1.0107488,49.516888,50.049136,0.88245441,0.86791609,27.289965,23.6854,0.14595215,1.0761553,8.8436877,9.5171817,0.33145228,1.1102306,17.942858,19.92071,0.49320974,1.091831,24.326466,26.560389,0.4960466,1.0067306,23.068934,23.224203,0.65041821,0.91258138,30.460015,27.797243
init,init,-1,,1837,033.Yellow_billed_Cuckoo/Yellow_Billed_Cuckoo_0097_26713.jpg,33,32,033.Yellow_billed_Cuckoo,4,3,random_erasing,random_erasing,0,"{""area_fraction"":0.074743,""erased"":true,""height"":0.375881,""left"":0.268477,""top"":0.544156,""width"":0.198847}",6.0163193,6.1400223,0.123703,0.0024386288,0.0021548751,0.023787227,0.021478517,-0.021348598,-0.019323642,0.0020249558,0.75126928,1.12566,56.539052,63.643751,False,0.94027019,True,False,False,0.75126928,1.12566,56.539052,63.643751,0.70116396,1.1535485,49.516888,57.120132,0.94017863,1.0285132,27.289965,28.068088,0.71383764,1.0298063,8.8436877,9.1072851,0.6243467,1.100088,17.942858,19.738723,0.73931405,1.2309813,24.326466,29.945424,0.65031723,1.1583521,23.068934,26.721949,0.73142701,1.1274384,30.460015,34.341791
init,init,-1,,4840,083.White_breasted_Kingfisher/White_Breasted_Kingfisher_0074_73408.jpg,83,82,083.White_breasted_Kingfisher,4,3,identity,identity,0,{},6.2490005,6.2490005,0,0.0019323843,0.0019323843,0.027127007,0.027127007,-0.025194623,-0.025194623,0,1,1,53.316928,53.316928,False,1,True,False,False,1,1,53.316928,53.316928,1,1,43.482147,43.482147,1,1,30.85446,30.85446,1,1,7.2515738,7.2515738,1,1,13.547566,13.547566,1,1,15.882427,15.882427,1,1,18.967156,18.967156,1,1,32.288864,32.288864
init,init,-1,,4840,083.White_breasted_Kingfisher/White_Breasted_Kingfisher_0074_73408.jpg,83,82,083.White_breasted_Kingfisher,4,3,horizontal_flip,horizontal_flip,0,"{""flipped"":true}",6.2490005,6.0274591,-0.2215414,0.0019323843,0.0024116144,0.027127007,0.029191742,-0.025194623,-0.026780127,-0.0015855046,0.68903074,0.95908827,53.316928,51.13564,False,0.95706379,True,False,False,0.68903074,0.95908827,53.316928,51.13564,0.5549604,0.96100529,43.482147,41.786573,0.95690559,0.9552696,30.85446,29.474328,0.24147544,0.96018689,7.2515738,6.9628661,0.28901633,0.93113197,13.547566,12.614572,0.37918402,0.9442358,15.882427,14.996757,0.42962814,1.0064808,18.967156,19.090078,0.70456395,0.95415819,32.288864,30.808684
init,init,-1,,4840,083.White_breasted_Kingfisher/White_Breasted_Kingfisher_0074_73408.jpg,83,82,083.White_breasted_Kingfisher,4,3,color_jitter,color_jitter,0,"{""brightness"":1.021979,""contrast"":0.722407,""hue"":-0.098743,""saturation"":0.994786}",6.2490005,6.0959492,-0.15305138,0.0019323843,0.002251972,0.027127007,0.035879988,-0.025194623,-0.033628016,-0.0084333936,0.70783396,1.0200921,53.316928,54.388178,False,0.92281413,True,False,False,0.70783396,1.0200921,53.316928,54.388178,0.59995735,1.0208263,43.482147,44.387719,0.92254277,1.0186325,30.85446,31.429354,0.24040999,0.72830643,7.2515738,5.2813678,0.32318726,0.88829101,13.547566,12.034181,0.42601653,1.0028024,15.882427,15.926937,0.49943241,1.0552506,18.967156,20.015103,0.73156686,1.0471869,32.288864,33.812477
init,init,-1,,4840,083.White_breasted_Kingfisher/White_Breasted_Kingfisher_0074_73408.jpg,83,82,083.White_breasted_Kingfisher,4,3,rotation,rotation,0,"{""angle"":12.349149}",6.2490005,5.5379786,-0.7110219,0.0019323843,0.0039344719,0.027127007,0.028342526,-0.025194623,-0.024408055,0.00078656815,0.73440498,0.89656862,53.316928,47.802285,False,0.93356305,True,False,False,0.73440498,0.89656862,53.316928,47.802285,0.63001935,0.88323705,43.482147,38.405043,0.93335474,0.92247443,30.85446,28.46245,0.52990682,0.87083438,7.2515738,6.3149198,0.51239507,0.79900616,13.547566,10.824589,0.53425454,0.89016738,15.882427,14.138019,0.5183203,0.98041935,18.967156,18.595767,0.7243148,0.86062767,32.288864,27.78869
init,init,-1,,4840,083.White_breasted_Kingfisher/White_Breasted_Kingfisher_0074_73408.jpg,83,82,083.White_breasted_Kingfisher,4,3,random_resized_crop,random_resized_crop,0,"{""area_fraction"":0.732499,""aspect"":1.307661,""fallback"":false,""height"":0.748438,""left"":0.006097,""top"":0.107132,""width"":0.978704}",6.2490005,5.8705339,-0.37846661,0.0019323843,0.0028213672,0.027127007,0.031847298,-0.025194623,-0.029025931,-0.0038313082,0.7639838,0.92215508,53.316928,49.166476,False,0.95736688,True,False,False,0.7639838,0.92215508,53.316928,49.166476,0.66254699,0.90823877,43.482147,39.492172,0.95723604,0.9491885,30.85446,29.286699,0.52686766,0.96219126,7.2515738,6.9774009,0.43071398,0.94077715,13.547566,12.74524,0.54333951,0.92492812,15.882427,14.690104,0.56699765,0.92662947,18.967156,17.575526,0.77789392,0.88891506,32.288864,28.702057
init,init,-1,,4840,083.White_breasted_Kingfisher/White_Breasted_Kingfisher_0074_73408.jpg,83,82,083.White_breasted_Kingfisher,4,3,gaussian_blur,gaussian_blur,0,"{""sigma"":1.310556}",6.2490005,5.8788691,-0.37013149,0.0019323843,0.0027979473,0.027127007,0.040343657,-0.025194623,-0.03754571,-0.012351087,0.68129502,1.0098056,53.316928,53.83973,False,0.92309946,True,False,False,0.68129502,1.0098056,53.316928,53.83973,0.56408828,1.0215719,43.482147,44.420138,0.92275158,0.98602107,30.85446,30.423148,0.44963855,0.82386067,7.2515738,5.9742865,0.37140487,1.1212081,13.547566,15.18964,0.43146244,1.0832782,15.882427,17.205087,0.46070877,1.0843862,18.967156,20.567723,0.68586877,0.9733219,32.288864,31.427458
init,init,-1,,4840,083.White_breasted_Kingfisher/White_Breasted_Kingfisher_0074_73408.jpg,83,82,083.White_breasted_Kingfisher,4,3,random_erasing,random_erasing,0,"{""area_fraction"":0.126766,""erased"":true,""height"":0.42848,""left"":0.339544,""top"":0.056128,""width"":0.295849}",6.2490005,5.7684917,-0.4805088,0.0019323843,0.0031244669,0.027127007,0.033183075,-0.025194623,-0.030058609,-0.0048639859,0.76068846,0.9546671,53.316928,50.899917,False,0.94429386,True,False,False,0.76068846,0.9546671,53.316928,50.899917,0.6645038,0.94028545,43.482147,40.88563,0.9439699,0.98260555,30.85446,30.317764,0.66175219,0.85814686,7.2515738,6.2229153,0.5778574,0.90329064,13.547566,12.23739,0.55962665,0.94060518,15.882427,14.939093,0.57657711,0.97723661,18.967156,18.535399,0.73680883,0.93754957,32.288864,30.27241
init,init,-1,,8917,152.Blue_headed_Vireo/Blue_Headed_Vireo_0031_156056.jpg,152,151,152.Blue_headed_Vireo,129,128,identity,identity,0,{},5.7001247,5.7001247,0,0.0033455472,0.0033455472,0.032824405,0.032824405,-0.029478857,-0.029478857,0,1,1,48.657425,48.657425,False,1.0000001,True,False,False,1,1,48.657425,48.657425,1,1,39.485187,39.485187,1,1,28.43352,28.43352,1,1,5.3397681,5.3397681,1,1,16.582378,16.582378,1,1,14.91976,14.91976,1,1,17.736324,17.736324,1,1,26.803268,26.803268
init,init,-1,,8917,152.Blue_headed_Vireo/Blue_Headed_Vireo_0031_156056.jpg,152,151,152.Blue_headed_Vireo,129,128,horizontal_flip,horizontal_flip,0,"{""flipped"":true}",5.7001247,5.8303776,0.13025284,0.0033455472,0.002936967,0.032824405,0.031782441,-0.029478857,-0.028845474,0.0006333834,0.6984893,0.97884259,48.657425,47.62796,False,0.96404117,True,False,False,0.6984893,0.97884259,48.657425,47.62796,0.55562554,0.96573078,39.485187,38.13206,0.96392319,1.0036444,28.43352,28.537144,0.2874511,1.0455597,5.3397681,5.5830462,0.55068552,0.81442812,16.582378,13.505155,0.3776954,0.9215284,14.91976,13.748982,0.41505012,0.94411081,17.736324,16.745055,0.67708808,1.0359939,26.803268,27.768022
init,init,-1,,8917,152.Blue_headed_Vireo/Blue_Headed_Vireo_0031_156056.jpg,152,151,152.Blue_headed_Vireo,129,128,color_jitter,color_jitter,0,"{""brightness"":1.159483,""contrast"":0.778887,""hue"":-0.070882,""saturation"":1.350364}",5.7001247,5.6180696,-0.082055092,0.0033455472,0.0036316442,0.032824405,0.034406785,-0.029478857,-0.030775141,-0.0012962834,0.84468602,1.0088444,48.657425,49.087769,False,0.96443391,True,False,False,0.84468602,1.0088444,48.657425,49.087769,0.78153689,1.0024175,39.485187,39.580643,0.96432916,1.0211239,28.43352,29.034148,0.3442698,1.0154637,5.3397681,5.4223409,0.72811356,0.95702963,16.582378,15.869827,0.76178021,0.98592202,14.91976,14.70972,0.75468636,0.98763475,17.736324,17.517009,0.83543648,1.0299905,26.803268,27.607112
init,init,-1,,8917,152.Blue_headed_Vireo/Blue_Headed_Vireo_0031_156056.jpg,152,151,152.Blue_headed_Vireo,129,128,rotation,rotation,0,"{""angle"":0.708749}",5.7001247,5.6754365,-0.024688244,0.0033455472,0.0034291723,0.032824405,0.036105815,-0.029478857,-0.032676643,-0.0031977857,0.87499561,0.98489928,48.657425,47.922663,False,0.98575497,True,False,False,0.87499561,0.98489928,48.657425,47.922663,0.8149232,0.96689123,39.485187,38.177881,0.98571886,1.0187284,28.43352,28.966033,0.67555443,1.3568427,5.3397681,7.2452254,0.78512841,0.86071077,16.582378,14.272631,0.6940253,0.96569811,14.91976,14.407984,0.79461324,0.94500137,17.736324,16.76085,0.88189395,0.99610749,26.803268,26.698936
init,init,-1,,8917,152.Blue_headed_Vireo/Blue_Headed_Vireo_0031_156056.jpg,152,151,152.Blue_headed_Vireo,129,128,random_resized_crop,random_resized_crop,0,"{""area_fraction"":0.714932,""aspect"":0.868555,""fallback"":false,""height"":0.907264,""left"":0.186204,""top"":0.009791,""width"":0.788009}",5.7001247,5.9846964,0.28457165,0.0033455472,0.002516978,0.032824405,0.033472374,-0.029478857,-0.030955396,-0.0014765388,0.71741831,1.1848727,48.657425,57.652853,False,0.94467002,False,False,False,0.71741831,1.1848727,48.657425,57.652853,0.60265898,1.1948889,39.485187,47.180412,0.94449163,1.1653138,28.43352,33.133973,0.096971538,1.9855991,5.3397681,10.602639,0.48956315,1.0270002,16.582378,17.030105,0.53071079,1.3367077,14.91976,19.943358,0.56367077,1.1363289,17.736324,20.154296,0.72390054,1.1913268,26.803268,31.931452
init,init,-1,,8917,152.Blue_headed_Vireo/Blue_Headed_Vireo_0031_156056.jpg,152,151,152.Blue_headed_Vireo,129,128,gaussian_blur,gaussian_blur,0,"{""sigma"":1.909932}",5.7001247,5.5521212,-0.14800358,0.0033455472,0.0038792202,0.032824405,0.030473121,-0.029478857,-0.0265939,0.002884957,0.69953475,1.0796798,48.657425,52.53444,False,0.91067111,False,False,False,0.69953475,1.0796798,48.657425,52.53444,0.60049982,1.1115177,39.485187,43.888482,0.91052165,1.0154676,28.43352,28.873318,0.30225598,1.2615339,5.3397681,6.7362984,0.67772701,1.126449,16.582378,18.679202,0.44980673,1.1821365,14.91976,17.637192,0.5476203,1.1466221,17.736324,20.336861,0.66174906,1.0600255,26.803268,28.412147
init,init,-1,,8917,152.Blue_headed_Vireo/Blue_Headed_Vireo_0031_156056.jpg,152,151,152.Blue_headed_Vireo,129,128,random_erasing,random_erasing,0,"{""area_fraction"":0.160246,""erased"":true,""height"":0.221184,""left"":0.126439,""top"":0.525134,""width"":0.724495}",5.7001247,6.2290449,0.52892017,0.0033455472,0.0019713331,0.032824405,0.041470807,-0.029478857,-0.039499474,-0.010020617,0.72635729,1.2258429,48.657425,59.646359,False,0.95095319,False,False,False,0.72635729,1.2258429,48.657425,59.646359,0.62900072,1.2844671,39.485187,50.717424,0.95054777,1.1040341,28.43352,31.391576,0.3979441,1.9551548,5.3397681,10.440073,0.58329053,1.2442828,16.582378,20.633167,0.5149369,1.4217526,14.91976,21.212207,0.54823606,1.2505116,17.736324,22.179477,0.74305284,1.2349451,26.803268,33.100565
init,init,-1,,2827,049.Boat_tailed_Grackle/Boat_Tailed_Grackle_0067_34032.jpg,49,48,049.Boat_tailed_Grackle,58,57,identity,identity,0,{},5.8579683,5.8579683,0,0.0028570422,0.0028570422,0.023675278,0.023675278,-0.020818236,-0.020818236,0,1,1,55.39861,55.39861,False,1,True,False,False,1,1,55.39861,55.39861,1,1,47.726129,47.726129,1,1,28.12868,28.12868,1,1,8.1306054,8.1306054,1,1,16.877907,16.877907,1,1,22.114776,22.114776,1,1,21.190197,21.190197,1,1,31.443999,31.443999
init,init,-1,,2827,049.Boat_tailed_Grackle/Boat_Tailed_Grackle_0067_34032.jpg,49,48,049.Boat_tailed_Grackle,58,57,horizontal_flip,horizontal_flip,0,"{""flipped"":true}",5.8579683,5.9511938,0.093225479,0.0028570422,0.0026027323,0.023675278,0.020139396,-0.020818236,-0.017536664,0.0032815717,0.66297332,0.95877986,55.39861,53.115071,False,0.96140552,False,False,False,0.66297332,0.95877986,55.39861,53.115071,0.56303552,0.96729817,47.726129,46.165397,0.9612969,0.93382346,28.12868,26.267221,0.048287221,1.2617069,8.1306054,10.258441,0.44104796,0.98142654,16.877907,16.564426,0.56608993,0.91866461,22.114776,20.316062,0.48881865,0.99461005,21.190197,21.075983,0.68105781,0.95125769,31.443999,29.911346
init,init,-1,,2827,049.Boat_tailed_Grackle/Boat_Tailed_Grackle_0067_34032.jpg,49,48,049.Boat_tailed_Grackle,58,57,color_jitter,color_jitter,0,"{""brightness"":1.264688,""contrast"":0.747241,""hue"":0.031255,""saturation"":0.655545}",5.8579683,5.6539173,-0.20405102,0.0028570422,0.0035037638,0.023675278,0.0261216,-0.020818236,-0.022617836,-0.0017996002,0.87183912,1.0271489,55.39861,56.902621,False,0.97474396,True,False,False,0.87183912,1.0271489,55.39861,56.902621,0.83628859,1.0283364,47.726129,49.078515,0.97465031,1.0237226,28.12868,28.795965,0.79603869,1.1033112,8.1306054,8.9705876,0.78667339,1.0489265,16.877907,17.703684,0.83138366,1.0723416,22.114776,23.714595,0.79264806,1.0152899,21.190197,21.514192,0.87789822,1.0004253,31.443999,31.457372
init,init,-1,,2827,049.Boat_tailed_Grackle/Boat_Tailed_Grackle_0067_34032.jpg,49,48,049.Boat_tailed_Grackle,58,57,rotation,rotation,0,"{""angle"":-13.413294}",5.8579683,5.5410056,-0.31696272,0.0028570422,0.0039225798,0.023675278,0.012962236,-0.020818236,-0.0090396563,0.011778579,0.66081854,0.93614881,55.39861,51.861343,False,0.91248465,False,False,False,0.66081854,0.93614881,55.39861,51.861343,0.58120127,0.95567599,47.726129,45.610715,0.91226291,0.87751091,28.12868,24.683223,0.22438625,0.97220091,8.1306054,7.904582,0.42257241,0.93686889,16.877907,15.812386,0.56686104,0.99708384,22.114776,22.050286,0.54887627,0.99190035,21.190197,21.018564,0.67719758,0.92163182,31.443999,28.97979
init,init,-1,,2827,049.Boat_tailed_Grackle/Boat_Tailed_Grackle_0067_34032.jpg,49,48,049.Boat_tailed_Grackle,58,57,random_resized_crop,random_resized_crop,0,"{""area_fraction"":0.63994,""aspect"":0.893425,""fallback"":false,""height"":0.846332,""left"":0.207811,""top"":0.072464,""width"":0.756134}",5.8579683,5.8542385,-0.0037298203,0.0028570422,0.0028677189,0.023675278,0.025412334,-0.020818236,-0.022544615,-0.0017263796,0.65846759,1.069088,55.39861,59.225991,False,0.92720348,False,False,False,0.65846759,1.069088,55.39861,59.225991,0.56751695,1.0758355,47.726129,51.345464,0.92703999,1.0494211,28.12868,29.51883,0.07536389,1.2632696,8.1306054,10.271146,0.34002708,1.01166,16.877907,17.074703,0.5446431,1.1275186,22.114776,24.934822,0.57239715,1.0879842,21.190197,23.054599,0.68174979,1.0480647,31.443999,32.955346
init,init,-1,,2827,049.Boat_tailed_Grackle/Boat_Tailed_Grackle_0067_34032.jpg,49,48,049.Boat_tailed_Grackle,58,57,gaussian_blur,gaussian_blur,0,"{""sigma"":1.665209}",5.8579683,5.5936027,-0.26436567,0.0028570422,0.0037215957,0.023675278,0.022173665,-0.020818236,-0.01845207,0.0023661659,0.58094749,1.0100205,55.39861,55.953732,False,0.8840009,True,False,False,0.58094749,1.0100205,55.39861,55.953732,0.49674852,1.0547534,47.726129,50.339295,0.88387456,0.8684727,28.12868,24.42899,0.27703761,1.0847111,8.1306054,8.8193578,0.31842935,1.3872887,16.877907,23.414528,0.40212265,1.0922654,22.114776,24.155206,0.48787061,1.044716,21.190197,22.137738,0.66502663,0.918687,31.443999,28.887194
init,init,-1,,2827,049.Boat_tailed_Grackle/Boat_Tailed_Grackle_0067_34032.jpg,49,48,049.Boat_tailed_Grackle,58,57,random_erasing,random_erasing,0,"{""area_fraction"":0.138082,""erased"":true,""height"":0.537757,""left"":0.039083,""top"":0.33006,""width"":0.256774}",5.8579683,6.0012574,0.14328909,0.0028570422,0.002475637,0.023675278,0.038236007,-0.020818236,-0.03576037,-0.014942134,0.78836356,1.0469243,55.39861,57.998151,False,0.93592888,True,False,False,0.78836356,1.0469243,55.39861,57.998151,0.7362592,1.0417097,47.726129,49.716773,0.93563134,1.0617931,28.12868,29.866837,0.79184687,1.1517961,8.1306054,9.3647996,0.62485151,0.97750428,16.877907,16.498226,0.72977772,1.0106407,22.114776,22.350092,0.699431,1.048316,21.190197,22.214022,0.78224844,1.0637839,31.443999,33.449622
init,init,-1,,5699,098.Scott_Oriole/Scott_Oriole_0068_795804.jpg,98,97,098.Scott_Oriole,129,128,identity,identity,0,{},4.7994528,4.7994528,0,0.0082342494,0.0082342494,0.029539555,0.029539555,-0.021305306,-0.021305306,0,1,1,46.730618,46.730618,False,1,True,False,False,1,1,46.730618,46.730618,1,1,38.358245,38.358245,1,1,26.690742,26.690742,1,1,6.0857575,6.0857575,1,1,13.943102,13.943102,1,1,15.120031,15.120031,1,1,16.198615,16.198615,1,1,27.365999,27.365999
init,init,-1,,5699,098.Scott_Oriole/Scott_Oriole_0068_795804.jpg,98,97,098.Scott_Oriole,129,128,horizontal_flip,horizontal_flip,0,"{""flipped"":true}",4.7994528,5.0274343,0.22798157,0.0082342494,0.0065556066,0.029539555,0.025844295,-0.021305306,-0.019288688,0.0020166179,0.66168664,1.0466008,46.730618,48.908302,False,0.96570796,True,False,False,0.66168664,1.0466008,46.730618,48.908302,0.51791625,1.0543579,38.358245,40.44332,0.96564892,1.0303947,26.690742,27.501999,0.21490762,1.4086088,6.0857575,8.5724514,0.48441289,1.0329077,13.943102,14.401937,0.33044831,0.98163257,15.120031,14.842315,0.3585926,1.0690325,16.198615,17.316846,0.65803141,1.0556642,27.365999,28.889305
init,init,-1,,5699,098.Scott_Oriole/Scott_Oriole_0068_795804.jpg,98,97,098.Scott_Oriole,129,128,color_jitter,color_jitter,0,"{""brightness"":1.106978,""contrast"":1.153796,""hue"":-0.029376,""saturation"":1.357136}",4.7994528,5.0802388,0.28078604,0.0082342494,0.0062184241,0.029539555,0.033673152,-0.021305306,-0.027454728,-0.0061494224,0.80944023,1.0748687,46.730618,50.229279,False,0.9593156,True,False,False,0.80944023,1.0748687,46.730618,50.229279,0.74313399,1.1011297,38.358245,42.237401,0.95920017,1.0184892,26.690742,27.184232,0.59794718,1.3224195,6.0857575,8.0479245,0.69034981,1.0394243,13.943102,14.4928,0.65225822,1.0359054,15.120031,15.662921,0.66580406,1.1445725,16.198615,18.54049,0.82010511,1.1084313,27.365999,30.333329
init,init,-1,,5699,098.Scott_Oriole/Scott_Oriole_0068_795804.jpg,98,97,098.Scott_Oriole,129,128,rotation,rotation,0,"{""angle"":2.6107}",4.7994528,4.8008523,0.0013995171,0.0082342494,0.0082227364,0.029539555,0.031299472,-0.021305306,-0.023076735,-0.0017714296,0.80682861,1.0516754,46.730618,49.145441,False,0.97783113,True,False,False,0.80682861,1.0516754,46.730618,49.145441,0.72905185,1.0706727,38.358245,41.069125,0.9777957,1.0113101,26.690742,26.992617,0.13240564,1.1404564,6.0857575,6.9405413,0.66998574,1.0113851,13.943102,14.101846,0.65638846,1.1176196,15.120031,16.898443,0.66172476,1.159315,16.198615,18.779297,0.82891262,1.0344724,27.365999,28.309371
init,init,-1,,5699,098.Scott_Oriole/Scott_Oriole_0068_795804.jpg,98,97,098.Scott_Oriole,129,128,random_resized_crop,random_resized_crop,0,"{""area_fraction"":0.792522,""aspect"":0.822307,""fallback"":false,""height"":0.981722,""left"":0.062355,""top"":0.006348,""width"":0.807277}",4.7994528,4.977417,0.17796421,0.0082342494,0.0068918406,0.029539555,0.030392935,-0.021305306,-0.023501095,-0.002195789,0.7383124,1.1442276,46.730618,53.470465,False,0.97001886,False,False,False,0.7383124,1.1442276,46.730618,53.470465,0.63871193,1.1815623,38.358245,45.322656,0.96985037,1.0629751,26.690742,28.371595,0.53509819,1.3944956,6.0857575,8.4865622,0.50034364,1.2749416,13.943102,17.776641,0.54991008,1.2228431,15.120031,18.489426,0.51410341,1.1788442,16.198615,19.095643,0.76202086,1.131973,27.365999,30.977573
init,init,-1,,5699,098.Scott_Oriole/Scott_Oriole_0068_795804.jpg,98,97,098.Scott_Oriole,129,128,gaussian_blur,gaussian_blur,0,"{""sigma"":1.727876}",4.7994528,4.8703737,0.070920944,0.0082342494,0.0076704994,0.029539555,0.020384904,-0.021305306,-0.012714405,0.0085909013,0.59941611,1.3900699,46.730618,64.958826,False,0.91157091,False,False,False,0.59941611,1.3900699,46.730618,64.958826,0.50125208,1.5183692,38.358245,58.241977,0.91135266,1.077777,26.690742,28.766669,-0.014172793,2.4682703,6.0857575,15.021295,0.50979427,1.8088888,13.943102,25.221522,0.44963616,1.8509959,15.120031,27.987115,0.44651243,1.6743681,16.198615,27.122444,0.63814827,1.162151,27.365999,31.803424
init,init,-1,,5699,098.Scott_Oriole/Scott_Oriole_0068_795804.jpg,98,97,098.Scott_Oriole,129,128,random_erasing,random_erasing,0,"{""area_fraction"":0.095718,""erased"":true,""height"":0.451693,""left"":0.710607,""top"":0.287569,""width"":0.21191}",4.7994528,5.026814,0.2273612,0.0082342494,0.006559676,0.029539555,0.032935724,-0.021305306,-0.026376048,-0.0050707418,0.88105419,1.0986143,46.730618,51.338924,False,0.97580719,True,False,False,0.88105419,1.0986143,46.730618,51.338924,0.836074,1.1050158,38.358245,42.386467,0.97574157,1.0852732,26.690742,28.966748,0.70010415,0.95299239,6.0857575,5.7996806,0.86353933,1.1144233,13.943102,15.538518,0.81755603,1.1140438,15.120031,16.844377,0.77299099,1.127105,16.198615,18.257539,0.86355561,1.0989638,27.365999,30.074242
init,init,-1,,8653,148.Green_tailed_Towhee/Green_Tailed_Towhee_0074_154915.jpg,148,147,148.Green_tailed_Towhee,129,128,identity,identity,0,{},5.0171618,5.0171618,0,0.0066232984,0.0066232984,0.034792349,0.034792349,-0.02816905,-0.02816905,0,1,1,58.322835,58.322835,False,1,True,False,False,1,1,58.322835,58.322835,1,1,50.359048,50.359048,1,1,29.41971,29.41971,1,1,6.0589628,6.0589628,1,1,18.723559,18.723559,1,1,23.779816,23.779816,1,1,21.274815,21.274815,1,1,33.625193,33.625193
init,init,-1,,8653,148.Green_tailed_Towhee/Green_Tailed_Towhee_0074_154915.jpg,148,147,148.Green_tailed_Towhee,129,128,horizontal_flip,horizontal_flip,0,"{""flipped"":true}",5.0171618,4.8909798,-0.12618208,0.0066232984,0.0075140558,0.034792349,0.032616094,-0.02816905,-0.025102038,0.0030670124,0.63383775,1.0382575,58.322835,60.554118,False,0.95771313,True,False,False,0.63383775,1.0382575,58.322835,60.554118,0.5324013,1.0585409,50.359048,53.307113,0.95762968,0.9764024,29.41971,28.725476,0.15850053,1.4714322,6.0589628,8.9153528,0.26834899,1.0071822,18.723559,18.858035,0.46275389,1.0794048,23.779816,25.668047,0.47246669,1.0835798,21.274815,23.052959,0.69221351,1.0371628,33.625193,34.874801
init,init,-1,,8653,148.Green_tailed_Towhee/Green_Tailed_Towhee_0074_154915.jpg,148,147,148.Green_tailed_Towhee,129,128,color_jitter,color_jitter,0,"{""brightness"":1.25199,""contrast"":1.031941,""hue"":-0.078995,""saturation"":1.075311}",5.0171618,5.3604951,0.34333324,0.0066232984,0.0046985792,0.034792349,0.034370463,-0.02816905,-0.029671884,-0.0015028338,0.72703129,1.1860606,58.322835,69.174419,False,0.91649675,True,False,False,0.72703129,1.1860606,58.322835,69.174419,0.66280159,1.1874039,50.359048,59.796531,0.9160762,1.1821159,29.41971,34.777508,0.42394,1.4210068,6.0589628,8.6098276,0.52215255,1.1359323,18.723559,21.268696,0.64617704,1.290407,23.779816,30.685641,0.62940724,1.1863349,21.274815,25.239057,0.74169023,1.1404354,33.625193,38.34736
init,init,-1,,8653,148.Green_tailed_Towhee/Green_Tailed_Towhee_0074_154915.jpg,148,147,148.Green_tailed_Towhee,129,128,rotation,rotation,0,"{""angle"":2.924128}",5.0171618,4.8600597,-0.15710211,0.0066232984,0.0077500232,0.034792349,0.03233026,-0.02816905,-0.024580237,0.0035888138,0.76086656,1.059389,58.322835,61.786572,False,0.94352186,True,False,False,0.76086656,1.059389,58.322835,61.786572,0.70588202,1.0862143,50.359048,54.700716,0.94336473,0.97655572,29.41971,28.729986,0.51903025,1.2188221,6.0589628,7.3847977,0.60581907,1.0404055,18.723559,19.480093,0.70450276,1.1436656,23.779816,27.196157,0.65735476,1.1754492,21.274815,25.007465,0.77051482,1.0272676,33.625193,34.542073
init,init,-1,,8653,148.Green_tailed_Towhee/Green_Tailed_Towhee_0074_154915.jpg,148,147,148.Green_tailed_Towhee,129,128,random_resized_crop,random_resized_crop,0,"{""area_fraction"":0.878505,""aspect"":0.981876,""fallback"":false,""height"":0.945897,""left"":0.019917,""top"":0.043171,""width"":0.928753}",5.0171618,4.7880073,-0.22915459,0.0066232984,0.0083290385,0.034792349,0.043197446,-0.02816905,-0.034868407,-0.0066993567,0.70777187,1.0452652,58.322835,60.962831,False,0.92013854,True,False,False,0.70777187,1.0452652,58.322835,60.962831,0.64220128,1.0676703,50.359048,53.766861,0.91994274,0.97666178,29.41971,28.733106,0.3287286,1.389718,6.0589628,8.4202498,0.42637353,1.0010514,18.723559,18.743244,0.68584107,1.0473158,23.779816,24.904976,0.59830455,1.1530884,21.274815,24.531744,0.71934245,1.0500234,33.625193,35.307241
init,init,-1,,8653,148.Green_tailed_Towhee/Green_Tailed_Towhee_0074_154915.jpg,148,147,148.Green_tailed_Towhee,129,128,gaussian_blur,gaussian_blur,0,"{""sigma"":1.998696}",5.0171618,5.0627589,0.045597076,0.0066232984,0.0063280761,0.034792349,0.031901132,-0.02816905,-0.025573056,0.0025959942,0.56015857,1.0894604,58.322835,63.540419,False,0.86292833,True,False,False,0.56015857,1.0894604,58.322835,63.540419,0.47637532,1.1348144,50.359048,57.148174,0.86263217,0.94410746,29.41971,27.775368,-0.030784681,1.5705963,6.0589628,9.5161848,0.304339,1.2152721,18.723559,22.754219,0.44971358,1.2457956,23.779816,29.624789,0.41394188,1.2641781,21.274815,26.895156,0.63075624,0.96670828,33.625193,32.505753
init,init,-1,,8653,148.Green_tailed_Towhee/Green_Tailed_Towhee_0074_154915.jpg,148,147,148.Green_tailed_Towhee,129,128,random_erasing,random_erasing,0,"{""area_fraction"":0.164864,""erased"":true,""height"":0.508902,""left"":0.331642,""top"":0.066766,""width"":0.323959}",5.0171618,5.0596085,0.042446613,0.0066232984,0.0063480469,0.034792349,0.029680375,-0.02816905,-0.023332328,0.0048367223,0.68990193,1.1282393,58.322835,65.802117,False,0.92532527,False,False,False,0.68990193,1.1282393,58.322835,65.802117,0.61516685,1.1462352,50.359048,57.723314,0.92477297,1.0737751,29.41971,31.590151,0.45870898,1.3648698,6.0589628,8.2696953,0.56844757,1.158679,18.723559,21.694594,0.57656539,1.1591512,23.779816,27.564402,0.53747027,1.2166401,21.274815,25.883793,0.693076,1.0980202,33.625193,36.921142
init,init,-1,,7111,122.Harris_Sparrow/Harris_Sparrow_0081_116574.jpg,122,121,122.Harris_Sparrow,129,128,identity,identity,0,{},4.9693131,4.9693131,0,0.0069479188,0.0069479188,0.025801841,0.025801841,-0.018853922,-0.018853922,0,1,1,46.175603,46.175603,False,1,True,False,False,1,1,46.175603,46.175603,1,1,37.475412,37.475412,1,1,26.977395,26.977395,1,1,7.2664371,7.2664371,1,1,12.933544,12.933544,1,1,16.575378,16.575378,1,1,15.393142,15.393142,1,1,25.935243,25.935243
init,init,-1,,7111,122.Harris_Sparrow/Harris_Sparrow_0081_116574.jpg,122,121,122.Harris_Sparrow,129,128,horizontal_flip,horizontal_flip,0,"{""flipped"":true}",4.9693131,4.9790468,0.0097336769,0.0069479188,0.0068806158,0.025801841,0.024553968,-0.018853922,-0.017673352,0.0011805706,0.66096122,1.0977652,46.175603,50.68997,False,0.96109951,True,False,False,0.66096122,1.0977652,46.175603,50.68997,0.52831247,1.147635,37.475412,43.008096,0.96103644,0.99448649,26.977395,26.828655,0.16634522,1.1162015,7.2664371,8.1108079,0.21543698,1.2172145,12.933544,15.742898,0.5237186,1.2683266,16.575378,21.022992,0.44815586,1.1442203,15.393142,17.613145,0.6800884,1.0795316,25.935243,27.997914
init,init,-1,,7111,122.Harris_Sparrow/Harris_Sparrow_0081_116574.jpg,122,121,122.Harris_Sparrow,129,128,color_jitter,color_jitter,0,"{""brightness"":0.631475,""contrast"":0.869491,""hue"":0.033738,""saturation"":0.972895}",4.9693131,4.9353771,-0.033936024,0.0069479188,0.0071877493,0.025801841,0.031812873,-0.018853922,-0.024625123,-0.0057712011,0.73983681,1.2875188,46.175603,59.451957,False,0.96131533,True,False,False,0.73983681,1.2875188,46.175603,59.451957,0.65286756,1.3732213,37.475412,51.462033,0.96119595,1.10348,26.977395,29.769017,0.39422891,2.2855334,7.2664371,16.607685,0.46993236,1.8273519,12.933544,23.634136,0.67154192,1.4580292,16.575378,24.167385,0.6216637,1.2496237,15.393142,19.235635,0.80838686,1.1306518,25.935243,29.323729
init,init,-1,,7111,122.Harris_Sparrow/Harris_Sparrow_0081_116574.jpg,122,121,122.Harris_Sparrow,129,128,rotation,rotation,0,"{""angle"":-14.485897}",4.9693131,4.7861571,-0.18315601,0.0069479188,0.0083444631,0.025801841,0.025607631,-0.018853922,-0.017263168,0.0015907548,0.60726355,1.1847654,46.175603,54.707256,False,0.90173292,False,False,False,0.60726355,1.1847654,46.175603,54.707256,0.48023094,1.2454895,37.475412,46.675231,0.90153299,1.0577767,26.977395,28.53606,0.17992272,1.2956178,7.2664371,9.4145255,0.42586573,1.3102333,12.933544,16.94596,0.36905923,1.3547554,16.575378,22.455583,0.37209736,1.3562219,15.393142,20.876517,0.62672901,1.132501,25.935243,29.371689
init,init,-1,,7111,122.Harris_Sparrow/Harris_Sparrow_0081_116574.jpg,122,121,122.Harris_Sparrow,129,128,random_resized_crop,random_resized_crop,0,"{""area_fraction"":0.613956,""aspect"":0.953477,""fallback"":false,""height"":0.802441,""left"":0.211264,""top"":0.197048,""width"":0.76511}",4.9693131,4.604424,-0.36488914,0.0069479188,0.010007463,0.025801841,0.031939875,-0.018853922,-0.021932412,-0.0030784896,0.6790498,1.1317844,46.175603,52.260828,False,0.94658518,True,False,False,0.6790498,1.1317844,46.175603,52.260828,0.55121561,1.1599881,37.475412,43.471033,0.94648803,1.0752702,26.977395,29.007989,0.13815098,0.90031536,7.2664371,6.5420849,0.22825641,1.4497421,12.933544,18.750304,0.54280499,1.1038738,16.575378,18.297125,0.49844968,1.1979514,15.393142,18.440237,0.71334329,1.1044782,25.935243,28.64491
init,init,-1,,7111,122.Harris_Sparrow/Harris_Sparrow_0081_116574.jpg,122,121,122.Harris_Sparrow,129,128,gaussian_blur,gaussian_blur,0,"{""sigma"":1.067149}",4.9693131,4.9696093,0.00029611588,0.0069479188,0.0069458606,0.025801841,0.028573198,-0.018853922,-0.021627338,-0.0027734153,0.70494264,1.2228929,46.175603,56.467818,False,0.95078862,True,False,False,0.70494264,1.2228929,46.175603,56.467818,0.6036142,1.2951377,37.475412,48.535817,0.95069911,1.0697777,26.977395,28.859815,0.57871873,1.7498002,7.2664371,12.714813,0.33559034,1.4375184,12.933544,18.592208,0.57887362,1.4578726,16.575378,24.16479,0.55224319,1.3919259,15.393142,21.426114,0.74692024,1.0942293,25.935243,28.379102
init,init,-1,,7111,122.Harris_Sparrow/Harris_Sparrow_0081_116574.jpg,122,121,122.Harris_Sparrow,129,128,random_erasing,random_erasing,0,"{""area_fraction"":0.143397,""erased"":true,""height"":0.226363,""left"":0.318863,""top"":0.040682,""width"":0.633482}",4.9693131,5.0913272,0.12201405,0.0069479188,0.0061498531,0.025801841,0.034264818,-0.018853922,-0.028114965,-0.0092610423,0.79831028,1.1335971,46.175603,52.34453,False,0.95451868,True,False,False,0.79831028,1.1335971,46.175603,52.34453,0.73285425,1.1916788,37.475412,44.658652,0.95442463,1.012138,26.977395,27.304846,0.78079857,1.4924013,7.2664371,10.84444,0.6250594,1.2627646,12.933544,16.332022,0.7205087,1.2901141,16.575378,21.384129,0.67919465,1.2401968,15.393142,19.090526,0.79371164,1.0825887,25.935243,28.077202
init,init,-1,,6416,110.Geococcyx/Geococcyx_0106_104216.jpg,110,109,110.Geococcyx,129,128,identity,identity,0,{},5.6343317,5.6343317,0,0.0035730649,0.0035730649,0.026988845,0.026988845,-0.02341578,-0.02341578,0,1,1,50.963268,50.963268,False,1,True,False,False,1,1,50.963268,50.963268,1,1,42.073251,42.073251,1,1,28.75928,28.75928,1,1,6.1734446,6.1734446,1,1,12.840483,12.840483,1,1,15.741088,15.741088,1,1,17.447506,17.447506,1,1,31.858621,31.858621
init,init,-1,,6416,110.Geococcyx/Geococcyx_0106_104216.jpg,110,109,110.Geococcyx,129,128,horizontal_flip,horizontal_flip,0,"{""flipped"":true}",5.6343317,5.1466899,-0.48764181,0.0035730649,0.0058186338,0.026988845,0.024379738,-0.02341578,-0.018561104,0.0048546765,0.70570756,0.99436539,50.963268,50.67611,False,0.95525861,False,False,False,0.70570756,0.99436539,50.963268,50.67611,0.60105977,1.0238437,42.073251,43.076435,0.95515932,0.92813473,28.75928,26.692487,0.62785029,1.1325904,6.1734446,6.9919838,0.59133787,1.0133577,12.840483,13.012002,0.54226608,1.1937293,15.741088,18.790598,0.43229809,1.1051893,17.447506,19.282798,0.68332708,0.94815962,31.858621,30.207058
init,init,-1,,6416,110.Geococcyx/Geococcyx_0106_104216.jpg,110,109,110.Geococcyx,129,128,color_jitter,color_jitter,0,"{""brightness"":1.277459,""contrast"":1.018756,""hue"":-0.034075,""saturation"":0.643314}",5.6343317,5.5752039,-0.059127808,0.0035730649,0.0037907036,0.026988845,0.032637537,-0.02341578,-0.028846833,-0.0054310525,0.86643609,1.0250856,50.963268,52.241712,False,0.98260128,True,False,False,0.86643609,1.0250856,50.963268,52.241712,0.8177887,1.0525439,42.073251,44.283943,0.98251133,0.9636937,28.75928,27.715137,0.58268186,1.2654139,6.1734446,7.8119623,0.69935044,1.0898712,12.840483,13.994472,0.75324412,1.0777862,15.741088,16.965528,0.77774694,1.1036467,17.447506,19.255883,0.88088383,1.0149651,31.858621,32.33539
init,init,-1,,6416,110.Geococcyx/Geococcyx_0106_104216.jpg,110,109,110.Geococcyx,129,128,rotation,rotation,0,"{""angle"":5.579203}",5.6343317,5.2080488,-0.42628288,0.0035730649,0.0054723425,0.026988845,0.031733301,-0.02341578,-0.026260958,-0.0028451777,0.78921807,1.0484325,50.963268,53.431549,False,0.96221137,True,False,False,0.78921807,1.0484325,50.963268,53.431549,0.71216594,1.0628216,42.073251,44.716361,0.96209444,1.016953,28.75928,29.246837,0.71930839,1.0981472,6.1734446,6.7793511,0.54186352,1.0654188,12.840483,13.680491,0.62848416,1.1117689,15.741088,17.500453,0.63827184,1.1383666,17.447506,19.861658,0.78867258,1.0246786,31.858621,32.644849
init,init,-1,,6416,110.Geococcyx/Geococcyx_0106_104216.jpg,110,109,110.Geococcyx,129,128,random_resized_crop,random_resized_crop,0,"{""area_fraction"":0.658122,""aspect"":0.756239,""fallback"":false,""height"":0.932875,""left"":0.04241,""top"":0.013709,""width"":0.705477}",5.6343317,5.4776139,-0.15671778,0.0035730649,0.0041792896,0.026988845,0.025875935,-0.02341578,-0.021696646,0.0017191346,0.7701418,0.97574781,50.963268,49.727297,False,0.95956725,False,False,False,0.7701418,0.97574781,50.963268,49.727297,0.67939421,0.96736165,42.073251,40.70005,0.95944318,0.99345809,28.75928,28.57114,0.74202949,1.069333,6.1734446,6.6014679,0.40161089,0.9675171,12.840483,12.423386,0.62517659,1.0029752,15.741088,15.78792,0.57021448,0.96506154,17.447506,16.837917,0.7697763,0.95506224,31.858621,30.426966
init,init,-1,,6416,110.Geococcyx/Geococcyx_0106_104216.jpg,110,109,110.Geococcyx,129,128,gaussian_blur,gaussian_blur,0,"{""sigma"":1.485685}",5.6343317,5.6680622,0.033730507,0.0035730649,0.0034545532,0.026988845,0.02124363,-0.02341578,-0.017789077,0.0056267036,0.64274555,1.0279169,50.963268,52.386006,False,0.88116217,False,False,False,0.64274555,1.0279169,50.963268,52.386006,0.55111748,1.0778362,42.073251,45.348075,0.88096186,0.91194264,28.75928,26.226814,0.61746248,1.3094721,6.1734446,8.0839532,0.18357237,1.3095989,12.840483,16.815882,0.53232314,1.2258584,15.741088,19.296346,0.52312355,1.122439,17.447506,19.583761,0.65154777,0.96871127,31.858621,30.861805
init,init,-1,,6416,110.Geococcyx/Geococcyx_0106_104216.jpg,110,109,110.Geococcyx,129,128,random_erasing,random_erasing,0,"{""area_fraction"":0.087886,""erased"":true,""height"":0.275259,""left"":0.200298,""top"":0.659906,""width"":0.319285}",5.6343317,5.7720823,0.13775063,0.0035730649,0.0031132684,0.026988845,0.030853629,-0.02341578,-0.027740361,-0.0043245803,0.83539617,1.0058172,50.963268,51.25973,False,0.96533251,True,False,False,0.83539617,1.0058172,50.963268,51.25973,0.77444033,1.0042153,42.073251,42.250604,0.96521234,1.0092369,28.75928,29.024928,0.77406927,0.87243021,6.1734446,5.3858995,0.67213716,0.91590142,12.840483,11.760616,0.61305795,0.99018062,15.741088,15.58652,0.72194634,1.0620116,17.447506,18.529455,0.84597527,1.0081158,31.858621,32.117179
init,init,-1,,2343,041.Scissor_tailed_Flycatcher/Scissor_Tailed_Flycatcher_0126_41905.jpg,41,40,041.Scissor_tailed_Flycatcher,129,128,identity,identity,0,{},5.0069613,5.0069613,0,0.0066912058,0.0066912058,0.034871239,0.034871239,-0.028180033,-0.028180033,0,1,1,58.051256,58.051256,False,0.99999988,True,False,False,1,1,58.051256,58.051256,1,1,49.506193,49.506193,1,1,30.316418,30.316418,1,1,8.8548138,8.8548138,1,1,20.832187,20.832187,1,1,22.267709,22.267709,1,1,21.261692,21.261692,1,1,31.473243,31.473243
init,init,-1,,2343,041.Scissor_tailed_Flycatcher/Scissor_Tailed_Flycatcher_0126_41905.jpg,41,40,041.Scissor_tailed_Flycatcher,129,128,horizontal_flip,horizontal_flip,0,"{""flipped"":true}",5.0069613,4.8437247,-0.16323662,0.0066912058,0.0078776553,0.034871239,0.027571624,-0.028180033,-0.019693969,0.0084860646,0.69174594,0.91120819,58.051256,52.89678,False,0.95993578,True,False,False,0.69174594,0.91120819,58.051256,52.89678,0.58971306,0.90734794,49.506193,44.919342,0.95973338,0.92142301,30.316418,27.934245,0.53569194,0.76072695,8.8548138,6.7360955,0.50218479,0.81938052,20.832187,17.069488,0.6002493,0.95380559,22.267709,21.239065,0.47812828,0.90019228,21.261692,19.139611,0.67295489,0.93370648,31.473243,29.386771
init,init,-1,,2343,041.Scissor_tailed_Flycatcher/Scissor_Tailed_Flycatcher_0126_41905.jpg,41,40,041.Scissor_tailed_Flycatcher,129,128,color_jitter,color_jitter,0,"{""brightness"":1.366771,""contrast"":0.660324,""hue"":-0.052442,""saturation"":1.189437}",5.0069613,5.2349763,0.22801495,0.0066912058,0.0053269514,0.034871239,0.02972104,-0.028180033,-0.024394089,0.0037859445,0.76976404,1.0433948,58.051256,60.570378,False,0.93386221,False,False,False,0.76976404,1.0433948,58.051256,60.570378,0.71006805,1.0510444,49.506193,52.033209,0.93357118,1.0227163,30.316418,31.005094,0.58764475,1.1600289,8.8548138,10.271839,0.60748376,1.1340059,20.832187,23.623823,0.72824136,1.1039742,22.267709,24.582975,0.69387202,1.0109748,21.261692,21.495034,0.77330378,0.99338341,31.473243,31.264997
init,init,-1,,2343,041.Scissor_tailed_Flycatcher/Scissor_Tailed_Flycatcher_0126_41905.jpg,41,40,041.Scissor_tailed_Flycatcher,129,128,rotation,rotation,0,"{""angle"":-8.672316}",5.0069613,5.0007124,-0.006248951,0.0066912058,0.006733147,0.034871239,0.024673572,-0.028180033,-0.017940425,0.010239609,0.67821558,0.98801078,58.051256,57.355267,False,0.94700301,False,False,False,0.67821558,0.98801078,58.051256,57.355267,0.57680156,0.98612137,49.506193,48.819115,0.94677972,0.99303159,30.316418,30.105161,0.35919798,0.78337117,8.8548138,6.9366058,0.46901702,0.8377557,20.832187,17.452284,0.46612473,1.0145319,22.267709,22.591302,0.51256719,1.0069642,21.261692,21.409763,0.71533877,1.035363,31.473243,32.586231
init,init,-1,,2343,041.Scissor_tailed_Flycatcher/Scissor_Tailed_Flycatcher_0126_41905.jpg,41,40,041.Scissor_tailed_Flycatcher,129,128,random_resized_crop,random_resized_crop,0,"{""area_fraction"":0.8261,""aspect"":1.008059,""fallback"":false,""height"":0.90526,""left"":0.072082,""top"":0.002382,""width"":0.912555}",5.0069613,4.9538784,-0.053082943,0.0066912058,0.0070559927,0.034871239,0.03245331,-0.028180033,-0.025397317,0.0027827164,0.73893655,0.92319489,58.051256,53.592623,False,0.97283983,True,False,False,0.73893655,0.92319489,58.051256,53.592623,0.64370921,0.89872157,49.506193,44.492283,0.97273951,0.9854895,30.316418,29.876512,0.29596052,0.73523838,8.8548138,6.5103989,0.4492376,0.79988397,20.832187,16.663333,0.5982324,0.8766549,22.267709,19.521096,0.58074613,0.91107373,21.261692,19.370969,0.78828835,0.95488565,31.473243,30.053348
init,init,-1,,2343,041.Scissor_tailed_Flycatcher/Scissor_Tailed_Flycatcher_0126_41905.jpg,41,40,041.Scissor_tailed_Flycatcher,129,128,gaussian_blur,gaussian_blur,0,"{""sigma"":1.863019}",5.0069613,6.2127891,1.2058277,0.0066912058,0.0020036416,0.034871239,0.021801099,-0.028180033,-0.019797458,0.0083825758,0.49999648,0.98677826,58.051256,57.283718,False,0.78852791,True,False,False,0.49999648,0.98677826,58.051256,57.283718,0.42528359,1.0544287,49.506193,52.200753,0.78811492,0.77813855,30.316418,23.590374,0.022300607,0.87277282,8.8548138,7.7282407,0.28029538,1.0762214,20.832187,22.420046,0.3736138,1.1868329,22.267709,26.42805,0.47424186,1.1782077,21.261692,25.050689,0.54283061,0.91897971,31.473243,28.923272
init,init,-1,,2343,041.Scissor_tailed_Flycatcher/Scissor_Tailed_Flycatcher_0126_41905.jpg,41,40,041.Scissor_tailed_Flycatcher,129,128,random_erasing,random_erasing,0,"{""area_fraction"":0.16325,""erased"":true,""height"":0.240357,""left"":0.065307,""top"":0.376423,""width"":0.679195}",5.0069613,6.6784439,1.6714826,0.0066912058,0.0012577334,0.034871239,0.020377191,-0.028180033,-0.019119457,0.0090605761,0.49726093,1.0817435,58.051256,62.796569,False,0.78326881,False,False,False,0.49726093,1.0817435,58.051256,62.796569,0.40537217,1.1196488,49.506193,55.429552,0.78276036,0.97347473,30.316418,29.512267,-0.10894343,0.88217076,8.8548138,7.8114578,0.35087008,1.190323,20.832187,24.797032,0.41142936,1.0834768,22.267709,24.126545,0.36761234,1.1395574,21.261692,24.228918,0.47908376,1.1131413,31.473243,35.034167
init,init,-1,,7633,131.Vesper_Sparrow/Vesper_Sparrow_0087_125712.jpg,131,130,131.Vesper_Sparrow,129,128,identity,identity,0,{},5.5472889,5.5472889,0,0.0038980108,0.0038980108,0.022299098,0.022299098,-0.018401087,-0.018401087,0,1,1,37.686252,37.686252,False,1.0000001,True,False,False,1,1,37.686252,37.686252,1,1,29.545327,29.545327,1,1,23.395027,23.395027,1,1,3.0069282,3.0069282,1,1,10.155957,10.155957,1,1,12.060839,12.060839,1,1,12.682802,12.682802,1,1,21.317221,21.317221
init,init,-1,,7633,131.Vesper_Sparrow/Vesper_Sparrow_0087_125712.jpg,131,130,131.Vesper_Sparrow,129,128,horizontal_flip,horizontal_flip,0,"{""flipped"":true}",5.5472889,5.597312,0.050023079,0.0038980108,0.0037078173,0.022299098,0.028693125,-0.018401087,-0.024985307,-0.0065842203,0.70997147,1.1191814,37.686252,42.177753,False,0.9707095,True,False,False,0.70997147,1.1191814,37.686252,42.177753,0.54525226,1.1157857,29.545327,32.966254,0.9706403,1.1245759,23.395027,26.309483,0.40307836,1.2273369,3.0069282,3.6905141,0.255771,1.1129886,10.155957,11.303465,0.44506267,1.0412174,12.060839,12.557955,0.41297425,1.055813,12.682802,13.390667,0.68409907,1.1570565,21.317221,24.665229
init,init,-1,,7633,131.Vesper_Sparrow/Vesper_Sparrow_0087_125712.jpg,131,130,131.Vesper_Sparrow,129,128,color_jitter,color_jitter,0,"{""brightness"":1.257137,""contrast"":0.751328,""hue"":-0.090114,""saturation"":0.863792}",5.5472889,5.8363495,0.28906059,0.0038980108,0.0029194802,0.022299098,0.028595164,-0.018401087,-0.025675684,-0.0072745972,0.78975103,1.1144656,37.686252,42.00003,False,0.96329522,True,False,False,0.78975103,1.1144656,37.686252,42.00003,0.67310971,1.0796543,29.545327,31.898739,0.96318422,1.1678404,23.395027,27.321658,0.30543924,1.5138271,3.0069282,4.5519693,0.53206487,1.1768776,10.155957,11.952319,0.55453008,1.0243334,12.060839,12.35432,0.63560344,0.99896229,12.682802,12.669641,0.76825618,1.0909092,21.317221,23.255154
init,init,-1,,7633,131.Vesper_Sparrow/Vesper_Sparrow_0087_125712.jpg,131,130,131.Vesper_Sparrow,129,128,rotation,rotation,0,"{""angle"":8.957027}",5.5472889,5.6352911,0.088002205,0.0038980108,0.0035696372,0.022299098,0.023773702,-0.018401087,-0.020204065,-0.0018029776,0.68417896,1.0683725,37.686252,40.262956,False,0.92640388,True,False,False,0.68417896,1.0683725,37.686252,40.262956,0.54338435,1.0966989,29.545327,32.402326,0.92633225,1.0215711,23.395027,23.899684,0.31333104,1.7197608,3.0069282,5.1711971,0.30322703,1.0455645,10.155957,10.618708,0.41637658,1.1431035,12.060839,13.786787,0.46730702,1.0342849,12.682802,13.117631,0.67244891,1.0984102,21.317221,23.415054
init,init,-1,,7633,131.Vesper_Sparrow/Vesper_Sparrow_0087_125712.jpg,131,130,131.Vesper_Sparrow,129,128,random_resized_crop,random_resized_crop,0,"{""area_fraction"":0.769765,""aspect"":1.29484,""fallback"":false,""height"":0.77103,""left"":0.00035,""top"":0.228957,""width"":0.99836}",5.5472889,5.5924559,0.045166969,0.0038980108,0.0037258652,0.022299098,0.022370296,-0.018401087,-0.01864443,-0.00024334341,0.75302676,1.0177829,37.686252,38.356425,False,0.96632862,False,False,False,0.75302676,1.0177829,37.686252,38.356425,0.60862333,0.98356706,29.545327,29.05981,0.96630356,1.070092,23.395027,25.034831,0.31017347,1.2714468,3.0069282,3.8231491,0.39550698,0.99983852,10.155957,10.154317,0.55655914,0.96645363,12.060839,11.656242,0.55239134,0.9478098,12.682802,12.020885,0.70104817,0.99110568,21.317221,21.127619
init,init,-1,,7633,131.Vesper_Sparrow/Vesper_Sparrow_0087_125712.jpg,131,130,131.Vesper_Sparrow,129,128,gaussian_blur,gaussian_blur,0,"{""sigma"":1.398425}",5.5472889,5.4634199,-0.08386898,0.0038980108,0.0042390344,0.022299098,0.027472842,-0.018401087,-0.023233808,-0.0048327211,0.75975664,1.1567923,37.686252,43.595167,False,0.95074165,True,False,False,0.75975664,1.1567923,37.686252,43.595167,0.64822177,1.1850855,29.545327,35.01374,0.95066562,1.1101766,23.395027,25.972613,0.37314328,1.7348496,3.0069282,5.216568,0.57157155,1.0801125,10.155957,10.969576,0.55611592,1.2927987,12.060839,15.592237,0.58612897,1.217056,12.682802,15.43568,0.7328553,1.146228,21.317221,24.434396
init,init,-1,,7633,131.Vesper_Sparrow/Vesper_Sparrow_0087_125712.jpg,131,130,131.Vesper_Sparrow,129,128,random_erasing,random_erasing,0,"{""area_fraction"":0.099204,""erased"":true,""height"":0.423935,""left"":0.64068,""top"":0.408973,""width"":0.234008}",5.5472889,5.9866428,0.43935394,0.0038980108,0.0025120839,0.022299098,0.033408906,-0.018401087,-0.030896822,-0.012495735,0.7305981,1.2909661,37.686252,48.651673,False,0.93412858,True,False,False,0.7305981,1.2909661,37.686252,48.651673,0.6204833,1.3509633,29.545327,39.914652,0.93397604,1.189029,23.395027,27.817366,0.36034865,1.9223087,3.0069282,5.7802443,0.53214309,1.3709229,10.155957,13.923035,0.56668552,1.3687083,12.060839,16.50777,0.56497618,1.4041467,12.682802,17.808515,0.68996049,1.3069987,21.317221,27.86158
init,init,-1,,1571,028.Brown_Creeper/Brown_Creeper_0115_24488.jpg,28,27,028.Brown_Creeper,129,128,identity,identity,0,{},4.9113445,4.9113445,0,0.0073625809,0.0073625809,0.03306688,0.03306688,-0.025704299,-0.025704299,0,1,1,59.115982,59.115982,False,1,True,False,False,1,1,59.115982,59.115982,1,1,52.196988,52.196988,1,1,27.752005,27.752005,1,1,11.162916,11.162916,1,1,21.87315,21.87315,1,1,22.609204,22.609204,1,1,22.448625,22.448625,1,1,33.26204,33.26204
init,init,-1,,1571,028.Brown_Creeper/Brown_Creeper_0115_24488.jpg,28,27,028.Brown_Creeper,129,128,horizontal_flip,horizontal_flip,0,"{""flipped"":true}",4.9113445,4.7624679,-0.14887667,0.0073625809,0.0085444972,0.03306688,0.022229146,-0.025704299,-0.013684649,0.01201965,0.6004716,1.1282615,59.115982,66.698284,False,0.94894111,True,False,False,0.6004716,1.1282615,59.115982,66.698284,0.51319139,1.1540703,52.196988,60.238994,0.94882795,1.0317931,27.752005,28.634327,0.41131325,1.2365959,11.162916,13.804016,0.27351063,1.1327403,21.87315,24.776598,0.5531631,1.2785221,22.609204,28.906367,0.42610345,1.1415412,22.448625,25.626031,0.6551857,1.0972581,33.26204,36.497043
init,init,-1,,1571,028.Brown_Creeper/Brown_Creeper_0115_24488.jpg,28,27,028.Brown_Creeper,129,128,color_jitter,color_jitter,0,"{""brightness"":1.139623,""contrast"":1.074221,""hue"":-0.040775,""saturation"":0.713785}",4.9113445,4.9400749,0.028730392,0.0073625809,0.0071540633,0.03306688,0.026434448,-0.025704299,-0.019280384,0.0064239148,0.77573595,1.1218963,59.115982,66.322004,False,0.94044721,True,False,False,0.77573595,1.1218963,59.115982,66.322004,0.73547742,1.1488502,52.196988,59.966521,0.94033772,1.0208497,27.752005,28.330627,0.6699296,1.5290709,11.162916,17.06889,0.61313969,1.00654,21.87315,22.0162,0.74162547,1.1988935,22.609204,27.106027,0.69528467,1.1551819,22.448625,25.932246,0.81581978,1.1299961,33.26204,37.585975
init,init,-1,,1571,028.Brown_Creeper/Brown_Creeper_0115_24488.jpg,28,27,028.Brown_Creeper,129,128,rotation,rotation,0,"{""angle"":-5.406787}",4.9113445,4.6280313,-0.28331327,0.0073625809,0.0097739808,0.03306688,0.029922819,-0.025704299,-0.020148838,0.0055554612,0.72524718,1.0254776,59.115982,60.622114,False,0.94305784,True,False,False,0.72524718,1.0254776,59.115982,60.622114,0.66154575,1.0170358,52.196988,53.086207,0.94289906,1.0547985,27.752005,29.272774,0.74088535,1.2612819,11.162916,14.079584,0.489995,0.98158119,21.87315,21.470272,0.64051483,1.0232475,22.609204,23.134813,0.59482465,1.0028373,22.448625,22.51232,0.76546619,1.0047569,33.26204,33.420263
init,init,-1,,1571,028.Brown_Creeper/Brown_Creeper_0115_24488.jpg,28,27,028.Brown_Creeper,129,128,random_resized_crop,random_resized_crop,0,"{""area_fraction"":0.803103,""aspect"":0.892917,""fallback"":false,""height"":0.948375,""left"":0.037124,""top"":0.030382,""width"":0.84682}",4.9113445,4.6742077,-0.23713684,0.0073625809,0.0093329139,0.03306688,0.021949207,-0.025704299,-0.012616294,0.013088006,0.75326236,1.0521361,59.115982,62.198056,False,0.95093286,False,False,False,0.75326236,1.0521361,59.115982,62.198056,0.69907279,1.0586714,52.196988,55.259459,0.95079278,1.0286837,27.752005,28.548036,0.54359446,1.0874299,11.162916,12.138888,0.6653323,1.0419199,21.87315,22.79007,0.64086572,1.1261761,22.609204,25.461946,0.64095372,1.0755291,22.448625,24.144149,0.79129878,1.022017,33.26204,33.994371
init,init,-1,,1571,028.Brown_Creeper/Brown_Creeper_0115_24488.jpg,28,27,028.Brown_Creeper,129,128,gaussian_blur,gaussian_blur,0,"{""sigma"":1.127073}",4.9113445,4.8376384,-0.07370615,0.0073625809,0.0079257507,0.03306688,0.017064312,-0.025704299,-0.0091385618,0.016565737,0.72840135,1.0100131,59.115982,59.707918,False,0.92092943,False,False,False,0.72840135,1.0100131,59.115982,59.707918,0.67608198,1.0178619,52.196988,53.129325,0.92066612,0.98174431,27.752005,27.245373,0.51801467,1.2716935,11.162916,14.195807,0.64115302,0.87971011,21.87315,19.242031,0.66320281,1.0573657,22.609204,23.906197,0.60187472,1.0423497,22.448625,23.399319,0.75808758,1.0114813,33.26204,33.64393
init,init,-1,,1571,028.Brown_Creeper/Brown_Creeper_0115_24488.jpg,28,27,028.Brown_Creeper,129,128,random_erasing,random_erasing,0,"{""area_fraction"":0.085964,""erased"":true,""height"":0.390063,""left"":0.190669,""top"":0.060781,""width"":0.220385}",4.9113445,4.8389597,-0.072384834,0.0073625809,0.0079152836,0.03306688,0.019242592,-0.025704299,-0.011327309,0.01437699,0.70543881,0.96242028,59.115982,56.89442,False,0.86720675,True,False,False,0.70543881,0.96242028,59.115982,56.89442,0.6640495,0.97949514,52.196988,51.126696,0.86692858,0.89941929,27.752005,24.960689,0.62146073,1.3305308,11.162916,14.852604,0.72578657,1.0234018,21.87315,22.38502,0.67927277,0.96232705,22.609204,21.757449,0.60164878,0.94181023,22.448625,21.142345,0.66929702,0.93724696,33.26204,31.174745
init,init,-1,,1952,035.Purple_Finch/Purple_Finch_0102_27308.jpg,35,34,035.Purple_Finch,129,128,identity,identity,0,{},5.0144863,5.0144863,0,0.0066410443,0.0066410443,0.021684829,0.021684829,-0.015043785,-0.015043785,0,1,1,39.221786,39.221786,False,1,True,False,False,1,1,39.221786,39.221786,1,1,32.152767,32.152767,1,1,22.462147,22.462147,1,1,4.8193839,4.8193839,1,1,11.147584,11.147584,1,1,13.467822,13.467822,1,1,13.24071,13.24071,1,1,23.013186,23.013186
init,init,-1,,1952,035.Purple_Finch/Purple_Finch_0102_27308.jpg,35,34,035.Purple_Finch,129,128,horizontal_flip,horizontal_flip,0,"{""flipped"":true}",5.0144863,5.0959539,0.081467628,0.0066410443,0.0061214641,0.021684829,0.021015909,-0.015043785,-0.014894444,0.00014934037,0.71250109,1.0067728,39.221786,39.487427,False,0.95947528,True,False,False,0.71250109,1.0067728,39.221786,39.487427,0.58249646,0.97853242,32.152767,31.462525,0.95944339,1.0622938,22.462147,23.861401,0.38188491,0.73326424,4.8193839,3.5338819,0.47864088,0.82164177,11.147584,9.1593204,0.58112708,0.95177893,13.467822,12.818389,0.44303628,0.99001302,13.24071,13.108475,0.65646486,1.0258726,23.013186,23.608596
init,init,-1,,1952,035.Purple_Finch/Purple_Finch_0102_27308.jpg,35,34,035.Purple_Finch,129,128,color_jitter,color_jitter,0,"{""brightness"":0.866055,""contrast"":1.069572,""hue"":0.030272,""saturation"":1.320952}",5.0144863,4.9532943,-0.061192036,0.0066410443,0.0070601124,0.021684829,0.019789124,-0.015043785,-0.012729011,0.0023147734,0.87879385,1.0217453,39.221786,40.074675,False,0.97977716,True,False,False,0.87879385,1.0217453,39.221786,40.074675,0.82938057,1.0208593,32.152767,32.823451,0.97977491,1.0235583,22.462147,22.991318,0.7313456,1.1545568,4.8193839,5.5642524,0.75454971,0.90661282,11.147584,10.106542,0.8121368,1.0828824,13.467822,14.584067,0.77685995,1.0705391,13.24071,14.174698,0.87781273,1.0009927,23.013186,23.036032
init,init,-1,,1952,035.Purple_Finch/Purple_Finch_0102_27308.jpg,35,34,035.Purple_Finch,129,128,rotation,rotation,0,"{""angle"":9.007274}",5.0144863,4.8661108,-0.14837551,0.0066410443,0.0077032647,0.021684829,0.023605982,-0.015043785,-0.015902717,-0.00085893227,0.71442367,1.0970149,39.221786,43.026885,False,0.93453228,True,False,False,0.71442367,1.0970149,39.221786,43.026885,0.60556874,1.0920926,32.152767,35.1138,0.93449759,1.1070322,22.462147,24.866321,0.57262346,1.1344409,4.8193839,5.467306,0.46363717,1.0548069,11.147584,11.758548,0.55505488,1.05509,13.467822,14.209764,0.47798389,1.1666818,13.24071,15.447696,0.70233493,1.0857038,23.013186,24.985503
init,init,-1,,1952,035.Purple_Finch/Purple_Finch_0102_27308.jpg,35,34,035.Purple_Finch,129,128,random_resized_crop,random_resized_crop,0,"{""area_fraction"":0.752133,""aspect"":1.048595,""fallback"":false,""height"":0.846922,""left"":0.045021,""top"":0.042651,""width"":0.888078}",5.0144863,5.0903988,0.075912476,0.0066410443,0.0061555654,0.021684829,0.020699905,-0.015043785,-0.01454434,0.00049944501,0.7639444,0.94381999,39.221786,37.018306,False,0.96359783,True,False,False,0.7639444,0.94381999,39.221786,37.018306,0.67840075,0.9768008,32.152767,31.406848,0.96360835,0.8723574,22.462147,19.595021,0.36952673,0.86813638,4.8193839,4.1838824,0.56230657,0.92331983,11.147584,10.292785,0.66569788,1.1403651,13.467822,15.358234,0.5857511,0.96793917,13.24071,12.816202,0.75945977,0.93481624,23.013186,21.5131
init,init,-1,,1952,035.Purple_Finch/Purple_Finch_0102_27308.jpg,35,34,035.Purple_Finch,129,128,gaussian_blur,gaussian_blur,0,"{""sigma"":1.697301}",5.0144863,5.1072521,0.092765808,0.0066410443,0.0060526938,0.021684829,0.023904547,-0.015043785,-0.017851853,-0.0028080684,0.61935414,1.6797251,39.221786,65.881818,False,0.90080428,True,False,False,0.61935414,1.6797251,39.221786,65.881818,0.52710869,1.8249769,32.152767,58.678058,0.90054899,1.333575,22.462147,29.954958,0.45001942,2.46617,4.8193839,11.88542,0.42848591,2.2012984,11.147584,24.539158,0.55810883,2.4642871,13.467822,33.188578,0.42761591,1.7998916,13.24071,23.831843,0.63234307,1.3947392,23.013186,32.097391
init,init,-1,,1952,035.Purple_Finch/Purple_Finch_0102_27308.jpg,35,34,035.Purple_Finch,129,128,random_erasing,random_erasing,0,"{""area_fraction"":0.08279,""erased"":true,""height"":0.308609,""left"":0.217451,""top"":0.647314,""width"":0.268267}",5.0144863,5.0912056,0.076719284,0.0066410443,0.0061505982,0.021684829,0.02503131,-0.015043785,-0.018880711,-0.0038369265,0.89813919,1.1678263,39.221786,45.804235,False,0.97723281,True,False,False,0.89813919,1.1678263,39.221786,45.804235,0.85966192,1.1688468,32.152767,37.581659,0.97719046,1.1657327,22.462147,26.184859,0.88229631,1.0368305,4.8193839,4.9968843,0.86994921,1.0947261,11.147584,12.203551,0.85818307,1.1434113,13.467822,15.399259,0.81670446,1.1992526,13.24071,15.878956,0.87232846,1.1893898,23.013186,27.37165
init,init,-1,,8012,137.Cliff_Swallow/Cliff_Swallow_0071_133742.jpg,137,136,137.Cliff_Swallow,129,128,identity,identity,0,{},5.1250644,5.1250644,0,0.0059458339,0.0059458339,0.032685537,0.032685537,-0.026739703,-0.026739703,0,1,1,50.945765,50.945765,False,0.99999982,True,False,False,1,1,50.945765,50.945765,1,1,42.582799,42.582799,1,1,27.967414,27.967414,1,1,5.6253817,5.6253817,1,1,15.998917,15.998917,1,1,20.026875,20.026875,1,1,18.737994,18.737994,1,1,27.811802,27.811802
init,init,-1,,8012,137.Cliff_Swallow/Cliff_Swallow_0071_133742.jpg,137,136,137.Cliff_Swallow,129,128,horizontal_flip,horizontal_flip,0,"{""flipped"":true}",5.1250644,5.0555139,-0.069550514,0.0059458339,0.0063740904,0.032685537,0.042810589,-0.026739703,-0.036436499,-0.0096967956,0.67519662,1.0014987,50.945765,51.022115,False,0.96524358,True,False,False,0.67519662,1.0014987,50.945765,51.022115,0.54641031,0.99220909,42.582799,42.25104,0.965068,1.0227099,27.967414,28.60255,0.44461169,1.5349475,5.6253817,8.6346656,0.33153522,0.88993727,15.998917,14.238032,0.53552942,1.0312316,20.026875,20.652348,0.41124961,0.94570696,18.737994,17.720651,0.68524119,0.99600627,27.811802,27.70073
init,init,-1,,8012,137.Cliff_Swallow/Cliff_Swallow_0071_133742.jpg,137,136,137.Cliff_Swallow,129,128,color_jitter,color_jitter,0,"{""brightness"":0.96928,""contrast"":0.645052,""hue"":-0.032565,""saturation"":0.921266}",5.1250644,4.9982967,-0.12676764,0.0059458339,0.0067494321,0.032685537,0.046034176,-0.026739703,-0.039284744,-0.012545041,0.81242702,1.0952613,50.945765,55.798926,False,0.9523356,True,False,False,0.81242702,1.0952613,50.945765,55.798926,0.7549089,1.1090628,42.582799,47.226997,0.95213001,1.0625766,27.967414,29.717519,0.55051217,1.3508687,5.6253817,7.5991522,0.6800649,1.1295794,15.998917,18.072046,0.7920358,1.160992,20.026875,23.251043,0.68442812,1.0460095,18.737994,19.60012,0.80296516,1.0913493,27.811802,30.35239
init,init,-1,,8012,137.Cliff_Swallow/Cliff_Swallow_0071_133742.jpg,137,136,137.Cliff_Swallow,129,128,rotation,rotation,0,"{""angle"":-10.633153}",5.1250644,4.7202373,-0.40482712,0.0059458339,0.0089130634,0.032685537,0.02331668,-0.026739703,-0.014403616,0.012336087,0.67638462,1.0396654,50.945765,52.966549,False,0.92186964,False,False,False,0.67638462,1.0396654,50.945765,52.966549,0.57116958,1.0412419,42.582799,44.338995,0.92154124,1.0360013,27.967414,28.974278,0.017883427,1.1203984,5.6253817,6.3026687,0.39021816,1.0597661,15.998917,16.955109,0.56960092,0.97967698,20.026875,19.619869,0.50099115,1.0093327,18.737994,18.912869,0.68532969,1.0763458,27.811802,29.935117
init,init,-1,,8012,137.Cliff_Swallow/Cliff_Swallow_0071_133742.jpg,137,136,137.Cliff_Swallow,129,128,random_resized_crop,random_resized_crop,0,"{""area_fraction"":0.581357,""aspect"":1.047966,""fallback"":false,""height"":0.744814,""left"":0.081942,""top"":0.126413,""width"":0.78054}",5.1250644,5.0472631,-0.077801228,0.0059458339,0.0064268997,0.032685537,0.026850857,-0.026739703,-0.020423957,0.0063157459,0.72818539,1.0633657,50.945765,54.173978,False,0.94406813,True,False,False,0.72818539,1.0633657,50.945765,54.173978,0.63625376,1.0672178,42.582799,45.445121,0.94393966,1.0543813,27.967414,29.488317,0.60804482,1.7843276,5.6253817,10.037524,0.6420728,1.1017268,15.998917,17.626435,0.65654799,1.0506988,20.026875,21.042213,0.49412483,0.97664791,18.737994,18.300422,0.69209857,1.0642817,27.811802,29.599591
init,init,-1,,8012,137.Cliff_Swallow/Cliff_Swallow_0071_133742.jpg,137,136,137.Cliff_Swallow,129,128,gaussian_blur,gaussian_blur,0,"{""sigma"":1.965295}",5.1250644,5.1612639,0.03619957,0.0059458339,0.0057344465,0.032685537,0.011531405,-0.026739703,-0.0057969587,0.020942744,0.49076799,1.1416464,50.945765,58.16205,False,0.82312137,False,False,False,0.49076799,1.1416464,50.945765,58.16205,0.37953594,1.2092942,42.582799,51.495133,0.82247463,0.96678244,27.967414,27.038404,0.090844244,2.4933223,5.6253817,14.02589,0.19623026,1.3747138,15.998917,21.993931,0.36227976,1.2238267,20.026875,24.509425,0.31136403,1.1501389,18.737994,21.551295,0.54046586,1.08234,27.811802,30.101826
init,init,-1,,8012,137.Cliff_Swallow/Cliff_Swallow_0071_133742.jpg,137,136,137.Cliff_Swallow,129,128,random_erasing,random_erasing,0,"{""area_fraction"":0.156079,""erased"":true,""height"":0.408008,""left"":0.377841,""top"":0.121837,""width"":0.38254}",5.1250644,5.3434892,0.2184248,0.0059458339,0.0047791651,0.032685537,0.031860232,-0.026739703,-0.027081067,-0.00034136418,0.7420525,0.93452986,50.945765,47.610338,False,0.93660194,True,False,False,0.7420525,0.93452986,50.945765,47.610338,0.65957467,0.93911075,42.582799,39.989964,0.93649265,0.92382273,27.967414,25.836933,0.29521158,1.464675,5.6253817,8.2393559,0.54068828,0.91503237,15.998917,14.639526,0.6606328,0.88743711,20.026875,17.772592,0.60243161,0.87703315,18.737994,16.433841,0.74763976,0.97218044,27.811802,27.03809
init,init,-1,,11532,196.House_Wren/House_Wren_0094_187226.jpg,196,195,196.House_Wren,129,128,identity,identity,0,{},5.7080469,5.7080469,0,0.0033191482,0.0033191482,0.02790216,0.02790216,-0.024583012,-0.024583012,0,1,1,46.927391,46.927391,False,1.0000001,True,False,False,1,1,46.927391,46.927391,1,1,37.179418,37.179418,1,1,28.633388,28.633388,1,1,5.4849034,5.4849034,1,1,15.009554,15.009554,1,1,15.61407,15.61407,1,1,15.203055,15.203055,1,1,25.534412,25.534412
init,init,-1,,11532,196.House_Wren/House_Wren_0094_187226.jpg,196,195,196.House_Wren,129,128,horizontal_flip,horizontal_flip,0,"{""flipped"":true}",5.7080469,5.8231573,0.1151104,0.0033191482,0.0029582509,0.02790216,0.02630803,-0.024583012,-0.023349779,0.0012332327,0.71281925,0.97373415,46.927391,45.694804,False,0.96141797,True,False,False,0.71281925,0.97373415,46.927391,45.694804,0.5880681,1.0232382,37.179418,38.043402,0.96131944,0.88401488,28.633388,25.312341,0.39527889,0.91080954,5.4849034,4.9957023,0.61108254,1.0535199,15.009554,15.812864,0.52918165,1.07179,15.61407,16.735004,0.47800323,1.0533799,15.203055,16.014593,0.6542942,0.98746995,25.534412,25.214464
init,init,-1,,11532,196.House_Wren/House_Wren_0094_187226.jpg,196,195,196.House_Wren,129,128,color_jitter,color_jitter,0,"{""brightness"":1.120859,""contrast"":1.107965,""hue"":0.046098,""saturation"":1.387175}",5.7080469,5.3306026,-0.37744427,0.0033191482,0.004841153,0.02790216,0.018557303,-0.024583012,-0.01371615,0.010866862,0.7788118,0.90023285,46.927391,42.245579,False,0.95512414,False,False,False,0.7788118,0.90023285,46.927391,42.245579,0.67160751,0.89123861,37.179418,33.135733,0.95499773,0.91519708,28.633388,26.205193,0.536977,0.83014485,5.4849034,4.5532643,0.50952507,0.6873007,15.009554,10.316077,0.48167374,0.84112067,15.61407,13.133317,0.6329008,0.94025704,15.203055,14.29478,0.80146676,0.95447989,25.534412,24.372082
init,init,-1,,11532,196.House_Wren/House_Wren_0094_187226.jpg,196,195,196.House_Wren,129,128,rotation,rotation,0,"{""angle"":5.384722}",5.7080469,5.4965887,-0.21145821,0.0033191482,0.0041007358,0.02790216,0.032279156,-0.024583012,-0.02817842,-0.0035954088,0.78766076,0.9563065,46.927391,44.876969,False,0.95603859,True,False,False,0.78766076,0.9563065,46.927391,44.876969,0.69065913,0.96593264,37.179418,35.912813,0.95593145,0.93985353,28.633388,26.911191,0.23976558,0.7834418,5.4849034,4.2971026,0.61766193,0.87033462,15.009554,13.063335,0.66479505,0.98308122,15.61407,15.349899,0.62557515,1.0159664,15.203055,15.445793,0.76544775,0.98018444,25.534412,25.028433
init,init,-1,,11532,196.House_Wren/House_Wren_0094_187226.jpg,196,195,196.House_Wren,129,128,random_resized_crop,random_resized_crop,0,"{""area_fraction"":0.542038,""aspect"":0.79764,""fallback"":false,""height"":0.824349,""left"":0.309499,""top"":0.028237,""width"":0.657534}",5.7080469,5.8774467,0.16939974,0.0033191482,0.0028019308,0.02790216,0.044717416,-0.024583012,-0.041915485,-0.017332474,0.70140342,1.0815153,46.927391,50.752692,False,0.92822653,True,False,False,0.70140342,1.0815153,46.927391,50.752692,0.59424026,1.1508722,37.179418,42.78876,0.92790372,0.95321985,28.633388,27.293914,0.49989888,1.4643161,5.4849034,8.0316321,0.62360771,1.3430901,15.009554,20.159184,0.51584557,1.1718212,15.61407,18.296898,0.50107083,1.1308769,15.203055,17.192783,0.66157188,1.0578389,25.534412,27.011293
init,init,-1,,11532,196.House_Wren/House_Wren_0094_187226.jpg,196,195,196.House_Wren,129,128,gaussian_blur,gaussian_blur,0,"{""sigma"":1.011053}",5.7080469,6.0273395,0.31929255,0.0033191482,0.0024119026,0.02790216,0.0384661,-0.024583012,-0.036054197,-0.011471185,0.79175565,1.1698319,46.927391,54.897157,False,0.96348888,True,False,False,0.79175565,1.1698319,46.927391,54.897157,0.7091571,1.236597,37.179418,45.975955,0.96337739,1.0476752,28.633388,29.99849,0.60419574,1.9299892,5.4849034,10.585804,0.70218616,1.3906198,15.009554,20.872583,0.62389736,1.3891852,15.61407,21.690835,0.66899377,1.227267,15.203055,18.658208,0.79654664,1.0706889,25.534412,27.339412
init,init,-1,,11532,196.House_Wren/House_Wren_0094_187226.jpg,196,195,196.House_Wren,129,128,random_erasing,random_erasing,0,"{""area_fraction"":0.072753,""erased"":true,""height"":0.201771,""left"":0.263365,""top"":0.560498,""width"":0.360573}",5.7080469,6.0381722,0.33012533,0.0033191482,0.0023859157,0.02790216,0.038532592,-0.024583012,-0.036146677,-0.011563665,0.76977693,1.090709,46.927391,51.18413,False,0.92477274,True,False,False,0.76977693,1.090709,46.927391,51.18413,0.69553627,1.1530278,37.179418,42.868902,0.92461236,0.97667652,28.633388,27.965558,0.73580378,1.3047941,5.4849034,7.1566696,0.69862394,0.99918344,15.009554,14.997298,0.68966647,1.1783903,15.61407,18.399469,0.64676189,1.2490533,15.203055,18.989426,0.71687365,1.150126,25.534412,29.367791
init,init,-1,,8107,139.Scarlet_Tanager/Scarlet_Tanager_0093_138250.jpg,139,138,139.Scarlet_Tanager,4,3,identity,identity,0,{},6.7920227,6.7920227,0,0.0011226957,0.0011226957,0.024894547,0.024894547,-0.023771851,-0.023771851,0,1,1,59.580314,59.580314,False,1.0000001,True,False,False,1,1,59.580314,59.580314,1,1,50.474485,50.474485,1,1,31.656597,31.656597,1,1,10.575369,10.575369,1,1,19.220223,19.220223,1,1,20.290953,20.290953,1,1,22.698341,22.698341,1,1,33.756196,33.756196
init,init,-1,,8107,139.Scarlet_Tanager/Scarlet_Tanager_0093_138250.jpg,139,138,139.Scarlet_Tanager,4,3,horizontal_flip,horizontal_flip,0,"{""flipped"":true}",6.7920227,6.583097,-0.20892572,0.0011226957,0.0013835579,0.024894547,0.029799473,-0.023771851,-0.028415915,-0.0046440637,0.70051779,0.96087929,59.580314,57.24949,False,0.96512794,True,False,False,0.70051779,0.96087929,59.580314,57.24949,0.58679627,0.93272938,50.474485,47.079036,0.9649377,1.0289813,31.656597,32.574046,0.44929909,1.1062535,10.575369,11.699039,0.61054319,0.86786323,19.220223,16.680525,0.47845299,0.89175194,20.290953,18.094497,0.44631582,0.90433896,22.698341,20.526995,0.69346169,0.96110293,33.756196,32.443179
init,init,-1,,8107,139.Scarlet_Tanager/Scarlet_Tanager_0093_138250.jpg,139,138,139.Scarlet_Tanager,4,3,color_jitter,color_jitter,0,"{""brightness"":0.771931,""contrast"":1.218561,""hue"":0.039807,""saturation"":0.826987}",6.7920227,7.0376034,0.24558067,0.0011226957,0.00087822904,0.024894547,0.021825824,-0.023771851,-0.020947595,0.0028242561,0.75494071,0.94775355,59.580314,56.467454,False,0.89899671,False,False,False,0.75494071,0.94775355,59.580314,56.467454,0.69577534,0.93386118,50.474485,47.136162,0.89863201,0.98218683,31.656597,31.092693,0.71694038,0.99606195,10.575369,10.533723,0.68166102,0.85941715,19.220223,16.51819,0.70225907,0.84417569,20.290953,17.12913,0.65702347,0.89763098,22.698341,20.374734,0.71500807,0.99559807,33.756196,33.607603
init,init,-1,,8107,139.Scarlet_Tanager/Scarlet_Tanager_0093_138250.jpg,139,138,139.Scarlet_Tanager,4,3,rotation,rotation,0,"{""angle"":2.324345}",6.7920227,6.9241982,0.13217545,0.0011226957,0.00098369154,0.024894547,0.026524996,-0.023771851,-0.025541305,-0.0017694539,0.82316907,1.0075617,59.580314,60.030842,False,0.98155141,True,False,False,0.82316907,1.0075617,59.580314,60.030842,0.76247674,1.0144762,50.474485,51.205163,0.98149603,0.98976594,31.656597,31.332622,0.66176815,1.1706738,10.575369,12.380308,0.66848245,1.0677283,19.220223,20.521976,0.68227012,0.99094567,20.290953,20.107232,0.71729533,1.0066297,22.698341,22.848824,0.85816079,0.99193527,33.756196,33.483961
init,init,-1,,8107,139.Scarlet_Tanager/Scarlet_Tanager_0093_138250.jpg,139,138,139.Scarlet_Tanager,4,3,random_resized_crop,random_resized_crop,0,"{""area_fraction"":0.817806,""aspect"":1.114599,""fallback"":false,""height"":0.856576,""left"":0.002466,""top"":0.039059,""width"":0.954739}",6.7920227,6.7755761,-0.01644659,0.0011226957,0.0011413129,0.024894547,0.020315105,-0.023771851,-0.019173792,0.0045980588,0.81113401,1.0208455,59.580314,60.822294,False,0.97576815,False,False,False,0.81113401,1.0208455,59.580314,60.822294,0.74524472,1.0154618,50.474485,51.254909,0.97567114,1.034406,31.656597,32.745774,0.66694255,1.1556168,10.575369,12.221074,0.69617517,0.9895047,19.220223,19.018501,0.64588277,0.96059556,20.290953,19.4914,0.67841255,0.97930049,22.698341,22.228497,0.83183873,1.0440109,33.756196,35.241835
init,init,-1,,8107,139.Scarlet_Tanager/Scarlet_Tanager_0093_138250.jpg,139,138,139.Scarlet_Tanager,4,3,gaussian_blur,gaussian_blur,0,"{""sigma"":1.718738}",6.7920227,6.3503284,-0.44169426,0.0011226957,0.0017461737,0.024894547,0.023712363,-0.023771851,-0.021966189,0.0018056616,0.64955263,0.9186719,59.580314,54.73476,False,0.90925938,False,False,False,0.64955263,0.9186719,59.580314,54.73476,0.54533725,0.91310473,50.474485,46.088491,0.9090373,0.93267532,31.656597,29.525327,0.50188847,0.69456834,10.575369,7.3453165,0.42826822,0.76785411,19.220223,14.758327,0.47726725,1.0145916,20.290953,20.58703,0.43994251,0.92587924,22.698341,21.015923,0.65907441,0.9306393,33.756196,31.414842
init,init,-1,,8107,139.Scarlet_Tanager/Scarlet_Tanager_0093_138250.jpg,139,138,139.Scarlet_Tanager,4,3,random_erasing,random_erasing,0,"{""area_fraction"":0.113187,""erased"":true,""height"":0.217694,""left"":0.143781,""top"":0.194961,""width"":0.519936}",6.7920227,5.9476318,-0.84439087,0.0011226957,0.0026120183,0.024894547,0.024303354,-0.023771851,-0.021691336,0.0020805149,0.61895741,0.90812753,59.580314,54.106523,False,0.89723194,True,False,False,0.61895741,0.90812753,59.580314,54.106523,0.50415463,0.89483317,50.474485,45.166244,0.89702638,0.94107966,31.656597,29.79138,0.43662087,0.74295096,10.575369,7.8569806,0.34984821,0.75935894,19.220223,14.595049,0.48758109,0.90293006,20.290953,18.321312,0.43283939,0.91484987,22.698341,20.765575,0.59033592,0.93603182,33.756196,31.596874
init,init,-1,,7871,135.Bank_Swallow/Bank_Swallow_0068_129806.jpg,135,134,135.Bank_Swallow,90,89,identity,identity,0,{},5.8353148,5.8353148,0,0.0029225033,0.0029225033,0.02746113,0.02746113,-0.024538627,-0.024538627,0,1,1,46.45674,46.45674,False,0.99999994,True,False,False,1,1,46.45674,46.45674,1,1,37.689366,37.689366,1,1,27.161377,27.161377,1,1,5.7375483,5.7375483,1,1,12.009624,12.009624,1,1,15.18846,15.18846,1,1,15.703342,15.703342,1,1,27.677672,27.677672
init,init,-1,,7871,135.Bank_Swallow/Bank_Swallow_0068_129806.jpg,135,134,135.Bank_Swallow,90,89,horizontal_flip,horizontal_flip,0,"{""flipped"":true}",5.8353148,5.7262325,-0.10908222,0.0029225033,0.0032593326,0.02746113,0.025322016,-0.024538627,-0.022062684,0.0024759432,0.68409735,1.0636688,46.45674,49.414587,False,0.94012988,True,False,False,0.68409735,1.0636688,46.45674,49.414587,0.55017257,1.0608242,37.689366,39.981793,0.93997555,1.0691247,27.161377,29.038899,0.62342113,1.4115412,5.7375483,8.098786,0.35629891,1.2545972,12.009624,15.067241,0.51176978,1.0250143,15.18846,15.568389,0.43028561,0.99187424,15.703342,15.575741,0.64228467,1.0352128,27.677672,28.652281
init,init,-1,,7871,135.Bank_Swallow/Bank_Swallow_0068_129806.jpg,135,134,135.Bank_Swallow,90,89,color_jitter,color_jitter,0,"{""brightness"":0.890841,""contrast"":1.277662,""hue"":-0.059988,""saturation"":1.209037}",5.8353148,5.5757008,-0.25961399,0.0029225033,0.0037888202,0.02746113,0.014375372,-0.024538627,-0.010586552,0.013952075,0.7620452,0.96984793,46.45674,45.055973,False,0.9095577,False,False,False,0.7620452,0.96984793,46.45674,45.055973,0.68228297,0.95440341,37.689366,35.970859,0.90929371,0.99891339,27.161377,27.131863,0.68911608,1.2613154,5.7375483,7.2368583,0.64667598,0.96085748,12.009624,11.539537,0.66626964,0.89374525,15.18846,13.574614,0.57174749,0.89480717,15.703342,14.051463,0.72808709,0.97394595,27.677672,26.956556
init,init,-1,,7871,135.Bank_Swallow/Bank_Swallow_0068_129806.jpg,135,134,135.Bank_Swallow,90,89,rotation,rotation,0,"{""angle"":3.737606}",5.8353148,6.1206779,0.2853632,0.0029225033,0.0021969667,0.02746113,0.029936193,-0.024538627,-0.027739226,-0.003200599,0.74400314,0.99274834,46.45674,46.119852,False,0.94121301,True,False,False,0.74400314,0.99274834,46.45674,46.119852,0.63868783,0.9825933,37.689366,37.033319,0.94109914,1.0120145,27.161377,27.487708,0.65174148,0.95444051,5.7375483,5.4761485,0.35944485,1.1204193,12.009624,13.455815,0.58299688,0.9498253,15.18846,14.426384,0.4911138,0.95514467,15.703342,14.998964,0.76292171,0.97439763,27.677672,26.969058
init,init,-1,,7871,135.Bank_Swallow/Bank_Swallow_0068_129806.jpg,135,134,135.Bank_Swallow,90,89,random_resized_crop,random_resized_crop,0,"{""area_fraction"":0.799226,""aspect"":1.107606,""fallback"":false,""height"":0.849459,""left"":0.026875,""top"":0.124362,""width"":0.940865}",5.8353148,5.8485851,0.013270378,0.0029225033,0.0028839777,0.02746113,0.030013558,-0.024538627,-0.02712958,-0.0025909529,0.78735467,1.0046109,46.45674,46.670948,False,0.96427071,True,False,False,0.78735467,1.0046109,46.45674,46.670948,0.69537877,1.0040456,37.689366,37.841844,0.96416009,1.0056984,27.161377,27.316153,0.77470422,1.1987368,5.7375483,6.8778102,0.5715468,1.0641777,12.009624,12.780375,0.54450447,0.99455005,15.18846,15.105684,0.63065861,1.0031502,15.703342,15.752811,0.7843385,0.98618269,27.677672,27.295241
init,init,-1,,7871,135.Bank_Swallow/Bank_Swallow_0068_129806.jpg,135,134,135.Bank_Swallow,90,89,gaussian_blur,gaussian_blur,0,"{""sigma"":1.930959}",5.8353148,5.1669436,-0.6683712,0.0029225033,0.0057019712,0.02746113,0.021757267,-0.024538627,-0.016055296,0.0084833307,0.51363552,1.3197613,46.45674,61.311809,False,0.81489277,True,False,False,0.51363552,1.3197613,46.45674,61.311809,0.39344731,1.4118636,37.689366,53.212243,0.81468528,1.1213145,27.161377,30.456445,-0.019575924,1.8076081,5.7375483,10.371239,0.14514981,1.7092038,12.009624,20.526895,0.30468585,1.5346058,15.18846,23.308299,0.42605644,1.5888569,15.703342,24.950363,0.51399242,1.2181986,27.677672,33.716901
init,init,-1,,7871,135.Bank_Swallow/Bank_Swallow_0068_129806.jpg,135,134,135.Bank_Swallow,90,89,random_erasing,random_erasing,0,"{""area_fraction"":0.0939,""erased"":true,""height"":0.318172,""left"":0.425118,""top"":0.362283,""width"":0.295123}",5.8353148,5.1178246,-0.7174902,0.0029225033,0.0059890379,0.02746113,0.017546261,-0.024538627,-0.011557223,0.012981404,0.64705735,1.0498993,46.45674,48.774899,False,0.87730044,False,False,False,0.64705735,1.0498993,46.45674,48.774899,0.54125983,1.0871496,37.689366,40.97398,0.87704987,0.97417196,27.161377,26.459852,0.5513158,1.0577085,5.7375483,6.0686534,0.47066367,1.3881192,12.009624,16.67079,0.52824215,0.99505586,15.18846,15.113366,0.47190337,1.0824298,15.703342,16.997766,0.59002608,1.0513737,27.677672,29.099576
init,init,-1,,1027,019.Gray_Catbird/Gray_Catbird_0063_20707.jpg,19,18,019.Gray_Catbird,129,128,identity,identity,0,{},6.2352748,6.2352748,0,0.0019590911,0.0019590911,0.020957038,0.020957038,-0.018997947,-0.018997947,0,1,1,54.577306,54.577306,False,0.99999994,True,False,False,1,1,54.577306,54.577306,1,1,47.582254,47.582254,1,1,26.732217,26.732217,1,1,7.3867445,7.3867445,1,1,16.095252,16.095252,1,1,21.049416,21.049416,1,1,21.569738,21.569738,1,1,32.281856,32.281856
init,init,-1,,1027,019.Gray_Catbird/Gray_Catbird_0063_20707.jpg,19,18,019.Gray_Catbird,129,128,horizontal_flip,horizontal_flip,0,"{""flipped"":true}",6.2352748,6.4234724,0.18819761,0.0019590911,0.0016230107,0.020957038,0.021965152,-0.018997947,-0.020342141,-0.0013441942,0.63545547,1.03491,54.577306,56.482602,False,0.96307713,False,False,False,0.63545547,1.03491,54.577306,56.482602,0.52450311,1.0154409,47.582254,48.316967,0.96297289,1.0943084,26.732217,29.253291,0.48765284,1.5093833,7.3867445,11.149429,0.30781196,1.2015325,16.095252,19.338969,0.47124798,0.85468244,21.049416,17.990566,0.41708856,0.90245788,21.569738,19.46578,0.659013,1.0429906,32.281856,33.669672
init,init,-1,,1027,019.Gray_Catbird/Gray_Catbird_0063_20707.jpg,19,18,019.Gray_Catbird,129,128,color_jitter,color_jitter,0,"{""brightness"":1.305002,""contrast"":1.175956,""hue"":0.017035,""saturation"":0.843525}",6.2352748,6.2697611,0.034486294,0.0019590911,0.001892681,0.020957038,0.020158827,-0.018997947,-0.018266146,0.00073180045,0.86791043,0.97752679,54.577306,53.350779,False,0.98466313,False,False,False,0.86791043,0.97752679,54.577306,53.350779,0.82885111,0.95942269,47.582254,45.651494,0.9846283,1.0327918,26.732217,27.608815,0.63865294,0.90113956,7.3867445,6.6564877,0.65709575,0.85018966,16.095252,13.684017,0.82920487,0.96922243,21.049416,20.401567,0.79420776,0.9530578,21.569738,20.557207,0.89127201,0.98625881,32.281856,31.838265
init,init,-1,,1027,019.Gray_Catbird/Gray_Catbird_0063_20707.jpg,19,18,019.Gray_Catbird,129,128,rotation,rotation,0,"{""angle"":12.463057}",6.2352748,6.1819515,-0.053323269,0.0019590911,0.0020663908,0.020957038,0.02223211,-0.018997947,-0.020165719,-0.0011677721,0.69705821,0.89331349,54.577306,48.754644,False,0.92137766,True,False,False,0.69705821,0.89331349,54.577306,48.754644,0.61728322,0.85962441,47.582254,40.902867,0.92124477,0.99252699,26.732217,26.532447,0.14637402,0.95706278,7.3867445,7.0695782,0.58626591,0.93141011,16.095252,14.991281,0.62762603,0.81671347,21.049416,17.191342,0.55383685,0.82494232,21.569738,17.79379,0.67680224,0.86855756,32.281856,28.03865
init,init,-1,,1027,019.Gray_Catbird/Gray_Catbird_0063_20707.jpg,19,18,019.Gray_Catbird,129,128,random_resized_crop,random_resized_crop,0,"{""area_fraction"":0.840097,""aspect"":0.882826,""fallback"":false,""height"":0.9755,""left"":0.106449,""top"":0.007527,""width"":0.861197}",6.2352748,6.0465641,-0.18871069,0.0019590911,0.0023659766,0.020957038,0.020075208,-0.018997947,-0.017709231,0.0012887157,0.83253015,0.94789411,54.577306,51.733507,False,0.97978425,True,False,False,0.83253015,0.94789411,54.577306,51.733507,0.7835941,0.93393971,47.582254,44.438956,0.97976288,0.99080836,26.732217,26.486504,0.62199259,0.92621232,7.3867445,6.8416937,0.62253086,0.87124514,16.095252,14.022911,0.76921239,0.93908202,21.049416,19.767128,0.72661769,0.8888192,21.569738,19.171597,0.85842318,0.96630872,32.281856,31.194239
init,init,-1,,1027,019.Gray_Catbird/Gray_Catbird_0063_20707.jpg,19,18,019.Gray_Catbird,129,128,gaussian_blur,gaussian_blur,0,"{""sigma"":1.85659}",6.2352748,5.9057693,-0.32950544,0.0019590911,0.0027236859,0.020957038,0.016796561,-0.018997947,-0.014072875,0.0049250717,0.67133938,1.0093617,54.577306,55.08824,False,0.92671394,False,False,False,0.67133938,1.0093617,54.577306,55.08824,0.58856093,1.0024049,47.582254,47.696683,0.92650747,1.0310926,26.732217,27.563392,-0.3079172,1.0596709,7.3867445,7.8275182,0.30241129,0.93273018,16.095252,15.012528,0.52940615,1.0402181,21.049416,21.895984,0.56294127,0.97397536,21.569738,21.008393,0.74082167,1.0121241,32.281856,32.673244
init,init,-1,,1027,019.Gray_Catbird/Gray_Catbird_0063_20707.jpg,19,18,019.Gray_Catbird,129,128,random_erasing,random_erasing,0,"{""area_fraction"":0.096626,""erased"":true,""height"":0.234399,""left"":0.105407,""top"":0.20484,""width"":0.412227}",6.2352748,5.8153815,-0.41989326,0.0019590911,0.0029813426,0.020957038,0.017696206,-0.018997947,-0.014714863,0.0042830838,0.80251919,1.0017504,54.577306,54.672837,False,0.96843827,False,False,False,0.80251919,1.0017504,54.577306,54.672837,0.7477933,0.98967435,47.582254,47.090936,0.96837544,1.039084,26.732217,27.777019,0.78662864,1.1269553,7.3867445,8.3245309,0.59844075,0.9486943,16.095252,15.269474,0.73470849,1.0116057,21.049416,21.29371,0.68929781,0.94626701,21.569738,20.410732,0.81195052,1.0014208,32.281856,32.327722
init,init,-1,,3069,053.Western_Grebe/Western_Grebe_0061_36181.jpg,53,52,053.Western_Grebe,45,44,identity,identity,0,{},4.974102,4.974102,0,0.0069147265,0.0069147265,0.025485806,0.025485806,-0.01857108,-0.01857108,0,1,1,50.711706,50.711706,False,0.99999988,True,False,False,1,1,50.711706,50.711706,1,1,40.457389,40.457389,1,1,30.575755,30.575755,1,1,7.9055305,7.9055305,1,1,13.523126,13.523126,1,1,15.541126,15.541126,1,1,16.263021,16.263021,1,1,29.755933,29.755933
init,init,-1,,3069,053.Western_Grebe/Western_Grebe_0061_36181.jpg,53,52,053.Western_Grebe,45,44,horizontal_flip,horizontal_flip,0,"{""flipped"":true}",4.974102,4.9145923,-0.059509754,0.0069147265,0.0073387101,0.025485806,0.020741394,-0.01857108,-0.013402684,0.005168396,0.74574534,0.95441247,50.711706,48.399885,False,0.97163546,False,False,False,0.74574534,0.95441247,50.711706,48.399885,0.61131669,0.93903902,40.457389,37.991067,0.9715373,0.98074846,30.575755,29.987125,0.80306398,1.264274,7.9055305,9.9947565,0.48881481,0.99087661,13.523126,13.39975,0.52160874,0.90581701,15.541126,14.077416,0.49921138,0.91443517,16.263021,14.871478,0.68075339,0.91700125,29.755933,27.286228
init,init,-1,,3069,053.Western_Grebe/Western_Grebe_0061_36181.jpg,53,52,053.Western_Grebe,45,44,color_jitter,color_jitter,0,"{""brightness"":0.74308,""contrast"":1.24021,""hue"":0.042501,""saturation"":0.958637}",4.974102,5.1435294,0.16942739,0.0069147265,0.0058370507,0.025485806,0.022803877,-0.01857108,-0.016966826,0.0016042539,0.86031956,0.99113017,50.711706,50.261902,False,0.97847098,False,False,False,0.86031956,0.99113017,50.711706,50.261902,0.78991741,0.97309508,40.457389,39.368886,0.97833454,1.0219402,30.575755,31.246593,0.55807095,0.65690277,7.9055305,5.1931649,0.70871975,0.96906571,13.523126,13.104798,0.68041714,0.99024781,15.541126,15.389566,0.72631557,0.94730527,16.263021,15.406045,0.868045,0.99524743,29.755933,29.614516
init,init,-1,,3069,053.Western_Grebe/Western_Grebe_0061_36181.jpg,53,52,053.Western_Grebe,45,44,rotation,rotation,0,"{""angle"":13.504198}",4.974102,4.9091864,-0.064915657,0.0069147265,0.0073784878,0.025485806,0.025799742,-0.01857108,-0.018421254,0.00014982559,0.64879682,1.0204455,50.711706,51.748532,False,0.90612805,True,False,False,0.64879682,1.0204455,50.711706,51.748532,0.50842988,1.0361992,40.457389,41.921913,0.90582983,0.99226158,30.575755,30.339147,0.629798,1.252485,7.9055305,9.9015587,0.33379715,1.0972851,13.523126,14.838725,0.36151827,0.98066212,15.541126,15.240593,0.32838532,1.0253725,16.263021,16.675655,0.63002584,1.0242423,29.755933,30.477286
init,init,-1,,3069,053.Western_Grebe/Western_Grebe_0061_36181.jpg,53,52,053.Western_Grebe,45,44,random_resized_crop,random_resized_crop,0,"{""area_fraction"":0.840601,""aspect"":0.859601,""fallback"":false,""height"":0.988886,""left"":0.082513,""top"":0.010804,""width"":0.850048}",4.974102,4.8280106,-0.14609146,0.0069147265,0.0080024274,0.025485806,0.030339209,-0.01857108,-0.022336782,-0.0037657022,0.85780464,1.0103491,50.711706,51.236527,False,0.98498952,True,False,False,0.85780464,1.0103491,50.711706,51.236527,0.78522392,1.0104928,40.457389,40.881902,0.98493013,1.0100974,30.575755,30.884492,0.8017142,1.2302388,7.9055305,9.7256905,0.70247904,1.1149268,13.523126,15.077296,0.65969911,0.99591561,15.541126,15.47765,0.69304833,0.96977418,16.263021,15.771458,0.86742921,0.98618441,29.755933,29.344837
init,init,-1,,3069,053.Western_Grebe/Western_Grebe_0061_36181.jpg,53,52,053.Western_Grebe,45,44,gaussian_blur,gaussian_blur,0,"{""sigma"":1.31479}",4.974102,4.8598194,-0.11428261,0.0069147265,0.0077518825,0.025485806,0.02704687,-0.01857108,-0.019294988,-0.00072390819,0.75709333,1.012917,50.711706,51.366751,False,0.949646,True,False,False,0.75709333,1.012917,50.711706,51.366751,0.65413125,1.0346105,40.457389,41.857639,0.94952811,0.97377262,30.575755,29.773833,0.74219207,1.3911666,7.9055305,10.99791,0.36862126,1.1308722,13.523126,15.292928,0.5609259,1.0895876,15.541126,16.933419,0.58564021,1.0248978,16.263021,16.667935,0.76936814,0.96975901,29.755933,28.856084
init,init,-1,,3069,053.Western_Grebe/Western_Grebe_0061_36181.jpg,53,52,053.Western_Grebe,45,44,random_erasing,random_erasing,0,"{""area_fraction"":0.105371,""erased"":true,""height"":0.463516,""left"":0.767236,""top"":0.151111,""width"":0.227329}",4.974102,4.917304,-0.056797981,0.0069147265,0.0073188348,0.025485806,0.021573825,-0.01857108,-0.01425499,0.0043160897,0.91389512,1.0103154,50.711706,51.234815,False,0.9808026,False,False,False,0.91389512,1.0103154,50.711706,51.234815,0.87524354,1.0052082,40.457389,40.668099,0.98069361,1.0191954,30.575755,31.16267,0.85213584,0.99207494,7.9055305,7.8428787,0.87985677,0.98785465,13.523126,13.358883,0.89280133,0.96392731,15.541126,14.980516,0.83669933,0.99748653,16.263021,16.222144,0.88298951,1.0228548,29.755933,30.435998
init,init,-1,,9721,166.Golden_winged_Warbler/Golden_Winged_Warbler_0030_164462.jpg,166,165,166.Golden_winged_Warbler,129,128,identity,identity,0,{},6.1398325,6.1398325,0,0.0021552846,0.0021552846,0.037959889,0.037959889,-0.035804604,-0.035804604,0,1,1,54.528157,54.528157,False,0.99999994,True,False,False,1,1,54.528157,54.528157,1,1,44.698844,44.698844,1,1,31.230327,31.230327,1,1,9.2498792,9.2498792,1,1,14.167406,14.167406,1,1,16.434883,16.434883,1,1,20.117832,20.117832,1,1,32.200596,32.200596
init,init,-1,,9721,166.Golden_winged_Warbler/Golden_Winged_Warbler_0030_164462.jpg,166,165,166.Golden_winged_Warbler,129,128,horizontal_flip,horizontal_flip,0,"{""flipped"":true}",6.1398325,6.0610919,-0.078740597,0.0021552846,0.0023318534,0.037959889,0.02040205,-0.035804604,-0.018070196,0.017734408,0.69917655,0.86275245,54.528157,47.044301,False,0.96824849,True,False,False,0.69917655,0.86275245,54.528157,47.044301,0.56808764,0.8630069,44.698844,38.57541,0.96795621,0.86223097,31.230327,26.927755,0.66475075,0.72619205,9.2498792,6.7171888,0.46005879,0.81028965,14.167406,11.479702,0.5457942,0.89495342,16.434883,14.708455,0.38574437,0.82948124,20.117832,16.687365,0.65430259,0.88730848,32.200596,28.571862
init,init,-1,,9721,166.Golden_winged_Warbler/Golden_Winged_Warbler_0030_164462.jpg,166,165,166.Golden_winged_Warbler,129,128,color_jitter,color_jitter,0,"{""brightness"":0.812608,""contrast"":0.696022,""hue"":0.044761,""saturation"":1.187721}",6.1398325,6.3000703,0.16023779,0.0021552846,0.0018361757,0.037959889,0.048090216,-0.035804604,-0.04625404,-0.010449436,0.81063743,1.0737024,54.528157,58.547012,False,0.94866765,True,False,False,0.81063743,1.0737024,54.528157,58.547012,0.74601404,1.0865995,44.698844,48.56974,0.94843864,1.0467864,31.230327,32.691482,0.72500889,0.97143728,9.2498792,8.9856775,0.53120958,1.0624644,14.167406,15.052364,0.66603544,1.153381,16.434883,18.955682,0.72751964,1.1192372,20.117832,22.516627,0.81992928,1.0692179,32.200596,34.429453
init,init,-1,,9721,166.Golden_winged_Warbler/Golden_Winged_Warbler_0030_164462.jpg,166,165,166.Golden_winged_Warbler,129,128,rotation,rotation,0,"{""angle"":1.399548}",6.1398325,6.0307226,-0.10910988,0.0021552846,0.0024037566,0.037959889,0.031426318,-0.035804604,-0.029022561,0.0067820426,0.85044312,0.94250911,54.528157,51.393285,False,0.97928107,True,False,False,0.85044312,0.94250911,54.528157,51.393285,0.78588733,0.93354818,44.698844,41.728524,0.979193,0.96060475,31.230327,30,0.72381888,0.73248375,9.2498792,6.7753862,0.66108212,0.96495117,14.167406,13.670855,0.65719099,0.98016627,16.434883,16.108918,0.76003903,0.94156051,20.117832,18.942157,0.86270736,0.92655741,32.200596,29.835701
init,init,-1,,9721,166.Golden_winged_Warbler/Golden_Winged_Warbler_0030_164462.jpg,166,165,166.Golden_winged_Warbler,129,128,random_resized_crop,random_resized_crop,0,"{""area_fraction"":0.649676,""aspect"":1.106036,""fallback"":false,""height"":0.766415,""left"":0.09087,""top"":0.193882,""width"":0.847682}",6.1398325,6.0814686,-0.058363914,0.0021552846,0.002284819,0.037959889,0.026887503,-0.035804604,-0.024602683,0.01120192,0.71242422,0.87453941,54.528157,47.687022,False,0.96330494,True,False,False,0.71242422,0.87453941,54.528157,47.687022,0.60070729,0.89762809,44.698844,40.122938,0.96309583,0.82522723,31.230327,25.772116,0.57497575,0.94564883,9.2498792,8.7471375,0.51523507,0.87723644,14.167406,12.428165,0.43790304,0.95277108,16.434883,15.658681,0.48935749,0.91207021,20.117832,18.348876,0.71145986,0.87673034,32.200596,28.23124
init,init,-1,,9721,166.Golden_winged_Warbler/Golden_Winged_Warbler_0030_164462.jpg,166,165,166.Golden_winged_Warbler,129,128,gaussian_blur,gaussian_blur,0,"{""sigma"":1.441545}",6.1398325,5.5377884,-0.60204411,0.0021552846,0.0039352197,0.037959889,0.022019066,-0.035804604,-0.018083846,0.017720758,0.65300237,0.91667781,54.528157,49.984752,False,0.93316448,False,False,False,0.65300237,0.91667781,54.528157,49.984752,0.53332345,0.95069584,44.698844,42.495005,0.932895,0.84271434,31.230327,26.318244,0.43812569,0.89248686,9.2498792,8.2553956,0.26195249,1.0952385,14.167406,15.516688,0.42633776,1.1837765,16.434883,19.455228,0.51267376,1.002759,20.117832,20.173338,0.67251612,0.82833164,32.200596,26.672773
init,init,-1,,9721,166.Golden_winged_Warbler/Golden_Winged_Warbler_0030_164462.jpg,166,165,166.Golden_winged_Warbler,129,128,random_erasing,random_erasing,0,"{""area_fraction"":0.124008,""erased"":true,""height"":0.314537,""left"":0.000713,""top"":0.549427,""width"":0.394257}",6.1398325,5.9005308,-0.23930168,0.0021552846,0.0027379906,0.037959889,0.027713969,-0.035804604,-0.024975979,0.010828625,0.82162439,1.0043775,54.528157,54.766856,False,0.97242582,True,False,False,0.82162439,1.0043775,54.528157,54.766856,0.75047262,1.014423,44.698844,45.343536,0.97223365,0.98347882,31.230327,30.714365,0.49189706,0.86078239,9.2498792,7.9621331,0.64288353,1.0101973,14.167406,14.311875,0.64059189,1.0606635,16.434883,17.43188,0.73114315,1.0053576,20.117832,20.225615,0.82737258,1.018153,32.200596,32.785134
init,init,-1,,9988,170.Mourning_Warbler/Mourning_Warbler_0051_795352.jpg,170,169,170.Mourning_Warbler,129,128,identity,identity,0,{},5.6112714,5.6112714,0,0.0036564183,0.0036564183,0.025812557,0.025812557,-0.022156139,-0.022156139,0,1,1,44.764645,44.764645,False,1,True,False,False,1,1,44.764645,44.764645,1,1,36.515109,36.515109,1,1,25.894407,25.894407,1,1,5.7138628,5.7138628,1,1,11.428588,11.428588,1,1,15.715042,15.715042,1,1,15.824674,15.824674,1,1,25.936643,25.936643
init,init,-1,,9988,170.Mourning_Warbler/Mourning_Warbler_0051_795352.jpg,170,169,170.Mourning_Warbler,129,128,horizontal_flip,horizontal_flip,0,"{""flipped"":true}",5.6112714,5.5951967,-0.016074657,0.0036564183,0.0037156679,0.025812557,0.023886655,-0.022156139,-0.020170987,0.001985152,0.69392737,1.0576894,44.764645,47.34709,False,0.95987415,True,False,False,0.69392737,1.0576894,44.764645,47.34709,0.57223588,1.0872177,36.515109,39.699872,0.95978668,0.9963745,25.894407,25.800526,0.56410174,0.85596054,5.7138628,4.8908411,0.43165385,1.1490375,11.428588,13.131876,0.51372587,1.1392356,15.715042,17.903136,0.46859233,1.1215242,15.824674,17.747754,0.668288,1.0518008,25.936643,27.280181
init,init,-1,,9988,170.Mourning_Warbler/Mourning_Warbler_0051_795352.jpg,170,169,170.Mourning_Warbler,129,128,color_jitter,color_jitter,0,"{""brightness"":0.842256,""contrast"":1.374721,""hue"":0.088415,""saturation"":0.890968}",5.6112714,5.9391317,0.32786036,0.0036564183,0.0026343155,0.025812557,0.021937581,-0.022156139,-0.019303265,0.0028528734,0.72964197,1.0262879,44.764645,45.941414,False,0.93350118,False,False,False,0.72964197,1.0262879,44.764645,45.941414,0.63363771,1.046459,36.515109,38.211566,0.93338049,0.98495022,25.894407,25.504702,0.27386385,0.96614032,5.7138628,5.5203933,0.42669351,1.1342377,11.428588,12.962735,0.60926843,1.0435832,15.715042,16.399955,0.60807285,1.051584,15.824674,16.640974,0.71352896,1.0314844,25.936643,26.753243
init,init,-1,,9988,170.Mourning_Warbler/Mourning_Warbler_0051_795352.jpg,170,169,170.Mourning_Warbler,129,128,rotation,rotation,0,"{""angle"":11.115744}",5.6112714,5.5410047,-0.070266724,0.0036564183,0.003922584,0.025812557,0.029296057,-0.022156139,-0.025373473,-0.0032173346,0.7268331,1.0852389,44.764645,48.580333,False,0.92856091,True,False,False,0.7268331,1.0852389,44.764645,48.580333,0.63035325,1.1018726,36.515109,40.234998,0.92844074,1.0513805,25.894407,27.224874,0.70003572,1.5204646,5.7138628,8.687726,0.54803358,1.3239142,11.428588,15.13047,0.58332957,1.0610635,15.715042,16.674658,0.56485649,1.0480337,15.824674,16.584792,0.69235108,1.0638436,25.936643,27.592532
init,init,-1,,9988,170.Mourning_Warbler/Mourning_Warbler_0051_795352.jpg,170,169,170.Mourning_Warbler,129,128,random_resized_crop,random_resized_crop,0,"{""area_fraction"":0.733923,""aspect"":0.997539,""fallback"":false,""height"":0.857749,""left"":0.035984,""top"":0.117932,""width"":0.855638}",5.6112714,6.0737381,0.46246672,0.0036564183,0.0023025498,0.025812557,0.03190792,-0.022156139,-0.02960537,-0.0074492313,0.7228948,1.0512032,44.764645,47.056738,False,0.92814094,True,False,False,0.7228948,1.0512032,44.764645,47.056738,0.61333938,1.0274469,36.515109,37.517334,0.92795942,1.0969158,25.894407,28.403983,0.42214881,1.1408542,5.7138628,6.5186843,0.57610609,1.1570059,11.428588,13.222943,0.65003739,1.092493,15.715042,17.168574,0.5257343,0.94780649,15.824674,14.998729,0.65112293,0.99834833,25.936643,25.893805
init,init,-1,,9988,170.Mourning_Warbler/Mourning_Warbler_0051_795352.jpg,170,169,170.Mourning_Warbler,129,128,gaussian_blur,gaussian_blur,0,"{""sigma"":1.20633}",5.6112714,5.5696111,-0.041660309,0.0036564183,0.0038119624,0.025812557,0.028982976,-0.022156139,-0.025171014,-0.0030148753,0.77201549,1.0566434,44.764645,47.300266,False,0.95498693,True,False,False,0.77201549,1.0566434,44.764645,47.300266,0.67568657,1.0385241,36.515109,37.921822,0.95485657,1.091781,25.894407,28.271021,0.34693356,0.89584764,5.7138628,5.1187505,0.57927369,1.1652759,11.428588,13.317458,0.64255059,1.1268576,15.715042,17.708615,0.57450342,0.96386751,15.824674,15.252889,0.76397224,1.011494,25.936643,26.23476
init,init,-1,,9988,170.Mourning_Warbler/Mourning_Warbler_0051_795352.jpg,170,169,170.Mourning_Warbler,129,128,random_erasing,random_erasing,0,"{""area_fraction"":0.1401,""erased"":true,""height"":0.267286,""left"":0.362757,""top"":0.024159,""width"":0.524156}",5.6112714,6.0160236,0.40475225,0.0036564183,0.0024393506,0.025812557,0.02234605,-0.022156139,-0.019906699,0.0022494397,0.75753382,1.056736,44.764645,47.304411,False,0.92455572,True,False,False,0.75753382,1.056736,44.764645,47.304411,0.67757249,1.0723824,36.515109,39.158159,0.92442857,1.0249131,25.894407,26.539516,0.80830073,1.0854431,5.7138628,6.202073,0.65711726,1.2120097,11.428588,13.851559,0.72503574,1.14894,15.715042,18.055641,0.6355582,1.095624,15.824674,17.337893,0.67609272,1.0027551,25.936643,26.008101
init,init,-1,,5099,088.Western_Meadowlark/Western_Meadowlark_0098_78382.jpg,88,87,088.Western_Meadowlark,129,128,identity,identity,0,{},5.1787639,5.1787639,0,0.0056349668,0.0056349668,0.024525298,0.024525298,-0.018890331,-0.018890331,0,1,1,47.550532,47.550532,False,1,True,False,False,1,1,47.550532,47.550532,1,1,40.312302,40.312302,1,1,25.218475,25.218475,1,1,7.9763652,7.9763652,1,1,13.454804,13.454804,1,1,17.846902,17.846902,1,1,17.768407,17.768407,1,1,27.316649,27.316649
init,init,-1,,5099,088.Western_Meadowlark/Western_Meadowlark_0098_78382.jpg,88,87,088.Western_Meadowlark,129,128,horizontal_flip,horizontal_flip,0,"{""flipped"":true}",5.1787639,5.0689578,-0.10980606,0.0056349668,0.006288969,0.024525298,0.0158052,-0.018890331,-0.0095162308,0.0093741002,0.6530287,0.85081974,47.550532,40.456931,False,0.95714664,False,False,False,0.6530287,0.85081974,47.550532,40.456931,0.5232814,0.82732514,40.312302,33.35138,0.95706165,0.90809796,25.218475,22.900845,0.54616413,0.63172094,7.9763652,5.038837,0.41541929,0.74481211,13.454804,10.021301,0.47428438,0.76302905,17.846902,13.617704,0.38945003,0.80006176,17.768407,14.215823,0.61616636,0.89592968,27.316649,24.473797
init,init,-1,,5099,088.Western_Meadowlark/Western_Meadowlark_0098_78382.jpg,88,87,088.Western_Meadowlark,129,128,color_jitter,color_jitter,0,"{""brightness"":1.018477,""contrast"":1.014088,""hue"":-0.051694,""saturation"":1.219554}",5.1787639,5.4018703,0.22310638,0.0056349668,0.0045081414,0.024525298,0.023316711,-0.018890331,-0.01880857,8.1761274e-05,0.81605928,1.0767257,47.550532,51.198879,False,0.93065166,True,False,False,0.81605928,1.0767257,47.550532,51.198879,0.77086237,1.0740757,40.312302,43.298465,0.93057088,1.0834676,25.218475,27.323399,0.62809105,0.9338865,7.9763652,7.4490198,0.76103422,1.1602319,13.454804,15.610692,0.81334537,1.0357789,17.846902,18.485444,0.72390446,1.0650736,17.768407,18.924661,0.7875038,1.0833168,27.316649,29.592584
init,init,-1,,5099,088.Western_Meadowlark/Western_Meadowlark_0098_78382.jpg,88,87,088.Western_Meadowlark,129,128,rotation,rotation,0,"{""angle"":5.97511}",5.1787639,4.9420519,-0.23671198,0.0056349668,0.007139931,0.024525298,0.024191625,-0.018890331,-0.017051694,0.0018386366,0.7681457,1.0111971,47.550532,48.082959,False,0.95704794,False,False,False,0.7681457,1.0111971,47.550532,48.082959,0.68978514,0.99213425,40.312302,39.995215,0.95698216,1.0583493,25.218475,26.689955,0.45472603,0.88663824,7.9763652,7.0721504,0.587672,0.9817862,13.454804,13.209741,0.70984574,0.95556981,17.846902,17.05396,0.60170504,0.98316257,17.768407,17.469232,0.75966505,1.0218031,27.316649,27.912238
init,init,-1,,5099,088.Western_Meadowlark/Western_Meadowlark_0098_78382.jpg,88,87,088.Western_Meadowlark,129,128,random_resized_crop,random_resized_crop,0,"{""area_fraction"":0.610218,""aspect"":1.299535,""fallback"":false,""height"":0.685249,""left"":0.057206,""top"":0.166911,""width"":0.890505}",5.1787639,5.3368335,0.15806961,0.0056349668,0.004811082,0.024525298,0.02412861,-0.018890331,-0.019317528,-0.0004271972,0.66931171,1.0744287,47.550532,51.089659,False,0.92047703,False,False,False,0.66931171,1.0744287,47.550532,51.089659,0.56503986,1.054452,40.312302,42.507387,0.92025896,1.123863,25.218475,28.342111,0.46270659,1.1257618,7.9763652,8.9794871,0.50840387,1.0360968,13.454804,13.94048,0.56516481,0.99852583,17.846902,17.820592,0.47761012,1.0049592,17.768407,17.856524,0.62200576,1.0954706,27.316649,29.924586
init,init,-1,,5099,088.Western_Meadowlark/Western_Meadowlark_0098_78382.jpg,88,87,088.Western_Meadowlark,129,128,gaussian_blur,gaussian_blur,0,"{""sigma"":1.286745}",5.1787639,5.3549414,0.1761775,0.0056349668,0.0047247461,0.024525298,0.030481627,-0.018890331,-0.025756881,-0.0068665501,0.74349511,1.1354693,47.550532,53.992167,False,0.96027321,True,False,False,0.74349511,1.1354693,47.550532,53.992167,0.65711972,1.1293279,40.312302,45.525806,0.9601458,1.1510133,25.218475,29.026801,0.23861649,1.0017181,7.9763652,7.9900698,0.47983182,1.2607929,13.454804,16.963721,0.58544561,1.1046923,17.846902,19.715335,0.59588362,1.0575517,17.768407,18.791008,0.79118686,1.145531,27.316649,31.292068
init,init,-1,,5099,088.Western_Meadowlark/Western_Meadowlark_0098_78382.jpg,88,87,088.Western_Meadowlark,129,128,random_erasing,random_erasing,0,"{""area_fraction"":0.056329,""erased"":true,""height"":0.158937,""left"":0.343599,""top"":0.319456,""width"":0.354414}",5.1787639,5.0693674,-0.10939646,0.0056349668,0.0062863962,0.024525298,0.02045254,-0.018890331,-0.014166144,0.0047241868,0.86988721,0.97475217,47.550532,46.349984,False,0.97586745,False,False,False,0.86988721,0.97475217,47.550532,46.349984,0.82634443,0.9579262,40.312302,38.61621,0.97582341,1.0164828,25.218475,25.634145,0.89710389,0.82934039,7.9763652,6.6151218,0.76497281,0.8589884,13.454804,11.557521,0.81175706,0.87248236,17.846902,15.571107,0.79090695,0.95155187,17.768407,16.907561,0.85799079,1.026029,27.316649,28.027675
init,init,-1,,10420,177.Prothonotary_Warbler/Prothonotary_Warbler_0082_173970.jpg,177,176,177.Prothonotary_Warbler,4,3,identity,identity,0,{},4.5286779,4.5286779,0,0.010794941,0.010794941,0.02126155,0.02126155,-0.010466609,-0.010466609,0,1,1,56.892963,56.892963,False,1,True,False,False,1,1,56.892963,56.892963,1,1,51.230419,51.230419,1,1,24.743754,24.743754,1,1,18.038426,18.038426,1,1,20.415276,20.415276,1,1,20.595685,20.595685,1,1,21.879964,21.879964,1,1,31.296525,31.296525
init,init,-1,,10420,177.Prothonotary_Warbler/Prothonotary_Warbler_0082_173970.jpg,177,176,177.Prothonotary_Warbler,4,3,horizontal_flip,horizontal_flip,0,"{""flipped"":true}",4.5286779,4.7256813,0.19700336,0.010794941,0.0088646738,0.02126155,0.014930729,-0.010466609,-0.006066055,0.0044005541,0.63073522,0.95796472,56.892963,54.501451,False,0.95244372,False,False,False,0.63073522,0.95796472,56.892963,54.501451,0.5511692,0.94629538,51.230419,48.479109,0.95238441,1.0064559,24.743754,24.903497,0.69871792,0.77557067,18.038426,13.990074,0.46502194,0.9442055,20.415276,19.276216,0.41002333,1.0423033,20.595685,21.466951,0.45445817,0.9368716,21.879964,20.498717,0.66438542,0.95958521,31.296525,30.031682
init,init,-1,,10420,177.Prothonotary_Warbler/Prothonotary_Warbler_0082_173970.jpg,177,176,177.Prothonotary_Warbler,4,3,color_jitter,color_jitter,0,"{""brightness"":0.608031,""contrast"":0.798025,""hue"":-0.060956,""saturation"":1.153205}",4.5286779,4.4625492,-0.066128731,0.010794941,0.011532926,0.02126155,0.031536628,-0.010466609,-0.020003702,-0.0095370924,0.71791106,0.94981337,56.892963,54.037697,False,0.88736868,True,False,False,0.71791106,0.94981337,56.892963,54.037697,0.67755887,0.94579888,51.230419,48.453673,0.88726629,0.96683348,24.743754,23.92309,0.64001667,1.0427513,18.038426,18.809592,0.5498734,0.94236124,20.415276,19.238565,0.66161791,0.98580873,20.595685,20.303406,0.67186824,0.89302586,21.879964,19.539374,0.75967359,0.92044066,31.296525,28.806594
init,init,-1,,10420,177.Prothonotary_Warbler/Prothonotary_Warbler_0082_173970.jpg,177,176,177.Prothonotary_Warbler,4,3,rotation,rotation,0,"{""angle"":12.16329}",4.5286779,4.4915638,-0.037114143,0.010794941,0.011203111,0.02126155,0.0091776969,-0.010466609,0.0020254143,0.012492023,0.65358846,0.93514259,56.892963,53.203033,False,0.88085443,False,False,False,0.65358846,0.93514259,56.892963,53.203033,0.59357944,0.90545497,51.230419,46.386837,0.88065441,1.0529627,24.743754,26.054252,0.55308834,0.51754715,18.038426,9.3357359,0.51872493,0.76254369,20.415276,15.56754,0.54547684,0.88090676,20.595685,18.142878,0.57530317,0.96600804,21.879964,21.136221,0.67438368,1.0335663,31.296525,32.347033
init,init,-1,,10420,177.Prothonotary_Warbler/Prothonotary_Warbler_0082_173970.jpg,177,176,177.Prothonotary_Warbler,4,3,random_resized_crop,random_resized_crop,0,"{""area_fraction"":0.509741,""aspect"":0.843981,""fallback"":false,""height"":0.777156,""left"":0.21884,""top"":0.064994,""width"":0.655905}",4.5286779,5.2115793,0.68290138,0.010794941,0.0054530553,0.02126155,0.018445382,-0.010466609,-0.012992327,-0.0025257175,0.64257983,0.97328793,56.892963,55.373234,False,0.90410233,False,False,False,0.64257983,0.97328793,56.892963,55.373234,0.57662635,0.9566219,51.230419,49.008141,0.90407054,1.0417135,24.743754,25.775904,0.44588034,0.75940821,18.038426,13.698529,0.61018761,1.0207605,20.415276,20.839107,0.56610967,1.026696,20.595685,21.145508,0.50469899,0.95924465,21.879964,20.988239,0.64145123,0.95443202,31.296525,29.870405
init,init,-1,,10420,177.Prothonotary_Warbler/Prothonotary_Warbler_0082_173970.jpg,177,176,177.Prothonotary_Warbler,4,3,gaussian_blur,gaussian_blur,0,"{""sigma"":1.305988}",4.5286779,4.4763246,-0.052353382,0.010794941,0.011375143,0.02126155,0.013048733,-0.010466609,-0.0016735895,0.0087930197,0.74720567,0.94218786,56.892963,53.603859,False,0.9605844,False,False,False,0.74720567,0.94218786,56.892963,53.603859,0.69658025,0.93901612,51.230419,48.10619,0.96053502,0.95566494,24.743754,23.646738,0.33055491,0.69720679,18.038426,12.576513,0.53037176,0.88903506,20.415276,18.149896,0.67131985,1.1384594,20.595685,23.447351,0.73826899,0.96205026,21.879964,21.049625,0.86424381,0.92261944,31.296525,28.874782
init,init,-1,,10420,177.Prothonotary_Warbler/Prothonotary_Warbler_0082_173970.jpg,177,176,177.Prothonotary_Warbler,4,3,random_erasing,random_erasing,0,"{""area_fraction"":0.188094,""erased"":true,""height"":0.327775,""left"":0.331406,""top"":0.581169,""width"":0.573852}",4.5286779,4.2468052,-0.28187275,0.010794941,0.014309873,0.02126155,0.016753897,-0.010466609,-0.0024440242,0.008022585,0.61805043,0.95699226,56.892963,54.446125,False,0.82398093,False,False,False,0.61805043,0.95699226,56.892963,54.446125,0.57006725,0.95719508,51.230419,49.037505,0.82397175,0.95612235,24.743754,23.658056,0.67134121,0.74190117,18.038426,13.382729,0.59550264,1.0117288,20.415276,20.654722,0.57213932,1.0557918,20.595685,21.744756,0.48005784,0.93394323,21.879964,20.434645,0.58100519,0.96311684,31.296525,30.14221
init,init,-1,,3164,055.Evening_Grosbeak/Evening_Grosbeak_0069_37684.jpg,55,54,055.Evening_Grosbeak,107,106,identity,identity,0,{},5.029933,5.029933,0,0.0065392484,0.0065392484,0.018760899,0.018760899,-0.012221651,-0.012221651,0,1,1,36.793337,36.793337,False,1.0000001,True,False,False,1,1,36.793337,36.793337,1,1,28.543762,28.543762,1,1,23.216445,23.216445,1,1,5.6071171,5.6071171,1,1,8.7646767,8.7646767,1,1,10.937792,10.937792,1,1,11.113167,11.113167,1,1,21.525549,21.525549
init,init,-1,,3164,055.Evening_Grosbeak/Evening_Grosbeak_0069_37684.jpg,55,54,055.Evening_Grosbeak,107,106,horizontal_flip,horizontal_flip,0,"{""flipped"":true}",5.029933,4.9121494,-0.11778355,0.0065392484,0.007356659,0.018760899,0.02098004,-0.012221651,-0.013623381,-0.0014017299,0.75716986,1.1218076,36.793337,41.275047,False,0.97801852,True,False,False,0.75716986,1.1218076,36.793337,41.275047,0.61530744,1.1343804,28.543762,32.379485,0.97798764,1.1025308,23.216445,25.596845,0.21411919,1.0154416,5.6071171,5.6936998,0.57610382,1.4673333,8.7646767,12.860702,0.63309681,1.2194835,10.937792,13.338457,0.44689417,1.132563,11.113167,12.586362,0.70068064,1.0535311,21.525549,22.677836
init,init,-1,,3164,055.Evening_Grosbeak/Evening_Grosbeak_0069_37684.jpg,55,54,055.Evening_Grosbeak,107,106,color_jitter,color_jitter,0,"{""brightness"":0.982312,""contrast"":0.897519,""hue"":-0.08959,""saturation"":1.337396}",5.029933,5.1003594,0.070426464,0.0065392484,0.0060945535,0.018760899,0.01248089,-0.012221651,-0.0063863369,0.0058353138,0.73470836,0.99486848,36.793337,36.604532,False,0.88184869,False,False,False,0.73470836,0.99486848,36.793337,36.604532,0.6602174,1.0674666,28.543762,30.469513,0.88183636,0.87375459,23.216445,20.285476,0.74989342,1.5768535,5.6071171,8.8416022,0.57176212,1.1196855,8.7646767,9.8136813,0.69930557,1.1479253,10.937792,12.555769,0.58925309,1.0648447,11.113167,11.833797,0.68362993,0.99228012,21.525549,21.359374
init,init,-1,,3164,055.Evening_Grosbeak/Evening_Grosbeak_0069_37684.jpg,55,54,055.Evening_Grosbeak,107,106,rotation,rotation,0,"{""angle"":-5.645089}",5.029933,5.3112531,0.2813201,0.0065392484,0.0049357382,0.018760899,0.018458931,-0.012221651,-0.013523193,-0.0013015419,0.81766975,1.1972249,36.793337,44.049899,False,0.97159517,False,False,False,0.81766975,1.1972249,36.793337,44.049899,0.72711235,1.2429662,28.543762,35.478931,0.97153148,1.1245571,23.216445,26.108219,0.70919668,1.3791973,5.6071171,7.7333208,0.63831186,1.3920728,8.7646767,12.201068,0.67924857,1.3068061,10.937792,14.293574,0.61803097,1.3630185,11.113167,15.147453,0.79923284,1.1533294,21.525549,24.826048
init,init,-1,,3164,055.Evening_Grosbeak/Evening_Grosbeak_0069_37684.jpg,55,54,055.Evening_Grosbeak,107,106,random_resized_crop,random_resized_crop,0,"{""area_fraction"":0.845615,""aspect"":0.905945,""fallback"":false,""height"":0.96613,""left"":0.05187,""top"":0.029304,""width"":0.875261}",5.029933,5.0475602,0.017627239,0.0065392484,0.0064249905,0.018760899,0.02444917,-0.012221651,-0.018024179,-0.0058025285,0.85044667,1.1836552,36.793337,43.550624,False,0.97308886,True,False,False,0.85044667,1.1836552,36.793337,43.550624,0.77833861,1.2274545,28.543762,35.036169,0.9730155,1.1141855,23.216445,25.867426,0.84172805,1.4062316,5.6071171,7.8849052,0.72411933,1.3865811,8.7646767,12.152935,0.73833893,1.313236,10.937792,14.363903,0.6746408,1.2665737,11.113167,14.075644,0.8301621,1.1504153,21.525549,24.763321
init,init,-1,,3164,055.Evening_Grosbeak/Evening_Grosbeak_0069_37684.jpg,55,54,055.Evening_Grosbeak,107,106,gaussian_blur,gaussian_blur,0,"{""sigma"":1.55324}",5.029933,5.2947903,0.26485729,0.0065392484,0.0050176671,0.018760899,0.019900812,-0.012221651,-0.014883145,-0.0026614941,0.7634391,1.2840051,36.793337,47.242834,False,0.94507098,True,False,False,0.7634391,1.2840051,36.793337,47.242834,0.66470407,1.3604956,28.543762,38.833663,0.944944,1.1588391,23.216445,26.904125,0.37576159,1.3274497,5.6071171,7.4431656,0.65576632,1.6855652,8.7646767,14.773434,0.66298597,1.5084531,10.937792,16.499147,0.54617576,1.4523164,11.113167,16.139834,0.73412146,1.2305974,21.525549,26.489284
init,init,-1,,3164,055.Evening_Grosbeak/Evening_Grosbeak_0069_37684.jpg,55,54,055.Evening_Grosbeak,107,106,random_erasing,random_erasing,0,"{""area_fraction"":0.168766,""erased"":true,""height"":0.541581,""left"":0.440102,""top"":0.263989,""width"":0.311617}",5.029933,4.9313293,-0.098603725,0.0065392484,0.0072169043,0.018760899,0.012180259,-0.012221651,-0.0049633551,0.0072582955,0.63672136,1.3158675,36.793337,48.415157,False,0.87477493,False,False,False,0.63672136,1.3158675,36.793337,48.415157,0.50112919,1.3819,28.543762,39.444624,0.87454058,1.2092287,23.216445,28.073993,0.18357128,1.3163665,5.6071171,7.381021,0.37585971,1.5783169,8.7646767,13.833437,0.50978157,1.5964887,10.937792,17.462062,0.39146953,1.4092616,11.113167,15.66136,0.58236976,1.2805746,21.525549,27.565071
init,init,-1,,8053,138.Tree_Swallow/Tree_Swallow_0030_134942.jpg,138,137,138.Tree_Swallow,129,128,identity,identity,0,{},6.0988626,6.0988626,0,0.0022454201,0.0022454201,0.020486204,0.020486204,-0.018240784,-0.018240784,0,1,1,47.444853,47.444853,False,0.99999994,True,False,False,1,1,47.444853,47.444853,1,1,40.581718,40.581718,1,1,24.579224,24.579224,1,1,5.0755313,5.0755313,1,1,11.850653,11.850653,1,1,16.602152,16.602152,1,1,19.021069,19.021069,1,1,29.038669,29.038669
init,init,-1,,8053,138.Tree_Swallow/Tree_Swallow_0030_134942.jpg,138,137,138.Tree_Swallow,129,128,horizontal_flip,horizontal_flip,0,"{""flipped"":true}",6.0988626,6.2670517,0.16818905,0.0022454201,0.001897815,0.020486204,0.023123186,-0.018240784,-0.021225371,-0.0029845872,0.60345266,1.1917911,47.444853,56.544352,False,0.95307767,True,False,False,0.60345266,1.1917911,47.444853,56.544352,0.48482877,1.2144978,40.581718,49.286408,0.95299045,1.1275728,24.579224,27.714864,0.44833542,1.7885819,5.0755313,9.0780035,0.30675482,1.4718858,11.850653,17.442808,0.44365163,1.241716,16.602152,20.615158,0.3707454,1.1788658,19.021069,22.423288,0.593782,1.1497469,29.038669,33.38712
init,init,-1,,8053,138.Tree_Swallow/Tree_Swallow_0030_134942.jpg,138,137,138.Tree_Swallow,129,128,color_jitter,color_jitter,0,"{""brightness"":1.220467,""contrast"":0.708912,""hue"":0.081315,""saturation"":1.048585}",6.0988626,6.2776132,0.17875051,0.0022454201,0.0018778773,0.020486204,0.019251952,-0.018240784,-0.017374075,0.00086670916,0.68370964,1.0922395,47.444853,51.821142,False,0.92794365,True,False,False,0.68370964,1.0922395,47.444853,51.821142,0.60574117,1.1256221,40.581718,45.67968,0.92790837,0.99557011,24.579224,24.47034,0.40976743,2.0966793,5.0755313,10.641761,0.38846839,1.4707268,11.850653,17.429074,0.53880321,1.1164571,16.602152,18.53559,0.55038583,1.060913,19.021069,20.179698,0.73102249,1.0438539,29.038669,30.312129
init,init,-1,,8053,138.Tree_Swallow/Tree_Swallow_0030_134942.jpg,138,137,138.Tree_Swallow,129,128,rotation,rotation,0,"{""angle"":-6.165752}",6.0988626,6.2415991,0.14273643,0.0022454201,0.0019467406,0.020486204,0.01995031,-0.018240784,-0.018003569,0.00023721461,0.69368289,0.9897584,47.444853,46.958942,False,0.95074362,True,False,False,0.69368289,0.9897584,47.444853,46.958942,0.59399188,0.9734294,40.581718,39.503437,0.95065763,1.032961,24.579224,25.389381,0.17482628,1.0127835,5.0755313,5.1404146,0.34573637,1.0099336,11.850653,11.968373,0.40405558,0.95782717,16.602152,15.901992,0.51888472,0.9208735,19.021069,17.515998,0.73948704,0.99281606,29.038669,28.830057
init,init,-1,,8053,138.Tree_Swallow/Tree_Swallow_0030_134942.jpg,138,137,138.Tree_Swallow,129,128,random_resized_crop,random_resized_crop,0,"{""area_fraction"":0.576733,""aspect"":0.99319,""fallback"":false,""height"":0.762029,""left"":0.073605,""top"":0.187536,""width"":0.756839}",6.0988626,6.3606791,0.2618165,0.0022454201,0.0017281928,0.020486204,0.028962981,-0.018240784,-0.027234788,-0.0089940043,0.58223749,1.2313965,47.444853,58.423424,False,0.92866182,True,False,False,0.58223749,1.2313965,47.444853,58.423424,0.45826757,1.239218,40.581718,50.289597,0.92851439,1.2098181,24.579224,29.73639,-0.030429271,2.1437685,5.0755313,10.880764,0.13697419,1.5985454,11.850653,18.943807,0.2925993,1.2085214,16.602152,20.064056,0.4126174,1.1321907,19.021069,21.535477,0.63981651,1.1856687,29.038669,34.430243
init,init,-1,,8053,138.Tree_Swallow/Tree_Swallow_0030_134942.jpg,138,137,138.Tree_Swallow,129,128,gaussian_blur,gaussian_blur,0,"{""sigma"":1.050322}",6.0988626,6.0508504,-0.048012257,0.0022454201,0.002355858,0.020486204,0.02388218,-0.018240784,-0.021526322,-0.0032855386,0.71687176,1.1331226,47.444853,53.760836,False,0.94904739,True,False,False,0.71687176,1.1331226,47.444853,53.760836,0.63959582,1.1584792,40.581718,47.013076,0.94897142,1.0609275,24.579224,26.076775,0.54369753,1.5054818,5.0755313,7.6411201,0.45998036,1.4034733,11.850653,16.632076,0.43610351,1.2165623,16.602152,20.197551,0.60771921,1.1394316,19.021069,21.673207,0.77604154,1.0876524,29.038669,31.583977
init,init,-1,,8053,138.Tree_Swallow/Tree_Swallow_0030_134942.jpg,138,137,138.Tree_Swallow,129,128,random_erasing,random_erasing,0,"{""area_fraction"":0.189073,""erased"":true,""height"":0.629662,""left"":0.076976,""top"":0.262839,""width"":0.300277}",6.0988626,6.0906715,-0.0081911087,0.0022454201,0.0022638876,0.020486204,0.019096261,-0.018240784,-0.016832373,0.0014084105,0.831512,1.1455287,47.444853,54.349441,False,0.9575609,False,False,False,0.831512,1.1455287,47.444853,54.349441,0.78985172,1.1703639,40.581718,47.495377,0.95741262,1.0749181,24.579224,26.420651,0.79371412,1.7122372,5.0755313,8.6905137,0.78761022,1.3025576,11.850653,15.436159,0.78791804,1.208727,16.602152,20.067469,0.7468681,1.2087266,19.021069,22.991271,0.81693517,1.0948039,29.038669,31.791649
init,init,-1,,8498,145.Elegant_Tern/Elegant_Tern_0004_150948.jpg,145,144,145.Elegant_Tern,129,128,identity,identity,0,{},5.9119782,5.9119782,0,0.0027068264,0.0027068264,0.016174311,0.016174311,-0.013467484,-0.013467484,0,1,1,44.585081,44.585081,False,0.99999994,True,False,False,1,1,44.585081,44.585081,1,1,38.248565,38.248565,1,1,22.910188,22.910188,1,1,9.24462,9.24462,1,1,14.404507,14.404507,1,1,15.766391,15.766391,1,1,15.412168,15.412168,1,1,26.151212,26.151212
init,init,-1,,8498,145.Elegant_Tern/Elegant_Tern_0004_150948.jpg,145,144,145.Elegant_Tern,129,128,horizontal_flip,horizontal_flip,0,"{""flipped"":true}",5.9119782,6.1209497,0.2089715,0.0027068264,0.0021963692,0.016174311,0.014794124,-0.013467484,-0.012597755,0.00086972932,0.69227393,1.0389355,44.585081,46.321025,False,0.95546061,False,False,False,0.69227393,1.0389355,44.585081,46.321025,0.6051703,1.0586039,38.248565,40.490079,0.95544433,0.98203844,22.910188,22.498686,0.63916723,0.85693173,9.24462,7.9220083,0.48670471,1.0491868,14.404507,15.113019,0.63513232,1.2966559,15.766391,20.443585,0.47931007,1.0163536,15.412168,15.664213,0.67797088,1.0007975,26.151212,26.172069
init,init,-1,,8498,145.Elegant_Tern/Elegant_Tern_0004_150948.jpg,145,144,145.Elegant_Tern,129,128,color_jitter,color_jitter,0,"{""brightness"":1.024728,""contrast"":0.77693,""hue"":0.043722,""saturation"":0.83908}",5.9119782,5.876657,-0.035321236,0.0027068264,0.0028041434,0.016174311,0.01538849,-0.013467484,-0.012584346,0.00088313804,0.87715215,1.0119952,44.585081,45.11989,False,0.98052937,False,False,False,0.87715215,1.0119952,44.585081,45.11989,0.83959268,1.008436,38.248565,38.57123,0.98052097,1.0218502,22.910188,23.410782,0.86437879,0.82788245,9.24462,7.6534586,0.8086851,1.0815583,14.404507,15.579315,0.79374908,1.0492491,15.766391,16.542872,0.78477497,1.007141,15.412168,15.522226,0.88699724,0.99115625,26.151212,25.919938
init,init,-1,,8498,145.Elegant_Tern/Elegant_Tern_0004_150948.jpg,145,144,145.Elegant_Tern,129,128,rotation,rotation,0,"{""angle"":3.604861}",5.9119782,5.9186358,0.0066576004,0.0027068264,0.0026888654,0.016174311,0.020421689,-0.013467484,-0.017732824,-0.0042653396,0.73734423,1.0954981,44.585081,48.842874,False,0.95866126,True,False,False,0.73734423,1.0954981,44.585081,48.842874,0.6539831,1.0799075,38.248565,41.304912,0.95859416,1.137826,22.910188,26.067807,0.78047683,1.4856439,9.24462,13.734214,0.50570261,1.0570601,14.404507,15.22643,0.52433276,0.9941052,15.766391,15.673452,0.53014548,1.0543365,15.412168,16.249611,0.76991871,1.0651617,26.151212,27.855269
init,init,-1,,8498,145.Elegant_Tern/Elegant_Tern_0004_150948.jpg,145,144,145.Elegant_Tern,129,128,random_resized_crop,random_resized_crop,0,"{""area_fraction"":0.665787,""aspect"":0.942852,""fallback"":false,""height"":0.840322,""left"":0.004576,""top"":0.144824,""width"":0.792299}",5.9119782,5.9667549,0.054776669,0.0027068264,0.0025625445,0.016174311,0.03121007,-0.013467484,-0.028647526,-0.015180042,0.63862013,1.2613242,44.585081,56.236243,False,0.93114352,True,False,False,0.63862013,1.2613242,44.585081,56.236243,0.5454838,1.2952057,38.248565,49.539761,0.93091026,1.1616847,22.910188,26.614415,0.24805171,1.2177612,9.24462,11.257739,0.41032856,1.5002981,14.404507,21.611055,0.51921933,1.3423249,15.766391,21.16362,0.45473016,1.3831807,15.412168,21.317814,0.68860862,1.1836022,26.151212,30.952634
init,init,-1,,8498,145.Elegant_Tern/Elegant_Tern_0004_150948.jpg,145,144,145.Elegant_Tern,129,128,gaussian_blur,gaussian_blur,0,"{""sigma"":1.979091}",5.9119782,5.5656257,-0.34635258,0.0027068264,0.0038271854,0.016174311,0.016751893,-0.013467484,-0.012924707,0.00054277689,0.53097521,1.4571339,44.585081,64.966432,False,0.80008054,False,False,False,0.53097521,1.4571339,44.585081,64.966432,0.45755916,1.5340079,38.248565,58.6736,0.7998532,1.217514,22.910188,27.893475,-0.082973076,1.1533348,9.24462,10.662142,0.47781032,1.5858204,14.404507,22.842962,0.58604282,2.1827316,15.766391,34.413801,0.39622406,1.5398569,15.412168,23.732533,0.48740435,1.2447217,26.151212,32.550982
init,init,-1,,8498,145.Elegant_Tern/Elegant_Tern_0004_150948.jpg,145,144,145.Elegant_Tern,129,128,random_erasing,random_erasing,0,"{""area_fraction"":0.183691,""erased"":true,""height"":0.715471,""left"":0.733975,""top"":0.11282,""width"":0.256741}",5.9119782,6.2986522,0.38667393,0.0027068264,0.0018387821,0.016174311,0.01338736,-0.013467484,-0.011548578,0.0019189068,0.80871855,1.0349338,44.585081,46.142608,False,0.9460392,False,False,False,0.80871855,1.0349338,44.585081,46.142608,0.75934348,1.034318,38.248565,39.56118,0.94603041,1.0366483,22.910188,23.749807,0.84239034,1.0060662,9.24462,9.3007,0.72958268,0.9777786,14.404507,14.084419,0.69457672,1.0959723,15.766391,17.279528,0.66514112,1.0699256,15.412168,16.489872,0.81858188,1.0187091,26.151212,26.640479
init,init,-1,,6675,115.Brewer_Sparrow/Brewer_Sparrow_0046_796696.jpg,115,114,115.Brewer_Sparrow,129,128,identity,identity,0,{},5.6133504,5.6133504,0,0.0036488238,0.0036488238,0.018864183,0.018864183,-0.015215359,-0.015215359,0,1,1,41.159263,41.159263,False,1,True,False,False,1,1,41.159263,41.159263,1,1,34.905917,34.905917,1,1,21.809675,21.809675,1,1,5.0200813,5.0200813,1,1,11.326383,11.326383,1,1,13.874736,13.874736,1,1,16.045288,16.045288,1,1,24.798696,24.798696
init,init,-1,,6675,115.Brewer_Sparrow/Brewer_Sparrow_0046_796696.jpg,115,114,115.Brewer_Sparrow,129,128,horizontal_flip,horizontal_flip,0,"{""flipped"":true}",5.6133504,5.3966584,-0.21669197,0.0036488238,0.0045316992,0.018864183,0.02150964,-0.015215359,-0.016977941,-0.0017625818,0.63583214,1.0154555,41.159263,41.795399,False,0.95068944,True,False,False,0.63583214,1.0154555,41.159263,41.795399,0.51970225,1.0305515,34.905917,35.972347,0.95071257,0.97572156,21.809675,21.28017,0.44790828,1.4267085,5.0200813,7.1621927,0.44999734,1.0747506,11.326383,12.173037,0.42490981,1.0256244,13.874736,14.230269,0.36668888,0.98424442,16.045288,15.792485,0.63247157,1.0222346,24.798696,25.350084
init,init,-1,,6675,115.Brewer_Sparrow/Brewer_Sparrow_0046_796696.jpg,115,114,115.Brewer_Sparrow,129,128,color_jitter,color_jitter,0,"{""brightness"":1.324969,""contrast"":1.380075,""hue"":0.007847,""saturation"":1.223402}",5.6133504,5.3361626,-0.27718782,0.0036488238,0.0048143109,0.018864183,0.01976289,-0.015215359,-0.014948579,0.00026677945,0.63315189,1.0990941,41.159263,45.237903,False,0.91355741,True,False,False,0.63315189,1.0990941,41.159263,45.237903,0.51871853,1.0844912,34.905917,37.85516,0.91355079,1.1356437,21.809675,24.76802,0.07157005,1.3084181,5.0200813,6.5683654,0.17444703,1.0175413,11.326383,11.525063,0.42888425,1.1646407,13.874736,16.159082,0.43284275,1.0010467,16.045288,16.062083,0.67182227,1.0954197,24.798696,27.16498
init,init,-1,,6675,115.Brewer_Sparrow/Brewer_Sparrow_0046_796696.jpg,115,114,115.Brewer_Sparrow,129,128,rotation,rotation,0,"{""angle"":-0.365811}",5.6133504,5.5926085,-0.02074194,0.0036488238,0.0037252987,0.018864183,0.020571286,-0.015215359,-0.016845987,-0.0016306282,0.89744354,1.0316763,41.159263,42.463035,False,0.98726308,True,False,False,0.89744354,1.0316763,41.159263,42.463035,0.86217542,1.0299691,34.905917,35.952016,0.98726601,1.0360364,21.809675,22.595617,0.84918019,1.1401631,5.0200813,5.7237113,0.79935352,1.1108758,11.326383,12.582205,0.82869182,1.0404861,13.874736,14.43647,0.83408681,1.0138445,16.045288,16.267428,0.90074077,1.0108831,24.798696,25.068582
init,init,-1,,6675,115.Brewer_Sparrow/Brewer_Sparrow_0046_796696.jpg,115,114,115.Brewer_Sparrow,129,128,random_resized_crop,random_resized_crop,0,"{""area_fraction"":0.648731,""aspect"":1.212509,""fallback"":false,""height"":0.731459,""left"":0.03154,""top"":0.267038,""width"":0.8869}",5.6133504,5.5496216,-0.063728809,0.0036488238,0.0038889295,0.018864183,0.024032103,-0.015215359,-0.020143173,-0.0049278145,0.59215747,1.1446926,41.159263,47.114705,False,0.91094422,True,False,False,0.59215747,1.1446926,41.159263,47.114705,0.47235202,1.1563785,34.905917,40.364452,0.91095728,1.1141999,21.809675,24.300338,0.063701551,2.1208947,5.0200813,10.647064,0.30445154,1.2739317,11.326383,14.429038,0.37384948,1.1454345,13.874736,15.892601,0.37339911,1.0457124,16.045288,16.778757,0.6225401,1.1215998,24.798696,27.814212
init,init,-1,,6675,115.Brewer_Sparrow/Brewer_Sparrow_0046_796696.jpg,115,114,115.Brewer_Sparrow,129,128,gaussian_blur,gaussian_blur,0,"{""sigma"":1.366853}",5.6133504,5.2989273,-0.31442308,0.0036488238,0.0049969507,0.018864183,0.030353887,-0.015215359,-0.025356936,-0.010141577,0.70795813,1.1588544,41.159263,47.697594,False,0.94039339,True,False,False,0.70795813,1.1588544,41.159263,47.697594,0.61912399,1.1654279,34.905917,40.680329,0.94031656,1.1418437,21.809675,24.903239,0.27037631,1.6032746,5.0200813,8.048569,0.48116782,1.3165031,11.326383,14.911218,0.53988013,1.2961515,13.874736,17.98376,0.56151975,1.0924295,16.045288,17.528347,0.73420044,1.0948039,24.798696,27.14971
init,init,-1,,6675,115.Brewer_Sparrow/Brewer_Sparrow_0046_796696.jpg,115,114,115.Brewer_Sparrow,129,128,random_erasing,random_erasing,0,"{""area_fraction"":0.141734,""erased"":true,""height"":0.280777,""left"":0.004338,""top"":0.635655,""width"":0.504791}",5.6133504,5.6917353,0.078384876,0.0036488238,0.0033737335,0.018864183,0.030066554,-0.015215359,-0.02669282,-0.011477461,0.79859984,1.2076149,41.159263,49.704538,False,0.95862877,True,False,False,0.79859984,1.2076149,41.159263,49.704538,0.73791604,1.2166154,34.905917,42.467075,0.95850224,1.1842478,21.809675,25.828059,0.52770418,1.1993681,5.0200813,6.0209254,0.69946277,1.3316895,11.326383,15.083225,0.72560426,1.4012011,13.874736,19.441295,0.73876564,1.2230328,16.045288,19.623914,0.76699148,1.1237759,24.798696,27.868177
init,init,-1,,5635,097.Orchard_Oriole/Orchard_Oriole_0080_91417.jpg,97,96,097.Orchard_Oriole,127,126,identity,identity,0,{},5.8119078,5.8119078,0,0.0029917182,0.0029917182,0.022047542,0.022047542,-0.019055824,-0.019055824,0,1,1,39.562134,39.562134,False,1,True,False,False,1,1,39.562134,39.562134,1,1,29.820312,29.820312,1,1,25.998297,25.998297,1,1,4.8693642,4.8693642,1,1,8.7398049,8.7398049,1,1,10.756117,10.756117,1,1,12.053819,12.053819,1,1,22.981895,22.981895
init,init,-1,,5635,097.Orchard_Oriole/Orchard_Oriole_0080_91417.jpg,97,96,097.Orchard_Oriole,127,126,horizontal_flip,horizontal_flip,0,"{""flipped"":true}",5.8119078,5.7641478,-0.04776001,0.0029917182,0.0031380688,0.022047542,0.01395437,-0.019055824,-0.010816301,0.0082395223,0.67984834,1.1339019,39.562134,44.859581,False,0.94205439,False,False,False,0.67984834,1.1339019,39.562134,44.859581,0.50075335,1.18053,29.820312,35.203772,0.94190708,1.0694643,25.998297,27.804252,0.70723464,1.1765257,4.8693642,5.7289319,0.28018654,1.1682346,8.7398049,10.210143,0.22593761,1.3640154,10.756117,14.671509,0.37404107,1.2279116,12.053819,14.801025,0.63737539,1.1245391,22.981895,25.844039
init,init,-1,,5635,097.Orchard_Oriole/Orchard_Oriole_0080_91417.jpg,97,96,097.Orchard_Oriole,127,126,color_jitter,color_jitter,0,"{""brightness"":0.993661,""contrast"":1.188732,""hue"":-0.096234,""saturation"":1.072664}",5.8119078,6.0592995,0.2473917,0.0029917182,0.0023360364,0.022047542,0.019177219,-0.019055824,-0.016841182,0.0022146413,0.68163471,1.1547365,39.562134,45.683839,False,0.88854063,False,False,False,0.68163471,1.1547365,39.562134,45.683839,0.55154587,1.2306892,29.820312,36.699535,0.88836523,1.0464467,25.998297,27.205832,0.62550532,1.1541249,4.8693642,5.6198544,0.24539037,1.2465405,8.7398049,10.894521,0.42944753,1.3208258,10.756117,14.206956,0.48550491,1.4111272,12.053819,17.009472,0.65196827,1.1556834,22.981895,26.559795
init,init,-1,,5635,097.Orchard_Oriole/Orchard_Oriole_0080_91417.jpg,97,96,097.Orchard_Oriole,127,126,rotation,rotation,0,"{""angle"":-10.552573}",5.8119078,5.5793071,-0.23260069,0.0029917182,0.003775181,0.022047542,0.022976575,-0.019055824,-0.019201394,-0.00014557061,0.75718577,1.193637,39.562134,47.222825,False,0.95615292,True,False,False,0.75718577,1.193637,39.562134,47.222825,0.62043572,1.2389249,29.820312,36.945128,0.95606112,1.1312964,25.998297,29.411779,0.52803369,1.4320625,4.8693642,6.9732341,0.55495063,1.3482298,8.7398049,11.783265,0.52478817,1.3544906,10.756117,14.569058,0.49805723,1.3101976,12.053819,15.792885,0.70163639,1.1641516,22.981895,26.754411
init,init,-1,,5635,097.Orchard_Oriole/Orchard_Oriole_0080_91417.jpg,97,96,097.Orchard_Oriole,127,126,random_resized_crop,random_resized_crop,0,"{""area_fraction"":0.802429,""aspect"":1.130274,""fallback"":false,""height"":0.84258,""left"":0.021899,""top"":0.099076,""width"":0.952347}",5.8119078,5.6466117,-0.16529608,0.0029917182,0.0035294555,0.022047542,0.018379878,-0.019055824,-0.014850423,0.0042054011,0.78565676,1.0381261,39.562134,41.070486,False,0.96073449,False,False,False,0.78565676,1.0381261,39.562134,41.070486,0.66176688,1.0668515,29.820312,31.813844,0.96069602,0.99907689,25.998297,25.974298,0.39333885,1.2126285,4.8693642,5.9047298,0.49128463,1.2103301,8.7398049,10.578049,0.60345247,1.0830419,10.756117,11.649325,0.56355296,1.1230544,12.053819,13.537095,0.75114182,1.0171137,22.981895,23.3752
init,init,-1,,5635,097.Orchard_Oriole/Orchard_Oriole_0080_91417.jpg,97,96,097.Orchard_Oriole,127,126,gaussian_blur,gaussian_blur,0,"{""sigma"":1.668636}",5.8119078,5.5056057,-0.30630207,0.0029917182,0.0040639271,0.022047542,0.0097250314,-0.019055824,-0.0056611043,0.013394719,0.60184811,1.1075257,39.562134,43.816081,False,0.86970556,False,False,False,0.60184811,1.1075257,39.562134,43.816081,0.46158993,1.2355395,29.820312,36.844174,0.86959557,0.91213831,25.998297,23.714043,0.33473198,0.94389255,4.8693642,4.5961565,0.30166815,1.5776858,8.7398049,13.788666,0.34143969,1.5743335,10.756117,16.933714,0.41064169,1.4113456,12.053819,17.012105,0.57753867,1.0389188,22.981895,23.876322
init,init,-1,,5635,097.Orchard_Oriole/Orchard_Oriole_0080_91417.jpg,97,96,097.Orchard_Oriole,127,126,random_erasing,random_erasing,0,"{""area_fraction"":0.077193,""erased"":true,""height"":0.234236,""left"":0.217816,""top"":0.607407,""width"":0.329552}",5.8119078,5.8696241,0.05771637,0.0029917182,0.0028239351,0.022047542,0.02350468,-0.019055824,-0.020680745,-0.0016249211,0.87612789,1.068326,39.562134,42.265256,False,0.98000425,True,False,False,0.87612789,1.068326,39.562134,42.265256,0.79542598,1.0572457,29.820312,31.527397,0.9799426,1.0827308,25.998297,28.149158,0.85847066,0.92033216,4.8693642,4.4814324,0.74000882,1.0846221,8.7398049,9.4793852,0.71384674,1.0909324,10.756117,11.734196,0.70403346,1.0209547,12.053819,12.306403,0.844276,1.0612914,22.981895,24.390488
init,init,-1,,2888,050.Eared_Grebe/Eared_Grebe_0004_34277.jpg,50,49,050.Eared_Grebe,38,37,identity,identity,0,{},5.6938267,5.6938267,0,0.0033666855,0.0033666855,0.025894847,0.025894847,-0.022528161,-0.022528161,0,1,1,53.848384,53.848384,False,1,True,False,False,1,1,53.848384,53.848384,1,1,43.374255,43.374255,1,1,31.911164,31.911164,1,1,5.866886,5.866886,1,1,15.245548,15.245548,1,1,17.389995,17.389995,1,1,17.924984,17.924984,1,1,31.476372,31.476372
init,init,-1,,2888,050.Eared_Grebe/Eared_Grebe_0004_34277.jpg,50,49,050.Eared_Grebe,38,37,horizontal_flip,horizontal_flip,0,"{""flipped"":true}",5.6938267,5.6494393,-0.044387341,0.0033666855,0.0035194897,0.025894847,0.030433126,-0.022528161,-0.026913636,-0.0043854748,0.71420343,0.94341883,53.848384,50.801579,False,0.9629392,True,False,False,0.71420343,0.94341883,53.848384,50.801579,0.57896399,0.94173702,43.374255,40.847142,0.96279892,0.94651809,31.911164,30.204494,0.38936196,0.95126049,5.866886,5.5809369,0.48294997,0.8952942,15.245548,13.649251,0.45816652,0.90569756,17.389995,15.750076,0.469367,0.9744643,17.924984,17.467257,0.67862931,0.95196745,31.476372,29.964482
init,init,-1,,2888,050.Eared_Grebe/Eared_Grebe_0004_34277.jpg,50,49,050.Eared_Grebe,38,37,color_jitter,color_jitter,0,"{""brightness"":1.289716,""contrast"":0.940025,""hue"":0.001166,""saturation"":0.69644}",5.6938267,5.8696241,0.17579746,0.0033666855,0.0028239344,0.025894847,0.036624655,-0.022528161,-0.033800721,-0.011272559,0.90837552,1.0036569,53.848384,54.0453,False,0.98925686,True,False,False,0.90837552,1.0036569,53.848384,54.0453,0.86322842,0.99027269,43.374255,42.95234,0.98913345,1.0279255,31.911164,32.802301,0.69253686,0.94828729,5.866886,5.5634934,0.71138709,0.89293541,15.245548,13.61329,0.81240203,0.94743052,17.389995,16.475812,0.8337647,1.0025849,17.924984,17.971318,0.92528248,1.0216907,31.476372,32.159117
init,init,-1,,2888,050.Eared_Grebe/Eared_Grebe_0004_34277.jpg,50,49,050.Eared_Grebe,38,37,rotation,rotation,0,"{""angle"":2.899181}",5.6938267,5.5017333,-0.19209337,0.0033666855,0.0040796939,0.025894847,0.024510348,-0.022528161,-0.020430654,0.002097507,0.80680116,0.93760071,53.848384,50.488283,False,0.9690702,True,False,False,0.80680116,0.93760071,53.848384,50.488283,0.72090251,0.94433928,43.374255,40.960013,0.96892345,0.92502226,31.911164,29.518537,0.61278058,0.79205692,5.866886,4.6469077,0.61426588,0.89445962,15.245548,13.636527,0.6227762,0.9345019,17.389995,16.250983,0.61689258,0.95958806,17.924984,17.2006,0.81099718,0.9584915,31.476372,30.169835
init,init,-1,,2888,050.Eared_Grebe/Eared_Grebe_0004_34277.jpg,50,49,050.Eared_Grebe,38,37,random_resized_crop,random_resized_crop,0,"{""area_fraction"":0.615402,""aspect"":1.044688,""fallback"":false,""height"":0.767513,""left"":0.1623,""top"":0.207219,""width"":0.801812}",5.6938267,5.9267778,0.23295116,0.0033666855,0.002667062,0.025894847,0.017784314,-0.022528161,-0.015117252,0.007410909,0.65102532,1.0663039,53.848384,57.418743,False,0.88374442,False,False,False,0.65102532,1.0663039,53.848384,57.418743,0.54150435,1.1095655,43.374255,48.126579,0.88311173,0.98137565,31.911164,31.316839,0.08920726,0.99381762,5.866886,5.8306147,0.47849982,1.2122081,15.245548,18.480778,0.49508777,1.2503132,17.389995,21.74294,0.4091076,1.0952658,17.924984,19.632622,0.63860361,1.0452416,31.476372,32.900412
init,init,-1,,2888,050.Eared_Grebe/Eared_Grebe_0004_34277.jpg,50,49,050.Eared_Grebe,38,37,gaussian_blur,gaussian_blur,0,"{""sigma"":1.307299}",5.6938267,5.6860294,-0.0077972412,0.0033666855,0.0033930393,0.025894847,0.029489424,-0.022528161,-0.026096385,-0.0035682234,0.64620522,1.0254053,53.848384,55.21642,False,0.91384459,True,False,False,0.64620522,1.0254053,53.848384,55.21642,0.51296471,1.05232,43.374255,45.643596,0.9135297,0.97372634,31.911164,31.072741,0.11638638,1.2427116,5.866886,7.2908471,0.16410365,1.0973015,15.245548,16.728963,0.36150256,1.1790298,17.389995,20.503323,0.49631984,1.0983523,17.924984,19.687947,0.68788898,0.97524768,31.476372,30.697259
init,init,-1,,2888,050.Eared_Grebe/Eared_Grebe_0004_34277.jpg,50,49,050.Eared_Grebe,38,37,random_erasing,random_erasing,0,"{""area_fraction"":0.129143,""erased"":true,""height"":0.199472,""left"":0.022008,""top"":0.434783,""width"":0.647426}",5.6938267,5.5566006,-0.1372261,0.0033666855,0.0038618834,0.025894847,0.02955229,-0.022528161,-0.025690407,-0.0031622455,0.81843369,1.1351976,53.848384,61.128554,False,0.95785517,True,False,False,0.81843369,1.1351976,53.848384,61.128554,0.7427067,1.1327001,43.374255,49.130023,0.95747668,1.1397972,31.911164,36.372255,0.62851155,0.99747371,5.866886,5.8520646,0.62295041,1.0412575,15.245548,15.874542,0.72577684,1.1400009,17.389995,19.82461,0.68973047,1.171042,17.924984,20.990909,0.79544357,1.1427783,31.476372,35.970516
init,init,-1,,3761,065.Slaty_backed_Gull/Slaty_Backed_Gull_0032_796046.jpg,65,64,065.Slaty_backed_Gull,96,95,identity,identity,0,{},4.5016861,4.5016861,0,0.011090285,0.011090285,0.017477181,0.017477181,-0.0063868957,-0.0063868957,0,1,1,49.844673,49.844673,False,0.99999988,True,False,False,1,1,49.844673,49.844673,1,1,42.155527,42.155527,1,1,26.597048,26.597048,1,1,7.1907123,7.1907123,1,1,13.720931,13.720931,1,1,17.122568,17.122568,1,1,18.22687,18.22687,1,1,30.194653,30.194653
init,init,-1,,3761,065.Slaty_backed_Gull/Slaty_Backed_Gull_0032_796046.jpg,65,64,065.Slaty_backed_Gull,96,95,horizontal_flip,horizontal_flip,0,"{""flipped"":true}",4.5016861,4.2096815,-0.29200459,0.011090285,0.014851093,0.017477181,0.01669151,-0.0063868957,-0.0018404163,0.0045464793,0.70358419,1.0510811,49.844673,52.390794,False,0.97076428,False,False,False,0.70358419,1.0510811,49.844673,52.390794,0.59002146,1.02917,42.155527,43.385202,0.97070265,1.1042084,26.597048,29.368684,0.39387301,0.83427251,7.1907123,5.9990136,0.37509889,1.058377,13.720931,14.521918,0.52482286,1.1622045,17.122568,19.899925,0.48729286,0.97122232,18.22687,17.702343,0.708848,1.0078143,30.194653,30.430602
init,init,-1,,3761,065.Slaty_backed_Gull/Slaty_Backed_Gull_0032_796046.jpg,65,64,065.Slaty_backed_Gull,96,95,color_jitter,color_jitter,0,"{""brightness"":1.229567,""contrast"":0.655302,""hue"":-0.078723,""saturation"":0.66837}",4.5016861,4.2654829,-0.23620319,0.011090285,0.014045081,0.017477181,0.016651807,-0.0063868957,-0.0026067263,0.0037801694,0.80231958,1.0594557,49.844673,52.808225,False,0.95824492,False,False,False,0.80231958,1.0594557,49.844673,52.808225,0.74728628,1.0880847,42.155527,45.868783,0.958206,0.98386802,26.597048,26.167985,0.62011279,1.8820921,7.1907123,13.533583,0.64021292,1.2181502,13.720931,16.714154,0.73127006,1.1106615,17.122568,19.017376,0.70564329,1.0619879,18.22687,19.356715,0.82642618,0.99635424,30.194653,30.084571
init,init,-1,,3761,065.Slaty_backed_Gull/Slaty_Backed_Gull_0032_796046.jpg,65,64,065.Slaty_backed_Gull,96,95,rotation,rotation,0,"{""angle"":-14.965887}",4.5016861,4.443964,-0.057722092,0.011090285,0.011749271,0.017477181,0.020698877,-0.0063868957,-0.0089496057,-0.0025627101,0.64112986,1.2088082,49.844673,60.252649,False,0.90367341,True,False,False,0.64112986,1.2088082,49.844673,60.252649,0.56079691,1.2745393,42.155527,53.728877,0.9035258,1.0252581,26.597048,27.268839,0.094364065,1.3212614,7.1907123,9.5008103,0.5285103,1.41449,13.720931,19.40812,0.6040243,1.5365144,17.122568,26.309072,0.44603927,1.2472375,18.22687,22.733236,0.63393625,1.1524479,30.194653,34.797764
init,init,-1,,3761,065.Slaty_backed_Gull/Slaty_Backed_Gull_0032_796046.jpg,65,64,065.Slaty_backed_Gull,96,95,random_resized_crop,random_resized_crop,0,"{""area_fraction"":0.883061,""aspect"":0.925111,""fallback"":false,""height"":0.977009,""left"":0.012764,""top"":0.016784,""width"":0.903841}",4.5016861,4.3857269,-0.11595917,0.011090285,0.01245383,0.017477181,0.021415776,-0.0063868957,-0.0089619458,-0.0025750501,0.84317356,1.1006188,49.844673,54.859983,False,0.97776318,True,False,False,0.84317356,1.1006188,49.844673,54.859983,0.79153027,1.1109723,42.155527,46.833622,0.97769866,1.0741693,26.597048,28.569733,0.65217795,0.88510779,7.1907123,6.3645555,0.6947431,1.0852459,13.720931,14.890584,0.77682837,1.1924765,17.122568,20.41826,0.74770261,1.1791484,18.22687,21.492185,0.84372474,1.0743512,30.194653,32.439663
init,init,-1,,3761,065.Slaty_backed_Gull/Slaty_Backed_Gull_0032_796046.jpg,65,64,065.Slaty_backed_Gull,96,95,gaussian_blur,gaussian_blur,0,"{""sigma"":1.402087}",4.5016861,4.6668639,0.16517782,0.011090285,0.0094017079,0.017477181,0.022078294,-0.0063868957,-0.012676586,-0.0062896907,0.58680112,1.2072884,49.844673,60.176894,False,0.86914831,True,False,False,0.58680112,1.2072884,49.844673,60.176894,0.49330846,1.2579938,42.155527,53.031393,0.86888975,1.0693553,26.597048,28.441695,-0.065991685,1.7519004,7.1907123,12.597412,0.27188969,1.3268149,13.720931,18.205136,0.53034094,1.5933321,17.122568,27.281937,0.43563642,1.2325499,18.22687,22.465528,0.62149208,1.0849529,30.194653,32.759775
init,init,-1,,3761,065.Slaty_backed_Gull/Slaty_Backed_Gull_0032_796046.jpg,65,64,065.Slaty_backed_Gull,96,95,random_erasing,random_erasing,0,"{""area_fraction"":0.129446,""erased"":true,""height"":0.545019,""left"":0.320443,""top"":0.012841,""width"":0.237507}",4.5016861,4.3835707,-0.11811543,0.011090285,0.012480714,0.017477181,0.022297209,-0.0063868957,-0.0098164948,-0.0034295991,0.76889858,1.1140956,49.844673,55.531729,False,0.95772946,True,False,False,0.76889858,1.1140956,49.844673,55.531729,0.68799894,1.0860663,42.155527,45.783698,0.95760733,1.1815791,26.597048,31.426517,0.49928811,0.90593384,7.1907123,6.5143096,0.49685106,0.96339198,13.720931,13.218635,0.66877714,1.0832618,17.122568,18.548223,0.6300812,1.0671451,18.22687,19.450714,0.75819325,1.126325,30.194653,34.008993
init,init,-1,,4768,082.Ringed_Kingfisher/Ringed_Kingfisher_0026_72867.jpg,82,81,082.Ringed_Kingfisher,129,128,identity,identity,0,{},5.683876,5.683876,0,0.003400353,0.003400353,0.027652659,0.027652659,-0.024252306,-0.024252306,0,1,1,50.318477,50.318477,False,0.99999988,True,False,False,1,1,50.318477,50.318477,1,1,38.700491,38.700491,1,1,32.159308,32.159308,1,1,6.6311562,6.6311562,1,1,13.106063,13.106063,1,1,13.468694,13.468694,1,1,15.434465,15.434465,1,1,29.36594,29.36594
init,init,-1,,4768,082.Ringed_Kingfisher/Ringed_Kingfisher_0026_72867.jpg,82,81,082.Ringed_Kingfisher,129,128,horizontal_flip,horizontal_flip,0,"{""flipped"":true}",5.683876,5.6069417,-0.076934338,0.003400353,0.0036722827,0.027652659,0.029697223,-0.024252306,-0.02602494,-0.0017726345,0.7530078,0.9604313,50.318477,48.32744,False,0.96907973,True,False,False,0.7530078,0.9604313,50.318477,48.32744,0.59822555,0.94506285,38.700491,36.574396,0.96899687,0.98226127,32.159308,31.588843,0.64095271,0.74091455,6.6311562,4.9131202,0.48098371,0.76334575,13.106063,10.004458,0.32432126,0.9983744,13.468694,13.446799,0.46522023,0.92932711,15.434465,14.343667,0.71180193,0.97922601,29.36594,28.755893
init,init,-1,,4768,082.Ringed_Kingfisher/Ringed_Kingfisher_0026_72867.jpg,82,81,082.Ringed_Kingfisher,129,128,color_jitter,color_jitter,0,"{""brightness"":0.860813,""contrast"":1.278874,""hue"":-0.051849,""saturation"":0.688592}",5.683876,5.6557989,-0.028077126,0.003400353,0.003497177,0.027652659,0.025311891,-0.024252306,-0.021814714,0.0024375916,0.79031145,1.0215596,50.318477,51.403321,False,0.9382425,True,False,False,0.79031145,1.0215596,50.318477,51.403321,0.70029434,1.0641314,38.700491,41.182409,0.93810217,0.95655544,32.159308,30.762161,0.54029213,1.223548,6.6311562,8.1135377,0.66616981,1.1971383,13.106063,15.689771,0.604119,1.1684844,13.468694,15.737959,0.62958822,1.1058718,15.434465,17.068541,0.7686594,0.98986909,29.36594,29.068437
init,init,-1,,4768,082.Ringed_Kingfisher/Ringed_Kingfisher_0026_72867.jpg,82,81,082.Ringed_Kingfisher,129,128,rotation,rotation,0,"{""angle"":-5.062479}",5.683876,5.5400763,-0.14379978,0.003400353,0.0039262287,0.027652659,0.033359259,-0.024252306,-0.029433031,-0.0051807251,0.78098044,0.9442784,50.318477,47.514651,False,0.96362674,True,False,False,0.78098044,0.9442784,50.318477,47.514651,0.65511737,0.94481378,38.700491,36.564758,0.96350533,0.94350254,32.159308,30.342388,0.42031829,0.90196327,6.6311562,5.9810593,0.38784318,0.79074434,13.106063,10.363545,0.47703704,0.88960596,13.468694,11.981831,0.54405202,0.95467282,15.434465,14.734864,0.77508642,0.98290407,29.36594,28.863902
init,init,-1,,4768,082.Ringed_Kingfisher/Ringed_Kingfisher_0026_72867.jpg,82,81,082.Ringed_Kingfisher,129,128,random_resized_crop,random_resized_crop,0,"{""area_fraction"":0.664752,""aspect"":0.809774,""fallback"":false,""height"":0.906041,""left"":0.23438,""top"":0.083526,""width"":0.733689}",5.683876,5.9649625,0.28108644,0.003400353,0.0025671413,0.027652659,0.031279974,-0.024252306,-0.028712832,-0.0044605269,0.67134668,0.99044963,50.318477,49.837916,False,0.92699373,False,False,False,0.67134668,0.99044963,50.318477,49.837916,0.50437491,1.0111355,38.700491,39.131439,0.92666166,0.95970295,32.159308,30.863383,0.43854769,1.2151865,6.6311562,8.0580918,0.20248245,1.0966289,13.106063,14.372488,0.45935583,1.1018326,13.468694,14.840247,0.43158289,0.95617545,15.434465,14.758057,0.6083751,0.97616225,29.36594,28.665923
init,init,-1,,4768,082.Ringed_Kingfisher/Ringed_Kingfisher_0026_72867.jpg,82,81,082.Ringed_Kingfisher,129,128,gaussian_blur,gaussian_blur,0,"{""sigma"":1.851183}",5.683876,5.3335543,-0.35032177,0.003400353,0.0048268829,0.027652659,0.038690466,-0.024252306,-0.033863584,-0.0096112781,0.58552276,1.1678038,50.318477,58.762109,False,0.87149781,True,False,False,0.58552276,1.1678038,50.318477,58.762109,0.43363185,1.2655422,38.700491,48.977105,0.87088975,1.0096264,32.159308,32.468888,-0.095525235,1.3667501,6.6311562,9.0631338,0.14429716,1.2036096,13.106063,15.774584,0.3474721,1.4951143,13.468694,20.137237,0.35808639,1.4705108,15.434465,22.696548,0.58128252,1.1533571,29.36594,33.869416
init,init,-1,,4768,082.Ringed_Kingfisher/Ringed_Kingfisher_0026_72867.jpg,82,81,082.Ringed_Kingfisher,129,128,random_erasing,random_erasing,0,"{""area_fraction"":0.110476,""erased"":true,""height"":0.421225,""left"":0.671217,""top"":0.163675,""width"":0.262274}",5.683876,5.7073488,0.023472786,0.003400353,0.0033214674,0.027652659,0.029819347,-0.024252306,-0.02649788,-0.002245574,0.93562664,1.0089838,50.318477,50.770526,False,0.98677301,True,False,False,0.93562664,1.0089838,50.318477,50.770526,0.90232536,1.0275646,38.700491,39.767254,0.98671267,0.9814522,32.159308,31.562823,0.93693016,1.0003539,6.6311562,6.6335027,0.9083895,0.96895879,13.106063,12.699235,0.8824391,1.135215,13.468694,15.289863,0.85443506,1.0681419,15.434465,16.486199,0.92000092,1.004759,29.36594,29.505692
init,init,-1,,2152,038.Great_Crested_Flycatcher/Great_Crested_Flycatcher_0136_29490.jpg,38,37,038.Great_Crested_Flycatcher,4,3,identity,identity,0,{},4.7202468,4.7202468,0,0.0089129796,0.0089129796,0.034617819,0.034617819,-0.025704839,-0.025704839,0,1,1,57.669931,57.669931,False,1,True,False,False,1,1,57.669931,57.669931,1,1,48.450449,48.450449,1,1,31.278987,31.278987,1,1,8.6476677,8.6476677,1,1,14.902727,14.902727,1,1,21.01728,21.01728,1,1,21.863651,21.863651,1,1,33.627775,33.627775
init,init,-1,,2152,038.Great_Crested_Flycatcher/Great_Crested_Flycatcher_0136_29490.jpg,38,37,038.Great_Crested_Flycatcher,4,3,horizontal_flip,horizontal_flip,0,"{""flipped"":true}",4.7202468,4.618917,-0.1013298,0.0089129796,0.0098634735,0.034617819,0.025926553,-0.025704839,-0.016063079,0.00964176,0.66353826,0.98229074,57.669931,56.648639,False,0.94160044,True,False,False,0.66353826,0.98229074,57.669931,56.648639,0.54953201,0.98673017,48.450449,47.807519,0.94140567,0.97155635,31.278987,30.389298,0.35202723,1.1429176,8.6476677,9.8835713,0.45692744,1.1331667,14.902727,16.887274,0.52619955,0.99295796,21.01728,20.869276,0.41814359,1.0017157,21.863651,21.901163,0.6593627,0.93448387,33.627775,31.424613
init,init,-1,,2152,038.Great_Crested_Flycatcher/Great_Crested_Flycatcher_0136_29490.jpg,38,37,038.Great_Crested_Flycatcher,4,3,color_jitter,color_jitter,0,"{""brightness"":1.223788,""contrast"":0.837195,""hue"":0.091453,""saturation"":1.142645}",4.7202468,5.7180934,0.9978466,0.0089129796,0.0032859698,0.034617819,0.013098444,-0.025704839,-0.009812474,0.015892365,0.69775181,1.1018186,57.669931,63.5418,False,0.88553441,False,False,False,0.69775181,1.1018186,57.669931,63.5418,0.63715227,1.1587498,48.450449,56.141948,0.88494819,0.95142916,31.278987,29.75974,0.61900076,1.2667149,8.6476677,10.95413,0.5742643,1.2916083,14.902727,19.248486,0.603702,1.2227125,21.01728,25.69809,0.58159132,1.186479,21.863651,25.940764,0.69672219,1.0837229,33.627775,36.443189
init,init,-1,,2152,038.Great_Crested_Flycatcher/Great_Crested_Flycatcher_0136_29490.jpg,38,37,038.Great_Crested_Flycatcher,4,3,rotation,rotation,0,"{""angle"":-4.268931}",4.7202468,4.6591978,-0.061048985,0.0089129796,0.0094740568,0.034617819,0.025945501,-0.025704839,-0.016471445,0.0092333946,0.82469307,1.028346,57.669931,59.304646,False,0.97094858,True,False,False,0.82469307,1.028346,57.669931,59.304646,0.76198293,1.0187768,48.450449,49.360195,0.97082804,1.0509504,31.278987,32.872665,0.6823417,0.95788706,8.6476677,8.283489,0.65759669,1.0778148,14.902727,16.06238,0.71340769,1.0339809,21.01728,21.731467,0.69796827,1.0187641,21.863651,22.273902,0.83641913,1.0046768,33.627775,33.785045
init,init,-1,,2152,038.Great_Crested_Flycatcher/Great_Crested_Flycatcher_0136_29490.jpg,38,37,038.Great_Crested_Flycatcher,4,3,random_resized_crop,random_resized_crop,0,"{""area_fraction"":0.87308,""aspect"":0.882284,""fallback"":false,""height"":0.994771,""left"":0.099361,""top"":0.002423,""width"":0.87767}",4.7202468,4.7005453,-0.019701481,0.0089129796,0.0090903165,0.034617819,0.026897991,-0.025704839,-0.017807675,0.0078971647,0.80012262,0.97157524,57.669931,56.030678,False,0.96595657,True,False,False,0.80012262,0.97157524,57.669931,56.030678,0.72927352,0.96367858,48.450449,46.69066,0.96575665,0.99026518,31.278987,30.974491,0.29121869,1.0092794,8.6476677,8.7279131,0.67501473,0.98791881,14.902727,14.722685,0.7331421,1.0121018,21.01728,21.271626,0.66864901,0.97228444,21.863651,21.257688,0.79790714,0.93221288,33.627775,31.348244
init,init,-1,,2152,038.Great_Crested_Flycatcher/Great_Crested_Flycatcher_0136_29490.jpg,38,37,038.Great_Crested_Flycatcher,4,3,gaussian_blur,gaussian_blur,0,"{""sigma"":1.862236}",4.7202468,4.6546173,-0.065629482,0.0089129796,0.0095175533,0.034617819,0.019936033,-0.025704839,-0.010418479,0.01528636,0.5509743,1.0141239,57.669931,58.484454,False,0.86532903,False,False,False,0.5509743,1.0141239,57.669931,58.484454,0.45454618,1.0804608,48.450449,52.348811,0.86486151,0.83370506,31.278987,26.07745,0.21013963,1.4075319,8.6476677,12.171868,0.28911631,1.1437808,14.902727,17.045453,0.35964915,1.3407814,21.01728,28.179579,0.44117788,1.0994509,21.863651,24.03801,0.59728052,0.90675997,33.627775,30.49232
init,init,-1,,2152,038.Great_Crested_Flycatcher/Great_Crested_Flycatcher_0136_29490.jpg,38,37,038.Great_Crested_Flycatcher,4,3,random_erasing,random_erasing,0,"{""area_fraction"":0.054105,""erased"":true,""height"":0.265571,""left"":0.38321,""top"":0.489432,""width"":0.203729}",4.7202468,4.611845,-0.10840178,0.0089129796,0.0099334773,0.034617819,0.033368599,-0.025704839,-0.023435121,0.0022697179,0.84805513,1.0200743,57.669931,58.827615,False,0.96499896,True,False,False,0.84805513,1.0200743,57.669931,58.827615,0.80209793,1.0348187,48.450449,50.137432,0.96481682,0.98379676,31.278987,30.772166,0.68291783,1.0681539,8.6476677,9.23704,0.75659642,1.0638452,14.902727,15.854194,0.78284071,1.0627859,21.01728,22.336869,0.75687784,1.0108924,21.863651,22.1018,0.84653735,1.0256827,33.627775,34.491425
init,init,-1,,4699,081.Pied_Kingfisher/Pied_Kingfisher_0106_71404.jpg,81,80,081.Pied_Kingfisher,8,7,identity,identity,0,{},6.6385789,6.6385789,0,0.0013088859,0.0013088859,0.02295549,0.02295549,-0.021646604,-0.021646604,0,1,1,43.807971,43.807971,False,0.99999994,True,False,False,1,1,43.807971,43.807971,1,1,37.151011,37.151011,1,1,23.215097,23.215097,1,1,6.1914133,6.1914133,1,1,11.884612,11.884612,1,1,14.185643,14.185643,1,1,16.460054,16.460054,1,1,26.98989,26.98989
init,init,-1,,4699,081.Pied_Kingfisher/Pied_Kingfisher_0106_71404.jpg,81,80,081.Pied_Kingfisher,8,7,horizontal_flip,horizontal_flip,0,"{""flipped"":true}",6.6385789,6.7413368,0.10275793,0.0013088859,0.0011810674,0.02295549,0.02414697,-0.021646604,-0.022965903,-0.0013192985,0.65631865,1.0001898,43.807971,43.816287,False,0.95599526,True,False,False,0.65631865,1.0001898,43.807971,43.816287,0.5344223,0.98799635,37.151011,36.705063,0.95595628,1.0307592,23.215097,23.929174,0.48545843,0.76826163,6.1914133,4.7566252,0.32047653,0.95976081,11.884612,11.406385,0.40473343,0.96414305,14.185643,13.67699,0.39971907,0.96278241,16.460054,15.847451,0.65774977,1.0189531,26.98989,27.501433
init,init,-1,,4699,081.Pied_Kingfisher/Pied_Kingfisher_0106_71404.jpg,81,80,081.Pied_Kingfisher,8,7,color_jitter,color_jitter,0,"{""brightness"":1.227911,""contrast"":1.201977,""hue"":0.044913,""saturation"":0.656793}",6.6385789,6.758049,0.11947012,0.0013088859,0.0011614929,0.02295549,0.024371862,-0.021646604,-0.02321037,-0.0015637651,0.82303225,1.0004077,43.807971,43.825831,False,0.97989821,True,False,False,0.82303225,1.0004077,43.807971,43.825831,0.75809272,0.98091132,37.151011,36.441847,0.9798869,1.0486854,23.215097,24.345333,0.25631585,1.1030386,6.1914133,6.8293676,0.49783365,0.89484245,11.884612,10.634855,0.68109963,0.90898768,14.185643,12.894575,0.72041946,0.96576946,16.460054,15.896618,0.86558547,1.0142042,26.98989,27.373259
init,init,-1,,4699,081.Pied_Kingfisher/Pied_Kingfisher_0106_71404.jpg,81,80,081.Pied_Kingfisher,8,7,rotation,rotation,0,"{""angle"":-7.596268}",6.6385789,6.4561357,-0.18244314,0.0013088859,0.0015708539,0.02295549,0.017968949,-0.021646604,-0.016398095,0.0052485093,0.69901138,1.1098336,43.807971,48.619558,False,0.92220116,False,False,False,0.69901138,1.1098336,43.807971,48.619558,0.60950083,1.1007343,37.151011,40.89339,0.92195919,1.1328033,23.215097,26.298138,0.60413576,1.3157873,6.1914133,8.1465831,0.37358968,0.99447141,11.884612,11.818907,0.56037611,1.2037817,14.185643,17.076419,0.51589348,1.042139,16.460054,17.153665,0.70130655,1.0993348,26.98989,29.670924
init,init,-1,,4699,081.Pied_Kingfisher/Pied_Kingfisher_0106_71404.jpg,81,80,081.Pied_Kingfisher,8,7,random_resized_crop,random_resized_crop,0,"{""area_fraction"":0.804252,""aspect"":0.862595,""fallback"":false,""height"":0.965589,""left"":0.149111,""top"":0.020984,""width"":0.832913}",6.6385789,6.9030008,0.26442194,0.0013088859,0.0010047661,0.02295549,0.02674103,-0.021646604,-0.025736264,-0.0040896592,0.75864529,1.1519634,43.807971,50.465179,False,0.96852958,True,False,False,0.75864529,1.1519634,43.807971,50.465179,0.68665263,1.1859583,37.151011,44.059549,0.9684836,1.0599445,23.215097,24.606715,0.40273322,1.6034368,6.1914133,9.92754,0.53886826,1.261916,11.884612,14.997382,0.58015206,1.3417391,14.185643,19.033432,0.64689076,1.1938626,16.460054,19.651043,0.80080734,1.0924248,26.98989,29.484426
init,init,-1,,4699,081.Pied_Kingfisher/Pied_Kingfisher_0106_71404.jpg,81,80,081.Pied_Kingfisher,8,7,gaussian_blur,gaussian_blur,0,"{""sigma"":1.382606}",6.6385789,6.9302111,0.29163218,0.0013088859,0.00097779452,0.02295549,0.022454441,-0.021646604,-0.021476646,0.00016995834,0.61227166,1.2458082,43.807971,54.576331,False,0.91732669,False,False,False,0.61227166,1.2458082,43.807971,54.576331,0.50667824,1.2820729,37.151011,47.630304,0.91712599,1.1477236,23.215097,26.644514,-0.037329429,1.661923,6.1914133,10.289652,0.33247135,1.3485772,11.884612,16.027316,0.32415736,1.530212,14.185643,21.707041,0.47019591,1.2505755,16.460054,20.584541,0.67177381,1.1780646,26.98989,31.795834
init,init,-1,,4699,081.Pied_Kingfisher/Pied_Kingfisher_0106_71404.jpg,81,80,081.Pied_Kingfisher,8,7,random_erasing,random_erasing,0,"{""area_fraction"":0.101314,""erased"":true,""height"":0.340453,""left"":0.034378,""top"":0.062981,""width"":0.297587}",6.6385789,6.6714602,0.03288126,0.0013088859,0.0012665478,0.02295549,0.028792582,-0.021646604,-0.027526035,-0.0058794302,0.77013223,1.0419573,43.807971,45.646036,False,0.95896596,True,False,False,0.77013223,1.0419573,43.807971,45.646036,0.69155484,1.020306,37.151011,37.9054,0.95893036,1.0954556,23.215097,25.431108,0.42180763,0.75382143,6.1914133,4.66722,0.63587795,1.0074645,11.884612,11.973324,0.63227094,1.08542,14.185643,15.397381,0.60263538,0.98498493,16.460054,16.212905,0.7632421,1.0292809,26.98989,27.780178
init,init,-1,,1229,022.Chuck_will_Widow/Chuck_Will_Widow_0050_22750.jpg,22,21,022.Chuck_will_Widow,171,170,identity,identity,0,{},4.9815235,4.9815235,0,0.0068636006,0.0068636006,0.030638909,0.030638909,-0.023775308,-0.023775308,0,1,1,52.720198,52.720198,False,1,True,False,False,1,1,52.720198,52.720198,1,1,44.517605,44.517605,1,1,28.24185,28.24185,1,1,6.7849066,6.7849066,1,1,15.466767,15.466767,1,1,20.953128,20.953128,1,1,18.862494,18.862494,1,1,30.028889,30.028889
init,init,-1,,1229,022.Chuck_will_Widow/Chuck_Will_Widow_0050_22750.jpg,22,21,022.Chuck_will_Widow,171,170,horizontal_flip,horizontal_flip,0,"{""flipped"":true}",4.9815235,4.9084411,-0.073082447,0.0068636006,0.0073839901,0.030638909,0.019966107,-0.023775308,-0.012582117,0.011193192,0.70411079,0.91959838,52.720198,48.481409,False,0.95293689,False,False,False,0.70411079,0.91959838,52.720198,48.481409,0.60491408,0.9218818,44.517605,41.03997,0.95275844,0.91390003,28.24185,25.810228,0.43090076,0.95726784,6.7849066,6.4949729,0.61371715,1.0444792,15.466767,16.154716,0.58961146,0.94650877,20.953128,19.832319,0.48307371,0.91734102,18.862494,17.303339,0.67290548,0.87373359,30.028889,26.237249
init,init,-1,,1229,022.Chuck_will_Widow/Chuck_Will_Widow_0050_22750.jpg,22,21,022.Chuck_will_Widow,171,170,color_jitter,color_jitter,0,"{""brightness"":1.260525,""contrast"":1.196604,""hue"":0.024364,""saturation"":0.72662}",4.9815235,5.1308651,0.14934158,0.0068636006,0.0059114457,0.030638909,0.02911967,-0.023775308,-0.023208225,0.00056708371,0.736224,0.97131682,52.720198,51.208015,False,0.93934143,False,False,False,0.736224,0.97131682,52.720198,51.208015,0.64862813,0.94877149,44.517605,42.237035,0.93919082,1.0251914,28.24185,28.953302,0.53557488,1.1182567,6.7849066,7.5872671,0.54154599,0.92846387,15.466767,14.360334,0.61043898,0.8408286,20.953128,17.617989,0.50888259,0.93305466,18.862494,17.599738,0.75201212,0.99905852,30.028889,30.000617
init,init,-1,,1229,022.Chuck_will_Widow/Chuck_Will_Widow_0050_22750.jpg,22,21,022.Chuck_will_Widow,171,170,rotation,rotation,0,"{""angle"":12.05653}",4.9815235,5.3964496,0.41492605,0.0068636006,0.004532645,0.030638909,0.038763668,-0.023775308,-0.034231023,-0.010455715,0.62661273,1.1622666,52.720198,61.274924,False,0.92347729,True,False,False,0.62661273,1.1622666,52.720198,61.274924,0.52010776,1.1953098,44.517605,53.212331,0.92320585,1.0757784,28.24185,30.381971,0.20427457,1.590363,6.7849066,10.790464,0.46795706,1.3362393,15.466767,20.667301,0.34953278,1.2810555,20.953128,26.84212,0.45562153,1.1874146,18.862494,22.397601,0.692056,1.0871875,30.028889,32.647034
init,init,-1,,1229,022.Chuck_will_Widow/Chuck_Will_Widow_0050_22750.jpg,22,21,022.Chuck_will_Widow,171,170,random_resized_crop,random_resized_crop,0,"{""area_fraction"":0.855308,""aspect"":1.098054,""fallback"":false,""height"":0.88257,""left"":0.022576,""top"":0.032202,""width"":0.96911}",4.9815235,4.8911238,-0.090399742,0.0068636006,0.0075129759,0.030638909,0.024961768,-0.023775308,-0.017448792,0.0063265166,0.7645258,0.9764035,52.720198,51.476186,False,0.95925558,False,False,False,0.7645258,0.9764035,52.720198,51.476186,0.68561336,0.97426407,44.517605,43.371904,0.95913176,0.98169917,28.24185,27.725001,0.5259629,1.3070346,6.7849066,8.8681076,0.65679356,1.0963025,15.466767,16.956256,0.58279635,0.87986829,20.953128,18.435992,0.61717617,0.984283,18.862494,18.566032,0.78425046,0.95962019,30.028889,28.816328
init,init,-1,,1229,022.Chuck_will_Widow/Chuck_Will_Widow_0050_22750.jpg,22,21,022.Chuck_will_Widow,171,170,gaussian_blur,gaussian_blur,0,"{""sigma"":1.186888}",4.9815235,4.7651544,-0.21636915,0.0068636006,0.0085215736,0.030638909,0.023037942,-0.023775308,-0.014516369,0.0092589399,0.70058869,1.0735473,52.720198,56.597626,False,0.93843424,False,False,False,0.70058869,1.0735473,52.720198,56.597626,0.60845719,1.0844354,44.517605,48.276468,0.93824927,1.0460028,28.24185,29.541055,0.063415636,1.2793957,6.7849066,8.6805802,0.42703975,1.184155,15.466767,18.315049,0.50951763,0.98049692,20.953128,20.544477,0.57981927,1.1254144,18.862494,21.228121,0.75275767,1.077601,30.028889,32.35916
init,init,-1,,1229,022.Chuck_will_Widow/Chuck_Will_Widow_0050_22750.jpg,22,21,022.Chuck_will_Widow,171,170,random_erasing,random_erasing,0,"{""area_fraction"":0.156698,""erased"":true,""height"":0.374163,""left"":0.438357,""top"":0.310344,""width"":0.418796}",4.9815235,4.6388998,-0.34262371,0.0068636006,0.0096683316,0.030638909,0.02486874,-0.023775308,-0.015200408,0.0085749002,0.7501419,1.0829495,52.720198,57.093314,False,0.93983567,True,False,False,0.7501419,1.0829495,52.720198,57.093314,0.67450228,1.0854181,44.517605,48.320215,0.93960788,1.0767913,28.24185,30.410579,0.62952759,1.092141,6.7849066,7.4100749,0.64569158,1.1873156,15.466767,18.363933,0.65131659,0.95791933,20.953128,20.071406,0.61067935,1.0954523,18.862494,20.662961,0.72267141,1.1109257,30.028889,33.359865
init,init,-1,,4770,082.Ringed_Kingfisher/Ringed_Kingfisher_0077_72872.jpg,82,81,082.Ringed_Kingfisher,129,128,identity,identity,0,{},5.3513989,5.3513989,0,0.0047415141,0.0047415141,0.027191324,0.027191324,-0.02244981,-0.02244981,0,1,1,46.152422,46.152422,False,1,True,False,False,1,1,46.152422,46.152422,1,1,39.117952,39.117952,1,1,24.491466,24.491466,1,1,10.295827,10.295827,1,1,13.937017,13.937017,1,1,16.062485,16.062485,1,1,16.499661,16.499661,1,1,26.452362,26.452362
init,init,-1,,4770,082.Ringed_Kingfisher/Ringed_Kingfisher_0077_72872.jpg,82,81,082.Ringed_Kingfisher,129,128,horizontal_flip,horizontal_flip,0,"{""flipped"":true}",5.3513989,5.3588486,0.0074496269,0.0047415141,0.0047063222,0.027191324,0.039016224,-0.02244981,-0.034309902,-0.011860092,0.63160066,1.1752004,46.152422,54.238347,False,0.95472366,True,False,False,0.63160066,1.1752004,46.152422,54.238347,0.50981199,1.1874415,39.117952,46.450282,0.95459326,1.143379,24.491466,28.003029,0.0076664555,0.95292509,10.295827,9.811152,0.4260339,1.1109504,13.937017,15.483334,0.43101124,1.1802214,16.062485,18.957289,0.4500533,1.2771661,16.499661,21.072807,0.64676367,1.2062876,26.452362,31.909157
init,init,-1,,4770,082.Ringed_Kingfisher/Ringed_Kingfisher_0077_72872.jpg,82,81,082.Ringed_Kingfisher,129,128,color_jitter,color_jitter,0,"{""brightness"":1.100598,""contrast"":0.995812,""hue"":-0.078499,""saturation"":0.962092}",5.3513989,5.4178653,0.066466331,0.0047415141,0.0044366079,0.027191324,0.023886444,-0.02244981,-0.019449836,0.0029999739,0.80395146,1.014373,46.152422,46.815771,False,0.96170449,True,False,False,0.80395146,1.014373,46.152422,46.815771,0.74650508,1.032348,39.117952,40.383339,0.96166123,0.96700532,24.491466,23.683378,0.5301426,0.91041368,10.295827,9.3734618,0.62641848,0.99634828,13.937017,13.886123,0.74188869,0.99865585,16.062485,16.040895,0.71369378,1.0906343,16.499661,17.995095,0.82314453,1.0483276,26.452362,27.730743
init,init,-1,,4770,082.Ringed_Kingfisher/Ringed_Kingfisher_0077_72872.jpg,82,81,082.Ringed_Kingfisher,129,128,rotation,rotation,0,"{""angle"":-2.850121}",5.3513989,5.2626395,-0.088759422,0.0047415141,0.0051816115,0.027191324,0.021458393,-0.02244981,-0.016276781,0.0061730286,0.75331567,0.97081547,46.152422,44.805486,False,0.96418196,True,False,False,0.75331567,0.97081547,46.152422,44.805486,0.66819273,0.96225213,39.117952,37.641333,0.96414317,0.9923265,24.491466,24.303531,0.12250995,0.73666793,10.295827,7.5846056,0.54902205,0.86709638,13.937017,12.084737,0.56950259,0.96014703,16.062485,15.422347,0.66564944,1.03063,16.499661,17.005045,0.79945698,0.9903461,26.452362,26.196994
init,init,-1,,4770,082.Ringed_Kingfisher/Ringed_Kingfisher_0077_72872.jpg,82,81,082.Ringed_Kingfisher,129,128,random_resized_crop,random_resized_crop,0,"{""area_fraction"":0.529916,""aspect"":1.210782,""fallback"":false,""height"":0.661562,""left"":0.114154,""top"":0.067301,""width"":0.801007}",5.3513989,5.3854532,0.034054279,0.0047415141,0.0045827632,0.027191324,0.038141251,-0.02244981,-0.033558487,-0.011108677,0.61420989,1.2543528,46.152422,57.891421,False,0.91895294,True,False,False,0.61420989,1.2543528,46.152422,57.891421,0.49906737,1.2665214,39.117952,49.543722,0.91873434,1.2227616,24.491466,29.947224,0.40052236,1.1738914,10.295827,12.086183,0.41911715,1.2916719,13.937017,18.002054,0.36734938,1.2147062,16.062485,19.5112,0.38217565,1.2823055,16.499661,21.157606,0.62671687,1.2853847,26.452362,34.001463
init,init,-1,,4770,082.Ringed_Kingfisher/Ringed_Kingfisher_0077_72872.jpg,82,81,082.Ringed_Kingfisher,129,128,gaussian_blur,gaussian_blur,0,"{""sigma"":1.851029}",5.3513989,5.38134,0.029941082,0.0047415141,0.0046016527,0.027191324,0.034231298,-0.02244981,-0.029629645,-0.0071798349,0.51746499,1.2038196,46.152422,55.559192,False,0.87936676,True,False,False,0.51746499,1.2038196,46.152422,55.559192,0.38826363,1.2323766,39.117952,48.20805,0.87916314,1.1276979,24.491466,27.618974,0.10038854,1.2111881,10.295827,12.470183,0.23178248,1.2475775,13.937017,17.387509,0.21093026,1.4445846,16.062485,23.203618,0.35831453,1.2078617,16.499661,19.929308,0.57834158,1.153233,26.452362,30.505737
init,init,-1,,4770,082.Ringed_Kingfisher/Ringed_Kingfisher_0077_72872.jpg,82,81,082.Ringed_Kingfisher,129,128,random_erasing,random_erasing,0,"{""area_fraction"":0.143203,""erased"":true,""height"":0.433551,""left"":0.519548,""top"":0.370094,""width"":0.330302}",5.3513989,5.5691128,0.21771383,0.0047415141,0.003813863,0.027191324,0.028944325,-0.02244981,-0.025130462,-0.0026806516,0.69461792,1.2675175,46.152422,58.499001,False,0.9105022,False,False,False,0.69461792,1.2675175,46.152422,58.499001,0.61164059,1.2738544,39.117952,49.830576,0.91021143,1.2512061,24.491466,30.643872,0.71407382,1.1775531,10.295827,12.123884,0.53831475,1.3045912,13.937017,18.182109,0.59446308,1.2494179,16.062485,20.068757,0.56154643,1.3125089,16.499661,21.655952,0.64492521,1.2729128,26.452362,33.671551
init,init,-1,,822,015.Lazuli_Bunting/Lazuli_Bunting_0105_15017.jpg,15,14,015.Lazuli_Bunting,129,128,identity,identity,0,{},6.1570306,6.1570306,0,0.0021185346,0.0021185346,0.02868918,0.02868918,-0.026570645,-0.026570645,0,1,1,50.662992,50.662992,False,0.99999988,True,False,False,1,1,50.662992,50.662992,1,1,39.994583,39.994583,1,1,31.099391,31.099391,1,1,5.7933864,5.7933864,1,1,14.572461,14.572461,1,1,16.519877,16.519877,1,1,16.711026,16.711026,1,1,28.310458,28.310458
init,init,-1,,822,015.Lazuli_Bunting/Lazuli_Bunting_0105_15017.jpg,15,14,015.Lazuli_Bunting,129,128,horizontal_flip,horizontal_flip,0,"{""flipped"":true}",6.1570306,6.3340425,0.17701197,0.0021185346,0.001774844,0.02868918,0.022778651,-0.026570645,-0.021003807,0.0055668382,0.68927034,0.89456216,50.662992,45.321196,False,0.95579487,True,False,False,0.68927034,0.89456216,50.662992,45.321196,0.5428222,0.9230759,39.994583,36.918036,0.95548038,0.84529628,31.099391,26.288199,0.30464747,0.84146727,5.7933864,4.874945,0.43473561,0.77197383,14.572461,11.249558,0.47694583,0.91398968,16.519877,15.098997,0.40512636,0.96538943,16.711026,16.132647,0.64758385,0.95068543,28.310458,26.91434
init,init,-1,,822,015.Lazuli_Bunting/Lazuli_Bunting_0105_15017.jpg,15,14,015.Lazuli_Bunting,129,128,color_jitter,color_jitter,0,"{""brightness"":1.229233,""contrast"":0.602735,""hue"":-0.078445,""saturation"":0.774179}",6.1570306,6.3315225,0.17449188,0.0021185346,0.0017793227,0.02868918,0.028630663,-0.026570645,-0.02685134,-0.00028069504,0.66932112,1.0619924,50.662992,53.803714,False,0.88735515,False,False,False,0.66932112,1.0619924,50.662992,53.803714,0.5563981,1.1126085,39.994583,44.498313,0.88694989,0.97251635,31.099391,30.244666,0.48071362,1.3797551,5.7933864,7.9934546,0.48350807,1.0253386,14.572461,14.941707,0.45913538,1.1101034,16.519877,18.338773,0.47882125,1.1615639,16.711026,19.410925,0.64124057,1.1056918,28.310458,31.30264
init,init,-1,,822,015.Lazuli_Bunting/Lazuli_Bunting_0105_15017.jpg,15,14,015.Lazuli_Bunting,129,128,rotation,rotation,0,"{""angle"":-14.717126}",6.1570306,6.1312909,-0.02573967,0.0021185346,0.0021737728,0.02868918,0.031257298,-0.026570645,-0.029083525,-0.0025128801,0.71859753,1.0002749,50.662992,50.676921,False,0.93979061,True,False,False,0.71859753,1.0002749,50.662992,50.676921,0.58373371,0.99681478,39.994583,39.867192,0.93963177,1.0059714,31.099391,31.285099,0.26995181,1.4069828,5.7933864,8.1511947,0.50974076,0.8995613,14.572461,13.108822,0.51795869,0.90989461,16.519877,15.031347,0.49222333,1.0063677,16.711026,16.817436,0.67384966,1.0251735,28.310458,29.023132
init,init,-1,,822,015.Lazuli_Bunting/Lazuli_Bunting_0105_15017.jpg,15,14,015.Lazuli_Bunting,129,128,random_resized_crop,random_resized_crop,0,"{""area_fraction"":0.793131,""aspect"":1.158802,""fallback"":false,""height"":0.827309,""left"":0.02984,""top"":0.030755,""width"":0.958688}",6.1570306,6.3020201,0.14498949,0.0021185346,0.0018325984,0.02868918,0.040103305,-0.026570645,-0.038270707,-0.011700062,0.83809072,1.0436231,50.662992,52.87307,False,0.97804779,True,False,False,0.83809072,1.0436231,50.662992,52.87307,0.75452104,1.0479762,39.994583,41.913371,0.97788165,1.0363836,31.099391,32.230899,0.49274072,1.1573968,5.7933864,6.7052469,0.67973263,0.90451324,14.572461,13.180984,0.71998258,1.074135,16.519877,17.744579,0.67235083,1.118332,16.711026,18.688475,0.82932967,1.0442024,28.310458,29.561848
init,init,-1,,822,015.Lazuli_Bunting/Lazuli_Bunting_0105_15017.jpg,15,14,015.Lazuli_Bunting,129,128,gaussian_blur,gaussian_blur,0,"{""sigma"":1.667147}",6.1570306,6.1736746,0.016644001,0.0021185346,0.0020835649,0.02868918,0.029718861,-0.026570645,-0.027635296,-0.0010646512,0.71245037,1.1640137,50.662992,58.972416,False,0.95667541,False,False,False,0.71245037,1.1640137,50.662992,58.972416,0.5947048,1.2401804,39.994583,49.600496,0.95647371,1.0257066,31.099391,31.898849,0.21089603,1.8684418,5.7933864,10.824605,0.42739968,1.2773664,14.572461,18.614372,0.52258767,1.39062,16.519877,22.972872,0.55773999,1.3130007,16.711026,21.941588,0.72815945,1.1099158,28.310458,31.422224
init,init,-1,,822,015.Lazuli_Bunting/Lazuli_Bunting_0105_15017.jpg,15,14,015.Lazuli_Bunting,129,128,random_erasing,random_erasing,0,"{""area_fraction"":0.137876,""erased"":true,""height"":0.397129,""left"":0.397477,""top"":0.086227,""width"":0.347181}",6.1570306,6.079217,-0.077813625,0.0021185346,0.0022899692,0.02868918,0.029552663,-0.026570645,-0.027262694,-0.00069204858,0.68466751,1.1119805,50.662992,56.33626,False,0.90956426,True,False,False,0.68466751,1.1119805,50.662992,56.33626,0.57709258,1.18614,39.994583,47.439176,0.90925592,0.97705558,31.099391,30.385833,0.53669916,1.2168678,5.7933864,7.0497854,0.64446344,1.2649077,14.572461,18.432818,0.55971205,1.2607557,16.519877,20.827529,0.49801332,1.1955291,16.711026,19.978517,0.59603862,1.132574,28.310458,32.063687
init,init,-1,,11174,190.Red_cockaded_Woodpecker/Red_Cockaded_Woodpecker_0029_794724.jpg,190,189,190.Red_cockaded_Woodpecker,95,94,identity,identity,0,{},6.0192657,6.0192657,0,0.0024314546,0.0024314546,0.028367076,0.028367076,-0.025935621,-0.025935621,0,1,1,63.603837,63.603837,False,0.99999988,True,False,False,1,1,63.603837,63.603837,1,1,55.374028,55.374028,1,1,31.291615,31.291615,1,1,11.329155,11.329155,1,1,18.80668,18.80668,1,1,28.773067,28.773067,1,1,22.847667,22.847667,1,1,35.133129,35.133129
init,init,-1,,11174,190.Red_cockaded_Woodpecker/Red_Cockaded_Woodpecker_0029_794724.jpg,190,189,190.Red_cockaded_Woodpecker,95,94,horizontal_flip,horizontal_flip,0,"{""flipped"":true}",6.0192657,5.655304,-0.3639617,0.0024314546,0.0034989102,0.028367076,0.022368051,-0.025935621,-0.018869141,0.0070664806,0.70170074,1.0865657,63.603837,69.109746,False,0.95749354,False,False,False,0.70170074,1.0865657,63.603837,69.109746,0.62945949,1.1133381,55.374028,61.650018,0.95730622,0.99809202,31.291615,31.231911,0.26793992,1.3565155,11.329155,15.368174,0.62506066,1.4517297,18.80668,27.302217,0.68119893,1.1476881,28.773067,33.022507,0.51684174,1.063079,22.847667,24.288874,0.71459704,0.96047788,35.133129,33.744593
init,init,-1,,11174,190.Red_cockaded_Woodpecker/Red_Cockaded_Woodpecker_0029_794724.jpg,190,189,190.Red_cockaded_Woodpecker,95,94,color_jitter,color_jitter,0,"{""brightness"":0.970499,""contrast"":1.001765,""hue"":-0.002398,""saturation"":1.223477}",6.0192657,6.0227613,0.0034956932,0.0024314546,0.0024229693,0.028367076,0.026965139,-0.025935621,-0.02454217,0.0013934514,0.95851981,0.99747765,63.603837,63.443406,False,0.99643326,True,False,False,0.95851981,0.99747765,63.603837,63.443406,0.94649757,0.99892414,55.374028,55.314454,0.99640806,0.99293428,31.291615,31.070517,0.87744042,0.97205917,11.329155,11.012609,0.90250866,0.97454681,18.80668,18.32799,0.94500825,0.99964503,28.773067,28.762854,0.93682509,1.0269475,22.847667,23.463353,0.97133608,0.99607462,35.133129,34.995218
init,init,-1,,11174,190.Red_cockaded_Woodpecker/Red_Cockaded_Woodpecker_0029_794724.jpg,190,189,190.Red_cockaded_Woodpecker,95,94,rotation,rotation,0,"{""angle"":10.108824}",6.0192657,6.0513391,0.032073498,0.0024314546,0.0023547071,0.028367076,0.017960956,-0.025935621,-0.015606249,0.010329372,0.69862916,1.0048816,63.603837,63.914324,False,0.91595042,False,False,False,0.69862916,1.0048816,63.603837,63.914324,0.63609141,1.0259781,55.374028,56.812539,0.91564568,0.93574548,31.291615,29.280987,0.69327755,1.2318607,11.329155,13.95594,0.53513696,1.2494062,18.80668,23.497183,0.64153237,0.92069634,28.773067,26.491258,0.55129947,1.0144993,22.847667,23.178941,0.70600569,1.0029898,35.133129,35.238171
init,init,-1,,11174,190.Red_cockaded_Woodpecker/Red_Cockaded_Woodpecker_0029_794724.jpg,190,189,190.Red_cockaded_Woodpecker,95,94,random_resized_crop,random_resized_crop,0,"{""area_fraction"":0.604787,""aspect"":0.972892,""fallback"":false,""height"":0.78844,""left"":0.054034,""top"":0.201384,""width"":0.767067}",6.0192657,5.5488548,-0.47041082,0.0024314546,0.0038919109,0.028367076,0.019668989,-0.025935621,-0.015777078,0.010158543,0.63116465,0.77947039,63.603837,49.577308,False,0.89116418,False,False,False,0.63116465,0.77947039,63.603837,49.577308,0.54767077,0.77814076,55.374028,43.088788,0.89081176,0.78361958,31.291615,24.520722,0.37011701,0.73565087,11.329155,8.3343027,0.45596112,0.82398636,18.80668,15.496448,0.5680555,0.76927247,28.773067,22.134328,0.38556254,0.78157761,22.847667,17.857225,0.64931456,0.77335742,35.133129,27.170466
init,init,-1,,11174,190.Red_cockaded_Woodpecker/Red_Cockaded_Woodpecker_0029_794724.jpg,190,189,190.Red_cockaded_Woodpecker,95,94,gaussian_blur,gaussian_blur,0,"{""sigma"":1.539283}",6.0192657,6.2769794,0.25771379,0.0024314546,0.0018790673,0.028367076,0.018599678,-0.025935621,-0.016720611,0.0092150109,0.61350945,0.93672353,63.603837,59.579211,False,0.81450939,False,False,False,0.61350945,0.93672353,63.603837,59.579211,0.56012802,0.96822084,55.374028,53.614288,0.81410385,0.83039591,31.291615,25.984429,0.42354857,1.1457438,11.329155,12.980309,0.48159359,1.0646966,18.80668,20.023408,0.65551856,0.97694708,28.773067,28.109764,0.46084165,1.0102769,22.847667,23.08247,0.58678534,0.89199548,35.133129,31.338592
init,init,-1,,11174,190.Red_cockaded_Woodpecker/Red_Cockaded_Woodpecker_0029_794724.jpg,190,189,190.Red_cockaded_Woodpecker,95,94,random_erasing,random_erasing,0,"{""area_fraction"":0.191985,""erased"":true,""height"":0.631527,""left"":0.317307,""top"":0.228515,""width"":0.304001}",6.0192657,5.5614271,-0.45783854,0.0024314546,0.0038432886,0.028367076,0.032819614,-0.025935621,-0.028976325,-0.0030407037,0.70203702,0.8751254,63.603837,55.661334,False,0.91078508,True,False,False,0.70203702,0.8751254,63.603837,55.661334,0.62687495,0.84054237,55.374028,46.544217,0.91052556,0.97552417,31.291615,30.525726,0.62645424,1.0161373,11.329155,11.511977,0.60884737,0.78266943,18.80668,14.719414,0.67444839,0.71690047,28.773067,20.627425,0.49899498,0.87273274,22.847667,19.939907,0.666052,0.89741913,35.133129,31.529142
init,init,-1,,1877,034.Gray_crowned_Rosy_Finch/Gray_Crowned_Rosy_Finch_0074_27156.jpg,34,33,034.Gray_crowned_Rosy_Finch,8,7,identity,identity,0,{},5.8686924,5.8686924,0,0.002826567,0.002826567,0.019647237,0.019647237,-0.01682067,-0.01682067,0,1,1,56.432958,56.432958,False,1,True,False,False,1,1,56.432958,56.432958,1,1,49.440467,49.440467,1,1,27.208802,27.208802,1,1,8.0841465,8.0841465,1,1,18.412997,18.412997,1,1,23.271986,23.271986,1,1,21.245296,21.245296,1,1,32.357689,32.357689
init,init,-1,,1877,034.Gray_crowned_Rosy_Finch/Gray_Crowned_Rosy_Finch_0074_27156.jpg,34,33,034.Gray_crowned_Rosy_Finch,8,7,horizontal_flip,horizontal_flip,0,"{""flipped"":true}",5.8686924,5.7464619,-0.12223053,0.002826567,0.0031940609,0.019647237,0.016820434,-0.01682067,-0.013626374,0.0031942963,0.67059844,0.88041747,56.432958,49.684562,False,0.95986652,True,False,False,0.67059844,0.88041747,56.432958,49.684562,0.57827928,0.86869562,49.440467,42.948718,0.95980121,0.91805799,27.208802,24.979258,0.35941398,1.0638728,8.0841465,8.6005033,0.49746558,0.88943252,18.412997,16.377118,0.5407102,0.84649576,23.271986,19.699637,0.48525046,0.85649608,21.245296,18.196513,0.68182508,0.86489971,32.357689,27.986155
init,init,-1,,1877,034.Gray_crowned_Rosy_Finch/Gray_Crowned_Rosy_Finch_0074_27156.jpg,34,33,034.Gray_crowned_Rosy_Finch,8,7,color_jitter,color_jitter,0,"{""brightness"":0.972889,""contrast"":0.89855,""hue"":0.088717,""saturation"":1.07667}",5.8686924,4.9747643,-0.89392805,0.002826567,0.0069101481,0.019647237,0.022047004,-0.01682067,-0.015136856,0.0016838142,0.73867898,0.9243774,56.432958,52.165351,False,0.91499245,True,False,False,0.73867898,0.9243774,56.432958,52.165351,0.68513981,0.92364522,49.440467,45.665451,0.91485608,0.92679077,27.208802,25.216867,0.30442184,0.89370362,8.0841465,7.224831,0.58111407,0.88614555,18.412997,16.316595,0.69996597,0.97376183,23.271986,22.661371,0.66240539,0.94865915,21.245296,20.154545,0.74506674,0.89950872,32.357689,29.106023
init,init,-1,,1877,034.Gray_crowned_Rosy_Finch/Gray_Crowned_Rosy_Finch_0074_27156.jpg,34,33,034.Gray_crowned_Rosy_Finch,8,7,rotation,rotation,0,"{""angle"":-10.600415}",5.8686924,5.6787868,-0.18990564,0.002826567,0.0034177022,0.019647237,0.019956758,-0.01682067,-0.016539056,0.00028161379,0.67558231,1.0665137,56.432958,60.186523,False,0.91340333,False,False,False,0.67558231,1.0665137,56.432958,60.186523,0.603947,1.0674357,49.440467,52.774521,0.91299232,1.0634638,27.208802,28.935575,0.40137176,0.88493231,8.0841465,7.1539224,0.45030991,1.0650595,18.412997,19.610937,0.63593332,1.092365,23.271986,25.421503,0.50730877,1.0884409,21.245296,23.124249,0.69124059,1.0563749,32.357689,34.18185
init,init,-1,,1877,034.Gray_crowned_Rosy_Finch/Gray_Crowned_Rosy_Finch_0074_27156.jpg,34,33,034.Gray_crowned_Rosy_Finch,8,7,random_resized_crop,random_resized_crop,0,"{""area_fraction"":0.898268,""aspect"":1.050512,""fallback"":false,""height"":0.924703,""left"":0.002584,""top"":0.028716,""width"":0.971412}",5.8686924,5.8300352,-0.038657188,0.002826567,0.0029379725,0.019647237,0.017252347,-0.01682067,-0.014314374,0.0025062959,0.79206607,1.0633323,56.432958,60.006989,False,0.98228455,False,False,False,0.79206607,1.0633323,56.432958,60.006989,0.73352463,1.0591632,49.440467,52.365525,0.9822423,1.0769832,27.208802,29.303422,0.62846278,1.0949598,8.0841465,8.8518156,0.59807567,1.1391617,18.412997,20.975381,0.7285882,1.1028356,23.271986,25.665174,0.68255769,1.0560947,21.245296,22.437044,0.8181286,1.0069883,32.357689,32.583813
init,init,-1,,1877,034.Gray_crowned_Rosy_Finch/Gray_Crowned_Rosy_Finch_0074_27156.jpg,34,33,034.Gray_crowned_Rosy_Finch,8,7,gaussian_blur,gaussian_blur,0,"{""sigma"":1.788655}",5.8686924,6.0117011,0.14300871,0.002826567,0.0024499167,0.019647237,0.023907272,-0.01682067,-0.021457355,-0.0046366856,0.49565443,1.0329005,56.432958,58.289631,False,0.78607988,True,False,False,0.49565443,1.0329005,56.432958,58.289631,0.41786875,1.0582569,49.440467,52.320715,0.78599234,0.94435698,27.208802,25.694822,0.14262654,1.0961518,8.0841465,8.8614515,0.27815927,1.08953,18.412997,20.061512,0.39328145,1.0996477,23.271986,25.590985,0.39309406,1.1360071,21.245296,24.134808,0.51520093,0.98656724,32.357689,31.923035
init,init,-1,,1877,034.Gray_crowned_Rosy_Finch/Gray_Crowned_Rosy_Finch_0074_27156.jpg,34,33,034.Gray_crowned_Rosy_Finch,8,7,random_erasing,random_erasing,0,"{""area_fraction"":0.135059,""erased"":true,""height"":0.337935,""left"":0.300782,""top"":0.602033,""width"":0.399659}",5.8686924,5.7142458,-0.1544466,0.002826567,0.0032986368,0.019647237,0.018144859,-0.01682067,-0.014846222,0.0019744476,0.68145181,1.2029213,56.432958,67.884405,False,0.90931594,False,False,False,0.68145181,1.2029213,56.432958,67.884405,0.6217434,1.2351686,49.440467,61.067311,0.90913915,1.0896921,27.208802,29.649215,0.68526703,1.3472914,8.0841465,10.891701,0.52034268,1.26842,18.412997,23.355414,0.63068989,1.3477579,23.271986,31.365003,0.57663297,1.2162357,21.245296,25.839288,0.6708374,1.1619783,32.357689,37.598932
init,init,-1,,605,012.Yellow_headed_Blackbird/Yellow_Headed_Blackbird_0074_8452.jpg,12,11,012.Yellow_headed_Blackbird,129,128,identity,identity,0,{},5.1750641,5.1750641,0,0.0056558549,0.0056558549,0.025758298,0.025758298,-0.020102443,-0.020102443,0,1,1,42.830704,42.830704,False,1,True,False,False,1,1,42.830704,42.830704,1,1,35.350539,35.350539,1,1,24.182817,24.182817,1,1,6.8264858,6.8264858,1,1,13.711526,13.711526,1,1,15.199493,15.199493,1,1,13.690799,13.690799,1,1,24.425216,24.425216
init,init,-1,,605,012.Yellow_headed_Blackbird/Yellow_Headed_Blackbird_0074_8452.jpg,12,11,012.Yellow_headed_Blackbird,129,128,horizontal_flip,horizontal_flip,0,"{""flipped"":true}",5.1750641,5.4961858,0.32112169,0.0056558549,0.0041023893,0.025758298,0.024306403,-0.020102443,-0.020204014,-0.00010157097,0.68918904,0.99992629,42.830704,42.827547,False,0.95818359,True,False,False,0.68918904,0.99992629,42.830704,42.827547,0.56949705,1.0149268,35.350539,35.878209,0.95816155,0.96709265,24.182817,23.387024,0.23077385,1.1848844,6.8264858,8.0885967,0.41787963,0.86778385,13.711526,11.898641,0.68083352,1.06456,15.199493,16.180772,0.4436933,1.0984708,13.690799,15.038943,0.64362614,0.99635977,24.425216,24.336303
init,init,-1,,605,012.Yellow_headed_Blackbird/Yellow_Headed_Blackbird_0074_8452.jpg,12,11,012.Yellow_headed_Blackbird,129,128,color_jitter,color_jitter,0,"{""brightness"":1.077875,""contrast"":1.390794,""hue"":0.045298,""saturation"":1.097854}",5.1750641,5.1765814,0.0015172958,0.0056558549,0.0056472793,0.025758298,0.022815529,-0.020102443,-0.01716825,0.0029341932,0.73715346,1.0147365,42.830704,43.461881,False,0.94364625,True,False,False,0.73715346,1.0147365,42.830704,43.461881,0.63329977,0.98770369,35.350539,34.915858,0.9435401,1.0702162,24.182817,25.880841,0.51428645,0.9601135,6.8264858,6.5542012,0.53690821,0.86769335,13.711526,11.8974,0.57586528,1.0120774,15.199493,15.383063,0.50658341,1.0020988,13.690799,13.719534,0.73165143,1.0109659,24.425216,24.69306
init,init,-1,,605,012.Yellow_headed_Blackbird/Yellow_Headed_Blackbird_0074_8452.jpg,12,11,012.Yellow_headed_Blackbird,129,128,rotation,rotation,0,"{""angle"":5.92086}",5.1750641,5.2459698,0.070905685,0.0056558549,0.0052687111,0.025758298,0.029041298,-0.020102443,-0.023772587,-0.0036701434,0.74063193,1.1137877,42.830704,47.704312,False,0.94395912,True,False,False,0.74063193,1.1137877,42.830704,47.704312,0.63916741,1.0876831,35.350539,38.450183,0.94384546,1.1676155,24.182817,28.236232,0.71154875,1.2611037,6.8264858,8.6089065,0.43755784,0.95270523,13.711526,13.063043,0.60763543,1.1002262,15.199493,16.722881,0.52931162,1.1087197,13.690799,15.179259,0.736861,1.1013099,24.425216,26.899733
init,init,-1,,605,012.Yellow_headed_Blackbird/Yellow_Headed_Blackbird_0074_8452.jpg,12,11,012.Yellow_headed_Blackbird,129,128,random_resized_crop,random_resized_crop,0,"{""area_fraction"":0.697006,""aspect"":0.768017,""fallback"":false,""height"":0.952649,""left"":0.144847,""top"":0.024399,""width"":0.73165}",5.1750641,5.2796288,0.10456467,0.0056558549,0.0050943219,0.025758298,0.025006153,-0.020102443,-0.019911831,0.00019061239,0.76025141,1.0866518,42.830704,46.542061,False,0.95286548,True,False,False,0.76025141,1.0866518,42.830704,46.542061,0.67903581,1.1170219,35.350539,39.487326,0.95280551,1.0187248,24.182817,24.635635,0.65069198,1.4076895,6.8264858,9.6095725,0.72564907,1.1455691,13.711526,15.707501,0.677289,1.2579169,15.199493,19.119699,0.54890986,1.1546281,13.690799,15.807782,0.72134116,1.0067984,24.425216,24.59127
init,init,-1,,605,012.Yellow_headed_Blackbird/Yellow_Headed_Blackbird_0074_8452.jpg,12,11,012.Yellow_headed_Blackbird,129,128,gaussian_blur,gaussian_blur,0,"{""sigma"":1.735111}",5.1750641,5.4705133,0.29544926,0.0056558549,0.0042090719,0.025758298,0.025203701,-0.020102443,-0.020994629,-0.00089218607,0.66562539,1.219716,42.830704,52.241294,False,0.88994622,True,False,False,0.66562539,1.219716,42.830704,52.241294,0.56503885,1.2350382,35.350539,43.659265,0.88976642,1.1863113,24.182817,28.688349,0.41301342,1.4648379,6.8264858,9.9996947,0.6003493,1.2236074,13.711526,16.777525,0.55946733,1.3415945,15.199493,20.391556,0.44354902,1.3431198,13.690799,18.388383,0.62042869,1.1365941,24.425216,27.761557
init,init,-1,,605,012.Yellow_headed_Blackbird/Yellow_Headed_Blackbird_0074_8452.jpg,12,11,012.Yellow_headed_Blackbird,129,128,random_erasing,random_erasing,0,"{""area_fraction"":0.15166,""erased"":true,""height"":0.510526,""left"":0.190906,""top"":0.103115,""width"":0.297067}",5.1750641,5.4412556,0.26619148,0.0056558549,0.0043340377,0.025758298,0.02851156,-0.020102443,-0.024177522,-0.0040750788,0.80155612,1.1311926,42.830704,48.449777,False,0.96597558,True,False,False,0.80155612,1.1311926,42.830704,48.449777,0.72158886,1.1157465,35.350539,39.44224,0.96589408,1.163512,24.182817,28.136996,0.50911839,1.3712431,6.8264858,9.3607713,0.63079751,1.089258,13.711526,14.935389,0.71462385,1.0682183,15.199493,16.236377,0.64356056,1.0867236,13.690799,14.878115,0.79741854,1.1286901,24.425216,27.5685
init,init,-1,,5342,092.Nighthawk/Nighthawk_0073_83540.jpg,92,91,092.Nighthawk,114,113,identity,identity,0,{},5.5539598,5.5539598,0,0.0038720937,0.0038720937,0.019531762,0.019531762,-0.015659668,-0.015659668,0,1,1,51.430643,51.430643,False,0.99999994,True,False,False,1,1,51.430643,51.430643,1,1,43.835802,43.835802,1,1,26.898577,26.898577,1,1,7.3591953,7.3591953,1,1,17.52536,17.52536,1,1,18.43139,18.43139,1,1,19.00977,19.00977,1,1,29.312013,29.312013
init,init,-1,,5342,092.Nighthawk/Nighthawk_0073_83540.jpg,92,91,092.Nighthawk,114,113,horizontal_flip,horizontal_flip,0,"{""flipped"":true}",5.5539598,5.4914336,-0.062526226,0.0038720937,0.0041219313,0.019531762,0.016290721,-0.015659668,-0.012168789,0.0034908792,0.71008577,0.92887445,51.430643,47.77261,False,0.9498589,False,False,False,0.71008577,0.92887445,51.430643,47.77261,0.61466242,0.91328243,43.835802,40.034468,0.94981665,0.96906699,26.898577,26.066523,0.58434109,0.73658115,7.3591953,5.4206445,0.53479489,0.8588576,17.52536,15.051789,0.52040216,0.83059073,18.43139,15.308942,0.52693645,0.9274213,19.00977,17.630065,0.71197081,0.96592404,29.312013,28.313178
init,init,-1,,5342,092.Nighthawk/Nighthawk_0073_83540.jpg,92,91,092.Nighthawk,114,113,color_jitter,color_jitter,0,"{""brightness"":0.830967,""contrast"":1.026568,""hue"":-0.076719,""saturation"":0.841806}",5.5539598,5.4987106,-0.055249214,0.0038720937,0.0040920428,0.019531762,0.013690878,-0.015659668,-0.0095988349,0.0060608336,0.71424528,0.96404382,51.430643,49.581393,False,0.92264146,False,False,False,0.71424528,0.96404382,51.430643,49.581393,0.63450199,0.95949359,43.835802,42.060171,0.9225176,0.97602546,26.898577,26.253696,0.61036299,0.69155811,7.3591953,5.0893112,0.42581786,0.89087775,17.52536,15.612953,0.54864513,0.95506797,18.43139,17.60323,0.62676082,0.98082737,19.00977,18.645302,0.74113169,0.98986801,29.312013,29.015024
init,init,-1,,5342,092.Nighthawk/Nighthawk_0073_83540.jpg,92,91,092.Nighthawk,114,113,rotation,rotation,0,"{""angle"":-11.499185}",5.5539598,5.3488593,-0.20510054,0.0038720937,0.0047535696,0.019531762,0.028244097,-0.015659668,-0.023490527,-0.0078308587,0.66162445,1.0637908,51.430643,54.711445,False,0.92085654,True,False,False,0.66162445,1.0637908,51.430643,54.711445,0.55105035,1.0181356,43.835802,44.63079,0.9205859,1.1764732,26.898577,31.645455,0.38434096,1.1272852,7.3591953,8.2959116,0.47655297,0.91395201,17.52536,16.017338,0.42141493,1.0057309,18.43139,18.537019,0.49171536,0.95864022,19.00977,18.22353,0.65736906,1.0738658,29.312013,31.477167
init,init,-1,,5342,092.Nighthawk/Nighthawk_0073_83540.jpg,92,91,092.Nighthawk,114,113,random_resized_crop,random_resized_crop,0,"{""area_fraction"":0.524453,""aspect"":0.953857,""fallback"":false,""height"":0.741501,""left"":0.230687,""top"":0.076168,""width"":0.707285}",5.5539598,5.477787,-0.076172829,0.0038720937,0.0041785669,0.019531762,0.016772782,-0.015659668,-0.012594216,0.0030654529,0.6985921,0.97073103,51.430643,49.925321,False,0.94098383,False,False,False,0.6985921,0.97073103,51.430643,49.925321,0.59909171,0.9436178,43.835802,41.364244,0.94082096,1.0393109,26.898577,27.955983,0.14827888,0.74937703,7.3591953,5.5148119,0.62370489,1.0143376,17.52536,17.776631,0.45554922,0.87327266,18.43139,16.095629,0.53491103,0.93081032,19.00977,17.69449,0.69188383,0.96035236,29.312013,28.14986
init,init,-1,,5342,092.Nighthawk/Nighthawk_0073_83540.jpg,92,91,092.Nighthawk,114,113,gaussian_blur,gaussian_blur,0,"{""sigma"":1.134602}",5.5539598,5.4553504,-0.098609447,0.0038720937,0.0042733797,0.019531762,0.029388888,-0.015659668,-0.025115508,-0.0094558396,0.67139319,1.0612338,51.430643,54.579937,False,0.91042101,True,False,False,0.67139319,1.0612338,51.430643,54.579937,0.58239922,1.0641799,43.835802,46.649178,0.91019658,1.0533697,26.898577,28.334145,0.37416731,1.0039178,7.3591953,7.3880275,0.39710274,1.0309047,17.52536,18.066975,0.48076294,1.0500658,18.43139,19.354172,0.55206388,1.0826831,19.00977,20.581556,0.7102799,1.0771938,29.312013,31.574719
init,init,-1,,5342,092.Nighthawk/Nighthawk_0073_83540.jpg,92,91,092.Nighthawk,114,113,random_erasing,random_erasing,0,"{""area_fraction"":0.062268,""erased"":true,""height"":0.199013,""left"":0.046389,""top"":0.510886,""width"":0.312884}",5.5539598,5.5063429,-0.047616959,0.0038720937,0.004060932,0.019531762,0.018932171,-0.015659668,-0.014871239,0.00078842929,0.89013521,1.0775775,51.430643,55.420501,False,0.97865903,False,False,False,0.89013521,1.0775775,51.430643,55.420501,0.8563532,1.0731588,43.835802,47.042779,0.97860197,1.0892255,26.898577,29.298617,0.77004212,0.93997709,7.3591953,6.917475,0.87492516,1.0810793,17.52536,18.946304,0.83228877,1.0611192,18.43139,19.557902,0.82563255,1.0781908,19.00977,20.496158,0.87714337,1.0807763,29.312013,31.679728
init,init,-1,,4858,084.Red_legged_Kittiwake/Red_Legged_Kittiwake_0032_795399.jpg,84,83,084.Red_legged_Kittiwake,186,185,identity,identity,0,{},6.3391991,6.3391991,0,0.0017657155,0.0017657155,0.056405149,0.056405149,-0.054639434,-0.054639434,0,1,1,52.7111,52.7111,False,0.99999988,True,False,False,1,1,52.7111,52.7111,1,1,43.631549,43.631549,1,1,29.576138,29.576138,1,1,6.8619959,6.8619959,1,1,14.361199,14.361199,1,1,17.893205,17.893205,1,1,19.236972,19.236972,1,1,30.986339,30.986339
init,init,-1,,4858,084.Red_legged_Kittiwake/Red_Legged_Kittiwake_0032_795399.jpg,84,83,084.Red_legged_Kittiwake,186,185,horizontal_flip,horizontal_flip,0,"{""flipped"":true}",6.3391991,6.1570358,-0.18216324,0.0017657155,0.0021185235,0.056405149,0.054966725,-0.054639434,-0.052848202,0.0017912319,0.7719025,0.92684823,52.7111,48.855189,False,0.98138833,True,False,False,0.7719025,0.92684823,52.7111,48.855189,0.67111092,0.91212131,43.631549,39.797266,0.98135488,0.95811634,29.576138,28.337381,0.48059905,0.79291903,6.8619959,5.4410071,0.5042077,1.0497125,14.361199,15.07513,0.5522489,0.81414861,17.893205,14.567728,0.60376646,0.89098085,19.236972,17.139773,0.7830282,0.9246828,30.986339,28.652535
init,init,-1,,4858,084.Red_legged_Kittiwake/Red_Legged_Kittiwake_0032_795399.jpg,84,83,084.Red_legged_Kittiwake,186,185,color_jitter,color_jitter,0,"{""brightness"":1.195491,""contrast"":0.77937,""hue"":0.049782,""saturation"":0.866767}",6.3391991,6.2926235,-0.046575546,0.0017657155,0.0018499009,0.056405149,0.049473926,-0.054639434,-0.047624025,0.0070154084,0.88756486,1.0007065,52.7111,52.748339,False,0.98288929,True,False,False,0.88756486,1.0007065,52.7111,52.748339,0.84237368,0.98915816,43.631549,43.158503,0.98282823,1.0253896,29.576138,30.327065,0.55497105,0.71130007,6.8619959,4.8809382,0.69346798,0.87543298,14.361199,12.572267,0.79679883,1.0550733,17.893205,18.878642,0.82458334,1.0044867,19.236972,19.323283,0.90709796,0.99521082,30.986339,30.83794
init,init,-1,,4858,084.Red_legged_Kittiwake/Red_Legged_Kittiwake_0032_795399.jpg,84,83,084.Red_legged_Kittiwake,186,185,rotation,rotation,0,"{""angle"":12.712716}",6.3391991,6.3430634,0.0038642883,0.0017657155,0.0017589054,0.056405149,0.045848195,-0.054639434,-0.044089289,0.010550145,0.73953478,1.0588701,52.7111,55.814205,False,0.96153879,True,False,False,0.73953478,1.0588701,52.7111,55.814205,0.63996789,1.0663244,43.631549,46.525386,0.96131253,1.042463,29.576138,30.832028,0.31032623,1.1387743,6.8619959,7.8142645,0.34142962,1.1495393,14.361199,16.508762,0.53038815,1.0457208,17.893205,18.711296,0.61279503,1.0667943,19.236972,20.521891,0.77527271,1.0505851,30.986339,32.553786
init,init,-1,,4858,084.Red_legged_Kittiwake/Red_Legged_Kittiwake_0032_795399.jpg,84,83,084.Red_legged_Kittiwake,186,185,random_resized_crop,random_resized_crop,0,"{""area_fraction"":0.770285,""aspect"":1.14521,""fallback"":false,""height"":0.820131,""left"":0.003542,""top"":0.082429,""width"":0.939222}",6.3391991,6.2897429,-0.04945612,0.0017657155,0.0018552369,0.056405149,0.051820725,-0.054639434,-0.049965488,0.0046739456,0.74250827,1.0487889,52.7111,55.282815,False,0.96224773,True,False,False,0.74250827,1.0487889,52.7111,55.282815,0.65267787,1.0811005,43.631549,47.170089,0.96214487,0.97477433,29.576138,28.83006,0.3625938,1.2107917,6.8619959,8.3084477,0.33707111,1.2729584,14.361199,18.281209,0.6592021,1.1949124,17.893205,21.380812,0.59240036,1.023569,19.236972,19.690368,0.78216106,1.0087011,30.986339,31.255954
init,init,-1,,4858,084.Red_legged_Kittiwake/Red_Legged_Kittiwake_0032_795399.jpg,84,83,084.Red_legged_Kittiwake,186,185,gaussian_blur,gaussian_blur,0,"{""sigma"":1.626236}",6.3391991,6.0469179,-0.29228115,0.0017657155,0.0023651405,0.056405149,0.049980313,-0.054639434,-0.047615172,0.0070242618,0.71586145,1.2183988,52.7111,64.223141,False,0.92093754,True,False,False,0.71586145,1.2183988,52.7111,64.223141,0.65059127,1.3068493,43.631549,57.019858,0.92077709,0.99919929,29.576138,29.552456,0.36965685,1.4198039,6.8619959,9.7426888,0.59052163,1.7459235,14.361199,25.073555,0.63417788,1.7484191,17.893205,31.284821,0.63268921,1.1680231,19.236972,22.469226,0.75183255,1.0427769,30.986339,32.311837
init,init,-1,,4858,084.Red_legged_Kittiwake/Red_Legged_Kittiwake_0032_795399.jpg,84,83,084.Red_legged_Kittiwake,186,185,random_erasing,random_erasing,0,"{""area_fraction"":0.05822,""erased"":true,""height"":0.146856,""left"":0.060459,""top"":0.712671,""width"":0.396445}",6.3391991,6.1907163,-0.1484828,0.0017657155,0.002048359,0.056405149,0.068151861,-0.054639434,-0.066103502,-0.011464069,0.92882289,1.0414528,52.7111,54.896123,False,0.98719978,True,False,False,0.92882289,1.0414528,52.7111,54.896123,0.90154912,1.0345715,43.631549,45.139959,0.98709546,1.0562736,29.576138,31.240492,0.8764602,1.1013932,6.8619959,7.5577556,0.77847142,0.91225703,14.361199,13.101105,0.87797252,1.0283858,17.893205,18.401117,0.88927633,1.047804,19.236972,20.156575,0.93972564,1.0526746,30.986339,32.618532
init,init,-1,,10803,184.Louisiana_Waterthrush/Louisiana_Waterthrush_0077_795247.jpg,184,183,184.Louisiana_Waterthrush,129,128,identity,identity,0,{},5.6538095,5.6538095,0,0.0035041419,0.0035041419,0.032268465,0.032268465,-0.028764323,-0.028764323,0,1,1,54.720227,54.720227,False,1,True,False,False,1,1,54.720227,54.720227,1,1,48.237522,48.237522,1,1,25.834951,25.834951,1,1,14.829128,14.829128,1,1,16.501593,16.501593,1,1,21.993849,21.993849,1,1,19.983525,19.983525,1,1,30.847726,30.847726
init,init,-1,,10803,184.Louisiana_Waterthrush/Louisiana_Waterthrush_0077_795247.jpg,184,183,184.Louisiana_Waterthrush,129,128,horizontal_flip,horizontal_flip,0,"{""flipped"":true}",5.6538095,5.4597521,-0.19405746,0.0035041419,0.0042546098,0.032268465,0.028167576,-0.028764323,-0.023912966,0.0048513568,0.60823549,0.99090683,54.720227,54.222647,False,0.94712591,False,False,False,0.60823549,0.99090683,54.720227,54.222647,0.50662744,0.98038769,48.237522,47.291473,0.94697199,1.0267365,25.834951,26.525686,0.23733988,0.80208469,14.829128,11.894216,0.36118321,0.97799386,16.501593,16.138457,0.43313261,0.93263472,21.993849,20.512228,0.40328288,1.0054303,19.983525,20.092041,0.67354668,1.0302989,30.847726,31.782379
init,init,-1,,10803,184.Louisiana_Waterthrush/Louisiana_Waterthrush_0077_795247.jpg,184,183,184.Louisiana_Waterthrush,129,128,color_jitter,color_jitter,0,"{""brightness"":0.78065,""contrast"":0.77429,""hue"":-0.024293,""saturation"":0.931744}",5.6538095,5.5589209,-0.094888687,0.0035041419,0.0038529313,0.032268465,0.030863879,-0.028764323,-0.027010948,0.0017533747,0.75767146,0.95944777,54.720227,52.5012,False,0.95725846,True,False,False,0.75767146,0.95944777,54.720227,52.5012,0.69861645,0.95227394,48.237522,45.935335,0.95721727,0.98404843,25.834951,25.422843,0.4481191,0.53677098,14.829128,7.9598455,0.37297114,0.96898463,16.501593,15.98979,0.70704011,0.89695768,21.993849,19.727552,0.70558271,0.99574085,19.983525,19.898412,0.82724937,1.0281444,30.847726,31.715917
init,init,-1,,10803,184.Louisiana_Waterthrush/Louisiana_Waterthrush_0077_795247.jpg,184,183,184.Louisiana_Waterthrush,129,128,rotation,rotation,0,"{""angle"":-13.215343}",5.6538095,5.5257382,-0.12807131,0.0035041419,0.0039829277,0.032268465,0.020680847,-0.028764323,-0.016697919,0.012066404,0.59084334,1.0693948,54.720227,58.517526,False,0.89169037,False,False,False,0.59084334,1.0693948,54.720227,58.517526,0.50507979,1.0706791,48.237522,51.646907,0.89146172,1.0649053,25.834951,27.511776,0.18278019,0.75811777,14.829128,11.242225,0.41147852,1.068663,16.501593,17.634642,0.48675986,1.0643817,21.993849,23.409851,0.39182817,1.1091353,19.983525,22.164432,0.6425105,1.1186325,30.847726,34.507269
init,init,-1,,10803,184.Louisiana_Waterthrush/Louisiana_Waterthrush_0077_795247.jpg,184,183,184.Louisiana_Waterthrush,129,128,random_resized_crop,random_resized_crop,0,"{""area_fraction"":0.74538,""aspect"":0.765832,""fallback"":false,""height"":0.986557,""left"":0.056128,""top"":0.010781,""width"":0.755537}",5.6538095,5.5865149,-0.067294598,0.0035041419,0.003748067,0.032268465,0.032152709,-0.028764323,-0.028404642,0.00035968097,0.71433138,0.98169886,54.720227,53.718784,False,0.94220746,True,False,False,0.71433138,0.98169886,54.720227,53.718784,0.64308163,0.95880402,48.237522,46.25033,0.94212284,1.0576468,25.834951,27.324252,0.66044745,0.91859233,14.829128,13.621923,0.39728464,0.93416487,16.501593,15.415209,0.63357735,0.88945399,21.993849,19.562517,0.54037879,0.97152576,19.983525,19.414509,0.75266654,1.0024718,30.847726,30.923977
init,init,-1,,10803,184.Louisiana_Waterthrush/Louisiana_Waterthrush_0077_795247.jpg,184,183,184.Louisiana_Waterthrush,129,128,gaussian_blur,gaussian_blur,0,"{""sigma"":1.020971}",5.6538095,5.7494068,0.095597267,0.0035041419,0.0031846697,0.032268465,0.027740771,-0.028764323,-0.024556101,0.0042082213,0.74070871,0.99334645,54.720227,54.356143,False,0.95543528,False,False,False,0.74070871,0.99334645,54.720227,54.356143,0.67563545,0.97949614,48.237522,47.248466,0.95535749,1.0401905,25.834951,26.873271,0.69225876,0.71096008,14.829128,10.542918,0.51357661,1.0072696,16.501593,16.621553,0.58384939,0.96542345,21.993849,21.233378,0.59467121,1.0164641,19.983525,20.312535,0.80370423,1.0156154,30.847726,31.329427
init,init,-1,,10803,184.Louisiana_Waterthrush/Louisiana_Waterthrush_0077_795247.jpg,184,183,184.Louisiana_Waterthrush,129,128,random_erasing,random_erasing,0,"{""area_fraction"":0.084304,""erased"":true,""height"":0.184746,""left"":0.078936,""top"":0.214102,""width"":0.456326}",5.6538095,5.4936256,-0.16018391,0.0035041419,0.0041129049,0.032268465,0.018929722,-0.028764323,-0.014816817,0.013947506,0.78513103,0.98949058,54.720227,54.145149,False,0.94749087,False,False,False,0.78513103,0.98949058,54.720227,54.145149,0.74158412,1.0021019,48.237522,48.338914,0.94734804,0.94420832,25.834951,24.393576,0.84286856,0.98912137,14.829128,14.667807,0.70295567,1.158444,16.501593,19.116171,0.70039826,0.93294488,21.993849,20.519049,0.68011181,1.047448,19.983525,20.931703,0.78318772,0.97084831,30.847726,29.948463
init,init,-1,,5691,098.Scott_Oriole/Scott_Oriole_0003_92247.jpg,98,97,098.Scott_Oriole,168,167,identity,identity,0,{},4.9988484,4.9988484,0,0.0067457105,0.0067457105,0.018741753,0.018741753,-0.011996042,-0.011996042,0,1,1,47.118814,47.118814,False,0.99999988,True,False,False,1,1,47.118814,47.118814,1,1,38.747898,38.747898,1,1,26.810129,26.810129,1,1,7.0528687,7.0528687,1,1,12.839978,12.839978,1,1,15.894435,15.894435,1,1,15.597771,15.597771,1,1,28.122378,28.122378
init,init,-1,,5691,098.Scott_Oriole/Scott_Oriole_0003_92247.jpg,98,97,098.Scott_Oriole,168,167,horizontal_flip,horizontal_flip,0,"{""flipped"":true}",4.9988484,5.3102379,0.31138945,0.0067457105,0.0049407515,0.018741753,0.015557038,-0.011996042,-0.010616286,0.0013797563,0.72188499,0.99072485,47.118814,46.68178,False,0.97129154,False,False,False,0.72188499,0.99072485,47.118814,46.68178,0.59625097,0.97291211,38.747898,37.6983,0.97120527,1.026936,26.810129,27.532287,0.34022009,0.82004232,7.0528687,5.7836508,0.48591104,0.97476195,12.839978,12.515922,0.58114653,0.95409595,15.894435,15.164816,0.45708872,0.95439007,15.597771,14.886357,0.67857116,0.99277897,28.122378,27.919305
init,init,-1,,5691,098.Scott_Oriole/Scott_Oriole_0003_92247.jpg,98,97,098.Scott_Oriole,168,167,color_jitter,color_jitter,0,"{""brightness"":0.730415,""contrast"":0.722274,""hue"":0.037556,""saturation"":0.755163}",4.9988484,4.9898324,-0.009016037,0.0067457105,0.0068068053,0.018741753,0.018509304,-0.011996042,-0.011702499,0.00029354356,0.80945141,1.1765978,47.118814,55.439894,False,0.974585,False,False,False,0.80945141,1.1765978,47.118814,55.439894,0.74453989,1.23074,38.747898,47.688588,0.97454248,1.0545759,26.810129,28.273315,0.62785297,2.0027696,7.0528687,14.125271,0.68639128,1.4926467,12.839978,19.16555,0.70167772,1.3387862,15.894435,21.27925,0.72202072,1.1688858,15.597771,18.232013,0.82164471,1.0798118,28.122378,30.366875
init,init,-1,,5691,098.Scott_Oriole/Scott_Oriole_0003_92247.jpg,98,97,098.Scott_Oriole,168,167,rotation,rotation,0,"{""angle"":1.071774}",4.9988484,5.0723562,0.073507786,0.0067457105,0.0062676365,0.018741753,0.016644632,-0.011996042,-0.010376996,0.0016190466,0.82718764,0.97472254,47.118814,45.92777,False,0.97847569,False,False,False,0.82718764,0.97472254,47.118814,45.92777,0.76031043,0.99604517,38.747898,38.594657,0.97843225,0.92860555,26.810129,24.896035,0.80769168,1.0275415,7.0528687,7.2471155,0.62161977,1.0671945,12.839978,13.702754,0.64191522,0.9709048,15.894435,15.431983,0.68348114,1.0004305,15.597771,15.604485,0.85035117,0.98518951,28.122378,27.705871
init,init,-1,,5691,098.Scott_Oriole/Scott_Oriole_0003_92247.jpg,98,97,098.Scott_Oriole,168,167,random_resized_crop,random_resized_crop,0,"{""area_fraction"":0.511947,""aspect"":0.781663,""fallback"":false,""height"":0.809287,""left"":0.211085,""top"":0.158099,""width"":0.63259}",4.9988484,5.3679619,0.36911345,0.0067457105,0.0046636267,0.018741753,0.02054801,-0.011996042,-0.015884384,-0.0038883411,0.62702419,1.1403382,47.118814,53.731384,False,0.90378475,True,False,False,0.62702419,1.1403382,47.118814,53.731384,0.50330473,1.1633849,38.747898,45.078721,0.90359285,1.090628,26.810129,29.239879,0.23685398,1.9654306,7.0528687,13.861924,0.341841,1.3188621,12.839978,16.934161,0.54054604,1.1924126,15.894435,18.952724,0.42728448,1.1442264,15.597771,17.847381,0.60073391,1.0521086,28.122378,29.587795
init,init,-1,,5691,098.Scott_Oriole/Scott_Oriole_0003_92247.jpg,98,97,098.Scott_Oriole,168,167,gaussian_blur,gaussian_blur,0,"{""sigma"":1.505872}",4.9988484,4.3048177,-0.69403076,0.0067457105,0.013503349,0.018741753,0.014115972,-0.011996042,-0.00061262306,0.011383419,0.67166958,1.3939327,47.118814,65.680457,False,0.90396458,False,False,False,0.67166958,1.3939327,47.118814,65.680457,0.59600175,1.5051767,38.747898,58.322434,0.90362549,1.1266721,26.810129,30.206226,0.51795386,1.7826652,7.0528687,12.572904,0.55775961,2.0444388,12.839978,26.25055,0.63902392,1.7663848,15.894435,28.075689,0.53344035,1.5244706,15.597771,23.778342,0.6464589,1.232146,28.122378,34.650875
init,init,-1,,5691,098.Scott_Oriole/Scott_Oriole_0003_92247.jpg,98,97,098.Scott_Oriole,168,167,random_erasing,random_erasing,0,"{""area_fraction"":0.121425,""erased"":true,""height"":0.286358,""left"":0.118681,""top"":0.201858,""width"":0.424031}",4.9988484,5.3256912,0.32684278,0.0067457105,0.0048649884,0.018741753,0.023953427,-0.011996042,-0.019088438,-0.0070923958,0.67514762,1.0563398,47.118814,49.773481,False,0.90013874,True,False,False,0.67514762,1.0563398,47.118814,49.773481,0.57152516,1.0687217,38.747898,41.410718,0.90004753,1.0299966,26.810129,27.614341,0.061459161,0.79923914,7.0528687,5.6369287,0.45966404,1.1572323,12.839978,14.858837,0.61821321,1.2182623,15.894435,19.363591,0.54696535,1.0573893,15.597771,16.492916,0.61760424,1.0153428,28.122378,28.553855
init,init,-1,,11484,195.Carolina_Wren/Carolina_Wren_0033_186848.jpg,195,194,195.Carolina_Wren,129,128,identity,identity,0,{},6.6129875,6.6129875,0,0.0013428145,0.0013428145,0.025593407,0.025593407,-0.024250593,-0.024250593,0,1,1,65.794487,65.794487,False,1.0000001,True,False,False,1,1,65.794487,65.794487,1,1,57.50699,57.50699,1,1,31.966555,31.966555,1,1,9.5941817,9.5941817,1,1,25.341602,25.341602,1,1,28.393246,28.393246,1,1,23.704818,23.704818,1,1,34.708989,34.708989
init,init,-1,,11484,195.Carolina_Wren/Carolina_Wren_0033_186848.jpg,195,194,195.Carolina_Wren,129,128,horizontal_flip,horizontal_flip,0,"{""flipped"":true}",6.6129875,6.4549217,-0.1580658,0.0013428145,0.0015727626,0.025593407,0.02670183,-0.024250593,-0.025129068,-0.00087847479,0.68282828,0.92842779,65.794487,61.08543,False,0.94569558,True,False,False,0.68282828,0.92842779,65.794487,61.08543,0.59630151,0.91267745,57.50699,52.485333,0.94545571,0.97766285,31.966555,31.252513,0.48530889,0.83828388,9.5941817,8.0426478,0.47197879,0.78849696,25.341602,19.981776,0.65045443,0.91631298,28.393246,26.0171,0.4774636,0.89625696,23.704818,21.245608,0.67803736,0.98231892,34.708989,34.095296
init,init,-1,,11484,195.Carolina_Wren/Carolina_Wren_0033_186848.jpg,195,194,195.Carolina_Wren,129,128,color_jitter,color_jitter,0,"{""brightness"":1.028562,""contrast"":1.160893,""hue"":-0.065388,""saturation"":0.68143}",6.6129875,6.5857353,-0.027252197,0.0013428145,0.0013799127,0.025593407,0.020175392,-0.024250593,-0.018795479,0.0054551138,0.77097179,0.97792775,65.794487,64.342254,False,0.93309641,True,False,False,0.77097179,0.97792775,65.794487,64.342254,0.71393501,0.92120429,57.50699,52.975686,0.93274788,1.142355,31.966555,36.517152,0.59576313,0.99969202,9.5941817,9.5912268,0.62675261,0.77156347,25.341602,19.552655,0.69891801,0.85529096,28.393246,24.284487,0.6623833,0.91373045,23.704818,21.659814,0.79741198,1.0280481,34.708989,35.68251
init,init,-1,,11484,195.Carolina_Wren/Carolina_Wren_0033_186848.jpg,195,194,195.Carolina_Wren,129,128,rotation,rotation,0,"{""angle"":5.067808}",6.6129875,6.1207223,-0.49226522,0.0013428145,0.0021968686,0.025593407,0.030100046,-0.024250593,-0.027903177,-0.0036525842,0.79079687,0.95527261,65.794487,62.851671,False,0.96219146,True,False,False,0.79079687,0.95527261,65.794487,62.851671,0.73498411,0.94130029,57.50699,54.131346,0.96202483,0.99915284,31.966555,31.939474,0.43021078,1.3325829,9.5941817,12.785043,0.72358475,0.83082495,25.341602,21.054435,0.72883477,0.87863322,28.393246,24.947249,0.6806028,0.97251711,23.704818,23.053341,0.80950849,0.98533311,34.708989,34.199916
init,init,-1,,11484,195.Carolina_Wren/Carolina_Wren_0033_186848.jpg,195,194,195.Carolina_Wren,129,128,random_resized_crop,random_resized_crop,0,"{""area_fraction"":0.742408,""aspect"":0.858846,""fallback"":false,""height"":0.929745,""left"":0.05451,""top"":0.003065,""width"":0.798508}",6.6129875,6.3485374,-0.26445007,0.0013428145,0.001749304,0.025593407,0.026263108,-0.024250593,-0.024513804,-0.00026321155,0.76154249,0.88572276,65.794487,58.275675,False,0.96757638,True,False,False,0.76154249,0.88572276,65.794487,58.275675,0.69094041,0.85724825,57.50699,49.297766,0.96748667,0.97217464,31.966555,31.077074,0.43650261,1.0450523,9.5941817,10.026421,0.5840898,0.74277104,25.341602,18.823009,0.72606433,0.7805826,28.393246,22.163274,0.6265939,0.89027372,23.704818,21.103777,0.77573443,0.92861454,34.708989,32.231272
init,init,-1,,11484,195.Carolina_Wren/Carolina_Wren_0033_186848.jpg,195,194,195.Carolina_Wren,129,128,gaussian_blur,gaussian_blur,0,"{""sigma"":1.851218}",6.6129875,6.352242,-0.26074553,0.0013428145,0.0017428354,0.025593407,0.024497258,-0.024250593,-0.022754422,0.0014961708,0.6102551,0.9724918,65.794487,63.984599,False,0.88934231,True,False,False,0.6102551,0.9724918,65.794487,63.984599,0.52283721,0.96900994,57.50699,55.724845,0.88900062,0.98367566,31.966555,31.444722,0.43365969,0.96284537,9.5941817,9.2377134,0.41662807,0.83349928,25.341602,21.122207,0.48766901,0.88312271,28.393246,25.074721,0.47586492,1.0628082,23.704818,25.193675,0.62291646,1.0429067,34.708989,36.198238
init,init,-1,,11484,195.Carolina_Wren/Carolina_Wren_0033_186848.jpg,195,194,195.Carolina_Wren,129,128,random_erasing,random_erasing,0,"{""area_fraction"":0.064713,""erased"":true,""height"":0.199651,""left"":0.103511,""top"":0.024797,""width"":0.324128}",6.6129875,6.6489987,0.036011219,0.0013428145,0.0012953185,0.025593407,0.023230469,-0.024250593,-0.02193515,0.0023154425,0.93182092,0.97532741,65.794487,64.171166,False,0.9865979,True,False,False,0.93182092,0.97532741,65.794487,64.171166,0.91434488,0.96408038,57.50699,55.441361,0.98655132,1.0108688,31.966555,32.313992,0.90316769,0.87914494,9.5941817,8.4346762,0.91567613,0.85797484,25.341602,21.742457,0.92808173,0.95645506,28.393246,27.156864,0.88903224,0.99290946,23.704818,23.536738,0.92179979,1.0138817,34.708989,35.190808
init,init,-1,,1299,024.Red_faced_Cormorant/Red_Faced_Cormorant_0050_796276.jpg,24,23,024.Red_faced_Cormorant,129,128,identity,identity,0,{},6.9480925,6.9480925,0,0.00096046564,0.00096046564,0.023188373,0.023188373,-0.022227907,-0.022227907,0,1,1,51.568351,51.568351,False,0.99999994,True,False,False,1,1,51.568351,51.568351,1,1,42.850953,42.850953,1,1,28.689555,28.689555,1,1,12.182005,12.182005,1,1,13.533483,13.533483,1,1,16.099475,16.099475,1,1,17.950616,17.950616,1,1,30.384702,30.384702
init,init,-1,,1299,024.Red_faced_Cormorant/Red_Faced_Cormorant_0050_796276.jpg,24,23,024.Red_faced_Cormorant,129,128,horizontal_flip,horizontal_flip,0,"{""flipped"":true}",6.9480925,6.7669725,-0.18111992,0.00096046564,0.0011511747,0.023188373,0.019670388,-0.022227907,-0.018519213,0.0037086944,0.68057027,1.0355041,51.568351,53.39924,False,0.97681355,False,False,False,0.68057027,1.0355041,51.568351,53.39924,0.54625456,1.031746,42.850953,44.211299,0.97677088,1.0438392,28.689555,29.947284,0.53279591,1.028713,12.182005,12.531787,0.17693855,1.1191018,13.533483,15.145344,0.41704218,1.0217248,16.099475,16.449232,0.44488798,1.029406,17.950616,18.478472,0.70166852,1.0176888,30.384702,30.922171
init,init,-1,,1299,024.Red_faced_Cormorant/Red_Faced_Cormorant_0050_796276.jpg,24,23,024.Red_faced_Cormorant,129,128,color_jitter,color_jitter,0,"{""brightness"":0.837954,""contrast"":1.121685,""hue"":0.070191,""saturation"":1.219592}",6.9480925,6.836359,-0.11173344,0.00096046564,0.0010740069,0.023188373,0.019948244,-0.022227907,-0.018874237,0.0033536702,0.86751601,0.95650959,51.568351,49.325622,False,0.96054268,False,False,False,0.86751601,0.95650959,51.568351,49.325622,0.82560706,0.95468618,42.850953,40.909213,0.9604483,0.96056491,28.689555,27.55818,0.8923893,0.88769823,12.182005,10.813945,0.67122869,0.90501388,13.533483,12.24799,0.77588531,0.91517614,16.099475,14.733855,0.77405177,0.97854319,17.950616,17.565453,0.8763644,0.97684895,30.384702,29.681264
init,init,-1,,1299,024.Red_faced_Cormorant/Red_Faced_Cormorant_0050_796276.jpg,24,23,024.Red_faced_Cormorant,129,128,rotation,rotation,0,"{""angle"":-14.41069}",6.9480925,6.786334,-0.16175842,0.00096046564,0.0011291007,0.023188373,0.025877522,-0.022227907,-0.024748422,-0.0025205142,0.64953157,1.0716731,51.568351,55.264416,False,0.90127063,False,False,False,0.64953157,1.0716731,51.568351,55.264416,0.54000132,1.0807961,42.850953,46.313142,0.90097388,1.0510358,28.689555,30.153749,0.79078506,1.1967772,12.182005,14.579146,0.20989068,1.2177539,13.533483,16.480451,0.42182559,1.0147695,16.099475,16.337256,0.39992358,1.0842354,17.950616,19.462693,0.65465284,1.048548,30.384702,31.859818
init,init,-1,,1299,024.Red_faced_Cormorant/Red_Faced_Cormorant_0050_796276.jpg,24,23,024.Red_faced_Cormorant,129,128,random_resized_crop,random_resized_crop,0,"{""area_fraction"":0.698534,""aspect"":0.855228,""fallback"":false,""height"":0.903759,""left"":0.199,""top"":0.065217,""width"":0.772921}",6.9480925,7.0829434,0.13485098,0.00096046564,0.00083929906,0.023188373,0.024825677,-0.022227907,-0.023986378,-0.0017584708,0.77851183,1.1107306,51.568351,57.278547,False,0.97188532,True,False,False,0.77851183,1.1107306,51.568351,57.278547,0.69817738,1.1335116,42.850953,48.572054,0.97179147,1.0581433,28.689555,30.35766,0.71015973,1.2850415,12.182005,15.654383,0.32715455,1.1426022,13.533483,15.463387,0.63156375,1.146995,16.099475,18.466017,0.65407371,1.1091979,17.950616,19.910785,0.80766824,1.1100602,30.384702,33.728849
init,init,-1,,1299,024.Red_faced_Cormorant/Red_Faced_Cormorant_0050_796276.jpg,24,23,024.Red_faced_Cormorant,129,128,gaussian_blur,gaussian_blur,0,"{""sigma"":1.08898}",6.9480925,7.0857053,0.13761282,0.00096046564,0.00083698431,0.023188373,0.022233495,-0.022227907,-0.021396511,0.00083139626,0.81615533,1.1142626,51.568351,57.460687,False,0.97242689,True,False,False,0.81615533,1.1142626,51.568351,57.460687,0.75445287,1.1485291,42.850953,49.215568,0.97231669,1.0337334,28.689555,29.65735,0.72022589,1.1663367,12.182005,14.20832,0.56093512,1.1748295,13.533483,15.899535,0.67376031,1.2597511,16.099475,20.281331,0.71184615,1.1928812,17.950616,21.412953,0.8464719,1.0903795,30.384702,33.130855
init,init,-1,,1299,024.Red_faced_Cormorant/Red_Faced_Cormorant_0050_796276.jpg,24,23,024.Red_faced_Cormorant,129,128,random_erasing,random_erasing,0,"{""area_fraction"":0.190004,""erased"":true,""height"":0.565373,""left"":0.619556,""top"":0.411361,""width"":0.336069}",6.9480925,6.6218643,-0.32622814,0.00096046564,0.0013309479,0.023188373,0.016385231,-0.022227907,-0.015054283,0.0071736241,0.74491262,0.95969333,51.568351,49.489802,False,0.92903835,False,False,False,0.74491262,0.95969333,51.568351,49.489802,0.65999827,0.95032683,42.850953,40.722411,0.92880448,0.98026625,28.689555,28.123403,0.64452946,0.87573908,12.182005,10.668258,0.40362718,1.022809,13.533483,13.842168,0.58466397,0.93740864,16.099475,15.091787,0.64819709,0.95876524,17.950616,17.210426,0.7430252,0.94755773,30.384702,28.791259
init,init,-1,,9021,154.Red_eyed_Vireo/Red_Eyed_Vireo_0038_156963.jpg,154,153,154.Red_eyed_Vireo,129,128,identity,identity,0,{},4.0987225,4.0987225,0,0.016593868,0.016593868,0.040935095,0.040935095,-0.024341227,-0.024341227,0,1,1,60.225867,60.225867,False,0.99999994,True,False,False,1,1,60.225867,60.225867,1,1,50.329071,50.329071,1,1,33.077782,33.077782,1,1,10.583777,10.583777,1,1,16.475377,16.475377,1,1,23.593331,23.593331,1,1,21.51687,21.51687,1,1,33.614581,33.614581
init,init,-1,,9021,154.Red_eyed_Vireo/Red_Eyed_Vireo_0038_156963.jpg,154,153,154.Red_eyed_Vireo,129,128,horizontal_flip,horizontal_flip,0,"{""flipped"":true}",4.0987225,4.4551315,0.35640907,0.016593868,0.011618792,0.040935095,0.043943789,-0.024341227,-0.032324997,-0.0079837693,0.66988373,0.91652819,60.225867,55.198705,False,0.95813483,True,False,False,0.66988373,0.91652819,60.225867,55.198705,0.54819539,0.92239365,50.329071,46.423215,0.95782311,0.90280299,33.077782,29.86272,-0.47764075,0.91426705,10.583777,9.6763985,0.44930148,0.95686355,16.475377,15.764688,0.61555407,0.96210771,23.593331,22.699325,0.44571596,0.88858673,21.51687,19.119605,0.68208895,0.90826472,33.614581,30.530938
init,init,-1,,9021,154.Red_eyed_Vireo/Red_Eyed_Vireo_0038_156963.jpg,154,153,154.Red_eyed_Vireo,129,128,color_jitter,color_jitter,0,"{""brightness"":1.118374,""contrast"":1.060825,""hue"":-0.0171,""saturation"":1.26072}",4.0987225,4.2357984,0.1370759,0.016593868,0.014468256,0.040935095,0.032500047,-0.024341227,-0.018031791,0.0063094366,0.93006787,0.95469481,60.225867,57.497322,False,0.99121833,False,False,False,0.93006787,0.95469481,60.225867,57.497322,0.90249131,0.93354948,50.329071,46.984678,0.9911404,1.0019368,33.077782,33.141848,0.95369475,0.83445277,10.583777,8.8316619,0.85193685,0.92976067,16.475377,15.318158,0.8853818,0.87857663,23.593331,20.728549,0.86601407,0.9125805,21.51687,19.635876,0.93350203,0.97750481,33.614581,32.858415
init,init,-1,,9021,154.Red_eyed_Vireo/Red_Eyed_Vireo_0038_156963.jpg,154,153,154.Red_eyed_Vireo,129,128,rotation,rotation,0,"{""angle"":-8.253871}",4.0987225,4.4666343,0.36791182,0.016593868,0.011485909,0.040935095,0.039405696,-0.024341227,-0.027919787,-0.0035785595,0.81456533,0.91813417,60.225867,55.295426,False,0.97178841,True,False,False,0.81456533,0.91813417,60.225867,55.295426,0.74247547,0.89819165,50.329071,45.205151,0.97161274,0.96271869,33.077782,31.844599,0.71702412,0.66460019,10.583777,7.0339801,0.58614557,0.80208575,16.475377,13.214665,0.76678672,0.96059075,23.593331,22.663535,0.65803803,0.87940855,21.51687,18.922119,0.80236979,0.91582416,33.614581,30.785046
init,init,-1,,9021,154.Red_eyed_Vireo/Red_Eyed_Vireo_0038_156963.jpg,154,153,154.Red_eyed_Vireo,129,128,random_resized_crop,random_resized_crop,0,"{""area_fraction"":0.755279,""aspect"":1.287379,""fallback"":false,""height"":0.76595,""left"":0.012874,""top"":0.037383,""width"":0.986068}",4.0987225,4.8148232,0.71610069,0.016593868,0.0081086559,0.040935095,0.032749712,-0.024341227,-0.024641057,-0.00029982906,0.80751257,0.96587208,60.225867,58.170483,False,0.96416485,True,False,False,0.80751257,0.96587208,60.225867,58.170483,0.74611414,0.98881024,50.329071,49.765901,0.96383481,0.91055383,33.077782,30.119101,0.68619368,1.1557105,10.583777,12.231782,0.70452187,1.0308497,16.475377,16.983637,0.78860733,1.0649586,23.593331,25.12592,0.64510431,0.95782315,21.51687,20.609356,0.78701319,0.9324908,33.614581,31.345288
init,init,-1,,9021,154.Red_eyed_Vireo/Red_Eyed_Vireo_0038_156963.jpg,154,153,154.Red_eyed_Vireo,129,128,gaussian_blur,gaussian_blur,0,"{""sigma"":1.140322}",4.0987225,4.786684,0.68796158,0.016593868,0.0083400672,0.040935095,0.047343407,-0.024341227,-0.03900334,-0.014662112,0.7668852,0.99978775,60.225867,60.213084,False,0.94861597,True,False,False,0.7668852,0.99978775,60.225867,60.213084,0.69898129,1.0338391,50.329071,52.032162,0.9483444,0.91611232,33.077782,30.302963,0.74410969,1.0414965,10.583777,11.022966,0.54482249,1.1300494,16.475377,18.61799,0.69925053,1.0865098,23.593331,25.634385,0.61956552,1.0665072,21.51687,22.947897,0.77621465,0.96649117,33.614581,32.488196
init,init,-1,,9021,154.Red_eyed_Vireo/Red_Eyed_Vireo_0038_156963.jpg,154,153,154.Red_eyed_Vireo,129,128,random_erasing,random_erasing,0,"{""area_fraction"":0.058909,""erased"":true,""height"":0.266697,""left"":0.05416,""top"":0.070723,""width"":0.220884}",4.0987225,4.1479287,0.049206257,0.016593868,0.015797103,0.040935095,0.041435275,-0.024341227,-0.025638172,-0.0012969449,0.94517558,0.9625359,60.225867,57.969559,False,0.98786473,True,False,False,0.94517558,0.9625359,60.225867,57.969559,0.92633283,0.95324446,50.329071,47.975908,0.9877705,0.98370956,33.077782,32.53893,0.96316086,1.0111712,10.583777,10.702011,0.92178409,0.87791125,16.475377,14.463919,0.93391422,0.95396202,23.593331,22.507141,0.89889884,0.9335899,21.51687,20.087932,0.93175733,0.97213841,33.614581,32.678026
init,init,-1,,11412,194.Cactus_Wren/Cactus_Wren_0069_186033.jpg,194,193,194.Cactus_Wren,58,57,identity,identity,0,{},5.812439,5.812439,0,0.0029901282,0.0029901282,0.028826863,0.028826863,-0.025836734,-0.025836734,0,1,1,53.429596,53.429596,False,0.99999994,True,False,False,1,1,53.429596,53.429596,1,1,44.984419,44.984419,1,1,28.829218,28.829218,1,1,6.0024235,6.0024235,1,1,15.73191,15.73191,1,1,20.632215,20.632215,1,1,20.005949,20.005949,1,1,30.234906,30.234906
init,init,-1,,11412,194.Cactus_Wren/Cactus_Wren_0069_186033.jpg,194,193,194.Cactus_Wren,58,57,horizontal_flip,horizontal_flip,0,"{""flipped"":true}",5.812439,5.8000326,-0.012406349,0.0029901282,0.0030274561,0.028826863,0.022893034,-0.025836734,-0.019865578,0.0059711565,0.65163217,1.0110268,53.429596,54.018754,False,0.97017157,False,False,False,0.65163217,1.0110268,53.429596,54.018754,0.52402169,1.018081,44.984419,45.797783,0.9701139,0.99364204,28.829218,28.645923,0.085021624,0.90599549,6.0024235,5.4381686,0.26456348,0.98742476,15.73191,15.534078,0.4577914,1.0763476,20.632215,22.207436,0.40824732,0.99863368,20.005949,19.978614,0.69169723,1.0109291,30.234906,30.565347
init,init,-1,,11412,194.Cactus_Wren/Cactus_Wren_0069_186033.jpg,194,193,194.Cactus_Wren,58,57,color_jitter,color_jitter,0,"{""brightness"":0.849269,""contrast"":1.250635,""hue"":0.065662,""saturation"":1.387006}",5.812439,6.0520296,0.23959064,0.0029901282,0.0023530822,0.028826863,0.03299053,-0.025836734,-0.030637448,-0.0048007136,0.83479217,0.89974863,53.429596,48.073206,False,0.97129387,True,False,False,0.83479217,0.89974863,53.429596,48.073206,0.77899967,0.90087257,44.984419,40.525229,0.97122524,0.89700623,28.829218,25.859988,0.77780314,0.7959,6.0024235,4.7773289,0.66373177,0.87335407,15.73191,13.739528,0.72786316,0.83005895,20.632215,17.125955,0.74752569,0.91895601,20.005949,18.384587,0.8448479,0.93513624,30.234906,28.273756
init,init,-1,,11412,194.Cactus_Wren/Cactus_Wren_0069_186033.jpg,194,193,194.Cactus_Wren,58,57,rotation,rotation,0,"{""angle"":8.84951}",5.812439,5.7618313,-0.050607681,0.0029901282,0.0031453462,0.028826863,0.016302098,-0.025836734,-0.013156751,0.012679983,0.75619922,1.0042218,53.429596,53.655168,False,0.94228494,False,False,False,0.75619922,1.0042218,53.429596,53.655168,0.67781233,0.99614862,44.984419,44.811167,0.94212957,1.0236121,28.829218,29.509936,0.66766466,1.0245053,6.0024235,6.1495149,0.58846509,0.94753752,15.73191,14.906575,0.67439411,0.9779218,20.632215,20.176693,0.61721798,0.97777095,20.005949,19.561236,0.72803378,1.0238515,30.234906,30.956054
init,init,-1,,11412,194.Cactus_Wren/Cactus_Wren_0069_186033.jpg,194,193,194.Cactus_Wren,58,57,random_resized_crop,random_resized_crop,0,"{""area_fraction"":0.626245,""aspect"":0.986831,""fallback"":false,""height"":0.796619,""left"":0.036494,""top"":0.133448,""width"":0.786129}",5.812439,6.2355814,0.42314243,0.0029901282,0.0019584903,0.028826863,0.032726474,-0.025836734,-0.030767984,-0.0049312494,0.70807053,1.0767767,53.429596,57.531742,False,0.96697909,True,False,False,0.70807053,1.0767767,53.429596,57.531742,0.61065322,1.1009485,44.984419,49.525526,0.96688785,1.0155209,28.829218,29.276672,-0.002131275,1.0943874,6.0024235,6.5689769,0.45807344,1.1750409,15.73191,18.485639,0.52853837,1.2301661,20.632215,25.381052,0.54317822,1.0659489,20.005949,21.325318,0.76376409,1.0295322,30.234906,31.127808
init,init,-1,,11412,194.Cactus_Wren/Cactus_Wren_0069_186033.jpg,194,193,194.Cactus_Wren,58,57,gaussian_blur,gaussian_blur,0,"{""sigma"":1.016594}",5.812439,5.856143,0.043704033,0.0029901282,0.0028622625,0.028826863,0.029035935,-0.025836734,-0.026173673,-0.0003369383,0.75500154,1.0624897,53.429596,56.768396,False,0.95514536,True,False,False,0.75500154,1.0624897,53.429596,56.768396,0.68111533,1.0899977,44.984419,49.032912,0.95502548,0.99233066,28.829218,28.608117,0.50466952,0.93913178,6.0024235,5.6370667,0.42239771,1.0045048,15.73191,15.80278,0.61828971,1.2457094,20.632215,25.701745,0.65839085,1.1112462,20.005949,22.231535,0.80749496,1.0289799,30.234906,31.111111
init,init,-1,,11412,194.Cactus_Wren/Cactus_Wren_0069_186033.jpg,194,193,194.Cactus_Wren,58,57,random_erasing,random_erasing,0,"{""area_fraction"":0.116646,""erased"":true,""height"":0.408744,""left"":0.494371,""top"":0.271463,""width"":0.285376}",5.812439,5.9278593,0.11542034,0.0029901282,0.0026641798,0.028826863,0.03078212,-0.025836734,-0.028117941,-0.0022812062,0.83224898,0.98749444,53.429596,52.761429,False,0.96508408,False,False,False,0.83224898,0.98749444,53.429596,52.761429,0.77490307,0.9703291,44.984419,43.649691,0.96499827,1.0280905,28.829218,29.639043,0.85722342,0.85087506,6.0024235,5.1073125,0.77067558,0.81865724,15.73191,12.879042,0.78029091,0.94303353,20.632215,19.456871,0.69038869,0.94810153,20.005949,18.967671,0.80916558,1.0327457,30.234906,31.22497
init,init,-1,,10931,186.Cedar_Waxwing/Cedar_Waxwing_0125_178921.jpg,186,185,186.Cedar_Waxwing,4,3,identity,identity,0,{},4.9219685,4.9219685,0,0.0072847763,0.0072847763,0.022449356,0.022449356,-0.015164579,-0.015164579,0,1,1,47.088568,47.088568,False,1,True,False,False,1,1,47.088568,47.088568,1,1,39.980821,39.980821,1,1,24.877041,24.877041,1,1,6.1297305,6.1297305,1,1,14.273966,14.273966,1,1,16.604703,16.604703,1,1,18.435807,18.435807,1,1,27.231439,27.231439
init,init,-1,,10931,186.Cedar_Waxwing/Cedar_Waxwing_0125_178921.jpg,186,185,186.Cedar_Waxwing,4,3,horizontal_flip,horizontal_flip,0,"{""flipped"":true}",4.9219685,5.4686108,0.5466423,0.0072847763,0.0042170868,0.022449356,0.024199029,-0.015164579,-0.019981943,-0.0048173633,0.59977457,1.0780563,47.088568,50.764128,False,0.95079392,True,False,False,0.59977457,1.0780563,47.088568,50.764128,0.47958212,1.1102169,39.980821,44.387385,0.95077787,0.99016727,24.877041,24.632432,0.54064737,1.1113308,6.1297305,6.8121586,0.37219512,1.3033343,14.273966,18.603749,0.3474297,1.1343505,16.604703,18.835554,0.37875601,1.1192383,18.435807,20.634062,0.62030517,1.0368382,27.231439,28.234595
init,init,-1,,10931,186.Cedar_Waxwing/Cedar_Waxwing_0125_178921.jpg,186,185,186.Cedar_Waxwing,4,3,color_jitter,color_jitter,0,"{""brightness"":1.07693,""contrast"":0.750954,""hue"":-0.073864,""saturation"":0.965869}",4.9219685,4.9244418,0.0024733543,0.0072847763,0.0072667808,0.022449356,0.026597554,-0.015164579,-0.019330773,-0.0041661938,0.82495402,1.0589472,47.088568,49.864307,False,0.96901584,True,False,False,0.82495402,1.0589472,47.088568,49.864307,0.76762422,1.0499115,39.980821,41.976322,0.9689138,1.0819363,24.877041,26.915375,0.76166944,1.2103271,6.1297305,7.4189792,0.7006257,1.160945,14.273966,16.57129,0.67020097,1.1587368,16.604703,19.240481,0.74294572,0.98791161,18.435807,18.212947,0.84828738,0.99249014,27.231439,27.026934
init,init,-1,,10931,186.Cedar_Waxwing/Cedar_Waxwing_0125_178921.jpg,186,185,186.Cedar_Waxwing,4,3,rotation,rotation,0,"{""angle"":-11.84185}",4.9219685,5.37428,0.45231152,0.0072847763,0.0046342527,0.022449356,0.023699269,-0.015164579,-0.019065016,-0.0039004367,0.70794114,1.0881323,47.088568,51.238594,False,0.932576,True,False,False,0.70794114,1.0881323,47.088568,51.238594,0.62628496,1.1054081,39.980821,44.195122,0.93254378,1.0421868,24.877041,25.926525,0.75465899,1.4398667,6.1297305,8.8259949,0.50696431,1.1335335,14.273966,16.180019,0.52919748,1.1523801,16.604703,19.134929,0.54708766,1.0733193,18.435807,19.787507,0.72929494,1.074292,27.231439,29.254516
init,init,-1,,10931,186.Cedar_Waxwing/Cedar_Waxwing_0125_178921.jpg,186,185,186.Cedar_Waxwing,4,3,random_resized_crop,random_resized_crop,0,"{""area_fraction"":0.545411,""aspect"":1.062674,""fallback"":false,""height"":0.71641,""left"":0.238689,""top"":0.187522,""width"":0.76131}",4.9219685,4.856966,-0.065002441,0.0072847763,0.0077740327,0.022449356,0.016989002,-0.015164579,-0.0092149694,0.0059496099,0.70252499,1.0484528,47.088568,49.370141,False,0.94961542,False,False,False,0.70252499,1.0484528,47.088568,49.370141,0.6077551,1.051098,39.980821,42.02376,0.94956073,1.0415895,24.877041,25.911666,0.55378043,1.407108,6.1297305,8.6251928,0.47388207,1.2008154,14.273966,17.140398,0.51439854,0.98247602,16.604703,16.313723,0.55406356,0.98591756,18.435807,18.176185,0.71465902,1.0395046,27.231439,28.307207
init,init,-1,,10931,186.Cedar_Waxwing/Cedar_Waxwing_0125_178921.jpg,186,185,186.Cedar_Waxwing,4,3,gaussian_blur,gaussian_blur,0,"{""sigma"":1.289475}",4.9219685,5.2774248,0.35545635,0.0072847763,0.0051055634,0.022449356,0.022523744,-0.015164579,-0.017418181,-0.0022536013,0.7062673,1.0153274,47.088568,47.810312,False,0.92960691,True,False,False,0.7062673,1.0153274,47.088568,47.810312,0.62000561,1.0158989,39.980821,40.616472,0.92952318,1.0138496,24.877041,25.22158,0.27294648,0.90875711,6.1297305,5.5704362,0.38179021,1.0423058,14.273966,14.877837,0.55877324,1.1397457,16.604703,18.925139,0.57570032,0.97789879,18.435807,18.028353,0.75507556,0.98134058,27.231439,26.723316
init,init,-1,,10931,186.Cedar_Waxwing/Cedar_Waxwing_0125_178921.jpg,186,185,186.Cedar_Waxwing,4,3,random_erasing,random_erasing,0,"{""area_fraction"":0.093084,""erased"":true,""height"":0.321335,""left"":0.341527,""top"":0.09567,""width"":0.289679}",4.9219685,5.0518842,0.12991571,0.0072847763,0.0063972692,0.022449356,0.022556134,-0.015164579,-0.016158864,-0.0009942851,0.57899171,1.103859,47.088568,51.979138,False,0.85757262,True,False,False,0.57899171,1.103859,47.088568,51.979138,0.47550729,1.1157691,39.980821,44.609366,0.8573985,1.0724845,24.877041,26.680241,0.42727719,1.4196574,6.1297305,8.7021175,0.47846383,1.1342802,14.273966,16.190677,0.46106806,1.2700224,16.604703,21.088345,0.38926342,1.081372,18.435807,19.935966,0.52927449,1.0451143,27.231439,28.459966
init,init,-1,,9559,163.Cape_May_Warbler/Cape_May_Warbler_0028_163177.jpg,163,162,163.Cape_May_Warbler,4,3,identity,identity,0,{},5.9337659,5.9337659,0,0.0026484893,0.0026484893,0.017769037,0.017769037,-0.015120547,-0.015120547,0,1,1,41.893709,41.893709,False,0.99999988,True,False,False,1,1,41.893709,41.893709,1,1,35.299414,35.299414,1,1,22.561786,22.561786,1,1,8.5447724,8.5447724,1,1,12.042101,12.042101,1,1,15.2395,15.2395,1,1,14.161721,14.161721,1,1,24.397266,24.397266
init,init,-1,,9559,163.Cape_May_Warbler/Cape_May_Warbler_0028_163177.jpg,163,162,163.Cape_May_Warbler,4,3,horizontal_flip,horizontal_flip,0,"{""flipped"":true}",5.9337659,5.9420137,0.0082478523,0.0026484893,0.0026267341,0.017769037,0.020321837,-0.015120547,-0.017695103,-0.0025745551,0.70059661,1.1034573,41.893709,46.227919,False,0.96219671,True,False,False,0.70059661,1.1034573,41.893709,46.227919,0.59815537,1.1161727,35.299414,39.400241,0.96218246,1.0716953,22.561786,24.179361,0.69838524,1.1058362,8.5447724,9.4491183,0.48688996,1.2348939,12.042101,14.870717,0.66002949,1.111081,15.2395,16.932319,0.49046109,1.1888071,14.161721,16.835554,0.6342722,1.0623898,24.397266,25.919406
init,init,-1,,9559,163.Cape_May_Warbler/Cape_May_Warbler_0028_163177.jpg,163,162,163.Cape_May_Warbler,4,3,color_jitter,color_jitter,0,"{""brightness"":0.881315,""contrast"":1.372822,""hue"":-0.002184,""saturation"":0.665514}",5.9337659,5.866034,-0.067731857,0.0026484893,0.002834091,0.017769037,0.018421037,-0.015120547,-0.015586946,-0.00046639866,0.87990357,1.0356664,41.893709,43.387906,False,0.98271847,True,False,False,0.87990357,1.0356664,41.893709,43.387906,0.83833063,1.0386019,35.299414,36.66204,0.98270391,1.0284452,22.561786,23.203561,0.89156656,1.2111167,8.5447724,10.348717,0.78754654,0.9827166,12.042101,11.833972,0.79934771,0.95461305,15.2395,14.547826,0.79022754,1.0568093,14.161721,14.966239,0.8752644,1.0540734,24.397266,25.716508
init,init,-1,,9559,163.Cape_May_Warbler/Cape_May_Warbler_0028_163177.jpg,163,162,163.Cape_May_Warbler,4,3,rotation,rotation,0,"{""angle"":-7.306411}",5.9337659,5.9133244,-0.020441532,0.0026484893,0.002703185,0.017769037,0.01866159,-0.015120547,-0.015958405,-0.00083785783,0.73310217,0.95153316,41.893709,39.863253,False,0.95449781,True,False,False,0.73310217,0.95153316,41.893709,39.863253,0.63390356,0.92085631,35.299414,32.505688,0.95451324,1.0227504,22.561786,23.075077,0.34678905,0.50414744,8.5447724,4.3078251,0.56209033,0.84388779,12.042101,10.162182,0.53751832,0.78911477,15.2395,12.025715,0.52160867,1.00325,14.161721,14.207746,0.74751708,0.99417686,24.397266,24.255197
init,init,-1,,9559,163.Cape_May_Warbler/Cape_May_Warbler_0028_163177.jpg,163,162,163.Cape_May_Warbler,4,3,random_resized_crop,random_resized_crop,0,"{""area_fraction"":0.676734,""aspect"":1.297213,""fallback"":false,""height"":0.722276,""left"":0.038563,""top"":0.082352,""width"":0.936946}",5.9337659,5.7519178,-0.18184805,0.0026484893,0.0031766819,0.017769037,0.026442856,-0.015120547,-0.023266174,-0.0081456262,0.73277048,0.94536085,41.893709,39.604672,False,0.93210757,True,False,False,0.73277048,0.94536085,41.893709,39.604672,0.6464458,0.9272625,35.299414,32.731823,0.93207455,0.98826557,22.561786,22.297037,0.40029872,0.62907812,8.5447724,5.3753294,0.63333512,0.94202826,12.042101,11.343999,0.65081705,0.92206673,15.2395,14.051836,0.52402494,0.92748599,14.161721,13.134798,0.71214323,0.95583806,24.397266,23.319835
init,init,-1,,9559,163.Cape_May_Warbler/Cape_May_Warbler_0028_163177.jpg,163,162,163.Cape_May_Warbler,4,3,gaussian_blur,gaussian_blur,0,"{""sigma"":1.154656}",5.9337659,5.677742,-0.25602388,0.0026484893,0.0034212761,0.017769037,0.018270949,-0.015120547,-0.014849673,0.00027087471,0.7565745,1.2268278,41.893709,51.396365,False,0.93821746,False,False,False,0.7565745,1.2268278,41.893709,51.396365,0.69407605,1.2728767,35.299414,44.9318,0.93815267,1.106045,22.561786,24.954352,0.78967647,1.0049859,8.5447724,8.5873761,0.69083486,1.4430669,12.042101,17.377558,0.72241786,1.5553417,15.2395,23.70263,0.60202553,1.3252247,14.161721,18.767462,0.7246545,1.1067663,24.397266,27.002071
init,init,-1,,9559,163.Cape_May_Warbler/Cape_May_Warbler_0028_163177.jpg,163,162,163.Cape_May_Warbler,4,3,random_erasing,random_erasing,0,"{""area_fraction"":0.100135,""erased"":true,""height"":0.571268,""left"":0.352376,""top"":0.033467,""width"":0.175286}",5.9337659,6.1260586,0.19229269,0.0026484893,0.0021851768,0.017769037,0.02180778,-0.015120547,-0.019622604,-0.0045020562,0.8639124,1.1307666,41.893709,47.372008,False,0.97232354,True,False,False,0.8639124,1.1307666,41.893709,47.372008,0.82270804,1.1500957,35.299414,40.597703,0.97228616,1.0819956,22.561786,24.411753,0.90401466,1.2582846,8.5447724,10.751756,0.86560734,1.4084733,12.042101,16.960978,0.83935222,1.171657,15.2395,17.855467,0.74873554,1.1681027,14.161721,16.542345,0.82698239,1.046951,24.397266,25.542741
init,init,-1,,72,002.Laysan_Albatross/Laysan_Albatross_0065_809.jpg,2,1,002.Laysan_Albatross,186,185,identity,identity,0,{},4.5629277,4.5629277,0,0.010431474,0.010431474,0.022645453,0.022645453,-0.012213979,-0.012213979,0,1,1,48.568039,48.568039,False,0.99999994,True,False,False,1,1,48.568039,48.568039,1,1,38.930573,38.930573,1,1,29.039024,29.039024,1,1,9.3858895,9.3858895,1,1,13.07892,13.07892,1,1,16.39168,16.39168,1,1,16.774433,16.774433,1,1,26.577578,26.577578
init,init,-1,,72,002.Laysan_Albatross/Laysan_Albatross_0065_809.jpg,2,1,002.Laysan_Albatross,186,185,horizontal_flip,horizontal_flip,0,"{""flipped"":true}",4.5629277,4.651372,0.088444233,0.010431474,0.0095484955,0.022645453,0.027717987,-0.012213979,-0.018169492,-0.0059555126,0.6551468,1.0252027,48.568039,49.792085,False,0.97133052,True,False,False,0.6551468,1.0252027,48.568039,49.792085,0.46160954,0.98577482,38.930573,38.376779,0.97115157,1.0924948,29.039024,31.724983,0.38769071,1.0804915,9.3858895,10.141374,0.074268436,1.1037779,13.07892,14.436224,0.26591036,0.89375475,16.39168,14.650142,0.39197482,0.88774479,16.774433,14.891416,0.66643533,1.0132038,26.577578,26.928502
init,init,-1,,72,002.Laysan_Albatross/Laysan_Albatross_0065_809.jpg,2,1,002.Laysan_Albatross,186,185,color_jitter,color_jitter,0,"{""brightness"":0.933377,""contrast"":1.08273,""hue"":0.047213,""saturation"":1.219032}",4.5629277,4.5967455,0.033817768,0.010431474,0.010084606,0.022645453,0.024598278,-0.012213979,-0.014513672,-0.0022996934,0.91379775,1.0160105,48.568039,49.345639,False,0.99099928,True,False,False,0.91379775,1.0160105,48.568039,49.345639,0.86972911,1.0052551,38.930573,39.135158,0.99096905,1.0350602,29.039024,30.057137,0.91593205,1.1489935,9.3858895,10.784326,0.79442639,0.94534517,13.07892,12.364094,0.79644056,0.95109531,16.39168,15.59005,0.84203758,0.99704805,16.774433,16.724916,0.91884253,1.0232639,26.577578,27.195876
init,init,-1,,72,002.Laysan_Albatross/Laysan_Albatross_0065_809.jpg,2,1,002.Laysan_Albatross,186,185,rotation,rotation,0,"{""angle"":6.252144}",4.5629277,4.6177731,0.054845333,0.010431474,0.009874762,0.022645453,0.016196052,-0.012213979,-0.0063212896,0.0058926893,0.73028468,1.0167515,48.568039,49.381629,False,0.95835108,False,False,False,0.73028468,1.0167515,48.568039,49.381629,0.61020134,1.0351008,38.930573,40.297067,0.9582079,0.98291193,29.039024,28.542803,0.15535649,0.75857517,9.3858895,7.1199027,0.44174251,1.1175612,13.07892,14.616494,0.54654668,1.1100631,16.39168,18.195799,0.53938265,1.0460785,16.774433,17.547374,0.75786623,1.0099689,26.577578,26.842528
init,init,-1,,72,002.Laysan_Albatross/Laysan_Albatross_0065_809.jpg,2,1,002.Laysan_Albatross,186,185,random_resized_crop,random_resized_crop,0,"{""area_fraction"":0.607132,""aspect"":0.80262,""fallback"":false,""height"":0.869735,""left"":0.106402,""top"":0.070265,""width"":0.698066}",4.5629277,4.6412854,0.078357697,0.010431474,0.0096452935,0.022645453,0.014999533,-0.012213979,-0.0053542396,0.0068597393,0.67726633,1.1045098,48.568039,53.643875,False,0.92067027,False,False,False,0.67726633,1.1045098,48.568039,53.643875,0.56291946,1.1585777,38.930573,45.104094,0.92032621,1.0000125,29.039024,29.039386,0.45401488,0.82246336,9.3858895,7.7195503,0.53677964,1.2483331,13.07892,16.32685,0.56234182,1.3558906,16.39168,22.225324,0.44432561,1.1360741,16.774433,19.056999,0.63715468,1.0976698,26.577578,29.173406
init,init,-1,,72,002.Laysan_Albatross/Laysan_Albatross_0065_809.jpg,2,1,002.Laysan_Albatross,186,185,gaussian_blur,gaussian_blur,0,"{""sigma"":1.157677}",4.5629277,4.8438907,0.28096294,0.010431474,0.0078763505,0.022645453,0.013850383,-0.012213979,-0.0059740329,0.006239946,0.71790903,0.89352155,48.568039,43.396589,False,0.94013417,False,False,False,0.71790903,0.89352155,48.568039,43.396589,0.59604021,0.89761446,38.930573,34.944645,0.93982261,0.88611789,29.039024,25.731999,0.37145087,0.49774144,9.3858895,4.6717462,0.40641916,0.96912528,13.07892,12.675112,0.47220366,0.93616315,16.39168,15.345287,0.5225266,0.8858344,16.774433,14.85937,0.74555254,0.9079931,26.577578,24.132257
init,init,-1,,72,002.Laysan_Albatross/Laysan_Albatross_0065_809.jpg,2,1,002.Laysan_Albatross,186,185,random_erasing,random_erasing,0,"{""area_fraction"":0.085696,""erased"":true,""height"":0.328741,""left"":0.166532,""top"":0.387126,""width"":0.260681}",4.5629277,4.8127947,0.24986696,0.010431474,0.0081251189,0.022645453,0.028009154,-0.012213979,-0.019884035,-0.0076700561,0.80887416,1.0347699,48.568039,50.256745,False,0.94739085,True,False,False,0.80887416,1.0347699,48.568039,50.256745,0.73445638,1.0464053,38.930573,40.737156,0.94723171,1.0135221,29.039024,29.431693,0.79243984,0.89351034,9.3858895,8.3863893,0.60590078,0.99112377,13.07892,12.962829,0.6928662,1.0506911,16.39168,17.222592,0.66251072,1.0275157,16.774433,17.235993,0.801213,1.082321,26.577578,28.76547
init,init,-1,,7761,133.White_throated_Sparrow/White_Throated_Sparrow_0015_129138.jpg,133,132,133.White_throated_Sparrow,129,128,identity,identity,0,{},5.7384453,5.7384453,0,0.0032197691,0.0032197691,0.016284408,0.016284408,-0.013064639,-0.013064639,0,1,1,39.541544,39.541544,False,0.99999988,True,False,False,1,1,39.541544,39.541544,1,1,33.944608,33.944608,1,1,20.280466,20.280466,1,1,5.1971865,5.1971865,1,1,12.708096,12.708096,1,1,14.40448,14.40448,1,1,14.817231,14.817231,1,1,23.166584,23.166584
init,init,-1,,7761,133.White_throated_Sparrow/White_Throated_Sparrow_0015_129138.jpg,133,132,133.White_throated_Sparrow,129,128,horizontal_flip,horizontal_flip,0,"{""flipped"":true}",5.7384453,5.6204681,-0.11797714,0.0032197691,0.0036229438,0.016284408,0.01720956,-0.013064639,-0.013586616,-0.00052197697,0.65814247,1.0491231,39.541544,41.483946,False,0.95020986,True,False,False,0.65814247,1.0491231,39.541544,41.483946,0.54150713,1.0120929,33.944608,34.355097,0.95022988,1.146511,20.280466,23.251776,0.59802447,0.99519675,5.1971865,5.1722232,0.35685909,0.96753058,12.708096,12.295472,0.48817756,0.97048759,14.40448,13.979369,0.46342981,0.99794417,14.817231,14.786769,0.64036639,1.0469518,23.166584,24.254296
init,init,-1,,7761,133.White_throated_Sparrow/White_Throated_Sparrow_0015_129138.jpg,133,132,133.White_throated_Sparrow,129,128,color_jitter,color_jitter,0,"{""brightness"":1.332589,""contrast"":0.92955,""hue"":0.00875,""saturation"":0.625515}",5.7384453,5.7303715,-0.0080738068,0.0032197691,0.003245871,0.016284408,0.01736618,-0.013064639,-0.014120309,-0.0010556702,0.89110402,1.0000442,39.541544,39.543293,False,0.98646295,True,False,False,0.89110402,1.0000442,39.541544,39.543293,0.85535359,0.98305805,33.944608,33.36952,0.98646647,1.0461629,20.280466,21.216671,0.65596442,0.99435601,5.1971865,5.1678537,0.73163277,0.84783482,12.708096,10.774367,0.84905616,1.0083675,14.40448,14.525009,0.84478424,0.96843725,14.817231,14.349558,0.90574929,1.0158564,23.166584,23.533922
init,init,-1,,7761,133.White_throated_Sparrow/White_Throated_Sparrow_0015_129138.jpg,133,132,133.White_throated_Sparrow,129,128,rotation,rotation,0,"{""angle"":9.685247}",5.7384453,5.8262887,0.087843418,0.0032197691,0.0029490013,0.016284408,0.016623676,-0.013064639,-0.013674675,-0.00061003561,0.67159946,1.0585167,39.541544,41.855385,False,0.92241824,False,False,False,0.67159946,1.0585167,39.541544,41.855385,0.5717348,1.0213485,33.944608,34.669274,0.92240092,1.1562979,20.280466,23.45026,0.5363296,1.1438405,5.1971865,5.9447525,0.40328259,0.86127346,12.708096,10.945146,0.47537402,0.93461454,14.40448,13.462636,0.52373676,1.0321878,14.817231,15.294166,0.66861831,1.084882,23.166584,25.13301
init,init,-1,,7761,133.White_throated_Sparrow/White_Throated_Sparrow_0015_129138.jpg,133,132,133.White_throated_Sparrow,129,128,random_resized_crop,random_resized_crop,0,"{""area_fraction"":0.71191,""aspect"":0.847743,""fallback"":false,""height"":0.91639,""left"":0.074671,""top"":0.027429,""width"":0.776864}",5.7384453,5.5582314,-0.18021393,0.0032197691,0.0038555902,0.016284408,0.021421216,-0.013064639,-0.017565626,-0.0045009872,0.76734183,1.1032938,39.541544,43.625942,False,0.96116364,True,False,False,0.76734183,1.1032938,39.541544,43.625942,0.69472198,1.0875428,33.944608,36.916215,0.96113252,1.146268,20.280466,23.246848,0.7575442,1.0532067,5.1971865,5.4737117,0.6432572,1.1785447,12.708096,14.97706,0.64422748,1.1447599,14.40448,16.489671,0.63277763,1.0777564,14.817231,15.969366,0.75860566,1.0410016,23.166584,24.11645
init,init,-1,,7761,133.White_throated_Sparrow/White_Throated_Sparrow_0015_129138.jpg,133,132,133.White_throated_Sparrow,129,128,gaussian_blur,gaussian_blur,0,"{""sigma"":1.480895}",5.7384453,5.793396,0.054950714,0.0032197691,0.0030476139,0.016284408,0.024518009,-0.013064639,-0.021470395,-0.0084057564,0.65669048,1.3440787,39.541544,53.146948,False,0.93293083,True,False,False,0.65669048,1.3440787,39.541544,53.146948,0.56409193,1.3643068,33.944608,46.310861,0.93282402,1.2857168,20.280466,26.074936,0.39600638,1.6938392,5.1971865,8.8031983,0.22523699,1.5310834,12.708096,19.457156,0.53927254,1.4378276,14.40448,20.711158,0.58996047,1.4342597,14.817231,21.251757,0.70807238,1.2270198,23.166584,28.425857
init,init,-1,,7761,133.White_throated_Sparrow/White_Throated_Sparrow_0015_129138.jpg,133,132,133.White_throated_Sparrow,129,128,random_erasing,random_erasing,0,"{""area_fraction"":0.186605,""erased"":true,""height"":0.260102,""left"":0.252586,""top"":0.661065,""width"":0.717431}",5.7384453,5.9482293,0.20978403,0.0032197691,0.002610459,0.016284408,0.022104565,-0.013064639,-0.019494106,-0.0064294671,0.77182698,1.0581008,39.541544,41.838939,False,0.9391911,True,False,False,0.77182698,1.0581008,39.541544,41.838939,0.71090649,1.0524582,33.944608,35.725282,0.93922302,1.0737504,20.280466,21.776157,0.81006169,0.94015099,5.1971865,4.8861401,0.79353442,1.0273344,12.708096,13.055464,0.68336032,1.1164854,14.40448,16.082391,0.68321766,1.0974331,14.817231,16.26092,0.70652055,1.0204954,23.166584,23.641393
init,init,-1,,5287,091.Mockingbird/Mockingbird_0008_81226.jpg,91,90,091.Mockingbird,4,3,identity,identity,0,{},4.8592491,4.8592491,0,0.0077563059,0.0077563059,0.023374431,0.023374431,-0.015618125,-0.015618125,0,1,1,54.633188,54.633188,False,1.0000001,True,False,False,1,1,54.633188,54.633188,1,1,47.148082,47.148082,1,1,27.601515,27.601515,1,1,11.279122,11.279122,1,1,20.857415,20.857415,1,1,19.990398,19.990398,1,1,18.06257,18.06257,1,1,30.574807,30.574807
init,init,-1,,5287,091.Mockingbird/Mockingbird_0008_81226.jpg,91,90,091.Mockingbird,4,3,horizontal_flip,horizontal_flip,0,"{""flipped"":true}",4.8592491,4.8439369,-0.015312195,0.0077563059,0.0078759845,0.023374431,0.019817412,-0.015618125,-0.011941427,0.0036766976,0.72672871,0.96552098,54.633188,52.749489,False,0.95293522,True,False,False,0.72672871,0.96552098,54.633188,52.749489,0.65138226,0.97216802,47.148082,45.835857,0.95289821,0.945859,27.601515,26.107141,0.59468769,1.129658,11.279122,12.741551,0.65704227,0.94529453,20.857415,19.7164,0.61400279,0.9223856,19.990398,18.438855,0.54266697,0.99970635,18.06257,18.057266,0.71368966,0.97232139,30.574807,29.728539
init,init,-1,,5287,091.Mockingbird/Mockingbird_0008_81226.jpg,91,90,091.Mockingbird,4,3,color_jitter,color_jitter,0,"{""brightness"":1.116187,""contrast"":0.722566,""hue"":0.077037,""saturation"":0.629283}",4.8592491,5.1177826,0.25853348,0.0077563059,0.0059892908,0.023374431,0.01910406,-0.015618125,-0.013114769,0.002503356,0.88120509,1.0862228,54.633188,59.343814,False,0.97310144,False,False,False,0.88120509,1.0862228,54.633188,59.343814,0.8532486,1.1095418,47.148082,52.312769,0.97301884,1.0151242,27.601515,28.018966,0.81828445,0.97706714,11.279122,11.02046,0.88687587,1.280681,20.857415,26.711696,0.82070699,1.0666158,19.990398,21.322074,0.81085008,1.1212616,18.06257,20.252866,0.87578998,1.0531603,30.574807,32.200173
init,init,-1,,5287,091.Mockingbird/Mockingbird_0008_81226.jpg,91,90,091.Mockingbird,4,3,rotation,rotation,0,"{""angle"":4.784959}",4.8592491,5.1797781,0.32052898,0.0077563059,0.0056292578,0.023374431,0.017493287,-0.015618125,-0.011864029,0.0037540956,0.81584239,0.89973115,54.633188,49.155181,False,0.96073174,False,False,False,0.81584239,0.89973115,54.633188,49.155181,0.76509063,0.89428849,47.148082,42.163987,0.96067348,0.91542706,27.601515,25.267173,0.73444486,0.97694217,11.279122,11.01905,0.71346411,0.71531523,20.857415,14.919627,0.72285518,0.87008612,19.990398,17.393368,0.71542581,0.95916512,18.06257,17.324988,0.83096736,0.9428956,30.574807,28.828851
init,init,-1,,5287,091.Mockingbird/Mockingbird_0008_81226.jpg,91,90,091.Mockingbird,4,3,random_resized_crop,random_resized_crop,0,"{""area_fraction"":0.80552,""aspect"":0.847438,""fallback"":false,""height"":0.974954,""left"":0.103579,""top"":0.010221,""width"":0.826213}",4.8592491,5.0181999,0.15895081,0.0077563059,0.0066164276,0.023374431,0.017853446,-0.015618125,-0.011237019,0.0043811062,0.8179929,0.89593349,54.633188,48.947703,False,0.97034287,False,False,False,0.8179929,0.89593349,54.633188,48.947703,0.76199453,0.87561212,47.148082,41.283432,0.97028216,0.95275386,27.601515,26.29745,0.64580471,0.95267002,11.279122,10.745282,0.64657403,0.75013665,20.857415,15.645911,0.71235354,0.85484044,19.990398,17.088601,0.71893515,0.93373733,18.06257,16.865696,0.86359614,0.9061542,30.574807,27.705489
init,init,-1,,5287,091.Mockingbird/Mockingbird_0008_81226.jpg,91,90,091.Mockingbird,4,3,gaussian_blur,gaussian_blur,0,"{""sigma"":1.123438}",4.8592491,5.6201,0.76085091,0.0077563059,0.0036242781,0.023374431,0.017939176,-0.015618125,-0.014314898,0.0013032267,0.68485683,0.95195089,54.633188,52.008112,False,0.9157508,False,False,False,0.68485683,0.95195089,54.633188,52.008112,0.60243578,0.94112332,47.148082,44.37216,0.91561064,0.9828625,27.601515,27.128493,0.1400385,0.81061088,11.279122,9.1429793,0.35633308,0.84542231,20.857415,17.633324,0.63633281,0.99359738,19.990398,19.862407,0.59592465,1.0505477,18.06257,18.975591,0.75156413,0.93644622,30.574807,28.631662
init,init,-1,,5287,091.Mockingbird/Mockingbird_0008_81226.jpg,91,90,091.Mockingbird,4,3,random_erasing,random_erasing,0,"{""area_fraction"":0.19292,""erased"":true,""height"":0.270191,""left"":0.18326,""top"":0.615727,""width"":0.714012}",4.8592491,5.2081509,0.34890175,0.0077563059,0.0054717837,0.023374431,0.042950142,-0.015618125,-0.037478358,-0.021860234,0.72594865,1.0598179,54.633188,57.901232,False,0.91682804,True,False,False,0.72594865,1.0598179,54.633188,57.901232,0.65393127,1.0258954,47.148082,48.369002,0.91648387,1.1531085,27.601515,31.827541,0.65267244,0.72011148,11.279122,8.1222255,0.64666127,0.8184786,20.857415,17.071348,0.64787748,1.015985,19.990398,20.309945,0.59219767,1.0685456,18.06257,19.30068,0.69171713,1.1316453,30.574807,34.599838
init,init,-1,,4209,073.Blue_Jay/Blue_Jay_0066_61490.jpg,73,72,073.Blue_Jay,129,128,identity,identity,0,{},6.5734196,6.5734196,0,0.001397012,0.001397012,0.030614868,0.030614868,-0.029217856,-0.029217856,0,1,1,56.146949,56.146949,False,0.99999994,True,False,False,1,1,56.146949,56.146949,1,1,46.800012,46.800012,1,1,31.019975,31.019975,1,1,9.7155297,9.7155297,1,1,16.550116,16.550116,1,1,18.862077,18.862077,1,1,20.56873,20.56873,1,1,32.296945,32.296945
init,init,-1,,4209,073.Blue_Jay/Blue_Jay_0066_61490.jpg,73,72,073.Blue_Jay,129,128,horizontal_flip,horizontal_flip,0,"{""flipped"":true}",6.5734196,6.5372267,-0.036192894,0.001397012,0.0014485006,0.030614868,0.026483772,-0.029217856,-0.025035272,0.004182584,0.64903587,1.0567089,56.146949,59.330982,False,0.93979955,True,False,False,0.64903587,1.0567089,56.146949,59.330982,0.53594183,1.0904035,46.800012,51.030899,0.93960692,0.97568435,31.019975,30.265704,0.50265115,1.0506666,9.7155297,10.207783,0.34846023,1.0783341,16.550116,17.846554,0.47068091,1.1734164,18.862077,22.133069,0.45543073,1.134191,20.56873,23.328869,0.65097768,1.048783,32.296945,33.872487
init,init,-1,,4209,073.Blue_Jay/Blue_Jay_0066_61490.jpg,73,72,073.Blue_Jay,129,128,color_jitter,color_jitter,0,"{""brightness"":1.022806,""contrast"":1.046611,""hue"":0.074077,""saturation"":0.801406}",6.5734196,6.7738008,0.20038128,0.001397012,0.0011433406,0.030614868,0.029473197,-0.029217856,-0.028329856,0.00088799966,0.84123473,0.98123815,56.146949,55.093529,False,0.97242326,False,False,False,0.84123473,0.98123815,56.146949,55.093529,0.78366887,0.98129149,46.800012,45.924453,0.97228908,0.98111674,31.019975,30.434216,0.88043956,1.0120434,9.7155297,9.8325382,0.74545089,0.97429855,16.550116,16.124754,0.65993441,0.95707006,18.862077,18.052329,0.73258343,0.9513896,20.56873,19.568876,0.84508229,1.0002151,32.296945,32.303892
init,init,-1,,4209,073.Blue_Jay/Blue_Jay_0066_61490.jpg,73,72,073.Blue_Jay,129,128,rotation,rotation,0,"{""angle"":8.596013}",6.5734196,6.7221708,0.14875126,0.001397012,0.0012039216,0.030614868,0.021600772,-0.029217856,-0.02039685,0.0088210057,0.73900287,1.060392,56.146949,59.537776,False,0.95733166,False,False,False,0.73900287,1.060392,56.146949,59.537776,0.65445745,1.0939481,46.800012,51.196784,0.95710365,0.9797359,31.019975,30.391383,0.76168948,1.5810857,9.7155297,15.361085,0.58821585,1.122183,16.550116,18.572258,0.47680254,1.0988093,18.862077,20.725826,0.5740365,1.0596005,20.56873,21.794637,0.76248317,1.0434253,32.296945,33.699449
init,init,-1,,4209,073.Blue_Jay/Blue_Jay_0066_61490.jpg,73,72,073.Blue_Jay,129,128,random_resized_crop,random_resized_crop,0,"{""area_fraction"":0.540131,""aspect"":0.86047,""fallback"":false,""height"":0.792286,""left"":0.092337,""top"":0.06526,""width"":0.681738}",6.5734196,6.4004102,-0.1730094,0.001397012,0.001660876,0.030614868,0.028183723,-0.029217856,-0.026522847,0.0026950089,0.70177115,1.0678049,56.146949,59.953987,False,0.94229835,True,False,False,0.70177115,1.0678049,56.146949,59.953987,0.60291517,1.0872165,46.800012,50.881743,0.94203029,1.0222469,31.019975,31.710074,0.51232267,1.1896188,9.7155297,11.557777,0.44914468,1.0396669,16.550116,17.206608,0.4561149,1.123035,18.862077,21.182772,0.56685172,1.1082496,20.56873,22.795287,0.71977611,1.0685343,32.296945,34.510393
init,init,-1,,4209,073.Blue_Jay/Blue_Jay_0066_61490.jpg,73,72,073.Blue_Jay,129,128,gaussian_blur,gaussian_blur,0,"{""sigma"":1.736657}",6.5734196,6.0136566,-0.55976295,0.001397012,0.0024451308,0.030614868,0.021748289,-0.029217856,-0.019303159,0.0099146971,0.61521202,0.95549764,56.146949,53.648277,False,0.8860147,False,False,False,0.61521202,0.95549764,56.146949,53.648277,0.50049726,0.96531025,46.800012,45.176531,0.88568565,0.93277741,31.019975,28.934732,0.40564862,0.97150588,9.7155297,9.4386942,0.48333777,0.91245515,16.550116,15.101239,0.30749206,0.97906897,18.862077,18.467274,0.39115997,1.0376284,20.56873,21.342698,0.63181094,0.94282846,32.296945,30.450479
init,init,-1,,4209,073.Blue_Jay/Blue_Jay_0066_61490.jpg,73,72,073.Blue_Jay,129,128,random_erasing,random_erasing,0,"{""area_fraction"":0.075574,""erased"":true,""height"":0.371697,""left"":0.460814,""top"":0.563389,""width"":0.203321}",6.5734196,6.6336713,0.060251713,0.001397012,0.0013153254,0.030614868,0.037519857,-0.029217856,-0.036204532,-0.0069866761,0.89496979,1.0197927,56.146949,57.258249,False,0.97942311,True,False,False,0.89496979,1.0197927,56.146949,57.258249,0.85841224,1.023743,46.800012,47.911183,0.979303,1.0107436,31.019975,31.35324,0.92493353,0.8822784,9.7155297,8.571802,0.84544725,1.000258,16.550116,16.554386,0.82661325,0.97441515,18.862077,18.379493,0.83322952,1.0682079,20.56873,21.971679,0.87878822,1.0396259,32.296945,33.57674
init,init,-1,,8378,143.Caspian_Tern/Caspian_Tern_0078_146824.jpg,143,142,143.Caspian_Tern,171,170,identity,identity,0,{},7.1217413,7.1217413,0,0.0008073597,0.0008073597,0.023994792,0.023994792,-0.023187433,-0.023187433,0,1,1,62.131537,62.131537,False,1.0000001,True,False,False,1,1,62.131537,62.131537,1,1,55.581014,55.581014,1,1,27.768304,27.768304,1,1,10.349662,10.349662,1,1,22.785496,22.785496,1,1,22.165697,22.165697,1,1,25.432245,25.432245,1,1,36.398318,36.398318
init,init,-1,,8378,143.Caspian_Tern/Caspian_Tern_0078_146824.jpg,143,142,143.Caspian_Tern,171,170,horizontal_flip,horizontal_flip,0,"{""flipped"":true}",7.1217413,7.1323977,0.010656357,0.0008073597,0.00079880195,0.023994792,0.020415533,-0.023187433,-0.019616731,0.0035707012,0.67606335,0.92533195,62.131537,57.492296,False,0.95179808,False,False,False,0.67606335,0.92533195,62.131537,57.492296,0.60311276,0.91330992,55.581014,50.762692,0.95171956,0.97200692,27.768304,26.990984,0.56039565,0.65175478,10.349662,6.7454416,0.51329627,0.92169835,22.785496,21.001354,0.50402576,0.88309777,22.165697,19.574478,0.54034523,0.91021588,25.432245,23.148834,0.70651442,0.94025606,36.398318,34.223739
init,init,-1,,8378,143.Caspian_Tern/Caspian_Tern_0078_146824.jpg,143,142,143.Caspian_Tern,171,170,color_jitter,color_jitter,0,"{""brightness"":1.345036,""contrast"":1.092987,""hue"":0.034865,""saturation"":1.35294}",7.1217413,7.1237469,0.0020055771,0.0008073597,0.00080574222,0.023994792,0.02423197,-0.023187433,-0.023426228,-0.00023879553,0.83356296,0.98323957,62.131537,61.090186,False,0.97270417,False,False,False,0.83356296,0.98323957,62.131537,61.090186,0.79812579,0.97892143,55.581014,54.409446,0.97265252,1.0003529,27.768304,27.778103,0.66430228,1.3221602,10.349662,13.683911,0.68933749,0.87072934,22.785496,19.84,0.6723275,0.93626367,22.165697,20.752937,0.82162281,0.97865104,25.432245,24.889293,0.88809145,1.0017021,36.398318,36.460272
init,init,-1,,8378,143.Caspian_Tern/Caspian_Tern_0078_146824.jpg,143,142,143.Caspian_Tern,171,170,rotation,rotation,0,"{""angle"":10.317199}",7.1217413,7.3765473,0.25480604,0.0008073597,0.00062575762,0.023994792,0.021228647,-0.023187433,-0.020602889,0.0025845433,0.68606733,0.91098582,62.131537,56.600949,False,0.91419148,False,False,False,0.68606733,0.91098582,62.131537,56.600949,0.61799225,0.85450737,55.581014,47.494387,0.91388453,1.1087752,27.768304,30.788808,0.41950526,0.57889714,10.349662,5.9913897,0.59707284,0.70323858,22.785496,16.02364,0.51063755,0.79568626,22.165697,17.636941,0.54434423,0.82345048,25.432245,20.942195,0.70810426,0.95702942,36.398318,34.834262
init,init,-1,,8378,143.Caspian_Tern/Caspian_Tern_0078_146824.jpg,143,142,143.Caspian_Tern,171,170,random_resized_crop,random_resized_crop,0,"{""area_fraction"":0.891425,""aspect"":0.941605,""fallback"":false,""height"":0.972989,""left"":0.067937,""top"":0.001227,""width"":0.916172}",7.1217413,7.1316261,0.0098848343,0.0008073597,0.00079941837,0.023994792,0.025131846,-0.023187433,-0.024332427,-0.0011449949,0.8234127,0.9056691,62.131537,56.270613,False,0.97718912,True,False,False,0.8234127,0.9056691,62.131537,56.270613,0.78247388,0.890878,55.581014,49.515903,0.97714834,0.96265163,27.768304,26.731203,0.5926597,0.67313494,10.349662,6.966719,0.76489365,0.81732362,22.785496,18.623124,0.71668061,0.84991777,22.165697,18.83902,0.72962459,0.91058013,25.432245,23.158097,0.85085733,0.93784395,36.398318,34.135943
init,init,-1,,8378,143.Caspian_Tern/Caspian_Tern_0078_146824.jpg,143,142,143.Caspian_Tern,171,170,gaussian_blur,gaussian_blur,0,"{""sigma"":1.422008}",7.1217413,6.8183036,-0.30343771,0.0008073597,0.0010935746,0.023994792,0.013361796,-0.023187433,-0.012268221,0.010919211,0.52538934,1.0551349,62.131537,65.557155,False,0.88057065,False,False,False,0.52538934,1.0551349,62.131537,65.557155,0.44640486,1.0761689,55.581014,59.814558,0.88030925,0.96628361,27.768304,26.832057,-0.020805396,0.84452108,10.349662,8.7405077,0.21991566,1.0396493,22.785496,23.688925,0.39670211,1.278293,22.165697,28.334256,0.41470379,1.1103225,25.432245,28.237994,0.61566088,1.0057081,36.398318,36.606083
init,init,-1,,8378,143.Caspian_Tern/Caspian_Tern_0078_146824.jpg,143,142,143.Caspian_Tern,171,170,random_erasing,random_erasing,0,"{""area_fraction"":0.075364,""erased"":true,""height"":0.15059,""left"":0.353672,""top"":0.533881,""width"":0.500456}",7.1217413,7.4213395,0.29959822,0.0008073597,0.00059834722,0.023994792,0.027473919,-0.023187433,-0.026875572,-0.0036881393,0.79491022,0.99364901,62.131537,61.73694,False,0.95254445,True,False,False,0.79491022,0.99364901,62.131537,61.73694,0.75220495,0.97138521,55.581014,53.990575,0.95243968,1.0782462,27.768304,29.941068,0.75801562,0.70966265,10.349662,7.3447685,0.67209127,0.84093531,22.785496,19.161128,0.68398046,0.90663949,22.165697,20.096296,0.75023216,1.0088503,25.432245,25.657329,0.80739328,1.0395585,36.398318,37.838183
init,init,-1,,1548,028.Brown_Creeper/Brown_Creeper_0007_24902.jpg,28,27,028.Brown_Creeper,129,128,identity,identity,0,{},4.5766296,4.5766296,0,0.010289515,0.010289515,0.032913644,0.032913644,-0.022624128,-0.022624128,0,1,1,62.228181,62.228181,False,1.0000001,True,False,False,1,1,62.228181,62.228181,1,1,55.445441,55.445441,1,1,28.251543,28.251543,1,1,8.9616593,8.9616593,1,1,22.928548,22.928548,1,1,28.379733,28.379733,1,1,23.95536,23.95536,1,1,32.998466,32.998466
init,init,-1,,1548,028.Brown_Creeper/Brown_Creeper_0007_24902.jpg,28,27,028.Brown_Creeper,129,128,horizontal_flip,horizontal_flip,0,"{""flipped"":true}",4.5766296,4.5407152,-0.035914421,0.010289515,0.010665778,0.032913644,0.028050054,-0.022624128,-0.017384276,0.0052398527,0.60173546,1.0478426,62.228181,65.205337,False,0.95082593,False,False,False,0.60173546,1.0478426,62.228181,65.205337,0.5249924,1.0769763,55.445441,59.713425,0.95062945,0.92711463,28.251543,26.192419,0.14241287,1.1394494,8.9616593,10.211357,0.44332328,1.1509593,22.928548,26.389827,0.54377213,1.0841506,28.379733,30.767904,0.42224676,1.1359265,23.95536,27.211527,0.65243296,0.99492167,32.998466,32.830888
init,init,-1,,1548,028.Brown_Creeper/Brown_Creeper_0007_24902.jpg,28,27,028.Brown_Creeper,129,128,color_jitter,color_jitter,0,"{""brightness"":1.295459,""contrast"":1.342565,""hue"":0.00702,""saturation"":0.695413}",4.5766296,4.5740585,-0.002571106,0.010289515,0.010316011,0.032913644,0.042311139,-0.022624128,-0.031995129,-0.0093710003,0.81583686,0.99602091,62.228181,61.98057,False,0.97475159,True,False,False,0.81583686,0.99602091,62.228181,61.98057,0.77220001,0.98195334,55.445441,54.444836,0.97462341,1.0484422,28.251543,29.62011,0.46619832,1.1096835,8.9616593,9.9446054,0.62506107,0.87609386,22.928548,20.08756,0.78159952,0.96112921,28.379733,27.27659,0.77059951,1.0223665,23.95536,24.491157,0.85599921,1.0132772,32.998466,33.436592
init,init,-1,,1548,028.Brown_Creeper/Brown_Creeper_0007_24902.jpg,28,27,028.Brown_Creeper,129,128,rotation,rotation,0,"{""angle"":-13.295623}",4.5766296,4.4425602,-0.13406944,0.010289515,0.011765781,0.032913644,0.025487794,-0.022624128,-0.013722013,0.0089021157,0.67146602,0.92874567,62.228181,57.794154,False,0.91240501,True,False,False,0.67146602,0.92874567,62.228181,57.794154,0.60415879,0.91225489,55.445441,50.580374,0.91216405,0.98969844,28.251543,27.960508,0.73251288,0.89553432,8.9616593,8.0254735,0.5686367,0.77697361,22.928548,17.814877,0.59122895,0.89483363,28.379733,25.395139,0.50327333,0.94732053,23.95536,22.693404,0.67449042,0.96627572,32.998466,31.885616
init,init,-1,,1548,028.Brown_Creeper/Brown_Creeper_0007_24902.jpg,28,27,028.Brown_Creeper,129,128,random_resized_crop,random_resized_crop,0,"{""area_fraction"":0.800564,""aspect"":1.22314,""fallback"":false,""height"":0.809021,""left"":0.001383,""top"":0.149483,""width"":0.989546}",4.5766296,4.8486676,0.27203798,0.010289515,0.0078388164,0.032913644,0.030223764,-0.022624128,-0.022384948,0.0002391804,0.72887535,0.88646811,62.228181,55.163298,False,0.93820047,True,False,False,0.72887535,0.88646811,62.228181,55.163298,0.67287055,0.880499,55.445441,48.819655,0.9380952,0.90909295,28.251543,25.683278,0.63567263,1.0697476,8.9616593,9.586714,0.62236432,0.88626411,22.928548,20.320749,0.65621278,0.82641823,28.379733,23.453529,0.59717461,0.88484147,23.95536,21.196696,0.75299682,0.89854214,32.998466,29.650512
init,init,-1,,1548,028.Brown_Creeper/Brown_Creeper_0007_24902.jpg,28,27,028.Brown_Creeper,129,128,gaussian_blur,gaussian_blur,0,"{""sigma"":1.747634}",4.5766296,4.9787912,0.4021616,0.010289515,0.0068823756,0.032913644,0.02098188,-0.022624128,-0.014099504,0.0085246242,0.58536396,0.78759677,62.228181,49.010715,False,0.89194262,False,False,False,0.58536396,0.78759677,62.228181,49.010715,0.51782762,0.80904133,55.445441,44.857653,0.89162091,0.69887848,28.251543,19.744395,0.38022989,1.7023708,8.9616593,15.256067,0.32778258,0.92802893,22.928548,21.278356,0.53229118,0.71591708,28.379733,20.317535,0.52513897,0.74603135,23.95536,17.871449,0.67646137,0.73889534,32.998466,24.382412
init,init,-1,,1548,028.Brown_Creeper/Brown_Creeper_0007_24902.jpg,28,27,028.Brown_Creeper,129,128,random_erasing,random_erasing,0,"{""area_fraction"":0.169239,""erased"":true,""height"":0.293238,""left"":0.291447,""top"":0.65692,""width"":0.57714}",4.5766296,4.5176873,-0.058942318,0.010289515,0.010914236,0.032913644,0.045990054,-0.022624128,-0.035075817,-0.012451689,0.85280491,1.05269,62.228181,65.506985,False,0.95496631,True,False,False,0.85280491,1.05269,62.228181,65.506985,0.82528409,1.0423563,55.445441,57.793902,0.95473956,1.0915784,28.251543,30.838774,0.85258921,0.94580502,8.9616593,8.4759824,0.84562574,1.1056094,22.928548,25.350018,0.82303843,0.98780795,28.379733,28.033726,0.7867373,1.0226922,23.95536,24.498959,0.83642019,1.066949,32.998466,35.207679
init,init,-1,,9783,167.Hooded_Warbler/Hooded_Warbler_0039_164928.jpg,167,166,167.Hooded_Warbler,4,3,identity,identity,0,{},6.4496555,6.4496555,0,0.0015810661,0.0015810661,0.019274389,0.019274389,-0.017693323,-0.017693323,0,1,1,40.86072,40.86072,False,1.0000001,True,False,False,1,1,40.86072,40.86072,1,1,33.095544,33.095544,1,1,23.964211,23.964211,1,1,5.0666641,5.0666641,1,1,10.56604,10.56604,1,1,12.78158,12.78158,1,1,14.436338,14.436338,1,1,24.212107,24.212107
init,init,-1,,9783,167.Hooded_Warbler/Hooded_Warbler_0039_164928.jpg,167,166,167.Hooded_Warbler,4,3,horizontal_flip,horizontal_flip,0,"{""flipped"":true}",6.4496555,6.3802342,-0.069421291,0.0015810661,0.0016947258,0.019274389,0.017661965,-0.017693323,-0.015967239,0.0017260846,0.67825496,1.0335643,40.86072,42.232181,False,0.95650715,False,False,False,0.67825496,1.0335643,40.86072,42.232181,0.54379531,1.0597932,33.095544,35.074433,0.95647684,0.98159736,23.964211,23.523206,0.49962582,1.066908,5.0666641,5.4056646,0.32517016,1.1606009,10.56604,12.262955,0.36046419,1.0398302,12.78158,13.290673,0.42685386,1.0280239,14.436338,14.840899,0.6828776,1.0559987,24.212107,25.567955
init,init,-1,,9783,167.Hooded_Warbler/Hooded_Warbler_0039_164928.jpg,167,166,167.Hooded_Warbler,4,3,color_jitter,color_jitter,0,"{""brightness"":1.210807,""contrast"":1.178529,""hue"":0.00686,""saturation"":0.79498}",6.4496555,6.3156233,-0.13403225,0.0015810661,0.0018078391,0.019274389,0.018408943,-0.017693323,-0.016601104,0.0010922195,0.90573804,1.0303784,40.86072,42.102006,False,0.99133027,True,False,False,0.90573804,1.0303784,40.86072,42.102006,0.86382829,1.0499693,33.095544,34.749306,0.9913264,0.99194119,23.964211,23.771088,0.64145133,1.1431079,5.0666641,5.7917437,0.75623851,1.0496779,10.56604,11.090938,0.81049635,1.0713762,12.78158,13.69388,0.84135444,1.1086789,14.436338,16.005262,0.92136365,1.0177906,24.212107,24.642854
init,init,-1,,9783,167.Hooded_Warbler/Hooded_Warbler_0039_164928.jpg,167,166,167.Hooded_Warbler,4,3,rotation,rotation,0,"{""angle"":-4.80561}",6.4496555,6.3597937,-0.08986187,0.0015810661,0.0017297241,0.019274389,0.021515433,-0.017693323,-0.019785709,-0.0020923853,0.83025053,0.94679492,40.86072,38.686723,False,0.97616196,True,False,False,0.83025053,0.94679492,40.86072,38.686723,0.74752281,0.91454358,33.095544,30.267318,0.97613505,1.0054429,23.964211,24.094647,0.43434094,0.79868934,5.0666641,4.0466906,0.56503149,0.83919467,10.56604,8.8669643,0.66018752,0.87784645,12.78158,11.220265,0.69378964,0.9429003,14.436338,13.612027,0.83392347,0.93265871,24.212107,22.581633
init,init,-1,,9783,167.Hooded_Warbler/Hooded_Warbler_0039_164928.jpg,167,166,167.Hooded_Warbler,4,3,random_resized_crop,random_resized_crop,0,"{""area_fraction"":0.56813,""aspect"":1.027501,""fallback"":false,""height"":0.743588,""left"":0.04976,""top"":0.106986,""width"":0.764038}",6.4496555,6.6179166,0.16826105,0.0015810661,0.0013362118,0.019274389,0.020658666,-0.017693323,-0.019322454,-0.0016291311,0.71119265,1.1317271,40.86072,46.243186,False,0.96065706,True,False,False,0.71119265,1.1317271,40.86072,46.243186,0.59529299,1.1719699,33.095544,38.786982,0.96064296,1.0507085,23.964211,25.179401,0.28261799,1.112437,5.0666641,5.6363446,0.45628188,1.204132,10.56604,12.722906,0.44812868,1.2502799,12.78158,15.980553,0.53287665,1.270774,14.436338,18.345322,0.71182926,1.1073621,24.212107,26.811571
init,init,-1,,9783,167.Hooded_Warbler/Hooded_Warbler_0039_164928.jpg,167,166,167.Hooded_Warbler,4,3,gaussian_blur,gaussian_blur,0,"{""sigma"":1.101679}",6.4496555,6.4926209,0.042965412,0.0015810661,0.0015145742,0.019274389,0.022273554,-0.017693323,-0.020758979,-0.0030656561,0.76609895,1.0931917,40.86072,44.668599,False,0.95027179,True,False,False,0.76609895,1.0931917,40.86072,44.668599,0.67377874,1.1087382,33.095544,36.694294,0.95022485,1.0629099,23.964211,25.471798,0.34738646,1.0025833,5.0666641,5.0797529,0.39738363,1.027857,10.56604,10.860378,0.55516895,1.2053196,12.78158,15.405889,0.64804604,1.2004166,14.436338,17.329619,0.78837568,1.0651202,24.212107,25.788804
init,init,-1,,9783,167.Hooded_Warbler/Hooded_Warbler_0039_164928.jpg,167,166,167.Hooded_Warbler,4,3,random_erasing,random_erasing,0,"{""area_fraction"":0.163117,""erased"":true,""height"":0.227321,""left"":0.033203,""top"":0.224578,""width"":0.717563}",6.4496555,6.261477,-0.18817854,0.0015810661,0.0019084249,0.019274389,0.019154968,-0.017693323,-0.017246543,0.00044678047,0.64196883,1.3303187,40.86072,54.357781,False,0.90840602,False,False,False,0.64196883,1.3303187,40.86072,54.357781,0.51550037,1.3702339,33.095544,45.348635,0.90805017,1.2506628,23.964211,29.971147,0.56203087,1.7781691,5.0666641,9.0093853,0.4636801,1.4571762,10.56604,15.396582,0.50530302,1.6348915,12.78158,20.896497,0.475721,1.4267801,14.436338,20.597479,0.55241946,1.2233625,24.212107,29.620183
init,init,-1,,4267,074.Florida_Jay/Florida_Jay_0039_64576.jpg,74,73,074.Florida_Jay,4,3,identity,identity,0,{},4.8528504,4.8528504,0,0.0078060944,0.0078060944,0.029545609,0.029545609,-0.021739515,-0.021739515,0,1,1,52.126427,52.126427,False,1,True,False,False,1,1,52.126427,52.126427,1,1,43.090412,43.090412,1,1,29.332249,29.332249,1,1,10.09886,10.09886,1,1,16.91419,16.91419,1,1,20.315122,20.315122,1,1,16.975627,16.975627,1,1,27.709759,27.709759
init,init,-1,,4267,074.Florida_Jay/Florida_Jay_0039_64576.jpg,74,73,074.Florida_Jay,4,3,horizontal_flip,horizontal_flip,0,"{""flipped"":true}",4.8528504,4.9557967,0.10294628,0.0078060944,0.0070424667,0.029545609,0.029413652,-0.021739515,-0.022371185,-0.00063167047,0.70308626,0.93168892,52.126427,48.565615,False,0.97412342,True,False,False,0.70308626,0.93168892,52.126427,48.565615,0.5745606,0.9245627,43.090412,39.839788,0.97405362,0.94688525,29.332249,27.774274,0.4292636,0.75058499,10.09886,7.5800528,0.48864139,0.9133438,16.91419,15.44847,0.54592186,0.86690746,20.315122,17.611331,0.44663821,0.94914849,16.975627,16.11239,0.68304445,0.96924527,27.709759,26.857553
init,init,-1,,4267,074.Florida_Jay/Florida_Jay_0039_64576.jpg,74,73,074.Florida_Jay,4,3,color_jitter,color_jitter,0,"{""brightness"":0.618385,""contrast"":1.131219,""hue"":-0.031222,""saturation"":1.125346}",4.8528504,4.9480786,0.095228195,0.0078060944,0.0070970329,0.029545609,0.033564199,-0.021739515,-0.026467166,-0.0047276514,0.86920088,1.0958211,52.126427,57.12124,False,0.97969031,True,False,False,0.86920088,1.0958211,52.126427,57.12124,0.82671348,1.1390281,43.090412,49.081189,0.97959173,0.99621083,29.332249,29.221104,0.67371026,1.6084535,10.09886,16.243547,0.80417221,1.2764876,16.91419,21.590753,0.85474639,1.1447727,20.315122,23.256197,0.80657074,1.064298,16.975627,18.067125,0.87788343,1.0281563,27.709759,28.489963
init,init,-1,,4267,074.Florida_Jay/Florida_Jay_0039_64576.jpg,74,73,074.Florida_Jay,4,3,rotation,rotation,0,"{""angle"":13.598705}",4.8528504,5.1033096,0.25045919,0.0078060944,0.0060766041,0.029545609,0.020137254,-0.021739515,-0.01406065,0.0076788645,0.7077197,1.0168174,52.126427,53.003058,False,0.94325197,False,False,False,0.7077197,1.0168174,52.126427,53.003058,0.59472505,1.0044998,43.090412,43.284312,0.94292946,1.0429042,29.332249,30.590726,0.59827186,1.1048888,10.09886,11.158117,0.411872,0.950407,16.91419,16.075364,0.55465601,0.80908397,20.315122,16.43664,0.52554012,1.0715501,16.975627,18.190235,0.70463529,1.0763552,27.709759,29.825542
init,init,-1,,4267,074.Florida_Jay/Florida_Jay_0039_64576.jpg,74,73,074.Florida_Jay,4,3,random_resized_crop,random_resized_crop,0,"{""area_fraction"":0.792101,""aspect"":0.895506,""fallback"":false,""height"":0.940494,""left"":0.141479,""top"":0.036345,""width"":0.842218}",4.8528504,5.1604381,0.30758762,0.0078060944,0.0057391855,0.029545609,0.030217176,-0.021739515,-0.024477991,-0.0027384763,0.8156947,1.0105644,52.126427,52.677113,False,0.97221422,True,False,False,0.8156947,1.0105644,52.126427,52.677113,0.73818583,0.9845346,43.090412,42.424002,0.97205033,1.0645726,29.332249,31.226308,0.75302605,1.1294475,10.09886,11.406132,0.68350168,1.0274846,16.91419,17.379069,0.70553546,0.85322725,20.315122,17.333416,0.63194566,0.94237502,16.975627,15.997406,0.81308538,1.0279167,27.709759,28.483323
init,init,-1,,4267,074.Florida_Jay/Florida_Jay_0039_64576.jpg,74,73,074.Florida_Jay,4,3,gaussian_blur,gaussian_blur,0,"{""sigma"":1.998963}",4.8528504,5.3007193,0.44786882,0.0078060944,0.0049880049,0.029545609,0.019848671,-0.021739515,-0.014860666,0.0068788487,0.69026162,1.0891812,52.126427,56.775123,False,0.90119487,False,False,False,0.69026162,1.0891812,52.126427,56.775123,0.59646194,1.1020254,43.090412,47.486726,0.90087556,1.0609324,29.332249,31.119534,0.29504364,1.0281008,10.09886,10.382646,0.5564774,1.1034038,16.91419,18.663181,0.61846577,1.065788,20.315122,21.651614,0.5360693,1.2293234,16.975627,20.868534,0.66597347,1.0793906,27.709759,29.909654
init,init,-1,,4267,074.Florida_Jay/Florida_Jay_0039_64576.jpg,74,73,074.Florida_Jay,4,3,random_erasing,random_erasing,0,"{""area_fraction"":0.103798,""erased"":true,""height"":0.335995,""left"":0.400503,""top"":0.31819,""width"":0.308928}",4.8528504,5.5090351,0.65618467,0.0078060944,0.0040500131,0.029545609,0.042616364,-0.021739515,-0.03856635,-0.016826836,0.80892633,1.0604165,52.126427,55.275725,False,0.93705285,True,False,False,0.80892633,1.0604165,52.126427,55.275725,0.74662822,1.0407112,43.090412,44.844675,0.93680534,1.1017421,29.332249,32.316574,0.85951207,1.1466057,10.09886,11.57941,0.79926292,0.96426218,16.91419,16.309713,0.73997418,0.94960153,20.315122,19.291271,0.64206157,1.0763329,16.975627,18.271425,0.75892006,1.0856286,27.709759,30.082507
init,init,-1,,5492,094.White_breasted_Nuthatch/White_Breasted_Nuthatch_0131_86416.jpg,94,93,094.White_breasted_Nuthatch,8,7,identity,identity,0,{},5.3224397,5.3224397,0,0.0048808325,0.0048808325,0.024847394,0.024847394,-0.019966561,-0.019966561,0,1,1,43.819435,43.819435,False,1,True,False,False,1,1,43.819435,43.819435,1,1,35.925774,35.925774,1,1,25.089473,25.089473,1,1,5.929733,5.929733,1,1,13.108704,13.108704,1,1,15.138837,15.138837,1,1,16.112245,16.112245,1,1,24.39001,24.39001
init,init,-1,,5492,094.White_breasted_Nuthatch/White_Breasted_Nuthatch_0131_86416.jpg,94,93,094.White_breasted_Nuthatch,8,7,horizontal_flip,horizontal_flip,0,"{""flipped"":true}",5.3224397,5.4698305,0.14739084,0.0048808325,0.0042119469,0.024847394,0.025470033,-0.019966561,-0.021258086,-0.0012915251,0.67154503,1.1389612,43.819435,49.908639,False,0.96257937,False,False,False,0.67154503,1.1389612,43.819435,49.908639,0.53386699,1.1498416,35.925774,41.308948,0.96250987,1.1163212,25.089473,28.00791,0.56682586,1.4603791,5.929733,8.6596581,0.43687663,1.2399446,13.108704,16.254066,0.45415621,1.215669,15.138837,18.403814,0.402398,1.0630317,16.112245,17.127827,0.65402064,1.1116945,24.39001,27.11424
init,init,-1,,5492,094.White_breasted_Nuthatch/White_Breasted_Nuthatch_0131_86416.jpg,94,93,094.White_breasted_Nuthatch,8,7,color_jitter,color_jitter,0,"{""brightness"":0.836836,""contrast"":0.836261,""hue"":0.066684,""saturation"":0.632963}",5.3224397,5.6750269,0.35258722,0.0048808325,0.0034305763,0.024847394,0.024658132,-0.019966561,-0.021227556,-0.0012609947,0.81216352,1.0968253,43.819435,48.062266,False,0.9714855,True,False,False,0.81216352,1.0968253,43.819435,48.062266,0.74545058,1.1386968,35.925774,40.908564,0.97145488,1.0055362,25.089473,25.228374,0.62713157,1.3937086,5.929733,8.2643197,0.68355188,1.4038865,13.108704,18.403132,0.71857018,1.2150248,15.138837,18.394063,0.69229183,1.0189076,16.112245,16.416888,0.82547477,1.0522658,24.39001,25.664773
init,init,-1,,5492,094.White_breasted_Nuthatch/White_Breasted_Nuthatch_0131_86416.jpg,94,93,094.White_breasted_Nuthatch,8,7,rotation,rotation,0,"{""angle"":0.351687}",5.3224397,5.3343945,0.011954784,0.0048808325,0.0048228297,0.024847394,0.024647264,-0.019966561,-0.019824434,0.00014212728,0.90028667,1.0494897,43.819435,45.988047,False,0.98830545,True,False,False,0.90028667,1.0494897,43.819435,45.988047,0.8567776,1.0444751,35.925774,37.523575,0.98827732,1.0596974,25.089473,26.587248,0.84008502,1.2987221,5.929733,7.7010754,0.83560712,1.0345173,13.108704,13.561181,0.79233162,1.0716033,15.138837,16.222827,0.83889066,0.99575014,16.112245,16.04377,0.8991677,1.0406541,24.39001,25.381564
init,init,-1,,5492,094.White_breasted_Nuthatch/White_Breasted_Nuthatch_0131_86416.jpg,94,93,094.White_breasted_Nuthatch,8,7,random_resized_crop,random_resized_crop,0,"{""area_fraction"":0.877978,""aspect"":1.131212,""fallback"":false,""height"":0.880987,""left"":0.000364,""top"":0.071769,""width"":0.996583}",5.3224397,5.4387083,0.11626863,0.0048808325,0.0043450915,0.024847394,0.01948126,-0.019966561,-0.015136169,0.0048303925,0.80384965,1.0198311,43.819435,44.688423,False,0.98256797,False,False,False,0.80384965,1.0198311,43.819435,44.688423,0.72684677,1.0533538,35.925774,37.84255,0.98253199,0.94739565,25.089473,23.769657,0.61855504,1.703774,5.929733,10.102925,0.69946908,1.1287481,13.108704,14.796425,0.65978026,1.0847364,15.138837,16.421647,0.66222198,0.94580083,16.112245,15.238975,0.81202254,1.0119363,24.39001,24.681136
init,init,-1,,5492,094.White_breasted_Nuthatch/White_Breasted_Nuthatch_0131_86416.jpg,94,93,094.White_breasted_Nuthatch,8,7,gaussian_blur,gaussian_blur,0,"{""sigma"":1.985565}",5.3224397,5.2274113,-0.0950284,0.0048808325,0.0053674038,0.024847394,0.034357619,-0.019966561,-0.028990215,-0.0090236533,0.61600752,1.211274,43.819435,53.077342,False,0.90145242,True,False,False,0.61600752,1.211274,43.819435,53.077342,0.466323,1.1790181,35.925774,42.357137,0.90107311,1.2748605,25.089473,31.985578,0.2996594,1.6653423,5.929733,9.8750353,0.24126448,1.0019348,13.108704,13.134067,0.36526893,1.1851368,15.138837,17.941592,0.39715234,1.1045681,16.112245,17.797072,0.60270874,1.2200428,24.39001,29.756856
init,init,-1,,5492,094.White_breasted_Nuthatch/White_Breasted_Nuthatch_0131_86416.jpg,94,93,094.White_breasted_Nuthatch,8,7,random_erasing,random_erasing,0,"{""area_fraction"":0.053251,""erased"":true,""height"":0.37736,""left"":0.353379,""top"":0.279539,""width"":0.141114}",5.3224397,5.320425,-0.002014637,0.0048808325,0.0048906757,0.024847394,0.032901485,-0.019966561,-0.028010809,-0.0080442475,0.76177051,1.1404535,43.819435,49.974029,False,0.95083821,True,False,False,0.76177051,1.1404535,43.819435,49.974029,0.66660885,1.1274511,35.925774,40.504553,0.95062417,1.1666601,25.089473,29.270887,0.20778793,0.89969097,5.929733,5.3349273,0.69023608,1.12332,13.108704,14.725269,0.68452097,1.1039041,15.138837,16.711824,0.57192089,1.0857409,16.112245,17.493723,0.71428702,1.1668977,24.39001,28.460647
init,init,-1,,6081,104.American_Pipit/American_Pipit_0062_100000.jpg,104,103,104.American_Pipit,129,128,identity,identity,0,{},6.0729671,6.0729671,0,0.002304326,0.002304326,0.019613884,0.019613884,-0.017309558,-0.017309558,0,1,1,42.256628,42.256628,False,0.99999988,True,False,False,1,1,42.256628,42.256628,1,1,34.701948,34.701948,1,1,24.112183,24.112183,1,1,4.1374626,4.1374626,1,1,13.744249,13.744249,1,1,14.008458,14.008458,1,1,13.255555,13.255555,1,1,25.0251,25.0251
init,init,-1,,6081,104.American_Pipit/American_Pipit_0062_100000.jpg,104,103,104.American_Pipit,129,128,horizontal_flip,horizontal_flip,0,"{""flipped"":true}",6.0729671,6.0113611,-0.06160593,0.002304326,0.0024507497,0.019613884,0.014925015,-0.017309558,-0.012474265,0.0048352929,0.71521334,0.91901971,42.256628,38.834674,False,0.95201939,False,False,False,0.71521334,0.91901971,42.256628,38.834674,0.5971483,0.90886613,34.701948,31.539425,0.95199785,0.93970154,24.112183,22.658256,0.64179599,0.83130236,4.1374626,3.4394824,0.46668125,0.81067681,13.744249,11.142144,0.47304359,0.80921957,14.008458,11.335918,0.44185052,0.98639636,13.255555,13.075231,0.71180395,0.94502645,25.0251,23.649381
init,init,-1,,6081,104.American_Pipit/American_Pipit_0062_100000.jpg,104,103,104.American_Pipit,129,128,color_jitter,color_jitter,0,"{""brightness"":0.831428,""contrast"":1.122786,""hue"":-0.09607,""saturation"":1.114831}",6.0729671,5.9568763,-0.11609077,0.002304326,0.0025879839,0.019613884,0.019251458,-0.017309558,-0.016663474,0.00064608385,0.84508324,1.0265179,42.256628,43.377183,False,0.96936762,True,False,False,0.84508324,1.0265179,42.256628,43.377183,0.78507754,1.0264334,34.701948,35.619238,0.96933927,1.0266928,24.112183,24.755806,0.60163303,0.93792037,4.1374626,3.8806104,0.79230782,1.1321569,13.744249,15.560647,0.74837585,0.99283004,14.008458,13.908018,0.70549498,1.0534769,13.255555,13.96442,0.8242568,0.99747678,25.0251,24.961956
init,init,-1,,6081,104.American_Pipit/American_Pipit_0062_100000.jpg,104,103,104.American_Pipit,129,128,rotation,rotation,0,"{""angle"":-4.586376}",6.0729671,6.2935829,0.22061586,0.002304326,0.0018481259,0.019613884,0.020291612,-0.017309558,-0.018443486,-0.0011339273,0.8124462,1.1011967,42.256628,46.532861,False,0.95789891,True,False,False,0.8124462,1.1011967,42.256628,46.532861,0.74635689,1.1201857,34.701948,38.872627,0.9578273,1.060785,24.112183,25.577842,0.69902723,1.1388358,4.1374626,4.7118905,0.74673237,1.1644122,13.744249,16.003971,0.67431794,1.192223,14.008458,16.701206,0.65506082,1.1887895,13.255555,15.758065,0.80386461,1.0613883,25.0251,26.561348
init,init,-1,,6081,104.American_Pipit/American_Pipit_0062_100000.jpg,104,103,104.American_Pipit,129,128,random_resized_crop,random_resized_crop,0,"{""area_fraction"":0.82896,""aspect"":1.106566,""fallback"":false,""height"":0.865522,""left"":0.04005,""top"":0.0316,""width"":0.957757}",6.0729671,6.1627226,0.089755535,0.002304326,0.0021065101,0.019613884,0.023132699,-0.017309558,-0.021026189,-0.0037166302,0.79495427,1.0571177,42.256628,44.670227,False,0.9691841,True,False,False,0.79495427,1.0571177,42.256628,44.670227,0.71695159,1.0796624,34.701948,37.466389,0.96912533,1.0088204,24.112183,24.324862,0.52217968,1.1820984,4.1374626,4.890888,0.74484112,1.2179287,13.744249,16.739516,0.63468471,1.0993707,14.008458,15.400488,0.56511538,1.095054,13.255555,14.515548,0.78977271,1.0201296,25.0251,25.528845
init,init,-1,,6081,104.American_Pipit/American_Pipit_0062_100000.jpg,104,103,104.American_Pipit,129,128,gaussian_blur,gaussian_blur,0,"{""sigma"":1.471948}",6.0729671,5.9749603,-0.098006725,0.002304326,0.0025416021,0.019613884,0.025101572,-0.017309558,-0.02255997,-0.0052504118,0.72092808,1.1749786,42.256628,49.650636,False,0.92428261,True,False,False,0.72092808,1.1749786,42.256628,49.650636,0.63125273,1.2049585,34.701948,41.814406,0.92417225,1.1103109,24.112183,26.77202,0.50616714,1.6009419,4.1374626,6.6238373,0.5602362,1.0581966,13.744249,14.544118,0.59399324,1.3894789,14.008458,19.464456,0.55706576,1.2914063,13.255555,17.118307,0.69967898,1.1450695,25.0251,28.655479
init,init,-1,,6081,104.American_Pipit/American_Pipit_0062_100000.jpg,104,103,104.American_Pipit,129,128,random_erasing,random_erasing,0,"{""area_fraction"":0.196839,""erased"":true,""height"":0.297784,""left"":0.201585,""top"":0.133381,""width"":0.661012}",6.0729671,6.2831216,0.21015453,0.002304326,0.0018675618,0.019613884,0.021219248,-0.017309558,-0.019351686,-0.0020421278,0.66238318,1.1765247,42.256628,49.715966,False,0.8991133,True,False,False,0.66238318,1.1765247,42.256628,49.715966,0.56220514,1.2188958,34.701948,42.298058,0.89901964,1.0835057,24.112183,26.125688,0.46067667,1.1222595,4.1374626,4.6433065,0.62818771,1.2650972,13.744249,17.387811,0.52362963,1.3409987,14.008458,18.785324,0.47192614,1.3236769,13.255555,17.546071,0.58986923,1.1333938,25.0251,28.363294
init,init,-1,,7469,128.Seaside_Sparrow/Seaside_Sparrow_0039_796530.jpg,128,127,128.Seaside_Sparrow,46,45,identity,identity,0,{},5.0608463,5.0608463,0,0.0063401912,0.0063401912,0.027985675,0.027985675,-0.021645484,-0.021645484,0,1,1,46.616026,46.616026,False,0.99999988,True,False,False,1,1,46.616026,46.616026,1,1,37.916316,37.916316,1,1,27.118386,27.118386,1,1,6.8288495,6.8288495,1,1,13.931429,13.931429,1,1,15.57389,15.57389,1,1,15.335998,15.335998,1,1,26.817722,26.817722
init,init,-1,,7469,128.Seaside_Sparrow/Seaside_Sparrow_0039_796530.jpg,128,127,128.Seaside_Sparrow,46,45,horizontal_flip,horizontal_flip,0,"{""flipped"":true}",5.0608463,4.929615,-0.13123131,0.0063401912,0.0072292844,0.027985675,0.017626733,-0.021645484,-0.010397448,0.011248036,0.68961359,0.9890378,46.616026,46.105012,False,0.94985843,False,False,False,0.68961359,0.9890378,46.616026,46.105012,0.55781241,0.99215311,37.916316,37.61879,0.94971228,0.98291919,27.118386,26.655182,0.54976135,1.0463678,6.8288495,7.1454879,0.44526664,1.0318596,13.931429,14.375279,0.55590906,1.0320753,15.57389,16.073427,0.39067269,0.95284135,15.335998,14.612773,0.64504145,0.97635269,26.817722,26.183555
init,init,-1,,7469,128.Seaside_Sparrow/Seaside_Sparrow_0039_796530.jpg,128,127,128.Seaside_Sparrow,46,45,color_jitter,color_jitter,0,"{""brightness"":1.296,""contrast"":0.744336,""hue"":-0.009277,""saturation"":1.111399}",5.0608463,4.9702396,-0.090606689,0.0063401912,0.0069414857,0.027985675,0.030015912,-0.021645484,-0.023074426,-0.0014289422,0.85519043,1.0792053,46.616026,50.308264,False,0.97044504,True,False,False,0.85519043,1.0792053,46.616026,50.308264,0.8010315,1.1044006,37.916316,41.874804,0.97039756,1.0281693,27.118386,27.882294,0.48771584,1.1345396,6.8288495,7.7476004,0.78756966,1.2360325,13.931429,17.219699,0.79814908,1.2366793,15.57389,19.259907,0.74708922,1.0671688,15.335998,16.366099,0.853407,1.0267372,26.817722,27.534753
init,init,-1,,7469,128.Seaside_Sparrow/Seaside_Sparrow_0039_796530.jpg,128,127,128.Seaside_Sparrow,46,45,rotation,rotation,0,"{""angle"":-14.073563}",5.0608463,4.8702445,-0.19060183,0.0063401912,0.0076714908,0.027985675,0.023599965,-0.021645484,-0.015928475,0.0057170093,0.71248399,1.0851985,46.616026,50.587641,False,0.92048347,False,False,False,0.71248399,1.0851985,46.616026,50.587641,0.60691886,1.0877469,37.916316,41.243355,0.92030671,1.0801992,27.118386,29.29326,0.56038195,0.92225591,6.8288495,6.2979468,0.56510532,0.9846345,13.931429,13.717365,0.62837735,1.063123,15.57389,16.55696,0.49856532,1.1499392,15.335998,17.635465,0.65084094,1.1112064,26.817722,29.800025
init,init,-1,,7469,128.Seaside_Sparrow/Seaside_Sparrow_0039_796530.jpg,128,127,128.Seaside_Sparrow,46,45,random_resized_crop,random_resized_crop,0,"{""area_fraction"":0.604923,""aspect"":0.918749,""fallback"":false,""height"":0.811431,""left"":0.011375,""top"":0.054472,""width"":0.745501}",5.0608463,5.0570269,-0.0038194656,0.0063401912,0.0063644531,0.027985675,0.034929894,-0.021645484,-0.028565441,-0.0069199568,0.76007533,1.2332219,46.616026,57.487906,False,0.94825423,True,False,False,0.76007533,1.2332219,46.616026,57.487906,0.67287888,1.2680482,37.916316,48.079717,0.94804071,1.1621296,27.118386,31.515079,0.5041874,1.1806379,6.8288495,8.0623986,0.68434155,1.4158296,13.931429,19.724529,0.68326882,1.4777078,15.57389,23.013659,0.57356826,1.3002313,15.335998,19.940344,0.72196845,1.1373712,26.817722,30.501705
init,init,-1,,7469,128.Seaside_Sparrow/Seaside_Sparrow_0039_796530.jpg,128,127,128.Seaside_Sparrow,46,45,gaussian_blur,gaussian_blur,0,"{""sigma"":1.745012}",5.0608463,4.8516374,-0.20920897,0.0063401912,0.0078155706,0.027985675,0.023950314,-0.021645484,-0.016134744,0.0055107404,0.66117203,1.2465946,46.616026,58.111284,False,0.92142826,False,False,False,0.66117203,1.2465946,46.616026,58.111284,0.55117842,1.3106527,37.916316,49.69512,0.92121868,1.110748,27.118386,30.121693,0.68083009,2.2872704,6.8288495,15.619425,0.3815214,1.3148502,13.931429,18.317742,0.59627022,1.5270386,15.57389,23.781932,0.42623947,1.3415681,15.335998,20.574285,0.63751235,1.1194196,26.817722,30.020283
init,init,-1,,7469,128.Seaside_Sparrow/Seaside_Sparrow_0039_796530.jpg,128,127,128.Seaside_Sparrow,46,45,random_erasing,random_erasing,0,"{""area_fraction"":0.088625,""erased"":true,""height"":0.294985,""left"":0.65038,""top"":0.104646,""width"":0.300439}",5.0608463,4.8128166,-0.24802971,0.0063401912,0.0081249438,0.027985675,0.026640596,-0.021645484,-0.018515652,0.003129832,0.82521907,1.0229038,46.616026,47.683711,False,0.94285917,True,False,False,0.82521907,1.0229038,46.616026,47.683711,0.76982355,1.0463995,37.916316,39.675613,0.94278369,0.97533879,27.118386,26.449614,0.77136945,1.2749599,6.8288495,8.7065095,0.79575017,1.1510284,13.931429,16.03547,0.8105408,1.1038334,15.57389,17.19098,0.71810864,1.0181391,15.335998,15.614179,0.7677758,0.98789378,26.817722,26.493061
init,init,-1,,8975,153.Philadelphia_Vireo/Philadelphia_Vireo_0071_794796.jpg,153,152,153.Philadelphia_Vireo,129,128,identity,identity,0,{},5.330482,5.330482,0,0.0048417356,0.0048417356,0.035921052,0.035921052,-0.031079317,-0.031079317,0,1,1,44.019631,44.019631,False,0.99999994,True,False,False,1,1,44.019631,44.019631,1,1,36.868962,36.868962,1,1,24.050107,24.050107,1,1,5.4117333,5.4117333,1,1,14.190982,14.190982,1,1,17.865057,17.865057,1,1,14.840473,14.840473,1,1,24.274464,24.274464
init,init,-1,,8975,153.Philadelphia_Vireo/Philadelphia_Vireo_0071_794796.jpg,153,152,153.Philadelphia_Vireo,129,128,horizontal_flip,horizontal_flip,0,"{""flipped"":true}",5.330482,5.176125,-0.15435696,0.0048417356,0.0056498577,0.035921052,0.049673617,-0.031079317,-0.044023759,-0.012944443,0.69250672,1.1543234,44.019631,50.81289,False,0.96251893,True,False,False,0.69250672,1.1543234,44.019631,50.81289,0.58570788,1.1769465,36.868962,43.392797,0.96237091,1.0993253,24.050107,26.438891,0.38845269,1.2831121,5.4117333,6.9438603,0.39723067,1.1941603,14.190982,16.946307,0.63685631,1.231856,17.865057,22.007177,0.50151345,1.1633894,14.840473,17.265249,0.66725212,1.1395138,24.274464,27.661085
init,init,-1,,8975,153.Philadelphia_Vireo/Philadelphia_Vireo_0071_794796.jpg,153,152,153.Philadelphia_Vireo,129,128,color_jitter,color_jitter,0,"{""brightness"":1.282592,""contrast"":1.185852,""hue"":0.050155,""saturation"":1.042697}",5.330482,5.2525039,-0.077978134,0.0048417356,0.0052343952,0.035921052,0.025735496,-0.031079317,-0.0205011,0.010578216,0.78900079,0.91872838,44.019631,40.442085,False,0.95438063,True,False,False,0.78900079,0.91872838,44.019631,40.442085,0.71836374,0.91756175,36.868962,33.829549,0.9543074,0.92146429,24.050107,22.161314,0.69012197,1.6140088,5.4117333,8.7345849,0.55061671,0.82286962,14.190982,11.677328,0.73432778,0.81161106,17.865057,14.499478,0.66706346,0.95718355,14.840473,14.205057,0.79737341,0.93919262,24.274464,22.798397
init,init,-1,,8975,153.Philadelphia_Vireo/Philadelphia_Vireo_0071_794796.jpg,153,152,153.Philadelphia_Vireo,129,128,rotation,rotation,0,"{""angle"":-12.60683}",5.330482,5.0559473,-0.2745347,0.0048417356,0.0063713281,0.035921052,0.040907297,-0.031079317,-0.034535969,-0.0034566526,0.684157,1.0094741,44.019631,44.436678,False,0.93508595,True,False,False,0.684157,1.0094741,44.019631,44.436678,0.56594575,0.9729073,36.868962,35.870082,0.93500867,1.0905942,24.050107,26.228906,0.15079377,1.1416952,5.4117333,6.17855,0.42622255,0.95045193,14.190982,13.487846,0.54275585,0.94260285,17.865057,16.839654,0.47762033,0.95044384,14.840473,14.105036,0.67941954,0.99556993,24.274464,24.166926
init,init,-1,,8975,153.Philadelphia_Vireo/Philadelphia_Vireo_0071_794796.jpg,153,152,153.Philadelphia_Vireo,129,128,random_resized_crop,random_resized_crop,0,"{""area_fraction"":0.67394,""aspect"":1.185953,""fallback"":false,""height"":0.753836,""left"":0.081598,""top"":0.149825,""width"":0.894014}",5.330482,5.6176853,0.28720331,0.0048417356,0.0036330421,0.035921052,0.045210868,-0.031079317,-0.041577826,-0.01049851,0.74375941,1.1339805,44.019631,49.917402,False,0.95948964,True,False,False,0.74375941,1.1339805,44.019631,49.917402,0.66205338,1.166814,36.868962,43.01922,0.95941546,1.0527949,24.050107,25.319829,0.49468258,1.8700034,5.4117333,10.11996,0.61298753,1.2681583,14.190982,17.996412,0.69555997,1.1514498,17.865057,20.570715,0.56541916,1.1543583,14.840473,17.131224,0.72324666,1.0959378,24.274464,26.603302
init,init,-1,,8975,153.Philadelphia_Vireo/Philadelphia_Vireo_0071_794796.jpg,153,152,153.Philadelphia_Vireo,129,128,gaussian_blur,gaussian_blur,0,"{""sigma"":1.65964}",5.330482,5.6389518,0.30846977,0.0048417356,0.0035565945,0.035921052,0.046334513,-0.031079317,-0.042777918,-0.011698602,0.67768106,1.3062135,44.019631,57.499035,False,0.91767782,True,False,False,0.67768106,1.3062135,44.019631,57.499035,0.59117834,1.3577366,36.868962,50.05834,0.91743166,1.1762777,24.050107,28.289603,0.33251058,1.9678689,5.4117333,10.649582,0.33583397,1.2556129,14.190982,17.81838,0.67670311,1.6028006,17.865057,28.634124,0.55638728,1.3894432,14.840473,20.619994,0.67294151,1.1867122,24.274464,28.806804
init,init,-1,,8975,153.Philadelphia_Vireo/Philadelphia_Vireo_0071_794796.jpg,153,152,153.Philadelphia_Vireo,129,128,random_erasing,random_erasing,0,"{""area_fraction"":0.190822,""erased"":true,""height"":0.450458,""left"":0.038209,""top"":0.446257,""width"":0.423617}",5.330482,5.1277666,-0.2027154,0.0048417356,0.0059297904,0.035921052,0.036208127,-0.031079317,-0.030278336,0.00080098026,0.68944062,1.2503942,44.019631,55.041892,False,0.88028818,True,False,False,0.68944062,1.2503942,44.019631,55.041892,0.61259044,1.2685072,36.868962,46.768542,0.87989966,1.2067571,24.050107,29.022636,0.51859685,1.5212236,5.4117333,8.2324564,0.49338545,1.1758326,14.190982,16.68622,0.65554097,1.2243479,17.865057,21.873045,0.59856114,1.3499458,14.840473,20.033834,0.64073889,1.2772672,24.274464,31.004977
init,init,-1,,7079,121.Grasshopper_Sparrow/Grasshopper_Sparrow_0115_115914.jpg,121,120,121.Grasshopper_Sparrow,129,128,identity,identity,0,{},6.4333739,6.4333739,0,0.0016070197,0.0016070197,0.022901885,0.022901885,-0.021294866,-0.021294866,0,1,1,48.406281,48.406281,False,1,True,False,False,1,1,48.406281,48.406281,1,1,40.702703,40.702703,1,1,26.200345,26.200345,1,1,5.8223511,5.8223511,1,1,13.618184,13.618184,1,1,16.099887,16.099887,1,1,18.891449,18.891449,1,1,28.65767,28.65767
init,init,-1,,7079,121.Grasshopper_Sparrow/Grasshopper_Sparrow_0115_115914.jpg,121,120,121.Grasshopper_Sparrow,129,128,horizontal_flip,horizontal_flip,0,"{""flipped"":true}",6.4333739,6.4510298,0.017655849,0.0016070197,0.0015788949,0.022901885,0.021535603,-0.021294866,-0.019956708,0.0013381571,0.67784619,1.0362716,48.406281,50.162055,False,0.96029794,True,False,False,0.67784619,1.0362716,48.406281,50.162055,0.56311723,1.0420891,40.702703,42.415841,0.9602419,1.0220953,26.200345,26.779249,0.52295175,1.2642304,5.8223511,7.3607935,0.28221577,1.0995412,13.618184,14.973754,0.45248383,1.0282683,16.099887,16.555004,0.48132746,0.97108503,18.891449,18.345204,0.69957919,1.0526944,28.65767,30.167769
init,init,-1,,7079,121.Grasshopper_Sparrow/Grasshopper_Sparrow_0115_115914.jpg,121,120,121.Grasshopper_Sparrow,129,128,color_jitter,color_jitter,0,"{""brightness"":1.015779,""contrast"":0.944496,""hue"":0.072567,""saturation"":1.222904}",6.4333739,6.1076064,-0.32576752,0.0016070197,0.0022258728,0.022901885,0.015161816,-0.021294866,-0.012935943,0.0083589223,0.802562,1.0534026,48.406281,50.991301,False,0.95094651,False,False,False,0.802562,1.0534026,48.406281,50.991301,0.74749229,1.0804634,40.702703,43.977782,0.95083479,0.98503597,26.200345,25.808283,0.62995504,1.0825917,5.8223511,6.3032293,0.67490422,1.1496425,13.618184,15.656043,0.6572366,1.1887124,16.099887,19.138136,0.72470707,1.0799928,18.891449,20.402629,0.81688446,1.0272718,28.65767,29.439216
init,init,-1,,7079,121.Grasshopper_Sparrow/Grasshopper_Sparrow_0115_115914.jpg,121,120,121.Grasshopper_Sparrow,129,128,rotation,rotation,0,"{""angle"":-8.021096}",6.4333739,6.4618444,0.028470516,0.0016070197,0.0015619126,0.022901885,0.021704551,-0.021294866,-0.020142638,0.0011522273,0.70865444,1.1158921,48.406281,54.016189,False,0.92050588,True,False,False,0.70865444,1.1158921,48.406281,54.016189,0.62334394,1.1245463,40.702703,45.772072,0.92033541,1.0947244,26.200345,28.682158,0.45176715,1.1858777,5.8223511,6.9045965,0.53715676,1.1832557,13.618184,16.113794,0.61322288,1.2454921,16.099887,20.052282,0.55451195,1.1018543,18.891449,20.815625,0.68889991,1.076867,28.65767,30.8605
init,init,-1,,7079,121.Grasshopper_Sparrow/Grasshopper_Sparrow_0115_115914.jpg,121,120,121.Grasshopper_Sparrow,129,128,random_resized_crop,random_resized_crop,0,"{""area_fraction"":0.641859,""aspect"":1.004703,""fallback"":false,""height"":0.799284,""left"":0.152703,""top"":0.093844,""width"":0.803043}",6.4333739,6.208961,-0.22441292,0.0016070197,0.0020113259,0.022901885,0.032700248,-0.021294866,-0.030688922,-0.0093940566,0.72394126,1.1231815,48.406281,54.369039,False,0.9587236,True,False,False,0.72394126,1.1231815,48.406281,54.369039,0.63248817,1.1415091,40.702703,46.462504,0.9585932,1.0776663,26.200345,28.235228,0.4372066,1.8001977,5.8223511,10.481383,0.49231716,1.3448523,13.618184,18.314447,0.57929949,1.2584838,16.099887,20.261448,0.57766256,1.0643533,18.891449,20.107176,0.74294995,1.0460612,28.65767,29.977678
init,init,-1,,7079,121.Grasshopper_Sparrow/Grasshopper_Sparrow_0115_115914.jpg,121,120,121.Grasshopper_Sparrow,129,128,gaussian_blur,gaussian_blur,0,"{""sigma"":1.045506}",6.4333739,6.4932523,0.059878349,0.0016070197,0.0015136183,0.022901885,0.023367122,-0.021294866,-0.021853504,-0.00055863801,0.70497311,1.1555503,48.406281,55.935895,False,0.93417859,True,False,False,0.70497311,1.1555503,48.406281,55.935895,0.62890513,1.2110975,40.702703,49.29494,0.93408022,1.0089735,26.200345,26.435454,-0.0064215702,1.439185,5.8223511,8.3794405,0.49830755,1.479063,13.618184,20.142153,0.56729968,1.3554547,16.099887,21.822668,0.5986311,1.177555,18.891449,22.24572,0.75081168,1.0940294,28.65767,31.352334
init,init,-1,,7079,121.Grasshopper_Sparrow/Grasshopper_Sparrow_0115_115914.jpg,121,120,121.Grasshopper_Sparrow,129,128,random_erasing,random_erasing,0,"{""area_fraction"":0.121792,""erased"":true,""height"":0.246654,""left"":0.080385,""top"":0.57264,""width"":0.493774}",6.4333739,6.4791813,0.045807362,0.0016070197,0.0015350664,0.022901885,0.025255587,-0.021294866,-0.023720521,-0.002425655,0.90997585,1.0504971,48.406281,50.850657,False,0.97261888,True,False,False,0.90997585,1.0504971,48.406281,50.850657,0.88468247,1.0574018,40.702703,43.039111,0.9725897,1.0336431,26.200345,27.081807,0.69322394,1.0555018,5.8223511,6.145502,0.86305251,1.0949389,13.618184,14.91108,0.84161992,1.0750362,16.099887,17.307962,0.89164771,1.0586791,18.891449,19.999983,0.90900951,1.0425817,28.65767,29.877963
init,init,-1,,7290,125.Lincoln_Sparrow/Lincoln_Sparrow_0014_117883.jpg,125,124,125.Lincoln_Sparrow,129,128,identity,identity,0,{},5.5837493,5.5837493,0,0.0037584472,0.0037584472,0.027752396,0.027752396,-0.023993948,-0.023993948,0,1,1,45.851034,45.851034,False,1,True,False,False,1,1,45.851034,45.851034,1,1,38.50113,38.50113,1,1,24.899404,24.899404,1,1,6.6421607,6.6421607,1,1,14.155639,14.155639,1,1,17.789,17.789,1,1,16.059111,16.059111,1,1,25.758358,25.758358
init,init,-1,,7290,125.Lincoln_Sparrow/Lincoln_Sparrow_0014_117883.jpg,125,124,125.Lincoln_Sparrow,129,128,horizontal_flip,horizontal_flip,0,"{""flipped"":true}",5.5837493,5.3377781,-0.2459712,0.0037584472,0.00480654,0.027752396,0.033049803,-0.023993948,-0.028243263,-0.0042493148,0.68541423,1.0425819,45.851034,47.80346,False,0.94940782,True,False,False,0.68541423,1.0425819,45.851034,47.80346,0.5745102,1.0411267,38.50113,40.084556,0.94933594,1.046053,24.899404,26.046096,0.38510665,0.88291327,6.6421607,5.8644518,0.54660495,1.0607631,14.155639,15.01578,0.53985794,1.1114772,17.789,19.772068,0.44323954,1.0697756,16.059111,17.179646,0.66945801,0.99799216,25.758358,25.706639
init,init,-1,,7290,125.Lincoln_Sparrow/Lincoln_Sparrow_0014_117883.jpg,125,124,125.Lincoln_Sparrow,129,128,color_jitter,color_jitter,0,"{""brightness"":1.365975,""contrast"":0.787487,""hue"":0.094464,""saturation"":1.02068}",5.5837493,5.3362479,-0.24750137,0.0037584472,0.0048138998,0.027752396,0.025155721,-0.023993948,-0.020341821,0.003652127,0.7415798,0.94276726,45.851034,43.226854,False,0.93586457,True,False,False,0.7415798,0.94276726,45.851034,43.226854,0.66152535,0.94670066,38.50113,36.449045,0.93578793,0.93329553,24.899404,23.238503,0.31048375,0.95163399,6.6421607,6.3209059,0.46994,0.81117729,14.155639,11.482733,0.74175978,1.0069809,17.789,17.913183,0.59881068,0.94558526,16.059111,15.185259,0.7204022,0.95510214,25.758358,24.601863
init,init,-1,,7290,125.Lincoln_Sparrow/Lincoln_Sparrow_0014_117883.jpg,125,124,125.Lincoln_Sparrow,129,128,rotation,rotation,0,"{""angle"":-12.509004}",5.5837493,5.73771,0.1539607,0.0037584472,0.0032221396,0.027752396,0.024666088,-0.023993948,-0.021443948,0.0025500003,0.70860463,1.0999842,45.851034,50.435415,False,0.94161481,True,False,False,0.70860463,1.0999842,45.851034,50.435415,0.6151448,1.1126075,38.50113,42.836646,0.94153415,1.0691988,24.899404,26.622412,0.6584881,1.6089803,6.6421607,10.687106,0.3706485,1.1125459,14.155639,15.748799,0.66606804,1.0672159,17.789,18.984704,0.56475391,1.1793015,16.059111,18.938534,0.69074873,1.0657795,25.758358,27.452729
init,init,-1,,7290,125.Lincoln_Sparrow/Lincoln_Sparrow_0014_117883.jpg,125,124,125.Lincoln_Sparrow,129,128,random_resized_crop,random_resized_crop,0,"{""area_fraction"":0.74627,""aspect"":0.802433,""fallback"":false,""height"":0.96437,""left"":0.151663,""top"":0.009903,""width"":0.773842}",5.5837493,5.3929696,-0.19077969,0.0037584472,0.0045484458,0.027752396,0.023164509,-0.023993948,-0.018616063,0.0053778854,0.77657349,0.93838449,45.851034,43.025899,False,0.96458054,True,False,False,0.77657349,0.93838449,45.851034,43.025899,0.69744072,0.93648274,38.50113,36.055644,0.9644973,0.9429159,24.899404,23.478044,0.58476392,0.83204638,6.6421607,5.5265858,0.55567269,0.88239352,14.155639,12.490845,0.74441788,1.0112615,17.789,17.989331,0.58497486,0.88755494,16.059111,14.253344,0.76348122,0.94032771,25.758358,24.221298
init,init,-1,,7290,125.Lincoln_Sparrow/Lincoln_Sparrow_0014_117883.jpg,125,124,125.Lincoln_Sparrow,129,128,gaussian_blur,gaussian_blur,0,"{""sigma"":1.547664}",5.5837493,5.6988792,0.11512995,0.0037584472,0.0033497168,0.027752396,0.04738792,-0.023993948,-0.044038204,-0.020044255,0.56798431,1.4086434,45.851034,64.587757,False,0.89055908,True,False,False,0.56798431,1.4086434,45.851034,64.587757,0.46710819,1.4976043,38.50113,57.659458,0.89020687,1.1688097,24.899404,29.102666,0.11692668,1.6098367,6.6421607,10.692794,0.21377884,1.720947,14.155639,24.361105,0.6106563,1.8334027,17.789,32.614401,0.39099599,1.4197448,16.059111,22.79984,0.5525191,1.247933,25.758358,32.144704
init,init,-1,,7290,125.Lincoln_Sparrow/Lincoln_Sparrow_0014_117883.jpg,125,124,125.Lincoln_Sparrow,129,128,random_erasing,random_erasing,0,"{""area_fraction"":0.055244,""erased"":true,""height"":0.375548,""left"":0.33511,""top"":0.331354,""width"":0.147102}",5.5837493,5.6472311,0.063481808,0.0037584472,0.0035272699,0.027752396,0.033694204,-0.023993948,-0.030166934,-0.0061729855,0.80181906,1.0094876,45.851034,46.28605,False,0.96413291,True,False,False,0.80181906,1.0094876,45.851034,46.28605,0.72902705,0.98403539,38.50113,37.886474,0.96403908,1.067886,24.899404,26.589725,0.4275176,0.80289782,6.6421607,5.3329763,0.68254987,0.87741688,14.155639,12.420397,0.74515346,0.96873396,17.789,17.232809,0.67994884,1.0283891,16.059111,16.515015,0.77173468,1.014566,25.758358,26.133554
init,init,-1,,6478,111.Loggerhead_Shrike/Loggerhead_Shrike_0128_105238.jpg,111,110,111.Loggerhead_Shrike,129,128,identity,identity,0,{},4.7768459,4.7768459,0,0.0084225247,0.0084225247,0.038170323,0.038170323,-0.029747798,-0.029747798,0,1,1,50.917798,50.917798,False,1,True,False,False,1,1,50.917798,50.917798,1,1,42.077543,42.077543,1,1,28.672331,28.672331,1,1,5.1224394,5.1224394,1,1,14.402233,14.402233,1,1,18.319955,18.319955,1,1,18.676742,18.676742,1,1,29.196138,29.196138
init,init,-1,,6478,111.Loggerhead_Shrike/Loggerhead_Shrike_0128_105238.jpg,111,110,111.Loggerhead_Shrike,129,128,horizontal_flip,horizontal_flip,0,"{""flipped"":true}",4.7768459,4.8637271,0.086881161,0.0084225247,0.0077216518,0.038170323,0.027848607,-0.029747798,-0.020126955,0.009620843,0.69083146,0.94770717,50.917798,48.255163,False,0.96010721,True,False,False,0.69083146,0.94770717,50.917798,48.255163,0.56447696,0.94431045,42.077543,39.734263,0.95994353,0.95498149,28.672331,27.381546,0.17102073,0.85202692,5.1224394,4.3644563,0.25868758,0.96211404,14.402233,13.856591,0.46678831,0.9592085,18.319955,17.572656,0.47670605,0.92110537,18.676742,17.203247,0.72522243,0.94610465,29.196138,27.622602
init,init,-1,,6478,111.Loggerhead_Shrike/Loggerhead_Shrike_0128_105238.jpg,111,110,111.Loggerhead_Shrike,129,128,color_jitter,color_jitter,0,"{""brightness"":0.664645,""contrast"":1.122925,""hue"":-0.042477,""saturation"":0.977502}",4.7768459,4.747056,-0.029789925,0.0084225247,0.0086772013,0.038170323,0.041307312,-0.029747798,-0.03263011,-0.0028823121,0.8683319,1.0650126,50.917798,54.228096,False,0.98380291,True,False,False,0.8683319,1.0650126,50.917798,54.228096,0.81770146,1.0815061,42.077543,45.507121,0.98373913,1.0285935,28.672331,29.492174,0.22640327,1.6409813,5.1224394,8.4058271,0.63956035,1.2672792,14.402233,18.251651,0.79818632,1.0962117,18.319955,20.082548,0.83132213,1.0183979,18.676742,19.020355,0.9110913,1.028694,29.196138,30.033893
init,init,-1,,6478,111.Loggerhead_Shrike/Loggerhead_Shrike_0128_105238.jpg,111,110,111.Loggerhead_Shrike,129,128,rotation,rotation,0,"{""angle"":-6.332662}",4.7768459,4.7779818,0.0011358261,0.0084225247,0.0084129628,0.038170323,0.033500645,-0.029747798,-0.025087683,0.0046601156,0.79235839,1.0253596,50.917798,52.209053,False,0.96155804,True,False,False,0.79235839,1.0253596,50.917798,52.209053,0.71501207,1.0301075,42.077543,43.344394,0.9614636,1.0150588,28.672331,29.104101,0.5588086,1.4764782,5.1224394,7.5631701,0.6925957,1.119451,14.402233,16.122595,0.6590753,1.0204848,18.319955,18.695234,0.61856485,0.99112027,18.676742,18.510897,0.79221575,1.0099325,29.196138,29.486129
init,init,-1,,6478,111.Loggerhead_Shrike/Loggerhead_Shrike_0128_105238.jpg,111,110,111.Loggerhead_Shrike,129,128,random_resized_crop,random_resized_crop,0,"{""area_fraction"":0.528589,""aspect"":0.772437,""fallback"":false,""height"":0.827233,""left"":0.138458,""top"":0.115787,""width"":0.638985}",4.7768459,5.2792721,0.50242615,0.0084225247,0.0050961375,0.038170323,0.032721691,-0.029747798,-0.027625553,0.0021222448,0.66242619,1.0047602,50.917798,51.160179,False,0.88980979,True,False,False,0.66242619,1.0047602,50.917798,51.160179,0.55768485,1.0069902,42.077543,42.371672,0.88960363,0.99994081,28.672331,28.670634,0.52557386,2.0074893,5.1224394,10.283242,0.48198576,1.0511361,14.402233,15.138708,0.49180624,0.99311647,18.319955,18.193849,0.47649197,0.91677228,18.676742,17.122319,0.64577354,0.99046897,29.196138,28.917868
init,init,-1,,6478,111.Loggerhead_Shrike/Loggerhead_Shrike_0128_105238.jpg,111,110,111.Loggerhead_Shrike,129,128,gaussian_blur,gaussian_blur,0,"{""sigma"":1.887027}",4.7768459,5.1901827,0.41333675,0.0084225247,0.0055709868,0.038170323,0.045328602,-0.029747798,-0.039757615,-0.010009817,0.71115307,0.9997488,50.917798,50.905008,False,0.90822721,True,False,False,0.71115307,0.9997488,50.917798,50.905008,0.62722423,1.0233864,42.077543,43.061585,0.90802263,0.94683988,28.672331,27.148107,0.31095189,1.1528244,5.1224394,5.905273,0.53419564,1.1431305,14.402233,16.463633,0.56323811,1.0626682,18.319955,19.468034,0.58072393,1.0037665,18.676742,18.747088,0.71402227,0.9795571,29.196138,28.599284
init,init,-1,,6478,111.Loggerhead_Shrike/Loggerhead_Shrike_0128_105238.jpg,111,110,111.Loggerhead_Shrike,129,128,random_erasing,random_erasing,0,"{""area_fraction"":0.115725,""erased"":true,""height"":0.215064,""left"":0.421602,""top"":0.324289,""width"":0.538095}",4.7768459,4.8007851,0.023939133,0.0084225247,0.0082232896,0.038170323,0.052760389,-0.029747798,-0.044537099,-0.014789301,0.76691683,1.1361403,50.917798,57.849764,False,0.93598264,True,False,False,0.76691683,1.1361403,50.917798,57.849764,0.69016097,1.1432284,42.077543,48.10424,0.93564561,1.1207229,28.672331,32.13374,0.53489133,1.0608475,5.1224394,5.4341271,0.59553932,1.1411584,14.402233,16.435229,0.67917672,1.1230882,18.319955,20.574925,0.64394035,1.1797046,18.676742,22.033038,0.74178924,1.138863,29.196138,33.2504
init,init,-1,,7254,124.Le_Conte_Sparrow/Le_Conte_Sparrow_0016_795223.jpg,124,123,124.Le_Conte_Sparrow,129,128,identity,identity,0,{},5.5790672,5.5790672,0,0.0037760863,0.0037760863,0.026230713,0.026230713,-0.022454627,-0.022454627,0,1,1,49.916066,49.916066,False,1,True,False,False,1,1,49.916066,49.916066,1,1,40.190903,40.190903,1,1,29.602449,29.602449,1,1,4.4189784,4.4189784,1,1,13.334434,13.334434,1,1,18.153629,18.153629,1,1,17.000555,17.000555,1,1,28.273682,28.273682
init,init,-1,,7254,124.Le_Conte_Sparrow/Le_Conte_Sparrow_0016_795223.jpg,124,123,124.Le_Conte_Sparrow,129,128,horizontal_flip,horizontal_flip,0,"{""flipped"":true}",5.5790672,5.6044693,0.025402069,0.0037760863,0.0036813738,0.026230713,0.032032434,-0.022454627,-0.02835106,-0.005896433,0.72124625,1.0433052,49.916066,52.077691,False,0.9643594,True,False,False,0.72124625,1.0433052,49.916066,52.077691,0.59744792,1.0645204,40.190903,42.784037,0.96428228,1.0030236,29.602449,29.691953,0.39915954,1.1212414,4.4189784,4.9547415,0.42935187,1.1761757,13.334434,15.683637,0.60361237,1.0489787,18.153629,19.042771,0.49252361,1.1223744,17.000555,19.080987,0.68659937,1.0209438,28.273682,28.86584
init,init,-1,,7254,124.Le_Conte_Sparrow/Le_Conte_Sparrow_0016_795223.jpg,124,123,124.Le_Conte_Sparrow,129,128,color_jitter,color_jitter,0,"{""brightness"":0.846321,""contrast"":0.744189,""hue"":-0.04135,""saturation"":1.116882}",5.5790672,5.3731799,-0.20588732,0.0037760863,0.0046393555,0.026230713,0.025239777,-0.022454627,-0.020600421,0.0018542057,0.8564446,1.107253,49.916066,55.269714,False,0.97062939,True,False,False,0.8564446,1.107253,49.916066,55.269714,0.79594654,1.1155894,40.190903,44.836544,0.97053089,1.0917196,29.602449,32.317573,0.44942331,1.2069803,4.4189784,5.33362,0.65840937,1.1523314,13.334434,15.365686,0.78150176,1.1892449,18.153629,21.589111,0.76281189,1.078491,17.000555,18.334944,0.85755329,1.0863994,28.273682,30.71651
init,init,-1,,7254,124.Le_Conte_Sparrow/Le_Conte_Sparrow_0016_795223.jpg,124,123,124.Le_Conte_Sparrow,129,128,rotation,rotation,0,"{""angle"":-7.788469}",5.5790672,5.8521996,0.27313232,0.0037760863,0.0028735714,0.026230713,0.023063419,-0.022454627,-0.020189848,0.0022647791,0.7645859,1.0107424,49.916066,50.452282,False,0.96320587,True,False,False,0.7645859,1.0107424,49.916066,50.452282,0.67350701,1.0574786,40.190903,42.50102,0.96307297,0.91838083,29.602449,27.186321,0.57418313,1.2619963,4.4189784,5.5767344,0.5752616,1.1628694,13.334434,15.506205,0.65802709,1.0639222,18.153629,19.314049,0.5723013,1.0901388,17.000555,18.532965,0.74967013,1.0117461,28.273682,28.605788
init,init,-1,,7254,124.Le_Conte_Sparrow/Le_Conte_Sparrow_0016_795223.jpg,124,123,124.Le_Conte_Sparrow,129,128,random_resized_crop,random_resized_crop,0,"{""area_fraction"":0.509397,""aspect"":0.834876,""fallback"":false,""height"":0.78112,""left"":0.211175,""top"":0.029678,""width"":0.652138}",5.5790672,6.1204853,0.54141808,0.0037760863,0.002197389,0.026230713,0.028161185,-0.022454627,-0.025963796,-0.0035091687,0.62302788,1.2281715,49.916066,61.305491,False,0.88811225,False,False,False,0.62302788,1.2281715,49.916066,61.305491,0.49598304,1.2738855,40.190903,51.198608,0.887544,1.1391087,29.602449,33.720407,0.17590868,1.5607589,4.4189784,6.89696,0.3238247,1.3820729,13.334434,18.429159,0.46068793,1.2284415,18.153629,22.300671,0.4137959,1.2951039,17.000555,22.017485,0.59400906,1.2514711,28.273682,35.383696
init,init,-1,,7254,124.Le_Conte_Sparrow/Le_Conte_Sparrow_0016_795223.jpg,124,123,124.Le_Conte_Sparrow,129,128,gaussian_blur,gaussian_blur,0,"{""sigma"":1.061366}",5.5790672,5.8387928,0.25972557,0.0037760863,0.0029123556,0.026230713,0.034093078,-0.022454627,-0.031180723,-0.0087260955,0.79659212,1.1779487,49.916066,58.798567,False,0.9646107,True,False,False,0.79659212,1.1779487,49.916066,58.798567,0.71994896,1.2320325,40.190903,49.5165,0.96439789,1.0711225,29.602449,31.707848,0.60460584,1.8561484,4.4189784,8.2022796,0.65949522,1.4545882,13.334434,19.396109,0.73028491,1.3719498,18.153629,24.905868,0.62914897,1.2337647,17.000555,20.974684,0.78768882,1.0890753,28.273682,30.79217
init,init,-1,,7254,124.Le_Conte_Sparrow/Le_Conte_Sparrow_0016_795223.jpg,124,123,124.Le_Conte_Sparrow,129,128,random_erasing,random_erasing,0,"{""area_fraction"":0.128842,""erased"":true,""height"":0.331475,""left"":0.560666,""top"":0.098523,""width"":0.388691}",5.5790672,5.8346033,0.25553608,0.0037760863,0.0029245832,0.026230713,0.030785318,-0.022454627,-0.027860735,-0.0054061082,0.81684705,1.1342939,49.916066,56.619487,False,0.96313089,True,False,False,0.81684705,1.1342939,49.916066,56.619487,0.7544298,1.1989625,40.190903,48.187387,0.96304087,1.0042345,29.602449,29.727799,0.76655998,1.2578975,4.4189784,5.558622,0.67646218,1.3611341,13.334434,18.149953,0.72736774,1.2759704,18.153629,23.163493,0.68942354,1.2447918,17.000555,21.162151,0.81985003,1.1056974,28.273682,31.262136
init,init,-1,,1704,031.Black_billed_Cuckoo/Black_Billed_Cuckoo_0028_26165.jpg,31,30,031.Black_billed_Cuckoo,66,65,identity,identity,0,{},6.2802405,6.2802405,0,0.0018729502,0.0018729502,0.030176269,0.030176269,-0.028303319,-0.028303319,0,1,1,62.105569,62.105569,False,1,True,False,False,1,1,62.105569,62.105569,1,1,53.807119,53.807119,1,1,31.014443,31.014443,1,1,8.2163608,8.2163608,1,1,21.938108,21.938108,1,1,26.752129,26.752129,1,1,23.330299,23.330299,1,1,32.961154,32.961154
init,init,-1,,1704,031.Black_billed_Cuckoo/Black_Billed_Cuckoo_0028_26165.jpg,31,30,031.Black_billed_Cuckoo,66,65,horizontal_flip,horizontal_flip,0,"{""flipped"":true}",6.2802405,6.1778822,-0.10235834,0.0018729502,0.002074817,0.030176269,0.014283239,-0.028303319,-0.012208422,0.016094897,0.59245467,1.0046524,62.105569,62.394508,False,0.95252061,False,False,False,0.59245467,1.0046524,62.105569,62.394508,0.47984169,1.0185353,53.807119,54.804448,0.95220023,0.96165768,31.014443,29.825278,-0.030575023,1.3477043,8.2163608,11.073224,0.1842749,1.1184668,21.938108,24.537044,0.50665548,0.98034049,26.752129,26.226195,0.43982621,0.99297079,23.330299,23.166306,0.67775926,0.98512364,32.961154,32.470812
init,init,-1,,1704,031.Black_billed_Cuckoo/Black_Billed_Cuckoo_0028_26165.jpg,31,30,031.Black_billed_Cuckoo,66,65,color_jitter,color_jitter,0,"{""brightness"":0.616855,""contrast"":1.379674,""hue"":-0.07347,""saturation"":0.85542}",6.2802405,6.3630257,0.08278513,0.0018729502,0.0017241416,0.030176269,0.014981763,-0.028303319,-0.013257621,0.015045698,0.68910076,0.97042212,62.105569,60.268619,False,0.88727486,False,False,False,0.68910076,0.97042212,62.105569,60.268619,0.62557588,0.97821193,53.807119,52.634766,0.88697323,0.94658884,31.014443,29.357926,0.34712666,1.5779599,8.2163608,12.965088,0.5666894,1.0084409,21.938108,22.123285,0.61994838,0.97438345,26.752129,26.066832,0.61737328,0.95468165,23.330299,22.273009,0.70017543,0.92884072,32.961154,30.615662
init,init,-1,,1704,031.Black_billed_Cuckoo/Black_Billed_Cuckoo_0028_26165.jpg,31,30,031.Black_billed_Cuckoo,66,65,rotation,rotation,0,"{""angle"":12.161824}",6.2802405,6.3826027,0.10236216,0.0018729502,0.0016907168,0.030176269,0.019673366,-0.028303319,-0.017982649,0.010320669,0.71074455,0.96060308,62.105569,59.658801,False,0.90409255,False,False,False,0.71074455,0.96060308,62.105569,59.658801,0.64385573,0.94955904,53.807119,51.093036,0.90377556,0.9931036,31.014443,30.800555,0.71727477,1.0636044,8.2163608,8.7389574,0.71257053,0.92436882,21.938108,20.278903,0.62063374,0.88152895,26.752129,23.582776,0.53076315,0.93092477,23.330299,21.718754,0.67942042,1.0039528,32.961154,33.091441
init,init,-1,,1704,031.Black_billed_Cuckoo/Black_Billed_Cuckoo_0028_26165.jpg,31,30,031.Black_billed_Cuckoo,66,65,random_resized_crop,random_resized_crop,0,"{""area_fraction"":0.708188,""aspect"":1.237974,""fallback"":false,""height"":0.756342,""left"":0.003611,""top"":0.036649,""width"":0.936332}",6.2802405,6.2387018,-0.041538715,0.0018729502,0.001952389,0.030176269,0.022238266,-0.028303319,-0.020285877,0.008017442,0.72048508,1.0833663,62.105569,67.283083,False,0.93646246,True,False,False,0.72048508,1.0833663,62.105569,67.283083,0.65016842,1.0882233,53.807119,58.55416,0.93610446,1.0686142,31.014443,33.142474,0.3731913,1.1215124,8.2163608,9.2147502,0.6244067,1.101031,21.938108,24.154536,0.62031441,1.0813665,26.752129,28.928855,0.56009558,1.0363067,23.330299,24.177344,0.74069779,1.1100887,32.961154,36.589805
init,init,-1,,1704,031.Black_billed_Cuckoo/Black_Billed_Cuckoo_0028_26165.jpg,31,30,031.Black_billed_Cuckoo,66,65,gaussian_blur,gaussian_blur,0,"{""sigma"":1.541832}",6.2802405,6.1224794,-0.1577611,0.0018729502,0.0021930125,0.030176269,0.022472391,-0.028303319,-0.020279378,0.0080239403,0.66360099,0.95356066,62.105569,59.221428,False,0.89308345,True,False,False,0.66360099,0.95356066,62.105569,59.221428,0.59526582,0.97537718,53.807119,52.482236,0.89280676,0.88465439,31.014443,27.437063,0.5662331,1.1547164,8.2163608,9.4875669,0.45307214,0.97623242,21.938108,21.416692,0.54948404,0.9343283,26.752129,24.995271,0.55316679,1.0485442,23.330299,24.46285,0.71705613,0.95096446,32.961154,31.344886
init,init,-1,,1704,031.Black_billed_Cuckoo/Black_Billed_Cuckoo_0028_26165.jpg,31,30,031.Black_billed_Cuckoo,66,65,random_erasing,random_erasing,0,"{""area_fraction"":0.180305,""erased"":true,""height"":0.458628,""left"":0.117899,""top"":0.1761,""width"":0.39314}",6.2802405,6.522789,0.24254847,0.0018729502,0.0014695644,0.030176269,0.020433459,-0.028303319,-0.018963895,0.0093394236,0.76320656,0.95040993,62.105569,59.02575,False,0.93227512,False,False,False,0.76320656,0.95040993,62.105569,59.02575,0.705031,0.9409254,53.807119,50.628485,0.93203441,0.97840269,31.014443,30.344615,0.77373346,0.98850894,8.2163608,8.1219461,0.75943703,0.92487561,21.938108,20.290021,0.67054311,0.86230841,26.752129,23.068586,0.61982743,0.90367649,23.330299,21.083043,0.7400098,1.0103021,32.961154,33.300724
init,init,-1,,3415,059.California_Gull/California_Gull_0074_41358.jpg,59,58,059.California_Gull,55,54,identity,identity,0,{},5.4614677,5.4614677,0,0.0042473166,0.0042473166,0.019721745,0.019721745,-0.015474428,-0.015474428,0,1,1,40.315414,40.315414,False,1.0000001,True,False,False,1,1,40.315414,40.315414,1,1,31.790931,31.790931,1,1,24.792525,24.792525,1,1,7.3074753,7.3074753,1,1,10.165627,10.165627,1,1,11.956707,11.956707,1,1,13.398075,13.398075,1,1,23.053262,23.053262
init,init,-1,,3415,059.California_Gull/California_Gull_0074_41358.jpg,59,58,059.California_Gull,55,54,horizontal_flip,horizontal_flip,0,"{""flipped"":true}",5.4614677,5.3454523,-0.11601543,0.0042473166,0.0047697937,0.019721745,0.019098222,-0.015474428,-0.014328429,0.0011459994,0.67612846,1.0072525,40.315414,40.607802,False,0.95312178,True,False,False,0.67612846,1.0072525,40.315414,40.607802,0.51668955,1.0268843,31.790931,32.645607,0.95308264,0.97411354,24.792525,24.150734,0.14164485,0.73571,7.3074753,5.3761826,0.3875511,1.1048924,10.165627,11.231924,0.39066553,1.0750402,11.956707,12.85394,0.3933355,1.0698274,13.398075,14.333627,0.65491499,1.0080088,23.053262,23.23789
init,init,-1,,3415,059.California_Gull/California_Gull_0074_41358.jpg,59,58,059.California_Gull,55,54,color_jitter,color_jitter,0,"{""brightness"":0.9296,""contrast"":1.269933,""hue"":-0.06085,""saturation"":0.929382}",5.4614677,5.3174958,-0.14397192,0.0042473166,0.0049050213,0.019721745,0.018434022,-0.015474428,-0.013529,0.0019454276,0.77912236,0.97520383,40.315414,39.315746,False,0.91186738,False,False,False,0.77912236,0.97520383,40.315414,39.315746,0.69124829,0.93467314,31.790931,29.714129,0.91174993,1.0384126,24.792525,25.744871,0.70277785,0.51898471,7.3074753,3.7924679,0.58040001,0.8813533,10.165627,8.9595089,0.56903831,0.84925319,11.956707,10.154271,0.61743347,0.90195247,13.398075,12.084427,0.768921,1.0071981,23.053262,23.219201
init,init,-1,,3415,059.California_Gull/California_Gull_0074_41358.jpg,59,58,059.California_Gull,55,54,rotation,rotation,0,"{""angle"":2.973216}",5.4614677,5.6324625,0.17099476,0.0042473166,0.0035797497,0.019721745,0.013343025,-0.015474428,-0.0097632753,0.0057111527,0.77678143,1.1066358,40.315414,44.614481,False,0.96191287,False,False,False,0.77678143,1.1066358,40.315414,44.614481,0.67705739,1.1488411,31.790931,36.522726,0.96186198,1.0335003,24.792525,25.623082,0.86063827,1.1295173,7.3074753,8.2539195,0.61710937,1.2774111,10.165627,12.985685,0.52277429,1.2401758,11.956707,14.828419,0.55859994,1.180411,13.398075,15.815234,0.7650866,1.0863095,23.053262,25.042977
init,init,-1,,3415,059.California_Gull/California_Gull_0074_41358.jpg,59,58,059.California_Gull,55,54,random_resized_crop,random_resized_crop,0,"{""area_fraction"":0.712111,""aspect"":1.144127,""fallback"":false,""height"":0.788927,""left"":0.097184,""top"":0.002431,""width"":0.902633}",5.4614677,5.4072847,-0.054183006,0.0042473166,0.0044837985,0.019721745,0.015151354,-0.015474428,-0.010667556,0.004806872,0.72455217,1.0390956,40.315414,41.891571,False,0.94735992,False,False,False,0.72455217,1.0390956,40.315414,41.891571,0.59211095,1.0477171,31.790931,33.307903,0.94730668,1.0247622,24.792525,25.406442,0.59675969,1.1605397,7.3074753,8.4806155,0.43931914,1.135249,10.165627,11.540518,0.40244831,1.0703057,11.956707,12.797331,0.50151829,1.0068504,13.398075,13.489857,0.70889542,1.0251895,23.053262,23.633961
init,init,-1,,3415,059.California_Gull/California_Gull_0074_41358.jpg,59,58,059.California_Gull,55,54,gaussian_blur,gaussian_blur,0,"{""sigma"":1.525829}",5.4614677,5.4079533,-0.053514481,0.0042473166,0.0044808015,0.019721745,0.02271918,-0.015474428,-0.018238379,-0.0027639507,0.71609703,1.1337059,40.315414,45.705824,False,0.94334096,False,False,False,0.71609703,1.1337059,40.315414,45.705824,0.59277723,1.175775,31.790931,37.378982,0.94326069,1.0609141,24.792525,26.302738,0.71873868,1.0417083,7.3074753,7.6122577,0.41498929,1.2161812,10.165627,12.363244,0.44177514,1.4316815,11.956707,17.118196,0.47366411,1.2007231,13.398075,16.087378,0.72281419,1.0927039,23.053262,25.190388
init,init,-1,,3415,059.California_Gull/California_Gull_0074_41358.jpg,59,58,059.California_Gull,55,54,random_erasing,random_erasing,0,"{""area_fraction"":0.139524,""erased"":true,""height"":0.669304,""left"":0.368285,""top"":0.245401,""width"":0.208462}",5.4614677,5.5633483,0.10188055,0.0042473166,0.0038359112,0.019721745,0.027204793,-0.015474428,-0.023368882,-0.0078944538,0.62464724,1.3178922,40.315414,53.131371,False,0.89863276,True,False,False,0.62464724,1.3178922,40.315414,53.131371,0.46814348,1.3464028,31.790931,42.803398,0.8982231,1.269623,24.792525,31.47716,0.49297898,0.76989965,7.3074753,5.6260227,0.33600062,1.3520495,10.165627,13.744431,0.35028358,1.3710924,11.956707,16.39375,0.35399859,1.4119232,13.398075,18.917052,0.56866864,1.361372,23.053262,31.384065
init,init,-1,,9006,154.Red_eyed_Vireo/Red_Eyed_Vireo_0029_156777.jpg,154,153,154.Red_eyed_Vireo,4,3,identity,identity,0,{},5.433723,5.433723,0,0.0043668076,0.0043668076,0.022529246,0.022529246,-0.018162439,-0.018162439,0,1,1,50.120371,50.120371,False,0.99999994,True,False,False,1,1,50.120371,50.120371,1,1,41.805614,41.805614,1,1,27.646741,27.646741,1,1,5.806189,5.806189,1,1,12.213468,12.213468,1,1,16.224473,16.224473,1,1,19.313867,19.313867,1,1,30.472442,30.472442
init,init,-1,,9006,154.Red_eyed_Vireo/Red_Eyed_Vireo_0029_156777.jpg,154,153,154.Red_eyed_Vireo,4,3,horizontal_flip,horizontal_flip,0,"{""flipped"":true}",5.433723,5.5793085,0.14558554,0.0043668076,0.0037751764,0.022529246,0.020177528,-0.018162439,-0.016402352,0.0017600867,0.6789325,1.0657335,50.120371,53.414961,False,0.94021058,False,False,False,0.6789325,1.0657335,50.120371,53.414961,0.5589599,1.0485246,41.805614,43.834217,0.94007337,1.1040752,27.646741,30.524081,-0.11236931,1.0566184,5.806189,6.1349259,0.32096037,0.96024925,12.213468,11.727974,0.53811901,1.0865081,16.224473,17.628022,0.45524327,1.0657336,19.313867,20.583436,0.66794826,1.0438707,30.472442,31.809289
init,init,-1,,9006,154.Red_eyed_Vireo/Red_Eyed_Vireo_0029_156777.jpg,154,153,154.Red_eyed_Vireo,4,3,color_jitter,color_jitter,0,"{""brightness"":0.967766,""contrast"":0.714152,""hue"":-0.05023,""saturation"":0.913367}",5.433723,5.2507305,-0.18299246,0.0043668076,0.005243687,0.022529246,0.025320552,-0.018162439,-0.020076865,-0.0019144267,0.79110446,1.0270775,50.120371,51.477504,False,0.94629687,False,False,False,0.79110446,1.0270775,50.120371,51.477504,0.72559886,1.0371334,41.805614,43.357997,0.9461732,1.0037056,27.646741,27.749189,0.35884225,0.88465951,5.806189,5.1365003,0.51714706,1.2452765,12.213468,15.209145,0.67928725,1.1116969,16.224473,18.036697,0.68985811,0.99647844,19.313867,19.245852,0.8121026,0.99887896,30.472442,30.438281
init,init,-1,,9006,154.Red_eyed_Vireo/Red_Eyed_Vireo_0029_156777.jpg,154,153,154.Red_eyed_Vireo,4,3,rotation,rotation,0,"{""angle"":-5.627052}",5.433723,5.4262142,-0.0075087547,0.0043668076,0.004399721,0.022529246,0.018875573,-0.018162439,-0.014475852,0.0036865869,0.74967236,0.91553161,50.120371,45.886784,False,0.9442203,False,False,False,0.74967236,0.91553161,50.120371,45.886784,0.66576504,0.91915672,41.805614,38.425911,0.94410709,0.90718818,27.646741,25.080796,0.29782274,1.0302133,5.806189,5.9816131,0.55515471,0.97729643,12.213468,11.936179,0.60635261,1.0182982,16.224473,16.521353,0.58086448,0.92701309,19.313867,17.904207,0.76000741,0.87120507,30.472442,26.547746
init,init,-1,,9006,154.Red_eyed_Vireo/Red_Eyed_Vireo_0029_156777.jpg,154,153,154.Red_eyed_Vireo,4,3,random_resized_crop,random_resized_crop,0,"{""area_fraction"":0.821958,""aspect"":1.180348,""fallback"":false,""height"":0.834487,""left"":0.013045,""top"":0.106935,""width"":0.984986}",5.433723,5.1895485,-0.24417448,0.0043668076,0.005574523,0.022529246,0.022770997,-0.018162439,-0.017196474,0.00096596451,0.7843548,1.0451159,50.120371,52.381595,False,0.96324188,False,False,False,0.7843548,1.0451159,50.120371,52.381595,0.70557592,1.0426668,41.805614,43.589325,0.96312667,1.0506944,27.646741,29.048274,0.69680016,1.5564071,5.806189,9.0367936,0.55545548,1.1696316,12.213468,14.285258,0.67060536,1.1300083,16.224473,18.33379,0.63922677,1.0085536,19.313867,19.47907,0.77974442,0.98380394,30.472442,29.978909
init,init,-1,,9006,154.Red_eyed_Vireo/Red_Eyed_Vireo_0029_156777.jpg,154,153,154.Red_eyed_Vireo,4,3,gaussian_blur,gaussian_blur,0,"{""sigma"":1.992912}",5.433723,4.9722195,-0.46150351,0.0043668076,0.0069277543,0.022529246,0.02115974,-0.018162439,-0.014231986,0.0039304527,0.62309456,1.0664469,50.120371,53.450713,False,0.87417042,False,False,False,0.62309456,1.0664469,50.120371,53.450713,0.52287066,1.0925342,41.805614,45.674063,0.87398503,1.0042537,27.646741,27.764341,0.51682865,1.2453565,5.806189,7.2307752,0.28434659,1.1567435,12.213468,14.12785,0.49582149,1.3307422,16.224473,21.590592,0.47327009,1.1743556,19.313867,22.681348,0.61395664,0.95880608,30.472442,29.217163
init,init,-1,,9006,154.Red_eyed_Vireo/Red_Eyed_Vireo_0029_156777.jpg,154,153,154.Red_eyed_Vireo,4,3,random_erasing,random_erasing,0,"{""area_fraction"":0.127666,""erased"":true,""height"":0.285705,""left"":0.084539,""top"":0.27057,""width"":0.446846}",5.433723,5.2720032,-0.1617198,0.0043668076,0.0051333155,0.022529246,0.024168873,-0.018162439,-0.019035558,-0.0008731191,0.64605707,0.97083301,50.120371,48.658511,False,0.8547231,True,False,False,0.64605707,0.97083301,50.120371,48.658511,0.55359219,0.96653969,41.805614,40.406785,0.85450237,0.98057928,27.646741,27.109821,0.40610256,0.91254718,5.806189,5.2984214,0.37023887,0.94847143,12.213468,11.584126,0.60293954,1.0403142,16.224473,16.87855,0.48745888,0.97491834,19.313867,18.829443,0.600935,0.94601011,30.472442,28.827238
init,init,-1,,6037,104.American_Pipit/American_Pipit_0074_100154.jpg,104,103,104.American_Pipit,8,7,identity,identity,0,{},6.5204468,6.5204468,0,0.0014730109,0.0014730109,0.024622459,0.024622459,-0.023149448,-0.023149448,0,1,1,44.57115,44.57115,False,1,True,False,False,1,1,44.57115,44.57115,1,1,37.523584,37.523584,1,1,24.053441,24.053441,1,1,4.7740009,4.7740009,1,1,11.361086,11.361086,1,1,16.728024,16.728024,1,1,16.81083,16.81083,1,1,26.338625,26.338625
init,init,-1,,6037,104.American_Pipit/American_Pipit_0074_100154.jpg,104,103,104.American_Pipit,8,7,horizontal_flip,horizontal_flip,0,"{""flipped"":true}",6.5204468,6.7239571,0.20351028,0.0014730109,0.0012017729,0.024622459,0.027224364,-0.023149448,-0.026022591,-0.0028731427,0.67891895,1.0749235,44.57115,47.910577,False,0.9613142,True,False,False,0.67891895,1.0749235,44.57115,47.910577,0.5759818,1.1070143,37.523584,41.539144,0.96129234,0.99250074,24.053441,23.873058,0.31561769,1.4757468,4.7740009,7.0452164,0.39191864,1.1257479,11.361086,12.789719,0.55148715,1.1847464,16.728024,19.818466,0.51934488,1.1689795,16.81083,19.651516,0.6671076,1.0281537,26.338625,27.080155
init,init,-1,,6037,104.American_Pipit/American_Pipit_0074_100154.jpg,104,103,104.American_Pipit,8,7,color_jitter,color_jitter,0,"{""brightness"":0.988939,""contrast"":1.12325,""hue"":0.006684,""saturation"":0.759221}",6.5204468,6.5245495,0.0041027069,0.0014730109,0.0014669804,0.024622459,0.026845518,-0.023149448,-0.025378538,-0.00222909,0.95273164,0.99826753,44.57115,44.493931,False,0.99513054,True,False,False,0.95273164,0.99826753,44.57115,44.493931,0.93523011,0.99685959,37.523584,37.405744,0.99512652,1.0016857,24.053441,24.093987,0.81799272,0.99757576,4.7740009,4.7624276,0.85684286,1.0462759,11.361086,11.88683,0.92245293,0.97949229,16.728024,16.384971,0.93339491,1.0037535,16.81083,16.873929,0.96063868,0.99152583,26.338625,26.115427
init,init,-1,,6037,104.American_Pipit/American_Pipit_0074_100154.jpg,104,103,104.American_Pipit,8,7,rotation,rotation,0,"{""angle"":-14.833224}",6.5204468,6.5082064,-0.01224041,0.0014730109,0.0014911521,0.024622459,0.019289525,-0.023149448,-0.017798373,0.005351075,0.64393689,1.0602935,44.57115,47.2585,False,0.89922798,False,False,False,0.64393689,1.0602935,44.57115,47.2585,0.53550955,1.049393,37.523584,39.376985,0.89909934,1.0863645,24.053441,26.130804,0.12854179,1.6934634,4.7740009,8.0845959,0.37054613,1.0945372,11.361086,12.435131,0.50085107,0.95853275,16.728024,16.034359,0.49190784,1.0455635,16.81083,17.57679,0.62375086,1.0497801,26.338625,27.649766
init,init,-1,,6037,104.American_Pipit/American_Pipit_0074_100154.jpg,104,103,104.American_Pipit,8,7,random_resized_crop,random_resized_crop,0,"{""area_fraction"":0.725082,""aspect"":1.145897,""fallback"":false,""height"":0.795464,""left"":0.063106,""top"":0.119545,""width"":0.91152}",6.5204468,6.4318695,-0.088577271,0.0014730109,0.0016094396,0.024622459,0.015491024,-0.023149448,-0.013881584,0.0092678641,0.72330488,1.0085052,44.57115,44.950237,False,0.94723094,True,False,False,0.72330488,1.0085052,44.57115,44.950237,0.6433612,1.0420083,37.523584,39.099887,0.94718582,0.92189799,24.053441,22.174819,0.59235293,1.3987943,4.7740009,6.6778454,0.51713042,1.3299274,11.361086,15.109419,0.59920842,1.0864183,16.728024,18.173632,0.61350709,1.0050719,16.81083,16.896093,0.72004843,0.9606146,26.338625,25.301268
init,init,-1,,6037,104.American_Pipit/American_Pipit_0074_100154.jpg,104,103,104.American_Pipit,8,7,gaussian_blur,gaussian_blur,0,"{""sigma"":1.967347}",6.5204468,6.0067983,-0.51364851,0.0014730109,0.002461958,0.024622459,0.030568408,-0.023149448,-0.02810645,-0.0049570018,0.54238676,1.1950857,44.57115,53.266342,False,0.84641975,True,False,False,0.54238676,1.1950857,44.57115,53.266342,0.44617796,1.2639163,37.523584,47.426669,0.84639178,1.0081304,24.053441,24.249004,0.55862522,1.4326205,4.7740009,6.8393315,0.40585529,1.6508863,11.361086,18.755861,0.36254556,1.6110936,16.728024,26.950412,0.38244721,1.138425,16.81083,19.137869,0.55544069,1.045403,26.338625,27.534477
init,init,-1,,6037,104.American_Pipit/American_Pipit_0074_100154.jpg,104,103,104.American_Pipit,8,7,random_erasing,random_erasing,0,"{""area_fraction"":0.186681,""erased"":true,""height"":0.354079,""left"":0.148622,""top"":0.277203,""width"":0.52723}",6.5204468,6.4682698,-0.052176952,0.0014730109,0.0015519088,0.024622459,0.038364869,-0.023149448,-0.03681296,-0.013663512,0.63194944,1.1786315,44.57115,52.532959,False,0.88289779,True,False,False,0.63194944,1.1786315,44.57115,52.532959,0.52578293,1.1678214,37.523584,43.820843,0.88265708,1.2045339,24.053441,28.973186,0.4935429,1.0109645,4.7740009,4.8263456,0.48831104,1.1563,11.361086,13.136823,0.37815623,1.0658911,16.728024,17.830252,0.49337804,1.1325274,16.81083,19.038727,0.59880623,1.2267563,26.338625,32.311075
init,init,-1,,6111,105.Whip_poor_Will/Whip_Poor_Will_0006_22800.jpg,105,104,105.Whip_poor_Will,129,128,identity,identity,0,{},5.8066931,5.8066931,0,0.0030073589,0.0030073589,0.024727171,0.024727171,-0.021719812,-0.021719812,0,1,1,46.500939,46.500939,False,1,True,False,False,1,1,46.500939,46.500939,1,1,39.422036,39.422036,1,1,24.662532,24.662532,1,1,6.4219175,6.4219175,1,1,14.090209,14.090209,1,1,15.925198,15.925198,1,1,17.990434,17.990434,1,1,27.148743,27.148743
init,init,-1,,6111,105.Whip_poor_Will/Whip_Poor_Will_0006_22800.jpg,105,104,105.Whip_poor_Will,129,128,horizontal_flip,horizontal_flip,0,"{""flipped"":true}",5.8066931,5.6634703,-0.14322281,0.0030073589,0.0034704513,0.024727171,0.021291973,-0.021719812,-0.017821522,0.0038982907,0.66539433,1.0422555,46.500939,48.46586,False,0.95660031,True,False,False,0.66539433,1.0422555,46.500939,48.46586,0.56047599,1.0640082,39.422036,41.94537,0.95659278,0.9844953,24.662532,24.280147,0.21639631,1.2182481,6.4219175,7.8234886,0.38793412,1.0949726,14.090209,15.428393,0.50488099,1.1711479,15.925198,18.650762,0.48425663,1.0582768,17.990434,19.038859,0.69376292,1.0086381,27.148743,27.383257
init,init,-1,,6111,105.Whip_poor_Will/Whip_Poor_Will_0006_22800.jpg,105,104,105.Whip_poor_Will,129,128,color_jitter,color_jitter,0,"{""brightness"":1.187967,""contrast"":0.706245,""hue"":-0.066291,""saturation"":0.790184}",5.8066931,5.8113937,0.0047006607,0.0030073589,0.0029932547,0.024727171,0.026189612,-0.021719812,-0.023196358,-0.0014765451,0.79008223,0.98890495,46.500939,45.985009,False,0.9694016,True,False,False,0.79008223,0.98890495,46.500939,45.985009,0.71915147,0.98585647,39.422036,38.864469,0.96938582,0.99665168,24.662532,24.579954,0.30019123,0.96980708,6.4219175,6.2280211,0.58856831,1.019921,14.090209,14.3709,0.62736158,0.96611138,15.925198,15.385515,0.68025288,0.96144814,17.990434,17.29687,0.82555464,0.99468499,27.148743,27.004447
init,init,-1,,6111,105.Whip_poor_Will/Whip_Poor_Will_0006_22800.jpg,105,104,105.Whip_poor_Will,129,128,rotation,rotation,0,"{""angle"":14.117454}",5.8066931,6.2027779,0.39608479,0.0030073589,0.0020238007,0.024727171,0.022261735,-0.021719812,-0.020237934,0.0014818781,0.56544857,1.0982256,46.500939,51.068522,False,0.86696869,True,False,False,0.56544857,1.0982256,46.500939,51.068522,0.4527842,1.1116594,39.422036,43.823877,0.86686402,1.0631306,24.662532,26.219492,0.40727247,1.76197,6.4219175,11.315226,0.36597309,1.1565003,14.090209,16.295332,0.41119693,1.1180858,15.925198,17.805738,0.34292746,1.0499812,17.990434,18.889618,0.54918717,1.0758451,27.148743,29.207842
init,init,-1,,6111,105.Whip_poor_Will/Whip_Poor_Will_0006_22800.jpg,105,104,105.Whip_poor_Will,129,128,random_resized_crop,random_resized_crop,0,"{""area_fraction"":0.702996,""aspect"":0.835311,""fallback"":false,""height"":0.917386,""left"":0.110809,""top"":0.014467,""width"":0.766303}",5.8066931,6.0052443,0.19855118,0.0030073589,0.0024657871,0.024727171,0.018789535,-0.021719812,-0.016323748,0.0053960641,0.66934966,0.89177769,46.500939,41.4685,False,0.91528785,False,False,False,0.66934966,0.89177769,46.500939,41.4685,0.57418368,0.89453095,39.422036,35.264231,0.91523571,0.88470399,24.662532,21.81904,0.0505971,0.82386617,6.4219175,5.2908006,0.38986546,0.8696656,14.090209,12.25377,0.54674266,0.9259202,15.925198,14.745462,0.53460901,0.86662803,17.990434,15.591015,0.67520696,0.90593223,27.148743,24.594921
init,init,-1,,6111,105.Whip_poor_Will/Whip_Poor_Will_0006_22800.jpg,105,104,105.Whip_poor_Will,129,128,gaussian_blur,gaussian_blur,0,"{""sigma"":1.039361}",5.8066931,5.6545887,-0.15210438,0.0030073589,0.0035014122,0.024727171,0.020639664,-0.021719812,-0.017138251,0.0045815611,0.70502453,1.0007315,46.500939,46.534956,False,0.93759453,True,False,False,0.70502453,1.0007315,46.500939,46.534956,0.61854011,1.0139789,39.422036,39.973114,0.93756127,0.9660588,24.662532,23.825456,0.3787651,0.87238716,6.4219175,5.6023984,0.52579529,1.1358986,14.090209,16.005049,0.48275886,1.0188509,15.925198,16.225401,0.54908377,1.017548,17.990434,18.306131,0.74123145,0.9828039,27.148743,26.68189
init,init,-1,,6111,105.Whip_poor_Will/Whip_Poor_Will_0006_22800.jpg,105,104,105.Whip_poor_Will,129,128,random_erasing,random_erasing,0,"{""area_fraction"":0.146737,""erased"":true,""height"":0.399022,""left"":0.32666,""top"":0.023452,""width"":0.367743}",5.8066931,6.117919,0.31122589,0.0030073589,0.0022030363,0.024727171,0.027054423,-0.021719812,-0.024851387,-0.0031315747,0.76814329,1.0999082,46.500939,51.146766,False,0.95050824,True,False,False,0.76814329,1.0999082,46.500939,51.146766,0.69324276,1.0830371,39.422036,42.695528,0.95041808,1.1418835,24.662532,28.161739,0.67153428,0.95928381,6.4219175,6.1604415,0.60708452,0.97534129,14.090209,13.742763,0.63837362,1.222704,15.925198,19.471804,0.61323615,1.0441828,17.990434,18.785302,0.77378386,1.0827319,27.148743,29.39481
init,init,-1,,5035,087.Mallard/Mallard_0061_76378.jpg,87,86,087.Mallard,46,45,identity,identity,0,{},5.3679328,5.3679328,0,0.0046637631,0.0046637631,0.025682436,0.025682436,-0.021018673,-0.021018673,0,1,1,49.773083,49.773083,False,1,True,False,False,1,1,49.773083,49.773083,1,1,41.786981,41.786981,1,1,27.040858,27.040858,1,1,9.784879,9.784879,1,1,17.530244,17.530244,1,1,15.385196,15.385196,1,1,17.403868,17.403868,1,1,28.346069,28.346069
init,init,-1,,5035,087.Mallard/Mallard_0061_76378.jpg,87,86,087.Mallard,46,45,horizontal_flip,horizontal_flip,0,"{""flipped"":true}",5.3679328,5.466114,0.098181248,0.0046637631,0.0042276289,0.025682436,0.021234155,-0.021018673,-0.017006526,0.0040121474,0.59149559,0.88963034,49.773083,44.279645,False,0.95532328,True,False,False,0.59149559,0.88963034,49.773083,44.279645,0.44146411,0.89353699,41.786981,37.338214,0.95523939,0.88023098,27.040858,23.802201,-0.37983095,0.75685078,9.784879,7.4056933,0.26413497,0.84502735,17.530244,14.813536,0.27128889,0.88625644,15.385196,13.635229,0.39105233,0.90439205,17.403868,15.739919,0.65140905,0.9241238,28.346069,26.195277
init,init,-1,,5035,087.Mallard/Mallard_0061_76378.jpg,87,86,087.Mallard,46,45,color_jitter,color_jitter,0,"{""brightness"":0.604357,""contrast"":0.632768,""hue"":0.040273,""saturation"":0.649192}",5.3679328,5.6601863,0.29225349,0.0046637631,0.0034818684,0.025682436,0.018479314,-0.021018673,-0.014997445,0.0060212279,0.71623973,1.0055248,49.773083,50.048069,False,0.91486955,False,False,False,0.71623973,1.0055248,49.773083,50.048069,0.636309,1.0163254,41.786981,42.469172,0.91469633,0.97925067,27.040858,26.479779,0.78950788,1.123782,9.784879,10.996071,0.5275426,1.0644973,17.530244,18.660897,0.50673358,1.0870045,15.385196,16.723778,0.56499444,0.92849354,17.403868,16.159379,0.72933848,0.99386919,28.346069,28.172284
init,init,-1,,5035,087.Mallard/Mallard_0061_76378.jpg,87,86,087.Mallard,46,45,rotation,rotation,0,"{""angle"":8.43279}",5.3679328,5.7891774,0.42124462,0.0046637631,0.003060499,0.025682436,0.03009424,-0.021018673,-0.027033741,-0.0060150677,0.68869614,1.1822157,49.773083,58.842521,False,0.93360186,True,False,False,0.68869614,1.1822157,49.773083,58.842521,0.60199098,1.2288351,41.786981,51.34931,0.9334747,1.062645,27.040858,28.734833,0.64380701,1.2251615,9.784879,11.988057,0.43162639,1.1521483,17.530244,20.19744,0.56590489,1.3472147,15.385196,20.727163,0.53155033,1.2745007,17.403868,22.181242,0.70092152,1.2033346,28.346069,34.109804
init,init,-1,,5035,087.Mallard/Mallard_0061_76378.jpg,87,86,087.Mallard,46,45,random_resized_crop,random_resized_crop,0,"{""area_fraction"":0.739645,""aspect"":0.990165,""fallback"":false,""height"":0.864287,""left"":0.028265,""top"":0.069353,""width"":0.855787}",5.3679328,6.2076063,0.83967352,0.0046637631,0.0020140524,0.025682436,0.020294489,-0.021018673,-0.018280437,0.0027382362,0.71738785,1.2322877,49.773083,61.33476,False,0.93926114,True,False,False,0.71738785,1.2322877,49.773083,61.33476,0.63428305,1.2663038,41.786981,52.915014,0.93903887,1.1469823,27.040858,31.015386,0.77223125,1.1691601,9.784879,11.44009,0.5838304,1.097037,17.530244,19.231326,0.53409725,1.5279715,15.385196,23.508141,0.55260974,1.332423,17.403868,23.189314,0.71332693,1.2265994,28.346069,34.76927
init,init,-1,,5035,087.Mallard/Mallard_0061_76378.jpg,87,86,087.Mallard,46,45,gaussian_blur,gaussian_blur,0,"{""sigma"":1.367875}",5.3679328,5.7186174,0.35068464,0.0046637631,0.0032842488,0.025682436,0.02028292,-0.021018673,-0.016998672,0.0040200015,0.66959091,1.2578835,49.773083,62.608738,False,0.92783475,False,False,False,0.66959091,1.2578835,49.773083,62.608738,0.57831257,1.3082497,41.786981,54.667806,0.92764905,1.1285501,27.040858,30.516962,0.48563062,1.0017584,9.784879,9.8020845,0.54263865,1.2814173,17.530244,22.463557,0.42045775,1.7087084,15.385196,26.288813,0.51090973,1.3786688,17.403868,23.994169,0.71376454,1.1811923,28.346069,33.482159
init,init,-1,,5035,087.Mallard/Mallard_0061_76378.jpg,87,86,087.Mallard,46,45,random_erasing,random_erasing,0,"{""area_fraction"":0.071401,""erased"":true,""height"":0.313441,""left"":0.166515,""top"":0.167967,""width"":0.227798}",5.3679328,5.3608961,-0.0070366859,0.0046637631,0.0046966951,0.025682436,0.024404567,-0.021018673,-0.019707872,0.0013108016,0.89406999,0.98624421,49.773083,49.088415,False,0.98073381,True,False,False,0.89406999,0.98624421,49.773083,49.088415,0.85829216,0.99005806,41.786981,41.371538,0.98069906,0.97707636,27.040858,26.420983,0.91664535,0.75524384,9.784879,7.3899696,0.87714719,1.0062444,17.530244,17.639711,0.76147705,1.0026357,15.385196,15.425747,0.81759466,0.98653813,17.403868,17.169579,0.89233609,1.0059471,28.346069,28.514644
init,init,-1,,9757,166.Golden_winged_Warbler/Golden_Winged_Warbler_0016_794841.jpg,166,165,166.Golden_winged_Warbler,129,128,identity,identity,0,{},5.6324153,5.6324153,0,0.0035799183,0.0035799183,0.026650567,0.026650567,-0.023070648,-0.023070648,0,1,1,49.380961,49.380961,False,1,True,False,False,1,1,49.380961,49.380961,1,1,40.398327,40.398327,1,1,28.398142,28.398142,1,1,9.7606463,9.7606463,1,1,12.758921,12.758921,1,1,15.856818,15.856818,1,1,19.17058,19.17058,1,1,27.477531,27.477531
init,init,-1,,9757,166.Golden_winged_Warbler/Golden_Winged_Warbler_0016_794841.jpg,166,165,166.Golden_winged_Warbler,129,128,horizontal_flip,horizontal_flip,0,"{""flipped"":true}",5.6324153,5.7049232,0.072507858,0.0035799183,0.0033295329,0.026650567,0.020923505,-0.023070648,-0.017593972,0.0054766766,0.62787953,1.0077337,49.380961,49.76286,False,0.96901059,True,False,False,0.62787953,1.0077337,49.380961,49.76286,0.47264595,1.0327892,40.398327,41.722955,0.96892879,0.95501987,28.398142,27.12079,0.38621786,1.1185074,9.7606463,10.917355,0.19886753,1.019331,12.758921,13.005563,0.2604107,1.092085,15.856818,17.316993,0.41347538,1.0550375,19.17058,20.225681,0.65490183,0.99235539,27.477531,27.267476
init,init,-1,,9757,166.Golden_winged_Warbler/Golden_Winged_Warbler_0016_794841.jpg,166,165,166.Golden_winged_Warbler,129,128,color_jitter,color_jitter,0,"{""brightness"":0.748592,""contrast"":0.84733,""hue"":0.090782,""saturation"":0.909227}",5.6324153,5.6697373,0.037322044,0.0035799183,0.0034487713,0.026650567,0.026234798,-0.023070648,-0.022786027,0.00028462149,0.72893195,1.0289069,49.380961,50.808409,False,0.92872846,True,False,False,0.72893195,1.0289069,49.380961,50.808409,0.64953187,1.0835036,40.398327,43.771732,0.92859137,0.90843498,28.398142,25.797866,0.73065381,1.0158082,9.7606463,9.914945,0.39054748,1.2546517,12.758921,16.008001,0.56751927,1.2009674,15.856818,19.043522,0.65149628,1.0961485,19.17058,21.013803,0.74629516,1.0014241,27.477531,27.516662
init,init,-1,,9757,166.Golden_winged_Warbler/Golden_Winged_Warbler_0016_794841.jpg,166,165,166.Golden_winged_Warbler,129,128,rotation,rotation,0,"{""angle"":9.547414}",5.6324153,5.6089697,-0.023445606,0.0035799183,0.0036648447,0.026650567,0.0146481,-0.023070648,-0.010983256,0.012087393,0.72630092,1.1907467,49.380961,58.800215,False,0.95367771,False,False,False,0.72630092,1.1907467,49.380961,58.800215,0.61605789,1.1974051,40.398327,48.373161,0.95330873,1.1771569,28.398142,33.429068,0.60858386,1.2267602,9.7606463,11.973972,0.45708897,1.3281605,12.758921,16.945895,0.54778805,1.2115689,15.856818,19.211628,0.53205098,1.1401289,19.17058,21.856933,0.71913375,1.1863408,27.477531,32.597717
init,init,-1,,9757,166.Golden_winged_Warbler/Golden_Winged_Warbler_0016_794841.jpg,166,165,166.Golden_winged_Warbler,129,128,random_resized_crop,random_resized_crop,0,"{""area_fraction"":0.748256,""aspect"":0.778531,""fallback"":false,""height"":0.980363,""left"":0.132324,""top"":0.016441,""width"":0.763243}",5.6324153,5.3291659,-0.30324936,0.0035799183,0.0048481128,0.026650567,0.018507095,-0.023070648,-0.013658982,0.0094116661,0.7536974,1.0025629,49.380961,49.507517,False,0.961604,False,False,False,0.7536974,1.0025629,49.380961,49.507517,0.6571283,1.0209685,40.398327,41.245419,0.96146161,0.96424101,28.398142,27.382653,0.73310794,1.0203337,9.7606463,9.9591163,0.56605628,1.0311664,12.758921,13.15657,0.53864265,1.0502027,15.856818,16.652874,0.58414339,1.0198712,19.17058,19.551522,0.74458282,1.0094323,27.477531,27.736709
init,init,-1,,9757,166.Golden_winged_Warbler/Golden_Winged_Warbler_0016_794841.jpg,166,165,166.Golden_winged_Warbler,129,128,gaussian_blur,gaussian_blur,0,"{""sigma"":1.436875}",5.6324153,5.3473663,-0.28504896,0.0035799183,0.0047606719,0.026650567,0.015888456,-0.023070648,-0.011127784,0.011942864,0.74067446,1.0303059,49.380961,50.877497,False,0.95029366,False,False,False,0.74067446,1.0303059,49.380961,50.877497,0.63824129,1.0337511,40.398327,41.761816,0.95011197,1.0232984,28.398142,29.059774,0.21405891,1.0614628,9.7606463,10.360562,0.61028929,1.0724901,12.758921,13.683816,0.53853433,1.0503089,15.856818,16.654558,0.62818958,1.0304058,19.17058,19.753478,0.73988318,1.0176403,27.477531,27.962242
init,init,-1,,9757,166.Golden_winged_Warbler/Golden_Winged_Warbler_0016_794841.jpg,166,165,166.Golden_winged_Warbler,129,128,random_erasing,random_erasing,0,"{""area_fraction"":0.079747,""erased"":true,""height"":0.469113,""left"":0.690525,""top"":0.463198,""width"":0.169995}",5.6324153,5.6651926,0.032777309,0.0035799183,0.0034644799,0.026650567,0.030391773,-0.023070648,-0.026927293,-0.003856645,0.94336306,1.0049579,49.380961,49.625786,False,0.98350435,True,False,False,0.94336306,1.0049579,49.380961,49.625786,0.92350819,1.0042047,40.398327,40.568191,0.98345419,1.0064803,28.398142,28.582171,0.94342658,0.88258539,9.7606463,8.6146038,0.91289923,1.0735665,12.758921,13.69755,0.9317002,1.0427061,15.856818,16.534001,0.91416845,0.97782409,19.17058,18.745455,0.92705553,1.0027537,27.477531,27.553196
init,init,-1,,8411,144.Common_Tern/Common_Tern_0043_147753.jpg,144,143,144.Common_Tern,129,128,identity,identity,0,{},6.5394669,6.5394669,0,0.0014452586,0.0014452586,0.025613474,0.025613474,-0.024168215,-0.024168215,0,1,1,52.370986,52.370986,False,1,True,False,False,1,1,52.370986,52.370986,1,1,44.542181,44.542181,1,1,27.544769,27.544769,1,1,6.6860265,6.6860265,1,1,14.371029,14.371029,1,1,19.299682,19.299682,1,1,18.759097,18.759097,1,1,31.755237,31.755237
init,init,-1,,8411,144.Common_Tern/Common_Tern_0043_147753.jpg,144,143,144.Common_Tern,129,128,horizontal_flip,horizontal_flip,0,"{""flipped"":true}",6.5394669,6.8654284,0.32596159,0.0014452586,0.0010432353,0.025613474,0.02001928,-0.024168215,-0.018976044,0.0051921706,0.66543684,1.0418673,52.370986,54.563616,False,0.9574129,True,False,False,0.66543684,1.0418673,52.370986,54.563616,0.55787474,1.0519365,44.542181,46.855544,0.95723361,1.0150648,27.544769,27.959725,0.67050837,1.2200334,6.6860265,8.1571753,0.22837484,1.2154717,14.371029,17.467578,0.43705413,1.0388919,19.299682,20.050283,0.47430081,1.054923,18.759097,19.789402,0.71154209,1.0107303,31.755237,32.09598
init,init,-1,,8411,144.Common_Tern/Common_Tern_0043_147753.jpg,144,143,144.Common_Tern,129,128,color_jitter,color_jitter,0,"{""brightness"":1.068584,""contrast"":1.238488,""hue"":0.098584,""saturation"":0.888986}",6.5394669,6.3106403,-0.22882652,0.0014452586,0.0018168697,0.025613474,0.025615061,-0.024168215,-0.023798191,0.00037002412,0.86694014,1.0192448,52.370986,53.378857,False,0.97709006,True,False,False,0.86694014,1.0192448,52.370986,53.378857,0.82511497,1.0211027,44.542181,45.482142,0.97705083,1.0143705,27.544769,27.9406,0.78271859,1.1654253,6.6860265,7.7920644,0.68632761,1.1434426,14.371029,16.432446,0.79069111,1.0825019,19.299682,20.891941,0.7986925,1.0165017,18.759097,19.068654,0.88868844,0.96435967,31.755237,30.62347
init,init,-1,,8411,144.Common_Tern/Common_Tern_0043_147753.jpg,144,143,144.Common_Tern,129,128,rotation,rotation,0,"{""angle"":-11.367454}",6.5394669,6.7116566,0.17218971,0.0014452586,0.0012166466,0.025613474,0.031015148,-0.024168215,-0.029798502,-0.0056302866,0.68782179,1.0335397,52.370986,54.127492,False,0.9248004,True,False,False,0.68782179,1.0335397,52.370986,54.127492,0.5883071,1.0012103,44.542181,44.596092,0.92450853,1.1136524,27.544769,30.675299,0.33329457,1.003219,6.6860265,6.7075486,0.20075179,1.0348877,14.371029,14.872401,0.60175732,1.0193797,19.299682,19.673704,0.50142678,0.98439676,18.759097,18.466394,0.70754563,0.99312113,31.755237,31.536797
init,init,-1,,8411,144.Common_Tern/Common_Tern_0043_147753.jpg,144,143,144.Common_Tern,129,128,random_resized_crop,random_resized_crop,0,"{""area_fraction"":0.766033,""aspect"":0.796312,""fallback"":false,""height"":0.980803,""left"":0.083171,""top"":0.006883,""width"":0.781026}",6.5394669,6.6783233,0.13885641,0.0014452586,0.0012578854,0.025613474,0.022721574,-0.024168215,-0.021463688,0.0027045268,0.79803764,1.0594291,52.370986,55.483349,False,0.96197146,False,False,False,0.79803764,1.0594291,52.370986,55.483349,0.73740556,1.0684028,44.542181,47.588991,0.96189387,1.0355959,27.544769,28.52525,0.64528376,1.070547,6.6860265,7.1577057,0.62197343,1.2217173,14.371029,17.557335,0.70209641,1.1082916,19.299682,21.389675,0.67639206,1.0842958,18.759097,20.34041,0.81025349,1.012601,31.755237,32.155386
init,init,-1,,8411,144.Common_Tern/Common_Tern_0043_147753.jpg,144,143,144.Common_Tern,129,128,gaussian_blur,gaussian_blur,0,"{""sigma"":1.936892}",6.5394669,6.8996668,0.36019993,0.0014452586,0.0010081216,0.025613474,0.014225801,-0.024168215,-0.013217679,0.010950536,0.53401245,1.0220796,52.370986,53.527318,False,0.81151915,False,False,False,0.53401245,1.0220796,52.370986,53.527318,0.44517855,1.0628544,44.542181,47.341852,0.81135566,0.90683087,27.544769,24.978447,0.20177653,0.9688717,6.6860265,6.4779018,0.34329177,1.2522835,14.371029,17.996602,0.37358036,1.1806493,19.299682,22.786156,0.40369331,1.1496393,18.759097,21.566195,0.5418309,0.94004354,31.755237,29.851305
init,init,-1,,8411,144.Common_Tern/Common_Tern_0043_147753.jpg,144,143,144.Common_Tern,129,128,random_erasing,random_erasing,0,"{""area_fraction"":0.076059,""erased"":true,""height"":0.435877,""left"":0.463733,""top"":0.071306,""width"":0.174497}",6.5394669,6.9147458,0.37527895,0.0014452586,0.00099303387,0.025613474,0.024364028,-0.024168215,-0.023370994,0.00079722086,0.7603544,0.99127318,52.370986,51.913954,False,0.93557,True,False,False,0.7603544,0.99127318,52.370986,51.913954,0.698611,1.0102806,44.542181,45.000102,0.93539648,0.93975424,27.544769,25.885314,0.75950415,1.0560393,6.6860265,7.0607066,0.52276466,1.1693133,14.371029,16.804235,0.65271806,0.81541731,19.299682,15.737294,0.67092386,1.042189,18.759097,19.550524,0.76683416,1.0266641,31.755237,32.601961
init,init,-1,,10264,175.Pine_Warbler/Pine_Warbler_0091_171627.jpg,175,174,175.Pine_Warbler,129,128,identity,identity,0,{},5.5647931,5.5647931,0,0.0038303733,0.0038303733,0.022813005,0.022813005,-0.018982632,-0.018982632,0,1,1,45.591057,45.591057,False,0.99999994,True,False,False,1,1,45.591057,45.591057,1,1,36.797982,36.797982,1,1,26.915665,26.915665,1,1,5.5431913,5.5431913,1,1,12.5205,12.5205,1,1,16.051989,16.051989,1,1,15.651939,15.651939,1,1,25.767267,25.767267
init,init,-1,,10264,175.Pine_Warbler/Pine_Warbler_0091_171627.jpg,175,174,175.Pine_Warbler,129,128,horizontal_flip,horizontal_flip,0,"{""flipped"":true}",5.5647931,5.2982674,-0.26652575,0.0038303733,0.0050002504,0.022813005,0.022563813,-0.018982632,-0.017563563,0.0014190692,0.67473483,0.9001301,45.591057,41.037883,False,0.95851332,True,False,False,0.67473483,0.9001301,45.591057,41.037883,0.53233089,0.91863648,36.797982,33.803969,0.95840921,0.86447774,26.915665,23.267993,0.22074305,0.75843248,5.5431913,4.2041363,0.3766788,0.87729036,12.5205,10.984114,0.50979119,0.93733303,16.051989,15.046059,0.4298504,0.931207,15.651939,14.575195,0.62671511,0.92293682,25.767267,23.78156
init,init,-1,,10264,175.Pine_Warbler/Pine_Warbler_0091_171627.jpg,175,174,175.Pine_Warbler,129,128,color_jitter,color_jitter,0,"{""brightness"":1.261781,""contrast"":0.969826,""hue"":-0.059535,""saturation"":1.32133}",5.5647931,5.8784423,0.31364918,0.0038303733,0.0027991424,0.022813005,0.01880471,-0.018982632,-0.016005568,0.0029770641,0.81531675,1.0318024,45.591057,47.040964,False,0.94484639,False,False,False,0.81531675,1.0318024,45.591057,47.040964,0.75340346,1.0639068,36.797982,39.149623,0.94477798,0.96894743,26.915665,26.079864,0.49967733,0.96292999,5.5431913,5.3377052,0.67353486,1.0955047,12.5205,13.716266,0.78889351,1.1403177,16.051989,18.304366,0.72869885,1.1056239,15.651939,17.305158,0.78156262,1.013164,25.767267,26.106468
init,init,-1,,10264,175.Pine_Warbler/Pine_Warbler_0091_171627.jpg,175,174,175.Pine_Warbler,129,128,rotation,rotation,0,"{""angle"":-7.932238}",5.5647931,5.5380807,-0.026712418,0.0038303733,0.0039340695,0.022813005,0.018672694,-0.018982632,-0.014738624,0.0042440081,0.73650218,1.0487738,45.591057,47.814706,False,0.95422465,True,False,False,0.73650218,1.0487738,45.591057,47.814706,0.62649006,1.0678263,36.797982,39.293853,0.95412777,1.0122012,26.915665,27.244068,0.43834139,1.3945734,5.5431913,7.730387,0.37162797,1.0403557,12.5205,13.025773,0.60703108,1.0729438,16.051989,17.222882,0.57105384,1.1362116,15.651939,17.783915,0.73209572,1.0280205,25.767267,26.489279
init,init,-1,,10264,175.Pine_Warbler/Pine_Warbler_0091_171627.jpg,175,174,175.Pine_Warbler,129,128,random_resized_crop,random_resized_crop,0,"{""area_fraction"":0.579886,""aspect"":1.255029,""fallback"":false,""height"":0.679743,""left"":0.135211,""top"":0.123369,""width"":0.853097}",5.5647931,5.6068006,0.042007446,0.0038303733,0.0036728021,0.022813005,0.024134025,-0.018982632,-0.020461223,-0.0014785908,0.6985571,1.0414121,45.591057,47.479079,False,0.92815566,False,False,False,0.6985571,1.0414121,45.591057,47.479079,0.56461099,1.0049342,36.797982,36.979552,0.92799728,1.1063736,26.915665,29.77878,0.33792695,1.0874875,5.5431913,6.0281512,0.3561765,1.0146536,12.5205,12.70397,0.57753266,1.1326716,16.051989,18.181632,0.49497113,0.97986349,15.651939,15.336764,0.65217483,0.95376024,25.767267,24.575795
init,init,-1,,10264,175.Pine_Warbler/Pine_Warbler_0091_171627.jpg,175,174,175.Pine_Warbler,129,128,gaussian_blur,gaussian_blur,0,"{""sigma"":1.460794}",5.5647931,6.4527502,0.8879571,0.0038303733,0.0015761808,0.022813005,0.029500004,-0.018982632,-0.027923823,-0.008941191,0.59397463,1.2718505,45.591057,57.985007,False,0.91037476,True,False,False,0.59397463,1.2718505,45.591057,57.985007,0.45034437,1.3331264,36.797982,49.05636,0.9100861,1.148586,26.915665,30.914957,-0.15087672,1.4310726,5.5431913,7.932709,-0.072823218,1.2615487,12.5205,15.79522,0.45691228,1.4776408,16.051989,23.719073,0.36541668,1.3591723,15.651939,21.273683,0.63605576,1.2747688,25.767267,32.847307
init,init,-1,,10264,175.Pine_Warbler/Pine_Warbler_0091_171627.jpg,175,174,175.Pine_Warbler,129,128,random_erasing,random_erasing,0,"{""area_fraction"":0.100848,""erased"":true,""height"":0.277672,""left"":0.553312,""top"":0.143755,""width"":0.36319}",5.5647931,5.7730093,0.20821619,0.0038303733,0.0031103825,0.022813005,0.037848126,-0.018982632,-0.034737744,-0.015755112,0.75802283,1.2668537,45.591057,57.7572,False,0.92561632,True,False,False,0.75802283,1.2668537,45.591057,57.7572,0.68455018,1.3313219,36.797982,48.989959,0.92539179,1.1365918,26.915665,30.592124,0.64471308,1.4317809,5.5431913,7.9366353,0.67519126,1.5585952,12.5205,19.514391,0.69632338,1.4830783,16.051989,23.806356,0.65631286,1.3332699,15.651939,20.86826,0.70396803,1.1986793,25.767267,30.886689
init,init,-1,,955,018.Spotted_Catbird/Spotted_Catbird_0012_796802.jpg,18,17,018.Spotted_Catbird,88,87,identity,identity,0,{},5.3291512,5.3291512,0,0.0048481841,0.0048481841,0.020746268,0.020746268,-0.015898084,-0.015898084,0,1,1,54.479384,54.479384,False,0.99999988,True,False,False,1,1,54.479384,54.479384,1,1,46.583898,46.583898,1,1,28.247897,28.247897,1,1,8.2785327,8.2785327,1,1,17.883196,17.883196,1,1,19.01911,19.01911,1,1,21.00549,21.00549,1,1,31.285135,31.285135
init,init,-1,,955,018.Spotted_Catbird/Spotted_Catbird_0012_796802.jpg,18,17,018.Spotted_Catbird,88,87,horizontal_flip,horizontal_flip,0,"{""flipped"":true}",5.3291512,5.421267,0.092115879,0.0048481841,0.004421541,0.020746268,0.024316421,-0.015898084,-0.01989488,-0.0039967955,0.67352784,1.0085499,54.479384,54.945178,False,0.96005058,True,False,False,0.67352784,1.0085499,54.479384,54.945178,0.56583835,1.0023332,46.583898,46.692586,0.9599708,1.0252661,28.247897,28.961612,-0.22285528,1.1138629,8.2785327,9.2211506,0.4012789,1.0198009,17.883196,18.237299,0.51341338,1.0668174,19.01911,20.289917,0.52635506,0.92901347,21.00549,19.514383,0.72148832,0.99555458,31.285135,31.146059
init,init,-1,,955,018.Spotted_Catbird/Spotted_Catbird_0012_796802.jpg,18,17,018.Spotted_Catbird,88,87,color_jitter,color_jitter,0,"{""brightness"":0.761649,""contrast"":0.967532,""hue"":-0.000669,""saturation"":1.202638}",5.3291512,5.2772369,-0.051914215,0.0048481841,0.0051065204,0.020746268,0.018136252,-0.015898084,-0.013029731,0.0028683529,0.93942873,0.967543,54.479384,52.711147,False,0.9944815,False,False,False,0.93942873,0.967543,54.479384,52.711147,0.91921427,0.96783367,46.583898,45.085465,0.99446519,0.96675207,28.247897,27.308713,0.89756757,0.90810297,8.2785327,7.5177601,0.87990007,0.98624382,17.883196,17.637191,0.87598528,0.97799459,19.01911,18.600586,0.91173845,0.95115016,21.00549,19.979375,0.95338282,0.96949415,31.285135,30.330755
init,init,-1,,955,018.Spotted_Catbird/Spotted_Catbird_0012_796802.jpg,18,17,018.Spotted_Catbird,88,87,rotation,rotation,0,"{""angle"":-13.22607}",5.3291512,5.3844924,0.055341244,0.0048481841,0.0045871674,0.020746268,0.0086834654,-0.015898084,-0.004096298,0.011801786,0.64839514,1.0398372,54.479384,56.649693,False,0.92872548,False,False,False,0.64839514,1.0398372,54.479384,56.649693,0.56032657,1.0755818,46.583898,50.104792,0.92846224,0.93574709,28.247897,26.432888,0.14577789,0.93653741,8.2785327,7.7531556,0.41013015,1.2120315,17.883196,21.674998,0.53201474,1.2360341,19.01911,23.508268,0.54550161,1.1023746,21.00549,23.15592,0.68110677,0.95451023,31.285135,29.861981
init,init,-1,,955,018.Spotted_Catbird/Spotted_Catbird_0012_796802.jpg,18,17,018.Spotted_Catbird,88,87,random_resized_crop,random_resized_crop,0,"{""area_fraction"":0.658072,""aspect"":0.837313,""fallback"":false,""height"":0.886529,""left"":0.113121,""top"":0.005005,""width"":0.742302}",5.3291512,5.260385,-0.068766117,0.0048481841,0.0051933052,0.020746268,0.013525896,-0.015898084,-0.0083325906,0.0075654937,0.68536556,0.99980167,54.479384,54.468579,False,0.94150352,False,False,False,0.68536556,0.99980167,54.479384,54.468579,0.59805399,1.0178833,46.583898,47.416974,0.94133846,0.94888627,28.247897,26.804042,0.26991878,0.90758739,8.2785327,7.5134919,0.47178679,1.1809398,17.883196,21.118978,0.47523669,1.0919519,19.01911,20.767953,0.58992793,1.0204236,21.00549,21.434498,0.73532203,0.93472893,31.285135,29.243121
init,init,-1,,955,018.Spotted_Catbird/Spotted_Catbird_0012_796802.jpg,18,17,018.Spotted_Catbird,88,87,gaussian_blur,gaussian_blur,0,"{""sigma"":1.562137}",5.3291512,5.4294024,0.1002512,0.0048481841,0.0043857158,0.020746268,0.012511844,-0.015898084,-0.008126128,0.0077719563,0.62165191,0.98567483,54.479384,53.698958,False,0.89385158,False,False,False,0.62165191,0.98567483,54.479384,53.698958,0.53934082,1.0261417,46.583898,47.80168,0.89368884,0.86611201,28.247897,24.465843,0.59273433,1.2522696,8.2785327,10.366955,0.3772242,1.049481,17.883196,18.768074,0.43790509,1.1870192,19.01911,22.576049,0.54011696,1.0895494,21.00549,22.886519,0.65410632,0.89944368,31.285135,28.139217
init,init,-1,,955,018.Spotted_Catbird/Spotted_Catbird_0012_796802.jpg,18,17,018.Spotted_Catbird,88,87,random_erasing,random_erasing,0,"{""area_fraction"":0.099204,""erased"":true,""height"":0.372502,""left"":0.195717,""top"":0.302084,""width"":0.266318}",5.3291512,5.7251892,0.39603806,0.0048481841,0.0032627364,0.020746268,0.034393404,-0.015898084,-0.031130667,-0.015232583,0.8043812,1.0263532,54.479384,55.915092,False,0.97216457,True,False,False,0.8043812,1.0263532,54.479384,55.915092,0.73971329,1.0113082,46.583898,47.110679,0.97200577,1.0661959,28.247897,30.117792,0.74915918,0.88289516,8.2785327,7.3090765,0.67474286,1.0104242,17.883196,18.069615,0.59128527,0.98557796,19.01911,18.744815,0.67726483,0.97602197,21.00549,20.50182,0.83883108,1.0444914,31.285135,32.677054
init,init,-1,,762,014.Indigo_Bunting/Indigo_Bunting_0026_11964.jpg,14,13,014.Indigo_Bunting,4,3,identity,identity,0,{},5.611691,5.611691,0,0.0036548832,0.0036548832,0.054154593,0.054154593,-0.05049971,-0.05049971,0,1,1,44.062536,44.062536,False,1,True,False,False,1,1,44.062536,44.062536,1,1,33.727677,33.727677,1,1,28.354028,28.354028,1,1,4.4496517,4.4496517,1,1,8.527759,8.527759,1,1,12.6096,12.6096,1,1,14.135103,14.135103,1,1,26.196011,26.196011
init,init,-1,,762,014.Indigo_Bunting/Indigo_Bunting_0026_11964.jpg,14,13,014.Indigo_Bunting,4,3,horizontal_flip,horizontal_flip,0,"{""flipped"":true}",5.611691,5.6919479,0.080256939,0.0036548832,0.0033730152,0.054154593,0.057555776,-0.05049971,-0.054182761,-0.0036830506,0.6970429,1.0874473,44.062536,47.915686,False,0.96718973,True,False,False,0.6970429,1.0874473,44.062536,47.915686,0.52538837,1.1300986,33.727677,38.115602,0.96713762,1.024067,28.354028,29.036423,0.4735376,1.4542998,4.4496517,6.4711274,0.10679732,1.3052633,8.527759,11.130971,0.35536504,1.06641,12.6096,13.447003,0.37588284,1.1843265,14.135103,16.740577,0.66737529,1.0970928,26.196011,28.739455
init,init,-1,,762,014.Indigo_Bunting/Indigo_Bunting_0026_11964.jpg,14,13,014.Indigo_Bunting,4,3,color_jitter,color_jitter,0,"{""brightness"":1.020566,""contrast"":0.800532,""hue"":0.012295,""saturation"":0.750448}",5.611691,5.4648638,-0.14682722,0.0036548832,0.0042329184,0.054154593,0.051179439,-0.05049971,-0.04694652,0.0035531898,0.90855559,1.035939,44.062536,45.646101,False,0.98445064,True,False,False,0.90855559,1.035939,44.062536,45.646101,0.86107147,1.0735329,33.727677,36.207771,0.98441485,0.98028515,28.354028,27.795032,0.80732838,0.8850758,4.4496517,3.9382791,0.70670896,1.209142,8.527759,10.311272,0.82711623,1.1502694,12.6096,14.504437,0.82343205,1.0885148,14.135103,15.386269,0.90372166,1.0398787,26.196011,27.240674
init,init,-1,,762,014.Indigo_Bunting/Indigo_Bunting_0026_11964.jpg,14,13,014.Indigo_Bunting,4,3,rotation,rotation,0,"{""angle"":2.490916}",5.611691,5.5327516,-0.078939438,0.0036548832,0.0039550913,0.054154593,0.044599205,-0.05049971,-0.040644114,0.0098555963,0.80434098,1.0039539,44.062536,44.236753,False,0.97796011,True,False,False,0.80434098,1.0039539,44.062536,44.236753,0.67527846,0.98045659,33.727677,33.068523,0.97782578,1.0362916,28.354028,29.383041,0.40184568,0.8393192,4.4496517,3.7346781,0.17705051,1.0594828,8.527759,9.0350137,0.5070826,0.93506176,12.6096,11.790755,0.5474845,0.9364762,14.135103,13.237187,0.81026618,0.9981563,26.196011,26.147713
init,init,-1,,762,014.Indigo_Bunting/Indigo_Bunting_0026_11964.jpg,14,13,014.Indigo_Bunting,4,3,random_resized_crop,random_resized_crop,0,"{""area_fraction"":0.688435,""aspect"":0.934372,""fallback"":false,""height"":0.858364,""left"":0.114885,""top"":0.126212,""width"":0.802032}",5.611691,5.5262227,-0.085468292,0.0036548832,0.0039809984,0.054154593,0.02948246,-0.05049971,-0.025501461,0.024998249,0.71593241,0.98144567,44.062536,43.244985,False,0.95613301,True,False,False,0.71593241,0.98144567,44.062536,43.244985,0.56066337,1.0135032,33.727677,34.183108,0.95571834,0.93420806,28.354028,26.488561,0.39905711,1.1362148,4.4496517,5.0557601,0.2709951,1.1168191,8.527759,9.5239637,0.39379236,1.0656138,12.6096,13.436964,0.43254755,1.0416674,14.135103,14.724076,0.68420017,0.97688104,26.196011,25.590386
init,init,-1,,762,014.Indigo_Bunting/Indigo_Bunting_0026_11964.jpg,14,13,014.Indigo_Bunting,4,3,gaussian_blur,gaussian_blur,0,"{""sigma"":1.110462}",5.611691,5.5536704,-0.058020592,0.0036548832,0.0038732144,0.054154593,0.052685451,-0.05049971,-0.048812236,0.0016874739,0.78071593,1.0848972,44.062536,47.803323,False,0.95938456,True,False,False,0.78071593,1.0848972,44.062536,47.803323,0.64840493,1.0615768,33.727677,35.804519,0.95921221,1.1170632,28.354028,31.673241,0.43968709,1.1305645,4.4496517,5.0306184,0.403108,1.2100874,8.527759,10.319334,0.5419126,1.0721738,12.6096,13.519683,0.50647932,1.0688336,14.135103,15.108073,0.75422945,1.0378292,26.196011,27.186984
init,init,-1,,762,014.Indigo_Bunting/Indigo_Bunting_0026_11964.jpg,14,13,014.Indigo_Bunting,4,3,random_erasing,random_erasing,0,"{""area_fraction"":0.114216,""erased"":true,""height"":0.38592,""left"":0.092885,""top"":0.3331,""width"":0.295957}",5.611691,5.8925424,0.28085136,0.0036548832,0.0027599507,0.054154593,0.048496284,-0.05049971,-0.045736333,0.0047633774,0.69853067,1.1201056,44.062536,49.354694,False,0.92658597,True,False,False,0.69853067,1.1201056,44.062536,49.354694,0.56568961,1.1919923,33.727677,40.203132,0.92645811,1.009682,28.354028,28.628552,0.47090923,0.99326416,4.4496517,4.4196796,0.39144991,1.4066652,8.527759,11.995702,0.49971983,1.3473666,12.6096,16.989754,0.51395818,1.2959497,14.135103,18.318383,0.63336343,1.098878,26.196011,28.786221
init,init,-1,,9402,160.Black_throated_Blue_Warbler/Black_Throated_Blue_Warbler_0108_161714.jpg,160,159,160.Black_throated_Blue_Warbler,129,128,identity,identity,0,{},4.8413792,4.8413792,0,0.0078961561,0.0078961561,0.033855628,0.033855628,-0.025959472,-0.025959472,0,1,1,50.752146,50.752146,False,1,True,False,False,1,1,50.752146,50.752146,1,1,41.974841,41.974841,1,1,28.528809,28.528809,1,1,5.7728186,5.7728186,1,1,12.416024,12.416024,1,1,18.303621,18.303621,1,1,18.726852,18.726852,1,1,29.810849,29.810849
init,init,-1,,9402,160.Black_throated_Blue_Warbler/Black_Throated_Blue_Warbler_0108_161714.jpg,160,159,160.Black_throated_Blue_Warbler,129,128,horizontal_flip,horizontal_flip,0,"{""flipped"":true}",4.8413792,4.7109113,-0.13046789,0.0078961561,0.0089965761,0.033855628,0.030254453,-0.025959472,-0.021257877,0.0047015948,0.65652092,1.1539048,50.752146,58.563145,False,0.95816773,True,False,False,0.65652092,1.1539048,50.752146,58.563145,0.53829252,1.2033718,41.974841,50.511339,0.95808959,1.0387824,28.528809,29.635224,0.24759757,1.2439118,5.7728186,7.1808774,0.34541939,1.4379947,12.416024,17.854176,0.51817705,1.2847669,18.303621,23.515888,0.42479526,1.2092678,18.726852,22.645779,0.65419001,1.120232,29.810849,33.395067
init,init,-1,,9402,160.Black_throated_Blue_Warbler/Black_Throated_Blue_Warbler_0108_161714.jpg,160,159,160.Black_throated_Blue_Warbler,129,128,color_jitter,color_jitter,0,"{""brightness"":0.736361,""contrast"":0.849802,""hue"":0.033549,""saturation"":1.25954}",4.8413792,4.9884458,0.14706659,0.0078961561,0.0068162493,0.033855628,0.03126356,-0.025959472,-0.024447311,0.0015121615,0.85879821,1.0344903,50.752146,52.502601,False,0.9795115,True,False,False,0.85879821,1.0344903,50.752146,52.502601,0.8086686,1.0616157,41.974841,44.561151,0.97946047,0.97318364,28.528809,27.76377,0.59170375,1.0322159,5.7728186,5.9587951,0.56398578,1.1219366,12.416024,13.929991,0.81112668,1.1122467,18.303621,20.358142,0.76066123,1.0945153,18.726852,20.496826,0.88449812,1.0183333,29.810849,30.357379
init,init,-1,,9402,160.Black_throated_Blue_Warbler/Black_Throated_Blue_Warbler_0108_161714.jpg,160,159,160.Black_throated_Blue_Warbler,129,128,rotation,rotation,0,"{""angle"":-14.373268}",4.8413792,4.9122562,0.070877075,0.0078961561,0.007355873,0.033855628,0.033114392,-0.025959472,-0.025758519,0.00020095287,0.68447416,0.97708134,50.752146,49.588974,False,0.92176664,True,False,False,0.68447416,0.97708134,50.752146,49.588974,0.57471802,0.97638257,41.974841,40.983504,0.92153515,0.97859228,28.528809,27.918073,0.17306641,0.96769451,5.7728186,5.5863249,0.55152348,1.0517238,12.416024,13.058227,0.51036475,0.98050068,18.303621,17.946713,0.4725212,0.95059207,18.726852,17.801597,0.65840084,0.97160916,29.810849,28.964494
init,init,-1,,9402,160.Black_throated_Blue_Warbler/Black_Throated_Blue_Warbler_0108_161714.jpg,160,159,160.Black_throated_Blue_Warbler,129,128,random_resized_crop,random_resized_crop,0,"{""area_fraction"":0.674418,""aspect"":0.927387,""fallback"":false,""height"":0.852774,""left"":0.098423,""top"":0.035605,""width"":0.790852}",4.8413792,4.7542267,-0.087152481,0.0078961561,0.0086152032,0.033855628,0.033939701,-0.025959472,-0.025324497,0.0006349748,0.70278522,1.145803,50.752146,58.15196,False,0.94383782,True,False,False,0.70278522,1.145803,50.752146,58.15196,0.60101507,1.1743313,41.974841,49.292372,0.94368368,1.081471,28.528809,30.85308,0.16262106,1.2253542,5.7728186,7.0737478,0.36017965,1.3523146,12.416024,16.79037,0.62253586,1.2131931,18.303621,22.205826,0.51372878,1.1731116,18.726852,21.968687,0.69841061,1.1236576,29.810849,33.497187
init,init,-1,,9402,160.Black_throated_Blue_Warbler/Black_Throated_Blue_Warbler_0108_161714.jpg,160,159,160.Black_throated_Blue_Warbler,129,128,gaussian_blur,gaussian_blur,0,"{""sigma"":1.836938}",4.8413792,5.017417,0.17603779,0.0078961561,0.006621609,0.033855628,0.033491906,-0.025959472,-0.026870297,-0.00091082463,0.52313639,1.0922257,50.752146,55.432797,False,0.82544243,True,False,False,0.52313639,1.0922257,50.752146,55.432797,0.41326599,1.1569109,41.974841,48.561152,0.82526481,0.93702409,28.528809,26.732182,0.30228548,1.5207549,5.7728186,8.7790423,0.30652183,1.4759108,12.416024,18.324943,0.31650373,1.2210705,18.303621,22.350011,0.32632296,1.2432064,18.726852,23.281341,0.54181208,1.0084486,29.810849,30.062709
init,init,-1,,9402,160.Black_throated_Blue_Warbler/Black_Throated_Blue_Warbler_0108_161714.jpg,160,159,160.Black_throated_Blue_Warbler,129,128,random_erasing,random_erasing,0,"{""area_fraction"":0.086616,""erased"":true,""height"":0.497371,""left"":0.777019,""top"":0.401858,""width"":0.174147}",4.8413792,4.96105,0.11967087,0.0078961561,0.0070055672,0.033855628,0.022808075,-0.025959472,-0.015802508,0.010156964,0.84749888,1.1108216,50.752146,56.37658,False,0.96438396,False,False,False,0.84749888,1.1108216,50.752146,56.37658,0.79604038,1.1252747,41.974841,47.233228,0.96420658,1.078871,28.528809,30.778904,0.76884789,1.1659811,5.7728186,6.7309972,0.64916084,1.0899962,12.416024,13.533419,0.80300805,1.0993734,18.303621,20.122515,0.75412917,1.1240114,18.726852,21.049194,0.83545576,1.1398009,29.810849,33.978433
init,init,-1,,11244,191.Red_headed_Woodpecker/Red_Headed_Woodpecker_0022_183010.jpg,191,190,191.Red_headed_Woodpecker,129,128,identity,identity,0,{},6.8677402,6.8677402,0,0.0010408263,0.0010408263,0.029056549,0.029056549,-0.028015723,-0.028015723,0,1,1,45.886095,45.886095,False,1,True,False,False,1,1,45.886095,45.886095,1,1,38.706498,38.706498,1,1,24.644283,24.644283,1,1,8.1690808,8.1690808,1,1,11.989017,11.989017,1,1,13.976543,13.976543,1,1,18.472205,18.472205,1,1,27.407234,27.407234
init,init,-1,,11244,191.Red_headed_Woodpecker/Red_Headed_Woodpecker_0022_183010.jpg,191,190,191.Red_headed_Woodpecker,129,128,horizontal_flip,horizontal_flip,0,"{""flipped"":true}",6.8677402,6.5379686,-0.32977152,0.0010408263,0.0014474259,0.029056549,0.031177273,-0.028015723,-0.029729847,-0.0017141243,0.60750199,1.0514558,45.886095,48.247199,False,0.94998932,True,False,False,0.60750199,1.0514558,45.886095,48.247199,0.47718507,1.069261,38.706498,41.38735,0.94993316,1.0061873,24.644283,24.796764,0.23875292,1.014027,8.1690808,8.2836688,0.12667212,1.1889301,11.989017,14.254103,0.36414113,1.2045942,13.976543,16.836062,0.43196249,1.043844,18.472205,19.282101,0.63396503,1.0228403,27.407234,28.033225
init,init,-1,,11244,191.Red_headed_Woodpecker/Red_Headed_Woodpecker_0022_183010.jpg,191,190,191.Red_headed_Woodpecker,129,128,color_jitter,color_jitter,0,"{""brightness"":0.927866,""contrast"":1.353297,""hue"":0.056768,""saturation"":1.23454}",6.8677402,6.6243324,-0.24340773,0.0010408263,0.0013276666,0.029056549,0.019188844,-0.028015723,-0.017861177,0.010154546,0.693252,1.0225957,45.886095,46.922925,False,0.93784159,False,False,False,0.693252,1.0225957,45.886095,46.922925,0.59591391,1.0277747,38.706498,39.781561,0.93774108,1.0097066,24.644283,24.883495,0.34587711,1.2047257,8.1690808,9.8415014,0.29189177,1.0746713,11.989017,12.884252,0.49506623,1.1562044,13.976543,16.159739,0.52173242,0.90761671,18.472205,16.765682,0.74757207,1.0173765,27.407234,27.883475
init,init,-1,,11244,191.Red_headed_Woodpecker/Red_Headed_Woodpecker_0022_183010.jpg,191,190,191.Red_headed_Woodpecker,129,128,rotation,rotation,0,"{""angle"":14.505536}",6.8677402,6.8113852,-0.056355,0.0010408263,0.0011011664,0.029056549,0.018200327,-0.028015723,-0.01709916,0.010916562,0.64784537,0.97927283,45.886095,44.935006,False,0.91140282,False,False,False,0.64784537,0.97927283,45.886095,44.935006,0.53548404,0.96379706,38.706498,37.305209,0.91130542,1.0164415,24.644283,25.049473,0.16019648,0.79579707,8.1690808,6.5009306,0.52231531,1.0661715,11.989017,12.782348,0.35523757,1.0205323,13.976543,14.263513,0.42829516,0.83832774,18.472205,15.485762,0.65777762,0.99440295,27.407234,27.253834
init,init,-1,,11244,191.Red_headed_Woodpecker/Red_Headed_Woodpecker_0022_183010.jpg,191,190,191.Red_headed_Woodpecker,129,128,random_resized_crop,random_resized_crop,0,"{""area_fraction"":0.71796,""aspect"":1.018028,""fallback"":false,""height"":0.839789,""left"":0.114459,""top"":0.059998,""width"":0.854929}",6.8677402,6.6485195,-0.21922064,0.0010408263,0.0012959389,0.029056549,0.026446344,-0.028015723,-0.025150405,0.0028653173,0.75736843,0.96468645,45.886095,44.265694,False,0.96019012,True,False,False,0.75736843,0.96468645,45.886095,44.265694,0.67099573,0.94944783,38.706498,36.7498,0.96015234,1.001286,24.644283,24.675977,0.39064099,0.82434938,8.1690808,6.7341767,0.51319956,0.97404996,11.989017,11.677902,0.56651752,0.934623,13.976543,13.062798,0.62611728,0.89117418,18.472205,16.461952,0.76757165,0.98391948,27.407234,26.966511
init,init,-1,,11244,191.Red_headed_Woodpecker/Red_Headed_Woodpecker_0022_183010.jpg,191,190,191.Red_headed_Woodpecker,129,128,gaussian_blur,gaussian_blur,0,"{""sigma"":1.75277}",6.8677402,6.7023735,-0.16536665,0.0010408263,0.0012279938,0.029056549,0.027751788,-0.028015723,-0.026523795,0.001491928,0.50792841,1.1615735,45.886095,53.300072,False,0.85364997,True,False,False,0.50792841,1.1615735,45.886095,53.300072,0.38169609,1.1928905,38.706498,46.172612,0.85354786,1.0804462,24.644283,26.626821,0.039290468,1.0612923,8.1690808,8.6697825,0.11810608,1.516517,11.989017,18.181548,0.28177093,1.4184667,13.976543,19.82526,0.341907,1.1260152,18.472205,20.799984,0.54008419,1.0949031,27.407234,30.008266
init,init,-1,,11244,191.Red_headed_Woodpecker/Red_Headed_Woodpecker_0022_183010.jpg,191,190,191.Red_headed_Woodpecker,129,128,random_erasing,random_erasing,0,"{""area_fraction"":0.188488,""erased"":true,""height"":0.542711,""left"":0.437391,""top"":0.104569,""width"":0.347308}",6.8677402,7.1449509,0.27721071,0.0010408263,0.00078883697,0.029056549,0.037851918,-0.028015723,-0.037063082,-0.0090473588,0.55773467,1.313377,45.886095,60.265743,False,0.87639409,True,False,False,0.55773467,1.313377,45.886095,60.265743,0.43088826,1.3197248,38.706498,51.081925,0.87603626,1.2975855,24.644283,31.978065,0.48606455,1.3142465,8.1690808,10.736186,0.3938328,1.5271243,11.989017,18.30872,0.34196954,1.5444981,13.976543,21.586743,0.30670926,1.1822471,18.472205,21.838712,0.51895481,1.2723203,27.407234,34.870781
init,init,-1,,617,012.Yellow_headed_Blackbird/Yellow_Headed_Blackbird_0017_8511.jpg,12,11,012.Yellow_headed_Blackbird,129,128,identity,identity,0,{},5.1184149,5.1184149,0,0.0059855008,0.0059855008,0.047966234,0.047966234,-0.041980734,-0.041980734,0,1,1,51.909936,51.909936,False,0.99999988,True,False,False,1,1,51.909936,51.909936,1,1,41.20896,41.20896,1,1,31.566803,31.566803,1,1,9.4584488,9.4584488,1,1,14.93641,14.93641,1,1,17.412111,17.412111,1,1,15.972182,15.972182,1,1,28.763303,28.763303
init,init,-1,,617,012.Yellow_headed_Blackbird/Yellow_Headed_Blackbird_0017_8511.jpg,12,11,012.Yellow_headed_Blackbird,129,128,horizontal_flip,horizontal_flip,0,"{""flipped"":true}",5.1184149,5.1950459,0.076631069,0.0059855008,0.0055439617,0.047966234,0.040563889,-0.041980734,-0.035019927,0.0069608064,0.70659054,0.9873307,51.909936,51.252274,False,0.95968962,True,False,False,0.70659054,0.9873307,51.909936,51.252274,0.56701245,1.0080194,41.20896,41.539432,0.95948284,0.95103641,31.566803,30.021179,0.062487071,0.93885165,9.4584488,8.8800803,0.48169306,1.1002689,14.93641,16.434068,0.61459094,1.1068237,17.412111,19.272137,0.41445296,0.97147276,15.972182,15.51654,0.67673243,0.96122466,28.763303,27.647996
init,init,-1,,617,012.Yellow_headed_Blackbird/Yellow_Headed_Blackbird_0017_8511.jpg,12,11,012.Yellow_headed_Blackbird,129,128,color_jitter,color_jitter,0,"{""brightness"":1.237863,""contrast"":1.326028,""hue"":-0.094601,""saturation"":0.8988}",5.1184149,5.2584305,0.1400156,0.0059855008,0.005203465,0.047966234,0.052050568,-0.041980734,-0.046847103,-0.0048663695,0.77766569,1.0370515,51.909936,53.833276,False,0.94009906,True,False,False,0.77766569,1.0370515,51.909936,53.833276,0.67921837,1.0232785,41.20896,42.168245,0.93991343,1.0601112,31.566803,33.464321,0.80356999,1.2977847,9.4584488,12.27503,0.50758768,0.92087198,14.93641,13.754522,0.5693487,0.9898564,17.412111,17.235489,0.62341159,1.0193028,15.972182,16.280491,0.76313146,1.0291015,28.763303,29.600357
init,init,-1,,617,012.Yellow_headed_Blackbird/Yellow_Headed_Blackbird_0017_8511.jpg,12,11,012.Yellow_headed_Blackbird,129,128,rotation,rotation,0,"{""angle"":2.508772}",5.1184149,5.2266579,0.10824299,0.0059855008,0.0053714486,0.047966234,0.030112894,-0.041980734,-0.024741446,0.017239288,0.82321413,0.987491,51.909936,51.260595,False,0.96074164,True,False,False,0.82321413,0.987491,51.909936,51.260595,0.74762528,1.0078416,41.20896,41.532106,0.9604836,0.95180723,31.566803,30.045511,0.87598545,1.1887998,9.4584488,11.244202,0.64465105,1.0592864,14.93641,15.821937,0.7347917,0.99904067,17.412111,17.395407,0.63735009,0.99716441,15.972182,15.926892,0.80225204,0.978345,28.763303,28.140433
init,init,-1,,617,012.Yellow_headed_Blackbird/Yellow_Headed_Blackbird_0017_8511.jpg,12,11,012.Yellow_headed_Blackbird,129,128,random_resized_crop,random_resized_crop,0,"{""area_fraction"":0.679459,""aspect"":1.104992,""fallback"":false,""height"":0.784156,""left"":0.062756,""top"":0.185621,""width"":0.866485}",5.1184149,5.234705,0.11629009,0.0059855008,0.0053283982,0.047966234,0.045466512,-0.041980734,-0.040138114,0.0018426194,0.72987871,1.0711719,51.909936,55.604462,False,0.95171338,True,False,False,0.72987871,1.0711719,51.909936,55.604462,0.60166437,1.0767617,41.20896,44.372228,0.95155427,1.0615779,31.566803,33.510619,0.074320158,1.0475824,9.4584488,9.9085042,0.33054205,1.2680511,14.93641,18.940132,0.66263595,1.1274107,17.412111,19.630599,0.53473189,1.0355797,15.972182,16.540468,0.75221335,1.0154206,28.763303,29.20685
init,init,-1,,617,012.Yellow_headed_Blackbird/Yellow_Headed_Blackbird_0017_8511.jpg,12,11,012.Yellow_headed_Blackbird,129,128,gaussian_blur,gaussian_blur,0,"{""sigma"":1.972415}",5.1184149,5.7629509,0.64453602,0.0059855008,0.0031418279,0.047966234,0.024481647,-0.041980734,-0.021339819,0.020640915,0.64401594,1.1813133,51.909936,61.321899,False,0.90215099,False,False,False,0.64401594,1.1813133,51.909936,61.321899,0.53418312,1.2810552,41.20896,52.790952,0.90155212,0.98840584,31.566803,31.200812,0.45687507,0.9378749,9.4584488,8.8708417,0.38442918,1.588751,14.93641,23.730237,0.47672123,1.4560432,17.412111,25.352786,0.49024031,1.3987983,15.972182,22.341862,0.66093325,1.101142,28.763303,31.672481
init,init,-1,,617,012.Yellow_headed_Blackbird/Yellow_Headed_Blackbird_0017_8511.jpg,12,11,012.Yellow_headed_Blackbird,129,128,random_erasing,random_erasing,0,"{""area_fraction"":0.182272,""erased"":true,""height"":0.335969,""left"":0.116338,""top"":0.407113,""width"":0.542528}",5.1184149,5.9233303,0.80491543,0.0059855008,0.0026762735,0.047966234,0.031008331,-0.041980734,-0.028332058,0.013648676,0.68784981,1.0764927,51.909936,55.880668,False,0.87401998,False,False,False,0.68784981,1.0764927,51.909936,55.880668,0.58644354,1.1021035,41.20896,45.41654,0.87349359,1.0313823,31.566803,32.55744,0.48523587,0.58315046,9.4584488,5.5156988,0.44495536,1.0398211,14.93641,15.531194,0.64956375,1.1100059,17.412111,19.327545,0.52741603,1.21904,15.972182,19.470729,0.63269004,1.1203012,28.763303,32.223561
init,init,-1,,10429,178.Swainson_Warbler/Swainson_Warbler_0025_794881.jpg,178,177,178.Swainson_Warbler,129,128,identity,identity,0,{},6.9450932,6.9450932,0,0.00096335058,0.00096335058,0.032535657,0.032535657,-0.031572307,-0.031572307,0,1,1,52.77588,52.77588,False,0.99999994,True,False,False,1,1,52.77588,52.77588,1,1,44.336592,44.336592,1,1,28.62796,28.62796,1,1,7.4543088,7.4543088,1,1,15.199946,15.199946,1,1,18.656969,18.656969,1,1,19.21897,19.21897,1,1,31.010917,31.010917
init,init,-1,,10429,178.Swainson_Warbler/Swainson_Warbler_0025_794881.jpg,178,177,178.Swainson_Warbler,129,128,horizontal_flip,horizontal_flip,0,"{""flipped"":true}",6.9450932,6.6794386,-0.26565456,0.00096335058,0.0012564831,0.032535657,0.022988671,-0.031572307,-0.021732188,0.0098401184,0.66627475,0.9567115,52.77588,50.491291,False,0.95729637,True,False,False,0.66627475,0.9567115,52.77588,50.491291,0.54784614,0.96320048,44.336592,42.705026,0.95716982,0.94096518,28.62796,26.937914,0.67128553,1.2038985,7.4543088,8.9742308,0.3404547,0.88816142,15.199946,13.500006,0.43624885,0.9188821,18.656969,17.143555,0.44930074,1.0033443,19.21897,19.283244,0.66442289,0.96481125,31.010917,29.919681
init,init,-1,,10429,178.Swainson_Warbler/Swainson_Warbler_0025_794881.jpg,178,177,178.Swainson_Warbler,129,128,color_jitter,color_jitter,0,"{""brightness"":1.223365,""contrast"":0.836123,""hue"":-0.045924,""saturation"":1.163952}",6.9450932,7.0497217,0.10462856,0.00096335058,0.00086765061,0.032535657,0.034162808,-0.031572307,-0.033295158,-0.0017228509,0.9157369,0.98955401,52.77588,52.224583,False,0.99120361,True,False,False,0.9157369,0.98955401,52.77588,52.224583,0.8827039,0.96847552,44.336592,42.938904,0.99117092,1.0383688,28.62796,29.72638,0.41598039,0.73177271,7.4543088,5.4548597,0.8545317,0.93013631,15.199946,14.138022,0.86592229,0.92796329,18.656969,17.312983,0.85383173,0.99100321,19.21897,19.046061,0.92790746,0.99475659,31.010917,30.848314
init,init,-1,,10429,178.Swainson_Warbler/Swainson_Warbler_0025_794881.jpg,178,177,178.Swainson_Warbler,129,128,rotation,rotation,0,"{""angle"":10.982608}",6.9450932,6.7738714,-0.17122173,0.00096335058,0.0011432599,0.032535657,0.035007939,-0.031572307,-0.033864679,-0.0022923721,0.63734749,1.0164857,52.77588,53.645928,False,0.9008674,True,False,False,0.63734749,1.0164857,52.77588,53.645928,0.53093748,1.0254853,44.336592,45.466524,0.90072097,0.99456812,28.62796,28.472457,0.20440436,1.2453085,7.4543088,9.2829141,0.48450861,1.0843778,15.199946,16.482484,0.44782944,0.96318462,18.656969,17.970106,0.40479931,1.0444349,19.21897,20.072962,0.64619251,1.0112886,31.010917,31.360988
init,init,-1,,10429,178.Swainson_Warbler/Swainson_Warbler_0025_794881.jpg,178,177,178.Swainson_Warbler,129,128,random_resized_crop,random_resized_crop,0,"{""area_fraction"":0.512389,""aspect"":0.775215,""fallback"":false,""height"":0.812997,""left"":0.213095,""top"":0.002451,""width"":0.630247}",6.9450932,6.8817325,-0.063360691,0.00096335058,0.0010263643,0.032535657,0.038044114,-0.031572307,-0.037017749,-0.0054454427,0.57369169,1.1248046,52.77588,59.362553,False,0.89152116,True,False,False,0.57369169,1.1248046,52.77588,59.362553,0.44722546,1.1392605,44.336592,50.510926,0.89133297,1.0893503,28.62796,31.185878,0.40070227,1.5342939,7.4543088,11.437101,0.25287779,1.3381457,15.199946,20.339742,0.3042347,1.1696162,18.656969,21.821493,0.37238137,1.1836342,19.21897,22.748231,0.61042422,1.0264294,31.010917,31.830515
init,init,-1,,10429,178.Swainson_Warbler/Swainson_Warbler_0025_794881.jpg,178,177,178.Swainson_Warbler,129,128,gaussian_blur,gaussian_blur,0,"{""sigma"":1.974932}",6.9450932,6.4592762,-0.48581696,0.00096335058,0.001565929,0.032535657,0.026819563,-0.031572307,-0.025253634,0.0063186732,0.66278745,0.96616345,52.77588,50.990126,False,0.90891188,True,False,False,0.66278745,0.96616345,52.77588,50.990126,0.56975188,0.99032006,44.336592,43.907416,0.90873023,0.9056008,28.62796,25.925504,0.42719429,1.2590579,7.4543088,9.3854065,0.34946521,1.0461137,15.199946,15.900872,0.45781678,1.0138406,18.656969,18.915192,0.51275121,1.0091905,19.21897,19.395602,0.70895073,0.94178264,31.010917,29.205543
init,init,-1,,10429,178.Swainson_Warbler/Swainson_Warbler_0025_794881.jpg,178,177,178.Swainson_Warbler,129,128,random_erasing,random_erasing,0,"{""area_fraction"":0.164736,""erased"":true,""height"":0.266116,""left"":0.010131,""top"":0.723755,""width"":0.619038}",6.9450932,6.8839068,-0.061186314,0.00096335058,0.001024135,0.032535657,0.034849226,-0.031572307,-0.033825091,-0.0022527847,0.91380214,0.97441186,52.77588,51.425443,False,0.98205352,True,False,False,0.91380214,0.97441186,52.77588,51.425443,0.88454148,0.96434539,44.336592,42.755788,0.98198684,0.99814282,28.62796,28.574793,0.74488189,0.97244121,7.4543088,7.248877,0.83006729,0.95218737,15.199946,14.473197,0.87867075,0.89667365,18.656969,16.729213,0.86162926,0.94639452,19.21897,18.188728,0.91650469,0.99670051,31.010917,30.908597
init,init,-1,,7544,129.Song_Sparrow/Song_Sparrow_0007_121133.jpg,129,128,129.Song_Sparrow,140,139,identity,identity,0,{},3.4880073,3.4880073,0,0.030561715,0.030561715,0.028605672,0.028605672,0.0019560438,0.0019560438,0,1,1,48.200376,48.200376,False,1.0000001,True,True,True,1,1,48.200376,48.200376,1,1,38.049425,38.049425,1,1,29.589146,29.589146,1,1,3.264489,3.264489,1,1,11.481531,11.481531,1,1,15.445954,15.445954,1,1,16.516978,16.516978,1,1,28.176023,28.176023
init,init,-1,,7544,129.Song_Sparrow/Song_Sparrow_0007_121133.jpg,129,128,129.Song_Sparrow,140,139,horizontal_flip,horizontal_flip,0,"{""flipped"":true}",3.4880073,3.4206848,-0.067322493,0.030561715,0.032690041,0.028605672,0.027557535,0.0019560438,0.0051325057,0.0031764619,0.71739022,0.99839776,48.200376,48.123148,False,0.97231746,True,True,True,0.71739022,0.99839776,48.200376,48.123148,0.56722676,1.0078233,38.049425,38.347097,0.97221651,0.98261332,29.589146,29.074689,0.43458521,1.5139391,3.264489,4.9422374,0.4304705,1.119094,11.481531,12.848912,0.36526461,0.98781011,15.445954,15.25767,0.41798215,1.0370926,16.516978,17.129636,0.71410796,0.97504434,28.176023,27.472871
init,init,-1,,7544,129.Song_Sparrow/Song_Sparrow_0007_121133.jpg,129,128,129.Song_Sparrow,140,139,color_jitter,color_jitter,0,"{""brightness"":0.73791,""contrast"":1.374197,""hue"":0.098769,""saturation"":0.64796}",3.4880073,3.5884688,0.10046148,0.030561715,0.027640622,0.028605672,0.025181547,0.0019560438,0.0024590753,0.00050303154,0.85098718,1.0413078,48.200376,50.191428,False,0.97784829,True,True,True,0.85098718,1.0413078,48.200376,50.191428,0.7856204,1.0875309,38.049425,41.379926,0.97775437,0.96000251,29.589146,28.405654,0.37836244,2.1537954,3.264489,7.0310412,0.60474032,1.36678,11.481531,15.692727,0.73899275,1.1151523,15.445954,17.224591,0.76650297,1.0975444,16.516978,18.128117,0.87458545,0.99835968,28.176023,28.129805
init,init,-1,,7544,129.Song_Sparrow/Song_Sparrow_0007_121133.jpg,129,128,129.Song_Sparrow,140,139,rotation,rotation,0,"{""angle"":-11.949574}",3.4880073,3.6326103,0.14460301,0.030561715,0.02644706,0.028605672,0.020140788,0.0019560438,0.006306272,0.0043502282,0.76466378,0.99948538,48.200376,48.175571,False,0.95176494,False,True,False,0.76466378,0.99948538,48.200376,48.175571,0.65082249,0.99673851,38.049425,37.925327,0.95156108,1.0040111,29.589146,29.707831,0.41544454,1.5329855,3.264489,5.0044144,0.54119257,1.0910321,11.481531,12.526719,0.58976563,0.9306934,15.445954,14.375448,0.49852674,0.95427343,16.516978,15.761713,0.74450368,1.0046462,28.176023,28.306934
init,init,-1,,7544,129.Song_Sparrow/Song_Sparrow_0007_121133.jpg,129,128,129.Song_Sparrow,140,139,random_resized_crop,random_resized_crop,0,"{""area_fraction"":0.652178,""aspect"":1.007823,""fallback"":false,""height"":0.804435,""left"":0.072411,""top"":0.021163,""width"":0.810728}",3.4880073,3.5007262,0.012718916,0.030561715,0.030175464,0.028605672,0.026372764,0.0019560438,0.0038027,0.0018466562,0.73936906,1.0510804,48.200376,50.662469,False,0.95907092,True,True,True,0.73936906,1.0510804,48.200376,50.662469,0.61361109,1.0709766,38.049425,40.750045,0.95890982,1.0173265,29.589146,30.101821,0.38264482,1.3918812,3.264489,4.5437807,0.37752353,1.127883,11.481531,12.949824,0.43097371,1.0223636,15.445954,15.791382,0.50010692,1.0795417,16.516978,17.830767,0.75178047,1.0676404,28.176023,30.08186
init,init,-1,,7544,129.Song_Sparrow/Song_Sparrow_0007_121133.jpg,129,128,129.Song_Sparrow,140,139,gaussian_blur,gaussian_blur,0,"{""sigma"":1.266566}",3.4880073,3.4409595,-0.047047853,0.030561715,0.032033935,0.028605672,0.024102496,0.0019560438,0.0079314392,0.0059753954,0.75570914,1.0752587,48.200376,51.827873,False,0.94925362,True,True,True,0.75570914,1.0752587,48.200376,51.827873,0.6539393,1.1214811,38.049425,42.67171,0.94913183,0.99412107,29.589146,29.415193,0.43052857,1.8596147,3.264489,6.0706917,0.42989962,1.4037392,11.481531,16.117076,0.58812591,1.1709771,15.445954,18.086859,0.59865845,1.1039289,16.516978,18.233569,0.75927565,1.0436238,28.176023,29.405168
init,init,-1,,7544,129.Song_Sparrow/Song_Sparrow_0007_121133.jpg,129,128,129.Song_Sparrow,140,139,random_erasing,random_erasing,0,"{""area_fraction"":0.096135,""erased"":true,""height"":0.333328,""left"":0.037072,""top"":0.100741,""width"":0.288411}",3.4880073,3.4576898,-0.030317545,0.030561715,0.031502459,0.028605672,0.026233844,0.0019560438,0.0052686147,0.003312571,0.9038072,1.0738407,48.200376,51.759528,False,0.98848492,True,True,True,0.9038072,1.0738407,48.200376,51.759528,0.86022902,1.1177919,38.049425,42.531338,0.98845122,0.99692078,29.589146,29.498034,0.6871704,1.4730088,3.264489,4.808621,0.77067013,1.4466008,11.481531,16.609192,0.86737577,1.2317365,15.445954,19.025346,0.82825675,1.0796381,16.516978,17.832358,0.90609911,1.0224721,28.176023,28.809196
init,init,-1,,6861,118.House_Sparrow/House_Sparrow_0006_111034.jpg,118,117,118.House_Sparrow,129,128,identity,identity,0,{},5.3607693,5.3607693,0,0.0046972902,0.0046972902,0.028721947,0.028721947,-0.024024657,-0.024024657,0,1,1,49.83801,49.83801,False,0.99999994,True,False,False,1,1,49.83801,49.83801,1,1,40.349248,40.349248,1,1,29.253467,29.253467,1,1,4.7501747,4.7501747,1,1,14.822345,14.822345,1,1,16.537708,16.537708,1,1,17.233529,17.233529,1,1,28.553554,28.553554
init,init,-1,,6861,118.House_Sparrow/House_Sparrow_0006_111034.jpg,118,117,118.House_Sparrow,129,128,horizontal_flip,horizontal_flip,0,"{""flipped"":true}",5.3607693,5.3435898,-0.017179489,0.0046972902,0.0047786855,0.028721947,0.033127554,-0.024024657,-0.028348868,-0.0043242113,0.68422359,0.97653464,49.83801,48.668543,False,0.97366178,True,False,False,0.68422359,0.97653464,49.83801,48.668543,0.52315557,0.95576671,40.349248,38.564468,0.9735941,1.0148722,29.253467,29.68853,0.2678361,0.92270326,4.7501747,4.3830017,0.066372998,0.85788893,14.822345,12.715926,0.43950133,1.0203841,16.537708,16.874815,0.4608342,0.97831956,17.233529,16.859899,0.69573593,0.95095753,28.553554,27.153217
init,init,-1,,6861,118.House_Sparrow/House_Sparrow_0006_111034.jpg,118,117,118.House_Sparrow,129,128,color_jitter,color_jitter,0,"{""brightness"":1.222253,""contrast"":0.849341,""hue"":0.046402,""saturation"":1.330313}",5.3607693,5.3460941,-0.01467514,0.0046972902,0.0047667329,0.028721947,0.02557254,-0.024024657,-0.020805807,0.0032188497,0.85390425,0.97382745,49.83801,48.533622,False,0.97328722,True,False,False,0.85390425,0.97382745,49.83801,48.533622,0.78919291,0.96225112,40.349248,38.82611,0.9732246,0.99547937,29.253467,29.121223,0.61746993,1.0569266,4.7501747,5.0205861,0.68977256,0.8528413,14.822345,12.641108,0.7422981,1.0116177,16.537708,16.729838,0.72547346,0.93091572,17.233529,16.042963,0.85792314,0.98136287,28.553554,28.021398
init,init,-1,,6861,118.House_Sparrow/House_Sparrow_0006_111034.jpg,118,117,118.House_Sparrow,129,128,rotation,rotation,0,"{""angle"":-14.68755}",5.3607693,5.6191769,0.25840759,0.0046972902,0.0036276258,0.028721947,0.03924755,-0.024024657,-0.035619924,-0.011595267,0.68269578,1.1040089,49.83801,55.021608,False,0.92888349,True,False,False,0.68269578,1.1040089,49.83801,55.021608,0.55182963,1.0992837,40.349248,44.355271,0.92864211,1.1129432,29.253467,32.557446,0.34167581,1.2564477,4.7501747,5.9683462,0.36397193,0.96276548,14.822345,14.270442,0.4841342,1.1303799,16.537708,18.693893,0.46804681,1.1036482,17.233529,19.019753,0.65658299,1.116815,28.553554,31.889038
init,init,-1,,6861,118.House_Sparrow/House_Sparrow_0006_111034.jpg,118,117,118.House_Sparrow,129,128,random_resized_crop,random_resized_crop,0,"{""area_fraction"":0.515204,""aspect"":1.141103,""fallback"":false,""height"":0.671935,""left"":0.187562,""top"":0.122732,""width"":0.766747}",5.3607693,5.4450521,0.084282875,0.0046972902,0.0043176133,0.028721947,0.037765641,-0.024024657,-0.033448027,-0.0094233705,0.69732661,1.167038,49.83801,58.16285,False,0.95193768,True,False,False,0.69732661,1.167038,49.83801,58.16285,0.57008105,1.185734,40.349248,47.843477,0.95173428,1.1306162,29.253467,33.074443,0.54109802,1.3357589,4.7501747,6.345088,0.43732249,1.063254,14.822345,15.759918,0.47519125,1.2966933,16.537708,21.444336,0.47985343,1.264999,17.233529,21.800398,0.67949371,1.143049,28.553554,32.63811
init,init,-1,,6861,118.House_Sparrow/House_Sparrow_0006_111034.jpg,118,117,118.House_Sparrow,129,128,gaussian_blur,gaussian_blur,0,"{""sigma"":1.513366}",5.3607693,5.5414457,0.18067646,0.0046972902,0.0039208527,0.028721947,0.034066621,-0.024024657,-0.030145769,-0.0061211116,0.68653939,1.1414837,49.83801,56.889278,False,0.93920493,True,False,False,0.68653939,1.1414837,49.83801,56.889278,0.57484584,1.1964485,40.349248,48.275798,0.93903832,1.0288397,29.253467,30.09713,0.53319103,1.9790403,4.7501747,9.4007871,0.41602945,1.2979004,14.822345,19.237929,0.46786104,1.3873843,16.537708,22.944157,0.51527466,1.2138513,17.233529,20.918942,0.71361093,1.0553418,28.553554,30.13376
init,init,-1,,6861,118.House_Sparrow/House_Sparrow_0006_111034.jpg,118,117,118.House_Sparrow,129,128,random_erasing,random_erasing,0,"{""area_fraction"":0.182583,""erased"":true,""height"":0.239084,""left"":0.026037,""top"":0.284609,""width"":0.763679}",5.3607693,5.6907511,0.3299818,0.0046972902,0.0033770551,0.028721947,0.032240517,-0.024024657,-0.028863462,-0.0048388054,0.47943352,1.1501772,49.83801,57.322543,False,0.82212591,True,False,False,0.47943352,1.1501772,49.83801,57.322543,0.33335712,1.2186667,40.349248,49.172284,0.82180263,1.0071,29.253467,29.461168,-0.075233199,1.2342071,4.7501747,5.8626993,0.16838836,1.3894581,14.822345,20.595028,0.20382387,1.3053013,16.537708,21.586692,0.26376881,1.1775478,17.233529,20.293304,0.47610006,1.1517809,28.553554,32.887439
init,init,-1,,9382,160.Black_throated_Blue_Warbler/Black_Throated_Blue_Warbler_0060_161644.jpg,160,159,160.Black_throated_Blue_Warbler,129,128,identity,identity,0,{},4.6869159,4.6869159,0,0.0092150616,0.0092150616,0.030637227,0.030637227,-0.021422165,-0.021422165,0,1,1,40.961976,40.961976,False,0.99999994,True,False,False,1,1,40.961976,40.961976,1,1,34.521211,34.521211,1,1,22.049252,22.049252,1,1,6.4587511,6.4587511,1,1,13.830498,13.830498,1,1,13.16535,13.16535,1,1,15.538584,15.538584,1,1,23.322561,23.322561
init,init,-1,,9382,160.Black_throated_Blue_Warbler/Black_Throated_Blue_Warbler_0060_161644.jpg,160,159,160.Black_throated_Blue_Warbler,129,128,horizontal_flip,horizontal_flip,0,"{""flipped"":true}",4.6869159,4.5726547,-0.11426115,0.0092150616,0.0103305,0.030637227,0.033389762,-0.021422165,-0.023059262,-0.0016370965,0.66903177,1.1739338,40.961976,48.086648,False,0.96236587,True,False,False,0.66903177,1.1739338,40.961976,48.086648,0.54974497,1.1749336,34.521211,40.56013,0.96229555,1.1714794,22.049252,25.830245,0.4665078,1.1426215,6.4587511,7.3799082,0.3124898,1.0005567,13.830498,13.838197,0.43919086,1.2906554,13.16535,16.991929,0.46901754,1.1784303,15.538584,18.31114,0.70226485,1.1937527,23.322561,27.84137
init,init,-1,,9382,160.Black_throated_Blue_Warbler/Black_Throated_Blue_Warbler_0060_161644.jpg,160,159,160.Black_throated_Blue_Warbler,129,128,color_jitter,color_jitter,0,"{""brightness"":0.742525,""contrast"":1.064009,""hue"":-0.001621,""saturation"":0.805106}",4.6869159,4.5694237,-0.1174922,0.0092150616,0.010363935,0.030637227,0.030477969,-0.021422165,-0.020114034,0.001308131,0.91036245,1.0461259,40.961976,42.851384,False,0.99309528,True,False,False,0.91036245,1.0461259,40.961976,42.851384,0.87857932,1.0608755,34.521211,36.622706,0.99309325,1.0090597,22.049252,22.249012,0.61478676,0.89603227,6.4587511,5.7872494,0.89243393,1.1217754,13.830498,15.514712,0.81795138,1.0951615,13.16535,14.418184,0.85242407,1.0703781,15.538584,16.63216,0.92506106,1.0348465,23.322561,24.13527
init,init,-1,,9382,160.Black_throated_Blue_Warbler/Black_Throated_Blue_Warbler_0060_161644.jpg,160,159,160.Black_throated_Blue_Warbler,129,128,rotation,rotation,0,"{""angle"":-13.907652}",4.6869159,5.2232232,0.53630733,0.0092150616,0.0053899274,0.030637227,0.042337149,-0.021422165,-0.036947222,-0.015525057,0.64359998,1.2456855,40.961976,51.02574,False,0.93899065,True,False,False,0.64359998,1.2456855,40.961976,51.02574,0.52044989,1.2372716,34.521211,42.712114,0.9387224,1.2660734,22.049252,27.915971,0.26123791,1.4633178,6.4587511,9.4512052,0.45627111,0.97720246,13.830498,13.515197,0.40261108,1.3990965,13.16535,18.419594,0.41468268,1.2543366,15.538584,19.490615,0.65795224,1.2376318,23.322561,28.864743
init,init,-1,,9382,160.Black_throated_Blue_Warbler/Black_Throated_Blue_Warbler_0060_161644.jpg,160,159,160.Black_throated_Blue_Warbler,129,128,random_resized_crop,random_resized_crop,0,"{""area_fraction"":0.806718,""aspect"":0.855393,""fallback"":false,""height"":0.971132,""left"":0.127585,""top"":0.014316,""width"":0.830699}",4.6869159,4.9507532,0.26383734,0.0092150616,0.0070780772,0.030637227,0.032077864,-0.021422165,-0.024999787,-0.0035776212,0.75554578,1.1279342,40.961976,46.202415,False,0.95868319,True,False,False,0.75554578,1.1279342,40.961976,46.202415,0.67293675,1.1289039,34.521211,38.97113,0.95864473,1.1255538,22.049252,24.817618,0.22696235,1.2204984,6.4587511,7.8828953,0.64192235,1.1236743,13.830498,15.540975,0.57828341,1.1992734,13.16535,15.788854,0.62563527,1.1100525,15.538584,17.248644,0.77606991,1.1084194,23.322561,25.851178
init,init,-1,,9382,160.Black_throated_Blue_Warbler/Black_Throated_Blue_Warbler_0060_161644.jpg,160,159,160.Black_throated_Blue_Warbler,129,128,gaussian_blur,gaussian_blur,0,"{""sigma"":1.865611}",4.6869159,4.8554835,0.16856766,0.0092150616,0.007785568,0.030637227,0.028121583,-0.021422165,-0.020336015,0.0010861503,0.61972342,1.2351748,40.961976,50.5952,False,0.89909053,True,False,False,0.61972342,1.2351748,40.961976,50.5952,0.5076705,1.2409854,34.521211,42.840319,0.89898865,1.2208146,22.049252,26.918048,0.56390004,1.1734696,6.4587511,7.5791483,0.53936798,1.1215884,13.830498,15.512127,0.36841215,1.3460347,13.16535,17.721018,0.41605622,1.3033574,15.538584,20.252329,0.58734496,1.2225809,23.322561,28.513718
init,init,-1,,9382,160.Black_throated_Blue_Warbler/Black_Throated_Blue_Warbler_0060_161644.jpg,160,159,160.Black_throated_Blue_Warbler,129,128,random_erasing,random_erasing,0,"{""area_fraction"":0.069281,""erased"":true,""height"":0.243293,""left"":0.303273,""top"":0.286732,""width"":0.284763}",4.6869159,4.9411411,0.25422525,0.0092150616,0.0071464395,0.030637227,0.02614825,-0.021422165,-0.019001811,0.0024203546,0.62859082,1.1585055,40.961976,47.454675,False,0.87832117,True,False,False,0.62859082,1.1585055,40.961976,47.454675,0.54204612,1.2028523,34.521211,41.523918,0.87831492,1.0418471,22.049252,22.971949,0.36696493,1.1893906,6.4587511,7.6819776,0.55801393,1.1112689,13.830498,15.369403,0.49728113,1.1961379,13.16535,15.747574,0.47850176,1.2297782,15.538584,19.109013,0.59294058,1.2247083,23.322561,28.563333
init,init,-1,,1415,026.Bronzed_Cowbird/Bronzed_Cowbird_0052_796216.jpg,26,25,026.Bronzed_Cowbird,129,128,identity,identity,0,{},5.2548008,5.2548008,0,0.0052223853,0.0052223853,0.020071916,0.020071916,-0.014849531,-0.014849531,0,1,1,46.812796,46.812796,False,0.99999988,True,False,False,1,1,46.812796,46.812796,1,1,39.453387,39.453387,1,1,25.19659,25.19659,1,1,8.2243183,8.2243183,1,1,14.417888,14.417888,1,1,15.589647,15.589647,1,1,16.110835,16.110835,1,1,27.900874,27.900874
init,init,-1,,1415,026.Bronzed_Cowbird/Bronzed_Cowbird_0052_796216.jpg,26,25,026.Bronzed_Cowbird,129,128,horizontal_flip,horizontal_flip,0,"{""flipped"":true}",5.2548008,5.3290539,0.074253082,0.0052223853,0.0048486562,0.020071916,0.020342778,-0.014849531,-0.015494122,-0.00064459117,0.65834892,1.1043384,46.812796,51.697166,False,0.97333646,True,False,False,0.65834892,1.1043384,46.812796,51.697166,0.5360601,1.1191229,39.453387,44.15319,0.97329189,1.0672232,25.19659,26.890385,-0.080935454,1.3462583,8.2243183,11.072057,0.39013727,1.2525562,14.417888,18.059216,0.51349825,1.0954327,15.589647,17.077408,0.41467431,1.1196902,16.110835,18.039145,0.70214421,1.0654718,27.900874,29.727594
init,init,-1,,1415,026.Bronzed_Cowbird/Bronzed_Cowbird_0052_796216.jpg,26,25,026.Bronzed_Cowbird,129,128,color_jitter,color_jitter,0,"{""brightness"":0.871978,""contrast"":1.01534,""hue"":0.053105,""saturation"":0.844938}",5.2548008,5.1476135,-0.10718727,0.0052223853,0.005813261,0.020071916,0.019698041,-0.014849531,-0.01388478,0.00096475147,0.91025459,1.0575679,46.812796,49.507713,False,0.98660576,True,False,False,0.91025459,1.0575679,46.812796,49.507713,0.88155839,1.0764079,39.453387,42.467939,0.98658569,1.0098898,25.19659,25.44578,0.90286675,1.2590548,8.2243183,10.354867,0.82587666,1.1520376,14.417888,16.60995,0.84003499,1.1050891,15.589647,17.227949,0.85448273,1.0959397,16.110835,17.656503,0.92291549,1.0212268,27.900874,28.493119
init,init,-1,,1415,026.Bronzed_Cowbird/Bronzed_Cowbird_0052_796216.jpg,26,25,026.Bronzed_Cowbird,129,128,rotation,rotation,0,"{""angle"":4.136004}",5.2548008,5.1743145,-0.080486298,0.0052223853,0.0056600948,0.020071916,0.019426385,-0.014849531,-0.01376629,0.0010832408,0.80637013,1.063508,46.812796,49.785784,False,0.95497686,True,False,False,0.80637013,1.063508,46.812796,49.785784,0.7489009,1.078012,39.453387,42.531226,0.95494053,1.0270807,25.19659,25.878933,0.77360946,1.3094432,8.2243183,10.769278,0.68693929,1.0492904,14.417888,15.128551,0.66679763,1.1105128,15.589647,17.312502,0.68182647,1.1252467,16.110835,18.128664,0.81728922,1.0361035,27.900874,28.908192
init,init,-1,,1415,026.Bronzed_Cowbird/Bronzed_Cowbird_0052_796216.jpg,26,25,026.Bronzed_Cowbird,129,128,random_resized_crop,random_resized_crop,0,"{""area_fraction"":0.540552,""aspect"":0.838546,""fallback"":false,""height"":0.802889,""left"":0.20602,""top"":0.134134,""width"":0.673259}",5.2548008,5.6225958,0.36779499,0.0052223853,0.0036152448,0.020071916,0.023097454,-0.014849531,-0.019482209,-0.0046326779,0.69773459,1.0510017,46.812796,49.200328,False,0.93550497,True,False,False,0.69773459,1.0510017,46.812796,49.200328,0.60758694,1.0709066,39.453387,42.250894,0.93547419,1.0005244,25.19659,25.209804,0.57602093,1.5874967,8.2243183,13.056078,0.54055914,1.2056115,14.417888,17.382373,0.5313281,1.1248698,15.589647,17.536323,0.51546399,1.0404875,16.110835,16.763123,0.70732909,0.96439068,27.900874,26.907342
init,init,-1,,1415,026.Bronzed_Cowbird/Bronzed_Cowbird_0052_796216.jpg,26,25,026.Bronzed_Cowbird,129,128,gaussian_blur,gaussian_blur,0,"{""sigma"":1.694529}",5.2548008,5.192162,-0.06263876,0.0052223853,0.005559973,0.020071916,0.02514457,-0.014849531,-0.019584597,-0.0047350656,0.60612362,1.0837748,46.812796,50.734529,False,0.87570786,True,False,False,0.60612362,1.0837748,46.812796,50.734529,0.50575358,1.1091665,39.453387,43.760376,0.87561769,1.0188451,25.19659,25.671422,0.52158462,1.4331963,8.2243183,11.787062,0.29889136,1.1960755,14.417888,17.244883,0.38463196,1.2573421,15.589647,19.601519,0.42659013,1.1508241,16.110835,18.540737,0.6584466,0.98199002,27.900874,27.398379
init,init,-1,,1415,026.Bronzed_Cowbird/Bronzed_Cowbird_0052_796216.jpg,26,25,026.Bronzed_Cowbird,129,128,random_erasing,random_erasing,0,"{""area_fraction"":0.131674,""erased"":true,""height"":0.471381,""left"":0.363886,""top"":0.395953,""width"":0.279336}",5.2548008,5.7453771,0.49057627,0.0052223853,0.0031975289,0.020071916,0.012637002,-0.014849531,-0.0094394735,0.0054100575,0.53965558,1.2550002,46.812796,58.75007,False,0.74304134,False,False,False,0.53965558,1.2550002,46.812796,58.75007,0.46964041,1.3038604,39.453387,51.441711,0.74266736,1.1262707,25.19659,28.37818,0.49760208,0.85377315,8.2243183,7.0217022,0.5581172,1.3834804,14.417888,19.946867,0.59428569,1.554711,15.589647,24.237396,0.37125024,1.4593054,16.110835,23.510629,0.43918875,1.1662801,27.900874,32.540234
init,init,-1,,1897,034.Gray_crowned_Rosy_Finch/Gray_Crowned_Rosy_Finch_0006_797284.jpg,34,33,034.Gray_crowned_Rosy_Finch,129,128,identity,identity,0,{},6.2475719,6.2475719,0,0.0019351476,0.0019351476,0.043363832,0.043363832,-0.041428684,-0.041428684,0,1,1,57.99979,57.99979,False,0.99999988,True,False,False,1,1,57.99979,57.99979,1,1,49.501469,49.501469,1,1,30.225488,30.225488,1,1,6.9243801,6.9243801,1,1,15.837284,15.837284,1,1,22.305478,22.305478,1,1,21.5924,21.5924,1,1,34.465385,34.465385
init,init,-1,,1897,034.Gray_crowned_Rosy_Finch/Gray_Crowned_Rosy_Finch_0006_797284.jpg,34,33,034.Gray_crowned_Rosy_Finch,129,128,horizontal_flip,horizontal_flip,0,"{""flipped"":true}",6.2475719,6.105792,-0.1417799,0.0019351476,0.002229915,0.043363832,0.043281578,-0.041428684,-0.041051663,0.00037702185,0.64590264,1.0516389,57.99979,60.994836,False,0.96544731,True,False,False,0.64590264,1.0516389,57.99979,60.994836,0.52833582,1.0552296,49.501469,52.235415,0.96529693,1.0419469,30.225488,31.493355,0.59670327,1.1987918,6.9243801,8.3008903,0.33961912,1.3073693,15.837284,20.705179,0.44102878,1.048713,22.305478,23.392046,0.45256176,1.0315633,21.5924,22.273928,0.65056073,0.99989517,34.465385,34.461772
init,init,-1,,1897,034.Gray_crowned_Rosy_Finch/Gray_Crowned_Rosy_Finch_0006_797284.jpg,34,33,034.Gray_crowned_Rosy_Finch,129,128,color_jitter,color_jitter,0,"{""brightness"":1.249358,""contrast"":1.123096,""hue"":-0.05926,""saturation"":1.31431}",6.2475719,6.360218,0.1126461,0.0019351476,0.0017289894,0.043363832,0.039163299,-0.041428684,-0.037434309,0.0039943749,0.75327831,0.94081151,57.99979,54.56687,False,0.93333685,True,False,False,0.75327831,0.94081151,57.99979,54.56687,0.69017787,0.95470475,49.501469,47.259288,0.93319841,0.90249165,30.225488,27.278251,0.61476858,1.099654,6.9243801,7.6144221,0.52333653,1.0215454,15.837284,16.178505,0.60776626,0.83817785,22.305478,18.695958,0.63865356,0.96900535,21.5924,20.923151,0.78334775,0.97378514,34.465385,33.561879
init,init,-1,,1897,034.Gray_crowned_Rosy_Finch/Gray_Crowned_Rosy_Finch_0006_797284.jpg,34,33,034.Gray_crowned_Rosy_Finch,129,128,rotation,rotation,0,"{""angle"":3.267078}",6.2475719,6.4580212,0.21044922,0.0019351476,0.0015678956,0.043363832,0.0301018,-0.041428684,-0.028533905,0.01289478,0.78917886,1.0168751,57.99979,58.978545,False,0.96326423,True,False,False,0.78917886,1.0168751,57.99979,58.978545,0.72959613,1.0367088,49.501469,51.318611,0.963119,0.96165949,30.225488,29.066628,0.45951893,1.0566924,6.9243801,7.31694,0.61769676,1.1724474,15.837284,18.568382,0.66478739,1.0624609,22.305478,23.698698,0.68892607,1.0609004,21.5924,22.907386,0.81861638,0.98346326,34.465385,33.89544
init,init,-1,,1897,034.Gray_crowned_Rosy_Finch/Gray_Crowned_Rosy_Finch_0006_797284.jpg,34,33,034.Gray_crowned_Rosy_Finch,129,128,random_resized_crop,random_resized_crop,0,"{""area_fraction"":0.637421,""aspect"":0.950917,""fallback"":false,""height"":0.818732,""left"":0.073358,""top"":0.140191,""width"":0.778547}",6.2475719,6.2067537,-0.040818214,0.0019351476,0.0020157704,0.043363832,0.040243592,-0.041428684,-0.038227822,0.0032008627,0.69833483,1.1358032,57.99979,65.876348,False,0.93460989,True,False,False,0.69833483,1.1358032,57.99979,65.876348,0.62727901,1.1849542,49.501469,58.656972,0.93440164,0.99201741,30.225488,29.984211,0.25187519,1.3771134,6.9243801,9.5356568,0.57146006,1.3705726,15.837284,21.706147,0.60165636,1.2125156,22.305478,27.045741,0.52739134,1.2042225,21.5924,26.002055,0.71810047,1.1128065,34.465385,38.353303
init,init,-1,,1897,034.Gray_crowned_Rosy_Finch/Gray_Crowned_Rosy_Finch_0006_797284.jpg,34,33,034.Gray_crowned_Rosy_Finch,129,128,gaussian_blur,gaussian_blur,0,"{""sigma"":1.990788}",6.2475719,5.6393156,-0.60825634,0.0019351476,0.0035553011,0.043363832,0.030809117,-0.041428684,-0.027253816,0.014174868,0.62373349,1.1716468,57.99979,67.95527,False,0.90075427,True,False,False,0.62373349,1.1716468,57.99979,67.95527,0.54299288,1.2296695,49.501469,60.870446,0.90045453,0.99952236,30.225488,30.211051,0.073315094,1.1599597,6.9243801,8.0320021,0.53230174,1.5109878,15.837284,23.929943,0.49668388,1.3363563,22.305478,29.808067,0.44541526,1.2523736,21.5924,27.041752,0.64043391,1.1041878,34.465385,38.056257
init,init,-1,,1897,034.Gray_crowned_Rosy_Finch/Gray_Crowned_Rosy_Finch_0006_797284.jpg,34,33,034.Gray_crowned_Rosy_Finch,129,128,random_erasing,random_erasing,0,"{""area_fraction"":0.065573,""erased"":true,""height"":0.200776,""left"":0.598716,""top"":0.607293,""width"":0.326596}",6.2475719,6.148407,-0.099164963,0.0019351476,0.0021368836,0.043363832,0.046092484,-0.041428684,-0.043955601,-0.0025269162,0.89375804,1.0235853,57.99979,59.367734,False,0.9781816,True,False,False,0.89375804,1.0235853,57.99979,59.367734,0.86190147,1.0198905,49.501469,50.486076,0.97814034,1.0334305,30.225488,31.23594,0.88734054,0.98919781,6.9243801,6.8495816,0.84808087,1.1071827,15.837284,17.534767,0.85119455,1.0678151,22.305478,23.818127,0.81208827,0.96749467,21.5924,20.890532,0.88949318,1.001211,34.465385,34.507124
init,init,-1,,8323,142.Black_Tern/Black_Tern_0069_144359.jpg,142,141,142.Black_Tern,129,128,identity,identity,0,{},5.2100916,5.2100916,0,0.0054611736,0.0054611736,0.026059721,0.026059721,-0.020598547,-0.020598547,0,1,1,50.748699,50.748699,False,1,True,False,False,1,1,50.748699,50.748699,1,1,39.57125,39.57125,1,1,31.773362,31.773362,1,1,4.0334048,4.0334048,1,1,11.883859,11.883859,1,1,15.093834,15.093834,1,1,16.720503,16.720503,1,1,30.016501,30.016501
init,init,-1,,8323,142.Black_Tern/Black_Tern_0069_144359.jpg,142,141,142.Black_Tern,129,128,horizontal_flip,horizontal_flip,0,"{""flipped"":true}",5.2100916,5.1511765,-0.058915138,0.0054611736,0.0057925861,0.026059721,0.021528985,-0.020598547,-0.015736399,0.0048621478,0.73947066,0.91044506,50.748699,46.203902,False,0.96496165,False,False,False,0.73947066,0.91044506,50.748699,46.203902,0.59355433,0.90895183,39.57125,35.96836,0.96485859,0.91275634,31.773362,29.001338,0.25940809,0.98602145,4.0334048,3.9770237,0.34168482,0.87254903,11.883859,10.369249,0.51945159,0.8783355,15.093834,13.25745,0.42810784,0.90216502,16.720503,15.084653,0.70563457,0.92269833,30.016501,27.696176
init,init,-1,,8323,142.Black_Tern/Black_Tern_0069_144359.jpg,142,141,142.Black_Tern,129,128,color_jitter,color_jitter,0,"{""brightness"":0.803408,""contrast"":1.200296,""hue"":0.078943,""saturation"":1.262644}",5.2100916,5.2003479,-0.0097436905,0.0054611736,0.0055146441,0.026059721,0.020244384,-0.020598547,-0.01472974,0.005868807,0.87975407,1.0564349,50.748699,53.612694,False,0.98345757,False,False,False,0.87975407,1.0564349,50.748699,53.612694,0.81644832,1.0758452,39.57125,42.572539,0.98337972,1.0256014,31.773362,32.586806,0.55876306,1.9272046,4.0334048,7.7731966,0.72294901,1.1224302,11.883859,13.338802,0.75579096,1.0277511,15.093834,15.512705,0.76420027,1.1064337,16.720503,18.500129,0.87825064,1.0488547,30.016501,31.482949
init,init,-1,,8323,142.Black_Tern/Black_Tern_0069_144359.jpg,142,141,142.Black_Tern,129,128,rotation,rotation,0,"{""angle"":-6.889023}",5.2100916,5.3382778,0.12818623,0.0054611736,0.0048041362,0.026059721,0.016520364,-0.020598547,-0.011716228,0.0088823191,0.73849323,1.0871532,50.748699,55.17161,False,0.93727046,False,False,False,0.73849323,1.0871532,50.748699,55.17161,0.61785577,1.1099483,39.57125,43.922042,0.93682756,1.0508184,31.773362,33.388034,0.39490874,1.3811869,4.0334048,5.570886,0.44997573,1.1937831,11.883859,14.186749,0.54784539,1.1277861,15.093834,17.022616,0.47085444,1.1144016,16.720503,18.633356,0.71803198,1.0845945,30.016501,32.555733
init,init,-1,,8323,142.Black_Tern/Black_Tern_0069_144359.jpg,142,141,142.Black_Tern,129,128,random_resized_crop,random_resized_crop,0,"{""area_fraction"":0.508045,""aspect"":0.918262,""fallback"":false,""height"":0.74382,""left"":0.267907,""top"":0.160293,""width"":0.683021}",5.2100916,5.0828495,-0.12724209,0.0054611736,0.0062022116,0.026059721,0.015475498,-0.020598547,-0.009273286,0.011325261,0.70365879,0.94164288,50.748699,47.787151,False,0.93136507,False,False,False,0.70365879,0.94164288,50.748699,47.787151,0.55472343,0.93576982,39.57125,37.029582,0.93109879,0.95068068,31.773362,30.206322,0.32845691,1.1178374,4.0334048,4.5086909,0.29485449,0.98118002,11.883859,11.660205,0.51146734,1.0281475,15.093834,15.518687,0.43534876,0.93103321,16.720503,15.567344,0.65629553,0.90118755,30.016501,27.050497
init,init,-1,,8323,142.Black_Tern/Black_Tern_0069_144359.jpg,142,141,142.Black_Tern,129,128,gaussian_blur,gaussian_blur,0,"{""sigma"":1.713942}",5.2100916,5.3305402,0.12044859,0.0054611736,0.0048414548,0.026059721,0.012951382,-0.020598547,-0.0081099267,0.01248862,0.70578887,1.0611193,50.748699,53.850422,False,0.9164058,False,False,False,0.70578887,1.0611193,50.748699,53.850422,0.58523906,1.10285,39.57125,43.641155,0.91593291,0.99292777,31.773362,31.548654,0.11852711,1.3544735,4.0334048,5.46314,0.36549124,1.0193012,11.883859,12.113231,0.39909382,1.1675796,15.093834,17.623252,0.51033967,1.1784554,16.720503,19.704367,0.70736524,1.0687489,30.016501,32.080104
init,init,-1,,8323,142.Black_Tern/Black_Tern_0069_144359.jpg,142,141,142.Black_Tern,129,128,random_erasing,random_erasing,0,"{""area_fraction"":0.1585,""erased"":true,""height"":0.294121,""left"":0.347322,""top"":0.0623,""width"":0.538893}",5.2100916,5.1126618,-0.097429752,0.0054611736,0.006020037,0.026059721,0.019785404,-0.020598547,-0.013765367,0.0068331799,0.79535927,1.0084574,50.748699,51.1779,False,0.95516098,False,False,False,0.79535927,1.0084574,50.748699,51.1779,0.69321077,1.0109969,39.57125,40.006411,0.95483329,1.0045057,31.773362,31.916525,0.39237122,0.96265595,4.0334048,3.8827812,0.29826234,1.0303573,11.883859,12.24462,0.59280321,1.012712,15.093834,15.285706,0.66860977,0.991251,16.720503,16.574216,0.79412998,1.0144126,30.016501,30.449117
init,init,-1,,4275,074.Florida_Jay/Florida_Jay_0029_65114.jpg,74,73,074.Florida_Jay,46,45,identity,identity,0,{},4.9084492,4.9084492,0,0.0073839338,0.0073839338,0.019389819,0.019389819,-0.012005886,-0.012005886,0,1,1,47.073535,47.073535,False,1,True,False,False,1,1,47.073535,47.073535,1,1,39.209338,39.209338,1,1,26.048906,26.048906,1,1,6.7149574,6.7149574,1,1,12.883903,12.883903,1,1,14.517003,14.517003,1,1,19.381663,19.381663,1,1,27.200999,27.200999
init,init,-1,,4275,074.Florida_Jay/Florida_Jay_0029_65114.jpg,74,73,074.Florida_Jay,46,45,horizontal_flip,horizontal_flip,0,"{""flipped"":true}",4.9084492,5.1013904,0.19294119,0.0073839338,0.0060882745,0.019389819,0.012205092,-0.012005886,-0.0061168177,0.0058890679,0.63206997,1.0333829,47.073535,48.644985,False,0.93554783,False,False,False,0.63206997,1.0333829,47.073535,48.644985,0.4888732,1.0101378,39.209338,39.606835,0.93541859,1.0842068,26.048906,28.2424,0.2521751,1.209718,6.7149574,8.1232046,0.20428762,1.0607561,12.883903,13.666679,0.22557125,1.0297756,14.517003,14.949255,0.42525861,0.86268401,19.381663,16.720251,0.67399774,1.0481682,27.200999,28.511223
init,init,-1,,4275,074.Florida_Jay/Florida_Jay_0029_65114.jpg,74,73,074.Florida_Jay,46,45,color_jitter,color_jitter,0,"{""brightness"":0.871275,""contrast"":0.644102,""hue"":0.031096,""saturation"":0.639211}",4.9084492,5.2606535,0.35220432,0.0073839338,0.0051919101,0.019389819,0.013992582,-0.012005886,-0.0088006724,0.0032052132,0.79906763,0.99275246,47.073535,46.732368,False,0.9617936,False,False,False,0.79906763,0.99275246,47.073535,46.732368,0.72258602,0.96991202,39.209338,38.029608,0.96167933,1.0426524,26.048906,27.159954,0.55726491,0.82295151,6.7149574,5.5260843,0.40009062,0.95879006,12.883903,12.352958,0.60730636,0.90499539,14.517003,13.13782,0.72103068,0.90210965,19.381663,17.484385,0.83060271,1.0299068,27.200999,28.014494
init,init,-1,,4275,074.Florida_Jay/Florida_Jay_0029_65114.jpg,74,73,074.Florida_Jay,46,45,rotation,rotation,0,"{""angle"":10.539079}",4.9084492,4.7672248,-0.14122438,0.0073839338,0.0085039474,0.019389819,0.019258261,-0.012005886,-0.010754313,0.0012515723,0.68310444,1.0435734,47.073535,49.124687,False,0.90296459,False,False,False,0.68310444,1.0435734,47.073535,49.124687,0.58467547,1.0387148,39.209338,40.727318,0.90282936,1.0544986,26.048906,27.468535,0.38568115,1.0268347,6.7149574,6.8951515,0.49125617,0.97861936,12.883903,12.608437,0.449818,1.0100463,14.517003,14.662845,0.55393215,1.0005086,19.381663,19.39152,0.66655457,1.0788454,27.200999,29.345674
init,init,-1,,4275,074.Florida_Jay/Florida_Jay_0029_65114.jpg,74,73,074.Florida_Jay,46,45,random_resized_crop,random_resized_crop,0,"{""area_fraction"":0.722378,""aspect"":0.785988,""fallback"":false,""height"":0.958681,""left"":0.018867,""top"":0.020301,""width"":0.753513}",4.9084492,5.0777712,0.16932201,0.0073839338,0.0062337872,0.019389819,0.01600709,-0.012005886,-0.0097733028,0.0022325828,0.71803483,0.94215377,47.073535,44.350508,False,0.9377414,False,False,False,0.71803483,0.94215377,47.073535,44.350508,0.62104545,0.94197941,39.209338,36.934389,0.93764983,0.94254869,26.048906,24.552362,0.42866469,1.1544797,6.7149574,7.7522819,0.54722924,1.0302802,12.883903,13.27403,0.51812227,1.0414046,14.517003,15.118073,0.60095893,0.87996773,19.381663,17.055238,0.70216962,0.90680678,27.200999,24.66605
init,init,-1,,4275,074.Florida_Jay/Florida_Jay_0029_65114.jpg,74,73,074.Florida_Jay,46,45,gaussian_blur,gaussian_blur,0,"{""sigma"":1.683897}",4.9084492,5.2228265,0.31437731,0.0073839338,0.0053920671,0.019389819,0.018758489,-0.012005886,-0.013366422,-0.0013605361,0.68176774,1.0337838,47.073535,48.663856,False,0.92956269,False,False,False,0.68176774,1.0337838,47.073535,48.663856,0.57766895,1.0482065,39.209338,41.099481,0.92943354,1.0003375,26.048906,26.057697,0.20621386,1.6264841,6.7149574,10.921771,0.41993274,1.1184567,12.883903,14.410088,0.46617789,1.198494,14.517003,17.398541,0.54989853,0.96902072,19.381663,18.781233,0.71893959,0.97737143,27.200999,26.585479
init,init,-1,,4275,074.Florida_Jay/Florida_Jay_0029_65114.jpg,74,73,074.Florida_Jay,46,45,random_erasing,random_erasing,0,"{""area_fraction"":0.136745,""erased"":true,""height"":0.341425,""left"":0.328039,""top"":0.087012,""width"":0.400512}",4.9084492,5.2953668,0.38691759,0.0073839338,0.0050147739,0.019389819,0.012891085,-0.012005886,-0.007876311,0.0041295746,0.44856982,0.90055254,47.073535,42.392191,False,0.71354795,False,False,False,0.44856982,0.90055254,47.073535,42.392191,0.33086871,0.89857789,39.209338,35.232644,0.7133562,0.90501054,26.048906,23.574535,0.39244382,0.84154355,6.7149574,5.6509291,0.2313618,0.87402532,12.883903,11.260857,0.22323611,1.0322799,14.517003,14.98561,0.31145669,0.81465718,19.381663,15.789411,0.39448213,0.9070387,27.200999,24.672359
init,init,-1,,4612,079.Belted_Kingfisher/Belted_Kingfisher_0084_70399.jpg,79,78,079.Belted_Kingfisher,171,170,identity,identity,0,{},5.4271908,5.4271908,0,0.0043954263,0.0043954263,0.023396416,0.023396416,-0.019000989,-0.019000989,0,1,1,47.284745,47.284745,False,1,True,False,False,1,1,47.284745,47.284745,1,1,39.538968,39.538968,1,1,25.932936,25.932936,1,1,7.4399318,7.4399318,1,1,11.106609,11.106609,1,1,16.031704,16.031704,1,1,16.67593,16.67593,1,1,29.1465,29.1465
init,init,-1,,4612,079.Belted_Kingfisher/Belted_Kingfisher_0084_70399.jpg,79,78,079.Belted_Kingfisher,171,170,horizontal_flip,horizontal_flip,0,"{""flipped"":true}",5.4271908,5.3863468,-0.040843964,0.0043954263,0.0045786682,0.023396416,0.024203232,-0.019000989,-0.019624563,-0.00062357401,0.66807048,0.97694997,47.284745,46.19483,False,0.96231562,True,False,False,0.66807048,0.97694997,47.284745,46.19483,0.53854193,0.96990396,39.538968,38.349001,0.96225829,0.99313594,25.932936,25.75493,0.66619071,0.92581764,7.4399318,6.8880201,0.231535,0.99077145,11.106609,11.004111,0.35116538,0.88743632,16.031704,14.227116,0.42173223,0.99237285,16.67593,16.54874,0.66579129,0.98596451,29.1465,28.737414
init,init,-1,,4612,079.Belted_Kingfisher/Belted_Kingfisher_0084_70399.jpg,79,78,079.Belted_Kingfisher,171,170,color_jitter,color_jitter,0,"{""brightness"":1.339146,""contrast"":0.96765,""hue"":0.047005,""saturation"":0.919483}",5.4271908,5.3049579,-0.12223291,0.0043954263,0.0049669063,0.023396416,0.022614202,-0.019000989,-0.017647295,0.0013536941,0.78377174,1.0872369,47.284745,51.40972,False,0.95373833,False,False,False,0.78377174,1.0872369,47.284745,51.40972,0.70917079,1.0800038,39.538968,42.702236,0.95356974,1.1038678,25.932936,28.626533,0.65979454,1.308778,7.4399318,9.7372189,0.56970422,1.2530009,11.106609,13.916591,0.62700324,1.1060795,16.031704,17.732338,0.62639064,1.0854757,16.67593,18.101316,0.79705355,1.0252166,29.1465,29.881475
init,init,-1,,4612,079.Belted_Kingfisher/Belted_Kingfisher_0084_70399.jpg,79,78,079.Belted_Kingfisher,171,170,rotation,rotation,0,"{""angle"":-4.701342}",5.4271908,5.6725545,0.24536371,0.0043954263,0.0034390683,0.023396416,0.016707072,-0.019000989,-0.013268004,0.0057329857,0.73010389,0.96581691,47.284745,45.668406,False,0.94426543,False,False,False,0.73010389,0.96581691,47.284745,45.668406,0.63725972,0.96330768,39.538968,38.088191,0.94410033,0.97162482,25.932936,25.197084,0.66094269,0.95183748,7.4399318,7.0816059,0.36772465,1.0029815,11.106609,11.139723,0.56031396,0.91825324,16.031704,14.721164,0.49443342,1.0110732,16.67593,16.860586,0.74923407,0.95542739,29.1465,27.847364
init,init,-1,,4612,079.Belted_Kingfisher/Belted_Kingfisher_0084_70399.jpg,79,78,079.Belted_Kingfisher,171,170,random_resized_crop,random_resized_crop,0,"{""area_fraction"":0.679085,""aspect"":0.976634,""fallback"":false,""height"":0.833866,""left"":0.012645,""top"":0.045154,""width"":0.814382}",5.4271908,5.1152697,-0.31192112,0.0043954263,0.0060043586,0.023396416,0.017005619,-0.019000989,-0.01100126,0.0079997294,0.69455362,0.91836435,47.284745,43.424624,False,0.94189501,False,False,False,0.69455362,0.91836435,47.284745,43.424624,0.57890364,0.89166029,39.538968,35.255327,0.94175273,0.9776259,25.932936,25.35271,0.15906457,0.85061434,7.4399318,6.3285126,0.24494474,0.9024661,11.106609,10.023338,0.50245017,0.88268753,16.031704,14.150985,0.49461993,0.90496374,16.67593,15.091112,0.70514908,0.89100802,29.1465,25.969765
init,init,-1,,4612,079.Belted_Kingfisher/Belted_Kingfisher_0084_70399.jpg,79,78,079.Belted_Kingfisher,171,170,gaussian_blur,gaussian_blur,0,"{""sigma"":1.32843}",5.4271908,5.2865806,-0.14061022,0.0043954263,0.0050590299,0.023396416,0.014004369,-0.019000989,-0.0089453394,0.01005565,0.66098661,0.99600399,47.284745,47.095795,False,0.88533509,False,False,False,0.66098661,0.99600399,47.284745,47.095795,0.57329484,1.0208187,39.538968,40.362117,0.88515251,0.93578062,25.932936,24.267539,0.57682804,1.3903361,7.4399318,10.344006,0.33302465,1.2082576,11.106609,13.419645,0.48306161,1.106411,16.031704,17.737653,0.51121579,1.051346,16.67593,17.532173,0.68285237,0.92062757,29.1465,26.833071
init,init,-1,,4612,079.Belted_Kingfisher/Belted_Kingfisher_0084_70399.jpg,79,78,079.Belted_Kingfisher,171,170,random_erasing,random_erasing,0,"{""area_fraction"":0.070826,""erased"":true,""height"":0.233382,""left"":0.157637,""top"":0.066079,""width"":0.303475}",5.4271908,5.4692707,0.042079926,0.0043954263,0.004214305,0.023396416,0.025563395,-0.019000989,-0.02134909,-0.0023481003,0.90618189,0.97905075,47.284745,46.294165,False,0.99088752,True,False,False,0.90618189,0.97905075,47.284745,46.294165,0.86905249,0.97294147,39.538968,38.469101,0.99087263,0.99310713,25.932936,25.754183,0.84736496,0.77806745,7.4399318,5.7887688,0.72713974,0.95387401,11.106609,10.594306,0.80696178,0.97734241,16.031704,15.668464,0.82741087,0.99731913,16.67593,16.631224,0.92422189,0.97768305,29.1465,28.496039
init,init,-1,,5800,099.Ovenbird/Ovenbird_0096_93131.jpg,99,98,099.Ovenbird,46,45,identity,identity,0,{},5.7415047,5.7415047,0,0.0032099343,0.0032099343,0.015685804,0.015685804,-0.01247587,-0.01247587,0,1,1,37.334483,37.334483,False,1,True,False,False,1,1,37.334483,37.334483,1,1,30.261929,30.261929,1,1,21.865025,21.865025,1,1,5.3510234,5.3510234,1,1,9.2065982,9.2065982,1,1,13.034372,13.034372,1,1,12.724786,12.724786,1,1,21.692727,21.692727
init,init,-1,,5800,099.Ovenbird/Ovenbird_0096_93131.jpg,99,98,099.Ovenbird,46,45,horizontal_flip,horizontal_flip,0,"{""flipped"":true}",5.7415047,5.9764042,0.23489952,0.0032099343,0.0025379362,0.015685804,0.011924419,-0.01247587,-0.0093864824,0.0030893874,0.63664073,0.98361555,37.334483,36.722778,False,0.95646954,False,False,False,0.63664073,0.98361555,37.334483,36.722778,0.4655193,0.97508362,30.261929,29.507911,0.95647246,0.99975559,21.865025,21.85968,0.33141837,0.87371474,5.3510234,4.675268,0.061558171,0.92537256,9.2065982,8.5195334,0.34746582,0.84722888,13.034372,11.043097,0.32548057,0.96319416,12.724786,12.256439,0.61964084,1.0350153,21.692727,22.452304
init,init,-1,,5800,099.Ovenbird/Ovenbird_0096_93131.jpg,99,98,099.Ovenbird,46,45,color_jitter,color_jitter,0,"{""brightness"":0.971668,""contrast"":1.371322,""hue"":-0.072608,""saturation"":1.236482}",5.7415047,5.7450161,0.0035114288,0.0032099343,0.0031986833,0.015685804,0.019831654,-0.01247587,-0.01663297,-0.0041571006,0.79621724,1.0920708,37.334483,40.7719,False,0.95232713,True,False,False,0.79621724,1.0920708,37.334483,40.7719,0.71332729,1.085357,30.261929,32.844996,0.9522823,1.1048176,21.865025,24.156864,0.51486802,0.96915779,5.3510234,5.185986,0.61844613,1.097645,9.2065982,10.105576,0.69786708,1.0558171,13.034372,13.761913,0.63235436,1.1148257,12.724786,14.185919,0.77562224,1.0900552,21.692727,23.646271
init,init,-1,,5800,099.Ovenbird/Ovenbird_0096_93131.jpg,99,98,099.Ovenbird,46,45,rotation,rotation,0,"{""angle"":13.980667}",5.7415047,5.7194118,-0.022092819,0.0032099343,0.0032816411,0.015685804,0.02311744,-0.01247587,-0.019835799,-0.0073599289,0.65982471,1.0760062,37.334483,40.172135,False,0.92085207,True,False,False,0.65982471,1.0760062,37.334483,40.172135,0.52226626,1.0724677,30.261929,32.45494,0.92084149,1.0827521,21.865025,23.674402,0.30423717,0.98868501,5.3510234,5.2904766,0.54835001,1.1765391,9.2065982,10.831923,0.43007464,0.9879664,13.034372,12.877522,0.33450528,1.0445805,12.724786,13.292064,0.6220351,1.0962253,21.692727,23.780116
init,init,-1,,5800,099.Ovenbird/Ovenbird_0096_93131.jpg,99,98,099.Ovenbird,46,45,random_resized_crop,random_resized_crop,0,"{""area_fraction"":0.80001,""aspect"":0.816794,""fallback"":false,""height"":0.989672,""left"":0.142054,""top"":0.002141,""width"":0.808358}",5.7415047,5.6678152,-0.073689461,0.0032099343,0.0034554065,0.015685804,0.015663328,-0.01247587,-0.012207921,0.00026794872,0.79653253,1.1168225,37.334483,41.695989,False,0.9659462,False,False,False,0.79653253,1.1168225,37.334483,41.695989,0.70598024,1.1072873,30.261929,33.50865,0.96593199,1.1348638,21.865025,24.813825,0.69421684,0.98471184,5.3510234,5.2692161,0.59111756,1.2437844,9.2065982,11.451023,0.688496,1.0869489,13.034372,14.167696,0.59203113,1.1295274,12.724786,14.372994,0.77877658,1.0876023,21.692727,23.593059
init,init,-1,,5800,099.Ovenbird/Ovenbird_0096_93131.jpg,99,98,099.Ovenbird,46,45,gaussian_blur,gaussian_blur,0,"{""sigma"":1.690463}",5.7415047,5.7063417,-0.035162926,0.0032099343,0.0033248127,0.015685804,0.011965711,-0.01247587,-0.0086408979,0.0038349719,0.68402626,1.2386039,37.334483,46.242638,False,0.90949899,False,False,False,0.68402626,1.2386039,37.334483,46.242638,0.58254787,1.2904292,30.261929,39.050878,0.90946294,1.132728,21.865025,24.767125,0.20261643,1.3214318,5.3510234,7.0710125,0.43374858,1.3615089,9.2065982,12.534865,0.57156409,1.3199296,13.034372,17.204453,0.54073296,1.413281,12.724786,17.983698,0.66072737,1.2182913,21.692727,26.428061
init,init,-1,,5800,099.Ovenbird/Ovenbird_0096_93131.jpg,99,98,099.Ovenbird,46,45,random_erasing,random_erasing,0,"{""area_fraction"":0.193169,""erased"":true,""height"":0.688624,""left"":0.514024,""top"":0.201351,""width"":0.280515}",5.7415047,5.7136145,-0.027890205,0.0032099343,0.0033007218,0.015685804,0.016727678,-0.01247587,-0.013426957,-0.00095108687,0.50606743,1.3245086,37.334483,49.449845,False,0.74014103,False,False,False,0.50606743,1.3245086,37.334483,49.449845,0.39876871,1.3753538,30.261929,41.620858,0.73998941,1.2212151,21.865025,26.701897,0.52408812,0.96557095,5.3510234,5.1667927,0.29106883,1.6711867,9.2065982,15.385945,0.47453906,1.5414538,13.034372,20.091883,0.34214954,1.4093049,12.724786,17.933103,0.41280327,1.2570526,21.692727,27.268899
init,init,-1,,7074,121.Grasshopper_Sparrow/Grasshopper_Sparrow_0110_115644.jpg,121,120,121.Grasshopper_Sparrow,44,43,identity,identity,0,{},6.247817,6.247817,0,0.0019346726,0.0019346726,0.024426147,0.024426147,-0.022491475,-0.022491475,0,1,1,49.009594,49.009594,False,1,True,False,False,1,1,49.009594,49.009594,1,1,41.545681,41.545681,1,1,25.998014,25.998014,1,1,9.5360154,9.5360154,1,1,12.961998,12.961998,1,1,17.161001,17.161001,1,1,18.801421,18.801421,1,1,28.619945,28.619945
init,init,-1,,7074,121.Grasshopper_Sparrow/Grasshopper_Sparrow_0110_115644.jpg,121,120,121.Grasshopper_Sparrow,44,43,horizontal_flip,horizontal_flip,0,"{""flipped"":true}",6.247817,6.0114827,-0.23633432,0.0019346726,0.0024504522,0.024426147,0.016787639,-0.022491475,-0.014337187,0.0081542881,0.65092364,0.98297694,49.009594,48.175301,False,0.95395219,False,False,False,0.65092364,0.98297694,49.009594,48.175301,0.53073872,0.9792833,41.545681,40.684992,0.95384147,0.99234705,25.998014,25.799053,0.49424587,0.89454206,9.5360154,8.5303669,0.29661119,1.0332908,12.961998,13.393514,0.4490069,0.96306085,17.161001,16.527088,0.45394614,0.97454373,18.801421,18.322807,0.64677174,0.98471041,28.619945,28.182358
init,init,-1,,7074,121.Grasshopper_Sparrow/Grasshopper_Sparrow_0110_115644.jpg,121,120,121.Grasshopper_Sparrow,44,43,color_jitter,color_jitter,0,"{""brightness"":1.367194,""contrast"":1.01985,""hue"":-0.094538,""saturation"":0.825622}",6.247817,6.1884565,-0.059360504,0.0019346726,0.0020529928,0.024426147,0.019381322,-0.022491475,-0.017328329,0.0051631456,0.67549249,1.2606136,49.009594,61.782163,False,0.93800759,False,False,False,0.67549249,1.2606136,49.009594,61.782163,0.59558534,1.3257337,41.545681,55.078509,0.93789851,1.0765887,25.998014,27.989168,0.49606974,1.9619853,9.5360154,18.709522,0.39126977,1.6211343,12.961998,21.01314,0.48557382,1.4534268,17.161001,24.942259,0.61976484,1.2550793,18.801421,23.597273,0.73404211,1.139246,28.619945,32.605157
init,init,-1,,7074,121.Grasshopper_Sparrow/Grasshopper_Sparrow_0110_115644.jpg,121,120,121.Grasshopper_Sparrow,44,43,rotation,rotation,0,"{""angle"":-2.212399}",6.247817,6.4647207,0.21690369,0.0019346726,0.0015574265,0.024426147,0.024304941,-0.022491475,-0.022747515,-0.00025604002,0.78926533,1.1498601,49.009594,56.354175,False,0.96621537,False,False,False,0.78926533,1.1498601,49.009594,56.354175,0.73270772,1.1967176,41.545681,49.718446,0.96615496,1.0204831,25.998014,26.530534,0.77592528,1.0069642,9.5360154,9.602426,0.59834339,1.3891382,12.961998,18.006007,0.66778266,1.3589823,17.161001,23.321497,0.71032538,1.2087197,18.801421,22.725648,0.81077691,1.1022403,28.619945,31.546056
init,init,-1,,7074,121.Grasshopper_Sparrow/Grasshopper_Sparrow_0110_115644.jpg,121,120,121.Grasshopper_Sparrow,44,43,random_resized_crop,random_resized_crop,0,"{""area_fraction"":0.505722,""aspect"":0.823918,""fallback"":false,""height"":0.783455,""left"":0.327887,""top"":0.211254,""width"":0.645503}",6.247817,6.4826164,0.23479939,0.0019346726,0.0015298029,0.024426147,0.019443698,-0.022491475,-0.017913895,0.0045775794,0.64873595,1.2388863,49.009594,60.717315,False,0.92758715,False,False,False,0.64873595,1.2388863,49.009594,60.717315,0.55143398,1.2732174,41.545681,52.896682,0.92729978,1.1465597,25.998014,29.808276,0.55280116,1.182675,9.5360154,11.278007,0.36007806,1.5419294,12.961998,19.986486,0.46530425,1.479689,17.161001,25.392944,0.49533055,1.2386467,18.801421,23.288319,0.67854878,1.1505291,28.619945,32.92808
init,init,-1,,7074,121.Grasshopper_Sparrow/Grasshopper_Sparrow_0110_115644.jpg,121,120,121.Grasshopper_Sparrow,44,43,gaussian_blur,gaussian_blur,0,"{""sigma"":1.601891}",6.247817,6.2184057,-0.029411316,0.0019346726,0.0019924196,0.024426147,0.02078831,-0.022491475,-0.018795891,0.0036955843,0.5973433,1.2445766,49.009594,60.996192,False,0.87552744,False,False,False,0.5973433,1.2445766,49.009594,60.996192,0.50056577,1.2799836,41.545681,53.177788,0.87517371,1.149218,25.998014,29.877387,0.50089454,1.5861373,9.5360154,15.12543,0.35929937,1.525552,12.961998,19.774203,0.35787864,1.2741437,17.161001,21.865581,0.44571971,1.2812109,18.801421,24.088585,0.62385599,1.1847494,28.619945,33.907461
init,init,-1,,7074,121.Grasshopper_Sparrow/Grasshopper_Sparrow_0110_115644.jpg,121,120,121.Grasshopper_Sparrow,44,43,random_erasing,random_erasing,0,"{""area_fraction"":0.105016,""erased"":true,""height"":0.231139,""left"":0.119805,""top"":0.440562,""width"":0.454338}",6.247817,6.6060309,0.3582139,0.0019346726,0.0013521885,0.024426147,0.027311489,-0.022491475,-0.0259593,-0.0034678257,0.82192441,1.1629707,49.009594,56.996723,False,0.95916355,False,False,False,0.82192441,1.1629707,49.009594,56.996723,0.77092015,1.1778578,41.545681,48.934905,0.95906226,1.1240591,25.998014,29.223305,0.88988019,1.1224216,9.5360154,10.70343,0.73083729,1.2764783,12.961998,16.54571,0.78910834,1.3041672,17.161001,22.380814,0.72243704,1.1385142,18.801421,21.405684,0.78379084,1.1306947,28.619945,32.36042
init,init,-1,,2325,041.Scissor_tailed_Flycatcher/Scissor_Tailed_Flycatcher_0110_42136.jpg,41,40,041.Scissor_tailed_Flycatcher,4,3,identity,identity,0,{},5.2591872,5.2591872,0,0.0051995292,0.0051995292,0.032962311,0.032962311,-0.027762782,-0.027762782,0,1,1,54.052002,54.052002,False,1,True,False,False,1,1,54.052002,54.052002,1,1,43.410249,43.410249,1,1,32.205111,32.205111,1,1,5.9393981,5.9393981,1,1,12.097078,12.097078,1,1,17.474527,17.474527,1,1,20.217686,20.217686,1,1,31.443919,31.443919
init,init,-1,,2325,041.Scissor_tailed_Flycatcher/Scissor_Tailed_Flycatcher_0110_42136.jpg,41,40,041.Scissor_tailed_Flycatcher,4,3,horizontal_flip,horizontal_flip,0,"{""flipped"":true}",5.2591872,5.4691296,0.20994234,0.0051995292,0.004214901,0.032962311,0.035814673,-0.027762782,-0.031599772,-0.0038369899,0.66962505,0.91015863,54.052002,49.195896,False,0.95131588,True,False,False,0.66962505,0.91015863,54.052002,49.195896,0.50954695,0.89918451,43.410249,39.033824,0.95114571,0.92976629,32.205111,29.943226,0.14037216,0.93995496,5.9393981,5.5827667,0.33675904,0.99742629,12.097078,12.065944,0.41982416,1.0073924,17.474527,17.603706,0.35783342,0.83600402,20.217686,16.902067,0.64762762,0.87171454,31.443919,27.410122
init,init,-1,,2325,041.Scissor_tailed_Flycatcher/Scissor_Tailed_Flycatcher_0110_42136.jpg,41,40,041.Scissor_tailed_Flycatcher,4,3,color_jitter,color_jitter,0,"{""brightness"":1.311285,""contrast"":1.055811,""hue"":0.0578,""saturation"":1.047535}",5.2591872,5.3998003,0.14061308,0.0051995292,0.004517484,0.032962311,0.035962794,-0.027762782,-0.03144531,-0.0036825282,0.8277897,0.9831781,54.052002,53.142744,False,0.965065,True,False,False,0.8277897,0.9831781,54.052002,53.142744,0.75418547,0.99155813,43.410249,43.043786,0.96496894,0.9677666,32.205111,31.16703,0.31895782,0.86686288,5.9393981,5.1486437,0.61610324,0.98526488,12.097078,11.918826,0.70835488,1.0531245,17.474527,18.402853,0.68719402,1.025031,20.217686,20.723755,0.83526846,0.96255521,31.443919,30.266509
init,init,-1,,2325,041.Scissor_tailed_Flycatcher/Scissor_Tailed_Flycatcher_0110_42136.jpg,41,40,041.Scissor_tailed_Flycatcher,4,3,rotation,rotation,0,"{""angle"":-12.416296}",5.2591872,5.1668859,-0.092301369,0.0051995292,0.0057022991,0.032962311,0.028971355,-0.027762782,-0.023269056,0.0044937255,0.69012356,0.98059706,54.052002,53.003234,False,0.92269099,False,False,False,0.69012356,0.98059706,54.052002,53.003234,0.5594409,0.97256342,43.410249,42.21922,0.92231763,0.99502755,32.205111,32.044972,0.16830964,1.1633591,5.9393981,6.909653,0.45996772,1.1297963,12.097078,13.667233,0.47987116,1.0146465,17.474527,17.730468,0.44680594,0.94134229,20.217686,19.031763,0.66986701,0.93877015,31.443919,29.518613
init,init,-1,,2325,041.Scissor_tailed_Flycatcher/Scissor_Tailed_Flycatcher_0110_42136.jpg,41,40,041.Scissor_tailed_Flycatcher,4,3,random_resized_crop,random_resized_crop,0,"{""area_fraction"":0.650257,""aspect"":1.156319,""fallback"":false,""height"":0.7499,""left"":0.08327,""top"":0.243917,""width"":0.867124}",5.2591872,5.3322573,0.073070049,0.0051995292,0.0048331479,0.032962311,0.023335176,-0.027762782,-0.018502028,0.0092607541,0.68986052,0.80813551,54.052002,43.681342,False,0.89709884,True,False,False,0.68986052,0.80813551,54.052002,43.681342,0.5698557,0.7918294,43.410249,34.373512,0.89681445,0.83694976,32.205111,26.95406,0.42709408,0.7302098,5.9393981,4.3370067,0.41659684,0.79146037,12.097078,9.5743578,0.51062845,0.81047907,17.474527,14.162739,0.52958618,0.83257031,20.217686,16.832645,0.63584891,0.77060866,31.443919,24.230956
init,init,-1,,2325,041.Scissor_tailed_Flycatcher/Scissor_Tailed_Flycatcher_0110_42136.jpg,41,40,041.Scissor_tailed_Flycatcher,4,3,gaussian_blur,gaussian_blur,0,"{""sigma"":1.694904}",5.2591872,5.3204117,0.061224461,0.0051995292,0.0048907395,0.032962311,0.022365274,-0.027762782,-0.017474534,0.010288247,0.66113193,0.83536658,54.052002,45.153236,False,0.90798843,True,False,False,0.66113193,0.83536658,54.052002,45.153236,0.54063952,0.86575955,43.410249,37.582838,0.90761374,0.77710915,32.205111,25.026886,0.36599201,0.8628809,5.9393981,5.1249931,0.35679725,0.94240338,12.097078,11.400327,0.38050073,0.9233415,17.474527,16.134956,0.46385142,0.94858516,20.217686,19.178197,0.67833916,0.79703347,31.443919,25.061856
init,init,-1,,2325,041.Scissor_tailed_Flycatcher/Scissor_Tailed_Flycatcher_0110_42136.jpg,41,40,041.Scissor_tailed_Flycatcher,4,3,random_erasing,random_erasing,0,"{""area_fraction"":0.167342,""erased"":true,""height"":0.51238,""left"":0.627215,""top"":0.346478,""width"":0.326598}",5.2591872,5.1945977,-0.0645895,0.0051995292,0.0055464478,0.032962311,0.031941533,-0.027762782,-0.026395085,0.0013676966,0.89855949,0.95766291,54.052002,51.763597,False,0.96463996,True,False,False,0.89855949,0.95766291,54.052002,51.763597,0.86275405,0.9620406,43.410249,41.762422,0.96451215,0.94965737,32.205111,30.583821,0.93170779,0.90624221,5.9393981,5.3825332,0.83816801,1.0086727,12.097078,12.201993,0.83558547,0.97882465,17.474527,17.104498,0.84403716,0.93665128,20.217686,18.936921,0.88068948,0.9620335,31.443919,30.250104
init,init,-1,,8526,146.Forsters_Tern/Forsters_Tern_0118_151564.jpg,146,145,146.Forsters_Tern,96,95,identity,identity,0,{},6.8887329,6.8887329,0,0.0010192042,0.0010192042,0.026961526,0.026961526,-0.025942322,-0.025942322,0,1,1,57.89646,57.89646,False,1,True,False,False,1,1,57.89646,57.89646,1,1,50.866126,50.866126,1,1,27.652077,27.652077,1,1,12.623717,12.623717,1,1,18.833018,18.833018,1,1,20.688366,20.688366,1,1,21.364215,21.364215,1,1,34.480194,34.480194
init,init,-1,,8526,146.Forsters_Tern/Forsters_Tern_0118_151564.jpg,146,145,146.Forsters_Tern,96,95,horizontal_flip,horizontal_flip,0,"{""flipped"":true}",6.8887329,6.8773365,-0.011396408,0.0010192042,0.0010308863,0.026961526,0.017310278,-0.025942322,-0.016279392,0.0096629296,0.6733723,1.0903175,57.89646,63.125527,False,0.96444607,False,False,False,0.6733723,1.0903175,57.89646,63.125527,0.58536642,1.0842736,50.866126,55.1528,0.96427316,1.1105248,27.652077,30.708318,0.34714382,0.75468257,12.623717,9.5268994,0.37657299,1.1863857,18.833018,22.343223,0.51019128,1.1440424,20.688366,23.668369,0.52674899,1.0903053,21.364215,23.293517,0.73436103,1.0652403,34.480194,36.729692
init,init,-1,,8526,146.Forsters_Tern/Forsters_Tern_0118_151564.jpg,146,145,146.Forsters_Tern,96,95,color_jitter,color_jitter,0,"{""brightness"":0.817424,""contrast"":0.71577,""hue"":0.034309,""saturation"":1.015935}",6.8887329,6.6195526,-0.2691803,0.0010192042,0.0013340279,0.026961526,0.030494412,-0.025942322,-0.029160385,-0.0032180628,0.84730149,0.96294387,57.89646,55.751042,False,0.96647167,True,False,False,0.84730149,0.96294387,57.89646,55.751042,0.81227423,0.96404438,50.866126,49.037203,0.96643148,0.95921062,27.652077,26.524166,0.7485256,0.54084222,12.623717,6.8274393,0.67217862,0.99723829,18.833018,18.781007,0.77362966,1.0714084,20.688366,22.165689,0.8168599,0.97695927,21.364215,20.871968,0.88742451,0.95237993,34.480194,32.838245
init,init,-1,,8526,146.Forsters_Tern/Forsters_Tern_0118_151564.jpg,146,145,146.Forsters_Tern,96,95,rotation,rotation,0,"{""angle"":-9.291813}",6.8887329,6.8206625,-0.068070412,0.0010192042,0.0010909983,0.026961526,0.022667745,-0.025942322,-0.021576747,0.0043655749,0.70059398,1.1019731,57.89646,63.800342,False,0.91755438,False,False,False,0.70059398,1.1019731,57.89646,63.800342,0.63933152,1.1122546,50.866126,56.576083,0.91727935,1.0664478,27.652077,29.489498,0.85876135,1.3936321,12.623717,17.592818,0.53761034,1.1100507,18.833018,20.905605,0.57629515,1.1039229,20.688366,22.838361,0.53005453,1.1260943,21.364215,24.05812,0.7036661,1.0671524,34.480194,36.795621
init,init,-1,,8526,146.Forsters_Tern/Forsters_Tern_0118_151564.jpg,146,145,146.Forsters_Tern,96,95,random_resized_crop,random_resized_crop,0,"{""area_fraction"":0.833495,""aspect"":0.878243,""fallback"":false,""height"":0.974191,""left"":0.14105,""top"":0.002878,""width"":0.855576}",6.8887329,7.1614122,0.27267933,0.0010192042,0.00077595777,0.026961526,0.023331985,-0.025942322,-0.022556027,0.0033862946,0.77316782,1.0519381,57.89646,60.903495,False,0.96865219,False,False,False,0.77316782,1.0519381,57.89646,60.903495,0.71737373,1.0596149,50.866126,53.898503,0.96855763,1.0255357,27.652077,28.358191,0.57975655,0.71924569,12.623717,9.0795541,0.66559935,1.0646848,18.833018,20.051227,0.61321803,1.1613314,20.688366,24.026049,0.6896088,1.0814739,21.364215,23.10484,0.8044669,1.049491,34.480194,36.186655
init,init,-1,,8526,146.Forsters_Tern/Forsters_Tern_0118_151564.jpg,146,145,146.Forsters_Tern,96,95,gaussian_blur,gaussian_blur,0,"{""sigma"":1.108618}",6.8887329,7.1566725,0.26793957,0.0010192042,0.00077964453,0.026961526,0.030195238,-0.025942322,-0.029415594,-0.0034732718,0.74949917,1.0045069,57.89646,58.157393,False,0.94330561,True,False,False,0.74949917,1.0045069,57.89646,58.157393,0.69478031,1.0139717,50.866126,51.576815,0.94321841,0.97179645,27.652077,26.87219,0.61802742,0.66794152,12.623717,8.4319049,0.51974994,0.99447032,18.833018,18.728877,0.59778903,1.1145536,20.688366,23.058293,0.68832908,1.0829594,21.364215,23.136577,0.80355518,0.99258325,34.480194,34.224463
init,init,-1,,8526,146.Forsters_Tern/Forsters_Tern_0118_151564.jpg,146,145,146.Forsters_Tern,96,95,random_erasing,random_erasing,0,"{""area_fraction"":0.097624,""erased"":true,""height"":0.395004,""left"":0.72787,""top"":0.425833,""width"":0.247148}",6.8887329,6.8222041,-0.066528797,0.0010192042,0.0010893173,0.026961526,0.021685204,-0.025942322,-0.020595886,0.0053464355,0.8789038,0.96892562,57.89646,56.097364,False,0.97004682,False,False,False,0.8789038,0.96892562,57.89646,56.097364,0.85184032,0.96768487,50.866126,49.22238,0.96998047,0.9731123,27.652077,26.908576,0.9175877,1.0615117,12.623717,13.400224,0.79686095,0.91250219,18.833018,17.18517,0.81847468,0.95017502,20.688366,19.657569,0.8247964,0.98737838,21.364215,21.094564,0.88105428,0.96910004,34.480194,33.414758
init,init,-1,,6685,115.Brewer_Sparrow/Brewer_Sparrow_0069_796709.jpg,115,114,115.Brewer_Sparrow,129,128,identity,identity,0,{},5.6497602,5.6497602,0,0.0035183614,0.0035183614,0.032256115,0.032256115,-0.028737754,-0.028737754,0,1,1,43.3759,43.3759,False,0.99999988,True,False,False,1,1,43.3759,43.3759,1,1,35.774631,35.774631,1,1,24.528442,24.528442,1,1,4.5419116,4.5419116,1,1,12.208654,12.208654,1,1,13.247229,13.247229,1,1,15.848728,15.848728,1,1,26.143312,26.143312
init,init,-1,,6685,115.Brewer_Sparrow/Brewer_Sparrow_0069_796709.jpg,115,114,115.Brewer_Sparrow,129,128,horizontal_flip,horizontal_flip,0,"{""flipped"":true}",5.6497602,5.8131704,0.16341019,0.0035183614,0.0029879427,0.032256115,0.030324543,-0.028737754,-0.0273366,0.0014011536,0.71344846,1.1485687,43.3759,49.8202,False,0.97278494,True,False,False,0.71344846,1.1485687,43.3759,49.8202,0.59855045,1.1684855,35.774631,41.802137,0.97267148,1.105008,24.528442,27.104126,0.37997182,1.0834287,4.5419116,4.9208374,0.34147989,1.2126475,12.208654,14.804794,0.43756164,1.2453488,13.247229,16.49742,0.4982408,1.1128831,15.848728,17.637781,0.74371841,1.1606841,26.143312,30.344125
init,init,-1,,6685,115.Brewer_Sparrow/Brewer_Sparrow_0069_796709.jpg,115,114,115.Brewer_Sparrow,129,128,color_jitter,color_jitter,0,"{""brightness"":0.742607,""contrast"":1.152806,""hue"":0.002673,""saturation"":1.27489}",5.6497602,5.5590739,-0.090686321,0.0035183614,0.0038523432,0.032256115,0.030613763,-0.028737754,-0.02676142,0.0019763338,0.90762494,0.99165533,43.3759,43.013942,False,0.98841059,True,False,False,0.90762494,0.99165533,43.3759,43.013942,0.86956087,0.99084501,35.774631,35.447114,0.98839086,0.99337685,24.528442,24.365987,0.47310455,0.8776038,4.5419116,3.9859989,0.7622565,1.0039682,12.208654,12.2571,0.81293302,1.0203975,13.247229,13.517438,0.84797789,0.95619733,15.848728,15.154512,0.92669633,0.99598308,26.143312,26.038296
init,init,-1,,6685,115.Brewer_Sparrow/Brewer_Sparrow_0069_796709.jpg,115,114,115.Brewer_Sparrow,129,128,rotation,rotation,0,"{""angle"":10.203433}",5.6497602,5.933063,0.28330278,0.0035183614,0.0026503515,0.032256115,0.026239708,-0.028737754,-0.023589357,0.0051483973,0.66295429,1.0629199,43.3759,46.105109,False,0.92524427,True,False,False,0.66295429,1.0629199,43.3759,46.105109,0.54230905,1.0699953,35.774631,38.278685,0.92515135,1.0477104,24.528442,25.698703,-0.01646501,1.3744903,4.5419116,6.2428133,0.39869327,1.087845,12.208654,13.281124,0.28783434,1.0887301,13.247229,14.422656,0.47090608,0.99601233,15.848728,15.785529,0.68697447,1.0769463,26.143312,28.154944
init,init,-1,,6685,115.Brewer_Sparrow/Brewer_Sparrow_0069_796709.jpg,115,114,115.Brewer_Sparrow,129,128,random_resized_crop,random_resized_crop,0,"{""area_fraction"":0.797705,""aspect"":1.153926,""fallback"":false,""height"":0.831442,""left"":0.021714,""top"":0.093866,""width"":0.959423}",5.6497602,5.4901037,-0.15965652,0.0035183614,0.0041274158,0.032256115,0.032162443,-0.028737754,-0.028035027,0.00070272689,0.79079363,1.0210668,43.3759,44.289692,False,0.9732759,True,False,False,0.79079363,1.0210668,43.3759,44.289692,0.70734482,1.0295716,35.774631,36.832544,0.97324677,1.0027354,24.528442,24.595538,0.54566101,0.96260782,4.5419116,4.3720796,0.52356048,1.1190776,12.208654,13.662431,0.65554655,1.1639617,13.247229,15.419267,0.66617043,0.9878533,15.848728,15.656218,0.79131551,0.98860729,26.143312,25.845468
init,init,-1,,6685,115.Brewer_Sparrow/Brewer_Sparrow_0069_796709.jpg,115,114,115.Brewer_Sparrow,129,128,gaussian_blur,gaussian_blur,0,"{""sigma"":1.297887}",5.6497602,5.191133,-0.45862722,0.0035183614,0.0055656973,0.032256115,0.033121508,-0.028737754,-0.02755581,0.0011819436,0.7155994,1.2198141,43.3759,52.910533,False,0.93076396,True,False,False,0.7155994,1.2198141,43.3759,52.910533,0.63209275,1.2771369,35.774631,45.689102,0.93071781,1.0878758,24.528442,26.683898,0.41778224,1.649092,4.5419116,7.49003,0.5046889,1.630052,12.208654,19.900741,0.51776661,1.4734586,13.247229,19.519243,0.610559,1.2415881,15.848728,19.677592,0.74304803,1.1263812,26.143312,29.447334
init,init,-1,,6685,115.Brewer_Sparrow/Brewer_Sparrow_0069_796709.jpg,115,114,115.Brewer_Sparrow,129,128,random_erasing,random_erasing,0,"{""area_fraction"":0.100198,""erased"":true,""height"":0.488455,""left"":0.533594,""top"":0.359104,""width"":0.205133}",5.6497602,5.8585768,0.20881653,0.0035183614,0.0028553051,0.032256115,0.043104198,-0.028737754,-0.040248893,-0.011511139,0.69149563,1.2824987,43.3759,55.629534,False,0.91117501,True,False,False,0.69149563,1.2824987,43.3759,55.629534,0.59065437,1.2913164,35.774631,46.196367,0.91083431,1.2635369,24.528442,30.992591,0.52593788,1.0731949,4.5419116,4.8743565,0.44568402,1.1530149,12.208654,14.076761,0.46205206,1.3295667,13.247229,17.613075,0.5498998,1.266287,15.848728,20.069038,0.66848266,1.3246031,26.143312,34.629512
init,init,-1,,15,001.Black_footed_Albatross/Black_Footed_Albatross_0040_796066.jpg,1,0,001.Black_footed_Albatross,96,95,identity,identity,0,{},6.4547977,6.4547977,0,0.001572957,0.001572957,0.052729748,0.052729748,-0.051156791,-0.051156791,0,1,1,60.740614,60.740614,False,1,True,False,False,1,1,60.740614,60.740614,1,1,49.893605,49.893605,1,1,34.641742,34.641742,1,1,7.9782785,7.9782785,1,1,17.430882,17.430882,1,1,22.058074,22.058074,1,1,20.395161,20.395161,1,1,34.919365,34.919365
init,init,-1,,15,001.Black_footed_Albatross/Black_Footed_Albatross_0040_796066.jpg,1,0,001.Black_footed_Albatross,96,95,horizontal_flip,horizontal_flip,0,"{""flipped"":true}",6.4547977,6.3910775,-0.063720226,0.001572957,0.0016764487,0.052729748,0.061080284,-0.051156791,-0.059403836,-0.0082470445,0.75465845,0.97397675,60.740614,59.159945,False,0.97151917,True,False,False,0.75465845,0.97397675,60.740614,59.159945,0.6515934,0.97819955,49.893605,48.805902,0.97139046,0.9651581,34.641742,33.434758,0.34303485,1.1337244,7.9782785,9.0451694,0.52485559,1.0167072,17.430882,17.722103,0.63228324,1.0274114,22.058074,22.662716,0.54016792,0.96661466,20.395161,19.714261,0.75376145,0.94280899,34.919365,32.922291
init,init,-1,,15,001.Black_footed_Albatross/Black_Footed_Albatross_0040_796066.jpg,1,0,001.Black_footed_Albatross,96,95,color_jitter,color_jitter,0,"{""brightness"":1.122856,""contrast"":1.118432,""hue"":0.083745,""saturation"":0.771533}",6.4547977,6.0945468,-0.36025095,0.001572957,0.002255132,0.052729748,0.055809304,-0.051156791,-0.053554172,-0.002397381,0.80453698,0.98733682,60.740614,59.971444,False,0.93738747,True,False,False,0.80453698,0.98733682,60.740614,59.971444,0.74749838,1.016221,49.893605,50.702928,0.93708945,0.92454684,34.641742,32.027913,0.60246481,0.91035071,7.9782785,7.2630315,0.66584247,1.143603,17.430882,19.93401,0.71716448,1.0596272,22.058074,23.373336,0.72393076,1.0841551,20.395161,22.111518,0.80707115,0.94348776,34.919365,32.945993
init,init,-1,,15,001.Black_footed_Albatross/Black_Footed_Albatross_0040_796066.jpg,1,0,001.Black_footed_Albatross,96,95,rotation,rotation,0,"{""angle"":-5.987525}",6.4547977,6.3812246,-0.073573112,0.001572957,0.001693048,0.052729748,0.05272064,-0.051156791,-0.051027592,0.00012919935,0.77246483,0.99600139,60.740614,60.497735,False,0.96026552,True,False,False,0.77246483,0.99600139,60.740614,60.497735,0.69530826,1.0361487,49.893605,51.697192,0.96010359,0.90707173,34.641742,31.422545,0.3921751,1.0793478,7.9782785,8.6113372,0.5327887,1.0826352,17.430882,18.871287,0.619106,1.0787602,22.058074,23.795372,0.66566842,1.101462,20.395161,22.464495,0.80432912,0.98015499,34.919365,34.22639
init,init,-1,,15,001.Black_footed_Albatross/Black_Footed_Albatross_0040_796066.jpg,1,0,001.Black_footed_Albatross,96,95,random_resized_crop,random_resized_crop,0,"{""area_fraction"":0.712036,""aspect"":0.966101,""fallback"":false,""height"":0.858499,""left"":0.01579,""top"":0.062356,""width"":0.829397}",6.4547977,6.3316202,-0.12317753,0.001572957,0.0017791485,0.052729748,0.047900159,-0.051156791,-0.04612101,0.0050357807,0.82977737,0.93595052,60.740614,56.850209,False,0.9722681,True,False,False,0.82977737,0.93595052,60.740614,56.850209,0.76596129,0.95487306,49.893605,47.64206,0.9721266,0.8954236,34.641742,31.019033,0.66825493,1.0625737,7.9782785,8.4775091,0.70445216,1.0272168,17.430882,17.905296,0.73798715,1.0302922,22.058074,22.726261,0.68496346,0.96817027,20.395161,19.745988,0.83621013,0.89232568,34.919365,31.159446
init,init,-1,,15,001.Black_footed_Albatross/Black_Footed_Albatross_0040_796066.jpg,1,0,001.Black_footed_Albatross,96,95,gaussian_blur,gaussian_blur,0,"{""sigma"":1.362482}",6.4547977,5.9976754,-0.45712233,0.001572957,0.0024845209,0.052729748,0.049930677,-0.051156791,-0.047446156,0.0037106352,0.68083186,0.93993275,60.740614,57.092092,False,0.90905499,True,False,False,0.68083186,0.93993275,60.740614,57.092092,0.58490104,0.97445788,49.893605,48.619217,0.90874827,0.86392574,34.641742,29.927893,0.28840094,1.3403107,7.9782785,10.693372,0.39653392,1.2301134,17.430882,21.441962,0.52889922,0.95925392,22.058074,21.159294,0.5012553,0.99982786,20.395161,20.39165,0.74405198,0.87153141,34.919365,30.433323
init,init,-1,,15,001.Black_footed_Albatross/Black_Footed_Albatross_0040_796066.jpg,1,0,001.Black_footed_Albatross,96,95,random_erasing,random_erasing,0,"{""area_fraction"":0.087228,""erased"":true,""height"":0.235182,""left"":0.041144,""top"":0.621674,""width"":0.370898}",6.4547977,6.7191429,0.26434517,0.001572957,0.0012075729,0.052729748,0.0462754,-0.051156791,-0.045067827,0.0060889644,0.90918899,1.0347601,60.740614,62.851961,False,0.97782689,True,False,False,0.90918899,1.0347601,60.740614,62.851961,0.87792835,1.0496796,49.893605,52.372298,0.97768779,1.0031039,34.641742,34.749265,0.87537509,0.95653537,7.9782785,7.6315056,0.86999797,1.0193685,17.430882,17.768493,0.88669207,1.1066111,22.058074,24.40971,0.8376104,1.0935912,20.395161,22.303968,0.89231652,1.0227995,34.919365,35.715508
init,init,-1,,2402,042.Vermilion_Flycatcher/Vermilion_Flycatcher_0065_42467.jpg,42,41,042.Vermilion_Flycatcher,129,128,identity,identity,0,{},5.2493486,5.2493486,0,0.0052509396,0.0052509396,0.019589793,0.019589793,-0.014338853,-0.014338853,0,1,1,42.800019,42.800019,False,1,True,False,False,1,1,42.800019,42.800019,1,1,36.506838,36.506838,1,1,22.340376,22.340376,1,1,9.2687242,9.2687242,1,1,12.996919,12.996919,1,1,14.898123,14.898123,1,1,15.332428,15.332428,1,1,24.917517,24.917517
init,init,-1,,2402,042.Vermilion_Flycatcher/Vermilion_Flycatcher_0065_42467.jpg,42,41,042.Vermilion_Flycatcher,129,128,horizontal_flip,horizontal_flip,0,"{""flipped"":true}",5.2493486,5.1701317,-0.079216957,0.0052509396,0.0056838193,0.019589793,0.01729051,-0.014338853,-0.011606691,0.0027321624,0.67747527,0.98431302,42.800019,42.128616,False,0.95235205,False,False,False,0.67747527,0.98431302,42.800019,42.128616,0.57304319,0.98029867,36.506838,35.787605,0.95229158,0.99495335,22.340376,22.227632,0.54284409,0.77560556,9.2687242,7.1888741,0.49868924,0.99333818,12.996919,12.910336,0.51812821,1.0083573,14.898123,15.022632,0.4813198,0.9897319,15.332428,15.174993,0.65330398,0.98829764,24.917517,24.625923
init,init,-1,,2402,042.Vermilion_Flycatcher/Vermilion_Flycatcher_0065_42467.jpg,42,41,042.Vermilion_Flycatcher,129,128,color_jitter,color_jitter,0,"{""brightness"":1.386032,""contrast"":1.144564,""hue"":-0.032338,""saturation"":1.340892}",5.2493486,5.6764708,0.42712212,0.0052509396,0.0034256277,0.019589793,0.014595191,-0.014338853,-0.011169563,0.00316929,0.7304456,1.230252,42.800019,52.65481,False,0.93245018,False,False,False,0.7304456,1.230252,42.800019,52.65481,0.65996032,1.2509757,36.506838,45.669169,0.9322734,1.1731199,22.340376,26.207939,0.50801807,1.3472694,9.2687242,12.487468,0.6424989,1.3586729,12.996919,17.658562,0.63724034,1.2260624,14.898123,18.266029,0.59759006,1.3202346,15.332428,20.242401,0.72628107,1.1867993,24.917517,29.572093
init,init,-1,,2402,042.Vermilion_Flycatcher/Vermilion_Flycatcher_0065_42467.jpg,42,41,042.Vermilion_Flycatcher,129,128,rotation,rotation,0,"{""angle"":-8.105696}",5.2493486,5.3135014,0.064152718,0.0052509396,0.0049246522,0.019589793,0.020818843,-0.014338853,-0.01589419,-0.0015553371,0.74779118,1.0768806,42.800019,46.090511,False,0.95060837,True,False,False,0.74779118,1.0768806,42.800019,46.090511,0.66716379,1.056838,36.506838,38.581814,0.95054839,1.1286586,22.340376,25.214657,0.65105361,0.78137115,9.2687242,7.2423137,0.54641594,1.1447341,12.996919,14.878017,0.64100182,1.0429934,14.898123,15.538644,0.56809648,1.0457655,15.332428,16.034124,0.75322827,1.0740255,24.917517,26.762049
init,init,-1,,2402,042.Vermilion_Flycatcher/Vermilion_Flycatcher_0065_42467.jpg,42,41,042.Vermilion_Flycatcher,129,128,random_resized_crop,random_resized_crop,0,"{""area_fraction"":0.509267,""aspect"":1.05073,""fallback"":false,""height"":0.696189,""left"":0.010545,""top"":0.008869,""width"":0.731507}",5.2493486,5.1540084,-0.095340252,0.0052509396,0.0057762056,0.019589793,0.029182779,-0.014338853,-0.023406573,-0.0090677198,0.62883362,1.0836597,42.800019,46.380655,False,0.92747152,True,False,False,0.62883362,1.0836597,42.800019,46.380655,0.50816699,1.0583965,36.506838,38.638711,0.92729116,1.1484008,22.340376,25.655704,0.23870213,0.7998359,9.2687242,7.4134584,0.22498179,1.1298637,12.996919,14.684747,0.46532423,1.1038317,14.898123,16.44502,0.44501965,1.0153035,15.332428,15.567068,0.65875034,1.0690422,24.917517,26.637878
init,init,-1,,2402,042.Vermilion_Flycatcher/Vermilion_Flycatcher_0065_42467.jpg,42,41,042.Vermilion_Flycatcher,129,128,gaussian_blur,gaussian_blur,0,"{""sigma"":1.601276}",5.2493486,5.1682529,-0.081095695,0.0052509396,0.0056945095,0.019589793,0.028516391,-0.014338853,-0.022821882,-0.0084830285,0.54622344,1.2204184,42.800019,52.233931,False,0.91928041,True,False,False,0.54622344,1.2204184,42.800019,52.233931,0.40018272,1.2047519,36.506838,43.981682,0.9191314,1.2613002,22.340376,28.177921,-0.11183189,1.0600498,9.2687242,9.8253094,0.07635255,1.2656237,12.996919,16.449208,0.090033214,1.202565,14.898123,17.915962,0.43115748,1.2210643,15.332428,18.721881,0.65517467,1.2011495,24.917517,29.929662
init,init,-1,,2402,042.Vermilion_Flycatcher/Vermilion_Flycatcher_0065_42467.jpg,42,41,042.Vermilion_Flycatcher,129,128,random_erasing,random_erasing,0,"{""area_fraction"":0.189881,""erased"":true,""height"":0.524434,""left"":0.450953,""top"":0.084591,""width"":0.362069}",5.2493486,5.3386011,0.089252472,0.0052509396,0.0048025846,0.019589793,0.017894246,-0.014338853,-0.013091661,0.0012471923,0.63514734,1.1383261,42.800019,48.720377,False,0.91950405,False,False,False,0.63514734,1.1383261,42.800019,48.720377,0.52387895,1.123581,36.506838,41.018389,0.91932496,1.1767955,22.340376,26.290054,0.49774028,0.78718423,9.2687242,7.2961935,0.39601144,1.3858592,12.996919,18.0119,0.4348467,1.1088677,14.898123,16.520047,0.4755221,1.1259047,15.332428,17.262852,0.62993303,1.0872308,24.917517,27.091092
init,init,-1,,8836,151.Black_capped_Vireo/Black_Capped_Vireo_0022_797459.jpg,151,150,151.Black_capped_Vireo,129,128,identity,identity,0,{},6.4583502,6.4583502,0,0.0015673799,0.0015673799,0.050319064,0.050319064,-0.048751684,-0.048751684,0,1,1,49.527996,49.527996,False,0.99999988,True,False,False,1,1,49.527996,49.527996,1,1,40.564129,40.564129,1,1,28.417843,28.417843,1,1,7.3146998,7.3146998,1,1,13.186566,13.186566,1,1,16.635748,16.635748,1,1,17.344777,17.344777,1,1,28.99084,28.99084
init,init,-1,,8836,151.Black_capped_Vireo/Black_Capped_Vireo_0022_797459.jpg,151,150,151.Black_capped_Vireo,129,128,horizontal_flip,horizontal_flip,0,"{""flipped"":true}",6.4583502,6.4091582,-0.049191952,0.0015673799,0.00164641,0.050319064,0.05575737,-0.048751684,-0.05411096,-0.0053592754,0.67608111,1.1337903,49.527996,56.154362,False,0.96107143,True,False,False,0.67608111,1.1337903,49.527996,56.154362,0.55362,1.1759714,40.564129,47.702256,0.96093886,1.0425777,28.417843,29.62781,0.34501645,1.1547619,7.3146998,8.4467368,0.42027242,1.2226246,13.186566,16.12222,0.51993668,1.2707309,16.635748,21.13956,0.46306551,1.2479171,17.344777,21.644844,0.64941869,1.1064087,28.99084,32.075716
init,init,-1,,8836,151.Black_capped_Vireo/Black_Capped_Vireo_0022_797459.jpg,151,150,151.Black_capped_Vireo,129,128,color_jitter,color_jitter,0,"{""brightness"":0.967618,""contrast"":1.177042,""hue"":-0.015572,""saturation"":0.952661}",6.4583502,6.4102068,-0.048143387,0.0015673799,0.0016446849,0.050319064,0.050688185,-0.048751684,-0.0490435,-0.00029181538,0.94531573,1.0109737,49.527996,50.0715,False,0.99593151,True,False,False,0.94531573,1.0109737,49.527996,50.0715,0.92045,1.010572,40.564129,40.992972,0.99591957,1.0117917,28.417843,28.752937,0.91190032,1.0699028,7.3146998,7.8260178,0.84467229,0.94747164,13.186566,12.493898,0.90727555,1.0017168,16.635748,16.664309,0.89236162,1.0398208,17.344777,18.03546,0.95096108,1.0116129,28.99084,29.327507
init,init,-1,,8836,151.Black_capped_Vireo/Black_Capped_Vireo_0022_797459.jpg,151,150,151.Black_capped_Vireo,129,128,rotation,rotation,0,"{""angle"":13.892045}",6.4583502,6.2164116,-0.24193859,0.0015673799,0.0019963963,0.050319064,0.049690753,-0.048751684,-0.047694357,0.0010573276,0.60802544,1.0303315,49.527996,51.030257,False,0.90077764,True,False,False,0.60802544,1.0303315,49.527996,51.030257,0.47001228,1.043163,40.564129,42.314999,0.90059979,1.0036797,28.417843,28.522411,-0.14194211,1.4669842,7.3146998,10.730549,0.33366321,1.0863254,13.186566,14.324901,0.42521354,1.0277997,16.635748,17.098217,0.41329704,1.0483052,17.344777,18.182619,0.5967666,1.004029,28.99084,29.107645
init,init,-1,,8836,151.Black_capped_Vireo/Black_Capped_Vireo_0022_797459.jpg,151,150,151.Black_capped_Vireo,129,128,random_resized_crop,random_resized_crop,0,"{""area_fraction"":0.669157,""aspect"":1.000385,""fallback"":false,""height"":0.817863,""left"":0.039502,""top"":0.041995,""width"":0.818178}",6.4583502,6.1565843,-0.30176592,0.0015673799,0.0021194809,0.050319064,0.047450289,-0.048751684,-0.045330808,0.0034208762,0.66923263,1.0682294,49.527996,52.907261,False,0.94585741,True,False,False,0.66923263,1.0682294,49.527996,52.907261,0.54254385,1.0904173,40.564129,44.231827,0.9457469,1.0215309,28.417843,29.029705,-0.062994903,1.0533272,7.3146998,7.7047722,0.37641464,1.1835512,13.186566,15.606977,0.46087543,1.0784865,16.635748,17.94143,0.47630461,1.1659376,17.344777,20.222928,0.67556348,1.0477509,28.99084,30.37518
init,init,-1,,8836,151.Black_capped_Vireo/Black_Capped_Vireo_0022_797459.jpg,151,150,151.Black_capped_Vireo,129,128,gaussian_blur,gaussian_blur,0,"{""sigma"":1.038091}",6.4583502,6.1757612,-0.28258896,0.0015673799,0.0020792233,0.050319064,0.046727248,-0.048751684,-0.044648024,0.0041036602,0.81744398,1.0343193,49.527996,51.227762,False,0.96306199,True,False,False,0.81744398,1.0343193,49.527996,51.227762,0.75366023,1.0651411,40.564129,43.206521,0.96293238,0.96848866,28.417843,27.522359,0.62581765,0.99207852,7.3146998,7.2567566,0.61721352,1.0768535,13.186566,14.199999,0.6803659,1.0793718,16.635748,17.956157,0.71606963,1.1510245,17.344777,19.964264,0.83282921,1.0299158,28.99084,29.858123
init,init,-1,,8836,151.Black_capped_Vireo/Black_Capped_Vireo_0022_797459.jpg,151,150,151.Black_capped_Vireo,129,128,random_erasing,random_erasing,0,"{""area_fraction"":0.070747,""erased"":true,""height"":0.153515,""left"":0.369628,""top"":0.305093,""width"":0.46085}",6.4583502,6.235342,-0.22300816,0.0015673799,0.0019589595,0.050319064,0.080601446,-0.048751684,-0.078642487,-0.029890802,0.62711464,1.2370692,49.527996,61.269559,False,0.89079797,True,False,False,0.62711464,1.2370692,49.527996,61.269559,0.52488009,1.309887,40.564129,53.134426,0.89014926,1.0735241,28.417843,30.507239,0.021235764,1.3049958,7.3146998,9.5456523,0.34952999,1.5968884,13.186566,21.057475,0.53441879,1.47673,16.635748,24.56651,0.49236571,1.3187155,17.344777,22.872826,0.62637214,1.1758496,28.99084,34.088869
init,init,-1,,11647,198.Rock_Wren/Rock_Wren_0080_189340.jpg,198,197,198.Rock_Wren,129,128,identity,identity,0,{},5.6580772,5.6580772,0,0.00348922,0.00348922,0.023820389,0.023820389,-0.020331169,-0.020331169,0,1,1,49.9044,49.9044,False,1,True,False,False,1,1,49.9044,49.9044,1,1,43.23337,43.23337,1,1,24.92639,24.92639,1,1,10.893558,10.893558,1,1,14.882832,14.882832,1,1,16.66895,16.66895,1,1,18.191208,18.191208,1,1,30.334502,30.334502
init,init,-1,,11647,198.Rock_Wren/Rock_Wren_0080_189340.jpg,198,197,198.Rock_Wren,129,128,horizontal_flip,horizontal_flip,0,"{""flipped"":true}",5.6580772,5.5887518,-0.069325447,0.00348922,0.0037396939,0.023820389,0.026164588,-0.020331169,-0.022424894,-0.0020937247,0.64716514,1.1068623,49.9044,55.2373,False,0.952016,False,False,False,0.64716514,1.1068623,49.9044,55.2373,0.54407503,1.1018691,43.23337,47.637516,0.95187102,1.1217492,24.92639,27.961159,0.61246919,1.0885053,10.893558,11.857695,0.3103611,1.2053926,14.882832,17.939656,0.51041555,1.1667489,16.66895,19.44848,0.41146947,1.0282524,18.191208,18.705153,0.65548911,1.0827487,30.334502,32.844643
init,init,-1,,11647,198.Rock_Wren/Rock_Wren_0080_189340.jpg,198,197,198.Rock_Wren,129,128,color_jitter,color_jitter,0,"{""brightness"":0.851351,""contrast"":1.177205,""hue"":-0.024933,""saturation"":1.345069}",5.6580772,5.6065006,-0.051576614,0.00348922,0.003673902,0.023820389,0.028716415,-0.020331169,-0.025042513,-0.0047113441,0.80326679,1.0297048,49.9044,51.386803,False,0.96420997,True,False,False,0.80326679,1.0297048,49.9044,51.386803,0.74867314,1.0241409,43.23337,44.27706,0.96416437,1.0462645,24.92639,26.079598,0.59107216,1.2565194,10.893558,13.687967,0.51556144,1.093194,14.882832,16.269823,0.70783257,1.0696221,16.66895,17.829477,0.75113344,0.9620757,18.191208,17.501319,0.85438379,0.9802557,30.334502,29.735569
init,init,-1,,11647,198.Rock_Wren/Rock_Wren_0080_189340.jpg,198,197,198.Rock_Wren,129,128,rotation,rotation,0,"{""angle"":10.627642}",5.6580772,5.5555081,-0.1025691,0.00348922,0.003866103,0.023820389,0.025931569,-0.020331169,-0.022065466,-0.0017342968,0.67971982,0.94789522,49.9044,47.304143,False,0.92353952,True,False,False,0.67971982,0.94789522,49.9044,47.304143,0.588968,0.91433833,43.23337,39.529927,0.92343307,1.042351,24.92639,25.982048,0.56229687,0.91315892,10.893558,9.9475496,0.45664946,0.92112684,14.882832,13.708976,0.53419126,0.92330001,16.66895,15.390442,0.48570543,0.89173303,18.191208,16.221701,0.67712484,0.91815187,30.334502,27.85168
init,init,-1,,11647,198.Rock_Wren/Rock_Wren_0080_189340.jpg,198,197,198.Rock_Wren,129,128,random_resized_crop,random_resized_crop,0,"{""area_fraction"":0.611122,""aspect"":1.217711,""fallback"":false,""height"":0.708422,""left"":0.081593,""top"":0.134095,""width"":0.862653}",5.6580772,5.5410013,-0.11707592,0.00348922,0.0039225975,0.023820389,0.022194287,-0.020331169,-0.018271689,0.0020594797,0.68201505,0.83428803,49.9044,41.634644,False,0.92043471,True,False,False,0.68201505,0.83428803,49.9044,41.634644,0.59813106,0.82115822,43.23337,35.501437,0.9204172,0.87259596,24.92639,21.750668,0.65450368,1.0801002,10.893558,11.766134,0.5103531,0.7765747,14.882832,11.557631,0.55948122,0.84462533,16.66895,14.079017,0.4944927,0.79514295,18.191208,14.464611,0.66330184,0.79452796,30.334502,24.10161
init,init,-1,,11647,198.Rock_Wren/Rock_Wren_0080_189340.jpg,198,197,198.Rock_Wren,129,128,gaussian_blur,gaussian_blur,0,"{""sigma"":1.627343}",5.6580772,6.1695118,0.51143456,0.00348922,0.0020922564,0.023820389,0.027467528,-0.020331169,-0.025375272,-0.0050441029,0.59269216,1.2554191,49.9044,62.650938,False,0.92690957,True,False,False,0.59269216,1.2554191,49.9044,62.650938,0.50896692,1.3199252,43.23337,57.064814,0.92679436,1.0374605,24.92639,25.860145,0.10914947,1.7729626,10.893558,19.313871,0.27046808,1.5905171,14.882832,23.671399,0.44359605,1.3463144,16.66895,22.441647,0.50728998,1.3530776,18.191208,24.614116,0.70437802,1.1483968,30.334502,34.836045
init,init,-1,,11647,198.Rock_Wren/Rock_Wren_0080_189340.jpg,198,197,198.Rock_Wren,129,128,random_erasing,random_erasing,0,"{""area_fraction"":0.094417,""erased"":true,""height"":0.214597,""left"":0.170978,""top"":0.187552,""width"":0.439975}",5.6580772,5.8263168,0.16823959,0.00348922,0.0029489186,0.023820389,0.033737198,-0.020331169,-0.030788279,-0.01045711,0.86163716,1.118164,49.9044,55.801305,False,0.97811371,True,False,False,0.86163716,1.118164,49.9044,55.801305,0.82210378,1.1115789,43.23337,48.057301,0.9780039,1.1377443,24.92639,28.359857,0.7294833,1.0094004,10.893558,10.995961,0.74354117,1.0662478,14.882832,15.868786,0.81695757,1.1052649,16.66895,18.423605,0.79633041,1.1649652,18.191208,21.192124,0.86311415,1.1170673,30.334502,33.88568
init,init,-1,,9326,159.Black_and_white_Warbler/Black_And_White_Warbler_0081_110906.jpg,159,158,159.Black_and_white_Warbler,129,128,identity,identity,0,{},5.0565152,5.0565152,0,0.00636771,0.00636771,0.02499589,0.02499589,-0.01862818,-0.01862818,0,1,1,41.749935,41.749935,False,1,True,False,False,1,1,41.749935,41.749935,1,1,33.491746,33.491746,1,1,24.927094,24.927094,1,1,4.2650999,4.2650999,1,1,10.993628,10.993628,1,1,14.450868,14.450868,1,1,13.998984,13.998984,1,1,24.038448,24.038448
init,init,-1,,9326,159.Black_and_white_Warbler/Black_And_White_Warbler_0081_110906.jpg,159,158,159.Black_and_white_Warbler,129,128,horizontal_flip,horizontal_flip,0,"{""flipped"":true}",5.0565152,4.9437485,-0.11276674,0.00636771,0.0071278312,0.02499589,0.029154474,-0.01862818,-0.022026643,-0.0033984631,0.70533853,1.0105167,41.749935,42.189005,False,0.96985966,True,False,False,0.70533853,1.0105167,41.749935,42.189005,0.56648441,1.028554,33.491746,34.448071,0.96980693,0.97711231,24.927094,24.356571,0.33871976,0.93187673,4.2650999,3.9745474,0.45288969,1.0263249,10.993628,11.283033,0.55543543,0.99392628,14.450868,14.363098,0.43232619,1.0767068,13.998984,15.072801,0.64866456,1.0275103,24.038448,24.699754
init,init,-1,,9326,159.Black_and_white_Warbler/Black_And_White_Warbler_0081_110906.jpg,159,158,159.Black_and_white_Warbler,129,128,color_jitter,color_jitter,0,"{""brightness"":1.303172,""contrast"":1.065247,""hue"":0.01558,""saturation"":0.870441}",5.0565152,5.0758066,0.019291401,0.00636771,0.0062460452,0.02499589,0.022746224,-0.01862818,-0.016500179,0.0021280008,0.8820163,0.99049017,41.749935,41.3529,False,0.98928601,True,False,False,0.8820163,0.99049017,41.749935,41.3529,0.8213774,0.98276327,33.491746,32.914458,0.98926935,1.0042885,24.927094,25.033993,0.59276367,1.0688173,4.2650999,4.5586125,0.58679468,0.99058753,10.993628,10.89015,0.80223883,0.91008957,14.450868,13.151584,0.78752389,0.95594319,13.998984,13.382233,0.89540726,1.0121183,24.038448,24.329753
init,init,-1,,9326,159.Black_and_white_Warbler/Black_And_White_Warbler_0081_110906.jpg,159,158,159.Black_and_white_Warbler,129,128,rotation,rotation,0,"{""angle"":-11.799102}",5.0565152,5.154067,0.097551823,0.00636771,0.0057758666,0.02499589,0.028166629,-0.01862818,-0.022390763,-0.0037625832,0.70988387,1.0959899,41.749935,45.757506,False,0.93885237,True,False,False,0.70988387,1.0959899,41.749935,45.757506,0.57846273,1.0810678,33.491746,36.206849,0.93870504,1.1224254,24.927094,27.978803,0.23669967,1.3810941,4.2650999,5.8905044,0.48861879,1.2513426,10.993628,13.756794,0.62047366,1.0110392,14.450868,14.610394,0.45181337,1.0353588,13.998984,14.493972,0.64431643,1.0715133,24.038448,25.757516
init,init,-1,,9326,159.Black_and_white_Warbler/Black_And_White_Warbler_0081_110906.jpg,159,158,159.Black_and_white_Warbler,129,128,random_resized_crop,random_resized_crop,0,"{""area_fraction"":0.739945,""aspect"":0.979522,""fallback"":false,""height"":0.869146,""left"":0.127575,""top"":0.038829,""width"":0.851348}",5.0565152,5.1619329,0.10541773,0.00636771,0.0057306122,0.02499589,0.023753326,-0.01862818,-0.018022714,0.00060546538,0.7648799,1.0681819,41.749935,44.596525,False,0.97579408,True,False,False,0.7648799,1.0681819,41.749935,44.596525,0.65949688,1.1019345,33.491746,36.905711,0.97578172,1.0043828,24.927094,25.036344,0.67473392,1.1851325,4.2650999,5.0547085,0.46480319,1.1241158,10.993628,12.358111,0.65234166,1.2607138,14.450868,18.218408,0.57676521,1.1052374,13.998984,15.472201,0.74096281,1.0295137,24.038448,24.747912
init,init,-1,,9326,159.Black_and_white_Warbler/Black_And_White_Warbler_0081_110906.jpg,159,158,159.Black_and_white_Warbler,129,128,gaussian_blur,gaussian_blur,0,"{""sigma"":1.793537}",5.0565152,5.1508784,0.094363213,0.00636771,0.0057943119,0.02499589,0.035019111,-0.01862818,-0.029224799,-0.010596619,0.60751987,1.3887326,41.749935,57.979494,False,0.89216274,True,False,False,0.60751987,1.3887326,41.749935,57.979494,0.46770556,1.4404073,33.491746,48.241756,0.89175976,1.290218,24.927094,32.161386,0.23209791,1.5486874,4.2650999,6.6053065,0.24046497,1.7502358,10.993628,19.24144,0.43099998,1.5809891,14.450868,22.846665,0.3591046,1.4288806,13.998984,20.002876,0.60171871,1.3097857,24.038448,31.485215
init,init,-1,,9326,159.Black_and_white_Warbler/Black_And_White_Warbler_0081_110906.jpg,159,158,159.Black_and_white_Warbler,129,128,random_erasing,random_erasing,0,"{""area_fraction"":0.140876,""erased"":true,""height"":0.512077,""left"":0.224834,""top"":0.4683,""width"":0.275106}",5.0565152,5.3603201,0.30380487,0.00636771,0.004699402,0.02499589,0.031843945,-0.01862818,-0.027144543,-0.0085163638,0.76366346,1.1412969,41.749935,47.649073,False,0.92826056,True,False,False,0.76366346,1.1412969,41.749935,47.649073,0.68952255,1.202479,33.491746,40.27312,0.92810369,1.0216136,24.927094,25.465858,0.81822268,1.2617927,4.2650999,5.3816718,0.72115797,1.2635757,10.993628,13.891281,0.75418062,1.3175798,14.450868,19.040173,0.62940277,1.2503803,13.998984,17.504053,0.67602246,1.1247973,24.038448,27.038382
init,init,-1,,533,010.Red_winged_Blackbird/Red_Winged_Blackbird_0020_4050.jpg,10,9,010.Red_winged_Blackbird,58,57,identity,identity,0,{},4.945991,4.945991,0,0.0071118646,0.0071118646,0.030530909,0.030530909,-0.023419044,-0.023419044,0,1,1,63.544063,63.544063,False,1,True,False,False,1,1,63.544063,63.544063,1,1,56.399727,56.399727,1,1,29.273174,29.273174,1,1,21.571664,21.571664,1,1,23.875382,23.875382,1,1,23.130109,23.130109,1,1,23.987226,23.987226,1,1,32.174053,32.174053
init,init,-1,,533,010.Red_winged_Blackbird/Red_Winged_Blackbird_0020_4050.jpg,10,9,010.Red_winged_Blackbird,58,57,horizontal_flip,horizontal_flip,0,"{""flipped"":true}",4.945991,4.7786546,-0.16733646,0.0071118646,0.0084073031,0.030530909,0.020863889,-0.023419044,-0.012456586,0.010962459,0.73459935,0.89465936,63.544063,56.850291,False,0.9563483,True,False,False,0.73459935,0.89465936,63.544063,56.850291,0.67326678,0.88920915,56.399727,50.151153,0.95617513,0.91460686,29.273174,26.773446,0.87977707,0.95716089,21.571664,20.647553,0.7016692,0.8880931,23.875382,21.203562,0.59085445,0.82681291,23.130109,19.124273,0.516835,0.85664737,23.987226,20.548594,0.68302133,0.9068199,32.174053,29.176071
init,init,-1,,533,010.Red_winged_Blackbird/Red_Winged_Blackbird_0020_4050.jpg,10,9,010.Red_winged_Blackbird,58,57,color_jitter,color_jitter,0,"{""brightness"":1.391096,""contrast"":1.026073,""hue"":-0.053413,""saturation"":1.28437}",4.945991,4.7898402,-0.15615082,0.0071118646,0.0083137853,0.030530909,0.03490945,-0.023419044,-0.026595664,-0.0031766198,0.84365026,1.076568,63.544063,68.409504,False,0.96295393,True,False,False,0.84365026,1.076568,63.544063,68.409504,0.81027919,1.0660557,56.399727,60.125252,0.96277315,1.1147234,29.273174,32.631493,0.90136235,0.85995604,21.571664,18.550683,0.79982729,1.0197525,23.875382,24.34698,0.80210673,1.1236179,23.130109,25.989405,0.73512292,1.1187103,23.987226,26.834757,0.8389572,1.1131098,32.174053,35.813255
init,init,-1,,533,010.Red_winged_Blackbird/Red_Winged_Blackbird_0020_4050.jpg,10,9,010.Red_winged_Blackbird,58,57,rotation,rotation,0,"{""angle"":1.729979}",4.945991,5.1810398,0.23504877,0.0071118646,0.0056221583,0.030530909,0.027106525,-0.023419044,-0.021484367,0.0019346774,0.85810647,1.102557,63.544063,70.060953,False,0.97432286,True,False,False,0.85810647,1.102557,63.544063,70.060953,0.83196043,1.1301369,56.399727,63.739414,0.97427351,0.99350539,29.273174,29.083056,0.9465275,1.1990013,21.571664,25.864454,0.82252199,1.1452017,23.875382,27.342128,0.82888058,1.2584596,23.130109,29.108308,0.73541803,1.0727814,23.987226,25.73305,0.84236229,1.0478786,32.174053,33.714501
init,init,-1,,533,010.Red_winged_Blackbird/Red_Winged_Blackbird_0020_4050.jpg,10,9,010.Red_winged_Blackbird,58,57,random_resized_crop,random_resized_crop,0,"{""area_fraction"":0.629987,""aspect"":1.18147,""fallback"":false,""height"":0.730221,""left"":0.093061,""top"":0.075679,""width"":0.862734}",4.945991,5.4164515,0.47046041,0.0071118646,0.0044428851,0.030530909,0.033755209,-0.023419044,-0.029312324,-0.0058932798,0.71259629,0.87157821,63.544063,55.38362,False,0.94360095,True,False,False,0.71259629,0.87157821,63.544063,55.38362,0.64424603,0.85002121,56.399727,47.940964,0.943477,0.94731847,29.273174,27.731018,0.81830022,0.58042558,21.571664,12.520746,0.56726832,0.69429059,23.875382,16.576453,0.59400289,0.84302731,23.130109,19.499314,0.57504319,0.91702565,23.987226,21.996901,0.71171364,0.9841924,32.174053,31.665458
init,init,-1,,533,010.Red_winged_Blackbird/Red_Winged_Blackbird_0020_4050.jpg,10,9,010.Red_winged_Blackbird,58,57,gaussian_blur,gaussian_blur,0,"{""sigma"":1.375235}",4.945991,4.9401436,-0.0058474541,0.0071118646,0.0071535707,0.030530909,0.036826588,-0.023419044,-0.029673018,-0.0062539731,0.67938109,1.0231209,63.544063,65.013256,False,0.94332635,True,False,False,0.67938109,1.0231209,63.544063,65.013256,0.61121543,1.0315956,56.399727,58.181711,0.94320794,0.9910285,29.273174,29.010549,0.43457259,0.77588083,21.571664,16.737041,0.32753745,0.91044772,23.875382,21.737287,0.64349992,1.1990459,23.130109,27.734063,0.67404989,1.1326973,23.987226,27.170266,0.76601279,1.0425199,32.174053,33.542089
init,init,-1,,533,010.Red_winged_Blackbird/Red_Winged_Blackbird_0020_4050.jpg,10,9,010.Red_winged_Blackbird,58,57,random_erasing,random_erasing,0,"{""area_fraction"":0.099651,""erased"":true,""height"":0.56287,""left"":0.776913,""top"":0.421578,""width"":0.177041}",4.945991,5.1083212,0.16233015,0.0071118646,0.0060462239,0.030530909,0.03753905,-0.023419044,-0.031492826,-0.0080737816,0.81550375,1.0084986,63.544063,64.084099,False,0.94868034,True,False,False,0.81550375,1.0084986,63.544063,64.084099,0.77755107,0.9929813,56.399727,56.003874,0.94848277,1.0641226,29.273174,31.150246,0.91233666,0.8070994,21.571664,17.410478,0.83951644,0.87046064,23.875382,20.78258,0.761372,0.99741363,23.130109,23.070286,0.68489835,1.0558036,23.987226,25.3258,0.77562679,1.0890576,32.174053,35.039396
init,init,-1,,11755,200.Common_Yellowthroat/Common_Yellowthroat_0009_190578.jpg,200,199,200.Common_Yellowthroat,129,128,identity,identity,0,{},6.1012545,6.1012545,0,0.0022400566,0.0022400566,0.039124094,0.039124094,-0.036884037,-0.036884037,0,1,1,56.361472,56.361472,False,0.99999988,True,False,False,1,1,56.361472,56.361472,1,1,45.678075,45.678075,1,1,33.017101,33.017101,1,1,11.078883,11.078883,1,1,14.579158,14.579158,1,1,19.762777,19.762777,1,1,21.306903,21.306903,1,1,30.11049,30.11049
init,init,-1,,11755,200.Common_Yellowthroat/Common_Yellowthroat_0009_190578.jpg,200,199,200.Common_Yellowthroat,129,128,horizontal_flip,horizontal_flip,0,"{""flipped"":true}",6.1012545,6.0827971,-0.018457413,0.0022400566,0.0022817848,0.039124094,0.031747691,-0.036884037,-0.029465907,0.0074181308,0.65045084,1.0087932,56.361472,56.857067,False,0.95261121,True,False,False,0.65045084,1.0087932,56.361472,56.857067,0.49604438,1.0160499,45.678075,46.411205,0.9524046,0.99475621,33.017101,32.843966,0.27650406,0.75896201,11.078883,8.4084515,0.3765093,1.0727305,14.579158,15.639507,0.40545888,0.9848622,19.762777,19.463612,0.36925613,1.0032475,21.306903,21.376097,0.64583673,1.0517641,30.11049,31.669133
init,init,-1,,11755,200.Common_Yellowthroat/Common_Yellowthroat_0009_190578.jpg,200,199,200.Common_Yellowthroat,129,128,color_jitter,color_jitter,0,"{""brightness"":1.324882,""contrast"":1.116773,""hue"":-0.053219,""saturation"":1.387447}",6.1012545,5.7269983,-0.37425613,0.0022400566,0.0032568383,0.039124094,0.023938946,-0.036884037,-0.020682108,0.016201929,0.73219809,0.96143193,56.361472,54.187718,False,0.92789561,True,False,False,0.73219809,0.96143193,56.361472,54.187718,0.6298788,0.96057516,45.678075,43.877224,0.92752966,0.96306964,33.017101,31.797767,0.54586112,0.76311044,11.078883,8.4544116,0.54479881,1.0285997,14.579158,14.996118,0.56223298,0.97497395,19.762777,19.268193,0.57798021,0.94686791,21.306903,20.174822,0.71699803,0.96858011,30.11049,29.164421
init,init,-1,,11755,200.Common_Yellowthroat/Common_Yellowthroat_0009_190578.jpg,200,199,200.Common_Yellowthroat,129,128,rotation,rotation,0,"{""angle"":-10.326624}",6.1012545,5.6943855,-0.40686893,0.0022400566,0.0033648033,0.039124094,0.040768858,-0.036884037,-0.037404055,-0.00052001746,0.7425826,1.0189345,56.361472,57.428646,False,0.95096189,True,False,False,0.7425826,1.0189345,56.361472,57.428646,0.64080639,1.0397557,45.678075,47.494041,0.95065147,0.97784738,33.017101,32.285686,0.69266111,0.99075578,11.078883,10.976468,0.61727221,1.2303068,14.579158,17.936837,0.59387152,1.0671414,19.762777,21.089677,0.56040586,0.9925956,21.306903,21.149138,0.70512931,1.0081119,30.11049,30.354743
init,init,-1,,11755,200.Common_Yellowthroat/Common_Yellowthroat_0009_190578.jpg,200,199,200.Common_Yellowthroat,129,128,random_resized_crop,random_resized_crop,0,"{""area_fraction"":0.78148,""aspect"":0.807258,""fallback"":false,""height"":0.983904,""left"":0.006955,""top"":0.00777,""width"":0.794264}",6.1012545,6.0784631,-0.022791386,0.0022400566,0.0022916961,0.039124094,0.038765222,-0.036884037,-0.036473526,0.00041051162,0.76733208,1.0002423,56.361472,56.375128,False,0.96733582,True,False,False,0.76733208,1.0002423,56.361472,56.375128,0.66811923,1.0163807,45.678075,46.426313,0.96718387,0.96860417,33.017101,31.980502,0.78985404,1.1644991,11.078883,12.90135,0.59298303,1.1922419,14.579158,17.381883,0.59692672,1.0010281,19.762777,19.783095,0.57783586,1.0045164,21.306903,21.403134,0.75380217,0.96103464,30.11049,28.937224
init,init,-1,,11755,200.Common_Yellowthroat/Common_Yellowthroat_0009_190578.jpg,200,199,200.Common_Yellowthroat,129,128,gaussian_blur,gaussian_blur,0,"{""sigma"":1.916883}",6.1012545,5.8711557,-0.23009872,0.0022400566,0.0028196136,0.039124094,0.024319544,-0.036884037,-0.021499931,0.015384106,0.50230994,0.89656238,56.361472,50.531575,False,0.90844899,False,False,False,0.50230994,0.89656238,56.361472,50.531575,0.30520338,0.91748651,45.678075,41.909018,0.90793636,0.85508732,33.017101,28.232504,-0.052441231,0.6042857,11.078883,6.6948108,-0.11317104,0.93009143,14.579158,13.55995,0.11777156,1.1196791,19.762777,22.127968,0.27811945,0.92024864,21.306903,19.607648,0.57526796,0.84903771,30.11049,25.564941
init,init,-1,,11755,200.Common_Yellowthroat/Common_Yellowthroat_0009_190578.jpg,200,199,200.Common_Yellowthroat,129,128,random_erasing,random_erasing,0,"{""area_fraction"":0.15454,""erased"":true,""height"":0.615275,""left"":0.264928,""top"":0.081822,""width"":0.251172}",6.1012545,6.0166922,-0.084562302,0.0022400566,0.0024377203,0.039124094,0.029749159,-0.036884037,-0.027311438,0.0095725989,0.76695545,1.0169748,56.361472,57.318196,False,0.92601836,True,False,False,0.76695545,1.0169748,56.361472,57.318196,0.69249225,1.0479984,45.678075,47.87055,0.92564469,0.95478926,33.017101,31.524373,0.80418351,0.94056348,11.078883,10.420393,0.6693866,1.1248249,14.579158,16.399,0.68014506,1.0254996,19.762777,20.26672,0.64912201,1.0168631,21.306903,21.666203,0.71191859,1.0678845,30.11049,32.154524
init,init,-1,,5637,097.Orchard_Oriole/Orchard_Oriole_0005_91682.jpg,97,96,097.Orchard_Oriole,140,139,identity,identity,0,{},5.7083111,5.7083111,0,0.0033182714,0.0033182714,0.030225582,0.030225582,-0.026907311,-0.026907311,0,1,1,55.607366,55.607366,False,0.99999976,True,False,False,1,1,55.607366,55.607366,1,1,45.218067,45.218067,1,1,32.365191,32.365191,1,1,11.44915,11.44915,1,1,15.494101,15.494101,1,1,18.466393,18.466393,1,1,18.25027,18.25027,1,1,31.613975,31.613975
init,init,-1,,5637,097.Orchard_Oriole/Orchard_Oriole_0005_91682.jpg,97,96,097.Orchard_Oriole,140,139,horizontal_flip,horizontal_flip,0,"{""flipped"":true}",5.7083111,5.796793,0.088481903,0.0033182714,0.0030372806,0.030225582,0.030099219,-0.026907311,-0.027061938,-0.00015462702,0.72041633,0.97068807,55.607366,53.977407,False,0.97131646,True,False,False,0.72041633,0.97068807,55.607366,53.977407,0.59324202,0.97397578,45.218067,44.041302,0.97118461,0.96423833,32.365191,31.207757,0.43531358,0.81230467,11.44915,9.3001984,0.54994123,1.0419294,15.494101,16.143758,0.51295126,0.91439526,18.466393,16.885582,0.45687373,1.0215029,18.25027,18.642704,0.69643306,0.9799913,31.613975,30.98142
init,init,-1,,5637,097.Orchard_Oriole/Orchard_Oriole_0005_91682.jpg,97,96,097.Orchard_Oriole,140,139,color_jitter,color_jitter,0,"{""brightness"":1.058519,""contrast"":0.827197,""hue"":-0.094598,""saturation"":0.762045}",5.7083111,5.6930094,-0.015301704,0.0033182714,0.0033694389,0.030225582,0.020904232,-0.026907311,-0.017534793,0.0093725182,0.70155489,1.1033078,55.607366,61.352039,False,0.85763478,False,False,False,0.70155489,1.1033078,55.607366,61.352039,0.63666969,1.1591824,45.218067,52.41599,0.85705219,0.98515534,32.365191,31.884741,0.57384599,0.86646731,11.44915,9.9203146,0.61566413,1.1837763,15.494101,18.34155,0.57840871,1.1452957,18.466393,21.149481,0.57604694,1.3465212,18.25027,24.574376,0.69879122,1.123438,31.613975,35.51634
init,init,-1,,5637,097.Orchard_Oriole/Orchard_Oriole_0005_91682.jpg,97,96,097.Orchard_Oriole,140,139,rotation,rotation,0,"{""angle"":-12.24497}",5.7083111,5.6325483,-0.075762749,0.0033182714,0.0035794417,0.030225582,0.028435169,-0.026907311,-0.024855727,0.002051584,0.72342353,1.0430548,55.607366,58.001528,False,0.94793618,True,False,False,0.72342353,1.0430548,55.607366,58.001528,0.60629095,1.0361376,45.218067,46.85214,0.94775832,1.0564262,32.365191,34.191436,0.25647043,0.84524696,11.44915,9.6773596,0.41896477,1.0797709,15.494101,16.730079,0.47970991,0.95888994,18.466393,17.707238,0.54836557,1.0875588,18.25027,19.848241,0.7505169,1.0557924,31.613975,33.377795
init,init,-1,,5637,097.Orchard_Oriole/Orchard_Oriole_0005_91682.jpg,97,96,097.Orchard_Oriole,140,139,random_resized_crop,random_resized_crop,0,"{""area_fraction"":0.524403,""aspect"":0.799085,""fallback"":false,""height"":0.810096,""left"":0.132067,""top"":0.103706,""width"":0.647335}",5.7083111,5.8038235,0.09551239,0.0033182714,0.0030160011,0.030225582,0.041240606,-0.026907311,-0.038224605,-0.011317294,0.66937935,0.96487426,55.607366,53.654116,False,0.92496228,True,False,False,0.66937935,0.96487426,55.607366,53.654116,0.54193141,0.97283152,45.218067,43.989561,0.9244932,0.94914994,32.365191,30.719419,-0.072146314,0.70543753,11.44915,8.0766604,0.39386754,1.0202602,15.494101,15.808014,0.46446642,0.8664241,18.466393,15.999728,0.4791982,1.0297978,18.25027,18.794088,0.68310608,1.0056389,31.613975,31.792243
init,init,-1,,5637,097.Orchard_Oriole/Orchard_Oriole_0005_91682.jpg,97,96,097.Orchard_Oriole,140,139,gaussian_blur,gaussian_blur,0,"{""sigma"":1.45218}",5.7083111,5.1072736,-0.6010375,0.0033182714,0.0060525634,0.030225582,0.022236109,-0.026907311,-0.016183545,0.010723766,0.71718693,0.94590587,55.607366,52.599334,False,0.91728628,True,False,False,0.71718693,0.94590587,55.607366,52.599334,0.61689943,0.95205068,45.218067,43.049891,0.91685914,0.93379505,32.365191,30.222455,0.39983628,0.75029571,11.44915,8.5902484,0.57063203,0.96299088,15.494101,14.920678,0.61175911,0.95050148,18.466393,17.552334,0.54544001,1.0424861,18.25027,19.025653,0.68188119,0.94197036,31.613975,29.779427
init,init,-1,,5637,097.Orchard_Oriole/Orchard_Oriole_0005_91682.jpg,97,96,097.Orchard_Oriole,140,139,random_erasing,random_erasing,0,"{""area_fraction"":0.17666,""erased"":true,""height"":0.39581,""left"":0.112804,""top"":0.58169,""width"":0.446325}",5.7083111,5.4538741,-0.25443697,0.0033182714,0.0042796922,0.030225582,0.029005215,-0.026907311,-0.024725522,0.0021817887,0.80727472,0.96753575,55.607366,53.802115,False,0.94225532,True,False,False,0.80727472,0.96753575,55.607366,53.802115,0.73593948,0.95566812,45.218067,43.213465,0.94198291,0.99029106,32.365191,32.050959,0.84376873,0.90905812,11.44915,10.407943,0.71891744,0.89590723,15.494101,13.881277,0.6241238,0.86242323,18.466393,15.925846,0.66789252,0.98703148,18.25027,18.013591,0.78459056,0.99439268,31.613975,31.436705
init,init,-1,,2487,044.Frigatebird/Frigatebird_0080_43064.jpg,44,43,044.Frigatebird,8,7,identity,identity,0,{},4.5546722,4.5546722,0,0.010517947,0.010517947,0.025585163,0.025585163,-0.015067216,-0.015067216,0,1,1,56.788961,56.788961,False,0.99999988,True,False,False,1,1,56.788961,56.788961,1,1,47.66323,47.66323,1,1,30.873981,30.873981,1,1,10.867851,10.867851,1,1,17.612342,17.612342,1,1,17.13467,17.13467,1,1,19.704597,19.704597,1,1,34.082409,34.082409
init,init,-1,,2487,044.Frigatebird/Frigatebird_0080_43064.jpg,44,43,044.Frigatebird,8,7,horizontal_flip,horizontal_flip,0,"{""flipped"":true}",4.5546722,4.5657072,0.011034966,0.010517947,0.010402521,0.025585163,0.033135191,-0.015067216,-0.022732669,-0.0076654535,0.6680342,0.92601401,56.788961,52.587374,False,0.94771409,True,False,False,0.6680342,0.92601401,56.788961,52.587374,0.5468051,0.91651787,47.66323,43.684202,0.94755908,0.94826299,30.873981,29.276653,0.50361216,0.9194556,10.867851,9.9925065,0.36115432,0.80160874,17.612342,14.118208,0.36837543,0.96797175,17.13467,16.585876,0.43093747,0.92390759,19.704597,18.205227,0.68083329,0.92904463,34.082409,31.664079
init,init,-1,,2487,044.Frigatebird/Frigatebird_0080_43064.jpg,44,43,044.Frigatebird,8,7,color_jitter,color_jitter,0,"{""brightness"":1.076325,""contrast"":0.91505,""hue"":-0.01049,""saturation"":1.158916}",4.5546722,4.595036,0.040363789,0.010517947,0.010101858,0.025585163,0.026276376,-0.015067216,-0.016174519,-0.0011073025,0.93594252,1.0515146,56.788961,59.714425,False,0.9942292,True,False,False,0.93594252,1.0515146,56.788961,59.714425,0.91220168,1.0593293,47.66323,50.491054,0.99420228,1.0326515,30.873981,31.882063,0.82648965,1.1340785,10.867851,12.324996,0.86178621,1.0256373,17.612342,18.063876,0.87912175,1.0886468,17.13467,18.653602,0.88937473,1.0787591,19.704597,21.256514,0.95198707,1.0461664,34.082409,35.655872
init,init,-1,,2487,044.Frigatebird/Frigatebird_0080_43064.jpg,44,43,044.Frigatebird,8,7,rotation,rotation,0,"{""angle"":5.921578}",4.5546722,4.7494011,0.19472885,0.010517947,0.008656879,0.025585163,0.016900782,-0.015067216,-0.0082439026,0.0068233134,0.73258293,1.0180747,56.788961,57.815404,False,0.9482677,False,False,False,0.73258293,1.0180747,56.788961,57.815404,0.64835292,1.0370876,47.66323,49.430943,0.94806595,0.9712616,30.873981,29.986712,0.36231511,1.432596,10.867851,15.56924,0.4751226,0.97155281,17.612342,17.111321,0.50433681,1.0033545,17.13467,17.192147,0.60185696,1.0777798,19.704597,21.237216,0.79425533,1.0000085,34.082409,34.082698
init,init,-1,,2487,044.Frigatebird/Frigatebird_0080_43064.jpg,44,43,044.Frigatebird,8,7,random_resized_crop,random_resized_crop,0,"{""area_fraction"":0.662676,""aspect"":1.158102,""fallback"":false,""height"":0.756445,""left"":0.042753,""top"":0.179115,""width"":0.87604}",4.5546722,4.3052387,-0.24943352,0.010517947,0.013497661,0.025585163,0.016577991,-0.015067216,-0.0030803299,0.011986886,0.6626874,0.97784141,56.788961,55.530598,False,0.91679889,False,False,False,0.6626874,0.97784141,56.788961,55.530598,0.56141759,0.99133713,47.66323,47.250329,0.91645172,0.94490003,30.873981,29.172825,0.41126838,0.81391667,10.867851,8.8455251,0.28742649,0.90609274,17.612342,15.958416,0.39863098,1.1030486,17.13467,18.900374,0.50416819,1.0125021,19.704597,19.950946,0.70838157,0.99257073,34.082409,33.829202
init,init,-1,,2487,044.Frigatebird/Frigatebird_0080_43064.jpg,44,43,044.Frigatebird,8,7,gaussian_blur,gaussian_blur,0,"{""sigma"":1.033653}",4.5546722,4.4687042,-0.085968018,0.010517947,0.01146216,0.025585163,0.026177835,-0.015067216,-0.014715674,0.00035154168,0.71815866,1.0065457,56.788961,57.160687,False,0.93372285,True,False,False,0.71815866,1.0065457,56.788961,57.160687,0.63168753,1.0188091,47.66323,48.559731,0.93358873,0.9766977,30.873981,30.154546,0.18694152,1.2056105,10.867851,13.102395,0.34081588,0.86296452,17.612342,15.198827,0.51559312,1.0348559,17.13467,17.731913,0.61576756,1.0878778,19.704597,21.436194,0.79168884,1.0084988,34.082409,34.37207
init,init,-1,,2487,044.Frigatebird/Frigatebird_0080_43064.jpg,44,43,044.Frigatebird,8,7,random_erasing,random_erasing,0,"{""area_fraction"":0.123997,""erased"":true,""height"":0.43299,""left"":0.336634,""top"":0.519832,""width"":0.286374}",4.5546722,4.3214326,-0.23323965,0.010517947,0.013280842,0.025585163,0.024103522,-0.015067216,-0.01082268,0.0042445362,0.83222955,1.0541054,56.788961,59.861552,False,0.95069301,True,False,False,0.83222955,1.0541054,56.788961,59.861552,0.78528855,1.0690677,47.66323,50.95522,0.95049306,1.0175589,30.873981,31.416094,0.7532868,1.4231438,10.867851,15.466515,0.7356088,1.0426027,17.612342,18.362676,0.68753959,1.0715691,17.13467,18.360983,0.75412195,1.088208,19.704597,21.442701,0.84546202,1.0261337,34.082409,34.973109
init,init,-1,,7243,124.Le_Conte_Sparrow/Le_Conte_Sparrow_0078_117052.jpg,124,123,124.Le_Conte_Sparrow,4,3,identity,identity,0,{},5.7177691,5.7177691,0,0.0032870355,0.0032870355,0.035897512,0.035897512,-0.032610476,-0.032610476,0,1,1,51.097017,51.097017,False,1,True,False,False,1,1,51.097017,51.097017,1,1,41.79832,41.79832,1,1,29.390569,29.390569,1,1,5.9975723,5.9975723,1,1,14.353641,14.353641,1,1,18.103091,18.103091,1,1,18.845747,18.845747,1,1,28.674337,28.674337
init,init,-1,,7243,124.Le_Conte_Sparrow/Le_Conte_Sparrow_0078_117052.jpg,124,123,124.Le_Conte_Sparrow,4,3,horizontal_flip,horizontal_flip,0,"{""flipped"":true}",5.7177691,5.6236916,-0.094077587,0.0032870355,0.0036112857,0.035897512,0.016554698,-0.032610476,-0.012943413,0.019667064,0.67479805,0.98209701,51.097017,50.182227,False,0.94363689,False,False,False,0.67479805,0.98209701,51.097017,50.182227,0.55304177,1.0072936,41.79832,42.103181,0.94331304,0.92904892,29.390569,27.305276,0.61732231,1.1338634,5.9975723,6.8004277,0.52730793,1.2455427,14.353641,17.878072,0.47338744,1.0273949,18.103091,18.599024,0.42759448,0.93529085,18.845747,17.626255,0.65107748,0.95520054,28.674337,27.389743
init,init,-1,,7243,124.Le_Conte_Sparrow/Le_Conte_Sparrow_0078_117052.jpg,124,123,124.Le_Conte_Sparrow,4,3,color_jitter,color_jitter,0,"{""brightness"":1.139963,""contrast"":0.882691,""hue"":0.024947,""saturation"":0.977952}",5.7177691,5.7950048,0.077235699,0.0032870355,0.0030427165,0.035897512,0.031500477,-0.032610476,-0.028457761,0.0041527157,0.93506329,0.98662143,51.097017,50.413412,False,0.99017596,False,False,False,0.93506329,0.98662143,51.097017,50.413412,0.90794023,0.98790393,41.79832,41.292725,0.99014259,0.98402238,29.390569,28.920977,0.85111166,1.2317156,5.9975723,7.3873032,0.90097662,1.0470431,14.353641,15.028881,0.87888416,0.95195553,18.103091,17.233338,0.89240193,0.98933658,18.845747,18.644787,0.93307136,0.97400967,28.674337,27.929082
init,init,-1,,7243,124.Le_Conte_Sparrow/Le_Conte_Sparrow_0078_117052.jpg,124,123,124.Le_Conte_Sparrow,4,3,rotation,rotation,0,"{""angle"":-11.10264}",5.7177691,5.8746581,0.15688896,0.0032870355,0.0028097546,0.035897512,0.022857644,-0.032610476,-0.020047889,0.012562587,0.71121169,1.0080536,51.097017,51.508531,False,0.93792713,False,False,False,0.71121169,1.0080536,51.097017,51.508531,0.61792754,1.0558574,41.79832,44.133064,0.93771655,0.90367061,29.390569,26.559393,0.51664222,1.1881326,5.9975723,7.125911,0.55189142,1.1336517,14.353641,16.272029,0.57418847,0.9963607,18.103091,18.037209,0.51939601,1.0962266,18.845747,20.65921,0.70440869,1.0345568,28.674337,29.665232
init,init,-1,,7243,124.Le_Conte_Sparrow/Le_Conte_Sparrow_0078_117052.jpg,124,123,124.Le_Conte_Sparrow,4,3,random_resized_crop,random_resized_crop,0,"{""area_fraction"":0.787148,""aspect"":1.090784,""fallback"":false,""height"":0.849491,""left"":0.0268,""top"":0.073604,""width"":0.926611}",5.7177691,5.619154,-0.09861517,0.0032870355,0.0036277079,0.035897512,0.02201567,-0.032610476,-0.018387962,0.014222514,0.77905953,0.9641272,51.097017,49.264024,False,0.95904934,False,False,False,0.77905953,0.9641272,51.097017,49.264024,0.69667188,0.98533418,41.79832,41.185314,0.95884238,0.91974136,29.390569,27.031722,0.51109105,0.94461684,5.9975723,5.6654078,0.68664534,1.0923691,14.353641,15.679473,0.63813769,0.99702381,18.103091,18.049213,0.61351766,0.95497701,18.845747,17.997255,0.76834575,0.96685247,28.674337,27.723854
init,init,-1,,7243,124.Le_Conte_Sparrow/Le_Conte_Sparrow_0078_117052.jpg,124,123,124.Le_Conte_Sparrow,4,3,gaussian_blur,gaussian_blur,0,"{""sigma"":1.121187}",5.7177691,5.8973432,0.17957401,0.0032870355,0.0027467324,0.035897512,0.018984541,-0.032610476,-0.016237809,0.016372668,0.71287865,1.0120887,51.097017,51.714711,False,0.94912666,False,False,False,0.71287865,1.0120887,51.097017,51.714711,0.61523191,1.0593504,41.79832,44.279067,0.94890287,0.90901878,29.390569,26.716579,0.30096671,1.4326467,5.9975723,8.5924019,0.5556859,1.3638318,14.353641,19.575951,0.55782135,1.119056,18.103091,20.258372,0.5235102,1.0081269,18.845747,18.998905,0.74105427,0.94369126,28.674337,27.059722
init,init,-1,,7243,124.Le_Conte_Sparrow/Le_Conte_Sparrow_0078_117052.jpg,124,123,124.Le_Conte_Sparrow,4,3,random_erasing,random_erasing,0,"{""area_fraction"":0.182002,""erased"":true,""height"":0.446789,""left"":0.502944,""top"":0.231008,""width"":0.407355}",5.7177691,5.559196,-0.15857315,0.0032870355,0.0038518719,0.035897512,0.03597936,-0.032610476,-0.032127488,0.00048298808,0.80161497,1.0266117,51.097017,52.456795,False,0.95982361,True,False,False,0.80161497,1.0266117,51.097017,52.456795,0.72463606,1.0316742,41.79832,43.12225,0.95972633,1.0162953,29.390569,29.869498,0.62966619,1.1718449,5.9975723,7.0282244,0.64078613,0.99430075,14.353641,14.271836,0.60942218,0.98431721,18.103091,17.819184,0.67779996,1.017883,18.845747,19.182765,0.81210543,1.058336,28.674337,30.347083
init,init,-1,,3438,060.Glaucous_winged_Gull/Glaucous_Winged_Gull_0093_44724.jpg,60,59,060.Glaucous_winged_Gull,8,7,identity,identity,0,{},4.9860544,4.9860544,0,0.0068325703,0.0068325703,0.02700253,0.02700253,-0.02016996,-0.02016996,0,1,1,50.503861,50.503861,False,1,True,False,False,1,1,50.503861,50.503861,1,1,41.912081,41.912081,1,1,28.178315,28.178315,1,1,6.129593,6.129593,1,1,12.827538,12.827538,1,1,18.225205,18.225205,1,1,17.908804,17.908804,1,1,30.027014,30.027014
init,init,-1,,3438,060.Glaucous_winged_Gull/Glaucous_Winged_Gull_0093_44724.jpg,60,59,060.Glaucous_winged_Gull,8,7,horizontal_flip,horizontal_flip,0,"{""flipped"":true}",4.9860544,5.4743786,0.48832417,0.0068325703,0.0041928329,0.02700253,0.033865768,-0.02016996,-0.029672936,-0.0095029757,0.68781252,1.0641759,50.503861,53.744994,False,0.9372409,True,False,False,0.68781252,1.0641759,50.503861,53.744994,0.58333775,1.0867157,41.912081,45.546516,0.93708908,1.0125295,28.178315,28.531374,0.48173777,1.214739,6.129593,7.4458557,0.38728248,1.1347671,12.827538,14.556268,0.53489619,1.0850844,18.225205,19.775885,0.49380534,1.1246187,17.908804,20.140576,0.67928544,1.0586226,30.027014,31.787277
init,init,-1,,3438,060.Glaucous_winged_Gull/Glaucous_Winged_Gull_0093_44724.jpg,60,59,060.Glaucous_winged_Gull,8,7,color_jitter,color_jitter,0,"{""brightness"":0.804989,""contrast"":0.934494,""hue"":-0.017592,""saturation"":1.345848}",4.9860544,5.0581288,0.072074413,0.0068325703,0.0063574454,0.02700253,0.025499342,-0.02016996,-0.019141897,0.0010280632,0.8893279,1.1016778,50.503861,55.638984,False,0.98164475,True,False,False,0.8893279,1.1016778,50.503861,55.638984,0.85196063,1.1294828,41.912081,47.338975,0.9815906,1.0375198,28.178315,29.235561,0.6666571,1.1498347,6.129593,7.0480189,0.75417846,1.3872246,12.827538,17.794676,0.85628785,1.0900331,18.225205,19.866077,0.8234987,1.151278,17.908804,20.618013,0.89751457,1.0816617,30.027014,32.47907
init,init,-1,,3438,060.Glaucous_winged_Gull/Glaucous_Winged_Gull_0093_44724.jpg,60,59,060.Glaucous_winged_Gull,8,7,rotation,rotation,0,"{""angle"":11.224906}",4.9860544,4.8877239,-0.098330498,0.0068325703,0.0075385631,0.02700253,0.021853499,-0.02016996,-0.014314936,0.0058550239,0.64530656,0.97878652,50.503861,49.432499,False,0.91837436,True,False,False,0.64530656,0.97878652,50.503861,49.432499,0.53186768,1.001749,41.912081,41.985384,0.91821813,0.92596504,28.178315,26.092135,-0.009849537,1.4147245,6.129593,8.6716857,0.34489489,1.0560756,12.827538,13.54685,0.48131001,0.93618128,18.225205,17.062096,0.42528256,1.0706724,17.908804,19.174462,0.66530351,0.96825264,30.027014,29.073735
init,init,-1,,3438,060.Glaucous_winged_Gull/Glaucous_Winged_Gull_0093_44724.jpg,60,59,060.Glaucous_winged_Gull,8,7,random_resized_crop,random_resized_crop,0,"{""area_fraction"":0.522138,""aspect"":0.824865,""fallback"":false,""height"":0.795612,""left"":0.056322,""top"":0.200215,""width"":0.656272}",4.9860544,4.9143929,-0.071661472,0.0068325703,0.0073401737,0.02700253,0.017501473,-0.02016996,-0.0101613,0.01000866,0.66726077,0.92098314,50.503861,46.513204,False,0.91730279,False,False,False,0.66726077,0.92098314,50.503861,46.513204,0.54955048,0.90833474,41.912081,38.070199,0.91710318,0.94836623,28.178315,26.723363,0.41869115,1.0287321,6.129593,6.305709,0.41239018,1.0298774,12.827538,13.210792,0.56258888,0.86498125,18.225205,15.764461,0.45177745,0.89393551,17.908804,16.009316,0.61575044,0.89995269,30.027014,27.022892
init,init,-1,,3438,060.Glaucous_winged_Gull/Glaucous_Winged_Gull_0093_44724.jpg,60,59,060.Glaucous_winged_Gull,8,7,gaussian_blur,gaussian_blur,0,"{""sigma"":1.128844}",4.9860544,4.9034066,-0.0826478,0.0068325703,0.0074212607,0.02700253,0.019613605,-0.02016996,-0.012192344,0.0079776156,0.6860478,1.0398816,50.503861,52.518037,False,0.91994822,True,False,False,0.6860478,1.0398816,50.503861,52.518037,0.58663255,1.0578714,41.912081,44.337592,0.91975349,0.99893187,28.178315,28.148217,-0.14273925,1.2274659,6.129593,7.5238662,0.42749494,1.1790967,12.827538,15.124907,0.50674892,1.0138052,18.225205,18.476807,0.49825925,1.0387389,17.908804,18.602571,0.71562461,1.0494532,30.027014,31.511945
init,init,-1,,3438,060.Glaucous_winged_Gull/Glaucous_Winged_Gull_0093_44724.jpg,60,59,060.Glaucous_winged_Gull,8,7,random_erasing,random_erasing,0,"{""area_fraction"":0.13252,""erased"":true,""height"":0.204326,""left"":0.263823,""top"":0.435674,""width"":0.648573}",4.9860544,5.8193493,0.83329487,0.0068325703,0.0029695376,0.02700253,0.026427703,-0.02016996,-0.023458165,-0.0032882055,0.62242899,1.1364095,50.503861,57.393066,False,0.85538852,True,False,False,0.62242899,1.1364095,50.503861,57.393066,0.5313409,1.1786267,41.912081,49.398697,0.85513973,1.0369217,28.178315,29.218706,0.29562029,1.1607408,6.129593,7.1148689,0.39025334,1.2802237,12.827538,16.422118,0.564038,1.2375824,18.225205,22.555194,0.45528268,1.1906273,17.908804,21.322712,0.58685778,1.1325729,30.027014,34.007781
init,init,-1,,2254,040.Olive_sided_Flycatcher/Olive_Sided_Flycatcher_0086_30553.jpg,40,39,040.Olive_sided_Flycatcher,88,87,identity,identity,0,{},4.8736935,4.8736935,0,0.0076450771,0.0076450771,0.029941866,0.029941866,-0.022296789,-0.022296789,0,1,1,52.877771,52.877771,False,1,True,False,False,1,1,52.877771,52.877771,1,1,45.73348,45.73348,1,1,26.542561,26.542561,1,1,11.607487,11.607487,1,1,17.466615,17.466615,1,1,18.334868,18.334868,1,1,20.108217,20.108217,1,1,30.186537,30.186537
init,init,-1,,2254,040.Olive_sided_Flycatcher/Olive_Sided_Flycatcher_0086_30553.jpg,40,39,040.Olive_sided_Flycatcher,88,87,horizontal_flip,horizontal_flip,0,"{""flipped"":true}",4.8736935,5.0844259,0.21073246,0.0076450771,0.0061924425,0.029941866,0.020175306,-0.022296789,-0.013982864,0.0083139255,0.68169618,1.0184938,52.877771,53.855681,False,0.95676935,False,False,False,0.68169618,1.0184938,52.877771,53.855681,0.58812557,1.0157797,45.73348,46.455143,0.95661439,1.0265089,26.542561,27.246176,0.46475398,1.1875473,11.607487,13.784439,0.68179599,1.0719077,17.466615,18.722599,0.48370539,0.95119328,18.334868,17.440003,0.51819767,0.96863443,20.108217,19.477512,0.64447289,1.0124223,30.186537,30.561522
init,init,-1,,2254,040.Olive_sided_Flycatcher/Olive_Sided_Flycatcher_0086_30553.jpg,40,39,040.Olive_sided_Flycatcher,88,87,color_jitter,color_jitter,0,"{""brightness"":0.643702,""contrast"":0.993171,""hue"":0.020503,""saturation"":0.960713}",4.8736935,5.1837835,0.31009007,0.0076450771,0.0056067524,0.029941866,0.035078295,-0.022296789,-0.029471542,-0.0071747531,0.83676462,1.0371455,52.877771,54.841944,False,0.97717041,True,False,False,0.83676462,1.0371455,52.877771,54.841944,0.78889215,1.0337487,45.73348,47.276926,0.97711999,1.0471651,26.542561,27.794443,0.42971117,0.73321224,11.607487,8.5107512,0.6695343,1.0573234,17.466615,18.467862,0.74412392,1.1249116,18.334868,20.625105,0.79245269,1.012893,20.108217,20.367472,0.8896715,1.0377822,30.186537,31.32705
init,init,-1,,2254,040.Olive_sided_Flycatcher/Olive_Sided_Flycatcher_0086_30553.jpg,40,39,040.Olive_sided_Flycatcher,88,87,rotation,rotation,0,"{""angle"":10.942002}",4.8736935,4.948626,0.074932575,0.0076450771,0.0070931478,0.029941866,0.024857216,-0.022296789,-0.017764068,0.0045327214,0.68782431,0.97169018,52.877771,51.380811,False,0.92665148,False,False,False,0.68782431,0.97169018,52.877771,51.380811,0.59137474,0.9023513,45.73348,41.267665,0.92636757,1.1532394,26.542561,30.609926,0.30948963,0.72330094,11.607487,8.3957059,0.43453209,0.73613608,17.466615,12.857805,0.57622671,0.92127574,18.334868,16.891469,0.56703674,0.92411573,20.108217,18.58232,0.68493696,0.95816807,30.186537,28.923775
init,init,-1,,2254,040.Olive_sided_Flycatcher/Olive_Sided_Flycatcher_0086_30553.jpg,40,39,040.Olive_sided_Flycatcher,88,87,random_resized_crop,random_resized_crop,0,"{""area_fraction"":0.513642,""aspect"":1.244153,""fallback"":false,""height"":0.64253,""left"":0.014955,""top"":0.00017,""width"":0.799405}",4.8736935,5.0957518,0.2220583,0.0076450771,0.0061227013,0.029941866,0.020751784,-0.022296789,-0.014629082,0.0076677068,0.63875012,0.9693003,52.877771,51.254439,False,0.93374598,False,False,False,0.63875012,0.9693003,52.877771,51.254439,0.53044625,0.94508434,45.73348,43.221996,0.93358438,1.0378696,26.542561,27.547716,0.071270819,0.69786384,11.607487,8.1004451,0.36069739,0.88157779,17.466615,15.39818,0.53216584,1.0176676,18.334868,18.658801,0.49750619,0.96943423,20.108217,19.493594,0.64999255,0.95855962,30.186537,28.935595
init,init,-1,,2254,040.Olive_sided_Flycatcher/Olive_Sided_Flycatcher_0086_30553.jpg,40,39,040.Olive_sided_Flycatcher,88,87,gaussian_blur,gaussian_blur,0,"{""sigma"":1.46837}",4.8736935,5.0558677,0.18217421,0.0076450771,0.0063718357,0.029941866,0.015769362,-0.022296789,-0.0093975267,0.012899262,0.64612472,0.81869849,52.877771,43.290951,False,0.86997128,False,False,False,0.64612472,0.81869849,52.877771,43.290951,0.56759502,0.80947853,45.73348,37.02027,0.86979023,0.84547868,26.542561,22.44117,0.46227726,0.71194654,11.607487,8.2639098,0.53481886,0.73501701,17.466615,12.838259,0.59968539,0.8313722,18.334868,15.243099,0.50882866,0.84111238,20.108217,16.913271,0.60724726,0.82418325,30.186537,24.879238
init,init,-1,,2254,040.Olive_sided_Flycatcher/Olive_Sided_Flycatcher_0086_30553.jpg,40,39,040.Olive_sided_Flycatcher,88,87,random_erasing,random_erasing,0,"{""area_fraction"":0.1027,""erased"":true,""height"":0.326037,""left"":0.059625,""top"":0.388679,""width"":0.314994}",4.8736935,4.5313883,-0.34230518,0.0076450771,0.010765722,0.029941866,0.033931401,-0.022296789,-0.023165679,-0.0008688895,0.82068559,1.1239496,52.877771,59.431952,False,0.93556762,True,False,False,0.82068559,1.1239496,52.877771,59.431952,0.78356845,1.134285,45.73348,51.874798,0.93550655,1.0926902,26.542561,29.002796,0.63390384,1.0098563,11.607487,11.721893,0.81265327,1.1313541,17.466615,19.760927,0.80018349,1.2549849,18.334868,23.009982,0.76114125,1.1015325,20.108217,22.149856,0.79917867,1.1199898,30.186537,33.808613
init,init,-1,,368,007.Parakeet_Auklet/Parakeet_Auklet_0019_795987.jpg,7,6,007.Parakeet_Auklet,129,128,identity,identity,0,{},6.344336,6.344336,0,0.0017566687,0.0017566687,0.023971822,0.023971822,-0.022215153,-0.022215153,0,1,1,51.878613,51.878613,False,0.99999994,True,False,False,1,1,51.878613,51.878613,1,1,43.944709,43.944709,1,1,27.572688,27.572688,1,1,11.232895,11.232895,1,1,16.302265,16.302265,1,1,19.026919,19.026919,1,1,19.056054,19.056054,1,1,28.531365,28.531365
init,init,-1,,368,007.Parakeet_Auklet/Parakeet_Auklet_0019_795987.jpg,7,6,007.Parakeet_Auklet,129,128,horizontal_flip,horizontal_flip,0,"{""flipped"":true}",6.344336,6.507226,0.16288996,0.0017566687,0.001492615,0.023971822,0.026501123,-0.022215153,-0.025008508,-0.0027933544,0.65676455,0.99060615,51.878613,51.391274,False,0.9513036,True,False,False,0.65676455,0.99060615,51.878613,51.391274,0.53702283,0.98110232,43.944709,43.114255,0.951214,1.0143468,27.572688,27.968267,0.39007928,1.1658654,11.232895,13.096044,0.40253356,1.0624846,16.302265,17.320905,0.50436113,0.86108211,19.026919,16.383739,0.47785377,0.90844785,19.056054,17.311431,0.65092404,1.003169,28.531365,28.621781
init,init,-1,,368,007.Parakeet_Auklet/Parakeet_Auklet_0019_795987.jpg,7,6,007.Parakeet_Auklet,129,128,color_jitter,color_jitter,0,"{""brightness"":1.013106,""contrast"":1.094264,""hue"":-0.068649,""saturation"":0.866313}",6.344336,6.2328129,-0.11152315,0.0017566687,0.0019639195,0.023971822,0.019933105,-0.022215153,-0.017969185,0.0042459684,0.82050779,1.0905526,51.878613,56.576357,False,0.9642638,False,False,False,0.82050779,1.0905526,51.878613,56.576357,0.76669341,1.1042011,43.944709,48.523796,0.96418281,1.0550902,27.572688,29.091673,0.6107249,0.8215398,11.232895,9.2282703,0.63282377,1.0509345,16.302265,17.132613,0.81644667,1.265345,19.026919,24.075616,0.73325479,1.112077,19.056054,21.191799,0.82533034,1.078662,28.531365,30.775701
init,init,-1,,368,007.Parakeet_Auklet/Parakeet_Auklet_0019_795987.jpg,7,6,007.Parakeet_Auklet,129,128,rotation,rotation,0,"{""angle"":-3.514447}",6.344336,6.1588192,-0.18551683,0.0017566687,0.0021147488,0.023971822,0.027546814,-0.022215153,-0.025432065,-0.0032169115,0.77754931,1.0559336,51.878613,54.78037,False,0.95637834,True,False,False,0.77754931,1.0559336,51.878613,54.78037,0.71034691,1.0684638,43.944709,46.95333,0.95628952,1.0234157,27.572688,28.218323,0.65359897,1.1664984,11.232895,13.103154,0.62062475,1.1130271,16.302265,18.144863,0.70815895,1.0802276,19.026919,20.553402,0.65425175,1.0332331,19.056054,19.689345,0.7779493,1.0477138,28.531365,29.892705
init,init,-1,,368,007.Parakeet_Auklet/Parakeet_Auklet_0019_795987.jpg,7,6,007.Parakeet_Auklet,129,128,random_resized_crop,random_resized_crop,0,"{""area_fraction"":0.703309,""aspect"":0.766194,""fallback"":false,""height"":0.958084,""left"":0.002007,""top"":0.024647,""width"":0.734079}",6.344336,6.5150619,0.17072582,0.0017566687,0.0014809644,0.023971822,0.025414972,-0.022215153,-0.023934007,-0.0017188538,0.65365075,1.094476,51.878613,56.779899,False,0.93227196,True,False,False,0.65365075,1.094476,51.878613,56.779899,0.56237122,1.1395263,43.944709,50.076151,0.93214151,0.97068713,27.572688,26.764453,0.32187365,0.98987378,11.232895,11.119148,0.4162031,1.2650908,16.302265,20.623846,0.5804666,1.2197438,19.026919,23.207965,0.52436677,1.1848637,19.056054,22.578827,0.66853815,1.057433,28.531365,30.170007
init,init,-1,,368,007.Parakeet_Auklet/Parakeet_Auklet_0019_795987.jpg,7,6,007.Parakeet_Auklet,129,128,gaussian_blur,gaussian_blur,0,"{""sigma"":1.29122}",6.344336,6.5300779,0.1857419,0.0017566687,0.0014588924,0.023971822,0.015165692,-0.022215153,-0.0137068,0.0085083536,0.76787229,1.1281371,51.878613,58.526191,False,0.95500392,False,False,False,0.76787229,1.1281371,51.878613,58.526191,0.70650396,1.1712617,43.944709,51.470756,0.95484566,1.010353,27.572688,27.858147,0.3421091,0.93447894,11.232895,10.496904,0.58657305,1.1193475,16.302265,18.247899,0.70532753,1.3022048,19.026919,24.776944,0.69749984,1.2560202,19.056054,23.934788,0.80419145,1.1189941,28.531365,31.926428
init,init,-1,,368,007.Parakeet_Auklet/Parakeet_Auklet_0019_795987.jpg,7,6,007.Parakeet_Auklet,129,128,random_erasing,random_erasing,0,"{""area_fraction"":0.162265,""erased"":true,""height"":0.237624,""left"":0.282477,""top"":0.730193,""width"":0.682864}",6.344336,6.7411823,0.39684629,0.0017566687,0.0011812495,0.023971822,0.035182003,-0.022215153,-0.034000753,-0.0117856,0.80079248,1.175007,51.878613,60.957731,False,0.92227197,True,False,False,0.80079248,1.175007,51.878613,60.957731,0.76169492,1.2193752,43.944709,53.585088,0.92204951,1.0539413,27.572688,29.059995,0.87984194,1.1907164,11.232895,13.375192,0.75397984,1.2121901,16.302265,19.761445,0.76531784,1.4129644,19.026919,26.884359,0.71195869,1.2225984,19.056054,23.297901,0.77404678,1.1283377,28.531365,32.193016
init,init,-1,,11657,198.Rock_Wren/Rock_Wren_0123_189405.jpg,198,197,198.Rock_Wren,129,128,identity,identity,0,{},6.4055824,6.4055824,0,0.0016523071,0.0016523071,0.037346233,0.037346233,-0.035693926,-0.035693926,0,1,1,54.850023,54.850023,False,1,True,False,False,1,1,54.850023,54.850023,1,1,47.708329,47.708329,1,1,27.063637,27.063637,1,1,7.5061335,7.5061335,1,1,16.638406,16.638406,1,1,23.039418,23.039418,1,1,21.051012,21.051012,1,1,31.1279,31.1279
init,init,-1,,11657,198.Rock_Wren/Rock_Wren_0123_189405.jpg,198,197,198.Rock_Wren,129,128,horizontal_flip,horizontal_flip,0,"{""flipped"":true}",6.4055824,6.3420372,-0.063545227,0.0016523071,0.001760712,0.037346233,0.036065064,-0.035693926,-0.034304352,0.0013895732,0.61398751,0.9543151,54.850023,52.344206,False,0.97928095,True,False,False,0.61398751,0.9543151,54.850023,52.344206,0.47920328,0.91580479,47.708329,43.691516,0.97921286,1.0651378,27.063637,28.826503,0.010724181,0.98358317,7.5061335,7.3829066,0.082550165,0.8056668,16.638406,13.405011,0.31594371,0.75971728,23.039418,17.503444,0.43654934,0.91738636,21.051012,19.311912,0.68729022,1.0135724,31.1279,31.550379
init,init,-1,,11657,198.Rock_Wren/Rock_Wren_0123_189405.jpg,198,197,198.Rock_Wren,129,128,color_jitter,color_jitter,0,"{""brightness"":0.691464,""contrast"":1.347342,""hue"":-0.005414,""saturation"":1.328342}",6.4055824,6.3163757,-0.089206696,0.0016523071,0.0018064785,0.037346233,0.028408688,-0.035693926,-0.026602209,0.0090917165,0.87638315,0.9263463,54.850023,50.810116,False,0.98433626,True,False,False,0.87638315,0.9263463,54.850023,50.810116,0.8396948,0.90978597,47.708329,43.404368,0.98426572,0.97601647,27.063637,26.414555,0.64874078,1.0978107,7.5061335,8.2403137,0.65883958,1.006325,16.638406,16.743644,0.8589069,0.79236175,23.039418,18.255554,0.85127063,0.87828328,21.051012,18.488752,0.90077489,0.94242702,31.1279,29.335774
init,init,-1,,11657,198.Rock_Wren/Rock_Wren_0123_189405.jpg,198,197,198.Rock_Wren,129,128,rotation,rotation,0,"{""angle"":10.79544}",6.4055824,6.6458392,0.24025679,0.0016523071,0.0012994175,0.037346233,0.029730607,-0.035693926,-0.028431189,0.0072627362,0.72976319,1.0360514,54.850023,56.827442,False,0.94788408,True,False,False,0.72976319,1.0360514,54.850023,56.827442,0.65392968,1.012711,47.708329,48.31475,0.94772378,1.1054416,27.063637,29.917271,0.56472954,1.1689407,7.5061335,8.7742247,0.53037758,1.0536834,16.638406,17.531611,0.61255417,0.85742084,23.039418,19.754477,0.60200635,0.98694994,21.051012,20.776295,0.73968057,1.0789952,31.1279,33.586856
init,init,-1,,11657,198.Rock_Wren/Rock_Wren_0123_189405.jpg,198,197,198.Rock_Wren,129,128,random_resized_crop,random_resized_crop,0,"{""area_fraction"":0.628893,""aspect"":1.292149,""fallback"":false,""height"":0.697641,""left"":0.038569,""top"":0.169418,""width"":0.901456}",6.4055824,5.9044147,-0.50116777,0.0016523071,0.0027273775,0.037346233,0.044010412,-0.035693926,-0.041283034,-0.0055891089,0.62848262,0.98835165,54.850023,54.211111,False,0.95144469,True,False,False,0.62848262,0.98835165,54.850023,54.211111,0.51950931,0.97607802,47.708329,46.567051,0.95135788,1.0255553,27.063637,27.755257,-0.15230309,1.1058787,7.5061335,8.3008728,0.12361495,0.92861744,16.638406,15.450714,0.48737284,0.8865533,23.039418,20.425672,0.46927688,0.95350444,21.051012,20.072234,0.70127499,1.0363947,31.1279,32.26079
init,init,-1,,11657,198.Rock_Wren/Rock_Wren_0123_189405.jpg,198,197,198.Rock_Wren,129,128,gaussian_blur,gaussian_blur,0,"{""sigma"":1.977907}",6.4055824,6.2121778,-0.19340467,0.0016523071,0.0020048665,0.037346233,0.039066501,-0.035693926,-0.037061634,-0.0013677089,0.62772408,1.0500148,54.850023,57.593336,False,0.91787446,True,False,False,0.62772408,1.0500148,54.850023,57.593336,0.53281991,1.0456017,47.708329,49.883911,0.91771731,1.0636117,27.063637,28.785201,0.18387939,1.6923596,7.5061335,12.703077,0.29998288,1.2391915,16.638406,20.618172,0.5144519,0.97907283,23.039418,22.557268,0.51385717,0.97453469,21.051012,20.514942,0.67827357,1.0016953,31.1279,31.18067
init,init,-1,,11657,198.Rock_Wren/Rock_Wren_0123_189405.jpg,198,197,198.Rock_Wren,129,128,random_erasing,random_erasing,0,"{""area_fraction"":0.054517,""erased"":true,""height"":0.243935,""left"":0.211161,""top"":0.24944,""width"":0.223488}",6.4055824,6.6285572,0.22297478,0.0016523071,0.001322069,0.037346233,0.038375042,-0.035693926,-0.037052973,-0.0013590478,0.78192632,1.038024,54.850023,56.935642,False,0.94607866,True,False,False,0.78192632,1.038024,54.850023,56.935642,0.72689184,1.0262964,47.708329,48.962887,0.94600007,1.0736507,27.063637,29.056892,0.67673847,0.99516819,7.5061335,7.4698653,0.66623205,1.0154579,16.638406,16.8956,0.78975959,0.97714833,23.039418,22.512929,0.66050821,1.019061,21.051012,21.452266,0.74453236,1.0601775,31.1279,33.001098
init,init,-1,,8625,147.Least_Tern/Least_Tern_0056_153965.jpg,147,146,147.Least_Tern,96,95,identity,identity,0,{},6.1556091,6.1556091,0,0.0021215486,0.0021215486,0.032758735,0.032758735,-0.030637186,-0.030637186,0,1,1,50.649072,50.649072,False,0.99999994,True,False,False,1,1,50.649072,50.649072,1,1,42.407828,42.407828,1,1,27.693042,27.693042,1,1,6.1093837,6.1093837,1,1,13.471043,13.471043,1,1,18.738207,18.738207,1,1,18.870837,18.870837,1,1,29.536443,29.536443
init,init,-1,,8625,147.Least_Tern/Least_Tern_0056_153965.jpg,147,146,147.Least_Tern,96,95,horizontal_flip,horizontal_flip,0,"{""flipped"":true}",6.1556091,6.372508,0.21689892,0.0021215486,0.0017078702,0.032758735,0.045876872,-0.030637186,-0.044169002,-0.013531815,0.68260709,1.0543235,50.649072,53.400504,False,0.95935875,True,False,False,0.68260709,1.0543235,50.649072,53.400504,0.55132069,1.0141905,42.407828,43.009615,0.95909545,1.1429231,27.693042,31.651017,0.03515777,1.2824041,6.1093837,7.8346989,0.34573132,0.98342976,13.471043,13.247824,0.42205831,0.9790536,18.738207,18.345709,0.47902379,0.98958469,18.870837,18.674291,0.69842037,1.0311761,29.536443,30.457273
init,init,-1,,8625,147.Least_Tern/Least_Tern_0056_153965.jpg,147,146,147.Least_Tern,96,95,color_jitter,color_jitter,0,"{""brightness"":0.75817,""contrast"":1.336678,""hue"":-0.034907,""saturation"":0.777869}",6.1556091,6.2400017,0.084392548,0.0021215486,0.0019498528,0.032758735,0.035838284,-0.030637186,-0.033888431,-0.0032512443,0.82837706,1.0768199,50.649072,54.539931,False,0.96741855,True,False,False,0.82837706,1.0768199,50.649072,54.539931,0.76631896,1.0596453,42.407828,44.937257,0.96731891,1.116059,27.693042,30.907069,0.5158974,1.0936346,6.1093837,6.6814336,0.55671964,1.1384761,13.471043,15.33646,0.76332624,1.0610311,18.738207,19.88182,0.72983937,1.0441505,18.870837,19.703994,0.84155786,1.046803,29.536443,30.918836
init,init,-1,,8625,147.Least_Tern/Least_Tern_0056_153965.jpg,147,146,147.Least_Tern,96,95,rotation,rotation,0,"{""angle"":-7.401531}",6.1556091,5.6035271,-0.55208206,0.0021215486,0.0036848434,0.032758735,0.048894454,-0.030637186,-0.04520961,-0.014572424,0.694025,0.95505037,50.649072,48.372415,False,0.90707886,True,False,False,0.694025,0.95505037,50.649072,48.372415,0.58899632,0.89735335,42.407828,38.054807,0.90673915,1.0783112,27.693042,29.861718,0.44277223,0.8498381,6.1093837,5.191987,0.49605812,0.86950864,13.471043,11.713188,0.5341851,0.74772714,18.738207,14.011066,0.48368006,0.82235185,18.870837,15.518468,0.67050254,0.98526431,29.536443,29.101203
init,init,-1,,8625,147.Least_Tern/Least_Tern_0056_153965.jpg,147,146,147.Least_Tern,96,95,random_resized_crop,random_resized_crop,0,"{""area_fraction"":0.763694,""aspect"":1.234169,""fallback"":false,""height"":0.786633,""left"":0.00615,""top"":0.017086,""width"":0.970839}",6.1556091,5.9607759,-0.19483328,0.0021215486,0.0025779109,0.032758735,0.027478501,-0.030637186,-0.02490059,0.0057365962,0.70073753,0.98972528,50.649072,50.128667,False,0.92876983,True,False,False,0.70073753,0.98972528,50.649072,50.128667,0.62244007,1.0375266,42.407828,43.999249,0.92866992,0.86735754,27.693042,24.019769,0.66141566,1.1942499,6.1093837,7.2961311,0.5698519,1.1513724,13.471043,15.510187,0.6120076,1.1852069,18.738207,22.208652,0.55297214,1.0132859,18.870837,19.121552,0.67581019,0.94754395,29.536443,27.987077
init,init,-1,,8625,147.Least_Tern/Least_Tern_0056_153965.jpg,147,146,147.Least_Tern,96,95,gaussian_blur,gaussian_blur,0,"{""sigma"":1.698991}",6.1556091,5.8950653,-0.26054382,0.0021215486,0.0027529974,0.032758735,0.02693399,-0.030637186,-0.024180993,0.0064561935,0.62437982,0.99031279,50.649072,50.158423,False,0.86571234,True,False,False,0.62437982,0.99031279,50.649072,50.158423,0.5175426,0.97829536,42.407828,41.487382,0.86550192,1.0179379,27.693042,28.189796,0.42967735,1.196252,6.1093837,7.3083624,0.34120858,0.96138745,13.471043,12.950891,0.43427423,0.94925788,18.738207,17.787391,0.47060892,0.99433582,18.870837,18.763949,0.61105051,0.97632841,29.536443,28.837268
init,init,-1,,8625,147.Least_Tern/Least_Tern_0056_153965.jpg,147,146,147.Least_Tern,96,95,random_erasing,random_erasing,0,"{""area_fraction"":0.093079,""erased"":true,""height"":0.536958,""left"":0.719333,""top"":0.319452,""width"":0.173345}",6.1556091,6.039731,-0.11587811,0.0021215486,0.0023822,0.032758735,0.03444415,-0.030637186,-0.03206195,-0.0014247631,0.79900347,1.1611098,50.649072,58.809133,False,0.94149435,True,False,False,0.79900347,1.1611098,50.649072,58.809133,0.74306565,1.1849524,42.407828,50.251259,0.94136609,1.1031785,27.693042,30.55037,0.64341143,1.2391578,6.1093837,7.5704903,0.64156201,1.3271843,13.471043,17.878557,0.75690513,1.261456,18.738207,23.637424,0.68410209,1.1647006,18.870837,21.978876,0.79416326,1.1261721,29.536443,33.263119
init,init,-1,,6663,114.Black_throated_Sparrow/Black_Throated_Sparrow_0066_106974.jpg,114,113,114.Black_throated_Sparrow,129,128,identity,identity,0,{},5.0441031,5.0441031,0,0.0064472402,0.0064472402,0.04429445,0.04429445,-0.03784721,-0.03784721,0,1,1,42.340769,42.340769,False,1,True,False,False,1,1,42.340769,42.340769,1,1,32.574721,32.574721,1,1,27.048629,27.048629,1,1,4.0308452,4.0308452,1,1,11.246627,11.246627,1,1,12.814271,12.814271,1,1,13.593587,13.593587,1,1,23.861831,23.861831
init,init,-1,,6663,114.Black_throated_Sparrow/Black_Throated_Sparrow_0066_106974.jpg,114,113,114.Black_throated_Sparrow,129,128,horizontal_flip,horizontal_flip,0,"{""flipped"":true}",5.0441031,4.9020305,-0.14207268,0.0064472402,0.0074314782,0.04429445,0.044124756,-0.03784721,-0.036693278,0.0011539324,0.70786822,1.1001923,42.340769,46.582987,False,0.95858729,True,False,False,0.70786822,1.1001923,42.340769,46.582987,0.52806629,1.0813326,32.574721,35.224109,0.9584315,1.1269846,27.048629,30.483387,0.40290845,0.99020121,4.0308452,3.9913478,0.29812039,1.071022,11.246627,12.045385,0.38337509,0.89370529,12.814271,11.452181,0.38153271,1.1015616,13.593587,14.974173,0.66196861,1.1278898,23.861831,26.913516
init,init,-1,,6663,114.Black_throated_Sparrow/Black_Throated_Sparrow_0066_106974.jpg,114,113,114.Black_throated_Sparrow,129,128,color_jitter,color_jitter,0,"{""brightness"":1.15368,""contrast"":1.293051,""hue"":-0.093387,""saturation"":0.679787}",5.0441031,4.8921895,-0.15191364,0.0064472402,0.0075049731,0.04429445,0.037479341,-0.03784721,-0.029974368,0.0078728423,0.79380418,1.1357406,42.340769,48.088131,False,0.95799923,True,False,False,0.79380418,1.1357406,42.340769,48.088131,0.6889597,1.1668323,32.574721,38.009235,0.95787086,1.0890709,27.048629,29.457875,0.50733184,1.4934077,4.0308452,6.0196954,0.65102342,1.1010924,11.246627,12.383575,0.62775632,1.2434081,12.814271,15.933368,0.59125967,1.2092084,13.593587,16.43748,0.75911705,1.1331035,23.861831,27.037925
init,init,-1,,6663,114.Black_throated_Sparrow/Black_Throated_Sparrow_0066_106974.jpg,114,113,114.Black_throated_Sparrow,129,128,rotation,rotation,0,"{""angle"":-0.863333}",5.0441031,5.010849,-0.033254147,0.0064472402,0.0066652419,0.04429445,0.043814342,-0.03784721,-0.037149101,0.00069810962,0.85767685,1.02991,42.340769,43.607181,False,0.97883141,True,False,False,0.85767685,1.02991,42.340769,43.607181,0.77095313,1.0122581,32.574721,32.974023,0.97878836,1.0549867,27.048629,28.535942,0.41685568,0.94638992,4.0308452,3.8147513,0.641855,0.96953173,11.246627,10.903961,0.64500551,0.96753152,12.814271,12.398211,0.72654767,1.0045783,13.593587,13.655823,0.85540345,1.0381335,23.861831,24.771766
init,init,-1,,6663,114.Black_throated_Sparrow/Black_Throated_Sparrow_0066_106974.jpg,114,113,114.Black_throated_Sparrow,129,128,random_resized_crop,random_resized_crop,0,"{""area_fraction"":0.514911,""aspect"":0.932464,""fallback"":false,""height"":0.743105,""left"":0.228544,""top"":0.207043,""width"":0.692918}",5.0441031,4.9222193,-0.12188387,0.0064472402,0.0072829514,0.04429445,0.052335721,-0.03784721,-0.045052769,-0.0072055589,0.71102093,1.0978452,42.340769,46.483612,False,0.9382633,True,False,False,0.71102093,1.0978452,42.340769,46.483612,0.55372568,1.0958517,32.574721,35.697065,0.93814617,1.1007301,27.048629,29.773239,0.31269059,1.3241563,4.0308452,5.3374692,0.40712831,0.96774046,11.246627,10.883816,0.47217795,1.1582109,12.814271,14.841628,0.45054013,1.1757601,13.593587,15.982797,0.65609337,1.0697698,23.861831,25.526666
init,init,-1,,6663,114.Black_throated_Sparrow/Black_Throated_Sparrow_0066_106974.jpg,114,113,114.Black_throated_Sparrow,129,128,gaussian_blur,gaussian_blur,0,"{""sigma"":1.827235}",5.0441031,4.9881334,-0.055969715,0.0064472402,0.0068183779,0.04429445,0.03419546,-0.03784721,-0.027377083,0.010470128,0.62538354,1.2297337,42.340769,52.067872,False,0.88898265,True,False,False,0.62538354,1.2297337,42.340769,52.067872,0.47920336,1.3174017,32.574721,42.913991,0.88874183,1.0901286,27.048629,29.486483,0.066498939,2.0401886,4.0308452,8.2236846,0.30915229,1.4771631,11.246627,16.613101,0.43624767,1.4832057,12.814271,19.006199,0.40661924,1.4087819,13.593587,19.150399,0.60080001,1.1629078,23.861831,27.74911
init,init,-1,,6663,114.Black_throated_Sparrow/Black_Throated_Sparrow_0066_106974.jpg,114,113,114.Black_throated_Sparrow,129,128,random_erasing,random_erasing,0,"{""area_fraction"":0.136088,""erased"":true,""height"":0.23681,""left"":0.095228,""top"":0.739354,""width"":0.574671}",5.0441031,4.8670158,-0.17708731,0.0064472402,0.0076962989,0.04429445,0.042591538,-0.03784721,-0.034895239,0.0029519708,0.89504638,1.0591267,42.340769,44.844239,False,0.97943246,True,False,False,0.89504638,1.0591267,42.340769,44.844239,0.8378437,1.0658256,32.574721,34.718973,0.97937854,1.0493349,27.048629,28.383071,0.85420326,0.99244908,4.0308452,4.0004086,0.73297947,0.98225797,11.246627,11.047089,0.81686994,1.1261493,12.814271,14.430782,0.7946261,1.0509043,13.593587,14.285559,0.87989052,1.0725819,23.861831,25.593768
init,init,-1,,7200,123.Henslow_Sparrow/Henslow_Sparrow_0006_796607.jpg,123,122,123.Henslow_Sparrow,46,45,identity,identity,0,{},5.2885313,5.2885313,0,0.0050491709,0.0050491709,0.019388672,0.019388672,-0.014339501,-0.014339501,0,1,1,43.61737,43.61737,False,1,True,False,False,1,1,43.61737,43.61737,1,1,37.097333,37.097333,1,1,22.940419,22.940419,1,1,3.8103128,3.8103128,1,1,16.811162,16.811162,1,1,16.357232,16.357232,1,1,15.207835,15.207835,1,1,24.088195,24.088195
init,init,-1,,7200,123.Henslow_Sparrow/Henslow_Sparrow_0006_796607.jpg,123,122,123.Henslow_Sparrow,46,45,horizontal_flip,horizontal_flip,0,"{""flipped"":true}",5.2885313,5.2013273,-0.087203979,0.0050491709,0.005509248,0.019388672,0.019840797,-0.014339501,-0.014331549,7.9516321e-06,0.7011637,1.0103487,43.61737,44.068754,False,0.96603036,True,False,False,0.7011637,1.0103487,43.61737,44.068754,0.59569143,0.99824835,37.097333,37.032351,0.96601759,1.0413276,22.940419,23.888492,0.056398228,1.1089935,3.8103128,4.2256121,0.44165597,0.9492355,16.811162,15.957752,0.64800558,0.99203462,16.357232,16.226941,0.53207798,0.97460495,15.207835,14.821631,0.68089338,1.0302653,24.088195,24.817232
init,init,-1,,7200,123.Henslow_Sparrow/Henslow_Sparrow_0006_796607.jpg,123,122,123.Henslow_Sparrow,46,45,color_jitter,color_jitter,0,"{""brightness"":1.115831,""contrast"":0.990554,""hue"":-0.071082,""saturation"":0.819826}",5.2885313,5.4000192,0.11148787,0.0050491709,0.0045164945,0.019388672,0.019887257,-0.014339501,-0.015370763,-0.0010312619,0.82011188,1.038721,43.61737,45.30628,False,0.96562469,True,False,False,0.82011188,1.038721,43.61737,45.30628,0.7626375,1.0284534,37.097333,38.152878,0.9655995,1.0651038,22.940419,24.433929,0.50038762,1.2479542,3.8103128,4.7550959,0.62699852,0.81162867,16.811162,13.644421,0.77060818,1.0428323,16.357232,17.05785,0.76687558,1.0497944,15.207835,15.9651,0.82368078,1.0991493,24.088195,26.476523
init,init,-1,,7200,123.Henslow_Sparrow/Henslow_Sparrow_0006_796607.jpg,123,122,123.Henslow_Sparrow,46,45,rotation,rotation,0,"{""angle"":-4.353912}",5.2885313,5.1205912,-0.16794014,0.0050491709,0.005972493,0.019388672,0.025320061,-0.014339501,-0.019347568,-0.0050080665,0.78227577,1.0578129,43.61737,46.139017,False,0.95338106,True,False,False,0.78227577,1.0578129,43.61737,46.139017,0.71129721,1.027817,37.097333,38.129268,0.95332109,1.1325052,22.940419,25.980143,0.44779418,1.0220759,3.8103128,3.8944289,0.65363296,0.94408339,16.811162,15.871139,0.68612292,1.0187493,16.357232,16.663919,0.66842497,1.0718406,15.207835,16.300375,0.77309946,1.0530134,24.088195,25.365193
init,init,-1,,7200,123.Henslow_Sparrow/Henslow_Sparrow_0006_796607.jpg,123,122,123.Henslow_Sparrow,46,45,random_resized_crop,random_resized_crop,0,"{""area_fraction"":0.632126,""aspect"":1.083037,""fallback"":false,""height"":0.763977,""left"":0.134526,""top"":0.122357,""width"":0.827415}",5.2885313,5.5822864,0.29375505,0.0050491709,0.0037639507,0.019388672,0.026960442,-0.014339501,-0.023196491,-0.0088569901,0.71154554,1.155623,43.61737,50.405237,False,0.95255852,True,False,False,0.71154554,1.155623,43.61737,50.405237,0.61863134,1.1527883,37.097333,42.76537,0.95240808,1.1630035,22.940419,26.679789,0.44878183,1.2310843,3.8103128,4.6908164,0.56335011,1.0653129,16.811162,17.909148,0.54314805,1.1141705,16.357232,18.224746,0.56173052,1.2334978,15.207835,18.758831,0.70601158,1.1757368,24.088195,28.321376
init,init,-1,,7200,123.Henslow_Sparrow/Henslow_Sparrow_0006_796607.jpg,123,122,123.Henslow_Sparrow,46,45,gaussian_blur,gaussian_blur,0,"{""sigma"":1.936141}",5.2885313,5.4633741,0.17484283,0.0050491709,0.0042392262,0.019388672,0.019989043,-0.014339501,-0.015749817,-0.0014103162,0.71935122,1.2247128,43.61737,53.41875,False,0.94121456,False,False,False,0.71935122,1.2247128,43.61737,53.41875,0.63341579,1.2199824,37.097333,45.258093,0.94103662,1.2369976,22.940419,28.377243,0.23249521,1.4346023,3.8103128,5.4662833,0.4698319,1.0588355,16.811162,17.800254,0.60148619,1.2114921,16.357232,19.816658,0.63463552,1.3514492,15.207835,20.552616,0.73161974,1.2360165,24.088195,29.773406
init,init,-1,,7200,123.Henslow_Sparrow/Henslow_Sparrow_0006_796607.jpg,123,122,123.Henslow_Sparrow,46,45,random_erasing,random_erasing,0,"{""area_fraction"":0.060394,""erased"":true,""height"":0.240965,""left"":0.398183,""top"":0.525722,""width"":0.250635}",5.2885313,5.3780613,0.089529991,0.0050491709,0.0046167648,0.019388672,0.020729469,-0.014339501,-0.016112704,-0.0017732033,0.88710041,1.0185426,43.61737,44.426147,False,0.98254061,True,False,False,0.88710041,1.0185426,43.61737,44.426147,0.84975428,1.0113321,37.097333,37.517722,0.98253345,1.0371616,22.940419,23.792921,0.60533344,0.96379092,3.8103128,3.6723449,0.84692852,0.85086343,16.811162,14.304003,0.84505101,1.0722218,16.357232,17.53858,0.81769967,1.0198231,15.207835,15.509302,0.87744877,1.0513391,24.088195,25.324861
init,init,-1,,9896,169.Magnolia_Warbler/Magnolia_Warbler_0018_165958.jpg,169,168,169.Magnolia_Warbler,107,106,identity,identity,0,{},6.852385,6.852385,0,0.0010569319,0.0010569319,0.021458311,0.021458311,-0.020401379,-0.020401379,0,1,1,49.546621,49.546621,False,1,True,False,False,1,1,49.546621,49.546621,1,1,41.394347,41.394347,1,1,27.228214,27.228214,1,1,5.738422,5.738422,1,1,12.796255,12.796255,1,1,15.952906,15.952906,1,1,18.314065,18.314065,1,1,30.445331,30.445331
init,init,-1,,9896,169.Magnolia_Warbler/Magnolia_Warbler_0018_165958.jpg,169,168,169.Magnolia_Warbler,107,106,horizontal_flip,horizontal_flip,0,"{""flipped"":true}",6.852385,7.1342077,0.28182268,0.0010569319,0.00079735747,0.021458311,0.02085603,-0.020401379,-0.020058673,0.00034270628,0.6819483,1.0225679,49.546621,50.664786,False,0.97421134,True,False,False,0.6819483,1.0225679,49.546621,50.664786,0.56526964,1.0449425,41.394347,43.254714,0.97418088,0.96887991,27.228214,26.38087,0.44842027,1.0514823,5.738422,6.0338492,0.32562012,1.0215571,12.796255,13.072106,0.42824014,1.0854598,15.952906,17.316238,0.44696863,1.1261787,18.314065,20.62491,0.70228013,1.0061981,30.445331,30.634032
init,init,-1,,9896,169.Magnolia_Warbler/Magnolia_Warbler_0018_165958.jpg,169,168,169.Magnolia_Warbler,107,106,color_jitter,color_jitter,0,"{""brightness"":1.206629,""contrast"":0.83245,""hue"":-0.085639,""saturation"":0.94517}",6.852385,6.5936594,-0.25872564,0.0010569319,0.0013690213,0.021458311,0.012306913,-0.020401379,-0.010937892,0.0094634875,0.61870912,1.0712137,49.546621,53.07502,False,0.84758621,False,False,False,0.61870912,1.0712137,49.546621,53.07502,0.53511604,1.1148039,41.394347,46.146578,0.84721319,0.96294555,27.228214,26.219288,0.46022385,1.4736131,5.738422,8.4562137,0.37589773,1.2545237,12.796255,16.053205,0.40217779,1.2191463,15.952906,19.448926,0.49260906,1.1949212,18.314065,21.883864,0.64216964,1.0087068,30.445331,30.710413
init,init,-1,,9896,169.Magnolia_Warbler/Magnolia_Warbler_0018_165958.jpg,169,168,169.Magnolia_Warbler,107,106,rotation,rotation,0,"{""angle"":-8.443509}",6.852385,6.7548943,-0.097490788,0.0010569319,0.0011651634,0.021458311,0.025737677,-0.020401379,-0.024572513,-0.0041711343,0.75976533,0.98821551,49.546621,48.962739,False,0.95581198,True,False,False,0.75976533,0.98821551,49.546621,48.962739,0.67498302,0.98820981,41.394347,40.9063,0.95571327,0.98822869,27.228214,26.907703,0.51568622,1.2810934,5.738422,7.3514546,0.60304762,1.129309,12.796255,14.450926,0.56233899,0.9532423,15.952906,15.206984,0.53933499,0.96957071,18.314065,17.756781,0.77986108,0.96540642,30.445331,29.392118
init,init,-1,,9896,169.Magnolia_Warbler/Magnolia_Warbler_0018_165958.jpg,169,168,169.Magnolia_Warbler,107,106,random_resized_crop,random_resized_crop,0,"{""area_fraction"":0.774704,""aspect"":0.82598,""fallback"":false,""height"":0.968463,""left"":0.082642,""top"":0.015873,""width"":0.799931}",6.852385,6.6660938,-0.18629122,0.0010569319,0.001273363,0.021458311,0.019436883,-0.020401379,-0.01816352,0.0022378593,0.80198327,0.90751712,49.546621,44.964407,False,0.97606945,True,False,False,0.80198327,0.90751712,49.546621,44.964407,0.72516881,0.90179219,41.394347,37.329099,0.97600864,0.92061255,27.228214,25.066636,0.41315953,0.97346864,5.738422,5.5861738,0.59819848,0.94629476,12.796255,12.109029,0.62276319,0.8717818,15.952906,13.907453,0.63617649,0.90391369,18.314065,16.554334,0.82084093,0.89841677,30.445331,27.352595
init,init,-1,,9896,169.Magnolia_Warbler/Magnolia_Warbler_0018_165958.jpg,169,168,169.Magnolia_Warbler,107,106,gaussian_blur,gaussian_blur,0,"{""sigma"":1.311954}",6.852385,6.6582899,-0.19409513,0.0010569319,0.0012833391,0.021458311,0.018293101,-0.020401379,-0.017009762,0.0033916169,0.75295925,1.0006626,49.546621,49.579452,False,0.93896091,False,False,False,0.75295925,1.0006626,49.546621,49.579452,0.68038415,1.0266927,41.394347,42.499275,0.93882534,0.93774025,27.228214,25.532993,0.50227713,1.3954696,5.738422,8.0077935,0.65650246,1.2636873,12.796255,16.170465,0.60396577,1.002479,15.952906,15.992453,0.55720774,0.98691728,18.314065,18.074468,0.76664221,0.98435115,30.445331,29.968896
init,init,-1,,9896,169.Magnolia_Warbler/Magnolia_Warbler_0018_165958.jpg,169,168,169.Magnolia_Warbler,107,106,random_erasing,random_erasing,0,"{""area_fraction"":0.077165,""erased"":true,""height"":0.329364,""left"":0.108924,""top"":0.053535,""width"":0.234286}",6.852385,6.8309441,-0.021440983,0.0010569319,0.0010798385,0.021458311,0.017496889,-0.020401379,-0.016417051,0.0039843281,0.91902001,0.98980742,49.546621,49.041613,False,0.98134673,False,False,False,0.91902001,0.98980742,49.546621,49.041613,0.89121997,0.97791735,41.394347,40.48025,0.98129881,1.0167562,27.228214,27.684456,0.69193745,0.88136601,5.738422,5.0576501,0.86352302,0.86058841,12.796255,11.012309,0.87777528,0.96491925,15.952906,15.393266,0.86019623,0.98192017,18.314065,17.98295,0.91774734,1.0024474,30.445331,30.519842
init,init,-1,,3746,065.Slaty_backed_Gull/Slaty_Backed_Gull_0033_796023.jpg,65,64,065.Slaty_backed_Gull,8,7,identity,identity,0,{},5.6894169,5.6894169,0,0.0033815638,0.0033815638,0.029073499,0.029073499,-0.025691935,-0.025691935,0,1,1,58.67545,58.67545,False,0.99999988,True,False,False,1,1,58.67545,58.67545,1,1,51.840085,51.840085,1,1,27.484795,27.484795,1,1,9.4513707,9.4513707,1,1,22.607761,22.607761,1,1,23.185886,23.185886,1,1,21.660626,21.660626,1,1,32.866201,32.866201
init,init,-1,,3746,065.Slaty_backed_Gull/Slaty_Backed_Gull_0033_796023.jpg,65,64,065.Slaty_backed_Gull,8,7,horizontal_flip,horizontal_flip,0,"{""flipped"":true}",5.6894169,5.9096823,0.22026539,0.0033815638,0.0027130498,0.029073499,0.021726871,-0.025691935,-0.019013821,0.0066781142,0.66067061,0.8867598,58.67545,52.03103,False,0.95871031,False,False,False,0.66067061,0.8867598,58.67545,52.03103,0.56581554,0.8565965,51.840085,44.406035,0.95863508,0.98661851,27.484795,27.117008,0.10930006,0.74564104,9.4513707,7.0473299,0.36631965,0.75457888,22.607761,17.059339,0.51500634,0.76470944,23.185886,17.730466,0.49452324,0.85956802,21.660626,18.618781,0.72559648,0.94771341,32.866201,31.147739
init,init,-1,,3746,065.Slaty_backed_Gull/Slaty_Backed_Gull_0033_796023.jpg,65,64,065.Slaty_backed_Gull,8,7,color_jitter,color_jitter,0,"{""brightness"":0.953877,""contrast"":1.020955,""hue"":0.039549,""saturation"":1.391941}",5.6894169,5.5563984,-0.13301849,0.0033815638,0.0038626641,0.029073499,0.028405745,-0.025691935,-0.02454308,0.0011488548,0.92837639,1.0028694,58.67545,58.843811,False,0.99358284,True,False,False,0.92837639,1.0028694,58.67545,58.843811,0.91026682,1.0053227,51.840085,52.116012,0.99357503,0.99409262,27.484795,27.322432,0.8355096,0.98542887,9.4513707,9.3136536,0.86482779,0.8903046,22.607761,20.127794,0.91037546,1.0771454,23.185886,24.974571,0.89622404,1.0522724,21.660626,22.792878,0.94630355,1.0003586,32.866201,32.877987
init,init,-1,,3746,065.Slaty_backed_Gull/Slaty_Backed_Gull_0033_796023.jpg,65,64,065.Slaty_backed_Gull,8,7,rotation,rotation,0,"{""angle"":-3.924376}",5.6894169,6.2879128,0.59849596,0.0033815638,0.001858635,0.029073499,0.02475551,-0.025691935,-0.022896875,0.0027950607,0.74853146,1.036583,58.67545,60.821974,False,0.94413817,False,False,False,0.74853146,1.036583,58.67545,60.821974,0.6949181,1.041824,51.840085,54.008243,0.94393995,1.0177195,27.484795,27.971811,0.64040258,1.1548256,9.4513707,10.914685,0.63788805,0.97810561,22.607761,22.112778,0.64388683,1.0473871,23.185886,24.284598,0.66303794,1.0984283,21.660626,23.792645,0.76741454,1.0331333,32.866201,33.955168
init,init,-1,,3746,065.Slaty_backed_Gull/Slaty_Backed_Gull_0033_796023.jpg,65,64,065.Slaty_backed_Gull,8,7,random_resized_crop,random_resized_crop,0,"{""area_fraction"":0.540734,""aspect"":0.950559,""fallback"":false,""height"":0.754227,""left"":0.182728,""top"":0.093016,""width"":0.716938}",5.6894169,6.0838704,0.39445353,0.0033815638,0.0022793377,0.029073499,0.023806131,-0.025691935,-0.021526793,0.0041651425,0.61350528,1.190984,58.67545,69.881521,False,0.8898195,False,False,False,0.61350528,1.190984,58.67545,69.881521,0.53375154,1.1830362,51.840085,61.328698,0.88910751,1.2188382,27.484795,33.499519,0.53493276,1.503824,9.4513707,14.213198,0.53803494,1.0812409,22.607761,24.444436,0.44849796,1.208975,23.185886,28.031157,0.45080315,1.2179085,21.660626,26.38066,0.61584576,1.1705184,32.866201,38.470492
init,init,-1,,3746,065.Slaty_backed_Gull/Slaty_Backed_Gull_0033_796023.jpg,65,64,065.Slaty_backed_Gull,8,7,gaussian_blur,gaussian_blur,0,"{""sigma"":1.327994}",5.6894169,6.1787167,0.48929977,0.0033815638,0.0020730863,0.029073499,0.021599853,-0.025691935,-0.019526767,0.0061651682,0.74185053,1.0690206,58.67545,62.725264,False,0.95782924,False,False,False,0.74185053,1.0690206,58.67545,62.725264,0.6853583,1.0837148,51.840085,56.179866,0.95768244,1.0150229,27.484795,27.897696,0.50990111,1.0129981,9.4513707,9.5742207,0.5623787,1.0584958,22.607761,23.930221,0.66217877,1.1718988,23.185886,27.171512,0.63243134,1.1332588,21.660626,24.547095,0.80014317,1.0322601,32.866201,33.926468
init,init,-1,,3746,065.Slaty_backed_Gull/Slaty_Backed_Gull_0033_796023.jpg,65,64,065.Slaty_backed_Gull,8,7,random_erasing,random_erasing,0,"{""area_fraction"":0.099806,""erased"":true,""height"":0.433058,""left"":0.182385,""top"":0.020856,""width"":0.230468}",5.6894169,5.3760033,-0.31341362,0.0033815638,0.004626275,0.029073499,0.032359235,-0.025691935,-0.02773296,-0.0020410246,0.68912315,0.83531354,58.67545,49.012397,False,0.91699278,True,False,False,0.68912315,0.83531354,58.67545,49.012397,0.62035453,0.82003523,51.840085,42.510696,0.91681536,0.88753674,27.484795,24.393766,0.41149247,0.83294887,9.4513707,7.8725086,0.57528817,0.73676487,22.607761,16.656604,0.55699819,0.86193786,23.185886,19.984793,0.55509759,0.80651747,21.660626,17.469673,0.717794,0.84053929,32.866201,27.625333
init,init,-1,,5003,086.Pacific_Loon/Pacific_Loon_0019_75422.jpg,86,85,086.Pacific_Loon,2,1,identity,identity,0,{},5.0181417,5.0181417,0,0.0066168127,0.0066168127,0.018839685,0.018839685,-0.012222873,-0.012222873,0,1,1,50.869675,50.869675,False,0.99999988,True,False,False,1,1,50.869675,50.869675,1,1,42.230306,42.230306,1,1,28.360625,28.360625,1,1,8.1458959,8.1458959,1,1,11.371292,11.371292,1,1,17.762485,17.762485,1,1,18.1336,18.1336,1,1,30.714874,30.714874
init,init,-1,,5003,086.Pacific_Loon/Pacific_Loon_0019_75422.jpg,86,85,086.Pacific_Loon,2,1,horizontal_flip,horizontal_flip,0,"{""flipped"":true}",5.0181417,4.913065,-0.10507679,0.0066168127,0.0073499288,0.018839685,0.016918162,-0.012222873,-0.009568233,0.0026546395,0.7132987,1.0386606,50.869675,52.836327,False,0.95580339,True,False,False,0.7132987,1.0386606,50.869675,52.836327,0.614147,1.0661319,42.230306,45.023077,0.95571129,0.97499266,28.360625,27.651401,0.44942804,1.2103195,8.1458959,9.8591368,0.46996218,1.3835756,11.371292,15.733042,0.5729536,1.1074441,17.762485,19.670959,0.50841081,1.0120352,18.1336,18.351841,0.71310306,1.0080269,30.714874,30.961421
init,init,-1,,5003,086.Pacific_Loon/Pacific_Loon_0019_75422.jpg,86,85,086.Pacific_Loon,2,1,color_jitter,color_jitter,0,"{""brightness"":1.125449,""contrast"":1.061656,""hue"":0.053947,""saturation"":1.147959}",5.0181417,4.8811226,-0.13701916,0.0066168127,0.007588488,0.018839685,0.015934289,-0.012222873,-0.0083458005,0.0038770721,0.83573034,0.95428752,50.869675,48.544296,False,0.97175598,False,False,False,0.83573034,0.95428752,50.869675,48.544296,0.77211825,0.94208735,42.230306,39.784637,0.97166932,0.98079736,28.360625,27.816026,0.59838872,0.93000458,8.1458959,7.5757205,0.53574252,1.0557007,11.371292,12.004682,0.68522851,0.8920968,17.762485,15.845856,0.71377015,0.89688349,18.1336,16.263727,0.86731998,0.95794009,30.714874,29.423009
init,init,-1,,5003,086.Pacific_Loon/Pacific_Loon_0019_75422.jpg,86,85,086.Pacific_Loon,2,1,rotation,rotation,0,"{""angle"":3.823216}",5.0181417,4.8842006,-0.13394117,0.0066168127,0.007565171,0.018839685,0.015047465,-0.012222873,-0.0074822945,0.0047405781,0.75596892,1.0107277,50.869675,51.415391,False,0.92886239,False,False,False,0.75596892,1.0107277,50.869675,51.415391,0.68185558,1.0248969,42.230306,43.281709,0.92864048,0.97857954,28.360625,27.753127,0.49088232,1.0456846,8.1458959,8.5180383,0.57960915,1.2360164,11.371292,14.055104,0.68306443,1.0664232,17.762485,18.942326,0.60607564,1.0252876,18.1336,18.592156,0.74440118,0.97603253,30.714874,29.978716
init,init,-1,,5003,086.Pacific_Loon/Pacific_Loon_0019_75422.jpg,86,85,086.Pacific_Loon,2,1,random_resized_crop,random_resized_crop,0,"{""area_fraction"":0.545423,""aspect"":1.263113,""fallback"":false,""height"":0.657121,""left"":0.085346,""top"":0.313164,""width"":0.830019}",5.0181417,4.6557856,-0.36235619,0.0066168127,0.0095064444,0.018839685,0.013128985,-0.012222873,-0.0036225403,0.0086003323,0.64172597,0.99898465,50.869675,50.818024,False,0.90322042,False,False,False,0.64172597,0.99898465,50.869675,50.818024,0.52487785,1.0015682,42.230306,42.296532,0.90299867,0.99323226,28.360625,28.168688,0.4647072,1.3802005,8.1458959,11.242969,0.39769938,1.2081156,11.371292,13.737836,0.48547566,0.99454044,17.762485,17.66551,0.41662644,1.0010927,18.1336,18.153415,0.61322076,0.93924196,30.714874,28.848699
init,init,-1,,5003,086.Pacific_Loon/Pacific_Loon_0019_75422.jpg,86,85,086.Pacific_Loon,2,1,gaussian_blur,gaussian_blur,0,"{""sigma"":1.933606}",5.0181417,4.3543911,-0.66375065,0.0066168127,0.01285026,0.018839685,0.011288493,-0.012222873,0.0015617674,0.01378464,0.44596544,1.1832394,50.869675,60.191004,False,0.79575229,False,False,False,0.44596544,1.1832394,50.869675,60.191004,0.31301891,1.2365739,42.230306,52.220893,0.79538454,1.0554132,28.360625,29.932179,0.39676793,1.982567,8.1458959,16.149784,0.13237409,1.5402844,11.371292,17.515025,0.12188767,1.2602853,17.762485,22.385799,0.19663827,1.3074867,18.1336,23.709441,0.47076653,1.0779284,30.714874,33.108434
init,init,-1,,5003,086.Pacific_Loon/Pacific_Loon_0019_75422.jpg,86,85,086.Pacific_Loon,2,1,random_erasing,random_erasing,0,"{""area_fraction"":0.148613,""erased"":true,""height"":0.599177,""left"":0.313375,""top"":0.062436,""width"":0.248029}",5.0181417,4.9179144,-0.10022736,0.0066168127,0.0073143714,0.018839685,0.016691417,-0.012222873,-0.0093770451,0.0028458275,0.52622105,1.0722837,50.869675,54.546721,False,0.80190802,False,False,False,0.52622105,1.0722837,50.869675,54.546721,0.41767164,1.1108687,42.230306,46.912326,0.80156684,0.98133412,28.360625,27.831249,0.46141247,1.2062722,8.1458959,9.8261679,0.31826043,1.4351247,11.371292,16.319223,0.37642137,1.1921571,17.762485,21.175673,0.31594882,1.119701,18.1336,20.30421,0.49319904,1.0177678,30.714874,31.260609
init,init,-1,,5946,102.Western_Wood_Pewee/Western_Wood_Pewee_0041_795048.jpg,102,101,102.Western_Wood_Pewee,129,128,identity,identity,0,{},5.9507942,5.9507942,0,0.0026037719,0.0026037719,0.029707331,0.029707331,-0.027103559,-0.027103559,0,1,1,48.419067,48.419067,False,1,True,False,False,1,1,48.419067,48.419067,1,1,40.051496,40.051496,1,1,27.208155,27.208155,1,1,6.225946,6.225946,1,1,13.219738,13.219738,1,1,16.991648,16.991648,1,1,16.87639,16.87639,1,1,28.584434,28.584434
init,init,-1,,5946,102.Western_Wood_Pewee/Western_Wood_Pewee_0041_795048.jpg,102,101,102.Western_Wood_Pewee,129,128,horizontal_flip,horizontal_flip,0,"{""flipped"":true}",5.9507942,5.7982664,-0.15252781,0.0026037719,0.0030328073,0.029707331,0.033846986,-0.027103559,-0.030814178,-0.0037106189,0.72236098,1.036489,48.419067,50.185832,False,0.95661622,True,False,False,0.72236098,1.036489,48.419067,50.185832,0.62206362,1.058371,40.051496,42.389342,0.95653057,0.98741049,27.208155,26.865618,0.39112304,1.0519685,6.225946,6.549499,0.63930064,1.3359134,13.219738,17.660425,0.62451934,0.95221522,16.991648,16.179705,0.51478679,1.0424813,16.87639,17.59332,0.6714609,1.0323338,28.584434,29.508676
init,init,-1,,5946,102.Western_Wood_Pewee/Western_Wood_Pewee_0041_795048.jpg,102,101,102.Western_Wood_Pewee,129,128,color_jitter,color_jitter,0,"{""brightness"":0.728994,""contrast"":0.943487,""hue"":-0.009053,""saturation"":0.672137}",5.9507942,5.7136493,-0.23714495,0.0026037719,0.0033006053,0.029707331,0.034352642,-0.027103559,-0.031052036,-0.0039484769,0.88379655,0.98623897,48.419067,47.752771,False,0.98608387,True,False,False,0.88379655,0.98623897,48.419067,47.752771,0.83706611,0.98919675,40.051496,39.61881,0.98605569,0.97979911,27.208155,26.658526,0.56271911,0.85859607,6.225946,5.3455727,0.61109093,0.89819989,13.219738,11.873967,0.83872057,0.98623143,16.991648,16.757697,0.81735228,1.0148943,16.87639,17.127752,0.89901897,1.0053912,28.584434,28.738537
init,init,-1,,5946,102.Western_Wood_Pewee/Western_Wood_Pewee_0041_795048.jpg,102,101,102.Western_Wood_Pewee,129,128,rotation,rotation,0,"{""angle"":14.359811}",5.9507942,5.28613,-0.66466427,0.0026037719,0.0050613103,0.029707331,0.034691215,-0.027103559,-0.029629904,-0.002526345,0.69941927,1.1374851,48.419067,55.075965,False,0.92049378,True,False,False,0.69941927,1.1374851,48.419067,55.075965,0.60939359,1.174882,40.051496,47.055783,0.92033057,1.0518975,27.208155,28.62019,0.57187719,1.6160915,6.225946,10.061698,0.6366872,1.7065502,13.219738,22.560146,0.56601391,1.103554,16.991648,18.751201,0.52716518,1.1448932,16.87639,19.321664,0.67319463,1.0372731,28.584434,29.649865
init,init,-1,,5946,102.Western_Wood_Pewee/Western_Wood_Pewee_0041_795048.jpg,102,101,102.Western_Wood_Pewee,129,128,random_resized_crop,random_resized_crop,0,"{""area_fraction"":0.899811,""aspect"":0.947411,""fallback"":false,""height"":0.974555,""left"":0.005581,""top"":0.009754,""width"":0.923304}",5.9507942,5.7900524,-0.16074181,0.0026037719,0.0030578214,0.029707331,0.033707984,-0.027103559,-0.030650162,-0.003546603,0.82990183,1.0102012,48.419067,48.913001,False,0.97821009,True,False,False,0.82990183,1.0102012,48.419067,48.913001,0.76500854,1.0252037,40.051496,41.060944,0.97814318,0.97690203,27.208155,26.579702,0.52004962,1.0323534,6.225946,6.4273764,0.69427593,1.1204553,13.219738,14.812126,0.77261771,1.0214622,16.991648,17.356326,0.67960175,1.0608753,16.87639,17.903746,0.8246023,0.99166415,28.584434,28.346158
init,init,-1,,5946,102.Western_Wood_Pewee/Western_Wood_Pewee_0041_795048.jpg,102,101,102.Western_Wood_Pewee,129,128,gaussian_blur,gaussian_blur,0,"{""sigma"":1.697541}",5.9507942,5.4872251,-0.46356916,0.0026037719,0.0041393149,0.029707331,0.047740385,-0.027103559,-0.04360107,-0.016497511,0.68393436,1.1056715,48.419067,53.535584,False,0.89987171,True,False,False,0.68393436,1.1056715,48.419067,53.535584,0.58194539,1.0964851,40.051496,43.915869,0.89942795,1.1253203,27.208155,30.617889,0.57460036,1.3044209,6.225946,8.1212538,0.51848754,1.1203129,13.219738,14.810242,0.56568477,1.1326353,16.991648,19.24534,0.45196975,1.117109,16.87639,18.852766,0.65166374,1.0596743,28.584434,30.29019
init,init,-1,,5946,102.Western_Wood_Pewee/Western_Wood_Pewee_0041_795048.jpg,102,101,102.Western_Wood_Pewee,129,128,random_erasing,random_erasing,0,"{""area_fraction"":0.07206,""erased"":true,""height"":0.27661,""left"":0.217483,""top"":0.221,""width"":0.260512}",5.9507942,5.9730825,0.022288322,0.0026037719,0.0025463793,0.029707331,0.031062432,-0.027103559,-0.028516052,-0.0014124929,0.84241268,1.1565967,48.419067,56.001333,False,0.95423687,True,False,False,0.84241268,1.1565967,48.419067,56.001333,0.79306691,1.1707037,40.051496,46.888435,0.95409644,1.1254217,27.208155,30.620647,0.80619645,1.1179157,6.225946,6.960083,0.84416256,1.3480494,13.219738,17.82086,0.7897344,1.1117895,16.991648,18.891136,0.75642287,1.2078379,16.87639,20.383943,0.79706066,1.1390631,28.584434,32.559474
init,init,-1,,7141,122.Harris_Sparrow/Harris_Sparrow_0039_116409.jpg,122,121,122.Harris_Sparrow,129,128,identity,identity,0,{},5.1844606,5.1844606,0,0.0056029563,0.0056029563,0.024044791,0.024044791,-0.018441835,-0.018441835,0,1,1,44.298032,44.298032,False,1,True,False,False,1,1,44.298032,44.298032,1,1,37.692439,37.692439,1,1,23.272208,23.272208,1,1,9.2939434,9.2939434,1,1,14.970486,14.970486,1,1,15.774223,15.774223,1,1,16.621002,16.621002,1,1,24.189735,24.189735
init,init,-1,,7141,122.Harris_Sparrow/Harris_Sparrow_0039_116409.jpg,122,121,122.Harris_Sparrow,129,128,horizontal_flip,horizontal_flip,0,"{""flipped"":true}",5.1844606,5.1160617,-0.068398952,0.0056029563,0.0059996042,0.024044791,0.027032383,-0.018441835,-0.021032779,-0.0025909436,0.70304275,0.94465813,44.298032,41.846496,False,0.97507805,True,False,False,0.70304275,0.94465813,44.298032,41.846496,0.58524689,0.90299816,37.692439,34.036203,0.97505846,1.0460861,23.272208,24.344734,0.24249097,0.66596899,9.2939434,6.1894781,0.52841246,0.79249018,14.970486,11.863963,0.49370657,0.87120416,15.774223,13.742569,0.47903567,0.86907825,16.621002,14.444952,0.72146104,0.99721196,24.189735,24.122293
init,init,-1,,7141,122.Harris_Sparrow/Harris_Sparrow_0039_116409.jpg,122,121,122.Harris_Sparrow,129,128,color_jitter,color_jitter,0,"{""brightness"":1.167494,""contrast"":1.296765,""hue"":0.084174,""saturation"":0.698681}",5.1844606,5.0126786,-0.17178202,0.0056029563,0.0066530593,0.024044791,0.015702097,-0.018441835,-0.0090490375,0.0093927975,0.78315022,1.0608511,44.298032,46.993614,False,0.92610085,False,False,False,0.78315022,1.0608511,44.298032,46.993614,0.73288801,1.080594,37.692439,40.730222,0.92603159,1.0072239,23.272208,23.440323,0.67504524,1.0969286,9.2939434,10.194793,0.6692699,1.0525367,14.970486,15.756986,0.69401814,1.1885958,15.774223,18.749174,0.72049089,1.0054748,16.621002,16.711999,0.79174417,1.0747662,24.189735,25.99831
init,init,-1,,7141,122.Harris_Sparrow/Harris_Sparrow_0039_116409.jpg,122,121,122.Harris_Sparrow,129,128,rotation,rotation,0,"{""angle"":-3.429972}",5.1844606,5.1143847,-0.070075989,0.0056029563,0.0060096737,0.024044791,0.025400439,-0.018441835,-0.019390766,-0.00094893062,0.77354983,0.97391058,44.298032,43.142322,False,0.96509498,False,False,False,0.77354983,0.97391058,44.298032,43.142322,0.69480469,0.94955266,37.692439,35.790955,0.96507865,1.0350862,23.272208,24.088741,0.41338514,0.7932642,9.2939434,7.3725526,0.67907005,0.92566924,14.970486,13.857718,0.65951894,0.94128781,15.774223,14.848084,0.63873424,0.91122362,16.621002,15.14545,0.77419205,0.99966504,24.189735,24.181633
init,init,-1,,7141,122.Harris_Sparrow/Harris_Sparrow_0039_116409.jpg,122,121,122.Harris_Sparrow,129,128,random_resized_crop,random_resized_crop,0,"{""area_fraction"":0.648505,""aspect"":1.127072,""fallback"":false,""height"":0.758544,""left"":0.14225,""top"":0.106214,""width"":0.854934}",5.1844606,5.1281152,-0.056345463,0.0056029563,0.005927722,0.024044791,0.031328287,-0.018441835,-0.025400565,-0.0069587301,0.68557648,1.0111621,44.298032,44.792492,False,0.94761461,True,False,False,0.68557648,1.0111621,44.298032,44.792492,0.57934395,0.99214087,37.692439,37.396209,0.94759491,1.0594372,23.272208,24.655444,0.31524846,0.87181145,9.2939434,8.1025663,0.56568217,1.0662628,14.970486,15.962473,0.55134545,1.0480342,15.774223,16.531925,0.50587218,0.87614234,16.621002,14.562364,0.66477372,1.0064002,24.189735,24.344555
init,init,-1,,7141,122.Harris_Sparrow/Harris_Sparrow_0039_116409.jpg,122,121,122.Harris_Sparrow,129,128,gaussian_blur,gaussian_blur,0,"{""sigma"":1.950042}",5.1844606,5.0900187,-0.094441891,0.0056029563,0.0061579044,0.024044791,0.04177513,-0.018441835,-0.035617225,-0.01717539,0.63386966,1.2028484,44.298032,53.283819,False,0.89059871,True,False,False,0.63386966,1.2028484,44.298032,53.283819,0.52648188,1.1661773,37.692439,43.956065,0.89013527,1.2941159,23.272208,30.116933,0.42609332,1.1264999,9.2939434,10.469627,0.50087,1.1447467,14.970486,17.137414,0.50548187,1.2274712,15.774223,19.362405,0.47856572,1.1540778,16.621002,19.181931,0.58297337,1.1589783,24.189735,28.035379
init,init,-1,,7141,122.Harris_Sparrow/Harris_Sparrow_0039_116409.jpg,122,121,122.Harris_Sparrow,129,128,random_erasing,random_erasing,0,"{""area_fraction"":0.084899,""erased"":true,""height"":0.28968,""left"":0.586878,""top"":0.263616,""width"":0.293077}",5.1844606,5.4058847,0.2214241,0.0056029563,0.0044900798,0.024044791,0.030980766,-0.018441835,-0.026490686,-0.008048851,0.62529242,1.0353355,44.298032,45.863324,False,0.87734294,True,False,False,0.62529242,1.0353355,44.298032,45.863324,0.51664171,0.99179784,37.692439,37.383279,0.87719531,1.1416809,23.272208,26.569437,0.4414511,1.0645056,9.2939434,9.8934545,0.50174578,0.94485597,14.970486,14.144953,0.5194431,0.95280657,15.774223,15.029783,0.48949668,0.92694888,16.621002,15.40682,0.5451579,1.0427849,24.189735,25.224689
init,init,-1,,3375,059.California_Gull/California_Gull_0111_41033.jpg,59,58,059.California_Gull,96,95,identity,identity,0,{},5.606843,5.606843,0,0.0036726468,0.0036726468,0.015855381,0.015855381,-0.012182734,-0.012182734,0,1,1,36.457391,36.457391,False,1,True,False,False,1,1,36.457391,36.457391,1,1,28.957811,28.957811,1,1,22.149189,22.149189,1,1,5.2029778,5.2029778,1,1,12.030568,12.030568,1,1,10.112135,10.112135,1,1,11.663912,11.663912,1,1,20.698965,20.698965
init,init,-1,,3375,059.California_Gull/California_Gull_0111_41033.jpg,59,58,059.California_Gull,96,95,horizontal_flip,horizontal_flip,0,"{""flipped"":true}",5.606843,5.5704403,-0.036402702,0.0036726468,0.0038088029,0.015855381,0.014800134,-0.012182734,-0.010991331,0.0011914033,0.67476372,0.9813502,36.457391,35.777468,False,0.96285069,False,False,False,0.67476372,0.9813502,36.457391,35.777468,0.50377076,0.9760299,28.957811,28.263689,0.96285105,0.99037796,22.149189,21.936069,0.57648849,0.78229851,5.2029778,4.0702818,0.3509023,0.83728208,12.030568,10.072979,0.37579265,1.1096354,10.112135,11.220784,0.32935913,0.9666408,11.663912,11.274813,0.63447919,0.9992172,20.698965,20.682762
init,init,-1,,3375,059.California_Gull/California_Gull_0111_41033.jpg,59,58,059.California_Gull,96,95,color_jitter,color_jitter,0,"{""brightness"":1.268139,""contrast"":0.663428,""hue"":0.072114,""saturation"":1.015485}",5.606843,5.5340095,-0.072833538,0.0036726468,0.0039501199,0.015855381,0.015351771,-0.012182734,-0.011401651,0.00078108301,0.80737527,1.2042369,36.457391,43.903335,False,0.94843197,False,False,False,0.80737527,1.2042369,36.457391,43.903335,0.74311429,1.2787672,28.957811,37.030299,0.94839108,1.0648318,22.149189,23.585161,0.80229606,2.6625358,5.2029778,13.853115,0.78177268,1.4241652,12.030568,17.133517,0.64401316,1.3376842,10.112135,13.526843,0.68926422,1.1600871,11.663912,13.531154,0.80742877,1.1013658,20.698965,22.797132
init,init,-1,,3375,059.California_Gull/California_Gull_0111_41033.jpg,59,58,059.California_Gull,96,95,rotation,rotation,0,"{""angle"":-9.06972}",5.606843,5.8219204,0.2150774,0.0036726468,0.002961912,0.015855381,0.013526625,-0.012182734,-0.010564713,0.0016180214,0.661753,1.1309215,36.457391,41.230449,False,0.92112345,False,False,False,0.661753,1.1309215,36.457391,41.230449,0.51448895,1.1429321,28.957811,33.096812,0.92109613,1.1100912,22.149189,24.587619,0.10706888,1.3143508,5.2029778,6.838538,0.43670743,0.97586395,12.030568,11.740197,0.37646265,1.3008366,10.112135,13.154236,0.37255657,1.1092415,11.663912,12.938095,0.6499604,1.1538007,20.698965,23.88248
init,init,-1,,3375,059.California_Gull/California_Gull_0111_41033.jpg,59,58,059.California_Gull,96,95,random_resized_crop,random_resized_crop,0,"{""area_fraction"":0.533129,""aspect"":1.020321,""fallback"":false,""height"":0.722849,""left"":0.176217,""top"":0.264465,""width"":0.737538}",5.606843,5.4989848,-0.10785818,0.0036726468,0.0040909229,0.015855381,0.014359757,-0.012182734,-0.010268834,0.0019139,0.57684316,1.4181599,36.457391,51.70241,False,0.92248845,False,False,False,0.57684316,1.4181599,36.457391,51.70241,0.42443526,1.53263,28.957811,44.381609,0.92235991,1.1974215,22.149189,26.521916,0.20501472,1.6648854,5.2029778,8.6623616,0.32031824,1.4723636,12.030568,17.713371,0.3181243,2.0460889,10.112135,20.690328,0.27575512,1.5329109,11.663912,17.879738,0.57562437,1.3944842,20.698965,28.86438
init,init,-1,,3375,059.California_Gull/California_Gull_0111_41033.jpg,59,58,059.California_Gull,96,95,gaussian_blur,gaussian_blur,0,"{""sigma"":1.107158}",5.606843,5.4343414,-0.17250156,0.0036726468,0.0043641082,0.015855381,0.017844822,-0.012182734,-0.013480714,-0.0012979796,0.75403641,1.1884523,36.457391,43.327871,False,0.96919858,True,False,False,0.75403641,1.1884523,36.457391,43.327871,0.64837966,1.2493095,28.957811,36.177268,0.9691866,1.0764927,22.149189,23.843441,0.27574508,1.1654898,5.2029778,6.0640177,0.59151387,1.4256165,12.030568,17.150976,0.50344399,1.4835462,10.112135,15.00182,0.54908715,1.1481277,11.663912,13.391661,0.7794497,1.1569343,20.698965,23.947343
init,init,-1,,3375,059.California_Gull/California_Gull_0111_41033.jpg,59,58,059.California_Gull,96,95,random_erasing,random_erasing,0,"{""area_fraction"":0.133995,""erased"":true,""height"":0.641898,""left"":0.161636,""top"":0.144172,""width"":0.208748}",5.606843,5.6451473,0.038304329,0.0036726468,0.0035346285,0.015855381,0.017631777,-0.012182734,-0.014097148,-0.0019144136,0.85908502,1.2161764,36.457391,44.33862,False,0.97254032,True,False,False,0.85908502,1.2161764,36.457391,44.33862,0.80066092,1.2595852,28.957811,36.474829,0.97249233,1.1381512,22.149189,25.209127,0.8645185,1.404456,5.2029778,7.3073534,0.83820997,1.3863759,12.030568,16.678889,0.69271953,1.300289,10.112135,13.148699,0.72132674,1.2805624,11.663912,14.936368,0.83989091,1.1861919,20.698965,24.552943
init,init,-1,,1165,021.Eastern_Towhee/Eastern_Towhee_0082_22330.jpg,21,20,021.Eastern_Towhee,58,57,identity,identity,0,{},5.4243798,5.4243798,0,0.0044077993,0.0044077993,0.034325954,0.034325954,-0.029918154,-0.029918154,0,1,1,49.171315,49.171315,False,1,True,False,False,1,1,49.171315,49.171315,1,1,40.082245,40.082245,1,1,28.482132,28.482132,1,1,6.2772987,6.2772987,1,1,16.255974,16.255974,1,1,16.628383,16.628383,1,1,16.445372,16.445372,1,1,27.494942,27.494942
init,init,-1,,1165,021.Eastern_Towhee/Eastern_Towhee_0082_22330.jpg,21,20,021.Eastern_Towhee,58,57,horizontal_flip,horizontal_flip,0,"{""flipped"":true}",5.4243798,5.5727825,0.14840269,0.0044077993,0.0037998916,0.034325954,0.022333216,-0.029918154,-0.018533324,0.01138483,0.70879565,0.93422061,49.171315,45.936856,False,0.96379304,False,False,False,0.70879565,0.93422061,49.171315,45.936856,0.57107165,0.91062366,40.082245,36.499841,0.96364031,0.97927602,28.482132,27.891869,0.2870053,1.0947086,6.2772987,6.8718127,0.33726921,0.73577238,16.255974,11.960697,0.54868155,0.90513586,16.628383,15.050946,0.4722289,0.93533241,16.445372,15.381889,0.69900998,0.94760217,27.494942,26.054266
init,init,-1,,1165,021.Eastern_Towhee/Eastern_Towhee_0082_22330.jpg,21,20,021.Eastern_Towhee,58,57,color_jitter,color_jitter,0,"{""brightness"":1.318748,""contrast"":0.678232,""hue"":-0.083126,""saturation"":1.066382}",5.4243798,5.4887509,0.064371109,0.0044077993,0.0041330033,0.034325954,0.030823844,-0.029918154,-0.02669084,0.003227314,0.73729845,1.1265721,49.171315,55.39503,False,0.92246747,False,False,False,0.73729845,1.1265721,49.171315,55.39503,0.65368737,1.1611466,40.082245,46.541363,0.92192008,1.0547602,28.482132,30.041818,0.42854767,1.2572964,6.2772987,7.8924249,0.67345141,1.0365137,16.255974,16.84954,0.59097625,1.338344,16.628383,22.254496,0.57140578,1.27362,16.445372,20.945154,0.73099683,1.0825529,27.494942,29.764729
init,init,-1,,1165,021.Eastern_Towhee/Eastern_Towhee_0082_22330.jpg,21,20,021.Eastern_Towhee,58,57,rotation,rotation,0,"{""angle"":6.394969}",5.4243798,5.154994,-0.26938581,0.0044077993,0.0057705133,0.034325954,0.022304952,-0.029918154,-0.016534439,0.013383715,0.73140092,1.0080657,49.171315,49.567917,False,0.94869769,False,False,False,0.73140092,1.0080657,49.171315,49.567917,0.62333753,1.0127133,40.082245,40.591821,0.94844108,0.99879782,28.482132,28.447891,0.51380028,0.97402207,6.2772987,6.1142275,0.48598548,0.82684044,16.255974,13.441097,0.51379516,0.97433374,16.628383,16.201594,0.55362796,1.0800036,16.445372,17.761061,0.73296997,1.0614293,27.494942,29.183936
init,init,-1,,1165,021.Eastern_Towhee/Eastern_Towhee_0082_22330.jpg,21,20,021.Eastern_Towhee,58,57,random_resized_crop,random_resized_crop,0,"{""area_fraction"":0.570504,""aspect"":1.039273,""fallback"":false,""height"":0.740908,""left"":0.101343,""top"":0.257888,""width"":0.770006}",5.4243798,5.1616554,-0.2627244,0.0044077993,0.005732202,0.034325954,0.020955086,-0.029918154,-0.015222884,0.01469527,0.67631393,0.99208822,49.171315,48.782282,False,0.92725283,False,False,False,0.67631393,0.99208822,49.171315,48.782282,0.53685788,0.9544912,40.082245,38.25815,0.92688536,1.0626278,28.482132,30.265906,0.22616608,1.2268418,6.2772987,7.7012528,0.33698958,0.90588201,16.255974,14.725995,0.50040926,0.84670299,16.628383,14.079302,0.46043056,0.95226355,16.445372,15.660328,0.66123803,0.99208305,27.494942,27.277266
init,init,-1,,1165,021.Eastern_Towhee/Eastern_Towhee_0082_22330.jpg,21,20,021.Eastern_Towhee,58,57,gaussian_blur,gaussian_blur,0,"{""sigma"":1.037438}",5.4243798,5.4584074,0.034027576,0.0044077993,0.0042603356,0.034325954,0.024060206,-0.029918154,-0.019799871,0.010118283,0.74255515,0.95027191,49.171315,46.726119,False,0.94489932,False,False,False,0.74255515,0.95027191,49.171315,46.726119,0.64617752,0.96699141,40.082245,38.759187,0.94472143,0.91626019,28.482132,26.097044,0.60280536,0.94621177,6.2772987,5.9396539,0.50866553,0.82737125,16.255974,13.449726,0.49603304,1.0843143,16.628383,18.030393,0.60975596,1.0042333,16.445372,16.51499,0.77060962,0.95416493,27.494942,26.234709
init,init,-1,,1165,021.Eastern_Towhee/Eastern_Towhee_0082_22330.jpg,21,20,021.Eastern_Towhee,58,57,random_erasing,random_erasing,0,"{""area_fraction"":0.079862,""erased"":true,""height"":0.352416,""left"":0.158393,""top"":0.421289,""width"":0.226612}",5.4243798,5.5539341,0.12955427,0.0044077993,0.0038721943,0.034325954,0.02654271,-0.029918154,-0.022670516,0.0072476384,0.63783925,1.0652686,49.171315,52.380659,False,0.89038587,False,False,False,0.63783925,1.0652686,49.171315,52.380659,0.51329735,1.0728308,40.082245,43.001467,0.88991453,1.0501316,28.482132,29.909986,0.13400061,1.2419915,6.2772987,7.7963517,0.39344149,0.90819326,16.255974,14.763567,0.43775681,1.0269921,16.628383,17.077218,0.47179316,1.2013978,16.445372,19.757433,0.61760171,1.0840509,27.494942,29.805915
init,init,-1,,1171,021.Eastern_Towhee/Eastern_Towhee_0027_22372.jpg,21,20,021.Eastern_Towhee,129,128,identity,identity,0,{},5.8562722,5.8562722,0,0.0028618921,0.0028618921,0.033722457,0.033722457,-0.030860564,-0.030860564,0,1,1,56.938915,56.938915,False,1.0000001,True,False,False,1,1,56.938915,56.938915,1,1,46.55858,46.55858,1,1,32.777106,32.777106,1,1,12.004764,12.004764,1,1,18.158078,18.158078,1,1,17.464107,17.464107,1,1,18.945427,18.945427,1,1,32.092786,32.092786
init,init,-1,,1171,021.Eastern_Towhee/Eastern_Towhee_0027_22372.jpg,21,20,021.Eastern_Towhee,129,128,horizontal_flip,horizontal_flip,0,"{""flipped"":true}",5.8562722,5.5820179,-0.27425432,0.0028618921,0.0037649598,0.033722457,0.029287428,-0.030860564,-0.025522468,0.0053380965,0.64682882,1.0030081,56.938915,57.110195,False,0.966811,True,False,False,0.64682882,1.0030081,56.938915,57.110195,0.49904414,1.0245278,46.55858,47.70056,0.9666761,0.95811735,32.777106,31.404314,-0.2787712,0.92660103,12.004764,11.123627,0.49706385,1.0454882,18.158078,18.984058,0.39030127,1.1670136,17.464107,20.380851,0.37114238,1.0306602,18.945427,19.526298,0.68963093,0.98267013,32.092786,31.536622
init,init,-1,,1171,021.Eastern_Towhee/Eastern_Towhee_0027_22372.jpg,21,20,021.Eastern_Towhee,129,128,color_jitter,color_jitter,0,"{""brightness"":1.354355,""contrast"":1.34858,""hue"":-0.044754,""saturation"":1.067687}",5.8562722,6.0266094,0.1703372,0.0028618921,0.002413664,0.033722457,0.019624408,-0.030860564,-0.017210744,0.01364982,0.73590342,1.0299645,56.938915,58.645064,False,0.93113565,False,False,False,0.73590342,1.0299645,56.938915,58.645064,0.64750724,1.056409,46.55858,49.184901,0.93091553,0.97442502,32.777106,31.938832,0.36769953,0.77013843,12.004764,9.2453303,0.54658724,0.97677931,18.158078,17.736435,0.5871454,1.1676722,17.464107,20.392353,0.55759711,1.1250983,18.945427,21.315467,0.76453187,1.0561697,32.092786,33.895428
init,init,-1,,1171,021.Eastern_Towhee/Eastern_Towhee_0027_22372.jpg,21,20,021.Eastern_Towhee,129,128,rotation,rotation,0,"{""angle"":-6.062127}",5.8562722,5.4638643,-0.39240789,0.0028618921,0.0042371512,0.033722457,0.032380898,-0.030860564,-0.028143746,0.0027168181,0.75807863,1.0728864,56.938915,61.088985,False,0.95533371,True,False,False,0.75807863,1.0728864,56.938915,61.088985,0.67356934,1.1142129,46.55858,51.876171,0.95517042,0.98423272,32.777106,32.2603,0.66694894,1.2369587,12.004764,14.849398,0.65043701,1.1707084,18.158078,21.257816,0.59756881,1.2306785,17.464107,21.492701,0.54448493,1.1176545,18.945427,21.174441,0.76199637,1.037408,32.092786,33.293312
init,init,-1,,1171,021.Eastern_Towhee/Eastern_Towhee_0027_22372.jpg,21,20,021.Eastern_Towhee,129,128,random_resized_crop,random_resized_crop,0,"{""area_fraction"":0.639816,""aspect"":1.210304,""fallback"":false,""height"":0.727077,""left"":0.058668,""top"":0.184615,""width"":0.879984}",5.8562722,5.6211748,-0.23509741,0.0028618921,0.0036203864,0.033722457,0.051436976,-0.030860564,-0.047816589,-0.016956025,0.7179746,1.1399437,56.938915,64.907159,False,0.95238411,True,False,False,0.7179746,1.1399437,56.938915,64.907159,0.6208123,1.1929779,46.55858,55.543357,0.95206633,1.024613,32.777106,33.583848,0.7498768,1.5514068,12.004764,18.624273,0.40816254,1.2236913,18.158078,22.219883,0.46315341,1.2953668,17.464107,22.622425,0.57537689,1.2551582,18.945427,23.779508,0.75780873,1.0645655,32.092786,34.164874
init,init,-1,,1171,021.Eastern_Towhee/Eastern_Towhee_0027_22372.jpg,21,20,021.Eastern_Towhee,129,128,gaussian_blur,gaussian_blur,0,"{""sigma"":1.222764}",5.8562722,5.0865226,-0.76974964,0.0028618921,0.0061794706,0.033722457,0.021124028,-0.030860564,-0.014944557,0.015916007,0.67984001,1.0721873,56.938915,61.04918,False,0.90407944,False,False,False,0.67984001,1.0721873,56.938915,61.04918,0.59562575,1.1419889,46.55858,53.169383,0.90377988,0.91528267,32.777106,30.000317,0.26231867,0.86600868,12.004764,10.39623,0.58994854,1.4060713,18.158078,25.531552,0.55734838,1.3306851,17.464107,23.239227,0.53877355,1.2299386,18.945427,23.301712,0.69947854,0.97744506,32.092786,31.368935
init,init,-1,,1171,021.Eastern_Towhee/Eastern_Towhee_0027_22372.jpg,21,20,021.Eastern_Towhee,129,128,random_erasing,random_erasing,0,"{""area_fraction"":0.071621,""erased"":true,""height"":0.274167,""left"":0.223438,""top"":0.394712,""width"":0.261232}",5.8562722,5.9827156,0.12644339,0.0028618921,0.0025219689,0.033722457,0.024254085,-0.030860564,-0.021732117,0.0091284479,0.75155368,0.99193266,56.938915,56.47957,False,0.92394495,False,False,False,0.75155368,0.99193266,56.938915,56.47957,0.6749188,1.0213533,46.55858,47.552758,0.92370438,0.92974049,32.777106,30.474202,0.75690917,0.9681821,12.004764,11.622798,0.67341788,0.94278359,18.158078,17.119138,0.55696927,1.0908967,17.464107,19.051538,0.58140455,1.0684884,18.945427,20.242968,0.73779384,1.0146625,32.092786,32.563347
init,init,-1,,6988,120.Fox_Sparrow/Fox_Sparrow_0116_115311.jpg,120,119,120.Fox_Sparrow,46,45,identity,identity,0,{},5.6230679,5.6230679,0,0.0036135379,0.0036135379,0.037347723,0.037347723,-0.033734185,-0.033734185,0,1,1,58.795084,58.795084,False,1,True,False,False,1,1,58.795084,58.795084,1,1,51.443203,51.443203,1,1,28.468558,28.468558,1,1,9.6613596,9.6613596,1,1,22.377355,22.377355,1,1,22.493351,22.493351,1,1,23.394229,23.394229,1,1,31.608138,31.608138
init,init,-1,,6988,120.Fox_Sparrow/Fox_Sparrow_0116_115311.jpg,120,119,120.Fox_Sparrow,46,45,horizontal_flip,horizontal_flip,0,"{""flipped"":true}",5.6230679,5.5020852,-0.12098265,0.0036135379,0.0040782588,0.037347723,0.033224531,-0.033734185,-0.029146272,0.0045879132,0.65307247,0.9400999,58.795084,55.273253,False,0.9626385,True,False,False,0.65307247,0.9400999,58.795084,55.273253,0.55363566,0.92869653,51.443203,47.775123,0.96251895,0.97640853,28.468558,27.796943,0.17962734,1.0460288,9.6613596,10.10606,0.4711325,0.76984561,22.377355,17.227108,0.54671991,1.0002037,22.493351,22.497933,0.49652128,0.93026188,23.394229,21.762759,0.66515634,0.95111478,31.608138,30.062968
init,init,-1,,6988,120.Fox_Sparrow/Fox_Sparrow_0116_115311.jpg,120,119,120.Fox_Sparrow,46,45,color_jitter,color_jitter,0,"{""brightness"":1.299544,""contrast"":1.215251,""hue"":-0.082303,""saturation"":1.38902}",5.6230679,5.2755985,-0.34746933,0.0036135379,0.0051148948,0.037347723,0.043428112,-0.033734185,-0.038313217,-0.0045790321,0.59539146,1.015781,58.795084,59.722929,False,0.8932308,True,False,False,0.59539146,1.015781,58.795084,59.722929,0.51058635,1.0313967,51.443203,53.05835,0.89305486,0.96302905,28.468558,27.416049,0.14658484,1.0882196,9.6613596,10.513681,0.49893062,1.0785987,22.377355,24.136186,0.39058969,1.0581271,22.493351,23.800826,0.47087338,0.98254963,23.394229,22.985991,0.63861727,1.0140079,31.608138,32.050903
init,init,-1,,6988,120.Fox_Sparrow/Fox_Sparrow_0116_115311.jpg,120,119,120.Fox_Sparrow,46,45,rotation,rotation,0,"{""angle"":-8.45198}",5.6230679,5.84443,0.22136211,0.0036135379,0.002895985,0.037347723,0.032478381,-0.033734185,-0.029582396,0.004151789,0.67555179,1.0954855,58.795084,64.409165,False,0.92670381,True,False,False,0.67555179,1.0954855,58.795084,64.409165,0.59977928,1.0990336,51.443203,56.537807,0.92649655,1.0838192,28.468558,30.85477,0.34774267,1.419639,9.6613596,13.715643,0.56358286,1.1233527,22.377355,25.137662,0.5229144,1.1235409,22.493351,25.272201,0.57044595,1.0072182,23.394229,23.563094,0.70805899,1.0879774,31.608138,34.38894
init,init,-1,,6988,120.Fox_Sparrow/Fox_Sparrow_0116_115311.jpg,120,119,120.Fox_Sparrow,46,45,random_resized_crop,random_resized_crop,0,"{""area_fraction"":0.807465,""aspect"":0.974315,""fallback"":false,""height"":0.910357,""left"":0.046351,""top"":0.035056,""width"":0.886975}",5.6230679,6.0500517,0.42698383,0.0036135379,0.0023577397,0.037347723,0.03670831,-0.033734185,-0.034350571,-0.0006163856,0.7204225,0.92198855,58.795084,54.208394,False,0.95503008,True,False,False,0.7204225,0.92198855,58.795084,54.208394,0.63757818,0.87843369,51.443203,45.189442,0.95491716,1.0517222,28.468558,29.941014,0.43102575,0.86341807,9.6613596,8.3417925,0.54954337,0.79766682,22.377355,17.849673,0.53696275,0.8289404,22.493351,18.645648,0.55889876,0.81090547,23.394229,18.970508,0.77614407,0.97325523,31.608138,30.762786
init,init,-1,,6988,120.Fox_Sparrow/Fox_Sparrow_0116_115311.jpg,120,119,120.Fox_Sparrow,46,45,gaussian_blur,gaussian_blur,0,"{""sigma"":1.701216}",5.6230679,5.9867239,0.36365604,0.0036135379,0.0025118799,0.037347723,0.022360645,-0.033734185,-0.019848765,0.01388542,0.54506083,1.1518616,58.795084,67.723798,False,0.83417475,False,False,False,0.54506083,1.1518616,58.795084,67.723798,0.48041218,1.210864,51.443203,62.290721,0.83381208,0.93358403,28.468558,26.577791,0.54046521,1.5595462,9.6613596,15.067337,0.61078797,1.3527381,22.377355,30.270701,0.39387464,1.3062574,22.493351,29.382107,0.34804952,1.1917161,23.394229,27.87928,0.53483932,1.0474956,31.608138,33.109386
init,init,-1,,6988,120.Fox_Sparrow/Fox_Sparrow_0116_115311.jpg,120,119,120.Fox_Sparrow,46,45,random_erasing,random_erasing,0,"{""area_fraction"":0.1762,""erased"":true,""height"":0.230471,""left"":0.207084,""top"":0.59406,""width"":0.764523}",5.6230679,5.8337851,0.2107172,0.0036135379,0.002926978,0.037347723,0.033814181,-0.033734185,-0.030887203,0.0028469823,0.74799716,0.96752109,58.795084,56.885484,False,0.92301738,True,False,False,0.74799716,0.96752109,58.795084,56.885484,0.69804503,0.98123654,51.443203,50.47795,0.92286854,0.92131506,28.468558,26.228512,0.79212148,0.79737593,9.6613596,7.7037356,0.74699278,0.89806114,22.377355,20.096233,0.63806114,1.048286,22.493351,23.579466,0.66750483,0.98472861,23.394229,23.036967,0.72062114,0.99952439,31.608138,31.593105
init,init,-1,,1860,033.Yellow_billed_Cuckoo/Yellow_Billed_Cuckoo_0121_26807.jpg,33,32,033.Yellow_billed_Cuckoo,129,128,identity,identity,0,{},5.8631883,5.8631883,0,0.0028421681,0.0028421681,0.037780784,0.037780784,-0.034938616,-0.034938616,0,1,1,51.90138,51.90138,False,1,True,False,False,1,1,51.90138,51.90138,1,1,41.096753,41.096753,1,1,31.698741,31.698741,1,1,6.8770129,6.8770129,1,1,11.571134,11.571134,1,1,16.503325,16.503325,1,1,18.719993,18.719993,1,1,29.748291,29.748291
init,init,-1,,1860,033.Yellow_billed_Cuckoo/Yellow_Billed_Cuckoo_0121_26807.jpg,33,32,033.Yellow_billed_Cuckoo,129,128,horizontal_flip,horizontal_flip,0,"{""flipped"":true}",5.8631883,5.5337276,-0.32946062,0.0028421681,0.0039512338,0.037780784,0.03296173,-0.034938616,-0.029010496,0.0059281199,0.64551804,1.1165585,51.90138,57.950925,False,0.95674491,True,False,False,0.64551804,1.1165585,51.90138,57.950925,0.49175843,1.1805329,41.096753,48.516068,0.95659848,0.9998461,31.698741,31.693862,0.4448122,1.4176664,6.8770129,9.7493105,0.31405529,1.5897094,11.571134,18.39474,0.23298461,1.2571216,16.503325,20.746687,0.38264876,1.2088081,18.719993,22.628879,0.69007677,1.0512008,29.748291,31.271427
init,init,-1,,1860,033.Yellow_billed_Cuckoo/Yellow_Billed_Cuckoo_0121_26807.jpg,33,32,033.Yellow_billed_Cuckoo,129,128,color_jitter,color_jitter,0,"{""brightness"":1.234838,""contrast"":0.987202,""hue"":0.084384,""saturation"":1.072909}",5.8631883,6.01649,0.15330172,0.0028421681,0.002438212,0.037780784,0.027387619,-0.034938616,-0.024949407,0.009989209,0.68215107,1.0963258,51.90138,56.90082,False,0.90908945,False,False,False,0.68215107,1.0963258,51.90138,56.90082,0.5666725,1.1483912,41.096753,47.195148,0.90857959,1.0027387,31.698741,31.785553,0.12152507,1.2931138,6.8770129,8.8927604,0.40135138,1.3040103,11.571134,15.088877,0.43365148,1.2804907,16.503325,21.132355,0.51748496,1.1486309,18.719993,21.502363,0.69969188,1.0692113,29.748291,31.807209
init,init,-1,,1860,033.Yellow_billed_Cuckoo/Yellow_Billed_Cuckoo_0121_26807.jpg,33,32,033.Yellow_billed_Cuckoo,129,128,rotation,rotation,0,"{""angle"":-0.994648}",5.8631883,6.037169,0.17398071,0.0028421681,0.0023883106,0.037780784,0.030896878,-0.034938616,-0.028508567,0.0064300487,0.8391813,0.98454114,51.90138,51.099044,False,0.98072958,True,False,False,0.8391813,0.98454114,51.90138,51.099044,0.75652705,0.99094065,41.096753,40.724443,0.98065447,0.97368972,31.698741,30.864738,0.50081756,1.105209,6.8770129,7.6005364,0.53528385,1.1107338,11.571134,12.852449,0.61673862,0.99611484,16.503325,16.439207,0.72168981,0.97836046,18.719993,18.314901,0.87007121,0.96835834,29.748291,28.807005
init,init,-1,,1860,033.Yellow_billed_Cuckoo/Yellow_Billed_Cuckoo_0121_26807.jpg,33,32,033.Yellow_billed_Cuckoo,129,128,random_resized_crop,random_resized_crop,0,"{""area_fraction"":0.565807,""aspect"":1.130473,""fallback"":false,""height"":0.707464,""left"":0.136074,""top"":0.045859,""width"":0.799769}",5.8631883,5.9415336,0.078345299,0.0028421681,0.0026279963,0.037780784,0.037146088,-0.034938616,-0.034518091,0.00042052451,0.65024705,1.0858182,51.90138,56.355461,False,0.93510878,True,False,False,0.65024705,1.0858182,51.90138,56.355461,0.49461184,1.1169993,41.096753,45.905045,0.9349283,1.0312851,31.698741,32.69044,-0.088192173,1.3095828,6.8770129,9.006018,0.32567012,1.2624395,11.571134,14.607857,0.41198567,1.1473435,16.503325,18.934983,0.37726543,1.0848211,18.719993,20.307843,0.63670123,1.0850183,29.748291,32.277441
init,init,-1,,1860,033.Yellow_billed_Cuckoo/Yellow_Billed_Cuckoo_0121_26807.jpg,33,32,033.Yellow_billed_Cuckoo,129,128,gaussian_blur,gaussian_blur,0,"{""sigma"":1.692276}",5.8631883,6.0103512,0.14716291,0.0028421681,0.0024532271,0.037780784,0.011935091,-0.034938616,-0.0094818636,0.025456752,0.49334803,0.87455665,51.90138,45.390697,False,0.75531292,False,False,False,0.49334803,0.87455665,51.90138,45.390697,0.39376225,0.97196525,41.096753,39.944616,0.75487661,0.68008696,31.698741,21.5579,0.26200995,1.1828521,6.8770129,8.1344895,0.34364936,1.166713,11.571134,13.500192,0.38129774,1.31796,16.503325,21.750722,0.35104497,1.0353948,18.719993,19.382583,0.47253625,0.75043558,29.748291,22.324176
init,init,-1,,1860,033.Yellow_billed_Cuckoo/Yellow_Billed_Cuckoo_0121_26807.jpg,33,32,033.Yellow_billed_Cuckoo,129,128,random_erasing,random_erasing,0,"{""area_fraction"":0.182632,""erased"":true,""height"":0.427291,""left"":0.327372,""top"":0.112202,""width"":0.427419}",5.8631883,6.0695066,0.20631838,0.0028421681,0.0023123131,0.037780784,0.037034649,-0.034938616,-0.034722336,0.00021627964,0.62085494,1.059467,51.90138,54.987798,False,0.86223841,True,False,False,0.62085494,1.059467,51.90138,54.987798,0.49744791,1.1095998,41.096753,45.60095,0.86202003,0.96937672,31.698741,30.728021,0.37220708,0.99678533,6.8770129,6.8549056,0.45424468,1.2730769,11.571134,14.730943,0.44328541,1.1732547,16.503325,19.362603,0.42233256,1.14652,18.719993,21.462846,0.56477831,1.0522698,29.748291,31.303227
init,init,-1,,7022,120.Fox_Sparrow/Fox_Sparrow_0036_115581.jpg,120,119,120.Fox_Sparrow,4,3,identity,identity,0,{},6.0095949,6.0095949,0,0.0024550818,0.0024550818,0.026695549,0.026695549,-0.024240468,-0.024240468,0,1,1,53.606946,53.606946,False,1,True,False,False,1,1,53.606946,53.606946,1,1,45.083614,45.083614,1,1,29.002972,29.002972,1,1,8.2607742,8.2607742,1,1,15.758149,15.758149,1,1,19.968529,19.968529,1,1,18.910212,18.910212,1,1,30.977966,30.977966
init,init,-1,,7022,120.Fox_Sparrow/Fox_Sparrow_0036_115581.jpg,120,119,120.Fox_Sparrow,4,3,horizontal_flip,horizontal_flip,0,"{""flipped"":true}",6.0095949,6.2184224,0.2088275,0.0024550818,0.0019923861,0.026695549,0.027711591,-0.024240468,-0.025719205,-0.001478737,0.64176529,0.96091335,53.606946,51.51163,False,0.9621383,True,False,False,0.64176529,0.96091335,53.606946,51.51163,0.5011115,0.94286706,45.083614,42.507855,0.96205183,1.0031797,29.002972,29.095194,0.52254507,0.64132195,8.2607742,5.2978158,0.29894275,0.84547674,15.758149,13.323149,0.25728998,0.88854051,19.968529,17.742847,0.39322267,0.95862664,18.910212,18.127833,0.67664228,0.99910514,30.977966,30.950245
init,init,-1,,7022,120.Fox_Sparrow/Fox_Sparrow_0036_115581.jpg,120,119,120.Fox_Sparrow,4,3,color_jitter,color_jitter,0,"{""brightness"":0.848299,""contrast"":0.768084,""hue"":0.092421,""saturation"":1.083921}",6.0095949,6.2501969,0.24060202,0.0024550818,0.0019300743,0.026695549,0.023751376,-0.024240468,-0.021821302,0.0024191658,0.7760785,1.0751417,53.606946,57.635064,False,0.94208521,False,False,False,0.7760785,1.0751417,53.606946,57.635064,0.71566145,1.1070127,45.083614,49.908132,0.94196194,0.99392249,29.002972,28.826706,0.78621706,1.0164265,8.2607742,8.3964699,0.67927623,1.2815028,15.758149,20.194113,0.65804677,1.1604072,19.968529,23.171625,0.64290094,1.120787,18.910212,21.194319,0.78333582,1.0341998,30.977966,32.037405
init,init,-1,,7022,120.Fox_Sparrow/Fox_Sparrow_0036_115581.jpg,120,119,120.Fox_Sparrow,4,3,rotation,rotation,0,"{""angle"":12.386214}",6.0095949,6.3312278,0.32163286,0.0024550818,0.0017798474,0.026695549,0.024877658,-0.024240468,-0.023097811,0.001142657,0.69046805,0.99373674,53.606946,53.271192,False,0.91143727,True,False,False,0.69046805,0.99373674,53.606946,53.271192,0.60452659,1.0098602,45.083614,45.528148,0.91118263,0.95365298,29.002972,27.658771,0.50133127,1.2013696,8.2607742,9.9242434,0.57132501,1.0486283,15.758149,16.524442,0.54925067,0.95367925,19.968529,19.043571,0.48186976,1.0489239,18.910212,19.835373,0.6944296,0.9924323,30.977966,30.743534
init,init,-1,,7022,120.Fox_Sparrow/Fox_Sparrow_0036_115581.jpg,120,119,120.Fox_Sparrow,4,3,random_resized_crop,random_resized_crop,0,"{""area_fraction"":0.713361,""aspect"":1.179634,""fallback"":false,""height"":0.777644,""left"":0.075122,""top"":0.113495,""width"":0.917336}",6.0095949,6.3318677,0.32227278,0.0024550818,0.0017787087,0.026695549,0.023892934,-0.024240468,-0.022114225,0.0021262428,0.75052162,0.91780357,53.606946,49.200647,False,0.96228641,False,False,False,0.75052162,0.91780357,53.606946,49.200647,0.66038612,0.90977357,45.083614,41.015881,0.96223334,0.93692253,29.002972,27.173538,0.68217245,0.9880551,8.2607742,8.1621001,0.56616398,0.95611391,15.758149,15.066586,0.61136855,0.80383237,19.968529,16.05135,0.56939549,0.91207011,18.910212,17.247439,0.7368993,0.93199952,30.977966,28.871449
init,init,-1,,7022,120.Fox_Sparrow/Fox_Sparrow_0036_115581.jpg,120,119,120.Fox_Sparrow,4,3,gaussian_blur,gaussian_blur,0,"{""sigma"":1.885981}",6.0095949,6.1789455,0.16935062,0.0024550818,0.0020726128,0.026695549,0.014318885,-0.024240468,-0.012246273,0.011994195,0.53174259,1.0922529,53.606946,58.552341,False,0.84555107,False,False,False,0.53174259,1.0922529,53.606946,58.552341,0.43466061,1.161008,45.083614,52.342436,0.84527102,0.90480609,29.002972,26.242066,0.462918,1.5436543,8.2607742,12.75178,0.44425134,1.5377783,15.758149,24.23254,0.24504494,1.2195223,19.968529,24.352067,0.32670375,1.1440489,18.910212,21.634207,0.5873068,0.9838268,30.977966,30.476953
init,init,-1,,7022,120.Fox_Sparrow/Fox_Sparrow_0036_115581.jpg,120,119,120.Fox_Sparrow,4,3,random_erasing,random_erasing,0,"{""area_fraction"":0.099718,""erased"":true,""height"":0.292947,""left"":0.486663,""top"":0.039723,""width"":0.340398}",6.0095949,6.3748713,0.36527634,0.0024550818,0.0017038388,0.026695549,0.026446158,-0.024240468,-0.024742319,-0.00050185155,0.87087991,0.99706074,53.606946,53.449381,False,0.9682821,True,False,False,0.87087991,0.99706074,53.606946,53.449381,0.82971261,0.99020426,45.083614,44.641987,0.96823697,1.0134366,29.002972,29.392675,0.92257953,0.94008017,8.2607742,7.7657901,0.81805262,1.0192786,15.758149,16.061944,0.81720646,0.97339843,19.968529,19.437334,0.77361953,0.96650967,18.910212,18.276902,0.85216193,1.0016264,30.977966,31.028347
init,init,-1,,9421,161.Blue_winged_Warbler/Blue_Winged_Warbler_0012_162086.jpg,161,160,161.Blue_winged_Warbler,128,127,identity,identity,0,{},6.0965767,6.0965767,0,0.0022505592,0.0022505592,0.01652375,0.01652375,-0.014273191,-0.014273191,0,1,1,52.755358,52.755358,False,0.99999988,True,False,False,1,1,52.755358,52.755358,1,1,45.483934,45.483934,1,1,26.727131,26.727131,1,1,8.1664112,8.1664112,1,1,14.108147,14.108147,1,1,17.394486,17.394486,1,1,20.463822,20.463822,1,1,32.889542,32.889542
init,init,-1,,9421,161.Blue_winged_Warbler/Blue_Winged_Warbler_0012_162086.jpg,161,160,161.Blue_winged_Warbler,128,127,horizontal_flip,horizontal_flip,0,"{""flipped"":true}",6.0965767,6.1319366,0.035359859,0.0022505592,0.0021723695,0.01652375,0.014636203,-0.014273191,-0.012463833,0.0018093581,0.64941255,0.97453381,52.755358,51.41188,False,0.95534384,False,False,False,0.64941255,0.97453381,52.755358,51.41188,0.53258169,0.94503915,45.483934,42.984098,0.95526473,1.0553124,26.727131,28.205473,0.39187656,0.98642459,8.1664112,8.0555489,0.39516931,0.87218782,14.108147,12.304954,0.3923072,0.8908385,17.394486,15.495678,0.35741252,0.90805398,20.463822,18.582255,0.66299776,0.98330871,32.889542,32.340573
init,init,-1,,9421,161.Blue_winged_Warbler/Blue_Winged_Warbler_0012_162086.jpg,161,160,161.Blue_winged_Warbler,128,127,color_jitter,color_jitter,0,"{""brightness"":0.798626,""contrast"":0.988833,""hue"":-0.024235,""saturation"":1.317508}",6.0965767,6.0710459,-0.025530815,0.0022505592,0.0023087566,0.01652375,0.021154281,-0.014273191,-0.018845524,-0.0045723328,0.85413115,1.0042627,52.755358,52.980238,False,0.97745585,True,False,False,0.85413115,1.0042627,52.755358,52.980238,0.81066032,0.99844496,45.483934,45.413205,0.97741079,1.0209243,26.727131,27.286378,0.54345794,0.96664515,8.1664112,7.8940218,0.65769626,0.97222098,14.108147,13.716236,0.77897378,0.98890496,17.394486,17.201494,0.77043528,1.0184943,20.463822,20.842285,0.87872784,0.99995109,32.889542,32.887934
init,init,-1,,9421,161.Blue_winged_Warbler/Blue_Winged_Warbler_0012_162086.jpg,161,160,161.Blue_winged_Warbler,128,127,rotation,rotation,0,"{""angle"":-0.084254}",6.0965767,6.0584297,-0.038146973,0.0022505592,0.0023380695,0.01652375,0.01686516,-0.014273191,-0.014527091,-0.00025389949,0.97551595,0.97282968,52.755358,51.321978,False,0.99898291,True,False,False,0.97551595,0.97282968,52.755358,51.321978,0.96729145,0.96691722,45.483934,43.979199,0.9989816,0.98975343,26.727131,26.453269,0.95784148,0.9604302,8.1664112,7.8432679,0.94035943,0.9618524,14.108147,13.569955,0.9453778,0.94561663,17.394486,16.448515,0.95678068,0.96037935,20.463822,19.653032,0.98280678,0.97661153,32.889542,32.120306
init,init,-1,,9421,161.Blue_winged_Warbler/Blue_Winged_Warbler_0012_162086.jpg,161,160,161.Blue_winged_Warbler,128,127,random_resized_crop,random_resized_crop,0,"{""area_fraction"":0.841649,""aspect"":0.843328,""fallback"":false,""height"":0.999004,""left"":0.092345,""top"":0.000377,""width"":0.842488}",6.0965767,6.1788149,0.082238197,0.0022505592,0.0020728833,0.01652375,0.014363083,-0.014273191,-0.0122902,0.0019829916,0.81966685,1.0434522,52.755358,55.047696,False,0.97961938,False,False,False,0.81966685,1.0434522,52.755358,55.047696,0.76511305,1.0465886,45.483934,47.602966,0.97957655,1.0343155,26.727131,27.644285,0.75015951,1.5101598,8.1664112,12.332586,0.63102046,1.1195184,14.108147,15.794331,0.69493075,1.0165701,17.394486,17.682714,0.71562135,1.0223708,20.463822,20.921614,0.83832822,1.014854,32.889542,33.378084
init,init,-1,,9421,161.Blue_winged_Warbler/Blue_Winged_Warbler_0012_162086.jpg,161,160,161.Blue_winged_Warbler,128,127,gaussian_blur,gaussian_blur,0,"{""sigma"":1.051212}",6.0965767,5.9001474,-0.19642925,0.0022505592,0.0027390404,0.01652375,0.020848639,-0.014273191,-0.018109599,-0.0038364076,0.77266166,1.0068952,52.755358,53.119118,False,0.94969445,False,False,False,0.77266166,1.0068952,52.755358,53.119118,0.70905171,0.99542096,45.483934,45.275661,0.94961591,1.0394113,26.727131,27.780482,0.63325436,1.2818036,8.1664112,10.467735,0.63569354,1.1375696,14.108147,16.049,0.59670362,1.0142395,17.394486,17.642174,0.64263267,0.95380208,20.463822,19.518436,0.79439795,0.95691882,32.889542,31.472622
init,init,-1,,9421,161.Blue_winged_Warbler/Blue_Winged_Warbler_0012_162086.jpg,161,160,161.Blue_winged_Warbler,128,127,random_erasing,random_erasing,0,"{""area_fraction"":0.179257,""erased"":true,""height"":0.431162,""left"":0.091231,""top"":0.010642,""width"":0.415754}",6.0965767,6.208004,0.11142731,0.0022505592,0.0020132517,0.01652375,0.016268209,-0.014273191,-0.014254957,1.8234365e-05,0.78398414,1.0570532,52.755358,55.765217,False,0.95605958,False,False,False,0.78398414,1.0570532,52.755358,55.765217,0.7267465,1.0663295,45.483934,48.50086,0.95600207,1.0297167,26.727131,27.521374,0.69360963,0.90590034,8.1664112,7.3979547,0.64756443,1.0335369,14.108147,14.581291,0.60261252,1.1442834,17.394486,19.904222,0.68474925,1.1447684,20.463822,23.426337,0.802521,1.0265925,32.889542,33.764158
init,init,-1,,7272,125.Lincoln_Sparrow/Lincoln_Sparrow_0110_117264.jpg,125,124,125.Lincoln_Sparrow,129,128,identity,identity,0,{},5.2081585,5.2081585,0,0.0054717399,0.0054717399,0.022558851,0.022558851,-0.017087111,-0.017087111,0,1,1,45.894392,45.894392,False,1,True,False,False,1,1,45.894392,45.894392,1,1,38.453262,38.453262,1,1,25.052781,25.052781,1,1,6.278621,6.278621,1,1,14.380749,14.380749,1,1,17.453384,17.453384,1,1,16.908797,16.908797,1,1,25.335713,25.335713
init,init,-1,,7272,125.Lincoln_Sparrow/Lincoln_Sparrow_0110_117264.jpg,125,124,125.Lincoln_Sparrow,129,128,horizontal_flip,horizontal_flip,0,"{""flipped"":true}",5.2081585,5.0466356,-0.16152287,0.0054717399,0.0064309319,0.022558851,0.024809733,-0.017087111,-0.018378801,-0.0012916899,0.65923735,1.0808112,45.894392,49.603171,False,0.94892693,True,False,False,0.65923735,1.0808112,45.894392,49.603171,0.54896768,1.1113483,38.453262,42.734967,0.94885131,1.0052086,25.052781,25.183272,0.59100684,1.319921,6.278621,8.287284,0.42774938,1.0397081,14.380749,14.951781,0.52964751,1.1506712,17.453384,20.083107,0.44021365,1.1281348,16.908797,19.075402,0.64389703,1.092998,25.335713,27.691883
init,init,-1,,7272,125.Lincoln_Sparrow/Lincoln_Sparrow_0110_117264.jpg,125,124,125.Lincoln_Sparrow,129,128,color_jitter,color_jitter,0,"{""brightness"":1.354612,""contrast"":1.261651,""hue"":-0.083641,""saturation"":1.032076}",5.2081585,5.2698526,0.061694145,0.0054717399,0.0051443703,0.022558851,0.019416692,-0.017087111,-0.014272321,0.0028147898,0.69785221,1.100342,45.894392,50.499526,False,0.92454821,False,False,False,0.69785221,1.100342,45.894392,50.499526,0.60308087,1.1050837,38.453262,42.494073,0.92445402,1.0890895,25.052781,27.28472,0.31057377,1.5938724,6.278621,10.007321,0.48590377,1.0111487,14.380749,14.541076,0.5758039,1.0842595,17.453384,18.923997,0.56776931,1.1068036,16.908797,18.714717,0.69624972,1.1064263,25.335713,28.032099
init,init,-1,,7272,125.Lincoln_Sparrow/Lincoln_Sparrow_0110_117264.jpg,125,124,125.Lincoln_Sparrow,129,128,rotation,rotation,0,"{""angle"":8.820121}",5.2081585,5.4511518,0.24299335,0.0054717399,0.0042913603,0.022558851,0.014886891,-0.017087111,-0.01059553,0.006491581,0.72291867,0.99423085,45.894392,45.62962,False,0.94250262,False,False,False,0.72291867,0.99423085,45.894392,45.62962,0.63327249,1.0049681,38.453262,38.6443,0.94242656,0.96846476,25.052781,24.262735,0.10612733,1.2329246,6.278621,7.7410662,0.54698137,0.92050063,14.380749,13.237488,0.66324167,0.97734437,17.453384,17.057966,0.5616059,1.0486862,16.908797,17.732022,0.71973578,1.0084775,25.335713,25.550497
init,init,-1,,7272,125.Lincoln_Sparrow/Lincoln_Sparrow_0110_117264.jpg,125,124,125.Lincoln_Sparrow,129,128,random_resized_crop,random_resized_crop,0,"{""area_fraction"":0.816,""aspect"":0.930921,""fallback"":false,""height"":0.936244,""left"":0.124903,""top"":0.015406,""width"":0.871568}",5.2081585,5.1515532,-0.056605339,0.0054717399,0.0057904031,0.022558851,0.01968923,-0.017087111,-0.013898827,0.0031882841,0.73232135,0.97719411,45.894392,44.84773,False,0.96321708,True,False,False,0.73232135,0.97719411,45.894392,44.84773,0.63689299,0.98456345,38.453262,37.859677,0.96315684,0.9596091,25.052781,24.040876,0.0085392931,1.6852976,6.278621,10.581345,0.51467884,1.0314599,14.380749,14.833165,0.66376681,0.83643055,17.453384,14.598543,0.62377405,0.97115223,16.908797,16.421016,0.75305539,0.98168443,25.335713,24.871675
init,init,-1,,7272,125.Lincoln_Sparrow/Lincoln_Sparrow_0110_117264.jpg,125,124,125.Lincoln_Sparrow,129,128,gaussian_blur,gaussian_blur,0,"{""sigma"":1.56501}",5.2081585,4.5527153,-0.65544319,0.0054717399,0.010538552,0.022558851,0.023554523,-0.017087111,-0.013015971,0.0040711407,0.60245232,1.1971186,45.894392,54.941031,False,0.90983719,True,False,False,0.60245232,1.1971186,45.894392,54.941031,0.49205265,1.2463029,38.453262,47.924412,0.90971711,1.0723653,25.052781,26.865733,-0.055543131,1.7893249,6.278621,11.234493,0.23889124,1.2055214,14.380749,17.336301,0.54970013,1.375652,17.453384,24.009783,0.43807041,1.2914903,16.908797,21.837547,0.63400545,1.1279301,25.335713,28.576913
init,init,-1,,7272,125.Lincoln_Sparrow/Lincoln_Sparrow_0110_117264.jpg,125,124,125.Lincoln_Sparrow,129,128,random_erasing,random_erasing,0,"{""area_fraction"":0.129623,""erased"":true,""height"":0.221842,""left"":0.187381,""top"":0.58664,""width"":0.584305}",5.2081585,5.38627,0.17811155,0.0054717399,0.0045790221,0.022558851,0.031598095,-0.017087111,-0.027019073,-0.0099319615,0.79834208,1.1662512,45.894392,53.524389,False,0.94376379,True,False,False,0.79834208,1.1662512,45.894392,53.524389,0.7423964,1.1939588,38.453262,45.91161,0.94364068,1.0982153,25.052781,27.513347,0.52379981,1.1168241,6.278621,7.0121153,0.74697676,1.1692921,14.380749,16.815296,0.79332741,1.2876824,17.453384,22.474415,0.68552468,1.1697523,16.908797,19.779105,0.75392566,1.1706289,25.335713,29.658719
init,init,-1,,32,001.Black_footed_Albatross/Black_Footed_Albatross_0017_796098.jpg,1,0,001.Black_footed_Albatross,8,7,identity,identity,0,{},6.1776934,6.1776934,0,0.0020752093,0.0020752093,0.032486331,0.032486331,-0.030411121,-0.030411121,0,1,1,57.212378,57.212378,False,1,True,False,False,1,1,57.212378,57.212378,1,1,49.00748,49.00748,1,1,29.52157,29.52157,1,1,10.060653,10.060653,1,1,19.526925,19.526925,1,1,21.072515,21.072515,1,1,22.047253,22.047253,1,1,31.449695,31.449695
init,init,-1,,32,001.Black_footed_Albatross/Black_Footed_Albatross_0017_796098.jpg,1,0,001.Black_footed_Albatross,8,7,horizontal_flip,horizontal_flip,0,"{""flipped"":true}",6.1776934,6.0762134,-0.10148001,0.0020752093,0.0022968578,0.032486331,0.022545518,-0.030411121,-0.020248661,0.010162461,0.74567387,1.0409153,57.212378,59.55324,False,0.96801919,False,False,False,0.74567387,1.0409153,57.212378,59.55324,0.66239361,1.03131,49.00748,50.541905,0.96782559,1.066938,29.52157,31.497686,0.65492795,1.304471,10.060653,13.12383,0.68631399,1.0911645,19.526925,21.307087,0.60273833,1.0380912,21.072515,21.875193,0.58005234,0.99553257,22.047253,21.948759,0.72576737,0.98927702,31.449695,31.112461
init,init,-1,,32,001.Black_footed_Albatross/Black_Footed_Albatross_0017_796098.jpg,1,0,001.Black_footed_Albatross,8,7,color_jitter,color_jitter,0,"{""brightness"":0.684288,""contrast"":1.118105,""hue"":0.058529,""saturation"":1.244216}",6.1776934,5.824749,-0.35294437,0.0020752093,0.0029535464,0.032486331,0.030657895,-0.030411121,-0.027704349,0.0027067729,0.83005195,0.9300458,57.212378,53.210132,False,0.96812105,False,False,False,0.83005195,0.9300458,57.212378,53.210132,0.77683821,0.91127012,49.00748,44.659052,0.96799865,0.97992767,29.52157,28.929003,0.82994315,1.4695335,10.060653,14.784467,0.69381204,0.88532949,19.526925,17.287763,0.71671707,0.84253435,21.072515,17.754318,0.76899465,0.84211203,22.047253,18.566257,0.84499988,0.90888948,31.449695,28.584297
init,init,-1,,32,001.Black_footed_Albatross/Black_Footed_Albatross_0017_796098.jpg,1,0,001.Black_footed_Albatross,8,7,rotation,rotation,0,"{""angle"":8.790477}",6.1776934,6.0456123,-0.13208103,0.0020752093,0.0023682297,0.032486331,0.024924219,-0.030411121,-0.022555989,0.0078551325,0.73612837,0.93145851,57.212378,53.290957,False,0.94457889,False,False,False,0.73612837,0.93145851,57.212378,53.290957,0.65222581,0.89815336,49.00748,44.016233,0.9442719,1.017615,29.52157,30.041593,0.58462199,0.79200517,10.060653,7.9680892,0.59041281,0.68941913,19.526925,13.462236,0.61041844,0.82091052,21.072515,17.298649,0.59802269,0.8909285,22.047253,19.642526,0.72458625,1.0093344,31.449695,31.743258
init,init,-1,,32,001.Black_footed_Albatross/Black_Footed_Albatross_0017_796098.jpg,1,0,001.Black_footed_Albatross,8,7,random_resized_crop,random_resized_crop,0,"{""area_fraction"":0.672895,""aspect"":0.90666,""fallback"":false,""height"":0.861493,""left"":0.07213,""top"":0.131843,""width"":0.781081}",6.1776934,6.5178289,0.34013557,0.0020752093,0.0014768724,0.032486331,0.024968859,-0.030411121,-0.023491986,0.006919135,0.74273712,0.90562869,57.212378,51.813172,False,0.95803618,False,False,False,0.74273712,0.90562869,57.212378,51.813172,0.65789403,0.88167333,49.00748,43.208588,0.95791468,0.96858336,29.52157,28.594102,0.55952958,0.93105663,10.060653,9.3670377,0.60095059,0.77566856,19.526925,15.146422,0.64629867,0.83879737,21.072515,17.67557,0.56121482,0.82462734,22.047253,18.180768,0.73591481,0.95753312,31.449695,30.114125
init,init,-1,,32,001.Black_footed_Albatross/Black_Footed_Albatross_0017_796098.jpg,1,0,001.Black_footed_Albatross,8,7,gaussian_blur,gaussian_blur,0,"{""sigma"":1.229452}",6.1776934,6.2957382,0.11804485,0.0020752093,0.0018441469,0.032486331,0.023157137,-0.030411121,-0.02131299,0.0090981318,0.76327503,1.1041349,57.212378,63.170182,False,0.95770115,False,False,False,0.76327503,1.1041349,57.212378,63.170182,0.69588941,1.116305,49.00748,54.707294,0.95754441,1.0698805,29.52157,31.584552,0.66261754,1.6209668,10.060653,16.307984,0.67426323,1.1377004,19.526925,22.215791,0.62178553,1.075409,21.072515,22.661572,0.66750294,1.1161196,22.047253,24.607371,0.76721214,1.0614263,31.449695,33.381532
init,init,-1,,32,001.Black_footed_Albatross/Black_Footed_Albatross_0017_796098.jpg,1,0,001.Black_footed_Albatross,8,7,random_erasing,random_erasing,0,"{""area_fraction"":0.118919,""erased"":true,""height"":0.237305,""left"":0.352433,""top"":0.645865,""width"":0.501122}",6.1776934,6.3338366,0.15614319,0.0020752093,0.0017752099,0.032486331,0.033047855,-0.030411121,-0.031272645,-0.00086152356,0.87959834,1.0564185,57.212378,60.440214,False,0.96226668,True,False,False,0.87959834,1.0564185,57.212378,60.440214,0.84846129,1.0427592,49.00748,51.103001,0.96215833,1.0931777,29.52157,32.272322,0.87001523,1.014234,10.060653,10.203857,0.87369841,1.0019903,19.526925,19.56579,0.82664554,0.97753605,21.072515,20.599143,0.83551739,1.0568106,22.047253,23.29977,0.85404516,1.0817338,31.449695,34.020199
init,init,-1,,8997,154.Red_eyed_Vireo/Red_Eyed_Vireo_0034_157219.jpg,154,153,154.Red_eyed_Vireo,129,128,identity,identity,0,{},5.123847,5.123847,0,0.0059530772,0.0059530772,0.054563273,0.054563273,-0.048610196,-0.048610196,0,1,1,53.224447,53.224447,False,1.0000001,True,False,False,1,1,53.224447,53.224447,1,1,42.644867,42.644867,1,1,31.847404,31.847404,1,1,8.0435053,8.0435053,1,1,13.841614,13.841614,1,1,15.200185,15.200185,1,1,18.117981,18.117981,1,1,31.67001,31.67001
init,init,-1,,8997,154.Red_eyed_Vireo/Red_Eyed_Vireo_0034_157219.jpg,154,153,154.Red_eyed_Vireo,129,128,horizontal_flip,horizontal_flip,0,"{""flipped"":true}",5.123847,4.9834328,-0.14041424,0.0059530772,0.0068505057,0.054563273,0.047455158,-0.048610196,-0.040604652,0.0080055431,0.68860562,0.98113506,53.224447,52.220371,False,0.96422851,True,False,False,0.68860562,0.98113506,53.224447,52.220371,0.55223514,1.0175681,42.644867,43.394057,0.96411787,0.91217333,31.847404,29.050353,0.52211522,1.2499948,8.0435053,10.05434,0.32112577,1.07606,13.841614,14.894407,0.47454964,1.1511786,15.200185,17.498128,0.42290087,1.0977113,18.117981,19.888312,0.68424945,0.92510708,31.67001,29.29815
init,init,-1,,8997,154.Red_eyed_Vireo/Red_Eyed_Vireo_0034_157219.jpg,154,153,154.Red_eyed_Vireo,129,128,color_jitter,color_jitter,0,"{""brightness"":0.750073,""contrast"":0.78525,""hue"":-0.010601,""saturation"":1.277163}",5.123847,5.1839032,0.06005621,0.0059530772,0.0056060813,0.054563273,0.052438185,-0.048610196,-0.046832103,0.0017780922,0.90584285,0.98556732,53.224447,52.456276,False,0.98757029,True,False,False,0.90584285,0.98556732,53.224447,52.456276,0.86154196,0.99440787,42.644867,42.406391,0.98750341,0.9695142,31.847404,30.876511,0.89000079,1.2868065,8.0435053,10.350435,0.78180914,1.0082116,13.841614,13.955275,0.78174325,1.033739,15.200185,15.713024,0.81521427,1.0029377,18.117981,18.171206,0.9141495,0.95738641,31.67001,30.320437
init,init,-1,,8997,154.Red_eyed_Vireo/Red_Eyed_Vireo_0034_157219.jpg,154,153,154.Red_eyed_Vireo,129,128,rotation,rotation,0,"{""angle"":-14.325443}",5.123847,4.8696704,-0.25417662,0.0059530772,0.0076758959,0.054563273,0.043529853,-0.048610196,-0.035853957,0.012756238,0.70567855,0.93706775,53.224447,49.874913,False,0.93368125,True,False,False,0.70567855,0.93706775,53.224447,49.874913,0.58663016,0.95702779,42.644867,40.812322,0.93348535,0.90017145,31.847404,28.668124,0.43581586,1.0379066,8.0435053,8.3484072,0.46812112,0.80741837,13.841614,11.175973,0.45666124,0.99468549,15.200185,15.119404,0.47881343,1.0220182,18.117981,18.516907,0.68822272,0.94704481,31.67001,29.992919
init,init,-1,,8997,154.Red_eyed_Vireo/Red_Eyed_Vireo_0034_157219.jpg,154,153,154.Red_eyed_Vireo,129,128,random_resized_crop,random_resized_crop,0,"{""area_fraction"":0.761988,""aspect"":0.971571,""fallback"":false,""height"":0.885598,""left"":0.096491,""top"":0.076637,""width"":0.860421}",5.123847,4.9105959,-0.21325111,0.0059530772,0.0073680948,0.054563273,0.045890126,-0.048610196,-0.038522032,0.010088164,0.76359249,0.90596223,53.224447,48.219339,False,0.9697426,True,False,False,0.76359249,0.90596223,53.224447,48.219339,0.64927898,0.90754476,42.644867,38.702125,0.96956964,0.90311778,31.847404,28.761957,0.60020364,1.2299556,8.0435053,9.8931541,0.37602419,0.86767925,13.841614,12.010081,0.57925186,0.95309308,15.200185,14.487192,0.52522003,0.92747997,18.117981,16.804064,0.7700632,0.87247178,31.67001,27.63119
init,init,-1,,8997,154.Red_eyed_Vireo/Red_Eyed_Vireo_0034_157219.jpg,154,153,154.Red_eyed_Vireo,129,128,gaussian_blur,gaussian_blur,0,"{""sigma"":1.836182}",5.123847,5.839767,0.71591997,0.0059530772,0.0029095206,0.054563273,0.024453994,-0.048610196,-0.021544473,0.027065722,0.5738455,0.87230917,53.224447,46.428173,False,0.81949055,True,False,False,0.5738455,0.87230917,53.224447,46.428173,0.45888181,0.91693148,42.644867,39.10242,0.8189334,0.78598243,31.847404,25.0315,0.42812298,1.0719892,8.0435053,8.6225507,0.45807108,1.1801923,13.841614,16.335766,0.39444293,1.2235044,15.200185,18.597493,0.38213401,0.99819445,18.117981,18.085268,0.54996801,0.71646033,31.67001,22.690306
init,init,-1,,8997,154.Red_eyed_Vireo/Red_Eyed_Vireo_0034_157219.jpg,154,153,154.Red_eyed_Vireo,129,128,random_erasing,random_erasing,0,"{""area_fraction"":0.194987,""erased"":true,""height"":0.571824,""left"":0.404559,""top"":0.25368,""width"":0.340991}",5.123847,4.9127221,-0.2111249,0.0059530772,0.0073524476,0.054563273,0.028305639,-0.048610196,-0.020953191,0.027657005,0.70849768,1.0201036,53.224447,54.294451,False,0.91698259,False,False,False,0.70849768,1.0201036,53.224447,54.294451,0.60163495,1.0464948,42.644867,44.62763,0.91631382,0.97098925,31.847404,30.923487,0.46841065,0.94855749,8.0435053,7.6297272,0.54858547,1.0895758,13.841614,15.081487,0.50833736,1.1403447,15.200185,17.333451,0.47941842,1.060738,18.117981,19.21843,0.68749844,1.0164037,31.67001,32.189514
init,init,-1,,3145,055.Evening_Grosbeak/Evening_Grosbeak_0133_37976.jpg,55,54,055.Evening_Grosbeak,4,3,identity,identity,0,{},6.0806894,6.0806894,0,0.0022866004,0.0022866004,0.030512301,0.030512301,-0.028225701,-0.028225701,0,1,1,49.470448,49.470448,False,1,True,False,False,1,1,49.470448,49.470448,1,1,40.105484,40.105484,1,1,28.963346,28.963346,1,1,7.4700036,7.4700036,1,1,11.571144,11.571144,1,1,17.003422,17.003422,1,1,18.927898,18.927898,1,1,27.773653,27.773653
init,init,-1,,3145,055.Evening_Grosbeak/Evening_Grosbeak_0133_37976.jpg,55,54,055.Evening_Grosbeak,4,3,horizontal_flip,horizontal_flip,0,"{""flipped"":true}",6.0806894,6.0300264,-0.050662994,0.0022866004,0.0024054314,0.030512301,0.030245677,-0.028225701,-0.027840245,0.00038545555,0.66655719,0.94735137,49.470448,46.865897,False,0.96397591,True,False,False,0.66655719,0.94735137,49.470448,46.865897,0.50839488,0.94078744,40.105484,37.730735,0.96389217,0.95981144,28.963346,27.799351,0.23934994,0.87876924,7.4700036,6.5644094,0.20565044,0.92331085,11.571144,10.683763,0.3594329,0.88461993,17.003422,15.041566,0.38664119,0.93575955,18.927898,17.711962,0.68211102,0.97041712,27.773653,26.952029
init,init,-1,,3145,055.Evening_Grosbeak/Evening_Grosbeak_0133_37976.jpg,55,54,055.Evening_Grosbeak,4,3,color_jitter,color_jitter,0,"{""brightness"":0.607725,""contrast"":1.009349,""hue"":-0.0572,""saturation"":1.138937}",6.0806894,6.1761284,0.095438957,0.0022866004,0.0020784596,0.030512301,0.039008211,-0.028225701,-0.036929752,-0.0087040509,0.73430072,1.0062012,49.470448,49.777225,False,0.90486336,True,False,False,0.73430072,1.0062012,49.470448,49.777225,0.64955421,1.0209187,40.105484,40.94444,0.90449973,0.97736238,28.963346,28.307685,0.45134291,1.0833386,7.4700036,8.0925434,0.32184501,1.1418152,11.571144,13.212108,0.67557797,1.0477796,17.003422,17.815838,0.6361061,0.9985471,18.927898,18.900398,0.72783389,0.99375338,27.773653,27.600162
init,init,-1,,3145,055.Evening_Grosbeak/Evening_Grosbeak_0133_37976.jpg,55,54,055.Evening_Grosbeak,4,3,rotation,rotation,0,"{""angle"":-10.648684}",6.0806894,6.1634688,0.082779408,0.0022866004,0.0021049392,0.030512301,0.029037591,-0.028225701,-0.026932652,0.001293049,0.73176934,1.0469097,49.470448,51.791092,False,0.95300287,True,False,False,0.73176934,1.0469097,49.470448,51.791092,0.62596381,1.0742265,40.105484,43.082371,0.95290877,0.99243213,28.963346,28.744155,0.23610215,0.96211646,7.4700036,7.1870134,0.37733336,1.1383323,11.571144,13.171806,0.59475562,1.082144,17.003422,18.400151,0.58214896,1.0936852,18.927898,20.701163,0.73159161,1.0582371,27.773653,29.39111
init,init,-1,,3145,055.Evening_Grosbeak/Evening_Grosbeak_0133_37976.jpg,55,54,055.Evening_Grosbeak,4,3,random_resized_crop,random_resized_crop,0,"{""area_fraction"":0.666407,""aspect"":0.929335,""fallback"":false,""height"":0.846806,""left"":0.164184,""top"":0.014786,""width"":0.786966}",6.0806894,5.9045343,-0.17615509,0.0022866004,0.002727052,0.030512301,0.023751009,-0.028225701,-0.021023957,0.0072017435,0.70144304,1.0297598,49.470448,50.94268,False,0.95447969,True,False,False,0.70144304,1.0297598,49.470448,50.94268,0.57395957,1.0412709,40.105484,41.760673,0.95437278,1.0073208,28.963346,29.175381,0.11559861,0.99514505,7.4700036,7.4337371,0.39341288,1.270976,11.571144,14.706646,0.46061246,1.067856,17.003422,18.157205,0.52133873,0.9882859,18.927898,18.706175,0.7175325,1.0137937,27.773653,28.156754
init,init,-1,,3145,055.Evening_Grosbeak/Evening_Grosbeak_0133_37976.jpg,55,54,055.Evening_Grosbeak,4,3,gaussian_blur,gaussian_blur,0,"{""sigma"":1.877227}",6.0806894,6.0178928,-0.062796593,0.0022866004,0.0024347948,0.030512301,0.024581116,-0.028225701,-0.022146321,0.0060793799,0.61929983,1.1192201,49.470448,55.368319,False,0.8835777,False,False,False,0.61929983,1.1192201,49.470448,55.368319,0.50785846,1.1833566,40.105484,47.45909,0.88340849,0.98462939,28.963346,28.518161,0.39280526,1.3549167,7.4700036,10.121233,0.33912371,1.6012096,11.571144,18.527827,0.4641462,1.3071599,17.003422,22.226191,0.41833084,1.1338299,18.927898,21.461017,0.64004788,1.0510026,27.773653,29.190182
init,init,-1,,3145,055.Evening_Grosbeak/Evening_Grosbeak_0133_37976.jpg,55,54,055.Evening_Grosbeak,4,3,random_erasing,random_erasing,0,"{""area_fraction"":0.050215,""erased"":true,""height"":0.216666,""left"":0.063862,""top"":0.690221,""width"":0.23176}",6.0806894,6.1294627,0.048773289,0.0022866004,0.0021777509,0.030512301,0.02876972,-0.028225701,-0.026591969,0.0016337314,0.93085781,1.0501497,49.470448,51.951378,False,0.98895764,True,False,False,0.93085781,1.0501497,49.470448,51.951378,0.9013498,1.0583717,40.105484,42.446509,0.9889229,1.0342022,28.963346,29.953957,0.92706094,1.1438779,7.4700036,8.5447723,0.84421942,1.0506022,11.571144,12.156669,0.88558907,1.0827867,17.003422,18.411078,0.88693789,1.0491176,18.927898,19.857592,0.92242733,1.0482545,27.773653,29.113857
init,init,-1,,2386,042.Vermilion_Flycatcher/Vermilion_Flycatcher_0004_42395.jpg,42,41,042.Vermilion_Flycatcher,129,128,identity,identity,0,{},5.1588402,5.1588402,0,0.0057483609,0.0057483609,0.030740928,0.030740928,-0.024992567,-0.024992567,0,1,1,53.021434,53.021434,False,1,True,False,False,1,1,53.021434,53.021434,1,1,44.342249,44.342249,1,1,29.069528,29.069528,1,1,9.2363823,9.2363823,1,1,19.623423,19.623423,1,1,19.466987,19.466987,1,1,18.243463,18.243463,1,1,28.001036,28.001036
init,init,-1,,2386,042.Vermilion_Flycatcher/Vermilion_Flycatcher_0004_42395.jpg,42,41,042.Vermilion_Flycatcher,129,128,horizontal_flip,horizontal_flip,0,"{""flipped"":true}",5.1588402,5.0688872,-0.089952946,0.0057483609,0.0062894137,0.030740928,0.03763267,-0.024992567,-0.031343257,-0.0063506896,0.68239362,1.0785967,53.021434,57.188744,False,0.98014808,True,False,False,0.68239362,1.0785967,53.021434,57.188744,0.54799043,1.061427,44.342249,47.066062,0.98004751,1.1175265,29.069528,32.485969,0.57383409,1.2954967,9.2363823,11.965702,0.57428758,0.86778258,19.623423,17.028865,0.36237714,1.1291164,19.466987,21.980494,0.43661827,1.0777316,18.243463,19.661556,0.68182513,1.0787059,28.001036,30.204884
init,init,-1,,2386,042.Vermilion_Flycatcher/Vermilion_Flycatcher_0004_42395.jpg,42,41,042.Vermilion_Flycatcher,129,128,color_jitter,color_jitter,0,"{""brightness"":1.247546,""contrast"":1.013123,""hue"":0.029354,""saturation"":0.720215}",5.1588402,5.2487903,0.089950085,0.0057483609,0.0052538714,0.030740928,0.036094349,-0.024992567,-0.030840477,-0.0058479104,0.86492609,1.0707391,53.021434,56.772123,False,0.96321321,True,False,False,0.86492609,1.0707391,53.021434,56.772123,0.82178941,1.0629494,44.342249,47.133565,0.9630986,1.0886486,29.069528,31.646501,0.66157643,1.0578154,9.2363823,9.7703872,0.81276843,1.0028865,19.623423,19.680065,0.81299373,1.0586415,19.466987,20.60856,0.80855959,1.1242954,18.243463,20.511041,0.85458982,1.0674485,28.001036,29.889663
init,init,-1,,2386,042.Vermilion_Flycatcher/Vermilion_Flycatcher_0004_42395.jpg,42,41,042.Vermilion_Flycatcher,129,128,rotation,rotation,0,"{""angle"":4.018812}",5.1588402,5.2338243,0.074984074,0.0057483609,0.0053330921,0.030740928,0.038512178,-0.024992567,-0.033179086,-0.0081865187,0.77115759,1.0191482,53.021434,54.036697,False,0.96668386,True,False,False,0.77115759,1.0191482,53.021434,54.036697,0.68971769,1.0280488,44.342249,45.585994,0.9665693,0.99813111,29.069528,29.0152,0.17435527,0.90418961,9.2363823,8.3514409,0.57180709,0.98222136,19.623423,19.274545,0.7338179,1.1237276,19.466987,21.87559,0.66993626,1.0362464,18.243463,18.904723,0.78354802,1.010682,28.001036,28.300144
init,init,-1,,2386,042.Vermilion_Flycatcher/Vermilion_Flycatcher_0004_42395.jpg,42,41,042.Vermilion_Flycatcher,129,128,random_resized_crop,random_resized_crop,0,"{""area_fraction"":0.658956,""aspect"":1.153209,""fallback"":false,""height"":0.755917,""left"":0.030001,""top"":0.051961,""width"":0.87173}",5.1588402,5.7460737,0.58723354,0.0057483609,0.0031953019,0.030740928,0.032029774,-0.024992567,-0.028834472,-0.0038419052,0.62375209,1.0695924,53.021434,56.711325,False,0.94500464,True,False,False,0.62375209,1.0695924,53.021434,56.711325,0.48467657,1.0670827,44.342249,47.316848,0.94486088,1.0754094,29.069528,31.261642,0.15937237,1.614364,9.2363823,14.910883,0.39550955,1.0456482,19.623423,20.519198,0.4024826,1.1092441,19.466987,21.59364,0.45710212,1.0014227,18.243463,18.269418,0.65106998,1.0072419,28.001036,28.203817
init,init,-1,,2386,042.Vermilion_Flycatcher/Vermilion_Flycatcher_0004_42395.jpg,42,41,042.Vermilion_Flycatcher,129,128,gaussian_blur,gaussian_blur,0,"{""sigma"":1.530583}",5.1588402,4.9976053,-0.16123486,0.0057483609,0.0067541036,0.030740928,0.055188827,-0.024992567,-0.048434724,-0.023442157,0.67779811,1.1442961,53.021434,60.672222,False,0.93120474,True,False,False,0.67779811,1.1442961,53.021434,60.672222,0.57705555,1.1678638,44.342249,51.785708,0.93076308,1.0874837,29.069528,31.612639,0.20851819,1.0108026,9.2363823,9.3361594,0.51565738,1.0581224,19.623423,20.763983,0.58887179,1.2157093,19.466987,23.666197,0.48574964,1.2367511,18.243463,22.562623,0.67555993,1.1813878,28.001036,33.080083
init,init,-1,,2386,042.Vermilion_Flycatcher/Vermilion_Flycatcher_0004_42395.jpg,42,41,042.Vermilion_Flycatcher,129,128,random_erasing,random_erasing,0,"{""area_fraction"":0.088706,""erased"":true,""height"":0.222878,""left"":0.263799,""top"":0.734678,""width"":0.398003}",5.1588402,5.5270042,0.36816406,0.0057483609,0.0039778873,0.030740928,0.022512287,-0.024992567,-0.0185344,0.0064581675,0.84324445,0.98102997,53.021434,52.015616,False,0.96603775,False,False,False,0.84324445,0.98102997,53.021434,52.015616,0.79140506,0.98576742,44.342249,43.711144,0.96591343,0.9699173,29.069528,28.195038,0.66976934,0.89501807,9.2363823,8.2667291,0.8591175,0.97734471,19.623423,19.178849,0.81448676,0.96595489,19.466987,18.804231,0.68602325,0.96299351,18.243463,17.568336,0.80377957,1.0178205,28.001036,28.500027
init,init,-1,,11332,193.Bewick_Wren/Bewick_Wren_0015_184981.jpg,193,192,193.Bewick_Wren,58,57,identity,identity,0,{},5.9790277,5.9790277,0,0.0025312856,0.0025312856,0.0342081,0.0342081,-0.031676815,-0.031676815,0,1,1,55.615942,55.615942,False,0.99999994,True,False,False,1,1,55.615942,55.615942,1,1,47.958119,47.958119,1,1,28.162952,28.162952,1,1,9.201933,9.201933,1,1,17.347504,17.347504,1,1,21.209449,21.209449,1,1,22.556376,22.556376,1,1,30.915027,30.915027
init,init,-1,,11332,193.Bewick_Wren/Bewick_Wren_0015_184981.jpg,193,192,193.Bewick_Wren,58,57,horizontal_flip,horizontal_flip,0,"{""flipped"":true}",5.9790277,6.0740185,0.09499073,0.0025312856,0.0023019039,0.0342081,0.02646785,-0.031676815,-0.024165947,0.0075108681,0.64935828,1.0404088,55.615942,57.863314,False,0.95419025,True,False,False,0.64935828,1.0404088,55.615942,57.863314,0.55015354,1.0546004,47.958119,50.576653,0.95405391,0.99811547,28.162952,28.109878,0.022337324,1.1813111,9.201933,10.870346,0.39892504,1.0587489,17.347504,18.366651,0.53983548,1.0958758,21.209449,23.242921,0.51239976,1.0437216,22.556376,23.542577,0.67941833,1.0269835,30.915027,31.749223
init,init,-1,,11332,193.Bewick_Wren/Bewick_Wren_0015_184981.jpg,193,192,193.Bewick_Wren,58,57,color_jitter,color_jitter,0,"{""brightness"":0.770884,""contrast"":1.167958,""hue"":-0.096431,""saturation"":1.137268}",5.9790277,5.756063,-0.22296476,0.0025312856,0.0031635421,0.0342081,0.01978194,-0.031676815,-0.016618398,0.015058417,0.65668374,1.0661228,55.615942,59.293422,False,0.90211284,False,False,False,0.65668374,1.0661228,55.615942,59.293422,0.5825165,1.0957768,47.958119,52.551395,0.90180951,0.97504579,28.162952,27.460168,-0.13090108,1.4519052,9.201933,13.360334,0.44753084,1.0520491,17.347504,18.250426,0.60867739,1.2256115,21.209449,25.994544,0.60152957,1.0828984,22.556376,24.426262,0.69879102,1.011431,30.915027,31.268418
init,init,-1,,11332,193.Bewick_Wren/Bewick_Wren_0015_184981.jpg,193,192,193.Bewick_Wren,58,57,rotation,rotation,0,"{""angle"":-7.213928}",5.9790277,5.7977753,-0.18125248,0.0025312856,0.0030342978,0.0342081,0.021925334,-0.031676815,-0.018891036,0.012785779,0.68857713,0.93758999,55.615942,52.14495,False,0.92900062,True,False,False,0.68857713,0.93758999,55.615942,52.14495,0.60654062,0.93995995,47.958119,45.078711,0.92886293,0.93068346,28.162952,26.210793,0.097477895,1.1128329,9.201933,10.240213,0.41391211,0.99039088,17.347504,17.18081,0.5909599,0.87574798,21.209449,18.574132,0.60127041,0.90322718,22.556376,20.373532,0.73349435,0.95517038,30.915027,29.529118
init,init,-1,,11332,193.Bewick_Wren/Bewick_Wren_0015_184981.jpg,193,192,193.Bewick_Wren,58,57,random_resized_crop,random_resized_crop,0,"{""area_fraction"":0.635733,""aspect"":0.980041,""fallback"":false,""height"":0.805407,""left"":0.149305,""top"":0.092773,""width"":0.789332}",5.9790277,5.5073943,-0.47163343,0.0025312856,0.0040566633,0.0342081,0.033829551,-0.031676815,-0.029772888,0.0019039267,0.72323728,1.0267494,55.615942,57.103636,False,0.94625688,True,False,False,0.72323728,1.0267494,55.615942,57.103636,0.64954299,1.037042,47.958119,49.734581,0.94611061,0.99630208,28.162952,28.058807,0.37040524,1.1468421,9.201933,10.553165,0.5966694,1.1452173,17.347504,19.866661,0.65700535,1.0608966,21.209449,22.501032,0.58373907,0.95760198,22.556376,21.60003,0.72792629,1.0201367,30.915027,31.537554
init,init,-1,,11332,193.Bewick_Wren/Bewick_Wren_0015_184981.jpg,193,192,193.Bewick_Wren,58,57,gaussian_blur,gaussian_blur,0,"{""sigma"":1.141895}",5.9790277,5.6683788,-0.31064892,0.0025312856,0.0034534591,0.0342081,0.030824307,-0.031676815,-0.027370848,0.0043059664,0.72432727,0.9218967,55.615942,51.272153,False,0.92950696,True,False,False,0.72432727,0.9218967,55.615942,51.272153,0.66085323,0.94321867,47.958119,45.234993,0.92941984,0.85707324,28.162952,24.137712,0.55481991,0.847193,9.201933,7.7958132,0.55034912,0.98411944,17.347504,17.072016,0.60884264,0.97506548,21.209449,20.680601,0.6542113,0.93517687,22.556376,21.094201,0.73649274,0.9270166,30.915027,28.658743
init,init,-1,,11332,193.Bewick_Wren/Bewick_Wren_0015_184981.jpg,193,192,193.Bewick_Wren,58,57,random_erasing,random_erasing,0,"{""area_fraction"":0.158113,""erased"":true,""height"":0.315036,""left"":0.181794,""top"":0.547988,""width"":0.501889}",5.9790277,6.1175132,0.13848543,0.0025312856,0.0022039299,0.0342081,0.034853801,-0.031676815,-0.032649871,-0.00097305654,0.80359875,1.064546,55.615942,59.205727,False,0.94311553,True,False,False,0.80359875,1.064546,55.615942,59.205727,0.7555836,1.064832,47.958119,51.067341,0.94297944,1.063716,28.162952,29.957382,0.72721434,0.90894009,9.201933,8.3640058,0.76807181,1.0194668,17.347504,17.685204,0.73120166,1.1085573,21.209449,23.511888,0.73181809,1.0635001,22.556376,23.988707,0.7796486,1.0712987,30.915027,33.119229
init,init,-1,,5359,092.Nighthawk/Nighthawk_0068_82368.jpg,92,91,092.Nighthawk,129,128,identity,identity,0,{},5.4142027,5.4142027,0,0.0044528865,0.0044528865,0.025644427,0.025644427,-0.021191541,-0.021191541,0,1,1,49.847497,49.847497,False,1,True,False,False,1,1,49.847497,49.847497,1,1,40.966488,40.966488,1,1,28.399292,28.399292,1,1,4.1955567,4.1955567,1,1,14.522538,14.522538,1,1,18.907293,18.907293,1,1,17.683516,17.683516,1,1,27.920492,27.920492
init,init,-1,,5359,092.Nighthawk/Nighthawk_0068_82368.jpg,92,91,092.Nighthawk,129,128,horizontal_flip,horizontal_flip,0,"{""flipped"":true}",5.4142027,5.3992333,-0.014969349,0.0044528865,0.0045200447,0.025644427,0.02603066,-0.021191541,-0.021510615,-0.00031907437,0.67576497,1.0221793,49.847497,50.953079,False,0.95985973,True,False,False,0.67576497,1.0221793,49.847497,50.953079,0.54702346,1.040191,40.966488,42.612972,0.95978439,0.98364289,28.399292,27.934762,0.430567,1.1517386,4.1955567,4.8321844,0.42816637,1.2411475,14.522538,18.024613,0.46136413,1.0346339,18.907293,19.562127,0.4318537,1.0267798,17.683516,18.157078,0.68398094,0.98430286,27.920492,27.48222
init,init,-1,,5359,092.Nighthawk/Nighthawk_0068_82368.jpg,92,91,092.Nighthawk,129,128,color_jitter,color_jitter,0,"{""brightness"":1.003955,""contrast"":1.062647,""hue"":0.087225,""saturation"":1.196495}",5.4142027,5.4005966,-0.013606071,0.0044528865,0.0045138872,0.025644427,0.025570828,-0.021191541,-0.021056941,0.0001345994,0.86306332,1.0129814,49.847497,50.494587,False,0.97623873,True,False,False,0.86306332,1.0129814,49.847497,50.494587,0.80992135,1.0199608,40.966488,41.784211,0.97617855,0.99830189,28.399292,28.351067,0.58530079,1.2862649,4.1955567,5.3965972,0.68871718,0.97606916,14.522538,14.175002,0.77699692,0.93555997,18.907293,17.688906,0.77375413,1.0510269,17.683516,18.585851,0.87716645,1.0488247,27.920492,29.2837
init,init,-1,,5359,092.Nighthawk/Nighthawk_0068_82368.jpg,92,91,092.Nighthawk,129,128,rotation,rotation,0,"{""angle"":-7.413541}",5.4142027,5.4614959,0.047293186,0.0044528865,0.0042471974,0.025644427,0.027575441,-0.021191541,-0.023328243,-0.0021367026,0.66891151,1.1335121,49.847497,56.502742,False,0.92764819,False,False,False,0.66891151,1.1335121,49.847497,56.502742,0.55825009,1.1702012,40.966488,47.939035,0.92739046,1.0530779,28.399292,29.906668,0.32883131,1.4719193,4.1955567,6.1755207,0.54195939,1.1869436,14.522538,17.237433,0.48877527,1.1541179,18.907293,21.821246,0.45652328,1.1843532,17.683516,20.943529,0.64323252,1.1595128,27.920492,32.374168
init,init,-1,,5359,092.Nighthawk/Nighthawk_0068_82368.jpg,92,91,092.Nighthawk,129,128,random_resized_crop,random_resized_crop,0,"{""area_fraction"":0.550048,""aspect"":1.238034,""fallback"":false,""height"":0.666552,""left"":0.096688,""top"":0.194588,""width"":0.825214}",5.4142027,5.1735897,-0.24061298,0.0044528865,0.0056641987,0.025644427,0.045753215,-0.021191541,-0.040089016,-0.018897475,0.58723136,1.1086236,49.847497,55.262113,False,0.87635124,True,False,False,0.58723136,1.1086236,49.847497,55.262113,0.45560549,1.1265242,40.966488,46.14974,0.87600905,1.070416,28.399292,30.399057,0.0041899187,1.2376066,4.1955567,5.1924484,0.19081453,1.1422697,14.522538,16.588655,0.48596808,1.1876748,18.907293,22.455716,0.39870453,1.1370294,17.683516,20.106678,0.55195688,1.0858305,27.920492,30.316922
init,init,-1,,5359,092.Nighthawk/Nighthawk_0068_82368.jpg,92,91,092.Nighthawk,129,128,gaussian_blur,gaussian_blur,0,"{""sigma"":1.929455}",5.4142027,5.6780376,0.26383495,0.0044528865,0.0034202635,0.025644427,0.024952324,-0.021191541,-0.021532061,-0.00034051994,0.50444141,1.1475227,49.847497,57.201136,False,0.86277652,False,False,False,0.50444141,1.1475227,49.847497,57.201136,0.37012084,1.2207607,40.966488,50.010278,0.86242378,0.97769488,28.399292,27.765843,-0.032008883,1.8155249,4.1955567,7.6171374,0.13305882,1.383134,14.522538,20.086616,0.25901549,1.2252595,18.907293,23.166341,0.34495491,1.2846486,17.683516,22.717104,0.53412402,1.1250946,27.920492,31.413194
init,init,-1,,5359,092.Nighthawk/Nighthawk_0068_82368.jpg,92,91,092.Nighthawk,129,128,random_erasing,random_erasing,0,"{""area_fraction"":0.170171,""erased"":true,""height"":0.691518,""left"":0.476663,""top"":0.243085,""width"":0.246084}",5.4142027,5.7704048,0.35620213,0.0044528865,0.0031184952,0.025644427,0.041724656,-0.021191541,-0.038606161,-0.01741462,0.78404803,1.1357268,49.847497,56.613139,False,0.95349169,True,False,False,0.78404803,1.1357268,49.847497,56.613139,0.70314777,1.1376125,40.966488,46.603989,0.95326254,1.1317929,28.399292,32.142117,0.71866126,1.256778,4.1955567,5.2728832,0.76060592,1.2303037,14.522538,17.867133,0.68930074,1.0389544,18.907293,19.643815,0.59031145,1.1197514,17.683516,19.801142,0.73774262,1.1588725,27.920492,32.356289
init,init,-1,,2598,046.Gadwall/Gadwall_0017_30979.jpg,46,45,046.Gadwall,8,7,identity,identity,0,{},3.8201494,3.8201494,0,0.021924525,0.021924525,0.03606173,0.03606173,-0.014137205,-0.014137205,0,1,1,59.506139,59.506139,False,0.99999994,True,False,False,1,1,59.506139,59.506139,1,1,52.191598,52.191598,1,1,28.583522,28.583522,1,1,8.4411623,8.4411623,1,1,21.29602,21.29602,1,1,23.314841,23.314841,1,1,23.031965,23.031965,1,1,33.543046,33.543046
init,init,-1,,2598,046.Gadwall/Gadwall_0017_30979.jpg,46,45,046.Gadwall,8,7,horizontal_flip,horizontal_flip,0,"{""flipped"":true}",3.8201494,3.6718888,-0.14826059,0.021924525,0.025428394,0.03606173,0.030398268,-0.014137205,-0.0049698744,0.0091673303,0.65466993,0.95502077,59.506139,56.829599,False,0.96118683,True,False,False,0.65466993,0.95502077,59.506139,56.829599,0.55346724,0.93010915,52.191598,48.543883,0.9609963,1.0337486,28.583522,29.548177,0.35510444,1.0705422,8.4411623,9.0366207,0.26641422,0.92497554,21.29602,19.698298,0.59227938,0.93353858,23.314841,21.765303,0.4929605,0.81432264,23.031965,18.755451,0.68624577,0.9712313,33.543046,32.578056
init,init,-1,,2598,046.Gadwall/Gadwall_0017_30979.jpg,46,45,046.Gadwall,8,7,color_jitter,color_jitter,0,"{""brightness"":0.608497,""contrast"":0.779492,""hue"":-0.018978,""saturation"":0.64082}",3.8201494,3.8352644,0.015115023,0.021924525,0.021595627,0.03606173,0.036029648,-0.014137205,-0.014434021,-0.00029681623,0.78037119,0.98788801,59.506139,58.785401,False,0.95842379,True,False,False,0.78037119,0.98788801,59.506139,58.785401,0.72585373,0.98276912,52.191598,51.292291,0.95830115,1.0047662,28.583522,28.719755,0.38583409,1.073336,8.4411623,9.0602038,0.64885261,1.0268409,21.29602,21.867625,0.67948075,0.93757475,23.314841,21.859406,0.68689394,0.94921194,23.031965,21.862217,0.82081394,0.99540898,33.543046,33.389049
init,init,-1,,2598,046.Gadwall/Gadwall_0017_30979.jpg,46,45,046.Gadwall,8,7,rotation,rotation,0,"{""angle"":-1.337926}",3.8201494,4.0799384,0.25978899,0.021924525,0.016908506,0.03606173,0.029230623,-0.014137205,-0.012322117,0.0018150881,0.84609247,0.96807078,59.506139,57.606154,False,0.96748829,True,False,False,0.84609247,0.96807078,59.506139,57.606154,0.81210471,0.98069003,52.191598,51.18378,0.96740045,0.92475448,28.583522,26.432739,0.75495425,1.0447151,8.4411623,8.8186099,0.82213922,1.0856385,21.29602,23.119779,0.81854027,0.94308391,23.314841,21.987851,0.76187804,0.9643311,23.031965,22.210441,0.83488595,0.95712228,33.543046,32.104797
init,init,-1,,2598,046.Gadwall/Gadwall_0017_30979.jpg,46,45,046.Gadwall,8,7,random_resized_crop,random_resized_crop,0,"{""area_fraction"":0.737058,""aspect"":1.325009,""fallback"":false,""height"":0.745833,""left"":0.007832,""top"":0.039155,""width"":0.988235}",3.8201494,4.1318583,0.31170893,0.021924525,0.016053021,0.03606173,0.027908139,-0.014137205,-0.011855118,0.0022820868,0.70607637,0.93000708,59.506139,55.341131,False,0.95459354,True,False,False,0.70607637,0.93000708,59.506139,55.341131,0.62921739,0.92292975,52.191598,48.169178,0.95446408,0.95322356,28.583522,27.246486,0.31962486,1.1058783,8.4411623,9.3348984,0.43538601,0.82668103,21.29602,17.605016,0.63032598,1.012593,23.314841,23.608444,0.56787643,0.90224464,23.031965,20.780467,0.75571881,0.91111336,33.543046,30.561518
init,init,-1,,2598,046.Gadwall/Gadwall_0017_30979.jpg,46,45,046.Gadwall,8,7,gaussian_blur,gaussian_blur,0,"{""sigma"":1.109984}",3.8201494,4.067131,0.24698162,0.021924525,0.017126458,0.03606173,0.03494937,-0.014137205,-0.017822912,-0.0036857072,0.73630388,1.0853611,59.506139,64.585648,False,0.93026346,True,False,False,0.73630388,1.0853611,59.506139,64.585648,0.68091039,1.0963674,52.191598,57.221169,0.93012904,1.0478306,28.583522,29.950689,0.44656617,1.7045223,8.4411623,14.388149,0.64134227,1.1294934,21.29602,24.053714,0.68583712,1.1771995,23.314841,27.446218,0.64695369,1.0110029,23.031965,23.285385,0.74648619,1.0297848,33.543046,34.54212
init,init,-1,,2598,046.Gadwall/Gadwall_0017_30979.jpg,46,45,046.Gadwall,8,7,random_erasing,random_erasing,0,"{""area_fraction"":0.068942,""erased"":true,""height"":0.158256,""left"":0.496084,""top"":0.001697,""width"":0.435637}",3.8201494,3.8113413,-0.008808136,0.021924525,0.022118488,0.03606173,0.036165427,-0.014137205,-0.014046939,9.0265647e-05,0.89424322,0.97889065,59.506139,58.250003,False,0.97689372,True,False,False,0.89424322,0.97889065,59.506139,58.250003,0.86858787,0.96891768,52.191598,50.569362,0.97681162,1.0114307,28.583522,28.91025,0.87034851,0.95068969,8.4411623,8.024926,0.90519049,0.98729345,21.29602,21.025421,0.88466181,0.94234312,23.314841,21.97058,0.82706305,0.94262817,23.031965,21.710579,0.86553426,0.98729908,33.543046,33.117019
init,init,-1,,388,008.Rhinoceros_Auklet/Rhinoceros_Auklet_0016_2114.jpg,8,7,008.Rhinoceros_Auklet,140,139,identity,identity,0,{},3.4727733,3.4727733,0,0.031030854,0.031030854,0.026437888,0.026437888,0.0045929663,0.0045929663,0,1,1,61.799766,61.799766,False,0.99999994,True,True,True,1,1,61.799766,61.799766,1,1,53.615604,53.615604,1,1,30.733988,30.733988,1,1,14.957444,14.957444,1,1,21.770869,21.770869,1,1,22.227463,22.227463,1,1,21.740464,21.740464,1,1,34.788348,34.788348
init,init,-1,,388,008.Rhinoceros_Auklet/Rhinoceros_Auklet_0016_2114.jpg,8,7,008.Rhinoceros_Auklet,140,139,horizontal_flip,horizontal_flip,0,"{""flipped"":true}",3.4727733,3.0019693,-0.47080398,0.031030854,0.049689122,0.026437888,0.021078005,0.0045929663,0.028611116,0.02401815,0.60764989,0.96584549,61.799766,59.689025,False,0.9576835,True,True,True,0.60764989,0.96584549,61.799766,59.689025,0.49262042,0.96571459,53.615604,51.777371,0.95752725,0.96624372,30.733988,29.696523,0.22693859,0.9615284,14.957444,14.382008,0.29247316,0.87120641,21.770869,18.966921,0.35343653,0.96858193,22.227463,21.529119,0.3938004,1.0049801,21.740464,21.848733,0.70636865,0.98468337,34.788348,34.255508
init,init,-1,,388,008.Rhinoceros_Auklet/Rhinoceros_Auklet_0016_2114.jpg,8,7,008.Rhinoceros_Auklet,140,139,color_jitter,color_jitter,0,"{""brightness"":0.610309,""contrast"":0.669512,""hue"":-0.040844,""saturation"":0.766573}",3.4727733,3.8022656,0.32949233,0.031030854,0.022320148,0.026437888,0.021826157,0.0045929663,0.00049399026,-0.004098976,0.62854499,1.0731077,61.799766,66.317804,False,0.92283952,False,True,False,0.62854499,1.0731077,61.799766,66.317804,0.53682667,1.0859529,53.615604,58.224018,0.92256758,1.0330338,30.733988,31.74925,0.38581368,1.1797321,14.957444,17.645777,0.32068073,1.2605979,21.770869,27.444312,0.46104585,1.019791,22.227463,22.667368,0.49942021,1.0869183,21.740464,23.630108,0.72552168,1.0176312,34.788348,35.401709
init,init,-1,,388,008.Rhinoceros_Auklet/Rhinoceros_Auklet_0016_2114.jpg,8,7,008.Rhinoceros_Auklet,140,139,rotation,rotation,0,"{""angle"":-11.804865}",3.4727733,3.5250993,0.052325964,0.031030854,0.029448885,0.026437888,0.023775425,0.0045929663,0.0056734607,0.0010804944,0.5876724,1.099781,61.799766,67.966207,False,0.90818834,True,True,True,0.5876724,1.099781,61.799766,67.966207,0.49806734,1.1358252,53.615604,60.897956,0.90794101,0.98198112,30.733988,30.180196,0.24968473,0.95275065,14.957444,14.250715,0.45685787,1.2791251,21.770869,27.847664,0.39050019,1.2600032,22.227463,28.006675,0.41714788,1.2259722,21.740464,26.653205,0.66348753,1.0102715,34.788348,35.145678
init,init,-1,,388,008.Rhinoceros_Auklet/Rhinoceros_Auklet_0016_2114.jpg,8,7,008.Rhinoceros_Auklet,140,139,random_resized_crop,random_resized_crop,0,"{""area_fraction"":0.581922,""aspect"":1.243993,""fallback"":false,""height"":0.683949,""left"":0.040722,""top"":0.109411,""width"":0.850827}",3.4727733,3.5559275,0.083154202,0.031030854,0.028554881,0.026437888,0.014245738,0.0045929663,0.014309143,0.0097161764,0.60664239,0.91675013,61.799766,56.654943,False,0.89998889,False,True,False,0.60664239,0.91675013,61.799766,56.654943,0.51043924,0.91697195,53.615604,49.164005,0.89970427,0.91607474,30.733988,28.15463,0.5387114,0.65417212,14.957444,9.7847431,0.39642283,0.79414089,21.770869,17.289137,0.45005986,0.96828552,22.227463,21.522531,0.40405786,0.98845147,21.740464,21.489394,0.6189972,0.95225816,34.788348,33.127489
init,init,-1,,388,008.Rhinoceros_Auklet/Rhinoceros_Auklet_0016_2114.jpg,8,7,008.Rhinoceros_Auklet,140,139,gaussian_blur,gaussian_blur,0,"{""sigma"":1.527974}",3.4727733,3.3156593,-0.15711403,0.031030854,0.036310107,0.026437888,0.015483882,0.0045929663,0.020826224,0.016233258,0.53029166,1.088105,61.799766,67.244637,False,0.88628054,True,True,True,0.53029166,1.088105,61.799766,67.244637,0.44844058,1.1544542,53.615604,61.896761,0.88589573,0.85507555,30.733988,26.279882,0.20405908,0.86899749,14.957444,12.997982,0.26620363,1.22145,21.770869,26.592028,0.46409327,1.3858674,22.227463,30.804318,0.3912494,1.3245966,21.740464,28.797346,0.61309655,0.98614766,34.788348,34.306448
init,init,-1,,388,008.Rhinoceros_Auklet/Rhinoceros_Auklet_0016_2114.jpg,8,7,008.Rhinoceros_Auklet,140,139,random_erasing,random_erasing,0,"{""area_fraction"":0.074026,""erased"":true,""height"":0.223687,""left"":0.330107,""top"":0.273183,""width"":0.330936}",3.4727733,3.5215106,0.048737288,0.031030854,0.029554754,0.026437888,0.022589307,0.0045929663,0.0069654472,0.0023724809,0.8234614,0.98118301,61.799766,60.63688,False,0.96359849,True,True,True,0.8234614,0.98118301,61.799766,60.63688,0.77364945,0.95457842,53.615604,51.180298,0.96342742,1.0580408,30.733988,32.517814,0.90233208,0.66790384,14.957444,9.9901345,0.78653498,0.78495727,21.770869,17.089202,0.737675,0.95874789,22.227463,21.310534,0.67749946,0.99826483,21.740464,21.702741,0.81753143,1.0373938,34.788348,36.089216
init,init,-1,,7936,136.Barn_Swallow/Barn_Swallow_0094_132154.jpg,136,135,136.Barn_Swallow,46,45,identity,identity,0,{},5.903758,5.903758,0,0.0027291686,0.0027291686,0.032635517,0.032635517,-0.029906349,-0.029906349,0,1,1,49.045908,49.045908,False,1,True,False,False,1,1,49.045908,49.045908,1,1,41.092901,41.092901,1,1,26.774513,26.774513,1,1,9.1654935,9.1654935,1,1,14.930776,14.930776,1,1,16.459683,16.459683,1,1,16.916978,16.916978,1,1,28.715621,28.715621
init,init,-1,,7936,136.Barn_Swallow/Barn_Swallow_0094_132154.jpg,136,135,136.Barn_Swallow,46,45,horizontal_flip,horizontal_flip,0,"{""flipped"":true}",5.903758,5.807806,-0.095952034,0.0027291686,0.0030040133,0.032635517,0.022370985,-0.029906349,-0.019366971,0.010539377,0.61803207,0.98977975,49.045908,48.544647,False,0.95283514,False,False,False,0.61803207,0.98977975,49.045908,48.544647,0.48298176,1.0039071,41.092901,41.253456,0.95273627,0.95567718,26.774513,25.587792,0.59241012,1.1659072,9.1654935,10.686114,0.1998448,0.86388687,14.930776,12.898501,0.32697542,1.0821252,16.459683,17.811437,0.32942596,0.99253245,16.916978,16.790649,0.6471393,0.99849701,28.715621,28.672462
init,init,-1,,7936,136.Barn_Swallow/Barn_Swallow_0094_132154.jpg,136,135,136.Barn_Swallow,46,45,color_jitter,color_jitter,0,"{""brightness"":0.914389,""contrast"":1.101688,""hue"":0.053389,""saturation"":0.624214}",5.903758,5.8548241,-0.048933983,0.0027291686,0.0028660388,0.032635517,0.025944671,-0.029906349,-0.023078632,0.0068277169,0.74444983,0.99184575,49.045908,48.645975,False,0.92816377,True,False,False,0.74444983,0.99184575,49.045908,48.645975,0.66417498,0.98249958,41.092901,40.373758,0.92800304,1.0135205,26.774513,27.136517,0.5140148,0.97027179,9.1654935,8.8930198,0.49150612,0.92972789,14.930776,13.881559,0.57287179,0.88384547,16.459683,14.547816,0.60640425,0.98533992,16.916978,16.668973,0.76793934,1.0264375,28.715621,29.47479
init,init,-1,,7936,136.Barn_Swallow/Barn_Swallow_0094_132154.jpg,136,135,136.Barn_Swallow,46,45,rotation,rotation,0,"{""angle"":-11.492894}",5.903758,6.4136434,0.50988531,0.0027291686,0.0016390422,0.032635517,0.051310789,-0.029906349,-0.049671747,-0.019765398,0.6912784,1.172401,49.045908,57.501473,False,0.91838443,True,False,False,0.6912784,1.172401,49.045908,57.501473,0.59093785,1.1563083,41.092901,47.516062,0.9177306,1.2094622,26.774513,32.382762,0.56441552,0.88375969,9.1654935,8.1000936,0.51146234,1.0872887,14.930776,16.234065,0.50385508,1.1165385,16.459683,18.37787,0.4986456,1.2199864,16.916978,20.638483,0.67489857,1.1885873,28.715621,34.131022
init,init,-1,,7936,136.Barn_Swallow/Barn_Swallow_0094_132154.jpg,136,135,136.Barn_Swallow,46,45,random_resized_crop,random_resized_crop,0,"{""area_fraction"":0.779965,""aspect"":0.935105,""fallback"":false,""height"":0.913287,""left"":0.009509,""top"":0.026543,""width"":0.854019}",5.903758,6.0956707,0.19191265,0.0027291686,0.0022525988,0.032635517,0.024392404,-0.029906349,-0.022139805,0.0077665439,0.7348954,1.0381891,49.045908,50.918927,False,0.96332407,False,False,False,0.7348954,1.0381891,49.045908,50.918927,0.63003405,1.0098092,41.092901,41.495988,0.96312793,1.1021549,26.774513,29.509661,0.40168892,0.82712679,9.1654935,7.5810252,0.53871539,0.99922271,14.930776,14.919171,0.45476546,1.0156086,16.459683,16.716595,0.49512187,0.97684847,16.916978,16.525324,0.77406797,1.0385177,28.715621,29.821679
init,init,-1,,7936,136.Barn_Swallow/Barn_Swallow_0094_132154.jpg,136,135,136.Barn_Swallow,46,45,gaussian_blur,gaussian_blur,0,"{""sigma"":1.564613}",5.903758,6.0819302,0.17817211,0.0027291686,0.0022837636,0.032635517,0.019157896,-0.029906349,-0.016874132,0.013032217,0.5911398,1.1646253,49.045908,57.120105,False,0.89862013,False,False,False,0.5911398,1.1646253,49.045908,57.120105,0.48267102,1.216714,41.092901,49.998307,0.89842154,1.0315856,26.774513,27.620203,0.40045047,1.0796441,9.1654935,9.8954713,0.44068574,1.4126633,14.930776,21.09216,0.21780952,1.451349,16.459683,23.888744,0.40950353,1.2458539,16.916978,21.076082,0.66363107,1.0689161,28.715621,30.69459
init,init,-1,,7936,136.Barn_Swallow/Barn_Swallow_0094_132154.jpg,136,135,136.Barn_Swallow,46,45,random_erasing,random_erasing,0,"{""area_fraction"":0.161532,""erased"":true,""height"":0.705967,""left"":0.353031,""top"":0.224552,""width"":0.22881}",5.903758,5.9370451,0.033287048,0.0027291686,0.0026398187,0.032635517,0.015383832,-0.029906349,-0.012744013,0.017162335,0.63874906,1.3069462,49.045908,64.100363,False,0.91488874,False,False,False,0.63874906,1.3069462,49.045908,64.100363,0.5288285,1.3292323,41.092901,54.622012,0.91424764,1.2528846,26.774513,33.545376,0.57785581,1.3511935,9.1654935,12.384355,0.41020994,1.2472065,14.930776,18.621761,0.47055402,1.4486407,16.459683,23.844167,0.4239187,1.3452286,16.916978,22.757202,0.61444365,1.3016015,28.715621,37.376296
init,init,-1,,9947,169.Magnolia_Warbler/Magnolia_Warbler_0102_165884.jpg,169,168,169.Magnolia_Warbler,129,128,identity,identity,0,{},6.4680376,6.4680376,0,0.001552269,0.001552269,0.021058869,0.021058869,-0.0195066,-0.0195066,0,1,1,43.191087,43.191087,False,0.99999994,True,False,False,1,1,43.191087,43.191087,1,1,35.990564,35.990564,1,1,23.877799,23.877799,1,1,5.2570556,5.2570556,1,1,11.877962,11.877962,1,1,14.612706,14.612706,1,1,15.026086,15.026086,1,1,26.216095,26.216095
init,init,-1,,9947,169.Magnolia_Warbler/Magnolia_Warbler_0102_165884.jpg,169,168,169.Magnolia_Warbler,129,128,horizontal_flip,horizontal_flip,0,"{""flipped"":true}",6.4680376,6.5245967,0.056559086,0.001552269,0.0014669106,0.021058869,0.024435697,-0.0195066,-0.022968787,-0.0034621869,0.65977068,1.1119938,43.191087,48.028222,False,0.96131307,True,False,False,0.65977068,1.1119938,43.191087,48.028222,0.52668422,1.1109962,35.990564,39.985381,0.9612466,1.1142569,23.877799,26.606004,0.47692323,1.0410104,5.2570556,5.4726495,0.20615386,1.0714043,11.877962,12.7261,0.46747531,1.1203938,14.612706,16.371985,0.38850104,1.1536941,15.026086,17.335507,0.65873473,1.1044567,26.216095,28.954541
init,init,-1,,9947,169.Magnolia_Warbler/Magnolia_Warbler_0102_165884.jpg,169,168,169.Magnolia_Warbler,129,128,color_jitter,color_jitter,0,"{""brightness"":0.848225,""contrast"":1.207927,""hue"":0.017482,""saturation"":1.193324}",6.4680376,6.4989944,0.030956745,0.001552269,0.0015049517,0.021058869,0.021506837,-0.0195066,-0.020001885,-0.00049528526,0.91000347,1.0370095,43.191087,44.789567,False,0.99289566,True,False,False,0.91000347,1.0370095,43.191087,44.789567,0.87380007,1.0393673,35.990564,37.407416,0.99288821,1.0316327,23.877799,24.63312,0.82089412,1.2202912,5.2570556,6.4151388,0.71195369,1.0023956,11.877962,11.906416,0.84515611,1.0577176,14.612706,15.456117,0.84622628,1.0751725,15.026086,16.155635,0.92873007,1.0210351,26.216095,26.767554
init,init,-1,,9947,169.Magnolia_Warbler/Magnolia_Warbler_0102_165884.jpg,169,168,169.Magnolia_Warbler,129,128,rotation,rotation,0,"{""angle"":14.239524}",6.4680376,6.4247208,-0.043316841,0.001552269,0.0016209853,0.021058869,0.021879418,-0.0195066,-0.020258432,-0.00075183285,0.69686555,1.1207021,43.191087,48.404344,False,0.92859793,True,False,False,0.69686555,1.1207021,43.191087,48.404344,0.59679281,1.1268994,35.990564,40.557745,0.92849463,1.1064936,23.877799,26.420633,0.42580716,1.2529817,5.2570556,6.5869947,0.52634701,1.1228324,11.877962,13.336961,0.54447407,1.1029848,14.612706,16.117592,0.50547698,1.2637941,15.026086,18.989879,0.67365585,1.0810959,26.216095,28.342113
init,init,-1,,9947,169.Magnolia_Warbler/Magnolia_Warbler_0102_165884.jpg,169,168,169.Magnolia_Warbler,129,128,random_resized_crop,random_resized_crop,0,"{""area_fraction"":0.668119,""aspect"":0.888958,""fallback"":false,""height"":0.866935,""left"":0.156795,""top"":0.007974,""width"":0.770669}",6.4680376,6.7944818,0.32644415,0.001552269,0.0011199381,0.021058869,0.022854073,-0.0195066,-0.021734135,-0.0022275352,0.76405119,1.2028936,43.191087,51.954281,False,0.96521598,True,False,False,0.76405119,1.2028936,43.191087,51.954281,0.67947556,1.2182935,35.990564,43.847069,0.96511201,1.1671516,23.877799,27.869013,0.64121718,1.2907497,5.2570556,6.7855431,0.56348767,1.3292499,11.877962,15.78878,0.68484393,1.3436762,14.612706,19.634745,0.56891261,1.2767474,15.026086,19.184516,0.75265416,1.1274702,26.216095,29.557866
init,init,-1,,9947,169.Magnolia_Warbler/Magnolia_Warbler_0102_165884.jpg,169,168,169.Magnolia_Warbler,129,128,gaussian_blur,gaussian_blur,0,"{""sigma"":1.098606}",6.4680376,6.3367577,-0.13127995,0.001552269,0.0017700316,0.021058869,0.016048871,-0.0195066,-0.014278839,0.0052277603,0.71528362,1.1547134,43.191087,49.873327,False,0.92964196,False,False,False,0.71528362,1.1547134,43.191087,49.873327,0.62347947,1.1637942,35.990564,41.88561,0.92953899,1.1338125,23.877799,27.072947,0.17581188,1.310477,5.2570556,6.8892506,0.51767737,1.187118,11.877962,14.100543,0.56309878,1.1700162,14.612706,17.097103,0.54194842,1.2041294,15.026086,18.093352,0.71510545,1.1369603,26.216095,29.806659
init,init,-1,,9947,169.Magnolia_Warbler/Magnolia_Warbler_0102_165884.jpg,169,168,169.Magnolia_Warbler,129,128,random_erasing,random_erasing,0,"{""area_fraction"":0.138465,""erased"":true,""height"":0.418604,""left"":0.42851,""top"":0.159823,""width"":0.330777}",6.4680376,6.725791,0.25775337,0.001552269,0.0011995711,0.021058869,0.029151378,-0.0195066,-0.027951807,-0.0084452075,0.53703136,1.3635969,43.191087,58.895231,False,0.87647086,True,False,False,0.53703136,1.3635969,43.191087,58.895231,0.42498238,1.4536804,35.990564,52.318777,0.87623929,1.1326125,23.877799,27.044294,0.50750504,1.3849333,5.2570556,7.2806714,0.49003614,1.7785495,11.877962,21.125543,0.14529419,1.3867548,14.612706,20.264241,0.34185396,1.6398654,15.026086,24.640758,0.53317091,1.3324129,26.216095,34.930663
init,init,-1,,5267,091.Mockingbird/Mockingbird_0096_79878.jpg,91,90,091.Mockingbird,129,128,identity,identity,0,{},4.5652084,4.5652084,0,0.010407707,0.010407707,0.029060479,0.029060479,-0.018652773,-0.018652773,0,1,1,56.26136,56.26136,False,1,True,False,False,1,1,56.26136,56.26136,1,1,47.172691,47.172691,1,1,30.660689,30.660689,1,1,6.6829915,6.6829915,1,1,16.849777,16.849777,1,1,20.140023,20.140023,1,1,21.281617,21.281617,1,1,32.220455,32.220455
init,init,-1,,5267,091.Mockingbird/Mockingbird_0096_79878.jpg,91,90,091.Mockingbird,129,128,horizontal_flip,horizontal_flip,0,"{""flipped"":true}",4.5652084,4.75386,0.18865156,0.010407707,0.0086183632,0.029060479,0.021090293,-0.018652773,-0.01247193,0.0061808424,0.63903329,0.95149118,56.26136,53.532188,False,0.95254874,False,False,False,0.63903329,0.95149118,56.26136,53.532188,0.51746114,0.97319237,47.172691,45.908103,0.95237687,0.89803476,30.660689,27.534365,0.38686082,0.958283,6.6829915,6.4041972,0.22832075,0.92544798,16.849777,15.593592,0.432675,1.0329811,20.140023,20.804263,0.44190046,0.95939291,21.281617,20.417432,0.66715929,0.96845389,32.220455,31.204025
init,init,-1,,5267,091.Mockingbird/Mockingbird_0096_79878.jpg,91,90,091.Mockingbird,129,128,color_jitter,color_jitter,0,"{""brightness"":1.134433,""contrast"":0.663395,""hue"":-0.048728,""saturation"":0.602842}",4.5652084,4.6579685,0.092760086,0.010407707,0.0094857169,0.029060479,0.029989475,-0.018652773,-0.020503758,-0.0018509859,0.8087847,1.0402302,56.26136,58.524767,False,0.96814841,True,False,False,0.8087847,1.0402302,56.26136,58.524767,0.74399671,1.0509397,47.172691,49.575656,0.96802343,1.0144292,30.660689,31.103098,0.75820876,0.90134825,6.6829915,6.0237027,0.58946851,0.95583636,16.849777,16.105629,0.67151769,1.12704,20.140023,22.698612,0.71381186,1.0521536,21.281617,22.391529,0.82742287,1.0504095,32.220455,33.844672
init,init,-1,,5267,091.Mockingbird/Mockingbird_0096_79878.jpg,91,90,091.Mockingbird,129,128,rotation,rotation,0,"{""angle"":-0.795145}",4.5652084,4.6757541,0.11054564,0.010407707,0.0093184961,0.029060479,0.032729197,-0.018652773,-0.023410701,-0.0047579287,0.88431083,1.0510743,56.26136,59.134869,False,0.9827233,True,False,False,0.88431083,1.0510743,56.26136,59.134869,0.84308914,1.0534346,47.172691,49.693343,0.98264856,1.045466,30.660689,32.054709,0.64985156,1.1146401,6.6829915,7.4491306,0.79207584,1.0732433,16.849777,18.083909,0.82059934,1.048028,20.140023,21.107308,0.82676628,1.0522411,21.281617,22.393392,0.88227906,1.0478694,32.220455,33.762829
init,init,-1,,5267,091.Mockingbird/Mockingbird_0096_79878.jpg,91,90,091.Mockingbird,129,128,random_resized_crop,random_resized_crop,0,"{""area_fraction"":0.817071,""aspect"":0.980977,""fallback"":false,""height"":0.912642,""left"":0.067384,""top"":0.067646,""width"":0.895281}",4.5652084,4.6765833,0.11137486,0.010407707,0.0093107708,0.029060479,0.026362717,-0.018652773,-0.017051946,0.0016008262,0.77653555,1.0204421,56.26136,57.411462,False,0.96322441,True,False,False,0.77653555,1.0204421,56.26136,57.411462,0.69891292,1.0248775,47.172691,48.34623,0.96306753,1.0098655,30.660689,30.963172,0.64937825,0.91207638,6.6829915,6.0953987,0.60784226,1.0100013,16.849777,17.018296,0.63007214,1.0697354,20.140023,21.544495,0.65805856,1.016505,21.281617,21.632869,0.77199407,1.019214,32.220455,32.839541
init,init,-1,,5267,091.Mockingbird/Mockingbird_0096_79878.jpg,91,90,091.Mockingbird,129,128,gaussian_blur,gaussian_blur,0,"{""sigma"":1.467799}",4.5652084,4.3730974,-0.19211102,0.010407707,0.012612114,0.029060479,0.038085405,-0.018652773,-0.025473291,-0.0068205185,0.59636841,1.2687711,56.26136,71.382787,False,0.91288561,True,False,False,0.59636841,1.2687711,56.26136,71.382787,0.50190784,1.3597843,47.172691,64.144683,0.91258683,1.0215136,30.660689,31.320312,0.11688126,1.8912379,6.6829915,12.639127,0.28036493,1.532972,16.849777,25.830236,0.40095717,1.5850742,20.140023,31.92343,0.53339397,1.4109131,21.281617,30.026512,0.66164531,1.1474556,32.220455,36.971542
init,init,-1,,5267,091.Mockingbird/Mockingbird_0096_79878.jpg,91,90,091.Mockingbird,129,128,random_erasing,random_erasing,0,"{""area_fraction"":0.114908,""erased"":true,""height"":0.522254,""left"":0.217847,""top"":0.219818,""width"":0.220022}",4.5652084,5.1127372,0.54752874,0.010407707,0.0060195839,0.029060479,0.024102997,-0.018652773,-0.018083413,0.0005693594,0.70914893,1.1673401,56.26136,65.676143,False,0.93331587,False,False,False,0.70914893,1.1673401,56.26136,65.676143,0.61637154,1.1736541,47.172691,55.364423,0.93292589,1.1522563,30.660689,35.328974,0.63305261,1.1912507,6.6829915,7.9611185,0.52173881,1.2202309,16.849777,20.560617,0.59714443,1.0634783,20.140023,21.418478,0.54739898,1.1338252,21.281617,24.129632,0.67791859,1.2172005,32.220455,39.218753
init,init,-1,,9223,157.Yellow_throated_Vireo/Yellow_Throated_Vireo_0070_159602.jpg,157,156,157.Yellow_throated_Vireo,4,3,identity,identity,0,{},5.7959104,5.7959104,0,0.0030399612,0.0030399612,0.026647659,0.026647659,-0.023607698,-0.023607698,0,1,1,44.788827,44.788827,False,1,True,False,False,1,1,44.788827,44.788827,1,1,36.210795,36.210795,1,1,26.359389,26.359389,1,1,5.6956542,5.6956542,1,1,10.019036,10.019036,1,1,15.195388,15.195388,1,1,15.882837,15.882837,1,1,26.367325,26.367325
init,init,-1,,9223,157.Yellow_throated_Vireo/Yellow_Throated_Vireo_0070_159602.jpg,157,156,157.Yellow_throated_Vireo,4,3,horizontal_flip,horizontal_flip,0,"{""flipped"":true}",5.7959104,5.8653789,0.069468498,0.0030399612,0.0028359483,0.026647659,0.023742815,-0.023607698,-0.020906867,0.0027008306,0.64107522,1.0381706,44.788827,46.498446,False,0.94650692,True,False,False,0.64107522,1.0381706,44.788827,46.498446,0.4779047,1.0351235,36.210795,37.482644,0.94642871,1.0438969,26.359389,27.516483,-0.30219678,1.5009873,5.6956542,8.5491048,0.31434504,1.3152509,10.019036,13.177547,0.40187089,1.044731,15.195388,15.875093,0.39777492,0.94748703,15.882837,15.048782,0.62528332,0.9887851,26.367325,26.071618
init,init,-1,,9223,157.Yellow_throated_Vireo/Yellow_Throated_Vireo_0070_159602.jpg,157,156,157.Yellow_throated_Vireo,4,3,color_jitter,color_jitter,0,"{""brightness"":1.170761,""contrast"":1.001684,""hue"":-0.003639,""saturation"":0.604719}",5.7959104,5.7967472,0.00083684921,0.0030399612,0.0030374192,0.026647659,0.02626776,-0.023607698,-0.02323034,0.00037735747,0.87440607,1.0693142,44.788827,47.893328,False,0.98268998,True,False,False,0.87440607,1.0693142,44.788827,47.893328,0.82259766,1.09883,36.210795,39.789509,0.98266842,1.0112693,26.359389,26.65644,0.62173467,1.116354,5.6956542,6.3583662,0.68286228,1.1419677,10.019036,11.441416,0.79265572,1.0623239,15.195388,16.142423,0.79339062,1.1243713,15.882837,17.858206,0.8740976,1.094193,26.367325,28.850942
init,init,-1,,9223,157.Yellow_throated_Vireo/Yellow_Throated_Vireo_0070_159602.jpg,157,156,157.Yellow_throated_Vireo,4,3,rotation,rotation,0,"{""angle"":13.370073}",5.7959104,6.0455828,0.24967241,0.0030399612,0.0023683007,0.026647659,0.034463223,-0.023607698,-0.032094922,-0.0084872246,0.71085569,1.0908993,44.788827,48.860101,False,0.93467569,True,False,False,0.71085569,1.0908993,44.788827,48.860101,0.59391818,1.0959708,36.210795,39.685976,0.93457802,1.0812638,26.359389,28.501453,0.53983129,1.078935,5.6956542,6.1452405,0.4274047,1.2975642,10.019036,13.000343,0.51392055,1.0337487,15.195388,15.708213,0.48675437,1.0879428,15.882837,17.279618,0.69103286,1.0879269,26.367325,28.685721
init,init,-1,,9223,157.Yellow_throated_Vireo/Yellow_Throated_Vireo_0070_159602.jpg,157,156,157.Yellow_throated_Vireo,4,3,random_resized_crop,random_resized_crop,0,"{""area_fraction"":0.763465,""aspect"":1.242127,""fallback"":false,""height"":0.783992,""left"":0.003756,""top"":0.088913,""width"":0.973818}",5.7959104,5.7488203,-0.047090054,0.0030399612,0.0031865374,0.026647659,0.027100468,-0.023607698,-0.023913931,-0.00030623283,0.75184532,1.0047935,44.788827,45.003522,False,0.95033014,True,False,False,0.75184532,1.0047935,44.788827,45.003522,0.6542341,1.0278481,36.210795,37.219196,0.9502971,0.95977866,26.359389,25.299179,0.3173462,1.1105897,5.6956542,6.3255351,0.5276863,1.326683,10.019036,13.292085,0.63685965,1.0895754,15.195388,16.556521,0.56723774,1.0085371,15.882837,16.01843,0.74405129,0.95785418,26.367325,25.256052
init,init,-1,,9223,157.Yellow_throated_Vireo/Yellow_Throated_Vireo_0070_159602.jpg,157,156,157.Yellow_throated_Vireo,4,3,gaussian_blur,gaussian_blur,0,"{""sigma"":1.1772}",5.7959104,5.3964119,-0.39949846,0.0030399612,0.0045328164,0.026647659,0.029625079,-0.023607698,-0.025092262,-0.0014845645,0.72244504,1.0550871,44.788827,47.256116,False,0.93516445,True,False,False,0.72244504,1.0550871,44.788827,47.256116,0.63057178,1.1119474,36.210795,40.2645,0.93506748,0.93844457,26.359389,24.736825,0.61206301,1.5225226,5.6956542,8.6717624,0.45328882,1.62376,10.019036,16.268511,0.58161313,1.2667298,15.195388,19.24845,0.57482079,1.0771271,15.882837,17.107834,0.74584365,0.94295997,26.367325,24.863332
init,init,-1,,9223,157.Yellow_throated_Vireo/Yellow_Throated_Vireo_0070_159602.jpg,157,156,157.Yellow_throated_Vireo,4,3,random_erasing,random_erasing,0,"{""area_fraction"":0.068049,""erased"":true,""height"":0.410622,""left"":0.254088,""top"":0.46882,""width"":0.165721}",5.7959104,5.9480457,0.15213537,0.0030399612,0.0026109379,0.026647659,0.026940363,-0.023607698,-0.024329425,-0.0007217268,0.85842897,1.1453807,44.788827,51.30026,False,0.97622216,False,False,False,0.85842897,1.1453807,44.788827,51.30026,0.79828053,1.1582209,36.210795,41.940101,0.97603991,1.1207488,26.359389,29.542252,0.70043827,1.0106026,5.6956542,5.7560429,0.74175825,1.2676152,10.019036,12.700283,0.79889009,1.1545875,15.195388,17.544405,0.72352368,1.1190226,15.882837,17.773254,0.83801839,1.1633053,26.367325,30.673248
init,init,-1,,10306,175.Pine_Warbler/Pine_Warbler_0041_171477.jpg,175,174,175.Pine_Warbler,129,128,identity,identity,0,{},6.1702671,6.1702671,0,0.0020906774,0.0020906774,0.033642989,0.033642989,-0.031552311,-0.031552311,0,1,1,57.728278,57.728278,False,0.99999988,True,False,False,1,1,57.728278,57.728278,1,1,48.134605,48.134605,1,1,31.868697,31.868697,1,1,6.6981592,6.6981592,1,1,15.113921,15.113921,1,1,19.350237,19.350237,1,1,22.023177,22.023177,1,1,34.412095,34.412095
init,init,-1,,10306,175.Pine_Warbler/Pine_Warbler_0041_171477.jpg,175,174,175.Pine_Warbler,129,128,horizontal_flip,horizontal_flip,0,"{""flipped"":true}",6.1702671,6.0384827,-0.13178444,0.0020906774,0.0023851763,0.033642989,0.029677147,-0.031552311,-0.027291971,0.0042603405,0.66735523,0.96178897,57.728278,55.522421,False,0.96227396,True,False,False,0.66735523,0.96178897,57.728278,55.522421,0.54172489,0.9697542,48.134605,46.678735,0.96215327,0.94336603,31.868697,30.063846,0.20014586,1.3069841,6.6981592,8.7543877,0.37001691,1.1368365,15.113921,17.182057,0.43482337,0.98701954,19.350237,19.099062,0.4607195,0.92016711,22.023177,20.265003,0.67227237,0.93334889,34.412095,32.118491
init,init,-1,,10306,175.Pine_Warbler/Pine_Warbler_0041_171477.jpg,175,174,175.Pine_Warbler,129,128,color_jitter,color_jitter,0,"{""brightness"":0.78944,""contrast"":0.882009,""hue"":-0.035932,""saturation"":0.656521}",6.1702671,6.1931171,0.022850037,0.0020906774,0.002043447,0.033642989,0.073329903,-0.031552311,-0.071286456,-0.039734145,0.74038336,1.1001667,57.728278,63.51073,False,0.92862016,True,False,False,0.74038336,1.1001667,57.728278,63.51073,0.66581416,1.127593,48.134605,54.276244,0.92768344,1.0348817,31.868697,32.980331,0.62308296,1.3785768,6.6981592,9.233927,0.52665164,1.3875839,15.113921,20.971833,0.51829715,1.1555615,19.350237,22.360389,0.66093876,1.1059786,22.023177,24.357163,0.76183666,1.0588086,34.412095,36.435822
init,init,-1,,10306,175.Pine_Warbler/Pine_Warbler_0041_171477.jpg,175,174,175.Pine_Warbler,129,128,rotation,rotation,0,"{""angle"":-4.429966}",6.1702671,5.757061,-0.4132061,0.0020906774,0.003160387,0.033642989,0.033023849,-0.031552311,-0.029863462,0.0016888492,0.77852578,0.97294965,57.728278,56.166708,False,0.96644199,True,False,False,0.77852578,0.97294965,57.728278,56.166708,0.69325798,0.96173438,48.134605,46.292705,0.96633618,0.99806369,31.868697,31.806989,0.49943933,1.2912078,6.6981592,8.6487153,0.36362498,1.0042832,15.113921,15.178657,0.5827559,0.87921758,19.350237,17.013069,0.67075177,0.94403634,22.023177,20.790679,0.81194163,0.97083506,34.412095,33.408468
init,init,-1,,10306,175.Pine_Warbler/Pine_Warbler_0041_171477.jpg,175,174,175.Pine_Warbler,129,128,random_resized_crop,random_resized_crop,0,"{""area_fraction"":0.510528,""aspect"":1.298555,""fallback"":false,""height"":0.627017,""left"":0.177887,""top"":0.324121,""width"":0.814216}",6.1702671,5.8088312,-0.36143589,0.0020906774,0.0030009358,0.033642989,0.041550849,-0.031552311,-0.038549913,-0.0069976016,0.62460596,1.0629486,57.728278,61.362191,False,0.93758345,True,False,False,0.62460596,1.0629486,57.728278,61.362191,0.48382312,1.0538634,48.134605,50.727299,0.937188,1.0833897,31.868697,34.526217,0.083421298,1.9902321,6.6981592,13.330891,0.24343874,1.0749565,15.113921,16.246807,0.33162525,1.1583651,19.350237,22.414639,0.42698366,1.0135614,22.023177,22.321842,0.6570824,0.97724239,34.412095,33.628958
init,init,-1,,10306,175.Pine_Warbler/Pine_Warbler_0041_171477.jpg,175,174,175.Pine_Warbler,129,128,gaussian_blur,gaussian_blur,0,"{""sigma"":1.656528}",6.1702671,5.8449402,-0.32532692,0.0020906774,0.002894507,0.033642989,0.022289785,-0.031552311,-0.019395278,0.012157034,0.61193543,1.0568191,57.728278,61.008345,False,0.92652881,False,False,False,0.61193543,1.0568191,57.728278,61.008345,0.48905228,1.0891018,48.134605,52.423484,0.92622069,0.97919633,31.868697,31.205711,0.055639301,1.4580171,6.6981592,9.7660303,0.19187385,1.1688411,15.113921,17.665771,0.31291956,1.4171166,19.350237,27.421542,0.45539508,1.0406324,22.023177,22.918032,0.69796522,0.94771108,34.412095,32.612724
init,init,-1,,10306,175.Pine_Warbler/Pine_Warbler_0041_171477.jpg,175,174,175.Pine_Warbler,129,128,random_erasing,random_erasing,0,"{""area_fraction"":0.122362,""erased"":true,""height"":0.555628,""left"":0.051117,""top"":0.280895,""width"":0.220223}",6.1702671,6.1581993,-0.012067795,0.0020906774,0.0021160597,0.033642989,0.037263647,-0.031552311,-0.035147587,-0.0035952758,0.81161156,1.1051062,57.728278,63.795879,False,0.96123976,True,False,False,0.81161156,1.1051062,57.728278,63.795879,0.7486414,1.1173056,48.134605,53.781061,0.96106608,1.0767584,31.868697,34.314888,0.71062339,1.5294261,6.6981592,10.244339,0.7630109,1.277536,15.113921,19.308578,0.67706934,1.1201589,19.350237,21.67534,0.67871086,1.0584125,22.023177,23.309606,0.80279108,1.0878821,34.412095,37.436303
init,init,-1,,4853,084.Red_legged_Kittiwake/Red_Legged_Kittiwake_0001_795394.jpg,84,83,084.Red_legged_Kittiwake,171,170,identity,identity,0,{},5.8195162,5.8195162,0,0.0029690408,0.0029690408,0.021232653,0.021232653,-0.018263613,-0.018263613,0,1,1,55.300074,55.300074,False,1,True,False,False,1,1,55.300074,55.300074,1,1,46.690545,46.690545,1,1,29.632603,29.632603,1,1,8.6956158,8.6956158,1,1,16.166437,16.166437,1,1,21.787695,21.787695,1,1,20.295767,20.295767,1,1,30.926004,30.926004
init,init,-1,,4853,084.Red_legged_Kittiwake/Red_Legged_Kittiwake_0001_795394.jpg,84,83,084.Red_legged_Kittiwake,171,170,horizontal_flip,horizontal_flip,0,"{""flipped"":true}",5.8195162,5.705265,-0.11425114,0.0029690408,0.003328396,0.021232653,0.024386043,-0.018263613,-0.021057647,-0.0027940341,0.68894666,0.94715972,55.300074,52.378003,False,0.96664816,True,False,False,0.68894666,0.94715972,55.300074,52.378003,0.57223195,0.93468311,46.690545,43.640864,0.96651815,0.97744674,29.632603,28.964291,0.13085044,0.71084321,8.6956158,6.1812195,0.3082223,0.98104693,16.166437,15.860033,0.46470927,0.89402288,21.787695,19.478698,0.53910594,0.9756641,20.295767,19.801851,0.74165528,0.9389723,30.926004,29.038662
init,init,-1,,4853,084.Red_legged_Kittiwake/Red_Legged_Kittiwake_0001_795394.jpg,84,83,084.Red_legged_Kittiwake,171,170,color_jitter,color_jitter,0,"{""brightness"":0.893047,""contrast"":0.888535,""hue"":-0.042392,""saturation"":1.227125}",5.8195162,5.8679609,0.048444748,0.0029690408,0.0028286355,0.021232653,0.01928102,-0.018263613,-0.016452385,0.0018112278,0.93175181,0.9855412,55.300074,54.500501,False,0.99075603,False,False,False,0.93175181,0.9855412,55.300074,54.500501,0.90844227,0.99039059,46.690545,46.241876,0.99073183,0.97339734,29.632603,28.844297,0.79938292,0.77187986,8.6956158,6.7119708,0.87490478,1.0835205,16.166437,17.516666,0.91514488,0.97234938,21.787695,21.185252,0.89544579,1.0137694,20.295767,20.575228,0.93104483,0.9777187,30.926004,30.236933
init,init,-1,,4853,084.Red_legged_Kittiwake/Red_Legged_Kittiwake_0001_795394.jpg,84,83,084.Red_legged_Kittiwake,171,170,rotation,rotation,0,"{""angle"":-8.244065}",5.8195162,5.8498878,0.030371666,0.0029690408,0.0028802215,0.021232653,0.017769394,-0.018263613,-0.014889173,0.0033744397,0.64068209,1.0509024,55.300074,58.11498,False,0.91566491,False,False,False,0.64068209,1.0509024,55.300074,58.11498,0.53905219,1.0739333,46.690545,50.142531,0.9154891,0.9914141,29.632603,29.378181,0.4892133,1.0121044,8.6956158,8.8008713,0.13803238,1.1637772,16.166437,18.81413,0.50081819,1.025409,21.787695,22.341299,0.51923128,1.0639047,20.295767,21.592761,0.68800529,1.0809193,30.926004,33.428514
init,init,-1,,4853,084.Red_legged_Kittiwake/Red_Legged_Kittiwake_0001_795394.jpg,84,83,084.Red_legged_Kittiwake,171,170,random_resized_crop,random_resized_crop,0,"{""area_fraction"":0.584087,""aspect"":1.199537,""fallback"":false,""height"":0.697802,""left"":0.144844,""top"":0.123093,""width"":0.837039}",5.8195162,5.3242569,-0.49525928,0.0029690408,0.004871971,0.021232653,0.027110018,-0.018263613,-0.022238047,-0.0039744342,0.67125514,1.1269839,55.300074,62.322294,False,0.94745839,False,False,False,0.67125514,1.1269839,55.300074,62.322294,0.56068573,1.1285847,46.690545,52.694235,0.94713309,1.1229999,29.632603,33.277409,0.50416558,1.2164414,8.6956158,10.577707,0.27890328,1.1701907,16.166437,18.917814,0.491031,1.0716442,21.787695,23.348656,0.50049323,1.1273511,20.295767,22.880455,0.7035066,1.1378313,30.926004,35.188575
init,init,-1,,4853,084.Red_legged_Kittiwake/Red_Legged_Kittiwake_0001_795394.jpg,84,83,084.Red_legged_Kittiwake,171,170,gaussian_blur,gaussian_blur,0,"{""sigma"":1.554033}",5.8195162,5.5564885,-0.26302767,0.0029690408,0.0038623156,0.021232653,0.01205038,-0.018263613,-0.0081880644,0.010075548,0.68462816,1.2082161,55.300074,66.81444,False,0.91401726,False,False,False,0.68462816,1.2082161,55.300074,66.81444,0.60739787,1.2563464,46.690545,58.6595,0.91363747,1.0794868,29.632603,31.988005,0.7317779,1.6341003,8.6956158,14.209509,0.41827007,1.410392,16.166437,22.801013,0.57758901,1.3746819,21.787695,29.95115,0.58332735,1.2560175,20.295767,25.491839,0.69911757,1.1070917,30.926004,34.237923
init,init,-1,,4853,084.Red_legged_Kittiwake/Red_Legged_Kittiwake_0001_795394.jpg,84,83,084.Red_legged_Kittiwake,171,170,random_erasing,random_erasing,0,"{""area_fraction"":0.152399,""erased"":true,""height"":0.56243,""left"":0.244667,""top"":0.321882,""width"":0.270966}",5.8195162,5.5225034,-0.29701281,0.0029690408,0.0039958321,0.021232653,0.018885691,-0.018263613,-0.014889859,0.003373754,0.65195686,1.1022517,55.300074,60.954598,False,0.88397729,False,False,False,0.65195686,1.1022517,55.300074,60.954598,0.55471071,1.08828,46.690545,50.812388,0.88363099,1.136196,29.632603,33.668445,0.493023,0.59928314,8.6956158,5.211136,0.58739397,0.96754425,16.166437,15.641743,0.54972062,0.99124196,21.787695,21.596878,0.50007202,1.1773825,20.295767,23.89588,0.58368587,1.1535304,30.926004,35.674087
init,init,-1,,10599,180.Wilson_Warbler/Wilson_Warbler_0076_175780.jpg,180,179,180.Wilson_Warbler,129,128,identity,identity,0,{},5.6587572,5.6587572,0,0.0034868477,0.0034868477,0.024764156,0.024764156,-0.021277308,-0.021277308,0,1,1,45.69787,45.69787,False,1,True,False,False,1,1,45.69787,45.69787,1,1,37.847035,37.847035,1,1,25.610492,25.610492,1,1,6.8029971,6.8029971,1,1,14.369651,14.369651,1,1,14.473493,14.473493,1,1,15.939686,15.939686,1,1,26.759575,26.759575
init,init,-1,,10599,180.Wilson_Warbler/Wilson_Warbler_0076_175780.jpg,180,179,180.Wilson_Warbler,129,128,horizontal_flip,horizontal_flip,0,"{""flipped"":true}",5.6587572,5.7616787,0.10292149,0.0034868477,0.0031458265,0.024764156,0.025357092,-0.021277308,-0.022211265,-0.00093395705,0.70695842,1.0784089,45.69787,49.280992,False,0.9681232,True,False,False,0.70695842,1.0784089,45.69787,49.280992,0.59027565,1.0864154,37.847035,41.117603,0.96809353,1.0607137,25.610492,27.165399,0.75411814,1.2535834,6.8029971,8.5281241,0.56628512,1.0083638,14.369651,14.489835,0.4662811,1.1475344,14.473493,16.60883,0.45379693,1.1038837,15.939686,17.59556,0.67437569,1.0717488,26.759575,28.679541
init,init,-1,,10599,180.Wilson_Warbler/Wilson_Warbler_0076_175780.jpg,180,179,180.Wilson_Warbler,129,128,color_jitter,color_jitter,0,"{""brightness"":0.789353,""contrast"":0.902499,""hue"":-0.079816,""saturation"":0.677698}",5.6587572,6.6090789,0.95032167,0.0034868477,0.0013480735,0.024764156,0.030676778,-0.021277308,-0.029328705,-0.0080513967,0.68481879,1.2993578,45.69787,59.377886,False,0.90866411,True,False,False,0.68481879,1.2993578,45.69787,59.377886,0.60488129,1.3728382,37.847035,51.957855,0.90849813,1.1222827,25.610492,28.742212,0.5365949,2.1748028,6.8029971,14.795177,0.45349734,1.4319718,14.369651,20.576935,0.54152418,1.45477,14.473493,21.055602,0.58553248,1.4439149,15.939686,23.015551,0.705371,1.2305151,26.759575,32.92806
init,init,-1,,10599,180.Wilson_Warbler/Wilson_Warbler_0076_175780.jpg,180,179,180.Wilson_Warbler,129,128,rotation,rotation,0,"{""angle"":6.146694}",5.6587572,5.7503061,0.09154892,0.0034868477,0.0031818065,0.024764156,0.030300204,-0.021277308,-0.027118397,-0.0058410889,0.80900467,1.0384398,45.69787,47.454487,False,0.97625756,True,False,False,0.80900467,1.0384398,45.69787,47.454487,0.72836608,1.0192305,37.847035,38.574851,0.97621364,1.0792025,25.610492,27.638908,0.8115984,1.1582779,6.8029971,7.8797612,0.69708653,0.90935332,14.369651,13.06709,0.62295504,1.0501048,14.473493,15.198684,0.62293812,1.0768922,15.939686,17.165323,0.80453739,1.0093523,26.759575,27.009838
init,init,-1,,10599,180.Wilson_Warbler/Wilson_Warbler_0076_175780.jpg,180,179,180.Wilson_Warbler,129,128,random_resized_crop,random_resized_crop,0,"{""area_fraction"":0.658415,""aspect"":0.859835,""fallback"":false,""height"":0.875069,""left"":0.148905,""top"":0.065072,""width"":0.752415}",5.6587572,5.854805,0.19604778,0.0034868477,0.0028660949,0.024764156,0.037695207,-0.021277308,-0.034829112,-0.013551804,0.72673617,1.0295796,45.69787,47.049597,False,0.96488649,True,False,False,0.72673617,1.0295796,45.69787,47.049597,0.6158749,1.0239221,37.847035,38.752415,0.96475671,1.0418283,25.610492,26.681735,0.17985727,1.2326967,6.8029971,8.3860322,0.38711037,0.9850943,14.369651,14.155461,0.5465741,1.0263901,14.473493,14.85545,0.57436921,1.0476593,15.939686,16.69936,0.75147191,1.0107091,26.759575,27.046146
init,init,-1,,10599,180.Wilson_Warbler/Wilson_Warbler_0076_175780.jpg,180,179,180.Wilson_Warbler,129,128,gaussian_blur,gaussian_blur,0,"{""sigma"":1.328431}",5.6587572,5.9770622,0.31830502,0.0034868477,0.0025362659,0.024764156,0.029539429,-0.021277308,-0.027003163,-0.0057258545,0.72226504,1.1499544,45.69787,52.550468,False,0.93435234,True,False,False,0.72226504,1.1499544,45.69787,52.550468,0.63091325,1.1697976,37.847035,44.27337,0.93420058,1.1053817,25.610492,28.309371,0.52010961,1.4051304,6.8029971,9.5590979,0.51786405,1.0744523,14.369651,15.439504,0.56593579,1.2227944,14.473493,17.698106,0.5814817,1.2647967,15.939686,20.160462,0.7140434,1.1277445,26.759575,30.177963
init,init,-1,,10599,180.Wilson_Warbler/Wilson_Warbler_0076_175780.jpg,180,179,180.Wilson_Warbler,129,128,random_erasing,random_erasing,0,"{""area_fraction"":0.066636,""erased"":true,""height"":0.261695,""left"":0.511527,""top"":0.101176,""width"":0.254634}",5.6587572,5.4528966,-0.20586061,0.0034868477,0.0042838771,0.024764156,0.02268195,-0.021277308,-0.018398073,0.0028792357,0.92622117,0.99290939,45.69787,45.373845,False,0.98652607,True,False,False,0.92622117,0.99290939,45.69787,45.373845,0.89775686,0.98071141,37.847035,37.117019,0.98650683,1.0190408,25.610492,26.098136,0.89253527,1.0522229,6.8029971,7.1582691,0.90986526,0.94392255,14.369651,13.563837,0.85849037,0.93126198,14.473493,13.478613,0.86320265,0.94313272,15.939686,15.033239,0.91817501,1.012979,26.759575,27.106886
init,init,-1,,912,017.Cardinal/Cardinal_0051_17223.jpg,17,16,017.Cardinal,102,101,identity,identity,0,{},5.0964231,5.0964231,0,0.0061185928,0.0061185928,0.020132927,0.020132927,-0.014014334,-0.014014334,0,1,1,50.021861,50.021861,False,1,True,False,False,1,1,50.021861,50.021861,1,1,42.780349,42.780349,1,1,25.92351,25.92351,1,1,14.233748,14.233748,1,1,12.954894,12.954894,1,1,15.997393,15.997393,1,1,18.452012,18.452012,1,1,29.382581,29.382581
init,init,-1,,912,017.Cardinal/Cardinal_0051_17223.jpg,17,16,017.Cardinal,102,101,horizontal_flip,horizontal_flip,0,"{""flipped"":true}",5.0964231,5.1973338,0.10091066,0.0061185928,0.005531291,0.020132927,0.020961557,-0.014014334,-0.015430266,-0.0014159312,0.6226896,0.9466703,50.021861,47.35421,False,0.95601583,True,False,False,0.6226896,0.9466703,50.021861,47.35421,0.48821793,0.91939701,42.780349,39.332125,0.95594095,1.017244,25.92351,26.370536,0.26039356,0.5844238,14.233748,8.3185409,0.14663154,0.93209115,12.954894,12.075142,0.38490652,0.92242682,15.997393,14.756425,0.41619919,0.92359976,18.452012,17.042274,0.64740257,0.97684492,29.382581,28.702225
init,init,-1,,912,017.Cardinal/Cardinal_0051_17223.jpg,17,16,017.Cardinal,102,101,color_jitter,color_jitter,0,"{""brightness"":1.38731,""contrast"":0.673878,""hue"":-0.073368,""saturation"":0.981854}",5.0964231,5.3941627,0.29773951,0.0061185928,0.0045430227,0.020132927,0.010621224,-0.014014334,-0.0060782009,0.0079361335,0.62049526,1.011649,50.021861,50.604567,False,0.90429831,False,False,False,0.62049526,1.011649,50.021861,50.604567,0.53282669,1.0494353,42.780349,44.895208,0.90417009,0.9007433,25.92351,23.350428,0.35147752,0.8167639,14.233748,11.625611,0.40992251,1.3688838,12.954894,17.733744,0.39720105,1.2202416,15.997393,19.520685,0.52398883,1.061448,18.452012,19.585851,0.67043759,0.96338805,29.382581,28.306827
init,init,-1,,912,017.Cardinal/Cardinal_0051_17223.jpg,17,16,017.Cardinal,102,101,rotation,rotation,0,"{""angle"":-2.479329}",5.0964231,5.080657,-0.015766144,0.0061185928,0.0062158243,0.020132927,0.017695978,-0.014014334,-0.011480154,0.0025341804,0.76075746,0.95798926,50.021861,47.920406,False,0.97176427,False,False,False,0.76075746,0.95798926,50.021861,47.920406,0.6783639,0.93987756,42.780349,40.20829,0.97171496,1.0056611,25.92351,26.070265,0.7558829,0.89198368,14.233748,12.696271,0.38454563,0.99042424,12.954894,12.830841,0.50316716,0.94872576,15.997393,15.177139,0.60556499,0.95683979,18.452012,17.655619,0.80456613,0.93131616,29.382581,27.364472
init,init,-1,,912,017.Cardinal/Cardinal_0051_17223.jpg,17,16,017.Cardinal,102,101,random_resized_crop,random_resized_crop,0,"{""area_fraction"":0.861522,""aspect"":0.868313,""fallback"":false,""height"":0.996082,""left"":0.104911,""top"":0.002515,""width"":0.864911}",5.0964231,4.9951687,-0.10125446,0.0061185928,0.0067705787,0.020132927,0.020599674,-0.014014334,-0.013829096,0.00018523866,0.775235,0.99086389,50.021861,49.564856,False,0.95826006,False,False,False,0.775235,0.99086389,50.021861,49.564856,0.70483163,0.97697446,42.780349,41.795308,0.95821412,1.0277382,25.92351,26.642582,0.80681636,1.0080259,14.233748,14.347986,0.57050892,1.0583173,12.954894,13.710389,0.60682474,0.9624936,15.997393,15.397389,0.64006195,0.96291573,18.452012,17.767732,0.76376327,0.96276262,29.382581,28.28845
init,init,-1,,912,017.Cardinal/Cardinal_0051_17223.jpg,17,16,017.Cardinal,102,101,gaussian_blur,gaussian_blur,0,"{""sigma"":1.820997}",5.0964231,4.8916035,-0.20481968,0.0061185928,0.0075093727,0.020132927,0.017753532,-0.014014334,-0.010244159,0.0037701749,0.59502876,1.1408041,50.021861,57.065143,False,0.89794415,False,False,False,0.59502876,1.1408041,50.021861,57.065143,0.48673822,1.1485904,42.780349,49.137098,0.89779682,1.1193247,25.92351,29.016825,0.54080926,0.95551912,14.233748,13.600618,0.24372357,1.2863494,12.954894,16.664521,0.39231253,1.2973156,15.997393,20.753668,0.41817731,1.2839417,18.452012,23.691307,0.60729154,1.0543762,29.382581,30.980293
init,init,-1,,912,017.Cardinal/Cardinal_0051_17223.jpg,17,16,017.Cardinal,102,101,random_erasing,random_erasing,0,"{""area_fraction"":0.08433,""erased"":true,""height"":0.172859,""left"":0.156151,""top"":0.746239,""width"":0.487855}",5.0964231,5.1762619,0.079838753,0.0061185928,0.0056490838,0.020132927,0.021796882,-0.014014334,-0.016147798,-0.002133464,0.82405813,1.1285682,50.021861,56.453084,False,0.94453955,True,False,False,0.82405813,1.1285682,50.021861,56.453084,0.78228538,1.1433831,42.780349,48.914326,0.94447359,1.0871995,25.92351,28.184028,0.91677303,1.3066095,14.233748,18.59795,0.64676632,1.2094836,12.954894,15.668732,0.77603357,1.147324,15.997393,18.354193,0.77125981,1.1240341,18.452012,20.74069,0.78314399,1.0944732,29.382581,32.158447
init,init,-1,,9503,162.Canada_Warbler/Canada_Warbler_0076_162393.jpg,162,161,162.Canada_Warbler,4,3,identity,identity,0,{},6.1852732,6.1852732,0,0.0020595386,0.0020595386,0.031529758,0.031529758,-0.02947022,-0.02947022,0,1,1,51.706168,51.706168,False,0.99999994,True,False,False,1,1,51.706168,51.706168,1,1,41.187422,41.187422,1,1,31.258984,31.258984,1,1,5.3324356,5.3324356,1,1,13.130155,13.130155,1,1,16.640421,16.640421,1,1,18.660826,18.660826,1,1,29.503184,29.503184
init,init,-1,,9503,162.Canada_Warbler/Canada_Warbler_0076_162393.jpg,162,161,162.Canada_Warbler,4,3,horizontal_flip,horizontal_flip,0,"{""flipped"":true}",6.1852732,5.8725019,-0.31277132,0.0020595386,0.0028158196,0.031529758,0.025721597,-0.02947022,-0.022905777,0.0065644425,0.7109696,0.87945633,51.706168,45.473317,False,0.95892239,False,False,False,0.7109696,0.87945633,51.706168,45.473317,0.55520491,0.84754892,41.187422,34.908355,0.95879801,0.93226124,31.258984,29.141539,0.22270199,0.75102884,5.3324356,4.0048129,0.44270464,0.84493802,13.130155,11.094167,0.48357521,0.77563091,16.640421,12.906825,0.42836382,0.79218421,18.660826,14.782812,0.65214203,0.89314583,29.503184,26.350646
init,init,-1,,9503,162.Canada_Warbler/Canada_Warbler_0076_162393.jpg,162,161,162.Canada_Warbler,4,3,color_jitter,color_jitter,0,"{""brightness"":0.823534,""contrast"":1.340126,""hue"":0.058094,""saturation"":1.16448}",6.1852732,6.09653,-0.08874321,0.0020595386,0.0022506646,0.031529758,0.02307814,-0.02947022,-0.020827475,0.0086427443,0.86640763,0.94444315,51.706168,48.833537,False,0.97526383,False,False,False,0.86640763,0.94444315,51.706168,48.833537,0.79960075,0.91567672,41.187422,37.714364,0.97515203,0.99240662,31.258984,31.021622,0.58191626,1.125751,5.3324356,6.0029946,0.62914898,0.86566052,13.130155,11.366257,0.76387084,0.88181167,16.640421,14.673717,0.7706624,0.90309533,18.660826,16.852505,0.86269696,0.93307018,29.503184,27.528541
init,init,-1,,9503,162.Canada_Warbler/Canada_Warbler_0076_162393.jpg,162,161,162.Canada_Warbler,4,3,rotation,rotation,0,"{""angle"":9.379519}",6.1852732,5.6024356,-0.58283758,0.0020595386,0.0036888686,0.031529758,0.028113471,-0.02947022,-0.024424603,0.0050456168,0.75876984,0.91323735,51.706168,47.220004,False,0.95445329,True,False,False,0.75876984,0.91323735,51.706168,47.220004,0.64802383,0.91865588,41.187422,37.837068,0.95427339,0.90375298,31.258984,28.2504,0.54289456,0.90493863,5.3324356,4.825527,0.49147513,0.92266706,13.130155,12.114762,0.56055297,0.93686876,16.640421,15.58989,0.56312106,0.90066749,18.660826,16.807199,0.74422503,0.91957862,29.503184,27.130498
init,init,-1,,9503,162.Canada_Warbler/Canada_Warbler_0076_162393.jpg,162,161,162.Canada_Warbler,4,3,random_resized_crop,random_resized_crop,0,"{""area_fraction"":0.602086,""aspect"":0.815303,""fallback"":false,""height"":0.859349,""left"":0.045366,""top"":0.139187,""width"":0.70063}",6.1852732,5.4529405,-0.73233271,0.0020595386,0.0042836904,0.031529758,0.019000903,-0.02947022,-0.014717212,0.014753007,0.68716742,0.7393522,51.706168,38.229069,False,0.94789678,False,False,False,0.68716742,0.7393522,51.706168,38.229069,0.52101395,0.70750904,41.187422,29.140474,0.94762277,0.79159917,31.258984,24.744586,-0.20520584,1.1558195,5.3324356,6.1633331,0.33656936,0.71123885,13.130155,9.3386765,0.49768293,0.64534591,16.640421,10.738827,0.43878979,0.67727594,18.660826,12.638529,0.6373116,0.71814657,29.503184,21.187611
init,init,-1,,9503,162.Canada_Warbler/Canada_Warbler_0076_162393.jpg,162,161,162.Canada_Warbler,4,3,gaussian_blur,gaussian_blur,0,"{""sigma"":1.152841}",6.1852732,5.9641476,-0.2211256,0.0020595386,0.002569234,0.031529758,0.028072983,-0.02947022,-0.025503749,0.0039664705,0.64059483,1.1290525,51.706168,58.37898,False,0.94069284,True,False,False,0.64059483,1.1290525,51.706168,58.37898,0.49978507,1.1972852,41.187422,49.313092,0.94045662,0.99959063,31.258984,31.246187,0.346569,1.8977964,5.3324356,10.119877,0.27224476,1.5402887,13.130155,20.22423,0.40557462,1.400186,16.640421,23.299684,0.39767613,1.2625227,18.660826,23.559717,0.69972048,0.97202269,29.503184,28.677765
init,init,-1,,9503,162.Canada_Warbler/Canada_Warbler_0076_162393.jpg,162,161,162.Canada_Warbler,4,3,random_erasing,random_erasing,0,"{""area_fraction"":0.17819,""erased"":true,""height"":0.376659,""left"":0.186084,""top"":0.324496,""width"":0.47308}",6.1852732,5.1975608,-0.98771238,0.0020595386,0.0055300365,0.031529758,0.026937699,-0.02947022,-0.021407662,0.0080625571,0.48727838,0.89377673,51.706168,46.21377,False,0.82443273,True,False,False,0.48727838,0.89377673,51.706168,46.21377,0.30939068,0.91996584,41.187422,37.891022,0.82406734,0.84638681,31.258984,26.457192,0.047618287,1.1354067,5.3324356,6.0544831,0.068681839,0.92362299,13.130155,12.127313,0.28696063,1.0216131,16.640421,17.000071,0.22200788,0.94419791,18.660826,17.619513,0.41955028,0.86584162,29.503184,25.545085
init,init,-1,,8233,141.Artic_Tern/Artic_Tern_0012_143410.jpg,141,140,141.Artic_Tern,8,7,identity,identity,0,{},4.7943673,4.7943673,0,0.0082762353,0.0082762353,0.031028518,0.031028518,-0.022752283,-0.022752283,0,1,1,50.4001,50.4001,False,1.0000001,True,False,False,1,1,50.4001,50.4001,1,1,40.31663,40.31663,1,1,30.24466,30.24466,1,1,5.6185411,5.6185411,1,1,13.230947,13.230947,1,1,17.970228,17.970228,1,1,18.217782,18.217782,1,1,27.640333,27.640333
init,init,-1,,8233,141.Artic_Tern/Artic_Tern_0012_143410.jpg,141,140,141.Artic_Tern,8,7,horizontal_flip,horizontal_flip,0,"{""flipped"":true}",4.7943673,4.803122,0.0087547302,0.0082762353,0.0082040932,0.031028518,0.032604177,-0.022752283,-0.024400083,-0.0016478002,0.69842166,0.897606,50.4001,45.239432,False,0.96953845,True,False,False,0.69842166,0.897606,50.4001,45.239432,0.53345155,0.86932376,40.31663,35.048204,0.96940513,0.94577731,30.24466,28.604713,0.71007795,1.2832267,5.6185411,7.2098618,0.4237134,0.80924125,13.230947,10.707028,0.24106034,0.67148975,17.970228,12.066824,0.38869917,0.82068787,18.217782,14.951113,0.69676882,0.95214069,27.640333,26.317486
init,init,-1,,8233,141.Artic_Tern/Artic_Tern_0012_143410.jpg,141,140,141.Artic_Tern,8,7,color_jitter,color_jitter,0,"{""brightness"":1.187026,""contrast"":0.693034,""hue"":0.052414,""saturation"":1.146399}",4.7943673,4.7633514,-0.031015873,0.0082762353,0.0085369507,0.031028518,0.036256675,-0.022752283,-0.027719724,-0.0049674409,0.82848069,0.96546574,50.4001,48.65957,False,0.95684826,True,False,False,0.82848069,0.96546574,50.4001,48.65957,0.75028151,0.92827824,40.31663,37.42505,0.95659696,1.0282325,30.24466,31.098543,0.49064605,0.96524157,5.6185411,5.4232495,0.57930565,0.91310336,13.230947,12.081222,0.69104883,0.81213104,17.970228,14.59418,0.71828251,0.89517217,18.217782,16.308051,0.83416197,0.98837213,27.640333,27.318935
init,init,-1,,8233,141.Artic_Tern/Artic_Tern_0012_143410.jpg,141,140,141.Artic_Tern,8,7,rotation,rotation,0,"{""angle"":4.614843}",4.7943673,4.7210488,-0.073318481,0.0082762353,0.0089058308,0.031028518,0.030293534,-0.022752283,-0.021387703,0.0013645804,0.78480472,1.0009542,50.4001,50.448191,False,0.96380925,True,False,False,0.78480472,1.0009542,50.4001,50.448191,0.68701965,1.0109439,40.31663,40.75785,0.96371022,0.9829527,30.24466,29.72907,0.64348044,1.0478609,5.6185411,5.8874494,0.53148531,0.96693236,13.230947,12.793431,0.62119782,0.91813151,17.970228,16.499033,0.61053308,1.0013883,18.217782,18.243075,0.77892717,1.0596441,27.640333,29.288916
init,init,-1,,8233,141.Artic_Tern/Artic_Tern_0012_143410.jpg,141,140,141.Artic_Tern,8,7,random_resized_crop,random_resized_crop,0,"{""area_fraction"":0.649806,""aspect"":1.287725,""fallback"":false,""height"":0.710363,""left"":0.050824,""top"":0.156729,""width"":0.914752}",4.7943673,4.7853031,-0.0090641975,0.0082762353,0.0083515942,0.031028518,0.034564879,-0.022752283,-0.026213285,-0.0034610014,0.73388493,1.1123175,50.4001,56.060914,False,0.95339066,False,False,False,0.73388493,1.1123175,50.4001,56.060914,0.6196578,1.1402176,40.31663,45.96973,0.95327858,1.0609323,30.24466,32.087536,0.4574797,1.3507247,5.6185411,7.5891025,0.57374183,1.436845,13.230947,19.01082,0.59499334,1.0861153,17.970228,19.51774,0.54185879,1.1052452,18.217782,20.135116,0.69303245,1.0900907,27.640333,30.130471
init,init,-1,,8233,141.Artic_Tern/Artic_Tern_0012_143410.jpg,141,140,141.Artic_Tern,8,7,gaussian_blur,gaussian_blur,0,"{""sigma"":1.948686}",4.7943673,4.6321754,-0.16219187,0.0082762353,0.0097335605,0.031028518,0.039872214,-0.022752283,-0.030138654,-0.0073863706,0.68672562,1.1429504,50.4001,57.604817,False,0.92682254,True,False,False,0.68672562,1.1429504,50.4001,57.604817,0.59102187,1.2393622,40.31663,49.966908,0.92642871,0.94773645,30.24466,28.663967,0.18890341,1.5193307,5.6185411,8.5364222,0.46523854,1.4912613,13.230947,19.730799,0.52499724,1.3018929,17.970228,23.395313,0.55225624,1.2858921,18.217782,23.426102,0.71298328,1.1082797,27.640333,30.633219
init,init,-1,,8233,141.Artic_Tern/Artic_Tern_0012_143410.jpg,141,140,141.Artic_Tern,8,7,random_erasing,random_erasing,0,"{""area_fraction"":0.115162,""erased"":true,""height"":0.340818,""left"":0.01351,""top"":0.441816,""width"":0.337897}",4.7943673,4.8516808,0.057313442,0.0082762353,0.0078152325,0.031028518,0.024910847,-0.022752283,-0.017095614,0.0056566689,0.8653208,1.009888,50.4001,50.898457,False,0.97816879,False,False,False,0.8653208,1.009888,50.4001,50.898457,0.80083691,1.0037348,40.31663,40.467203,0.97807406,1.0207305,30.24466,30.871645,0.56754164,0.91845946,5.6185411,5.1604023,0.6974011,0.86698961,13.230947,11.471094,0.7543201,0.91957599,17.970228,16.52499,0.76614285,0.99892309,18.217782,18.198163,0.86374808,1.0702693,27.640333,29.582601
init,init,-1,,444,009.Brewer_Blackbird/Brewer_Blackbird_0078_2659.jpg,9,8,009.Brewer_Blackbird,58,57,identity,identity,0,{},5.8897691,5.8897691,0,0.0027676157,0.0027676157,0.02633322,0.02633322,-0.023565605,-0.023565605,0,1,1,49.330587,49.330587,False,1,True,False,False,1,1,49.330587,49.330587,1,1,41.54084,41.54084,1,1,26.60574,26.60574,1,1,10.795929,10.795929,1,1,14.716595,14.716595,1,1,15.577539,15.577539,1,1,17.794237,17.794237,1,1,28.865491,28.865491
init,init,-1,,444,009.Brewer_Blackbird/Brewer_Blackbird_0078_2659.jpg,9,8,009.Brewer_Blackbird,58,57,horizontal_flip,horizontal_flip,0,"{""flipped"":true}",5.8897691,5.7209139,-0.16885519,0.0027676157,0.0032767141,0.02633322,0.02373597,-0.023565605,-0.020459256,0.0031063484,0.69918858,0.8879574,49.330587,43.80346,False,0.97057581,True,False,False,0.69918858,0.8879574,49.330587,43.80346,0.57578018,0.85630607,41.54084,35.571674,0.97050001,0.96075782,26.60574,25.561672,-0.019164201,0.49313934,10.795929,5.3238972,0.48117348,0.75419189,14.716595,11.099137,0.50584611,0.95787094,15.577539,14.921272,0.47851311,0.83171601,17.794237,14.799751,0.70786061,0.89814905,28.865491,25.925514
init,init,-1,,444,009.Brewer_Blackbird/Brewer_Blackbird_0078_2659.jpg,9,8,009.Brewer_Blackbird,58,57,color_jitter,color_jitter,0,"{""brightness"":1.130795,""contrast"":1.210593,""hue"":-0.047305,""saturation"":0.823496}",5.8897691,5.878561,-0.011208057,0.0027676157,0.0027988099,0.02633322,0.023240825,-0.023565605,-0.020442015,0.0031235893,0.88935324,0.99585269,49.330587,49.125997,False,0.98552686,True,False,False,0.88935324,0.99585269,49.330587,49.125997,0.85041395,0.99939386,41.54084,41.515661,0.98550355,0.98716675,26.60574,26.264301,0.86161134,1.135844,10.795929,12.26249,0.76241612,1.0378528,14.716595,15.27366,0.7914485,0.99148814,15.577539,15.444945,0.80970317,0.95278373,17.794237,16.954059,0.90647661,0.9883467,28.865491,28.529113
init,init,-1,,444,009.Brewer_Blackbird/Brewer_Blackbird_0078_2659.jpg,9,8,009.Brewer_Blackbird,58,57,rotation,rotation,0,"{""angle"":-12.421798}",5.8897691,5.6929684,-0.19680071,0.0027676157,0.0033695761,0.02633322,0.019087147,-0.023565605,-0.015717571,0.0078480337,0.69177134,0.98622326,49.330587,48.650972,False,0.92494136,False,False,False,0.69177134,0.98622326,49.330587,48.650972,0.59870323,0.9935301,41.54084,41.272075,0.92475943,0.96817953,26.60574,25.759132,0.76392376,0.99525699,10.795929,10.744724,0.45347198,0.89010316,14.716595,13.099288,0.33639917,0.96248411,15.577539,14.993134,0.51999504,0.97569045,17.794237,17.361667,0.70972532,1.0335842,28.865491,29.834916
init,init,-1,,444,009.Brewer_Blackbird/Brewer_Blackbird_0078_2659.jpg,9,8,009.Brewer_Blackbird,58,57,random_resized_crop,random_resized_crop,0,"{""area_fraction"":0.582276,""aspect"":0.935658,""fallback"":false,""height"":0.788871,""left"":0.016007,""top"":0.198078,""width"":0.738113}",5.8897691,6.1621337,0.27236462,0.0027676157,0.0021077509,0.02633322,0.029591728,-0.023565605,-0.027483977,-0.0039183726,0.66909472,1.0444396,49.330587,51.522817,False,0.91383159,True,False,False,0.66909472,1.0444396,49.330587,51.522817,0.56608241,1.0359716,41.54084,43.035133,0.9135974,1.0648006,26.60574,28.329807,0.73415854,1.0948694,10.795929,11.820132,0.50360385,1.0963026,14.716595,16.133842,0.3905996,1.1101613,15.577539,17.29358,0.44371742,0.95211592,17.794237,16.942176,0.65898457,1.0194248,28.865491,29.426196
init,init,-1,,444,009.Brewer_Blackbird/Brewer_Blackbird_0078_2659.jpg,9,8,009.Brewer_Blackbird,58,57,gaussian_blur,gaussian_blur,0,"{""sigma"":1.786257}",5.8897691,6.3053775,0.41560841,0.0027676157,0.0018264567,0.02633322,0.020492798,-0.023565605,-0.018666341,0.0048992636,0.56614481,1.2328693,49.330587,60.818164,False,0.9018122,False,False,False,0.56614481,1.2328693,49.330587,60.818164,0.44565796,1.2739823,41.54084,52.922294,0.90151284,1.1263728,26.60574,29.96798,-0.11512214,1.0107915,10.795929,10.912433,0.26728982,1.5719317,14.716595,23.133482,0.1874471,1.5483293,15.577539,24.11916,0.48905032,1.2930076,17.794237,23.008084,0.68006305,1.114757,28.865491,32.178008
init,init,-1,,444,009.Brewer_Blackbird/Brewer_Blackbird_0078_2659.jpg,9,8,009.Brewer_Blackbird,58,57,random_erasing,random_erasing,0,"{""area_fraction"":0.146156,""erased"":true,""height"":0.497789,""left"":0.539711,""top"":0.0736,""width"":0.293611}",5.8897691,5.884007,-0.0057621002,0.0027676157,0.0027836089,0.02633322,0.027681058,-0.023565605,-0.024897449,-0.0013318448,0.90535104,1.0271997,49.330587,50.672363,False,0.98674631,True,False,False,0.90535104,1.0271997,49.330587,50.672363,0.87180785,1.0257004,41.54084,42.608458,0.98672286,1.0308454,26.60574,27.426404,0.80349742,1.0694127,10.795929,11.545303,0.88590187,1.1655343,14.716595,17.152696,0.89726378,1.0605398,15.577539,16.520601,0.83213774,0.96517538,17.794237,17.174559,0.88806892,0.99208318,28.865491,28.636969
init,init,-1,,2198,039.Least_Flycatcher/Least_Flycatcher_0019_30358.jpg,39,38,039.Least_Flycatcher,129,128,identity,identity,0,{},5.8433132,5.8433132,0,0.0028992214,0.0028992214,0.040252954,0.040252954,-0.037353732,-0.037353732,0,1,1,56.296629,56.296629,False,0.99999994,True,False,False,1,1,56.296629,56.296629,1,1,48.263565,48.263565,1,1,28.981697,28.981697,1,1,9.399632,9.399632,1,1,17.928799,17.928799,1,1,21.349363,21.349363,1,1,21.379008,21.379008,1,1,31.728844,31.728844
init,init,-1,,2198,039.Least_Flycatcher/Least_Flycatcher_0019_30358.jpg,39,38,039.Least_Flycatcher,129,128,horizontal_flip,horizontal_flip,0,"{""flipped"":true}",5.8433132,5.7807031,-0.062610149,0.0028992214,0.0030865443,0.040252954,0.031418249,-0.037353732,-0.028331705,0.0090220277,0.6485615,0.89472798,56.296629,50.370169,False,0.95122975,True,False,False,0.6485615,0.89472798,56.296629,50.370169,0.53458953,0.88365023,48.263565,42.648111,0.95107313,0.92475544,28.981697,26.800982,-0.23347326,0.69624667,9.399632,6.5444625,0.3340024,0.75546781,17.928799,13.544631,0.48959192,0.88872395,21.349363,18.97369,0.48088722,0.9018476,21.379008,19.280607,0.68435571,0.92470852,31.728844,29.339932
init,init,-1,,2198,039.Least_Flycatcher/Least_Flycatcher_0019_30358.jpg,39,38,039.Least_Flycatcher,129,128,color_jitter,color_jitter,0,"{""brightness"":0.620793,""contrast"":0.964919,""hue"":-0.013121,""saturation"":0.922432}",5.8433132,5.5508752,-0.29243803,0.0028992214,0.0038840559,0.040252954,0.04652993,-0.037353732,-0.042645874,-0.0052921418,0.86363629,1.0582974,56.296629,59.578579,False,0.97939599,True,False,False,0.86363629,1.0582974,56.296629,59.578579,0.82737472,1.0864609,48.263565,52.436478,0.97934119,0.97594958,28.981697,28.284675,0.74875575,1.5156327,9.399632,14.246389,0.70545072,1.1961008,17.928799,21.444652,0.83007791,1.1339975,21.349363,24.210124,0.82834426,1.0713679,21.379008,22.904783,0.89558051,0.98462071,31.728844,31.240877
init,init,-1,,2198,039.Least_Flycatcher/Least_Flycatcher_0019_30358.jpg,39,38,039.Least_Flycatcher,129,128,rotation,rotation,0,"{""angle"":-7.743597}",5.8433132,5.4792929,-0.36402035,0.0028992214,0.00417228,0.040252954,0.042445052,-0.037353732,-0.038272772,-0.00091904006,0.73444603,1.0145657,56.296629,57.116631,False,0.94743645,True,False,False,0.73444603,1.0145657,56.296629,57.116631,0.65295418,0.99620916,48.263565,48.080606,0.94722495,1.0638174,28.981697,30.831232,0.50532399,1.0968327,9.399632,10.309824,0.5477035,0.92193892,17.928799,16.529258,0.5448191,1.0029259,21.349363,21.41183,0.60221385,1.0015049,21.379008,21.411181,0.77071919,1.0042677,31.728844,31.864254
init,init,-1,,2198,039.Least_Flycatcher/Least_Flycatcher_0019_30358.jpg,39,38,039.Least_Flycatcher,129,128,random_resized_crop,random_resized_crop,0,"{""area_fraction"":0.577546,""aspect"":0.87989,""fallback"":false,""height"":0.810176,""left"":0.168768,""top"":0.096368,""width"":0.712865}",5.8433132,5.7435164,-0.099796772,0.0028992214,0.0032034838,0.040252954,0.033117473,-0.037353732,-0.029913989,0.007439743,0.68375988,1.0733905,56.296629,60.428265,False,0.92162204,True,False,False,0.68375988,1.0733905,56.296629,60.428265,0.60335782,1.0898537,48.263565,52.600224,0.92145149,1.0263528,28.981697,29.745446,0.70579255,1.7876112,9.399632,16.802888,0.41730726,1.2191976,17.928799,21.858749,0.51385184,1.0070971,21.349363,21.500882,0.59076076,1.0635975,21.379008,22.738659,0.7214162,1.0101733,31.728844,32.051631
init,init,-1,,2198,039.Least_Flycatcher/Least_Flycatcher_0019_30358.jpg,39,38,039.Least_Flycatcher,129,128,gaussian_blur,gaussian_blur,0,"{""sigma"":1.529503}",5.8433132,5.8484135,0.0051002502,0.0028992214,0.0028844725,0.040252954,0.030009985,-0.037353732,-0.027125512,0.01022822,0.6456382,1.0185556,56.296629,57.341248,False,0.91758412,True,False,False,0.6456382,1.0185556,56.296629,57.341248,0.56633322,1.0622198,48.263565,51.266517,0.91738034,0.88627843,28.981697,25.685853,0.41595189,1.3522894,9.399632,12.711023,0.36444357,1.0915041,17.928799,19.569358,0.48750001,1.1017812,21.349363,23.522327,0.54496597,1.1246016,21.379008,24.042868,0.71364944,0.97263034,31.728844,30.860436
init,init,-1,,2198,039.Least_Flycatcher/Least_Flycatcher_0019_30358.jpg,39,38,039.Least_Flycatcher,129,128,random_erasing,random_erasing,0,"{""area_fraction"":0.059515,""erased"":true,""height"":0.202258,""left"":0.041325,""top"":0.759926,""width"":0.294253}",5.8433132,5.7569013,-0.086411953,0.0028992214,0.0031608911,0.040252954,0.035852011,-0.037353732,-0.03269112,0.0046626122,0.92456177,1.0598127,56.296629,59.663885,False,0.97844905,True,False,False,0.92456177,1.0598127,56.296629,59.663885,0.90533936,1.0621574,48.263565,51.263503,0.97834372,1.0532831,28.981697,30.525931,0.948687,1.0001095,9.399632,9.4006617,0.88375745,1.0121765,17.928799,18.147108,0.89015035,1.0540556,21.349363,22.503416,0.88320986,1.0825418,21.379008,23.143669,0.92573327,1.0772308,31.728844,34.179286
init,init,-1,,10347,176.Prairie_Warbler/Prairie_Warbler_0053_173290.jpg,176,175,176.Prairie_Warbler,46,45,identity,identity,0,{},5.455977,5.455977,0,0.0042707021,0.0042707021,0.018000685,0.018000685,-0.013729983,-0.013729983,0,1,1,39.085784,39.085784,False,1,True,False,False,1,1,39.085784,39.085784,1,1,32.71664,32.71664,1,1,21.38504,21.38504,1,1,5.1211993,5.1211993,1,1,13.160247,13.160247,1,1,14.053086,14.053086,1,1,14.260178,14.260178,1,1,21.682201,21.682201
init,init,-1,,10347,176.Prairie_Warbler/Prairie_Warbler_0053_173290.jpg,176,175,176.Prairie_Warbler,46,45,horizontal_flip,horizontal_flip,0,"{""flipped"":true}",5.455977,5.2708626,-0.18511438,0.0042707021,0.0051391763,0.018000685,0.018036824,-0.013729983,-0.012897647,0.00083233509,0.67153674,1.0899594,39.085784,42.601919,False,0.9591279,False,False,False,0.67153674,1.0899594,39.085784,42.601919,0.53205478,1.0395056,32.71664,34.009131,0.9590155,1.1997829,21.38504,25.657406,0.16888077,1.0596805,5.1211993,5.426835,0.43579577,0.93240724,13.160247,12.27071,0.47445919,0.94010174,14.053086,13.21133,0.42877113,1.0158095,14.260178,14.485624,0.64487931,1.1223826,21.682201,24.335726
init,init,-1,,10347,176.Prairie_Warbler/Prairie_Warbler_0053_173290.jpg,176,175,176.Prairie_Warbler,46,45,color_jitter,color_jitter,0,"{""brightness"":1.091331,""contrast"":1.053816,""hue"":-0.046824,""saturation"":0.70254}",5.455977,5.4658122,0.0098352432,0.0042707021,0.0042289053,0.018000685,0.019879494,-0.013729983,-0.015650589,-0.001920606,0.81198442,1.0139602,39.085784,39.631428,False,0.92915505,True,False,False,0.81198442,1.0139602,39.085784,39.631428,0.75969509,0.99854325,32.71664,32.66898,0.92915079,1.049159,21.38504,22.436307,0.69314134,0.85597687,5.1211993,4.3836281,0.63235846,0.79392766,13.160247,10.448284,0.78121332,1.0809393,14.053086,15.190533,0.77077602,1.0085162,14.260178,14.38162,0.79229045,1.0326278,21.682201,22.389643
init,init,-1,,10347,176.Prairie_Warbler/Prairie_Warbler_0053_173290.jpg,176,175,176.Prairie_Warbler,46,45,rotation,rotation,0,"{""angle"":-0.775637}",5.455977,5.494257,0.03828001,0.0042707021,0.0041103098,0.018000685,0.018415842,-0.013729983,-0.014305532,-0.0005755499,0.8698889,0.96546398,39.085784,37.735916,False,0.9740777,True,False,False,0.8698889,0.96546398,39.085784,37.735916,0.82312745,0.94776404,32.71664,31.007655,0.97408665,1.0056744,21.38504,21.506387,0.77083832,0.83961464,5.1211993,4.2998339,0.83392011,0.85588733,13.160247,11.263689,0.78101878,0.88632952,14.053086,12.455665,0.77008586,0.93691913,14.260178,13.360633,0.86302285,1.0130472,21.682201,21.965093
init,init,-1,,10347,176.Prairie_Warbler/Prairie_Warbler_0053_173290.jpg,176,175,176.Prairie_Warbler,46,45,random_resized_crop,random_resized_crop,0,"{""area_fraction"":0.779037,""aspect"":0.84804,""fallback"":false,""height"":0.958453,""left"":0.186388,""top"":0.028726,""width"":0.812806}",5.455977,5.6123619,0.15638494,0.0042707021,0.0036524334,0.018000685,0.01831322,-0.013729983,-0.014660786,-0.00093080383,0.77063014,1.2116834,39.085784,47.359593,False,0.97333229,True,False,False,0.77063014,1.2116834,39.085784,47.359593,0.68537617,1.217078,32.71664,39.818703,0.973247,1.198962,21.38504,25.639851,0.49257658,1.6011854,5.1211993,8.1999895,0.53645845,1.3507583,13.160247,17.776314,0.69357782,1.267071,14.053086,17.806257,0.64072869,1.1559119,14.260178,16.483509,0.78672403,1.1423839,21.682201,24.769397
init,init,-1,,10347,176.Prairie_Warbler/Prairie_Warbler_0053_173290.jpg,176,175,176.Prairie_Warbler,46,45,gaussian_blur,gaussian_blur,0,"{""sigma"":1.080015}",5.455977,5.2737827,-0.18219423,0.0042707021,0.0051241908,0.018000685,0.014255262,-0.013729983,-0.0091310712,0.0045989114,0.75811894,1.130238,39.085784,44.176238,False,0.94149286,False,False,False,0.75811894,1.130238,39.085784,44.176238,0.68204734,1.1396329,32.71664,37.28496,0.94147469,1.1079374,21.38504,23.693286,0.40228459,1.3790668,5.1211993,7.0624758,0.66668621,1.2507673,13.160247,16.460407,0.65381014,1.122182,14.053086,15.77012,0.60706374,1.0982392,14.260178,15.661086,0.75476269,1.1063013,21.682201,23.987046
init,init,-1,,10347,176.Prairie_Warbler/Prairie_Warbler_0053_173290.jpg,176,175,176.Prairie_Warbler,46,45,random_erasing,random_erasing,0,"{""area_fraction"":0.188545,""erased"":true,""height"":0.444159,""left"":0.083753,""top"":0.04793,""width"":0.424499}",5.455977,5.8576064,0.40162945,0.0042707021,0.0028580765,0.018000685,0.0097736847,-0.013729983,-0.0069156082,0.0068143744,0.73362958,1.3637655,39.085784,53.303844,False,0.9177137,False,False,False,0.73362958,1.3637655,39.085784,53.303844,0.65558755,1.3662659,32.71664,44.69963,0.91742631,1.3578952,21.38504,29.038644,0.35424564,1.5163834,5.1211993,7.7657018,0.71639014,1.4432782,13.160247,18.993899,0.72866601,1.4500571,14.053086,20.377776,0.63589927,1.3206601,14.260178,18.832848,0.62688822,1.3102301,21.682201,28.408672
init,init,-1,,5285,091.Mockingbird/Mockingbird_0056_81986.jpg,91,90,091.Mockingbird,129,128,identity,identity,0,{},4.8113914,4.8113914,0,0.0081365304,0.0081365304,0.023954574,0.023954574,-0.015818044,-0.015818044,0,1,1,49.534903,49.534903,False,1,True,False,False,1,1,49.534903,49.534903,1,1,42.071861,42.071861,1,1,26.14699,26.14699,1,1,8.8111459,8.8111459,1,1,15.528745,15.528745,1,1,18.893622,18.893622,1,1,18.402243,18.402243,1,1,27.489121,27.489121
init,init,-1,,5285,091.Mockingbird/Mockingbird_0056_81986.jpg,91,90,091.Mockingbird,129,128,horizontal_flip,horizontal_flip,0,"{""flipped"":true}",4.8113914,4.7591801,-0.052211285,0.0081365304,0.0085726343,0.023954574,0.033131201,-0.015818044,-0.024558567,-0.0087405229,0.6146595,1.0178086,49.534903,50.417048,False,0.95040882,True,False,False,0.6146595,1.0178086,49.534903,50.417048,0.475783,0.99645547,42.071861,41.922736,0.9502886,1.0711168,26.14699,28.006479,-0.00080676953,1.053445,8.8111459,9.2820576,0.19974571,0.85979531,15.528745,13.351542,0.45010882,0.9111948,18.893622,17.21577,0.39376479,0.98880164,18.402243,18.196168,0.64241673,1.0702885,27.489121,29.421289
init,init,-1,,5285,091.Mockingbird/Mockingbird_0056_81986.jpg,91,90,091.Mockingbird,129,128,color_jitter,color_jitter,0,"{""brightness"":0.919269,""contrast"":1.079295,""hue"":-0.053763,""saturation"":0.731039}",4.8113914,4.923594,0.11220264,0.0081365304,0.0072729466,0.023954574,0.0265432,-0.015818044,-0.019270253,-0.0034522098,0.80959979,1.0578204,49.534903,52.399032,False,0.9550488,False,False,False,0.80959979,1.0578204,49.534903,52.399032,0.75546778,1.067614,42.071861,44.916507,0.95492075,1.0320328,26.14699,26.984551,0.74742695,1.1672304,8.8111459,10.284637,0.67549608,1.0363441,15.528745,16.093123,0.71390288,1.0258422,18.893622,19.381875,0.71618376,1.0636787,18.402243,19.574074,0.81724128,1.0876536,27.489121,29.898641
init,init,-1,,5285,091.Mockingbird/Mockingbird_0056_81986.jpg,91,90,091.Mockingbird,129,128,rotation,rotation,0,"{""angle"":-3.653079}",4.8113914,4.9712558,0.15986443,0.0081365304,0.0069344346,0.023954574,0.02455722,-0.015818044,-0.017622785,-0.0018047416,0.77110225,0.97679937,49.534903,48.385662,False,0.96641672,True,False,False,0.77110225,0.97679937,49.534903,48.385662,0.69262437,0.96497996,42.071861,40.598503,0.96634765,1.0067559,26.14699,26.323636,0.40137483,0.62658296,8.8111459,5.5209139,0.64641739,0.93606138,15.528745,14.535858,0.62979079,0.99123107,18.893622,18.727946,0.62361111,0.95953109,18.402243,17.657525,0.78973637,0.99222206,27.489121,27.275312
init,init,-1,,5285,091.Mockingbird/Mockingbird_0056_81986.jpg,91,90,091.Mockingbird,129,128,random_resized_crop,random_resized_crop,0,"{""area_fraction"":0.701249,""aspect"":0.880164,""fallback"":false,""height"":0.892594,""left"":0.010075,""top"":0.023105,""width"":0.78563}",4.8113914,4.9525776,0.14118624,0.0081365304,0.0070651723,0.023954574,0.036304221,-0.015818044,-0.029239048,-0.013421005,0.69583238,1.1213292,49.534903,55.544931,False,0.94270098,True,False,False,0.69583238,1.1213292,49.534903,55.544931,0.59744083,1.1107005,42.071861,46.729239,0.94248918,1.1483902,26.14699,30.026948,0.45551259,1.1847129,8.8111459,10.438679,0.41018869,1.0801069,15.528745,16.772704,0.53673774,1.0350347,18.893622,19.555554,0.54519288,1.0896315,18.402243,20.051663,0.71736203,1.1554496,27.489121,31.762293
init,init,-1,,5285,091.Mockingbird/Mockingbird_0056_81986.jpg,91,90,091.Mockingbird,129,128,gaussian_blur,gaussian_blur,0,"{""sigma"":1.909201}",4.8113914,4.8235612,0.012169838,0.0081365304,0.0080381101,0.023954574,0.01709698,-0.015818044,-0.0090588694,0.0067591742,0.58136305,1.3131051,49.534903,65.044533,False,0.86330718,True,False,False,0.58136305,1.3131051,49.534903,65.044533,0.50706938,1.4053494,42.071861,59.125664,0.86308082,1.0368271,26.14699,27.109908,0.47199786,1.5462402,8.8111459,13.624148,0.37488158,1.5842091,15.528745,24.600779,0.48565358,1.557977,18.893622,29.435829,0.4801412,1.4563373,18.402243,26.799874,0.60274674,1.2176194,27.489121,33.471288
init,init,-1,,5285,091.Mockingbird/Mockingbird_0056_81986.jpg,91,90,091.Mockingbird,129,128,random_erasing,random_erasing,0,"{""area_fraction"":0.095725,""erased"":true,""height"":0.172436,""left"":0.152341,""top"":0.665326,""width"":0.555134}",4.8113914,4.9248199,0.11342859,0.0081365304,0.007264032,0.023954574,0.037323959,-0.015818044,-0.030059927,-0.014241884,0.85313059,1.0860382,49.534903,53.796795,False,0.97177029,True,False,False,0.85313059,1.0860382,49.534903,53.796795,0.80586575,1.0750983,42.071861,45.231385,0.97162504,1.113863,26.14699,29.124164,0.64441483,1.2701244,8.8111459,11.191251,0.76103287,1.0406642,15.528745,16.160208,0.83383678,1.0429711,18.893622,19.705503,0.7696688,1.0546855,18.402243,19.408579,0.84373909,1.0879901,27.489121,29.907892
init,init,-1,,361,007.Parakeet_Auklet/Parakeet_Auklet_0025_795975.jpg,7,6,007.Parakeet_Auklet,129,128,identity,identity,0,{},6.056654,6.056654,0,0.0023422251,0.0023422251,0.018268712,0.018268712,-0.015926487,-0.015926487,0,1,1,46.292436,46.292436,False,1,True,False,False,1,1,46.292436,46.292436,1,1,38.955079,38.955079,1,1,25.009827,25.009827,1,1,7.3501139,7.3501139,1,1,15.94061,15.94061,1,1,16.430667,16.430667,1,1,16.000305,16.000305,1,1,26.141813,26.141813
init,init,-1,,361,007.Parakeet_Auklet/Parakeet_Auklet_0025_795975.jpg,7,6,007.Parakeet_Auklet,129,128,horizontal_flip,horizontal_flip,0,"{""flipped"":true}",6.056654,5.8406153,-0.2160387,0.0023422251,0.0029070538,0.018268712,0.018796772,-0.015926487,-0.015889718,3.6768848e-05,0.63414353,0.95575453,46.292436,44.244205,False,0.96045196,True,False,False,0.63414353,0.95575453,46.292436,44.244205,0.49361698,0.94279745,38.955079,36.726749,0.96043038,0.98648252,25.009827,24.671757,0.62037208,0.7434514,7.3501139,5.4644524,0.18119891,0.85032366,15.94061,13.554678,0.42811234,0.86708946,16.430667,14.246858,0.36517251,0.89945488,16.000305,14.391552,0.65036892,1.0301149,26.141813,26.92907
init,init,-1,,361,007.Parakeet_Auklet/Parakeet_Auklet_0025_795975.jpg,7,6,007.Parakeet_Auklet,129,128,color_jitter,color_jitter,0,"{""brightness"":1.211306,""contrast"":0.703078,""hue"":0.047907,""saturation"":1.275592}",6.056654,6.1042681,0.047614098,0.0023422251,0.0022333157,0.018268712,0.015151425,-0.015926487,-0.01291811,0.0030083773,0.82277538,1.0860774,46.292436,50.277167,False,0.96367174,False,False,False,0.82277538,1.0860774,46.292436,50.277167,0.76787983,1.1016552,38.955079,42.915065,0.96362231,1.0473217,25.009827,26.193334,0.79778704,1.3755452,7.3501139,10.110414,0.72243128,1.0188895,15.94061,16.241721,0.68258069,1.1243709,16.430667,18.474164,0.72591483,1.1102206,16.000305,17.763869,0.83398402,1.0946205,26.141813,28.615364
init,init,-1,,361,007.Parakeet_Auklet/Parakeet_Auklet_0025_795975.jpg,7,6,007.Parakeet_Auklet,129,128,rotation,rotation,0,"{""angle"":-13.764008}",6.056654,6.1905823,0.1339283,0.0023422251,0.0020486335,0.018268712,0.020902401,-0.015926487,-0.018853767,-0.0029272805,0.69852542,1.0601429,46.292436,49.076598,False,0.9235701,True,False,False,0.69852542,1.0601429,46.292436,49.076598,0.59916653,1.0358488,38.955079,40.351572,0.92346069,1.1168886,25.009827,27.93319,0.69011986,1.1241129,7.3501139,8.262358,0.55934091,1.0100622,15.94061,16.101007,0.51398974,1.0220422,16.430667,16.792836,0.47404604,1.0039653,16.000305,16.063752,0.68334356,1.0550429,26.141813,27.580735
init,init,-1,,361,007.Parakeet_Auklet/Parakeet_Auklet_0025_795975.jpg,7,6,007.Parakeet_Auklet,129,128,random_resized_crop,random_resized_crop,0,"{""area_fraction"":0.525366,""aspect"":0.987776,""fallback"":false,""height"":0.729292,""left"":0.073744,""top"":0.136048,""width"":0.720377}",6.056654,5.7736354,-0.28301859,0.0023422251,0.0031084367,0.018268712,0.026423495,-0.015926487,-0.023315059,-0.0073885717,0.63053316,1.0527773,46.292436,48.735626,False,0.91372675,True,False,False,0.63053316,1.0527773,46.292436,48.735626,0.51966481,1.0674986,38.955079,41.584492,0.91364422,1.0161762,25.009827,25.41439,0.47474053,1.5880138,7.3501139,11.672082,0.34022112,0.95648163,15.94061,15.246901,0.47363136,1.1590581,16.430667,19.044097,0.43084837,1.0324253,16.000305,16.51912,0.64828218,1.0299946,26.141813,26.925927
init,init,-1,,361,007.Parakeet_Auklet/Parakeet_Auklet_0025_795975.jpg,7,6,007.Parakeet_Auklet,129,128,gaussian_blur,gaussian_blur,0,"{""sigma"":1.85247}",6.056654,6.6455092,0.58885527,0.0023422251,0.0012998461,0.018268712,0.014798082,-0.015926487,-0.013498236,0.0024282505,0.61572935,1.219518,46.292436,56.454458,False,0.89979786,False,False,False,0.61572935,1.219518,46.292436,56.454458,0.51646583,1.2675793,38.955079,49.378651,0.89963364,1.0941782,25.009827,27.365208,0.39748965,1.0033174,7.3501139,7.3744969,0.41683443,1.2993623,15.94061,20.712627,0.45117985,1.6613946,16.430667,27.297822,0.42456614,1.1665277,16.000305,18.664799,0.65838125,1.1226487,26.141813,29.348071
init,init,-1,,361,007.Parakeet_Auklet/Parakeet_Auklet_0025_795975.jpg,7,6,007.Parakeet_Auklet,129,128,random_erasing,random_erasing,0,"{""area_fraction"":0.134297,""erased"":true,""height"":0.475152,""left"":0.690762,""top"":0.434618,""width"":0.282639}",6.056654,6.1444321,0.087778091,0.0023422251,0.0021453947,0.018268712,0.020185376,-0.015926487,-0.018039981,-0.0021134941,0.82900684,1.1320316,46.292436,52.404499,False,0.95826954,True,False,False,0.82900684,1.1320316,46.292436,52.404499,0.77839857,1.1468553,38.955079,44.675838,0.95820484,1.0952344,25.009827,27.391622,0.72961647,1.4148113,7.3501139,10.399024,0.75611317,1.0825761,15.94061,17.256924,0.72611424,1.126334,16.430667,18.506419,0.76821424,1.2361548,16.000305,19.778854,0.81965397,1.1193785,26.141813,29.262583
init,init,-1,,8848,151.Black_capped_Vireo/Black_Capped_Vireo_0012_797473.jpg,151,150,151.Black_capped_Vireo,129,128,identity,identity,0,{},6.419291,6.419291,0,0.0016298115,0.0016298115,0.029829269,0.029829269,-0.028199458,-0.028199458,0,1,1,59.931656,59.931656,False,0.99999988,True,False,False,1,1,59.931656,59.931656,1,1,51.744908,51.744908,1,1,30.236862,30.236862,1,1,12.916496,12.916496,1,1,23.230503,23.230503,1,1,20.86196,20.86196,1,1,21.29593,21.29593,1,1,32.89841,32.89841
init,init,-1,,8848,151.Black_capped_Vireo/Black_Capped_Vireo_0012_797473.jpg,151,150,151.Black_capped_Vireo,129,128,horizontal_flip,horizontal_flip,0,"{""flipped"":true}",6.419291,6.6906743,0.27138329,0.0016298115,0.0012424446,0.029829269,0.041161343,-0.028199458,-0.039918899,-0.011719441,0.63220962,0.9894134,59.931656,59.297183,False,0.96528244,True,False,False,0.63220962,0.9894134,59.931656,59.297183,0.50361612,0.95217214,51.744908,49.27006,0.96505284,1.0911912,30.236862,32.994198,0.51181995,0.67721432,12.916496,8.7472361,0.33049314,0.64513395,23.230503,14.986786,0.27004077,0.9069689,20.86196,18.921149,0.40189666,1.0814093,21.29593,23.029616,0.69747476,1.069532,32.89841,35.185903
init,init,-1,,8848,151.Black_capped_Vireo/Black_Capped_Vireo_0012_797473.jpg,151,150,151.Black_capped_Vireo,129,128,color_jitter,color_jitter,0,"{""brightness"":0.900221,""contrast"":1.364669,""hue"":0.062319,""saturation"":1.112761}",6.419291,6.2861567,-0.13313437,0.0016298115,0.0018619029,0.029829269,0.02206533,-0.028199458,-0.020203427,0.0079960304,0.76761093,0.93864489,59.931656,56.254542,False,0.9503364,False,False,False,0.76761093,0.93864489,59.931656,56.254542,0.70422131,0.93450968,51.744908,48.356118,0.95018583,0.95065183,30.236862,28.744728,0.72196534,0.79720276,12.916496,10.297066,0.67758709,0.77974237,23.230503,18.113807,0.55772723,0.95548505,20.86196,19.933291,0.62604129,0.9876173,21.29593,21.032229,0.80924562,0.99173266,32.89841,32.626428
init,init,-1,,8848,151.Black_capped_Vireo/Black_Capped_Vireo_0012_797473.jpg,151,150,151.Black_capped_Vireo,129,128,rotation,rotation,0,"{""angle"":13.794358}",6.419291,5.7592459,-0.66004515,0.0016298115,0.0031534894,0.029829269,0.031526942,-0.028199458,-0.028373452,-0.00017399457,0.59749802,0.90685316,59.931656,54.349211,False,0.87492836,True,False,False,0.59749802,0.90685316,59.931656,54.349211,0.49642075,0.89003624,51.744908,46.054844,0.87461726,0.95440028,30.236862,28.858069,0.41842821,0.63929937,12.916496,8.2575078,0.37619377,0.64990869,23.230503,15.097706,0.42192901,0.83998467,20.86196,17.523727,0.39918135,0.92038818,21.29593,19.600522,0.61893095,1.0234497,32.89841,33.669868
init,init,-1,,8848,151.Black_capped_Vireo/Black_Capped_Vireo_0012_797473.jpg,151,150,151.Black_capped_Vireo,129,128,random_resized_crop,random_resized_crop,0,"{""area_fraction"":0.653357,""aspect"":1.09296,""fallback"":false,""height"":0.773167,""left"":0.125057,""top"":0.204798,""width"":0.845041}",6.419291,6.2049475,-0.21434355,0.0016298115,0.0020194151,0.029829269,0.019274261,-0.028199458,-0.017254846,0.010944612,0.69274842,1.0005972,59.931656,59.967446,False,0.93664622,False,False,False,0.69274842,1.0005972,59.931656,59.967446,0.61759565,1.0227791,51.744908,52.923611,0.93637353,0.93260482,30.236862,28.199043,0.55251635,1.0129707,12.916496,13.084033,0.62921411,0.93833313,23.230503,21.797951,0.52908798,1.0282462,20.86196,21.451231,0.53640537,1.1120419,21.29593,23.681967,0.69698221,1.0234114,32.89841,33.668608
init,init,-1,,8848,151.Black_capped_Vireo/Black_Capped_Vireo_0012_797473.jpg,151,150,151.Black_capped_Vireo,129,128,gaussian_blur,gaussian_blur,0,"{""sigma"":1.737572}",6.419291,5.9779463,-0.44134474,0.0016298115,0.0025340253,0.029829269,0.021421481,-0.028199458,-0.018887456,0.0093120022,0.74414866,1.0198051,59.931656,61.118611,False,0.95662606,True,False,False,0.74414866,1.0198051,59.931656,61.118611,0.67835056,1.041164,51.744908,53.874938,0.9564805,0.95450769,30.236862,28.861317,0.47300215,1.0155147,12.916496,13.116892,0.66893166,0.96686586,23.230503,22.46078,0.63427147,1.0740822,20.86196,22.40746,0.58150159,1.1214885,21.29593,23.88314,0.7783308,1.0323534,32.89841,33.962785
init,init,-1,,8848,151.Black_capped_Vireo/Black_Capped_Vireo_0012_797473.jpg,151,150,151.Black_capped_Vireo,129,128,random_erasing,random_erasing,0,"{""area_fraction"":0.06528,""erased"":true,""height"":0.308341,""left"":0.131498,""top"":0.569816,""width"":0.211714}",6.419291,6.182991,-0.23629999,0.0016298115,0.0020642444,0.029829269,0.023964483,-0.028199458,-0.021900239,0.0062992189,0.79896781,1.0506567,59.931656,62.967597,False,0.94888151,True,False,False,0.79896781,1.0506567,59.931656,62.967597,0.74873549,1.0551779,51.744908,54.600085,0.94870121,1.0373025,30.236862,31.364772,0.80728464,1.4938277,12.916496,19.295019,0.73127405,1.0955166,23.230503,25.449401,0.629244,0.96795528,20.86196,20.193445,0.70947359,0.97788131,21.29593,20.824892,0.81947469,1.0171506,32.89841,33.462638
init,init,-1,,2931,051.Horned_Grebe/Horned_Grebe_0033_34736.jpg,51,50,051.Horned_Grebe,8,7,identity,identity,0,{},5.5116596,5.5116596,0,0.0040393965,0.0040393965,0.030853814,0.030853814,-0.026814417,-0.026814417,0,1,1,52.658352,52.658352,False,0.99999982,True,False,False,1,1,52.658352,52.658352,1,1,41.297648,41.297648,1,1,32.671185,32.671185,1,1,4.9275268,4.9275268,1,1,13.758466,13.758466,1,1,17.598071,17.598071,1,1,17.401738,17.401738,1,1,29.654801,29.654801
init,init,-1,,2931,051.Horned_Grebe/Horned_Grebe_0033_34736.jpg,51,50,051.Horned_Grebe,8,7,horizontal_flip,horizontal_flip,0,"{""flipped"":true}",5.5116596,5.6928034,0.18114376,0.0040393965,0.0033701316,0.030853814,0.028059615,-0.026814417,-0.024689483,0.0021249338,0.71074777,0.93476526,52.658352,49.223199,False,0.96678144,True,False,False,0.71074777,0.93476526,52.658352,49.223199,0.55274619,0.93961905,41.297648,38.804057,0.96669067,0.92695716,32.671185,30.284789,0.2699737,1.1003793,4.9275268,5.4221487,0.011878797,0.80650606,13.758466,11.096286,0.50658,0.86996349,17.598071,15.30968,0.47603041,0.99787809,17.401738,17.364814,0.70351253,0.96404419,29.654801,28.588539
init,init,-1,,2931,051.Horned_Grebe/Horned_Grebe_0033_34736.jpg,51,50,051.Horned_Grebe,8,7,color_jitter,color_jitter,0,"{""brightness"":0.729421,""contrast"":0.604905,""hue"":-0.087535,""saturation"":0.785009}",5.5116596,6.0339603,0.52230072,0.0040393965,0.0023959868,0.030853814,0.027762486,-0.026814417,-0.025366499,0.0014479181,0.7734569,1.0185016,52.658352,53.632618,False,0.94144952,True,False,False,0.7734569,1.0185016,52.658352,53.632618,0.66852443,1.0188223,41.297648,42.074965,0.94125479,1.0179891,32.671185,33.258909,0.27874986,1.0030693,4.9275268,4.942651,0.43902904,1.021889,13.758466,14.059624,0.63951224,1.0266727,17.598071,18.06746,0.58434655,1.0213528,17.401738,17.773315,0.76841838,1.0149377,29.654801,30.097774
init,init,-1,,2931,051.Horned_Grebe/Horned_Grebe_0033_34736.jpg,51,50,051.Horned_Grebe,8,7,rotation,rotation,0,"{""angle"":-11.334958}",5.5116596,5.6187105,0.1070509,0.0040393965,0.0036293189,0.030853814,0.018827546,-0.026814417,-0.015198227,0.011616189,0.74876498,0.99699468,52.658352,52.500097,False,0.93282944,False,False,False,0.74876498,0.99699468,52.658352,52.500097,0.64832397,1.0397897,41.297648,42.940869,0.93258156,0.92451493,32.671185,30.204998,0.39265326,1.5564123,4.9275268,7.6692633,0.55844158,1.0856486,13.758466,14.93686,0.62738564,1.0530495,17.598071,18.53164,0.53389843,1.0371311,17.401738,18.047885,0.73109673,1.0076102,29.654801,29.88048
init,init,-1,,2931,051.Horned_Grebe/Horned_Grebe_0033_34736.jpg,51,50,051.Horned_Grebe,8,7,random_resized_crop,random_resized_crop,0,"{""area_fraction"":0.684846,""aspect"":1.24809,""fallback"":false,""height"":0.740753,""left"":0.073038,""top"":0.224356,""width"":0.924527}",5.5116596,5.6440334,0.13237381,0.0040393965,0.0035385655,0.030853814,0.027937556,-0.026814417,-0.02439899,0.0024154268,0.7529635,1.027123,52.658352,54.086604,False,0.95494217,True,False,False,0.7529635,1.027123,52.658352,54.086604,0.63904672,1.0622608,41.297648,43.868874,0.95468843,0.96833738,32.671185,31.63673,0.20470863,1.5850802,4.9275268,7.8105251,0.5018866,1.1148596,13.758466,15.338757,0.61031492,1.1746972,17.598071,20.672405,0.5657786,1.0606503,17.401738,18.457158,0.73608536,0.98900841,29.654801,29.328847
init,init,-1,,2931,051.Horned_Grebe/Horned_Grebe_0033_34736.jpg,51,50,051.Horned_Grebe,8,7,gaussian_blur,gaussian_blur,0,"{""sigma"":1.729686}",5.5116596,5.9354448,0.42378521,0.0040393965,0.0026440464,0.030853814,0.033328392,-0.026814417,-0.030684345,-0.0038699282,0.64373218,1.0936239,52.658352,57.588434,False,0.93507051,True,False,False,0.64373218,1.0936239,52.658352,57.588434,0.49425617,1.161629,41.297648,47.972544,0.93469418,0.97517275,32.671185,31.860049,0.20251968,1.9558832,4.9275268,9.637667,0.29499801,1.2969293,13.758466,17.843757,0.25290341,1.2592063,17.598071,22.159603,0.4496736,1.2362874,17.401738,21.51355,0.69452888,1.0317851,29.654801,30.597382
init,init,-1,,2931,051.Horned_Grebe/Horned_Grebe_0033_34736.jpg,51,50,051.Horned_Grebe,8,7,random_erasing,random_erasing,0,"{""area_fraction"":0.055,""erased"":true,""height"":0.350191,""left"":0.088073,""top"":0.532218,""width"":0.157056}",5.5116596,5.1945944,-0.31706524,0.0040393965,0.0055464674,0.030853814,0.021378152,-0.026814417,-0.015831685,0.010982732,0.8442994,1.0564085,52.658352,55.628733,False,0.96991891,False,False,False,0.8442994,1.0564085,52.658352,55.628733,0.76873893,1.0706093,41.297648,44.213648,0.96971791,1.0333137,32.671185,33.759582,0.67761067,1.3074434,4.9275268,6.4424625,0.70932926,1.066253,13.758466,14.670005,0.74463507,1.0078266,17.598071,17.735805,0.7080358,1.0443852,17.401738,18.174117,0.81319668,1.0943995,29.654801,32.454198
init,init,-1,,2071,037.Acadian_Flycatcher/Acadian_Flycatcher_0054_29113.jpg,37,36,037.Acadian_Flycatcher,4,3,identity,identity,0,{},4.9713554,4.9713554,0,0.0069337436,0.0069337436,0.022790562,0.022790562,-0.015856819,-0.015856819,0,1,1,45.633326,45.633326,False,1,True,False,False,1,1,45.633326,45.633326,1,1,39.144073,39.144073,1,1,23.455106,23.455106,1,1,7.2973814,7.2973814,1,1,11.733621,11.733621,1,1,16.709795,16.709795,1,1,17.863346,17.863346,1,1,27.258254,27.258254
init,init,-1,,2071,037.Acadian_Flycatcher/Acadian_Flycatcher_0054_29113.jpg,37,36,037.Acadian_Flycatcher,4,3,horizontal_flip,horizontal_flip,0,"{""flipped"":true}",4.9713554,4.893981,-0.077374458,0.0069337436,0.0074915369,0.022790562,0.023840558,-0.015856819,-0.016349021,-0.00049220212,0.62328744,1.0410423,45.633326,47.506224,False,0.95665562,True,False,False,0.62328744,1.0410423,45.633326,47.506224,0.49830631,1.028402,39.144073,40.255845,0.95660617,1.0754653,23.455106,25.225153,0.40181042,1.0433028,7.2973814,7.6133782,0.2323794,1.17347,11.733621,13.769052,0.47519857,0.97003348,16.709795,16.20906,0.39942411,0.96766774,17.863346,17.285784,0.60956063,1.0450403,27.258254,28.485975
init,init,-1,,2071,037.Acadian_Flycatcher/Acadian_Flycatcher_0054_29113.jpg,37,36,037.Acadian_Flycatcher,4,3,color_jitter,color_jitter,0,"{""brightness"":1.378881,""contrast"":0.974926,""hue"":-0.008765,""saturation"":1.246512}",4.9713554,4.6351528,-0.33620262,0.0069337436,0.0097046252,0.022790562,0.017209319,-0.015856819,-0.0075046942,0.0083521246,0.79071444,1.0688586,45.633326,48.775574,False,0.95561659,False,False,False,0.79071444,1.0688586,45.633326,48.775574,0.73584919,1.0871614,39.144073,42.555924,0.95555611,1.0161454,23.455106,23.833799,0.52024849,1.4551216,7.2973814,10.618578,0.60508834,1.2311452,11.733621,14.445791,0.7430558,1.1679008,16.709795,19.515382,0.72810091,1.0673004,17.863346,19.065556,0.79641702,1.0014885,27.258254,27.298829
init,init,-1,,2071,037.Acadian_Flycatcher/Acadian_Flycatcher_0054_29113.jpg,37,36,037.Acadian_Flycatcher,4,3,rotation,rotation,0,"{""angle"":-13.551335}",4.9713554,4.9595613,-0.01179409,0.0069337436,0.0070160036,0.022790562,0.014025275,-0.015856819,-0.0070092711,0.0088475477,0.65945566,1.0776144,45.633326,49.175129,False,0.92862123,False,False,False,0.65945566,1.0776144,45.633326,49.175129,0.56731895,1.0902112,39.144073,42.675305,0.92852696,1.0417272,23.455106,24.433823,0.28101938,1.1902821,7.2973814,8.6859422,0.28465601,1.3948215,11.733621,16.366307,0.52475276,1.0257299,16.709795,17.139736,0.54014808,1.0839089,17.863346,19.36224,0.69396886,1.0435985,27.258254,28.446672
init,init,-1,,2071,037.Acadian_Flycatcher/Acadian_Flycatcher_0054_29113.jpg,37,36,037.Acadian_Flycatcher,4,3,random_resized_crop,random_resized_crop,0,"{""area_fraction"":0.538229,""aspect"":0.778934,""fallback"":false,""height"":0.831253,""left"":0.276755,""top"":0.029652,""width"":0.647491}",4.9713554,4.6320229,-0.33933258,0.0069337436,0.0097350469,0.022790562,0.024423476,-0.015856819,-0.014688429,0.0011683893,0.6642946,1.3175835,45.633326,60.125715,False,0.92872488,True,False,False,0.6642946,1.3175835,45.633326,60.125715,0.57400907,1.3336381,39.144073,52.204027,0.9285429,1.2718001,23.455106,29.830206,0.59179933,1.626078,7.2973814,11.866112,0.41187461,1.6176894,11.733621,18.981355,0.58815125,1.4788578,16.709795,24.71141,0.47788492,1.2708328,17.863346,22.701327,0.65686425,1.2157234,27.258254,33.138497
init,init,-1,,2071,037.Acadian_Flycatcher/Acadian_Flycatcher_0054_29113.jpg,37,36,037.Acadian_Flycatcher,4,3,gaussian_blur,gaussian_blur,0,"{""sigma"":1.099726}",4.9713554,4.597281,-0.37407446,0.0069337436,0.010079203,0.022790562,0.026366405,-0.015856819,-0.016287202,-0.00043038325,0.74323795,1.227102,45.633326,55.996744,False,0.94385129,True,False,False,0.74323795,1.227102,45.633326,55.996744,0.67212099,1.2308692,39.144073,48.181235,0.94368263,1.2165479,23.455106,28.534259,0.25601229,1.492624,7.2973814,10.892246,0.54746961,1.3074762,11.733621,15.34143,0.6800942,1.4078729,16.709795,23.525267,0.64120347,1.2005882,17.863346,21.446523,0.75507914,1.133144,27.258254,30.887527
init,init,-1,,2071,037.Acadian_Flycatcher/Acadian_Flycatcher_0054_29113.jpg,37,36,037.Acadian_Flycatcher,4,3,random_erasing,random_erasing,0,"{""area_fraction"":0.11551,""erased"":true,""height"":0.239431,""left"":0.229723,""top"":0.359392,""width"":0.482437}",4.9713554,4.4980721,-0.47328329,0.0069337436,0.011130436,0.022790562,0.023843402,-0.015856819,-0.012712966,0.003143853,0.70783069,1.224509,45.633326,55.87842,False,0.9197697,False,False,False,0.70783069,1.224509,45.633326,55.87842,0.62366615,1.1832383,39.144073,46.316765,0.91951991,1.3327367,23.455106,31.25948,0.76389389,1.0470807,7.2973814,7.6409471,0.61374591,1.0991556,11.733621,12.897075,0.64738895,1.1853985,16.709795,19.807766,0.55554846,1.1778822,17.863346,21.040917,0.63711666,1.2086711,27.258254,32.946265
init,init,-1,,662,013.Bobolink/Bobolink_0104_10273.jpg,13,12,013.Bobolink,28,27,identity,identity,0,{},5.5303659,5.5303659,0,0.0039645364,0.0039645364,0.018584639,0.018584639,-0.014620102,-0.014620102,0,1,1,46.297971,46.297971,False,0.99999988,True,False,False,1,1,46.297971,46.297971,1,1,39.312717,39.312717,1,1,24.454292,24.454292,1,1,8.4779071,8.4779071,1,1,14.064582,14.064582,1,1,17.564728,17.564728,1,1,17.765437,17.765437,1,1,25.527866,25.527866
init,init,-1,,662,013.Bobolink/Bobolink_0104_10273.jpg,13,12,013.Bobolink,28,27,horizontal_flip,horizontal_flip,0,"{""flipped"":true}",5.5303659,5.5389652,0.0085992813,0.0039645364,0.0039305906,0.018584639,0.014790651,-0.014620102,-0.010860061,0.0037600417,0.66713798,1.059466,46.297971,49.051126,False,0.95237708,False,False,False,0.66713798,1.059466,46.297971,49.051126,0.55210078,1.0463795,39.312717,41.13602,0.95231417,1.0925607,24.454292,26.7178,0.65617673,0.93764615,8.4779071,7.949277,0.41082349,1.0982849,14.064582,15.446918,0.51235624,1.0384357,17.564728,18.23984,0.4797943,1.0267571,17.765437,18.240789,0.63976896,1.0547298,25.527866,26.925002
init,init,-1,,662,013.Bobolink/Bobolink_0104_10273.jpg,13,12,013.Bobolink,28,27,color_jitter,color_jitter,0,"{""brightness"":1.297703,""contrast"":0.940069,""hue"":-0.023862,""saturation"":1.182763}",5.5303659,5.7216377,0.19127178,0.0039645364,0.0032743441,0.018584639,0.017215539,-0.014620102,-0.013941195,0.00067890785,0.77855679,1.0854876,46.297971,50.255875,False,0.96185058,False,False,False,0.77855679,1.0854876,46.297971,50.255875,0.70967926,1.0937464,39.312717,42.998142,0.96178247,1.063847,24.454292,26.015625,0.75047762,1.4112149,8.4779071,11.964149,0.55362291,1.0530942,14.064582,14.81133,0.6915404,1.037478,17.564728,18.223018,0.65821088,1.0860589,17.765437,19.294311,0.7861628,1.0954232,25.527866,27.963816
init,init,-1,,662,013.Bobolink/Bobolink_0104_10273.jpg,13,12,013.Bobolink,28,27,rotation,rotation,0,"{""angle"":-4.302917}",5.5303659,5.3200121,-0.21035385,0.0039645364,0.0048926943,0.018584639,0.021617306,-0.014620102,-0.016724612,-0.0021045096,0.75214371,1.0973704,46.297971,50.806021,False,0.94227731,True,False,False,0.75214371,1.0973704,46.297971,50.806021,0.68081276,1.1062157,39.312717,43.488345,0.94222501,1.0741733,24.454292,26.268149,0.66211952,0.91370511,8.4779071,7.7463071,0.67613692,1.2364595,14.064582,17.390286,0.6674298,1.1753601,17.564728,20.64488,0.60233704,1.0887371,17.765437,19.34189,0.73452098,1.057297,25.527866,26.990536
init,init,-1,,662,013.Bobolink/Bobolink_0104_10273.jpg,13,12,013.Bobolink,28,27,random_resized_crop,random_resized_crop,0,"{""area_fraction"":0.834053,""aspect"":0.847023,""fallback"":false,""height"":0.992314,""left"":0.141082,""top"":0.006746,""width"":0.840513}",5.5303659,5.6360979,0.10573196,0.0039645364,0.0035667585,0.018584639,0.022679118,-0.014620102,-0.01911236,-0.0044922575,0.76697337,1.0720207,46.297971,49.632383,False,0.96313876,True,False,False,0.76697337,1.0720207,46.297971,49.632383,0.69146076,1.0734402,39.312717,42.199852,0.96306377,1.0683434,24.454292,26.125581,0.59885563,1.2667362,8.4779071,10.739272,0.60741046,1.1456525,14.064582,16.113123,0.70145652,1.038078,17.564728,18.233558,0.62616404,1.0529261,17.765437,18.705693,0.76052577,1.0536683,25.527866,26.897903
init,init,-1,,662,013.Bobolink/Bobolink_0104_10273.jpg,13,12,013.Bobolink,28,27,gaussian_blur,gaussian_blur,0,"{""sigma"":1.861875}",5.5303659,5.8885078,0.3581419,0.0039645364,0.0027711096,0.018584639,0.015449179,-0.014620102,-0.01267807,0.0019420327,0.55138953,1.2217811,46.297971,56.565987,False,0.87546492,False,False,False,0.55138953,1.2217811,46.297971,56.565987,0.43879913,1.2540578,39.312717,49.300419,0.87520231,1.1341194,24.454292,27.734088,0.34233709,1.5654629,8.4779071,13.271849,0.28477213,1.1930484,14.064582,16.779727,0.39427797,1.2506942,17.564728,21.968104,0.37805958,1.2747244,17.765437,22.646036,0.55193332,1.2246707,25.527866,31.26323
init,init,-1,,662,013.Bobolink/Bobolink_0104_10273.jpg,13,12,013.Bobolink,28,27,random_erasing,random_erasing,0,"{""area_fraction"":0.163423,""erased"":true,""height"":0.4057,""left"":0.253315,""top"":0.429117,""width"":0.402818}",5.5303659,5.5230126,-0.0073533058,0.0039645364,0.0039937976,0.018584639,0.010914072,-0.014620102,-0.0069202748,0.0076998277,0.62851701,1.3098405,46.297971,60.642957,False,0.88278937,False,False,False,0.62851701,1.3098405,46.297971,60.642957,0.52627165,1.2941346,39.312717,50.875949,0.88229508,1.349584,24.454292,33.003122,0.72142547,1.2902431,8.4779071,10.938561,0.37078514,1.2329485,14.064582,17.340904,0.49319654,1.2369964,17.564728,21.727506,0.47198971,1.2955785,17.765437,23.016519,0.58964987,1.3377171,25.527866,34.149062
init,init,-1,,3271,057.Rose_breasted_Grosbeak/Rose_Breasted_Grosbeak_0012_39149.jpg,57,56,057.Rose_breasted_Grosbeak,8,7,identity,identity,0,{},5.5362029,5.5362029,0,0.0039414647,0.0039414647,0.019887896,0.019887896,-0.015946432,-0.015946432,0,1,1,44.484926,44.484926,False,1,True,False,False,1,1,44.484926,44.484926,1,1,38.160988,38.160988,1,1,22.861488,22.861488,1,1,9.0356954,9.0356954,1,1,12.68764,12.68764,1,1,16.416241,16.416241,1,1,16.419548,16.419548,1,1,25.972033,25.972033
init,init,-1,,3271,057.Rose_breasted_Grosbeak/Rose_Breasted_Grosbeak_0012_39149.jpg,57,56,057.Rose_breasted_Grosbeak,8,7,horizontal_flip,horizontal_flip,0,"{""flipped"":true}",5.5362029,5.4973788,-0.038824081,0.0039414647,0.0040974971,0.019887896,0.01588669,-0.015946432,-0.011789193,0.0041572382,0.68666056,0.96622292,44.484926,42.982355,False,0.95727205,False,False,False,0.68666056,0.96622292,44.484926,42.982355,0.58565001,0.95552237,38.160988,36.463678,0.95724237,0.99543143,22.861488,22.757043,0.1444803,0.75081273,9.0356954,6.7841151,0.42538139,0.93532441,12.68764,11.86706,0.62260815,0.99013107,16.416241,16.25423,0.51987487,0.98933212,16.419548,16.244386,0.67901467,0.95458478,25.972033,24.792507
init,init,-1,,3271,057.Rose_breasted_Grosbeak/Rose_Breasted_Grosbeak_0012_39149.jpg,57,56,057.Rose_breasted_Grosbeak,8,7,color_jitter,color_jitter,0,"{""brightness"":1.082803,""contrast"":0.996411,""hue"":-0.03532,""saturation"":0.835634}",5.5362029,5.5420852,0.0058822632,0.0039414647,0.0039183474,0.019887896,0.018069111,-0.015946432,-0.014150763,0.0017956682,0.90312469,1.0661507,44.484926,47.427634,False,0.98594058,False,False,False,0.90312469,1.0661507,44.484926,47.427634,0.8734838,1.0668485,38.160988,40.711992,0.98592083,1.064204,22.861488,24.329286,0.7951009,0.73295105,9.0356954,6.6227224,0.81782386,1.1767382,12.68764,14.930031,0.89587158,1.1815147,16.416241,19.39603,0.84822771,1.0686984,16.419548,17.547544,0.90516945,1.0234674,25.972033,26.581529
init,init,-1,,3271,057.Rose_breasted_Grosbeak/Rose_Breasted_Grosbeak_0012_39149.jpg,57,56,057.Rose_breasted_Grosbeak,8,7,rotation,rotation,0,"{""angle"":5.135754}",5.5362029,5.439002,-0.097200871,0.0039414647,0.0043438151,0.019887896,0.017337922,-0.015946432,-0.012994107,0.0029523247,0.77567906,0.92579319,44.484926,41.183841,False,0.95790833,False,False,False,0.77567906,0.92579319,44.484926,41.183841,0.70559047,0.90559371,38.160988,34.558351,0.95789933,0.9798813,22.861488,22.401544,0.53892357,0.74081114,9.0356954,6.6937438,0.52551774,0.90466453,12.68764,11.478058,0.6924741,0.91603415,16.416241,15.037837,0.64896987,0.86355979,16.419548,14.179261,0.79118519,0.93566109,25.972033,24.30102
init,init,-1,,3271,057.Rose_breasted_Grosbeak/Rose_Breasted_Grosbeak_0012_39149.jpg,57,56,057.Rose_breasted_Grosbeak,8,7,random_resized_crop,random_resized_crop,0,"{""area_fraction"":0.772684,""aspect"":0.814334,""fallback"":false,""height"":0.974092,""left"":0.038485,""top"":0.018829,""width"":0.793236}",5.5362029,5.3014078,-0.23479509,0.0039414647,0.0049845716,0.019887896,0.017706744,-0.015946432,-0.012722173,0.0032242588,0.76757323,1.0205463,44.484926,45.398928,False,0.95884329,False,False,False,0.76757323,1.0205463,44.484926,45.398928,0.6928377,0.99197479,38.160988,37.854738,0.95875065,1.0962346,22.861488,25.061553,0.31753935,0.75610027,9.0356954,6.8318918,0.63771582,0.96250731,12.68764,12.211947,0.67845567,0.99558892,16.416241,16.343827,0.64050112,1.0548376,16.419548,17.319956,0.77087401,0.99667875,25.972033,25.885773
init,init,-1,,3271,057.Rose_breasted_Grosbeak/Rose_Breasted_Grosbeak_0012_39149.jpg,57,56,057.Rose_breasted_Grosbeak,8,7,gaussian_blur,gaussian_blur,0,"{""sigma"":1.563467}",5.5362029,5.587255,0.051052094,0.0039414647,0.0037452951,0.019887896,0.025887309,-0.015946432,-0.022142014,-0.006195582,0.60591661,1.2609166,44.484926,56.091783,False,0.86871845,True,False,False,0.60591661,1.2609166,44.484926,56.091783,0.51799646,1.2818128,38.160988,48.915244,0.86838938,1.2007766,22.861488,27.45154,0.63726991,1.0926294,9.0356954,9.8726661,0.44304299,1.4909635,12.68764,18.916809,0.39322223,1.4442799,16.416241,23.709646,0.48440612,1.2858286,16.419548,21.112725,0.60968209,1.1738612,25.972033,30.487563
init,init,-1,,3271,057.Rose_breasted_Grosbeak/Rose_Breasted_Grosbeak_0012_39149.jpg,57,56,057.Rose_breasted_Grosbeak,8,7,random_erasing,random_erasing,0,"{""area_fraction"":0.161053,""erased"":true,""height"":0.251683,""left"":0.123222,""top"":0.665813,""width"":0.639902}",5.5362029,5.8081517,0.27194881,0.0039414647,0.0030029756,0.019887896,0.017674651,-0.015946432,-0.014671675,0.0012747562,0.84388479,1.1689203,44.484926,51.999335,False,0.9590643,False,False,False,0.84388479,1.1689203,44.484926,51.999335,0.80158091,1.1608331,38.160988,44.298538,0.95896046,1.1911644,22.861488,27.231789,0.93240015,1.3897535,9.0356954,12.557389,0.79489729,1.1823721,12.68764,15.001512,0.75080599,1.1217272,16.416241,18.414544,0.76872686,1.1648816,16.419548,19.126829,0.81962,1.1387349,25.972033,29.575261
init,init,-1,,11283,192.Downy_Woodpecker/Downy_Woodpecker_0041_184528.jpg,192,191,192.Downy_Woodpecker,129,128,identity,identity,0,{},5.8477745,5.8477745,0,0.0028863151,0.0028863151,0.028504267,0.028504267,-0.025617952,-0.025617952,0,1,1,49.379621,49.379621,False,1,True,False,False,1,1,49.379621,49.379621,1,1,42.036743,42.036743,1,1,25.908671,25.908671,1,1,8.3596637,8.3596637,1,1,16.176782,16.176782,1,1,17.737673,17.737673,1,1,18.139857,18.139857,1,1,28.139582,28.139582
init,init,-1,,11283,192.Downy_Woodpecker/Downy_Woodpecker_0041_184528.jpg,192,191,192.Downy_Woodpecker,129,128,horizontal_flip,horizontal_flip,0,"{""flipped"":true}",5.8477745,5.884326,0.036551476,0.0028863151,0.0027827211,0.028504267,0.042754807,-0.025617952,-0.039972086,-0.014354133,0.6263896,1.0783991,49.379621,53.250939,False,0.93264133,True,False,False,0.6263896,1.0783991,49.379621,53.250939,0.50127002,1.0540644,42.036743,44.309434,0.9323062,1.1399791,25.908671,29.535344,0.35774304,0.81067312,8.3596637,6.7769546,0.44400732,0.89156146,16.176782,14.422595,0.42835955,1.1122576,17.737673,19.728861,0.36220759,1.08546,18.139857,19.690088,0.61743256,1.0851692,28.139582,30.536209
init,init,-1,,11283,192.Downy_Woodpecker/Downy_Woodpecker_0041_184528.jpg,192,191,192.Downy_Woodpecker,129,128,color_jitter,color_jitter,0,"{""brightness"":1.210089,""contrast"":1.194211,""hue"":0.081648,""saturation"":0.715344}",5.8477745,6.003006,0.15523148,0.0028863151,0.0024713124,0.028504267,0.021400133,-0.025617952,-0.018928821,0.0066891315,0.7730142,0.93322548,49.379621,46.082321,False,0.95203841,False,False,False,0.7730142,0.93322548,49.379621,46.082321,0.70086571,0.91545681,42.036743,38.482823,0.95193314,0.97845986,25.908671,25.350594,0.66026915,1.2162375,8.3596637,10.167336,0.60778189,0.77406798,16.176782,12.521929,0.66361349,0.85150892,17.737673,15.103786,0.66500095,0.93742934,18.139857,17.004834,0.76591296,0.94254859,28.139582,26.522924
init,init,-1,,11283,192.Downy_Woodpecker/Downy_Woodpecker_0041_184528.jpg,192,191,192.Downy_Woodpecker,129,128,rotation,rotation,0,"{""angle"":0.257276}",5.8477745,5.9132447,0.065470219,0.0028863151,0.0027034006,0.028504267,0.026238574,-0.025617952,-0.023535173,0.0020827791,0.92631702,0.97694255,49.379621,48.241053,False,0.99145705,True,False,False,0.92631702,0.97694255,49.379621,48.241053,0.90155824,0.97670725,42.036743,41.057591,0.99143773,0.97756172,25.908671,25.327325,0.91012556,1.0317042,8.3596637,8.6247005,0.8441087,0.86386422,16.176782,13.974543,0.87461155,0.99002206,17.737673,17.560687,0.88078487,1.0037072,18.139857,18.207105,0.9391377,0.99006222,28.139582,27.859937
init,init,-1,,11283,192.Downy_Woodpecker/Downy_Woodpecker_0041_184528.jpg,192,191,192.Downy_Woodpecker,129,128,random_resized_crop,random_resized_crop,0,"{""area_fraction"":0.882293,""aspect"":1.101069,""fallback"":false,""height"":0.895157,""left"":0.012921,""top"":0.009798,""width"":0.98563}",5.8477745,5.8366661,-0.011108398,0.0028863151,0.0029185561,0.028504267,0.023705591,-0.025617952,-0.020787034,0.0048309178,0.78589423,0.90098584,49.379621,44.490339,False,0.97440785,True,False,False,0.78589423,0.90098584,49.379621,44.490339,0.71265299,0.89502409,42.036743,37.623897,0.97434369,0.91649473,25.908671,23.74516,0.6627469,0.9459327,8.3596637,7.9076793,0.59183834,0.78396348,16.176782,12.682006,0.60887929,0.93717971,17.737673,16.623387,0.64267144,0.87272083,18.139857,15.831031,0.82366675,0.91657862,28.139582,25.79214
init,init,-1,,11283,192.Downy_Woodpecker/Downy_Woodpecker_0041_184528.jpg,192,191,192.Downy_Woodpecker,129,128,gaussian_blur,gaussian_blur,0,"{""sigma"":1.741237}",5.8477745,6.1950073,0.34723282,0.0028863151,0.0020395883,0.028504267,0.02305253,-0.025617952,-0.021012942,0.0046050102,0.47563204,1.1650652,49.379621,57.53048,False,0.82610774,False,False,False,0.47563204,1.1650652,49.379621,57.53048,0.35514253,1.1936607,42.036743,50.177606,0.8257759,1.0861944,25.908671,28.141853,0.10104181,1.0665619,8.3596637,8.9160991,0.13066169,1.0984468,16.176782,17.769334,0.2360502,1.2845312,17.737673,22.784594,0.29180894,1.281711,18.139857,23.250054,0.52926817,1.1585559,28.139582,32.601279
init,init,-1,,11283,192.Downy_Woodpecker/Downy_Woodpecker_0041_184528.jpg,192,191,192.Downy_Woodpecker,129,128,random_erasing,random_erasing,0,"{""area_fraction"":0.167944,""erased"":true,""height"":0.519787,""left"":0.648056,""top"":0.395558,""width"":0.323102}",5.8477745,6.1126313,0.26485682,0.0028863151,0.0022147154,0.028504267,0.034576807,-0.025617952,-0.032362092,-0.0067441396,0.82373506,1.0206551,49.379621,50.399562,False,0.95228863,True,False,False,0.82373506,1.0206551,49.379621,50.399562,0.77192201,0.99956691,42.036743,42.018537,0.95217358,1.0741921,25.908671,27.830889,0.67656038,0.83448404,8.3596637,6.9760059,0.73421174,0.9713504,16.176782,15.713323,0.75620233,0.96561162,17.737673,17.127703,0.72712699,0.98948282,18.139857,17.949077,0.81562352,1.0387891,28.139582,29.231092
init,init,-1,,9371,160.Black_throated_Blue_Warbler/Black_Throated_Blue_Warbler_0133_161539.jpg,160,159,160.Black_throated_Blue_Warbler,129,128,identity,identity,0,{},5.1930985,5.1930985,0,0.0055547697,0.0055547697,0.031697493,0.031697493,-0.026142723,-0.026142723,0,1,1,53.431553,53.431553,False,1,True,False,False,1,1,53.431553,53.431553,1,1,44.97398,44.97398,1,1,28.849125,28.849125,1,1,11.793951,11.793951,1,1,15.446026,15.446026,1,1,19.061065,19.061065,1,1,20.386978,20.386978,1,1,29.428367,29.428367
init,init,-1,,9371,160.Black_throated_Blue_Warbler/Black_Throated_Blue_Warbler_0133_161539.jpg,160,159,160.Black_throated_Blue_Warbler,129,128,horizontal_flip,horizontal_flip,0,"{""flipped"":true}",5.1930985,4.6511121,-0.54198647,0.0055547697,0.0095509766,0.031697493,0.022018427,-0.026142723,-0.01246745,0.013675273,0.6442522,1.0506626,53.431553,56.138533,False,0.94785625,False,False,False,0.6442522,1.0506626,53.431553,56.138533,0.51849893,1.0484003,44.97398,47.150735,0.94764119,1.0561403,28.849125,30.468723,0.19823774,0.76074788,11.793951,8.9722235,0.33178019,1.0648028,15.446026,16.446971,0.48366906,1.1256087,19.061065,21.455301,0.4904955,1.0677592,20.386978,21.768383,0.64214765,1.0407209,29.428367,30.626716
init,init,-1,,9371,160.Black_throated_Blue_Warbler/Black_Throated_Blue_Warbler_0133_161539.jpg,160,159,160.Black_throated_Blue_Warbler,129,128,color_jitter,color_jitter,0,"{""brightness"":0.894678,""contrast"":1.325492,""hue"":-0.018487,""saturation"":0.98298}",5.1930985,5.164896,-0.028202534,0.0055547697,0.005713657,0.031697493,0.027203888,-0.026142723,-0.021490231,0.0046524927,0.92030558,1.0239772,53.431553,54.712695,False,0.99097383,True,False,False,0.92030558,1.0239772,53.431553,54.712695,0.89059673,1.0164055,44.97398,45.7118,0.99092548,1.0421495,28.849125,30.065102,0.95617304,0.9192584,11.793951,10.841689,0.79641614,1.010673,15.446026,15.610881,0.84518887,0.97710555,19.061065,18.624672,0.88101322,1.012909,20.386978,20.650153,0.92989254,1.0501225,29.428367,30.903391
init,init,-1,,9371,160.Black_throated_Blue_Warbler/Black_Throated_Blue_Warbler_0133_161539.jpg,160,159,160.Black_throated_Blue_Warbler,129,128,rotation,rotation,0,"{""angle"":-1.11968}",5.1930985,5.2254376,0.032339096,0.0055547697,0.005378006,0.031697493,0.03254696,-0.026142723,-0.027168954,-0.0010262304,0.8455819,1.0217106,53.431553,54.591586,False,0.98293507,True,False,False,0.8455819,1.0217106,53.431553,54.591586,0.7880065,1.0157426,44.97398,45.681988,0.98287806,1.0360713,28.849125,29.889752,0.79298313,0.64379262,11.793951,7.5928589,0.64708943,0.95452209,15.446026,14.743573,0.71926201,0.96169281,19.061065,18.330889,0.76752695,1.083394,20.386978,22.08713,0.8688379,1.0680776,29.428367,31.431779
init,init,-1,,9371,160.Black_throated_Blue_Warbler/Black_Throated_Blue_Warbler_0133_161539.jpg,160,159,160.Black_throated_Blue_Warbler,129,128,random_resized_crop,random_resized_crop,0,"{""area_fraction"":0.660576,""aspect"":1.035726,""fallback"":false,""height"":0.798618,""left"":0.006191,""top"":0.166462,""width"":0.827149}",5.1930985,5.101943,-0.091155529,0.0055547697,0.0060849111,0.031697493,0.039231155,-0.026142723,-0.033146244,-0.0070035206,0.73989753,1.0827203,53.431553,57.851426,False,0.95199949,True,False,False,0.73989753,1.0827203,53.431553,57.851426,0.66174035,1.1118368,44.97398,50.003725,0.95187922,1.0084608,28.849125,29.093213,0.7246939,0.83543504,11.793951,9.8530802,0.57954012,1.2976506,15.446026,20.043544,0.6824166,1.2598127,19.061065,24.013372,0.61096591,1.1102009,20.386978,22.633642,0.70893197,1.026548,29.428367,30.209631
init,init,-1,,9371,160.Black_throated_Blue_Warbler/Black_Throated_Blue_Warbler_0133_161539.jpg,160,159,160.Black_throated_Blue_Warbler,129,128,gaussian_blur,gaussian_blur,0,"{""sigma"":1.339855}",5.1930985,5.7786779,0.5855794,0.0055547697,0.0030928007,0.031697493,0.023443585,-0.026142723,-0.020350785,0.0057919389,0.74013133,1.3043434,53.431553,69.693094,False,0.91991591,False,False,False,0.74013133,1.3043434,53.431553,69.693094,0.68960311,1.3900725,44.97398,62.517092,0.91963895,1.0676799,28.849125,30.801632,0.76527733,1.412179,11.793951,16.65517,0.57654269,1.7510288,15.446026,27.046436,0.68524257,1.5310384,19.061065,29.183222,0.6880074,1.381767,20.386978,28.170053,0.74018319,1.2034537,29.428367,35.415676
init,init,-1,,9371,160.Black_throated_Blue_Warbler/Black_Throated_Blue_Warbler_0133_161539.jpg,160,159,160.Black_throated_Blue_Warbler,129,128,random_erasing,random_erasing,0,"{""area_fraction"":0.056667,""erased"":true,""height"":0.22031,""left"":0.387898,""top"":0.509398,""width"":0.257215}",5.1930985,5.2495866,0.056488037,0.0055547697,0.0052496875,0.031697493,0.033289518,-0.026142723,-0.028039831,-0.0018971073,0.79949382,1.2413905,53.431553,66.329423,False,0.94523567,True,False,False,0.79949382,1.2413905,53.431553,66.329423,0.74632871,1.2749882,44.97398,57.341293,0.94485137,1.1556743,28.849125,33.340194,0.9347821,1.140372,11.793951,13.449492,0.68203065,1.3386367,15.446026,20.676616,0.73537903,1.4221494,19.061065,27.107681,0.70778909,1.2982415,20.386978,26.467221,0.76748508,1.1986477,29.428367,35.274245
init,init,-1,,511,010.Red_winged_Blackbird/Red_Winged_Blackbird_0012_6015.jpg,10,9,010.Red_winged_Blackbird,114,113,identity,identity,0,{},5.0587626,5.0587626,0,0.0063534179,0.0063534179,0.027664525,0.027664525,-0.021311108,-0.021311108,0,1,1,49.613408,49.613408,False,1,True,False,False,1,1,49.613408,49.613408,1,1,43.452676,43.452676,1,1,23.944836,23.944836,1,1,12.443065,12.443065,1,1,17.408861,17.408861,1,1,20.135757,20.135757,1,1,18.60425,18.60425,1,1,26.051295,26.051295
init,init,-1,,511,010.Red_winged_Blackbird/Red_Winged_Blackbird_0012_6015.jpg,10,9,010.Red_winged_Blackbird,114,113,horizontal_flip,horizontal_flip,0,"{""flipped"":true}",5.0587626,5.2798252,0.22106266,0.0063534179,0.0050933193,0.027664525,0.042721689,-0.021311108,-0.037628369,-0.016317262,0.66816959,1.0981178,49.613408,54.481365,False,0.95160961,True,False,False,0.66816959,1.0981178,49.613408,54.481365,0.57725933,1.0825976,43.452676,47.041764,0.95141917,1.1477451,23.944836,27.482568,0.42096022,1.13604,12.443065,14.135819,0.54669323,0.99414671,17.408861,17.306962,0.62495594,0.97380496,20.135757,19.6083,0.50924347,1.1030583,18.60425,20.521573,0.63700235,1.1566523,26.051295,30.13229
init,init,-1,,511,010.Red_winged_Blackbird/Red_Winged_Blackbird_0012_6015.jpg,10,9,010.Red_winged_Blackbird,114,113,color_jitter,color_jitter,0,"{""brightness"":1.353972,""contrast"":1.022883,""hue"":-0.024788,""saturation"":0.745023}",5.0587626,4.7669115,-0.29185104,0.0063534179,0.0085066147,0.027664525,0.025468782,-0.021311108,-0.016962167,0.0043489407,0.83326605,0.94441764,49.613408,46.855778,False,0.96706325,True,False,False,0.83326605,0.94441764,49.613408,46.855778,0.79243393,0.94329121,43.452676,40.988528,0.96705549,0.94811766,23.944836,22.702522,0.85596016,0.92469888,12.443065,11.506088,0.74041855,0.88349647,17.408861,15.380668,0.7837901,0.8396249,20.135757,16.906483,0.75656744,0.98315061,18.60425,18.29078,0.82711287,1.0088405,26.051295,26.281602
init,init,-1,,511,010.Red_winged_Blackbird/Red_Winged_Blackbird_0012_6015.jpg,10,9,010.Red_winged_Blackbird,114,113,rotation,rotation,0,"{""angle"":-13.467804}",5.0587626,5.5377092,0.47894669,0.0063534179,0.0039355308,0.027664525,0.019798363,-0.021311108,-0.015862832,0.0054482757,0.68168517,1.1535584,49.613408,57.231962,False,0.8716225,False,False,False,0.68168517,1.1535584,49.613408,57.231962,0.62190342,1.1428521,43.452676,49.659982,0.8714426,1.1881338,23.944836,28.449669,0.70960794,1.218601,12.443065,15.163132,0.64238967,1.1000752,17.408861,19.151057,0.64730844,1.0888998,20.135757,21.925822,0.54698985,1.157298,18.60425,21.530661,0.61718269,1.167534,26.051295,30.415773
init,init,-1,,511,010.Red_winged_Blackbird/Red_Winged_Blackbird_0012_6015.jpg,10,9,010.Red_winged_Blackbird,114,113,random_resized_crop,random_resized_crop,0,"{""area_fraction"":0.645879,""aspect"":1.20752,""fallback"":false,""height"":0.731355,""left"":0.044774,""top"":0.042326,""width"":0.883126}",5.0587626,5.2351131,0.17635059,0.0063534179,0.0053262226,0.027664525,0.022308325,-0.021311108,-0.016982103,0.0043290048,0.68335754,1.0480579,49.613408,51.997724,False,0.92135662,True,False,False,0.68335754,1.0480579,49.613408,51.997724,0.61422604,1.05809,43.452676,45.976842,0.92131319,1.0143197,23.944836,24.28772,0.50988979,0.95578337,12.443065,11.892874,0.42580531,1.0047192,17.408861,17.491018,0.70168151,1.0867106,20.135757,21.881739,0.57899793,1.0669475,18.60425,19.849758,0.67993109,1.081411,26.051295,28.172156
init,init,-1,,511,010.Red_winged_Blackbird/Red_Winged_Blackbird_0012_6015.jpg,10,9,010.Red_winged_Blackbird,114,113,gaussian_blur,gaussian_blur,0,"{""sigma"":1.813627}",5.0587626,5.4924054,0.43364286,0.0063534179,0.004117927,0.027664525,0.020852245,-0.021311108,-0.016734318,0.0045767892,0.62742405,1.1779515,49.613408,58.442189,False,0.89776242,False,False,False,0.62742405,1.1779515,49.613408,58.442189,0.5405831,1.1605692,43.452676,50.429839,0.89738255,1.2334633,23.944836,29.535077,0.4918982,0.96934066,12.443065,12.061569,0.39720914,0.94961765,17.408861,16.531762,0.56472956,1.0685384,20.135757,21.515829,0.47821693,1.2557673,18.60425,23.36261,0.62509918,1.2821352,26.051295,33.401282
init,init,-1,,511,010.Red_winged_Blackbird/Red_Winged_Blackbird_0012_6015.jpg,10,9,010.Red_winged_Blackbird,114,113,random_erasing,random_erasing,0,"{""area_fraction"":0.072553,""erased"":true,""height"":0.18441,""left"":0.260706,""top"":0.17823,""width"":0.393433}",5.0587626,5.0400066,-0.018755913,0.0063534179,0.0064737075,0.027664525,0.032374103,-0.021311108,-0.025900395,-0.0045892876,0.83169079,1.0508561,49.613408,52.136553,False,0.97328162,True,False,False,0.83169079,1.0508561,49.613408,52.136553,0.78586474,1.0308583,43.452676,44.793552,0.97320868,1.1141771,23.944836,26.678789,0.81973182,0.7734575,12.443065,9.6241818,0.7346224,0.86991079,17.408861,15.144156,0.83774498,1.0300822,20.135757,20.741484,0.72557021,1.0406993,18.60425,19.361431,0.81098693,1.1383304,26.051295,29.65498
init,init,-1,,7106,122.Harris_Sparrow/Harris_Sparrow_0074_116539.jpg,122,121,122.Harris_Sparrow,129,128,identity,identity,0,{},5.5248013,5.5248013,0,0.0039866613,0.0039866613,0.024165429,0.024165429,-0.020178768,-0.020178768,0,1,1,46.153585,46.153585,False,0.99999994,True,False,False,1,1,46.153585,46.153585,1,1,35.851779,35.851779,1,1,29.065501,29.065501,1,1,4.0004957,4.0004957,1,1,9.9141394,9.9141394,1,1,14.238293,14.238293,1,1,15.140781,15.140781,1,1,27.186094,27.186094
init,init,-1,,7106,122.Harris_Sparrow/Harris_Sparrow_0074_116539.jpg,122,121,122.Harris_Sparrow,129,128,horizontal_flip,horizontal_flip,0,"{""flipped"":true}",5.5248013,5.6945562,0.16975498,0.0039866613,0.0033642291,0.024165429,0.029213892,-0.020178768,-0.025849663,-0.0056708953,0.69610808,1.1754875,46.153585,54.25296,False,0.94920981,False,False,False,0.69610808,1.1754875,46.153585,54.25296,0.55711845,1.2437378,35.851779,44.590214,0.94894907,1.0632755,29.065501,30.904635,0.35629451,1.940543,4.0004957,7.7631339,0.26992567,1.6487672,9.9141394,16.346108,0.46597211,1.3839491,14.238293,19.705073,0.46002179,1.2370619,15.140781,18.730082,0.69621208,1.1167415,27.186094,30.359839
init,init,-1,,7106,122.Harris_Sparrow/Harris_Sparrow_0074_116539.jpg,122,121,122.Harris_Sparrow,129,128,color_jitter,color_jitter,0,"{""brightness"":1.17426,""contrast"":0.837486,""hue"":-0.013995,""saturation"":0.73838}",5.5248013,5.6790705,0.15426922,0.0039866613,0.0034167338,0.024165429,0.027849814,-0.020178768,-0.02443308,-0.0042543123,0.91441335,1.0359839,46.153585,47.81437,False,0.98918796,True,False,False,0.91441335,1.0359839,46.153585,47.81437,0.86599341,1.0416482,35.851779,37.344943,0.9891651,1.0273058,29.065501,29.859157,0.65511277,0.92964404,4.0004957,3.719037,0.68656289,1.1516623,9.9141394,11.417741,0.79555244,1.1058288,14.238293,15.745115,0.83152378,1.0064716,15.140781,15.238765,0.93009648,1.0209132,27.186094,27.754641
init,init,-1,,7106,122.Harris_Sparrow/Harris_Sparrow_0074_116539.jpg,122,121,122.Harris_Sparrow,129,128,rotation,rotation,0,"{""angle"":-3.74129}",5.5248013,5.6158371,0.091035843,0.0039866613,0.0036397614,0.024165429,0.028986795,-0.020178768,-0.025347034,-0.0051682657,0.82171412,1.0389123,46.153585,47.949528,False,0.96563166,True,False,False,0.82171412,1.0389123,46.153585,47.949528,0.73044747,1.0523728,35.851779,37.729438,0.96552562,1.0180911,29.065501,29.591329,0.3302611,1.2040501,4.0004957,4.8167973,0.58494389,1.1014614,9.9141394,10.920042,0.6386213,1.0360968,14.238293,14.752251,0.62880462,1.0815096,15.140781,16.374899,0.81954163,1.0373311,27.186094,28.200982
init,init,-1,,7106,122.Harris_Sparrow/Harris_Sparrow_0074_116539.jpg,122,121,122.Harris_Sparrow,129,128,random_resized_crop,random_resized_crop,0,"{""area_fraction"":0.816202,""aspect"":0.973521,""fallback"":false,""height"":0.915643,""left"":0.085631,""top"":0.021603,""width"":0.891398}",5.5248013,5.4750352,-0.049766064,0.0039866613,0.0041900808,0.024165429,0.024748441,-0.020178768,-0.02055836,-0.00037959218,0.79502371,1.041169,46.153585,48.053681,False,0.96746325,True,False,False,0.79502371,1.041169,46.153585,48.053681,0.6916119,1.073684,35.851779,38.493482,0.96736695,0.98965101,29.065501,28.764702,0.54272482,1.4603986,4.0004957,5.8423184,0.38231396,1.1719353,9.9141394,11.61873,0.56466315,1.1603684,14.238293,16.521665,0.6237841,1.1397911,15.140781,17.257328,0.81290333,1.0018628,27.186094,27.236737
init,init,-1,,7106,122.Harris_Sparrow/Harris_Sparrow_0074_116539.jpg,122,121,122.Harris_Sparrow,129,128,gaussian_blur,gaussian_blur,0,"{""sigma"":1.227515}",5.5248013,5.4963121,-0.028489113,0.0039866613,0.0041018715,0.024165429,0.020725712,-0.020178768,-0.016623841,0.0035549272,0.66085691,1.0252917,46.153585,47.32089,False,0.8946898,False,False,False,0.66085691,1.0252917,46.153585,47.32089,0.53867073,1.0975951,35.851779,39.350736,0.89456267,0.90426143,29.065501,26.282811,0.40967465,1.7028181,4.0004957,6.8121164,0.30442917,1.3051062,9.9141394,12.939005,0.4218227,1.2764946,14.238293,18.175104,0.45709381,1.2591248,15.140781,19.064132,0.68092946,0.93119845,27.186094,25.315649
init,init,-1,,7106,122.Harris_Sparrow/Harris_Sparrow_0074_116539.jpg,122,121,122.Harris_Sparrow,129,128,random_erasing,random_erasing,0,"{""area_fraction"":0.186406,""erased"":true,""height"":0.574551,""left"":0.338231,""top"":0.021226,""width"":0.324437}",5.5248013,5.9686842,0.44388294,0.0039866613,0.0025576048,0.024165429,0.018342245,-0.020178768,-0.015784641,0.0043941273,0.50455452,1.0467574,46.153585,48.311609,False,0.74463683,False,False,False,0.50455452,1.0467574,46.153585,48.311609,0.39896015,1.1621827,35.851779,41.666317,0.74439429,0.84129288,29.065501,24.452599,0.072069348,1.3800797,4.0004957,5.5210029,0.42730228,1.6095125,9.9141394,15.956931,0.44010011,1.327286,14.238293,18.898287,0.35374247,1.315885,15.140781,19.923526,0.42031559,0.97103224,27.186094,26.398574
init,init,-1,,6182,106.Horned_Puffin/Horned_Puffin_0067_100737.jpg,106,105,106.Horned_Puffin,186,185,identity,identity,0,{},5.5529804,5.5529804,0,0.0038758898,0.0038758898,0.044892244,0.044892244,-0.041016354,-0.041016354,0,1,1,54.838139,54.838139,False,1,True,False,False,1,1,54.838139,54.838139,1,1,46.540993,46.540993,1,1,29.002714,29.002714,1,1,16.880179,16.880179,1,1,17.374521,17.374521,1,1,16.973815,16.973815,1,1,17.989298,17.989298,1,1,31.105054,31.105054
init,init,-1,,6182,106.Horned_Puffin/Horned_Puffin_0067_100737.jpg,106,105,106.Horned_Puffin,186,185,horizontal_flip,horizontal_flip,0,"{""flipped"":true}",5.5529804,5.6572948,0.10431433,0.0038758898,0.0034919507,0.044892244,0.04726531,-0.041016354,-0.043773359,-0.0027570049,0.75225508,0.93016502,54.838139,51.008519,False,0.96929622,True,False,False,0.75225508,0.93016502,54.838139,51.008519,0.6639707,0.91684702,46.540993,42.670971,0.96922393,0.96361331,29.002714,27.947401,0.81365392,0.78818421,16.880179,13.304691,0.48091528,0.88293462,17.374521,15.340566,0.5716777,0.94662006,16.973815,16.067754,0.52438559,0.91144674,17.989298,16.396287,0.75486828,0.95448396,31.105054,29.689275
init,init,-1,,6182,106.Horned_Puffin/Horned_Puffin_0067_100737.jpg,106,105,106.Horned_Puffin,186,185,color_jitter,color_jitter,0,"{""brightness"":1.340089,""contrast"":0.720285,""hue"":-0.076869,""saturation"":0.799579}",5.5529804,6.0124779,0.45949745,0.0038758898,0.0024480158,0.044892244,0.038321856,-0.041016354,-0.035873841,0.0051425137,0.59583292,1.1364854,54.838139,62.322744,False,0.88963401,True,False,False,0.59583292,1.1364854,54.838139,62.322744,0.4999033,1.1812232,46.540993,54.9753,0.88943961,1.0122199,29.002714,29.357125,-0.083445823,0.91806937,16.880179,15.497176,0.13786848,1.1481756,17.374521,19.949001,0.51851786,1.5215476,16.973815,25.826468,0.57204195,1.336985,17.989298,24.05142,0.74149644,1.0848511,31.105054,33.744351
init,init,-1,,6182,106.Horned_Puffin/Horned_Puffin_0067_100737.jpg,106,105,106.Horned_Puffin,186,185,rotation,rotation,0,"{""angle"":-9.185592}",5.5529804,5.3724813,-0.18049908,0.0038758898,0.004642596,0.044892244,0.039812285,-0.041016354,-0.035169689,0.0058466648,0.66101921,0.98310697,54.838139,53.911757,False,0.96917403,True,False,False,0.66101921,0.98310697,54.838139,53.911757,0.54411967,0.98929943,46.540993,46.042978,0.96912068,0.96697825,29.002714,28.044994,-0.021248068,0.90734753,16.880179,15.316189,0.25518387,0.87407196,17.374521,15.186582,0.50165566,1.0047319,16.973815,17.054133,0.53931192,1.031855,17.989298,18.562347,0.78426031,1.026425,31.105054,31.927007
init,init,-1,,6182,106.Horned_Puffin/Horned_Puffin_0067_100737.jpg,106,105,106.Horned_Puffin,186,185,random_resized_crop,random_resized_crop,0,"{""area_fraction"":0.545118,""aspect"":0.955851,""fallback"":false,""height"":0.755179,""left"":0.102107,""top"":0.007578,""width"":0.721839}",5.5529804,5.4839735,-0.06900692,0.0038758898,0.0041527958,0.044892244,0.039968751,-0.041016354,-0.035815956,0.0052003986,0.60943171,0.969908,54.838139,53.18795,False,0.9159236,True,False,False,0.60943171,0.969908,54.838139,53.18795,0.50081527,0.99202064,46.540993,46.169626,0.91582569,0.91049707,29.002714,26.406886,0.4924793,0.90316273,16.880179,15.245549,0.2047304,0.95132234,17.374521,16.52877,0.4328808,1.1192073,16.973815,18.997217,0.4205037,1.1038865,17.989298,19.858142,0.65456454,0.94868075,31.105054,29.508766
init,init,-1,,6182,106.Horned_Puffin/Horned_Puffin_0067_100737.jpg,106,105,106.Horned_Puffin,186,185,gaussian_blur,gaussian_blur,0,"{""sigma"":1.099843}",5.5529804,5.6679173,0.11493683,0.0038758898,0.0034550549,0.044892244,0.027104033,-0.041016354,-0.023648978,0.017367376,0.69144045,1.0628891,54.838139,58.286863,False,0.91953427,True,False,False,0.69144045,1.0628891,54.838139,58.286863,0.62114166,1.1128213,46.540993,51.791808,0.91921999,0.92194361,29.002714,26.738867,0.76450819,0.97259658,16.880179,16.417605,0.40799081,1.1688487,17.374521,20.308186,0.56521458,1.3805479,16.973815,23.433164,0.52011508,1.1903355,17.989298,21.4133,0.73079188,1.012972,31.105054,31.508549
init,init,-1,,6182,106.Horned_Puffin/Horned_Puffin_0067_100737.jpg,106,105,106.Horned_Puffin,186,185,random_erasing,random_erasing,0,"{""area_fraction"":0.141363,""erased"":true,""height"":0.280976,""left"":0.432007,""top"":0.057248,""width"":0.503114}",5.5529804,5.4661951,-0.086785316,0.0038758898,0.0042272871,0.044892244,0.029259276,-0.041016354,-0.025031989,0.015984366,0.62204324,0.97646008,54.838139,53.547254,False,0.92580801,True,False,False,0.62204324,0.97646008,54.838139,53.547254,0.50456692,0.97735513,46.540993,45.487079,0.92555375,0.97415146,29.002714,28.253036,0.2136313,0.50766419,16.880179,8.5694626,0.20670811,1.0076626,17.374521,17.507655,0.44176433,1.1473739,16.973815,19.475312,0.46309236,1.0370295,17.989298,18.655432,0.69759934,0.99704133,31.105054,31.013025
init,init,-1,,8405,144.Common_Tern/Common_Tern_0019_149769.jpg,144,143,144.Common_Tern,140,139,identity,identity,0,{},6.684824,6.684824,0,0.0012497351,0.0012497351,0.021734282,0.021734282,-0.020484547,-0.020484547,0,1,1,42.09413,42.09413,False,0.99999988,True,False,False,1,1,42.09413,42.09413,1,1,34.579669,34.579669,1,1,24.003379,24.003379,1,1,4.888827,4.888827,1,1,11.171872,11.171872,1,1,14.940024,14.940024,1,1,14.771729,14.771729,1,1,24.60963,24.60963
init,init,-1,,8405,144.Common_Tern/Common_Tern_0019_149769.jpg,144,143,144.Common_Tern,140,139,horizontal_flip,horizontal_flip,0,"{""flipped"":true}",6.684824,6.5300326,-0.15479136,0.0012497351,0.0014589584,0.021734282,0.013966287,-0.020484547,-0.012507328,0.0079772191,0.63519882,1.020832,42.09413,42.971037,False,0.95066613,False,False,False,0.63519882,1.020832,42.09413,42.971037,0.48373918,1.0219862,34.579669,35.339944,0.950634,1.0184326,24.003379,24.445824,0.15097947,1.0386716,4.888827,5.0778857,0.23394406,1.136841,11.171872,12.700642,0.35157819,0.95121546,14.940024,14.211181,0.3968595,1.0235771,14.771729,15.120003,0.63224841,1.0209277,24.60963,25.124654
init,init,-1,,8405,144.Common_Tern/Common_Tern_0019_149769.jpg,144,143,144.Common_Tern,140,139,color_jitter,color_jitter,0,"{""brightness"":0.911421,""contrast"":1.11013,""hue"":-0.068575,""saturation"":1.38346}",6.684824,6.5619736,-0.12285042,0.0012497351,0.0014130942,0.021734282,0.023135116,-0.020484547,-0.021722022,-0.0012374748,0.83510851,1.0692402,42.09413,45.008735,False,0.95307875,True,False,False,0.83510851,1.0692402,42.09413,45.008735,0.77896023,1.0732383,34.579669,37.112224,0.95303102,1.0608945,24.003379,25.465054,0.73585385,1.2671854,4.888827,6.1950502,0.6887004,1.0961431,11.171872,12.245971,0.76856219,1.0932343,14.940024,16.332947,0.72862521,1.0517952,14.771729,15.536834,0.82287587,1.060254,24.60963,26.092459
init,init,-1,,8405,144.Common_Tern/Common_Tern_0019_149769.jpg,144,143,144.Common_Tern,140,139,rotation,rotation,0,"{""angle"":-10.085863}",6.684824,7.030828,0.34600401,0.0012497351,0.00088419934,0.021734282,0.01323007,-0.020484547,-0.01234587,0.008138677,0.66856743,1.1810574,42.09413,49.715584,False,0.91903031,False,False,False,0.66856743,1.1810574,42.09413,49.715584,0.56744743,1.2354648,34.579669,42.721963,0.9189446,1.0592607,24.003379,25.425837,0.36138364,1.4697512,4.888827,7.1853596,0.4213518,1.5111008,11.171872,16.881826,0.49692218,1.2074776,14.940024,18.039744,0.4661778,1.2683288,14.771729,18.735409,0.68898527,1.1579712,24.60963,28.497242
init,init,-1,,8405,144.Common_Tern/Common_Tern_0019_149769.jpg,144,143,144.Common_Tern,140,139,random_resized_crop,random_resized_crop,0,"{""area_fraction"":0.645514,""aspect"":0.843438,""fallback"":false,""height"":0.874835,""left"":0.248148,""top"":0.119377,""width"":0.737869}",6.684824,6.3500695,-0.33475447,0.0012497351,0.0017466258,0.021734282,0.013495862,-0.020484547,-0.011749237,0.0087353105,0.59853389,1.1269123,42.09413,47.436392,False,0.88149488,False,False,False,0.59853389,1.1269123,42.09413,47.436392,0.4838468,1.1790675,34.579669,40.771766,0.88143536,1.0101129,24.003379,24.246122,0.3684409,1.6466641,4.888827,8.0502561,0.35411737,1.2547275,11.171872,14.017656,0.31163104,1.0805244,14.940024,16.14306,0.4017257,1.23139,14.771729,18.18976,0.61282033,1.156171,24.60963,28.452941
init,init,-1,,8405,144.Common_Tern/Common_Tern_0019_149769.jpg,144,143,144.Common_Tern,140,139,gaussian_blur,gaussian_blur,0,"{""sigma"":1.831831}",6.684824,6.4743624,-0.21046162,0.0012497351,0.0015424823,0.021734282,0.012842831,-0.020484547,-0.011300349,0.0091841983,0.54502402,1.2882838,42.09413,54.229186,False,0.82803845,False,False,False,0.54502402,1.2882838,42.09413,54.229186,0.44116489,1.3742266,34.579669,47.520301,0.82789445,1.088476,24.003379,26.127104,0.31702946,2.0801599,4.888827,10.169542,0.40040561,1.7204497,11.171872,19.220645,0.31395832,1.3388723,14.940024,20.002783,0.33684745,1.4531162,14.771729,21.465038,0.56473501,1.235494,24.60963,30.40505
init,init,-1,,8405,144.Common_Tern/Common_Tern_0019_149769.jpg,144,143,144.Common_Tern,140,139,random_erasing,random_erasing,0,"{""area_fraction"":0.15354,""erased"":true,""height"":0.512375,""left"":0.202447,""top"":0.11665,""width"":0.299663}",6.684824,6.521553,-0.16327095,0.0012497351,0.0014713821,0.021734282,0.017332435,-0.020484547,-0.015861053,0.0046234947,0.56104538,1.0739524,42.09413,45.20709,False,0.84432054,False,False,False,0.56104538,1.0739524,42.09413,45.20709,0.44345859,1.11804,34.579669,38.661454,0.844204,0.9761197,24.003379,23.430172,0.44443713,1.3767158,4.888827,6.7305255,0.25506736,1.2488398,11.171872,13.951879,0.25454577,1.0878304,14.940024,16.252212,0.38681379,1.0813574,14.771729,15.973518,0.57746764,1.1019859,24.60963,27.119466
init,init,-1,,2439,043.Yellow_bellied_Flycatcher/Yellow_Bellied_Flycatcher_0018_795494.jpg,43,42,043.Yellow_bellied_Flycatcher,129,128,identity,identity,0,{},5.1225357,5.1225357,0,0.0059608896,0.0059608896,0.02121757,0.02121757,-0.01525668,-0.01525668,0,1,1,46.609661,46.609661,False,1,True,False,False,1,1,46.609661,46.609661,1,1,38.375073,38.375073,1,1,26.454004,26.454004,1,1,6.5043586,6.5043586,1,1,13.213205,13.213205,1,1,19.060709,19.060709,1,1,15.916283,15.916283,1,1,25.280666,25.280666
init,init,-1,,2439,043.Yellow_bellied_Flycatcher/Yellow_Bellied_Flycatcher_0018_795494.jpg,43,42,043.Yellow_bellied_Flycatcher,129,128,horizontal_flip,horizontal_flip,0,"{""flipped"":true}",5.1225357,4.9987369,-0.12379885,0.0059608896,0.006746463,0.02121757,0.016720682,-0.01525668,-0.0099742194,0.0052824607,0.70952791,1.0617665,46.609661,49.488575,False,0.96263295,False,False,False,0.70952791,1.0617665,46.609661,49.488575,0.60332841,1.0977958,38.375073,42.127993,0.96256707,0.98163873,26.454004,25.968274,0.38179703,1.0113762,6.5043586,6.5783535,0.51674146,1.3006036,13.213205,17.185142,0.59172854,1.1000069,19.060709,20.966911,0.49936584,1.1262357,15.916283,17.925487,0.70442555,1.0278676,25.280666,25.985178
init,init,-1,,2439,043.Yellow_bellied_Flycatcher/Yellow_Bellied_Flycatcher_0018_795494.jpg,43,42,043.Yellow_bellied_Flycatcher,129,128,color_jitter,color_jitter,0,"{""brightness"":1.397309,""contrast"":0.839768,""hue"":-0.044579,""saturation"":1.122826}",5.1225357,5.0407829,-0.081752777,0.0059608896,0.0064686798,0.02121757,0.023296794,-0.01525668,-0.016828114,-0.0015714341,0.79279272,0.99341815,46.609661,46.302883,False,0.94873607,True,False,False,0.79279272,0.99341815,46.609661,46.302883,0.7198129,0.99793951,38.375073,38.296002,0.9486232,0.9838358,26.454004,26.026396,0.43391342,1.5152932,6.5043586,9.8560104,0.63379087,1.0221874,13.213205,13.506372,0.76877978,0.89903494,19.060709,17.136243,0.65418117,0.98622019,15.916283,15.696959,0.78126204,1.0061329,25.280666,25.43571
init,init,-1,,2439,043.Yellow_bellied_Flycatcher/Yellow_Bellied_Flycatcher_0018_795494.jpg,43,42,043.Yellow_bellied_Flycatcher,129,128,rotation,rotation,0,"{""angle"":8.788985}",5.1225357,5.277287,0.1547513,0.0059608896,0.0051062661,0.02121757,0.018379677,-0.01525668,-0.013273411,0.0019832691,0.71992391,0.98863279,46.609661,46.079839,False,0.92643559,False,False,False,0.71992391,0.98863279,46.609661,46.079839,0.62424968,0.99627658,38.375073,38.232187,0.92635402,0.9723514,26.454004,25.722587,0.37407681,0.84012197,6.5043586,5.4644546,0.42955867,1.0599474,13.213205,14.005303,0.68489958,0.97796566,19.060709,18.640719,0.55188616,1.0312441,15.916283,16.413573,0.69260304,0.98398844,25.280666,24.875883
init,init,-1,,2439,043.Yellow_bellied_Flycatcher/Yellow_Bellied_Flycatcher_0018_795494.jpg,43,42,043.Yellow_bellied_Flycatcher,129,128,random_resized_crop,random_resized_crop,0,"{""area_fraction"":0.58293,""aspect"":0.835986,""fallback"":false,""height"":0.835043,""left"":0.070096,""top"":0.08733,""width"":0.698084}",5.1225357,5.1092644,-0.013271332,0.0059608896,0.0060405228,0.02121757,0.034625232,-0.01525668,-0.028584709,-0.013328029,0.68934535,1.0989779,46.609661,51.222989,False,0.94367117,True,False,False,0.68934535,1.0989779,46.609661,51.222989,0.5660049,1.0913291,38.375073,41.879833,0.94351352,1.1149023,26.454004,29.49363,0.026009893,1.2345847,6.5043586,8.0301818,0.23900353,0.9557848,13.213205,12.62898,0.60937181,0.99207382,19.060709,18.90963,0.46785311,1.1824152,15.916283,18.819655,0.70337669,1.1314596,25.280666,28.604054
init,init,-1,,2439,043.Yellow_bellied_Flycatcher/Yellow_Bellied_Flycatcher_0018_795494.jpg,43,42,043.Yellow_bellied_Flycatcher,129,128,gaussian_blur,gaussian_blur,0,"{""sigma"":1.838697}",5.1225357,5.3029685,0.1804328,0.0059608896,0.0049767978,0.02121757,0.02405268,-0.01525668,-0.019075882,-0.0038192016,0.69128275,1.3170617,46.609661,61.387801,False,0.91320002,False,False,False,0.69128275,1.3170617,46.609661,61.387801,0.61628691,1.412426,38.375073,54.201953,0.91297502,1.0894499,26.454004,28.820312,0.39370412,1.4140971,6.5043586,9.1977949,0.49304003,1.5761373,13.213205,20.825825,0.63699481,1.6477066,19.060709,31.406455,0.55086165,1.4529548,15.916283,23.12564,0.71076376,1.1856068,25.280666,29.972931
init,init,-1,,2439,043.Yellow_bellied_Flycatcher/Yellow_Bellied_Flycatcher_0018_795494.jpg,43,42,043.Yellow_bellied_Flycatcher,129,128,random_erasing,random_erasing,0,"{""area_fraction"":0.160821,""erased"":true,""height"":0.279425,""left"":0.193021,""top"":0.610421,""width"":0.575543}",5.1225357,5.0572729,-0.065262794,0.0059608896,0.0063628899,0.02121757,0.029122446,-0.01525668,-0.022759556,-0.0075028758,0.83677925,1.2390822,46.609661,57.753202,False,0.97082484,True,False,False,0.83677925,1.2390822,46.609661,57.753202,0.78217019,1.2841762,38.375073,49.280355,0.97069192,1.1383695,26.454004,30.11443,0.63336294,1.0788109,6.5043586,7.0169726,0.79584149,1.4899611,13.213205,19.687162,0.78300634,1.4513165,19.060709,27.663122,0.73997353,1.2869488,15.916283,20.48344,0.82040093,1.1236329,25.280666,28.406187
init,init,-1,,9446,161.Blue_winged_Warbler/Blue_Winged_Warbler_0023_161774.jpg,161,160,161.Blue_winged_Warbler,129,128,identity,identity,0,{},5.9860792,5.9860792,0,0.0025134999,0.0025134999,0.030091593,0.030091593,-0.027578093,-0.027578093,0,1,1,55.63694,55.63694,False,1,True,False,False,1,1,55.63694,55.63694,1,1,47.551487,47.551487,1,1,28.884687,28.884687,1,1,15.807921,15.807921,1,1,21.621331,21.621331,1,1,17.169603,17.169603,1,1,18.691477,18.691477,1,1,29.993415,29.993415
init,init,-1,,9446,161.Blue_winged_Warbler/Blue_Winged_Warbler_0023_161774.jpg,161,160,161.Blue_winged_Warbler,129,128,horizontal_flip,horizontal_flip,0,"{""flipped"":true}",5.9860792,5.9559045,-0.030174732,0.0025134999,0.0025904996,0.030091593,0.024831837,-0.027578093,-0.022241337,0.0053367557,0.65621792,0.91425038,55.63694,50.866093,False,0.96269733,True,False,False,0.65621792,0.91425038,55.63694,50.866093,0.53656335,0.89907041,47.551487,42.752135,0.96260566,0.95417698,28.884687,27.561104,0.25949828,0.65694111,15.807921,10.384873,0.61792056,0.77546708,21.621331,16.766631,0.34926864,0.89576693,17.169603,15.379962,0.41498851,0.96339808,18.691477,18.007333,0.66643811,0.98790336,29.993415,29.630596
init,init,-1,,9446,161.Blue_winged_Warbler/Blue_Winged_Warbler_0023_161774.jpg,161,160,161.Blue_winged_Warbler,129,128,color_jitter,color_jitter,0,"{""brightness"":0.780612,""contrast"":1.252088,""hue"":0.082417,""saturation"":1.000192}",5.9860792,5.9460125,-0.040066719,0.0025134999,0.0026162523,0.030091593,0.023389393,-0.027578093,-0.020773141,0.0068049519,0.7663524,1.1692384,55.63694,65.052848,False,0.95206118,False,False,False,0.7663524,1.1692384,55.63694,65.052848,0.71189245,1.2194121,47.551487,57.98486,0.95188941,1.0209379,28.884687,29.489473,0.83453333,1.4150979,15.807921,22.369756,0.74879673,1.4713574,21.621331,31.812706,0.52732963,1.1390884,17.169603,19.557695,0.58298668,1.0870915,18.691477,20.319346,0.77441278,1.0826272,29.993415,32.471688
init,init,-1,,9446,161.Blue_winged_Warbler/Blue_Winged_Warbler_0023_161774.jpg,161,160,161.Blue_winged_Warbler,129,128,rotation,rotation,0,"{""angle"":4.690157}",5.9860792,5.7841387,-0.20194054,0.0025134999,0.0030759575,0.030091593,0.026270669,-0.027578093,-0.023194711,0.0043833817,0.72207984,0.95759176,55.63694,53.277475,False,0.93535519,False,False,False,0.72207984,0.95759176,55.63694,53.277475,0.63975572,0.94465768,47.551487,44.919877,0.93520308,0.99179739,28.884687,28.647757,0.63486453,1.0604432,15.807921,16.763402,0.72490611,0.91478287,21.621331,19.778823,0.48497584,0.90086427,17.169603,15.467482,0.49250455,0.92381917,18.691477,17.267545,0.70430026,0.94781949,29.993415,28.428344
init,init,-1,,9446,161.Blue_winged_Warbler/Blue_Winged_Warbler_0023_161774.jpg,161,160,161.Blue_winged_Warbler,129,128,random_resized_crop,random_resized_crop,0,"{""area_fraction"":0.703438,""aspect"":1.055142,""fallback"":false,""height"":0.816503,""left"":0.018689,""top"":0.101136,""width"":0.861526}",5.9860792,6.001585,0.015505791,0.0025134999,0.0024748265,0.030091593,0.023345983,-0.027578093,-0.020871156,0.006706937,0.7903705,1.0905347,55.63694,60.674014,False,0.97650123,True,False,False,0.7903705,1.0905347,55.63694,60.674014,0.7329054,1.1292238,47.551487,53.696272,0.97638146,0.97801696,28.884687,28.249714,0.68298175,1.0115431,15.807921,15.990393,0.7950502,1.2370189,21.621331,26.745996,0.62028881,1.2795767,17.169603,21.969824,0.62419879,1.141701,18.691477,21.340079,0.80755288,1.0406217,29.993415,31.2118
init,init,-1,,9446,161.Blue_winged_Warbler/Blue_Winged_Warbler_0023_161774.jpg,161,160,161.Blue_winged_Warbler,129,128,gaussian_blur,gaussian_blur,0,"{""sigma"":1.538356}",5.9860792,5.6345987,-0.35148048,0.0025134999,0.003572111,0.030091593,0.015903279,-0.027578093,-0.012331168,0.015246925,0.73068481,0.97137435,55.63694,54.044296,False,0.94962263,False,False,False,0.73068481,0.97137435,55.63694,54.044296,0.66669228,1.0148322,47.551487,48.256778,0.94932526,0.84240047,28.884687,24.332474,0.67374742,0.92718571,15.807921,14.656878,0.77744949,1.0689609,21.621331,23.112358,0.37270174,1.1649581,17.169603,20.001868,0.57203264,0.99583509,18.691477,18.613629,0.76029028,0.96236713,29.993415,28.864677
init,init,-1,,9446,161.Blue_winged_Warbler/Blue_Winged_Warbler_0023_161774.jpg,161,160,161.Blue_winged_Warbler,129,128,random_erasing,random_erasing,0,"{""area_fraction"":0.075971,""erased"":true,""height"":0.275957,""left"":0.093193,""top"":0.008907,""width"":0.275302}",5.9860792,6.1984034,0.21232414,0.0025134999,0.0020326737,0.030091593,0.021608382,-0.027578093,-0.019575709,0.0080023843,0.83205978,1.0929944,55.63694,60.810861,False,0.94249105,False,False,False,0.83205978,1.0929944,55.63694,60.810861,0.79757428,1.1263851,47.551487,53.561287,0.94234064,0.99689336,28.884687,28.794953,0.91310725,1.2026913,15.807921,19.012049,0.85880493,1.1742798,21.621331,25.389493,0.75784589,1.1377731,17.169603,19.535112,0.6988764,1.0867033,18.691477,20.312089,0.78124503,1.0898495,29.993415,32.688309
init,init,-1,,3497,061.Heermann_Gull/Heermann_Gull_0128_45663.jpg,61,60,061.Heermann_Gull,96,95,identity,identity,0,{},5.6992207,5.6992207,0,0.0033485726,0.0033485726,0.02640954,0.02640954,-0.023060968,-0.023060968,0,1,1,51.507465,51.507465,False,0.99999988,True,False,False,1,1,51.507465,51.507465,1,1,42.849126,42.849126,1,1,28.58271,28.58271,1,1,11.278266,11.278266,1,1,14.486776,14.486776,1,1,17.093886,17.093886,1,1,18.265296,18.265296,1,1,29.549275,29.549275
init,init,-1,,3497,061.Heermann_Gull/Heermann_Gull_0128_45663.jpg,61,60,061.Heermann_Gull,96,95,horizontal_flip,horizontal_flip,0,"{""flipped"":true}",5.6992207,5.5798016,-0.1194191,0.0033485726,0.0037733146,0.02640954,0.025081113,-0.023060968,-0.021307798,0.0017531693,0.67203704,0.99928223,51.507465,51.470494,False,0.97402418,False,False,False,0.67203704,0.99928223,51.507465,51.470494,0.53635349,0.99614545,42.849126,42.683962,0.97391789,1.0062961,28.58271,28.762669,0.54729438,0.98180498,11.278266,11.073058,0.25932894,0.96024167,14.486776,13.910806,0.36764789,0.90801895,17.093886,15.521572,0.43035294,1.0174056,18.265296,18.583215,0.68829302,1.0262166,29.549275,30.323957
init,init,-1,,3497,061.Heermann_Gull/Heermann_Gull_0128_45663.jpg,61,60,061.Heermann_Gull,96,95,color_jitter,color_jitter,0,"{""brightness"":1.231701,""contrast"":0.819628,""hue"":-0.073444,""saturation"":1.101559}",5.6992207,5.8860183,0.18679762,0.0033485726,0.0027780163,0.02640954,0.022122597,-0.023060968,-0.019344581,0.0037163866,0.73435733,0.96122366,51.507465,49.510194,False,0.94931412,True,False,False,0.73435733,0.96122366,51.507465,49.510194,0.63846365,0.96033698,42.849126,41.149601,0.94922589,0.96321339,28.58271,27.531249,0.34767856,0.93965956,11.278266,10.597731,0.46988028,0.99107699,14.486776,14.357511,0.58118748,0.96078163,17.093886,16.423492,0.5841153,0.92208353,18.265296,16.842129,0.75995456,0.96993819,29.549275,28.660971
init,init,-1,,3497,061.Heermann_Gull/Heermann_Gull_0128_45663.jpg,61,60,061.Heermann_Gull,96,95,rotation,rotation,0,"{""angle"":-6.461883}",5.6992207,5.781744,0.082523346,0.0033485726,0.0030833343,0.02640954,0.032633144,-0.023060968,-0.02954981,-0.0064888424,0.76615774,1.1435477,51.507465,58.901242,False,0.9626736,True,False,False,0.76615774,1.1435477,51.507465,58.901242,0.68673624,1.1721478,42.849126,50.225507,0.96247753,1.0765032,28.58271,30.769379,0.53061922,1.0879995,11.278266,12.270748,0.58757809,1.2040673,14.486776,17.443053,0.63440236,1.2736092,17.093886,21.77093,0.62482298,1.2262016,18.265296,22.396935,0.78268459,1.118405,29.549275,33.048058
init,init,-1,,3497,061.Heermann_Gull/Heermann_Gull_0128_45663.jpg,61,60,061.Heermann_Gull,96,95,random_resized_crop,random_resized_crop,0,"{""area_fraction"":0.506981,""aspect"":1.099329,""fallback"":false,""height"":0.679097,""left"":0.053106,""top"":0.070414,""width"":0.746551}",5.6992207,6.074657,0.37543631,0.0033485726,0.0023004352,0.02640954,0.02741348,-0.023060968,-0.025113045,-0.0020520771,0.59714491,1.1571406,51.507465,59.60138,False,0.92410338,False,False,False,0.59714491,1.1571406,51.507465,59.60138,0.45883202,1.1739321,42.849126,50.301963,0.92388756,1.1184844,28.58271,31.969314,0.28441396,1.2406041,11.278266,13.991863,0.22800043,1.1470474,14.486776,16.617019,0.42116655,1.3661248,17.093886,23.352381,0.36468723,1.158789,18.265296,21.165624,0.60152973,1.1044416,29.549275,32.635449
init,init,-1,,3497,061.Heermann_Gull/Heermann_Gull_0128_45663.jpg,61,60,061.Heermann_Gull,96,95,gaussian_blur,gaussian_blur,0,"{""sigma"":1.425802}",5.6992207,5.6348925,-0.064328194,0.0033485726,0.0035710607,0.02640954,0.022834782,-0.023060968,-0.019263721,0.0037972468,0.7183744,1.0810511,51.507465,55.682201,False,0.95376104,False,False,False,0.7183744,1.0810511,51.507465,55.682201,0.62116118,1.1031353,42.849126,47.268383,0.95363729,1.0296925,28.58271,29.431403,0.51241147,1.2972287,11.278266,14.63049,0.37034561,1.1287273,14.486776,16.35162,0.45576938,1.227443,17.093886,20.98177,0.61639907,1.0376415,18.265296,18.95283,0.77703401,1.0449543,29.549275,30.877643
init,init,-1,,3497,061.Heermann_Gull/Heermann_Gull_0128_45663.jpg,61,60,061.Heermann_Gull,96,95,random_erasing,random_erasing,0,"{""area_fraction"":0.151807,""erased"":true,""height"":0.394227,""left"":0.332443,""top"":0.479186,""width"":0.385074}",5.6992207,5.4307132,-0.26850748,0.0033485726,0.004379971,0.02640954,0.02147267,-0.023060968,-0.017092699,0.0059682685,0.73147464,1.1259429,51.507465,57.994464,False,0.92857432,False,False,False,0.73147464,1.1259429,51.507465,57.994464,0.65484002,1.163616,42.849126,49.85993,0.92838199,1.0362913,28.58271,29.620013,0.51017102,1.4259784,11.278266,16.082564,0.55428117,1.1864451,14.486776,17.187765,0.64755095,1.2062116,17.093886,20.618844,0.63814976,1.1683761,18.265296,21.340735,0.72171964,1.0973197,29.549275,32.425003
init,init,-1,,8172,140.Summer_Tanager/Summer_Tanager_0018_139290.jpg,140,139,140.Summer_Tanager,129,128,identity,identity,0,{},4.2593985,4.2593985,0,0.014130802,0.014130802,0.029004576,0.029004576,-0.014873774,-0.014873774,0,1,1,45.657117,45.657117,False,0.99999988,True,False,False,1,1,45.657117,45.657117,1,1,36.163288,36.163288,1,1,27.870934,27.870934,1,1,6.8220021,6.8220021,1,1,15.12019,15.12019,1,1,15.317004,15.317004,1,1,14.240934,14.240934,1,1,24.396901,24.396901
init,init,-1,,8172,140.Summer_Tanager/Summer_Tanager_0018_139290.jpg,140,139,140.Summer_Tanager,129,128,horizontal_flip,horizontal_flip,0,"{""flipped"":true}",4.2593985,4.393137,0.13373852,0.014130802,0.012361892,0.029004576,0.030362541,-0.014873774,-0.018000648,-0.0031268746,0.74747353,1.0813468,45.657117,49.371176,False,0.96742624,False,False,False,0.74747353,1.0813468,45.657117,49.371176,0.61468391,1.0744025,36.163288,38.853925,0.96731162,1.0929383,27.870934,30.461212,0.41402843,1.1273862,6.8220021,7.6910308,0.564101,0.95848469,15.12019,14.49247,0.57973835,1.1569949,15.317004,17.721695,0.48090863,1.0543117,14.240934,15.014383,0.70930669,1.0852006,24.396901,26.47553
init,init,-1,,8172,140.Summer_Tanager/Summer_Tanager_0018_139290.jpg,140,139,140.Summer_Tanager,129,128,color_jitter,color_jitter,0,"{""brightness"":1.279586,""contrast"":1.267794,""hue"":-0.088703,""saturation"":1.091817}",4.2593985,4.7077608,0.44836235,0.014130802,0.0090249656,0.029004576,0.021967988,-0.014873774,-0.012943023,0.0019307509,0.50829802,1.1996227,45.657117,54.771313,False,0.7976768,False,False,False,0.50829802,1.1996227,45.657117,54.771313,0.36999114,1.2785681,36.163288,46.237226,0.79732084,1.0534309,27.870934,29.360104,-0.26367591,0.99026985,6.8220021,6.7556229,0.18637646,0.99406906,15.12019,15.030513,0.39147709,1.4921556,15.317004,22.855353,0.33495325,1.5164956,14.240934,21.596313,0.48205359,1.2142367,24.396901,29.623612
init,init,-1,,8172,140.Summer_Tanager/Summer_Tanager_0018_139290.jpg,140,139,140.Summer_Tanager,129,128,rotation,rotation,0,"{""angle"":-9.414898}",4.2593985,4.1556158,-0.10378265,0.014130802,0.015676137,0.029004576,0.024653999,-0.014873774,-0.0089778621,0.0058959117,0.74752222,0.99687225,45.657117,45.514314,False,0.95347267,False,False,False,0.74752222,0.99687225,45.657117,45.514314,0.63086531,1.0131415,36.163288,36.638529,0.95337446,0.96886475,27.870934,27.003166,0.58164297,1.3815585,6.8220021,9.4249948,0.58991608,0.91874691,15.12019,13.891627,0.59885297,1.0295746,15.317004,15.769999,0.5175876,1.0222456,14.240934,14.557732,0.70721415,1.0039779,24.396901,24.493949
init,init,-1,,8172,140.Summer_Tanager/Summer_Tanager_0018_139290.jpg,140,139,140.Summer_Tanager,129,128,random_resized_crop,random_resized_crop,0,"{""area_fraction"":0.831375,""aspect"":0.904709,""fallback"":false,""height"":0.958615,""left"":0.099914,""top"":0.025659,""width"":0.867267}",4.2593985,4.197526,-0.061872482,0.014130802,0.015032725,0.029004576,0.035518873,-0.014873774,-0.020486148,-0.0056123743,0.81710258,0.99505273,45.657117,45.431239,False,0.979514,True,False,False,0.81710258,0.99505273,45.657117,45.431239,0.71303156,0.96100336,36.163288,34.753041,0.97941997,1.0498858,27.870934,29.261299,0.66307943,1.1112656,6.8220021,7.5810562,0.54602836,0.87363575,15.12019,13.209538,0.68791152,0.92893345,15.317004,14.228477,0.61104596,0.94864369,14.240934,13.509572,0.81833627,0.99633298,24.396901,24.307437
init,init,-1,,8172,140.Summer_Tanager/Summer_Tanager_0018_139290.jpg,140,139,140.Summer_Tanager,129,128,gaussian_blur,gaussian_blur,0,"{""sigma"":1.856666}",4.2593985,3.9604759,-0.29892254,0.014130802,0.019054048,0.029004576,0.031849522,-0.014873774,-0.012795474,0.0020782994,0.64457356,1.1508798,45.657117,52.545853,False,0.92030358,False,False,False,0.64457356,1.1508798,45.657117,52.545853,0.48139382,1.1518034,36.163288,41.652997,0.91989286,1.1493232,27.870934,32.032711,0.39548411,1.3860216,6.8220021,9.4554422,0.33524569,1.1045989,15.12019,16.701745,0.39164146,1.1803764,15.317004,18.07983,0.41967162,1.2889326,14.240934,18.355604,0.61350046,1.0866366,24.396901,26.510564
init,init,-1,,8172,140.Summer_Tanager/Summer_Tanager_0018_139290.jpg,140,139,140.Summer_Tanager,129,128,random_erasing,random_erasing,0,"{""area_fraction"":0.058474,""erased"":true,""height"":0.189497,""left"":0.295096,""top"":0.208196,""width"":0.308577}",4.2593985,4.2537475,-0.0056509972,0.014130802,0.014210879,0.029004576,0.030778378,-0.014873774,-0.016567499,-0.0016937256,0.91400761,1.000821,45.657117,45.694604,False,0.99084067,True,False,False,0.91400761,1.000821,45.657117,45.694604,0.86674159,0.98496697,36.163288,35.619644,0.99082161,1.0269598,27.870934,28.62233,0.90247001,0.98721891,6.8220021,6.7348095,0.86516422,0.89411099,15.12019,13.519128,0.85052057,0.96844793,15.317004,14.833721,0.80573396,1.0007602,14.240934,14.25176,0.89300907,1.0185391,24.396901,24.849198
init,init,-1,,1658,030.Fish_Crow/Fish_Crow_0033_25915.jpg,30,29,030.Fish_Crow,129,128,identity,identity,0,{},6.5755062,6.5755062,0,0.0013941001,0.0013941001,0.031244056,0.031244056,-0.029849956,-0.029849956,0,1,1,68.902812,68.902812,False,1,True,False,False,1,1,68.902812,68.902812,1,1,60.032538,60.032538,1,1,33.818515,33.818515,1,1,11.786691,11.786691,1,1,23.926929,23.926929,1,1,27.670106,27.670106,1,1,24.662919,24.662919,1,1,38.969054,38.969054
init,init,-1,,1658,030.Fish_Crow/Fish_Crow_0033_25915.jpg,30,29,030.Fish_Crow,129,128,horizontal_flip,horizontal_flip,0,"{""flipped"":true}",6.5755062,6.3636618,-0.21184444,0.0013941001,0.0017230464,0.031244056,0.032700732,-0.029849956,-0.030977686,-0.0011277298,0.69728678,0.9619884,68.902812,66.283707,False,0.96395385,False,False,False,0.69728678,0.9619884,68.902812,66.283707,0.6101276,0.95459568,60.032538,57.306801,0.96373603,0.98492088,33.818515,33.308562,0.59122431,1.4520042,11.786691,17.114325,0.56058095,1.0570275,23.926929,25.291422,0.47937704,0.85583792,27.670106,23.681126,0.46409547,0.85811721,24.662919,21.163675,0.75921211,0.94034769,38.969054,36.64446
init,init,-1,,1658,030.Fish_Crow/Fish_Crow_0033_25915.jpg,30,29,030.Fish_Crow,129,128,color_jitter,color_jitter,0,"{""brightness"":1.363897,""contrast"":1.356895,""hue"":0.028062,""saturation"":1.22008}",6.5755062,6.2663002,-0.30920601,0.0013941001,0.0018992423,0.031244056,0.022516172,-0.029849956,-0.02061693,0.0092330261,0.79567575,0.91496721,68.902812,63.043814,False,0.95801669,False,False,False,0.79567575,0.91496721,68.902812,63.043814,0.74650824,0.92396351,60.032538,55.467874,0.95777922,0.88602158,33.818515,29.963934,0.67109584,1.370249,11.786691,16.150702,0.62170288,0.91709115,23.926929,21.943175,0.69973596,0.84294192,27.670106,23.324292,0.71210753,0.87838453,24.662919,21.663526,0.84692432,0.93267971,38.969054,36.345646
init,init,-1,,1658,030.Fish_Crow/Fish_Crow_0033_25915.jpg,30,29,030.Fish_Crow,129,128,rotation,rotation,0,"{""angle"":1.154446}",6.5755062,6.7616901,0.18618393,0.0013941001,0.0011572717,0.031244056,0.032396827,-0.029849956,-0.031239555,-0.0013895991,0.842713,0.95828191,68.902812,66.028319,False,0.97291231,True,False,False,0.842713,0.95828191,68.902812,66.028319,0.80046175,0.95240438,60.032538,57.175252,0.97275646,0.97657136,33.818515,33.026194,0.74039404,1.2851693,11.786691,15.147894,0.74449349,1.0426068,23.926929,24.946378,0.76403919,0.87028225,27.670106,24.080802,0.75825132,0.89549947,24.662919,22.085631,0.87232068,0.942709,38.969054,36.736478
init,init,-1,,1658,030.Fish_Crow/Fish_Crow_0033_25915.jpg,30,29,030.Fish_Crow,129,128,random_resized_crop,random_resized_crop,0,"{""area_fraction"":0.504532,""aspect"":0.890983,""fallback"":false,""height"":0.752505,""left"":0.187618,""top"":0.114232,""width"":0.67047}",6.5755062,6.2887554,-0.28675079,0.0013941001,0.0018570705,0.031244056,0.051532876,-0.029849956,-0.049675805,-0.019825849,0.6066843,1.1054275,68.902812,76.167061,False,0.90840995,True,False,False,0.6066843,1.1054275,68.902812,76.167061,0.52947946,1.1491412,60.032538,68.985864,0.907784,0.95467771,33.818515,32.285783,0.6723734,1.624739,11.786691,19.150297,0.55564219,1.6733262,23.926929,40.037558,0.50179806,1.0048238,27.670106,27.803581,0.30737087,1.0287691,24.662919,25.372449,0.64441152,0.95068746,38.969054,37.047391
init,init,-1,,1658,030.Fish_Crow/Fish_Crow_0033_25915.jpg,30,29,030.Fish_Crow,129,128,gaussian_blur,gaussian_blur,0,"{""sigma"":1.561083}",6.5755062,6.4949102,-0.08059597,0.0013941001,0.0015111113,0.031244056,0.034080539,-0.029849956,-0.032569428,-0.0027194715,0.62516831,0.95054591,68.902812,65.495286,False,0.88490212,False,False,False,0.62516831,0.95054591,68.902812,65.495286,0.54526124,0.95703908,60.032538,57.453485,0.8845438,0.92978864,33.818515,31.444071,0.35782902,1.3058982,11.786691,15.392219,0.54210522,1.0784907,23.926929,25.80497,0.43997777,0.859611,27.670106,23.785528,0.42258473,0.94214595,24.662919,23.236069,0.67759558,0.92253303,38.969054,35.95024
init,init,-1,,1658,030.Fish_Crow/Fish_Crow_0033_25915.jpg,30,29,030.Fish_Crow,129,128,random_erasing,random_erasing,0,"{""area_fraction"":0.106085,""erased"":true,""height"":0.419347,""left"":0.539901,""top"":0.25535,""width"":0.252977}",6.5755062,6.2202625,-0.35524368,0.0013941001,0.0019887234,0.031244056,0.022449205,-0.029849956,-0.020460481,0.0093894749,0.83105406,0.95236619,68.902812,65.620709,False,0.94766563,False,False,False,0.83105406,0.95236619,68.902812,65.620709,0.79332358,0.94705563,60.032538,56.854153,0.94742874,0.96891003,33.818515,32.767099,0.39496356,0.86602461,11.786691,10.207565,0.76733391,0.98890051,23.926929,23.661353,0.81839969,0.88190195,27.670106,24.40232,0.78051342,0.91984127,24.662919,22.685971,0.83089937,0.97992038,38.969054,38.186571
init,init,-1,,3706,064.Ring_billed_Gull/Ring_Billed_Gull_0028_51454.jpg,64,63,064.Ring_billed_Gull,129,128,identity,identity,0,{},6.0882111,6.0882111,0,0.0022694655,0.0022694655,0.039016582,0.039016582,-0.036747117,-0.036747117,0,1,1,57.248142,57.248142,False,0.99999994,True,False,False,1,1,57.248142,57.248142,1,1,47.756231,47.756231,1,1,31.570432,31.570432,1,1,11.855132,11.855132,1,1,17.308302,17.308302,1,1,18.5238,18.5238,1,1,19.208913,19.208913,1,1,33.592003,33.592003
init,init,-1,,3706,064.Ring_billed_Gull/Ring_Billed_Gull_0028_51454.jpg,64,63,064.Ring_billed_Gull,129,128,horizontal_flip,horizontal_flip,0,"{""flipped"":true}",6.0882111,5.9186983,-0.16951275,0.0022694655,0.0026886975,0.039016582,0.03496749,-0.036747117,-0.032278792,0.0044683246,0.71006094,0.97438431,57.248142,55.781691,False,0.96188545,True,False,False,0.71006094,0.97438431,57.248142,55.781691,0.6011464,0.97728499,47.756231,46.671448,0.96177091,0.96771417,31.570432,30.551155,0.62502096,1.2200298,11.855132,14.463614,0.57905583,0.98487562,17.308302,17.046524,0.52195236,0.92089584,18.5238,17.05849,0.42088179,0.93936436,19.208913,18.044168,0.68610525,0.97005799,33.592003,32.586191
init,init,-1,,3706,064.Ring_billed_Gull/Ring_Billed_Gull_0028_51454.jpg,64,63,064.Ring_billed_Gull,129,128,color_jitter,color_jitter,0,"{""brightness"":0.757662,""contrast"":0.890901,""hue"":-0.075168,""saturation"":1.293454}",6.0882111,5.7594137,-0.32879734,0.0022694655,0.0031529595,0.039016582,0.035536349,-0.036747117,-0.032383389,0.0043637273,0.78990887,1.0181474,57.248142,58.287046,False,0.96068513,True,False,False,0.78990887,1.0181474,57.248142,58.287046,0.7183559,1.0299199,47.756231,49.185091,0.96054242,0.99068314,31.570432,31.276295,0.64293998,0.68826919,11.855132,8.1595219,0.34326744,1.0818696,17.308302,18.725325,0.69820954,1.0284249,18.5238,19.050337,0.73202026,1.0861918,19.208913,20.864564,0.8358286,1.0328219,33.592003,34.694556
init,init,-1,,3706,064.Ring_billed_Gull/Ring_Billed_Gull_0028_51454.jpg,64,63,064.Ring_billed_Gull,129,128,rotation,rotation,0,"{""angle"":-2.783046}",6.0882111,5.9325304,-0.15568066,0.0022694655,0.0026517638,0.039016582,0.042323586,-0.036747117,-0.039671822,-0.0029247052,0.79865062,0.9881872,57.248142,56.571881,False,0.9667024,True,False,False,0.79865062,0.9881872,57.248142,56.571881,0.72022512,0.96453053,47.756231,46.062343,0.96658816,1.0402971,31.570432,32.842629,0.54377255,0.6449933,11.855132,7.6464804,0.63889451,0.96740453,17.308302,16.744129,0.65477972,0.95184856,18.5238,17.631852,0.61242341,0.94696196,19.208913,18.19011,0.81252741,1.0056204,33.592003,33.780802
init,init,-1,,3706,064.Ring_billed_Gull/Ring_Billed_Gull_0028_51454.jpg,64,63,064.Ring_billed_Gull,129,128,random_resized_crop,random_resized_crop,0,"{""area_fraction"":0.501396,""aspect"":1.039164,""fallback"":false,""height"":0.694622,""left"":0.074128,""top"":0.029971,""width"":0.721826}",6.0882111,4.8445435,-1.2436676,0.0022694655,0.0078712087,0.039016582,0.017737115,-0.036747117,-0.0098659061,0.026881211,0.55479264,0.86365682,57.248142,49.442749,False,0.8226077,False,False,False,0.55479264,0.86365682,57.248142,49.442749,0.44159461,0.87160461,47.756231,41.624551,0.82209532,0.84518936,31.570432,26.682993,0.39106098,0.69497206,11.855132,8.2389853,0.42956482,0.77771035,17.308302,13.460845,0.37504949,0.99030201,18.5238,18.344156,0.329541,0.88173605,19.208913,16.937191,0.51246531,0.87307507,33.592003,29.32834
init,init,-1,,3706,064.Ring_billed_Gull/Ring_Billed_Gull_0028_51454.jpg,64,63,064.Ring_billed_Gull,129,128,gaussian_blur,gaussian_blur,0,"{""sigma"":1.199131}",6.0882111,5.3954287,-0.6927824,0.0022694655,0.0045372769,0.039016582,0.028193926,-0.036747117,-0.02365665,0.013090467,0.70011115,0.98261327,57.248142,56.252784,False,0.90741241,True,False,False,0.70011115,0.98261327,57.248142,56.252784,0.62336814,1.0213112,47.756231,48.773976,0.90712578,0.88773976,31.570432,28.026328,0.67071484,0.87192735,11.855132,10.336813,0.53292696,1.1711554,17.308302,20.27071,0.57120983,1.034496,18.5238,19.162797,0.53579288,1.0347083,19.208913,19.875621,0.69641031,0.98683019,33.592003,33.149603
init,init,-1,,3706,064.Ring_billed_Gull/Ring_Billed_Gull_0028_51454.jpg,64,63,064.Ring_billed_Gull,129,128,random_erasing,random_erasing,0,"{""area_fraction"":0.133257,""erased"":true,""height"":0.351574,""left"":0.618894,""top"":0.402828,""width"":0.379029}",6.0882111,6.0895271,0.0013160706,0.0022694655,0.0022664804,0.039016582,0.043958653,-0.036747117,-0.041692172,-0.0049450558,0.8923844,1.0532481,57.248142,60.296494,False,0.98078156,True,False,False,0.8923844,1.0532481,57.248142,60.296494,0.85596554,1.0686473,47.756231,51.034568,0.98070872,1.0171343,31.570432,32.111371,0.90229481,0.92659004,11.855132,10.984847,0.7741989,0.9844592,17.308302,17.039317,0.79769951,1.0954173,18.5238,20.29129,0.83310915,1.0829139,19.208913,20.801599,0.89771103,1.0934093,33.592003,36.72981
init,init,-1,,5096,088.Western_Meadowlark/Western_Meadowlark_0050_77864.jpg,88,87,088.Western_Meadowlark,8,7,identity,identity,0,{},4.5594797,4.5594797,0,0.010467501,0.010467501,0.024786334,0.024786334,-0.014318833,-0.014318833,0,1,1,51.134464,51.134464,False,1,True,False,False,1,1,51.134464,51.134464,1,1,43.515453,43.515453,1,1,26.854028,26.854028,1,1,10.747318,10.747318,1,1,15.36617,15.36617,1,1,18.607717,18.607717,1,1,18.726828,18.726828,1,1,29.069389,29.069389
init,init,-1,,5096,088.Western_Meadowlark/Western_Meadowlark_0050_77864.jpg,88,87,088.Western_Meadowlark,8,7,horizontal_flip,horizontal_flip,0,"{""flipped"":true}",4.5594797,4.2592201,-0.30025959,0.010467501,0.014133321,0.024786334,0.016844431,-0.014318833,-0.0027111098,0.011607723,0.6735516,0.94247127,51.134464,48.192764,False,0.9671002,False,False,False,0.6735516,0.94247127,51.134464,48.192764,0.56192132,0.94278888,43.515453,41.025885,0.96703375,0.94163676,26.854028,25.28674,0.18455766,0.82407021,10.747318,8.8565449,0.46823113,0.99216818,15.36617,15.245825,0.53309717,0.93448578,18.607717,17.388647,0.47587314,0.94874483,18.726828,17.766981,0.68278881,0.94474116,29.069389,27.463048
init,init,-1,,5096,088.Western_Meadowlark/Western_Meadowlark_0050_77864.jpg,88,87,088.Western_Meadowlark,8,7,color_jitter,color_jitter,0,"{""brightness"":0.673422,""contrast"":0.96586,""hue"":0.037273,""saturation"":0.663149}",4.5594797,4.4528317,-0.10664797,0.010467501,0.011645542,0.024786334,0.021860549,-0.014318833,-0.010215007,0.0041038264,0.82788201,1.0286828,51.134464,52.601142,False,0.96068144,False,False,False,0.82788201,1.0286828,51.134464,52.601142,0.78024103,1.0432191,43.515453,45.39615,0.96062151,0.98949672,26.854028,26.571973,0.72086584,1.0299328,10.747318,11.069016,0.72050694,1.216019,15.36617,18.685555,0.7692616,1.0738017,18.607717,19.980998,0.74129446,1.0183448,18.726828,19.070368,0.83527849,0.98880684,29.069389,28.74401
init,init,-1,,5096,088.Western_Meadowlark/Western_Meadowlark_0050_77864.jpg,88,87,088.Western_Meadowlark,8,7,rotation,rotation,0,"{""angle"":-4.162125}",4.5594797,4.3354497,-0.22403002,0.010467501,0.013095985,0.024786334,0.024461431,-0.014318833,-0.011365446,0.0029533869,0.76031485,1.1211939,51.134464,57.33165,False,0.96107548,False,False,False,0.76031485,1.1211939,51.134464,57.33165,0.6820168,1.1131775,43.515453,48.440422,0.96090647,1.1419759,26.854028,30.666654,0.38148241,1.0110813,10.747318,10.866413,0.51749756,1.1405589,15.36617,17.526022,0.65505636,1.085681,18.607717,20.202045,0.65415247,1.1904424,18.726828,22.29321,0.79251083,1.0965729,29.069389,31.876705
init,init,-1,,5096,088.Western_Meadowlark/Western_Meadowlark_0050_77864.jpg,88,87,088.Western_Meadowlark,8,7,random_resized_crop,random_resized_crop,0,"{""area_fraction"":0.735378,""aspect"":1.083293,""fallback"":false,""height"":0.823915,""left"":0.010308,""top"":0.170196,""width"":0.892541}",4.5594797,4.5346308,-0.024848938,0.010467501,0.010730867,0.024786334,0.025718054,-0.014318833,-0.014987187,-0.0006683534,0.72302085,1.0573335,51.134464,54.066184,False,0.95787132,True,False,False,0.72302085,1.0573335,51.134464,54.066184,0.64813077,1.0973936,43.515453,47.753578,0.95777474,0.94408464,26.854028,25.352476,0.67297466,1.1255775,10.747318,12.09694,0.51123019,1.3310154,15.36617,20.452608,0.66040361,1.1671008,18.607717,21.717082,0.58567949,1.1072748,18.726828,20.735744,0.72863467,0.98156259,29.069389,28.533424
init,init,-1,,5096,088.Western_Meadowlark/Western_Meadowlark_0050_77864.jpg,88,87,088.Western_Meadowlark,8,7,gaussian_blur,gaussian_blur,0,"{""sigma"":1.526602}",4.5594797,5.1183958,0.55891609,0.010467501,0.0059856153,0.024786334,0.028401989,-0.014318833,-0.022416374,-0.0080975411,0.53067075,1.2279537,51.134464,62.790757,False,0.87010729,True,False,False,0.53067075,1.2279537,51.134464,62.790757,0.42663258,1.286285,43.515453,55.973274,0.86990137,1.0596076,26.854028,28.454731,0.29928019,1.268628,10.747318,13.634349,0.13710172,1.5153004,15.36617,23.284364,0.47604238,1.5527392,18.607717,28.892932,0.38652775,1.3009136,18.726828,24.361985,0.56575545,1.075058,29.069389,31.251279
init,init,-1,,5096,088.Western_Meadowlark/Western_Meadowlark_0050_77864.jpg,88,87,088.Western_Meadowlark,8,7,random_erasing,random_erasing,0,"{""area_fraction"":0.102552,""erased"":true,""height"":0.243985,""left"":0.236495,""top"":0.151519,""width"":0.420322}",4.5594797,4.867702,0.30822229,0.010467501,0.0076910187,0.024786334,0.028699633,-0.014318833,-0.021008614,-0.0066897809,0.82412071,1.0178073,51.134464,52.045032,False,0.95910656,True,False,False,0.82412071,1.0178073,51.134464,52.045032,0.76890372,0.99102129,43.515453,43.12474,0.95894073,1.0849997,26.854028,29.136613,0.77429709,0.86105502,10.747318,9.2540324,0.80962471,1.0270636,15.36617,15.782034,0.75364605,0.95048482,18.607717,17.686352,0.70172442,0.98707437,18.726828,18.484772,0.79123287,1.0149821,29.069389,29.504908
init,init,-1,,5432,093.Clark_Nutcracker/Clark_Nutcracker_0066_85390.jpg,93,92,093.Clark_Nutcracker,8,7,identity,identity,0,{},4.4732361,4.4732361,0,0.011410335,0.011410335,0.024215493,0.024215493,-0.012805158,-0.012805158,0,1,1,53.937496,53.937496,False,1,True,False,False,1,1,53.937496,53.937496,1,1,46.040609,46.040609,1,1,28.098324,28.098324,1,1,15.138129,15.138129,1,1,17.680138,17.680138,1,1,17.852979,17.852979,1,1,18.016267,18.016267,1,1,30.572419,30.572419
init,init,-1,,5432,093.Clark_Nutcracker/Clark_Nutcracker_0066_85390.jpg,93,92,093.Clark_Nutcracker,8,7,horizontal_flip,horizontal_flip,0,"{""flipped"":true}",4.4732361,4.8570299,0.38379383,0.011410335,0.0077735363,0.024215493,0.019465981,-0.012805158,-0.011692445,0.0011127135,0.6619108,0.90855882,53.937496,49.005388,False,0.95710742,False,False,False,0.6619108,0.90855882,53.937496,49.005388,0.54971462,0.90331239,46.040609,41.589053,0.95698293,0.92249715,28.098324,25.920624,0.29795756,1.0394647,15.138129,15.73555,0.40571548,0.77537623,17.680138,13.708758,0.54373729,0.83810377,17.852979,14.962649,0.45796183,0.91589643,18.016267,16.501034,0.69693888,0.92396847,30.572419,28.247951
init,init,-1,,5432,093.Clark_Nutcracker/Clark_Nutcracker_0066_85390.jpg,93,92,093.Clark_Nutcracker,8,7,color_jitter,color_jitter,0,"{""brightness"":1.313213,""contrast"":1.209043,""hue"":0.059724,""saturation"":1.02514}",4.4732361,5.0357428,0.56250668,0.011410335,0.0065013692,0.024215493,0.025737805,-0.012805158,-0.019236436,-0.0064312778,0.76284024,0.95283464,53.937496,51.393515,False,0.94243288,True,False,False,0.76284024,0.95283464,53.937496,51.393515,0.69008347,0.92546645,46.040609,42.609039,0.94230763,1.0226978,28.098324,28.736095,0.78701811,0.7828235,15.138129,11.850483,0.4619021,0.64126535,17.680138,11.33766,0.57341142,0.82608636,17.852979,14.748102,0.59694612,0.99595189,18.016267,17.943335,0.79987327,1.0380136,30.572419,31.734586
init,init,-1,,5432,093.Clark_Nutcracker/Clark_Nutcracker_0066_85390.jpg,93,92,093.Clark_Nutcracker,8,7,rotation,rotation,0,"{""angle"":9.03203}",4.4732361,4.9679565,0.49472046,0.011410335,0.0069573503,0.024215493,0.021514514,-0.012805158,-0.014557164,-0.0017520059,0.76488597,1.0210538,53.937496,55.073084,False,0.94890881,True,False,False,0.76488597,1.0210538,53.937496,55.073084,0.68957649,0.98714683,46.040609,45.448842,0.94873754,1.1069634,28.098324,31.103815,0.7914935,1.004616,15.138129,15.208007,0.58547813,0.90870635,17.680138,16.066053,0.62278149,0.98330832,17.852979,17.554983,0.57757287,1.0065684,18.016267,18.134605,0.75836633,1.0023945,30.572419,30.645626
init,init,-1,,5432,093.Clark_Nutcracker/Clark_Nutcracker_0066_85390.jpg,93,92,093.Clark_Nutcracker,8,7,random_resized_crop,random_resized_crop,0,"{""area_fraction"":0.569616,""aspect"":0.816097,""fallback"":false,""height"":0.83545,""left"":0.317999,""top"":0.10739,""width"":0.681808}",4.4732361,4.7378173,0.2645812,0.011410335,0.0087577412,0.024215493,0.023428109,-0.012805158,-0.014670367,-0.0018652091,0.65752713,0.93165586,53.937496,50.251184,False,0.92874658,False,False,False,0.65752713,0.93165586,53.937496,50.251184,0.54595214,0.90176472,46.040609,41.517797,0.92849958,1.0075321,28.098324,28.309964,0.40817567,0.64375381,15.138129,9.745228,0.43257046,0.82879303,17.680138,14.653175,0.45768559,0.88636681,17.852979,15.824288,0.47668626,0.95588975,18.016267,17.221565,0.65995118,0.96314749,30.572419,29.445748
init,init,-1,,5432,093.Clark_Nutcracker/Clark_Nutcracker_0066_85390.jpg,93,92,093.Clark_Nutcracker,8,7,gaussian_blur,gaussian_blur,0,"{""sigma"":1.811399}",4.4732361,4.900732,0.42749596,0.011410335,0.0074411361,0.024215493,0.014509149,-0.012805158,-0.0070680128,0.0057371454,0.64226266,0.89533359,53.937496,48.292052,False,0.90311813,False,False,False,0.64226266,0.89533359,53.937496,48.292052,0.53733764,0.87388817,46.040609,40.234344,0.90287469,0.95052107,28.098324,26.708049,0.49968647,0.6256767,15.138129,9.4715744,0.41816523,0.74129122,17.680138,13.106131,0.49543933,0.85543605,17.852979,15.272082,0.41832066,0.98851115,18.016267,17.80928,0.6419797,0.92914577,30.572419,28.406233
init,init,-1,,5432,093.Clark_Nutcracker/Clark_Nutcracker_0066_85390.jpg,93,92,093.Clark_Nutcracker,8,7,random_erasing,random_erasing,0,"{""area_fraction"":0.099487,""erased"":true,""height"":0.523496,""left"":0.804894,""top"":0.211842,""width"":0.190043}",4.4732361,4.6153898,0.14215374,0.011410335,0.0098983264,0.024215493,0.026224403,-0.012805158,-0.016326076,-0.0035209181,0.93931493,1.0204401,53.937496,55.039985,False,0.99055934,True,False,False,0.93931493,1.0204401,53.937496,55.039985,0.91989169,1.0145638,46.040609,46.711135,0.99053143,1.0360524,28.098324,29.111335,0.97444939,0.97977518,15.138129,14.831963,0.93525477,1.0263677,17.680138,18.146323,0.89210426,1.0019561,17.852979,17.887901,0.86239745,1.0310961,18.016267,18.576502,0.93161596,1.0174569,30.572419,31.106118
init,init,-1,,6880,118.House_Sparrow/House_Sparrow_0055_111393.jpg,118,117,118.House_Sparrow,129,128,identity,identity,0,{},5.8684034,5.8684034,0,0.0028273838,0.0028273838,0.035775449,0.035775449,-0.032948065,-0.032948065,0,1,1,49.496401,49.496401,False,1,True,False,False,1,1,49.496401,49.496401,1,1,40.89467,40.89467,1,1,27.88404,27.88404,1,1,7.0178609,7.0178609,1,1,15.045007,15.045007,1,1,16.187782,16.187782,1,1,16.927397,16.927397,1,1,29.123708,29.123708
init,init,-1,,6880,118.House_Sparrow/House_Sparrow_0055_111393.jpg,118,117,118.House_Sparrow,129,128,horizontal_flip,horizontal_flip,0,"{""flipped"":true}",5.8684034,6.1767406,0.30833721,0.0028273838,0.0020771876,0.035775449,0.033145472,-0.032948065,-0.031068285,0.0018797806,0.66549361,1.1592513,49.496401,57.378769,False,0.96323091,True,False,False,0.66549361,1.1592513,49.496401,57.378769,0.53640187,1.1827204,40.89467,48.366959,0.96314023,1.1070869,27.88404,30.870056,0.43249325,1.6582681,7.0178609,11.637495,0.2929056,1.2488884,15.045007,18.789534,0.45135124,1.191316,16.187782,19.284764,0.42305566,1.1511022,16.927397,19.485164,0.68599757,1.1384491,29.123708,33.155861
init,init,-1,,6880,118.House_Sparrow/House_Sparrow_0055_111393.jpg,118,117,118.House_Sparrow,129,128,color_jitter,color_jitter,0,"{""brightness"":0.995619,""contrast"":0.757055,""hue"":-0.097707,""saturation"":1.350233}",5.8684034,6.2945261,0.42612267,0.0028273838,0.0018463839,0.035775449,0.029261244,-0.032948065,-0.027414861,0.0055332048,0.7129709,1.0720525,49.496401,53.062741,False,0.93490398,True,False,False,0.7129709,1.0720525,49.496401,53.062741,0.6197004,1.1015409,40.89467,45.047154,0.93477969,1.0056998,27.88404,28.042974,0.17666363,1.0991681,7.0178609,7.7138091,0.39592138,1.0334837,15.045007,15.54877,0.53499554,1.1966298,16.187782,19.370782,0.59491459,1.1476505,16.927397,19.426735,0.74325595,1.0723447,29.123708,31.230653
init,init,-1,,6880,118.House_Sparrow/House_Sparrow_0055_111393.jpg,118,117,118.House_Sparrow,129,128,rotation,rotation,0,"{""angle"":9.194747}",5.8684034,5.6904192,-0.17798424,0.0028273838,0.0033781759,0.035775449,0.035960469,-0.032948065,-0.032582293,0.00036577182,0.72379542,1.0096591,49.496401,49.974489,False,0.95053542,True,False,False,0.72379542,1.0096591,49.496401,49.974489,0.61664519,1.0041531,40.89467,41.064511,0.95044519,1.0214012,27.88404,28.480792,0.060769433,1.2468647,7.0178609,8.7503232,0.4113126,0.89165459,15.045007,13.414949,0.53833047,0.9306887,16.187782,15.065786,0.51922752,0.98958995,16.927397,16.751182,0.7578805,1.0427072,29.123708,30.3675
init,init,-1,,6880,118.House_Sparrow/House_Sparrow_0055_111393.jpg,118,117,118.House_Sparrow,129,128,random_resized_crop,random_resized_crop,0,"{""area_fraction"":0.509946,""aspect"":0.799458,""fallback"":false,""height"":0.798664,""left"":0.33322,""top"":0.1641,""width"":0.638498}",5.8684034,5.9905357,0.1221323,0.0028273838,0.0025023234,0.035775449,0.038439762,-0.032948065,-0.035937438,-0.0029893732,0.6073382,1.1547389,49.496401,57.155418,False,0.9086777,True,False,False,0.6073382,1.1547389,49.496401,57.155418,0.48294016,1.1926038,40.89467,48.77114,0.90849017,1.0687585,27.88404,29.801305,0.28941909,2.0878854,7.0178609,14.652489,0.26960566,1.3177494,15.045007,19.825548,0.44620353,1.0909516,16.187782,17.660086,0.34686544,1.0756767,16.927397,18.208407,0.6325436,1.1529282,29.123708,33.577545
init,init,-1,,6880,118.House_Sparrow/House_Sparrow_0055_111393.jpg,118,117,118.House_Sparrow,129,128,gaussian_blur,gaussian_blur,0,"{""sigma"":1.219052}",5.8684034,6.2544956,0.38609219,0.0028273838,0.001921795,0.035775449,0.039246138,-0.032948065,-0.037324343,-0.0043762779,0.73496299,1.2108866,49.496401,59.934528,False,0.94032437,True,False,False,0.73496299,1.2108866,49.496401,59.934528,0.65111605,1.2517435,40.89467,51.189636,0.94021092,1.1179587,27.88404,31.173206,0.57238185,1.8677589,7.0178609,13.107672,0.48943769,1.3020171,15.045007,19.588856,0.61585055,1.3726795,16.187782,22.220637,0.57005596,1.284463,16.927397,21.742616,0.76130401,1.1379495,29.123708,33.14131
init,init,-1,,6880,118.House_Sparrow/House_Sparrow_0055_111393.jpg,118,117,118.House_Sparrow,129,128,random_erasing,random_erasing,0,"{""area_fraction"":0.173605,""erased"":true,""height"":0.26982,""left"":0.038152,""top"":0.501848,""width"":0.643411}",5.8684034,5.7396078,-0.12879562,0.0028273838,0.0032160303,0.035775449,0.046728037,-0.032948065,-0.043512007,-0.010563942,0.71588275,1.1004678,49.496401,54.469197,False,0.89093149,True,False,False,0.71588275,1.1004678,49.496401,54.469197,0.634995,1.1020789,40.89467,45.069152,0.89067653,1.0969945,27.88404,30.58864,0.72687899,1.1089462,7.0178609,7.78243,0.58414586,1.0014809,15.045007,15.067287,0.58610072,1.0450818,16.187782,16.917556,0.59370063,1.1390413,16.927397,19.281004,0.67105567,1.131368,29.123708,32.949633
init,init,-1,,2034,036.Northern_Flicker/Northern_Flicker_0138_28476.jpg,36,35,036.Northern_Flicker,8,7,identity,identity,0,{},5.9275751,5.9275751,0,0.0026649362,0.0026649362,0.023775721,0.023775721,-0.021110785,-0.021110785,0,1,1,42.756399,42.756399,False,1,True,False,False,1,1,42.756399,42.756399,1,1,34.818529,34.818529,1,1,24.814908,24.814908,1,1,6.8899513,6.8899513,1,1,10.077687,10.077687,1,1,14.144746,14.144746,1,1,14.718384,14.718384,1,1,25.428214,25.428214
init,init,-1,,2034,036.Northern_Flicker/Northern_Flicker_0138_28476.jpg,36,35,036.Northern_Flicker,8,7,horizontal_flip,horizontal_flip,0,"{""flipped"":true}",5.9275751,5.8446259,-0.082949162,0.0026649362,0.0028954176,0.023775721,0.023770981,-0.021110785,-0.020875563,0.00023522181,0.66347033,0.96954665,42.756399,41.454323,False,0.96263611,True,False,False,0.66347033,0.96954665,42.756399,41.454323,0.51020147,0.96668439,34.818529,33.658528,0.9626167,0.97515723,24.814908,24.198437,-0.0025143663,0.92640869,6.8899513,6.3829108,0.281815,1.0837185,10.077687,10.921376,0.40630951,0.9185893,14.144746,12.993212,0.40265239,1.0053875,14.718384,14.797679,0.65788954,0.95124661,25.428214,24.188503
init,init,-1,,2034,036.Northern_Flicker/Northern_Flicker_0138_28476.jpg,36,35,036.Northern_Flicker,8,7,color_jitter,color_jitter,0,"{""brightness"":1.228991,""contrast"":0.797741,""hue"":-0.014827,""saturation"":1.101409}",5.9275751,5.9020185,-0.025556564,0.0026649362,0.0027339212,0.023775721,0.019779885,-0.021110785,-0.017045964,0.0040648207,0.9122145,0.98575945,42.756399,42.147524,False,0.99292737,True,False,False,0.9122145,0.98575945,42.756399,42.147524,0.87185547,0.99057651,34.818529,34.490417,0.9929068,0.9762063,24.814908,24.224469,0.78729368,0.70714555,6.8899513,4.8721984,0.71920209,1.0083315,10.077687,10.161649,0.82008702,0.96492374,14.144746,13.648601,0.83041172,0.99336397,14.718384,14.620713,0.93185166,1.012257,25.428214,25.739889
init,init,-1,,2034,036.Northern_Flicker/Northern_Flicker_0138_28476.jpg,36,35,036.Northern_Flicker,8,7,rotation,rotation,0,"{""angle"":0.250216}",5.9275751,5.8615208,-0.066054344,0.0026649362,0.0028469111,0.023775721,0.022021033,-0.021110785,-0.019174122,0.0019366629,0.87004569,1.0469957,42.756399,44.765764,False,0.98961896,True,False,False,0.87004569,1.0469957,42.756399,44.765764,0.81211274,1.0617159,34.818529,36.967387,0.98960355,1.0173926,24.814908,25.246503,0.45771661,0.74331225,6.8899513,5.1213852,0.53415331,1.2930803,10.077687,13.031258,0.78067021,1.0929449,14.144746,15.459427,0.80111176,1.0853242,14.718384,15.974219,0.90720471,1.0227705,25.428214,26.007227
init,init,-1,,2034,036.Northern_Flicker/Northern_Flicker_0138_28476.jpg,36,35,036.Northern_Flicker,8,7,random_resized_crop,random_resized_crop,0,"{""area_fraction"":0.709651,""aspect"":0.938633,""fallback"":false,""height"":0.86951,""left"":0.066321,""top"":0.020309,""width"":0.816151}",5.9275751,6.0716929,0.14411783,0.0026649362,0.0023072641,0.023775721,0.026181456,-0.021110785,-0.023874192,-0.0027634068,0.67498467,1.1167414,42.756399,47.747841,False,0.94883978,True,False,False,0.67498467,1.1167414,42.756399,47.747841,0.54935274,1.1504995,34.818529,40.058702,0.94879612,1.0471035,24.814908,25.983778,-0.1537013,0.77890288,6.8899513,5.3666029,0.31557329,1.4454288,10.077687,14.566579,0.43144779,1.2210655,14.144746,17.271662,0.49668691,1.2369828,14.718384,18.206388,0.70706992,1.0653978,25.428214,27.091163
init,init,-1,,2034,036.Northern_Flicker/Northern_Flicker_0138_28476.jpg,36,35,036.Northern_Flicker,8,7,gaussian_blur,gaussian_blur,0,"{""sigma"":1.970555}",5.9275751,5.6387959,-0.28877926,0.0026649362,0.0035571489,0.023775721,0.016350841,-0.021110785,-0.012793692,0.0083170924,0.50875291,1.3214878,42.756399,56.502058,False,0.8378498,False,False,False,0.50875291,1.3214878,42.756399,56.502058,0.37788939,1.4077596,34.818529,49.016117,0.83754229,1.1325937,24.814908,28.10521,0.2082011,0.90427617,6.8899513,6.2304188,0.25621629,1.7953054,10.077687,18.092525,0.31531119,1.8532384,14.144746,26.213586,0.29574695,1.4188742,14.718384,20.883537,0.49643742,1.1883783,25.428214,30.218338
init,init,-1,,2034,036.Northern_Flicker/Northern_Flicker_0138_28476.jpg,36,35,036.Northern_Flicker,8,7,random_erasing,random_erasing,0,"{""area_fraction"":0.141689,""erased"":true,""height"":0.580346,""left"":0.652026,""top"":0.068146,""width"":0.244146}",5.9275751,5.9073935,-0.020181656,0.0026649362,0.0027192661,0.023775721,0.01986872,-0.021110785,-0.017149454,0.0039613305,0.88313484,1.0096518,42.756399,43.169076,False,0.98973978,True,False,False,0.88313484,1.0096518,42.756399,43.169076,0.83090229,1.0206487,34.818529,35.537488,0.98972526,0.98764364,24.814908,24.508286,0.13244987,0.77965039,6.8899513,5.3717532,0.56385374,1.0692841,10.077687,10.77591,0.81739923,1.0827599,14.144746,15.315364,0.83383198,1.0198883,14.718384,15.011109,0.92089251,1.0088146,25.428214,25.652355
init,init,-1,,8949,153.Philadelphia_Vireo/Philadelphia_Vireo_0070_794758.jpg,153,152,153.Philadelphia_Vireo,129,128,identity,identity,0,{},4.4547443,4.4547443,0,0.011623295,0.011623295,0.033691589,0.033691589,-0.022068294,-0.022068294,0,1,1,57.457486,57.457486,False,1,True,False,False,1,1,57.457486,57.457486,1,1,46.182777,46.182777,1,1,34.183531,34.183531,1,1,5.7686787,5.7686787,1,1,15.147661,15.147661,1,1,20.881104,20.881104,1,1,19.349553,19.349553,1,1,32.55294,32.55294
init,init,-1,,8949,153.Philadelphia_Vireo/Philadelphia_Vireo_0070_794758.jpg,153,152,153.Philadelphia_Vireo,129,128,horizontal_flip,horizontal_flip,0,"{""flipped"":true}",4.4547443,4.5815921,0.12684774,0.011623295,0.010238581,0.033691589,0.047808751,-0.022068294,-0.03757017,-0.015501876,0.64442852,1.1127826,57.457486,63.937691,False,0.97108513,True,False,False,0.64442852,1.1127826,57.457486,63.937691,0.46587905,1.113324,46.182777,51.416393,0.9707778,1.1117938,34.183531,38.005037,0.039626631,1.2882187,5.7686787,7.4313198,-0.06160903,1.2264337,15.147661,18.577602,0.35707627,1.1768885,20.881104,24.574731,0.39947797,1.1141758,19.349553,21.558804,0.69197787,1.052819,32.55294,34.272354
init,init,-1,,8949,153.Philadelphia_Vireo/Philadelphia_Vireo_0070_794758.jpg,153,152,153.Philadelphia_Vireo,129,128,color_jitter,color_jitter,0,"{""brightness"":0.687831,""contrast"":1.126441,""hue"":-0.042827,""saturation"":0.966725}",4.4547443,4.2923956,-0.16234875,0.011623295,0.013672134,0.033691589,0.043348491,-0.022068294,-0.029676357,-0.0076080635,0.87241406,0.99832309,57.457486,57.361135,False,0.97513098,True,False,False,0.87241406,0.99832309,57.457486,57.361135,0.81569267,0.99477637,46.182777,45.941535,0.97494454,1.0047645,34.183531,34.346399,0.66999692,1.5679668,5.7686787,9.0450965,0.70704305,1.0691405,15.147661,16.194978,0.80459505,0.95905554,20.881104,20.026139,0.7698486,0.96726871,19.349553,18.716217,0.87446316,0.97877659,32.55294,31.862055
init,init,-1,,8949,153.Philadelphia_Vireo/Philadelphia_Vireo_0070_794758.jpg,153,152,153.Philadelphia_Vireo,129,128,rotation,rotation,0,"{""angle"":-8.813803}",4.4547443,4.4840937,0.029349327,0.011623295,0.011287111,0.033691589,0.022941722,-0.022068294,-0.011654611,0.010413683,0.67733555,0.91974981,57.457486,52.846512,False,0.92573583,True,False,False,0.67733555,0.91974981,57.457486,52.846512,0.5457805,0.92989793,46.182777,42.945269,0.92540028,0.90093209,34.183531,30.79704,0.28690919,1.5140161,5.7686787,8.7338725,0.30889992,1.2044112,15.147661,18.244012,0.57332082,0.89340295,20.881104,18.65524,0.43062691,0.86582537,19.349553,16.753334,0.67035443,0.87238147,32.55294,28.398581
init,init,-1,,8949,153.Philadelphia_Vireo/Philadelphia_Vireo_0070_794758.jpg,153,152,153.Philadelphia_Vireo,129,128,random_resized_crop,random_resized_crop,0,"{""area_fraction"":0.837286,""aspect"":0.991515,""fallback"":false,""height"":0.91894,""left"":0.069121,""top"":0.064025,""width"":0.911143}",4.4547443,4.6007195,0.14597511,0.011623295,0.010044606,0.033691589,0.028325116,-0.022068294,-0.01828051,0.0037877839,0.746361,0.93101198,57.457486,53.493608,False,0.96069324,True,False,False,0.746361,0.93101198,57.457486,53.493608,0.63137626,0.93750549,46.182777,43.296607,0.96055143,0.9190413,34.183531,31.416077,0.28759011,1.0623165,5.7686787,6.1281625,0.42264803,1.0704418,15.147661,16.214689,0.58042586,0.89978597,20.881104,18.788525,0.52209325,0.93397134,19.349553,18.071928,0.75822287,0.91876702,32.55294,29.908567
init,init,-1,,8949,153.Philadelphia_Vireo/Philadelphia_Vireo_0070_794758.jpg,153,152,153.Philadelphia_Vireo,129,128,gaussian_blur,gaussian_blur,0,"{""sigma"":1.374693}",4.4547443,5.0397654,0.58502102,0.011623295,0.0064752698,0.033691589,0.031559501,-0.022068294,-0.025084231,-0.0030159373,0.70605374,1.05501,57.457486,60.618222,False,0.93947154,True,False,False,0.70605374,1.05501,57.457486,60.618222,0.59866581,1.1070917,46.182777,51.12857,0.93926694,0.95263326,34.183531,32.564369,0.33686339,1.6545332,5.7686787,9.5444704,0.3196102,1.3514261,15.147661,20.470944,0.56913661,1.2517918,20.881104,26.138794,0.54726005,1.1144472,19.349553,21.564056,0.75217409,0.9496798,32.55294,30.914869
init,init,-1,,8949,153.Philadelphia_Vireo/Philadelphia_Vireo_0070_794758.jpg,153,152,153.Philadelphia_Vireo,129,128,random_erasing,random_erasing,0,"{""area_fraction"":0.195372,""erased"":true,""height"":0.566613,""left"":0.479756,""top"":0.343284,""width"":0.344807}",4.4547443,4.2501545,-0.20458984,0.011623295,0.014262029,0.033691589,0.026126411,-0.022068294,-0.011864382,0.010203912,0.73246224,1.0688551,57.457486,61.413726,False,0.9519335,False,False,False,0.73246224,1.0688551,57.457486,61.413726,0.60676944,1.0500084,46.182777,48.492305,0.95152859,1.1024248,34.183531,37.684774,0.3997192,0.91842926,5.7686787,5.2981233,0.2473515,0.94775955,15.147661,14.356341,0.4588866,0.96813239,20.881104,20.215673,0.54784544,1.0648323,19.349553,20.604029,0.75500786,1.1008147,32.55294,35.834753
init,init,-1,,10877,185.Bohemian_Waxwing/Bohemian_Waxwing_0117_177858.jpg,185,184,185.Bohemian_Waxwing,129,128,identity,identity,0,{},6.847384,6.847384,0,0.0010622309,0.0010622309,0.018491596,0.018491596,-0.017429365,-0.017429365,0,1,1,56.142647,56.142647,False,0.99999988,True,False,False,1,1,56.142647,56.142647,1,1,49.622682,49.622682,1,1,26.259975,26.259975,1,1,13.450245,13.450245,1,1,18.048409,18.048409,1,1,21.951032,21.951032,1,1,22.188639,22.188639,1,1,31.330064,31.330064
init,init,-1,,10877,185.Bohemian_Waxwing/Bohemian_Waxwing_0117_177858.jpg,185,184,185.Bohemian_Waxwing,129,128,horizontal_flip,horizontal_flip,0,"{""flipped"":true}",6.847384,7.0188951,0.17151117,0.0010622309,0.0008948138,0.018491596,0.021654507,-0.017429365,-0.020759693,-0.0033303283,0.59869867,0.98758619,56.142647,55.445703,False,0.95150405,True,False,False,0.59869867,0.98758619,56.142647,55.445703,0.48290509,0.94386677,49.622682,46.8372,0.95134756,1.1299807,26.259975,29.673265,0.13818874,0.5687777,13.450245,7.6501992,0.28194326,0.80888343,18.048409,14.599059,0.44525934,0.78438665,21.951032,17.218096,0.38462388,0.9515643,22.188639,21.113916,0.63688486,1.0963364,31.330064,34.348289
init,init,-1,,10877,185.Bohemian_Waxwing/Bohemian_Waxwing_0117_177858.jpg,185,184,185.Bohemian_Waxwing,129,128,color_jitter,color_jitter,0,"{""brightness"":0.780591,""contrast"":0.864937,""hue"":-0.039339,""saturation"":1.11368}",6.847384,6.8559294,0.0085453987,0.0010622309,0.0010531923,0.018491596,0.023814956,-0.017429365,-0.022761763,-0.0053323983,0.77507699,1.0081455,56.142647,56.59996,False,0.9523443,True,False,False,0.77507699,1.0081455,56.142647,56.59996,0.72099949,0.98338933,49.622682,48.798415,0.95222182,1.0919756,26.259975,28.675252,0.59584533,0.5903085,13.450245,7.9397938,0.60542036,0.92417924,18.048409,16.679965,0.66160998,0.87745137,21.951032,19.260963,0.68112904,1.0031817,22.188639,22.259235,0.82352447,1.0934336,31.330064,34.257343
init,init,-1,,10877,185.Bohemian_Waxwing/Bohemian_Waxwing_0117_177858.jpg,185,184,185.Bohemian_Waxwing,129,128,rotation,rotation,0,"{""angle"":3.871884}",6.847384,6.8081436,-0.03924036,0.0010622309,0.0011047417,0.018491596,0.019805536,-0.017429365,-0.018700794,-0.0012714289,0.8342189,1.0646877,56.142647,59.774383,False,0.96499205,False,False,False,0.8342189,1.0646877,56.142647,59.774383,0.79482476,1.0404904,49.622682,51.631926,0.96485907,1.1469337,26.259975,30.118451,0.8406697,1.0012202,13.450245,13.466657,0.75238211,1.0373389,18.048409,18.722316,0.79918367,1.1030303,21.951032,24.212654,0.73249679,1.0108268,22.188639,22.42887,0.83014071,1.0316418,31.330064,32.321402
init,init,-1,,10877,185.Bohemian_Waxwing/Bohemian_Waxwing_0117_177858.jpg,185,184,185.Bohemian_Waxwing,129,128,random_resized_crop,random_resized_crop,0,"{""area_fraction"":0.791813,""aspect"":1.030855,""fallback"":false,""height"":0.876421,""left"":0.03716,""top"":0.046112,""width"":0.903462}",6.847384,6.9203129,0.072928905,0.0010622309,0.00098752067,0.018491596,0.019526003,-0.017429365,-0.018538482,-0.0011091172,0.81354097,1.0194893,56.142647,57.236827,False,0.97303885,True,False,False,0.81354097,1.0194893,56.142647,57.236827,0.76617162,1.0035244,49.622682,49.797569,0.97297168,1.0745637,26.259975,28.218016,0.85743986,0.8465353,13.450245,11.386107,0.61125074,1.0096772,18.048409,18.223067,0.76815563,0.96330939,21.951032,21.145635,0.70631388,0.99424566,22.188639,22.060957,0.83229999,1.051002,31.330064,32.92796
init,init,-1,,10877,185.Bohemian_Waxwing/Bohemian_Waxwing_0117_177858.jpg,185,184,185.Bohemian_Waxwing,129,128,gaussian_blur,gaussian_blur,0,"{""sigma"":1.769557}",6.847384,6.8182449,-0.029139042,0.0010622309,0.0010936384,0.018491596,0.027981941,-0.017429365,-0.026888302,-0.0094589372,0.57387123,1.121566,56.142647,62.967682,False,0.91732991,True,False,False,0.57387123,1.121566,56.142647,62.967682,0.46630621,1.0890749,49.622682,54.042817,0.91705062,1.2306057,26.259975,32.315676,0.35968491,0.83063254,13.450245,11.172211,0.25814237,1.1284133,18.048409,20.366065,0.2170866,0.99129416,21.951032,21.75993,0.40031295,1.075912,22.188639,23.873022,0.68581407,1.1673588,31.330064,36.573425
init,init,-1,,10877,185.Bohemian_Waxwing/Bohemian_Waxwing_0117_177858.jpg,185,184,185.Bohemian_Waxwing,129,128,random_erasing,random_erasing,0,"{""area_fraction"":0.144747,""erased"":true,""height"":0.291106,""left"":0.0562,""top"":0.02073,""width"":0.497233}",6.847384,7.011138,0.16375399,0.0010622309,0.00090178155,0.018491596,0.01820015,-0.017429365,-0.017298368,0.00013099686,0.8331561,1.0112724,56.142647,56.775512,False,0.96747386,False,False,False,0.8331561,1.0112724,56.142647,56.775512,0.7916876,0.97144345,49.622682,48.205629,0.96732142,1.1422174,26.259975,29.9946,0.78768006,0.66858605,13.450245,8.992646,0.76932044,0.92677323,18.048409,16.726782,0.80146799,0.85954009,21.951032,18.867792,0.72799632,0.9774774,22.188639,21.688893,0.83685818,1.0761357,31.330064,33.715399
init,init,-1,,11558,197.Marsh_Wren/Marsh_Wren_0008_188533.jpg,197,196,197.Marsh_Wren,129,128,identity,identity,0,{},6.1430807,6.1430807,0,0.0021482955,0.0021482955,0.028982595,0.028982595,-0.026834299,-0.026834299,0,1,1,54.062973,54.062973,False,1,True,False,False,1,1,54.062973,54.062973,1,1,44.303277,44.303277,1,1,30.984264,30.984264,1,1,5.0422771,5.0422771,1,1,14.804154,14.804154,1,1,18.846776,18.846776,1,1,19.417205,19.417205,1,1,31.400064,31.400064
init,init,-1,,11558,197.Marsh_Wren/Marsh_Wren_0008_188533.jpg,197,196,197.Marsh_Wren,129,128,horizontal_flip,horizontal_flip,0,"{""flipped"":true}",6.1430807,6.3673396,0.2242589,0.0021482955,0.0017167204,0.028982595,0.021901455,-0.026834299,-0.020184734,0.0066495647,0.71915185,0.91256388,54.062973,49.335916,False,0.95243514,True,False,False,0.71915185,0.91256388,54.062973,49.335916,0.60336309,0.90784335,44.303277,40.220436,0.95227165,0.92213984,30.984264,28.571824,0.44715587,0.84960375,5.0422771,4.2839375,0.42451466,0.80423629,14.804154,11.906038,0.56426541,0.83315393,18.846776,15.702265,0.51370776,0.94649536,19.417205,18.378295,0.69009755,0.94110904,31.400064,29.550884
init,init,-1,,11558,197.Marsh_Wren/Marsh_Wren_0008_188533.jpg,197,196,197.Marsh_Wren,129,128,color_jitter,color_jitter,0,"{""brightness"":1.350379,""contrast"":1.275284,""hue"":0.075675,""saturation"":0.730537}",6.1430807,6.0061812,-0.13689947,0.0021482955,0.0024634779,0.028982595,0.019315166,-0.026834299,-0.016851689,0.0099826106,0.795382,1.0697121,54.062973,57.831816,False,0.94112885,False,False,False,0.795382,1.0697121,54.062973,57.831816,0.73019995,1.0956406,44.303277,48.54047,0.94090096,1.014641,30.984264,31.437903,0.40285329,1.2905099,5.0422771,6.5071083,0.64123634,1.0377931,14.804154,15.363649,0.70901818,1.1732677,18.846776,22.112313,0.6721159,1.1662614,19.417205,22.645536,0.79631802,1.0446704,31.400064,32.802719
init,init,-1,,11558,197.Marsh_Wren/Marsh_Wren_0008_188533.jpg,197,196,197.Marsh_Wren,129,128,rotation,rotation,0,"{""angle"":-7.002569}",6.1430807,6.1504993,0.0074186325,0.0021482955,0.0021324174,0.028982595,0.027497174,-0.026834299,-0.025364757,0.0014695423,0.75449937,0.99976342,54.062973,54.050182,False,0.9490307,True,False,False,0.75449937,0.99976342,54.062973,54.050182,0.66278947,1.0108396,44.303277,44.783506,0.94885166,0.97672728,30.984264,30.263176,0.38654284,1.3189429,5.0422771,6.6504754,0.5541645,1.0660885,14.804154,15.782538,0.59458996,0.97274059,18.846776,18.333024,0.59722478,1.0648002,19.417205,20.675444,0.75208212,0.98090589,31.400064,30.800508
init,init,-1,,11558,197.Marsh_Wren/Marsh_Wren_0008_188533.jpg,197,196,197.Marsh_Wren,129,128,random_resized_crop,random_resized_crop,0,"{""area_fraction"":0.800848,""aspect"":1.076082,""fallback"":false,""height"":0.862685,""left"":0.064373,""top"":0.039999,""width"":0.92832}",6.1430807,6.3239183,0.18083763,0.0021482955,0.0017929041,0.028982595,0.029960465,-0.026834299,-0.028167561,-0.0013332615,0.77253723,0.98688934,54.062973,53.354171,False,0.95938486,True,False,False,0.77253723,0.98688934,54.062973,53.354171,0.68255801,0.99163891,44.303277,43.932854,0.95929347,0.97710694,30.984264,30.274939,0.60661438,1.0517414,5.0422771,5.3031715,0.65246123,0.93863636,14.804154,13.895717,0.57163739,0.90024339,18.846776,16.966685,0.60335131,1.0606986,19.417205,20.595801,0.76054552,1.005493,31.400064,31.572545
init,init,-1,,11558,197.Marsh_Wren/Marsh_Wren_0008_188533.jpg,197,196,197.Marsh_Wren,129,128,gaussian_blur,gaussian_blur,0,"{""sigma"":1.551466}",6.1430807,5.6471324,-0.49594831,0.0021482955,0.0035276171,0.028982595,0.018149788,-0.026834299,-0.01462217,0.012212129,0.59130473,0.89928386,54.062973,48.617959,False,0.90552694,True,False,False,0.59130473,0.89928386,54.062973,48.617959,0.46244519,0.94230577,44.303277,41.747234,0.9052486,0.80419372,30.984264,24.917351,-0.20653459,1.8077955,5.0422771,9.115406,0.044657282,1.182463,14.804154,17.505365,0.32804845,0.90363982,18.846776,17.030697,0.46379125,0.95828035,19.417205,18.607126,0.69024541,0.85278418,31.400064,26.777478
init,init,-1,,11558,197.Marsh_Wren/Marsh_Wren_0008_188533.jpg,197,196,197.Marsh_Wren,129,128,random_erasing,random_erasing,0,"{""area_fraction"":0.130477,""erased"":true,""height"":0.322762,""left"":0.045123,""top"":0.281877,""width"":0.404251}",6.1430807,6.5045195,0.36143875,0.0021482955,0.0014966598,0.028982595,0.028428014,-0.026834299,-0.026931355,-9.7055454e-05,0.78465844,1.1947327,54.062973,64.590799,False,0.93144155,False,False,False,0.78465844,1.1947327,54.062973,64.590799,0.71692097,1.214429,44.303277,53.803186,0.93118591,1.1534169,30.984264,35.737774,0.732081,1.168177,5.0422771,5.8902721,0.70155506,1.2822825,14.804154,18.983108,0.75868601,1.3223902,18.846776,24.922791,0.66378672,1.1670765,19.417205,22.661364,0.72539557,1.1766387,31.400064,36.946532
init,init,-1,,10353,176.Prairie_Warbler/Prairie_Warbler_0020_173359.jpg,176,175,176.Prairie_Warbler,129,128,identity,identity,0,{},5.9144373,5.9144373,0,0.0027001798,0.0027001798,0.028189778,0.028189778,-0.025489599,-0.025489599,0,1,1,42.199121,42.199121,False,1,True,False,False,1,1,42.199121,42.199121,1,1,33.224969,33.224969,1,1,26.016673,26.016673,1,1,5.8232852,5.8232852,1,1,10.996068,10.996068,1,1,12.755577,12.755577,1,1,14.432362,14.432362,1,1,24.043223,24.043223
init,init,-1,,10353,176.Prairie_Warbler/Prairie_Warbler_0020_173359.jpg,176,175,176.Prairie_Warbler,129,128,horizontal_flip,horizontal_flip,0,"{""flipped"":true}",5.9144373,5.6861281,-0.22830915,0.0027001798,0.0033927038,0.028189778,0.016109673,-0.025489599,-0.012716969,0.012772629,0.70152946,0.91118273,42.199121,38.451111,False,0.96008694,False,False,False,0.70152946,0.91118273,42.199121,38.451111,0.53451176,0.89166016,33.224969,29.625381,0.95996499,0.94215451,26.016673,24.511726,0.39013344,1.0048857,5.8232852,5.8517359,0.45407619,0.76832285,10.996068,8.4485306,0.45508107,0.82176341,12.755577,10.482066,0.38460253,0.85700509,14.432362,12.368608,0.62878711,0.93852485,24.043223,22.565162
init,init,-1,,10353,176.Prairie_Warbler/Prairie_Warbler_0020_173359.jpg,176,175,176.Prairie_Warbler,129,128,color_jitter,color_jitter,0,"{""brightness"":1.207866,""contrast"":0.655979,""hue"":-0.034457,""saturation"":1.082705}",5.9144373,6.1456084,0.23117113,0.0027001798,0.002142872,0.028189778,0.032317176,-0.025489599,-0.030174304,-0.004684706,0.82377558,1.0205709,42.199121,43.067195,False,0.95993912,True,False,False,0.82377558,1.0205709,42.199121,43.067195,0.74673823,1.0470322,33.224969,34.787614,0.95987458,0.97587718,26.016673,25.389077,0.27756058,0.8144014,5.8232852,4.7424916,0.64849581,1.0025525,10.996068,11.024136,0.65016198,0.99925731,12.755577,12.746103,0.70720418,1.0824293,14.432362,15.622012,0.8285813,1.0682242,24.043223,25.683553
init,init,-1,,10353,176.Prairie_Warbler/Prairie_Warbler_0020_173359.jpg,176,175,176.Prairie_Warbler,129,128,rotation,rotation,0,"{""angle"":13.513442}",5.9144373,5.6806145,-0.23382282,0.0027001798,0.0034114618,0.028189778,0.027299466,-0.025489599,-0.023888004,0.0016015947,0.70895273,1.1281282,42.199121,47.606017,False,0.95093006,True,False,False,0.70895273,1.1281282,42.199121,47.606017,0.5683646,1.1495249,33.224969,38.192929,0.950825,1.0923335,26.016673,28.418884,0.47380783,1.1966741,5.8232852,6.9685744,0.59032368,1.1859871,10.996068,13.041195,0.41446802,1.2258818,12.755577,15.636829,0.41685935,1.1458156,14.432362,16.536826,0.67358614,1.1176419,24.043223,26.871714
init,init,-1,,10353,176.Prairie_Warbler/Prairie_Warbler_0020_173359.jpg,176,175,176.Prairie_Warbler,129,128,random_resized_crop,random_resized_crop,0,"{""area_fraction"":0.805724,""aspect"":0.930156,""fallback"":false,""height"":0.930712,""left"":0.089473,""top"":0.007155,""width"":0.865707}",5.9144373,6.1673756,0.25293827,0.0027001798,0.0020967317,0.028189778,0.032007072,-0.025489599,-0.02991034,-0.0044207419,0.79342952,1.1654401,42.199121,49.180546,False,0.97772038,True,False,False,0.79342952,1.1654401,42.199121,49.180546,0.68494825,1.1821294,33.224969,39.276214,0.9776269,1.1376963,26.016673,29.599073,0.50323323,1.6164707,5.8232852,9.4131697,0.61837456,1.2137094,10.996068,13.346032,0.58501211,1.1718286,12.755577,14.94735,0.59790988,1.1883825,14.432362,17.151167,0.77927395,1.1453308,24.043223,27.537445
init,init,-1,,10353,176.Prairie_Warbler/Prairie_Warbler_0020_173359.jpg,176,175,176.Prairie_Warbler,129,128,gaussian_blur,gaussian_blur,0,"{""sigma"":1.36334}",5.9144373,6.2180538,0.30361652,0.0027001798,0.0019931204,0.028189778,0.029735375,-0.025489599,-0.027742255,-0.0022526563,0.75644839,1.1142491,42.199121,47.020333,False,0.95047033,True,False,False,0.75644839,1.1142491,42.199121,47.020333,0.65627305,1.1715446,33.224969,38.924533,0.95039381,1.0138836,26.016673,26.377878,0.38051613,1.3239137,5.8232852,7.7095274,0.5233094,1.2079866,10.996068,13.283103,0.53553185,1.2604189,12.755577,16.07737,0.62167889,1.1927372,14.432362,17.214015,0.758644,1.1194579,24.043223,26.915376
init,init,-1,,10353,176.Prairie_Warbler/Prairie_Warbler_0020_173359.jpg,176,175,176.Prairie_Warbler,129,128,random_erasing,random_erasing,0,"{""area_fraction"":0.159329,""erased"":true,""height"":0.401449,""left"":0.141905,""top"":0.38848,""width"":0.396885}",5.9144373,5.999156,0.084718704,0.0027001798,0.0024808445,0.028189778,0.027178202,-0.025489599,-0.024697357,0.00079224119,0.67073954,1.2240041,42.199121,51.651899,False,0.93466359,True,False,False,0.67073954,1.2240041,42.199121,51.651899,0.52254181,1.260606,33.224969,41.883594,0.9344071,1.1618393,26.016673,30.227193,0.14679509,1.0437201,5.8232852,6.07788,0.25976842,1.350656,10.996068,14.851906,0.31521139,1.3800676,12.755577,17.603559,0.47465131,1.2092688,14.432362,17.452606,0.68502415,1.2353782,24.043223,29.702474
init,init,-1,,5997,103.Sayornis/Sayornis_0098_98419.jpg,103,102,103.Sayornis,129,128,identity,identity,0,{},5.2874794,5.2874794,0,0.0050544851,0.0050544851,0.041734539,0.041734539,-0.036680054,-0.036680054,0,1,1,49.127909,49.127909,False,1,True,False,False,1,1,49.127909,49.127909,1,1,38.636377,38.636377,1,1,30.344386,30.344386,1,1,6.110458,6.110458,1,1,11.952708,11.952708,1,1,14.532083,14.532083,1,1,15.558553,15.558553,1,1,29.31407,29.31407
init,init,-1,,5997,103.Sayornis/Sayornis_0098_98419.jpg,103,102,103.Sayornis,129,128,horizontal_flip,horizontal_flip,0,"{""flipped"":true}",5.2874794,5.3965836,0.10910416,0.0050544851,0.0045320387,0.041734539,0.05126369,-0.036680054,-0.046731651,-0.010051597,0.69126785,1.0739302,49.127909,52.759943,False,0.97366381,True,False,False,0.69126785,1.0739302,49.127909,52.759943,0.52951542,1.1016952,38.636377,42.565511,0.97355633,1.0273244,30.344386,31.173528,0.50095522,1.0588773,6.110458,6.4702255,0.22326858,1.356135,11.952708,16.209486,0.38825641,1.1933807,14.532083,17.342308,0.38508773,1.1342798,15.558553,17.647753,0.68893345,1.0205598,29.31407,29.916762
init,init,-1,,5997,103.Sayornis/Sayornis_0098_98419.jpg,103,102,103.Sayornis,129,128,color_jitter,color_jitter,0,"{""brightness"":1.26965,""contrast"":0.672296,""hue"":-0.039911,""saturation"":1.084101}",5.2874794,5.5955257,0.30804634,0.0050544851,0.0037144446,0.041734539,0.045394927,-0.036680054,-0.041680483,-0.0050004288,0.8411744,1.0019566,49.127909,49.224035,False,0.98436201,True,False,False,0.8411744,1.0019566,49.127909,49.224035,0.75527495,1.0118228,38.636377,39.093169,0.98429657,0.98575181,30.344386,29.912033,0.70772934,1.0286562,6.110458,6.2855606,0.41274404,1.0047367,11.952708,12.009325,0.64467992,1.0949092,14.532083,15.911311,0.69687446,1.0033204,15.558553,15.610213,0.86238731,0.99321601,29.31407,29.115204
init,init,-1,,5997,103.Sayornis/Sayornis_0098_98419.jpg,103,102,103.Sayornis,129,128,rotation,rotation,0,"{""angle"":3.268407}",5.2874794,5.7091904,0.42171097,0.0050544851,0.0033153552,0.041734539,0.047663812,-0.036680054,-0.044348456,-0.0076684025,0.77037006,1.0603314,49.127909,52.091866,False,0.96921372,True,False,False,0.77037006,1.0603314,49.127909,52.091866,0.64773578,1.0601261,38.636377,40.959433,0.96908374,1.0606642,30.344386,32.185204,0.5816484,0.90482232,6.110458,5.5288788,0.31183734,1.0852163,11.952708,12.971274,0.36884462,1.0998843,14.532083,15.98361,0.5756577,1.0660983,15.558553,16.586947,0.80074912,1.0504741,29.31407,30.79367
init,init,-1,,5997,103.Sayornis/Sayornis_0098_98419.jpg,103,102,103.Sayornis,129,128,random_resized_crop,random_resized_crop,0,"{""area_fraction"":0.701176,""aspect"":0.820685,""fallback"":false,""height"":0.924326,""left"":0.052298,""top"":0.048903,""width"":0.758581}",5.2874794,5.1857605,-0.1017189,0.0050544851,0.0055956794,0.041734539,0.05160033,-0.036680054,-0.04600465,-0.0093245963,0.76861809,1.0243216,49.127909,50.32278,False,0.97192502,True,False,False,0.76861809,1.0243216,49.127909,50.32278,0.65266427,1.0513984,38.636377,40.622225,0.97178664,0.97883471,30.344386,29.702138,0.64964153,1.3493596,6.110458,8.245205,0.36162747,1.2526275,11.952708,14.972291,0.48696186,1.1273705,14.532083,16.383042,0.54423708,1.0270344,15.558553,15.979169,0.7979984,0.98532231,29.31407,28.883808
init,init,-1,,5997,103.Sayornis/Sayornis_0098_98419.jpg,103,102,103.Sayornis,129,128,gaussian_blur,gaussian_blur,0,"{""sigma"":1.830012}",5.2874794,5.0475492,-0.23993015,0.0050544851,0.0064250608,0.041734539,0.037016883,-0.036680054,-0.030591823,0.0060882312,0.60522628,1.157033,49.127909,56.842612,False,0.89564675,True,False,False,0.60522628,1.157033,49.127909,56.842612,0.48101825,1.271299,38.636377,49.118387,0.89535551,0.94280554,30.344386,28.608855,0.37714047,2.3913724,6.110458,14.612381,0.16261622,1.4937267,11.952708,17.85408,0.35615083,1.3873185,14.532083,20.160628,0.42467432,1.4165525,15.558553,22.039506,0.6451738,1.072339,29.31407,31.43462
init,init,-1,,5997,103.Sayornis/Sayornis_0098_98419.jpg,103,102,103.Sayornis,129,128,random_erasing,random_erasing,0,"{""area_fraction"":0.09646,""erased"":true,""height"":0.250472,""left"":0.574652,""top"":0.260988,""width"":0.385115}",5.2874794,5.4916005,0.20412111,0.0050544851,0.0041212421,0.041734539,0.055318356,-0.036680054,-0.051197113,-0.01451706,0.87829888,1.0944608,49.127909,53.76857,False,0.98125488,True,False,False,0.87829888,1.0944608,49.127909,53.76857,0.81102273,1.0625879,38.636377,41.054546,0.98102985,1.1442483,30.344386,34.721512,0.60093478,0.98598798,6.110458,6.0248381,0.64937785,0.87374216,11.952708,10.443585,0.7790356,0.93912111,14.532083,13.647386,0.76384403,1.0690398,15.558553,16.632712,0.86381532,1.119629,29.31407,32.820883
init,init,-1,,3787,066.Western_Gull/Western_Gull_0131_53349.jpg,66,65,066.Western_Gull,129,128,identity,identity,0,{},4.9190946,4.9190946,0,0.0073057436,0.0073057436,0.027086575,0.027086575,-0.019780831,-0.019780831,0,1,1,52.631658,52.631658,False,0.99999994,True,False,False,1,1,52.631658,52.631658,1,1,44.267422,44.267422,1,1,28.469049,28.469049,1,1,9.8090549,9.8090549,1,1,17.750812,17.750812,1,1,18.494061,18.494061,1,1,19.450027,19.450027,1,1,28.774326,28.774326
init,init,-1,,3787,066.Western_Gull/Western_Gull_0131_53349.jpg,66,65,066.Western_Gull,129,128,horizontal_flip,horizontal_flip,0,"{""flipped"":true}",4.9190946,5.2230453,0.30395079,0.0073057436,0.0053908853,0.027086575,0.022897888,-0.019780831,-0.017507003,0.0022738283,0.61642982,0.98516065,52.631658,51.850638,False,0.96661586,True,False,False,0.61642982,0.98516065,52.631658,51.850638,0.46977748,0.9813946,44.267422,43.443808,0.96647457,0.99420731,28.469049,28.304137,-0.028600841,1.0565272,9.8090549,10.363534,0.046703172,1.046942,17.750812,18.584071,0.43945798,0.9419222,18.494061,17.419967,0.49330544,0.95088217,19.450027,18.494684,0.70756794,0.97624054,28.774326,28.090664
init,init,-1,,3787,066.Western_Gull/Western_Gull_0131_53349.jpg,66,65,066.Western_Gull,129,128,color_jitter,color_jitter,0,"{""brightness"":1.241338,""contrast"":1.129572,""hue"":-0.02736,""saturation"":1.13678}",4.9190946,5.0581942,0.1390996,0.0073057436,0.0063570291,0.027086575,0.024878077,-0.019780831,-0.018521048,0.0012597828,0.80037984,1.0667631,52.631658,56.145509,False,0.96626842,False,False,False,0.80037984,1.0667631,52.631658,56.145509,0.7343209,1.0775161,44.267422,47.698858,0.96616417,1.0403052,28.469049,29.616501,0.4177597,1.6456825,9.8090549,16.14259,0.69237758,1.0665697,17.750812,18.932479,0.69425558,1.0089232,18.494061,18.659088,0.73812541,1.0478527,19.450027,20.380764,0.83695255,1.0383138,28.774326,29.87678
init,init,-1,,3787,066.Western_Gull/Western_Gull_0131_53349.jpg,66,65,066.Western_Gull,129,128,rotation,rotation,0,"{""angle"":-9.637193}",4.9190946,4.4589868,-0.4601078,0.0073057436,0.011574084,0.027086575,0.032442849,-0.019780831,-0.020868765,-0.0010879342,0.73819995,1.0866246,52.631658,57.190855,False,0.95168567,False,False,False,0.73819995,1.0866246,52.631658,57.190855,0.64170489,1.0517503,44.267422,46.558273,0.95125066,1.1666447,28.469049,33.213267,0.57746069,1.0957957,9.8090549,10.74872,0.57631118,0.89777166,17.750812,15.936176,0.53306203,1.0592698,18.494061,19.590201,0.58310792,1.0505004,19.450027,20.432262,0.74163272,1.0973005,28.774326,31.574084
init,init,-1,,3787,066.Western_Gull/Western_Gull_0131_53349.jpg,66,65,066.Western_Gull,129,128,random_resized_crop,random_resized_crop,0,"{""area_fraction"":0.596148,""aspect"":1.265558,""fallback"":false,""height"":0.686335,""left"":0.009683,""top"":0.15204,""width"":0.868596}",4.9190946,5.5919957,0.67290115,0.0073057436,0.0037275809,0.027086575,0.029046547,-0.019780831,-0.025318966,-0.0055381348,0.60021427,1.1854818,52.631658,62.39387,False,0.9070335,False,False,False,0.60021427,1.1854818,52.631658,62.39387,0.49078865,1.2284931,44.267422,54.382222,0.90669236,1.0743974,28.469049,30.587071,0.30013677,1.6220146,9.8090549,15.910431,0.42448725,1.5015953,17.750812,26.654536,0.44062081,1.2639543,18.494061,23.375648,0.4271461,1.0904336,19.450027,21.208964,0.6240311,1.0976616,28.774326,31.584472
init,init,-1,,3787,066.Western_Gull/Western_Gull_0131_53349.jpg,66,65,066.Western_Gull,129,128,gaussian_blur,gaussian_blur,0,"{""sigma"":1.87248}",4.9190946,4.8383265,-0.080768108,0.0073057436,0.007920295,0.027086575,0.030241879,-0.019780831,-0.022321584,-0.0025407528,0.55808331,1.1578304,52.631658,60.938535,False,0.90658486,False,False,False,0.55808331,1.1578304,52.631658,60.938535,0.42226562,1.1763412,44.267422,52.07359,0.90616592,1.1118024,28.469049,31.651956,-0.014079449,1.3110595,9.8090549,12.860255,0.3169108,1.3754434,17.750812,24.415238,0.27570552,1.1712494,18.494061,21.661159,0.40877314,1.1141102,19.450027,21.669472,0.6065893,1.1052376,28.774326,31.802467
init,init,-1,,3787,066.Western_Gull/Western_Gull_0131_53349.jpg,66,65,066.Western_Gull,129,128,random_erasing,random_erasing,0,"{""area_fraction"":0.085616,""erased"":true,""height"":0.347748,""left"":0.537862,""top"":0.147254,""width"":0.246201}",4.9190946,4.6104679,-0.30862665,0.0073057436,0.0099471612,0.027086575,0.023136269,-0.019780831,-0.013189108,0.0065917228,0.77173518,0.92281433,52.631658,48.569248,False,0.95924562,False,False,False,0.77173518,0.92281433,52.631658,48.569248,0.68424305,0.8771266,44.267422,38.828133,0.95908529,1.0248978,28.469049,29.177867,0.026992733,0.68836801,9.8090549,6.7522397,0.51830037,0.72238372,17.750812,12.822898,0.69005209,0.83807609,18.494061,15.499431,0.69692185,0.8601933,19.450027,16.730783,0.78740123,0.96901814,28.774326,27.882844
init,init,-1,,11232,191.Red_headed_Woodpecker/Red_Headed_Woodpecker_0013_182721.jpg,191,190,191.Red_headed_Woodpecker,100,99,identity,identity,0,{},7.0302038,7.0302038,0,0.00088475121,0.00088475121,0.044212043,0.044212043,-0.043327292,-0.043327292,0,1,1,69.468406,69.468406,False,0.99999988,True,False,False,1,1,69.468406,69.468406,1,1,61.247524,61.247524,1,1,32.781097,32.781097,1,1,13.695206,13.695206,1,1,25.083539,25.083539,1,1,26.995457,26.995457,1,1,28.764573,28.764573,1,1,37.126287,37.126287
init,init,-1,,11232,191.Red_headed_Woodpecker/Red_Headed_Woodpecker_0013_182721.jpg,191,190,191.Red_headed_Woodpecker,100,99,horizontal_flip,horizontal_flip,0,"{""flipped"":true}",7.0302038,6.9064903,-0.12371349,0.00088475121,0.0010012661,0.044212043,0.036496818,-0.043327292,-0.035495552,0.0078317401,0.65649056,0.97059278,69.468406,67.425533,False,0.94822526,False,False,False,0.65649056,0.97059278,69.468406,67.425533,0.56751594,0.95535311,61.247524,58.513012,0.94797185,1.0220124,32.781097,33.502686,0.63987901,0.7392396,13.695206,10.124039,0.46170238,0.84535836,25.083539,21.204579,0.57087571,0.94520446,26.995457,25.516226,0.45663518,0.93472425,28.764573,26.886944,0.66340989,1.0423765,37.126287,38.69957
init,init,-1,,11232,191.Red_headed_Woodpecker/Red_Headed_Woodpecker_0013_182721.jpg,191,190,191.Red_headed_Woodpecker,100,99,color_jitter,color_jitter,0,"{""brightness"":0.771749,""contrast"":1.385232,""hue"":0.043243,""saturation"":1.119682}",7.0302038,6.9925928,-0.037611008,0.00088475121,0.0009186613,0.044212043,0.024097765,-0.043327292,-0.023179104,0.020148189,0.80456013,0.97337717,69.468406,67.618961,False,0.95081389,False,False,False,0.80456013,0.97337717,69.468406,67.618961,0.75888671,0.94554999,61.247524,57.912596,0.95043389,1.0648325,32.781097,34.906376,0.59337001,0.95948837,13.695206,13.140391,0.7116244,0.91868446,25.083539,23.043857,0.72708303,0.90212254,26.995457,24.35321,0.73896882,0.87992082,28.764573,25.310546,0.82849628,1.0137322,37.126287,37.636111
init,init,-1,,11232,191.Red_headed_Woodpecker/Red_Headed_Woodpecker_0013_182721.jpg,191,190,191.Red_headed_Woodpecker,100,99,rotation,rotation,0,"{""angle"":-0.174229}",7.0302038,7.0991802,0.068976402,0.00088475121,0.00082578143,0.044212043,0.047420777,-0.043327292,-0.046594996,-0.0032677039,0.93994524,1.0187802,69.468406,70.773035,False,0.99587727,True,False,False,0.93994524,1.0187802,69.468406,70.773035,0.92464837,1.0269504,61.247524,62.898168,0.99585421,0.98973076,32.781097,32.444459,0.80029448,1.2275354,13.695206,16.811351,0.90765586,1.056914,25.083539,26.511143,0.92031481,1.0291015,26.995457,27.781066,0.92626978,1.0044933,28.764573,28.893821,0.95842543,0.99480485,37.126287,36.933411
init,init,-1,,11232,191.Red_headed_Woodpecker/Red_Headed_Woodpecker_0013_182721.jpg,191,190,191.Red_headed_Woodpecker,100,99,random_resized_crop,random_resized_crop,0,"{""area_fraction"":0.768216,""aspect"":1.286726,""fallback"":false,""height"":0.772678,""left"":0.003281,""top"":0.116914,""width"":0.994225}",7.0302038,6.7671876,-0.26301622,0.00088475121,0.001150927,0.044212043,0.030398693,-0.043327292,-0.029247766,0.014079526,0.74399833,0.89981056,69.468406,62.508405,False,0.94617617,False,False,False,0.74399833,0.89981056,69.468406,62.508405,0.68601213,0.89926879,61.247524,55.077986,0.94587547,0.90169924,32.781097,29.55869,0.66825223,0.90656862,13.695206,12.415644,0.66532504,0.83908667,25.083539,21.047263,0.65440944,0.95086274,26.995457,25.668974,0.61164674,0.8446527,28.764573,24.296074,0.75699377,0.9280903,37.126287,34.456547
init,init,-1,,11232,191.Red_headed_Woodpecker/Red_Headed_Woodpecker_0013_182721.jpg,191,190,191.Red_headed_Woodpecker,100,99,gaussian_blur,gaussian_blur,0,"{""sigma"":1.725529}",7.0302038,6.5752907,-0.45491314,0.00088475121,0.0013944011,0.044212043,0.024973683,-0.043327292,-0.023579282,0.01974801,0.53539624,0.92797058,69.468406,64.464637,False,0.871306,True,False,False,0.53539624,0.92797058,69.468406,64.464637,0.44484869,0.93922984,61.247524,57.525502,0.87056428,0.88754741,32.781097,29.094777,0.25332601,0.8592708,13.695206,11.767891,0.22268458,0.99406137,25.083539,24.934577,0.39231715,1.0206866,26.995457,27.553902,0.41341644,0.85477107,28.764573,24.587125,0.62827359,0.92729617,37.126287,34.427064
init,init,-1,,11232,191.Red_headed_Woodpecker/Red_Headed_Woodpecker_0013_182721.jpg,191,190,191.Red_headed_Woodpecker,100,99,random_erasing,random_erasing,0,"{""area_fraction"":0.16062,""erased"":true,""height"":0.609697,""left"":0.672729,""top"":0.018281,""width"":0.263443}",7.0302038,7.0503283,0.020124435,0.00088475121,0.00086712441,0.044212043,0.038345348,-0.043327292,-0.037478224,0.0058490684,0.87386606,0.97890014,69.468406,68.002632,False,0.9769361,True,False,False,0.87386606,0.97890014,69.468406,68.002632,0.84434716,0.97867954,61.247524,59.941698,0.97680803,0.97966982,32.781097,32.114651,0.83673528,1.0647594,13.695206,14.5821,0.84517215,0.95625254,25.083539,23.986198,0.85156011,0.93459556,26.995457,25.229834,0.81390185,0.92331296,28.764573,26.558703,0.8608209,1.0302885,37.126287,38.250786
init,init,-1,,4848,083.White_breasted_Kingfisher/White_Breasted_Kingfisher_0118_73511.jpg,83,82,083.White_breasted_Kingfisher,129,128,identity,identity,0,{},4.9091311,4.9091311,0,0.0073788995,0.0073788995,0.029657299,0.029657299,-0.022278399,-0.022278399,0,1,1,53.351818,53.351818,False,1,True,False,False,1,1,53.351818,53.351818,1,1,44.372911,44.372911,1,1,29.621972,29.621972,1,1,5.7993182,5.7993182,1,1,15.12555,15.12555,1,1,19.945237,19.945237,1,1,20.267113,20.267113,1,1,29.96619,29.96619
init,init,-1,,4848,083.White_breasted_Kingfisher/White_Breasted_Kingfisher_0118_73511.jpg,83,82,083.White_breasted_Kingfisher,129,128,horizontal_flip,horizontal_flip,0,"{""flipped"":true}",4.9091311,4.9022846,-0.0068464279,0.0073788995,0.0074295877,0.029657299,0.01788564,-0.022278399,-0.010456053,0.011822347,0.63762948,0.86641672,53.351818,46.224907,False,0.95131707,False,False,False,0.63762948,0.86641672,53.351818,46.224907,0.4864234,0.84299114,44.372911,37.405971,0.95111989,0.91680602,29.621972,27.157602,0.22655035,1.1430736,5.7993182,6.6290476,0.28853013,0.93485471,15.12555,14.140192,0.42516511,0.74758717,19.945237,14.910803,0.39541697,0.74688324,20.267113,15.137167,0.61533765,0.88533775,29.96619,26.530199
init,init,-1,,4848,083.White_breasted_Kingfisher/White_Breasted_Kingfisher_0118_73511.jpg,83,82,083.White_breasted_Kingfisher,129,128,color_jitter,color_jitter,0,"{""brightness"":1.289972,""contrast"":0.751762,""hue"":-0.020454,""saturation"":1.089121}",4.9091311,5.0319262,0.1227951,0.0073788995,0.0065262262,0.029657299,0.026961049,-0.022278399,-0.020434823,0.0018435763,0.88623815,1.0007146,53.351818,53.389941,False,0.9872359,True,False,False,0.88623815,1.0007146,53.351818,53.389941,0.83982703,0.98976926,44.372911,43.918944,0.98718417,1.0248496,29.621972,30.358067,0.59190276,1.2387036,5.7993182,7.1836362,0.73396363,1.0266219,15.12555,15.528221,0.79939346,0.97967227,19.945237,19.539796,0.82458341,0.94855577,20.267113,19.224486,0.90514727,0.9926152,29.96619,29.744896
init,init,-1,,4848,083.White_breasted_Kingfisher/White_Breasted_Kingfisher_0118_73511.jpg,83,82,083.White_breasted_Kingfisher,129,128,rotation,rotation,0,"{""angle"":5.601364}",4.9091311,4.8732405,-0.035890579,0.0073788995,0.0076485402,0.029657299,0.022958633,-0.022278399,-0.015310092,0.0069683068,0.77629823,0.96643209,53.351818,51.560909,False,0.96524966,True,False,False,0.77629823,0.96643209,53.351818,51.560909,0.69403858,0.97294251,44.372911,43.172291,0.96514249,0.95166112,29.621972,28.190079,0.27824395,1.1201021,5.7993182,6.4958284,0.55854381,1.095958,15.12555,16.576968,0.58214703,0.90560298,19.945237,18.062466,0.68325553,0.9671968,20.267113,19.602286,0.80526855,0.96507978,29.96619,28.919764
init,init,-1,,4848,083.White_breasted_Kingfisher/White_Breasted_Kingfisher_0118_73511.jpg,83,82,083.White_breasted_Kingfisher,129,128,random_resized_crop,random_resized_crop,0,"{""area_fraction"":0.540853,""aspect"":1.296774,""fallback"":false,""height"":0.645814,""left"":0.067774,""top"":0.337163,""width"":0.837475}",4.9091311,4.9391446,0.030013561,0.0073788995,0.0071607213,0.029657299,0.021570254,-0.022278399,-0.014409533,0.0078688664,0.61324204,1.0171228,53.351818,54.26535,False,0.92225879,False,False,False,0.61324204,1.0171228,53.351818,54.26535,0.48043889,1.0278481,44.372911,45.608613,0.92207417,0.99263427,29.621972,29.403785,0.075224596,1.4613639,5.7993182,8.4749142,0.45040234,1.2131831,15.12555,18.350062,0.30442728,1.0300978,19.945237,20.545546,0.40628608,0.96670639,20.267113,19.592347,0.6323615,0.9818189,29.96619,29.421372
init,init,-1,,4848,083.White_breasted_Kingfisher/White_Breasted_Kingfisher_0118_73511.jpg,83,82,083.White_breasted_Kingfisher,129,128,gaussian_blur,gaussian_blur,0,"{""sigma"":1.383263}",4.9091311,4.8484254,-0.060705662,0.0073788995,0.0078407153,0.029657299,0.022085076,-0.022278399,-0.014244361,0.0080340384,0.75309091,1.0891187,53.351818,58.106463,False,0.95979905,True,False,False,0.75309091,1.0891187,53.351818,58.106463,0.67251624,1.1255197,44.372911,49.942585,0.959657,1.0026394,29.621972,29.700156,0.35648596,1.6820421,5.7993182,9.7546975,0.59020156,1.2424716,15.12555,18.793067,0.60990865,1.1052617,19.945237,22.044707,0.62630334,1.1277512,20.267113,22.856259,0.77093169,1.0749125,29.96619,32.211032
init,init,-1,,4848,083.White_breasted_Kingfisher/White_Breasted_Kingfisher_0118_73511.jpg,83,82,083.White_breasted_Kingfisher,129,128,random_erasing,random_erasing,0,"{""area_fraction"":0.175254,""erased"":true,""height"":0.351846,""left"":0.185277,""top"":0.539982,""width"":0.498097}",4.9091311,5.0090189,0.099887848,0.0073788995,0.006677452,0.029657299,0.032175355,-0.022278399,-0.025497903,-0.0032195034,0.82563575,1.0790586,53.351818,57.569736,False,0.96935266,True,False,False,0.82563575,1.0790586,53.351818,57.569736,0.76709993,1.1036642,44.372911,48.972796,0.96926524,1.0216908,29.621972,30.264497,0.67095648,1.1967844,5.7993182,6.9405334,0.69814487,1.09858,15.12555,16.616627,0.73380477,1.1616261,19.945237,23.168907,0.74792368,1.1155192,20.267113,22.608353,0.81537212,1.0689726,29.96619,32.033038
init,init,-1,,9080,155.Warbling_Vireo/Warbling_Vireo_0132_158420.jpg,155,154,155.Warbling_Vireo,129,128,identity,identity,0,{},5.1095743,5.1095743,0,0.0060386513,0.0060386513,0.028341195,0.028341195,-0.022302543,-0.022302543,0,1,1,50.337959,50.337959,False,1,True,False,False,1,1,50.337959,50.337959,1,1,42.298734,42.298734,1,1,27.289691,27.289691,1,1,8.49655,8.49655,1,1,14.213828,14.213828,1,1,14.943712,14.943712,1,1,17.76049,17.76049,1,1,31.244345,31.244345
init,init,-1,,9080,155.Warbling_Vireo/Warbling_Vireo_0132_158420.jpg,155,154,155.Warbling_Vireo,129,128,horizontal_flip,horizontal_flip,0,"{""flipped"":true}",5.1095743,5.0768404,-0.032733917,0.0060386513,0.0062395935,0.028341195,0.021356685,-0.022302543,-0.015117092,0.0071854517,0.66925288,1.0984841,50.337959,55.29545,False,0.95608497,False,False,False,0.66925288,1.0984841,50.337959,55.29545,0.5593359,1.1223507,42.298734,47.474012,0.95597676,1.0389071,27.289691,28.351454,0.31990619,0.98735437,8.49655,8.3891058,0.50014529,1.1904251,14.213828,16.920496,0.48887798,1.3093455,14.943712,19.566481,0.39840515,1.1691886,17.76049,20.765362,0.67126857,1.0533038,31.244345,32.909787
init,init,-1,,9080,155.Warbling_Vireo/Warbling_Vireo_0132_158420.jpg,155,154,155.Warbling_Vireo,129,128,color_jitter,color_jitter,0,"{""brightness"":1.320927,""contrast"":0.712402,""hue"":-0.017408,""saturation"":1.365088}",5.1095743,4.9609027,-0.14867163,0.0060386513,0.0070065996,0.028341195,0.041632496,-0.022302543,-0.034625896,-0.012323353,0.85241349,1.0662539,50.337959,53.673046,False,0.97402918,True,False,False,0.85241349,1.0662539,50.337959,53.673046,0.80202076,1.0672119,42.298734,45.141713,0.97385451,1.0639488,27.289691,29.034835,0.64597691,0.94082091,8.49655,7.9937319,0.69547848,1.1232812,14.213828,15.966125,0.71222674,1.066033,14.943712,15.930489,0.755801,1.1019268,17.76049,19.570761,0.87315105,1.05287,31.244345,32.896234
init,init,-1,,9080,155.Warbling_Vireo/Warbling_Vireo_0132_158420.jpg,155,154,155.Warbling_Vireo,129,128,rotation,rotation,0,"{""angle"":-4.547871}",5.1095743,5.2167711,0.10719681,0.0060386513,0.0054248171,0.028341195,0.028515259,-0.022302543,-0.023090442,-0.00078789843,0.7691654,1.108093,50.337959,55.779138,False,0.9594,True,False,False,0.7691654,1.108093,50.337959,55.779138,0.69467196,1.1257987,42.298734,47.619861,0.95933499,1.0643522,27.289691,29.045844,0.56356994,1.1126342,8.49655,9.4535522,0.56060676,1.1753961,14.213828,16.706878,0.63819639,1.2925142,14.943712,19.31496,0.63665909,1.2053431,17.76049,21.407483,0.77825483,1.0458667,31.244345,32.677419
init,init,-1,,9080,155.Warbling_Vireo/Warbling_Vireo_0132_158420.jpg,155,154,155.Warbling_Vireo,129,128,random_resized_crop,random_resized_crop,0,"{""area_fraction"":0.724781,""aspect"":1.02078,""fallback"":false,""height"":0.842631,""left"":0.074697,""top"":0.091841,""width"":0.86014}",5.1095743,5.1745119,0.064937592,0.0060386513,0.0056589795,0.028341195,0.036384985,-0.022302543,-0.030726005,-0.008423462,0.71061363,1.1054447,50.337959,55.645828,False,0.95830578,True,False,False,0.71061363,1.1054447,50.337959,55.645828,0.6161945,1.1305014,42.298734,47.818779,0.9582077,1.0427887,27.289691,28.457381,0.43085847,0.92486107,8.49655,7.8581284,0.4321684,1.2233493,14.213828,17.388476,0.53924921,1.4208465,14.943712,21.232721,0.52310417,1.1151842,17.76049,19.806217,0.73614876,1.0515311,31.244345,32.854402
init,init,-1,,9080,155.Warbling_Vireo/Warbling_Vireo_0132_158420.jpg,155,154,155.Warbling_Vireo,129,128,gaussian_blur,gaussian_blur,0,"{""sigma"":1.085472}",5.1095743,5.3200665,0.21049213,0.0060386513,0.0048924303,0.028341195,0.034055669,-0.022302543,-0.029163239,-0.0068606953,0.76810417,1.0861687,50.337959,54.675515,False,0.95696908,True,False,False,0.76810417,1.0861687,50.337959,54.675515,0.68741694,1.077147,42.298734,45.561954,0.95684087,1.1075427,27.289691,30.224498,0.46975724,0.89342275,8.49655,7.5910111,0.64334685,1.1201901,14.213828,15.922189,0.54617838,1.1628447,14.943712,17.377215,0.58368291,1.0609839,17.76049,18.843594,0.78059769,1.0652225,31.244345,33.282179
init,init,-1,,9080,155.Warbling_Vireo/Warbling_Vireo_0132_158420.jpg,155,154,155.Warbling_Vireo,129,128,random_erasing,random_erasing,0,"{""area_fraction"":0.167396,""erased"":true,""height"":0.520131,""left"":0.643079,""top"":0.195286,""width"":0.321835}",5.1095743,5.102694,-0.0068802834,0.0060386513,0.0060803448,0.028341195,0.02810256,-0.022302543,-0.022022215,0.00028032809,0.83433859,1.1391994,50.337959,57.344974,False,0.96917737,True,False,False,0.83433859,1.1391994,50.337959,57.344974,0.77793934,1.1372967,42.298734,48.106211,0.96907996,1.1437577,27.289691,31.212795,0.75240228,0.88772518,8.49655,7.5426014,0.78237588,1.232649,14.213828,17.520661,0.72248703,1.1988356,14.943712,17.915053,0.69777487,1.1533174,17.76049,20.483481,0.82138706,1.1132408,31.244345,34.782481
init,init,-1,,5394,093.Clark_Nutcracker/Clark_Nutcracker_0098_85105.jpg,93,92,093.Clark_Nutcracker,8,7,identity,identity,0,{},5.3582201,5.3582201,0,0.0047092824,0.0047092824,0.029339805,0.029339805,-0.024630523,-0.024630523,0,1,1,50.744086,50.744086,False,0.99999994,True,False,False,1,1,50.744086,50.744086,1,1,43.525776,43.525776,1,1,26.085802,26.085802,1,1,6.9703584,6.9703584,1,1,13.671021,13.671021,1,1,21.014072,21.014072,1,1,19.531317,19.531317,1,1,28.912747,28.912747
init,init,-1,,5394,093.Clark_Nutcracker/Clark_Nutcracker_0098_85105.jpg,93,92,093.Clark_Nutcracker,8,7,horizontal_flip,horizontal_flip,0,"{""flipped"":true}",5.3582201,5.6734838,0.31526375,0.0047092824,0.003435876,0.029339805,0.03577083,-0.024630523,-0.032334954,-0.007704431,0.68072478,1.0548125,50.744086,53.525497,False,0.95681912,True,False,False,0.68072478,1.0548125,50.744086,53.525497,0.58217907,1.0564812,43.525776,45.984162,0.95674817,1.0501529,26.085802,27.394082,0.40532623,1.0138084,6.9703584,7.0666081,0.20409585,1.2533312,13.671021,17.134316,0.6466402,1.075348,21.014072,22.59744,0.51983107,1.0291338,19.531317,20.100338,0.69296672,1.0121321,28.912747,29.263519
init,init,-1,,5394,093.Clark_Nutcracker/Clark_Nutcracker_0098_85105.jpg,93,92,093.Clark_Nutcracker,8,7,color_jitter,color_jitter,0,"{""brightness"":1.27264,""contrast"":1.266901,""hue"":0.070474,""saturation"":1.103824}",5.3582201,5.5875225,0.22930241,0.0047092824,0.0037442925,0.029339805,0.025812462,-0.024630523,-0.022068169,0.0025623534,0.77945245,1.0431553,50.744086,52.933962,False,0.93738043,True,False,False,0.77945245,1.0431553,50.744086,52.933962,0.72543049,1.0550605,43.525776,45.922326,0.93724963,1.0092707,26.085802,26.327635,0.58966617,1.3304126,6.9703584,9.2734528,0.41749893,1.1666236,13.671021,15.948935,0.74637568,1.0335321,21.014072,21.718717,0.71933882,1.0128986,19.531317,19.783243,0.80720137,1.0407215,28.912747,30.090117
init,init,-1,,5394,093.Clark_Nutcracker/Clark_Nutcracker_0098_85105.jpg,93,92,093.Clark_Nutcracker,8,7,rotation,rotation,0,"{""angle"":-13.294635}",5.3582201,6.0427551,0.68453503,0.0047092824,0.0023750067,0.029339805,0.019589314,-0.024630523,-0.017214308,0.0074162153,0.64319872,1.1037399,50.744086,56.008273,False,0.93430758,False,False,False,0.64319872,1.1037399,50.744086,56.008273,0.54676365,1.1248245,43.525776,48.958859,0.93418696,1.0427951,26.085802,27.202147,0.36929702,1.3740536,6.9703584,9.5776458,0.26621924,1.2971982,13.671021,17.734023,0.56899002,1.1064518,21.014072,23.251056,0.50251712,1.1577445,19.531317,22.612274,0.65019115,1.059744,28.912747,30.640112
init,init,-1,,5394,093.Clark_Nutcracker/Clark_Nutcracker_0098_85105.jpg,93,92,093.Clark_Nutcracker,8,7,random_resized_crop,random_resized_crop,0,"{""area_fraction"":0.561945,""aspect"":1.181277,""fallback"":false,""height"":0.689717,""left"":0.084827,""top"":0.213086,""width"":0.814747}",5.3582201,5.7753839,0.41716385,0.0047092824,0.0031030073,0.029339805,0.022959437,-0.024630523,-0.01985643,0.0047740929,0.60172294,1.0410218,50.744086,52.825701,False,0.87905574,False,False,False,0.60172294,1.0410218,50.744086,52.825701,0.49019202,1.0033248,43.525776,43.670492,0.87860631,1.1394232,26.085802,29.722766,0.5201276,1.4396481,6.9703584,10.034863,0.31287087,1.0021865,13.671021,13.700913,0.48293073,0.97509034,21.014072,20.490618,0.36234219,0.90408177,19.531317,17.657907,0.58512636,1.0301017,28.912747,29.78307
init,init,-1,,5394,093.Clark_Nutcracker/Clark_Nutcracker_0098_85105.jpg,93,92,093.Clark_Nutcracker,8,7,gaussian_blur,gaussian_blur,0,"{""sigma"":1.433517}",5.3582201,5.6787357,0.32051563,0.0047092824,0.0034178772,0.029339805,0.025578838,-0.024630523,-0.022160961,0.0024695622,0.64935234,1.0464745,50.744086,53.102391,False,0.89016449,True,False,False,0.64935234,1.0464745,50.744086,53.102391,0.57504216,1.0803876,43.525776,47.02471,0.89009544,0.94567213,26.085802,24.668616,0.31564551,1.2291859,6.9703584,8.5678666,0.26136022,1.3754885,13.671021,18.804331,0.61400337,1.1448145,21.014072,24.057214,0.56678161,1.0342702,19.531317,20.200659,0.68209189,0.9767308,28.912747,28.239971
init,init,-1,,5394,093.Clark_Nutcracker/Clark_Nutcracker_0098_85105.jpg,93,92,093.Clark_Nutcracker,8,7,random_erasing,random_erasing,0,"{""area_fraction"":0.108012,""erased"":true,""height"":0.181366,""left"":0.356726,""top"":0.660348,""width"":0.595546}",5.3582201,5.5654492,0.20722914,0.0047092824,0.0038278606,0.029339805,0.023692781,-0.024630523,-0.019864921,0.0047656023,0.83504386,1.1122444,50.744086,56.439826,False,0.94778854,False,False,False,0.83504386,1.1122444,50.744086,56.439826,0.79502875,1.1151949,43.525776,48.539722,0.94761214,1.1039885,26.085802,28.798426,0.81352771,1.1077323,6.9703584,7.721291,0.67040485,1.2410834,13.671021,16.966877,0.82195268,1.0805015,21.014072,22.705736,0.78283469,1.1147578,19.531317,21.772688,0.81835995,1.1040788,28.912747,31.921952
init,init,-1,,4994,086.Pacific_Loon/Pacific_Loon_0063_75865.jpg,86,85,086.Pacific_Loon,38,37,identity,identity,0,{},4.9988227,4.9988227,0,0.0067458833,0.0067458833,0.020020563,0.020020563,-0.01327468,-0.01327468,0,1,1,61.91313,61.91313,False,0.99999994,True,False,False,1,1,61.91313,61.91313,1,1,56.083412,56.083412,1,1,26.227593,26.227593,1,1,17.177978,17.177978,1,1,23.924623,23.924623,1,1,25.415781,25.415781,1,1,24.071278,24.071278,1,1,32.442107,32.442107
init,init,-1,,4994,086.Pacific_Loon/Pacific_Loon_0063_75865.jpg,86,85,086.Pacific_Loon,38,37,horizontal_flip,horizontal_flip,0,"{""flipped"":true}",4.9988227,4.8931761,-0.10564661,0.0067458833,0.0074975733,0.020020563,0.015408465,-0.01327468,-0.0079108914,0.0053637885,0.52646185,1.0326995,61.91313,63.937659,False,0.95272362,False,False,False,0.52646185,1.0326995,61.91313,63.937659,0.43491702,1.035963,56.083412,58.100342,0.95265315,1.0176437,26.227593,26.690345,-0.17699653,1.0605646,17.177978,18.218356,0.1903866,1.2132596,23.924623,29.026777,0.58316698,1.0259628,25.415781,26.075646,0.48071461,0.94456871,24.071278,22.736976,0.67187538,0.97682761,32.442107,31.690346
init,init,-1,,4994,086.Pacific_Loon/Pacific_Loon_0063_75865.jpg,86,85,086.Pacific_Loon,38,37,color_jitter,color_jitter,0,"{""brightness"":0.88569,""contrast"":1.391165,""hue"":0.089943,""saturation"":1.105776}",4.9988227,4.4339314,-0.56489134,0.0067458833,0.011867742,0.020020563,0.018121859,-0.01327468,-0.006254117,0.0070205629,0.85870086,0.96069709,61.91313,59.479764,False,0.97555387,False,False,False,0.85870086,0.96069709,61.91313,59.479764,0.83130375,0.94174896,56.083412,52.816495,0.97542014,1.0429606,26.227593,27.354346,0.80240369,0.6977619,17.177978,11.986138,0.8171723,1.0354343,23.924623,24.772375,0.83035278,0.91314283,25.415781,23.208238,0.79007953,0.91503949,24.071278,22.02617,0.87767106,0.978864,32.442107,31.75641
init,init,-1,,4994,086.Pacific_Loon/Pacific_Loon_0063_75865.jpg,86,85,086.Pacific_Loon,38,37,rotation,rotation,0,"{""angle"":-13.902613}",4.9988227,4.4960213,-0.50280142,0.0067458833,0.011153285,0.020020563,0.020880574,-0.01327468,-0.009727289,0.0035473909,0.62916066,0.98978235,61.91313,61.280523,False,0.84725773,False,False,False,0.62916066,0.98978235,61.91313,61.280523,0.57428073,0.95350453,56.083412,53.475787,0.84690204,1.1410613,26.227593,29.927291,0.50191074,0.65485663,17.177978,11.249113,0.54896272,0.83725661,23.924623,20.031048,0.57865604,0.89590906,25.415781,22.770228,0.51908682,0.97396997,24.071278,23.444702,0.63681703,1.0957698,32.442107,35.54908
init,init,-1,,4994,086.Pacific_Loon/Pacific_Loon_0063_75865.jpg,86,85,086.Pacific_Loon,38,37,random_resized_crop,random_resized_crop,0,"{""area_fraction"":0.633082,""aspect"":0.830947,""fallback"":false,""height"":0.872858,""left"":0.205273,""top"":0.078432,""width"":0.725298}",4.9988227,4.5889125,-0.4099102,0.0067458833,0.010163905,0.020020563,0.014457013,-0.01327468,-0.0042931074,0.0089815725,0.72193252,1.0415604,61.91313,64.486264,False,0.93759412,False,False,False,0.72193252,1.0415604,61.91313,64.486264,0.67096966,1.0236711,56.083412,57.410966,0.93731351,1.1197236,26.227593,29.367656,0.48231326,0.73206103,17.177978,12.575328,0.59998943,0.9277819,23.924623,22.196832,0.6896073,1.0853037,25.415781,27.583841,0.65532585,1.0696185,24.071278,25.747083,0.74789713,1.0772586,32.442107,34.948537
init,init,-1,,4994,086.Pacific_Loon/Pacific_Loon_0063_75865.jpg,86,85,086.Pacific_Loon,38,37,gaussian_blur,gaussian_blur,0,"{""sigma"":1.469112}",4.9988227,4.6627612,-0.33606148,0.0067458833,0.0094403606,0.020020563,0.016736884,-0.01327468,-0.0072965231,0.0059781568,0.62280638,1.2453933,61.91313,77.106197,False,0.89304936,False,False,False,0.62280638,1.2453933,61.91313,77.106197,0.56971149,1.2655988,56.083412,70.979096,0.89278943,1.1484843,26.227593,30.121978,0.42031033,1.1184745,17.177978,19.21313,0.38498122,1.1813281,23.924623,28.26283,0.59469553,1.4852772,25.415781,37.74948,0.60162696,1.3082959,24.071278,31.492354,0.68097103,1.1750866,32.442107,38.122285
init,init,-1,,4994,086.Pacific_Loon/Pacific_Loon_0063_75865.jpg,86,85,086.Pacific_Loon,38,37,random_erasing,random_erasing,0,"{""area_fraction"":0.096601,""erased"":true,""height"":0.201831,""left"":0.140445,""top"":0.223434,""width"":0.478625}",4.9988227,5.28687,0.28804731,0.0067458833,0.0050575645,0.020020563,0.0072942064,-0.01327468,-0.0022366419,0.011038038,0.62563087,0.95645611,61.91313,59.217192,False,0.88741279,False,False,False,0.62563087,0.95645611,61.91313,59.217192,0.56169556,0.93248758,56.083412,52.297085,0.88707806,1.059164,26.227593,27.779322,0.25867775,0.73122792,17.177978,12.561017,0.52637404,0.8906216,23.924623,21.307785,0.55718653,0.90400145,25.415781,22.975903,0.54384811,0.90933504,24.071278,21.888856,0.65634013,1.0298077,32.442107,33.409132
init,init,-1,,11088,189.Red_bellied_Woodpecker/Red_Bellied_Woodpecker_0125_180780.jpg,189,188,189.Red_bellied_Woodpecker,129,128,identity,identity,0,{},6.0721745,6.0721745,0,0.0023061528,0.0023061528,0.026824769,0.026824769,-0.024518616,-0.024518616,0,1,1,50.593015,50.593015,False,1,True,False,False,1,1,50.593015,50.593015,1,1,43.3466,43.3466,1,1,26.090717,26.090717,1,1,9.6906313,9.6906313,1,1,13.870735,13.870735,1,1,17.841211,17.841211,1,1,20.068472,20.068472,1,1,29.522359,29.522359
init,init,-1,,11088,189.Red_bellied_Woodpecker/Red_Bellied_Woodpecker_0125_180780.jpg,189,188,189.Red_bellied_Woodpecker,129,128,horizontal_flip,horizontal_flip,0,"{""flipped"":true}",6.0721745,6.0674138,-0.0047607422,0.0023061528,0.002317158,0.026824769,0.020696739,-0.024518616,-0.018379581,0.0061390351,0.64825547,0.8826734,50.593015,44.657109,False,0.9386664,False,False,False,0.64825547,0.8826734,50.593015,44.657109,0.53145843,0.85369529,43.3466,37.004788,0.93857042,0.95812087,26.090717,24.998061,0.37458477,0.52567669,9.6906313,5.094139,0.44817734,0.89638534,13.870735,12.433524,0.46906887,0.75629397,17.841211,13.493201,0.39861664,0.83276058,20.068472,16.712232,0.64059734,0.91358602,29.522359,26.971214
init,init,-1,,11088,189.Red_bellied_Woodpecker/Red_Bellied_Woodpecker_0125_180780.jpg,189,188,189.Red_bellied_Woodpecker,129,128,color_jitter,color_jitter,0,"{""brightness"":0.86638,""contrast"":1.254693,""hue"":0.065738,""saturation"":0.705738}",6.0721745,5.85988,-0.21229458,0.0023061528,0.0028515859,0.026824769,0.023022041,-0.024518616,-0.020170455,0.0043481609,0.81367202,1.1179396,50.593015,56.559937,False,0.9476282,False,False,False,0.81367202,1.1179396,50.593015,56.559937,0.76272909,1.1002045,43.3466,47.690124,0.94738432,1.1654922,26.090717,30.408528,0.76448441,0.90762868,9.6906313,8.7954949,0.62819906,1.0655335,13.870735,14.779733,0.70753559,1.1239065,17.841211,20.051854,0.74778592,1.1064988,20.068472,22.205741,0.8195919,1.1149062,29.522359,32.914661
init,init,-1,,11088,189.Red_bellied_Woodpecker/Red_Bellied_Woodpecker_0125_180780.jpg,189,188,189.Red_bellied_Woodpecker,129,128,rotation,rotation,0,"{""angle"":-1.730436}",6.0721745,6.3189812,0.24680662,0.0023061528,0.0018017779,0.026824769,0.021345515,-0.024518616,-0.019543737,0.0049748789,0.83014821,0.92324401,50.593015,46.709698,False,0.97035652,False,False,False,0.83014821,0.92324401,50.593015,46.709698,0.77940619,0.92339828,43.3466,40.026176,0.9702937,0.92281805,26.090717,24.076985,0.72454937,0.78014054,9.6906313,7.5600544,0.72349621,0.899721,13.870735,12.479792,0.77613465,0.92425153,17.841211,16.489767,0.71438764,0.88415249,20.068472,17.743589,0.82653402,0.95952726,29.522359,28.327508
init,init,-1,,11088,189.Red_bellied_Woodpecker/Red_Bellied_Woodpecker_0125_180780.jpg,189,188,189.Red_bellied_Woodpecker,129,128,random_resized_crop,random_resized_crop,0,"{""area_fraction"":0.764105,""aspect"":0.921248,""fallback"":false,""height"":0.910727,""left"":0.056838,""top"":0.062324,""width"":0.839006}",6.0721745,6.034987,-0.037187576,0.0023061528,0.0023935277,0.026824769,0.030756574,-0.024518616,-0.028363046,-0.0038444307,0.67886375,0.93951933,50.593015,47.533116,False,0.93617761,True,False,False,0.67886375,0.93951933,50.593015,47.533116,0.57892961,0.91988518,43.3466,39.873895,0.93610546,0.99169796,26.090717,25.874111,0.74839817,1.0103209,9.6906313,9.7906477,0.47822519,0.87316714,13.870735,12.11147,0.39082189,0.85049669,17.841211,15.173891,0.44950019,0.87949737,20.068472,17.650168,0.69724954,0.9614146,29.522359,28.383227
init,init,-1,,11088,189.Red_bellied_Woodpecker/Red_Bellied_Woodpecker_0125_180780.jpg,189,188,189.Red_bellied_Woodpecker,129,128,gaussian_blur,gaussian_blur,0,"{""sigma"":1.757792}",6.0721745,5.7610741,-0.31110048,0.0023061528,0.0031477287,0.026824769,0.033543628,-0.024518616,-0.030395899,-0.0058772832,0.50960129,1.0848627,50.593015,54.886476,False,0.83932316,True,False,False,0.50960129,1.0848627,50.593015,54.886476,0.39890425,1.1048189,43.3466,47.890141,0.83904691,1.0277712,26.090717,26.815287,-0.12563571,0.84467493,9.6906313,8.1854334,0.25365118,1.19613,13.870735,16.591203,0.27033444,1.2812947,17.841211,22.85985,0.32420541,1.1076928,20.068472,22.229701,0.58149271,1.0354526,29.522359,30.569002
init,init,-1,,11088,189.Red_bellied_Woodpecker/Red_Bellied_Woodpecker_0125_180780.jpg,189,188,189.Red_bellied_Woodpecker,129,128,random_erasing,random_erasing,0,"{""area_fraction"":0.064196,""erased"":true,""height"":0.392672,""left"":0.679621,""top"":0.445084,""width"":0.163484}",6.0721745,6.2969289,0.22475433,0.0023061528,0.0018419531,0.026824769,0.021791045,-0.024518616,-0.019949091,0.0045695243,0.82855878,1.1425362,50.593015,57.80435,False,0.95572233,False,False,False,0.82855878,1.1425362,50.593015,57.80435,0.78641276,1.164209,43.3466,50.4645,0.95563468,1.0804616,26.090717,28.190017,0.67904645,0.88757935,9.6906313,8.6012043,0.68437215,1.1897491,13.870735,16.502695,0.80965964,1.2626255,17.841211,22.526768,0.76542283,1.1464385,20.068472,23.007269,0.82239119,1.1554274,29.522359,34.110942
init,init,-1,,4716,081.Pied_Kingfisher/Pied_Kingfisher_0071_72576.jpg,81,80,081.Pied_Kingfisher,46,45,identity,identity,0,{},7.0188351,7.0188351,0,0.00089486717,0.00089486717,0.019488547,0.019488547,-0.01859368,-0.01859368,0,1,1,53.779571,53.779571,False,0.99999988,True,False,False,1,1,53.779571,53.779571,1,1,48.161951,48.161951,1,1,23.930499,23.930499,1,1,15.539749,15.539749,1,1,16.211917,16.211917,1,1,19.448107,19.448107,1,1,20.48354,20.48354,1,1,31.897635,31.897635
init,init,-1,,4716,081.Pied_Kingfisher/Pied_Kingfisher_0071_72576.jpg,81,80,081.Pied_Kingfisher,46,45,horizontal_flip,horizontal_flip,0,"{""flipped"":true}",7.0188351,6.8905091,-0.12832594,0.00089486717,0.0010173958,0.019488547,0.024734696,-0.01859368,-0.023717301,-0.0051236208,0.65524588,0.93937548,53.779571,50.51921,False,0.95748925,True,False,False,0.65524588,0.93937548,53.779571,50.51921,0.5769754,0.92972894,48.161951,44.777559,0.95744408,0.97747514,23.930499,23.391468,0.56156384,0.54979682,15.539749,8.5437046,0.38088654,0.98770486,16.211917,16.012589,0.60091268,0.93330659,19.448107,18.151047,0.4609663,0.96518066,20.48354,19.770317,0.68167362,0.96897543,31.897635,30.908025
init,init,-1,,4716,081.Pied_Kingfisher/Pied_Kingfisher_0071_72576.jpg,81,80,081.Pied_Kingfisher,46,45,color_jitter,color_jitter,0,"{""brightness"":1.335165,""contrast"":1.247795,""hue"":-0.043644,""saturation"":1.262387}",7.0188351,7.0477915,0.028956413,0.00089486717,0.00086932658,0.019488547,0.017659493,-0.01859368,-0.016790166,0.0018035136,0.627565,1.0793037,53.779571,58.04449,False,0.92576921,True,False,False,0.627565,1.0793037,53.779571,58.04449,0.55359637,1.0782844,48.161951,51.932279,0.92575691,1.0834226,23.930499,25.926844,-0.019450828,0.64093043,15.539749,9.959898,0.19369315,1.1178122,16.211917,18.121879,0.48624499,1.0650752,19.448107,20.713696,0.5482563,1.1784247,20.48354,24.13831,0.76359929,1.111784,31.897635,35.463281
init,init,-1,,4716,081.Pied_Kingfisher/Pied_Kingfisher_0071_72576.jpg,81,80,081.Pied_Kingfisher,46,45,rotation,rotation,0,"{""angle"":8.301379}",7.0188351,6.9932137,-0.025621414,0.00089486717,0.00091809157,0.019488547,0.036875363,-0.01859368,-0.035957272,-0.017363592,0.64049355,1.1460874,53.779571,61.636087,False,0.91493726,True,False,False,0.64049355,1.1460874,53.779571,61.636087,0.56651066,1.1223333,48.161951,54.053759,0.9146467,1.237648,23.930499,29.617534,0.50369418,1.1311784,15.539749,17.578228,0.40732385,1.1406492,16.211917,18.49211,0.52124942,1.1328503,19.448107,22.031795,0.49555955,1.1479645,20.48354,23.514377,0.6724877,1.1006276,31.897635,35.107417
init,init,-1,,4716,081.Pied_Kingfisher/Pied_Kingfisher_0071_72576.jpg,81,80,081.Pied_Kingfisher,46,45,random_resized_crop,random_resized_crop,0,"{""area_fraction"":0.544328,""aspect"":1.207769,""fallback"":false,""height"":0.671334,""left"":0.14694,""top"":0.261248,""width"":0.810816}",7.0188351,6.7039652,-0.31486988,0.00089486717,0.0012260411,0.019488547,0.018506875,-0.01859368,-0.017280834,0.0013128457,0.59558844,0.9835618,53.779571,52.895532,False,0.92112428,False,False,False,0.59558844,0.9835618,53.779571,52.895532,0.51629169,0.9861015,48.161951,47.492572,0.92107402,0.97320707,23.930499,23.289331,0.57776647,0.9183805,15.539749,14.271402,0.27169486,1.1520099,16.211917,18.676289,0.43190214,0.92936921,19.448107,18.074472,0.37512295,0.94385824,20.48354,19.333558,0.66352426,0.99266841,31.897635,31.663775
init,init,-1,,4716,081.Pied_Kingfisher/Pied_Kingfisher_0071_72576.jpg,81,80,081.Pied_Kingfisher,46,45,gaussian_blur,gaussian_blur,0,"{""sigma"":1.891798}",7.0188351,7.5338264,0.51499128,0.00089486717,0.00053468841,0.019488547,0.019402903,-0.01859368,-0.018868214,-0.00027453434,0.61644304,1.1368129,53.779571,61.13731,False,0.94073927,False,False,False,0.61644304,1.1368129,53.779571,61.13731,0.53315755,1.1272992,48.161951,54.292929,0.94062764,1.1745597,23.930499,28.1078,-0.21604773,0.87463024,15.539749,13.591534,0.25335772,1.1371308,16.211917,18.43507,0.44110943,1.1699797,19.448107,22.753891,0.58217818,1.1681538,20.48354,23.927926,0.7586743,1.1445454,31.897635,36.508292
init,init,-1,,4716,081.Pied_Kingfisher/Pied_Kingfisher_0071_72576.jpg,81,80,081.Pied_Kingfisher,46,45,random_erasing,random_erasing,0,"{""area_fraction"":0.074585,""erased"":true,""height"":0.281305,""left"":0.683144,""top"":0.599256,""width"":0.265138}",7.0188351,7.1537647,0.13492966,0.00089486717,0.00078191463,0.019488547,0.016673157,-0.01859368,-0.015891242,0.0027024375,0.87790589,1.0039703,53.779571,53.99309,False,0.97947735,False,False,False,0.87790589,1.0039703,53.779571,53.99309,0.85167234,0.99229697,48.161951,47.790958,0.97944085,1.0499258,23.930499,25.12525,0.93006057,0.963137,15.539749,14.966907,0.78126667,0.93699033,16.211917,15.190409,0.79736591,0.90153924,19.448107,17.533232,0.80750901,1.0055081,20.48354,20.596365,0.88857316,1.0386338,31.897635,33.129961
init,init,-1,,10989,187.American_Three_toed_Woodpecker/American_Three_Toed_Woodpecker_0004_179908.jpg,187,186,187.American_Three_toed_Woodpecker,58,57,identity,identity,0,{},5.2799077,5.2799077,0,0.0050929012,0.0050929012,0.030423798,0.030423798,-0.025330896,-0.025330896,0,1,1,74.395427,74.395427,False,1,True,False,False,1,1,74.395427,74.395427,1,1,69.041757,69.041757,1,1,27.711285,27.711285,1,1,30.098435,30.098435,1,1,31.832412,31.832412,1,1,31.058959,31.058959,1,1,27.25542,27.25542,1,1,33.764317,33.764317
init,init,-1,,10989,187.American_Three_toed_Woodpecker/American_Three_Toed_Woodpecker_0004_179908.jpg,187,186,187.American_Three_toed_Woodpecker,58,57,horizontal_flip,horizontal_flip,0,"{""flipped"":true}",5.2799077,5.0048566,-0.27505112,0.0050929012,0.0067053041,0.030423798,0.024369385,-0.025330896,-0.017664081,0.0076668155,0.51695791,0.82964561,74.395427,61.721839,False,0.94194126,True,False,False,0.51695791,0.82964561,74.395427,61.721839,0.43317148,0.79805938,69.041757,55.099422,0.94181555,1.0037199,27.711285,27.814369,0.086256645,0.60156763,30.098435,18.106244,0.26803286,0.731339,31.832412,23.280284,0.45753934,0.76339716,31.058959,23.710321,0.4732167,0.84333284,27.25542,22.985391,0.6942779,0.97134542,33.764317,32.796815
init,init,-1,,10989,187.American_Three_toed_Woodpecker/American_Three_Toed_Woodpecker_0004_179908.jpg,187,186,187.American_Three_toed_Woodpecker,58,57,color_jitter,color_jitter,0,"{""brightness"":1.25767,""contrast"":1.026582,""hue"":-0.04698,""saturation"":1.342738}",5.2799077,5.3060474,0.026139736,0.0050929012,0.0049614981,0.030423798,0.02733261,-0.025330896,-0.022371111,0.0029597851,0.84787545,0.90159267,74.395427,67.074371,False,0.96504235,True,False,False,0.84787545,0.90159267,74.395427,67.074371,0.82750129,0.88265279,69.041757,60.939899,0.96488986,1.011256,27.711285,28.023204,0.90438522,0.7971104,30.098435,23.991776,0.75770943,0.91874256,31.832412,29.245791,0.81298292,0.8087064,31.058959,25.117579,0.80672359,0.91743173,27.25542,25.004987,0.86808997,0.94895201,33.764317,32.040717
init,init,-1,,10989,187.American_Three_toed_Woodpecker/American_Three_Toed_Woodpecker_0004_179908.jpg,187,186,187.American_Three_toed_Woodpecker,58,57,rotation,rotation,0,"{""angle"":13.073302}",5.2799077,5.1986818,-0.081225872,0.0050929012,0.0055238423,0.030423798,0.019637868,-0.025330896,-0.014114026,0.011216871,0.58254423,0.76731208,74.395427,57.08451,False,0.90573585,False,False,False,0.58254423,0.76731208,74.395427,57.08451,0.51587254,0.72126364,69.041757,49.797309,0.90557364,1.007107,27.711285,27.90823,0.28140116,0.29003686,30.098435,8.7296556,0.42468746,0.51999394,31.832412,16.552661,0.53739553,0.73543006,31.058959,22.841692,0.53639147,0.85275676,27.25542,23.242244,0.68422964,0.96772586,33.764317,32.674603
init,init,-1,,10989,187.American_Three_toed_Woodpecker/American_Three_Toed_Woodpecker_0004_179908.jpg,187,186,187.American_Three_toed_Woodpecker,58,57,random_resized_crop,random_resized_crop,0,"{""area_fraction"":0.731268,""aspect"":0.781944,""fallback"":false,""height"":0.967053,""left"":0.030089,""top"":0.021292,""width"":0.756182}",5.2799077,5.3714027,0.091495037,0.0050929012,0.004647607,0.030423798,0.021484589,-0.025330896,-0.016836982,0.0084939143,0.70353742,0.83196074,74.395427,61.894074,False,0.93154645,True,False,False,0.70353742,0.83196074,74.395427,61.894074,0.66162903,0.80941514,69.041757,55.883443,0.93146697,0.96014,27.711285,26.606713,0.60182178,0.48217883,30.098435,14.512828,0.63795447,0.75658064,31.832412,24.083786,0.67911463,0.81231893,31.058959,25.22978,0.63951124,0.90000002,27.25542,24.529879,0.75310283,0.97962738,33.764317,33.07645
init,init,-1,,10989,187.American_Three_toed_Woodpecker/American_Three_Toed_Woodpecker_0004_179908.jpg,187,186,187.American_Three_toed_Woodpecker,58,57,gaussian_blur,gaussian_blur,0,"{""sigma"":1.819365}",5.2799077,5.3767147,0.096807003,0.0050929012,0.0046229837,0.030423798,0.02835655,-0.025330896,-0.023733567,0.00159733,0.34723965,0.83486432,74.395427,62.110088,False,0.84251511,True,False,False,0.34723965,0.83486432,74.395427,62.110088,0.25274539,0.81096471,69.041757,55.990428,0.84224816,0.97013651,27.711285,26.883729,-0.54666692,0.65678399,30.098435,19.76817,-0.091263562,0.6348213,31.832412,20.207893,0.35465727,0.79676337,31.058959,24.746641,0.52495229,0.88984768,27.25542,24.253172,0.65172303,0.99786922,33.764317,33.692373
init,init,-1,,10989,187.American_Three_toed_Woodpecker/American_Three_Toed_Woodpecker_0004_179908.jpg,187,186,187.American_Three_toed_Woodpecker,58,57,random_erasing,random_erasing,0,"{""area_fraction"":0.126165,""erased"":true,""height"":0.218425,""left"":0.312558,""top"":0.713179,""width"":0.577612}",5.2799077,5.7638454,0.48393774,0.0050929012,0.0031390181,0.030423798,0.025856243,-0.025330896,-0.022717225,0.0026136711,0.8781496,0.99648505,74.395427,74.133931,False,0.94067508,False,False,False,0.8781496,0.99648505,74.395427,74.133931,0.86768608,0.98391186,69.041757,67.931003,0.94050824,1.0712359,27.711285,29.685324,0.95516007,1.0836635,30.098435,32.616575,0.90086481,0.99186921,31.832412,31.573589,0.83552848,0.87884062,31.058959,27.295875,0.80035184,0.92433954,27.25542,25.193263,0.83710526,1.0148431,33.764317,34.265485
init,init,-1,,8410,144.Common_Tern/Common_Tern_0100_149541.jpg,144,143,144.Common_Tern,129,128,identity,identity,0,{},6.5708265,6.5708265,0,0.0014006391,0.0014006391,0.023449378,0.023449378,-0.022048739,-0.022048739,0,1,1,54.992799,54.992799,False,0.99999994,True,False,False,1,1,54.992799,54.992799,1,1,46.165815,46.165815,1,1,29.88186,29.88186,1,1,6.2254186,6.2254186,1,1,14.878122,14.878122,1,1,17.930402,17.930402,1,1,20.10587,20.10587,1,1,33.844095,33.844095
init,init,-1,,8410,144.Common_Tern/Common_Tern_0100_149541.jpg,144,143,144.Common_Tern,129,128,horizontal_flip,horizontal_flip,0,"{""flipped"":true}",6.5708265,6.9422092,0.37138271,0.0014006391,0.00096613297,0.023449378,0.024233729,-0.022048739,-0.023267596,-0.0012188567,0.70876351,1.0610646,54.992799,58.35091,False,0.97157496,True,False,False,0.70876351,1.0610646,54.992799,58.35091,0.60097418,1.0674487,46.165815,49.27964,0.97150635,1.0456689,29.88186,31.246533,0.21417228,1.144425,6.2254186,7.1245248,0.38999434,1.197016,14.878122,17.809351,0.5093273,1.2230802,17.930402,21.930321,0.46437836,1.0258277,20.10587,20.62516,0.74929938,1.0038306,33.844095,33.973739
init,init,-1,,8410,144.Common_Tern/Common_Tern_0100_149541.jpg,144,143,144.Common_Tern,129,128,color_jitter,color_jitter,0,"{""brightness"":0.984268,""contrast"":0.748437,""hue"":-0.071721,""saturation"":0.949907}",6.5708265,6.5620098,-0.0088167191,0.0014006391,0.0014130435,0.023449378,0.02758345,-0.022048739,-0.026170407,-0.0041216676,0.86753129,1.0582652,54.992799,58.196966,False,0.9785676,True,False,False,0.86753129,1.0582652,54.992799,58.196966,0.82615993,1.0856232,46.165815,50.118679,0.97850008,0.98991436,29.88186,29.580482,0.75801655,1.2723311,6.2254186,7.9207937,0.6157926,1.2465106,14.878122,18.545737,0.81329807,1.2098369,17.930402,21.692862,0.79745261,1.0512396,20.10587,21.136087,0.89932417,1.0183666,33.844095,34.465696
init,init,-1,,8410,144.Common_Tern/Common_Tern_0100_149541.jpg,144,143,144.Common_Tern,129,128,rotation,rotation,0,"{""angle"":-7.752798}",6.5708265,6.6638575,0.09303093,0.0014006391,0.0012762143,0.023449378,0.024710156,-0.022048739,-0.023433942,-0.0013852027,0.69980391,0.96857966,54.992799,53.264907,False,0.92204201,False,False,False,0.69980391,0.96857966,54.992799,53.264907,0.59938382,0.94326986,46.165815,43.546821,0.92178148,1.0264711,29.88186,30.672865,0.56002847,0.8252703,6.2254186,5.137653,0.39730969,0.93011051,14.878122,13.838298,0.47782853,1.0103513,17.930402,18.116005,0.476396,0.8778753,20.10587,17.650447,0.71601409,0.95227625,33.844095,32.228927
init,init,-1,,8410,144.Common_Tern/Common_Tern_0100_149541.jpg,144,143,144.Common_Tern,129,128,random_resized_crop,random_resized_crop,0,"{""area_fraction"":0.553108,""aspect"":0.959429,""fallback"":false,""height"":0.759274,""left"":0.067076,""top"":0.012052,""width"":0.72847}",6.5708265,6.8913355,0.32050896,0.0014006391,0.0010165552,0.023449378,0.026390269,-0.022048739,-0.025373714,-0.0033249751,0.66133762,1.0746631,54.992799,59.098731,False,0.93730944,True,False,False,0.66133762,1.0746631,54.992799,59.098731,0.55836419,1.1060975,46.165815,51.063894,0.93704947,0.99563017,29.88186,29.751281,0.58912274,1.6143715,6.2254186,10.050138,0.27127811,1.2958991,14.878122,19.280545,0.45937591,1.2252756,17.930402,21.969684,0.45443853,1.0705578,20.10587,21.524497,0.70612579,1.0187615,33.844095,34.47906
init,init,-1,,8410,144.Common_Tern/Common_Tern_0100_149541.jpg,144,143,144.Common_Tern,129,128,gaussian_blur,gaussian_blur,0,"{""sigma"":1.330394}",6.5708265,6.9087477,0.33792114,0.0014006391,0.00099900796,0.023449378,0.029784223,-0.022048739,-0.028785215,-0.0067364761,0.61508349,1.0934192,54.992799,60.130184,False,0.90846682,True,False,False,0.61508349,1.0934192,54.992799,60.130184,0.52185282,1.15885,46.165815,53.499253,0.90829903,0.91859704,29.88186,27.449388,0.35714151,1.7054714,6.2254186,10.617274,0.18764244,1.3932443,14.878122,20.728859,0.46035817,1.343369,17.930402,24.087146,0.4677581,1.1615662,20.10587,23.354299,0.67458751,1.0210464,33.844095,34.556391
init,init,-1,,8410,144.Common_Tern/Common_Tern_0100_149541.jpg,144,143,144.Common_Tern,129,128,random_erasing,random_erasing,0,"{""area_fraction"":0.064762,""erased"":true,""height"":0.152629,""left"":0.41779,""top"":0.73667,""width"":0.42431}",6.5708265,6.7967606,0.22593403,0.0014006391,0.0011173894,0.023449378,0.021587672,-0.022048739,-0.020470282,0.0015784567,0.86447556,1.0759131,54.992799,59.167475,False,0.97011137,False,False,False,0.86447556,1.0759131,54.992799,59.167475,0.81893682,1.065236,46.165815,49.177488,0.96996965,1.1009794,29.88186,32.899312,0.80537025,1.3755483,6.2254186,8.5633638,0.69627637,1.0723709,14.878122,15.954865,0.7490977,1.1064587,17.930402,19.83925,0.81176835,1.0403047,20.10587,20.916231,0.86853012,1.0485953,33.844095,35.488757
init,init,-1,,10124,172.Nashville_Warbler/Nashville_Warbler_0076_167389.jpg,172,171,172.Nashville_Warbler,140,139,identity,identity,0,{},5.1143541,5.1143541,0,0.0060098562,0.0060098562,0.029704574,0.029704574,-0.023694718,-0.023694718,0,1,1,48.343468,48.343468,False,1,True,False,False,1,1,48.343468,48.343468,1,1,40.800852,40.800852,1,1,25.930318,25.930318,1,1,8.1656589,8.1656589,1,1,13.617289,13.617289,1,1,15.784553,15.784553,1,1,18.515633,18.515633,1,1,28.646469,28.646469
init,init,-1,,10124,172.Nashville_Warbler/Nashville_Warbler_0076_167389.jpg,172,171,172.Nashville_Warbler,140,139,horizontal_flip,horizontal_flip,0,"{""flipped"":true}",5.1143541,4.8422651,-0.272089,0.0060098562,0.0078891627,0.029704574,0.02968196,-0.023694718,-0.021792797,0.0019019209,0.62723534,1.1142117,48.343468,53.86486,False,0.95463812,True,False,False,0.62723534,1.1142117,48.343468,53.86486,0.50139769,1.1290838,40.800852,46.067579,0.9545205,1.0765073,25.930318,27.914177,0.41171408,0.97271363,8.1656589,7.9428477,0.17696311,1.214745,13.617289,16.541533,0.32639004,1.1749852,15.784553,18.546617,0.42029057,1.1720578,18.515633,21.701391,0.68510975,1.0875402,28.646469,31.154186
init,init,-1,,10124,172.Nashville_Warbler/Nashville_Warbler_0076_167389.jpg,172,171,172.Nashville_Warbler,140,139,color_jitter,color_jitter,0,"{""brightness"":1.120106,""contrast"":0.846525,""hue"":0.045786,""saturation"":1.176093}",5.1143541,5.1318159,0.017461777,0.0060098562,0.005905828,0.029704574,0.030926978,-0.023694718,-0.02502115,-0.001326432,0.8259193,1.0900933,48.343468,52.698889,False,0.96388179,True,False,False,0.8259193,1.0900933,48.343468,52.698889,0.77701897,1.1211464,40.800852,45.743726,0.96378932,1.0091074,25.930318,26.166475,0.75261442,1.1101124,8.1656589,9.0647992,0.7377204,1.2533851,13.617289,17.067707,0.71724206,1.3014055,15.784553,20.542104,0.71548709,1.0783071,18.515633,19.965538,0.84551288,1.0463243,28.646469,29.973498
init,init,-1,,10124,172.Nashville_Warbler/Nashville_Warbler_0076_167389.jpg,172,171,172.Nashville_Warbler,140,139,rotation,rotation,0,"{""angle"":9.189832}",5.1143541,5.2129955,0.098641396,0.0060098562,0.0054453388,0.029704574,0.018632855,-0.023694718,-0.013187516,0.010507202,0.72827097,1.0502907,48.343468,50.774697,False,0.93552589,False,False,False,0.72827097,1.0502907,48.343468,50.774697,0.65031669,1.0692172,40.800852,43.624973,0.93535965,1.0018946,25.930318,25.979445,0.554943,0.98732481,8.1656589,8.0621576,0.56765749,1.1441524,13.617289,15.580254,0.59318601,1.0880704,15.784553,17.174705,0.57919007,1.0846845,18.515633,20.08362,0.72770307,1.0455454,28.646469,29.951183
init,init,-1,,10124,172.Nashville_Warbler/Nashville_Warbler_0076_167389.jpg,172,171,172.Nashville_Warbler,140,139,random_resized_crop,random_resized_crop,0,"{""area_fraction"":0.573164,""aspect"":1.258067,""fallback"":false,""height"":0.674975,""left"":0.010992,""top"":0.186353,""width"":0.849164}",5.1143541,5.0234218,-0.090932369,0.0060098562,0.0065819658,0.029704574,0.019236203,-0.023694718,-0.012654237,0.011040481,0.66128103,1.0728208,48.343468,51.863877,False,0.9330529,False,False,False,0.66128103,1.0728208,48.343468,51.863877,0.55780393,1.0894991,40.800852,44.452493,0.93292181,1.0303668,25.930318,26.717739,0.58769694,0.9045208,8.1656589,7.3860083,0.39457946,1.0628784,13.617289,14.473522,0.40748062,1.1206611,15.784553,17.689135,0.49411561,1.0989779,18.515633,20.348272,0.66572617,1.0956043,28.646469,31.385196
init,init,-1,,10124,172.Nashville_Warbler/Nashville_Warbler_0076_167389.jpg,172,171,172.Nashville_Warbler,140,139,gaussian_blur,gaussian_blur,0,"{""sigma"":1.814134}",5.1143541,4.4851933,-0.62916088,0.0060098562,0.011274713,0.029704574,0.010292158,-0.023694718,0.00098255463,0.024677273,0.46821624,0.91666425,48.343468,44.314729,False,0.80280876,False,False,False,0.46821624,0.91666425,48.343468,44.314729,0.36539127,0.97172536,40.800852,39.647222,0.80261376,0.76344172,25.930318,19.796287,0.28022914,0.73182565,8.1656589,5.9758387,0.36674136,1.0960274,13.617289,14.924923,0.24675866,1.2055319,15.784553,19.028781,0.26452992,1.0131776,18.515633,18.759625,0.48030281,0.8546624,28.646469,24.48306
init,init,-1,,10124,172.Nashville_Warbler/Nashville_Warbler_0076_167389.jpg,172,171,172.Nashville_Warbler,140,139,random_erasing,random_erasing,0,"{""area_fraction"":0.178847,""erased"":true,""height"":0.329152,""left"":0.33184,""top"":0.290264,""width"":0.543357}",5.1143541,4.0475645,-1.0667896,0.0060098562,0.017464861,0.029704574,0.013730987,-0.023694718,0.0037338743,0.027428593,0.52230428,1.1132867,48.343468,53.820142,False,0.78895998,False,False,False,0.52230428,1.1132867,48.343468,53.820142,0.43462277,1.1651507,40.800852,47.53914,0.78859112,0.97305722,25.930318,25.231683,0.64690744,0.91255697,8.1656589,7.4516289,0.37565922,1.3079097,13.617289,17.810185,0.41558573,1.2598891,15.784553,19.886787,0.36072342,1.1868764,18.515633,21.975767,0.47843204,1.1087563,28.646469,31.761954
init,init,-1,,9855,168.Kentucky_Warbler/Kentucky_Warbler_0066_165290.jpg,168,167,168.Kentucky_Warbler,129,128,identity,identity,0,{},5.057199,5.057199,0,0.0063633565,0.0063633565,0.022459231,0.022459231,-0.016095875,-0.016095875,0,1,1,53.931323,53.931323,False,0.99999988,True,False,False,1,1,53.931323,53.931323,1,1,44.570955,44.570955,1,1,30.364743,30.364743,1,1,8.5546385,8.5546385,1,1,13.977307,13.977307,1,1,16.085023,16.085023,1,1,18.513508,18.513508,1,1,33.414744,33.414744
init,init,-1,,9855,168.Kentucky_Warbler/Kentucky_Warbler_0066_165290.jpg,168,167,168.Kentucky_Warbler,129,128,horizontal_flip,horizontal_flip,0,"{""flipped"":true}",5.057199,4.938518,-0.11868095,0.0063633565,0.0071652099,0.022459231,0.012971802,-0.016095875,-0.0058065918,0.010289283,0.65186722,0.99735038,53.931323,53.788426,False,0.94455087,False,False,False,0.65186722,0.99735038,53.931323,53.788426,0.52781465,1.0228757,44.570955,45.590546,0.94434588,0.94000123,30.364743,28.542896,0.45477672,1.0449222,8.5546385,8.9389313,0.2187981,1.0796088,13.977307,15.090023,0.3840799,1.1827283,16.085023,19.024212,0.34748286,1.065807,18.513508,19.731827,0.70023137,0.95561027,33.414744,31.931473
init,init,-1,,9855,168.Kentucky_Warbler/Kentucky_Warbler_0066_165290.jpg,168,167,168.Kentucky_Warbler,129,128,color_jitter,color_jitter,0,"{""brightness"":0.61918,""contrast"":1.395798,""hue"":0.006392,""saturation"":1.093456}",5.057199,4.9313641,-0.12583494,0.0063633565,0.0072166519,0.022459231,0.022781555,-0.016095875,-0.015564903,0.00053097215,0.76805452,0.95862443,53.931323,51.699884,False,0.95023054,True,False,False,0.76805452,0.95862443,53.931323,51.699884,0.6944416,0.99205429,44.570955,44.216807,0.95012758,0.88230267,30.364743,26.790894,0.52198135,1.4721721,8.5546385,12.5939,0.49604988,1.0683617,13.977307,14.932819,0.56173561,1.0127874,16.085023,16.290709,0.6118618,0.9732029,18.513508,18.017399,0.81831663,0.93853989,33.414744,31.361071
init,init,-1,,9855,168.Kentucky_Warbler/Kentucky_Warbler_0066_165290.jpg,168,167,168.Kentucky_Warbler,129,128,rotation,rotation,0,"{""angle"":-7.585658}",5.057199,5.0449495,-0.01224947,0.0063633565,0.0064417874,0.022459231,0.025357027,-0.016095875,-0.018915239,-0.0028193644,0.75114912,0.90564292,53.931323,48.842521,False,0.95475841,True,False,False,0.75114912,0.90564292,53.931323,48.842521,0.6617178,0.91987083,44.570955,40.999522,0.9545792,0.874201,30.364743,26.544889,0.5003934,0.72448722,8.5546385,6.1977262,0.48675549,0.89753755,13.977307,12.545158,0.50759228,0.9802209,16.085023,15.766876,0.52403503,0.99894744,18.513508,18.494021,0.78965255,0.89508216,33.414744,29.908942
init,init,-1,,9855,168.Kentucky_Warbler/Kentucky_Warbler_0066_165290.jpg,168,167,168.Kentucky_Warbler,129,128,random_resized_crop,random_resized_crop,0,"{""area_fraction"":0.589951,""aspect"":1.209275,""fallback"":false,""height"":0.698467,""left"":0.144419,""top"":0.020579,""width"":0.844638}",5.057199,4.6935244,-0.36367464,0.0063633565,0.0091543654,0.022459231,0.024941219,-0.016095875,-0.015786854,0.00030902121,0.64372046,0.97777781,53.931323,52.732851,False,0.91414279,True,False,False,0.64372046,0.97777781,53.931323,52.732851,0.53544376,1.015872,44.570955,45.278386,0.91394745,0.89017743,30.364743,27.030009,0.61054874,1.2865975,8.5546385,11.006377,0.31093886,1.1319455,13.977307,15.82155,0.47819619,1.1986807,16.085023,19.280806,0.38873492,1.0627932,18.513508,19.67603,0.6556392,0.90761698,33.414744,30.327789
init,init,-1,,9855,168.Kentucky_Warbler/Kentucky_Warbler_0066_165290.jpg,168,167,168.Kentucky_Warbler,129,128,gaussian_blur,gaussian_blur,0,"{""sigma"":1.350842}",5.057199,5.1712613,0.11406231,0.0063633565,0.0056774016,0.022459231,0.016040716,-0.016095875,-0.010363315,0.0057325601,0.66295087,0.86767705,53.931323,46.794971,False,0.90705073,False,False,False,0.66295087,0.86767705,53.931323,46.794971,0.55819775,0.88686488,44.570955,39.528415,0.90684686,0.82481957,30.364743,25.045434,0.33605458,1.1553631,8.5546385,9.8837137,0.1923196,0.89783814,13.977307,12.549359,0.38042679,0.91953154,16.085023,14.790686,0.48549594,0.98754599,18.513508,18.28294,0.72621425,0.82192339,33.414744,27.46436
init,init,-1,,9855,168.Kentucky_Warbler/Kentucky_Warbler_0066_165290.jpg,168,167,168.Kentucky_Warbler,129,128,random_erasing,random_erasing,0,"{""area_fraction"":0.109637,""erased"":true,""height"":0.484848,""left"":0.483504,""top"":0.351558,""width"":0.226126}",5.057199,5.270803,0.21360397,0.0063633565,0.0051394827,0.022459231,0.0093179997,-0.016095875,-0.004178517,0.011917358,0.50677695,0.94004495,53.931323,50.697868,False,0.78654182,False,False,False,0.50677695,0.94004495,53.931323,50.697868,0.39086578,0.96969713,44.570955,43.220327,0.78624739,0.87273957,30.364743,26.500513,0.30016494,1.1518056,8.5546385,9.8532804,0.2963308,1.0185061,13.977307,14.235972,0.29670407,1.0138172,16.085023,16.307274,0.2730456,1.0793157,18.513508,19.98192,0.48783438,0.89932344,33.414744,30.050663
init,init,-1,,1603,029.American_Crow/American_Crow_0068_25198.jpg,29,28,029.American_Crow,141,140,identity,identity,0,{},6.5786901,6.5786901,0,0.0013896684,0.0013896684,0.028734937,0.028734937,-0.027345269,-0.027345269,0,1,1,63.518346,63.518346,False,0.99999994,True,False,False,1,1,63.518346,63.518346,1,1,54.020267,54.020267,1,1,33.412438,33.412438,1,1,10.960983,10.960983,1,1,19.028052,19.028052,1,1,20.418427,20.418427,1,1,23.113388,23.113388,1,1,38.533602,38.533602
init,init,-1,,1603,029.American_Crow/American_Crow_0068_25198.jpg,29,28,029.American_Crow,141,140,horizontal_flip,horizontal_flip,0,"{""flipped"":true}",6.5786901,6.6134233,0.034733295,0.0013896684,0.0013422292,0.028734937,0.027850574,-0.027345269,-0.026508345,0.00083692418,0.65599827,1.0339384,63.518346,65.67406,False,0.97103238,False,False,False,0.65599827,1.0339384,63.518346,65.67406,0.52989857,1.0199918,54.020267,55.10023,0.97087433,1.0695356,33.412438,35.735791,-0.094907389,1.891859,10.960983,20.736635,0.31970733,0.981052,19.028052,18.667508,0.44101129,0.93279187,20.418427,19.046142,0.44011786,0.95008768,23.113388,21.959745,0.75289039,0.97535945,38.533602,37.584113
init,init,-1,,1603,029.American_Crow/American_Crow_0068_25198.jpg,29,28,029.American_Crow,141,140,color_jitter,color_jitter,0,"{""brightness"":0.786598,""contrast"":1.205501,""hue"":-0.019579,""saturation"":1.018745}",6.5786901,6.8730531,0.29436302,0.0013896684,0.0010353115,0.028734937,0.040099535,-0.027345269,-0.039064224,-0.011718955,0.75072415,1.083503,63.518346,68.82232,False,0.95840037,True,False,False,0.75072415,1.083503,63.518346,68.82232,0.66729581,1.0667534,54.020267,57.626304,0.958091,1.1261095,33.412438,37.626065,0.0043434052,1.6805938,10.960983,18.420961,0.50402699,1.0823463,19.028052,20.594942,0.68759636,1.1303506,20.418427,23.079981,0.64219328,0.96200345,23.113388,22.235159,0.81255489,1.0151665,38.533602,39.118022
init,init,-1,,1603,029.American_Crow/American_Crow_0068_25198.jpg,29,28,029.American_Crow,141,140,rotation,rotation,0,"{""angle"":-3.861072}",6.5786901,6.0934348,-0.48525524,0.0013896684,0.0022576405,0.028734937,0.011538043,-0.027345269,-0.0092804022,0.018064867,0.78976787,0.87638493,63.518346,55.666521,False,0.95108867,False,False,False,0.78976787,0.87638493,63.518346,55.666521,0.72399029,0.85720534,54.020267,46.306461,0.95077049,0.92464218,33.412438,30.89455,0.55639921,0.8746891,10.960983,9.5874527,0.70661256,0.92255843,19.028052,17.55449,0.64652914,0.87054704,20.418427,17.775201,0.63883627,0.83992174,23.113388,19.413437,0.79655236,0.841469,38.533602,32.424832
init,init,-1,,1603,029.American_Crow/American_Crow_0068_25198.jpg,29,28,029.American_Crow,141,140,random_resized_crop,random_resized_crop,0,"{""area_fraction"":0.894899,""aspect"":1.031814,""fallback"":false,""height"":0.931293,""left"":0.025722,""top"":0.022817,""width"":0.960921}",6.5786901,6.2582617,-0.32042837,0.0013896684,0.001914571,0.028734937,0.01540629,-0.027345269,-0.013491719,0.01385355,0.86632885,0.95297038,63.518346,60.531103,False,0.98201925,False,False,False,0.86632885,0.95297038,63.518346,60.531103,0.82260386,0.95570035,54.020267,51.627188,0.98185457,0.94579716,33.412438,31.601389,0.64104855,0.99242441,10.960983,10.877948,0.77198004,0.99936098,19.028052,19.015893,0.77360923,0.998859,20.418427,20.395129,0.7557678,0.93816807,23.113388,21.684243,0.89092881,0.93542562,38.533602,36.045319
init,init,-1,,1603,029.American_Crow/American_Crow_0068_25198.jpg,29,28,029.American_Crow,141,140,gaussian_blur,gaussian_blur,0,"{""sigma"":1.61911}",6.5786901,5.8426418,-0.73604822,0.0013896684,0.0029011676,0.028734937,0.01009158,-0.027345269,-0.0071904119,0.020154857,0.58742074,0.95880776,63.518346,60.901883,False,0.89638203,False,False,False,0.58742074,0.95880776,63.518346,60.901883,0.4849939,0.99057914,54.020267,53.51135,0.89584883,0.87029773,33.412438,29.078769,-0.23888336,1.6135403,10.960983,17.685989,0.42843162,1.0493843,19.028052,19.967739,0.42798505,1.1783103,20.418427,24.059243,0.42316731,0.92296386,23.113388,21.332822,0.6725927,0.8677324,38.533602,33.436855
init,init,-1,,1603,029.American_Crow/American_Crow_0068_25198.jpg,29,28,029.American_Crow,141,140,random_erasing,random_erasing,0,"{""area_fraction"":0.138137,""erased"":true,""height"":0.276789,""left"":0.338272,""top"":0.284021,""width"":0.499071}",6.5786901,6.4075928,-0.17109728,0.0013896684,0.001648989,0.028734937,0.0095494492,-0.027345269,-0.0079004602,0.019444809,0.58090594,0.95741668,63.518346,60.813525,False,0.85998023,False,False,False,0.58090594,0.95741668,63.518346,60.813525,0.47405842,0.95653123,54.020267,51.672073,0.85927213,0.95972736,33.412438,32.066831,0.099059335,1.3716243,10.960983,15.034351,0.39490842,0.89059696,19.028052,16.946325,0.4173231,0.9364869,20.418427,19.121589,0.3608471,0.89289107,23.113388,20.637738,0.59315814,0.95888212,38.533602,36.949182
init,init,-1,,10539,179.Tennessee_Warbler/Tennessee_Warbler_0044_174824.jpg,179,178,179.Tennessee_Warbler,171,170,identity,identity,0,{},6.2858973,6.2858973,0,0.0018623852,0.0018623852,0.033988405,0.033988405,-0.03212602,-0.03212602,0,1,1,60.415559,60.415559,False,1,True,False,False,1,1,60.415559,60.415559,1,1,52.040083,52.040083,1,1,30.689892,30.689892,1,1,9.1718598,9.1718598,1,1,17.199463,17.199463,1,1,23.611848,23.611848,1,1,22.355625,22.355625,1,1,35.650139,35.650139
init,init,-1,,10539,179.Tennessee_Warbler/Tennessee_Warbler_0044_174824.jpg,179,178,179.Tennessee_Warbler,171,170,horizontal_flip,horizontal_flip,0,"{""flipped"":true}",6.2858973,6.0408659,-0.24503136,0.0018623852,0.002379498,0.033988405,0.024047101,-0.03212602,-0.021667603,0.010458417,0.62656305,0.95581077,60.415559,57.745842,False,0.95499861,False,False,False,0.62656305,0.95581077,60.415559,57.745842,0.51726276,0.96598749,52.040083,50.270069,0.95485447,0.92592655,30.689892,28.416586,0.2563687,1.0586925,9.1718598,9.7101789,0.33253493,1.1007603,17.199463,18.932487,0.46176128,1.0262707,23.611848,24.232149,0.38528494,0.94127408,22.355625,21.04277,0.67410007,0.90649096,35.650139,32.316528
init,init,-1,,10539,179.Tennessee_Warbler/Tennessee_Warbler_0044_174824.jpg,179,178,179.Tennessee_Warbler,171,170,color_jitter,color_jitter,0,"{""brightness"":0.70125,""contrast"":0.795166,""hue"":0.008051,""saturation"":0.882553}",6.2858973,6.2471061,-0.03879118,0.0018623852,0.0019360486,0.033988405,0.028525786,-0.03212602,-0.026589738,0.005536282,0.82610188,0.98455996,60.415559,59.48274,False,0.96516478,False,False,False,0.82610188,0.98455996,60.415559,59.48274,0.78069053,0.99813324,52.040083,51.942937,0.96504618,0.94444633,30.689892,28.984956,0.65727407,1.0247382,9.1718598,9.3987553,0.57274339,1.1383159,17.199463,19.578422,0.78558604,1.0648016,23.611848,25.141934,0.76235938,0.97220625,22.355625,21.734278,0.85753998,0.93955038,35.650139,33.495101
init,init,-1,,10539,179.Tennessee_Warbler/Tennessee_Warbler_0044_174824.jpg,179,178,179.Tennessee_Warbler,171,170,rotation,rotation,0,"{""angle"":14.096569}",6.2858973,6.1595712,-0.12632608,0.0018623852,0.002113159,0.033988405,0.01933861,-0.03212602,-0.017225451,0.014900569,0.68969873,1.0182171,60.415559,61.516154,False,0.91619802,False,False,False,0.68969873,1.0182171,60.415559,61.516154,0.61141407,1.019516,52.040083,53.055697,0.91591691,1.0144731,30.689892,31.134069,0.4458733,0.77533285,9.1718598,7.1112442,0.44246415,1.0999741,17.199463,18.918964,0.6355343,1.0288181,23.611848,24.292298,0.51989751,1.0665927,22.355625,23.844346,0.69357146,0.9908344,35.650139,35.323384
init,init,-1,,10539,179.Tennessee_Warbler/Tennessee_Warbler_0044_174824.jpg,179,178,179.Tennessee_Warbler,171,170,random_resized_crop,random_resized_crop,0,"{""area_fraction"":0.662043,""aspect"":0.833472,""fallback"":false,""height"":0.891246,""left"":0.106612,""top"":0.027203,""width"":0.742829}",6.2858973,6.4989681,0.21307087,0.0018623852,0.0015049917,0.033988405,0.020328069,-0.03212602,-0.018823077,0.013302942,0.69694584,0.99444846,60.415559,60.080159,False,0.94974983,False,False,False,0.69694584,0.99444846,60.415559,60.080159,0.61598379,1.0129652,52.040083,52.714795,0.94953505,0.93917514,30.689892,28.823184,0.50315939,1.0810921,9.1718598,9.9156247,0.33680884,1.0589099,17.199463,18.212682,0.58006395,1.0515543,23.611848,24.82914,0.58652496,1.0716861,22.355625,23.958213,0.72885148,0.95468024,35.650139,34.034483
init,init,-1,,10539,179.Tennessee_Warbler/Tennessee_Warbler_0044_174824.jpg,179,178,179.Tennessee_Warbler,171,170,gaussian_blur,gaussian_blur,0,"{""sigma"":1.121881}",6.2858973,6.3668242,0.080926895,0.0018623852,0.0017176054,0.033988405,0.020254385,-0.03212602,-0.018536779,0.01358924,0.59713841,0.87793021,60.415559,53.040644,False,0.92547655,False,False,False,0.59713841,0.87793021,60.415559,53.040644,0.50565372,0.91672781,52.040083,47.706592,0.92509695,0.75535281,30.689892,23.181697,0.18375575,0.99806219,9.1718598,9.1540865,0.35729714,1.1586253,17.199463,19.927733,0.26002815,0.84919091,23.611848,20.050967,0.43734955,0.97431689,22.355625,21.781463,0.72321343,0.8501319,35.650139,30.30732
init,init,-1,,10539,179.Tennessee_Warbler/Tennessee_Warbler_0044_174824.jpg,179,178,179.Tennessee_Warbler,171,170,random_erasing,random_erasing,0,"{""area_fraction"":0.176337,""erased"":true,""height"":0.586976,""left"":0.067003,""top"":0.230548,""width"":0.300415}",6.2858973,6.4984627,0.21256542,0.0018623852,0.001505752,0.033988405,0.048406705,-0.03212602,-0.046900953,-0.014774933,0.74051281,0.97142374,60.415559,58.689108,False,0.93731838,True,False,False,0.74051281,0.97142374,60.415559,58.689108,0.66567977,0.94310037,52.040083,49.079021,0.93703542,1.0486087,30.689892,32.181688,0.58923701,1.0203907,9.1718598,9.3588809,0.53750968,0.8669764,17.199463,14.911529,0.54217481,0.76963755,23.611848,18.172565,0.60154311,0.93387329,22.355625,20.877321,0.76711767,1.0240131,35.650139,36.50621
init,init,-1,,3160,055.Evening_Grosbeak/Evening_Grosbeak_0041_37928.jpg,55,54,055.Evening_Grosbeak,107,106,identity,identity,0,{},5.0206275,5.0206275,0,0.0066003837,0.0066003837,0.023313759,0.023313759,-0.016713375,-0.016713375,0,1,1,42.847889,42.847889,False,1,True,False,False,1,1,42.847889,42.847889,1,1,34.339057,34.339057,1,1,25.62754,25.62754,1,1,6.7039699,6.7039699,1,1,12.047814,12.047814,1,1,13.338382,13.338382,1,1,13.797013,13.797013,1,1,24.916014,24.916014
init,init,-1,,3160,055.Evening_Grosbeak/Evening_Grosbeak_0041_37928.jpg,55,54,055.Evening_Grosbeak,107,106,horizontal_flip,horizontal_flip,0,"{""flipped"":true}",5.0206275,5.0420666,0.021439075,0.0066003837,0.0064603835,0.023313759,0.02473261,-0.016713375,-0.018272227,-0.0015588515,0.76040022,1.0529757,42.847889,45.117787,False,0.97115588,True,False,False,0.76040022,1.0529757,42.847889,45.117787,0.64607233,1.0624491,34.339057,36.4835,0.97111619,1.0357497,25.62754,26.543718,0.38748869,1.1812512,6.7039699,7.9190725,0.55857081,1.0940288,12.047814,13.180656,0.61496845,1.1448572,13.338382,15.270543,0.51972889,1.0811179,13.797013,14.916198,0.74295784,1.0144843,24.916014,25.276906
init,init,-1,,3160,055.Evening_Grosbeak/Evening_Grosbeak_0041_37928.jpg,55,54,055.Evening_Grosbeak,107,106,color_jitter,color_jitter,0,"{""brightness"":1.036399,""contrast"":1.078355,""hue"":-0.008983,""saturation"":1.313902}",5.0206275,4.9915223,-0.029105186,0.0066003837,0.0067953113,0.023313759,0.019051563,-0.016713375,-0.012256252,0.0044571236,0.86599853,0.98844405,42.847889,42.352741,False,0.96372235,True,False,False,0.86599853,0.98844405,42.847889,42.352741,0.81398736,1.002391,34.339057,34.42116,0.96366567,0.96289687,25.62754,24.676678,0.41744118,0.80070784,6.7039699,5.3679213,0.72263827,0.90412307,12.047814,10.892707,0.8165118,1.0128469,13.338382,13.509738,0.78327752,1.0766648,13.797013,14.854759,0.86795217,1.0107077,24.916014,25.182806
init,init,-1,,3160,055.Evening_Grosbeak/Evening_Grosbeak_0041_37928.jpg,55,54,055.Evening_Grosbeak,107,106,rotation,rotation,0,"{""angle"":-3.83272}",5.0206275,5.1269684,0.10634089,0.0066003837,0.0059345248,0.023313759,0.019355409,-0.016713375,-0.013420884,0.0032924912,0.7407814,1.05362,42.847889,45.145394,False,0.93352443,False,False,False,0.7407814,1.05362,42.847889,45.145394,0.6408054,1.0775166,34.339057,37.000905,0.93345281,1.009297,25.62754,25.8658,0.021576142,0.92086273,6.7039699,6.173436,0.45346637,0.90911253,12.047814,10.952819,0.50643023,1.0684545,13.338382,14.251454,0.60046393,1.2208575,13.797013,16.844188,0.7720336,1.0800378,24.916014,26.910236
init,init,-1,,3160,055.Evening_Grosbeak/Evening_Grosbeak_0041_37928.jpg,55,54,055.Evening_Grosbeak,107,106,random_resized_crop,random_resized_crop,0,"{""area_fraction"":0.856971,""aspect"":0.909985,""fallback"":false,""height"":0.970434,""left"":0.088557,""top"":0.014921,""width"":0.88308}",5.0206275,4.9609833,-0.059644222,0.0066003837,0.0070060375,0.023313759,0.02383187,-0.016713375,-0.016825833,-0.00011245767,0.82516647,1.0264334,42.847889,43.980505,False,0.98083955,True,False,False,0.82516647,1.0264334,42.847889,43.980505,0.74272679,1.0431725,34.339057,35.821559,0.98082521,0.99567396,25.62754,25.516675,0.27706362,1.0448442,6.7039699,7.0046043,0.61277442,1.1080659,12.047814,13.349772,0.60634282,0.9889186,13.338382,13.190574,0.69094673,1.0882359,13.797013,15.014405,0.86503395,1.0283289,24.916014,25.621858
init,init,-1,,3160,055.Evening_Grosbeak/Evening_Grosbeak_0041_37928.jpg,55,54,055.Evening_Grosbeak,107,106,gaussian_blur,gaussian_blur,0,"{""sigma"":1.895932}",5.0206275,5.173686,0.15305853,0.0066003837,0.0056636529,0.023313759,0.018225985,-0.016713375,-0.012562332,0.0041510435,0.62480166,1.0970863,42.847889,47.007831,False,0.88467705,False,False,False,0.62480166,1.0970863,42.847889,47.007831,0.51085628,1.1693776,34.339057,40.155325,0.88460687,0.95363951,25.62754,24.439435,0.081346069,1.0662308,6.7039699,7.1479793,0.38123913,1.2218208,12.047814,14.72027,0.36052873,1.3592063,13.338382,18.129612,0.4310515,1.322439,13.797013,18.245709,0.67139628,1.048957,24.916014,26.135827
init,init,-1,,3160,055.Evening_Grosbeak/Evening_Grosbeak_0041_37928.jpg,55,54,055.Evening_Grosbeak,107,106,random_erasing,random_erasing,0,"{""area_fraction"":0.051465,""erased"":true,""height"":0.214453,""left"":0.024562,""top"":0.572205,""width"":0.239981}",5.0206275,5.0790958,0.058468342,0.0066003837,0.006225537,0.023313759,0.020275561,-0.016713375,-0.014050024,0.0026633511,0.91443507,1.0659221,42.847889,45.672512,False,0.98313379,True,False,False,0.91443507,1.0659221,42.847889,45.672512,0.88089151,1.0996603,34.339057,37.761298,0.98309133,1.002503,25.62754,25.691685,0.85157733,0.83871462,6.7039699,5.6227176,0.8633639,1.0812183,12.047814,13.026317,0.87210238,1.16778,13.338382,15.576295,0.85794926,1.1537564,13.797013,15.918392,0.89960546,1.0833428,24.916014,26.992584
init,init,-1,,6513,112.Great_Grey_Shrike/Great_Grey_Shrike_0032_797021.jpg,112,111,112.Great_Grey_Shrike,129,128,identity,identity,0,{},5.9674335,5.9674335,0,0.0025608053,0.0025608053,0.025156619,0.025156619,-0.022595814,-0.022595814,0,1,1,46.449734,46.449734,False,1,True,False,False,1,1,46.449734,46.449734,1,1,39.341126,39.341126,1,1,24.695214,24.695214,1,1,15.929804,15.929804,1,1,12.089725,12.089725,1,1,14.803958,14.803958,1,1,15.807997,15.807997,1,1,26.052911,26.052911
init,init,-1,,6513,112.Great_Grey_Shrike/Great_Grey_Shrike_0032_797021.jpg,112,111,112.Great_Grey_Shrike,129,128,horizontal_flip,horizontal_flip,0,"{""flipped"":true}",5.9674335,6.0928736,0.12544012,0.0025608053,0.0022589087,0.025156619,0.031190371,-0.022595814,-0.028931462,-0.0063356487,0.62957971,0.99844528,46.449734,46.377518,False,0.94470263,True,False,False,0.62957971,0.99844528,46.449734,46.377518,0.50444461,0.99615411,39.341126,39.189825,0.94461409,1.0042365,24.695214,24.799835,0.3637174,0.61576752,15.929804,9.8090558,0.38731173,1.0017827,12.089725,12.111278,0.50993954,1.1062905,14.803958,16.377478,0.37344123,1.0574368,15.807997,16.715959,0.62127234,1.0478723,26.052911,27.300122
init,init,-1,,6513,112.Great_Grey_Shrike/Great_Grey_Shrike_0032_797021.jpg,112,111,112.Great_Grey_Shrike,129,128,color_jitter,color_jitter,0,"{""brightness"":0.904001,""contrast"":1.154224,""hue"":0.068964,""saturation"":1.154194}",5.9674335,6.0076513,0.040217876,0.0025608053,0.0024598588,0.025156619,0.017540829,-0.022595814,-0.01508097,0.0075148433,0.85294974,0.9613302,46.449734,44.653532,False,0.9721716,False,False,False,0.85294974,0.9613302,46.449734,44.653532,0.80338194,0.94303058,39.341126,37.099885,0.97210456,1.0062792,24.695214,24.850281,0.88805077,0.84883787,15.929804,13.521821,0.61475486,0.96738776,12.089725,11.695452,0.77400501,0.98092795,14.803958,14.521616,0.7494147,0.92813143,15.807997,14.671899,0.84701186,0.96390276,26.052911,25.112472
init,init,-1,,6513,112.Great_Grey_Shrike/Great_Grey_Shrike_0032_797021.jpg,112,111,112.Great_Grey_Shrike,129,128,rotation,rotation,0,"{""angle"":2.637367}",5.9674335,5.9932728,0.025839329,0.0025608053,0.0024954835,0.025156619,0.025774147,-0.022595814,-0.023278664,-0.00068285014,0.79903269,1.0002078,46.449734,46.459386,False,0.97268105,True,False,False,0.79903269,1.0002078,46.449734,46.459386,0.72922191,0.99422901,39.341126,39.114089,0.97266345,1.0152231,24.695214,25.071151,0.91224803,0.88139576,15.929804,14.040462,0.57208709,1.0695545,12.089725,12.93062,0.57033001,0.93489693,14.803958,13.840175,0.61847941,0.99206257,15.807997,15.682522,0.79442701,1.0357016,26.052911,26.983041
init,init,-1,,6513,112.Great_Grey_Shrike/Great_Grey_Shrike_0032_797021.jpg,112,111,112.Great_Grey_Shrike,129,128,random_resized_crop,random_resized_crop,0,"{""area_fraction"":0.82201,""aspect"":0.823506,""fallback"":false,""height"":0.999091,""left"":0.17436,""top"":0.000524,""width"":0.822758}",5.9674335,5.8823853,-0.085048199,0.0025608053,0.0027881276,0.025156619,0.030871844,-0.022595814,-0.028083716,-0.0054879026,0.801245,0.99715729,46.449734,46.317691,False,0.97092676,True,False,False,0.801245,0.99715729,46.449734,46.317691,0.73477956,0.99875269,39.341126,39.292056,0.97089503,0.99309686,24.695214,24.52474,0.86708473,0.60351935,15.929804,9.6139449,0.68101489,1.1154908,12.089725,13.485977,0.71699481,1.1476332,14.803958,16.989514,0.62465101,1.0327863,15.807997,16.326283,0.79048644,1.0259044,26.052911,26.727795
init,init,-1,,6513,112.Great_Grey_Shrike/Great_Grey_Shrike_0032_797021.jpg,112,111,112.Great_Grey_Shrike,129,128,gaussian_blur,gaussian_blur,0,"{""sigma"":1.207273}",5.9674335,5.9547033,-0.012730122,0.0025608053,0.0025936123,0.025156619,0.035737816,-0.022595814,-0.033144204,-0.01054839,0.71919005,1.140776,46.449734,52.988744,False,0.93421382,True,False,False,0.71919005,1.140776,46.449734,52.988744,0.64723509,1.1819728,39.341126,46.500139,0.93413878,1.0288455,24.695214,25.407559,0.61808328,0.97925288,15.929804,15.599306,0.57864077,1.3781039,12.089725,16.660897,0.60039034,1.4593801,14.803958,21.604602,0.55454754,1.1876373,15.807997,18.774167,0.74602704,1.1005479,26.052911,28.672477
init,init,-1,,6513,112.Great_Grey_Shrike/Great_Grey_Shrike_0032_797021.jpg,112,111,112.Great_Grey_Shrike,129,128,random_erasing,random_erasing,0,"{""area_fraction"":0.195374,""erased"":true,""height"":0.27382,""left"":0.185632,""top"":0.079105,""width"":0.713511}",5.9674335,5.9449329,-0.022500515,0.0025608053,0.0026190784,0.025156619,0.024341173,-0.022595814,-0.021722095,0.00087371864,0.47222457,1.0510771,46.449734,48.822251,False,0.83942449,False,False,False,0.47222457,1.0510771,46.449734,48.822251,0.34062878,1.0766635,39.341126,42.357154,0.83939351,0.9831575,24.695214,24.279285,0.3871636,0.64257401,15.929804,10.236078,0.20451969,1.1863792,12.089725,14.342999,0.21713731,1.3219442,14.803958,19.570007,0.23435579,1.1941987,15.807997,18.87789,0.4729844,1.04715,26.052911,27.281306
init,init,-1,,7430,127.Savannah_Sparrow/Savannah_Sparrow_0118_118603.jpg,127,126,127.Savannah_Sparrow,171,170,identity,identity,0,{},5.06212,5.06212,0,0.0063321218,0.0063321218,0.021521954,0.021521954,-0.015189832,-0.015189832,0,1,1,44.23673,44.23673,False,1,True,False,False,1,1,44.23673,44.23673,1,1,35.753775,35.753775,1,1,26.049105,26.049105,1,1,8.505453,8.505453,1,1,13.9188,13.9188,1,1,15.060071,15.060071,1,1,14.485232,14.485232,1,1,23.99227,23.99227
init,init,-1,,7430,127.Savannah_Sparrow/Savannah_Sparrow_0118_118603.jpg,127,126,127.Savannah_Sparrow,171,170,horizontal_flip,horizontal_flip,0,"{""flipped"":true}",5.06212,4.850194,-0.21192598,0.0063321218,0.0078268582,0.021521954,0.014290788,-0.015189832,-0.00646393,0.0087259021,0.65783021,0.97615593,44.23673,43.181946,False,0.95845193,False,False,False,0.65783021,0.97615593,44.23673,43.181946,0.49925432,0.97815654,35.753775,34.972789,0.95835513,0.97237581,26.049105,25.329519,0.080196854,0.87056353,8.505453,7.4045372,0.34238567,0.80064662,13.9188,11.14404,0.4088106,0.99628349,15.060071,15.0041,0.40367908,1.0096062,14.485232,14.62438,0.65781283,1.0252656,23.99227,24.598448
init,init,-1,,7430,127.Savannah_Sparrow/Savannah_Sparrow_0118_118603.jpg,127,126,127.Savannah_Sparrow,171,170,color_jitter,color_jitter,0,"{""brightness"":1.083011,""contrast"":0.863319,""hue"":0.06326,""saturation"":0.699374}",5.06212,5.1805291,0.11840916,0.0063321218,0.0056250291,0.021521954,0.022726307,-0.015189832,-0.017101278,-0.0019114455,0.83298128,1.0053627,44.23673,44.473959,False,0.96709383,True,False,False,0.83298128,1.0053627,44.23673,44.473959,0.76933372,1.0363828,35.753775,37.054597,0.96703806,0.94415949,26.049105,24.594509,0.73503174,0.92913222,8.505453,7.9026904,0.66739058,0.99800759,13.9188,13.891068,0.71207766,1.1090177,15.060071,16.701885,0.73823846,1.0790021,14.485232,15.629597,0.84548802,1.0161668,23.99227,24.380147
init,init,-1,,7430,127.Savannah_Sparrow/Savannah_Sparrow_0118_118603.jpg,127,126,127.Savannah_Sparrow,171,170,rotation,rotation,0,"{""angle"":10.661615}",5.06212,5.1905117,0.12839174,0.0063321218,0.0055691553,0.021521954,0.021616697,-0.015189832,-0.016047542,-0.00085770991,0.71799287,1.0212941,44.23673,45.17871,False,0.95169866,True,False,False,0.71799287,1.0212941,44.23673,45.17871,0.59193022,1.0153109,35.753775,36.301198,0.95160067,1.0324716,26.049105,26.89496,0.30710275,0.82040918,8.505453,6.9779517,0.63203205,0.99647786,13.9188,13.869776,0.49232626,0.9132884,15.060071,13.754188,0.44949598,1.0650269,14.485232,15.427162,0.69603109,1.0622615,23.99227,25.486064
init,init,-1,,7430,127.Savannah_Sparrow/Savannah_Sparrow_0118_118603.jpg,127,126,127.Savannah_Sparrow,171,170,random_resized_crop,random_resized_crop,0,"{""area_fraction"":0.511333,""aspect"":1.228866,""fallback"":false,""height"":0.645059,""left"":0.14723,""top"":0.174031,""width"":0.792691}",5.06212,5.1535316,0.091411591,0.0063321218,0.00577896,0.021521954,0.0072054141,-0.015189832,-0.0014264542,0.013763378,0.59648884,1.2167834,44.23673,53.826517,False,0.88780594,False,False,False,0.59648884,1.2167834,44.23673,53.826517,0.46289137,1.2692123,35.753775,45.379132,0.88752908,1.1113134,26.049105,28.948718,0.39208167,0.98229563,8.505453,8.3548693,0.51746555,1.3685881,13.9188,19.049104,0.32736787,1.3473096,15.060071,20.290578,0.3407276,1.4469547,14.485232,20.959475,0.57243654,1.1607634,23.99227,27.849349
init,init,-1,,7430,127.Savannah_Sparrow/Savannah_Sparrow_0118_118603.jpg,127,126,127.Savannah_Sparrow,171,170,gaussian_blur,gaussian_blur,0,"{""sigma"":1.710812}",5.06212,5.3133063,0.25118637,0.0063321218,0.0049256147,0.021521954,0.011845994,-0.015189832,-0.0069203791,0.008269453,0.60228092,0.99997436,44.23673,44.235596,False,0.89240563,False,False,False,0.60228092,0.99997436,44.23673,44.235596,0.46906034,1.0428101,35.753775,37.284399,0.89226029,0.9138377,26.049105,23.804654,0.22207024,1.3018785,8.505453,11.073066,0.49473182,1.0580613,13.9188,14.726944,0.31922932,1.0318086,15.060071,15.539111,0.38052653,1.1089163,14.485232,16.06291,0.60312473,0.97850587,23.99227,23.476577
init,init,-1,,7430,127.Savannah_Sparrow/Savannah_Sparrow_0118_118603.jpg,127,126,127.Savannah_Sparrow,171,170,random_erasing,random_erasing,0,"{""area_fraction"":0.129831,""erased"":true,""height"":0.634093,""left"":0.620787,""top"":0.22975,""width"":0.204751}",5.06212,4.7944546,-0.26766539,0.0063321218,0.0082755107,0.021521954,0.015361287,-0.015189832,-0.007085776,0.0081040561,0.81334416,1.1643845,44.23673,51.508561,False,0.95492697,False,False,False,0.81334416,1.1643845,44.23673,51.508561,0.7412644,1.1793799,35.753775,42.167283,0.95475596,1.1355968,26.049105,29.581279,0.72132157,1.1795721,8.505453,10.032795,0.78156146,1.2235977,13.9188,17.031012,0.68839068,1.1599011,15.060071,17.468193,0.63302168,1.1531772,14.485232,16.70404,0.78897522,1.1812499,23.99227,28.340866
init,init,-1,,1772,032.Mangrove_Cuckoo/Mangrove_Cuckoo_0015_26380.jpg,32,31,032.Mangrove_Cuckoo,4,3,identity,identity,0,{},6.629559,6.629559,0,0.0013207453,0.0013207453,0.021598058,0.021598058,-0.020277312,-0.020277312,0,1,1,58.679093,58.679093,False,1,True,False,False,1,1,58.679093,58.679093,1,1,49.691656,49.691656,1,1,31.208576,31.208576,1,1,7.7428022,7.7428022,1,1,16.873422,16.873422,1,1,24.475532,24.475532,1,1,21.539872,21.539872,1,1,32.581891,32.581891
init,init,-1,,1772,032.Mangrove_Cuckoo/Mangrove_Cuckoo_0015_26380.jpg,32,31,032.Mangrove_Cuckoo,4,3,horizontal_flip,horizontal_flip,0,"{""flipped"":true}",6.629559,6.6972198,0.067660809,0.0013207453,0.0012343385,0.021598058,0.023073796,-0.020277312,-0.021839458,-0.0015621452,0.65558251,1.0194899,58.679093,59.82274,False,0.96726459,False,False,False,0.65558251,1.0194899,58.679093,59.82274,0.5395731,1.0349299,49.691656,51.427383,0.9671456,0.97925522,31.208576,30.561161,0.32321765,1.1818094,7.7428022,9.1505167,0.32953773,1.1544627,16.873422,19.479737,0.46515809,0.99293097,24.475532,24.302513,0.41927582,1.0401451,21.539872,22.404592,0.71488351,1.0128352,32.581891,33.000086
init,init,-1,,1772,032.Mangrove_Cuckoo/Mangrove_Cuckoo_0015_26380.jpg,32,31,032.Mangrove_Cuckoo,4,3,color_jitter,color_jitter,0,"{""brightness"":0.787935,""contrast"":0.633835,""hue"":0.075012,""saturation"":0.861509}",6.629559,6.8473287,0.21776962,0.0013207453,0.0010622897,0.021598058,0.014964492,-0.020277312,-0.013902202,0.0063751101,0.74787293,0.95079123,58.679093,55.791567,False,0.94155651,False,False,False,0.74787293,0.95079123,58.679093,55.791567,0.67781257,0.97057575,49.691656,48.229517,0.94132451,0.89868298,31.208576,28.046616,0.56305234,1.4889082,7.7428022,11.528322,0.59091909,1.1242947,16.873422,18.9707,0.67437695,0.89420348,24.475532,21.886106,0.58750716,0.93271792,21.539872,20.090625,0.76602968,0.94631721,32.581891,30.832804
init,init,-1,,1772,032.Mangrove_Cuckoo/Mangrove_Cuckoo_0015_26380.jpg,32,31,032.Mangrove_Cuckoo,4,3,rotation,rotation,0,"{""angle"":12.145537}",6.629559,6.6684065,0.038847446,0.0013207453,0.0012704219,0.021598058,0.022563787,-0.020277312,-0.021293365,-0.0010160528,0.6966567,0.900741,58.679093,52.854665,False,0.93539923,True,False,False,0.6966567,0.900741,58.679093,52.854665,0.60405741,0.90474113,49.691656,44.958085,0.93523033,0.89051918,31.208576,27.791836,0.52833765,1.16251,7.7428022,9.0010853,0.4615391,0.95313903,16.873422,16.082717,0.52510728,0.81026106,24.475532,19.83157,0.50307367,0.92401942,21.539872,19.90326,0.73662708,0.9167198,32.581891,29.868465
init,init,-1,,1772,032.Mangrove_Cuckoo/Mangrove_Cuckoo_0015_26380.jpg,32,31,032.Mangrove_Cuckoo,4,3,random_resized_crop,random_resized_crop,0,"{""area_fraction"":0.822768,""aspect"":0.891508,""fallback"":false,""height"":0.960674,""left"":0.085782,""top"":0.026364,""width"":0.856448}",6.629559,6.5240059,-0.10555315,0.0013207453,0.001467778,0.021598058,0.02138648,-0.020277312,-0.019918702,0.00035861053,0.78202779,0.95587601,58.679093,56.089937,False,0.96839988,True,False,False,0.78202779,0.95587601,58.679093,56.089937,0.71514781,0.97733548,49.691656,48.565419,0.96831596,0.89917894,31.208576,28.062094,0.60687115,0.99310759,7.7428022,7.6894356,0.62415808,1.1666104,16.873422,19.684709,0.7124984,1.0041661,24.475532,24.577498,0.61522216,0.96779076,21.539872,20.846089,0.80753784,0.90703347,32.581891,29.552865
init,init,-1,,1772,032.Mangrove_Cuckoo/Mangrove_Cuckoo_0015_26380.jpg,32,31,032.Mangrove_Cuckoo,4,3,gaussian_blur,gaussian_blur,0,"{""sigma"":1.062001}",6.629559,6.1517982,-0.47776079,0.0013207453,0.0021296481,0.021598058,0.020938091,-0.020277312,-0.018808443,0.0014688696,0.66648665,0.93891647,58.679093,55.094767,False,0.92398965,False,False,False,0.66648665,0.93891647,58.679093,55.094767,0.57398333,0.96055257,49.691656,47.731448,0.92377797,0.88168768,31.208576,27.516217,0.22333648,1.2813203,7.7428022,9.9210093,0.43300633,1.1610231,16.873422,19.590433,0.54684916,0.92328781,24.475532,22.59796,0.49609383,1.000053,21.539872,21.541013,0.71586397,0.87963028,32.581891,28.660018
init,init,-1,,1772,032.Mangrove_Cuckoo/Mangrove_Cuckoo_0015_26380.jpg,32,31,032.Mangrove_Cuckoo,4,3,random_erasing,random_erasing,0,"{""area_fraction"":0.106075,""erased"":true,""height"":0.423582,""left"":0.498486,""top"":0.081936,""width"":0.250425}",6.629559,5.9106512,-0.71890783,0.0013207453,0.0027104206,0.021598058,0.028250875,-0.020277312,-0.025540454,-0.0052631418,0.68689054,0.93406884,58.679093,54.810312,False,0.92086834,True,False,False,0.68689054,0.93406884,58.679093,54.810312,0.59121034,0.92349045,49.691656,45.88977,0.92052212,0.96036558,31.208576,29.971642,0.180312,0.96453207,7.7428022,7.468181,0.4665772,0.94743181,16.873422,15.986417,0.52382107,0.8558251,24.475532,20.946774,0.5248246,0.99951971,21.539872,21.529527,0.71918641,0.91678079,32.581891,29.870452
init,init,-1,,5158,089.Hooded_Merganser/Hooded_Merganser_0089_796740.jpg,89,88,089.Hooded_Merganser,8,7,identity,identity,0,{},6.5979996,6.5979996,0,0.0013630916,0.0013630916,0.023779906,0.023779906,-0.022416815,-0.022416815,0,1,1,48.934411,48.934411,False,1,True,False,False,1,1,48.934411,48.934411,1,1,38.908431,38.908431,1,1,29.676769,29.676769,1,1,7.2655974,7.2655974,1,1,12.280123,12.280123,1,1,14.643307,14.643307,1,1,16.599061,16.599061,1,1,28.641236,28.641236
init,init,-1,,5158,089.Hooded_Merganser/Hooded_Merganser_0089_796740.jpg,89,88,089.Hooded_Merganser,8,7,horizontal_flip,horizontal_flip,0,"{""flipped"":true}",6.5979996,7.0528679,0.45486832,0.0013630916,0.0008649251,0.023779906,0.023872577,-0.022416815,-0.023007652,-0.00059083686,0.6592744,1.0075799,48.934411,49.305328,False,0.96142173,True,False,False,0.6592744,1.0075799,48.934411,49.305328,0.4752891,0.98959605,38.908431,38.50363,0.96131269,1.0377645,29.676769,30.797497,0.0071332473,0.72228299,7.2655974,5.2478174,0.31340897,0.93416481,12.280123,11.471659,0.19193119,0.96045196,14.643307,14.064193,0.3272919,1.0076128,16.599061,16.725426,0.64493522,1.0154413,28.641236,29.083493
init,init,-1,,5158,089.Hooded_Merganser/Hooded_Merganser_0089_796740.jpg,89,88,089.Hooded_Merganser,8,7,color_jitter,color_jitter,0,"{""brightness"":1.075267,""contrast"":1.075833,""hue"":-0.013664,""saturation"":1.199768}",6.5979996,6.6562824,0.058282852,0.0013630916,0.0012859176,0.023779906,0.021848189,-0.022416815,-0.020562271,0.0018545436,0.9018084,0.97438654,48.934411,47.681032,False,0.99291736,True,False,False,0.9018084,0.97438654,48.934411,47.681032,0.84671585,0.95786059,38.908431,37.268853,0.99289485,1.0021566,29.676769,29.74077,0.37977893,0.59356138,7.2655974,4.3125781,0.66960283,0.90869979,12.280123,11.158946,0.75394881,0.92682206,14.643307,13.57174,0.81754818,0.96403955,16.599061,16.002151,0.93139318,0.99097844,28.641236,28.382848
init,init,-1,,5158,089.Hooded_Merganser/Hooded_Merganser_0089_796740.jpg,89,88,089.Hooded_Merganser,8,7,rotation,rotation,0,"{""angle"":8.195938}",6.5979996,6.8231783,0.22517872,0.0013630916,0.0010882562,0.023779906,0.017695624,-0.022416815,-0.016607368,0.0058094466,0.65713032,1.1884404,48.934411,58.15563,False,0.9335447,False,False,False,0.65713032,1.1884404,48.934411,58.15563,0.5147414,1.2344038,38.908431,48.028714,0.93320519,1.1049745,29.676769,32.792072,-0.031046466,1.132494,7.2655974,8.2282456,0.45519066,1.4905288,12.280123,18.303878,0.2928701,1.3453453,14.643307,19.700304,0.40802449,1.2060632,16.599061,20.019517,0.67058765,1.1659304,28.641236,33.393688
init,init,-1,,5158,089.Hooded_Merganser/Hooded_Merganser_0089_796740.jpg,89,88,089.Hooded_Merganser,8,7,random_resized_crop,random_resized_crop,0,"{""area_fraction"":0.770013,""aspect"":0.941542,""fallback"":false,""height"":0.904335,""left"":0.038871,""top"":0.085664,""width"":0.851469}",6.5979996,6.3968196,-0.20117998,0.0013630916,0.0016668502,0.023779906,0.031745858,-0.022416815,-0.030079008,-0.0076621936,0.69847095,1.0370622,48.934411,50.74803,False,0.95353323,True,False,False,0.69847095,1.0370622,48.934411,50.74803,0.55380544,1.0462663,38.908431,40.70858,0.95341303,1.0210474,29.676769,30.301386,0.58114558,1.0769302,7.2655974,7.8245411,0.4317223,1.188372,12.280123,14.593355,0.25036943,1.050142,14.643307,15.377552,0.41987307,1.0278666,16.599061,17.06162,0.70608468,1.0211764,28.641236,29.247753
init,init,-1,,5158,089.Hooded_Merganser/Hooded_Merganser_0089_796740.jpg,89,88,089.Hooded_Merganser,8,7,gaussian_blur,gaussian_blur,0,"{""sigma"":1.866488}",6.5979996,6.9143639,0.31636429,0.0013630916,0.00099341327,0.023779906,0.033083983,-0.022416815,-0.032090569,-0.0096737548,0.59307873,1.2818801,48.934411,62.728048,False,0.9155935,True,False,False,0.59307873,1.2818801,48.934411,62.728048,0.42605625,1.3303604,38.908431,51.762235,0.91525646,1.1939554,29.676769,35.432739,-0.15125508,1.5454578,7.2655974,11.228674,0.24312915,1.3768435,12.280123,16.907808,0.20314629,1.3497711,14.643307,19.765113,0.2888408,1.3441265,16.599061,22.311238,0.61507094,1.2965161,28.641236,37.133824
init,init,-1,,5158,089.Hooded_Merganser/Hooded_Merganser_0089_796740.jpg,89,88,089.Hooded_Merganser,8,7,random_erasing,random_erasing,0,"{""area_fraction"":0.150899,""erased"":true,""height"":0.503793,""left"":0.589024,""top"":0.346008,""width"":0.299526}",6.5979996,6.5529485,-0.045051098,0.0013630916,0.001425905,0.023779906,0.019718347,-0.022416815,-0.018292442,0.0041243726,0.79460785,1.0657804,48.934411,52.153335,False,0.94980311,True,False,False,0.79460785,1.0657804,48.934411,52.153335,0.70723869,1.07747,38.908431,41.922668,0.94962995,1.0453814,29.676769,31.023543,0.8184232,1.0495223,7.2655974,7.6254067,0.58243778,1.0320055,12.280123,12.673156,0.53716156,1.1187238,14.643307,16.381816,0.6554384,1.0513129,16.599061,17.450807,0.78518234,1.0850888,28.641236,31.078285
init,init,-1,,10638,181.Worm_eating_Warbler/Worm_Eating_Warbler_0006_176037.jpg,181,180,181.Worm_eating_Warbler,58,57,identity,identity,0,{},4.7444563,4.7444563,0,0.0086997915,0.0086997915,0.024556346,0.024556346,-0.015856555,-0.015856555,0,1,1,51.951815,51.951815,False,1,True,False,False,1,1,51.951815,51.951815,1,1,43.396014,43.396014,1,1,28.561811,28.561811,1,1,8.211236,8.211236,1,1,17.561923,17.561923,1,1,17.796001,17.796001,1,1,18.098127,18.098127,1,1,29.379051,29.379051
init,init,-1,,10638,181.Worm_eating_Warbler/Worm_Eating_Warbler_0006_176037.jpg,181,180,181.Worm_eating_Warbler,58,57,horizontal_flip,horizontal_flip,0,"{""flipped"":true}",4.7444563,4.7198248,-0.0246315,0.0086997915,0.0089167394,0.024556346,0.021345608,-0.015856555,-0.012428869,0.0034276862,0.72086369,0.97961972,51.951815,50.893022,False,0.9632535,False,False,False,0.72086369,0.97961972,51.951815,50.893022,0.61114098,0.96546632,43.396014,41.89739,0.96316006,1.0115367,28.561811,28.891321,0.53788643,0.76070183,8.211236,6.2463022,0.60344754,0.91387927,17.561923,16.049477,0.54450859,1.0424585,17.796001,18.551593,0.48454447,0.944217,18.098127,17.088559,0.6929138,0.97624519,29.379051,28.681158
init,init,-1,,10638,181.Worm_eating_Warbler/Worm_Eating_Warbler_0006_176037.jpg,181,180,181.Worm_eating_Warbler,58,57,color_jitter,color_jitter,0,"{""brightness"":1.015284,""contrast"":0.716122,""hue"":0.062165,""saturation"":0.914203}",4.7444563,4.6539989,-0.090457439,0.0086997915,0.0095234429,0.024556346,0.026359441,-0.015856555,-0.016835998,-0.00097944308,0.8687304,0.98158229,51.951815,50.994982,False,0.97575986,True,False,False,0.8687304,0.98158229,51.951815,50.994982,0.82324172,0.98678706,43.396014,42.822625,0.97571301,0.96946044,28.561811,27.689546,0.81318572,0.92808726,8.211236,7.6207435,0.79136862,1.0047614,17.561923,17.645543,0.78640167,0.94889559,17.796001,16.886547,0.76786171,0.92243198,18.098127,16.694291,0.86819955,1.0214089,29.379051,30.008024
init,init,-1,,10638,181.Worm_eating_Warbler/Worm_Eating_Warbler_0006_176037.jpg,181,180,181.Worm_eating_Warbler,58,57,rotation,rotation,0,"{""angle"":4.131689}",4.7444563,5.0986333,0.354177,0.0086997915,0.0061050844,0.024556346,0.020653909,-0.015856555,-0.014548825,0.0013077301,0.77885998,0.9923035,51.951815,51.551968,False,0.95935929,False,False,False,0.77885998,0.9923035,51.951815,51.551968,0.70051442,0.99154921,43.396014,43.029283,0.95926807,0.9940426,28.561811,28.391657,0.69009704,0.71547197,8.211236,5.8749092,0.65048447,0.99274304,17.561923,17.434477,0.62385892,0.99965424,17.796001,17.789848,0.59932988,0.99993526,18.098127,18.096955,0.78722942,1.0034331,29.379051,29.479912
init,init,-1,,10638,181.Worm_eating_Warbler/Worm_Eating_Warbler_0006_176037.jpg,181,180,181.Worm_eating_Warbler,58,57,random_resized_crop,random_resized_crop,0,"{""area_fraction"":0.663564,""aspect"":0.963299,""fallback"":false,""height"":0.829967,""left"":0.126786,""top"":0.045853,""width"":0.799507}",4.7444563,4.6349177,-0.10953856,0.0086997915,0.0097069079,0.024556346,0.017851865,-0.015856555,-0.008144957,0.0077115977,0.75430309,0.94750332,51.951815,49.224517,False,0.95473802,False,False,False,0.75430309,0.94750332,51.951815,49.224517,0.66716801,0.94631995,43.396014,41.066514,0.95463051,0.95022948,28.561811,27.140275,0.54160833,0.78995141,8.211236,6.4864774,0.63977897,1.0117509,17.561923,17.768291,0.60099131,1.026788,17.796001,18.272719,0.58402531,0.92528544,18.098127,16.745934,0.74890159,0.90974318,29.379051,26.727391
init,init,-1,,10638,181.Worm_eating_Warbler/Worm_Eating_Warbler_0006_176037.jpg,181,180,181.Worm_eating_Warbler,58,57,gaussian_blur,gaussian_blur,0,"{""sigma"":1.193176}",4.7444563,4.8001904,0.055734158,0.0086997915,0.00822818,0.024556346,0.017704517,-0.015856555,-0.0094763367,0.0063802181,0.70236209,1.0540411,51.951815,54.759347,False,0.92662293,False,False,False,0.70236209,1.0540411,51.951815,54.759347,0.61418456,1.0805943,43.396014,46.893486,0.92646721,0.99002722,28.561811,28.276971,0.33544528,0.99433536,8.211236,8.1647222,0.53759799,1.051572,17.561923,18.467627,0.60430156,1.2307452,17.796001,21.902343,0.55707237,1.1192181,18.098127,20.255751,0.6953029,1.0218588,29.379051,30.021243
init,init,-1,,10638,181.Worm_eating_Warbler/Worm_Eating_Warbler_0006_176037.jpg,181,180,181.Worm_eating_Warbler,58,57,random_erasing,random_erasing,0,"{""area_fraction"":0.142728,""erased"":true,""height"":0.472785,""left"":0.172353,""top"":0.03404,""width"":0.301889}",4.7444563,4.6263018,-0.11815453,0.0086997915,0.0097909002,0.024556346,0.025187714,-0.015856555,-0.015396814,0.00045974087,0.8050042,1.0820113,51.951815,56.212449,False,0.96264744,False,False,False,0.8050042,1.0820113,51.951815,56.212449,0.73721464,1.0839746,43.396014,47.040178,0.96245146,1.0774652,28.561811,30.774357,0.63528872,0.9676479,8.211236,7.9455852,0.61677437,1.0166175,17.561923,17.853758,0.74991209,1.1492219,17.796001,20.451554,0.70104949,1.0726838,18.098127,19.413568,0.79411157,1.0954357,29.379051,32.182863
init,init,-1,,2832,050.Eared_Grebe/Eared_Grebe_0068_34052.jpg,50,49,050.Eared_Grebe,186,185,identity,identity,0,{},5.8631573,5.8631573,0,0.0028422568,0.0028422568,0.024650527,0.024650527,-0.02180827,-0.02180827,0,1,1,50.59789,50.59789,False,1,True,False,False,1,1,50.59789,50.59789,1,1,41.902125,41.902125,1,1,28.361213,28.361213,1,1,7.143533,7.143533,1,1,16.926503,16.926503,1,1,15.481223,15.481223,1,1,17.504156,17.504156,1,1,29.532825,29.532825
init,init,-1,,2832,050.Eared_Grebe/Eared_Grebe_0068_34052.jpg,50,49,050.Eared_Grebe,186,185,horizontal_flip,horizontal_flip,0,"{""flipped"":true}",5.8631573,5.8192887,-0.043868542,0.0028422568,0.0029697169,0.024650527,0.026874477,-0.02180827,-0.02390476,-0.0020964898,0.68183509,0.95917144,50.59789,48.532051,False,0.96097577,True,False,False,0.68183509,0.95917144,50.59789,48.532051,0.5597355,0.97218715,41.902125,40.736707,0.96087493,0.9301277,28.361213,26.37955,0.3523262,1.1943184,7.143533,8.5316529,0.49510477,0.89540068,16.926503,15.156002,0.4077657,1.0450459,15.481223,16.178589,0.4536397,1.0221443,17.504156,17.891773,0.68442992,0.94271512,29.532825,27.84104
init,init,-1,,2832,050.Eared_Grebe/Eared_Grebe_0068_34052.jpg,50,49,050.Eared_Grebe,186,185,color_jitter,color_jitter,0,"{""brightness"":1.036719,""contrast"":1.174383,""hue"":0.036896,""saturation"":1.120726}",5.8631573,5.655087,-0.20807028,0.0028422568,0.0034996686,0.024650527,0.02193591,-0.02180827,-0.018436241,0.0033720289,0.88898221,0.97944987,50.59789,49.558096,False,0.98059928,True,False,False,0.88898221,0.97944987,50.59789,49.558096,0.84628962,0.97362661,41.902125,40.797024,0.98054989,0.99204239,28.361213,28.135526,0.64478203,0.87811594,7.143533,6.2728502,0.78683257,0.85453217,16.926503,14.464241,0.79119178,0.96477737,15.481223,14.935934,0.81288681,0.9742899,17.504156,17.054122,0.90151888,1.0168956,29.532825,30.0318
init,init,-1,,2832,050.Eared_Grebe/Eared_Grebe_0068_34052.jpg,50,49,050.Eared_Grebe,186,185,rotation,rotation,0,"{""angle"":9.881167}",5.8631573,6.0684872,0.2053299,0.0028422568,0.0023146716,0.024650527,0.026559692,-0.02180827,-0.02424502,-0.0024367499,0.62805311,0.94673507,50.59789,47.902797,False,0.88703793,True,False,False,0.62805311,0.94673507,50.59789,47.902797,0.51542951,0.96097159,41.902125,40.266751,0.88680343,0.91488975,28.361213,25.947383,0.32167013,0.93114903,7.143533,6.6516939,0.53281533,0.8624196,16.926503,14.597748,0.36925418,1.0335113,15.481223,16.000019,0.39567818,1.0371227,17.504156,18.153957,0.61349368,0.9447693,29.532825,27.901706
init,init,-1,,2832,050.Eared_Grebe/Eared_Grebe_0068_34052.jpg,50,49,050.Eared_Grebe,186,185,random_resized_crop,random_resized_crop,0,"{""area_fraction"":0.64808,""aspect"":0.910228,""fallback"":false,""height"":0.8438,""left"":0.125355,""top"":0.117947,""width"":0.76805}",5.8631573,5.4381466,-0.42501068,0.0028422568,0.0043475321,0.024650527,0.011297372,-0.02180827,-0.0069498401,0.01485843,0.6231427,0.96980529,50.59789,49.070101,False,0.9076764,False,False,False,0.6231427,0.96980529,50.59789,49.070101,0.50452587,0.99526125,41.902125,41.703561,0.90745822,0.9117734,28.361213,25.859,0.20455596,1.1489627,7.143533,8.2076531,0.32939662,0.89840235,16.926503,15.20681,0.45847363,1.1370771,15.481223,17.603344,0.43209156,1.0266578,17.504156,17.970778,0.624292,0.96234965,29.532825,28.420903
init,init,-1,,2832,050.Eared_Grebe/Eared_Grebe_0068_34052.jpg,50,49,050.Eared_Grebe,186,185,gaussian_blur,gaussian_blur,0,"{""sigma"":1.648252}",5.8631573,5.4510541,-0.41210318,0.0028422568,0.0042917784,0.024650527,0.015547094,-0.02180827,-0.011255316,0.010552955,0.48527728,1.0928321,50.59789,55.295,False,0.85675061,False,False,False,0.48527728,1.0928321,50.59789,55.295,0.38059637,1.2019166,41.902125,50.36286,0.85651944,0.80490346,28.361213,22.828039,-0.055782078,1.0438339,7.143533,7.456662,0.15948312,1.276897,16.926503,21.613401,0.28646068,1.9240923,15.481223,29.787303,0.38637284,1.119342,17.504156,19.593136,0.60043511,0.92266474,29.532825,27.248896
init,init,-1,,2832,050.Eared_Grebe/Eared_Grebe_0068_34052.jpg,50,49,050.Eared_Grebe,186,185,random_erasing,random_erasing,0,"{""area_fraction"":0.058235,""erased"":true,""height"":0.178584,""left"":0.623857,""top"":0.741301,""width"":0.32609}",5.8631573,5.7090311,-0.15412617,0.0028422568,0.0033158846,0.024650527,0.017193116,-0.02180827,-0.013877232,0.0079310387,0.87031603,0.93426933,50.59789,47.272056,False,0.96717244,False,False,False,0.87031603,0.93426933,50.59789,47.272056,0.82715151,0.94143652,41.902125,39.44819,0.96708169,0.91843019,28.361213,26.047794,0.82620378,0.89838726,7.143533,6.417659,0.80446064,0.93850942,16.926503,15.885682,0.73625904,0.91413427,15.481223,14.151917,0.81816757,0.97811104,17.504156,17.121008,0.86262398,0.9391139,29.532825,27.734686
init,init,-1,,10225,174.Palm_Warbler/Palm_Warbler_0126_170311.jpg,174,173,174.Palm_Warbler,4,3,identity,identity,0,{},4.9929047,4.9929047,0,0.0067859236,0.0067859236,0.035230253,0.035230253,-0.028444329,-0.028444329,0,1,1,42.746629,42.746629,False,1,True,False,False,1,1,42.746629,42.746629,1,1,31.816668,31.816668,1,1,28.547748,28.547748,1,1,4.5553213,4.5553213,1,1,10.112593,10.112593,1,1,11.963809,11.963809,1,1,13.609218,13.609218,1,1,23.6842,23.6842
init,init,-1,,10225,174.Palm_Warbler/Palm_Warbler_0126_170311.jpg,174,173,174.Palm_Warbler,4,3,horizontal_flip,horizontal_flip,0,"{""flipped"":true}",4.9929047,4.8399911,-0.15291357,0.0067859236,0.0079071233,0.035230253,0.03715454,-0.028444329,-0.029247417,-0.00080308784,0.73476059,1.0294723,42.746629,44.006469,False,0.96363825,True,False,False,0.73476059,1.0294723,42.746629,44.006469,0.57921809,1.0938138,31.816668,34.801511,0.96349662,0.9434614,28.547748,26.933699,0.52185128,1.6246143,4.5553213,7.4006401,0.43914779,1.1355802,10.112593,11.48366,0.43706951,1.0795279,11.963809,12.915267,0.42997115,1.1536089,13.609218,15.699714,0.70594182,1.0438514,23.6842,24.722785
init,init,-1,,10225,174.Palm_Warbler/Palm_Warbler_0126_170311.jpg,174,173,174.Palm_Warbler,4,3,color_jitter,color_jitter,0,"{""brightness"":1.286146,""contrast"":1.076523,""hue"":0.03349,""saturation"":1.188609}",4.9929047,4.9003005,-0.09260416,0.0067859236,0.0074443454,0.035230253,0.027017171,-0.028444329,-0.019572825,0.0088715041,0.85039828,1.0319622,42.746629,44.112904,False,0.96994948,False,False,False,0.85039828,1.0319622,42.746629,44.112904,0.75543813,1.0376014,31.816668,33.01302,0.96984672,1.0249143,28.547748,29.258995,0.35495124,1.479388,4.5553213,6.7390878,0.56055509,0.93331531,10.112593,9.4382375,0.70920196,1.1152656,11.963809,13.342825,0.71307662,1.0163648,13.609218,13.831929,0.84007035,1.0221015,23.6842,24.207657
init,init,-1,,10225,174.Palm_Warbler/Palm_Warbler_0126_170311.jpg,174,173,174.Palm_Warbler,4,3,rotation,rotation,0,"{""angle"":9.913804}",4.9929047,4.7428408,-0.2500639,0.0067859236,0.0087138591,0.035230253,0.02762213,-0.028444329,-0.018908271,0.0095360586,0.7940343,1.1137461,42.746629,47.608891,False,0.96174675,False,False,False,0.7940343,1.1137461,42.746629,47.608891,0.67412259,1.16322,31.816668,37.009786,0.9616453,1.0490492,28.547748,29.947993,0.42012772,1.3176588,4.5553213,6.0023591,0.49835097,1.0367852,10.112593,10.484586,0.62735199,1.2607943,11.963809,15.083903,0.62409131,1.2590412,13.609218,17.134566,0.74979486,1.1192095,23.6842,26.507581
init,init,-1,,10225,174.Palm_Warbler/Palm_Warbler_0126_170311.jpg,174,173,174.Palm_Warbler,4,3,random_resized_crop,random_resized_crop,0,"{""area_fraction"":0.851374,""aspect"":0.949617,""fallback"":false,""height"":0.946861,""left"":0.009272,""top"":0.001164,""width"":0.899155}",4.9929047,4.9071007,-0.085803986,0.0067859236,0.0073938947,0.035230253,0.029619953,-0.028444329,-0.022226058,0.0062182713,0.82934945,1.0647711,42.746629,45.515375,False,0.9751482,False,False,False,0.82934945,1.0647711,42.746629,45.515375,0.71968598,1.0933588,31.816668,34.787035,0.9750962,1.0281552,28.547748,29.351517,0.64797136,1.3939298,4.5553213,6.349798,0.62302624,1.0019112,10.112593,10.131919,0.6249486,1.151286,11.963809,13.773766,0.6390639,1.162652,13.609218,15.822784,0.79815522,1.0573152,23.6842,25.041664
init,init,-1,,10225,174.Palm_Warbler/Palm_Warbler_0126_170311.jpg,174,173,174.Palm_Warbler,4,3,gaussian_blur,gaussian_blur,0,"{""sigma"":1.698273}",4.9929047,5.2495022,0.25659752,0.0067859236,0.0052501317,0.035230253,0.031098142,-0.028444329,-0.025848011,0.0025963187,0.71476043,1.0571149,42.746629,45.188098,False,0.911695,True,False,False,0.71476043,1.0571149,42.746629,45.188098,0.60414178,1.1724673,31.816668,37.304004,0.91150445,0.89332653,28.547748,25.502461,0.36300208,1.3490456,4.5553213,6.1453363,0.4791688,1.4391898,10.112593,14.55394,0.57935576,1.4867628,11.963809,17.787347,0.56938623,1.2636631,13.609218,17.197466,0.69667363,0.9719041,23.6842,23.018771
init,init,-1,,10225,174.Palm_Warbler/Palm_Warbler_0126_170311.jpg,174,173,174.Palm_Warbler,4,3,random_erasing,random_erasing,0,"{""area_fraction"":0.053966,""erased"":true,""height"":0.273573,""left"":0.696414,""top"":0.0138,""width"":0.197263}",4.9929047,4.9281731,-0.064731598,0.0067859236,0.0072397189,0.035230253,0.037033264,-0.028444329,-0.029793545,-0.0013492154,0.96064728,1.0158339,42.746629,43.423476,False,0.99328291,True,False,False,0.96064728,1.0158339,42.746629,43.423476,0.93473202,1.021183,31.816668,32.490641,0.9932587,1.0091502,28.547748,28.808965,0.9311764,1.0708036,4.5553213,4.8778544,0.91578387,1.0699967,10.112593,10.820441,0.91970178,0.97870489,11.963809,11.709039,0.92938936,1.0254962,13.609218,13.956201,0.94439982,1.0193757,23.6842,24.143099
init,init,-1,,460,009.Brewer_Blackbird/Brewer_Blackbird_0018_2261.jpg,9,8,009.Brewer_Blackbird,129,128,identity,identity,0,{},5.8180847,5.8180847,0,0.0029732948,0.0029732948,0.034084052,0.034084052,-0.031110757,-0.031110757,0,1,1,51.681407,51.681407,False,0.99999988,True,False,False,1,1,51.681407,51.681407,1,1,45.425764,45.425764,1,1,24.646862,24.646862,1,1,12.600371,12.600371,1,1,18.524912,18.524912,1,1,19.313897,19.313897,1,1,17.994878,17.994878,1,1,29.406055,29.406055
init,init,-1,,460,009.Brewer_Blackbird/Brewer_Blackbird_0018_2261.jpg,9,8,009.Brewer_Blackbird,129,128,horizontal_flip,horizontal_flip,0,"{""flipped"":true}",5.8180847,5.5797625,-0.23832226,0.0029732948,0.0037734616,0.034084052,0.026705999,-0.031110757,-0.022932537,0.0081782197,0.64773675,0.92253234,51.681407,47.67777,False,0.95226443,True,False,False,0.64773675,0.92253234,51.681407,47.67777,0.54758418,0.89456685,45.425764,40.636382,0.95221878,1.0117719,24.646862,24.937003,0.48334224,0.53613263,12.600371,6.7554702,0.39518513,0.78711476,18.524912,14.581232,0.57867598,0.92455509,19.313897,17.856762,0.3890878,0.94009573,17.994878,16.916908,0.66009859,0.95462363,29.406055,28.071715
init,init,-1,,460,009.Brewer_Blackbird/Brewer_Blackbird_0018_2261.jpg,9,8,009.Brewer_Blackbird,129,128,color_jitter,color_jitter,0,"{""brightness"":0.906213,""contrast"":0.73661,""hue"":0.072153,""saturation"":0.851419}",5.8180847,5.874589,0.05650425,0.0029732948,0.0028099497,0.034084052,0.036427863,-0.031110757,-0.033617913,-0.0025071562,0.88775494,1.0237237,51.681407,52.907479,False,0.98357117,True,False,False,0.88775494,1.0237237,51.681407,52.907479,0.85973656,1.0251659,45.425764,46.568945,0.98353736,1.0188092,24.646862,25.110449,0.88647104,0.92926691,12.600371,11.709108,0.7852813,1.0476211,18.524912,19.407088,0.84500723,1.0310732,19.313897,19.914042,0.83017873,1.0258385,17.994878,18.459838,0.90352642,1.0301215,29.406055,30.29181
init,init,-1,,460,009.Brewer_Blackbird/Brewer_Blackbird_0018_2261.jpg,9,8,009.Brewer_Blackbird,129,128,rotation,rotation,0,"{""angle"":-7.595293}",5.8180847,5.9759183,0.15783358,0.0029732948,0.002539169,0.034084052,0.042128038,-0.031110757,-0.039588869,-0.0084781116,0.69131027,1.0457871,51.681407,54.04775,False,0.9392854,True,False,False,0.69131027,1.0457871,51.681407,54.04775,0.61072555,1.0169003,45.425764,46.193471,0.93913668,1.1384519,24.646862,28.059268,0.33096481,0.78296516,12.600371,9.8656518,0.47033037,1.021076,18.524912,18.915344,0.58280085,1.0236574,19.313897,19.770813,0.54976372,1.0463627,17.994878,18.829169,0.74220797,1.0388963,29.406055,30.549841
init,init,-1,,460,009.Brewer_Blackbird/Brewer_Blackbird_0018_2261.jpg,9,8,009.Brewer_Blackbird,129,128,random_resized_crop,random_resized_crop,0,"{""area_fraction"":0.615022,""aspect"":1.259652,""fallback"":false,""height"":0.698747,""left"":0.044695,""top"":0.012305,""width"":0.880178}",5.8180847,5.9153619,0.097277164,0.0029732948,0.0026976836,0.034084052,0.033029627,-0.031110757,-0.030331943,0.00077881361,0.65935097,0.99438657,51.681407,51.391297,False,0.9078933,True,False,False,0.65935097,0.99438657,51.681407,51.391297,0.57282042,0.93887733,45.425764,42.64922,0.90769081,1.1633307,24.646862,28.672451,0.55751664,0.81976156,12.600371,10.3293,0.53565814,0.88712672,18.524912,16.433945,0.46378297,0.82893986,19.313897,16.010059,0.46786883,0.9456154,17.994878,17.016233,0.66728218,1.0181061,29.406055,29.938483
init,init,-1,,460,009.Brewer_Blackbird/Brewer_Blackbird_0018_2261.jpg,9,8,009.Brewer_Blackbird,129,128,gaussian_blur,gaussian_blur,0,"{""sigma"":1.587461}",5.8180847,5.7046046,-0.11348009,0.0029732948,0.0033305935,0.034084052,0.049899317,-0.031110757,-0.046568724,-0.015457967,0.65867255,1.1497972,51.681407,59.423139,False,0.91298187,True,False,False,0.65867255,1.1497972,51.681407,59.423139,0.57961133,1.1337132,45.425764,51.49979,0.91268201,1.2028277,24.646862,29.645928,0.17094505,1.2146851,12.600371,15.305483,0.59206055,1.0882842,18.524912,20.16037,0.52674281,1.1397079,19.313897,22.012201,0.57217764,1.2247876,17.994878,22.039902,0.68607202,1.0973313,29.406055,32.268185
init,init,-1,,460,009.Brewer_Blackbird/Brewer_Blackbird_0018_2261.jpg,9,8,009.Brewer_Blackbird,129,128,random_erasing,random_erasing,0,"{""area_fraction"":0.152644,""erased"":true,""height"":0.286068,""left"":0.233308,""top"":0.461098,""width"":0.533593}",5.8180847,5.047379,-0.7707057,0.0029732948,0.0064261551,0.034084052,0.044217553,-0.031110757,-0.037791398,-0.0066806409,0.67203618,1.1463251,51.681407,59.243694,False,0.88303041,True,False,False,0.67203618,1.1463251,51.681407,59.243694,0.60447906,1.1195302,45.425764,50.855513,0.88276664,1.2330037,24.646862,30.389671,0.65851523,0.96895359,12.600371,12.209175,0.68238653,1.1399972,18.524912,21.118348,0.6434445,1.0699279,19.313897,20.664477,0.53635855,1.1719674,17.994878,21.089409,0.57712335,1.1377995,29.406055,33.458195
init,init,-1,,7417,127.Savannah_Sparrow/Savannah_Sparrow_0054_120057.jpg,127,126,127.Savannah_Sparrow,168,167,identity,identity,0,{},4.5617018,4.5617018,0,0.01044427,0.01044427,0.019732699,0.019732699,-0.0092884284,-0.0092884284,0,1,1,47.895992,47.895992,False,0.99999994,True,False,False,1,1,47.895992,47.895992,1,1,39.410628,39.410628,1,1,27.218164,27.218164,1,1,5.9927811,5.9927811,1,1,16.240448,16.240448,1,1,16.143398,16.143398,1,1,16.606815,16.606815,1,1,26.779403,26.779403
init,init,-1,,7417,127.Savannah_Sparrow/Savannah_Sparrow_0054_120057.jpg,127,126,127.Savannah_Sparrow,168,167,horizontal_flip,horizontal_flip,0,"{""flipped"":true}",4.5617018,4.6023974,0.040695667,0.01044427,0.010027766,0.019732699,0.01984158,-0.0092884284,-0.0098138135,-0.00052538514,0.73176828,0.95532435,47.895992,45.756207,False,0.96929687,False,False,False,0.73176828,0.95532435,47.895992,45.756207,0.60819508,0.92409465,39.410628,36.41915,0.96925345,1.0176935,27.218164,27.699747,0.7084581,0.81780389,5.9927811,4.9009197,0.59404222,0.82787929,16.240448,13.445131,0.45641372,0.8784859,16.143398,14.181747,0.48650748,0.92246334,16.606815,15.319178,0.70466326,0.97788257,26.779403,26.187111
init,init,-1,,7417,127.Savannah_Sparrow/Savannah_Sparrow_0054_120057.jpg,127,126,127.Savannah_Sparrow,168,167,color_jitter,color_jitter,0,"{""brightness"":0.706581,""contrast"":1.20523,""hue"":-0.063935,""saturation"":0.639299}",4.5617018,4.4804444,-0.081257343,0.01044427,0.01132838,0.019732699,0.020079551,-0.0092884284,-0.0087511716,0.00053725671,0.79195774,1.076096,47.895992,51.540684,False,0.95179194,False,False,False,0.79195774,1.076096,47.895992,51.540684,0.72051242,1.0958199,39.410628,43.18695,0.95171237,1.0335223,27.218164,28.130578,0.66902246,1.5977601,5.9927811,9.5750267,0.62015985,1.0907871,16.240448,17.714871,0.71425244,1.1054985,16.143398,17.846503,0.64509822,1.0795061,16.606815,17.927158,0.79779972,1.0691426,26.779403,28.631001
init,init,-1,,7417,127.Savannah_Sparrow/Savannah_Sparrow_0054_120057.jpg,127,126,127.Savannah_Sparrow,168,167,rotation,rotation,0,"{""angle"":-11.314415}",4.5617018,4.5217261,-0.039975643,0.01044427,0.010870242,0.019732699,0.018864997,-0.0092884284,-0.0079947552,0.0012936732,0.73679885,1.0183873,47.895992,48.776668,False,0.9389987,False,False,False,0.73679885,1.0183873,47.895992,48.776668,0.63711216,1.0066079,39.410628,39.67105,0.93887905,1.0426516,27.218164,28.379062,0.63439736,0.92061042,5.9927811,5.5170167,0.59391569,0.87574477,16.240448,14.222487,0.55290988,1.010014,16.143398,16.305058,0.54083342,1.0278959,16.606815,17.070076,0.71903439,1.0454684,26.779403,27.997021
init,init,-1,,7417,127.Savannah_Sparrow/Savannah_Sparrow_0054_120057.jpg,127,126,127.Savannah_Sparrow,168,167,random_resized_crop,random_resized_crop,0,"{""area_fraction"":0.632398,""aspect"":0.968089,""fallback"":false,""height"":0.808235,""left"":0.021392,""top"":0.079469,""width"":0.782443}",4.5617018,4.889442,0.32774019,0.01044427,0.0075256205,0.019732699,0.023481235,-0.0092884284,-0.015955614,-0.006667186,0.73259717,1.0590555,47.895992,50.724512,False,0.94592458,False,False,False,0.73259717,1.0590555,47.895992,50.724512,0.6340218,1.0691758,39.410628,42.13689,0.94579973,1.0375171,27.218164,28.239311,0.26004636,1.0490013,5.9927811,6.2864354,0.61314711,1.2421045,16.240448,20.172334,0.62391341,1.1300586,16.143398,18.242986,0.52227923,0.99882814,16.606815,16.587354,0.71558831,1.0027793,26.779403,26.853832
init,init,-1,,7417,127.Savannah_Sparrow/Savannah_Sparrow_0054_120057.jpg,127,126,127.Savannah_Sparrow,168,167,gaussian_blur,gaussian_blur,0,"{""sigma"":1.272303}",4.5617018,4.6245699,0.062868118,0.01044427,0.0098078735,0.019732699,0.026759321,-0.0092884284,-0.016951447,-0.007663019,0.7147044,1.1767591,47.895992,56.362044,False,0.93734634,True,False,False,0.7147044,1.1767591,47.895992,56.362044,0.62245304,1.2204664,39.410628,48.099348,0.93718765,1.0793939,27.218164,29.379121,0.55977612,1.4502148,5.9927811,8.6908196,0.68277179,1.1898901,16.240448,19.324349,0.5155912,1.4186724,16.143398,22.902193,0.4728241,1.2577229,16.606815,20.886771,0.72275132,1.1226381,26.779403,30.063579
init,init,-1,,7417,127.Savannah_Sparrow/Savannah_Sparrow_0054_120057.jpg,127,126,127.Savannah_Sparrow,168,167,random_erasing,random_erasing,0,"{""area_fraction"":0.156882,""erased"":true,""height"":0.459152,""left"":0.039021,""top"":0.077995,""width"":0.341677}",4.5617018,4.3492703,-0.21243143,0.01044427,0.012916233,0.019732699,0.017755019,-0.0092884284,-0.0048387852,0.0044496432,0.87443609,1.0987898,47.895992,52.627628,False,0.97446513,False,False,False,0.87443609,1.0987898,47.895992,52.627628,0.82560736,1.0893384,39.410628,42.931508,0.97435621,1.1183462,27.218164,30.43933,0.87828934,1.0437204,5.9927811,6.2547876,0.86369016,1.0054145,16.240448,16.328382,0.76753647,1.2182959,16.143398,19.667435,0.74859397,1.0590124,16.606815,17.586822,0.86595339,1.0830967,26.779403,29.004684
init,init,-1,,3546,061.Heermann_Gull/Heermann_Gull_0131_45548.jpg,61,60,061.Heermann_Gull,100,99,identity,identity,0,{},5.7550139,5.7550139,0,0.003166863,0.003166863,0.021527788,0.021527788,-0.018360925,-0.018360925,0,1,1,47.038084,47.038084,False,0.99999994,True,False,False,1,1,47.038084,47.038084,1,1,39.781248,39.781248,1,1,25.10047,25.10047,1,1,6.3573283,6.3573283,1,1,13.393739,13.393739,1,1,16.913355,16.913355,1,1,16.953324,16.953324,1,1,28.093827,28.093827
init,init,-1,,3546,061.Heermann_Gull/Heermann_Gull_0131_45548.jpg,61,60,061.Heermann_Gull,100,99,horizontal_flip,horizontal_flip,0,"{""flipped"":true}",5.7550139,5.8236852,0.068671227,0.003166863,0.0029566898,0.021527788,0.022921419,-0.018360925,-0.019964729,-0.0016038043,0.66206598,1.074799,47.038084,50.556483,False,0.95113349,False,False,False,0.66206598,1.074799,47.038084,50.556483,0.5419376,1.0606558,39.781248,42.194211,0.95099278,1.1095296,25.10047,27.849715,0.58213799,1.0558306,6.3573283,6.7122619,0.4752862,1.1562478,13.393739,15.486481,0.47042361,0.99436417,16.913355,16.818034,0.40163824,1.0482324,16.953324,17.771023,0.6316513,1.0659563,28.093827,29.946792
init,init,-1,,3546,061.Heermann_Gull/Heermann_Gull_0131_45548.jpg,61,60,061.Heermann_Gull,100,99,color_jitter,color_jitter,0,"{""brightness"":0.660713,""contrast"":1.317764,""hue"":-0.05499,""saturation"":0.658899}",5.7550139,5.8020496,0.047035694,0.003166863,0.0030213553,0.021527788,0.019991402,-0.018360925,-0.016970046,0.0013908783,0.80707708,1.0788367,47.038084,50.746412,False,0.97126001,True,False,False,0.80707708,1.0788367,47.038084,50.746412,0.74993428,1.1109112,39.781248,44.193434,0.97123919,0.99371478,25.10047,24.942708,0.62820375,1.4862098,6.3573283,9.4483235,0.53112775,1.2116784,13.393739,16.228904,0.78280189,1.1452715,16.913355,19.370383,0.72571968,1.1402531,16.953324,19.331081,0.81844419,1.0386847,28.093827,29.180628
init,init,-1,,3546,061.Heermann_Gull/Heermann_Gull_0131_45548.jpg,61,60,061.Heermann_Gull,100,99,rotation,rotation,0,"{""angle"":-9.802473}",5.7550139,5.5619154,-0.19309855,0.003166863,0.0038414104,0.021527788,0.034089044,-0.018360925,-0.030247633,-0.011886709,0.68617877,1.2179118,47.038084,57.288239,False,0.92384613,True,False,False,0.68617877,1.2179118,47.038084,57.288239,0.59141484,1.216928,39.781248,48.410916,0.92353995,1.2203795,25.10047,30.6321,0.47166296,1.134967,6.3573283,7.215358,0.45048392,1.4217156,13.393739,19.042087,0.53865104,1.1862477,16.913355,20.063428,0.5385837,1.2402224,16.953324,21.025893,0.67849303,1.1721113,28.093827,32.92909
init,init,-1,,3546,061.Heermann_Gull/Heermann_Gull_0131_45548.jpg,61,60,061.Heermann_Gull,100,99,random_resized_crop,random_resized_crop,0,"{""area_fraction"":0.891704,""aspect"":0.953686,""fallback"":false,""height"":0.966958,""left"":0.008995,""top"":0.019668,""width"":0.922175}",5.7550139,5.7110305,-0.043983459,0.003166863,0.0033092601,0.021527788,0.018409701,-0.018360925,-0.015100441,0.0032604837,0.81408682,1.0230296,47.038084,48.121352,False,0.97865242,False,False,False,0.81408682,1.0230296,47.038084,48.121352,0.75021984,1.0299819,39.781248,40.973965,0.97861235,1.0053545,25.10047,25.234872,0.46111984,1.0464124,6.3573283,6.6523874,0.53362949,1.0782418,13.393739,14.441689,0.76925401,1.1251555,16.913355,19.030153,0.70296754,1.0277661,16.953324,17.424052,0.83248843,0.98148343,28.093827,27.573625
init,init,-1,,3546,061.Heermann_Gull/Heermann_Gull_0131_45548.jpg,61,60,061.Heermann_Gull,100,99,gaussian_blur,gaussian_blur,0,"{""sigma"":1.584108}",5.7550139,5.3961644,-0.35884953,0.003166863,0.0045339377,0.021527788,0.014838992,-0.018360925,-0.010305054,0.0080558707,0.61486203,1.3206055,47.038084,62.118753,False,0.93238598,False,False,False,0.61486203,1.3206055,47.038084,62.118753,0.50823249,1.3730348,39.781248,54.62104,0.93220872,1.1786694,25.10047,29.585155,0.3177791,2.3304516,6.3573283,14.815446,0.18016974,1.4412789,13.393739,19.304113,0.42368096,1.3475514,16.913355,22.791615,0.45985794,1.493733,16.953324,25.32374,0.6768775,1.2486505,28.093827,35.079371
init,init,-1,,3546,061.Heermann_Gull/Heermann_Gull_0131_45548.jpg,61,60,061.Heermann_Gull,100,99,random_erasing,random_erasing,0,"{""area_fraction"":0.172505,""erased"":true,""height"":0.454182,""left"":0.081766,""top"":0.030872,""width"":0.379815}",5.7550139,5.8271456,0.072131634,0.003166863,0.0029464755,0.021527788,0.020158799,-0.018360925,-0.017212324,0.0011486008,0.76620275,1.247682,47.038084,58.688572,False,0.95415121,False,False,False,0.76620275,1.247682,47.038084,58.688572,0.6949823,1.2634431,39.781248,50.261342,0.95401031,1.2071855,25.10047,30.300924,0.7977738,1.3022456,6.3573283,8.2788025,0.57982975,1.438027,13.393739,19.260558,0.63232291,1.3303702,16.913355,22.501023,0.66054088,1.3194657,16.953324,22.369329,0.76563288,1.1697778,28.093827,32.863535
init,init,-1,,5772,099.Ovenbird/Ovenbird_0010_92957.jpg,99,98,099.Ovenbird,129,128,identity,identity,0,{},5.4293003,5.4293003,0,0.0043861633,0.0043861633,0.027963713,0.027963713,-0.023577549,-0.023577549,0,1,1,43.552269,43.552269,False,0.99999994,True,False,False,1,1,43.552269,43.552269,1,1,34.179402,34.179402,1,1,26.99201,26.99201,1,1,6.0561419,6.0561419,1,1,11.803925,11.803925,1,1,14.152301,14.152301,1,1,14.360383,14.360383,1,1,24.201525,24.201525
init,init,-1,,5772,099.Ovenbird/Ovenbird_0010_92957.jpg,99,98,099.Ovenbird,129,128,horizontal_flip,horizontal_flip,0,"{""flipped"":true}",5.4293003,5.4842796,0.054979324,0.0043861633,0.0041515236,0.027963713,0.029078858,-0.023577549,-0.024927334,-0.0013497849,0.67701159,0.9879444,43.552269,43.02722,False,0.95645005,False,False,False,0.67701159,0.9879444,43.552269,43.02722,0.50023626,0.9823464,34.179402,33.576013,0.95638308,0.99685496,26.99201,26.907119,-0.085570685,0.82346808,6.0561419,4.9870396,0.34925118,0.81603209,11.803925,9.6323812,0.37385379,0.80365698,14.152301,11.373595,0.36793036,0.99314906,14.360383,14.262001,0.63750254,1.0750527,24.201525,26.017916
init,init,-1,,5772,099.Ovenbird/Ovenbird_0010_92957.jpg,99,98,099.Ovenbird,129,128,color_jitter,color_jitter,0,"{""brightness"":0.68096,""contrast"":1.015039,""hue"":-0.090969,""saturation"":0.617047}",5.4293003,5.3593836,-0.069916725,0.0043861633,0.0047038035,0.027963713,0.033828374,-0.023577549,-0.029124571,-0.0055470211,0.85738442,1.01366,43.552269,44.147195,False,0.9626044,True,False,False,0.85738442,1.01366,43.552269,44.147195,0.7903235,1.0042532,34.179402,34.324774,0.96252215,1.028564,26.99201,27.763009,0.8206875,1.2214243,6.0561419,7.3971189,0.73813326,1.0506263,11.803925,12.401513,0.74907179,0.96763775,14.152301,13.6943,0.73456654,0.97826496,14.360383,14.04826,0.83558229,0.99920914,24.201525,24.182385
init,init,-1,,5772,099.Ovenbird/Ovenbird_0010_92957.jpg,99,98,099.Ovenbird,129,128,rotation,rotation,0,"{""angle"":-7.215985}",5.4293003,5.3754292,-0.053871155,0.0043861633,0.0046289326,0.027963713,0.026163673,-0.023577549,-0.02153474,0.002042809,0.81164668,0.97516248,43.552269,42.470539,False,0.96617019,True,False,False,0.81164668,0.97516248,43.552269,42.470539,0.70771884,0.94082648,34.179402,32.156887,0.96607367,1.0278275,26.99201,27.743131,0.45772197,0.65254273,6.0561419,3.9518914,0.62838467,0.8308858,11.803925,9.8077133,0.64597257,0.81473261,14.152301,11.530341,0.63019691,0.95310223,14.360383,13.686913,0.78290105,1.0137876,24.201525,24.535205
init,init,-1,,5772,099.Ovenbird/Ovenbird_0010_92957.jpg,99,98,099.Ovenbird,129,128,random_resized_crop,random_resized_crop,0,"{""area_fraction"":0.51447,""aspect"":1.148134,""fallback"":false,""height"":0.669397,""left"":0.213473,""top"":0.151533,""width"":0.768557}",5.4293003,5.4185734,-0.010726929,0.0043861633,0.0044334661,0.027963713,0.02913492,-0.023577549,-0.024701454,-0.0011239043,0.70930262,0.93346707,43.552269,40.654609,False,0.9446075,True,False,False,0.70930262,0.93346707,43.552269,40.654609,0.56077932,0.92899658,34.179402,31.752548,0.94455179,0.94059098,26.99201,25.388441,0.7389168,0.82916446,6.0561419,5.0215376,0.5478258,0.90513485,11.803925,10.684143,0.41297998,0.89285142,14.152301,12.635902,0.48620688,0.92445518,14.360383,13.275531,0.62733894,0.95389645,24.201525,23.085749
init,init,-1,,5772,099.Ovenbird/Ovenbird_0010_92957.jpg,99,98,099.Ovenbird,129,128,gaussian_blur,gaussian_blur,0,"{""sigma"":1.561288}",5.4293003,5.0636587,-0.36564159,0.0043861633,0.0063223848,0.027963713,0.025677161,-0.023577549,-0.019354776,0.004222773,0.73333388,1.0509991,43.552269,45.773396,False,0.9369998,True,False,False,0.73333388,1.0509991,43.552269,45.773396,0.61646435,1.0807516,34.179402,36.939443,0.93691895,1.0014488,26.99201,27.031117,0.60832839,1.6091828,6.0561419,9.7454392,0.48911929,1.0622304,11.803925,12.538487,0.45753402,1.0284091,14.152301,14.554355,0.55613921,1.1298594,14.360383,16.225214,0.73037066,1.0430656,24.201525,25.243779
init,init,-1,,5772,099.Ovenbird/Ovenbird_0010_92957.jpg,99,98,099.Ovenbird,129,128,random_erasing,random_erasing,0,"{""area_fraction"":0.156825,""erased"":true,""height"":0.25514,""left"":0.025004,""top"":0.228554,""width"":0.614664}",5.4293003,5.8463945,0.41709423,0.0043861633,0.0028903019,0.027963713,0.024992554,-0.023577549,-0.022102252,0.0014752978,0.53141854,1.0286834,43.552269,44.801498,False,0.83208799,True,False,False,0.53141854,1.0286834,43.552269,44.801498,0.3621618,1.0652904,34.179402,36.410988,0.83195787,0.9670977,26.99201,26.103911,0.6235561,0.86123948,6.0561419,5.2157885,0.33219561,1.0361097,11.803925,12.23016,0.1937728,1.0676578,14.152301,15.109814,0.24566628,1.1089432,14.360383,15.92485,0.45665582,1.0671942,24.201525,25.827726
init,init,-1,,11034,188.Pileated_Woodpecker/Pileated_Woodpecker_0038_180300.jpg,188,187,188.Pileated_Woodpecker,4,3,identity,identity,0,{},5.8756847,5.8756847,0,0.0028068724,0.0028068724,0.026446251,0.026446251,-0.023639379,-0.023639379,0,1,1,57.307359,57.307359,False,1,True,False,False,1,1,57.307359,57.307359,1,1,50.382911,50.382911,1,1,27.307428,27.307428,1,1,11.933989,11.933989,1,1,19.274702,19.274702,1,1,24.036452,24.036452,1,1,23.957198,23.957198,1,1,29.543276,29.543276
init,init,-1,,11034,188.Pileated_Woodpecker/Pileated_Woodpecker_0038_180300.jpg,188,187,188.Pileated_Woodpecker,4,3,horizontal_flip,horizontal_flip,0,"{""flipped"":true}",5.8756847,5.791966,-0.083718777,0.0028068724,0.0030519762,0.026446251,0.032377884,-0.023639379,-0.029325908,-0.0056865287,0.62499883,0.92568104,57.307359,53.048335,False,0.95095044,True,False,False,0.62499883,0.92568104,57.307359,53.048335,0.51769015,0.89701889,50.382911,45.194423,0.95083578,1.0172144,27.307428,27.777509,0.68572446,1.0427996,11.933989,12.444759,0.23884454,0.87120966,19.274702,16.792306,0.46548893,0.84876878,24.036452,20.40139,0.44826011,0.77217877,23.957198,18.49924,0.66600575,0.98524791,29.543276,29.107451
init,init,-1,,11034,188.Pileated_Woodpecker/Pileated_Woodpecker_0038_180300.jpg,188,187,188.Pileated_Woodpecker,4,3,color_jitter,color_jitter,0,"{""brightness"":1.354319,""contrast"":1.029245,""hue"":0.077769,""saturation"":0.902529}",5.8756847,5.5309753,-0.3447094,0.0028068724,0.0039621224,0.026446251,0.029191459,-0.023639379,-0.025229336,-0.0015899574,0.78788406,0.9817621,57.307359,56.262193,False,0.9550035,True,False,False,0.78788406,0.9817621,57.307359,56.262193,0.73604931,0.96749357,50.382911,48.745143,0.95494776,1.0288516,27.307428,28.095291,0.51774914,1.0552291,11.933989,12.593093,0.62653358,0.92614823,19.274702,17.851231,0.71980896,0.91606359,24.036452,22.018918,0.72649109,0.88535437,23.957198,21.21061,0.83303795,1.0510067,29.543276,31.050182
init,init,-1,,11034,188.Pileated_Woodpecker/Pileated_Woodpecker_0038_180300.jpg,188,187,188.Pileated_Woodpecker,4,3,rotation,rotation,0,"{""angle"":-3.447597}",5.8756847,5.5786743,-0.29701042,0.0028068724,0.0037775703,0.026446251,0.021923658,-0.023639379,-0.018146087,0.0054932917,0.76409138,0.93966364,57.307359,53.849641,False,0.96749634,False,False,False,0.76409138,0.93966364,57.307359,53.849641,0.70029596,0.9231976,50.382911,46.513383,0.96742751,0.99367276,27.307428,27.134648,0.46441376,0.92049733,11.933989,10.985205,0.43858361,0.83627017,19.274702,16.118858,0.67633148,0.87930214,24.036452,21.135304,0.73323646,0.89379341,23.957198,21.412786,0.82743715,1.0028539,29.543276,29.627589
init,init,-1,,11034,188.Pileated_Woodpecker/Pileated_Woodpecker_0038_180300.jpg,188,187,188.Pileated_Woodpecker,4,3,random_resized_crop,random_resized_crop,0,"{""area_fraction"":0.625082,""aspect"":1.213754,""fallback"":false,""height"":0.717634,""left"":0.09183,""top"":0.018878,""width"":0.871031}",5.8756847,5.9073758,0.031691074,0.0028068724,0.0027193136,0.026446251,0.020878626,-0.023639379,-0.018159312,0.0054800664,0.67807958,0.89862217,57.307359,51.497663,False,0.95005739,False,False,False,0.67807958,0.89862217,57.307359,51.497663,0.58516558,0.85675475,50.382911,43.165799,0.9499398,1.028446,27.307428,28.084216,0.64274927,0.61671742,11.933989,7.3598989,0.35572804,0.72832967,19.274702,14.038337,0.50262473,0.84804545,24.036452,20.384004,0.55389609,0.75203095,23.957198,18.016554,0.72741687,0.99950386,29.543276,29.528619
init,init,-1,,11034,188.Pileated_Woodpecker/Pileated_Woodpecker_0038_180300.jpg,188,187,188.Pileated_Woodpecker,4,3,gaussian_blur,gaussian_blur,0,"{""sigma"":1.917417}",5.8756847,5.4373865,-0.43829823,0.0028068724,0.0043508401,0.026446251,0.028654139,-0.023639379,-0.024303299,-0.00066392054,0.64053751,1.1144472,57.307359,63.866023,False,0.9073,False,False,False,0.64053751,1.1144472,57.307359,63.866023,0.57349152,1.1459734,50.382911,57.737476,0.90692116,0.99970302,27.307428,27.299318,0.49908379,1.5187579,11.933989,18.124839,0.34316103,1.1143013,19.274702,21.477826,0.5197398,1.3315758,24.036452,32.006357,0.63326308,1.0295909,23.957198,24.666114,0.72244988,1.021638,29.543276,30.182533
init,init,-1,,11034,188.Pileated_Woodpecker/Pileated_Woodpecker_0038_180300.jpg,188,187,188.Pileated_Woodpecker,4,3,random_erasing,random_erasing,0,"{""area_fraction"":0.093215,""erased"":true,""height"":0.292762,""left"":0.645312,""top"":0.001931,""width"":0.318398}",5.8756847,5.5150814,-0.36060333,0.0028068724,0.0040255981,0.026446251,0.027918411,-0.023639379,-0.023892813,-0.00025343453,0.90666822,0.96526823,57.307359,55.316973,False,0.97974288,True,False,False,0.90666822,0.96526823,57.307359,55.316973,0.88475871,0.96002879,50.382911,48.369045,0.97970889,0.98289457,27.307428,26.840323,0.82383363,1.1105161,11.933989,13.252886,0.86804898,0.9671657,19.274702,18.64183,0.87202703,0.91147754,24.036452,21.908686,0.89420514,0.90256285,23.957198,21.622877,0.9088953,0.99774219,29.543276,29.476573
init,init,-1,,8042,137.Cliff_Swallow/Cliff_Swallow_0011_133033.jpg,137,136,137.Cliff_Swallow,129,128,identity,identity,0,{},6.1400986,6.1400986,0,0.0021547112,0.0021547112,0.041615866,0.041615866,-0.039461155,-0.039461155,0,1,1,55.553284,55.553284,False,1,True,False,False,1,1,55.553284,55.553284,1,1,46.115496,46.115496,1,1,30.976255,30.976255,1,1,9.6278203,9.6278203,1,1,17.515217,17.515217,1,1,18.786998,18.786998,1,1,19.138798,19.138798,1,1,31.747697,31.747697
init,init,-1,,8042,137.Cliff_Swallow/Cliff_Swallow_0011_133033.jpg,137,136,137.Cliff_Swallow,129,128,horizontal_flip,horizontal_flip,0,"{""flipped"":true}",6.1400986,5.4951429,-0.64495564,0.0021547112,0.0041066683,0.041615866,0.033122398,-0.039461155,-0.02901573,0.010445425,0.6285071,0.86665062,55.553284,48.145288,False,0.94902658,True,False,False,0.6285071,0.86665062,55.553284,48.145288,0.47992369,0.85900269,46.115496,39.613335,0.94890389,0.88336507,30.976255,27.363342,0.10761503,0.70102747,9.6278203,6.7493666,0.2855554,0.80966281,17.515217,14.18142,0.36266031,0.85769696,18.786998,16.113551,0.34595057,0.882673,19.138798,16.893301,0.65196941,0.87830109,31.747697,27.884037
init,init,-1,,8042,137.Cliff_Swallow/Cliff_Swallow_0011_133033.jpg,137,136,137.Cliff_Swallow,129,128,color_jitter,color_jitter,0,"{""brightness"":1.391313,""contrast"":1.043276,""hue"":-0.099341,""saturation"":0.864569}",6.1400986,5.5865993,-0.55349922,0.0021547112,0.003747751,0.041615866,0.027431106,-0.039461155,-0.023683355,0.0157778,0.69708147,0.99534461,55.553284,55.294662,False,0.89267886,True,False,False,0.69708147,0.99534461,55.553284,55.294662,0.60745865,0.98972244,46.115496,45.641541,0.89225082,1.0076934,30.976255,31.21457,0.32113806,0.96202629,9.6278203,9.2622163,0.49479098,0.82477258,17.515217,14.446071,0.55646708,0.92856951,18.786998,17.445034,0.56778328,1.0474095,19.138798,20.04616,0.69362949,1.0363363,31.747697,32.901291
init,init,-1,,8042,137.Cliff_Swallow/Cliff_Swallow_0011_133033.jpg,137,136,137.Cliff_Swallow,129,128,rotation,rotation,0,"{""angle"":-2.945566}",6.1400986,5.8042345,-0.33586407,0.0021547112,0.0030147627,0.041615866,0.042954087,-0.039461155,-0.039939325,-0.00047816965,0.77865145,1.0578177,55.553284,58.765248,False,0.95062113,True,False,False,0.77865145,1.0578177,55.553284,58.765248,0.69583267,1.0321479,46.115496,47.598013,0.95040868,1.1126017,30.976255,34.464236,0.67543683,0.90979812,9.6278203,8.7593729,0.60701757,0.99635989,17.515217,17.45146,0.63047358,0.98427791,18.786998,18.491627,0.63854279,1.0198783,19.138798,19.519245,0.76464193,1.0734189,31.747697,34.078579
init,init,-1,,8042,137.Cliff_Swallow/Cliff_Swallow_0011_133033.jpg,137,136,137.Cliff_Swallow,129,128,random_resized_crop,random_resized_crop,0,"{""area_fraction"":0.727925,""aspect"":0.982194,""fallback"":false,""height"":0.860884,""left"":0.061463,""top"":0.134891,""width"":0.845555}",6.1400986,5.9659595,-0.17413902,0.0021547112,0.0025645832,0.041615866,0.033399727,-0.039461155,-0.030835144,0.008626011,0.72302095,1.0763433,55.553284,59.794402,False,0.94312549,True,False,False,0.72302095,1.0763433,55.553284,59.794402,0.64108625,1.1254586,46.115496,51.90108,0.94296873,0.95855887,30.976255,29.692565,0.46213704,1.1470753,9.6278203,11.043835,0.59860145,1.212756,17.515217,21.241685,0.57967741,1.1569801,18.786998,21.736184,0.58933954,1.1990927,19.138798,22.949194,0.72142799,1.0548041,31.747697,33.487602
init,init,-1,,8042,137.Cliff_Swallow/Cliff_Swallow_0011_133033.jpg,137,136,137.Cliff_Swallow,129,128,gaussian_blur,gaussian_blur,0,"{""sigma"":1.425312}",6.1400986,6.2247272,0.084628582,0.0021547112,0.001979864,0.041615866,0.027617007,-0.039461155,-0.025637144,0.013824011,0.61370785,1.1328796,55.553284,62.93518,False,0.860039,True,False,False,0.61370785,1.1328796,55.553284,62.93518,0.53901788,1.2230221,46.115496,56.40027,0.85977361,0.90152053,30.976255,27.92573,0.21433887,1.6455646,9.6278203,15.843201,0.46198683,1.3360532,17.515217,23.401262,0.46046847,1.2444314,18.786998,23.379131,0.50510774,1.2315402,19.138798,23.5702,0.660059,1.1270187,31.747697,35.78025
init,init,-1,,8042,137.Cliff_Swallow/Cliff_Swallow_0011_133033.jpg,137,136,137.Cliff_Swallow,129,128,random_erasing,random_erasing,0,"{""area_fraction"":0.084188,""erased"":true,""height"":0.477958,""left"":0.550981,""top"":0.387642,""width"":0.176141}",6.1400986,5.813067,-0.32703161,0.0021547112,0.0029882512,0.041615866,0.029106779,-0.039461155,-0.026118528,0.013342627,0.79110317,0.97814777,55.553284,54.339321,False,0.9347226,True,False,False,0.79110317,0.97814777,55.553284,54.339321,0.7252357,0.9724382,46.115496,44.844469,0.93449262,0.99068483,30.976255,30.687706,0.77090303,1.0240418,9.6278203,9.8592908,0.71076842,0.90191798,17.515217,15.797289,0.62739824,0.93083815,18.786998,17.487655,0.67741905,0.96135403,19.138798,18.399161,0.77452751,1.0059367,31.747697,31.936175
init,init,-1,,1670,030.Fish_Crow/Fish_Crow_0028_25968.jpg,30,29,030.Fish_Crow,58,57,identity,identity,0,{},6.1968484,6.1968484,0,0.0020358369,0.0020358369,0.031130886,0.031130886,-0.029095049,-0.029095049,0,1,1,57.72522,57.72522,False,1,True,False,False,1,1,57.72522,57.72522,1,1,47.278253,47.278253,1,1,33.120506,33.120506,1,1,9.3849327,9.3849327,1,1,16.91496,16.91496,1,1,21.143656,21.143656,1,1,20.403021,20.403021,1,1,31.586436,31.586436
init,init,-1,,1670,030.Fish_Crow/Fish_Crow_0028_25968.jpg,30,29,030.Fish_Crow,58,57,horizontal_flip,horizontal_flip,0,"{""flipped"":true}",6.1968484,5.9926081,-0.20424032,0.0020358369,0.0024971422,0.031130886,0.020799762,-0.029095049,-0.018302619,0.010792429,0.66002103,0.96290328,57.72522,55.583804,False,0.95162213,False,False,False,0.66002103,0.96290328,57.72522,55.583804,0.51501325,0.95846355,47.278253,45.314482,0.95145725,0.9718871,33.120506,32.189392,0.32064504,0.86178819,9.3849327,8.0878242,0.18274078,0.77118275,16.91496,13.044525,0.37464198,0.90749142,21.143656,19.187686,0.38101408,0.98924351,20.403021,20.183556,0.71566914,1.0220989,31.586436,32.284463
init,init,-1,,1670,030.Fish_Crow/Fish_Crow_0028_25968.jpg,30,29,030.Fish_Crow,58,57,color_jitter,color_jitter,0,"{""brightness"":0.904451,""contrast"":0.777403,""hue"":0.013319,""saturation"":0.762716}",6.1968484,6.0629973,-0.13385105,0.0020358369,0.0023274145,0.031130886,0.02174555,-0.029095049,-0.019418135,0.0096769137,0.89314887,0.98575922,57.72522,56.903168,False,0.97936666,False,False,False,0.89314887,0.98575922,57.72522,56.903168,0.85542469,1.0125253,47.278253,47.870425,0.97923583,0.92883547,33.120506,30.763501,0.79090397,0.86676334,9.3849327,8.1345156,0.80293684,1.1554381,16.91496,19.544189,0.83621901,1.032521,21.143656,21.831269,0.81563518,0.9793851,20.403021,19.982415,0.90755434,0.98476307,31.586436,31.105156
init,init,-1,,1670,030.Fish_Crow/Fish_Crow_0028_25968.jpg,30,29,030.Fish_Crow,58,57,rotation,rotation,0,"{""angle"":8.948775}",6.1968484,6.0186691,-0.17817926,0.0020358369,0.0024329054,0.031130886,0.021357739,-0.029095049,-0.018924834,0.010170215,0.76791658,0.93841854,57.72522,54.170417,False,0.9635793,False,False,False,0.76791658,0.93841854,57.72522,54.170417,0.6727074,0.94064942,47.278253,44.472261,0.96334404,0.93385633,33.120506,30.929794,0.71989071,1.1218613,9.3849327,10.528593,0.62179749,1.0820443,16.91496,18.302736,0.51672625,0.82247676,21.143656,17.390165,0.57988793,0.91281682,20.403021,18.624221,0.78901956,0.94058137,31.586436,29.709613
init,init,-1,,1670,030.Fish_Crow/Fish_Crow_0028_25968.jpg,30,29,030.Fish_Crow,58,57,random_resized_crop,random_resized_crop,0,"{""area_fraction"":0.785841,""aspect"":1.094799,""fallback"":false,""height"":0.847228,""left"":0.033299,""top"":0.06624,""width"":0.927544}",6.1968484,5.9545541,-0.24229431,0.0020358369,0.002594,0.031130886,0.029267726,-0.029095049,-0.026673727,0.0024213223,0.81624734,0.89832124,57.72522,51.855792,False,0.98259747,True,False,False,0.81624734,0.89832124,57.72522,51.855792,0.73403517,0.89600137,47.278253,42.361379,0.98247954,0.90302988,33.120506,29.908806,0.71071831,0.77802457,9.3849327,7.3017083,0.62778167,0.86487001,16.91496,14.629241,0.619495,0.87664595,21.143656,18.5355,0.63525578,0.88244357,20.403021,18.004515,0.8530467,0.92812079,31.586436,29.316028
init,init,-1,,1670,030.Fish_Crow/Fish_Crow_0028_25968.jpg,30,29,030.Fish_Crow,58,57,gaussian_blur,gaussian_blur,0,"{""sigma"":1.672264}",6.1968484,5.8010359,-0.39581251,0.0020358369,0.00302442,0.031130886,0.015181522,-0.029095049,-0.012157102,0.016937947,0.54874211,0.66921586,57.72522,38.630633,False,0.84758067,False,False,False,0.54874211,0.66921586,57.72522,38.630633,0.41862739,0.69209872,47.278253,32.721218,0.84701926,0.61998032,33.120506,20.534062,-0.16434605,0.45763466,9.3849327,4.2948705,0.046795617,0.67003616,16.91496,11.333634,0.35585692,0.75351791,21.143656,15.932123,0.38148157,0.76481681,20.403021,15.604573,0.619275,0.65377939,31.586436,20.650561
init,init,-1,,1670,030.Fish_Crow/Fish_Crow_0028_25968.jpg,30,29,030.Fish_Crow,58,57,random_erasing,random_erasing,0,"{""area_fraction"":0.094769,""erased"":true,""height"":0.553087,""left"":0.670643,""top"":0.156196,""width"":0.171347}",6.1968484,5.9552832,-0.24156523,0.0020358369,0.0025921087,0.031130886,0.042773217,-0.029095049,-0.040181108,-0.01108606,0.84314089,1.0683031,57.72522,61.668033,False,0.95918185,True,False,False,0.84314089,1.0683031,57.72522,61.668033,0.78781031,1.0770122,47.278253,50.919257,0.95892817,1.0503336,33.120506,34.787578,0.82436109,1.102467,9.3849327,10.346579,0.75237217,1.2231973,16.91496,20.690332,0.76052908,1.0937734,21.143656,23.126368,0.73907537,1.026053,20.403021,20.934581,0.83216598,1.0426124,31.586436,32.93241
init,init,-1,,11448,195.Carolina_Wren/Carolina_Wren_0014_186525.jpg,195,194,195.Carolina_Wren,8,7,identity,identity,0,{},6.194962,6.194962,0,0.0020396805,0.0020396805,0.036411226,0.036411226,-0.034371545,-0.034371545,0,1,1,52.742453,52.742453,False,1,True,False,False,1,1,52.742453,52.742453,1,1,43.769873,43.769873,1,1,29.427276,29.427276,1,1,7.2142766,7.2142766,1,1,16.481358,16.481358,1,1,17.35013,17.35013,1,1,19.37011,19.37011,1,1,30.263719,30.263719
init,init,-1,,11448,195.Carolina_Wren/Carolina_Wren_0014_186525.jpg,195,194,195.Carolina_Wren,8,7,horizontal_flip,horizontal_flip,0,"{""flipped"":true}",6.194962,6.1753101,-0.01965189,0.0020396805,0.0020801607,0.036411226,0.021760097,-0.034371545,-0.019679936,0.014691609,0.70220499,1.107516,52.742453,58.413112,False,0.97369236,False,False,False,0.70220499,1.107516,52.742453,58.413112,0.59087338,1.1368007,43.769873,49.757622,0.97346046,1.039802,29.427276,30.598541,0.63600292,1.0028478,7.2142766,7.2348216,0.57071389,1.3390433,16.481358,22.069251,0.44343269,1.2306374,17.35013,21.351718,0.49416872,1.1446261,19.37011,22.171534,0.70353718,1.0391199,30.263719,31.447633
init,init,-1,,11448,195.Carolina_Wren/Carolina_Wren_0014_186525.jpg,195,194,195.Carolina_Wren,8,7,color_jitter,color_jitter,0,"{""brightness"":0.906215,""contrast"":1.110091,""hue"":-0.096197,""saturation"":1.142543}",6.194962,6.3828125,0.18785048,0.0020396805,0.0016903619,0.036411226,0.018912593,-0.034371545,-0.017222231,0.017149314,0.68172407,1.0970228,52.742453,57.859672,False,0.89335513,False,False,False,0.68172407,1.0970228,52.742453,57.859672,0.59788347,1.1338613,43.769873,49.628964,0.89300688,1.0107641,29.427276,29.744034,0.53580019,1.0922629,7.2142766,7.8798865,0.52628052,1.0795075,16.481358,17.79175,0.56678205,1.4264177,17.35013,24.748533,0.56562547,1.1503364,19.37011,22.282143,0.66280679,1.0319808,30.263719,31.231575
init,init,-1,,11448,195.Carolina_Wren/Carolina_Wren_0014_186525.jpg,195,194,195.Carolina_Wren,8,7,rotation,rotation,0,"{""angle"":-10.301891}",6.194962,6.1720037,-0.022958279,0.0020396805,0.0020870492,0.036411226,0.016071957,-0.034371545,-0.013984907,0.020386638,0.70318767,1.1076321,52.742453,58.419235,False,0.93622494,False,False,False,0.70318767,1.1076321,52.742453,58.419235,0.60784717,1.1368915,43.769873,49.761595,0.93574293,1.0399797,29.427276,30.603769,0.45810062,1.511596,7.2142766,10.905071,0.48994001,1.2306226,16.481358,20.282331,0.56869445,1.2915222,17.35013,22.408077,0.54763916,1.0721641,19.37011,20.767938,0.70895172,1.0514142,30.263719,31.819705
init,init,-1,,11448,195.Carolina_Wren/Carolina_Wren_0014_186525.jpg,195,194,195.Carolina_Wren,8,7,random_resized_crop,random_resized_crop,0,"{""area_fraction"":0.598362,""aspect"":1.045433,""fallback"":false,""height"":0.756543,""left"":0.043627,""top"":0.09178,""width"":0.790915}",6.194962,5.6679368,-0.52702522,0.0020396805,0.0034549863,0.036411226,0.028956186,-0.034371545,-0.0255012,0.0088703455,0.68248538,0.99482266,52.742453,52.469388,False,0.94193476,True,False,False,0.68248538,0.99482266,52.742453,52.469388,0.56263102,0.98760642,43.769873,43.227408,0.94173265,1.0106043,29.427276,29.739331,0.28184702,1.0915015,7.2142766,7.8743937,0.43248295,0.99856358,16.481358,16.457684,0.51685355,1.0611579,17.35013,18.411227,0.49434093,0.9217161,19.37011,17.853743,0.66367146,0.97910532,30.263719,29.631368
init,init,-1,,11448,195.Carolina_Wren/Carolina_Wren_0014_186525.jpg,195,194,195.Carolina_Wren,8,7,gaussian_blur,gaussian_blur,0,"{""sigma"":1.275532}",6.194962,5.8693051,-0.32565689,0.0020396805,0.0028248357,0.036411226,0.037305217,-0.034371545,-0.034480382,-0.00010883622,0.66968115,1.0952219,52.742453,57.764689,False,0.93408728,True,False,False,0.66968115,1.0952219,52.742453,57.764689,0.54222313,1.0705565,43.769873,46.858123,0.93375734,1.1479081,29.427276,33.779809,-0.04349235,1.0204974,7.2142766,7.3621508,0.14952437,0.98383123,16.481358,16.214875,0.51259987,1.1201037,17.35013,19.433944,0.51258568,1.0691906,19.37011,20.71034,0.70238707,1.0818519,30.263719,32.740861
init,init,-1,,11448,195.Carolina_Wren/Carolina_Wren_0014_186525.jpg,195,194,195.Carolina_Wren,8,7,random_erasing,random_erasing,0,"{""area_fraction"":0.116523,""erased"":true,""height"":0.449853,""left"":0.44943,""top"":0.328158,""width"":0.259025}",6.194962,6.1535311,-0.04143095,0.0020396805,0.0021259622,0.036411226,0.044627298,-0.034371545,-0.042501335,-0.0081297902,0.74445342,1.2111316,52.742453,63.878052,False,0.94189262,True,False,False,0.74445342,1.2111316,52.742453,63.878052,0.66843501,1.2581886,43.769873,55.070758,0.94166149,1.099895,29.427276,32.366915,0.59727337,1.2697016,7.2142766,9.1599783,0.63685292,1.2181137,16.481358,20.076168,0.59307872,1.3339402,17.35013,23.144035,0.60208796,1.2336798,19.37011,23.896514,0.73529795,1.2535145,30.263719,37.93601
init,init,-1,,5979,103.Sayornis/Sayornis_0086_98829.jpg,103,102,103.Sayornis,58,57,identity,identity,0,{},5.4012156,5.4012156,0,0.0045110956,0.0045110956,0.02784238,0.02784238,-0.023331285,-0.023331285,0,1,1,46.205554,46.205554,False,1.0000001,True,False,False,1,1,46.205554,46.205554,1,1,38.2759,38.2759,1,1,25.882595,25.882595,1,1,7.1184572,7.1184572,1,1,12.962666,12.962666,1,1,15.086094,15.086094,1,1,16.504519,16.504519,1,1,27.319443,27.319443
init,init,-1,,5979,103.Sayornis/Sayornis_0086_98829.jpg,103,102,103.Sayornis,58,57,horizontal_flip,horizontal_flip,0,"{""flipped"":true}",5.4012156,5.3168354,-0.08438015,0.0045110956,0.0049082623,0.02784238,0.019304629,-0.023331285,-0.014396367,0.0089349174,0.64897105,0.97662111,46.205554,45.125319,False,0.96154344,False,False,False,0.64897105,0.97662111,46.205554,45.125319,0.50205147,0.96779063,38.2759,37.043057,0.96145846,0.99565989,25.882595,25.770262,0.25056822,0.73435631,7.1184572,5.227484,0.42023638,0.91879161,12.962666,11.909989,0.32228437,0.94705303,15.086094,14.287331,0.33101025,0.97123838,16.504519,16.029822,0.64584227,0.99703362,27.319443,27.238404
init,init,-1,,5979,103.Sayornis/Sayornis_0086_98829.jpg,103,102,103.Sayornis,58,57,color_jitter,color_jitter,0,"{""brightness"":0.95238,""contrast"":0.702214,""hue"":-0.015011,""saturation"":0.661437}",5.4012156,5.3651428,-0.036072731,0.0045110956,0.0046767914,0.02784238,0.027357381,-0.023331285,-0.022680589,0.00065069506,0.86572413,0.99371578,46.205554,45.915188,False,0.97484064,True,False,False,0.86572413,0.99371578,46.205554,45.915188,0.81473408,0.98631978,38.2759,37.752277,0.97481544,1.0097015,25.882595,26.133696,0.79825823,0.86655506,7.1184572,6.1685351,0.72484159,1.1248344,12.962666,14.580852,0.75205819,0.94075662,15.086094,14.192342,0.78120998,0.95134501,16.504519,15.701492,0.87147502,0.98669447,27.319443,26.955944
init,init,-1,,5979,103.Sayornis/Sayornis_0086_98829.jpg,103,102,103.Sayornis,58,57,rotation,rotation,0,"{""angle"":9.949889}",5.4012156,5.1930275,-0.20818806,0.0045110956,0.0055551613,0.02784238,0.016906902,-0.023331285,-0.011351741,0.011979544,0.75325765,0.9637369,46.205554,44.529998,False,0.95620584,False,False,False,0.75325765,0.9637369,46.205554,44.529998,0.65460523,0.94260112,38.2759,36.078906,0.956075,1.0084169,25.882595,26.100445,0.57129859,0.84398705,7.1184572,6.0078857,0.55684665,0.867487,12.962666,11.244944,0.51783031,0.91395904,15.086094,13.788072,0.5798188,0.9305713,16.504519,15.358632,0.74522787,0.97750103,27.319443,26.704784
init,init,-1,,5979,103.Sayornis/Sayornis_0086_98829.jpg,103,102,103.Sayornis,58,57,random_resized_crop,random_resized_crop,0,"{""area_fraction"":0.569971,""aspect"":0.986433,""fallback"":false,""height"":0.760138,""left"":0.06089,""top"":0.166978,""width"":0.749826}",5.4012156,5.3511696,-0.050045967,0.0045110956,0.0047426,0.02784238,0.026016753,-0.023331285,-0.021274153,0.0020571314,0.6944821,1.0574682,46.205554,48.860903,False,0.95323002,False,False,False,0.6944821,1.0574682,46.205554,48.860903,0.58637943,1.0838551,38.2759,41.485529,0.95309722,0.9973319,25.882595,25.813538,0.2826635,1.0926982,7.1184572,7.7783256,0.53849824,1.4320051,12.962666,18.562604,0.48583048,1.1160933,15.086094,16.837489,0.50051269,0.99561959,16.504519,16.432222,0.69825366,1.010732,27.319443,27.612635
init,init,-1,,5979,103.Sayornis/Sayornis_0086_98829.jpg,103,102,103.Sayornis,58,57,gaussian_blur,gaussian_blur,0,"{""sigma"":1.824236}",5.4012156,5.022357,-0.37885857,0.0045110956,0.0065889787,0.02784238,0.023250204,-0.023331285,-0.016661225,0.0066700596,0.60672284,1.0014234,46.205554,46.271322,False,0.8932358,True,False,False,0.60672284,1.0014234,46.205554,46.271322,0.48241373,1.0167955,38.2759,38.918762,0.89312509,0.96695442,25.882595,25.02729,-0.034174698,0.81850207,7.1184572,5.826472,0.29054516,1.113778,12.962666,14.437533,0.31242691,1.066495,15.086094,16.089243,0.45176,1.0805576,16.504519,17.834084,0.63417628,0.965236,27.319443,26.36971
init,init,-1,,5979,103.Sayornis/Sayornis_0086_98829.jpg,103,102,103.Sayornis,58,57,random_erasing,random_erasing,0,"{""area_fraction"":0.05827,""erased"":true,""height"":0.382777,""left"":0.678247,""top"":0.097503,""width"":0.152229}",5.4012156,5.3076725,-0.093543053,0.0045110956,0.0049534426,0.02784238,0.030611038,-0.023331285,-0.025657596,-0.0023263111,0.91043716,0.99228221,46.205554,45.848949,False,0.98518461,True,False,False,0.91043716,0.99228221,46.205554,45.848949,0.8772163,1.0001209,38.2759,38.280527,0.985172,0.97491993,25.882595,25.233458,0.95286028,1.027285,7.1184572,7.3126844,0.88094232,1.0056834,12.962666,13.036337,0.83366542,1.0208528,15.086094,15.400681,0.84970122,1.0499622,16.504519,17.329121,0.89658695,0.97155635,27.319443,26.542379
init,init,-1,,7152,123.Henslow_Sparrow/Henslow_Sparrow_0081_116755.jpg,123,122,123.Henslow_Sparrow,129,128,identity,identity,0,{},4.8776073,4.8776073,0,0.0076152128,0.0076152128,0.020100398,0.020100398,-0.012485185,-0.012485185,0,1,1,52.751613,52.751613,False,0.99999988,True,False,False,1,1,52.751613,52.751613,1,1,44.662121,44.662121,1,1,28.071831,28.071831,1,1,8.8054957,8.8054957,1,1,17.902632,17.902632,1,1,20.961727,20.961727,1,1,18.374405,18.374405,1,1,28.629552,28.629552
init,init,-1,,7152,123.Henslow_Sparrow/Henslow_Sparrow_0081_116755.jpg,123,122,123.Henslow_Sparrow,129,128,horizontal_flip,horizontal_flip,0,"{""flipped"":true}",4.8776073,5.0495887,0.17198133,0.0076152128,0.0064119715,0.020100398,0.01654557,-0.012485185,-0.010133598,0.0023515872,0.6746798,0.92254014,52.751613,48.665481,False,0.94102645,True,False,False,0.6746798,0.92254014,52.751613,48.665481,0.56303006,0.90533157,44.662121,40.434028,0.94085313,0.9647286,28.071831,27.081698,0.64536051,0.79165766,8.8054957,6.9709382,0.46101425,0.89817006,17.902632,16.079608,0.52313692,0.87192017,20.961727,18.276953,0.46930117,0.9046431,18.374405,16.622279,0.65291457,0.93555835,28.629552,26.784617
init,init,-1,,7152,123.Henslow_Sparrow/Henslow_Sparrow_0081_116755.jpg,123,122,123.Henslow_Sparrow,129,128,color_jitter,color_jitter,0,"{""brightness"":1.278913,""contrast"":1.280889,""hue"":0.070787,""saturation"":0.833723}",4.8776073,4.4286895,-0.44891787,0.0076152128,0.011930112,0.020100398,0.018087551,-0.012485185,-0.0061574392,0.006327746,0.77282074,1.0160255,52.751613,53.596987,False,0.93945909,True,False,False,0.77282074,1.0160255,52.751613,53.596987,0.70525682,1.0077466,44.662121,45.008102,0.93928885,1.0366862,28.071831,29.10168,0.62363479,0.69089017,8.8054957,6.0836304,0.63809355,0.93034836,17.902632,16.655684,0.69236108,0.98216012,20.961727,20.587772,0.64799237,1.0449305,18.374405,19.199977,0.76814215,1.0587627,28.629552,30.311901
init,init,-1,,7152,123.Henslow_Sparrow/Henslow_Sparrow_0081_116755.jpg,123,122,123.Henslow_Sparrow,129,128,rotation,rotation,0,"{""angle"":0.87158}",4.8776073,4.9855309,0.10792351,0.0076152128,0.0068361466,0.020100398,0.019007111,-0.012485185,-0.012170964,0.00031422079,0.85875775,1.0274595,52.751613,54.200145,False,0.98290527,False,False,False,0.85875775,1.0274595,52.751613,54.200145,0.81316736,1.0450789,44.662121,46.67544,0.98287705,0.98144743,28.071831,27.551026,0.6970614,1.169059,8.8054957,10.294144,0.73815602,1.1860613,17.902632,21.233618,0.82042601,1.0924686,20.961727,22.900028,0.78106873,0.99717356,18.374405,18.322471,0.8790908,0.96396066,28.629552,27.597762
init,init,-1,,7152,123.Henslow_Sparrow/Henslow_Sparrow_0081_116755.jpg,123,122,123.Henslow_Sparrow,129,128,random_resized_crop,random_resized_crop,0,"{""area_fraction"":0.783266,""aspect"":0.89751,""fallback"":false,""height"":0.93419,""left"":0.041218,""top"":0.037057,""width"":0.838444}",4.8776073,4.7103901,-0.16721725,0.0076152128,0.0090012643,0.020100398,0.018876219,-0.012485185,-0.0098749548,0.0026102304,0.75169751,0.94910056,52.751613,50.066586,False,0.95457369,True,False,False,0.75169751,0.94910056,52.751613,50.066586,0.67534172,0.96099044,44.662121,42.919871,0.95451858,0.9183164,28.071831,25.778823,0.66520929,0.85442609,8.8054957,7.5236453,0.63463429,1.0139414,17.902632,18.152219,0.61102536,0.97501226,20.961727,20.437941,0.59307182,0.97432911,18.374405,17.902718,0.76578945,0.93580257,28.629552,26.791609
init,init,-1,,7152,123.Henslow_Sparrow/Henslow_Sparrow_0081_116755.jpg,123,122,123.Henslow_Sparrow,129,128,gaussian_blur,gaussian_blur,0,"{""sigma"":1.000359}",4.8776073,5.1129169,0.2353096,0.0076152128,0.0060185031,0.020100398,0.026263684,-0.012485185,-0.020245181,-0.0077599958,0.74074481,0.95942353,52.751613,50.611139,False,0.93578869,True,False,False,0.74074481,0.95942353,52.751613,50.611139,0.66669465,0.96938644,44.662121,43.294854,0.93571986,0.93372983,28.071831,26.211506,0.54538339,0.92664363,8.8054957,8.1595566,0.56818971,0.93138173,17.902632,16.674184,0.66555174,1.0227627,20.961727,21.438872,0.59564593,0.97541638,18.374405,17.922696,0.74675083,0.95592376,28.629552,27.367669
init,init,-1,,7152,123.Henslow_Sparrow/Henslow_Sparrow_0081_116755.jpg,123,122,123.Henslow_Sparrow,129,128,random_erasing,random_erasing,0,"{""area_fraction"":0.116087,""erased"":true,""height"":0.378881,""left"":0.270533,""top"":0.134488,""width"":0.306394}",4.8776073,5.124311,0.24670362,0.0076152128,0.0059503159,0.020100398,0.010470083,-0.012485185,-0.0045197671,0.007965418,0.53418532,0.99965443,52.751613,52.733384,False,0.81904483,False,False,False,0.53418532,0.99965443,52.751613,52.733384,0.42133876,0.99861732,44.662121,44.600367,0.81878978,1.0022748,28.071831,28.135689,0.63800411,0.76364488,8.8054957,6.7242717,0.36456969,0.83057444,17.902632,14.869468,0.31836596,0.93857081,20.961727,19.674065,0.31403814,1.0702686,18.374405,19.665549,0.52119345,1.0760571,28.629552,30.807032
init,init,-1,,2554,045.Northern_Fulmar/Northern_Fulmar_0076_43893.jpg,45,44,045.Northern_Fulmar,129,128,identity,identity,0,{},5.1988091,5.1988091,0,0.0055231373,0.0055231373,0.028203892,0.028203892,-0.022680754,-0.022680754,0,1,1,49.945113,49.945113,False,1,True,False,False,1,1,49.945113,49.945113,1,1,42.664604,42.664604,1,1,25.966245,25.966245,1,1,16.173067,16.173067,1,1,15.462447,15.462447,1,1,17.390074,17.390074,1,1,16.352341,16.352341,1,1,27.382464,27.382464
init,init,-1,,2554,045.Northern_Fulmar/Northern_Fulmar_0076_43893.jpg,45,44,045.Northern_Fulmar,129,128,horizontal_flip,horizontal_flip,0,"{""flipped"":true}",5.1988091,4.9082165,-0.29059267,0.0055231373,0.0073856502,0.028203892,0.031216025,-0.022680754,-0.023830375,-0.0011496209,0.62290397,1.0555464,49.945113,52.719384,False,0.95049667,True,False,False,0.62290397,1.0555464,49.945113,52.719384,0.50901817,1.0721823,42.664604,45.744235,0.95037393,1.0092657,25.966245,26.206839,0.63432125,0.8985186,16.173067,14.531801,0.35085617,1.1733919,15.462447,18.143511,0.4117461,1.214389,17.390074,21.118314,0.34745036,1.0664566,16.352341,17.439062,0.63910654,1.0342697,27.382464,28.320853
init,init,-1,,2554,045.Northern_Fulmar/Northern_Fulmar_0076_43893.jpg,45,44,045.Northern_Fulmar,129,128,color_jitter,color_jitter,0,"{""brightness"":1.349508,""contrast"":0.713663,""hue"":0.00536,""saturation"":1.27447}",5.1988091,4.8679886,-0.33082056,0.0055231373,0.007688818,0.028203892,0.042592026,-0.022680754,-0.034903208,-0.012222454,0.62406251,1.0922476,49.945113,54.552428,False,0.91404951,True,False,False,0.62406251,1.0922476,49.945113,54.552428,0.52830806,1.1213535,42.664604,47.842104,0.91380386,1.0094876,25.966245,26.212602,-0.08356201,0.75555636,16.173067,12.219664,0.51015281,1.272623,15.462447,19.677866,0.52335149,1.2101719,17.390074,21.044978,0.55011548,1.2021994,16.352341,19.658775,0.68672233,1.1094844,27.382464,30.380417
init,init,-1,,2554,045.Northern_Fulmar/Northern_Fulmar_0076_43893.jpg,45,44,045.Northern_Fulmar,129,128,rotation,rotation,0,"{""angle"":10.092686}",5.1988091,4.8856411,-0.31316805,0.0055231373,0.0075542782,0.028203892,0.027881073,-0.022680754,-0.020326795,0.0023539597,0.67222831,1.1107256,49.945113,55.475316,False,0.93455565,True,False,False,0.67222831,1.1107256,49.945113,55.475316,0.58830179,1.1466891,42.664604,48.923037,0.93444025,1.007242,25.966245,26.154294,0.011030358,0.72647562,16.173067,11.749339,0.5987906,1.4383753,15.462447,22.240802,0.65178136,1.2476303,17.390074,21.696382,0.54732045,1.2047657,16.352341,19.70074,0.72681607,1.0967543,27.382464,30.031836
init,init,-1,,2554,045.Northern_Fulmar/Northern_Fulmar_0076_43893.jpg,45,44,045.Northern_Fulmar,129,128,random_resized_crop,random_resized_crop,0,"{""area_fraction"":0.805496,""aspect"":0.860579,""fallback"":false,""height"":0.967467,""left"":0.074983,""top"":0.001115,""width"":0.832582}",5.1988091,4.8721266,-0.32668257,0.0055231373,0.0076570641,0.028203892,0.032697771,-0.022680754,-0.025040707,-0.0023599523,0.75510695,1.0850041,49.945113,54.190654,False,0.9645896,True,False,False,0.75510695,1.0850041,49.945113,54.190654,0.68367707,1.1059628,42.664604,47.185466,0.96448926,1.0262864,25.966245,26.648804,0.58692286,0.98181489,16.173067,15.878958,0.47937367,1.1633598,15.462447,17.988388,0.7165284,1.2159328,17.390074,21.145161,0.64236167,1.1419433,16.352341,18.673447,0.79018388,1.0678066,27.382464,29.239175
init,init,-1,,2554,045.Northern_Fulmar/Northern_Fulmar_0076_43893.jpg,45,44,045.Northern_Fulmar,129,128,gaussian_blur,gaussian_blur,0,"{""sigma"":1.469217}",5.1988091,5.3691559,0.17034674,0.0055231373,0.0046580611,0.028203892,0.013396177,-0.022680754,-0.0087381154,0.013942639,0.56760645,1.0162918,49.945113,50.75881,False,0.83655769,False,False,False,0.56760645,1.0162918,49.945113,50.75881,0.49085785,1.0689692,42.664604,45.607149,0.83631373,0.85807716,25.966245,22.281042,0.1005083,0.75827803,16.173067,12.263681,0.5105796,1.2037647,15.462447,18.613147,0.5712972,1.2606348,17.390074,21.922532,0.38876977,1.2181637,16.352341,19.919828,0.61007575,0.97019368,27.382464,26.566293
init,init,-1,,2554,045.Northern_Fulmar/Northern_Fulmar_0076_43893.jpg,45,44,045.Northern_Fulmar,129,128,random_erasing,random_erasing,0,"{""area_fraction"":0.050901,""erased"":true,""height"":0.145982,""left"":0.130899,""top"":0.784551,""width"":0.348678}",5.1988091,5.4065385,0.20772934,0.0055231373,0.0044871457,0.028203892,0.022577951,-0.022680754,-0.018090805,0.0045899493,0.9009042,1.0478348,49.945113,52.334229,False,0.97077888,True,False,False,0.9009042,1.0478348,49.945113,52.334229,0.87569662,1.0543342,42.664604,44.982752,0.97073858,1.0300835,25.966245,26.747401,0.83548345,1.0118388,16.173067,16.364537,0.85329251,1.1746875,15.462447,18.163543,0.89871197,1.0929171,17.390074,19.005909,0.8543648,1.0409017,16.352341,17.02118,0.89872516,1.0165287,27.382464,27.835059
init,init,-1,,115,002.Laysan_Albatross/Laysan_Albatross_0018_492.jpg,2,1,002.Laysan_Albatross,171,170,identity,identity,0,{},4.7117195,4.7117195,0,0.0089893099,0.0089893099,0.030380601,0.030380601,-0.021391291,-0.021391291,0,1,1,52.813967,52.813967,False,0.99999988,True,False,False,1,1,52.813967,52.813967,1,1,43.41532,43.41532,1,1,30.073661,30.073661,1,1,7.0477831,7.0477831,1,1,12.92918,12.92918,1,1,16.873426,16.873426,1,1,20.051899,20.051899,1,1,31.325133,31.325133
init,init,-1,,115,002.Laysan_Albatross/Laysan_Albatross_0018_492.jpg,2,1,002.Laysan_Albatross,171,170,horizontal_flip,horizontal_flip,0,"{""flipped"":true}",4.7117195,4.162744,-0.54897547,0.0089893099,0.015564787,0.030380601,0.017959997,-0.021391291,-0.0023952099,0.018996081,0.67423538,1.0699495,52.813967,56.508276,False,0.94123793,False,False,False,0.67423538,1.0699495,52.813967,56.508276,0.55684487,1.0968614,43.41532,47.620591,0.94104734,1.0115645,30.073661,30.421449,0.23185372,0.93107422,7.0477831,6.5620092,0.14665308,1.1838791,12.92918,15.306586,0.50622221,1.1974215,16.873426,20.204604,0.48486815,1.0674982,20.051899,21.405367,0.6958894,1.0702401,31.325133,33.525414
init,init,-1,,115,002.Laysan_Albatross/Laysan_Albatross_0018_492.jpg,2,1,002.Laysan_Albatross,171,170,color_jitter,color_jitter,0,"{""brightness"":1.146946,""contrast"":0.796996,""hue"":-0.009488,""saturation"":1.016171}",4.7117195,4.7694302,0.057710648,0.0089893099,0.0084852129,0.030380601,0.029726729,-0.021391291,-0.021241516,0.0001497753,0.93074413,1.0035874,52.813967,53.003435,False,0.99078757,True,False,False,0.93074413,1.0035874,52.813967,53.003435,0.90258646,1.0101128,43.41532,43.854371,0.99075808,0.98984985,30.073661,29.768409,0.86468102,1.0741514,7.0477831,7.5703861,0.82704029,1.1216127,12.92918,14.501533,0.87237421,1.034782,16.873426,17.460317,0.89331971,0.99662961,20.051899,19.984316,0.93385857,0.9846473,31.325133,30.844207
init,init,-1,,115,002.Laysan_Albatross/Laysan_Albatross_0018_492.jpg,2,1,002.Laysan_Albatross,171,170,rotation,rotation,0,"{""angle"":5.114174}",4.7117195,4.9384279,0.22670841,0.0089893099,0.0071658557,0.030380601,0.014358135,-0.021391291,-0.0071922792,0.014199012,0.73779283,1.0305935,52.813967,54.429733,False,0.93283665,False,False,False,0.73779283,1.0305935,52.813967,54.429733,0.65083363,1.0518846,43.41532,45.667907,0.93248647,0.98474302,30.073661,29.614828,0.56309979,1.4268127,7.0477831,10.055866,0.48584447,1.0672346,12.92918,13.798469,0.56702176,1.1191921,16.873426,18.884605,0.593566,1.0370142,20.051899,20.794104,0.74077522,1.0120307,31.325133,31.701996
init,init,-1,,115,002.Laysan_Albatross/Laysan_Albatross_0018_492.jpg,2,1,002.Laysan_Albatross,171,170,random_resized_crop,random_resized_crop,0,"{""area_fraction"":0.669546,""aspect"":1.18967,""fallback"":false,""height"":0.7502,""left"":0.085022,""top"":0.210435,""width"":0.89249}",4.7117195,4.775043,0.063323498,0.0089893099,0.0084377229,0.030380601,0.019363662,-0.021391291,-0.010925939,0.010465352,0.7234101,0.90618859,52.813967,47.859414,False,0.94921213,False,False,False,0.7234101,0.90618859,52.813967,47.859414,0.6175441,0.91256456,43.41532,39.619283,0.94905725,0.89275425,30.073661,26.848389,0.39847136,0.82512056,7.0477831,5.8152708,0.34171754,1.1074359,12.92918,14.318238,0.44900689,0.91113841,16.873426,15.374027,0.59484647,0.88209325,20.051899,17.687645,0.74811016,0.89250734,31.325133,27.957911
init,init,-1,,115,002.Laysan_Albatross/Laysan_Albatross_0018_492.jpg,2,1,002.Laysan_Albatross,171,170,gaussian_blur,gaussian_blur,0,"{""sigma"":1.093346}",4.7117195,5.2298231,0.5181036,0.0089893099,0.0053544729,0.030380601,0.030097477,-0.021391291,-0.024743004,-0.0033517131,0.75193007,1.035256,52.813967,54.675979,False,0.94408578,True,False,False,0.75193007,1.035256,52.813967,54.675979,0.66617573,1.0566386,43.41532,45.874305,0.94395924,0.98920887,30.073661,29.749132,0.50267945,1.3237352,7.0477831,9.3293987,0.47067495,1.2976705,12.92918,16.777816,0.46389919,1.0457474,16.873426,17.645341,0.65853873,1.0342634,20.051899,20.738945,0.78925657,1.0067001,31.325133,31.535015
init,init,-1,,115,002.Laysan_Albatross/Laysan_Albatross_0018_492.jpg,2,1,002.Laysan_Albatross,171,170,random_erasing,random_erasing,0,"{""area_fraction"":0.068379,""erased"":true,""height"":0.413485,""left"":0.608041,""top"":0.014925,""width"":0.165372}",4.7117195,5.1896515,0.47793198,0.0089893099,0.0055739488,0.030380601,0.022956824,-0.021391291,-0.017382875,0.0040084161,0.69324532,1.0019763,52.813967,52.918345,False,0.87110305,True,False,False,0.69324532,1.0019763,52.813967,52.918345,0.61728779,1.032993,43.41532,44.847721,0.87077119,0.93403106,30.073661,28.089734,0.45958227,1.161473,7.0477831,8.1858101,0.33543938,1.0081611,12.92918,13.034696,0.60307122,1.0407842,16.873426,17.561595,0.59448233,1.0410029,20.051899,20.874086,0.68756838,1.0246668,31.325133,32.097823
init,init,-1,,9090,155.Warbling_Vireo/Warbling_Vireo_0003_158484.jpg,155,154,155.Warbling_Vireo,129,128,identity,identity,0,{},4.6366682,4.6366682,0,0.0096899271,0.0096899271,0.03222698,0.03222698,-0.022537053,-0.022537053,0,1,1,51.847391,51.847391,False,1,True,False,False,1,1,51.847391,51.847391,1,1,43.850289,43.850289,1,1,27.664129,27.664129,1,1,6.1781455,6.1781455,1,1,14.897106,14.897106,1,1,17.808813,17.808813,1,1,20.009645,20.009645,1,1,30.744348,30.744348
init,init,-1,,9090,155.Warbling_Vireo/Warbling_Vireo_0003_158484.jpg,155,154,155.Warbling_Vireo,129,128,horizontal_flip,horizontal_flip,0,"{""flipped"":true}",4.6366682,4.7610569,0.12438869,0.0096899271,0.0085565634,0.03222698,0.033854447,-0.022537053,-0.025297884,-0.0027608313,0.69597511,0.9883459,51.847391,51.243156,False,0.93727976,True,False,False,0.69597511,0.9883459,51.847391,51.243156,0.59686801,0.97882912,43.850289,42.92194,0.93712696,1.0118622,27.664129,27.992286,0.61732092,0.90953543,6.1781455,5.6192422,0.58232598,0.97670622,14.897106,14.550096,0.59154182,1.0015821,17.808813,17.836989,0.46313874,1.0091344,20.009645,20.19242,0.66123589,0.96110674,30.744348,29.5486
init,init,-1,,9090,155.Warbling_Vireo/Warbling_Vireo_0003_158484.jpg,155,154,155.Warbling_Vireo,129,128,color_jitter,color_jitter,0,"{""brightness"":1.079123,""contrast"":0.783303,""hue"":0.084186,""saturation"":1.0774}",4.6366682,4.531004,-0.10566425,0.0096899271,0.010769861,0.03222698,0.02881814,-0.022537053,-0.018048279,0.0044887736,0.85776722,0.92828357,51.847391,48.129081,False,0.97216153,True,False,False,0.85776722,0.92828357,51.847391,48.129081,0.81066618,0.91791035,43.850289,40.250635,0.9720986,0.95384889,27.664129,26.387399,0.83741775,1.0642325,6.1781455,6.5749835,0.72617595,0.97267805,14.897106,14.490088,0.76304853,0.99302505,17.808813,17.684597,0.77015837,0.86144278,20.009645,17.237164,0.86782114,0.89494972,30.744348,27.514645
init,init,-1,,9090,155.Warbling_Vireo/Warbling_Vireo_0003_158484.jpg,155,154,155.Warbling_Vireo,129,128,rotation,rotation,0,"{""angle"":-11.628893}",4.6366682,4.4346933,-0.20197487,0.0096899271,0.011858702,0.03222698,0.024424981,-0.022537053,-0.01256628,0.009970773,0.74516041,1.0612645,51.847391,55.023796,False,0.93944967,True,False,False,0.74516041,1.0612645,51.847391,55.023796,0.66293463,1.0396763,43.850289,45.590108,0.93926483,1.1136603,27.664129,30.808443,0.72981785,1.1980617,6.1781455,7.4017996,0.54505631,0.95459646,14.897106,14.220725,0.62766894,1.1206944,17.808813,19.958236,0.57528677,0.964154,20.009645,19.292379,0.73372886,1.0544319,30.744348,32.417822
init,init,-1,,9090,155.Warbling_Vireo/Warbling_Vireo_0003_158484.jpg,155,154,155.Warbling_Vireo,129,128,random_resized_crop,random_resized_crop,0,"{""area_fraction"":0.710872,""aspect"":0.811738,""fallback"":false,""height"":0.93581,""left"":0.092508,""top"":0.000321,""width"":0.759632}",4.6366682,4.8363876,0.19971943,0.0096899271,0.0079356683,0.03222698,0.02749797,-0.022537053,-0.019562301,0.0029747514,0.75102683,0.97226324,51.847391,50.409312,False,0.95705581,True,False,False,0.75102683,0.97226324,51.847391,50.409312,0.66798872,0.9685082,43.850289,42.469365,0.95692105,0.9816345,27.664129,27.156064,0.41437048,0.94103474,6.1781455,5.8138495,0.49469272,0.99690985,14.897106,14.851072,0.65690965,1.0271212,17.808813,18.291809,0.60644933,0.99750911,20.009645,19.959803,0.75530755,0.92931228,30.744348,28.5711
init,init,-1,,9090,155.Warbling_Vireo/Warbling_Vireo_0003_158484.jpg,155,154,155.Warbling_Vireo,129,128,gaussian_blur,gaussian_blur,0,"{""sigma"":1.356403}",4.6366682,4.9333267,0.29665852,0.0096899271,0.0072025005,0.03222698,0.02566939,-0.022537053,-0.01846689,0.0040701628,0.67603564,0.97174107,51.847391,50.382239,False,0.92605382,True,False,False,0.67603564,0.97174107,51.847391,50.382239,0.57476514,0.96652434,43.850289,42.382372,0.9258611,0.9847263,27.664129,27.241596,0.17469893,1.2025007,6.1781455,7.4292242,0.32830115,1.08865,14.897106,16.217735,0.41825522,0.93305301,17.808813,16.616566,0.54905014,0.95311948,20.009645,19.071582,0.72750074,0.94170342,30.744348,28.952057
init,init,-1,,9090,155.Warbling_Vireo/Warbling_Vireo_0003_158484.jpg,155,154,155.Warbling_Vireo,129,128,random_erasing,random_erasing,0,"{""area_fraction"":0.193063,""erased"":true,""height"":0.358399,""left"":0.05164,""top"":0.382306,""width"":0.538683}",4.6366682,4.8751416,0.23847342,0.0096899271,0.0076340134,0.03222698,0.027675163,-0.022537053,-0.02004115,0.0024959031,0.47484188,1.0728541,51.847391,55.624684,False,0.76658219,False,False,False,0.47484188,1.0728541,51.847391,55.624684,0.35807472,1.070257,43.850289,46.931079,0.76576273,1.0793517,27.664129,29.859324,0.023065688,0.88664173,6.1781455,5.4778016,0.31774955,0.99946053,14.897106,14.88907,0.3791926,1.2085672,17.808813,21.523147,0.22983787,1.0197791,20.009645,20.405417,0.42380365,1.0645639,30.744348,32.729324
init,init,-1,,313,006.Least_Auklet/Least_Auklet_0030_795116.jpg,6,5,006.Least_Auklet,129,128,identity,identity,0,{},6.2391768,6.2391768,0,0.0019514613,0.0019514613,0.02664726,0.02664726,-0.024695799,-0.024695799,0,1,1,52.299567,52.299567,False,1.0000001,True,False,False,1,1,52.299567,52.299567,1,1,45.102513,45.102513,1,1,26.476557,26.476557,1,1,8.5071101,8.5071101,1,1,17.584558,17.584558,1,1,20.934535,20.934535,1,1,19.231525,19.231525,1,1,29.061018,29.061018
init,init,-1,,313,006.Least_Auklet/Least_Auklet_0030_795116.jpg,6,5,006.Least_Auklet,129,128,horizontal_flip,horizontal_flip,0,"{""flipped"":true}",6.2391768,6.3098888,0.07071209,0.0019514613,0.0018182356,0.02664726,0.023553874,-0.024695799,-0.021735639,0.0029601604,0.61234354,0.99774696,52.299567,52.181734,False,0.95352376,True,False,False,0.61234354,0.99774696,52.299567,52.181734,0.49571985,0.99973703,45.102513,45.090652,0.95344162,0.99194943,26.476557,26.263405,0.094846208,1.058269,8.5071101,9.0028107,0.2897705,0.85578491,17.584558,15.0486,0.3934911,1.0073872,20.934535,21.089183,0.41612944,1.0363022,19.231525,19.929671,0.6840868,1.0229259,29.061018,29.727269
init,init,-1,,313,006.Least_Auklet/Least_Auklet_0030_795116.jpg,6,5,006.Least_Auklet,129,128,color_jitter,color_jitter,0,"{""brightness"":0.944761,""contrast"":0.643839,""hue"":0.003654,""saturation"":0.923567}",6.2391768,6.2846918,0.04551506,0.0019514613,0.0018646314,0.02664726,0.034094926,-0.024695799,-0.032230295,-0.0075344954,0.80166901,1.191464,52.299567,62.313054,False,0.97498202,True,False,False,0.80166901,1.191464,52.299567,62.313054,0.74995964,1.2249894,45.102513,55.250101,0.97485748,1.0883467,26.476557,28.815674,0.44459139,1.3152716,8.5071101,11.18916,0.63401258,1.2314188,17.584558,21.653955,0.74409125,1.397341,20.934535,29.252684,0.70855611,1.2492539,19.231525,24.025057,0.86180427,1.1019697,29.061018,32.02436
init,init,-1,,313,006.Least_Auklet/Least_Auklet_0030_795116.jpg,6,5,006.Least_Auklet,129,128,rotation,rotation,0,"{""angle"":-6.248952}",6.2391768,6.3465409,0.10736418,0.0019514613,0.0017527998,0.02664726,0.029194402,-0.024695799,-0.027441602,-0.0027458026,0.76323763,1.1275027,52.299567,58.967903,False,0.95792204,True,False,False,0.76323763,1.1275027,52.299567,58.967903,0.69563641,1.1250795,45.102513,50.743915,0.95779777,1.1345051,26.476557,30.037788,0.32629281,0.97935736,8.5071101,8.3315009,0.67626284,1.2756087,17.584558,22.431016,0.69190839,1.1587404,20.934535,24.257691,0.61317199,1.1310293,19.231525,21.751417,0.77895964,1.0554621,29.061018,30.672802
init,init,-1,,313,006.Least_Auklet/Least_Auklet_0030_795116.jpg,6,5,006.Least_Auklet,129,128,random_resized_crop,random_resized_crop,0,"{""area_fraction"":0.578483,""aspect"":1.146605,""fallback"":false,""height"":0.710295,""left"":0.045917,""top"":0.007014,""width"":0.814427}",6.2391768,6.1020002,-0.13717651,0.0019514613,0.0022383856,0.02664726,0.038787436,-0.024695799,-0.03654905,-0.011853251,0.68181494,1.2182891,52.299567,63.715992,False,0.93995655,True,False,False,0.68181494,1.2182891,52.299567,63.715992,0.59477071,1.2245505,45.102513,55.230306,0.9396932,1.1999342,26.476557,31.770127,0.51581896,1.2449304,8.5071101,10.59076,0.38648157,1.1485061,17.584558,20.195973,0.62525842,1.3042609,20.934535,27.304095,0.48726707,1.2372014,19.231525,23.79327,0.70723036,1.2012674,29.061018,34.910053
init,init,-1,,313,006.Least_Auklet/Least_Auklet_0030_795116.jpg,6,5,006.Least_Auklet,129,128,gaussian_blur,gaussian_blur,0,"{""sigma"":1.906972}",6.2391768,6.0858192,-0.15335751,0.0019514613,0.0022749004,0.02664726,0.018034978,-0.024695799,-0.015760077,0.0089357217,0.62839342,1.0417375,52.299567,54.482422,False,0.9324497,True,False,False,0.62839342,1.0417375,52.299567,54.482422,0.53830746,1.0750572,45.102513,48.487782,0.93235912,0.93837374,26.476557,24.844905,0.26181691,1.2963584,8.5071101,11.028264,0.41101028,1.1488524,17.584558,20.202061,0.38523299,1.0660397,20.934535,22.317046,0.4636113,1.1554696,19.231525,22.221441,0.7509878,0.99103983,29.061018,28.800627
init,init,-1,,313,006.Least_Auklet/Least_Auklet_0030_795116.jpg,6,5,006.Least_Auklet,129,128,random_erasing,random_erasing,0,"{""area_fraction"":0.132816,""erased"":true,""height"":0.6004,""left"":0.312528,""top"":0.380104,""width"":0.221213}",6.2391768,5.715723,-0.52345371,0.0019514613,0.0032937694,0.02664726,0.014289123,-0.024695799,-0.010995354,0.013700446,0.40573609,1.1606067,52.299567,60.69923,False,0.80798221,False,False,False,0.40573609,1.1606067,52.299567,60.69923,0.30642262,1.2335201,45.102513,55.634855,0.80778823,0.9167585,26.476557,24.272608,0.15288218,1.4908043,8.5071101,12.682437,0.071434704,1.3592191,17.584558,23.901267,0.24451338,1.4133779,20.934535,29.588409,0.27507013,1.344392,19.231525,25.854709,0.52196328,0.98487127,29.061018,28.621362
init,init,-1,,5206,090.Red_breasted_Merganser/Red_Breasted_Merganser_0080_79488.jpg,90,89,090.Red_breasted_Merganser,38,37,identity,identity,0,{},4.6116266,4.6116266,0,0.0099356426,0.0099356426,0.024090186,0.024090186,-0.014154543,-0.014154543,0,1,1,54.702261,54.702261,False,1,True,False,False,1,1,54.702261,54.702261,1,1,46.085686,46.085686,1,1,29.469424,29.469424,1,1,8.714662,8.714662,1,1,16.574693,16.574693,1,1,20.131624,20.131624,1,1,19.901961,19.901961,1,1,31.174578,31.174578
init,init,-1,,5206,090.Red_breasted_Merganser/Red_Breasted_Merganser_0080_79488.jpg,90,89,090.Red_breasted_Merganser,38,37,horizontal_flip,horizontal_flip,0,"{""flipped"":true}",4.6116266,4.8445964,0.23296976,0.0099356426,0.0078707943,0.024090186,0.02534735,-0.014154543,-0.017476556,-0.0033220127,0.67626404,1.011157,54.702261,55.312574,False,0.96137893,False,False,False,0.67626404,1.011157,54.702261,55.312574,0.56100654,1.0143208,46.085686,46.74567,0.96124258,1.0033775,29.469424,29.568957,0.43732542,0.81696162,8.714662,7.1195444,0.4157327,0.96947116,16.574693,16.068687,0.50021645,1.0088052,20.131624,20.308887,0.48318725,1.0108437,19.901961,20.117773,0.66311005,1.0439174,31.174578,32.543684
init,init,-1,,5206,090.Red_breasted_Merganser/Red_Breasted_Merganser_0080_79488.jpg,90,89,090.Red_breasted_Merganser,38,37,color_jitter,color_jitter,0,"{""brightness"":1.19882,""contrast"":1.101208,""hue"":-0.075349,""saturation"":1.270891}",4.6116266,4.8068419,0.19521523,0.0099356426,0.0081736315,0.024090186,0.019526342,-0.014154543,-0.01135271,0.0028018327,0.69378115,1.0484328,54.702261,57.351642,False,0.93046552,False,False,False,0.69378115,1.0484328,54.702261,57.351642,0.60744493,1.0777057,46.085686,49.666805,0.93025482,0.97313933,29.469424,28.677856,0.2948908,1.6001556,8.714662,13.944815,0.38246765,1.0426846,16.574693,17.282177,0.63694882,1.1856867,20.131624,23.8698,0.57923189,1.0869725,19.901961,21.632884,0.7230123,0.98133363,31.174578,30.592661
init,init,-1,,5206,090.Red_breasted_Merganser/Red_Breasted_Merganser_0080_79488.jpg,90,89,090.Red_breasted_Merganser,38,37,rotation,rotation,0,"{""angle"":-13.142848}",4.6116266,4.4215393,-0.19008732,0.0099356426,0.01201572,0.024090186,0.014251735,-0.014154543,-0.0022360152,0.011918528,0.68062244,0.99576727,54.702261,54.470721,False,0.91515636,False,False,False,0.68062244,0.99576727,54.702261,54.470721,0.58153966,0.98539894,46.085686,45.412786,0.91486087,1.0206806,29.469424,30.078869,0.60037086,1.0030595,8.714662,8.7413243,0.50717289,0.90448561,16.574693,14.991571,0.53922208,0.89841194,20.131624,18.086491,0.49244893,0.98713868,19.901961,19.645995,0.6504398,1.0384749,31.174578,32.374015
init,init,-1,,5206,090.Red_breasted_Merganser/Red_Breasted_Merganser_0080_79488.jpg,90,89,090.Red_breasted_Merganser,38,37,random_resized_crop,random_resized_crop,0,"{""area_fraction"":0.512576,""aspect"":1.274299,""fallback"":false,""height"":0.634225,""left"":0.040736,""top"":0.10617,""width"":0.808192}",4.6116266,5.0451183,0.43349171,0.0099356426,0.0064407,0.024090186,0.022304581,-0.014154543,-0.015863881,-0.0017093383,0.65593342,1.0914572,54.702261,59.705178,False,0.92792547,False,False,False,0.65593342,1.0914572,54.702261,59.705178,0.54414409,1.0893177,46.085686,50.201952,0.92750461,1.0966721,29.469424,32.318297,0.65392042,1.448865,8.714662,12.626369,0.41266539,1.1790848,16.574693,19.542969,0.49714965,1.0951842,20.131624,22.047836,0.44373105,1.0332382,19.901961,20.563466,0.63845729,1.0492405,31.174578,32.709629
init,init,-1,,5206,090.Red_breasted_Merganser/Red_Breasted_Merganser_0080_79488.jpg,90,89,090.Red_breasted_Merganser,38,37,gaussian_blur,gaussian_blur,0,"{""sigma"":1.13678}",4.6116266,4.8591833,0.24755669,0.0099356426,0.0077568181,0.024090186,0.021276984,-0.014154543,-0.013520166,0.00063437689,0.70785535,1.0390046,54.702261,56.835901,False,0.94973505,False,False,False,0.70785535,1.0390046,54.702261,56.835901,0.60967863,1.0409574,46.085686,47.973236,0.94953458,1.0342133,29.469424,30.477669,0.71242004,1.4759202,8.714662,12.862145,0.2748613,0.90326334,16.574693,14.971313,0.46751344,0.95822464,20.131624,19.290618,0.54688973,1.0522126,19.901961,20.941094,0.76401579,1.0644673,31.174578,33.184318
init,init,-1,,5206,090.Red_breasted_Merganser/Red_Breasted_Merganser_0080_79488.jpg,90,89,090.Red_breasted_Merganser,38,37,random_erasing,random_erasing,0,"{""area_fraction"":0.061859,""erased"":true,""height"":0.204777,""left"":0.611012,""top"":0.387835,""width"":0.302079}",4.6116266,4.5882645,-0.02336216,0.0099356426,0.010170493,0.024090186,0.017957443,-0.014154543,-0.0077869501,0.0063675931,0.86527935,1.0364143,54.702261,56.694203,False,0.96712852,False,False,False,0.86527935,1.0364143,54.702261,56.694203,0.82878224,1.0646624,46.085686,49.065698,0.96699919,0.9638481,29.469424,28.404048,0.85199632,1.164095,8.714662,10.144695,0.78264101,0.96116305,16.574693,15.930983,0.79760655,1.1205625,20.131624,22.558744,0.8090024,1.1142943,19.901961,22.176642,0.86399409,1.0394427,31.174578,32.404186
init,init,-1,,10103,172.Nashville_Warbler/Nashville_Warbler_0023_167242.jpg,172,171,172.Nashville_Warbler,4,3,identity,identity,0,{},6.0316324,6.0316324,0,0.0024015706,0.0024015706,0.020436194,0.020436194,-0.018034623,-0.018034623,0,1,1,57.552641,57.552641,False,1,True,False,False,1,1,57.552641,57.552641,1,1,49.30125,49.30125,1,1,29.69332,29.69332,1,1,9.6829969,9.6829969,1,1,14.754567,14.754567,1,1,21.983406,21.983406,1,1,22.531795,22.531795,1,1,33.588744,33.588744
init,init,-1,,10103,172.Nashville_Warbler/Nashville_Warbler_0023_167242.jpg,172,171,172.Nashville_Warbler,4,3,horizontal_flip,horizontal_flip,0,"{""flipped"":true}",6.0316324,5.8197427,-0.21188974,0.0024015706,0.0029683684,0.020436194,0.017721549,-0.018034623,-0.01475318,0.0032814429,0.63758258,0.86065073,57.552641,49.532723,False,0.94784176,True,False,False,0.63758258,0.86065073,57.552641,49.532723,0.53175405,0.87355298,49.30125,43.067254,0.94766562,0.82403696,29.69332,24.468393,0.10433319,0.83744563,9.6829969,8.1089835,0.19246822,0.97066105,14.754567,14.321683,0.5489078,0.81326356,21.983406,17.878303,0.48023041,0.89317357,22.531795,20.124804,0.6568127,0.87271768,33.588744,29.31349
init,init,-1,,10103,172.Nashville_Warbler/Nashville_Warbler_0023_167242.jpg,172,171,172.Nashville_Warbler,4,3,color_jitter,color_jitter,0,"{""brightness"":1.111541,""contrast"":0.747833,""hue"":0.043867,""saturation"":0.963074}",6.0316324,6.1059504,0.074317932,0.0024015706,0.0022295625,0.020436194,0.012484303,-0.018034623,-0.01025474,0.007779883,0.79820685,0.98137442,57.552641,56.48069,False,0.95994145,False,False,False,0.79820685,0.98137442,57.552641,56.48069,0.74074383,0.98633084,49.30125,48.627344,0.95979686,0.96757929,29.69332,28.730641,0.76880068,0.94059974,9.6829969,9.1078244,0.60012456,1.0238418,14.754567,15.106342,0.72504359,0.97328457,21.983406,21.39611,0.6962867,0.98343813,22.531795,22.158626,0.79330186,0.98951367,33.588744,33.236521
init,init,-1,,10103,172.Nashville_Warbler/Nashville_Warbler_0023_167242.jpg,172,171,172.Nashville_Warbler,4,3,rotation,rotation,0,"{""angle"":-7.37826}",6.0316324,6.0328588,0.0012264252,0.0024015706,0.0023986271,0.020436194,0.024658302,-0.018034623,-0.022259675,-0.0042250515,0.7405293,0.97377204,57.552641,56.043153,False,0.96175921,True,False,False,0.7405293,0.97377204,57.552641,56.043153,0.65220164,0.94305335,49.30125,46.493709,0.96168235,1.0538294,29.69332,31.291693,0.25044981,0.61243434,9.6829969,5.9301998,0.38139372,1.0895178,14.754567,16.075363,0.65402884,0.85138529,21.983406,18.716348,0.58327719,0.92334886,22.531795,20.804707,0.76612562,0.98064018,33.588744,32.938472
init,init,-1,,10103,172.Nashville_Warbler/Nashville_Warbler_0023_167242.jpg,172,171,172.Nashville_Warbler,4,3,random_resized_crop,random_resized_crop,0,"{""area_fraction"":0.813486,""aspect"":0.899246,""fallback"":false,""height"":0.951121,""left"":0.066482,""top"":0.014998,""width"":0.855292}",6.0316324,5.9835486,-0.048083782,0.0024015706,0.0025198681,0.020436194,0.027761249,-0.018034623,-0.025241381,-0.0072067576,0.75967153,1.0150015,57.552641,58.416015,False,0.96873224,True,False,False,0.75967153,1.0150015,57.552641,58.416015,0.67946672,0.99763091,49.30125,49.184451,0.96854214,1.0614168,29.69332,31.516989,0.47754061,0.7386744,9.6829969,7.1525819,0.41526233,1.0951504,14.754567,16.15847,0.60479054,0.9731921,21.983406,21.394077,0.64432009,0.98638176,22.531795,22.224951,0.79574031,1.0118934,33.588744,33.988229
init,init,-1,,10103,172.Nashville_Warbler/Nashville_Warbler_0023_167242.jpg,172,171,172.Nashville_Warbler,4,3,gaussian_blur,gaussian_blur,0,"{""sigma"":1.937111}",6.0316324,5.6442146,-0.38741779,0.0024015706,0.0035379257,0.020436194,0.025189955,-0.018034623,-0.021652029,-0.0036174059,0.50464412,0.88660915,57.552641,51.026698,False,0.84367669,False,False,False,0.50464412,0.88660915,57.552641,51.026698,0.37684332,0.87687665,49.30125,43.231115,0.84335335,0.91290216,29.69332,27.107096,0.21441377,0.87570404,9.6829969,8.4794395,0.14343382,0.85391682,14.754567,12.599173,0.24298883,0.83717392,21.983406,18.403934,0.30977722,0.92087379,22.531795,20.748939,0.52089099,0.87767275,33.588744,29.479925
init,init,-1,,10103,172.Nashville_Warbler/Nashville_Warbler_0023_167242.jpg,172,171,172.Nashville_Warbler,4,3,random_erasing,random_erasing,0,"{""area_fraction"":0.176675,""erased"":true,""height"":0.344861,""left"":0.018718,""top"":0.597886,""width"":0.512308}",6.0316324,5.8052006,-0.22643185,0.0024015706,0.0030118518,0.020436194,0.021587782,-0.018034623,-0.01857593,-0.00054130657,0.87415765,1.0305087,57.552641,59.3085,False,0.9817068,False,False,False,0.87415765,1.0305087,57.552641,59.3085,0.83600602,1.0360198,49.30125,51.077071,0.98162681,1.0151612,29.69332,30.143506,0.87506293,1.0213136,9.6829969,9.8893767,0.77999353,1.0864408,14.754567,16.029963,0.8433259,0.97291444,21.983406,21.387973,0.79047968,1.0162453,22.531795,22.89783,0.86183745,1.0619641,33.588744,35.67004
init,init,-1,,10552,180.Wilson_Warbler/Wilson_Warbler_0108_175179.jpg,180,179,180.Wilson_Warbler,129,128,identity,identity,0,{},5.4848189,5.4848189,0,0.0041492875,0.0041492875,0.018893618,0.018893618,-0.014744331,-0.014744331,0,1,1,49.064467,49.064467,False,1,True,False,False,1,1,49.064467,49.064467,1,1,41.535463,41.535463,1,1,26.117565,26.117565,1,1,6.388684,6.388684,1,1,14.316499,14.316499,1,1,18.213781,18.213781,1,1,19.088834,19.088834,1,1,27.987351,27.987351
init,init,-1,,10552,180.Wilson_Warbler/Wilson_Warbler_0108_175179.jpg,180,179,180.Wilson_Warbler,129,128,horizontal_flip,horizontal_flip,0,"{""flipped"":true}",5.4848189,5.4431839,-0.041635036,0.0041492875,0.0043256893,0.018893618,0.015612158,-0.014744331,-0.011286469,0.003457862,0.67593146,0.93494119,49.064467,45.872391,False,0.96205723,False,False,False,0.67593146,0.93494119,49.064467,45.872391,0.55628927,0.91873609,41.535463,38.160129,0.9619755,0.97472453,26.117565,25.457432,0.43293498,0.77862721,6.388684,4.9744032,0.44715398,0.83298636,14.316499,11.925448,0.4968624,0.92874158,18.213781,16.915896,0.4520138,0.89032747,19.088834,16.995313,0.65762965,0.95490942,27.987351,26.725385
init,init,-1,,10552,180.Wilson_Warbler/Wilson_Warbler_0108_175179.jpg,180,179,180.Wilson_Warbler,129,128,color_jitter,color_jitter,0,"{""brightness"":0.792673,""contrast"":0.963207,""hue"":-0.024715,""saturation"":0.650882}",5.4848189,5.746151,0.26133204,0.0041492875,0.0031950544,0.018893618,0.02473451,-0.014744331,-0.021539456,-0.0067951251,0.7779129,1.1222772,49.064467,55.063934,False,0.95479757,True,False,False,0.7779129,1.1222772,49.064467,55.063934,0.71410542,1.1467192,41.535463,47.629514,0.95468365,1.0579429,26.117565,27.630893,0.71418891,1.3898936,6.388684,8.8795908,0.50010034,1.1394331,14.316499,16.312693,0.67258381,1.1507349,18.213781,20.959233,0.66767917,1.1418083,19.088834,21.795789,0.81075352,1.1351224,27.987351,31.769068
init,init,-1,,10552,180.Wilson_Warbler/Wilson_Warbler_0108_175179.jpg,180,179,180.Wilson_Warbler,129,128,rotation,rotation,0,"{""angle"":-6.99463}",5.4848189,5.4161758,-0.068643093,0.0041492875,0.0044441097,0.018893618,0.016878406,-0.014744331,-0.012434296,0.0023100348,0.69825224,0.84865255,49.064467,41.638684,False,0.95474577,True,False,False,0.69825224,0.84865255,49.064467,41.638684,0.57926091,0.79623408,41.535463,33.071951,0.95469786,0.96864837,26.117565,25.298737,0.32947578,0.99041883,6.388684,6.3274729,0.40158419,0.76270684,14.316499,10.919292,0.4840929,0.66422737,18.213781,12.098092,0.50984308,0.76676826,19.088834,14.636712,0.70173767,0.85595736,27.987351,23.955979
init,init,-1,,10552,180.Wilson_Warbler/Wilson_Warbler_0108_175179.jpg,180,179,180.Wilson_Warbler,129,128,random_resized_crop,random_resized_crop,0,"{""area_fraction"":0.609593,""aspect"":1.172354,""fallback"":false,""height"":0.721092,""left"":0.017199,""top"":0.147744,""width"":0.845375}",5.4848189,5.5834265,0.09860754,0.0041492875,0.0037596605,0.018893618,0.023032177,-0.014744331,-0.019272517,-0.0045281861,0.64684725,0.98645153,49.064467,48.399718,False,0.94781518,True,False,False,0.64684725,0.98645153,49.064467,48.399718,0.51183095,0.94359542,41.535463,39.192672,0.94765213,1.0873282,26.117565,28.398366,0.46655835,1.2450725,6.388684,7.9543747,0.24094621,0.91787538,14.316499,13.140762,0.36435668,0.81067369,18.213781,14.765433,0.44009157,0.87778972,19.088834,16.755983,0.66317961,1.0114506,27.987351,28.307824
init,init,-1,,10552,180.Wilson_Warbler/Wilson_Warbler_0108_175179.jpg,180,179,180.Wilson_Warbler,129,128,gaussian_blur,gaussian_blur,0,"{""sigma"":1.669358}",5.4848189,5.8410563,0.35623741,0.0041492875,0.0029057714,0.018893618,0.017503751,-0.014744331,-0.01459798,0.00014635059,0.54513949,1.0587385,49.064467,51.946441,False,0.88954806,False,False,False,0.54513949,1.0587385,49.064467,51.946441,0.4146344,1.0707728,41.535463,44.475043,0.8893811,1.0276734,26.117565,26.840328,0.31720667,1.3703413,6.388684,8.7546773,0.27118424,1.0438835,14.316499,14.944757,0.2460935,1.1140036,18.213781,20.290219,0.36191603,1.1205006,19.088834,21.38905,0.56719817,1.0161867,27.987351,28.440375
init,init,-1,,10552,180.Wilson_Warbler/Wilson_Warbler_0108_175179.jpg,180,179,180.Wilson_Warbler,129,128,random_erasing,random_erasing,0,"{""area_fraction"":0.051017,""erased"":true,""height"":0.138344,""left"":0.593519,""top"":0.33039,""width"":0.368768}",5.4848189,5.5725131,0.087694168,0.0041492875,0.0038009163,0.018893618,0.018170312,-0.014744331,-0.014369396,0.00037493487,0.76249376,1.1668623,49.064467,57.251478,False,0.92529052,True,False,False,0.76249376,1.1668623,49.064467,57.251478,0.70543936,1.1986312,41.535463,49.785703,0.92521927,1.0823608,26.117565,28.26863,0.64977726,0.93140482,6.388684,5.9504511,0.70691898,1.2189623,14.316499,17.451272,0.70548017,1.2676893,18.213781,23.089415,0.6464346,1.2108193,19.088834,23.113128,0.73744832,1.1694955,27.987351,32.731082
init,init,-1,,345,007.Parakeet_Auklet/Parakeet_Auklet_0047_795956.jpg,7,6,007.Parakeet_Auklet,129,128,identity,identity,0,{},5.7313366,5.7313366,0,0.0032427409,0.0032427409,0.03226392,0.03226392,-0.029021179,-0.029021179,0,1,1,56.226487,56.226487,False,1,True,False,False,1,1,56.226487,56.226487,1,1,46.493012,46.493012,1,1,31.619894,31.619894,1,1,7.1336907,7.1336907,1,1,15.84125,15.84125,1,1,20.795594,20.795594,1,1,20.486819,20.486819,1,1,31.742699,31.742699
init,init,-1,,345,007.Parakeet_Auklet/Parakeet_Auklet_0047_795956.jpg,7,6,007.Parakeet_Auklet,129,128,horizontal_flip,horizontal_flip,0,"{""flipped"":true}",5.7313366,5.6493711,-0.081965446,0.0032427409,0.0035197288,0.03226392,0.024624677,-0.029021179,-0.021104949,0.0079162302,0.65253122,1.0087563,56.226487,56.718821,False,0.95813191,False,False,False,0.65253122,1.0087563,56.226487,56.718821,0.53082409,1.0488267,46.493012,48.763112,0.95801966,0.91615312,31.619894,28.968665,0.43253325,1.3151149,7.1336907,9.3816233,0.29869059,1.2954972,15.84125,20.522295,0.5165753,1.1170808,20.795594,23.23036,0.43305908,1.0376678,20.486819,21.258512,0.67998981,0.93299146,31.742699,29.615667
init,init,-1,,345,007.Parakeet_Auklet/Parakeet_Auklet_0047_795956.jpg,7,6,007.Parakeet_Auklet,129,128,color_jitter,color_jitter,0,"{""brightness"":0.666193,""contrast"":1.323208,""hue"":0.054369,""saturation"":0.831128}",5.7313366,5.8692284,0.13789177,0.0032427409,0.0028250529,0.03226392,0.02327181,-0.029021179,-0.020446757,0.0085744215,0.83088683,1.0938104,56.226487,61.501116,False,0.96285576,False,False,False,0.83088683,1.0938104,56.226487,61.501116,0.78300226,1.1479019,46.493012,53.369416,0.9626818,0.96657277,31.619894,30.562929,0.55921627,1.4438667,7.1336907,10.300099,0.7033625,1.3986823,15.84125,22.156876,0.82489744,1.2853429,20.795594,26.729469,0.73209946,1.0833307,20.486819,22.194001,0.84182384,1.0180187,31.742699,32.31466
init,init,-1,,345,007.Parakeet_Auklet/Parakeet_Auklet_0047_795956.jpg,7,6,007.Parakeet_Auklet,129,128,rotation,rotation,0,"{""angle"":-3.760086}",5.7313366,5.8352909,0.10395432,0.0032427409,0.002922572,0.03226392,0.035608094,-0.029021179,-0.032685522,-0.0036643434,0.78895408,1.1140145,56.226487,62.63712,False,0.96415097,True,False,False,0.78895408,1.1140145,56.226487,62.63712,0.71890394,1.1539948,46.493012,53.652693,0.9640351,1.0222465,31.619894,32.323325,0.60054145,1.1548798,7.1336907,8.2385553,0.50704664,1.283582,15.84125,20.333543,0.72122003,1.2138283,20.795594,25.24228,0.66033125,1.1333236,20.486819,23.218194,0.81318944,1.1008265,31.742699,34.943204
init,init,-1,,345,007.Parakeet_Auklet/Parakeet_Auklet_0047_795956.jpg,7,6,007.Parakeet_Auklet,129,128,random_resized_crop,random_resized_crop,0,"{""area_fraction"":0.520532,""aspect"":0.977667,""fallback"":false,""height"":0.729673,""left"":0.049947,""top"":0.267107,""width"":0.713377}",5.7313366,5.6416707,-0.08966589,0.0032427409,0.0035469376,0.03226392,0.050308622,-0.029021179,-0.046761685,-0.017740506,0.68313246,1.1024884,56.226487,61.989049,False,0.91952181,True,False,False,0.68313246,1.1024884,56.226487,61.989049,0.59741973,1.1647318,46.493012,54.151891,0.9192095,0.95413881,31.619894,30.169768,0.68044797,1.0780993,7.1336907,7.6908272,0.56878731,1.2966059,15.84125,20.539857,0.60011998,1.4124444,20.795594,29.372621,0.45899881,1.0669984,20.486819,21.859402,0.67072697,1.0499672,31.742699,33.328793
init,init,-1,,345,007.Parakeet_Auklet/Parakeet_Auklet_0047_795956.jpg,7,6,007.Parakeet_Auklet,129,128,gaussian_blur,gaussian_blur,0,"{""sigma"":1.803179}",5.7313366,5.7374635,0.0061268806,0.0032427409,0.003222933,0.03226392,0.018408824,-0.029021179,-0.015185891,0.013835288,0.58102039,1.1529817,56.226487,64.82811,False,0.85563087,False,False,False,0.58102039,1.1529817,56.226487,64.82811,0.51424311,1.2801642,46.493012,59.518688,0.85522775,0.81260689,31.619894,25.694544,0.36968808,1.6106338,7.1336907,11.489763,0.45710709,1.8295605,15.84125,28.982524,0.54555358,1.5630405,20.795594,32.504356,0.45754133,1.1855142,20.486819,24.287415,0.6077374,0.95764932,31.742699,30.398374
init,init,-1,,345,007.Parakeet_Auklet/Parakeet_Auklet_0047_795956.jpg,7,6,007.Parakeet_Auklet,129,128,random_erasing,random_erasing,0,"{""area_fraction"":0.068584,""erased"":true,""height"":0.237375,""left"":0.417237,""top"":0.666858,""width"":0.288927}",5.7313366,5.6586885,-0.072648048,0.0032427409,0.0034870864,0.03226392,0.034379486,-0.029021179,-0.0308924,-0.0018712208,0.80439035,1.063572,56.226487,59.800916,False,0.94531202,True,False,False,0.80439035,1.063572,56.226487,59.800916,0.74478062,1.088185,46.493012,50.592998,0.94511242,1.0083072,31.619894,31.882567,0.67871959,1.171882,7.1336907,8.3598437,0.68153414,1.2383795,15.84125,19.617479,0.69277777,1.0702882,20.795594,22.257278,0.719056,1.0931537,20.486819,22.395242,0.80356952,1.0486323,31.742699,33.28642
init,init,-1,,9955,170.Mourning_Warbler/Mourning_Warbler_0008_166467.jpg,170,169,170.Mourning_Warbler,129,128,identity,identity,0,{},6.5004206,6.5004206,0,0.0015028069,0.0015028069,0.041762706,0.041762706,-0.040259899,-0.040259899,0,1,1,68.028619,68.028619,False,0.99999994,True,False,False,1,1,68.028619,68.028619,1,1,61.908235,61.908235,1,1,28.200415,28.200415,1,1,9.3085828,9.3085828,1,1,26.226428,26.226428,1,1,31.557589,31.557589,1,1,28.351392,28.351392,1,1,35.474943,35.474943
init,init,-1,,9955,170.Mourning_Warbler/Mourning_Warbler_0008_166467.jpg,170,169,170.Mourning_Warbler,129,128,horizontal_flip,horizontal_flip,0,"{""flipped"":true}",6.5004206,6.1365471,-0.36387348,0.0015028069,0.0021623769,0.041762706,0.054848772,-0.040259899,-0.052686395,-0.012426496,0.65956584,0.90857561,68.028619,61.809144,False,0.94425273,True,False,False,0.65956584,0.90857561,68.028619,61.809144,0.59553445,0.89375623,61.908235,55.330871,0.94403015,0.97684748,28.200415,27.547504,0.082275659,0.95876103,9.3085828,8.9247064,0.67240651,0.84160195,26.226428,22.072213,0.59057993,0.8848579,31.557589,27.923981,0.50892037,0.88199863,28.351392,25.005889,0.65128652,0.93050271,35.474943,33.00953
init,init,-1,,9955,170.Mourning_Warbler/Mourning_Warbler_0008_166467.jpg,170,169,170.Mourning_Warbler,129,128,color_jitter,color_jitter,0,"{""brightness"":0.99608,""contrast"":1.001125,""hue"":-0.034681,""saturation"":1.065011}",6.5004206,6.5234056,0.022984982,0.0015028069,0.001468659,0.041762706,0.044405144,-0.040259899,-0.042936485,-0.0026765857,0.85999953,0.99858602,68.028619,67.932428,False,0.96936816,True,False,False,0.85999953,0.99858602,68.028619,67.932428,0.83613472,0.98672876,61.908235,61.086636,0.96921058,1.0538609,28.200415,29.719315,0.66274652,0.92893948,9.3085828,8.6471101,0.77074788,0.94975043,26.226428,24.908561,0.85333408,0.97995306,31.557589,30.924956,0.81914734,0.9844153,28.351392,27.909544,0.87861042,1.0167849,35.474943,36.070385
init,init,-1,,9955,170.Mourning_Warbler/Mourning_Warbler_0008_166467.jpg,170,169,170.Mourning_Warbler,129,128,rotation,rotation,0,"{""angle"":-12.522956}",6.5004206,6.4987459,-0.0016746521,0.0015028069,0.0015053261,0.041762706,0.044241339,-0.040259899,-0.042736013,-0.0024761138,0.55057525,0.84526106,68.028619,57.501942,False,0.89316082,True,False,False,0.55057525,0.84526106,68.028619,57.501942,0.46885991,0.8198605,61.908235,50.756117,0.89290125,0.95827946,28.200415,27.023879,0.17825615,0.9259725,9.3085828,8.6194917,0.48943707,0.76162948,26.226428,19.97482,0.33129091,0.75427565,31.557589,23.803121,0.40880508,0.82976167,28.351392,23.524898,0.61235448,0.8837504,35.474943,31.350995
init,init,-1,,9955,170.Mourning_Warbler/Mourning_Warbler_0008_166467.jpg,170,169,170.Mourning_Warbler,129,128,random_resized_crop,random_resized_crop,0,"{""area_fraction"":0.750514,""aspect"":0.810502,""fallback"":false,""height"":0.962282,""left"":0.177728,""top"":0.012382,""width"":0.779931}",6.5004206,6.5034227,0.0030021667,0.0015028069,0.0014983023,0.041762706,0.021258431,-0.040259899,-0.019760128,0.020499771,0.69338791,0.86662089,68.028619,58.955022,False,0.90910208,False,False,False,0.69338791,0.86662089,68.028619,58.955022,0.64653557,0.85883641,61.908235,53.169047,0.9088164,0.90319645,28.200415,25.470515,0.40568237,0.78676456,9.3085828,7.323663,0.68188065,0.82953691,26.226428,21.75579,0.68794753,0.8984873,31.557589,28.354092,0.57734803,0.86404869,28.351392,24.496983,0.65439642,0.8437579,35.474943,29.932263
init,init,-1,,9955,170.Mourning_Warbler/Mourning_Warbler_0008_166467.jpg,170,169,170.Mourning_Warbler,129,128,gaussian_blur,gaussian_blur,0,"{""sigma"":1.172648}",6.5004206,6.4937496,-0.0066709518,0.0015028069,0.0015128655,0.041762706,0.027898367,-0.040259899,-0.026385502,0.013874397,0.64234999,0.85019681,68.028619,57.837715,False,0.92799163,True,False,False,0.64234999,0.85019681,68.028619,57.837715,0.5823261,0.84820983,61.908235,52.511174,0.9278035,0.8597083,28.200415,24.244131,0.51374262,1.2197605,9.3085828,11.354241,0.41783665,0.87409742,26.226428,22.924453,0.55456501,0.87064509,31.557589,27.475459,0.5896324,0.84149078,28.351392,23.857435,0.71500014,0.78671608,35.474943,27.908708
init,init,-1,,9955,170.Mourning_Warbler/Mourning_Warbler_0008_166467.jpg,170,169,170.Mourning_Warbler,129,128,random_erasing,random_erasing,0,"{""area_fraction"":0.105663,""erased"":true,""height"":0.194245,""left"":0.404531,""top"":0.500019,""width"":0.543967}",6.5004206,6.4973273,-0.0030932426,0.0015028069,0.0015074626,0.041762706,0.054452777,-0.040259899,-0.052945314,-0.012685415,0.78184314,0.96200179,68.028619,65.443654,False,0.95752168,True,False,False,0.78184314,0.96200179,68.028619,65.443654,0.74429976,0.95652914,61.908235,59.217031,0.95735844,0.98795125,28.200415,27.860635,0.43370683,0.9205168,9.3085828,8.5687069,0.71026343,0.9007612,26.226428,23.623749,0.72337567,0.94548979,31.557589,29.837378,0.70510919,0.98039789,28.351392,27.795645,0.82352299,0.98147845,35.474943,34.817892
init,init,-1,,7995,137.Cliff_Swallow/Cliff_Swallow_0044_133927.jpg,137,136,137.Cliff_Swallow,129,128,identity,identity,0,{},5.996418,5.996418,0,0.0024876469,0.0024876469,0.047431279,0.047431279,-0.044943632,-0.044943632,0,1,1,64.94553,64.94553,False,1,True,False,False,1,1,64.94553,64.94553,1,1,55.880468,55.880468,1,1,33.095244,33.095244,1,1,7.6053566,7.6053566,1,1,20.560089,20.560089,1,1,25.618068,25.618068,1,1,23.735427,23.735427,1,1,37.714879,37.714879
init,init,-1,,7995,137.Cliff_Swallow/Cliff_Swallow_0044_133927.jpg,137,136,137.Cliff_Swallow,129,128,horizontal_flip,horizontal_flip,0,"{""flipped"":true}",5.996418,6.0076981,0.01128006,0.0024876469,0.0024597442,0.047431279,0.054225501,-0.044943632,-0.051765756,-0.0068221244,0.6382359,1.0296026,64.94553,66.868089,False,0.96414244,True,False,False,0.6382359,1.0296026,64.94553,66.868089,0.52474772,1.031331,55.880468,57.631257,0.96390115,1.0246593,33.095244,33.911348,-0.075668744,1.675749,7.6053566,12.744668,0.33880318,0.98979766,20.560089,20.350328,0.45911493,1.0583987,25.618068,27.114131,0.42606553,1.0246247,23.735427,24.319904,0.69750501,0.99850615,37.714879,37.658539
init,init,-1,,7995,137.Cliff_Swallow/Cliff_Swallow_0044_133927.jpg,137,136,137.Cliff_Swallow,129,128,color_jitter,color_jitter,0,"{""brightness"":0.652126,""contrast"":1.00219,""hue"":0.01277,""saturation"":0.794186}",5.996418,6.2955761,0.2991581,0.0024876469,0.0018444459,0.047431279,0.059886366,-0.044943632,-0.05804192,-0.013098288,0.86906517,0.95864473,64.94553,62.25969,False,0.97944093,True,False,False,0.86906517,0.95864473,64.94553,62.25969,0.82984907,0.9548845,55.880468,53.359393,0.9792789,0.96928486,33.095244,32.078718,0.33860099,1.2351859,7.6053566,9.3940296,0.71663393,1.0431669,20.560089,21.447604,0.8265157,0.88352553,25.618068,22.634217,0.80784483,0.895076,23.735427,21.245011,0.90524232,0.96890188,37.714879,36.542017
init,init,-1,,7995,137.Cliff_Swallow/Cliff_Swallow_0044_133927.jpg,137,136,137.Cliff_Swallow,129,128,rotation,rotation,0,"{""angle"":-3.634044}",5.996418,5.9357452,-0.06067276,0.0024876469,0.002643252,0.047431279,0.037439428,-0.044943632,-0.034796176,0.010147456,0.70008263,0.93942911,64.94553,61.011721,False,0.92131287,True,False,False,0.70008263,0.93942911,64.94553,61.011721,0.63093677,0.96258411,55.880468,53.789651,0.92089899,0.87003922,33.095244,28.79416,0.5318139,2.0383143,7.6053566,15.502107,0.54426791,1.036675,20.560089,21.314131,0.56846277,0.89751308,25.618068,22.992551,0.54995684,0.96540339,23.735427,22.914262,0.75326224,0.89720087,37.714879,33.837822
init,init,-1,,7995,137.Cliff_Swallow/Cliff_Swallow_0044_133927.jpg,137,136,137.Cliff_Swallow,129,128,random_resized_crop,random_resized_crop,0,"{""area_fraction"":0.709159,""aspect"":0.963938,""fallback"":false,""height"":0.857724,""left"":0.126856,""top"":0.050425,""width"":0.826792}",5.996418,5.956089,-0.040328979,0.0024876469,0.0025900223,0.047431279,0.049739074,-0.044943632,-0.047149052,-0.0022054196,0.72433186,1.019385,64.94553,66.204501,False,0.95855904,True,False,False,0.72433186,1.019385,64.94553,66.204501,0.64920005,1.0397699,55.880468,58.10283,0.95838951,0.95889287,33.095244,31.734793,0.23413069,2.1405517,7.6053566,16.279659,0.43553359,1.1636683,20.560089,23.925124,0.68270924,0.96379415,25.618068,24.690544,0.57093875,0.97313906,23.735427,23.097871,0.79482094,0.99044703,37.714879,37.35459
init,init,-1,,7995,137.Cliff_Swallow/Cliff_Swallow_0044_133927.jpg,137,136,137.Cliff_Swallow,129,128,gaussian_blur,gaussian_blur,0,"{""sigma"":1.840743}",5.996418,5.8725939,-0.12382412,0.0024876469,0.0028155604,0.047431279,0.015928788,-0.044943632,-0.013113228,0.031830404,0.56303904,0.96954996,64.94553,62.967936,False,0.86695009,False,False,False,0.56303904,0.96954996,64.94553,62.967936,0.47008179,0.99815023,55.880468,55.777102,0.86586889,0.88294121,33.095244,29.221154,0.077289211,1.8850901,7.6053566,14.336782,0.24063227,1.1309952,20.560089,23.253363,0.45755403,0.9723425,25.618068,24.909537,0.39234063,0.97809571,23.735427,23.215519,0.63657176,0.92055307,37.714879,34.718548
init,init,-1,,7995,137.Cliff_Swallow/Cliff_Swallow_0044_133927.jpg,137,136,137.Cliff_Swallow,129,128,random_erasing,random_erasing,0,"{""area_fraction"":0.133331,""erased"":true,""height"":0.262684,""left"":0.120867,""top"":0.510679,""width"":0.507571}",5.996418,5.9198856,-0.076532364,0.0024876469,0.002685508,0.047431279,0.030513244,-0.044943632,-0.027827736,0.017115896,0.80398087,0.94469542,64.94553,61.353745,False,0.92242646,True,False,False,0.80398087,0.94469542,64.94553,61.353745,0.76054416,0.93064659,55.880468,52.004967,0.92204387,0.98364703,33.095244,32.554038,0.36133186,1.1212781,7.6053566,8.5277199,0.71310737,0.96631377,20.560089,19.867498,0.78906685,0.88209757,25.618068,22.597636,0.72953595,0.91612867,23.735427,21.744705,0.79541024,0.93878331,37.714879,35.406099
init,init,-1,,7867,135.Bank_Swallow/Bank_Swallow_0015_129853.jpg,135,134,135.Bank_Swallow,129,128,identity,identity,0,{},6.0878339,6.0878339,0,0.0022703214,0.0022703214,0.059428867,0.059428867,-0.057158546,-0.057158546,0,1,1,59.66121,59.66121,False,1.0000001,True,False,False,1,1,59.66121,59.66121,1,1,49.872973,49.872973,1,1,32.743649,32.743649,1,1,8.3736976,8.3736976,1,1,24.453622,24.453622,1,1,20.918514,20.918514,1,1,19.8526,19.8526,1,1,31.424594,31.424594
init,init,-1,,7867,135.Bank_Swallow/Bank_Swallow_0015_129853.jpg,135,134,135.Bank_Swallow,129,128,horizontal_flip,horizontal_flip,0,"{""flipped"":true}",6.0878339,5.5767045,-0.51112938,0.0022703214,0.0037850186,0.059428867,0.042727884,-0.057158546,-0.038942865,0.01821568,0.66439805,0.8523929,59.66121,50.854792,False,0.96200144,True,False,False,0.66439805,0.8523929,59.66121,50.854792,0.53502208,0.84996241,49.872973,42.390153,0.96174938,0.85800497,32.743649,28.094213,0.14342322,0.76762684,8.3736976,6.427875,0.35722279,0.65095558,24.453622,15.918222,0.49090383,0.88517013,20.918514,18.516444,0.44727986,0.91893846,19.8526,18.243317,0.69975622,0.91487627,31.424594,28.749615
init,init,-1,,7867,135.Bank_Swallow/Bank_Swallow_0015_129853.jpg,135,134,135.Bank_Swallow,129,128,color_jitter,color_jitter,0,"{""brightness"":0.736237,""contrast"":1.082094,""hue"":0.082696,""saturation"":0.955616}",6.0878339,5.650393,-0.43744087,0.0022703214,0.0035161346,0.059428867,0.035376653,-0.057158546,-0.031860519,0.025298027,0.74874208,0.94977055,59.66121,56.66446,False,0.95982242,True,False,False,0.74874208,0.94977055,59.66121,56.66446,0.66079054,0.95845151,49.872973,47.800827,0.95943211,0.92931902,32.743649,30.429296,0.14110751,1.2107914,8.3736976,10.138801,0.54115821,0.85205593,24.453622,20.835854,0.67698635,1.1013346,20.918514,23.038284,0.60002732,0.95988339,19.8526,19.056181,0.79960613,0.92999851,31.424594,29.224825
init,init,-1,,7867,135.Bank_Swallow/Bank_Swallow_0015_129853.jpg,135,134,135.Bank_Swallow,129,128,rotation,rotation,0,"{""angle"":-10.973012}",6.0878339,6.1361246,0.04829073,0.0022703214,0.0021632914,0.059428867,0.072653778,-0.057158546,-0.070490486,-0.013331941,0.7528728,1.1103255,59.66121,66.243363,False,0.93729162,True,False,False,0.7528728,1.1103255,59.66121,66.243363,0.6695095,1.0915993,49.872973,54.441305,0.93680029,1.152598,32.743649,37.740263,0.68640052,1.0819841,8.3736976,9.0602079,0.7532903,0.97811552,24.453622,23.918468,0.62901231,1.2068397,20.918514,25.245294,0.53946461,1.1238514,19.8526,22.311372,0.70012832,1.0906029,31.424594,34.271752
init,init,-1,,7867,135.Bank_Swallow/Bank_Swallow_0015_129853.jpg,135,134,135.Bank_Swallow,129,128,random_resized_crop,random_resized_crop,0,"{""area_fraction"":0.639915,""aspect"":1.275674,""fallback"":false,""height"":0.708258,""left"":0.023753,""top"":0.156135,""width"":0.903506}",6.0878339,5.9240413,-0.16379261,0.0022703214,0.0026743703,0.059428867,0.069605038,-0.057158546,-0.066930667,-0.0097721217,0.74276762,0.98970864,59.66121,59.047215,False,0.96136314,True,False,False,0.74276762,0.98970864,59.66121,59.047215,0.65698856,1.013721,49.872973,50.55728,0.96120483,0.93162106,32.743649,30.504673,0.1992591,1.2596587,8.3736976,10.548001,0.6803617,1.0552314,24.453622,25.804231,0.68523441,1.0731264,20.918514,22.44821,0.5353042,1.0064297,19.8526,19.980247,0.72640776,0.94173715,31.424594,29.593707
init,init,-1,,7867,135.Bank_Swallow/Bank_Swallow_0015_129853.jpg,135,134,135.Bank_Swallow,129,128,gaussian_blur,gaussian_blur,0,"{""sigma"":1.02816}",6.0878339,5.9870548,-0.10077906,0.0022703214,0.002511048,0.059428867,0.068407021,-0.057158546,-0.065895973,-0.0087374279,0.77076655,1.0470979,59.66121,62.471128,False,0.94581574,True,False,False,0.77076655,1.0470979,59.66121,62.471128,0.69850763,1.0591612,49.872973,52.823521,0.94550094,1.0185616,32.743649,33.351424,0.42315039,0.80569484,8.3736976,6.7466449,0.75326915,0.94900338,24.453622,23.20657,0.71624056,1.1868906,20.918514,24.827987,0.57179134,1.087135,19.8526,21.582457,0.73259898,1.0668895,31.424594,33.526569
init,init,-1,,7867,135.Bank_Swallow/Bank_Swallow_0015_129853.jpg,135,134,135.Bank_Swallow,129,128,random_erasing,random_erasing,0,"{""area_fraction"":0.143796,""erased"":true,""height"":0.275193,""left"":0.447431,""top"":0.01032,""width"":0.522527}",6.0878339,5.790987,-0.29684687,0.0022703214,0.003054966,0.059428867,0.049045175,-0.057158546,-0.045990209,0.011168336,0.80494382,1.0906467,59.66121,65.069303,False,0.96147811,True,False,False,0.80494382,1.0906467,59.66121,65.069303,0.74328496,1.1150724,49.872973,55.611978,0.96127516,1.0317561,32.743649,33.783459,0.44353336,1.2667103,8.3736976,10.607049,0.83691696,1.1823182,24.453622,28.911964,0.7491157,1.1948841,20.918514,24.9952,0.59924872,1.0550407,19.8526,20.9453,0.76426378,1.0461792,31.424594,32.875756
init,init,-1,,2741,048.European_Goldfinch/European_Goldfinch_0100_794685.jpg,48,47,048.European_Goldfinch,86,85,identity,identity,0,{},5.5751381,5.5751381,0,0.003790952,0.003790952,0.01977722,0.01977722,-0.015986268,-0.015986268,0,1,1,43.13925,43.13925,False,1,True,False,False,1,1,43.13925,43.13925,1,1,36.323592,36.323592,1,1,23.272121,23.272121,1,1,9.7061676,9.7061676,1,1,12.041161,12.041161,1,1,16.259939,16.259939,1,1,15.446439,15.446439,1,1,24.025528,24.025528
init,init,-1,,2741,048.European_Goldfinch/European_Goldfinch_0100_794685.jpg,48,47,048.European_Goldfinch,86,85,horizontal_flip,horizontal_flip,0,"{""flipped"":true}",5.5751381,5.9640756,0.38893747,0.003790952,0.0025694189,0.01977722,0.014519783,-0.015986268,-0.011950364,0.0040359038,0.69070048,1.0312949,43.13925,44.48929,False,0.95533472,False,False,False,0.69070048,1.0312949,43.13925,44.48929,0.58772198,1.0461079,36.323592,37.998395,0.95528946,0.99428508,23.272121,23.139122,0.72513855,0.8775248,9.7061676,8.5174028,0.4741463,1.1085161,12.041161,13.347821,0.62643246,1.0792557,16.259939,17.548632,0.44174062,1.0244214,15.446439,15.823662,0.64149968,1.0487066,24.025528,25.195729
init,init,-1,,2741,048.European_Goldfinch/European_Goldfinch_0100_794685.jpg,48,47,048.European_Goldfinch,86,85,color_jitter,color_jitter,0,"{""brightness"":0.847625,""contrast"":1.030867,""hue"":0.082629,""saturation"":1.288417}",5.5751381,5.5291691,-0.045969009,0.003790952,0.0039692856,0.01977722,0.016179198,-0.015986268,-0.012209913,0.0037763549,0.79339871,1.1229605,43.13925,48.443675,False,0.94921112,False,False,False,0.79339871,1.1229605,43.13925,48.443675,0.73531747,1.1488398,36.323592,41.729986,0.94913634,1.0572665,23.272121,24.604834,0.83195821,1.3883295,9.7061676,13.475359,0.74628018,1.3914703,12.041161,16.754918,0.72566785,1.1528828,16.259939,18.745803,0.67908402,1.1299071,15.446439,17.45304,0.75194172,1.0389482,24.025528,24.961279
init,init,-1,,2741,048.European_Goldfinch/European_Goldfinch_0100_794685.jpg,48,47,048.European_Goldfinch,86,85,rotation,rotation,0,"{""angle"":-3.132641}",5.5751381,5.6052656,0.030127525,0.003790952,0.0036784429,0.01977722,0.016366066,-0.015986268,-0.012687624,0.0032986442,0.83409267,0.98601671,43.13925,42.536022,False,0.97832739,False,False,False,0.83409267,0.98601671,43.13925,42.536022,0.77149742,0.9669479,36.323592,35.123021,0.97830485,1.0309962,23.272121,23.993469,0.79218133,0.79196475,9.7061676,7.6869427,0.65716819,1.0181898,12.041161,12.260187,0.76098212,0.96346632,16.259939,15.665903,0.69402528,0.91908424,15.446439,14.196578,0.835207,1.0000311,24.025528,24.026276
init,init,-1,,2741,048.European_Goldfinch/European_Goldfinch_0100_794685.jpg,48,47,048.European_Goldfinch,86,85,random_resized_crop,random_resized_crop,0,"{""area_fraction"":0.551037,""aspect"":0.954111,""fallback"":false,""height"":0.759961,""left"":0.181181,""top"":0.065355,""width"":0.725087}",5.5751381,6.0966015,0.52146339,0.003790952,0.0022505037,0.01977722,0.019913446,-0.015986268,-0.017662942,-0.0016766747,0.72318074,1.0895236,43.13925,47.001232,False,0.94730198,True,False,False,0.72318074,1.0895236,43.13925,47.001232,0.63000007,1.0852992,36.323592,39.421965,0.94724611,1.099747,23.272121,25.593446,0.55434873,0.68151728,9.7061676,6.6149209,0.50398989,1.0142336,12.041161,12.212551,0.67973738,1.038366,16.259939,16.883768,0.49353704,1.1194525,15.446439,17.291555,0.70770622,1.1603083,24.025528,27.87702
init,init,-1,,2741,048.European_Goldfinch/European_Goldfinch_0100_794685.jpg,48,47,048.European_Goldfinch,86,85,gaussian_blur,gaussian_blur,0,"{""sigma"":1.567244}",5.5751381,6.0968566,0.5217185,0.003790952,0.0022499289,0.01977722,0.015965139,-0.015986268,-0.013715211,0.0022710571,0.70744349,1.2171109,43.13925,52.505253,False,0.93106794,False,False,False,0.70744349,1.2171109,43.13925,52.505253,0.62385618,1.2457883,36.323592,45.251507,0.93100398,1.1442439,23.272121,26.628982,0.56553858,1.0346483,9.7061676,10.04247,0.4765172,1.1244651,12.041161,13.539865,0.68790479,1.4852432,16.259939,24.149963,0.52414895,1.2559506,15.446439,19.399964,0.68322692,1.1801548,24.025528,28.353842
init,init,-1,,2741,048.European_Goldfinch/European_Goldfinch_0100_794685.jpg,48,47,048.European_Goldfinch,86,85,random_erasing,random_erasing,0,"{""area_fraction"":0.165469,""erased"":true,""height"":0.355377,""left"":0.032937,""top"":0.090149,""width"":0.465615}",5.5751381,5.4355302,-0.13960791,0.003790952,0.0043589226,0.01977722,0.020340601,-0.015986268,-0.015981678,4.5893248e-06,0.85333429,1.0603455,43.13925,45.742509,False,0.97029448,True,False,False,0.85333429,1.0603455,43.13925,45.742509,0.80483629,1.0571164,36.323592,38.398263,0.970293,1.0681713,23.272121,24.858611,0.91737088,1.052917,9.7061676,10.219789,0.81164766,1.1498757,12.041161,13.845838,0.81810226,1.0201226,16.259939,16.587131,0.73860499,1.0083639,15.446439,15.575631,0.80632986,1.0697377,24.025528,25.701013
init,init,-1,,213,004.Groove_billed_Ani/Groove_Billed_Ani_0047_1706.jpg,4,3,004.Groove_billed_Ani,129,128,identity,identity,0,{},3.3597066,3.3597066,0,0.034745451,0.034745451,0.018797606,0.018797606,0.015947845,0.015947845,0,1,1,50.238686,50.238686,False,1.0000001,True,True,True,1,1,50.238686,50.238686,1,1,42.648844,42.648844,1,1,26.551868,26.551868,1,1,7.4630232,7.4630232,1,1,13.862095,13.862095,1,1,16.802747,16.802747,1,1,18.982309,18.982309,1,1,30.469808,30.469808
init,init,-1,,213,004.Groove_billed_Ani/Groove_Billed_Ani_0047_1706.jpg,4,3,004.Groove_billed_Ani,129,128,horizontal_flip,horizontal_flip,0,"{""flipped"":true}",3.3597066,3.5809135,0.2212069,0.034745451,0.027850246,0.018797606,0.016609177,0.015947845,0.011241069,-0.0047067758,0.64330806,1.0584857,50.238686,53.176929,False,0.95224571,True,True,True,0.64330806,1.0584857,50.238686,53.176929,0.54480316,1.1042235,42.648844,47.093858,0.95215921,0.93015124,26.551868,24.697253,0.51511985,1.6999453,7.4630232,12.686731,0.29553582,1.2512237,13.862095,17.344582,0.52059339,1.0892921,16.802747,18.3031,0.46397856,1.0913565,18.982309,20.716465,0.65843681,1.0336114,30.469808,31.493941
init,init,-1,,213,004.Groove_billed_Ani/Groove_Billed_Ani_0047_1706.jpg,4,3,004.Groove_billed_Ani,129,128,color_jitter,color_jitter,0,"{""brightness"":0.853999,""contrast"":1.374562,""hue"":0.013893,""saturation"":0.895687}",3.3597066,3.2055864,-0.15412021,0.034745451,0.040535118,0.018797606,0.017365756,0.015947845,0.023169363,0.0072215181,0.84655561,1.0567711,50.238686,53.090793,False,0.96973288,True,True,True,0.84655561,1.0567711,50.238686,53.090793,0.79799109,1.0512117,42.648844,44.832966,0.96964586,1.0709812,26.551868,28.436551,0.50604126,1.0087215,7.4630232,7.5281121,0.58715094,0.95651496,13.862095,13.259301,0.77434516,1.0976967,16.802747,18.44432,0.7996473,1.0669852,18.982309,20.253842,0.86230652,1.0518096,30.469808,32.048435
init,init,-1,,213,004.Groove_billed_Ani/Groove_Billed_Ani_0047_1706.jpg,4,3,004.Groove_billed_Ani,129,128,rotation,rotation,0,"{""angle"":-13.35757}",3.3597066,3.6970949,0.33738828,0.034745451,0.024795458,0.018797606,0.018213341,0.015947845,0.0065821167,-0.0093657281,0.64857729,1.1981134,50.238686,60.191642,False,0.93165827,False,True,False,0.64857729,1.1981134,50.238686,60.191642,0.55719179,1.2467391,42.648844,53.171983,0.93150151,1.0624287,26.551868,28.209466,0.40862341,1.3616628,7.4630232,10.162121,0.38641646,1.3047613,13.862095,18.086725,0.47461206,1.3974037,16.802747,23.48022,0.47375021,1.2759506,18.982309,24.220488,0.67581307,1.1644676,30.469808,35.481103
init,init,-1,,213,004.Groove_billed_Ani/Groove_Billed_Ani_0047_1706.jpg,4,3,004.Groove_billed_Ani,129,128,random_resized_crop,random_resized_crop,0,"{""area_fraction"":0.543035,""aspect"":1.072906,""fallback"":false,""height"":0.711432,""left"":0.149857,""top"":0.168549,""width"":0.763299}",3.3597066,3.7778616,0.41815495,0.034745451,0.022871545,0.018797606,0.020649159,0.015947845,0.0022223853,-0.01372546,0.62048311,1.0656125,50.238686,53.534971,False,0.93434703,True,True,True,0.62048311,1.0656125,50.238686,53.534971,0.51886602,1.108962,42.648844,47.295948,0.934274,0.9446264,26.551868,25.081596,0.58539358,2.0666459,7.4630232,15.423426,0.22624997,1.1655198,13.862095,16.156546,0.42370394,1.1658054,16.802747,19.588733,0.46631928,1.090691,18.982309,20.703833,0.65353148,0.99849864,30.469808,30.424061
init,init,-1,,213,004.Groove_billed_Ani/Groove_Billed_Ani_0047_1706.jpg,4,3,004.Groove_billed_Ani,129,128,gaussian_blur,gaussian_blur,0,"{""sigma"":1.586503}",3.3597066,3.5807347,0.22102809,0.034745451,0.027855223,0.018797606,0.019074162,0.015947845,0.0087810606,-0.0071667843,0.61014921,1.0961183,50.238686,55.067545,False,0.90224308,False,True,False,0.61014921,1.0961183,50.238686,55.067545,0.49728177,1.0968223,42.648844,46.778202,0.90202268,1.0943,26.551868,29.05571,0.38984561,1.1667653,7.4630232,8.7075965,0.088092207,1.306033,13.862095,18.104354,0.44284343,1.2148231,16.802747,20.412366,0.4110777,1.0294408,18.982309,19.541163,0.66918022,1.0305955,30.469808,31.402048
init,init,-1,,213,004.Groove_billed_Ani/Groove_Billed_Ani_0047_1706.jpg,4,3,004.Groove_billed_Ani,129,128,random_erasing,random_erasing,0,"{""area_fraction"":0.083077,""erased"":true,""height"":0.288923,""left"":0.152028,""top"":0.666432,""width"":0.287541}",3.3597066,3.3349857,-0.024720907,0.034745451,0.035615094,0.018797606,0.021573208,0.015947845,0.014041886,-0.0019059591,0.84451555,1.0744868,50.238686,53.980804,False,0.95612764,True,True,True,0.84451555,1.0744868,50.238686,53.980804,0.79994158,1.0638615,42.648844,45.372462,0.95595823,1.1014271,26.551868,29.244946,0.71498863,0.87771459,7.4630232,6.5504044,0.60990046,1.0135699,13.862095,14.050202,0.77722269,1.0504526,16.802747,17.650489,0.79733018,1.0590663,18.982309,20.103523,0.84942462,1.0898073,30.469808,33.206219
init,init,-1,,5874,101.White_Pelican/White_Pelican_0035_96312.jpg,101,100,101.White_Pelican,45,44,identity,identity,0,{},6.9722986,6.9722986,0,0.00093749567,0.00093749567,0.026832525,0.026832525,-0.025895029,-0.025895029,0,1,1,47.916345,47.916345,False,1,True,False,False,1,1,47.916345,47.916345,1,1,37.191259,37.191259,1,1,30.212356,30.212356,1,1,5.7097126,5.7097126,1,1,13.161504,13.161504,1,1,15.154731,15.154731,1,1,15.272763,15.272763,1,1,26.729021,26.729021
init,init,-1,,5874,101.White_Pelican/White_Pelican_0035_96312.jpg,101,100,101.White_Pelican,45,44,horizontal_flip,horizontal_flip,0,"{""flipped"":true}",6.9722986,7.0613766,0.08907795,0.00093749567,0.00085759681,0.026832525,0.0223542,-0.025895029,-0.021496604,0.0043984253,0.70985471,0.97019566,47.916345,46.48823,False,0.97258747,False,False,False,0.70985471,0.97019566,47.916345,46.48823,0.5300563,0.95538259,37.191259,35.531881,0.97249782,0.99222124,30.212356,29.977341,0.35304536,0.74456844,5.7097126,4.2512718,-0.026473736,0.784635,13.161504,10.326976,0.48136151,0.89864497,15.154731,13.618723,0.38350179,0.9408457,15.272763,14.369313,0.70135886,1.0217441,26.729021,27.310218
init,init,-1,,5874,101.White_Pelican/White_Pelican_0035_96312.jpg,101,100,101.White_Pelican,45,44,color_jitter,color_jitter,0,"{""brightness"":1.385088,""contrast"":1.226015,""hue"":-0.031861,""saturation"":0.632963}",6.9722986,7.0087829,0.036484241,0.00093749567,0.00090390811,0.026832525,0.017075958,-0.025895029,-0.01617205,0.0097229794,0.78460468,1.0422744,47.916345,49.941979,False,0.96360964,False,False,False,0.78460468,1.0422744,47.916345,49.941979,0.67273889,1.0625143,37.191259,39.516244,0.96338674,1.0108318,30.212356,30.53961,0.36154073,1.5950903,5.7097126,9.1075071,0.5686032,1.0130536,13.161504,13.333309,0.59348643,0.89674409,15.154731,13.589916,0.61727674,1.1002251,15.272763,16.803477,0.76375813,1.0802874,26.729021,28.875025
init,init,-1,,5874,101.White_Pelican/White_Pelican_0035_96312.jpg,101,100,101.White_Pelican,45,44,rotation,rotation,0,"{""angle"":-12.640239}",6.9722986,7.1860862,0.21378756,0.00093749567,0.00075704622,0.026832525,0.036011256,-0.025895029,-0.03525421,-0.009359181,0.72865972,1.1821379,47.916345,56.643726,False,0.94504833,True,False,False,0.72865972,1.1821379,47.916345,56.643726,0.59646657,1.2143885,37.191259,45.164637,0.94477703,1.1315164,30.212356,34.185776,0.51958544,1.7591184,5.7097126,10.044061,0.36430225,1.0449924,13.161504,13.753671,0.60631795,1.2874846,15.154731,19.511483,0.5179048,1.295418,15.272763,19.784612,0.68247689,1.1698034,26.729021,31.267699
init,init,-1,,5874,101.White_Pelican/White_Pelican_0035_96312.jpg,101,100,101.White_Pelican,45,44,random_resized_crop,random_resized_crop,0,"{""area_fraction"":0.834386,""aspect"":1.174046,""fallback"":false,""height"":0.843026,""left"":0.00729,""top"":0.131467,""width"":0.989751}",6.9722986,6.7115579,-0.26074076,0.00093749567,0.001216767,0.026832525,0.026825389,-0.025895029,-0.025608622,0.00028640713,0.8121002,0.99268132,47.916345,47.565661,False,0.98106992,False,False,False,0.8121002,0.99268132,47.916345,47.565661,0.69938455,0.98821244,37.191259,36.752864,0.98102007,0.99941514,30.212356,30.194686,0.62892195,1.1313056,5.7097126,6.4594299,0.4290573,0.90183442,13.161504,11.869497,0.57922348,0.98176631,15.154731,14.878405,0.6451363,1.0042771,15.272763,15.338085,0.81912462,0.99796802,26.729021,26.674708
init,init,-1,,5874,101.White_Pelican/White_Pelican_0035_96312.jpg,101,100,101.White_Pelican,45,44,gaussian_blur,gaussian_blur,0,"{""sigma"":1.382175}",6.9722986,7.1623359,0.19003725,0.00093749567,0.00077524164,0.026832525,0.01956689,-0.025895029,-0.018791648,0.0071033808,0.78899406,1.1226249,47.916345,53.792083,False,0.95059144,False,False,False,0.78899406,1.1226249,47.916345,53.792083,0.69658008,1.1733396,37.191259,43.637975,0.95038489,1.0410768,30.212356,31.453383,0.63928476,1.2677849,5.7097126,7.2386873,0.62333956,1.1158242,13.161504,14.685925,0.65878572,1.2967297,15.154731,19.65159,0.63304214,1.206373,15.272763,18.424649,0.75540778,1.1289318,26.729021,30.175241
init,init,-1,,5874,101.White_Pelican/White_Pelican_0035_96312.jpg,101,100,101.White_Pelican,45,44,random_erasing,random_erasing,0,"{""area_fraction"":0.125969,""erased"":true,""height"":0.376905,""left"":0.109027,""top"":0.411816,""width"":0.33422}",6.9722986,7.0185957,0.046297073,0.00093749567,0.00089508173,0.026832525,0.020969735,-0.025895029,-0.020074654,0.0058203753,0.81733117,1.1189883,47.916345,53.617829,False,0.9659009,False,False,False,0.81733117,1.1189883,47.916345,53.617829,0.73887368,1.1891374,37.191259,44.225517,0.96580986,1.0033843,30.212356,30.314603,0.58138738,1.4941767,5.7097126,8.5313198,0.73912479,1.2992003,13.161504,17.09943,0.72371169,1.19657,15.154731,18.133697,0.67734446,1.1769608,15.272763,17.975443,0.77634774,1.1462984,26.729021,30.639435
init,init,-1,,11493,196.House_Wren/House_Wren_0087_187946.jpg,196,195,196.House_Wren,129,128,identity,identity,0,{},5.7627945,5.7627945,0,0.0031423194,0.0031423194,0.037314344,0.037314344,-0.034172025,-0.034172025,0,1,1,52.191621,52.191621,False,1.0000001,True,False,False,1,1,52.191621,52.191621,1,1,42.763611,42.763611,1,1,29.920543,29.920543,1,1,4.8692113,4.8692113,1,1,18.397024,18.397024,1,1,15.830606,15.830606,1,1,17.565755,17.565755,1,1,30.123128,30.123128
init,init,-1,,11493,196.House_Wren/House_Wren_0087_187946.jpg,196,195,196.House_Wren,129,128,horizontal_flip,horizontal_flip,0,"{""flipped"":true}",5.7627945,6.1112032,0.3484087,0.0031423194,0.00221788,0.037314344,0.039261982,-0.034172025,-0.037044102,-0.002872077,0.67436104,1.0140522,52.191621,52.92503,False,0.955437,True,False,False,0.67436104,1.0140522,52.191621,52.92503,0.53911149,1.0195618,42.763611,43.600145,0.95534685,1.0027036,29.920543,30.001436,0.47327228,1.0619947,4.8692113,5.1710765,0.43625026,0.85856719,18.397024,15.795081,0.43597442,1.0477079,15.830606,16.585851,0.3965933,1.049341,17.565755,18.432467,0.65143818,1.0549685,30.123128,31.778951
init,init,-1,,11493,196.House_Wren/House_Wren_0087_187946.jpg,196,195,196.House_Wren,129,128,color_jitter,color_jitter,0,"{""brightness"":0.899835,""contrast"":1.301611,""hue"":0.05887,""saturation"":0.632078}",5.7627945,5.9154449,0.15265036,0.0031423194,0.0026974601,0.037314344,0.037619218,-0.034172025,-0.034921758,-0.0007497333,0.87420623,1.0780993,52.191621,56.267748,False,0.9828496,True,False,False,0.87420623,1.0780993,52.191621,56.267748,0.82752234,1.112056,42.763611,47.55553,0.98280332,1.0051764,29.920543,30.075422,0.54532074,1.2068166,4.8692113,5.8762449,0.79639662,1.0600439,18.397024,19.501652,0.76261799,1.2005429,15.830606,19.005322,0.78298183,1.1940145,17.565755,20.973766,0.88666043,1.0734433,30.123128,32.33547
init,init,-1,,11493,196.House_Wren/House_Wren_0087_187946.jpg,196,195,196.House_Wren,129,128,rotation,rotation,0,"{""angle"":4.974361}",5.7627945,5.9345555,0.17176104,0.0031423194,0.002646399,0.037314344,0.037022293,-0.034172025,-0.034375894,-0.00020386884,0.78018577,0.98039069,52.191621,51.168179,False,0.96095836,True,False,False,0.78018577,0.98039069,52.191621,51.168179,0.69436402,0.98957609,42.763611,42.317847,0.96086362,0.96135476,29.920543,28.764256,0.4319393,0.94079658,4.8692113,4.5809373,0.73673319,1.0617297,18.397024,19.532667,0.52995579,1.0430258,15.830606,16.51173,0.57673992,0.95278448,17.565755,16.736379,0.77418773,0.95958894,30.123128,28.90582
init,init,-1,,11493,196.House_Wren/House_Wren_0087_187946.jpg,196,195,196.House_Wren,129,128,random_resized_crop,random_resized_crop,0,"{""area_fraction"":0.875265,""aspect"":0.883861,""fallback"":false,""height"":0.995125,""left"":0.028629,""top"":0.002037,""width"":0.879552}",5.7627945,5.7232504,-0.039544106,0.0031423194,0.0032690689,0.037314344,0.033291806,-0.034172025,-0.030022737,0.0041492882,0.8126523,0.8986715,52.191621,46.903122,False,0.98092687,True,False,False,0.8126523,0.8986715,52.191621,46.903122,0.73465899,0.91303355,42.763611,39.044611,0.98081209,0.86859611,29.920543,25.988867,0.5219059,0.99608248,4.8692113,4.8501361,0.75572252,0.86029326,18.397024,15.826835,0.58641722,0.95116162,15.830606,15.057465,0.61307387,0.93925612,17.565755,16.498743,0.81960012,0.91006845,30.123128,27.414109
init,init,-1,,11493,196.House_Wren/House_Wren_0087_187946.jpg,196,195,196.House_Wren,129,128,gaussian_blur,gaussian_blur,0,"{""sigma"":1.535268}",5.7627945,6.1477051,0.38491058,0.0031423194,0.0021383837,0.037314344,0.032815453,-0.034172025,-0.030677069,0.0034949558,0.68949905,1.1318249,52.191621,59.071776,False,0.93566179,True,False,False,0.68949905,1.1318249,52.191621,59.071776,0.59998361,1.2094834,42.763611,51.721877,0.93545081,0.95373709,29.920543,28.536331,0.25674501,1.5577217,4.8692113,7.5848761,0.62240261,1.4967406,18.397024,27.535572,0.45408267,1.455918,15.830606,23.048065,0.50913571,1.190507,17.565755,20.912155,0.72246781,0.99085535,30.123128,29.847663
init,init,-1,,11493,196.House_Wren/House_Wren_0087_187946.jpg,196,195,196.House_Wren,129,128,random_erasing,random_erasing,0,"{""area_fraction"":0.140668,""erased"":true,""height"":0.621176,""left"":0.477641,""top"":0.207877,""width"":0.226454}",5.7627945,6.4284067,0.66561222,0.0031423194,0.0016150223,0.037314344,0.02988123,-0.034172025,-0.028266207,0.0059058175,0.63137184,1.2092726,52.191621,63.113897,False,0.87847972,True,False,False,0.63137184,1.2092726,52.191621,63.113897,0.51804657,1.2325207,42.763611,52.707034,0.87805234,1.1603366,29.920543,34.717901,0.58420743,1.4016877,4.8692113,6.8251138,0.59575693,1.3193673,18.397024,24.272431,0.44728267,1.3366434,15.830606,21.159875,0.32190007,1.1933175,17.565755,20.961523,0.57518872,1.17612,30.123128,35.428414
init,init,-1,,2334,041.Scissor_tailed_Flycatcher/Scissor_Tailed_Flycatcher_0008_41670.jpg,41,40,041.Scissor_tailed_Flycatcher,129,128,identity,identity,0,{},5.8389273,5.8389273,0,0.0029119649,0.0029119649,0.039213855,0.039213855,-0.03630189,-0.03630189,0,1,1,55.060751,55.060751,False,1,True,False,False,1,1,55.060751,55.060751,1,1,45.376925,45.376925,1,1,31.186873,31.186873,1,1,8.3270253,8.3270253,1,1,13.991474,13.991474,1,1,18.988326,18.988326,1,1,19.733374,19.733374,1,1,32.31102,32.31102
init,init,-1,,2334,041.Scissor_tailed_Flycatcher/Scissor_Tailed_Flycatcher_0008_41670.jpg,41,40,041.Scissor_tailed_Flycatcher,129,128,horizontal_flip,horizontal_flip,0,"{""flipped"":true}",5.8389273,5.6973972,-0.14153004,0.0029119649,0.0033546858,0.039213855,0.037992552,-0.03630189,-0.034637866,0.0016640238,0.65190963,0.8788404,55.060751,48.389613,False,0.95306224,True,False,False,0.65190963,0.8788404,55.060751,48.389613,0.51819289,0.89488589,45.376925,40.60717,0.95288399,0.84386563,31.186873,26.31753,0.080040276,0.7159902,8.3270253,5.9620685,0.22351057,0.92734005,13.991474,12.974854,0.40497938,0.86923316,18.988326,16.505283,0.45855591,0.95751923,19.733374,18.895085,0.66364417,0.88386937,32.31102,28.558721
init,init,-1,,2334,041.Scissor_tailed_Flycatcher/Scissor_Tailed_Flycatcher_0008_41670.jpg,41,40,041.Scissor_tailed_Flycatcher,129,128,color_jitter,color_jitter,0,"{""brightness"":1.281673,""contrast"":0.611256,""hue"":-0.050239,""saturation"":0.747027}",5.8389273,5.7088318,-0.13009548,0.0029119649,0.0033165445,0.039213855,0.044408321,-0.03630189,-0.041091777,-0.004789887,0.80392824,1.0749233,55.060751,59.186086,False,0.96121472,True,False,False,0.80392824,1.0749233,55.060751,59.186086,0.73825326,1.1086154,45.376925,50.305557,0.9610936,0.99985742,31.186873,31.182426,0.64687772,0.83073509,8.3270253,6.9175521,0.55350832,1.1724037,13.991474,16.403656,0.70605138,1.2126391,18.988326,23.025987,0.66444304,1.1296641,19.733374,22.292085,0.82652341,1.0661013,32.31102,34.446822
init,init,-1,,2334,041.Scissor_tailed_Flycatcher/Scissor_Tailed_Flycatcher_0008_41670.jpg,41,40,041.Scissor_tailed_Flycatcher,129,128,rotation,rotation,0,"{""angle"":-13.418278}",5.8389273,5.2301536,-0.60877371,0.0029119649,0.0053527034,0.039213855,0.036519427,-0.03630189,-0.031166723,0.0051351665,0.60310793,1.0356348,55.060751,57.022833,False,0.88457751,True,False,False,0.60310793,1.0356348,55.060751,57.022833,0.46872036,1.0315741,45.376925,46.809661,0.88420569,1.0441794,31.186873,32.56469,0.11593681,0.81454991,8.3270253,6.7827777,0.28910488,1.035273,13.991474,14.484994,0.47793487,1.0027433,18.988326,19.040416,0.36562322,1.119105,19.733374,22.083719,0.56215512,1.0194906,32.31102,32.940783
init,init,-1,,2334,041.Scissor_tailed_Flycatcher/Scissor_Tailed_Flycatcher_0008_41670.jpg,41,40,041.Scissor_tailed_Flycatcher,129,128,random_resized_crop,random_resized_crop,0,"{""area_fraction"":0.507582,""aspect"":0.838102,""fallback"":false,""height"":0.778224,""left"":0.276489,""top"":0.030372,""width"":0.652231}",5.8389273,5.6457362,-0.19319105,0.0029119649,0.003532547,0.039213855,0.04013706,-0.03630189,-0.036604513,-0.00030262303,0.65371509,0.87274535,55.060751,48.054014,False,0.91069633,True,False,False,0.65371509,0.87274535,55.060751,48.054014,0.54382682,0.8970656,45.376925,40.706078,0.91046342,0.818879,31.186873,25.538275,0.63130394,0.72231621,8.3270253,6.0147453,0.32703786,0.85198974,13.991474,11.920592,0.54592257,0.91132874,18.988326,17.304607,0.50574096,1.0509339,19.733374,20.738472,0.6015422,0.8471114,32.31102,27.371034
init,init,-1,,2334,041.Scissor_tailed_Flycatcher/Scissor_Tailed_Flycatcher_0008_41670.jpg,41,40,041.Scissor_tailed_Flycatcher,129,128,gaussian_blur,gaussian_blur,0,"{""sigma"":1.212829}",5.8389273,5.8894053,0.050477982,0.0029119649,0.0027686225,0.039213855,0.038055547,-0.03630189,-0.035286924,0.0010149658,0.72727059,1.1042852,55.060751,60.802772,False,0.93902421,True,False,False,0.72727059,1.1042852,55.060751,60.802772,0.63664036,1.1341505,45.376925,51.46426,0.9388466,1.0382289,31.186873,32.379113,0.44486238,0.87286468,8.3270253,7.2683663,0.29005388,1.1780079,13.991474,16.482066,0.62421488,1.3696335,18.988326,26.007047,0.6143631,1.2003669,19.733374,23.687289,0.74875283,1.0202106,32.31102,32.964045
init,init,-1,,2334,041.Scissor_tailed_Flycatcher/Scissor_Tailed_Flycatcher_0008_41670.jpg,41,40,041.Scissor_tailed_Flycatcher,129,128,random_erasing,random_erasing,0,"{""area_fraction"":0.086727,""erased"":true,""height"":0.219377,""left"":0.147108,""top"":0.359827,""width"":0.395334}",5.8389273,5.9489517,0.11002445,0.0029119649,0.002608574,0.039213855,0.051473532,-0.03630189,-0.048864958,-0.012563068,0.70019932,1.126592,55.060751,62.031005,False,0.91435266,True,False,False,0.70019932,1.126592,55.060751,62.031005,0.60949362,1.1595154,45.376925,52.615244,0.91380174,1.0535031,31.186873,32.855466,0.083995193,0.81653771,8.3270253,6.7993302,0.39008952,1.4160475,13.991474,19.812592,0.67897978,1.1379531,18.988326,21.607824,0.53322831,1.1756441,19.733374,23.199425,0.6969833,1.1263477,32.31102,36.393444
init,init,-1,,409,008.Rhinoceros_Auklet/Rhinoceros_Auklet_0013_797537.jpg,8,7,008.Rhinoceros_Auklet,10,9,identity,identity,0,{},4.4246736,4.4246736,0,0.011978123,0.011978123,0.026865564,0.026865564,-0.014887441,-0.014887441,0,1,1,49.609567,49.609567,False,1.0000001,True,False,False,1,1,49.609567,49.609567,1,1,42.676243,42.676243,1,1,25.295206,25.295206,1,1,10.25018,10.25018,1,1,16.473327,16.473327,1,1,18.719028,18.719028,1,1,17.953762,17.953762,1,1,27.786425,27.786425
init,init,-1,,409,008.Rhinoceros_Auklet/Rhinoceros_Auklet_0013_797537.jpg,8,7,008.Rhinoceros_Auklet,10,9,horizontal_flip,horizontal_flip,0,"{""flipped"":true}",4.4246736,3.9861922,-0.43848133,0.011978123,0.018570293,0.026865564,0.021407913,-0.014887441,-0.0028376207,0.01204982,0.68575216,0.97173112,49.609567,48.20716,False,0.96633101,True,False,False,0.68575216,0.97173112,49.609567,48.20716,0.57996449,0.95164361,42.676243,40.612574,0.96627262,1.0267591,25.295206,25.972084,0.67759095,0.83023477,10.25018,8.5100558,0.33695117,0.81529847,16.473327,13.430678,0.54106376,0.91676079,18.719028,17.160871,0.43561253,0.95211459,17.953762,17.094038,0.71328707,1.0241803,27.786425,28.458309
init,init,-1,,409,008.Rhinoceros_Auklet/Rhinoceros_Auklet_0013_797537.jpg,8,7,008.Rhinoceros_Auklet,10,9,color_jitter,color_jitter,0,"{""brightness"":1.065965,""contrast"":1.113575,""hue"":0.077871,""saturation"":1.057693}",4.4246736,4.2753453,-0.14932823,0.011978123,0.013907246,0.026865564,0.039224375,-0.014887441,-0.025317129,-0.010429688,0.84744461,1.0264222,49.609567,50.920359,False,0.97040111,True,False,False,0.84744461,1.0264222,49.609567,50.920359,0.80680782,1.0400901,42.676243,44.387137,0.97028903,0.98648167,25.295206,24.953257,0.67472107,0.95312298,10.25018,9.7696821,0.73244803,1.0449538,16.473327,17.213865,0.79034935,1.058339,18.719028,19.811077,0.78407292,1.0443427,17.953762,18.74988,0.86714394,1.0395825,27.786425,28.886281
init,init,-1,,409,008.Rhinoceros_Auklet/Rhinoceros_Auklet_0013_797537.jpg,8,7,008.Rhinoceros_Auklet,10,9,rotation,rotation,0,"{""angle"":14.700169}",4.4246736,4.5642042,0.13953066,0.011978123,0.010418168,0.026865564,0.027043054,-0.014887441,-0.016624886,-0.0017374447,0.60090912,1.046154,49.609567,51.899247,False,0.90442121,True,False,False,0.60090912,1.046154,49.609567,51.899247,0.49352504,1.0441293,42.676243,44.559516,0.90432257,1.0518958,25.295206,26.607921,0.08693307,1.0400843,10.25018,10.661052,0.20294141,0.99099523,16.473327,16.324989,0.49938735,0.99082164,18.719028,18.547218,0.4308149,1.0791561,17.953762,19.374911,0.66642167,1.071234,27.786425,29.765764
init,init,-1,,409,008.Rhinoceros_Auklet/Rhinoceros_Auklet_0013_797537.jpg,8,7,008.Rhinoceros_Auklet,10,9,random_resized_crop,random_resized_crop,0,"{""area_fraction"":0.605602,""aspect"":0.973765,""fallback"":false,""height"":0.788618,""left"":0.073897,""top"":0.03434,""width"":0.767928}",4.4246736,4.3017492,-0.12292433,0.011978123,0.013544844,0.026865564,0.027833685,-0.014887441,-0.014288842,0.0005985992,0.71620265,1.058723,49.609567,52.522792,False,0.95078772,True,False,False,0.71620265,1.058723,49.609567,52.522792,0.64049422,1.0790925,42.676243,46.051612,0.95072914,0.9984713,25.295206,25.256537,0.72762908,1.1940617,10.25018,12.239348,0.62951023,1.1044596,16.473327,18.194124,0.63071893,1.169776,18.719028,21.897071,0.48237039,1.0522272,17.953762,18.891437,0.70674352,1.0201761,27.786425,28.347047
init,init,-1,,409,008.Rhinoceros_Auklet/Rhinoceros_Auklet_0013_797537.jpg,8,7,008.Rhinoceros_Auklet,10,9,gaussian_blur,gaussian_blur,0,"{""sigma"":1.436906}",4.4246736,4.4110198,-0.013653755,0.011978123,0.01214279,0.026865564,0.028752172,-0.014887441,-0.016609383,-0.0017219419,0.70993834,1.0659347,49.609567,52.880561,False,0.94524163,True,False,False,0.70993834,1.0659347,49.609567,52.880561,0.63480797,1.0887146,42.676243,46.462248,0.9451896,0.99825254,25.295206,25.251004,0.34676989,0.77697262,10.25018,7.9641092,0.52782935,1.0894441,16.473327,17.946769,0.60740361,1.1454771,18.719028,21.442218,0.56185969,1.0807418,17.953762,19.403381,0.74638707,1.1016141,27.786425,30.609918
init,init,-1,,409,008.Rhinoceros_Auklet/Rhinoceros_Auklet_0013_797537.jpg,8,7,008.Rhinoceros_Auklet,10,9,random_erasing,random_erasing,0,"{""area_fraction"":0.194398,""erased"":true,""height"":0.389746,""left"":0.167401,""top"":0.050466,""width"":0.498781}",4.4246736,4.1136117,-0.31106186,0.011978123,0.016348623,0.026865564,0.0077346214,-0.014887441,0.0086140013,0.023501442,0.62075015,0.90719667,49.609567,45.005634,False,0.87427914,False,False,False,0.62075015,0.90719667,49.609567,45.005634,0.5273348,0.89483271,42.676243,38.188098,0.8740533,0.94150105,25.295206,23.815463,0.36250507,0.97988853,10.25018,10.044034,0.43606742,0.91719948,16.473327,15.109327,0.53250273,0.84852021,18.719028,15.883474,0.41144092,0.796068,17.953762,14.292415,0.62396984,0.93335163,27.786425,25.934505
init,init,-1,,10558,180.Wilson_Warbler/Wilson_Warbler_0010_175750.jpg,180,179,180.Wilson_Warbler,4,3,identity,identity,0,{},5.5824471,5.5824471,0,0.0037633444,0.0037633444,0.018759459,0.018759459,-0.014996115,-0.014996115,0,1,1,37.736483,37.736483,False,0.99999988,True,False,False,1,1,37.736483,37.736483,1,1,30.131735,30.131735,1,1,22.71829,22.71829,1,1,3.2671191,3.2671191,1,1,11.599432,11.599432,1,1,11.860724,11.860724,1,1,12.198238,12.198238,1,1,21.753776,21.753776
init,init,-1,,10558,180.Wilson_Warbler/Wilson_Warbler_0010_175750.jpg,180,179,180.Wilson_Warbler,4,3,horizontal_flip,horizontal_flip,0,"{""flipped"":true}",5.5824471,5.6513448,0.068897724,0.0037633444,0.0035127895,0.018759459,0.015961332,-0.014996115,-0.012448543,0.0025475721,0.71195076,0.962563,37.736483,36.323743,False,0.96401584,False,False,False,0.71195076,0.962563,37.736483,36.323743,0.56857097,0.96232841,30.131735,28.996625,0.96400452,0.96297554,22.71829,21.877158,0.3044505,1.0799741,3.2671191,3.5284041,0.59286885,0.94623492,11.599432,10.975788,0.42771963,0.89874981,11.860724,10.659823,0.42080786,0.96100864,12.198238,11.722612,0.65281074,0.98252844,21.753776,21.373704
init,init,-1,,10558,180.Wilson_Warbler/Wilson_Warbler_0010_175750.jpg,180,179,180.Wilson_Warbler,4,3,color_jitter,color_jitter,0,"{""brightness"":1.257739,""contrast"":0.802853,""hue"":-0.049657,""saturation"":1.119274}",5.5824471,5.6235714,0.041124344,0.0037633444,0.0036117192,0.018759459,0.017246023,-0.014996115,-0.013634304,0.0013618113,0.85639398,1.0315731,37.736483,38.927942,False,0.95467842,False,False,False,0.85639398,1.0315731,37.736483,38.927942,0.80314984,1.0472998,30.131735,31.556961,0.95467429,1.0033098,22.71829,22.793483,0.62092416,1.0970752,3.2671191,3.5842753,0.7566522,0.9370967,11.599432,10.86979,0.77464229,1.0690608,11.860724,12.679835,0.76771398,1.1019976,12.198238,13.442429,0.84118889,1.0516417,21.753776,22.877179
init,init,-1,,10558,180.Wilson_Warbler/Wilson_Warbler_0010_175750.jpg,180,179,180.Wilson_Warbler,4,3,rotation,rotation,0,"{""angle"":13.404096}",5.5824471,5.7802043,0.19775724,0.0037633444,0.0030880854,0.018759459,0.013441027,-0.014996115,-0.010352942,0.0046431732,0.70237274,1.0761016,37.736483,40.608289,False,0.93789172,False,False,False,0.70237274,1.0761016,37.736483,40.608289,0.5737871,1.0909288,30.131735,32.871578,0.93783806,1.0495103,22.71829,23.843081,0.28358078,2.0412918,3.2671191,6.6691435,0.36612588,1.0169392,11.599432,11.795918,0.44585426,1.076936,11.860724,12.773241,0.53359596,1.1002749,12.198238,13.421415,0.6977468,1.0816205,21.753776,23.529331
init,init,-1,,10558,180.Wilson_Warbler/Wilson_Warbler_0010_175750.jpg,180,179,180.Wilson_Warbler,4,3,random_resized_crop,random_resized_crop,0,"{""area_fraction"":0.54371,""aspect"":1.000609,""fallback"":false,""height"":0.737142,""left"":0.108955,""top"":0.065981,""width"":0.737591}",5.5824471,5.559907,-0.022540092,0.0037633444,0.0038491343,0.018759459,0.012458211,-0.014996115,-0.0086090765,0.0063870384,0.71551935,1.1582558,37.736483,43.7085,False,0.94948137,False,False,False,0.71551935,1.1582558,37.736483,43.7085,0.58772036,1.1739644,30.131735,35.373583,0.94939691,1.1300926,22.71829,25.673772,0.43281743,1.2992796,3.2671191,4.2449013,0.52271506,0.99666044,11.599432,11.560695,0.49659401,1.2751064,11.860724,15.123684,0.49037645,1.2447115,12.198238,15.183287,0.67291986,1.1632649,21.753776,25.305404
init,init,-1,,10558,180.Wilson_Warbler/Wilson_Warbler_0010_175750.jpg,180,179,180.Wilson_Warbler,4,3,gaussian_blur,gaussian_blur,0,"{""sigma"":1.787654}",5.5824471,5.675766,0.093318939,0.0037633444,0.0034280412,0.018759459,0.017083181,-0.014996115,-0.01365514,0.0013409751,0.60020554,1.4088524,37.736483,53.165133,False,0.88991749,False,False,False,0.60020554,1.4088524,37.736483,53.165133,0.47692879,1.5195836,30.131735,45.78769,0.88978627,1.1892999,22.71829,27.018861,0.12949348,2.3365488,3.2671191,7.6337834,0.31012556,1.5935836,11.599432,18.484665,0.44938229,1.8987537,11.860724,22.520593,0.43917299,1.6371454,12.198238,19.970289,0.59062833,1.2925111,21.753776,28.116997
init,init,-1,,10558,180.Wilson_Warbler/Wilson_Warbler_0010_175750.jpg,180,179,180.Wilson_Warbler,4,3,random_erasing,random_erasing,0,"{""area_fraction"":0.116935,""erased"":true,""height"":0.391052,""left"":0.476281,""top"":0.161436,""width"":0.299028}",5.5824471,5.4441519,-0.13829517,0.0037633444,0.0043215039,0.018759459,0.017896187,-0.014996115,-0.013574683,0.0014214322,0.61096535,1.3043778,37.736483,49.22263,False,0.8805241,False,False,False,0.61096535,1.3043778,37.736483,49.22263,0.46935177,1.3382454,30.131735,40.323655,0.88036513,1.2425622,22.71829,28.22889,0.37234219,1.7767476,3.2671191,5.8048462,0.52218062,1.1332118,11.599432,13.144614,0.3359147,1.4119816,11.860724,16.747123,0.35755099,1.425602,12.198238,17.389833,0.54197593,1.3296478,21.753776,28.924861
init,init,-1,,9888,168.Kentucky_Warbler/Kentucky_Warbler_0020_795903.jpg,168,167,168.Kentucky_Warbler,129,128,identity,identity,0,{},4.1116819,4.1116819,0,0.016380198,0.016380198,0.019611133,0.019611133,-0.003230935,-0.003230935,0,1,1,41.905693,41.905693,False,1,True,False,False,1,1,41.905693,41.905693,1,1,32.462597,32.462597,1,1,26.500319,26.500319,1,1,7.0429502,7.0429502,1,1,9.7227149,9.7227149,1,1,10.777285,10.777285,1,1,12.581327,12.581327,1,1,25.204091,25.204091
init,init,-1,,9888,168.Kentucky_Warbler/Kentucky_Warbler_0020_795903.jpg,168,167,168.Kentucky_Warbler,129,128,horizontal_flip,horizontal_flip,0,"{""flipped"":true}",4.1116819,4.1165242,0.0048422813,0.016380198,0.016301075,0.019611133,0.012662326,-0.003230935,0.003638749,0.006869684,0.71830247,0.93918369,41.905693,39.357143,False,0.95999396,False,False,False,0.71830247,0.93918369,41.905693,39.357143,0.56434243,0.95503303,32.462597,31.002852,0.9598773,0.9148852,26.500319,24.244749,-0.084963754,0.80839408,7.0429502,5.6934793,0.47378766,0.98572419,9.7227149,9.5839153,0.41269728,1.0342118,10.777285,11.145996,0.3756713,0.95592933,12.581327,12.02686,0.70053785,0.94561648,25.204091,23.833404
init,init,-1,,9888,168.Kentucky_Warbler/Kentucky_Warbler_0020_795903.jpg,168,167,168.Kentucky_Warbler,129,128,color_jitter,color_jitter,0,"{""brightness"":1.003704,""contrast"":0.840652,""hue"":0.003878,""saturation"":1.238137}",4.1116819,4.1176281,0.0059461594,0.016380198,0.016283093,0.019611133,0.021103753,-0.003230935,-0.0048206598,-0.0015897248,0.95296421,1.0371454,41.905693,43.462296,False,0.99694908,True,False,False,0.95296421,1.0371454,41.905693,43.462296,0.92475285,1.0500477,32.462597,34.087276,0.99694074,1.0174772,26.500319,26.963471,0.89989304,0.78699835,7.0429502,5.5427902,0.89894952,1.2292301,9.7227149,11.951454,0.86913553,1.1205949,10.777285,12.076972,0.88746789,1.0677063,12.581327,13.433162,0.95693507,1.0209019,25.204091,25.730905
init,init,-1,,9888,168.Kentucky_Warbler/Kentucky_Warbler_0020_795903.jpg,168,167,168.Kentucky_Warbler,129,128,rotation,rotation,0,"{""angle"":10.677477}",4.1116819,4.1906161,0.078934193,0.016380198,0.015136955,0.019611133,0.016315464,-0.003230935,-0.0011785086,0.0020524263,0.72078101,1.0249315,41.905693,42.950465,False,0.93213934,False,False,False,0.72078101,1.0249315,41.905693,42.950465,0.58966434,1.0514763,32.462597,34.133651,0.93206264,0.98375554,26.500319,26.069835,0.13594794,0.61271635,7.0429502,4.3153308,0.41445801,0.98191586,9.7227149,9.546888,0.45369652,1.05118,10.777285,11.328867,0.46447777,1.1558619,12.581327,14.542277,0.69774144,1.0613041,25.204091,26.749205
init,init,-1,,9888,168.Kentucky_Warbler/Kentucky_Warbler_0020_795903.jpg,168,167,168.Kentucky_Warbler,129,128,random_resized_crop,random_resized_crop,0,"{""area_fraction"":0.544579,""aspect"":0.913095,""fallback"":false,""height"":0.772276,""left"":0.086791,""top"":0.144112,""width"":0.705161}",4.1116819,3.8501666,-0.26151538,0.016380198,0.021276193,0.019611133,0.023720214,-0.003230935,-0.0024440214,0.00078691356,0.6841395,1.1728569,41.905693,49.149381,False,0.94575614,True,False,False,0.6841395,1.1728569,41.905693,49.149381,0.52663523,1.2152451,32.462597,39.450013,0.94566937,1.106206,26.500319,29.314811,0.20010011,1.0711754,7.0429502,7.5442349,0.2851091,1.3278548,9.7227149,12.910353,0.35107068,1.5235211,10.777285,16.419422,0.3420503,1.2083137,12.581327,15.202191,0.68840317,1.1444383,25.204091,28.844528
init,init,-1,,9888,168.Kentucky_Warbler/Kentucky_Warbler_0020_795903.jpg,168,167,168.Kentucky_Warbler,129,128,gaussian_blur,gaussian_blur,0,"{""sigma"":1.698196}",4.1116819,4.0182118,-0.093470097,0.016380198,0.017985102,0.019611133,0.01231386,-0.003230935,0.0056712413,0.0089021763,0.68100987,1.1778053,41.905693,49.356746,False,0.92458534,False,False,False,0.68100987,1.1778053,41.905693,49.356746,0.53520978,1.22216,32.462597,39.674488,0.92440157,1.1079201,26.500319,29.360235,0.15567428,0.62080811,7.0429502,4.3723206,0.39870601,1.1876573,9.7227149,11.547254,0.29176885,1.4289073,10.777285,15.399742,0.41900546,1.3071458,12.581327,16.44563,0.66227444,1.1995037,25.204091,30.232399
init,init,-1,,9888,168.Kentucky_Warbler/Kentucky_Warbler_0020_795903.jpg,168,167,168.Kentucky_Warbler,129,128,random_erasing,random_erasing,0,"{""area_fraction"":0.065433,""erased"":true,""height"":0.163437,""left"":0.405099,""top"":0.430195,""width"":0.400358}",4.1116819,4.287508,0.17582607,0.016380198,0.01373912,0.019611133,0.016478479,-0.003230935,-0.0027393587,0.00049157627,0.76477167,0.97153549,41.905693,40.712868,False,0.96224898,False,False,False,0.76477167,0.97153549,41.905693,40.712868,0.6299979,0.9617604,32.462597,31.221241,0.96217764,0.98602215,26.500319,26.129901,0.55000831,0.60745953,7.0429502,4.2783073,0.43532477,0.97698095,9.7227149,9.4989072,0.31330225,0.95365169,10.777285,10.277776,0.43160738,0.93404194,12.581327,11.751488,0.76843382,0.98991871,25.204091,24.950001
init,init,-1,,11206,191.Red_headed_Woodpecker/Red_Headed_Woodpecker_0063_183358.jpg,191,190,191.Red_headed_Woodpecker,100,99,identity,identity,0,{},6.5606909,6.5606909,0,0.001414908,0.001414908,0.029264582,0.029264582,-0.027849674,-0.027849674,0,1,1,59.45542,59.45542,False,1,True,False,False,1,1,59.45542,59.45542,1,1,50.057292,50.057292,1,1,32.081374,32.081374,1,1,9.6227577,9.6227577,1,1,16.031871,16.031871,1,1,20.570829,20.570829,1,1,23.215764,23.215764,1,1,34.554065,34.554065
init,init,-1,,11206,191.Red_headed_Woodpecker/Red_Headed_Woodpecker_0063_183358.jpg,191,190,191.Red_headed_Woodpecker,100,99,horizontal_flip,horizontal_flip,0,"{""flipped"":true}",6.5606909,6.5400267,-0.020664215,0.001414908,0.0014444505,0.029264582,0.025870064,-0.027849674,-0.024425614,0.0034240605,0.61758449,1.0769764,59.45542,64.032086,False,0.9509933,True,False,False,0.61758449,1.0769764,59.45542,64.032086,0.48953319,1.0962781,50.057292,54.876715,0.95080183,1.0284709,32.081374,32.99476,0.57196647,1.3262054,9.6227577,12.761753,0.076703507,1.3334205,16.031871,21.377225,0.38702048,1.0377889,20.570829,21.348177,0.38290913,1.0451931,23.215764,24.264957,0.68012383,1.0621758,34.554065,36.702493
init,init,-1,,11206,191.Red_headed_Woodpecker/Red_Headed_Woodpecker_0063_183358.jpg,191,190,191.Red_headed_Woodpecker,100,99,color_jitter,color_jitter,0,"{""brightness"":1.336462,""contrast"":0.83752,""hue"":-0.004765,""saturation"":0.698015}",6.5606909,6.4861498,-0.074541092,0.001414908,0.001524407,0.029264582,0.035497308,-0.027849674,-0.033972901,-0.0061232265,0.85935808,1.0199706,59.45542,60.642779,False,0.9851926,True,False,False,0.85935808,1.0199706,59.45542,60.642779,0.80728551,1.0174554,50.057292,50.93106,0.98509172,1.0260683,32.081374,32.91768,0.71406799,1.3917467,9.6227577,13.392441,0.58552571,1.0087093,16.031871,16.171497,0.7324253,0.98198231,20.570829,20.20019,0.79520519,0.98548076,23.215764,22.878688,0.90054437,1.0115054,34.554065,34.951624
init,init,-1,,11206,191.Red_headed_Woodpecker/Red_Headed_Woodpecker_0063_183358.jpg,191,190,191.Red_headed_Woodpecker,100,99,rotation,rotation,0,"{""angle"":-2.978767}",6.5606909,6.6585317,0.097840786,0.001414908,0.001283029,0.029264582,0.040130232,-0.027849674,-0.038847203,-0.010997528,0.7596702,1.0215975,59.45542,60.73951,False,0.95914471,True,False,False,0.7596702,1.0215975,59.45542,60.73951,0.68294978,1.0388256,50.057292,52.000795,0.95897685,0.97838647,32.081374,31.387982,0.51371961,1.3872784,9.6227577,13.349444,0.3959998,1.0743041,16.031871,17.223105,0.60630133,1.0569001,20.570829,21.741312,0.66981698,1.0331958,23.215764,23.98643,0.80688614,0.99463493,34.554065,34.36868
init,init,-1,,11206,191.Red_headed_Woodpecker/Red_Headed_Woodpecker_0063_183358.jpg,191,190,191.Red_headed_Woodpecker,100,99,random_resized_crop,random_resized_crop,0,"{""area_fraction"":0.729041,""aspect"":1.178416,""fallback"":false,""height"":0.78655,""left"":0.018041,""top"":0.043831,""width"":0.926884}",6.5606909,7.0254593,0.46476841,0.001414908,0.0008889591,0.029264582,0.036739126,-0.027849674,-0.035850167,-0.0080004924,0.72972335,1.1067234,59.45542,65.800704,False,0.95539778,False,False,False,0.72972335,1.1067234,59.45542,65.800704,0.64182089,1.1220188,50.057292,56.165225,0.95506056,1.06857,32.081374,34.281193,0.50115489,1.1929287,9.6227577,11.479264,0.42152712,1.2908475,16.031871,20.6947,0.58305875,1.1811376,20.570829,24.29698,0.57953799,1.0583283,23.215764,24.569899,0.76348026,1.0830213,34.554065,37.422789
init,init,-1,,11206,191.Red_headed_Woodpecker/Red_Headed_Woodpecker_0063_183358.jpg,191,190,191.Red_headed_Woodpecker,100,99,gaussian_blur,gaussian_blur,0,"{""sigma"":1.847983}",6.5606909,6.3149257,-0.24576521,0.001414908,0.0018091005,0.029264582,0.021595098,-0.027849674,-0.019785998,0.0080636768,0.58140994,1.0853596,59.45542,64.530513,False,0.86821091,False,False,False,0.58140994,1.0853596,59.45542,64.530513,0.49064315,1.1466495,50.057292,57.398169,0.86777608,0.91921295,32.081374,29.489614,0.29350681,1.2452055,9.6227577,11.982311,0.33678916,1.5284295,16.031871,24.503585,0.42484153,1.1777273,20.570829,24.226826,0.44382893,1.0949236,23.215764,25.419488,0.6138753,1.0504355,34.554065,36.296816
init,init,-1,,11206,191.Red_headed_Woodpecker/Red_Headed_Woodpecker_0063_183358.jpg,191,190,191.Red_headed_Woodpecker,100,99,random_erasing,random_erasing,0,"{""area_fraction"":0.190398,""erased"":true,""height"":0.377097,""left"":0.287506,""top"":0.304547,""width"":0.504903}",6.5606909,6.4861927,-0.074498177,0.001414908,0.0015243421,0.029264582,0.012158093,-0.027849674,-0.010633751,0.017215923,0.5578075,1.0715503,59.45542,63.709471,False,0.83539355,False,False,False,0.5578075,1.0715503,59.45542,63.709471,0.45381956,1.0967336,50.057292,54.899516,0.83482499,1.0076105,32.081374,32.325531,0.38994124,1.2365223,9.6227577,11.898754,0.18051551,1.2325824,16.031871,19.760602,0.41452026,1.1097174,20.570829,22.827806,0.39888948,0.9906046,23.215764,22.997642,0.56418392,1.0951066,34.554065,37.840386
init,init,-1,,10180,173.Orange_crowned_Warbler/Orange_Crowned_Warbler_0030_168376.jpg,173,172,173.Orange_crowned_Warbler,129,128,identity,identity,0,{},4.7896495,4.7896495,0,0.0083153713,0.0083153713,0.028797599,0.028797599,-0.020482227,-0.020482227,0,1,1,44.880357,44.880357,False,1,True,False,False,1,1,44.880357,44.880357,1,1,35.852538,35.852538,1,1,26.997073,26.997073,1,1,3.6631802,3.6631802,1,1,11.241078,11.241078,1,1,14.020208,14.020208,1,1,15.616405,15.616405,1,1,26.555328,26.555328
init,init,-1,,10180,173.Orange_crowned_Warbler/Orange_Crowned_Warbler_0030_168376.jpg,173,172,173.Orange_crowned_Warbler,129,128,horizontal_flip,horizontal_flip,0,"{""flipped"":true}",4.7896495,4.7547064,-0.034943104,0.0083153713,0.0086110746,0.028797599,0.024939835,-0.020482227,-0.01632876,0.0041534668,0.69459851,1.0474066,44.880357,47.007982,False,0.96104807,True,False,False,0.69459851,1.0474066,44.880357,47.007982,0.54698243,1.0558476,35.852538,37.854815,0.96097639,1.0323517,26.997073,27.870475,0.20392217,1.2034003,3.6631802,4.4082722,0.12971106,1.1009282,11.241078,12.37562,0.50744282,1.1432645,14.020208,16.028806,0.43125669,0.98326166,15.616405,15.355012,0.68441054,1.0433832,26.555328,27.707384
init,init,-1,,10180,173.Orange_crowned_Warbler/Orange_Crowned_Warbler_0030_168376.jpg,173,172,173.Orange_crowned_Warbler,129,128,color_jitter,color_jitter,0,"{""brightness"":0.638599,""contrast"":0.727824,""hue"":-0.017373,""saturation"":0.608952}",4.7896495,4.8857813,0.096131802,0.0083153713,0.0075532198,0.028797599,0.037671555,-0.020482227,-0.030118335,-0.0096361078,0.75116636,1.0739744,44.880357,48.200355,False,0.93285573,True,False,False,0.75116636,1.0739744,44.880357,48.200355,0.64337306,1.0543599,35.852538,37.80148,0.93268934,1.1077209,26.997073,29.905222,0.052535082,1.1395793,3.6631802,4.1744843,0.1673629,1.0485978,11.241078,11.78737,0.60549434,1.1188625,14.020208,15.686685,0.59676266,0.97532802,15.616405,15.231117,0.76665716,1.0614559,26.555328,28.18731
init,init,-1,,10180,173.Orange_crowned_Warbler/Orange_Crowned_Warbler_0030_168376.jpg,173,172,173.Orange_crowned_Warbler,129,128,rotation,rotation,0,"{""angle"":9.581008}",4.7896495,4.7410555,-0.048593998,0.0083153713,0.008729429,0.028797599,0.026931781,-0.020482227,-0.018202352,0.0022798749,0.72901718,1.0584427,44.880357,47.503285,False,0.94880569,True,False,False,0.72901718,1.0584427,44.880357,47.503285,0.60172318,1.0499071,35.852538,37.641836,0.94872921,1.0733308,26.997073,28.976789,0.33411872,1.2736096,3.6631802,4.6654616,0.38584952,1.1370542,11.241078,12.781715,0.53390536,1.0156543,14.020208,14.239684,0.48016859,0.94576189,15.616405,14.769401,0.70561169,1.0723157,26.555328,28.475695
init,init,-1,,10180,173.Orange_crowned_Warbler/Orange_Crowned_Warbler_0030_168376.jpg,173,172,173.Orange_crowned_Warbler,129,128,random_resized_crop,random_resized_crop,0,"{""area_fraction"":0.685897,""aspect"":1.304481,""fallback"":false,""height"":0.725121,""left"":0.035951,""top"":0.265839,""width"":0.945907}",4.7896495,4.5410781,-0.2485714,0.0083153713,0.010661906,0.028797599,0.034625996,-0.020482227,-0.02396409,-0.0034818631,0.70248976,1.0298222,44.880357,46.218788,False,0.95026731,True,False,False,0.70248976,1.0298222,44.880357,46.218788,0.56676567,1.0419819,35.852538,37.357696,0.9501701,1.0080196,26.997073,27.213579,0.19255235,1.3998531,3.6631802,5.1279142,0.35965272,1.1047159,11.241078,12.418197,0.45193379,1.2145283,14.020208,17.02794,0.47473336,0.97476363,15.616405,15.222304,0.692915,0.99162358,26.555328,26.332889
init,init,-1,,10180,173.Orange_crowned_Warbler/Orange_Crowned_Warbler_0030_168376.jpg,173,172,173.Orange_crowned_Warbler,129,128,gaussian_blur,gaussian_blur,0,"{""sigma"":1.682771}",4.7896495,4.3946829,-0.3949666,0.0083153713,0.012342789,0.028797599,0.035146039,-0.020482227,-0.02280325,-0.0023210226,0.66009054,1.0510666,44.880357,47.172242,False,0.91540843,True,False,False,0.66009054,1.0510666,44.880357,47.172242,0.51757265,1.0566544,35.852538,37.883741,0.91523085,1.0411387,26.997073,28.107697,0.35104133,1.3818625,3.6631802,5.0620112,0.40895083,1.2270438,11.241078,13.793295,0.2437696,1.1006454,14.020208,15.431277,0.40441854,1.0463606,15.616405,16.340392,0.67232851,1.0063475,26.555328,26.723887
init,init,-1,,10180,173.Orange_crowned_Warbler/Orange_Crowned_Warbler_0030_168376.jpg,173,172,173.Orange_crowned_Warbler,129,128,random_erasing,random_erasing,0,"{""area_fraction"":0.077146,""erased"":true,""height"":0.401826,""left"":0.210919,""top"":0.537337,""width"":0.191988}",4.7896495,4.7697215,-0.019927979,0.0083153713,0.0084827421,0.028797599,0.02730622,-0.020482227,-0.018823477,0.0016587498,0.88814559,1.0872625,44.880357,48.796731,False,0.98146403,True,False,False,0.88814559,1.0872625,44.880357,48.796731,0.83752544,1.1023174,35.852538,39.520875,0.98140427,1.0601907,26.997073,28.622044,0.81969926,1.2200499,3.6631802,4.4692626,0.82874086,1.2104412,11.241078,13.606664,0.8249166,1.1292195,14.020208,15.831892,0.81258567,1.0805685,15.616405,16.874596,0.85313328,1.0792479,26.555328,28.659783
init,init,-1,,6068,104.American_Pipit/American_Pipit_0095_99959.jpg,104,103,104.American_Pipit,129,128,identity,identity,0,{},6.6838374,6.6838374,0,0.0012509684,0.0012509684,0.023600833,0.023600833,-0.022349865,-0.022349865,0,1,1,53.265892,53.265892,False,1,True,False,False,1,1,53.265892,53.265892,1,1,43.979648,43.979648,1,1,30.050722,30.050722,1,1,6.5601074,6.5601074,1,1,19.06145,19.06145,1,1,18.950189,18.950189,1,1,18.115065,18.115065,1,1,28.99259,28.99259
init,init,-1,,6068,104.American_Pipit/American_Pipit_0095_99959.jpg,104,103,104.American_Pipit,129,128,horizontal_flip,horizontal_flip,0,"{""flipped"":true}",6.6838374,6.307189,-0.37664843,0.0012509684,0.0018231506,0.023600833,0.019189559,-0.022349865,-0.017366408,0.0049834567,0.74799348,0.8879934,53.265892,47.29976,False,0.97108394,True,False,False,0.74799348,0.8879934,53.265892,47.29976,0.64323918,0.88621355,43.979648,38.975359,0.97096997,0.89179366,30.050722,26.799043,0.28572661,0.66325613,6.5601074,4.3510314,0.56071358,0.87522876,19.06145,16.683129,0.66419892,0.90145572,18.950189,17.082756,0.56165779,0.91319207,18.115065,16.542533,0.7173157,0.88364714,28.99259,25.619219
init,init,-1,,6068,104.American_Pipit/American_Pipit_0095_99959.jpg,104,103,104.American_Pipit,129,128,color_jitter,color_jitter,0,"{""brightness"":0.754476,""contrast"":1.227499,""hue"":-0.086938,""saturation"":0.957592}",6.6838374,6.7897882,0.10595083,0.0012509684,0.0011252072,0.023600833,0.028539857,-0.022349865,-0.02741465,-0.0050647847,0.81481185,0.99193093,53.265892,52.836086,False,0.95690185,True,False,False,0.81481185,0.99193093,53.265892,52.836086,0.74827402,0.99075026,43.979648,43.572847,0.95680033,0.99445507,30.050722,29.884093,0.52110057,1.1029632,6.5601074,7.2355568,0.69904465,0.99277286,19.06145,18.92369,0.73317144,0.91755033,18.950189,17.387752,0.72837969,1.0131303,18.115065,18.352921,0.79703271,1.004984,28.99259,29.13709
init,init,-1,,6068,104.American_Pipit/American_Pipit_0095_99959.jpg,104,103,104.American_Pipit,129,128,rotation,rotation,0,"{""angle"":0.992698}",6.6838374,6.5671015,-0.11673594,0.0012509684,0.0014058662,0.023600833,0.023089388,-0.022349865,-0.021683522,0.00066634291,0.87546946,0.98405866,53.265892,52.416762,False,0.98656762,True,False,False,0.87546946,0.98405866,53.265892,52.416762,0.82535543,0.99372434,43.979648,43.703646,0.98652523,0.96302962,30.050722,28.939735,0.74430572,0.9938816,6.5601074,6.51997,0.74873871,0.93348793,19.06145,17.793634,0.80250759,1.0369392,18.950189,19.650194,0.78140992,1.0198033,18.115065,18.473802,0.88977003,0.9897782,28.99259,28.696233
init,init,-1,,6068,104.American_Pipit/American_Pipit_0095_99959.jpg,104,103,104.American_Pipit,129,128,random_resized_crop,random_resized_crop,0,"{""area_fraction"":0.888941,""aspect"":1.010009,""fallback"":false,""height"":0.938153,""left"":0.018383,""top"":0.011587,""width"":0.947543}",6.6838374,6.8832817,0.19944429,0.0012509684,0.0010247756,0.023600833,0.026869409,-0.022349865,-0.025844633,-0.0034947682,0.86133539,1.0763183,53.265892,57.331053,False,0.9893164,True,False,False,0.86133539,1.0763183,53.265892,57.331053,0.80558193,1.0963559,43.979648,48.217347,0.98927951,1.032092,30.050722,31.015111,0.7029617,1.0765576,6.5601074,7.0623333,0.70363121,1.0454621,19.06145,19.928023,0.77934402,1.2188411,18.950189,23.097269,0.77432586,1.0956049,18.115065,19.846953,0.88262955,1.0633951,28.99259,30.830578
init,init,-1,,6068,104.American_Pipit/American_Pipit_0095_99959.jpg,104,103,104.American_Pipit,129,128,gaussian_blur,gaussian_blur,0,"{""sigma"":1.132478}",6.6838374,6.5993061,-0.084531307,0.0012509684,0.0013613121,0.023600833,0.026144834,-0.022349865,-0.024783522,-0.0024336571,0.82724157,1.0665603,53.265892,56.811284,False,0.9715811,True,False,False,0.82724157,1.0665603,53.265892,56.811284,0.76947595,1.1054901,43.979648,48.619067,0.97149909,0.97797702,30.050722,29.388915,0.57575233,0.96187572,6.5601074,6.3100081,0.73341,1.0161296,19.06145,19.368903,0.71439144,1.2485879,18.950189,23.660976,0.7238108,1.1376934,18.115065,20.60939,0.8443688,1.0710476,28.99259,31.052444
init,init,-1,,6068,104.American_Pipit/American_Pipit_0095_99959.jpg,104,103,104.American_Pipit,129,128,random_erasing,random_erasing,0,"{""area_fraction"":0.105356,""erased"":true,""height"":0.203799,""left"":0.452235,""top"":0.148785,""width"":0.516962}",6.6838374,6.6688614,-0.014976025,0.0012509684,0.0012698442,0.023600833,0.022469863,-0.022349865,-0.021200019,0.001149846,0.93426608,0.97153781,53.265892,51.749828,False,0.99245077,True,False,False,0.93426608,0.97153781,53.265892,51.749828,0.90708683,0.97125534,43.979648,42.715468,0.99242772,0.97214254,30.050722,29.213585,0.90619236,1.0667063,6.5601074,6.9977078,0.90498351,0.93346775,19.06145,17.793249,0.89130996,0.94421455,18.950189,17.893044,0.88729339,0.97961619,18.115065,17.745811,0.92290538,0.99007559,28.99259,28.704855
init,init,-1,,3310,058.Pigeon_Guillemot/Pigeon_Guillemot_0018_40195.jpg,58,57,058.Pigeon_Guillemot,27,26,identity,identity,0,{},3.6748683,3.6748683,0,0.025352746,0.025352746,0.031323791,0.031323791,-0.0059710443,-0.0059710443,0,1,1,63.907032,63.907032,False,0.99999994,True,False,False,1,1,63.907032,63.907032,1,1,52.632604,52.632604,1,1,36.248004,36.248004,1,1,9.0498725,9.0498725,1,1,18.175954,18.175954,1,1,23.026033,23.026033,1,1,22.499458,22.499458,1,1,36.352465,36.352465
init,init,-1,,3310,058.Pigeon_Guillemot/Pigeon_Guillemot_0018_40195.jpg,58,57,058.Pigeon_Guillemot,27,26,horizontal_flip,horizontal_flip,0,"{""flipped"":true}",3.6748683,3.6744049,-0.00046348572,0.025352746,0.025364496,0.031323791,0.017242434,-0.0059710443,0.0081220623,0.014093107,0.67872394,0.88047527,63.907032,56.268561,False,0.97180551,False,False,False,0.67872394,0.88047527,63.907032,56.268561,0.54602237,0.89265285,52.632604,46.982644,0.97154004,0.85423209,36.248004,30.964208,0.38715054,1.4591572,9.0498725,13.205187,0.18674352,0.87053732,18.175954,15.822846,0.50268942,0.82979356,23.026033,19.106854,0.45399382,0.88281634,22.499458,19.862889,0.71056321,0.87985047,36.352465,31.984733
init,init,-1,,3310,058.Pigeon_Guillemot/Pigeon_Guillemot_0018_40195.jpg,58,57,058.Pigeon_Guillemot,27,26,color_jitter,color_jitter,0,"{""brightness"":1.012663,""contrast"":1.035331,""hue"":-0.018648,""saturation"":0.746452}",3.6748683,3.632621,-0.042247295,0.025352746,0.026446771,0.031323791,0.035711735,-0.0059710443,-0.0092649646,-0.0032939203,0.94729201,0.97893872,63.907032,62.561068,False,0.99489111,True,False,False,0.94729201,0.97893872,63.907032,62.561068,0.92412406,0.96780829,52.632604,50.938271,0.99485415,1.0020004,36.248004,36.320515,0.86916732,1.0449968,9.0498725,9.4570879,0.85675326,0.87433728,18.175954,15.891914,0.90891048,0.93314186,23.026033,21.486555,0.90692382,0.96670283,22.499458,21.75029,0.95642142,0.99866317,36.352465,36.303868
init,init,-1,,3310,058.Pigeon_Guillemot/Pigeon_Guillemot_0018_40195.jpg,58,57,058.Pigeon_Guillemot,27,26,rotation,rotation,0,"{""angle"":-12.288902}",3.6748683,4.6480875,0.97321916,0.025352746,0.0095799062,0.031323791,0.014670056,-0.0059710443,-0.0050901501,0.00088089425,0.68963397,1.0354498,63.907032,66.172523,False,0.92130351,False,False,False,0.68963397,1.0354498,63.907032,66.172523,0.58555077,1.0514501,52.632604,55.340556,0.92074244,1.0008778,36.248004,36.279824,0.58138757,1.3425836,9.0498725,12.150211,0.48478733,0.96010502,18.175954,17.450825,0.57393137,0.96151676,23.026033,22.139917,0.45890824,1.1015377,22.499458,24.784001,0.66586664,1.0675249,36.352465,38.80716
init,init,-1,,3310,058.Pigeon_Guillemot/Pigeon_Guillemot_0018_40195.jpg,58,57,058.Pigeon_Guillemot,27,26,random_resized_crop,random_resized_crop,0,"{""area_fraction"":0.54379,""aspect"":1.060751,""fallback"":false,""height"":0.715993,""left"":0.034924,""top"":0.00723,""width"":0.759491}",3.6748683,4.5452261,0.87035775,0.025352746,0.010617772,0.031323791,0.026005303,-0.0059710443,-0.015387531,-0.0094164871,0.63921181,1.0270543,63.907032,65.635994,False,0.91928875,False,False,False,0.63921181,1.0270543,63.907032,65.635994,0.51873425,1.0553854,52.632604,55.547681,0.91893077,0.96459998,36.248004,34.964824,-0.06020694,0.99414241,9.0498725,8.9968621,0.35685235,1.0192992,18.175954,18.526735,0.47349993,1.0483131,23.026033,24.138491,0.43248772,1.0896564,22.499458,24.516677,0.64375458,1.0574226,36.352465,38.439917
init,init,-1,,3310,058.Pigeon_Guillemot/Pigeon_Guillemot_0018_40195.jpg,58,57,058.Pigeon_Guillemot,27,26,gaussian_blur,gaussian_blur,0,"{""sigma"":1.429708}",3.6748683,3.5405178,-0.13435054,0.025352746,0.028998304,0.031323791,0.018419582,-0.0059710443,0.010578722,0.016549766,0.63077585,1.0542713,63.907032,67.375348,False,0.93569207,False,False,False,0.63077585,1.0542713,63.907032,67.375348,0.49931293,1.0828856,52.632604,56.995089,0.93529095,0.99123946,36.248004,35.930452,0.31750515,1.1492963,9.0498725,10.400985,0.28077068,1.2185125,18.175954,22.147627,0.34007481,1.0882894,23.026033,25.058987,0.40845349,1.1225288,22.499458,25.25629,0.68517723,1.02334,36.352465,37.200931
init,init,-1,,3310,058.Pigeon_Guillemot/Pigeon_Guillemot_0018_40195.jpg,58,57,058.Pigeon_Guillemot,27,26,random_erasing,random_erasing,0,"{""area_fraction"":0.075978,""erased"":true,""height"":0.249271,""left"":0.172409,""top"":0.728137,""width"":0.304799}",3.6748683,3.6396754,-0.035192966,0.025352746,0.02626087,0.031323791,0.024083022,-0.0059710443,0.0021778475,0.0081488919,0.93544106,1.0046601,63.907032,64.204843,False,0.98954034,False,False,False,0.93544106,1.0046601,63.907032,64.204843,0.90972337,1.0034124,52.632604,52.812209,0.98945903,1.0072854,36.248004,36.512085,0.89387315,0.88717352,9.0498725,8.0288073,0.89254413,0.97468834,18.175954,17.715891,0.90642927,1.001284,23.026033,23.055599,0.88209252,1.0158462,22.499458,22.855988,0.92716953,1.0132891,36.352465,36.835555
init,init,-1,,10086,172.Nashville_Warbler/Nashville_Warbler_0121_167078.jpg,172,171,172.Nashville_Warbler,4,3,identity,identity,0,{},5.6518445,5.6518445,0,0.0035110356,0.0035110356,0.019759506,0.019759506,-0.01624847,-0.01624847,0,1,1,51.986558,51.986558,False,0.99999988,True,False,False,1,1,51.986558,51.986558,1,1,44.975206,44.975206,1,1,26.07361,26.07361,1,1,7.2655442,7.2655442,1,1,15.061437,15.061437,1,1,22.377933,22.377933,1,1,19.129305,19.129305,1,1,29.604593,29.604593
init,init,-1,,10086,172.Nashville_Warbler/Nashville_Warbler_0121_167078.jpg,172,171,172.Nashville_Warbler,4,3,horizontal_flip,horizontal_flip,0,"{""flipped"":true}",5.6518445,5.6771512,0.025306702,0.0035110356,0.0034232978,0.019759506,0.024033057,-0.01624847,-0.020609759,-0.0043612884,0.64180941,1.0114738,51.986558,52.583043,False,0.95431703,True,False,False,0.64180941,1.0114738,51.986558,52.583043,0.53322197,1.0024977,44.975206,45.087542,0.95421646,1.037722,26.07361,27.057159,0.075355067,0.92051465,7.2655442,6.6880398,0.22471039,1.0446526,15.061437,15.73397,0.56764082,0.89715758,22.377933,20.076532,0.45819706,0.9979087,19.129305,19.0893,0.65188237,1.0537229,29.604593,31.195036
init,init,-1,,10086,172.Nashville_Warbler/Nashville_Warbler_0121_167078.jpg,172,171,172.Nashville_Warbler,4,3,color_jitter,color_jitter,0,"{""brightness"":0.839622,""contrast"":0.935103,""hue"":-0.019358,""saturation"":1.23317}",5.6518445,5.5196037,-0.13224077,0.0035110356,0.0040074359,0.019759506,0.024418037,-0.01624847,-0.020410602,-0.0041621311,0.88612288,1.0808276,51.986558,56.188506,False,0.98540652,True,False,False,0.88612288,1.0808276,51.986558,56.188506,0.85497891,1.0958546,44.975206,49.286285,0.98535762,1.0348267,26.07361,26.981667,0.67471716,1.0908798,7.2655442,7.9258356,0.76028506,1.1428489,15.061437,17.212947,0.87002105,1.1274239,22.377933,25.229416,0.81255168,1.0928079,19.129305,20.904657,0.90216168,1.0663033,29.604593,31.567474
init,init,-1,,10086,172.Nashville_Warbler/Nashville_Warbler_0121_167078.jpg,172,171,172.Nashville_Warbler,4,3,rotation,rotation,0,"{""angle"":11.170346}",5.6518445,5.5351071,-0.11673737,0.0035110356,0.0039457851,0.019759506,0.018915743,-0.01624847,-0.014969958,0.0012785129,0.63050666,0.95771226,51.986558,49.788164,False,0.93488139,False,False,False,0.63050666,0.95771226,51.986558,49.788164,0.52192976,0.94193929,44.975206,42.363913,0.93476569,1.0031774,26.07361,26.156455,0.11395111,1.0601854,7.2655442,7.7028235,0.32481505,0.94779947,15.061437,14.275222,0.48393104,0.77113692,22.377933,17.25645,0.43003507,0.97305877,19.129305,18.613938,0.65569584,1.0061935,29.604593,29.787949
init,init,-1,,10086,172.Nashville_Warbler/Nashville_Warbler_0121_167078.jpg,172,171,172.Nashville_Warbler,4,3,random_resized_crop,random_resized_crop,0,"{""area_fraction"":0.739751,""aspect"":0.807099,""fallback"":false,""height"":0.957369,""left"":0.090181,""top"":0.03229,""width"":0.772692}",5.6518445,5.6894236,0.03757906,0.0035110356,0.0033815429,0.019759506,0.025335012,-0.01624847,-0.021953469,-0.0057049987,0.69715636,1.0135497,51.986558,52.690963,False,0.9543488,True,False,False,0.69715636,1.0135497,51.986558,52.690963,0.60979455,1.0107329,44.975206,45.457922,0.9542865,1.0218849,26.07361,26.644229,0.42287036,0.98380468,7.2655442,7.1478763,0.51570026,1.1168337,15.061437,16.821121,0.55151483,0.89594099,22.377933,20.049307,0.51589595,1.0080634,19.129305,19.283552,0.71609286,1.0457993,29.604593,30.960463
init,init,-1,,10086,172.Nashville_Warbler/Nashville_Warbler_0121_167078.jpg,172,171,172.Nashville_Warbler,4,3,gaussian_blur,gaussian_blur,0,"{""sigma"":1.026755}",5.6518445,5.7140188,0.06217432,0.0035110356,0.0032993855,0.019759506,0.024225937,-0.01624847,-0.020926552,-0.0046780813,0.68203494,0.99247853,51.986558,51.595543,False,0.9262504,True,False,False,0.68203494,0.99247853,51.986558,51.595543,0.60135472,0.99657909,44.975206,44.82135,0.92617789,0.98017632,26.07361,25.556735,0.17253533,1.4609305,7.2655442,10.614455,0.36321329,1.1142818,15.061437,16.782686,0.63304957,0.89983471,22.377933,20.136441,0.54373363,0.9950329,19.129305,19.034288,0.72417345,0.98297753,29.604593,29.10065
init,init,-1,,10086,172.Nashville_Warbler/Nashville_Warbler_0121_167078.jpg,172,171,172.Nashville_Warbler,4,3,random_erasing,random_erasing,0,"{""area_fraction"":0.126084,""erased"":true,""height"":0.21137,""left"":0.203258,""top"":0.400192,""width"":0.596506}",5.6518445,5.3000474,-0.3517971,0.0035110356,0.0049913581,0.019759506,0.014133509,-0.01624847,-0.0091421511,0.0071063193,0.62724716,1.1659528,51.986558,60.613876,False,0.90170026,False,False,False,0.62724716,1.1659528,51.986558,60.613876,0.53928201,1.178715,44.975206,53.012951,0.90143279,1.1271261,26.07361,29.388245,0.0035904268,0.94137074,7.2655442,6.8395707,0.3643189,1.2063151,15.061437,18.16884,0.51836027,1.1117052,22.377933,24.877665,0.50914499,1.2698093,19.129305,24.29057,0.63781794,1.182035,29.604593,34.993664
init,init,-1,,4027,070.Green_Violetear/Green_Violetear_0013_795684.jpg,70,69,070.Green_Violetear,129,128,identity,identity,0,{},5.4068227,5.4068227,0,0.0044858707,0.0044858707,0.037949275,0.037949275,-0.033463405,-0.033463405,0,1,1,63.209655,63.209655,False,0.99999988,True,False,False,1,1,63.209655,63.209655,1,1,51.645174,51.645174,1,1,36.444978,36.444978,1,1,7.2785191,7.2785191,1,1,17.604518,17.604518,1,1,21.339347,21.339347,1,1,21.291189,21.291189,1,1,37.358341,37.358341
init,init,-1,,4027,070.Green_Violetear/Green_Violetear_0013_795684.jpg,70,69,070.Green_Violetear,129,128,horizontal_flip,horizontal_flip,0,"{""flipped"":true}",5.4068227,5.1836562,-0.22316647,0.0044858707,0.0056074671,0.037949275,0.027159519,-0.033463405,-0.021552052,0.011911352,0.70020505,0.89377981,63.209655,56.495513,False,0.95611632,False,False,False,0.70020505,0.89377981,63.209655,56.495513,0.57181673,0.89118877,51.645174,46.025599,0.95580967,0.89896032,36.444978,32.762589,0.33126745,0.89653313,7.2785191,6.5254335,0.48932384,0.96824072,17.604518,17.045411,0.53659444,0.88608052,21.339347,18.90838,0.45032648,0.94096735,21.291189,20.034313,0.65844187,0.85754216,37.358341,32.036353
init,init,-1,,4027,070.Green_Violetear/Green_Violetear_0013_795684.jpg,70,69,070.Green_Violetear,129,128,color_jitter,color_jitter,0,"{""brightness"":0.834789,""contrast"":0.666478,""hue"":-0.009944,""saturation"":1.093518}",5.4068227,5.0854578,-0.32136488,0.0044858707,0.0061860555,0.037949275,0.042491857,-0.033463405,-0.036305801,-0.002842397,0.85882949,1.0394167,63.209655,65.701172,False,0.98369282,True,False,False,0.85882949,1.0394167,63.209655,65.701172,0.80340747,1.0701836,51.645174,55.269816,0.98360453,0.97470526,36.444978,35.523112,0.74045089,1.7478681,7.2785191,12.721891,0.58438821,1.2636117,17.604518,22.245275,0.78204767,1.0708494,21.339347,22.851227,0.78662231,1.0281435,21.291189,21.890398,0.89378283,1.0003725,37.358341,37.372258
init,init,-1,,4027,070.Green_Violetear/Green_Violetear_0013_795684.jpg,70,69,070.Green_Violetear,129,128,rotation,rotation,0,"{""angle"":-4.556764}",5.4068227,5.0575137,-0.34930897,0.0044858707,0.0063613551,0.037949275,0.024527235,-0.033463405,-0.01816588,0.015297525,0.76866239,0.9733307,63.209655,61.523897,False,0.96561408,True,False,False,0.76866239,0.9733307,63.209655,61.523897,0.67239939,0.97883619,51.645174,50.552166,0.96538989,0.96218001,36.444978,35.066629,0.55506192,0.96789933,7.2785191,7.0448737,0.40303731,1.0598737,17.604518,18.658566,0.65487703,1.005693,21.339347,21.460832,0.56543098,0.95185052,21.291189,20.266029,0.78417351,0.96009062,37.358341,35.867393
init,init,-1,,4027,070.Green_Violetear/Green_Violetear_0013_795684.jpg,70,69,070.Green_Violetear,129,128,random_resized_crop,random_resized_crop,0,"{""area_fraction"":0.625612,""aspect"":0.861481,""fallback"":false,""height"":0.852177,""left"":0.014404,""top"":0.014937,""width"":0.734134}",5.4068227,5.4188709,0.012048244,0.0044858707,0.0044321469,0.037949275,0.020155426,-0.033463405,-0.015723279,0.017740125,0.66706215,0.97978032,63.209655,61.931576,False,0.91727108,False,False,False,0.66706215,0.97978032,63.209655,61.931576,0.54720067,0.99115747,51.645174,51.1885,0.91675484,0.95652531,36.444978,34.860544,0.17626397,1.3980563,7.2785191,10.17578,0.37447162,1.1584986,17.604518,20.394809,0.53496742,0.95311528,21.339347,20.338858,0.41560074,0.94428345,21.291189,20.104917,0.66439095,0.95875422,37.358341,35.817468
init,init,-1,,4027,070.Green_Violetear/Green_Violetear_0013_795684.jpg,70,69,070.Green_Violetear,129,128,gaussian_blur,gaussian_blur,0,"{""sigma"":1.307667}",5.4068227,5.5627618,0.1559391,0.0044858707,0.0038381617,0.037949275,0.029487686,-0.033463405,-0.025649525,0.00781388,0.77288077,0.89432942,63.209655,56.530254,False,0.95183754,True,False,False,0.77288077,0.89432942,63.209655,56.530254,0.69081114,0.91524089,51.645174,47.267775,0.95157859,0.85078624,36.444978,31.006886,0.66467715,1.0403361,7.2785191,7.5721063,0.59130184,0.98116926,17.604518,17.273012,0.59026034,0.91642508,21.339347,19.555913,0.61284525,0.98398497,21.291189,20.95021,0.78229834,0.87034568,37.358341,32.514671
init,init,-1,,4027,070.Green_Violetear/Green_Violetear_0013_795684.jpg,70,69,070.Green_Violetear,129,128,random_erasing,random_erasing,0,"{""area_fraction"":0.178615,""erased"":true,""height"":0.524151,""left"":0.056464,""top"":0.058857,""width"":0.340771}",5.4068227,5.4360447,0.029222012,0.0044858707,0.0043566809,0.037949275,0.038001496,-0.033463405,-0.033644815,-0.00018141093,0.76516727,0.92125945,63.209655,58.232492,False,0.94015157,True,False,False,0.76516727,0.92125945,63.209655,58.232492,0.677415,0.91847913,51.645174,47.435015,0.93981756,0.9268174,36.444978,33.777839,0.47317846,0.92637246,7.2785191,6.7426196,0.53034891,0.98658031,17.604518,17.368271,0.69049102,0.92529022,21.339347,19.745089,0.56352153,0.87421441,21.291189,18.613064,0.75225051,0.91428584,37.358341,34.156203
init,init,-1,,4929,085.Horned_Lark/Horned_Lark_0028_74408.jpg,85,84,085.Horned_Lark,129,128,identity,identity,0,{},5.2291412,5.2291412,0,0.0053581232,0.0053581232,0.019357057,0.019357057,-0.013998934,-0.013998934,0,1,1,53.426338,53.426338,False,1,True,False,False,1,1,53.426338,53.426338,1,1,44.407788,44.407788,1,1,29.703905,29.703905,1,1,5.5399749,5.5399749,1,1,16.334968,16.334968,1,1,19.767355,19.767355,1,1,20.042967,20.042967,1,1,29.699499,29.699499
init,init,-1,,4929,085.Horned_Lark/Horned_Lark_0028_74408.jpg,85,84,085.Horned_Lark,129,128,horizontal_flip,horizontal_flip,0,"{""flipped"":true}",5.2291412,5.1333508,-0.095790386,0.0053581232,0.0058967681,0.019357057,0.016589766,-0.013998934,-0.010692998,0.0033059358,0.67881455,0.89676618,53.426338,47.910933,False,0.96428818,False,False,False,0.67881455,0.89676618,53.426338,47.910933,0.53486572,0.85687213,44.407788,38.051796,0.9641587,0.98007882,29.703905,29.112168,0.46273418,0.71164573,5.5399749,3.9424995,0.23712343,0.73230018,16.334968,11.9621,0.49207081,0.87943637,19.767355,17.384131,0.4313472,0.80889579,20.042967,16.212672,0.67325743,0.90613668,29.699499,26.911806
init,init,-1,,4929,085.Horned_Lark/Horned_Lark_0028_74408.jpg,85,84,085.Horned_Lark,129,128,color_jitter,color_jitter,0,"{""brightness"":1.214812,""contrast"":1.016537,""hue"":0.05374,""saturation"":1.078713}",5.2291412,5.1721573,-0.056983948,0.0053581232,0.0056723193,0.019357057,0.018001426,-0.013998934,-0.012329107,0.0016698274,0.87953434,0.99162955,53.426338,52.979136,False,0.97508311,False,False,False,0.87953434,0.99162955,53.426338,52.979136,0.83556055,0.98157373,44.407788,43.589518,0.97501266,1.0137445,29.703905,30.112169,0.71121207,1.1381475,5.5399749,6.3053085,0.75475921,0.85872939,16.334968,14.027317,0.81682037,0.97133568,19.767355,19.200738,0.80623681,0.9679635,20.042967,19.400861,0.88447122,1.0204258,29.699499,30.306135
init,init,-1,,4929,085.Horned_Lark/Horned_Lark_0028_74408.jpg,85,84,085.Horned_Lark,129,128,rotation,rotation,0,"{""angle"":6.97826}",5.2291412,5.252903,0.023761749,0.0053581232,0.0052323076,0.019357057,0.017931662,-0.013998934,-0.012699355,0.0012995792,0.76172358,0.95807612,53.426338,51.186499,False,0.95131183,False,False,False,0.76172358,0.95807612,53.426338,51.186499,0.66967145,0.92869767,44.407788,41.24141,0.95120215,1.0206865,29.703905,30.318374,0.50431348,0.8275929,5.5399749,4.5848439,0.57922024,0.74288102,16.334968,12.134938,0.61723923,0.93288701,19.767355,18.440709,0.57116232,0.87319251,20.042967,17.501369,0.76174579,1.0023544,29.699499,29.769425
init,init,-1,,4929,085.Horned_Lark/Horned_Lark_0028_74408.jpg,85,84,085.Horned_Lark,129,128,random_resized_crop,random_resized_crop,0,"{""area_fraction"":0.647139,""aspect"":0.80586,""fallback"":false,""height"":0.896126,""left"":0.175046,""top"":0.011641,""width"":0.722152}",5.2291412,5.3117085,0.082567215,0.0053581232,0.0049334909,0.019357057,0.019851908,-0.013998934,-0.014918417,-0.00091948314,0.72626272,0.93734044,53.426338,50.078668,False,0.96127826,False,False,False,0.72626272,0.93734044,53.426338,50.078668,0.61588948,0.92196483,44.407788,40.942419,0.96119708,0.97082605,29.703905,28.837325,0.51177001,0.89098545,5.5399749,4.936037,0.36583099,0.7900811,16.334968,12.90595,0.49241566,0.9059416,19.767355,17.90807,0.56950633,0.90726383,20.042967,18.184259,0.75410925,0.97236791,29.699499,28.87884
init,init,-1,,4929,085.Horned_Lark/Horned_Lark_0028_74408.jpg,85,84,085.Horned_Lark,129,128,gaussian_blur,gaussian_blur,0,"{""sigma"":1.662825}",5.2291412,4.8012247,-0.42791653,0.0053581232,0.0082196742,0.019357057,0.025747621,-0.013998934,-0.017527947,-0.0035290131,0.6955287,1.0070808,53.426338,53.804641,False,0.93565637,True,False,False,0.6955287,1.0070808,53.426338,53.804641,0.57775811,0.9732663,44.407788,43.220604,0.93546274,1.0788337,29.703905,32.045574,0.13335404,1.1363884,5.5399749,6.2955631,0.27285394,0.94287464,16.334968,15.401827,0.4878984,0.97325168,19.767355,19.238612,0.58703019,0.95238395,20.042967,19.0886,0.71953472,0.98550308,29.699499,29.268948
init,init,-1,,4929,085.Horned_Lark/Horned_Lark_0028_74408.jpg,85,84,085.Horned_Lark,129,128,random_erasing,random_erasing,0,"{""area_fraction"":0.172904,""erased"":true,""height"":0.557471,""left"":0.561291,""top"":0.030361,""width"":0.310157}",5.2291412,5.2840881,0.054946899,0.0053581232,0.0050716554,0.019357057,0.02282957,-0.013998934,-0.017757914,-0.0037589804,0.61663826,1.0659064,53.426338,56.947477,False,0.88142955,True,False,False,0.61663826,1.0659064,53.426338,56.947477,0.5114291,1.0993451,44.407788,48.819484,0.88108544,0.9870818,29.703905,29.320184,0.65717414,1.129738,5.5399749,6.2587199,0.36601248,1.0870553,16.334968,17.757014,0.47634947,1.1676351,19.767355,23.081058,0.44770124,1.099683,20.042967,22.040911,0.59818373,1.0702389,29.699499,31.785561
init,init,-1,,5875,101.White_Pelican/White_Pelican_0009_97340.jpg,101,100,101.White_Pelican,55,54,identity,identity,0,{},7.3643694,7.3643694,0,0.00063342456,0.00063342456,0.024201892,0.024201892,-0.023568468,-0.023568468,0,1,1,59.023286,59.023286,False,1,True,False,False,1,1,59.023286,59.023286,1,1,51.867344,51.867344,1,1,28.169609,28.169609,1,1,7.3194489,7.3194489,1,1,22.830761,22.830761,1,1,22.023561,22.023561,1,1,21.834524,21.834524,1,1,33.964978,33.964978
init,init,-1,,5875,101.White_Pelican/White_Pelican_0009_97340.jpg,101,100,101.White_Pelican,55,54,horizontal_flip,horizontal_flip,0,"{""flipped"":true}",7.3643694,6.9325199,-0.43184948,0.00063342456,0.00097553967,0.024201892,0.018464541,-0.023568468,-0.017489001,0.0060794664,0.64774544,0.83051385,59.023286,49.019657,False,0.95523071,True,False,False,0.64774544,0.83051385,59.023286,49.019657,0.54533604,0.80230368,51.867344,41.613361,0.95512474,0.91973545,28.169609,25.908588,0.43646314,0.87983907,7.3194489,6.4399372,0.38807257,0.60387509,22.830761,13.786928,0.45184839,0.76938404,22.023561,16.944576,0.46527942,0.81642234,21.834524,17.826193,0.67365108,0.88091792,33.964978,29.920358
init,init,-1,,5875,101.White_Pelican/White_Pelican_0009_97340.jpg,101,100,101.White_Pelican,55,54,color_jitter,color_jitter,0,"{""brightness"":1.18069,""contrast"":1.02802,""hue"":0.026122,""saturation"":0.838449}",7.3643694,7.3428745,-0.021494865,0.00063342456,0.00064718735,0.024201892,0.023811713,-0.023568468,-0.023164526,0.00040394225,0.90314057,1.0085576,59.023286,59.528384,False,0.98790628,True,False,False,0.90314057,1.0085576,59.023286,59.528384,0.87741118,1.0006472,51.867344,51.900915,0.987872,1.0349256,28.169609,29.153449,0.72192596,1.3335701,7.3194489,9.7609982,0.85786319,0.94004243,22.830761,21.461884,0.85270057,0.98525388,22.023561,21.698799,0.84623776,0.99888343,21.834524,21.810144,0.92087861,1.016198,33.964978,34.515144
init,init,-1,,5875,101.White_Pelican/White_Pelican_0009_97340.jpg,101,100,101.White_Pelican,55,54,rotation,rotation,0,"{""angle"":-11.917265}",7.3643694,6.9774151,-0.38695431,0.00063342456,0.00093271106,0.024201892,0.018283723,-0.023568468,-0.017351012,0.0062174559,0.66838411,0.88904926,59.023286,52.474609,False,0.91547334,False,False,False,0.66838411,0.88904926,59.023286,52.474609,0.58831605,0.866132,51.867344,44.923967,0.91541759,0.96269215,28.169609,27.118661,0.51136181,1.442845,7.3194489,10.56083,0.5255077,0.68148491,22.830761,15.558819,0.5535531,0.83617575,22.023561,18.415568,0.47331571,0.88350705,21.834524,19.290956,0.68730029,0.90903176,33.964978,30.875244
init,init,-1,,5875,101.White_Pelican/White_Pelican_0009_97340.jpg,101,100,101.White_Pelican,55,54,random_resized_crop,random_resized_crop,0,"{""area_fraction"":0.616393,""aspect"":1.080355,""fallback"":false,""height"":0.755345,""left"":0.0613,""top"":0.23763,""width"":0.816041}",7.3643694,7.1576133,-0.20675611,0.00063342456,0.00077891146,0.024201892,0.02159692,-0.023568468,-0.020818008,0.0027504595,0.68417136,0.80738801,59.023286,47.654694,False,0.94786251,False,False,False,0.68417136,0.80738801,59.023286,47.654694,0.59432743,0.77161617,51.867344,40.021681,0.9477757,0.91835047,28.169609,25.869574,0.44652092,1.0817504,7.3194489,7.9178167,0.53181691,0.61349406,22.830761,14.006536,0.45395052,0.74350295,22.023561,16.374583,0.50700462,0.74583538,21.834524,16.284961,0.71792468,0.83769513,33.964978,28.452297
init,init,-1,,5875,101.White_Pelican/White_Pelican_0009_97340.jpg,101,100,101.White_Pelican,55,54,gaussian_blur,gaussian_blur,0,"{""sigma"":1.322799}",7.3643694,7.3194208,-0.044948578,0.00063342456,0.00066254567,0.024201892,0.024411706,-0.023568468,-0.023749161,-0.00018069282,0.46985884,1.0199358,59.023286,60.199961,False,0.90163541,True,False,False,0.46985884,1.0199358,59.023286,60.199961,0.349755,1.0326918,51.867344,53.562983,0.90152785,0.97544946,28.169609,27.47803,0.38029926,1.732406,7.3194489,12.680257,0.14832307,1.2195217,22.830761,27.842608,0.09280449,1.0390442,22.023561,22.883452,0.25321713,0.99461779,21.834524,21.717006,0.64923567,0.90157852,33.964978,30.622095
init,init,-1,,5875,101.White_Pelican/White_Pelican_0009_97340.jpg,101,100,101.White_Pelican,55,54,random_erasing,random_erasing,0,"{""area_fraction"":0.123722,""erased"":true,""height"":0.458857,""left"":0.23896,""top"":0.35547,""width"":0.269632}",7.3643694,7.6648874,0.30051804,0.00063342456,0.00046900965,0.024201892,0.01886832,-0.023568468,-0.01839931,0.0051691577,0.65003134,1.0950733,59.023286,64.634822,False,0.86788154,False,False,False,0.65003134,1.0950733,59.023286,64.634822,0.59001539,1.1100399,51.867344,57.574819,0.86762657,1.0427359,28.169609,29.373463,0.50092648,1.1673122,7.3194489,8.5440818,0.62487717,1.1444036,22.830761,26.127605,0.6091151,1.2717858,22.023561,28.009252,0.48914582,1.1091899,21.834524,24.218633,0.61794149,1.0148542,33.964978,34.469499
init,init,-1,,6291,108.White_necked_Raven/White_Necked_Raven_0042_797356.jpg,108,107,108.White_necked_Raven,114,113,identity,identity,0,{},5.5024867,5.5024867,0,0.004076622,0.004076622,0.03063059,0.03063059,-0.026553968,-0.026553968,0,1,1,56.989561,56.989561,False,1,True,False,False,1,1,56.989561,56.989561,1,1,48.045284,48.045284,1,1,30.650624,30.650624,1,1,19.736116,19.736116,1,1,19.452235,19.452235,1,1,16.963086,16.963086,1,1,17.909258,17.909258,1,1,30.527983,30.527983
init,init,-1,,6291,108.White_necked_Raven/White_Necked_Raven_0042_797356.jpg,108,107,108.White_necked_Raven,114,113,horizontal_flip,horizontal_flip,0,"{""flipped"":true}",5.5024867,5.5621762,0.059689522,0.004076622,0.0038404102,0.03063059,0.03034625,-0.026553968,-0.02650584,4.8128422e-05,0.62064771,1.0047042,56.989561,57.257653,False,0.97323024,False,False,False,0.62064771,1.0047042,56.989561,57.257653,0.47963226,1.0095493,48.045284,48.504082,0.97308098,0.99269901,30.650624,30.426845,-0.080723552,0.81118887,19.736116,16.009718,0.37010993,1.0731267,19.452235,20.874713,0.42606117,1.0769291,16.963086,18.268042,0.49200015,1.0413794,17.909258,18.650333,0.72925677,1.0249408,30.527983,31.289376
init,init,-1,,6291,108.White_necked_Raven/White_Necked_Raven_0042_797356.jpg,108,107,108.White_necked_Raven,114,113,color_jitter,color_jitter,0,"{""brightness"":0.974129,""contrast"":1.264171,""hue"":0.013059,""saturation"":0.748746}",5.5024867,5.7297935,0.22730684,0.004076622,0.0032477479,0.03063059,0.031627189,-0.026553968,-0.028379441,-0.001825473,0.8653456,1.0509286,56.989561,59.891958,False,0.97600281,True,False,False,0.8653456,1.0509286,56.989561,59.891958,0.81878323,1.0388788,48.045284,49.913225,0.97585885,1.0799653,30.650624,33.10161,0.87838665,0.8361559,19.736116,16.50247,0.79563522,0.96861429,19.452235,18.841712,0.73181196,1.044223,16.963086,17.713244,0.7639106,1.1425018,17.909258,20.461359,0.86277407,1.1018972,30.527983,33.6387
init,init,-1,,6291,108.White_necked_Raven/White_Necked_Raven_0042_797356.jpg,108,107,108.White_necked_Raven,114,113,rotation,rotation,0,"{""angle"":-7.691748}",5.5024867,5.5898743,0.087387562,0.004076622,0.0037354985,0.03063059,0.027809452,-0.026553968,-0.024073954,0.0024800147,0.7691698,1.0520518,56.989561,59.955972,False,0.9357875,True,False,False,0.7691698,1.0520518,56.989561,59.955972,0.7054805,1.0686661,48.045284,51.344366,0.93562266,1.0100689,30.650624,30.959241,0.89236797,0.907864,19.736116,17.917709,0.69937882,1.0662656,19.452235,20.741249,0.61029667,1.1580856,16.963086,19.644706,0.55550074,1.1066781,17.909258,19.819784,0.7307911,1.0895091,30.527983,33.260515
init,init,-1,,6291,108.White_necked_Raven/White_Necked_Raven_0042_797356.jpg,108,107,108.White_necked_Raven,114,113,random_resized_crop,random_resized_crop,0,"{""area_fraction"":0.577279,""aspect"":1.165035,""fallback"":false,""height"":0.70392,""left"":0.082175,""top"":0.151219,""width"":0.820092}",5.5024867,5.1883836,-0.31410313,0.004076622,0.0055810213,0.03063059,0.028337779,-0.026553968,-0.022756757,0.0037972112,0.72057809,0.96455014,56.989561,54.969289,False,0.93440813,True,False,False,0.72057809,0.96455014,56.989561,54.969289,0.63481553,0.96834575,48.045284,46.524446,0.93426268,0.9551599,30.650624,29.276247,0.75510329,0.8365977,19.736116,16.511189,0.5272653,0.96081925,19.452235,18.690081,0.52449219,1.1308944,16.963086,19.18346,0.55475987,1.0051086,17.909258,18.00075,0.70953139,0.95532841,30.527983,29.16425
init,init,-1,,6291,108.White_necked_Raven/White_Necked_Raven_0042_797356.jpg,108,107,108.White_necked_Raven,114,113,gaussian_blur,gaussian_blur,0,"{""sigma"":1.872182}",5.5024867,4.964952,-0.53753471,0.004076622,0.006978286,0.03063059,0.01491713,-0.026553968,-0.0079388437,0.018615125,0.61606552,0.90362527,56.989561,51.497208,False,0.8654108,False,False,False,0.61606552,0.90362527,56.989561,51.497208,0.51432493,0.90242007,48.045284,43.357028,0.86490993,0.90657978,30.650624,27.787236,0.67799588,0.49507505,19.736116,9.7708585,0.4489871,0.78990761,19.452235,15.365468,0.34552111,1.1395819,16.963086,19.330825,0.44227757,0.98648126,17.909258,17.667148,0.61705304,0.96198938,30.527983,29.367596
init,init,-1,,6291,108.White_necked_Raven/White_Necked_Raven_0042_797356.jpg,108,107,108.White_necked_Raven,114,113,random_erasing,random_erasing,0,"{""area_fraction"":0.093687,""erased"":true,""height"":0.449477,""left"":0.224265,""top"":0.064966,""width"":0.208436}",5.5024867,5.5017257,-0.0007610321,0.004076622,0.0040797251,0.03063059,0.020117648,-0.026553968,-0.016037923,0.010516046,0.76920735,0.94407039,56.989561,53.802157,False,0.94654042,False,False,False,0.76920735,0.94407039,56.989561,53.802157,0.69409502,0.93174748,48.045284,44.766072,0.94633954,0.97368687,30.650624,29.84411,0.75352542,0.52453848,19.736116,10.352352,0.70170484,0.77747528,19.452235,15.123632,0.64800693,1.0382129,16.963086,17.611295,0.62109038,1.0548222,17.909258,18.891084,0.75448004,1.0364186,30.527983,31.639769
init,init,-1,,3867,067.Anna_Hummingbird/Anna_Hummingbird_0038_57036.jpg,67,66,067.Anna_Hummingbird,4,3,identity,identity,0,{},5.1655726,5.1655726,0,0.0057097916,0.0057097916,0.028764291,0.028764291,-0.023054499,-0.023054499,0,1,1,53.136105,53.136105,False,1.0000001,True,False,False,1,1,53.136105,53.136105,1,1,43.344572,43.344572,1,1,30.73587,30.73587,1,1,8.1426942,8.1426942,1,1,14.69033,14.69033,1,1,17.480613,17.480613,1,1,18.010175,18.010175,1,1,31.09187,31.09187
init,init,-1,,3867,067.Anna_Hummingbird/Anna_Hummingbird_0038_57036.jpg,67,66,067.Anna_Hummingbird,4,3,horizontal_flip,horizontal_flip,0,"{""flipped"":true}",5.1655726,5.1131096,-0.052463055,0.0057097916,0.0060173408,0.028764291,0.024006285,-0.023054499,-0.017988944,0.0050655552,0.68212968,1.0786445,53.136105,57.314968,False,0.96361923,False,False,False,0.68212968,1.0786445,53.136105,57.314968,0.54043952,1.0780797,43.344572,46.728904,0.96347509,1.0797669,30.73587,33.187574,0.47545026,1.0199137,8.1426942,8.3048452,0.44296707,1.0482866,14.69033,15.399677,0.40864782,1.1869377,17.480613,20.7484,0.38417879,1.0748569,18.010175,19.358362,0.66801918,1.0531656,31.09187,32.744888
init,init,-1,,3867,067.Anna_Hummingbird/Anna_Hummingbird_0038_57036.jpg,67,66,067.Anna_Hummingbird,4,3,color_jitter,color_jitter,0,"{""brightness"":1.184639,""contrast"":1.019552,""hue"":-0.053089,""saturation"":1.159466}",5.1655726,4.8847876,-0.28078508,0.0057097916,0.0075607295,0.028764291,0.025446568,-0.023054499,-0.017885838,0.005168661,0.8763487,1.0057046,53.136105,53.439225,False,0.98537743,False,False,False,0.8763487,1.0057046,53.136105,53.439225,0.82356653,1.0170219,43.344572,44.082381,0.98531815,0.98281009,30.73587,30.207523,0.80608607,1.2865336,8.1426942,10.47585,0.62943436,1.0052092,14.69033,14.766855,0.81794287,1.0739077,17.480613,18.772565,0.79854402,0.99553033,18.010175,17.929676,0.88258601,0.98691456,31.09187,30.685019
init,init,-1,,3867,067.Anna_Hummingbird/Anna_Hummingbird_0038_57036.jpg,67,66,067.Anna_Hummingbird,4,3,rotation,rotation,0,"{""angle"":-1.283507}",5.1655726,5.0917721,-0.073800564,0.0057097916,0.0061471174,0.028764291,0.032095775,-0.023054499,-0.025948658,-0.0028941585,0.8550195,1.0569995,53.136105,56.164836,False,0.98086941,True,False,False,0.8550195,1.0569995,53.136105,56.164836,0.79713771,1.0826588,43.344572,46.927382,0.98080516,1.0040228,30.73587,30.859513,0.90022819,1.6529874,8.1426942,13.459771,0.64089502,1.148558,14.69033,16.872696,0.78599448,1.0945792,17.480613,19.133916,0.72717503,1.0428471,18.010175,18.78186,0.86213064,1.0259165,31.09187,31.897662
init,init,-1,,3867,067.Anna_Hummingbird/Anna_Hummingbird_0038_57036.jpg,67,66,067.Anna_Hummingbird,4,3,random_resized_crop,random_resized_crop,0,"{""area_fraction"":0.655561,""aspect"":1.121971,""fallback"":false,""height"":0.764391,""left"":0.080769,""top"":0.007108,""width"":0.857625}",5.1655726,5.1688499,0.0032773018,0.0057097916,0.0056911116,0.028764291,0.02215017,-0.023054499,-0.016459059,0.0065954407,0.69439367,0.97356826,53.136105,51.731625,False,0.94200391,False,False,False,0.69439367,0.97356826,53.136105,51.731625,0.5698308,0.97307964,43.344572,42.17772,0.94174657,0.97453927,30.73587,29.953312,0.33434473,1.3037299,8.1426942,10.615874,0.29343755,0.9964474,14.69033,14.638142,0.46696411,0.90013459,17.480613,15.734905,0.47103361,0.9542392,18.010175,17.186016,0.7205997,0.96971714,31.09187,30.150319
init,init,-1,,3867,067.Anna_Hummingbird/Anna_Hummingbird_0038_57036.jpg,67,66,067.Anna_Hummingbird,4,3,gaussian_blur,gaussian_blur,0,"{""sigma"":1.509554}",5.1655726,5.435503,0.26993036,0.0057097916,0.0043590409,0.028764291,0.030399991,-0.023054499,-0.02604095,-0.0029864511,0.66599843,1.2833155,53.136105,68.190389,False,0.91060001,False,False,False,0.66599843,1.2833155,53.136105,68.190389,0.57859127,1.382477,43.344572,59.922873,0.91009398,1.0588613,30.73587,32.545022,0.33670773,1.4727511,8.1426942,11.992161,0.4124787,1.6542568,14.69033,24.301579,0.58074716,1.6941968,17.480613,29.615599,0.53521538,1.3852924,18.010175,24.949359,0.68238361,1.1847151,31.09187,36.835009
init,init,-1,,3867,067.Anna_Hummingbird/Anna_Hummingbird_0038_57036.jpg,67,66,067.Anna_Hummingbird,4,3,random_erasing,random_erasing,0,"{""area_fraction"":0.187368,""erased"":true,""height"":0.562484,""left"":0.557215,""top"":0.265052,""width"":0.333108}",5.1655726,5.1346707,-0.030901909,0.0057097916,0.0058889911,0.028764291,0.025646521,-0.023054499,-0.01975753,0.0032969695,0.63263123,1.1050958,53.136105,58.720487,False,0.88594455,False,False,False,0.63263123,1.1050958,53.136105,58.720487,0.51626555,1.1346387,43.344572,49.18043,0.88568194,1.0438607,30.73587,32.083966,0.2809647,0.9593199,8.1426942,7.8114485,0.3526929,1.2159582,14.69033,17.862827,0.46786573,1.0304642,17.480613,18.013147,0.43348487,1.1782076,18.010175,21.219726,0.61258507,1.143414,31.09187,35.550881
init,init,-1,,3363,058.Pigeon_Guillemot/Pigeon_Guillemot_0055_40171.jpg,58,57,058.Pigeon_Guillemot,100,99,identity,identity,0,{},4.5713005,4.5713005,0,0.0103445,0.0103445,0.02935363,0.02935363,-0.01900913,-0.01900913,0,1,1,55.726414,55.726414,False,1,True,False,False,1,1,55.726414,55.726414,1,1,45.771324,45.771324,1,1,31.787091,31.787091,1,1,9.3833842,9.3833842,1,1,19.603217,19.603217,1,1,17.939167,17.939167,1,1,18.486969,18.486969,1,1,30.969313,30.969313
init,init,-1,,3363,058.Pigeon_Guillemot/Pigeon_Guillemot_0055_40171.jpg,58,57,058.Pigeon_Guillemot,100,99,horizontal_flip,horizontal_flip,0,"{""flipped"":true}",4.5713005,4.8107891,0.2394886,0.0103445,0.008141431,0.02935363,0.028683297,-0.01900913,-0.020541866,-0.0015327362,0.73231923,1.0289945,55.726414,57.342176,False,0.9702211,True,False,False,0.73231923,1.0289945,55.726414,57.342176,0.62778334,1.0561896,45.771324,48.343195,0.97011083,0.97018223,31.787091,30.839271,0.5648835,0.93445751,9.3833842,8.7683738,0.71333493,1.2579256,19.603217,24.659388,0.50161567,1.0142062,17.939167,18.194014,0.46490272,0.96614566,18.486969,17.861105,0.6942291,1.0221482,30.969313,31.655228
init,init,-1,,3363,058.Pigeon_Guillemot/Pigeon_Guillemot_0055_40171.jpg,58,57,058.Pigeon_Guillemot,100,99,color_jitter,color_jitter,0,"{""brightness"":0.91344,""contrast"":1.168401,""hue"":-0.071393,""saturation"":0.929177}",4.5713005,4.5799408,0.0086402893,0.0103445,0.010255502,0.02935363,0.030877553,-0.01900913,-0.020622051,-0.0016129212,0.90622332,1.0411368,55.726414,58.018818,False,0.99052429,True,False,False,0.90622332,1.0411368,55.726414,58.018818,0.86725565,1.0534598,45.771324,48.218249,0.99049717,1.0151095,31.787091,32.267378,0.78700327,1.1247543,9.3833842,10.554002,0.82300188,1.0972408,19.603217,21.509451,0.82895508,1.0985713,17.939167,19.707454,0.83425866,1.0259311,18.486969,18.966356,0.92125462,1.0225543,30.969313,31.667803
init,init,-1,,3363,058.Pigeon_Guillemot/Pigeon_Guillemot_0055_40171.jpg,58,57,058.Pigeon_Guillemot,100,99,rotation,rotation,0,"{""angle"":8.589383}",4.5713005,4.5055785,-0.065721989,0.0103445,0.011047196,0.02935363,0.041588657,-0.01900913,-0.030541461,-0.011532331,0.70087178,1.1236077,55.726414,62.614629,False,0.92864501,True,False,False,0.70087178,1.1236077,55.726414,62.614629,0.61130171,1.1804591,45.771324,54.031175,0.92835229,0.99543938,31.787091,31.642122,0.70083178,1.6023109,9.3833842,15.035099,0.50141845,1.0766846,19.603217,21.106482,0.55742983,1.3290011,17.939167,23.841173,0.5002913,1.1771065,18.486969,21.761131,0.71207115,1.1212973,30.969313,34.725808
init,init,-1,,3363,058.Pigeon_Guillemot/Pigeon_Guillemot_0055_40171.jpg,58,57,058.Pigeon_Guillemot,100,99,random_resized_crop,random_resized_crop,0,"{""area_fraction"":0.661608,""aspect"":0.997335,""fallback"":false,""height"":0.814479,""left"":0.060808,""top"":0.026432,""width"":0.812308}",4.5713005,4.4452333,-0.12606716,0.0103445,0.011734371,0.02935363,0.032664947,-0.01900913,-0.020930576,-0.0019214461,0.74075642,1.0189519,55.726414,56.782537,False,0.9511773,True,False,False,0.74075642,1.0189519,55.726414,56.782537,0.65408482,1.0604345,45.771324,48.537492,0.95103024,0.92704584,31.787091,29.46809,0.56930718,1.0186829,9.3833842,9.5586932,0.58914653,1.0189402,19.603217,19.974506,0.58451444,1.1399865,17.939167,20.450409,0.56475211,1.1286883,18.486969,20.866025,0.75022372,1.0271723,30.969313,31.810822
init,init,-1,,3363,058.Pigeon_Guillemot/Pigeon_Guillemot_0055_40171.jpg,58,57,058.Pigeon_Guillemot,100,99,gaussian_blur,gaussian_blur,0,"{""sigma"":1.505107}",4.5713005,4.7689285,0.19762802,0.0103445,0.0084894719,0.02935363,0.022457872,-0.01900913,-0.0139684,0.0050407303,0.63037307,1.109678,55.726414,61.838376,False,0.93843126,True,False,False,0.63037307,1.109678,55.726414,61.838376,0.52643335,1.1990385,45.771324,54.881579,0.93827736,0.89645076,31.787091,28.495562,-0.21264245,1.0123257,9.3833842,9.4990406,0.45970504,1.0227821,19.603217,20.04982,0.32056149,1.6972996,17.939167,30.44814,0.52230603,1.2034931,18.486969,22.24894,0.75118313,1.0697975,30.969313,33.130892
init,init,-1,,3363,058.Pigeon_Guillemot/Pigeon_Guillemot_0055_40171.jpg,58,57,058.Pigeon_Guillemot,100,99,random_erasing,random_erasing,0,"{""area_fraction"":0.152075,""erased"":true,""height"":0.239877,""left"":0.144425,""top"":0.720941,""width"":0.633972}",4.5713005,4.3619299,-0.20937061,0.0103445,0.012753746,0.02935363,0.024354143,-0.01900913,-0.011600397,0.0074087335,0.86106078,1.0417343,55.726414,58.052116,False,0.95748305,False,False,False,0.86106078,1.0417343,55.726414,58.052116,0.81418474,1.0382906,45.771324,47.523935,0.95730619,1.0488384,31.787091,33.339523,0.67733887,0.95684509,9.3833842,8.9784451,0.83390142,0.93633142,19.603217,18.355108,0.80730107,0.97681877,17.939167,17.523315,0.76130744,1.000786,18.486969,18.5015,0.84162731,1.1146515,30.969313,34.519992
init,init,-1,,5957,102.Western_Wood_Pewee/Western_Wood_Pewee_0039_795063.jpg,102,101,102.Western_Wood_Pewee,129,128,identity,identity,0,{},5.9711647,5.9711647,0,0.0025512681,0.0025512681,0.046767857,0.046767857,-0.044216589,-0.044216589,0,1,1,55.213425,55.213425,False,1,True,False,False,1,1,55.213425,55.213425,1,1,45.432219,45.432219,1,1,31.375719,31.375719,1,1,8.5986581,8.5986581,1,1,15.522366,15.522366,1,1,18.626141,18.626141,1,1,19.389914,19.389914,1,1,32.035978,32.035978
init,init,-1,,5957,102.Western_Wood_Pewee/Western_Wood_Pewee_0039_795063.jpg,102,101,102.Western_Wood_Pewee,129,128,horizontal_flip,horizontal_flip,0,"{""flipped"":true}",5.9711647,5.8272095,-0.14395523,0.0025512681,0.0029462865,0.046767857,0.031656858,-0.044216589,-0.028710571,0.015506018,0.63684792,1.0032467,55.213425,55.392686,False,0.96163732,True,False,False,0.63684792,1.0032467,55.213425,55.392686,0.48084746,1.0007002,45.432219,45.464029,0.96139976,1.0085652,31.375719,31.644457,0.10866516,0.70344172,8.5986581,6.0486548,0.12970106,1.0705325,15.522366,16.617197,0.39209552,1.0133377,18.626141,18.874571,0.35018316,1.0221539,19.389914,19.819477,0.67114434,0.9896648,32.035978,31.70488
init,init,-1,,5957,102.Western_Wood_Pewee/Western_Wood_Pewee_0039_795063.jpg,102,101,102.Western_Wood_Pewee,129,128,color_jitter,color_jitter,0,"{""brightness"":1.050296,""contrast"":0.638006,""hue"":0.040824,""saturation"":0.958428}",5.9711647,5.6821308,-0.28903389,0.0025512681,0.0034062921,0.046767857,0.051271077,-0.044216589,-0.047864785,-0.0036481963,0.83725407,1.0604788,55.213425,58.552668,False,0.98052323,True,False,False,0.83725407,1.0604788,55.213425,58.552668,0.78002601,1.1040824,45.432219,50.160914,0.98043054,0.96266364,31.375719,30.204264,0.77832329,0.88047325,8.5986581,7.5708884,0.61763787,1.4972347,15.522366,23.240624,0.73952736,1.1418994,18.626141,21.26918,0.76777049,1.0603727,19.389914,20.560536,0.87456113,1.0083713,32.035978,32.304159
init,init,-1,,5957,102.Western_Wood_Pewee/Western_Wood_Pewee_0039_795063.jpg,102,101,102.Western_Wood_Pewee,129,128,rotation,rotation,0,"{""angle"":-3.361996}",5.9711647,5.8017998,-0.16936493,0.0025512681,0.0030221115,0.046767857,0.053471919,-0.044216589,-0.050449808,-0.0062332188,0.80494471,1.019626,55.213425,56.297043,False,0.96111578,True,False,False,0.80494471,1.019626,55.213425,56.297043,0.73319368,1.0308175,45.432219,46.832328,0.96101439,0.9957522,31.375719,31.242442,0.78429586,1.0266282,8.5986581,8.8276245,0.64255424,1.1204858,15.522366,17.392591,0.66790516,0.98608052,18.626141,18.366875,0.6555769,1.0669281,19.389914,20.687643,0.80584215,1.0102819,32.035978,32.365368
init,init,-1,,5957,102.Western_Wood_Pewee/Western_Wood_Pewee_0039_795063.jpg,102,101,102.Western_Wood_Pewee,129,128,random_resized_crop,random_resized_crop,0,"{""area_fraction"":0.547735,""aspect"":1.128515,""fallback"":false,""height"":0.696677,""left"":0.008372,""top"":0.292052,""width"":0.786211}",5.9711647,5.7219782,-0.24918652,0.0025512681,0.0032732298,0.046767857,0.065865561,-0.044216589,-0.062592332,-0.018375743,0.61807691,1.0827852,55.213425,59.784281,False,0.88551056,True,False,False,0.61807691,1.0827852,55.213425,59.784281,0.51711542,1.1450402,45.432219,52.021719,0.88498799,0.9389477,31.375719,29.46016,0.46643918,1.3271496,8.5986581,11.411706,0.46165361,1.585534,15.522366,24.611238,0.44397295,1.2650352,18.626141,23.562725,0.43713107,1.1006948,19.389914,21.342377,0.62908129,0.96696706,32.035978,30.977735
init,init,-1,,5957,102.Western_Wood_Pewee/Western_Wood_Pewee_0039_795063.jpg,102,101,102.Western_Wood_Pewee,129,128,gaussian_blur,gaussian_blur,0,"{""sigma"":1.837896}",5.9711647,5.7431326,-0.22803211,0.0025512681,0.0032047145,0.046767857,0.044432014,-0.044216589,-0.0412273,0.0029892891,0.5319516,1.3942441,55.213425,76.980992,False,0.86748391,True,False,False,0.5319516,1.3942441,55.213425,76.980992,0.43981218,1.5457455,45.432219,70.226647,0.86698729,1.0049931,31.375719,31.532382,0.25017028,1.5103883,8.5986581,12.987312,0.31853387,2.0932346,15.522366,32.491952,0.26444988,1.7468952,18.626141,32.537917,0.40942844,1.7247686,19.389914,33.443114,0.62950241,1.2210682,32.035978,39.118113
init,init,-1,,5957,102.Western_Wood_Pewee/Western_Wood_Pewee_0039_795063.jpg,102,101,102.Western_Wood_Pewee,129,128,random_erasing,random_erasing,0,"{""area_fraction"":0.193447,""erased"":true,""height"":0.496611,""left"":0.136044,""top"":0.241847,""width"":0.389534}",5.9711647,6.3878417,0.416677,0.0025512681,0.0016818825,0.046767857,0.021929681,-0.044216589,-0.020247799,0.02396879,0.67740667,1.0198034,55.213425,56.306836,False,0.89293444,True,False,False,0.67740667,1.0198034,55.213425,56.306836,0.58268618,1.0430719,45.432219,47.389073,0.89241198,0.96920374,31.375719,30.409464,0.46719377,0.91515155,8.5986581,7.8690752,0.51366093,1.1124013,15.522366,17.2671,0.54376798,1.0595284,18.626141,19.734926,0.53527631,1.071846,19.389914,20.783001,0.64074401,1.0183184,32.035978,32.622825
init,init,-1,,1343,025.Pelagic_Cormorant/Pelagic_Cormorant_0054_23812.jpg,25,24,025.Pelagic_Cormorant,8,7,identity,identity,0,{},5.5095778,5.5095778,0,0.0040478171,0.0040478171,0.039743003,0.039743003,-0.035695185,-0.035695185,0,1,1,50.368659,50.368659,False,1,True,False,False,1,1,50.368659,50.368659,1,1,40.168646,40.168646,1,1,30.388842,30.388842,1,1,7.1611513,7.1611513,1,1,11.766111,11.766111,1,1,15.024888,15.024888,1,1,16.293864,16.293864,1,1,30.537835,30.537835
init,init,-1,,1343,025.Pelagic_Cormorant/Pelagic_Cormorant_0054_23812.jpg,25,24,025.Pelagic_Cormorant,8,7,horizontal_flip,horizontal_flip,0,"{""flipped"":true}",5.5095778,5.4062767,-0.10330105,0.0040478171,0.0044883206,0.039743003,0.041024599,-0.035695185,-0.036536279,-0.00084109325,0.68614942,1.1211318,50.368659,56.469907,False,0.95897329,True,False,False,0.68614942,1.1211318,50.368659,56.469907,0.53495103,1.1335232,40.168646,45.532092,0.95879701,1.0991462,30.388842,33.401781,0.45929083,1.1348534,7.1611513,8.1268572,0.059584317,1.2629311,11.766111,14.859787,0.29411148,1.0292941,15.024888,15.46503,0.40370726,1.1650776,16.293864,18.983617,0.71106041,1.1280921,30.537835,34.449491
init,init,-1,,1343,025.Pelagic_Cormorant/Pelagic_Cormorant_0054_23812.jpg,25,24,025.Pelagic_Cormorant,8,7,color_jitter,color_jitter,0,"{""brightness"":0.831764,""contrast"":0.738592,""hue"":0.095722,""saturation"":1.377062}",5.5095778,5.7088075,0.19922972,0.0040478171,0.0033166255,0.039743003,0.026680205,-0.035695185,-0.02336358,0.012331606,0.71744802,1.0452783,50.368659,52.649269,False,0.93463391,True,False,False,0.71744802,1.0452783,50.368659,52.649269,0.61620068,1.1050624,40.168646,44.38886,0.93432914,0.93166082,30.388842,28.312093,0.31337862,0.76730617,7.1611513,5.4947956,0.26786707,1.512105,11.766111,17.791594,0.48422625,1.2219169,15.024888,18.359165,0.55472636,1.1041603,16.293864,17.991038,0.77470719,1.0161376,30.537835,31.030644
init,init,-1,,1343,025.Pelagic_Cormorant/Pelagic_Cormorant_0054_23812.jpg,25,24,025.Pelagic_Cormorant,8,7,rotation,rotation,0,"{""angle"":14.15864}",5.5095778,5.0378437,-0.47173405,0.0040478171,0.0064877234,0.039743003,0.019133437,-0.035695185,-0.012645714,0.023049471,0.66430958,1.1152591,50.368659,56.174105,False,0.89649463,True,False,False,0.66430958,1.1152591,50.368659,56.174105,0.54600134,1.1552757,40.168646,46.405861,0.8959147,1.0416585,30.388842,31.654796,0.59954425,1.2303534,7.1611513,8.8107465,0.31839313,1.2670229,11.766111,14.907932,0.39172309,1.0904588,15.024888,16.384021,0.36952584,1.2052961,16.293864,19.63893,0.6707618,1.1341296,30.537835,34.633863
init,init,-1,,1343,025.Pelagic_Cormorant/Pelagic_Cormorant_0054_23812.jpg,25,24,025.Pelagic_Cormorant,8,7,random_resized_crop,random_resized_crop,0,"{""area_fraction"":0.741616,""aspect"":0.759238,""fallback"":false,""height"":0.988327,""left"":0.228683,""top"":8.9e-05,""width"":0.750375}",5.5095778,5.5885696,0.07899189,0.0040478171,0.0037403735,0.039743003,0.03710971,-0.035695185,-0.033369337,0.0023258487,0.67647097,1.1130063,50.368659,56.060636,False,0.88171315,True,False,False,0.67647097,1.1130063,50.368659,56.060636,0.58355882,1.1835421,40.168646,47.541283,0.88140044,0.97762672,30.388842,29.708944,0.30393305,1.272599,7.1611513,9.1132738,0.49030094,1.5284173,11.766111,17.983527,0.49071632,1.2989921,15.024888,19.517212,0.50072918,1.143691,16.293864,18.635146,0.67825964,1.098599,30.537835,33.548835
init,init,-1,,1343,025.Pelagic_Cormorant/Pelagic_Cormorant_0054_23812.jpg,25,24,025.Pelagic_Cormorant,8,7,gaussian_blur,gaussian_blur,0,"{""sigma"":1.674852}",5.5095778,6.0158486,0.50627089,0.0040478171,0.0024397771,0.039743003,0.0375912,-0.035695185,-0.035151423,0.00054376223,0.60666131,0.97844066,50.368659,49.282744,False,0.8940531,True,False,False,0.60666131,0.97844066,50.368659,49.282744,0.47904307,1.0481993,40.168646,42.104745,0.89386908,0.84281239,30.388842,25.612093,0.23923689,1.5344793,7.1611513,10.988638,0.1954788,1.1960071,11.766111,14.072352,0.22443117,1.1840131,15.024888,17.789665,0.41514152,1.16602,16.293864,18.998971,0.67038636,0.91255514,30.537835,27.867459
init,init,-1,,1343,025.Pelagic_Cormorant/Pelagic_Cormorant_0054_23812.jpg,25,24,025.Pelagic_Cormorant,8,7,random_erasing,random_erasing,0,"{""area_fraction"":0.19144,""erased"":true,""height"":0.438769,""left"":0.19966,""top"":0.518976,""width"":0.436312}",5.5095778,5.1313238,-0.37825394,0.0040478171,0.0059087342,0.039743003,0.023066087,-0.035695185,-0.017157353,0.018537833,0.69616992,1.1153631,50.368659,56.179344,False,0.92280179,False,False,False,0.69616992,1.1153631,50.368659,56.179344,0.58910075,1.1764208,40.168646,47.255229,0.92250017,0.99977275,30.388842,30.381936,0.50483076,0.98941563,7.1611513,7.085355,0.36299028,1.3152583,11.766111,15.475474,0.48502164,1.3224495,15.024888,19.869656,0.46687001,1.2155784,16.293864,19.80647,0.7040026,1.1135004,30.537835,34.003891
init,init,-1,,10014,171.Myrtle_Warbler/Myrtle_Warbler_0026_166680.jpg,171,170,171.Myrtle_Warbler,129,128,identity,identity,0,{},4.3311148,4.3311148,0,0.013152876,0.013152876,0.037209649,0.037209649,-0.024056773,-0.024056773,0,1,1,54.802769,54.802769,False,0.99999988,True,False,False,1,1,54.802769,54.802769,1,1,44.909736,44.909736,1,1,31.407947,31.407947,1,1,4.8974623,4.8974623,1,1,13.433108,13.433108,1,1,19.392711,19.392711,1,1,19.128243,19.128243,1,1,32.71825,32.71825
init,init,-1,,10014,171.Myrtle_Warbler/Myrtle_Warbler_0026_166680.jpg,171,170,171.Myrtle_Warbler,129,128,horizontal_flip,horizontal_flip,0,"{""flipped"":true}",4.3311148,4.8187356,0.48762083,0.013152876,0.0080769928,0.037209649,0.043309301,-0.024056773,-0.035232308,-0.011175536,0.67808185,0.96142449,54.802769,52.688724,False,0.96103913,True,False,False,0.67808185,0.96142449,54.802769,52.688724,0.53920761,0.96017825,44.909736,43.121351,0.96090733,0.9639675,31.407947,30.27624,0.34378632,1.1001617,4.8974623,5.3880002,0.26198627,0.92566669,13.433108,12.434581,0.4534339,0.86581786,19.392711,16.790556,0.39182851,0.98797386,19.128243,18.898204,0.66645464,0.98411119,32.71825,32.198396
init,init,-1,,10014,171.Myrtle_Warbler/Myrtle_Warbler_0026_166680.jpg,171,170,171.Myrtle_Warbler,129,128,color_jitter,color_jitter,0,"{""brightness"":1.113618,""contrast"":1.15226,""hue"":-0.012283,""saturation"":0.975212}",4.3311148,4.5048585,0.17374372,0.013152876,0.011055153,0.037209649,0.030300844,-0.024056773,-0.019245692,0.0048110811,0.91150277,0.96627893,54.802769,52.954761,False,0.98628932,True,False,False,0.91150277,0.96627893,54.802769,52.954761,0.87570975,0.97236184,44.909736,43.668513,0.98622981,0.95372125,31.407947,29.954426,0.6833448,1.0880891,4.8974623,5.3288751,0.75103611,0.94602785,13.433108,12.708094,0.85381246,0.920232,19.392711,17.845794,0.84270389,0.99029175,19.128243,18.942541,0.91991669,0.98554234,32.71825,32.245221
init,init,-1,,10014,171.Myrtle_Warbler/Myrtle_Warbler_0026_166680.jpg,171,170,171.Myrtle_Warbler,129,128,rotation,rotation,0,"{""angle"":-5.221658}",4.3311148,4.3193464,-0.011768341,0.013152876,0.013308583,0.037209649,0.04398429,-0.024056773,-0.030675707,-0.0066189347,0.71852417,1.0651572,54.802769,58.373564,False,0.94957554,True,False,False,0.71852417,1.0651572,54.802769,58.373564,0.61508444,1.0922312,44.909736,49.051812,0.94940396,1.0075409,31.407947,31.64479,0.22773763,1.4840941,4.8974623,7.2682947,0.42939462,1.266119,13.433108,17.007914,0.52932903,1.1588503,19.392711,22.473249,0.51843633,1.1213237,19.128243,21.448953,0.74255525,1.0131757,32.71825,33.149337
init,init,-1,,10014,171.Myrtle_Warbler/Myrtle_Warbler_0026_166680.jpg,171,170,171.Myrtle_Warbler,129,128,random_resized_crop,random_resized_crop,0,"{""area_fraction"":0.66336,""aspect"":0.921368,""fallback"":false,""height"":0.848512,""left"":0.06134,""top"":0.111303,""width"":0.781792}",4.3311148,4.6856375,0.35452271,0.013152876,0.0092268493,0.037209649,0.042739931,-0.024056773,-0.033513082,-0.0094563095,0.65416818,0.9793113,54.802769,53.668971,False,0.91254413,True,False,False,0.65416818,0.9793113,54.802769,53.668971,0.53444815,0.99526393,44.909736,44.69704,0.91230865,0.94585799,31.407947,29.707457,-0.02346701,1.3920449,4.8974623,6.8174874,0.32595845,1.2197314,13.433108,16.384785,0.469926,1.0555896,19.392711,20.470744,0.45572692,1.002279,19.128243,19.171837,0.66173303,0.91502018,32.71825,29.937859
init,init,-1,,10014,171.Myrtle_Warbler/Myrtle_Warbler_0026_166680.jpg,171,170,171.Myrtle_Warbler,129,128,gaussian_blur,gaussian_blur,0,"{""sigma"":1.941389}",4.3311148,4.4235101,0.092395306,0.013152876,0.011992064,0.037209649,0.039873134,-0.024056773,-0.02788107,-0.0038242973,0.66854355,1.0258433,54.802769,56.219055,False,0.91473401,True,False,False,0.66854355,1.0258433,54.802769,56.219055,0.54777561,1.0243843,44.909736,46.004828,0.91440163,1.02882,31.407947,32.313124,0.16522165,1.2560063,4.8974623,6.1512437,0.2320786,1.0458427,13.433108,14.048919,0.39351579,0.98724558,19.392711,19.145369,0.48699514,1.0732096,19.128243,20.528613,0.68923844,1.0105846,32.71825,33.06456
init,init,-1,,10014,171.Myrtle_Warbler/Myrtle_Warbler_0026_166680.jpg,171,170,171.Myrtle_Warbler,129,128,random_erasing,random_erasing,0,"{""area_fraction"":0.050277,""erased"":true,""height"":0.294443,""left"":0.729437,""top"":0.457297,""width"":0.170752}",4.3311148,4.2597647,-0.071350098,0.013152876,0.014125623,0.037209649,0.041666985,-0.024056773,-0.027541362,-0.003484589,0.89972625,1.0585366,54.802769,58.010735,False,0.97817016,True,False,False,0.89972625,1.0585366,54.802769,58.010735,0.86326253,1.0729808,44.909736,48.187284,0.97806503,1.0283731,31.407947,32.299087,0.84310279,1.2090733,4.8974623,5.921391,0.84905399,1.1602811,13.433108,15.586181,0.84932454,1.1198319,19.392711,21.716576,0.82287145,1.0664204,19.128243,20.398749,0.88730437,1.0393119,32.71825,34.004467
init,init,-1,,3605,062.Herring_Gull/Herring_Gull_0065_48098.jpg,62,61,062.Herring_Gull,8,7,identity,identity,0,{},5.1502304,5.1502304,0,0.0057980674,0.0057980674,0.026754394,0.026754394,-0.020956327,-0.020956327,0,1,1,52.13481,52.13481,False,1,True,False,False,1,1,52.13481,52.13481,1,1,45.058182,45.058182,1,1,26.225915,26.225915,1,1,7.6122179,7.6122179,1,1,17.282847,17.282847,1,1,18.915441,18.915441,1,1,19.037312,19.037312,1,1,30.876916,30.876916
init,init,-1,,3605,062.Herring_Gull/Herring_Gull_0065_48098.jpg,62,61,062.Herring_Gull,8,7,horizontal_flip,horizontal_flip,0,"{""flipped"":true}",5.1502304,5.4043398,0.25410938,0.0057980674,0.0044970219,0.026754394,0.020482026,-0.020956327,-0.015985004,0.0049713226,0.63633168,1.0220796,52.13481,53.285923,False,0.95111465,True,False,False,0.63633168,1.0220796,52.13481,53.285923,0.52974111,1.0220976,45.058182,46.053862,0.9509871,1.0220262,26.225915,26.803572,0.49784698,1.3985806,7.6122179,10.6463,0.28908855,0.9400141,17.282847,16.24612,0.46041633,1.0621577,18.915441,20.091181,0.44440723,1.0707132,19.037312,20.383502,0.67138216,0.98475422,30.876916,30.406173
init,init,-1,,3605,062.Herring_Gull/Herring_Gull_0065_48098.jpg,62,61,062.Herring_Gull,8,7,color_jitter,color_jitter,0,"{""brightness"":1.068373,""contrast"":1.173033,""hue"":-0.062039,""saturation"":1.379359}",5.1502304,4.9856253,-0.16460514,0.0057980674,0.0068355035,0.026754394,0.028399995,-0.020956327,-0.021564491,-0.00060816435,0.74897092,0.98643989,52.13481,51.427856,False,0.95041114,True,False,False,0.74897092,0.98643989,52.13481,51.427856,0.67736689,0.97297421,45.058182,43.840449,0.95032591,1.0251567,26.225915,26.885673,0.6493386,1.1731539,7.6122179,8.9303032,0.55549774,0.90599855,17.282847,15.658234,0.60673853,0.93642145,18.915441,17.712825,0.58197736,0.97199744,19.037312,18.504219,0.77633203,0.9934334,30.876916,30.67416
init,init,-1,,3605,062.Herring_Gull/Herring_Gull_0065_48098.jpg,62,61,062.Herring_Gull,8,7,rotation,rotation,0,"{""angle"":4.608091}",5.1502304,5.1765919,0.026361465,0.0057980674,0.0056472202,0.026754394,0.019293845,-0.020956327,-0.013646625,0.0073097022,0.74403546,1.0163857,52.13481,52.989077,False,0.93666017,False,False,False,0.74403546,1.0163857,52.13481,52.989077,0.67926573,1.0181177,45.058182,45.874532,0.93653235,1.011256,26.225915,26.521115,0.63256373,1.3350859,7.6122179,10.162965,0.69805689,1.1117458,17.282847,19.214132,0.63266404,1.126685,18.915441,21.311743,0.56137508,0.95849372,19.037312,18.247145,0.75017235,0.94136328,30.876916,29.066395
init,init,-1,,3605,062.Herring_Gull/Herring_Gull_0065_48098.jpg,62,61,062.Herring_Gull,8,7,random_resized_crop,random_resized_crop,0,"{""area_fraction"":0.709805,""aspect"":1.1647,""fallback"":false,""height"":0.780661,""left"":0.070522,""top"":0.062,""width"":0.909236}",5.1502304,5.1727304,0.022500038,0.0057980674,0.0056690671,0.026754394,0.018731646,-0.020956327,-0.013062579,0.0078937477,0.72213052,1.031632,52.13481,53.783939,False,0.9388473,False,False,False,0.72213052,1.031632,52.13481,53.783939,0.65716432,1.0576987,45.058182,47.65798,0.93867923,0.95052839,26.225915,24.928477,0.68727958,1.5464496,7.6122179,11.771912,0.63890008,1.2349792,17.282847,21.343957,0.59918742,1.0472101,18.915441,19.80844,0.57616099,1.012275,19.037312,19.270996,0.72658737,0.97880329,30.876916,30.222427
init,init,-1,,3605,062.Herring_Gull/Herring_Gull_0065_48098.jpg,62,61,062.Herring_Gull,8,7,gaussian_blur,gaussian_blur,0,"{""sigma"":1.575653}",5.1502304,4.7904501,-0.35978031,0.0057980674,0.008308717,0.026754394,0.031495664,-0.020956327,-0.023186947,-0.0022306205,0.53488352,1.1216016,52.13481,58.474484,False,0.77164531,True,False,False,0.53488352,1.1216016,52.13481,58.474484,0.464565,1.1528123,45.058182,51.943625,0.77146394,1.0239403,26.225915,26.853772,0.46393862,1.3340513,7.6122179,10.155089,0.56521667,1.4085185,17.282847,24.34321,0.30551721,1.1225733,18.915441,21.233968,0.33910978,1.1990522,19.037312,22.826731,0.54840664,1.0396476,30.876916,32.101111
init,init,-1,,3605,062.Herring_Gull/Herring_Gull_0065_48098.jpg,62,61,062.Herring_Gull,8,7,random_erasing,random_erasing,0,"{""area_fraction"":0.104814,""erased"":true,""height"":0.384989,""left"":0.074973,""top"":0.073773,""width"":0.272252}",5.1502304,5.1536684,0.0034379959,0.0057980674,0.0057781697,0.026754394,0.02283534,-0.020956327,-0.017057171,0.0038991561,0.90884586,1.0534616,52.13481,54.922022,False,0.98592508,True,False,False,0.90884586,1.0534616,52.13481,54.922022,0.88312603,1.0571227,45.058182,47.632026,0.98588982,1.0425801,26.225915,27.342616,0.89986563,1.0314403,7.6122179,7.8515483,0.86814082,0.99926882,17.282847,17.27021,0.87466331,1.1503705,18.915441,21.759765,0.8573497,1.0599775,19.037312,20.179123,0.90204338,1.0385055,30.876916,32.065847
init,init,-1,,11366,193.Bewick_Wren/Bewick_Wren_0067_184816.jpg,193,192,193.Bewick_Wren,129,128,identity,identity,0,{},6.0895662,6.0895662,0,0.0022663926,0.0022663926,0.052460391,0.052460391,-0.050193998,-0.050193998,0,1,1,53.111012,53.111012,False,1,True,False,False,1,1,53.111012,53.111012,1,1,44.056412,44.056412,1,1,29.661628,29.661628,1,1,5.7370312,5.7370312,1,1,18.601112,18.601112,1,1,18.076921,18.076921,1,1,18.821176,18.821176,1,1,29.682331,29.682331
init,init,-1,,11366,193.Bewick_Wren/Bewick_Wren_0067_184816.jpg,193,192,193.Bewick_Wren,129,128,horizontal_flip,horizontal_flip,0,"{""flipped"":true}",6.0895662,6.5238419,0.43427563,0.0022663926,0.001468018,0.052460391,0.073276922,-0.050193998,-0.071808904,-0.021614906,0.63803177,1.0272164,53.111012,54.556504,False,0.95093626,True,False,False,0.63803177,1.0272164,53.111012,54.556504,0.48657207,1.003895,44.056412,44.228014,0.95058036,1.0768814,29.661628,31.942056,0.49178104,0.94226863,5.7370312,5.4058245,0.28978676,0.8355551,18.601112,15.542254,0.33412692,1.011504,18.076921,18.284878,0.41773441,1.0511018,18.821176,19.782972,0.63414071,1.0436476,29.682331,30.977893
init,init,-1,,11366,193.Bewick_Wren/Bewick_Wren_0067_184816.jpg,193,192,193.Bewick_Wren,129,128,color_jitter,color_jitter,0,"{""brightness"":1.33716,""contrast"":1.320027,""hue"":0.001226,""saturation"":0.774763}",6.0895662,6.0542765,-0.035289764,0.0022663926,0.0023477999,0.052460391,0.044083096,-0.050193998,-0.041735296,0.0084587024,0.82235895,0.96633048,53.111012,51.32279,False,0.97178197,True,False,False,0.82235895,0.96633048,53.111012,51.32279,0.75107378,0.94816738,44.056412,41.772852,0.97164248,1.0052404,29.661628,29.817068,0.5204256,1.1184155,5.7370312,6.4163845,0.62697767,0.77693134,18.601112,14.451787,0.6692976,0.85146911,18.076921,15.391939,0.71670597,0.97870595,18.821176,18.420397,0.84456717,1.0211618,29.682331,30.310464
init,init,-1,,11366,193.Bewick_Wren/Bewick_Wren_0067_184816.jpg,193,192,193.Bewick_Wren,129,128,rotation,rotation,0,"{""angle"":-1.477489}",6.0895662,5.9779625,-0.11160374,0.0022663926,0.0025339832,0.052460391,0.046168715,-0.050193998,-0.043634732,0.0065592669,0.80322713,0.89951597,53.111012,47.774203,False,0.97374439,True,False,False,0.80322713,0.89951597,53.111012,47.774203,0.72261617,0.88632965,44.056412,39.048504,0.97366238,0.92794407,29.661628,27.524332,0.46023875,0.96273265,5.7370312,5.5232273,0.66871284,0.76430122,18.601112,14.216852,0.64752742,0.88747831,18.076921,16.042875,0.63149701,0.89286105,18.821176,16.804695,0.81579227,0.9241091,29.682331,27.429712
init,init,-1,,11366,193.Bewick_Wren/Bewick_Wren_0067_184816.jpg,193,192,193.Bewick_Wren,129,128,random_resized_crop,random_resized_crop,0,"{""area_fraction"":0.704724,""aspect"":1.217046,""fallback"":false,""height"":0.76095,""left"":0.037633,""top"":0.229882,""width"":0.926111}",6.0895662,6.2077746,0.11820841,0.0022663926,0.0020137136,0.052460391,0.049406141,-0.050193998,-0.047392427,0.002801571,0.65782174,1.0507618,53.111012,55.807022,False,0.92067283,True,False,False,0.65782174,1.0507618,53.111012,55.807022,0.53706714,1.0460337,44.056412,46.084492,0.92047956,1.061118,29.661628,31.474487,0.46238369,1.0849499,5.7370312,6.2243917,0.4342163,0.821374,18.601112,15.27847,0.41636058,1.1177377,18.076921,20.205256,0.43560096,1.0631598,18.821176,20.009918,0.66178252,1.0880155,29.682331,32.294837
init,init,-1,,11366,193.Bewick_Wren/Bewick_Wren_0067_184816.jpg,193,192,193.Bewick_Wren,129,128,gaussian_blur,gaussian_blur,0,"{""sigma"":1.297187}",6.0895662,5.6888623,-0.40070391,0.0022663926,0.0033834407,0.052460391,0.036965724,-0.050193998,-0.033582283,0.016611715,0.7038749,1.0075549,53.111012,53.512263,False,0.92464137,True,False,False,0.7038749,1.0075549,53.111012,53.512263,0.61889948,1.0481711,44.056412,46.178656,0.9243565,0.91157332,29.661628,27.038749,0.28376043,1.6420895,5.7370312,9.420719,0.65117738,0.90373773,18.601112,16.810527,0.56476085,1.2012561,18.076921,21.715011,0.5182296,1.0435641,18.821176,19.641105,0.70253515,1.0128393,29.682331,30.063431
init,init,-1,,11366,193.Bewick_Wren/Bewick_Wren_0067_184816.jpg,193,192,193.Bewick_Wren,129,128,random_erasing,random_erasing,0,"{""area_fraction"":0.149571,""erased"":true,""height"":0.279604,""left"":0.450612,""top"":0.169981,""width"":0.534939}",6.0895662,6.0068035,-0.082762718,0.0022663926,0.0024619452,0.052460391,0.049800698,-0.050193998,-0.047338753,0.002855246,0.80662007,1.0081778,53.111012,53.545341,False,0.96499205,True,False,False,0.80662007,1.0081778,53.111012,53.545341,0.73241479,0.99662583,44.056412,43.907758,0.96488611,1.033206,29.661628,30.646572,0.62685021,0.86763928,5.7370312,4.9776737,0.66950225,0.8380896,18.601112,15.589398,0.63554686,1.0026352,18.076921,18.124556,0.68550259,1.0194986,18.821176,19.188164,0.81293802,1.0456954,29.682331,31.038676
init,init,-1,,7676,131.Vesper_Sparrow/Vesper_Sparrow_0057_125649.jpg,131,130,131.Vesper_Sparrow,129,128,identity,identity,0,{},6.2356844,6.2356844,0,0.001958289,0.001958289,0.032529466,0.032529466,-0.030571177,-0.030571177,0,1,1,39.068866,39.068866,False,0.99999994,True,False,False,1,1,39.068866,39.068866,1,1,30.878023,30.878023,1,1,23.935832,23.935832,1,1,3.7404338,3.7404338,1,1,10.115015,10.115015,1,1,11.820767,11.820767,1,1,13.090731,13.090731,1,1,22.935783,22.935783
init,init,-1,,7676,131.Vesper_Sparrow/Vesper_Sparrow_0057_125649.jpg,131,130,131.Vesper_Sparrow,129,128,horizontal_flip,horizontal_flip,0,"{""flipped"":true}",6.2356844,6.1593275,-0.076356888,0.001958289,0.0021136748,0.032529466,0.026861735,-0.030571177,-0.02474806,0.005823117,0.72457611,1.0557957,39.068866,41.248742,False,0.97119194,True,False,False,0.72457611,1.0557957,39.068866,41.248742,0.57585261,1.054291,30.878023,32.554422,0.97114651,1.0582951,23.935832,25.331173,0.61135688,1.1263515,3.7404338,4.2130431,0.54878266,1.1004614,10.115015,11.131183,0.47915321,1.1057618,11.820767,13.070952,0.45003994,1.050402,13.090731,13.75053,0.6502979,1.0301143,22.935783,23.626479
init,init,-1,,7676,131.Vesper_Sparrow/Vesper_Sparrow_0057_125649.jpg,131,130,131.Vesper_Sparrow,129,128,color_jitter,color_jitter,0,"{""brightness"":1.3147,""contrast"":0.994582,""hue"":-0.090566,""saturation"":1.311035}",6.2356844,6.3479733,0.11228895,0.001958289,0.001750291,0.032529466,0.029556274,-0.030571177,-0.027805983,0.0027651935,0.73592799,1.2140936,39.068866,47.43326,False,0.92164046,False,False,False,0.73592799,1.2140936,39.068866,47.43326,0.63333867,1.2472438,30.878023,38.512423,0.92133907,1.1568214,23.935832,27.689482,0.28878813,1.2859086,3.7404338,4.8098561,0.47675987,1.102472,10.115015,11.151521,0.66150627,1.3696274,11.820767,16.190046,0.58587183,1.3275089,13.090731,17.378062,0.68168874,1.2111078,22.935783,27.777706
init,init,-1,,7676,131.Vesper_Sparrow/Vesper_Sparrow_0057_125649.jpg,131,130,131.Vesper_Sparrow,129,128,rotation,rotation,0,"{""angle"":-7.955895}",6.2356844,6.1414833,-0.094201088,0.001958289,0.0021517293,0.032529466,0.025049111,-0.030571177,-0.022897382,0.0076737953,0.76166063,1.088909,39.068866,42.542438,False,0.96719402,True,False,False,0.76166063,1.088909,39.068866,42.542438,0.65141589,1.128314,30.878023,34.840104,0.96713441,1.0199624,23.935832,24.413648,0.26570512,1.2791737,3.7404338,4.7846646,0.38590714,1.2910362,10.115015,13.05885,0.52249001,1.096925,11.820767,12.966495,0.63342445,1.1491784,13.090731,15.043585,0.76717442,1.0908426,22.935783,25.01933
init,init,-1,,7676,131.Vesper_Sparrow/Vesper_Sparrow_0057_125649.jpg,131,130,131.Vesper_Sparrow,129,128,random_resized_crop,random_resized_crop,0,"{""area_fraction"":0.79489,""aspect"":1.233505,""fallback"":false,""height"":0.802755,""left"":0.004285,""top"":0.021426,""width"":0.990203}",6.2356844,5.9597273,-0.27595711,0.001958289,0.0025806152,0.032529466,0.034513354,-0.030571177,-0.031932739,-0.0013615622,0.76350341,1.0539321,39.068866,41.175932,False,0.95662659,True,False,False,0.76350341,1.0539321,39.068866,41.175932,0.65209313,1.0689677,30.878023,33.007608,0.95658209,1.0284229,23.935832,24.616157,0.4351503,0.95686428,3.7404338,3.5790875,0.61159565,1.2733671,10.115015,12.880127,0.56608143,1.0950935,11.820767,12.944845,0.58550239,1.0730108,13.090731,14.046496,0.71811177,1.0187123,22.935783,23.364965
init,init,-1,,7676,131.Vesper_Sparrow/Vesper_Sparrow_0057_125649.jpg,131,130,131.Vesper_Sparrow,129,128,gaussian_blur,gaussian_blur,0,"{""sigma"":1.88675}",6.2356844,6.6010451,0.36536074,0.001958289,0.001358947,0.032529466,0.029508425,-0.030571177,-0.028149478,0.002421699,0.53566823,1.4478136,39.068866,56.564435,False,0.87381995,True,False,False,0.53566823,1.4478136,39.068866,56.564435,0.39803849,1.5992638,30.878023,49.382103,0.87363634,1.1524646,23.935832,27.5852,0.58172514,2.4404302,3.7404338,9.1282677,0.2554193,2.1368217,10.115015,21.613983,0.19071473,1.8173689,11.820767,21.482694,0.31249589,1.6767908,13.090731,21.950417,0.55747401,1.3401418,22.935783,30.737202
init,init,-1,,7676,131.Vesper_Sparrow/Vesper_Sparrow_0057_125649.jpg,131,130,131.Vesper_Sparrow,129,128,random_erasing,random_erasing,0,"{""area_fraction"":0.139286,""erased"":true,""height"":0.371943,""left"":0.304832,""top"":0.317916,""width"":0.374481}",6.2356844,6.810226,0.57454157,0.001958289,0.0011024439,0.032529466,0.040620282,-0.030571177,-0.039517838,-0.0089466615,0.57022685,1.3880108,39.068866,54.22801,False,0.85780704,True,False,False,0.57022685,1.3880108,39.068866,54.22801,0.44506128,1.5116175,30.878023,46.67576,0.8575813,1.1533028,23.935832,27.605262,0.46248542,1.593157,3.7404338,5.9590981,0.32134366,1.753574,10.115015,17.737427,0.46842491,1.787047,11.820767,21.124266,0.4202749,1.6460199,13.090731,21.547603,0.48634983,1.3209903,22.935783,30.297947
init,init,-1,,10852,185.Bohemian_Waxwing/Bohemian_Waxwing_0039_177702.jpg,185,184,185.Bohemian_Waxwing,129,128,identity,identity,0,{},6.5627384,6.5627384,0,0.001412014,0.001412014,0.032397471,0.032397471,-0.030985457,-0.030985457,0,1,1,52.475822,52.475822,False,1,True,False,False,1,1,52.475822,52.475822,1,1,45.226669,45.226669,1,1,26.613161,26.613161,1,1,6.9704746,6.9704746,1,1,14.800303,14.800303,1,1,19.558592,19.558592,1,1,20.713808,20.713808,1,1,31.083995,31.083995
init,init,-1,,10852,185.Bohemian_Waxwing/Bohemian_Waxwing_0039_177702.jpg,185,184,185.Bohemian_Waxwing,129,128,horizontal_flip,horizontal_flip,0,"{""flipped"":true}",6.5627384,6.9608784,0.39813995,0.001412014,0.00094826362,0.032397471,0.033625294,-0.030985457,-0.03267703,-0.0016915725,0.60565635,1.0486563,52.475822,55.029099,False,0.95501041,True,False,False,0.60565635,1.0486563,52.475822,55.029099,0.4902217,1.0605342,45.226669,47.964429,0.9549442,1.0135717,26.613161,26.974346,0.42367284,0.85265708,6.9704746,5.9434245,0.24540103,1.1545035,14.800303,17.087003,0.41903124,1.0563442,19.558592,20.660604,0.36797277,1.083484,20.713808,22.44308,0.64101649,1.038848,31.083995,32.291548
init,init,-1,,10852,185.Bohemian_Waxwing/Bohemian_Waxwing_0039_177702.jpg,185,184,185.Bohemian_Waxwing,129,128,color_jitter,color_jitter,0,"{""brightness"":0.965562,""contrast"":1.389119,""hue"":-0.076927,""saturation"":1.122606}",6.5627384,6.7544374,0.19169903,0.001412014,0.0011656958,0.032397471,0.024407519,-0.030985457,-0.023241823,0.0077436342,0.78686039,1.0319599,52.475822,54.152944,False,0.95783448,True,False,False,0.78686039,1.0319599,52.475822,54.152944,0.72520643,1.0197532,45.226669,46.120041,0.95770207,1.0664285,26.613161,28.381034,0.10529874,1.2254726,6.9704746,8.5421257,0.63805867,1.0428589,14.800303,15.434628,0.71519066,0.97047107,19.558592,18.981047,0.67816089,1.0435237,20.713808,21.61535,0.80995089,1.0113944,31.083995,31.438178
init,init,-1,,10852,185.Bohemian_Waxwing/Bohemian_Waxwing_0039_177702.jpg,185,184,185.Bohemian_Waxwing,129,128,rotation,rotation,0,"{""angle"":-3.975545}",6.5627384,6.7058048,0.14306641,0.001412014,0.0012237878,0.032397471,0.025262827,-0.030985457,-0.024039039,0.0069464181,0.76311314,0.98535179,52.475822,51.707145,False,0.96432865,True,False,False,0.76311314,0.98535179,52.475822,51.707145,0.69266662,0.98239862,45.226669,44.430617,0.9642597,0.99383126,26.613161,26.448992,0.47546061,1.1020705,6.9704746,7.6819542,0.53148173,1.0475361,14.800303,15.503852,0.64322641,0.90352787,19.558592,17.671733,0.62253418,0.95766691,20.713808,19.836928,0.79203967,1.0013907,31.083995,31.127223
init,init,-1,,10852,185.Bohemian_Waxwing/Bohemian_Waxwing_0039_177702.jpg,185,184,185.Bohemian_Waxwing,129,128,random_resized_crop,random_resized_crop,0,"{""area_fraction"":0.804844,""aspect"":0.8363,""fallback"":false,""height"":0.981013,""left"":0.157683,""top"":0.015499,""width"":0.820422}",6.5627384,6.494102,-0.068636417,0.001412014,0.0015123327,0.032397471,0.028696282,-0.030985457,-0.027183949,0.0038015082,0.71493134,1.0263402,52.475822,53.858048,False,0.96171844,True,False,False,0.71493134,1.0263402,52.475822,53.858048,0.63328564,1.0374576,45.226669,46.920753,0.96165002,0.99353506,26.613161,26.441109,0.44466895,1.1016994,6.9704746,7.6793674,0.35227587,1.2963962,14.800303,19.187056,0.58666501,1.0628541,19.558592,20.787929,0.58148651,0.96488129,20.713808,19.986366,0.77612108,0.98783433,31.083995,30.705838
init,init,-1,,10852,185.Bohemian_Waxwing/Bohemian_Waxwing_0039_177702.jpg,185,184,185.Bohemian_Waxwing,129,128,gaussian_blur,gaussian_blur,0,"{""sigma"":1.887641}",6.5627384,6.045928,-0.51681042,0.001412014,0.0023674835,0.032397471,0.033523664,-0.030985457,-0.03115618,-0.00017072307,0.56528863,1.0943682,52.475822,57.427874,False,0.89500201,True,False,False,0.56528863,1.0943682,52.475822,57.427874,0.46307809,1.1215921,45.226669,50.725873,0.89484786,1.0116413,26.613161,26.922974,0.099514083,1.5993212,6.9704746,11.148028,0.0918229,1.4842737,14.800303,21.967701,0.41303715,1.0570204,19.558592,20.67383,0.48456928,1.1234472,20.713808,23.270869,0.63587449,1.0159665,31.083995,31.580297
init,init,-1,,10852,185.Bohemian_Waxwing/Bohemian_Waxwing_0039_177702.jpg,185,184,185.Bohemian_Waxwing,129,128,random_erasing,random_erasing,0,"{""area_fraction"":0.13115,""erased"":true,""height"":0.588371,""left"":0.688986,""top"":0.331127,""width"":0.222904}",6.5627384,6.7463217,0.18358326,0.001412014,0.001175194,0.032397471,0.030327767,-0.030985457,-0.029152573,0.0018328843,0.84259731,1.0620978,52.475822,55.734454,False,0.96914059,True,False,False,0.84259731,1.0620978,52.475822,55.734454,0.8021332,1.0798093,45.226669,48.836178,0.96908895,1.0092034,26.613161,26.858092,0.72190541,0.94640476,6.9704746,6.5968904,0.77476659,1.1998588,14.800303,17.758274,0.80654373,1.1272488,19.558592,22.047399,0.74867786,1.0772784,20.713808,22.314538,0.83812446,1.0385125,31.083995,32.281118
init,init,-1,,2635,046.Gadwall/Gadwall_0012_30920.jpg,46,45,046.Gadwall,2,1,identity,identity,0,{},3.7527819,3.7527819,0,0.023452412,0.023452412,0.030817343,0.030817343,-0.0073649306,-0.0073649306,0,1,1,52.747982,52.747982,False,1,True,False,False,1,1,52.747982,52.747982,1,1,42.663641,42.663641,1,1,31.018759,31.018759,1,1,4.9341802,4.9341802,1,1,12.435854,12.435854,1,1,16.934345,16.934345,1,1,18.815327,18.815327,1,1,31.629118,31.629118
init,init,-1,,2635,046.Gadwall/Gadwall_0012_30920.jpg,46,45,046.Gadwall,2,1,horizontal_flip,horizontal_flip,0,"{""flipped"":true}",3.7527819,4.3143997,0.56161785,0.023452412,0.013374572,0.030817343,0.022792611,-0.0073649306,-0.0094180396,-0.002053109,0.64603699,0.93179373,52.747982,49.150239,False,0.96384287,True,False,False,0.64603699,0.93179373,52.747982,49.150239,0.47707001,0.92972886,42.663641,39.665618,0.9636557,0.93568752,31.018759,29.023865,0.062785859,1.1430416,4.9341802,5.6399734,0.1006827,1.1461965,12.435854,14.253932,0.37560942,1.0387586,16.934345,17.590696,0.36276141,0.88403762,18.815327,16.633457,0.64820105,0.86716279,31.629118,27.427594
init,init,-1,,2635,046.Gadwall/Gadwall_0012_30920.jpg,46,45,046.Gadwall,2,1,color_jitter,color_jitter,0,"{""brightness"":0.848759,""contrast"":1.364889,""hue"":-0.042545,""saturation"":1.222407}",3.7527819,3.5399897,-0.21279216,0.023452412,0.02901363,0.030817343,0.026658494,-0.0073649306,0.002355136,0.0097200666,0.78763368,1.1088928,52.747982,58.491856,False,0.95818651,False,False,True,0.78763368,1.1088928,52.747982,58.491856,0.71163971,1.1585743,42.663641,49.428999,0.95804721,1.0082328,31.018759,31.27413,0.53934439,2.3488472,4.9341802,11.589636,0.46301899,1.3311129,12.435854,16.553525,0.61514238,1.2245003,16.934345,20.73611,0.70273194,1.138245,18.815327,21.416452,0.81747352,1.0704097,31.629118,33.856114
init,init,-1,,2635,046.Gadwall/Gadwall_0012_30920.jpg,46,45,046.Gadwall,2,1,rotation,rotation,0,"{""angle"":-3.237533}",3.7527819,3.4627919,-0.28998995,0.023452412,0.031342138,0.030817343,0.025403801,-0.0073649306,0.0059383363,0.013303267,0.76315504,1.023775,52.747982,54.002064,False,0.96054894,False,False,True,0.76315504,1.023775,52.747982,54.002064,0.67130492,1.0608749,42.663641,45.260784,0.96044731,0.94963444,31.018759,29.456482,0.53804779,1.6851267,4.9341802,8.314719,0.34720658,1.1034103,12.435854,13.721849,0.55400883,1.0689561,16.934345,18.10207,0.62732148,1.0738358,18.815327,20.204571,0.78510947,1.0270259,31.629118,32.483923
init,init,-1,,2635,046.Gadwall/Gadwall_0012_30920.jpg,46,45,046.Gadwall,2,1,random_resized_crop,random_resized_crop,0,"{""area_fraction"":0.76441,""aspect"":0.900083,""fallback"":false,""height"":0.921556,""left"":0.124859,""top"":0.020906,""width"":0.829477}",3.7527819,3.8180718,0.065289974,0.023452412,0.021970119,0.030817343,0.021347715,-0.0073649306,0.00062240474,0.0079873353,0.73716816,1.0281032,52.747982,54.230367,False,0.95604825,False,False,True,0.73716816,1.0281032,52.747982,54.230367,0.62979282,1.0516777,42.663641,44.868399,0.95588031,0.98195884,31.018759,30.459144,-0.01599107,2.1545417,4.9341802,10.630897,0.27460468,1.2323972,12.435854,15.325911,0.55355062,1.0261211,16.934345,17.376688,0.60018213,1.003992,18.815327,18.890437,0.77520823,1.0030315,31.629118,31.725003
init,init,-1,,2635,046.Gadwall/Gadwall_0012_30920.jpg,46,45,046.Gadwall,2,1,gaussian_blur,gaussian_blur,0,"{""sigma"":1.579205}",3.7527819,3.7897377,0.036955833,0.023452412,0.022601532,0.030817343,0.017488249,-0.0073649306,0.0051132832,0.012478214,0.5117475,1.0743057,52.747982,56.66746,False,0.84782672,False,False,False,0.5117475,1.0743057,52.747982,56.66746,0.37812462,1.1556457,42.663641,49.304051,0.84742888,0.90055365,31.018759,27.934056,-0.053520152,1.7706539,4.9341802,8.7367256,-0.11226954,1.4176299,12.435854,17.629438,0.21253779,1.335936,16.934345,22.6232,0.35252333,1.1841593,18.815327,22.280345,0.58271212,1.0174104,31.629118,32.179793
init,init,-1,,2635,046.Gadwall/Gadwall_0012_30920.jpg,46,45,046.Gadwall,2,1,random_erasing,random_erasing,0,"{""area_fraction"":0.16055,""erased"":true,""height"":0.223008,""left"":0.161092,""top"":0.385557,""width"":0.719929}",3.7527819,3.424973,-0.32780886,0.023452412,0.03255016,0.030817343,0.036002245,-0.0073649306,-0.003452085,0.0039128456,0.71471779,1.1055545,52.747982,58.315768,False,0.93860549,True,False,False,0.71471779,1.1055545,52.747982,58.315768,0.59678299,1.1065574,42.663641,47.209769,0.93841105,1.1036546,31.018759,34.233996,0.29963267,1.8240287,4.9341802,9.0000861,0.34251176,1.2303469,12.435854,15.300413,0.46671807,1.0343889,16.934345,17.516699,0.52859154,1.0644351,18.815327,20.027695,0.71557546,1.0978303,31.629118,34.723404
init,init,-1,,7837,134.Cape_Glossy_Starling/Cape_Glossy_Starling_0096_129388.jpg,134,133,134.Cape_Glossy_Starling,129,128,identity,identity,0,{},4.9467549,4.9467549,0,0.0071064322,0.0071064322,0.021741031,0.021741031,-0.014634599,-0.014634599,0,1,1,42.271829,42.271829,False,0.99999988,True,False,False,1,1,42.271829,42.271829,1,1,33.792764,33.792764,1,1,25.395995,25.395995,1,1,10.484675,10.484675,1,1,11.479158,11.479158,1,1,11.800922,11.800922,1,1,12.444839,12.444839,1,1,24.619417,24.619417
init,init,-1,,7837,134.Cape_Glossy_Starling/Cape_Glossy_Starling_0096_129388.jpg,134,133,134.Cape_Glossy_Starling,129,128,horizontal_flip,horizontal_flip,0,"{""flipped"":true}",4.9467549,5.0137515,0.066996574,0.0071064322,0.0066459244,0.021741031,0.018470502,-0.014634599,-0.011824577,0.0028100214,0.74473894,0.95012481,42.271829,40.163513,False,0.97026396,False,False,False,0.74473894,0.95012481,42.271829,40.163513,0.62648242,0.97299638,33.792764,32.880237,0.97021421,0.9082171,25.395995,23.065077,0.80259027,0.86970485,10.484675,9.1185727,0.47589809,0.91898951,11.479158,10.549226,0.40529928,0.93429543,11.800922,11.025547,0.46225708,1.0679987,12.444839,13.291071,0.72424951,0.98532793,24.619417,24.258199
init,init,-1,,7837,134.Cape_Glossy_Starling/Cape_Glossy_Starling_0096_129388.jpg,134,133,134.Cape_Glossy_Starling,129,128,color_jitter,color_jitter,0,"{""brightness"":0.744449,""contrast"":1.111917,""hue"":-0.049103,""saturation"":1.038802}",4.9467549,4.7567081,-0.19004679,0.0071064322,0.0085938536,0.021741031,0.018219406,-0.014634599,-0.0096255522,0.0050090463,0.87952269,1.02116,42.271829,43.166299,False,0.97697175,False,False,False,0.87952269,1.02116,42.271829,43.166299,0.82954254,1.0488002,33.792764,35.441857,0.97692599,0.97029124,25.395995,24.641512,0.88057411,1.096677,10.484675,11.498302,0.73445695,1.1800083,11.479158,13.545501,0.79207683,1.1676438,11.800922,13.779274,0.77945628,1.0263434,12.444839,12.772678,0.8722514,0.98446003,24.619417,24.236832
init,init,-1,,7837,134.Cape_Glossy_Starling/Cape_Glossy_Starling_0096_129388.jpg,134,133,134.Cape_Glossy_Starling,129,128,rotation,rotation,0,"{""angle"":-2.497212}",4.9467549,4.8303361,-0.11641884,0.0071064322,0.0079838373,0.021741031,0.019482555,-0.014634599,-0.011498718,0.0031358809,0.82059056,0.98748717,42.271829,41.742888,False,0.96009123,False,False,False,0.82059056,0.98748717,42.271829,41.742888,0.74159785,0.98647464,33.792764,33.335705,0.96005978,0.98927738,25.395995,25.123684,0.78964864,0.75403116,10.484675,7.9057717,0.63504324,0.98213129,11.479158,11.27404,0.64590213,0.9922482,11.800922,11.709444,0.62580373,1.0324278,12.444839,12.848397,0.81347005,1.0109576,24.619417,24.889188
init,init,-1,,7837,134.Cape_Glossy_Starling/Cape_Glossy_Starling_0096_129388.jpg,134,133,134.Cape_Glossy_Starling,129,128,random_resized_crop,random_resized_crop,0,"{""area_fraction"":0.681901,""aspect"":1.022498,""fallback"":false,""height"":0.816637,""left"":0.096433,""top"":0.115036,""width"":0.83501}",4.9467549,4.740521,-0.20623398,0.0071064322,0.0087340958,0.021741031,0.025859682,-0.014634599,-0.017125586,-0.0024909875,0.72670183,1.1526583,42.271829,48.724973,False,0.94222987,True,False,False,0.72670183,1.1526583,42.271829,48.724973,0.62813099,1.2194707,33.792764,41.209286,0.94215503,1.0237212,25.395995,25.998419,0.74094248,1.2470341,10.484675,13.074747,0.51664783,1.3820245,11.479158,15.864477,0.54599723,1.4229704,11.800922,16.792362,0.50361713,1.3270281,12.444839,16.514651,0.70704655,1.0905534,24.619417,26.848788
init,init,-1,,7837,134.Cape_Glossy_Starling/Cape_Glossy_Starling_0096_129388.jpg,134,133,134.Cape_Glossy_Starling,129,128,gaussian_blur,gaussian_blur,0,"{""sigma"":1.426822}",4.9467549,4.8986931,-0.048061848,0.0071064322,0.0074563241,0.021741031,0.024082562,-0.014634599,-0.016626238,-0.0019916394,0.68252254,1.0916703,42.271829,46.146899,False,0.91425306,False,False,False,0.68252254,1.0916703,42.271829,46.146899,0.55693189,1.1068429,33.792764,37.40328,0.91412568,1.0642755,25.395995,27.028337,0.17937123,0.64367821,10.484675,6.7487568,0.38792735,1.1932838,11.479158,13.697893,0.53454794,1.2253962,11.800922,14.460805,0.45923352,1.2034241,12.444839,14.976419,0.68054931,1.0992644,24.619417,27.063247
init,init,-1,,7837,134.Cape_Glossy_Starling/Cape_Glossy_Starling_0096_129388.jpg,134,133,134.Cape_Glossy_Starling,129,128,random_erasing,random_erasing,0,"{""area_fraction"":0.08688,""erased"":true,""height"":0.481393,""left"":0.647247,""top"":0.015837,""width"":0.180476}",4.9467549,4.6585093,-0.28824568,0.0071064322,0.0094805872,0.021741031,0.018707782,-0.014634599,-0.0092271948,0.0054074037,0.7592884,0.99252854,42.271829,41.955996,False,0.93569791,False,False,False,0.7592884,0.99252854,42.271829,41.955996,0.66883487,1.0221036,33.792764,34.539708,0.93567642,0.93787853,25.395995,23.818359,0.67910789,0.54824681,10.484675,5.7481896,0.53535522,0.96072767,11.479158,11.028345,0.58410859,1.0479936,11.800922,12.36729,0.62892023,1.2038693,12.444839,14.981959,0.74171339,1.0442284,24.619417,25.708294
init,init,-1,,9657,165.Chestnut_sided_Warbler/Chestnut_Sided_Warbler_0081_163854.jpg,165,164,165.Chestnut_sided_Warbler,28,27,identity,identity,0,{},5.4309902,5.4309902,0,0.0043787588,0.0043787588,0.030730356,0.030730356,-0.026351597,-0.026351597,0,1,1,51.982545,51.982545,False,1.0000001,True,False,False,1,1,51.982545,51.982545,1,1,39.513206,39.513206,1,1,33.777086,33.777086,1,1,7.0909753,7.0909753,1,1,11.717405,11.717405,1,1,14.799658,14.799658,1,1,17.72887,17.72887,1,1,28.989157,28.989157
init,init,-1,,9657,165.Chestnut_sided_Warbler/Chestnut_Sided_Warbler_0081_163854.jpg,165,164,165.Chestnut_sided_Warbler,28,27,horizontal_flip,horizontal_flip,0,"{""flipped"":true}",5.4309902,5.2658768,-0.16511345,0.0043787588,0.0051648617,0.030730356,0.023046091,-0.026351597,-0.01788123,0.0084703672,0.63274978,1.074247,51.982545,55.842096,False,0.95042431,True,False,False,0.63274978,1.074247,51.982545,55.842096,0.44251234,1.1494916,39.513206,45.4201,0.95014194,0.96178264,33.777086,32.486215,-0.36401078,1.2718602,7.0909753,9.0187296,0.14168221,1.207945,11.717405,14.15398,0.34791867,1.2476204,14.799658,18.464356,0.32132121,1.1956182,17.72887,21.19696,0.63348641,1.0859665,28.989157,31.481253
init,init,-1,,9657,165.Chestnut_sided_Warbler/Chestnut_Sided_Warbler_0081_163854.jpg,165,164,165.Chestnut_sided_Warbler,28,27,color_jitter,color_jitter,0,"{""brightness"":1.149382,""contrast"":0.663842,""hue"":0.092628,""saturation"":0.631627}",5.4309902,5.897645,0.46665478,0.0043787588,0.0027459031,0.030730356,0.022902343,-0.026351597,-0.02015644,0.0061951564,0.74554083,1.0786083,51.982545,56.068805,False,0.94194126,False,False,False,0.74554083,1.0786083,51.982545,56.068805,0.62232045,1.1352847,39.513206,44.858737,0.94168289,0.99583365,33.777086,33.636359,0.44148941,0.78179661,7.0909753,5.5437005,0.35818937,1.2818184,11.717405,15.019585,0.43614406,1.1936714,14.799658,17.665929,0.57881045,1.134683,17.72887,20.116648,0.75141931,1.1120348,28.989157,32.236953
init,init,-1,,9657,165.Chestnut_sided_Warbler/Chestnut_Sided_Warbler_0081_163854.jpg,165,164,165.Chestnut_sided_Warbler,28,27,rotation,rotation,0,"{""angle"":6.046282}",5.4309902,5.2858143,-0.14517593,0.0043787588,0.0050629065,0.030730356,0.021845508,-0.026351597,-0.016782602,0.0095689949,0.81611038,0.99803891,51.982545,51.880603,False,0.96997297,False,False,False,0.81611038,0.99803891,51.982545,51.880603,0.70465406,1.0010056,39.513206,39.552939,0.96972893,0.99396474,33.777086,33.573233,0.5236602,0.93835004,7.0909753,6.6538169,0.57584037,1.0890335,11.717405,12.760647,0.56950603,1.0086003,14.799658,14.926939,0.62047342,0.94191575,17.72887,16.699102,0.80304357,1.009052,28.989157,29.251566
init,init,-1,,9657,165.Chestnut_sided_Warbler/Chestnut_Sided_Warbler_0081_163854.jpg,165,164,165.Chestnut_sided_Warbler,28,27,random_resized_crop,random_resized_crop,0,"{""area_fraction"":0.698655,""aspect"":1.221483,""fallback"":false,""height"":0.756289,""left"":0.024305,""top"":0.101167,""width"":0.923794}",5.4309902,5.3954482,-0.035542011,0.0043787588,0.0045371866,0.030730356,0.020263432,-0.026351597,-0.015726245,0.010625352,0.73563999,1.0078814,51.982545,52.392239,False,0.95324993,False,False,False,0.73563999,1.0078814,51.982545,52.392239,0.58670296,1.0330694,39.513206,40.819882,0.95298417,0.97235512,33.777086,32.843323,0.5151528,1.0813271,7.0909753,7.6676636,0.31912378,1.1556437,11.717405,13.541145,0.43034277,1.1817303,14.799658,17.489205,0.50364059,0.99029701,17.72887,17.556847,0.72664376,0.98175871,28.989157,28.460358
init,init,-1,,9657,165.Chestnut_sided_Warbler/Chestnut_Sided_Warbler_0081_163854.jpg,165,164,165.Chestnut_sided_Warbler,28,27,gaussian_blur,gaussian_blur,0,"{""sigma"":1.267565}",5.4309902,5.3794289,-0.051561356,0.0043787588,0.0046104528,0.030730356,0.018338967,-0.026351597,-0.013728514,0.012623082,0.71498883,0.89380314,51.982545,46.462163,False,0.92145765,False,False,False,0.71498883,0.89380314,51.982545,46.462163,0.58644015,0.94300194,39.513206,37.26103,0.92101331,0.82171524,33.777086,27.755147,0.30143183,0.61562362,7.0909753,4.3653719,0.35599877,0.94006147,11.717405,11.015081,0.46355739,1.0188374,14.799658,15.078445,0.51151721,0.97769568,17.72887,17.333439,0.70376492,0.92573659,28.989157,26.836324
init,init,-1,,9657,165.Chestnut_sided_Warbler/Chestnut_Sided_Warbler_0081_163854.jpg,165,164,165.Chestnut_sided_Warbler,28,27,random_erasing,random_erasing,0,"{""area_fraction"":0.158685,""erased"":true,""height"":0.534361,""left"":0.676311,""top"":0.22675,""width"":0.296963}",5.4309902,5.3099442,-0.12104607,0.0043787588,0.0049422029,0.030730356,0.027333938,-0.026351597,-0.022391735,0.003959862,0.86456657,1.0566987,51.982545,54.929888,False,0.98149526,True,False,False,0.86456657,1.0566987,51.982545,54.929888,0.77989356,1.0602503,39.513206,41.893889,0.98138518,1.0518189,33.777086,35.527378,0.70720698,0.96274502,7.0909753,6.8268011,0.62183747,1.0370149,11.717405,12.151123,0.70630172,1.1360024,14.799658,16.812448,0.74008476,1.0181064,17.72887,18.049875,0.84466803,1.0645622,28.989157,30.860761
init,init,-1,,4392,076.Dark_eyed_Junco/Dark_Eyed_Junco_0013_66332.jpg,76,75,076.Dark_eyed_Junco,46,45,identity,identity,0,{},6.2778082,6.2778082,0,0.0018775105,0.0018775105,0.024914479,0.024914479,-0.023036968,-0.023036968,0,1,1,56.134664,56.134664,False,1,True,False,False,1,1,56.134664,56.134664,1,1,48.098306,48.098306,1,1,28.942243,28.942243,1,1,8.3952125,8.3952125,1,1,18.050173,18.050173,1,1,22.681071,22.681071,1,1,20.656959,20.656959,1,1,31.241283,31.241283
init,init,-1,,4392,076.Dark_eyed_Junco/Dark_Eyed_Junco_0013_66332.jpg,76,75,076.Dark_eyed_Junco,46,45,horizontal_flip,horizontal_flip,0,"{""flipped"":true}",6.2778082,6.117774,-0.16003418,0.0018775105,0.0022033544,0.024914479,0.021548524,-0.023036968,-0.01934517,0.0036917983,0.64086631,0.92447727,56.134664,51.895221,False,0.97366631,True,False,False,0.64086631,0.92447727,56.134664,51.895221,0.51355164,0.90985217,48.098306,43.762348,0.97359962,0.96371691,28.942243,27.892129,-0.026351427,1.141184,8.3952125,9.5804824,0.25525355,0.86471416,18.050173,15.60824,0.50526364,0.87215764,22.681071,19.781469,0.43869697,0.93768908,20.656959,19.369805,0.68350878,0.91281273,31.241283,28.517441
init,init,-1,,4392,076.Dark_eyed_Junco/Dark_Eyed_Junco_0013_66332.jpg,76,75,076.Dark_eyed_Junco,46,45,color_jitter,color_jitter,0,"{""brightness"":1.320244,""contrast"":0.856666,""hue"":0.099813,""saturation"":0.90191}",6.2778082,6.1636257,-0.11418247,0.0018775105,0.0021046083,0.024914479,0.016597256,-0.023036968,-0.014492648,0.0085443207,0.71263594,0.96231791,56.134664,54.019393,False,0.9223482,False,False,False,0.71263594,0.96231791,56.134664,54.019393,0.63662575,0.96193008,48.098306,46.267208,0.92224519,0.96338823,28.942243,27.882616,0.20920008,0.85912174,8.3952125,7.2125096,0.39572874,0.94219387,18.050173,17.006763,0.66722986,0.9189481,22.681071,20.842727,0.62822822,1.0032357,20.656959,20.723799,0.73070342,0.97902809,31.241283,30.586094
init,init,-1,,4392,076.Dark_eyed_Junco/Dark_Eyed_Junco_0013_66332.jpg,76,75,076.Dark_eyed_Junco,46,45,rotation,rotation,0,"{""angle"":-1.712629}",6.2778082,6.1437483,-0.13405991,0.0018775105,0.0021468617,0.024914479,0.019871989,-0.023036968,-0.017725128,0.0053118409,0.81792237,0.9978593,56.134664,56.014497,False,0.98224735,False,False,False,0.81792237,0.9978593,56.134664,56.014497,0.7568301,0.99025493,48.098306,47.629585,0.98219516,1.0185663,28.942243,29.479595,0.41850182,1.4130868,8.3952125,11.863164,0.60141199,0.89143436,18.050173,16.090545,0.72910615,0.93477886,22.681071,21.201786,0.75555556,1.0267393,20.656959,21.209312,0.85920864,0.99669988,31.241283,31.138183
init,init,-1,,4392,076.Dark_eyed_Junco/Dark_Eyed_Junco_0013_66332.jpg,76,75,076.Dark_eyed_Junco,46,45,random_resized_crop,random_resized_crop,0,"{""area_fraction"":0.642871,""aspect"":1.160644,""fallback"":false,""height"":0.744239,""left"":0.031685,""top"":0.045999,""width"":0.863797}",6.2778082,6.6832495,0.40544128,0.0018775105,0.0012517043,0.024914479,0.024423083,-0.023036968,-0.023171379,-0.00013441057,0.74834236,1.1493654,56.134664,64.519243,False,0.94983804,False,False,False,0.74834236,1.1493654,56.134664,64.519243,0.6690289,1.1175057,48.098306,53.75013,0.94945011,1.2330875,28.942243,35.68832,0.69745242,1.3623694,8.3952125,11.437381,0.54003965,1.0933196,18.050173,19.734609,0.72510741,1.105079,22.681071,25.064376,0.5741264,1.1004857,20.656959,22.732689,0.72144653,1.1197682,31.241283,34.982996
init,init,-1,,4392,076.Dark_eyed_Junco/Dark_Eyed_Junco_0013_66332.jpg,76,75,076.Dark_eyed_Junco,46,45,gaussian_blur,gaussian_blur,0,"{""sigma"":1.599354}",6.2778082,6.3852868,0.10747862,0.0018775105,0.001686185,0.024914479,0.028633239,-0.023036968,-0.026947054,-0.0039100853,0.61137082,1.0407243,56.134664,58.420707,False,0.94344699,True,False,False,0.61137082,1.0407243,56.134664,58.420707,0.48526,1.0265379,48.098306,49.374732,0.94330003,1.078936,28.942243,31.226829,-0.24006813,1.4794353,8.3952125,12.420174,0.1059613,1.028457,18.050173,18.563827,0.46959597,0.89373582,22.681071,20.270886,0.48359256,1.0507709,20.656959,21.705732,0.69826304,1.04063,31.241283,32.510616
init,init,-1,,4392,076.Dark_eyed_Junco/Dark_Eyed_Junco_0013_66332.jpg,76,75,076.Dark_eyed_Junco,46,45,random_erasing,random_erasing,0,"{""area_fraction"":0.183178,""erased"":true,""height"":0.417124,""left"":0.052776,""top"":0.054672,""width"":0.439145}",6.2778082,5.8703594,-0.40744877,0.0018775105,0.0028218587,0.024914479,0.022278832,-0.023036968,-0.019456974,0.0035799949,0.81771418,1.0138559,56.134664,56.912463,False,0.95943403,False,False,False,0.81771418,1.0138559,56.134664,56.912463,0.76644085,1.0138504,48.098306,48.764485,0.95931888,1.0138714,28.942243,29.343712,0.5527007,1.0177341,8.3952125,8.5440938,0.71030383,0.99672685,18.050173,17.991092,0.79874194,0.99997602,22.681071,22.680527,0.71924662,1.0125424,20.656959,20.916048,0.8038267,1.0269863,31.241283,32.084368
init,init,-1,,225,004.Groove_billed_Ani/Groove_Billed_Ani_0027_1754.jpg,4,3,004.Groove_billed_Ani,129,128,identity,identity,0,{},3.8153017,3.8153017,0,0.022031069,0.022031069,0.033139311,0.033139311,-0.011108242,-0.011108242,0,1,1,52.516242,52.516242,False,1,True,False,False,1,1,52.516242,52.516242,1,1,44.403587,44.403587,1,1,28.040634,28.040634,1,1,7.1322313,7.1322313,1,1,12.883153,12.883153,1,1,16.820284,16.820284,1,1,20.337251,20.337251,1,1,32.531653,32.531653
init,init,-1,,225,004.Groove_billed_Ani/Groove_Billed_Ani_0027_1754.jpg,4,3,004.Groove_billed_Ani,129,128,horizontal_flip,horizontal_flip,0,"{""flipped"":true}",3.8153017,3.8802462,0.064944506,0.022031069,0.020645743,0.033139311,0.030704029,-0.011108242,-0.010058286,0.0010499563,0.69613308,1.0134444,52.516242,53.222292,False,0.95448446,True,False,False,0.69613308,1.0134444,52.516242,53.222292,0.585807,0.99111588,44.403587,44.0091,0.95435881,1.0673835,28.040634,29.930109,0.29948595,1.5612462,7.1322313,11.135169,0.54184199,1.0467161,12.883153,13.485004,0.5054454,0.96557369,16.820284,16.241223,0.46794084,0.95112922,20.337251,19.343354,0.68739635,0.96866378,32.531653,31.512234
init,init,-1,,225,004.Groove_billed_Ani/Groove_Billed_Ani_0027_1754.jpg,4,3,004.Groove_billed_Ani,129,128,color_jitter,color_jitter,0,"{""brightness"":1.325757,""contrast"":0.770317,""hue"":0.065775,""saturation"":1.18766}",3.8153017,3.9928644,0.17756271,0.022031069,0.018446799,0.033139311,0.037829824,-0.011108242,-0.019383024,-0.0082747824,0.86303132,1.0372504,52.516242,54.472495,False,0.96956658,True,False,False,0.86303132,1.0372504,52.516242,54.472495,0.82019009,1.0344948,44.403587,45.935278,0.96949578,1.0441286,28.040634,29.278028,0.67976154,0.91530842,7.1322313,6.5281913,0.69082275,1.1276373,12.883153,14.527524,0.73833621,1.035465,16.820284,17.416816,0.79883655,1.026663,20.337251,20.879503,0.87968282,1.0273936,32.531653,33.422813
init,init,-1,,225,004.Groove_billed_Ani/Groove_Billed_Ani_0027_1754.jpg,4,3,004.Groove_billed_Ani,129,128,rotation,rotation,0,"{""angle"":-4.932019}",3.8153017,3.8289251,0.013623476,0.022031069,0.021732962,0.033139311,0.027358711,-0.011108242,-0.005625749,0.005482493,0.77100509,0.97826613,52.516242,51.374861,False,0.94959569,True,False,False,0.77100509,0.97826613,52.516242,51.374861,0.70180078,0.98561287,44.403587,43.764747,0.94944642,0.95959602,28.040634,26.90768,0.7768805,1.256108,7.1322313,8.9588528,0.5711313,1.0029052,12.883153,12.920582,0.53994037,0.94018309,16.820284,15.814146,0.6461873,0.99804203,20.337251,20.297431,0.78376992,0.97501123,32.531653,31.718727
init,init,-1,,225,004.Groove_billed_Ani/Groove_Billed_Ani_0027_1754.jpg,4,3,004.Groove_billed_Ani,129,128,random_resized_crop,random_resized_crop,0,"{""area_fraction"":0.712608,""aspect"":0.752465,""fallback"":false,""height"":0.973156,""left"":0.108466,""top"":0.024411,""width"":0.732265}",3.8153017,3.9651594,0.14985776,0.022031069,0.018965015,0.033139311,0.027911663,-0.011108242,-0.0089466479,0.0021615941,0.73968818,1.0962656,52.516242,57.571752,False,0.95611858,True,False,False,0.73968818,1.0962656,52.516242,57.571752,0.66218749,1.1244838,44.403587,49.931114,0.95597564,1.022085,28.040634,28.65991,0.72582796,1.4043852,7.1322313,10.0164,0.61184893,1.3884046,12.883153,17.887029,0.48843436,1.2841546,16.820284,21.599844,0.62014572,1.1606376,20.337251,23.604179,0.75936312,0.99565493,32.531653,32.390301
init,init,-1,,225,004.Groove_billed_Ani/Groove_Billed_Ani_0027_1754.jpg,4,3,004.Groove_billed_Ani,129,128,gaussian_blur,gaussian_blur,0,"{""sigma"":1.734615}",3.8153017,4.0761099,0.26080823,0.022031069,0.016973369,0.033139311,0.016339486,-0.011108242,0.00063388236,0.011742124,0.58893266,0.88754859,52.516242,46.610716,False,0.87568986,False,False,False,0.58893266,0.88754859,52.516242,46.610716,0.48154498,0.90189269,44.403587,40.04727,0.87522232,0.85051587,28.040634,23.849004,0.24788921,1.1342494,7.1322313,8.0897292,0.16107246,1.0955351,12.883153,14.113947,0.24027876,0.97850277,16.820284,16.458694,0.44065184,0.8863949,20.337251,18.026835,0.65918725,0.83805101,32.531653,27.263185
init,init,-1,,225,004.Groove_billed_Ani/Groove_Billed_Ani_0027_1754.jpg,4,3,004.Groove_billed_Ani,129,128,random_erasing,random_erasing,0,"{""area_fraction"":0.099445,""erased"":true,""height"":0.233044,""left"":0.122276,""top"":0.553844,""width"":0.426722}",3.8153017,3.7993264,-0.015975237,0.022031069,0.022385841,0.033139311,0.031737179,-0.011108242,-0.0093513373,0.0017569046,0.86217439,1.0530176,52.516242,55.300527,False,0.96656346,False,False,False,0.86217439,1.0530176,52.516242,55.300527,0.81942333,1.0435096,44.403587,46.335567,0.96638877,1.0764908,28.040634,30.185484,0.74787547,1.0496068,7.1322313,7.4860388,0.7509231,1.0052663,12.883153,12.950999,0.77274198,1.0344683,16.820284,17.40005,0.76991794,0.9946179,20.337251,20.227794,0.86363609,1.0698379,32.531653,34.803596
init,init,-1,,55,001.Black_footed_Albatross/Black_Footed_Albatross_0007_796138.jpg,1,0,001.Black_footed_Albatross,8,7,identity,identity,0,{},6.0635347,6.0635347,0,0.0023261635,0.0023261635,0.033391621,0.033391621,-0.031065458,-0.031065458,0,1,1,63.430532,63.430532,False,1.0000001,True,False,False,1,1,63.430532,63.430532,1,1,56.042021,56.042021,1,1,29.710676,29.710676,1,1,9.1354376,9.1354376,1,1,22.074988,22.074988,1,1,29.101492,29.101492,1,1,24.872676,24.872676,1,1,33.232514,33.232514
init,init,-1,,55,001.Black_footed_Albatross/Black_Footed_Albatross_0007_796138.jpg,1,0,001.Black_footed_Albatross,8,7,horizontal_flip,horizontal_flip,0,"{""flipped"":true}",6.0635347,5.8575644,-0.20597029,0.0023261635,0.0028581969,0.033391621,0.029638421,-0.031065458,-0.026780224,0.0042852336,0.70660806,0.97403051,63.430532,61.783273,False,0.96587741,True,False,False,0.70660806,0.97403051,63.430532,61.783273,0.63623841,0.98101101,56.042021,54.977839,0.96579741,0.94877774,29.710676,28.188828,0.43468252,1.5666457,9.1354376,14.311994,0.4656489,0.96713702,22.074988,21.349538,0.6643796,0.94316425,29.101492,27.447487,0.58944217,0.94728386,24.872676,23.561484,0.74901029,0.97664638,33.232514,32.456414
init,init,-1,,55,001.Black_footed_Albatross/Black_Footed_Albatross_0007_796138.jpg,1,0,001.Black_footed_Albatross,8,7,color_jitter,color_jitter,0,"{""brightness"":0.881096,""contrast"":0.75422,""hue"":-0.073489,""saturation"":1.352048}",6.0635347,5.9438457,-0.11968899,0.0023261635,0.0026219264,0.033391621,0.029664643,-0.031065458,-0.027042717,0.0040227408,0.75781133,0.98792281,63.430532,62.664469,False,0.92256284,False,False,False,0.75781133,0.98792281,63.430532,62.664469,0.7121698,0.99061812,56.042021,55.516241,0.92229855,0.97827275,29.710676,29.065145,0.65907236,0.91564416,9.1354376,8.3648101,0.64757117,1.00286,22.074988,22.138122,0.69129614,0.99158985,29.101492,28.856744,0.69801112,0.98609051,24.872676,24.52671,0.76873269,0.99241757,33.232514,32.980531
init,init,-1,,55,001.Black_footed_Albatross/Black_Footed_Albatross_0007_796138.jpg,1,0,001.Black_footed_Albatross,8,7,rotation,rotation,0,"{""angle"":11.78078}",6.0635347,5.6832495,-0.38028526,0.0023261635,0.0034024855,0.033391621,0.023519769,-0.031065458,-0.020117284,0.010948174,0.66125009,0.94144696,63.430532,59.716482,False,0.87311155,False,False,False,0.66125009,0.94144696,63.430532,59.716482,0.596968,0.92216203,56.042021,51.679824,0.87264348,1.0070722,29.710676,29.920795,0.47079248,0.96002696,9.1354376,8.7702664,0.50533514,0.89319312,22.074988,19.717227,0.56109977,0.83911626,29.101492,24.419535,0.55880431,0.91217778,24.872676,22.688302,0.68886393,0.99530082,33.232514,33.076348
init,init,-1,,55,001.Black_footed_Albatross/Black_Footed_Albatross_0007_796138.jpg,1,0,001.Black_footed_Albatross,8,7,random_resized_crop,random_resized_crop,0,"{""area_fraction"":0.80516,""aspect"":0.866365,""fallback"":false,""height"":0.96403,""left"":0.034694,""top"":0.03165,""width"":0.835202}",6.0635347,6.0717087,0.0081739426,0.0023261635,0.0023072273,0.033391621,0.027238185,-0.031065458,-0.024930957,0.0061345003,0.7886001,1.0396988,63.430532,65.948649,False,0.95221424,True,False,False,0.7886001,1.0396988,63.430532,65.948649,0.74687,1.0576492,56.042021,59.272799,0.95213929,0.97315072,29.710676,28.912966,0.66169692,1.1356863,9.1354376,10.374991,0.69476858,1.1418191,22.074988,25.205643,0.78153786,1.0327167,29.101492,30.053596,0.69932273,1.0740523,24.872676,26.714555,0.78273209,1.0219493,33.232514,33.961945
init,init,-1,,55,001.Black_footed_Albatross/Black_Footed_Albatross_0007_796138.jpg,1,0,001.Black_footed_Albatross,8,7,gaussian_blur,gaussian_blur,0,"{""sigma"":1.325562}",6.0635347,5.6257544,-0.43778038,0.0023261635,0.0036038423,0.033391621,0.021202203,-0.031065458,-0.017598361,0.013467097,0.62642991,1.0261041,63.430532,65.086329,False,0.90622699,False,False,False,0.62642991,1.0261041,63.430532,65.086329,0.55150969,1.0360215,56.042021,58.060741,0.90589145,0.99001284,29.710676,29.413951,0.14429396,1.1486263,9.1354376,10.493204,0.42564339,1.2637698,22.074988,27.897703,0.54894851,1.0246847,29.101492,29.819855,0.51574939,0.97167716,24.872676,24.168211,0.69346042,0.95599217,33.232514,31.770023
init,init,-1,,55,001.Black_footed_Albatross/Black_Footed_Albatross_0007_796138.jpg,1,0,001.Black_footed_Albatross,8,7,random_erasing,random_erasing,0,"{""area_fraction"":0.175614,""erased"":true,""height"":0.65705,""left"":0.268868,""top"":0.059909,""width"":0.267276}",6.0635347,6.328474,0.26493931,0.0023261635,0.0017847545,0.033391621,0.014565826,-0.031065458,-0.012781072,0.018284386,0.58253138,0.90326732,63.430532,57.294727,False,0.79431534,False,False,False,0.58253138,0.90326732,63.430532,57.294727,0.52217131,0.89998199,56.042021,50.43681,0.793859,0.91486077,29.710676,27.181132,0.47731386,0.95080861,9.1354376,8.6860527,0.37148749,0.86542727,22.074988,19.104296,0.63345471,0.90680345,29.101492,26.389334,0.47672361,0.84881209,24.872676,21.112228,0.52854921,0.93298011,33.232514,31.005274
init,init,-1,,4845,083.White_breasted_Kingfisher/White_Breasted_Kingfisher_0018_71137.jpg,83,82,083.White_breasted_Kingfisher,129,128,identity,identity,0,{},5.1388202,5.1388202,0,0.0058646044,0.0058646044,0.017566394,0.017566394,-0.01170179,-0.01170179,0,1,1,39.059392,39.059392,False,1,True,False,False,1,1,39.059392,39.059392,1,1,31.370685,31.370685,1,1,23.270502,23.270502,1,1,3.7271728,3.7271728,1,1,9.1658593,9.1658593,1,1,11.379395,11.379395,1,1,12.906914,12.906914,1,1,24.292715,24.292715
init,init,-1,,4845,083.White_breasted_Kingfisher/White_Breasted_Kingfisher_0018_71137.jpg,83,82,083.White_breasted_Kingfisher,129,128,horizontal_flip,horizontal_flip,0,"{""flipped"":true}",5.1388202,5.0613523,-0.077467918,0.0058646044,0.0063369856,0.017566394,0.01447172,-0.01170179,-0.0081347344,0.0035670553,0.68733062,1.0443947,39.059392,40.793422,False,0.94931316,False,False,False,0.68733062,1.0443947,39.059392,40.793422,0.55220593,1.0664702,31.370685,33.455901,0.94928114,1.0030329,23.270502,23.341079,0.20800748,1.2758904,3.7271728,4.755464,0.32756033,1.129347,9.1658593,10.351435,0.43232988,1.0852986,11.379395,12.350041,0.44909086,1.14888,12.906914,14.828496,0.659649,1.0226094,24.292715,24.841958
init,init,-1,,4845,083.White_breasted_Kingfisher/White_Breasted_Kingfisher_0018_71137.jpg,83,82,083.White_breasted_Kingfisher,129,128,color_jitter,color_jitter,0,"{""brightness"":1.096269,""contrast"":1.364652,""hue"":0.012824,""saturation"":1.096295}",5.1388202,5.1391096,0.00028944016,0.0058646044,0.0058629061,0.017566394,0.016609328,-0.01170179,-0.010746422,0.00095536793,0.89627344,1.0681059,39.059392,41.719568,False,0.98326814,True,False,False,0.89627344,1.0681059,39.059392,41.719568,0.84965373,1.0772191,31.370685,33.7931,0.98325507,1.051342,23.270502,24.465256,0.69331777,1.0708124,3.7271728,3.9911027,0.74488348,1.0311206,9.1658593,9.4511061,0.80378699,1.1017176,11.379395,12.53688,0.79542889,1.1565788,12.906914,14.927863,0.89627571,1.0548962,24.292715,25.626291
init,init,-1,,4845,083.White_breasted_Kingfisher/White_Breasted_Kingfisher_0018_71137.jpg,83,82,083.White_breasted_Kingfisher,129,128,rotation,rotation,0,"{""angle"":-4.124921}",5.1388202,5.182703,0.043882847,0.0058646044,0.0056128139,0.017566394,0.01601032,-0.01170179,-0.010397506,0.0013042837,0.81917676,1.0710392,39.059392,41.834141,False,0.96870142,False,False,False,0.81917676,1.0710392,39.059392,41.834141,0.73869952,1.0789869,31.370685,33.848558,0.9686711,1.0564425,23.270502,24.583948,0.37606663,1.1881782,3.7271728,4.4285455,0.51298979,1.042799,9.1658593,9.5581487,0.62738064,1.0931932,11.379395,12.439878,0.66040107,1.0991302,12.906914,14.186379,0.82716536,1.0724551,24.292715,26.052846
init,init,-1,,4845,083.White_breasted_Kingfisher/White_Breasted_Kingfisher_0018_71137.jpg,83,82,083.White_breasted_Kingfisher,129,128,random_resized_crop,random_resized_crop,0,"{""area_fraction"":0.639922,""aspect"":0.908645,""fallback"":false,""height"":0.839202,""left"":0.202775,""top"":0.040803,""width"":0.762537}",5.1388202,5.4084797,0.26965952,0.0058646044,0.0044784439,0.017566394,0.018026592,-0.01170179,-0.013548148,-0.0018463586,0.71802388,1.1441544,39.059392,44.689976,False,0.95709294,False,False,False,0.71802388,1.1441544,39.059392,44.689976,0.59006319,1.1548783,31.370685,36.229324,0.95704207,1.1244036,23.270502,26.165435,0.32291109,1.3736512,3.7271728,5.1198355,0.26051989,1.2311948,9.1658593,11.284958,0.37286834,1.1492074,11.379395,13.077285,0.49648024,1.1944342,12.906914,15.416459,0.72621941,1.1275783,24.292715,27.391939
init,init,-1,,4845,083.White_breasted_Kingfisher/White_Breasted_Kingfisher_0018_71137.jpg,83,82,083.White_breasted_Kingfisher,129,128,gaussian_blur,gaussian_blur,0,"{""sigma"":1.889049}",5.1388202,5.5095134,0.37069321,0.0058646044,0.004048076,0.017566394,0.028241258,-0.01170179,-0.024193182,-0.012491392,0.58992465,1.4515379,39.059392,56.696186,False,0.89385182,True,False,False,0.58992465,1.4515379,39.059392,56.696186,0.45663244,1.5442951,31.370685,48.445595,0.89354189,1.2656816,23.270502,29.453046,0.49879981,2.0868484,3.7271728,7.7780445,0.17678518,1.9408072,9.1658593,17.789166,0.36314607,1.9079806,11.379395,21.711665,0.44507104,1.771974,12.906914,22.870717,0.56617604,1.2857316,24.292715,31.233911
init,init,-1,,4845,083.White_breasted_Kingfisher/White_Breasted_Kingfisher_0018_71137.jpg,83,82,083.White_breasted_Kingfisher,129,128,random_erasing,random_erasing,0,"{""area_fraction"":0.144528,""erased"":true,""height"":0.317972,""left"":0.082802,""top"":0.578213,""width"":0.454532}",5.1388202,5.2757125,0.13689232,0.0058646044,0.0051143114,0.017566394,0.013503541,-0.01170179,-0.0083892299,0.0033125598,0.81450244,1.1486616,39.059392,44.866023,False,0.95432436,False,False,False,0.81450244,1.1486616,39.059392,44.866023,0.74554218,1.1846005,31.370685,37.161729,0.95423207,1.0802918,23.270502,25.138931,0.71026181,1.3484026,3.7271728,5.0257293,0.66655177,1.3880709,9.1658593,12.722862,0.67360106,1.3227528,11.379395,15.052126,0.67848559,1.2439943,12.906914,16.056128,0.80690763,1.0964779,24.292715,26.636426
init,init,-1,,3657,063.Ivory_Gull/Ivory_Gull_0027_48974.jpg,63,62,063.Ivory_Gull,171,170,identity,identity,0,{},5.9431438,5.9431438,0,0.0026237688,0.0026237688,0.024407838,0.024407838,-0.021784069,-0.021784069,0,1,1,52.32614,52.32614,False,1.0000001,True,False,False,1,1,52.32614,52.32614,1,1,45.722672,45.722672,1,1,25.445278,25.445278,1,1,7.4872924,7.4872924,1,1,16.125587,16.125587,1,1,21.708015,21.708015,1,1,19.89902,19.89902,1,1,30.120753,30.120753
init,init,-1,,3657,063.Ivory_Gull/Ivory_Gull_0027_48974.jpg,63,62,063.Ivory_Gull,171,170,horizontal_flip,horizontal_flip,0,"{""flipped"":true}",5.9431438,6.3515768,0.40843296,0.0026237688,0.0017439956,0.024407838,0.02306743,-0.021784069,-0.021323434,0.00046063471,0.6555817,1.0812588,52.32614,56.578097,False,0.95254469,False,False,False,0.6555817,1.0812588,52.32614,56.578097,0.56622718,1.0882927,45.722672,49.75965,0.95248916,1.058228,25.445278,26.926906,0.048215032,1.269643,7.4872924,9.5061882,0.3610655,1.0095342,16.125587,16.279331,0.61908835,1.0004244,21.708015,21.717228,0.50974523,1.162419,19.89902,23.130999,0.66003769,1.1080733,30.120753,33.376001
init,init,-1,,3657,063.Ivory_Gull/Ivory_Gull_0027_48974.jpg,63,62,063.Ivory_Gull,171,170,color_jitter,color_jitter,0,"{""brightness"":1.346363,""contrast"":0.795211,""hue"":0.011671,""saturation"":1.001502}",5.9431438,5.9862208,0.043076992,0.0026237688,0.0025131435,0.024407838,0.027233606,-0.021784069,-0.024720463,-0.002936394,0.75387424,1.1720525,52.32614,61.328981,False,0.9474718,True,False,False,0.75387424,1.1720525,52.32614,61.328981,0.69997647,1.196265,45.722672,54.696433,0.94736649,1.0902085,25.445278,27.740659,0.40410465,2.4179403,7.4872924,18.103826,0.629391,1.2890022,16.125587,20.785916,0.74863651,1.1100007,21.708015,24.095911,0.70339075,1.1750606,19.89902,23.382555,0.76513175,1.1033796,30.120753,33.234623
init,init,-1,,3657,063.Ivory_Gull/Ivory_Gull_0027_48974.jpg,63,62,063.Ivory_Gull,171,170,rotation,rotation,0,"{""angle"":-10.569024}",5.9431438,6.3021564,0.3590126,0.0026237688,0.0018323493,0.024407838,0.030053679,-0.021784069,-0.02822133,-0.0064372608,0.7216794,1.1535172,52.32614,60.359102,False,0.92567313,True,False,False,0.7216794,1.1535172,52.32614,60.359102,0.65867783,1.1540849,45.722672,52.767845,0.92552803,1.1516823,25.445278,29.304876,0.43748443,1.7427174,7.4872924,13.048234,0.61403785,1.0879432,16.125587,17.543722,0.68269846,0.95555223,21.708015,20.743142,0.58599019,1.1846338,19.89902,23.573052,0.72217646,1.2064062,30.120753,36.337862
init,init,-1,,3657,063.Ivory_Gull/Ivory_Gull_0027_48974.jpg,63,62,063.Ivory_Gull,171,170,random_resized_crop,random_resized_crop,0,"{""area_fraction"":0.880452,""aspect"":1.037342,""fallback"":false,""height"":0.921281,""left"":0.008616,""top"":0.054617,""width"":0.955683}",5.9431438,6.1267109,0.18356705,0.0026237688,0.0021837524,0.024407838,0.028744277,-0.021784069,-0.026560524,-0.0047764555,0.85349902,1.0118019,52.32614,52.943688,False,0.97196764,True,False,False,0.85349902,1.0118019,52.32614,52.943688,0.8154642,1.0016209,45.722672,45.796784,0.97187712,1.0439973,25.445278,26.564802,0.75434361,0.88143119,7.4872924,6.5995331,0.82887854,0.96925463,16.125587,15.629799,0.81459198,0.98742627,21.708015,21.435064,0.74685703,1.0156226,19.89902,20.209894,0.84603431,1.018749,30.120753,30.685487
init,init,-1,,3657,063.Ivory_Gull/Ivory_Gull_0027_48974.jpg,63,62,063.Ivory_Gull,171,170,gaussian_blur,gaussian_blur,0,"{""sigma"":1.423505}",5.9431438,5.7612581,-0.18188572,0.0026237688,0.003147149,0.024407838,0.022725301,-0.021784069,-0.019578152,0.0022059169,0.638022,1.4359317,52.32614,75.136765,False,0.88978648,False,False,False,0.638022,1.4359317,52.32614,75.136765,0.57801388,1.4988064,45.722672,68.529433,0.88950082,1.21083,25.445278,30.809905,0.39258802,3.3524961,7.4872924,25.101119,0.59453098,1.858823,16.125587,29.974611,0.57662468,1.5262792,21.708015,33.132491,0.54494573,1.3942851,19.89902,27.744908,0.67615248,1.1971233,30.120753,36.058255
init,init,-1,,3657,063.Ivory_Gull/Ivory_Gull_0027_48974.jpg,63,62,063.Ivory_Gull,171,170,random_erasing,random_erasing,0,"{""area_fraction"":0.14152,""erased"":true,""height"":0.224618,""left"":0.349406,""top"":0.415128,""width"":0.630048}",5.9431438,5.9979901,0.054846287,0.0026237688,0.0024837395,0.024407838,0.021614863,-0.021784069,-0.019131123,0.0026529457,0.74514461,1.1699771,52.32614,61.220387,False,0.90717959,False,False,False,0.74514461,1.1699771,52.32614,61.220387,0.70140612,1.1989779,45.722672,54.820475,0.90696794,1.0709897,25.445278,27.251629,0.5320483,1.0127662,7.4872924,7.5828763,0.73888212,1.157418,16.125587,18.664044,0.74744458,1.3019344,21.708015,28.262411,0.66021006,1.301408,19.89902,25.896744,0.69797068,1.1160398,30.120753,33.615959
init,init,-1,,8870,151.Black_capped_Vireo/Black_Capped_Vireo_0018_155868.jpg,151,150,151.Black_capped_Vireo,46,45,identity,identity,0,{},5.7765121,5.7765121,0,0.0030995084,0.0030995084,0.026739461,0.026739461,-0.023639953,-0.023639953,0,1,1,48.553012,48.553012,False,1,True,False,False,1,1,48.553012,48.553012,1,1,39.727924,39.727924,1,1,27.912131,27.912131,1,1,8.1937544,8.1937544,1,1,13.119145,13.119145,1,1,14.644494,14.644494,1,1,17.439179,17.439179,1,1,28.643885,28.643885
init,init,-1,,8870,151.Black_capped_Vireo/Black_Capped_Vireo_0018_155868.jpg,151,150,151.Black_capped_Vireo,46,45,horizontal_flip,horizontal_flip,0,"{""flipped"":true}",5.7765121,5.506813,-0.2696991,0.0030995084,0.0040590232,0.026739461,0.021987669,-0.023639953,-0.017928646,0.0057113071,0.63003255,0.98629738,48.553012,47.887708,False,0.96702439,False,False,False,0.63003255,0.98629738,48.553012,47.887708,0.46721393,0.99304015,39.727924,39.451423,0.9669389,0.97249431,27.912131,27.144389,-0.1518927,0.84067151,8.1937544,6.8882559,0.029032714,1.0329877,13.119145,13.551916,0.38184577,1.0574748,14.644494,15.486183,0.41187754,1.029785,17.439179,17.958605,0.65734727,0.96432704,28.643885,27.622073
init,init,-1,,8870,151.Black_capped_Vireo/Black_Capped_Vireo_0018_155868.jpg,151,150,151.Black_capped_Vireo,46,45,color_jitter,color_jitter,0,"{""brightness"":0.887125,""contrast"":1.196324,""hue"":-0.051744,""saturation"":1.188154}",5.7765121,5.6440954,-0.13241673,0.0030995084,0.0035383478,0.026739461,0.02145851,-0.023639953,-0.017920163,0.0057197905,0.81371498,1.0276369,48.553012,49.894868,False,0.97629178,True,False,False,0.81371498,1.0276369,48.553012,49.894868,0.73488386,1.033321,39.727924,41.051697,0.97621116,1.0160244,27.912131,28.359407,0.22505044,0.8944914,8.1937544,7.3292429,0.55830339,1.0535006,13.119145,13.821027,0.65462688,1.1401397,14.644494,16.696769,0.68860608,1.0361128,17.439179,18.068957,0.85371519,1.0089558,28.643885,28.900415
init,init,-1,,8870,151.Black_capped_Vireo/Black_Capped_Vireo_0018_155868.jpg,151,150,151.Black_capped_Vireo,46,45,rotation,rotation,0,"{""angle"":14.955795}",5.7765121,5.7483826,-0.028129578,0.0030995084,0.0031879328,0.026739461,0.035142791,-0.023639953,-0.031954858,-0.0083149048,0.61318665,1.1069365,48.553012,53.745103,False,0.91249406,True,False,False,0.61318665,1.1069365,48.553012,53.745103,0.47715224,1.1342404,39.727924,45.061016,0.91230818,1.0494482,27.912131,29.292336,-0.067360875,1.2166698,8.1937544,9.9690935,0.29011913,0.99761474,13.119145,13.087853,0.43531608,1.2301377,14.644494,18.014744,0.35567299,1.1732141,17.439179,20.459891,0.62204476,1.113168,28.643885,31.885456
init,init,-1,,8870,151.Black_capped_Vireo/Black_Capped_Vireo_0018_155868.jpg,151,150,151.Black_capped_Vireo,46,45,random_resized_crop,random_resized_crop,0,"{""area_fraction"":0.703254,""aspect"":1.107263,""fallback"":false,""height"":0.796949,""left"":0.034792,""top"":0.02299,""width"":0.882433}",5.7765121,5.593874,-0.18263817,0.0030995084,0.0037205867,0.026739461,0.021501524,-0.023639953,-0.017780938,0.0058590153,0.69018549,0.91727031,48.553012,44.536237,False,0.95050395,True,False,False,0.69018549,0.91727031,48.553012,44.536237,0.57324738,0.94241926,39.727924,37.44036,0.95035038,0.86408201,27.912131,24.11837,-0.23213855,0.83125532,8.1937544,6.811102,0.34286532,0.89665674,13.119145,11.76337,0.43704063,1.0559982,14.644494,15.46456,0.51351095,0.96079183,17.439179,16.75542,0.74533117,0.92176574,28.643885,26.402952
init,init,-1,,8870,151.Black_capped_Vireo/Black_Capped_Vireo_0018_155868.jpg,151,150,151.Black_capped_Vireo,46,45,gaussian_blur,gaussian_blur,0,"{""sigma"":1.956634}",5.7765121,5.2491794,-0.52733278,0.0030995084,0.0052518258,0.026739461,0.031549782,-0.023639953,-0.026297956,-0.0026580028,0.65635127,1.1085928,48.553012,53.825519,False,0.90832627,True,False,False,0.65635127,1.1085928,48.553012,53.825519,0.54912107,1.1535004,39.727924,45.826174,0.9080261,1.0115248,27.912131,28.233813,-0.10046552,1.1552661,8.1937544,9.4659666,0.43201769,1.2282245,13.119145,16.113255,0.46230726,1.3442562,14.644494,19.685953,0.48505276,1.1676995,17.439179,20.363721,0.69218883,1.0752385,28.643885,30.799008
init,init,-1,,8870,151.Black_capped_Vireo/Black_Capped_Vireo_0018_155868.jpg,151,150,151.Black_capped_Vireo,46,45,random_erasing,random_erasing,0,"{""area_fraction"":0.189666,""erased"":true,""height"":0.40196,""left"":0.172366,""top"":0.257131,""width"":0.471853}",5.7765121,6.0189085,0.24239635,0.0030995084,0.0024323231,0.026739461,0.016681451,-0.023639953,-0.014249128,0.0093908247,0.69035927,1.3163122,48.553012,63.910922,False,0.91853082,False,False,False,0.69035927,1.3163122,48.553012,63.910922,0.58389387,1.3383238,39.727924,53.168824,0.91818077,1.270552,27.912131,35.463815,0.58831471,1.0044438,8.1937544,8.2301658,0.51499264,1.2394055,13.119145,16.259941,0.52493005,1.5368276,14.644494,22.506063,0.54680787,1.3770598,17.439179,24.014792,0.63354691,1.3116537,28.643885,37.570859
init,init,-1,,9664,165.Chestnut_sided_Warbler/Chestnut_Sided_Warbler_0073_163868.jpg,165,164,165.Chestnut_sided_Warbler,183,182,identity,identity,0,{},5.6985817,5.6985817,0,0.0033507145,0.0033507145,0.021275889,0.021275889,-0.017925175,-0.017925175,0,1,1,47.692513,47.692513,False,1.0000001,True,False,False,1,1,47.692513,47.692513,1,1,40.128122,40.128122,1,1,25.774205,25.774205,1,1,5.6392491,5.6392491,1,1,12.473286,12.473286,1,1,17.003043,17.003043,1,1,17.838584,17.838584,1,1,28.558075,28.558075
init,init,-1,,9664,165.Chestnut_sided_Warbler/Chestnut_Sided_Warbler_0073_163868.jpg,165,164,165.Chestnut_sided_Warbler,183,182,horizontal_flip,horizontal_flip,0,"{""flipped"":true}",5.6985817,5.3301001,-0.36848164,0.0033507145,0.0048435852,0.021275889,0.021215867,-0.017925175,-0.016372282,0.0015528926,0.67855451,1.0699691,47.692513,51.029514,False,0.95862043,False,False,False,0.67855451,1.0699691,47.692513,51.029514,0.55867353,1.057699,40.128122,42.443473,0.9585363,1.0991432,25.774205,28.329541,0.32714026,0.90001073,5.6392491,5.0753847,0.39708997,1.1742381,12.473286,14.646608,0.48785053,1.0389796,17.003043,17.665814,0.44231163,1.0874454,17.838584,19.398487,0.6756244,1.0344853,28.558075,29.542909
init,init,-1,,9664,165.Chestnut_sided_Warbler/Chestnut_Sided_Warbler_0073_163868.jpg,165,164,165.Chestnut_sided_Warbler,183,182,color_jitter,color_jitter,0,"{""brightness"":1.158866,""contrast"":1.352215,""hue"":0.043837,""saturation"":1.09693}",5.6985817,5.7022924,0.0037107468,0.0033507145,0.0033383043,0.021275889,0.024179159,-0.017925175,-0.020840854,-0.0029156797,0.77495686,1.0674514,47.692513,50.909439,False,0.96217012,True,False,False,0.77495686,1.0674514,47.692513,50.909439,0.70103855,1.0799277,40.128122,43.335471,0.96208999,1.0365862,25.774205,26.717184,0.50578178,1.2906935,5.6392491,7.2785425,0.48847718,1.1070296,12.473286,13.808297,0.67289052,1.1248594,17.003043,19.126032,0.64719675,1.1412889,17.838584,20.358979,0.7912108,1.0233072,28.558075,29.223684
init,init,-1,,9664,165.Chestnut_sided_Warbler/Chestnut_Sided_Warbler_0073_163868.jpg,165,164,165.Chestnut_sided_Warbler,183,182,rotation,rotation,0,"{""angle"":13.686927}",5.6985817,5.9646912,0.26610947,0.0033507145,0.0025678375,0.021275889,0.014746922,-0.017925175,-0.012179085,0.0057460901,0.66880561,1.0164281,47.692513,48.476011,False,0.91457319,False,False,False,0.66880561,1.0164281,47.692513,48.476011,0.57089495,1.0261732,40.128122,41.178405,0.91448019,0.99240922,25.774205,25.578558,0.49771692,1.370181,5.6392491,7.7267921,0.51178014,1.084073,12.473286,13.521952,0.47093071,1.0238858,17.003043,17.409174,0.45436109,1.0410583,17.838584,18.571006,0.67308337,0.99359699,28.558075,28.375217
init,init,-1,,9664,165.Chestnut_sided_Warbler/Chestnut_Sided_Warbler_0073_163868.jpg,165,164,165.Chestnut_sided_Warbler,183,182,random_resized_crop,random_resized_crop,0,"{""area_fraction"":0.787784,""aspect"":1.079418,""fallback"":false,""height"":0.854297,""left"":0.056549,""top"":0.138167,""width"":0.922143}",5.6985817,5.7595434,0.060961723,0.0033507145,0.0031525509,0.021275889,0.019979157,-0.017925175,-0.016826606,0.001098569,0.70635822,1.1032863,47.692513,52.618498,False,0.95174325,True,False,False,0.70635822,1.1032863,47.692513,52.618498,0.62613093,1.1585459,40.128122,46.490269,0.95170799,0.9561769,25.774205,24.644699,0.49399251,1.9863457,5.6392491,11.201498,0.41722053,1.3043755,12.473286,16.26985,0.63593264,1.1850635,17.003043,20.149686,0.54883803,1.2034216,17.838584,21.467338,0.72679544,1.0530017,28.558075,30.0717
init,init,-1,,9664,165.Chestnut_sided_Warbler/Chestnut_Sided_Warbler_0073_163868.jpg,165,164,165.Chestnut_sided_Warbler,183,182,gaussian_blur,gaussian_blur,0,"{""sigma"":1.549934}",5.6985817,5.5170054,-0.18157625,0.0033507145,0.0040178616,0.021275889,0.023307545,-0.017925175,-0.019289684,-0.0013645089,0.50248081,1.076721,47.692513,51.351529,False,0.81508219,False,False,False,0.50248081,1.076721,47.692513,51.351529,0.41365219,1.1578263,40.128122,46.461396,0.81498192,0.84854165,25.774205,21.870486,0.26473819,1.7120399,5.6392491,9.6546196,0.32114084,1.5148147,12.473286,18.894718,0.29926039,1.3345681,17.003043,22.691719,0.43405141,1.2749421,17.838584,22.743162,0.52454207,0.91060988,28.558075,26.005265
init,init,-1,,9664,165.Chestnut_sided_Warbler/Chestnut_Sided_Warbler_0073_163868.jpg,165,164,165.Chestnut_sided_Warbler,183,182,random_erasing,random_erasing,0,"{""area_fraction"":0.054517,""erased"":true,""height"":0.216667,""left"":0.653178,""top"":0.701857,""width"":0.251614}",5.6985817,5.8245087,0.12592697,0.0033507145,0.0029542556,0.021275889,0.024442796,-0.017925175,-0.02148854,-0.0035633654,0.84161265,1.1117303,47.692513,53.021213,False,0.97043282,True,False,False,0.84161265,1.1117303,47.692513,53.021213,0.78747977,1.1051871,40.128122,44.349081,0.97035759,1.1274334,25.774205,29.058699,0.79882334,1.2019309,5.6392491,6.7779879,0.7312272,1.1103124,12.473286,13.849245,0.75134765,1.1243154,17.003043,19.116784,0.73171773,1.1268413,17.838584,20.101253,0.83421416,1.0847087,28.558075,30.977193
init,init,-1,,5922,102.Western_Wood_Pewee/Western_Wood_Pewee_0046_98113.jpg,102,101,102.Western_Wood_Pewee,129,128,identity,identity,0,{},5.7510118,5.7510118,0,0.0031795623,0.0031795623,0.033278063,0.033278063,-0.030098501,-0.030098501,0,1,1,35.975728,35.975728,False,1.0000001,True,False,False,1,1,35.975728,35.975728,1,1,27.987578,27.987578,1,1,22.60417,22.60417,1,1,3.6370635,3.6370635,1,1,8.152852,8.152852,1,1,10.41949,10.41949,1,1,12.048855,12.048855,1,1,21.210059,21.210059
init,init,-1,,5922,102.Western_Wood_Pewee/Western_Wood_Pewee_0046_98113.jpg,102,101,102.Western_Wood_Pewee,129,128,horizontal_flip,horizontal_flip,0,"{""flipped"":true}",5.7510118,5.4894905,-0.26152134,0.0031795623,0.0041299472,0.033278063,0.034914762,-0.030098501,-0.030784815,-0.00068631396,0.73968617,1.1391766,35.975728,40.982706,False,0.96580082,True,False,False,0.73968617,1.1391766,35.975728,40.982706,0.5977345,1.1554465,27.987578,32.338149,0.96575273,1.1137728,22.60417,25.175909,0.34087725,1.0072809,3.6370635,3.6635448,0.57150722,1.2191302,8.152852,9.9393882,0.5545708,1.2574125,10.41949,13.101596,0.4566091,1.1710387,12.048855,14.109675,0.6693532,1.1185059,21.210059,23.723577
init,init,-1,,5922,102.Western_Wood_Pewee/Western_Wood_Pewee_0046_98113.jpg,102,101,102.Western_Wood_Pewee,129,128,color_jitter,color_jitter,0,"{""brightness"":0.796604,""contrast"":1.122091,""hue"":-0.046134,""saturation"":1.226896}",5.7510118,5.5044732,-0.24653864,0.0031795623,0.0040685311,0.033278063,0.025401061,-0.030098501,-0.02133253,0.0087659704,0.86493521,1.1235955,35.975728,40.422168,False,0.97787887,True,False,False,0.86493521,1.1235955,35.975728,40.422168,0.79879327,1.1614164,27.987578,32.505232,0.97784402,1.0630052,22.60417,24.028349,0.63155745,1.689237,3.6370635,6.1438622,0.70404476,1.554967,8.152852,12.677416,0.75515566,1.3469542,10.41949,14.034575,0.77702472,1.1175687,12.048855,13.465423,0.86808104,1.0327757,21.210059,21.905233
init,init,-1,,5922,102.Western_Wood_Pewee/Western_Wood_Pewee_0046_98113.jpg,102,101,102.Western_Wood_Pewee,129,128,rotation,rotation,0,"{""angle"":-0.479798}",5.7510118,5.5576854,-0.19332647,0.0031795623,0.003857695,0.033278063,0.033183537,-0.030098501,-0.029325842,0.00077265827,0.91454624,1.0396964,35.975728,37.403834,False,0.98713762,True,False,False,0.91454624,1.0396964,35.975728,37.403834,0.86889913,1.0528565,27.987578,29.466904,0.98713259,1.0191914,22.60417,23.037976,0.60835515,1.0548446,3.6370635,3.8365369,0.78353841,1.283749,8.152852,10.466216,0.82458663,1.0636924,10.41949,11.083132,0.83943714,1.0255118,12.048855,12.356243,0.91710016,1.0205272,21.210059,21.645443
init,init,-1,,5922,102.Western_Wood_Pewee/Western_Wood_Pewee_0046_98113.jpg,102,101,102.Western_Wood_Pewee,129,128,random_resized_crop,random_resized_crop,0,"{""area_fraction"":0.586513,""aspect"":0.864658,""fallback"":false,""height"":0.823601,""left"":0.003538,""top"":0.00771,""width"":0.712133}",5.7510118,5.7476015,-0.0034103394,0.0031795623,0.0031904245,0.033278063,0.028120501,-0.030098501,-0.024930076,0.0051684242,0.69090727,1.1766615,35.975728,42.331253,False,0.93361336,True,False,False,0.69090727,1.1766615,35.975728,42.331253,0.55857434,1.2445255,27.987578,34.831254,0.93357637,1.0642537,22.60417,24.056572,-0.073014051,1.5906239,3.6370635,5.7852003,0.35443123,1.7955077,8.152852,14.638509,0.54677191,1.3675801,10.41949,14.249486,0.49334805,1.2048411,12.048855,14.516955,0.67503346,1.1073848,21.210059,23.487698
init,init,-1,,5922,102.Western_Wood_Pewee/Western_Wood_Pewee_0046_98113.jpg,102,101,102.Western_Wood_Pewee,129,128,gaussian_blur,gaussian_blur,0,"{""sigma"":1.316923}",5.7510118,5.5217562,-0.22925568,0.0031795623,0.0039988207,0.033278063,0.029146837,-0.030098501,-0.025148016,0.0049504843,0.74659068,1.2653811,35.975728,45.523006,False,0.95011312,True,False,False,0.74659068,1.2653811,35.975728,45.523006,0.64739516,1.3676974,27.987578,38.278538,0.95006246,1.0900357,22.60417,24.639351,0.44410972,1.5214534,3.6370635,5.5336228,0.60253085,2.0020356,8.152852,16.3223,0.55489195,1.6261534,10.41949,16.943688,0.58471972,1.3146954,12.048855,15.840574,0.74164108,1.1835751,21.210059,25.103697
init,init,-1,,5922,102.Western_Wood_Pewee/Western_Wood_Pewee_0046_98113.jpg,102,101,102.Western_Wood_Pewee,129,128,random_erasing,random_erasing,0,"{""area_fraction"":0.059974,""erased"":true,""height"":0.423313,""left"":0.347304,""top"":0.39021,""width"":0.141677}",5.7510118,5.9303069,0.17929506,0.0031795623,0.0026576661,0.033278063,0.039750505,-0.030098501,-0.037092839,-0.0069943385,0.83079341,1.198045,35.975728,43.100542,False,0.9539752,True,False,False,0.83079341,1.198045,35.975728,43.100542,0.76789101,1.2747372,27.987578,35.676806,0.95394116,1.0698512,22.60417,24.183099,0.83729412,1.799533,3.6370635,6.545016,0.79561092,1.7283404,8.152852,14.090903,0.79612158,1.3862265,10.41949,14.443773,0.74989766,1.3156024,12.048855,15.851503,0.77380426,1.1271601,21.210059,23.907132
init,init,-1,,2094,037.Acadian_Flycatcher/Acadian_Flycatcher_0039_795606.jpg,37,36,037.Acadian_Flycatcher,129,128,identity,identity,0,{},4.1165209,4.1165209,0,0.016301127,0.016301127,0.048655532,0.048655532,-0.032354405,-0.032354405,0,1,1,52.871671,52.871671,False,1.0000001,True,False,False,1,1,52.871671,52.871671,1,1,42.532984,42.532984,1,1,31.406351,31.406351,1,1,8.3099561,8.3099561,1,1,16.064788,16.064788,1,1,17.50292,17.50292,1,1,16.729174,16.729174,1,1,29.928323,29.928323
init,init,-1,,2094,037.Acadian_Flycatcher/Acadian_Flycatcher_0039_795606.jpg,37,36,037.Acadian_Flycatcher,129,128,horizontal_flip,horizontal_flip,0,"{""flipped"":true}",4.1165209,4.6324153,0.51589441,0.016301127,0.0097312285,0.048655532,0.060155015,-0.032354405,-0.050423787,-0.018069382,0.68270617,1.0291209,52.871671,54.411339,False,0.96397126,True,False,False,0.68270617,1.0291209,52.871671,54.411339,0.53521079,1.0424258,42.532984,44.33748,0.96381548,1.0042606,31.406351,31.54016,0.32345608,0.97677477,8.3099561,8.1169555,0.43468662,0.98773724,16.064788,15.867789,0.47283889,1.1246732,17.50292,19.685065,0.3730924,1.1616319,16.729174,19.433142,0.66620311,0.9928781,29.928323,29.715176
init,init,-1,,2094,037.Acadian_Flycatcher/Acadian_Flycatcher_0039_795606.jpg,37,36,037.Acadian_Flycatcher,129,128,color_jitter,color_jitter,0,"{""brightness"":1.313111,""contrast"":1.154352,""hue"":0.068053,""saturation"":1.394604}",4.1165209,4.5913577,0.47483683,0.016301127,0.010139085,0.048655532,0.02701393,-0.032354405,-0.016874844,0.015479561,0.78604764,1.0421074,52.871671,55.097958,False,0.95584166,False,False,False,0.78604764,1.0421074,52.871671,55.097958,0.71036564,1.0960316,42.532984,46.617493,0.95549589,0.93515978,31.406351,29.369956,0.45936947,1.2135811,8.3099561,10.084805,0.50459408,1.1403013,16.064788,18.318698,0.65491263,1.1538431,17.50292,20.195622,0.67464332,1.1107369,16.729174,18.581711,0.83166387,1.0474745,29.928323,31.349155
init,init,-1,,2094,037.Acadian_Flycatcher/Acadian_Flycatcher_0039_795606.jpg,37,36,037.Acadian_Flycatcher,129,128,rotation,rotation,0,"{""angle"":11.496396}",4.1165209,4.9020529,0.785532,0.016301127,0.0074313092,0.048655532,0.036413431,-0.032354405,-0.028982122,0.0033722832,0.68989277,1.0343437,52.871671,54.68748,False,0.92888069,True,False,False,0.68989277,1.0343437,52.871671,54.68748,0.57440463,1.0716209,42.532984,45.579236,0.92847262,0.96222858,31.406351,30.220088,0.49965063,1.0272122,8.3099561,8.5360883,0.49097118,1.0392279,16.064788,16.694975,0.50323839,1.1131519,17.50292,19.483408,0.45503959,1.1639292,16.729174,19.471573,0.67322377,1.0391088,29.928323,31.098785
init,init,-1,,2094,037.Acadian_Flycatcher/Acadian_Flycatcher_0039_795606.jpg,37,36,037.Acadian_Flycatcher,129,128,random_resized_crop,random_resized_crop,0,"{""area_fraction"":0.661735,""aspect"":0.900605,""fallback"":false,""height"":0.857186,""left"":0.044172,""top"":0.084033,""width"":0.771986}",4.1165209,4.071424,-0.045096874,0.016301127,0.017053092,0.048655532,0.039564982,-0.032354405,-0.02251189,0.009842515,0.73112309,1.0917199,52.871671,57.721053,False,0.94963127,True,False,False,0.73112309,1.0917199,52.871671,57.721053,0.63169255,1.1461314,42.532984,48.748386,0.94928938,0.9841375,31.406351,30.908167,0.27810871,1.0552979,8.3099561,8.7694789,0.61652486,1.3103926,16.064788,21.051179,0.63747389,1.3130159,17.50292,22.981613,0.55740882,1.2251287,16.729174,20.495391,0.70235821,1.0069143,29.928323,30.135257
init,init,-1,,2094,037.Acadian_Flycatcher/Acadian_Flycatcher_0039_795606.jpg,37,36,037.Acadian_Flycatcher,129,128,gaussian_blur,gaussian_blur,0,"{""sigma"":1.229786}",4.1165209,4.2168903,0.10036945,0.016301127,0.014744425,0.048655532,0.045489747,-0.032354405,-0.030745322,0.0016090833,0.82712211,1.097458,52.871671,58.024436,False,0.96823865,True,False,False,0.82712211,1.097458,52.871671,58.024436,0.76426897,1.1524272,42.532984,49.016165,0.96810297,0.98872955,31.406351,31.052387,0.59964123,1.0049372,8.3099561,8.3509836,0.76296823,1.3029922,16.064788,20.932293,0.74448256,1.3020881,17.50292,22.790343,0.68318365,1.18998,16.729174,19.907381,0.8230055,1.0454536,29.928323,31.288673
init,init,-1,,2094,037.Acadian_Flycatcher/Acadian_Flycatcher_0039_795606.jpg,37,36,037.Acadian_Flycatcher,129,128,random_erasing,random_erasing,0,"{""area_fraction"":0.176063,""erased"":true,""height"":0.546682,""left"":0.151839,""top"":0.138635,""width"":0.322057}",4.1165209,4.4387312,0.32221031,0.016301127,0.011810915,0.048655532,0.053872928,-0.032354405,-0.042062013,-0.0097076083,0.75788899,1.0889144,52.871671,57.572723,False,0.96255195,True,False,False,0.75788899,1.0889144,52.871671,57.572723,0.65741228,1.1231398,42.532984,47.770488,0.96237657,1.0231713,31.406351,32.134078,0.62265435,1.305089,8.3099561,10.845232,0.53791937,1.2043338,16.064788,19.347367,0.56538892,1.1470437,17.50292,20.076614,0.56124386,1.1312231,16.729174,18.924427,0.76675863,1.0717637,29.928323,32.076088
init,init,-1,,9063,155.Warbling_Vireo/Warbling_Vireo_0104_158800.jpg,155,154,155.Warbling_Vireo,140,139,identity,identity,0,{},4.3230863,4.3230863,0,0.013258901,0.013258901,0.029623264,0.029623264,-0.016364363,-0.016364363,0,1,1,46.353642,46.353642,False,1,True,False,False,1,1,46.353642,46.353642,1,1,37.608601,37.608601,1,1,27.097107,27.097107,1,1,6.8343081,6.8343081,1,1,12.833049,12.833049,1,1,15.226851,15.226851,1,1,15.478919,15.478919,1,1,27.047329,27.047329
init,init,-1,,9063,155.Warbling_Vireo/Warbling_Vireo_0104_158800.jpg,155,154,155.Warbling_Vireo,140,139,horizontal_flip,horizontal_flip,0,"{""flipped"":true}",4.3230863,4.5501704,0.22708416,0.013258901,0.010565405,0.029623264,0.025239542,-0.016364363,-0.014674137,0.0016902257,0.70170779,0.9984059,46.353642,46.279749,False,0.97302186,True,False,False,0.70170779,0.9984059,46.353642,46.279749,0.55722293,0.98932344,37.608601,37.20707,0.97296955,1.0156727,27.097107,27.521794,0.42644881,0.69873965,6.8343081,4.7754021,0.24558134,0.91933234,12.833049,11.797837,0.40329335,0.98320028,15.226851,14.971044,0.38499918,0.98922365,15.478919,15.312113,0.72969006,1.0217853,27.047329,27.636564
init,init,-1,,9063,155.Warbling_Vireo/Warbling_Vireo_0104_158800.jpg,155,154,155.Warbling_Vireo,140,139,color_jitter,color_jitter,0,"{""brightness"":0.746179,""contrast"":0.780782,""hue"":0.059317,""saturation"":0.632511}",4.3230863,4.4804969,0.15741062,0.013258901,0.011327782,0.029623264,0.032691225,-0.016364363,-0.021363444,-0.0049990807,0.77934546,1.0901347,46.353642,50.531714,False,0.94989473,False,False,False,0.77934546,1.0901347,46.353642,50.531714,0.70317779,1.1338483,37.608601,42.642448,0.94979585,1.00056,27.097107,27.112281,0.36469071,1.5754611,6.8343081,10.767187,0.63676298,1.2859651,12.833049,16.502854,0.67028045,1.2737581,15.226851,19.395325,0.61539711,1.118159,15.478919,17.307893,0.81196796,1.015465,27.047329,27.465616
init,init,-1,,9063,155.Warbling_Vireo/Warbling_Vireo_0104_158800.jpg,155,154,155.Warbling_Vireo,140,139,rotation,rotation,0,"{""angle"":9.109154}",4.3230863,4.103539,-0.21954727,0.013258901,0.016514132,0.029623264,0.025726078,-0.016364363,-0.0092119463,0.0071524167,0.74538528,1.089905,46.353642,50.521066,False,0.9446364,True,False,False,0.74538528,1.089905,46.353642,50.521066,0.64764791,1.108878,37.608601,41.703351,0.9444464,1.0523932,27.097107,28.516813,0.73910158,1.4286181,6.8343081,9.7636161,0.61738949,1.0799289,12.833049,13.858781,0.52022361,1.0770909,15.226851,16.400702,0.49784102,1.1519964,15.478919,17.831658,0.74091195,1.0872755,27.047329,29.407897
init,init,-1,,9063,155.Warbling_Vireo/Warbling_Vireo_0104_158800.jpg,155,154,155.Warbling_Vireo,140,139,random_resized_crop,random_resized_crop,0,"{""area_fraction"":0.551137,""aspect"":0.873386,""fallback"":false,""height"":0.794377,""left"":0.109882,""top"":0.006046,""width"":0.693798}",4.3230863,4.4182329,0.095146656,0.013258901,0.012055513,0.029623264,0.017951822,-0.016364363,-0.0058963085,0.010468055,0.65211185,0.98830375,46.353642,45.811478,False,0.93345213,False,False,False,0.65211185,0.98830375,46.353642,45.811478,0.54013249,1.055393,37.608601,39.691856,0.93329979,0.84417188,27.097107,22.874616,0.52268471,0.97235436,6.8343081,6.6453693,0.16345146,1.2063562,12.833049,15.481228,0.46897983,1.1402836,15.226851,17.362927,0.49546922,1.1296012,15.478919,17.485005,0.69529231,0.96724422,27.047329,26.161373
init,init,-1,,9063,155.Warbling_Vireo/Warbling_Vireo_0104_158800.jpg,155,154,155.Warbling_Vireo,140,139,gaussian_blur,gaussian_blur,0,"{""sigma"":1.573986}",4.3230863,4.477479,0.15439272,0.013258901,0.011362021,0.029623264,0.011412087,-0.016364363,-5.0066039e-05,0.016314297,0.58273914,1.0199405,46.353642,47.277955,False,0.88877594,False,False,False,0.58273914,1.0199405,46.353642,47.277955,0.43552809,1.0441435,37.608601,39.268776,0.88849968,0.97161985,27.097107,26.328088,-0.49672204,1.3037855,6.8343081,8.9104716,0.23962189,1.1259252,12.833049,14.449054,0.36775037,1.055704,15.226851,16.075047,0.31710917,1.0761049,15.478919,16.65694,0.63090483,0.99069314,27.047329,26.795603
init,init,-1,,9063,155.Warbling_Vireo/Warbling_Vireo_0104_158800.jpg,155,154,155.Warbling_Vireo,140,139,random_erasing,random_erasing,0,"{""area_fraction"":0.061194,""erased"":true,""height"":0.307701,""left"":0.241675,""top"":0.096538,""width"":0.198874}",4.3230863,4.4958258,0.17273951,0.013258901,0.011155467,0.029623264,0.026140694,-0.016364363,-0.014985226,0.0013791369,0.77536356,1.0895299,46.353642,50.503679,False,0.93175608,True,False,False,0.77536356,1.0895299,46.353642,50.503679,0.69404303,1.0885425,37.608601,40.938561,0.93160038,1.0914294,27.097107,29.57458,0.64374861,1.2395611,6.8343081,8.4715427,0.66603417,1.1648032,12.833049,14.947977,0.62445698,1.1238277,15.226851,17.112356,0.57705932,1.0729505,15.478919,16.608113,0.76868277,1.0536077,27.047329,28.497273
init,init,-1,,7197,123.Henslow_Sparrow/Henslow_Sparrow_0098_796601.jpg,123,122,123.Henslow_Sparrow,46,45,identity,identity,0,{},5.4575353,5.4575353,0,0.0042640525,0.0042640525,0.025114629,0.025114629,-0.020850577,-0.020850577,0,1,1,37.935062,37.935062,False,1.0000001,True,False,False,1,1,37.935062,37.935062,1,1,30.15715,30.15715,1,1,23.013371,23.013371,1,1,4.4622494,4.4622494,1,1,9.3808086,9.3808086,1,1,11.320916,11.320916,1,1,12.58419,12.58419,1,1,22.693997,22.693997
init,init,-1,,7197,123.Henslow_Sparrow/Henslow_Sparrow_0098_796601.jpg,123,122,123.Henslow_Sparrow,46,45,horizontal_flip,horizontal_flip,0,"{""flipped"":true}",5.4575353,5.6495304,0.19199514,0.0042640525,0.0035191684,0.025114629,0.020442452,-0.020850577,-0.016923284,0.003927293,0.69094433,1.0766226,37.935062,40.841746,False,0.9711349,True,False,False,0.69094433,1.0766226,37.935062,40.841746,0.52426036,1.0678752,30.15715,32.204074,0.97108696,1.0914801,23.013371,25.118636,0.4265894,0.82550169,4.4622494,3.6835944,0.37088895,1.0363137,9.3808086,9.7214604,0.3591477,1.1888954,11.320916,13.459386,0.37831828,1.0528951,12.58419,13.249832,0.64561903,1.0541588,22.693997,23.923077
init,init,-1,,7197,123.Henslow_Sparrow/Henslow_Sparrow_0098_796601.jpg,123,122,123.Henslow_Sparrow,46,45,color_jitter,color_jitter,0,"{""brightness"":0.919516,""contrast"":1.214919,""hue"":0.075511,""saturation"":1.149618}",5.4575353,5.3650155,-0.09251976,0.0042640525,0.0046773888,0.025114629,0.019092048,-0.020850577,-0.014414659,0.0064359182,0.80437355,1.0790441,37.935062,40.933604,False,0.95243382,True,False,False,0.80437355,1.0790441,37.935062,40.933604,0.72494267,1.1069187,30.15715,33.381515,0.95241564,1.0294183,23.013371,23.690386,0.85046435,1.2988156,4.4622494,5.7956391,0.58559043,1.256139,9.3808086,11.783599,0.693644,1.2706198,11.320916,14.38458,0.65817263,1.0472784,12.58419,13.17915,0.78295079,1.0439448,22.693997,23.69128
init,init,-1,,7197,123.Henslow_Sparrow/Henslow_Sparrow_0098_796601.jpg,123,122,123.Henslow_Sparrow,46,45,rotation,rotation,0,"{""angle"":-14.781661}",5.4575353,5.2868142,-0.17072105,0.0042640525,0.0050578495,0.025114629,0.024154108,-0.020850577,-0.019096259,0.0017543184,0.66844583,1.1740357,37.935062,44.537118,False,0.92385912,True,False,False,0.66844583,1.1740357,37.935062,44.537118,0.52601239,1.1916255,30.15715,35.936029,0.92376191,1.1431994,23.013371,26.308871,0.20613058,1.5830857,4.4622494,7.0641232,0.38319856,1.342437,9.3808086,12.593145,0.41848204,1.2880531,11.320916,14.581941,0.45761206,1.1815486,12.58419,14.868832,0.62878429,1.1227323,22.693997,25.479283
init,init,-1,,7197,123.Henslow_Sparrow/Henslow_Sparrow_0098_796601.jpg,123,122,123.Henslow_Sparrow,46,45,random_resized_crop,random_resized_crop,0,"{""area_fraction"":0.647335,""aspect"":1.28419,""fallback"":false,""height"":0.709986,""left"":0.020117,""top"":0.128161,""width"":0.911757}",5.4575353,6.0085821,0.55104685,0.0042640525,0.0024575698,0.025114629,0.019217992,-0.020850577,-0.016760422,0.0040901545,0.66917427,1.3153981,37.935062,49.899707,False,0.91714668,False,False,False,0.66917427,1.3153981,37.935062,49.899707,0.55371498,1.3992747,30.15715,42.198136,0.91705307,1.1572685,23.013371,26.63265,0.25433297,0.91400891,4.4622494,4.0785357,0.59697394,1.8139331,9.3808086,17.016159,0.52743031,1.7212214,11.320916,19.485803,0.46799873,1.382456,12.58419,17.397089,0.60419804,1.2401976,22.693997,28.145041
init,init,-1,,7197,123.Henslow_Sparrow/Henslow_Sparrow_0098_796601.jpg,123,122,123.Henslow_Sparrow,46,45,gaussian_blur,gaussian_blur,0,"{""sigma"":1.524623}",5.4575353,5.6011443,0.14360905,0.0042640525,0.0036936346,0.025114629,0.021660073,-0.020850577,-0.017966438,0.0028841388,0.72426879,1.3667243,37.935062,51.846772,False,0.95034981,False,False,False,0.72426879,1.3667243,37.935062,51.846772,0.61729658,1.4471714,30.15715,43.642566,0.95019663,1.2162294,23.013371,27.989538,0.48456637,1.4740289,4.4622494,6.5774844,0.4368281,1.8511062,9.3808086,17.364873,0.52348446,1.6048948,11.320916,18.16888,0.55272118,1.4752421,12.58419,18.564726,0.72613742,1.3109577,22.693997,29.750869
init,init,-1,,7197,123.Henslow_Sparrow/Henslow_Sparrow_0098_796601.jpg,123,122,123.Henslow_Sparrow,46,45,random_erasing,random_erasing,0,"{""area_fraction"":0.071842,""erased"":true,""height"":0.395977,""left"":0.613364,""top"":0.393968,""width"":0.181431}",5.4575353,5.3565316,-0.10100365,0.0042640525,0.0047172392,0.025114629,0.024195133,-0.020850577,-0.019477894,0.0013726833,0.87617041,1.1578655,37.935062,43.9237,False,0.96228057,True,False,False,0.87617041,1.1578655,37.935062,43.9237,0.83130209,1.193113,30.15715,35.980888,0.96226178,1.0946941,23.013371,25.192601,0.88513007,1.2498249,4.4622494,5.5770304,0.80452556,1.2996634,9.3808086,12.191894,0.79390901,1.3290152,11.320916,15.04567,0.81237589,1.1862234,12.58419,14.92766,0.85420847,1.1368915,22.693997,25.800612
init,init,-1,,4604,079.Belted_Kingfisher/Belted_Kingfisher_0111_70375.jpg,79,78,079.Belted_Kingfisher,129,128,identity,identity,0,{},6.0287066,6.0287066,0,0.0024086067,0.0024086067,0.044932812,0.044932812,-0.042524206,-0.042524206,0,1,1,51.188981,51.188981,False,1.0000001,True,False,False,1,1,51.188981,51.188981,1,1,42.209543,42.209543,1,1,28.959735,28.959735,1,1,7.6766125,7.6766125,1,1,15.919974,15.919974,1,1,15.081793,15.081793,1,1,18.622381,18.622381,1,1,29.916819,29.916819
init,init,-1,,4604,079.Belted_Kingfisher/Belted_Kingfisher_0111_70375.jpg,79,78,079.Belted_Kingfisher,129,128,horizontal_flip,horizontal_flip,0,"{""flipped"":true}",6.0287066,5.7751074,-0.25359917,0.0024086067,0.0031038651,0.044932812,0.034262091,-0.042524206,-0.031158226,0.01136598,0.68809668,0.94360708,51.188981,48.302285,False,0.96089321,True,False,False,0.68809668,0.94360708,51.188981,48.302285,0.55947988,0.94292871,42.209543,39.80059,0.96071645,0.94504658,28.959735,27.368299,0.54242715,0.92011986,7.6766125,7.0634036,0.60020775,0.97811373,15.919974,15.571545,0.37896661,0.98772673,15.081793,14.89669,0.42975845,0.90144297,18.622381,16.787014,0.64563882,0.93831714,29.916819,28.071464
init,init,-1,,4604,079.Belted_Kingfisher/Belted_Kingfisher_0111_70375.jpg,79,78,079.Belted_Kingfisher,129,128,color_jitter,color_jitter,0,"{""brightness"":1.126413,""contrast"":1.247611,""hue"":-0.016252,""saturation"":1.293936}",6.0287066,6.0271034,-0.0016031265,0.0024086067,0.0024124719,0.044932812,0.0391385,-0.042524206,-0.036726028,0.005798178,0.84047477,1.032224,51.188981,52.838495,False,0.97662562,True,False,False,0.84047477,1.032224,51.188981,52.838495,0.77957026,1.0470561,42.209543,44.19576,0.97656281,0.99998515,28.959735,28.959305,0.76738355,0.97813631,7.6766125,7.5087734,0.70149983,0.93170012,15.919974,14.832641,0.65943254,1.2326632,15.081793,18.590771,0.7533295,1.1085358,18.622381,20.643576,0.85539623,1.0056188,29.916819,30.084917
init,init,-1,,4604,079.Belted_Kingfisher/Belted_Kingfisher_0111_70375.jpg,79,78,079.Belted_Kingfisher,129,128,rotation,rotation,0,"{""angle"":-12.911794}",6.0287066,5.5462093,-0.48249722,0.0024086067,0.0039022213,0.044932812,0.030458776,-0.042524206,-0.026556555,0.015967651,0.71655113,0.86349735,51.188981,44.20155,False,0.93182027,True,False,False,0.71655113,0.86349735,51.188981,44.20155,0.61647953,0.86662295,42.209543,36.579759,0.93160522,0.85681955,28.959735,24.813267,0.52412919,1.0034938,7.6766125,7.7034327,0.63117508,0.78194077,15.919974,12.448476,0.52543751,0.85178035,15.081793,12.846375,0.54276134,0.8629486,18.622381,16.070157,0.6713058,0.88467993,29.916819,26.46681
init,init,-1,,4604,079.Belted_Kingfisher/Belted_Kingfisher_0111_70375.jpg,79,78,079.Belted_Kingfisher,129,128,random_resized_crop,random_resized_crop,0,"{""area_fraction"":0.566552,""aspect"":1.052221,""fallback"":false,""height"":0.733781,""left"":0.210099,""top"":0.058402,""width"":0.7721}",6.0287066,5.9294839,-0.09922266,0.0024086067,0.0026598542,0.044932812,0.040442701,-0.042524206,-0.037782847,0.0047413586,0.73009432,1.1312953,51.188981,57.909856,False,0.92962825,True,False,False,0.73009432,1.1312953,51.188981,57.909856,0.64563879,1.1636481,42.209543,49.117056,0.92944181,1.0592915,28.959735,30.676803,0.52201753,1.1783022,7.6766125,9.045369,0.70289292,1.1333894,15.919974,18.043529,0.51131922,1.2975995,15.081793,19.570127,0.59212558,1.2537697,18.622381,23.348176,0.70485321,1.0969491,29.916819,32.817227
init,init,-1,,4604,079.Belted_Kingfisher/Belted_Kingfisher_0111_70375.jpg,79,78,079.Belted_Kingfisher,129,128,gaussian_blur,gaussian_blur,0,"{""sigma"":1.080834}",6.0287066,5.7929468,-0.23575974,0.0024086067,0.0030489846,0.044932812,0.040192313,-0.042524206,-0.037143329,0.0053808768,0.73438164,1.099379,51.188981,56.276094,False,0.93933344,True,False,False,0.73438164,1.099379,51.188981,56.276094,0.65346232,1.1472395,42.209543,48.424455,0.93925007,0.99005667,28.959735,28.671779,0.41404212,1.5138481,7.6766125,11.621226,0.61638927,1.0299005,15.919974,16.39599,0.51906818,1.4139506,15.081793,21.32491,0.62551894,1.2270422,18.622381,22.850447,0.75861868,1.0379042,29.916819,31.050793
init,init,-1,,4604,079.Belted_Kingfisher/Belted_Kingfisher_0111_70375.jpg,79,78,079.Belted_Kingfisher,129,128,random_erasing,random_erasing,0,"{""area_fraction"":0.122481,""erased"":true,""height"":0.357738,""left"":0.120786,""top"":0.441158,""width"":0.342377}",6.0287066,6.1433144,0.11460781,0.0024086067,0.0021477938,0.044932812,0.036475077,-0.042524206,-0.034327284,0.0081969223,0.82428614,1.0464689,51.188981,53.56768,False,0.93590653,True,False,False,0.82428614,1.0464689,51.188981,53.56768,0.7731018,1.0542713,42.209543,44.500309,0.93577311,1.0296977,28.959735,29.819772,0.78897523,1.0153254,7.6766125,7.7942596,0.75621928,0.91961379,15.919974,14.640227,0.67901041,1.1740111,15.081793,17.706192,0.76816699,1.0914457,18.622381,20.325317,0.80846288,1.0456323,29.916819,31.281992
init,init,-1,,10665,182.Yellow_Warbler/Yellow_Warbler_0121_176402.jpg,182,181,182.Yellow_Warbler,4,3,identity,identity,0,{},5.7685366,5.7685366,0,0.0031243276,0.0031243276,0.024400791,0.024400791,-0.021276464,-0.021276464,0,1,1,39.734567,39.734567,False,0.99999994,True,False,False,1,1,39.734567,39.734567,1,1,30.053085,30.053085,1,1,25.993227,25.993227,1,1,4.3108034,4.3108034,1,1,8.9679166,8.9679166,1,1,12.31729,12.31729,1,1,12.497062,12.497062,1,1,22.277549,22.277549
init,init,-1,,10665,182.Yellow_Warbler/Yellow_Warbler_0121_176402.jpg,182,181,182.Yellow_Warbler,4,3,horizontal_flip,horizontal_flip,0,"{""flipped"":true}",5.7685366,5.61484,-0.15369654,0.0031243276,0.0036433917,0.024400791,0.017719857,-0.021276464,-0.014076466,0.0071999978,0.74543114,1.0012868,39.734567,39.785697,False,0.97501349,False,False,False,0.74543114,1.0012868,39.734567,39.785697,0.58215002,1.0215406,30.053085,30.700447,0.97496319,0.97355414,25.993227,25.305814,0.34040236,0.76462765,4.3108034,3.2961594,0.38041351,0.97304731,8.9679166,8.7262072,0.56167004,1.0044429,12.31729,12.372015,0.45972149,1.0172109,12.497062,12.712148,0.66375855,1.0439201,22.277549,23.25598
init,init,-1,,10665,182.Yellow_Warbler/Yellow_Warbler_0121_176402.jpg,182,181,182.Yellow_Warbler,4,3,color_jitter,color_jitter,0,"{""brightness"":0.998509,""contrast"":0.995471,""hue"":0.093625,""saturation"":0.839551}",5.7685366,5.8401666,0.071630001,0.0031243276,0.0029083581,0.024400791,0.013558744,-0.021276464,-0.010650386,0.010626077,0.78505922,1.0813152,39.734567,42.965591,False,0.94908893,False,False,False,0.78505922,1.0813152,39.734567,42.965591,0.67907128,1.1357843,30.053085,34.133822,0.94895595,1.0038971,25.993227,26.094526,0.54021003,1.3168824,4.3108034,5.6768209,0.45574223,1.0826527,8.9679166,9.7091394,0.62354391,1.1937722,12.31729,14.704039,0.6325649,1.1952301,12.497062,14.936866,0.75672681,1.0988962,22.277549,24.480714
init,init,-1,,10665,182.Yellow_Warbler/Yellow_Warbler_0121_176402.jpg,182,181,182.Yellow_Warbler,4,3,rotation,rotation,0,"{""angle"":8.216679}",5.7685366,5.8575549,0.089018345,0.0031243276,0.0028582236,0.024400791,0.019870259,-0.021276464,-0.017012035,0.0042644283,0.76635523,1.0964104,39.734567,43.565391,False,0.95935845,False,False,False,0.76635523,1.0964104,39.734567,43.565391,0.62869216,1.1171798,30.053085,33.574701,0.95930328,1.0680157,25.993227,27.761174,0.62924123,1.409947,4.3108034,6.0780043,0.49000864,1.1369054,8.9679166,10.195673,0.57830916,1.1299279,12.31729,13.91765,0.47245218,1.1433957,12.497062,14.289087,0.72085762,1.0889333,22.277549,24.258765
init,init,-1,,10665,182.Yellow_Warbler/Yellow_Warbler_0121_176402.jpg,182,181,182.Yellow_Warbler,4,3,random_resized_crop,random_resized_crop,0,"{""area_fraction"":0.520994,""aspect"":1.329838,""fallback"":false,""height"":0.625917,""left"":0.020693,""top"":0.065192,""width"":0.832369}",5.7685366,5.7986641,0.030127525,0.0031243276,0.0030316024,0.024400791,0.018412311,-0.021276464,-0.015380708,0.0058957553,0.67321823,1.1529852,39.734567,45.813366,False,0.93564713,False,False,False,0.67321823,1.1529852,39.734567,45.813366,0.49521469,1.1964813,30.053085,35.957953,0.93556809,1.0921385,25.993227,28.388204,0.40344802,1.5113015,4.3108034,6.5149236,0.3415936,1.4406888,8.9679166,12.919977,0.39441885,1.3281604,12.31729,16.359337,0.33035501,1.2058917,12.497062,15.070104,0.63364726,1.0892855,22.277549,24.266611
init,init,-1,,10665,182.Yellow_Warbler/Yellow_Warbler_0121_176402.jpg,182,181,182.Yellow_Warbler,4,3,gaussian_blur,gaussian_blur,0,"{""sigma"":1.365622}",5.7685366,5.566525,-0.20201159,0.0031243276,0.0038237448,0.024400791,0.025303317,-0.021276464,-0.021479572,-0.00020310888,0.73713584,1.1530568,39.734567,45.816213,False,0.94483459,False,False,False,0.73713584,1.1530568,39.734567,45.816213,0.60699391,1.2235978,30.053085,36.77289,0.94476463,1.0513933,25.993227,27.329104,0.49542842,1.8102474,4.3108034,7.8036206,0.42876612,1.6376917,8.9679166,14.686682,0.58510485,1.3911492,12.31729,17.135188,0.56089877,1.2088927,12.497062,15.107608,0.70249123,1.0563491,22.277549,23.532868
init,init,-1,,10665,182.Yellow_Warbler/Yellow_Warbler_0121_176402.jpg,182,181,182.Yellow_Warbler,4,3,random_erasing,random_erasing,0,"{""area_fraction"":0.142267,""erased"":true,""height"":0.221345,""left"":0.321126,""top"":0.266941,""width"":0.64274}",5.7685366,5.8330116,0.06447506,0.0031243276,0.0029292414,0.024400791,0.026036875,-0.021276464,-0.023107634,-0.0018311704,0.65735079,1.1917749,39.734567,47.354659,False,0.868065,True,False,False,0.65735079,1.1917749,39.734567,47.354659,0.52926713,1.2757019,30.053085,38.338779,0.86790479,1.0693445,25.993227,27.795714,0.52882989,1.6774904,4.3108034,7.2313313,0.47379208,1.4034707,8.9679166,12.586208,0.48887403,1.3900717,12.31729,17.121916,0.49657935,1.3091125,12.497062,16.360061,0.56942898,1.186227,22.277549,26.426229
init,init,-1,,8730,149.Brown_Thrasher/Brown_Thrasher_0052_155254.jpg,149,148,149.Brown_Thrasher,8,7,identity,identity,0,{},5.8505297,5.8505297,0,0.0028783737,0.0028783737,0.020708852,0.020708852,-0.017830478,-0.017830478,0,1,1,46.07512,46.07512,False,1,True,False,False,1,1,46.07512,46.07512,1,1,38.019299,38.019299,1,1,26.027862,26.027862,1,1,8.9400214,8.9400214,1,1,14.738224,14.738224,1,1,15.984522,15.984522,1,1,14.99956,14.99956,1,1,25.842525,25.842525
init,init,-1,,8730,149.Brown_Thrasher/Brown_Thrasher_0052_155254.jpg,149,148,149.Brown_Thrasher,8,7,horizontal_flip,horizontal_flip,0,"{""flipped"":true}",5.8505297,6.1814866,0.33095694,0.0028783737,0.0020673522,0.020708852,0.018147711,-0.017830478,-0.016080359,0.0017501193,0.75991676,1.1204814,46.07512,51.626316,False,0.96539813,False,False,False,0.75991676,1.1204814,46.07512,51.626316,0.66467526,1.1242355,38.019299,42.742647,0.96531828,1.1124289,26.027862,28.954147,0.66691439,1.423305,8.9400214,12.724378,0.65278532,1.0705579,14.738224,15.778123,0.72742239,1.103832,15.984522,17.644226,0.53634463,1.1322878,14.99956,16.983819,0.6916384,1.1055836,25.842525,28.571071
init,init,-1,,8730,149.Brown_Thrasher/Brown_Thrasher_0052_155254.jpg,149,148,149.Brown_Thrasher,8,7,color_jitter,color_jitter,0,"{""brightness"":0.947663,""contrast"":0.837021,""hue"":-0.025181,""saturation"":0.937766}",5.8505297,5.9051423,0.054612637,0.0028783737,0.002725394,0.020708852,0.019101655,-0.017830478,-0.016376261,0.0014542167,0.89826707,1.0369965,46.07512,47.77974,False,0.98945105,True,False,False,0.89826707,1.0369965,46.07512,47.77974,0.85779799,1.0521155,38.019299,40.000694,0.98943654,1.0039764,26.027862,26.131361,0.66106435,1.3253656,8.9400214,11.848797,0.79511061,1.0592632,14.738224,15.611658,0.88166363,1.0647678,15.984522,17.019804,0.83737486,1.0516253,14.99956,15.773917,0.91222154,1.0071702,25.842525,26.027822
init,init,-1,,8730,149.Brown_Thrasher/Brown_Thrasher_0052_155254.jpg,149,148,149.Brown_Thrasher,8,7,rotation,rotation,0,"{""angle"":-2.787799}",5.8505297,5.9241328,0.073603153,0.0028783737,0.0026741249,0.020708852,0.015681792,-0.017830478,-0.013007667,0.0048228106,0.81728087,0.9425519,46.07512,43.428192,False,0.97351676,False,False,False,0.81728087,0.9425519,46.07512,43.428192,0.73797857,0.91221557,38.019299,34.681796,0.97347448,1.0042211,26.027862,26.137729,0.47766132,0.70259388,8.9400214,6.2812043,0.68827738,0.76360341,14.738224,11.254158,0.68639947,0.84175948,15.984522,13.455123,0.67244138,0.94658205,14.99956,14.198315,0.81894654,0.98965112,25.842525,25.575084
init,init,-1,,8730,149.Brown_Thrasher/Brown_Thrasher_0052_155254.jpg,149,148,149.Brown_Thrasher,8,7,random_resized_crop,random_resized_crop,0,"{""area_fraction"":0.880193,""aspect"":0.968382,""fallback"":false,""height"":0.953379,""left"":0.047516,""top"":0.007952,""width"":0.923235}",5.8505297,5.7652421,-0.085287571,0.0028783737,0.0031346357,0.020708852,0.015910074,-0.017830478,-0.012775438,0.0050550394,0.85379574,0.97776038,46.07512,45.050427,False,0.98288095,False,False,False,0.85379574,0.97776038,46.07512,45.050427,0.79479832,0.98504365,38.019299,37.450669,0.98285205,0.96203582,26.027862,25.039736,0.61570708,1.2698197,8.9400214,11.352216,0.79203441,1.0695124,14.738224,15.762714,0.76539029,0.91414198,15.984522,14.612122,0.74098916,0.94622166,14.99956,14.192909,0.8594372,0.95592514,25.842525,24.703519
init,init,-1,,8730,149.Brown_Thrasher/Brown_Thrasher_0052_155254.jpg,149,148,149.Brown_Thrasher,8,7,gaussian_blur,gaussian_blur,0,"{""sigma"":1.445181}",5.8505297,5.7380567,-0.11247301,0.0028783737,0.0032210215,0.020708852,0.015235936,-0.017830478,-0.012014915,0.005815563,0.73976893,1.1505542,46.07512,53.011921,False,0.92811668,False,False,False,0.73976893,1.1505542,46.07512,53.011921,0.64289797,1.1078306,38.019299,42.118941,0.92785525,1.2367889,26.027862,32.19097,0.49945419,1.107142,8.9400214,9.8978734,0.67592221,1.1744887,14.738224,17.309878,0.61105189,1.14444,15.984522,18.293327,0.52212992,1.0676399,14.99956,16.014129,0.70252351,1.0843884,25.842525,28.023335
init,init,-1,,8730,149.Brown_Thrasher/Brown_Thrasher_0052_155254.jpg,149,148,149.Brown_Thrasher,8,7,random_erasing,random_erasing,0,"{""area_fraction"":0.089423,""erased"":true,""height"":0.447423,""left"":0.077817,""top"":0.467148,""width"":0.199863}",5.8505297,5.8534765,0.0029468536,0.0028783737,0.002869904,0.020708852,0.020087069,-0.017830478,-0.017217165,0.00061331294,0.93639386,1.0279404,46.07512,47.362477,False,0.99082935,True,False,False,0.93639386,1.0279404,46.07512,47.362477,0.91184743,1.0383439,38.019299,39.477107,0.99082056,1.0053827,26.027862,26.167962,0.94013958,1.0449479,8.9400214,9.3418568,0.91926461,1.0431913,14.738224,15.374787,0.91120659,1.0198299,15.984522,16.301494,0.86766355,1.0536212,14.99956,15.803854,0.92146042,1.0378061,25.842525,26.819529
init,init,-1,,6794,117.Clay_colored_Sparrow/Clay_Colored_Sparrow_0002_110606.jpg,117,116,117.Clay_colored_Sparrow,129,128,identity,identity,0,{},5.427515,5.427515,0,0.0043940004,0.0043940004,0.021926355,0.021926355,-0.017532354,-0.017532354,0,1,1,50.700806,50.700806,False,0.99999988,True,False,False,1,1,50.700806,50.700806,1,1,42.293263,42.293263,1,1,27.96161,27.96161,1,1,7.0999511,7.0999511,1,1,15.060069,15.060069,1,1,20.520298,20.520298,1,1,17.574813,17.574813,1,1,27.956188,27.956188
init,init,-1,,6794,117.Clay_colored_Sparrow/Clay_Colored_Sparrow_0002_110606.jpg,117,116,117.Clay_colored_Sparrow,129,128,horizontal_flip,horizontal_flip,0,"{""flipped"":true}",5.427515,5.3854103,-0.042104721,0.0043940004,0.0045829588,0.021926355,0.024955792,-0.017532354,-0.020372834,-0.0028404794,0.70106679,1.092971,50.700806,55.414513,False,0.96875817,True,False,False,0.70106679,1.092971,50.700806,55.414513,0.58252296,1.088384,42.293263,46.031313,0.96862774,1.1033934,27.96161,30.852657,0.50406361,1.0303209,7.0999511,7.3152278,0.39142221,1.1648569,15.060069,17.542825,0.54927829,1.0015365,20.520298,20.551828,0.48820275,1.1264771,17.574813,19.797624,0.70224194,1.0986157,27.956188,30.713107
init,init,-1,,6794,117.Clay_colored_Sparrow/Clay_Colored_Sparrow_0002_110606.jpg,117,116,117.Clay_colored_Sparrow,129,128,color_jitter,color_jitter,0,"{""brightness"":1.024999,""contrast"":1.148055,""hue"":0.05493,""saturation"":1.285229}",5.427515,5.5368438,0.10932875,0.0043940004,0.003938938,0.021926355,0.016581036,-0.017532354,-0.012642098,0.0048902561,0.82325059,1.052566,50.700806,53.365946,False,0.97361517,True,False,False,0.82325059,1.052566,50.700806,53.365946,0.76033136,1.0651325,42.293263,45.04793,0.97355796,1.0232361,27.96161,28.61133,0.73348566,1.0816221,7.0999511,7.679464,0.70351343,1.0416238,15.060069,15.686925,0.70876903,1.0268108,20.520298,21.070463,0.67773122,1.1169255,17.574813,19.629758,0.83954566,1.070105,27.956188,29.916057
init,init,-1,,6794,117.Clay_colored_Sparrow/Clay_Colored_Sparrow_0002_110606.jpg,117,116,117.Clay_colored_Sparrow,129,128,rotation,rotation,0,"{""angle"":-10.606434}",5.427515,5.3597832,-0.067731857,0.0043940004,0.0047019236,0.021926355,0.024361372,-0.017532354,-0.019659448,-0.0021270942,0.76720621,1.0423289,50.700806,52.846914,False,0.95710117,True,False,False,0.76720621,1.0423289,50.700806,52.846914,0.68264463,1.036034,42.293263,43.81726,0.95700499,1.0565891,27.96161,29.543934,0.64609719,0.97912764,7.0999511,6.9517584,0.56854096,0.97845716,15.060069,14.735632,0.63415851,1.0040961,20.520298,20.604351,0.60607134,1.0930663,17.574813,19.210437,0.77322431,1.0495424,27.956188,29.341206
init,init,-1,,6794,117.Clay_colored_Sparrow/Clay_Colored_Sparrow_0002_110606.jpg,117,116,117.Clay_colored_Sparrow,129,128,random_resized_crop,random_resized_crop,0,"{""area_fraction"":0.69397,""aspect"":1.105285,""fallback"":false,""height"":0.79238,""left"":0.033361,""top"":0.134557,""width"":0.875805}",5.427515,5.1073656,-0.32014942,0.0043940004,0.006052006,0.021926355,0.03218526,-0.017532354,-0.026133254,-0.0086008999,0.80137791,1.1311372,50.700806,57.34957,False,0.96757984,True,False,False,0.80137791,1.1311372,50.700806,57.34957,0.73373609,1.1522381,42.293263,48.731909,0.96742577,1.0813152,27.96161,30.235314,0.67727984,0.9973898,7.0999511,7.0814188,0.66324717,1.1582333,15.060069,17.443073,0.7211449,1.2238923,20.520298,25.114635,0.67976726,1.2533203,17.574813,22.02687,0.79590902,1.0757656,27.956188,30.074305
init,init,-1,,6794,117.Clay_colored_Sparrow/Clay_Colored_Sparrow_0002_110606.jpg,117,116,117.Clay_colored_Sparrow,129,128,gaussian_blur,gaussian_blur,0,"{""sigma"":1.405211}",5.427515,5.1203113,-0.30720377,0.0043940004,0.0059741638,0.021926355,0.016779918,-0.017532354,-0.010805754,0.0067265998,0.73561123,0.9607833,50.700806,48.712488,False,0.93048108,True,False,False,0.73561123,0.9607833,50.700806,48.712488,0.6541179,0.97262161,42.293263,41.135342,0.93038624,0.93313496,27.96161,26.091956,0.49978153,1.0965212,7.0999511,7.7852466,0.48882472,0.98986204,15.060069,14.90739,0.65778286,0.9213911,20.520298,18.90722,0.60397123,1.0595409,17.574813,18.621234,0.73791803,0.94979472,27.956188,26.55264
init,init,-1,,6794,117.Clay_colored_Sparrow/Clay_Colored_Sparrow_0002_110606.jpg,117,116,117.Clay_colored_Sparrow,129,128,random_erasing,random_erasing,0,"{""area_fraction"":0.153727,""erased"":true,""height"":0.314139,""left"":0.01517,""top"":0.665426,""width"":0.489359}",5.427515,5.2418628,-0.18565226,0.0043940004,0.0052903933,0.021926355,0.021768538,-0.017532354,-0.016478145,0.0010542092,0.87163089,1.020435,50.700806,51.736875,False,0.97565079,True,False,False,0.87163089,1.020435,50.700806,51.736875,0.82654778,1.0228939,42.293263,43.26152,0.97561522,1.014787,27.96161,28.37508,0.91655307,1.1110636,7.0999511,7.8884974,0.80091716,1.0672919,15.060069,16.073489,0.82977091,0.99313163,20.520298,20.379357,0.7581129,0.99600587,17.574813,17.504617,0.85321081,1.0300616,27.956188,28.796594
init,init,-1,,11456,195.Carolina_Wren/Carolina_Wren_0128_186581.jpg,195,194,195.Carolina_Wren,109,108,identity,identity,0,{},5.4519095,5.4519095,0,0.0042881086,0.0042881086,0.018919552,0.018919552,-0.014631443,-0.014631443,0,1,1,50.889922,50.889922,False,1,True,False,False,1,1,50.889922,50.889922,1,1,43.303102,43.303102,1,1,26.73248,26.73248,1,1,10.312626,10.312626,1,1,17.325158,17.325158,1,1,19.721558,19.721558,1,1,17.361535,17.361535,1,1,27.897752,27.897752
init,init,-1,,11456,195.Carolina_Wren/Carolina_Wren_0128_186581.jpg,195,194,195.Carolina_Wren,109,108,horizontal_flip,horizontal_flip,0,"{""flipped"":true}",5.4519095,5.3611059,-0.090803623,0.0042881086,0.0046957093,0.018919552,0.012109526,-0.014631443,-0.0074138171,0.0072176261,0.67431448,0.95250383,50.889922,48.472846,False,0.94946122,False,False,False,0.67431448,0.95250383,50.889922,48.472846,0.56931131,0.95203781,43.303102,41.226191,0.94935324,0.95372558,26.73248,25.49545,0.61422258,0.95751029,10.312626,9.8744453,0.5445373,0.97030791,17.325158,16.810738,0.55664663,0.89830129,19.721558,17.715901,0.38372345,0.96170321,17.361535,16.696644,0.6507969,0.96639978,27.897752,26.960381
init,init,-1,,11456,195.Carolina_Wren/Carolina_Wren_0128_186581.jpg,195,194,195.Carolina_Wren,109,108,color_jitter,color_jitter,0,"{""brightness"":1.065531,""contrast"":1.390322,""hue"":-0.082845,""saturation"":1.261563}",5.4519095,5.7105727,0.25866318,0.0042881086,0.0033107761,0.018919552,0.0089306822,-0.014631443,-0.0056199061,0.0090115371,0.5835405,1.045095,50.889922,53.184804,False,0.81944776,False,False,False,0.5835405,1.045095,50.889922,53.184804,0.4980937,1.0583141,43.303102,45.828282,0.81904777,1.009586,26.73248,26.988737,0.59032833,1.4593386,10.312626,15.049613,0.42070981,1.0644226,17.325158,18.44129,0.50992863,1.0269859,19.721558,20.253761,0.39119213,0.97953958,17.361535,17.006311,0.5500928,1.0353178,27.897752,28.88304
init,init,-1,,11456,195.Carolina_Wren/Carolina_Wren_0128_186581.jpg,195,194,195.Carolina_Wren,109,108,rotation,rotation,0,"{""angle"":-12.625443}",5.4519095,5.6085262,0.15661669,0.0042881086,0.0036664696,0.018919552,0.021259135,-0.014631443,-0.017592665,-0.0029612218,0.73013772,1.1204736,50.889922,57.020814,False,0.92124552,False,False,False,0.73013772,1.1204736,50.889922,57.020814,0.6559708,1.1142671,43.303102,48.25122,0.92102968,1.1365983,26.73248,30.384091,0.75957954,1.2408329,10.312626,12.796246,0.66896033,1.1064591,17.325158,19.169579,0.60079161,1.1367227,19.721558,22.417942,0.53736299,1.1079097,17.361535,19.235012,0.71105507,1.0898431,27.897752,30.404173
init,init,-1,,11456,195.Carolina_Wren/Carolina_Wren_0128_186581.jpg,195,194,195.Carolina_Wren,109,108,random_resized_crop,random_resized_crop,0,"{""area_fraction"":0.822587,""aspect"":1.028865,""fallback"":false,""height"":0.894153,""left"":0.019459,""top"":0.092701,""width"":0.919962}",5.4519095,5.5875645,0.13565493,0.0042881086,0.0037441358,0.018919552,0.015383939,-0.014631443,-0.011639803,0.0029916398,0.77538049,0.98494764,50.889922,50.123908,False,0.9576683,False,False,False,0.77538049,0.98494764,50.889922,50.123908,0.70087311,0.96204763,43.303102,41.659647,0.95754898,1.042648,26.73248,27.872567,0.82645849,0.91101569,10.312626,9.3949639,0.65864946,0.9212963,17.325158,15.961604,0.65257702,0.94863726,19.721558,18.708605,0.58712353,0.95040331,17.361535,16.50046,0.76615217,0.99479968,27.897752,27.752675
init,init,-1,,11456,195.Carolina_Wren/Carolina_Wren_0128_186581.jpg,195,194,195.Carolina_Wren,109,108,gaussian_blur,gaussian_blur,0,"{""sigma"":1.767032}",5.4519095,5.7731915,0.32128191,0.0042881086,0.0031098167,0.018919552,0.0065357429,-0.014631443,-0.0034259262,0.011205517,0.55348807,1.1038766,50.889922,56.176194,False,0.82992554,False,False,False,0.55348807,1.1038766,50.889922,56.176194,0.47254668,1.1632914,43.303102,50.374128,0.82976203,0.93009968,26.73248,24.863871,0.40304905,1.1981653,10.312626,12.35623,0.33602647,1.2955576,17.325158,22.445741,0.45581171,1.2551269,19.721558,24.753059,0.41796397,1.1790681,17.361535,20.470432,0.58756571,1.044635,27.897752,29.142968
init,init,-1,,11456,195.Carolina_Wren/Carolina_Wren_0128_186581.jpg,195,194,195.Carolina_Wren,109,108,random_erasing,random_erasing,0,"{""area_fraction"":0.150062,""erased"":true,""height"":0.233917,""left"":0.231985,""top"":0.432723,""width"":0.641516}",5.4519095,5.6312885,0.17937899,0.0042881086,0.0035839533,0.018919552,0.021181293,-0.014631443,-0.01759734,-0.0029658964,0.55917985,1.2366652,50.889922,62.933797,False,0.82739091,False,False,False,0.55917985,1.2366652,50.889922,62.933797,0.46321895,1.255869,43.303102,54.383025,0.82678163,1.1847959,26.73248,31.672533,0.42347213,1.2202171,10.312626,12.583643,0.43409084,1.2095487,17.325158,20.955622,0.49019177,1.4636776,19.721558,28.866003,0.35955469,1.2251783,17.361535,21.270975,0.51013009,1.1748948,27.897752,32.776924
init,init,-1,,10255,175.Pine_Warbler/Pine_Warbler_0032_172080.jpg,175,174,175.Pine_Warbler,114,113,identity,identity,0,{},5.5925283,5.5925283,0,0.0037255976,0.0037255976,0.018331172,0.018331172,-0.014605574,-0.014605574,0,1,1,40.665653,40.665653,False,0.99999994,True,False,False,1,1,40.665653,40.665653,1,1,32.372766,32.372766,1,1,24.61096,24.61096,1,1,4.440454,4.440454,1,1,11.400151,11.400151,1,1,12.567769,12.567769,1,1,13.256986,13.256986,1,1,23.7617,23.7617
init,init,-1,,10255,175.Pine_Warbler/Pine_Warbler_0032_172080.jpg,175,174,175.Pine_Warbler,114,113,horizontal_flip,horizontal_flip,0,"{""flipped"":true}",5.5925283,5.5717888,-0.020739555,0.0037255976,0.0038036699,0.018331172,0.018537903,-0.014605574,-0.014734233,-0.00012865895,0.7317469,1.0194566,40.665653,41.456867,False,0.97079217,True,False,False,0.7317469,1.0194566,40.665653,41.456867,0.60341263,1.044388,32.372766,33.809728,0.97077136,0.97481475,24.61096,23.991127,0.4511123,1.2155816,4.440454,5.3977339,0.3919233,1.0199971,11.400151,11.62812,0.54612888,1.0077939,12.567769,12.665722,0.46661421,1.0412651,13.256986,13.804036,0.71444749,1.0544481,23.7617,25.05548
init,init,-1,,10255,175.Pine_Warbler/Pine_Warbler_0032_172080.jpg,175,174,175.Pine_Warbler,114,113,color_jitter,color_jitter,0,"{""brightness"":0.846744,""contrast"":0.714196,""hue"":0.070807,""saturation"":0.696061}",5.5925283,5.3735967,-0.21893167,0.0037255976,0.004637422,0.018331172,0.018797562,-0.014605574,-0.014160139,0.00044543482,0.79109418,1.035755,40.665653,42.119654,False,0.93527639,True,False,False,0.79109418,1.035755,40.665653,42.119654,0.72021799,1.0822167,32.372766,35.034347,0.93524781,0.95001404,24.61096,23.380757,0.74556675,0.9205501,4.440454,4.0876603,0.65260936,1.2507038,11.400151,14.258212,0.67280622,1.1394766,12.567769,14.32068,0.66581773,1.0567574,13.256986,14.009417,0.77351266,1.0360441,23.7617,24.618169
init,init,-1,,10255,175.Pine_Warbler/Pine_Warbler_0032_172080.jpg,175,174,175.Pine_Warbler,114,113,rotation,rotation,0,"{""angle"":-11.100921}",5.5925283,5.4695492,-0.12297916,0.0037255976,0.0042131324,0.018331172,0.018319519,-0.014605574,-0.014106387,0.0004991875,0.67150363,1.1403578,40.665653,46.373393,False,0.92599678,False,False,False,0.67150363,1.1403578,40.665653,46.373393,0.51388366,1.1083306,32.372766,35.879725,0.92584902,1.1937442,24.61096,29.379192,0.22938403,0.99230031,4.440454,4.4062638,0.35222132,0.92456163,11.400151,10.540142,0.3471126,1.0227354,12.567769,12.853503,0.35048858,1.094523,13.256986,14.510076,0.64236008,1.176178,23.7617,27.947989
init,init,-1,,10255,175.Pine_Warbler/Pine_Warbler_0032_172080.jpg,175,174,175.Pine_Warbler,114,113,random_resized_crop,random_resized_crop,0,"{""area_fraction"":0.579163,""aspect"":1.113368,""fallback"":false,""height"":0.721242,""left"":0.104927,""top"":0.237509,""width"":0.803008}",5.5925283,5.5872545,-0.005273819,0.0037255976,0.0037452956,0.018331172,0.013221124,-0.014605574,-0.0094758286,0.0051297457,0.7255588,1.0159043,40.665653,41.31241,False,0.95177275,False,False,False,0.7255588,1.0159043,40.665653,41.31241,0.60175458,1.0346544,32.372766,33.494625,0.95173562,0.98261756,24.61096,24.183161,0.56296768,1.0414557,4.440454,4.6245361,0.53603854,1.0563464,11.400151,12.042508,0.52538035,1.1009903,12.567769,13.836993,0.49165388,1.0571442,13.256986,14.014546,0.67942423,1.0026472,23.7617,23.824603
init,init,-1,,10255,175.Pine_Warbler/Pine_Warbler_0032_172080.jpg,175,174,175.Pine_Warbler,114,113,gaussian_blur,gaussian_blur,0,"{""sigma"":1.828317}",5.5925283,5.8236985,0.23117018,0.0037255976,0.0029566495,0.018331172,0.018344982,-0.014605574,-0.015388332,-0.00078275776,0.51869938,1.2897429,40.665653,52.448235,False,0.89613128,False,False,False,0.51869938,1.2897429,40.665653,52.448235,0.35699863,1.399528,32.372766,45.306593,0.89607379,1.0735928,24.61096,26.422149,-0.11334561,1.3647773,4.440454,6.0602306,-0.085036849,1.4770068,11.400151,16.8381,0.24770452,1.8935478,12.567769,23.797673,0.31022202,1.4369047,13.256986,19.049025,0.57994102,1.1927419,23.7617,28.341574
init,init,-1,,10255,175.Pine_Warbler/Pine_Warbler_0032_172080.jpg,175,174,175.Pine_Warbler,114,113,random_erasing,random_erasing,0,"{""area_fraction"":0.174928,""erased"":true,""height"":0.275955,""left"":0.092622,""top"":0.656271,""width"":0.633902}",5.5925283,5.5251436,-0.06738472,0.0037255976,0.0039852974,0.018331172,0.016959503,-0.014605574,-0.012974206,0.0016313684,0.88599262,1.0148346,40.665653,41.268913,False,0.9753567,False,False,False,0.88599262,1.0148346,40.665653,41.268913,0.8353624,1.0216626,32.372766,33.074045,0.97532917,1.0029109,24.61096,24.682599,0.6567991,0.80054403,4.440454,3.5547789,0.75974885,0.96234875,11.400151,10.970921,0.77902037,1.0113088,12.567769,12.709896,0.81768257,1.0222127,13.256986,13.551459,0.87803037,1.0442659,23.7617,24.813533
init,init,-1,,10426,177.Prothonotary_Warbler/Prothonotary_Warbler_0045_173536.jpg,177,176,177.Prothonotary_Warbler,4,3,identity,identity,0,{},4.9306369,4.9306369,0,0.0072219013,0.0072219013,0.025031637,0.025031637,-0.017809736,-0.017809736,0,1,1,46.336916,46.336916,False,1,True,False,False,1,1,46.336916,46.336916,1,1,38.570853,38.570853,1,1,25.678767,25.678767,1,1,7.4863015,7.4863015,1,1,12.38164,12.38164,1,1,15.884739,15.884739,1,1,17.884392,17.884392,1,1,26.574134,26.574134
init,init,-1,,10426,177.Prothonotary_Warbler/Prothonotary_Warbler_0045_173536.jpg,177,176,177.Prothonotary_Warbler,4,3,horizontal_flip,horizontal_flip,0,"{""flipped"":true}",4.9306369,5.1576734,0.22703648,0.0072219013,0.0057550739,0.025031637,0.021620722,-0.017809736,-0.015865649,0.0019440874,0.66804193,1.0798956,46.336916,50.039032,False,0.96555138,True,False,False,0.66804193,1.0798956,46.336916,50.039032,0.54018277,1.0896837,38.570853,42.030031,0.96550809,1.0574793,25.678767,27.154764,0.60779575,1.202481,7.4863015,9.002135,0.45555869,1.2298816,12.38164,15.227951,0.39980428,1.0978361,15.884739,17.43884,0.41492996,1.0800864,17.884392,19.316688,0.66819956,1.0485009,26.574134,27.863004
init,init,-1,,10426,177.Prothonotary_Warbler/Prothonotary_Warbler_0045_173536.jpg,177,176,177.Prothonotary_Warbler,4,3,color_jitter,color_jitter,0,"{""brightness"":1.245903,""contrast"":0.876054,""hue"":-0.072632,""saturation"":1.250753}",4.9306369,5.1189137,0.18827677,0.0072219013,0.0059825191,0.025031637,0.015649535,-0.017809736,-0.0096670156,0.0081427204,0.66015389,0.97536481,46.336916,45.195397,False,0.88707256,False,False,False,0.66015389,0.97536481,46.336916,45.195397,0.55758129,0.96910796,38.570853,37.37932,0.88693958,0.98933594,25.678767,25.404927,0.29361622,0.83300224,7.4863015,6.2361059,0.4121105,0.98715101,12.38164,12.222548,0.41686559,0.91652882,15.884739,14.558821,0.55464119,1.031117,17.884392,18.440901,0.65847976,0.96447971,26.574134,25.630213
init,init,-1,,10426,177.Prothonotary_Warbler/Prothonotary_Warbler_0045_173536.jpg,177,176,177.Prothonotary_Warbler,4,3,rotation,rotation,0,"{""angle"":3.480026}",4.9306369,4.984148,0.053511143,0.0072219013,0.0068456065,0.025031637,0.021299854,-0.017809736,-0.014454247,0.0033554886,0.80846613,1.0114244,46.336916,46.866289,False,0.9795776,True,False,False,0.80846613,1.0114244,46.336916,46.866289,0.73647839,1.0259511,38.570853,39.57181,0.97952526,0.97785747,25.678767,25.110174,0.69230221,1.4043049,7.4863015,10.51305,0.56413512,1.1609096,12.38164,14.373965,0.619828,0.98283544,15.884739,15.612084,0.7014059,0.97610096,17.884392,17.456972,0.84823693,0.99583196,26.574134,26.463372
init,init,-1,,10426,177.Prothonotary_Warbler/Prothonotary_Warbler_0045_173536.jpg,177,176,177.Prothonotary_Warbler,4,3,random_resized_crop,random_resized_crop,0,"{""area_fraction"":0.628804,""aspect"":1.244191,""fallback"":false,""height"":0.710909,""left"":0.049089,""top"":0.172166,""width"":0.884507}",4.9306369,5.2236805,0.29304361,0.0072219013,0.0053874659,0.025031637,0.032492399,-0.017809736,-0.027104933,-0.0092951972,0.66819613,1.0492208,46.336916,48.617657,False,0.94849885,True,False,False,0.66819613,1.0492208,46.336916,48.617657,0.54702266,1.0569131,38.570853,40.766041,0.94841279,1.0316551,25.678767,26.491631,0.51767471,1.2706009,7.4863015,9.5121015,0.37870835,1.1359738,12.38164,14.065219,0.39666621,1.1407996,15.884739,18.121303,0.45001875,1.0027094,17.884392,17.932847,0.69778577,1.0122493,26.574134,26.899647
init,init,-1,,10426,177.Prothonotary_Warbler/Prothonotary_Warbler_0045_173536.jpg,177,176,177.Prothonotary_Warbler,4,3,gaussian_blur,gaussian_blur,0,"{""sigma"":1.726642}",4.9306369,5.2593389,0.32870197,0.0072219013,0.0051987409,0.025031637,0.014400849,-0.017809736,-0.0092021083,0.0086076278,0.51786599,0.94827591,46.336916,43.940181,False,0.82776356,False,False,False,0.51786599,0.94827591,46.336916,43.940181,0.40284369,0.99116858,38.570853,38.230218,0.8276909,0.84352933,25.678767,21.660793,0.057002453,1.0287125,7.4863015,7.7012519,0.21166554,1.2008649,12.38164,14.868677,0.35799333,1.139437,15.884739,18.099659,0.34544872,0.99265992,17.884392,17.753119,0.55004416,0.8731525,26.574134,23.203271
init,init,-1,,10426,177.Prothonotary_Warbler/Prothonotary_Warbler_0045_173536.jpg,177,176,177.Prothonotary_Warbler,4,3,random_erasing,random_erasing,0,"{""area_fraction"":0.168951,""erased"":true,""height"":0.311737,""left"":0.022278,""top"":0.233723,""width"":0.541968}",4.9306369,4.6926551,-0.2379818,0.0072219013,0.0091623245,0.025031637,0.015978094,-0.017809736,-0.0068157697,0.010993966,0.4832556,0.94273074,46.336916,43.683235,False,0.82193649,False,False,False,0.4832556,0.94273074,46.336916,43.683235,0.34715868,0.96843177,38.570853,37.353239,0.82190782,0.8819984,25.678767,22.648631,0.010635956,0.97192414,7.4863015,7.2761171,0.099244794,1.0819407,12.38164,13.3962,0.28120203,1.0344124,15.884739,16.43137,0.32808529,0.94088842,17.884392,16.827217,0.47394703,0.92919282,26.574134,24.692494
init,init,-1,,7265,124.Le_Conte_Sparrow/Le_Conte_Sparrow_0067_117146.jpg,124,123,124.Le_Conte_Sparrow,129,128,identity,identity,0,{},6.2336054,6.2336054,0,0.0019623637,0.0019623637,0.023847228,0.023847228,-0.021884864,-0.021884864,0,1,1,53.067802,53.067802,False,1,True,False,False,1,1,53.067802,53.067802,1,1,46.058279,46.058279,1,1,26.359562,26.359562,1,1,8.9967921,8.9967921,1,1,16.954166,16.954166,1,1,20.794734,20.794734,1,1,20.301163,20.301163,1,1,30.140022,30.140022
init,init,-1,,7265,124.Le_Conte_Sparrow/Le_Conte_Sparrow_0067_117146.jpg,124,123,124.Le_Conte_Sparrow,129,128,horizontal_flip,horizontal_flip,0,"{""flipped"":true}",6.2336054,5.7278299,-0.50577545,0.0019623637,0.0032541319,0.023847228,0.021076366,-0.021884864,-0.017822234,0.0040626298,0.66508443,0.91885794,53.067802,48.761771,False,0.95580143,True,False,False,0.66508443,0.91885794,53.067802,48.761771,0.55818329,0.8869199,46.058279,40.850004,0.95575143,1.0101389,26.359562,26.626818,0.74110591,0.83969145,8.9967921,7.5545294,0.41812757,0.81520667,16.954166,13.821149,0.45230221,0.85002084,20.794734,17.675958,0.46470644,0.86701305,20.301163,17.601373,0.66879034,0.93747838,30.140022,28.255619
init,init,-1,,7265,124.Le_Conte_Sparrow/Le_Conte_Sparrow_0067_117146.jpg,124,123,124.Le_Conte_Sparrow,129,128,color_jitter,color_jitter,0,"{""brightness"":1.265562,""contrast"":0.924737,""hue"":-0.017519,""saturation"":1.234563}",6.2336054,6.0801821,-0.15342331,0.0019623637,0.0022877606,0.023847228,0.021189181,-0.021884864,-0.018901421,0.0029834437,0.87845018,0.95003769,53.067802,50.416412,False,0.97986168,True,False,False,0.87845018,0.95003769,53.067802,50.416412,0.84338401,0.93267968,46.058279,42.957621,0.97981816,1.0011729,26.359562,26.390478,0.85987595,1.0611053,8.9967921,9.546544,0.7308286,0.88891456,16.954166,15.070805,0.8397418,0.89927217,20.794734,18.700126,0.81828788,0.92563116,20.301163,18.791389,0.88911859,0.95256358,30.140022,28.710287
init,init,-1,,7265,124.Le_Conte_Sparrow/Le_Conte_Sparrow_0067_117146.jpg,124,123,124.Le_Conte_Sparrow,129,128,rotation,rotation,0,"{""angle"":4.934949}",6.2336054,6.0204692,-0.2131362,0.0019623637,0.00242853,0.023847228,0.026189614,-0.021884864,-0.023761084,-0.0018762199,0.78363188,0.96153052,53.067802,51.026311,False,0.95811164,True,False,False,0.78363188,0.96153052,53.067802,51.026311,0.72246036,0.94192639,46.058279,43.383508,0.95805113,1.0190529,26.359562,26.861787,0.81461941,0.83374785,8.9967921,7.501056,0.71268933,1.0062926,16.954166,17.060851,0.61091453,0.83027723,20.794734,17.265394,0.63790643,0.901775,20.301163,18.307081,0.802295,0.99620953,30.140022,30.025777
init,init,-1,,7265,124.Le_Conte_Sparrow/Le_Conte_Sparrow_0067_117146.jpg,124,123,124.Le_Conte_Sparrow,129,128,random_resized_crop,random_resized_crop,0,"{""area_fraction"":0.795922,""aspect"":1.183201,""fallback"":false,""height"":0.820174,""left"":0.012967,""top"":0.090368,""width"":0.970431}",6.2336054,5.6652851,-0.56832027,0.0019623637,0.0034641612,0.023847228,0.027492542,-0.021884864,-0.024028381,-0.0021435164,0.73538463,0.95136756,53.067802,50.486985,False,0.95610523,True,False,False,0.73538463,0.95136756,53.067802,50.486985,0.66019281,0.94128542,46.058279,43.353987,0.95602379,0.98150861,26.359562,25.872137,0.68022868,0.70257505,8.9967921,6.3209217,0.39877493,0.97194718,16.954166,16.478554,0.64143207,1.0653923,20.794734,22.15455,0.6285959,0.90514572,20.301163,18.37551,0.77859004,0.9023008,30.140022,27.195365
init,init,-1,,7265,124.Le_Conte_Sparrow/Le_Conte_Sparrow_0067_117146.jpg,124,123,124.Le_Conte_Sparrow,129,128,gaussian_blur,gaussian_blur,0,"{""sigma"":1.133593}",6.2336054,6.2790189,0.045413494,0.0019623637,0.0018752393,0.023847228,0.043638393,-0.021884864,-0.041763154,-0.01987829,0.66825089,1.1577017,53.067802,61.436685,False,0.92712569,True,False,False,0.66825089,1.1577017,53.067802,61.436685,0.58644686,1.1669878,46.058279,53.749451,0.92671683,1.1288779,26.359562,29.756727,0.61486293,1.1338943,8.9967921,10.201411,0.27336532,1.1526626,16.954166,19.542432,0.52465903,1.2396778,20.794734,25.77877,0.54779774,1.1771236,20.301163,23.896977,0.73586492,1.1336253,30.140022,34.167492
init,init,-1,,7265,124.Le_Conte_Sparrow/Le_Conte_Sparrow_0067_117146.jpg,124,123,124.Le_Conte_Sparrow,129,128,random_erasing,random_erasing,0,"{""area_fraction"":0.114682,""erased"":true,""height"":0.412966,""left"":0.009668,""top"":0.333016,""width"":0.277702}",6.2336054,6.1726694,-0.060935974,0.0019623637,0.002085661,0.023847228,0.025205495,-0.021884864,-0.023119834,-0.0012349696,0.90705483,1.0321385,53.067802,54.773323,False,0.99181449,True,False,False,0.90705483,1.0321385,53.067802,54.773323,0.88061248,1.0424382,46.058279,48.012909,0.99180368,1.0000367,26.359562,26.36053,0.94793785,1.116967,8.9967921,10.04912,0.74276853,1.206063,16.954166,20.447792,0.88811121,1.0356665,20.794734,21.536409,0.88379383,1.0108597,20.301163,20.521627,0.92644154,0.99601117,30.140022,30.019798
init,init,-1,,10209,174.Palm_Warbler/Palm_Warbler_0095_170610.jpg,174,173,174.Palm_Warbler,129,128,identity,identity,0,{},4.7508192,4.7508192,0,0.0086446134,0.0086446134,0.024394043,0.024394043,-0.015749429,-0.015749429,0,1,1,49.059158,49.059158,False,1.0000002,True,False,False,1,1,49.059158,49.059158,1,1,39.272898,39.272898,1,1,29.401367,29.401367,1,1,6.0665787,6.0665787,1,1,14.890432,14.890432,1,1,16.438088,16.438088,1,1,17.042758,17.042758,1,1,26.891744,26.891744
init,init,-1,,10209,174.Palm_Warbler/Palm_Warbler_0095_170610.jpg,174,173,174.Palm_Warbler,129,128,horizontal_flip,horizontal_flip,0,"{""flipped"":true}",4.7508192,4.6331949,-0.11762428,0.0086446134,0.0097236419,0.024394043,0.030614048,-0.015749429,-0.020890406,-0.005140977,0.67059755,1.018484,49.059158,49.965968,False,0.9619447,True,False,False,0.67059755,1.018484,49.059158,49.965968,0.4983912,0.99753192,39.272898,39.17597,0.96181895,1.0548342,29.401367,31.013566,0.19592075,0.91857917,6.0665787,5.5726328,0.2402804,0.93062138,14.890432,13.857354,0.32086856,1.0204074,16.438088,16.773547,0.41322028,1.0222073,17.042758,17.421232,0.68888839,1.0025267,26.891744,26.95969
init,init,-1,,10209,174.Palm_Warbler/Palm_Warbler_0095_170610.jpg,174,173,174.Palm_Warbler,129,128,color_jitter,color_jitter,0,"{""brightness"":1.126635,""contrast"":0.970923,""hue"":-0.008472,""saturation"":0.877487}",4.7508192,4.6417646,-0.10905457,0.0086446134,0.0096406676,0.024394043,0.02701379,-0.015749429,-0.017373122,-0.0016236929,0.95148252,1.0236656,49.059158,50.220174,False,0.99535638,True,False,False,0.95148252,1.0236656,49.059158,50.220174,0.92667938,1.0200178,39.272898,40.059056,0.99533172,1.0301421,29.401367,30.287587,0.87196496,1.0774724,6.0665787,6.5365708,0.88570072,1.0204506,14.890432,15.19495,0.89905515,0.99440571,16.438088,16.346128,0.91751375,1.0126655,17.042758,17.258613,0.95587546,1.0292293,26.891744,27.677772
init,init,-1,,10209,174.Palm_Warbler/Palm_Warbler_0095_170610.jpg,174,173,174.Palm_Warbler,129,128,rotation,rotation,0,"{""angle"":-12.788114}",4.7508192,4.6495519,-0.10126734,0.0086446134,0.009565888,0.024394043,0.019502115,-0.015749429,-0.0099362265,0.0058132028,0.69057192,1.1287201,49.059158,55.374055,False,0.89785707,True,False,False,0.69057192,1.1287201,49.059158,55.374055,0.60150345,1.2059788,39.272898,47.362282,0.8976485,0.97579554,29.401367,28.689723,0.56202991,1.3999,6.0665787,8.4926032,0.57588851,1.1762729,14.890432,17.515211,0.56136677,1.3962614,16.438088,22.951867,0.52891295,1.2193902,17.042758,20.781773,0.66795511,1.1190547,26.891744,30.093332
init,init,-1,,10209,174.Palm_Warbler/Palm_Warbler_0095_170610.jpg,174,173,174.Palm_Warbler,129,128,random_resized_crop,random_resized_crop,0,"{""area_fraction"":0.886271,""aspect"":0.981018,""fallback"":false,""height"":0.950484,""left"":0.029189,""top"":0.037288,""width"":0.932442}",4.7508192,4.8032956,0.052476406,0.0086446134,0.0082026692,0.024394043,0.030194296,-0.015749429,-0.021991626,-0.006242197,0.83765005,1.0805325,49.059158,53.010015,False,0.97881955,True,False,False,0.83765005,1.0805325,49.059158,53.010015,0.76672765,1.1147357,39.272898,43.778902,0.97875195,1.0166521,29.401367,29.89096,0.59655398,1.1969057,6.0665787,7.2611225,0.70780419,1.0696772,14.890432,15.927955,0.69249941,1.2133505,16.438088,19.945162,0.71932887,1.1630108,17.042758,19.820911,0.84963397,1.064518,26.891744,28.626745
init,init,-1,,10209,174.Palm_Warbler/Palm_Warbler_0095_170610.jpg,174,173,174.Palm_Warbler,129,128,gaussian_blur,gaussian_blur,0,"{""sigma"":1.549081}",4.7508192,4.7924447,0.0416255,0.0086446134,0.0082921619,0.024394043,0.018526489,-0.015749429,-0.010234327,0.0055151023,0.51939076,1.0926813,49.059158,53.606026,False,0.87903965,True,False,False,0.51939076,1.0926813,49.059158,53.606026,0.38242437,1.2014836,39.272898,47.185742,0.87876608,0.86521119,29.401367,25.438392,-0.21591128,1.759279,6.0665787,10.672804,0.079319154,1.2899282,14.890432,19.207587,0.30555461,1.2826717,16.438088,21.08467,0.35256237,1.3052145,17.042758,22.244455,0.60370421,1.0545892,26.891744,28.359743
init,init,-1,,10209,174.Palm_Warbler/Palm_Warbler_0095_170610.jpg,174,173,174.Palm_Warbler,129,128,random_erasing,random_erasing,0,"{""area_fraction"":0.07086,""erased"":true,""height"":0.241028,""left"":0.017435,""top"":0.45736,""width"":0.29399}",4.7508192,4.600378,-0.15044117,0.0086446134,0.010048036,0.024394043,0.025319112,-0.015749429,-0.015271076,0.00047835335,0.8005924,1.0475112,49.059158,51.390015,False,0.95135313,False,False,False,0.8005924,1.0475112,49.059158,51.390015,0.71769884,1.0539181,39.272898,41.39042,0.95113039,1.0359812,29.401367,30.459264,0.78268636,1.2413747,6.0665787,7.5308973,0.77567774,1.1488756,14.890432,17.107254,0.63457918,1.042147,16.438088,17.130904,0.61655777,0.97327573,17.042758,16.587303,0.76523004,1.0486146,26.891744,28.199075
init,init,-1,,7740,132.White_crowned_Sparrow/White_Crowned_Sparrow_0057_127927.jpg,132,131,132.White_crowned_Sparrow,46,45,identity,identity,0,{},5.0017099,5.0017099,0,0.0067264372,0.0067264372,0.020697301,0.020697301,-0.013970864,-0.013970864,0,1,1,42.790795,42.790795,False,1,True,False,False,1,1,42.790795,42.790795,1,1,35.286547,35.286547,1,1,24.205615,24.205615,1,1,4.8908923,4.8908923,1,1,12.009045,12.009045,1,1,15.851004,15.851004,1,1,14.434518,14.434518,1,1,24.84739,24.84739
init,init,-1,,7740,132.White_crowned_Sparrow/White_Crowned_Sparrow_0057_127927.jpg,132,131,132.White_crowned_Sparrow,46,45,horizontal_flip,horizontal_flip,0,"{""flipped"":true}",5.0017099,5.1156516,0.11394167,0.0067264372,0.0060020662,0.020697301,0.021208383,-0.013970864,-0.015206317,-0.0012354529,0.66320892,1.0764201,42.790795,46.060872,False,0.95090145,True,False,False,0.66320892,1.0764201,42.790795,46.060872,0.54556624,1.1172976,35.286547,39.425573,0.95089384,0.98392673,24.205615,23.816551,0.18219819,1.1213893,4.8908923,5.4845941,0.4784162,1.2989682,12.009045,15.599368,0.55855077,1.2767285,15.851004,20.237428,0.43513717,1.1008661,14.434518,15.890472,0.62363387,1.0012152,24.84739,24.877583
init,init,-1,,7740,132.White_crowned_Sparrow/White_Crowned_Sparrow_0057_127927.jpg,132,131,132.White_crowned_Sparrow,46,45,color_jitter,color_jitter,0,"{""brightness"":1.053063,""contrast"":1.049389,""hue"":0.064114,""saturation"":1.298848}",5.0017099,4.9933238,-0.0083861351,0.0067264372,0.0067830826,0.020697301,0.023869541,-0.013970864,-0.017086458,-0.0031155939,0.87349968,1.0400496,42.790795,44.504549,False,0.97115993,True,False,False,0.87349968,1.0400496,42.790795,44.504549,0.82836948,1.0456677,35.286547,36.898003,0.9711415,1.0280084,24.205615,24.883574,0.69634018,1.1782397,4.8908923,5.7626432,0.82458291,1.056226,12.009045,12.684265,0.79439118,1.0493775,15.851004,16.633687,0.7755595,1.0850698,14.434518,15.662459,0.86897402,1.022408,24.84739,25.404169
init,init,-1,,7740,132.White_crowned_Sparrow/White_Crowned_Sparrow_0057_127927.jpg,132,131,132.White_crowned_Sparrow,46,45,rotation,rotation,0,"{""angle"":-11.232876}",5.0017099,5.1903906,0.18868065,0.0067264372,0.005569831,0.020697301,0.028417833,-0.013970864,-0.022848002,-0.0088771381,0.69920369,1.0077542,42.790795,43.122602,False,0.94051301,True,False,False,0.69920369,1.0077542,42.790795,43.122602,0.58850211,1.0155856,35.286547,35.836508,0.94046361,0.99090586,24.205615,23.985485,0.17932639,1.1578651,4.8908923,5.6629937,0.35900971,0.94527977,12.009045,11.351907,0.5482202,0.93378581,15.851004,14.801442,0.50693808,1.0429416,14.434518,15.054359,0.69805154,1.0476279,24.84739,26.030819
init,init,-1,,7740,132.White_crowned_Sparrow/White_Crowned_Sparrow_0057_127927.jpg,132,131,132.White_crowned_Sparrow,46,45,random_resized_crop,random_resized_crop,0,"{""area_fraction"":0.890556,""aspect"":1.069239,""fallback"":false,""height"":0.912627,""left"":0.020383,""top"":0.023591,""width"":0.975816}",5.0017099,4.959167,-0.042542934,0.0067264372,0.0070187738,0.020697301,0.025035188,-0.013970864,-0.018016414,-0.0040455498,0.81696992,1.011762,42.790795,43.2941,False,0.97687709,True,False,False,0.81696992,1.011762,42.790795,43.2941,0.7425995,1.0154107,35.286547,35.830336,0.97685476,1.003964,24.205615,24.301566,0.47553632,1.2320312,4.8908923,6.0257317,0.54499034,0.84916688,12.009045,10.197683,0.69534472,1.0219676,15.851004,16.199212,0.70768463,1.1103654,14.434518,16.027589,0.8309752,1.005508,24.84739,24.984249
init,init,-1,,7740,132.White_crowned_Sparrow/White_Crowned_Sparrow_0057_127927.jpg,132,131,132.White_crowned_Sparrow,46,45,gaussian_blur,gaussian_blur,0,"{""sigma"":1.222784}",5.0017099,5.158145,0.15643501,0.0067264372,0.00575236,0.020697301,0.023871599,-0.013970864,-0.018119239,-0.0041483748,0.71507196,1.0652747,42.790795,45.583953,False,0.93581498,True,False,False,0.71507196,1.0652747,42.790795,45.583953,0.62031397,1.0925717,35.286547,38.553082,0.93578479,1.0048056,24.205615,24.321937,0.39406009,1.1958208,4.8908923,5.8486309,0.22603609,1.1784905,12.009045,14.152546,0.59774665,1.1226788,15.851004,17.795585,0.60289398,1.1434523,14.434518,16.505182,0.75343226,1.0360704,24.84739,25.743644
init,init,-1,,7740,132.White_crowned_Sparrow/White_Crowned_Sparrow_0057_127927.jpg,132,131,132.White_crowned_Sparrow,46,45,random_erasing,random_erasing,0,"{""area_fraction"":0.123744,""erased"":true,""height"":0.409495,""left"":0.500673,""top"":0.397379,""width"":0.302188}",5.0017099,5.0751252,0.073415279,0.0067264372,0.0062503032,0.020697301,0.025419792,-0.013970864,-0.019169489,-0.0051986249,0.87170963,1.0843574,42.790795,46.400514,False,0.97262681,True,False,False,0.87170963,1.0843574,42.790795,46.400514,0.82855189,1.110085,35.286547,39.171066,0.97260553,1.0275459,24.205615,24.87238,0.65690992,1.3683029,4.8908923,6.6922222,0.83543555,1.1839044,12.009045,14.217561,0.82054379,1.0596701,15.851004,16.796835,0.7982031,1.126388,14.434518,16.258868,0.85057231,1.0955129,24.84739,27.220637
init,init,-1,,1974,035.Purple_Finch/Purple_Finch_0053_27543.jpg,35,34,035.Purple_Finch,129,128,identity,identity,0,{},5.2764363,5.2764363,0,0.0051106107,0.0051106107,0.02115361,0.02115361,-0.016042999,-0.016042999,0,1,1,45.747169,45.747169,False,1,True,False,False,1,1,45.747169,45.747169,1,1,36.288589,36.288589,1,1,27.855731,27.855731,1,1,4.7231082,4.7231082,1,1,11.127735,11.127735,1,1,14.940116,14.940116,1,1,15.581861,15.581861,1,1,26.546676,26.546676
init,init,-1,,1974,035.Purple_Finch/Purple_Finch_0053_27543.jpg,35,34,035.Purple_Finch,129,128,horizontal_flip,horizontal_flip,0,"{""flipped"":true}",5.2764363,5.0280762,-0.24836016,0.0051106107,0.0065514017,0.02115361,0.023475084,-0.016042999,-0.016923683,-0.00088068331,0.67730933,1.0810547,45.747169,49.455193,False,0.96083426,True,False,False,0.67730933,1.0810547,45.747169,49.455193,0.53737624,1.139523,36.288589,41.351682,0.96076444,0.97382615,27.855731,27.12664,-0.16059377,1.6945601,4.7231082,8.0035907,0.43179421,1.3659864,11.127735,15.200334,0.49543923,1.308465,14.940116,19.54862,0.43106885,1.1238784,15.581861,17.512117,0.66698626,1.0150034,26.546676,26.944965
init,init,-1,,1974,035.Purple_Finch/Purple_Finch_0053_27543.jpg,35,34,035.Purple_Finch,129,128,color_jitter,color_jitter,0,"{""brightness"":0.74166,""contrast"":0.956686,""hue"":0.044735,""saturation"":1.393986}",5.2764363,5.3312778,0.054841518,0.0051106107,0.004837885,0.02115361,0.023605688,-0.016042999,-0.018767803,-0.0027248031,0.84614272,1.0495868,45.747169,48.015626,False,0.9720338,True,False,False,0.84614272,1.0495868,45.747169,48.015626,0.77779512,1.0761729,36.288589,39.052795,0.9719764,1.0028555,27.855731,27.935275,0.41189431,1.5065846,4.7231082,7.1157623,0.66621626,1.2763955,11.127735,14.20339,0.77188428,1.1767346,14.940116,17.580551,0.73701212,1.0360521,15.581861,16.143619,0.84529434,0.99881602,26.546676,26.515245
init,init,-1,,1974,035.Purple_Finch/Purple_Finch_0053_27543.jpg,35,34,035.Purple_Finch,129,128,rotation,rotation,0,"{""angle"":13.594469}",5.2764363,5.4153075,0.13887119,0.0051106107,0.0044479696,0.02115361,0.018073369,-0.016042999,-0.013625399,0.0024176002,0.65093704,1.078008,45.747169,49.315814,False,0.92752624,False,False,False,0.65093704,1.078008,45.747169,49.315814,0.50567666,1.1183315,36.288589,40.582673,0.92740961,1.0058816,27.855731,28.019568,0.47047323,1.5570957,4.7231082,7.3543317,0.32092631,1.2224014,11.127735,13.602558,0.36710791,1.105457,14.940116,16.515655,0.38603342,1.1264521,15.581861,17.55222,0.63350081,1.0832783,26.546676,28.757438
init,init,-1,,1974,035.Purple_Finch/Purple_Finch_0053_27543.jpg,35,34,035.Purple_Finch,129,128,random_resized_crop,random_resized_crop,0,"{""area_fraction"":0.59411,""aspect"":0.959104,""fallback"":false,""height"":0.787047,""left"":0.163259,""top"":0.009283,""width"":0.75486}",5.2764363,5.2199316,-0.056504726,0.0051106107,0.0054076975,0.02115361,0.021510746,-0.016042999,-0.016103049,-6.0049351e-05,0.6314672,1.0679045,45.747169,48.853607,False,0.92998195,True,False,False,0.6314672,1.0679045,45.747169,48.853607,0.47834584,1.1153127,36.288589,40.473124,0.92990031,0.98222431,27.855731,27.360577,0.36084008,1.6535952,4.7231082,7.8101092,0.19948255,1.2047873,11.127735,13.406553,0.317109,1.1577787,14.940116,17.297349,0.40358724,1.1432201,15.581861,17.813496,0.62754339,1.0526057,26.546676,27.943181
init,init,-1,,1974,035.Purple_Finch/Purple_Finch_0053_27543.jpg,35,34,035.Purple_Finch,129,128,gaussian_blur,gaussian_blur,0,"{""sigma"":1.955943}",5.2764363,5.401269,0.12483263,0.0051106107,0.0045108539,0.02115361,0.021042824,-0.016042999,-0.01653197,-0.00048897043,0.49276633,1.246442,45.747169,57.021194,False,0.84964931,True,False,False,0.49276633,1.246442,45.747169,57.021194,0.34729969,1.3718242,36.288589,49.781564,0.84951233,0.99823978,27.855731,27.806699,-0.43833904,2.1438543,4.7231082,10.125656,0.0907572,1.6938181,11.127735,18.848359,0.31961011,1.6677309,14.940116,24.916093,0.26319728,1.4546431,15.581861,22.666046,0.52827081,1.1211681,26.546676,29.763286
init,init,-1,,1974,035.Purple_Finch/Purple_Finch_0053_27543.jpg,35,34,035.Purple_Finch,129,128,random_erasing,random_erasing,0,"{""area_fraction"":0.151967,""erased"":true,""height"":0.292872,""left"":0.478599,""top"":0.07843,""width"":0.518886}",5.2764363,5.3114042,0.034967899,0.0051106107,0.0049349926,0.02115361,0.030048467,-0.016042999,-0.025113475,-0.0090704751,0.83273329,1.1602409,45.747169,53.077738,False,0.95725191,True,False,False,0.83273329,1.1602409,45.747169,53.077738,0.76023628,1.164611,36.288589,42.262091,0.9570584,1.1527865,27.855731,32.111711,0.78584729,1.3183636,4.7231082,6.2267739,0.68559358,1.1474409,11.127735,12.768417,0.74847525,1.3169496,14.940116,19.675381,0.71014514,1.1287848,15.581861,17.588568,0.79743533,1.1223999,26.546676,29.795987
init,init,-1,,10503,179.Tennessee_Warbler/Tennessee_Warbler_0063_168561.jpg,179,178,179.Tennessee_Warbler,168,167,identity,identity,0,{},5.7660952,5.7660952,0,0.0031319635,0.0031319635,0.024211429,0.024211429,-0.021079466,-0.021079466,0,1,1,62.102076,62.102076,False,1.0000001,True,False,False,1,1,62.102076,62.102076,1,1,53.920497,53.920497,1,1,30.809865,30.809865,1,1,12.274261,12.274261,1,1,17.449496,17.449496,1,1,26.731581,26.731581,1,1,25.486578,25.486578,1,1,32.986884,32.986884
init,init,-1,,10503,179.Tennessee_Warbler/Tennessee_Warbler_0063_168561.jpg,179,178,179.Tennessee_Warbler,168,167,horizontal_flip,horizontal_flip,0,"{""flipped"":true}",5.7660952,5.8184729,0.052377701,0.0031319635,0.0029721414,0.024211429,0.021959051,-0.021079466,-0.01898691,0.0020925554,0.6069271,1.0541301,62.102076,65.463666,False,0.94344032,False,False,False,0.6069271,1.0541301,62.102076,65.463666,0.50119668,1.0634959,53.920497,57.34423,0.9432721,1.0249113,30.809865,31.57738,0.16613316,1.2845712,12.274261,15.767163,0.13538069,1.0358351,17.449496,18.074801,0.49778981,1.074906,26.731581,28.733937,0.47963411,1.0372294,25.486578,26.435429,0.67650544,1.0451397,32.986884,34.475902
init,init,-1,,10503,179.Tennessee_Warbler/Tennessee_Warbler_0063_168561.jpg,179,178,179.Tennessee_Warbler,168,167,color_jitter,color_jitter,0,"{""brightness"":1.311657,""contrast"":0.816626,""hue"":-0.079538,""saturation"":1.236466}",5.7660952,6.1961336,0.43003845,0.0031319635,0.0020372923,0.024211429,0.018553285,-0.021079466,-0.016515993,0.0045634729,0.68434795,1.0291941,62.102076,63.915087,False,0.90477014,False,False,False,0.68434795,1.0291941,62.102076,63.915087,0.6183825,1.0481908,53.920497,56.518971,0.90460782,0.96869425,30.809865,29.845339,0.46446596,0.82604724,12.274261,10.13912,0.33825181,1.0381601,17.449496,18.11537,0.66379829,1.121496,26.731581,29.979359,0.61371267,0.98875111,25.486578,25.199883,0.68615254,1.0630308,32.986884,35.066074
init,init,-1,,10503,179.Tennessee_Warbler/Tennessee_Warbler_0063_168561.jpg,179,178,179.Tennessee_Warbler,168,167,rotation,rotation,0,"{""angle"":-14.478511}",5.7660952,5.9205985,0.15450335,0.0031319635,0.0026835932,0.024211429,0.014862329,-0.021079466,-0.012178736,0.0089007299,0.60820366,0.87700066,62.102076,54.463561,False,0.86631215,False,False,False,0.60820366,0.87700066,62.102076,54.463561,0.52190132,0.87139681,53.920497,46.986149,0.86601735,0.89394596,30.809865,27.542354,0.32055979,0.77663723,12.274261,9.5326484,0.23168033,0.86799937,17.449496,15.146151,0.54674055,0.79449491,26.731581,21.238105,0.49375848,0.84216581,25.486578,21.463925,0.62405039,0.9469102,32.986884,31.235617
init,init,-1,,10503,179.Tennessee_Warbler/Tennessee_Warbler_0063_168561.jpg,179,178,179.Tennessee_Warbler,168,167,random_resized_crop,random_resized_crop,0,"{""area_fraction"":0.782367,""aspect"":0.908209,""fallback"":false,""height"":0.928137,""left"":0.045826,""top"":0.0001,""width"":0.842943}",5.7660952,6.3781204,0.61202526,0.0031319635,0.0016983125,0.024211429,0.017728899,-0.021079466,-0.016030586,0.0050488793,0.73743898,0.99748368,62.102076,61.945807,False,0.94936121,False,False,False,0.73743898,0.99748368,62.102076,61.945807,0.66907939,1.0001893,53.920497,53.930704,0.94918623,0.9891507,30.809865,30.4756,0.56454756,0.89937178,12.274261,11.039124,0.42279334,0.96549844,17.449496,16.847461,0.66450987,1.0326251,26.731581,27.603702,0.60647637,0.95359907,25.486578,24.303977,0.78560332,1.0281121,32.986884,33.914213
init,init,-1,,10503,179.Tennessee_Warbler/Tennessee_Warbler_0063_168561.jpg,179,178,179.Tennessee_Warbler,168,167,gaussian_blur,gaussian_blur,0,"{""sigma"":1.003323}",5.7660952,5.7095666,-0.056528568,0.0031319635,0.0033141095,0.024211429,0.020756552,-0.021079466,-0.017442442,0.003637023,0.85466863,0.98405813,62.102076,61.112052,False,0.98311639,True,False,False,0.85466863,0.98405813,62.102076,61.112052,0.81410205,0.99127786,53.920497,53.450195,0.98305208,0.96160783,30.809865,29.627008,0.59638508,0.67793345,12.274261,8.3211324,0.61266819,0.97967864,17.449496,17.094898,0.81678206,1.0100433,26.731581,27.000055,0.8281936,1.0210291,25.486578,26.022539,0.88529901,1.0005221,32.986884,33.004106
init,init,-1,,10503,179.Tennessee_Warbler/Tennessee_Warbler_0063_168561.jpg,179,178,179.Tennessee_Warbler,168,167,random_erasing,random_erasing,0,"{""area_fraction"":0.110482,""erased"":true,""height"":0.434161,""left"":0.281345,""top"":0.005947,""width"":0.254472}",5.7660952,5.4904437,-0.27565145,0.0031319635,0.0041260128,0.024211429,0.011376252,-0.021079466,-0.0072502396,0.013829226,0.74605852,0.99108862,62.102076,61.54866,False,0.90614676,False,False,False,0.74605852,0.99108862,62.102076,61.54866,0.70336928,1.0254064,53.920497,55.290422,0.90588315,0.87766811,30.809865,27.040836,0.73411458,0.91347394,12.274261,11.212218,0.66161426,1.1495189,17.449496,20.058525,0.71739482,1.0657524,26.731581,28.489247,0.7025549,1.0362333,25.486578,26.410042,0.70731488,0.9681124,32.986884,31.935012
init,init,-1,,8679,148.Green_tailed_Towhee/Green_Tailed_Towhee_0094_797396.jpg,148,147,148.Green_tailed_Towhee,8,7,identity,identity,0,{},5.1907034,5.1907034,0,0.0055680904,0.0055680904,0.016379228,0.016379228,-0.010811138,-0.010811138,0,1,1,50.368584,50.368584,False,1,True,False,False,1,1,50.368584,50.368584,1,1,44.235305,44.235305,1,1,24.088006,24.088006,1,1,8.2024622,8.2024622,1,1,16.187974,16.187974,1,1,20.25022,20.25022,1,1,18.549709,18.549709,1,1,29.551112,29.551112
init,init,-1,,8679,148.Green_tailed_Towhee/Green_Tailed_Towhee_0094_797396.jpg,148,147,148.Green_tailed_Towhee,8,7,horizontal_flip,horizontal_flip,0,"{""flipped"":true}",5.1907034,4.9610476,-0.22965574,0.0055680904,0.0070055849,0.016379228,0.02226546,-0.010811138,-0.015259875,-0.0044487379,0.66728567,1.0838643,50.368584,54.592711,False,0.95039093,True,False,False,0.66728567,1.0838643,50.368584,54.592711,0.57929453,1.0711579,44.235305,47.382995,0.95028459,1.1256583,24.088006,27.114864,0.57041419,0.93116852,8.2024622,7.6378746,0.31081887,0.9779948,16.187974,15.831755,0.62237205,1.1755854,20.25022,23.805863,0.52177981,1.1252531,18.549709,20.873117,0.66084759,1.0340557,29.551112,30.557495
init,init,-1,,8679,148.Green_tailed_Towhee/Green_Tailed_Towhee_0094_797396.jpg,148,147,148.Green_tailed_Towhee,8,7,color_jitter,color_jitter,0,"{""brightness"":0.777529,""contrast"":1.335707,""hue"":0.004733,""saturation"":0.649047}",5.1907034,5.170949,-0.01975441,0.0055680904,0.0056791762,0.016379228,0.020527422,-0.010811138,-0.014848246,-0.0040371087,0.85618437,1.0927253,50.368584,55.039028,False,0.96756721,True,False,False,0.85618437,1.0927253,50.368584,55.039028,0.82147759,1.0766602,44.235305,47.626394,0.96746084,1.1452426,24.088006,27.586612,0.68919169,0.80376892,8.2024622,6.5928842,0.77812851,1.1070812,16.187974,17.921401,0.80776048,1.0352065,20.25022,20.96316,0.79405886,1.0846061,18.549709,20.119128,0.86126692,1.1014267,29.551112,32.548384
init,init,-1,,8679,148.Green_tailed_Towhee/Green_Tailed_Towhee_0094_797396.jpg,148,147,148.Green_tailed_Towhee,8,7,rotation,rotation,0,"{""angle"":-3.790317}",5.1907034,5.0861111,-0.10459232,0.0055680904,0.0061820159,0.016379228,0.014428122,-0.010811138,-0.0082461061,0.0025650314,0.76125673,1.1333001,50.368584,57.082721,False,0.95906788,False,False,False,0.76125673,1.1333001,50.368584,57.082721,0.70823143,1.1550015,44.235305,51.091843,0.95905137,1.0568345,24.088006,25.457035,0.77031553,1.324038,8.2024622,10.860371,0.58613971,1.171008,16.187974,18.956248,0.64930515,1.1953971,20.25022,24.207054,0.68406292,1.221707,18.549709,22.662309,0.78556692,1.0878957,29.551112,32.148526
init,init,-1,,8679,148.Green_tailed_Towhee/Green_Tailed_Towhee_0094_797396.jpg,148,147,148.Green_tailed_Towhee,8,7,random_resized_crop,random_resized_crop,0,"{""area_fraction"":0.717698,""aspect"":0.878193,""fallback"":false,""height"":0.904015,""left"":0.080141,""top"":0.091095,""width"":0.7939}",5.1907034,5.3585505,0.16784716,0.0055680904,0.0047077239,0.016379228,0.021611346,-0.010811138,-0.016903622,-0.0060924846,0.74006475,1.0469947,50.368584,52.735643,False,0.95140195,True,False,False,0.74006475,1.0469947,50.368584,52.735643,0.67631962,1.0427121,44.235305,46.12469,0.95135925,1.0613099,24.088006,25.564839,0.18279551,0.84487801,8.2024622,6.9300799,0.61494286,0.99948109,16.187974,16.179574,0.70447496,1.0611919,20.25022,21.489368,0.63496245,1.1383639,18.549709,21.116318,0.7327359,1.0208093,29.551112,30.166049
init,init,-1,,8679,148.Green_tailed_Towhee/Green_Tailed_Towhee_0094_797396.jpg,148,147,148.Green_tailed_Towhee,8,7,gaussian_blur,gaussian_blur,0,"{""sigma"":1.628219}",5.1907034,5.1307316,-0.059971809,0.0055680904,0.0059122341,0.016379228,0.028605923,-0.010811138,-0.022693689,-0.011882551,0.56659678,1.2139793,50.368584,61.146418,False,0.89008743,True,False,False,0.56659678,1.2139793,50.368584,61.146418,0.48003881,1.2389469,44.235305,54.805196,0.88991943,1.1257035,24.088006,27.115954,0.12179229,1.5324502,8.2024622,12.569865,0.24916195,1.1959094,16.187974,19.359351,0.41546595,1.2194906,20.25022,24.694953,0.46677082,1.4082675,18.549709,26.122952,0.63004204,1.1617285,29.551112,34.330369
init,init,-1,,8679,148.Green_tailed_Towhee/Green_Tailed_Towhee_0094_797396.jpg,148,147,148.Green_tailed_Towhee,8,7,random_erasing,random_erasing,0,"{""area_fraction"":0.064077,""erased"":true,""height"":0.301483,""left"":0.493958,""top"":0.247726,""width"":0.212539}",5.1907034,5.1683726,-0.022330761,0.0055680904,0.0056938268,0.016379228,0.021909311,-0.010811138,-0.016215485,-0.0054043471,0.79801872,1.1359805,50.368584,57.21773,False,0.95079726,True,False,False,0.79801872,1.1359805,50.368584,57.21773,0.75272453,1.1358817,44.235305,50.246072,0.95070986,1.1363138,24.088006,27.371534,0.72662726,1.5470532,8.2024622,12.689645,0.75338651,1.1221464,16.187974,18.165278,0.78210461,1.1105549,20.25022,22.488982,0.69856131,1.189649,18.549709,22.067643,0.76958813,1.0917836,29.551112,32.263419
init,init,-1,,5721,098.Scott_Oriole/Scott_Oriole_0077_795831.jpg,98,97,098.Scott_Oriole,4,3,identity,identity,0,{},4.6145821,4.6145821,0,0.0099063227,0.0099063227,0.018975342,0.018975342,-0.009069019,-0.009069019,0,1,1,55.154627,55.154627,False,1,True,False,False,1,1,55.154627,55.154627,1,1,48.056157,48.056157,1,1,27.067299,27.067299,1,1,11.624206,11.624206,1,1,18.242362,18.242362,1,1,21.500957,21.500957,1,1,20.172053,20.172053,1,1,31.181491,31.181491
init,init,-1,,5721,098.Scott_Oriole/Scott_Oriole_0077_795831.jpg,98,97,098.Scott_Oriole,4,3,horizontal_flip,horizontal_flip,0,"{""flipped"":true}",4.6145821,4.8316793,0.21709728,0.0099063227,0.0079731196,0.018975342,0.019689303,-0.009069019,-0.011716183,-0.0026471643,0.6612876,0.92334886,55.154627,50.926962,False,0.94193125,True,False,False,0.6612876,0.92334886,55.154627,50.926962,0.5654814,0.9048818,48.056157,43.485142,0.94187679,0.97928365,27.067299,26.506564,0.49959963,0.61424376,11.624206,7.1400962,0.53841832,0.74509069,18.242362,13.592214,0.56235761,0.83363337,21.500957,17.923915,0.46445731,0.9487623,20.172053,19.138483,0.62960303,0.99762886,31.181491,31.107556
init,init,-1,,5721,098.Scott_Oriole/Scott_Oriole_0077_795831.jpg,98,97,098.Scott_Oriole,4,3,color_jitter,color_jitter,0,"{""brightness"":1.126136,""contrast"":1.359718,""hue"":-0.055675,""saturation"":0.705377}",4.6145821,4.9160776,0.30149555,0.0099063227,0.0073278174,0.018975342,0.0086840093,-0.009069019,-0.0013561919,0.0077128271,0.72444734,1.0078506,55.154627,55.587625,False,0.93027425,False,False,False,0.72444734,1.0078506,55.154627,55.587625,0.66273406,1.020034,48.056157,49.018912,0.93009014,0.96844429,27.067299,26.213172,0.58765159,0.91785098,11.624206,10.669289,0.5321158,0.89488966,18.242362,16.324901,0.61968154,0.97422791,21.500957,20.946832,0.606861,1.0373171,20.172053,20.924816,0.75278258,1.0856165,31.181491,33.851143
init,init,-1,,5721,098.Scott_Oriole/Scott_Oriole_0077_795831.jpg,98,97,098.Scott_Oriole,4,3,rotation,rotation,0,"{""angle"":-14.710288}",4.6145821,4.3505926,-0.26398945,0.0099063227,0.012899168,0.018975342,0.02314302,-0.009069019,-0.010243852,-0.0011748327,0.62315266,1.0116038,55.154627,55.794628,False,0.91584253,True,False,False,0.62315266,1.0116038,55.154627,55.794628,0.52280934,0.99018492,48.056157,47.584482,0.91574745,1.0763336,27.067299,29.133444,0.16096584,0.79147457,11.624206,9.2002637,0.4525193,0.82952655,18.242362,15.132524,0.4928217,0.96785283,21.500957,20.809762,0.46581617,1.1146642,20.172053,22.485065,0.62664718,1.0202292,31.181491,31.812269
init,init,-1,,5721,098.Scott_Oriole/Scott_Oriole_0077_795831.jpg,98,97,098.Scott_Oriole,4,3,random_resized_crop,random_resized_crop,0,"{""area_fraction"":0.757712,""aspect"":0.973485,""fallback"":false,""height"":0.882241,""left"":0.11036,""top"":0.00782,""width"":0.858849}",4.6145821,4.4377422,-0.17683983,0.0099063227,0.011822598,0.018975342,0.018544488,-0.009069019,-0.0067218896,0.0023471294,0.6631267,1.0035847,55.154627,55.352339,False,0.94537771,True,False,False,0.6631267,1.0035847,55.154627,55.352339,0.57664386,1.0115139,48.056157,48.609469,0.94531217,0.97817007,27.067299,26.476422,0.55440956,0.74715633,11.624206,8.6850994,0.44230354,0.9222206,18.242362,16.823482,0.53407852,0.95863953,21.500957,20.611667,0.50831913,1.0900544,20.172053,21.988635,0.67145349,1.0617544,31.181491,33.107085
init,init,-1,,5721,098.Scott_Oriole/Scott_Oriole_0077_795831.jpg,98,97,098.Scott_Oriole,4,3,gaussian_blur,gaussian_blur,0,"{""sigma"":1.346334}",4.6145821,4.6269612,0.012379169,0.0099063227,0.0097844442,0.018975342,0.017813243,-0.009069019,-0.0080287987,0.0010402203,0.670105,1.0803692,55.154627,59.58736,False,0.93394947,True,False,False,0.670105,1.0803692,55.154627,59.58736,0.59617739,1.1073546,48.056157,53.215207,0.93387373,0.99050729,27.067299,26.810357,0.080601468,0.86443171,11.624206,10.048333,0.50325193,1.0468086,18.242362,19.096262,0.59222292,1.2062312,21.500957,25.935126,0.52243823,1.2039944,20.172053,24.287039,0.72755579,1.0654541,31.181491,33.222448
init,init,-1,,5721,098.Scott_Oriole/Scott_Oriole_0077_795831.jpg,98,97,098.Scott_Oriole,4,3,random_erasing,random_erasing,0,"{""area_fraction"":0.130891,""erased"":true,""height"":0.23593,""left"":0.133783,""top"":0.378792,""width"":0.554786}",4.6145821,5.1796169,0.56503487,0.0099063227,0.0056301616,0.018975342,0.012667644,-0.009069019,-0.0070374822,0.0020315368,0.54249757,0.97579877,55.154627,53.819817,False,0.81609911,False,False,False,0.54249757,0.97579877,55.154627,53.819817,0.46055625,0.98824347,48.056157,47.491183,0.81598353,0.93548832,27.067299,25.321142,0.26386783,0.95747029,11.624206,11.129832,0.33423077,0.86615557,18.242362,15.800723,0.45543888,0.92336193,21.500957,19.853165,0.40204197,1.0408822,20.172053,20.996732,0.55103396,1.0376445,31.181491,32.355302
init,init,-1,,545,011.Rusty_Blackbird/Rusty_Blackbird_0113_6664.jpg,11,10,011.Rusty_Blackbird,114,113,identity,identity,0,{},5.2919426,5.2919426,0,0.0050319759,0.0050319759,0.022544235,0.022544235,-0.017512259,-0.017512259,0,1,1,56.819868,56.819868,False,1.0000001,True,False,False,1,1,56.819868,56.819868,1,1,50.09079,50.09079,1,1,26.821822,26.821822,1,1,7.1262937,7.1262937,1,1,18.498888,18.498888,1,1,25.146577,25.146577,1,1,22.164868,22.164868,1,1,31.503376,31.503376
init,init,-1,,545,011.Rusty_Blackbird/Rusty_Blackbird_0113_6664.jpg,11,10,011.Rusty_Blackbird,114,113,horizontal_flip,horizontal_flip,0,"{""flipped"":true}",5.2919426,5.2143469,-0.077595711,0.0050319759,0.0054379837,0.022544235,0.025237191,-0.017512259,-0.019799208,-0.0022869487,0.60399033,0.94640124,56.819868,53.774394,False,0.96148068,False,False,False,0.60399033,0.94640124,56.819868,53.774394,0.48680661,0.91200106,50.09079,45.682854,0.96138663,1.0576587,26.821822,28.368333,-0.04298272,0.94771566,7.1262937,6.7537001,0.12351416,0.96040366,18.498888,17.7664,0.46111043,0.86534075,25.146577,21.760358,0.44201991,0.85085456,22.164868,18.859079,0.67674394,0.95041892,31.503376,29.941404
init,init,-1,,545,011.Rusty_Blackbird/Rusty_Blackbird_0113_6664.jpg,11,10,011.Rusty_Blackbird,114,113,color_jitter,color_jitter,0,"{""brightness"":1.026822,""contrast"":0.627654,""hue"":-0.084024,""saturation"":0.761505}",5.2919426,5.4438019,0.15185928,0.0050319759,0.0043230159,0.022544235,0.017250005,-0.017512259,-0.012926989,0.0045852698,0.7680612,1.043608,56.819868,59.297668,False,0.93572789,False,False,False,0.7680612,1.043608,56.819868,59.297668,0.72255307,1.0547464,50.09079,52.833082,0.93557627,1.0037936,26.821822,26.923574,0.5950571,1.280771,7.1262937,9.1271505,0.60229294,1.1395485,18.498888,21.08038,0.75994876,1.0913593,25.146577,27.443951,0.66892756,1.0053674,22.164868,22.283835,0.78132843,1.0107461,31.503376,31.841914
init,init,-1,,545,011.Rusty_Blackbird/Rusty_Blackbird_0113_6664.jpg,11,10,011.Rusty_Blackbird,114,113,rotation,rotation,0,"{""angle"":9.64582}",5.2919426,5.5511532,0.25921059,0.0050319759,0.0038829762,0.022544235,0.024234179,-0.017512259,-0.020351203,-0.0028389441,0.70737371,1.0216295,56.819868,58.048852,False,0.93896341,False,False,False,0.70737371,1.0216295,56.819868,58.048852,0.6370422,1.006764,50.09079,50.429602,0.93883491,1.0718638,26.821822,28.749339,0.16011412,1.6228448,7.1262937,11.564869,0.60915417,1.0114494,18.498888,18.71069,0.64397681,0.90881455,25.146577,22.853575,0.5771341,0.99693848,22.164868,22.097009,0.71789897,1.0279639,31.503376,32.384332
init,init,-1,,545,011.Rusty_Blackbird/Rusty_Blackbird_0113_6664.jpg,11,10,011.Rusty_Blackbird,114,113,random_resized_crop,random_resized_crop,0,"{""area_fraction"":0.63208,""aspect"":0.960454,""fallback"":false,""height"":0.811237,""left"":0.034285,""top"":0.017346,""width"":0.779156}",5.2919426,5.6625967,0.37065411,0.0050319759,0.0034734851,0.022544235,0.019499427,-0.017512259,-0.016025942,0.0014863175,0.70844157,1.1054881,56.819868,62.813688,False,0.93311334,False,False,False,0.70844157,1.1054881,56.819868,62.813688,0.64631491,1.113678,50.09079,55.785011,0.93293802,1.0764366,26.821822,28.871992,0.44008401,1.3266193,7.1262937,9.4538789,0.62784775,1.1731329,18.498888,21.701654,0.67356453,1.2261128,25.146577,30.832541,0.5442715,1.0525618,22.164868,23.329894,0.70368029,1.0318554,31.503376,32.506928
init,init,-1,,545,011.Rusty_Blackbird/Rusty_Blackbird_0113_6664.jpg,11,10,011.Rusty_Blackbird,114,113,gaussian_blur,gaussian_blur,0,"{""sigma"":1.727212}",5.2919426,5.0087681,-0.28317451,0.0050319759,0.0066791279,0.022544235,0.016533891,-0.017512259,-0.0098547628,0.0076574963,0.53454254,1.1038312,56.819868,62.719541,False,0.83224934,False,False,False,0.53454254,1.1038312,56.819868,62.719541,0.45859124,1.1284426,50.09079,56.524583,0.83199264,1.0133265,26.821822,27.179264,0.52822664,1.2671899,7.1262937,9.0303673,0.29312043,1.3439286,18.498888,24.861185,0.51434473,1.1883102,25.146577,29.881935,0.34258668,1.1221924,22.164868,24.873245,0.56093617,0.99562319,31.503376,31.365491
init,init,-1,,545,011.Rusty_Blackbird/Rusty_Blackbird_0113_6664.jpg,11,10,011.Rusty_Blackbird,114,113,random_erasing,random_erasing,0,"{""area_fraction"":0.073776,""erased"":true,""height"":0.24817,""left"":0.617278,""top"":0.107916,""width"":0.297281}",5.2919426,5.3027954,0.010852814,0.0050319759,0.0049776607,0.022544235,0.020516716,-0.017512259,-0.015539055,0.0019732038,0.85211081,0.97139423,56.819868,55.194492,False,0.95730233,False,False,False,0.85211081,0.97139423,56.819868,55.194492,0.82018967,0.95442086,50.09079,47.807695,0.95724781,1.0284022,26.821822,27.583622,0.87302047,1.0022488,7.1262937,7.1423194,0.78427719,0.87571956,18.498888,16.199838,0.80445195,0.9039853,25.146577,22.732136,0.78445154,0.93091931,22.164868,20.633703,0.85672864,1.018552,31.503376,32.087826
init,init,-1,,8129,139.Scarlet_Tanager/Scarlet_Tanager_0083_138500.jpg,139,138,139.Scarlet_Tanager,129,128,identity,identity,0,{},6.1891146,6.1891146,0,0.0020516429,0.0020516429,0.024938943,0.024938943,-0.0228873,-0.0228873,0,1,1,42.522525,42.522525,False,1,True,False,False,1,1,42.522525,42.522525,1,1,34.711717,34.711717,1,1,24.56139,24.56139,1,1,6.3179294,6.3179294,1,1,11.654191,11.654191,1,1,13.150248,13.150248,1,1,15.504336,15.504336,1,1,24.816394,24.816394
init,init,-1,,8129,139.Scarlet_Tanager/Scarlet_Tanager_0083_138500.jpg,139,138,139.Scarlet_Tanager,129,128,horizontal_flip,horizontal_flip,0,"{""flipped"":true}",6.1891146,6.1826191,-0.0064954758,0.0020516429,0.0020650125,0.024938943,0.022972832,-0.0228873,-0.020907819,0.001979481,0.6411976,1.0046622,42.522525,42.720773,False,0.96883619,True,False,False,0.6411976,1.0046622,42.522525,42.720773,0.49573255,1.0399826,34.711717,36.099581,0.96881976,0.93011,24.56139,22.844794,0.55316724,1.0419036,6.3179294,6.5826733,0.28741461,0.96433818,11.654191,11.238582,0.34176041,1.1610616,13.150248,15.268248,0.42666163,1.071161,15.504336,16.60764,0.61601322,1.0070837,24.816394,24.992186
init,init,-1,,8129,139.Scarlet_Tanager/Scarlet_Tanager_0083_138500.jpg,139,138,139.Scarlet_Tanager,129,128,color_jitter,color_jitter,0,"{""brightness"":1.01463,""contrast"":0.745723,""hue"":-0.082753,""saturation"":1.041389}",6.1891146,6.414897,0.22578239,0.0020516429,0.0016369881,0.024938943,0.024239421,-0.0228873,-0.022602433,0.00028486724,0.68386266,1.0764,42.522525,45.771248,False,0.92489213,True,False,False,0.68386266,1.0764,42.522525,45.771248,0.58331405,1.128443,34.711717,39.170194,0.9248672,0.964081,24.56139,23.679169,0.39924176,0.93707032,6.3179294,5.9203441,0.43803156,1.0996072,11.654191,12.815033,0.37626914,1.2657923,13.150248,16.645482,0.55990765,1.215267,15.504336,18.841907,0.70951405,1.0683662,24.816394,26.512997
init,init,-1,,8129,139.Scarlet_Tanager/Scarlet_Tanager_0083_138500.jpg,139,138,139.Scarlet_Tanager,129,128,rotation,rotation,0,"{""angle"":0.887943}",6.1891146,6.4461203,0.25700569,0.0020516429,0.0015866659,0.024938943,0.025118221,-0.0228873,-0.023531555,-0.00064425473,0.84723923,1.0773237,42.522525,45.810525,False,0.98391783,True,False,False,0.84723923,1.0773237,42.522525,45.810525,0.78387415,1.1006572,34.711717,38.205701,0.98389715,1.0291371,24.56139,25.277037,0.85260816,1.2268408,6.3179294,7.7510938,0.70934205,1.2293892,11.654191,14.327537,0.65944573,1.1646164,13.150248,15.314994,0.74229981,1.1026243,15.504336,17.095458,0.85751509,1.0410979,24.816394,25.836295
init,init,-1,,8129,139.Scarlet_Tanager/Scarlet_Tanager_0083_138500.jpg,139,138,139.Scarlet_Tanager,129,128,random_resized_crop,random_resized_crop,0,"{""area_fraction"":0.527432,""aspect"":1.103704,""fallback"":false,""height"":0.691285,""left"":0.037992,""top"":0.255719,""width"":0.762974}",6.1891146,6.1995935,0.010478973,0.0020516429,0.002030255,0.024938943,0.031233491,-0.0228873,-0.029203236,-0.0063159363,0.62832251,1.1562973,42.522525,49.168683,False,0.93299568,True,False,False,0.62832251,1.1562973,42.522525,49.168683,0.48850196,1.1866461,34.711717,41.190522,0.93291782,1.0931623,24.56139,26.849587,0.37732789,1.7880259,6.3179294,11.296622,0.24501009,1.2501345,11.654191,14.569307,0.42540388,1.1816524,13.150248,15.539022,0.42610516,1.1619381,15.504336,18.015079,0.60754902,1.133152,24.816394,28.120747
init,init,-1,,8129,139.Scarlet_Tanager/Scarlet_Tanager_0083_138500.jpg,139,138,139.Scarlet_Tanager,129,128,gaussian_blur,gaussian_blur,0,"{""sigma"":1.535705}",6.1891146,6.6091328,0.4200182,0.0020516429,0.0013480006,0.024938943,0.032844823,-0.0228873,-0.031496822,-0.0086095223,0.65843153,1.3171428,42.522525,56.008237,False,0.91662675,True,False,False,0.65843153,1.3171428,42.522525,56.008237,0.54095888,1.3540679,34.711717,47.002021,0.91636827,1.2401051,24.56139,30.458704,0.40056926,1.5997864,6.3179294,10.107338,0.41861768,1.3659752,11.654191,15.919337,0.35961199,1.547856,13.150248,20.354689,0.51507474,1.4036656,15.504336,21.762903,0.66040567,1.2522052,24.816394,31.075217
init,init,-1,,8129,139.Scarlet_Tanager/Scarlet_Tanager_0083_138500.jpg,139,138,139.Scarlet_Tanager,129,128,random_erasing,random_erasing,0,"{""area_fraction"":0.067621,""erased"":true,""height"":0.275534,""left"":0.048717,""top"":0.463919,""width"":0.245419}",6.1891146,6.3695841,0.18046951,0.0020516429,0.0017128711,0.024938943,0.032306027,-0.0228873,-0.030593156,-0.0077058555,0.79395522,1.1137535,42.522525,47.359612,False,0.9441281,True,False,False,0.79395522,1.1137535,42.522525,47.359612,0.72146601,1.1261147,34.711717,39.089374,0.94402861,1.0886443,24.56139,26.738618,0.70998813,1.100484,6.3179294,6.95278,0.63115727,1.1222705,11.654191,13.079155,0.62282385,1.2064712,13.150248,15.865394,0.70723885,1.1398707,15.504336,17.672939,0.77945824,1.0995184,24.816394,27.286081
init,init,-1,,2176,039.Least_Flycatcher/Least_Flycatcher_0024_30230.jpg,39,38,039.Least_Flycatcher,129,128,identity,identity,0,{},5.3182774,5.3182774,0,0.0049011884,0.0049011884,0.034852404,0.034852404,-0.029951216,-0.029951216,0,1,1,47.518005,47.518005,False,1,True,False,False,1,1,47.518005,47.518005,1,1,38.169275,38.169275,1,1,28.303131,28.303131,1,1,4.8914745,4.8914745,1,1,13.481704,13.481704,1,1,16.081503,16.081503,1,1,16.340399,16.340399,1,1,26.936728,26.936728
init,init,-1,,2176,039.Least_Flycatcher/Least_Flycatcher_0024_30230.jpg,39,38,039.Least_Flycatcher,129,128,horizontal_flip,horizontal_flip,0,"{""flipped"":true}",5.3182774,5.3246708,0.0063934326,0.0049011884,0.0048699533,0.034852404,0.031014642,-0.029951216,-0.026144688,0.0038065272,0.67840438,1.0536805,47.518005,50.068793,False,0.94642472,True,False,False,0.67840438,1.0536805,47.518005,50.068793,0.534058,1.0610522,38.169275,40.499592,0.94629126,1.0401397,28.303131,29.43921,0.35353512,1.0356475,4.8914745,5.0658435,0.34144677,1.1317811,13.481704,15.258338,0.48792733,1.118408,16.081503,17.985681,0.42653751,1.0211238,16.340399,16.68557,0.6502665,1.0367144,26.936728,27.925693
init,init,-1,,2176,039.Least_Flycatcher/Least_Flycatcher_0024_30230.jpg,39,38,039.Least_Flycatcher,129,128,color_jitter,color_jitter,0,"{""brightness"":1.235014,""contrast"":0.817958,""hue"":-0.024196,""saturation"":1.202647}",5.3182774,5.2600679,-0.058209419,0.0049011884,0.0051949536,0.034852404,0.038692392,-0.029951216,-0.033497439,-0.003546223,0.90662283,1.0711568,47.518005,50.899232,False,0.99151331,True,False,False,0.90662283,1.0711568,47.518005,50.899232,0.86236967,1.0881136,38.169275,41.532506,0.99147871,1.0396089,28.303131,29.424187,0.70277388,1.0863095,4.8914745,5.3136554,0.80289609,1.0998612,13.481704,14.828003,0.81962704,1.1363469,16.081503,18.274165,0.81687441,1.0946029,16.340399,17.886249,0.91711123,1.0650014,26.936728,28.687653
init,init,-1,,2176,039.Least_Flycatcher/Least_Flycatcher_0024_30230.jpg,39,38,039.Least_Flycatcher,129,128,rotation,rotation,0,"{""angle"":-11.297233}",5.3182774,5.6814847,0.36320734,0.0049011884,0.0034084939,0.034852404,0.027745502,-0.029951216,-0.024337008,0.0056142076,0.65733887,1.0089336,47.518005,47.94251,False,0.92898774,True,False,False,0.65733887,1.0089336,47.518005,47.94251,0.52879885,1.0539692,38.169275,40.22924,0.92876051,0.92140277,28.303131,26.078583,0.43904599,1.5811645,4.8914745,7.7342256,0.30271301,1.0997037,13.481704,14.825881,0.42755782,1.0465717,16.081503,16.830446,0.46054323,1.0847984,16.340399,17.726039,0.66232517,1.0107631,26.936728,27.226649
init,init,-1,,2176,039.Least_Flycatcher/Least_Flycatcher_0024_30230.jpg,39,38,039.Least_Flycatcher,129,128,random_resized_crop,random_resized_crop,0,"{""area_fraction"":0.574322,""aspect"":1.072263,""fallback"":false,""height"":0.731858,""left"":0.160136,""top"":0.103312,""width"":0.784744}",5.3182774,5.4684024,0.15012503,0.0049011884,0.0042179655,0.034852404,0.045382988,-0.029951216,-0.041165022,-0.011213806,0.67953613,1.0200541,47.518005,48.470938,False,0.92848802,True,False,False,0.67953613,1.0200541,47.518005,48.470938,0.56409698,1.0701457,38.169275,40.846687,0.92833921,0.92200374,28.303131,26.095593,0.45139238,1.3744671,4.8914745,6.7231709,0.48164385,1.1114833,13.481704,14.984689,0.52453173,1.12703,16.081503,18.124336,0.47370965,1.1002212,16.340399,17.978054,0.64557731,1.0146535,26.936728,27.331446
init,init,-1,,2176,039.Least_Flycatcher/Least_Flycatcher_0024_30230.jpg,39,38,039.Least_Flycatcher,129,128,gaussian_blur,gaussian_blur,0,"{""sigma"":1.264156}",5.3182774,5.8223858,0.50410843,0.0049011884,0.0029605327,0.034852404,0.023377851,-0.029951216,-0.020417318,0.0095338977,0.62674456,1.135918,47.518005,53.976559,False,0.89186692,False,False,False,0.62674456,1.135918,47.518005,53.976559,0.53797463,1.2586436,38.169275,48.041513,0.89170605,0.86939295,28.303131,24.606543,0.25603204,1.3865157,4.8914745,6.7821061,0.47992134,1.6438812,13.481704,22.162321,0.46322598,1.4664681,16.081503,23.583011,0.49048591,1.2889615,16.340399,21.062146,0.65525871,1.0308517,26.936728,27.767772
init,init,-1,,2176,039.Least_Flycatcher/Least_Flycatcher_0024_30230.jpg,39,38,039.Least_Flycatcher,129,128,random_erasing,random_erasing,0,"{""area_fraction"":0.183594,""erased"":true,""height"":0.288027,""left"":0.160563,""top"":0.458431,""width"":0.637419}",5.3182774,5.7792044,0.46092701,0.0049011884,0.0030911728,0.034852404,0.027986076,-0.029951216,-0.024894903,0.0050563128,0.67106571,1.1182241,47.518005,53.135778,False,0.88000083,True,False,False,0.67106571,1.1182241,47.518005,53.135778,0.58235472,1.1925405,38.169275,45.518405,0.87976461,0.96855855,28.303131,27.413239,0.64654402,1.2976175,4.8914745,6.3472628,0.57119134,1.2789086,13.481704,17.241867,0.57486009,1.3266102,16.081503,21.333886,0.50650436,1.2260754,16.340399,20.034561,0.62135809,1.0999226,26.936728,29.628317
init,init,-1,,1034,019.Gray_Catbird/Gray_Catbird_0050_20763.jpg,19,18,019.Gray_Catbird,129,128,identity,identity,0,{},5.8085289,5.8085289,0,0.0030018419,0.0030018419,0.029230829,0.029230829,-0.026228987,-0.026228987,0,1,1,50.762643,50.762643,False,1,True,False,False,1,1,50.762643,50.762643,1,1,43.526305,43.526305,1,1,26.121001,26.121001,1,1,8.4610112,8.4610112,1,1,15.355498,15.355498,1,1,18.069516,18.069516,1,1,18.309704,18.309704,1,1,30.420495,30.420495
init,init,-1,,1034,019.Gray_Catbird/Gray_Catbird_0050_20763.jpg,19,18,019.Gray_Catbird,129,128,horizontal_flip,horizontal_flip,0,"{""flipped"":true}",5.8085289,5.7585812,-0.049947739,0.0030018419,0.0031555851,0.029230829,0.023575408,-0.026228987,-0.020419823,0.0058091641,0.6410554,0.90738481,50.762643,46.061251,False,0.95390183,True,False,False,0.6410554,0.90738481,50.762643,46.061251,0.52178283,0.89250814,43.526305,38.847581,0.95385293,0.94746842,26.121001,24.748823,0.19014143,0.64676404,8.4610112,5.4722778,0.16327,0.81405387,15.355498,12.500203,0.53933928,0.86513995,18.069516,15.63266,0.43824731,0.91569607,18.309704,16.766124,0.64635544,0.92829422,30.420495,28.239169
init,init,-1,,1034,019.Gray_Catbird/Gray_Catbird_0050_20763.jpg,19,18,019.Gray_Catbird,129,128,color_jitter,color_jitter,0,"{""brightness"":1.071847,""contrast"":0.750333,""hue"":-0.000886,""saturation"":0.859879}",5.8085289,5.8489037,0.040374756,0.0030018419,0.0028830578,0.029230829,0.033238586,-0.026228987,-0.030355528,-0.0041265409,0.92232177,0.96295952,50.762643,48.88237,False,0.99311817,True,False,False,0.92232177,0.96295952,50.762643,48.88237,0.89592673,0.95141679,43.526305,41.411657,0.99310207,0.99430753,26.121001,25.972308,0.76702101,0.80784131,8.4610112,6.8351544,0.80377277,0.91727471,15.355498,14.08521,0.85865459,0.93647674,18.069516,16.921681,0.88588223,0.94688135,18.309704,17.337117,0.94362358,0.97676027,30.420495,29.713531
init,init,-1,,1034,019.Gray_Catbird/Gray_Catbird_0050_20763.jpg,19,18,019.Gray_Catbird,129,128,rotation,rotation,0,"{""angle"":-1.733731}",5.8085289,5.9174967,0.10896778,0.0030018419,0.0026919302,0.029230829,0.027377237,-0.026228987,-0.024685306,0.0015436809,0.8340666,0.98186638,50.762643,49.842132,False,0.97653788,True,False,False,0.8340666,0.98186638,50.762643,49.842132,0.78309842,0.98353158,43.526305,42.809495,0.97651393,0.97722779,26.121001,25.526168,0.75929857,1.0878949,8.4610112,9.2046906,0.61455269,1.0701813,15.355498,16.433167,0.76603557,1.0160413,18.069516,18.359374,0.73847622,0.94396197,18.309704,17.283664,0.85769426,0.95391992,30.420495,29.018716
init,init,-1,,1034,019.Gray_Catbird/Gray_Catbird_0050_20763.jpg,19,18,019.Gray_Catbird,129,128,random_resized_crop,random_resized_crop,0,"{""area_fraction"":0.782665,""aspect"":1.252645,""fallback"":false,""height"":0.790449,""left"":0.007688,""top"":0.195365,""width"":0.990152}",5.8085289,6.053412,0.24488306,0.0030018419,0.0023498305,0.029230829,0.032622255,-0.026228987,-0.030272425,-0.0040434375,0.75688815,1.0456301,50.762643,53.078946,False,0.95774364,True,False,False,0.75688815,1.0456301,50.762643,53.078946,0.69010617,1.0647719,43.526305,46.345588,0.95769613,0.99054185,26.121001,25.873945,0.28420197,1.0782997,8.4610112,9.1235062,0.62904266,1.1329145,15.355498,17.396466,0.6994242,1.1590955,18.069516,20.944295,0.62084288,1.0671693,18.309704,19.539554,0.7663203,1.008701,30.420495,30.685182
init,init,-1,,1034,019.Gray_Catbird/Gray_Catbird_0050_20763.jpg,19,18,019.Gray_Catbird,129,128,gaussian_blur,gaussian_blur,0,"{""sigma"":1.572358}",5.8085289,6.6563311,0.84780216,0.0030018419,0.0012858558,0.029230829,0.037711728,-0.026228987,-0.036425873,-0.010196885,0.65916349,1.103678,50.762643,56.025614,False,0.90770662,True,False,False,0.65916349,1.103678,50.762643,56.025614,0.56948929,1.1029644,43.526305,48.007963,0.90755399,1.1056573,26.121001,28.880874,0.43125368,1.2192515,8.4610112,10.3161,0.43693103,1.1739419,15.355498,18.026462,0.56176732,1.1721954,18.069516,21.181003,0.50844422,1.1405323,18.309704,20.882809,0.65029015,1.0336126,30.420495,31.443006
init,init,-1,,1034,019.Gray_Catbird/Gray_Catbird_0050_20763.jpg,19,18,019.Gray_Catbird,129,128,random_erasing,random_erasing,0,"{""area_fraction"":0.180931,""erased"":true,""height"":0.749105,""left"":0.109504,""top"":0.166539,""width"":0.24153}",5.8085289,6.4923577,0.68382883,0.0030018419,0.0015149729,0.029230829,0.041618165,-0.026228987,-0.040103192,-0.013874204,0.63533924,1.2854816,50.762643,65.254442,False,0.89713866,True,False,False,0.63533924,1.2854816,50.762643,65.254442,0.54382286,1.2945823,43.526305,56.348382,0.89662552,1.2598674,26.121001,32.908997,0.52936407,1.4367461,8.4610112,12.156325,0.49237007,1.3664618,15.355498,20.982702,0.56635678,1.4563785,18.069516,26.316055,0.47199119,1.292501,18.309704,23.66531,0.58210041,1.2008656,30.420495,36.530925
init,init,-1,,4167,072.Pomarine_Jaeger/Pomarine_Jaeger_0006_795775.jpg,72,71,072.Pomarine_Jaeger,129,128,identity,identity,0,{},5.3561993,5.3561993,0,0.0047188071,0.0047188071,0.047468048,0.047468048,-0.042749241,-0.042749241,0,1,1,69.123936,69.123936,False,1,True,False,False,1,1,69.123936,69.123936,1,1,62.17065,62.17065,1,1,30.214713,30.214713,1,1,17.263833,17.263833,1,1,24.297093,24.297093,1,1,29.730978,29.730978,1,1,26.139618,26.139618,1,1,37.544512,37.544512
init,init,-1,,4167,072.Pomarine_Jaeger/Pomarine_Jaeger_0006_795775.jpg,72,71,072.Pomarine_Jaeger,129,128,horizontal_flip,horizontal_flip,0,"{""flipped"":true}",5.3561993,5.5706272,0.21442795,0.0047188071,0.0038080914,0.047468048,0.032625899,-0.042749241,-0.028817807,0.013931433,0.64346137,0.89652373,69.123936,61.971249,False,0.94684905,True,False,False,0.64346137,0.89652373,69.123936,61.971249,0.56912868,0.88973297,62.17065,55.315277,0.94665001,0.92472233,30.214713,27.940219,0.3346768,0.65488089,17.263833,11.305754,0.4844544,0.77270161,24.297093,18.774403,0.63757666,0.9764978,29.730978,29.032234,0.44975356,0.90236853,26.139618,23.587569,0.65379356,0.91503613,37.544512,34.354585
init,init,-1,,4167,072.Pomarine_Jaeger/Pomarine_Jaeger_0006_795775.jpg,72,71,072.Pomarine_Jaeger,129,128,color_jitter,color_jitter,0,"{""brightness"":1.108384,""contrast"":1.214189,""hue"":-0.058694,""saturation"":1.012552}",5.3561993,5.366292,0.010092735,0.0047188071,0.00467142,0.047468048,0.031572148,-0.042749241,-0.026900728,0.015848512,0.76434983,1.0787109,69.123936,74.564747,False,0.94833183,True,False,False,0.76434983,1.0787109,69.123936,74.564747,0.72239111,1.0851535,62.17065,67.4647,0.94808767,1.0509967,30.214713,31.755562,0.62696001,0.91704748,17.263833,15.831754,0.61313482,0.99218467,24.297093,24.107203,0.74084612,1.1598273,29.730978,34.4828,0.6618714,1.1225253,26.139618,29.342384,0.80324628,1.0883426,37.544512,40.86129
init,init,-1,,4167,072.Pomarine_Jaeger/Pomarine_Jaeger_0006_795775.jpg,72,71,072.Pomarine_Jaeger,129,128,rotation,rotation,0,"{""angle"":-8.048789}",5.3561993,5.4677229,0.11152363,0.0047188071,0.0042208335,0.047468048,0.036922716,-0.042749241,-0.032701882,0.010047358,0.66615176,0.95560606,69.123936,66.055252,False,0.88533205,True,False,False,0.66615176,0.95560606,69.123936,66.055252,0.61098325,0.94176932,62.17065,58.55041,0.88487424,1.0120948,30.214713,30.580153,0.52137698,0.70586167,17.263833,12.185878,0.53603462,0.92080907,24.297093,22.372983,0.62898642,0.92563582,29.730978,27.520058,0.52902473,0.94100631,26.139618,24.597546,0.6851345,1.0025228,37.544512,37.639231
init,init,-1,,4167,072.Pomarine_Jaeger/Pomarine_Jaeger_0006_795775.jpg,72,71,072.Pomarine_Jaeger,129,128,random_resized_crop,random_resized_crop,0,"{""area_fraction"":0.76018,""aspect"":1.060252,""fallback"":false,""height"":0.846747,""left"":0.097834,""top"":0.097424,""width"":0.897765}",5.3561993,5.4944572,0.13825798,0.0047188071,0.0041094869,0.047468048,0.043924674,-0.042749241,-0.039815187,0.0029340531,0.73484386,1.0448856,69.123936,72.226608,False,0.94314653,True,False,False,0.73484386,1.0448856,69.123936,72.226608,0.68497697,1.0418877,62.17065,64.774834,0.94292352,1.0574844,30.214713,31.951587,0.6757895,0.73510355,17.263833,12.690705,0.62187923,1.0591653,24.297093,25.734638,0.7047101,1.1096037,29.730978,32.989604,0.60552331,1.05066,26.139618,27.463852,0.74611383,1.0417936,37.544512,39.113634
init,init,-1,,4167,072.Pomarine_Jaeger/Pomarine_Jaeger_0006_795775.jpg,72,71,072.Pomarine_Jaeger,129,128,gaussian_blur,gaussian_blur,0,"{""sigma"":1.865901}",5.3561993,5.6091805,0.25298119,0.0047188071,0.0036640714,0.047468048,0.038091045,-0.042749241,-0.034426973,0.0083222671,0.65845355,1.0862037,69.123936,75.082673,False,0.88604593,True,False,False,0.65845355,1.0862037,69.123936,75.082673,0.6062636,1.0917654,62.17065,67.875763,0.88573885,1.0623338,30.214713,32.098109,0.71201216,0.99356791,17.263833,17.15279,0.52284047,1.0773859,24.297093,26.177344,0.66241011,1.2045073,29.730978,35.811179,0.47810322,1.1093692,26.139618,28.998487,0.65053884,1.0330469,37.544512,38.785241
init,init,-1,,4167,072.Pomarine_Jaeger/Pomarine_Jaeger_0006_795775.jpg,72,71,072.Pomarine_Jaeger,129,128,random_erasing,random_erasing,0,"{""area_fraction"":0.140998,""erased"":true,""height"":0.262845,""left"":0.451983,""top"":0.32393,""width"":0.536432}",5.3561993,5.6984138,0.34221458,0.0047188071,0.0033512758,0.047468048,0.044606019,-0.042749241,-0.041254743,0.0014944975,0.82165859,1.0281801,69.123936,71.071859,False,0.943748,True,False,False,0.82165859,1.0281801,69.123936,71.071859,0.79169208,1.019093,62.17065,63.357672,0.94363383,1.0657957,30.214713,32.20271,0.90861335,0.88730808,17.263833,15.318338,0.77631963,1.0602957,24.297093,25.762102,0.83581342,1.0221652,29.730978,30.389971,0.71577481,1.0292418,26.139618,26.903987,0.78797967,1.020676,37.544512,38.320783
init,init,-1,,5465,094.White_breasted_Nuthatch/White_Breasted_Nuthatch_0094_86156.jpg,94,93,094.White_breasted_Nuthatch,134,133,identity,identity,0,{},5.4889622,5.4889622,0,0.0041321297,0.0041321297,0.025479302,0.025479302,-0.021347172,-0.021347172,0,1,1,53.288274,53.288274,False,1,True,False,False,1,1,53.288274,53.288274,1,1,45.784215,45.784215,1,1,27.266201,27.266201,1,1,10.557785,10.557785,1,1,18.131721,18.131721,1,1,20.088174,20.088174,1,1,18.60702,18.60702,1,1,30.103361,30.103361
init,init,-1,,5465,094.White_breasted_Nuthatch/White_Breasted_Nuthatch_0094_86156.jpg,94,93,094.White_breasted_Nuthatch,134,133,horizontal_flip,horizontal_flip,0,"{""flipped"":true}",5.4889622,5.7387848,0.24982262,0.0041321297,0.0032186781,0.025479302,0.014202918,-0.021347172,-0.01098424,0.010362932,0.638318,0.93017573,53.288274,49.567459,False,0.94757986,False,False,False,0.638318,0.93017573,53.288274,49.567459,0.52464469,0.92087786,45.784215,42.16167,0.94740819,0.95590481,27.266201,26.063893,0.74560609,0.77364668,10.557785,8.1679957,0.33574335,0.88602038,18.131721,16.065074,0.47838092,0.87805183,20.088174,17.638458,0.37173339,0.91224102,18.60702,16.974087,0.64097672,0.97051958,30.103361,29.215901
init,init,-1,,5465,094.White_breasted_Nuthatch/White_Breasted_Nuthatch_0094_86156.jpg,94,93,094.White_breasted_Nuthatch,134,133,color_jitter,color_jitter,0,"{""brightness"":0.792148,""contrast"":0.842138,""hue"":-0.022783,""saturation"":1.27878}",5.4889622,5.4324503,-0.056511879,0.0041321297,0.0043723686,0.025479302,0.025785767,-0.021347172,-0.021413398,-6.6225883e-05,0.90605341,1.033465,53.288274,55.071567,False,0.98872441,True,False,False,0.90605341,1.033465,53.288274,55.071567,0.87759638,1.0405539,45.784215,47.640944,0.98869402,1.0132104,27.266201,27.626398,0.86320482,0.85372159,10.557785,9.0134094,0.85052227,1.0055237,18.131721,18.231875,0.84168206,1.1223146,20.088174,22.545251,0.84983704,1.0890909,18.60702,20.264736,0.92160946,1.0168825,30.103361,30.611581
init,init,-1,,5465,094.White_breasted_Nuthatch/White_Breasted_Nuthatch_0094_86156.jpg,94,93,094.White_breasted_Nuthatch,134,133,rotation,rotation,0,"{""angle"":4.976136}",5.4889622,5.3268051,-0.16215706,0.0041321297,0.0048595709,0.025479302,0.016137011,-0.021347172,-0.01127744,0.010069732,0.75997416,1.0401849,53.288274,55.429657,False,0.96022475,False,False,False,0.75997416,1.0401849,53.288274,55.429657,0.68402172,1.0186452,45.784215,46.63787,0.96010437,1.0986459,27.266201,29.9559,0.77192918,0.91208022,10.557785,9.6295473,0.61378926,0.96247673,18.131721,17.451359,0.58990339,0.94115148,20.088174,18.906014,0.57375265,1.0753102,18.60702,20.008319,0.78032281,1.0609482,30.103361,31.938106
init,init,-1,,5465,094.White_breasted_Nuthatch/White_Breasted_Nuthatch_0094_86156.jpg,94,93,094.White_breasted_Nuthatch,134,133,random_resized_crop,random_resized_crop,0,"{""area_fraction"":0.731683,""aspect"":1.260157,""fallback"":false,""height"":0.76199,""left"":0.012713,""top"":0.223077,""width"":0.960227}",5.4889622,5.2963338,-0.19262838,0.0041321297,0.0050099278,0.025479302,0.020607147,-0.021347172,-0.01559722,0.0057499525,0.74274106,0.96655551,53.288274,51.506074,False,0.96084511,False,False,False,0.74274106,0.96655551,53.288274,51.506074,0.65809504,0.93861652,45.784215,42.973821,0.96074425,1.0413026,27.266201,28.392365,0.75764334,0.84208683,10.557785,8.8905721,0.5137778,0.86537178,18.131721,15.690679,0.57022732,0.92050215,20.088174,18.491207,0.56796053,0.98096218,18.60702,18.252783,0.76823104,0.9664473,30.103361,29.093312
init,init,-1,,5465,094.White_breasted_Nuthatch/White_Breasted_Nuthatch_0094_86156.jpg,94,93,094.White_breasted_Nuthatch,134,133,gaussian_blur,gaussian_blur,0,"{""sigma"":1.092889}",5.4889622,5.5512829,0.062320709,0.0041321297,0.0038824729,0.025479302,0.024422647,-0.021347172,-0.020540175,0.00080699753,0.79240379,1.0809498,53.288274,57.601951,False,0.96114743,True,False,False,0.79240379,1.0809498,53.288274,57.601951,0.73705585,1.0997033,45.784215,50.349053,0.96105765,1.0262295,27.266201,27.981379,0.79896614,0.93829792,10.557785,9.9063481,0.57731098,1.139889,18.131721,20.668149,0.68122408,1.1873491,20.088174,23.851675,0.70680735,1.1502631,18.60702,21.402968,0.83847262,1.0413627,30.103361,31.348518
init,init,-1,,5465,094.White_breasted_Nuthatch/White_Breasted_Nuthatch_0094_86156.jpg,94,93,094.White_breasted_Nuthatch,134,133,random_erasing,random_erasing,0,"{""area_fraction"":0.16529,""erased"":true,""height"":0.504085,""left"":0.44461,""top"":0.011164,""width"":0.327902}",5.4889622,5.5975933,0.10863113,0.0041321297,0.0037067737,0.025479302,0.017070908,-0.021347172,-0.013364134,0.0079830377,0.74400267,1.0328016,53.288274,55.036214,False,0.91252971,False,False,False,0.74400267,1.0328016,53.288274,55.036214,0.68197313,1.0211449,45.784215,46.752317,0.91217978,1.0649817,27.266201,29.038005,0.79175988,0.79124575,10.557785,8.3538029,0.64236736,0.95903605,18.131721,17.388974,0.64187688,1.0033064,20.088174,20.154594,0.58381654,1.0488164,18.60702,19.515348,0.7418663,1.0643323,30.103361,32.039979
init,init,-1,,6768,116.Chipping_Sparrow/Chipping_Sparrow_0037_109851.jpg,116,115,116.Chipping_Sparrow,129,128,identity,identity,0,{},4.9357533,4.9357533,0,0.0071850461,0.0071850461,0.021094589,0.021094589,-0.013909542,-0.013909542,0,1,1,46.442618,46.442618,False,1.0000001,True,False,False,1,1,46.442618,46.442618,1,1,39.702038,39.702038,1,1,24.09699,24.09699,1,1,6.2313922,6.2313922,1,1,15.351292,15.351292,1,1,17.732132,17.732132,1,1,16.094564,16.094564,1,1,26.986959,26.986959
init,init,-1,,6768,116.Chipping_Sparrow/Chipping_Sparrow_0037_109851.jpg,116,115,116.Chipping_Sparrow,129,128,horizontal_flip,horizontal_flip,0,"{""flipped"":true}",4.9357533,4.5793142,-0.35643911,0.0071850461,0.01026193,0.021094589,0.019924156,-0.013909542,-0.0096622268,0.0042473157,0.65326284,0.96388828,46.442618,44.765496,False,0.94074833,True,False,False,0.65326284,0.96388828,46.442618,44.765496,0.54472281,0.95725819,39.702038,38.005101,0.9407277,0.98166036,24.09699,23.65506,0.43075534,0.8436052,6.2313922,5.2568348,0.53894384,0.85465932,15.351292,13.120125,0.45255765,0.86414619,17.732132,15.323154,0.41035521,1.008511,16.094564,16.231545,0.63626027,1.0123213,26.986959,27.319473
init,init,-1,,6768,116.Chipping_Sparrow/Chipping_Sparrow_0037_109851.jpg,116,115,116.Chipping_Sparrow,129,128,color_jitter,color_jitter,0,"{""brightness"":1.263151,""contrast"":0.831041,""hue"":0.078689,""saturation"":0.79458}",4.9357533,4.5975833,-0.33817005,0.0071850461,0.010076159,0.021094589,0.021058025,-0.013909542,-0.010981866,0.0029276763,0.78141201,0.98320213,46.442618,45.662481,False,0.9416495,True,False,False,0.78141201,0.98320213,46.442618,45.662481,0.72199056,0.98137873,39.702038,38.962736,0.94162586,0.9881349,24.09699,23.811077,0.59375371,1.4323347,6.2313922,8.9254395,0.70764558,1.027844,15.351292,15.778734,0.66935618,0.82631361,17.732132,14.652302,0.62600085,0.93379144,16.094564,15.028966,0.79494025,1.0140488,26.986959,27.366094
init,init,-1,,6768,116.Chipping_Sparrow/Chipping_Sparrow_0037_109851.jpg,116,115,116.Chipping_Sparrow,129,128,rotation,rotation,0,"{""angle"":2.561204}",4.9357533,4.9975963,0.061842918,0.0071850461,0.0067541627,0.021094589,0.017404802,-0.013909542,-0.010650639,0.003258903,0.82293902,0.96326688,46.442618,44.736636,False,0.9653874,True,False,False,0.82293902,0.96326688,46.442618,44.736636,0.7697957,0.95986716,39.702038,38.108683,0.96538609,0.97243571,24.09699,23.432774,0.79785165,0.81975758,6.2313922,5.108231,0.71130796,0.84018807,15.351292,12.897973,0.75804036,0.9505478,17.732132,16.855239,0.68080263,0.98667369,16.094564,15.880083,0.82364179,0.99673222,26.986959,26.898771
init,init,-1,,6768,116.Chipping_Sparrow/Chipping_Sparrow_0037_109851.jpg,116,115,116.Chipping_Sparrow,129,128,random_resized_crop,random_resized_crop,0,"{""area_fraction"":0.890666,""aspect"":0.943882,""fallback"":false,""height"":0.971401,""left"":0.079262,""top"":0.008919,""width"":0.916888}",4.9357533,4.8924346,-0.043318748,0.0071850461,0.0075031347,0.021094589,0.019944817,-0.013909542,-0.012441682,0.0014678603,0.7870634,0.99526583,46.442618,46.222751,False,0.96022797,True,False,False,0.7870634,0.99526583,46.442618,46.222751,0.7226001,0.9923425,39.702038,39.39802,0.96020008,1.0031584,24.09699,24.173099,0.6280032,0.88274729,6.2313922,5.5007445,0.67431131,0.93124245,15.351292,14.295775,0.69416601,0.98479917,17.732132,17.462589,0.63075531,1.0310375,16.094564,16.594099,0.78791707,1.0061425,26.986959,27.152726
init,init,-1,,6768,116.Chipping_Sparrow/Chipping_Sparrow_0037_109851.jpg,116,115,116.Chipping_Sparrow,129,128,gaussian_blur,gaussian_blur,0,"{""sigma"":1.929024}",4.9357533,5.0852213,0.14946795,0.0071850461,0.0061875186,0.021094589,0.017951448,-0.013909542,-0.011763929,0.0021456135,0.6856177,1.2580132,46.442618,58.425427,False,0.93577385,False,False,False,0.6856177,1.2580132,46.442618,58.425427,0.61271693,1.316189,39.702038,52.255386,0.93567183,1.0844697,24.09699,26.132455,0.28774246,1.3779999,6.2313922,8.5868577,0.48590653,1.4641184,15.351292,22.476109,0.62403144,1.5873463,17.732132,28.147034,0.53898849,1.3640665,16.094564,21.954054,0.73330187,1.0976518,26.986959,29.622284
init,init,-1,,6768,116.Chipping_Sparrow/Chipping_Sparrow_0037_109851.jpg,116,115,116.Chipping_Sparrow,129,128,random_erasing,random_erasing,0,"{""area_fraction"":0.127007,""erased"":true,""height"":0.22867,""left"":0.109577,""top"":0.098618,""width"":0.555417}",4.9357533,5.1257286,0.18997526,0.0071850461,0.005941886,0.021094589,0.016691493,-0.013909542,-0.010749607,0.0031599356,0.61211187,1.2400189,46.442618,57.589725,False,0.86873651,False,False,False,0.61211187,1.2400189,46.442618,57.589725,0.52330813,1.2588709,39.702038,49.97974,0.86847642,1.1873359,24.09699,28.611222,0.47237686,1.4559146,6.2313922,9.0723746,0.4763627,1.3971993,15.351292,21.448815,0.46947994,1.3442041,17.732132,23.835604,0.47115206,1.280181,16.094564,20.603954,0.59726234,1.1498713,26.986959,31.03153
init,init,-1,,984,018.Spotted_Catbird/Spotted_Catbird_0013_19428.jpg,18,17,018.Spotted_Catbird,129,128,identity,identity,0,{},5.3552842,5.3552842,0,0.0047231275,0.0047231275,0.025255442,0.025255442,-0.020532314,-0.020532314,0,1,1,51.361424,51.361424,False,1,True,False,False,1,1,51.361424,51.361424,1,1,43.439951,43.439951,1,1,27.403769,27.403769,1,1,8.211353,8.211353,1,1,16.18131,16.18131,1,1,20.485105,20.485105,1,1,17.36656,17.36656,1,1,28.922851,28.922851
init,init,-1,,984,018.Spotted_Catbird/Spotted_Catbird_0013_19428.jpg,18,17,018.Spotted_Catbird,129,128,horizontal_flip,horizontal_flip,0,"{""flipped"":true}",5.3552842,5.5590448,0.20376062,0.0047231275,0.0038524531,0.025255442,0.03186176,-0.020532314,-0.028009307,-0.0074769924,0.55952401,1.0375676,51.361424,53.290948,False,0.94975126,True,False,False,0.55952401,1.0375676,51.361424,53.290948,0.42831059,1.0793948,43.439951,46.888859,0.94966223,0.92414618,27.403769,25.325088,-0.015799678,1.681596,8.211353,13.808178,0.21205509,1.0496807,16.18131,16.985208,0.36848682,1.0609018,20.485105,21.732684,0.38981588,1.1476499,17.36656,19.93073,0.61309055,1.0079342,28.922851,29.152331
init,init,-1,,984,018.Spotted_Catbird/Spotted_Catbird_0013_19428.jpg,18,17,018.Spotted_Catbird,129,128,color_jitter,color_jitter,0,"{""brightness"":0.817799,""contrast"":1.01149,""hue"":0.06853,""saturation"":1.199451}",5.3552842,5.5879889,0.23270464,0.0047231275,0.0037425482,0.025255442,0.041164733,-0.020532314,-0.037422185,-0.016889871,0.72026775,1.1260067,51.361424,57.83331,False,0.96509725,True,False,False,0.72026775,1.1260067,51.361424,57.83331,0.62936656,1.1457608,43.439951,49.771793,0.96484538,1.0747675,27.403769,29.45268,-0.14897792,1.7293046,8.211353,14.19993,0.40702673,1.2523101,16.18131,20.264018,0.58791469,0.9384251,20.485105,19.223737,0.68600999,1.1983441,17.36656,20.811116,0.81171806,1.1268969,28.922851,32.593072
init,init,-1,,984,018.Spotted_Catbird/Spotted_Catbird_0013_19428.jpg,18,17,018.Spotted_Catbird,129,128,rotation,rotation,0,"{""angle"":14.697701}",5.3552842,5.9834075,0.62812328,0.0047231275,0.0025202238,0.025255442,0.023935976,-0.020532314,-0.021415752,-0.00088343746,0.67332383,1.110557,51.361424,57.039787,False,0.93412364,False,False,False,0.67332383,1.110557,51.361424,57.039787,0.57615902,1.1293252,43.439951,49.057831,0.93390177,1.0619331,27.403769,29.10097,0.24569926,0.9846003,8.211353,8.0849006,0.4571752,1.0510098,16.18131,17.006714,0.53152813,1.048241,20.485105,21.473326,0.49410248,1.2860355,17.36656,22.334013,0.69076173,1.1426232,28.922851,33.047919
init,init,-1,,984,018.Spotted_Catbird/Spotted_Catbird_0013_19428.jpg,18,17,018.Spotted_Catbird,129,128,random_resized_crop,random_resized_crop,0,"{""area_fraction"":0.789653,""aspect"":1.117926,""fallback"":false,""height"":0.840449,""left"":0.009471,""top"":0.107469,""width"":0.93956}",5.3552842,5.6192408,0.26395655,0.0047231275,0.0036273936,0.025255442,0.028693382,-0.020532314,-0.025065988,-0.0045336739,0.65104669,1.1665647,51.361424,59.916422,False,0.94910967,True,False,False,0.65104669,1.1665647,51.361424,59.916422,0.54396994,1.1963431,43.439951,51.969088,0.94901107,1.0881465,27.403769,29.819315,-0.18203859,1.8021599,8.211353,14.798171,0.41960766,1.2117045,16.18131,19.606965,0.54613583,1.1240748,20.485105,23.02679,0.48464652,1.2863148,17.36656,22.338864,0.71027373,1.1299695,28.922851,32.68194
init,init,-1,,984,018.Spotted_Catbird/Spotted_Catbird_0013_19428.jpg,18,17,018.Spotted_Catbird,129,128,gaussian_blur,gaussian_blur,0,"{""sigma"":1.044385}",5.3552842,5.3372173,-0.018066883,0.0047231275,0.0048092362,0.025255442,0.028130824,-0.020532314,-0.023321588,-0.0027892734,0.74228527,1.1149285,51.361424,57.264318,False,0.96550494,True,False,False,0.74228527,1.1149285,51.361424,57.264318,0.66384756,1.1474818,43.439951,49.846552,0.96543941,1.0285918,27.403769,28.187291,-0.32835125,1.6902113,8.211353,13.878921,0.49209133,1.189678,16.18131,19.250549,0.72776705,1.111385,20.485105,22.766839,0.67316186,1.1544456,17.36656,20.048749,0.81710751,1.0939992,28.922851,31.641576
init,init,-1,,984,018.Spotted_Catbird/Spotted_Catbird_0013_19428.jpg,18,17,018.Spotted_Catbird,129,128,random_erasing,random_erasing,0,"{""area_fraction"":0.135519,""erased"":true,""height"":0.380383,""left"":0.238558,""top"":0.14462,""width"":0.356269}",5.3552842,5.3757372,0.020452976,0.0047231275,0.0046275062,0.025255442,0.026082911,-0.020532314,-0.021455404,-0.00092309015,0.7110609,1.1231837,51.361424,57.688314,False,0.92209184,True,False,False,0.7110609,1.1231837,51.361424,57.688314,0.63421649,1.1475513,43.439951,49.849573,0.92186471,1.059482,27.403769,29.033801,0.38118702,1.2373232,8.211353,10.160097,0.53310477,1.1662408,16.18131,18.871304,0.68651095,1.1295337,20.485105,23.138616,0.59859101,1.1739317,17.36656,20.387156,0.67654113,1.1333948,28.922851,32.781009
init,init,-1,,10060,171.Myrtle_Warbler/Myrtle_Warbler_0037_166690.jpg,171,170,171.Myrtle_Warbler,8,7,identity,identity,0,{},4.7432513,4.7432513,0,0.0087102801,0.0087102801,0.03228816,0.03228816,-0.02357788,-0.02357788,0,1,1,51.362746,51.362746,False,1,True,False,False,1,1,51.362746,51.362746,1,1,44.071476,44.071476,1,1,26.378716,26.378716,1,1,5.7179274,5.7179274,1,1,13.974656,13.974656,1,1,19.440294,19.440294,1,1,20.748285,20.748285,1,1,30.098056,30.098056
init,init,-1,,10060,171.Myrtle_Warbler/Myrtle_Warbler_0037_166690.jpg,171,170,171.Myrtle_Warbler,8,7,horizontal_flip,horizontal_flip,0,"{""flipped"":true}",4.7432513,5.0695796,0.32632828,0.0087102801,0.0062850621,0.03228816,0.033952117,-0.02357788,-0.027667055,-0.0040891748,0.6911557,1.128293,51.362746,57.952229,False,0.95656967,True,False,False,0.6911557,1.128293,51.362746,57.952229,0.60081258,1.142309,44.071476,50.343243,0.9564729,1.0882155,26.378716,28.705727,0.49138055,1.3534502,5.7179274,7.7389303,0.46911336,1.1498361,13.974656,16.068563,0.48146387,1.2413559,19.440294,24.132323,0.52744582,1.1534632,20.748285,23.932383,0.73245088,1.0823436,30.098056,32.576439
init,init,-1,,10060,171.Myrtle_Warbler/Myrtle_Warbler_0037_166690.jpg,171,170,171.Myrtle_Warbler,8,7,color_jitter,color_jitter,0,"{""brightness"":1.017565,""contrast"":0.946623,""hue"":0.053503,""saturation"":0.711178}",4.7432513,4.8458862,0.10263491,0.0087102801,0.0078606466,0.03228816,0.033352014,-0.02357788,-0.025491367,-0.001913487,0.86263685,1.016879,51.362746,52.229697,False,0.97005057,True,False,False,0.86263685,1.016879,51.362746,52.229697,0.82680985,1.0324342,44.071476,45.5009,0.97001103,0.97214341,26.378716,25.643895,0.70889083,1.2355079,5.7179274,7.0645443,0.74573236,1.2409891,13.974656,17.342396,0.80330738,1.0607537,19.440294,20.621364,0.82423396,1.0256324,20.748285,21.280114,0.87347851,0.96385041,30.098056,29.010024
init,init,-1,,10060,171.Myrtle_Warbler/Myrtle_Warbler_0037_166690.jpg,171,170,171.Myrtle_Warbler,8,7,rotation,rotation,0,"{""angle"":8.435712}",4.7432513,4.561069,-0.18218231,0.0087102801,0.01045088,0.03228816,0.02166638,-0.02357788,-0.0112155,0.012362381,0.6445849,1.057971,51.362746,54.340297,False,0.90861249,True,False,False,0.6445849,1.057971,51.362746,54.340297,0.54841452,1.0530099,44.071476,46.407699,0.90841824,1.0716976,26.378716,28.270007,0.0025995276,1.5296707,5.7179274,8.7465461,0.29214197,1.0161369,13.974656,14.200164,0.4277432,1.0425882,19.440294,20.268221,0.48393484,1.0224598,20.748285,21.214288,0.71134266,1.0583427,30.098056,31.854059
init,init,-1,,10060,171.Myrtle_Warbler/Myrtle_Warbler_0037_166690.jpg,171,170,171.Myrtle_Warbler,8,7,random_resized_crop,random_resized_crop,0,"{""area_fraction"":0.654372,""aspect"":1.288789,""fallback"":false,""height"":0.71256,""left"":0.072134,""top"":0.16326,""width"":0.91834}",4.7432513,5.2244616,0.48121023,0.0087102801,0.0053832564,0.03228816,0.025676228,-0.02357788,-0.020292972,0.0032849084,0.67749287,1.0166272,51.362746,52.216763,False,0.94617379,True,False,False,0.67749287,1.0166272,51.362746,52.216763,0.58228127,1.0194089,44.071476,44.926854,0.94607415,1.0088219,26.378716,26.611428,0.24548646,1.5140617,5.7179274,8.6572948,0.38145053,1.2545518,13.974656,17.53193,0.53640433,1.0521686,19.440294,20.454466,0.49953704,0.9096828,20.748285,18.874358,0.722639,0.97517765,30.098056,29.350952
init,init,-1,,10060,171.Myrtle_Warbler/Myrtle_Warbler_0037_166690.jpg,171,170,171.Myrtle_Warbler,8,7,gaussian_blur,gaussian_blur,0,"{""sigma"":1.694767}",4.7432513,4.6913409,-0.0519104,0.0087102801,0.0091743749,0.03228816,0.050355174,-0.02357788,-0.041180799,-0.017602919,0.65877227,1.1019941,51.362746,56.601443,False,0.92026258,True,False,False,0.65877227,1.1019941,51.362746,56.601443,0.57432018,1.127904,44.071476,49.708395,0.92008125,1.0262159,26.378716,27.070257,0.058680276,1.7225632,5.7179274,9.8494915,0.3353528,1.3432468,13.974656,18.771412,0.502205,1.2327472,19.440294,23.964968,0.53779398,1.0310751,20.748285,21.393039,0.73322384,1.0451619,30.098056,31.457341
init,init,-1,,10060,171.Myrtle_Warbler/Myrtle_Warbler_0037_166690.jpg,171,170,171.Myrtle_Warbler,8,7,random_erasing,random_erasing,0,"{""area_fraction"":0.088983,""erased"":true,""height"":0.419517,""left"":0.145771,""top"":0.099155,""width"":0.212109}",4.7432513,4.9620142,0.21876287,0.0087102801,0.0069988151,0.03228816,0.024015892,-0.02357788,-0.017017077,0.0065608029,0.78182911,1.04849,51.362746,53.853325,False,0.9464395,True,False,False,0.78182911,1.04849,51.362746,53.853325,0.71739368,1.015839,44.071476,44.769524,0.94627045,1.1346683,26.378716,29.931094,0.28078459,1.1595066,5.7179274,6.6299747,0.68430704,1.0314927,13.974656,14.414755,0.61102302,0.92927966,19.440294,18.06547,0.66292281,0.93542228,20.748285,19.408408,0.80550924,1.076359,30.098056,32.396313
init,init,-1,,8280,141.Artic_Tern/Artic_Tern_0052_143244.jpg,141,140,141.Artic_Tern,10,9,identity,identity,0,{},5.0944424,5.0944424,0,0.0061307261,0.0061307261,0.021579785,0.021579785,-0.015449059,-0.015449059,0,1,1,44.939233,44.939233,False,0.99999988,True,False,False,1,1,44.939233,44.939233,1,1,35.074568,35.074568,1,1,28.09465,28.09465,1,1,5.4857056,5.4857056,1,1,11.428981,11.428981,1,1,12.871437,12.871437,1,1,15.246782,15.246782,1,1,25.910857,25.910857
init,init,-1,,8280,141.Artic_Tern/Artic_Tern_0052_143244.jpg,141,140,141.Artic_Tern,10,9,horizontal_flip,horizontal_flip,0,"{""flipped"":true}",5.0944424,4.9491391,-0.14530325,0.0061307261,0.0070895082,0.021579785,0.017272461,-0.015449059,-0.010182953,0.0052661062,0.73225074,0.98036813,44.939233,44.056992,False,0.95776218,False,False,False,0.73225074,0.98036813,44.939233,44.056992,0.57773928,0.95239859,35.074568,33.404969,0.95766886,1.0224372,28.09465,28.725016,0.70041998,1.078314,5.4857056,5.9153129,0.59483565,0.91276346,11.428981,10.431956,0.40628794,0.92110797,12.871437,11.855983,0.40926397,0.93391691,15.246782,14.239228,0.66554606,0.96774088,25.910857,25.074996
init,init,-1,,8280,141.Artic_Tern/Artic_Tern_0052_143244.jpg,141,140,141.Artic_Tern,10,9,color_jitter,color_jitter,0,"{""brightness"":0.863991,""contrast"":1.344464,""hue"":0.001178,""saturation"":1.189461}",5.0944424,5.0614295,-0.033012867,0.0061307261,0.0063364953,0.021579785,0.022580022,-0.015449059,-0.016243527,-0.00079446752,0.91169762,0.99081166,44.939233,44.526316,False,0.98757398,False,False,False,0.91169762,0.99081166,44.939233,44.526316,0.86366486,0.99558204,35.074568,34.91961,0.98753748,0.98333035,28.09465,27.626322,0.65019773,1.1785136,5.4857056,6.4649784,0.81844565,0.98836879,11.428981,11.296048,0.79677316,0.90837082,12.871437,11.692037,0.83086904,1.0142713,15.246782,15.464373,0.91158996,1.002053,25.910857,25.964051
init,init,-1,,8280,141.Artic_Tern/Artic_Tern_0052_143244.jpg,141,140,141.Artic_Tern,10,9,rotation,rotation,0,"{""angle"":-4.46107}",5.0944424,5.0731668,-0.02127552,0.0061307261,0.0062625562,0.021579785,0.017903198,-0.015449059,-0.011640641,0.0038084178,0.79974026,1.0677991,44.939233,47.986073,False,0.96676052,False,False,False,0.79974026,1.0677991,44.939233,47.986073,0.6906609,1.0596199,35.074568,37.165712,0.96657019,1.0804238,28.09465,30.354128,0.64504665,1.157146,5.4857056,6.3477624,0.50797835,0.95049984,11.428981,10.863245,0.59197664,1.0665404,12.871437,13.727907,0.62201927,1.0469045,15.246782,15.961925,0.77234117,1.0776934,25.910857,27.923959
init,init,-1,,8280,141.Artic_Tern/Artic_Tern_0052_143244.jpg,141,140,141.Artic_Tern,10,9,random_resized_crop,random_resized_crop,0,"{""area_fraction"":0.844602,""aspect"":1.148058,""fallback"":false,""height"":0.857717,""left"":0.010646,""top"":0.114432,""width"":0.984709}",5.0944424,4.9618979,-0.13254452,0.0061307261,0.0069996295,0.021579785,0.017096752,-0.015449059,-0.010097123,0.0053519364,0.80227999,1.0319346,44.939233,46.37435,False,0.97280651,False,False,False,0.80227999,1.0319346,44.939233,46.37435,0.696908,1.0460105,35.074568,36.688368,0.97274694,1.0096045,28.09465,28.364484,0.55601324,1.7717486,5.4857056,9.7192913,0.47303932,1.0905407,11.428981,12.463769,0.62849519,1.0415593,12.871437,13.406364,0.64754137,1.0432688,15.246782,15.906492,0.80051703,0.99410406,25.910857,25.758088
init,init,-1,,8280,141.Artic_Tern/Artic_Tern_0052_143244.jpg,141,140,141.Artic_Tern,10,9,gaussian_blur,gaussian_blur,0,"{""sigma"":1.945791}",5.0944424,4.5791869,-0.51525545,0.0061307261,0.010263239,0.021579785,0.013582296,-0.015449059,-0.0033190567,0.012130002,0.68656841,1.1052336,44.939233,49.668348,False,0.91742367,False,False,False,0.68656841,1.1052336,44.939233,49.668348,0.55954447,1.1602652,35.074568,40.695802,0.9172386,1.01352,28.09465,28.47449,0.52030315,1.744803,5.4857056,9.5714753,0.34010204,1.4061166,11.428981,16.07048,0.48011073,1.3415612,12.871437,17.267819,0.47882707,1.122238,15.246782,17.110518,0.68870646,1.0322161,25.910857,26.745605
init,init,-1,,8280,141.Artic_Tern/Artic_Tern_0052_143244.jpg,141,140,141.Artic_Tern,10,9,random_erasing,random_erasing,0,"{""area_fraction"":0.126353,""erased"":true,""height"":0.259809,""left"":0.21206,""top"":0.254798,""width"":0.486328}",5.0944424,4.9514551,-0.14298725,0.0061307261,0.00707311,0.021579785,0.01569823,-0.015449059,-0.0086251199,0.0068239393,0.68551887,1.0979026,44.939233,49.338899,False,0.92076433,False,False,False,0.68551887,1.0979026,44.939233,49.338899,0.55911256,1.159594,35.074568,40.67226,0.92056887,0.9941454,28.09465,27.930167,0.57753842,1.2037561,5.4857056,6.6034517,0.51419477,1.2422671,11.428981,14.197847,0.48018759,1.1594209,12.871437,14.923412,0.44050143,1.1902688,15.246782,18.14777,0.63165606,1.1298174,25.910857,29.274537
init,init,-1,,7704,132.White_crowned_Sparrow/White_Crowned_Sparrow_0021_127092.jpg,132,131,132.White_crowned_Sparrow,129,128,identity,identity,0,{},4.8716507,4.8716507,0,0.0076607084,0.0076607084,0.033694014,0.033694014,-0.026033306,-0.026033306,0,1,1,43.760973,43.760973,False,0.99999982,True,False,False,1,1,43.760973,43.760973,1,1,36.977987,36.977987,1,1,23.40195,23.40195,1,1,6.0830725,6.0830725,1,1,12.60688,12.60688,1,1,14.996542,14.996542,1,1,15.990434,15.990434,1,1,26.283913,26.283913
init,init,-1,,7704,132.White_crowned_Sparrow/White_Crowned_Sparrow_0021_127092.jpg,132,131,132.White_crowned_Sparrow,129,128,horizontal_flip,horizontal_flip,0,"{""flipped"":true}",4.8716507,4.8988457,0.027194977,0.0076607084,0.0074551832,0.033694014,0.030010823,-0.026033306,-0.02255564,0.0034776656,0.58245465,1.0943528,43.760973,47.889946,False,0.93953705,True,False,False,0.58245465,1.0943528,43.760973,47.889946,0.45838039,1.1324522,36.977987,41.875804,0.93952765,0.99286479,23.40195,23.234972,0.47205327,1.055234,6.0830725,6.4190648,0.22756894,1.1137071,12.60688,14.040372,0.25953841,1.1911518,14.996542,17.863158,0.3748389,1.2269636,15.990434,19.619681,0.61975176,1.0836272,26.283913,28.481963
init,init,-1,,7704,132.White_crowned_Sparrow/White_Crowned_Sparrow_0021_127092.jpg,132,131,132.White_crowned_Sparrow,129,128,color_jitter,color_jitter,0,"{""brightness"":1.049829,""contrast"":1.097562,""hue"":0.039454,""saturation"":0.644303}",4.8716507,4.9356918,0.064041138,0.0076607084,0.0071854875,0.033694014,0.031356797,-0.026033306,-0.024171309,0.0018619965,0.86894422,0.98945447,43.760973,43.299491,False,0.98165047,True,False,False,0.86894422,0.98945447,43.760973,43.299491,0.82547714,0.9990169,36.977987,36.941634,0.98165119,0.96516558,23.40195,22.586757,0.72387047,0.90480084,6.0830725,5.5039691,0.70848834,0.98608791,12.60688,12.431492,0.78457789,0.99408862,14.996542,14.907892,0.80438526,1.0468867,15.990434,16.740172,0.87947641,0.99020012,26.283913,26.026333
init,init,-1,,7704,132.White_crowned_Sparrow/White_Crowned_Sparrow_0021_127092.jpg,132,131,132.White_crowned_Sparrow,129,128,rotation,rotation,0,"{""angle"":8.766807}",4.8716507,5.3205261,0.44887543,0.0076607084,0.0048901811,0.033694014,0.032200903,-0.026033306,-0.027310722,-0.001277416,0.66971679,1.1559998,43.760973,50.587679,False,0.94750261,True,False,False,0.66971679,1.1559998,43.760973,50.587679,0.56356023,1.1704658,36.977987,43.281469,0.94743026,1.1190653,23.40195,26.188311,0.10319218,1.1640669,6.0830725,7.0811036,0.35115316,0.98272317,12.60688,12.389073,0.47456993,1.2059015,14.996542,18.084353,0.50630115,1.2944393,15.990434,20.698646,0.68753368,1.1503369,26.283913,30.235354
init,init,-1,,7704,132.White_crowned_Sparrow/White_Crowned_Sparrow_0021_127092.jpg,132,131,132.White_crowned_Sparrow,129,128,random_resized_crop,random_resized_crop,0,"{""area_fraction"":0.770652,""aspect"":1.017924,""fallback"":false,""height"":0.870105,""left"":0.010887,""top"":0.090291,""width"":0.8857}",4.8716507,5.0315604,0.15990973,0.0076607084,0.0065286155,0.033694014,0.033394489,-0.026033306,-0.026865874,-0.00083256839,0.73340043,1.045692,43.760973,45.760499,False,0.96213043,True,False,False,0.73340043,1.045692,43.760973,45.760499,0.64282357,1.049001,36.977987,38.789944,0.96211711,1.0373841,23.40195,24.276811,0.53780999,1.0591004,6.0830725,6.4425847,0.47622329,0.93167876,12.60688,11.745563,0.56563712,1.1149207,14.996542,16.719955,0.57811838,1.0816387,15.990434,17.295872,0.73627147,1.0394943,26.283913,27.321978
init,init,-1,,7704,132.White_crowned_Sparrow/White_Crowned_Sparrow_0021_127092.jpg,132,131,132.White_crowned_Sparrow,129,128,gaussian_blur,gaussian_blur,0,"{""sigma"":1.883853}",4.8716507,5.7571878,0.88553715,0.0076607084,0.0031599845,0.033694014,0.034325697,-0.026033306,-0.031165712,-0.0051324065,0.54855533,1.4326862,43.760973,62.695744,False,0.87839562,True,False,False,0.54855533,1.4326862,43.760973,62.695744,0.44814499,1.516984,36.977987,56.095016,0.87815312,1.1965619,23.40195,28.001882,0.4328932,1.7847476,6.0830725,10.856749,0.39259742,1.5733237,12.60688,19.834704,0.38091006,1.8395068,14.996542,27.586241,0.35861822,1.6748224,15.990434,26.781137,0.54990035,1.2942026,26.283913,34.016707
init,init,-1,,7704,132.White_crowned_Sparrow/White_Crowned_Sparrow_0021_127092.jpg,132,131,132.White_crowned_Sparrow,129,128,random_erasing,random_erasing,0,"{""area_fraction"":0.181757,""erased"":true,""height"":0.354866,""left"":0.257979,""top"":0.546445,""width"":0.512184}",4.8716507,5.2267203,0.35506964,0.0076607084,0.005371111,0.033694014,0.032076769,-0.026033306,-0.026705658,-0.00067235203,0.65734045,1.2014222,43.760973,52.575407,False,0.91188157,True,False,False,0.65734045,1.2014222,43.760973,52.575407,0.56481316,1.2304453,36.977987,45.499391,0.91176385,1.1256958,23.40195,26.343477,0.60232375,1.1217173,6.0830725,6.8234875,0.42029437,1.2437686,12.60688,15.680042,0.44318773,1.340563,14.996542,20.10381,0.53960639,1.3184201,15.990434,21.08211,0.65737234,1.1597208,26.283913,30.482001
init,init,-1,,2932,051.Horned_Grebe/Horned_Grebe_0066_34738.jpg,51,50,051.Horned_Grebe,140,139,identity,identity,0,{},5.7959013,5.7959013,0,0.0030399887,0.0030399887,0.02027595,0.02027595,-0.017235962,-0.017235962,0,1,1,40.66462,40.66462,False,0.99999994,True,False,False,1,1,40.66462,40.66462,1,1,32.164688,32.164688,1,1,24.880598,24.880598,1,1,3.9198536,3.9198536,1,1,10.658412,10.658412,1,1,13.058096,13.058096,1,1,13.632367,13.632367,1,1,23.435974,23.435974
init,init,-1,,2932,051.Horned_Grebe/Horned_Grebe_0066_34738.jpg,51,50,051.Horned_Grebe,140,139,horizontal_flip,horizontal_flip,0,"{""flipped"":true}",5.7959013,5.8346186,0.03871727,0.0030399887,0.002924538,0.02027595,0.020651804,-0.017235962,-0.017727266,-0.00049130456,0.71784746,1.0595069,40.66462,43.084445,False,0.96011239,False,False,False,0.71784746,1.0595069,40.66462,43.084445,0.58036249,1.0790477,32.164688,34.707232,0.9600732,1.0260193,24.880598,25.527974,-0.045768763,0.99762411,3.9198536,3.9105404,0.30567567,0.96203987,10.658412,10.253817,0.56343471,1.1178961,13.058096,14.597594,0.58242322,1.1287402,13.632367,15.3874,0.65330515,1.0746408,23.435974,25.185254
init,init,-1,,2932,051.Horned_Grebe/Horned_Grebe_0066_34738.jpg,51,50,051.Horned_Grebe,140,139,color_jitter,color_jitter,0,"{""brightness"":0.637344,""contrast"":0.871301,""hue"":0.017751,""saturation"":1.125079}",5.7959013,5.646173,-0.1497283,0.0030399887,0.0035310045,0.02027595,0.019643869,-0.017235962,-0.016112865,0.001123097,0.85011113,1.0345801,40.66462,42.070805,False,0.97320962,False,False,False,0.85011113,1.0345801,40.66462,42.070805,0.78161641,1.0585063,32.164688,34.046525,0.9731956,0.99330817,24.880598,24.714101,0.16697174,1.5722784,3.9198536,6.1631011,0.6438322,1.1392177,10.658412,12.142252,0.82317901,1.1463483,13.058096,14.969125,0.78002195,0.98670214,13.632367,13.451085,0.83135329,1.0175937,23.435974,23.848299
init,init,-1,,2932,051.Horned_Grebe/Horned_Grebe_0066_34738.jpg,51,50,051.Horned_Grebe,140,139,rotation,rotation,0,"{""angle"":-14.790007}",5.7959013,5.6215181,-0.17438316,0.0030399887,0.0036191423,0.02027595,0.012336738,-0.017235962,-0.0087175961,0.0085183657,0.67347631,1.1920907,40.66462,48.475913,False,0.9030053,False,False,False,0.67347631,1.1920907,40.66462,48.475913,0.54381039,1.2154974,32.164688,39.096095,0.90276078,1.1519114,24.880598,28.660243,0.32907593,1.9577414,3.9198536,7.6740595,0.42666955,1.247452,10.658412,13.295857,0.50595597,1.2194316,13.058096,15.923454,0.48089529,1.1699206,13.632367,15.948786,0.61488346,1.1954403,23.435974,28.016307
init,init,-1,,2932,051.Horned_Grebe/Horned_Grebe_0066_34738.jpg,51,50,051.Horned_Grebe,140,139,random_resized_crop,random_resized_crop,0,"{""area_fraction"":0.858537,""aspect"":1.120545,""fallback"":false,""height"":0.875316,""left"":0.012434,""top"":0.106847,""width"":0.980831}",5.7959013,5.3476481,-0.44825315,0.0030399887,0.0047593312,0.02027595,0.018711152,-0.017235962,-0.01395182,0.0032841414,0.77828516,1.0459583,40.66462,42.533497,False,0.95523775,False,False,False,0.77828516,1.0459583,40.66462,42.533497,0.67533969,1.0563706,32.164688,33.977832,0.95520195,1.0283216,24.880598,25.585257,0.31321248,1.3426693,3.9198536,5.2630669,0.47064793,0.95610262,10.658412,10.190535,0.68367754,1.0802972,13.058096,14.106624,0.64282472,1.1193709,13.632367,15.259674,0.738573,1.0373956,23.435974,24.312377
init,init,-1,,2932,051.Horned_Grebe/Horned_Grebe_0066_34738.jpg,51,50,051.Horned_Grebe,140,139,gaussian_blur,gaussian_blur,0,"{""sigma"":1.199319}",5.7959013,5.8155947,0.019693375,0.0030399887,0.0029807067,0.02027595,0.019527899,-0.017235962,-0.016547192,0.00068876939,0.78244597,1.160385,40.66462,47.186613,False,0.94133168,True,False,False,0.78244597,1.160385,40.66462,47.186613,0.68996538,1.1715775,32.164688,37.683424,0.94125202,1.1414347,24.880598,28.399576,0.57163796,1.6205646,3.9198536,6.3523759,0.64587847,1.1444473,10.658412,12.197991,0.67519817,1.2170681,13.058096,15.892592,0.66103326,1.1659182,13.632367,15.894225,0.7202712,1.1494613,23.435974,26.938745
init,init,-1,,2932,051.Horned_Grebe/Horned_Grebe_0066_34738.jpg,51,50,051.Horned_Grebe,140,139,random_erasing,random_erasing,0,"{""area_fraction"":0.156896,""erased"":true,""height"":0.33804,""left"":0.335304,""top"":0.048207,""width"":0.464135}",5.7959013,5.7270985,-0.068802834,0.0030399887,0.0032565121,0.02027595,0.019811761,-0.017235962,-0.016555249,0.00068071322,0.81577075,1.0538914,40.66462,42.856092,False,0.96619248,False,False,False,0.81577075,1.0538914,40.66462,42.856092,0.7273981,1.0607409,32.164688,34.1184,0.96614741,1.0423437,24.880598,25.934135,0.4661869,0.93521249,3.9198536,3.665896,0.6773779,0.98011471,10.658412,10.446466,0.64247702,0.95273674,13.058096,12.440927,0.69394011,1.1071499,13.632367,15.093073,0.77956543,1.0953008,23.435974,25.669442
init,init,-1,,9308,159.Black_and_white_Warbler/Black_And_White_Warbler_0080_160375.jpg,159,158,159.Black_and_white_Warbler,129,128,identity,identity,0,{},5.3890972,5.3890972,0,0.0045660944,0.0045660944,0.027432783,0.027432783,-0.022866688,-0.022866688,0,1,1,54.364256,54.364256,False,1.0000001,True,False,False,1,1,54.364256,54.364256,1,1,44.398658,44.398658,1,1,31.372465,31.372465,1,1,5.0457768,5.0457768,1,1,13.849961,13.849961,1,1,17.797853,17.797853,1,1,19.323637,19.323637,1,1,32.615839,32.615839
init,init,-1,,9308,159.Black_and_white_Warbler/Black_And_White_Warbler_0080_160375.jpg,159,158,159.Black_and_white_Warbler,129,128,horizontal_flip,horizontal_flip,0,"{""flipped"":true}",5.3890972,5.4032354,0.014138222,0.0045660944,0.0045019896,0.027432783,0.023174265,-0.022866688,-0.018672276,0.0041944124,0.67191473,0.95041583,54.364256,51.66865,False,0.96280086,False,False,False,0.67191473,0.95041583,54.364256,51.66865,0.52014636,0.93548991,44.398658,41.534496,0.96265378,0.97962618,31.372465,30.733288,0.36451422,1.2572494,5.0457768,6.3437999,0.30208544,0.94571237,13.849961,13.09808,0.26998619,0.90490425,17.797853,16.105353,0.3810765,0.90518387,19.323637,17.491445,0.68364547,0.94399683,32.615839,30.789249
init,init,-1,,9308,159.Black_and_white_Warbler/Black_And_White_Warbler_0080_160375.jpg,159,158,159.Black_and_white_Warbler,129,128,color_jitter,color_jitter,0,"{""brightness"":0.953528,""contrast"":1.124128,""hue"":-0.097532,""saturation"":1.333691}",5.3890972,5.1107407,-0.27835655,0.0045660944,0.0060316143,0.027432783,0.020016108,-0.022866688,-0.013984493,0.0088821948,0.75373031,1.0423655,54.364256,56.667424,False,0.94867527,False,False,False,0.75373031,1.0423655,54.364256,56.667424,0.66371038,1.0659644,44.398658,47.327386,0.94846871,0.99341683,31.372465,31.165934,0.45660908,1.3370598,5.0457768,6.7465053,0.53701495,1.1831954,13.849961,16.387211,0.62467586,1.1643658,17.797853,20.723211,0.56591742,1.0964115,19.323637,21.186657,0.75323287,0.99231228,32.615839,32.365098
init,init,-1,,9308,159.Black_and_white_Warbler/Black_And_White_Warbler_0080_160375.jpg,159,158,159.Black_and_white_Warbler,129,128,rotation,rotation,0,"{""angle"":-0.698883}",5.3890972,5.2546663,-0.13443089,0.0045660944,0.0052230903,0.027432783,0.024846321,-0.022866688,-0.019623231,0.0032434575,0.85576739,1.0203333,54.364256,55.469659,False,0.98439205,False,False,False,0.85576739,1.0203333,54.364256,55.469659,0.79217504,1.023421,44.398658,45.438519,0.98432344,1.0141208,31.372465,31.815468,0.55128564,1.779911,5.0457768,8.9810337,0.65548733,1.1285522,13.849961,15.630404,0.71722255,1.0082081,17.797853,17.94394,0.73089123,0.97330905,19.323637,18.807871,0.88033463,1.000083,32.615839,32.618546
init,init,-1,,9308,159.Black_and_white_Warbler/Black_And_White_Warbler_0080_160375.jpg,159,158,159.Black_and_white_Warbler,129,128,random_resized_crop,random_resized_crop,0,"{""area_fraction"":0.656495,""aspect"":0.901019,""fallback"":false,""height"":0.853589,""left"":0.12425,""top"":0.050497,""width"":0.7691}",5.3890972,5.3384027,-0.050694466,0.0045660944,0.0048035379,0.027432783,0.025806582,-0.022866688,-0.021003044,0.0018636445,0.70450545,0.99065124,54.364256,53.856018,False,0.95564568,False,False,False,0.70450545,0.99065124,54.364256,53.856018,0.57382945,0.97595634,44.398658,43.331151,0.95550131,1.0194458,31.372465,31.982526,0.38370379,1.5365916,5.0457768,7.7532982,0.3193204,1.0496256,13.849961,14.537274,0.44900728,0.96160703,17.797853,17.114541,0.4181739,0.91803781,19.323637,17.73983,0.72239863,0.96884164,32.615839,31.599583
init,init,-1,,9308,159.Black_and_white_Warbler/Black_And_White_Warbler_0080_160375.jpg,159,158,159.Black_and_white_Warbler,129,128,gaussian_blur,gaussian_blur,0,"{""sigma"":1.426273}",5.3890972,5.1968298,-0.19226742,0.0045660944,0.0055340794,0.027432783,0.01947769,-0.022866688,-0.01394361,0.008923078,0.63305315,1.1048181,54.364256,60.062613,False,0.92638814,False,False,False,0.63305315,1.1048181,54.364256,60.062613,0.50720249,1.1515835,44.398658,51.128761,0.92609104,1.0046304,31.372465,31.51773,0.17641381,2.0794943,5.0457768,10.492664,0.28155556,1.4120945,13.849961,19.557454,0.35354392,1.3174777,17.797853,23.448276,0.39884,1.1129638,19.323637,21.506509,0.69271739,1.021123,32.615839,33.304783
init,init,-1,,9308,159.Black_and_white_Warbler/Black_And_White_Warbler_0080_160375.jpg,159,158,159.Black_and_white_Warbler,129,128,random_erasing,random_erasing,0,"{""area_fraction"":0.171709,""erased"":true,""height"":0.335602,""left"":0.358709,""top"":0.421059,""width"":0.511644}",5.3890972,5.710959,0.32186174,0.0045660944,0.0033094976,0.027432783,0.023819158,-0.022866688,-0.02050966,0.002357028,0.55142376,1.1547943,54.364256,62.779533,False,0.87905836,False,False,False,0.55142376,1.1547943,54.364256,62.779533,0.39859132,1.1787183,44.398658,52.333509,0.87862159,1.1053228,31.372465,34.676702,0.26806252,1.1981607,5.0457768,6.0456515,0.17668949,1.2988643,13.849961,17.989221,0.22568822,1.2972043,17.797853,23.087451,0.27332692,1.1754481,19.323637,22.713932,0.55597536,1.1180087,32.615839,36.464793
init,init,-1,,3289,057.Rose_breasted_Grosbeak/Rose_Breasted_Grosbeak_0062_39234.jpg,57,56,057.Rose_breasted_Grosbeak,114,113,identity,identity,0,{},5.1684031,5.1684031,0,0.0056936541,0.0056936541,0.021148834,0.021148834,-0.01545518,-0.01545518,0,1,1,45.710994,45.710994,False,1,True,False,False,1,1,45.710994,45.710994,1,1,40.465426,40.465426,1,1,21.261333,21.261333,1,1,5.953943,5.953943,1,1,13.315485,13.315485,1,1,18.92723,18.92723,1,1,17.852624,17.852624,1,1,27.344888,27.344888
init,init,-1,,3289,057.Rose_breasted_Grosbeak/Rose_Breasted_Grosbeak_0062_39234.jpg,57,56,057.Rose_breasted_Grosbeak,114,113,horizontal_flip,horizontal_flip,0,"{""flipped"":true}",5.1684031,5.0282402,-0.14016294,0.0056936541,0.0065503274,0.021148834,0.025048591,-0.01545518,-0.018498264,-0.0030430835,0.67263318,1.1825422,45.710994,54.05518,False,0.94814193,True,False,False,0.67263318,1.1825422,45.710994,54.05518,0.59440978,1.1748851,40.465426,47.542225,0.94801502,1.2098732,21.261333,25.723517,0.38943182,1.0970858,5.953943,6.5319861,0.46499063,1.3435398,13.315485,17.889884,0.61252434,1.1976334,18.92723,22.667884,0.49690963,1.1243547,17.852624,20.072681,0.67348309,1.145288,27.344888,31.317773
init,init,-1,,3289,057.Rose_breasted_Grosbeak/Rose_Breasted_Grosbeak_0062_39234.jpg,57,56,057.Rose_breasted_Grosbeak,114,113,color_jitter,color_jitter,0,"{""brightness"":1.088985,""contrast"":0.877263,""hue"":-0.094176,""saturation"":1.258627}",5.1684031,5.397377,0.22897387,0.0056936541,0.0045284438,0.021148834,0.025998276,-0.01545518,-0.021469832,-0.0060146516,0.70398068,1.1521549,45.710994,52.666145,False,0.89947212,True,False,False,0.70398068,1.1521549,45.710994,52.666145,0.64878053,1.1461766,40.465426,46.380523,0.89942156,1.1735554,21.261333,24.951352,0.6295749,1.2805774,5.953943,7.624485,0.47980018,1.1937593,13.315485,15.895485,0.64903618,1.1290194,18.92723,21.36921,0.58605799,1.1779533,17.852624,21.029557,0.72103139,1.1220874,27.344888,30.683355
init,init,-1,,3289,057.Rose_breasted_Grosbeak/Rose_Breasted_Grosbeak_0062_39234.jpg,57,56,057.Rose_breasted_Grosbeak,114,113,rotation,rotation,0,"{""angle"":6.839368}",5.1684031,5.1840858,0.015682697,0.0056936541,0.0056050597,0.021148834,0.016587716,-0.01545518,-0.010982656,0.0044725244,0.72461545,1.0167542,45.710994,46.476845,False,0.92561215,False,False,False,0.72461545,1.0167542,45.710994,46.476845,0.66485745,0.99715391,40.465426,40.350258,0.92556843,1.084792,21.261333,23.064123,0.33993226,1.0070623,5.953943,5.9959917,0.4999636,1.1611248,13.315485,15.46094,0.64524429,1.012171,18.92723,19.157593,0.61792875,0.94037706,17.852624,16.788198,0.75974618,0.97051168,27.344888,26.538533
init,init,-1,,3289,057.Rose_breasted_Grosbeak/Rose_Breasted_Grosbeak_0062_39234.jpg,57,56,057.Rose_breasted_Grosbeak,114,113,random_resized_crop,random_resized_crop,0,"{""area_fraction"":0.743678,""aspect"":1.01242,""fallback"":false,""height"":0.857062,""left"":0.043628,""top"":0.086418,""width"":0.867707}",5.1684031,5.3001328,0.1317296,0.0056936541,0.0049909325,0.021148834,0.01858631,-0.01545518,-0.013595377,0.0018598032,0.6751801,0.93977882,45.710994,42.958224,False,0.92773324,True,False,False,0.6751801,0.93977882,45.710994,42.958224,0.60577551,0.94073547,40.465426,38.067262,0.92778142,0.93630537,21.261333,19.9071,0.14167203,1.0749721,5.953943,6.4003225,0.35474948,1.142918,13.315485,15.218508,0.60529016,0.89205709,18.92723,16.88417,0.573818,0.92597381,17.852624,16.531062,0.72522673,0.90925914,27.344888,24.863589
init,init,-1,,3289,057.Rose_breasted_Grosbeak/Rose_Breasted_Grosbeak_0062_39234.jpg,57,56,057.Rose_breasted_Grosbeak,114,113,gaussian_blur,gaussian_blur,0,"{""sigma"":1.041032}",5.1684031,5.1664362,-0.0019669533,0.0056936541,0.0057048621,0.021148834,0.023540167,-0.01545518,-0.017835305,-0.0023801248,0.64206264,1.0878929,45.710994,49.728664,False,0.89519155,True,False,False,0.64206264,1.0878929,45.710994,49.728664,0.57346011,1.0921146,40.465426,44.192881,0.89520036,1.0724614,21.261333,22.801959,0.27529194,1.3017344,5.953943,7.7504525,0.48699734,1.4296387,13.315485,19.036333,0.53702543,1.0766521,18.92723,20.378043,0.52639822,1.0467148,17.852624,18.686606,0.66936733,1.0122041,27.344888,27.678609
init,init,-1,,3289,057.Rose_breasted_Grosbeak/Rose_Breasted_Grosbeak_0062_39234.jpg,57,56,057.Rose_breasted_Grosbeak,114,113,random_erasing,random_erasing,0,"{""area_fraction"":0.120144,""erased"":true,""height"":0.335129,""left"":0.546466,""top"":0.117644,""width"":0.358501}",5.1684031,5.0245895,-0.14381361,0.0056936541,0.0065742843,0.021148834,0.022148998,-0.01545518,-0.015574714,-0.00011953386,0.8276998,1.0663356,45.710994,48.74326,False,0.96667206,True,False,False,0.8276998,1.0663356,45.710994,48.74326,0.78928836,1.0660386,40.465426,43.137706,0.96666014,1.0674107,21.261333,22.694574,0.79495308,1.0685013,5.953943,6.3617956,0.68245231,1.1432762,13.315485,15.223277,0.8005579,1.0337553,18.92723,19.566124,0.7375767,1.0819737,17.852624,19.316069,0.83452148,1.0552794,27.344888,28.856496
init,init,-1,,3205,056.Pine_Grosbeak/Pine_Grosbeak_0036_38968.jpg,56,55,056.Pine_Grosbeak,28,27,identity,identity,0,{},5.1030755,5.1030755,0,0.0060780244,0.0060780244,0.030091468,0.030091468,-0.024013444,-0.024013444,0,1,1,49.825802,49.825802,False,1,True,False,False,1,1,49.825802,49.825802,1,1,41.114843,41.114843,1,1,28.145696,28.145696,1,1,4.5511207,4.5511207,1,1,15.187762,15.187762,1,1,17.264317,17.264317,1,1,18.303612,18.303612,1,1,28.389623,28.389623
init,init,-1,,3205,056.Pine_Grosbeak/Pine_Grosbeak_0036_38968.jpg,56,55,056.Pine_Grosbeak,28,27,horizontal_flip,horizontal_flip,0,"{""flipped"":true}",5.1030755,5.2122688,0.10919333,0.0060780244,0.0054492978,0.030091468,0.03311751,-0.024013444,-0.027668213,-0.0036547687,0.66533651,0.91228895,49.825802,45.455528,False,0.95840681,True,False,False,0.66533651,0.91228895,49.825802,45.455528,0.52110564,0.89696154,41.114843,36.878433,0.95830931,0.94416442,28.145696,26.574164,0.36782954,0.98499746,4.5511207,4.4828423,0.3057937,0.92585736,15.187762,14.061701,0.47584404,0.8557023,17.264317,14.773116,0.37741943,0.83778213,18.303612,15.334439,0.6576687,0.92445853,28.389623,26.245029
init,init,-1,,3205,056.Pine_Grosbeak/Pine_Grosbeak_0036_38968.jpg,56,55,056.Pine_Grosbeak,28,27,color_jitter,color_jitter,0,"{""brightness"":0.866551,""contrast"":1.162596,""hue"":-0.013922,""saturation"":1.256149}",5.1030755,5.0905962,-0.012479305,0.0060780244,0.0061543509,0.030091468,0.028523106,-0.024013444,-0.022368755,0.0016446887,0.92046796,0.98883797,49.825802,49.269645,False,0.99335217,True,False,False,0.92046796,0.98883797,49.825802,49.269645,0.8870398,0.99492081,41.114843,40.906013,0.9933227,0.97573105,28.145696,27.462629,0.80190948,1.4039643,4.5511207,6.3896107,0.78245773,1.1324697,15.187762,17.199681,0.8683981,0.98299644,17.264317,16.970762,0.88588639,0.94675608,18.303612,17.329056,0.93832745,0.96358643,28.389623,27.355855
init,init,-1,,3205,056.Pine_Grosbeak/Pine_Grosbeak_0036_38968.jpg,56,55,056.Pine_Grosbeak,28,27,rotation,rotation,0,"{""angle"":7.808209}",5.1030755,5.0013857,-0.10168982,0.0060780244,0.0067286193,0.030091468,0.033504099,-0.024013444,-0.026775479,-0.0027620355,0.75493028,0.96269262,49.825802,47.966932,False,0.95346069,False,False,False,0.75493028,0.96269262,49.825802,47.966932,0.6553603,0.93844713,41.114843,38.584107,0.95331033,1.0124905,28.145696,28.49725,0.57281572,1.2872889,4.5511207,5.8586069,0.61522164,1.1337376,15.187762,17.218938,0.58437953,0.854991,17.264317,14.760836,0.56180225,0.85052148,18.303612,15.567615,0.73943341,0.93040099,28.389623,26.413733
init,init,-1,,3205,056.Pine_Grosbeak/Pine_Grosbeak_0036_38968.jpg,56,55,056.Pine_Grosbeak,28,27,random_resized_crop,random_resized_crop,0,"{""area_fraction"":0.777664,""aspect"":1.040975,""fallback"":false,""height"":0.864323,""left"":0.080467,""top"":0.051963,""width"":0.899739}",5.1030755,5.0488243,-0.054251194,0.0060780244,0.0064168721,0.030091468,0.024480602,-0.024013444,-0.01806373,0.0059497142,0.75897876,1.0034155,49.825802,49.99598,False,0.96503663,False,False,False,0.75897876,1.0034155,49.825802,49.99598,0.66719721,1.0182443,41.114843,41.864957,0.96494873,0.97101527,28.145696,27.3299,0.57246707,1.323868,4.5511207,6.0250829,0.62546942,1.2385715,15.187762,18.81113,0.58724603,1.0816369,17.264317,18.673723,0.59845156,0.9252761,18.303612,16.935895,0.75667009,0.94973443,28.389623,26.962602
init,init,-1,,3205,056.Pine_Grosbeak/Pine_Grosbeak_0036_38968.jpg,56,55,056.Pine_Grosbeak,28,27,gaussian_blur,gaussian_blur,0,"{""sigma"":1.615378}",5.1030755,5.2461505,0.14307499,0.0060780244,0.0052677584,0.030091468,0.026931921,-0.024013444,-0.021664163,0.0023492812,0.63532191,1.1557482,49.825802,57.58608,False,0.90640986,False,False,False,0.63532191,1.1557482,49.825802,57.58608,0.53149831,1.2143726,41.114843,49.928741,0.90622133,1.0194387,28.145696,28.692812,0.35682887,1.8234677,4.5511207,8.2988216,0.45099778,1.3919965,15.187762,21.141312,0.43665279,1.3367752,17.264317,23.07851,0.48363942,1.2102297,18.303612,22.151576,0.64181127,1.0878179,28.389623,30.882741
init,init,-1,,3205,056.Pine_Grosbeak/Pine_Grosbeak_0036_38968.jpg,56,55,056.Pine_Grosbeak,28,27,random_erasing,random_erasing,0,"{""area_fraction"":0.148754,""erased"":true,""height"":0.21586,""left"":0.179713,""top"":0.339496,""width"":0.689121}",5.1030755,4.5958319,-0.50724363,0.0060780244,0.010093818,0.030091468,0.033709668,-0.024013444,-0.023615849,0.00039759465,0.67864726,1.0459343,49.825802,52.114515,False,0.91273248,True,False,False,0.67864726,1.0459343,49.825802,52.114515,0.56177593,1.0221356,41.114843,42.024946,0.91251654,1.0949901,28.145696,30.819257,0.53440844,1.3112848,4.5511207,5.9678152,0.41807168,1.1058841,15.187762,16.795904,0.50465367,0.96322393,17.264317,16.629403,0.54169162,0.98328136,18.303612,17.997601,0.63648824,1.025699,28.389623,29.119207
init,init,-1,,9290,158.Bay_breasted_Warbler/Bay_Breasted_Warbler_0079_159998.jpg,158,157,158.Bay_breasted_Warbler,129,128,identity,identity,0,{},7.048749,7.048749,0,0.00086849451,0.00086849451,0.019570664,0.019570664,-0.018702169,-0.018702169,0,1,1,47.355192,47.355192,False,1,True,False,False,1,1,47.355192,47.355192,1,1,39.625711,39.625711,1,1,25.929081,25.929081,1,1,6.7892825,6.7892825,1,1,13.786129,13.786129,1,1,17.162824,17.162824,1,1,18.172241,18.172241,1,1,26.631794,26.631794
init,init,-1,,9290,158.Bay_breasted_Warbler/Bay_Breasted_Warbler_0079_159998.jpg,158,157,158.Bay_breasted_Warbler,129,128,horizontal_flip,horizontal_flip,0,"{""flipped"":true}",7.048749,7.0310049,-0.017744064,0.00086849451,0.00088404299,0.019570664,0.019803554,-0.018702169,-0.018919511,-0.00021734176,0.68346904,1.0438519,47.355192,49.43181,False,0.9658922,True,False,False,0.68346904,1.0438519,47.355192,49.43181,0.56413531,1.0478769,39.625711,41.522867,0.96584699,1.0343907,25.929081,26.820799,0.53975041,1.3468783,6.7892825,9.1443374,0.4672574,1.0882609,13.786129,15.002905,0.49016388,1.0112811,17.162824,17.356439,0.46902254,1.0753342,18.172241,19.541232,0.67363939,1.0161434,26.631794,27.061721
init,init,-1,,9290,158.Bay_breasted_Warbler/Bay_Breasted_Warbler_0079_159998.jpg,158,157,158.Bay_breasted_Warbler,129,128,color_jitter,color_jitter,0,"{""brightness"":1.153359,""contrast"":0.893274,""hue"":-0.070227,""saturation"":0.657351}",7.048749,6.9930811,-0.055667877,0.00086849451,0.00091821275,0.019570664,0.034087125,-0.018702169,-0.033168912,-0.014466743,0.68756102,1.1274255,47.355192,53.389452,False,0.89348888,True,False,False,0.68756102,1.1274255,47.355192,53.389452,0.60565174,1.1492957,39.625711,45.541661,0.89326284,1.0746153,25.929081,27.863788,0.64016117,1.3389498,6.7892825,9.0905082,0.54667931,1.2870383,13.786129,17.743276,0.61069725,1.2141066,17.162824,20.837498,0.57887216,1.114162,18.172241,20.24682,0.63555421,1.0833725,26.631794,28.852152
init,init,-1,,9290,158.Bay_breasted_Warbler/Bay_Breasted_Warbler_0079_159998.jpg,158,157,158.Bay_breasted_Warbler,129,128,rotation,rotation,0,"{""angle"":-8.983297}",7.048749,7.392148,0.34339905,0.00086849451,0.00061607122,0.019570664,0.02578266,-0.018702169,-0.025166588,-0.0064644194,0.66387602,1.135952,47.355192,53.793223,False,0.93092251,False,False,False,0.66387602,1.135952,47.355192,53.793223,0.54073429,1.1071618,39.625711,43.872074,0.93059741,1.2005051,25.929081,31.127993,0.21168377,0.93772627,6.7892825,6.3664885,0.47530622,1.1123078,13.786129,15.334419,0.42578765,1.0651382,17.162824,18.280778,0.42495218,1.1099262,18.172241,20.169846,0.67420169,1.1315139,26.631794,30.134246
init,init,-1,,9290,158.Bay_breasted_Warbler/Bay_Breasted_Warbler_0079_159998.jpg,158,157,158.Bay_breasted_Warbler,129,128,random_resized_crop,random_resized_crop,0,"{""area_fraction"":0.552064,""aspect"":1.093265,""fallback"":false,""height"":0.710611,""left"":0.084173,""top"":0.160993,""width"":0.776886}",7.048749,7.4508944,0.40214539,0.00086849451,0.00058092189,0.019570664,0.029826896,-0.018702169,-0.029245974,-0.010543805,0.62487154,1.1369247,47.355192,53.839289,False,0.92950809,True,False,False,0.62487154,1.1369247,47.355192,53.839289,0.49818967,1.1463232,39.625711,45.423871,0.92931282,1.1146661,25.929081,28.902266,0.23437048,1.3265589,6.7892825,9.0063828,0.32950526,1.295644,13.786129,17.861915,0.3747699,1.14936,17.162824,19.726263,0.46665352,1.0972267,18.172241,19.939067,0.64085871,1.1116521,26.631794,29.605291
init,init,-1,,9290,158.Bay_breasted_Warbler/Bay_Breasted_Warbler_0079_159998.jpg,158,157,158.Bay_breasted_Warbler,129,128,gaussian_blur,gaussian_blur,0,"{""sigma"":1.200911}",7.048749,7.2470503,0.19830132,0.00086849451,0.00071227225,0.019570664,0.015654616,-0.018702169,-0.014942344,0.0037598253,0.52423976,1.3050596,47.355192,61.801348,False,0.89979136,False,False,False,0.52423976,1.3050596,47.355192,61.801348,0.42638263,1.4290346,39.625711,56.626512,0.89968697,0.95474658,25.929081,24.755701,0.30226585,2.5172976,6.7892825,17.090644,0.31718066,1.9488659,13.786129,26.867317,0.41653842,1.7211249,17.162824,29.539362,0.32621539,1.2316267,18.172241,22.381416,0.6039498,1.0746639,26.631794,28.620226
init,init,-1,,9290,158.Bay_breasted_Warbler/Bay_Breasted_Warbler_0079_159998.jpg,158,157,158.Bay_breasted_Warbler,129,128,random_erasing,random_erasing,0,"{""area_fraction"":0.05637,""erased"":true,""height"":0.204192,""left"":0.668221,""top"":0.422896,""width"":0.276064}",7.048749,7.02915,-0.019598961,0.00086849451,0.0008856841,0.019570664,0.021396862,-0.018702169,-0.020511178,-0.0018090092,0.89673066,1.0411046,47.355192,49.30171,False,0.97311091,False,False,False,0.89673066,1.0411046,47.355192,49.30171,0.86398205,1.0404269,39.625711,41.227655,0.97305083,1.0426858,25.929081,27.035885,0.73859398,1.0641913,6.7892825,7.2250954,0.81575307,1.0046309,13.786129,13.849971,0.83096337,0.99730131,17.162824,17.116507,0.87277489,1.073329,18.172241,19.504794,0.8941331,1.0502237,26.631794,27.969341
init,init,-1,,9869,168.Kentucky_Warbler/Kentucky_Warbler_0071_165342.jpg,168,167,168.Kentucky_Warbler,183,182,identity,identity,0,{},4.343492,4.343492,0,0.012991086,0.012991086,0.020148166,0.020148166,-0.0071570799,-0.0071570799,0,1,1,48.716745,48.716745,False,1,True,False,False,1,1,48.716745,48.716745,1,1,40.823411,40.823411,1,1,26.585152,26.585152,1,1,9.0628284,9.0628284,1,1,15.162642,15.162642,1,1,15.725267,15.725267,1,1,17.065538,17.065538,1,1,28.565603,28.565603
init,init,-1,,9869,168.Kentucky_Warbler/Kentucky_Warbler_0071_165342.jpg,168,167,168.Kentucky_Warbler,183,182,horizontal_flip,horizontal_flip,0,"{""flipped"":true}",4.343492,4.5134964,0.17000437,0.012991086,0.010960071,0.020148166,0.013710917,-0.0071570799,-0.0027508456,0.0044062342,0.62309874,0.96927824,48.716745,47.220081,False,0.92138863,False,False,False,0.62309874,0.96927824,48.716745,47.220081,0.50901693,0.9955142,40.823411,40.640285,0.9212727,0.90440623,26.585152,24.043777,0.75278167,1.2429626,9.0628284,11.264757,0.60049857,1.0137124,15.162642,15.370558,0.30634057,1.036003,15.725267,16.291424,0.33898313,0.97157611,17.065538,16.580469,0.58015186,0.95753419,28.565603,27.352541
init,init,-1,,9869,168.Kentucky_Warbler/Kentucky_Warbler_0071_165342.jpg,168,167,168.Kentucky_Warbler,183,182,color_jitter,color_jitter,0,"{""brightness"":0.966313,""contrast"":0.705359,""hue"":-0.089358,""saturation"":0.63546}",4.343492,4.4678226,0.12433052,0.012991086,0.011472268,0.020148166,0.013262656,-0.0071570799,-0.0017903876,0.0053666923,0.71633679,1.0977064,48.716745,53.47668,False,0.92269254,False,False,False,0.71633679,1.0977064,48.716745,53.47668,0.64166087,1.1384291,40.823411,46.474557,0.92251581,0.99510707,26.585152,26.455073,0.42063374,1.1332905,9.0628284,10.270817,0.57936517,1.2637795,15.162642,19.162236,0.55989093,1.2838476,15.725267,20.188847,0.5882787,1.1061059,17.065538,18.876293,0.74038496,1.0637214,28.565603,30.385843
init,init,-1,,9869,168.Kentucky_Warbler/Kentucky_Warbler_0071_165342.jpg,168,167,168.Kentucky_Warbler,183,182,rotation,rotation,0,"{""angle"":1.85594}",4.343492,4.1807122,-0.16277981,0.012991086,0.015287617,0.020148166,0.025463438,-0.0071570799,-0.01017582,-0.0030187406,0.82987245,1.0157947,48.716745,49.48621,False,0.9779771,True,False,False,0.82987245,1.0157947,48.716745,49.48621,0.76968224,1.0274057,40.823411,41.942204,0.97793277,0.98787599,26.585152,26.262834,0.86835458,1.2907769,9.0628284,11.698089,0.77017441,1.1705104,15.162642,17.74803,0.63327722,0.95621361,15.725267,15.036715,0.69500065,0.9717254,17.065538,16.583017,0.82866693,0.99398784,28.565603,28.393862
init,init,-1,,9869,168.Kentucky_Warbler/Kentucky_Warbler_0071_165342.jpg,168,167,168.Kentucky_Warbler,183,182,random_resized_crop,random_resized_crop,0,"{""area_fraction"":0.57704,""aspect"":0.879121,""fallback"":false,""height"":0.810175,""left"":0.207731,""top"":0.133498,""width"":0.712242}",4.343492,4.5168371,0.17334509,0.012991086,0.010923519,0.020148166,0.024428213,-0.0071570799,-0.013504694,-0.0063476143,0.58271838,1.0033474,48.716745,48.879819,False,0.92944634,True,False,False,0.58271838,1.0033474,48.716745,48.879819,0.43928029,1.0104726,40.823411,41.250939,0.92933743,0.98634247,26.585152,26.222065,0.056606459,1.2058258,9.0628284,10.928192,0.16048409,0.84751102,15.162642,12.850506,0.18742777,1.0594381,15.725267,16.659947,0.36461256,0.99837232,17.065538,17.037761,0.6580047,1.0201683,28.565603,29.141722
init,init,-1,,9869,168.Kentucky_Warbler/Kentucky_Warbler_0071_165342.jpg,168,167,168.Kentucky_Warbler,183,182,gaussian_blur,gaussian_blur,0,"{""sigma"":1.68089}",4.343492,4.2011604,-0.1423316,0.012991086,0.014978182,0.020148166,0.015460764,-0.0071570799,-0.00048258249,0.0066744974,0.6368975,1.1094652,48.716745,54.049535,False,0.91489404,False,False,False,0.6368975,1.1094652,48.716745,54.049535,0.51854456,1.1079041,40.823411,45.228423,0.91466429,1.1131378,26.585152,29.592937,0.39052833,0.95503616,9.0628284,8.6553289,0.29380431,0.92129169,15.162642,13.969216,0.32862027,1.2006699,15.725267,18.880855,0.459933,1.2221912,17.065538,20.85735,0.67324538,1.0981538,28.565603,31.369425
init,init,-1,,9869,168.Kentucky_Warbler/Kentucky_Warbler_0071_165342.jpg,168,167,168.Kentucky_Warbler,183,182,random_erasing,random_erasing,0,"{""area_fraction"":0.056008,""erased"":true,""height"":0.429159,""left"":0.335766,""top"":0.415342,""width"":0.130506}",4.343492,4.2600074,-0.08348465,0.012991086,0.0141222,0.020148166,0.016286897,-0.0071570799,-0.0021646963,0.0049923835,0.78122165,1.1806274,48.716745,57.516325,False,0.95669609,False,False,False,0.78122165,1.1806274,48.716745,57.516325,0.71771368,1.2231187,40.823411,49.931876,0.95662448,1.0737976,26.585152,28.547073,0.57752941,0.91016097,9.0628284,8.2486327,0.70846948,1.2124984,15.162642,18.384679,0.72384915,1.3147586,15.725267,20.67493,0.66981335,1.3012296,17.065538,22.206183,0.75142673,1.1956814,28.565603,34.15536
init,init,-1,,4485,077.Tropical_Kingbird/Tropical_Kingbird_0003_69852.jpg,77,76,077.Tropical_Kingbird,28,27,identity,identity,0,{},5.0134726,5.0134726,0,0.0066477782,0.0066477782,0.017930008,0.017930008,-0.01128223,-0.01128223,0,1,1,37.186086,37.186086,False,1,True,False,False,1,1,37.186086,37.186086,1,1,31.372609,31.372609,1,1,19.964078,19.964078,1,1,5.6307003,5.6307003,1,1,9.9403377,9.9403377,1,1,12.069818,12.069818,1,1,13.423973,13.423973,1,1,22.974812,22.974812
init,init,-1,,4485,077.Tropical_Kingbird/Tropical_Kingbird_0003_69852.jpg,77,76,077.Tropical_Kingbird,28,27,horizontal_flip,horizontal_flip,0,"{""flipped"":true}",5.0134726,5.1095796,0.096107006,0.0066477782,0.006038622,0.017930008,0.017088205,-0.01128223,-0.011049583,0.00023264764,0.61229171,1.0675463,37.186086,39.697869,False,0.94594789,False,False,False,0.61229171,1.0675463,37.186086,39.697869,0.47204659,1.0555475,31.372609,33.11528,0.94596625,1.0966147,19.964078,21.8929,0.043812181,1.0424107,5.6307003,5.869502,0.22341753,1.0013134,9.9403377,9.953393,0.34122505,1.1726556,12.069818,14.15374,0.37910086,1.0858488,13.423973,14.576405,0.6204419,1.0210525,22.974812,23.45849
init,init,-1,,4485,077.Tropical_Kingbird/Tropical_Kingbird_0003_69852.jpg,77,76,077.Tropical_Kingbird,28,27,color_jitter,color_jitter,0,"{""brightness"":0.838966,""contrast"":0.779843,""hue"":0.012559,""saturation"":0.602918}",5.0134726,5.0931606,0.079688072,0.0066477782,0.0061385883,0.017930008,0.019801656,-0.01128223,-0.013663067,-0.0023808372,0.86485809,1.0196839,37.186086,37.918053,False,0.97541523,False,False,False,0.86485809,1.0196839,37.186086,37.918053,0.81893301,1.0114618,31.372609,31.732196,0.9754189,1.0397095,19.964078,20.756842,0.73720965,1.0031496,5.6307003,5.6484347,0.69473133,1.009377,9.9403377,10.033549,0.77269008,0.98756478,12.069818,11.919727,0.77956078,0.94587591,13.423973,12.697412,0.87152596,1.040125,22.974812,23.896677
init,init,-1,,4485,077.Tropical_Kingbird/Tropical_Kingbird_0003_69852.jpg,77,76,077.Tropical_Kingbird,28,27,rotation,rotation,0,"{""angle"":-9.298587}",5.0134726,4.8477545,-0.16571808,0.0066477782,0.0078459773,0.017930008,0.020398526,-0.01128223,-0.012552548,-0.0012703179,0.71099173,1.1522558,37.186086,42.847885,False,0.93065727,False,False,False,0.71099173,1.1522558,37.186086,42.847885,0.6110969,1.1030168,31.372609,34.604516,0.93057122,1.2656702,19.964078,25.267938,0.75319073,1.1065175,5.6307003,6.2304686,0.516945,0.99037334,9.9403377,9.8446454,0.51617831,1.0240257,12.069818,12.359803,0.49441713,1.1369491,13.423973,15.262373,0.68319967,1.1317009,22.974812,26.000615
init,init,-1,,4485,077.Tropical_Kingbird/Tropical_Kingbird_0003_69852.jpg,77,76,077.Tropical_Kingbird,28,27,random_resized_crop,random_resized_crop,0,"{""area_fraction"":0.787453,""aspect"":1.255661,""fallback"":false,""height"":0.791911,""left"":0.00279,""top"":0.107863,""width"":0.994371}",5.0134726,5.2046261,0.19115353,0.0066477782,0.005491103,0.017930008,0.016605832,-0.01128223,-0.011114729,0.00016750162,0.74704965,1.0701447,37.186086,39.794494,False,0.95664918,False,False,False,0.74704965,1.0701447,37.186086,39.794494,0.65983832,1.0613068,31.372609,33.295963,0.95663586,1.0916632,19.964078,21.79405,0.78522829,1.2566798,5.6307003,7.0759872,0.61861537,1.1553032,9.9403377,11.484104,0.63498055,1.1505371,12.069818,13.886774,0.55492396,1.0389784,13.423973,13.947218,0.70664633,1.010795,22.974812,23.222824
init,init,-1,,4485,077.Tropical_Kingbird/Tropical_Kingbird_0003_69852.jpg,77,76,077.Tropical_Kingbird,28,27,gaussian_blur,gaussian_blur,0,"{""sigma"":1.473537}",5.0134726,5.4962339,0.48276138,0.0066477782,0.0041021928,0.017930008,0.020685082,-0.01128223,-0.016582889,-0.0053006592,0.69774241,1.3983883,37.186086,52.000589,False,0.92656934,False,False,False,0.69774241,1.3983883,37.186086,52.000589,0.61224106,1.4267465,31.372609,44.76076,0.92633395,1.3257628,19.964078,26.467633,0.58503978,1.7222309,5.6307003,9.697366,0.51909201,1.9519405,9.9403377,19.402948,0.56762735,1.4038237,12.069818,16.943897,0.56963907,1.456103,13.423973,19.546687,0.68437324,1.2792801,22.974812,29.391219
init,init,-1,,4485,077.Tropical_Kingbird/Tropical_Kingbird_0003_69852.jpg,77,76,077.Tropical_Kingbird,28,27,random_erasing,random_erasing,0,"{""area_fraction"":0.12504,""erased"":true,""height"":0.234598,""left"":0.456656,""top"":0.589446,""width"":0.532998}",5.0134726,5.0736876,0.060214996,0.0066477782,0.0062592966,0.017930008,0.023545198,-0.01128223,-0.017285902,-0.0060036713,0.76272596,1.2134838,37.186086,45.124714,False,0.95723134,False,False,False,0.76272596,1.2134838,37.186086,45.124714,0.67542529,1.1662585,31.372609,36.588572,0.95693701,1.3229027,19.964078,26.410532,0.607293,0.95218393,5.6307003,5.3614624,0.55842523,1.0727381,9.9403377,10.663379,0.51966359,1.0747027,12.069818,12.971466,0.64006195,1.2016759,13.423973,16.131265,0.75056552,1.2060642,22.974812,27.709097
init,init,-1,,8564,146.Forsters_Tern/Forsters_Tern_0045_151227.jpg,146,145,146.Forsters_Tern,129,128,identity,identity,0,{},6.1579342,6.1579342,0,0.0021166212,0.0021166212,0.022783162,0.022783162,-0.020666541,-0.020666541,0,1,1,42.218999,42.218999,False,1,True,False,False,1,1,42.218999,42.218999,1,1,35.310079,35.310079,1,1,23.143945,23.143945,1,1,5.8479018,5.8479018,1,1,12.209725,12.209725,1,1,13.69415,13.69415,1,1,15.859604,15.859604,1,1,24.98939,24.98939
init,init,-1,,8564,146.Forsters_Tern/Forsters_Tern_0045_151227.jpg,146,145,146.Forsters_Tern,129,128,horizontal_flip,horizontal_flip,0,"{""flipped"":true}",6.1579342,5.9503183,-0.20761585,0.0021166212,0.0026050117,0.022783162,0.019499652,-0.020666541,-0.01689464,0.0037719004,0.69518043,0.87972074,42.218999,37.140929,False,0.95037925,True,False,False,0.69518043,0.87972074,42.218999,37.140929,0.58217776,0.87132525,35.310079,30.766564,0.95036325,0.89895911,23.143945,20.80546,0.41968418,0.85586847,5.8479018,5.0050348,0.50447018,0.77327343,12.209725,9.441456,0.48046844,0.80103515,13.69415,10.969495,0.51813297,0.85845067,15.859604,13.614687,0.65905303,0.91838799,24.98939,22.949955
init,init,-1,,8564,146.Forsters_Tern/Forsters_Tern_0045_151227.jpg,146,145,146.Forsters_Tern,129,128,color_jitter,color_jitter,0,"{""brightness"":1.003183,""contrast"":1.36076,""hue"":-0.095743,""saturation"":0.851851}",6.1579342,6.1777272,0.019793034,0.0021166212,0.002075139,0.022783162,0.016252359,-0.020666541,-0.01417722,0.0064893204,0.6246549,1.1325363,42.218999,47.814549,False,0.86162609,True,False,False,0.6246549,1.1325363,42.218999,47.814549,0.52886585,1.1514265,35.310079,40.656962,0.86150158,1.0872956,23.143945,25.16431,0.4318903,1.1995246,5.8479018,7.0147023,0.36053605,1.2129198,12.209725,14.809417,0.47689765,1.2274218,13.69415,16.808498,0.50169234,1.1352248,15.859604,18.004216,0.6073931,1.1160265,24.98939,27.88882
init,init,-1,,8564,146.Forsters_Tern/Forsters_Tern_0045_151227.jpg,146,145,146.Forsters_Tern,129,128,rotation,rotation,0,"{""angle"":12.152352}",6.1579342,6.1773272,0.019392967,0.0021166212,0.0020759685,0.022783162,0.026975797,-0.020666541,-0.024899829,-0.0042332881,0.71969933,1.0658624,42.218999,44.999642,False,0.9348762,True,False,False,0.71969933,1.0658624,42.218999,44.999642,0.61943477,1.0352176,35.310079,36.553616,0.93478724,1.1339907,23.143945,26.245018,0.58185383,1.2209141,5.8479018,7.1397855,0.53125119,0.91878466,12.209725,11.218108,0.62291344,1.0176344,13.69415,13.935638,0.5375942,1.016535,15.859604,16.121842,0.6722531,1.0626966,24.98939,26.556139
init,init,-1,,8564,146.Forsters_Tern/Forsters_Tern_0045_151227.jpg,146,145,146.Forsters_Tern,129,128,random_resized_crop,random_resized_crop,0,"{""area_fraction"":0.570954,""aspect"":1.179196,""fallback"":false,""height"":0.695837,""left"":0.140422,""top"":0.088483,""width"":0.820528}",6.1579342,6.2222786,0.064344406,0.0021166212,0.0019847183,0.022783162,0.020931188,-0.020666541,-0.01894647,0.0017200711,0.67511097,1.0033024,42.218999,42.358422,False,0.93231416,False,False,False,0.67511097,1.0033024,42.218999,42.358422,0.55755348,0.98268972,35.310079,34.698852,0.93228214,1.0497155,23.143945,24.294558,0.31264736,0.79365161,5.8479018,4.6411967,0.3805323,1.0485419,12.209725,12.802408,0.44593147,0.94864465,13.69415,12.990882,0.4839834,0.91583802,15.859604,14.524828,0.67183246,1.0114362,24.98939,25.275172
init,init,-1,,8564,146.Forsters_Tern/Forsters_Tern_0045_151227.jpg,146,145,146.Forsters_Tern,129,128,gaussian_blur,gaussian_blur,0,"{""sigma"":1.453149}",6.1579342,6.2972403,0.13930607,0.0021166212,0.0018413791,0.022783162,0.01849384,-0.020666541,-0.016652461,0.0040140795,0.70307901,1.1912907,42.218999,50.295102,False,0.93403447,True,False,False,0.70307901,1.1912907,42.218999,50.295102,0.62040146,1.2420637,35.310079,43.857366,0.9339581,1.0637634,23.143945,24.619682,0.35703288,1.4109901,5.8479018,8.2513312,0.56029474,1.3754674,12.209725,16.794079,0.51158412,1.508211,13.69415,20.653666,0.60191947,1.2408611,15.859604,19.679565,0.72034232,1.1028174,24.98939,27.558734
init,init,-1,,8564,146.Forsters_Tern/Forsters_Tern_0045_151227.jpg,146,145,146.Forsters_Tern,129,128,random_erasing,random_erasing,0,"{""area_fraction"":0.095227,""erased"":true,""height"":0.343393,""left"":0.101787,""top"":0.439228,""width"":0.277312}",6.1579342,6.5677819,0.40984774,0.0021166212,0.0014049102,0.022783162,0.021548368,-0.020666541,-0.020143458,0.00052308303,0.86317041,1.1812654,42.218999,49.871844,False,0.97035778,True,False,False,0.86317041,1.1812654,42.218999,49.871844,0.82091829,1.2055046,35.310079,42.566465,0.97031871,1.1228196,23.143945,25.986475,0.86818281,1.4198937,5.8479018,8.3033986,0.83656914,1.3280008,12.209725,16.214525,0.83144642,1.2918751,13.69415,17.69113,0.80429378,1.204779,15.859604,19.107317,0.82088563,1.1332517,24.98939,28.319269
init,init,-1,,8881,152.Blue_headed_Vireo/Blue_Headed_Vireo_0020_155994.jpg,152,151,152.Blue_headed_Vireo,129,128,identity,identity,0,{},5.1714993,5.1714993,0,0.0056760544,0.0056760544,0.028411848,0.028411848,-0.022735794,-0.022735794,0,1,1,44.304882,44.304882,False,1.0000001,True,False,False,1,1,44.304882,44.304882,1,1,33.515903,33.515903,1,1,28.97597,28.97597,1,1,6.9550162,6.9550162,1,1,9.5982054,9.5982054,1,1,12.476134,12.476134,1,1,14.483353,14.483353,1,1,24.847465,24.847465
init,init,-1,,8881,152.Blue_headed_Vireo/Blue_Headed_Vireo_0020_155994.jpg,152,151,152.Blue_headed_Vireo,129,128,horizontal_flip,horizontal_flip,0,"{""flipped"":true}",5.1714993,5.1527028,-0.018796444,0.0056760544,0.0057837507,0.028411848,0.028815502,-0.022735794,-0.023031752,-0.00029595755,0.67671364,1.0834917,44.304882,48.003971,False,0.95872909,False,False,False,0.67671364,1.0834917,44.304882,48.003971,0.49367575,1.1402454,33.515903,38.216354,0.95861904,1.0025484,28.97597,29.049812,-0.17538237,0.77042598,6.9550162,5.3583252,0.1346185,1.2942003,9.5982054,12.422001,0.33726117,1.1396831,12.476134,14.218838,0.43058772,1.2036355,14.483353,17.432679,0.65824944,1.1177824,24.847465,27.774058
init,init,-1,,8881,152.Blue_headed_Vireo/Blue_Headed_Vireo_0020_155994.jpg,152,151,152.Blue_headed_Vireo,129,128,color_jitter,color_jitter,0,"{""brightness"":0.682814,""contrast"":0.711775,""hue"":-0.016283,""saturation"":1.374779}",5.1714993,5.2922525,0.12075329,0.0056760544,0.0050304183,0.028411848,0.032149319,-0.022735794,-0.0271189,-0.0043831063,0.85581006,1.0871005,44.304882,48.163859,False,0.97865635,False,False,False,0.85581006,1.0871005,44.304882,48.163859,0.77531831,1.1347915,33.515903,38.033562,0.97856422,1.0198123,28.97597,29.550051,0.68972245,1.2974919,6.9550162,9.0240772,0.60752393,1.1887077,9.5982054,11.409461,0.65464798,1.1273449,12.476134,14.064906,0.75414642,1.1832778,14.483353,17.137831,0.85085352,1.0973209,24.847465,27.265642
init,init,-1,,8881,152.Blue_headed_Vireo/Blue_Headed_Vireo_0020_155994.jpg,152,151,152.Blue_headed_Vireo,129,128,rotation,rotation,0,"{""angle"":-14.532204}",5.1714993,5.2233171,0.051817894,0.0056760544,0.0053894236,0.028411848,0.034048181,-0.022735794,-0.028658757,-0.0059229634,0.73866699,1.0633992,44.304882,47.113777,False,0.95072675,True,False,False,0.73866699,1.0633992,44.304882,47.113777,0.58903624,1.0874502,33.515903,36.446876,0.9505838,1.0303436,28.97597,29.855204,0.51774333,1.0705525,6.9550162,7.4457102,0.39688137,1.2973077,9.5982054,12.451826,0.37723786,0.97917936,12.476134,12.216373,0.49723857,1.1006951,14.483353,15.941756,0.71213969,1.0757757,24.847465,26.730298
init,init,-1,,8881,152.Blue_headed_Vireo/Blue_Headed_Vireo_0020_155994.jpg,152,151,152.Blue_headed_Vireo,129,128,random_resized_crop,random_resized_crop,0,"{""area_fraction"":0.58654,""aspect"":0.996072,""fallback"":false,""height"":0.767367,""left"":0.174556,""top"":0.166314,""width"":0.764353}",5.1714993,5.351243,0.17974377,0.0056760544,0.0047422545,0.028411848,0.036500216,-0.022735794,-0.031757961,-0.009022167,0.72388556,1.145952,44.304882,50.771269,False,0.93934679,True,False,False,0.72388556,1.145952,44.304882,50.771269,0.59554702,1.2316846,33.515903,41.281023,0.93917038,1.020042,28.97597,29.556707,0.6974244,1.4537204,6.9550162,10.110649,0.56893004,1.6960806,9.5982054,16.27933,0.45682871,1.2876444,12.476134,16.064824,0.51693782,1.2104687,14.483353,17.531646,0.67120462,1.1178154,24.847465,27.774878
init,init,-1,,8881,152.Blue_headed_Vireo/Blue_Headed_Vireo_0020_155994.jpg,152,151,152.Blue_headed_Vireo,129,128,gaussian_blur,gaussian_blur,0,"{""sigma"":1.375724}",5.1714993,5.1568766,-0.014622688,0.0056760544,0.0057596606,0.028411848,0.030444881,-0.022735794,-0.02468522,-0.0019494263,0.73641071,1.0988403,44.304882,48.683991,False,0.9200089,True,False,False,0.73641071,1.0988403,44.304882,48.683991,0.6174604,1.1541604,33.515903,38.682727,0.91984053,1.0201464,28.97597,29.55973,0.76066404,0.94252792,6.9550162,6.555297,0.41045211,1.289375,9.5982054,12.375686,0.54801936,1.2935222,12.476134,16.138155,0.51402933,1.1573878,14.483353,16.762856,0.70415014,1.1086101,24.847465,27.546151
init,init,-1,,8881,152.Blue_headed_Vireo/Blue_Headed_Vireo_0020_155994.jpg,152,151,152.Blue_headed_Vireo,129,128,random_erasing,random_erasing,0,"{""area_fraction"":0.079101,""erased"":true,""height"":0.211949,""left"":0.40814,""top"":0.755069,""width"":0.373205}",5.1714993,5.1835117,0.012012482,0.0056760544,0.0056082788,0.028411848,0.03540042,-0.022735794,-0.029792142,-0.0070563476,0.90984362,1.0796052,44.304882,47.83178,False,0.98498315,True,False,False,0.90984362,1.0796052,44.304882,47.83178,0.85752927,1.1058383,33.515903,37.063167,0.98491716,1.0434769,28.97597,30.235754,0.94888224,1.1898784,6.9550162,8.2756233,0.7963917,1.0964431,9.5982054,10.523886,0.83088259,1.1093714,12.476134,13.840665,0.81993112,1.0972396,14.483353,15.891708,0.8785655,1.1024122,24.847465,27.392149
init,init,-1,,1058,020.Yellow_breasted_Chat/Yellow_Breasted_Chat_0090_21931.jpg,20,19,020.Yellow_breasted_Chat,4,3,identity,identity,0,{},5.5110755,5.5110755,0,0.0040417579,0.0040417579,0.031984106,0.031984106,-0.027942348,-0.027942348,0,1,1,50.106017,50.106017,False,1,True,False,False,1,1,50.106017,50.106017,1,1,39.977975,39.977975,1,1,30.205536,30.205536,1,1,6.6885929,6.6885929,1,1,10.112616,10.112616,1,1,14.212844,14.212844,1,1,17.020547,17.020547,1,1,30.976318,30.976318
init,init,-1,,1058,020.Yellow_breasted_Chat/Yellow_Breasted_Chat_0090_21931.jpg,20,19,020.Yellow_breasted_Chat,4,3,horizontal_flip,horizontal_flip,0,"{""flipped"":true}",5.5110755,5.8333206,0.32224512,0.0040417579,0.0029283362,0.031984106,0.039262209,-0.027942348,-0.036333873,-0.0083915251,0.69760589,0.99795836,50.106017,50.003719,False,0.96437466,True,False,False,0.69760589,0.99795836,50.106017,50.003719,0.54364928,0.9938004,39.977975,39.730128,0.96426728,1.0052006,30.205536,30.362622,0.4656198,0.77108602,6.6885929,5.1574804,0.2832342,1.1021421,10.112616,11.14554,0.40446495,0.98784036,14.212844,14.040021,0.35270333,0.99727404,17.020547,16.97415,0.665554,0.99104103,30.976318,30.698802
init,init,-1,,1058,020.Yellow_breasted_Chat/Yellow_Breasted_Chat_0090_21931.jpg,20,19,020.Yellow_breasted_Chat,4,3,color_jitter,color_jitter,0,"{""brightness"":0.889825,""contrast"":1.311191,""hue"":-0.010543,""saturation"":1.220858}",5.5110755,5.5424919,0.031416416,0.0040417579,0.0039167549,0.031984106,0.037525974,-0.027942348,-0.033609219,-0.0056668716,0.91704653,1.0453331,50.106017,52.377478,False,0.98768407,True,False,False,0.91704653,1.0453331,50.106017,52.377478,0.87863591,1.0605091,39.977975,42.397005,0.98761827,1.0182038,30.205536,30.755393,0.77222671,1.0496284,6.6885929,7.0205369,0.78332189,1.1545646,10.112616,11.675668,0.82686204,1.1519648,14.212844,16.372697,0.84396254,1.0962489,17.020547,18.658756,0.920824,1.0186632,30.976318,31.554437
init,init,-1,,1058,020.Yellow_breasted_Chat/Yellow_Breasted_Chat_0090_21931.jpg,20,19,020.Yellow_breasted_Chat,4,3,rotation,rotation,0,"{""angle"":5.931647}",5.5110755,5.6424751,0.13139963,0.0040417579,0.0035440859,0.031984106,0.029749321,-0.027942348,-0.026205235,0.0017371129,0.79157697,0.97196917,50.106017,48.701504,False,0.96105695,True,False,False,0.79157697,0.97196917,50.106017,48.701504,0.69805949,0.98303159,39.977975,39.299613,0.96094217,0.95228105,30.205536,28.76416,0.57698512,1.1348706,6.6885929,7.5906871,0.44872631,1.0810598,10.112616,10.932343,0.60136192,1.0293254,14.212844,14.629641,0.59593237,0.96992487,17.020547,16.508652,0.7890122,0.95807547,30.976318,29.677651
init,init,-1,,1058,020.Yellow_breasted_Chat/Yellow_Breasted_Chat_0090_21931.jpg,20,19,020.Yellow_breasted_Chat,4,3,random_resized_crop,random_resized_crop,0,"{""area_fraction"":0.743372,""aspect"":0.755841,""fallback"":false,""height"":0.991717,""left"":0.128355,""top"":0.001251,""width"":0.74958}",5.5110755,5.6915445,0.18046904,0.0040417579,0.0033743766,0.031984106,0.030599263,-0.027942348,-0.027224886,0.00071746181,0.77443196,1.0738708,50.106017,53.807389,False,0.96307153,True,False,False,0.77443196,1.0738708,50.106017,53.807389,0.67611105,1.1045059,39.977975,44.155909,0.96299079,1.0179867,30.205536,30.748834,0.50762084,1.3759662,6.6885929,9.2032776,0.48611426,1.4198063,10.112616,14.357956,0.58827444,1.2390556,14.212844,17.610504,0.60089043,1.1495748,17.020547,19.566392,0.77314996,1.0033228,30.976318,31.079245
init,init,-1,,1058,020.Yellow_breasted_Chat/Yellow_Breasted_Chat_0090_21931.jpg,20,19,020.Yellow_breasted_Chat,4,3,gaussian_blur,gaussian_blur,0,"{""sigma"":1.708897}",5.5110755,4.8348784,-0.67619705,0.0040417579,0.0079476554,0.031984106,0.026678072,-0.027942348,-0.018730417,0.0092119309,0.70442341,1.0754011,50.106017,53.884063,False,0.90525842,False,False,False,0.70442341,1.0754011,50.106017,53.884063,0.59182635,1.0814686,39.977975,43.234925,0.90482731,1.064689,30.205536,32.159502,0.54028681,1.3381931,6.6885929,8.9506289,0.37975013,1.2621385,10.112616,12.763522,0.46390946,1.2157717,14.212844,17.279574,0.47491581,1.0644086,17.020547,18.116817,0.69561479,1.0205809,30.976318,31.613838
init,init,-1,,1058,020.Yellow_breasted_Chat/Yellow_Breasted_Chat_0090_21931.jpg,20,19,020.Yellow_breasted_Chat,4,3,random_erasing,random_erasing,0,"{""area_fraction"":0.171383,""erased"":true,""height"":0.702453,""left"":0.38624,""top"":0.254263,""width"":0.243977}",5.5110755,5.2541456,-0.25692987,0.0040417579,0.0052258093,0.031984106,0.050154373,-0.027942348,-0.044928564,-0.016986216,0.62191394,1.1665627,50.106017,58.451811,False,0.8683635,True,False,False,0.62191394,1.1665627,50.106017,58.451811,0.49188952,1.1963314,39.977975,47.826906,0.8679184,1.1124977,30.205536,33.60359,0.28120626,0.86592542,6.6885929,5.7918226,0.35425833,1.3360435,10.112616,13.510894,0.30570673,1.2045511,14.212844,17.120097,0.35302114,1.1493623,17.020547,19.562775,0.59565543,1.2059763,30.976318,37.356707
init,init,-1,,929,017.Cardinal/Cardinal_0028_18054.jpg,17,16,017.Cardinal,46,45,identity,identity,0,{},4.9190674,4.9190674,0,0.007305942,0.007305942,0.021072343,0.021072343,-0.013766401,-0.013766401,0,1,1,59.520735,59.520735,False,1,True,False,False,1,1,59.520735,59.520735,1,1,50.638287,50.638287,1,1,31.280692,31.280692,1,1,8.8240349,8.8240349,1,1,18.268806,18.268806,1,1,23.636601,23.636601,1,1,21.349501,21.349501,1,1,33.73623,33.73623
init,init,-1,,929,017.Cardinal/Cardinal_0028_18054.jpg,17,16,017.Cardinal,46,45,horizontal_flip,horizontal_flip,0,"{""flipped"":true}",4.9190674,4.924408,0.0053405762,0.007305942,0.0072670295,0.021072343,0.017584402,-0.013766401,-0.010317373,0.0034490284,0.67404075,0.94925299,59.520735,56.500235,False,0.95409572,False,False,False,0.67404075,0.94925299,59.520735,56.500235,0.56085178,0.93263633,50.638287,47.227107,0.95396027,0.99147874,31.280692,31.014141,0.41229566,0.83043418,8.8240349,7.3277802,0.46679132,0.90227209,18.268806,16.483433,0.46877928,0.84051305,23.636601,19.866872,0.45375979,0.95281817,21.349501,20.342193,0.67750212,0.9815405,33.73623,33.113476
init,init,-1,,929,017.Cardinal/Cardinal_0028_18054.jpg,17,16,017.Cardinal,46,45,color_jitter,color_jitter,0,"{""brightness"":0.764917,""contrast"":1.325137,""hue"":-0.000672,""saturation"":0.626528}",4.9190674,4.992775,0.073707581,0.007305942,0.0067868042,0.021072343,0.026534878,-0.013766401,-0.019748074,-0.0059816726,0.86365255,1.0542106,59.520735,62.747388,False,0.97678643,True,False,False,0.86365255,1.0542106,59.520735,62.747388,0.824112,1.0743431,50.638287,54.402892,0.97669028,0.99952891,31.280692,31.265956,0.81755674,1.8419625,8.8240349,16.253541,0.7938489,1.2128793,18.268806,22.157856,0.79837898,1.0382479,23.636601,24.540651,0.78651102,1.026955,21.349501,21.924976,0.88549577,0.99270055,33.73623,33.489974
init,init,-1,,929,017.Cardinal/Cardinal_0028_18054.jpg,17,16,017.Cardinal,46,45,rotation,rotation,0,"{""angle"":14.216495}",4.9190674,5.3437533,0.42468596,0.007305942,0.0047779041,0.021072343,0.030126996,-0.013766401,-0.025349092,-0.011582691,0.63567848,0.90534522,59.520735,53.886812,False,0.92782265,True,False,False,0.63567848,0.90534522,59.520735,53.886812,0.51260687,0.87631843,50.638287,44.375265,0.92752289,0.97733222,31.280692,30.571628,0.13191284,1.0415961,8.8240349,9.19108,0.36480304,0.90526866,18.268806,16.538177,0.44674375,0.73690559,23.636601,17.417943,0.40865059,0.86149366,21.349501,18.39246,0.65359596,0.9229528,33.73623,31.136948
init,init,-1,,929,017.Cardinal/Cardinal_0028_18054.jpg,17,16,017.Cardinal,46,45,random_resized_crop,random_resized_crop,0,"{""area_fraction"":0.570403,""aspect"":1.205403,""fallback"":false,""height"":0.687899,""left"":0.033567,""top"":0.310594,""width"":0.829196}",4.9190674,4.8009233,-0.11814404,0.007305942,0.0082221497,0.021072343,0.017060069,-0.013766401,-0.0088379197,0.0049284813,0.64899233,0.86885065,59.520735,51.714629,False,0.93708098,False,False,False,0.64899233,0.86885065,59.520735,51.714629,0.52993641,0.84708941,50.638287,42.895157,0.93690183,0.92344912,31.280692,28.886127,0.022820261,0.77139679,8.8240349,6.8068322,0.31459052,0.76510699,18.268806,13.977591,0.4536469,0.77393822,23.636601,18.293269,0.4316886,0.81933941,21.349501,17.492488,0.68201222,0.9172941,33.73623,30.946045
init,init,-1,,929,017.Cardinal/Cardinal_0028_18054.jpg,17,16,017.Cardinal,46,45,gaussian_blur,gaussian_blur,0,"{""sigma"":1.465875}",4.9190674,4.7986488,-0.12041855,0.007305942,0.0082408767,0.021072343,0.020484395,-0.013766401,-0.012243519,0.0015228824,0.6399091,0.96052555,59.520735,57.171186,False,0.90751648,False,False,False,0.6399091,0.96052555,59.520735,57.171186,0.52918864,0.93573127,50.638287,47.383829,0.90718564,1.0226542,31.280692,31.989331,0.15904951,1.0325522,8.8240349,9.1112768,0.35958947,0.94410143,18.268806,17.247605,0.39394221,0.82417251,23.636601,19.480637,0.44605381,0.92667502,21.349501,19.784049,0.6935767,0.9803429,33.73623,33.073073
init,init,-1,,929,017.Cardinal/Cardinal_0028_18054.jpg,17,16,017.Cardinal,46,45,random_erasing,random_erasing,0,"{""area_fraction"":0.055448,""erased"":true,""height"":0.422085,""left"":0.275701,""top"":0.473306,""width"":0.131368}",4.9190674,4.9074898,-0.011577606,0.007305942,0.0073910179,0.021072343,0.025469206,-0.013766401,-0.018078188,-0.0043117874,0.84641728,0.98185553,59.520735,58.440762,False,0.96664178,True,False,False,0.84641728,0.98185553,59.520735,58.440762,0.79671193,0.94867825,50.638287,48.039442,0.96646488,1.0639037,31.280692,33.279644,0.77020519,0.98713142,8.8240349,8.7104821,0.78548806,0.90246106,18.268806,16.486886,0.78821699,0.81430733,23.636601,19.247457,0.71947852,0.91294741,21.349501,19.490972,0.83888544,1.0309763,33.73623,34.781252
init,init,-1,,10633,181.Worm_eating_Warbler/Worm_Eating_Warbler_0065_795551.jpg,181,180,181.Worm_eating_Warbler,129,128,identity,identity,0,{},4.9078097,4.9078097,0,0.0073886551,0.0073886551,0.030167248,0.030167248,-0.022778593,-0.022778593,0,1,1,62.825308,62.825308,False,1,True,False,False,1,1,62.825308,62.825308,1,1,54.791877,54.791877,1,1,30.738731,30.738731,1,1,11.563988,11.563988,1,1,20.186593,20.186593,1,1,25.34526,25.34526,1,1,24.182052,24.182052,1,1,35.125085,35.125085
init,init,-1,,10633,181.Worm_eating_Warbler/Worm_Eating_Warbler_0065_795551.jpg,181,180,181.Worm_eating_Warbler,129,128,horizontal_flip,horizontal_flip,0,"{""flipped"":true}",4.9078097,4.7571249,-0.15068483,0.0073886551,0.0085902698,0.030167248,0.030466577,-0.022778593,-0.021876307,0.0009022858,0.60113421,0.87941925,62.825308,55.249786,False,0.94722182,True,False,False,0.60113421,0.87941925,62.825308,55.249786,0.48742998,0.86974866,54.791877,47.655162,0.9470831,0.90946362,30.738731,27.955757,-0.2668162,0.80901677,11.563988,9.3554603,0.31514509,0.91841643,20.186593,18.539699,0.40733623,0.87850189,25.34526,22.265859,0.44021721,0.84542888,24.182052,20.444205,0.68870652,0.86635604,35.125085,30.430829
init,init,-1,,10633,181.Worm_eating_Warbler/Worm_Eating_Warbler_0065_795551.jpg,181,180,181.Worm_eating_Warbler,129,128,color_jitter,color_jitter,0,"{""brightness"":0.775232,""contrast"":0.877648,""hue"":0.026748,""saturation"":1.197888}",4.9078097,4.8555431,-0.052266598,0.0073886551,0.0077851061,0.030167248,0.033309348,-0.022778593,-0.025524242,-0.0027456488,0.86243873,1.0341953,62.825308,64.973638,False,0.97813702,True,False,False,0.86243873,1.0341953,62.825308,64.973638,0.82658115,1.0376491,54.791877,56.85474,0.97805001,1.0231442,30.738731,31.450154,0.74568023,0.97734828,11.563988,11.302044,0.75067163,1.1837975,20.186593,23.896838,0.79465843,1.0694535,25.34526,27.105579,0.80114497,0.99455975,24.182052,24.050495,0.89925285,0.99461828,35.125085,34.936052
init,init,-1,,10633,181.Worm_eating_Warbler/Worm_Eating_Warbler_0065_795551.jpg,181,180,181.Worm_eating_Warbler,129,128,rotation,rotation,0,"{""angle"":14.062701}",4.9078097,4.6849833,-0.22282648,0.0073886551,0.0092328899,0.030167248,0.035323996,-0.022778593,-0.026091106,-0.0033125132,0.67094797,0.99232078,62.825308,62.342859,False,0.91369092,True,False,False,0.67094797,0.99232078,62.825308,62.342859,0.59014813,0.9772115,54.791877,53.543252,0.9133786,1.0388705,30.738731,31.93356,0.66040908,0.78747058,11.563988,9.1063003,0.53638116,1.0337936,20.186593,20.868772,0.52543135,0.93609676,25.34526,23.725616,0.4854643,0.95485863,24.182052,23.090441,0.68284543,1.0075115,35.125085,35.388928
init,init,-1,,10633,181.Worm_eating_Warbler/Worm_Eating_Warbler_0065_795551.jpg,181,180,181.Worm_eating_Warbler,129,128,random_resized_crop,random_resized_crop,0,"{""area_fraction"":0.590783,""aspect"":0.906645,""fallback"":false,""height"":0.807226,""left"":0.151128,""top"":0.054899,""width"":0.731867}",4.9078097,4.9928365,0.085026741,0.0073886551,0.0067863874,0.030167248,0.034907401,-0.022778593,-0.028121013,-0.0053424202,0.67160922,1.0041512,62.825308,63.086108,False,0.93315989,True,False,False,0.67160922,1.0041512,62.825308,63.086108,0.58445905,0.98877179,54.791877,54.176663,0.9329406,1.0515247,30.738731,32.322535,0.35519628,0.77082935,11.563988,8.9138614,0.42109078,0.93835257,20.186593,18.942142,0.53955361,0.96591011,25.34526,24.481243,0.50877667,0.98144818,24.182052,23.733431,0.70966756,1.03992,35.125085,36.527279
init,init,-1,,10633,181.Worm_eating_Warbler/Worm_Eating_Warbler_0065_795551.jpg,181,180,181.Worm_eating_Warbler,129,128,gaussian_blur,gaussian_blur,0,"{""sigma"":1.749073}",4.9078097,4.9270854,0.019275665,0.0073886551,0.007247596,0.030167248,0.031441391,-0.022778593,-0.024193794,-0.0014152015,0.67073814,1.0455438,62.825308,65.686614,False,0.92231715,True,False,False,0.67073814,1.0455438,62.825308,65.686614,0.58660935,1.0282709,54.791877,56.340895,0.92202379,1.0986245,30.738731,33.770324,0.48596231,0.97447085,11.563988,11.268769,0.44015407,1.0812347,20.186593,21.826446,0.55142067,1.0776061,25.34526,27.312207,0.51870691,1.03415,24.182052,25.007869,0.70545535,0.98604092,35.125085,34.634771
init,init,-1,,10633,181.Worm_eating_Warbler/Worm_Eating_Warbler_0065_795551.jpg,181,180,181.Worm_eating_Warbler,129,128,random_erasing,random_erasing,0,"{""area_fraction"":0.19272,""erased"":true,""height"":0.440732,""left"":0.010305,""top"":0.351578,""width"":0.437273}",4.9078097,5.4068556,0.49904585,0.0073886551,0.0044857226,0.030167248,0.026288239,-0.022778593,-0.021802517,0.00097607635,0.79930679,1.0270608,62.825308,64.525412,False,0.94488144,True,False,False,0.79930679,1.0270608,62.825308,64.525412,0.75250263,1.0210719,54.791877,55.946448,0.94466746,1.0458618,30.738731,32.148464,0.80994842,1.0169601,11.563988,11.760115,0.75762247,1.115773,20.186593,22.523655,0.69441675,1.0249024,25.34526,25.976417,0.71912911,0.9944673,24.182052,24.04826,0.79244908,0.9989965,35.125085,35.089837
init,init,-1,,6757,116.Chipping_Sparrow/Chipping_Sparrow_0079_110449.jpg,116,115,116.Chipping_Sparrow,129,128,identity,identity,0,{},5.3159218,5.3159218,0,0.004912748,0.004912748,0.033376515,0.033376515,-0.028463767,-0.028463767,0,1,1,54.485927,54.485927,False,1,True,False,False,1,1,54.485927,54.485927,1,1,44.080133,44.080133,1,1,32.025898,32.025898,1,1,7.3054855,7.3054855,1,1,15.592878,15.592878,1,1,19.975451,19.975451,1,1,18.16176,18.16176,1,1,30.293267,30.293267
init,init,-1,,6757,116.Chipping_Sparrow/Chipping_Sparrow_0079_110449.jpg,116,115,116.Chipping_Sparrow,129,128,horizontal_flip,horizontal_flip,0,"{""flipped"":true}",5.3159218,5.458415,0.14249325,0.004912748,0.004260303,0.033376515,0.030705262,-0.028463767,-0.026444959,0.0020188079,0.7238424,1.066569,54.485927,58.113004,False,0.9667328,True,False,False,0.7238424,1.066569,54.485927,58.113004,0.6072904,1.0972871,44.080133,48.368563,0.9665756,1.0058063,32.025898,32.21185,0.61130723,1.1327142,7.3054855,8.2750275,0.57230768,1.1998163,15.592878,18.708589,0.58705151,1.2105232,19.975451,24.180746,0.48726634,1.1184995,18.16176,20.31392,0.68163576,1.0032555,30.293267,30.391885
init,init,-1,,6757,116.Chipping_Sparrow/Chipping_Sparrow_0079_110449.jpg,116,115,116.Chipping_Sparrow,129,128,color_jitter,color_jitter,0,"{""brightness"":0.662308,""contrast"":1.344436,""hue"":0.047843,""saturation"":1.148447}",5.3159218,5.2035313,-0.11239052,0.004912748,0.0054971175,0.033376515,0.031226065,-0.028463767,-0.025728947,0.0027348194,0.87350836,0.95844418,54.485927,52.22172,False,0.97871715,True,False,False,0.87350836,0.95844418,54.485927,52.22172,0.81961174,0.9673378,44.080133,42.640379,0.97864365,0.94136533,32.025898,30.14807,0.78385828,1.4011374,7.3054855,10.235989,0.79659037,0.95944732,15.592878,14.960545,0.8170644,0.95977014,19.975451,19.171842,0.75722547,0.93119793,18.16176,16.912193,0.85694406,0.95447372,30.293267,28.914127
init,init,-1,,6757,116.Chipping_Sparrow/Chipping_Sparrow_0079_110449.jpg,116,115,116.Chipping_Sparrow,129,128,rotation,rotation,0,"{""angle"":-8.01915}",5.3159218,5.5246153,0.2086935,0.004912748,0.0039874036,0.033376515,0.027581135,-0.028463767,-0.023593731,0.0048700357,0.73228786,1.112391,54.485927,60.609655,False,0.95931965,False,False,False,0.73228786,1.112391,54.485927,60.609655,0.62242583,1.1416384,44.080133,50.323571,0.95910069,1.0547621,32.025898,33.779705,0.30145858,1.3136673,7.3054855,9.5969777,0.47727097,1.2156554,15.592878,18.955567,0.59513574,1.1428972,19.975451,22.829887,0.55506856,1.1673597,18.16176,21.201307,0.72652026,1.0999762,30.293267,33.321872
init,init,-1,,6757,116.Chipping_Sparrow/Chipping_Sparrow_0079_110449.jpg,116,115,116.Chipping_Sparrow,129,128,random_resized_crop,random_resized_crop,0,"{""area_fraction"":0.614188,""aspect"":1.179252,""fallback"":false,""height"":0.721684,""left"":0.143926,""top"":0.128449,""width"":0.851047}",5.3159218,5.2251067,-0.090815067,0.004912748,0.0053797862,0.033376515,0.028484179,-0.028463767,-0.023104392,0.0053593745,0.73317705,1.0313348,54.485927,56.193234,False,0.93674052,True,False,False,0.73317705,1.0313348,54.485927,56.193234,0.63670329,1.0638184,44.080133,46.893256,0.93654611,0.96680866,32.025898,30.962915,0.6272675,1.1043105,7.3054855,8.0675247,0.62985503,1.2093373,15.592878,18.857048,0.63024876,1.0409192,19.975451,20.79283,0.51301287,1.0961819,18.16176,19.908593,0.69273114,1.0172475,30.293267,30.815748
init,init,-1,,6757,116.Chipping_Sparrow/Chipping_Sparrow_0079_110449.jpg,116,115,116.Chipping_Sparrow,129,128,gaussian_blur,gaussian_blur,0,"{""sigma"":1.981728}",5.3159218,5.2602892,-0.055632591,0.004912748,0.005193803,0.033376515,0.027412869,-0.028463767,-0.022219066,0.0062447009,0.51586648,1.3234188,54.485927,72.107698,False,0.86505091,False,False,False,0.51586648,1.3234188,54.485927,72.107698,0.40695821,1.4765822,44.080133,65.087939,0.86446,0.96901375,32.025898,31.033535,-0.16049001,1.6697069,7.3054855,12.19802,0.16413846,1.6068563,15.592878,25.055514,0.45547209,1.9445412,19.975451,38.843086,0.35983374,1.541488,18.16176,27.996135,0.56174994,1.127834,30.293267,34.165777
init,init,-1,,6757,116.Chipping_Sparrow/Chipping_Sparrow_0079_110449.jpg,116,115,116.Chipping_Sparrow,129,128,random_erasing,random_erasing,0,"{""area_fraction"":0.171729,""erased"":true,""height"":0.725382,""left"":0.439446,""top"":0.125581,""width"":0.236743}",5.3159218,5.7791743,0.46325254,0.004912748,0.0030912666,0.033376515,0.020795498,-0.028463767,-0.017704231,0.010759535,0.59347582,1.2293444,54.485927,66.981971,False,0.85420781,False,False,False,0.59347582,1.2293444,54.485927,66.981971,0.48077813,1.2967252,44.080133,57.159819,0.85357073,1.0903377,32.025898,34.919042,0.51809014,1.7067739,7.3054855,12.468812,0.37926853,1.3617635,15.592878,21.233813,0.44083135,1.2144633,19.975451,24.259452,0.43391197,1.3239473,18.16176,24.045214,0.54269884,1.2760246,30.293267,38.654955
init,init,-1,,3123,054.Blue_Grosbeak/Blue_Grosbeak_0065_36847.jpg,54,53,054.Blue_Grosbeak,4,3,identity,identity,0,{},6.9577756,6.9577756,0,0.00095121004,0.00095121004,0.03179092,0.03179092,-0.03083971,-0.03083971,0,1,1,48.149077,48.149077,False,1,True,False,False,1,1,48.149077,48.149077,1,1,40.806775,40.806775,1,1,25.556619,25.556619,1,1,5.3530031,5.3530031,1,1,10.811437,10.811437,1,1,16.520028,16.520028,1,1,18.736618,18.736618,1,1,29.927894,29.927894
init,init,-1,,3123,054.Blue_Grosbeak/Blue_Grosbeak_0065_36847.jpg,54,53,054.Blue_Grosbeak,4,3,horizontal_flip,horizontal_flip,0,"{""flipped"":true}",6.9577756,7.2207804,0.26300478,0.00095121004,0.00073123147,0.03179092,0.039806098,-0.03083971,-0.039074866,-0.0082351567,0.68042149,1.0477456,48.149077,50.447985,False,0.96759564,True,False,False,0.68042149,1.0477456,48.149077,50.447985,0.56062729,1.027672,40.806775,41.935979,0.96749796,1.0972633,25.556619,28.042341,0.038520601,1.1601582,5.3530031,6.2103303,0.30897989,1.1108799,10.811437,12.010209,0.45945649,1.0004886,16.520028,16.5281,0.43566587,0.94972959,18.736618,17.794721,0.68877723,1.0492006,29.927894,31.400364
init,init,-1,,3123,054.Blue_Grosbeak/Blue_Grosbeak_0065_36847.jpg,54,53,054.Blue_Grosbeak,4,3,color_jitter,color_jitter,0,"{""brightness"":1.258002,""contrast"":1.02642,""hue"":-0.035516,""saturation"":0.742101}",6.9577756,6.872715,-0.085060596,0.00095121004,0.0010356614,0.03179092,0.02919524,-0.03083971,-0.028159578,0.0026801312,0.89353376,1.0106978,48.149077,48.664167,False,0.98099214,True,False,False,0.89353376,1.0106978,48.149077,48.664167,0.86038598,1.0191948,40.806775,41.590055,0.98094937,0.98870411,25.556619,25.267934,0.69013524,1.045691,5.3530031,5.5975871,0.72729411,1.1436742,10.811437,12.364762,0.83839101,1.0196706,16.520028,16.844987,0.83472962,1.0456316,18.736618,19.591601,0.90507658,0.99004118,29.927894,29.629848
init,init,-1,,3123,054.Blue_Grosbeak/Blue_Grosbeak_0065_36847.jpg,54,53,054.Blue_Grosbeak,4,3,rotation,rotation,0,"{""angle"":2.531972}",6.9577756,6.8086987,-0.14907694,0.00095121004,0.0011041285,0.03179092,0.029218776,-0.03083971,-0.028114648,0.002725062,0.8238931,0.95736911,48.149077,46.096439,False,0.9658196,True,False,False,0.8238931,0.95736911,48.149077,46.096439,0.76624166,0.9468051,40.806775,38.636062,0.96578051,0.98378909,25.556619,25.142323,0.59468977,1.0827234,5.3530031,5.7958217,0.68132381,1.0658476,10.811437,11.523345,0.74466227,1.0021381,16.520028,16.55535,0.69747136,0.90781013,18.736618,17.009292,0.82111918,0.92294912,29.927894,27.621924
init,init,-1,,3123,054.Blue_Grosbeak/Blue_Grosbeak_0065_36847.jpg,54,53,054.Blue_Grosbeak,4,3,random_resized_crop,random_resized_crop,0,"{""area_fraction"":0.730197,""aspect"":0.835674,""fallback"":false,""height"":0.934763,""left"":0.028084,""top"":0.047504,""width"":0.781158}",6.9577756,7.2395129,0.28173733,0.00095121004,0.00071766117,0.03179092,0.038201239,-0.03083971,-0.037483578,-0.0066438682,0.73560163,1.110274,48.149077,53.458667,False,0.95988792,True,False,False,0.73560163,1.110274,48.149077,53.458667,0.64429031,1.0975792,40.806775,44.788669,0.95975699,1.142001,25.556619,29.185684,0.085351325,1.6157162,5.3530031,8.648934,0.2813658,1.276057,10.811437,13.796011,0.58402782,1.0959889,16.520028,18.105767,0.59103747,1.0176441,18.736618,19.06721,0.76922313,1.082475,29.927894,32.396198
init,init,-1,,3123,054.Blue_Grosbeak/Blue_Grosbeak_0065_36847.jpg,54,53,054.Blue_Grosbeak,4,3,gaussian_blur,gaussian_blur,0,"{""sigma"":1.302208}",6.9577756,7.0134864,0.055710793,0.00095121004,0.00089966651,0.03179092,0.029339673,-0.03083971,-0.028440006,0.0023997031,0.79241363,1.1445074,48.149077,55.106974,False,0.97027254,False,False,False,0.79241363,1.1445074,48.149077,55.106974,0.71962427,1.1288194,40.806775,46.06348,0.97003734,1.1835636,25.556619,30.247883,0.47959033,1.3201585,5.3530031,7.0668125,0.49484362,1.2452084,10.811437,13.462492,0.62069911,1.166059,16.520028,19.263328,0.66750025,1.0984434,18.736618,20.581114,0.81509023,1.1061922,29.927894,33.106005
init,init,-1,,3123,054.Blue_Grosbeak/Blue_Grosbeak_0065_36847.jpg,54,53,054.Blue_Grosbeak,4,3,random_erasing,random_erasing,0,"{""area_fraction"":0.074782,""erased"":true,""height"":0.182573,""left"":0.491234,""top"":0.811196,""width"":0.409601}",6.9577756,6.9918671,0.034091473,0.00095121004,0.0009193286,0.03179092,0.034479834,-0.03083971,-0.033560506,-0.002720796,0.929172,1.0232764,48.149077,49.269816,False,0.97969216,True,False,False,0.929172,1.0232764,48.149077,49.269816,0.91008501,1.0320007,40.806775,42.112621,0.97967671,1.0006896,25.556619,25.574243,0.88854781,1.1756128,5.3530031,6.2930587,0.87115483,1.1419607,10.811437,12.346236,0.89553492,1.0938119,16.520028,18.069803,0.89990048,0.99951363,18.736618,18.727505,0.92746325,1.0047475,29.927894,30.069976
init,init,-1,,6283,108.White_necked_Raven/White_Necked_Raven_0025_797346.jpg,108,107,108.White_necked_Raven,129,128,identity,identity,0,{},5.7485161,5.7485161,0,0.0031875081,0.0031875081,0.030607952,0.030607952,-0.027420444,-0.027420444,0,1,1,65.762613,65.762613,False,1,True,False,False,1,1,65.762613,65.762613,1,1,58.844462,58.844462,1,1,29.360698,29.360698,1,1,21.542662,21.542662,1,1,25.087501,25.087501,1,1,26.755353,26.755353,1,1,23.38929,23.38929,1,1,33.260997,33.260997
init,init,-1,,6283,108.White_necked_Raven/White_Necked_Raven_0025_797346.jpg,108,107,108.White_necked_Raven,129,128,horizontal_flip,horizontal_flip,0,"{""flipped"":true}",5.7485161,5.9199438,0.17142773,0.0031875081,0.0026853513,0.030607952,0.03247796,-0.027420444,-0.029792609,-0.002372165,0.57373306,0.94632837,65.762613,62.233026,False,0.96489143,True,False,False,0.57373306,0.94632837,65.762613,62.233026,0.46469498,0.92130924,58.844462,54.213947,0.96476947,1.0407825,29.360698,30.558102,0.52384683,0.58324178,21.542662,12.56458,0.018779944,1.0476914,25.087501,26.283958,0.47671702,0.90195377,26.755353,24.132092,0.4976779,0.94433363,23.38929,22.087293,0.71855672,0.96031539,33.260997,31.941047
init,init,-1,,6283,108.White_necked_Raven/White_Necked_Raven_0025_797346.jpg,108,107,108.White_necked_Raven,129,128,color_jitter,color_jitter,0,"{""brightness"":0.939109,""contrast"":1.111321,""hue"":-0.055499,""saturation"":0.651}",5.7485161,5.5552578,-0.19325829,0.0031875081,0.0038670707,0.030607952,0.032232482,-0.027420444,-0.028365411,-0.00094496761,0.89278867,0.93528002,65.762613,61.506458,False,0.96621048,True,False,False,0.89278867,0.93528002,65.762613,61.506458,0.87358063,0.916988,58.844462,53.959665,0.96613058,1.0054075,29.360698,29.519466,0.88680596,0.90360846,21.542662,19.466132,0.86487947,0.84582149,25.087501,21.219547,0.87397653,0.91142481,26.755353,24.385493,0.84539379,0.94042765,23.38929,21.995935,0.88848737,0.95263311,33.260997,31.685527
init,init,-1,,6283,108.White_necked_Raven/White_Necked_Raven_0025_797346.jpg,108,107,108.White_necked_Raven,129,128,rotation,rotation,0,"{""angle"":9.412112}",5.7485161,5.7033987,-0.045117378,0.0031875081,0.0033346119,0.030607952,0.019493226,-0.027420444,-0.016158614,0.01126183,0.65458034,1.019255,65.762613,67.028872,False,0.89529508,False,False,False,0.65458034,1.019255,65.762613,67.028872,0.60469477,1.0475024,58.844462,61.639715,0.89512389,0.89687166,29.360698,26.332778,0.38665914,1.0799664,21.542662,23.265351,0.54647832,1.0835936,25.087501,27.184654,0.69391012,1.0381646,26.755353,27.77646,0.5668641,1.0621499,23.38929,24.842932,0.69905114,1.0108673,33.260997,33.622454
init,init,-1,,6283,108.White_necked_Raven/White_Necked_Raven_0025_797346.jpg,108,107,108.White_necked_Raven,129,128,random_resized_crop,random_resized_crop,0,"{""area_fraction"":0.683811,""aspect"":1.088437,""fallback"":false,""height"":0.792623,""left"":0.107528,""top"":0.049146,""width"":0.86272}",5.7485161,5.5102768,-0.23823929,0.0031875081,0.0040449877,0.030607952,0.03423607,-0.027420444,-0.030191082,-0.0027706383,0.59116775,0.92150709,65.762613,60.600714,False,0.92173415,True,False,False,0.59116775,0.92150709,65.762613,60.600714,0.50822479,0.91998613,58.844462,54.136089,0.92161608,0.92759132,29.360698,27.234729,0.14297287,0.83743075,21.542662,18.040488,0.2423135,0.92689902,25.087501,23.25358,0.59684306,0.98755082,26.755353,26.422271,0.56327557,0.91792962,23.38929,21.469722,0.71669138,0.90468043,33.260997,30.090573
init,init,-1,,6283,108.White_necked_Raven/White_Necked_Raven_0025_797346.jpg,108,107,108.White_necked_Raven,129,128,gaussian_blur,gaussian_blur,0,"{""sigma"":1.57232}",5.7485161,5.3600159,-0.38850021,0.0031875081,0.0047008321,0.030607952,0.015226504,-0.027420444,-0.010525672,0.016894772,0.53304508,0.86533775,65.762613,56.906872,False,0.90126562,False,False,False,0.53304508,0.86533775,65.762613,56.906872,0.43803592,0.85873451,58.844462,50.53177,0.90099889,0.89136881,29.360698,26.171211,-0.41841488,0.70395878,21.542662,15.165146,0.4015713,0.88065643,25.087501,22.093469,0.45909136,0.789968,26.755353,21.135873,0.51442671,0.93029989,23.38929,21.759054,0.69091228,0.90952965,33.260997,30.251863
init,init,-1,,6283,108.White_necked_Raven/White_Necked_Raven_0025_797346.jpg,108,107,108.White_necked_Raven,129,128,random_erasing,random_erasing,0,"{""area_fraction"":0.059527,""erased"":true,""height"":0.163151,""left"":0.358281,""top"":0.36735,""width"":0.364857}",5.7485161,5.8150835,0.066567421,0.0031875081,0.002982232,0.030607952,0.02539142,-0.027420444,-0.022409188,0.0050112554,0.80155516,1.0164773,65.762613,66.846204,False,0.9534716,True,False,False,0.80155516,1.0164773,65.762613,66.846204,0.76195307,1.005336,58.844462,59.158455,0.95330926,1.0600504,29.360698,31.123819,0.82550012,0.63522487,21.542662,13.684435,0.74768874,0.99786374,25.087501,25.033907,0.80611812,0.99997432,26.755353,26.754666,0.72519487,1.1169826,23.38929,26.12543,0.77035533,1.0787569,33.260997,35.880528
init,init,-1,,3114,054.Blue_Grosbeak/Blue_Grosbeak_0037_36794.jpg,54,53,054.Blue_Grosbeak,4,3,identity,identity,0,{},6.6487093,6.6487093,0,0.0012956937,0.0012956937,0.024303738,0.024303738,-0.023008044,-0.023008044,0,1,1,50.541171,50.541171,False,1,True,False,False,1,1,50.541171,50.541171,1,1,42.430665,42.430665,1,1,27.459945,27.459945,1,1,7.9164971,7.9164971,1,1,15.010267,15.010267,1,1,18.194231,18.194231,1,1,18.440574,18.440574,1,1,29.005129,29.005129
init,init,-1,,3114,054.Blue_Grosbeak/Blue_Grosbeak_0037_36794.jpg,54,53,054.Blue_Grosbeak,4,3,horizontal_flip,horizontal_flip,0,"{""flipped"":true}",6.6487093,6.9749508,0.32624149,0.0012956937,0.00093501271,0.024303738,0.022530926,-0.023008044,-0.021595914,0.0014121307,0.73552414,1.0513575,50.541171,53.136841,False,0.97300887,True,False,False,0.73552414,1.0513575,50.541171,53.136841,0.64039251,1.0641777,42.430665,45.153768,0.97294452,1.0200968,27.459945,28.011803,0.63344237,1.0114664,7.9164971,8.0072705,0.62248822,1.0447666,15.010267,15.682225,0.56996564,1.1655825,18.194231,21.206877,0.51781979,1.1087253,18.440574,20.445531,0.73443883,1.0116787,29.005129,29.343872
init,init,-1,,3114,054.Blue_Grosbeak/Blue_Grosbeak_0037_36794.jpg,54,53,054.Blue_Grosbeak,4,3,color_jitter,color_jitter,0,"{""brightness"":1.295927,""contrast"":0.93154,""hue"":-0.024923,""saturation"":0.990467}",6.6487093,6.8051982,0.1564889,0.0012956937,0.0011080004,0.024303738,0.02333854,-0.023008044,-0.022230539,0.00077750522,0.91373692,1.0707034,50.541171,54.114601,False,0.98977184,True,False,False,0.91373692,1.0707034,50.541171,54.114601,0.88325816,1.0823343,42.430665,45.924164,0.98975496,1.0424087,27.459945,28.624486,0.73483748,0.93353083,7.9164971,7.3902941,0.83527381,0.98938419,15.010267,14.850921,0.85338895,1.153823,18.194231,20.992922,0.85324665,1.1543401,18.440574,21.286694,0.93448813,1.0570549,29.005129,30.660015
init,init,-1,,3114,054.Blue_Grosbeak/Blue_Grosbeak_0037_36794.jpg,54,53,054.Blue_Grosbeak,4,3,rotation,rotation,0,"{""angle"":11.16861}",6.6487093,6.5714612,-0.077248096,0.0012956937,0.0013997507,0.024303738,0.019041043,-0.023008044,-0.017641292,0.0053667523,0.77376531,1.0155014,50.541171,51.324628,False,0.94843715,False,False,False,0.77376531,1.0155014,50.541171,51.324628,0.70333798,1.0259133,42.430665,43.530182,0.94832781,0.99019936,27.459945,27.19082,0.81810197,1.11949,7.9164971,8.8624394,0.68397893,0.98267141,15.010267,14.75016,0.62428698,0.98962505,18.194231,18.005467,0.60656426,1.0518936,18.440574,19.397521,0.76927775,1.033326,29.005129,29.971754
init,init,-1,,3114,054.Blue_Grosbeak/Blue_Grosbeak_0037_36794.jpg,54,53,054.Blue_Grosbeak,4,3,random_resized_crop,random_resized_crop,0,"{""area_fraction"":0.562091,""aspect"":0.951448,""fallback"":false,""height"":0.768618,""left"":0.201622,""top"":0.145309,""width"":0.7313}",6.6487093,6.7546778,0.10596848,0.0012956937,0.0011654153,0.024303738,0.021808336,-0.023008044,-0.02064292,0.0023651241,0.74513385,1.0431219,50.541171,52.720603,False,0.95313609,False,False,False,0.74513385,1.0431219,50.541171,52.720603,0.65673033,1.0382557,42.430665,44.053879,0.95298864,1.0546498,27.459945,28.960625,0.4476042,0.93174355,7.9164971,7.3761451,0.43907916,1.0113578,15.010267,15.180751,0.59771877,1.0864627,18.194231,19.767354,0.59170668,1.0318422,18.440574,19.027762,0.77876668,1.0360667,29.005129,30.051248
init,init,-1,,3114,054.Blue_Grosbeak/Blue_Grosbeak_0037_36794.jpg,54,53,054.Blue_Grosbeak,4,3,gaussian_blur,gaussian_blur,0,"{""sigma"":1.500641}",6.6487093,6.3379483,-0.31076097,0.0012956937,0.0017679257,0.024303738,0.019611221,-0.023008044,-0.017843295,0.0051647492,0.72364881,0.98270144,50.541171,49.666881,False,0.93025523,False,False,False,0.72364881,0.98270144,50.541171,49.666881,0.63522361,0.97596344,42.430665,41.410778,0.93011858,0.99860518,27.459945,27.421643,0.29976403,0.8612026,7.9164971,6.8177079,0.40177726,0.91884512,15.010267,13.79211,0.55873318,0.99758145,18.194231,18.150227,0.56930001,0.9747393,18.440574,17.974752,0.77220342,0.9906427,29.005129,28.733719
init,init,-1,,3114,054.Blue_Grosbeak/Blue_Grosbeak_0037_36794.jpg,54,53,054.Blue_Grosbeak,4,3,random_erasing,random_erasing,0,"{""area_fraction"":0.113738,""erased"":true,""height"":0.277576,""left"":0.42695,""top"":0.454968,""width"":0.409756}",6.6487093,6.7372866,0.088577271,0.0012956937,0.0011858608,0.024303738,0.027280638,-0.023008044,-0.026094777,-0.0030867328,0.75477554,1.1349574,50.541171,57.362074,False,0.87329072,False,False,False,0.75477554,1.1349574,50.541171,57.362074,0.71220869,1.1721107,42.430665,49.733439,0.87309791,1.0409009,27.459945,28.583083,0.89719708,1.230361,7.9164971,9.7401495,0.81337401,1.2970793,15.010267,19.469507,0.7630466,1.2916289,18.194231,23.500194,0.65437451,1.1620168,18.440574,21.428257,0.67038209,1.0837158,29.005129,31.433317
init,init,-1,,11057,188.Pileated_Woodpecker/Pileated_Woodpecker_0124_180168.jpg,188,187,188.Pileated_Woodpecker,129,128,identity,identity,0,{},5.5155048,5.5155048,0,0.0040238947,0.0040238947,0.031129166,0.031129166,-0.027105272,-0.027105272,0,1,1,57.250106,57.250106,False,1,True,False,False,1,1,57.250106,57.250106,1,1,49.315169,49.315169,1,1,29.079007,29.079007,1,1,10.556814,10.556814,1,1,17.09304,17.09304,1,1,22.315075,22.315075,1,1,22.137812,22.137812,1,1,32.254027,32.254027
init,init,-1,,11057,188.Pileated_Woodpecker/Pileated_Woodpecker_0124_180168.jpg,188,187,188.Pileated_Woodpecker,129,128,horizontal_flip,horizontal_flip,0,"{""flipped"":true}",5.5155048,5.6819839,0.16647911,0.0040238947,0.0034067931,0.031129166,0.034992266,-0.027105272,-0.031585473,-0.0044802015,0.62300061,1.0294509,57.250106,58.936171,False,0.94082963,True,False,False,0.62300061,1.0294509,57.250106,58.936171,0.51008201,1.0234261,49.315169,50.470433,0.94069285,1.0465852,29.079007,30.433659,0.69323653,0.99576009,10.556814,10.512054,0.31596795,1.1018091,17.09304,18.833267,0.4165078,1.00865,22.315075,22.5081,0.40641197,1.0026226,22.137812,22.19587,0.64260625,1.0202105,32.254027,32.905899
init,init,-1,,11057,188.Pileated_Woodpecker/Pileated_Woodpecker_0124_180168.jpg,188,187,188.Pileated_Woodpecker,129,128,color_jitter,color_jitter,0,"{""brightness"":0.677637,""contrast"":1.284596,""hue"":-0.085468,""saturation"":0.97085}",5.5155048,5.6101584,0.094653606,0.0040238947,0.0036604893,0.031129166,0.020234566,-0.027105272,-0.016574077,0.010531195,0.7360684,1.0552905,57.250106,60.415493,False,0.92904997,False,False,False,0.7360684,1.0552905,57.250106,60.415493,0.6761745,1.0805411,49.315169,53.287068,0.92891057,0.97904426,29.079007,28.469635,0.70508747,1.6458373,10.556814,17.374798,0.58444852,1.200869,17.09304,20.526503,0.64426422,1.0712515,22.315075,23.905058,0.65310901,1.0507697,22.137812,23.261742,0.74618426,0.98225572,32.254027,31.681703
init,init,-1,,11057,188.Pileated_Woodpecker/Pileated_Woodpecker_0124_180168.jpg,188,187,188.Pileated_Woodpecker,129,128,rotation,rotation,0,"{""angle"":-7.908669}",5.5155048,5.4150229,-0.10048199,0.0040238947,0.0044492362,0.031129166,0.023846658,-0.027105272,-0.019397422,0.0077078501,0.7564619,0.8761153,57.250106,50.157694,False,0.9456591,True,False,False,0.7564619,0.8761153,57.250106,50.157694,0.68271536,0.84011406,49.315169,41.430367,0.94549549,0.97225564,29.079007,28.272229,0.49002463,0.66680413,10.556814,7.0393272,0.66132756,0.77076656,17.09304,13.174744,0.67051718,0.7702077,22.315075,17.187243,0.58202088,0.82906657,22.137812,18.35372,0.75638228,0.9097877,32.254027,29.344317
init,init,-1,,11057,188.Pileated_Woodpecker/Pileated_Woodpecker_0124_180168.jpg,188,187,188.Pileated_Woodpecker,129,128,random_resized_crop,random_resized_crop,0,"{""area_fraction"":0.539862,""aspect"":0.986635,""fallback"":false,""height"":0.739713,""left"":0.005676,""top"":0.022931,""width"":0.729827}",5.5155048,5.2718315,-0.24367332,0.0040238947,0.0051341974,0.031129166,0.023909256,-0.027105272,-0.018775058,0.0083302134,0.65020631,1.0351123,57.250106,59.260289,False,0.93000543,True,False,False,0.65020631,1.0351123,57.250106,59.260289,0.55700734,1.0456974,49.315169,51.568744,0.92977661,1.0040469,29.079007,29.196687,0.076002243,1.2878233,10.556814,13.595311,0.34766521,1.0960888,17.09304,18.73549,0.56130493,1.1024945,22.315075,24.602246,0.56416838,1.0985044,22.137812,24.318483,0.69496342,0.94387603,32.254027,30.443803
init,init,-1,,11057,188.Pileated_Woodpecker/Pileated_Woodpecker_0124_180168.jpg,188,187,188.Pileated_Woodpecker,129,128,gaussian_blur,gaussian_blur,0,"{""sigma"":1.888614}",5.5155048,5.8689299,0.35342503,0.0040238947,0.0028258967,0.031129166,0.018934624,-0.027105272,-0.016108728,0.010996544,0.53346117,1.0381387,57.250106,59.433549,False,0.86794913,False,False,False,0.53346117,1.0381387,57.250106,59.433549,0.43621952,1.0772969,49.315169,53.12708,0.86770368,0.91623488,29.079007,26.643201,-0.13856654,1.0481364,10.556814,11.064981,0.078737078,1.2858481,17.09304,21.979054,0.40376537,1.1530371,22.315075,25.73011,0.47799816,1.1021883,22.137812,24.400037,0.64001626,0.96040678,32.254027,30.976987
init,init,-1,,11057,188.Pileated_Woodpecker/Pileated_Woodpecker_0124_180168.jpg,188,187,188.Pileated_Woodpecker,129,128,random_erasing,random_erasing,0,"{""area_fraction"":0.06842,""erased"":true,""height"":0.360733,""left"":0.534814,""top"":0.635506,""width"":0.18967}",5.5155048,5.4172297,-0.098275185,0.0040238947,0.0044394271,0.031129166,0.02306675,-0.027105272,-0.018627323,0.0084779491,0.86750756,0.9712046,57.250106,55.601566,False,0.96673548,False,False,False,0.86750756,0.9712046,57.250106,55.601566,0.83145795,0.95685879,49.315169,47.187653,0.96657728,1.0113307,29.079007,29.408494,0.76758666,0.82803612,10.556814,8.7414232,0.78032652,0.98970848,17.09304,16.917127,0.83184891,0.90952507,22.315075,20.29612,0.81969214,0.93977223,22.137812,20.804501,0.85855237,0.98985112,32.254027,31.926685
init,init,-1,,1103,020.Yellow_breasted_Chat/Yellow_Breasted_Chat_0012_21961.jpg,20,19,020.Yellow_breasted_Chat,4,3,identity,identity,0,{},5.5992336,5.5992336,0,0.003700699,0.003700699,0.021188524,0.021188524,-0.017487825,-0.017487825,0,1,1,36.310968,36.310968,False,0.99999994,True,False,False,1,1,36.310968,36.310968,1,1,29.784343,29.784343,1,1,20.769672,20.769672,1,1,3.4320254,3.4320254,1,1,8.4067524,8.4067524,1,1,11.914962,11.914962,1,1,13.107511,13.107511,1,1,22.155849,22.155849
init,init,-1,,1103,020.Yellow_breasted_Chat/Yellow_Breasted_Chat_0012_21961.jpg,20,19,020.Yellow_breasted_Chat,4,3,horizontal_flip,horizontal_flip,0,"{""flipped"":true}",5.5992336,5.7279758,0.12874222,0.003700699,0.0032536562,0.021188524,0.018910386,-0.017487825,-0.015656729,0.0018310952,0.61378296,1.1341226,36.310968,41.181091,False,0.9556514,True,False,False,0.61378296,1.1341226,36.310968,41.181091,0.46107648,1.1628927,29.784343,34.635996,0.95565751,1.072536,20.769672,22.276222,0.29618797,1.4494275,3.4320254,4.974472,0.063466419,1.3622974,8.4067524,11.452497,0.36183754,1.1242488,11.914962,13.395381,0.36958974,1.1579679,13.107511,15.178077,0.59730904,1.1364088,22.155849,25.178103
init,init,-1,,1103,020.Yellow_breasted_Chat/Yellow_Breasted_Chat_0012_21961.jpg,20,19,020.Yellow_breasted_Chat,4,3,color_jitter,color_jitter,0,"{""brightness"":1.134761,""contrast"":1.029855,""hue"":-0.053014,""saturation"":1.291177}",5.5992336,5.734066,0.13483238,0.003700699,0.0032339015,0.021188524,0.033588011,-0.017487825,-0.030354109,-0.012866285,0.74086833,1.1199968,36.310968,40.668167,False,0.93090969,True,False,False,0.74086833,1.1199968,36.310968,40.668167,0.65058604,1.1281173,29.784343,33.600234,0.93086391,1.1031094,20.769672,22.911221,0.28556995,1.3171426,3.4320254,4.5204669,0.3784526,1.0929687,8.4067524,9.1883173,0.54469448,1.1785297,11.914962,14.042136,0.57294153,1.1792207,13.107511,15.456648,0.76351252,1.0944855,22.155849,24.249255
init,init,-1,,1103,020.Yellow_breasted_Chat/Yellow_Breasted_Chat_0012_21961.jpg,20,19,020.Yellow_breasted_Chat,4,3,rotation,rotation,0,"{""angle"":-6.691356}",5.5992336,5.6900663,0.09083271,0.003700699,0.0033793689,0.021188524,0.018909616,-0.017487825,-0.015530247,0.0019575772,0.76970249,1.0110929,36.310968,36.713761,False,0.96690345,True,False,False,0.76970249,1.0110929,36.310968,36.713761,0.67221311,1.0055053,29.784343,29.948313,0.96692635,1.0224876,20.769672,21.236732,0.41086872,1.1866305,3.4320254,4.0725461,0.53206003,1.0335241,8.4067524,8.6885809,0.55097732,0.9682323,11.914962,11.536451,0.57278994,0.98231931,13.107511,12.875761,0.76771509,1.0152317,22.155849,22.493321
init,init,-1,,1103,020.Yellow_breasted_Chat/Yellow_Breasted_Chat_0012_21961.jpg,20,19,020.Yellow_breasted_Chat,4,3,random_resized_crop,random_resized_crop,0,"{""area_fraction"":0.75131,""aspect"":0.940853,""fallback"":false,""height"":0.893611,""left"":0.019701,""top"":0.096733,""width"":0.840757}",5.5992336,5.7468104,0.14757681,0.003700699,0.0031929484,0.021188524,0.022205768,-0.017487825,-0.01901282,-0.0015249951,0.73751843,1.0405061,36.310968,37.781783,False,0.960886,True,False,False,0.73751843,1.0405061,36.310968,37.781783,0.63130879,1.0478818,29.784343,31.210472,0.96089099,1.0251715,20.769672,21.292476,0.51904436,1.3903597,3.4320254,4.7717497,0.34421391,1.0755528,8.4067524,9.0419057,0.56495277,1.1406202,11.914962,13.590446,0.55599203,1.0871029,13.107511,14.249213,0.7337823,0.99073489,22.155849,21.950573
init,init,-1,,1103,020.Yellow_breasted_Chat/Yellow_Breasted_Chat_0012_21961.jpg,20,19,020.Yellow_breasted_Chat,4,3,gaussian_blur,gaussian_blur,0,"{""sigma"":1.452352}",5.5992336,5.3236308,-0.27560282,0.003700699,0.0048750215,0.021188524,0.019890094,-0.017487825,-0.015015073,0.002472752,0.72117944,1.0371526,36.310968,37.660013,False,0.93115658,True,False,False,0.72117944,1.0371526,36.310968,37.660013,0.62128121,1.0443226,29.784343,31.104463,0.93116187,1.0222497,20.769672,21.231791,0.26547085,1.2783376,3.4320254,4.3872871,0.34249701,1.0659147,8.4067524,8.960881,0.57788299,1.1457439,11.914962,13.651494,0.56510884,1.07714,13.107511,14.118624,0.71359964,0.99116196,22.155849,21.960035
init,init,-1,,1103,020.Yellow_breasted_Chat/Yellow_Breasted_Chat_0012_21961.jpg,20,19,020.Yellow_breasted_Chat,4,3,random_erasing,random_erasing,0,"{""area_fraction"":0.142048,""erased"":true,""height"":0.543548,""left"":0.363769,""top"":0.379684,""width"":0.261336}",5.5992336,5.4265337,-0.17269993,0.003700699,0.0043983166,0.021188524,0.033006959,-0.017487825,-0.028608642,-0.011120817,0.72155526,1.2048173,36.310968,43.748081,False,0.90798807,True,False,False,0.72155526,1.2048173,36.310968,43.748081,0.63121339,1.2059251,29.784343,35.917687,0.90786375,1.2025358,20.769672,24.976275,0.043451083,0.9587811,3.4320254,3.290561,0.53287976,1.2342667,8.4067524,10.376175,0.5842914,1.1777014,11.914962,14.032267,0.61751033,1.1739241,13.107511,15.387223,0.67467094,1.2260697,22.155849,27.164615
init,init,-1,,9607,164.Cerulean_Warbler/Cerulean_Warbler_0060_797209.jpg,164,163,164.Cerulean_Warbler,129,128,identity,identity,0,{},6.3286858,6.3286858,0,0.0017843777,0.0017843777,0.042962834,0.042962834,-0.041178457,-0.041178457,0,1,1,58.124599,58.124599,False,1,True,False,False,1,1,58.124599,58.124599,1,1,46.339279,46.339279,1,1,35.087608,35.087608,1,1,6.263393,6.263393,1,1,13.868697,13.868697,1,1,18.807104,18.807104,1,1,21.081659,21.081659,1,1,33.430741,33.430741
init,init,-1,,9607,164.Cerulean_Warbler/Cerulean_Warbler_0060_797209.jpg,164,163,164.Cerulean_Warbler,129,128,horizontal_flip,horizontal_flip,0,"{""flipped"":true}",6.3286858,5.8230939,-0.50559187,0.0017843777,0.0029584377,0.042962834,0.030664403,-0.041178457,-0.027705965,0.013472491,0.73437071,0.94103271,58.124599,54.697149,False,0.97593284,True,False,False,0.73437071,0.94103271,58.124599,54.697149,0.60150068,0.95419702,46.339279,44.216802,0.97571913,0.91761994,35.087608,32.197089,0.50847282,1.0066349,6.263393,6.3049501,0.51255989,1.1108293,13.868697,15.405755,0.47333717,0.93760146,18.807104,17.633568,0.47539618,0.94397969,21.081659,19.900658,0.71652142,0.93212972,33.430741,31.161787
init,init,-1,,9607,164.Cerulean_Warbler/Cerulean_Warbler_0060_797209.jpg,164,163,164.Cerulean_Warbler,129,128,color_jitter,color_jitter,0,"{""brightness"":1.178304,""contrast"":1.191064,""hue"":-0.00968,""saturation"":0.675595}",6.3286858,6.4331026,0.10441685,0.0017843777,0.0016074555,0.042962834,0.039955724,-0.041178457,-0.038348268,0.002830188,0.87215972,1.0011869,58.124599,58.193587,False,0.98558009,True,False,False,0.87215972,1.0011869,58.124599,58.193587,0.80841786,1.0078713,46.339279,46.704028,0.98550548,0.98942007,35.087608,34.716384,0.67146829,1.1822475,6.263393,7.404881,0.60678361,1.0504802,13.868697,14.568791,0.75015637,0.92896401,18.807104,17.471123,0.76903521,0.97563723,21.081659,20.568051,0.88244213,1.0300965,33.430741,34.436891
init,init,-1,,9607,164.Cerulean_Warbler/Cerulean_Warbler_0060_797209.jpg,164,163,164.Cerulean_Warbler,129,128,rotation,rotation,0,"{""angle"":-6.393326}",6.3286858,6.1496964,-0.17898941,0.0017843777,0.0021341303,0.042962834,0.048562676,-0.041178457,-0.046428545,-0.0052500889,0.73992098,0.94395394,58.124599,54.866945,False,0.96148074,True,False,False,0.73992098,0.94395394,58.124599,54.866945,0.62027693,0.96256079,46.339279,44.604373,0.96125058,0.91059083,35.087608,31.950454,0.46601068,1.0631237,6.263393,6.6587615,0.4160011,1.097084,13.868697,15.215125,0.4723192,1.0134065,18.807104,19.059241,0.54681368,0.95441823,21.081659,20.12072,0.75251769,0.91983663,33.430741,30.75082
init,init,-1,,9607,164.Cerulean_Warbler/Cerulean_Warbler_0060_797209.jpg,164,163,164.Cerulean_Warbler,129,128,random_resized_crop,random_resized_crop,0,"{""area_fraction"":0.701648,""aspect"":1.015097,""fallback"":false,""height"":0.831392,""left"":0.056309,""top"":0.012136,""width"":0.843943}",6.3286858,6.3885722,0.059886456,0.0017843777,0.0016806544,0.042962834,0.037186511,-0.041178457,-0.035505857,0.0056726,0.74769449,1.0212929,58.124599,59.362239,False,0.96649969,True,False,False,0.74769449,1.0212929,58.124599,59.362239,0.64075604,1.0690296,46.339279,49.538061,0.96626969,0.93219953,35.087608,32.708652,0.52894763,1.158059,6.263393,7.2533784,0.43338469,1.1829169,13.868697,16.405516,0.57223511,1.2832728,18.807104,24.134645,0.58752255,1.0467896,21.081659,22.068062,0.7479743,0.97516257,33.430741,32.600407
init,init,-1,,9607,164.Cerulean_Warbler/Cerulean_Warbler_0060_797209.jpg,164,163,164.Cerulean_Warbler,129,128,gaussian_blur,gaussian_blur,0,"{""sigma"":1.882026}",6.3286858,5.5310993,-0.79758644,0.0017843777,0.0039616306,0.042962834,0.023860659,-0.041178457,-0.019899029,0.021279428,0.63629916,1.0315805,58.124599,59.960203,False,0.88348162,False,False,False,0.63629916,1.0315805,58.124599,59.960203,0.51626066,1.0822702,46.339279,50.151619,0.88266878,0.93662638,35.087608,32.863979,0.088763298,1.420837,6.263393,8.8992604,0.23793859,1.268107,13.868697,17.586991,0.52352029,1.0647663,18.807104,20.025171,0.4582642,1.0578035,21.081659,22.300254,0.61807747,1.0483827,33.430741,35.048209
init,init,-1,,9607,164.Cerulean_Warbler/Cerulean_Warbler_0060_797209.jpg,164,163,164.Cerulean_Warbler,129,128,random_erasing,random_erasing,0,"{""area_fraction"":0.192889,""erased"":true,""height"":0.264931,""left"":0.091809,""top"":0.382862,""width"":0.728073}",6.3286858,6.005085,-0.32360077,0.0017843777,0.0024661794,0.042962834,0.047097113,-0.041178457,-0.044630934,-0.003452477,0.67305231,1.1534487,58.124599,67.043742,False,0.91446805,True,False,False,0.67305231,1.1534487,58.124599,67.043742,0.55253665,1.2019046,46.339279,55.695391,0.91390692,1.0636632,35.087608,37.321397,0.35327115,1.1203202,6.263393,7.017006,0.35218891,1.3006287,13.868697,18.038025,0.50355216,1.2731247,18.807104,23.943789,0.483715,1.169563,21.081659,24.656329,0.64221865,1.176188,33.430741,39.320837
init,init,-1,,1186,022.Chuck_will_Widow/Chuck_Will_Widow_0007_796958.jpg,22,21,022.Chuck_will_Widow,129,128,identity,identity,0,{},5.1978893,5.1978893,0,0.00552822,0.00552822,0.021626972,0.021626972,-0.016098752,-0.016098752,0,1,1,45.295658,45.295658,False,0.99999988,True,False,False,1,1,45.295658,45.295658,1,1,38.972534,38.972534,1,1,23.083288,23.083288,1,1,4.8566656,4.8566656,1,1,13.935064,13.935064,1,1,18.048362,18.048362,1,1,17.55287,17.55287,1,1,25.830962,25.830962
init,init,-1,,1186,022.Chuck_will_Widow/Chuck_Will_Widow_0007_796958.jpg,22,21,022.Chuck_will_Widow,129,128,horizontal_flip,horizontal_flip,0,"{""flipped"":true}",5.1978893,5.2552156,0.057326317,0.00552822,0.0052202218,0.021626972,0.017238028,-0.016098752,-0.012017807,0.0040809452,0.61222004,0.96486086,45.295658,43.704007,False,0.94630015,True,False,False,0.61222004,0.96486086,45.295658,43.704007,0.49376472,0.96214884,38.972534,37.497378,0.94629263,0.97254996,23.083288,22.449651,0.46336258,1.0736537,4.8566656,5.2143772,0.17819023,0.93793536,13.935064,13.070189,0.40129387,0.97389843,18.048362,17.577271,0.42563042,0.95687093,17.55287,16.795831,0.6617591,0.961596,25.830962,24.83895
init,init,-1,,1186,022.Chuck_will_Widow/Chuck_Will_Widow_0007_796958.jpg,22,21,022.Chuck_will_Widow,129,128,color_jitter,color_jitter,0,"{""brightness"":0.889117,""contrast"":1.107581,""hue"":-0.06314,""saturation"":1.145098}",5.1978893,5.2847681,0.086878777,0.00552822,0.0050682076,0.021626972,0.018241175,-0.016098752,-0.013172967,0.0029257848,0.79212767,1.0727101,45.295658,48.58911,False,0.96103907,True,False,False,0.79212767,1.0727101,45.295658,48.58911,0.73677242,1.0891645,38.972534,42.447502,0.96102186,1.0243571,23.083288,23.645531,0.49240336,1.2168105,4.8566656,5.9096418,0.48441441,0.98350451,13.935064,13.705198,0.71238985,1.1369104,18.048362,20.51937,0.72430567,1.1130245,17.55287,19.536774,0.83363596,1.0786371,25.830962,27.862233
init,init,-1,,1186,022.Chuck_will_Widow/Chuck_Will_Widow_0007_796958.jpg,22,21,022.Chuck_will_Widow,129,128,rotation,rotation,0,"{""angle"":4.176394}",5.1978893,5.0405807,-0.15730858,0.00552822,0.0064699915,0.021626972,0.01856133,-0.016098752,-0.012091338,0.0040074135,0.71141606,0.9709324,45.295658,43.979022,False,0.94549596,True,False,False,0.71141606,0.9709324,45.295658,43.979022,0.63243,0.98012545,38.972534,38.197972,0.94549386,0.94423653,23.083288,21.796084,0.15330194,1.0204388,4.8566656,4.9559298,0.51938619,0.87825895,13.935064,12.238594,0.60829483,0.9322832,18.048362,16.826185,0.51519888,0.99832591,17.55287,17.523485,0.7433102,1.020259,25.830962,26.354272
init,init,-1,,1186,022.Chuck_will_Widow/Chuck_Will_Widow_0007_796958.jpg,22,21,022.Chuck_will_Widow,129,128,random_resized_crop,random_resized_crop,0,"{""area_fraction"":0.772384,""aspect"":0.993756,""fallback"":false,""height"":0.88161,""left"":0.027801,""top"":0.039309,""width"":0.876106}",5.1978893,5.0500512,-0.14783812,0.00552822,0.0064090043,0.021626972,0.01597175,-0.016098752,-0.0095627457,0.006536006,0.6287769,1.1515983,45.295658,52.162403,False,0.92904687,False,False,False,0.6287769,1.1515983,45.295658,52.162403,0.53269422,1.1759514,38.972534,45.829804,0.92897874,1.0791681,23.083288,24.910749,-0.045131909,1.2507131,4.8566656,6.0742952,0.25110013,1.1031954,13.935064,15.373098,0.51632781,1.2288406,18.048362,22.178559,0.46913189,1.2472667,17.55287,21.89311,0.67753017,1.1326151,25.830962,29.256538
init,init,-1,,1186,022.Chuck_will_Widow/Chuck_Will_Widow_0007_796958.jpg,22,21,022.Chuck_will_Widow,129,128,gaussian_blur,gaussian_blur,0,"{""sigma"":1.364274}",5.1978893,5.1755877,-0.022301674,0.00552822,0.0056528957,0.021626972,0.020845745,-0.016098752,-0.015192849,0.00090590259,0.62737397,1.0512589,45.295658,47.617462,False,0.91441321,True,False,False,0.62737397,1.0512589,45.295658,47.617462,0.52920816,1.0579511,38.972534,41.231035,0.91439292,1.0319445,23.083288,23.820672,0.31046065,0.97942081,4.8566656,4.7567193,0.24519236,0.88656214,13.935064,12.3543,0.45736428,1.0949302,18.048362,19.761696,0.45157048,1.1405667,17.55287,20.020219,0.68498398,1.0484136,25.830962,27.081532
init,init,-1,,1186,022.Chuck_will_Widow/Chuck_Will_Widow_0007_796958.jpg,22,21,022.Chuck_will_Widow,129,128,random_erasing,random_erasing,0,"{""area_fraction"":0.109667,""erased"":true,""height"":0.472554,""left"":0.104591,""top"":0.477517,""width"":0.232073}",5.1978893,5.129631,-0.068258286,0.00552822,0.0059187454,0.021626972,0.020763835,-0.016098752,-0.01484509,0.0012536622,0.83613448,1.0064177,45.295658,45.586352,False,0.96091223,True,False,False,0.83613448,1.0064177,45.295658,45.586352,0.79048377,0.99362629,38.972534,38.724134,0.96091003,1.0420183,23.083288,24.053209,0.66251533,0.84983846,4.8566656,4.1273812,0.71073385,0.94361086,13.935064,13.149277,0.76445688,0.95487155,18.048362,17.233867,0.74665075,0.98903157,17.55287,17.360342,0.84798972,1.0324407,25.830962,26.668936
init,init,-1,,7585,130.Tree_Sparrow/Tree_Sparrow_0041_123497.jpg,130,129,130.Tree_Sparrow,8,7,identity,identity,0,{},4.9035649,4.9035649,0,0.0074200844,0.0074200844,0.020290041,0.020290041,-0.012869957,-0.012869957,0,1,1,46.162096,46.162096,False,1,True,False,False,1,1,46.162096,46.162096,1,1,37.863389,37.863389,1,1,26.406493,26.406493,1,1,4.5830492,4.5830492,1,1,11.874026,11.874026,1,1,15.92087,15.92087,1,1,17.213798,17.213798,1,1,26.867275,26.867275
init,init,-1,,7585,130.Tree_Sparrow/Tree_Sparrow_0041_123497.jpg,130,129,130.Tree_Sparrow,8,7,horizontal_flip,horizontal_flip,0,"{""flipped"":true}",4.9035649,4.9202232,0.016658306,0.0074200844,0.0072975014,0.020290041,0.019188261,-0.012869957,-0.011890759,0.00097919768,0.66503427,1.0662345,46.162096,49.219618,False,0.96001303,False,False,False,0.66503427,1.0662345,46.162096,49.219618,0.5252455,1.0749581,37.863389,40.701556,0.95995401,1.0480709,26.406493,27.675875,0.16572987,1.1226466,4.5830492,5.1451447,0.23068492,1.1255498,11.874026,13.364807,0.4816734,1.0853571,15.92087,17.279829,0.43688518,1.0456834,17.213798,18.000184,0.647746,1.0716045,26.867275,28.791092
init,init,-1,,7585,130.Tree_Sparrow/Tree_Sparrow_0041_123497.jpg,130,129,130.Tree_Sparrow,8,7,color_jitter,color_jitter,0,"{""brightness"":1.314646,""contrast"":1.053178,""hue"":0.051403,""saturation"":1.109298}",4.9035649,5.0802922,0.17672729,0.0074200844,0.0062180911,0.020290041,0.016582061,-0.012869957,-0.010363969,0.0025059874,0.74234554,0.92766041,46.162096,42.822749,False,0.95085603,False,False,False,0.74234554,0.92766041,46.162096,42.822749,0.63625076,0.9126239,37.863389,34.555034,0.95075244,0.95783381,26.406493,25.293031,0.25968446,1.0791932,4.5830492,4.9459954,0.40483479,0.97221305,11.874026,11.544083,0.43480237,0.88576029,15.92087,14.102075,0.60142167,0.8661756,17.213798,14.910172,0.77899159,0.92313101,26.867275,24.802014
init,init,-1,,7585,130.Tree_Sparrow/Tree_Sparrow_0041_123497.jpg,130,129,130.Tree_Sparrow,8,7,rotation,rotation,0,"{""angle"":-10.755425}",4.9035649,4.9829721,0.079407215,0.0074200844,0.0068536648,0.020290041,0.014821544,-0.012869957,-0.0079678795,0.0049020774,0.67242085,1.0409314,46.162096,48.051577,False,0.93882322,False,False,False,0.67242085,1.0409314,46.162096,48.051577,0.53718531,1.0252866,37.863389,38.820825,0.93870086,1.0723801,26.406493,28.317797,0.21825021,1.2663588,4.5830492,5.8037844,0.29219177,1.0418736,11.874026,12.371234,0.28125216,0.96259589,15.92087,15.325364,0.45533219,0.98876441,17.213798,17.020391,0.7109655,1.0499502,26.867275,28.209299
init,init,-1,,7585,130.Tree_Sparrow/Tree_Sparrow_0041_123497.jpg,130,129,130.Tree_Sparrow,8,7,random_resized_crop,random_resized_crop,0,"{""area_fraction"":0.505761,""aspect"":0.822109,""fallback"":false,""height"":0.784346,""left"":0.164283,""top"":0.057344,""width"":0.644818}",4.9035649,4.7013164,-0.20224857,0.0074200844,0.0090833129,0.020290041,0.019054901,-0.012869957,-0.0099715879,0.002898369,0.64488572,1.1373311,46.162096,52.501588,False,0.9406451,False,False,False,0.64488572,1.1373311,46.162096,52.501588,0.50267206,1.1413543,37.863389,43.215541,0.94049464,1.1290146,26.406493,29.813315,0.12660269,1.8576001,4.5830492,8.5134725,0.26655274,1.3139322,11.874026,15.601664,0.36232111,1.1952107,15.92087,19.028795,0.43532596,1.0791339,17.213798,18.575994,0.66500782,1.0816425,26.867275,29.060786
init,init,-1,,7585,130.Tree_Sparrow/Tree_Sparrow_0041_123497.jpg,130,129,130.Tree_Sparrow,8,7,gaussian_blur,gaussian_blur,0,"{""sigma"":1.032966}",4.9035649,4.907125,0.0035600662,0.0074200844,0.007393714,0.020290041,0.023434248,-0.012869957,-0.016040534,-0.0031705769,0.76398249,1.0767489,46.162096,49.704985,False,0.96613801,False,False,False,0.76398249,1.0767489,46.162096,49.704985,0.66678693,1.0805762,37.863389,40.914278,0.96603955,1.068837,26.406493,28.224235,0.25264648,1.269919,4.5830492,5.8201014,0.4400789,1.2253044,11.874026,14.549296,0.5974377,1.0944271,15.92087,17.424232,0.60077246,1.0691872,17.213798,18.404774,0.78870779,1.0435436,26.867275,28.037172
init,init,-1,,7585,130.Tree_Sparrow/Tree_Sparrow_0041_123497.jpg,130,129,130.Tree_Sparrow,8,7,random_erasing,random_erasing,0,"{""area_fraction"":0.185863,""erased"":true,""height"":0.728269,""left"":0.737709,""top"":0.061896,""width"":0.255213}",4.9035649,5.1331491,0.22958422,0.0074200844,0.0058979574,0.020290041,0.019990867,-0.012869957,-0.01409291,-0.0012229527,0.85183803,1.0572846,46.162096,48.806472,False,0.96901935,False,False,False,0.85183803,1.0572846,46.162096,48.806472,0.7960992,1.0644262,37.863389,40.302782,0.96897726,1.042448,26.406493,27.527395,0.5101994,1.1457955,4.5830492,5.2512371,0.68922529,1.0652882,11.874026,12.64926,0.77845672,1.0516424,15.92087,16.743062,0.77757296,1.0575347,17.213798,18.20419,0.83953497,1.0690711,26.867275,28.723028
init,init,-1,,1286,023.Brandt_Cormorant/Brandt_Cormorant_0063_22865.jpg,23,22,023.Brandt_Cormorant,58,57,identity,identity,0,{},6.3339243,6.3339243,0,0.0017750543,0.0017750543,0.027127372,0.027127372,-0.025352318,-0.025352318,0,1,1,56.082175,56.082175,False,0.99999994,True,False,False,1,1,56.082175,56.082175,1,1,48.074168,48.074168,1,1,28.880525,28.880525,1,1,6.5563609,6.5563609,1,1,13.495481,13.495481,1,1,16.683224,16.683224,1,1,20.665561,20.665561,1,1,37.156646,37.156646
init,init,-1,,1286,023.Brandt_Cormorant/Brandt_Cormorant_0063_22865.jpg,23,22,023.Brandt_Cormorant,58,57,horizontal_flip,horizontal_flip,0,"{""flipped"":true}",6.3339243,6.0834184,-0.25050592,0.0017750543,0.0022803682,0.027127372,0.023555411,-0.025352318,-0.021275043,0.0040772751,0.63336072,0.9332294,56.082175,52.337535,False,0.95461994,True,False,False,0.63336072,0.9332294,56.082175,52.337535,0.52300347,0.94463533,48.074168,45.412557,0.95452949,0.90087116,28.880525,26.017632,0.19011559,1.079191,6.5563609,7.0755657,0.16401651,1.1878465,13.495481,16.03056,0.39420125,1.0238067,16.683224,17.080397,0.40091537,0.90654691,20.665561,18.734301,0.6696693,0.89768107,37.156646,33.354818
init,init,-1,,1286,023.Brandt_Cormorant/Brandt_Cormorant_0063_22865.jpg,23,22,023.Brandt_Cormorant,58,57,color_jitter,color_jitter,0,"{""brightness"":1.187783,""contrast"":1.007096,""hue"":0.099264,""saturation"":0.640056}",6.3339243,6.2122698,-0.12165451,0.0017750543,0.0020046819,0.027127372,0.025200423,-0.025352318,-0.023195741,0.0021565768,0.80389105,0.97078457,56.082175,54.44371,False,0.9543283,True,False,False,0.80389105,0.97078457,56.082175,54.44371,0.75152025,0.97917386,48.074168,47.072969,0.95423841,0.94715097,28.880525,27.354217,0.27975186,0.9541387,6.5563609,6.2556776,0.43359038,0.96673146,13.495481,13.046506,0.61163423,1.0223929,16.683224,17.05681,0.7312287,1.0079338,20.665561,20.829518,0.84500203,0.96351702,37.156646,35.801061
init,init,-1,,1286,023.Brandt_Cormorant/Brandt_Cormorant_0063_22865.jpg,23,22,023.Brandt_Cormorant,58,57,rotation,rotation,0,"{""angle"":3.888311}",6.3339243,6.1255341,-0.20839024,0.0017750543,0.0021863235,0.027127372,0.019283896,-0.025352318,-0.017097573,0.008254745,0.77615777,1.0201549,56.082175,57.212506,False,0.97130823,False,False,False,0.77615777,1.0201549,56.082175,57.212506,0.70748744,1.0264723,48.074168,49.3468,0.97115525,1.0024425,28.880525,28.951065,0.11836407,1.1900331,6.5563609,7.8022866,0.29435438,1.1152256,13.495481,15.050506,0.54873383,1.090096,16.683224,18.186315,0.66121194,1.045452,20.665561,21.604852,0.8428985,0.98892374,37.156646,36.74509
init,init,-1,,1286,023.Brandt_Cormorant/Brandt_Cormorant_0063_22865.jpg,23,22,023.Brandt_Cormorant,58,57,random_resized_crop,random_resized_crop,0,"{""area_fraction"":0.629938,""aspect"":1.007303,""fallback"":false,""height"":0.790804,""left"":0.036089,""top"":0.060395,""width"":0.796579}",6.3339243,6.538137,0.20421267,0.0017750543,0.0014471821,0.027127372,0.02256427,-0.025352318,-0.021117087,0.0042352304,0.68761831,1.0390468,56.082175,58.272003,False,0.91338754,False,False,False,0.68761831,1.0390468,56.082175,58.272003,0.61679797,1.0702494,48.074168,51.45135,0.91322229,0.94723436,28.880525,27.356625,0.42588293,1.5445572,6.5563609,10.126675,0.43339824,1.4236868,13.495481,19.213337,0.54965794,1.1474263,16.683224,19.142769,0.51374654,1.0620916,20.665561,21.948718,0.72128477,0.9805186,37.156646,36.432783
init,init,-1,,1286,023.Brandt_Cormorant/Brandt_Cormorant_0063_22865.jpg,23,22,023.Brandt_Cormorant,58,57,gaussian_blur,gaussian_blur,0,"{""sigma"":1.95878}",6.3339243,5.9515419,-0.38238239,0.0017750543,0.0026018247,0.027127372,0.021891804,-0.025352318,-0.01928998,0.0060623381,0.49722249,1.2002456,56.082175,67.312383,False,0.88124603,True,False,False,0.49722249,1.2002456,56.082175,67.312383,0.39921345,1.2790105,48.074168,61.487364,0.88105548,0.94842089,28.880525,27.390893,-0.069649688,2.1587085,6.5563609,14.153272,-0.016300574,1.9982002,13.495481,26.966672,0.24080172,1.8249156,16.683224,30.445475,0.40081829,1.2411931,20.665561,25.649953,0.64814489,0.95847332,37.156646,35.613654
init,init,-1,,1286,023.Brandt_Cormorant/Brandt_Cormorant_0063_22865.jpg,23,22,023.Brandt_Cormorant,58,57,random_erasing,random_erasing,0,"{""area_fraction"":0.158468,""erased"":true,""height"":0.445117,""left"":0.116659,""top"":0.475086,""width"":0.356013}",6.3339243,6.1418386,-0.19208574,0.0017750543,0.0021509656,0.027127372,0.026258741,-0.025352318,-0.024107775,0.0012445429,0.83923874,1.1034969,56.082175,61.886507,False,0.95871675,True,False,False,0.83923874,1.1034969,56.082175,61.886507,0.80012786,1.1257665,48.074168,54.120287,0.95863577,1.0393013,28.880525,30.015567,0.61413233,1.2508397,6.5563609,8.2009565,0.58581153,1.2851643,13.495481,17.34391,0.79171862,1.2928573,16.683224,21.569028,0.77223808,1.1427963,20.665561,23.616527,0.85771662,1.0554512,37.156646,39.217028
init,init,-1,,4426,076.Dark_eyed_Junco/Dark_Eyed_Junco_0096_68514.jpg,76,75,076.Dark_eyed_Junco,129,128,identity,identity,0,{},5.5292673,5.5292673,0,0.0039688959,0.0039688959,0.032379549,0.032379549,-0.028410653,-0.028410653,0,1,1,57.871573,57.871573,False,1,True,False,False,1,1,57.871573,57.871573,1,1,48.485725,48.485725,1,1,31.595149,31.595149,1,1,5.9528986,5.9528986,1,1,16.283871,16.283871,1,1,23.206449,23.206449,1,1,22.365738,22.365738,1,1,31.804064,31.804064
init,init,-1,,4426,076.Dark_eyed_Junco/Dark_Eyed_Junco_0096_68514.jpg,76,75,076.Dark_eyed_Junco,129,128,horizontal_flip,horizontal_flip,0,"{""flipped"":true}",5.5292673,5.4986143,-0.030653,0.0039688959,0.0040924372,0.032379549,0.035071485,-0.028410653,-0.030979048,-0.0025683944,0.7482666,0.96212695,57.871573,55.6798,False,0.96935683,False,False,False,0.7482666,0.96212695,57.871573,55.6798,0.65246683,0.9559019,48.485725,46.347596,0.96920477,0.97663008,31.595149,30.856773,0.57883001,1.0908947,5.9528986,6.4939855,0.58558506,0.93048525,16.283871,15.151902,0.61576859,0.94461239,23.206449,21.921099,0.5737524,0.96771348,22.365738,21.643626,0.7313997,0.9575095,31.804064,30.452694
init,init,-1,,4426,076.Dark_eyed_Junco/Dark_Eyed_Junco_0096_68514.jpg,76,75,076.Dark_eyed_Junco,129,128,color_jitter,color_jitter,0,"{""brightness"":1.250656,""contrast"":1.00047,""hue"":0.07384,""saturation"":0.69346}",5.5292673,5.7634611,0.2341938,0.0039688959,0.0031402237,0.032379549,0.024693025,-0.028410653,-0.021552802,0.0068578515,0.80787013,0.93134038,57.871573,53.898133,False,0.96117276,True,False,False,0.80787013,0.93134038,57.871573,53.898133,0.74291068,0.93163662,48.485725,45.171077,0.96101199,0.93064237,31.595149,29.403784,0.64361016,1.1381047,5.9528986,6.7750217,0.59539193,0.87585354,16.283871,14.262286,0.71114544,0.84551349,23.206449,19.621366,0.67833069,0.97020127,22.365738,21.699268,0.83261942,0.96157393,31.804064,30.581959
init,init,-1,,4426,076.Dark_eyed_Junco/Dark_Eyed_Junco_0096_68514.jpg,76,75,076.Dark_eyed_Junco,129,128,rotation,rotation,0,"{""angle"":8.12498}",5.5292673,5.4367294,-0.09253788,0.0039688959,0.0043536983,0.032379549,0.021344291,-0.028410653,-0.016990593,0.01142006,0.68906296,0.87815027,57.871573,50.819937,False,0.93505037,False,False,False,0.68906296,0.87815027,57.871573,50.819937,0.59125958,0.8935164,48.485725,43.32279,0.93472123,0.84085477,31.595149,26.566932,0.24977716,1.1150307,5.9528986,6.637665,0.32685101,1.0033794,16.283871,16.338902,0.63574838,0.88689647,23.206449,20.581717,0.56291215,0.87299986,22.365738,19.525286,0.6789233,0.8673817,31.804064,27.586263
init,init,-1,,4426,076.Dark_eyed_Junco/Dark_Eyed_Junco_0096_68514.jpg,76,75,076.Dark_eyed_Junco,129,128,random_resized_crop,random_resized_crop,0,"{""area_fraction"":0.708024,""aspect"":0.806838,""fallback"":false,""height"":0.936766,""left"":0.040268,""top"":0.04859,""width"":0.755818}",5.5292673,5.4414139,-0.087853432,0.0039688959,0.0043333517,0.032379549,0.036646083,-0.028410653,-0.032312731,-0.0039020781,0.73302777,0.95736965,57.871573,55.404487,False,0.95973814,True,False,False,0.73302777,0.95736965,57.871573,55.404487,0.63839283,0.96188239,48.485725,46.637565,0.95954114,0.94665726,31.595149,29.909777,0.47071603,1.1440594,5.9528986,6.8104699,0.42847951,1.0459837,16.283871,17.032664,0.62607585,1.0093557,23.206449,23.423562,0.57628837,0.92300409,22.365738,20.643668,0.74808993,0.92408069,31.804064,29.389522
init,init,-1,,4426,076.Dark_eyed_Junco/Dark_Eyed_Junco_0096_68514.jpg,76,75,076.Dark_eyed_Junco,129,128,gaussian_blur,gaussian_blur,0,"{""sigma"":1.703614}",5.5292673,5.3460488,-0.18321848,0.0039688959,0.004766949,0.032379549,0.021913582,-0.028410653,-0.017146633,0.01126402,0.58842384,0.81486946,57.871573,47.157777,False,0.84232193,True,False,False,0.58842384,0.81486946,57.871573,47.157777,0.50451184,0.859929,48.485725,41.694281,0.84173334,0.69734659,31.595149,22.032769,0.19007744,0.92278393,5.9528986,5.4932392,0.34304,0.92684412,16.283871,15.09261,0.51097157,0.91213187,23.206449,21.167341,0.44830287,0.8461775,22.365738,18.925384,0.59169147,0.81643096,31.804064,25.965823
init,init,-1,,4426,076.Dark_eyed_Junco/Dark_Eyed_Junco_0096_68514.jpg,76,75,076.Dark_eyed_Junco,129,128,random_erasing,random_erasing,0,"{""area_fraction"":0.082677,""erased"":true,""height"":0.283205,""left"":0.399249,""top"":0.533503,""width"":0.291932}",5.5292673,5.4291782,-0.10008907,0.0039688959,0.0043867007,0.032379549,0.02881569,-0.028410653,-0.02442899,0.0039816634,0.90624152,1.0298098,57.871573,59.59671,False,0.97315943,False,False,False,0.90624152,1.0298098,57.871573,59.59671,0.87866402,1.0375031,48.485725,50.304089,0.97306516,1.011461,31.595149,31.957261,0.89969754,1.1003237,5.9528986,6.5501154,0.88916037,1.0169243,16.283871,16.559464,0.89222988,1.0676233,23.206449,24.775746,0.84617545,1.0140115,22.365738,22.679116,0.88387625,1.0357921,31.804064,32.942399
init,init,-1,,3621,063.Ivory_Gull/Ivory_Gull_0089_49699.jpg,63,62,063.Ivory_Gull,27,26,identity,identity,0,{},6.1254063,6.1254063,0,0.002186602,0.002186602,0.046455167,0.046455167,-0.044268565,-0.044268565,0,1,1,52.012806,52.012806,False,1,True,False,False,1,1,52.012806,52.012806,1,1,44.584605,44.584605,1,1,26.78703,26.78703,1,1,7.5909034,7.5909034,1,1,16.071257,16.071257,1,1,20.384307,20.384307,1,1,19.498593,19.498593,1,1,29.60008,29.60008
init,init,-1,,3621,063.Ivory_Gull/Ivory_Gull_0089_49699.jpg,63,62,063.Ivory_Gull,27,26,horizontal_flip,horizontal_flip,0,"{""flipped"":true}",6.1254063,6.1219931,-0.0034132004,0.002186602,0.0021940789,0.046455167,0.049403083,-0.044268565,-0.047209004,-0.0029404385,0.67899262,1.0882419,52.012806,56.602516,False,0.95404971,True,False,False,0.67899262,1.0882419,52.012806,56.602516,0.58371586,1.0993641,44.584605,49.014713,0.95395224,1.0568196,26.78703,28.309059,0.49164745,1.0298921,7.5909034,7.8178117,0.45273322,1.1870666,16.071257,19.077652,0.51299799,1.194701,20.384307,24.353152,0.53166202,1.0713918,19.498593,20.890632,0.6983109,1.0401168,29.60008,30.78754
init,init,-1,,3621,063.Ivory_Gull/Ivory_Gull_0089_49699.jpg,63,62,063.Ivory_Gull,27,26,color_jitter,color_jitter,0,"{""brightness"":1.132275,""contrast"":1.170446,""hue"":-0.088355,""saturation"":1.029595}",6.1254063,6.3799453,0.25453901,0.002186602,0.0016952157,0.046455167,0.036973704,-0.044268565,-0.035278488,0.0089900773,0.80198377,1.0774095,52.012806,56.039088,False,0.93749958,True,False,False,0.80198377,1.0774095,52.012806,56.039088,0.75309584,1.0772128,44.584605,48.027107,0.93732311,1.077954,26.78703,28.875187,0.77722983,1.353094,7.5909034,10.271206,0.65992852,0.96713421,16.071257,15.543062,0.77697206,1.0526684,20.384307,21.457917,0.72080833,1.095749,19.498593,21.365563,0.78157126,1.0908466,29.60008,32.289147
init,init,-1,,3621,063.Ivory_Gull/Ivory_Gull_0089_49699.jpg,63,62,063.Ivory_Gull,27,26,rotation,rotation,0,"{""angle"":1.575944}",6.1254063,5.6123438,-0.51306248,0.002186602,0.0036524991,0.046455167,0.039352436,-0.044268565,-0.035699937,0.0085686287,0.73346288,0.94353133,52.012806,49.075712,False,0.95723885,True,False,False,0.73346288,0.94353133,52.012806,49.075712,0.65509339,0.95064773,44.584605,42.384253,0.95716891,0.92353072,26.78703,24.738645,0.040380236,0.81454517,7.5909034,6.1831337,0.36201083,1.0196569,16.071257,16.387167,0.62127933,0.94534745,20.384307,19.270253,0.67325487,0.95677211,19.498593,18.65571,0.79333364,0.93762762,29.60008,27.753853
init,init,-1,,3621,063.Ivory_Gull/Ivory_Gull_0089_49699.jpg,63,62,063.Ivory_Gull,27,26,random_resized_crop,random_resized_crop,0,"{""area_fraction"":0.681789,""aspect"":1.268379,""fallback"":false,""height"":0.733163,""left"":0.017402,""top"":0.258509,""width"":0.929928}",6.1254063,6.2277155,0.10230923,0.002186602,0.0019739561,0.046455167,0.055579185,-0.044268565,-0.053605229,-0.0093366641,0.72680076,1.0662914,52.012806,55.460806,False,0.94876856,True,False,False,0.72680076,1.0662914,52.012806,55.460806,0.64025798,1.0405133,44.584605,46.390874,0.94861288,1.134649,26.78703,30.393877,0.57213335,1.0665607,7.5909034,8.0961596,0.53632905,1.0341654,16.071257,16.620337,0.5721924,0.92653989,20.384307,18.886874,0.57856442,1.0413329,19.498593,20.304527,0.72916022,1.090194,29.60008,32.269831
init,init,-1,,3621,063.Ivory_Gull/Ivory_Gull_0089_49699.jpg,63,62,063.Ivory_Gull,27,26,gaussian_blur,gaussian_blur,0,"{""sigma"":1.944306}",6.1254063,5.9916878,-0.13371849,0.002186602,0.0024994416,0.046455167,0.029835295,-0.044268565,-0.027335853,0.016932712,0.6218887,1.1981928,52.012806,62.321368,False,0.90363789,True,False,False,0.6218887,1.1981928,52.012806,62.321368,0.53237948,1.2323936,44.584605,54.945779,0.90337247,1.0978979,26.78703,29.409424,0.14383282,1.6387944,7.5909034,12.43993,0.32259002,1.5091789,16.071257,24.254401,0.50022933,1.2305131,20.384307,25.083158,0.52419505,1.2112346,19.498593,23.617371,0.68353441,1.1148955,29.60008,33.000997
init,init,-1,,3621,063.Ivory_Gull/Ivory_Gull_0089_49699.jpg,63,62,063.Ivory_Gull,27,26,random_erasing,random_erasing,0,"{""area_fraction"":0.102621,""erased"":true,""height"":0.198628,""left"":0.177156,""top"":0.36699,""width"":0.516652}",6.1254063,6.0152335,-0.11017275,0.002186602,0.0024412782,0.046455167,0.037958007,-0.044268565,-0.035516729,0.0087518361,0.80934078,1.1045964,52.012806,57.453159,False,0.94710952,True,False,False,0.80934078,1.1045964,52.012806,57.453159,0.76458952,1.1288981,44.584605,50.331477,0.94698253,1.0342967,26.78703,27.705737,0.67826612,1.5569329,7.5909034,11.818527,0.7592271,1.1817946,16.071257,18.992924,0.7735662,1.0577283,20.384307,21.561058,0.72651671,1.1314146,19.498593,22.060992,0.79175658,1.1109043,29.60008,32.882857
init,init,-1,,3866,067.Anna_Hummingbird/Anna_Hummingbird_0127_56520.jpg,67,66,067.Anna_Hummingbird,129,128,identity,identity,0,{},5.0524201,5.0524201,0,0.0063938415,0.0063938415,0.036626343,0.036626343,-0.030232501,-0.030232501,0,1,1,54.201406,54.201406,False,0.99999988,True,False,False,1,1,54.201406,54.201406,1,1,46.41938,46.41938,1,1,27.982738,27.982738,1,1,7.5261259,7.5261259,1,1,16.515444,16.515444,1,1,21.594309,21.594309,1,1,21.504201,21.504201,1,1,29.943472,29.943472
init,init,-1,,3866,067.Anna_Hummingbird/Anna_Hummingbird_0127_56520.jpg,67,66,067.Anna_Hummingbird,129,128,horizontal_flip,horizontal_flip,0,"{""flipped"":true}",5.0524201,4.7961588,-0.25626135,0.0063938415,0.008261417,0.036626343,0.039650116,-0.030232501,-0.031388699,-0.0011561979,0.65331761,0.9843275,54.201406,53.351935,False,0.9465245,True,False,False,0.65331761,0.9843275,54.201406,53.351935,0.54528247,0.9805608,46.41938,45.517024,0.94645598,0.99461912,27.982738,27.832166,0.058860554,0.83459307,7.5261259,6.2812526,0.43569924,1.017527,16.515444,16.80491,0.56968417,0.97990868,21.594309,21.160451,0.48114097,0.99139166,21.504201,21.319086,0.62802556,0.97232585,29.943472,29.114812
init,init,-1,,3866,067.Anna_Hummingbird/Anna_Hummingbird_0127_56520.jpg,67,66,067.Anna_Hummingbird,129,128,color_jitter,color_jitter,0,"{""brightness"":0.609444,""contrast"":1.389755,""hue"":0.030631,""saturation"":0.602028}",5.0524201,5.2568121,0.20439196,0.0063938415,0.0052118953,0.036626343,0.041422788,-0.030232501,-0.036210893,-0.0059783915,0.81728324,1.0233608,54.201406,55.467595,False,0.96299851,True,False,False,0.81728324,1.0233608,54.201406,55.467595,0.76474319,1.0252728,46.41938,47.592528,0.96289965,1.0180808,27.982738,28.488689,0.60732761,1.5339724,7.5261259,11.544869,0.7109505,1.1249016,16.515444,18.578249,0.73168245,0.98883952,21.594309,21.353306,0.72361134,0.969461,21.504201,20.847485,0.84432446,0.99967682,29.943472,29.933795
init,init,-1,,3866,067.Anna_Hummingbird/Anna_Hummingbird_0127_56520.jpg,67,66,067.Anna_Hummingbird,129,128,rotation,rotation,0,"{""angle"":-4.439626}",5.0524201,5.1051927,0.052772522,0.0063938415,0.0060651721,0.036626343,0.035408352,-0.030232501,-0.029343179,0.00088932179,0.75952725,0.92884049,54.201406,50.344461,False,0.95103025,True,False,False,0.75952725,0.92884049,54.201406,50.344461,0.68458246,0.90652228,46.41938,42.080202,0.95081881,0.98765595,27.982738,27.637318,0.77061985,0.79115545,7.5261259,5.9543356,0.58848818,0.79801158,16.515444,13.179515,0.58474452,0.78405669,21.594309,16.931162,0.64944966,0.94182272,21.504201,20.253145,0.76993124,0.98206332,29.943472,29.406386
init,init,-1,,3866,067.Anna_Hummingbird/Anna_Hummingbird_0127_56520.jpg,67,66,067.Anna_Hummingbird,129,128,random_resized_crop,random_resized_crop,0,"{""area_fraction"":0.642209,""aspect"":0.854108,""fallback"":false,""height"":0.867125,""left"":0.182549,""top"":0.032522,""width"":0.740619}",5.0524201,4.9930739,-0.059346199,0.0063938415,0.0067847776,0.036626343,0.034521025,-0.030232501,-0.027736247,0.0024962542,0.72528047,1.0273109,54.201406,55.681696,False,0.95080268,True,False,False,0.72528047,1.0273109,54.201406,55.681696,0.64601278,1.0358458,46.41938,48.083322,0.95072309,1.0034497,27.982738,28.07927,0.59652386,0.96055883,7.5261259,7.2292867,0.51726524,0.98246807,16.515444,16.225896,0.63174636,1.0559693,21.594309,22.802926,0.59544506,1.0311667,21.504201,22.174417,0.71920683,1.0480177,29.943472,31.38129
init,init,-1,,3866,067.Anna_Hummingbird/Anna_Hummingbird_0127_56520.jpg,67,66,067.Anna_Hummingbird,129,128,gaussian_blur,gaussian_blur,0,"{""sigma"":1.643896}",5.0524201,4.4254389,-0.62698126,0.0063938415,0.011968958,0.036626343,0.028938176,-0.030232501,-0.016969218,0.013263283,0.63094031,1.1630095,54.201406,63.036749,False,0.92423052,True,False,False,0.63094031,1.1630095,54.201406,63.036749,0.54004501,1.2033353,46.41938,55.858078,0.92407313,1.0440308,27.982738,29.214841,0.37281338,1.1067051,7.5261259,8.329202,0.32690789,1.3863915,16.515444,22.896871,0.40712651,1.3444604,21.594309,29.032693,0.56106427,1.1944743,21.504201,25.686216,0.71822979,1.0685778,29.943472,31.99693
init,init,-1,,3866,067.Anna_Hummingbird/Anna_Hummingbird_0127_56520.jpg,67,66,067.Anna_Hummingbird,129,128,random_erasing,random_erasing,0,"{""area_fraction"":0.080488,""erased"":true,""height"":0.163582,""left"":0.4999,""top"":0.387143,""width"":0.492033}",5.0524201,4.7786245,-0.2737956,0.0063938415,0.0084075574,0.036626343,0.047985822,-0.030232501,-0.039578265,-0.0093457634,0.81869594,1.026385,54.201406,55.63151,False,0.96325457,True,False,False,0.81869594,1.026385,54.201406,55.63151,0.76455123,1.0168203,46.41938,47.200168,0.96302331,1.0522565,27.982738,29.445017,0.75959243,0.91270553,7.5261259,6.8691367,0.73006486,0.92187492,16.515444,15.225173,0.77109794,0.99578658,21.594309,21.503323,0.71946632,1.0335025,21.504201,22.224646,0.79543744,1.0521344,29.943472,31.504557
init,init,-1,,9639,164.Cerulean_Warbler/Cerulean_Warbler_0078_163271.jpg,164,163,164.Cerulean_Warbler,95,94,identity,identity,0,{},6.5828238,6.5828238,0,0.0013839359,0.0013839359,0.026701972,0.026701972,-0.025318036,-0.025318036,0,1,1,56.718118,56.718118,False,1,True,False,False,1,1,56.718118,56.718118,1,1,50.280656,50.280656,1,1,26.24501,26.24501,1,1,8.3675787,8.3675787,1,1,17.829752,17.829752,1,1,20.242703,20.242703,1,1,23.849953,23.849953,1,1,34.082851,34.082851
init,init,-1,,9639,164.Cerulean_Warbler/Cerulean_Warbler_0078_163271.jpg,164,163,164.Cerulean_Warbler,95,94,horizontal_flip,horizontal_flip,0,"{""flipped"":true}",6.5828238,6.3052406,-0.27758312,0.0013839359,0.001826707,0.026701972,0.016852789,-0.025318036,-0.015026082,0.010291954,0.59651635,1.0031128,56.718118,56.894671,False,0.9438405,False,False,False,0.59651635,1.0031128,56.718118,56.894671,0.50408947,1.0079304,50.280656,50.679401,0.94369507,0.9852287,26.24501,25.857337,0.26320503,0.91317093,8.3675787,7.6410297,0.41787983,1.0710494,17.829752,19.096546,0.41690016,1.111525,20.242703,22.500271,0.39933999,1.0024928,23.849953,23.909405,0.63563809,0.95858591,34.082851,32.671341
init,init,-1,,9639,164.Cerulean_Warbler/Cerulean_Warbler_0078_163271.jpg,164,163,164.Cerulean_Warbler,95,94,color_jitter,color_jitter,0,"{""brightness"":0.697682,""contrast"":0.930653,""hue"":0.073765,""saturation"":1.153727}",6.5828238,6.5954151,0.012591362,0.0013839359,0.0013666195,0.026701972,0.021315837,-0.025318036,-0.019949218,0.0053688182,0.81030095,1.0381034,56.718118,58.879273,False,0.96468884,False,False,False,0.81030095,1.0381034,56.718118,58.879273,0.77171414,1.0537953,50.280656,52.985518,0.96463392,0.97835399,26.24501,25.67691,0.71154127,1.457163,8.3675787,12.192926,0.71260973,1.2799032,17.829752,22.820355,0.67407627,1.0743727,20.242703,21.748208,0.7664792,0.96494648,23.849953,23.013928,0.849803,0.98864238,34.082851,33.695751
init,init,-1,,9639,164.Cerulean_Warbler/Cerulean_Warbler_0078_163271.jpg,164,163,164.Cerulean_Warbler,95,94,rotation,rotation,0,"{""angle"":-13.005491}",6.5828238,6.6290321,0.046208382,0.0013839359,0.0013214411,0.026701972,0.018942866,-0.025318036,-0.017621425,0.0076966106,0.62686851,0.92773623,56.718118,52.619453,False,0.9212302,False,False,False,0.62686851,0.92773623,56.718118,52.619453,0.53450812,0.89147295,50.280656,44.823845,0.92101446,1.050157,26.24501,27.561382,0.67582436,0.9345101,8.3675787,7.8195868,0.32710685,0.79519193,17.829752,14.178075,0.32562976,0.8496415,20.242703,17.19904,0.46842894,0.87344442,23.849953,20.831608,0.673059,0.93578921,34.082851,31.894364
init,init,-1,,9639,164.Cerulean_Warbler/Cerulean_Warbler_0078_163271.jpg,164,163,164.Cerulean_Warbler,95,94,random_resized_crop,random_resized_crop,0,"{""area_fraction"":0.896385,""aspect"":1.014273,""fallback"":false,""height"":0.940091,""left"":0.021816,""top"":0.050298,""width"":0.953509}",6.5828238,6.4409847,-0.14183903,0.0013839359,0.0015948351,0.026701972,0.01928254,-0.025318036,-0.017687705,0.0076303307,0.76926164,0.9556436,56.718118,54.202307,False,0.96059966,False,False,False,0.76926164,0.9556436,56.718118,54.202307,0.7123603,0.93249938,50.280656,46.886681,0.96049679,1.0361698,26.24501,27.194287,0.54861824,0.96341426,8.3675787,8.0614447,0.57424591,1.0112206,17.829752,18.029813,0.56050194,0.90311338,20.242703,18.281456,0.69521101,0.88342901,23.849953,21.06974,0.82364205,0.94170573,34.082851,32.096016
init,init,-1,,9639,164.Cerulean_Warbler/Cerulean_Warbler_0078_163271.jpg,164,163,164.Cerulean_Warbler,95,94,gaussian_blur,gaussian_blur,0,"{""sigma"":1.740528}",6.5828238,6.3441467,-0.23867702,0.0013839359,0.0017570013,0.026701972,0.014812942,-0.025318036,-0.01305594,0.012262096,0.5103969,1.1523795,56.718118,65.360794,False,0.8566159,False,False,False,0.5103969,1.1523795,56.718118,65.360794,0.43272524,1.1906981,50.280656,59.869081,0.85650265,0.9992201,26.24501,26.224541,0.32423447,1.5064357,8.3675787,12.605219,0.39122092,1.4943952,17.829752,26.644695,0.31554725,1.3556996,20.242703,27.443024,0.33086417,1.1219212,23.849953,26.757766,0.57852452,1.0358311,34.082851,35.304078
init,init,-1,,9639,164.Cerulean_Warbler/Cerulean_Warbler_0078_163271.jpg,164,163,164.Cerulean_Warbler,95,94,random_erasing,random_erasing,0,"{""area_fraction"":0.097249,""erased"":true,""height"":0.179964,""left"":0.253876,""top"":0.747144,""width"":0.540382}",6.5828238,6.7392516,0.15642786,0.0013839359,0.0011835326,0.026701972,0.028653115,-0.025318036,-0.027469582,-0.0021515464,0.82025918,1.1126612,56.718118,63.108049,False,0.97204185,True,False,False,0.82025918,1.1126612,56.718118,63.108049,0.77852118,1.110251,50.280656,55.824151,0.97195349,1.1214629,26.24501,29.432804,0.73091182,0.96285864,8.3675787,8.0567955,0.73715119,1.0567047,17.829752,18.840783,0.72761979,1.1546569,20.242703,23.373376,0.75022442,1.1470895,23.849953,27.35803,0.82641762,1.0984678,34.082851,37.438914
init,init,-1,,8083,138.Tree_Swallow/Tree_Swallow_0017_135062.jpg,138,137,138.Tree_Swallow,129,128,identity,identity,0,{},6.2709398,6.2709398,0,0.0018904506,0.0018904506,0.028798888,0.028798888,-0.026908437,-0.026908437,0,1,1,54.98994,54.98994,False,1,True,False,False,1,1,54.98994,54.98994,1,1,45.431835,45.431835,1,1,30.981314,30.981314,1,1,7.9863221,7.9863221,1,1,19.979878,19.979878,1,1,18.341191,18.341191,1,1,18.086218,18.086218,1,1,30.61967,30.61967
init,init,-1,,8083,138.Tree_Swallow/Tree_Swallow_0017_135062.jpg,138,137,138.Tree_Swallow,129,128,horizontal_flip,horizontal_flip,0,"{""flipped"":true}",6.2709398,6.4530401,0.1821003,0.0018904506,0.0015757249,0.028798888,0.030125473,-0.026908437,-0.028549748,-0.0016413109,0.70928922,1.0230863,54.98994,56.259451,False,0.97335577,True,False,False,0.70928922,1.0230863,54.98994,56.259451,0.58905983,1.0296378,45.431835,46.778337,0.97325924,1.0088536,30.981314,31.255609,0.44852593,1.0428934,7.9863221,8.3288827,0.53068788,0.91924534,19.979878,18.36641,0.41601058,1.0634345,18.341191,19.504655,0.4751148,1.0827193,18.086218,19.582298,0.72710475,1.0418188,30.61967,31.900149
init,init,-1,,8083,138.Tree_Swallow/Tree_Swallow_0017_135062.jpg,138,137,138.Tree_Swallow,129,128,color_jitter,color_jitter,0,"{""brightness"":0.63462,""contrast"":0.906647,""hue"":0.012937,""saturation"":0.692295}",6.2709398,5.9782467,-0.29269314,0.0018904506,0.0025332649,0.028798888,0.032638606,-0.026908437,-0.030105341,-0.0031969039,0.82206658,1.1465815,54.98994,63.050447,False,0.97064054,True,False,False,0.82206658,1.1465815,54.98994,63.050447,0.76572292,1.1982411,45.431835,54.43829,0.97048822,1.0267253,30.981314,31.809298,0.51604519,1.9278094,7.9863221,15.396107,0.72887357,1.2810105,19.979878,25.594433,0.77115837,1.3837198,18.341191,25.379069,0.75530464,1.1584828,18.086218,20.952572,0.84401161,1.0267033,30.61967,31.437316
init,init,-1,,8083,138.Tree_Swallow/Tree_Swallow_0017_135062.jpg,138,137,138.Tree_Swallow,129,128,rotation,rotation,0,"{""angle"":-8.236464}",6.2709398,6.1690111,-0.10192871,0.0018904506,0.0020933056,0.028798888,0.024277603,-0.026908437,-0.022184298,0.0047241392,0.73897212,0.98584304,54.98994,54.211449,False,0.94882405,True,False,False,0.73897212,0.98584304,54.98994,54.211449,0.6410862,0.98463255,45.431835,44.733664,0.94865951,0.98844107,30.981314,30.623203,0.58342012,1.0306534,7.9863221,8.2311304,0.60380676,0.8509861,19.979878,17.002599,0.61348878,1.016777,18.341191,18.648901,0.51613597,1.064978,18.086218,19.261423,0.71903873,0.99353296,30.61967,30.421651
init,init,-1,,8083,138.Tree_Swallow/Tree_Swallow_0017_135062.jpg,138,137,138.Tree_Swallow,129,128,random_resized_crop,random_resized_crop,0,"{""area_fraction"":0.747511,""aspect"":0.860153,""fallback"":false,""height"":0.932225,""left"":0.086591,""top"":0.034763,""width"":0.801856}",6.2709398,6.2773376,0.0063977242,0.0018904506,0.0018783951,0.028798888,0.023890238,-0.026908437,-0.022011843,0.0048965937,0.79600035,0.99749482,54.98994,54.85218,False,0.96907127,True,False,False,0.79600035,0.99749482,54.98994,54.85218,0.72264484,1.0221611,45.431835,46.438655,0.9689651,0.94226754,30.981314,29.192687,0.70647525,0.96101175,7.9863221,7.6749494,0.74018434,1.0395934,19.979878,20.77095,0.66098771,1.1729952,18.341191,21.51413,0.63922748,1.038126,18.086218,18.775772,0.77956042,0.9526193,30.61967,29.168889
init,init,-1,,8083,138.Tree_Swallow/Tree_Swallow_0017_135062.jpg,138,137,138.Tree_Swallow,129,128,gaussian_blur,gaussian_blur,0,"{""sigma"":1.853621}",6.2709398,6.2049108,-0.066029072,0.0018904506,0.0020194892,0.028798888,0.016530545,-0.026908437,-0.014511056,0.012397381,0.61429586,1.1173992,54.98994,61.445716,False,0.89306951,False,False,False,0.61429586,1.1173992,54.98994,61.445716,0.51458558,1.1866836,45.431835,53.913213,0.89265605,0.95147069,30.981314,29.477812,0.2634624,1.0121876,7.9863221,8.0836564,0.490899,1.158499,19.979878,23.146669,0.37010797,1.5159948,18.341191,27.80515,0.49207631,1.2464203,18.086218,22.543028,0.63984698,1.0451851,30.61967,32.003223
init,init,-1,,8083,138.Tree_Swallow/Tree_Swallow_0017_135062.jpg,138,137,138.Tree_Swallow,129,128,random_erasing,random_erasing,0,"{""area_fraction"":0.180795,""erased"":true,""height"":0.341799,""left"":0.358473,""top"":0.124289,""width"":0.52895}",6.2709398,6.3298378,0.058897972,0.0018904506,0.0017823235,0.028798888,0.012493032,-0.026908437,-0.010710709,0.016197728,0.56531652,0.94878072,54.98994,52.173395,False,0.80225545,False,False,False,0.56531652,0.94878072,54.98994,52.173395,0.48469693,1.0148936,45.431835,46.108478,0.80190869,0.78804186,30.981314,24.414572,0.37344042,0.94040285,7.9863221,7.51036,0.54624033,1.022418,19.979878,20.427788,0.43080059,1.2009766,18.341191,22.027342,0.38906966,1.0436013,18.086218,18.874799,0.53117556,0.9299602,30.61967,28.475075
init,init,-1,,1436,026.Bronzed_Cowbird/Bronzed_Cowbird_0002_796244.jpg,26,25,026.Bronzed_Cowbird,129,128,identity,identity,0,{},5.6430073,5.6430073,0,0.0035422009,0.0035422009,0.037798353,0.037798353,-0.034256152,-0.034256152,0,1,1,55.016561,55.016561,False,1,True,False,False,1,1,55.016561,55.016561,1,1,46.23157,46.23157,1,1,29.823882,29.823882,1,1,13.859514,13.859514,1,1,18.84632,18.84632,1,1,18.347288,18.347288,1,1,19.873939,19.873939,1,1,29.30003,29.30003
init,init,-1,,1436,026.Bronzed_Cowbird/Bronzed_Cowbird_0002_796244.jpg,26,25,026.Bronzed_Cowbird,129,128,horizontal_flip,horizontal_flip,0,"{""flipped"":true}",5.6430073,5.590126,-0.052881241,0.0035422009,0.0037345584,0.037798353,0.044283744,-0.034256152,-0.040549186,-0.0062930339,0.62497942,1.146872,55.016561,63.096954,False,0.96695739,True,False,False,0.62497942,1.146872,55.016561,63.096954,0.48300992,1.1474795,46.23157,53.049778,0.96674515,1.145411,29.823882,34.160601,0.23327495,1.1155485,13.859514,15.46096,0.18332541,1.223611,18.84632,23.060564,0.41382113,1.205776,18.347288,22.122719,0.4827931,1.1166878,19.873939,22.192985,0.70609338,1.1119696,29.30003,32.580742
init,init,-1,,1436,026.Bronzed_Cowbird/Bronzed_Cowbird_0002_796244.jpg,26,25,026.Bronzed_Cowbird,129,128,color_jitter,color_jitter,0,"{""brightness"":1.2226,""contrast"":0.67149,""hue"":-0.000587,""saturation"":0.936647}",5.6430073,5.6429453,-6.1988831e-05,0.0035422009,0.0035424188,0.037798353,0.039172906,-0.034256152,-0.035630488,-0.001374336,0.850652,1.029878,55.016561,56.660346,False,0.98011196,True,False,False,0.850652,1.029878,55.016561,56.660346,0.7966754,1.0291339,46.23157,47.578474,0.98004003,1.031664,29.823882,30.768225,0.43042034,0.80449675,13.859514,11.149934,0.71049926,1.0098026,18.84632,19.031063,0.81055831,1.1220949,18.347288,20.587397,0.81291512,1.0101077,19.873939,20.07482,0.88628861,1.0521512,29.30003,30.828063
init,init,-1,,1436,026.Bronzed_Cowbird/Bronzed_Cowbird_0002_796244.jpg,26,25,026.Bronzed_Cowbird,129,128,rotation,rotation,0,"{""angle"":-14.728203}",5.6430073,5.7503672,0.10735989,0.0035422009,0.0031816135,0.037798353,0.023880079,-0.034256152,-0.020698466,0.013557686,0.64640474,1.0150843,55.016561,55.846448,False,0.89598751,False,False,False,0.64640474,1.0150843,55.016561,55.846448,0.54097552,1.0100209,46.23157,46.694851,0.8955878,1.0271496,29.823882,30.633587,0.53404136,1.3151084,13.859514,18.226763,0.45395915,0.88396087,18.84632,16.659409,0.50350702,1.0779343,18.347288,19.77717,0.45291621,0.94091819,19.873939,18.699751,0.63905113,0.9831718,29.30003,28.806963
init,init,-1,,1436,026.Bronzed_Cowbird/Bronzed_Cowbird_0002_796244.jpg,26,25,026.Bronzed_Cowbird,129,128,random_resized_crop,random_resized_crop,0,"{""area_fraction"":0.532486,""aspect"":1.196501,""fallback"":false,""height"":0.66711,""left"":0.195945,""top"":0.062146,""width"":0.798198}",5.6430073,5.3724279,-0.27057934,0.0035422009,0.0046428451,0.037798353,0.028368985,-0.034256152,-0.02372614,0.010530011,0.62399862,1.1810946,55.016561,64.979761,False,0.89500546,True,False,False,0.62399862,1.1810946,55.016561,64.979761,0.55409364,1.2809432,46.23157,59.220016,0.89479427,0.89680467,29.823882,26.746197,0.52764282,1.6916135,13.859514,23.444941,0.50871882,1.3643224,18.84632,25.712457,0.6111613,1.5923364,18.347288,29.215053,0.4859365,1.150718,19.873939,22.869299,0.61964745,1.0350296,29.30003,30.326399
init,init,-1,,1436,026.Bronzed_Cowbird/Bronzed_Cowbird_0002_796244.jpg,26,25,026.Bronzed_Cowbird,129,128,gaussian_blur,gaussian_blur,0,"{""sigma"":1.447722}",5.6430073,5.3759313,-0.26707602,0.0035422009,0.0046266085,0.037798353,0.021452099,-0.034256152,-0.016825491,0.017430661,0.73453315,1.0761551,55.016561,59.206355,False,0.94506466,False,False,False,0.73453315,1.0761551,55.016561,59.206355,0.66324959,1.1242693,46.23157,51.976736,0.94476616,0.95063302,29.823882,28.351567,0.3496876,1.1768332,13.859514,16.310336,0.56743514,0.97472432,18.84632,18.369966,0.63239872,1.308731,18.347288,24.011664,0.66193288,1.1928179,19.873939,23.70599,0.80188507,1.0572288,29.30003,30.976837
init,init,-1,,1436,026.Bronzed_Cowbird/Bronzed_Cowbird_0002_796244.jpg,26,25,026.Bronzed_Cowbird,129,128,random_erasing,random_erasing,0,"{""area_fraction"":0.137293,""erased"":true,""height"":0.62907,""left"":0.197765,""top"":0.221933,""width"":0.218247}",5.6430073,5.5656719,-0.077335358,0.0035422009,0.0038270094,0.037798353,0.030513708,-0.034256152,-0.026686698,0.0075694534,0.60315329,1.1214095,55.016561,61.696094,False,0.89810777,True,False,False,0.60315329,1.1214095,55.016561,61.696094,0.4959942,1.1592694,46.23157,53.594845,0.89781855,1.0247299,29.823882,30.561423,0.0050760664,0.91866838,13.859514,12.732297,0.43080596,1.0766153,18.84632,20.290237,0.37150406,1.2837027,18.347288,23.552463,0.52012601,1.2148919,19.873939,24.144687,0.65430954,1.1628741,29.30003,34.072245
init,init,-1,,5050,087.Mallard/Mallard_0053_75985.jpg,87,86,087.Mallard,46,45,identity,identity,0,{},5.8892937,5.8892937,0,0.0027689307,0.0027689307,0.023472259,0.023472259,-0.020703328,-0.020703328,0,1,1,52.110899,52.110899,False,1,True,False,False,1,1,52.110899,52.110899,1,1,42.443123,42.443123,1,1,30.234534,30.234534,1,1,7.7187137,7.7187137,1,1,14.558201,14.558201,1,1,16.386987,16.386987,1,1,17.167708,17.167708,1,1,31.090761,31.090761
init,init,-1,,5050,087.Mallard/Mallard_0053_75985.jpg,87,86,087.Mallard,46,45,horizontal_flip,horizontal_flip,0,"{""flipped"":true}",5.8892937,6.1256409,0.2363472,0.0027689307,0.0021860902,0.023472259,0.028552312,-0.020703328,-0.026366222,-0.0056628941,0.68999291,1.0921315,52.110899,56.911954,False,0.95629424,True,False,False,0.68999291,1.0921315,52.110899,56.911954,0.55920546,1.1033138,42.443123,46.828083,0.95603478,1.0697531,30.234534,32.343488,0.54606848,1.132374,7.7187137,8.740471,0.28878648,1.2437001,14.558201,18.106037,0.44078543,1.0487214,16.386987,17.185383,0.44589703,1.1583314,17.167708,19.885894,0.70097459,1.065717,31.090761,33.133951
init,init,-1,,5050,087.Mallard/Mallard_0053_75985.jpg,87,86,087.Mallard,46,45,color_jitter,color_jitter,0,"{""brightness"":1.008479,""contrast"":0.637498,""hue"":0.019003,""saturation"":1.049454}",5.8892937,5.871829,-0.017464638,0.0027689307,0.0028177151,0.023472259,0.024957925,-0.020703328,-0.02214021,-0.001436882,0.86616939,1.0546611,52.110899,54.959336,False,0.98165846,True,False,False,0.86616939,1.0546611,52.110899,54.959336,0.81568509,1.0929494,42.443123,46.388184,0.98161467,0.97481653,30.234534,29.473124,0.72573237,1.1522696,7.7187137,8.8940387,0.76494582,1.2135387,14.558201,17.666941,0.76481951,1.1684078,16.386987,19.146684,0.75503755,1.1140108,17.167708,19.125011,0.87417356,1.0313921,31.090761,32.066764
init,init,-1,,5050,087.Mallard/Mallard_0053_75985.jpg,87,86,087.Mallard,46,45,rotation,rotation,0,"{""angle"":12.539001}",5.8892937,5.4242511,-0.46504259,0.0027689307,0.004408366,0.023472259,0.02433506,-0.020703328,-0.019926694,0.00077663385,0.67177458,1.079989,52.110899,56.2792,False,0.90577996,False,False,False,0.67177458,1.079989,52.110899,56.2792,0.55233121,1.077311,42.443123,45.724444,0.90544559,1.0852472,30.234534,32.811942,0.4220282,0.84367439,7.7187137,6.5120811,0.44392743,0.94508934,14.558201,13.758801,0.44925433,1.2134006,16.386987,19.88398,0.41413555,1.0811906,17.167708,18.561564,0.65707979,1.0759814,31.090761,33.453081
init,init,-1,,5050,087.Mallard/Mallard_0053_75985.jpg,87,86,087.Mallard,46,45,random_resized_crop,random_resized_crop,0,"{""area_fraction"":0.585484,""aspect"":1.168541,""fallback"":false,""height"":0.707841,""left"":0.074277,""top"":0.069504,""width"":0.827141}",5.8892937,5.8509464,-0.038347244,0.0027689307,0.0028771753,0.023472259,0.02360481,-0.020703328,-0.020727635,-2.4306821e-05,0.69968396,0.97009215,52.110899,50.552374,False,0.91665822,True,False,False,0.69968396,0.97009215,52.110899,50.552374,0.59215118,0.97727437,42.443123,41.478576,0.91647382,0.95578061,30.234534,28.897582,0.5586134,0.89416897,7.7187137,6.9018343,0.54374851,1.0202909,14.558201,14.8536,0.54196443,1.0160216,16.386987,16.649533,0.4365121,0.96672898,17.167708,16.596521,0.66798387,0.96467889,31.090761,29.9926
init,init,-1,,5050,087.Mallard/Mallard_0053_75985.jpg,87,86,087.Mallard,46,45,gaussian_blur,gaussian_blur,0,"{""sigma"":1.702987}",5.8892937,5.8207493,-0.068544388,0.0027689307,0.0029653823,0.023472259,0.028503684,-0.020703328,-0.025538302,-0.004834974,0.53648949,1.2274097,52.110899,63.961424,False,0.86711711,True,False,False,0.53648949,1.2274097,52.110899,63.961424,0.40973766,1.3158951,42.443123,55.850697,0.86672475,1.0310435,30.234534,31.173119,0.17755143,1.1981202,7.7187137,9.247947,0.33825226,1.4437181,14.558201,21.017938,0.13558085,1.4619439,16.386987,23.956855,0.28793742,1.4601038,17.167708,25.066635,0.58493311,1.1990514,31.090761,37.279418
init,init,-1,,5050,087.Mallard/Mallard_0053_75985.jpg,87,86,087.Mallard,46,45,random_erasing,random_erasing,0,"{""area_fraction"":0.07991,""erased"":true,""height"":0.428923,""left"":0.134195,""top"":0.134532,""width"":0.186303}",5.8892937,6.0059547,0.11666107,0.0027689307,0.0024640348,0.023472259,0.028558442,-0.020703328,-0.026094408,-0.0053910795,0.90782127,1.0703191,52.110899,55.77529,False,0.98554218,True,False,False,0.90782127,1.0703191,52.110899,55.77529,0.86851881,1.0712552,42.443123,45.467417,0.98547621,1.0684719,30.234534,32.30475,0.81114422,1.1768327,7.7187137,9.0836349,0.76673332,1.1136503,14.558201,16.212746,0.82375314,1.0471517,16.386987,17.159662,0.85703578,1.0979054,17.167708,18.848519,0.91277033,1.0531895,31.090761,32.744462
init,init,-1,,6935,119.Field_Sparrow/Field_Sparrow_0102_113595.jpg,119,118,119.Field_Sparrow,4,3,identity,identity,0,{},6.6118336,6.6118336,0,0.0013443651,0.0013443651,0.020070063,0.020070063,-0.018725698,-0.018725698,0,1,1,45.451799,45.451799,False,1,True,False,False,1,1,45.451799,45.451799,1,1,37.46634,37.46634,1,1,25.732069,25.732069,1,1,6.2812199,6.2812199,1,1,12.545029,12.545029,1,1,15.760715,15.760715,1,1,15.515035,15.515035,1,1,26.791393,26.791393
init,init,-1,,6935,119.Field_Sparrow/Field_Sparrow_0102_113595.jpg,119,118,119.Field_Sparrow,4,3,horizontal_flip,horizontal_flip,0,"{""flipped"":true}",6.6118336,6.1327257,-0.47910786,0.0013443651,0.0021706559,0.020070063,0.014184388,-0.018725698,-0.012013732,0.0067119654,0.66741041,0.95708875,45.451799,43.501405,False,0.95667982,False,False,False,0.66741041,0.95708875,45.451799,43.501405,0.52820443,0.95072283,37.46634,35.620105,0.95662226,0.97044633,25.732069,24.971592,0.045416601,0.7975199,6.2812199,5.0093979,0.38740604,0.87637172,12.545029,10.994108,0.58163808,0.89390008,15.760715,14.088505,0.4671977,1.0125535,15.515035,15.709802,0.58366857,0.97156824,26.791393,26.029666
init,init,-1,,6935,119.Field_Sparrow/Field_Sparrow_0102_113595.jpg,119,118,119.Field_Sparrow,4,3,color_jitter,color_jitter,0,"{""brightness"":1.095902,""contrast"":0.875034,""hue"":0.048434,""saturation"":1.375828}",6.6118336,6.5778074,-0.034026146,0.0013443651,0.0013908957,0.020070063,0.020725571,-0.018725698,-0.019334675,-0.00060897705,0.86101051,0.94288174,45.451799,42.855671,False,0.97563469,True,False,False,0.86101051,0.94288174,45.451799,42.855671,0.80462022,0.92797968,37.46634,34.768002,0.97560819,0.97371997,25.732069,25.055829,0.71009297,1.0622768,6.2812199,6.6723941,0.73020374,0.79262919,12.545029,9.9435559,0.80434752,0.89567556,15.760715,14.116488,0.7336873,0.9551716,15.515035,14.819521,0.85086202,0.9490684,26.791393,25.426864
init,init,-1,,6935,119.Field_Sparrow/Field_Sparrow_0102_113595.jpg,119,118,119.Field_Sparrow,4,3,rotation,rotation,0,"{""angle"":12.315759}",6.6118336,6.3380899,-0.27374363,0.0013443651,0.001767675,0.020070063,0.019619754,-0.018725698,-0.017852079,0.00087361934,0.663893,1.0761054,45.451799,48.910925,False,0.91796792,True,False,False,0.663893,1.0761054,45.451799,48.910925,0.53619535,1.0517248,37.46634,39.404281,0.91777062,1.1260474,25.732069,28.975529,0.10488368,1.0802359,6.2812199,6.7851995,0.24917021,0.94870591,12.545029,11.901543,0.47159136,0.98127241,15.760715,15.465555,0.43502944,1.0507943,15.515035,16.30311,0.66812682,1.0946197,26.791393,29.326386
init,init,-1,,6935,119.Field_Sparrow/Field_Sparrow_0102_113595.jpg,119,118,119.Field_Sparrow,4,3,random_resized_crop,random_resized_crop,0,"{""area_fraction"":0.581775,""aspect"":0.8779,""fallback"":false,""height"":0.814057,""left"":0.268803,""top"":0.087489,""width"":0.714661}",6.6118336,6.5092993,-0.10253429,0.0013443651,0.0014895232,0.020070063,0.014697768,-0.018725698,-0.013208245,0.0055174533,0.70981409,1.027581,45.451799,46.705403,False,0.9544189,False,False,False,0.70981409,1.027581,45.451799,46.705403,0.60420049,1.0533001,37.46634,39.463299,0.95438501,0.97080602,25.732069,24.980847,0.53494061,0.88617351,6.2812199,5.5662507,0.48444563,1.1541726,12.545029,14.479128,0.51859054,1.0353994,15.760715,16.318635,0.49644123,1.1338524,15.515035,17.59176,0.70997132,1.0160167,26.791393,27.220503
init,init,-1,,6935,119.Field_Sparrow/Field_Sparrow_0102_113595.jpg,119,118,119.Field_Sparrow,4,3,gaussian_blur,gaussian_blur,0,"{""sigma"":1.392647}",6.6118336,6.714015,0.10218143,0.0013443651,0.0012137812,0.020070063,0.019128524,-0.018725698,-0.017914743,0.0008109553,0.63644061,1.2644683,45.451799,57.47236,False,0.8978315,False,False,False,0.63644061,1.2644683,45.451799,57.47236,0.53354623,1.3232812,37.46634,49.578505,0.89763234,1.1297048,25.732069,29.06964,0.61799858,1.5228364,6.2812199,9.5652704,0.21596835,1.4654177,12.545029,18.383707,0.44674773,1.4158325,15.760715,22.314532,0.4998322,1.4122621,15.515035,21.911296,0.66458596,1.209787,26.791393,32.411878
init,init,-1,,6935,119.Field_Sparrow/Field_Sparrow_0102_113595.jpg,119,118,119.Field_Sparrow,4,3,random_erasing,random_erasing,0,"{""area_fraction"":0.113024,""erased"":true,""height"":0.333873,""left"":0.403589,""top"":0.012028,""width"":0.338523}",6.6118336,6.4903264,-0.12150717,0.0013443651,0.0015180534,0.020070063,0.022577539,-0.018725698,-0.021059486,-0.0023337879,0.73458299,1.1485922,45.451799,52.205584,False,0.93328333,True,False,False,0.73458299,1.1485922,45.451799,52.205584,0.64398956,1.1601314,37.46634,43.465879,0.93311605,1.1237375,25.732069,28.916091,0.66663472,1.0864894,6.2812199,6.8244791,0.53776099,1.1451064,12.545029,14.365393,0.62369716,1.2505707,15.760715,19.709889,0.5731611,1.1852784,15.515035,18.389636,0.70041631,1.1257722,26.791393,30.161004
init,init,-1,,11423,194.Cactus_Wren/Cactus_Wren_0098_185637.jpg,194,193,194.Cactus_Wren,129,128,identity,identity,0,{},6.3999004,6.3999004,0,0.0016617228,0.0016617228,0.026312253,0.026312253,-0.02465053,-0.02465053,0,1,1,54.268739,54.268739,False,1,True,False,False,1,1,54.268739,54.268739,1,1,45.732454,45.732454,1,1,29.217095,29.217095,1,1,8.8000815,8.8000815,1,1,15.220108,15.220108,1,1,18.650814,18.650814,1,1,18.635504,18.635504,1,1,32.973161,32.973161
init,init,-1,,11423,194.Cactus_Wren/Cactus_Wren_0098_185637.jpg,194,193,194.Cactus_Wren,129,128,horizontal_flip,horizontal_flip,0,"{""flipped"":true}",6.3999004,6.2095661,-0.19033432,0.0016617228,0.0020101089,0.026312253,0.021679761,-0.02465053,-0.019669652,0.0049808777,0.63752786,0.91245177,54.268739,49.517607,False,0.95698285,False,False,False,0.63752786,0.91245177,54.268739,49.517607,0.50508628,0.90815958,45.732454,41.532367,0.95689767,0.92288347,29.217095,26.963974,0.31126192,0.79086669,8.8000815,6.9596914,0.22569859,1.0700076,15.220108,16.285631,0.37010776,0.85306721,18.650814,15.910398,0.41314892,0.89126,18.635504,16.609079,0.66023511,0.90082758,32.973161,29.703133
init,init,-1,,11423,194.Cactus_Wren/Cactus_Wren_0098_185637.jpg,194,193,194.Cactus_Wren,129,128,color_jitter,color_jitter,0,"{""brightness"":0.844975,""contrast"":1.251949,""hue"":0.062354,""saturation"":0.948702}",6.3999004,6.3840208,-0.015879631,0.0016617228,0.0016883212,0.026312253,0.019155383,-0.02465053,-0.017467062,0.0071834679,0.75742902,1.0368071,54.268739,56.266215,False,0.94017714,False,False,False,0.75742902,1.0368071,54.268739,56.266215,0.68273976,1.0360809,45.732454,47.382523,0.93998193,1.0385842,29.217095,30.344414,0.39688265,0.85130827,8.8000815,7.4915822,0.51666339,1.0481795,15.220108,15.953406,0.55968761,1.0772293,18.650814,20.091203,0.61904227,1.0572808,18.635504,19.702961,0.79923226,1.0251503,32.973161,33.802446
init,init,-1,,11423,194.Cactus_Wren/Cactus_Wren_0098_185637.jpg,194,193,194.Cactus_Wren,129,128,rotation,rotation,0,"{""angle"":4.987698}",6.3999004,6.1885567,-0.21134377,0.0016617228,0.0020527868,0.026312253,0.023978738,-0.02465053,-0.021925951,0.0027245784,0.73071315,0.90521808,54.268739,49.125044,False,0.96124727,True,False,False,0.73071315,0.90521808,54.268739,49.125044,0.6291069,0.88185285,45.732454,40.329295,0.96120069,0.96006376,29.217095,28.050274,0.30843245,0.7239315,8.8000815,6.3706562,0.27956976,0.81819577,15.220108,12.453028,0.4790124,0.89058841,18.650814,16.610199,0.54850883,0.88478712,18.635504,16.488454,0.78900478,0.9012078,32.973161,29.71567
init,init,-1,,11423,194.Cactus_Wren/Cactus_Wren_0098_185637.jpg,194,193,194.Cactus_Wren,129,128,random_resized_crop,random_resized_crop,0,"{""area_fraction"":0.710097,""aspect"":0.895407,""fallback"":false,""height"":0.89053,""left"":0.090924,""top"":0.094002,""width"":0.797387}",6.3999004,6.3557858,-0.04411459,0.0016617228,0.0017366699,0.026312253,0.035698485,-0.02465053,-0.033961815,-0.009311285,0.61464922,1.0383653,54.268739,56.350777,False,0.94250357,True,False,False,0.61464922,1.0383653,54.268739,56.350777,0.48798204,1.0536893,45.732454,48.1878,0.94231812,0.99982861,29.217095,29.212087,0.11146531,0.76737321,8.8000815,6.7529468,0.1928116,1.026931,15.220108,15.630001,0.26543229,1.1067407,18.650814,20.641615,0.37938038,1.1568609,18.635504,21.558686,0.6897045,1.0245697,32.973161,33.783303
init,init,-1,,11423,194.Cactus_Wren/Cactus_Wren_0098_185637.jpg,194,193,194.Cactus_Wren,129,128,gaussian_blur,gaussian_blur,0,"{""sigma"":1.922994}",6.3999004,5.4220362,-0.97786427,0.0016617228,0.0044181426,0.026312253,0.013932243,-0.02465053,-0.0095141004,0.015136429,0.40847158,0.93731306,54.268739,50.866798,False,0.7949934,False,False,False,0.40847158,0.93731306,54.268739,50.866798,0.28968837,0.99701458,45.732454,45.595924,0.79464002,0.77176316,29.217095,22.548677,-0.17042896,1.0101586,8.8000815,8.8894782,0.077534559,1.2181121,15.220108,18.539798,0.21690383,1.2137792,18.650814,22.637971,0.24693689,1.0894486,18.635504,20.302424,0.46028996,0.82029278,32.973161,27.047646
init,init,-1,,11423,194.Cactus_Wren/Cactus_Wren_0098_185637.jpg,194,193,194.Cactus_Wren,129,128,random_erasing,random_erasing,0,"{""area_fraction"":0.117565,""erased"":true,""height"":0.504376,""left"":0.391734,""top"":0.244309,""width"":0.23309}",6.3999004,5.9928203,-0.40708017,0.0016617228,0.0024966134,0.026312253,0.026256675,-0.02465053,-0.023760061,0.00089046825,0.67033124,1.1028634,54.268739,59.851006,False,0.92177689,False,False,False,0.67033124,1.1028634,54.268739,59.851006,0.56190882,1.083207,45.732454,49.537717,0.92145717,1.1496029,29.217095,33.588056,0.53121423,0.98158428,8.8000815,8.6380217,0.38330735,1.2148674,15.220108,18.490413,0.52138514,1.0760858,18.650814,20.069876,0.46106582,1.060656,18.635504,19.765859,0.65327962,1.0696632,32.973161,35.270178
init,init,-1,,11347,193.Bewick_Wren/Bewick_Wren_0010_185142.jpg,193,192,193.Bewick_Wren,114,113,identity,identity,0,{},6.4180655,6.4180655,0,0.0016318101,0.0016318101,0.019398462,0.019398462,-0.017766652,-0.017766652,0,1,1,56.466991,56.466991,False,1,True,False,False,1,1,56.466991,56.466991,1,1,47.430834,47.430834,1,1,30.640447,30.640447,1,1,8.3813584,8.3813584,1,1,19.887177,19.887177,1,1,19.828413,19.828413,1,1,19.023666,19.023666,1,1,32.076022,32.076022
init,init,-1,,11347,193.Bewick_Wren/Bewick_Wren_0010_185142.jpg,193,192,193.Bewick_Wren,114,113,horizontal_flip,horizontal_flip,0,"{""flipped"":true}",6.4180655,6.3362489,-0.081816673,0.0016318101,0.0017709326,0.019398462,0.015810575,-0.017766652,-0.014039643,0.0037270092,0.70132373,0.97917794,56.466991,55.291231,False,0.96007383,False,False,False,0.70132373,0.97917794,56.466991,55.291231,0.60248471,1.0015552,47.430834,47.5046,0.95989966,0.92335235,30.640447,28.291929,0.62964966,1.0367692,8.3813584,8.6895339,0.50144632,0.97704206,19.887177,19.430609,0.58611496,1.1020029,19.828413,21.850969,0.50329047,1.0843168,19.023666,20.62768,0.69230496,0.93562325,32.076022,30.011072
init,init,-1,,11347,193.Bewick_Wren/Bewick_Wren_0010_185142.jpg,193,192,193.Bewick_Wren,114,113,color_jitter,color_jitter,0,"{""brightness"":0.654146,""contrast"":1.036709,""hue"":-0.044732,""saturation"":0.760377}",6.4180655,6.3106136,-0.10745192,0.0016318101,0.0018169184,0.019398462,0.011970344,-0.017766652,-0.010153426,0.0076132263,0.85771998,1.0543798,56.466991,59.537655,False,0.97929209,False,False,False,0.85771998,1.0543798,56.466991,59.537655,0.81209537,1.0798791,47.430834,51.219569,0.97920934,0.99060986,30.640447,30.352729,0.68588715,1.8063307,8.3813584,15.139505,0.77636814,1.065388,19.887177,21.18756,0.81691623,1.1084027,19.828413,21.977867,0.76592928,1.0782433,19.023666,20.51214,0.87312469,1.0061438,32.076022,32.273091
init,init,-1,,11347,193.Bewick_Wren/Bewick_Wren_0010_185142.jpg,193,192,193.Bewick_Wren,114,113,rotation,rotation,0,"{""angle"":9.612734}",6.4180655,6.4724894,0.054423809,0.0016318101,0.0015453738,0.019398462,0.013172983,-0.017766652,-0.011627609,0.0061390426,0.75970839,1.0373339,56.466991,58.575123,False,0.93617153,False,False,False,0.75970839,1.0373339,56.466991,58.575123,0.68774393,1.0436913,47.430834,49.503147,0.93594303,1.0219391,30.640447,31.312673,0.64198399,1.0703693,8.3813584,8.9711487,0.65732887,0.93226859,19.887177,18.540191,0.66705506,1.0724209,19.828413,21.264406,0.60038348,1.123514,19.023666,21.373355,0.74501033,1.0421095,32.076022,33.426727
init,init,-1,,11347,193.Bewick_Wren/Bewick_Wren_0010_185142.jpg,193,192,193.Bewick_Wren,114,113,random_resized_crop,random_resized_crop,0,"{""area_fraction"":0.600123,""aspect"":0.771721,""fallback"":false,""height"":0.88184,""left"":0.173564,""top"":0.057496,""width"":0.680535}",6.4180655,6.3197241,-0.098341465,0.0016318101,0.00180044,0.019398462,0.024097318,-0.017766652,-0.022296878,-0.0045302259,0.71084997,0.94932686,56.466991,53.605631,False,0.9550733,True,False,False,0.71084997,0.94932686,56.466991,53.605631,0.61010974,0.9523569,47.430834,45.171082,0.95492542,0.94202649,30.640447,28.864113,0.48154632,1.3263911,8.3813584,11.116959,0.52214432,0.90820793,19.887177,18.061692,0.51961811,1.0527614,19.828413,20.874589,0.49197528,0.93825635,19.023666,17.849075,0.74668118,0.90155997,32.076022,28.918457
init,init,-1,,11347,193.Bewick_Wren/Bewick_Wren_0010_185142.jpg,193,192,193.Bewick_Wren,114,113,gaussian_blur,gaussian_blur,0,"{""sigma"":1.814638}",6.4180655,6.0993843,-0.31868124,0.0016318101,0.0022442488,0.019398462,0.0074599669,-0.017766652,-0.0052157182,0.012550934,0.59465305,1.0516253,56.466991,59.382114,False,0.8430962,False,False,False,0.59465305,1.0516253,56.466991,59.382114,0.5091099,1.09826,47.430834,52.091389,0.84266244,0.93041365,30.640447,28.508291,0.20339417,1.4395697,8.3813584,12.065549,0.39099525,1.0563394,19.887177,21.00761,0.53304126,1.2103602,19.828413,23.999523,0.45370763,1.1917441,19.023666,22.671341,0.60480876,1.0037726,32.076022,32.197033
init,init,-1,,11347,193.Bewick_Wren/Bewick_Wren_0010_185142.jpg,193,192,193.Bewick_Wren,114,113,random_erasing,random_erasing,0,"{""area_fraction"":0.092513,""erased"":true,""height"":0.169239,""left"":0.306907,""top"":0.550321,""width"":0.546642}",6.4180655,6.0738926,-0.34417295,0.0016318101,0.0023021945,0.019398462,0.02377893,-0.017766652,-0.021476736,-0.0037100839,0.74316428,1.1310161,56.466991,63.865076,False,0.92316997,False,False,False,0.74316428,1.1310161,56.466991,63.865076,0.67549963,1.1596233,47.430834,55.001901,0.92285884,1.0593273,30.640447,32.458263,0.79140747,1.0573625,8.3813584,8.8621343,0.71150666,1.179746,19.887177,23.461818,0.69163899,1.2903398,19.828413,25.58539,0.56640651,1.1851647,19.023666,22.546176,0.69035836,1.0948359,32.076022,35.117981
init,init,-1,,10212,174.Palm_Warbler/Palm_Warbler_0054_169175.jpg,174,173,174.Palm_Warbler,58,57,identity,identity,0,{},5.0188475,5.0188475,0,0.0066121439,0.0066121439,0.024697661,0.024697661,-0.018085517,-0.018085517,0,1,1,42.869321,42.869321,False,1,True,False,False,1,1,42.869321,42.869321,1,1,35.696952,35.696952,1,1,23.738288,23.738288,1,1,5.7833585,5.7833585,1,1,12.266615,12.266615,1,1,15.399331,15.399331,1,1,15.078053,15.078053,1,1,25.017358,25.017358
init,init,-1,,10212,174.Palm_Warbler/Palm_Warbler_0054_169175.jpg,174,173,174.Palm_Warbler,58,57,horizontal_flip,horizontal_flip,0,"{""flipped"":true}",5.0188475,5.15942,0.14057255,0.0066121439,0.0057450328,0.024697661,0.022854356,-0.018085517,-0.017109323,0.00097619416,0.6883033,1.0051935,42.869321,43.091962,False,0.95881301,True,False,False,0.6883033,1.0051935,42.869321,43.091962,0.56605595,0.99826436,35.696952,35.634995,0.95878809,1.020689,23.738288,24.22941,0.50927314,0.68373492,5.7833585,3.9542842,0.32193572,0.98855696,12.266615,12.126248,0.42522058,0.99277971,15.399331,15.288143,0.47105088,1.0164917,15.078053,15.326716,0.71429641,1.0100687,25.017358,25.269251
init,init,-1,,10212,174.Palm_Warbler/Palm_Warbler_0054_169175.jpg,174,173,174.Palm_Warbler,58,57,color_jitter,color_jitter,0,"{""brightness"":0.96123,""contrast"":1.331492,""hue"":-0.093745,""saturation"":1.055467}",5.0188475,5.0061736,-0.012673855,0.0066121439,0.0066964775,0.024697661,0.025587581,-0.018085517,-0.018891104,-0.00080558611,0.76130399,0.97872306,42.869321,41.957193,False,0.93986869,True,False,False,0.76130399,0.97872306,42.869321,41.957193,0.67549257,0.94806129,35.696952,33.842898,0.93980794,1.0447463,23.738288,24.80049,0.51942712,0.94966809,5.7833585,5.492271,0.45515052,0.85106096,12.266615,10.439637,0.58855069,0.85055898,15.399331,13.098039,0.61065458,0.94707199,15.078053,14.280002,0.78161101,1.0038635,25.017358,25.114012
init,init,-1,,10212,174.Palm_Warbler/Palm_Warbler_0054_169175.jpg,174,173,174.Palm_Warbler,58,57,rotation,rotation,0,"{""angle"":-8.743628}",5.0188475,4.6957541,-0.32309341,0.0066121439,0.0091339769,0.024697661,0.019190371,-0.018085517,-0.010056394,0.0080291233,0.70811174,0.94896959,42.869321,40.681682,False,0.92621982,True,False,False,0.70811174,0.94896959,42.869321,40.681682,0.60584762,0.92996807,35.696952,33.197025,0.92617125,0.99059515,23.738288,23.515033,0.30232229,0.81184919,5.7833585,4.6952149,0.40638494,0.90720486,12.266615,11.128333,0.52631846,0.81756557,15.399331,12.589963,0.52398198,0.90678916,15.078053,13.672615,0.71849166,0.9878161,25.017358,24.712549
init,init,-1,,10212,174.Palm_Warbler/Palm_Warbler_0054_169175.jpg,174,173,174.Palm_Warbler,58,57,random_resized_crop,random_resized_crop,0,"{""area_fraction"":0.726663,""aspect"":0.964088,""fallback"":false,""height"":0.868176,""left"":0.001696,""top"":0.101583,""width"":0.836999}",5.0188475,5.1372027,0.11835527,0.0066121439,0.0058740973,0.024697661,0.029816305,-0.018085517,-0.023942208,-0.0058566905,0.7649,0.96014043,42.869321,41.160568,False,0.96303332,True,False,False,0.7649,0.96014043,42.869321,41.160568,0.67444407,0.95010576,35.696952,33.915879,0.96300962,0.98245424,23.738288,23.321782,0.30626353,0.6401438,5.7833585,3.7021811,0.4199445,0.99857098,12.266615,12.249086,0.65157696,0.93223595,15.399331,14.35581,0.63269915,0.93834892,15.078053,14.148475,0.77636904,0.96288488,25.017358,24.088835
init,init,-1,,10212,174.Palm_Warbler/Palm_Warbler_0054_169175.jpg,174,173,174.Palm_Warbler,58,57,gaussian_blur,gaussian_blur,0,"{""sigma"":1.588977}",5.0188475,4.9492612,-0.069586277,0.0066121439,0.007088644,0.024697661,0.021330725,-0.018085517,-0.014242081,0.003843436,0.58680189,1.2346152,42.869321,52.927115,False,0.85848737,True,False,False,0.58680189,1.2346152,42.869321,52.927115,0.49162756,1.3022747,35.696952,46.487238,0.85840596,1.0658939,23.738288,25.302496,0.098965052,2.5944124,5.7833585,15.004417,0.26792201,1.5851533,12.266615,19.444466,0.49561036,1.3769351,15.399331,21.203879,0.5211024,1.3272531,15.078053,20.012394,0.6374744,1.0633993,25.017358,26.603442
init,init,-1,,10212,174.Palm_Warbler/Palm_Warbler_0054_169175.jpg,174,173,174.Palm_Warbler,58,57,random_erasing,random_erasing,0,"{""area_fraction"":0.147506,""erased"":true,""height"":0.574717,""left"":0.382874,""top"":0.235509,""width"":0.256659}",5.0188475,5.2839794,0.26513195,0.0066121439,0.0050722053,0.024697661,0.035421763,-0.018085517,-0.030349557,-0.01226404,0.57091391,1.1239119,42.869321,48.181338,False,0.79884237,True,False,False,0.57091391,1.1239119,42.869321,48.181338,0.47460861,1.1384594,35.696952,40.639531,0.79868592,1.0902995,23.738288,25.881843,0.66760449,0.98062808,5.7833585,5.6713238,0.46026977,1.3381507,12.266615,16.41458,0.42891376,1.1964782,15.399331,18.424964,0.44587752,1.1330046,15.078053,17.083504,0.50308671,1.0715573,25.017358,26.807532
init,init,-1,,6587,113.Baird_Sparrow/Baird_Sparrow_0045_794571.jpg,113,112,113.Baird_Sparrow,129,128,identity,identity,0,{},5.5440688,5.5440688,0,0.003910582,0.003910582,0.027270544,0.027270544,-0.023359962,-0.023359962,0,1,1,47.965074,47.965074,False,1,True,False,False,1,1,47.965074,47.965074,1,1,39.71053,39.71053,1,1,26.902084,26.902084,1,1,4.9684564,4.9684564,1,1,13.672772,13.672772,1,1,16.874766,16.874766,1,1,17.319344,17.319344,1,1,27.938836,27.938836
init,init,-1,,6587,113.Baird_Sparrow/Baird_Sparrow_0045_794571.jpg,113,112,113.Baird_Sparrow,129,128,horizontal_flip,horizontal_flip,0,"{""flipped"":true}",5.5440688,5.733748,0.18967915,0.003910582,0.0032349303,0.027270544,0.025804367,-0.023359962,-0.022569437,0.00079052569,0.69002117,1.0259814,47.965074,49.211274,False,0.96353054,True,False,False,0.69002117,1.0259814,47.965074,49.211274,0.5628979,1.0217483,39.71053,40.574167,0.96346667,1.035145,26.902084,27.847558,0.30105622,0.93762399,4.9684564,4.6585439,0.25000305,0.9338284,13.672772,12.768022,0.4374428,0.96851294,16.874766,16.343429,0.4622836,1.045249,17.319344,18.103026,0.7182297,1.053729,27.938836,29.439962
init,init,-1,,6587,113.Baird_Sparrow/Baird_Sparrow_0045_794571.jpg,113,112,113.Baird_Sparrow,129,128,color_jitter,color_jitter,0,"{""brightness"":1.318976,""contrast"":1.293288,""hue"":-0.057275,""saturation"":1.073505}",5.5440688,5.8624668,0.318398,0.003910582,0.0028442191,0.027270544,0.014283636,-0.023359962,-0.011439417,0.011920546,0.61477006,1.1517967,47.965074,55.246013,False,0.87648749,False,False,False,0.61477006,1.1517967,47.965074,55.246013,0.51626093,1.208319,39.71053,47.982988,0.87611563,1.0178264,26.902084,27.38165,0.13450872,1.5550051,4.9684564,7.7259749,0.38031369,1.2406673,13.672772,16.963361,0.42214974,1.2447004,16.874766,21.004028,0.45253292,1.2995774,17.319344,22.507828,0.63642996,1.1358962,27.938836,31.735617
init,init,-1,,6587,113.Baird_Sparrow/Baird_Sparrow_0045_794571.jpg,113,112,113.Baird_Sparrow,129,128,rotation,rotation,0,"{""angle"":5.522332}",5.5440688,5.4312749,-0.11279392,0.003910582,0.0043775109,0.027270544,0.030332416,-0.023359962,-0.025954905,-0.0025949432,0.72928758,1.049067,47.965074,50.318575,False,0.94727337,True,False,False,0.72928758,1.049067,47.965074,50.318575,0.62955469,1.0498814,39.71053,41.691348,0.94713588,1.0472902,26.902084,28.174288,0.26761995,1.0673244,4.9684564,5.3029549,0.30950381,1.0191688,13.672772,13.934862,0.58339632,1.1546017,16.874766,19.483634,0.56196669,1.0426537,17.319344,18.058078,0.76542927,1.0187726,27.938836,28.46332
init,init,-1,,6587,113.Baird_Sparrow/Baird_Sparrow_0045_794571.jpg,113,112,113.Baird_Sparrow,129,128,random_resized_crop,random_resized_crop,0,"{""area_fraction"":0.720446,""aspect"":0.978835,""fallback"":false,""height"":0.857918,""left"":0.147278,""top"":0.079225,""width"":0.839761}",5.5440688,5.2030001,-0.34106874,0.003910582,0.0055000396,0.027270544,0.029356977,-0.023359962,-0.023856937,-0.00049697515,0.71796025,1.05337,47.965074,50.524969,False,0.94834125,True,False,False,0.71796025,1.05337,47.965074,50.524969,0.61968991,1.0750509,39.71053,42.690839,0.94827654,1.00451,26.902084,27.023411,0.54723004,1.143526,4.9684564,5.681559,0.52460828,1.0958356,13.672772,14.983109,0.54911478,1.2422199,16.874766,20.962169,0.54022857,1.0843074,17.319344,18.779492,0.71763339,0.99555343,27.938836,27.814604
init,init,-1,,6587,113.Baird_Sparrow/Baird_Sparrow_0045_794571.jpg,113,112,113.Baird_Sparrow,129,128,gaussian_blur,gaussian_blur,0,"{""sigma"":1.667431}",5.5440688,5.565773,0.021704197,0.003910582,0.003826621,0.027270544,0.028743736,-0.023359962,-0.024917115,-0.0015571532,0.60377761,1.3116867,47.965074,62.915151,False,0.88443905,False,False,False,0.60377761,1.3116867,47.965074,62.915151,0.50558196,1.3945748,39.71053,55.379304,0.88418122,1.1098449,26.902084,29.857141,0.42013937,2.1444344,4.9684564,10.654529,0.41129841,1.610032,13.672772,22.013599,0.41813061,1.6964512,16.874766,28.627216,0.45904416,1.3610069,17.319344,23.571747,0.62387603,1.1836463,27.938836,33.0697
init,init,-1,,6587,113.Baird_Sparrow/Baird_Sparrow_0045_794571.jpg,113,112,113.Baird_Sparrow,129,128,random_erasing,random_erasing,0,"{""area_fraction"":0.087091,""erased"":true,""height"":0.421125,""left"":0.621093,""top"":0.528867,""width"":0.206805}",5.5440688,5.8898063,0.34573746,0.003910582,0.002767513,0.027270544,0.026909549,-0.023359962,-0.024142036,-0.00078207348,0.81381201,1.0986286,47.965074,52.695802,False,0.95948732,True,False,False,0.81381201,1.0986286,47.965074,52.695802,0.74463197,1.0853358,39.71053,43.09926,0.95936216,1.1270495,26.902084,30.319981,0.68636811,1.042543,4.9684564,5.1798293,0.69218816,1.114118,13.672772,15.23308,0.65447797,0.98485482,16.874766,16.619194,0.67538521,1.0883898,17.319344,18.850197,0.81550033,1.1131064,27.938836,31.098896
init,init,-1,,6137,105.Whip_poor_Will/Whip_Poor_Will_0003_796409.jpg,105,104,105.Whip_poor_Will,25,24,identity,identity,0,{},5.715785,5.715785,0,0.0032935636,0.0032935636,0.029836008,0.029836008,-0.026542445,-0.026542445,0,1,1,57.76963,57.76963,False,0.99999994,True,False,False,1,1,57.76963,57.76963,1,1,50.434585,50.434585,1,1,28.172376,28.172376,1,1,7.3823585,7.3823585,1,1,16.482704,16.482704,1,1,23.977322,23.977322,1,1,23.50827,23.50827,1,1,33.013904,33.013904
init,init,-1,,6137,105.Whip_poor_Will/Whip_Poor_Will_0003_796409.jpg,105,104,105.Whip_poor_Will,25,24,horizontal_flip,horizontal_flip,0,"{""flipped"":true}",5.715785,5.7870083,0.071223259,0.0032935636,0.0030671447,0.029836008,0.018687382,-0.026542445,-0.015620238,0.010922207,0.64554215,0.98929171,57.76963,57.151015,False,0.94906074,False,False,False,0.64554215,0.98929171,57.76963,57.151015,0.55797639,1.0057937,50.434585,50.726787,0.94896203,0.93444353,28.172376,26.325495,0.48764588,0.95888284,7.3823585,7.078817,0.17276567,0.99174286,16.482704,16.346604,0.44766179,0.9741241,23.977322,23.356887,0.5363029,0.99568956,23.50827,23.406939,0.71932495,1.0327413,33.013904,34.094821
init,init,-1,,6137,105.Whip_poor_Will/Whip_Poor_Will_0003_796409.jpg,105,104,105.Whip_poor_Will,25,24,color_jitter,color_jitter,0,"{""brightness"":0.965609,""contrast"":0.790348,""hue"":-0.049851,""saturation"":1.152035}",5.715785,5.4363613,-0.27942371,0.0032935636,0.0043553025,0.029836008,0.020256152,-0.026542445,-0.01590085,0.010641595,0.75130605,1.0004417,57.76963,57.795149,False,0.95987201,False,False,False,0.75130605,1.0004417,57.76963,57.795149,0.68974953,1.0122631,50.434585,51.053069,0.95975008,0.96157718,28.172376,27.089914,0.42913801,0.93694298,7.3823585,6.916849,0.46390196,1.1692969,16.482704,19.273175,0.59096148,1.0457164,23.977322,25.073478,0.69379212,0.98786534,23.50827,23.223005,0.82801092,0.96698116,33.013904,31.923823
init,init,-1,,6137,105.Whip_poor_Will/Whip_Poor_Will_0003_796409.jpg,105,104,105.Whip_poor_Will,25,24,rotation,rotation,0,"{""angle"":-7.557303}",5.715785,5.6983099,-0.017475128,0.0032935636,0.0033516265,0.029836008,0.020778945,-0.026542445,-0.017427318,0.0091151264,0.61882984,1.0345758,57.76963,59.767061,False,0.88850844,False,False,False,0.61882984,1.0345758,57.76963,59.767061,0.54444475,1.0600335,50.434585,53.462348,0.88828369,0.94839404,28.172376,26.718514,0.30996715,0.90199192,7.3823585,6.6588278,0.34354647,1.1777604,16.482704,19.412677,0.50916838,1.0696806,23.977322,25.648076,0.48589401,1.0652,23.50827,25.041009,0.66365555,1.0281548,33.013904,33.943405
init,init,-1,,6137,105.Whip_poor_Will/Whip_Poor_Will_0003_796409.jpg,105,104,105.Whip_poor_Will,25,24,random_resized_crop,random_resized_crop,0,"{""area_fraction"":0.519549,""aspect"":1.077687,""fallback"":false,""height"":0.694331,""left"":0.090847,""top"":0.025079,""width"":0.748272}",5.715785,5.2680693,-0.44771576,0.0032935636,0.0051535526,0.029836008,0.029236201,-0.026542445,-0.024082649,0.0024597961,0.63019471,1.0400157,57.76963,60.081322,False,0.91227716,True,False,False,0.63019471,1.0400157,57.76963,60.081322,0.54172872,1.0385615,50.434585,52.37942,0.91206879,1.0446625,28.172376,29.430625,0.4069311,0.98942618,7.3823585,7.3042988,0.45751401,1.1226719,16.482704,18.504668,0.41344256,1.0497838,23.977322,25.171005,0.49297063,0.99510036,23.50827,23.393088,0.66411155,1.0347627,33.013904,34.161558
init,init,-1,,6137,105.Whip_poor_Will/Whip_Poor_Will_0003_796409.jpg,105,104,105.Whip_poor_Will,25,24,gaussian_blur,gaussian_blur,0,"{""sigma"":1.302931}",5.715785,5.549181,-0.16660404,0.0032935636,0.0038906417,0.029836008,0.01552029,-0.026542445,-0.011629649,0.014912796,0.7282791,0.92763164,57.76963,53.588936,False,0.94808578,False,False,False,0.7282791,0.92763164,57.76963,53.588936,0.65874955,0.92434606,50.434585,46.61901,0.94790893,0.93808394,28.172376,26.428053,0.2824328,0.92657609,7.3823585,6.8403169,0.38560415,0.95570549,16.482704,15.752611,0.5414299,0.84693646,23.977322,20.307268,0.6713724,0.94411767,23.50827,22.194573,0.79663904,0.94504333,33.013904,31.19957
init,init,-1,,6137,105.Whip_poor_Will/Whip_Poor_Will_0003_796409.jpg,105,104,105.Whip_poor_Will,25,24,random_erasing,random_erasing,0,"{""area_fraction"":0.17098,""erased"":true,""height"":0.424277,""left"":0.232784,""top"":0.297023,""width"":0.402992}",5.715785,5.365674,-0.35011101,0.0032935636,0.0046743066,0.029836008,0.027112503,-0.026542445,-0.022438196,0.0041042487,0.55068012,1.0415922,57.76963,60.172393,False,0.80787098,False,False,False,0.55068012,1.0415922,57.76963,60.172393,0.46235573,1.0133429,50.434585,51.107526,0.80744264,1.1273679,28.172376,31.760631,0.39372586,0.86830864,7.3823585,6.4101657,0.39650062,1.0379219,16.482704,17.10776,0.43143505,0.82848127,23.977322,19.864762,0.41547631,0.93804066,23.50827,22.051713,0.51896485,1.1322755,33.013904,37.380834
init,init,-1,,11074,189.Red_bellied_Woodpecker/Red_Bellied_Woodpecker_0066_182253.jpg,189,188,189.Red_bellied_Woodpecker,46,45,identity,identity,0,{},5.4854345,5.4854345,0,0.0041467324,0.0041467324,0.023875764,0.023875764,-0.019729031,-0.019729031,0,1,1,37.854669,37.854669,False,1,True,False,False,1,1,37.854669,37.854669,1,1,30.552593,30.552593,1,1,22.349833,22.349833,1,1,6.462471,6.462471,1,1,11.43947,11.43947,1,1,10.794819,10.794819,1,1,11.730827,11.730827,1,1,22.509899,22.509899
init,init,-1,,11074,189.Red_bellied_Woodpecker/Red_Bellied_Woodpecker_0066_182253.jpg,189,188,189.Red_bellied_Woodpecker,46,45,horizontal_flip,horizontal_flip,0,"{""flipped"":true}",5.4854345,5.4693089,-0.016125679,0.0041467324,0.0042141434,0.023875764,0.01459513,-0.019729031,-0.010380986,0.0093480451,0.64342095,0.97788342,37.854669,37.017454,False,0.95490253,False,False,False,0.64342095,0.97788342,37.854669,37.017454,0.485959,0.99605622,30.552593,30.432101,0.95487638,0.942985,22.349833,21.075557,0.6379929,0.89443723,6.462471,5.7802747,0.2938034,0.87990599,11.43947,10.065659,0.29830013,1.004045,10.794819,10.838484,0.31251579,1.0680184,11.730827,12.528739,0.61224022,1.0100601,22.509899,22.736351
init,init,-1,,11074,189.Red_bellied_Woodpecker/Red_Bellied_Woodpecker_0066_182253.jpg,189,188,189.Red_bellied_Woodpecker,46,45,color_jitter,color_jitter,0,"{""brightness"":1.069032,""contrast"":1.172644,""hue"":-0.016749,""saturation"":1.374802}",5.4854345,5.5814214,0.095986843,0.0041467324,0.0037672077,0.023875764,0.025162598,-0.019729031,-0.02139539,-0.0016663591,0.90569853,0.97918915,37.854669,37.066882,False,0.98608923,True,False,False,0.90569853,0.97918915,37.854669,37.066882,0.86325083,0.98347854,30.552593,30.04782,0.98607863,0.97112264,22.349833,21.704429,0.88638232,0.92240325,6.462471,5.9610042,0.81374148,0.9382924,11.43947,10.733568,0.78599777,1.0265957,10.794819,11.081915,0.80190077,1.0143099,11.730827,11.898694,0.91018494,0.98111732,22.509899,22.084851
init,init,-1,,11074,189.Red_bellied_Woodpecker/Red_Bellied_Woodpecker_0066_182253.jpg,189,188,189.Red_bellied_Woodpecker,46,45,rotation,rotation,0,"{""angle"":13.552226}",5.4854345,5.7070789,0.2216444,0.0041467324,0.0033223631,0.023875764,0.020999769,-0.019729031,-0.017677406,0.0020516256,0.7090042,1.1849097,37.854669,44.854366,False,0.93972921,False,False,False,0.7090042,1.1849097,37.854669,44.854366,0.59486826,1.2139274,30.552593,37.088629,0.93965726,1.1286856,22.349833,25.225934,0.49971434,1.0446302,6.462471,6.7508921,0.62343939,1.2581005,11.43947,14.392003,0.46649175,1.2481095,10.794819,13.473116,0.4613893,1.2981516,11.730827,15.228392,0.66610193,1.1832657,22.509899,26.63519
init,init,-1,,11074,189.Red_bellied_Woodpecker/Red_Bellied_Woodpecker_0066_182253.jpg,189,188,189.Red_bellied_Woodpecker,46,45,random_resized_crop,random_resized_crop,0,"{""area_fraction"":0.878776,""aspect"":0.91881,""fallback"":false,""height"":0.977972,""left"":0.050017,""top"":0.006348,""width"":0.89857}",5.4854345,5.4389296,-0.046504974,0.0041467324,0.0043441323,0.023875764,0.023204919,-0.019729031,-0.018860787,0.00086824456,0.84127673,0.98975601,37.854669,37.466886,False,0.98640561,True,False,False,0.84127673,0.98975601,37.854669,37.466886,0.7650535,0.99594519,30.552593,30.428708,0.986409,0.9780851,22.349833,21.860039,0.60989919,0.92790635,6.462471,5.9965679,0.58183573,0.94064021,11.43947,10.760426,0.62823328,1.0586509,10.794819,11.427945,0.72168745,1.0566812,11.730827,12.395744,0.87018565,0.98329507,22.509899,22.133872
init,init,-1,,11074,189.Red_bellied_Woodpecker/Red_Bellied_Woodpecker_0066_182253.jpg,189,188,189.Red_bellied_Woodpecker,46,45,gaussian_blur,gaussian_blur,0,"{""sigma"":1.964457}",5.4854345,5.5052471,0.019812584,0.0041467324,0.0040653846,0.023875764,0.022065284,-0.019729031,-0.017999899,0.0017291321,0.61959664,1.2495,37.854669,47.299411,False,0.89512825,False,False,False,0.61959664,1.2495,37.854669,47.299411,0.48043631,1.2728997,30.552593,38.890387,0.89503197,1.2045544,22.349833,26.921591,0.33253804,0.95854552,6.462471,6.1945726,0.36903835,1.209317,11.43947,13.833946,0.29530736,1.4352193,10.794819,15.492932,0.36699865,1.4801781,11.730827,17.363713,0.61191992,1.2094527,22.509899,27.224657
init,init,-1,,11074,189.Red_bellied_Woodpecker/Red_Bellied_Woodpecker_0066_182253.jpg,189,188,189.Red_bellied_Woodpecker,46,45,random_erasing,random_erasing,0,"{""area_fraction"":0.108165,""erased"":true,""height"":0.248075,""left"":0.541419,""top"":0.648575,""width"":0.436018}",5.4854345,5.4524174,-0.033017159,0.0041467324,0.0042859325,0.023875764,0.02806174,-0.019729031,-0.023775808,-0.0040467763,0.90250497,1.0739758,37.854669,40.655,False,0.96892738,True,False,False,0.90250497,1.0739758,37.854669,40.655,0.86774869,1.0815312,30.552593,33.043584,0.96891549,1.0597124,22.349833,23.684395,0.88823831,0.98491108,6.462471,6.3649593,0.8888221,1.1308783,11.43947,12.936648,0.82076664,1.1951486,10.794819,12.901412,0.80961029,1.1091159,11.730827,13.010846,0.89190402,1.0402262,22.509899,23.415386
init,init,-1,,7561,129.Song_Sparrow/Song_Sparrow_0135_121261.jpg,129,128,129.Song_Sparrow,46,45,identity,identity,0,{},3.7849729,3.7849729,0,0.02270948,0.02270948,0.024442377,0.024442377,-0.001732897,-0.001732897,0,1,1,52.720139,52.720139,False,1,True,False,False,1,1,52.720139,52.720139,1,1,44.708515,44.708515,1,1,27.938534,27.938534,1,1,7.0547311,7.0547311,1,1,17.59821,17.59821,1,1,17.881042,17.881042,1,1,19.596332,19.596332,1,1,30.588189,30.588189
init,init,-1,,7561,129.Song_Sparrow/Song_Sparrow_0135_121261.jpg,129,128,129.Song_Sparrow,46,45,horizontal_flip,horizontal_flip,0,"{""flipped"":true}",3.7849729,4.0314188,0.24644589,0.02270948,0.017749131,0.024442377,0.025904281,-0.001732897,-0.0081551503,-0.0064222533,0.63935896,0.95999197,52.720139,50.61091,False,0.96060491,True,False,False,0.63935896,0.95999197,52.720139,50.61091,0.51160858,0.95489647,44.708515,42.692004,0.96052033,0.9729188,27.938534,27.181925,0.2518143,0.89800468,7.0547311,6.3351816,0.22838541,0.88320301,17.59821,15.542792,0.35351858,0.95875382,17.881042,17.143517,0.44111496,0.97428309,19.596332,19.092375,0.69263373,0.97117507,30.588189,29.706486
init,init,-1,,7561,129.Song_Sparrow/Song_Sparrow_0135_121261.jpg,129,128,129.Song_Sparrow,46,45,color_jitter,color_jitter,0,"{""brightness"":0.984724,""contrast"":0.669906,""hue"":0.054646,""saturation"":0.659232}",3.7849729,4.1376338,0.35266089,0.02270948,0.015960576,0.024442377,0.025049994,-0.001732897,-0.0090894178,-0.0073565207,0.77713264,1.0606242,52.720139,55.916257,False,0.93247879,False,False,False,0.77713264,1.0606242,52.720139,55.916257,0.71997414,1.0759595,44.708515,48.10455,0.93228758,1.0203037,27.938534,28.50579,0.49463409,0.96035328,7.0547311,6.7750341,0.73940546,1.2238315,17.59821,21.537243,0.6294732,1.1312337,17.881042,20.227636,0.64518955,1.0269978,19.596332,20.125389,0.79213636,1.0286957,30.588189,31.465938
init,init,-1,,7561,129.Song_Sparrow/Song_Sparrow_0135_121261.jpg,129,128,129.Song_Sparrow,46,45,rotation,rotation,0,"{""angle"":0.751179}",3.7849729,3.69488,-0.090092897,0.02270948,0.024850437,0.024442377,0.027451111,-0.001732897,-0.0026006736,-0.00086777657,0.84587005,1.0221198,52.720139,53.8863,False,0.97567165,True,False,False,0.84587005,1.0221198,52.720139,53.8863,0.79468213,1.0190727,44.708515,45.561227,0.97560937,1.0298818,27.938534,28.773388,0.65834938,1.0977722,7.0547311,7.7444876,0.75099085,0.97859186,17.59821,17.221465,0.74099105,1.0994667,17.881042,19.65961,0.74005094,0.99197733,19.596332,19.439117,0.85989205,1.0102361,30.588189,30.901294
init,init,-1,,7561,129.Song_Sparrow/Song_Sparrow_0135_121261.jpg,129,128,129.Song_Sparrow,46,45,random_resized_crop,random_resized_crop,0,"{""area_fraction"":0.654366,""aspect"":0.974766,""fallback"":false,""height"":0.819333,""left"":0.071243,""top"":0.098038,""width"":0.798658}",3.7849729,4.0398345,0.25486159,0.02270948,0.017600384,0.024442377,0.023723211,-0.001732897,-0.0061228275,-0.0043899305,0.713313,1.0257091,52.720139,54.075524,False,0.95305085,True,False,False,0.713313,1.0257091,52.720139,54.075524,0.62468351,1.040083,44.708515,46.500567,0.95293935,0.98794742,27.938534,27.601802,0.37043146,1.0045422,7.0547311,7.086775,0.59578553,0.93103837,17.59821,16.384608,0.55173935,1.2102581,17.881042,21.640676,0.5101037,1.0818684,19.596332,21.200652,0.73379959,0.99474978,30.588189,30.427594
init,init,-1,,7561,129.Song_Sparrow/Song_Sparrow_0135_121261.jpg,129,128,129.Song_Sparrow,46,45,gaussian_blur,gaussian_blur,0,"{""sigma"":1.494257}",3.7849729,4.0204072,0.23543429,0.02270948,0.017945657,0.024442377,0.023751827,-0.001732897,-0.0058061704,-0.0040732734,0.67114143,1.0060012,52.720139,53.036523,False,0.92519891,False,False,False,0.67114143,1.0060012,52.720139,53.036523,0.58325319,1.034859,44.708515,46.267008,0.92506715,0.92802038,27.938534,25.927529,0.17412102,1.3720214,7.0547311,9.6792418,0.5288847,1.1249883,17.59821,19.79778,0.50241673,1.0709103,17.881042,19.148991,0.49619709,1.0332169,19.596332,20.247261,0.70753501,0.96890841,30.588189,29.637153
init,init,-1,,7561,129.Song_Sparrow/Song_Sparrow_0135_121261.jpg,129,128,129.Song_Sparrow,46,45,random_erasing,random_erasing,0,"{""area_fraction"":0.104664,""erased"":true,""height"":0.414773,""left"":0.093213,""top"":0.326643,""width"":0.252341}",3.7849729,3.8267331,0.041760206,0.02270948,0.021780655,0.024442377,0.029642146,-0.001732897,-0.0078614913,-0.0061285943,0.86564931,1.0246906,52.720139,54.02183,False,0.96764874,True,False,False,0.86564931,1.0246906,52.720139,54.02183,0.8256392,1.0230213,44.708515,45.737763,0.96752638,1.028953,27.938534,28.747438,0.81799958,1.1629514,7.0547311,8.2043094,0.82405155,1.0213349,17.59821,17.973666,0.76658887,1.0705301,17.881042,19.142194,0.80428209,1.0448199,19.596332,20.474638,0.85902875,0.98942071,30.588189,30.264587
init,init,-1,,5796,099.Ovenbird/Ovenbird_0054_92594.jpg,99,98,099.Ovenbird,4,3,identity,identity,0,{},5.4810767,5.4810767,0,0.0041648429,0.0041648429,0.017334433,0.017334433,-0.01316959,-0.01316959,0,1,1,35.831276,35.831276,False,1.0000001,True,False,False,1,1,35.831276,35.831276,1,1,27.777499,27.777499,1,1,22.633844,22.633844,1,1,4.0325031,4.0325031,1,1,8.3827603,8.3827603,1,1,9.9092431,9.9092431,1,1,11.201794,11.201794,1,1,21.479861,21.479861
init,init,-1,,5796,099.Ovenbird/Ovenbird_0054_92594.jpg,99,98,099.Ovenbird,4,3,horizontal_flip,horizontal_flip,0,"{""flipped"":true}",5.4810767,5.5055666,0.02448988,0.0041648429,0.0040640845,0.017334433,0.015131014,-0.01316959,-0.01106693,0.0021026605,0.71684621,1.051917,35.831276,37.691527,False,0.96371377,False,False,False,0.71684621,1.051917,35.831276,37.691527,0.5406943,1.018461,27.777499,28.290298,0.9636544,1.1003888,22.633844,24.906028,0.40681015,1.0996597,4.0325031,4.4343813,0.23295061,1.0027355,8.3827603,8.4056914,0.44575323,0.99027759,9.9092431,9.8129014,0.36886418,0.94112216,11.201794,10.542256,0.65269454,1.0436988,21.479861,22.418505
init,init,-1,,5796,099.Ovenbird/Ovenbird_0054_92594.jpg,99,98,099.Ovenbird,4,3,color_jitter,color_jitter,0,"{""brightness"":0.957141,""contrast"":1.027234,""hue"":-0.069727,""saturation"":1.121134}",5.4810767,5.4163938,-0.064682961,0.0041648429,0.0044431412,0.017334433,0.016084692,-0.01316959,-0.01164155,0.00152804,0.85711587,1.0524712,35.831276,37.711387,False,0.9718284,False,False,False,0.85711587,1.0524712,35.831276,37.711387,0.78211139,1.0586195,27.777499,29.405803,0.97181654,1.0431425,22.633844,23.610326,0.52255274,0.90411535,4.0325031,3.6458479,0.54248356,1.1101832,8.3827603,9.3063999,0.71028364,1.1022714,9.9092431,10.922675,0.74525458,1.0713903,11.201794,12.001493,0.85606634,1.0425247,21.479861,22.393286
init,init,-1,,5796,099.Ovenbird/Ovenbird_0054_92594.jpg,99,98,099.Ovenbird,4,3,rotation,rotation,0,"{""angle"":-14.427927}",5.4810767,5.5125203,0.031443596,0.0041648429,0.0040359227,0.017334433,0.012627531,-0.01316959,-0.0085916081,0.0045779822,0.65101279,1.1598898,35.831276,41.560332,False,0.91752791,False,False,False,0.65101279,1.1598898,35.831276,41.560332,0.50148671,1.2251383,27.777499,34.031278,0.91747624,1.0540196,22.633844,23.856515,0.50097091,1.8360267,4.0325031,7.4037832,0.3564185,1.5713223,8.3827603,13.172018,0.41473382,1.3585711,9.9092431,13.462412,0.37106218,1.242369,11.201794,13.916761,0.60589365,1.0966669,21.479861,23.556252
init,init,-1,,5796,099.Ovenbird/Ovenbird_0054_92594.jpg,99,98,099.Ovenbird,4,3,random_resized_crop,random_resized_crop,0,"{""area_fraction"":0.536305,""aspect"":0.846949,""fallback"":false,""height"":0.795751,""left"":0.014704,""top"":0.045989,""width"":0.67396}",5.4810767,5.4318342,-0.049242496,0.0041648429,0.0043750652,0.017334433,0.018133014,-0.01316959,-0.013757949,-0.00058835885,0.67175826,1.2723321,35.831276,45.589283,False,0.92555732,False,False,False,0.67175826,1.2723321,35.831276,45.589283,0.50401121,1.2738371,27.777499,35.384008,0.92516403,1.2700621,22.633844,28.746387,0.30758138,1.1828785,4.0325031,4.769961,0.41590068,1.3768245,8.3827603,11.541589,0.45878952,1.499189,9.9092431,14.855828,0.35416985,1.2610761,11.201794,14.126315,0.58317363,1.2102739,21.479861,25.996515
init,init,-1,,5796,099.Ovenbird/Ovenbird_0054_92594.jpg,99,98,099.Ovenbird,4,3,gaussian_blur,gaussian_blur,0,"{""sigma"":1.001581}",5.4810767,5.7245722,0.24349546,0.0041648429,0.0032647504,0.017334433,0.021068279,-0.01316959,-0.017803528,-0.004633938,0.80343232,1.191567,35.831276,42.695365,False,0.95750165,True,False,False,0.80343232,1.191567,35.831276,42.695365,0.7070877,1.217027,27.777499,33.805966,0.95745224,1.1521589,22.633844,26.077786,0.7549408,1.6946679,4.0325031,6.8337535,0.60243185,1.3661476,8.3827603,11.452088,0.62531251,1.3524295,9.9092431,13.401552,0.6334727,1.2647448,11.201794,14.167411,0.77356249,1.1257088,21.479861,24.180068
init,init,-1,,5796,099.Ovenbird/Ovenbird_0054_92594.jpg,99,98,099.Ovenbird,4,3,random_erasing,random_erasing,0,"{""area_fraction"":0.19646,""erased"":true,""height"":0.488408,""left"":0.57647,""top"":0.234272,""width"":0.402246}",5.4810767,5.8573236,0.37624693,0.0041648429,0.0028588846,0.017334433,0.023778597,-0.01316959,-0.020919712,-0.0077501219,0.4487877,1.3158303,35.831276,47.147877,False,0.77350426,True,False,False,0.4487877,1.3158303,35.831276,47.147877,0.27098188,1.402439,27.777499,38.956248,0.77346049,1.1733803,22.633844,26.558108,-0.00068286004,1.5497839,4.0325031,6.2495085,0.099767933,1.8100117,8.3827603,15.172894,0.14820944,1.6259049,9.9092431,16.111487,0.22780163,1.4664081,11.201794,16.426402,0.37327614,1.2482617,21.479861,26.812487
init,init,-1,,2455,043.Yellow_bellied_Flycatcher/Yellow_Bellied_Flycatcher_0049_42593.jpg,43,42,043.Yellow_bellied_Flycatcher,129,128,identity,identity,0,{},5.7727642,5.7727642,0,0.0031111448,0.0031111448,0.041873235,0.041873235,-0.03876209,-0.03876209,0,1,1,48.171199,48.171199,False,0.99999988,True,False,False,1,1,48.171199,48.171199,1,1,39.872416,39.872416,1,1,27.030629,27.030629,1,1,5.818426,5.818426,1,1,14.782006,14.782006,1,1,18.501223,18.501223,1,1,17.106648,17.106648,1,1,26.505001,26.505001
init,init,-1,,2455,043.Yellow_bellied_Flycatcher/Yellow_Bellied_Flycatcher_0049_42593.jpg,43,42,043.Yellow_bellied_Flycatcher,129,128,horizontal_flip,horizontal_flip,0,"{""flipped"":true}",5.7727642,5.4164629,-0.35630131,0.0031111448,0.0044428343,0.041873235,0.031808086,-0.03876209,-0.027365251,0.011396839,0.63683788,0.95753154,48.171199,46.125442,False,0.93569696,True,False,False,0.63683788,0.95753154,48.171199,46.125442,0.49768674,0.95338463,39.872416,38.013748,0.93554654,0.96649318,27.030629,26.124919,0.28027399,1.1255938,5.818426,6.5491842,0.22719857,0.93021513,14.782006,13.750445,0.51282629,0.95265446,18.501223,17.625273,0.41128323,0.96687703,17.106648,16.540025,0.62269806,0.94612326,26.505001,25.076998
init,init,-1,,2455,043.Yellow_bellied_Flycatcher/Yellow_Bellied_Flycatcher_0049_42593.jpg,43,42,043.Yellow_bellied_Flycatcher,129,128,color_jitter,color_jitter,0,"{""brightness"":0.624555,""contrast"":0.995681,""hue"":-0.095893,""saturation"":0.767727}",5.7727642,5.6464596,-0.12630463,0.0031111448,0.0035299915,0.041873235,0.039529413,-0.03876209,-0.035999421,0.002762669,0.77173802,1.0230173,48.171199,49.27997,False,0.94467998,True,False,False,0.77173802,1.0230173,48.171199,49.27997,0.69328687,1.0268418,39.872416,40.942662,0.94452714,1.0146459,27.030629,27.426517,0.34006965,1.6551924,5.818426,9.6306144,0.50772774,1.081453,14.782006,15.986045,0.69209336,0.92933379,18.501223,17.193812,0.67942981,0.9561886,17.106648,16.357182,0.79463347,1.0433987,26.505001,27.655283
init,init,-1,,2455,043.Yellow_bellied_Flycatcher/Yellow_Bellied_Flycatcher_0049_42593.jpg,43,42,043.Yellow_bellied_Flycatcher,129,128,rotation,rotation,0,"{""angle"":-2.28612}",5.7727642,5.5125484,-0.26021576,0.0031111448,0.0040358086,0.041873235,0.045138512,-0.03876209,-0.041102703,-0.0023406127,0.83000394,1.062229,48.171199,51.168847,False,0.97447741,True,False,False,0.83000394,1.062229,48.171199,51.168847,0.76447704,1.066271,39.872416,42.514802,0.97436887,1.0533806,27.030629,28.47354,0.67359399,1.1917507,5.818426,6.9341131,0.63960988,1.0205276,14.782006,15.085445,0.73405177,1.0699536,18.501223,19.795452,0.73211525,1.0768024,17.106648,18.420479,0.83543833,1.0675843,26.505001,28.296323
init,init,-1,,2455,043.Yellow_bellied_Flycatcher/Yellow_Bellied_Flycatcher_0049_42593.jpg,43,42,043.Yellow_bellied_Flycatcher,129,128,random_resized_crop,random_resized_crop,0,"{""area_fraction"":0.624082,""aspect"":1.285854,""fallback"":false,""height"":0.696666,""left"":0.096464,""top"":0.215546,""width"":0.895812}",5.7727642,5.3747053,-0.39805889,0.0031111448,0.0046322839,0.041873235,0.04824543,-0.03876209,-0.043613146,-0.0048510556,0.69281909,1.1768347,48.171199,56.68954,False,0.95020342,True,False,False,0.69281909,1.1768347,48.171199,56.68954,0.58701089,1.2122731,39.872416,48.336255,0.95002018,1.0957727,27.030629,29.619425,0.45746055,2.2112078,5.818426,12.865749,0.35417001,1.2618976,14.782006,18.653377,0.59912311,1.1506388,18.501223,21.288225,0.52695962,1.1370093,17.106648,19.450418,0.70472244,1.187952,26.505001,31.486669
init,init,-1,,2455,043.Yellow_bellied_Flycatcher/Yellow_Bellied_Flycatcher_0049_42593.jpg,43,42,043.Yellow_bellied_Flycatcher,129,128,gaussian_blur,gaussian_blur,0,"{""sigma"":1.861429}",5.7727642,5.4423609,-0.33040333,0.0031111448,0.0043292511,0.041873235,0.042276327,-0.03876209,-0.037947075,0.00081501505,0.52271983,1.3390532,48.171199,64.5038,False,0.87265438,True,False,False,0.52271983,1.3390532,48.171199,64.5038,0.41270741,1.4514002,39.872416,57.870834,0.87247538,1.0540069,27.030629,28.49047,0.3397411,1.6798386,5.818426,9.7740166,0.15305827,1.5232911,14.782006,22.517297,0.3975168,1.8108827,18.501223,33.503546,0.3613623,1.4244272,17.106648,24.367175,0.57009698,1.2109844,26.505001,32.097142
init,init,-1,,2455,043.Yellow_bellied_Flycatcher/Yellow_Bellied_Flycatcher_0049_42593.jpg,43,42,043.Yellow_bellied_Flycatcher,129,128,random_erasing,random_erasing,0,"{""area_fraction"":0.171891,""erased"":true,""height"":0.746484,""left"":0.695711,""top"":0.090595,""width"":0.230267}",5.7727642,5.7088118,-0.063952446,0.0031111448,0.0033166106,0.041873235,0.047431089,-0.03876209,-0.044114478,-0.0053523879,0.90953427,1.0483576,48.171199,50.500641,False,0.98041958,True,False,False,0.90953427,1.0483576,48.171199,50.500641,0.87701768,1.048651,39.872416,41.812249,0.9803493,1.0477188,27.030629,28.320498,0.75731643,1.1591962,5.818426,6.7446973,0.82598329,1.0534106,14.782006,15.571522,0.87070193,1.0394101,18.501223,19.230359,0.86384563,1.0270486,17.106648,17.569359,0.90792622,1.0549292,26.505001,27.960899
init,init,-1,,10437,178.Swainson_Warbler/Swainson_Warbler_0034_794890.jpg,178,177,178.Swainson_Warbler,129,128,identity,identity,0,{},6.2072773,6.2072773,0,0.0020147159,0.0020147159,0.027557975,0.027557975,-0.025543259,-0.025543259,0,1,1,64.010512,64.010512,False,0.99999994,True,False,False,1,1,64.010512,64.010512,1,1,56.111274,56.111274,1,1,30.803742,30.803742,1,1,11.456347,11.456347,1,1,24.445603,24.445603,1,1,26.375515,26.375515,1,1,23.957555,23.957555,1,1,33.91176,33.91176
init,init,-1,,10437,178.Swainson_Warbler/Swainson_Warbler_0034_794890.jpg,178,177,178.Swainson_Warbler,129,128,horizontal_flip,horizontal_flip,0,"{""flipped"":true}",6.2072773,6.4218597,0.21458244,0.0020147159,0.00162563,0.027557975,0.031558383,-0.025543259,-0.029932753,-0.0043894945,0.61182282,1.0699097,64.010512,68.485468,False,0.9560405,True,False,False,0.61182282,1.0699097,64.010512,68.485468,0.50407478,1.0598566,56.111274,59.469903,0.95584591,1.1026109,30.803742,33.964541,0.5515097,0.95848227,11.456347,10.980705,0.27962335,0.85468823,24.445603,20.893369,0.43587936,1.1212099,26.375515,29.572488,0.40501816,1.1318882,23.957555,27.117274,0.69061859,1.0913387,33.91176,37.009215
init,init,-1,,10437,178.Swainson_Warbler/Swainson_Warbler_0034_794890.jpg,178,177,178.Swainson_Warbler,129,128,color_jitter,color_jitter,0,"{""brightness"":0.694304,""contrast"":1.263476,""hue"":-0.012129,""saturation"":0.639959}",6.2072773,6.0694666,-0.13781071,0.0020147159,0.0023124067,0.027557975,0.031422861,-0.025543259,-0.029110454,-0.0035671955,0.82706612,1.0684425,64.010512,68.391553,False,0.96314901,True,False,False,0.82706612,1.0684425,64.010512,68.391553,0.78965827,1.0865388,56.111274,60.967076,0.96303315,1.0060676,30.803742,30.990646,0.78428746,1.3165596,11.456347,15.082963,0.70781391,1.1044594,24.445603,26.999176,0.75042172,1.0668254,26.375515,28.138069,0.7879948,1.1003395,23.957555,26.361445,0.86263939,1.0524704,33.91176,35.691124
init,init,-1,,10437,178.Swainson_Warbler/Swainson_Warbler_0034_794890.jpg,178,177,178.Swainson_Warbler,129,128,rotation,rotation,0,"{""angle"":-5.939162}",6.2072773,5.6912222,-0.51605511,0.0020147159,0.0033754651,0.027557975,0.018989764,-0.025543259,-0.015614299,0.0099289597,0.71383543,0.87835425,64.010512,56.223905,False,0.91327143,False,False,False,0.71383543,0.87835425,64.010512,56.223905,0.65182009,0.8712871,56.111274,48.889029,0.91304877,0.90140714,30.803742,27.766713,0.55095498,0.72078969,11.456347,8.2576167,0.58851562,0.79176386,24.445603,19.355145,0.65151712,0.84923214,26.375515,22.398935,0.60346101,0.89379654,23.957555,21.41318,0.71616209,0.92646327,33.91176,31.418
init,init,-1,,10437,178.Swainson_Warbler/Swainson_Warbler_0034_794890.jpg,178,177,178.Swainson_Warbler,129,128,random_resized_crop,random_resized_crop,0,"{""area_fraction"":0.871476,""aspect"":0.987211,""fallback"":false,""height"":0.939556,""left"":0.002911,""top"":0.057836,""width"":0.92754}",6.2072773,5.7793264,-0.42795086,0.0020147159,0.0030907975,0.027557975,0.022856066,-0.025543259,-0.019765269,0.0057779902,0.78800777,0.88933208,64.010512,56.926601,False,0.96471232,True,False,False,0.78800777,0.88933208,64.010512,56.926601,0.73364073,0.8847042,56.111274,49.64188,0.96460066,0.90451836,30.803742,27.86255,0.48774674,0.92434802,11.456347,10.589652,0.564904,0.79410288,24.445603,19.412324,0.75922734,0.87018999,26.375515,22.951709,0.71086028,0.92918026,23.957555,22.260888,0.83826438,0.91032864,33.91176,30.870846
init,init,-1,,10437,178.Swainson_Warbler/Swainson_Warbler_0034_794890.jpg,178,177,178.Swainson_Warbler,129,128,gaussian_blur,gaussian_blur,0,"{""sigma"":1.6368}",6.2072773,6.4211054,0.21382809,0.0020147159,0.0016268573,0.027557975,0.019162335,-0.025543259,-0.017535477,0.0080077816,0.64989284,1.0727538,64.010512,68.667519,False,0.92161953,True,False,False,0.64989284,1.0727538,64.010512,68.667519,0.59428518,1.1329847,56.111274,63.573215,0.92136481,0.84260025,30.803742,25.95524,0.18496978,1.2552816,11.456347,14.380942,0.40068421,1.0939384,24.445603,26.741983,0.58779527,1.4447792,26.375515,38.106796,0.64811407,1.0975847,23.957555,26.295445,0.78193806,0.92125805,33.91176,31.241482
init,init,-1,,10437,178.Swainson_Warbler/Swainson_Warbler_0034_794890.jpg,178,177,178.Swainson_Warbler,129,128,random_erasing,random_erasing,0,"{""area_fraction"":0.151889,""erased"":true,""height"":0.352855,""left"":0.201184,""top"":0.400526,""width"":0.430456}",6.2072773,5.5380745,-0.6692028,0.0020147159,0.0039340942,0.027557975,0.022488905,-0.025543259,-0.018554811,0.0069884479,0.56486075,0.81728279,64.010512,52.314689,False,0.80100423,True,False,False,0.56486075,0.81728279,64.010512,52.314689,0.49347687,0.81639995,56.111274,45.809241,0.80062744,0.82020537,30.803742,25.265394,0.46692506,0.87325297,11.456347,10.004289,0.58116847,0.6398416,24.445603,15.641314,0.4512445,0.88912978,26.375515,23.451256,0.40027255,0.86668774,23.957555,20.76372,0.5457906,0.81967737,33.91176,27.796702
init,init,-1,,5857,100.Brown_Pelican/Brown_Pelican_0011_94683.jpg,100,99,100.Brown_Pelican,45,44,identity,identity,0,{},4.4193888,4.4193888,0,0.012041591,0.012041591,0.03433305,0.03433305,-0.022291459,-0.022291459,0,1,1,51.972297,51.972297,False,1.0000001,True,False,False,1,1,51.972297,51.972297,1,1,40.186416,40.186416,1,1,32.957118,32.957118,1,1,5.7417215,5.7417215,1,1,13.69194,13.69194,1,1,15.083053,15.083053,1,1,17.206868,17.206868,1,1,29.511635,29.511635
init,init,-1,,5857,100.Brown_Pelican/Brown_Pelican_0011_94683.jpg,100,99,100.Brown_Pelican,45,44,horizontal_flip,horizontal_flip,0,"{""flipped"":true}",4.4193888,4.2786422,-0.14074659,0.012041591,0.013861472,0.03433305,0.015126714,-0.022291459,-0.0012652427,0.021026216,0.71562561,1.0602905,51.972297,55.105732,False,0.96642905,False,False,False,0.71562561,1.0602905,51.972297,55.105732,0.58620367,1.1448978,40.186416,46.009338,0.96613288,0.92022354,32.957118,30.327916,-0.0041770712,1.0182745,5.7417215,5.8466488,0.58920368,1.2676187,13.69194,17.356159,0.53617076,1.4335808,15.083053,21.622776,0.43035159,1.1715928,17.206868,20.159442,0.69720933,1.0207706,29.511635,30.12461
init,init,-1,,5857,100.Brown_Pelican/Brown_Pelican_0011_94683.jpg,100,99,100.Brown_Pelican,45,44,color_jitter,color_jitter,0,"{""brightness"":1.049924,""contrast"":0.824736,""hue"":0.096753,""saturation"":0.868464}",4.4193888,4.5544925,0.1351037,0.012041591,0.010519838,0.03433305,0.042253308,-0.022291459,-0.03173347,-0.0094420109,0.80411608,1.0251148,51.972297,53.277569,False,0.95635009,True,False,False,0.80411608,1.0251148,51.972297,53.277569,0.71508375,1.0705596,40.186416,43.021953,0.95610481,0.95355052,32.957118,31.426277,0.49135603,1.0414449,5.7417215,5.9796866,0.54454853,1.2479157,13.69194,17.086387,0.69348927,1.3011735,15.083053,19.625669,0.67671228,1.0508553,17.206868,18.081928,0.80456544,0.9650156,29.511635,28.479188
init,init,-1,,5857,100.Brown_Pelican/Brown_Pelican_0011_94683.jpg,100,99,100.Brown_Pelican,45,44,rotation,rotation,0,"{""angle"":-3.363344}",4.4193888,4.0369849,-0.38240385,0.012041591,0.017650612,0.03433305,0.03523672,-0.022291459,-0.017586108,0.0047053508,0.80171762,1.060315,51.972297,55.107004,False,0.97456843,True,False,False,0.80171762,1.060315,51.972297,55.107004,0.70249281,1.1135584,40.186416,44.749919,0.97447667,0.97579511,32.957118,32.159395,0.4874657,1.268956,5.7417215,7.2859919,0.4583174,1.2918553,13.69194,17.688005,0.6453932,1.2599665,15.083053,19.004141,0.68941455,1.1472647,17.206868,19.740833,0.81150827,1.0084663,29.511635,29.761489
init,init,-1,,5857,100.Brown_Pelican/Brown_Pelican_0011_94683.jpg,100,99,100.Brown_Pelican,45,44,random_resized_crop,random_resized_crop,0,"{""area_fraction"":0.717751,""aspect"":0.772737,""fallback"":false,""height"":0.963765,""left"":0.042468,""top"":0.031551,""width"":0.744737}",4.4193888,4.4483466,0.028957844,0.012041591,0.011697892,0.03433305,0.029838203,-0.022291459,-0.01814031,0.0041511487,0.76883799,0.97948251,51.972297,50.905956,False,0.95252383,True,False,False,0.76883799,0.97948251,51.972297,50.905956,0.65759772,1.0146237,40.186416,40.77409,0.95235331,0.92476821,32.957118,30.477695,0.32676188,0.96111564,5.7417215,5.5184583,0.49450445,1.0384716,13.69194,14.218692,0.57519633,1.0904367,15.083053,16.447114,0.59232835,1.0491825,17.206868,18.053144,0.75610375,0.97825904,29.511635,28.870024
init,init,-1,,5857,100.Brown_Pelican/Brown_Pelican_0011_94683.jpg,100,99,100.Brown_Pelican,45,44,gaussian_blur,gaussian_blur,0,"{""sigma"":1.858462}",4.4193888,4.4620724,0.042683601,0.012041591,0.011538428,0.03433305,0.034436144,-0.022291459,-0.022897716,-0.00060625654,0.66554485,1.1477913,51.972297,59.653348,False,0.9235903,True,False,False,0.66554485,1.1477913,51.972297,59.653348,0.53328406,1.2424817,40.186416,49.930885,0.92339793,0.99040531,32.957118,32.640905,0.23736871,1.5194443,5.7417215,8.7242261,0.3506206,1.379071,13.69194,18.882158,0.47748413,1.5672602,15.083053,23.639068,0.47910874,1.3231518,17.206868,22.767299,0.65871449,1.0625454,29.511635,31.357452
init,init,-1,,5857,100.Brown_Pelican/Brown_Pelican_0011_94683.jpg,100,99,100.Brown_Pelican,45,44,random_erasing,random_erasing,0,"{""area_fraction"":0.1362,""erased"":true,""height"":0.249001,""left"":0.099169,""top"":0.386937,""width"":0.546984}",4.4193888,4.0678387,-0.3515501,0.012041591,0.017114334,0.03433305,0.032584477,-0.022291459,-0.015470143,0.0068213157,0.77088046,1.1305794,51.972297,58.758808,False,0.94703484,True,False,False,0.77088046,1.1305794,51.972297,58.758808,0.66721599,1.1800671,40.186416,47.422667,0.94680175,1.0527076,32.957118,34.694209,0.069518362,1.4960546,5.7417215,8.5899286,0.49372969,1.1956281,13.69194,16.370468,0.68135692,1.2645527,15.083053,19.073316,0.63467091,1.1898666,17.206868,20.473878,0.74568985,1.1361106,29.511635,33.528483
init,init,-1,,3092,054.Blue_Grosbeak/Blue_Grosbeak_0067_36965.jpg,54,53,054.Blue_Grosbeak,58,57,identity,identity,0,{},7.0975099,7.0975099,0,0.00082716212,0.00082716212,0.025677575,0.025677575,-0.024850413,-0.024850413,0,1,1,51.154106,51.154106,False,1,True,False,False,1,1,51.154106,51.154106,1,1,43.497681,43.497681,1,1,26.920146,26.920146,1,1,10.814657,10.814657,1,1,15.538789,15.538789,1,1,18.181767,18.181767,1,1,18.791684,18.791684,1,1,29.153618,29.153618
init,init,-1,,3092,054.Blue_Grosbeak/Blue_Grosbeak_0067_36965.jpg,54,53,054.Blue_Grosbeak,58,57,horizontal_flip,horizontal_flip,0,"{""flipped"":true}",7.0975099,6.8994575,-0.19805241,0.00082716212,0.0010083324,0.025677575,0.022608368,-0.024850413,-0.021600035,0.0032503773,0.67319774,0.90538612,51.154106,46.314217,False,0.96832317,True,False,False,0.67319774,0.90538612,51.154106,46.314217,0.56225246,0.90987181,43.497681,39.577314,0.96822099,0.89356863,26.920146,24.054998,-0.031994401,0.69210912,10.814657,7.4849227,0.29114309,0.90018371,15.538789,13.987765,0.55867115,0.82408236,18.181767,14.983274,0.53651358,0.97184583,18.791684,18.26262,0.71192246,0.94353504,29.153618,27.507461
init,init,-1,,3092,054.Blue_Grosbeak/Blue_Grosbeak_0067_36965.jpg,54,53,054.Blue_Grosbeak,58,57,color_jitter,color_jitter,0,"{""brightness"":1.155167,""contrast"":1.0139,""hue"":0.042887,""saturation"":0.97532}",7.0975099,6.9970212,-0.10048866,0.00082716212,0.00091460225,0.025677575,0.027969047,-0.024850413,-0.027054445,-0.0022040325,0.89551279,0.95965044,51.154106,49.09006,False,0.98917472,True,False,False,0.89551279,0.95965044,51.154106,49.09006,0.85860684,0.9509513,43.497681,41.364176,0.98915243,0.9819992,26.920146,26.435561,0.88216758,0.87908734,10.814657,9.5070281,0.74514088,0.89443375,15.538789,13.898417,0.79878831,0.88848683,18.181767,16.154261,0.84273472,0.95745218,18.791684,17.992139,0.91413863,0.99577595,29.153618,29.030472
init,init,-1,,3092,054.Blue_Grosbeak/Blue_Grosbeak_0067_36965.jpg,54,53,054.Blue_Grosbeak,58,57,rotation,rotation,0,"{""angle"":2.257111}",7.0975099,6.9407816,-0.15672827,0.00082716212,0.00096751301,0.025677575,0.023751121,-0.024850413,-0.022783608,0.0020668047,0.79574169,1.016412,51.154106,51.993645,False,0.96102715,False,False,False,0.79574169,1.016412,51.154106,51.993645,0.72856126,0.99656852,43.497681,43.34842,0.96093742,1.0664807,26.920146,28.709817,0.71067008,0.80627101,10.814657,8.7195444,0.55915144,1.0661378,15.538789,16.566489,0.6219333,0.95694649,18.181767,17.398978,0.70619863,1.0145161,18.791684,19.064467,0.83284378,1.0073236,29.153618,29.367127
init,init,-1,,3092,054.Blue_Grosbeak/Blue_Grosbeak_0067_36965.jpg,54,53,054.Blue_Grosbeak,58,57,random_resized_crop,random_resized_crop,0,"{""area_fraction"":0.650784,""aspect"":1.236987,""fallback"":false,""height"":0.725331,""left"":0.082799,""top"":0.031776,""width"":0.897225}",7.0975099,6.979187,-0.11832285,0.00082716212,0.00093105977,0.025677575,0.025182502,-0.024850413,-0.024251443,0.0005989701,0.69038268,1.0077369,51.154106,51.549878,False,0.94077116,True,False,False,0.69038268,1.0077369,51.154106,51.549878,0.60206568,1.0280562,43.497681,44.718063,0.9406941,0.95264582,26.920146,25.645364,0.43292154,0.87676721,10.814657,9.4819367,0.43688134,1.1163104,15.538789,17.346111,0.6359258,1.1679209,18.181767,21.234866,0.52341019,1.0385256,18.791684,19.515646,0.70316434,0.95621271,29.153618,27.87706
init,init,-1,,3092,054.Blue_Grosbeak/Blue_Grosbeak_0067_36965.jpg,54,53,054.Blue_Grosbeak,58,57,gaussian_blur,gaussian_blur,0,"{""sigma"":1.285089}",7.0975099,6.5630641,-0.53444576,0.00082716212,0.0014115541,0.025677575,0.026564881,-0.024850413,-0.025153327,-0.00030291447,0.71702886,1.1524177,51.154106,58.950899,False,0.95328265,True,False,False,0.71702886,1.1524177,51.154106,58.950899,0.64441798,1.2042339,43.497681,52.381382,0.95320718,1.0046155,26.920146,27.044395,0.47868747,0.7058153,10.814657,7.6331504,0.37667541,1.3075962,15.538789,20.318461,0.6134186,1.5576002,18.181767,28.319924,0.62458314,1.276437,18.791684,23.9864,0.81672703,1.0263636,29.153618,29.922213
init,init,-1,,3092,054.Blue_Grosbeak/Blue_Grosbeak_0067_36965.jpg,54,53,054.Blue_Grosbeak,58,57,random_erasing,random_erasing,0,"{""area_fraction"":0.188963,""erased"":true,""height"":0.54598,""left"":0.163131,""top"":0.261636,""width"":0.346099}",7.0975099,6.1007957,-0.99671412,0.00082716212,0.0022410841,0.025677575,0.0089922966,-0.024850413,-0.0067512125,0.0180992,0.44796776,1.0611811,51.154106,54.28377,False,0.68092954,False,False,False,0.44796776,1.0611811,51.154106,54.28377,0.37691466,1.112653,43.497681,48.397828,0.68064434,0.91322311,26.920146,24.584099,0.42823828,0.83942097,10.814657,9.0780498,0.42713511,1.2752337,15.538789,19.815587,0.42596276,1.160325,18.181767,21.09676,0.33475847,1.1242673,18.791684,21.126876,0.35534867,1.0715242,29.153618,31.238808
init,init,-1,,275,005.Crested_Auklet/Crested_Auklet_0075_785259.jpg,5,4,005.Crested_Auklet,8,7,identity,identity,0,{},5.1715918,5.1715918,0,0.0056755268,0.0056755268,0.03441067,0.03441067,-0.028735144,-0.028735144,0,1,1,43.92438,43.92438,False,1,True,False,False,1,1,43.92438,43.92438,1,1,38.080127,38.080127,1,1,21.891895,21.891895,1,1,6.8850006,6.8850006,1,1,14.310834,14.310834,1,1,16.83162,16.83162,1,1,16.711167,16.711167,1,1,25.20568,25.20568
init,init,-1,,275,005.Crested_Auklet/Crested_Auklet_0075_785259.jpg,5,4,005.Crested_Auklet,8,7,horizontal_flip,horizontal_flip,0,"{""flipped"":true}",5.1715918,5.0951352,-0.076456547,0.0056755268,0.0061264778,0.03441067,0.025367074,-0.028735144,-0.019240596,0.0094945477,0.72222923,0.92914951,43.92438,40.812316,False,0.95482111,True,False,False,0.72222923,0.92914951,43.92438,40.812316,0.64119835,0.91564091,38.080127,34.867722,0.95478985,0.96887647,21.891895,21.210542,0.43023781,0.72586598,6.8850006,4.9975877,0.53984315,0.91512756,14.310834,13.096238,0.58112887,0.79732474,16.83162,13.420267,0.5905291,0.89688151,16.711167,14.987937,0.73011591,0.98349629,25.20568,24.789692
init,init,-1,,275,005.Crested_Auklet/Crested_Auklet_0075_785259.jpg,5,4,005.Crested_Auklet,8,7,color_jitter,color_jitter,0,"{""brightness"":0.943497,""contrast"":1.264143,""hue"":-0.007123,""saturation"":0.697073}",5.1715918,5.2505693,0.078977585,0.0056755268,0.0052445317,0.03441067,0.034026753,-0.028735144,-0.028782221,-4.707789e-05,0.90345228,1.0493677,43.92438,46.092824,False,0.98042554,True,False,False,0.90345228,1.0493677,43.92438,46.092824,0.87757378,1.0444454,38.080127,39.772613,0.98042342,1.0641224,21.891895,23.295657,0.85942763,1.1472165,6.8850006,7.8985866,0.85865729,1.1376912,14.310834,16.28131,0.85780795,0.99969285,16.83162,16.826451,0.85478044,1.0161819,16.711167,16.981586,0.9060657,1.0367557,25.20568,26.132132
init,init,-1,,275,005.Crested_Auklet/Crested_Auklet_0075_785259.jpg,5,4,005.Crested_Auklet,8,7,rotation,rotation,0,"{""angle"":13.39445}",5.1715918,5.6514263,0.47983456,0.0056755268,0.0035125033,0.03441067,0.047518197,-0.028735144,-0.044005694,-0.015270551,0.55756084,1.2679823,43.92438,55.695334,False,0.84240079,True,False,False,0.55756084,1.2679823,43.92438,55.695334,0.46995563,1.2884639,38.080127,49.064868,0.84223374,1.2038901,21.891895,26.355436,0.12953586,1.4498934,6.8850006,9.9825167,0.42286396,1.4585882,14.310834,20.873613,0.35030989,1.0912815,16.83162,18.368035,0.42309258,1.2738494,16.711167,21.287511,0.58393968,1.3046885,25.20568,32.88556
init,init,-1,,275,005.Crested_Auklet/Crested_Auklet_0075_785259.jpg,5,4,005.Crested_Auklet,8,7,random_resized_crop,random_resized_crop,0,"{""area_fraction"":0.515796,""aspect"":1.27259,""fallback"":false,""height"":0.636641,""left"":0.013303,""top"":0.345703,""width"":0.810183}",5.1715918,5.1963415,0.024749756,0.0056755268,0.0055367849,0.03441067,0.038025241,-0.028735144,-0.032488456,-0.0037533129,0.54811026,1.1093893,43.92438,48.729238,False,0.90094697,True,False,False,0.54811026,1.1093893,43.92438,48.729238,0.43395535,1.1151062,38.080127,42.463384,0.9009414,1.0919094,21.891895,23.903967,0.23925063,1.0508024,6.8850006,7.2347748,0.25487427,1.0700547,14.310834,15.313375,0.29034583,1.004889,16.83162,16.91391,0.35996938,1.2317194,16.711167,20.583468,0.59715171,1.1267149,25.20568,28.399614
init,init,-1,,275,005.Crested_Auklet/Crested_Auklet_0075_785259.jpg,5,4,005.Crested_Auklet,8,7,gaussian_blur,gaussian_blur,0,"{""sigma"":1.778084}",5.1715918,5.6623678,0.49077606,0.0056755268,0.0034742812,0.03441067,0.02825165,-0.028735144,-0.024777369,0.003957775,0.45452953,1.2579856,43.92438,55.256237,False,0.80440617,True,False,False,0.45452953,1.2579856,43.92438,55.256237,0.35971904,1.308431,38.080127,49.825219,0.80437439,1.0912401,21.891895,23.889313,-0.31540591,1.1994274,6.8850006,8.2580585,0.21578701,1.5546796,14.310834,22.248762,0.2606046,1.5448146,16.83162,26.001733,0.35328463,1.2966252,16.711167,21.668121,0.55590415,1.1035765,25.20568,27.816396
init,init,-1,,275,005.Crested_Auklet/Crested_Auklet_0075_785259.jpg,5,4,005.Crested_Auklet,8,7,random_erasing,random_erasing,0,"{""area_fraction"":0.061261,""erased"":true,""height"":0.288666,""left"":0.775103,""top"":0.266327,""width"":0.212222}",5.1715918,5.4179907,0.24639893,0.0056755268,0.0044360515,0.03441067,0.032330032,-0.028735144,-0.027893981,0.00084116263,0.87972745,1.0119208,43.92438,44.447992,False,0.95252734,True,False,False,0.87972745,1.0119208,43.92438,44.447992,0.85620485,1.0170949,38.080127,38.731104,0.95254502,0.99610146,21.891895,21.806549,0.88223071,1.0416503,6.8850006,7.171763,0.8461297,1.0234846,14.310834,14.646918,0.82755599,0.95099754,16.83162,16.006829,0.82915895,1.047285,16.711167,17.501356,0.88243162,1.0281633,25.20568,25.915555
init,init,-1,,823,015.Lazuli_Bunting/Lazuli_Bunting_0031_15018.jpg,15,14,015.Lazuli_Bunting,4,3,identity,identity,0,{},6.0861988,6.0861988,0,0.0022740362,0.0022740362,0.024997545,0.024997545,-0.022723509,-0.022723509,0,1,1,42.95434,42.95434,False,1,True,False,False,1,1,42.95434,42.95434,1,1,33.561507,33.561507,1,1,26.808592,26.808592,1,1,6.560995,6.560995,1,1,11.571361,11.571361,1,1,12.821486,12.821486,1,1,14.441255,14.441255,1,1,24.010234,24.010234
init,init,-1,,823,015.Lazuli_Bunting/Lazuli_Bunting_0031_15018.jpg,15,14,015.Lazuli_Bunting,4,3,horizontal_flip,horizontal_flip,0,"{""flipped"":true}",6.0861988,6.0143909,-0.071807861,0.0022740362,0.0024433353,0.024997545,0.020538997,-0.022723509,-0.018095662,0.0046278476,0.68841051,1.0022054,42.95434,43.049071,False,0.96572363,False,False,False,0.68841051,1.0022054,42.95434,43.049071,0.52677022,1.0340027,33.561507,34.70269,0.96562095,0.95023325,26.808592,25.474415,0.53194139,0.92317563,6.560995,6.0569507,0.40982924,0.94386124,11.571361,10.921759,0.45558983,1.1104776,12.821486,14.237973,0.39270866,1.0059155,14.441255,14.526683,0.62005901,1.0491564,24.010234,25.19049
init,init,-1,,823,015.Lazuli_Bunting/Lazuli_Bunting_0031_15018.jpg,15,14,015.Lazuli_Bunting,4,3,color_jitter,color_jitter,0,"{""brightness"":1.083719,""contrast"":0.841983,""hue"":0.044877,""saturation"":1.028267}",6.0861988,6.2430439,0.15684509,0.0022740362,0.0019439289,0.024997545,0.026644051,-0.022723509,-0.024700122,-0.001976613,0.89835146,0.99524673,42.95434,42.750167,False,0.98232573,True,False,False,0.89835146,0.99524673,42.95434,42.750167,0.85066443,1.028438,33.561507,34.51593,0.98229002,0.94087549,26.808592,25.223547,0.87672442,0.8542378,6.560995,5.6046499,0.76169675,0.95871914,11.571361,11.093685,0.76637952,1.0507311,12.821486,13.471934,0.82961906,1.041838,14.441255,15.045449,0.90133755,1.0445567,24.010234,25.08005
init,init,-1,,823,015.Lazuli_Bunting/Lazuli_Bunting_0031_15018.jpg,15,14,015.Lazuli_Bunting,4,3,rotation,rotation,0,"{""angle"":2.888723}",6.0861988,6.0598612,-0.026337624,0.0022740362,0.0023347258,0.024997545,0.023962308,-0.022723509,-0.021627582,0.0010959273,0.82504196,1.02094,42.95434,43.853802,False,0.97674614,False,False,False,0.82504196,1.02094,42.95434,43.853802,0.723881,1.0013051,33.561507,33.605307,0.97667151,1.0509748,26.808592,28.175154,0.65491328,0.99590288,6.560995,6.5341139,0.45100528,0.90570856,11.571361,10.480281,0.66281442,1.0502623,12.821486,13.465923,0.66490992,0.99770687,14.441255,14.40814,0.8260258,1.0098122,24.010234,24.245828
init,init,-1,,823,015.Lazuli_Bunting/Lazuli_Bunting_0031_15018.jpg,15,14,015.Lazuli_Bunting,4,3,random_resized_crop,random_resized_crop,0,"{""area_fraction"":0.542099,""aspect"":1.206668,""fallback"":false,""height"":0.670264,""left"":0.145236,""top"":0.240508,""width"":0.808785}",6.0861988,5.9902678,-0.095931053,0.0022740362,0.0025029946,0.024997545,0.03166566,-0.022723509,-0.029162666,-0.0064391566,0.70110219,1.1609228,42.95434,49.866671,False,0.94882584,False,False,False,0.70110219,1.1609228,42.95434,49.866671,0.54307401,1.1603169,33.561507,38.941985,0.94843892,1.1618716,26.808592,31.148141,0.49519312,1.000882,6.560995,6.5667816,0.30183715,1.1650224,11.571361,13.480895,0.51595163,1.2699396,12.821486,16.282513,0.42336084,1.1419282,14.441255,16.490877,0.65623939,1.1440583,24.010234,27.469107
init,init,-1,,823,015.Lazuli_Bunting/Lazuli_Bunting_0031_15018.jpg,15,14,015.Lazuli_Bunting,4,3,gaussian_blur,gaussian_blur,0,"{""sigma"":1.176957}",6.0861988,5.9919057,-0.094293118,0.0022740362,0.0024988975,0.024997545,0.022972465,-0.022723509,-0.020473567,0.0022499422,0.72609718,1.1911912,42.95434,51.166833,False,0.96005011,True,False,False,0.72609718,1.1911912,42.95434,51.166833,0.60031981,1.2556622,33.561507,42.141917,0.95992651,1.0824523,26.808592,29.019023,0.50631525,1.234875,6.560995,8.1020088,0.30610699,1.2532853,11.571361,14.502217,0.49154362,1.5401256,12.821486,19.746698,0.54004499,1.3239916,14.441255,19.120101,0.758962,1.1363925,24.010234,27.28505
init,init,-1,,823,015.Lazuli_Bunting/Lazuli_Bunting_0031_15018.jpg,15,14,015.Lazuli_Bunting,4,3,random_erasing,random_erasing,0,"{""area_fraction"":0.119295,""erased"":true,""height"":0.244338,""left"":0.214245,""top"":0.319971,""width"":0.488237}",6.0861988,6.1579013,0.07170248,0.0022740362,0.0021166909,0.024997545,0.031522177,-0.022723509,-0.029405486,-0.0066819771,0.56933014,1.271834,42.95434,54.630789,False,0.85616398,True,False,False,0.56933014,1.271834,42.95434,54.630789,0.41392359,1.3401973,33.561507,44.979041,0.85554097,1.1565917,26.808592,31.006596,0.39378981,1.0236685,6.560995,6.716284,0.11860775,1.4175447,11.571361,16.402922,0.31036952,1.3296696,12.821486,17.04834,0.35389209,1.3255923,14.441255,19.143217,0.53846403,1.3507615,24.010234,32.4321
init,init,-1,,10795,184.Louisiana_Waterthrush/Louisiana_Waterthrush_0026_177503.jpg,184,183,184.Louisiana_Waterthrush,168,167,identity,identity,0,{},6.1174755,6.1174755,0,0.0022040124,0.0022040124,0.020567199,0.020567199,-0.018363187,-0.018363187,0,1,1,49.490449,49.490449,False,1,True,False,False,1,1,49.490449,49.490449,1,1,42.170878,42.170878,1,1,25.902154,25.902154,1,1,6.5552494,6.5552494,1,1,15.173609,15.173609,1,1,19.187616,19.187616,1,1,17.498991,17.498991,1,1,28.823496,28.823496
init,init,-1,,10795,184.Louisiana_Waterthrush/Louisiana_Waterthrush_0026_177503.jpg,184,183,184.Louisiana_Waterthrush,168,167,horizontal_flip,horizontal_flip,0,"{""flipped"":true}",6.1174755,6.1941023,0.076626778,0.0022040124,0.0020414353,0.020567199,0.019441925,-0.018363187,-0.01740049,0.0009626972,0.68688884,1.0459575,49.490449,51.764904,False,0.96136755,False,False,False,0.68688884,1.0459575,49.490449,51.764904,0.58545662,1.0516406,42.170878,44.348608,0.96130322,1.0307418,25.902154,26.698433,-0.028162225,1.3628714,6.5552494,8.9339617,0.39351812,1.0570271,15.173609,16.038917,0.56411822,1.0536119,19.187616,20.2163,0.52250385,1.0598466,17.498991,18.546246,0.71743273,1.0274757,28.823496,29.615443
init,init,-1,,10795,184.Louisiana_Waterthrush/Louisiana_Waterthrush_0026_177503.jpg,184,183,184.Louisiana_Waterthrush,168,167,color_jitter,color_jitter,0,"{""brightness"":0.850765,""contrast"":0.86375,""hue"":-0.02542,""saturation"":0.810981}",6.1174755,6.0709085,-0.046566963,0.0022040124,0.0023090742,0.020567199,0.018091261,-0.018363187,-0.015782187,0.0025809996,0.86718113,1.0539977,49.490449,52.162818,False,0.98255545,False,False,False,0.86718113,1.0539977,49.490449,52.162818,0.82593022,1.0672616,42.170878,45.00736,0.98252583,1.0180037,25.902154,26.368488,0.53754764,0.98900329,6.5552494,6.4831632,0.76998658,1.2079198,15.173609,18.328502,0.78973391,1.0786053,19.187616,20.695864,0.79159048,1.0545072,17.498991,18.452812,0.89106915,1.0285281,28.823496,29.645775
init,init,-1,,10795,184.Louisiana_Waterthrush/Louisiana_Waterthrush_0026_177503.jpg,184,183,184.Louisiana_Waterthrush,168,167,rotation,rotation,0,"{""angle"":12.844021}",6.1174755,6.1541343,0.036658764,0.0022040124,0.0021246797,0.020567199,0.019557569,-0.018363187,-0.017432889,0.00093029742,0.69118851,1.1335014,49.490449,56.097493,False,0.92854881,False,False,False,0.69118851,1.1335014,49.490449,56.097493,0.61194417,1.1651209,42.170878,49.134169,0.92842165,1.0450706,25.902154,27.06958,0.42761796,1.2762846,6.5552494,8.3663639,0.46391701,1.1555829,15.173609,17.534364,0.61457487,1.1842915,19.187616,22.723731,0.53358051,1.2771446,17.498991,22.348742,0.69976831,1.108514,28.823496,31.95125
init,init,-1,,10795,184.Louisiana_Waterthrush/Louisiana_Waterthrush_0026_177503.jpg,184,183,184.Louisiana_Waterthrush,168,167,random_resized_crop,random_resized_crop,0,"{""area_fraction"":0.561433,""aspect"":0.768149,""fallback"":false,""height"":0.854922,""left"":0.190878,""top"":0.088328,""width"":0.656707}",6.1174755,6.3193712,0.20189571,0.0022040124,0.0018010762,0.020567199,0.023737585,-0.018363187,-0.021936509,-0.0035733221,0.63874081,1.1990634,49.490449,59.342188,False,0.93241251,False,False,False,0.63874081,1.1990634,49.490449,59.342188,0.55207104,1.2592719,42.170878,53.104602,0.93230893,1.022459,25.902154,26.483891,0.66378964,1.8111488,6.5552494,11.872532,0.38635078,1.3046855,15.173609,19.796788,0.45021604,1.4708941,19.187616,28.222951,0.47500003,1.3050068,17.498991,22.836303,0.70766179,1.0800887,28.823496,31.131933
init,init,-1,,10795,184.Louisiana_Waterthrush/Louisiana_Waterthrush_0026_177503.jpg,184,183,184.Louisiana_Waterthrush,168,167,gaussian_blur,gaussian_blur,0,"{""sigma"":1.617197}",6.1174755,5.8592935,-0.25818205,0.0022040124,0.002853259,0.020567199,0.029879736,-0.018363187,-0.027026477,-0.0086632899,0.49763762,1.141307,49.490449,56.483795,False,0.88665807,True,False,False,0.49763762,1.141307,49.490449,56.483795,0.3700958,1.1792862,42.170878,49.731532,0.88648127,1.0339091,25.902154,26.780473,0.46774173,1.6037435,6.5552494,10.512939,0.18524501,1.2949028,15.173609,19.648349,0.15189134,1.1962765,19.187616,22.953694,0.31702709,1.2962825,17.498991,22.683636,0.56266851,1.060991,28.823496,30.581471
init,init,-1,,10795,184.Louisiana_Waterthrush/Louisiana_Waterthrush_0026_177503.jpg,184,183,184.Louisiana_Waterthrush,168,167,random_erasing,random_erasing,0,"{""area_fraction"":0.199789,""erased"":true,""height"":0.529908,""left"":0.208854,""top"":0.43362,""width"":0.377025}",6.1174755,6.2086458,0.091170311,0.0022040124,0.0020119599,0.020567199,0.018691307,-0.018363187,-0.016679347,0.0016838398,0.55794185,1.3585201,49.490449,67.233768,False,0.8538965,False,False,False,0.55794185,1.3585201,49.490449,67.233768,0.46078412,1.4019852,42.170878,59.122947,0.85340226,1.2359352,25.902154,32.013382,0.51235657,1.3165821,6.5552494,8.6305238,0.48688659,1.3595294,15.173609,20.628968,0.43030782,1.4587728,19.187616,27.990372,0.39243158,1.5894139,17.498991,27.813139,0.49887722,1.3158333,28.823496,37.926916
init,init,-1,,7766,133.White_throated_Sparrow/White_Throated_Sparrow_0108_129184.jpg,133,132,133.White_throated_Sparrow,129,128,identity,identity,0,{},5.9082747,5.9082747,0,0.0027168703,0.0027168703,0.038758747,0.038758747,-0.036041877,-0.036041877,0,1,1,59.369059,59.369059,False,0.99999994,True,False,False,1,1,59.369059,59.369059,1,1,51.789834,51.789834,1,1,29.02582,29.02582,1,1,8.3378221,8.3378221,1,1,20.594283,20.594283,1,1,24.089654,24.089654,1,1,23.221619,23.221619,1,1,32.695383,32.695383
init,init,-1,,7766,133.White_throated_Sparrow/White_Throated_Sparrow_0108_129184.jpg,133,132,133.White_throated_Sparrow,129,128,horizontal_flip,horizontal_flip,0,"{""flipped"":true}",5.9082747,5.9334707,0.025196075,0.0027168703,0.0026492709,0.038758747,0.031991743,-0.036041877,-0.029342472,0.0066994054,0.64810565,0.99362398,59.369059,58.990521,False,0.96282768,True,False,False,0.64810565,0.99362398,59.369059,58.990521,0.54888282,0.99266245,51.789834,51.409823,0.9627236,0.99667896,29.02582,28.929425,0.18484507,1.2559514,8.3378221,10.4719,0.29365157,1.0648184,20.594283,21.929173,0.48134834,1.0072426,24.089654,24.264125,0.52622011,0.93943787,23.221619,21.815268,0.74419482,0.96125987,32.695383,31.42876
init,init,-1,,7766,133.White_throated_Sparrow/White_Throated_Sparrow_0108_129184.jpg,133,132,133.White_throated_Sparrow,129,128,color_jitter,color_jitter,0,"{""brightness"":1.266744,""contrast"":1.210813,""hue"":0.021015,""saturation"":1.184675}",5.9082747,5.9471421,0.038867474,0.0027168703,0.0026132981,0.038758747,0.030090343,-0.036041877,-0.027477045,0.0085648319,0.78619495,0.98399723,59.369059,58.418989,False,0.96401703,True,False,False,0.78619495,0.98399723,59.369059,58.418989,0.72765734,0.97137731,51.789834,50.307469,0.96392407,1.023138,29.02582,29.697421,0.41770828,1.0383919,8.3378221,8.6579266,0.60107694,0.89384339,20.594283,18.408064,0.65765293,0.87650086,24.089654,21.114602,0.70151033,0.96963139,23.221619,22.51641,0.83948848,1.0435883,32.695383,34.120518
init,init,-1,,7766,133.White_throated_Sparrow/White_Throated_Sparrow_0108_129184.jpg,133,132,133.White_throated_Sparrow,129,128,rotation,rotation,0,"{""angle"":-5.167259}",5.9082747,5.7069492,-0.20132542,0.0027168703,0.0033227946,0.038758747,0.041446943,-0.036041877,-0.038124148,-0.0020822713,0.70194216,1.0089101,59.369059,59.898045,False,0.95656484,True,False,False,0.70194216,1.0089101,59.369059,59.898045,0.62318402,1.0124336,51.789834,52.43377,0.95646155,0.99760982,29.02582,28.956444,0.14649735,1.0904492,8.3378221,9.0919713,0.40834385,1.0228695,20.594283,21.065263,0.55640079,0.95356668,24.089654,22.971091,0.61583487,0.99481304,23.221619,23.101169,0.77695377,1.0423981,32.695383,34.081606
init,init,-1,,7766,133.White_throated_Sparrow/White_Throated_Sparrow_0108_129184.jpg,133,132,133.White_throated_Sparrow,129,128,random_resized_crop,random_resized_crop,0,"{""area_fraction"":0.534237,""aspect"":1.22274,""fallback"":false,""height"":0.660998,""left"":0.112416,""top"":0.065292,""width"":0.808228}",5.9082747,5.5088329,-0.39944172,0.0027168703,0.0040508327,0.038758747,0.035157714,-0.036041877,-0.031106881,0.0049349957,0.56540286,1.0404917,59.369059,61.773012,False,0.91682041,True,False,False,0.56540286,1.0404917,59.369059,61.773012,0.46658411,1.0645402,51.789834,55.132358,0.91664695,0.95992689,29.02582,27.862666,0.38533168,1.278306,8.3378221,10.658288,0.3752216,1.2102077,20.594283,24.92336,0.34671253,1.0007642,24.089654,24.108064,0.35524082,1.0229524,23.221619,23.754611,0.63605869,1.041396,32.695383,34.048842
init,init,-1,,7766,133.White_throated_Sparrow/White_Throated_Sparrow_0108_129184.jpg,133,132,133.White_throated_Sparrow,129,128,gaussian_blur,gaussian_blur,0,"{""sigma"":1.040608}",5.9082747,5.6663933,-0.24188137,0.0027168703,0.003460323,0.038758747,0.032481313,-0.036041877,-0.02902099,0.0070208872,0.72090778,0.93474831,59.369059,55.495127,False,0.95719707,True,False,False,0.72090778,0.93474831,59.369059,55.495127,0.64532588,0.93045586,51.789834,48.188154,0.95710558,0.94828442,29.02582,27.524733,0.36090587,1.307558,8.3378221,10.902186,0.45821127,0.99024628,20.594283,20.393413,0.53472063,0.8118204,24.089654,19.556473,0.63939008,0.89835994,23.221619,20.861372,0.80893945,0.95242668,32.695383,31.139955
init,init,-1,,7766,133.White_throated_Sparrow/White_Throated_Sparrow_0108_129184.jpg,133,132,133.White_throated_Sparrow,129,128,random_erasing,random_erasing,0,"{""area_fraction"":0.165065,""erased"":true,""height"":0.663351,""left"":0.688802,""top"":0.215332,""width"":0.248835}",5.9082747,5.9272366,0.018961906,0.0027168703,0.0026658378,0.038758747,0.03707223,-0.036041877,-0.034406392,0.0016354846,0.91273669,1.0276161,59.369059,61.008603,False,0.98057193,True,False,False,0.91273669,1.0276161,59.369059,61.008603,0.8917267,1.0306438,51.789834,53.37687,0.98051437,1.0179174,29.02582,29.545887,0.87221325,1.0467396,8.3378221,8.7275282,0.89429748,1.0776491,20.594283,22.193412,0.87044609,0.99102577,24.089654,23.873468,0.88427575,1.0310514,23.221619,23.942683,0.90753876,1.0314018,32.695383,33.722077
init,init,-1,,744,014.Indigo_Bunting/Indigo_Bunting_0056_12637.jpg,14,13,014.Indigo_Bunting,4,3,identity,identity,0,{},5.2118988,5.2118988,0,0.0054513118,0.0054513118,0.051428568,0.051428568,-0.045977256,-0.045977256,0,1,1,53.391351,53.391351,False,1,True,False,False,1,1,53.391351,53.391351,1,1,43.574573,43.574573,1,1,30.852763,30.852763,1,1,6.1301868,6.1301868,1,1,16.634392,16.634392,1,1,18.792551,18.792551,1,1,18.086218,18.086218,1,1,30.069752,30.069752
init,init,-1,,744,014.Indigo_Bunting/Indigo_Bunting_0056_12637.jpg,14,13,014.Indigo_Bunting,4,3,horizontal_flip,horizontal_flip,0,"{""flipped"":true}",5.2118988,5.5854721,0.3735733,0.0054513118,0.0037519773,0.051428568,0.078552961,-0.045977256,-0.074800984,-0.028823728,0.64226071,1.1166454,53.391351,59.619204,False,0.96740103,True,False,False,0.64226071,1.1166454,53.391351,59.619204,0.46664553,1.0852962,43.574573,47.291317,0.96671418,1.1766857,30.852763,36.304005,-0.33858007,1.4612831,6.1301868,8.9579384,0.163859,0.85423471,16.634392,14.209675,0.35797855,1.0025882,18.792551,18.841189,0.33816159,1.1080631,18.086218,20.040671,0.66512338,1.1509128,30.069752,34.607662
init,init,-1,,744,014.Indigo_Bunting/Indigo_Bunting_0056_12637.jpg,14,13,014.Indigo_Bunting,4,3,color_jitter,color_jitter,0,"{""brightness"":1.076127,""contrast"":1.065191,""hue"":-0.052806,""saturation"":1.110463}",5.2118988,5.39957,0.18767118,0.0054513118,0.0045185229,0.051428568,0.064912528,-0.045977256,-0.060394005,-0.014416749,0.8231323,1.0176026,53.391351,54.331178,False,0.98007286,True,False,False,0.8231323,1.0176026,53.391351,54.331178,0.74100174,1.0005609,43.574573,43.599014,0.97977654,1.0507705,30.852763,32.419175,0.6539349,0.80687661,6.1301868,4.9463043,0.53474868,0.92364863,16.634392,15.364333,0.66038972,0.95363799,18.792551,17.92129,0.68815471,1.0113976,18.086218,18.292358,0.84914342,1.0434984,30.069752,31.377737
init,init,-1,,744,014.Indigo_Bunting/Indigo_Bunting_0056_12637.jpg,14,13,014.Indigo_Bunting,4,3,rotation,rotation,0,"{""angle"":5.864084}",5.2118988,5.2358875,0.023988724,0.0054513118,0.0053220973,0.051428568,0.052592468,-0.045977256,-0.04727037,-0.0012931144,0.75354303,0.96349739,53.391351,51.442427,False,0.96311486,True,False,False,0.75354303,0.96349739,53.391351,51.442427,0.64430531,0.94985408,43.574573,41.389485,0.96299921,0.99015041,30.852763,30.548876,0.36448652,1.0769821,6.1301868,6.6021016,0.54852437,0.87836993,16.634392,14.611149,0.53755032,0.88156875,18.792551,16.566925,0.52257342,0.9520618,18.086218,17.219197,0.76444675,0.98936063,30.069752,29.749829
init,init,-1,,744,014.Indigo_Bunting/Indigo_Bunting_0056_12637.jpg,14,13,014.Indigo_Bunting,4,3,random_resized_crop,random_resized_crop,0,"{""area_fraction"":0.537907,""aspect"":0.907401,""fallback"":false,""height"":0.769935,""left"":0.251881,""top"":0.154868,""width"":0.698639}",5.2118988,5.434556,0.2226572,0.0054513118,0.0043631722,0.051428568,0.029125344,-0.045977256,-0.024762172,0.021215084,0.64282075,0.92859356,53.391351,49.578865,False,0.92002785,True,False,False,0.64282075,0.92859356,53.391351,49.578865,0.50929259,0.93986911,43.574573,40.954395,0.9195209,0.90568301,30.852763,27.942823,0.46088336,1.0173595,6.1301868,6.2366037,0.36452433,0.80540517,16.634392,13.397425,0.32842664,0.95631791,18.792551,17.971653,0.41364881,0.95549175,18.086218,17.281232,0.65488712,0.9622746,30.069752,28.935358
init,init,-1,,744,014.Indigo_Bunting/Indigo_Bunting_0056_12637.jpg,14,13,014.Indigo_Bunting,4,3,gaussian_blur,gaussian_blur,0,"{""sigma"":1.311377}",5.2118988,5.3372374,0.12533855,0.0054513118,0.0048091379,0.051428568,0.041880708,-0.045977256,-0.03707157,0.0089056855,0.64576947,1.0460047,53.391351,55.847607,False,0.93093938,True,False,False,0.64576947,1.0460047,53.391351,55.847607,0.5247483,1.0939049,43.574573,47.666438,0.93069104,0.94322054,30.852763,29.10096,0.28562315,1.0839019,6.1301868,6.6445209,0.22508454,0.98663117,16.634392,16.412009,0.43567891,1.2684463,18.792551,23.837342,0.45387361,1.1413798,18.086218,20.643245,0.69851092,1.0326638,30.069752,31.051943
init,init,-1,,744,014.Indigo_Bunting/Indigo_Bunting_0056_12637.jpg,14,13,014.Indigo_Bunting,4,3,random_erasing,random_erasing,0,"{""area_fraction"":0.115779,""erased"":true,""height"":0.250593,""left"":0.044387,""top"":0.022051,""width"":0.46202}",5.2118988,5.4290671,0.21716833,0.0054513118,0.0043871864,0.051428568,0.030334141,-0.045977256,-0.025946955,0.020030301,0.78382693,0.93328585,53.391351,49.829392,False,0.94305313,True,False,False,0.78382693,0.93328585,53.391351,49.829392,0.70716949,0.94429267,43.574573,41.14715,0.94267714,0.91093337,30.852763,28.104811,0.35595192,0.81145082,6.1301868,4.9743451,0.5825451,0.83355087,16.634392,13.865612,0.65905897,0.94297112,18.792551,17.720832,0.67992028,0.96894314,18.086218,17.524517,0.78220523,0.97239123,30.069752,29.239563
init,init,-1,,11685,199.Winter_Wren/Winter_Wren_0081_190049.jpg,199,198,199.Winter_Wren,171,170,identity,identity,0,{},6.2211637,6.2211637,0,0.0019869308,0.0019869308,0.023152802,0.023152802,-0.021165871,-0.021165871,0,1,1,44.253181,44.253181,False,1,True,False,False,1,1,44.253181,44.253181,1,1,36.655035,36.655035,1,1,24.794201,24.794201,1,1,6.0328649,6.0328649,1,1,11.950923,11.950923,1,1,13.939213,13.939213,1,1,16.167826,16.167826,1,1,26.620881,26.620881
init,init,-1,,11685,199.Winter_Wren/Winter_Wren_0081_190049.jpg,199,198,199.Winter_Wren,171,170,horizontal_flip,horizontal_flip,0,"{""flipped"":true}",6.2211637,6.179337,-0.041826725,0.0019869308,0.0020718009,0.023152802,0.01719155,-0.021165871,-0.015119749,0.0060461224,0.69741376,1.0752351,44.253181,47.582573,False,0.96419138,False,False,False,0.69741376,1.0752351,44.253181,47.582573,0.57447087,1.0726974,36.655035,39.319762,0.96412419,1.0807606,24.794201,26.796596,0.35353398,0.9330717,6.0328649,5.6290955,0.43154052,1.2396453,11.950923,14.814906,0.49951382,1.105284,13.939213,15.406789,0.48536711,1.0425878,16.167826,16.856378,0.67539307,1.0446503,26.620881,27.809511
init,init,-1,,11685,199.Winter_Wren/Winter_Wren_0081_190049.jpg,199,198,199.Winter_Wren,171,170,color_jitter,color_jitter,0,"{""brightness"":0.795686,""contrast"":1.171552,""hue"":0.034854,""saturation"":0.949657}",6.2211637,6.2987671,0.07760334,0.0019869308,0.0018385701,0.023152802,0.018739427,-0.021165871,-0.016900856,0.0042650149,0.90707498,0.97264509,44.253181,43.042639,False,0.98809338,False,False,False,0.90707498,0.97264509,44.253181,43.042639,0.8709317,0.97960287,36.655035,35.907377,0.98807943,0.95726226,24.794201,23.734553,0.88130309,1.3872235,6.0328649,8.3689319,0.81538615,1.0819757,11.950923,12.930609,0.79887334,0.95527879,13.939213,13.315835,0.86719333,0.95192894,16.167826,15.390621,0.90983671,0.94876752,26.620881,25.257027
init,init,-1,,11685,199.Winter_Wren/Winter_Wren_0081_190049.jpg,199,198,199.Winter_Wren,171,170,rotation,rotation,0,"{""angle"":14.220542}",6.2211637,6.1475868,-0.073576927,0.0019869308,0.0021386365,0.023152802,0.016014898,-0.021165871,-0.013876262,0.0072896096,0.69864757,1.1001086,44.253181,48.683304,False,0.92843461,False,False,False,0.69864757,1.1001086,44.253181,48.683304,0.5934583,1.0997213,36.655035,40.310323,0.9282901,1.1009545,24.794201,27.297288,0.57842452,0.94451446,6.0328649,5.6981281,0.47558491,1.1948546,11.950923,14.279616,0.49265224,1.1253077,13.939213,15.685904,0.51201577,1.104783,16.167826,17.861939,0.68104144,1.0779437,26.620881,28.695811
init,init,-1,,11685,199.Winter_Wren/Winter_Wren_0081_190049.jpg,199,198,199.Winter_Wren,171,170,random_resized_crop,random_resized_crop,0,"{""area_fraction"":0.601561,""aspect"":0.789204,""fallback"":false,""height"":0.873062,""left"":0.072531,""top"":0.096992,""width"":0.689025}",6.2211637,6.2372169,0.0160532,0.0019869308,0.0019552899,0.023152802,0.016218591,-0.021165871,-0.014263302,0.0069025697,0.75354765,1.1207477,44.253181,49.59665,False,0.95718479,False,False,False,0.75354765,1.1207477,44.253181,49.59665,0.6684201,1.1480578,36.655035,42.082099,0.9570655,1.0586093,24.794201,26.247373,0.57369506,1.2373361,6.0328649,7.4646814,0.52708384,1.4322999,11.950923,17.117306,0.65832073,1.2840401,13.939213,17.898508,0.59862429,1.0581301,16.167826,17.107663,0.74952012,1.0685437,26.620881,28.445574
init,init,-1,,11685,199.Winter_Wren/Winter_Wren_0081_190049.jpg,199,198,199.Winter_Wren,171,170,gaussian_blur,gaussian_blur,0,"{""sigma"":1.725656}",6.2211637,6.3699179,0.14875412,0.0019869308,0.0017122999,0.023152802,0.017001493,-0.021165871,-0.015289193,0.0058766783,0.63900408,1.3006241,44.253181,57.556755,False,0.90048766,False,False,False,0.63900408,1.3006241,44.253181,57.556755,0.54683279,1.3791168,36.655035,50.551574,0.90034203,1.1099135,24.794201,27.519419,0.34148625,1.889462,6.0328649,11.398869,0.39697074,1.7256652,11.950923,20.623292,0.50913908,1.7842006,13.939213,24.870353,0.51096659,1.3542638,16.167826,21.895501,0.66850126,1.1283488,26.620881,30.03764
init,init,-1,,11685,199.Winter_Wren/Winter_Wren_0081_190049.jpg,199,198,199.Winter_Wren,171,170,random_erasing,random_erasing,0,"{""area_fraction"":0.16069,""erased"":true,""height"":0.428611,""left"":0.380512,""top"":0.259973,""width"":0.374909}",6.2211637,6.3740311,0.15286732,0.0019869308,0.001705271,0.023152802,0.019467402,-0.021165871,-0.017762131,0.00340374,0.68544091,1.2116561,44.253181,53.619638,False,0.9189598,True,False,False,0.68544091,1.2116561,44.253181,53.619638,0.5916506,1.2529716,36.655035,45.927716,0.91883893,1.1160462,24.794201,27.671474,0.50320024,1.2336946,6.0328649,7.4427128,0.4906888,1.3788733,11.950923,16.478809,0.49744564,1.4219918,13.939213,19.821446,0.56275624,1.2489341,16.167826,20.192549,0.66613667,1.177023,26.620881,31.333388
init,init,-1,,10734,183.Northern_Waterthrush/Northern_Waterthrush_0044_176961.jpg,183,182,183.Northern_Waterthrush,129,128,identity,identity,0,{},4.9719629,4.9719629,0,0.0069295326,0.0069295326,0.020059215,0.020059215,-0.013129682,-0.013129682,0,1,1,43.343567,43.343567,False,1.0000001,True,False,False,1,1,43.343567,43.343567,1,1,34.862926,34.862926,1,1,25.753468,25.753468,1,1,5.7031801,5.7031801,1,1,11.441453,11.441453,1,1,13.262719,13.262719,1,1,14.339779,14.339779,1,1,25.893272,25.893272
init,init,-1,,10734,183.Northern_Waterthrush/Northern_Waterthrush_0044_176961.jpg,183,182,183.Northern_Waterthrush,129,128,horizontal_flip,horizontal_flip,0,"{""flipped"":true}",4.9719629,4.9040985,-0.067864418,0.0069295326,0.0074161263,0.020059215,0.014641177,-0.013129682,-0.0072250506,0.0059046317,0.72014882,0.93264092,43.343567,40.423984,False,0.96143162,False,False,False,0.72014882,0.93264092,43.343567,40.423984,0.5921727,0.94156041,34.862926,32.825551,0.9613746,0.91607012,25.753468,23.591983,0.36602107,0.72139481,5.7031801,4.1142446,0.38120348,1.0727385,11.441453,12.273687,0.48898838,0.91222692,13.262719,12.098609,0.50939129,0.91853478,14.339779,13.171585,0.70094065,0.93814137,25.893272,24.29155
init,init,-1,,10734,183.Northern_Waterthrush/Northern_Waterthrush_0044_176961.jpg,183,182,183.Northern_Waterthrush,129,128,color_jitter,color_jitter,0,"{""brightness"":1.104506,""contrast"":0.955575,""hue"":0.018551,""saturation"":1.196918}",4.9719629,5.0084677,0.036504745,0.0069295326,0.0066811312,0.020059215,0.019452367,-0.013129682,-0.012771236,0.0003584465,0.94790142,1.0162987,43.343567,44.05001,False,0.99587476,True,False,False,0.94790142,1.0162987,43.343567,44.05001,0.92136347,1.0107839,34.862926,35.238883,0.99586808,1.026328,25.753468,26.431506,0.8623956,0.93822443,5.7031801,5.3508629,0.85318336,1.0263974,11.441453,11.743477,0.87385235,0.96819849,13.262719,12.840944,0.90440649,1.0373343,14.339779,14.875144,0.95516575,1.0137883,25.893272,26.250297
init,init,-1,,10734,183.Northern_Waterthrush/Northern_Waterthrush_0044_176961.jpg,183,182,183.Northern_Waterthrush,129,128,rotation,rotation,0,"{""angle"":1.603631}",4.9719629,4.9298468,-0.042116165,0.0069295326,0.0072276099,0.020059215,0.017982459,-0.013129682,-0.010754849,0.0023748334,0.79676482,0.95881457,43.343567,41.558443,False,0.95288348,False,False,False,0.79676482,0.95881457,43.343567,41.558443,0.7186849,0.98388422,34.862926,34.301083,0.95284765,0.91108454,25.753468,23.463587,0.53571066,1.082869,5.7031801,6.1757971,0.60481135,1.0171194,11.441453,11.637324,0.61285388,1.00628,13.262719,13.346008,0.66096714,1.0595834,14.339779,15.194191,0.80423848,0.94126637,25.893272,24.372467
init,init,-1,,10734,183.Northern_Waterthrush/Northern_Waterthrush_0044_176961.jpg,183,182,183.Northern_Waterthrush,129,128,random_resized_crop,random_resized_crop,0,"{""area_fraction"":0.655388,""aspect"":1.16684,""fallback"":false,""height"":0.749452,""left"":0.093077,""top"":0.183334,""width"":0.87449}",4.9719629,4.9692469,-0.0027160645,0.0069295326,0.0069483779,0.020059215,0.016844844,-0.013129682,-0.0098964665,0.0032332158,0.67205702,0.92901626,43.343567,40.266878,False,0.93109089,False,False,False,0.67205702,0.92901626,43.343567,40.266878,0.53539414,0.9394801,34.862926,32.753025,0.93097693,0.90952835,25.753468,23.42351,-0.29938247,1.22274,5.7031801,6.9735065,0.27297234,0.921331,11.441453,10.541365,0.40108417,0.97835921,13.262719,12.975703,0.50288436,0.95875358,14.339779,13.748314,0.6916803,0.91034108,25.893272,23.571709
init,init,-1,,10734,183.Northern_Waterthrush/Northern_Waterthrush_0044_176961.jpg,183,182,183.Northern_Waterthrush,129,128,gaussian_blur,gaussian_blur,0,"{""sigma"":1.613726}",4.9719629,5.0014477,0.029484749,0.0069295326,0.0067281984,0.020059215,0.015398477,-0.013129682,-0.0086702788,0.0044594035,0.66543918,1.1114913,43.343567,48.175996,False,0.93290609,False,False,False,0.66543918,1.1114913,43.343567,48.175996,0.52923054,1.1362844,34.862926,39.614198,0.93280224,1.0645591,25.753468,27.416089,0.20273648,1.6430531,5.7031801,9.3706278,0.21126023,1.2643306,11.441453,14.465778,0.34550257,1.2899322,13.262719,17.108008,0.4810974,1.1917918,14.339779,17.090031,0.71998854,1.0126004,25.893272,26.219538
init,init,-1,,10734,183.Northern_Waterthrush/Northern_Waterthrush_0044_176961.jpg,183,182,183.Northern_Waterthrush,129,128,random_erasing,random_erasing,0,"{""area_fraction"":0.155072,""erased"":true,""height"":0.375776,""left"":0.551634,""top"":0.113532,""width"":0.412672}",4.9719629,5.1899776,0.21801472,0.0069295326,0.0055721304,0.020059215,0.02129784,-0.013129682,-0.01572571,-0.0025960277,0.70509241,1.1642671,43.343567,50.463487,False,0.93673229,False,False,False,0.70509241,1.1642671,43.343567,50.463487,0.58751462,1.1910451,34.862926,41.523318,0.9366175,1.1135248,25.753468,28.677126,0.65720703,1.1445385,5.7031801,6.5275093,0.38894029,1.3337667,11.441453,15.260228,0.41836755,1.3115244,13.262719,17.39438,0.52355871,1.2207655,14.339779,17.505508,0.70660716,1.1191133,25.893272,28.977505
init,init,-1,,3690,064.Ring_billed_Gull/Ring_Billed_Gull_0118_51322.jpg,64,63,064.Ring_billed_Gull,8,7,identity,identity,0,{},5.8153749,5.8153749,0,0.0029813629,0.0029813629,0.019126186,0.019126186,-0.016144823,-0.016144823,0,1,1,40.720663,40.720663,False,1,True,False,False,1,1,40.720663,40.720663,1,1,34.676764,34.676764,1,1,21.346999,21.346999,1,1,5.3512366,5.3512366,1,1,11.955417,11.955417,1,1,12.976548,12.976548,1,1,14.472272,14.472272,1,1,25.555289,25.555289
init,init,-1,,3690,064.Ring_billed_Gull/Ring_Billed_Gull_0118_51322.jpg,64,63,064.Ring_billed_Gull,8,7,horizontal_flip,horizontal_flip,0,"{""flipped"":true}",5.8153749,5.7962322,-0.019142628,0.0029813629,0.0030389833,0.019126186,0.021469047,-0.016144823,-0.018430064,-0.0022852407,0.63196124,1.0699518,40.720663,43.569148,False,0.95817041,True,False,False,0.63196124,1.0699518,40.720663,43.569148,0.51267255,1.0799891,34.676764,37.450526,0.95818158,1.0430021,21.346999,22.264966,0.0023934702,1.0745538,5.3512366,5.7501918,0.35128432,1.1569205,11.955417,13.831467,0.45021197,1.1102443,12.976548,14.407138,0.41770201,1.1134195,14.472272,16.11371,0.62525668,1.0433712,25.555289,26.663654
init,init,-1,,3690,064.Ring_billed_Gull/Ring_Billed_Gull_0118_51322.jpg,64,63,064.Ring_billed_Gull,8,7,color_jitter,color_jitter,0,"{""brightness"":1.226954,""contrast"":1.199259,""hue"":0.011173,""saturation"":0.631252}",5.8153749,5.6930103,-0.12236452,0.0029813629,0.0033694354,0.019126186,0.019156152,-0.016144823,-0.015786717,0.00035810634,0.88861046,0.97700178,40.720663,39.78416,False,0.98589838,True,False,False,0.88861046,0.97700178,40.720663,39.78416,0.85125391,0.97329614,34.676764,33.750761,0.985906,0.98671333,21.346999,21.063369,0.83355412,1.2512468,5.3512366,6.6957178,0.74256398,0.92544858,11.955417,11.064124,0.79943022,1.0057169,12.976548,13.050733,0.83435894,0.99088643,14.472272,14.340378,0.89710562,0.95522413,25.555289,24.411029
init,init,-1,,3690,064.Ring_billed_Gull/Ring_Billed_Gull_0118_51322.jpg,64,63,064.Ring_billed_Gull,8,7,rotation,rotation,0,"{""angle"":-8.24946}",5.8153749,6.1858039,0.37042904,0.0029813629,0.0020584462,0.019126186,0.014970182,-0.016144823,-0.012911735,0.0032330879,0.6738688,1.1520646,40.720663,46.912833,False,0.93444467,False,False,False,0.6738688,1.1520646,40.720663,46.912833,0.57568365,1.1537865,34.676764,40.009582,0.93438277,1.1475084,21.346999,24.495861,0.62880359,1.4108045,5.3512366,7.5495485,0.49193238,1.4511378,11.955417,17.348958,0.46570211,1.3285004,12.976548,17.239349,0.46305219,1.099536,14.472272,15.912784,0.68474797,1.029649,25.555289,26.312978
init,init,-1,,3690,064.Ring_billed_Gull/Ring_Billed_Gull_0118_51322.jpg,64,63,064.Ring_billed_Gull,8,7,random_resized_crop,random_resized_crop,0,"{""area_fraction"":0.560723,""aspect"":0.771289,""fallback"":false,""height"":0.85264,""left"":0.238382,""top"":0.116214,""width"":0.657632}",5.8153749,5.9234834,0.10810852,0.0029813629,0.002675863,0.019126186,0.02384441,-0.016144823,-0.021168547,-0.0050237235,0.69241728,1.1341134,40.720663,46.18185,False,0.9457739,True,False,False,0.69241728,1.1341134,40.720663,46.18185,0.58977863,1.1106873,34.676764,38.515041,0.94569719,1.1937247,21.346999,25.482441,0.33587256,1.0509122,5.3512366,5.6236801,0.45790133,1.0083496,11.955417,12.05524,0.56781584,1.3222362,12.976548,17.158061,0.4935723,1.0966404,14.472272,15.870878,0.66960821,1.0788835,25.555289,27.57118
init,init,-1,,3690,064.Ring_billed_Gull/Ring_Billed_Gull_0118_51322.jpg,64,63,064.Ring_billed_Gull,8,7,gaussian_blur,gaussian_blur,0,"{""sigma"":1.177585}",5.8153749,6.0179338,0.20255899,0.0029813629,0.0024346951,0.019126186,0.025990721,-0.016144823,-0.023556026,-0.0074112024,0.74404365,1.2023822,40.720663,48.9618,False,0.93491971,True,False,False,0.74404365,1.2023822,40.720663,48.9618,0.66702474,1.1781512,34.676764,40.854472,0.93477349,1.2640945,21.346999,26.984624,0.66586877,1.2947699,5.3512366,6.9286203,0.55755783,1.3287465,11.955417,15.885719,0.63330555,1.2255794,12.976548,15.90379,0.61238538,1.1862926,14.472272,17.16835,0.72589103,1.1212494,25.555289,28.653852
init,init,-1,,3690,064.Ring_billed_Gull/Ring_Billed_Gull_0118_51322.jpg,64,63,064.Ring_billed_Gull,8,7,random_erasing,random_erasing,0,"{""area_fraction"":0.094205,""erased"":true,""height"":0.225286,""left"":0.33422,""top"":0.075603,""width"":0.418159}",5.8153749,5.7697659,-0.045608997,0.0029813629,0.0031204883,0.019126186,0.01775636,-0.016144823,-0.014635871,0.0015089519,0.85109582,1.0001003,40.720663,40.724748,False,0.97641957,True,False,False,0.85109582,1.0001003,40.720663,40.724748,0.80212432,0.99074519,34.676764,34.355837,0.97641906,1.0243764,21.346999,21.867363,0.85744977,1.1202784,5.3512366,5.9948747,0.67886171,0.92878728,11.955417,11.10404,0.79440828,0.98243006,12.976548,12.748551,0.75039268,0.97885866,14.472272,14.166309,0.84323773,1.0036703,25.555289,25.649084
init,init,-1,,9269,158.Bay_breasted_Warbler/Bay_Breasted_Warbler_0045_797135.jpg,158,157,158.Bay_breasted_Warbler,129,128,identity,identity,0,{},7.3823104,7.3823104,0,0.00062216184,0.00062216184,0.031397332,0.031397332,-0.03077517,-0.03077517,0,1,1,57.889864,57.889864,False,1,True,False,False,1,1,57.889864,57.889864,1,1,47.899495,47.899495,1,1,32.509609,32.509609,1,1,5.7713363,5.7713363,1,1,14.682446,14.682446,1,1,17.574243,17.574243,1,1,23.216009,23.216009,1,1,34.606966,34.606966
init,init,-1,,9269,158.Bay_breasted_Warbler/Bay_Breasted_Warbler_0045_797135.jpg,158,157,158.Bay_breasted_Warbler,129,128,horizontal_flip,horizontal_flip,0,"{""flipped"":true}",7.3823104,6.9873915,-0.39491892,0.00062216184,0.0009234522,0.031397332,0.029470144,-0.03077517,-0.028546692,0.002228478,0.69614376,0.93462756,57.889864,54.105462,False,0.96550447,True,False,False,0.69614376,0.93462756,57.889864,54.105462,0.58224958,0.95706991,47.899495,45.843166,0.96539151,0.88394868,32.509609,28.736826,0.40614929,1.4283769,5.7713363,8.2436432,0.58128027,1.1096708,14.682446,16.292681,0.48494755,1.0337512,17.574243,18.167395,0.51314274,0.93735273,23.216009,21.761589,0.65694221,0.89743375,34.606966,31.057459
init,init,-1,,9269,158.Bay_breasted_Warbler/Bay_Breasted_Warbler_0045_797135.jpg,158,157,158.Bay_breasted_Warbler,129,128,color_jitter,color_jitter,0,"{""brightness"":1.254824,""contrast"":1.233826,""hue"":0.041824,""saturation"":0.728653}",7.3823104,7.2274485,-0.15486193,0.00062216184,0.00072637165,0.031397332,0.025332445,-0.03077517,-0.024606074,0.006169096,0.83990263,0.9970563,57.889864,57.719454,False,0.97994906,True,False,False,0.83990263,0.9970563,57.889864,57.719454,0.77920559,1.0135702,47.899495,48.549503,0.97984365,0.96022929,32.509609,31.216679,0.35147629,1.0672335,5.7713363,6.1593632,0.57523608,1.1129199,14.682446,16.340387,0.68971033,1.1226773,17.574243,19.730204,0.77224775,0.99589439,23.216009,23.120693,0.86702984,0.97060216,34.606966,33.589595
init,init,-1,,9269,158.Bay_breasted_Warbler/Bay_Breasted_Warbler_0045_797135.jpg,158,157,158.Bay_breasted_Warbler,129,128,rotation,rotation,0,"{""angle"":1.090161}",7.3823104,7.3603349,-0.021975517,0.00062216184,0.00063598552,0.031397332,0.030353125,-0.03077517,-0.02971714,0.00105803,0.85988741,0.97835723,57.889864,56.636967,False,0.98291433,True,False,False,0.85988741,0.97835723,57.889864,56.636967,0.80552591,0.98979113,47.899495,47.410496,0.98287407,0.95306345,32.509609,30.98372,0.56386168,0.96460152,5.7713363,5.5670397,0.57791742,1.0007608,14.682446,14.693616,0.7277564,1.0025572,17.574243,17.619184,0.78990698,0.99666588,23.216009,23.138604,0.88155294,0.98204898,34.606966,33.985735
init,init,-1,,9269,158.Bay_breasted_Warbler/Bay_Breasted_Warbler_0045_797135.jpg,158,157,158.Bay_breasted_Warbler,129,128,random_resized_crop,random_resized_crop,0,"{""area_fraction"":0.550582,""aspect"":1.153202,""fallback"":false,""height"":0.690969,""left"":0.077743,""top"":0.104182,""width"":0.796827}",7.3823104,7.0325003,-0.34981012,0.00062216184,0.00088272174,0.031397332,0.037810039,-0.03077517,-0.036927317,-0.0061521474,0.73260034,0.94730749,57.889864,54.839502,False,0.95771056,True,False,False,0.73260034,0.94730749,57.889864,54.839502,0.63522445,0.96415488,47.899495,46.182532,0.95752114,0.90966033,32.509609,29.572702,0.55005585,1.1425951,5.7713363,6.5943008,0.5424802,1.0453871,14.682446,15.348839,0.56765188,1.0296015,17.574243,18.094467,0.56822384,0.92420334,23.216009,21.456313,0.70665752,0.94342911,34.606966,32.649219
init,init,-1,,9269,158.Bay_breasted_Warbler/Bay_Breasted_Warbler_0045_797135.jpg,158,157,158.Bay_breasted_Warbler,129,128,gaussian_blur,gaussian_blur,0,"{""sigma"":1.688188}",7.3823104,6.9535708,-0.42873955,0.00062216184,0.00095521798,0.031397332,0.026101885,-0.03077517,-0.025146667,0.0056285023,0.62490912,1.0391552,57.889864,60.156552,False,0.91652006,True,False,False,0.62490912,1.0391552,57.889864,60.156552,0.51577369,1.0928388,47.899495,52.346425,0.91628338,0.9117994,32.509609,29.642242,0.14220697,1.6181128,5.7713363,9.3386732,0.36612279,1.4586925,14.682446,21.417173,0.49243756,1.5018388,17.574243,26.39368,0.44326717,0.96692813,23.216009,22.448212,0.65175841,0.91088322,34.606966,31.522904
init,init,-1,,9269,158.Bay_breasted_Warbler/Bay_Breasted_Warbler_0045_797135.jpg,158,157,158.Bay_breasted_Warbler,129,128,random_erasing,random_erasing,0,"{""area_fraction"":0.078911,""erased"":true,""height"":0.459246,""left"":0.687305,""top"":0.318608,""width"":0.171826}",7.3823104,7.2800846,-0.10222578,0.00062216184,0.00068912731,0.031397332,0.030699732,-0.03077517,-0.030010604,0.00076456519,0.87798644,0.98779512,57.889864,57.183325,False,0.97975057,True,False,False,0.87798644,0.98779512,57.889864,57.183325,0.83549032,1.0112055,47.899495,48.436232,0.97965695,0.9349584,32.509609,30.395132,0.74912144,1.0617973,5.7713363,6.1279895,0.80349426,1.0500792,14.682446,15.417731,0.8232321,1.14123,17.574243,20.056252,0.83224637,1.0213994,23.216009,23.712817,0.85286298,0.96109182,34.606966,33.260472
init,init,-1,,5852,100.Brown_Pelican/Brown_Pelican_0007_94078.jpg,100,99,100.Brown_Pelican,177,176,identity,identity,0,{},4.3480005,4.3480005,0,0.012932644,0.012932644,0.022101333,0.022101333,-0.0091686891,-0.0091686891,0,1,1,64.967322,64.967322,False,1,True,False,False,1,1,64.967322,64.967322,1,1,57.62487,57.62487,1,1,30.00212,30.00212,1,1,14.152685,14.152685,1,1,24.025482,24.025482,1,1,27.114378,27.114378,1,1,25.249566,25.249566,1,1,34.21072,34.21072
init,init,-1,,5852,100.Brown_Pelican/Brown_Pelican_0007_94078.jpg,100,99,100.Brown_Pelican,177,176,horizontal_flip,horizontal_flip,0,"{""flipped"":true}",4.3480005,4.2039123,-0.14408827,0.012932644,0.014937024,0.022101333,0.018201308,-0.0091686891,-0.0032642847,0.0059044044,0.62692754,1.0275264,64.967322,66.755639,False,0.95587373,True,False,False,0.62692754,1.0275264,64.967322,66.755639,0.53501854,1.0204936,57.62487,58.805812,0.95574041,1.0530647,30.00212,31.594173,0.39000466,1.0102698,14.152685,14.29803,0.43393328,1.0708764,24.025482,25.728323,0.49039469,0.9387003,27.114378,25.452275,0.4160959,0.95886411,25.249566,24.210902,0.69257985,1.0770822,34.21072,36.847757
init,init,-1,,5852,100.Brown_Pelican/Brown_Pelican_0007_94078.jpg,100,99,100.Brown_Pelican,177,176,color_jitter,color_jitter,0,"{""brightness"":0.656106,""contrast"":0.621677,""hue"":-0.015946,""saturation"":1.385882}",4.3480005,4.8245587,0.47655821,0.012932644,0.0080300961,0.022101333,0.018981339,-0.0091686891,-0.010951243,-0.0017825542,0.7741624,0.9327638,64.967322,60.599166,False,0.95723796,True,False,False,0.7741624,0.9327638,64.967322,60.599166,0.72439354,0.9321004,57.62487,53.712165,0.95715632,0.93520706,30.00212,28.058194,0.63218178,1.2954327,14.152685,18.333851,0.58093865,0.94944424,24.025482,22.810856,0.75352801,0.88428126,27.114378,23.976737,0.72065601,0.86733127,25.249566,21.899738,0.81607124,0.91228009,34.21072,31.209758
init,init,-1,,5852,100.Brown_Pelican/Brown_Pelican_0007_94078.jpg,100,99,100.Brown_Pelican,177,176,rotation,rotation,0,"{""angle"":7.824522}",4.3480005,4.5306764,0.18267584,0.012932644,0.010773388,0.022101333,0.022744779,-0.0091686891,-0.011971391,-0.0028027017,0.75233899,0.91465081,64.967322,59.422413,False,0.94592762,True,False,False,0.75233899,0.91465081,64.967322,59.422413,0.69941477,0.91281829,57.62487,52.601036,0.94579137,0.92137958,30.00212,27.64334,0.56933111,1.0071346,14.152685,14.253659,0.68553119,0.95790145,24.025482,23.014045,0.70839495,0.8873285,27.114378,24.05936,0.62513903,0.88531859,25.249566,22.35391,0.76704736,0.90355471,34.21072,30.911257
init,init,-1,,5852,100.Brown_Pelican/Brown_Pelican_0007_94078.jpg,100,99,100.Brown_Pelican,177,176,random_resized_crop,random_resized_crop,0,"{""area_fraction"":0.687535,""aspect"":1.100348,""fallback"":false,""height"":0.790464,""left"":0.068977,""top"":0.047469,""width"":0.869786}",4.3480005,4.5087237,0.16072321,0.012932644,0.011012506,0.022101333,0.019887067,-0.0091686891,-0.0088745616,0.0002941275,0.74153299,0.99542821,64.967322,64.670305,False,0.9560042,True,False,False,0.74153299,0.99542821,64.967322,64.670305,0.68315647,0.9944476,57.62487,57.304914,0.95590445,0.99903742,30.00212,29.97324,0.64024044,1.0430453,14.152685,14.761891,0.63606187,1.0233734,24.025482,24.587039,0.67727867,0.98684208,27.114378,26.757609,0.62220473,0.94616636,25.249566,23.89029,0.75026977,1.0018474,34.21072,34.273921
init,init,-1,,5852,100.Brown_Pelican/Brown_Pelican_0007_94078.jpg,100,99,100.Brown_Pelican,177,176,gaussian_blur,gaussian_blur,0,"{""sigma"":1.237207}",4.3480005,4.731638,0.38363743,0.012932644,0.0088120224,0.022101333,0.017352013,-0.0091686891,-0.0085399905,0.00062869862,0.58050813,0.96515828,64.967322,62.703748,False,0.88335896,True,False,False,0.58050813,0.96515828,64.967322,62.703748,0.51943468,1.007819,57.62487,58.07544,0.88317493,0.78805269,30.00212,23.643251,0.38902822,1.6223561,14.152685,22.960694,0.42272612,1.0741211,24.025482,25.806278,0.53115652,1.0082909,27.114378,27.339181,0.4917566,0.90806167,25.249566,22.928163,0.65183819,0.88006344,34.21072,30.107603
init,init,-1,,5852,100.Brown_Pelican/Brown_Pelican_0007_94078.jpg,100,99,100.Brown_Pelican,177,176,random_erasing,random_erasing,0,"{""area_fraction"":0.164397,""erased"":true,""height"":0.293921,""left"":0.113425,""top"":0.118177,""width"":0.559324}",4.3480005,4.7524438,0.40444326,0.012932644,0.0086305793,0.022101333,0.01120731,-0.0091686891,-0.0025767302,0.0065919589,0.68634102,0.97183066,64.967322,63.137235,False,0.83230102,False,False,False,0.68634102,0.97183066,64.967322,63.137235,0.64846346,0.97968944,57.62487,56.454477,0.83203525,0.94227242,30.00212,28.27017,0.34296781,1.0845871,14.152685,15.349819,0.69901346,1.0222325,24.025482,24.559629,0.73144734,0.90936531,27.114378,24.656875,0.64318802,0.94358836,25.249566,23.825196,0.6373349,1.0009995,34.21072,34.244915
init,init,-1,,2966,052.Pied_billed_Grebe/Pied_Billed_Grebe_0032_35931.jpg,52,51,052.Pied_billed_Grebe,46,45,identity,identity,0,{},5.3270121,5.3270121,0,0.004858566,0.004858566,0.025299406,0.025299406,-0.02044084,-0.02044084,0,1,1,50.699861,50.699861,False,1.0000001,True,False,False,1,1,50.699861,50.699861,1,1,43.494768,43.494768,1,1,26.051506,26.051506,1,1,6.5827874,6.5827874,1,1,15.945745,15.945745,1,1,19.144245,19.144245,1,1,20.435169,20.435169,1,1,28.462198,28.462198
init,init,-1,,2966,052.Pied_billed_Grebe/Pied_Billed_Grebe_0032_35931.jpg,52,51,052.Pied_billed_Grebe,46,45,horizontal_flip,horizontal_flip,0,"{""flipped"":true}",5.3270121,5.3084822,-0.018529892,0.004858566,0.0049494333,0.025299406,0.019315613,-0.02044084,-0.01436618,0.0060746595,0.68122537,0.88596706,50.699861,44.918406,False,0.96049803,True,False,False,0.68122537,0.88596706,50.699861,44.918406,0.57183305,0.86212778,43.494768,37.498048,0.96042607,0.94926303,26.051506,24.729732,0.082567117,0.84629025,6.5827874,5.5709487,0.50485897,0.88678359,15.945745,14.140425,0.48132863,0.82307677,19.144245,15.757184,0.50707767,0.77364071,20.435169,15.809479,0.68434562,0.91409217,28.462198,26.017072
init,init,-1,,2966,052.Pied_billed_Grebe/Pied_Billed_Grebe_0032_35931.jpg,52,51,052.Pied_billed_Grebe,46,45,color_jitter,color_jitter,0,"{""brightness"":0.835658,""contrast"":0.76432,""hue"":-0.006499,""saturation"":1.056878}",5.3270121,5.448626,0.12161398,0.004858566,0.004302212,0.025299406,0.028089309,-0.02044084,-0.023787097,-0.0033462574,0.89682424,0.9855267,50.699861,49.966066,False,0.98353881,False,False,False,0.89682424,0.9855267,50.699861,49.966066,0.86420832,0.96865237,43.494768,42.13131,0.98349999,1.0311065,26.051506,26.861878,0.75090163,0.95712707,6.5827874,6.300564,0.77628792,0.97147584,15.945745,15.490906,0.83016494,0.91532162,19.144245,17.523142,0.86928605,0.91909917,20.435169,18.781947,0.90992291,1.0155946,28.462198,28.906054
init,init,-1,,2966,052.Pied_billed_Grebe/Pied_Billed_Grebe_0032_35931.jpg,52,51,052.Pied_billed_Grebe,46,45,rotation,rotation,0,"{""angle"":8.468802}",5.3270121,5.1390786,-0.18793344,0.004858566,0.0058630896,0.025299406,0.028920598,-0.02044084,-0.023057509,-0.0026166691,0.65265354,0.97584926,50.699861,49.475422,False,0.89543664,True,False,False,0.65265354,0.97584926,50.699861,49.475422,0.56086702,0.96091945,43.494768,41.794969,0.89530376,1.0163084,26.051506,26.476365,0.36752817,0.93268221,6.5827874,6.1396487,0.45936831,0.87595329,15.945745,13.967728,0.49384016,0.91945007,19.144245,17.602178,0.49867596,0.93112213,20.435169,19.027638,0.65632008,1.0195851,28.462198,29.019632
init,init,-1,,2966,052.Pied_billed_Grebe/Pied_Billed_Grebe_0032_35931.jpg,52,51,052.Pied_billed_Grebe,46,45,random_resized_crop,random_resized_crop,0,"{""area_fraction"":0.790701,""aspect"":1.012162,""fallback"":false,""height"":0.883855,""left"":0.012038,""top"":0.099548,""width"":0.894604}",5.3270121,5.2046943,-0.12231779,0.004858566,0.0054907301,0.025299406,0.025198085,-0.02044084,-0.019707355,0.00073348451,0.71723052,0.88102704,50.699861,44.667948,False,0.9487893,True,False,False,0.71723052,0.88102704,50.699861,44.667948,0.6349309,0.88308613,43.494768,38.409627,0.94870897,0.87526185,26.051506,22.80189,0.32098929,0.80689549,6.5827874,5.3116215,0.56579406,1.0602625,15.945745,16.906676,0.55754093,0.88250381,19.144245,16.894869,0.61809838,0.82376375,20.435169,16.833752,0.72753304,0.85517153,28.462198,24.340061
init,init,-1,,2966,052.Pied_billed_Grebe/Pied_Billed_Grebe_0032_35931.jpg,52,51,052.Pied_billed_Grebe,46,45,gaussian_blur,gaussian_blur,0,"{""sigma"":1.301579}",5.3270121,5.3085899,-0.018422127,0.004858566,0.0049488987,0.025299406,0.018174082,-0.02044084,-0.013225183,0.0072156563,0.63966467,0.91636135,50.699861,46.459393,False,0.92550021,False,False,False,0.63966467,0.91636135,50.699861,46.459393,0.5321391,0.9039832,43.494768,39.31854,0.92543829,0.95001397,26.051506,24.749295,0.42493981,0.96033164,6.5827874,6.321659,0.15004763,0.84209683,15.945745,13.427862,0.41587041,0.8972852,19.144245,17.177848,0.51906123,0.85569809,20.435169,17.486336,0.70207773,0.94590724,28.462198,26.922599
init,init,-1,,2966,052.Pied_billed_Grebe/Pied_Billed_Grebe_0032_35931.jpg,52,51,052.Pied_billed_Grebe,46,45,random_erasing,random_erasing,0,"{""area_fraction"":0.173582,""erased"":true,""height"":0.256425,""left"":0.23428,""top"":0.71654,""width"":0.676931}",5.3270121,5.42205,0.095037937,0.004858566,0.0044180811,0.025299406,0.01963447,-0.02044084,-0.015216389,0.0052244505,0.8953119,0.99632534,50.699861,50.513556,False,0.94684869,False,False,False,0.8953119,0.99632534,50.699861,50.513556,0.87739829,1.0028626,43.494768,43.619276,0.94673258,0.97787237,26.051506,25.475048,0.85007214,0.96989709,6.5827874,6.3846263,0.82217189,1.0146138,15.945745,16.178773,0.89723511,0.95579999,19.144245,18.29807,0.87248443,0.96974325,20.435169,19.816868,0.89103161,1.0378595,28.462198,29.539761
init,init,-1,,2953,052.Pied_billed_Grebe/Pied_Billed_Grebe_0082_35356.jpg,52,51,052.Pied_billed_Grebe,8,7,identity,identity,0,{},5.6272812,5.6272812,0,0.0035983443,0.0035983443,0.041239802,0.041239802,-0.037641458,-0.037641458,0,1,1,51.774345,51.774345,False,1,True,False,False,1,1,51.774345,51.774345,1,1,43.666817,43.666817,1,1,27.817115,27.817115,1,1,7.5829442,7.5829442,1,1,17.922835,17.922835,1,1,18.960664,18.960664,1,1,18.535187,18.535187,1,1,28.722846,28.722846
init,init,-1,,2953,052.Pied_billed_Grebe/Pied_Billed_Grebe_0082_35356.jpg,52,51,052.Pied_billed_Grebe,8,7,horizontal_flip,horizontal_flip,0,"{""flipped"":true}",5.6272812,5.5940571,-0.033224106,0.0035983443,0.0037199063,0.041239802,0.041919049,-0.037641458,-0.038199143,-0.00055768504,0.68369209,1.0596625,51.774345,54.863332,False,0.95215797,True,False,False,0.68369209,1.0596625,51.774345,54.863332,0.57554319,1.0617548,43.666817,46.363451,0.95204217,1.054489,27.817115,29.332843,0.4458852,0.72291182,7.5829442,5.4817999,0.61478252,1.1072137,17.922835,19.84441,0.52093957,0.9689873,18.960664,18.372643,0.38436106,1.0773922,18.535187,19.969666,0.6688498,1.0950993,28.722846,31.454368
init,init,-1,,2953,052.Pied_billed_Grebe/Pied_Billed_Grebe_0082_35356.jpg,52,51,052.Pied_billed_Grebe,8,7,color_jitter,color_jitter,0,"{""brightness"":1.334162,""contrast"":1.138341,""hue"":-0.047535,""saturation"":1.319156}",5.6272812,5.5471411,-0.080140114,0.0035983443,0.0038985882,0.041239802,0.041807823,-0.037641458,-0.037909235,-0.00026777713,0.68512637,0.99612279,51.774345,51.573604,False,0.90588486,True,False,False,0.68512637,0.99612279,51.774345,51.573604,0.58673863,0.96369432,43.666817,42.081464,0.90578138,1.071854,27.817115,29.815886,0.4298425,0.84387636,7.5829442,6.3990673,0.36495999,0.83184093,17.922835,14.908948,0.50131668,0.8895557,18.960664,16.866567,0.60793478,0.98350455,18.535187,18.229441,0.69295086,1.0391308,28.722846,29.846795
init,init,-1,,2953,052.Pied_billed_Grebe/Pied_Billed_Grebe_0082_35356.jpg,52,51,052.Pied_billed_Grebe,8,7,rotation,rotation,0,"{""angle"":5.419836}",5.6272812,5.5595746,-0.067706585,0.0035983443,0.003850414,0.041239802,0.031132147,-0.037641458,-0.027281733,0.010359725,0.74536784,0.96462476,51.774345,49.942815,False,0.94364637,True,False,False,0.74536784,0.96462476,51.774345,49.942815,0.66149577,0.95183005,43.666817,41.563388,0.94351528,0.99545202,27.817115,27.690603,0.28504172,0.66754478,7.5829442,5.0619548,0.58493357,0.77489849,17.922835,13.888378,0.55810957,0.91658543,18.960664,17.379068,0.61984771,0.99571154,18.535187,18.4557,0.76658022,1.0247589,28.722846,29.433993
init,init,-1,,2953,052.Pied_billed_Grebe/Pied_Billed_Grebe_0082_35356.jpg,52,51,052.Pied_billed_Grebe,8,7,random_resized_crop,random_resized_crop,0,"{""area_fraction"":0.848028,""aspect"":0.976269,""fallback"":false,""height"":0.93201,""left"":0.080387,""top"":0.02815,""width"":0.909892}",5.6272812,5.7701759,0.14289474,0.0035983443,0.0031192088,0.041239802,0.040922049,-0.037641458,-0.037802841,-0.00016138307,0.78538884,1.0408034,51.774345,53.886912,False,0.96872377,True,False,False,0.78538884,1.0408034,51.774345,53.886912,0.71625459,1.0599665,43.666817,46.285361,0.96867239,0.99200255,27.817115,27.594648,0.79849044,0.97692277,7.5829442,7.4079508,0.71716665,1.1547398,17.922835,20.696211,0.56299693,1.0097868,18.960664,19.146229,0.65843212,1.0528531,18.535187,19.51483,0.80046688,1.0512417,28.722846,30.194654
init,init,-1,,2953,052.Pied_billed_Grebe/Pied_Billed_Grebe_0082_35356.jpg,52,51,052.Pied_billed_Grebe,8,7,gaussian_blur,gaussian_blur,0,"{""sigma"":1.618922}",5.6272812,5.75109,0.12380886,0.0035983443,0.0031793127,0.041239802,0.047297273,-0.037641458,-0.04411796,-0.0064765026,0.63965701,1.1605827,51.774345,60.08841,False,0.89753836,True,False,False,0.63965701,1.1605827,51.774345,60.08841,0.53927063,1.1734177,43.666817,51.239414,0.89726859,1.1283317,27.817115,31.386932,0.20153749,1.1738425,7.5829442,8.9011824,0.3668026,1.0584892,17.922835,18.971128,0.52946162,1.2823497,18.960664,24.314203,0.4911372,1.2382448,18.535187,22.9511,0.65532857,1.1379977,28.722846,32.686532
init,init,-1,,2953,052.Pied_billed_Grebe/Pied_Billed_Grebe_0082_35356.jpg,52,51,052.Pied_billed_Grebe,8,7,random_erasing,random_erasing,0,"{""area_fraction"":0.185938,""erased"":true,""height"":0.524278,""left"":0.157153,""top"":0.154888,""width"":0.354656}",5.6272812,5.3339548,-0.29332638,0.0035983443,0.0048249508,0.041239802,0.033113588,-0.037641458,-0.028288637,0.0093528207,0.66046372,1.1799257,51.774345,61.089879,False,0.85499752,True,False,False,0.66046372,1.1799257,51.774345,61.089879,0.59680244,1.2334999,43.666817,53.863015,0.85471198,1.0361504,27.817115,28.822715,0.48072297,1.0615658,7.5829442,8.0497943,0.63546879,1.2212049,17.922835,21.887454,0.64027205,1.2549501,18.960664,23.794688,0.55604319,1.3375576,18.535187,24.79188,0.58939946,1.1941968,28.722846,34.30073
init,init,-1,,6638,114.Black_throated_Sparrow/Black_Throated_Sparrow_0011_107115.jpg,114,113,114.Black_throated_Sparrow,129,128,identity,identity,0,{},4.6342306,4.6342306,0,0.0097135771,0.0097135771,0.038615108,0.038615108,-0.02890153,-0.02890153,0,1,1,41.193382,41.193382,False,1,True,False,False,1,1,41.193382,41.193382,1,1,33.46579,33.46579,1,1,24.019483,24.019483,1,1,4.4170145,4.4170145,1,1,11.403568,11.403568,1,1,12.45828,12.45828,1,1,14.519442,14.519442,1,1,24.584239,24.584239
init,init,-1,,6638,114.Black_throated_Sparrow/Black_Throated_Sparrow_0011_107115.jpg,114,113,114.Black_throated_Sparrow,129,128,horizontal_flip,horizontal_flip,0,"{""flipped"":true}",4.6342306,4.5430455,-0.091185093,0.0097135771,0.010640951,0.038615108,0.037789855,-0.02890153,-0.027148904,0.0017526262,0.68729144,1.0658727,41.193382,43.906899,False,0.96211714,True,False,False,0.68729144,1.0658727,41.193382,43.906899,0.54929305,1.0748183,33.46579,35.969643,0.96209894,1.0482894,24.019483,25.179368,0.11187481,1.5875313,4.4170145,7.0121486,0.41346419,1.0859391,11.403568,12.383581,0.44818735,1.2055623,12.45828,15.019232,0.44954023,1.0714295,14.519442,15.556559,0.67423253,1.0158601,24.584239,24.974147
init,init,-1,,6638,114.Black_throated_Sparrow/Black_Throated_Sparrow_0011_107115.jpg,114,113,114.Black_throated_Sparrow,129,128,color_jitter,color_jitter,0,"{""brightness"":0.919932,""contrast"":1.098295,""hue"":0.071976,""saturation"":1.22421}",4.6342306,4.7248478,0.09061718,0.0097135771,0.0088720657,0.038615108,0.034513775,-0.02890153,-0.02564171,0.0032598209,0.82817703,1.0536021,41.193382,43.401435,False,0.95091289,True,False,False,0.82817703,1.0536021,41.193382,43.401435,0.76459782,1.0514123,33.46579,35.186342,0.95085846,1.0578402,24.019483,25.408775,0.68212118,1.1914969,4.4170145,5.2628592,0.72678487,1.1286264,11.403568,12.870368,0.68416258,1.1183505,12.45828,13.932724,0.70493736,1.0050074,14.519442,14.592147,0.82103552,1.0271779,24.584239,25.252387
init,init,-1,,6638,114.Black_throated_Sparrow/Black_Throated_Sparrow_0011_107115.jpg,114,113,114.Black_throated_Sparrow,129,128,rotation,rotation,0,"{""angle"":4.040347}",4.6342306,4.7574868,0.12325621,0.0097135771,0.0085871648,0.038615108,0.028007926,-0.02890153,-0.019420762,0.0094807688,0.77233519,0.98556815,41.193382,40.598885,False,0.96140212,True,False,False,0.77233519,0.98556815,41.193382,40.598885,0.67249697,0.97672661,33.46579,32.686928,0.96133036,1.0025089,24.019483,24.079746,0.37580569,1.7711044,4.4170145,7.8229939,0.62317559,0.98350822,11.403568,11.215503,0.51837665,0.93043661,12.45828,11.59164,0.60119307,0.92229428,14.519442,13.391199,0.77024998,0.96922574,24.584239,23.827677
init,init,-1,,6638,114.Black_throated_Sparrow/Black_Throated_Sparrow_0011_107115.jpg,114,113,114.Black_throated_Sparrow,129,128,random_resized_crop,random_resized_crop,0,"{""area_fraction"":0.68525,""aspect"":0.931228,""fallback"":false,""height"":0.857821,""left"":0.007065,""top"":0.001079,""width"":0.798827}",4.6342306,4.4789042,-0.15532637,0.0097135771,0.011345838,0.038615108,0.027162215,-0.02890153,-0.015816377,0.013085154,0.75827459,0.98095743,41.193382,40.408954,False,0.9624095,True,False,False,0.75827459,0.98095743,41.193382,40.408954,0.65308555,0.98072315,33.46579,32.820676,0.96232648,0.98141206,24.019483,23.57301,0.24875052,1.2323376,4.4170145,5.443253,0.51568566,1.0535623,11.403568,12.014369,0.55695645,0.96119483,12.45828,11.974834,0.56416747,0.92466701,14.519442,13.425649,0.75632423,0.97926258,24.584239,24.074425
init,init,-1,,6638,114.Black_throated_Sparrow/Black_Throated_Sparrow_0011_107115.jpg,114,113,114.Black_throated_Sparrow,129,128,gaussian_blur,gaussian_blur,0,"{""sigma"":1.363179}",4.6342306,5.0750351,0.44080448,0.0097135771,0.0062508662,0.038615108,0.049552824,-0.02890153,-0.043301958,-0.014400428,0.75768351,1.0951174,41.193382,45.111589,False,0.95841181,True,False,False,0.75768351,1.0951174,41.193382,45.111589,0.64827017,1.0713682,33.46579,35.854184,0.95826412,1.139808,24.019483,27.377598,0.53624829,1.4233865,4.4170145,6.287119,0.40770909,1.0832252,11.403568,12.352633,0.51395897,1.156408,12.45828,14.406854,0.55717453,1.0412915,14.519442,15.118972,0.7789829,1.042831,24.584239,25.637207
init,init,-1,,6638,114.Black_throated_Sparrow/Black_Throated_Sparrow_0011_107115.jpg,114,113,114.Black_throated_Sparrow,129,128,random_erasing,random_erasing,0,"{""area_fraction"":0.103919,""erased"":true,""height"":0.571897,""left"":0.605938,""top"":0.05689,""width"":0.18171}",4.6342306,4.4651365,-0.16909409,0.0097135771,0.011503127,0.038615108,0.042915758,-0.02890153,-0.03141263,-0.0025110999,0.8653289,1.127198,41.193382,46.433096,False,0.97410786,True,False,False,0.8653289,1.127198,41.193382,46.433096,0.80780107,1.1156609,33.46579,37.336475,0.97398687,1.1492633,24.019483,27.604711,0.70093488,1.3286559,4.4170145,5.8686922,0.82151952,1.1393546,11.403568,12.992708,0.76698444,1.1503347,12.45828,14.331192,0.7644628,1.0950297,14.519442,15.89922,0.83563933,1.1009671,24.584239,27.066438
init,init,-1,,8966,153.Philadelphia_Vireo/Philadelphia_Vireo_0015_794778.jpg,153,152,153.Philadelphia_Vireo,129,128,identity,identity,0,{},5.1794767,5.1794767,0,0.0056309518,0.0056309518,0.030345472,0.030345472,-0.02471452,-0.02471452,0,1,1,43.161704,43.161704,False,1,True,False,False,1,1,43.161704,43.161704,1,1,33.15366,33.15366,1,1,27.636344,27.636344,1,1,3.6344967,3.6344967,1,1,11.892575,11.892575,1,1,13.20412,13.20412,1,1,13.444694,13.444694,1,1,24.277844,24.277844
init,init,-1,,8966,153.Philadelphia_Vireo/Philadelphia_Vireo_0015_794778.jpg,153,152,153.Philadelphia_Vireo,129,128,horizontal_flip,horizontal_flip,0,"{""flipped"":true}",5.1794767,5.1046515,-0.074825287,0.0056309518,0.0060684541,0.030345472,0.029198417,-0.02471452,-0.023129963,0.0015845564,0.69947565,1.0638828,43.161704,45.918994,False,0.95276701,True,False,False,0.69947565,1.0638828,43.161704,45.918994,0.5292784,1.0777923,33.15366,35.732759,0.95267035,1.0435398,27.636344,28.839625,0.35827464,1.0488034,3.6344967,3.8118724,0.4005441,0.97589943,11.892575,11.605957,0.36993311,1.0687525,13.20412,14.111936,0.3932239,1.1220692,13.444694,15.085877,0.65048248,1.090458,24.277844,26.473968
init,init,-1,,8966,153.Philadelphia_Vireo/Philadelphia_Vireo_0015_794778.jpg,153,152,153.Philadelphia_Vireo,129,128,color_jitter,color_jitter,0,"{""brightness"":0.685656,""contrast"":1.094621,""hue"":0.022547,""saturation"":0.809781}",5.1794767,5.1190882,-0.060388565,0.0056309518,0.0059814746,0.030345472,0.027903149,-0.02471452,-0.021921674,0.0027928455,0.90847888,1.0515155,43.161704,45.385201,False,0.98979485,True,False,False,0.90847888,1.0515155,43.161704,45.385201,0.85729863,1.0840322,33.15366,35.939636,0.98976979,1.0028708,27.636344,27.715683,0.29710885,2.0849598,3.6344967,7.5777796,0.82982872,1.1760826,11.892575,13.986651,0.82757905,1.1334401,13.20412,14.966079,0.84405566,1.0245783,13.444694,13.775141,0.91520229,1.0296386,24.277844,24.997404
init,init,-1,,8966,153.Philadelphia_Vireo/Philadelphia_Vireo_0015_794778.jpg,153,152,153.Philadelphia_Vireo,129,128,rotation,rotation,0,"{""angle"":3.451549}",5.1794767,4.8721395,-0.30733728,0.0056309518,0.0076569668,0.030345472,0.035634149,-0.02471452,-0.027977182,-0.0032626623,0.86455092,1.0497664,43.161704,45.309708,False,0.97910404,True,False,False,0.86455092,1.0497664,43.161704,45.309708,0.78718318,1.0610305,33.15366,35.177044,0.97905748,1.0333404,27.636344,28.557752,0.65511206,1.404176,3.6344967,5.1034729,0.77234681,1.1408614,11.892575,13.56778,0.70636708,1.0781122,13.20412,14.235523,0.71302547,1.048489,13.444694,14.096613,0.84519067,1.0305111,24.277844,25.018588
init,init,-1,,8966,153.Philadelphia_Vireo/Philadelphia_Vireo_0015_794778.jpg,153,152,153.Philadelphia_Vireo,129,128,random_resized_crop,random_resized_crop,0,"{""area_fraction"":0.512688,""aspect"":0.990105,""fallback"":false,""height"":0.719591,""left"":0.059282,""top"":0.095269,""width"":0.712471}",5.1794767,5.1778765,-0.0016002655,0.0056309518,0.0056399689,0.030345472,0.028066533,-0.02471452,-0.022426564,0.002287956,0.73367268,1.0604218,43.161704,45.769613,False,0.95683378,True,False,False,0.73367268,1.0604218,43.161704,45.769613,0.59845704,1.1106936,33.15366,36.82356,0.95677227,0.98357439,27.636344,27.1824,0.51389911,1.460898,3.6344967,5.3096291,0.56600805,1.2463079,11.892575,14.82181,0.54120703,1.325754,13.20412,17.505415,0.44730865,1.075783,13.444694,14.463573,0.69187086,1.0025824,24.277844,24.340539
init,init,-1,,8966,153.Philadelphia_Vireo/Philadelphia_Vireo_0015_794778.jpg,153,152,153.Philadelphia_Vireo,129,128,gaussian_blur,gaussian_blur,0,"{""sigma"":1.316071}",5.1794767,5.3224573,0.14298058,0.0056309518,0.0048807459,0.030345472,0.042085581,-0.02471452,-0.037204835,-0.012490315,0.79686134,1.0314211,43.161704,44.517891,False,0.95805436,True,False,False,0.79686134,1.0314211,43.161704,44.517891,0.69023976,1.0502509,33.15366,34.819661,0.95791251,1.0037026,27.636344,27.738671,0.45729165,1.2409962,3.6344967,4.5103967,0.66462857,1.028078,11.892575,12.226495,0.60673061,1.1953672,13.20412,15.783772,0.58425196,1.0952834,13.444694,14.72575,0.77285659,0.98907274,24.277844,24.012554
init,init,-1,,8966,153.Philadelphia_Vireo/Philadelphia_Vireo_0015_794778.jpg,153,152,153.Philadelphia_Vireo,129,128,random_erasing,random_erasing,0,"{""area_fraction"":0.199315,""erased"":true,""height"":0.674039,""left"":0.395359,""top"":0.318501,""width"":0.295703}",5.1794767,4.9422717,-0.23720503,0.0056309518,0.0071383636,0.030345472,0.027439026,-0.02471452,-0.020300663,0.0044138571,0.51930992,1.0554783,43.161704,45.556242,False,0.81562972,True,False,False,0.51930992,1.0554783,43.161704,45.556242,0.32836562,1.0855438,33.15366,35.989751,0.81527678,1.0106414,27.636344,27.930432,0.40929727,1.7052235,3.6344967,6.1976293,0.21423601,1.2517236,11.892575,14.886217,0.1793362,1.0291728,13.20412,13.589321,0.23508571,1.1732401,13.444694,15.773854,0.44096639,1.0104258,24.277844,24.530959
init,init,-1,,5646,097.Orchard_Oriole/Orchard_Oriole_0006_91724.jpg,97,96,097.Orchard_Oriole,129,128,identity,identity,0,{},6.1657763,6.1657763,0,0.0021000884,0.0021000884,0.031121893,0.031121893,-0.029021804,-0.029021804,0,1,1,53.105959,53.105959,False,1.0000001,True,False,False,1,1,53.105959,53.105959,1,1,42.006187,42.006187,1,1,32.491893,32.491893,1,1,11.447077,11.447077,1,1,14.652783,14.652783,1,1,16.47009,16.47009,1,1,17.09706,17.09706,1,1,29.243919,29.243919
init,init,-1,,5646,097.Orchard_Oriole/Orchard_Oriole_0006_91724.jpg,97,96,097.Orchard_Oriole,129,128,horizontal_flip,horizontal_flip,0,"{""flipped"":true}",6.1657763,6.2174377,0.051661491,0.0021000884,0.0019943491,0.031121893,0.033369254,-0.029021804,-0.031374905,-0.0023531008,0.68163297,1.0138602,53.105959,53.842017,False,0.96665335,True,False,False,0.68163297,1.0138602,53.105959,53.842017,0.51266601,1.0171117,42.006187,42.724983,0.96649676,1.0084023,32.491893,32.764899,0.2922338,0.7807523,11.447077,8.9373319,0.26752115,1.1016487,14.652783,16.142219,0.37951011,0.96499909,16.47009,15.893622,0.37199482,1.0765284,17.09706,18.40547,0.69836873,1.0222052,29.243919,29.893285
init,init,-1,,5646,097.Orchard_Oriole/Orchard_Oriole_0006_91724.jpg,97,96,097.Orchard_Oriole,129,128,color_jitter,color_jitter,0,"{""brightness"":0.752195,""contrast"":1.275139,""hue"":0.001791,""saturation"":0.863526}",6.1657763,5.9530411,-0.21273518,0.0021000884,0.0025979283,0.031121893,0.029896749,-0.029021804,-0.027298821,0.0017229836,0.81822908,1.0172925,53.105959,54.024293,False,0.97134483,True,False,False,0.81822908,1.0172925,53.105959,54.024293,0.73248142,1.0392879,42.006187,43.65652,0.97122637,0.97942762,32.491893,31.823458,0.36001077,1.3504556,11.447077,15.45877,0.58287795,1.0202705,14.652783,14.949803,0.74462582,1.0095359,16.47009,16.627147,0.71687073,1.0190471,17.09706,17.422709,0.85466426,1.0047839,29.243919,29.383817
init,init,-1,,5646,097.Orchard_Oriole/Orchard_Oriole_0006_91724.jpg,97,96,097.Orchard_Oriole,129,128,rotation,rotation,0,"{""angle"":-1.652569}",6.1657763,6.0680294,-0.097746849,0.0021000884,0.0023157324,0.031121893,0.027933467,-0.029021804,-0.025617735,0.0034040697,0.86531335,1.061121,53.105959,56.351848,False,0.98068833,False,False,False,0.86531335,1.061121,53.105959,56.351848,0.79936653,1.0770926,42.006187,45.244552,0.98060417,1.0338756,32.491893,33.592577,0.69795072,1.4438035,11.447077,16.52733,0.77054266,1.0919018,14.652783,15.999401,0.7658783,1.0652619,16.47009,17.544959,0.74619662,1.0887272,17.09706,18.614034,0.87009053,1.0049116,29.243919,29.387552
init,init,-1,,5646,097.Orchard_Oriole/Orchard_Oriole_0006_91724.jpg,97,96,097.Orchard_Oriole,129,128,random_resized_crop,random_resized_crop,0,"{""area_fraction"":0.850149,""aspect"":0.911927,""fallback"":false,""height"":0.965534,""left"":0.048761,""top"":0.002165,""width"":0.880497}",6.1657763,5.9875803,-0.17819595,0.0021000884,0.0025097302,0.031121893,0.029762981,-0.029021804,-0.027253251,0.0017685532,0.81026951,1.0188516,53.105959,54.107089,False,0.97765481,True,False,False,0.81026951,1.0188516,53.105959,54.107089,0.71741346,1.0439488,42.006187,43.852307,0.97756029,0.97546401,32.491893,31.694673,0.49903856,1.3346895,11.447077,15.278294,0.60096319,1.0429206,14.652783,15.281689,0.67969013,1.0830657,16.47009,17.83819,0.66663936,1.0741696,17.09706,18.365141,0.83470058,0.96754074,29.243919,28.294682
init,init,-1,,5646,097.Orchard_Oriole/Orchard_Oriole_0006_91724.jpg,97,96,097.Orchard_Oriole,129,128,gaussian_blur,gaussian_blur,0,"{""sigma"":1.999554}",6.1657763,6.0624266,-0.10334969,0.0021000884,0.0023287423,0.031121893,0.022993976,-0.029021804,-0.020665234,0.0083565705,0.66298015,1.0585077,53.105959,56.213066,False,0.8926844,False,False,False,0.66298015,1.0585077,53.105959,56.213066,0.52850152,1.0658159,42.006187,44.770863,0.89203683,1.0461789,32.491893,33.992333,0.65053925,1.144177,11.447077,13.097482,0.31025741,0.85889488,14.652783,12.585201,0.39977483,1.1231326,16.47009,18.498095,0.47509169,1.1485675,17.09706,19.637127,0.62000594,1.0521344,29.243919,30.768532
init,init,-1,,5646,097.Orchard_Oriole/Orchard_Oriole_0006_91724.jpg,97,96,097.Orchard_Oriole,129,128,random_erasing,random_erasing,0,"{""area_fraction"":0.083563,""erased"":true,""height"":0.168329,""left"":0.069177,""top"":0.461864,""width"":0.496424}",6.1657763,5.8449697,-0.3208065,0.0021000884,0.0028944223,0.031121893,0.031316612,-0.029021804,-0.02842219,0.00059961481,0.7101619,1.1636125,53.105959,61.794759,False,0.89714903,False,False,False,0.7101619,1.1636125,53.105959,61.794759,0.62783087,1.2541545,42.006187,52.682249,0.89681086,0.99403833,32.491893,32.298187,0.72732588,1.6166233,11.447077,18.505612,0.61022888,1.2149051,14.652783,17.801741,0.57644644,1.1996936,16.47009,19.759062,0.55695764,1.3680226,17.09706,23.389164,0.66318854,1.1739378,29.243919,34.330542
init,init,-1,,2734,048.European_Goldfinch/European_Goldfinch_0014_794672.jpg,48,47,048.European_Goldfinch,8,7,identity,identity,0,{},6.0898643,6.0898643,0,0.0022657167,0.0022657167,0.016736954,0.016736954,-0.014471238,-0.014471238,0,1,1,41.433526,41.433526,False,0.99999994,True,False,False,1,1,41.433526,41.433526,1,1,34.64225,34.64225,1,1,22.729971,22.729971,1,1,4.9609065,4.9609065,1,1,10.849815,10.849815,1,1,15.723394,15.723394,1,1,15.401178,15.401178,1,1,23.944415,23.944415
init,init,-1,,2734,048.European_Goldfinch/European_Goldfinch_0014_794672.jpg,48,47,048.European_Goldfinch,8,7,horizontal_flip,horizontal_flip,0,"{""flipped"":true}",6.0898643,5.7772856,-0.31257868,0.0022657167,0.0030971114,0.016736954,0.018659549,-0.014471238,-0.015562437,-0.0010911997,0.63617083,1.1329423,41.433526,46.941795,False,0.94300878,True,False,False,0.63617083,1.1329423,41.433526,46.941795,0.49499257,1.108012,34.64225,38.384028,0.94288598,1.188835,22.729971,27.022186,0.47270093,1.4073396,4.9609065,6.9816805,0.38518131,1.1569028,10.849815,12.552182,0.42698381,1.0690221,15.723394,16.808655,0.38745774,1.1055543,15.401178,17.026839,0.59410721,1.1006761,23.944415,26.355045
init,init,-1,,2734,048.European_Goldfinch/European_Goldfinch_0014_794672.jpg,48,47,048.European_Goldfinch,8,7,color_jitter,color_jitter,0,"{""brightness"":0.995157,""contrast"":0.852607,""hue"":-0.047259,""saturation"":0.763313}",6.0898643,6.051506,-0.038358212,0.0022657167,0.0023543129,0.016736954,0.016489878,-0.014471238,-0.014135565,0.0003356724,0.85440232,1.1654384,41.433526,48.288223,False,0.9638505,True,False,False,0.85440232,1.1654384,41.433526,48.288223,0.81596741,1.2117738,34.64225,41.978571,0.96383713,1.0499482,22.729971,23.865291,0.81872289,1.2470219,4.9609065,6.186359,0.80136062,1.3885318,10.849815,15.065313,0.81607079,1.2320975,15.723394,19.372755,0.77322533,1.2332452,15.401178,18.993429,0.8413775,1.1520277,23.944415,27.584629
init,init,-1,,2734,048.European_Goldfinch/European_Goldfinch_0014_794672.jpg,48,47,048.European_Goldfinch,8,7,rotation,rotation,0,"{""angle"":-3.084932}",6.0898643,6.1586504,0.068786144,0.0022657167,0.0021151055,0.016736954,0.013413431,-0.014471238,-0.011298326,0.0031729122,0.79010675,0.98094575,41.433526,40.644041,False,0.96320671,False,False,False,0.79010675,0.98094575,41.433526,40.644041,0.71056806,0.95829906,34.64225,33.197636,0.96319509,1.031633,22.729971,23.448989,0.45633741,0.91820284,4.9609065,4.5551185,0.55398462,0.96666481,10.849815,10.488134,0.65104563,0.8121403,15.723394,12.769602,0.6591634,0.95835454,15.401178,14.759789,0.79625444,1.0147893,23.944415,24.298536
init,init,-1,,2734,048.European_Goldfinch/European_Goldfinch_0014_794672.jpg,48,47,048.European_Goldfinch,8,7,random_resized_crop,random_resized_crop,0,"{""area_fraction"":0.761399,""aspect"":1.031298,""fallback"":false,""height"":0.859239,""left"":0.001067,""top"":0.070402,""width"":0.886131}",6.0898643,6.2650142,0.17514992,0.0022657167,0.0019016867,0.016736954,0.012957101,-0.014471238,-0.011055414,0.0034158237,0.74541662,1.1520395,41.433526,47.733059,False,0.95984912,False,False,False,0.74541662,1.1520395,41.433526,47.733059,0.6529541,1.1513675,34.64225,39.885962,0.95977539,1.1535989,22.729971,26.22127,0.43556224,0.85097508,4.9609065,4.2216078,0.45115176,1.0965395,10.849815,11.89725,0.67140753,1.1388827,15.723394,17.907102,0.52491779,1.1123954,15.401178,17.1322,0.74108145,1.1939853,23.944415,28.589279
init,init,-1,,2734,048.European_Goldfinch/European_Goldfinch_0014_794672.jpg,48,47,048.European_Goldfinch,8,7,gaussian_blur,gaussian_blur,0,"{""sigma"":1.407859}",6.0898643,6.2997818,0.20991755,0.0022657167,0.001836705,0.016736954,0.01464305,-0.014471238,-0.012806345,0.001664893,0.61752788,1.3693633,41.433526,56.73755,False,0.90969586,False,False,False,0.61752788,1.3693633,41.433526,56.73755,0.51787723,1.4430079,34.64225,49.989042,0.90962359,1.1807048,22.729971,26.837385,0.53153587,1.953847,4.9609065,9.6928523,0.41320991,1.7024134,10.849815,18.47087,0.48959302,1.6137572,15.723394,25.373741,0.34896644,1.4649044,15.401178,22.561253,0.65294219,1.2604957,23.944415,30.181833
init,init,-1,,2734,048.European_Goldfinch/European_Goldfinch_0014_794672.jpg,48,47,048.European_Goldfinch,8,7,random_erasing,random_erasing,0,"{""area_fraction"":0.175577,""erased"":true,""height"":0.381219,""left"":0.319149,""top"":0.242969,""width"":0.460566}",6.0898643,5.83534,-0.25452423,0.0022657167,0.0029224297,0.016736954,0.015594958,-0.014471238,-0.012672529,0.0017987092,0.50320458,1.3677919,41.433526,56.67244,False,0.82016701,False,False,False,0.50320458,1.3677919,41.433526,56.67244,0.38415725,1.4162823,34.64225,49.063206,0.81996338,1.2479072,22.729971,28.364895,0.6144844,1.5219586,4.9609065,7.5502944,0.38593302,1.6864562,10.849815,18.297737,0.23041246,1.4516625,15.723394,22.825061,0.29803781,1.3330691,15.401178,20.530834,0.4798826,1.367957,23.944415,32.754931
init,init,-1,,3949,068.Ruby_throated_Hummingbird/Ruby_Throated_Hummingbird_0055_57781.jpg,68,67,068.Ruby_throated_Hummingbird,4,3,identity,identity,0,{},5.0239964,5.0239964,0,0.0065781865,0.0065781865,0.025057515,0.025057515,-0.018479329,-0.018479329,0,1,1,59.952983,59.952983,False,1,True,False,False,1,1,59.952983,59.952983,1,1,51.773017,51.773017,1,1,30.231024,30.231024,1,1,11.026723,11.026723,1,1,19.754752,19.754752,1,1,22.032519,22.032519,1,1,23.042911,23.042911,1,1,33.944055,33.944055
init,init,-1,,3949,068.Ruby_throated_Hummingbird/Ruby_Throated_Hummingbird_0055_57781.jpg,68,67,068.Ruby_throated_Hummingbird,4,3,horizontal_flip,horizontal_flip,0,"{""flipped"":true}",5.0239964,4.7301412,-0.29385519,0.0065781865,0.0088252239,0.025057515,0.025502257,-0.018479329,-0.016677033,0.0018022954,0.5980597,0.99397677,59.952983,59.591872,False,0.95204234,True,False,False,0.5980597,0.99397677,59.952983,59.591872,0.47862372,0.99643299,51.773017,51.588343,0.95181999,0.98673759,30.231024,29.830088,0.38996185,1.2025705,11.026723,13.260411,0.35387523,0.98413901,19.754752,19.441423,0.31249015,1.0109632,22.032519,22.274065,0.38680191,1.0198896,23.042911,23.501225,0.65412652,0.95875232,33.944055,32.543941
init,init,-1,,3949,068.Ruby_throated_Hummingbird/Ruby_Throated_Hummingbird_0055_57781.jpg,68,67,068.Ruby_throated_Hummingbird,4,3,color_jitter,color_jitter,0,"{""brightness"":1.063103,""contrast"":0.739581,""hue"":0.072666,""saturation"":0.966558}",5.0239964,5.1959686,0.17197227,0.0065781865,0.0055388496,0.025057515,0.016892884,-0.018479329,-0.011354034,0.0071252943,0.75576333,1.0491928,59.952983,62.902238,False,0.94303918,False,False,False,0.75576333,1.0491928,59.952983,62.902238,0.69884896,1.0739014,51.773017,55.599117,0.94278317,0.9731125,30.231024,29.418188,0.58337774,1.1924827,11.026723,13.149176,0.59102943,1.1755119,19.754752,23.221947,0.70258527,1.1756811,22.032519,25.903216,0.66341123,1.0562442,23.042911,24.338941,0.77869423,0.98405207,33.944055,33.402718
init,init,-1,,3949,068.Ruby_throated_Hummingbird/Ruby_Throated_Hummingbird_0055_57781.jpg,68,67,068.Ruby_throated_Hummingbird,4,3,rotation,rotation,0,"{""angle"":-6.756088}",5.0239964,4.8869362,-0.13706017,0.0065781865,0.0075445008,0.025057515,0.020574449,-0.018479329,-0.013029948,0.0054493807,0.756752,1.0088361,59.952983,60.482736,False,0.96159601,False,False,False,0.756752,1.0088361,59.952983,60.482736,0.68692009,1.0086361,51.773017,52.220134,0.96140445,1.0094226,30.231024,30.51588,0.52811558,1.1423937,11.026723,12.596859,0.54209278,0.92637299,19.754752,18.300269,0.65908745,1.0072555,22.032519,22.192375,0.62824383,1.0344167,23.042911,23.835971,0.79188604,1.0088602,33.944055,34.244806
init,init,-1,,3949,068.Ruby_throated_Hummingbird/Ruby_Throated_Hummingbird_0055_57781.jpg,68,67,068.Ruby_throated_Hummingbird,4,3,random_resized_crop,random_resized_crop,0,"{""area_fraction"":0.503449,""aspect"":0.90861,""fallback"":false,""height"":0.74437,""left"":0.103326,""top"":0.056495,""width"":0.676342}",5.0239964,4.7710381,-0.2529583,0.0065781865,0.0084715839,0.025057515,0.023221029,-0.018479329,-0.014749445,0.0037298836,0.66714294,0.8758954,59.952983,52.512542,False,0.93269563,False,False,False,0.66714294,0.8758954,59.952983,52.512542,0.56997149,0.85803708,51.773017,44.423169,0.9325689,0.92628893,30.231024,28.002663,0.46763658,1.1046922,11.026723,12.181134,0.51250385,0.84905535,19.754752,16.772878,0.46374739,0.77425523,22.032519,17.058793,0.46956842,0.82325231,23.042911,18.970129,0.68887745,0.8802847,33.944055,29.880432
init,init,-1,,3949,068.Ruby_throated_Hummingbird/Ruby_Throated_Hummingbird_0055_57781.jpg,68,67,068.Ruby_throated_Hummingbird,4,3,gaussian_blur,gaussian_blur,0,"{""sigma"":1.032735}",5.0239964,5.2756543,0.25165796,0.0065781865,0.0051146084,0.025057515,0.016520755,-0.018479329,-0.011406147,0.0070731817,0.8217302,1.022822,59.952983,61.321231,False,0.96345711,False,False,False,0.8217302,1.022822,59.952983,61.321231,0.77537184,1.0323097,51.773017,53.445789,0.96330015,0.99447334,30.231024,30.063948,0.74901623,1.3911632,11.026723,15.33997,0.74335987,1.1717877,19.754752,23.148376,0.72030284,0.94552176,22.032519,20.832226,0.72598912,0.99461827,23.042911,22.9189,0.84707078,0.98857994,33.944055,33.556412
init,init,-1,,3949,068.Ruby_throated_Hummingbird/Ruby_Throated_Hummingbird_0055_57781.jpg,68,67,068.Ruby_throated_Hummingbird,4,3,random_erasing,random_erasing,0,"{""area_fraction"":0.177466,""erased"":true,""height"":0.504292,""left"":0.369822,""top"":0.464309,""width"":0.351912}",5.0239964,5.1382999,0.11430359,0.0065781865,0.0058676582,0.025057515,0.02133698,-0.018479329,-0.015469322,0.0030100066,0.7622968,0.97698806,59.952983,58.573349,False,0.93211943,False,False,False,0.7622968,0.97698806,59.952983,58.573349,0.70203641,0.96563731,51.773017,49.993957,0.93190517,1.0095432,30.231024,30.519526,0.6276779,0.98598196,11.026723,10.87215,0.65392072,1.0048979,19.754752,19.851509,0.71089929,0.95844799,22.032519,21.117023,0.6767194,1.0106192,23.042911,23.287607,0.73781392,0.93108731,33.944055,31.604879
init,init,-1,,8324,142.Black_Tern/Black_Tern_0082_144372.jpg,142,141,142.Black_Tern,8,7,identity,identity,0,{},5.803133,5.803133,0,0.0030180854,0.0030180854,0.030056367,0.030056367,-0.027038281,-0.027038281,0,1,1,63.775501,63.775501,False,0.99999994,True,False,False,1,1,63.775501,63.775501,1,1,54.235675,54.235675,1,1,33.553034,33.553034,1,1,12.97502,12.97502,1,1,19.446353,19.446353,1,1,23.767991,23.767991,1,1,22.956319,22.956319,1,1,36.098293,36.098293
init,init,-1,,8324,142.Black_Tern/Black_Tern_0082_144372.jpg,142,141,142.Black_Tern,8,7,horizontal_flip,horizontal_flip,0,"{""flipped"":true}",5.803133,5.4547453,-0.34838772,0.0030180854,0.0042759646,0.030056367,0.031809956,-0.027038281,-0.027533991,-0.00049570994,0.69101282,0.87439874,63.775501,55.765218,False,0.95690489,True,False,False,0.69101282,0.87439874,63.775501,55.765218,0.5858057,0.8657003,54.235675,46.95184,0.95669373,0.8967279,33.553034,30.087942,0.28895076,0.65943655,12.97502,8.5562023,0.49549231,0.8872971,19.446353,17.254693,0.57568837,0.77034542,23.767991,18.309563,0.42477432,0.86802035,22.956319,19.926552,0.70836265,0.91929159,36.098293,33.184857
init,init,-1,,8324,142.Black_Tern/Black_Tern_0082_144372.jpg,142,141,142.Black_Tern,8,7,color_jitter,color_jitter,0,"{""brightness"":0.747842,""contrast"":1.047949,""hue"":-0.089632,""saturation"":0.978746}",5.803133,5.4144402,-0.38869286,0.0030180854,0.0044518285,0.030056367,0.018750129,-0.027038281,-0.014298301,0.012739981,0.73729327,0.98090116,63.775501,62.557463,False,0.92516541,False,False,False,0.73729327,0.98090116,63.775501,62.557463,0.65991101,0.95629478,54.235675,51.865293,0.92470326,1.042455,33.553034,34.977529,0.58709054,0.71945561,12.97502,9.3349507,0.52285748,0.92952376,19.446353,18.075847,0.56749667,0.933772,23.767991,22.193884,0.62152994,0.93148594,22.956319,21.383488,0.7583335,1.0088711,36.098293,36.418526
init,init,-1,,8324,142.Black_Tern/Black_Tern_0082_144372.jpg,142,141,142.Black_Tern,8,7,rotation,rotation,0,"{""angle"":13.823643}",5.803133,5.5851021,-0.21803093,0.0030180854,0.0037533669,0.030056367,0.03456939,-0.027038281,-0.030816023,-0.0037777419,0.65578793,0.93616969,63.775501,59.704691,False,0.90002078,False,False,False,0.65578793,0.93616969,63.775501,59.704691,0.54773311,0.8852875,54.235675,48.014165,0.89923503,1.0576235,33.553034,35.486477,0.55963134,0.88826429,12.97502,11.525247,0.518033,0.89609958,19.446353,17.425869,0.42687455,0.69801439,23.767991,16.5904,0.41497504,0.84559845,22.956319,19.411828,0.64632664,0.96632734,36.098293,34.882767
init,init,-1,,8324,142.Black_Tern/Black_Tern_0082_144372.jpg,142,141,142.Black_Tern,8,7,random_resized_crop,random_resized_crop,0,"{""area_fraction"":0.712307,""aspect"":0.921615,""fallback"":false,""height"":0.879142,""left"":0.153929,""top"":0.079526,""width"":0.81023}",5.803133,5.9570417,0.15390873,0.0030180854,0.0025875561,0.030056367,0.035795089,-0.027038281,-0.033207533,-0.0061692514,0.72300847,0.98458199,63.775501,62.79221,False,0.96372497,True,False,False,0.72300847,0.98458199,63.775501,62.79221,0.63219391,0.98822531,54.235675,53.597067,0.96355554,0.97499848,33.553034,32.714157,0.49362078,1.0829349,12.97502,14.051102,0.41428833,1.1079608,19.446353,21.545797,0.55176845,0.88874509,23.767991,21.123685,0.57084261,0.95195101,22.956319,21.853291,0.78041199,0.99389105,36.098293,35.87777
init,init,-1,,8324,142.Black_Tern/Black_Tern_0082_144372.jpg,142,141,142.Black_Tern,8,7,gaussian_blur,gaussian_blur,0,"{""sigma"":1.379313}",5.803133,5.5019674,-0.30116558,0.0030180854,0.0040787398,0.030056367,0.026575308,-0.027038281,-0.022496569,0.0045417128,0.68394094,0.97172234,63.775501,61.97208,False,0.91328681,False,False,False,0.68394094,0.97172234,63.775501,61.97208,0.59763142,0.97585707,54.235675,52.926267,0.91303609,0.96083514,33.553034,32.238934,0.3197262,0.89043136,12.97502,11.553365,0.55769346,1.1073112,19.446353,21.533164,0.51306188,0.87921736,23.767991,20.89723,0.5460741,0.98506991,22.956319,22.613579,0.7001653,0.98175239,36.098293,35.439585
init,init,-1,,8324,142.Black_Tern/Black_Tern_0082_144372.jpg,142,141,142.Black_Tern,8,7,random_erasing,random_erasing,0,"{""area_fraction"":0.115111,""erased"":true,""height"":0.393405,""left"":0.352204,""top"":0.095975,""width"":0.292601}",5.803133,5.5225787,-0.28055429,0.0030180854,0.0039955317,0.030056367,0.026585361,-0.027038281,-0.022589829,0.004448452,0.76543314,0.98878651,63.775501,63.060356,False,0.9477483,False,False,False,0.76543314,0.98878651,63.775501,63.060356,0.68987992,0.96137763,54.235675,52.140965,0.94739665,1.0570515,33.553034,35.467284,0.24011046,0.81714441,12.97502,10.602465,0.58287074,0.89760014,19.446353,17.455049,0.75472402,0.9502693,23.767991,22.585992,0.60343751,0.91665752,22.956319,21.043082,0.7719665,1.0173329,36.098293,36.723982
init,init,-1,,8209,140.Summer_Tanager/Summer_Tanager_0058_139427.jpg,140,139,140.Summer_Tanager,129,128,identity,identity,0,{},4.4220772,4.4220772,0,0.012009263,0.012009263,0.019779239,0.019779239,-0.0077699758,-0.0077699758,0,1,1,39.507379,39.507379,False,1,True,False,False,1,1,39.507379,39.507379,1,1,31.424796,31.424796,1,1,23.944001,23.944001,1,1,7.7883234,7.7883234,1,1,10.170467,10.170467,1,1,11.573191,11.573191,1,1,13.077701,13.077701,1,1,22.769638,22.769638
init,init,-1,,8209,140.Summer_Tanager/Summer_Tanager_0058_139427.jpg,140,139,140.Summer_Tanager,129,128,horizontal_flip,horizontal_flip,0,"{""flipped"":true}",4.4220772,4.4459524,0.023875237,0.012009263,0.01172593,0.019779239,0.020945378,-0.0077699758,-0.0092194472,-0.0014494713,0.68819976,1.0536719,39.507379,41.627815,False,0.9569025,True,False,False,0.68819976,1.0536719,39.507379,41.627815,0.53436968,1.0589395,31.424796,33.276959,0.95686205,1.0445363,23.944001,25.010377,0.081098214,0.6978929,7.7883234,5.4354156,0.19131006,1.0227313,10.170467,10.401655,0.49831377,1.2000923,11.573191,13.888898,0.45709953,1.0941101,13.077701,14.308445,0.67852285,1.050355,22.769638,23.916203
init,init,-1,,8209,140.Summer_Tanager/Summer_Tanager_0058_139427.jpg,140,139,140.Summer_Tanager,129,128,color_jitter,color_jitter,0,"{""brightness"":1.156802,""contrast"":0.997757,""hue"":-0.035248,""saturation"":1.130596}",4.4220772,4.5381498,0.11607265,0.012009263,0.010693172,0.019779239,0.019566257,-0.0077699758,-0.0088730846,-0.0011031087,0.87405961,0.99296939,39.507379,39.229618,False,0.97911847,True,False,False,0.87405961,0.99296939,39.507379,39.229618,0.81499824,1.0036481,31.424796,31.539437,0.97910142,0.97430125,23.944001,23.32867,0.73846022,0.79349417,7.7883234,6.1799892,0.61290812,0.96307932,10.170467,9.7949663,0.75039442,1.0516251,11.573191,12.170658,0.79604281,1.0797286,13.077701,14.120368,0.88890045,0.99481382,22.769638,22.651551
init,init,-1,,8209,140.Summer_Tanager/Summer_Tanager_0058_139427.jpg,140,139,140.Summer_Tanager,129,128,rotation,rotation,0,"{""angle"":10.831409}",4.4220772,4.6351285,0.21305132,0.012009263,0.0097048581,0.019779239,0.018697221,-0.0077699758,-0.0089923628,-0.001222387,0.74634355,0.9909809,39.507379,39.151058,False,0.93391454,True,False,False,0.74634355,0.9909809,39.507379,39.151058,0.62709166,0.95118241,31.424796,29.890713,0.93384025,1.0560216,23.944001,25.285384,0.62013673,0.64985974,7.7883234,5.0613178,0.57108785,0.93355876,10.170467,9.4947285,0.5198828,0.96295566,11.573191,11.14447,0.51195593,0.91423143,13.077701,11.956045,0.7042771,0.99233768,22.769638,22.59517
init,init,-1,,8209,140.Summer_Tanager/Summer_Tanager_0058_139427.jpg,140,139,140.Summer_Tanager,129,128,random_resized_crop,random_resized_crop,0,"{""area_fraction"":0.745387,""aspect"":1.278505,""fallback"":false,""height"":0.763554,""left"":0.005137,""top"":0.012431,""width"":0.976207}",4.4220772,4.2662983,-0.15577888,0.012009263,0.014033635,0.019779239,0.017536223,-0.0077699758,-0.0035025878,0.004267388,0.78134848,1.0070821,39.507379,39.787175,False,0.9511919,False,False,False,0.78134848,1.0070821,39.507379,39.787175,0.68299596,1.0079449,31.424796,31.674463,0.95115502,1.0055943,23.944001,24.07795,0.75139238,0.79398221,7.7883234,6.1837902,0.63855473,1.073147,10.170467,10.914406,0.65608351,1.049798,11.573191,12.149514,0.57615492,0.98156512,13.077701,12.836615,0.72972433,1.0144221,22.769638,23.098024
init,init,-1,,8209,140.Summer_Tanager/Summer_Tanager_0058_139427.jpg,140,139,140.Summer_Tanager,129,128,gaussian_blur,gaussian_blur,0,"{""sigma"":1.044195}",4.4220772,4.3355246,-0.08655262,0.012009263,0.013095004,0.019779239,0.017859418,-0.0077699758,-0.0047644135,0.0030055624,0.84454336,0.97370711,39.507379,38.468616,False,0.96882528,False,False,False,0.84454336,0.97370711,39.507379,38.468616,0.77226761,0.97299721,31.424796,30.576239,0.96879053,0.97492868,23.944001,23.343694,0.71340706,0.66385277,7.7883234,5.1703001,0.59988376,0.89117542,10.170467,9.0636702,0.70930467,1.0307,11.573191,11.928488,0.71295365,0.98136594,13.077701,12.83401,0.84903328,1.0005469,22.769638,22.78209
init,init,-1,,8209,140.Summer_Tanager/Summer_Tanager_0058_139427.jpg,140,139,140.Summer_Tanager,129,128,random_erasing,random_erasing,0,"{""area_fraction"":0.071879,""erased"":true,""height"":0.248827,""left"":0.11625,""top"":0.659231,""width"":0.288872}",4.4220772,4.2970314,-0.12504578,0.012009263,0.013608901,0.019779239,0.018712644,-0.0077699758,-0.0051037427,0.0026662331,0.93395027,1.0593653,39.507379,41.852748,False,0.9883495,True,False,False,0.93395027,1.0593653,39.507379,41.852748,0.90341943,1.0705109,31.424796,33.640586,0.98833888,1.0398874,23.944001,24.899066,0.94155664,0.962015,7.7883234,7.492484,0.8517228,1.0716131,10.170467,10.898806,0.8806118,1.1469299,11.573191,13.273639,0.87438238,1.101668,13.077701,14.407284,0.92775076,1.0512944,22.769638,23.937594
init,init,-1,,11708,199.Winter_Wren/Winter_Wren_0051_189990.jpg,199,198,199.Winter_Wren,171,170,identity,identity,0,{},6.4722176,6.4722176,0,0.0015457936,0.0015457936,0.033804793,0.033804793,-0.032258999,-0.032258999,0,1,1,61.93542,61.93542,False,1,True,False,False,1,1,61.93542,61.93542,1,1,54.326327,54.326327,1,1,29.743006,29.743006,1,1,11.434799,11.434799,1,1,21.162526,21.162526,1,1,27.359892,27.359892,1,1,22.740313,22.740313,1,1,33.272468,33.272468
init,init,-1,,11708,199.Winter_Wren/Winter_Wren_0051_189990.jpg,199,198,199.Winter_Wren,171,170,horizontal_flip,horizontal_flip,0,"{""flipped"":true}",6.4722176,6.6766558,0.20443821,0.0015457936,0.0012599847,0.033804793,0.021206819,-0.032258999,-0.019946834,0.012312165,0.60017064,0.91653677,61.93542,56.76609,False,0.95612109,False,False,False,0.60017064,0.91653677,61.93542,56.76609,0.48869327,0.90655828,54.326327,49.249981,0.9559018,0.94906839,29.743006,28.228147,0.57860583,0.98487834,11.434799,11.261886,0.17176222,0.79216178,21.162526,16.764144,0.39001429,0.79483357,27.359892,21.746561,0.42410553,0.94796302,22.740313,21.556976,0.66954023,0.98773975,33.272468,32.864539
init,init,-1,,11708,199.Winter_Wren/Winter_Wren_0051_189990.jpg,199,198,199.Winter_Wren,171,170,color_jitter,color_jitter,0,"{""brightness"":0.954295,""contrast"":0.876032,""hue"":-0.037438,""saturation"":1.060713}",6.4722176,6.2841368,-0.18808079,0.0015457936,0.0018656669,0.033804793,0.026229227,-0.032258999,-0.02436356,0.0078954393,0.8313918,0.97059972,61.93542,60.114501,False,0.96604657,True,False,False,0.8313918,0.97059972,61.93542,60.114501,0.78953475,0.96107985,54.326327,52.211938,0.96591445,1.0017056,29.743006,29.793737,0.80200666,1.1812965,11.434799,13.507888,0.65551762,0.85466871,21.162526,18.086948,0.80520251,0.88635296,27.359892,24.250521,0.75484025,0.97094835,22.740313,22.07967,0.84661627,1.0151638,33.272468,33.777006
init,init,-1,,11708,199.Winter_Wren/Winter_Wren_0051_189990.jpg,199,198,199.Winter_Wren,171,170,rotation,rotation,0,"{""angle"":-13.473958}",6.4722176,6.4708986,-0.0013189316,0.0015457936,0.0015478338,0.033804793,0.020843606,-0.032258999,-0.019295773,0.012963227,0.63278818,0.99400988,61.93542,61.564419,False,0.93535745,False,False,False,0.63278818,0.99400988,61.93542,61.564419,0.54176939,0.99297023,54.326327,53.944425,0.93507923,0.99747052,29.743006,29.667772,0.24980861,0.91560978,11.434799,10.469814,0.44628782,0.97373698,21.162526,20.606734,0.53211751,0.90633521,27.359892,24.797234,0.43527718,1.0506617,22.740313,23.892375,0.6670902,1.0367836,33.272468,34.496349
init,init,-1,,11708,199.Winter_Wren/Winter_Wren_0051_189990.jpg,199,198,199.Winter_Wren,171,170,random_resized_crop,random_resized_crop,0,"{""area_fraction"":0.870972,""aspect"":0.871993,""fallback"":false,""height"":0.999414,""left"":0.02819,""top"":0.000371,""width"":0.871483}",6.4722176,6.4811902,0.0089726448,0.0015457936,0.0015319863,0.033804793,0.020643136,-0.032258999,-0.019111149,0.01314785,0.78145884,0.92206245,61.93542,57.108325,False,0.97038585,False,False,False,0.78145884,0.92206245,61.93542,57.108325,0.72081071,0.90427016,54.326327,49.125676,0.97019609,0.97908506,29.743006,29.120933,0.62373013,0.9377124,11.434799,10.722553,0.59374965,0.8157037,21.162526,17.26235,0.73925448,0.81665161,27.359892,22.3435,0.64675719,0.93038414,22.740313,21.157227,0.80303957,0.97551579,33.272468,32.457818
init,init,-1,,11708,199.Winter_Wren/Winter_Wren_0051_189990.jpg,199,198,199.Winter_Wren,171,170,gaussian_blur,gaussian_blur,0,"{""sigma"":1.902126}",6.4722176,6.51759,0.045372486,0.0015457936,0.0014772249,0.033804793,0.015652465,-0.032258999,-0.01417524,0.018083759,0.55711259,1.1111237,61.93542,68.817916,False,0.85031039,False,False,False,0.55711259,1.1111237,61.93542,68.817916,0.47994035,1.1390685,54.326327,61.881408,0.8498689,1.0123303,29.743006,30.109747,0.58967589,1.6624877,11.434799,19.010214,0.33612977,1.1222564,21.162526,23.749779,0.44208612,1.1207176,27.359892,30.662712,0.38352988,1.11227,22.740313,25.293368,0.59874037,1.0935649,33.272468,36.385602
init,init,-1,,11708,199.Winter_Wren/Winter_Wren_0051_189990.jpg,199,198,199.Winter_Wren,171,170,random_erasing,random_erasing,0,"{""area_fraction"":0.149216,""erased"":true,""height"":0.304911,""left"":0.156512,""top"":0.216249,""width"":0.489375}",6.4722176,6.3036947,-0.16852283,0.0015457936,0.0018295323,0.033804793,0.023791932,-0.032258999,-0.021962399,0.0102966,0.70584805,0.95503866,61.93542,59.15072,False,0.91424114,False,False,False,0.70584805,0.95503866,61.93542,59.15072,0.63751705,0.93025181,54.326327,50.537164,0.91398194,1.0334411,29.743006,30.737644,0.52882375,0.73679915,11.434799,8.4251503,0.54591983,0.82212771,21.162526,17.398299,0.70827867,0.95538262,27.359892,26.139166,0.54571238,0.91143575,22.740313,20.726334,0.67575701,0.98196426,33.272468,32.672374
init,init,-1,,515,010.Red_winged_Blackbird/Red_Winged_Blackbird_0046_4242.jpg,10,9,010.Red_winged_Blackbird,129,128,identity,identity,0,{},4.8051014,4.8051014,0,0.0081878724,0.0081878724,0.03999763,0.03999763,-0.031809757,-0.031809757,0,1,1,52.04283,52.04283,False,1,True,False,False,1,1,52.04283,52.04283,1,1,43.736637,43.736637,1,1,28.205722,28.205722,1,1,12.914475,12.914475,1,1,18.388097,18.388097,1,1,16.075053,16.075053,1,1,17.939422,17.939422,1,1,28.770774,28.770774
init,init,-1,,515,010.Red_winged_Blackbird/Red_Winged_Blackbird_0046_4242.jpg,10,9,010.Red_winged_Blackbird,129,128,horizontal_flip,horizontal_flip,0,"{""flipped"":true}",4.8051014,5.0767326,0.27163124,0.0081878724,0.0062402636,0.03999763,0.038917195,-0.031809757,-0.032676931,-0.00086717401,0.66911795,0.97294622,52.04283,50.634875,False,0.96556711,True,False,False,0.66911795,0.97294622,52.04283,50.634875,0.53999322,0.95875135,43.736637,41.93256,0.96547924,1.0062579,28.205722,28.38223,0.39351149,0.65292535,12.914475,8.4321879,0.48336587,0.74182806,18.388097,13.640807,0.42058163,0.96290055,16.075053,15.478678,0.42044722,1.0788533,17.939422,19.354005,0.67177205,1.0351662,28.770774,29.782532
init,init,-1,,515,010.Red_winged_Blackbird/Red_Winged_Blackbird_0046_4242.jpg,10,9,010.Red_winged_Blackbird,129,128,color_jitter,color_jitter,0,"{""brightness"":0.697069,""contrast"":0.759818,""hue"":0.043924,""saturation"":0.785219}",4.8051014,4.9018316,0.096730232,0.0081878724,0.0074329586,0.03999763,0.0510743,-0.031809757,-0.043641341,-0.011831584,0.82893052,1.0565808,52.04283,54.987453,False,0.97864437,True,False,False,0.82893052,1.0565808,52.04283,54.987453,0.76771236,1.0614482,43.736637,46.424174,0.97854805,1.0447844,28.205722,29.468899,0.75817928,1.1554683,12.914475,14.922266,0.69319981,1.1312772,18.388097,20.802036,0.64333328,1.0436678,16.075053,16.777015,0.71656186,1.0104334,17.939422,18.126591,0.86344762,1.036778,28.770774,29.828907
init,init,-1,,515,010.Red_winged_Blackbird/Red_Winged_Blackbird_0046_4242.jpg,10,9,010.Red_winged_Blackbird,129,128,rotation,rotation,0,"{""angle"":9.513422}",4.8051014,4.421124,-0.38397741,0.0081878724,0.012020714,0.03999763,0.030904155,-0.031809757,-0.018883442,0.012926316,0.67530711,1.0685942,52.04283,55.612666,False,0.94342673,True,False,False,0.67530711,1.0685942,52.04283,55.612666,0.57781408,1.1038153,43.736637,48.277168,0.94325317,0.97873277,28.205722,27.605864,0.73796328,1.1920239,12.914475,15.394363,0.48377606,1.0258428,18.388097,18.863297,0.44776204,1.3212039,16.075053,21.238423,0.44719761,1.0877237,17.939422,19.513135,0.68833984,1.0462187,28.770774,30.100523
init,init,-1,,515,010.Red_winged_Blackbird/Red_Winged_Blackbird_0046_4242.jpg,10,9,010.Red_winged_Blackbird,129,128,random_resized_crop,random_resized_crop,0,"{""area_fraction"":0.848832,""aspect"":0.882818,""fallback"":false,""height"":0.980563,""left"":0.089876,""top"":0.010859,""width"":0.865658}",4.8051014,4.6305695,-0.17453194,0.0081878724,0.009749203,0.03999763,0.052757032,-0.031809757,-0.043007829,-0.011198072,0.77987952,1.0801904,52.04283,56.216164,False,0.9763124,True,False,False,0.77987952,1.0801904,52.04283,56.216164,0.70219972,1.0945889,43.736637,47.873635,0.97617153,1.0447581,28.205722,29.468155,0.83189881,0.98959171,12.914475,12.780057,0.62535075,1.0715866,18.388097,19.704438,0.54195182,1.1692134,16.075053,18.795168,0.62832843,1.1127802,17.939422,19.962634,0.79335015,1.0928041,28.770774,31.440819
init,init,-1,,515,010.Red_winged_Blackbird/Red_Winged_Blackbird_0046_4242.jpg,10,9,010.Red_winged_Blackbird,129,128,gaussian_blur,gaussian_blur,0,"{""sigma"":1.475936}",4.8051014,4.56141,-0.24369144,0.0081878724,0.010447321,0.03999763,0.04137193,-0.031809757,-0.03092461,0.0008851476,0.6529413,1.0730662,52.04283,55.845404,False,0.92460895,True,False,False,0.6529413,1.0730662,52.04283,55.845404,0.55919148,1.1196078,43.736637,48.967882,0.92443329,0.95189043,28.205722,26.848756,0.44897091,0.86528815,12.914475,11.174742,0.45507573,1.1087629,18.388097,20.388039,0.46829898,1.4144423,16.075053,22.737236,0.5182222,1.2447282,17.939422,22.329704,0.69900222,1.008392,28.770774,29.012219
init,init,-1,,515,010.Red_winged_Blackbird/Red_Winged_Blackbird_0046_4242.jpg,10,9,010.Red_winged_Blackbird,129,128,random_erasing,random_erasing,0,"{""area_fraction"":0.184621,""erased"":true,""height"":0.27494,""left"":0.022839,""top"":0.346072,""width"":0.671495}",4.8051014,5.0151386,0.21003723,0.0081878724,0.0066367141,0.03999763,0.047551181,-0.031809757,-0.040914467,-0.0091047096,0.70728744,1.1749528,52.04283,61.147866,False,0.92769074,True,False,False,0.70728744,1.1749528,52.04283,61.147866,0.62363381,1.202229,43.736637,52.581454,0.92756331,1.10662,28.205722,31.213015,0.73482055,0.96321883,12.914475,12.439465,0.53953833,1.0927566,18.388097,20.093714,0.5469577,1.4424912,16.075053,23.188123,0.5901443,1.2265462,17.939422,22.003529,0.68671189,1.1962171,28.770774,34.41609
init,init,-1,,3542,061.Heermann_Gull/Heermann_Gull_0079_45468.jpg,61,60,061.Heermann_Gull,8,7,identity,identity,0,{},5.2468567,5.2468567,0,0.0052640401,0.0052640401,0.020473024,0.020473024,-0.015208984,-0.015208984,0,1,1,38.659551,38.659551,False,1.0000001,True,False,False,1,1,38.659551,38.659551,1,1,32.44695,32.44695,1,1,21.018,21.018,1,1,6.6320935,6.6320935,1,1,10.899349,10.899349,1,1,12.378891,12.378891,1,1,13.580017,13.580017,1,1,23.502559,23.502559
init,init,-1,,3542,061.Heermann_Gull/Heermann_Gull_0079_45468.jpg,61,60,061.Heermann_Gull,8,7,horizontal_flip,horizontal_flip,0,"{""flipped"":true}",5.2468567,5.3511381,0.10428143,0.0052640401,0.0047427514,0.020473024,0.020600531,-0.015208984,-0.01585778,-0.00064879609,0.68062089,1.1103489,38.659551,42.925589,False,0.9537248,True,False,False,0.68062089,1.1103489,38.659551,42.925589,0.56759395,1.1147885,32.44695,36.171487,0.95373112,1.099696,21.018,23.11341,0.28914226,1.6635928,6.6320935,11.033103,0.43608929,1.0959134,10.899349,11.944743,0.57387956,1.1492156,12.378891,14.226015,0.51292324,1.1357396,13.580017,15.423363,0.65758271,1.0454403,23.502559,24.570523
init,init,-1,,3542,061.Heermann_Gull/Heermann_Gull_0079_45468.jpg,61,60,061.Heermann_Gull,8,7,color_jitter,color_jitter,0,"{""brightness"":0.901015,""contrast"":1.008505,""hue"":0.021131,""saturation"":0.764685}",5.2468567,5.2632036,0.016346931,0.0052640401,0.0051786872,0.020473024,0.022464115,-0.015208984,-0.017285428,-0.0020764442,0.93174493,1.0211651,38.659551,39.477785,False,0.99459779,True,False,False,0.93174493,1.0211651,38.659551,39.477785,0.90660152,1.0328209,32.44695,33.511887,0.99459823,0.99283532,21.018,20.867412,0.90116284,1.149142,6.6320935,7.6212169,0.82213869,1.0175805,10.899349,11.090965,0.87387097,1.0575733,12.378891,13.091585,0.88517604,1.0534404,13.580017,14.305739,0.94309591,1.0121822,23.502559,23.788871
init,init,-1,,3542,061.Heermann_Gull/Heermann_Gull_0079_45468.jpg,61,60,061.Heermann_Gull,8,7,rotation,rotation,0,"{""angle"":-4.230178}",5.2468567,4.8152285,-0.43162823,0.0052640401,0.008105373,0.020473024,0.0182804,-0.015208984,-0.010175027,0.0050339568,0.75871461,1.1089651,38.659551,42.872094,False,0.95318091,True,False,False,0.75871461,1.1089651,38.659551,42.872094,0.67360454,1.0938433,32.44695,35.491878,0.95315846,1.1441985,21.018,24.048764,0.42818489,1.2530945,6.6320935,8.3106396,0.49872503,0.97823457,10.899349,10.66212,0.69083893,1.1138064,12.378891,13.787689,0.58083805,1.0295273,13.580017,13.980999,0.75404959,1.1187578,23.502559,26.293672
init,init,-1,,3542,061.Heermann_Gull/Heermann_Gull_0079_45468.jpg,61,60,061.Heermann_Gull,8,7,random_resized_crop,random_resized_crop,0,"{""area_fraction"":0.815719,""aspect"":1.156602,""fallback"":false,""height"":0.839805,""left"":0.00972,""top"":0.061139,""width"":0.97132}",5.2468567,5.3780832,0.13122654,0.0052640401,0.0046166615,0.020473024,0.023126055,-0.015208984,-0.018509393,-0.0033004093,0.75729872,1.1146273,38.659551,43.090991,False,0.96438015,True,False,False,0.75729872,1.1146273,38.659551,43.090991,0.67753546,1.1391114,32.44695,36.960691,0.96439124,1.0539857,21.018,22.152671,0.46612066,1.6950588,6.6320935,11.241789,0.60176719,1.1791555,10.899349,12.852028,0.71742985,1.1831523,12.378891,14.646114,0.58835622,1.148949,13.580017,15.602747,0.75182046,1.0565295,23.502559,24.831147
init,init,-1,,3542,061.Heermann_Gull/Heermann_Gull_0079_45468.jpg,61,60,061.Heermann_Gull,8,7,gaussian_blur,gaussian_blur,0,"{""sigma"":1.797587}",5.2468567,4.7354088,-0.51144791,0.0052640401,0.0087788589,0.020473024,0.014389179,-0.015208984,-0.0056103198,0.009598664,0.62977951,1.3785414,38.659551,53.293792,False,0.86701608,False,False,False,0.62977951,1.3785414,38.659551,53.293792,0.54776961,1.4399756,32.44695,46.722816,0.86693002,1.2197186,21.018,25.636044,0.47898492,1.6088989,6.6320935,10.670368,0.45758203,1.5256315,10.899349,16.62839,0.59245737,1.8320783,12.378891,22.679099,0.4686331,1.4885981,13.580017,20.215189,0.60398816,1.2547612,23.502559,29.4901
init,init,-1,,3542,061.Heermann_Gull/Heermann_Gull_0079_45468.jpg,61,60,061.Heermann_Gull,8,7,random_erasing,random_erasing,0,"{""area_fraction"":0.089768,""erased"":true,""height"":0.465451,""left"":0.213843,""top"":0.196349,""width"":0.192862}",5.2468567,4.943367,-0.30348969,0.0052640401,0.0071305493,0.020473024,0.025516905,-0.015208984,-0.018386356,-0.0031773718,0.74351876,1.0885569,38.659551,42.083121,False,0.93603945,True,False,False,0.74351876,1.0885569,38.659551,42.083121,0.66382844,1.0928173,32.44695,35.458589,0.93603607,1.0783355,21.018,22.664455,0.75054429,0.95768685,6.6320935,6.3514688,0.66209648,1.0616014,10.899349,11.570765,0.65811635,1.0839736,12.378891,13.418392,0.56495119,1.1204181,13.580017,15.215297,0.69385315,1.1025983,23.502559,25.913882
init,init,-1,,11652,198.Rock_Wren/Rock_Wren_0063_189121.jpg,198,197,198.Rock_Wren,129,128,identity,identity,0,{},5.9359775,5.9359775,0,0.0026426385,0.0026426385,0.018629184,0.018629184,-0.015986545,-0.015986545,0,1,1,49.802999,49.802999,False,1.0000001,True,False,False,1,1,49.802999,49.802999,1,1,43.206033,43.206033,1,1,24.770494,24.770494,1,1,6.9881457,6.9881457,1,1,17.050403,17.050403,1,1,20.142126,20.142126,1,1,17.323374,17.323374,1,1,28.660189,28.660189
init,init,-1,,11652,198.Rock_Wren/Rock_Wren_0063_189121.jpg,198,197,198.Rock_Wren,129,128,horizontal_flip,horizontal_flip,0,"{""flipped"":true}",5.9359775,6.088407,0.15242958,0.0026426385,0.0022690205,0.018629184,0.020475047,-0.015986545,-0.018206026,-0.0022194807,0.67498558,0.92029682,49.802999,45.833542,False,0.96401268,True,False,False,0.67498558,0.92029682,49.802999,45.833542,0.56979826,0.89274629,43.206033,38.572026,0.96398759,0.99945791,24.770494,24.757067,-0.065349284,0.92322898,6.9881457,6.4516586,0.3541312,0.82451997,17.050403,14.058398,0.63133072,0.83029574,20.142126,16.723921,0.49941011,0.80957408,17.323374,14.024554,0.67008077,0.96956051,28.660189,27.787787
init,init,-1,,11652,198.Rock_Wren/Rock_Wren_0063_189121.jpg,198,197,198.Rock_Wren,129,128,color_jitter,color_jitter,0,"{""brightness"":1.38571,""contrast"":1.221433,""hue"":-0.075618,""saturation"":1.001625}",5.9359775,5.8532467,-0.08273077,0.0026426385,0.0028705648,0.018629184,0.016125327,-0.015986545,-0.013254762,0.0027317833,0.66990597,0.92493175,49.802999,46.064375,False,0.87965137,True,False,False,0.66990597,0.92493175,49.802999,46.064375,0.59426766,0.8989568,43.206033,38.840358,0.87958969,0.99981736,24.770494,24.76597,0.62718348,1.7987797,6.9881457,12.570135,0.36112898,0.75375487,17.050403,12.851824,0.63543109,0.77940828,20.142126,15.698939,0.52181947,0.86609931,17.323374,15.003762,0.68755038,0.93221735,28.660189,26.717525
init,init,-1,,11652,198.Rock_Wren/Rock_Wren_0063_189121.jpg,198,197,198.Rock_Wren,129,128,rotation,rotation,0,"{""angle"":-0.004473}",5.9359775,5.9380927,0.0021152496,0.0026426385,0.0026370543,0.018629184,0.01827962,-0.015986545,-0.015642565,0.00034398027,0.98838116,1.0070298,49.802999,50.153102,False,0.9997865,True,False,False,0.98838116,1.0070298,49.802999,50.153102,0.98471847,1.0108276,43.206033,43.673852,0.99978596,0.995386,24.770494,24.656203,0.98273121,1.0912109,6.9881457,7.6255406,0.98150212,1.0245892,17.050403,17.469658,0.98321408,1.0200299,20.142126,20.54557,0.97740007,1.0011085,17.323374,17.342577,0.98976457,0.99986345,28.660189,28.656275
init,init,-1,,11652,198.Rock_Wren/Rock_Wren_0063_189121.jpg,198,197,198.Rock_Wren,129,128,random_resized_crop,random_resized_crop,0,"{""area_fraction"":0.604187,""aspect"":0.757093,""fallback"":false,""height"":0.893328,""left"":0.29539,""top"":0.080307,""width"":0.676332}",5.9359775,6.238822,0.30284452,0.0026426385,0.0019521534,0.018629184,0.026916618,-0.015986545,-0.024964464,-0.0089779187,0.7530646,1.0485181,49.802999,52.219345,False,0.95425189,True,False,False,0.7530646,1.0485181,49.802999,52.219345,0.68867053,1.0549897,43.206033,45.581922,0.95419246,1.0285782,24.770494,25.478391,0.75367974,1.715711,6.9881457,11.989638,0.61973131,1.0640363,17.050403,18.142248,0.68123062,1.0018166,20.142126,20.178715,0.607208,1.0271099,17.323374,17.793008,0.74924192,1.0356681,28.660189,29.682442
init,init,-1,,11652,198.Rock_Wren/Rock_Wren_0063_189121.jpg,198,197,198.Rock_Wren,129,128,gaussian_blur,gaussian_blur,0,"{""sigma"":1.470657}",5.9359775,5.8387818,-0.097195625,0.0026426385,0.0029123877,0.018629184,0.019769168,-0.015986545,-0.01685678,-0.00087023433,0.70910985,1.1136216,49.802999,55.461694,False,0.94505787,False,False,False,0.70910985,1.1136216,49.802999,55.461694,0.63382227,1.121306,43.206033,48.447186,0.94498158,1.0899091,24.770494,26.997587,0.55400006,1.4191411,6.9881457,9.9171647,0.48109256,1.0446479,17.050403,17.811667,0.58793774,1.15366,20.142126,23.237164,0.5829268,1.1825851,17.323374,20.486364,0.73887393,1.0877384,28.660189,31.174786
init,init,-1,,11652,198.Rock_Wren/Rock_Wren_0063_189121.jpg,198,197,198.Rock_Wren,129,128,random_erasing,random_erasing,0,"{""area_fraction"":0.076819,""erased"":true,""height"":0.330699,""left"":0.02628,""top"":0.225648,""width"":0.232294}",5.9359775,6.0310869,0.095109463,0.0026426385,0.0024028814,0.018629184,0.018402154,-0.015986545,-0.015999272,-1.2726756e-05,0.91165625,1.0492558,49.802999,52.256086,False,0.97941172,False,False,False,0.91165625,1.0492558,49.802999,52.256086,0.88952892,1.0507705,43.206033,45.399626,0.97938417,1.0446339,24.770494,25.876099,0.9064088,1.2273254,6.9881457,8.5767289,0.89436584,1.0621328,17.050403,18.109792,0.88403562,1.0245484,20.142126,20.636583,0.86471877,1.0587718,17.323374,18.341499,0.89938125,1.0451897,28.660189,29.955335
init,init,-1,,4289,074.Florida_Jay/Florida_Jay_0092_64924.jpg,74,73,074.Florida_Jay,129,128,identity,identity,0,{},5.9251671,5.9251671,0,0.0026713612,0.0026713612,0.029900985,0.029900985,-0.027229624,-0.027229624,0,1,1,54.65251,54.65251,False,1,True,False,False,1,1,54.65251,54.65251,1,1,46.763505,46.763505,1,1,28.285535,28.285535,1,1,9.0507207,9.0507207,1,1,18.207564,18.207564,1,1,19.366671,19.366671,1,1,21.277685,21.277685,1,1,30.750392,30.750392
init,init,-1,,4289,074.Florida_Jay/Florida_Jay_0092_64924.jpg,74,73,074.Florida_Jay,129,128,horizontal_flip,horizontal_flip,0,"{""flipped"":true}",5.9251671,5.4748764,-0.45029068,0.0026713612,0.0041907448,0.029900985,0.033161309,-0.027229624,-0.028970564,-0.0017409401,0.60319562,1.0107835,54.65251,55.241855,False,0.95448577,True,False,False,0.60319562,1.0107835,54.65251,55.241855,0.48436712,1.0300723,46.763505,48.169791,0.95437622,0.95607818,28.285535,27.043183,-0.38513758,1.6041791,9.0507207,14.518977,0.31705189,1.135716,18.207564,20.678621,0.50738749,1.0115833,19.366671,19.591,0.49117175,1.0092348,21.277685,21.474181,0.68049069,0.94081792,30.750392,28.93052
init,init,-1,,4289,074.Florida_Jay/Florida_Jay_0092_64924.jpg,74,73,074.Florida_Jay,129,128,color_jitter,color_jitter,0,"{""brightness"":1.071455,""contrast"":1.188049,""hue"":-0.06786,""saturation"":0.755207}",5.9251671,5.7731733,-0.15199375,0.0026713612,0.0031098733,0.029900985,0.028896593,-0.027229624,-0.025786719,0.0014429044,0.88644489,0.95163059,54.65251,52.009,False,0.97988671,True,False,False,0.88644489,0.95163059,54.65251,52.009,0.85167708,0.9468254,46.763505,44.276874,0.97983231,0.96464244,28.285535,27.285427,0.74515133,1.0188558,9.0507207,9.2213794,0.83639032,0.89137249,18.207564,16.229722,0.84383259,0.95219513,19.366671,18.44085,0.81777047,0.95914589,21.277685,20.408404,0.88684182,0.95113703,30.750392,29.247837
init,init,-1,,4289,074.Florida_Jay/Florida_Jay_0092_64924.jpg,74,73,074.Florida_Jay,129,128,rotation,rotation,0,"{""angle"":-10.623782}",5.9251671,6.0097837,0.084616661,0.0026713612,0.0024546182,0.029900985,0.025420066,-0.027229624,-0.022965448,0.0042641759,0.57015721,1.0072964,54.65251,55.051276,False,0.90792263,False,False,False,0.57015721,1.0072964,54.65251,55.051276,0.43626455,0.98300638,46.763505,45.968824,0.90758854,1.0708806,28.285535,30.290431,0.28332272,1.668659,9.0507207,15.102566,0.17021441,0.88426101,18.207564,16.100239,0.35341848,0.86001816,19.366671,16.655689,0.39330267,0.93052369,21.277685,19.79939,0.59886146,1.0057014,30.750392,30.925713
init,init,-1,,4289,074.Florida_Jay/Florida_Jay_0092_64924.jpg,74,73,074.Florida_Jay,129,128,random_resized_crop,random_resized_crop,0,"{""area_fraction"":0.730329,""aspect"":1.30093,""fallback"":false,""height"":0.749259,""left"":0.018677,""top"":0.169334,""width"":0.974734}",5.9251671,5.6865406,-0.23862648,0.0026713612,0.0033913036,0.029900985,0.039996259,-0.027229624,-0.036604955,-0.0093753317,0.74781633,0.91556909,54.65251,50.038149,False,0.96700448,True,False,False,0.74781633,0.91556909,54.65251,50.038149,0.66187346,0.89575654,46.763505,41.888715,0.96686672,0.96765501,28.285535,27.370639,0.52640162,1.1165457,9.0507207,10.105543,0.57011526,0.92269491,18.207564,16.800027,0.6215786,0.8500954,19.366671,16.463518,0.58245432,0.83170911,21.277685,17.696845,0.7614383,0.91176216,30.750392,28.037044
init,init,-1,,4289,074.Florida_Jay/Florida_Jay_0092_64924.jpg,74,73,074.Florida_Jay,129,128,gaussian_blur,gaussian_blur,0,"{""sigma"":1.59884}",5.9251671,5.770031,-0.15513611,0.0026713612,0.0031196617,0.029900985,0.022768859,-0.027229624,-0.019649197,0.0075804265,0.6389842,0.99077549,54.65251,54.148368,False,0.91666746,True,False,False,0.6389842,0.99077549,54.65251,54.148368,0.53618844,0.98737484,46.763505,46.173108,0.91644178,1.0000115,28.285535,28.285859,0.026963658,0.7337657,9.0507207,6.6411083,0.465859,1.0466508,18.207564,19.056962,0.46778527,1.0160345,19.366671,19.677206,0.51764623,0.96127737,21.277685,20.453757,0.63386704,0.985914,30.750392,30.317242
init,init,-1,,4289,074.Florida_Jay/Florida_Jay_0092_64924.jpg,74,73,074.Florida_Jay,129,128,random_erasing,random_erasing,0,"{""area_fraction"":0.139348,""erased"":true,""height"":0.350658,""left"":0.456862,""top"":0.263532,""width"":0.39739}",5.9251671,5.7255192,-0.1996479,0.0026713612,0.0032616595,0.029900985,0.037424572,-0.027229624,-0.034162912,-0.0069332886,0.84477074,1.0397402,54.65251,56.824409,False,0.96261394,True,False,False,0.84477074,1.0397402,54.65251,56.824409,0.79889787,1.0164506,46.763505,47.532791,0.96246455,1.1008864,28.285535,31.139159,0.78806799,1.1570956,9.0507207,10.472549,0.77950264,0.96545608,18.207564,17.578603,0.78034005,0.92704568,19.366671,17.953789,0.79173099,1.0306286,21.277685,21.92939,0.81866411,1.0474481,30.750392,32.209439
init,init,-1,,4332,075.Green_Jay/Green_Jay_0075_65701.jpg,75,74,075.Green_Jay,183,182,identity,identity,0,{},5.4414992,5.4414992,0,0.0043329829,0.0043329829,0.02681675,0.02681675,-0.022483767,-0.022483767,0,1,1,52.194458,52.194458,False,1,True,False,False,1,1,52.194458,52.194458,1,1,43.373751,43.373751,1,1,29.034104,29.034104,1,1,8.1204144,8.1204144,1,1,15.929261,15.929261,1,1,18.927058,18.927058,1,1,19.86456,19.86456,1,1,28.438803,28.438803
init,init,-1,,4332,075.Green_Jay/Green_Jay_0075_65701.jpg,75,74,075.Green_Jay,183,182,horizontal_flip,horizontal_flip,0,"{""flipped"":true}",5.4414992,5.4968963,0.055397034,0.0043329829,0.0040994757,0.02681675,0.027195752,-0.022483767,-0.023096276,-0.00061250897,0.64281783,0.99921378,52.194458,52.153422,False,0.96531361,False,False,False,0.64281783,0.99921378,52.194458,52.153422,0.49198205,0.98510633,43.373751,42.727757,0.96520148,1.0300009,29.034104,29.905153,0.68120346,0.99256152,8.1204144,8.0600109,0.22419185,0.93641218,15.929261,14.916354,0.23560567,0.97286512,18.927058,18.413475,0.39956034,0.95294892,19.86456,18.929911,0.70523592,1.0196136,28.438803,28.99659
init,init,-1,,4332,075.Green_Jay/Green_Jay_0075_65701.jpg,75,74,075.Green_Jay,183,182,color_jitter,color_jitter,0,"{""brightness"":0.894317,""contrast"":0.849661,""hue"":-0.094086,""saturation"":0.921917}",5.4414992,4.98382,-0.45767927,0.0043329829,0.0068478538,0.02681675,0.015545387,-0.022483767,-0.008697533,0.013786234,0.74789628,1.0341518,52.194458,53.976993,False,0.92863846,False,False,False,0.74789628,1.0341518,52.194458,53.976993,0.67355359,1.0573681,43.373751,45.862021,0.92835096,0.98035919,29.034104,28.46385,0.8033337,1.2531625,8.1204144,10.176199,0.61156321,1.0131359,15.929261,16.138505,0.62424428,1.1778427,18.927058,22.293097,0.61338453,1.0330239,19.86456,20.520566,0.73965823,1.0076842,28.438803,28.657334
init,init,-1,,4332,075.Green_Jay/Green_Jay_0075_65701.jpg,75,74,075.Green_Jay,183,182,rotation,rotation,0,"{""angle"":6.457788}",5.4414992,5.1924157,-0.24908352,0.0043329829,0.0055585625,0.02681675,0.031350631,-0.022483767,-0.025792069,-0.0033083018,0.76466088,1.0061836,52.194458,52.517208,False,0.96162605,True,False,False,0.76466088,1.0061836,52.194458,52.517208,0.67677027,1.0072248,43.373751,43.687117,0.96146811,1.0038561,29.034104,29.146062,0.69881192,0.960063,8.1204144,7.7961094,0.51402158,0.93665605,15.929261,14.920239,0.60249381,1.0244113,18.927058,19.389092,0.62790158,0.99436619,19.86456,19.752647,0.77802282,1.0306289,28.438803,29.309851
init,init,-1,,4332,075.Green_Jay/Green_Jay_0075_65701.jpg,75,74,075.Green_Jay,183,182,random_resized_crop,random_resized_crop,0,"{""area_fraction"":0.875714,""aspect"":0.963583,""fallback"":false,""height"":0.953315,""left"":0.060685,""top"":0.031301,""width"":0.918599}",5.4414992,5.2576051,-0.18389416,0.0043329829,0.0052077617,0.02681675,0.028675798,-0.022483767,-0.023468037,-0.00098426966,0.78876233,1.0145876,52.194458,52.955849,False,0.97363609,True,False,False,0.78876233,1.0145876,52.194458,52.955849,0.71228037,1.0362379,43.373751,44.945524,0.97357105,0.96451956,29.034104,28.003961,0.76401796,1.32443,8.1204144,10.75492,0.60368027,1.1415849,15.929261,18.184603,0.62106137,1.0450844,18.927058,19.780374,0.63399464,0.99001403,19.86456,19.666193,0.83116184,0.99190815,28.438803,28.208681
init,init,-1,,4332,075.Green_Jay/Green_Jay_0075_65701.jpg,75,74,075.Green_Jay,183,182,gaussian_blur,gaussian_blur,0,"{""sigma"":1.001463}",5.4414992,5.4785204,0.03702116,0.0043329829,0.0041755047,0.02681675,0.042294085,-0.022483767,-0.03811858,-0.015634813,0.7915532,1.0014533,52.194458,52.270313,False,0.9622227,True,False,False,0.7915532,1.0014533,52.194458,52.270313,0.71255658,0.9901811,43.373751,42.947869,0.96201306,1.0261631,29.034104,29.793727,0.71766906,0.87335718,8.1204144,7.0920222,0.65009336,0.92277134,15.929261,14.699065,0.57846702,0.94449321,18.927058,17.876478,0.68577914,1.027987,19.86456,20.420511,0.7998679,1.0200938,28.438803,29.010246
init,init,-1,,4332,075.Green_Jay/Green_Jay_0075_65701.jpg,75,74,075.Green_Jay,183,182,random_erasing,random_erasing,0,"{""area_fraction"":0.106652,""erased"":true,""height"":0.228926,""left"":0.058844,""top"":0.013868,""width"":0.46588}",5.4414992,5.2398257,-0.20167351,0.0043329829,0.0053011808,0.02681675,0.02402666,-0.022483767,-0.018725479,0.0037582875,0.8709904,1.0222655,52.194458,53.356595,False,0.95877653,False,False,False,0.8709904,1.0222655,52.194458,53.356595,0.83335801,1.0341311,43.373751,44.854144,0.95869993,0.99527511,29.034104,28.896921,0.84733347,0.96992837,8.1204144,7.8762204,0.83781279,1.1264114,15.929261,17.942901,0.83600096,1.0562858,18.927058,19.992382,0.80359999,0.99830242,19.86456,19.830839,0.84542599,1.0160615,28.438803,28.895574
init,init,-1,,4183,072.Pomarine_Jaeger/Pomarine_Jaeger_0039_61348.jpg,72,71,072.Pomarine_Jaeger,171,170,identity,identity,0,{},5.6115851,5.6115851,0,0.0036552704,0.0036552704,0.024875728,0.024875728,-0.021220458,-0.021220458,0,1,1,65.270937,65.270937,False,0.99999994,True,False,False,1,1,65.270937,65.270937,1,1,57.219726,57.219726,1,1,31.403792,31.403792,1,1,10.560012,10.560012,1,1,22.408738,22.408738,1,1,25.819545,25.819545,1,1,24.918744,24.918744,1,1,37.051842,37.051842
init,init,-1,,4183,072.Pomarine_Jaeger/Pomarine_Jaeger_0039_61348.jpg,72,71,072.Pomarine_Jaeger,171,170,horizontal_flip,horizontal_flip,0,"{""flipped"":true}",5.6115851,5.1820908,-0.42949438,0.0036552704,0.0056162523,0.024875728,0.023325596,-0.021220458,-0.017709344,0.0035111143,0.61550873,1.0204963,65.270937,66.608749,False,0.94891149,False,False,False,0.61550873,1.0204963,65.270937,66.608749,0.51600413,1.0225358,57.219726,58.50922,0.94875458,1.0136957,31.403792,31.833891,0.15447939,1.4586476,10.560012,15.403336,0.33302415,0.8962921,22.408738,20.084775,0.51040958,0.96613443,25.819545,24.945151,0.46665771,1.0578544,24.918744,26.360402,0.64665421,1.0332098,37.051842,38.282326
init,init,-1,,4183,072.Pomarine_Jaeger/Pomarine_Jaeger_0039_61348.jpg,72,71,072.Pomarine_Jaeger,171,170,color_jitter,color_jitter,0,"{""brightness"":1.164731,""contrast"":1.196514,""hue"":0.025807,""saturation"":1.261414}",5.6115851,5.6747427,0.063157558,0.0036552704,0.0034315519,0.024875728,0.024513859,-0.021220458,-0.021082307,0.00013815053,0.83899961,1.0413126,65.270937,67.967447,False,0.97559327,True,False,False,0.83899961,1.0413126,65.270937,67.967447,0.79813013,1.0427576,57.219726,59.666307,0.97551373,1.0365005,31.403792,32.550048,0.57597865,1.1920966,10.560012,12.588555,0.70158045,1.0692066,22.408738,23.959571,0.73729796,0.92812327,25.819545,23.96372,0.80526101,1.0462907,24.918744,26.072249,0.87924881,1.0705955,37.051842,39.667536
init,init,-1,,4183,072.Pomarine_Jaeger/Pomarine_Jaeger_0039_61348.jpg,72,71,072.Pomarine_Jaeger,171,170,rotation,rotation,0,"{""angle"":4.005578}",5.6115851,5.9982166,0.38663149,0.0036552704,0.0024831775,0.024875728,0.026904618,-0.021220458,-0.024421441,-0.0032009829,0.73447435,1.0579168,65.270937,69.051219,False,0.93909264,False,False,False,0.73447435,1.0579168,65.270937,69.051219,0.66970566,1.0437577,57.219726,59.723532,0.93870373,1.1036218,31.403792,34.657908,0.67504855,1.531004,10.560012,16.16742,0.61882318,1.0676006,22.408738,23.923582,0.62330248,0.9937869,25.819545,25.659125,0.59103491,1.0052749,24.918744,25.050187,0.75182841,1.0267522,37.051842,38.043061
init,init,-1,,4183,072.Pomarine_Jaeger/Pomarine_Jaeger_0039_61348.jpg,72,71,072.Pomarine_Jaeger,171,170,random_resized_crop,random_resized_crop,0,"{""area_fraction"":0.521982,""aspect"":1.01696,""fallback"":false,""height"":0.716433,""left"":0.033465,""top"":0.092924,""width"":0.728584}",5.6115851,5.5115175,-0.10006762,0.0036552704,0.0040399716,0.024875728,0.018528044,-0.021220458,-0.014488073,0.0067323854,0.68869604,1.0700691,65.270937,69.844415,False,0.93144691,False,False,False,0.68869604,1.0700691,65.270937,69.844415,0.62369473,1.0942287,57.219726,62.611468,0.93123465,0.98562381,31.403792,30.952326,0.63289866,1.3650374,10.560012,14.414811,0.64420056,1.1914895,22.408738,26.699776,0.64079257,1.2160929,25.819545,31.398964,0.50382114,1.0998274,24.918744,27.406317,0.67534737,0.95898326,37.051842,35.532097
init,init,-1,,4183,072.Pomarine_Jaeger/Pomarine_Jaeger_0039_61348.jpg,72,71,072.Pomarine_Jaeger,171,170,gaussian_blur,gaussian_blur,0,"{""sigma"":1.726714}",5.6115851,5.3093252,-0.30225992,0.0036552704,0.0049452619,0.024875728,0.0096489973,-0.021220458,-0.0047037355,0.016516723,0.53033675,1.1164845,65.270937,72.873993,False,0.81787485,False,False,False,0.53033675,1.1164845,65.270937,72.873993,0.46823512,1.1751899,57.219726,67.244045,0.81738386,0.89436973,31.403792,28.086601,0.42427096,1.3790889,10.560012,14.563195,0.36079607,1.3139134,22.408738,29.443142,0.49391941,1.369782,25.819545,35.367147,0.44987009,1.176664,24.918744,29.320988,0.53136304,0.98509549,37.051842,36.499603
init,init,-1,,4183,072.Pomarine_Jaeger/Pomarine_Jaeger_0039_61348.jpg,72,71,072.Pomarine_Jaeger,171,170,random_erasing,random_erasing,0,"{""area_fraction"":0.145536,""erased"":true,""height"":0.57801,""left"":0.162684,""top"":0.069911,""width"":0.251787}",5.6115851,5.6057568,-0.0058283806,0.0036552704,0.0036766371,0.024875728,0.023038765,-0.021220458,-0.019362128,0.0018583296,0.75144196,1.020467,65.270937,66.606836,False,0.91471732,False,False,False,0.75144196,1.020467,65.270937,66.606836,0.70610488,1.036392,57.219726,59.302066,0.91443673,0.96571595,31.403792,30.327143,0.62320725,0.96972989,10.560012,10.240359,0.74598279,1.0587638,22.408738,23.72556,0.66169884,1.0148362,25.819545,26.202609,0.66829748,1.0181262,24.918744,25.370425,0.73536406,1.0517944,37.051842,38.97092
init,init,-1,,5357,092.Nighthawk/Nighthawk_0034_82578.jpg,92,91,092.Nighthawk,8,7,identity,identity,0,{},5.1254635,5.1254635,0,0.0059434599,0.0059434599,0.050232705,0.050232705,-0.044289245,-0.044289245,0,1,1,63.792963,63.792963,False,0.99999994,True,False,False,1,1,63.792963,63.792963,1,1,56.245006,56.245006,1,1,30.100522,30.100522,1,1,7.478666,7.478666,1,1,20.434266,20.434266,1,1,27.87453,27.87453,1,1,25.871575,25.871575,1,1,35.265893,35.265893
init,init,-1,,5357,092.Nighthawk/Nighthawk_0034_82578.jpg,92,91,092.Nighthawk,8,7,horizontal_flip,horizontal_flip,0,"{""flipped"":true}",5.1254635,5.4876957,0.36223221,0.0059434599,0.0041373661,0.050232705,0.038580317,-0.044289245,-0.034442951,0.0098462938,0.71239722,1.0178691,63.792963,64.932888,False,0.95583624,True,False,False,0.71239722,1.0178691,63.792963,64.932888,0.63976273,1.0076112,56.245006,56.673098,0.95562611,1.052902,30.100522,31.6929,0.36770302,0.95860383,7.478666,7.1690778,0.47959545,0.92218179,20.434266,18.844108,0.61475611,0.98647999,27.87453,27.497666,0.56900195,0.98963173,25.871575,25.603331,0.74953086,1.0585917,35.265893,37.332182
init,init,-1,,5357,092.Nighthawk/Nighthawk_0034_82578.jpg,92,91,092.Nighthawk,8,7,color_jitter,color_jitter,0,"{""brightness"":0.609393,""contrast"":1.068935,""hue"":-0.097521,""saturation"":0.837828}",5.1254635,5.2070394,0.081575871,0.0059434599,0.0054778671,0.050232705,0.031820953,-0.044289245,-0.026343086,0.017946159,0.74241673,0.94959942,63.792963,60.57776,False,0.9245404,True,False,False,0.74241673,0.94959942,63.792963,60.57776,0.68767374,0.93759366,56.245006,52.734961,0.92422321,0.99037774,30.100522,29.810887,0.5919424,1.2215103,7.478666,9.1352672,0.57200637,0.92568789,20.434266,18.915752,0.71929066,0.94177279,27.87453,26.251474,0.64963012,0.92685425,25.871575,23.979179,0.73388756,0.92996316,35.265893,32.795981
init,init,-1,,5357,092.Nighthawk/Nighthawk_0034_82578.jpg,92,91,092.Nighthawk,8,7,rotation,rotation,0,"{""angle"":6.119156}",5.1254635,5.1571012,0.031637669,0.0059434599,0.0057583684,0.050232705,0.032904733,-0.044289245,-0.027146365,0.01714288,0.73134996,0.90386393,63.792963,57.660158,False,0.92079496,True,False,False,0.73134996,0.90386393,63.792963,57.660158,0.67805891,0.9070908,56.245006,51.019327,0.92053469,0.89250563,30.100522,26.864886,0.7050802,0.83224911,7.478666,6.2241131,0.6288812,0.90054324,20.434266,18.40194,0.67588152,0.9288197,27.87453,25.890413,0.61757502,0.8790718,25.871575,22.742972,0.72635177,0.91359373,35.265893,32.218699
init,init,-1,,5357,092.Nighthawk/Nighthawk_0034_82578.jpg,92,91,092.Nighthawk,8,7,random_resized_crop,random_resized_crop,0,"{""area_fraction"":0.677633,""aspect"":1.295466,""fallback"":false,""height"":0.723243,""left"":0.035229,""top"":0.079053,""width"":0.936937}",5.1254635,5.3767953,0.25133181,0.0059434599,0.0046226117,0.050232705,0.033649515,-0.044289245,-0.029026904,0.015262341,0.72705124,0.89052751,63.792963,56.809388,False,0.92894942,True,False,False,0.72705124,0.89052751,63.792963,56.809388,0.66294229,0.86337109,56.245006,48.560312,0.92873082,0.97945957,30.100522,29.482244,0.55365188,0.68566198,7.478666,5.1278369,0.54428652,0.85958191,20.434266,17.564925,0.65362592,0.80828573,27.87453,22.530585,0.6084457,0.82769173,25.871575,21.413688,0.73827167,0.92194509,35.265893,32.513217
init,init,-1,,5357,092.Nighthawk/Nighthawk_0034_82578.jpg,92,91,092.Nighthawk,8,7,gaussian_blur,gaussian_blur,0,"{""sigma"":1.092196}",5.1254635,5.3649759,0.23951244,0.0059434599,0.0046775732,0.050232705,0.039298102,-0.044289245,-0.034620529,0.0096687158,0.69175346,0.97993115,63.792963,62.512712,False,0.92960513,True,False,False,0.69175346,0.97993115,63.792963,62.512712,0.61722436,0.95576959,56.245006,53.757266,0.929205,1.059983,30.100522,31.906041,0.34186094,1.0474416,7.478666,7.8334659,0.46435811,0.87501322,20.434266,17.880252,0.60769964,0.96841471,27.87453,26.994105,0.56447065,0.9217813,25.871575,23.847934,0.70962153,0.98692413,35.265893,34.804761
init,init,-1,,5357,092.Nighthawk/Nighthawk_0034_82578.jpg,92,91,092.Nighthawk,8,7,random_erasing,random_erasing,0,"{""area_fraction"":0.059739,""erased"":true,""height"":0.178131,""left"":0.409815,""top"":0.340461,""width"":0.335364}",5.1254635,5.3383398,0.21287632,0.0059434599,0.0048038377,0.050232705,0.040376607,-0.044289245,-0.03557277,0.0087164752,0.82181559,1.1277854,63.792963,71.944769,False,0.94045234,True,False,False,0.82181559,1.1277854,63.792963,71.944769,0.78653113,1.1156687,56.245006,62.750794,0.94007414,1.169107,30.100522,35.190732,0.82466897,1.1373462,7.478666,8.5058323,0.75876115,1.0693741,20.434266,21.851875,0.82024261,1.0994649,27.87453,30.647066,0.74512046,1.1306526,25.871575,29.251763,0.79582201,1.1317211,35.265893,39.911154
init,init,-1,,10491,179.Tennessee_Warbler/Tennessee_Warbler_0084_174891.jpg,179,178,179.Tennessee_Warbler,88,87,identity,identity,0,{},5.3177891,5.3177891,0,0.0049035829,0.0049035829,0.026374625,0.026374625,-0.021471042,-0.021471042,0,1,1,62.537274,62.537274,False,1,True,False,False,1,1,62.537274,62.537274,1,1,55.236427,55.236427,1,1,29.32316,29.32316,1,1,9.8829245,9.8829245,1,1,20.895196,20.895196,1,1,27.264652,27.264652,1,1,24.67451,24.67451,1,1,34.126071,34.126071
init,init,-1,,10491,179.Tennessee_Warbler/Tennessee_Warbler_0084_174891.jpg,179,178,179.Tennessee_Warbler,88,87,horizontal_flip,horizontal_flip,0,"{""flipped"":true}",5.3177891,5.7816339,0.46384478,0.0049035829,0.0030836728,0.026374625,0.036754116,-0.021471042,-0.033670444,-0.012199401,0.62978536,1.1183336,62.537274,69.937537,False,0.93973517,True,False,False,0.62978536,1.1183336,62.537274,69.937537,0.54475554,1.1245122,55.236427,62.114036,0.93947732,1.0961288,29.32316,32.14196,0.73152219,1.0346119,9.8829245,10.224991,0.42189396,0.972546,20.895196,20.32154,0.51549314,1.1224132,27.264652,30.602206,0.44721067,1.2132357,24.67451,29.935997,0.64557731,1.137919,34.126071,38.832707
init,init,-1,,10491,179.Tennessee_Warbler/Tennessee_Warbler_0084_174891.jpg,179,178,179.Tennessee_Warbler,88,87,color_jitter,color_jitter,0,"{""brightness"":1.216994,""contrast"":1.067889,""hue"":0.026686,""saturation"":0.870209}",5.3177891,5.2437458,-0.074043274,0.0049035829,0.0052804402,0.026374625,0.029113047,-0.021471042,-0.023832607,-0.0023615644,0.84523627,1.1084289,62.537274,69.31812,False,0.97692823,True,False,False,0.84523627,1.1084289,62.537274,69.31812,0.8142234,1.1379658,55.236427,62.857164,0.97686413,0.9965813,29.32316,29.222913,0.79431471,1.2541989,9.8829245,12.395153,0.80171049,1.1308696,20.895196,23.629743,0.81314552,1.2616531,27.264652,34.398534,0.74178034,1.1528135,24.67451,28.445109,0.87191986,1.034626,34.126071,35.307722
init,init,-1,,10491,179.Tennessee_Warbler/Tennessee_Warbler_0084_174891.jpg,179,178,179.Tennessee_Warbler,88,87,rotation,rotation,0,"{""angle"":14.233955}",5.3177891,5.5954576,0.27766848,0.0049035829,0.0037146991,0.026374625,0.021627069,-0.021471042,-0.017912369,0.0035586727,0.61209931,1.0180993,62.537274,63.669153,False,0.87566507,True,False,False,0.61209931,1.0180993,62.537274,63.669153,0.53763349,1.0172143,55.236427,56.187284,0.87529588,1.0212333,29.32316,29.945788,0.50015145,1.1729398,9.8829245,11.592076,0.53964473,0.95388028,20.895196,19.931516,0.51750202,1.023349,27.264652,27.901256,0.41528526,1.0438074,24.67451,25.755437,0.62090136,1.0081065,34.126071,34.402714
init,init,-1,,10491,179.Tennessee_Warbler/Tennessee_Warbler_0084_174891.jpg,179,178,179.Tennessee_Warbler,88,87,random_resized_crop,random_resized_crop,0,"{""area_fraction"":0.680658,""aspect"":1.256012,""fallback"":false,""height"":0.736152,""left"":0.036356,""top"":0.229526,""width"":0.924616}",5.3177891,5.944664,0.62687492,0.0049035829,0.0026197832,0.026374625,0.023674103,-0.021471042,-0.021054319,0.00041672285,0.66708793,1.0416379,62.537274,65.141193,False,0.92817974,True,False,False,0.66708793,1.0416379,62.537274,65.141193,0.60358541,1.068757,55.236427,59.034319,0.92800031,0.93911045,29.32316,27.537686,0.68114183,1.302994,9.8829245,12.877391,0.59528445,1.2291425,20.895196,25.683174,0.60885473,1.092795,27.264652,29.794675,0.47495617,1.0493256,24.67451,25.891596,0.67456847,0.97253698,34.126071,33.188866
init,init,-1,,10491,179.Tennessee_Warbler/Tennessee_Warbler_0084_174891.jpg,179,178,179.Tennessee_Warbler,88,87,gaussian_blur,gaussian_blur,0,"{""sigma"":1.700942}",5.3177891,5.8990669,0.58127785,0.0049035829,0.0027420013,0.026374625,0.0085025448,-0.021471042,-0.0057605435,0.015710499,0.52724984,0.70765067,62.537274,44.254544,False,0.81574595,False,False,False,0.52724984,0.70765067,62.537274,44.254544,0.44505727,0.70573006,55.236427,38.982007,0.81538156,0.71442405,29.32316,20.949171,0.33932315,0.57736248,9.8829245,5.7060298,0.23466751,0.66353075,20.895196,13.864605,0.4322369,0.75353854,27.264652,20.544966,0.36360182,0.73825839,24.67451,18.216164,0.58669553,0.68150148,34.126071,23.256968
init,init,-1,,10491,179.Tennessee_Warbler/Tennessee_Warbler_0084_174891.jpg,179,178,179.Tennessee_Warbler,88,87,random_erasing,random_erasing,0,"{""area_fraction"":0.084665,""erased"":true,""height"":0.437403,""left"":0.360142,""top"":0.350074,""width"":0.193563}",5.3177891,5.5102625,0.19247341,0.0049035829,0.0040450445,0.026374625,0.021069713,-0.021471042,-0.017024668,0.0044463738,0.73043273,1.0427399,62.537274,65.210111,False,0.90432358,True,False,False,0.73043273,1.0427399,62.537274,65.210111,0.68485447,1.056831,55.236427,58.375566,0.90407379,0.99112428,29.32316,29.062896,0.67950291,0.85360661,9.8829245,8.4361297,0.70048043,1.0368507,20.895196,21.665199,0.70739312,1.0433496,27.264652,28.446563,0.57325566,1.0721387,24.67451,26.454498,0.72492357,1.0798942,34.126071,36.852546
init,init,-1,,1357,025.Pelagic_Cormorant/Pelagic_Cormorant_0017_23875.jpg,25,24,025.Pelagic_Cormorant,129,128,identity,identity,0,{},4.8890109,4.8890109,0,0.0075288657,0.0075288657,0.027621297,0.027621297,-0.020092431,-0.020092431,0,1,1,63.13436,63.13436,False,1,True,False,False,1,1,63.13436,63.13436,1,1,54.157344,54.157344,1,1,32.448874,32.448874,1,1,16.192654,16.192654,1,1,20.58729,20.58729,1,1,21.741034,21.741034,1,1,21.940474,21.940474,1,1,35.95723,35.95723
init,init,-1,,1357,025.Pelagic_Cormorant/Pelagic_Cormorant_0017_23875.jpg,25,24,025.Pelagic_Cormorant,129,128,horizontal_flip,horizontal_flip,0,"{""flipped"":true}",4.8890109,4.5099139,-0.37909698,0.0075288657,0.010999408,0.027621297,0.026871061,-0.020092431,-0.015871653,0.0042207781,0.6787592,0.98186306,63.13436,61.989296,False,0.95514369,False,False,False,0.6787592,0.98186306,63.13436,61.989296,0.58168462,0.98718794,54.157344,53.463477,0.95495743,0.96687558,32.448874,31.374024,0.68494624,1.0049903,16.192654,16.273461,0.44427109,0.88898839,20.58729,18.301861,0.46454619,1.0195697,21.741034,22.166501,0.47129096,1.0498785,21.940474,23.034832,0.69143469,0.97797743,35.95723,35.16536
init,init,-1,,1357,025.Pelagic_Cormorant/Pelagic_Cormorant_0017_23875.jpg,25,24,025.Pelagic_Cormorant,129,128,color_jitter,color_jitter,0,"{""brightness"":0.669818,""contrast"":1.277357,""hue"":0.038264,""saturation"":0.628735}",4.8890109,5.0068469,0.117836,0.0075288657,0.0066919695,0.027621297,0.018473437,-0.020092431,-0.011781468,0.0083109639,0.79409983,1.0362183,63.13436,65.420979,False,0.95576859,False,False,False,0.79409983,1.0362183,63.13436,65.420979,0.73446198,1.0275397,54.157344,55.648822,0.95541626,1.0600186,32.448874,34.396412,0.57515804,0.65233459,16.192654,10.563029,0.70754863,1.0560852,20.58729,21.741931,0.68301183,0.99751896,21.741034,21.687094,0.66436,1.0529241,21.940474,23.101655,0.81605074,1.0801508,35.95723,38.83923
init,init,-1,,1357,025.Pelagic_Cormorant/Pelagic_Cormorant_0017_23875.jpg,25,24,025.Pelagic_Cormorant,129,128,rotation,rotation,0,"{""angle"":6.155899}",4.8890109,4.6613498,-0.22766113,0.0075288657,0.0094536915,0.027621297,0.02443238,-0.020092431,-0.014978688,0.0051137432,0.74341012,0.96702791,63.13436,61.052688,False,0.94585562,True,False,False,0.74341012,0.96702791,63.13436,61.052688,0.67230781,0.97218756,54.157344,52.651097,0.94567832,0.95250794,32.448874,30.90781,0.69687946,0.68815666,16.192654,11.143083,0.49750977,0.89313581,20.58729,18.387246,0.59911103,1.0147922,21.741034,22.062633,0.62624658,1.0575637,21.940474,23.20345,0.77341279,0.99682253,35.95723,35.842977
init,init,-1,,1357,025.Pelagic_Cormorant/Pelagic_Cormorant_0017_23875.jpg,25,24,025.Pelagic_Cormorant,129,128,random_resized_crop,random_resized_crop,0,"{""area_fraction"":0.872877,""aspect"":1.031603,""fallback"":false,""height"":0.919857,""left"":0.015918,""top"":0.016395,""width"":0.948927}",4.8890109,5.0043879,0.11537695,0.0075288657,0.0067084455,0.027621297,0.03949406,-0.020092431,-0.032785614,-0.012693183,0.82313601,1.0395464,63.13436,65.631097,False,0.98280704,True,False,False,0.82313601,1.0395464,63.13436,65.631097,0.77143398,1.0622711,54.157344,57.529782,0.98265845,0.97345194,32.448874,31.58742,0.60305296,1.3835216,16.192654,22.402886,0.76790324,1.1132832,20.58729,22.919483,0.76317366,1.0696132,21.741034,23.254498,0.70830309,1.0239326,21.940474,22.465566,0.85988261,0.97813876,35.95723,35.171161
init,init,-1,,1357,025.Pelagic_Cormorant/Pelagic_Cormorant_0017_23875.jpg,25,24,025.Pelagic_Cormorant,129,128,gaussian_blur,gaussian_blur,0,"{""sigma"":1.193672}",4.8890109,5.9427538,1.0537429,0.0075288657,0.0026247911,0.027621297,0.02795022,-0.020092431,-0.025325429,-0.0052329972,0.6166637,0.95413928,63.13436,60.238972,False,0.86242688,False,False,False,0.6166637,0.95413928,63.13436,60.238972,0.52908494,0.95558525,54.157344,51.751959,0.86203728,0.95009981,32.448874,30.829669,0.37480305,0.69010029,16.192654,11.174555,0.35529189,0.86744123,20.58729,17.858264,0.53859236,0.96619883,21.741034,21.006162,0.46764434,1.0344832,21.940474,22.697052,0.62669389,0.99423657,35.95723,35.749993
init,init,-1,,1357,025.Pelagic_Cormorant/Pelagic_Cormorant_0017_23875.jpg,25,24,025.Pelagic_Cormorant,129,128,random_erasing,random_erasing,0,"{""area_fraction"":0.190369,""erased"":true,""height"":0.694829,""left"":0.485391,""top"":0.16762,""width"":0.273979}",4.8890109,4.9900627,0.10105181,0.0075288657,0.0068052369,0.027621297,0.024752658,-0.020092431,-0.017947421,0.0021450105,0.61625307,1.0355835,63.13436,65.3809,False,0.87191665,False,False,False,0.61625307,1.0355835,63.13436,65.3809,0.51367262,0.99821885,54.157344,54.060882,0.87148751,1.1331883,32.448874,36.770684,0.62988231,0.8026254,16.192654,12.996636,0.39582512,0.96283879,20.58729,19.822241,0.4342947,1.0421681,21.741034,22.657812,0.44166854,1.0293084,21.940474,22.583514,0.59094162,1.0170373,35.95723,36.569846
init,init,-1,,9675,165.Chestnut_sided_Warbler/Chestnut_Sided_Warbler_0069_163921.jpg,165,164,165.Chestnut_sided_Warbler,129,128,identity,identity,0,{},5.6752996,5.6752996,0,0.0034296424,0.0034296424,0.028490379,0.028490379,-0.025060737,-0.025060737,0,1,1,41.724018,41.724018,False,0.99999994,True,False,False,1,1,41.724018,41.724018,1,1,34.39659,34.39659,1,1,23.617118,23.617118,1,1,5.1252527,5.1252527,1,1,11.82173,11.82173,1,1,13.430545,13.430545,1,1,15.340407,15.340407,1,1,24.523382,24.523382
init,init,-1,,9675,165.Chestnut_sided_Warbler/Chestnut_Sided_Warbler_0069_163921.jpg,165,164,165.Chestnut_sided_Warbler,129,128,horizontal_flip,horizontal_flip,0,"{""flipped"":true}",5.6752996,5.7445798,0.069280148,0.0034296424,0.0032000788,0.028490379,0.02201999,-0.025060737,-0.018819911,0.0062408261,0.63696881,0.98773991,41.724018,41.212478,False,0.95914274,True,False,False,0.63696881,0.98773991,41.724018,41.212478,0.47736879,0.97102938,34.39659,33.4001,0.95909902,1.0222821,23.617118,24.143357,0.37008796,0.95259165,5.1252527,4.8822729,0.23917368,0.84494375,11.82173,9.988697,0.30477203,0.99018556,13.430545,13.298731,0.40311137,0.97862775,15.340407,15.012548,0.61063253,0.99024742,24.523382,24.284216
init,init,-1,,9675,165.Chestnut_sided_Warbler/Chestnut_Sided_Warbler_0069_163921.jpg,165,164,165.Chestnut_sided_Warbler,129,128,color_jitter,color_jitter,0,"{""brightness"":1.072768,""contrast"":1.143154,""hue"":-0.06986,""saturation"":1.166089}",5.6752996,5.5262341,-0.14906549,0.0034296424,0.0039809523,0.028490379,0.027351346,-0.025060737,-0.023370394,0.0016903435,0.81438678,0.98066598,41.724018,40.917325,False,0.97259164,True,False,False,0.81438678,0.98066598,41.724018,40.917325,0.73237586,0.94089945,34.39659,32.363733,0.97257199,1.0600912,23.617118,25.036299,0.70009625,0.90622532,5.1252527,4.6446338,0.53148568,0.87632416,11.82173,10.359668,0.64481503,0.90440867,13.430545,12.146701,0.69111576,0.92179124,15.340407,14.140653,0.81639312,0.97441411,24.523382,23.89593
init,init,-1,,9675,165.Chestnut_sided_Warbler/Chestnut_Sided_Warbler_0069_163921.jpg,165,164,165.Chestnut_sided_Warbler,129,128,rotation,rotation,0,"{""angle"":-0.357886}",5.6752996,5.6377754,-0.037524223,0.0034296424,0.0035607805,0.028490379,0.028011447,-0.025060737,-0.024450666,0.00061007077,0.88254268,1.0283165,41.724018,42.905494,False,0.98565537,True,False,False,0.88254268,1.0283165,41.724018,42.905494,0.83521628,1.0364109,34.39659,35.649001,0.98564773,1.0109322,23.617118,23.875304,0.76148889,1.2171667,5.1252527,6.2382872,0.75379704,1.0011743,11.82173,11.835613,0.78057167,1.0728292,13.430545,14.408681,0.80422334,1.0794618,15.340407,16.559383,0.88985121,1.0071525,24.523382,24.698787
init,init,-1,,9675,165.Chestnut_sided_Warbler/Chestnut_Sided_Warbler_0069_163921.jpg,165,164,165.Chestnut_sided_Warbler,129,128,random_resized_crop,random_resized_crop,0,"{""area_fraction"":0.837367,""aspect"":0.872588,""fallback"":false,""height"":0.97961,""left"":0.134008,""top"":0.020365,""width"":0.854796}",5.6752996,5.7618103,0.086510658,0.0034296424,0.0031454125,0.028490379,0.031522196,-0.025060737,-0.028376783,-0.0033160462,0.727281,1.1423013,41.724018,47.661398,False,0.96124285,True,False,False,0.727281,1.1423013,41.724018,47.661398,0.6214769,1.1564767,34.39659,39.778855,0.9611549,1.1116344,23.617118,26.253602,0.29474777,0.93605027,5.1252527,4.7974942,0.37209209,1.1079575,11.82173,13.097974,0.50272044,1.3672119,13.430545,18.3624,0.59571108,1.1869868,15.340407,18.20886,0.75289193,1.0934461,24.523382,26.814997
init,init,-1,,9675,165.Chestnut_sided_Warbler/Chestnut_Sided_Warbler_0069_163921.jpg,165,164,165.Chestnut_sided_Warbler,129,128,gaussian_blur,gaussian_blur,0,"{""sigma"":1.422357}",5.6752996,5.8521056,0.17680597,0.0034296424,0.0028738417,0.028490379,0.03586325,-0.025060737,-0.032989409,-0.0079286718,0.58006858,1.2836322,41.724018,53.558292,False,0.90324801,True,False,False,0.58006858,1.2836322,41.724018,53.558292,0.4523348,1.3438008,34.39659,46.222165,0.90316682,1.1455901,23.617118,27.055537,0.20037769,1.4089883,5.1252527,7.221421,0.16353258,1.4863528,11.82173,17.571262,0.29230869,1.5662983,13.430545,21.036239,0.43997717,1.4060071,15.340407,21.568721,0.62234884,1.2012788,24.523382,29.459418
init,init,-1,,9675,165.Chestnut_sided_Warbler/Chestnut_Sided_Warbler_0069_163921.jpg,165,164,165.Chestnut_sided_Warbler,129,128,random_erasing,random_erasing,0,"{""area_fraction"":0.060476,""erased"":true,""height"":0.206054,""left"":0.020283,""top"":0.569287,""width"":0.293495}",5.6752996,5.8024244,0.12712479,0.0034296424,0.0030202232,0.028490379,0.029365951,-0.025060737,-0.026345728,-0.0012849909,0.90340441,1.1207377,41.724018,46.761679,False,0.98861426,True,False,False,0.90340441,1.1207377,41.724018,46.761679,0.86469322,1.1323295,34.39659,38.948275,0.98859404,1.0957434,23.617118,25.878301,0.90245127,1.1016742,5.1252527,5.6463588,0.86927129,1.2474531,11.82173,14.747054,0.81159582,1.2390852,13.430545,16.641589,0.82042477,1.1006046,15.340407,16.883722,0.90090491,1.0831823,24.523382,26.563294
init,init,-1,,570,011.Rusty_Blackbird/Rusty_Blackbird_0114_6760.jpg,11,10,011.Rusty_Blackbird,129,128,identity,identity,0,{},5.8972673,5.8972673,0,0.0027469406,0.0027469406,0.033241265,0.033241265,-0.030494324,-0.030494324,0,1,1,51.420817,51.420817,False,1,True,False,False,1,1,51.420817,51.420817,1,1,44.359069,44.359069,1,1,26.007179,26.007179,1,1,12.100912,12.100912,1,1,19.889716,19.889716,1,1,17.902423,17.902423,1,1,18.174692,18.174692,1,1,27.83663,27.83663
init,init,-1,,570,011.Rusty_Blackbird/Rusty_Blackbird_0114_6760.jpg,11,10,011.Rusty_Blackbird,129,128,horizontal_flip,horizontal_flip,0,"{""flipped"":true}",5.8972673,5.683773,-0.2134943,0.0027469406,0.0034007039,0.033241265,0.045128733,-0.030494324,-0.041728029,-0.011233705,0.73143173,1.1353745,51.420817,58.381884,False,0.97095293,True,False,False,0.73143173,1.1353745,51.420817,58.381884,0.64416988,1.1162823,44.359069,49.517246,0.97080664,1.1891763,26.007179,30.927119,0.79930041,1.0319042,12.100912,12.486981,0.61113771,1.0856028,19.889716,21.592331,0.68246842,1.1395246,17.902423,20.400251,0.44355441,1.0786702,18.174692,19.604498,0.69917712,1.1525342,27.83663,32.082667
init,init,-1,,570,011.Rusty_Blackbird/Rusty_Blackbird_0114_6760.jpg,11,10,011.Rusty_Blackbird,129,128,color_jitter,color_jitter,0,"{""brightness"":1.082484,""contrast"":1.207176,""hue"":0.096548,""saturation"":1.143911}",5.8972673,5.7243967,-0.17287064,0.0027469406,0.0032653229,0.033241265,0.022248289,-0.030494324,-0.018982966,0.011511358,0.84132732,0.97899748,51.420817,50.34085,False,0.9628073,False,False,False,0.84132732,0.97899748,51.420817,50.34085,0.79735536,0.96247059,44.359069,42.6943,0.96262334,1.0255647,26.007179,26.672044,0.86670259,1.261397,12.100912,15.264054,0.73333915,0.91891858,19.889716,18.27703,0.74107956,0.82746518,17.902423,14.813632,0.74365864,0.89976451,18.174692,16.352943,0.86264794,0.99613494,27.83663,27.72904
init,init,-1,,570,011.Rusty_Blackbird/Rusty_Blackbird_0114_6760.jpg,11,10,011.Rusty_Blackbird,129,128,rotation,rotation,0,"{""angle"":14.657863}",5.8972673,5.4669838,-0.43028355,0.0027469406,0.0042239544,0.033241265,0.047800336,-0.030494324,-0.043576382,-0.013082058,0.64524678,1.2019223,51.420817,61.803826,False,0.90710187,True,False,False,0.64524678,1.2019223,51.420817,61.803826,0.54532308,1.1622171,44.359069,51.554871,0.90639206,1.3106115,26.007179,34.085308,0.43955989,1.1393025,12.100912,13.7866,0.47611441,0.99629967,19.889716,19.816118,0.55415197,1.086797,17.902423,19.4563,0.44505231,1.1412913,18.174692,20.742617,0.63126766,1.2783818,27.83663,35.585841
init,init,-1,,570,011.Rusty_Blackbird/Rusty_Blackbird_0114_6760.jpg,11,10,011.Rusty_Blackbird,129,128,random_resized_crop,random_resized_crop,0,"{""area_fraction"":0.650055,""aspect"":1.250525,""fallback"":false,""height"":0.720989,""left"":0.065246,""top"":0.049766,""width"":0.901615}",5.8972673,5.3298635,-0.56740379,0.0027469406,0.0048447321,0.033241265,0.052612439,-0.030494324,-0.047767707,-0.017273383,0.71827429,1.1584419,51.420817,59.56803,False,0.94334161,True,False,False,0.71827429,1.1584419,51.420817,59.56803,0.63939056,1.1519516,44.359069,51.099502,0.94298264,1.1771203,26.007179,30.613577,0.61183229,1.0406007,12.100912,12.592217,0.66362063,1.2481668,19.889716,24.825685,0.56630468,1.1928649,17.902423,21.355172,0.50925204,1.1030185,18.174692,20.047021,0.71938792,1.1236509,27.83663,31.278654
init,init,-1,,570,011.Rusty_Blackbird/Rusty_Blackbird_0114_6760.jpg,11,10,011.Rusty_Blackbird,129,128,gaussian_blur,gaussian_blur,0,"{""sigma"":1.365255}",5.8972673,6.0280075,0.13074017,0.0027469406,0.0024102915,0.033241265,0.037109796,-0.030494324,-0.034699504,-0.0042051806,0.79806031,1.053156,51.420817,54.15414,False,0.97898388,True,False,False,0.79806031,1.053156,51.420817,54.15414,0.73119595,1.0292403,44.359069,45.656144,0.97891498,1.1198315,26.007179,29.123658,0.42081411,0.75189286,12.100912,9.0985894,0.62667061,0.82906192,19.889716,16.489806,0.66187903,1.1357628,17.902423,20.332906,0.7360402,1.1081457,18.174692,20.140207,0.85546937,1.0841223,27.83663,30.17831
init,init,-1,,570,011.Rusty_Blackbird/Rusty_Blackbird_0114_6760.jpg,11,10,011.Rusty_Blackbird,129,128,random_erasing,random_erasing,0,"{""area_fraction"":0.175081,""erased"":true,""height"":0.571013,""left"":0.305979,""top"":0.170892,""width"":0.306615}",5.8972673,6.3034801,0.40621281,0.0027469406,0.0018299246,0.033241265,0.047277786,-0.030494324,-0.045447861,-0.014953537,0.72785017,1.1327498,51.420817,58.246919,False,0.94062257,True,False,False,0.72785017,1.1327498,51.420817,58.246919,0.64985969,1.1109366,44.359069,49.280113,0.94034812,1.1939454,26.007179,31.051152,0.81615472,0.87162112,12.100912,10.54741,0.66183034,0.96466843,19.889716,19.186981,0.63381086,1.1741319,17.902423,21.019807,0.55020214,1.1461321,18.174692,20.830598,0.67659859,1.1769641,27.83663,32.762713
init,init,-1,,862,016.Painted_Bunting/Painted_Bunting_0034_15207.jpg,16,15,016.Painted_Bunting,25,24,identity,identity,0,{},5.4000196,5.4000196,0,0.0045164912,0.0045164912,0.018476687,0.018476687,-0.013960196,-0.013960196,0,1,1,39.612078,39.612078,False,0.99999988,True,False,False,1,1,39.612078,39.612078,1,1,32.162243,32.162243,1,1,23.123729,23.123729,1,1,4.1754647,4.1754647,1,1,8.126088,8.126088,1,1,11.531067,11.531067,1,1,13.154347,13.154347,1,1,25.395664,25.395664
init,init,-1,,862,016.Painted_Bunting/Painted_Bunting_0034_15207.jpg,16,15,016.Painted_Bunting,25,24,horizontal_flip,horizontal_flip,0,"{""flipped"":true}",5.4000196,5.8644586,0.46443892,0.0045164912,0.0028385601,0.018476687,0.013239446,-0.013960196,-0.010400886,0.0035593102,0.64124244,1.0834687,39.612078,42.918447,False,0.94414324,False,False,False,0.64124244,1.0834687,39.612078,42.918447,0.50837403,1.1340858,32.162243,36.474744,0.94411661,0.97814114,23.123729,22.61827,0.43166866,2.2256507,4.1754647,9.2931258,0.24067465,1.3432246,8.126088,10.915161,0.40027826,1.3174819,11.531067,15.191972,0.40006585,1.1096883,13.154347,14.597225,0.62066849,1.027598,25.395664,26.096532
init,init,-1,,862,016.Painted_Bunting/Painted_Bunting_0034_15207.jpg,16,15,016.Painted_Bunting,25,24,color_jitter,color_jitter,0,"{""brightness"":0.894402,""contrast"":0.895358,""hue"":-0.015454,""saturation"":1.176656}",5.4000196,5.5532236,0.15320396,0.0045164912,0.0038749462,0.018476687,0.021431809,-0.013960196,-0.017556863,-0.003596667,0.90210831,1.0655387,39.612078,42.208203,False,0.98753089,True,False,False,0.90210831,1.0655387,39.612078,42.208203,0.86017857,1.0813801,32.162243,34.77961,0.98752356,1.0342045,23.123729,23.914664,0.77524572,1.4289215,4.1754647,5.9664111,0.66948906,1.1973621,8.126088,9.7298695,0.78325806,1.2063923,11.531067,13.91099,0.83134099,1.1015302,13.154347,14.48991,0.91762332,1.0237058,25.395664,25.997687
init,init,-1,,862,016.Painted_Bunting/Painted_Bunting_0034_15207.jpg,16,15,016.Painted_Bunting,25,24,rotation,rotation,0,"{""angle"":4.303533}",5.4000196,5.6001511,0.20013142,0.0045164912,0.0036973048,0.018476687,0.019547816,-0.013960196,-0.015850512,-0.0018903154,0.78855286,1.0518966,39.612078,41.667812,False,0.96585119,True,False,False,0.78855286,1.0518966,39.612078,41.667812,0.69363784,1.0383784,32.162243,33.39658,0.96584395,1.0775668,23.123729,24.917363,0.22754982,0.91536361,4.1754647,3.8220685,0.3914392,1.1881753,8.126088,9.6552167,0.58752012,1.0800334,11.531067,12.453937,0.57812958,1.0690772,13.154347,14.063012,0.79933064,1.0074855,25.395664,25.585763
init,init,-1,,862,016.Painted_Bunting/Painted_Bunting_0034_15207.jpg,16,15,016.Painted_Bunting,25,24,random_resized_crop,random_resized_crop,0,"{""area_fraction"":0.605371,""aspect"":1.028735,""fallback"":false,""height"":0.767113,""left"":0.023369,""top"":0.056961,""width"":0.789155}",5.4000196,5.2230358,-0.17698383,0.0045164912,0.0053909388,0.018476687,0.014084298,-0.013960196,-0.0086933593,0.0052668368,0.68538696,1.0630308,39.612078,42.108859,False,0.95191389,False,False,False,0.68538696,1.0630308,39.612078,42.108859,0.55812931,1.0890287,32.162243,35.025607,0.95189943,1.0108407,23.123729,23.374406,0.29826774,1.2086008,4.1754647,5.0464702,0.12491371,1.3917901,8.126088,11.309809,0.449651,1.3463536,11.531067,15.524893,0.4730695,1.1246424,13.154347,14.793936,0.69695352,0.9753465,25.395664,24.769571
init,init,-1,,862,016.Painted_Bunting/Painted_Bunting_0034_15207.jpg,16,15,016.Painted_Bunting,25,24,gaussian_blur,gaussian_blur,0,"{""sigma"":1.075982}",5.4000196,5.5342607,0.1342411,0.0045164912,0.0039491276,0.018476687,0.029592361,-0.013960196,-0.025643234,-0.011683038,0.72411813,1.2273622,39.612078,48.618369,False,0.95586228,True,False,False,0.72411813,1.2273622,39.612078,48.618369,0.61691565,1.2670488,32.162243,40.751132,0.95572984,1.1466949,23.123729,26.515863,0.66175616,1.8809995,4.1754647,7.8540469,0.22873218,1.6008132,8.126088,13.008349,0.52511445,1.5009418,11.531067,17.30746,0.53079754,1.3473805,13.154347,17.723911,0.73624373,1.1248722,25.395664,28.566876
init,init,-1,,862,016.Painted_Bunting/Painted_Bunting_0034_15207.jpg,16,15,016.Painted_Bunting,25,24,random_erasing,random_erasing,0,"{""area_fraction"":0.195512,""erased"":true,""height"":0.26477,""left"":0.085608,""top"":0.069767,""width"":0.738423}",5.4000196,5.9858837,0.58586407,0.0045164912,0.0025139917,0.018476687,0.024571232,-0.013960196,-0.022057241,-0.0080970447,0.59090381,1.3598477,39.612078,53.866392,False,0.89986736,True,False,False,0.59090381,1.3598477,39.612078,53.866392,0.45700748,1.4276922,32.162243,45.917783,0.89972765,1.2179194,23.123729,28.162837,0.38730087,2.0587415,4.1754647,8.5962024,0.24977214,2.0338102,8.126088,16.526921,0.47303602,1.8052748,11.531067,20.816745,0.35882995,1.5337666,13.154347,20.175698,0.54325251,1.1950151,25.395664,30.348202
init,init,-1,,8466,145.Elegant_Tern/Elegant_Tern_0032_150488.jpg,145,144,145.Elegant_Tern,96,95,identity,identity,0,{},5.5384727,5.5384727,0,0.0039325291,0.0039325291,0.018400539,0.018400539,-0.01446801,-0.01446801,0,1,1,45.323753,45.323753,False,1,True,False,False,1,1,45.323753,45.323753,1,1,37.122781,37.122781,1,1,26.002726,26.002726,1,1,5.4553483,5.4553483,1,1,12.178732,12.178732,1,1,14.172148,14.172148,1,1,15.224073,15.224073,1,1,27.701919,27.701919
init,init,-1,,8466,145.Elegant_Tern/Elegant_Tern_0032_150488.jpg,145,144,145.Elegant_Tern,96,95,horizontal_flip,horizontal_flip,0,"{""flipped"":true}",5.5384727,5.8470192,0.30854654,0.0039325291,0.0028884958,0.018400539,0.01855698,-0.01446801,-0.015668485,-0.001200475,0.70042834,1.1641237,45.323753,52.762457,False,0.96178621,False,False,False,0.70042834,1.1641237,45.323753,52.762457,0.58340145,1.1951282,37.122781,44.366483,0.96172341,1.0982242,26.002726,28.556822,0.62657726,1.2452898,5.4553483,6.7934895,0.36085187,1.3230055,12.178732,16.112529,0.54438634,1.3141533,14.172148,18.624376,0.42981479,1.2340696,15.224073,18.787565,0.69827872,1.1200918,27.701919,31.028692
init,init,-1,,8466,145.Elegant_Tern/Elegant_Tern_0032_150488.jpg,145,144,145.Elegant_Tern,96,95,color_jitter,color_jitter,0,"{""brightness"":0.614174,""contrast"":1.33129,""hue"":-0.050594,""saturation"":1.083633}",5.5384727,5.7799478,0.24147511,0.0039325291,0.0030888771,0.018400539,0.0204699,-0.01446801,-0.017381023,-0.0029130136,0.76756736,1.0989847,45.323753,49.810112,False,0.93588185,True,False,False,0.76756736,1.0989847,45.323753,49.810112,0.69510509,1.1367429,37.122781,42.199056,0.93579924,1.0176985,26.002726,26.462935,0.41898823,1.7003525,5.4553483,9.276015,0.49061164,1.2382054,12.178732,15.079771,0.69869346,1.257769,14.172148,17.825289,0.63753775,1.1770123,15.224073,17.918921,0.786579,1.0390422,27.701919,28.783463
init,init,-1,,8466,145.Elegant_Tern/Elegant_Tern_0032_150488.jpg,145,144,145.Elegant_Tern,96,95,rotation,rotation,0,"{""angle"":-14.886423}",5.5384727,5.1370621,-0.40141058,0.0039325291,0.0058749248,0.018400539,0.016385781,-0.01446801,-0.010510856,0.0039571538,0.60491159,1.0734701,45.323753,48.653693,False,0.8914603,False,False,False,0.60491159,1.0734701,45.323753,48.653693,0.47463358,1.0979409,37.122781,40.75862,0.89130699,1.0217812,26.002726,26.569095,0.095143472,1.1896391,5.4553483,6.4898959,0.28422191,1.2443179,12.178732,15.154214,0.37333132,1.116797,14.172148,15.827412,0.31208796,1.1485285,15.224073,17.485281,0.61966408,1.0420267,27.701919,28.866141
init,init,-1,,8466,145.Elegant_Tern/Elegant_Tern_0032_150488.jpg,145,144,145.Elegant_Tern,96,95,random_resized_crop,random_resized_crop,0,"{""area_fraction"":0.513507,""aspect"":0.939065,""fallback"":false,""height"":0.739478,""left"":0.153667,""top"":0.187863,""width"":0.694418}",5.5384727,5.4601545,-0.078318119,0.0039325291,0.004252899,0.018400539,0.018028419,-0.01446801,-0.01377552,0.00069248909,0.67523699,1.1424051,45.323753,51.778087,False,0.94895822,False,False,False,0.67523699,1.1424051,45.323753,51.778087,0.54834597,1.1621366,37.122781,43.141744,0.94887289,1.1010944,26.002726,28.631455,0.48397188,1.4352428,5.4553483,7.8297495,0.35288937,1.2839242,12.178732,15.636568,0.41617816,1.2188887,14.172148,17.274272,0.40903862,1.1666092,15.224073,17.760543,0.67978566,1.1076827,27.701919,30.684938
init,init,-1,,8466,145.Elegant_Tern/Elegant_Tern_0032_150488.jpg,145,144,145.Elegant_Tern,96,95,gaussian_blur,gaussian_blur,0,"{""sigma"":1.77781}",5.5384727,5.0605326,-0.47794008,0.0039325291,0.0063421819,0.018400539,0.020451343,-0.01446801,-0.014109161,0.00035884883,0.61287966,1.235541,45.323753,55.999353,False,0.89203894,True,False,False,0.61287966,1.235541,45.323753,55.999353,0.51397976,1.329321,37.122781,49.348092,0.89200044,1.0179938,26.002726,26.470613,0.50215196,1.6013589,5.4553483,8.7359707,0.33445829,1.6188834,12.178732,19.715947,0.38692055,1.6092929,14.172148,22.807138,0.40853091,1.3715726,15.224073,20.880921,0.66022781,1.1495117,27.701919,31.843681
init,init,-1,,8466,145.Elegant_Tern/Elegant_Tern_0032_150488.jpg,145,144,145.Elegant_Tern,96,95,random_erasing,random_erasing,0,"{""area_fraction"":0.182623,""erased"":true,""height"":0.592672,""left"":0.027593,""top"":0.134812,""width"":0.308134}",5.5384727,5.9657955,0.42732286,0.0039325291,0.0025650042,0.018400539,0.029054582,-0.01446801,-0.026489578,-0.012021568,0.72099254,1.242285,45.323753,56.30502,False,0.89305866,True,False,False,0.72099254,1.242285,45.323753,56.30502,0.64241112,1.2676646,37.122781,47.059233,0.89278607,1.1888806,26.002726,30.914135,0.64491847,1.2721607,5.4553483,6.9400797,0.58252222,1.5725546,12.178732,19.15172,0.61817053,1.3835902,14.172148,19.608446,0.56727824,1.2377814,15.224073,18.844074,0.69569007,1.1753002,27.701919,32.558072
init,init,-1,,2787,049.Boat_tailed_Grackle/Boat_Tailed_Grackle_0030_33615.jpg,49,48,049.Boat_tailed_Grackle,4,3,identity,identity,0,{},6.303648,6.303648,0,0.0018296182,0.0018296182,0.028754141,0.028754141,-0.026924523,-0.026924523,0,1,1,58.035241,58.035241,False,1,True,False,False,1,1,58.035241,58.035241,1,1,51.067149,51.067149,1,1,27.572367,27.572367,1,1,22.655317,22.655317,1,1,19.873091,19.873091,1,1,17.830115,17.830115,1,1,19.644217,19.644217,1,1,31.556969,31.556969
init,init,-1,,2787,049.Boat_tailed_Grackle/Boat_Tailed_Grackle_0030_33615.jpg,49,48,049.Boat_tailed_Grackle,4,3,horizontal_flip,horizontal_flip,0,"{""flipped"":true}",6.303648,5.985734,-0.31791401,0.0018296182,0.002514367,0.028754141,0.023906959,-0.026924523,-0.021392592,0.0055319307,0.49463464,1.022542,58.035241,59.34347,False,0.95458138,False,False,False,0.49463464,1.022542,58.035241,59.34347,0.36768546,1.0344182,51.067149,52.82479,0.95451084,0.98071039,27.572367,27.040507,-0.13003298,0.96302466,22.655317,21.817629,0.13400009,1.1246574,19.873091,22.35042,0.42266267,1.1731076,17.830115,20.916644,0.44119062,1.0224494,19.644217,20.085219,0.67514694,0.98896545,31.556969,31.208753
init,init,-1,,2787,049.Boat_tailed_Grackle/Boat_Tailed_Grackle_0030_33615.jpg,49,48,049.Boat_tailed_Grackle,4,3,color_jitter,color_jitter,0,"{""brightness"":0.850935,""contrast"":0.82149,""hue"":-0.070851,""saturation"":1.112576}",6.303648,6.6562796,0.35263157,0.0018296182,0.001285922,0.028754141,0.040799875,-0.026924523,-0.039513953,-0.01258943,0.80619683,0.99902555,58.035241,57.978688,False,0.96358359,True,False,False,0.80619683,0.99902555,58.035241,57.978688,0.75800539,0.98574224,51.067149,50.339046,0.96338034,1.0433073,27.572367,28.766451,0.79066861,0.79087052,22.655317,17.917422,0.60769644,1.018111,19.873091,20.233012,0.67152432,1.0433644,17.830115,18.603307,0.72212596,0.9854379,19.644217,19.358156,0.8531628,1.0427417,31.556969,32.905768
init,init,-1,,2787,049.Boat_tailed_Grackle/Boat_Tailed_Grackle_0030_33615.jpg,49,48,049.Boat_tailed_Grackle,4,3,rotation,rotation,0,"{""angle"":6.787145}",6.303648,6.0898981,-0.21374989,0.0018296182,0.0022656403,0.028754141,0.021244923,-0.026924523,-0.018979282,0.0079452406,0.70517543,0.8704076,58.035241,50.514315,False,0.95421755,False,False,False,0.70517543,0.8704076,58.035241,50.514315,0.62286546,0.8379071,51.067149,42.789527,0.95409704,0.97368613,27.572367,26.846832,0.21095401,0.40091027,22.655317,9.082749,0.43189499,0.76068485,19.873091,15.11716,0.62887524,1.0034041,17.830115,17.890811,0.66518834,0.88388441,19.644217,17.363217,0.80392953,0.94979314,31.556969,29.972593
init,init,-1,,2787,049.Boat_tailed_Grackle/Boat_Tailed_Grackle_0030_33615.jpg,49,48,049.Boat_tailed_Grackle,4,3,random_resized_crop,random_resized_crop,0,"{""area_fraction"":0.817665,""aspect"":1.164103,""fallback"":false,""height"":0.838093,""left"":0.013023,""top"":0.124974,""width"":0.975626}",6.303648,6.3056536,0.0020055771,0.0018296182,0.0018259517,0.028754141,0.021572227,-0.026924523,-0.019746275,0.007178248,0.8100484,0.9654255,58.035241,56.028701,False,0.96607232,False,False,False,0.8100484,0.9654255,58.035241,56.028701,0.76918378,0.98383241,51.067149,50.241516,0.96595626,0.89942593,27.572367,24.799302,0.84159119,0.9618484,22.655317,21.79098,0.67030621,0.94749398,19.873091,18.829635,0.64183678,1.0326585,17.830115,18.412419,0.73718197,1.0237568,19.644217,20.1109,0.82729095,0.97740188,31.556969,30.843841
init,init,-1,,2787,049.Boat_tailed_Grackle/Boat_Tailed_Grackle_0030_33615.jpg,49,48,049.Boat_tailed_Grackle,4,3,gaussian_blur,gaussian_blur,0,"{""sigma"":1.014402}",6.303648,6.253624,-0.050024033,0.0018296182,0.0019234716,0.028754141,0.035401355,-0.026924523,-0.033477884,-0.006553361,0.73338263,1.0117439,58.035241,58.716798,False,0.96919191,True,False,False,0.73338263,1.0117439,58.035241,58.716798,0.66386946,1.009079,51.067149,51.530785,0.9691278,1.0208324,27.572367,28.146767,0.44866258,0.9073276,22.655317,20.555794,0.48916759,1.0051636,19.873091,19.975708,0.59360061,1.1157123,17.830115,19.893278,0.69401678,1.0371182,19.644217,20.373376,0.84763051,1.0135613,31.556969,31.984923
init,init,-1,,2787,049.Boat_tailed_Grackle/Boat_Tailed_Grackle_0030_33615.jpg,49,48,049.Boat_tailed_Grackle,4,3,random_erasing,random_erasing,0,"{""area_fraction"":0.173714,""erased"":true,""height"":0.744558,""left"":0.450821,""top"":0.12632,""width"":0.233312}",6.303648,6.0222511,-0.28139687,0.0018296182,0.0024242059,0.028754141,0.017239165,-0.026924523,-0.014814959,0.012109564,0.43241506,0.90541021,58.035241,52.545699,False,0.86864126,False,False,False,0.43241506,0.90541021,58.035241,52.545699,0.29638238,0.89050654,51.067149,45.47563,0.86844354,0.95476846,27.572367,26.325227,-0.040272301,0.63298267,22.655317,14.340423,0.093510098,0.89102287,19.873091,17.707379,0.19728416,1.0863283,17.830115,19.369358,0.26935556,0.8876521,19.644217,17.437231,0.54596897,0.93447072,31.556969,29.489064
init,init,-1,,2661,047.American_Goldfinch/American_Goldfinch_0053_32359.jpg,47,46,047.American_Goldfinch,174,173,identity,identity,0,{},5.9654369,5.9654369,0,0.0025659231,0.0025659231,0.01868804,0.01868804,-0.016122117,-0.016122117,0,1,1,46.812266,46.812266,False,1.0000001,True,False,False,1,1,46.812266,46.812266,1,1,39.840869,39.840869,1,1,24.57831,24.57831,1,1,7.9259156,7.9259156,1,1,12.041016,12.041016,1,1,15.047624,15.047624,1,1,18.299293,18.299293,1,1,28.604083,28.604083
init,init,-1,,2661,047.American_Goldfinch/American_Goldfinch_0053_32359.jpg,47,46,047.American_Goldfinch,174,173,horizontal_flip,horizontal_flip,0,"{""flipped"":true}",5.9654369,6.0795507,0.11411381,0.0025659231,0.0022892056,0.01868804,0.016970532,-0.016122117,-0.014681326,0.0014407902,0.64901681,1.0188079,46.812266,47.692704,False,0.95227593,False,False,False,0.64901681,1.0188079,46.812266,47.692704,0.52791517,1.0042641,39.840869,40.010754,0.95219658,1.0560684,24.57831,25.956378,0.36368526,0.71796441,7.9259156,5.6905253,0.36716964,1.0100271,12.041016,12.161753,0.26050194,1.0322297,15.047624,15.532604,0.43057777,0.98061246,18.299293,17.944514,0.67948507,1.0236207,28.604083,29.279733
init,init,-1,,2661,047.American_Goldfinch/American_Goldfinch_0053_32359.jpg,47,46,047.American_Goldfinch,174,173,color_jitter,color_jitter,0,"{""brightness"":0.707977,""contrast"":1.087143,""hue"":-0.073238,""saturation"":0.907021}",5.9654369,6.3343148,0.36887789,0.0025659231,0.001774361,0.01868804,0.0098615065,-0.016122117,-0.0080871455,0.0080349712,0.62996392,0.97933811,46.812266,45.845036,False,0.82759207,False,False,False,0.62996392,0.97933811,46.812266,45.845036,0.55570096,0.98245473,39.840869,39.141851,0.82740695,0.97110132,24.57831,23.86803,0.10989608,1.1681116,7.9259156,9.2583543,0.23152166,1.070096,12.041016,12.885043,0.5145593,1.0670441,15.047624,16.056478,0.5188538,0.88630704,18.299293,16.218792,0.6904613,0.96345424,28.604083,27.558725
init,init,-1,,2661,047.American_Goldfinch/American_Goldfinch_0053_32359.jpg,47,46,047.American_Goldfinch,174,173,rotation,rotation,0,"{""angle"":13.407675}",5.9654369,6.8225927,0.8571558,0.0025659231,0.0010888944,0.01868804,0.020899042,-0.016122117,-0.019810148,-0.0036880313,0.62949476,1.2411772,46.812266,58.102318,False,0.91164303,False,False,False,0.62949476,1.2411772,46.812266,58.102318,0.52425601,1.2476142,39.840869,49.706034,0.91141069,1.2241024,24.57831,30.086368,0.21636208,1.7547284,7.9259156,13.907829,0.3283426,1.3546376,12.041016,16.311214,0.4413406,1.2849796,15.047624,19.335889,0.43209993,1.2411936,18.299293,22.712965,0.67006955,1.1707445,28.604083,33.488073
init,init,-1,,2661,047.American_Goldfinch/American_Goldfinch_0053_32359.jpg,47,46,047.American_Goldfinch,174,173,random_resized_crop,random_resized_crop,0,"{""area_fraction"":0.576205,""aspect"":0.817467,""fallback"":false,""height"":0.839563,""left"":0.304673,""top"":0.004961,""width"":0.686316}",5.9654369,6.0625319,0.097095013,0.0025659231,0.0023284978,0.01868804,0.012933514,-0.016122117,-0.010605016,0.0055171004,0.49579174,1.125964,46.812266,52.708924,False,0.80991429,False,False,False,0.49579174,1.125964,46.812266,52.708924,0.37263012,1.1162013,39.840869,44.47043,0.80973247,1.1512215,24.57831,28.295078,0.1687662,0.75061727,7.9259156,5.9493291,0.20859131,1.2574757,12.041016,15.141285,0.34992404,1.2988736,15.047624,19.544961,0.29239097,1.0493217,18.299293,19.201845,0.46045312,1.0844659,28.604083,31.020152
init,init,-1,,2661,047.American_Goldfinch/American_Goldfinch_0053_32359.jpg,47,46,047.American_Goldfinch,174,173,gaussian_blur,gaussian_blur,0,"{""sigma"":1.068318}",5.9654369,5.9422379,-0.023199081,0.0025659231,0.0026261464,0.01868804,0.019227341,-0.016122117,-0.016601194,-0.00047907769,0.76702484,0.9096896,46.812266,42.584631,False,0.94733244,False,False,False,0.76702484,0.9096896,46.812266,42.584631,0.69652929,0.90245402,39.840869,35.954553,0.94729549,0.92843286,24.57831,22.819311,0.44625543,0.90534095,7.9259156,7.175656,0.44823531,1.0065877,12.041016,12.120338,0.63094023,0.97552129,15.047624,14.679277,0.66731348,0.8596853,18.299293,15.731633,0.80068486,0.87844495,28.604083,25.127112
init,init,-1,,2661,047.American_Goldfinch/American_Goldfinch_0053_32359.jpg,47,46,047.American_Goldfinch,174,173,random_erasing,random_erasing,0,"{""area_fraction"":0.100963,""erased"":true,""height"":0.327403,""left"":0.118412,""top"":0.250872,""width"":0.308374}",5.9654369,6.2878494,0.32241249,0.0025659231,0.0018587529,0.01868804,0.011707038,-0.016122117,-0.0098482848,0.0062738319,0.63685838,0.93381181,46.812266,43.713847,False,0.88851088,False,False,False,0.63685838,0.93381181,46.812266,43.713847,0.53179379,0.90590248,39.840869,36.091942,0.88842865,1.0034527,24.57831,24.663173,0.3144276,0.8102301,7.9259156,6.4218154,0.48736207,0.9882787,12.041016,11.89988,0.46035632,0.96310852,15.047624,14.492495,0.49703246,0.87250811,18.299293,15.966281,0.59187932,0.89461305,28.604083,25.589586
init,init,-1,,10932,186.Cedar_Waxwing/Cedar_Waxwing_0031_178929.jpg,186,185,186.Cedar_Waxwing,129,128,identity,identity,0,{},5.2200413,5.2200413,0,0.0054071052,0.0054071052,0.033991359,0.033991359,-0.028584254,-0.028584254,0,1,1,49.520228,49.520228,False,0.99999994,True,False,False,1,1,49.520228,49.520228,1,1,40.118245,40.118245,1,1,29.030664,29.030664,1,1,5.2617069,5.2617069,1,1,12.713146,12.713146,1,1,13.406278,13.406278,1,1,17.333996,17.333996,1,1,30.658901,30.658901
init,init,-1,,10932,186.Cedar_Waxwing/Cedar_Waxwing_0031_178929.jpg,186,185,186.Cedar_Waxwing,129,128,horizontal_flip,horizontal_flip,0,"{""flipped"":true}",5.2200413,4.9596968,-0.26034451,0.0054071052,0.0070150555,0.033991359,0.025629433,-0.028584254,-0.018614377,0.0099698766,0.68772969,1.0261738,49.520228,50.816362,False,0.94831812,True,False,False,0.68772969,1.0261738,49.520228,50.816362,0.55933839,1.0458375,40.118245,41.957165,0.94815429,0.98753445,29.030664,28.66878,0.19547061,1.4350292,5.2617069,7.5507032,0.38410247,1.0895697,12.713146,13.851859,0.29802611,0.9939035,13.406278,13.324547,0.42737051,1.0678303,17.333996,18.509766,0.70001465,1.026974,30.658901,31.485894
init,init,-1,,10932,186.Cedar_Waxwing/Cedar_Waxwing_0031_178929.jpg,186,185,186.Cedar_Waxwing,129,128,color_jitter,color_jitter,0,"{""brightness"":0.903293,""contrast"":0.692247,""hue"":0.086033,""saturation"":0.664529}",5.2200413,5.1524811,-0.067560196,0.0054071052,0.0057850326,0.033991359,0.03132553,-0.028584254,-0.025540498,0.0030437564,0.8168346,0.91573577,49.520228,45.347444,False,0.95002151,True,False,False,0.8168346,0.91573577,49.520228,45.347444,0.74844505,0.92135589,40.118245,36.963181,0.94990134,0.90490592,29.030664,26.270019,0.68223079,0.82760014,5.2617069,4.3545894,0.61755181,0.9458559,12.713146,12.024805,0.65637222,0.94928587,13.406278,12.72639,0.6456388,0.85095409,17.333996,14.750435,0.82165904,0.93581793,30.658901,28.691149
init,init,-1,,10932,186.Cedar_Waxwing/Cedar_Waxwing_0031_178929.jpg,186,185,186.Cedar_Waxwing,129,128,rotation,rotation,0,"{""angle"":-0.881884}",5.2200413,5.2028561,-0.017185211,0.0054071052,0.0055008312,0.033991359,0.030590585,-0.028584254,-0.025089753,0.0034945006,0.92459708,0.98323583,49.520228,48.690063,False,0.98886526,True,False,False,0.92459708,0.98323583,49.520228,48.690063,0.89089617,0.98253693,40.118245,39.417657,0.98882485,0.98456915,29.030664,28.582696,0.78584219,1.0942647,5.2617069,5.7577003,0.87266802,0.97070709,12.713146,12.340741,0.83828074,1.0280941,13.406278,13.782915,0.84997291,0.99176387,17.333996,17.191231,0.92205522,0.96911309,30.658901,29.711942
init,init,-1,,10932,186.Cedar_Waxwing/Cedar_Waxwing_0031_178929.jpg,186,185,186.Cedar_Waxwing,129,128,random_resized_crop,random_resized_crop,0,"{""area_fraction"":0.575741,""aspect"":0.797099,""fallback"":false,""height"":0.84988,""left"":0.016217,""top"":0.09193,""width"":0.677438}",5.2200413,5.2213097,0.0012683868,0.0054071052,0.0054002525,0.033991359,0.0296,-0.028584254,-0.024199747,0.0043845065,0.73047037,0.91672345,49.520228,45.396355,False,0.93689609,True,False,False,0.73047037,0.91672345,49.520228,45.396355,0.63053346,0.93848841,40.118245,37.650508,0.93674388,0.87365326,29.030664,25.362734,0.51052286,1.3914891,5.2617069,7.3216077,0.53589971,0.9760897,12.713146,12.409171,0.52095122,1.0285899,13.406278,13.789562,0.55974876,0.98368878,17.333996,17.051258,0.70841001,0.88069998,30.658901,27.001293
init,init,-1,,10932,186.Cedar_Waxwing/Cedar_Waxwing_0031_178929.jpg,186,185,186.Cedar_Waxwing,129,128,gaussian_blur,gaussian_blur,0,"{""sigma"":1.421682}",5.2200413,5.2628651,0.042823792,0.0054071052,0.0051804408,0.033991359,0.03025792,-0.028584254,-0.025077479,0.003506775,0.71494686,1.0018406,49.520228,49.611376,False,0.92646998,True,False,False,0.71494686,1.0018406,49.520228,49.611376,0.61454015,1.030871,40.118245,41.356734,0.92623463,0.94392336,29.030664,27.402722,0.23227344,1.6008735,5.2617069,8.4233271,0.46321443,1.1033687,12.713146,14.027288,0.50868746,1.1838427,13.406278,15.870925,0.53486206,1.0896699,17.333996,18.888335,0.72663715,0.9419508,30.658901,28.879176
init,init,-1,,10932,186.Cedar_Waxwing/Cedar_Waxwing_0031_178929.jpg,186,185,186.Cedar_Waxwing,129,128,random_erasing,random_erasing,0,"{""area_fraction"":0.133673,""erased"":true,""height"":0.345793,""left"":0.387989,""top"":0.503623,""width"":0.386571}",5.2200413,4.91013,-0.30991125,0.0054071052,0.0073715299,0.033991359,0.022621026,-0.028584254,-0.015249496,0.013334758,0.71563058,1.1450449,49.520228,56.702884,False,0.91206974,False,False,False,0.71563058,1.1450449,49.520228,56.702884,0.62707022,1.1920598,40.118245,47.823346,0.91172309,1.0494237,29.030664,30.465467,0.42582487,1.8171327,5.2617069,9.5612196,0.65754745,1.4710689,12.713146,18.701914,0.5636642,1.2649042,13.406278,16.957657,0.58654029,1.1841963,17.333996,20.526855,0.66598286,1.0998155,30.658901,33.719134
init,init,-1,,7598,130.Tree_Sparrow/Tree_Sparrow_0039_124140.jpg,130,129,130.Tree_Sparrow,186,185,identity,identity,0,{},5.7232141,5.7232141,0,0.0032691867,0.0032691867,0.015609598,0.015609598,-0.012340411,-0.012340411,0,1,1,47.137682,47.137682,False,1,True,False,False,1,1,47.137682,47.137682,1,1,40.658492,40.658492,1,1,23.850536,23.850536,1,1,9.1060053,9.1060053,1,1,14.990658,14.990658,1,1,16.283209,16.283209,1,1,16.751933,16.751933,1,1,28.279031,28.279031
init,init,-1,,7598,130.Tree_Sparrow/Tree_Sparrow_0039_124140.jpg,130,129,130.Tree_Sparrow,186,185,horizontal_flip,horizontal_flip,0,"{""flipped"":true}",5.7232141,5.4439487,-0.2792654,0.0032691867,0.0043223812,0.015609598,0.016927216,-0.012340411,-0.012604835,-0.0002644239,0.67587013,1.0157534,47.137682,47.88026,False,0.96449804,True,False,False,0.67587013,1.0157534,47.137682,47.88026,0.56990389,0.99705602,40.658492,40.538794,0.96447103,1.0682334,23.850536,25.477941,-0.1048393,0.87042892,9.1060053,7.9261304,0.48232364,1.029263,14.990658,15.42933,0.58059116,1.0513801,16.283209,17.119842,0.46343456,0.9800191,16.751933,16.417215,0.69142931,0.98753554,28.279031,27.926548
init,init,-1,,7598,130.Tree_Sparrow/Tree_Sparrow_0039_124140.jpg,130,129,130.Tree_Sparrow,186,185,color_jitter,color_jitter,0,"{""brightness"":0.912241,""contrast"":0.924698,""hue"":0.051104,""saturation"":1.274153}",5.7232141,5.5418077,-0.1814065,0.0032691867,0.0039194361,0.015609598,0.014697393,-0.012340411,-0.010777957,0.0015624538,0.81642994,0.98788573,47.137682,46.566643,False,0.96261716,False,False,False,0.81642994,0.98788573,47.137682,46.566643,0.76379728,0.97464264,40.658492,39.6275,0.96258536,1.0254008,23.850536,24.45636,0.68128458,0.85416502,9.1060053,7.7780312,0.67568934,0.91512259,14.990658,13.71829,0.71408473,1.0272719,16.283209,16.727284,0.7005954,0.98626649,16.751933,16.521871,0.83533215,0.98053571,28.279031,27.7286
init,init,-1,,7598,130.Tree_Sparrow/Tree_Sparrow_0039_124140.jpg,130,129,130.Tree_Sparrow,186,185,rotation,rotation,0,"{""angle"":-2.282451}",5.7232141,5.7223721,-0.00084209442,0.0032691867,0.0032719406,0.015609598,0.013838097,-0.012340411,-0.010566156,0.0017742552,0.81190312,1.0924836,47.137682,51.497144,False,0.95342994,False,False,False,0.81190312,1.0924836,47.137682,51.497144,0.76294018,1.0908323,40.658492,44.351597,0.95336876,1.0972682,23.850536,26.170435,0.8434782,1.0435782,9.1060053,9.5028285,0.78132151,1.0129659,14.990658,15.185025,0.66865009,1.1854656,16.283209,19.303184,0.67994654,1.157807,16.751933,19.395506,0.81905766,1.0593096,28.279031,29.956249
init,init,-1,,7598,130.Tree_Sparrow/Tree_Sparrow_0039_124140.jpg,130,129,130.Tree_Sparrow,186,185,random_resized_crop,random_resized_crop,0,"{""area_fraction"":0.583443,""aspect"":1.202625,""fallback"":false,""height"":0.696521,""left"":0.026281,""top"":0.178893,""width"":0.837653}",5.7232141,5.8157291,0.092514992,0.0032691867,0.002980307,0.015609598,0.017290786,-0.012340411,-0.014310479,-0.0019700679,0.67268503,1.1734432,47.137682,55.313391,False,0.92691898,False,False,False,0.67268503,1.1734432,47.137682,55.313391,0.58596984,1.1758348,40.658492,47.807669,0.92672577,1.1664652,23.850536,27.82082,0.57186387,1.0301939,9.1060053,9.380951,0.53849428,1.2570538,14.990658,18.844064,0.50199001,1.2833876,16.283209,20.897669,0.49339624,1.227379,16.751933,20.560971,0.67364366,1.1086989,28.279031,31.352929
init,init,-1,,7598,130.Tree_Sparrow/Tree_Sparrow_0039_124140.jpg,130,129,130.Tree_Sparrow,186,185,gaussian_blur,gaussian_blur,0,"{""sigma"":1.952207}",5.7232141,5.8090477,0.085833549,0.0032691867,0.0030002852,0.015609598,0.010541363,-0.012340411,-0.0075410774,0.0047993336,0.54813167,1.2912866,47.137682,60.868259,False,0.88353956,False,False,False,0.54813167,1.2912866,47.137682,60.868259,0.44397553,1.3211671,40.658492,53.716663,0.88323863,1.2002371,23.850536,28.6263,0.12572904,1.1286284,9.1060053,10.277296,0.21325857,1.5570204,14.990658,23.34076,0.38053324,1.4215143,16.283209,23.146814,0.38575442,1.4132066,16.751933,23.673942,0.61495662,1.1933448,28.279031,33.746636
init,init,-1,,7598,130.Tree_Sparrow/Tree_Sparrow_0039_124140.jpg,130,129,130.Tree_Sparrow,186,185,random_erasing,random_erasing,0,"{""area_fraction"":0.129329,""erased"":true,""height"":0.353103,""left"":0.013885,""top"":0.165811,""width"":0.366265}",5.7232141,5.8621616,0.13894749,0.0032691867,0.0028450857,0.015609598,0.014978311,-0.012340411,-0.012133225,0.00020718575,0.85959526,1.0509311,47.137682,49.538455,False,0.97299916,False,False,False,0.85959526,1.0509311,47.137682,49.538455,0.81962107,1.0437689,40.658492,42.438069,0.9729774,1.0714732,23.850536,25.555211,0.77606057,0.77420762,9.1060053,7.0499387,0.80038423,0.953613,14.990658,14.295286,0.81218311,1.0750002,16.283209,17.504454,0.76123103,1.1349751,16.751933,19.013028,0.85748239,1.0484259,28.279031,29.648469
init,init,-1,,5609,096.Hooded_Oriole/Hooded_Oriole_0079_89978.jpg,96,95,096.Hooded_Oriole,4,3,identity,identity,0,{},5.6024828,5.6024828,0,0.0036886937,0.0036886937,0.040186483,0.040186483,-0.03649779,-0.03649779,0,1,1,49.0639,49.0639,False,1,True,False,False,1,1,49.0639,49.0639,1,1,40.564515,40.564515,1,1,27.600478,27.600478,1,1,9.8595214,9.8595214,1,1,12.325614,12.325614,1,1,15.83453,15.83453,1,1,17.988303,17.988303,1,1,28.671198,28.671198
init,init,-1,,5609,096.Hooded_Oriole/Hooded_Oriole_0079_89978.jpg,96,95,096.Hooded_Oriole,4,3,horizontal_flip,horizontal_flip,0,"{""flipped"":true}",5.6024828,5.5804925,-0.021990299,0.0036886937,0.0037707086,0.040186483,0.022811528,-0.03649779,-0.01904082,0.01745697,0.64418977,0.9732275,49.0639,47.750337,False,0.96234012,False,False,False,0.64418977,0.9732275,49.0639,47.750337,0.49112379,0.96059492,40.564515,38.966067,0.96214858,0.99996971,27.600478,27.599642,0.15874962,0.75765576,9.8595214,7.4701231,0.34039514,0.92910437,12.325614,11.451782,0.26300395,0.83090881,15.83453,13.15705,0.38669778,0.97049763,17.988303,17.457605,0.64505486,1.0189765,28.671198,29.215277
init,init,-1,,5609,096.Hooded_Oriole/Hooded_Oriole_0079_89978.jpg,96,95,096.Hooded_Oriole,4,3,color_jitter,color_jitter,0,"{""brightness"":1.017525,""contrast"":1.348068,""hue"":-0.048601,""saturation"":1.235321}",5.6024828,5.5199876,-0.082495213,0.0036886937,0.0040058973,0.040186483,0.030018993,-0.03649779,-0.026013095,0.010484694,0.73522504,1.0932878,49.0639,53.640964,False,0.93505472,True,False,False,0.73522504,1.0932878,49.0639,53.640964,0.64435197,1.0990081,40.564515,44.58073,0.93488528,1.0808285,27.600478,29.831384,0.50899605,0.65355647,9.8595214,6.443754,0.54957513,1.1027237,12.325614,13.591747,0.52890219,1.1307518,15.83453,17.904923,0.57507999,1.1671411,17.988303,20.994886,0.74312298,1.1028423,28.671198,31.619811
init,init,-1,,5609,096.Hooded_Oriole/Hooded_Oriole_0079_89978.jpg,96,95,096.Hooded_Oriole,4,3,rotation,rotation,0,"{""angle"":-3.416476}",5.6024828,5.3948488,-0.20763397,0.0036886937,0.0045399065,0.040186483,0.0443835,-0.03649779,-0.039843593,-0.0033458036,0.79805983,0.93832723,49.0639,46.037993,False,0.97369069,True,False,False,0.79805983,0.93832723,49.0639,46.037993,0.71193191,0.91863979,40.564515,37.264178,0.97363824,0.97950308,27.600478,27.034753,0.48602682,0.68985967,9.8595214,6.8016862,0.48525856,0.85647393,12.325614,10.556567,0.5460181,0.8336782,15.83453,13.200902,0.65092302,0.90800555,17.988303,16.333479,0.83773683,0.98023808,28.671198,28.1046
init,init,-1,,5609,096.Hooded_Oriole/Hooded_Oriole_0079_89978.jpg,96,95,096.Hooded_Oriole,4,3,random_resized_crop,random_resized_crop,0,"{""area_fraction"":0.720612,""aspect"":1.062383,""fallback"":false,""height"":0.823588,""left"":0.016411,""top"":0.125471,""width"":0.874967}",5.6024828,5.5513539,-0.051128864,0.0036886937,0.0038821972,0.040186483,0.031883698,-0.03649779,-0.028001501,0.0084962889,0.69228248,0.94594714,49.0639,46.411856,False,0.96826321,True,False,False,0.69228248,0.94594714,49.0639,46.411856,0.56313447,0.94259381,40.564515,38.235861,0.96818546,0.95315015,27.600478,26.3074,-0.41442088,0.62051951,9.8595214,6.1180254,0.16201366,0.96602618,12.325614,11.906866,0.46281534,0.88427136,15.83453,14.002021,0.52932136,0.99071187,17.988303,17.821225,0.7575432,0.96728074,28.671198,27.733098
init,init,-1,,5609,096.Hooded_Oriole/Hooded_Oriole_0079_89978.jpg,96,95,096.Hooded_Oriole,4,3,gaussian_blur,gaussian_blur,0,"{""sigma"":1.839995}",5.6024828,5.4318767,-0.17060614,0.0036886937,0.0043748771,0.040186483,0.025153747,-0.03649779,-0.02077887,0.01571892,0.64882916,0.99156709,49.0639,48.650149,False,0.93064392,True,False,False,0.64882916,0.99156709,49.0639,48.650149,0.53094197,1.019436,40.564515,41.352926,0.93039384,0.92851918,27.600478,25.627574,-0.061652934,0.93794154,9.8595214,9.2476547,0.27096395,1.0331052,12.325614,12.733656,0.43451396,0.99619278,15.83453,15.774244,0.49106329,1.094977,17.988303,19.696777,0.69336229,1.0021702,28.671198,28.733422
init,init,-1,,5609,096.Hooded_Oriole/Hooded_Oriole_0079_89978.jpg,96,95,096.Hooded_Oriole,4,3,random_erasing,random_erasing,0,"{""area_fraction"":0.052371,""erased"":true,""height"":0.260197,""left"":0.075919,""top"":0.017121,""width"":0.201274}",5.6024828,5.5299044,-0.07257843,0.0036886937,0.0039663697,0.040186483,0.03453454,-0.03649779,-0.03056817,0.0059296193,0.9321115,0.97967436,49.0639,48.066645,False,0.98785448,True,False,False,0.9321115,0.97967436,49.0639,48.066645,0.90631573,0.97963273,40.564515,39.738326,0.98782359,0.97976427,27.600478,27.041963,0.95192893,0.98136823,9.8595214,9.675821,0.85085298,1.0090945,12.325614,12.43771,0.9070413,0.93934389,15.83453,14.874069,0.8772098,0.97562818,17.988303,17.549895,0.92287756,0.98747821,28.671198,28.312183
init,init,-1,,7001,120.Fox_Sparrow/Fox_Sparrow_0113_114389.jpg,120,119,120.Fox_Sparrow,46,45,identity,identity,0,{},6.1398282,6.1398282,0,0.0021552939,0.0021552939,0.022600919,0.022600919,-0.020445625,-0.020445625,0,1,1,47.359734,47.359734,False,0.99999988,True,False,False,1,1,47.359734,47.359734,1,1,39.51417,39.51417,1,1,26.106988,26.106988,1,1,4.9961316,4.9961316,1,1,12.421588,12.421588,1,1,18.39414,18.39414,1,1,18.041543,18.041543,1,1,26.800574,26.800574
init,init,-1,,7001,120.Fox_Sparrow/Fox_Sparrow_0113_114389.jpg,120,119,120.Fox_Sparrow,46,45,horizontal_flip,horizontal_flip,0,"{""flipped"":true}",6.1398282,6.2555389,0.11571074,0.0021552939,0.0019197909,0.022600919,0.019630199,-0.020445625,-0.017710408,0.0027352166,0.68822016,1.0620423,47.359734,50.298041,False,0.9688803,False,False,False,0.68822016,1.0620423,47.359734,50.298041,0.55713481,1.0377181,39.51417,41.004569,0.96873972,1.1157678,26.106988,29.129336,0.44669697,1.0552499,4.9961316,5.2721675,0.27993197,1.1577969,12.421588,14.381677,0.4995063,0.98755282,18.39414,18.165185,0.50988187,1.0052256,18.041543,18.13582,0.67422674,1.0473254,26.800574,28.068923
init,init,-1,,7001,120.Fox_Sparrow/Fox_Sparrow_0113_114389.jpg,120,119,120.Fox_Sparrow,46,45,color_jitter,color_jitter,0,"{""brightness"":0.798991,""contrast"":1.093315,""hue"":0.004048,""saturation"":1.150317}",6.1398282,6.1827345,0.042906284,0.0021552939,0.0020647736,0.022600919,0.02233427,-0.020445625,-0.020269497,0.00017612847,0.92406644,0.99230566,47.359734,46.995332,False,0.99404466,False,False,False,0.92406644,0.99230566,47.359734,46.995332,0.89320393,0.98898919,39.51417,39.079087,0.99403664,0.99986166,26.106988,26.103376,0.64780033,1.0557129,4.9961316,5.2744804,0.79154165,0.92500624,12.421588,11.490047,0.88586632,0.98271964,18.39414,18.076283,0.88391618,0.9982588,18.041543,18.010129,0.93059435,0.99856929,26.800574,26.76223
init,init,-1,,7001,120.Fox_Sparrow/Fox_Sparrow_0113_114389.jpg,120,119,120.Fox_Sparrow,46,45,rotation,rotation,0,"{""angle"":10.771701}",6.1398282,6.4140081,0.27417994,0.0021552939,0.0016384446,0.022600919,0.023208912,-0.020445625,-0.021570468,-0.0011248428,0.68109042,1.0344037,47.359734,48.989084,False,0.9378019,False,False,False,0.68109042,1.0344037,47.359734,48.989084,0.56841207,1.0325571,39.51417,40.800636,0.93771787,1.0386216,26.106988,27.115282,0.33302114,1.2922938,4.9961316,6.4564697,0.36606695,1.0661953,12.421588,13.243839,0.54350479,0.92989459,18.39414,17.104611,0.49112575,1.0445014,18.041543,18.844416,0.66946939,1.0553124,26.800574,28.282978
init,init,-1,,7001,120.Fox_Sparrow/Fox_Sparrow_0113_114389.jpg,120,119,120.Fox_Sparrow,46,45,random_resized_crop,random_resized_crop,0,"{""area_fraction"":0.6966,""aspect"":1.090783,""fallback"":false,""height"":0.79914,""left"":0.031707,""top"":0.038585,""width"":0.871688}",6.1398282,5.9955926,-0.14423561,0.0021552939,0.0024897016,0.022600919,0.018439837,-0.020445625,-0.015950135,0.0044954899,0.70031191,1.0366189,47.359734,49.093997,False,0.94709128,False,False,False,0.70031191,1.0366189,47.359734,49.093997,0.58480966,1.0116603,39.51417,39.974915,0.94689887,1.0916461,26.106988,28.499592,0.52854733,1.146565,4.9961316,5.7283898,0.31411515,1.113602,12.421588,13.832706,0.56260525,0.93859302,18.39414,17.264612,0.53204919,0.98891566,18.041543,17.841564,0.68428149,1.0269094,26.800574,27.521762
init,init,-1,,7001,120.Fox_Sparrow/Fox_Sparrow_0113_114389.jpg,120,119,120.Fox_Sparrow,46,45,gaussian_blur,gaussian_blur,0,"{""sigma"":1.067545}",6.1398282,6.076036,-0.063792229,0.0021552939,0.0022972652,0.022600919,0.016783291,-0.020445625,-0.014486026,0.0059595988,0.77056235,1.0637246,47.359734,50.377714,False,0.95033884,False,False,False,0.77056235,1.0637246,47.359734,50.377714,0.69242599,1.0650177,39.51417,42.08329,0.95028258,1.0607564,26.106988,27.693154,0.53269756,1.0335838,4.9961316,5.163921,0.4696346,1.0618922,12.421588,13.190387,0.65732463,0.96393203,18.39414,17.730701,0.65120571,1.0928748,18.041543,19.717148,0.77885977,1.0987967,26.800574,29.448382
init,init,-1,,7001,120.Fox_Sparrow/Fox_Sparrow_0113_114389.jpg,120,119,120.Fox_Sparrow,46,45,random_erasing,random_erasing,0,"{""area_fraction"":0.188297,""erased"":true,""height"":0.661532,""left"":0.146965,""top"":0.055495,""width"":0.284638}",6.1398282,6.1664925,0.026664257,0.0021552939,0.0020985836,0.022600919,0.030111538,-0.020445625,-0.028012955,-0.0075673296,0.7537557,1.0033201,47.359734,47.516971,False,0.95345545,True,False,False,0.7537557,1.0033201,47.359734,47.516971,0.66165427,0.98433189,39.51417,38.895057,0.95333283,1.0455196,26.106988,27.295367,0.4783285,0.95485786,4.9961316,4.7705956,0.50012513,0.9567904,12.421588,11.884857,0.61151774,0.89925471,18.39414,16.541017,0.61573193,0.9810219,18.041543,17.699148,0.74209294,1.0299585,26.800574,27.603478
init,init,-1,,7653,131.Vesper_Sparrow/Vesper_Sparrow_0070_125555.jpg,131,130,131.Vesper_Sparrow,129,128,identity,identity,0,{},6.1440744,6.1440744,0,0.0021461614,0.0021461614,0.023217315,0.023217315,-0.021071153,-0.021071153,0,1,1,43.157424,43.157424,False,1,True,False,False,1,1,43.157424,43.157424,1,1,35.773863,35.773863,1,1,24.141126,24.141126,1,1,6.5016046,6.5016046,1,1,11.214478,11.214478,1,1,15.084705,15.084705,1,1,15.516627,15.516627,1,1,25.365722,25.365722
init,init,-1,,7653,131.Vesper_Sparrow/Vesper_Sparrow_0070_125555.jpg,131,130,131.Vesper_Sparrow,129,128,horizontal_flip,horizontal_flip,0,"{""flipped"":true}",6.1440744,6.0005031,-0.14357138,0.0021461614,0.0024775052,0.023217315,0.021168377,-0.021071153,-0.018690872,0.0023802815,0.70654985,0.95776224,43.157424,41.334551,False,0.96125698,True,False,False,0.70654985,0.95776224,43.157424,41.334551,0.59358445,0.96537335,35.773863,34.535134,0.96124558,0.94083283,24.141126,22.712764,0.62310943,0.8828295,6.5016046,5.7398083,0.5007483,1.1629278,11.214478,13.041627,0.51156367,0.89106535,15.084705,13.441458,0.51455422,0.95650571,15.516627,14.841742,0.67370761,0.95652931,25.365722,24.263057
init,init,-1,,7653,131.Vesper_Sparrow/Vesper_Sparrow_0070_125555.jpg,131,130,131.Vesper_Sparrow,129,128,color_jitter,color_jitter,0,"{""brightness"":1.376602,""contrast"":1.380312,""hue"":0.083627,""saturation"":0.851764}",6.1440744,5.9497466,-0.19432783,0.0021461614,0.0026065009,0.023217315,0.016251525,-0.021071153,-0.013645024,0.0074261294,0.70008005,1.0609787,43.157424,45.789108,False,0.91899973,False,False,False,0.70008005,1.0609787,43.157424,45.789108,0.61530999,1.1038121,35.773863,39.487622,0.91893206,0.96023872,24.141126,23.181244,0.58044399,1.9783814,6.5016046,12.862653,0.53572765,1.2578293,11.214478,14.105899,0.59044297,1.0466448,15.084705,15.788329,0.52402242,1.0263159,15.516627,15.92496,0.6980931,1.0370439,25.365722,26.305368
init,init,-1,,7653,131.Vesper_Sparrow/Vesper_Sparrow_0070_125555.jpg,131,130,131.Vesper_Sparrow,129,128,rotation,rotation,0,"{""angle"":-12.769417}",6.1440744,6.3003769,0.15630245,0.0021461614,0.0018356135,0.023217315,0.033060499,-0.021071153,-0.031224885,-0.010153732,0.66039132,1.2380126,43.157424,53.429434,False,0.90344012,True,False,False,0.66039132,1.2380126,43.157424,53.429434,0.55011297,1.2389217,35.773863,44.321014,0.90312477,1.2360139,24.141126,29.838768,0.45107546,0.92521749,6.5016046,6.0153983,0.37495044,1.397112,11.214478,15.667882,0.54250464,1.3539876,15.084705,20.424504,0.438557,1.1802205,15.516627,18.313041,0.64235578,1.2023499,25.365722,30.498474
init,init,-1,,7653,131.Vesper_Sparrow/Vesper_Sparrow_0070_125555.jpg,131,130,131.Vesper_Sparrow,129,128,random_resized_crop,random_resized_crop,0,"{""area_fraction"":0.74787,""aspect"":0.86262,""fallback"":false,""height"":0.931115,""left"":0.196211,""top"":0.0494,""width"":0.803198}",6.1440744,5.9295864,-0.21448803,0.0021461614,0.0026595814,0.023217315,0.026141668,-0.021071153,-0.023482086,-0.0024109329,0.73736993,1.067078,43.157424,46.052338,False,0.96117324,True,False,False,0.73736993,1.067078,43.157424,46.052338,0.64328377,1.09068,35.773863,39.017836,0.96115033,1.0133228,24.141126,24.462753,0.42528255,0.96294335,6.5016046,6.2606769,0.50356332,1.4026897,11.214478,15.730433,0.61084781,1.1367265,15.084705,17.147184,0.58608515,1.030765,15.516627,15.993996,0.7350457,1.032495,25.365722,26.18998
init,init,-1,,7653,131.Vesper_Sparrow/Vesper_Sparrow_0070_125555.jpg,131,130,131.Vesper_Sparrow,129,128,gaussian_blur,gaussian_blur,0,"{""sigma"":1.859299}",6.1440744,6.0687032,-0.075371265,0.0021461614,0.0023141725,0.023217315,0.028562816,-0.021071153,-0.026248643,-0.0051774899,0.51036803,1.4712784,43.157424,63.496586,False,0.82487625,False,False,False,0.51036803,1.4712784,43.157424,63.496586,0.41056102,1.5884008,35.773863,56.823232,0.82448686,1.1737703,24.141126,28.336137,0.057824597,2.2176337,6.5016046,14.418177,0.25176972,2.4318097,11.214478,27.271476,0.48227851,2.02185,15.084705,30.499012,0.35253708,1.3370091,15.516627,20.745871,0.54271073,1.1936088,25.365722,30.27675
init,init,-1,,7653,131.Vesper_Sparrow/Vesper_Sparrow_0070_125555.jpg,131,130,131.Vesper_Sparrow,129,128,random_erasing,random_erasing,0,"{""area_fraction"":0.052725,""erased"":true,""height"":0.351067,""left"":0.021232,""top"":0.156581,""width"":0.150186}",6.1440744,6.1270719,-0.017002583,0.0021461614,0.0021829638,0.023217315,0.02357352,-0.021071153,-0.021390556,-0.00031940243,0.94078734,1.0308887,43.157424,44.490501,False,0.98943144,True,False,False,0.94078734,1.0308887,43.157424,44.490501,0.91872001,1.0319603,35.773863,36.917205,0.98941054,1.0285317,24.141126,24.829915,0.92631385,0.94425772,6.5016046,6.1391903,0.89659872,1.0897151,11.214478,12.220586,0.91972876,1.0233878,15.084705,15.437504,0.90823967,1.0321387,15.516627,16.015312,0.92693769,1.02882,25.365722,26.096761
init,init,-1,,9715,166.Golden_winged_Warbler/Golden_Winged_Warbler_0083_794801.jpg,166,165,166.Golden_winged_Warbler,46,45,identity,identity,0,{},4.991291,4.991291,0,0.0067968844,0.0067968844,0.026424762,0.026424762,-0.019627878,-0.019627878,0,1,1,60.455199,60.455199,False,1,True,False,False,1,1,60.455199,60.455199,1,1,53.441875,53.441875,1,1,28.262999,28.262999,1,1,8.3317334,8.3317334,1,1,19.296772,19.296772,1,1,22.826585,22.826585,1,1,24.328737,24.328737,1,1,36.07368,36.07368
init,init,-1,,9715,166.Golden_winged_Warbler/Golden_Winged_Warbler_0083_794801.jpg,166,165,166.Golden_winged_Warbler,46,45,horizontal_flip,horizontal_flip,0,"{""flipped"":true}",4.991291,4.9892788,-0.0020122528,0.0067968844,0.0068105743,0.026424762,0.019042412,-0.019627878,-0.012231837,0.00739604,0.66221182,0.97558972,60.455199,58.979471,False,0.95522511,False,False,False,0.66221182,0.97558972,60.455199,58.979471,0.57481975,0.96023595,53.441875,51.316809,0.9551098,1.028613,28.262999,29.071688,0.335091,0.86296225,8.3317334,7.1899714,0.28152003,0.78701203,19.296772,15.186792,0.5781563,0.87837611,22.826585,20.050327,0.46816989,0.99007479,24.328737,24.087269,0.70046552,1.0256293,36.07368,36.998222
init,init,-1,,9715,166.Golden_winged_Warbler/Golden_Winged_Warbler_0083_794801.jpg,166,165,166.Golden_winged_Warbler,46,45,color_jitter,color_jitter,0,"{""brightness"":0.778533,""contrast"":0.949162,""hue"":0.014529,""saturation"":0.900504}",4.991291,4.9409647,-0.050326347,0.0067968844,0.0071477015,0.026424762,0.029933682,-0.019627878,-0.02278598,-0.0031581027,0.91913664,1.0966767,60.455199,66.299807,False,0.99151731,True,False,False,0.91913664,1.0966767,60.455199,66.299807,0.90098571,1.1143557,53.441875,59.553258,0.99148936,1.0309902,28.262999,29.138874,0.79819076,1.3670107,8.3317334,11.389569,0.86664832,1.2232205,19.296772,23.604207,0.88285357,1.2335505,22.826585,28.157745,0.8880552,1.0762906,24.328737,26.18479,0.94269891,1.0302416,36.07368,37.164604
init,init,-1,,9715,166.Golden_winged_Warbler/Golden_Winged_Warbler_0083_794801.jpg,166,165,166.Golden_winged_Warbler,46,45,rotation,rotation,0,"{""angle"":14.180254}",4.991291,5.4755335,0.48424244,0.0067968844,0.0041879923,0.026424762,0.029996792,-0.019627878,-0.0258088,-0.006180922,0.67498074,1.0827238,60.455199,65.456281,False,0.92666209,True,False,False,0.67498074,1.0827238,60.455199,65.456281,0.59956574,1.063711,53.441875,56.84671,0.92630729,1.14813,28.262999,32.449596,0.34948406,1.3225469,8.3317334,11.019108,0.37738342,1.1672021,19.296772,22.523233,0.62640757,1.1036547,22.826585,25.192668,0.53363169,1.0008701,24.328737,24.349905,0.70940892,1.0280147,36.07368,37.084272
init,init,-1,,9715,166.Golden_winged_Warbler/Golden_Winged_Warbler_0083_794801.jpg,166,165,166.Golden_winged_Warbler,46,45,random_resized_crop,random_resized_crop,0,"{""area_fraction"":0.52486,""aspect"":1.053218,""fallback"":false,""height"":0.705932,""left"":0.092062,""top"":0.256346,""width"":0.7435}",4.991291,4.9348564,-0.056434631,0.0067968844,0.0071914913,0.026424762,0.020724086,-0.019627878,-0.013532595,0.0060952827,0.6491598,0.97696323,60.455199,59.062506,False,0.92613244,True,False,False,0.6491598,0.97696323,60.455199,59.062506,0.56126458,0.94243208,53.441875,50.365337,0.92578845,1.0915274,28.262999,30.849837,0.079906816,1.0706375,8.3317334,8.920266,0.41491775,0.96755684,19.296772,18.670724,0.5662265,0.98282546,22.826585,22.434549,0.49028085,0.92470868,24.328737,22.496994,0.66640686,0.9190169,36.07368,33.152321
init,init,-1,,9715,166.Golden_winged_Warbler/Golden_Winged_Warbler_0083_794801.jpg,166,165,166.Golden_winged_Warbler,46,45,gaussian_blur,gaussian_blur,0,"{""sigma"":1.333722}",4.991291,4.9155941,-0.075696945,0.0067968844,0.0073313643,0.026424762,0.020359613,-0.019627878,-0.013028249,0.0065996288,0.62915802,1.0466467,60.455199,63.275234,False,0.89937878,True,False,False,0.62915802,1.0466467,60.455199,63.275234,0.5631509,1.0721246,53.441875,57.296346,0.89919614,0.94997996,28.262999,26.849282,0.011284597,1.4820712,8.3317334,12.348222,0.40021581,1.1021862,19.296772,21.268636,0.60178182,1.1905481,22.826585,27.176147,0.50799942,1.0752901,24.328737,26.160449,0.67475292,0.98209427,36.07368,35.427754
init,init,-1,,9715,166.Golden_winged_Warbler/Golden_Winged_Warbler_0083_794801.jpg,166,165,166.Golden_winged_Warbler,46,45,random_erasing,random_erasing,0,"{""area_fraction"":0.075751,""erased"":true,""height"":0.423708,""left"":0.128099,""top"":0.079528,""width"":0.178781}",4.991291,4.9375744,-0.05371666,0.0067968844,0.0071719764,0.026424762,0.028762007,-0.019627878,-0.021590031,-0.0019621532,0.8404321,1.0763432,60.455199,65.07054,False,0.97472191,True,False,False,0.8404321,1.0763432,60.455199,65.07054,0.80275899,1.0754746,53.441875,57.475379,0.97463847,1.0794429,28.262999,30.508294,0.63473444,1.1034258,8.3317334,9.1934493,0.69182025,1.0037228,19.296772,19.36861,0.80084644,1.1333748,22.826585,25.871075,0.76965832,1.121245,24.328737,27.278475,0.86113118,1.0484012,36.07368,37.819688
init,init,-1,,7616,130.Tree_Sparrow/Tree_Sparrow_0046_125344.jpg,130,129,130.Tree_Sparrow,129,128,identity,identity,0,{},5.6245489,5.6245489,0,0.00360819,0.00360819,0.033705663,0.033705663,-0.030097473,-0.030097473,0,1,1,52.976592,52.976592,False,0.99999994,True,False,False,1,1,52.976592,52.976592,1,1,44.737427,44.737427,1,1,28.373966,28.373966,1,1,5.8142805,5.8142805,1,1,14.509418,14.509418,1,1,19.364104,19.364104,1,1,20.93335,20.93335,1,1,30.723519,30.723519
init,init,-1,,7616,130.Tree_Sparrow/Tree_Sparrow_0046_125344.jpg,130,129,130.Tree_Sparrow,129,128,horizontal_flip,horizontal_flip,0,"{""flipped"":true}",5.6245489,5.4301114,-0.1944375,0.00360819,0.0043826061,0.033705663,0.030745082,-0.030097473,-0.026362475,0.0037349975,0.65529198,1.012683,52.976592,53.648492,False,0.9616493,True,False,False,0.65529198,1.012683,52.976592,53.648492,0.53067637,1.0092953,44.737427,45.153275,0.96154996,1.021056,28.373966,28.971407,0.040062305,1.3482023,5.8142805,7.838826,0.22531537,1.0810209,14.509418,15.684984,0.44220089,0.99121082,19.364104,19.193909,0.44571822,0.96481425,20.93335,20.196795,0.70153667,1.005863,30.723519,30.903651
init,init,-1,,7616,130.Tree_Sparrow/Tree_Sparrow_0046_125344.jpg,130,129,130.Tree_Sparrow,129,128,color_jitter,color_jitter,0,"{""brightness"":1.148133,""contrast"":1.19798,""hue"":0.096655,""saturation"":1.111826}",5.6245489,5.2245798,-0.3999691,0.00360819,0.0053826217,0.033705663,0.016808966,-0.030097473,-0.011426345,0.018671128,0.62929826,0.92201747,52.976592,48.845344,False,0.88417143,False,False,False,0.62929826,0.92201747,52.976592,48.845344,0.52514476,0.91740042,44.737427,41.042134,0.88385369,0.93339654,28.373966,26.484162,0.3662179,1.8144588,5.8142805,10.549772,0.3394821,0.83328972,14.509418,12.090549,0.36884219,0.82305987,19.364104,15.937817,0.42830017,0.86721978,20.93335,18.153816,0.67874778,0.94524966,30.723519,29.041396
init,init,-1,,7616,130.Tree_Sparrow/Tree_Sparrow_0046_125344.jpg,130,129,130.Tree_Sparrow,129,128,rotation,rotation,0,"{""angle"":0.954478}",5.6245489,5.7435241,0.11897516,0.00360819,0.0032034589,0.033705663,0.030576535,-0.030097473,-0.027373076,0.0027243972,0.85944755,1.0300923,52.976592,54.570779,False,0.98145521,True,False,False,0.85944755,1.0300923,52.976592,54.570779,0.81043742,1.030386,44.737427,46.096817,0.98140848,1.0293618,28.373966,29.207077,0.56350898,0.95948586,5.8142805,5.5787199,0.70781026,1.0317029,14.509418,14.969408,0.76964026,1.0392907,19.364104,20.124933,0.78810361,0.99794247,20.93335,20.89028,0.86757365,1.0437291,30.723519,32.067032
init,init,-1,,7616,130.Tree_Sparrow/Tree_Sparrow_0046_125344.jpg,130,129,130.Tree_Sparrow,129,128,random_resized_crop,random_resized_crop,0,"{""area_fraction"":0.615323,""aspect"":1.062526,""fallback"":false,""height"":0.760995,""left"":0.013192,""top"":0.068071,""width"":0.808577}",5.6245489,5.3022099,-0.32233906,0.00360819,0.0049805772,0.033705663,0.030910378,-0.030097473,-0.025929801,0.0041676718,0.66843593,0.89150949,52.976592,47.229134,False,0.93432045,True,False,False,0.66843593,0.89150949,52.976592,47.229134,0.55348905,0.87060941,44.737427,38.948825,0.93411554,0.94145886,28.373966,26.712922,0.507392,1.3757431,5.8142805,7.9989562,0.41253288,0.91714627,14.509418,13.307258,0.4275053,0.82536735,19.364104,15.982499,0.48621923,0.77871218,20.93335,16.301055,0.66696151,0.89420932,30.723519,27.473257
init,init,-1,,7616,130.Tree_Sparrow/Tree_Sparrow_0046_125344.jpg,130,129,130.Tree_Sparrow,129,128,gaussian_blur,gaussian_blur,0,"{""sigma"":1.081601}",5.6245489,5.5303688,-0.094180107,0.00360819,0.0039645256,0.033705663,0.041868977,-0.030097473,-0.037904452,-0.0078069787,0.71364726,1.1278675,52.976592,59.750576,False,0.93914533,True,False,False,0.71364726,1.1278675,52.976592,59.750576,0.62679529,1.1407178,44.737427,51.032778,0.93894676,1.0952685,28.373966,31.077113,0.24273121,1.2346971,5.8142805,7.1788752,0.23398203,1.0975663,14.509418,15.925049,0.59123215,1.1896208,19.364104,23.035941,0.60205049,1.1412248,20.93335,23.889658,0.7542461,1.1264885,30.723519,34.60969
init,init,-1,,7616,130.Tree_Sparrow/Tree_Sparrow_0046_125344.jpg,130,129,130.Tree_Sparrow,129,128,random_erasing,random_erasing,0,"{""area_fraction"":0.18872,""erased"":true,""height"":0.770948,""left"":0.530306,""top"":0.082567,""width"":0.244789}",5.6245489,6.0004406,0.37589169,0.00360819,0.0024776598,0.033705663,0.028955648,-0.030097473,-0.026477988,0.0036194851,0.65893289,1.1900561,52.976592,63.045116,False,0.91728956,False,False,False,0.65893289,1.1900561,52.976592,63.045116,0.55684544,1.1955884,44.737427,53.48755,0.91697157,1.1761899,28.373966,33.373173,0.55513771,1.1911018,5.8142805,6.9254002,0.40813441,1.1358579,14.509418,16.480637,0.48613884,1.167353,19.364104,22.604745,0.52008279,1.1899426,20.93335,24.909486,0.63152449,1.2221413,30.723519,37.548481
init,init,-1,,1905,034.Gray_crowned_Rosy_Finch/Gray_Crowned_Rosy_Finch_0056_797293.jpg,34,33,034.Gray_crowned_Rosy_Finch,129,128,identity,identity,0,{},6.0121384,6.0121384,0,0.0024488457,0.0024488457,0.036601171,0.036601171,-0.034152325,-0.034152325,0,1,1,60.654783,60.654783,False,1,True,False,False,1,1,60.654783,60.654783,1,1,53.191797,53.191797,1,1,29.148507,29.148507,1,1,6.8385658,6.8385658,1,1,20.688294,20.688294,1,1,25.126283,25.126283,1,1,24.338812,24.338812,1,1,33.628676,33.628676
init,init,-1,,1905,034.Gray_crowned_Rosy_Finch/Gray_Crowned_Rosy_Finch_0056_797293.jpg,34,33,034.Gray_crowned_Rosy_Finch,129,128,horizontal_flip,horizontal_flip,0,"{""flipped"":true}",6.0121384,5.7287788,-0.28335953,0.0024488457,0.0032510452,0.036601171,0.026979744,-0.034152325,-0.023728699,0.010423626,0.62483974,0.97447649,60.654783,59.10666,False,0.95711374,False,False,False,0.62483974,0.97447649,60.654783,59.10666,0.52081292,0.96439209,53.191797,51.297748,0.95694372,1.0073309,29.148507,29.362193,0.38283178,1.355128,6.8385658,9.2671318,0.37163201,0.96165359,20.688294,19.894972,0.45605269,0.93050242,25.126283,23.380068,0.44316638,0.92455393,24.338812,22.502544,0.6583914,0.98480318,33.628676,33.117628
init,init,-1,,1905,034.Gray_crowned_Rosy_Finch/Gray_Crowned_Rosy_Finch_0056_797293.jpg,34,33,034.Gray_crowned_Rosy_Finch,129,128,color_jitter,color_jitter,0,"{""brightness"":1.291902,""contrast"":0.676346,""hue"":-0.061413,""saturation"":0.899046}",6.0121384,5.5908294,-0.42130899,0.0024488457,0.003731932,0.036601171,0.038654156,-0.034152325,-0.034922224,-0.00076989876,0.74436164,1.2110261,60.654783,73.454523,False,0.93364221,False,False,False,0.74436164,1.2110261,60.654783,73.454523,0.69530664,1.2425454,53.191797,66.09322,0.9333576,1.0995689,29.148507,32.050792,0.38056503,2.1116001,6.8385658,14.440316,0.53712458,1.3550028,20.688294,28.032695,0.74715742,1.2940745,25.126283,32.515283,0.70149671,1.1728809,24.338812,28.546528,0.76543951,1.1523857,33.628676,38.753207
init,init,-1,,1905,034.Gray_crowned_Rosy_Finch/Gray_Crowned_Rosy_Finch_0056_797293.jpg,34,33,034.Gray_crowned_Rosy_Finch,129,128,rotation,rotation,0,"{""angle"":-1.939992}",6.0121384,6.0663738,0.054235458,0.0024488457,0.0023195688,0.036601171,0.033007193,-0.034152325,-0.030687625,0.0034647007,0.78180535,0.87454463,60.654783,53.045315,False,0.96943915,True,False,False,0.78180535,0.87454463,60.654783,53.045315,0.72035344,0.8520291,53.191797,45.320959,0.96937191,0.94566634,29.148507,27.564762,0.72697436,0.94721695,6.8385658,6.4776054,0.71823159,0.80091818,20.688294,16.569631,0.61413784,0.78026371,25.126283,19.605127,0.64983948,0.84280821,24.338812,20.51295,0.80946835,0.90797994,33.628676,30.534164
init,init,-1,,1905,034.Gray_crowned_Rosy_Finch/Gray_Crowned_Rosy_Finch_0056_797293.jpg,34,33,034.Gray_crowned_Rosy_Finch,129,128,random_resized_crop,random_resized_crop,0,"{""area_fraction"":0.714499,""aspect"":1.082821,""fallback"":false,""height"":0.812311,""left"":0.022904,""top"":0.005487,""width"":0.879588}",6.0121384,6.3023429,0.29020452,0.0024488457,0.0018320077,0.036601171,0.029303892,-0.034152325,-0.027471884,0.0066804413,0.74398452,0.95920496,60.654783,58.180369,False,0.95890534,True,False,False,0.74398452,0.95920496,60.654783,58.180369,0.67905668,0.95769553,53.191797,50.941546,0.95875176,0.96421447,29.148507,28.105413,0.62425844,0.99596534,6.8385658,6.8109745,0.66951056,1.0791073,20.688294,22.324888,0.59927393,0.90111621,25.126283,22.641701,0.59329309,0.90766019,24.338812,22.091371,0.77266094,0.96337889,33.628676,32.397157
init,init,-1,,1905,034.Gray_crowned_Rosy_Finch/Gray_Crowned_Rosy_Finch_0056_797293.jpg,34,33,034.Gray_crowned_Rosy_Finch,129,128,gaussian_blur,gaussian_blur,0,"{""sigma"":1.798872}",6.0121384,6.3123693,0.30023098,0.0024488457,0.0018137313,0.036601171,0.025994288,-0.034152325,-0.024180557,0.0099717687,0.52427785,1.0766608,60.654783,65.304629,False,0.87632906,False,False,False,0.52427785,1.0766608,60.654783,65.304629,0.43357863,1.1083941,53.191797,58.957472,0.87582793,0.96347985,29.148507,28.084,0.38414144,1.6610523,6.8385658,11.359215,0.35716891,1.1644226,20.688294,24.089916,0.23503509,1.1434425,25.126283,28.730459,0.40174408,1.1239399,24.338812,27.355361,0.61536892,1.0270398,33.628676,34.537989
init,init,-1,,1905,034.Gray_crowned_Rosy_Finch/Gray_Crowned_Rosy_Finch_0056_797293.jpg,34,33,034.Gray_crowned_Rosy_Finch,129,128,random_erasing,random_erasing,0,"{""area_fraction"":0.185311,""erased"":true,""height"":0.418088,""left"":0.212609,""top"":0.269952,""width"":0.443234}",6.0121384,5.4661217,-0.54601669,0.0024488457,0.0042275954,0.036601171,0.024469731,-0.034152325,-0.020242136,0.013910189,0.67381083,1.105909,60.654783,67.078672,False,0.90788269,False,False,False,0.67381083,1.105909,60.654783,67.078672,0.60190714,1.0994312,53.191797,58.480723,0.90751609,1.1272123,29.148507,32.856555,0.42753057,1.0562247,6.8385658,7.2230622,0.52106578,0.99658009,20.688294,20.617542,0.54042169,1.0019681,25.126283,25.175734,0.56369322,1.0795782,24.338812,26.27565,0.68491587,1.1963223,33.628676,40.230734
init,init,-1,,5621,096.Hooded_Oriole/Hooded_Oriole_0075_90788.jpg,96,95,096.Hooded_Oriole,129,128,identity,identity,0,{},5.358799,5.358799,0,0.0047065564,0.0047065564,0.030720001,0.030720001,-0.026013445,-0.026013445,0,1,1,46.224472,46.224472,False,1,True,False,False,1,1,46.224472,46.224472,1,1,36.862824,36.862824,1,1,27.889675,27.889675,1,1,8.1305141,8.1305141,1,1,11.522878,11.522878,1,1,14.224621,14.224621,1,1,14.884887,14.884887,1,1,27.130906,27.130906
init,init,-1,,5621,096.Hooded_Oriole/Hooded_Oriole_0075_90788.jpg,96,95,096.Hooded_Oriole,129,128,horizontal_flip,horizontal_flip,0,"{""flipped"":true}",5.358799,5.0764046,-0.28239441,0.0047065564,0.0062423148,0.030720001,0.027787026,-0.026013445,-0.021544711,0.0044687334,0.66469918,0.91417417,46.224472,42.257218,False,0.95272541,True,False,False,0.66469918,0.91417417,46.224472,42.257218,0.49316655,0.90027878,36.862824,33.186818,0.95267757,0.93795546,27.889675,26.159273,-0.010524159,0.57370583,8.1305141,4.6645233,0.1921997,0.82869922,11.522878,9.549,0.32531266,0.85986787,14.224621,12.231294,0.35602572,0.94157943,14.884887,14.015304,0.65687848,0.93419002,27.130906,25.345422
init,init,-1,,5621,096.Hooded_Oriole/Hooded_Oriole_0075_90788.jpg,96,95,096.Hooded_Oriole,129,128,color_jitter,color_jitter,0,"{""brightness"":0.872195,""contrast"":0.816462,""hue"":-0.029811,""saturation"":0.609636}",5.358799,5.1705332,-0.1882658,0.0047065564,0.0056815371,0.030720001,0.04747127,-0.026013445,-0.041789733,-0.015776288,0.78877951,1.1092588,46.224472,51.274902,False,0.93230253,True,False,False,0.78877951,1.1092588,46.224472,51.274902,0.70620188,1.106488,36.862824,40.78827,0.93206998,1.1140829,27.889675,31.071411,0.5329959,0.80449974,8.1305141,6.5409965,0.37228111,1.0572988,11.522878,12.183125,0.69200395,1.1287926,14.224621,16.056647,0.68183261,1.1616307,14.884887,17.290742,0.78890141,1.1153433,27.130906,30.260274
init,init,-1,,5621,096.Hooded_Oriole/Hooded_Oriole_0075_90788.jpg,96,95,096.Hooded_Oriole,129,128,rotation,rotation,0,"{""angle"":-6.376053}",5.358799,4.9611316,-0.39766741,0.0047065564,0.0070049963,0.030720001,0.030544223,-0.026013445,-0.023539227,0.0024742177,0.7658409,0.96466155,46.224472,44.59097,False,0.96024883,True,False,False,0.7658409,0.96466155,46.224472,44.59097,0.65027032,0.95028448,36.862824,35.030169,0.96017157,0.98927692,27.889675,27.590612,0.39732404,0.77981844,8.1305141,6.3403248,0.33820034,0.90880059,11.522878,10.471998,0.56321224,0.85920368,14.224621,12.221846,0.54152135,0.95576177,14.884887,14.226406,0.77428587,0.99277367,27.130906,26.934849
init,init,-1,,5621,096.Hooded_Oriole/Hooded_Oriole_0075_90788.jpg,96,95,096.Hooded_Oriole,129,128,random_resized_crop,random_resized_crop,0,"{""area_fraction"":0.540717,""aspect"":1.3012,""fallback"":false,""height"":0.644634,""left"":0.015665,""top"":0.13912,""width"":0.838798}",5.358799,5.2936792,-0.065119743,0.0047065564,0.0050232452,0.030720001,0.038524799,-0.026013445,-0.033501554,-0.0074881092,0.6741852,1.0200058,46.224472,47.149231,False,0.95828515,True,False,False,0.6741852,1.0200058,46.224472,47.149231,0.51470801,1.0269371,36.862824,37.8558,0.95816197,1.0077827,27.889675,28.106732,-0.11441353,1.0499553,8.1305141,8.5366763,0.24731113,1.009749,11.522878,11.635215,0.37423699,0.92755763,14.224621,13.194155,0.40428202,1.0506956,14.884887,15.639485,0.68633649,1.0464972,27.130906,28.392417
init,init,-1,,5621,096.Hooded_Oriole/Hooded_Oriole_0075_90788.jpg,96,95,096.Hooded_Oriole,129,128,gaussian_blur,gaussian_blur,0,"{""sigma"":1.664934}",5.358799,5.8321276,0.47332859,0.0047065564,0.0029318326,0.030720001,0.06481678,-0.026013445,-0.061884948,-0.035871503,0.70914708,1.1823954,46.224472,54.6556,False,0.94034714,True,False,False,0.70914708,1.1823954,46.224472,54.6556,0.57455533,1.1733592,36.862824,43.253335,0.9395346,1.1980178,27.889675,33.412328,0.30820231,0.69264923,8.1305141,5.6315943,0.29844492,1.0439952,11.522878,12.029829,0.4525317,1.1774143,14.224621,16.748271,0.49313563,1.3049042,14.884887,19.423352,0.69857522,1.1867285,27.130906,32.197021
init,init,-1,,5621,096.Hooded_Oriole/Hooded_Oriole_0075_90788.jpg,96,95,096.Hooded_Oriole,129,128,random_erasing,random_erasing,0,"{""area_fraction"":0.183816,""erased"":true,""height"":0.655242,""left"":0.225746,""top"":0.322343,""width"":0.280531}",5.358799,5.2956657,-0.06313324,0.0047065564,0.0050132759,0.030720001,0.066069007,-0.026013445,-0.061055731,-0.035042286,0.68444766,1.2635598,46.224472,58.407382,False,0.9314785,True,False,False,0.68444766,1.2635598,46.224472,58.407382,0.54705695,1.2748488,36.862824,46.994525,0.93063583,1.2435921,27.889675,34.683381,0.33984924,0.63118065,8.1305141,5.1318232,0.28054733,1.207217,11.522878,13.910614,0.50446679,1.3412481,14.224621,19.078746,0.4745798,1.4224253,14.884887,21.17264,0.64701563,1.2641739,27.130906,34.298183
experiment_0a_best,file,16,,3891,067.Anna_Hummingbird/Anna_Hummingbird_0118_55773.jpg,67,66,067.Anna_Hummingbird,69,68,identity,identity,0,{},2.3096535,2.3096535,0,0.099295661,0.099295661,0.62241709,0.62241709,-0.52312143,-0.52312143,0,1,1,198.63606,198.63606,False,1,True,False,False,1,1,198.63606,198.63606,1,1,195.55213,195.55213,1,1,34.86612,34.86612,1,1,44.303588,44.303588,1,1,109.76283,109.76283,1,1,104.56792,104.56792,1,1,83.683719,83.683719,1,1,79.325499,79.325499
experiment_0a_best,file,16,,3891,067.Anna_Hummingbird/Anna_Hummingbird_0118_55773.jpg,67,66,067.Anna_Hummingbird,69,68,horizontal_flip,horizontal_flip,0,"{""flipped"":true}",2.3096535,4.4373636,2.1277101,0.099295661,0.011827076,0.62241709,0.93692917,-0.52312143,-0.92510209,-0.40198066,0.68946456,1.2823727,198.63606,254.72546,False,0.95897573,True,False,False,0.68946456,1.2823727,198.63606,254.72546,0.68167494,1.2823544,195.55213,250.76715,0.93438961,1.2829473,34.86612,44.731393,0.76799166,1.1491393,44.303588,50.910995,0.72447159,1.255121,109.76283,137.76563,0.65680577,1.3208858,104.56792,138.12228,0.60341888,1.2780088,83.683719,106.94853,0.71018281,1.3099085,79.325499,103.90914
experiment_0a_best,file,16,,3891,067.Anna_Hummingbird/Anna_Hummingbird_0118_55773.jpg,67,66,067.Anna_Hummingbird,69,68,color_jitter,color_jitter,0,"{""brightness"":0.675779,""contrast"":0.930573,""hue"":-0.018551,""saturation"":0.613646}",2.3096535,1.0566363,-1.2530172,0.099295661,0.34762314,0.62241709,0.32393143,-0.52312143,0.023691714,0.54681315,0.77400426,0.67064272,198.63606,133.21383,False,0.94556439,False,False,True,0.77400426,0.67064272,198.63606,133.21383,0.76902689,0.67098893,195.55213,131.21332,0.93337566,0.65965921,34.86612,22.999757,0.25190213,0.82452364,44.303588,36.529356,0.82099735,0.6693178,109.76283,73.466218,0.81441896,0.64576181,104.56792,67.525971,0.77073467,0.68719794,83.683719,57.507279,0.79935049,0.64506902,79.325499,51.170421
experiment_0a_best,file,16,,3891,067.Anna_Hummingbird/Anna_Hummingbird_0118_55773.jpg,67,66,067.Anna_Hummingbird,69,68,rotation,rotation,0,"{""angle"":-12.795946}",2.3096535,1.8718897,-0.43776381,0.099295661,0.15383269,0.62241709,0.62429237,-0.52312143,-0.47045968,0.052661747,0.76677889,1.0584375,198.63606,210.24386,False,0.94630277,True,False,False,0.76677889,1.0584375,198.63606,210.24386,0.76231307,1.0629554,195.55213,207.8632,0.94149931,0.90487475,34.86612,31.549471,0.78200084,1.158117,44.303588,51.308737,0.80435911,1.0593428,109.76283,116.27646,0.75075688,1.0460204,104.56792,109.38018,0.71108678,1.1141486,83.683719,93.236099,0.75779888,1.0082912,79.325499,79.983199
experiment_0a_best,file,16,,3891,067.Anna_Hummingbird/Anna_Hummingbird_0118_55773.jpg,67,66,067.Anna_Hummingbird,69,68,random_resized_crop,random_resized_crop,0,"{""area_fraction"":0.5383,""aspect"":1.218286,""fallback"":false,""height"":0.664718,""left"":0.074977,""top"":0.165915,""width"":0.809817}",2.3096535,0.18687633,-2.1227772,0.099295661,0.82954633,0.62241709,0.038982656,-0.52312143,0.79056368,1.3136851,0.62493993,0.19472639,198.63606,38.679682,False,0.87716198,False,False,True,0.62493993,0.19472639,198.63606,38.679682,0.62060612,0.19575907,195.55213,38.281104,0.80628542,0.15885019,34.86612,5.5384899,0.59310574,0.25267991,44.303588,11.194627,0.73528637,0.1895381,109.76283,20.804238,0.54962628,0.19179255,104.56792,20.055349,0.55154104,0.19755873,83.683719,16.532449,0.62677106,0.19191723,79.325499,15.22393
experiment_0a_best,file,16,,3891,067.Anna_Hummingbird/Anna_Hummingbird_0118_55773.jpg,67,66,067.Anna_Hummingbird,69,68,gaussian_blur,gaussian_blur,0,"{""sigma"":1.766447}",2.3096535,3.60006,1.2904065,0.099295661,0.02732208,0.62241709,0.07712394,-0.52312143,-0.04980186,0.47331957,0.43920086,1.3633719,198.63606,270.81483,False,0.76894569,False,False,False,0.43920086,1.3633719,198.63606,270.81483,0.43687262,1.3757704,195.55213,269.03483,0.59416143,0.88908269,34.86612,30.998864,-0.027037358,1.4222768,44.303588,63.011966,0.51376289,1.172996,109.76283,128.75136,0.51330784,1.4992482,104.56792,156.77327,0.37108449,1.6014346,83.683719,134.014,0.42135745,1.2153604,79.325499,96.409066
experiment_0a_best,file,16,,3891,067.Anna_Hummingbird/Anna_Hummingbird_0118_55773.jpg,67,66,067.Anna_Hummingbird,69,68,random_erasing,random_erasing,0,"{""area_fraction"":0.197925,""erased"":true,""height"":0.732068,""left"":0.283798,""top"":0.16117,""width"":0.270365}",2.3096535,1.1812887,-1.1283648,0.099295661,0.30688301,0.62241709,0.023655731,-0.52312143,0.28322728,0.80634871,0.37770189,0.58596944,198.63606,116.39466,False,0.7785027,False,False,True,0.37770189,0.58596944,198.63606,116.39466,0.37005571,0.58778887,195.55213,114.94337,0.64902717,0.52552968,34.86612,18.323181,0.11600641,0.46169549,44.303588,20.454767,0.35522163,0.46756454,109.76283,51.321207,0.38714498,0.61175867,104.56792,63.970333,0.37542696,0.67835077,83.683719,56.766915,0.43453886,0.67240423,79.325499,53.338801
experiment_0a_best,file,16,,5405,093.Clark_Nutcracker/Clark_Nutcracker_0011_85698.jpg,93,92,093.Clark_Nutcracker,19,18,identity,identity,0,{},0.0062068794,0.0062068794,0,0.99381232,0.99381232,0.0053875828,0.0053875828,0.98842474,0.98842474,0,1,1,1.2585422,1.2585422,False,1,True,True,True,1,1,1.2585422,1.2585422,1,1,1.2324179,1.2324179,1,1,0.25509688,0.25509688,1,1,0.46009412,0.46009412,1,1,0.56294514,0.56294514,1,1,0.59886106,0.59886106,1,1,0.59057549,0.59057549,1,1,0.5318328,0.5318328
experiment_0a_best,file,16,,5405,093.Clark_Nutcracker/Clark_Nutcracker_0011_85698.jpg,93,92,093.Clark_Nutcracker,19,18,horizontal_flip,horizontal_flip,0,"{""flipped"":true}",0.0062068794,0.001391396,-0.0048154833,0.99381232,0.99860954,0.0053875828,0.001177835,0.98842474,0.99743171,0.009006968,0.66753406,0.22226569,1.2585422,0.27973074,False,0.97867203,True,True,True,0.66753406,0.22226569,1.2585422,0.27973074,0.65274008,0.22101289,1.2324179,0.27238024,0.97788101,0.24972755,0.25509688,0.06370472,0.77393994,0.20859806,0.46009412,0.09597474,0.59546693,0.19893259,0.56294514,0.11198814,0.59510256,0.21802273,0.59886106,0.13056532,0.60734391,0.23517039,0.59057549,0.13888587,0.75650183,0.23859627,0.5318328,0.12689332
experiment_0a_best,file,16,,5405,093.Clark_Nutcracker/Clark_Nutcracker_0011_85698.jpg,93,92,093.Clark_Nutcracker,19,18,color_jitter,color_jitter,0,"{""brightness"":0.713279,""contrast"":0.711295,""hue"":-0.014537,""saturation"":0.768784}",0.0062068794,0.047356535,0.041149655,0.99381232,0.95374727,0.0053875828,0.036460061,0.98842474,0.91728721,-0.071137528,0.8083476,7.2421899,1.2585422,9.1146013,False,0.96733177,True,True,True,0.8083476,7.2421899,1.2585422,9.1146013,0.80230919,7.2671226,1.2324179,8.9561321,0.96598043,6.6336888,0.25509688,1.6922333,0.85633098,6.087105,0.46009412,2.8006412,0.75466928,7.454092,0.56294514,4.1962449,0.79609645,7.8493856,0.59886106,4.7006914,0.80488935,7.0811761,0.59057549,4.1819691,0.84013045,7.3246598,0.5318328,3.8954943
experiment_0a_best,file,16,,5405,093.Clark_Nutcracker/Clark_Nutcracker_0011_85698.jpg,93,92,093.Clark_Nutcracker,19,18,rotation,rotation,0,"{""angle"":2.525267}",0.0062068794,0.0099795926,0.0037727132,0.99381232,0.99007004,0.0053875828,0.007639396,0.98842474,0.98243065,-0.0059940908,0.8739519,1.5248578,1.2585422,1.9190978,False,0.9771564,True,True,True,0.8739519,1.5248578,1.2585422,1.9190978,0.86994471,1.5285271,1.2324179,1.8837842,0.97508685,1.4365552,0.25509688,0.36646076,0.88418981,1.4651199,0.46009412,0.67409307,0.84795821,1.4512529,0.56294514,0.81697578,0.85019994,1.5813086,0.59886106,0.94698416,0.8787955,1.5398336,0.59057549,0.90938796,0.89999753,1.5765607,0.5318328,0.83846672
experiment_0a_best,file,16,,5405,093.Clark_Nutcracker/Clark_Nutcracker_0011_85698.jpg,93,92,093.Clark_Nutcracker,19,18,random_resized_crop,random_resized_crop,0,"{""area_fraction"":0.897887,""aspect"":1.073875,""fallback"":false,""height"":0.914395,""left"":0.012036,""top"":0.048697,""width"":0.981946}",0.0062068794,0.0032789535,-0.0029279259,0.99381232,0.99672639,0.0053875828,0.002948933,0.98842474,0.99377746,0.0053527209,0.88587083,0.55586166,1.2585422,0.69957533,False,0.99156821,True,True,True,0.88587083,0.55586166,1.2585422,0.69957533,0.88128043,0.5554814,1.2324179,0.68458523,0.99138369,0.56466435,0.25509688,0.14404411,0.9431607,0.54793094,0.46009412,0.2520998,0.85603204,0.5649503,0.56294514,0.31803603,0.85632292,0.57357085,0.59886106,0.34348925,0.87325294,0.53955166,0.59057549,0.31864599,0.90846726,0.54637101,0.5318328,0.29057803
experiment_0a_best,file,16,,5405,093.Clark_Nutcracker/Clark_Nutcracker_0011_85698.jpg,93,92,093.Clark_Nutcracker,19,18,gaussian_blur,gaussian_blur,0,"{""sigma"":1.805659}",0.0062068794,0.2410281,0.23482122,0.99381232,0.78581953,0.0053875828,0.0047167721,0.98842474,0.78110276,-0.20732198,0.19432902,34.656163,1.2585422,43.616242,False,0.80955577,True,True,True,0.19432902,34.656163,1.2585422,43.616242,0.18374708,35.058411,1.2324179,43.206614,0.58042427,23.37797,0.25509688,5.9636472,0.035059987,23.71663,0.46009412,10.911882,0.17786497,37.296861,0.56294514,20.996087,0.16004866,42.933688,0.59886106,25.711314,0.14023802,32.095241,0.59057549,18.954663,0.38562924,31.829475,0.5318328,16.927959
experiment_0a_best,file,16,,5405,093.Clark_Nutcracker/Clark_Nutcracker_0011_85698.jpg,93,92,093.Clark_Nutcracker,19,18,random_erasing,random_erasing,0,"{""area_fraction"":0.19254,""erased"":true,""height"":0.247108,""left"":0.049182,""top"":0.597006,""width"":0.779174}",0.0062068794,0.10696988,0.100763,0.99381232,0.89855272,0.0053875828,0.076979406,0.98842474,0.82157331,-0.16685143,0.68562891,12.613005,1.2585422,15.873999,False,0.9279393,True,True,True,0.68562891,12.613005,1.2585422,15.873999,0.67450073,12.561697,1.2324179,15.48126,0.92551196,13.756309,0.25509688,3.5091915,0.83010962,7.1585567,0.46009412,3.2936098,0.4593294,10.372745,0.56294514,5.8392865,0.69641062,13.400411,0.59886106,8.0249842,0.72645973,13.382732,0.59057549,7.9035136,0.76775045,15.489117,0.5318328,8.2376203
experiment_0a_best,file,16,,920,017.Cardinal/Cardinal_0079_19044.jpg,17,16,017.Cardinal,139,138,identity,identity,0,{},0.012838683,0.012838683,0,0.98724335,0.98724335,0.0064802351,0.0064802351,0.98076312,0.98076312,0,1,1,2.5078641,2.5078641,False,1,True,True,True,1,1,2.5078641,2.5078641,1,1,2.4774378,2.4774378,1,1,0.38946638,0.38946638,1,1,0.55238387,0.55238387,1,1,1.1311434,1.1311434,1,1,1.2733201,1.2733201,1,1,1.2444411,1.2444411,1,1,1.1760557,1.1760557
experiment_0a_best,file,16,,920,017.Cardinal/Cardinal_0079_19044.jpg,17,16,017.Cardinal,139,138,horizontal_flip,horizontal_flip,0,"{""flipped"":true}",0.012838683,0.0029582095,-0.0098804736,0.98724335,0.99704617,0.0064802351,0.00037803294,0.98076312,0.99666814,0.01590502,0.52308545,0.17308151,2.5078641,0.43406489,False,0.96711892,True,True,True,0.52308545,0.17308151,2.5078641,0.43406489,0.5118207,0.17155146,2.4774378,0.42500808,0.8880055,0.22648152,0.38946638,0.088206938,-0.20187058,0.139871,0.55238387,0.077262487,0.29759808,0.14998367,1.1311434,0.16965303,0.52628677,0.1584093,1.2733201,0.20170576,0.55227975,0.16976683,1.2444411,0.21126482,0.72576314,0.20925357,1.1760557,0.24609385
experiment_0a_best,file,16,,920,017.Cardinal/Cardinal_0079_19044.jpg,17,16,017.Cardinal,139,138,color_jitter,color_jitter,0,"{""brightness"":0.687248,""contrast"":1.173776,""hue"":0.097519,""saturation"":1.253802}",0.012838683,1.4728572,1.4600186,0.98724335,0.22926947,0.0064802351,0.018007817,0.98076312,0.21126166,-0.76950146,0.51226284,63.44908,2.5078641,159.12167,False,0.85323906,False,True,False,0.51226284,63.44908,2.5078641,159.12167,0.50886634,63.637504,2.4774378,157.65796,0.67541799,55.288683,0.38946638,21.533083,0.55051778,64.707,0.55238387,35.743103,0.50349393,55.970648,1.1311434,63.310827,0.48894071,69.421008,1.2733201,88.395166,0.5074952,67.74389,1.2444411,84.303282,0.54315084,57.979309,1.1760557,68.186897
experiment_0a_best,file,16,,920,017.Cardinal/Cardinal_0079_19044.jpg,17,16,017.Cardinal,139,138,rotation,rotation,0,"{""angle"":-14.175184}",0.012838683,0.019535871,0.0066971881,0.98724335,0.9806537,0.0064802351,0.0066033937,0.98076312,0.97405031,-0.0067128097,0.7391864,1.3130312,2.5078641,3.2929037,False,0.96926993,True,True,True,0.7391864,1.3130312,2.5078641,3.2929037,0.73354107,1.3101041,2.4774378,3.2457014,0.9515933,1.426442,0.38946638,0.5555512,0.78092785,1.1302782,0.55238387,0.62434746,0.73363286,1.2260505,1.1311434,1.3868389,0.71108407,1.309007,1.2733201,1.6667849,0.70166881,1.2838791,1.2444411,1.597712,0.7871804,1.4456574,1.1760557,1.7001737
experiment_0a_best,file,16,,920,017.Cardinal/Cardinal_0079_19044.jpg,17,16,017.Cardinal,139,138,random_resized_crop,random_resized_crop,0,"{""area_fraction"":0.664229,""aspect"":1.166553,""fallback"":false,""height"":0.754582,""left"":0.098057,""top"":0.214585,""width"":0.88026}",0.012838683,0.016469367,0.0036306838,0.98724335,0.98366553,0.0064802351,0.0013356814,0.98076312,0.98232984,0.0015667253,0.54266978,0.99734268,2.5078641,2.5011999,False,0.93818009,True,True,True,0.54266978,0.99734268,2.5078641,2.5011999,0.53481588,0.98613911,2.4774378,2.4430983,0.79977238,1.3761829,0.38946638,0.53597699,0.75040867,0.78322205,0.55238387,0.43263923,0.5077628,0.91802662,1.1311434,1.0384197,0.46232912,0.97163815,1.2733201,1.2372064,0.47454797,0.94026156,1.2444411,1.1701001,0.65973714,1.1418812,1.1760557,1.3429159
experiment_0a_best,file,16,,920,017.Cardinal/Cardinal_0079_19044.jpg,17,16,017.Cardinal,139,138,gaussian_blur,gaussian_blur,0,"{""sigma"":1.298166}",0.012838683,0.0077045425,-0.0051341406,0.98724335,0.99232507,0.0064802351,0.0010279084,0.98076312,0.99129716,0.01053404,0.61485546,0.45367249,2.5078641,1.1377489,False,0.95308173,True,True,True,0.61485546,0.45367249,2.5078641,1.1377489,0.60734762,0.44890808,2.4774378,1.1121419,0.86622744,0.61629788,0.38946638,0.24002731,0.60461389,0.3496357,0.55238387,0.19313312,0.43879778,0.37626506,1.1311434,0.42560972,0.5921908,0.4427832,1.2733201,0.56380477,0.6143777,0.44447115,1.2444411,0.55311817,0.74397753,0.53413449,1.1760557,0.62817192
experiment_0a_best,file,16,,920,017.Cardinal/Cardinal_0079_19044.jpg,17,16,017.Cardinal,139,138,random_erasing,random_erasing,0,"{""area_fraction"":0.156477,""erased"":true,""height"":0.411616,""left"":0.546314,""top"":0.473501,""width"":0.380152}",0.012838683,0.060983252,0.048144569,0.98724335,0.94083899,0.0064802351,0.035026796,0.98076312,0.9058122,-0.074950923,0.87501204,5.1556985,2.5078641,12.929791,False,0.96645534,True,True,True,0.87501204,5.1556985,2.5078641,12.929791,0.87314185,5.1675686,2.4774378,12.80233,0.96387909,4.6500448,0.38946638,1.8110362,0.94205781,4.7849198,0.55238387,2.6431125,0.90188716,5.2977547,1.1311434,5.99252,0.8858223,5.3987782,1.2733201,6.874373,0.84356242,5.2440753,1.2444411,6.525943,0.85306249,4.7463469,1.1760557,5.5819685
experiment_0a_best,file,16,,5043,087.Mallard/Mallard_0071_76940.jpg,87,86,087.Mallard,66,65,identity,identity,0,{},0.027290881,0.027290881,0,0.97307813,0.97307813,0.0055592963,0.0055592963,0.96751884,0.96751884,0,1,1,3.0920026,3.0920026,False,1,True,True,True,1,1,3.0920026,3.0920026,1,1,3.0078728,3.0078728,1,1,0.71636635,0.71636635,1,1,0.57567062,0.57567062,1,1,1.1928096,1.1928096,1,1,1.1608873,1.1608873,1,1,1.5446208,1.5446208,1,1,1.8866888,1.8866888
experiment_0a_best,file,16,,5043,087.Mallard/Mallard_0071_76940.jpg,87,86,087.Mallard,66,65,horizontal_flip,horizontal_flip,0,"{""flipped"":true}",0.027290881,0.017799875,-0.0094910059,0.97307813,0.98235762,0.0055592963,0.0024628267,0.96751884,0.97989479,0.012375959,0.64120048,0.66656837,3.0920026,2.0610311,False,0.97832775,True,True,True,0.64120048,0.66656837,3.0920026,2.0610311,0.62277094,0.66744005,3.0078728,2.0075748,0.97449965,0.65100901,0.71636635,0.46636095,0.4938468,0.46132181,0.57567062,0.26556941,0.5842968,0.57062481,1.1928096,0.68064678,0.53618407,0.69630146,1.1608873,0.80832752,0.57264778,0.67553943,1.5446208,1.0434523,0.71415189,0.7020362,1.8866888,1.3245239
experiment_0a_best,file,16,,5043,087.Mallard/Mallard_0071_76940.jpg,87,86,087.Mallard,66,65,color_jitter,color_jitter,0,"{""brightness"":1.181324,""contrast"":1.253952,""hue"":0.092556,""saturation"":0.636442}",0.027290881,0.13641275,0.10912187,0.97307813,0.87248242,0.0055592963,0.00086471695,0.96751884,0.8716177,-0.095901133,0.66745827,4.7849619,3.0920026,14.795114,False,0.92619175,True,True,True,0.66745827,4.7849619,3.0920026,14.795114,0.65475715,4.7825548,3.0078728,14.385317,0.88933327,4.8272014,0.71636635,3.4580447,0.3325199,5.2457081,0.57567062,3.0198,0.69459312,4.7952948,1.1928096,5.7198739,0.53059193,4.9582046,1.1608873,5.7559168,0.63756507,5.0387051,1.5446208,7.7828888,0.74042394,4.4785814,1.8866888,8.4496895
experiment_0a_best,file,16,,5043,087.Mallard/Mallard_0071_76940.jpg,87,86,087.Mallard,66,65,rotation,rotation,0,"{""angle"":-11.349628}",0.027290881,0.088440798,0.061149918,0.97307813,0.91535729,0.0055592963,0.0048011127,0.96751884,0.91055618,-0.056962656,0.64145922,3.214938,3.0920026,9.9405967,False,0.96609223,True,True,True,0.64145922,3.214938,3.0920026,9.9405967,0.62422211,3.2156801,3.0078728,9.672357,0.94666728,3.2018269,0.71636635,2.293681,0.65966967,2.9087379,0.57567062,1.6744749,0.58287112,3.18495,1.1928096,3.7990391,0.55972527,3.7861769,1.1608873,4.3953247,0.57516766,3.3979105,1.5446208,5.2484832,0.71926602,2.8764748,1.8866888,5.427013
experiment_0a_best,file,16,,5043,087.Mallard/Mallard_0071_76940.jpg,87,86,087.Mallard,66,65,random_resized_crop,random_resized_crop,0,"{""area_fraction"":0.7046,""aspect"":0.782526,""fallback"":false,""height"":0.948903,""left"":0.056551,""top"":0.041886,""width"":0.742542}",0.027290881,0.90583587,0.87854499,0.97307813,0.40420389,0.0055592963,0.026628969,0.96751884,0.37757492,-0.58994391,0.55175985,19.614452,3.0920026,60.647936,False,0.89208376,True,True,True,0.55175985,19.614452,3.0920026,60.647936,0.53500887,19.699522,3.0078728,59.253658,0.87609298,18.048953,0.71636635,12.929663,0.38322488,24.359617,0.57567062,14.023116,0.54020558,21.197365,1.1928096,25.284422,0.50544277,25.165075,1.1608873,29.213816,0.5105266,18.595194,1.5446208,28.722523,0.60737437,16.732607,1.8866888,31.569223
experiment_0a_best,file,16,,5043,087.Mallard/Mallard_0071_76940.jpg,87,86,087.Mallard,66,65,gaussian_blur,gaussian_blur,0,"{""sigma"":1.518487}",0.027290881,0.36906999,0.34177911,0.97307813,0.69137704,0.0055592963,0.011286598,0.96751884,0.68009045,-0.28742839,0.49601406,13.445453,3.0920026,41.573374,False,0.87503403,True,True,True,0.49601406,13.445453,3.0920026,41.573374,0.47990086,13.564941,3.0078728,40.801617,0.85152924,11.130197,0.71636635,7.9732987,0.31260526,18.438067,0.57567062,10.614254,0.38311057,14.56392,1.1928096,17.371984,0.4422591,17.939773,1.1608873,20.826055,0.47598076,13.51454,1.5446208,20.87484,0.62489152,10.343586,1.8866888,19.515128
experiment_0a_best,file,16,,5043,087.Mallard/Mallard_0071_76940.jpg,87,86,087.Mallard,66,65,random_erasing,random_erasing,0,"{""area_fraction"":0.062126,""erased"":true,""height"":0.181624,""left"":0.278698,""top"":0.198106,""width"":0.342059}",0.027290881,0.026206274,-0.0010846071,0.97307813,0.97413415,0.0055592963,0.0034725657,0.96751884,0.97066158,0.0031427462,0.86829313,0.93008713,3.0920026,2.8758318,False,0.98872244,True,True,True,0.86829313,0.93008713,3.0920026,2.8758318,0.86152632,0.92750377,3.0078728,2.7898134,0.98283845,0.97450737,0.71636635,0.69810429,0.85235662,0.79292322,0.57567062,0.4564626,0.86817759,0.90940117,1.1928096,1.0847425,0.7925412,0.87809874,1.1608873,1.0193737,0.83818746,0.92809337,1.5446208,1.4335523,0.90053717,0.96340564,1.8866888,1.8176467
experiment_0a_best,file,16,,11743,200.Common_Yellowthroat/Common_Yellowthroat_0106_190989.jpg,200,199,200.Common_Yellowthroat,168,167,identity,identity,0,{},0.018403258,0.018403258,0,0.98176503,0.98176503,0.0093814954,0.0093814954,0.97238354,0.97238354,0,1,1,3.1102636,3.1102636,False,0.99999994,True,True,True,1,1,3.1102636,3.1102636,1,1,3.0531403,3.0531403,1,1,0.59335834,0.59335834,1,1,0.59749276,0.59749276,1,1,1.1460505,1.1460505,1,1,1.5113788,1.5113788,1,1,1.7541187,1.7541187,1,1,1.5132872,1.5132872
experiment_0a_best,file,16,,11743,200.Common_Yellowthroat/Common_Yellowthroat_0106_190989.jpg,200,199,200.Common_Yellowthroat,168,167,horizontal_flip,horizontal_flip,0,"{""flipped"":true}",0.018403258,0.014492135,-0.0039111236,0.98176503,0.98561239,0.0093814954,0.012219301,0.97238354,0.97339309,0.0010095546,0.54352269,0.94882535,3.1102636,2.951097,False,0.96190536,True,True,True,0.54352269,0.94882535,3.1102636,2.951097,0.52734397,0.944837,3.0531403,2.8847199,0.93222278,1.0489209,0.59335834,0.62238595,0.4731237,1.1128101,0.59749276,0.66489598,0.36819972,1.0086231,1.1460505,1.155933,0.44356628,0.96187619,1.5113788,1.4537593,0.54660208,0.89383511,1.7541187,1.5678929,0.70165106,0.92788074,1.5132872,1.40415
experiment_0a_best,file,16,,11743,200.Common_Yellowthroat/Common_Yellowthroat_0106_190989.jpg,200,199,200.Common_Yellowthroat,168,167,color_jitter,color_jitter,0,"{""brightness"":1.03304,""contrast"":0.655468,""hue"":-0.028749,""saturation"":1.383961}",0.018403258,0.027102711,0.0086994525,0.98176503,0.9732613,0.0093814954,0.0041873818,0.97238354,0.96907391,-0.0033096215,0.63770375,1.4697726,3.1102636,4.5713803,False,0.95028889,True,True,True,0.63770375,1.4697726,3.1102636,4.5713803,0.62939837,1.475305,3.0531403,4.5043131,0.88852766,1.3148551,0.59335834,0.78018026,0.46111232,1.3040341,0.59749276,0.77915093,0.51800833,1.593459,1.1460505,1.8261844,0.55442792,1.5415812,1.5113788,2.3299131,0.66476451,1.4102905,1.7541187,2.4738169,0.76015184,1.4475496,1.5132872,2.1905583
experiment_0a_best,file,16,,11743,200.Common_Yellowthroat/Common_Yellowthroat_0106_190989.jpg,200,199,200.Common_Yellowthroat,168,167,rotation,rotation,0,"{""angle"":1.262044}",0.018403258,0.040309817,0.021906558,0.98176503,0.96049184,0.0093814954,0.022382902,0.97238354,0.93810893,-0.034274602,0.88533592,2.0381697,3.1102636,6.339245,False,0.99018639,True,True,True,0.88533592,2.0381697,3.1102636,6.339245,0.88120689,2.0319114,3.0531403,6.2037105,0.98903325,2.197393,0.59335834,1.3038414,0.77280112,1.9429088,0.59749276,1.1608739,0.79102001,1.9202385,1.1460505,2.2006903,0.85937197,2.0540843,1.5113788,3.1044995,0.90862483,2.0111695,1.7541187,3.52783,0.9315167,2.1116941,1.5132872,3.1955996
experiment_0a_best,file,16,,11743,200.Common_Yellowthroat/Common_Yellowthroat_0106_190989.jpg,200,199,200.Common_Yellowthroat,168,167,random_resized_crop,random_resized_crop,0,"{""area_fraction"":0.814598,""aspect"":0.92015,""fallback"":false,""height"":0.940898,""left"":0.030684,""top"":0.050525,""width"":0.865767}",0.018403258,0.12862298,0.11021972,0.98176503,0.87930542,0.0093814954,0.1073865,0.97238354,0.77191892,-0.20046461,0.6282552,8.0709426,3.1102636,25.102759,False,0.97208416,True,True,True,0.6282552,8.0709426,3.1102636,25.102759,0.61619609,8.0601748,3.0531403,24.608844,0.93679847,8.3509881,0.59335834,4.9551284,0.32786736,7.3467811,0.59749276,4.3896485,0.30577674,8.1322823,1.1460505,9.3200062,0.60029785,8.6489337,1.5113788,13.071815,0.70466885,7.8525787,1.7541187,13.774355,0.74502854,7.7869048,1.5132872,11.783823
experiment_0a_best,file,16,,11743,200.Common_Yellowthroat/Common_Yellowthroat_0106_190989.jpg,200,199,200.Common_Yellowthroat,168,167,gaussian_blur,gaussian_blur,0,"{""sigma"":1.048772}",0.018403258,0.057599485,0.039196227,0.98176503,0.94402796,0.0093814954,0.031484473,0.97238354,0.91254349,-0.05984005,0.77726512,3.0860708,3.1102636,9.5984936,False,0.96706641,True,True,True,0.77726512,3.0860708,3.1102636,9.5984936,0.76982851,3.0785351,3.0531403,9.3991996,0.96359759,3.2792951,0.59335834,1.9457971,0.72364479,2.9631463,0.59749276,1.7704585,0.67502956,3.0099034,1.1460505,3.4495013,0.72083088,3.0009059,1.5113788,4.5355055,0.78973016,3.0507293,1.7541187,5.3513413,0.84842468,3.2442968,1.5132872,4.9095527
experiment_0a_best,file,16,,11743,200.Common_Yellowthroat/Common_Yellowthroat_0106_190989.jpg,200,199,200.Common_Yellowthroat,168,167,random_erasing,random_erasing,0,"{""area_fraction"":0.123088,""erased"":true,""height"":0.263315,""left"":0.271654,""top"":0.170867,""width"":0.467458}",0.018403258,2.7762933,2.75789,0.98176503,0.062268898,0.0093814954,0.42591739,0.97238354,-0.36364849,-1.336032,0.35227928,33.318514,3.1102636,103.62936,False,0.74704945,False,True,False,0.35227928,33.318514,3.1102636,103.62936,0.33232235,32.625557,3.0531403,99.610404,0.73577583,48.166377,0.59335834,28.579921,0.4606244,33.506045,0.59749276,20.019619,0.22063608,36.005867,1.1460505,41.264542,0.25460421,26.857921,1.5113788,40.592493,0.27055524,28.759407,1.7541187,50.447413,0.49999398,39.791667,1.5132872,60.216219
experiment_0a_best,file,16,,3563,062.Herring_Gull/Herring_Gull_0129_46708.jpg,62,61,062.Herring_Gull,65,64,identity,identity,0,{},4.6999764,4.6999764,0,0.00909549,0.00909549,0.61266321,0.61266321,-0.60356772,-0.60356772,0,1,1,124.10572,124.10572,False,0.99999988,True,False,False,1,1,124.10572,124.10572,1,1,120.36392,120.36392,1,1,30.24495,30.24495,1,1,28.084685,28.084685,1,1,55.667987,55.667987,1,1,58.094199,58.094199,1,1,55.643362,55.643362,1,1,64.254801,64.254801
experiment_0a_best,file,16,,3563,062.Herring_Gull/Herring_Gull_0129_46708.jpg,62,61,062.Herring_Gull,65,64,horizontal_flip,horizontal_flip,0,"{""flipped"":true}",4.6999764,4.006681,-0.69329548,0.00909549,0.018193685,0.61266321,0.58116525,-0.60356772,-0.56297157,0.04059615,0.59552926,0.87089132,124.10572,108.0826,False,0.94276708,True,False,False,0.59552926,0.87089132,124.10572,108.0826,0.57042079,0.86139407,120.36392,103.68077,0.94184471,1.0094602,30.24495,30.531072,0.29092998,0.70410421,28.084685,19.774545,0.52508796,0.74498444,55.667987,41.471784,0.51325081,0.85837409,58.094199,49.866556,0.53765791,0.89721418,55.643362,49.924014,0.71113439,0.9414905,64.254801,60.495285
experiment_0a_best,file,16,,3563,062.Herring_Gull/Herring_Gull_0129_46708.jpg,62,61,062.Herring_Gull,65,64,color_jitter,color_jitter,0,"{""brightness"":0.749589,""contrast"":0.716231,""hue"":0.056657,""saturation"":1.065315}",4.6999764,3.8128161,-0.8871603,0.00909549,0.022085892,0.61266321,0.19952041,-0.60356772,-0.17743452,0.4261332,0.57766965,1.6658808,124.10572,206.74535,False,0.94644332,False,False,False,0.57766965,1.6658808,124.10572,206.74535,0.57077681,1.6976656,120.36392,204.33769,0.82376113,1.0401815,30.24495,31.460237,0.67663365,1.8324063,28.084685,51.462554,0.39843464,1.894936,55.667987,105.48727,0.56604912,1.9255208,58.094199,111.86159,0.63379704,1.621846,55.643362,90.244963,0.70200246,1.3315965,64.254801,85.561466
experiment_0a_best,file,16,,3563,062.Herring_Gull/Herring_Gull_0129_46708.jpg,62,61,062.Herring_Gull,65,64,rotation,rotation,0,"{""angle"":-0.15022}",4.6999764,4.7383509,0.038374424,0.00909549,0.008753066,0.61266321,0.55156648,-0.60356772,-0.54281342,0.060754304,0.95159178,1.0148464,124.10572,125.94824,False,0.99640357,True,False,False,0.95159178,1.0148464,124.10572,125.94824,0.94901046,1.0160475,120.36392,122.29547,0.99349658,0.99562929,30.24495,30.112758,0.95853226,1.0216188,28.084685,28.691843,0.94591502,1.0148577,55.667987,56.495084,0.93972702,1.0239177,58.094199,59.483677,0.94003512,1.0140693,55.643362,56.426228,0.96398338,1.0108836,64.254801,64.954121
experiment_0a_best,file,16,,3563,062.Herring_Gull/Herring_Gull_0129_46708.jpg,62,61,062.Herring_Gull,65,64,random_resized_crop,random_resized_crop,0,"{""area_fraction"":0.67415,""aspect"":0.876754,""fallback"":false,""height"":0.876878,""left"":0.219499,""top"":0.071454,""width"":0.768807}",4.6999764,4.2147188,-0.48525763,0.00909549,0.014776473,0.61266321,0.70525289,-0.60356772,-0.69047641,-0.086908693,0.74676784,1.0686713,124.10572,132.62822,False,0.95240945,True,False,False,0.74676784,1.0686713,124.10572,132.62822,0.73343807,1.0651721,120.36392,128.20829,0.94803878,1.1226366,30.24495,33.954089,0.55500669,1.2220937,28.084685,34.322116,0.69917981,0.93742352,55.667987,52.18448,0.73158984,1.1328644,58.094199,65.81285,0.72353175,1.0690233,55.643362,59.484051,0.81108409,1.0631337,64.254801,68.311444
experiment_0a_best,file,16,,3563,062.Herring_Gull/Herring_Gull_0129_46708.jpg,62,61,062.Herring_Gull,65,64,gaussian_blur,gaussian_blur,0,"{""sigma"":1.745595}",4.6999764,4.2328219,-0.4671545,0.00909549,0.014511383,0.61266321,0.037739284,-0.60356772,-0.023227901,0.58033982,0.42041053,1.194139,124.10572,148.19948,False,0.82086146,False,False,False,0.42041053,1.194139,124.10572,148.19948,0.41014697,1.2150431,120.36392,146.24735,0.70689192,0.79269263,30.24495,23.974949,0.31371323,1.3248291,28.084685,37.207407,0.33378128,1.1210837,55.667987,62.408475,0.45117084,1.3598717,58.094199,79.000659,0.38811176,1.2241785,55.643362,68.117408,0.47152205,1.1252835,64.254801,72.30487
experiment_0a_best,file,16,,3563,062.Herring_Gull/Herring_Gull_0129_46708.jpg,62,61,062.Herring_Gull,65,64,random_erasing,random_erasing,0,"{""area_fraction"":0.151001,""erased"":true,""height"":0.505682,""left"":0.210486,""top"":0.316971,""width"":0.298609}",4.6999764,3.1454749,-1.5545015,0.00909549,0.043046478,0.61266321,0.17541291,-0.60356772,-0.13236643,0.47120129,0.66698284,1.3036129,124.10572,161.78582,False,0.89511597,False,False,False,0.66698284,1.3036129,124.10572,161.78582,0.66244023,1.3218905,120.36392,159.10792,0.79601365,0.96922499,30.24495,29.314161,0.8247608,1.2913658,28.084685,36.267602,0.73468928,1.2379956,55.667987,68.916725,0.65791463,1.4518452,58.094199,84.343783,0.61745901,1.3053619,55.643362,72.634727,0.62161416,1.2890857,64.254801,82.829948
experiment_0a_best,file,16,,956,018.Spotted_Catbird/Spotted_Catbird_0016_796803.jpg,18,17,018.Spotted_Catbird,187,186,identity,identity,0,{},0.04379129,0.04379129,0,0.95715368,0.95715368,0.0062211789,0.0062211789,0.9509325,0.9509325,0,1,1,9.3689691,9.3689691,False,1,True,True,True,1,1,9.3689691,9.3689691,1,1,9.291134,9.291134,1,1,1.2051605,1.2051605,1,1,1.7124732,1.7124732,1,1,3.9516213,3.9516213,1,1,5.8114096,5.8114096,1,1,4.3185008,4.3185008,1,1,3.9185922,3.9185922
experiment_0a_best,file,16,,956,018.Spotted_Catbird/Spotted_Catbird_0016_796803.jpg,18,17,018.Spotted_Catbird,187,186,horizontal_flip,horizontal_flip,0,"{""flipped"":true}",0.04379129,0.024374221,-0.01941707,0.95715368,0.97592044,0.0062211789,0.0020642381,0.9509325,0.9738562,0.022923702,0.78672307,0.60715666,9.3689691,5.688432,False,0.96414876,True,True,True,0.78672307,0.60715666,9.3689691,5.688432,0.78401195,0.60778584,9.291134,5.6470197,0.96072103,0.56851156,1.2051605,0.6851477,0.67363803,0.72659217,1.7124732,1.2442696,0.72328421,0.62916168,3.9516213,2.4862087,0.84620573,0.58853701,5.8114096,3.4202297,0.73585621,0.59576675,4.3185008,2.5728192,0.80223313,0.61681014,3.9185922,2.4170274
experiment_0a_best,file,16,,956,018.Spotted_Catbird/Spotted_Catbird_0016_796803.jpg,18,17,018.Spotted_Catbird,187,186,color_jitter,color_jitter,0,"{""brightness"":0.649776,""contrast"":1.013893,""hue"":-0.0164,""saturation"":1.198283}",0.04379129,0.089558423,0.045767132,0.95715368,0.91433483,0.0062211789,0.013216491,0.9509325,0.90111834,-0.049814156,0.86073297,1.9668449,9.3689691,18.427309,False,0.96972638,True,True,True,0.86073297,1.9668449,9.3689691,18.427309,0.85900061,1.9677978,9.291134,18.283073,0.96723417,1.9093494,1.2051605,2.3010725,0.76155402,2.7013155,1.7124732,4.6259303,0.76484573,1.9808085,3.9516213,7.8274049,0.8873271,1.8907239,5.8114096,10.987771,0.8789697,1.9653595,4.3185008,8.4874066,0.90999269,1.9574552,3.9185922,7.6704687
experiment_0a_best,file,16,,956,018.Spotted_Catbird/Spotted_Catbird_0016_796803.jpg,18,17,018.Spotted_Catbird,187,186,rotation,rotation,0,"{""angle"":12.335611}",0.04379129,0.32121143,0.27742014,0.95715368,0.72526991,0.0062211789,0.018217435,0.9509325,0.70705248,-0.24388002,0.80156614,6.4040983,9.3689691,59.9998,False,0.93980896,True,True,True,0.80156614,6.4040983,9.3689691,59.9998,0.79967077,6.411295,9.291134,59.568201,0.92482876,5.9607736,1.2051605,7.1836892,0.63434442,5.9419053,1.7124732,10.175353,0.73504908,6.3705933,3.9516213,25.174172,0.85284802,6.4610943,5.8114096,37.548066,0.78383411,6.7470602,4.3185008,29.137185,0.80011478,5.9971116,3.9185922,23.500234
experiment_0a_best,file,16,,956,018.Spotted_Catbird/Spotted_Catbird_0016_796803.jpg,18,17,018.Spotted_Catbird,187,186,random_resized_crop,random_resized_crop,0,"{""area_fraction"":0.795291,""aspect"":0.985035,""fallback"":false,""height"":0.898539,""left"":0.068166,""top"":0.048556,""width"":0.885093}",0.04379129,0.19252622,0.14873493,0.95715368,0.82487267,0.0062211789,0.016882144,0.9509325,0.80799053,-0.14294197,0.86621015,4.1140681,9.3689691,38.544577,False,0.97056818,True,True,True,0.86621015,4.1140681,9.3689691,38.544577,0.86463142,4.1144225,9.291134,38.227651,0.96054722,4.0929511,1.2051605,4.9326631,0.8283084,4.2075654,1.7124732,7.2053429,0.80098261,3.9658086,3.9516213,15.671374,0.8938347,4.1777078,5.8114096,24.278371,0.85612774,4.227709,4.3185008,18.257365,0.88198023,3.9622767,3.9185922,15.526547
experiment_0a_best,file,16,,956,018.Spotted_Catbird/Spotted_Catbird_0016_796803.jpg,18,17,018.Spotted_Catbird,187,186,gaussian_blur,gaussian_blur,0,"{""sigma"":1.133587}",0.04379129,0.098797165,0.055005874,0.95715368,0.90592647,0.0062211789,0.007969195,0.9509325,0.89795727,-0.052975228,0.82320964,2.1373136,9.3689691,20.024425,False,0.96292657,True,True,True,0.82320964,2.1373136,9.3689691,20.024425,0.82101312,2.1370094,9.291134,19.855241,0.9526822,2.155315,1.2051605,2.5975006,0.6471764,2.3344079,1.7124732,3.997611,0.75676059,2.2006172,3.9516213,8.6960059,0.84202821,1.9688105,5.8114096,11.441564,0.83522848,2.2978481,4.3185008,9.923259,0.87195052,2.1840872,3.9185922,8.5585471
experiment_0a_best,file,16,,956,018.Spotted_Catbird/Spotted_Catbird_0016_796803.jpg,18,17,018.Spotted_Catbird,187,186,random_erasing,random_erasing,0,"{""area_fraction"":0.150601,""erased"":true,""height"":0.223208,""left"":0.146523,""top"":0.428636,""width"":0.674714}",0.04379129,1.1582121,1.1144208,0.95715368,0.31404716,0.0062211789,0.0067478376,0.9509325,0.30729932,-0.64363318,0.63789137,12.248008,9.3689691,114.75121,False,0.85316396,True,True,True,0.63789137,12.248008,9.3689691,114.75121,0.63410759,12.197541,9.291134,113.32899,0.83437884,14.944538,1.2051605,18.010567,0.60200407,13.853323,1.7124732,23.723445,0.65383484,12.397579,3.9516213,48.990539,0.66321095,11.620335,5.8114096,67.530525,0.56990642,11.447455,4.3185008,49.435845,0.64098348,13.686355,3.9185922,53.631242
experiment_0a_best,file,16,,11179,190.Red_cockaded_Woodpecker/Red_Cockaded_Woodpecker_0060_182377.jpg,190,189,190.Red_cockaded_Woodpecker,192,191,identity,identity,0,{},0.69273502,0.69273502,0,0.50020611,0.50020611,0.43626904,0.43626904,0.063937068,0.063937068,0,1,1,120.29418,120.29418,False,1,True,True,True,1,1,120.29418,120.29418,1,1,119.24057,119.24057,1,1,15.886382,15.886382,1,1,23.957807,23.957807,1,1,48.308273,48.308273,1,1,74.462533,74.462533,1,1,57.210369,57.210369,1,1,49.929479,49.929479
experiment_0a_best,file,16,,11179,190.Red_cockaded_Woodpecker/Red_Cockaded_Woodpecker_0060_182377.jpg,190,189,190.Red_cockaded_Woodpecker,192,191,horizontal_flip,horizontal_flip,0,"{""flipped"":true}",0.69273502,0.46879429,-0.22394073,0.50020611,0.62575632,0.43626904,0.26257232,0.063937068,0.36318401,0.29924694,0.71370661,0.66231798,120.29418,79.673001,False,0.97964013,True,True,True,0.71370661,0.66231798,120.29418,79.673001,0.70877428,0.66083802,119.24057,78.798703,0.96612742,0.74093579,15.886382,11.770789,0.47913364,0.64350446,23.957807,15.416956,0.58049772,0.72222707,48.308273,34.889543,0.7668357,0.64938629,74.462533,48.354948,0.69735686,0.63297674,57.210369,36.212833,0.78241789,0.66568026,49.929479,33.237068
experiment_0a_best,file,16,,11179,190.Red_cockaded_Woodpecker/Red_Cockaded_Woodpecker_0060_182377.jpg,190,189,190.Red_cockaded_Woodpecker,192,191,color_jitter,color_jitter,0,"{""brightness"":1.00288,""contrast"":0.645759,""hue"":0.020285,""saturation"":0.777821}",0.69273502,0.81967807,0.12694305,0.50020611,0.44057348,0.43626904,0.37188575,0.063937068,0.068687737,0.004750669,0.8718971,0.92598734,120.29418,111.39089,False,0.97196609,True,True,True,0.8718971,0.92598734,120.29418,111.39089,0.87025241,0.92453429,119.24057,110.242,0.96012398,1.0044591,15.886382,15.957221,0.77350388,0.73796092,23.957807,17.679925,0.78904618,0.94512836,48.308273,45.657519,0.91102431,0.95694344,74.462533,71.256432,0.86710263,0.88045691,57.210369,50.371264,0.88256339,0.92680504,49.929479,46.274893
experiment_0a_best,file,16,,11179,190.Red_cockaded_Woodpecker/Red_Cockaded_Woodpecker_0060_182377.jpg,190,189,190.Red_cockaded_Woodpecker,192,191,rotation,rotation,0,"{""angle"":-3.712897}",0.69273502,0.37318623,-0.31954879,0.50020611,0.688537,0.43626904,0.21144728,0.063937068,0.47708972,0.41315265,0.84618456,0.52849561,120.29418,63.574948,False,0.98465848,True,True,True,0.84618456,0.52849561,120.29418,63.574948,0.84386476,0.52841401,119.24057,63.008388,0.97576638,0.53307265,15.886382,8.4685955,0.6710421,0.43685048,23.957807,10.465979,0.74051992,0.59138585,48.308273,28.568829,0.8793165,0.52706336,74.462533,39.246473,0.86324135,0.50744931,57.210369,29.031362,0.89287171,0.51501681,49.929479,25.714521
experiment_0a_best,file,16,,11179,190.Red_cockaded_Woodpecker/Red_Cockaded_Woodpecker_0060_182377.jpg,190,189,190.Red_cockaded_Woodpecker,192,191,random_resized_crop,random_resized_crop,0,"{""area_fraction"":0.839997,""aspect"":0.890794,""fallback"":false,""height"":0.97107,""left"":0.131266,""top"":0.011668,""width"":0.865023}",0.69273502,0.16934811,-0.52338691,0.50020611,0.84421498,0.43626904,0.026614692,0.063937068,0.81760028,0.75366322,0.59210053,0.21889372,120.29418,26.331642,False,0.94264495,True,True,True,0.59210053,0.21889372,120.29418,26.331642,0.58959198,0.21747579,119.24057,25.931937,0.72171929,0.2877028,15.886382,4.5705565,0.17735382,0.21952683,23.957807,5.2593815,0.51698726,0.22686418,48.308273,10.959417,0.68903619,0.20704111,74.462533,15.416805,0.54373393,0.21068265,57.210369,12.053232,0.60748527,0.23844315,49.929479,11.905342
experiment_0a_best,file,16,,11179,190.Red_cockaded_Woodpecker/Red_Cockaded_Woodpecker_0060_182377.jpg,190,189,190.Red_cockaded_Woodpecker,192,191,gaussian_blur,gaussian_blur,0,"{""sigma"":1.811277}",0.69273502,1.4386778,0.74594277,0.50020611,0.23724125,0.43626904,0.043687202,0.063937068,0.19355405,0.12961698,0.11568036,1.1222741,120.29418,135.00304,False,0.81615472,False,True,False,0.11568036,1.1222741,120.29418,135.00304,0.10527373,1.1168267,119.24057,133.17105,0.58779182,1.3952292,15.886382,22.165144,-0.17809805,0.99704337,23.957807,23.886973,-0.057433538,1.23102,48.308273,59.468452,0.0656001,1.0570169,74.462533,78.708158,0.17212785,1.1308579,57.210369,64.696798,0.32232866,1.1412226,49.929479,56.980649
experiment_0a_best,file,16,,11179,190.Red_cockaded_Woodpecker/Red_Cockaded_Woodpecker_0060_182377.jpg,190,189,190.Red_cockaded_Woodpecker,192,191,random_erasing,random_erasing,0,"{""area_fraction"":0.093645,""erased"":true,""height"":0.228926,""left"":0.401273,""top"":0.645586,""width"":0.409063}",0.69273502,1.3817768,0.68904179,0.50020611,0.25113195,0.43626904,0.69470525,0.063937068,-0.4435733,-0.50751036,0.96246144,1.4407306,120.29418,173.31151,False,0.97777313,False,True,False,0.96246144,1.4407306,120.29418,173.31151,0.96220476,1.4402098,119.24057,171.73144,0.97682654,1.4697726,15.886382,23.349368,0.97474427,1.5133416,23.957807,36.256346,0.97050697,1.5243559,48.308273,73.639003,0.96713149,1.353153,74.462533,100.7592,0.9585728,1.4798978,57.210369,84.665497,0.95231371,1.4763686,49.929479,73.714316
experiment_0a_best,file,16,,4184,072.Pomarine_Jaeger/Pomarine_Jaeger_0075_61349.jpg,72,71,072.Pomarine_Jaeger,44,43,identity,identity,0,{},0.035462428,0.035462428,0,0.965159,0.965159,0.012154571,0.012154571,0.95300443,0.95300443,0,1,1,5.7270718,5.7270718,False,1,True,True,True,1,1,5.7270718,5.7270718,1,1,5.6104296,5.6104296,1,1,1.1499702,1.1499702,1,1,1.8761522,1.8761522,1,1,2.4656118,2.4656118,1,1,2.8179278,2.8179278,1,1,2.5839511,2.5839511,1,1,2.6944779,2.6944779
experiment_0a_best,file,16,,4184,072.Pomarine_Jaeger/Pomarine_Jaeger_0075_61349.jpg,72,71,072.Pomarine_Jaeger,44,43,horizontal_flip,horizontal_flip,0,"{""flipped"":true}",0.035462428,0.052929681,0.017467253,0.965159,0.94844669,0.012154571,0.0084087122,0.95300443,0.94003798,-0.012966449,0.50064371,1.5415436,5.7270718,8.828531,False,0.95134342,True,True,True,0.50064371,1.5415436,5.7270718,8.828531,0.48587187,1.5485335,5.6104296,8.6879382,0.9034905,1.3646404,1.1499702,1.5692958,0.24420924,1.8128113,1.8761522,3.4011101,0.4167261,1.5317031,2.4656118,3.7765854,0.48809184,1.5113521,2.8179278,4.258881,0.52465648,1.5646439,2.5839511,4.0429634,0.65807981,1.4453337,2.6944779,3.8944196
experiment_0a_best,file,16,,4184,072.Pomarine_Jaeger/Pomarine_Jaeger_0075_61349.jpg,72,71,072.Pomarine_Jaeger,44,43,color_jitter,color_jitter,0,"{""brightness"":0.878992,""contrast"":1.254021,""hue"":-0.035923,""saturation"":1.322681}",0.035462428,1.1059153,1.0704529,0.965159,0.33090788,0.012154571,0.14202838,0.95300443,0.1888795,-0.76412492,0.50842609,17.160982,5.7270718,98.282179,False,0.88148475,True,True,True,0.50842609,17.160982,5.7270718,98.282179,0.49486111,17.115117,5.6104296,96.023157,0.81269707,18.218642,1.1499702,20.950896,0.41915975,13.229623,1.8761522,24.820787,0.48528285,16.398425,2.4656118,40.432151,0.38731977,17.521368,2.8179278,49.373949,0.52567731,18.658815,2.5839511,48.213466,0.62659685,17.436335,2.6944779,46.981818
experiment_0a_best,file,16,,4184,072.Pomarine_Jaeger/Pomarine_Jaeger_0075_61349.jpg,72,71,072.Pomarine_Jaeger,44,43,rotation,rotation,0,"{""angle"":-5.6273}",0.035462428,0.00552093,-0.029941498,0.965159,0.99449426,0.012154571,0.00070064625,0.95300443,0.99379361,0.040789185,0.54549697,0.14481084,5.7270718,0.82934208,False,0.93420184,True,True,True,0.54549697,0.14481084,5.7270718,0.82934208,0.53054354,0.14387222,5.6104296,0.80718498,0.8598932,0.16558896,1.1499702,0.19042237,0.72242522,0.14533149,1.8761522,0.272664,0.47602873,0.14542229,2.4656118,0.35855491,0.38107854,0.1373212,2.8179278,0.38696122,0.46372715,0.14494829,2.5839511,0.37453929,0.69694479,0.14781095,2.6944779,0.39827334
experiment_0a_best,file,16,,4184,072.Pomarine_Jaeger/Pomarine_Jaeger_0075_61349.jpg,72,71,072.Pomarine_Jaeger,44,43,random_resized_crop,random_resized_crop,0,"{""area_fraction"":0.715197,""aspect"":1.265809,""fallback"":false,""height"":0.751672,""left"":0.039362,""top"":0.022234,""width"":0.951474}",0.035462428,0.0040041995,-0.031458228,0.965159,0.99600381,0.012154571,0.0007726234,0.95300443,0.99523118,0.042226755,0.6644604,0.11075778,5.7270718,0.63431777,False,0.94396108,True,True,True,0.6644604,0.11075778,5.7270718,0.63431777,0.65209092,0.11019007,5.6104296,0.61821363,0.93127767,0.12350271,1.1499702,0.14202444,0.71741117,0.1294016,1.8761522,0.24277711,0.55797917,0.1112425,2.4656118,0.27428082,0.62756202,0.10245116,2.8179278,0.28869996,0.62898493,0.10646575,2.5839511,0.27510229,0.74642375,0.11071137,2.6944779,0.29830933
experiment_0a_best,file,16,,4184,072.Pomarine_Jaeger/Pomarine_Jaeger_0075_61349.jpg,72,71,072.Pomarine_Jaeger,44,43,gaussian_blur,gaussian_blur,0,"{""sigma"":1.239142}",0.035462428,0.02959037,-0.0058720578,0.965159,0.97084314,0.012154571,0.0077614319,0.95300443,0.9630817,0.010077276,0.4543423,0.87640997,5.7270718,5.0192629,False,0.88975191,True,True,True,0.4543423,0.87640997,5.7270718,5.0192629,0.43921744,0.88106719,5.6104296,4.9431655,0.87831567,0.75714826,1.1499702,0.87069794,0.48737052,1.0086193,1.8761522,1.8923233,0.29415192,0.9634024,2.4656118,2.3753764,0.39968876,0.86745533,2.8179278,2.4444265,0.4620014,0.86306399,2.5839511,2.2301151,0.59541113,0.76626766,2.6944779,2.0646913
experiment_0a_best,file,16,,4184,072.Pomarine_Jaeger/Pomarine_Jaeger_0075_61349.jpg,72,71,072.Pomarine_Jaeger,44,43,random_erasing,random_erasing,0,"{""area_fraction"":0.06879,""erased"":true,""height"":0.292988,""left"":0.394767,""top"":0.353976,""width"":0.234787}",0.035462428,0.044674162,0.0092117339,0.965159,0.95630902,0.012154571,0.029661292,0.95300443,0.92664773,-0.0263567,0.71437926,1.3179136,5.7270718,7.5477857,False,0.96399093,True,True,True,0.71437926,1.3179136,5.7270718,7.5477857,0.7050503,1.3100118,5.6104296,7.3497291,0.91499925,1.4937058,1.1499702,1.7177172,0.80481466,1.13016,1.8761522,2.1203521,0.6873998,1.2050085,2.4656118,2.9710833,0.66836899,1.2460501,2.8179278,3.5112791,0.68396012,1.4335783,2.5839511,3.7042962,0.74440839,1.4202379,2.6944779,3.8267998
experiment_0a_best,file,16,,881,016.Painted_Bunting/Painted_Bunting_0086_16540.jpg,16,15,016.Painted_Bunting,172,171,identity,identity,0,{},0.044535186,0.044535186,0,0.95644194,0.95644194,0.021951593,0.021951593,0.93449035,0.93449035,0,1,1,6.3930334,6.3930334,False,1,True,True,True,1,1,6.3930334,6.3930334,1,1,6.2543509,6.2543509,1,1,1.3243759,1.3243759,1,1,1.1406346,1.1406346,1,1,2.7679883,2.7679883,1,1,3.3116841,3.3116841,1,1,3.0380992,3.0380992,1,1,3.1554398,3.1554398
experiment_0a_best,file,16,,881,016.Painted_Bunting/Painted_Bunting_0086_16540.jpg,16,15,016.Painted_Bunting,172,171,horizontal_flip,horizontal_flip,0,"{""flipped"":true}",0.044535186,0.0082503222,-0.036284864,0.95644194,0.99178362,0.021951593,0.0036627466,0.93449035,0.98812087,0.053630527,0.68607689,0.20296814,6.3930334,1.2975821,False,0.96963,True,True,True,0.68607689,0.20296814,6.3930334,1.2975821,0.67377411,0.20314456,6.2543509,1.2705374,0.96631698,0.19899283,1.3243759,0.2635413,0.56682572,0.19951831,1.1406346,0.22757749,0.65209434,0.2137284,2.7679883,0.59159772,0.6692906,0.1921194,3.3116841,0.63623874,0.6271675,0.20371821,3.0380992,0.61891612,0.75363058,0.20651181,3.1554398,0.65163559
experiment_0a_best,file,16,,881,016.Painted_Bunting/Painted_Bunting_0086_16540.jpg,16,15,016.Painted_Bunting,172,171,color_jitter,color_jitter,0,"{""brightness"":1.344469,""contrast"":0.683746,""hue"":0.092923,""saturation"":1.342968}",0.044535186,0.84796506,0.80342988,0.95644194,0.4282856,0.021951593,0.016253328,0.93449035,0.41203227,-0.52245807,0.52298077,14.659702,6.3930334,93.719965,False,0.8355366,True,True,True,0.52298077,14.659702,6.3930334,93.719965,0.51715748,14.728003,6.2543509,92.114098,0.673332,13.043861,1.3243759,17.274975,0.26025142,15.066178,1.1406346,17.185004,0.40310991,16.255674,2.7679883,44.995516,0.54564796,14.77448,3.3116841,48.92841,0.5739483,14.467516,3.0380992,43.953748,0.57327523,13.59097,3.1554398,42.885486
experiment_0a_best,file,16,,881,016.Painted_Bunting/Painted_Bunting_0086_16540.jpg,16,15,016.Painted_Bunting,172,171,rotation,rotation,0,"{""angle"":-12.28768}",0.044535186,0.0386662,-0.0058689862,0.95644194,0.96207178,0.021951593,0.017282901,0.93449035,0.94478888,0.01029853,0.76393033,0.82897528,6.3930334,5.2996666,False,0.95032901,True,True,True,0.76393033,0.82897528,6.3930334,5.2996666,0.75521328,0.8259014,6.2543509,5.1654772,0.94570913,0.89478891,1.3243759,1.1850368,0.71481306,0.83067202,1.1406346,0.94749324,0.76442423,0.76642632,2.7679883,2.1214591,0.76327983,0.79999984,3.3116841,2.6493467,0.70969981,0.85603198,3.0380992,2.6007101,0.79062874,0.86796522,3.1554398,2.738812
experiment_0a_best,file,16,,881,016.Painted_Bunting/Painted_Bunting_0086_16540.jpg,16,15,016.Painted_Bunting,172,171,random_resized_crop,random_resized_crop,0,"{""area_fraction"":0.651155,""aspect"":0.993842,""fallback"":false,""height"":0.809438,""left"":0.129139,""top"":0.131749,""width"":0.804454}",0.044535186,0.022616776,-0.02191841,0.95644194,0.97763705,0.021951593,0.011490314,0.93449035,0.96614674,0.031656393,0.7643264,0.61062625,6.3930334,3.903754,False,0.96989614,True,True,True,0.7643264,0.61062625,6.3930334,3.903754,0.75566368,0.61192979,6.2543509,3.8272236,0.96887793,0.58079508,1.3243759,0.76919099,0.66715953,0.73490341,1.1406346,0.83825626,0.76337494,0.65642217,2.7679883,1.8169689,0.758291,0.6244771,3.3116841,2.0680709,0.73307258,0.60243628,3.0380992,1.8302612,0.79211852,0.55044594,3.1554398,1.736899
experiment_0a_best,file,16,,881,016.Painted_Bunting/Painted_Bunting_0086_16540.jpg,16,15,016.Painted_Bunting,172,171,gaussian_blur,gaussian_blur,0,"{""sigma"":1.336476}",0.044535186,0.50044596,0.45591078,0.95644194,0.60626024,0.021951593,0.015333272,0.93449035,0.59092697,-0.34356338,0.33766019,11.300092,6.3930334,72.241867,False,0.86545563,True,True,True,0.33766019,11.300092,6.3930334,72.241867,0.32732332,11.461825,6.2543509,71.686274,0.77605086,6.7521145,1.3243759,8.9423375,0.10429819,14.182332,1.1406346,16.176858,0.29408939,13.473594,2.7679883,37.294752,0.25053214,11.580891,3.3116841,38.352253,0.33311385,11.937451,3.0380992,36.26716,0.55032509,8.3855124,3.1554398,26.45998
experiment_0a_best,file,16,,881,016.Painted_Bunting/Painted_Bunting_0086_16540.jpg,16,15,016.Painted_Bunting,172,171,random_erasing,random_erasing,0,"{""area_fraction"":0.145185,""erased"":true,""height"":0.221506,""left"":0.290515,""top"":0.773309,""width"":0.655446}",0.044535186,0.097399816,0.05286463,0.95644194,0.90719324,0.021951593,0.050906792,0.93449035,0.85628645,-0.078203894,0.94563686,2.1297076,6.3930334,13.615292,False,0.99119514,True,True,True,0.94563686,2.1297076,6.3930334,13.615292,0.9437449,2.1332267,6.2543509,13.341949,0.99027581,2.0496544,1.3243759,2.7145128,0.95442767,2.1193103,1.1406346,2.4173586,0.96265203,2.210282,2.7679883,6.1180346,0.94674267,2.1203531,3.3116841,7.0219396,0.93697998,2.1272231,3.0380992,6.4627149,0.93067289,2.0940087,3.1554398,6.6075185
experiment_0a_best,file,16,,2199,039.Least_Flycatcher/Least_Flycatcher_0049_30361.jpg,39,38,039.Least_Flycatcher,38,37,identity,identity,0,{},0.024498928,0.024498928,0,0.97579873,0.97579873,0.0081358356,0.0081358356,0.96766289,0.96766289,0,1,1,4.3444697,4.3444697,False,1,True,True,True,1,1,4.3444697,4.3444697,1,1,4.2548344,4.2548344,1,1,0.87795268,0.87795268,1,1,1.3807318,1.3807318,1,1,2.0019754,2.0019754,1,1,2.1778706,2.1778706,1,1,1.9373656,1.9373656,1,1,1.9216618,1.9216618
experiment_0a_best,file,16,,2199,039.Least_Flycatcher/Least_Flycatcher_0049_30361.jpg,39,38,039.Least_Flycatcher,38,37,horizontal_flip,horizontal_flip,0,"{""flipped"":true}",0.024498928,0.073331751,0.048832823,0.97579873,0.9292925,0.0081358356,0.047446065,0.96766289,0.88184644,-0.085816455,0.5680239,2.847943,4.3444697,12.372802,False,0.96089858,True,True,True,0.5680239,2.847943,4.3444697,12.372802,0.55194231,2.8329325,4.2548344,12.053659,0.90811335,3.1801823,0.87795268,2.7920496,0.12335844,2.057257,1.3807318,2.8405202,0.57046213,3.0333305,2.0019754,6.072653,0.53136791,2.6767419,2.1778706,5.8295975,0.53002893,2.8941108,1.9373656,5.6069507,0.73828903,3.0752348,1.9216618,5.9095614
experiment_0a_best,file,16,,2199,039.Least_Flycatcher/Least_Flycatcher_0049_30361.jpg,39,38,039.Least_Flycatcher,38,37,color_jitter,color_jitter,0,"{""brightness"":1.081852,""contrast"":1.142514,""hue"":0.032865,""saturation"":0.817336}",0.024498928,0.017556382,-0.006942546,0.97579873,0.98259681,0.0081358356,0.0018344058,0.96766289,0.98076241,0.013099518,0.85290179,0.63122596,4.3444697,2.742342,False,0.98345101,True,True,True,0.85290179,0.63122596,4.3444697,2.742342,0.84888056,0.6285126,4.2548344,2.674217,0.9424583,0.69190087,0.87795268,0.60745622,0.89690852,0.6013701,1.3807318,0.83033084,0.82382965,0.59584106,2.0019754,1.1928592,0.83689745,0.60538207,2.1778706,1.3184438,0.83597503,0.646056,1.9373656,1.2516467,0.88240299,0.6852795,1.9216618,1.3168755
experiment_0a_best,file,16,,2199,039.Least_Flycatcher/Least_Flycatcher_0049_30361.jpg,39,38,039.Least_Flycatcher,38,37,rotation,rotation,0,"{""angle"":-12.689207}",0.024498928,0.17839649,0.15389756,0.97579873,0.83661067,0.0081358356,0.053395748,0.96766289,0.78321493,-0.18444796,0.7714687,7.5072021,4.3444697,32.614812,False,0.96760768,True,True,True,0.7714687,7.5072021,4.3444697,32.614812,0.76445014,7.5426597,4.2548344,32.092768,0.96562419,6.6200301,0.87795268,5.8120732,0.84226742,6.1373197,1.3807318,8.4739925,0.73937445,8.4793858,2.0019754,16.975522,0.74646432,7.7665451,2.1778706,16.91453,0.74281442,7.5276185,1.9373656,14.583749,0.83196633,6.8085059,1.9216618,13.083646
experiment_0a_best,file,16,,2199,039.Least_Flycatcher/Least_Flycatcher_0049_30361.jpg,39,38,039.Least_Flycatcher,38,37,random_resized_crop,random_resized_crop,0,"{""area_fraction"":0.681325,""aspect"":1.0758,""fallback"":false,""height"":0.795814,""left"":0.08712,""top"":0.188744,""width"":0.856136}",0.024498928,0.24995786,0.22545893,0.97579873,0.77883363,0.0081358356,0.015783338,0.96766289,0.76305029,-0.2046126,0.69945707,10.599087,4.3444697,46.047413,False,0.94780105,True,True,True,0.69945707,10.599087,4.3444697,46.047413,0.6933989,10.679569,4.2548344,45.439798,0.89622945,8.4922592,0.87795268,7.4558017,0.8556162,12.344101,1.3807318,17.043893,0.75943169,10.692774,2.0019754,21.406672,0.63545943,10.719232,2.1778706,23.345099,0.59662631,10.834326,1.9373656,20.990051,0.71019586,9.4598034,1.9216618,18.178543
experiment_0a_best,file,16,,2199,039.Least_Flycatcher/Least_Flycatcher_0049_30361.jpg,39,38,039.Least_Flycatcher,38,37,gaussian_blur,gaussian_blur,0,"{""sigma"":1.660073}",0.024498928,3.6220767,3.5975778,0.97579873,0.026727114,0.0081358356,0.078967623,0.96766289,-0.05224051,-1.0199034,0.35477165,53.448351,4.3444697,232.20474,False,0.7511524,False,True,False,0.35477165,53.448351,4.3444697,232.20474,0.34669657,54.052196,4.2548344,229.98314,0.6625506,36.498131,0.87795268,32.043632,0.16154993,44.712407,1.3807318,61.735843,0.30785997,49.536507,2.0019754,99.170869,0.34602571,62.316904,2.1778706,135.71815,0.3902187,57.95124,1.9373656,112.27274,0.44311578,47.184375,1.9216618,90.672413
experiment_0a_best,file,16,,2199,039.Least_Flycatcher/Least_Flycatcher_0049_30361.jpg,39,38,039.Least_Flycatcher,38,37,random_erasing,random_erasing,0,"{""area_fraction"":0.113396,""erased"":true,""height"":0.495414,""left"":0.598594,""top"":0.288368,""width"":0.228891}",0.024498928,0.027859699,0.0033607706,0.97579873,0.97252482,0.0081358356,0.0058447164,0.96766289,0.96668011,-0.00098278513,0.88613397,1.0663308,4.3444697,4.6326417,False,0.98482895,True,True,True,0.88613397,1.0663308,4.3444697,4.6326417,0.88284355,1.0682074,4.2548344,4.5450458,0.96782771,1.0212627,0.87795268,0.89662031,0.94865422,1.219804,1.3807318,1.6842222,0.89949954,1.110665,2.0019754,2.223524,0.86502948,1.0337803,2.1778706,2.2514397,0.8544553,1.0233769,1.9373656,1.9826553,0.88248351,1.0246226,1.9216618,1.9689782
experiment_0a_best,file,16,,4531,078.Gray_Kingbird/Gray_Kingbird_0037_70050.jpg,78,77,078.Gray_Kingbird,112,111,identity,identity,0,{},0.050161902,0.050161902,0,0.95107543,0.95107543,0.01263256,0.01263256,0.93844287,0.93844287,0,1,1,7.9655781,7.9655781,False,1.0000001,True,True,True,1,1,7.9655781,7.9655781,1,1,7.8355137,7.8355137,1,1,1.4335827,1.4335827,1,1,1.5961981,1.5961981,1,1,3.1250276,3.1250276,1,1,4.0561849,4.0561849,1,1,4.0418471,4.0418471,1,1,4.0363925,4.0363925
experiment_0a_best,file,16,,4531,078.Gray_Kingbird/Gray_Kingbird_0037_70050.jpg,78,77,078.Gray_Kingbird,112,111,horizontal_flip,horizontal_flip,0,"{""flipped"":true}",0.050161902,0.023621691,-0.02654021,0.95107543,0.97665513,0.01263256,0.010102887,0.93844287,0.96655224,0.028109364,0.58748985,0.58162334,7.9655781,4.6329661,False,0.97144574,True,True,True,0.58748985,0.58162334,7.9655781,4.6329661,0.57577287,0.58251551,7.8355137,4.5643083,0.95603293,0.55430886,1.4335827,0.7946476,0.48874348,0.94758173,1.5961981,1.5125282,0.38385586,0.59720497,3.1250276,1.866282,0.58515791,0.57080072,4.0561849,2.3152733,0.57899048,0.55136934,4.0418471,2.2285505,0.73576342,0.53910982,4.0363925,2.1760588
experiment_0a_best,file,16,,4531,078.Gray_Kingbird/Gray_Kingbird_0037_70050.jpg,78,77,078.Gray_Kingbird,112,111,color_jitter,color_jitter,0,"{""brightness"":0.855864,""contrast"":1.238648,""hue"":0.041369,""saturation"":0.616595}",0.050161902,0.0453192,-0.0048427023,0.95107543,0.95569235,0.01263256,0.015992064,0.93844287,0.93970029,0.0012574121,0.81323601,0.91299268,7.9655781,7.2725144,False,0.97884774,True,True,True,0.81323601,0.91299268,7.9655781,7.2725144,0.80786469,0.91200826,7.8355137,7.1460532,0.96901023,0.94192652,1.4335827,1.3503296,0.77608842,0.92177897,1.5961981,1.4713419,0.69747553,0.97882927,3.1250276,3.0588685,0.79428941,0.86638053,4.0561849,3.5141996,0.82034018,0.89942014,4.0418471,3.6353187,0.88587136,0.92629872,4.0363925,3.7389052
experiment_0a_best,file,16,,4531,078.Gray_Kingbird/Gray_Kingbird_0037_70050.jpg,78,77,078.Gray_Kingbird,112,111,rotation,rotation,0,"{""angle"":-8.470536}",0.050161902,0.17713918,0.12697728,0.95107543,0.83766317,0.01263256,0.014950302,0.93844287,0.82271287,-0.11573,0.73692882,3.9689526,7.9655781,31.615002,False,0.95385051,True,True,True,0.73692882,3.9689526,7.9655781,31.615002,0.73237696,3.9902234,7.8355137,31.26545,0.91708282,3.2703216,1.4335827,4.6882766,0.68450597,5.3024717,1.5961981,8.4637955,0.6695768,4.9827091,3.1250276,15.571103,0.75340289,4.0580671,4.0561849,16.46027,0.74455949,3.6130392,4.0418471,14.603352,0.80202115,3.3167894,4.0363925,13.387864
experiment_0a_best,file,16,,4531,078.Gray_Kingbird/Gray_Kingbird_0037_70050.jpg,78,77,078.Gray_Kingbird,112,111,random_resized_crop,random_resized_crop,0,"{""area_fraction"":0.735615,""aspect"":1.039745,""fallback"":false,""height"":0.841128,""left"":0.08145,""top"":0.158179,""width"":0.874559}",0.050161902,0.11837097,0.068209063,0.95107543,0.88836646,0.01263256,0.031169511,0.93844287,0.85719695,-0.081245925,0.72409964,2.3005108,7.9655781,18.324899,False,0.95233423,True,True,True,0.72409964,2.3005108,7.9655781,18.324899,0.7175095,2.3063595,7.8355137,18.071511,0.94098506,2.1183566,1.4335827,3.0368394,0.52486896,3.1641832,1.5961981,5.0506633,0.68792305,2.7705782,3.1250276,8.6581333,0.70117939,2.1068424,4.0561849,8.5457423,0.72656708,2.1072935,4.0418471,8.517358,0.81266777,2.2232624,4.0363925,8.9739596
experiment_0a_best,file,16,,4531,078.Gray_Kingbird/Gray_Kingbird_0037_70050.jpg,78,77,078.Gray_Kingbird,112,111,gaussian_blur,gaussian_blur,0,"{""sigma"":1.8439}",0.050161902,0.49559659,0.44543469,0.95107543,0.60920733,0.01263256,0.13523631,0.93844287,0.47397102,-0.46447185,0.51766695,9.3143023,7.9655781,74.193802,False,0.87611353,True,True,True,0.51766695,9.3143023,7.9655781,74.193802,0.5099849,9.3858562,7.8355137,73.543004,0.85808191,6.839819,1.4335827,9.8054464,0.25533285,11.996943,1.5961981,19.149498,0.41346094,11.242221,3.1250276,35.13225,0.47410819,9.371173,4.0561849,38.011211,0.54937855,9.0674052,4.0418471,36.649065,0.66881993,7.910778,4.0363925,31.931005
experiment_0a_best,file,16,,4531,078.Gray_Kingbird/Gray_Kingbird_0037_70050.jpg,78,77,078.Gray_Kingbird,112,111,random_erasing,random_erasing,0,"{""area_fraction"":0.101067,""erased"":true,""height"":0.536581,""left"":0.148791,""top"":0.41282,""width"":0.188354}",0.050161902,0.091080502,0.0409186,0.95107543,0.9129442,0.01263256,0.012181554,0.93844287,0.90076264,-0.037680231,0.80313027,2.069666,7.9655781,16.486086,False,0.95959055,True,True,True,0.80313027,2.069666,7.9655781,16.486086,0.79966786,2.0765145,7.8355137,16.270558,0.92405492,1.8534434,1.4335827,2.6570645,0.73533987,2.2949426,1.5961981,3.6631831,0.7919112,2.3217482,3.1250276,7.2555271,0.81200595,2.1522428,4.0561849,8.7298949,0.78372428,1.9938731,4.0418471,8.0589304,0.83015377,1.8788236,4.0363925,7.5836696
experiment_0a_best,file,16,,782,015.Lazuli_Bunting/Lazuli_Bunting_0102_14605.jpg,15,14,015.Lazuli_Bunting,14,13,identity,identity,0,{},0.0016129116,0.0016129116,0,0.99838841,0.99838841,0.00016785249,0.00016785249,0.99822056,0.99822056,0,1,1,0.22889085,0.22889085,False,1,True,True,True,1,1,0.22889085,0.22889085,1,1,0.2247949,0.2247949,1,1,0.043107718,0.043107718,1,1,0.044445345,0.044445345,1,1,0.07864621,0.07864621,1,1,0.10217555,0.10217555,1,1,0.10830305,0.10830305,1,1,0.14213633,0.14213633
experiment_0a_best,file,16,,782,015.Lazuli_Bunting/Lazuli_Bunting_0102_14605.jpg,15,14,015.Lazuli_Bunting,14,13,horizontal_flip,horizontal_flip,0,"{""flipped"":true}",0.0016129116,0.0043522636,0.0027393521,0.99838841,0.99565721,0.00016785249,0.00064611924,0.99822056,0.99501109,-0.0032094708,0.5920329,2.4360967,0.22889085,0.55760026,False,0.98071539,True,True,True,0.5920329,2.4360967,0.22889085,0.55760026,0.57683708,2.4292489,0.2247949,0.54608276,0.97739362,2.6154488,0.043107718,0.11274603,0.34649429,2.2374362,0.044445345,0.099443626,0.28484517,2.1815938,0.07864621,0.17157408,0.54371308,2.4772171,0.10217555,0.25311103,0.50115964,2.5333886,0.10830305,0.27437372,0.74238278,2.4324269,0.14213633,0.34573625
experiment_0a_best,file,16,,782,015.Lazuli_Bunting/Lazuli_Bunting_0102_14605.jpg,15,14,015.Lazuli_Bunting,14,13,color_jitter,color_jitter,0,"{""brightness"":0.915665,""contrast"":1.368227,""hue"":0.002614,""saturation"":0.711481}",0.0016129116,0.0032100361,0.0015971245,0.99838841,0.99679512,0.00016785249,0.00021893704,0.99822056,0.99657618,-0.0016443763,0.89296154,1.9516696,0.22889085,0.44671932,False,0.99267775,True,True,True,0.89296154,1.9516696,0.22889085,0.44671932,0.88942307,1.9526795,0.2247949,0.4389524,0.99071278,1.9240024,0.043107718,0.082939352,0.89686326,2.0390014,0.044445345,0.090624124,0.83091895,1.8909557,0.07864621,0.1487165,0.87331078,1.9359413,0.10217555,0.19780587,0.85670477,2.0313499,0.10830305,0.2200014,0.93543953,1.9244643,0.14213633,0.2735363
experiment_0a_best,file,16,,782,015.Lazuli_Bunting/Lazuli_Bunting_0102_14605.jpg,15,14,015.Lazuli_Bunting,14,13,rotation,rotation,0,"{""angle"":-8.015346}",0.0016129116,0.00079361885,-0.00081929273,0.99838841,0.99920672,0.00016785249,0.00013791653,0.99822056,0.99906881,0.00084824812,0.73516298,0.50763111,0.22889085,0.11619212,False,0.9810732,True,True,True,0.73516298,0.50763111,0.22889085,0.11619212,0.7258222,0.50583605,0.2247949,0.11370937,0.96994516,0.55422057,0.043107718,0.023891184,0.61435698,0.50786116,0.044445345,0.022572065,0.67573077,0.55301888,0.07864621,0.043492839,0.69982108,0.54455611,0.10217555,0.05564032,0.64432912,0.49514534,0.10830305,0.053625753,0.82380855,0.47494191,0.14213633,0.067506503
experiment_0a_best,file,16,,782,015.Lazuli_Bunting/Lazuli_Bunting_0102_14605.jpg,15,14,015.Lazuli_Bunting,14,13,random_resized_crop,random_resized_crop,0,"{""area_fraction"":0.661815,""aspect"":0.839069,""fallback"":false,""height"":0.888115,""left"":0.163624,""top"":0.088331,""width"":0.74519}",0.0016129116,0.0055857766,0.0039728651,0.99838841,0.99442977,0.00016785249,0.00061164709,0.99822056,0.99381812,-0.0044024371,0.68630574,3.1058122,0.22889085,0.71089201,False,0.956177,True,True,True,0.68630574,3.1058122,0.22889085,0.71089201,0.67544227,3.092227,0.2247949,0.69511686,0.95477127,3.454822,0.043107718,0.14892949,0.72593788,3.9162555,0.044445345,0.17405933,0.70804405,3.5277489,0.07864621,0.27744408,0.6548359,3.0449676,0.10217555,0.31112124,0.57916839,3.041181,0.10830305,0.32936919,0.73239918,2.9062239,0.14213633,0.41308001
experiment_0a_best,file,16,,782,015.Lazuli_Bunting/Lazuli_Bunting_0102_14605.jpg,15,14,015.Lazuli_Bunting,14,13,gaussian_blur,gaussian_blur,0,"{""sigma"":1.356664}",0.0016129116,0.0013025856,-0.000310326,0.99838841,0.99869823,0.00016785249,0.00019863606,0.99822056,0.9984996,0.00027904137,0.61371204,0.92444544,0.22889085,0.2115971,False,0.9519099,True,True,True,0.61371204,0.92444544,0.22889085,0.2115971,0.6020343,0.92577081,0.2247949,0.20810856,0.94543279,0.88764569,0.043107718,0.03826438,0.59543806,1.0330429,0.044445345,0.045913949,0.46376312,1.0196286,0.07864621,0.080189923,0.51353127,1.0954558,0.10217555,0.1119288,0.573077,0.93248062,0.10830305,0.1009905,0.76182659,0.77209655,0.14213633,0.10974297
experiment_0a_best,file,16,,782,015.Lazuli_Bunting/Lazuli_Bunting_0102_14605.jpg,15,14,015.Lazuli_Bunting,14,13,random_erasing,random_erasing,0,"{""area_fraction"":0.161227,""erased"":true,""height"":0.484442,""left"":0.141327,""top"":0.118094,""width"":0.332811}",0.0016129116,3.7446761,3.7430632,0.99838841,0.023643285,0.00016785249,0.0046287896,0.99822056,0.019014495,-0.97920606,0.23408381,459.15171,0.22889085,105.09563,False,0.64904165,False,True,False,0.23408381,459.15171,0.22889085,105.09563,0.21621147,455.07029,0.2247949,102.29748,0.63459463,558.82693,0.043107718,24.089754,0.23147781,374.91604,0.044445345,16.663273,0.21298903,576.76773,0.07864621,45.360596,0.17162063,465.91777,0.10217555,47.605405,0.16406795,462.85545,0.10830305,50.128658,0.28140952,407.23137,0.14213633,57.882374
experiment_0a_best,file,16,,3068,053.Western_Grebe/Western_Grebe_0007_36074.jpg,53,52,053.Western_Grebe,143,142,identity,identity,0,{},0.056913897,0.056913897,0,0.94467539,0.94467539,0.012700309,0.012700309,0.93197508,0.93197508,0,1,1,7.475414,7.475414,False,1.0000001,True,True,True,1,1,7.475414,7.475414,1,1,7.2537759,7.2537759,1,1,1.8068063,1.8068063,1,1,1.7075421,1.7075421,1,1,3.0254029,3.0254029,1,1,3.4754659,3.4754659,1,1,3.6300204,3.6300204,1,1,3.9105743,3.9105743
experiment_0a_best,file,16,,3068,053.Western_Grebe/Western_Grebe_0007_36074.jpg,53,52,053.Western_Grebe,143,142,horizontal_flip,horizontal_flip,0,"{""flipped"":true}",0.056913897,0.016528582,-0.040385315,0.94467539,0.98360729,0.012700309,0.0026850449,0.93197508,0.98092225,0.04894717,0.51596667,0.29835774,7.475414,2.2303476,False,0.96382809,True,True,True,0.51596667,0.29835774,7.475414,2.2303476,0.48981988,0.29923459,7.2537759,2.1705807,0.96091256,0.28385145,1.8068063,0.51286458,0.30140542,0.21914545,1.7075421,0.37420009,0.30665269,0.26700728,3.0254029,0.8078046,0.40864713,0.2906609,3.4754659,1.010182,0.52323166,0.32405,3.6300204,1.1763081,0.6443672,0.31471658,3.9105743,1.2307226
experiment_0a_best,file,16,,3068,053.Western_Grebe/Western_Grebe_0007_36074.jpg,53,52,053.Western_Grebe,143,142,color_jitter,color_jitter,0,"{""brightness"":1.314602,""contrast"":1.051328,""hue"":-0.062143,""saturation"":0.601164}",0.056913897,0.23112856,0.17421466,0.94467539,0.79363745,0.012700309,0.015601334,0.93197508,0.77803612,-0.15393896,0.63253497,3.9527858,7.475414,29.548711,False,0.94555497,True,True,True,0.63253497,3.9527858,7.475414,29.548711,0.61712389,3.9790771,7.2537759,28.863334,0.9196729,3.5019043,1.8068063,6.3272627,0.59184951,4.2411261,1.7075421,7.2419014,0.28067786,3.6800066,3.0254029,11.133502,0.61423607,4.2912107,3.4754659,14.913957,0.66557028,4.0074289,3.6300204,14.547049,0.77889107,3.815664,3.9105743,14.921438
experiment_0a_best,file,16,,3068,053.Western_Grebe/Western_Grebe_0007_36074.jpg,53,52,053.Western_Grebe,143,142,rotation,rotation,0,"{""angle"":4.8813}",0.056913897,0.063403577,0.0064896792,0.94467539,0.9385646,0.012700309,0.018795429,0.93197508,0.91976917,-0.012205907,0.70703469,1.159016,7.475414,8.6641247,False,0.96183455,True,True,True,0.70703469,1.159016,7.475414,8.6641247,0.69331746,1.1646428,7.2537759,8.4480581,0.951708,1.0642286,1.8068063,1.9228549,0.49687632,0.90693783,1.7075421,1.5486345,0.65144956,1.0482249,3.0254029,3.1713027,0.67003468,1.280506,3.4754659,4.4503548,0.67347571,1.1914048,3.6300204,4.3248239,0.79175311,1.1551075,3.9105743,4.5171336
experiment_0a_best,file,16,,3068,053.Western_Grebe/Western_Grebe_0007_36074.jpg,53,52,053.Western_Grebe,143,142,random_resized_crop,random_resized_crop,0,"{""area_fraction"":0.830422,""aspect"":0.906255,""fallback"":false,""height"":0.957248,""left"":0.073564,""top"":0.032015,""width"":0.86751}",0.056913897,0.057647422,0.00073352456,0.94467539,0.94398272,0.012700309,0.0094367117,0.93197508,0.93454601,0.0025709318,0.72073277,1.0790011,7.475414,8.0659797,False,0.96438348,True,True,True,0.72073277,1.0790011,7.475414,8.0659797,0.708285,1.0868285,7.2537759,7.8836107,0.95854136,0.94392757,1.8068063,1.7054942,0.62428059,1.280389,1.7075421,2.1863182,0.54928205,1.101764,3.0254029,3.33328,0.7133542,1.0957121,3.4754659,3.8081102,0.72311453,1.0474063,3.6300204,3.8021062,0.81225334,1.0636981,3.9105743,4.1596706
experiment_0a_best,file,16,,3068,053.Western_Grebe/Western_Grebe_0007_36074.jpg,53,52,053.Western_Grebe,143,142,gaussian_blur,gaussian_blur,0,"{""sigma"":1.716247}",0.056913897,0.62867445,0.57176055,0.94467539,0.53329825,0.012700309,0.060647946,0.93197508,0.47265031,-0.45932477,0.51685472,11.79934,7.475414,88.204952,False,0.90075421,True,True,True,0.51685472,11.79934,7.475414,88.204952,0.50433381,12.007724,7.2537759,87.101342,0.88147466,7.698302,1.8068063,13.90934,0.10151912,15.850393,1.7075421,27.065214,0.4051913,13.308923,3.0254029,40.264855,0.53720449,14.204728,3.4754659,49.368049,0.54659581,10.426021,3.6300204,37.846671,0.674071,9.4417551,3.9105743,36.922685
experiment_0a_best,file,16,,3068,053.Western_Grebe/Western_Grebe_0007_36074.jpg,53,52,053.Western_Grebe,143,142,random_erasing,random_erasing,0,"{""area_fraction"":0.068597,""erased"":true,""height"":0.217862,""left"":0.296,""top"":0.007416,""width"":0.314865}",0.056913897,0.07373336,0.016819462,0.94467539,0.92891932,0.012700309,0.014428509,0.93197508,0.91449081,-0.017484271,0.97345917,1.3198432,7.475414,9.8663745,False,0.9969064,True,True,True,0.97345917,1.3198432,7.475414,9.8663745,0.97224585,1.3235861,7.2537759,9.6009967,0.99522311,1.2579819,1.8068063,2.2729295,0.98518248,1.3838525,1.7075421,2.3629864,0.97969918,1.3193428,3.0254029,3.9915435,0.97056129,1.3295939,3.4754659,4.6209583,0.96732172,1.3390578,3.6300204,4.8608072,0.97130245,1.295915,3.9105743,5.0677718
experiment_0a_best,file,16,,1464,027.Shiny_Cowbird/Shiny_Cowbird_0019_24323.jpg,27,26,027.Shiny_Cowbird,128,127,identity,identity,0,{},6.585084,6.585084,0,0.0013808118,0.0013808118,0.40834513,0.40834513,-0.40696432,-0.40696432,0,1,1,191.26858,191.26858,False,1,True,False,False,1,1,191.26858,191.26858,1,1,188.03585,188.03585,1,1,35.017013,35.017013,1,1,42.609807,42.609807,1,1,92.754543,92.754543,1,1,100.59867,100.59867,1,1,88.41722,88.41722,1,1,83.670674,83.670674
experiment_0a_best,file,16,,1464,027.Shiny_Cowbird/Shiny_Cowbird_0019_24323.jpg,27,26,027.Shiny_Cowbird,128,127,horizontal_flip,horizontal_flip,0,"{""flipped"":true}",6.585084,4.5189276,-2.0661564,0.0013808118,0.010900707,0.40834513,0.76845813,-0.40696432,-0.75755742,-0.3505931,0.5431205,0.94186107,191.26858,180.14843,False,0.90255201,True,False,False,0.5431205,0.94186107,191.26858,180.14843,0.53133881,0.93720203,188.03585,176.22758,0.84581516,1.0674942,35.017013,37.380458,0.45646611,0.77305244,42.609807,32.939615,0.5041375,0.76581524,92.754543,71.032843,0.51826692,0.971687,100.59867,97.750422,0.54369791,0.9991808,88.41722,88.344788,0.59104574,1.0395524,83.670674,86.980053
experiment_0a_best,file,16,,1464,027.Shiny_Cowbird/Shiny_Cowbird_0019_24323.jpg,27,26,027.Shiny_Cowbird,128,127,color_jitter,color_jitter,0,"{""brightness"":0.649759,""contrast"":0.880847,""hue"":-0.026788,""saturation"":0.601111}",6.585084,6.4024968,-0.18258715,0.0013808118,0.001657414,0.40834513,0.18884064,-0.40696432,-0.18718323,0.21978109,0.63217114,0.74021446,191.26858,141.57977,False,0.9020642,False,False,False,0.63217114,0.74021446,191.26858,141.57977,0.62360921,0.73126937,188.03585,137.50486,0.84267802,0.96304843,35.017013,33.723079,0.52346814,0.55203839,42.609807,23.522249,0.57124907,0.58527362,92.754543,54.286787,0.63770723,0.70858736,100.59867,71.282948,0.64114385,0.76732775,88.41722,67.844986,0.67994132,0.90414872,83.670674,75.650733
experiment_0a_best,file,16,,1464,027.Shiny_Cowbird/Shiny_Cowbird_0019_24323.jpg,27,26,027.Shiny_Cowbird,128,127,rotation,rotation,0,"{""angle"":2.439543}",6.585084,6.050684,-0.53439999,0.0013808118,0.0023562496,0.40834513,0.19775815,-0.40696432,-0.1954019,0.21156242,0.71242741,1.1575991,191.26858,221.41235,False,0.94512725,True,False,False,0.71242741,1.1575991,191.26858,221.41235,0.70764325,1.1634572,188.03585,218.77167,0.88828417,0.97363452,35.017013,34.093773,0.66165991,1.1100772,42.609807,47.300176,0.69110229,1.1510289,92.754543,106.76316,0.68446153,1.2970703,100.59867,130.48355,0.73474289,1.1199303,88.41722,99.021122,0.76659748,1.0277158,83.670674,85.989676
experiment_0a_best,file,16,,1464,027.Shiny_Cowbird/Shiny_Cowbird_0019_24323.jpg,27,26,027.Shiny_Cowbird,128,127,random_resized_crop,random_resized_crop,0,"{""area_fraction"":0.667987,""aspect"":0.965547,""fallback"":false,""height"":0.831758,""left"":0.165941,""top"":0.073894,""width"":0.803102}",6.585084,5.4177432,-1.1673408,0.0013808118,0.0044371495,0.40834513,0.61813134,-0.40696432,-0.61369419,-0.20672987,0.67672003,0.9225875,191.26858,176.462,False,0.91942275,True,False,False,0.67672003,0.9225875,191.26858,176.462,0.66856122,0.91697021,188.03585,172.42327,0.88590914,1.0719755,35.017013,37.537379,0.656193,0.85151906,42.609807,36.283063,0.67016439,0.88600086,92.754543,82.180605,0.68707591,0.93881058,100.59867,94.443098,0.62719262,0.89664948,88.41722,79.279255,0.68857371,0.96022707,83.670674,80.342846
experiment_0a_best,file,16,,1464,027.Shiny_Cowbird/Shiny_Cowbird_0019_24323.jpg,27,26,027.Shiny_Cowbird,128,127,gaussian_blur,gaussian_blur,0,"{""sigma"":1.2294}",6.585084,7.038774,0.45369005,0.0013808118,0.00087720127,0.40834513,0.16403265,-0.40696432,-0.16315545,0.24380887,0.52908183,1.0501834,191.26858,200.86709,False,0.89195466,False,False,False,0.52908183,1.0501834,191.26858,200.86709,0.52059698,1.0560673,188.03585,198.5785,0.83879097,0.86344186,35.017013,30.235155,0.24800229,1.1338413,42.609807,48.312758,0.4677048,0.92411225,92.754543,85.715609,0.53314825,1.1651401,100.59867,117.21155,0.55048482,1.0621289,88.41722,93.910482,0.61331133,1.0137346,83.670674,84.819854
experiment_0a_best,file,16,,1464,027.Shiny_Cowbird/Shiny_Cowbird_0019_24323.jpg,27,26,027.Shiny_Cowbird,128,127,random_erasing,random_erasing,0,"{""area_fraction"":0.190243,""erased"":true,""height"":0.771653,""left"":0.400241,""top"":0.023522,""width"":0.24654}",6.585084,5.1887546,-1.3963294,0.0013808118,0.0055789505,0.40834513,0.099635504,-0.40696432,-0.094056554,0.31290777,0.50022657,0.65977862,191.26858,126.19492,False,0.89937359,False,False,False,0.50022657,0.65977862,191.26858,126.19492,0.48567476,0.65332156,188.03585,122.84787,0.84574383,0.82449675,35.017013,28.871414,0.37523043,0.51996833,42.609807,22.15575,0.32578822,0.60093159,92.754543,55.739135,0.49518646,0.55154874,100.59867,55.485071,0.51698034,0.65902805,88.41722,58.269428,0.63306248,0.84679157,83.670674,70.851622
experiment_0a_best,file,16,,11718,199.Winter_Wren/Winter_Wren_0126_190342.jpg,199,198,199.Winter_Wren,129,128,identity,identity,0,{},7.8179355,7.8179355,0,0.00040245167,0.00040245167,0.25627023,0.25627023,-0.25586778,-0.25586778,0,1,1,204.06362,204.06362,False,1.0000001,True,False,False,1,1,204.06362,204.06362,1,1,201.74539,201.74539,1,1,30.671816,30.671816,1,1,94.474618,94.474618,1,1,103.01683,103.01683,1,1,97.548376,97.548376,1,1,76.701944,76.701944,1,1,75.923695,75.923695
experiment_0a_best,file,16,,11718,199.Winter_Wren/Winter_Wren_0126_190342.jpg,199,198,199.Winter_Wren,129,128,horizontal_flip,horizontal_flip,0,"{""flipped"":true}",7.8179355,6.8085032,-1.0094323,0.00040245167,0.0011043446,0.25627023,0.17191681,-0.25586778,-0.17081247,0.08505531,0.49043116,1.0007576,204.06362,204.21823,False,0.94953662,False,False,False,0.49043116,1.0007576,204.06362,204.21823,0.48025881,1.0013332,201.74539,202.01435,0.94233248,0.97553263,30.671816,29.921357,0.20410347,1.1067289,94.474618,104.55779,0.43989389,0.98490497,103.01683,101.46179,0.6290786,0.96068484,97.548376,93.713245,0.585637,0.96250693,76.701944,73.826153,0.70083064,0.96342904,75.923695,73.147092
experiment_0a_best,file,16,,11718,199.Winter_Wren/Winter_Wren_0126_190342.jpg,199,198,199.Winter_Wren,129,128,color_jitter,color_jitter,0,"{""brightness"":0.857128,""contrast"":1.185306,""hue"":0.024741,""saturation"":1.287992}",7.8179355,8.1680717,0.35013628,0.00040245167,0.00028356418,0.25627023,0.16146578,-0.25586778,-0.16118221,0.094685563,0.82715974,1.1277285,204.06362,230.12837,False,0.96511519,False,False,False,0.82715974,1.1277285,204.06362,230.12837,0.82553669,1.1277668,201.74539,227.52174,0.89748607,1.1260728,30.671816,34.538698,0.90756406,1.1860477,94.474618,112.0514,0.8323261,1.1326913,103.01683,116.68627,0.77895334,1.1572765,97.548376,112.89044,0.78112553,1.0635066,76.701944,81.573026,0.80570537,1.0368048,75.923695,78.718055
experiment_0a_best,file,16,,11718,199.Winter_Wren/Winter_Wren_0126_190342.jpg,199,198,199.Winter_Wren,129,128,rotation,rotation,0,"{""angle"":-6.059028}",7.8179355,6.2752233,-1.5427122,0.00040245167,0.001882371,0.25627023,0.1040771,-0.25586778,-0.10219473,0.15367305,0.84128104,1.1632645,204.06362,237.37996,False,0.96046197,False,False,False,0.84128104,1.1632645,204.06362,237.37996,0.83985754,1.1674021,201.74539,235.51799,0.93020367,0.96745572,30.671816,29.673623,0.94923715,1.3968876,94.474618,131.97043,0.8674357,1.161142,103.01683,119.61717,0.80047954,1.1147353,97.548376,108.74062,0.73293689,1.0531699,76.701944,80.780176,0.77994848,0.96736494,75.923695,73.445921
experiment_0a_best,file,16,,11718,199.Winter_Wren/Winter_Wren_0126_190342.jpg,199,198,199.Winter_Wren,129,128,random_resized_crop,random_resized_crop,0,"{""area_fraction"":0.73994,""aspect"":0.930532,""fallback"":false,""height"":0.891728,""left"":0.069668,""top"":0.038466,""width"":0.829782}",7.8179355,7.5250206,-0.29291487,0.00040245167,0.00053941767,0.25627023,0.16425061,-0.25586778,-0.16371119,0.092156584,0.8036918,0.93837416,204.06362,191.48803,False,0.96580225,True,False,False,0.8036918,0.93837416,204.06362,191.48803,0.80017605,0.93772099,201.74539,189.18089,0.95166432,0.9662103,30.671816,29.635424,0.88266315,0.81842092,94.474618,77.320004,0.8027185,0.91696655,103.01683,94.462987,0.75757217,0.96130186,97.548376,93.773435,0.76570209,1.0174196,76.701944,78.038059,0.81037822,1.0206022,75.923695,77.487889
experiment_0a_best,file,16,,11718,199.Winter_Wren/Winter_Wren_0126_190342.jpg,199,198,199.Winter_Wren,129,128,gaussian_blur,gaussian_blur,0,"{""sigma"":1.640341}",7.8179355,7.2938433,-0.5240922,0.00040245167,0.00067971065,0.25627023,0.0007742751,-0.25586778,-9.4564457e-05,0.25577321,0.37769588,1.1218685,204.06362,228.93255,False,0.74033618,False,False,False,0.37769588,1.1218685,204.06362,228.93255,0.37142615,1.1233959,201.74539,226.63994,0.6676599,1.0536698,30.671816,32.317965,0.36421107,0.56729664,94.474618,53.595134,0.2800549,0.91166658,103.01683,93.917001,0.37234677,1.3577798,97.548376,132.44921,0.43820356,1.4823751,76.701944,113.70105,0.52131627,1.2634732,75.923695,95.927554
experiment_0a_best,file,16,,11718,199.Winter_Wren/Winter_Wren_0126_190342.jpg,199,198,199.Winter_Wren,129,128,random_erasing,random_erasing,0,"{""area_fraction"":0.197824,""erased"":true,""height"":0.269817,""left"":0.259406,""top"":0.427989,""width"":0.73318}",7.8179355,8.575366,0.75743055,0.00040245167,0.00018869745,0.25627023,0.29325765,-0.25586778,-0.29306896,-0.037201178,0.75045422,0.83778079,204.06362,170.96058,False,0.88709176,True,False,False,0.75045422,0.83778079,204.06362,170.96058,0.74784104,0.83446299,201.74539,168.34906,0.85601274,0.97052239,30.671816,29.767684,0.90401757,0.64651634,94.474618,61.079384,0.74607391,0.77986964,103.01683,80.339698,0.75323667,0.91066059,97.548376,88.833461,0.6656403,0.90584032,76.701944,69.479714,0.7025929,0.97122454,75.923695,73.738956
experiment_0a_best,file,16,,736,014.Indigo_Bunting/Indigo_Bunting_0059_11596.jpg,14,13,014.Indigo_Bunting,15,14,identity,identity,0,{},0.48802996,0.48802996,0,0.6138345,0.6138345,0.21638173,0.21638173,0.39745277,0.39745277,0,1,1,83.176114,83.176114,False,1.0000001,True,True,True,1,1,83.176114,83.176114,1,1,82.057782,82.057782,1,1,13.59361,13.59361,1,1,15.650818,15.650818,1,1,39.031707,39.031707,1,1,46.921673,46.921673,1,1,39.153598,39.153598,1,1,35.077198,35.077198
experiment_0a_best,file,16,,736,014.Indigo_Bunting/Indigo_Bunting_0059_11596.jpg,14,13,014.Indigo_Bunting,15,14,horizontal_flip,horizontal_flip,0,"{""flipped"":true}",0.48802996,0.2566286,-0.23140135,0.6138345,0.77365547,0.21638173,0.11499088,0.39745277,0.6586646,0.26121183,0.78746093,0.56213194,83.176114,46.75595,False,0.96902168,True,True,True,0.78746093,0.56213194,83.176114,46.75595,0.78246284,0.56139442,82.057782,46.066781,0.96207913,0.58837609,13.59361,7.9981549,0.79430156,0.6337528,15.650818,9.9187495,0.73651259,0.57192767,39.031707,22.323313,0.79902274,0.53743608,46.921673,25.2174,0.77572925,0.55700556,39.153598,21.808772,0.81968704,0.57999076,35.077198,20.34445
experiment_0a_best,file,16,,736,014.Indigo_Bunting/Indigo_Bunting_0059_11596.jpg,14,13,014.Indigo_Bunting,15,14,color_jitter,color_jitter,0,"{""brightness"":0.644507,""contrast"":1.299525,""hue"":-0.05439,""saturation"":1.196095}",0.48802996,0.31786808,-0.17016187,0.6138345,0.72769874,0.21638173,0.01375106,0.39745277,0.71394768,0.31649491,0.46373874,0.56435382,83.176114,46.940758,False,0.88354409,True,True,True,0.46373874,0.56435382,83.176114,46.940758,0.45526169,0.56278602,82.057782,46.180972,0.74671031,0.61877984,13.59361,8.4114515,0.26513035,0.63031612,15.650818,9.8649627,0.41060812,0.46774065,39.031707,18.256716,0.41834227,0.53513022,46.921673,25.109205,0.47422326,0.57358847,39.153598,22.458052,0.57674514,0.6789709,35.077198,23.816396
experiment_0a_best,file,16,,736,014.Indigo_Bunting/Indigo_Bunting_0059_11596.jpg,14,13,014.Indigo_Bunting,15,14,rotation,rotation,0,"{""angle"":-5.411018}",0.48802996,0.293744,-0.19428596,0.6138345,0.74546731,0.21638173,0.11134204,0.39745277,0.63412526,0.23667249,0.8686014,0.61564478,83.176114,51.20694,False,0.96833062,True,True,True,0.8686014,0.61564478,83.176114,51.20694,0.86618828,0.61655025,82.057782,50.592746,0.96323818,0.58168936,13.59361,7.907258,0.8213042,0.70733777,15.650818,11.070414,0.85526608,0.57710247,39.031707,22.525294,0.88257087,0.62749568,46.921673,29.443147,0.86409541,0.62184332,39.153598,24.347403,0.86624424,0.61804275,35.077198,21.679208
experiment_0a_best,file,16,,736,014.Indigo_Bunting/Indigo_Bunting_0059_11596.jpg,14,13,014.Indigo_Bunting,15,14,random_resized_crop,random_resized_crop,0,"{""area_fraction"":0.682384,""aspect"":1.21879,""fallback"":false,""height"":0.748256,""left"":0.045426,""top"":0.183602,""width"":0.911967}",0.48802996,0.49829555,0.010265589,0.6138345,0.60756534,0.21638173,0.15054494,0.39745277,0.4570204,0.05956763,0.81453668,0.88796884,83.176114,73.857797,False,0.96462256,True,True,True,0.81453668,0.88796884,83.176114,73.857797,0.81057917,0.88640737,82.057782,72.736623,0.95159753,0.94310583,13.59361,12.820212,0.82867745,1.1277561,15.650818,17.650305,0.79968629,0.92867676,39.031707,36.247839,0.81699753,0.85676045,46.921673,40.200634,0.79801359,0.82328579,39.153598,32.234601,0.83374642,0.90602337,35.077198,31.780761
experiment_0a_best,file,16,,736,014.Indigo_Bunting/Indigo_Bunting_0059_11596.jpg,14,13,014.Indigo_Bunting,15,14,gaussian_blur,gaussian_blur,0,"{""sigma"":1.854564}",0.48802996,1.7264841,1.2384541,0.6138345,0.17790885,0.21638173,0.18142506,0.39745277,-0.0035162121,-0.40096898,0.50712105,2.0179723,83.176114,167.8471,False,0.88793117,False,True,False,0.50712105,2.0179723,83.176114,167.8471,0.5004658,2.0238995,82.057782,166.07671,0.78531573,1.788641,13.59361,24.314087,0.15870488,2.5022327,15.650818,39.161988,0.39883318,2.0594651,39.031707,80.384439,0.53135274,2.0804695,46.921673,97.619111,0.54708797,1.9941646,39.153598,78.078718,0.6185133,1.7940864,35.077198,62.931522
experiment_0a_best,file,16,,736,014.Indigo_Bunting/Indigo_Bunting_0059_11596.jpg,14,13,014.Indigo_Bunting,15,14,random_erasing,random_erasing,0,"{""area_fraction"":0.063855,""erased"":true,""height"":0.205564,""left"":0.096077,""top"":0.234274,""width"":0.310631}",0.48802996,0.1987129,-0.28931706,0.6138345,0.81978524,0.21638173,0.070484951,0.39745277,0.74930029,0.35184751,0.90999666,0.44842691,83.176114,37.298408,False,0.97625065,True,True,True,0.90999666,0.44842691,83.176114,37.298408,0.90864166,0.44904938,82.057782,36.847996,0.96348046,0.42512352,13.59361,5.7789632,0.90185623,0.50974218,15.650818,7.9778819,0.92300704,0.43995299,39.031707,17.172116,0.92050641,0.44780415,46.921673,21.01172,0.89225483,0.44270768,39.153598,17.333598,0.89412736,0.45729402,35.077198,16.040593
experiment_0a_best,file,16,,10670,182.Yellow_Warbler/Yellow_Warbler_0018_176674.jpg,182,181,182.Yellow_Warbler,172,171,identity,identity,0,{},2.8266716,2.8266716,0,0.059209596,0.059209596,0.18807486,0.18807486,-0.12886526,-0.12886526,0,1,1,153.37784,153.37784,False,1,True,False,False,1,1,153.37784,153.37784,1,1,151.19679,151.19679,1,1,25.773853,25.773853,1,1,27.678162,27.678162,1,1,72.65823,72.65823,1,1,94.079798,94.079798,1,1,68.18371,68.18371,1,1,57.577284,57.577284
experiment_0a_best,file,16,,10670,182.Yellow_Warbler/Yellow_Warbler_0018_176674.jpg,182,181,182.Yellow_Warbler,172,171,horizontal_flip,horizontal_flip,0,"{""flipped"":true}",2.8266716,4.1923256,1.365654,0.059209596,0.0151111,0.18807486,0.4622151,-0.12886526,-0.447104,-0.31823874,0.71851331,1.2762151,153.37784,195.74311,False,0.95907551,True,False,False,0.71851331,1.2762151,153.37784,195.74311,0.71276925,1.2778453,151.19679,193.2061,0.92654682,1.2187872,25.773853,31.412842,0.70026377,1.0863072,27.678162,30.066986,0.67216058,1.3496589,72.65823,98.063824,0.75566019,1.2157719,94.079798,114.37958,0.7036043,1.3059865,68.18371,89.047002,0.69489441,1.3222489,57.577284,76.131498
experiment_0a_best,file,16,,10670,182.Yellow_Warbler/Yellow_Warbler_0018_176674.jpg,182,181,182.Yellow_Warbler,172,171,color_jitter,color_jitter,0,"{""brightness"":1.080209,""contrast"":0.777715,""hue"":-0.011995,""saturation"":1.202656}",2.8266716,2.786113,-0.040558577,0.059209596,0.06166042,0.18807486,0.15223187,-0.12886526,-0.090571452,0.038293809,0.95101938,0.98835783,153.37784,151.59219,False,0.9885149,False,False,False,0.95101938,0.98835783,153.37784,151.59219,0.94995443,0.98725915,151.19679,149.27041,0.98696805,1.0254501,25.773853,26.429802,0.93109716,0.93719873,27.678162,25.939938,0.93926212,0.99887463,72.65823,72.576462,0.96346268,0.99093762,94.079798,93.227212,0.9485536,0.97910068,68.18371,66.758716,0.93746007,0.9814656,57.577284,56.510124
experiment_0a_best,file,16,,10670,182.Yellow_Warbler/Yellow_Warbler_0018_176674.jpg,182,181,182.Yellow_Warbler,172,171,rotation,rotation,0,"{""angle"":11.592071}",2.8266716,2.4120679,-0.41460371,0.059209596,0.089629769,0.18807486,0.13689066,-0.12886526,-0.047260895,0.081604365,0.77246446,0.98305033,153.37784,150.77813,False,0.92282897,False,False,False,0.77246446,0.98305033,153.37784,150.77813,0.76912081,0.98117729,151.19679,148.35086,0.88196403,1.0454652,25.773853,26.945667,0.74006691,1.0090892,27.678162,27.929735,0.79025988,0.99129131,72.65823,72.025471,0.81614606,0.96407237,94.079798,90.699734,0.72929418,0.96932499,68.18371,66.092174,0.67848275,1.019489,57.577284,58.699409
experiment_0a_best,file,16,,10670,182.Yellow_Warbler/Yellow_Warbler_0018_176674.jpg,182,181,182.Yellow_Warbler,172,171,random_resized_crop,random_resized_crop,0,"{""area_fraction"":0.680407,""aspect"":0.810441,""fallback"":false,""height"":0.91627,""left"":0.03398,""top"":0.08337,""width"":0.742583}",2.8266716,2.8272414,0.0005698204,0.059209596,0.059175879,0.18807486,0.15391709,-0.12886526,-0.09474121,0.03412405,0.83265942,0.95288422,153.37784,146.15132,False,0.97096097,False,False,False,0.83265942,0.95288422,153.37784,146.15132,0.82887946,0.94741332,151.19679,143.24585,0.95411294,1.1250603,25.773853,28.99714,0.7551238,0.92376235,27.678162,25.568044,0.84170431,0.90678189,72.65823,65.885167,0.87437708,0.92637346,94.079798,87.153029,0.7905165,0.95901005,68.18371,65.388863,0.77427762,1.0497837,57.577284,60.443697
experiment_0a_best,file,16,,10670,182.Yellow_Warbler/Yellow_Warbler_0018_176674.jpg,182,181,182.Yellow_Warbler,172,171,gaussian_blur,gaussian_blur,0,"{""sigma"":1.114237}",2.8266716,3.4244008,0.59772921,0.059209596,0.03256879,0.18807486,0.093571439,-0.12886526,-0.061002649,0.067862611,0.73001169,1.0022346,153.37784,153.72057,False,0.93863404,False,False,False,0.73001169,1.0022346,153.37784,153.72057,0.72399806,0.99919934,151.19679,151.07573,0.92109182,1.1016035,25.773853,28.392567,0.6762191,1.1187048,27.678162,30.963693,0.65501015,0.94848278,72.65823,68.91508,0.75596535,0.97356328,94.079798,91.592637,0.73190043,1.04362,68.18371,71.157883,0.74986545,1.0511825,57.577284,60.524236
experiment_0a_best,file,16,,10670,182.Yellow_Warbler/Yellow_Warbler_0018_176674.jpg,182,181,182.Yellow_Warbler,172,171,random_erasing,random_erasing,0,"{""area_fraction"":0.170231,""erased"":true,""height"":0.65362,""left"":0.573182,""top"":0.097843,""width"":0.260444}",2.8266716,3.1657391,0.33906746,0.059209596,0.042182956,0.18807486,0.059051439,-0.12886526,-0.016868483,0.11199678,0.85360616,0.99897041,153.37784,153.21992,False,0.94744599,False,False,False,0.85360616,0.99897041,153.37784,153.21992,0.85280462,0.99468293,151.19679,150.39287,0.88511177,1.136705,25.773853,29.297268,0.91750686,1.0161832,27.678162,28.126084,0.88089817,1.0135425,72.65823,73.642203,0.89824585,0.94194731,94.079798,88.618213,0.81947163,0.99280639,68.18371,67.693223,0.74248306,1.0940717,57.577284,62.993677
experiment_0a_best,file,16,,7916,135.Bank_Swallow/Bank_Swallow_0007_129514.jpg,135,134,135.Bank_Swallow,118,117,identity,identity,0,{},0.46644121,0.46644121,0,0.62723047,0.62723047,0.042263404,0.042263404,0.58496706,0.58496706,0,1,1,72.306584,72.306584,False,1,True,True,True,1,1,72.306584,72.306584,1,1,71.550416,71.550416,1,1,10.42977,10.42977,1,1,13.653552,13.653552,1,1,33.806552,33.806552,1,1,40.368098,40.368098,1,1,34.937062,34.937062,1,1,30.65906,30.65906
experiment_0a_best,file,16,,7916,135.Bank_Swallow/Bank_Swallow_0007_129514.jpg,135,134,135.Bank_Swallow,118,117,horizontal_flip,horizontal_flip,0,"{""flipped"":true}",0.46644121,0.33302036,-0.13342085,0.62723047,0.71675563,0.042263404,0.023618469,0.58496706,0.69313716,0.1081701,0.70580171,0.71543368,72.306584,51.730566,False,0.94733155,True,True,True,0.70580171,0.71543368,72.306584,51.730566,0.70071061,0.7138369,71.550416,51.075327,0.9264264,0.7869264,10.42977,8.2074611,0.70044302,0.77453379,13.653552,10.575137,0.60672517,0.72935433,33.806552,24.656955,0.76061104,0.69988716,40.368098,28.253114,0.69221643,0.69508459,34.937062,24.284214,0.72727691,0.73001045,30.65906,22.381434
experiment_0a_best,file,16,,7916,135.Bank_Swallow/Bank_Swallow_0007_129514.jpg,135,134,135.Bank_Swallow,118,117,color_jitter,color_jitter,0,"{""brightness"":0.865098,""contrast"":0.73174,""hue"":0.054085,""saturation"":0.991629}",0.46644121,4.6849661,4.2185249,0.62723047,0.0092330454,0.042263404,0.02735785,0.58496706,-0.018124805,-0.60309187,0.65147236,3.2130573,72.306584,232.3252,False,0.84645748,False,True,False,0.65147236,3.2130573,72.306584,232.3252,0.64894267,3.2265959,71.550416,230.86428,0.82684927,2.4941244,10.42977,26.013144,0.43426259,3.0163029,13.653552,41.183249,0.65425519,3.7704637,33.806552,127.46638,0.68478832,3.3715574,40.368098,136.10336,0.63752127,2.8830574,34.937062,100.72556,0.65829693,2.6667721,30.65906,81.760724
experiment_0a_best,file,16,,7916,135.Bank_Swallow/Bank_Swallow_0007_129514.jpg,135,134,135.Bank_Swallow,118,117,rotation,rotation,0,"{""angle"":-8.631514}",0.46644121,1.4495914,0.98315018,0.62723047,0.23466615,0.042263404,0.10418,0.58496706,0.13048615,-0.45448091,0.74139874,1.9213867,72.306584,138.92891,False,0.93139136,True,True,True,0.74139874,1.9213867,72.306584,138.92891,0.73731418,1.9195477,71.550416,137.34444,0.92604525,2.0060294,10.42977,20.922424,0.57557652,1.9567894,13.653552,26.717126,0.60902459,1.8827531,33.806552,63.649389,0.7941759,1.9007578,40.368098,76.729978,0.76438408,1.9223292,34.937062,67.160535,0.78911925,1.9841135,30.65906,60.831055
experiment_0a_best,file,16,,7916,135.Bank_Swallow/Bank_Swallow_0007_129514.jpg,135,134,135.Bank_Swallow,118,117,random_resized_crop,random_resized_crop,0,"{""area_fraction"":0.674097,""aspect"":0.751646,""fallback"":false,""height"":0.947011,""left"":0.246113,""top"":0.001952,""width"":0.711816}",0.46644121,0.78763038,0.32118917,0.62723047,0.45492151,0.042263404,0.041090745,0.58496706,0.41383077,-0.17113629,0.74792193,1.2508938,72.306584,90.447856,False,0.94989473,True,True,True,0.74792193,1.2508938,72.306584,90.447856,0.74336028,1.2469969,71.550416,89.223144,0.9424723,1.4222671,10.42977,14.833918,0.6569812,1.3490796,13.653552,18.419729,0.73108453,1.2204491,33.806552,41.259175,0.76682772,1.2157663,40.368098,49.078173,0.72513173,1.2590501,34.937062,43.987513,0.76172492,1.2946831,30.65906,39.693767
experiment_0a_best,file,16,,7916,135.Bank_Swallow/Bank_Swallow_0007_129514.jpg,135,134,135.Bank_Swallow,118,117,gaussian_blur,gaussian_blur,0,"{""sigma"":1.923996}",0.46644121,3.6044838,3.1380426,0.62723047,0.027201483,0.042263404,0.023429571,0.58496706,0.0037719123,-0.58119515,0.49474575,2.1921949,72.306584,158.51012,False,0.7695511,False,True,False,0.49474575,2.1921949,72.306584,158.51012,0.48982471,2.1966262,71.550416,157.16952,0.75548484,1.9724145,10.42977,20.571829,0.32171878,1.921147,13.653552,26.23048,0.46469491,2.252387,33.806552,76.145436,0.50116178,2.274236,40.368098,91.806584,0.50695838,2.1587541,34.937062,75.420526,0.51133488,2.0883376,30.65906,64.026467
experiment_0a_best,file,16,,7916,135.Bank_Swallow/Bank_Swallow_0007_129514.jpg,135,134,135.Bank_Swallow,118,117,random_erasing,random_erasing,0,"{""area_fraction"":0.131602,""erased"":true,""height"":0.243537,""left"":0.120415,""top"":0.670999,""width"":0.54038}",0.46644121,1.9531485,1.4867073,0.62723047,0.14182684,0.042263404,0.030631246,0.58496706,0.11119559,-0.47377147,0.77996928,2.0322318,72.306584,146.94374,False,0.9362275,True,True,True,0.77996928,2.0322318,72.306584,146.94374,0.77662938,2.0292723,71.550416,145.19528,0.92881043,2.1669431,10.42977,22.600718,0.84261513,1.891759,13.653552,25.82923,0.79979175,2.0845196,33.806552,70.470419,0.77513611,1.855326,40.368098,74.895983,0.75634088,2.0691114,34.937062,72.288672,0.77407547,2.215393,30.65906,67.921866
experiment_0a_best,file,16,,8376,143.Caspian_Tern/Caspian_Tern_0013_145553.jpg,143,142,143.Caspian_Tern,26,25,identity,identity,0,{},3.0621367,3.0621367,0,0.046787623,0.046787623,0.22013491,0.22013491,-0.17334729,-0.17334729,0,1,1,129.23358,129.23358,False,1,True,False,False,1,1,129.23358,129.23358,1,1,126.40084,126.40084,1,1,26.909997,26.909997,1,1,37.542023,37.542023,1,1,59.008386,59.008386,1,1,64.569927,64.569927,1,1,56.964297,56.964297,1,1,60.593496,60.593496
experiment_0a_best,file,16,,8376,143.Caspian_Tern/Caspian_Tern_0013_145553.jpg,143,142,143.Caspian_Tern,26,25,horizontal_flip,horizontal_flip,0,"{""flipped"":true}",3.0621367,3.5883214,0.5261848,0.046787623,0.027644692,0.22013491,0.52515244,-0.17334729,-0.49750775,-0.32416046,0.81262015,1.0455997,129.23358,135.12659,False,0.97764528,True,False,False,0.81262015,1.0455997,129.23358,135.12659,0.80705573,1.0454399,126.40084,132.14447,0.93496457,1.0491191,26.909997,28.231793,0.86278609,0.8171683,37.542023,30.678152,0.77702643,0.96342455,59.008386,56.850128,0.81578166,1.105814,64.569927,71.402328,0.80066172,1.0658731,56.964297,60.716713,0.82370082,1.1076076,60.593496,67.113814
experiment_0a_best,file,16,,8376,143.Caspian_Tern/Caspian_Tern_0013_145553.jpg,143,142,143.Caspian_Tern,26,25,color_jitter,color_jitter,0,"{""brightness"":1.215998,""contrast"":0.754233,""hue"":0.064796,""saturation"":0.663104}",3.0621367,3.9661403,0.90400362,0.046787623,0.01894642,0.22013491,0.012083791,-0.17334729,0.0068626292,0.18020992,0.5765211,0.84865349,129.23358,109.67453,False,0.7883898,False,False,False,0.5765211,0.84865349,129.23358,109.67453,0.56939283,0.8520979,126.40084,107.70589,0.75378578,0.76874128,26.909997,20.686826,0.80499292,1.3176673,37.542023,49.467897,0.53101765,0.78412444,59.008386,46.269917,0.52503685,0.73178439,64.569927,47.251265,0.53324549,0.76036578,56.964297,43.313702,0.57863806,0.88932181,60.593496,53.887117
experiment_0a_best,file,16,,8376,143.Caspian_Tern/Caspian_Tern_0013_145553.jpg,143,142,143.Caspian_Tern,26,25,rotation,rotation,0,"{""angle"":-1.000696}",3.0621367,3.773279,0.7111423,0.046787623,0.022976601,0.22013491,0.19566686,-0.17334729,-0.17269026,0.00065702759,0.88852646,0.80645084,129.23358,104.22053,False,0.982566,True,False,False,0.88852646,0.80645084,129.23358,104.22053,0.88433559,0.79939689,126.40084,101.04444,0.97883645,0.94883487,26.909997,25.533144,0.91196808,0.71428182,37.542023,26.815585,0.89238228,0.69766864,59.008386,41.1683,0.89246668,0.7391609,64.569927,47.727565,0.88203301,0.83152733,56.964297,47.36737,0.88787594,0.94437725,60.593496,57.223119
experiment_0a_best,file,16,,8376,143.Caspian_Tern/Caspian_Tern_0013_145553.jpg,143,142,143.Caspian_Tern,26,25,random_resized_crop,random_resized_crop,0,"{""area_fraction"":0.686864,""aspect"":1.314098,""fallback"":false,""height"":0.722972,""left"":0.023231,""top"":0.276424,""width"":0.950056}",3.0621367,2.7269926,-0.33514404,0.046787623,0.065415733,0.22013491,0.055827111,-0.17334729,0.0095886216,0.18293591,0.61406561,0.98065073,129.23358,126.73301,False,0.92407823,False,False,False,0.61406561,0.98065073,129.23358,126.73301,0.60203996,0.9824466,126.40084,124.18207,0.89189744,0.94015526,26.909997,25.299575,0.77588244,0.98598872,37.542023,37.016012,0.6192579,0.99200229,59.008386,58.536454,0.54197988,0.88829723,64.569927,57.357287,0.51841066,1.0182096,56.964297,58.001593,0.65811684,1.0399044,60.593496,63.011445
experiment_0a_best,file,16,,8376,143.Caspian_Tern/Caspian_Tern_0013_145553.jpg,143,142,143.Caspian_Tern,26,25,gaussian_blur,gaussian_blur,0,"{""sigma"":1.042971}",3.0621367,3.4770489,0.41491222,0.046787623,0.030898465,0.22013491,0.3491694,-0.17334729,-0.31827094,-0.14492365,0.82621473,0.89151642,129.23358,115.21386,False,0.97218907,True,False,False,0.82621473,0.89151642,129.23358,115.21386,0.81975313,0.88945098,126.40084,112.42735,0.96272305,0.93592813,26.909997,25.185823,0.92706203,0.94911685,37.542023,35.631767,0.81328086,0.93370526,59.008386,55.09644,0.81576859,0.80171317,64.569927,51.766561,0.78975225,0.86468042,56.964297,49.255912,0.81978297,0.93775837,60.593496,56.822057
experiment_0a_best,file,16,,8376,143.Caspian_Tern/Caspian_Tern_0013_145553.jpg,143,142,143.Caspian_Tern,26,25,random_erasing,random_erasing,0,"{""area_fraction"":0.067213,""erased"":true,""height"":0.224103,""left"":0.279665,""top"":0.421473,""width"":0.299922}",3.0621367,3.6381626,0.57602596,0.046787623,0.026300626,0.22013491,0.024463985,-0.17334729,0.0018366408,0.17518393,0.69246351,0.78414873,129.23358,101.33835,False,0.93473727,False,False,False,0.69246351,0.78414873,129.23358,101.33835,0.68220914,0.77414554,126.40084,97.852644,0.88948257,0.97918932,26.909997,26.349981,0.87011476,0.74462985,37.542023,27.954911,0.74521058,0.69107686,59.008386,40.77933,0.6528829,0.64914285,64.569927,41.915106,0.63039859,0.80420271,56.964297,45.810842,0.66889529,0.94448027,60.593496,57.229361
experiment_0a_best,file,16,,4061,070.Green_Violetear/Green_Violetear_0027_60841.jpg,70,69,070.Green_Violetear,18,17,identity,identity,0,{},0.0013815154,0.0013815154,0,0.99861944,0.99861944,0.00078565365,0.00078565365,0.99783378,0.99783378,0,1,1,0.20539346,0.20539346,False,0.99999988,True,True,True,1,1,0.20539346,0.20539346,1,1,0.20039966,0.20039966,1,1,0.045016107,0.045016107,1,1,0.029816125,0.029816125,1,1,0.083173659,0.083173659,1,1,0.093419877,0.093419877,1,1,0.091156326,0.091156326,1,1,0.1237595,0.1237595
experiment_0a_best,file,16,,4061,070.Green_Violetear/Green_Violetear_0027_60841.jpg,70,69,070.Green_Violetear,18,17,horizontal_flip,horizontal_flip,0,"{""flipped"":true}",0.0013815154,0.00073072431,-0.0006507911,0.99861944,0.99926955,0.00078565365,0.00018257578,0.99783378,0.99908697,0.0012531857,0.55419663,0.4577309,0.20539346,0.094014934,False,0.97088075,True,True,True,0.55419663,0.4577309,0.20539346,0.094014934,0.53445827,0.4565559,0.20039966,0.091493646,0.92661875,0.48042466,0.045016107,0.021626847,0.33252403,0.44540012,0.029816125,0.013280106,0.3568131,0.373434,0.083173659,0.031059872,0.37312619,0.3960738,0.093419877,0.037001166,0.44339178,0.46242424,0.091156326,0.042152894,0.72733194,0.51637757,0.1237595,0.063906632
experiment_0a_best,file,16,,4061,070.Green_Violetear/Green_Violetear_0027_60841.jpg,70,69,070.Green_Violetear,18,17,color_jitter,color_jitter,0,"{""brightness"":0.931341,""contrast"":0.826553,""hue"":0.053613,""saturation"":0.880607}",0.0013815154,0.0060027321,0.0046212167,0.99861944,0.99401528,0.00078565365,0.0030462947,0.99783378,0.99096898,-0.0068648018,0.78654546,5.210982,0.20539346,1.0703016,False,0.96946323,True,True,True,0.78654546,5.210982,0.20539346,1.0703016,0.7805922,5.2542369,0.20039966,1.0529473,0.94844087,4.2641881,0.045016107,0.19195715,0.78073527,6.622401,0.029816125,0.19745434,0.77608476,6.4185333,0.083173659,0.5338529,0.7584216,6.1172475,0.093419877,0.57147251,0.7503249,4.9841991,0.091156326,0.45434128,0.87116918,4.0538393,0.1237595,0.50170114
experiment_0a_best,file,16,,4061,070.Green_Violetear/Green_Violetear_0027_60841.jpg,70,69,070.Green_Violetear,18,17,rotation,rotation,0,"{""angle"":-3.257868}",0.0013815154,0.0014590105,7.7495119e-05,0.99861944,0.99854207,0.00078565365,0.00070991652,0.99783378,0.99783215,-1.6296981e-06,0.82420419,1.1434145,0.20539346,0.23484986,False,0.98751366,True,True,True,0.82420419,1.1434145,0.20539346,0.23484986,0.81708151,1.1483605,0.20039966,0.23013106,0.98381741,1.0405565,0.045016107,0.046841802,0.76234503,1.567016,0.029816125,0.046722346,0.76928013,1.2162422,0.083173659,0.10115931,0.78995672,1.1591585,0.093419877,0.10828844,0.78285384,1.2128657,0.091156326,0.11056039,0.89487308,1.0408754,0.1237595,0.12881822
experiment_0a_best,file,16,,4061,070.Green_Violetear/Green_Violetear_0027_60841.jpg,70,69,070.Green_Violetear,18,17,random_resized_crop,random_resized_crop,0,"{""area_fraction"":0.796788,""aspect"":0.996977,""fallback"":false,""height"":0.893982,""left"":0.063334,""top"":0.082166,""width"":0.89128}",0.0013815154,0.00081041391,-0.0005711015,0.99861944,0.99918991,0.00078565365,0.00027224096,0.99783378,0.99891767,0.0010838888,0.77120845,0.62637081,0.20539346,0.12865247,False,0.98517895,True,True,True,0.77120845,0.62637081,0.20539346,0.12865247,0.763143,0.62986741,0.20039966,0.12622521,0.95976678,0.5525297,0.045016107,0.024872736,0.67760344,0.93140762,0.029816125,0.027770966,0.72438904,0.6569355,0.083173659,0.054639729,0.71555571,0.65721415,0.093419877,0.061396865,0.70850868,0.61745837,0.091156326,0.056285236,0.86091778,0.58482224,0.1237595,0.07237731
experiment_0a_best,file,16,,4061,070.Green_Violetear/Green_Violetear_0027_60841.jpg,70,69,070.Green_Violetear,18,17,gaussian_blur,gaussian_blur,0,"{""sigma"":1.222638}",0.0013815154,0.0015894648,0.00020794943,0.99861944,0.99841177,0.00078565365,0.00055089989,0.99783378,0.99786087,2.7091184e-05,0.5735802,1.5727314,0.20539346,0.32302875,False,0.96354651,True,True,True,0.5735802,1.5727314,0.20539346,0.32302875,0.56249508,1.5936366,0.20039966,0.31936422,0.94131041,1.0778085,0.045016107,0.048518743,0.23628233,3.4905063,0.029816125,0.10407337,0.4544095,2.0534306,0.083173659,0.17079133,0.53652293,1.6870143,0.093419877,0.15760066,0.59096898,1.4784236,0.091156326,0.13476766,0.80046792,1.1135503,0.1237595,0.13781243
experiment_0a_best,file,16,,4061,070.Green_Violetear/Green_Violetear_0027_60841.jpg,70,69,070.Green_Violetear,18,17,random_erasing,random_erasing,0,"{""area_fraction"":0.151491,""erased"":true,""height"":0.413985,""left"":0.531704,""top"":0.42787,""width"":0.365934}",0.0013815154,0.001167331,-0.0002141844,0.99861944,0.99883336,0.00078565365,0.00047917757,0.99783378,0.99835418,0.00052039715,0.84048248,0.82803637,0.20539346,0.17007325,False,0.98389071,True,True,True,0.84048248,0.82803637,0.20539346,0.17007325,0.83377953,0.82771816,0.20039966,0.16587444,0.97229537,0.83431746,0.045016107,0.037557724,0.62828784,0.812267,0.029816125,0.024218655,0.78030481,0.75002007,0.083173659,0.062381914,0.77761275,0.82211989,0.093419877,0.07680234,0.82877848,0.88730358,0.091156326,0.080883334,0.90458222,0.83173234,0.1237595,0.10293478
experiment_0a_best,file,16,,6612,113.Baird_Sparrow/Baird_Sparrow_0049_787324.jpg,113,112,113.Baird_Sparrow,115,114,identity,identity,0,{},0.0097570894,0.0097570894,0,0.99029034,0.99029034,0.0036004544,0.0036004544,0.98668989,0.98668989,0,1,1,1.9065112,1.9065112,False,1,True,True,True,1,1,1.9065112,1.9065112,1,1,1.8785597,1.8785597,1,1,0.32526662,0.32526662,1,1,0.37762868,0.37762868,1,1,1.0418664,1.0418664,1,1,1.0534657,1.0534657,1,1,0.80356912,0.80356912,1,1,0.73850121,0.73850121
experiment_0a_best,file,16,,6612,113.Baird_Sparrow/Baird_Sparrow_0049_787324.jpg,113,112,113.Baird_Sparrow,115,114,horizontal_flip,horizontal_flip,0,"{""flipped"":true}",0.0097570894,0.035915989,0.0261589,0.99029034,0.96472132,0.0036004544,0.018145438,0.98668989,0.94657588,-0.040114006,0.74676026,4.6747796,1.9065112,8.9125196,False,0.97345579,True,True,True,0.74676026,4.6747796,1.9065112,8.9125196,0.74210001,4.694693,1.8785597,8.819261,0.94212725,3.9534931,0.32526662,1.2859393,0.8427216,5.0897633,0.37762868,1.9220406,0.82447968,5.0344306,1.0418664,5.2452042,0.64830196,4.6398225,1.0534657,4.8878939,0.70213803,4.5314572,0.80356912,3.6413391,0.78730375,4.1564508,0.73850121,3.0695439
experiment_0a_best,file,16,,6612,113.Baird_Sparrow/Baird_Sparrow_0049_787324.jpg,113,112,113.Baird_Sparrow,115,114,color_jitter,color_jitter,0,"{""brightness"":1.134451,""contrast"":0.988913,""hue"":0.047093,""saturation"":0.78984}",0.0097570894,0.0040071676,-0.0057499218,0.99029034,0.99600083,0.0036004544,0.0020265575,0.98668989,0.99397427,0.0072843796,0.90632304,0.43260067,1.9065112,0.824758,False,0.9894138,True,True,True,0.90632304,0.43260067,1.9065112,0.824758,0.90430502,0.43250017,1.8785597,0.81247738,0.97313226,0.43593953,0.32526662,0.14179658,0.86224541,0.56992133,0.37762868,0.21521864,0.91115812,0.40287474,1.0418664,0.41974167,0.90657338,0.43861736,1.0534657,0.46206835,0.89648194,0.43410112,0.80356912,0.34883026,0.92701253,0.43336856,0.73850121,0.32004321
experiment_0a_best,file,16,,6612,113.Baird_Sparrow/Baird_Sparrow_0049_787324.jpg,113,112,113.Baird_Sparrow,115,114,rotation,rotation,0,"{""angle"":10.671567}",0.0097570894,0.1498429,0.14008581,0.99029034,0.86084318,0.0036004544,0.11389386,0.98668989,0.74694932,-0.23974057,0.68268487,22.419718,1.9065112,42.743442,False,0.93076324,True,True,True,0.68268487,22.419718,1.9065112,42.743442,0.67964622,22.580107,1.8785597,42.418079,0.86150277,16.183258,0.32526662,5.2638734,0.70403807,25.805222,0.37762868,9.7447919,0.77280766,22.354323,1.0418664,23.290218,0.61637654,25.363938,1.0534657,26.72004,0.65285634,20.898783,0.80356912,16.793616,0.69950556,17.441663,0.73850121,12.88069
experiment_0a_best,file,16,,6612,113.Baird_Sparrow/Baird_Sparrow_0049_787324.jpg,113,112,113.Baird_Sparrow,115,114,random_resized_crop,random_resized_crop,0,"{""area_fraction"":0.544253,""aspect"":0.992194,""fallback"":false,""height"":0.740631,""left"":0.221777,""top"":0.051728,""width"":0.73485}",0.0097570894,0.065486617,0.055729528,0.99029034,0.93661159,0.0036004544,0.020374397,0.98668989,0.9162372,-0.070452693,0.671955,5.5125193,1.9065112,10.50968,False,0.9537251,True,True,True,0.671955,5.5125193,1.9065112,10.50968,0.66371221,5.5108505,1.8785597,10.352462,0.94411757,5.5678959,0.32526662,1.8110507,0.74907691,5.4082582,0.37762868,2.0423134,0.76531417,5.2575467,1.0418664,5.4776614,0.56256359,5.5657063,1.0534657,5.8632808,0.60056269,5.4961045,0.80356912,4.4164999,0.72974554,5.920056,0.73850121,4.3719686
experiment_0a_best,file,16,,6612,113.Baird_Sparrow/Baird_Sparrow_0049_787324.jpg,113,112,113.Baird_Sparrow,115,114,gaussian_blur,gaussian_blur,0,"{""sigma"":1.268001}",0.0097570894,0.173658,0.16390091,0.99029034,0.84058434,0.0036004544,0.083963044,0.98668989,0.75662129,-0.2300686,0.61254623,21.762624,1.9065112,41.490686,False,0.90428346,True,True,True,0.61254623,21.762624,1.9065112,41.490686,0.60819451,21.933392,1.8785597,41.203186,0.86889936,14.990504,0.32526662,4.8759107,0.68842034,21.656512,0.37762868,8.1781203,0.65941578,21.279269,1.0418664,22.170157,0.54231061,22.933761,1.0534657,24.159931,0.58158232,22.11691,0.80356912,17.772466,0.66551054,20.966263,0.73850121,15.48361
experiment_0a_best,file,16,,6612,113.Baird_Sparrow/Baird_Sparrow_0049_787324.jpg,113,112,113.Baird_Sparrow,115,114,random_erasing,random_erasing,0,"{""area_fraction"":0.17484,""erased"":true,""height"":0.412235,""left"":0.318219,""top"":0.201218,""width"":0.424126}",0.0097570894,2.6681094,2.6583523,0.99029034,0.069383286,0.0036004544,0.042657837,0.98668989,0.026725449,-0.95996444,0.6719888,103.27874,1.9065112,196.90208,False,0.75223112,False,True,False,0.6719888,103.27874,1.9065112,196.90208,0.67233101,103.90667,1.8785597,195.19488,0.68065903,79.542611,0.32526662,25.872556,0.67498918,89.07949,0.37762868,33.638971,0.75021706,104.28698,1.0418664,108.65311,0.69078282,108.60577,1.0534657,114.41246,0.62637084,103.49615,0.80356912,83.166308,0.5263276,97.241626,0.73850121,71.813059
experiment_0a_best,file,16,,6151,106.Horned_Puffin/Horned_Puffin_0029_100888.jpg,106,105,106.Horned_Puffin,89,88,identity,identity,0,{},0.17664877,0.17664877,0,0.83807409,0.83807409,0.098380566,0.098380566,0.73969352,0.73969352,0,1,1,24.961466,24.961466,False,1,True,True,True,1,1,24.961466,24.961466,1,1,24.426745,24.426745,1,1,5.138964,5.138964,1,1,7.1566747,7.1566747,1,1,9.5054635,9.5054635,1,1,13.486097,13.486097,1,1,11.614018,11.614018,1,1,11.761539,11.761539
experiment_0a_best,file,16,,6151,106.Horned_Puffin/Horned_Puffin_0029_100888.jpg,106,105,106.Horned_Puffin,89,88,horizontal_flip,horizontal_flip,0,"{""flipped"":true}",0.17664877,0.52512705,0.34847829,0.83807409,0.59148026,0.098380566,0.18761772,0.73969352,0.40386254,-0.33583099,0.71863763,2.4214237,24.961466,60.442287,False,0.96528661,True,True,True,0.71863763,2.4214237,24.961466,60.442287,0.70773621,2.4152427,24.426745,58.996517,0.9523918,2.5570947,5.138964,13.140818,0.60113786,2.1376748,7.1566747,15.298643,0.66620852,2.6238905,9.5054635,24.941295,0.75174519,2.2110752,13.486097,29.818775,0.69275778,2.5270723,11.614018,29.349462,0.74119157,2.5134612,11.761539,29.562172
experiment_0a_best,file,16,,6151,106.Horned_Puffin/Horned_Puffin_0029_100888.jpg,106,105,106.Horned_Puffin,89,88,color_jitter,color_jitter,0,"{""brightness"":1.349409,""contrast"":1.26693,""hue"":-0.05496,""saturation"":1.088734}",0.17664877,1.1007242,0.92407545,0.83807409,0.33263007,0.098380566,0.051093351,0.73969352,0.28153672,-0.45815681,0.4153691,4.7804662,24.961466,119.32745,False,0.85463238,False,True,False,0.4153691,4.7804662,24.961466,119.32745,0.40698041,4.8043301,24.426745,117.35414,0.63544155,4.2053621,5.138964,21.611204,0.46203088,3.8621288,7.1566747,27.639999,0.3311743,4.4704853,9.5054635,42.494035,0.39209448,4.1544994,13.486097,56.027983,0.39778005,5.520954,11.614018,64.120458,0.47200999,5.3447652,11.761539,62.862664
experiment_0a_best,file,16,,6151,106.Horned_Puffin/Horned_Puffin_0029_100888.jpg,106,105,106.Horned_Puffin,89,88,rotation,rotation,0,"{""angle"":5.047163}",0.17664877,0.10928646,-0.067362301,0.83807409,0.89647359,0.098380566,0.042928055,0.73969352,0.85354553,0.11385201,0.78851142,0.6319046,24.961466,15.773266,False,0.96514738,True,True,True,0.78851142,0.6319046,24.961466,15.773266,0.78160323,0.6329374,24.426745,15.4606,0.95157042,0.60810296,5.138964,3.1250193,0.81119726,0.58178317,7.1566747,4.1636329,0.74034858,0.65880864,9.5054635,6.2622814,0.78755657,0.60453026,13.486097,8.152754,0.77361698,0.65255973,11.614018,7.5788402,0.80262231,0.65069975,11.761539,7.6532304
experiment_0a_best,file,16,,6151,106.Horned_Puffin/Horned_Puffin_0029_100888.jpg,106,105,106.Horned_Puffin,89,88,random_resized_crop,random_resized_crop,0,"{""area_fraction"":0.576102,""aspect"":0.861076,""fallback"":false,""height"":0.817954,""left"":0.249279,""top"":0.167927,""width"":0.70432}",0.17664877,0.22514331,0.048494548,0.83807409,0.79840177,0.098380566,0.064979494,0.73969352,0.73342228,-0.0062712431,0.65426598,1.3948141,24.961466,34.816605,False,0.94501042,True,True,True,0.65426598,1.3948141,24.961466,34.816605,0.64494172,1.4034893,24.426745,34.282676,0.91374334,1.181961,5.138964,6.0740549,0.77894298,1.4888639,7.1566747,10.655315,0.60203934,1.6162118,9.5054635,15.362842,0.6466564,1.3477377,13.486097,18.175722,0.60326302,1.4471626,11.614018,16.807372,0.67885258,1.2405903,11.761539,14.591251
experiment_0a_best,file,16,,6151,106.Horned_Puffin/Horned_Puffin_0029_100888.jpg,106,105,106.Horned_Puffin,89,88,gaussian_blur,gaussian_blur,0,"{""sigma"":1.806686}",0.17664877,1.7924556,1.6158068,0.83807409,0.16655068,0.098380566,0.015259949,0.73969352,0.15129073,-0.58840279,0.3711468,5.2034848,24.961466,129.88661,False,0.80412495,False,True,False,0.3711468,5.2034848,24.961466,129.88661,0.35908451,5.2143307,24.426745,127.36912,0.65857865,4.9521141,5.138964,25.448736,0.43204361,4.0819842,7.1566747,29.213433,0.36557805,5.5146139,9.5054635,52.418961,0.30161492,5.6530889,13.486097,76.238107,0.35504289,5.2226728,11.614018,60.656214,0.43231598,4.7569498,11.761539,55.949051
experiment_0a_best,file,16,,6151,106.Horned_Puffin/Horned_Puffin_0029_100888.jpg,106,105,106.Horned_Puffin,89,88,random_erasing,random_erasing,0,"{""area_fraction"":0.178382,""erased"":true,""height"":0.291834,""left"":0.148907,""top"":0.428872,""width"":0.611244}",0.17664877,2.3192899,2.1426412,0.83807409,0.098343395,0.098380566,0.020542385,0.73969352,0.07780101,-0.66189251,0.26177678,5.4700069,24.961466,136.53939,False,0.81134546,False,True,False,0.26177678,5.4700069,24.961466,136.53939,0.24668071,5.4891821,24.426745,134.08285,0.63594369,5.0172795,5.138964,25.783619,0.32217588,5.898133,7.1566747,42.211019,0.21663428,6.309725,9.5054635,59.976861,0.16271519,5.1556798,13.486097,69.529999,0.26682954,5.1893587,11.614018,60.269304,0.32767966,5.4655943,11.761539,64.283801
experiment_0a_best,file,16,,4937,085.Horned_Lark/Horned_Lark_0046_73950.jpg,85,84,085.Horned_Lark,132,131,identity,identity,0,{},0.0020191537,0.0020191537,0,0.99798286,0.99798286,0.0018614117,0.0018614117,0.99612145,0.99612145,0,1,1,0.35823434,0.35823434,False,1.0000001,True,True,True,1,1,0.35823434,0.35823434,1,1,0.34506277,0.34506277,1,1,0.096247229,0.096247229,1,1,0.072224331,0.072224331,1,1,0.15834635,0.15834635,1,1,0.18349869,0.18349869,1,1,0.16043184,0.16043184,1,1,0.17137167,0.17137167
experiment_0a_best,file,16,,4937,085.Horned_Lark/Horned_Lark_0046_73950.jpg,85,84,085.Horned_Lark,132,131,horizontal_flip,horizontal_flip,0,"{""flipped"":true}",0.0020191537,0.0025856418,0.00056648813,0.99798286,0.99741769,0.0018614117,0.0024394102,0.99612145,0.99497828,-0.0011431697,0.74948695,1.2552107,0.35823434,0.44965958,False,0.9857024,True,True,True,0.74948695,1.2552107,0.35823434,0.44965958,0.73062589,1.2526481,0.34506277,0.43224221,0.98558265,1.2876955,0.096247229,0.12393712,0.65536252,1.5127142,0.072224331,0.10925477,0.70485188,1.0988543,0.15834635,0.17399957,0.71121456,1.1790048,0.18349869,0.21634584,0.70726017,1.3068989,0.16043184,0.2096682,0.81360553,1.3541675,0.17137167,0.23206594
experiment_0a_best,file,16,,4937,085.Horned_Lark/Horned_Lark_0046_73950.jpg,85,84,085.Horned_Lark,132,131,color_jitter,color_jitter,0,"{""brightness"":1.103198,""contrast"":0.979275,""hue"":-0.095119,""saturation"":0.904012}",0.0020191537,0.73063439,0.72861524,0.99798286,0.48160338,0.0018614117,0.46917659,0.99612145,0.012426794,-0.98369465,0.670071,247.30582,0.35823434,88.59344,False,0.90648878,True,True,True,0.670071,247.30582,0.35823434,88.59344,0.65536063,250.03765,0.34506277,86.278684,0.90634776,209.03773,0.096247229,20.119302,0.49678686,329.63874,0.072224331,23.807938,0.62290854,224.25729,0.15834635,35.510325,0.69687271,238.62257,0.18349869,43.786929,0.68614067,270.25888,0.16043184,43.358131,0.65429972,248.87188,0.17137167,42.64959
experiment_0a_best,file,16,,4937,085.Horned_Lark/Horned_Lark_0046_73950.jpg,85,84,085.Horned_Lark,132,131,rotation,rotation,0,"{""angle"":-9.795632}",0.0020191537,0.0047436319,0.0027244783,0.99798286,0.99526763,0.0018614117,0.0044554179,0.99612145,0.99081221,-0.0053092361,0.80318756,2.2744902,0.35823434,0.81480052,False,0.9762615,True,True,True,0.80318756,2.2744902,0.35823434,0.81480052,0.78933105,2.269218,0.34506277,0.78302267,0.97617822,2.3411993,0.096247229,0.22533394,0.69351501,2.0814515,0.072224331,0.15033144,0.81927443,2.0930073,0.15834635,0.33142007,0.80009307,2.3017913,0.18349869,0.4223757,0.74423172,2.3204949,0.16043184,0.37228128,0.81178283,2.3608779,0.17137167,0.40458758
experiment_0a_best,file,16,,4937,085.Horned_Lark/Horned_Lark_0046_73950.jpg,85,84,085.Horned_Lark,132,131,random_resized_crop,random_resized_crop,0,"{""area_fraction"":0.579066,""aspect"":0.926672,""fallback"":false,""height"":0.790498,""left"":0.096422,""top"":0.072578,""width"":0.732533}",0.0020191537,0.0018164102,-0.00020274345,0.99798286,0.99818522,0.0018614117,0.0015105653,0.99612145,0.99667465,0.00055320421,0.76223684,1.0525658,0.35823434,0.37706521,False,0.97063553,True,True,True,0.76223684,1.0525658,0.35823434,0.37706521,0.75076657,1.0671443,0.34506277,0.36823178,0.96889565,0.84302658,0.096247229,0.081138972,0.61613061,1.1543014,0.072224331,0.083368646,0.74585836,1.1893314,0.15834635,0.18832628,0.78350988,1.1027689,0.18349869,0.20235665,0.719325,1.0068318,0.16043184,0.16152788,0.78353053,0.94340367,0.17137167,0.16167266
experiment_0a_best,file,16,,4937,085.Horned_Lark/Horned_Lark_0046_73950.jpg,85,84,085.Horned_Lark,132,131,gaussian_blur,gaussian_blur,0,"{""sigma"":1.178856}",0.0020191537,0.016808784,0.01478963,0.99798286,0.98333168,0.0018614117,0.014169782,0.99612145,0.9691619,-0.02695955,0.70005274,10.910928,0.35823434,3.9086692,False,0.92361951,True,True,True,0.70005274,10.910928,0.35823434,3.9086692,0.69066554,11.124232,0.34506277,3.8385582,0.92213822,7.6573407,0.096247229,0.73699782,0.50893104,12.575582,0.072224331,0.90826297,0.68138611,12.10818,0.15834635,1.9172861,0.69529791,12.364436,0.18349869,2.2688578,0.70771472,10.502241,0.16043184,1.6848938,0.75436984,8.7471034,0.17137167,1.4990057
experiment_0a_best,file,16,,4937,085.Horned_Lark/Horned_Lark_0046_73950.jpg,85,84,085.Horned_Lark,132,131,random_erasing,random_erasing,0,"{""area_fraction"":0.103239,""erased"":true,""height"":0.458984,""left"":0.483842,""top"":0.221659,""width"":0.224929}",0.0020191537,0.006185791,0.0041666373,0.99798286,0.9938333,0.0018614117,0.0046699275,0.99612145,0.98916338,-0.006958072,0.74247788,2.5835753,0.35823434,0.92552541,False,0.97167146,True,True,True,0.74247788,2.5835753,0.35823434,0.92552541,0.72609331,2.5938104,0.34506277,0.8950274,0.96675518,2.4482126,0.096247229,0.23563368,0.5504227,3.3860873,0.072224331,0.24455789,0.5702074,2.162527,0.15834635,0.34242826,0.7648237,2.5322268,0.18349869,0.4646603,0.76102513,2.7169843,0.16043184,0.43589081,0.81436661,2.7251299,0.17137167,0.46701005
experiment_0a_best,file,16,,6726,115.Brewer_Sparrow/Brewer_Sparrow_0023_107489.jpg,115,114,115.Brewer_Sparrow,121,120,identity,identity,0,{},1.1532204,1.1532204,0,0.31561872,0.31561872,0.43807569,0.43807569,-0.12245697,-0.12245697,0,1,1,151.11265,151.11265,False,1,True,False,False,1,1,151.11265,151.11265,1,1,149.52968,149.52968,1,1,21.815348,21.815348,1,1,56.5257,56.5257,1,1,78.578012,78.578012,1,1,72.927301,72.927301,1,1,63.975929,63.975929,1,1,59.817682,59.817682
experiment_0a_best,file,16,,6726,115.Brewer_Sparrow/Brewer_Sparrow_0023_107489.jpg,115,114,115.Brewer_Sparrow,121,120,horizontal_flip,horizontal_flip,0,"{""flipped"":true}",1.1532204,0.3652176,-0.78800282,0.31561872,0.6940456,0.43807569,0.033974733,-0.12245697,0.66007087,0.78252784,0.59974646,0.48072513,151.11265,72.64365,False,0.917687,False,False,True,0.59974646,0.48072513,151.11265,72.64365,0.59627404,0.48246226,149.52968,72.142426,0.81454047,0.39049619,21.815348,8.5188106,0.69549321,0.40196454,56.5257,22.721327,0.61734681,0.49380348,78.578012,38.802096,0.55684537,0.54819154,72.927301,39.97813,0.52605932,0.47209188,63.975929,30.202516,0.65560256,0.43343894,59.817682,25.927313
experiment_0a_best,file,16,,6726,115.Brewer_Sparrow/Brewer_Sparrow_0023_107489.jpg,115,114,115.Brewer_Sparrow,121,120,color_jitter,color_jitter,0,"{""brightness"":0.736783,""contrast"":0.848047,""hue"":-0.069942,""saturation"":1.189983}",1.1532204,3.0073247,1.8541043,0.31561872,0.049423721,0.43807569,0.16138074,-0.12245697,-0.11195702,0.01049995,0.58591095,1.3517303,151.11265,204.26355,False,0.89943647,False,False,False,0.58591095,1.3517303,151.11265,204.26355,0.58269175,1.3491014,149.52968,201.7307,0.72682905,1.4699517,21.815348,32.067509,0.83661243,1.1663134,56.5257,65.926683,0.54606706,1.2794441,78.578012,100.53617,0.55643793,1.4215853,72.927301,103.67238,0.52162951,1.4779918,63.975929,94.555899,0.57468225,1.3532521,59.817682,80.948404
experiment_0a_best,file,16,,6726,115.Brewer_Sparrow/Brewer_Sparrow_0023_107489.jpg,115,114,115.Brewer_Sparrow,121,120,rotation,rotation,0,"{""angle"":-4.942738}",1.1532204,0.098848566,-1.0543718,0.31561872,0.90587986,0.43807569,0.031595223,-0.12245697,0.87428463,0.9967416,0.60959426,0.11537532,151.11265,17.434671,False,0.90144563,False,False,True,0.60959426,0.11537532,151.11265,17.434671,0.60395802,0.11518707,149.52968,17.223886,0.85736298,0.12389753,21.815348,2.7028679,0.54609146,0.079064564,56.5257,4.4691798,0.54878674,0.11580479,78.578012,9.0997103,0.54659855,0.1217155,72.927301,8.8763826,0.67844208,0.12166181,63.975929,7.7834272,0.75504344,0.12342884,59.817682,7.3832273
experiment_0a_best,file,16,,6726,115.Brewer_Sparrow/Brewer_Sparrow_0023_107489.jpg,115,114,115.Brewer_Sparrow,121,120,random_resized_crop,random_resized_crop,0,"{""area_fraction"":0.590107,""aspect"":1.224485,""fallback"":false,""height"":0.694206,""left"":0.032682,""top"":0.006394,""width"":0.850045}",1.1532204,0.46613646,-0.68708396,0.31561872,0.62742168,0.43807569,0.013669583,-0.12245697,0.61375209,0.73620906,0.34213568,0.50455044,151.11265,76.243956,False,0.8253938,False,False,True,0.34213568,0.50455044,151.11265,76.243956,0.33485547,0.50419502,149.52968,75.392118,0.67333601,0.52097571,21.815348,11.365267,0.16215143,0.35997866,56.5257,20.348046,0.36618804,0.5001104,78.578012,39.297681,0.26510274,0.56778889,72.927301,41.407311,0.35636772,0.53555,63.975929,34.262309,0.50613996,0.48369541,59.817682,28.933538
experiment_0a_best,file,16,,6726,115.Brewer_Sparrow/Brewer_Sparrow_0023_107489.jpg,115,114,115.Brewer_Sparrow,121,120,gaussian_blur,gaussian_blur,0,"{""sigma"":1.431589}",1.1532204,2.4809332,1.3277128,0.31561872,0.083665095,0.43807569,0.39355794,-0.12245697,-0.30989284,-0.18743587,0.50939304,1.1300844,151.11265,170.77004,False,0.89458013,True,False,False,0.50939304,1.1300844,151.11265,170.77004,0.50193338,1.1312167,149.52968,169.15048,0.87864114,1.0755393,21.815348,23.463264,0.069223078,1.0046182,56.5257,56.786746,0.40293946,1.0204077,78.578012,80.181611,0.57609904,1.1941086,72.927301,87.08312,0.6386531,1.2284525,63.975929,78.591389,0.7106283,1.2052796,59.817682,72.097031
experiment_0a_best,file,16,,6726,115.Brewer_Sparrow/Brewer_Sparrow_0023_107489.jpg,115,114,115.Brewer_Sparrow,121,120,random_erasing,random_erasing,0,"{""area_fraction"":0.095422,""erased"":true,""height"":0.548106,""left"":0.783492,""top"":0.195483,""width"":0.174093}",1.1532204,1.1773021,0.024081707,0.31561872,0.3081089,0.43807569,0.47969902,-0.12245697,-0.17159012,-0.049133152,0.97090561,0.97596559,151.11265,147.48075,False,0.99438584,True,False,False,0.97090561,0.97596559,151.11265,147.48075,0.9704476,0.97461633,149.52968,145.73407,0.99297153,1.0373801,21.815348,22.630808,0.98631106,0.93615476,56.5257,52.916803,0.97887228,0.96017709,78.578012,75.448807,0.96660493,0.95748222,72.927301,69.826594,0.96323993,1.0088967,63.975929,64.545105,0.95983452,1.0174172,59.817682,60.859541
experiment_0a_best,file,16,,8770,150.Sage_Thrasher/Sage_Thrasher_0095_796446.jpg,150,149,150.Sage_Thrasher,120,119,identity,identity,0,{},0.0025024072,0.0025024072,0,0.99750072,0.99750072,0.00037297577,0.00037297577,0.99712774,0.99712774,0,1,1,0.45076227,0.45076227,False,1,True,True,True,1,1,0.45076227,0.45076227,1,1,0.44220178,0.44220178,1,1,0.087431168,0.087431168,1,1,0.069470187,0.069470187,1,1,0.17858397,0.17858397,1,1,0.24897635,0.24897635,1,1,0.2271232,0.2271232,1,1,0.21272026,0.21272026
experiment_0a_best,file,16,,8770,150.Sage_Thrasher/Sage_Thrasher_0095_796446.jpg,150,149,150.Sage_Thrasher,120,119,horizontal_flip,horizontal_flip,0,"{""flipped"":true}",0.0025024072,0.022427374,0.019924967,0.99750072,0.97782224,0.00037297577,0.001901959,0.99712774,0.97592029,-0.021207457,0.62423066,7.3657714,0.45076227,3.3202119,False,0.96304059,True,True,True,0.62423066,7.3657714,0.45076227,3.3202119,0.61008066,7.3235468,0.44220178,3.2384854,0.9461682,8.3738228,0.087431168,0.73213311,0.39323028,8.4487668,0.069470187,0.58693741,0.53264744,8.5082235,0.17858397,1.5194323,0.57623521,6.69574,0.24897635,1.6670809,0.62404364,6.972789,0.2271232,1.5836821,0.73478957,7.5030973,0.21272026,1.5960608
experiment_0a_best,file,16,,8770,150.Sage_Thrasher/Sage_Thrasher_0095_796446.jpg,150,149,150.Sage_Thrasher,120,119,color_jitter,color_jitter,0,"{""brightness"":0.611351,""contrast"":0.664039,""hue"":-0.087459,""saturation"":0.749623}",0.0025024072,0.023208875,0.020706468,0.99750072,0.97705835,0.00037297577,0.00070382154,0.99712774,0.97635453,-0.020773212,0.46762312,10.628354,0.45076227,4.7908609,False,0.9042443,True,True,True,0.46762312,10.628354,0.45076227,4.7908609,0.45606252,10.655107,0.44220178,4.7117072,0.78643393,9.9194998,0.087431168,0.86727345,0.1634189,13.587204,0.069470187,0.94390559,0.36557036,13.977958,0.17858397,2.4962391,0.40712744,10.553934,0.24897635,2.6276799,0.53126609,9.3686301,0.2271232,2.1278332,0.62396644,8.9759019,0.21272026,1.9093562
experiment_0a_best,file,16,,8770,150.Sage_Thrasher/Sage_Thrasher_0095_796446.jpg,150,149,150.Sage_Thrasher,120,119,rotation,rotation,0,"{""angle"":8.468398}",0.0025024072,0.023657434,0.021155027,0.99750072,0.9766202,0.00037297577,0.0038728004,0.99712774,0.9727474,-0.024380345,0.74345541,8.5697272,0.45076227,3.8629097,False,0.95724249,True,True,True,0.74345541,8.5697272,0.45076227,3.8629097,0.73506062,8.5322911,0.44220178,3.7729944,0.94072045,9.4772167,0.087431168,0.82860412,0.46394547,8.7844866,0.069470187,0.61025992,0.69572785,8.7638579,0.17858397,1.5650845,0.72943724,8.3328908,0.24897635,2.0746927,0.74025323,8.7067073,0.2271232,1.9774952,0.79643732,8.4077694,0.21272026,1.7885029
experiment_0a_best,file,16,,8770,150.Sage_Thrasher/Sage_Thrasher_0095_796446.jpg,150,149,150.Sage_Thrasher,120,119,random_resized_crop,random_resized_crop,0,"{""area_fraction"":0.561565,""aspect"":0.872588,""fallback"":false,""height"":0.802223,""left"":0.108634,""top"":0.196663,""width"":0.70001}",0.0025024072,0.017173629,0.014671222,0.99750072,0.98297298,0.00037297577,0.00056415173,0.99712774,0.98240883,-0.014718914,0.6850423,7.0839062,0.45076227,3.1931577,False,0.94453257,True,True,True,0.6850423,7.0839062,0.45076227,3.1931577,0.6759362,7.0744461,0.44220178,3.1283327,0.91050165,7.3217461,0.087431168,0.64014881,0.32098658,6.9004402,0.069470187,0.47937487,0.64047809,6.9013405,0.17858397,1.2324688,0.67171696,7.1215219,0.24897635,1.7730905,0.69253256,7.1635272,0.2271232,1.6270032,0.7243456,7.0463361,0.21272026,1.4988984
experiment_0a_best,file,16,,8770,150.Sage_Thrasher/Sage_Thrasher_0095_796446.jpg,150,149,150.Sage_Thrasher,120,119,gaussian_blur,gaussian_blur,0,"{""sigma"":1.209348}",0.0025024072,0.12756898,0.12506657,0.99750072,0.88023269,0.00037297577,0.01185607,0.99712774,0.86837662,-0.12875112,0.6391921,50.052913,0.45076227,22.561965,False,0.92588186,True,True,True,0.6391921,50.052913,0.45076227,22.561965,0.63137349,50.383414,0.44220178,22.279636,0.90098017,40.696031,0.087431168,3.5581015,0.37396636,50.845886,0.069470187,3.5322732,0.4667874,56.538757,0.17858397,10.096916,0.64663669,51.863172,0.24897635,12.912703,0.67716749,48.730708,0.2271232,11.067874,0.73510883,45.267028,0.21272026,9.6292138
experiment_0a_best,file,16,,8770,150.Sage_Thrasher/Sage_Thrasher_0095_796446.jpg,150,149,150.Sage_Thrasher,120,119,random_erasing,random_erasing,0,"{""area_fraction"":0.117303,""erased"":true,""height"":0.319999,""left"":0.109435,""top"":0.361748,""width"":0.366573}",0.0025024072,0.10525048,0.10274807,0.99750072,0.90009904,0.00037297577,0.044861279,0.99712774,0.85523776,-0.14188998,0.77371713,45.479392,0.45076227,20.500394,False,0.92693287,True,True,True,0.77371713,45.479392,0.45076227,20.500394,0.77086,45.766367,0.44220178,20.237969,0.87849784,37.397102,0.087431168,3.2696723,0.71499041,53.781287,0.069470187,3.736196,0.74219561,43.536407,0.17858397,7.7749043,0.81399862,49.151781,0.24897635,12.237631,0.76268572,45.582858,0.2271232,10.352924,0.74891537,41.577885,0.21272026,8.8444585
experiment_0a_best,file,16,,4112,071.Long_tailed_Jaeger/Long_Tailed_Jaeger_0054_797088.jpg,71,70,071.Long_tailed_Jaeger,61,60,identity,identity,0,{},3.9418526,3.9418526,0,0.01941222,0.01941222,0.096575886,0.096575886,-0.077163666,-0.077163666,0,1,1,123.36351,123.36351,False,1,True,False,False,1,1,123.36351,123.36351,1,1,120.88196,120.88196,1,1,24.619263,24.619263,1,1,46.233907,46.233907,1,1,47.472422,47.472422,1,1,54.488716,54.488716,1,1,56.212907,56.212907,1,1,63.971335,63.971335
experiment_0a_best,file,16,,4112,071.Long_tailed_Jaeger/Long_Tailed_Jaeger_0054_797088.jpg,71,70,071.Long_tailed_Jaeger,61,60,horizontal_flip,horizontal_flip,0,"{""flipped"":true}",3.9418526,2.496083,-1.4457695,0.01941222,0.082407162,0.096575886,0.063456878,-0.077163666,0.018950284,0.09611395,0.50798947,1.0733656,123.36351,132.41415,False,0.93594122,False,False,True,0.50798947,1.0733656,123.36351,132.41415,0.49254816,1.0779839,120.88196,130.3088,0.93165223,0.95529077,24.619263,23.518555,0.10903076,1.1288815,46.233907,52.192602,0.41213863,1.0654781,47.472422,50.580825,0.49645894,1.0917902,54.488716,59.490247,0.57811021,1.0827656,56.212907,60.865403,0.68361054,1.0432777,63.971335,66.739869
experiment_0a_best,file,16,,4112,071.Long_tailed_Jaeger/Long_Tailed_Jaeger_0054_797088.jpg,71,70,071.Long_tailed_Jaeger,61,60,color_jitter,color_jitter,0,"{""brightness"":0.702273,""contrast"":0.912562,""hue"":0.000702,""saturation"":1.132793}",3.9418526,3.6275344,-0.31431818,0.01941222,0.026581645,0.096575886,0.097296342,-0.077163666,-0.070714697,0.0064489692,0.84616502,0.95503861,123.36351,117.81692,False,0.97813743,True,False,False,0.84616502,0.95503861,123.36351,117.81692,0.84064994,0.95391902,120.88196,115.3116,0.97570388,0.98164382,24.619263,24.167348,0.8733043,0.64426649,46.233907,29.786957,0.799811,1.1210174,47.472422,53.217409,0.81580444,0.98933091,54.488716,53.907371,0.85353841,0.95931049,56.212907,53.925631,0.89463978,0.95897343,63.971335,61.34681
experiment_0a_best,file,16,,4112,071.Long_tailed_Jaeger/Long_Tailed_Jaeger_0054_797088.jpg,71,70,071.Long_tailed_Jaeger,61,60,rotation,rotation,0,"{""angle"":-10.704844}",3.9418526,4.2441807,0.30232811,0.01941222,0.014347483,0.096575886,0.083968349,-0.077163666,-0.069620865,0.0075428011,0.72497075,1.0388686,123.36351,128.15848,False,0.95870131,True,False,False,0.72497075,1.0388686,123.36351,128.15848,0.71424061,1.0323764,120.88196,124.79568,0.95696534,1.1846675,24.619263,29.16564,0.88077065,0.85479699,46.233907,39.520605,0.69312149,0.99830427,47.472422,47.391922,0.64731384,1.0388206,54.488716,56.603999,0.65610914,1.0862346,56.212907,61.060407,0.75489463,1.0868125,63.971335,69.524844
experiment_0a_best,file,16,,4112,071.Long_tailed_Jaeger/Long_Tailed_Jaeger_0054_797088.jpg,71,70,071.Long_tailed_Jaeger,61,60,random_resized_crop,random_resized_crop,0,"{""area_fraction"":0.889469,""aspect"":0.965564,""fallback"":false,""height"":0.959787,""left"":0.065306,""top"":0.02981,""width"":0.926736}",3.9418526,3.9734256,0.031573057,0.01941222,0.01880889,0.096575886,0.10735291,-0.077163666,-0.088544022,-0.011380356,0.79067711,0.98052284,123.36351,120.96074,False,0.97296214,True,False,False,0.79067711,0.98052284,123.36351,120.96074,0.78261097,0.97627271,120.88196,118.01376,0.97051345,1.0779277,24.619263,26.537786,0.73140955,0.79521203,46.233907,36.765759,0.78774204,1.0136106,47.472422,48.118551,0.76574403,0.9749414,54.488716,53.123305,0.75277346,0.99046001,56.212907,55.676636,0.84236903,1.0295969,63.971335,65.864689
experiment_0a_best,file,16,,4112,071.Long_tailed_Jaeger/Long_Tailed_Jaeger_0054_797088.jpg,71,70,071.Long_tailed_Jaeger,61,60,gaussian_blur,gaussian_blur,0,"{""sigma"":1.825447}",3.9418526,5.6913595,1.749507,0.01941222,0.0033750017,0.096575886,0.0467548,-0.077163666,-0.043379798,0.033783868,0.54201138,1.0597817,123.36351,130.73839,False,0.88315821,False,False,False,0.54201138,1.0597817,123.36351,130.73839,0.52776864,1.0579547,120.88196,127.88763,0.87183754,1.1029128,24.619263,27.152901,0.34762812,0.82779006,46.233907,38.271969,0.45592188,1.0029955,47.472422,47.614624,0.54719989,1.1303762,54.488716,61.592746,0.53392837,1.1357508,56.212907,63.843853,0.62590279,1.0777749,63.971335,68.946698
experiment_0a_best,file,16,,4112,071.Long_tailed_Jaeger/Long_Tailed_Jaeger_0054_797088.jpg,71,70,071.Long_tailed_Jaeger,61,60,random_erasing,random_erasing,0,"{""area_fraction"":0.154992,""erased"":true,""height"":0.268895,""left"":0.212282,""top"":0.433465,""width"":0.576402}",3.9418526,3.5276947,-0.41415787,0.01941222,0.029372552,0.096575886,0.012885923,-0.077163666,0.01648663,0.093650296,0.67139676,1.1351704,123.36351,140.03861,False,0.90365046,False,False,False,0.67139676,1.1351704,123.36351,140.03861,0.66286491,1.1373382,120.88196,137.48367,0.88850514,1.0815937,24.619263,26.62804,0.69671124,0.99318637,46.233907,45.918886,0.64503836,1.2316757,47.472422,58.470627,0.66089683,1.2217248,54.488716,66.570217,0.64844724,1.1690632,56.212907,65.716442,0.67906973,1.062994,63.971335,68.001147
experiment_0a_best,file,16,,6465,111.Loggerhead_Shrike/Loggerhead_Shrike_0119_105138.jpg,111,110,111.Loggerhead_Shrike,112,111,identity,identity,0,{},1.2865424,1.2865424,0,0.2762242,0.2762242,0.34526724,0.34526724,-0.06904304,-0.06904304,0,1,1,116.74101,116.74101,False,1.0000001,True,False,False,1,1,116.74101,116.74101,1,1,114.45547,114.45547,1,1,22.987125,22.987125,1,1,32.342551,32.342551,1,1,47.481754,47.481754,1,1,58.603982,58.603982,1,1,56.79136,56.79136,1,1,56.034032,56.034032
experiment_0a_best,file,16,,6465,111.Loggerhead_Shrike/Loggerhead_Shrike_0119_105138.jpg,111,110,111.Loggerhead_Shrike,112,111,horizontal_flip,horizontal_flip,0,"{""flipped"":true}",1.2865424,1.3409799,0.054437518,0.2762242,0.2615892,0.34526724,0.44887578,-0.06904304,-0.18728659,-0.11824355,0.61223416,1.0335083,116.74101,120.6528,False,0.95337075,True,False,False,0.61223416,1.0335083,116.74101,120.6528,0.59802326,1.0307513,114.45547,117.97513,0.94369943,1.0996496,22.987125,25.277784,0.56344475,0.96073391,32.342551,31.072585,0.58155101,1.1486218,47.481754,54.538575,0.58298344,1.0700889,58.603982,62.711469,0.53262863,0.92712158,56.79136,52.652496,0.70734839,1.0210135,56.034032,57.211502
experiment_0a_best,file,16,,6465,111.Loggerhead_Shrike/Loggerhead_Shrike_0119_105138.jpg,111,110,111.Loggerhead_Shrike,112,111,color_jitter,color_jitter,0,"{""brightness"":1.015257,""contrast"":1.125734,""hue"":-0.096999,""saturation"":0.82247}",1.2865424,2.1251345,0.83859205,0.2762242,0.1194169,0.34526724,0.53245711,-0.06904304,-0.41304021,-0.34399717,0.77592315,1.0704715,116.74101,124.96793,False,0.95063949,True,False,False,0.77592315,1.0704715,116.74101,124.96793,0.76854242,1.0617987,114.45547,121.52867,0.94085584,1.2666388,22.987125,29.116386,0.78875677,1.1951726,32.342551,38.654931,0.68290348,1.0948704,47.481754,51.986369,0.77336883,1.0317845,58.603982,60.466678,0.77420255,1.0262856,56.79136,58.284157,0.81682968,1.0586886,56.034032,59.322594
experiment_0a_best,file,16,,6465,111.Loggerhead_Shrike/Loggerhead_Shrike_0119_105138.jpg,111,110,111.Loggerhead_Shrike,112,111,rotation,rotation,0,"{""angle"":6.177638}",1.2865424,2.8022604,1.515718,0.2762242,0.060672753,0.34526724,0.19501519,-0.06904304,-0.13434244,-0.065299399,0.74670514,1.9255856,116.74101,224.79481,False,0.96276557,False,False,False,0.74670514,1.9255856,116.74101,224.79481,0.74386603,1.9432132,114.45547,222.41139,0.87891895,1.4202651,22.987125,32.647811,0.72705159,2.1922428,32.342551,70.902725,0.73371296,2.2255725,47.481754,105.67408,0.7561981,2.0572071,58.603982,120.56052,0.73859486,1.831478,56.79136,104.01213,0.77842814,1.5881454,56.034032,88.990191
experiment_0a_best,file,16,,6465,111.Loggerhead_Shrike/Loggerhead_Shrike_0119_105138.jpg,111,110,111.Loggerhead_Shrike,112,111,random_resized_crop,random_resized_crop,0,"{""area_fraction"":0.662642,""aspect"":1.024553,""fallback"":false,""height"":0.804215,""left"":0.112333,""top"":0.116177,""width"":0.823961}",1.2865424,1.9982688,0.71172643,0.2762242,0.13556977,0.34526724,0.27855453,-0.06904304,-0.14298476,-0.073941723,0.72279544,1.148067,116.74101,134.0265,False,0.95991302,True,False,False,0.72279544,1.148067,116.74101,134.0265,0.71430804,1.1498382,114.45547,131.60528,0.94269298,1.1032464,22.987125,25.360463,0.77373732,1.0773088,32.342551,34.842914,0.63453696,1.2552446,47.481754,59.601215,0.70967526,1.180727,58.603982,69.195305,0.7143297,1.1284935,56.79136,64.088683,0.77133949,1.0794084,56.034032,60.483607
experiment_0a_best,file,16,,6465,111.Loggerhead_Shrike/Loggerhead_Shrike_0119_105138.jpg,111,110,111.Loggerhead_Shrike,112,111,gaussian_blur,gaussian_blur,0,"{""sigma"":1.028513}",1.2865424,2.2955198,1.0089774,0.2762242,0.10070904,0.34526724,0.55160403,-0.06904304,-0.45089499,-0.38185195,0.61302802,1.2139755,116.74101,141.72073,False,0.91985989,True,False,False,0.61302802,1.2139755,116.74101,141.72073,0.60103042,1.2107092,114.45547,138.5723,0.89293534,1.2923155,22.987125,29.706618,0.58581971,1.2774113,32.342551,41.31474,0.39906557,1.1477871,47.481754,54.498943,0.61405906,1.3073564,58.603982,76.61629,0.62382493,1.1757603,56.79136,66.773024,0.71470971,1.1560966,56.034032,64.780756
experiment_0a_best,file,16,,6465,111.Loggerhead_Shrike/Loggerhead_Shrike_0119_105138.jpg,111,110,111.Loggerhead_Shrike,112,111,random_erasing,random_erasing,0,"{""area_fraction"":0.191309,""erased"":true,""height"":0.335971,""left"":0.126665,""top"":0.147326,""width"":0.569422}",1.2865424,3.0425978,1.7560554,0.2762242,0.047710788,0.34526724,0.046168737,-0.06904304,0.0015420504,0.070585091,0.55901143,0.93783101,116.74101,109.48334,False,0.85172307,False,False,False,0.55901143,0.93783101,116.74101,109.48334,0.54948286,0.93570814,114.45547,107.09692,0.78333231,0.98900439,22.987125,22.734368,0.55639742,0.51724635,32.342551,16.729066,0.54998744,0.91425995,47.481754,43.410666,0.54195565,0.86511597,58.603982,50.699241,0.55483884,1.0410572,56.79136,59.123054,0.57303951,1.0157435,56.034032,56.916202
experiment_0a_best,file,16,,2001,036.Northern_Flicker/Northern_Flicker_0037_28751.jpg,36,35,036.Northern_Flicker,189,188,identity,identity,0,{},0.0037866572,0.0037866572,0,0.99622053,0.99622053,0.0027740048,0.0027740048,0.99344652,0.99344652,0,1,1,0.75622941,0.75622941,False,1,True,True,True,1,1,0.75622941,0.75622941,1,1,0.74465663,0.74465663,1,1,0.13179314,0.13179314,1,1,0.10835413,0.10835413,1,1,0.31812537,0.31812537,1,1,0.42245356,0.42245356,1,1,0.3621514,0.3621514,1,1,0.36324714,0.36324714
experiment_0a_best,file,16,,2001,036.Northern_Flicker/Northern_Flicker_0037_28751.jpg,36,35,036.Northern_Flicker,189,188,horizontal_flip,horizontal_flip,0,"{""flipped"":true}",0.0037866572,0.011549516,0.0077628584,0.99622053,0.98851693,0.0027740048,0.010376981,0.99344652,0.97813995,-0.015306578,0.76044031,3.0437262,0.75622941,2.3017553,False,0.96971864,True,True,True,0.76044031,3.0437262,0.75622941,2.3017553,0.75349009,3.0331752,0.74465663,2.258674,0.9644735,3.3632103,0.13179314,0.44324804,0.58314284,2.9665177,0.10835413,0.32143445,0.7479775,3.1308742,0.31812537,0.99601051,0.78265353,2.8392459,0.42245356,1.1994495,0.70354733,3.0656792,0.3621514,1.11024,0.78760348,3.1807428,0.36324714,1.1553957
experiment_0a_best,file,16,,2001,036.Northern_Flicker/Northern_Flicker_0037_28751.jpg,36,35,036.Northern_Flicker,189,188,color_jitter,color_jitter,0,"{""brightness"":0.87569,""contrast"":0.849528,""hue"":-0.025919,""saturation"":1.303166}",0.0037866572,0.00061385857,-0.0031727987,0.99622053,0.99938631,0.0027740048,0.0002180842,0.99344652,0.99916823,0.0057217021,0.81475129,0.14452817,0.75622941,0.10929645,False,0.97519815,True,True,True,0.81475129,0.14452817,0.75622941,0.10929645,0.81098441,0.1443097,0.74465663,0.10746117,0.93031536,0.15133716,0.13179314,0.019945199,0.73170638,0.14578733,0.10835413,0.01579666,0.77311204,0.13694846,0.31812537,0.04356678,0.83577718,0.12955731,0.42245356,0.054731944,0.78495377,0.14950874,0.3621514,0.0541448,0.85076204,0.1622385,0.36324714,0.058932673
experiment_0a_best,file,16,,2001,036.Northern_Flicker/Northern_Flicker_0037_28751.jpg,36,35,036.Northern_Flicker,189,188,rotation,rotation,0,"{""angle"":-11.595545}",0.0037866572,0.0060096048,0.0022229475,0.99622053,0.99400842,0.0027740048,0.0047387145,0.99344652,0.98926971,-0.0041768169,0.83742754,1.6278387,0.75622941,1.2310195,False,0.97456348,True,True,True,0.83742754,1.6278387,0.75622941,1.2310195,0.83308644,1.6270229,0.74465663,1.2115734,0.97388958,1.6536686,0.13179314,0.21794218,0.72574437,1.7212096,0.10835413,0.18650017,0.81868003,1.6096698,0.31812537,0.5120768,0.84800469,1.6880757,0.42245356,0.71313358,0.82615007,1.5879928,0.3621514,0.57509382,0.84160092,1.5853072,0.36324714,0.57585831
experiment_0a_best,file,16,,2001,036.Northern_Flicker/Northern_Flicker_0037_28751.jpg,36,35,036.Northern_Flicker,189,188,random_resized_crop,random_resized_crop,0,"{""area_fraction"":0.539865,""aspect"":0.842723,""fallback"":false,""height"":0.800388,""left"":0.309179,""top"":0.054185,""width"":0.674505}",0.0037866572,0.01428027,0.010493613,0.99622053,0.98582119,0.0027740048,0.0065566935,0.99344652,0.97926449,-0.01418203,0.71833802,3.5046016,0.75622941,2.6502828,False,0.93035036,True,True,True,0.71833802,3.5046016,0.75622941,2.6502828,0.71311838,3.5160105,0.74465663,2.6182206,0.91124846,3.1185159,0.13179314,0.41099899,0.70938032,3.9129724,0.10835413,0.42398672,0.66116909,3.4826236,0.31812537,1.1079109,0.7563179,3.6726076,0.42245356,1.5515061,0.68017393,3.4327137,0.3621514,1.2431621,0.726703,3.3662857,0.36324714,1.2227937
experiment_0a_best,file,16,,2001,036.Northern_Flicker/Northern_Flicker_0037_28751.jpg,36,35,036.Northern_Flicker,189,188,gaussian_blur,gaussian_blur,0,"{""sigma"":1.23262}",0.0037866572,0.0041191266,0.00033246935,0.99622053,0.99588937,0.0027740048,0.0029310128,0.99344652,0.99295835,-0.00048817135,0.75900216,1.050568,0.75622941,0.79447043,False,0.96016949,True,True,True,0.75900216,1.050568,0.75622941,0.79447043,0.75235802,1.0483126,0.74465663,0.78063295,0.95912012,1.1201862,0.13179314,0.14763285,0.50195418,0.95725518,0.10835413,0.10372255,0.69070103,1.029915,0.31812537,0.32764209,0.74791773,1.0772819,0.42245356,0.45510158,0.75959467,1.0406219,0.3621514,0.37686269,0.8196516,1.0378907,0.36324714,0.37701082
experiment_0a_best,file,16,,2001,036.Northern_Flicker/Northern_Flicker_0037_28751.jpg,36,35,036.Northern_Flicker,189,188,random_erasing,random_erasing,0,"{""area_fraction"":0.099457,""erased"":true,""height"":0.244929,""left"":0.552922,""top"":0.308787,""width"":0.406065}",0.0037866572,0.098539889,0.094753232,0.99622053,0.90615952,0.0027740048,0.088202111,0.99344652,0.81795741,-0.17548912,0.87256506,26.905692,0.75622941,20.346876,False,0.96952808,True,True,True,0.87256506,26.905692,0.75622941,20.346876,0.8697492,26.901062,0.74465663,20.032054,0.96196867,27.053104,0.13179314,3.5654134,0.86180892,30.679967,0.10835413,3.3243011,0.87217726,27.892361,0.31812537,8.8732676,0.89242394,27.899799,0.42245356,11.786369,0.85619492,26.405263,0.3621514,9.5627029,0.8536135,24.796936,0.36324714,9.007416
experiment_0a_best,file,16,,7827,134.Cape_Glossy_Starling/Cape_Glossy_Starling_0043_129358.jpg,134,133,134.Cape_Glossy_Starling,87,86,identity,identity,0,{},0.00056203303,0.00056203303,0,0.99943811,0.99943811,6.2796287e-05,6.2796287e-05,0.99937531,0.99937531,0,1,1,0.073906644,0.073906644,False,1,True,True,True,1,1,0.073906644,0.073906644,1,1,0.071872772,0.071872772,1,1,0.01721908,0.01721908,1,1,0.015971694,0.015971694,1,1,0.02461379,0.02461379,1,1,0.033337625,0.033337625,1,1,0.034160994,0.034160994,1,1,0.045015452,0.045015452
experiment_0a_best,file,16,,7827,134.Cape_Glossy_Starling/Cape_Glossy_Starling_0043_129358.jpg,134,133,134.Cape_Glossy_Starling,87,86,horizontal_flip,horizontal_flip,0,"{""flipped"":true}",0.00056203303,0.0019659731,0.00140394,0.99943811,0.99803597,6.2796287e-05,0.00032756559,0.99937531,0.9977084,-0.001666909,0.65267891,3.1897266,0.073906644,0.23574199,False,0.97425699,True,True,True,0.65267891,3.1897266,0.073906644,0.23574199,0.63339261,3.1717132,0.071872772,0.22795982,0.960952,3.4886694,0.01721908,0.060071679,0.66425725,2.6754097,0.015971694,0.042730825,0.55718389,3.4522831,0.02461379,0.08497377,0.60928381,3.267328,0.033337625,0.10892495,0.53048712,3.1842924,0.034160994,0.10877859,0.73306224,3.0798904,0.045015452,0.13864266
experiment_0a_best,file,16,,7827,134.Cape_Glossy_Starling/Cape_Glossy_Starling_0043_129358.jpg,134,133,134.Cape_Glossy_Starling,87,86,color_jitter,color_jitter,0,"{""brightness"":0.943933,""contrast"":0.609591,""hue"":0.020459,""saturation"":1.042706}",0.00056203303,0.0021977099,0.0016356768,0.99943811,0.9978047,6.2796287e-05,0.00013682705,0.99937531,0.99766787,-0.0017074364,0.78166177,4.3084914,0.073906644,0.31842614,False,0.98094839,True,True,True,0.78166177,4.3084914,0.073906644,0.31842614,0.772577,4.3367404,0.071872772,0.31169355,0.97009234,3.782619,0.01721908,0.065133221,0.77919021,4.3791695,0.015971694,0.069942756,0.73718414,6.4008264,0.02461379,0.1575486,0.76252952,4.6623226,0.033337625,0.15543076,0.73128799,3.9748584,0.034160994,0.13578512,0.87876987,3.5013894,0.045015452,0.15761663
experiment_0a_best,file,16,,7827,134.Cape_Glossy_Starling/Cape_Glossy_Starling_0043_129358.jpg,134,133,134.Cape_Glossy_Starling,87,86,rotation,rotation,0,"{""angle"":12.826031}",0.00056203303,0.0013490156,0.00078698259,0.99943811,0.99865192,6.2796287e-05,0.00015977399,0.99937531,0.99849215,-0.00088316297,0.76789587,2.5925191,0.073906644,0.19160438,False,0.98090434,True,True,True,0.76789587,2.5925191,0.073906644,0.19160438,0.75718785,2.6040164,0.071872772,0.18715788,0.97459342,2.3833232,0.01721908,0.041038634,0.70189702,2.2442933,0.015971694,0.035845166,0.73017542,2.914319,0.02461379,0.071732435,0.78467447,3.0715443,0.033337625,0.10239799,0.70835641,2.5266289,0.034160994,0.086312155,0.8018178,2.2938669,0.045015452,0.10325946
experiment_0a_best,file,16,,7827,134.Cape_Glossy_Starling/Cape_Glossy_Starling_0043_129358.jpg,134,133,134.Cape_Glossy_Starling,87,86,random_resized_crop,random_resized_crop,0,"{""area_fraction"":0.747031,""aspect"":1.120724,""fallback"":false,""height"":0.816432,""left"":0.038608,""top"":0.008278,""width"":0.914995}",0.00056203303,0.0016367147,0.0010746816,0.99943811,0.99836463,6.2796287e-05,0.00011460987,0.99937531,0.99825002,-0.0011252932,0.82596489,3.0970036,0.073906644,0.22888914,False,0.98937798,True,True,True,0.82596489,3.0970036,0.073906644,0.22888914,0.8181801,3.1166469,0.071872772,0.22400205,0.98750277,2.7321991,0.01721908,0.047045955,0.84018388,2.85489,0.015971694,0.04559743,0.78176511,3.8447665,0.02461379,0.094634276,0.79857492,3.2431102,0.033337625,0.10811759,0.77159588,3.1161402,0.034160994,0.10645045,0.88448487,2.8205567,0.045015452,0.12696863
experiment_0a_best,file,16,,7827,134.Cape_Glossy_Starling/Cape_Glossy_Starling_0043_129358.jpg,134,133,134.Cape_Glossy_Starling,87,86,gaussian_blur,gaussian_blur,0,"{""sigma"":1.675276}",0.00056203303,0.0039336695,0.0033716365,0.99943811,0.99607408,6.2796287e-05,0.00010308692,0.99937531,0.99597099,-0.0034043172,0.69153449,7.9296065,0.073906644,0.5860506,False,0.95286238,True,True,True,0.69153449,7.9296065,0.073906644,0.5860506,0.67910425,7.9772514,0.071872772,0.57334717,0.94170531,7.0480154,0.01721908,0.12136034,0.70516224,10.169273,0.015971694,0.16242052,0.62962302,10.841321,0.02461379,0.26684599,0.68926852,8.8824406,0.033337625,0.29611947,0.64962227,7.3445718,0.034160994,0.25089787,0.75535404,6.3029693,0.045015452,0.28373101
experiment_0a_best,file,16,,7827,134.Cape_Glossy_Starling/Cape_Glossy_Starling_0043_129358.jpg,134,133,134.Cape_Glossy_Starling,87,86,random_erasing,random_erasing,0,"{""area_fraction"":0.061941,""erased"":true,""height"":0.301767,""left"":0.367351,""top"":0.545842,""width"":0.20526}",0.00056203303,0.00059706025,3.5027217e-05,0.99943811,0.99940312,6.2796287e-05,8.733548e-05,0.99937531,0.99931578,-5.9527119e-05,0.92527893,0.99556381,0.073906644,0.07357878,False,0.99088442,True,True,True,0.92527893,0.99556381,0.073906644,0.07357878,0.92163445,0.98875657,0.071872772,0.071064675,0.98756176,1.1074678,0.01721908,0.019069577,0.95826674,0.96375354,0.015971694,0.015392777,0.90955908,1.0905852,0.02461379,0.026843434,0.91645056,0.91849089,0.033337625,0.030620305,0.90189156,0.97135404,0.034160994,0.03318242,0.93765038,1.0067904,0.045015452,0.045321127
experiment_0a_best,file,16,,11579,197.Marsh_Wren/Marsh_Wren_0094_188710.jpg,197,196,197.Marsh_Wren,193,192,identity,identity,0,{},0.37576646,0.37576646,0,0.68676269,0.68676269,0.11889236,0.11889236,0.56787033,0.56787033,0,1,1,48.375594,48.375594,False,0.99999982,True,True,True,1,1,48.375594,48.375594,1,1,47.440014,47.440014,1,1,9.4680066,9.4680066,1,1,12.480572,12.480572,1,1,22.988403,22.988403,1,1,26.763221,26.763221,1,1,19.973602,19.973602,1,1,21.239322,21.239322
experiment_0a_best,file,16,,11579,197.Marsh_Wren/Marsh_Wren_0094_188710.jpg,197,196,197.Marsh_Wren,193,192,horizontal_flip,horizontal_flip,0,"{""flipped"":true}",0.37576646,0.75308752,0.37732106,0.68676269,0.47091037,0.11889236,0.063800365,0.56787033,0.40711001,-0.16076033,0.60240177,1.9356852,48.375594,93.639921,False,0.96493399,True,True,True,0.60240177,1.9356852,48.375594,93.639921,0.59213052,1.946705,47.440014,92.351712,0.91835901,1.6348626,9.4680066,15.47889,0.73499269,1.6478734,12.480572,20.566403,0.52183729,2.043105,22.988403,46.967722,0.61350393,2.157539,26.763221,57.742693,0.51800629,1.7813672,19.973602,35.58032,0.6868158,1.6973983,21.239322,36.05159
experiment_0a_best,file,16,,11579,197.Marsh_Wren/Marsh_Wren_0094_188710.jpg,197,196,197.Marsh_Wren,193,192,color_jitter,color_jitter,0,"{""brightness"":0.741961,""contrast"":0.607853,""hue"":0.062997,""saturation"":0.77137}",0.37576646,4.9451094,4.5693429,0.68676269,0.007118138,0.11889236,0.0048878035,0.56787033,0.0022303346,-0.56564,0.39719717,4.6371328,48.375594,224.32405,False,0.82679212,False,True,False,0.39719717,4.6371328,48.375594,224.32405,0.38981041,4.6818331,47.440014,222.10623,0.68133804,3.3233919,9.4680066,31.465896,0.43368366,4.0128269,12.480572,50.082376,0.27188238,6.069487,22.988403,139.52781,0.52081672,4.9177682,26.763221,131.61532,0.38288659,3.7008087,19.973602,73.918481,0.39310514,3.1822984,21.239322,67.589862
experiment_0a_best,file,16,,11579,197.Marsh_Wren/Marsh_Wren_0094_188710.jpg,197,196,197.Marsh_Wren,193,192,rotation,rotation,0,"{""angle"":-4.841934}",0.37576646,0.57609367,0.20032722,0.68676269,0.5620898,0.11889236,0.12176196,0.56787033,0.44032785,-0.12754249,0.80244448,1.6501817,48.375594,79.828519,False,0.95268941,True,True,True,0.80244448,1.6501817,48.375594,79.828519,0.79784438,1.6567724,47.440014,78.597304,0.93738908,1.4750996,9.4680066,13.966253,0.78756867,1.5883252,12.480572,19.823208,0.77069472,1.6603014,22.988403,38.167676,0.8205705,1.8381136,26.763221,49.19384,0.76441652,1.5749909,19.973602,31.458242,0.84397788,1.426646,21.239322,30.300994
experiment_0a_best,file,16,,11579,197.Marsh_Wren/Marsh_Wren_0094_188710.jpg,197,196,197.Marsh_Wren,193,192,random_resized_crop,random_resized_crop,0,"{""area_fraction"":0.550486,""aspect"":1.079411,""fallback"":false,""height"":0.714134,""left"":0.213234,""top"":0.139145,""width"":0.770844}",0.37576646,1.3845659,1.0087995,0.68676269,0.25043246,0.11889236,0.035014067,0.56787033,0.21541839,-0.35245194,0.54331701,3.7082802,48.375594,179.39026,False,0.89846563,True,True,True,0.54331701,3.7082802,48.375594,179.39026,0.53786168,3.7523505,47.440014,178.01156,0.82215473,2.3445215,9.4680066,22.197945,0.53346537,4.5092079,12.480572,56.277496,0.47464158,4.0363572,22.988403,92.789405,0.58032656,4.0948,26.763221,109.59004,0.51554782,3.4150654,19.973602,68.211157,0.62002242,2.6834321,21.239322,56.99428
experiment_0a_best,file,16,,11579,197.Marsh_Wren/Marsh_Wren_0094_188710.jpg,197,196,197.Marsh_Wren,193,192,gaussian_blur,gaussian_blur,0,"{""sigma"":1.064016}",0.37576646,5.0609326,4.6851662,0.68676269,0.0063396436,0.11889236,0.00034098345,0.56787033,0.0059986602,-0.56187167,0.35908863,6.6533774,48.375594,321.86108,False,0.83938307,False,True,False,0.35908863,6.6533774,48.375594,321.86108,0.35443147,6.7372142,47.440014,319.61354,0.60370174,4.0103776,9.4680066,37.970282,0.26215482,5.6147606,12.480572,70.075426,0.28811212,6.7300602,22.988403,154.71333,0.43583066,8.2071642,26.763221,219.65015,0.32633871,6.1928619,19.973602,123.69376,0.35828385,4.6513342,21.239322,98.791188
experiment_0a_best,file,16,,11579,197.Marsh_Wren/Marsh_Wren_0094_188710.jpg,197,196,197.Marsh_Wren,193,192,random_erasing,random_erasing,0,"{""area_fraction"":0.167045,""erased"":true,""height"":0.70258,""left"":0.402744,""top"":0.259077,""width"":0.23776}",0.37576646,4.3166399,3.9408734,0.68676269,0.013344646,0.11889236,0.0022163074,0.56787033,0.011128339,-0.55674199,0.30758406,3.5999578,48.375594,174.1501,False,0.61386073,False,True,False,0.30758406,3.5999578,48.375594,174.1501,0.29919064,3.6165538,47.440014,171.56936,0.5519246,3.1548218,9.4680066,29.869873,0.32104587,2.9528403,12.480572,36.853137,0.17772694,4.1696967,22.988403,95.854666,0.39072231,3.3502574,26.763221,89.66368,0.2775479,3.4646867,19.973602,69.202274,0.34752192,3.6655596,21.239322,77.854002
experiment_0a_best,file,16,,7688,132.White_crowned_Sparrow/White_Crowned_Sparrow_0087_128008.jpg,132,131,132.White_crowned_Sparrow,159,158,identity,identity,0,{},1.2936918,1.2936918,0,0.27425644,0.27425644,0.09751457,0.09751457,0.17674187,0.17674187,0,1,1,100.91184,100.91184,False,1,True,True,True,1,1,100.91184,100.91184,1,1,99.085089,99.085089,1,1,19.114002,19.114002,1,1,15.942268,15.942268,1,1,38.93779,38.93779,1,1,50.499809,50.499809,1,1,50.155624,50.155624,1,1,54.60522,54.60522
experiment_0a_best,file,16,,7688,132.White_crowned_Sparrow/White_Crowned_Sparrow_0087_128008.jpg,132,131,132.White_crowned_Sparrow,159,158,horizontal_flip,horizontal_flip,0,"{""flipped"":true}",1.2936918,1.1643711,-0.12932062,0.27425644,0.31211889,0.09751457,0.024003252,0.17674187,0.28811564,0.11137377,0.6125934,0.88636563,100.91184,89.444789,False,0.94301069,True,True,True,0.6125934,0.88636563,100.91184,89.444789,0.59990375,0.88238796,99.085089,87.431489,0.92108532,0.98727328,19.114002,18.870744,0.36265983,1.0033041,15.942268,15.994943,0.45400698,0.87560871,38.93779,34.094268,0.6062234,0.88944739,50.499809,44.916924,0.57410412,0.86367631,50.155624,43.318225,0.7127372,0.88436385,54.60522,48.290883
experiment_0a_best,file,16,,7688,132.White_crowned_Sparrow/White_Crowned_Sparrow_0087_128008.jpg,132,131,132.White_crowned_Sparrow,159,158,color_jitter,color_jitter,0,"{""brightness"":0.71096,""contrast"":0.969036,""hue"":-0.007463,""saturation"":0.623073}",1.2936918,2.3382771,1.0445853,0.27425644,0.096493736,0.09751457,0.22335899,0.17674187,-0.12686525,-0.30360712,0.76357037,1.3170101,100.91184,132.90192,False,0.94475454,False,True,False,0.76357037,1.3170101,100.91184,132.90192,0.7578159,1.3195071,99.085089,130.74347,0.92820796,1.2480417,19.114002,23.855072,0.42959785,1.7349297,15.942268,27.658714,0.69317285,1.5770283,38.93779,61.405994,0.77919973,1.3454434,50.499809,67.944634,0.78937111,1.2491054,50.155624,62.64966,0.81384751,1.1606484,54.60522,63.377459
experiment_0a_best,file,16,,7688,132.White_crowned_Sparrow/White_Crowned_Sparrow_0087_128008.jpg,132,131,132.White_crowned_Sparrow,159,158,rotation,rotation,0,"{""angle"":-0.160633}",1.2936918,1.1284304,-0.16526139,0.27425644,0.32354069,0.09751457,0.068867072,0.17674187,0.25467362,0.077931747,0.9659138,0.90274399,100.91184,91.097559,False,0.99809337,True,True,True,0.9659138,0.90274399,100.91184,91.097559,0.96473824,0.90091838,99.085089,89.267578,0.99719026,0.95049084,19.114002,18.167684,0.92467722,0.98745087,15.942268,15.742207,0.93145054,0.83510407,38.93779,32.517107,0.9653615,0.90619038,50.499809,45.762441,0.96982007,0.90887931,50.155624,45.58541,0.98091004,0.91406701,54.60522,49.91283
experiment_0a_best,file,16,,7688,132.White_crowned_Sparrow/White_Crowned_Sparrow_0087_128008.jpg,132,131,132.White_crowned_Sparrow,159,158,random_resized_crop,random_resized_crop,0,"{""area_fraction"":0.624229,""aspect"":1.007171,""fallback"":false,""height"":0.787264,""left"":0.038183,""top"":0.163319,""width"":0.792909}",1.2936918,1.4842249,0.19053316,0.27425644,0.22667797,0.09751457,0.060418095,0.17674187,0.16625987,-0.010481995,0.62877113,0.98633248,100.91184,99.532628,False,0.90215015,True,True,True,0.62877113,0.98633248,100.91184,99.532628,0.61836737,0.98381874,99.085089,97.481768,0.89166455,1.0516357,19.114002,20.100968,0.52433681,1.3120035,15.942268,20.916312,0.53168708,0.97872634,38.93779,38.10944,0.56641441,0.96914372,50.499809,48.941573,0.6301662,0.96385054,50.155624,48.342526,0.71011218,0.98289477,54.60522,53.671186
experiment_0a_best,file,16,,7688,132.White_crowned_Sparrow/White_Crowned_Sparrow_0087_128008.jpg,132,131,132.White_crowned_Sparrow,159,158,gaussian_blur,gaussian_blur,0,"{""sigma"":1.494734}",1.2936918,3.3147454,2.0210537,0.27425644,0.036343295,0.09751457,0.0058051832,0.17674187,0.030538112,-0.14620376,0.37265857,1.8569855,100.91184,187.39183,False,0.87546933,False,True,False,0.37265857,1.8569855,100.91184,187.39183,0.35970909,1.8652281,99.085089,184.81629,0.77695762,1.6198515,19.114002,30.961844,0.40654452,2.8986946,15.942268,46.211767,0.14244574,2.007823,38.93779,78.180191,0.27434097,1.8814176,50.499809,95.01123,0.40046358,1.8404242,50.155624,92.307623,0.53747287,1.674594,54.60522,91.441575
experiment_0a_best,file,16,,7688,132.White_crowned_Sparrow/White_Crowned_Sparrow_0087_128008.jpg,132,131,132.White_crowned_Sparrow,159,158,random_erasing,random_erasing,0,"{""area_fraction"":0.155934,""erased"":true,""height"":0.655972,""left"":0.315334,""top"":0.110228,""width"":0.237715}",1.2936918,2.6818566,1.3881649,0.27425644,0.068435974,0.09751457,0.09680374,0.17674187,-0.028367765,-0.20510963,0.69088137,1.1398726,100.91184,115.02665,False,0.91597879,False,True,False,0.69088137,1.1398726,100.91184,115.02665,0.68206073,1.1324584,99.085089,112.20975,0.90174976,1.3236497,19.114002,25.300243,0.5572069,1.3078751,15.942268,20.850496,0.68608917,1.1884362,38.93779,46.275077,0.65369461,1.0995945,50.499809,55.529311,0.69659855,1.1800974,50.155624,59.188521,0.70715214,1.0722438,54.60522,58.550111
experiment_0a_best,file,16,,6623,114.Black_throated_Sparrow/Black_Throated_Sparrow_0033_107042.jpg,114,113,114.Black_throated_Sparrow,85,84,identity,identity,0,{},0.0014094905,0.0014094905,0,0.99859148,0.99859148,0.00090158323,0.00090158323,0.9976899,0.9976899,0,1,1,0.2116388,0.2116388,False,0.99999994,True,True,True,1,1,0.2116388,0.2116388,1,1,0.20483181,0.20483181,1,1,0.053243905,0.053243905,1,1,0.050025055,0.050025055,1,1,0.089907423,0.089907423,1,1,0.094283757,0.094283757,1,1,0.0989206,0.0989206,1,1,0.11267433,0.11267433
experiment_0a_best,file,16,,6623,114.Black_throated_Sparrow/Black_Throated_Sparrow_0033_107042.jpg,114,113,114.Black_throated_Sparrow,85,84,horizontal_flip,horizontal_flip,0,"{""flipped"":true}",0.0014094905,0.00068116823,-0.00072832225,0.99859148,0.99931908,0.00090158323,0.00038406099,0.9976899,0.99893502,0.0012451161,0.69701686,0.47912246,0.2116388,0.1014009,False,0.98966604,True,True,True,0.69701686,0.47912246,0.2116388,0.1014009,0.67778804,0.47975228,0.20483181,0.098268526,0.98783435,0.46970255,0.053243905,0.025008798,0.51678662,0.35277378,0.050025055,0.017647528,0.54068754,0.47483427,0.089907423,0.042691126,0.6627055,0.49499678,0.094283757,0.046670157,0.6434412,0.47405127,0.0989206,0.046893436,0.82452381,0.49777074,0.11267433,0.056085987
experiment_0a_best,file,16,,6623,114.Black_throated_Sparrow/Black_Throated_Sparrow_0033_107042.jpg,114,113,114.Black_throated_Sparrow,85,84,color_jitter,color_jitter,0,"{""brightness"":0.773013,""contrast"":1.314996,""hue"":0.05536,""saturation"":0.866379}",0.0014094905,0.003754948,0.0023454576,0.99859148,0.99625212,0.00090158323,0.0025438089,0.9976899,0.99370831,-0.0039815888,0.81372514,2.4947943,0.2116388,0.52799527,False,0.98125219,True,True,True,0.81372514,2.4947943,0.2116388,0.52799527,0.80222913,2.4910056,0.20483181,0.51023718,0.98012376,2.5502077,0.053243905,0.13578302,0.78285876,2.1648474,0.050025055,0.10829661,0.68813426,2.1054178,0.089907423,0.18929269,0.7512445,2.4103865,0.094283757,0.22726029,0.82149772,2.6781748,0.0989206,0.26492666,0.89067648,2.6765373,0.11267433,0.30157706
experiment_0a_best,file,16,,6623,114.Black_throated_Sparrow/Black_Throated_Sparrow_0033_107042.jpg,114,113,114.Black_throated_Sparrow,85,84,rotation,rotation,0,"{""angle"":5.838589}",0.0014094905,0.00062267465,-0.00078681583,0.99859148,0.99937755,0.00090158323,0.00020384946,0.9976899,0.9991737,0.0014837998,0.66884722,0.37899559,0.2116388,0.080210171,False,0.97675002,True,True,True,0.66884722,0.37899559,0.2116388,0.080210171,0.64987292,0.37803104,0.20483181,0.07743278,0.93944163,0.39299398,0.053243905,0.020924534,0.7331279,0.33808787,0.050025055,0.016912864,0.30570164,0.24729322,0.089907423,0.022233496,0.52553321,0.3895125,0.094283757,0.036724702,0.70619748,0.38780331,0.0989206,0.038361736,0.82994134,0.43435022,0.11267433,0.048940122
experiment_0a_best,file,16,,6623,114.Black_throated_Sparrow/Black_Throated_Sparrow_0033_107042.jpg,114,113,114.Black_throated_Sparrow,85,84,random_resized_crop,random_resized_crop,0,"{""area_fraction"":0.531905,""aspect"":1.051333,""fallback"":false,""height"":0.71129,""left"":0.141862,""top"":0.214555,""width"":0.747803}",0.0014094905,0.0017421559,0.0003326654,0.99859148,0.99825937,0.00090158323,0.00065277913,0.9976899,0.99760659,-8.3312974e-05,0.66062308,1.1357038,0.2116388,0.240359,False,0.96957147,True,True,True,0.66062308,1.1357038,0.2116388,0.240359,0.64290051,1.1400836,0.20483181,0.23352538,0.94170522,1.0687881,0.053243905,0.056906453,0.70581257,1.0217768,0.050025055,0.051114439,0.5076191,1.0302026,0.089907423,0.092622857,0.58798021,1.1220557,0.094283757,0.10579163,0.64066875,1.184619,0.0989206,0.11718322,0.74739467,1.2044919,0.11267433,0.13571532
experiment_0a_best,file,16,,6623,114.Black_throated_Sparrow/Black_Throated_Sparrow_0033_107042.jpg,114,113,114.Black_throated_Sparrow,85,84,gaussian_blur,gaussian_blur,0,"{""sigma"":1.028333}",0.0014094905,0.00066043972,-0.00074905076,0.99859148,0.99933976,0.00090158323,0.00046561073,0.9976899,0.99887415,0.0011842492,0.73757845,0.49084274,0.2116388,0.10388137,False,0.97848165,True,True,True,0.73757845,0.49084274,0.2116388,0.10388137,0.7209369,0.48981662,0.20483181,0.10033002,0.9764483,0.50578576,0.053243905,0.026930009,0.76409002,0.51289328,0.050025055,0.025657515,0.60839045,0.4724313,0.089907423,0.042475081,0.67423452,0.51079213,0.094283757,0.048159401,0.7138042,0.47798622,0.0989206,0.047282684,0.82163807,0.49004034,0.11267433,0.05521497
experiment_0a_best,file,16,,6623,114.Black_throated_Sparrow/Black_Throated_Sparrow_0033_107042.jpg,114,113,114.Black_throated_Sparrow,85,84,random_erasing,random_erasing,0,"{""area_fraction"":0.136197,""erased"":true,""height"":0.309951,""left"":0.5174,""top"":0.575129,""width"":0.439415}",0.0014094905,0.0036971092,0.0022876187,0.99859148,0.9963097,0.00090158323,0.0018123187,0.9976899,0.99449738,-0.0031925205,0.90141108,2.5867424,0.2116388,0.54745506,False,0.99237746,True,True,True,0.90141108,2.5867424,0.2116388,0.54745506,0.89702963,2.6078414,0.20483181,0.53416886,0.98572727,2.2514823,0.053243905,0.11987771,0.94762272,2.5501729,0.050025055,0.12757254,0.91660631,2.9750396,0.089907423,0.26747814,0.87056301,2.5936342,0.094283757,0.24453758,0.87350131,2.5235166,0.0989206,0.24962777,0.91843718,2.4371001,0.11267433,0.27459863
experiment_0a_best,file,16,,2550,045.Northern_Fulmar/Northern_Fulmar_0083_43618.jpg,45,44,045.Northern_Fulmar,72,71,identity,identity,0,{},2.1463928,2.1463928,0,0.11690511,0.11690511,0.30533016,0.30533016,-0.18842505,-0.18842505,0,1,1,187.56849,187.56849,False,0.99999994,True,False,False,1,1,187.56849,187.56849,1,1,184.56386,184.56386,1,1,33.438335,33.438335,1,1,50.560023,50.560023,1,1,82.945465,82.945465,1,1,96.117237,96.117237,1,1,85.947014,85.947014,1,1,89.454677,89.454677
experiment_0a_best,file,16,,2550,045.Northern_Fulmar/Northern_Fulmar_0083_43618.jpg,45,44,045.Northern_Fulmar,72,71,horizontal_flip,horizontal_flip,0,"{""flipped"":true}",2.1463928,2.7672656,0.62087274,0.11690511,0.062833585,0.30533016,0.48913503,-0.18842505,-0.42630144,-0.23787639,0.56415804,1.1088595,187.56849,207.98711,False,0.93075681,True,False,False,0.56415804,1.1088595,187.56849,207.98711,0.55380155,1.1108416,184.56386,205.02122,0.89998158,1.0466765,33.438335,34.999118,0.53694311,1.324246,50.560023,66.953909,0.45891767,1.0796036,82.945465,89.548219,0.49429581,1.047877,96.117237,100.71904,0.56050624,1.1203327,85.947014,96.289254,0.70082053,1.124352,89.454677,100.57855
experiment_0a_best,file,16,,2550,045.Northern_Fulmar/Northern_Fulmar_0083_43618.jpg,45,44,045.Northern_Fulmar,72,71,color_jitter,color_jitter,0,"{""brightness"":0.681194,""contrast"":0.899841,""hue"":0.02548,""saturation"":1.396315}",2.1463928,1.818156,-0.32823682,0.11690511,0.16232482,0.30533016,0.14031488,-0.18842505,0.022009939,0.21043499,0.78324002,0.9339118,187.56849,175.17243,False,0.94137251,False,False,False,0.78324002,0.9339118,187.56849,175.17243,0.77918639,0.9358137,184.56386,172.71739,0.91724636,0.87398865,33.438335,29.224725,0.76480801,1.0728551,50.560023,54.243579,0.72677081,0.98157477,82.945465,81.417175,0.79102145,0.92975772,96.117237,89.365743,0.78781965,0.88703568,85.947014,76.238068,0.81718401,0.89860773,89.454677,80.384664
experiment_0a_best,file,16,,2550,045.Northern_Fulmar/Northern_Fulmar_0083_43618.jpg,45,44,045.Northern_Fulmar,72,71,rotation,rotation,0,"{""angle"":-10.501813}",2.1463928,5.6556163,3.5092235,0.11690511,0.0034978159,0.30533016,0.4709965,-0.18842505,-0.46749868,-0.27907363,0.66759944,0.93789804,187.56849,175.92012,False,0.87680244,True,False,False,0.66759944,0.93789804,187.56849,175.92012,0.66105386,0.93358394,184.56386,172.30585,0.84834207,1.060953,33.438335,35.476501,0.68297469,0.94511125,50.560023,47.784847,0.70015905,0.78997597,82.945465,65.524924,0.64926741,0.84897483,96.117237,81.601115,0.63250697,1.0356511,85.947014,89.011118,0.68212209,1.0324969,89.454677,92.361675
experiment_0a_best,file,16,,2550,045.Northern_Fulmar/Northern_Fulmar_0083_43618.jpg,45,44,045.Northern_Fulmar,72,71,random_resized_crop,random_resized_crop,0,"{""area_fraction"":0.654157,""aspect"":0.792817,""fallback"":false,""height"":0.908353,""left"":0.186437,""top"":0.035654,""width"":0.720157}",2.1463928,3.4505544,1.3041615,0.11690511,0.031728044,0.30533016,0.26915091,-0.18842505,-0.23742287,-0.048997819,0.65752416,1.0232982,187.56849,191.9385,False,0.93726718,True,False,False,0.65752416,1.0232982,187.56849,191.9385,0.64922096,1.0239338,184.56386,188.98118,0.91569823,1.0037401,33.438335,33.563398,0.45902773,0.91738155,50.560023,46.382832,0.52382468,0.99729143,82.945465,82.720801,0.66361548,1.0568127,96.117237,101.57791,0.68933406,1.0341209,85.947014,88.879601,0.75514821,1.0307679,89.454677,92.207007
experiment_0a_best,file,16,,2550,045.Northern_Fulmar/Northern_Fulmar_0083_43618.jpg,45,44,045.Northern_Fulmar,72,71,gaussian_blur,gaussian_blur,0,"{""sigma"":1.615922}",2.1463928,4.0112438,1.864851,0.11690511,0.018110851,0.30533016,0.16780692,-0.18842505,-0.14969607,0.038728977,0.61823397,1.0347089,187.56849,194.0788,False,0.90421283,True,False,False,0.61823397,1.0347089,187.56849,194.0788,0.6114605,1.0393233,184.56386,191.82152,0.8692657,0.88264389,33.438335,29.514142,0.60668301,1.039095,50.560023,52.536666,0.43125032,0.98223069,82.945465,81.471581,0.63661953,1.0408033,96.117237,100.03914,0.64073128,1.0616481,85.947014,91.245487,0.70165858,1.0642946,89.454677,95.206126
experiment_0a_best,file,16,,2550,045.Northern_Fulmar/Northern_Fulmar_0083_43618.jpg,45,44,045.Northern_Fulmar,72,71,random_erasing,random_erasing,0,"{""area_fraction"":0.08655,""erased"":true,""height"":0.343346,""left"":0.365974,""top"":0.21389,""width"":0.252079}",2.1463928,4.7829409,2.636548,0.11690511,0.0083713457,0.30533016,0.52433479,-0.18842505,-0.51596344,-0.32753839,0.79415228,1.0948204,187.56849,205.35381,False,0.94996166,True,False,False,0.79415228,1.0948204,187.56849,205.35381,0.78969138,1.0936484,184.56386,201.84797,0.92609839,1.1299431,33.438335,37.783414,0.84799959,1.1850227,50.560023,59.914773,0.7924097,1.0009083,82.945465,83.020802,0.79314738,1.0029088,96.117237,96.396824,0.75049757,1.1874745,85.947014,102.05989,0.8120082,1.1483129,89.454677,102.72196
experiment_0a_best,file,16,,6381,109.American_Redstart/American_Redstart_0031_102890.jpg,109,108,109.American_Redstart,166,165,identity,identity,0,{},0.012922473,0.012922473,0,0.98716068,0.98716068,0.004462013,0.004462013,0.98269867,0.98269867,0,1,1,1.9245862,1.9245862,False,1,True,True,True,1,1,1.9245862,1.9245862,1,1,1.8799532,1.8799532,1,1,0.41207753,0.41207753,1,1,0.39629107,0.39629107,1,1,0.79530164,0.79530164,1,1,0.96453955,0.96453955,1,1,0.92532582,0.92532582,1,1,0.9788301,0.9788301
experiment_0a_best,file,16,,6381,109.American_Redstart/American_Redstart_0031_102890.jpg,109,108,109.American_Redstart,166,165,horizontal_flip,horizontal_flip,0,"{""flipped"":true}",0.012922473,0.085746624,0.07282415,0.98716068,0.91782677,0.004462013,0.010891872,0.98269867,0.9069349,-0.075763769,0.65108802,5.4504047,1.9245862,10.489774,False,0.97482371,True,True,True,0.65108802,5.4504047,1.9245862,10.489774,0.6376602,5.4670395,1.8799532,10.277779,0.95272975,5.0918617,0.41207753,2.0982418,0.67662662,6.1113419,0.39629107,2.4218702,0.66383924,5.4264938,0.79530164,4.3156994,0.57667079,5.2967933,0.96453955,5.1089666,0.58602148,5.4410899,0.92532582,5.034781,0.71638547,5.566836,0.9788301,5.4489866
experiment_0a_best,file,16,,6381,109.American_Redstart/American_Redstart_0031_102890.jpg,109,108,109.American_Redstart,166,165,color_jitter,color_jitter,0,"{""brightness"":0.935355,""contrast"":1.341865,""hue"":-0.03961,""saturation"":1.201679}",0.012922473,0.020795293,0.0078728199,0.98716068,0.97941941,0.004462013,0.00010916256,0.98269867,0.97931025,-0.003388422,0.30490222,2.1068345,1.9245862,4.0547845,False,0.91180426,True,True,True,0.30490222,2.1068345,1.9245862,4.0547845,0.2894183,2.119102,1.8799532,3.9838127,0.68056269,1.8329653,0.41207753,0.75532381,-0.21886107,2.3536118,0.39629107,0.93271536,0.18995267,1.9366652,0.79530164,1.540233,0.22889388,2.16953,0.96453955,2.0925975,0.27899263,2.217303,0.92532582,2.0517278,0.52053671,2.0534303,0.9788301,2.0099594
experiment_0a_best,file,16,,6381,109.American_Redstart/American_Redstart_0031_102890.jpg,109,108,109.American_Redstart,166,165,rotation,rotation,0,"{""angle"":-2.668414}",0.012922473,0.021618551,0.0086960774,0.98716068,0.97861344,0.004462013,0.004629463,0.98269867,0.97398397,-0.0087146964,0.84856771,1.6485816,1.9245862,3.1728374,False,0.98359489,True,True,True,0.84856771,1.6485816,1.9245862,3.1728374,0.84285859,1.6501933,1.8799532,3.1022863,0.9701979,1.6146715,0.41207753,0.66536984,0.88524045,2.1232341,0.39629107,0.8414187,0.84921177,1.7267082,0.79530164,1.3732538,0.81890972,1.592017,0.96453955,1.5355633,0.826893,1.6026386,0.92532582,1.4829629,0.87403462,1.6066651,0.9788301,1.5726522
experiment_0a_best,file,16,,6381,109.American_Redstart/American_Redstart_0031_102890.jpg,109,108,109.American_Redstart,166,165,random_resized_crop,random_resized_crop,0,"{""area_fraction"":0.635039,""aspect"":0.990949,""fallback"":false,""height"":0.800525,""left"":0.134106,""top"":0.034881,""width"":0.793279}",0.012922473,0.13336578,0.12044331,0.98716068,0.8751449,0.004462013,0.0066220812,0.98269867,0.86852282,-0.11417585,0.6276112,9.9261569,1.9245862,19.103744,False,0.92693806,True,True,True,0.6276112,9.9261569,1.9245862,19.103744,0.61791015,9.9972623,1.8799532,18.794385,0.88088497,8.3092403,0.41207753,3.4240512,0.50069514,16.436106,0.39629107,6.5134819,0.6575294,11.463486,0.79530164,9.1169288,0.57507405,8.9043795,0.96453955,8.5886261,0.61991449,9.5147378,0.92532582,8.8042325,0.69636697,8.9301064,0.9788301,8.7410569
experiment_0a_best,file,16,,6381,109.American_Redstart/American_Redstart_0031_102890.jpg,109,108,109.American_Redstart,166,165,gaussian_blur,gaussian_blur,0,"{""sigma"":1.238248}",0.012922473,0.069712333,0.05678986,0.98716068,0.93266207,0.004462013,0.018200133,0.98269867,0.91446194,-0.068236733,0.47760102,7.471522,1.9245862,14.379588,False,0.9208132,True,True,True,0.47760102,7.471522,1.9245862,14.379588,0.46410489,7.5618626,1.8799532,14.215948,0.9133285,5.249465,0.41207753,2.1631865,0.1676536,13.785828,0.39629107,5.4632007,0.4354749,8.793401,0.79530164,6.9934062,0.4271758,7.9787329,0.96453955,7.6958034,0.52649839,6.7971625,0.92532582,6.28959,0.69752843,5.0624261,0.9788301,4.955255
experiment_0a_best,file,16,,6381,109.American_Redstart/American_Redstart_0031_102890.jpg,109,108,109.American_Redstart,166,165,random_erasing,random_erasing,0,"{""area_fraction"":0.138871,""erased"":true,""height"":0.217889,""left"":0.046172,""top"":0.311348,""width"":0.637349}",0.012922473,0.052115519,0.039193045,0.98716068,0.94921923,0.004462013,0.02505438,0.98269867,0.92416485,-0.058533823,0.7981516,4.8545202,1.9245862,9.3429424,False,0.97145629,True,True,True,0.7981516,4.8545202,1.9245862,9.3429424,0.79179424,4.8799282,1.8799532,9.1740368,0.95492904,4.2916884,0.41207753,1.7685084,0.83830842,5.3222706,0.39629107,2.1091683,0.84455655,5.4860581,0.79530164,4.363071,0.77372594,4.8348473,0.96453955,4.6634014,0.7639242,4.7966651,0.92532582,4.4384781,0.79369969,4.480111,0.9788301,4.3852675
experiment_0a_best,file,16,,10708,182.Yellow_Warbler/Yellow_Warbler_0067_176856.jpg,182,181,182.Yellow_Warbler,180,179,identity,identity,0,{},0.085508399,0.085508399,0,0.91804546,0.91804546,0.056279268,0.056279268,0.86176619,0.86176619,0,1,1,17.314974,17.314974,False,0.99999994,True,True,True,1,1,17.314974,17.314974,1,1,17.019278,17.019278,1,1,3.1863032,3.1863032,1,1,6.2082897,6.2082897,1,1,7.459131,7.459131,1,1,10.018237,10.018237,1,1,7.7370876,7.7370876,1,1,5.9368944,5.9368944
experiment_0a_best,file,16,,10708,182.Yellow_Warbler/Yellow_Warbler_0067_176856.jpg,182,181,182.Yellow_Warbler,180,179,horizontal_flip,horizontal_flip,0,"{""flipped"":true}",0.085508399,0.088058151,0.0025497526,0.91804546,0.91570765,0.056279268,0.0074617942,0.86176619,0.90824585,0.046479661,0.39984292,1.0945584,17.314974,18.95225,False,0.97408569,True,True,True,0.39984292,1.0945584,17.314974,18.95225,0.38749604,1.0950933,17.019278,18.637696,0.75733827,1.0791858,3.1863032,3.4386133,0.26134609,1.1110089,6.2082897,6.8974649,0.2813187,1.2046808,7.459131,8.9858722,0.5035537,0.9600608,10.018237,9.6181167,0.3837121,1.0694855,7.7370876,8.2747027,0.43723198,1.2834942,5.9368944,7.6199695
experiment_0a_best,file,16,,10708,182.Yellow_Warbler/Yellow_Warbler_0067_176856.jpg,182,181,182.Yellow_Warbler,180,179,color_jitter,color_jitter,0,"{""brightness"":0.770891,""contrast"":1.276105,""hue"":-0.005714,""saturation"":1.142387}",0.085508399,0.014599518,-0.070908881,0.91804546,0.98550653,0.056279268,0.0054680123,0.86176619,0.98003852,0.11827233,0.84056411,0.15952899,17.314974,2.7622404,False,0.9825238,True,True,True,0.84056411,0.15952899,17.314974,2.7622404,0.83700673,0.15929353,17.019278,2.7110608,0.93860623,0.1661063,3.1863032,0.52926505,0.80899711,0.12958145,6.2082897,0.8044792,0.79985249,0.15563313,7.459131,1.1608879,0.8735009,0.16876661,10.018237,1.6907439,0.84244582,0.15588564,7.7370876,1.2061009,0.82451526,0.17191504,5.9368944,1.0206415
experiment_0a_best,file,16,,10708,182.Yellow_Warbler/Yellow_Warbler_0067_176856.jpg,182,181,182.Yellow_Warbler,180,179,rotation,rotation,0,"{""angle"":-6.37114}",0.085508399,0.082565948,-0.0029424503,0.91804546,0.92075074,0.056279268,0.029581044,0.86176619,0.89116969,0.0294035,0.80073558,0.96056451,17.314974,16.63215,False,0.97405005,True,True,True,0.80073558,0.96056451,17.314974,16.63215,0.79687063,0.9633663,17.019278,16.395798,0.92531824,0.87686534,3.1863032,2.7939589,0.87374849,0.85158971,6.2082897,5.2869156,0.77284013,0.91031732,7.459131,6.7901761,0.82179493,1.0036295,10.018237,10.054598,0.75928615,0.98747411,7.7370876,7.6401737,0.7620221,1.0007136,5.9368944,5.9411312
experiment_0a_best,file,16,,10708,182.Yellow_Warbler/Yellow_Warbler_0067_176856.jpg,182,181,182.Yellow_Warbler,180,179,random_resized_crop,random_resized_crop,0,"{""area_fraction"":0.551418,""aspect"":1.132765,""fallback"":false,""height"":0.697703,""left"":0.044502,""top"":0.059599,""width"":0.790333}",0.085508399,0.6539349,0.5684265,0.91804546,0.51999563,0.056279268,0.3333987,0.86176619,0.18659693,-0.67516926,0.76005835,5.5038244,17.314974,95.298579,False,0.94102353,True,True,True,0.76005835,5.5038244,17.314974,95.298579,0.75384722,5.5072264,17.019278,93.729014,0.94071377,5.4058637,3.1863032,17.224721,0.70188564,3.9078793,6.2082897,24.261247,0.64231822,4.7074899,7.459131,35.113783,0.82371363,5.9208485,10.018237,59.316465,0.77650912,5.9315005,7.7370876,45.892539,0.75204394,6.1634912,5.9368944,36.591996
experiment_0a_best,file,16,,10708,182.Yellow_Warbler/Yellow_Warbler_0067_176856.jpg,182,181,182.Yellow_Warbler,180,179,gaussian_blur,gaussian_blur,0,"{""sigma"":1.217901}",0.085508399,1.165768,1.0802596,0.91804546,0.31168318,0.056279268,0.28298363,0.86176619,0.028699547,-0.83306665,0.66985398,6.9783263,17.314974,120.82954,False,0.91751581,True,True,True,0.66985398,6.9783263,17.314974,120.82954,0.66366977,6.9985188,17.019278,119.10973,0.86636307,6.3753418,3.1863032,20.313772,0.59640524,5.2745002,6.2082897,32.745625,0.52239754,7.0338697,7.459131,52.466555,0.72402995,6.8819976,10.018237,68.945484,0.71030981,7.6488034,7.7370876,59.179462,0.71325482,7.7306081,5.9368944,45.895804
experiment_0a_best,file,16,,10708,182.Yellow_Warbler/Yellow_Warbler_0067_176856.jpg,182,181,182.Yellow_Warbler,180,179,random_erasing,random_erasing,0,"{""area_fraction"":0.097871,""erased"":true,""height"":0.306374,""left"":0.204553,""top"":0.135379,""width"":0.319449}",0.085508399,2.0881114,2.002603,0.91804546,0.12392095,0.056279268,0.70149815,0.86176619,-0.5775772,-1.4393434,0.83602312,10.062954,17.314974,174.23979,False,0.91710329,False,True,False,0.83602312,10.062954,17.314974,174.23979,0.83403259,10.072625,17.019278,171.42879,0.89483908,9.7830249,3.1863032,31.171684,0.93764312,8.7336169,6.2082897,54.220823,0.83757145,9.7766915,7.459131,72.925622,0.86960994,9.6161455,10.018237,96.336826,0.79001383,10.855266,7.7370876,83.988146,0.75280326,11.663657,5.9368944,69.245899
experiment_0a_best,file,16,,479,009.Brewer_Blackbird/Brewer_Blackbird_0116_2327.jpg,9,8,009.Brewer_Blackbird,26,25,identity,identity,0,{},0.11170559,0.11170559,0,0.89430749,0.89430749,0.061962347,0.061962347,0.83234515,0.83234515,0,1,1,19.566635,19.566635,False,1,True,True,True,1,1,19.566635,19.566635,1,1,19.186606,19.186606,1,1,3.8376257,3.8376257,1,1,4.2740341,4.2740341,1,1,9.6075628,9.6075628,1,1,9.6596171,9.6596171,1,1,9.2242739,9.2242739,1,1,8.8970663,8.8970663
experiment_0a_best,file,16,,479,009.Brewer_Blackbird/Brewer_Blackbird_0116_2327.jpg,9,8,009.Brewer_Blackbird,26,25,horizontal_flip,horizontal_flip,0,"{""flipped"":true}",0.11170559,0.33892253,0.22721694,0.89430749,0.71253765,0.061962347,0.11457358,0.83234515,0.59796406,-0.23438108,0.72358403,2.9838754,19.566635,58.384402,False,0.96946949,True,True,True,0.72358403,2.9838754,19.566635,58.384402,0.71577054,2.9910975,19.186606,57.389009,0.93398648,2.7973007,3.8376257,10.734993,0.5979929,3.7258321,4.2740341,15.924334,0.72208636,3.1070861,9.6075628,29.851525,0.73490335,2.8712534,9.6596171,27.735208,0.68848713,2.9110967,9.2242739,26.852753,0.75737679,2.8842121,8.8970663,25.661026
experiment_0a_best,file,16,,479,009.Brewer_Blackbird/Brewer_Blackbird_0116_2327.jpg,9,8,009.Brewer_Blackbird,26,25,color_jitter,color_jitter,0,"{""brightness"":1.235766,""contrast"":1.088629,""hue"":0.062965,""saturation"":1.044742}",0.11170559,0.19156161,0.079856016,0.89430749,0.82566875,0.061962347,0.09175162,0.83234515,0.73391713,-0.098428015,0.87605621,1.6215769,19.566635,31.728805,False,0.98669434,True,True,True,0.87605621,1.6215769,19.566635,31.728805,0.87225619,1.6248974,19.186606,31.176267,0.97785148,1.5362481,3.8376257,5.895545,0.71666031,1.6421641,4.2740341,7.0186652,0.85863902,1.6383345,9.6075628,15.740402,0.86184897,1.6392475,9.6596171,15.834503,0.89518283,1.6067492,9.2242739,14.821094,0.91319614,1.6074732,8.8970663,14.301796
experiment_0a_best,file,16,,479,009.Brewer_Blackbird/Brewer_Blackbird_0116_2327.jpg,9,8,009.Brewer_Blackbird,26,25,rotation,rotation,0,"{""angle"":-2.157986}",0.11170559,0.25187668,0.14017109,0.89430749,0.77734059,0.061962347,0.14112729,0.83234515,0.6362133,-0.19613184,0.82917999,2.3158852,19.566635,45.314081,False,0.97820067,True,True,True,0.82917999,2.3158852,19.566635,45.314081,0.82421013,2.3247645,19.186606,44.60434,0.97280076,2.0816689,3.8376257,7.9886663,0.77418772,2.6342264,4.2740341,11.258773,0.78106781,2.2523782,9.6075628,21.639865,0.81555223,2.5256117,9.6596171,24.396442,0.85174997,2.2802994,9.2242739,21.034106,0.88213509,2.1233244,8.8970663,18.891358
experiment_0a_best,file,16,,479,009.Brewer_Blackbird/Brewer_Blackbird_0116_2327.jpg,9,8,009.Brewer_Blackbird,26,25,random_resized_crop,random_resized_crop,0,"{""area_fraction"":0.590801,""aspect"":1.25144,""fallback"":false,""height"":0.687093,""left"":0.055265,""top"":0.295973,""width"":0.859856}",0.11170559,1.6498787,1.5381731,0.89430749,0.19207321,0.061962347,0.37388781,0.83234515,-0.1818146,-1.0141597,0.55612607,6.7330149,19.566635,131.74245,False,0.87368536,False,True,False,0.55612607,6.7330149,19.566635,131.74245,0.54322449,6.7165845,19.186606,128.86846,0.86081354,7.1314232,3.8376257,27.367733,0.50198878,9.2530479,4.2740341,39.547843,0.55766134,7.0169542,9.6075628,67.415828,0.53167958,6.0558862,9.6596171,58.497542,0.50789655,6.2825044,9.2242739,57.951541,0.59939611,6.8532536,8.8970663,60.973852
experiment_0a_best,file,16,,479,009.Brewer_Blackbird/Brewer_Blackbird_0116_2327.jpg,9,8,009.Brewer_Blackbird,26,25,gaussian_blur,gaussian_blur,0,"{""sigma"":1.902511}",0.11170559,2.7407656,2.62906,0.89430749,0.064520933,0.061962347,0.16195492,0.83234515,-0.097433992,-0.92977914,0.36187304,6.910975,19.566635,135.22453,False,0.78312606,False,True,False,0.36187304,6.910975,19.566635,135.22453,0.34768189,6.9111309,19.186606,132.60115,0.71680385,6.9070752,3.8376257,26.50677,0.27848318,8.8326647,4.2740341,37.75111,0.31982832,5.242079,9.6075628,50.363604,0.30315029,7.1675723,9.6596171,69.236004,0.36839489,7.7491915,9.2242739,71.480665,0.44094313,6.8537188,8.8970663,60.97799
experiment_0a_best,file,16,,479,009.Brewer_Blackbird/Brewer_Blackbird_0116_2327.jpg,9,8,009.Brewer_Blackbird,26,25,random_erasing,random_erasing,0,"{""area_fraction"":0.074533,""erased"":true,""height"":0.201513,""left"":0.586803,""top"":0.263875,""width"":0.369868}",0.11170559,0.82630408,0.71459848,0.89430749,0.43766388,0.061962347,0.27738258,0.83234515,0.1602813,-0.67206385,0.74701263,4.6506508,19.566635,90.997589,False,0.92288089,True,True,True,0.74701263,4.6506508,19.566635,90.997589,0.74076587,4.6557061,19.186606,89.327198,0.90806094,4.5224545,3.8376257,17.355488,0.69001058,4.9209941,4.2740341,21.032497,0.71375193,4.0132532,9.6075628,38.557582,0.74904952,4.9403351,9.6596171,47.721745,0.73876175,4.8310738,9.2242739,44.563148,0.78217767,4.7514073,8.8970663,42.273586
experiment_0a_best,file,16,,4952,085.Horned_Lark/Horned_Lark_0138_74083.jpg,85,84,085.Horned_Lark,151,150,identity,identity,0,{},0.025806373,0.025806373,0,0.97452378,0.97452378,0.0052855969,0.0052855969,0.96923819,0.96923819,0,1,1,3.839434,3.839434,False,1,True,True,True,1,1,3.839434,3.839434,1,1,3.7551348,3.7551348,1,1,0.80013493,0.80013493,1,1,0.63298307,0.63298307,1,1,1.5926631,1.5926631,1,1,2.0636413,2.0636413,1,1,1.7764455,1.7764455,1,1,1.9363419,1.9363419
experiment_0a_best,file,16,,4952,085.Horned_Lark/Horned_Lark_0138_74083.jpg,85,84,085.Horned_Lark,151,150,horizontal_flip,horizontal_flip,0,"{""flipped"":true}",0.025806373,0.050245456,0.024439083,0.97452378,0.95099598,0.0052855969,0.0015612545,0.96923819,0.94943473,-0.019803459,0.53663241,2.2067932,3.839434,8.4728368,False,0.96294546,True,True,True,0.53663241,2.2067932,3.839434,8.4728368,0.52048508,2.2143095,3.7551348,8.3150306,0.92562604,2.0342135,0.80013493,1.6276453,0.50637932,2.4088381,0.63298307,1.5247537,0.49868619,2.2868268,1.5926631,3.6421447,0.44879498,2.2390462,2.0636413,4.6205881,0.45406731,2.2608503,1.7764455,4.0162773,0.68939799,2.0702212,1.9363419,4.0086562
experiment_0a_best,file,16,,4952,085.Horned_Lark/Horned_Lark_0138_74083.jpg,85,84,085.Horned_Lark,151,150,color_jitter,color_jitter,0,"{""brightness"":0.809392,""contrast"":1.313244,""hue"":0.099762,""saturation"":0.979307}",0.025806373,0.061000187,0.035193814,0.97452378,0.94082308,0.0052855969,0.037860945,0.96923819,0.90296213,-0.066276053,0.64094863,2.5558966,3.839434,9.8131963,False,0.93815625,True,True,True,0.64094863,2.5558966,3.839434,9.8131963,0.62996315,2.5499609,3.7551348,9.575447,0.87167958,2.6833052,0.80013493,2.1470062,0.47434043,2.8175516,0.63298307,1.7834625,0.50957299,2.8093186,1.5926631,4.474298,0.66726145,2.5359119,2.0636413,5.2332125,0.61408516,2.4273679,1.7764455,4.3120868,0.71569799,2.4501417,1.9363419,4.7443122
experiment_0a_best,file,16,,4952,085.Horned_Lark/Horned_Lark_0138_74083.jpg,85,84,085.Horned_Lark,151,150,rotation,rotation,0,"{""angle"":10.160309}",0.025806373,0.10539382,0.079587447,0.97452378,0.89997,0.0052855969,0.041875999,0.96923819,0.858094,-0.11114419,0.6814695,4.0863751,3.839434,15.689367,False,0.93057239,True,True,True,0.6814695,4.0863751,3.839434,15.689367,0.67200839,4.0953783,3.7551348,15.378697,0.90219253,3.8827865,0.80013493,3.1067531,0.68285487,4.8677016,0.63298307,3.0811727,0.65408423,4.3374244,1.5926631,6.9080559,0.6958623,3.9752952,2.0636413,8.2035832,0.6079249,4.1807154,1.7764455,7.426813,0.71783646,3.8933082,1.9363419,7.5387759
experiment_0a_best,file,16,,4952,085.Horned_Lark/Horned_Lark_0138_74083.jpg,85,84,085.Horned_Lark,151,150,random_resized_crop,random_resized_crop,0,"{""area_fraction"":0.750462,""aspect"":1.143151,""fallback"":false,""height"":0.810238,""left"":0.029279,""top"":0.060217,""width"":0.926224}",0.025806373,0.035193045,0.0093866717,0.97452378,0.96541905,0.0052855969,0.0098386416,0.96923819,0.95558041,-0.013657773,0.72464811,1.4781639,3.839434,5.6753128,False,0.95345414,True,True,True,0.72464811,1.4781639,3.839434,5.6753128,0.71553677,1.4832856,3.7551348,5.5699374,0.94604424,1.3604762,0.80013493,1.0885645,0.66391322,1.6235979,0.63298307,1.02771,0.68863477,1.6184339,1.5926631,2.57762,0.72002453,1.4762342,2.0636413,3.0464177,0.66773788,1.4980511,1.7764455,2.6612062,0.78761738,1.3625747,1.9363419,2.6384106
experiment_0a_best,file,16,,4952,085.Horned_Lark/Horned_Lark_0138_74083.jpg,85,84,085.Horned_Lark,151,150,gaussian_blur,gaussian_blur,0,"{""sigma"":1.233468}",0.025806373,0.60244435,0.57663798,0.97452378,0.54747176,0.0052855969,0.28753942,0.96923819,0.25993234,-0.70930585,0.56728108,20.75794,3.839434,79.698738,False,0.90898824,True,True,True,0.56728108,20.75794,3.839434,79.698738,0.55493309,20.781802,3.7551348,78.038468,0.84693555,20.225218,0.80013493,16.182903,0.42269551,19.878554,0.63298307,12.582788,0.46150468,21.085223,1.5926631,33.581657,0.61325022,22.203527,2.0636413,45.820114,0.52314175,20.132481,1.7764455,35.764254,0.59293938,19.49772,1.9363419,37.754252
experiment_0a_best,file,16,,4952,085.Horned_Lark/Horned_Lark_0138_74083.jpg,85,84,085.Horned_Lark,151,150,random_erasing,random_erasing,0,"{""area_fraction"":0.187036,""erased"":true,""height"":0.598173,""left"":0.454635,""top"":0.102315,""width"":0.312678}",0.025806373,5.5236425,5.4978362,0.97452378,0.0039912821,0.0052855969,0.00084055454,0.96923819,0.0031507275,-0.96608746,0.32673473,41.476027,3.839434,159.24447,False,0.73984706,False,True,False,0.32673473,41.476027,3.839434,159.24447,0.31068377,41.352095,3.7551348,155.28269,0.65875699,44.117503,0.80013493,35.299955,0.23417067,39.206665,0.63298307,24.817155,0.2890304,41.953563,1.5926631,66.817891,0.3126002,38.444079,2.0636413,79.334787,0.26992116,40.448913,1.7764455,71.855289,0.36250389,44.947889,1.9363419,87.034482
experiment_0a_best,file,16,,10656,181.Worm_eating_Warbler/Worm_Eating_Warbler_0074_176093.jpg,181,180,181.Worm_eating_Warbler,168,167,identity,identity,0,{},0.017978564,0.017978564,0,0.98218209,0.98218209,0.006534664,0.006534664,0.97564742,0.97564742,0,1,1,3.002538,3.002538,False,1,True,True,True,1,1,3.002538,3.002538,1,1,2.9404504,2.9404504,1,1,0.60744222,0.60744222,1,1,0.8550583,0.8550583,1,1,1.2463554,1.2463554,1,1,1.5758836,1.5758836,1,1,1.4350549,1.4350549,1,1,1.3486774,1.3486774
experiment_0a_best,file,16,,10656,181.Worm_eating_Warbler/Worm_Eating_Warbler_0074_176093.jpg,181,180,181.Worm_eating_Warbler,168,167,horizontal_flip,horizontal_flip,0,"{""flipped"":true}",0.017978564,0.0062781968,-0.011700367,0.98218209,0.99374145,0.006534664,0.00063606293,0.97564742,0.99310539,0.017457968,0.51270366,0.33662067,3.002538,1.0107164,False,0.97706151,True,True,True,0.51270366,0.33662067,3.002538,1.0107164,0.49441292,0.33585999,2.9404504,0.98757966,0.92004113,0.35397766,0.60744222,0.21502098,0.72238095,0.28316162,0.8550583,0.24211969,0.31130995,0.32606744,1.2463554,0.40639594,0.43030818,0.34791268,1.5758836,0.54826988,0.47348437,0.35216813,1.4350549,0.50538059,0.69307245,0.32786316,1.3486774,0.44218162
experiment_0a_best,file,16,,10656,181.Worm_eating_Warbler/Worm_Eating_Warbler_0074_176093.jpg,181,180,181.Worm_eating_Warbler,168,167,color_jitter,color_jitter,0,"{""brightness"":0.961048,""contrast"":1.181156,""hue"":0.034143,""saturation"":1.288441}",0.017978564,0.0994296,0.081451036,0.98218209,0.90535367,0.006534664,0.065352671,0.97564742,0.84000099,-0.13564643,0.78426883,5.169352,3.002538,15.521176,False,0.97734922,True,True,True,0.78426883,5.169352,3.002538,15.521176,0.77718718,5.1486719,2.9404504,15.139414,0.93898279,5.6322429,0.60744222,3.4212621,0.79718789,4.0926701,0.8550583,3.4994716,0.6685577,4.8181037,1.2463554,6.0050698,0.76838686,4.8604884,1.5758836,7.6595638,0.79528687,5.6187805,1.4350549,8.0632583,0.85592774,5.6082401,1.3486774,7.5637064
experiment_0a_best,file,16,,10656,181.Worm_eating_Warbler/Worm_Eating_Warbler_0074_176093.jpg,181,180,181.Worm_eating_Warbler,168,167,rotation,rotation,0,"{""angle"":9.257764}",0.017978564,0.030139953,0.012161389,0.98218209,0.97030973,0.006534664,0.0073801568,0.97564742,0.96292958,-0.012717844,0.71731651,1.5317928,3.002538,4.5992663,False,0.98338264,True,True,True,0.71731651,1.5317928,3.002538,4.5992663,0.70661073,1.5274059,2.9404504,4.4912614,0.95369804,1.6312154,0.60744222,0.99086908,0.64387808,1.2707539,0.8550583,1.0865687,0.58610321,1.6284033,1.2463554,2.0295694,0.71146619,1.4741133,1.5758836,2.3230309,0.72965363,1.5203152,1.4350549,2.1817358,0.80649836,1.6100601,1.3486774,2.1714516
experiment_0a_best,file,16,,10656,181.Worm_eating_Warbler/Worm_Eating_Warbler_0074_176093.jpg,181,180,181.Worm_eating_Warbler,168,167,random_resized_crop,random_resized_crop,0,"{""area_fraction"":0.548915,""aspect"":1.085638,""fallback"":false,""height"":0.711066,""left"":0.025508,""top"":0.272541,""width"":0.771961}",0.017978564,0.0030273818,-0.014951182,0.98218209,0.99697721,0.006534664,0.00025162625,0.97564742,0.99672558,0.021078162,0.52545323,0.15212179,3.002538,0.45675147,False,0.9450562,True,True,True,0.52545323,0.15212179,3.002538,0.45675147,0.50811944,0.15140942,2.9404504,0.4452119,0.89431988,0.1679517,0.60744222,0.10202095,0.48440707,0.12979303,0.8550583,0.1109806,0.32052704,0.1709063,1.2463554,0.21300999,0.49092441,0.13722677,1.5758836,0.2162534,0.5546303,0.14910367,1.4350549,0.21397196,0.66526565,0.16240357,1.3486774,0.21903002
experiment_0a_best,file,16,,10656,181.Worm_eating_Warbler/Worm_Eating_Warbler_0074_176093.jpg,181,180,181.Worm_eating_Warbler,168,167,gaussian_blur,gaussian_blur,0,"{""sigma"":1.52381}",0.017978564,1.2689614,1.2509829,0.98218209,0.28112343,0.006534664,0.20323251,0.97564742,0.077890918,-0.8977565,0.63598841,43.606708,3.002538,130.9308,False,0.89911187,True,True,True,0.63598841,43.606708,3.002538,130.9308,0.62825722,43.94942,2.9404504,129.23109,0.88357938,34.61817,0.60744222,21.028538,0.58821508,33.918357,0.8550583,29.002173,0.56958648,52.461952,1.2463554,65.38624,0.64231317,46.877861,1.5758836,73.87405,0.64684582,43.152685,1.4350549,61.926472,0.70425323,35.49704,1.3486774,47.874053
experiment_0a_best,file,16,,10656,181.Worm_eating_Warbler/Worm_Eating_Warbler_0074_176093.jpg,181,180,181.Worm_eating_Warbler,168,167,random_erasing,random_erasing,0,"{""area_fraction"":0.053791,""erased"":true,""height"":0.312134,""left"":0.060763,""top"":0.615467,""width"":0.172334}",0.017978564,0.021324174,0.0033456106,0.98218209,0.97890157,0.006534664,0.0057509127,0.97564742,0.97315065,-0.0024967692,0.94481085,1.0906628,3.002538,3.2747566,False,0.99291831,True,True,True,0.94481085,1.0906628,3.002538,3.2747566,0.9430221,1.0880365,2.9404504,3.1993175,0.98585881,1.1504886,0.60744222,0.69885533,0.96980296,1.0028574,0.8550583,0.85750152,0.95529027,1.1099109,1.2463554,1.3833435,0.94050728,1.0606916,1.5758836,1.6715265,0.92989995,1.1058978,1.4350549,1.5870241,0.94309367,1.1181261,1.3486774,1.5079913
experiment_0a_best,file,16,,3630,063.Ivory_Gull/Ivory_Gull_0117_49227.jpg,63,62,063.Ivory_Gull,143,142,identity,identity,0,{},0.0066702333,0.0066702333,0,0.99335194,0.99335194,0.0021546797,0.0021546797,0.99119726,0.99119726,0,1,1,1.027512,1.027512,False,1,True,True,True,1,1,1.027512,1.027512,1,1,1.0073651,1.0073651,1,1,0.20247567,0.20247567,1,1,0.37643175,0.37643175,1,1,0.42823405,0.42823405,1,1,0.45366339,0.45366339,1,1,0.45478832,0.45478832,1,1,0.52636138,0.52636138
experiment_0a_best,file,16,,3630,063.Ivory_Gull/Ivory_Gull_0117_49227.jpg,63,62,063.Ivory_Gull,143,142,horizontal_flip,horizontal_flip,0,"{""flipped"":true}",0.0066702333,0.0048192064,-0.0018510269,0.99335194,0.99519241,0.0021546797,0.0026498314,0.99119726,0.99254258,0.0013453206,0.72730212,0.6779562,1.027512,0.69660811,False,0.97605121,True,True,True,0.72730212,0.6779562,1.027512,0.69660811,0.7171999,0.67379204,1.0073651,0.67875459,0.9516899,0.77392291,0.20247567,0.15670056,0.74965484,0.42424874,0.37643175,0.1597007,0.73049048,0.61059099,0.42823405,0.26147586,0.71029807,0.73709244,0.45366339,0.33439185,0.66231632,0.72027187,0.45478832,0.32757123,0.77659504,0.73017235,0.52636138,0.38433453
experiment_0a_best,file,16,,3630,063.Ivory_Gull/Ivory_Gull_0117_49227.jpg,63,62,063.Ivory_Gull,143,142,color_jitter,color_jitter,0,"{""brightness"":1.088348,""contrast"":1.369909,""hue"":0.097231,""saturation"":0.611034}",0.0066702333,0.019843746,0.013173513,0.99335194,0.98035187,0.0021546797,0.0023012741,0.99119726,0.97805059,-0.013146665,0.68067847,3.7573666,1.027512,3.8607392,False,0.94961667,True,True,True,0.68067847,3.7573666,1.027512,3.8607392,0.67337157,3.7817337,1.0073651,3.8095866,0.91510569,3.0936259,0.20247567,0.62638398,0.77690821,3.1148205,0.37643175,1.1725173,0.56242911,3.9081465,0.42823405,1.6736014,0.65426986,4.5010947,0.45366339,2.0419819,0.64459141,3.7160038,0.45478832,1.6899951,0.76906639,3.4571983,0.52636138,1.8197357
experiment_0a_best,file,16,,3630,063.Ivory_Gull/Ivory_Gull_0117_49227.jpg,63,62,063.Ivory_Gull,143,142,rotation,rotation,0,"{""angle"":-9.03164}",0.0066702333,0.043434318,0.036764085,0.99335194,0.95749545,0.0021546797,0.0020341955,0.99119726,0.95546126,-0.035736001,0.67220814,7.0958806,1.027512,7.2911023,False,0.94862938,True,True,True,0.67220814,7.0958806,1.027512,7.2911023,0.66590363,7.1439356,1.0073651,7.1965514,0.87972339,5.7804148,0.20247567,1.1703934,0.55000866,5.3246174,0.37643175,2.0043551,0.70111249,7.6748594,0.42823405,3.2866362,0.69764148,8.3156712,0.45366339,3.7725156,0.62826107,7.1544363,0.45478832,3.2537541,0.709622,6.6228128,0.52636138,3.4859929
experiment_0a_best,file,16,,3630,063.Ivory_Gull/Ivory_Gull_0117_49227.jpg,63,62,063.Ivory_Gull,143,142,random_resized_crop,random_resized_crop,0,"{""area_fraction"":0.773942,""aspect"":0.942347,""fallback"":false,""height"":0.906252,""left"":0.10235,""top"":0.073981,""width"":0.854004}",0.0066702333,0.0056913947,-0.00097883865,0.99335194,0.99432474,0.0021546797,0.0010170417,0.99119726,0.9933077,0.0021104454,0.77693946,0.92541404,1.027512,0.950874,False,0.98095965,True,True,True,0.77693946,0.92541404,1.027512,0.950874,0.77058101,0.9296958,1.0073651,0.93654311,0.96393567,0.81226487,0.20247567,0.16446388,0.79951928,0.83244555,0.37643175,0.31335894,0.77283079,0.99294911,0.42823405,0.42521462,0.75415822,1.0595821,0.45366339,0.48069362,0.73491931,0.9031933,0.45478832,0.41076176,0.81145884,0.84605652,0.52636138,0.44533148
experiment_0a_best,file,16,,3630,063.Ivory_Gull/Ivory_Gull_0117_49227.jpg,63,62,063.Ivory_Gull,143,142,gaussian_blur,gaussian_blur,0,"{""sigma"":1.60767}",0.0066702333,0.17388734,0.16721711,0.99335194,0.84039158,0.0021546797,0.0080866572,0.99119726,0.83230492,-0.15889234,0.50353861,35.636021,1.027512,36.616438,False,0.91377914,True,True,True,0.50353861,35.636021,1.027512,36.616438,0.49814227,36.152948,1.0073651,36.419218,0.87121007,18.744311,0.20247567,3.7952669,0.34139976,42.008007,0.37643175,15.813148,0.40911234,40.05663,0.42823405,17.153613,0.50958033,42.805679,0.45366339,19.419369,0.55847326,32.891579,0.45478832,14.958706,0.69858091,25.572561,0.52636138,13.460409
experiment_0a_best,file,16,,3630,063.Ivory_Gull/Ivory_Gull_0117_49227.jpg,63,62,063.Ivory_Gull,143,142,random_erasing,random_erasing,0,"{""area_fraction"":0.09999,""erased"":true,""height"":0.20659,""left"":0.05704,""top"":0.117532,""width"":0.484004}",0.0066702333,0.28149527,0.27482504,0.99335194,0.75465447,0.0021546797,0.10654157,0.99119726,0.6481129,-0.34308436,0.70231878,35.143357,1.027512,36.11022,False,0.9099077,True,True,True,0.70231878,35.143357,1.027512,36.11022,0.69556875,34.784756,1.0073651,35.04095,0.8525779,43.078633,0.20247567,8.7223751,0.90729595,35.920419,0.37643175,13.521586,0.57507819,33.187625,0.42823405,14.212071,0.68040382,35.136659,0.45366339,15.940216,0.6803855,34.520371,0.45478832,15.699462,0.68335238,35.15919,0.52636138,18.50644
experiment_0a_best,file,16,,10772,183.Northern_Waterthrush/Northern_Waterthrush_0055_177114.jpg,183,182,183.Northern_Waterthrush,176,175,identity,identity,0,{},0.2438679,0.2438679,0,0.78359115,0.78359115,0.091568895,0.091568895,0.69202226,0.69202226,0,1,1,47.907759,47.907759,False,0.99999994,True,True,True,1,1,47.907759,47.907759,1,1,47.482475,47.482475,1,1,6.369298,6.369298,1,1,10.771652,10.771652,1,1,24.640282,24.640282,1,1,27.690173,27.690173,1,1,20.141086,20.141086,1,1,18.947411,18.947411
experiment_0a_best,file,16,,10772,183.Northern_Waterthrush/Northern_Waterthrush_0055_177114.jpg,183,182,183.Northern_Waterthrush,176,175,horizontal_flip,horizontal_flip,0,"{""flipped"":true}",0.2438679,0.30285412,0.058986217,0.78359115,0.73870683,0.091568895,0.10350187,0.69202226,0.63520496,-0.056817301,0.77153419,1.2112602,47.907759,58.028761,False,0.97416759,True,True,True,0.77153419,1.2112602,47.907759,58.028761,0.76798328,1.2071985,47.482475,57.320774,0.94931961,1.4188258,6.369298,9.0369245,0.77475384,1.1250368,10.771652,12.118505,0.73965748,1.2373226,24.640282,30.487978,0.80465821,1.1941672,27.690173,33.066696,0.73854606,1.2243934,20.141086,24.660613,0.77261392,1.1892482,18.947411,22.533175
experiment_0a_best,file,16,,10772,183.Northern_Waterthrush/Northern_Waterthrush_0055_177114.jpg,183,182,183.Northern_Waterthrush,176,175,color_jitter,color_jitter,0,"{""brightness"":1.349743,""contrast"":1.298996,""hue"":-0.053558,""saturation"":1.269305}",0.2438679,0.75937712,0.51550922,0.78359115,0.46795782,0.091568895,0.0082033258,0.69202226,0.4597545,-0.23226776,0.17113598,1.7325312,47.907759,83.001688,False,0.83828592,True,True,True,0.17113598,1.7325312,47.907759,83.001688,0.15827185,1.7123574,47.482475,81.306968,0.65368009,2.6199172,6.369298,16.687033,0.029727013,1.3489198,10.771652,14.530094,-0.12270202,1.316768,24.640282,32.445534,0.12088044,1.5578996,27.690173,43.138509,0.2245924,2.0810878,20.141086,41.91537,0.47021353,2.1946608,18.947411,41.58314
experiment_0a_best,file,16,,10772,183.Northern_Waterthrush/Northern_Waterthrush_0055_177114.jpg,183,182,183.Northern_Waterthrush,176,175,rotation,rotation,0,"{""angle"":-0.640202}",0.2438679,0.14591467,-0.09795323,0.78359115,0.86423141,0.091568895,0.065604419,0.69202226,0.79862699,0.10660473,0.94545682,0.64244556,47.907759,30.778127,False,0.99191666,True,True,True,0.94545682,0.64244556,47.907759,30.778127,0.94463838,0.64217366,47.482475,30.491995,0.9901442,0.65737975,6.369298,4.1870475,0.9312561,0.59987915,10.771652,6.4616893,0.94497595,0.6435327,24.640282,15.856827,0.94913486,0.63937156,27.690173,17.704309,0.93537234,0.64250187,20.141086,12.940686,0.94987744,0.6584855,18.947411,12.476595
experiment_0a_best,file,16,,10772,183.Northern_Waterthrush/Northern_Waterthrush_0055_177114.jpg,183,182,183.Northern_Waterthrush,176,175,random_resized_crop,random_resized_crop,0,"{""area_fraction"":0.651181,""aspect"":1.05979,""fallback"":false,""height"":0.783864,""left"":0.000955,""top"":0.002365,""width"":0.830732}",0.2438679,0.54397994,0.30011204,0.78359115,0.58043355,0.091568895,0.28184271,0.69202226,0.29859084,-0.39343142,0.81116569,2.266809,47.907759,108.59774,False,0.96343726,True,True,True,0.81116569,2.266809,47.907759,108.59774,0.80912481,2.2700586,47.482475,107.788,0.93816898,2.0782401,6.369298,13.23693,0.8064465,2.2163961,10.771652,23.874247,0.77843344,2.2209843,24.640282,54.72568,0.86265822,2.3209472,27.690173,64.26743,0.78302771,2.3314216,20.141086,46.957364,0.77458153,2.1876174,18.947411,41.449687
experiment_0a_best,file,16,,10772,183.Northern_Waterthrush/Northern_Waterthrush_0055_177114.jpg,183,182,183.Northern_Waterthrush,176,175,gaussian_blur,gaussian_blur,0,"{""sigma"":1.348945}",0.2438679,0.36051598,0.11664808,0.78359115,0.69731647,0.091568895,0.10221823,0.69202226,0.59509823,-0.096924022,0.73439877,1.5279015,47.907759,73.198337,False,0.94441736,True,True,True,0.73439877,1.5279015,47.907759,73.198337,0.73153785,1.5319093,47.482475,72.738844,0.93498216,1.2856742,6.369298,8.1888423,0.71667726,1.3340637,10.771652,14.37007,0.71859248,1.4622902,24.640282,36.031242,0.73202868,1.6814948,27.690173,46.560881,0.70895593,1.5252317,20.141086,30.719823,0.80316082,1.3707638,18.947411,25.972426
experiment_0a_best,file,16,,10772,183.Northern_Waterthrush/Northern_Waterthrush_0055_177114.jpg,183,182,183.Northern_Waterthrush,176,175,random_erasing,random_erasing,0,"{""area_fraction"":0.196883,""erased"":true,""height"":0.567506,""left"":0.358141,""top"":0.385185,""width"":0.346927}",0.2438679,5.7518802,5.5080123,0.78359115,0.0031768023,0.091568895,0.85094893,0.69202226,-0.84777213,-1.5397944,0.57220191,3.4406908,47.907759,164.83578,False,0.85004449,False,True,False,0.57220191,3.4406908,47.907759,164.83578,0.56821446,3.3800381,47.482475,160.49258,0.7873335,5.9016682,6.369298,37.589483,0.70472149,3.2897175,10.771652,35.435691,0.65829669,3.029792,24.640282,74.654929,0.55919338,3.165674,27.690173,87.658063,0.49941324,3.5891142,20.141086,72.288659,0.52090866,4.0946872,18.947411,77.583722
experiment_0a_best,file,16,,4129,071.Long_tailed_Jaeger/Long_Tailed_Jaeger_0060_60886.jpg,71,70,071.Long_tailed_Jaeger,72,71,identity,identity,0,{},0.7828961,0.7828961,0,0.45708033,0.45708033,0.40089285,0.40089285,0.056187481,0.056187481,0,1,1,91.536066,91.536066,False,0.99999994,True,True,True,1,1,91.536066,91.536066,1,1,89.775795,89.775795,1,1,17.864994,17.864994,1,1,33.088592,33.088592,1,1,37.922779,37.922779,1,1,43.734034,43.734034,1,1,43.801698,43.801698,1,1,41.175803,41.175803
experiment_0a_best,file,16,,4129,071.Long_tailed_Jaeger/Long_Tailed_Jaeger_0060_60886.jpg,71,70,071.Long_tailed_Jaeger,72,71,horizontal_flip,horizontal_flip,0,"{""flipped"":true}",0.7828961,1.9520888,1.1691927,0.45708033,0.14197721,0.40089285,0.11789961,0.056187481,0.024077594,-0.032109886,0.38112639,1.6534137,91.536066,151.34699,False,0.9213683,False,True,False,0.38112639,1.6534137,91.536066,151.34699,0.37050669,1.6651053,89.775795,149.48615,0.72802137,1.3243832,17.864994,23.660096,0.48719365,1.260416,33.088592,41.705391,0.41325953,1.7098555,37.922779,64.842472,0.28875307,1.6455605,43.734034,71.966999,0.29785965,1.8944475,43.801698,82.980017,0.47656208,1.5994375,41.175803,65.858123
experiment_0a_best,file,16,,4129,071.Long_tailed_Jaeger/Long_Tailed_Jaeger_0060_60886.jpg,71,70,071.Long_tailed_Jaeger,72,71,color_jitter,color_jitter,0,"{""brightness"":0.882586,""contrast"":1.042012,""hue"":0.087416,""saturation"":0.953581}",0.7828961,0.18715239,-0.59574372,0.45708033,0.82931733,0.40089285,0.072038166,0.056187481,0.75727917,0.70109168,0.68387084,0.33000982,91.536066,30.2078,False,0.94106656,True,True,True,0.68387084,0.33000982,91.536066,30.2078,0.67640869,0.33012844,89.775795,29.637543,0.87414496,0.32700005,17.864994,5.8418538,0.5536122,0.24044247,33.088592,7.9559029,0.57829261,0.31919643,37.922779,12.104816,0.71310506,0.36923288,43.734034,16.148043,0.71278833,0.34187441,43.801698,14.97468,0.74821069,0.32903927,41.175803,13.548456
experiment_0a_best,file,16,,4129,071.Long_tailed_Jaeger/Long_Tailed_Jaeger_0060_60886.jpg,71,70,071.Long_tailed_Jaeger,72,71,rotation,rotation,0,"{""angle"":-9.083321}",0.7828961,1.4462698,0.66337365,0.45708033,0.23544693,0.40089285,0.46666485,0.056187481,-0.23121792,-0.2874054,0.72615415,1.4648108,91.536066,134.08302,False,0.92563754,False,True,False,0.72615415,1.4648108,91.536066,134.08302,0.71866252,1.4635253,89.775795,131.38914,0.91129865,1.4969082,17.864994,26.742255,0.72333861,1.0777528,33.088592,35.661324,0.73120415,1.551667,37.922779,58.843526,0.70088497,1.4528669,43.734034,63.539729,0.7033516,1.5705823,43.801698,68.794174,0.76243518,1.4889743,41.175803,61.309714
experiment_0a_best,file,16,,4129,071.Long_tailed_Jaeger/Long_Tailed_Jaeger_0060_60886.jpg,71,70,071.Long_tailed_Jaeger,72,71,random_resized_crop,random_resized_crop,0,"{""area_fraction"":0.504417,""aspect"":0.805537,""fallback"":false,""height"":0.79132,""left"":0.298639,""top"":0.185229,""width"":0.637438}",0.7828961,2.389576,1.6066799,0.45708033,0.091668539,0.40089285,0.50270855,0.056187481,-0.41104002,-0.4672275,0.62591762,1.5188334,91.536066,139.02803,False,0.92124546,False,True,False,0.62591762,1.5188334,91.536066,139.02803,0.61426959,1.501086,89.775795,134.76119,0.87431137,1.9131916,17.864994,34.179155,0.62381833,1.2417349,33.088592,41.087259,0.63714763,1.5715069,37.922779,59.59591,0.61835415,1.528685,43.734034,66.855561,0.56517658,1.4396081,43.801698,63.057281,0.64424588,1.624604,41.175803,66.894373
experiment_0a_best,file,16,,4129,071.Long_tailed_Jaeger/Long_Tailed_Jaeger_0060_60886.jpg,71,70,071.Long_tailed_Jaeger,72,71,gaussian_blur,gaussian_blur,0,"{""sigma"":1.080479}",0.7828961,2.9696825,2.1867864,0.45708033,0.051319603,0.40089285,0.44415152,0.056187481,-0.39283192,-0.4490194,0.64274115,1.4738216,91.536066,134.90783,False,0.87445259,False,True,False,0.64274115,1.4738216,91.536066,134.90783,0.63408597,1.4707014,89.775795,132.03339,0.85091872,1.5505358,17.864994,27.700311,0.78635696,1.3158229,33.088592,43.538729,0.69463647,1.5714213,37.922779,59.592665,0.53787667,1.4183063,43.734034,62.028254,0.58074261,1.5590074,43.801698,68.287172,0.66624413,1.4316999,41.175803,58.951395
experiment_0a_best,file,16,,4129,071.Long_tailed_Jaeger/Long_Tailed_Jaeger_0060_60886.jpg,71,70,071.Long_tailed_Jaeger,72,71,random_erasing,random_erasing,0,"{""area_fraction"":0.138608,""erased"":true,""height"":0.21373,""left"":0.16795,""top"":0.025296,""width"":0.648517}",0.7828961,0.60470355,-0.17819256,0.45708033,0.54623634,0.40089285,0.37289569,0.056187481,0.17334065,0.11715317,0.9311953,0.82709254,91.536066,75.708797,False,0.97569966,True,True,True,0.9311953,0.82709254,91.536066,75.708797,0.92977294,0.82101949,89.775795,73.707677,0.9737369,0.96790537,17.864994,17.291623,0.9767766,0.73507614,33.088592,24.322635,0.93497383,0.7786944,37.922779,29.530256,0.93498394,0.80413478,43.734034,35.168058,0.91547312,0.8443221,43.801698,36.982742,0.91925409,0.89716698,41.175803,36.941571
experiment_0a_best,file,16,,11036,188.Pileated_Woodpecker/Pileated_Woodpecker_0004_180307.jpg,188,187,188.Pileated_Woodpecker,106,105,identity,identity,0,{},0.12488794,0.12488794,0,0.88259578,0.88259578,0.044465207,0.044465207,0.83813057,0.83813057,0,1,1,18.000168,18.000168,False,1.0000001,True,True,True,1,1,18.000168,18.000168,1,1,17.627153,17.627153,1,1,3.6454829,3.6454829,1,1,4.7008515,4.7008515,1,1,7.1518955,7.1518955,1,1,8.298899,8.298899,1,1,9.1953786,9.1953786,1,1,9.1674523,9.1674523
experiment_0a_best,file,16,,11036,188.Pileated_Woodpecker/Pileated_Woodpecker_0004_180307.jpg,188,187,188.Pileated_Woodpecker,106,105,horizontal_flip,horizontal_flip,0,"{""flipped"":true}",0.12488794,0.0025033585,-0.12238458,0.88259578,0.99749976,0.044465207,0.00013519706,0.83813057,0.99736457,0.159234,0.533735,0.023187103,18.000168,0.41737176,False,0.90553129,True,True,True,0.533735,0.023187103,18.000168,0.41737176,0.52135433,0.023267753,17.627153,0.41014423,0.8534152,0.021214269,3.6454829,0.077336257,0.4597121,0.020671514,4.7008515,0.097173718,0.52939053,0.0282061,7.1518955,0.20172708,0.46280735,0.023282254,8.298899,0.19321707,0.50620492,0.021860926,9.1953786,0.20101949,0.60700399,0.021908854,9.1674523,0.20084838
experiment_0a_best,file,16,,11036,188.Pileated_Woodpecker/Pileated_Woodpecker_0004_180307.jpg,188,187,188.Pileated_Woodpecker,106,105,color_jitter,color_jitter,0,"{""brightness"":0.734814,""contrast"":0.840095,""hue"":0.007586,""saturation"":1.248845}",0.12488794,0.097460918,-0.027427018,0.88259578,0.90713781,0.044465207,0.021488532,0.83813057,0.88564928,0.047518708,0.80920075,0.90706713,18.000168,16.327361,False,0.97375405,True,True,True,0.80920075,0.90706713,18.000168,16.327361,0.80435416,0.9133183,17.627153,16.099201,0.96393739,0.74613104,3.6454829,2.720008,0.65776741,1.0165041,4.7008515,4.7784348,0.76765675,1.0893765,7.1518955,7.7911071,0.8166751,0.8880534,8.298899,7.3698655,0.83341657,0.84339093,9.1953786,7.7552989,0.85522538,0.85327933,9.1674523,7.8223976
experiment_0a_best,file,16,,11036,188.Pileated_Woodpecker/Pileated_Woodpecker_0004_180307.jpg,188,187,188.Pileated_Woodpecker,106,105,rotation,rotation,0,"{""angle"":-8.468376}",0.12488794,0.44640574,0.3215178,0.88259578,0.63992411,0.044465207,0.092158936,0.83813057,0.54776517,-0.2903654,0.69304766,3.2671645,18.000168,58.80951,False,0.9445374,True,True,True,0.69304766,3.2671645,18.000168,58.80951,0.68431553,3.2841925,17.627153,57.890962,0.93619853,2.8400908,3.6454829,10.353502,0.58416002,2.8718876,4.7008515,13.500317,0.5512216,3.7898276,7.1518955,27.104451,0.68046532,3.2876831,8.298899,27.28415,0.72673255,3.2124688,9.1953786,29.539867,0.77414729,3.1187124,9.1674523,28.590647
experiment_0a_best,file,16,,11036,188.Pileated_Woodpecker/Pileated_Woodpecker_0004_180307.jpg,188,187,188.Pileated_Woodpecker,106,105,random_resized_crop,random_resized_crop,0,"{""area_fraction"":0.537295,""aspect"":0.752509,""fallback"":false,""height"":0.844988,""left"":0.06194,""top"":0.107238,""width"":0.635861}",0.12488794,0.95976663,0.83487869,0.88259578,0.38298225,0.044465207,0.035966206,0.83813057,0.34701605,-0.49111452,0.48541154,6.3927279,18.000168,115.07018,False,0.85405797,True,True,True,0.48541154,6.3927279,18.000168,115.07018,0.47508347,6.4427735,17.627153,113.56775,0.8046433,5.0841164,3.6454829,18.534059,0.36553875,6.3880248,4.7008515,30.029156,0.36255984,7.7829737,7.1518955,55.663014,0.43882391,6.9194434,8.298899,57.423762,0.5342922,5.9568622,9.1953786,54.775603,0.59237447,5.5617241,9.1674523,50.98684
experiment_0a_best,file,16,,11036,188.Pileated_Woodpecker/Pileated_Woodpecker_0004_180307.jpg,188,187,188.Pileated_Woodpecker,106,105,gaussian_blur,gaussian_blur,0,"{""sigma"":1.807002}",0.12488794,0.50654662,0.38165868,0.88259578,0.60257292,0.044465207,0.024032082,0.83813057,0.57854084,-0.25958974,0.45295222,4.5022544,18.000168,81.041336,False,0.86715686,True,True,True,0.45295222,4.5022544,18.000168,81.041336,0.44343684,4.5537393,17.627153,80.269457,0.81908808,3.0609149,3.6454829,11.158513,0.47465636,4.9769013,4.7008515,23.395674,0.18352547,5.1169783,7.1518955,36.596094,0.41747813,5.1003984,8.298899,42.327691,0.51685462,4.3994856,9.1953786,40.454935,0.61139924,3.6640994,9.1674523,33.590457
experiment_0a_best,file,16,,11036,188.Pileated_Woodpecker/Pileated_Woodpecker_0004_180307.jpg,188,187,188.Pileated_Woodpecker,106,105,random_erasing,random_erasing,0,"{""area_fraction"":0.126508,""erased"":true,""height"":0.40504,""left"":0.157497,""top"":0.197853,""width"":0.312333}",0.12488794,0.072487473,-0.052400462,0.88259578,0.93007737,0.044465207,0.013560897,0.83813057,0.91651648,0.078385906,0.8053645,0.58274475,18.000168,10.489503,False,0.96101713,True,True,True,0.8053645,0.58274475,18.000168,10.489503,0.79918507,0.58165339,17.627153,10.252893,0.94438979,0.60770297,3.6454829,2.2153708,0.82734239,0.60997149,4.7008515,2.8673854,0.75835262,0.55349305,7.1518955,3.9585244,0.7870148,0.57114527,8.298899,4.7398769,0.79576805,0.57613249,9.1953786,5.2977564,0.82868709,0.60436839,9.1674523,5.5405184
experiment_0a_best,file,16,,5450,094.White_breasted_Nuthatch/White_Breasted_Nuthatch_0068_86033.jpg,94,93,094.White_breasted_Nuthatch,112,111,identity,identity,0,{},0.007128993,0.007128993,0,0.99289638,0.99289638,0.0024396065,0.0024396065,0.99045677,0.99045677,0,1,1,1.0056116,1.0056116,False,0.99999994,True,True,True,1,1,1.0056116,1.0056116,1,1,0.98086756,0.98086756,1,1,0.22170582,0.22170582,1,1,0.16663965,0.16663965,1,1,0.48047956,0.48047956,1,1,0.48996588,0.48996588,1,1,0.45435359,0.45435359,1,1,0.50692016,0.50692016
experiment_0a_best,file,16,,5450,094.White_breasted_Nuthatch/White_Breasted_Nuthatch_0068_86033.jpg,94,93,094.White_breasted_Nuthatch,112,111,horizontal_flip,horizontal_flip,0,"{""flipped"":true}",0.007128993,0.0023423398,-0.0047866532,0.99289638,0.9976604,0.0024396065,0.0011636149,0.99045677,0.99649678,0.006040012,0.62974982,0.33703039,1.0056116,0.33892166,False,0.97482181,True,True,True,0.62974982,0.33703039,1.0056116,0.33892166,0.61148557,0.33574817,0.98086756,0.32932449,0.96363705,0.36121248,0.22170582,0.080082912,0.58462425,0.3622613,0.16663965,0.060367098,0.62449394,0.3141888,0.48047956,0.1509613,0.54671555,0.32420181,0.48996588,0.15884783,0.54865549,0.34770436,0.45435359,0.15798072,0.71222114,0.35195142,0.50692016,0.17841127
experiment_0a_best,file,16,,5450,094.White_breasted_Nuthatch/White_Breasted_Nuthatch_0068_86033.jpg,94,93,094.White_breasted_Nuthatch,112,111,color_jitter,color_jitter,0,"{""brightness"":0.941272,""contrast"":1.032435,""hue"":0.076144,""saturation"":0.663586}",0.007128993,0.025993044,0.018864051,0.99289638,0.97434187,0.0024396065,0.0081411479,0.99045677,0.96620072,-0.02425605,0.818226,3.4315212,1.0056116,3.4507775,False,0.9718132,True,True,True,0.818226,3.4315212,1.0056116,3.4507775,0.81080332,3.4363756,0.98086756,3.3706294,0.96827492,3.3350817,0.22170582,0.73940704,0.83524097,3.5851195,0.16663965,0.59742307,0.83443938,3.5707126,0.48047956,1.7156544,0.76912051,3.1232606,0.48996588,1.5302911,0.7675229,3.4004516,0.45435359,1.5450074,0.85825858,3.6008719,0.50692016,1.8253545
experiment_0a_best,file,16,,5450,094.White_breasted_Nuthatch/White_Breasted_Nuthatch_0068_86033.jpg,94,93,094.White_breasted_Nuthatch,112,111,rotation,rotation,0,"{""angle"":-5.427792}",0.007128993,0.0042912546,-0.0028377385,0.99289638,0.99571794,0.0024396065,0.00079349033,0.99045677,0.99492445,0.0044676808,0.76889597,0.69913279,1.0056116,0.70305603,False,0.97108686,True,True,True,0.76889597,0.69913279,1.0056116,0.70305603,0.76039438,0.70182849,0.98086756,0.68840081,0.95292196,0.64410111,0.22170582,0.14280097,0.81737363,0.75623606,0.16663965,0.12601892,0.77153419,0.76029774,0.48047956,0.36530753,0.69867578,0.69046392,0.48996588,0.33830377,0.76074958,0.70526663,0.45435359,0.32044042,0.80819146,0.6465929,0.50692016,0.32777097
experiment_0a_best,file,16,,5450,094.White_breasted_Nuthatch/White_Breasted_Nuthatch_0068_86033.jpg,94,93,094.White_breasted_Nuthatch,112,111,random_resized_crop,random_resized_crop,0,"{""area_fraction"":0.679052,""aspect"":0.90362,""fallback"":false,""height"":0.866879,""left"":0.076136,""top"":0.036833,""width"":0.783329}",0.007128993,0.032494996,0.025366003,0.99289638,0.96802729,0.0024396065,0.0053381189,0.99045677,0.96268917,-0.027767597,0.69313263,4.8742268,1.0056116,4.9015789,False,0.95873165,True,True,True,0.69313263,4.8742268,1.0056116,4.9015789,0.68310597,4.912355,0.98086756,4.8183697,0.94302379,4.0563978,0.22170582,0.89932703,0.72343732,5.6849253,0.16663965,0.94733398,0.65368578,4.8364984,0.48047956,2.3238386,0.62574643,4.8784959,0.48996588,2.3902966,0.67467306,5.0789785,0.45435359,2.3076521,0.76808532,4.7836354,0.50692016,2.4249212
experiment_0a_best,file,16,,5450,094.White_breasted_Nuthatch/White_Breasted_Nuthatch_0068_86033.jpg,94,93,094.White_breasted_Nuthatch,112,111,gaussian_blur,gaussian_blur,0,"{""sigma"":1.713847}",0.007128993,1.1816363,1.1745073,0.99289638,0.30677637,0.0024396065,0.012969019,0.99045677,0.29380736,-0.69664942,0.26961737,128.7952,1.0056116,129.51795,False,0.81042492,False,True,False,0.26961737,128.7952,1.0056116,129.51795,0.25317945,129.98172,0.98086756,127.49485,0.68336641,102.85099,0.22170582,22.802665,-0.0061535535,105.30001,0.16663965,17.547157,0.26196398,112.52062,0.48047956,54.06386,0.19101468,144.71393,0.48996588,70.904888,0.19248156,149.99614,0.45435359,68.151286,0.41835726,114.21274,0.50692016,57.89674
experiment_0a_best,file,16,,5450,094.White_breasted_Nuthatch/White_Breasted_Nuthatch_0068_86033.jpg,94,93,094.White_breasted_Nuthatch,112,111,random_erasing,random_erasing,0,"{""area_fraction"":0.06968,""erased"":true,""height"":0.353859,""left"":0.421398,""top"":0.402704,""width"":0.196915}",0.007128993,0.082777001,0.075648008,0.99289638,0.92055643,0.0024396065,0.012152945,0.99045677,0.90840348,-0.08205329,0.63629051,12.715845,1.0056116,12.787201,False,0.9217571,True,True,True,0.63629051,12.715845,1.0056116,12.787201,0.62680727,12.829574,0.98086756,12.584113,0.88450054,10.238507,0.22170582,2.2699367,0.50514103,10.564246,0.16663965,1.7604223,0.65629141,14.194419,0.48047956,6.8201281,0.5854866,12.57296,0.48996588,6.1603215,0.58326826,13.061692,0.45435359,5.9346268,0.69392303,11.766492,0.50692016,5.964672
experiment_0a_best,file,16,,4776,082.Ringed_Kingfisher/Ringed_Kingfisher_0017_73145.jpg,82,81,082.Ringed_Kingfisher,80,79,identity,identity,0,{},3.1109529,3.1109529,0,0.044558473,0.044558473,0.93601161,0.93601161,-0.89145314,-0.89145314,0,1,1,189.64885,189.64885,False,0.99999994,True,False,False,1,1,189.64885,189.64885,1,1,185.57147,185.57147,1,1,39.114154,39.114154,1,1,47.903312,47.903312,1,1,81.664323,81.664323,1,1,105.34151,105.34151,1,1,88.915682,88.915682,1,1,80.437238,80.437238
experiment_0a_best,file,16,,4776,082.Ringed_Kingfisher/Ringed_Kingfisher_0017_73145.jpg,82,81,082.Ringed_Kingfisher,80,79,horizontal_flip,horizontal_flip,0,"{""flipped"":true}",3.1109529,2.6452513,-0.46570158,0.044558473,0.070987515,0.93601161,0.90022415,-0.89145314,-0.82923663,0.062216505,0.65544115,1.0543901,189.64885,199.96387,False,0.96532661,True,False,False,0.65544115,1.0543901,189.64885,199.96387,0.64232653,1.0563836,185.57147,196.03466,0.96533768,1.0084756,39.114154,39.44567,0.49094811,0.7431639,47.903312,35.600012,0.52663595,0.91608368,81.664323,74.811354,0.65382074,1.1023924,105.34151,116.12768,0.67260025,1.1518691,88.915682,102.41922,0.7404268,1.0830988,80.437238,87.121477
experiment_0a_best,file,16,,4776,082.Ringed_Kingfisher/Ringed_Kingfisher_0017_73145.jpg,82,81,082.Ringed_Kingfisher,80,79,color_jitter,color_jitter,0,"{""brightness"":0.740578,""contrast"":0.770521,""hue"":0.058531,""saturation"":0.78607}",3.1109529,3.5013518,0.39039898,0.044558473,0.03015659,0.93601161,0.86345762,-0.89145314,-0.83330103,0.058152109,0.70255149,0.97006899,189.64885,183.97247,False,0.90525234,True,False,False,0.70255149,0.97006899,189.64885,183.97247,0.69414261,0.97232771,185.57147,180.43628,0.90420561,0.91775811,39.114154,35.897332,0.7200005,0.80187539,47.903312,38.412487,0.69563014,1.1067021,81.664323,90.378078,0.65232725,0.8841,105.34151,93.132428,0.71204789,0.98465548,88.915682,87.551313,0.74217574,1.0080436,80.437238,81.084242
experiment_0a_best,file,16,,4776,082.Ringed_Kingfisher/Ringed_Kingfisher_0017_73145.jpg,82,81,082.Ringed_Kingfisher,80,79,rotation,rotation,0,"{""angle"":2.882188}",3.1109529,3.5289633,0.41801047,0.044558473,0.029335311,0.93601161,0.91860008,-0.89145314,-0.88926477,0.0021883678,0.88192145,0.92076778,189.64885,174.62255,False,0.98519093,True,False,False,0.88192145,0.92076778,189.64885,174.62255,0.87724691,0.91978788,185.57147,170.68639,0.98485092,0.94255475,39.114154,36.867231,0.8980579,0.90536619,47.903312,43.370039,0.83935458,0.91041132,81.664323,74.348125,0.87935065,0.89981386,105.34151,94.78775,0.88056164,0.91765468,88.915682,81.593892,0.90148714,0.96961713,80.437238,77.993324
experiment_0a_best,file,16,,4776,082.Ringed_Kingfisher/Ringed_Kingfisher_0017_73145.jpg,82,81,082.Ringed_Kingfisher,80,79,random_resized_crop,random_resized_crop,0,"{""area_fraction"":0.846854,""aspect"":1.161809,""fallback"":false,""height"":0.853762,""left"":0.001646,""top"":0.026988,""width"":0.991909}",3.1109529,3.1521745,0.041221619,0.044558473,0.042759042,0.93601161,0.91565597,-0.89145314,-0.87289693,0.018556211,0.80683276,0.95331933,189.64885,180.79592,False,0.97627807,True,False,False,0.80683276,0.95331933,189.64885,180.79592,0.79971979,0.95525817,185.57147,177.26866,0.97613412,0.90858413,39.114154,35.538499,0.84218401,0.74568247,47.903312,35.72066,0.78124606,0.93170461,81.664323,76.087027,0.82871555,0.95064964,105.34151,100.14287,0.76583055,0.99749085,88.915682,88.692579,0.80877276,0.99952544,80.437238,80.399066
experiment_0a_best,file,16,,4776,082.Ringed_Kingfisher/Ringed_Kingfisher_0017_73145.jpg,82,81,082.Ringed_Kingfisher,80,79,gaussian_blur,gaussian_blur,0,"{""sigma"":1.836883}",3.1109529,2.6502912,-0.46066165,0.044558473,0.070630647,0.93601161,0.31763384,-0.89145314,-0.24700319,0.64444995,0.45686567,0.72524466,189.64885,137.54182,False,0.80232555,True,False,False,0.45686567,0.72524466,189.64885,137.54182,0.44722241,0.72873532,185.57147,135.23248,0.7069406,0.64166906,39.114154,25.098342,0.3709384,0.73292874,47.903312,35.109714,0.43843981,0.73573969,81.664323,60.083683,0.52763178,0.72249182,105.34151,76.108379,0.3826551,0.7551275,88.915682,67.142677,0.42862356,0.69713334,80.437238,56.07548
experiment_0a_best,file,16,,4776,082.Ringed_Kingfisher/Ringed_Kingfisher_0017_73145.jpg,82,81,082.Ringed_Kingfisher,80,79,random_erasing,random_erasing,0,"{""area_fraction"":0.058605,""erased"":true,""height"":0.39652,""left"":0.845498,""top"":0.342943,""width"":0.147799}",3.1109529,2.8273764,-0.28357649,0.044558473,0.059167884,0.93601161,0.91679126,-0.89145314,-0.85762338,0.033829764,0.98467478,0.95895296,189.64885,181.86433,False,0.99786854,True,False,False,0.98467478,0.95895296,189.64885,181.86433,0.98408484,0.95828053,185.57147,177.82953,0.99786408,0.97396585,39.114154,38.09585,0.99373721,1.0025856,47.903312,48.027171,0.97776559,0.93838412,81.664323,76.632504,0.99073847,0.95394156,105.34151,100.48964,0.98471887,0.95422063,88.915682,84.845178,0.97565964,0.97473301,80.437238,78.404831
experiment_0a_best,file,16,,6166,106.Horned_Puffin/Horned_Puffin_0082_100876.jpg,106,105,106.Horned_Puffin,89,88,identity,identity,0,{},0.20624553,0.20624553,0,0.81363326,0.81363326,0.052251011,0.052251011,0.76138225,0.76138225,0,1,1,27.01394,27.01394,False,1,True,True,True,1,1,27.01394,27.01394,1,1,26.656212,26.656212,1,1,4.3817049,4.3817049,1,1,9.225037,9.225037,1,1,11.406537,11.406537,1,1,12.77935,12.77935,1,1,12.721572,12.721572,1,1,13.045807,13.045807
experiment_0a_best,file,16,,6166,106.Horned_Puffin/Horned_Puffin_0082_100876.jpg,106,105,106.Horned_Puffin,89,88,horizontal_flip,horizontal_flip,0,"{""flipped"":true}",0.20624553,0.32248554,0.11624001,0.81363326,0.7243464,0.052251011,0.038528204,0.76138225,0.6858182,-0.075564057,0.65885794,1.4390159,27.01394,38.87349,False,0.94499314,True,True,True,0.65885794,1.4390159,27.01394,38.87349,0.65085522,1.4355558,26.656212,38.266479,0.93338243,1.5616899,4.3817049,6.8428643,0.66583776,0.9274563,9.225037,8.5558186,0.68631878,1.5045754,11.406537,17.161995,0.64650102,1.5358428,12.77935,19.627072,0.60164363,1.4839412,12.721572,18.878065,0.69303627,1.4442204,13.045807,18.84102
experiment_0a_best,file,16,,6166,106.Horned_Puffin/Horned_Puffin_0082_100876.jpg,106,105,106.Horned_Puffin,89,88,color_jitter,color_jitter,0,"{""brightness"":1.056539,""contrast"":0.763708,""hue"":0.039869,""saturation"":0.709897}",0.20624553,0.14116937,-0.065076157,0.81363326,0.86834222,0.052251011,0.0140379,0.76138225,0.85430432,0.092922069,0.77748445,0.81072007,27.01394,21.900744,False,0.94195735,True,True,True,0.77748445,0.81072007,27.01394,21.900744,0.77395479,0.81223668,26.656212,21.651153,0.92071311,0.75244457,4.3817049,3.2969901,0.85131661,0.83543383,9.225037,7.706908,0.73984247,0.84048943,11.406537,9.5870739,0.72473936,0.79677131,12.77935,10.182219,0.76427868,0.80734363,12.721572,10.27068,0.81820348,0.79770517,13.045807,10.406708
experiment_0a_best,file,16,,6166,106.Horned_Puffin/Horned_Puffin_0082_100876.jpg,106,105,106.Horned_Puffin,89,88,rotation,rotation,0,"{""angle"":-12.371478}",0.20624553,0.034577832,-0.1716677,0.81363326,0.96601313,0.052251011,0.0060920827,0.76138225,0.95992105,0.1985388,0.68129945,0.17985362,27.01394,4.858555,False,0.92900771,True,True,True,0.68129945,0.17985362,27.01394,4.858555,0.67419455,0.17931021,26.656212,4.779731,0.92188752,0.19892349,4.3817049,0.87162405,0.81326348,0.15682409,9.225037,1.446708,0.70625419,0.16547711,11.406537,1.8875207,0.58034044,0.16525637,12.77935,2.1118689,0.64067039,0.19025086,12.721572,2.42029,0.71493931,0.20094686,13.045807,2.621514
experiment_0a_best,file,16,,6166,106.Horned_Puffin/Horned_Puffin_0082_100876.jpg,106,105,106.Horned_Puffin,89,88,random_resized_crop,random_resized_crop,0,"{""area_fraction"":0.636703,""aspect"":0.857805,""fallback"":false,""height"":0.861538,""left"":0.065693,""top"":0.09046,""width"":0.739031}",0.20624553,0.041043602,-0.16520192,0.81363326,0.95978725,0.052251011,0.0037345239,0.76138225,0.95605273,0.19467047,0.69027599,0.24632038,27.01394,6.6540841,False,0.94146121,True,True,True,0.69027599,0.24632038,27.01394,6.6540841,0.68378776,0.24576141,26.656212,6.5510681,0.91411582,0.26618339,4.3817049,1.1663371,0.62549245,0.20723925,9.225037,1.9117897,0.69690454,0.22962072,11.406537,2.6191772,0.67282245,0.24740152,12.77935,3.1616304,0.67711136,0.26715989,12.721572,3.3986938,0.72346529,0.25254148,13.045807,3.2946074
experiment_0a_best,file,16,,6166,106.Horned_Puffin/Horned_Puffin_0082_100876.jpg,106,105,106.Horned_Puffin,89,88,gaussian_blur,gaussian_blur,0,"{""sigma"":1.619048}",0.20624553,2.3653069,2.1590613,0.81363326,0.093920469,0.052251011,0.0031371161,0.76138225,0.090783353,-0.6705989,0.46145269,5.5895298,27.01394,150.99523,False,0.77881092,True,True,True,0.46145269,5.5895298,27.01394,150.99523,0.45565361,5.6172409,26.656212,149.73436,0.74518215,4.4440476,4.3817049,19.472505,0.61531312,5.4952287,9.225037,50.693688,0.37871384,5.3591089,11.406537,61.128875,0.34848647,6.634799,12.77935,84.788416,0.50204614,5.8227315,12.721572,74.074296,0.54406713,4.4943191,13.045807,58.63202
experiment_0a_best,file,16,,6166,106.Horned_Puffin/Horned_Puffin_0082_100876.jpg,106,105,106.Horned_Puffin,89,88,random_erasing,random_erasing,0,"{""area_fraction"":0.13114,""erased"":true,""height"":0.555552,""left"":0.620961,""top"":0.408831,""width"":0.236054}",0.20624553,0.13970958,-0.06653595,0.81363326,0.86961079,0.052251011,0.016609816,0.76138225,0.85300097,0.091618719,0.85741692,0.69237295,27.01394,18.703722,False,0.95194978,True,True,True,0.85741692,0.69237295,27.01394,18.703722,0.85511668,0.69176403,26.656212,18.439809,0.94027112,0.71454383,4.3817049,3.1309202,0.93882378,0.68271621,9.225037,6.2980823,0.87574516,0.6668274,11.406537,7.6061914,0.84205764,0.71817495,12.77935,9.1778087,0.80036731,0.68066342,12.721572,8.6591085,0.86396112,0.69957855,13.045807,9.1265667
experiment_0a_best,file,16,,6776,116.Chipping_Sparrow/Chipping_Sparrow_0010_109760.jpg,116,115,116.Chipping_Sparrow,174,173,identity,identity,0,{},4.5810704,4.5810704,0,0.010243927,0.010243927,0.44573757,0.44573757,-0.43549364,-0.43549364,0,1,1,218.55138,218.55138,False,0.99999994,True,False,False,1,1,218.55138,218.55138,1,1,216.22891,216.22891,1,1,31.776845,31.776845,1,1,31.744916,31.744916,1,1,95.050755,95.050755,1,1,132.46769,132.46769,1,1,104.91939,104.91939,1,1,90.314928,90.314928
experiment_0a_best,file,16,,6776,116.Chipping_Sparrow/Chipping_Sparrow_0010_109760.jpg,116,115,116.Chipping_Sparrow,174,173,horizontal_flip,horizontal_flip,0,"{""flipped"":true}",4.5810704,5.1176815,0.53661108,0.010243927,0.0059898933,0.44573757,0.4722507,-0.43549364,-0.46626081,-0.030767163,0.62194234,1.1332403,218.55138,247.67123,False,0.93630755,True,False,False,0.62194234,1.1332403,218.55138,247.67123,0.61569601,1.1348292,216.22891,245.38287,0.93398001,1.057059,31.776845,33.59,0.38333827,1.4920278,31.744916,47.364298,0.6154979,1.3067249,95.050755,124.20519,0.62355431,1.0853658,132.46769,143.77591,0.57014587,1.0790832,104.91939,113.21674,0.71879798,1.0534997,90.314928,95.146749
experiment_0a_best,file,16,,6776,116.Chipping_Sparrow/Chipping_Sparrow_0010_109760.jpg,116,115,116.Chipping_Sparrow,174,173,color_jitter,color_jitter,0,"{""brightness"":1.064627,""contrast"":1.008562,""hue"":-0.088131,""saturation"":1.017984}",4.5810704,5.2361727,0.65510225,0.010243927,0.0053205811,0.44573757,0.059262488,-0.43549364,-0.053941907,0.38155174,0.52507435,0.59209382,218.55138,129.40292,False,0.8494854,False,False,False,0.52507435,0.59209382,218.55138,129.40292,0.51911068,0.58434991,216.22891,126.35334,0.75156473,0.87886568,31.776845,27.927578,0.28902554,0.60098443,31.744916,19.0782,0.37318631,0.56691599,95.050755,53.885793,0.56260703,0.52285698,132.46769,69.261659,0.5296553,0.60240481,104.91939,63.203943,0.60630167,0.6919649,90.314928,62.49476
experiment_0a_best,file,16,,6776,116.Chipping_Sparrow/Chipping_Sparrow_0010_109760.jpg,116,115,116.Chipping_Sparrow,174,173,rotation,rotation,0,"{""angle"":-9.110071}",4.5810704,4.1003776,-0.48069286,0.010243927,0.01656642,0.44573757,0.14083041,-0.43549364,-0.12426399,0.31122965,0.69051157,0.81331634,218.55138,177.75141,False,0.93690491,False,False,False,0.69051157,0.81331634,218.55138,177.75141,0.68597616,0.80920664,216.22891,174.97387,0.87607371,0.98500422,31.776845,31.300326,0.58442881,0.87495185,31.744916,27.775273,0.67943091,0.83834951,95.050755,79.685753,0.68530167,0.75430223,132.46769,99.920677,0.67022107,0.82621367,104.91939,86.68583,0.73290926,0.85737546,90.314928,77.433803
experiment_0a_best,file,16,,6776,116.Chipping_Sparrow/Chipping_Sparrow_0010_109760.jpg,116,115,116.Chipping_Sparrow,174,173,random_resized_crop,random_resized_crop,0,"{""area_fraction"":0.597984,""aspect"":1.092636,""fallback"":false,""height"":0.739788,""left"":0.102527,""top"":0.076169,""width"":0.808318}",4.5810704,4.4389734,-0.142097,0.010243927,0.011808056,0.44573757,0.016231194,-0.43549364,-0.0044231378,0.43107051,0.50620337,0.95669845,218.55138,209.08777,False,0.8758021,False,False,False,0.50620337,0.95669845,218.55138,209.08777,0.50279133,0.94789626,216.22891,204.96257,0.64613243,1.3005835,31.776845,41.328439,0.54322223,1.337343,31.744916,42.453842,0.5424195,1.1030651,95.050755,104.84717,0.48568512,0.91264268,132.46769,120.89567,0.49031001,0.85108009,104.91939,89.2948,0.51334213,0.90123034,90.314928,81.394553
experiment_0a_best,file,16,,6776,116.Chipping_Sparrow/Chipping_Sparrow_0010_109760.jpg,116,115,116.Chipping_Sparrow,174,173,gaussian_blur,gaussian_blur,0,"{""sigma"":1.129808}",4.5810704,5.4356856,0.85461521,0.010243927,0.004358246,0.44573757,0.041809939,-0.43549364,-0.037451693,0.39804195,0.59436236,0.84727058,218.55138,185.17216,False,0.90174139,False,False,False,0.59436236,0.84727058,218.55138,185.17216,0.58915323,0.84666635,216.22891,183.07374,0.8281148,0.87479089,31.776845,27.798095,0.56174589,1.5847143,31.744916,50.306621,0.60075017,0.94739193,95.050755,90.050319,0.57771914,0.76746409,132.46769,101.6642,0.58019221,0.80453845,104.91939,84.41168,0.65666802,0.81479655,90.314928,73.588291
experiment_0a_best,file,16,,6776,116.Chipping_Sparrow/Chipping_Sparrow_0010_109760.jpg,116,115,116.Chipping_Sparrow,174,173,random_erasing,random_erasing,0,"{""area_fraction"":0.090279,""erased"":true,""height"":0.398557,""left"":0.372398,""top"":0.511901,""width"":0.226515}",4.5810704,6.6171799,2.0361094,0.010243927,0.0013371967,0.44573757,0.053208921,-0.43549364,-0.051871724,0.38362192,0.5938001,0.54030542,218.55138,118.0845,False,0.86425471,False,False,False,0.5938001,0.54030542,218.55138,118.0845,0.58880198,0.53324594,216.22891,115.30319,0.79615472,0.80177594,31.776845,25.47791,0.4764852,0.48307388,31.744916,15.33514,0.64196322,0.42545915,95.050755,40.440213,0.59428984,0.44634978,132.46769,59.126927,0.57484345,0.57140129,104.91939,59.951072,0.62394564,0.72893879,90.314928,65.834055
experiment_0a_best,file,16,,5910,101.White_Pelican/White_Pelican_0047_97190.jpg,101,100,101.White_Pelican,100,99,identity,identity,0,{},0.00054642529,0.00054642529,0,0.99945372,0.99945372,0.00029804758,0.00029804758,0.99915568,0.99915568,0,1,1,0.087980199,0.087980199,False,1,True,True,True,1,1,0.087980199,0.087980199,1,1,0.085773428,0.085773428,1,1,0.019581483,0.019581483,1,1,0.016800014,0.016800014,1,1,0.035197706,0.035197706,1,1,0.044516919,0.044516919,1,1,0.039784492,0.039784492,1,1,0.047659207,0.047659207
experiment_0a_best,file,16,,5910,101.White_Pelican/White_Pelican_0047_97190.jpg,101,100,101.White_Pelican,100,99,horizontal_flip,horizontal_flip,0,"{""flipped"":true}",0.00054642529,0.00032741431,-0.00021901098,0.99945372,0.99967265,0.00029804758,0.00023340106,0.99915568,0.99943925,0.00028357438,0.67236115,0.60740953,0.087980199,0.053440012,False,0.97947669,True,True,True,0.67236115,0.60740953,0.087980199,0.053440012,0.65489132,0.60279831,0.085773428,0.051704077,0.9710138,0.68994346,0.019581483,0.013510116,0.30363615,0.51093404,0.016800014,0.0085836991,0.662358,0.60830789,0.035197706,0.021411042,0.64549448,0.52854199,0.044516919,0.023529061,0.56754035,0.60916953,0.039784492,0.024235501,0.75503011,0.66359263,0.047659207,0.031626299
experiment_0a_best,file,16,,5910,101.White_Pelican/White_Pelican_0047_97190.jpg,101,100,101.White_Pelican,100,99,color_jitter,color_jitter,0,"{""brightness"":1.356112,""contrast"":0.703897,""hue"":-0.036751,""saturation"":0.828766}",0.00054642529,0.028402586,0.02785616,0.99945372,0.97199696,0.00029804758,0.0064895866,0.99915568,0.96550738,-0.033648299,0.62813571,56.587137,0.087980199,4.9785475,False,0.9316113,True,True,True,0.62813571,56.587137,0.087980199,4.9785475,0.62005206,57.322204,0.085773428,4.9167219,0.89064688,39.944091,0.019581483,0.78216456,0.10927028,60.707543,0.016800014,1.0198876,0.55420167,61.597176,0.035197706,2.1680793,0.6193692,62.513156,0.044516919,2.7828931,0.62285674,56.15759,0.039784492,2.2342012,0.7492434,50.082554,0.047659207,2.3868948
experiment_0a_best,file,16,,5910,101.White_Pelican/White_Pelican_0047_97190.jpg,101,100,101.White_Pelican,100,99,rotation,rotation,0,"{""angle"":7.568571}",0.00054642529,0.00078099262,0.00023456733,0.99945372,0.9992193,0.00029804758,0.00047834072,0.99915568,0.99874096,-0.0004147182,0.76608025,1.4447567,0.087980199,0.12710998,False,0.97683018,True,True,True,0.76608025,1.4447567,0.087980199,0.12710998,0.75514995,1.444029,0.085773428,0.12385932,0.97373842,1.4586488,0.019581483,0.028562508,0.47423995,1.7301104,0.016800014,0.02906588,0.75650807,1.5439986,0.035197706,0.054345209,0.74173896,1.4548256,0.044516919,0.064764355,0.72524538,1.4020646,0.039784492,0.055780428,0.83680155,1.3657893,0.047659207,0.065092438
experiment_0a_best,file,16,,5910,101.White_Pelican/White_Pelican_0047_97190.jpg,101,100,101.White_Pelican,100,99,random_resized_crop,random_resized_crop,0,"{""area_fraction"":0.829884,""aspect"":1.168867,""fallback"":false,""height"":0.842609,""left"":0.005293,""top"":0.01767,""width"":0.984898}",0.00054642529,0.0010694505,0.00052302523,0.99945372,0.99893111,0.00029804758,0.00048006017,0.99915568,0.99845105,-0.00070462612,0.81204943,1.9119526,0.087980199,0.16821397,False,0.97935975,True,True,True,0.81204943,1.9119526,0.087980199,0.16821397,0.80397263,1.9158508,0.085773428,0.16432909,0.97450985,1.8355544,0.019581483,0.035942878,0.70626041,1.8011011,0.016800014,0.030258524,0.78498356,1.9143983,0.035197706,0.067382428,0.82192094,2.0227282,0.044516919,0.09004563,0.76511082,1.8821289,0.039784492,0.074879543,0.83860733,1.8570131,0.047659207,0.088503771
experiment_0a_best,file,16,,5910,101.White_Pelican/White_Pelican_0047_97190.jpg,101,100,101.White_Pelican,100,99,gaussian_blur,gaussian_blur,0,"{""sigma"":1.697148}",0.00054642529,0.032326497,0.031780072,0.99945372,0.96819043,0.00029804758,0.0094909947,0.99915568,0.95869944,-0.040456239,0.63320079,71.687055,0.087980199,6.3070413,False,0.91525471,True,True,True,0.63320079,71.687055,0.087980199,6.3070413,0.62633851,72.72716,0.085773428,6.2380578,0.89104486,47.507716,0.019581483,0.93027156,0.54816321,73.300028,0.016800014,1.2314415,0.57513407,83.664484,0.035197706,2.9447979,0.65388899,81.587878,0.044516919,3.632041,0.59092445,73.249138,0.039784492,2.9141798,0.71118662,55.675972,0.047659207,2.6534727
experiment_0a_best,file,16,,5910,101.White_Pelican/White_Pelican_0047_97190.jpg,101,100,101.White_Pelican,100,99,random_erasing,random_erasing,0,"{""area_fraction"":0.170357,""erased"":true,""height"":0.686867,""left"":0.310335,""top"":0.046378,""width"":0.248021}",0.00054642529,0.0015639943,0.001017569,0.99945372,0.99843723,0.00029804758,0.00060676027,0.99915568,0.99783047,-0.0013252103,0.76690666,3.1314265,0.087980199,0.27550352,False,0.9629215,True,True,True,0.76690666,3.1314265,0.087980199,0.27550352,0.75916681,3.1506607,0.085773428,0.27024297,0.9452056,2.7363115,0.019581483,0.053581038,0.42229534,2.7457377,0.016800014,0.046128432,0.7852505,3.3696899,0.035197706,0.11860535,0.78556829,3.2265917,0.044516919,0.14363792,0.71227989,3.3592601,0.039784492,0.13364646,0.80272728,2.8417642,0.047659207,0.13543623
experiment_0a_best,file,16,,2998,052.Pied_billed_Grebe/Pied_Billed_Grebe_0052_35937.jpg,52,51,052.Pied_billed_Grebe,155,154,identity,identity,0,{},0.0010331299,0.0010331299,0,0.99896741,0.99896741,0.0002270141,0.0002270141,0.9987404,0.9987404,0,1,1,0.17877405,0.17877405,False,1,True,True,True,1,1,0.17877405,0.17877405,1,1,0.17479611,0.17479611,1,1,0.037503078,0.037503078,1,1,0.029252103,0.029252103,1,1,0.076890131,0.076890131,1,1,0.098773052,0.098773052,1,1,0.0830994,0.0830994,1,1,0.084405424,0.084405424
experiment_0a_best,file,16,,2998,052.Pied_billed_Grebe/Pied_Billed_Grebe_0052_35937.jpg,52,51,052.Pied_billed_Grebe,155,154,horizontal_flip,horizontal_flip,0,"{""flipped"":true}",0.0010331299,0.0056529893,0.0046198594,0.99896741,0.99436295,0.0002270141,0.001095497,0.9987404,0.99326745,-0.0054729418,0.7739194,5.2646085,0.17877405,0.94117538,False,0.97862327,True,True,True,0.7739194,5.2646085,0.17877405,0.94117538,0.76594206,5.2876491,0.17479611,0.9242605,0.97188693,4.7365028,0.037503078,0.17763343,0.64488413,5.82429,0.029252103,0.17037273,0.79823281,5.1802113,0.076890131,0.39830713,0.79182373,5.3256879,0.098773052,0.52603445,0.70445482,5.2848249,0.0830994,0.43916578,0.78029809,5.2585533,0.084405424,0.44385043
experiment_0a_best,file,16,,2998,052.Pied_billed_Grebe/Pied_Billed_Grebe_0052_35937.jpg,52,51,052.Pied_billed_Grebe,155,154,color_jitter,color_jitter,0,"{""brightness"":0.951998,""contrast"":1.185879,""hue"":0.084998,""saturation"":0.620447}",0.0010331299,0.076698452,0.075665322,0.99896741,0.9261691,0.0002270141,0.014888555,0.9987404,0.91128054,-0.087459852,0.77107832,87.708962,0.17877405,15.680086,False,0.93049324,True,True,True,0.77107832,87.708962,0.17877405,15.680086,0.76861273,88.775918,0.17479611,15.517685,0.90826664,60.019121,0.037503078,2.2509018,0.60182599,77.245684,0.029252103,2.2595987,0.76486592,92.769117,0.076890131,7.1330296,0.79873288,89.761938,0.098773052,8.8660606,0.74826296,94.511889,0.0830994,7.8538813,0.77717865,79.052898,0.084405424,6.6724934
experiment_0a_best,file,16,,2998,052.Pied_billed_Grebe/Pied_Billed_Grebe_0052_35937.jpg,52,51,052.Pied_billed_Grebe,155,154,rotation,rotation,0,"{""angle"":-1.847791}",0.0010331299,0.012173757,0.011140627,0.99896741,0.98790002,0.0002270141,0.0062209731,0.9987404,0.98167905,-0.017061349,0.84374676,15.630567,0.17877405,2.7943398,False,0.98118544,True,True,True,0.84374676,15.630567,0.17877405,2.7943398,0.84198557,15.788495,0.17479611,2.7597675,0.93266811,11.684345,0.037503078,0.43819892,0.8017804,18.853176,0.029252103,0.55149504,0.84395043,17.574152,0.076890131,1.3512788,0.85933673,16.429457,0.098773052,1.6227876,0.83239889,15.192408,0.0830994,1.26248,0.84981131,13.293174,0.084405424,1.122016
experiment_0a_best,file,16,,2998,052.Pied_billed_Grebe/Pied_Billed_Grebe_0052_35937.jpg,52,51,052.Pied_billed_Grebe,155,154,random_resized_crop,random_resized_crop,0,"{""area_fraction"":0.533397,""aspect"":0.850831,""fallback"":false,""height"":0.791779,""left"":0.05268,""top"":0.139806,""width"":0.67367}",0.0010331299,0.0040562032,0.0030230733,0.99896741,0.99595201,0.0002270141,0.0013920007,0.9987404,0.99456001,-0.0041803856,0.76985975,4.6542166,0.17877405,0.83205314,False,0.96941894,True,True,True,0.76985975,4.6542166,0.17877405,0.83205314,0.76408127,4.6926361,0.17479611,0.82025454,0.94805723,3.7230078,0.037503078,0.13962425,0.71601601,5.2030157,0.029252103,0.15219915,0.80428777,5.3486321,0.076890131,0.41125703,0.80886161,4.7219001,0.098773052,0.46639648,0.70036597,4.5773535,0.0830994,0.38037533,0.74163254,4.0751113,0.084405424,0.3439615
experiment_0a_best,file,16,,2998,052.Pied_billed_Grebe/Pied_Billed_Grebe_0052_35937.jpg,52,51,052.Pied_billed_Grebe,155,154,gaussian_blur,gaussian_blur,0,"{""sigma"":1.820548}",0.0010331299,3.2321498,3.2311167,0.99896741,0.03947255,0.0002270141,0.15733513,0.9987404,-0.11786258,-1.116603,0.50045602,925.7569,0.17877405,165.50131,False,0.7202431,False,True,False,0.50045602,925.7569,0.17877405,165.50131,0.49545678,936.74207,0.17479611,163.73887,0.69375007,642.31318,0.037503078,24.088721,0.52671849,1128.1992,0.029252103,33.002198,0.54528157,1070.0447,0.076890131,82.275875,0.52565615,935.36245,0.098773052,92.388604,0.42045021,901.50333,0.0830994,74.914386,0.4799854,821.17771,0.084405424,69.311853
experiment_0a_best,file,16,,2998,052.Pied_billed_Grebe/Pied_Billed_Grebe_0052_35937.jpg,52,51,052.Pied_billed_Grebe,155,154,random_erasing,random_erasing,0,"{""area_fraction"":0.132681,""erased"":true,""height"":0.270652,""left"":0.291816,""top"":0.645819,""width"":0.490227}",0.0010331299,0.0078787748,0.0068456449,0.99896741,0.99215215,0.0002270141,0.0027072257,0.9987404,0.98944493,-0.0092954663,0.85102959,7.7629228,0.17877405,1.3878091,False,0.98171139,True,True,True,0.85102959,7.7629228,0.17877405,1.3878091,0.84609544,7.78712,0.17479611,1.3611583,0.96903739,7.2172783,0.037503078,0.27067015,0.75714341,7.2279659,0.029252103,0.2114332,0.84676103,7.6159506,0.076890131,0.58559144,0.85896328,7.9497798,0.098773052,0.78522402,0.84182723,8.0150317,0.0830994,0.66604432,0.8431101,7.5391833,0.084405424,0.63634797
experiment_0a_best,file,16,,3365,058.Pigeon_Guillemot/Pigeon_Guillemot_0058_40184.jpg,58,57,058.Pigeon_Guillemot,84,83,identity,identity,0,{},0.048635814,0.048635814,0,0.95252794,0.95252794,0.015964944,0.015964944,0.936563,0.936563,0,1,1,10.129084,10.129084,False,1,True,True,True,1,1,10.129084,10.129084,1,1,9.9986789,9.9986789,1,1,1.6201103,1.6201103,1,1,3.1615675,3.1615675,1,1,5.3907681,5.3907681,1,1,5.0392946,5.0392946,1,1,4.2473937,4.2473937,1,1,4.1812494,4.1812494
experiment_0a_best,file,16,,3365,058.Pigeon_Guillemot/Pigeon_Guillemot_0058_40184.jpg,58,57,058.Pigeon_Guillemot,84,83,horizontal_flip,horizontal_flip,0,"{""flipped"":true}",0.048635814,0.3230148,0.27437898,0.95252794,0.72396314,0.015964944,0.030183408,0.936563,0.69377973,-0.24278326,0.70146715,5.085089,10.129084,51.507292,False,0.95817482,True,True,True,0.70146715,5.085089,10.129084,51.507292,0.69513255,5.0632901,9.9986789,50.626212,0.91730922,5.8552768,1.6201103,9.4861942,0.7119604,4.7346637,3.1615675,14.968959,0.73765747,4.3289255,5.3907681,23.336234,0.69954198,5.0233601,5.0392946,25.314191,0.64057035,5.7493712,4.2473937,24.419843,0.70620864,5.6455974,4.1812494,23.605651
experiment_0a_best,file,16,,3365,058.Pigeon_Guillemot/Pigeon_Guillemot_0058_40184.jpg,58,57,058.Pigeon_Guillemot,84,83,color_jitter,color_jitter,0,"{""brightness"":0.930273,""contrast"":0.708554,""hue"":-0.096304,""saturation"":1.211491}",0.048635814,0.51887143,0.47023561,0.95252794,0.5951919,0.015964944,0.021845616,0.936563,0.57334628,-0.36321672,0.53391907,6.5957112,10.129084,66.808511,False,0.88605666,True,True,True,0.53391907,6.5957112,10.129084,66.808511,0.52502497,6.5713903,9.9986789,65.705221,0.83640382,7.4632947,1.6201103,12.091361,0.66270024,4.2573759,3.1615675,13.459981,0.20877202,5.6052839,5.3907681,30.216786,0.65003071,6.8963115,5.0392946,34.752545,0.60708728,7.4666249,4.2473937,31.713696,0.65565504,7.5986593,4.1812494,31.77189
experiment_0a_best,file,16,,3365,058.Pigeon_Guillemot/Pigeon_Guillemot_0058_40184.jpg,58,57,058.Pigeon_Guillemot,84,83,rotation,rotation,0,"{""angle"":2.834544}",0.048635814,0.1005389,0.051903088,0.95252794,0.90434992,0.015964944,0.021965757,0.936563,0.88238417,-0.05417883,0.85659294,2.1628566,10.129084,21.907756,False,0.97904974,True,True,True,0.85659294,2.1628566,10.129084,21.907756,0.8542961,2.1690194,9.9986789,21.687328,0.96235322,1.913406,1.6201103,3.0999287,0.93490912,2.680666,3.1615675,8.4751065,0.82620584,1.9606994,5.3907681,10.569676,0.85340468,2.2021548,5.0392946,11.097307,0.84319026,2.2282128,4.2473937,9.4640973,0.87543035,2.058405,4.1812494,8.6067049
experiment_0a_best,file,16,,3365,058.Pigeon_Guillemot/Pigeon_Guillemot_0058_40184.jpg,58,57,058.Pigeon_Guillemot,84,83,random_resized_crop,random_resized_crop,0,"{""area_fraction"":0.608079,""aspect"":0.986413,""fallback"":false,""height"":0.785147,""left"":0.024088,""top"":0.082795,""width"":0.774479}",0.048635814,2.2281427,2.1795069,0.95252794,0.10772834,0.015964944,0.090286016,0.936563,0.017442323,-0.91912067,0.64991035,17.958797,10.129084,181.90616,False,0.90698248,False,True,False,0.64991035,17.958797,10.129084,181.90616,0.64467829,17.890258,9.9986789,178.87895,0.83012614,20.398647,1.6201103,33.048058,0.74646943,21.081178,3.1615675,66.649569,0.67559964,15.476053,5.3907681,83.427813,0.62205777,17.501633,5.0392946,88.195886,0.60673113,18.686139,4.2473937,79.367391,0.62478157,19.308045,4.1812494,80.73175
experiment_0a_best,file,16,,3365,058.Pigeon_Guillemot/Pigeon_Guillemot_0058_40184.jpg,58,57,058.Pigeon_Guillemot,84,83,gaussian_blur,gaussian_blur,0,"{""sigma"":1.86946}",0.048635814,1.5568036,1.5081678,0.95252794,0.21080883,0.015964944,0.17681988,0.936563,0.033988953,-0.90257404,0.54653235,15.947308,10.129084,161.53161,False,0.85437655,True,True,True,0.54653235,15.947308,10.129084,161.53161,0.5406189,16.000754,9.9986789,159.98641,0.8145927,13.757884,1.6201103,22.28929,0.47641463,14.543187,3.1615675,45.979268,0.45019818,14.891393,5.3907681,80.276049,0.61950519,18.610368,5.0392946,93.783124,0.56234723,16.037884,4.2473937,68.119206,0.57879858,14.353389,4.1812494,60.015099
experiment_0a_best,file,16,,3365,058.Pigeon_Guillemot/Pigeon_Guillemot_0058_40184.jpg,58,57,058.Pigeon_Guillemot,84,83,random_erasing,random_erasing,0,"{""area_fraction"":0.111611,""erased"":true,""height"":0.248114,""left"":0.419842,""top"":0.329809,""width"":0.449839}",0.048635814,0.1756352,0.12699939,0.95252794,0.83892399,0.015964944,0.092400081,0.936563,0.74652391,-0.19003909,0.82303665,3.3847584,10.129084,34.284501,False,0.97290367,True,True,True,0.82303665,3.3847584,10.129084,34.284501,0.81976707,3.3780214,9.9986789,33.775751,0.94096513,3.6320712,1.6201103,5.884356,0.85680009,3.6266377,3.1615675,11.46586,0.82126228,3.1029677,5.3907681,16.727379,0.84542172,3.6427769,5.0392946,18.357026,0.77125544,3.287369,4.2473937,13.962751,0.81300843,3.3618471,4.1812494,14.056721
experiment_0a_best,file,16,,10968,187.American_Three_toed_Woodpecker/American_Three_Toed_Woodpecker_0008_179850.jpg,187,186,187.American_Three_toed_Woodpecker,34,33,identity,identity,0,{},0.14574313,0.14574313,0,0.8643797,0.8643797,0.020129526,0.020129526,0.84425018,0.84425018,0,1,1,29.308667,29.308667,False,1,True,True,True,1,1,29.308667,29.308667,1,1,29.034746,29.034746,1,1,3.9976847,3.9976847,1,1,5.427832,5.427832,1,1,13.973634,13.973634,1,1,17.124383,17.124383,1,1,13.24969,13.24969,1,1,12.22677,12.22677
experiment_0a_best,file,16,,10968,187.American_Three_toed_Woodpecker/American_Three_Toed_Woodpecker_0008_179850.jpg,187,186,187.American_Three_toed_Woodpecker,34,33,horizontal_flip,horizontal_flip,0,"{""flipped"":true}",0.14574313,0.11925845,-0.026484683,0.8643797,0.88757837,0.020129526,0.0035429683,0.84425018,0.8840354,0.039785222,0.66045207,0.79699947,29.308667,23.358992,False,0.96471393,True,True,True,0.66045207,0.79699947,29.308667,23.358992,0.65539537,0.7949614,29.034746,23.081502,0.90139711,0.89797342,3.9976847,3.5898146,0.46759267,0.92816426,5.427832,5.0379197,0.61085012,0.78614116,13.973634,10.985249,0.69633284,0.80453206,17.124383,13.777115,0.62440673,0.80551155,13.24969,10.672779,0.71906732,0.74504254,12.22677,9.109464
experiment_0a_best,file,16,,10968,187.American_Three_toed_Woodpecker/American_Three_Toed_Woodpecker_0008_179850.jpg,187,186,187.American_Three_toed_Woodpecker,34,33,color_jitter,color_jitter,0,"{""brightness"":0.818365,""contrast"":1.243664,""hue"":0.088741,""saturation"":1.148367}",0.14574313,1.9993514,1.8536083,0.8643797,0.13542311,0.020129526,0.0065626218,0.84425018,0.12886049,-0.71538969,0.56383428,7.5724487,29.308667,221.93838,False,0.9000237,False,True,False,0.56383428,7.5724487,29.308667,221.93838,0.56114651,7.5718197,29.034746,219.84586,0.70498957,7.6055568,3.9976847,30.404618,0.61197485,7.4947444,5.427832,40.680213,0.64877297,7.145364,13.973634,99.846702,0.60121328,7.7269002,17.124383,132.31839,0.49589678,7.8657634,13.24969,104.21893,0.44295181,7.4683531,12.22677,91.313838
experiment_0a_best,file,16,,10968,187.American_Three_toed_Woodpecker/American_Three_Toed_Woodpecker_0008_179850.jpg,187,186,187.American_Three_toed_Woodpecker,34,33,rotation,rotation,0,"{""angle"":12.595579}",0.14574313,0.41283616,0.26709303,0.8643797,0.6617707,0.020129526,0.068597928,0.84425018,0.59317277,-0.2510774,0.80281339,2.3799479,29.308667,69.753102,False,0.96398634,True,True,True,0.80281339,2.3799479,29.308667,69.753102,0.79989,2.3799739,29.034746,69.101938,0.95711124,2.3785779,3.9976847,9.5088046,0.76225472,2.3917253,5.427832,12.981883,0.80172922,2.2497043,13.973634,31.436544,0.81566109,2.291639,17.124383,39.242903,0.77410977,2.5852209,13.24969,34.253376,0.81428119,2.4604291,12.22677,30.083101
experiment_0a_best,file,16,,10968,187.American_Three_toed_Woodpecker/American_Three_Toed_Woodpecker_0008_179850.jpg,187,186,187.American_Three_toed_Woodpecker,34,33,random_resized_crop,random_resized_crop,0,"{""area_fraction"":0.619586,""aspect"":0.904162,""fallback"":false,""height"":0.827804,""left"":0.241872,""top"":0.007224,""width"":0.748469}",0.14574313,0.32906178,0.18331864,0.8643797,0.71959859,0.020129526,0.010862133,0.84425018,0.70873646,-0.13551372,0.74273032,2.1890348,29.308667,64.157691,False,0.9321264,True,True,True,0.74273032,2.1890348,29.308667,64.157691,0.73985943,2.1924219,29.034746,63.656413,0.91155867,2.0022584,3.9976847,8.0043979,0.60108669,2.2172648,5.427832,12.034941,0.71872093,2.1880433,13.973634,30.574917,0.75403167,2.2605646,17.124383,38.710773,0.73882921,2.1808909,13.24969,28.89613,0.77133404,2.0674082,12.22677,25.277725
experiment_0a_best,file,16,,10968,187.American_Three_toed_Woodpecker/American_Three_Toed_Woodpecker_0008_179850.jpg,187,186,187.American_Three_toed_Woodpecker,34,33,gaussian_blur,gaussian_blur,0,"{""sigma"":1.931163}",0.14574313,3.7193136,3.5735705,0.8643797,0.024250606,0.020129526,0.011302257,0.84425018,0.012948349,-0.83130183,0.36714452,5.9323391,29.308667,173.86895,False,0.74335492,False,True,False,0.36714452,5.9323391,29.308667,173.86895,0.36031298,5.9188992,29.034746,171.85374,0.69233949,6.6026196,3.9976847,26.395191,0.13258566,5.5325426,5.427832,30.029712,0.30640509,5.1577089,13.973634,72.071938,0.37433244,5.2325722,17.124383,89.604568,0.36468897,6.8754578,13.24969,91.097686,0.43949586,6.8963086,12.22677,84.319581
experiment_0a_best,file,16,,10968,187.American_Three_toed_Woodpecker/American_Three_Toed_Woodpecker_0008_179850.jpg,187,186,187.American_Three_toed_Woodpecker,34,33,random_erasing,random_erasing,0,"{""area_fraction"":0.164532,""erased"":true,""height"":0.547697,""left"":0.623611,""top"":0.155398,""width"":0.300407}",0.14574313,0.36817008,0.22242695,0.8643797,0.6919995,0.020129526,0.0058171945,0.84425018,0.6861823,-0.15806788,0.62406774,2.1063656,29.308667,61.734768,False,0.90915036,True,True,True,0.62406774,2.1063656,29.308667,61.734768,0.61976175,2.0952457,29.034746,60.834928,0.82088241,2.6270332,3.9976847,10.50205,0.63726721,2.14559,5.427832,11.645902,0.67990471,2.636825,13.973634,36.846028,0.61214268,1.8664715,17.124383,31.962172,0.56489168,1.8509679,13.24969,24.524752,0.62833563,1.9774846,12.22677,24.17825
experiment_0a_best,file,16,,10980,187.American_Three_toed_Woodpecker/American_Three_Toed_Woodpecker_0013_179833.jpg,187,186,187.American_Three_toed_Woodpecker,190,189,identity,identity,0,{},0.075103447,0.075103447,0,0.92764753,0.92764753,0.06192378,0.06192378,0.86572375,0.86572375,0,1,1,21.173864,21.173864,False,0.99999994,True,True,True,1,1,21.173864,21.173864,1,1,20.99213,20.99213,1,1,2.7682101,2.7682101,1,1,5.4937921,5.4937921,1,1,9.4513774,9.4513774,1,1,12.122129,12.122129,1,1,10.387536,10.387536,1,1,8.1432386,8.1432386
experiment_0a_best,file,16,,10980,187.American_Three_toed_Woodpecker/American_Three_Toed_Woodpecker_0013_179833.jpg,187,186,187.American_Three_toed_Woodpecker,190,189,horizontal_flip,horizontal_flip,0,"{""flipped"":true}",0.075103447,0.0091941776,-0.065909269,0.92764753,0.99084795,0.06192378,0.0081530036,0.86572375,0.98269494,0.11697119,0.71507053,0.1178385,21.173864,2.4950963,False,0.95387298,True,True,True,0.71507053,0.1178385,21.173864,2.4950963,0.71027925,0.11730482,20.99213,2.462478,0.95361852,0.14526678,2.7682101,0.40212897,0.81043733,0.11918737,5.4937921,0.65479066,0.64209986,0.11450831,9.4513774,1.0822612,0.68440601,0.11435668,12.122129,1.3862464,0.71771678,0.11587443,10.387536,1.2036498,0.79373393,0.12840257,8.1432386,1.0456128
experiment_0a_best,file,16,,10980,187.American_Three_toed_Woodpecker/American_Three_Toed_Woodpecker_0013_179833.jpg,187,186,187.American_Three_toed_Woodpecker,190,189,color_jitter,color_jitter,0,"{""brightness"":0.605468,""contrast"":0.828856,""hue"":-0.047042,""saturation"":0.814021}",0.075103447,0.011948914,-0.063154533,0.92764753,0.98812217,0.06192378,0.0095636323,0.86572375,0.97855853,0.11283478,0.8396005,0.17408756,21.173864,3.6861063,False,0.9621129,True,True,True,0.8396005,0.17408756,21.173864,3.6861063,0.83775287,0.17435571,20.99213,3.6600978,0.96098438,0.15790293,2.7682101,0.4371085,0.81941493,0.24539352,5.4937921,1.348141,0.78119299,0.19237856,9.4513774,1.8182423,0.87696064,0.16130676,12.122129,1.9553813,0.86275056,0.16105257,10.387536,1.6729393,0.86924476,0.15776902,8.1432386,1.2847508
experiment_0a_best,file,16,,10980,187.American_Three_toed_Woodpecker/American_Three_Toed_Woodpecker_0013_179833.jpg,187,186,187.American_Three_toed_Woodpecker,190,189,rotation,rotation,0,"{""angle"":5.639044}",0.075103447,0.24260755,0.1675041,0.92764753,0.78457934,0.06192378,0.20144661,0.86572375,0.58313273,-0.28259102,0.86125416,3.0071656,21.173864,63.673314,False,0.9571327,True,True,True,0.86125416,3.0071656,21.173864,63.673314,0.85957553,3.005354,20.99213,63.088783,0.95504218,3.1095645,2.7682101,8.6079281,0.88615395,2.9958233,5.4937921,16.458431,0.82208389,2.6365234,9.4513774,24.918777,0.86845276,2.9207516,12.122129,35.405727,0.86651698,3.1731659,10.387536,32.961374,0.87641622,3.3593529,8.1432386,27.356012
experiment_0a_best,file,16,,10980,187.American_Three_toed_Woodpecker/American_Three_Toed_Woodpecker_0013_179833.jpg,187,186,187.American_Three_toed_Woodpecker,190,189,random_resized_crop,random_resized_crop,0,"{""area_fraction"":0.747538,""aspect"":0.930792,""fallback"":false,""height"":0.89617,""left"":0.077531,""top"":0.033457,""width"":0.834148}",0.075103447,1.0026529,0.92754944,0.92764753,0.36690474,0.06192378,0.60827321,0.86572375,-0.24136847,-1.1070922,0.84630285,8.9625262,21.173864,189.77131,False,0.96697766,False,True,False,0.84630285,8.9625262,21.173864,189.77131,0.84410989,8.9436302,20.99213,187.74585,0.96429083,9.9892156,2.7682101,27.652248,0.80469955,8.4843567,5.4937921,46.611292,0.80590895,7.7264341,9.4513774,73.025445,0.8675897,8.8026888,12.122129,106.70733,0.84982563,9.2983056,10.387536,96.586481,0.8637209,10.294653,8.1432386,83.831817
experiment_0a_best,file,16,,10980,187.American_Three_toed_Woodpecker/American_Three_Toed_Woodpecker_0013_179833.jpg,187,186,187.American_Three_toed_Woodpecker,190,189,gaussian_blur,gaussian_blur,0,"{""sigma"":1.736971}",0.075103447,0.039690871,-0.035412576,0.92764753,0.96108651,0.06192378,0.018947285,0.86572375,0.94213923,0.076415475,0.59163195,0.47590843,21.173864,10.07682,False,0.86034179,True,True,True,0.59163195,0.47590843,21.173864,10.07682,0.58757577,0.47524134,20.99213,9.976328,0.80948018,0.51281256,2.7682101,1.4195729,0.39689237,0.31089651,5.4937921,1.7080008,0.58068351,0.45332401,9.4513774,4.2845363,0.58638806,0.47482031,12.122129,5.7558329,0.60048697,0.50271015,10.387536,5.2219196,0.64889139,0.51889231,8.1432386,4.2254639
experiment_0a_best,file,16,,10980,187.American_Three_toed_Woodpecker/American_Three_Toed_Woodpecker_0013_179833.jpg,187,186,187.American_Three_toed_Woodpecker,190,189,random_erasing,random_erasing,0,"{""area_fraction"":0.182388,""erased"":true,""height"":0.43929,""left"":0.333187,""top"":0.235824,""width"":0.415189}",0.075103447,0.42653802,0.35143457,0.92764753,0.65276504,0.06192378,0.17932111,0.86572375,0.47344393,-0.39227983,0.69285379,2.8469404,21.173864,60.280729,False,0.86233002,True,True,True,0.69285379,2.8469404,21.173864,60.280729,0.69069205,2.8177867,20.99213,59.151345,0.83050832,4.1954854,2.7682101,11.613985,0.83601298,2.3124084,5.4937921,12.703891,0.78570228,2.7973587,9.4513774,26.438893,0.65910032,2.71175,12.122129,32.872183,0.63391365,2.7057978,10.387536,28.106571,0.68795642,3.4029868,8.1432386,27.711333
experiment_0a_best,file,16,,9585,163.Cape_May_Warbler/Cape_May_Warbler_0040_163036.jpg,163,162,163.Cape_May_Warbler,182,181,identity,identity,0,{},0.038700607,0.038700607,0,0.9620387,0.9620387,0.01509361,0.01509361,0.94694509,0.94694509,0,1,1,5.2290169,5.2290169,False,1,True,True,True,1,1,5.2290169,5.2290169,1,1,5.0980196,5.0980196,1,1,1.1631056,1.1631056,1,1,1.247284,1.247284,1,1,1.8243723,1.8243723,1,1,2.5685242,2.5685242,1,1,2.6441799,2.6441799,1,1,2.7416689,2.7416689
experiment_0a_best,file,16,,9585,163.Cape_May_Warbler/Cape_May_Warbler_0040_163036.jpg,163,162,163.Cape_May_Warbler,182,181,horizontal_flip,horizontal_flip,0,"{""flipped"":true}",0.038700607,0.0087407371,-0.02995987,0.9620387,0.99129736,0.01509361,0.0032860395,0.94694509,0.98801132,0.041066239,0.71682029,0.23507673,5.2290169,1.2292202,False,0.97856897,True,True,True,0.71682029,0.23507673,5.2290169,1.2292202,0.70273568,0.23432723,5.0980196,1.1946048,0.97268427,0.24903833,1.1631056,0.28965789,0.70710938,0.19549793,1.247284,0.24384144,0.58282343,0.24626959,1.8243723,0.44928742,0.63206387,0.23338261,2.5685242,0.59944887,0.70301829,0.22319686,2.6441799,0.59017265,0.81732452,0.24687361,2.7416689,0.6768457
experiment_0a_best,file,16,,9585,163.Cape_May_Warbler/Cape_May_Warbler_0040_163036.jpg,163,162,163.Cape_May_Warbler,182,181,color_jitter,color_jitter,0,"{""brightness"":0.739245,""contrast"":1.133355,""hue"":0.09251,""saturation"":0.999682}",0.038700607,1.2940078,1.2553072,0.9620387,0.27416977,0.01509361,0.013205942,0.94694509,0.26096383,-0.68598126,0.35841528,15.807771,5.2290169,82.659101,False,0.82824087,False,True,False,0.35841528,15.807771,5.2290169,82.659101,0.33839289,15.771854,5.0980196,80.405218,0.72682132,16.482611,1.1631056,19.171018,0.069213937,10.493457,1.247284,13.088321,0.18715504,20.78452,1.8243723,37.918703,0.22924746,16.890493,2.5685242,43.383639,0.4199869,14.525386,2.6441799,38.407735,0.53173212,14.119649,2.7416689,38.711402
experiment_0a_best,file,16,,9585,163.Cape_May_Warbler/Cape_May_Warbler_0040_163036.jpg,163,162,163.Cape_May_Warbler,182,181,rotation,rotation,0,"{""angle"":9.799704}",0.038700607,0.023765817,-0.014934789,0.9620387,0.97651434,0.01509361,0.0081243599,0.94694509,0.96838998,0.021444893,0.80462615,0.65487422,5.2290169,3.4243484,False,0.96894789,True,True,True,0.80462615,0.65487422,5.2290169,3.4243484,0.79687761,0.65595537,5.0980196,3.3440733,0.95915978,0.63374557,1.1631056,0.73711304,0.73993896,0.51437902,1.247284,0.6415767,0.7097474,0.68350583,1.8243723,1.2469691,0.79101066,0.68510352,2.5685242,1.7597049,0.79995125,0.65304807,2.6441799,1.7267766,0.85465829,0.64611281,2.7416689,1.7714274
experiment_0a_best,file,16,,9585,163.Cape_May_Warbler/Cape_May_Warbler_0040_163036.jpg,163,162,163.Cape_May_Warbler,182,181,random_resized_crop,random_resized_crop,0,"{""area_fraction"":0.571277,""aspect"":1.248873,""fallback"":false,""height"":0.676339,""left"":0.087056,""top"":0.099264,""width"":0.844661}",0.038700607,0.12530892,0.086608309,0.9620387,0.88222432,0.01509361,0.011727086,0.94694509,0.87049724,-0.076447851,0.65611183,2.9778893,5.2290169,15.571433,False,0.940952,True,True,True,0.65611183,2.9778893,5.2290169,15.571433,0.64562621,2.9771073,5.0980196,15.177351,0.85650542,2.9928721,1.1631056,3.4810264,0.6960176,2.264034,1.247284,2.8238933,0.56988326,2.959752,1.8243723,5.3996896,0.60281464,3.1418708,2.5685242,8.0699712,0.63930303,2.9122266,2.6441799,7.7004511,0.72017001,3.025366,2.7416689,8.2945518
experiment_0a_best,file,16,,9585,163.Cape_May_Warbler/Cape_May_Warbler_0040_163036.jpg,163,162,163.Cape_May_Warbler,182,181,gaussian_blur,gaussian_blur,0,"{""sigma"":1.899014}",0.038700607,1.1781362,1.1394356,0.9620387,0.30785197,0.01509361,0.0013922263,0.94694509,0.30645974,-0.64048534,0.33864542,22.932767,5.2290169,119.91583,False,0.75416422,True,True,True,0.33864542,22.932767,5.2290169,119.91583,0.32590255,23.160088,5.0980196,118.07058,0.66364905,18.017046,1.1631056,20.955728,0.52188826,30.401717,1.247284,37.919574,0.14994276,27.410764,1.8243723,50.007439,0.33313106,25.765598,2.5685242,66.179562,0.28314581,21.883712,2.6441799,57.864472,0.44253244,17.393203,2.7416689,47.686403
experiment_0a_best,file,16,,9585,163.Cape_May_Warbler/Cape_May_Warbler_0040_163036.jpg,163,162,163.Cape_May_Warbler,182,181,random_erasing,random_erasing,0,"{""area_fraction"":0.169377,""erased"":true,""height"":0.417994,""left"":0.454695,""top"":0.397946,""width"":0.405213}",0.038700607,0.011085706,-0.027614901,0.9620387,0.98897552,0.01509361,0.00034165935,0.94694509,0.98863387,0.041688779,0.65506405,0.35374139,5.2290169,1.8497197,False,0.93840337,True,True,True,0.65506405,0.35374139,5.2290169,1.8497197,0.64706129,0.35746777,5.0980196,1.8223777,0.88018006,0.272429,1.1631056,0.31686371,0.78789037,0.38867597,1.247284,0.4847893,0.65608922,0.45880602,1.8243723,0.83703298,0.65054291,0.381545,2.5685242,0.98000755,0.57196608,0.3206715,2.6441799,0.84791313,0.70031577,0.30647914,2.7416689,0.84026432
experiment_0a_best,file,16,,5511,095.Baltimore_Oriole/Baltimore_Oriole_0020_87066.jpg,95,94,095.Baltimore_Oriole,96,95,identity,identity,0,{},0.58409745,0.58409745,0,0.5576089,0.5576089,0.15397437,0.15397437,0.40363453,0.40363453,0,1,1,66.597948,66.597948,False,0.99999994,True,True,True,1,1,66.597948,66.597948,1,1,65.275227,65.275227,1,1,13.207249,13.207249,1,1,14.11816,14.11816,1,1,27.314793,27.314793,1,1,36.615733,36.615733,1,1,31.823167,31.823167,1,1,31.016269,31.016269
experiment_0a_best,file,16,,5511,095.Baltimore_Oriole/Baltimore_Oriole_0020_87066.jpg,95,94,095.Baltimore_Oriole,96,95,horizontal_flip,horizontal_flip,0,"{""flipped"":true}",0.58409745,1.1073339,0.52323645,0.5576089,0.33043876,0.15397437,0.62659395,0.40363453,-0.29615518,-0.69978972,0.47708785,1.8778608,66.597948,125.06167,False,0.94090766,False,True,False,0.47708785,1.8778608,66.597948,125.06167,0.46111201,1.8732775,65.275227,122.27861,0.84587042,1.9865358,13.207249,26.236672,0.5604636,1.9016981,14.11816,26.848479,0.46660135,2.1080451,27.314793,57.580818,0.43284508,1.753691,36.615733,64.212683,0.40036806,1.7808527,31.823167,56.672374,0.53578793,1.9292604,31.016269,59.838461
experiment_0a_best,file,16,,5511,095.Baltimore_Oriole/Baltimore_Oriole_0020_87066.jpg,95,94,095.Baltimore_Oriole,96,95,color_jitter,color_jitter,0,"{""brightness"":1.240933,""contrast"":1.115647,""hue"":-0.021031,""saturation"":1.149328}",0.58409745,0.64832622,0.064228773,0.5576089,0.52292031,0.15397437,0.3126612,0.40363453,0.21025911,-0.19337542,0.73465288,1.2726143,66.597948,84.7535,False,0.95842123,True,True,True,0.73465288,1.2726143,66.597948,84.7535,0.72711988,1.2721752,65.275227,83.041521,0.91709446,1.2832946,13.207249,16.948791,0.72851293,1.7661245,14.11816,24.934428,0.68797696,1.4094142,27.314793,38.497858,0.75417878,1.1420327,36.615733,41.816366,0.69693155,1.2040952,31.823167,38.318122,0.77733239,1.2796106,31.016269,39.688746
experiment_0a_best,file,16,,5511,095.Baltimore_Oriole/Baltimore_Oriole_0020_87066.jpg,95,94,095.Baltimore_Oriole,96,95,rotation,rotation,0,"{""angle"":-1.036821}",0.58409745,0.4525789,-0.13151854,0.5576089,0.63598591,0.15397437,0.15933007,0.40363453,0.47665584,0.073021308,0.89547934,0.82829537,66.597948,55.162772,False,0.98328531,True,True,True,0.89547934,0.82829537,66.597948,55.162772,0.89243349,0.82921085,65.275227,54.126926,0.97241913,0.80560988,13.207249,10.63989,0.82795629,0.83297692,14.11816,11.760101,0.89149977,0.86928211,27.314793,23.744261,0.90674176,0.81379489,36.615733,29.797697,0.8756081,0.82206576,31.823167,26.160736,0.90573325,0.82536534,31.016269,25.599754
experiment_0a_best,file,16,,5511,095.Baltimore_Oriole/Baltimore_Oriole_0020_87066.jpg,95,94,095.Baltimore_Oriole,96,95,random_resized_crop,random_resized_crop,0,"{""area_fraction"":0.544803,""aspect"":1.327849,""fallback"":false,""height"":0.640539,""left"":0.133008,""top"":0.11893,""width"":0.850539}",0.58409745,1.8315446,1.2474472,0.5576089,0.16016598,0.15397437,0.24079737,0.40363453,-0.08063139,-0.48426592,0.70963314,2.2120923,66.597948,147.32081,False,0.90392393,False,True,False,0.70963314,2.2120923,66.597948,147.32081,0.70443567,2.2281273,65.275227,145.44152,0.88665662,1.7759966,13.207249,23.456029,0.523989,3.299169,14.11816,46.578197,0.69511728,2.5382708,27.314793,69.332343,0.75848145,2.099912,36.615733,76.889816,0.70029933,2.097949,31.823167,66.763379,0.73332588,1.9893961,31.016269,61.703646
experiment_0a_best,file,16,,5511,095.Baltimore_Oriole/Baltimore_Oriole_0020_87066.jpg,95,94,095.Baltimore_Oriole,96,95,gaussian_blur,gaussian_blur,0,"{""sigma"":1.324853}",0.58409745,3.0598955,2.4757981,0.5576089,0.046892595,0.15397437,0.03263377,0.40363453,0.014258824,-0.38937571,0.61735638,2.1880063,66.597948,145.71673,False,0.89854681,False,True,False,0.61735638,2.1880063,66.597948,145.71673,0.61097834,2.2055818,65.275227,143.96985,0.83918706,1.7032684,13.207249,22.495489,0.55885946,2.4291995,14.11816,34.295827,0.52601395,2.4104408,27.314793,65.840693,0.5959,2.1378051,36.615733,78.277302,0.61612387,2.2370642,31.823167,71.190468,0.7227232,2.0443782,31.016269,63.408985
experiment_0a_best,file,16,,5511,095.Baltimore_Oriole/Baltimore_Oriole_0020_87066.jpg,95,94,095.Baltimore_Oriole,96,95,random_erasing,random_erasing,0,"{""area_fraction"":0.065563,""erased"":true,""height"":0.401873,""left"":0.817643,""top"":0.103269,""width"":0.163145}",0.58409745,0.74282044,0.158723,0.5576089,0.47577015,0.15397437,0.10673349,0.40363453,0.36903666,-0.034597874,0.92015122,1.2198725,66.597948,81.241006,False,0.98646683,True,True,True,0.92015122,1.2198725,66.597948,81.241006,0.91824641,1.223213,65.275227,79.845509,0.97275762,1.1352243,13.207249,14.993189,0.94272478,1.0985233,14.11816,15.509128,0.93018107,1.1667025,27.314793,31.868238,0.91809081,1.2419462,36.615733,45.474769,0.90782884,1.2592966,31.823167,40.074804,0.91869357,1.2256907,31.016269,38.016353
experiment_0a_best,file,16,,1671,030.Fish_Crow/Fish_Crow_0003_25970.jpg,30,29,030.Fish_Crow,29,28,identity,identity,0,{},0.25620824,0.25620824,0,0.7739808,0.7739808,0.15241654,0.15241654,0.62156425,0.62156425,0,1,1,38.036562,38.036562,False,1,True,True,True,1,1,38.036562,38.036562,1,1,36.914774,36.914774,1,1,9.169489,9.169489,1,1,13.382143,13.382143,1,1,14.744461,14.744461,1,1,17.636974,17.636974,1,1,18.051901,18.051901,1,1,18.14623,18.14623
experiment_0a_best,file,16,,1671,030.Fish_Crow/Fish_Crow_0003_25970.jpg,30,29,030.Fish_Crow,29,28,horizontal_flip,horizontal_flip,0,"{""flipped"":true}",0.25620824,0.36417988,0.10797164,0.7739808,0.69476622,0.15241654,0.27463001,0.62156425,0.42013621,-0.20142804,0.66632414,1.429389,38.036562,54.369045,False,0.96509576,True,True,True,0.66632414,1.429389,38.036562,54.369045,0.64936377,1.4325192,36.914774,52.881123,0.95262961,1.3776661,9.169489,12.632494,0.66076193,1.159349,13.382143,15.514574,0.60365147,1.3346286,14.744461,19.678379,0.653064,1.5000677,17.636974,26.456655,0.61913591,1.5259717,18.051901,27.54669,0.70886458,1.468082,18.14623,26.640155
experiment_0a_best,file,16,,1671,030.Fish_Crow/Fish_Crow_0003_25970.jpg,30,29,030.Fish_Crow,29,28,color_jitter,color_jitter,0,"{""brightness"":1.206129,""contrast"":0.671023,""hue"":-0.027485,""saturation"":1.248787}",0.25620824,0.90643811,0.65022987,0.7739808,0.40396053,0.15241654,0.17220113,0.62156425,0.2317594,-0.38980485,0.64261442,2.4577399,38.036562,93.483977,False,0.94372785,True,True,True,0.64261442,2.4577399,38.036562,93.483977,0.62792083,2.4569427,36.914774,90.697484,0.87944812,2.4706248,9.169489,22.654367,0.56179617,1.6574184,13.382143,22.17981,0.56802757,2.8849478,14.744461,42.537,0.65520452,2.7335517,17.636974,48.21158,0.62087128,2.2379998,18.051901,40.400151,0.70728786,2.4448054,18.14623,44.364002
experiment_0a_best,file,16,,1671,030.Fish_Crow/Fish_Crow_0003_25970.jpg,30,29,030.Fish_Crow,29,28,rotation,rotation,0,"{""angle"":0.91661}",0.25620824,0.40197301,0.14576477,0.7739808,0.66899878,0.15241654,0.082043633,0.62156425,0.58695515,-0.034609109,0.71868956,1.3013244,38.036562,49.497907,False,0.97756952,True,True,True,0.71868956,1.3013244,38.036562,49.497907,0.70806816,1.3040336,36.914774,48.138107,0.89779711,1.2566012,9.169489,11.522391,0.67976406,0.98299402,13.382143,13.154567,0.60741509,1.2923421,14.744461,19.054887,0.68083584,1.3245935,17.636974,23.361821,0.73526562,1.3393364,18.051901,24.177568,0.79167398,1.4058626,18.14623,25.511106
experiment_0a_best,file,16,,1671,030.Fish_Crow/Fish_Crow_0003_25970.jpg,30,29,030.Fish_Crow,29,28,random_resized_crop,random_resized_crop,0,"{""area_fraction"":0.529105,""aspect"":0.901039,""fallback"":false,""height"":0.7663,""left"":0.00844,""top"":0.12147,""width"":0.690467}",0.25620824,3.0382531,2.7820448,0.7739808,0.047918528,0.15241654,0.0046229456,0.62156425,0.043295583,-0.57826867,0.31233746,4.3265637,38.036562,164.56761,False,0.86035216,False,True,False,0.31233746,4.3265637,38.036562,164.56761,0.29666294,4.3876834,36.914774,161.97034,0.67903238,3.1759972,9.169489,29.122271,0.31839462,4.1518837,13.382143,55.561103,0.14386914,4.6690102,14.744461,68.842037,0.27532951,4.9653861,17.636974,87.574385,0.31932692,4.1460626,18.051901,74.844312,0.4108154,3.9498098,18.14623,71.674158
experiment_0a_best,file,16,,1671,030.Fish_Crow/Fish_Crow_0003_25970.jpg,30,29,030.Fish_Crow,29,28,gaussian_blur,gaussian_blur,0,"{""sigma"":1.223101}",0.25620824,1.0770141,0.82080585,0.7739808,0.34061107,0.15241654,0.027452491,0.62156425,0.31315858,-0.30840567,0.3431949,3.7801197,38.036562,143.78276,False,0.93703246,False,True,False,0.3431949,3.7801197,38.036562,143.78276,0.32809869,3.8363863,36.914774,141.61933,0.70961537,2.7099071,9.169489,24.848463,0.41296861,4.6885831,13.382143,62.743291,0.25529589,3.8313692,14.744461,56.491472,0.28316407,4.174544,17.636974,73.626323,0.28852298,3.5564639,18.051901,64.200935,0.42978029,3.2064219,18.14623,58.184471
experiment_0a_best,file,16,,1671,030.Fish_Crow/Fish_Crow_0003_25970.jpg,30,29,030.Fish_Crow,29,28,random_erasing,random_erasing,0,"{""area_fraction"":0.146178,""erased"":true,""height"":0.568657,""left"":0.256392,""top"":0.314574,""width"":0.257059}",0.25620824,0.03117189,-0.22503635,0.7739808,0.96930897,0.15241654,0.014952038,0.62156425,0.95435693,0.33279268,0.79167589,0.12412299,38.036562,4.7212118,False,0.96202105,True,True,True,0.79167589,0.12412299,38.036562,4.7212118,0.78140019,0.12331258,36.914774,4.5520561,0.94590626,0.13658863,9.169489,1.2524479,0.85088518,0.10224947,13.382143,1.3683171,0.75953226,0.11287058,14.744461,1.6642158,0.80556646,0.13112127,17.636974,2.3125823,0.74115224,0.12378861,18.051901,2.2346197,0.78986897,0.13200314,18.14623,2.3953594
experiment_0a_best,file,16,,3774,065.Slaty_backed_Gull/Slaty_Backed_Gull_0002_53238.jpg,65,64,065.Slaty_backed_Gull,66,65,identity,identity,0,{},0.13060005,0.13060005,0,0.87756866,0.87756866,0.11815455,0.11815455,0.75941411,0.75941411,0,1,1,24.543181,24.543181,False,1,True,True,True,1,1,24.543181,24.543181,1,1,23.917199,23.917199,1,1,5.5077516,5.5077516,1,1,6.9967351,6.9967351,1,1,9.6799797,9.6799797,1,1,12.310114,12.310114,1,1,11.830559,11.830559,1,1,11.742021,11.742021
experiment_0a_best,file,16,,3774,065.Slaty_backed_Gull/Slaty_Backed_Gull_0002_53238.jpg,65,64,065.Slaty_backed_Gull,66,65,horizontal_flip,horizontal_flip,0,"{""flipped"":true}",0.13060005,0.31733757,0.18673752,0.87756866,0.72808492,0.11815455,0.26103818,0.75941411,0.46704674,-0.29236738,0.71135271,2.0409072,24.543181,50.090354,False,0.97729301,True,True,True,0.71135271,2.0409072,24.543181,50.090354,0.69633244,2.033335,23.917199,48.631678,0.97728954,2.1787736,5.5077516,12.000144,0.45740769,1.661424,6.9967351,11.624544,0.65546807,2.0779331,9.6799797,20.11435,0.73382921,2.1555433,12.310114,26.534983,0.68074359,2.0335483,11.830559,24.058012,0.77391008,1.9834848,11.742021,23.29012
experiment_0a_best,file,16,,3774,065.Slaty_backed_Gull/Slaty_Backed_Gull_0002_53238.jpg,65,64,065.Slaty_backed_Gull,66,65,color_jitter,color_jitter,0,"{""brightness"":0.97745,""contrast"":1.127241,""hue"":-0.067152,""saturation"":0.831871}",0.13060005,0.068112925,-0.062487125,0.87756866,0.93415499,0.11815455,0.057248898,0.75941411,0.87690609,0.11749198,0.90828855,0.4909036,24.543181,12.048336,False,0.97309434,True,True,True,0.90828855,0.4909036,24.543181,12.048336,0.90487327,0.49004015,23.917199,11.720388,0.97104031,0.50691045,5.5077516,2.7919369,0.89304512,0.43661765,6.9967351,3.054898,0.86702798,0.49914148,9.6799797,4.8316794,0.91809504,0.47783713,12.310114,5.8822295,0.91479292,0.49297496,11.830559,5.8321692,0.91335043,0.51151824,11.742021,6.006258
experiment_0a_best,file,16,,3774,065.Slaty_backed_Gull/Slaty_Backed_Gull_0002_53238.jpg,65,64,065.Slaty_backed_Gull,66,65,rotation,rotation,0,"{""angle"":-12.281201}",0.13060005,0.65366352,0.52306347,0.87756866,0.52013677,0.11815455,0.42352161,0.75941411,0.096615165,-0.66279895,0.6832635,3.1529236,24.543181,77.382775,False,0.94456547,True,True,True,0.6832635,3.1529236,24.543181,77.382775,0.66787654,3.129574,23.917199,74.850644,0.94346376,3.5647058,5.5077516,19.633514,0.52215624,2.8670129,6.9967351,20.05973,0.63545078,2.8067821,9.6799797,27.169594,0.65645168,3.03617,12.310114,37.375599,0.67992207,3.1839309,11.830559,37.667681,0.73508265,3.4554531,11.742021,40.574003
experiment_0a_best,file,16,,3774,065.Slaty_backed_Gull/Slaty_Backed_Gull_0002_53238.jpg,65,64,065.Slaty_backed_Gull,66,65,random_resized_crop,random_resized_crop,0,"{""area_fraction"":0.703077,""aspect"":1.232404,""fallback"":false,""height"":0.75531,""left"":0.037779,""top"":0.200712,""width"":0.930846}",0.13060005,0.12600279,-0.0045972615,0.87756866,0.88161236,0.11815455,0.11418571,0.75941411,0.76742665,0.0080125332,0.75690423,0.95732343,24.543181,23.495762,False,0.97726214,True,True,True,0.75690423,0.95732343,24.543181,23.495762,0.74500739,0.95642118,23.917199,22.874915,0.97727448,0.97418072,5.5077516,5.3655455,0.31697534,0.86844023,6.9967351,6.0762463,0.69255944,1.0618181,9.6799797,10.278378,0.7869239,0.88266871,12.310114,10.865752,0.80282441,0.98468047,11.830559,11.64932,0.82633631,0.95946736,11.742021,11.266086
experiment_0a_best,file,16,,3774,065.Slaty_backed_Gull/Slaty_Backed_Gull_0002_53238.jpg,65,64,065.Slaty_backed_Gull,66,65,gaussian_blur,gaussian_blur,0,"{""sigma"":1.165511}",0.13060005,0.098055072,-0.032544978,0.87756866,0.90659899,0.11815455,0.067966349,0.75941411,0.83863264,0.079218522,0.70842814,0.62601145,24.543181,15.364312,False,0.9616394,True,True,True,0.70842814,0.62601145,24.543181,15.364312,0.69625247,0.62750281,23.917199,15.008109,0.9505043,0.59719211,5.5077516,3.2891858,0.25936928,0.6668271,6.9967351,4.6656126,0.74774674,0.59498602,9.6799797,5.7594526,0.69077089,0.59998256,12.310114,7.3858535,0.729702,0.65161094,11.830559,7.7089214,0.79900133,0.63916186,11.742021,7.505052
experiment_0a_best,file,16,,3774,065.Slaty_backed_Gull/Slaty_Backed_Gull_0002_53238.jpg,65,64,065.Slaty_backed_Gull,66,65,random_erasing,random_erasing,0,"{""area_fraction"":0.098039,""erased"":true,""height"":0.385061,""left"":0.026255,""top"":0.587547,""width"":0.254607}",0.13060005,0.074425995,-0.056174055,0.87756866,0.92827618,0.11815455,0.06524767,0.75941411,0.86302851,0.1036144,0.88806194,0.54905359,24.543181,13.475521,False,0.986211,True,True,True,0.88806194,0.54905359,24.543181,13.475521,0.88278339,0.54842245,23.917199,13.116729,0.98560922,0.56082207,5.5077516,3.0888687,0.76413464,0.42334801,6.9967351,2.9620539,0.89865904,0.60898829,9.6799797,5.8949943,0.90006358,0.54102312,12.310114,6.6600562,0.88547017,0.55403124,11.830559,6.5544991,0.89381532,0.54668554,11.742021,6.4191932
experiment_0a_best,file,16,,10791,184.Louisiana_Waterthrush/Louisiana_Waterthrush_0015_177515.jpg,184,183,184.Louisiana_Waterthrush,183,182,identity,identity,0,{},2.2091103,2.2091103,0,0.1097983,0.1097983,0.57114923,0.57114923,-0.46135093,-0.46135093,0,1,1,185.72148,185.72148,False,1,True,False,False,1,1,185.72148,185.72148,1,1,183.98155,183.98155,1,1,25.362548,25.362548,1,1,47.116719,47.116719,1,1,82.726322,82.726322,1,1,113.16824,113.16824,1,1,86.087117,86.087117,1,1,67.583567,67.583567
experiment_0a_best,file,16,,10791,184.Louisiana_Waterthrush/Louisiana_Waterthrush_0015_177515.jpg,184,183,184.Louisiana_Waterthrush,183,182,horizontal_flip,horizontal_flip,0,"{""flipped"":true}",2.2091103,2.0966492,-0.11246109,0.1097983,0.12286744,0.57114923,0.16193108,-0.46135093,-0.03906364,0.42228729,0.59477093,1.009686,185.72148,187.52039,False,0.95037228,False,False,False,0.59477093,1.009686,185.72148,187.52039,0.59029612,1.011452,183.98155,186.0885,0.85907286,0.91194801,25.362548,23.129325,0.65265061,0.85906751,47.116719,40.476442,0.60707888,1.0613269,82.726322,87.79967,0.57107777,0.98468413,113.16824,111.43497,0.56083716,1.0274466,86.087117,88.449918,0.64263404,1.0505164,67.583567,70.997647
experiment_0a_best,file,16,,10791,184.Louisiana_Waterthrush/Louisiana_Waterthrush_0015_177515.jpg,184,183,184.Louisiana_Waterthrush,183,182,color_jitter,color_jitter,0,"{""brightness"":1.279065,""contrast"":1.310881,""hue"":0.097289,""saturation"":0.964848}",2.2091103,6.0402937,3.8311834,0.1097983,0.0023808598,0.57114923,0.12699859,-0.46135093,-0.12461773,0.3367332,0.37804466,1.2481278,185.72148,231.80414,False,0.7078355,False,False,False,0.37804466,1.2481278,185.72148,231.80414,0.37422845,1.2492933,183.98155,229.84691,0.59023795,1.1851803,25.362548,30.059193,-0.10455337,1.0984702,47.116719,51.756312,0.26213874,1.2784051,82.726322,105.75775,0.46719315,1.1878726,113.16824,134.42945,0.41457898,1.2946651,86.087117,111.45398,0.43425495,1.3619946,67.583567,92.048454
experiment_0a_best,file,16,,10791,184.Louisiana_Waterthrush/Louisiana_Waterthrush_0015_177515.jpg,184,183,184.Louisiana_Waterthrush,183,182,rotation,rotation,0,"{""angle"":12.106259}",2.2091103,2.8340309,0.62492061,0.1097983,0.058775458,0.57114923,0.79758531,-0.46135093,-0.73880985,-0.27745892,0.82131963,1.2501435,185.72148,232.17851,False,0.93729162,True,False,False,0.82131963,1.2501435,185.72148,232.17851,0.81939132,1.25062,183.98155,230.09101,0.9251038,1.2248079,25.362548,31.064248,0.79885511,1.0317134,47.116719,48.610949,0.81489396,1.3934196,82.726322,115.27248,0.84987377,1.2494469,113.16824,141.39771,0.79202422,1.1937902,86.087117,102.76995,0.80760955,1.2144065,67.583567,82.073924
experiment_0a_best,file,16,,10791,184.Louisiana_Waterthrush/Louisiana_Waterthrush_0015_177515.jpg,184,183,184.Louisiana_Waterthrush,183,182,random_resized_crop,random_resized_crop,0,"{""area_fraction"":0.52865,""aspect"":1.237877,""fallback"":false,""height"":0.6535,""left"":0.181818,""top"":0.314792,""width"":0.808952}",2.2091103,2.1716237,-0.037486553,0.1097983,0.11399238,0.57114923,0.028905254,-0.46135093,0.085087124,0.54643806,0.40536582,0.98103963,185.72148,182.20014,False,0.85447329,False,False,True,0.40536582,0.98103963,185.72148,182.20014,0.39964707,0.98220427,183.98155,180.70746,0.72837653,0.91767179,25.362548,23.274494,0.050341831,0.91306042,47.116719,43.020411,0.44724808,1.1517466,82.726322,95.279756,0.42988972,0.89801479,113.16824,101.62676,0.38294381,0.9575014,86.087117,82.428535,0.43574986,1.003955,67.583567,67.850858
experiment_0a_best,file,16,,10791,184.Louisiana_Waterthrush/Louisiana_Waterthrush_0015_177515.jpg,184,183,184.Louisiana_Waterthrush,183,182,gaussian_blur,gaussian_blur,0,"{""sigma"":1.639604}",2.2091103,6.2935972,4.084487,0.1097983,0.0018480996,0.57114923,0.00039230194,-0.46135093,0.0014557977,0.46280673,0.13276953,1.1614891,185.72148,215.71348,False,0.59419817,False,False,False,0.13276953,1.1614891,185.72148,215.71348,0.12644145,1.1618481,183.98155,213.75862,0.47143869,1.1424377,25.362548,28.975129,-0.07485135,0.82377458,47.116719,38.813555,0.050597865,1.335604,82.726322,110.48961,0.12812833,1.0665017,113.16824,120.69412,0.13626894,1.1427738,86.087117,98.378105,0.2932634,1.3011647,67.583567,87.937353
experiment_0a_best,file,16,,10791,184.Louisiana_Waterthrush/Louisiana_Waterthrush_0015_177515.jpg,184,183,184.Louisiana_Waterthrush,183,182,random_erasing,random_erasing,0,"{""area_fraction"":0.096233,""erased"":true,""height"":0.37735,""left"":0.567201,""top"":0.555427,""width"":0.255023}",2.2091103,3.0524967,0.84338641,0.1097983,0.047240831,0.57114923,0.075079039,-0.46135093,-0.027838208,0.43351272,0.71182083,1.1267064,185.72148,209.25359,False,0.92927629,False,False,False,0.71182083,1.1267064,185.72148,209.25359,0.71053209,1.1299681,183.98155,207.89329,0.80541854,0.9392253,25.362548,23.821146,0.71897944,0.67992735,47.116719,32.035946,0.71388052,1.2666949,82.726322,104.78901,0.76459151,1.0932266,113.16824,123.71853,0.66775475,1.1319199,86.087117,97.443721,0.66461389,1.184739,67.583567,80.068889
experiment_0a_best,file,16,,269,005.Crested_Auklet/Crested_Auklet_0066_785251.jpg,5,4,005.Crested_Auklet,24,23,identity,identity,0,{},0.060465064,0.060465064,0,0.94132668,0.94132668,0.031300087,0.031300087,0.91002659,0.91002659,0,1,1,12.371243,12.371243,False,0.99999988,True,True,True,1,1,12.371243,12.371243,1,1,12.181273,12.181273,1,1,2.1596888,2.1596888,1,1,1.8811746,1.8811746,1,1,5.5181192,5.5181192,1,1,7.2413063,7.2413063,1,1,5.8478824,5.8478824,1,1,5.2688424,5.2688424
experiment_0a_best,file,16,,269,005.Crested_Auklet/Crested_Auklet_0066_785251.jpg,5,4,005.Crested_Auklet,24,23,horizontal_flip,horizontal_flip,0,"{""flipped"":true}",0.060465064,0.067390606,0.0069255419,0.94132668,0.93482995,0.031300087,0.0019335796,0.91002659,0.93289637,0.022869779,0.5439824,1.3605461,12.371243,16.831647,False,0.94447821,True,True,True,0.5439824,1.3605461,12.371243,16.831647,0.53841664,1.3645513,12.181273,16.621972,0.74402444,1.2263185,2.1596888,2.6484663,0.60642006,1.8565835,1.8811746,3.4925577,0.5306374,1.5298859,5.5181192,8.4420927,0.56376958,1.3095781,7.2413063,9.4830562,0.46496189,1.2441661,5.8478824,7.2757369,0.58581457,1.3414945,5.2688424,7.0681229
experiment_0a_best,file,16,,269,005.Crested_Auklet/Crested_Auklet_0066_785251.jpg,5,4,005.Crested_Auklet,24,23,color_jitter,color_jitter,0,"{""brightness"":1.286411,""contrast"":1.332077,""hue"":-0.085454,""saturation"":1.37967}",0.060465064,4.3320365,4.2715714,0.94132668,0.013140759,0.031300087,0.18554762,0.91002659,-0.17240686,-1.0824335,0.5770613,10.53554,12.371243,130.33773,False,0.79235595,False,True,False,0.5770613,10.53554,12.371243,130.33773,0.57156273,10.367837,12.181273,126.29344,0.7355283,14.917105,2.1596888,32.216304,0.3884658,13.206568,1.8811746,24.843859,0.56253542,8.9884755,5.5181192,49.599479,0.61519904,9.2616641,7.2413063,67.066546,0.58194236,10.955665,5.8478824,64.06744,0.55295095,12.402418,5.2688424,65.346384
experiment_0a_best,file,16,,269,005.Crested_Auklet/Crested_Auklet_0066_785251.jpg,5,4,005.Crested_Auklet,24,23,rotation,rotation,0,"{""angle"":10.470037}",0.060465064,0.013705319,-0.046759745,0.94132668,0.98638815,0.031300087,0.0017685893,0.91002659,0.98461956,0.074592966,0.70872872,0.21432589,12.371243,2.6514778,False,0.93757951,True,True,True,0.70872872,0.21432589,12.371243,2.6514778,0.70443483,0.21490765,12.181273,2.6178487,0.86262927,0.19491429,2.1596888,0.42095421,0.66095306,0.32115604,1.8811746,0.60415058,0.70744609,0.26216988,5.5181192,1.4466846,0.74675471,0.19119161,7.2413063,1.384477,0.66824791,0.1894031,5.8478824,1.107607,0.72098081,0.21233876,5.2688424,1.1187795
experiment_0a_best,file,16,,269,005.Crested_Auklet/Crested_Auklet_0066_785251.jpg,5,4,005.Crested_Auklet,24,23,random_resized_crop,random_resized_crop,0,"{""area_fraction"":0.563263,""aspect"":0.939579,""fallback"":false,""height"":0.774264,""left"":0.163622,""top"":0.132688,""width"":0.727482}",0.060465064,0.081998982,0.021533918,0.94132668,0.92127287,0.031300087,0.023673257,0.91002659,0.89759962,-0.012426974,0.70849035,1.3102744,12.371243,16.209723,False,0.9481138,True,True,True,0.70849035,1.3102744,12.371243,16.209723,0.70232991,1.306666,12.181273,15.916855,0.89117603,1.4202901,2.1596888,3.0673845,0.47152166,1.7631478,1.8811746,3.3167889,0.69136571,1.3237854,5.5181192,7.3048054,0.76465725,1.263322,7.2413063,9.1481015,0.65443252,1.2488469,5.8478824,7.3031099,0.70456249,1.368129,5.2688424,7.208456
experiment_0a_best,file,16,,269,005.Crested_Auklet/Crested_Auklet_0066_785251.jpg,5,4,005.Crested_Auklet,24,23,gaussian_blur,gaussian_blur,0,"{""sigma"":1.405414}",0.060465064,0.99236596,0.93190089,0.94132668,0.37069857,0.031300087,0.0036179032,0.91002659,0.36708067,-0.54294592,0.28580344,15.953174,12.371243,197.3606,False,0.84666634,False,True,False,0.28580344,15.953174,12.371243,197.3606,0.27835005,16.045998,12.181273,195.46067,0.59450613,12.649526,2.1596888,27.319039,0.50144134,23.704192,1.8811746,44.591724,0.39341051,16.53082,5.5181192,91.219034,0.23780787,16.916739,7.2413063,122.49929,0.21044874,15.040525,5.8478824,87.955223,0.27352829,13.624776,5.2688424,71.7868
experiment_0a_best,file,16,,269,005.Crested_Auklet/Crested_Auklet_0066_785251.jpg,5,4,005.Crested_Auklet,24,23,random_erasing,random_erasing,0,"{""area_fraction"":0.184267,""erased"":true,""height"":0.772213,""left"":0.326448,""top"":0.150845,""width"":0.238622}",0.060465064,0.49980909,0.43934402,0.94132668,0.60664648,0.031300087,0.3301625,0.91002659,0.27648398,-0.63354261,0.68506195,6.7870641,12.371243,83.96442,False,0.94083357,True,True,True,0.68506195,6.7870641,12.371243,83.96442,0.67680618,6.7287908,12.181273,81.965235,0.91148292,8.4332966,2.1596888,18.213296,0.63986657,7.4708042,1.8811746,14.053887,0.62725524,6.0134794,5.5181192,33.183096,0.7342973,6.4068585,7.2413063,46.394025,0.64638154,7.1447263,5.8478824,41.781519,0.67805648,7.4033903,5.2688424,39.007297
experiment_0a_best,file,16,,4032,070.Green_Violetear/Green_Violetear_0089_795698.jpg,70,69,070.Green_Violetear,18,17,identity,identity,0,{},0.0015184075,0.0015184075,0,0.99848276,0.99848276,0.00057721068,0.00057721068,0.99790555,0.99790555,0,1,1,0.27108497,0.27108497,False,1.0000001,True,True,True,1,1,0.27108497,0.27108497,1,1,0.26715228,0.26715228,1,1,0.046007841,0.046007841,1,1,0.063261652,0.063261652,1,1,0.14425714,0.14425714,1,1,0.14478694,0.14478694,1,1,0.10334443,0.10334443,1,1,0.12212638,0.12212638
experiment_0a_best,file,16,,4032,070.Green_Violetear/Green_Violetear_0089_795698.jpg,70,69,070.Green_Violetear,18,17,horizontal_flip,horizontal_flip,0,"{""flipped"":true}",0.0015184075,0.0028120044,0.0012935969,0.99848276,0.99719197,0.00057721068,0.00083746808,0.99790555,0.9963545,-0.0015510556,0.65694393,1.6661866,0.27108497,0.45167816,False,0.97793657,True,True,True,0.65694393,1.6661866,0.27108497,0.45167816,0.64685747,1.6614365,0.26715228,0.44385654,0.97017306,1.8191053,0.046007841,0.083693106,0.6383607,1.2322074,0.063261652,0.077951477,0.67948436,1.4354161,0.14425714,0.20706902,0.62331338,1.8122424,0.14478694,0.26238902,0.53908644,1.821154,0.10334443,0.18820612,0.74711506,1.7133794,0.12212638,0.20924883
experiment_0a_best,file,16,,4032,070.Green_Violetear/Green_Violetear_0089_795698.jpg,70,69,070.Green_Violetear,18,17,color_jitter,color_jitter,0,"{""brightness"":0.953645,""contrast"":0.641371,""hue"":-0.060168,""saturation"":0.694816}",0.0015184075,0.042881373,0.041362966,0.99848276,0.95802504,0.00057721068,0.014705099,0.99790555,0.94331994,-0.054585614,0.79699997,35.044527,0.27108497,9.5000447,False,0.9431386,True,True,True,0.79699997,35.044527,0.27108497,9.5000447,0.7946746,35.275889,0.26715228,9.4240343,0.9390335,26.06826,0.046007841,1.1993443,0.77645133,29.723066,0.063261652,1.8803303,0.79816407,38.54927,0.14425714,5.5610075,0.84239569,38.13633,0.14478694,5.5216424,0.72866369,35.108577,0.10334443,3.6282759,0.80449373,26.783246,0.12212638,3.270941
experiment_0a_best,file,16,,4032,070.Green_Violetear/Green_Violetear_0089_795698.jpg,70,69,070.Green_Violetear,18,17,rotation,rotation,0,"{""angle"":13.02281}",0.0015184075,0.02587921,0.024360802,0.99848276,0.97445279,0.00057721068,0.011189169,0.99790555,0.96326362,-0.034641929,0.76790013,16.258207,0.27108497,4.4073556,False,0.94819474,True,True,True,0.76790013,16.258207,0.27108497,4.4073556,0.76281675,16.274513,0.26715228,4.3477733,0.94607255,15.698486,0.046007841,0.72225344,0.7722448,16.041762,0.063261652,1.0148283,0.80521036,15.347387,0.14425714,2.2139702,0.75828894,16.454135,0.14478694,2.3823437,0.67536452,18.078341,0.10334443,1.8682959,0.7862727,15.973366,0.12212638,1.9507694
experiment_0a_best,file,16,,4032,070.Green_Violetear/Green_Violetear_0089_795698.jpg,70,69,070.Green_Violetear,18,17,random_resized_crop,random_resized_crop,0,"{""area_fraction"":0.740914,""aspect"":0.847613,""fallback"":false,""height"":0.934943,""left"":0.113563,""top"":0.036219,""width"":0.79247}",0.0015184075,0.027737496,0.026219089,0.99848276,0.97264367,0.00057721068,0.010014889,0.99790555,0.96262878,-0.035276768,0.79780935,22.996478,0.27108497,6.2339996,False,0.9630118,True,True,True,0.79780935,22.996478,0.27108497,6.2339996,0.79528746,23.155921,0.26715228,6.1861572,0.9565493,16.754755,0.046007841,0.77085009,0.83069458,26.76946,0.063261652,1.6934803,0.8016372,25.348665,0.14425714,3.6567259,0.80881873,23.950489,0.14478694,3.467718,0.72903841,21.917678,0.10334443,2.2650699,0.83721637,18.076196,0.12212638,2.2075805
experiment_0a_best,file,16,,4032,070.Green_Violetear/Green_Violetear_0089_795698.jpg,70,69,070.Green_Violetear,18,17,gaussian_blur,gaussian_blur,0,"{""sigma"":1.255945}",0.0015184075,0.023192685,0.021674278,0.99848276,0.97707421,0.00057721068,0.0016891062,0.99790555,0.9753851,-0.022520453,0.74756218,22.245201,0.27108497,6.0303397,False,0.9510569,True,True,True,0.74756218,22.245201,0.27108497,6.0303397,0.74692722,22.467454,0.26715228,6.0022316,0.91045677,12.640471,0.046007841,0.58156078,0.73230236,27.156621,0.063261652,1.7179727,0.72678873,25.077722,0.14425714,3.6176405,0.81252045,23.474757,0.14478694,3.3988381,0.69983546,21.936825,0.10334443,2.2670487,0.78931828,14.866605,0.12212638,1.8156047
experiment_0a_best,file,16,,4032,070.Green_Violetear/Green_Violetear_0089_795698.jpg,70,69,070.Green_Violetear,18,17,random_erasing,random_erasing,0,"{""area_fraction"":0.082124,""erased"":true,""height"":0.182351,""left"":0.239162,""top"":0.319365,""width"":0.450364}",0.0015184075,0.024897259,0.023378851,0.99848276,0.9754101,0.00057721068,0.0012076809,0.99790555,0.97420242,-0.02370313,0.64186723,18.289504,0.27108497,4.9580097,False,0.9093172,True,True,True,0.64186723,18.289504,0.27108497,4.9580097,0.63693629,18.345351,0.26715228,4.9010024,0.83344509,16.294837,0.046007841,0.74969026,0.6602211,13.386305,0.063261652,0.84683977,0.72629123,17.183516,0.14425714,2.478845,0.6374379,19.513182,0.14478694,2.8252538,0.50991815,21.809114,0.10334443,2.2538504,0.64466911,16.57206,0.12212638,2.0238857
experiment_0a_best,file,16,,5581,096.Hooded_Oriole/Hooded_Oriole_0091_90821.jpg,96,95,096.Hooded_Oriole,139,138,identity,identity,0,{},2.1685507,2.1685507,0,0.11434322,0.11434322,0.74149519,0.74149519,-0.62715197,-0.62715197,0,1,1,180.58829,180.58829,False,0.99999988,True,False,False,1,1,180.58829,180.58829,1,1,177.4778,177.4778,1,1,33.373037,33.373037,1,1,45.059113,45.059113,1,1,66.784188,66.784188,1,1,89.82636,89.82636,1,1,87.654453,87.654453,1,1,96.207278,96.207278
experiment_0a_best,file,16,,5581,096.Hooded_Oriole/Hooded_Oriole_0091_90821.jpg,96,95,096.Hooded_Oriole,139,138,horizontal_flip,horizontal_flip,0,"{""flipped"":true}",2.1685507,1.7939913,-0.3745594,0.11434322,0.16629511,0.74149519,0.47442037,-0.62715197,-0.30812526,0.31902672,0.72490235,0.78791191,180.58829,142.28766,False,0.9733392,True,False,False,0.72490235,0.78791191,180.58829,142.28766,0.71719103,0.78888771,177.4778,140.01006,0.95183228,0.75979634,33.373037,25.356712,0.62296126,0.6918067,45.059113,31.172196,0.67628187,0.92803697,66.784188,61.978195,0.73032503,0.7557233,89.82636,67.883873,0.68487521,0.79748551,87.654453,69.903156,0.78522648,0.75636405,96.207278,72.767726
experiment_0a_best,file,16,,5581,096.Hooded_Oriole/Hooded_Oriole_0091_90821.jpg,96,95,096.Hooded_Oriole,139,138,color_jitter,color_jitter,0,"{""brightness"":1.07579,""contrast"":0.887901,""hue"":0.083326,""saturation"":1.106252}",2.1685507,1.005641,-1.1629097,0.11434322,0.3658101,0.74149519,0.0043598781,-0.62715197,0.36145022,0.98860219,0.22477893,0.54754156,180.58829,98.879593,False,0.76613832,False,False,True,0.22477893,0.54754156,180.58829,98.879593,0.21388744,0.54789597,177.4778,97.239372,0.53884617,0.53742182,33.373037,17.935399,0.28760667,0.6230885,45.059113,28.075815,0.26499882,0.62730031,66.784188,41.893742,0.18642851,0.54206889,89.82636,48.692075,0.12435933,0.56213172,87.654453,49.273348,0.2788844,0.47783791,96.207278,45.971485
experiment_0a_best,file,16,,5581,096.Hooded_Oriole/Hooded_Oriole_0091_90821.jpg,96,95,096.Hooded_Oriole,139,138,rotation,rotation,0,"{""angle"":-7.926842}",2.1685507,4.3338447,2.1652939,0.11434322,0.013117022,0.74149519,0.93819195,-0.62715197,-0.92507493,-0.29792295,0.83005562,1.1742307,180.58829,212.0523,False,0.96784377,True,False,False,0.83005562,1.1742307,180.58829,212.0523,0.82531773,1.1744078,177.4778,208.43132,0.96465222,1.1692095,33.373037,39.020073,0.7581922,1.1806775,45.059113,53.20028,0.72818003,1.1373071,66.784188,75.954133,0.84887201,1.1468355,89.82636,103.01606,0.82843532,1.220707,87.654453,107.0004,0.86361509,1.1751873,96.207278,113.06157
experiment_0a_best,file,16,,5581,096.Hooded_Oriole/Hooded_Oriole_0091_90821.jpg,96,95,096.Hooded_Oriole,139,138,random_resized_crop,random_resized_crop,0,"{""area_fraction"":0.774769,""aspect"":0.778511,""fallback"":false,""height"":0.997594,""left"":0.1694,""top"":0.00057,""width"":0.776638}",2.1685507,1.8562434,-0.31230736,0.11434322,0.15625854,0.74149519,0.68836194,-0.62715197,-0.5321034,0.095048569,0.84904144,0.94081396,180.58829,169.89998,False,0.96959978,True,False,False,0.84904144,0.94081396,180.58829,169.89998,0.84470889,0.94002712,177.4778,166.83395,0.96890727,0.96280026,33.373037,32.131569,0.81435608,0.94921368,45.059113,42.770727,0.8150495,0.90244381,66.784188,60.268977,0.8441736,0.95932425,89.82636,86.172605,0.83460339,0.95461436,87.654453,83.6762,0.87525042,0.92645468,96.207278,89.131683
experiment_0a_best,file,16,,5581,096.Hooded_Oriole/Hooded_Oriole_0091_90821.jpg,96,95,096.Hooded_Oriole,139,138,gaussian_blur,gaussian_blur,0,"{""sigma"":1.015856}",2.1685507,1.3175318,-0.85101891,0.11434322,0.26779544,0.74149519,0.4799144,-0.62715197,-0.21211895,0.41503302,0.78837318,0.85488305,180.58829,154.38187,False,0.94746369,True,False,False,0.78837318,0.85488305,180.58829,154.38187,0.78341344,0.85646588,177.4778,152.00368,0.93814897,0.80883749,33.373037,26.993364,0.69876086,0.86220425,45.059113,38.850159,0.74256644,0.89309154,66.784188,59.644393,0.81615138,0.92236393,89.82636,82.852594,0.77128207,0.85342507,87.654453,74.806508,0.81025102,0.77628672,96.207278,74.684433
experiment_0a_best,file,16,,5581,096.Hooded_Oriole/Hooded_Oriole_0091_90821.jpg,96,95,096.Hooded_Oriole,139,138,random_erasing,random_erasing,0,"{""area_fraction"":0.110215,""erased"":true,""height"":0.434475,""left"":0.518887,""top"":0.48465,""width"":0.253675}",2.1685507,3.5098033,1.3412526,0.11434322,0.029902795,0.74149519,0.91171789,-0.62715197,-0.8818151,-0.25466312,0.90300608,1.1622445,180.58829,209.88775,False,0.98700714,True,False,False,0.90300608,1.1622445,180.58829,209.88775,0.90002448,1.1605446,177.4778,205.9709,0.98466586,1.2093316,33.373037,40.359067,0.84262696,1.1330184,45.059113,51.052806,0.8947915,1.182138,66.784188,78.948124,0.92095125,1.1461978,89.82636,102.95878,0.88181182,1.1678521,87.654453,102.36744,0.91226846,1.162352,96.207278,111.82672
experiment_0a_best,file,16,,9536,163.Cape_May_Warbler/Cape_May_Warbler_0108_163108.jpg,163,162,163.Cape_May_Warbler,175,174,identity,identity,0,{},0.030003686,0.030003686,0,0.97044194,0.97044194,0.0045300238,0.0045300238,0.96591191,0.96591191,0,1,1,4.8686833,4.8686833,False,0.99999994,True,True,True,1,1,4.8686833,4.8686833,1,1,4.8029963,4.8029963,1,1,0.79705938,0.79705938,1,1,1.2695116,1.2695116,1,1,2.1250332,2.1250332,1,1,2.5962883,2.5962883,1,1,2.289694,2.289694,1,1,2.2266423,2.2266423
experiment_0a_best,file,16,,9536,163.Cape_May_Warbler/Cape_May_Warbler_0108_163108.jpg,163,162,163.Cape_May_Warbler,175,174,horizontal_flip,horizontal_flip,0,"{""flipped"":true}",0.030003686,0.037879359,0.0078756735,0.97044194,0.96282911,0.0045300238,0.0029989032,0.96591191,0.95983021,-0.0060817038,0.66721079,1.2620898,4.8686833,6.1447157,False,0.97185826,True,True,True,0.66721079,1.2620898,4.8686833,6.1447157,0.65872136,1.2610522,4.8029963,6.0568291,0.96670943,1.2992064,0.79705938,1.0355446,0.68314913,1.1825119,1.2695116,1.5012126,0.5806298,1.1923893,2.1250332,2.5338669,0.66429699,1.2894865,2.5962883,3.3478788,0.62979854,1.2782448,2.289694,2.9267894,0.74170327,1.2889182,2.2266423,2.8699597
experiment_0a_best,file,16,,9536,163.Cape_May_Warbler/Cape_May_Warbler_0108_163108.jpg,163,162,163.Cape_May_Warbler,175,174,color_jitter,color_jitter,0,"{""brightness"":1.248592,""contrast"":0.932182,""hue"":-0.037895,""saturation"":1.34661}",0.030003686,0.54630184,0.51629816,0.97044194,0.57908738,0.0045300238,0.013905196,0.96591191,0.56518218,-0.40072973,0.78115888,12.886281,4.8686833,62.73922,False,0.93510872,True,True,True,0.78115888,12.886281,4.8686833,62.73922,0.77753045,12.903461,4.8029963,61.975275,0.92102504,12.246133,0.79705938,9.7608949,0.73483869,12.020987,1.2695116,15.260782,0.77655839,12.495556,2.1250332,26.553472,0.78764999,13.231594,2.5962883,34.353034,0.76078063,12.960759,2.289694,29.676173,0.79614586,13.032997,2.2266423,29.019823
experiment_0a_best,file,16,,9536,163.Cape_May_Warbler/Cape_May_Warbler_0108_163108.jpg,163,162,163.Cape_May_Warbler,175,174,rotation,rotation,0,"{""angle"":2.085275}",0.030003686,0.086384192,0.056380507,0.97044194,0.91724175,0.0045300238,0.0087899975,0.96591191,0.90845175,-0.057460159,0.81399935,2.8799824,4.8686833,14.021722,False,0.97728288,True,True,True,0.81399935,2.8799824,4.8686833,14.021722,0.81009348,2.8800694,4.8029963,13.832963,0.95598769,2.8768208,0.79705938,2.292997,0.73865918,2.1624457,1.2695116,2.7452498,0.72588438,2.5345571,2.1250332,5.3860179,0.8266896,3.09046,2.5962883,8.0237252,0.8176414,3.0186551,2.289694,6.9117967,0.87873732,2.9330547,2.2266423,6.5308635
experiment_0a_best,file,16,,9536,163.Cape_May_Warbler/Cape_May_Warbler_0108_163108.jpg,163,162,163.Cape_May_Warbler,175,174,random_resized_crop,random_resized_crop,0,"{""area_fraction"":0.775896,""aspect"":1.09925,""fallback"":false,""height"":0.840143,""left"":0.02383,""top"":0.032254,""width"":0.923528}",0.030003686,0.14174101,0.11173732,0.97044194,0.86784601,0.0045300238,0.014386008,0.96591191,0.85346,-0.11245191,0.75882903,4.4790611,4.8686833,21.80713,False,0.95589656,True,True,True,0.75882903,4.4790611,4.8686833,21.80713,0.75382703,4.480894,4.8029963,21.521717,0.94338379,4.4119922,0.79705938,3.5166198,0.79177108,3.996254,1.2695116,5.0732906,0.69702308,4.2328797,2.1250332,8.99501,0.79877473,4.8198037,2.5962883,12.5136,0.7325538,4.3257442,2.289694,9.9046307,0.75363123,4.5322841,2.2266423,10.091775
experiment_0a_best,file,16,,9536,163.Cape_May_Warbler/Cape_May_Warbler_0108_163108.jpg,163,162,163.Cape_May_Warbler,175,174,gaussian_blur,gaussian_blur,0,"{""sigma"":1.495811}",0.030003686,1.6254387,1.595435,0.97044194,0.19682531,0.0045300238,0.026974671,0.96591191,0.16985064,-0.79606127,0.56937329,32.143431,4.8686833,156.49619,False,0.82948637,True,True,True,0.56937329,32.143431,4.8686833,156.49619,0.56433184,32.301892,4.8029963,155.14587,0.81356967,25.736839,0.79705938,20.513789,0.50393201,32.170801,1.2695116,40.841204,0.48801547,31.892465,2.1250332,67.772547,0.60583698,36.622324,2.5962883,95.082113,0.57245238,31.800328,2.289694,72.813023,0.60343748,26.443099,2.2266423,58.879321
experiment_0a_best,file,16,,9536,163.Cape_May_Warbler/Cape_May_Warbler_0108_163108.jpg,163,162,163.Cape_May_Warbler,175,174,random_erasing,random_erasing,0,"{""area_fraction"":0.141956,""erased"":true,""height"":0.332323,""left"":0.508605,""top"":0.491203,""width"":0.427164}",0.030003686,2.2873056,2.2573019,0.97044194,0.10153969,0.0045300238,0.014929608,0.96591191,0.086610078,-0.87930184,0.53220149,27.143021,4.8686833,132.15077,False,0.8054406,True,True,True,0.53220149,27.143021,4.8686833,132.15077,0.52505607,27.120716,4.8029963,130.2607,0.78427577,27.940875,0.79705938,22.270537,0.46505625,19.085698,1.2695116,24.229515,0.51323169,26.580603,2.1250332,56.484665,0.55694965,26.971233,2.5962883,70.025098,0.4798043,26.566965,2.289694,60.830222,0.56038231,30.414948,2.2266423,67.723208
experiment_0a_best,file,16,,2615,046.Gadwall/Gadwall_0030_31855.jpg,46,45,046.Gadwall,52,51,identity,identity,0,{},0.044521503,0.044521503,0,0.95645505,0.95645505,0.0065946849,0.0065946849,0.94986037,0.94986037,0,1,1,7.99112,7.99112,False,1,True,True,True,1,1,7.99112,7.99112,1,1,7.8668433,7.8668433,1,1,1.4038426,1.4038426,1,1,1.5017562,1.5017562,1,1,3.6088612,3.6088612,1,1,4.2524322,4.2524322,1,1,3.8275676,3.8275676,1,1,3.7248651,3.7248651
experiment_0a_best,file,16,,2615,046.Gadwall/Gadwall_0030_31855.jpg,46,45,046.Gadwall,52,51,horizontal_flip,horizontal_flip,0,"{""flipped"":true}",0.044521503,0.057510238,0.012988735,0.95645505,0.94411224,0.0065946849,0.0051050149,0.94986037,0.93900723,-0.010853141,0.65761902,1.1004398,7.99112,8.7937461,False,0.97129947,True,True,True,0.65761902,1.1004398,7.99112,8.7937461,0.64710679,1.0935279,7.8668433,8.6026129,0.94493922,1.2989091,1.4038426,1.8234639,0.6584352,1.0967609,1.5017562,1.6470676,0.65648677,0.99604976,3.6088612,3.5946054,0.62345118,1.042204,4.2524322,4.4319019,0.60915896,1.1205867,3.8275676,4.2891213,0.70838446,1.2105593,3.7248651,4.5091701
experiment_0a_best,file,16,,2615,046.Gadwall/Gadwall_0030_31855.jpg,46,45,046.Gadwall,52,51,color_jitter,color_jitter,0,"{""brightness"":0.985318,""contrast"":0.838442,""hue"":0.031137,""saturation"":1.134698}",0.044521503,0.027555093,-0.01696641,0.95645505,0.97282106,0.0065946849,0.0020048339,0.94986037,0.97081622,0.020955856,0.91828005,0.65706528,7.99112,5.2506875,False,0.98972023,True,True,True,0.91828005,0.65706528,7.99112,5.2506875,0.9162496,0.65730588,7.8668433,5.1709224,0.98287522,0.64946431,1.4038426,0.91174564,0.90610117,0.69497113,1.5017562,1.0436772,0.90769901,0.7306355,3.6088612,2.6367621,0.92496715,0.633438,4.2524322,2.6936522,0.91001101,0.62717705,3.8275676,2.4005625,0.9303568,0.63972715,3.7248651,2.3828973
experiment_0a_best,file,16,,2615,046.Gadwall/Gadwall_0030_31855.jpg,46,45,046.Gadwall,52,51,rotation,rotation,0,"{""angle"":-0.488865}",0.044521503,0.10116129,0.056639783,0.95645505,0.90378726,0.0065946849,0.014645961,0.94986037,0.88914129,-0.060719073,0.85053984,2.1649154,7.99112,17.300098,False,0.97981107,True,True,True,0.85053984,2.1649154,7.99112,17.300098,0.84644331,2.1634194,7.8668433,17.019282,0.97658939,2.2113765,1.4038426,3.1044245,0.82748403,2.651508,1.5017562,3.9819187,0.83993242,2.4743148,3.6088612,8.9294588,0.84887341,1.9557136,4.2524322,8.3165393,0.84372338,2.1031842,3.8275676,8.0500795,0.87601068,2.0812,3.7248651,7.7521893
experiment_0a_best,file,16,,2615,046.Gadwall/Gadwall_0030_31855.jpg,46,45,046.Gadwall,52,51,random_resized_crop,random_resized_crop,0,"{""area_fraction"":0.526591,""aspect"":1.190576,""fallback"":false,""height"":0.665056,""left"":0.069676,""top"":0.054826,""width"":0.7918}",0.044521503,1.0464725,1.001951,0.95645505,0.35117429,0.0065946849,0.3585209,0.94986037,-0.0073466003,-0.95720697,0.54501613,14.145877,7.99112,113.0414,False,0.90010333,False,True,False,0.54501613,14.145877,7.99112,113.0414,0.53559414,14.122582,7.8668433,111.10014,0.82691107,14.858814,1.4038426,20.859436,0.35940616,13.049266,1.5017562,19.596817,0.56723109,15.984438,3.6088612,57.68562,0.48917023,13.653531,4.2524322,58.060716,0.51411893,13.22894,3.8275676,50.634661,0.61538732,13.941278,3.7248651,51.929379
experiment_0a_best,file,16,,2615,046.Gadwall/Gadwall_0030_31855.jpg,46,45,046.Gadwall,52,51,gaussian_blur,gaussian_blur,0,"{""sigma"":1.212445}",0.044521503,0.70333719,0.65881569,0.95645505,0.49493086,0.0065946849,0.011593729,0.94986037,0.48333713,-0.46652323,0.50784103,16.071372,7.99112,128.42826,False,0.83717716,True,True,True,0.50784103,16.071372,7.99112,128.42826,0.50258737,16.1787,7.8668433,127.2753,0.74559084,12.230859,1.4038426,17.170201,0.42937241,17.531562,1.5017562,26.328133,0.39448821,18.612147,3.6088612,67.168657,0.55870084,16.499439,4.2524322,70.162746,0.55511509,15.915275,3.8275676,60.91679,0.52211284,13.043521,3.7248651,48.585357
experiment_0a_best,file,16,,2615,046.Gadwall/Gadwall_0030_31855.jpg,46,45,046.Gadwall,52,51,random_erasing,random_erasing,0,"{""area_fraction"":0.150917,""erased"":true,""height"":0.580169,""left"":0.570638,""top"":0.106826,""width"":0.260126}",0.044521503,0.057274312,0.012752809,0.95645505,0.94433498,0.0065946849,0.013895865,0.94986037,0.93043912,-0.019421248,0.89933149,1.2012346,7.99112,9.5992096,False,0.96984112,True,True,True,0.89933149,1.2012346,7.99112,9.5992096,0.89737182,1.2010833,7.8668433,9.4487342,0.96062762,1.2059754,1.4038426,1.6929996,0.7918234,1.1003574,1.5017562,1.6524686,0.91091348,1.2318547,3.6088612,4.4455926,0.9185188,1.1590525,4.2524322,4.928792,0.88128547,1.1847174,3.8275676,4.5345858,0.89298717,1.257189,3.7248651,4.6828596
experiment_0a_best,file,16,,2793,049.Boat_tailed_Grackle/Boat_Tailed_Grackle_0043_33595.jpg,49,48,049.Boat_tailed_Grackle,9,8,identity,identity,0,{},1.9268361,1.9268361,0,0.14560816,0.14560816,0.094965786,0.094965786,0.050642371,0.050642371,0,1,1,117.74737,117.74737,False,0.99999988,True,True,True,1,1,117.74737,117.74737,1,1,115.55583,115.55583,1,1,22.611788,22.611788,1,1,17.225132,17.225132,1,1,60.143014,60.143014,1,1,61.275625,61.275625,1,1,53.235381,53.235381,1,1,53.390582,53.390582
experiment_0a_best,file,16,,2793,049.Boat_tailed_Grackle/Boat_Tailed_Grackle_0043_33595.jpg,49,48,049.Boat_tailed_Grackle,9,8,horizontal_flip,horizontal_flip,0,"{""flipped"":true}",1.9268361,1.011282,-0.91555417,0.14560816,0.36375237,0.094965786,0.0080753723,0.050642371,0.35567699,0.30503462,0.54651376,0.80281497,117.74737,94.529348,False,0.9254598,True,True,True,0.54651376,0.80281497,117.74737,94.529348,0.53179157,0.79967273,115.55583,92.406844,0.89800015,0.88091912,22.611788,19.919157,0.47170387,0.97535773,17.225132,16.800665,0.43060162,0.66025735,60.143014,39.709867,0.51623781,0.80716585,61.275625,49.459592,0.52146767,0.85499279,53.235381,45.515866,0.67898009,0.87087844,53.390582,46.496707
experiment_0a_best,file,16,,2793,049.Boat_tailed_Grackle/Boat_Tailed_Grackle_0043_33595.jpg,49,48,049.Boat_tailed_Grackle,9,8,color_jitter,color_jitter,0,"{""brightness"":1.298512,""contrast"":0.630882,""hue"":0.099472,""saturation"":1.014343}",1.9268361,7.8994837,5.9726475,0.14560816,0.00037093495,0.094965786,0.021619728,0.050642371,-0.021248793,-0.071891164,0.42879081,1.6440534,117.74737,193.58296,False,0.80250239,False,True,False,0.42879081,1.6440534,117.74737,193.58296,0.41998579,1.6483656,115.55583,190.47825,0.67821102,1.5271311,22.611788,34.531164,0.30495294,2.0198813,17.225132,34.792722,0.56272307,1.856676,60.143014,111.66609,0.42981091,1.5206458,61.275625,93.17852,0.28110939,1.5374492,53.235381,81.846696,0.35341235,1.5915998,53.390582,84.976439
experiment_0a_best,file,16,,2793,049.Boat_tailed_Grackle/Boat_Tailed_Grackle_0043_33595.jpg,49,48,049.Boat_tailed_Grackle,9,8,rotation,rotation,0,"{""angle"":-12.607152}",1.9268361,2.0113156,0.084479451,0.14560816,0.13381252,0.094965786,0.008006298,0.050642371,0.12580622,0.075163848,0.70377183,1.2466294,117.74737,146.78733,False,0.9062047,True,True,True,0.70377183,1.2466294,117.74737,146.78733,0.69787114,1.2515239,115.55583,144.62088,0.88215676,1.1111949,22.611788,25.126105,0.49040968,1.7275505,17.225132,29.757285,0.76789017,1.1373415,60.143014,68.403146,0.72354118,1.3664487,61.275625,83.729997,0.65089597,1.2353452,53.235381,65.764072,0.66839911,1.1868144,53.390582,63.364712
experiment_0a_best,file,16,,2793,049.Boat_tailed_Grackle/Boat_Tailed_Grackle_0043_33595.jpg,49,48,049.Boat_tailed_Grackle,9,8,random_resized_crop,random_resized_crop,0,"{""area_fraction"":0.881589,""aspect"":1.07873,""fallback"":false,""height"":0.904017,""left"":0.010486,""top"":0.025884,""width"":0.97519}",1.9268361,3.3060148,1.3791786,0.14560816,0.03666199,0.094965786,0.015402869,0.050642371,0.021259121,-0.029383251,0.82837396,1.2870174,117.74737,151.54292,False,0.95876372,False,True,False,0.82837396,1.2870174,117.74737,151.54292,0.82484559,1.2927859,115.55583,149.38894,0.94183955,1.1259509,22.611788,25.459764,0.5894656,1.3453771,17.225132,23.174297,0.87903737,1.3894136,60.143014,83.563521,0.85357285,1.3608432,61.275625,83.386519,0.77542803,1.2076873,53.235381,64.291691,0.79042806,1.140897,53.390582,60.913154
experiment_0a_best,file,16,,2793,049.Boat_tailed_Grackle/Boat_Tailed_Grackle_0043_33595.jpg,49,48,049.Boat_tailed_Grackle,9,8,gaussian_blur,gaussian_blur,0,"{""sigma"":1.1124}",1.9268361,5.0355296,3.1086935,0.14560816,0.0065027541,0.094965786,0.002038205,0.050642371,0.004464549,-0.046177822,0.57517211,1.6469431,117.74737,193.92321,False,0.87835211,False,True,False,0.57517211,1.6469431,117.74737,193.92321,0.5685572,1.6579242,115.55583,191.5828,0.804538,1.3283937,22.611788,30.037358,0.058522152,2.8508253,17.225132,49.105841,0.6301396,1.8139936,60.143014,109.09904,0.59328067,1.5748582,61.275625,96.500418,0.54677512,1.5568079,53.235381,82.877264,0.59003648,1.4758651,53.390582,78.797298
experiment_0a_best,file,16,,2793,049.Boat_tailed_Grackle/Boat_Tailed_Grackle_0043_33595.jpg,49,48,049.Boat_tailed_Grackle,9,8,random_erasing,random_erasing,0,"{""area_fraction"":0.157534,""erased"":true,""height"":0.580326,""left"":0.3332,""top"":0.023641,""width"":0.271457}",1.9268361,1.333555,-0.59328115,0.14560816,0.26353872,0.094965786,0.038086671,0.050642371,0.22545205,0.17480968,0.71211522,1.1293008,117.74737,132.9722,False,0.81241786,True,True,True,0.71211522,1.1293008,117.74737,132.9722,0.71016887,1.1360621,115.55583,131.27859,0.78688947,0.93557613,22.611788,21.155049,0.76660205,1.2379158,17.225132,21.323262,0.7869654,1.0513401,60.143014,63.230763,0.72680671,1.1967401,61.275625,73.330997,0.66566279,1.1810384,53.235381,62.873027,0.63930945,1.1002607,53.390582,58.74356
experiment_0a_best,file,16,,8764,150.Sage_Thrasher/Sage_Thrasher_0025_155661.jpg,150,149,150.Sage_Thrasher,194,193,identity,identity,0,{},0.014708652,0.014708652,0,0.98539901,0.98539901,0.0049117217,0.0049117217,0.98048729,0.98048729,0,1,1,2.4101785,2.4101785,False,1,True,True,True,1,1,2.4101785,2.4101785,1,1,2.3621621,2.3621621,1,1,0.4786968,0.4786968,1,1,0.3915227,0.3915227,1,1,0.98998973,0.98998973,1,1,1.2667467,1.2667467,1,1,1.1964418,1.1964418,1,1,1.187569,1.187569
experiment_0a_best,file,16,,8764,150.Sage_Thrasher/Sage_Thrasher_0025_155661.jpg,150,149,150.Sage_Thrasher,194,193,horizontal_flip,horizontal_flip,0,"{""flipped"":true}",0.014708652,0.056046844,0.041338191,0.98539901,0.94549483,0.0049117217,0.021284318,0.98048729,0.92421051,-0.056276773,0.64799934,3.6594535,2.4101785,8.8199363,False,0.97526991,True,True,True,0.64799934,3.6594535,2.4101785,8.8199363,0.63495874,3.6617591,2.3621621,8.6496687,0.97081084,3.602857,0.4786968,1.7246761,0.35526285,3.4024067,0.3915227,1.3321195,0.39282092,3.5109088,0.98998973,3.4757636,0.61886056,3.8499624,1.2667467,4.8769273,0.69155731,3.6272313,1.1964418,4.3397712,0.79085365,3.606446,1.187569,4.2829033
experiment_0a_best,file,16,,8764,150.Sage_Thrasher/Sage_Thrasher_0025_155661.jpg,150,149,150.Sage_Thrasher,194,193,color_jitter,color_jitter,0,"{""brightness"":1.311212,""contrast"":1.139836,""hue"":0.02354,""saturation"":1.222101}",0.014708652,0.022257058,0.0075484058,0.98539901,0.97798878,0.0049117217,0.0098820524,0.98048729,0.96810673,-0.012380559,0.83888643,1.404107,2.4101785,3.3841485,False,0.9804948,True,True,True,0.83888643,1.404107,2.4101785,3.3841485,0.83304801,1.3963628,2.3621621,3.2984354,0.97063722,1.581012,0.4786968,0.7568254,0.44212873,1.5583242,0.3915227,0.6101193,0.80873817,1.2336594,0.98998973,1.2213102,0.82878633,1.3309363,1.2667467,1.6859592,0.84267989,1.4486047,1.1964418,1.7331712,0.89382507,1.4991185,1.187569,1.7803065
experiment_0a_best,file,16,,8764,150.Sage_Thrasher/Sage_Thrasher_0025_155661.jpg,150,149,150.Sage_Thrasher,194,193,rotation,rotation,0,"{""angle"":-11.047634}",0.014708652,0.04842107,0.033712418,0.98539901,0.95273256,0.0049117217,0.017270112,0.98048729,0.93546245,-0.045024836,0.7687677,3.1239242,2.4101785,7.5292152,False,0.94167423,True,True,True,0.7687677,3.1239242,2.4101785,7.5292152,0.76197482,3.1252309,2.3621621,7.3823021,0.9359974,3.0919361,0.4786968,1.4800999,0.78787867,3.8684292,0.3915227,1.5145779,0.72109837,3.210736,0.98998973,3.1785957,0.7861123,3.0260138,1.2667467,3.8331931,0.73988441,3.0257439,1.1964418,3.6201264,0.78584297,3.1845191,1.187569,3.781836
experiment_0a_best,file,16,,8764,150.Sage_Thrasher/Sage_Thrasher_0025_155661.jpg,150,149,150.Sage_Thrasher,194,193,random_resized_crop,random_resized_crop,0,"{""area_fraction"":0.625524,""aspect"":0.751578,""fallback"":false,""height"":0.912294,""left"":0.250507,""top"":0.004634,""width"":0.68566}",0.014708652,0.1354598,0.12075114,0.98539901,0.87331426,0.0049117217,0.051756974,0.98048729,0.82155729,-0.15893,0.63450388,9.0608802,2.4101785,21.838339,False,0.94082725,True,True,True,0.63450388,9.0608802,2.4101785,21.838339,0.62358778,9.0943866,2.3621621,21.482416,0.93245858,8.2028671,0.4786968,3.9266862,0.60697342,12.236015,0.3915227,4.7906775,0.38707637,9.4968846,0.98998973,9.4018182,0.67480762,9.3035589,1.2667467,11.785253,0.64829244,9.0049543,1.1964418,10.773904,0.73121156,8.2151315,1.187569,9.7560351
experiment_0a_best,file,16,,8764,150.Sage_Thrasher/Sage_Thrasher_0025_155661.jpg,150,149,150.Sage_Thrasher,194,193,gaussian_blur,gaussian_blur,0,"{""sigma"":1.422196}",0.014708652,2.6650577,2.650349,0.98539901,0.069595337,0.0049117217,0.01710595,0.98048729,0.052489387,-0.9279979,0.25244095,94.326104,2.4101785,227.34275,False,0.78066766,False,True,False,0.25244095,94.326104,2.4101785,227.34275,0.24217842,95.49657,2.3621621,225.57838,0.68549475,59.053483,0.4786968,28.268713,0.34398666,90.441199,0.3915227,35.409783,-0.11453233,125.1581,0.98998973,123.90524,0.30827903,104.54428,1.2667467,132.43112,0.37674581,85.062394,1.1964418,101.7722,0.42931753,67.278479,1.187569,79.897833
experiment_0a_best,file,16,,8764,150.Sage_Thrasher/Sage_Thrasher_0025_155661.jpg,150,149,150.Sage_Thrasher,194,193,random_erasing,random_erasing,0,"{""area_fraction"":0.100382,""erased"":true,""height"":0.364172,""left"":0.282788,""top"":0.252926,""width"":0.275644}",0.014708652,0.80540967,0.79070102,0.98539901,0.44690481,0.0049117217,0.028442413,0.98048729,0.4184624,-0.56202489,0.55165176,35.696216,2.4101785,86.034253,False,0.89192843,True,True,True,0.55165176,35.696216,2.4101785,86.034253,0.54008077,35.683434,2.3621621,84.290056,0.83090184,36.00606,0.4786968,17.235985,0.5937586,41.367408,0.3915227,16.196279,0.36960749,36.318252,0.98998973,35.954696,0.51197323,37.504482,1.2667467,47.50868,0.59167158,35.317394,1.1964418,42.255206,0.64828541,32.690628,1.187569,38.822375
experiment_0a_best,file,16,,2169,038.Great_Crested_Flycatcher/Great_Crested_Flycatcher_0069_29603.jpg,38,37,038.Great_Crested_Flycatcher,39,38,identity,identity,0,{},0.55180317,0.55180317,0,0.57591039,0.57591039,0.25548157,0.25548157,0.32042882,0.32042882,0,1,1,83.465915,83.465915,False,1,True,True,True,1,1,83.465915,83.465915,1,1,82.34071,82.34071,1,1,13.658929,13.658929,1,1,23.939257,23.939257,1,1,43.945453,43.945453,1,1,39.948497,39.948497,1,1,38.798734,38.798734,1,1,34.270652,34.270652
experiment_0a_best,file,16,,2169,038.Great_Crested_Flycatcher/Great_Crested_Flycatcher_0069_29603.jpg,38,37,038.Great_Crested_Flycatcher,39,38,horizontal_flip,horizontal_flip,0,"{""flipped"":true}",0.55180317,2.0800791,1.5282759,0.57591039,0.12492034,0.25548157,0.74803686,0.32042882,-0.62311652,-0.94354534,0.65543261,2.0184134,83.465915,168.46872,False,0.9517678,False,True,False,0.65543261,2.0184134,83.465915,168.46872,0.64697507,2.010323,82.34071,165.53143,0.93039321,2.2931393,13.658929,31.321829,0.78169932,1.8781296,23.939257,44.961029,0.72683663,1.8302004,43.945453,80.428985,0.53921205,2.0378428,39.948497,81.408755,0.56869139,2.0733236,38.798734,80.442332,0.71932801,2.224538,34.270652,76.236367
experiment_0a_best,file,16,,2169,038.Great_Crested_Flycatcher/Great_Crested_Flycatcher_0069_29603.jpg,38,37,038.Great_Crested_Flycatcher,39,38,color_jitter,color_jitter,0,"{""brightness"":0.620934,""contrast"":1.072884,""hue"":-0.043088,""saturation"":0.970894}",0.55180317,0.9667536,0.41495043,0.57591039,0.38031569,0.25548157,0.082483493,0.32042882,0.2978322,-0.02259662,0.69967268,1.4164164,83.465915,118.22249,False,0.921408,True,True,True,0.69967268,1.4164164,83.465915,118.22249,0.69670964,1.4179418,82.34071,116.75434,0.81255202,1.3598207,13.658929,18.573695,0.86616314,1.655864,23.939257,39.640155,0.71438592,1.4764053,43.945453,64.881299,0.63625057,1.4224431,39.948497,56.824464,0.65565913,1.2790247,38.798734,49.624539,0.71110851,1.3558372,34.270652,46.465424
experiment_0a_best,file,16,,2169,038.Great_Crested_Flycatcher/Great_Crested_Flycatcher_0069_29603.jpg,38,37,038.Great_Crested_Flycatcher,39,38,rotation,rotation,0,"{""angle"":-0.860567}",0.55180317,0.29747069,-0.25433248,0.57591039,0.74269438,0.25548157,0.19185664,0.32042882,0.55083774,0.23040892,0.88968451,0.68772816,83.465915,57.40186,False,0.9850949,True,True,True,0.88968451,0.68772816,83.465915,57.40186,0.88740792,0.68811901,82.34071,56.660208,0.97443353,0.67337039,13.658929,9.1975187,0.89809959,0.64561868,23.939257,15.455632,0.87911893,0.70820954,43.945453,31.122589,0.87370549,0.70239713,39.948497,28.059709,0.89416083,0.67228351,38.798734,26.083749,0.90968228,0.67503562,34.270652,23.133911
experiment_0a_best,file,16,,2169,038.Great_Crested_Flycatcher/Great_Crested_Flycatcher_0069_29603.jpg,38,37,038.Great_Crested_Flycatcher,39,38,random_resized_crop,random_resized_crop,0,"{""area_fraction"":0.780824,""aspect"":0.932508,""fallback"":false,""height"":0.915062,""left"":0.121245,""top"":0.006931,""width"":0.853302}",0.55180317,0.21179371,-0.34000947,0.57591039,0.80913162,0.25548157,0.11125734,0.32042882,0.69787428,0.37744546,0.76652068,0.46967309,83.465915,39.201694,False,0.9696126,True,True,True,0.76652068,0.46967309,83.465915,39.201694,0.76157856,0.47080557,82.34071,38.766465,0.96844586,0.42648234,13.658929,5.8252922,0.82490819,0.45577257,23.939257,10.910857,0.79289628,0.50331838,43.945453,22.118555,0.69140365,0.48790631,39.948497,19.491123,0.73873385,0.43426609,38.798734,16.848974,0.81357842,0.44326871,34.270652,15.191107
experiment_0a_best,file,16,,2169,038.Great_Crested_Flycatcher/Great_Crested_Flycatcher_0069_29603.jpg,38,37,038.Great_Crested_Flycatcher,39,38,gaussian_blur,gaussian_blur,0,"{""sigma"":1.776278}",0.55180317,0.38315067,-0.1686525,0.57591039,0.68171018,0.25548157,0.037196364,0.32042882,0.64451382,0.324085,0.51660668,0.83468753,83.465915,69.667958,False,0.88000864,True,True,True,0.51660668,0.83468753,83.465915,69.667958,0.5104051,0.83704268,82.34071,68.922688,0.773642,0.7440585,13.658929,10.163043,0.66641956,0.88375086,23.939257,21.156339,0.57648826,0.81166293,43.945453,35.668895,0.39895114,0.92727392,39.948497,37.043199,0.44953289,0.79767952,38.798734,30.948955,0.57916054,0.77225911,34.270652,26.465823
experiment_0a_best,file,16,,2169,038.Great_Crested_Flycatcher/Great_Crested_Flycatcher_0069_29603.jpg,38,37,038.Great_Crested_Flycatcher,39,38,random_erasing,random_erasing,0,"{""area_fraction"":0.119418,""erased"":true,""height"":0.21092,""left"":0.37848,""top"":0.122547,""width"":0.566175}",0.55180317,0.30709377,-0.2447094,0.57591039,0.73558164,0.25548157,0.056528531,0.32042882,0.67905311,0.35862429,0.61941196,0.42559238,83.465915,35.522457,False,0.83720613,True,True,True,0.61941196,0.42559238,83.465915,35.522457,0.61438376,0.42338171,82.34071,34.861551,0.7825309,0.49933285,13.658929,6.8203522,0.78616484,0.38589938,23.939257,9.2381447,0.69680883,0.37499541,43.945453,16.479343,0.54722468,0.40140825,39.948497,16.035656,0.53014898,0.42699696,38.798734,16.566941,0.63562725,0.52750335,34.270652,18.077883
experiment_0a_best,file,16,,2664,047.American_Goldfinch/American_Goldfinch_0048_32885.jpg,47,46,047.American_Goldfinch,98,97,identity,identity,0,{},0.0084329704,0.0084329704,0,0.99160248,0.99160248,0.0027450356,0.0027450356,0.98885744,0.98885744,0,1,1,1.5396559,1.5396559,False,1.0000001,True,True,True,1,1,1.5396559,1.5396559,1,1,1.5064494,1.5064494,1,1,0.31804127,0.31804127,1,1,0.33900399,0.33900399,1,1,0.69762242,0.69762242,1,1,0.75740339,0.75740339,1,1,0.73549986,0.73549986,1,1,0.74375349,0.74375349
experiment_0a_best,file,16,,2664,047.American_Goldfinch/American_Goldfinch_0048_32885.jpg,47,46,047.American_Goldfinch,98,97,horizontal_flip,horizontal_flip,0,"{""flipped"":true}",0.0084329704,0.0035488738,-0.0048840966,0.99160248,0.9964574,0.0027450356,0.0024094086,0.98885744,0.99404799,0.0051905445,0.6575064,0.43965328,1.5396559,0.67691475,False,0.96405685,True,True,True,0.6575064,0.43965328,1.5396559,0.67691475,0.64657218,0.43907865,1.5064494,0.66144978,0.89590408,0.45235383,0.31804127,0.14386719,0.62967303,0.4224211,0.33900399,0.14320244,0.66691272,0.42045126,0.69762242,0.29331623,0.61315535,0.45001444,0.75740339,0.34084246,0.58368488,0.43172917,0.73549986,0.31753674,0.72734688,0.45390895,0.74375349,0.33759637
experiment_0a_best,file,16,,2664,047.American_Goldfinch/American_Goldfinch_0048_32885.jpg,47,46,047.American_Goldfinch,98,97,color_jitter,color_jitter,0,"{""brightness"":0.900341,""contrast"":0.80785,""hue"":0.031143,""saturation"":1.167431}",0.0084329704,0.16221818,0.15378521,0.99160248,0.85025567,0.0027450356,0.0085650925,0.98885744,0.84169058,-0.14716687,0.79740749,22.54418,1.5396559,34.710279,False,0.95767701,True,True,True,0.79740749,22.54418,1.5396559,34.710279,0.79511973,22.775148,1.5064494,34.309609,0.90801395,16.534731,0.31804127,5.258727,0.63630581,23.227575,0.33900399,7.8742406,0.83523697,26.182359,0.69762242,18.2654,0.80356912,23.14089,0.75740339,17.526989,0.78566279,22.042653,0.73549986,16.212369,0.80612661,19.552859,0.74375349,14.542507
experiment_0a_best,file,16,,2664,047.American_Goldfinch/American_Goldfinch_0048_32885.jpg,47,46,047.American_Goldfinch,98,97,rotation,rotation,0,"{""angle"":-9.825487}",0.0084329704,0.064767763,0.056334793,0.99160248,0.93728513,0.0027450356,0.0083479257,0.98885744,0.9289372,-0.059920245,0.70566985,8.8148421,1.5396559,13.571823,False,0.96567881,True,True,True,0.70566985,8.8148421,1.5396559,13.571823,0.69945289,8.842401,1.5064494,13.32063,0.85869925,8.1721394,0.31804127,2.5990776,0.50601388,7.9983164,0.33900399,2.7114612,0.71352195,8.4162141,0.69762242,5.8713396,0.70823814,9.085124,0.75740339,6.8811037,0.69933497,9.2952535,0.73549986,6.8366577,0.71784368,8.664153,0.74375349,6.4439941
experiment_0a_best,file,16,,2664,047.American_Goldfinch/American_Goldfinch_0048_32885.jpg,47,46,047.American_Goldfinch,98,97,random_resized_crop,random_resized_crop,0,"{""area_fraction"":0.794349,""aspect"":0.996906,""fallback"":false,""height"":0.892644,""left"":0.018539,""top"":0.071653,""width"":0.889882}",0.0084329704,0.053143803,0.044710833,0.99160248,0.94824362,0.0027450356,0.011180235,0.98885744,0.93706338,-0.051794062,0.73189647,5.5264664,1.5396559,8.5088564,False,0.96360171,True,True,True,0.73189647,5.5264664,1.5396559,8.5088564,0.72289558,5.5252176,1.5064494,8.323461,0.93278715,5.5544103,0.31804127,1.7665317,0.42732142,3.9397107,0.33900399,1.3355776,0.65024751,4.7013837,0.69762242,3.2797907,0.71293843,5.5226251,0.75740339,4.1828549,0.76152518,6.2776813,0.73549986,4.6172337,0.80608997,5.6923225,0.74375349,4.2336848
experiment_0a_best,file,16,,2664,047.American_Goldfinch/American_Goldfinch_0048_32885.jpg,47,46,047.American_Goldfinch,98,97,gaussian_blur,gaussian_blur,0,"{""sigma"":1.255684}",0.0084329704,0.41070759,0.40227462,0.99160248,0.66318083,0.0027450356,0.017213415,0.98885744,0.64596741,-0.34289003,0.44876776,48.592082,1.5396559,74.815084,False,0.88522649,True,True,True,0.44876776,48.592082,1.5396559,74.815084,0.43960191,49.219472,1.5064494,74.146646,0.81629715,31.375038,0.31804127,9.978557,0.26496411,48.587099,0.33900399,16.47122,0.30457001,49.615714,0.69762242,34.613034,0.44054301,55.653676,0.75740339,42.152282,0.49343578,53.127682,0.73549986,39.075403,0.60048518,36.194126,0.74375349,26.919508
experiment_0a_best,file,16,,2664,047.American_Goldfinch/American_Goldfinch_0048_32885.jpg,47,46,047.American_Goldfinch,98,97,random_erasing,random_erasing,0,"{""area_fraction"":0.164291,""erased"":true,""height"":0.348917,""left"":0.34436,""top"":0.138482,""width"":0.47086}",0.0084329704,0.69470227,0.6862693,0.99160248,0.49922308,0.0027450356,0.10788405,0.98885744,0.39133903,-0.59751841,0.62451995,49.930107,1.5396559,76.875182,False,0.85749382,True,True,True,0.62451995,49.930107,1.5396559,76.875182,0.61738789,50.181842,1.5064494,75.596409,0.81278719,43.904364,0.31804127,13.9634,0.27357096,55.075542,0.33900399,18.670829,0.62074047,45.781228,0.69762242,31.938011,0.68364705,49.811411,0.75740339,37.727332,0.62542034,52.328787,0.73549986,38.487816,0.62001008,51.048253,0.74375349,37.967316
experiment_0a_best,file,16,,6240,107.Common_Raven/Common_Raven_0079_101100.jpg,107,106,107.Common_Raven,30,29,identity,identity,0,{},3.7694423,3.7694423,0,0.023064924,0.023064924,0.88721162,0.88721162,-0.8641467,-0.8641467,0,1,1,183.14573,183.14573,False,1,True,False,False,1,1,183.14573,183.14573,1,1,178.8413,178.8413,1,1,39.47338,39.47338,1,1,59.063092,59.063092,1,1,74.377159,74.377159,1,1,91.694358,91.694358,1,1,88.967552,88.967552,1,1,81.490599,81.490599
experiment_0a_best,file,16,,6240,107.Common_Raven/Common_Raven_0079_101100.jpg,107,106,107.Common_Raven,30,29,horizontal_flip,horizontal_flip,0,"{""flipped"":true}",3.7694423,5.6046906,1.8352482,0.023064924,0.0036805596,0.88721162,0.79820532,-0.8641467,-0.79452476,0.06962194,0.60395203,1.0313602,183.14573,188.88922,False,0.96636683,True,False,False,0.60395203,1.0313602,183.14573,188.88922,0.5870958,1.0327744,178.8413,184.70271,0.96089287,1.0018903,39.47338,39.547996,-0.047423322,1.1654835,59.063092,68.837061,0.51015473,1.1830249,74.377159,87.990035,0.72821298,1.0188624,91.694358,93.423934,0.69361638,0.93310877,88.967552,83.016403,0.77315785,0.95168689,81.490599,77.553535
experiment_0a_best,file,16,,6240,107.Common_Raven/Common_Raven_0079_101100.jpg,107,106,107.Common_Raven,30,29,color_jitter,color_jitter,0,"{""brightness"":1.046725,""contrast"":0.830243,""hue"":-0.012248,""saturation"":0.947987}",3.7694423,2.6179552,-1.1514871,0.023064924,0.072951876,0.88721162,0.72652119,-0.8641467,-0.65356932,0.21057738,0.92712236,0.91583802,183.14573,167.73182,False,0.98508644,True,False,False,0.92712236,0.91583802,183.14573,167.73182,0.92476942,0.91857056,178.8413,164.27835,0.98091765,0.85782593,39.47338,33.861289,0.95282627,0.86839154,59.063092,51.289889,0.89312825,1.0284132,74.377159,76.490449,0.92779745,0.94957627,91.694358,87.070787,0.93441284,0.86707214,88.967552,77.141286,0.93638362,0.86544237,81.490599,70.525418
experiment_0a_best,file,16,,6240,107.Common_Raven/Common_Raven_0079_101100.jpg,107,106,107.Common_Raven,30,29,rotation,rotation,0,"{""angle"":9.468617}",3.7694423,4.8797207,1.1102784,0.023064924,0.0075991354,0.88721162,0.95545268,-0.8641467,-0.94785355,-0.083706849,0.77392422,1.0797835,183.14573,197.75774,False,0.96641213,True,False,False,0.77392422,1.0797835,183.14573,197.75774,0.7642908,1.0780652,178.8413,192.80258,0.96561695,1.1144709,39.47338,43.991931,0.79506549,0.97039825,59.063092,57.314721,0.74099662,1.2824218,74.377159,95.382892,0.72947011,1.0319793,91.694358,94.626675,0.776154,1.0488848,88.967552,93.316715,0.81862629,1.0360209,81.490599,84.425964
experiment_0a_best,file,16,,6240,107.Common_Raven/Common_Raven_0079_101100.jpg,107,106,107.Common_Raven,30,29,random_resized_crop,random_resized_crop,0,"{""area_fraction"":0.584507,""aspect"":1.24499,""fallback"":false,""height"":0.685192,""left"":0.081369,""top"":0.221643,""width"":0.853057}",3.7694423,1.8361175,-1.9333248,0.023064924,0.15943523,0.88721162,0.75952262,-0.8641467,-0.60008739,0.26405931,0.71931226,0.87385497,183.14573,160.0428,False,0.95465195,True,False,False,0.71931226,0.87385497,183.14573,160.0428,0.70713012,0.87093914,178.8413,155.75988,0.95462422,0.93169455,39.47338,36.777133,0.81730189,0.854826,59.063092,50.488666,0.58472814,1.0002791,74.377159,74.397919,0.66707953,0.81642366,91.694358,74.861444,0.72467978,0.84031425,88.967552,74.760701,0.80414822,0.86629044,81.490599,70.594527
experiment_0a_best,file,16,,6240,107.Common_Raven/Common_Raven_0079_101100.jpg,107,106,107.Common_Raven,30,29,gaussian_blur,gaussian_blur,0,"{""sigma"":1.276016}",3.7694423,1.798974,-1.9704683,0.023064924,0.16546856,0.88721162,0.66291308,-0.8641467,-0.49744453,0.36670217,0.55008041,0.87183712,183.14573,159.67324,False,0.91136986,True,False,False,0.55008041,0.87183712,183.14573,159.67324,0.53450544,0.87565237,178.8413,156.60281,0.9075266,0.78945781,39.47338,31.162568,0.4088809,0.61717577,59.063092,36.452309,0.31142347,1.0927456,74.377159,81.275316,0.55801911,0.90014618,91.694358,82.538326,0.63425618,0.83298768,88.967552,74.108875,0.71270415,0.80330894,81.490599,65.462127
experiment_0a_best,file,16,,6240,107.Common_Raven/Common_Raven_0079_101100.jpg,107,106,107.Common_Raven,30,29,random_erasing,random_erasing,0,"{""area_fraction"":0.083437,""erased"":true,""height"":0.305689,""left"":0.151624,""top"":0.44314,""width"":0.272947}",3.7694423,3.521049,-0.2483933,0.023064924,0.0295684,0.88721162,0.80735594,-0.8641467,-0.77778754,0.086359156,0.92151968,0.97085342,183.14573,177.80765,False,0.98963863,True,False,False,0.92151968,0.97085342,183.14573,177.80765,0.9184803,0.97293962,178.8413,174.00178,0.9880322,0.92699313,39.47338,36.591552,0.9712183,0.89144632,59.063092,52.651576,0.91598257,1.0561495,74.377159,78.5534,0.90442994,0.96357876,91.694358,88.354736,0.91396024,0.96809535,88.967552,86.129074,0.92304983,0.9591316,81.490599,78.160209
experiment_0a_best,file,16,,10156,173.Orange_crowned_Warbler/Orange_Crowned_Warbler_0120_167587.jpg,173,172,173.Orange_crowned_Warbler,199,198,identity,identity,0,{},0.33602467,0.33602467,0,0.71460551,0.71460551,0.087394789,0.087394789,0.62721072,0.62721072,0,1,1,52.553797,52.553797,False,0.99999994,True,True,True,1,1,52.553797,52.553797,1,1,51.805799,51.805799,1,1,8.8351976,8.8351976,1,1,12.035419,12.035419,1,1,24.569241,24.569241,1,1,27.651655,27.651655,1,1,25.885853,25.885853,1,1,22.375221,22.375221
experiment_0a_best,file,16,,10156,173.Orange_crowned_Warbler/Orange_Crowned_Warbler_0120_167587.jpg,173,172,173.Orange_crowned_Warbler,199,198,horizontal_flip,horizontal_flip,0,"{""flipped"":true}",0.33602467,0.3079977,-0.028026968,0.71460551,0.73491699,0.087394789,0.017513223,0.62721072,0.71740376,0.090193041,0.67300953,0.92237228,52.553797,48.474166,False,0.96053541,True,True,True,0.67300953,0.92237228,52.553797,48.474166,0.6659456,0.92323225,51.805799,47.828785,0.92467676,0.89230135,8.8351976,7.8836587,0.49873891,0.63238637,12.035419,7.6110352,0.60617532,0.76886383,24.569241,18.890401,0.70966267,1.0106256,27.651655,27.94547,0.65518012,0.98092531,25.885853,25.392089,0.72714512,0.94501761,22.375221,21.144977
experiment_0a_best,file,16,,10156,173.Orange_crowned_Warbler/Orange_Crowned_Warbler_0120_167587.jpg,173,172,173.Orange_crowned_Warbler,199,198,color_jitter,color_jitter,0,"{""brightness"":1.008859,""contrast"":1.002707,""hue"":0.019934,""saturation"":1.374866}",0.33602467,1.6858305,1.3498058,0.71460551,0.1852905,0.087394789,0.028206874,0.62721072,0.15708363,-0.47012709,0.66565242,3.3169127,52.553797,174.31636,False,0.9479748,False,True,False,0.66565242,3.3169127,52.553797,174.31636,0.66121061,3.3252057,51.805799,172.26494,0.83696621,3.0179569,8.8351976,26.664246,0.64092086,3.8276491,12.035419,46.067362,0.57599336,3.1708992,24.569241,77.906587,0.66955146,3.6584673,27.651655,101.16268,0.69596201,3.0347257,25.885853,78.556466,0.72422132,3.1849547,22.375221,71.264064
experiment_0a_best,file,16,,10156,173.Orange_crowned_Warbler/Orange_Crowned_Warbler_0120_167587.jpg,173,172,173.Orange_crowned_Warbler,199,198,rotation,rotation,0,"{""angle"":11.205647}",0.33602467,0.65017152,0.31414685,0.71460551,0.52195626,0.087394789,0.022749927,0.62721072,0.49920634,-0.12800438,0.66609794,1.7137457,52.553797,90.063842,False,0.95201796,True,True,True,0.66609794,1.7137457,52.553797,90.063842,0.6597105,1.7151119,51.805799,88.852744,0.89244147,1.6660906,8.8351976,14.72024,0.27193599,1.4469498,12.035419,17.414648,0.67773276,1.8556957,24.569241,45.593035,0.63368517,1.6333647,27.651655,45.165238,0.69344638,1.6951121,25.885853,43.879424,0.72876285,1.7581252,22.375221,39.338439
experiment_0a_best,file,16,,10156,173.Orange_crowned_Warbler/Orange_Crowned_Warbler_0120_167587.jpg,173,172,173.Orange_crowned_Warbler,199,198,random_resized_crop,random_resized_crop,0,"{""area_fraction"":0.529967,""aspect"":0.857419,""fallback"":false,""height"":0.786191,""left"":0.157297,""top"":0.165814,""width"":0.674095}",0.33602467,0.6710279,0.33500323,0.71460551,0.51118284,0.087394789,0.0090892287,0.62721072,0.50209362,-0.12511711,0.61786131,1.7139348,52.553797,90.073784,False,0.92011786,True,True,True,0.61786131,1.7139348,52.553797,90.073784,0.61104105,1.7168923,51.805799,88.944979,0.86935171,1.6089497,8.8351976,14.215389,0.6351151,1.9384127,12.035419,23.32961,0.42607405,1.4564599,24.569241,35.784115,0.6481008,1.8351616,27.651655,50.745254,0.65458683,1.7013356,25.885853,44.040525,0.68427874,1.7718605,22.375221,39.645769
experiment_0a_best,file,16,,10156,173.Orange_crowned_Warbler/Orange_Crowned_Warbler_0120_167587.jpg,173,172,173.Orange_crowned_Warbler,199,198,gaussian_blur,gaussian_blur,0,"{""sigma"":1.915397}",0.33602467,4.8636522,4.5276276,0.71460551,0.0077222292,0.087394789,0.0010347558,0.62721072,0.0066874734,-0.62052325,0.30975916,2.8478251,52.553797,149.66402,False,0.76745188,False,True,False,0.30975916,2.8478251,52.553797,149.66402,0.2977332,2.8423936,51.805799,147.25247,0.69840672,3.0286506,8.8351976,26.758726,0.16030639,4.5051654,12.035419,54.221555,0.11371152,2.8050648,24.569241,68.918313,0.31186019,2.6227639,27.651655,72.523763,0.39142684,2.6418859,25.885853,68.387472,0.46013246,2.8466702,22.375221,63.694874
experiment_0a_best,file,16,,10156,173.Orange_crowned_Warbler/Orange_Crowned_Warbler_0120_167587.jpg,173,172,173.Orange_crowned_Warbler,199,198,random_erasing,random_erasing,0,"{""area_fraction"":0.091518,""erased"":true,""height"":0.332727,""left"":0.234355,""top"":0.517301,""width"":0.275053}",0.33602467,1.7211094,1.3850847,0.71460551,0.17886758,0.087394789,0.040600687,0.62721072,0.13826689,-0.48894383,0.76675335,2.8226234,52.553797,148.33958,False,0.91999978,False,True,False,0.76675335,2.8226234,52.553797,148.33958,0.76316058,2.8181188,51.805799,145.9949,0.88489874,2.9733514,8.8351976,26.270147,0.77512817,2.3892269,12.035419,28.755348,0.71442283,2.6724043,24.569241,65.658945,0.75130596,2.8265491,27.651655,78.15876,0.78923152,2.9212909,25.885853,75.620109,0.80146159,2.9474392,22.375221,65.949602
experiment_0a_best,file,16,,9794,167.Hooded_Warbler/Hooded_Warbler_0057_164137.jpg,167,166,167.Hooded_Warbler,168,167,identity,identity,0,{},0.0029759191,0.0029759191,0,0.99702853,0.99702853,0.0017328706,0.0017328706,0.99529566,0.99529566,0,1,1,0.47652575,0.47652575,False,1,True,True,True,1,1,0.47652575,0.47652575,1,1,0.46711047,0.46711047,1,1,0.094258148,0.094258148,1,1,0.10063795,0.10063795,1,1,0.18533364,0.18533364,1,1,0.24113928,0.24113928,1,1,0.22236768,0.22236768,1,1,0.2571383,0.2571383
experiment_0a_best,file,16,,9794,167.Hooded_Warbler/Hooded_Warbler_0057_164137.jpg,167,166,167.Hooded_Warbler,168,167,horizontal_flip,horizontal_flip,0,"{""flipped"":true}",0.0029759191,0.00046635719,-0.0025095619,0.99702853,0.99953377,0.0017328706,0.00019900994,0.99529566,0.99933476,0.0040391035,0.6869574,0.15089512,0.47652575,0.071905411,False,0.9764663,True,True,True,0.6869574,0.15089512,0.47652575,0.071905411,0.67484004,0.15045463,0.46711047,0.070278932,0.96607586,0.16133598,0.094258148,0.015207231,0.63104776,0.13338046,0.10063795,0.013423136,0.60914935,0.15745681,0.18533364,0.029182044,0.59998448,0.14460865,0.24113928,0.034870825,0.64961109,0.15063177,0.22236768,0.033495637,0.79740929,0.15406478,0.2571383,0.039615955
experiment_0a_best,file,16,,9794,167.Hooded_Warbler/Hooded_Warbler_0057_164137.jpg,167,166,167.Hooded_Warbler,168,167,color_jitter,color_jitter,0,"{""brightness"":1.043897,""contrast"":1.278162,""hue"":0.001775,""saturation"":0.880803}",0.0029759191,0.0065405583,0.0035646392,0.99702853,0.9934808,0.0017328706,0.0038372732,0.99529566,0.98964353,-0.0056521307,0.91480952,2.2620683,0.47652575,1.0779338,False,0.99091744,True,True,True,0.91480952,2.2620683,0.47652575,1.0779338,0.91188919,2.2655649,0.46711047,1.0582691,0.9902762,2.1744346,0.094258148,0.20495818,0.87310897,1.9985204,0.10063795,0.20112699,0.85887081,2.2818998,0.18533364,0.4229128,0.91513509,2.2738447,0.24113928,0.54831328,0.91366521,2.3064086,0.22236768,0.51287073,0.94186564,2.257413,0.2571383,0.58046734
experiment_0a_best,file,16,,9794,167.Hooded_Warbler/Hooded_Warbler_0057_164137.jpg,167,166,167.Hooded_Warbler,168,167,rotation,rotation,0,"{""angle"":-13.090669}",0.0029759191,0.01204126,0.0090653414,0.99702853,0.98803097,0.0017328706,0.0095413318,0.99529566,0.97848964,-0.016806021,0.75974279,4.7629949,0.47652575,2.2696898,False,0.97662556,True,True,True,0.75974279,4.7629949,0.47652575,2.2696898,0.75216115,4.7777202,0.46711047,2.2317231,0.96525404,4.3858768,0.094258148,0.41340463,0.73294059,5.1759515,0.10063795,0.52089714,0.73253778,5.4059845,0.18533364,1.0019108,0.74925074,4.7968549,0.24113928,1.1567101,0.71703585,4.8658951,0.22236768,1.0820178,0.81105473,4.2542573,0.2571383,1.0939325
experiment_0a_best,file,16,,9794,167.Hooded_Warbler/Hooded_Warbler_0057_164137.jpg,167,166,167.Hooded_Warbler,168,167,random_resized_crop,random_resized_crop,0,"{""area_fraction"":0.512979,""aspect"":1.186122,""fallback"":false,""height"":0.657635,""left"":0.219431,""top"":0.093851,""width"":0.780036}",0.0029759191,0.013618066,0.010642147,0.99702853,0.98647422,0.0017328706,0.0028840273,0.99529566,0.98359019,-0.01170547,0.59130785,3.6228156,0.47652575,1.7263649,False,0.95950222,True,True,True,0.59130785,3.6228156,0.47652575,1.7263649,0.57865384,3.6252966,0.46711047,1.693414,0.90774143,3.5613447,0.094258148,0.33568576,0.36216707,3.1423686,0.10063795,0.31624153,0.53999122,3.3446357,0.18533364,0.61987352,0.5407636,3.1865463,0.24113928,0.76840147,0.53302793,3.8203521,0.22236768,0.84952281,0.6886057,4.0251546,0.2571383,1.0350214
experiment_0a_best,file,16,,9794,167.Hooded_Warbler/Hooded_Warbler_0057_164137.jpg,167,166,167.Hooded_Warbler,168,167,gaussian_blur,gaussian_blur,0,"{""sigma"":1.95486}",0.0029759191,0.61028475,0.60730883,0.99702853,0.5431962,0.0017328706,0.15745072,0.99529566,0.38574548,-0.60955018,0.53500583,178.14923,0.47652575,84.892694,False,0.83808374,True,True,True,0.53500583,178.14923,0.47652575,84.892694,0.52680915,179.54231,0.46711047,83.866094,0.8102794,139.64161,0.094258148,13.162359,0.55411409,162.58759,0.10063795,16.362482,0.43828575,203.14942,0.18533364,37.650423,0.48140192,193.61522,0.24113928,46.688234,0.5276979,187.1687,0.22236768,41.620268,0.6529825,147.38066,0.2571383,37.897211
experiment_0a_best,file,16,,9794,167.Hooded_Warbler/Hooded_Warbler_0057_164137.jpg,167,166,167.Hooded_Warbler,168,167,random_erasing,random_erasing,0,"{""area_fraction"":0.095989,""erased"":true,""height"":0.180748,""left"":0.268365,""top"":0.108535,""width"":0.531064}",0.0029759191,0.0009720368,-0.0020038823,0.99702853,0.99902844,0.0017328706,0.00043503879,0.99529566,0.99859341,0.0032977464,0.83339232,0.28050221,0.47652575,0.13366653,False,0.98762,True,True,True,0.83339232,0.28050221,0.47652575,0.13366653,0.82684446,0.27864698,0.46711047,0.13015892,0.98082946,0.32273409,0.094258148,0.030420317,0.71679552,0.25449917,0.10063795,0.025612275,0.76688639,0.25200313,0.18533364,0.046704658,0.84394532,0.25012202,0.24113928,0.060314244,0.80315065,0.27557242,0.22236768,0.061278398,0.88139618,0.31859042,0.2571383,0.081921797
experiment_0a_best,file,16,,9937,169.Magnolia_Warbler/Magnolia_Warbler_0032_165960.jpg,169,168,169.Magnolia_Warbler,172,171,identity,identity,0,{},3.2891393,3.2891393,0,0.037285928,0.037285928,0.51033837,0.51033837,-0.47305244,-0.47305244,0,1,1,110.74761,110.74761,False,1.0000001,True,False,False,1,1,110.74761,110.74761,1,1,107.69956,107.69956,1,1,25.803842,25.803842,1,1,20.112786,20.112786,1,1,43.485967,43.485967,1,1,57.469797,57.469797,1,1,55.803222,55.803222,1,1,53.729547,53.729547
experiment_0a_best,file,16,,9937,169.Magnolia_Warbler/Magnolia_Warbler_0032_165960.jpg,169,168,169.Magnolia_Warbler,172,171,horizontal_flip,horizontal_flip,0,"{""flipped"":true}",3.2891393,3.0308051,-0.25833416,0.037285928,0.048276763,0.51033837,0.33422145,-0.47305244,-0.28594469,0.18710775,0.61459391,0.97201942,110.74761,107.64883,False,0.97314298,True,False,False,0.61459391,0.97201942,110.74761,107.64883,0.59442515,0.96980696,107.69956,104.44778,0.95250599,1.0097841,25.803842,26.056308,0.47115822,0.99469359,20.112786,20.006059,0.44077876,1.0840808,43.485967,47.142302,0.55329091,0.90851102,57.469797,52.211944,0.65005179,0.86976742,55.803222,48.535824,0.71427881,1.0536422,53.729547,56.611716
experiment_0a_best,file,16,,9937,169.Magnolia_Warbler/Magnolia_Warbler_0032_165960.jpg,169,168,169.Magnolia_Warbler,172,171,color_jitter,color_jitter,0,"{""brightness"":0.642229,""contrast"":1.125032,""hue"":0.05201,""saturation"":0.618737}",3.2891393,5.1833954,1.8942561,0.037285928,0.0056089293,0.51033837,0.069864944,-0.47305244,-0.064256014,0.40879642,0.43716512,1.087781,110.74761,120.46915,False,0.8858971,False,False,False,0.43716512,1.087781,110.74761,120.46915,0.41879317,1.0906315,107.69956,117.46053,0.77433691,1.036869,25.803842,26.755203,0.27604371,1.2057975,20.112786,24.251948,0.3414976,1.6140838,43.485967,70.189993,0.39863995,0.94736613,57.469797,54.444939,0.43041469,0.80347923,55.803222,44.83673,0.58143977,1.0703931,53.729547,57.511734
experiment_0a_best,file,16,,9937,169.Magnolia_Warbler/Magnolia_Warbler_0032_165960.jpg,169,168,169.Magnolia_Warbler,172,171,rotation,rotation,0,"{""angle"":4.956194}",3.2891393,3.160387,-0.12875223,0.037285928,0.042409319,0.51033837,0.48757222,-0.47305244,-0.4451629,0.027889535,0.84845973,1.1958165,110.74761,132.43382,False,0.97790354,True,False,False,0.84845973,1.1958165,110.74761,132.43382,0.84243972,1.2037196,107.69956,129.64007,0.97653842,1.0486288,25.803842,27.058653,0.8377646,1.401788,20.112786,28.193861,0.85223172,1.3423316,43.485967,58.372589,0.83389057,1.2206426,57.469797,70.15008,0.85373025,1.1574504,55.803222,64.589464,0.84330944,1.1028864,53.729547,59.257586
experiment_0a_best,file,16,,9937,169.Magnolia_Warbler/Magnolia_Warbler_0032_165960.jpg,169,168,169.Magnolia_Warbler,172,171,random_resized_crop,random_resized_crop,0,"{""area_fraction"":0.714162,""aspect"":1.263547,""fallback"":false,""height"":0.751801,""left"":0.047954,""top"":0.196271,""width"":0.949935}",3.2891393,3.6172662,0.32812691,0.037285928,0.026855994,0.51033837,0.63893622,-0.47305244,-0.61208023,-0.13902779,0.78388542,1.6237688,110.74761,179.82851,False,0.93638486,True,False,False,0.78388542,1.6237688,110.74761,179.82851,0.77836258,1.6411804,107.69956,176.7544,0.92977503,1.2830855,25.803842,33.108536,0.82886022,1.7576265,20.112786,35.350765,0.80865369,1.9920752,43.485967,86.627314,0.80154234,1.7464439,57.469797,100.36778,0.78349805,1.5189397,55.803222,84.76173,0.73406653,1.3459652,53.729547,72.318099
experiment_0a_best,file,16,,9937,169.Magnolia_Warbler/Magnolia_Warbler_0032_165960.jpg,169,168,169.Magnolia_Warbler,172,171,gaussian_blur,gaussian_blur,0,"{""sigma"":1.093201}",3.2891393,3.9288452,0.6397059,0.037285928,0.019666372,0.51033837,0.56341165,-0.47305244,-0.54374528,-0.070692843,0.71869663,1.1067816,110.74761,122.57341,False,0.94834292,True,False,False,0.71869663,1.1067816,110.74761,122.57341,0.70475832,1.0998548,107.69956,118.45387,0.9410884,1.2211617,25.803842,31.510664,0.62546302,1.0908849,20.112786,21.940734,0.6427669,1.2044836,43.485967,52.378134,0.68176285,1.0669109,57.469797,61.315155,0.74107069,1.0017972,55.803222,55.903513,0.75389021,1.1655321,53.729547,62.623512
experiment_0a_best,file,16,,9937,169.Magnolia_Warbler/Magnolia_Warbler_0032_165960.jpg,169,168,169.Magnolia_Warbler,172,171,random_erasing,random_erasing,0,"{""area_fraction"":0.060415,""erased"":true,""height"":0.183251,""left"":0.249099,""top"":0.689605,""width"":0.329682}",3.2891393,3.9510975,0.66195822,0.037285928,0.019233579,0.51033837,0.42089191,-0.47305244,-0.40165833,0.071394106,0.79699632,0.87488443,110.74761,96.891359,False,0.97645688,True,False,False,0.79699632,0.87488443,110.74761,96.891359,0.78602897,0.86877716,107.69956,93.566916,0.97220992,0.97515808,25.803842,25.162825,0.8076175,0.78276864,20.112786,15.743658,0.75846766,1.0335921,43.485967,44.946752,0.76781929,0.79506249,57.469797,45.69208,0.7763047,0.74691306,55.803222,41.680155,0.85169169,0.96020907,53.729547,51.591598
experiment_0a_best,file,16,,9237,158.Bay_breasted_Warbler/Bay_Breasted_Warbler_0062_159783.jpg,158,157,158.Bay_breasted_Warbler,165,164,identity,identity,0,{},0.033145394,0.033145394,0,0.96739787,0.96739787,0.025227273,0.025227273,0.9421706,0.9421706,0,1,1,5.8789402,5.8789402,False,1,True,True,True,1,1,5.8789402,5.8789402,1,1,5.7638524,5.7638524,1,1,1.1575589,1.1575589,1,1,1.2595442,1.2595442,1,1,2.4123697,2.4123697,1,1,3.0205925,3.0205925,1,1,2.959963,2.959963,1,1,2.8161421,2.8161421
experiment_0a_best,file,16,,9237,158.Bay_breasted_Warbler/Bay_Breasted_Warbler_0062_159783.jpg,158,157,158.Bay_breasted_Warbler,165,164,horizontal_flip,horizontal_flip,0,"{""flipped"":true}",0.033145394,0.016842894,-0.0163025,0.96739787,0.98329818,0.025227273,0.012682782,0.9421706,0.9706154,0.028444804,0.69915735,0.49019743,5.8789402,2.8818414,False,0.97964507,True,True,True,0.69915735,0.49019743,5.8789402,2.8818414,0.68766192,0.48985714,5.7638524,2.8234643,0.97929924,0.49856021,1.1575589,0.57711279,0.68740248,0.44952447,1.2595442,0.56619596,0.62606507,0.44242739,2.4123697,1.0672984,0.6704063,0.45839344,3.0205925,1.3846198,0.66645545,0.51472856,2.959963,1.5235775,0.7722733,0.53545168,2.8161421,1.507908
experiment_0a_best,file,16,,9237,158.Bay_breasted_Warbler/Bay_Breasted_Warbler_0062_159783.jpg,158,157,158.Bay_breasted_Warbler,165,164,color_jitter,color_jitter,0,"{""brightness"":1.296523,""contrast"":0.851232,""hue"":0.096889,""saturation"":0.704018}",0.033145394,1.3380036,1.3048582,0.96739787,0.26236895,0.025227273,0.68687338,0.9421706,-0.42450443,-1.366675,0.66408993,28.397376,5.8789402,166.94647,False,0.8947469,False,True,False,0.66408993,28.397376,5.8789402,166.94647,0.65653952,28.544926,5.7638524,164.52874,0.89027512,24.456081,1.1575589,28.309353,0.3651226,23.500362,1.2595442,29.599745,0.503972,32.470907,2.4123697,78.33183,0.72420232,30.953898,3.0205925,93.499112,0.72541879,27.339278,2.959963,80.923251,0.69674426,24.517113,2.8161421,69.043673
experiment_0a_best,file,16,,9237,158.Bay_breasted_Warbler/Bay_Breasted_Warbler_0062_159783.jpg,158,157,158.Bay_breasted_Warbler,165,164,rotation,rotation,0,"{""angle"":10.586473}",0.033145394,0.089067817,0.055922423,0.96739787,0.91478354,0.025227273,0.075946085,0.9421706,0.83883745,-0.10333314,0.77116261,3.2323766,5.8789402,19.002949,False,0.97446436,True,True,True,0.77116261,3.2323766,5.8789402,19.002949,0.76454349,3.2491291,5.7638524,18.7275,0.97149652,2.7849865,1.1575589,3.2237858,0.75921437,2.61786,1.2595442,3.2973105,0.78787976,3.4601998,2.4123697,8.3472811,0.7445586,3.4888046,3.0205925,10.538257,0.74645235,3.2042371,2.959963,9.4844233,0.80496462,2.9530809,2.8161421,8.3162953
experiment_0a_best,file,16,,9237,158.Bay_breasted_Warbler/Bay_Breasted_Warbler_0062_159783.jpg,158,157,158.Bay_breasted_Warbler,165,164,random_resized_crop,random_resized_crop,0,"{""area_fraction"":0.652229,""aspect"":0.913432,""fallback"":false,""height"":0.84501,""left"":0.108658,""top"":0.12209,""width"":0.771859}",0.033145394,0.0071604769,-0.025984917,0.96739787,0.99286509,0.025227273,0.0040735193,0.9421706,0.98879157,0.046620971,0.69008014,0.20902003,5.8789402,1.2288163,False,0.97003794,True,True,True,0.69008014,0.20902003,5.8789402,1.2288163,0.67915236,0.20894758,5.7638524,1.204343,0.95865382,0.21080827,1.1575589,0.24402298,0.46393301,0.16638396,1.2595442,0.20956795,0.63032469,0.19674049,2.4123697,0.47461078,0.66768287,0.21062479,3.0205925,0.63621166,0.67669493,0.20492504,2.959963,0.60657052,0.76232072,0.22697672,2.8161421,0.6391987
experiment_0a_best,file,16,,9237,158.Bay_breasted_Warbler/Bay_Breasted_Warbler_0062_159783.jpg,158,157,158.Bay_breasted_Warbler,165,164,gaussian_blur,gaussian_blur,0,"{""sigma"":1.868029}",0.033145394,2.001297,1.9681516,0.96739787,0.13515985,0.025227273,0.77659523,0.9421706,-0.64143538,-1.583606,0.47838956,35.858503,5.8789402,210.80999,False,0.83554125,False,True,False,0.47838956,35.858503,5.8789402,210.80999,0.46789335,36.145697,5.7638524,208.33846,0.83274217,27.80505,1.1575589,32.185982,0.54010882,40.151031,1.2595442,50.572,0.35695421,40.070617,2.4123697,96.665142,0.49828415,40.526916,3.0205925,122.4153,0.50511609,34.260575,2.959963,101.41003,0.48730072,28.036238,2.8161421,78.954028
experiment_0a_best,file,16,,9237,158.Bay_breasted_Warbler/Bay_Breasted_Warbler_0062_159783.jpg,158,157,158.Bay_breasted_Warbler,165,164,random_erasing,random_erasing,0,"{""area_fraction"":0.051625,""erased"":true,""height"":0.147436,""left"":0.532613,""top"":0.364444,""width"":0.350152}",0.033145394,0.068673797,0.035528403,0.96739787,0.93363118,0.025227273,0.051080398,0.9421706,0.88255078,-0.059619812,0.89721924,1.9601941,5.8789402,11.523864,False,0.97956508,True,True,True,0.89721924,1.9601941,5.8789402,11.523864,0.89380341,1.9573015,5.7638524,11.281597,0.97943504,2.030593,1.1575589,2.3505309,0.95734477,2.0305069,1.2595442,2.5575133,0.89501505,1.9106389,2.4123697,4.6091673,0.90506998,1.9598084,3.0205925,5.9197825,0.87611675,1.9733121,2.959963,5.8409307,0.88680946,1.95557,2.8161421,5.507163
experiment_0a_best,file,16,,8240,141.Artic_Tern/Artic_Tern_0080_140889.jpg,141,140,141.Artic_Tern,84,83,identity,identity,0,{},0.011003765,0.011003765,0,0.98905653,0.98905653,0.0033059523,0.0033059523,0.98575058,0.98575058,0,1,1,1.5611827,1.5611827,False,1,True,True,True,1,1,1.5611827,1.5611827,1,1,1.5170425,1.5170425,1,1,0.36860985,0.36860985,1,1,0.49144915,0.49144915,1,1,0.66641344,0.66641344,1,1,0.81838883,0.81838883,1,1,0.69310928,0.69310928,1,1,0.68236955,0.68236955
experiment_0a_best,file,16,,8240,141.Artic_Tern/Artic_Tern_0080_140889.jpg,141,140,141.Artic_Tern,84,83,horizontal_flip,horizontal_flip,0,"{""flipped"":true}",0.011003765,0.068338625,0.05733486,0.98905653,0.93394417,0.0033059523,0.0037050871,0.98575058,0.93023908,-0.055511497,0.56944555,6.6001651,1.5611827,10.304063,False,0.96532339,True,True,True,0.56944555,6.6001651,1.5611827,10.304063,0.55191087,6.632019,1.5170425,10.061055,0.89822638,6.0351368,0.36860985,2.2246109,0.33997227,5.3834978,0.49144915,2.6457154,0.49854834,6.6019626,0.66641344,4.3996366,0.61203307,6.7969474,0.81838883,5.5625458,0.52455593,6.7534175,0.69310928,4.6808563,0.63466887,6.8761988,0.68236955,4.6921087
experiment_0a_best,file,16,,8240,141.Artic_Tern/Artic_Tern_0080_140889.jpg,141,140,141.Artic_Tern,84,83,color_jitter,color_jitter,0,"{""brightness"":1.081502,""contrast"":0.651572,""hue"":0.053877,""saturation"":1.363877}",0.011003765,0.096538275,0.08553451,0.98905653,0.90797514,0.0033059523,0.024190644,0.98575058,0.88378449,-0.10196608,0.77239085,9.7833615,1.5611827,15.273614,False,0.96022695,True,True,True,0.77239085,9.7833615,1.5611827,15.273614,0.76541042,9.8817424,1.5170425,14.991024,0.93749217,7.9337734,0.36860985,2.9244671,0.757351,8.7636802,0.49144915,4.3069032,0.66038831,10.494945,0.66641344,6.9939723,0.80294389,9.813888,0.81838883,8.0315763,0.77067025,10.233325,0.69310928,7.0928128,0.82311991,9.5483196,0.68236955,6.5154825
experiment_0a_best,file,16,,8240,141.Artic_Tern/Artic_Tern_0080_140889.jpg,141,140,141.Artic_Tern,84,83,rotation,rotation,0,"{""angle"":8.34874}",0.011003765,0.010307177,-0.00069658831,0.98905653,0.98974574,0.0033059523,0.0041149594,0.98575058,0.98563078,-0.00011979858,0.75894148,1.0239795,1.5611827,1.598619,False,0.96926928,True,True,True,0.75894148,1.0239795,1.5611827,1.598619,0.7492093,1.031339,1.5170425,1.5645851,0.95777642,0.89012892,0.36860985,0.32811029,0.52040221,0.78116273,0.49144915,0.38390176,0.71020625,1.1564171,0.66641344,0.77065189,0.80600495,1.0781068,0.81838883,0.88231055,0.74988576,0.99536549,0.69310928,0.68989706,0.81675147,0.98548781,0.68236955,0.67246687
experiment_0a_best,file,16,,8240,141.Artic_Tern/Artic_Tern_0080_140889.jpg,141,140,141.Artic_Tern,84,83,random_resized_crop,random_resized_crop,0,"{""area_fraction"":0.644905,""aspect"":1.309138,""fallback"":false,""height"":0.701867,""left"":0.061033,""top"":0.0029,""width"":0.918841}",0.011003765,0.089090608,0.078086843,0.98905653,0.91476268,0.0033059523,0.0047272919,0.98575058,0.91003538,-0.075715191,0.64909215,9.0774538,1.5611827,14.171563,False,0.92408019,True,True,True,0.64909215,9.0774538,1.5611827,14.171563,0.64234439,9.2157136,1.5170425,13.98063,0.86257199,6.2897092,0.36860985,2.3184488,0.71205424,9.4602398,0.49144915,4.6492268,0.65941977,12.221383,0.66641344,8.1444939,0.685643,7.8638906,0.81838883,6.4357202,0.57783335,8.56686,0.69310928,5.9377701,0.64086162,8.1376207,0.68236955,5.5528646
experiment_0a_best,file,16,,8240,141.Artic_Tern/Artic_Tern_0080_140889.jpg,141,140,141.Artic_Tern,84,83,gaussian_blur,gaussian_blur,0,"{""sigma"":1.011583}",0.011003765,0.075949937,0.064946172,0.98905653,0.9268626,0.0033059523,0.033324677,0.98575058,0.89353792,-0.092212655,0.75713352,7.3651293,1.5611827,11.498312,False,0.9653933,True,True,True,0.75713352,7.3651293,1.5611827,11.498312,0.74909285,7.4383871,1.5170425,11.28435,0.94328147,5.9896865,0.36860985,2.2078575,0.71445284,6.6269675,0.49144915,3.2568175,0.75608118,8.6199293,0.66641344,5.7444367,0.76320862,6.9246984,0.81838883,5.6670958,0.71005173,7.5312471,0.69310928,5.2199772,0.79474901,7.2340476,0.68236955,4.9362938
experiment_0a_best,file,16,,8240,141.Artic_Tern/Artic_Tern_0080_140889.jpg,141,140,141.Artic_Tern,84,83,random_erasing,random_erasing,0,"{""area_fraction"":0.167406,""erased"":true,""height"":0.405551,""left"":0.063437,""top"":0.00498,""width"":0.412787}",0.011003765,0.080517232,0.069513467,0.98905653,0.92263901,0.0033059523,0.030376622,0.98575058,0.89226239,-0.093488185,0.72735485,6.3601665,1.5611827,9.9293816,False,0.95578122,True,True,True,0.72735485,6.3601665,1.5611827,9.9293816,0.71418809,6.3471967,1.5170425,9.6289675,0.94304438,6.5759626,0.36860985,2.4239646,0.73787238,4.9914786,0.49144915,2.4530579,0.61194832,6.4335909,0.66641344,4.2874314,0.75879993,5.767456,0.81838883,4.7200215,0.70225145,6.7461415,0.69310928,4.6758132,0.77122146,7.2055839,0.68236955,4.9168711
experiment_0a_best,file,16,,2115,038.Great_Crested_Flycatcher/Great_Crested_Flycatcher_0084_29716.jpg,38,37,038.Great_Crested_Flycatcher,39,38,identity,identity,0,{},0.067171045,0.067171045,0,0.93503523,0.93503523,0.050431773,0.050431773,0.88460346,0.88460346,0,1,1,11.265123,11.265123,False,1,True,True,True,1,1,11.265123,11.265123,1,1,10.913505,10.913505,1,1,2.7925634,2.7925634,1,1,3.1447192,3.1447192,1,1,4.7719758,4.7719758,1,1,5.3860709,5.3860709,1,1,5.4499475,5.4499475,1,1,5.2661072,5.2661072
experiment_0a_best,file,16,,2115,038.Great_Crested_Flycatcher/Great_Crested_Flycatcher_0084_29716.jpg,38,37,038.Great_Crested_Flycatcher,39,38,horizontal_flip,horizontal_flip,0,"{""flipped"":true}",0.067171045,0.13659351,0.069422461,0.93503523,0.87232476,0.050431773,0.10043103,0.88460346,0.77189373,-0.11270972,0.59132218,2.1112612,11.265123,23.783617,False,0.94827878,True,True,True,0.59132218,2.1112612,11.265123,23.783617,0.57047033,2.1234403,10.913505,23.174176,0.94729783,1.9156516,2.7925634,5.3495787,0.63932321,1.5497587,3.1447192,4.8735558,0.50403972,2.3577028,4.7719758,11.250901,0.49277857,2.1351819,5.3860709,11.500241,0.56659369,2.1135948,5.4499475,11.518981,0.71116758,2.0954278,5.2661072,11.034747
experiment_0a_best,file,16,,2115,038.Great_Crested_Flycatcher/Great_Crested_Flycatcher_0084_29716.jpg,38,37,038.Great_Crested_Flycatcher,39,38,color_jitter,color_jitter,0,"{""brightness"":1.226767,""contrast"":1.208678,""hue"":0.094967,""saturation"":1.311673}",0.067171045,0.12865798,0.061486937,0.93503523,0.87927461,0.050431773,0.050016541,0.88460346,0.82925807,-0.05534539,0.49280878,1.7914036,11.265123,20.180382,False,0.90197861,True,True,True,0.49280878,1.7914036,11.265123,20.180382,0.47357285,1.810262,10.913505,19.756303,0.86362381,1.4736904,2.7925634,4.115374,0.58970178,2.3343813,3.1447192,7.3409735,0.2946722,1.8455111,4.7719758,8.8067345,0.3659404,1.8483273,5.3860709,9.955222,0.53707054,1.6366547,5.4499475,8.9196823,0.64421402,1.700538,5.2661072,8.9552153
experiment_0a_best,file,16,,2115,038.Great_Crested_Flycatcher/Great_Crested_Flycatcher_0084_29716.jpg,38,37,038.Great_Crested_Flycatcher,39,38,rotation,rotation,0,"{""angle"":7.826897}",0.067171045,0.043272909,-0.023898136,0.93503523,0.95765001,0.050431773,0.038357709,0.88460346,0.9192923,0.034688842,0.69660589,0.66116811,11.265123,7.44814,False,0.9852854,True,True,True,0.69660589,0.66116811,11.265123,7.44814,0.67614041,0.65645907,10.913505,7.1642692,0.98154693,0.72932027,2.7925634,2.0366731,0.58584517,0.49911822,3.1447192,1.5695866,0.59612163,0.6859049,4.7719758,3.2731216,0.56652407,0.64272045,5.3860709,3.4617379,0.72259713,0.65147818,5.4499475,3.5505219,0.83115423,0.69926211,5.2661072,3.6823893
experiment_0a_best,file,16,,2115,038.Great_Crested_Flycatcher/Great_Crested_Flycatcher_0084_29716.jpg,38,37,038.Great_Crested_Flycatcher,39,38,random_resized_crop,random_resized_crop,0,"{""area_fraction"":0.727526,""aspect"":0.980724,""fallback"":false,""height"":0.861293,""left"":0.031725,""top"":0.016575,""width"":0.84469}",0.067171045,0.055841915,-0.011329129,0.93503523,0.94568861,0.050431773,0.041693836,0.88460346,0.90399477,0.019391313,0.69538953,0.73672846,11.265123,8.2993367,False,0.97977853,True,True,True,0.69538953,0.73672846,11.265123,8.2993367,0.6758015,0.73404514,10.913505,8.0110051,0.97920872,0.77655928,2.7925634,2.168591,0.33367819,0.64717641,3.1447192,2.0351881,0.59325653,0.74484435,4.7719758,3.5543792,0.65944472,0.70850768,5.3860709,3.8160726,0.73220055,0.72371689,5.4499475,3.9442191,0.80363176,0.78940313,5.2661072,4.1570815
experiment_0a_best,file,16,,2115,038.Great_Crested_Flycatcher/Great_Crested_Flycatcher_0084_29716.jpg,38,37,038.Great_Crested_Flycatcher,39,38,gaussian_blur,gaussian_blur,0,"{""sigma"":1.007066}",0.067171045,0.01888334,-0.048287705,0.93503523,0.98129386,0.050431773,0.011703927,0.88460346,0.96958993,0.084986474,0.66639297,0.26603616,11.265123,2.99693,False,0.95388287,True,True,True,0.66639297,0.26603616,11.265123,2.99693,0.64932241,0.26707476,10.913505,2.9147217,0.9467537,0.24963729,2.7925634,0.69712796,0.66233342,0.28161669,3.1447192,0.88560541,0.5736495,0.26725062,4.7719758,1.2753135,0.59924792,0.26957607,5.3860709,1.4519558,0.65484221,0.25709832,5.4499475,1.4011724,0.75374584,0.26944965,5.2661072,1.4189507
experiment_0a_best,file,16,,2115,038.Great_Crested_Flycatcher/Great_Crested_Flycatcher_0084_29716.jpg,38,37,038.Great_Crested_Flycatcher,39,38,random_erasing,random_erasing,0,"{""area_fraction"":0.188378,""erased"":true,""height"":0.673864,""left"":0.409293,""top"":0.062893,""width"":0.279549}",0.067171045,0.3422744,0.27510335,0.93503523,0.71015334,0.050431773,0.28018072,0.88460346,0.42997262,-0.45463084,0.71482355,5.6768616,11.265123,63.950544,False,0.94041377,True,True,True,0.71482355,5.6768616,11.265123,63.950544,0.70130827,5.6945134,10.913505,62.147099,0.93344388,5.4001007,2.7925634,15.080124,0.80126618,5.1228699,3.1447192,16.109987,0.68115148,5.847378,4.7719758,27.903546,0.66434646,5.9485158,5.3860709,32.039128,0.69099524,5.632659,5.4499475,30.697696,0.74099254,5.5534316,5.2661072,29.244966
experiment_0a_best,file,16,,2563,045.Northern_Fulmar/Northern_Fulmar_0041_44013.jpg,45,44,045.Northern_Fulmar,72,71,identity,identity,0,{},4.1300354,4.1300354,0,0.016082305,0.016082305,0.31525186,0.31525186,-0.29916955,-0.29916955,0,1,1,192.40755,192.40755,False,0.99999988,True,False,False,1,1,192.40755,192.40755,1,1,189.08006,189.08006,1,1,35.628566,35.628566,1,1,55.600184,55.600184,1,1,88.260543,88.260543,1,1,106.06851,106.06851,1,1,86.371542,86.371542,1,1,78.481798,78.481798
experiment_0a_best,file,16,,2563,045.Northern_Fulmar/Northern_Fulmar_0041_44013.jpg,45,44,045.Northern_Fulmar,72,71,horizontal_flip,horizontal_flip,0,"{""flipped"":true}",4.1300354,4.9376717,0.80763626,0.016082305,0.007171277,0.31525186,0.12681752,-0.29916955,-0.11964625,0.1795233,0.66061757,0.76810075,192.40755,147.78838,False,0.93441045,False,False,False,0.66061757,0.76810075,192.40755,147.78838,0.65171507,0.76417471,189.08006,144.4902,0.8859696,0.87143984,35.628566,31.048152,0.74624786,0.72439264,55.600184,40.276364,0.62691951,0.68499426,88.260543,60.457965,0.67686445,0.71659989,106.06851,76.008684,0.60353875,0.79430477,86.371542,68.605327,0.66897709,0.91137831,78.481798,71.526608
experiment_0a_best,file,16,,2563,045.Northern_Fulmar/Northern_Fulmar_0041_44013.jpg,45,44,045.Northern_Fulmar,72,71,color_jitter,color_jitter,0,"{""brightness"":1.040027,""contrast"":1.186635,""hue"":0.021552,""saturation"":1.235431}",4.1300354,6.8951707,2.7651353,0.016082305,0.0010126642,0.31525186,0.12832318,-0.29916955,-0.12731052,0.17185903,0.77867168,0.93261947,192.40755,179.44302,False,0.96384549,False,False,False,0.77867168,0.93261947,192.40755,179.44302,0.7744914,0.93018733,189.08006,175.87988,0.89022384,0.99868885,35.628566,35.581852,0.70886933,0.65442449,55.600184,36.386122,0.79368408,0.86679437,88.260543,76.503742,0.81928975,0.92530214,106.06851,98.145422,0.75898789,0.98535154,86.371542,85.106332,0.74568476,1.0569824,78.481798,82.953882
experiment_0a_best,file,16,,2563,045.Northern_Fulmar/Northern_Fulmar_0041_44013.jpg,45,44,045.Northern_Fulmar,72,71,rotation,rotation,0,"{""angle"":-0.334819}",4.1300354,4.6734958,0.54346037,0.016082305,0.0093395645,0.31525186,0.28760257,-0.29916955,-0.27826301,0.020906542,0.92209206,0.95992812,192.40755,184.69741,False,0.99204731,True,False,False,0.92209206,0.95992812,192.40755,184.69741,0.91984966,0.95925377,189.08006,181.37576,0.98417002,0.97872971,35.628566,34.870736,0.86301234,0.83840251,55.600184,46.615334,0.90241684,0.94187895,88.260543,83.130748,0.93996756,0.98182246,106.06851,104.14045,0.92832562,0.9740743,86.371542,84.132299,0.92296073,0.97788532,78.481798,76.746198
experiment_0a_best,file,16,,2563,045.Northern_Fulmar/Northern_Fulmar_0041_44013.jpg,45,44,045.Northern_Fulmar,72,71,random_resized_crop,random_resized_crop,0,"{""area_fraction"":0.593548,""aspect"":0.885678,""fallback"":false,""height"":0.818634,""left"":0.002778,""top"":0.143269,""width"":0.725046}",4.1300354,4.1858778,0.0558424,0.016082305,0.015208852,0.31525186,0.17234309,-0.29916955,-0.15713424,0.14203531,0.68575758,0.79823199,192.40755,153.58586,False,0.94958889,False,False,False,0.68575758,0.79823199,192.40755,153.58586,0.67704358,0.79817865,189.08006,150.91967,0.93070333,0.79973258,35.628566,28.493325,0.76186087,0.80319478,55.600184,44.657778,0.5613267,0.89396983,88.260543,78.902263,0.74164917,0.77715625,106.06851,82.431807,0.68097738,0.7243754,86.371542,62.56542,0.68915685,0.79034419,78.481798,62.027633
experiment_0a_best,file,16,,2563,045.Northern_Fulmar/Northern_Fulmar_0041_44013.jpg,45,44,045.Northern_Fulmar,72,71,gaussian_blur,gaussian_blur,0,"{""sigma"":1.686723}",4.1300354,5.3658156,1.2357802,0.016082305,0.0046736472,0.31525186,0.62352693,-0.29916955,-0.61885328,-0.31968373,0.58588865,1.050209,192.40755,202.06814,False,0.84767056,True,False,False,0.58588865,1.050209,192.40755,202.06814,0.57944352,1.0534961,189.08006,199.1951,0.78940986,0.9529868,35.628566,33.953553,0.66827836,0.93900002,55.600184,52.208574,0.64871276,0.92441439,88.260543,81.589317,0.58939114,1.0524788,106.06851,111.63486,0.51241844,1.1418991,86.371542,98.627589,0.54749407,1.1472153,78.481798,90.035521
experiment_0a_best,file,16,,2563,045.Northern_Fulmar/Northern_Fulmar_0041_44013.jpg,45,44,045.Northern_Fulmar,72,71,random_erasing,random_erasing,0,"{""area_fraction"":0.170842,""erased"":true,""height"":0.444004,""left"":0.320294,""top"":0.305367,""width"":0.384776}",4.1300354,6.6521101,2.5220747,0.016082305,0.0012912941,0.31525186,0.24238418,-0.29916955,-0.24109289,0.058076665,0.46747313,0.84980343,192.40755,163.50859,False,0.79016018,False,False,False,0.46747313,0.84980343,192.40755,163.50859,0.45767329,0.85120371,189.08006,160.94565,0.75831535,0.80937171,35.628566,28.836753,0.67311437,0.88444431,55.600184,49.175266,0.38141319,0.8664233,88.260543,76.470991,0.45857002,0.73319073,106.06851,77.768449,0.39181552,0.8215891,86.371542,70.961917,0.52394151,1.0315323,78.481798,80.956512
experiment_0a_best,file,16,,2526,044.Frigatebird/Frigatebird_0082_42989.jpg,44,43,044.Frigatebird,72,71,identity,identity,0,{},1.7027246,1.7027246,0,0.18218645,0.18218645,0.33057043,0.33057043,-0.14838398,-0.14838398,0,1,1,170.23741,170.23741,False,0.99999994,True,False,False,1,1,170.23741,170.23741,1,1,168.79437,168.79437,1,1,22.11868,22.11868,1,1,55.608724,55.608724,1,1,80.309915,80.309915,1,1,87.864245,87.864245,1,1,82.998113,82.998113,1,1,65.88409,65.88409
experiment_0a_best,file,16,,2526,044.Frigatebird/Frigatebird_0082_42989.jpg,44,43,044.Frigatebird,72,71,horizontal_flip,horizontal_flip,0,"{""flipped"":true}",1.7027246,0.66888416,-1.0338404,0.18218645,0.51227987,0.33057043,0.093827464,-0.14838398,0.4184524,0.56683638,0.73007654,0.53222079,170.23741,90.603887,False,0.95542181,False,False,True,0.73007654,0.53222079,170.23741,90.603887,0.72648189,0.53201043,168.79437,89.800364,0.93486703,0.54433129,22.11868,12.03989,0.83087619,0.50429433,55.608724,28.043164,0.78131501,0.48060394,80.309915,38.597261,0.72043776,0.51553517,87.864245,45.297108,0.6586051,0.56709973,82.998113,47.068208,0.721641,0.59188905,65.88409,38.996072
experiment_0a_best,file,16,,2526,044.Frigatebird/Frigatebird_0082_42989.jpg,44,43,044.Frigatebird,72,71,color_jitter,color_jitter,0,"{""brightness"":1.154491,""contrast"":0.617929,""hue"":-0.047442,""saturation"":1.252719}",1.7027246,3.062479,1.3597544,0.18218645,0.046771605,0.33057043,0.042676713,-0.14838398,0.0040948913,0.15247887,0.65008846,1.4743074,170.23741,250.98226,False,0.87004817,False,False,False,0.65008846,1.4743074,170.23741,250.98226,0.64818167,1.4782253,168.79437,249.51611,0.79549654,1.2247075,22.11868,27.088913,0.56436198,1.6542878,55.608724,91.992831,0.6601599,1.3595462,80.309915,109.18504,0.674682,1.6667636,87.864245,146.44892,0.65783108,1.342281,82.998113,111.40679,0.65430147,1.358889,65.88409,89.529167
experiment_0a_best,file,16,,2526,044.Frigatebird/Frigatebird_0082_42989.jpg,44,43,044.Frigatebird,72,71,rotation,rotation,0,"{""angle"":2.39386}",1.7027246,1.6714444,-0.03128016,0.18218645,0.18797535,0.33057043,0.19436438,-0.14838398,-0.0063890368,0.14199494,0.8042505,0.93188592,170.23741,158.64184,False,0.94944197,True,False,False,0.8042505,0.93188592,170.23741,158.64184,0.80216301,0.93047414,168.79437,157.05879,0.9188711,1.0107073,22.11868,22.355511,0.73328316,0.82822326,55.608724,46.056438,0.81492593,0.89875597,80.309915,72.179016,0.80515901,0.9053961,87.864245,79.551944,0.8194061,0.9531353,82.998113,79.108431,0.8051627,1.0460616,65.88409,68.918816
experiment_0a_best,file,16,,2526,044.Frigatebird/Frigatebird_0082_42989.jpg,44,43,044.Frigatebird,72,71,random_resized_crop,random_resized_crop,0,"{""area_fraction"":0.848549,""aspect"":1.124569,""fallback"":false,""height"":0.868651,""left"":0.006257,""top"":0.052996,""width"":0.976858}",1.7027246,2.2787664,0.57604182,0.18218645,0.10241047,0.33057043,0.47467926,-0.14838398,-0.37226879,-0.22388481,0.84564938,1.0392395,170.23741,176.91744,False,0.97099459,True,False,False,0.84564938,1.0392395,170.23741,176.91744,0.84347905,1.0362298,168.79437,174.90975,0.963752,1.201583,22.11868,26.57743,0.8241132,0.87847718,55.608724,48.850995,0.8400336,0.99283371,80.309915,79.734391,0.85548645,1.0708745,87.864245,94.091577,0.83919307,1.0605923,82.998113,88.027157,0.85510495,1.0994929,65.88409,72.439091
experiment_0a_best,file,16,,2526,044.Frigatebird/Frigatebird_0082_42989.jpg,44,43,044.Frigatebird,72,71,gaussian_blur,gaussian_blur,0,"{""sigma"":1.013345}",1.7027246,4.0579233,2.3551987,0.18218645,0.017284876,0.33057043,0.23344612,-0.14838398,-0.21616125,-0.06777727,0.71553217,1.0119643,170.23741,172.27417,False,0.89410657,True,False,False,0.71553217,1.0119643,170.23741,172.27417,0.71251618,1.0089089,168.79437,170.29814,0.87445965,1.176289,22.11868,26.017959,0.64426295,0.96322508,55.608724,53.563718,0.68185972,0.88263079,80.309915,70.884004,0.7461086,1.0207112,87.864245,89.684021,0.72622877,1.0489641,82.998113,87.062043,0.72834494,1.1240889,65.88409,74.059572
experiment_0a_best,file,16,,2526,044.Frigatebird/Frigatebird_0082_42989.jpg,44,43,044.Frigatebird,72,71,random_erasing,random_erasing,0,"{""area_fraction"":0.053908,""erased"":true,""height"":0.283494,""left"":0.441931,""top"":0.637241,""width"":0.190157}",1.7027246,1.4921775,-0.21054709,0.18218645,0.22488244,0.33057043,0.15487638,-0.14838398,0.070006058,0.21839003,0.88232163,0.82369785,170.23741,140.22418,False,0.95620322,False,False,True,0.88232163,0.82369785,170.23741,140.22418,0.88140286,0.82292333,168.79437,138.90482,0.93428368,0.86761164,22.11868,19.190424,0.84710122,0.68467733,55.608724,38.074033,0.89363592,0.78202582,80.309915,62.804427,0.90939073,0.79766391,87.864245,70.086137,0.88384597,0.873277,82.998113,72.480343,0.85626277,0.92761537,65.88409,61.115095
experiment_0a_best,file,16,,6959,119.Field_Sparrow/Field_Sparrow_0027_113353.jpg,119,118,119.Field_Sparrow,117,116,identity,identity,0,{},0.13763006,0.13763006,0,0.87142104,0.87142104,0.052682687,0.052682687,0.81873835,0.81873835,0,1,1,21.899566,21.899566,False,1,True,True,True,1,1,21.899566,21.899566,1,1,21.488873,21.488873,1,1,4.2212935,4.2212935,1,1,3.6046719,3.6046719,1,1,9.7297353,9.7297353,1,1,11.17168,11.17168,1,1,10.567857,10.567857,1,1,10.845471,10.845471
experiment_0a_best,file,16,,6959,119.Field_Sparrow/Field_Sparrow_0027_113353.jpg,119,118,119.Field_Sparrow,117,116,horizontal_flip,horizontal_flip,0,"{""flipped"":true}",0.13763006,0.068060361,-0.069569699,0.87142104,0.9342041,0.052682687,0.02360118,0.81873835,0.91060292,0.091864569,0.71760483,0.54952393,21.899566,12.034336,False,0.97053903,True,True,True,0.71760483,0.54952393,21.899566,12.034336,0.70834463,0.54987668,21.488873,11.81623,0.96193347,0.54030259,4.2212935,2.2807758,0.55833345,0.53152914,3.6046719,1.9159882,0.7335373,0.56393874,9.7297353,5.4869747,0.68479455,0.58324427,11.17168,6.5158183,0.66874764,0.53473923,10.567857,5.6510477,0.77364807,0.51712745,10.845471,5.6084907
experiment_0a_best,file,16,,6959,119.Field_Sparrow/Field_Sparrow_0027_113353.jpg,119,118,119.Field_Sparrow,117,116,color_jitter,color_jitter,0,"{""brightness"":1.18375,""contrast"":0.958964,""hue"":-0.00081,""saturation"":1.332677}",0.13763006,0.22077,0.083139941,0.87142104,0.8019011,0.052682687,0.023584962,0.81873835,0.77831614,-0.040422212,0.72851001,1.6329205,21.899566,35.76025,False,0.97227341,True,True,True,0.72851001,1.6329205,21.899566,35.76025,0.72245344,1.6423431,21.488873,35.292104,0.92916062,1.3662639,4.2212935,5.7674009,0.5603208,2.3464508,3.6046719,8.4581852,0.71648635,1.8427522,9.7297353,17.929491,0.64731263,1.5758436,11.17168,17.60482,0.72845016,1.5978939,10.567857,16.886314,0.85348668,1.4794358,10.845471,16.045178
experiment_0a_best,file,16,,6959,119.Field_Sparrow/Field_Sparrow_0027_113353.jpg,119,118,119.Field_Sparrow,117,116,rotation,rotation,0,"{""angle"":5.080577}",0.13763006,0.10121214,-0.036417916,0.87142104,0.9037413,0.052682687,0.032981981,0.81873835,0.87075932,0.052020967,0.85478216,0.68711809,21.899566,15.047588,False,0.98028016,True,True,True,0.85478216,0.68711809,21.899566,15.047588,0.84979871,0.68530935,21.488873,14.726526,0.97743082,0.73243399,4.2212935,3.0918188,0.741116,0.7923369,3.6046719,2.8561145,0.87732732,0.67505666,9.7297353,6.5681226,0.82964366,0.68704135,11.17168,7.6754061,0.83339426,0.67243433,10.567857,7.1061898,0.87972522,0.69099883,10.845471,7.4942078
experiment_0a_best,file,16,,6959,119.Field_Sparrow/Field_Sparrow_0027_113353.jpg,119,118,119.Field_Sparrow,117,116,random_resized_crop,random_resized_crop,0,"{""area_fraction"":0.638827,""aspect"":1.200821,""fallback"":false,""height"":0.729378,""left"":0.109624,""top"":0.019136,""width"":0.875852}",0.13763006,0.26029831,0.12266825,0.87142104,0.77082163,0.052682687,0.0047016782,0.81873835,0.76611995,-0.0526184,0.59911941,2.1853001,21.899566,47.857124,False,0.93261278,True,True,True,0.59911941,2.1853001,21.899566,47.857124,0.59252855,2.2042509,21.488873,47.366868,0.85970099,1.6185972,4.2212935,6.8325739,0.63101636,2.6632105,3.6046719,9.6,0.64673605,2.6435546,9.7297353,25.721086,0.51192057,2.2047089,11.17168,24.630302,0.56131855,2.1225571,10.567857,22.43088,0.68815047,1.7976067,10.845471,19.495891
experiment_0a_best,file,16,,6959,119.Field_Sparrow/Field_Sparrow_0027_113353.jpg,119,118,119.Field_Sparrow,117,116,gaussian_blur,gaussian_blur,0,"{""sigma"":1.846619}",0.13763006,1.7966781,1.659048,0.87142104,0.16584893,0.052682687,0.096733645,0.81873835,0.069115281,-0.74962307,0.38749508,7.1680863,21.899566,156.97798,False,0.82086492,True,True,True,0.38749508,7.1680863,21.899566,156.97798,0.37668883,7.2234212,21.488873,155.22318,0.76553923,5.5447885,4.2212935,23.406179,0.30226008,9.5200414,3.6046719,34.316626,0.44231326,7.9764343,9.7297353,77.608594,0.21664591,7.2607886,11.17168,81.115207,0.37578207,7.4403243,10.567857,78.628284,0.54011141,5.9265467,10.845471,64.27619
experiment_0a_best,file,16,,6959,119.Field_Sparrow/Field_Sparrow_0027_113353.jpg,119,118,119.Field_Sparrow,117,116,random_erasing,random_erasing,0,"{""area_fraction"":0.07261,""erased"":true,""height"":0.178638,""left"":0.136446,""top"":0.586407,""width"":0.406466}",0.13763006,0.59205019,0.45442013,0.87142104,0.55319196,0.052682687,0.037219621,0.81873835,0.51597234,-0.30276601,0.80897514,3.5959792,21.899566,78.750385,False,0.96251595,True,True,True,0.80897514,3.5959792,21.899566,78.750385,0.80612511,3.6163306,21.488873,77.71087,0.91008292,3.0211567,4.2212935,12.753189,0.76952778,4.4643887,3.6046719,16.092656,0.84857838,3.9821522,9.7297353,38.745287,0.75220478,3.3646374,11.17168,37.588653,0.80471221,3.5857851,10.567857,37.894064,0.8375654,3.4866692,10.845471,37.814569
experiment_0a_best,file,16,,10368,177.Prothonotary_Warbler/Prothonotary_Warbler_0112_174594.jpg,177,176,177.Prothonotary_Warbler,180,179,identity,identity,0,{},0.21407805,0.21407805,0,0.80728537,0.80728537,0.1670793,0.1670793,0.64020607,0.64020607,0,1,1,45.802182,45.802182,False,1,True,True,True,1,1,45.802182,45.802182,1,1,45.350354,45.350354,1,1,6.4175813,6.4175813,1,1,12.10482,12.10482,1,1,20.41285,20.41285,1,1,25.518016,25.518016,1,1,21.834436,21.834436,1,1,19.118885,19.118885
experiment_0a_best,file,16,,10368,177.Prothonotary_Warbler/Prothonotary_Warbler_0112_174594.jpg,177,176,177.Prothonotary_Warbler,180,179,horizontal_flip,horizontal_flip,0,"{""flipped"":true}",0.21407805,0.27743462,0.063356563,0.80728537,0.75772512,0.1670793,0.18923159,0.64020607,0.56849353,-0.071712539,0.66738257,1.1283234,45.802182,51.679673,False,0.97236502,True,True,True,0.66738257,1.1283234,45.802182,51.679673,0.66127447,1.1282102,45.350354,51.164731,0.97086137,1.1339612,6.4175813,7.277288,0.49361093,1.0980866,12.10482,13.29214,0.5588854,1.0051728,20.41285,20.51844,0.70736542,1.0773357,25.518016,27.491469,0.65313752,1.212267,21.834436,26.469165,0.76477324,1.2418773,19.118885,23.743309
experiment_0a_best,file,16,,10368,177.Prothonotary_Warbler/Prothonotary_Warbler_0112_174594.jpg,177,176,177.Prothonotary_Warbler,180,179,color_jitter,color_jitter,0,"{""brightness"":0.611577,""contrast"":1.358545,""hue"":-0.051668,""saturation"":0.901554}",0.21407805,0.79479718,0.58071913,0.80728537,0.45167285,0.1670793,0.0076711588,0.64020607,0.44400169,-0.19620438,0.23640733,2.2474693,45.802182,102.939,False,0.84226465,True,True,True,0.23640733,2.2474693,45.802182,102.939,0.23003826,2.245684,45.350354,101.84256,0.54248229,2.3348848,6.4175813,14.984313,0.13793737,2.6206613,12.10482,31.722632,0.099784725,2.3039677,20.41285,47.030547,0.17604271,2.0810597,25.518016,53.104515,0.29358575,2.1077108,21.834436,46.020676,0.42238379,2.4620375,19.118885,47.071413
experiment_0a_best,file,16,,10368,177.Prothonotary_Warbler/Prothonotary_Warbler_0112_174594.jpg,177,176,177.Prothonotary_Warbler,180,179,rotation,rotation,0,"{""angle"":-1.515146}",0.21407805,0.30283079,0.088752732,0.80728537,0.73872411,0.1670793,0.21197423,0.64020607,0.52674988,-0.11345619,0.90339996,1.2479062,45.802182,57.156826,False,0.98883003,True,True,True,0.90339996,1.2479062,45.802182,57.156826,0.90181476,1.2491642,45.350354,56.650039,0.98825769,1.1833833,6.4175813,7.5944588,0.92226957,1.4742776,12.10482,17.845865,0.86360133,1.2577799,20.41285,25.674872,0.91047947,1.1978998,25.518016,30.568026,0.90816816,1.2328769,21.834436,26.919171,0.92033304,1.2514913,19.118885,23.927118
experiment_0a_best,file,16,,10368,177.Prothonotary_Warbler/Prothonotary_Warbler_0112_174594.jpg,177,176,177.Prothonotary_Warbler,180,179,random_resized_crop,random_resized_crop,0,"{""area_fraction"":0.574496,""aspect"":0.93944,""fallback"":false,""height"":0.782004,""left"":0.169073,""top"":0.113389,""width"":0.734646}",0.21407805,0.60260415,0.3885261,0.80728537,0.54738432,0.1670793,0.32453987,0.64020607,0.22284445,-0.41736162,0.73667734,1.9789126,45.802182,90.638514,False,0.897493,True,True,True,0.73667734,1.9789126,45.802182,90.638514,0.73334401,1.9755346,45.350354,89.591191,0.89260946,2.140829,6.4175813,13.738944,0.62072827,1.9427519,12.10482,23.516661,0.76516165,1.9473347,20.41285,39.75065,0.7667153,1.947522,25.518016,49.696896,0.71548183,2.0259729,21.834436,44.235974,0.70826336,2.0032147,19.118885,38.299233
experiment_0a_best,file,16,,10368,177.Prothonotary_Warbler/Prothonotary_Warbler_0112_174594.jpg,177,176,177.Prothonotary_Warbler,180,179,gaussian_blur,gaussian_blur,0,"{""sigma"":1.459461}",0.21407805,0.2493239,0.035245851,0.80728537,0.77932751,0.1670793,0.095195308,0.64020607,0.6841322,0.043926135,0.61691936,0.76180563,45.802182,34.89236,False,0.91047835,True,True,True,0.61691936,0.76180563,45.802182,34.89236,0.6116709,0.76097938,45.350354,34.510684,0.86644123,0.80198337,6.4175813,5.1467935,0.51750885,0.78958615,12.10482,9.5577979,0.41961168,0.66426468,20.41285,13.559535,0.61336278,0.69134434,25.518016,17.641736,0.69244974,0.80140526,21.834436,17.498231,0.72858065,0.90345128,19.118885,17.272981
experiment_0a_best,file,16,,10368,177.Prothonotary_Warbler/Prothonotary_Warbler_0112_174594.jpg,177,176,177.Prothonotary_Warbler,180,179,random_erasing,random_erasing,0,"{""area_fraction"":0.173642,""erased"":true,""height"":0.686149,""left"":0.199487,""top"":0.130158,""width"":0.253068}",0.21407805,3.7054911,3.491413,0.80728537,0.024588138,0.1670793,0.016542761,0.64020607,0.0080453772,-0.63216069,0.32142563,2.910397,45.802182,133.30254,False,0.69803858,False,True,False,0.32142563,2.910397,45.802182,133.30254,0.31651547,2.8904264,45.350354,131.08186,0.52037592,3.7756279,6.4175813,24.230399,0.21551886,2.4486491,12.10482,29.640456,0.23987764,2.7952837,20.41285,57.059706,0.33731546,2.622128,25.518016,66.911504,0.33588991,3.0365748,21.834436,66.301897,0.37449379,3.3796015,19.118885,64.614213
experiment_0a_best,file,16,,6810,117.Clay_colored_Sparrow/Clay_Colored_Sparrow_0064_110664.jpg,117,116,117.Clay_colored_Sparrow,115,114,identity,identity,0,{},0.23907536,0.23907536,0,0.78735554,0.78735554,0.17243493,0.17243493,0.61492062,0.61492062,0,1,1,36.050605,36.050605,False,0.99999988,True,True,True,1,1,36.050605,36.050605,1,1,35.23176,35.23176,1,1,7.6399743,7.6399743,1,1,11.009688,11.009688,1,1,17.267898,17.267898,1,1,19.334546,19.334546,1,1,15.570098,15.570098,1,1,14.339832,14.339832
experiment_0a_best,file,16,,6810,117.Clay_colored_Sparrow/Clay_Colored_Sparrow_0064_110664.jpg,117,116,117.Clay_colored_Sparrow,115,114,horizontal_flip,horizontal_flip,0,"{""flipped"":true}",0.23907536,0.56558704,0.32651168,0.78735554,0.5680266,0.17243493,0.37627986,0.61492062,0.19174674,-0.42317387,0.74460158,2.0234899,36.050605,72.948035,False,0.96525609,True,True,True,0.74460158,2.0234899,36.050605,72.948035,0.73433889,2.0240587,35.23176,71.311149,0.9642398,2.0113565,7.6399743,15.366712,0.85161015,1.6759369,11.009688,18.451542,0.76337798,2.0147749,17.267898,34.790927,0.70976502,2.0077569,19.334546,38.81907,0.68339238,2.0776269,15.570098,32.348854,0.74904727,2.1842387,14.339832,31.321615
experiment_0a_best,file,16,,6810,117.Clay_colored_Sparrow/Clay_Colored_Sparrow_0064_110664.jpg,117,116,117.Clay_colored_Sparrow,115,114,color_jitter,color_jitter,0,"{""brightness"":0.891745,""contrast"":1.127771,""hue"":0.035881,""saturation"":1.367818}",0.23907536,0.92855972,0.68948436,0.78735554,0.39512238,0.17243493,0.059117906,0.61492062,0.33600447,-0.27891614,0.48939535,2.9752759,36.050605,107.2605,False,0.89488912,True,True,True,0.48939535,2.9752759,36.050605,107.2605,0.48211615,3.0080622,35.23176,105.97933,0.73055242,2.1634454,7.6399743,16.528667,0.65089839,2.2396003,11.009688,24.6573,0.58367062,3.8789548,17.267898,66.981394,0.38577123,2.726242,19.334546,52.710652,0.4167054,2.7552705,15.570098,42.899832,0.49549195,2.7172998,14.339832,38.965621
experiment_0a_best,file,16,,6810,117.Clay_colored_Sparrow/Clay_Colored_Sparrow_0064_110664.jpg,117,116,117.Clay_colored_Sparrow,115,114,rotation,rotation,0,"{""angle"":-1.412195}",0.23907536,0.78700405,0.54792869,0.78735554,0.45520654,0.17243493,0.38520539,0.61492062,0.070001155,-0.54491946,0.87992442,2.2158649,36.050605,79.883271,False,0.97388417,True,True,True,0.87992442,2.2158649,36.050605,79.883271,0.8756059,2.2143655,35.23176,78.015992,0.97049994,2.2475154,7.6399743,17.17096,0.90303696,2.1402769,11.009688,23.563781,0.85662873,2.0585861,17.267898,35.547454,0.87675622,2.2130721,19.334546,42.788746,0.87729668,2.2970116,15.570098,35.764695,0.88697697,2.3726908,14.339832,34.023986
experiment_0a_best,file,16,,6810,117.Clay_colored_Sparrow/Clay_Colored_Sparrow_0064_110664.jpg,117,116,117.Clay_colored_Sparrow,115,114,random_resized_crop,random_resized_crop,0,"{""area_fraction"":0.638628,""aspect"":0.814004,""fallback"":false,""height"":0.885749,""left"":0.095559,""top"":0.08097,""width"":0.721003}",0.23907536,0.97662431,0.73754895,0.78735554,0.37658018,0.17243493,0.33886656,0.61492062,0.037713617,-0.577207,0.70551433,2.4693899,36.050605,89.023001,False,0.93224901,True,True,True,0.70551433,2.4693899,36.050605,89.023001,0.69589091,2.4720099,35.23176,87.09326,0.91536717,2.4130001,7.6399743,18.435259,0.80052853,2.2534494,11.009688,24.809775,0.6603774,2.1759361,17.267898,37.573842,0.69227322,2.537396,19.334546,49.0594,0.68948754,2.6323978,15.570098,40.986693,0.71182718,2.6747883,14.339832,38.356013
experiment_0a_best,file,16,,6810,117.Clay_colored_Sparrow/Clay_Colored_Sparrow_0064_110664.jpg,117,116,117.Clay_colored_Sparrow,115,114,gaussian_blur,gaussian_blur,0,"{""sigma"":1.987829}",0.23907536,1.4412407,1.2021653,0.78735554,0.23663399,0.17243493,0.36743584,0.61492062,-0.13080186,-0.74572247,0.52307771,3.0459221,36.050605,109.80733,False,0.81812227,False,True,False,0.52307771,3.0459221,36.050605,109.80733,0.5126821,3.0665123,35.23176,108.03862,0.79482851,2.5692783,7.6399743,19.62922,0.50514791,2.7627733,11.009688,30.417272,0.42288625,2.9044119,17.267898,50.153088,0.547809,2.920064,19.334546,56.458113,0.52172857,3.3280682,15.570098,51.818348,0.57019846,3.3871388,14.339832,48.571
experiment_0a_best,file,16,,6810,117.Clay_colored_Sparrow/Clay_Colored_Sparrow_0064_110664.jpg,117,116,117.Clay_colored_Sparrow,115,114,random_erasing,random_erasing,0,"{""area_fraction"":0.075462,""erased"":true,""height"":0.17074,""left"":0.244738,""top"":0.75478,""width"":0.441972}",0.23907536,0.20205764,-0.037017718,0.78735554,0.81704783,0.17243493,0.14148428,0.61492062,0.67556356,0.060642943,0.97270649,0.83997581,36.050605,30.281636,False,0.99077612,True,True,True,0.97270649,0.83997581,36.050605,30.281636,0.97190471,0.84089702,35.23176,29.626282,0.99047925,0.8201405,7.6399743,6.2658523,0.98873105,0.84043289,11.009688,9.2529039,0.98133509,0.84040552,17.267898,14.512037,0.97961618,0.84287821,19.334546,16.296668,0.96226529,0.84184393,15.570098,13.107593,0.94554812,0.83715179,14.339832,12.004616
experiment_0a_best,file,16,,1601,029.American_Crow/American_Crow_0132_25704.jpg,29,28,029.American_Crow,30,29,identity,identity,0,{},0.64594096,0.64594096,0,0.52416909,0.52416909,0.21983951,0.21983951,0.30432957,0.30432957,0,1,1,88.829177,88.829177,False,1,True,True,True,1,1,88.829177,88.829177,1,1,86.98874,86.98874,1,1,17.988379,17.988379,1,1,30.685137,30.685137,1,1,44.014151,44.014151,1,1,43.238136,43.238136,1,1,39.815975,39.815975,1,1,35.11936,35.11936
experiment_0a_best,file,16,,1601,029.American_Crow/American_Crow_0132_25704.jpg,29,28,029.American_Crow,30,29,horizontal_flip,horizontal_flip,0,"{""flipped"":true}",0.64594096,0.33249635,-0.31344461,0.52416909,0.71713126,0.21983951,0.12528801,0.30432957,0.59184325,0.28751367,0.53746419,0.52308657,88.829177,46.46535,False,0.93905312,True,True,True,0.53746419,0.52308657,88.829177,46.46535,0.52323194,0.52260839,86.98874,45.461045,0.8632221,0.53414687,17.988379,9.6084364,0.62997642,0.47695939,30.685137,14.635564,0.53697029,0.48514617,44.014151,21.353297,0.45421134,0.5065512,43.238136,21.902329,0.46725692,0.56076532,39.815975,22.327418,0.60707028,0.58238031,35.11936,20.452824
experiment_0a_best,file,16,,1601,029.American_Crow/American_Crow_0132_25704.jpg,29,28,029.American_Crow,30,29,color_jitter,color_jitter,0,"{""brightness"":0.67593,""contrast"":0.852742,""hue"":-0.073279,""saturation"":0.697542}",0.64594096,0.6487956,0.0028546453,0.52416909,0.52267492,0.21983951,0.24112874,0.30432957,0.28154618,-0.022783399,0.78960629,0.9449862,88.829177,83.942346,False,0.95493466,True,True,True,0.78960629,0.9449862,88.829177,83.942346,0.78422328,0.94093515,86.98874,81.850763,0.90746555,1.0352107,17.988379,18.621763,0.79041519,1.0917651,30.685137,33.500962,0.73708432,0.88145723,44.014151,38.796591,0.81396752,0.90434683,43.238136,39.102271,0.78569885,0.9355261,39.815975,37.248884,0.81343301,0.96795549,35.11936,33.993977
experiment_0a_best,file,16,,1601,029.American_Crow/American_Crow_0132_25704.jpg,29,28,029.American_Crow,30,29,rotation,rotation,0,"{""angle"":6.637665}",0.64594096,0.4041613,-0.24177966,0.52416909,0.66753644,0.21983951,0.084430732,0.30432957,0.58310571,0.27877613,0.82739657,0.74502579,88.829177,66.180028,False,0.97611171,True,True,True,0.82739657,0.74502579,88.829177,66.180028,0.82240696,0.74669365,86.98874,64.95394,0.95231802,0.70489817,17.988379,12.679976,0.80463642,0.80126542,30.685137,24.58694,0.8453076,0.77706833,44.014151,34.202002,0.81871702,0.7142668,43.238136,30.883565,0.79886003,0.73509219,39.815975,29.268413,0.84007065,0.71712636,35.11936,25.185019
experiment_0a_best,file,16,,1601,029.American_Crow/American_Crow_0132_25704.jpg,29,28,029.American_Crow,30,29,random_resized_crop,random_resized_crop,0,"{""area_fraction"":0.531327,""aspect"":0.775487,""fallback"":false,""height"":0.827739,""left"":0.056098,""top"":0.032987,""width"":0.641901}",0.64594096,2.0245152,1.3785742,0.52416909,0.13205786,0.21983951,0.47891346,0.30432957,-0.3468556,-0.65118517,0.67835593,1.4132571,88.829177,125.53846,False,0.95928609,False,True,False,0.67835593,1.4132571,88.829177,125.53846,0.66623275,1.3954876,86.98874,121.39171,0.91978863,1.7788907,17.988379,31.99936,0.6850145,1.1843514,30.685137,36.341986,0.67740768,1.3453875,44.014151,59.216088,0.66531201,1.4217217,43.238136,61.472595,0.62329496,1.3991115,39.815975,55.70699,0.70128098,1.5664792,35.11936,55.013747
experiment_0a_best,file,16,,1601,029.American_Crow/American_Crow_0132_25704.jpg,29,28,029.American_Crow,30,29,gaussian_blur,gaussian_blur,0,"{""sigma"":1.628452}",0.64594096,5.4574041,4.8114632,0.52416909,0.0042646108,0.21983951,0.22943036,0.30432957,-0.22516575,-0.52949533,0.63853051,1.8893094,88.829177,167.8258,False,0.88067806,False,True,False,0.63853051,1.8893094,88.829177,167.8258,0.62782115,1.8732412,86.98874,162.95089,0.85805007,2.2323305,17.988379,40.156008,0.74987619,1.9644782,30.685137,60.280283,0.68443617,1.767135,44.014151,77.778944,0.57709014,1.9186222,43.238136,82.957646,0.54014957,1.8266776,39.815975,72.730952,0.63768068,1.9516765,35.11936,68.54163
experiment_0a_best,file,16,,1601,029.American_Crow/American_Crow_0132_25704.jpg,29,28,029.American_Crow,30,29,random_erasing,random_erasing,0,"{""area_fraction"":0.059431,""erased"":true,""height"":0.183959,""left"":0.595372,""top"":0.264205,""width"":0.323068}",0.64594096,1.868957,1.2230161,0.52416909,0.15428448,0.21983951,0.58748478,0.30432957,-0.4332003,-0.73752987,0.74139987,1.2940699,88.829177,114.95117,False,0.97362888,False,True,False,0.74139987,1.2940699,88.829177,114.95117,0.73166905,1.2664987,86.98874,110.17112,0.94627988,1.8236144,17.988379,32.803866,0.75070137,1.3356167,30.685137,40.98358,0.70844381,1.0853121,44.014151,47.769091,0.71324839,1.123375,43.238136,48.572641,0.7127107,1.2923068,39.815975,51.454454,0.81957665,1.6029993,35.11936,56.29631
experiment_0a_best,file,16,,10767,183.Northern_Waterthrush/Northern_Waterthrush_0016_177345.jpg,183,182,183.Northern_Waterthrush,184,183,identity,identity,0,{},0.13562657,0.13562657,0,0.87316865,0.87316865,0.041077342,0.041077342,0.83209131,0.83209131,0,1,1,21.287897,21.287897,False,1.0000001,True,True,True,1,1,21.287897,21.287897,1,1,20.994138,20.994138,1,1,3.5243007,3.5243007,1,1,3.8507468,3.8507468,1,1,9.9758023,9.9758023,1,1,12.641239,12.641239,1,1,9.6236458,9.6236458,1,1,8.601946,8.601946
experiment_0a_best,file,16,,10767,183.Northern_Waterthrush/Northern_Waterthrush_0016_177345.jpg,183,182,183.Northern_Waterthrush,184,183,horizontal_flip,horizontal_flip,0,"{""flipped"":true}",0.13562657,0.097018741,-0.038607828,0.87316865,0.90753901,0.041077342,0.0081166402,0.83209131,0.89942237,0.067331064,0.59605114,0.8651894,21.287897,18.418062,False,0.94671285,True,True,True,0.59605114,0.8651894,21.287897,18.418062,0.58933121,0.86863781,20.994138,18.236302,0.88736792,0.73238446,3.5243007,2.5811431,0.56985424,0.8029027,3.8507468,3.091775,0.51945226,0.90766613,9.9758023,9.0546979,0.63224102,0.87689832,12.641239,11.085081,0.54404686,0.83939334,9.6236458,8.0780242,0.65597281,0.84539494,8.601946,7.2720416
experiment_0a_best,file,16,,10767,183.Northern_Waterthrush/Northern_Waterthrush_0016_177345.jpg,183,182,183.Northern_Waterthrush,184,183,color_jitter,color_jitter,0,"{""brightness"":0.993896,""contrast"":0.991549,""hue"":0.022081,""saturation"":1.172955}",0.13562657,0.17499225,0.039365679,0.87316865,0.83946353,0.041077342,0.051198609,0.83209131,0.78826492,-0.043826383,0.93908326,1.2765974,21.287897,27.176073,False,0.99363852,True,True,True,0.93908326,1.2765974,21.287897,27.176073,0.93760779,1.2762326,20.994138,26.793404,0.9909519,1.2894741,3.5243007,4.5444944,0.87432281,1.3470092,3.8507468,5.1869914,0.94418588,1.32852,9.9758023,13.253052,0.93992238,1.2550003,12.641239,15.864758,0.92754812,1.2853828,9.6236458,12.370069,0.95266159,1.2227507,8.601946,10.518036
experiment_0a_best,file,16,,10767,183.Northern_Waterthrush/Northern_Waterthrush_0016_177345.jpg,183,182,183.Northern_Waterthrush,184,183,rotation,rotation,0,"{""angle"":5.497094}",0.13562657,0.13260746,-0.0030191094,0.87316865,0.87580884,0.041077342,0.040945951,0.83209131,0.83486288,0.0027715787,0.81989521,0.95095712,21.287897,20.243877,False,0.97486842,True,True,True,0.81989521,0.95095712,21.287897,20.243877,0.8155077,0.94767833,20.994138,19.89569,0.96404505,1.0607661,3.5243007,3.7384586,0.67227945,0.8480463,3.8507468,3.2656116,0.79461802,0.93634285,9.9758023,9.3407711,0.84711437,0.96195727,12.641239,12.160332,0.78021202,0.93639572,9.6236458,9.0115407,0.8441884,0.96456672,8.601946,8.2971508
experiment_0a_best,file,16,,10767,183.Northern_Waterthrush/Northern_Waterthrush_0016_177345.jpg,183,182,183.Northern_Waterthrush,184,183,random_resized_crop,random_resized_crop,0,"{""area_fraction"":0.624601,""aspect"":0.855949,""fallback"":false,""height"":0.854235,""left"":0.146682,""top"":0.083072,""width"":0.731182}",0.13562657,0.12199733,-0.013629235,0.87316865,0.88515073,0.041077342,0.029172499,0.83209131,0.85597823,0.023886926,0.6956739,0.75693595,21.287897,16.113574,False,0.92669106,True,True,True,0.6956739,0.75693595,21.287897,16.113574,0.68865646,0.75359112,20.994138,15.820996,0.91870463,0.86731799,3.5243007,3.0566894,0.66002813,0.81033073,3.8507468,3.1203785,0.66042129,0.68461529,9.9758023,6.8295868,0.73341103,0.7408814,12.641239,9.365659,0.63740546,0.73101776,9.6236458,7.035056,0.70737853,0.87550234,8.601946,7.5310238
experiment_0a_best,file,16,,10767,183.Northern_Waterthrush/Northern_Waterthrush_0016_177345.jpg,183,182,183.Northern_Waterthrush,184,183,gaussian_blur,gaussian_blur,0,"{""sigma"":1.101429}",0.13562657,2.4778564,2.3422298,0.87316865,0.083922923,0.041077342,0.0090390099,0.83209131,0.074883913,-0.75720739,0.71290575,8.8611972,21.287897,188.63625,False,0.85020161,False,True,False,0.71290575,8.8611972,21.287897,188.63625,0.71199179,8.9259045,20.994138,187.39167,0.80962834,6.1382929,3.5243007,21.63319,0.590885,11.12942,3.8507468,42.85658,0.72368392,9.7688041,9.9758023,97.451659,0.77743809,9.3866235,12.641239,118.65855,0.65040064,7.9952696,9.6236458,76.943643,0.66589749,7.1492626,8.601946,61.49757
experiment_0a_best,file,16,,10767,183.Northern_Waterthrush/Northern_Waterthrush_0016_177345.jpg,183,182,183.Northern_Waterthrush,184,183,random_erasing,random_erasing,0,"{""area_fraction"":0.059889,""erased"":true,""height"":0.296326,""left"":0.490047,""top"":0.621613,""width"":0.202105}",0.13562657,0.19871183,0.063085258,0.87316865,0.81978607,0.041077342,0.030681832,0.83209131,0.78910424,-0.042987065,0.95196268,1.4427249,21.287897,30.712579,False,0.98744369,True,True,True,0.95196268,1.4427249,21.287897,30.712579,0.95146799,1.4462939,20.994138,30.363695,0.97591082,1.3097977,3.5243007,4.616121,0.9465992,1.3799885,3.8507468,5.3139864,0.95788137,1.4511448,9.9758023,14.476333,0.96414176,1.4594996,12.641239,18.449883,0.93317783,1.4437216,9.6236458,13.893865,0.93919172,1.4271826,8.601946,12.276548
experiment_0a_best,file,16,,138,003.Sooty_Albatross/Sooty_Albatross_0055_1160.jpg,3,2,003.Sooty_Albatross,45,44,identity,identity,0,{},0.16538599,0.16538599,0,0.84756649,0.84756649,0.020933041,0.020933041,0.82663344,0.82663344,0,1,1,29.855006,29.855006,False,0.99999988,True,True,True,1,1,29.855006,29.855006,1,1,29.45799,29.45799,1,1,4.8526541,4.8526541,1,1,7.6417392,7.6417392,1,1,12.213136,12.213136,1,1,17.81731,17.81731,1,1,14.001046,14.001046,1,1,12.113235,12.113235
experiment_0a_best,file,16,,138,003.Sooty_Albatross/Sooty_Albatross_0055_1160.jpg,3,2,003.Sooty_Albatross,45,44,horizontal_flip,horizontal_flip,0,"{""flipped"":true}",0.16538599,0.30327988,0.13789389,0.84756649,0.73839241,0.020933041,0.0034484966,0.82663344,0.73494392,-0.091689528,0.6425604,1.5029748,29.855006,44.871321,False,0.96879709,True,True,True,0.6425604,1.5029748,29.855006,44.871321,0.63310663,1.496248,29.45799,44.076458,0.95010969,1.7327448,4.8526541,8.408411,0.71934056,1.6537432,7.6417392,12.637474,0.50754452,1.4907616,12.213136,18.206875,0.63538706,1.3415468,17.81731,23.902755,0.62222246,1.5350152,14.001046,21.491818,0.73409848,1.688429,12.113235,20.452337
experiment_0a_best,file,16,,138,003.Sooty_Albatross/Sooty_Albatross_0055_1160.jpg,3,2,003.Sooty_Albatross,45,44,color_jitter,color_jitter,0,"{""brightness"":0.863765,""contrast"":0.689232,""hue"":0.021901,""saturation"":1.316295}",0.16538599,0.033100188,-0.1322858,0.84756649,0.96744162,0.020933041,0.0028070735,0.82663344,0.96463454,0.1380011,0.81268673,0.20923355,29.855006,6.2466689,False,0.9626615,True,True,True,0.81268673,0.20923355,29.855006,6.2466689,0.80878048,0.20878865,29.45799,6.1504937,0.94846705,0.22501594,4.8526541,1.0919245,0.78391761,0.21324319,7.6417392,1.6295488,0.70483825,0.23194344,12.213136,2.8327568,0.83938004,0.18734849,17.81731,3.338046,0.8393017,0.20946252,14.001046,2.9326944,0.84955364,0.22465376,12.113235,2.7212837
experiment_0a_best,file,16,,138,003.Sooty_Albatross/Sooty_Albatross_0055_1160.jpg,3,2,003.Sooty_Albatross,45,44,rotation,rotation,0,"{""angle"":-12.48523}",0.16538599,0.75324816,0.58786216,0.84756649,0.47083473,0.020933041,0.0052120402,0.82663344,0.46562269,-0.36101075,0.7522834,3.2303866,29.855006,96.443214,False,0.92114532,True,True,True,0.7522834,3.2303866,29.855006,96.443214,0.74814203,3.2221611,29.45799,94.918388,0.89483765,3.5201259,4.8526541,17.081953,0.81145655,3.2928283,7.6417392,25.162935,0.71014803,3.0816818,12.213136,37.636999,0.78628383,3.1589472,17.81731,56.283941,0.70903658,3.211498,14.001046,44.964332,0.7349142,3.4732818,12.113235,42.072678
experiment_0a_best,file,16,,138,003.Sooty_Albatross/Sooty_Albatross_0055_1160.jpg,3,2,003.Sooty_Albatross,45,44,random_resized_crop,random_resized_crop,0,"{""area_fraction"":0.856663,""aspect"":0.882063,""fallback"":false,""height"":0.985497,""left"":0.042104,""top"":0.001554,""width"":0.86927}",0.16538599,0.28280675,0.11742076,0.84756649,0.75366539,0.020933041,0.015771594,0.82663344,0.73789379,-0.08873965,0.84849571,1.699174,29.855006,50.728852,False,0.97605473,True,True,True,0.84849571,1.699174,29.855006,50.728852,0.84539029,1.7014112,29.45799,50.120153,0.97022328,1.6145736,4.8526541,7.8349674,0.87143485,2.1290168,7.6417392,16.269391,0.77804666,1.5967486,12.213136,19.501308,0.86168246,1.6930969,17.81731,30.166432,0.84189672,1.668236,14.001046,23.35705,0.87929536,1.6745922,12.113235,20.284729
experiment_0a_best,file,16,,138,003.Sooty_Albatross/Sooty_Albatross_0055_1160.jpg,3,2,003.Sooty_Albatross,45,44,gaussian_blur,gaussian_blur,0,"{""sigma"":1.825239}",0.16538599,1.1640884,0.99870238,0.84756649,0.31220713,0.020933041,0.0076312781,0.82663344,0.30457585,-0.52205759,0.47594495,4.961798,29.855006,148.13451,False,0.79257762,True,True,True,0.47594495,4.961798,29.855006,148.13451,0.46974492,4.9810298,29.45799,146.73112,0.75436158,4.1920001,4.8526541,20.342327,0.30163159,4.9722736,7.6417392,37.996818,0.34954653,4.5813802,12.213136,55.953019,0.50279789,4.8304123,17.81731,86.064952,0.46956173,5.2793214,14.001046,73.916024,0.57740144,5.2762292,12.113235,63.912202
experiment_0a_best,file,16,,138,003.Sooty_Albatross/Sooty_Albatross_0055_1160.jpg,3,2,003.Sooty_Albatross,45,44,random_erasing,random_erasing,0,"{""area_fraction"":0.103842,""erased"":true,""height"":0.264268,""left"":0.142619,""top"":0.392669,""width"":0.39294}",0.16538599,0.23265664,0.067270651,0.84756649,0.79242563,0.020933041,0.020265182,0.82663344,0.77216045,-0.054472994,0.85784071,1.4187233,29.855006,42.355993,False,0.95277107,True,True,True,0.85784071,1.4187233,29.855006,42.355993,0.85592363,1.4184083,29.45799,41.783458,0.92792917,1.4302816,4.8526541,6.9406617,0.89004606,1.5904771,7.6417392,12.154012,0.8438616,1.3336746,12.213136,16.288349,0.88655609,1.3862069,17.81731,24.698478,0.84844418,1.4953288,14.001046,20.936168,0.80338895,1.3924277,12.113235,16.866804
experiment_0a_best,file,16,,11555,197.Marsh_Wren/Marsh_Wren_0103_188483.jpg,197,196,197.Marsh_Wren,193,192,identity,identity,0,{},0.31119618,0.31119618,0,0.73257017,0.73257017,0.16787145,0.16787145,0.56469873,0.56469873,0,1,1,47.785989,47.785989,False,0.99999994,True,True,True,1,1,47.785989,47.785989,1,1,46.858189,46.858189,1,1,9.3707473,9.3707473,1,1,11.780309,11.780309,1,1,22.183685,22.183685,1,1,24.295941,24.295941,1,1,23.203975,23.203975,1,1,20.882556,20.882556
experiment_0a_best,file,16,,11555,197.Marsh_Wren/Marsh_Wren_0103_188483.jpg,197,196,197.Marsh_Wren,193,192,horizontal_flip,horizontal_flip,0,"{""flipped"":true}",0.31119618,0.51642501,0.20522884,0.73257017,0.59664977,0.16787145,0.11600159,0.56469873,0.48064817,-0.084050551,0.6712198,1.3546288,47.785989,64.732276,False,0.95286429,True,True,True,0.6712198,1.3546288,47.785989,64.732276,0.66256973,1.3583664,46.858189,63.650588,0.90677453,1.2575649,9.3707473,11.784323,0.74014397,1.3095584,11.780309,15.427003,0.68864095,1.5081834,22.183685,33.457066,0.62264561,1.3738139,24.295941,33.3781,0.63787338,1.2572078,23.203975,29.172218,0.69849517,1.2928687,20.882556,26.998402
experiment_0a_best,file,16,,11555,197.Marsh_Wren/Marsh_Wren_0103_188483.jpg,197,196,197.Marsh_Wren,193,192,color_jitter,color_jitter,0,"{""brightness"":1.331881,""contrast"":0.838661,""hue"":-0.081779,""saturation"":1.315849}",0.31119618,4.4203672,4.1091711,0.73257017,0.012029815,0.16787145,0.015314606,0.56469873,-0.0032847915,-0.56798352,0.36653938,3.1220192,47.785989,149.18878,False,0.75920397,False,True,False,0.36653938,3.1220192,47.785989,149.18878,0.3576215,3.1291005,46.858189,146.62398,0.60460965,2.939414,9.3707473,27.544506,0.32337484,2.7970188,11.780309,32.949746,0.22399107,2.7304163,22.183685,60.570696,0.3553713,3.0888558,24.295941,75.046659,0.42761652,3.2568461,23.203975,75.571774,0.41229488,3.5192779,20.882556,73.491516
experiment_0a_best,file,16,,11555,197.Marsh_Wren/Marsh_Wren_0103_188483.jpg,197,196,197.Marsh_Wren,193,192,rotation,rotation,0,"{""angle"":8.510225}",0.31119618,0.64022565,0.32902947,0.73257017,0.52717346,0.16787145,0.06064593,0.56469873,0.46652753,-0.098171197,0.5631643,1.6599605,47.785989,79.322853,False,0.92651331,True,True,True,0.5631643,1.6599605,47.785989,79.322853,0.55494424,1.6568193,46.858189,77.63555,0.75985411,1.7366588,9.3707473,16.27379,0.38277101,1.3664337,11.780309,16.097012,0.35815213,1.4154049,22.183685,31.398896,0.60139369,1.8826261,24.295941,45.740172,0.61497322,1.6461623,23.203975,38.197509,0.65969693,1.6801814,20.882556,35.086482
experiment_0a_best,file,16,,11555,197.Marsh_Wren/Marsh_Wren_0103_188483.jpg,197,196,197.Marsh_Wren,193,192,random_resized_crop,random_resized_crop,0,"{""area_fraction"":0.747957,""aspect"":1.199595,""fallback"":false,""height"":0.789625,""left"":0.011788,""top"":0.022305,""width"":0.94723}",0.31119618,0.1424208,-0.16877538,0.73257017,0.86725622,0.16787145,0.03549616,0.56469873,0.83176006,0.26706134,0.69840594,0.51039629,47.785989,24.389792,False,0.93457663,True,True,True,0.69840594,0.51039629,47.785989,24.389792,0.69239519,0.5123825,46.858189,24.009316,0.87083039,0.45793951,9.3707473,4.2912354,0.52352226,0.38834888,11.780309,4.57487,0.63659102,0.43030075,22.183685,9.5456562,0.69236285,0.5768388,24.295941,14.014842,0.73143156,0.54490755,23.203975,12.644021,0.76268725,0.497911,20.882556,10.397654
experiment_0a_best,file,16,,11555,197.Marsh_Wren/Marsh_Wren_0103_188483.jpg,197,196,197.Marsh_Wren,193,192,gaussian_blur,gaussian_blur,0,"{""sigma"":1.638991}",0.31119618,1.3032352,0.992039,0.73257017,0.27165154,0.16787145,0.023837067,0.56469873,0.24781447,-0.31688426,0.45538954,2.5399476,47.785989,121.37391,False,0.80575371,True,True,True,0.45538954,2.5399476,47.785989,121.37391,0.44967823,2.5633456,46.858189,120.11373,0.67484866,1.8616112,9.3707473,17.444688,0.47401348,2.8951609,11.780309,34.105891,0.25189273,2.0797195,22.183685,46.135842,0.44816616,2.788735,24.295941,67.754942,0.53189301,2.662284,23.203975,61.77557,0.53398448,2.5014307,20.882556,52.236265
experiment_0a_best,file,16,,11555,197.Marsh_Wren/Marsh_Wren_0103_188483.jpg,197,196,197.Marsh_Wren,193,192,random_erasing,random_erasing,0,"{""area_fraction"":0.19873,""erased"":true,""height"":0.717979,""left"":0.586287,""top"":0.025374,""width"":0.276791}",0.31119618,0.89487374,0.58367756,0.73257017,0.40865922,0.16787145,0.38596216,0.56469873,0.022697061,-0.54200166,0.88587356,2.3058768,47.785989,110.1886,False,0.97030008,True,True,True,0.88587356,2.3058768,47.785989,110.1886,0.88265447,2.301227,46.858189,107.83133,0.96350283,2.4192397,9.3707473,22.670084,0.9180196,2.1088026,11.780309,24.842346,0.91039425,2.1893768,22.183685,48.568445,0.89882122,2.3605609,24.295941,57.352048,0.85323915,2.3534315,23.203975,54.608965,0.8605282,2.3362522,20.882556,48.786915
experiment_0a_best,file,16,,5018,086.Pacific_Loon/Pacific_Loon_0023_75476.jpg,86,85,086.Pacific_Loon,52,51,identity,identity,0,{},0.014758928,0.014758928,0,0.98534948,0.98534948,0.0053039021,0.0053039021,0.98004557,0.98004557,0,1,1,2.3337981,2.3337981,False,1,True,True,True,1,1,2.3337981,2.3337981,1,1,2.3002759,2.3002759,1,1,0.39413756,0.39413756,1,1,0.46199404,0.46199404,1,1,1.1178888,1.1178888,1,1,1.2854435,1.2854435,1,1,0.97179792,0.97179792,1,1,1.1096843,1.1096843
experiment_0a_best,file,16,,5018,086.Pacific_Loon/Pacific_Loon_0023_75476.jpg,86,85,086.Pacific_Loon,52,51,horizontal_flip,horizontal_flip,0,"{""flipped"":true}",0.014758928,0.043332953,0.028574025,0.98534948,0.95759249,0.0053039021,0.013258111,0.98004557,0.94433438,-0.035711198,0.66912388,2.6540394,2.3337981,6.1939923,False,0.98107409,True,True,True,0.66912388,2.6540394,2.3337981,6.1939923,0.65978253,2.6503319,2.3002759,6.0964948,0.97346266,2.7773682,0.39413756,1.0946651,0.67716425,2.3702012,0.46199404,1.0950188,0.59096064,2.3261092,1.1178888,2.6003315,0.67436852,2.6786313,1.2854435,3.4432292,0.58935843,2.8433716,0.97179792,2.7631826,0.75884618,2.808873,1.1096843,3.1169622
experiment_0a_best,file,16,,5018,086.Pacific_Loon/Pacific_Loon_0023_75476.jpg,86,85,086.Pacific_Loon,52,51,color_jitter,color_jitter,0,"{""brightness"":1.384971,""contrast"":0.610954,""hue"":0.009436,""saturation"":1.201139}",0.014758928,0.054244086,0.039485158,0.98534948,0.94720089,0.0053039021,0.012005184,0.98004557,0.93519571,-0.044849864,0.8197691,3.6625059,2.3337981,8.5475493,False,0.98200476,True,True,True,0.8197691,3.6625059,2.3337981,8.5475493,0.81608715,3.6759742,2.3002759,8.4557549,0.97400042,3.1697653,0.39413756,1.2493236,0.42621407,5.1048069,0.46199404,2.3583904,0.81715102,3.9449734,1.1178888,4.4100416,0.8382355,3.4213896,1.2854435,4.3980031,0.83804522,3.7423177,0.97179792,3.6367766,0.88877219,3.3622638,1.1096843,3.7310512
experiment_0a_best,file,16,,5018,086.Pacific_Loon/Pacific_Loon_0023_75476.jpg,86,85,086.Pacific_Loon,52,51,rotation,rotation,0,"{""angle"":-11.972653}",0.014758928,0.20204002,0.18728109,0.98534948,0.81706226,0.0053039021,0.0070588789,0.98004557,0.81000338,-0.17004219,0.54718694,12.998264,2.3337981,30.335325,False,0.90602636,True,True,True,0.54718694,12.998264,2.3337981,30.335325,0.53979466,13.035258,2.3002759,29.984689,0.83174927,11.668387,0.39413756,4.5989495,0.62868788,11.723068,0.46199404,5.4159874,0.44577836,13.492964,1.1178888,15.083634,0.57049818,13.746324,1.2854435,17.670124,0.47656451,13.046924,0.97179792,12.678974,0.64499869,11.723464,1.1096843,13.009344
experiment_0a_best,file,16,,5018,086.Pacific_Loon/Pacific_Loon_0023_75476.jpg,86,85,086.Pacific_Loon,52,51,random_resized_crop,random_resized_crop,0,"{""area_fraction"":0.649689,""aspect"":1.315534,""fallback"":false,""height"":0.702751,""left"":0.016702,""top"":0.278897,""width"":0.924493}",0.014758928,0.023581523,0.0088225957,0.98534948,0.97669435,0.0053039021,0.0033675006,0.98004557,0.97332684,-0.0067187294,0.60529852,1.4643335,2.3337981,3.4174587,False,0.95789719,True,True,True,0.60529852,1.4643335,2.3337981,3.4174587,0.5957764,1.4633595,2.3002759,3.3661305,0.92247297,1.4971313,0.39413756,0.59007569,0.44525744,1.4065427,0.46199404,0.64981434,0.44644803,1.5646017,1.1178888,1.7490507,0.63274031,1.434174,1.2854435,1.8435497,0.57867166,1.4663439,0.97179792,1.4249899,0.7563698,1.4019081,1.1096843,1.5556754
experiment_0a_best,file,16,,5018,086.Pacific_Loon/Pacific_Loon_0023_75476.jpg,86,85,086.Pacific_Loon,52,51,gaussian_blur,gaussian_blur,0,"{""sigma"":1.512441}",0.014758928,1.1450591,1.1303002,0.98534948,0.31820509,0.0053039021,0.027315712,0.98004557,0.29088938,-0.6891562,0.5190857,51.663045,2.3337981,120.57112,False,0.84948993,False,True,False,0.5190857,51.663045,2.3337981,120.57112,0.51316059,51.790439,2.3002759,119.1323,0.74317539,47.118595,0.39413756,18.571208,0.36126278,50.618787,0.46199404,23.385578,0.36936435,44.408129,1.1178888,49.643351,0.60002731,57.975963,1.2854435,74.524826,0.46055753,54.457147,0.97179792,52.921342,0.59421746,47.910208,1.1096843,53.165204
experiment_0a_best,file,16,,5018,086.Pacific_Loon/Pacific_Loon_0023_75476.jpg,86,85,086.Pacific_Loon,52,51,random_erasing,random_erasing,0,"{""area_fraction"":0.165955,""erased"":true,""height"":0.290027,""left"":0.075227,""top"":0.499288,""width"":0.572204}",0.014758928,0.10766439,0.092905464,0.98534948,0.89792889,0.0053039021,0.011098123,0.98004557,0.88683077,-0.093214804,0.78442721,6.4734533,2.3337981,15.107733,False,0.95120358,True,True,True,0.78442721,6.4734533,2.3337981,15.107733,0.78059892,6.4657429,2.3002759,14.872993,0.91030396,6.7308081,0.39413756,2.6528643,0.82531899,6.4391409,0.46199404,2.9748447,0.77257265,6.267254,1.1178888,7.0060931,0.80219887,6.5342754,1.2854435,8.399442,0.72037038,6.6678406,0.97179792,6.4797936,0.80000579,6.4186514,1.1096843,7.1226765
experiment_0a_best,file,16,,10036,171.Myrtle_Warbler/Myrtle_Warbler_0084_166747.jpg,171,170,171.Myrtle_Warbler,166,165,identity,identity,0,{},0.77061599,0.77061599,0,0.46272793,0.46272793,0.23340958,0.23340958,0.22931835,0.22931835,0,1,1,84.987046,84.987046,False,1.0000001,True,True,True,1,1,84.987046,84.987046,1,1,83.454501,83.454501,1,1,16.066868,16.066868,1,1,17.042982,17.042982,1,1,33.559901,33.559901,1,1,44.041687,44.041687,1,1,46.468259,46.468259,1,1,38.06513,38.06513
experiment_0a_best,file,16,,10036,171.Myrtle_Warbler/Myrtle_Warbler_0084_166747.jpg,171,170,171.Myrtle_Warbler,166,165,horizontal_flip,horizontal_flip,0,"{""flipped"":true}",0.77061599,0.17049201,-0.60012399,0.46272793,0.84324986,0.23340958,0.060938768,0.22931835,0.78231109,0.55299274,0.62177826,0.26353411,84.987046,22.396985,False,0.94871342,True,True,True,0.62177826,0.26353411,84.987046,22.396985,0.60972552,0.26310728,83.454501,21.957487,0.93368759,0.27479961,16.066868,4.415169,0.52019839,0.25197409,17.042982,4.2943899,0.63147984,0.25838131,33.559901,8.6712512,0.55926552,0.26409929,44.041687,11.631379,0.59159731,0.25921387,46.468259,12.045217,0.70193763,0.27316873,38.06513,10.398203
experiment_0a_best,file,16,,10036,171.Myrtle_Warbler/Myrtle_Warbler_0084_166747.jpg,171,170,171.Myrtle_Warbler,166,165,color_jitter,color_jitter,0,"{""brightness"":0.860943,""contrast"":1.170567,""hue"":0.030823,""saturation"":1.044687}",0.77061599,3.1017282,2.3311122,0.46272793,0.044971414,0.23340958,0.21496528,0.22931835,-0.16999387,-0.39931222,0.82308438,1.663917,84.987046,141.41139,False,0.94670647,False,True,False,0.82308438,1.663917,84.987046,141.41139,0.81947904,1.6654896,83.454501,138.99261,0.92332298,1.6209118,16.066868,26.042975,0.79119096,1.8230113,17.042982,31.069549,0.80251223,1.6865466,33.559901,56.600339,0.82084201,1.6350384,44.041687,72.009852,0.83986552,1.6573046,46.468259,77.012059,0.80802415,1.6685044,38.06513,63.511837
experiment_0a_best,file,16,,10036,171.Myrtle_Warbler/Myrtle_Warbler_0084_166747.jpg,171,170,171.Myrtle_Warbler,166,165,rotation,rotation,0,"{""angle"":1.009462}",0.77061599,0.56396437,-0.20665163,0.46272793,0.5689491,0.23340958,0.12408593,0.22931835,0.44486318,0.21554483,0.8836419,0.79677098,84.987046,67.715211,False,0.99070722,True,True,True,0.8836419,0.79677098,84.987046,67.715211,0.88041862,0.79807548,83.454501,66.60299,0.97585406,0.7607321,16.066868,12.222582,0.72813459,0.83176655,17.042982,14.175782,0.86967515,0.7865597,33.559901,26.396866,0.88027836,0.79615039,44.041687,35.063806,0.88975368,0.808979,46.468259,37.591846,0.90740478,0.78619118,38.06513,29.92647
experiment_0a_best,file,16,,10036,171.Myrtle_Warbler/Myrtle_Warbler_0084_166747.jpg,171,170,171.Myrtle_Warbler,166,165,random_resized_crop,random_resized_crop,0,"{""area_fraction"":0.867004,""aspect"":1.055274,""fallback"":false,""height"":0.906416,""left"":0.01427,""top"":0.041374,""width"":0.956518}",0.77061599,0.15009111,-0.62052488,0.46272793,0.86062956,0.23340958,0.037776891,0.22931835,0.82285267,0.59353432,0.76822284,0.25227481,84.987046,21.440091,False,0.96667862,True,True,True,0.76822284,0.25227481,84.987046,21.440091,0.76130112,0.25197708,83.454501,21.028621,0.94946133,0.26017895,16.066868,4.1802608,0.60627588,0.23369452,17.042982,3.9828515,0.77800604,0.26195284,33.559901,8.7911114,0.75064988,0.24762204,44.041687,10.905692,0.75890366,0.25273091,46.468259,11.743965,0.79520581,0.25225586,38.06513,9.602152
experiment_0a_best,file,16,,10036,171.Myrtle_Warbler/Myrtle_Warbler_0084_166747.jpg,171,170,171.Myrtle_Warbler,166,165,gaussian_blur,gaussian_blur,0,"{""sigma"":1.883336}",0.77061599,2.3344359,1.5638199,0.46272793,0.096865095,0.23340958,0.083619371,0.22931835,0.013245724,-0.21607263,0.31535516,1.088642,84.987046,92.520471,False,0.82411736,False,True,False,0.31535516,1.088642,84.987046,92.520471,0.29574302,1.0809038,83.454501,90.206283,0.76654521,1.2798799,16.066868,20.563661,0.64341265,1.7987151,17.042982,30.655469,0.37530187,0.95841919,33.559901,32.164454,0.12864187,0.98034163,44.041687,43.1759,0.24872456,1.0148041,46.468259,47.156181,0.40109469,1.1966902,38.06513,45.552166
experiment_0a_best,file,16,,10036,171.Myrtle_Warbler/Myrtle_Warbler_0084_166747.jpg,171,170,171.Myrtle_Warbler,166,165,random_erasing,random_erasing,0,"{""area_fraction"":0.172055,""erased"":true,""height"":0.434814,""left"":0.066602,""top"":0.285848,""width"":0.395699}",0.77061599,0.99335426,0.22273827,0.46272793,0.37033245,0.23340958,0.48614839,0.22931835,-0.11581594,-0.34513429,0.63950651,1.4639906,84.987046,124.42024,False,0.90360737,False,True,False,0.63950651,1.4639906,84.987046,124.42024,0.63104782,1.4629036,83.454501,122.08589,0.86324385,1.4930203,16.066868,23.98816,0.69190404,1.3223053,17.042982,22.536026,0.65892716,1.4912657,33.559901,50.046731,0.62561826,1.3867809,44.041687,61.076172,0.59112799,1.4490625,46.468259,67.335412,0.66494612,1.5823768,38.06513,60.233379
experiment_0a_best,file,16,,6388,110.Geococcyx/Geococcyx_0107_104534.jpg,110,109,110.Geococcyx,65,64,identity,identity,0,{},0.013575142,0.013575142,0,0.98651659,0.98651659,0.0017405183,0.0017405183,0.98477608,0.98477608,0,1,1,2.2868309,2.2868309,False,1,True,True,True,1,1,2.2868309,2.2868309,1,1,2.259187,2.259187,1,1,0.35449934,0.35449934,1,1,0.31216351,0.31216351,1,1,1.0117091,1.0117091,1,1,1.3828276,1.3828276,1,1,1.0753463,1.0753463,1,1,0.95621262,0.95621262
experiment_0a_best,file,16,,6388,110.Geococcyx/Geococcyx_0107_104534.jpg,110,109,110.Geococcyx,65,64,horizontal_flip,horizontal_flip,0,"{""flipped"":true}",0.013575142,0.014284031,0.00070888828,0.98651659,0.98581749,0.0017405183,0.00061424944,0.98477608,0.98520324,0.00042716594,0.76253867,1.0377952,2.2868309,2.3732621,False,0.96546668,True,True,True,0.76253867,1.0377952,2.2868309,2.3732621,0.75781902,1.0379841,2.259187,2.3450001,0.95571173,1.0300931,0.35449934,0.36516734,0.68511802,0.96608309,0.31216351,0.30157589,0.70576131,1.0606671,1.0117091,1.0730865,0.82829254,0.99130381,1.3828276,1.3708023,0.72170818,1.0234186,1.0753463,1.1005294,0.73582168,1.1294071,0.95621262,1.0799533
experiment_0a_best,file,16,,6388,110.Geococcyx/Geococcyx_0107_104534.jpg,110,109,110.Geococcyx,65,64,color_jitter,color_jitter,0,"{""brightness"":0.735807,""contrast"":0.789395,""hue"":-0.088327,""saturation"":0.910334}",0.013575142,0.1593813,0.14580616,0.98651659,0.85267115,0.0017405183,0.0080763781,0.98477608,0.84459477,-0.14018131,0.6938945,11.884001,2.2868309,27.176701,False,0.91422969,True,True,True,0.6938945,11.884001,2.2868309,27.176701,0.68965162,11.925531,2.259187,26.942005,0.90823948,10.053356,0.35449934,3.5639082,0.4479238,15.08127,0.31216351,4.7078221,0.55538627,14.064282,1.0117091,14.228962,0.76513702,11.476958,1.3828276,15.870655,0.70977214,11.405604,1.0753463,12.264974,0.75389417,10.402213,0.95621262,9.9467274
experiment_0a_best,file,16,,6388,110.Geococcyx/Geococcyx_0107_104534.jpg,110,109,110.Geococcyx,65,64,rotation,rotation,0,"{""angle"":-9.451384}",0.013575142,0.12983388,0.11625873,0.98651659,0.8782413,0.0017405183,0.0032219554,0.98477608,0.87501935,-0.10975673,0.60058646,7.4953898,2.2868309,17.140689,False,0.94007742,True,True,True,0.60058646,7.4953898,2.2868309,17.140689,0.59128132,7.4528322,2.259187,16.837341,0.92269336,9.0563652,0.35449934,3.2104755,0.37273302,7.579354,0.31216351,2.3659977,0.48633515,6.0736343,1.0117091,6.1447511,0.54901093,7.1676203,1.3828276,9.9115832,0.66324254,7.9721412,1.0753463,8.5728123,0.70224589,8.649631,0.95621262,8.2708863
experiment_0a_best,file,16,,6388,110.Geococcyx/Geococcyx_0107_104534.jpg,110,109,110.Geococcyx,65,64,random_resized_crop,random_resized_crop,0,"{""area_fraction"":0.71338,""aspect"":1.159082,""fallback"":false,""height"":0.784519,""left"":0.029508,""top"":0.160117,""width"":0.909322}",0.013575142,0.018718034,0.0051428918,0.98651659,0.98145604,0.0017405183,0.00027870163,0.98477608,0.98117734,-0.0035987369,0.5250521,1.0252176,2.2868309,2.3444993,False,0.9394474,True,True,True,0.5250521,1.0252176,2.2868309,2.3444993,0.512462,1.0138102,2.259187,2.2903869,0.92017615,1.4127087,0.35449934,0.5008043,0.067833361,1.084827,0.31216351,0.3386434,0.3587412,0.93905794,1.0117091,0.95005347,0.44400216,0.89515825,1.3828276,1.2378495,0.57359447,1.0378148,1.0753463,1.1160103,0.73914526,1.2596659,0.95621262,1.2045085
experiment_0a_best,file,16,,6388,110.Geococcyx/Geococcyx_0107_104534.jpg,110,109,110.Geococcyx,65,64,gaussian_blur,gaussian_blur,0,"{""sigma"":1.944216}",0.013575142,2.9691863,2.9556112,0.98651659,0.05134508,0.0017405183,0.0015257741,0.98477608,0.049819306,-0.93495677,0.20446732,66.494701,2.2868309,152.06214,False,0.65580952,False,True,False,0.20446732,66.494701,2.2868309,152.06214,0.19397404,66.492292,2.259187,150.21852,0.62999822,66.592442,0.35449934,23.606977,0.22568255,95.642698,0.31216351,29.85616,-0.028545948,70.559389,1.0117091,71.385576,0.1968708,68.444563,1.3828276,94.647031,0.29482679,59.054148,1.0753463,63.503658,0.34724274,62.63885,0.95621262,59.896058
experiment_0a_best,file,16,,6388,110.Geococcyx/Geococcyx_0107_104534.jpg,110,109,110.Geococcyx,65,64,random_erasing,random_erasing,0,"{""area_fraction"":0.179874,""erased"":true,""height"":0.508421,""left"":0.506738,""top"":0.461931,""width"":0.353789}",0.013575142,0.97584736,0.96227222,0.98651659,0.37687287,0.0017405183,0.0080132727,0.98477608,0.36885959,-0.61591648,0.68829122,33.932116,2.2868309,77.597012,False,0.89003217,True,True,True,0.68829122,33.932116,2.2868309,77.597012,0.68300083,33.783176,2.259187,76.322511,0.88022935,39.509492,0.35449934,14.006089,0.60346,28.746624,0.31216351,8.9736469,0.60351239,31.584672,1.0117091,31.9545,0.7261107,30.187043,1.3828276,41.743477,0.68865059,34.781793,1.0753463,37.402472,0.7087076,41.596343,0.95621262,39.774948
experiment_0a_best,file,16,,5211,090.Red_breasted_Merganser/Red_Breasted_Merganser_0081_79396.jpg,90,89,090.Red_breasted_Merganser,25,24,identity,identity,0,{},0.0009958552,0.0009958552,0,0.99900466,0.99900466,0.00011877759,0.00011877759,0.99888588,0.99888588,0,1,1,0.13518698,0.13518698,False,1,True,True,True,1,1,0.13518698,0.13518698,1,1,0.13220683,0.13220683,1,1,0.028228939,0.028228939,1,1,0.026766314,0.026766314,1,1,0.046102911,0.046102911,1,1,0.062730336,0.062730336,1,1,0.065826594,0.065826594,1,1,0.079802856,0.079802856
experiment_0a_best,file,16,,5211,090.Red_breasted_Merganser/Red_Breasted_Merganser_0081_79396.jpg,90,89,090.Red_breasted_Merganser,25,24,horizontal_flip,horizontal_flip,0,"{""flipped"":true}",0.0009958552,0.00078087352,-0.00021498167,0.99900466,0.99921942,0.00011877759,0.00015555657,0.99888588,0.99906386,0.00017797655,0.63807873,0.76464978,0.13518698,0.10337069,False,0.98381615,True,True,True,0.63807873,0.76464978,0.13518698,0.10337069,0.62167139,0.762569,0.13220683,0.10081683,0.97838764,0.80894462,0.028228939,0.022835649,0.45357667,0.65928357,0.026766314,0.017646591,0.47061778,0.84706836,0.046102911,0.039052317,0.56293944,0.73139108,0.062730336,0.045880408,0.55792428,0.73051369,0.065826594,0.048087228,0.76916145,0.78357123,0.079802856,0.062531223
experiment_0a_best,file,16,,5211,090.Red_breasted_Merganser/Red_Breasted_Merganser_0081_79396.jpg,90,89,090.Red_breasted_Merganser,25,24,color_jitter,color_jitter,0,"{""brightness"":0.692614,""contrast"":1.335003,""hue"":0.04763,""saturation"":1.257185}",0.0009958552,0.26587886,0.264883,0.99900466,0.766532,0.00011877759,0.0075759436,0.99888588,0.75895606,-0.23992982,0.39111739,279.52776,0.13518698,37.788513,False,0.84600914,True,True,True,0.39111739,279.52776,0.13518698,37.788513,0.37920379,283.0526,0.13220683,37.421486,0.82234686,186.11945,0.028228939,5.2539547,0.25293255,346.47093,0.026766314,9.2737497,0.13143459,367.17099,0.046102911,16.927651,0.30580503,322.45802,0.062730336,20.2279,0.42390666,276.86693,0.065826594,18.225207,0.6027062,212.09924,0.079802856,16.926125
experiment_0a_best,file,16,,5211,090.Red_breasted_Merganser/Red_Breasted_Merganser_0081_79396.jpg,90,89,090.Red_breasted_Merganser,25,24,rotation,rotation,0,"{""angle"":-12.263558}",0.0009958552,0.0027393694,0.0017435142,0.99900466,0.99726439,0.00011877759,0.0002313357,0.99888588,0.99703305,-0.0018528349,0.62615102,2.8709481,0.13518698,0.38811479,False,0.94528997,True,True,True,0.62615102,2.8709481,0.13518698,0.38811479,0.61241812,2.8728226,0.13220683,0.37980677,0.93204794,2.8295189,0.028228939,0.079874317,0.36463987,2.76397,0.026766314,0.07398129,0.52099239,3.2456641,0.046102911,0.14963456,0.48744943,2.9008146,0.062730336,0.18196908,0.6352358,2.9517498,0.065826594,0.19430364,0.74859032,2.6735976,0.079802856,0.21336072
experiment_0a_best,file,16,,5211,090.Red_breasted_Merganser/Red_Breasted_Merganser_0081_79396.jpg,90,89,090.Red_breasted_Merganser,25,24,random_resized_crop,random_resized_crop,0,"{""area_fraction"":0.877207,""aspect"":1.00423,""fallback"":false,""height"":0.934619,""left"":0.048777,""top"":0.032366,""width"":0.938572}",0.0009958552,0.00090462761,-9.1227586e-05,0.99900466,0.9990958,0.00011877759,6.5513173e-05,0.99888588,0.99903028,0.00014439991,0.74148219,0.86240979,0.13518698,0.11658657,False,0.97745597,True,True,True,0.74148219,0.86240979,0.13518698,0.11658657,0.73021407,0.85818084,0.13220683,0.11345737,0.96832767,0.95044664,0.028228939,0.026830101,0.78508388,1.2032852,0.026766314,0.03220751,0.57636109,0.88096591,0.046102911,0.040615093,0.64367418,0.81024161,0.062730336,0.050826728,0.69554575,0.82374397,0.065826594,0.05422426,0.85561129,0.85559743,0.079802856,0.068279118
experiment_0a_best,file,16,,5211,090.Red_breasted_Merganser/Red_Breasted_Merganser_0081_79396.jpg,90,89,090.Red_breasted_Merganser,25,24,gaussian_blur,gaussian_blur,0,"{""sigma"":1.84761}",0.0009958552,0.065410025,0.06441417,0.99900466,0.9366833,0.00011877759,0.0010549244,0.99888588,0.93562837,-0.063257512,0.26396595,118.32428,0.13518698,15.995901,False,0.83009708,True,True,True,0.26396595,118.32428,0.13518698,15.995901,0.25118108,120.00382,0.13220683,15.865325,0.76342215,72.255203,0.028228939,2.0396878,0.26770776,182.88421,0.026766314,4.8951362,0.016128864,164.6139,0.046102911,7.5891799,0.16306515,152.98584,0.062730336,9.5968532,0.32429319,104.32576,0.065826594,6.8674095,0.54419321,69.64466,0.079802856,5.5578428
experiment_0a_best,file,16,,5211,090.Red_breasted_Merganser/Red_Breasted_Merganser_0081_79396.jpg,90,89,090.Red_breasted_Merganser,25,24,random_erasing,random_erasing,0,"{""area_fraction"":0.086478,""erased"":true,""height"":0.245297,""left"":0.177003,""top"":0.180737,""width"":0.352544}",0.0009958552,0.0024631657,0.0014673105,0.99900466,0.99753988,0.00011877759,0.00019648708,0.99888588,0.99734339,-0.0015424936,0.8735672,2.410193,0.13518698,0.3258267,False,0.99067557,True,True,True,0.8735672,2.410193,0.13518698,0.3258267,0.86838464,2.4122207,0.13220683,0.31891204,0.98965912,2.3652801,0.028228939,0.066769348,0.77691003,2.1012532,0.026766314,0.056242802,0.82219199,2.5543752,0.046102911,0.11776413,0.85023564,2.4640305,0.062730336,0.15456946,0.85634526,2.400709,0.065826594,0.1580305,0.91565612,2.371215,0.079802856,0.18922973
experiment_0a_best,file,16,,7367,126.Nelson_Sharp_tailed_Sparrow/Nelson_Sharp_Tailed_Sparrow_0074_796901.jpg,126,125,126.Nelson_Sharp_tailed_Sparrow,128,127,identity,identity,0,{},3.5150993,3.5150993,0,0.02974485,0.02974485,0.94015139,0.94015139,-0.91040654,-0.91040654,0,1,1,218.1188,218.1188,False,1.0000001,True,False,False,1,1,218.1188,218.1188,1,1,213.63528,213.63528,1,1,43.997456,43.997456,1,1,36.833053,36.833053,1,1,98.495841,98.495841,1,1,125.02419,125.02419,1,1,101.50282,101.50282,1,1,92.994949,92.994949
experiment_0a_best,file,16,,7367,126.Nelson_Sharp_tailed_Sparrow/Nelson_Sharp_Tailed_Sparrow_0074_796901.jpg,126,125,126.Nelson_Sharp_tailed_Sparrow,128,127,horizontal_flip,horizontal_flip,0,"{""flipped"":true}",3.5150993,3.4095368,-0.10556245,0.02974485,0.033056505,0.94015139,0.83288491,-0.91040654,-0.7998284,0.11057814,0.81351997,0.84335093,218.1188,183.95069,False,0.96700966,True,False,False,0.81351997,0.84335093,218.1188,183.95069,0.80654559,0.83856398,213.63528,179.14685,0.96475488,0.94924506,43.997456,41.764367,0.78359914,0.89335602,36.833053,32.90503,0.80471241,0.86283822,98.495841,84.985976,0.81802694,0.82128872,125.02419,102.68096,0.77503267,0.82928268,101.50282,84.174527,0.83018152,0.84394406,92.994949,78.482534
experiment_0a_best,file,16,,7367,126.Nelson_Sharp_tailed_Sparrow/Nelson_Sharp_Tailed_Sparrow_0074_796901.jpg,126,125,126.Nelson_Sharp_tailed_Sparrow,128,127,color_jitter,color_jitter,0,"{""brightness"":1.243766,""contrast"":1.050318,""hue"":-0.069495,""saturation"":0.733363}",3.5150993,2.7526283,-0.76247096,0.02974485,0.06376005,0.94015139,0.2350131,-0.91040654,-0.17125305,0.7391535,0.46151352,0.82758285,218.1188,180.51138,False,0.90710878,True,False,False,0.46151352,0.82758285,218.1188,180.51138,0.45264793,0.83545189,213.63528,178.482,0.76767077,0.61347517,43.997456,26.991346,0.1868909,0.73819783,36.833053,27.19008,0.30879088,0.78500908,98.495841,77.32013,0.4613716,0.81728179,125.02419,102.17999,0.53048188,0.92326339,101.50282,93.713833,0.52859069,0.82702998,92.994949,76.909611
experiment_0a_best,file,16,,7367,126.Nelson_Sharp_tailed_Sparrow/Nelson_Sharp_Tailed_Sparrow_0074_796901.jpg,126,125,126.Nelson_Sharp_tailed_Sparrow,128,127,rotation,rotation,0,"{""angle"":-0.534034}",3.5150993,2.6271636,-0.88793564,0.02974485,0.072283186,0.94015139,0.80300254,-0.91040654,-0.73071935,0.17968719,0.90885982,0.88664279,218.1188,193.39346,False,0.98653173,True,False,False,0.90885982,0.88664279,218.1188,193.39346,0.90610725,0.88989115,213.63528,190.11215,0.98475223,0.80627314,43.997456,35.473966,0.91268992,0.94669428,36.833053,34.869641,0.88944943,0.90412714,98.495841,89.052763,0.91174996,0.89748642,125.02419,112.20751,0.90104892,0.88530636,101.50282,89.861088,0.92146167,0.85559845,92.994949,79.566333
experiment_0a_best,file,16,,7367,126.Nelson_Sharp_tailed_Sparrow/Nelson_Sharp_Tailed_Sparrow_0074_796901.jpg,126,125,126.Nelson_Sharp_tailed_Sparrow,128,127,random_resized_crop,random_resized_crop,0,"{""area_fraction"":0.65423,""aspect"":0.999634,""fallback"":false,""height"":0.808993,""left"":0.025923,""top"":0.17572,""width"":0.808697}",3.5150993,2.1721306,-1.3429687,0.02974485,0.11393463,0.94015139,0.69082493,-0.91040654,-0.5768903,0.33351625,0.74860894,0.77898782,218.1188,169.91189,False,0.94690382,True,False,False,0.74860894,0.77898782,218.1188,169.91189,0.74099234,0.78063456,213.63528,166.77109,0.93935396,0.73910012,43.997456,32.518525,0.67047446,0.90231735,36.833053,33.235103,0.67416869,0.83431745,98.495841,82.176799,0.78197321,0.75387598,125.02419,94.252734,0.73944296,0.77431648,101.50282,78.595303,0.76992907,0.75228323,92.994949,69.958541
experiment_0a_best,file,16,,7367,126.Nelson_Sharp_tailed_Sparrow/Nelson_Sharp_Tailed_Sparrow_0074_796901.jpg,126,125,126.Nelson_Sharp_tailed_Sparrow,128,127,gaussian_blur,gaussian_blur,0,"{""sigma"":1.081895}",3.5150993,1.6431137,-1.8719856,0.02974485,0.19337696,0.94015139,0.23697607,-0.91040654,-0.043599114,0.86680743,0.41113191,0.65759747,218.1188,143.43437,False,0.87218899,True,False,False,0.41113191,0.65759747,218.1188,143.43437,0.40040879,0.66298858,213.63528,141.63775,0.7498824,0.51437207,43.997456,22.631062,0.28239509,0.46174456,36.833053,17.007462,0.31143165,0.63433695,98.495841,62.479551,0.34218882,0.71059057,125.02419,88.841011,0.45847676,0.69051232,101.50282,70.088944,0.57510153,0.59514482,92.994949,55.345462
experiment_0a_best,file,16,,7367,126.Nelson_Sharp_tailed_Sparrow/Nelson_Sharp_Tailed_Sparrow_0074_796901.jpg,126,125,126.Nelson_Sharp_tailed_Sparrow,128,127,random_erasing,random_erasing,0,"{""area_fraction"":0.066735,""erased"":true,""height"":0.395615,""left"":0.419033,""top"":0.549208,""width"":0.168686}",3.5150993,4.0007191,0.48561978,0.02974485,0.01830247,0.94015139,0.96532935,-0.91040654,-0.94702688,-0.036620336,0.87848976,1.1546498,218.1188,251.85084,False,0.95049417,True,False,False,0.87848976,1.1546498,218.1188,251.85084,0.87580416,1.1583468,213.63528,247.46376,0.95050687,1.0637688,43.997456,46.803122,0.92774703,1.1526383,36.833053,42.455187,0.8460566,1.1440362,98.495841,112.68281,0.90035415,1.1677183,125.02419,145.99303,0.84626205,1.1427933,101.50282,115.99674,0.8907405,1.1764514,92.994949,109.40404
experiment_0a_best,file,16,,290,006.Least_Auklet/Least_Auklet_0026_795066.jpg,6,5,006.Least_Auklet,120,119,identity,identity,0,{},0.036583595,0.036583595,0,0.96407747,0.96407747,0.012816096,0.012816096,0.95126138,0.95126138,0,1,1,6.8226682,6.8226682,False,1,True,True,True,1,1,6.8226682,6.8226682,1,1,6.7397673,6.7397673,1,1,1.0603482,1.0603482,1,1,1.301711,1.301711,1,1,3.2859764,3.2859764,1,1,3.8944395,3.8944395,1,1,3.1664489,3.1664489,1,1,2.781962,2.781962
experiment_0a_best,file,16,,290,006.Least_Auklet/Least_Auklet_0026_795066.jpg,6,5,006.Least_Auklet,120,119,horizontal_flip,horizontal_flip,0,"{""flipped"":true}",0.036583595,0.0082907556,-0.028292839,0.96407747,0.99174351,0.012816096,0.0030278268,0.95126138,0.98871568,0.037454301,0.76086561,0.21746769,6.8226682,1.4837099,False,0.9611333,True,True,True,0.76086561,0.21746769,6.8226682,1.4837099,0.75556776,0.21683136,6.7397673,1.4613929,0.95721335,0.2417796,1.0603482,0.25637056,0.59996946,0.20151867,1.301711,0.26231908,0.7904143,0.208712,3.2859764,0.6858227,0.79943501,0.21520551,3.8944395,0.83810483,0.69931415,0.21560211,3.1664489,0.68269307,0.73336355,0.23516822,2.781962,0.65422905
experiment_0a_best,file,16,,290,006.Least_Auklet/Least_Auklet_0026_795066.jpg,6,5,006.Least_Auklet,120,119,color_jitter,color_jitter,0,"{""brightness"":0.662184,""contrast"":1.306548,""hue"":-0.0216,""saturation"":0.750981}",0.036583595,0.039317757,0.0027341619,0.96407747,0.96144515,0.012816096,0.0088146217,0.95126138,0.95263053,0.0013691541,0.84157714,1.1560436,6.8226682,7.8873021,False,0.97942758,True,True,True,0.84157714,1.1560436,6.8226682,7.8873021,0.83858528,1.1560676,6.7397673,7.7916266,0.96255584,1.1550746,1.0603482,1.2247812,0.5695021,1.0736145,1.301711,1.3975359,0.82075503,1.1488762,3.2859764,3.77518,0.86699414,1.2156887,3.8944395,4.7344261,0.84297061,1.1250273,3.1664489,3.5623415,0.85887659,1.1020372,2.781962,3.0658257
experiment_0a_best,file,16,,290,006.Least_Auklet/Least_Auklet_0026_795066.jpg,6,5,006.Least_Auklet,120,119,rotation,rotation,0,"{""angle"":-6.366214}",0.036583595,0.85702354,0.82043994,0.96407747,0.42442349,0.012816096,0.099703796,0.95126138,0.32471969,-0.62654169,0.81296248,22.933325,6.8226682,156.46647,False,0.93913704,True,True,True,0.81296248,22.933325,6.8226682,156.46647,0.81247107,23.078934,6.7397673,155.54664,0.89627802,15.97684,1.0603482,16.941013,0.80569192,26.923199,1.301711,35.046226,0.82603031,22.396721,3.2859764,73.595099,0.84458903,24.418326,3.8944395,95.095694,0.77343402,22.849855,3.1664489,72.352899,0.78708001,20.561996,2.781962,57.202693
experiment_0a_best,file,16,,290,006.Least_Auklet/Least_Auklet_0026_795066.jpg,6,5,006.Least_Auklet,120,119,random_resized_crop,random_resized_crop,0,"{""area_fraction"":0.649353,""aspect"":1.047842,""fallback"":false,""height"":0.787213,""left"":0.125622,""top"":0.151153,""width"":0.824875}",0.036583595,0.0815631,0.044979505,0.96407747,0.92167455,0.012816096,0.0079267845,0.95126138,0.91374777,-0.037513612,0.75939772,2.3519622,6.8226682,16.046657,False,0.94543308,True,True,True,0.75939772,2.3519622,6.8226682,16.046657,0.75620571,2.3578672,6.7397673,15.891476,0.90923245,2.0995481,1.0603482,2.226252,0.67809052,2.3908583,1.301711,3.1122067,0.77970109,2.5114302,3.2859764,8.2525004,0.77365875,2.3101321,3.8944395,8.9966696,0.73100527,2.2739186,3.1664489,7.2002471,0.73963878,2.328609,2.781962,6.4781016
experiment_0a_best,file,16,,290,006.Least_Auklet/Least_Auklet_0026_795066.jpg,6,5,006.Least_Auklet,120,119,gaussian_blur,gaussian_blur,0,"{""sigma"":1.83898}",0.036583595,1.1677066,1.131123,0.96407747,0.31107953,0.012816096,0.01103998,0.95126138,0.30003955,-0.65122182,0.46961647,27.615509,6.8226682,188.41145,False,0.85031563,False,True,False,0.46961647,27.615509,6.8226682,188.41145,0.46579725,27.742666,6.7397673,186.97911,0.6784618,21.868382,1.0603482,23.188098,0.22098287,38.151772,1.301711,49.662583,0.38882679,26.404028,3.2859764,86.763013,0.53044406,27.023318,3.8944395,105.24068,0.46879037,28.777244,3.1664489,91.12167,0.52504016,26.871147,2.781962,74.75451
experiment_0a_best,file,16,,290,006.Least_Auklet/Least_Auklet_0026_795066.jpg,6,5,006.Least_Auklet,120,119,random_erasing,random_erasing,0,"{""area_fraction"":0.177175,""erased"":true,""height"":0.676281,""left"":0.10315,""top"":0.300039,""width"":0.261984}",0.036583595,0.47246355,0.43587995,0.96407747,0.62346447,0.012816096,0.016406912,0.95126138,0.60705755,-0.34420382,0.73245752,10.074691,6.8226682,68.736274,False,0.92656076,True,True,True,0.73245752,10.074691,6.8226682,68.736274,0.72925688,10.091286,6.7397673,68.012922,0.87349175,9.3796987,1.0603482,9.9457463,0.46582572,10.930833,1.301711,14.228786,0.7841753,9.9463025,3.2859764,32.683315,0.75853043,9.9316814,3.8944395,38.678332,0.68648148,10.149964,3.1664489,32.139342,0.71684548,10.33185,2.781962,28.742815
experiment_0a_best,file,16,,8666,148.Green_tailed_Towhee/Green_Tailed_Towhee_0064_154771.jpg,148,147,148.Green_tailed_Towhee,114,113,identity,identity,0,{},0.021754567,0.021754567,0,0.97848034,0.97848034,0.0058218031,0.0058218031,0.97265854,0.97265854,0,1,1,3.6966285,3.6966285,False,1,True,True,True,1,1,3.6966285,3.6966285,1,1,3.6369381,3.6369381,1,1,0.6616217,0.6616217,1,1,0.69190001,0.69190001,1,1,1.6277674,1.6277674,1,1,2.0423087,2.0423087,1,1,1.7482807,1.7482807,1,1,1.6945371,1.6945371
experiment_0a_best,file,16,,8666,148.Green_tailed_Towhee/Green_Tailed_Towhee_0064_154771.jpg,148,147,148.Green_tailed_Towhee,114,113,horizontal_flip,horizontal_flip,0,"{""flipped"":true}",0.021754567,0.019744873,-0.0020096935,0.97848034,0.98044878,0.0058218031,0.0010181218,0.97265854,0.97943066,0.0067721247,0.63875086,0.87763972,3.6966285,3.244308,False,0.96080643,True,True,True,0.63875086,0.87763972,3.6966285,3.244308,0.62937344,0.87853014,3.6369381,3.1951597,0.93184877,0.8502942,0.6616217,0.5625731,0.63829216,1.0691905,0.69190001,0.73977294,0.6382863,0.9001884,1.6277674,1.4652974,0.600123,0.80573549,2.0423087,1.6455606,0.60038995,0.86614687,1.7482807,1.5142679,0.69165431,0.93565345,1.6945371,1.5854995
experiment_0a_best,file,16,,8666,148.Green_tailed_Towhee/Green_Tailed_Towhee_0064_154771.jpg,148,147,148.Green_tailed_Towhee,114,113,color_jitter,color_jitter,0,"{""brightness"":0.809038,""contrast"":0.848749,""hue"":-0.018586,""saturation"":1.224494}",0.021754567,0.0027738451,-0.018980721,0.97848034,0.99722999,0.0058218031,0.00020148844,0.97265854,0.9970285,0.024369969,0.82138681,0.12462204,3.6966285,0.46068137,False,0.97712576,True,True,True,0.82138681,0.12462204,3.6966285,0.46068137,0.81677369,0.12414711,3.6369381,0.45151535,0.95116436,0.13820538,0.6616217,0.091439677,0.72618518,0.12578382,0.69190001,0.087029823,0.7308434,0.12368973,1.6277674,0.20133811,0.83218594,0.11900682,2.0423087,0.24304866,0.83234165,0.12241784,1.7482807,0.21402076,0.8724983,0.13311014,1.6945371,0.22556008
experiment_0a_best,file,16,,8666,148.Green_tailed_Towhee/Green_Tailed_Towhee_0064_154771.jpg,148,147,148.Green_tailed_Towhee,114,113,rotation,rotation,0,"{""angle"":7.028396}",0.021754567,0.060440715,0.038686149,0.97848034,0.94134957,0.0058218031,0.0054926965,0.97265854,0.93585687,-0.036801666,0.73275871,2.5049113,3.6966285,9.2597264,False,0.96725273,True,True,True,0.73275871,2.5049113,3.6966285,9.2597264,0.72566912,2.4953899,3.6369381,9.0755784,0.92929311,2.7772684,0.6616217,1.8375011,0.64068057,2.4615595,0.69190001,1.703153,0.65620615,2.3009362,1.6277674,3.745389,0.75319443,2.5158096,2.0423087,5.1380598,0.71530433,2.5678356,1.7482807,4.4892975,0.77121357,2.5644602,1.6945371,4.345573
experiment_0a_best,file,16,,8666,148.Green_tailed_Towhee/Green_Tailed_Towhee_0064_154771.jpg,148,147,148.Green_tailed_Towhee,114,113,random_resized_crop,random_resized_crop,0,"{""area_fraction"":0.640822,""aspect"":1.200083,""fallback"":false,""height"":0.73074,""left"":0.021258,""top"":0.026548,""width"":0.876949}",0.021754567,0.10300303,0.081248458,0.97848034,0.90212423,0.0058218031,0.010125821,0.97265854,0.8919984,-0.080660131,0.51510155,5.3535541,3.6966285,19.7901,False,0.94992524,True,True,True,0.51510155,5.3535541,3.6966285,19.7901,0.50412022,5.3484288,3.6369381,19.451904,0.83762904,5.5061773,0.6616217,3.6430064,0.20080432,4.6660014,0.69190001,3.2284064,0.3599169,5.7828983,1.6277674,9.4132134,0.52013526,5.845284,2.0423087,11.937874,0.56502018,5.0335958,1.7482807,8.8001386,0.63761412,4.5478482,1.6945371,7.7064977
experiment_0a_best,file,16,,8666,148.Green_tailed_Towhee/Green_Tailed_Towhee_0064_154771.jpg,148,147,148.Green_tailed_Towhee,114,113,gaussian_blur,gaussian_blur,0,"{""sigma"":1.296788}",0.021754567,1.2941809,1.2724263,0.97848034,0.27412233,0.0058218031,0.23365733,0.97265854,0.040464997,-0.93219354,0.6246089,34.530508,3.6966285,127.64646,False,0.89076793,True,True,True,0.6246089,34.530508,3.6966285,127.64646,0.61669161,34.607088,3.6369381,125.86384,0.88395769,32.130502,0.6616217,21.258237,0.40088042,45.301267,0.69190001,31.343947,0.48290542,33.208197,1.6277674,54.055221,0.6729929,36.30627,2.0423087,74.14861,0.64615366,35.738604,1.7482807,62.481112,0.68696878,29.714697,1.6945371,50.352657
experiment_0a_best,file,16,,8666,148.Green_tailed_Towhee/Green_Tailed_Towhee_0064_154771.jpg,148,147,148.Green_tailed_Towhee,114,113,random_erasing,random_erasing,0,"{""area_fraction"":0.182249,""erased"":true,""height"":0.295922,""left"":0.304748,""top"":0.583861,""width"":0.615866}",0.021754567,0.047862466,0.0261079,0.97848034,0.95326489,0.0058218031,0.0091273608,0.97265854,0.94413753,-0.028521005,0.89806147,2.338851,3.6966285,8.6458632,False,0.97338051,True,True,True,0.89806147,2.338851,3.6966285,8.6458632,0.89602047,2.344586,3.6369381,8.527114,0.96804043,2.1583822,0.6616217,1.4280325,0.91364862,2.3672768,0.69190001,1.6379189,0.88646234,2.3921694,1.6277674,3.8938954,0.91780455,2.3759565,2.0423087,4.8524365,0.88595119,2.3559918,1.7482807,4.118935,0.88134332,2.2358676,1.6945371,3.7887607
experiment_0a_best,file,16,,5144,088.Western_Meadowlark/Western_Meadowlark_0069_78587.jpg,88,87,088.Western_Meadowlark,122,121,identity,identity,0,{},3.7616849,3.7616849,0,0.023244539,0.023244539,0.48300028,0.48300028,-0.45975574,-0.45975574,0,1,1,246.84931,246.84931,False,1.0000001,True,False,False,1,1,246.84931,246.84931,1,1,244.20476,244.20476,1,1,36.036338,36.036338,1,1,67.610114,67.610114,1,1,121.28113,121.28113,1,1,137.29613,137.29613,1,1,110.48107,110.48107,1,1,96.433555,96.433555
experiment_0a_best,file,16,,5144,088.Western_Meadowlark/Western_Meadowlark_0069_78587.jpg,88,87,088.Western_Meadowlark,122,121,horizontal_flip,horizontal_flip,0,"{""flipped"":true}",3.7616849,2.6177652,-1.1439197,0.023244539,0.072965741,0.48300028,0.1082081,-0.45975574,-0.035242356,0.42451338,0.67803368,0.6307511,246.84931,155.70048,False,0.9557941,False,False,False,0.67803368,0.6307511,246.84931,155.70048,0.67347232,0.62075018,244.20476,151.59015,0.88124547,0.98621611,36.036338,35.539617,0.77080805,0.45322322,67.610114,30.642474,0.62056857,0.57213131,121.28113,69.388733,0.65465847,0.61499353,137.29613,84.436233,0.68445049,0.62797953,110.48107,69.379852,0.75277421,0.75370758,96.433555,72.682701
experiment_0a_best,file,16,,5144,088.Western_Meadowlark/Western_Meadowlark_0069_78587.jpg,88,87,088.Western_Meadowlark,122,121,color_jitter,color_jitter,0,"{""brightness"":0.791624,""contrast"":1.274085,""hue"":0.098883,""saturation"":1.253763}",3.7616849,4.3415256,0.57984066,0.023244539,0.013016656,0.48300028,0.0011236211,-0.45975574,0.011893035,0.47164877,0.25088892,0.6139141,246.84931,151.54428,False,0.77835095,False,False,False,0.25088892,0.6139141,246.84931,151.54428,0.2381512,0.60337958,244.20476,147.34817,0.6393777,0.98274326,36.036338,35.414468,-0.013694757,0.41319693,67.610114,27.936292,0.30584932,0.42729749,121.28113,51.823123,0.20960688,0.55802192,137.29613,76.614251,0.25018907,0.65366201,110.48107,72.21728,0.3029363,0.87748234,96.433555,84.618741
experiment_0a_best,file,16,,5144,088.Western_Meadowlark/Western_Meadowlark_0069_78587.jpg,88,87,088.Western_Meadowlark,122,121,rotation,rotation,0,"{""angle"":-11.980959}",3.7616849,2.7986217,-0.96306324,0.023244539,0.060893942,0.48300028,0.066001512,-0.45975574,-0.0051075704,0.45464817,0.73209566,0.61300493,246.84931,151.31985,False,0.91945386,False,False,False,0.73209566,0.61300493,246.84931,151.31985,0.73095466,0.60588199,244.20476,147.95927,0.81813674,0.88004447,36.036338,31.71358,0.83834091,0.52947855,67.610114,35.798105,0.75083825,0.56900858,121.28113,69.010005,0.76607781,0.6172456,137.29613,84.745434,0.67811325,0.58922932,110.48107,65.098687,0.67119233,0.69007582,96.433555,66.546464
experiment_0a_best,file,16,,5144,088.Western_Meadowlark/Western_Meadowlark_0069_78587.jpg,88,87,088.Western_Meadowlark,122,121,random_resized_crop,random_resized_crop,0,"{""area_fraction"":0.549307,""aspect"":0.942449,""fallback"":false,""height"":0.763447,""left"":0.27066,""top"":0.013168,""width"":0.719509}",3.7616849,4.2909813,0.5292964,0.023244539,0.01369148,0.48300028,0.063383654,-0.45975574,-0.049692173,0.41006357,0.4886907,0.68787763,246.84931,169.80212,False,0.90234184,False,False,False,0.4886907,0.68787763,246.84931,169.80212,0.48064251,0.67965088,244.20476,165.97398,0.77593881,0.99489694,36.036338,35.852442,0.38684452,0.40835353,67.610114,27.608829,0.47868879,0.48003128,121.28113,58.218738,0.56495922,0.72380809,137.29613,99.376051,0.41518005,0.75155502,110.48107,83.032605,0.49203561,0.84408677,96.433555,81.398287
experiment_0a_best,file,16,,5144,088.Western_Meadowlark/Western_Meadowlark_0069_78587.jpg,88,87,088.Western_Meadowlark,122,121,gaussian_blur,gaussian_blur,0,"{""sigma"":1.064194}",3.7616849,3.3996706,-0.36201429,0.023244539,0.03338426,0.48300028,0.099778518,-0.45975574,-0.066394258,0.39336148,0.63846387,0.50989644,246.84931,125.86759,False,0.96024096,False,False,False,0.63846387,0.50989644,246.84931,125.86759,0.63470544,0.49671933,244.20476,121.30123,0.85558438,0.93226901,36.036338,33.595561,0.36344149,0.41422852,67.610114,28.006038,0.67771372,0.3891378,121.28113,47.195073,0.64263161,0.46799626,137.29613,64.254077,0.64564871,0.52711707,110.48107,58.236459,0.70727664,0.6706167,96.433555,64.669953
experiment_0a_best,file,16,,5144,088.Western_Meadowlark/Western_Meadowlark_0069_78587.jpg,88,87,088.Western_Meadowlark,122,121,random_erasing,random_erasing,0,"{""area_fraction"":0.198571,""erased"":true,""height"":0.370745,""left"":0.3594,""top"":0.295862,""width"":0.5356}",3.7616849,5.0366049,1.27492,0.023244539,0.0064957663,0.48300028,0.5623703,-0.45975574,-0.55587453,-0.096118795,0.79343448,0.89188024,246.84931,220.16003,False,0.93229568,True,False,False,0.79343448,0.89188024,246.84931,220.16003,0.79033045,0.88586527,244.20476,216.33252,0.9284525,1.1342423,36.036338,40.873939,0.92464315,0.86564111,67.610114,58.526094,0.71330768,0.78580003,121.28113,95.302717,0.81137603,0.82624453,137.29613,113.44018,0.80705678,0.94242051,110.48107,104.11963,0.7992179,1.0667468,96.433555,102.87019
experiment_0a_best,file,16,,3275,057.Rose_breasted_Grosbeak/Rose_Breasted_Grosbeak_0017_39161.jpg,57,56,057.Rose_breasted_Grosbeak,68,67,identity,identity,0,{},0.31807983,0.31807983,0,0.72754472,0.72754472,0.083929442,0.083929442,0.64361528,0.64361528,0,1,1,54.392343,54.392343,False,1,True,True,True,1,1,54.392343,54.392343,1,1,53.845762,53.845762,1,1,7.6916118,7.6916118,1,1,15.454519,15.454519,1,1,23.85182,23.85182,1,1,26.981912,26.981912,1,1,28.101639,28.101639,1,1,23.955979,23.955979
experiment_0a_best,file,16,,3275,057.Rose_breasted_Grosbeak/Rose_Breasted_Grosbeak_0017_39161.jpg,57,56,057.Rose_breasted_Grosbeak,68,67,horizontal_flip,horizontal_flip,0,"{""flipped"":true}",0.31807983,1.1880116,0.86993182,0.72754472,0.30482677,0.083929442,0.27325818,0.64361528,0.031568587,-0.6120467,0.75016507,2.6163197,54.392343,142.30776,False,0.95848793,True,True,True,0.75016507,2.6163197,54.392343,142.30776,0.74614552,2.6175401,53.845762,140.94344,0.95212442,2.5557957,7.6916118,19.658188,0.81573368,2.5347183,15.454519,39.172852,0.72556433,2.6339767,23.85182,62.825138,0.69352728,2.5065853,26.981912,67.632466,0.75001672,2.7098366,28.101639,76.15085,0.7982161,2.6435171,23.955979,63.328038
experiment_0a_best,file,16,,3275,057.Rose_breasted_Grosbeak/Rose_Breasted_Grosbeak_0017_39161.jpg,57,56,057.Rose_breasted_Grosbeak,68,67,color_jitter,color_jitter,0,"{""brightness"":1.271146,""contrast"":1.321371,""hue"":0.031324,""saturation"":0.965167}",0.31807983,2.9975398,2.6794599,0.72754472,0.049909711,0.083929442,0.053853005,0.64361528,-0.0039432943,-0.64755858,0.329401,4.4332687,54.392343,241.13587,False,0.89520419,False,True,False,0.329401,4.4332687,54.392343,241.13587,0.3222464,4.4431946,53.845762,239.2472,0.72981111,3.9161111,7.6916118,30.121207,0.15881301,4.1759234,15.454519,64.536886,0.21650479,4.3530409,23.85182,103.82795,0.24988228,4.9440675,26.981912,133.4004,0.34469075,4.340831,28.101639,121.98446,0.58556898,4.0938376,23.955979,98.071885
experiment_0a_best,file,16,,3275,057.Rose_breasted_Grosbeak/Rose_Breasted_Grosbeak_0017_39161.jpg,57,56,057.Rose_breasted_Grosbeak,68,67,rotation,rotation,0,"{""angle"":3.200788}",0.31807983,0.90795457,0.58987474,0.72754472,0.40334842,0.083929442,0.3172918,0.64361528,0.08605662,-0.55755866,0.81386421,2.3953222,54.392343,130.28719,False,0.95838034,True,True,True,0.81386421,2.3953222,54.392343,130.28719,0.81135829,2.395387,53.845762,128.98144,0.93684159,2.3921454,7.6916118,18.399454,0.88629709,2.1815044,15.454519,33.714101,0.80883934,2.3377357,23.85182,55.759251,0.77223833,2.5154891,26.981912,67.872707,0.81332631,2.4117593,28.101639,67.77439,0.83820003,2.3578107,23.955979,56.483662
experiment_0a_best,file,16,,3275,057.Rose_breasted_Grosbeak/Rose_Breasted_Grosbeak_0017_39161.jpg,57,56,057.Rose_breasted_Grosbeak,68,67,random_resized_crop,random_resized_crop,0,"{""area_fraction"":0.618224,""aspect"":0.86224,""fallback"":false,""height"":0.846757,""left"":0.206728,""top"":0.017644,""width"":0.730108}",0.31807983,0.47813284,0.16005301,0.72754472,0.61993986,0.083929442,0.10213455,0.64361528,0.51780532,-0.12580997,0.720756,1.3882501,54.392343,75.510175,False,0.92863953,True,True,True,0.720756,1.3882501,54.392343,75.510175,0.71659014,1.3874484,53.845762,74.708216,0.91953899,1.4269883,7.6916118,10.97584,0.88753298,1.1388432,15.454519,17.600273,0.74304639,1.1267659,23.85182,26.875417,0.68139256,1.4113987,26.981912,38.082237,0.69360176,1.4877074,28.101639,41.807015,0.738022,1.5344125,23.955979,36.758354
experiment_0a_best,file,16,,3275,057.Rose_breasted_Grosbeak/Rose_Breasted_Grosbeak_0017_39161.jpg,57,56,057.Rose_breasted_Grosbeak,68,67,gaussian_blur,gaussian_blur,0,"{""sigma"":1.453873}",0.31807983,0.75535309,0.43727326,0.72754472,0.4698447,0.083929442,0.10226879,0.64361528,0.36757591,-0.27603938,0.69082954,1.6600046,54.392343,90.291539,False,0.91709232,True,True,True,0.69082954,1.6600046,54.392343,90.291539,0.68593853,1.6544558,53.845762,89.085434,0.9052988,1.9123113,7.6916118,14.708756,0.68277429,1.1297342,15.454519,17.459498,0.63394543,1.5580241,23.85182,37.161711,0.65879888,1.7470944,26.981912,47.139948,0.71551248,1.6755999,28.101639,47.087103,0.74498188,1.7764273,23.955979,42.556054
experiment_0a_best,file,16,,3275,057.Rose_breasted_Grosbeak/Rose_Breasted_Grosbeak_0017_39161.jpg,57,56,057.Rose_breasted_Grosbeak,68,67,random_erasing,random_erasing,0,"{""area_fraction"":0.111122,""erased"":true,""height"":0.368988,""left"":0.33416,""top"":0.61616,""width"":0.301154}",0.31807983,0.57679951,0.25871968,0.72754472,0.56169319,0.083929442,0.09310174,0.64361528,0.46859145,-0.17502383,0.92795398,1.3657792,54.392343,74.287928,False,0.98036993,True,True,True,0.92795398,1.3657792,54.392343,74.287928,0.92698246,1.3640529,53.845762,73.448468,0.97442577,1.4478597,7.6916118,11.136375,0.96989655,1.3440816,15.454519,20.772135,0.92381866,1.2928097,23.85182,30.835863,0.92254637,1.3570506,26.981912,36.615821,0.92332314,1.3451464,28.101639,37.800819,0.9272135,1.4715452,23.955979,35.252306
experiment_0a_best,file,16,,113,002.Laysan_Albatross/Laysan_Albatross_0029_482.jpg,2,1,002.Laysan_Albatross,45,44,identity,identity,0,{},0.060253404,0.060253404,0,0.94152594,0.94152594,0.027382338,0.027382338,0.9141436,0.9141436,0,1,1,13.387508,13.387508,False,1,True,True,True,1,1,13.387508,13.387508,1,1,13.223403,13.223403,1,1,2.0897349,2.0897349,1,1,3.4131382,3.4131382,1,1,5.8930775,5.8930775,1,1,7.6114379,7.6114379,1,1,6.4455729,6.4455729,1,1,5.3852677,5.3852677
experiment_0a_best,file,16,,113,002.Laysan_Albatross/Laysan_Albatross_0029_482.jpg,2,1,002.Laysan_Albatross,45,44,horizontal_flip,horizontal_flip,0,"{""flipped"":true}",0.060253404,0.12582673,0.065573327,0.94152594,0.88176763,0.027382338,0.030312445,0.9141436,0.85145519,-0.062688412,0.68339061,1.701002,13.387508,22.772177,False,0.97373641,True,True,True,0.68339061,1.701002,13.387508,22.772177,0.6767073,1.6990106,13.223403,22.466701,0.93968031,1.7789084,2.0897349,3.7174469,0.63406847,1.5168643,3.4131382,5.1772675,0.57368539,1.5642954,5.8930775,9.2185139,0.69864073,1.6444276,7.6114379,12.516459,0.6879848,1.7971047,6.4455729,11.583369,0.74868419,1.8766025,5.3852677,10.106007
experiment_0a_best,file,16,,113,002.Laysan_Albatross/Laysan_Albatross_0029_482.jpg,2,1,002.Laysan_Albatross,45,44,color_jitter,color_jitter,0,"{""brightness"":1.13861,""contrast"":1.353499,""hue"":0.01753,""saturation"":0.686924}",0.060253404,0.28132451,0.2210711,0.94152594,0.75478339,0.027382338,0.19003104,0.9141436,0.56475236,-0.34939124,0.84363838,4.4722489,13.387508,59.872268,False,0.97557676,True,True,True,0.84363838,4.4722489,13.387508,59.872268,0.84121207,4.4650053,13.223403,59.042563,0.93650765,4.7532276,2.0897349,9.9329858,0.75278288,5.3533273,3.4131382,18.271646,0.79451702,4.2562474,5.8930775,25.082396,0.88981637,4.141442,7.6114379,31.522328,0.85210105,4.5597929,6.4455729,29.390478,0.84551063,4.7906586,5.3852677,25.798979
experiment_0a_best,file,16,,113,002.Laysan_Albatross/Laysan_Albatross_0029_482.jpg,2,1,002.Laysan_Albatross,45,44,rotation,rotation,0,"{""angle"":12.443523}",0.060253404,0.013283799,-0.046969605,0.94152594,0.98680407,0.027382338,0.0045836871,0.9141436,0.98222038,0.068076783,0.77084353,0.20477978,13.387508,2.741491,False,0.94009662,True,True,True,0.77084353,0.20477978,13.387508,2.741491,0.76679541,0.20458437,13.223403,2.7053015,0.92746365,0.21245662,2.0897349,0.44397801,0.80292842,0.22016893,3.4131382,0.75146699,0.77599584,0.2298814,5.8930775,1.3547089,0.76979691,0.19461158,7.6114379,1.4812739,0.75375791,0.1955368,6.4455729,1.2603467,0.76200077,0.19792266,5.3852677,1.0658665
experiment_0a_best,file,16,,113,002.Laysan_Albatross/Laysan_Albatross_0029_482.jpg,2,1,002.Laysan_Albatross,45,44,random_resized_crop,random_resized_crop,0,"{""area_fraction"":0.678419,""aspect"":0.794327,""fallback"":false,""height"":0.924165,""left"":0.06244,""top"":0.001188,""width"":0.734089}",0.060253404,2.0371015,1.9768481,0.94152594,0.13040614,0.027382338,0.098469116,0.9141436,0.031937025,-0.88220657,0.68262127,13.818295,13.387508,184.99253,False,0.88191223,False,True,False,0.68262127,13.818295,13.387508,184.99253,0.67912662,13.834399,13.223403,182.93784,0.83059165,13.15726,2.0897349,27.495186,0.48978952,13.146411,3.4131382,44.870517,0.70306526,14.69857,5.8930775,86.619811,0.67707344,13.181573,7.6114379,100.33072,0.70763407,13.972803,6.4455729,90.062717,0.68706297,14.108115,5.3852677,75.975979
experiment_0a_best,file,16,,113,002.Laysan_Albatross/Laysan_Albatross_0029_482.jpg,2,1,002.Laysan_Albatross,45,44,gaussian_blur,gaussian_blur,0,"{""sigma"":1.733521}",0.060253404,3.3678174,3.307564,0.94152594,0.03446478,0.027382338,0.63911974,0.9141436,-0.60465496,-1.5187986,0.53468523,14.437395,13.387508,193.28074,False,0.81053257,False,True,False,0.53468523,14.437395,13.387508,193.28074,0.52805762,14.399888,13.223403,190.41552,0.77797997,15.866541,2.0897349,33.156865,0.25473706,17.205114,3.4131382,58.723431,0.44572647,14.531891,5.8930775,85.63756,0.52156142,13.260516,7.6114379,100.9316,0.63111145,14.529919,6.4455729,93.653654,0.62554456,14.991253,5.3852677,80.73191
experiment_0a_best,file,16,,113,002.Laysan_Albatross/Laysan_Albatross_0029_482.jpg,2,1,002.Laysan_Albatross,45,44,random_erasing,random_erasing,0,"{""area_fraction"":0.154387,""erased"":true,""height"":0.503176,""left"":0.020623,""top"":0.144271,""width"":0.306826}",0.060253404,0.3429971,0.2827437,0.94152594,0.70964026,0.027382338,0.13213356,0.9141436,0.57750671,-0.33663689,0.90314716,4.3522624,13.387508,58.265948,False,0.96389884,True,True,True,0.90314716,4.3522624,13.387508,58.265948,0.90164122,4.3504523,13.223403,57.527782,0.96256649,4.4241341,2.0897349,9.2452675,0.75523497,3.4883164,3.4131382,11.906106,0.89256788,4.2757639,5.8930775,25.197408,0.93506826,4.4225634,7.6114379,33.662066,0.90514161,4.4552298,6.4455729,28.716509,0.89476211,4.4527653,5.3852677,23.979333
experiment_0a_best,file,16,,3819,066.Western_Gull/Western_Gull_0094_55156.jpg,66,65,066.Western_Gull,62,61,identity,identity,0,{},0.031347051,0.031347051,0,0.96913916,0.96913916,0.011604465,0.011604465,0.95753469,0.95753469,0,1,1,4.5143186,4.5143186,False,1.0000001,True,True,True,1,1,4.5143186,4.5143186,1,1,4.3389788,4.3389788,1,1,1.2459274,1.2459274,1,1,0.76406894,0.76406894,1,1,2.0543845,2.0543845,1,1,2.1613849,2.1613849,1,1,2.0725041,2.0725041,1,1,2.2484622,2.2484622
experiment_0a_best,file,16,,3819,066.Western_Gull/Western_Gull_0094_55156.jpg,66,65,066.Western_Gull,62,61,horizontal_flip,horizontal_flip,0,"{""flipped"":true}",0.031347051,0.053607155,0.022260103,0.96913916,0.94780439,0.011604465,0.02446389,0.95753469,0.9233405,-0.034194193,0.76032414,1.8706642,4.5143186,8.4447744,False,0.9813168,True,True,True,0.76032414,1.8706642,4.5143186,8.4447744,0.7467946,1.8856508,4.3389788,8.1817991,0.94949582,1.6782866,1.2459274,2.0910232,0.46148232,2.1760927,0.76406894,1.6626849,0.82650045,1.8848189,2.0543845,3.8721427,0.77386097,2.0099675,2.1613849,4.3443135,0.68160343,1.8823903,2.0725041,3.9012615,0.75256377,1.727716,2.2484622,3.884704
experiment_0a_best,file,16,,3819,066.Western_Gull/Western_Gull_0094_55156.jpg,66,65,066.Western_Gull,62,61,color_jitter,color_jitter,0,"{""brightness"":0.68282,""contrast"":0.600696,""hue"":0.010734,""saturation"":0.682312}",0.031347051,0.053276841,0.021929789,0.96913916,0.94811749,0.011604465,0.026132047,0.95753469,0.92198545,-0.035549247,0.60927167,1.9869581,4.5143186,8.9697617,False,0.94485438,True,True,True,0.60927167,1.9869581,4.5143186,8.9697617,0.58978101,2.0056614,4.3389788,8.7025221,0.88663607,1.744231,1.2459274,2.1731852,0.11406269,2.0720459,0.76406894,1.5831859,0.53475388,1.8838454,2.0543845,3.8701427,0.58268917,2.3042972,2.1613849,4.9804733,0.61483428,1.9636655,2.0725041,4.0697047,0.69516604,1.8273586,2.2484622,4.1087466
experiment_0a_best,file,16,,3819,066.Western_Gull/Western_Gull_0094_55156.jpg,66,65,066.Western_Gull,62,61,rotation,rotation,0,"{""angle"":12.335466}",0.031347051,0.094407812,0.06306076,0.96913916,0.90991163,0.011604465,0.010701434,0.95753469,0.8992102,-0.058324495,0.76024143,2.9503362,4.5143186,13.318758,False,0.96461755,True,True,True,0.76024143,2.9503362,4.5143186,13.318758,0.74750809,2.9622991,4.3389788,12.853353,0.92465674,2.8011857,1.2459274,3.4900741,0.50283589,2.9005126,0.76406894,2.2161916,0.82685046,2.8117661,2.0543845,5.7764487,0.76988395,2.9396645,2.1613849,6.3537465,0.69507112,3.1014664,2.0725041,6.4278017,0.74008279,2.9915106,2.2484622,6.7262985
experiment_0a_best,file,16,,3819,066.Western_Gull/Western_Gull_0094_55156.jpg,66,65,066.Western_Gull,62,61,random_resized_crop,random_resized_crop,0,"{""area_fraction"":0.512022,""aspect"":1.268325,""fallback"":false,""height"":0.635373,""left"":0.00687,""top"":0.004585,""width"":0.80586}",0.031347051,2.9987841,2.967437,0.96913916,0.049847651,0.011604465,0.030306421,0.95753469,0.01954123,-0.93799346,0.44728274,34.88907,4.5143186,157.50038,False,0.86670303,False,True,False,0.44728274,34.88907,4.5143186,157.50038,0.43276613,35.793261,4.3389788,155.3062,0.8085745,21.027176,1.2459274,26.198334,0.50166489,70.459345,0.76406894,53.835797,0.47980415,34.359908,2.0543845,70.588462,0.40566291,38.075296,2.1613849,82.295371,0.4085887,35.059888,2.0725041,72.66176,0.46552211,28.777429,2.2484622,64.704961
experiment_0a_best,file,16,,3819,066.Western_Gull/Western_Gull_0094_55156.jpg,66,65,066.Western_Gull,62,61,gaussian_blur,gaussian_blur,0,"{""sigma"":1.982993}",0.031347051,2.2862377,2.2548907,0.96913916,0.10164815,0.011604465,0.75449479,0.95753469,-0.65284663,-1.6103813,0.45380736,45.415545,4.5143186,205.02024,False,0.87070096,False,True,False,0.45380736,45.415545,4.5143186,205.02024,0.43854022,46.482589,4.3389788,201.68697,0.78993095,29.551753,1.2459274,36.819339,0.24594959,60.506405,0.76406894,46.231065,0.46763283,43.029921,2.0543845,88.400003,0.43727017,51.888459,2.1613849,112.15094,0.39762102,47.432926,2.0725041,98.304933,0.49808242,40.965337,2.2484622,92.109012
experiment_0a_best,file,16,,3819,066.Western_Gull/Western_Gull_0094_55156.jpg,66,65,066.Western_Gull,62,61,random_erasing,random_erasing,0,"{""area_fraction"":0.193801,""erased"":true,""height"":0.314656,""left"":0.1592,""top"":0.488144,""width"":0.615913}",0.031347051,1.5875015,1.5561545,0.96913916,0.20443578,0.011604465,0.3962402,0.95753469,-0.19180442,-1.1493391,0.46900622,26.85922,4.5143186,121.25108,False,0.90539563,False,True,False,0.46900622,26.85922,4.5143186,121.25108,0.44461979,27.268291,4.3389788,118.31654,0.86157495,21.280955,1.2459274,26.514524,0.1963108,29.939351,0.76406894,22.875728,0.30461724,29.440967,2.0543845,60.483067,0.49596745,28.274964,2.1613849,61.113082,0.46454798,26.534656,2.0725041,54.993183,0.55102519,24.595207,2.2484622,55.301393
experiment_0a_best,file,16,,9415,161.Blue_winged_Warbler/Blue_Winged_Warbler_0059_162064.jpg,161,160,161.Blue_winged_Warbler,168,167,identity,identity,0,{},4.6715994,4.6715994,0,0.0093572922,0.0093572922,0.17293514,0.17293514,-0.16357785,-0.16357785,0,1,1,157.23534,157.23534,False,0.99999994,True,False,False,1,1,157.23534,157.23534,1,1,154.47331,154.47331,1,1,29.341911,29.341911,1,1,46.658794,46.658794,1,1,73.742253,73.742253,1,1,79.589099,79.589099,1,1,69.056973,69.056973,1,1,71.719945,71.719945
experiment_0a_best,file,16,,9415,161.Blue_winged_Warbler/Blue_Winged_Warbler_0059_162064.jpg,161,160,161.Blue_winged_Warbler,168,167,horizontal_flip,horizontal_flip,0,"{""flipped"":true}",4.6715994,6.1431246,1.4715252,0.0093572922,0.0021482005,0.17293514,0.25104406,-0.16357785,-0.24889586,-0.085318013,0.7120167,1.3777158,157.23534,216.62561,False,0.94893104,True,False,False,0.7120167,1.3777158,157.23534,216.62561,0.70660184,1.3877548,154.47331,214.37108,0.93292836,1.06237,29.341911,31.171967,0.78249483,1.3198292,46.658794,61.581638,0.70453207,1.5289623,73.742253,112.74912,0.74249752,1.4477291,79.589099,115.22346,0.64095753,1.3519799,69.056973,93.36364,0.70255007,1.2040502,71.719945,86.354416
experiment_0a_best,file,16,,9415,161.Blue_winged_Warbler/Blue_Winged_Warbler_0059_162064.jpg,161,160,161.Blue_winged_Warbler,168,167,color_jitter,color_jitter,0,"{""brightness"":1.06335,""contrast"":0.96403,""hue"":-0.005297,""saturation"":1.283635}",4.6715994,3.5421796,-1.1294198,0.0093572922,0.028950157,0.17293514,0.29310623,-0.16357785,-0.26415607,-0.10057822,0.90828411,1.0438292,157.23534,164.12683,False,0.98508281,True,False,False,0.90828411,1.0438292,157.23534,164.12683,0.90604333,1.0452114,154.47331,161.45727,0.97357352,1.0047613,29.341911,29.481618,0.90879686,1.0418336,46.658794,48.6107,0.89561265,1.0649601,73.742253,78.53256,0.90330626,1.0208292,79.589099,81.246873,0.9058525,1.0784503,69.056973,74.474516,0.92099231,1.023712,71.719945,73.420569
experiment_0a_best,file,16,,9415,161.Blue_winged_Warbler/Blue_Winged_Warbler_0059_162064.jpg,161,160,161.Blue_winged_Warbler,168,167,rotation,rotation,0,"{""angle"":-14.383995}",4.6715994,6.1890435,1.5174441,0.0093572922,0.0020517884,0.17293514,0.38872248,-0.16357785,-0.38667069,-0.22309284,0.63910551,1.0935139,157.23534,171.93902,False,0.85973227,True,False,False,0.63910551,1.0935139,157.23534,171.93902,0.63224379,1.0918325,154.47331,168.65898,0.82194273,1.1391273,29.341911,33.424171,0.64521746,1.044888,46.658794,48.753212,0.68071633,1.1314006,73.742253,83.43203,0.62945998,1.0518786,79.589099,83.718069,0.5683076,1.116223,69.056973,77.082982,0.63913125,1.0941196,71.719945,78.470198
experiment_0a_best,file,16,,9415,161.Blue_winged_Warbler/Blue_Winged_Warbler_0059_162064.jpg,161,160,161.Blue_winged_Warbler,168,167,random_resized_crop,random_resized_crop,0,"{""area_fraction"":0.713181,""aspect"":1.103435,""fallback"":false,""height"":0.803945,""left"":0.01847,""top"":0.194745,""width"":0.887101}",4.6715994,6.5171752,1.8455758,0.0093572922,0.0014778379,0.17293514,0.019370634,-0.16357785,-0.017892796,0.14568505,0.64460493,1.7573762,157.23534,276.32164,False,0.87103146,False,False,False,0.64460493,1.7573762,157.23534,276.32164,0.64308163,1.775866,154.47331,274.3239,0.77626004,1.1303602,29.341911,33.166927,0.69011392,2.1423072,46.658794,99.957472,0.71229966,2.1274717,73.742253,156.88455,0.70046,1.7917756,79.589099,142.6058,0.5390199,1.4860241,69.056973,102.62033,0.56698532,1.3790301,71.719945,98.903965
experiment_0a_best,file,16,,9415,161.Blue_winged_Warbler/Blue_Winged_Warbler_0059_162064.jpg,161,160,161.Blue_winged_Warbler,168,167,gaussian_blur,gaussian_blur,0,"{""sigma"":1.40338}",4.6715994,5.6503,0.97870064,0.0093572922,0.003516461,0.17293514,0.16140586,-0.16357785,-0.1578894,0.0056884505,0.58548985,1.0653016,157.23534,167.50306,False,0.863554,False,False,False,0.58548985,1.0653016,157.23534,167.50306,0.5763438,1.062801,154.47331,164.17439,0.82453389,1.1324124,29.341911,33.227143,0.60072532,0.98857019,46.658794,46.125493,0.5835159,0.99321394,73.742253,73.241833,0.57327178,1.143477,79.589099,91.008305,0.48696155,1.0323517,69.056973,71.291083,0.64684354,1.088669,71.719945,78.079279
experiment_0a_best,file,16,,9415,161.Blue_winged_Warbler/Blue_Winged_Warbler_0059_162064.jpg,161,160,161.Blue_winged_Warbler,168,167,random_erasing,random_erasing,0,"{""area_fraction"":0.180939,""erased"":true,""height"":0.487412,""left"":0.281575,""top"":0.322126,""width"":0.371224}",4.6715994,3.9224234,-0.74917603,0.0093572922,0.019793067,0.17293514,0.11672796,-0.16357785,-0.096934889,0.066642962,0.79766601,0.86815928,157.23534,136.50532,False,0.89796948,True,False,False,0.79766601,0.86815928,157.23534,136.50532,0.79436173,0.86666375,154.47331,133.87642,0.88587712,0.90863019,29.341911,26.660947,0.79776425,0.67247547,46.658794,31.376895,0.83105022,0.85162906,73.742253,62.801045,0.84284828,0.93186419,79.589099,74.166232,0.74636998,0.85794506,69.056973,59.247089,0.74716825,0.88002728,71.719945,63.115508
experiment_0a_best,file,16,,1298,024.Red_faced_Cormorant/Red_Faced_Cormorant_0002_796275.jpg,24,23,024.Red_faced_Cormorant,25,24,identity,identity,0,{},0.12542216,0.12542216,0,0.88212442,0.88212442,0.1154804,0.1154804,0.76664402,0.76664402,0,1,1,28.028451,28.028451,False,0.99999994,True,True,True,1,1,28.028451,28.028451,1,1,27.32793,27.32793,1,1,6.2272235,6.2272235,1,1,9.1682564,9.1682564,1,1,11.416684,11.416684,1,1,14.82893,14.82893,1,1,12.891277,12.891277,1,1,12.09694,12.09694
experiment_0a_best,file,16,,1298,024.Red_faced_Cormorant/Red_Faced_Cormorant_0002_796275.jpg,24,23,024.Red_faced_Cormorant,25,24,horizontal_flip,horizontal_flip,0,"{""flipped"":true}",0.12542216,0.039640341,-0.085781824,0.88212442,0.96113503,0.1154804,0.035920199,0.76664402,0.92521483,0.15857081,0.66294177,0.27372254,28.028451,7.6720187,False,0.97351599,True,True,True,0.66294177,0.27372254,28.028451,7.6720187,0.64565024,0.27259979,27.32793,7.449588,0.97305336,0.29451122,6.2272235,1.8339872,0.6230878,0.21624568,9.1682564,1.9825958,0.54919728,0.25685341,11.416684,2.9324143,0.68019293,0.26052492,14.82893,3.8633059,0.59585974,0.29396101,12.891277,3.7895327,0.75215455,0.30576115,12.09694,3.6987744
experiment_0a_best,file,16,,1298,024.Red_faced_Cormorant/Red_Faced_Cormorant_0002_796275.jpg,24,23,024.Red_faced_Cormorant,25,24,color_jitter,color_jitter,0,"{""brightness"":1.090536,""contrast"":1.336059,""hue"":-0.055838,""saturation"":0.818097}",0.12542216,0.6872341,0.56181194,0.88212442,0.50296527,0.1154804,0.48655224,0.76664402,0.016413033,-0.75023099,0.82880925,3.6165733,28.028451,101.36695,False,0.96122372,True,True,True,0.82880925,3.6165733,28.028451,101.36695,0.82142202,3.5715376,27.32793,97.602728,0.96123527,4.3947737,6.2272235,27.367238,0.80570902,3.4134165,9.1682564,31.295077,0.7682076,3.7328406,11.416684,42.616663,0.84052308,3.4441273,14.82893,51.072723,0.81606185,3.5622649,12.891277,45.922141,0.85913263,3.7093385,12.09694,44.871646
experiment_0a_best,file,16,,1298,024.Red_faced_Cormorant/Red_Faced_Cormorant_0002_796275.jpg,24,23,024.Red_faced_Cormorant,25,24,rotation,rotation,0,"{""angle"":7.019389}",0.12542216,0.18203814,0.056615978,0.88212442,0.83356953,0.1154804,0.15750803,0.76664402,0.6760615,-0.090582527,0.80791544,1.4696818,28.028451,41.192904,False,0.97864997,True,True,True,0.80791544,1.4696818,28.028451,41.192904,0.80011785,1.4764725,27.32793,40.348937,0.97843792,1.3321671,6.2272235,8.2957025,0.79056854,1.3917664,9.1682564,12.760071,0.73517913,1.5284091,11.416684,17.449364,0.81530295,1.535572,14.82893,22.77089,0.78903027,1.4750619,12.891277,19.015431,0.86152465,1.3848313,12.09694,16.752221
experiment_0a_best,file,16,,1298,024.Red_faced_Cormorant/Red_Faced_Cormorant_0002_796275.jpg,24,23,024.Red_faced_Cormorant,25,24,random_resized_crop,random_resized_crop,0,"{""area_fraction"":0.662181,""aspect"":1.189855,""fallback"":false,""height"":0.746004,""left"":0.019099,""top"":0.247049,""width"":0.887637}",0.12542216,0.13827111,0.012848943,0.88212442,0.87086254,0.1154804,0.11540752,0.76664402,0.75545502,-0.011188999,0.70763109,0.94475278,28.028451,26.479957,False,0.94935429,True,True,True,0.70763109,0.94475278,28.028451,26.479957,0.69385832,0.93860346,27.32793,25.650089,0.94800259,1.0562191,6.2272235,6.5773125,0.57182286,0.83559884,9.1682564,7.6609843,0.67087516,0.8663859,11.416684,9.8912544,0.72943941,0.8807519,14.82893,13.060608,0.66760838,1.0284699,12.891277,13.258289,0.76394164,1.0293029,12.09694,12.451416
experiment_0a_best,file,16,,1298,024.Red_faced_Cormorant/Red_Faced_Cormorant_0002_796275.jpg,24,23,024.Red_faced_Cormorant,25,24,gaussian_blur,gaussian_blur,0,"{""sigma"":1.26538}",0.12542216,1.0393173,0.91389509,0.88212442,0.35369608,0.1154804,0.43939841,0.76664402,-0.08570233,-0.85234635,0.7320153,5.0187596,28.028451,140.66806,False,0.92793548,False,True,False,0.7320153,5.0187596,28.028451,140.66806,0.72508973,5.0557181,27.32793,138.16231,0.90162388,4.2446725,6.2272235,26.432524,0.7302925,4.81555,9.1682564,44.150197,0.67505951,5.4006833,11.416684,61.657897,0.75598701,5.3409646,14.82893,79.200791,0.70039065,4.9994932,12.891277,64.449849,0.76162203,4.4603702,12.09694,53.956831
experiment_0a_best,file,16,,1298,024.Red_faced_Cormorant/Red_Faced_Cormorant_0002_796275.jpg,24,23,024.Red_faced_Cormorant,25,24,random_erasing,random_erasing,0,"{""area_fraction"":0.057891,""erased"":true,""height"":0.429186,""left"":0.117848,""top"":0.29265,""width"":0.134885}",0.12542216,0.24825011,0.12282795,0.88212442,0.78016478,0.1154804,0.21611546,0.76664402,0.56404932,-0.2025947,0.9407102,2.0130584,28.028451,56.422908,False,0.98864818,True,True,True,0.9407102,2.0130584,28.028451,56.422908,0.93834541,2.0166885,27.32793,55.111921,0.98864966,1.9418243,6.2272235,12.092174,0.97285357,1.9699879,9.1682564,18.061354,0.94247337,2.1030293,11.416684,24.009621,0.94790471,2.1202012,14.82893,31.440316,0.91430266,1.9279814,12.891277,24.854141,0.9310928,1.9002783,12.09694,22.987553
experiment_0a_best,file,16,,5560,095.Baltimore_Oriole/Baltimore_Oriole_0064_89554.jpg,95,94,095.Baltimore_Oriole,96,95,identity,identity,0,{},0.0015413797,0.0015413797,0,0.99845982,0.99845982,0.0013975954,0.0013975954,0.99706222,0.99706222,0,1,1,0.2810669,0.2810669,False,1,True,True,True,1,1,0.2810669,0.2810669,1,1,0.27306873,0.27306873,1,1,0.066573821,0.066573821,1,1,0.06048074,0.06048074,1,1,0.10249564,0.10249564,1,1,0.13815382,0.13815382,1,1,0.133972,0.133972,1,1,0.15286687,0.15286687
experiment_0a_best,file,16,,5560,095.Baltimore_Oriole/Baltimore_Oriole_0064_89554.jpg,95,94,095.Baltimore_Oriole,96,95,horizontal_flip,horizontal_flip,0,"{""flipped"":true}",0.0015413797,0.00073084346,-0.00081053626,0.99845982,0.99926943,0.0013975954,0.00013825839,0.99706222,0.99913117,0.0020689469,0.46020937,0.35471258,0.2810669,0.099697968,False,0.96501625,True,True,True,0.46020937,0.35471258,0.2810669,0.099697968,0.4400501,0.35512258,0.27306873,0.096972872,0.80666918,0.34774217,0.066573821,0.023150525,0.36564332,0.29013098,0.06048074,0.017547337,0.27423662,0.32795625,0.10249564,0.033614085,0.49864539,0.36114741,0.13815382,0.049893894,0.36399877,0.35851999,0.133972,0.048031639,0.52756539,0.3682823,0.15286687,0.056298163
experiment_0a_best,file,16,,5560,095.Baltimore_Oriole/Baltimore_Oriole_0064_89554.jpg,95,94,095.Baltimore_Oriole,96,95,color_jitter,color_jitter,0,"{""brightness"":1.264927,""contrast"":0.778984,""hue"":-0.000865,""saturation"":0.723159}",0.0015413797,0.023858242,0.022316862,0.99845982,0.9764241,0.0013975954,0.016347248,0.99706222,0.96007685,-0.036985371,0.80324722,15.361232,0.2810669,4.317534,False,0.95073432,True,True,True,0.80324722,15.361232,0.2810669,4.317534,0.7986458,15.551286,0.27306873,4.2465699,0.93718043,11.710003,0.066573821,0.77957966,0.77908072,15.668322,0.06048074,0.94763173,0.7348023,17.569855,0.10249564,1.8008335,0.80362514,17.159587,0.13815382,2.3706624,0.8084463,15.280493,0.133972,2.0471582,0.84482493,13.215815,0.15286687,2.0202603
experiment_0a_best,file,16,,5560,095.Baltimore_Oriole/Baltimore_Oriole_0064_89554.jpg,95,94,095.Baltimore_Oriole,96,95,rotation,rotation,0,"{""angle"":-4.112379}",0.0015413797,0.0030692159,0.0015278362,0.99845982,0.99693549,0.0013975954,0.0026131419,0.99706222,0.99432234,-0.0027398757,0.85015462,2.0595598,0.2810669,0.57887411,False,0.98451251,True,True,True,0.85015462,2.0595598,0.2810669,0.57887411,0.8432405,2.0705899,0.27306873,0.56541335,0.98380742,1.8642272,0.066573821,0.12410873,0.73343789,2.0724965,0.06048074,0.12534612,0.77986877,2.1038986,0.10249564,0.21564043,0.83238739,2.184624,0.13815382,0.30181416,0.8412988,2.0614367,0.133972,0.27617479,0.90567285,1.9637509,0.15286687,0.30019246
experiment_0a_best,file,16,,5560,095.Baltimore_Oriole/Baltimore_Oriole_0064_89554.jpg,95,94,095.Baltimore_Oriole,96,95,random_resized_crop,random_resized_crop,0,"{""area_fraction"":0.530133,""aspect"":1.133246,""fallback"":false,""height"":0.683959,""left"":0.224011,""top"":0.017701,""width"":0.775094}",0.0015413797,0.029368484,0.027827105,0.99845982,0.97105861,0.0013975954,0.012188953,0.99706222,0.95886965,-0.038192567,0.69928929,16.63468,0.2810669,4.6754581,False,0.95497704,True,True,True,0.69928929,16.63468,0.2810669,4.6754581,0.69356694,16.898286,0.27306873,4.6143936,0.89786779,11.313458,0.066573821,0.75318014,0.55515471,16.709219,0.06048074,1.010586,0.64329901,18.008516,0.10249564,1.8457943,0.75683074,17.97243,0.13815382,2.4829598,0.66555753,17.181129,0.133972,2.3017901,0.71336656,15.202889,0.15286687,2.3240182
experiment_0a_best,file,16,,5560,095.Baltimore_Oriole/Baltimore_Oriole_0064_89554.jpg,95,94,095.Baltimore_Oriole,96,95,gaussian_blur,gaussian_blur,0,"{""sigma"":1.743951}",0.0015413797,0.27832872,0.27678734,0.99845982,0.75704789,0.0013975954,0.20997816,0.99706222,0.54706973,-0.44999249,0.62281804,170.54246,0.2810669,47.933841,False,0.8953436,True,True,True,0.62281804,170.54246,0.2810669,47.933841,0.61189774,172.70747,0.27306873,47.16101,0.89509291,128.77077,0.066573821,8.5727622,0.46263521,271.90055,0.06048074,16.444746,0.50276019,210.30986,0.10249564,21.555844,0.63690307,171.42672,0.13815382,23.683256,0.63538982,158.90085,0.133972,21.288265,0.7243211,142.57024,0.15286687,21.794266
experiment_0a_best,file,16,,5560,095.Baltimore_Oriole/Baltimore_Oriole_0064_89554.jpg,95,94,095.Baltimore_Oriole,96,95,random_erasing,random_erasing,0,"{""area_fraction"":0.163102,""erased"":true,""height"":0.295066,""left"":0.18238,""top"":0.090587,""width"":0.552764}",0.0015413797,0.18943873,0.18789735,0.99845982,0.82742339,0.0013975954,0.15397391,0.99706222,0.67344949,-0.32361273,0.72768523,110.79555,0.2810669,31.140962,False,0.9254781,True,True,True,0.72768523,110.79555,0.2810669,31.140962,0.71852772,111.77574,0.27306873,30.52246,0.92541115,92.764294,0.066573821,6.1756735,0.72045234,104.84232,0.06048074,6.3409409,0.64029374,111.3448,0.10249564,11.412356,0.74356792,106.72106,0.13815382,14.743923,0.68432172,113.98819,0.133972,15.271225,0.76050873,115.2847,0.15286687,17.623211
experiment_0a_best,file,16,,10914,186.Cedar_Waxwing/Cedar_Waxwing_0062_178788.jpg,186,185,186.Cedar_Waxwing,185,184,identity,identity,0,{},0.00028379704,0.00028379704,0,0.99971622,0.99971622,6.9118134e-05,6.9118134e-05,0.9996471,0.9996471,0,1,1,0.047567086,0.047567086,False,1,True,True,True,1,1,0.047567086,0.047567086,1,1,0.04667698,0.04667698,1,1,0.009158995,0.009158995,1,1,0.0097191943,0.0097191943,1,1,0.022012977,0.022012977,1,1,0.022633611,0.022633611,1,1,0.022242939,0.022242939,1,1,0.024344978,0.024344978
experiment_0a_best,file,16,,10914,186.Cedar_Waxwing/Cedar_Waxwing_0062_178788.jpg,186,185,186.Cedar_Waxwing,185,184,horizontal_flip,horizontal_flip,0,"{""flipped"":true}",0.00028379704,0.00028653807,2.7410279e-06,0.99971622,0.99971348,6.9118134e-05,6.5213339e-05,0.9996471,0.99964827,1.1629818e-06,0.63587723,0.99176548,0.047567086,0.047175394,False,0.97579598,True,True,True,0.63587723,0.99176548,0.047567086,0.047175394,0.62278074,0.99155258,0.04667698,0.04628268,0.97407956,0.99727904,0.009158995,0.0091340738,0.51303998,0.9493049,0.0097191943,0.0092264787,0.62167558,0.97074306,0.022012977,0.021368944,0.55138778,0.99317024,0.022633611,0.022479029,0.54789819,0.96788797,0.022242939,0.021528673,0.75853983,1.0322616,0.024344978,0.025130386
experiment_0a_best,file,16,,10914,186.Cedar_Waxwing/Cedar_Waxwing_0062_178788.jpg,186,185,186.Cedar_Waxwing,185,184,color_jitter,color_jitter,0,"{""brightness"":0.601474,""contrast"":1.220541,""hue"":0.008547,""saturation"":0.66427}",0.00028379704,0.0090016266,0.0087178296,0.99971622,0.99103874,6.9118134e-05,0.0025449854,0.9996471,0.98849375,-0.01115335,0.7749911,35.897514,0.047567086,1.7075401,False,0.96359336,True,True,True,0.7749911,35.897514,0.047567086,1.7075401,0.76992626,36.147812,0.04667698,1.6872707,0.96147957,28.640497,0.009158995,0.26231817,0.58263949,54.511596,0.0097191943,0.5298088,0.71096676,38.312074,0.022012977,0.84336279,0.7774439,37.313431,0.022633611,0.84453767,0.8042279,34.225895,0.022242939,0.76128447,0.87431972,30.796941,0.024344978,0.74975088
experiment_0a_best,file,16,,10914,186.Cedar_Waxwing/Cedar_Waxwing_0062_178788.jpg,186,185,186.Cedar_Waxwing,185,184,rotation,rotation,0,"{""angle"":5.000735}",0.00028379704,0.00060289801,0.00031910097,0.99971622,0.99939728,6.9118134e-05,0.0001810572,0.9996471,0.99921622,-0.00043088352,0.83660065,2.310156,0.047567086,0.10988739,False,0.98184955,True,True,True,0.83660065,2.310156,0.047567086,0.10988739,0.83213316,2.3202449,0.04667698,0.10830203,0.97638209,2.0306409,0.009158995,0.018598629,0.81212196,2.554237,0.0097191943,0.024825126,0.8347571,2.4469448,0.022012977,0.05386454,0.79549189,2.423945,0.022633611,0.054862627,0.81572144,2.2507695,0.022242939,0.050063728,0.88986949,2.1325524,0.024344978,0.051916942
experiment_0a_best,file,16,,10914,186.Cedar_Waxwing/Cedar_Waxwing_0062_178788.jpg,186,185,186.Cedar_Waxwing,185,184,random_resized_crop,random_resized_crop,0,"{""area_fraction"":0.700013,""aspect"":0.795271,""fallback"":false,""height"":0.9382,""left"":0.078661,""top"":0.019798,""width"":0.746123}",0.00028379704,0.00033337279,4.9575756e-05,0.99971622,0.99966669,6.9118134e-05,0.00013752221,0.9996471,0.99952917,-0.00011793553,0.77639946,1.2222702,0.047567086,0.058139833,False,0.9827956,True,True,True,0.77639946,1.2222702,0.047567086,0.058139833,0.76928596,1.2233357,0.04667698,0.057101615,0.96586685,1.1942653,0.009158995,0.01093827,0.77713556,1.21326,0.0097191943,0.01179191,0.79446447,1.1583373,0.022012977,0.025498452,0.71863307,1.2955445,0.022633611,0.02932285,0.73955573,1.2613117,0.022242939,0.028055278,0.82537568,1.1794288,0.024344978,0.028713169
experiment_0a_best,file,16,,10914,186.Cedar_Waxwing/Cedar_Waxwing_0062_178788.jpg,186,185,186.Cedar_Waxwing,185,184,gaussian_blur,gaussian_blur,0,"{""sigma"":1.069188}",0.00028379704,0.12927863,0.12899483,0.99971622,0.8787291,6.9118134e-05,0.0023655409,0.9996471,0.87636356,-0.12328354,0.59891176,512.8749,0.047567086,24.395965,False,0.93284929,True,True,True,0.59891176,512.8749,0.047567086,24.395965,0.5933733,518.81459,0.04667698,24.216699,0.89790104,322.31149,0.009158995,2.9520493,0.53973433,503.52632,0.0097191943,4.8938701,0.53653435,548.80042,0.022012977,12.080731,0.61453851,619.17613,0.022633611,14.014191,0.55670131,511.77332,0.022242939,11.383342,0.71857265,390.92926,0.024344978,9.5171645
experiment_0a_best,file,16,,10914,186.Cedar_Waxwing/Cedar_Waxwing_0062_178788.jpg,186,185,186.Cedar_Waxwing,185,184,random_erasing,random_erasing,0,"{""area_fraction"":0.142283,""erased"":true,""height"":0.59564,""left"":0.14158,""top"":0.305488,""width"":0.238874}",0.00028379704,0.0011800715,0.00089627446,0.99971622,0.9988206,6.9118134e-05,0.0001570068,0.9996471,0.9986636,-0.00098350806,0.79042598,4.3403284,0.047567086,0.20645678,False,0.98148394,True,True,True,0.79042598,4.3403284,0.047567086,0.20645678,0.78499778,4.3660277,0.04667698,0.20379299,0.97487928,3.6093268,0.009158995,0.033057806,0.79103341,4.1968747,0.0097191943,0.040790241,0.79815,4.3529584,0.022012977,0.095821573,0.72310003,4.6306682,0.022633611,0.10480874,0.75123239,4.3578685,0.022242939,0.096931802,0.86391219,4.1698585,0.024344978,0.10151511
experiment_0a_best,file,16,,4238,073.Blue_Jay/Blue_Jay_0061_63645.jpg,73,72,073.Blue_Jay,164,163,identity,identity,0,{},0.083426557,0.083426557,0,0.91995865,0.91995865,0.049551383,0.049551383,0.87040727,0.87040727,0,1,1,14.781504,14.781504,False,1,True,True,True,1,1,14.781504,14.781504,1,1,14.564933,14.564933,1,1,2.5210301,2.5210301,1,1,2.536286,2.536286,1,1,5.4338406,5.4338406,1,1,7.7671696,7.7671696,1,1,7.7348397,7.7348397,1,1,7.484733,7.484733
experiment_0a_best,file,16,,4238,073.Blue_Jay/Blue_Jay_0061_63645.jpg,73,72,073.Blue_Jay,164,163,horizontal_flip,horizontal_flip,0,"{""flipped"":true}",0.083426557,0.39525479,0.31182823,0.91995865,0.67350841,0.049551383,0.14764263,0.87040727,0.52586578,-0.34454149,0.70571574,3.4509126,14.781504,51.009679,False,0.95717227,True,True,True,0.70571574,3.4509126,14.781504,51.009679,0.6988936,3.4536008,14.564933,50.301463,0.94003115,3.3599547,2.5210301,8.4705472,0.75136614,3.4569352,2.536286,8.7677765,0.68985725,3.4176661,5.4338406,18.571053,0.64034617,3.162214,7.7671696,24.561452,0.69056378,3.762207,7.7348397,29.100068,0.77122532,3.4282203,7.484733,25.659314
experiment_0a_best,file,16,,4238,073.Blue_Jay/Blue_Jay_0061_63645.jpg,73,72,073.Blue_Jay,164,163,color_jitter,color_jitter,0,"{""brightness"":1.325288,""contrast"":1.155579,""hue"":-0.061074,""saturation"":1.27585}",0.083426557,1.2696265,1.1861999,0.91995865,0.28093654,0.049551383,0.069024049,0.87040727,0.21191249,-0.65849478,0.52159522,7.0459658,14.781504,104.14997,False,0.83056045,True,True,True,0.52159522,7.0459658,14.781504,104.14997,0.51531377,7.0313817,14.564933,102.4116,0.71885048,7.5165375,2.5210301,18.949418,0.40197921,7.5572247,2.536286,19.167283,0.40085391,6.4278771,5.4338406,34.928059,0.45305805,6.4652115,7.7671696,50.216394,0.54597833,7.6655935,7.7348397,59.292137,0.61401121,7.1494922,7.484733,53.51204
experiment_0a_best,file,16,,4238,073.Blue_Jay/Blue_Jay_0061_63645.jpg,73,72,073.Blue_Jay,164,163,rotation,rotation,0,"{""angle"":-6.867932}",0.083426557,0.34791008,0.26448352,0.91995865,0.70616239,0.049551383,0.16275051,0.87040727,0.54341188,-0.32699539,0.79400016,3.50705,14.781504,51.839473,False,0.96632367,True,True,True,0.79400016,3.50705,14.781504,51.839473,0.78895436,3.5081678,14.564933,51.096228,0.96434192,3.4695318,2.5210301,8.7467943,0.73908485,3.6951123,2.536286,9.3718617,0.73606872,3.6094897,5.4338406,19.613391,0.76109792,3.2658483,7.7671696,25.366397,0.79485629,3.7253336,7.7348397,28.814858,0.85008689,3.4442126,7.484733,25.779011
experiment_0a_best,file,16,,4238,073.Blue_Jay/Blue_Jay_0061_63645.jpg,73,72,073.Blue_Jay,164,163,random_resized_crop,random_resized_crop,0,"{""area_fraction"":0.587575,""aspect"":0.815236,""fallback"":false,""height"":0.848965,""left"":0.043796,""top"":0.037417,""width"":0.692107}",0.083426557,0.9963147,0.91288815,0.91995865,0.36923769,0.049551383,0.53197968,0.87040727,-0.16274199,-1.0331493,0.68304152,8.2688657,14.781504,122.22627,False,0.91624206,False,True,False,0.68304152,8.2688657,14.781504,122.22627,0.67613012,8.2578589,14.564933,120.27516,0.90446662,8.6281988,2.5210301,21.751949,0.72676761,11.900868,2.536286,30.184006,0.67768555,8.249666,5.4338406,44.82737,0.59783259,7.7707288,7.7671696,60.356569,0.71073461,8.2651459,7.7348397,63.929578,0.71813476,8.2529157,7.484733,61.77087
experiment_0a_best,file,16,,4238,073.Blue_Jay/Blue_Jay_0061_63645.jpg,73,72,073.Blue_Jay,164,163,gaussian_blur,gaussian_blur,0,"{""sigma"":1.35044}",0.083426557,1.9491599,1.8657333,0.91995865,0.14239365,0.049551383,0.73838377,0.87040727,-0.59599012,-1.4663974,0.62112897,13.052368,14.781504,192.93363,False,0.88115525,False,True,False,0.62112897,13.052368,14.781504,192.93363,0.61466996,13.092272,14.564933,190.68807,0.86774158,11.642246,2.5210301,29.350454,0.648365,15.393085,2.536286,39.041266,0.53381578,15.270345,5.4338406,82.976622,0.5779661,13.724836,7.7671696,106.60313,0.65745544,12.504012,7.7348397,96.716529,0.67840173,11.363745,7.484733,85.054594
experiment_0a_best,file,16,,4238,073.Blue_Jay/Blue_Jay_0061_63645.jpg,73,72,073.Blue_Jay,164,163,random_erasing,random_erasing,0,"{""area_fraction"":0.197942,""erased"":true,""height"":0.388371,""left"":0.100142,""top"":0.158654,""width"":0.509673}",0.083426557,5.6342902,5.5508637,0.91995865,0.0035732125,0.049551383,0.022417257,0.87040727,-0.018844044,-0.88925131,0.32435752,13.726309,14.781504,202.89549,False,0.76164097,False,True,False,0.32435752,13.726309,14.781504,202.89549,0.31819605,13.705074,14.564933,199.61348,0.52026096,14.417166,2.5210301,36.34611,0.23802702,14.497037,2.536286,36.768632,0.2999951,16.819913,5.4338406,91.396727,0.28962943,14.102574,7.7671696,109.53708,0.31589481,12.734239,7.7348397,98.497299,0.3880624,12.274363,7.484733,91.87033
experiment_0a_best,file,16,,4661,080.Green_Kingfisher/Green_Kingfisher_0059_71119.jpg,80,79,080.Green_Kingfisher,82,81,identity,identity,0,{},0.022707909,0.022707909,0,0.977548,0.977548,0.01038869,0.01038869,0.96715931,0.96715931,0,1,1,4.3922798,4.3922798,False,0.99999988,True,True,True,1,1,4.3922798,4.3922798,1,1,4.3193797,4.3193797,1,1,0.79691994,0.79691994,1,1,0.81429059,0.81429059,1,1,2.0099564,2.0099564,1,1,2.3916532,2.3916532,1,1,2.0341779,2.0341779,1,1,2.0238979,2.0238979
experiment_0a_best,file,16,,4661,080.Green_Kingfisher/Green_Kingfisher_0059_71119.jpg,80,79,080.Green_Kingfisher,82,81,horizontal_flip,horizontal_flip,0,"{""flipped"":true}",0.022707909,0.35135934,0.32865143,0.977548,0.70373082,0.01038869,0.064673409,0.96715931,0.63905741,-0.3281019,0.70265437,9.1247374,4.3922798,40.0784,False,0.96328002,True,True,True,0.70265437,9.1247374,4.3922798,40.0784,0.69445508,9.1219035,4.3193797,39.400965,0.94131618,9.2076009,0.79691994,7.3377208,0.65888246,9.4309516,0.81429059,7.6795352,0.68891644,8.7891508,2.0099564,17.66581,0.70677647,8.7256524,2.3916532,20.868734,0.65456219,9.5426206,2.0341779,19.411388,0.73257708,9.4922259,2.0238979,19.211296
experiment_0a_best,file,16,,4661,080.Green_Kingfisher/Green_Kingfisher_0059_71119.jpg,80,79,080.Green_Kingfisher,82,81,color_jitter,color_jitter,0,"{""brightness"":1.313456,""contrast"":1.195382,""hue"":0.095343,""saturation"":0.938106}",0.022707909,0.24804549,0.22533758,0.977548,0.78032446,0.01038869,0.00062952499,0.96715931,0.77969493,-0.18746438,0.33911262,12.275748,4.3922798,53.918521,False,0.80246329,True,True,True,0.33911262,12.275748,4.3922798,53.918521,0.33353975,12.321935,4.3193797,53.223115,0.52809913,10.831375,0.79691994,8.6317385,0.37701436,13.433269,0.81429059,10.938584,0.21065227,9.999411,2.0099564,20.09838,0.40271786,12.209891,2.3916532,29.201824,0.32258903,14.524106,2.0341779,29.544615,0.35380269,11.93497,2.0238979,24.15516
experiment_0a_best,file,16,,4661,080.Green_Kingfisher/Green_Kingfisher_0059_71119.jpg,80,79,080.Green_Kingfisher,82,81,rotation,rotation,0,"{""angle"":11.773896}",0.022707909,0.01508319,-0.0076247193,0.977548,0.98503,0.01038869,0.0044169873,0.96715931,0.98061301,0.013453695,0.80888643,0.59914615,4.3922798,2.6316175,False,0.97851199,True,True,True,0.80888643,0.59914615,4.3922798,2.6316175,0.80364291,0.59969227,4.3193797,2.5902986,0.96768893,0.58287401,0.79691994,0.46450392,0.57602084,0.69099292,0.81429059,0.56266904,0.82818643,0.65145314,2.0099564,1.3093924,0.80432608,0.55575176,2.3916532,1.3291654,0.7858068,0.59718712,2.0341779,1.2147848,0.84492626,0.59212403,2.0238979,1.1983986
experiment_0a_best,file,16,,4661,080.Green_Kingfisher/Green_Kingfisher_0059_71119.jpg,80,79,080.Green_Kingfisher,82,81,random_resized_crop,random_resized_crop,0,"{""area_fraction"":0.753793,""aspect"":1.073941,""fallback"":false,""height"":0.837791,""left"":0.097806,""top"":0.129625,""width"":0.899738}",0.022707909,0.049586799,0.02687889,0.977548,0.95162255,0.01038869,0.017992049,0.96715931,0.9336305,-0.033528817,0.75049787,1.8469246,4.3922798,8.1122096,False,0.96603382,True,True,True,0.75049787,1.8469246,4.3922798,8.1122096,0.74472007,1.8515103,4.3193797,7.9973758,0.93704798,1.7067201,0.79691994,1.3601193,0.68406387,2.3849074,0.81429059,1.9420077,0.75535187,1.8254822,2.0099564,3.6691396,0.79603239,1.7170788,2.3916532,4.1066569,0.7083562,1.8516109,2.0341779,3.766506,0.72730138,1.9560741,2.0238979,3.9588942
experiment_0a_best,file,16,,4661,080.Green_Kingfisher/Green_Kingfisher_0059_71119.jpg,80,79,080.Green_Kingfisher,82,81,gaussian_blur,gaussian_blur,0,"{""sigma"":1.563341}",0.022707909,1.452986,1.4302781,0.977548,0.23387089,0.01038869,0.0047395579,0.96715931,0.22913134,-0.73802798,0.32316939,46.782587,4.3922798,205.48221,False,0.84868145,False,True,False,0.32316939,46.782587,4.3922798,205.48221,0.31686425,47.161023,4.3193797,203.70636,0.59899094,33.825968,0.79691994,26.956588,0.30883228,55.291727,0.81429059,45.023534,0.239434,43.229625,2.0099564,86.889659,0.28690423,49.543197,2.3916532,118.49014,0.35808164,51.396216,2.0341779,104.54905,0.40427974,41.18798,2.0238979,83.360266
experiment_0a_best,file,16,,4661,080.Green_Kingfisher/Green_Kingfisher_0059_71119.jpg,80,79,080.Green_Kingfisher,82,81,random_erasing,random_erasing,0,"{""area_fraction"":0.101884,""erased"":true,""height"":0.184039,""left"":0.075106,""top"":0.680537,""width"":0.553602}",0.022707909,0.088362992,0.065655082,0.977548,0.91542852,0.01038869,0.061485872,0.96715931,0.85394265,-0.11321667,0.86309802,3.6676604,4.3922798,16.109391,False,0.98263001,True,True,True,0.86309802,3.6676604,4.3922798,16.109391,0.86000098,3.6601086,4.3193797,15.809399,0.95031446,3.882966,0.79691994,3.094413,0.80881423,5.4809094,0.81429059,4.4630529,0.87254261,3.3750872,2.0099564,6.783778,0.87831951,3.610751,2.3916532,8.6356641,0.83916764,3.6363709,2.0341779,7.3970252,0.87662761,3.6545719,2.0238979,7.3964803
experiment_0a_best,file,16,,2841,050.Eared_Grebe/Eared_Grebe_0027_34341.jpg,50,49,050.Eared_Grebe,51,50,identity,identity,0,{},0.15329637,0.15329637,0,0.85787547,0.85787547,0.11875215,0.11875215,0.73912331,0.73912331,0,1,1,25.557815,25.557815,False,1,True,True,True,1,1,25.557815,25.557815,1,1,25.092052,25.092052,1,1,4.8570357,4.8570357,1,1,4.8610671,4.8610671,1,1,9.5383799,9.5383799,1,1,13.788418,13.788418,1,1,13.731439,13.731439,1,1,11.675939,11.675939
experiment_0a_best,file,16,,2841,050.Eared_Grebe/Eared_Grebe_0027_34341.jpg,50,49,050.Eared_Grebe,51,50,horizontal_flip,horizontal_flip,0,"{""flipped"":true}",0.15329637,0.061919771,-0.091376595,0.85787547,0.93995827,0.11875215,0.042161956,0.73912331,0.89779632,0.158673,0.66136108,0.40315255,25.557815,10.303698,False,0.97302568,True,True,True,0.66136108,0.40315255,25.557815,10.303698,0.64993978,0.40327577,25.092052,10.119017,0.96881702,0.3998499,4.8570357,1.9420852,0.37231576,0.47949978,4.8610671,2.3308806,0.59596288,0.44476026,9.5383799,4.2422924,0.65628226,0.40324339,13.788418,5.5600883,0.65655587,0.3813027,13.731439,5.2358347,0.7385566,0.38906299,11.675939,4.5426757
experiment_0a_best,file,16,,2841,050.Eared_Grebe/Eared_Grebe_0027_34341.jpg,50,49,050.Eared_Grebe,51,50,color_jitter,color_jitter,0,"{""brightness"":1.135559,""contrast"":0.735603,""hue"":-0.072886,""saturation"":1.05125}",0.15329637,1.8788975,1.7256012,0.85787547,0.15275842,0.11875215,0.7725085,0.73912331,-0.61975008,-1.3588734,0.72719753,6.2172485,25.557815,158.89928,False,0.92422736,False,True,False,0.72719753,6.2172485,25.557815,158.89928,0.71929187,6.1955032,25.092052,155.45789,0.92299833,6.7718541,4.8570357,32.891137,0.65372428,5.4647998,4.8610671,26.564759,0.63341444,6.2887446,9.5383799,59.984435,0.74397971,6.3515392,13.788418,87.577675,0.73690541,6.0448678,13.731439,83.004734,0.72990417,6.2373159,11.675939,72.82652
experiment_0a_best,file,16,,2841,050.Eared_Grebe/Eared_Grebe_0027_34341.jpg,50,49,050.Eared_Grebe,51,50,rotation,rotation,0,"{""angle"":-2.772146}",0.15329637,0.015068747,-0.13822762,0.85787547,0.98504424,0.11875215,0.0067110178,0.73912331,0.97833322,0.23920991,0.78277305,0.085364669,25.557815,2.1817344,False,0.97038716,True,True,True,0.78277305,0.085364669,25.557815,2.1817344,0.77680349,0.084896494,25.092052,2.1302273,0.92887786,0.097028609,4.8570357,0.47127142,0.65045445,0.084279768,4.8610671,0.40968961,0.68748821,0.083543542,9.5383799,0.79687005,0.79138298,0.077763871,13.788418,1.0722407,0.79243014,0.084981625,13.731439,1.16692,0.82093947,0.094739516,11.675939,1.1061728
experiment_0a_best,file,16,,2841,050.Eared_Grebe/Eared_Grebe_0027_34341.jpg,50,49,050.Eared_Grebe,51,50,random_resized_crop,random_resized_crop,0,"{""area_fraction"":0.631292,""aspect"":1.042945,""fallback"":false,""height"":0.778009,""left"":0.043811,""top"":0.106706,""width"":0.81142}",0.15329637,0.1075687,-0.04572767,0.85787547,0.89801484,0.11875215,0.073183104,0.73912331,0.82483174,0.085708424,0.74399098,0.74295656,25.557815,18.988346,False,0.96421063,True,True,True,0.74399098,0.74295656,25.557815,18.988346,0.73581786,0.742806,25.092052,18.638527,0.96091911,0.74696366,4.8570357,3.6280292,0.70124038,0.80769597,4.8610671,3.9262643,0.6735951,0.84138228,9.5383799,8.0254239,0.75780901,0.75128459,13.788418,10.359026,0.72107086,0.69082432,13.731439,9.4860121,0.78680527,0.71798852,11.675939,8.3831901
experiment_0a_best,file,16,,2841,050.Eared_Grebe/Eared_Grebe_0027_34341.jpg,50,49,050.Eared_Grebe,51,50,gaussian_blur,gaussian_blur,0,"{""sigma"":1.798844}",0.15329637,0.038249452,-0.11504691,0.85787547,0.9624728,0.11875215,0.0039248387,0.73912331,0.95854796,0.21942464,0.35695386,0.25125833,25.557815,6.4216139,False,0.88081133,True,True,True,0.35695386,0.25125833,25.557815,6.4216139,0.34455685,0.25006927,25.092052,6.2747512,0.65360032,0.28114093,4.8570357,1.3655115,-0.0036760309,0.32186552,4.8610671,1.5646099,0.27005907,0.29814832,9.5383799,2.8438519,0.34539786,0.25342241,13.788418,3.4942941,0.40760344,0.22974064,13.731439,3.1546696,0.41946237,0.22127532,11.675939,2.5835971
experiment_0a_best,file,16,,2841,050.Eared_Grebe/Eared_Grebe_0027_34341.jpg,50,49,050.Eared_Grebe,51,50,random_erasing,random_erasing,0,"{""area_fraction"":0.13589,""erased"":true,""height"":0.643111,""left"":0.241101,""top"":0.070792,""width"":0.211301}",0.15329637,2.3994937,2.2461973,0.85787547,0.090763919,0.11875215,0.025983572,0.73912331,0.064780347,-0.67434297,0.31933244,4.7681348,25.557815,121.86311,False,0.76933587,False,True,False,0.31933244,4.7681348,25.557815,121.86311,0.30992023,4.770135,25.092052,119.69248,0.57352227,4.7144386,4.8570357,22.898196,0.23753341,5.6745378,4.8610671,27.584309,0.3149402,5.8744337,9.5383799,56.032581,0.37617496,4.4971297,13.788418,62.008303,0.23453138,4.155141,13.731439,57.056065,0.33453805,4.9388399,11.675939,57.665593
experiment_0a_best,file,16,,6566,113.Baird_Sparrow/Baird_Sparrow_0008_106929.jpg,113,112,113.Baird_Sparrow,123,122,identity,identity,0,{},3.6816273,3.6816273,0,0.025181962,0.025181962,0.36261272,0.36261272,-0.33743076,-0.33743076,0,1,1,174.3624,174.3624,False,1,True,False,False,1,1,174.3624,174.3624,1,1,171.375,171.375,1,1,32.138065,32.138065,1,1,20.973023,20.973023,1,1,72.178054,72.178054,1,1,100.2848,100.2848,1,1,89.596722,89.596722,1,1,75.068231,75.068231
experiment_0a_best,file,16,,6566,113.Baird_Sparrow/Baird_Sparrow_0008_106929.jpg,113,112,113.Baird_Sparrow,123,122,horizontal_flip,horizontal_flip,0,"{""flipped"":true}",3.6816273,3.5100665,-0.17156076,0.025181962,0.029894926,0.36261272,0.16887334,-0.33743076,-0.13897841,0.19845235,0.720758,0.92574436,174.3624,161.41501,False,0.96196628,False,False,False,0.720758,0.92574436,174.3624,161.41501,0.71393354,0.92529553,171.375,158.57252,0.91216824,0.93841701,32.138065,30.158907,0.59210766,0.99014753,20.973023,20.766387,0.76318715,1.0055644,72.178054,72.579679,0.66037061,0.87836969,100.2848,88.087127,0.73131729,0.90969673,89.596722,81.505845,0.74491135,0.94605463,75.068231,71.018647
experiment_0a_best,file,16,,6566,113.Baird_Sparrow/Baird_Sparrow_0008_106929.jpg,113,112,113.Baird_Sparrow,123,122,color_jitter,color_jitter,0,"{""brightness"":0.94238,""contrast"":1.14043,""hue"":-0.013657,""saturation"":0.655702}",3.6816273,1.956426,-1.7252012,0.025181962,0.14136274,0.36261272,0.12875533,-0.33743076,0.012607411,0.35003817,0.78984057,0.76464351,174.3624,133.32508,False,0.96489573,False,False,False,0.78984057,0.76464351,174.3624,133.32508,0.78523011,0.76404195,171.375,130.93769,0.91819788,0.78155508,32.138065,25.117668,0.74501141,0.80160312,20.973023,16.812041,0.76650835,0.7333138,72.178054,52.929163,0.76609992,0.70041071,100.2848,70.240547,0.80737026,0.78505184,89.596722,70.338071,0.8128112,0.8611894,75.068231,64.647965
experiment_0a_best,file,16,,6566,113.Baird_Sparrow/Baird_Sparrow_0008_106929.jpg,113,112,113.Baird_Sparrow,123,122,rotation,rotation,0,"{""angle"":-7.967071}",3.6816273,3.2473102,-0.43431711,0.025181962,0.038878638,0.36261272,0.26254332,-0.33743076,-0.22366468,0.11376608,0.80616048,0.98312832,174.3624,171.42062,False,0.96972591,False,False,False,0.80616048,0.98312832,174.3624,171.42062,0.80121074,0.98505348,171.375,168.81354,0.95722231,0.92671406,32.138065,29.782797,0.71227404,1.0553682,20.973023,22.134261,0.82583747,1.0127691,72.178054,73.099699,0.78453499,0.943293,100.2848,94.597949,0.80435068,0.96808065,89.596722,86.736853,0.81219605,1.0482761,75.068231,78.692232
experiment_0a_best,file,16,,6566,113.Baird_Sparrow/Baird_Sparrow_0008_106929.jpg,113,112,113.Baird_Sparrow,123,122,random_resized_crop,random_resized_crop,0,"{""area_fraction"":0.606242,""aspect"":1.288218,""fallback"":false,""height"":0.686007,""left"":0.115434,""top"":0.170302,""width"":0.883726}",3.6816273,2.5616305,-1.1199968,0.025181962,0.077178806,0.36261272,0.14820927,-0.33743076,-0.071030468,0.26640029,0.65702398,1.4240751,174.3624,248.30515,False,0.89159358,False,False,False,0.65702398,1.4240751,174.3624,248.30515,0.6539796,1.4325773,171.375,245.50793,0.77895951,1.1564439,32.138065,37.16587,0.38898805,1.7022807,20.973023,35.701973,0.62269408,1.3838583,72.178054,99.884197,0.68552057,1.4621765,100.2848,146.63408,0.64468287,1.3900532,89.596722,124.54421,0.66374096,1.4598646,75.068231,109.58945
experiment_0a_best,file,16,,6566,113.Baird_Sparrow/Baird_Sparrow_0008_106929.jpg,113,112,113.Baird_Sparrow,123,122,gaussian_blur,gaussian_blur,0,"{""sigma"":1.341579}",3.6816273,2.5002806,-1.1813467,0.025181962,0.082061961,0.36261272,0.21632865,-0.33743076,-0.13426669,0.20316407,0.64697096,0.86258721,174.3624,150.40278,False,0.90004313,False,False,False,0.64697096,0.86258721,174.3624,150.40278,0.63926589,0.86271373,171.375,147.84757,0.86702353,0.85898192,32.138065,27.606017,0.4905721,0.96032936,20.973023,20.14101,0.42693418,0.83951234,72.178054,60.594367,0.68873476,0.88012616,100.2848,88.263274,0.67844236,0.81755216,89.596722,73.249993,0.70001879,0.90599915,75.068231,68.011753
experiment_0a_best,file,16,,6566,113.Baird_Sparrow/Baird_Sparrow_0008_106929.jpg,113,112,113.Baird_Sparrow,123,122,random_erasing,random_erasing,0,"{""area_fraction"":0.127943,""erased"":true,""height"":0.429501,""left"":0.195778,""top"":0.124929,""width"":0.297888}",3.6816273,2.641865,-1.0397623,0.025181962,0.071228303,0.36261272,0.34162274,-0.33743076,-0.27039444,0.067036325,0.86278384,0.91819613,174.3624,160.09888,False,0.97896624,True,False,False,0.86278384,0.91819613,174.3624,160.09888,0.85876091,0.91742082,171.375,157.223,0.97467741,0.93997475,32.138065,30.20897,0.80554747,1.0675096,20.973023,22.388903,0.86735714,0.95471082,72.178054,68.909169,0.8512116,0.86065141,100.2848,86.310253,0.86159624,0.92106842,89.596722,82.524711,0.86890827,0.96148777,75.068231,72.177185
experiment_0a_best,file,16,,10350,176.Prairie_Warbler/Prairie_Warbler_0031_172818.jpg,176,175,176.Prairie_Warbler,163,162,identity,identity,0,{},1.1260304,1.1260304,0,0.32431808,0.32431808,0.25291759,0.25291759,0.071400493,0.071400493,0,1,1,84.290868,84.290868,False,1,True,True,True,1,1,84.290868,84.290868,1,1,81.604216,81.604216,1,1,21.111664,21.111664,1,1,15.171592,15.171592,1,1,39.553663,39.553663,1,1,45.404957,45.404957,1,1,37.347429,37.347429,1,1,37.525167,37.525167
experiment_0a_best,file,16,,10350,176.Prairie_Warbler/Prairie_Warbler_0031_172818.jpg,176,175,176.Prairie_Warbler,163,162,horizontal_flip,horizontal_flip,0,"{""flipped"":true}",1.1260304,1.1964278,0.070397377,0.32431808,0.30227205,0.25291759,0.38825732,0.071400493,-0.085985273,-0.15738577,0.58086779,1.1627914,84.290868,98.012696,False,0.94574237,False,True,False,0.58086779,1.1627914,84.290868,98.012696,0.5608238,1.1692346,81.604216,95.414473,0.91316431,1.0618776,21.111664,22.418004,0.40761984,1.0615446,15.171592,16.105322,0.45205763,1.021883,39.553663,40.419214,0.61128047,1.2223009,45.404957,55.49852,0.53035394,1.2463534,37.347429,46.548094,0.65063764,1.1810002,37.525167,44.317229
experiment_0a_best,file,16,,10350,176.Prairie_Warbler/Prairie_Warbler_0031_172818.jpg,176,175,176.Prairie_Warbler,163,162,color_jitter,color_jitter,0,"{""brightness"":0.820075,""contrast"":1.399327,""hue"":-0.065289,""saturation"":0.744931}",1.1260304,1.8238037,0.69777322,0.32431808,0.16141061,0.25291759,0.046629723,0.071400493,0.11478089,0.043380398,0.63007481,1.4252889,84.290868,120.13884,False,0.92106867,True,True,True,0.63007481,1.4252889,84.290868,120.13884,0.61938089,1.4452956,81.604216,117.94222,0.86835566,1.0832234,21.111664,22.868648,0.3241442,1.5246189,15.171592,23.130897,0.54468959,1.3670492,39.553663,54.071802,0.6881123,1.4872518,45.404957,67.528603,0.60552446,1.4880854,37.347429,55.576165,0.66237898,1.4108123,37.525167,52.940967
experiment_0a_best,file,16,,10350,176.Prairie_Warbler/Prairie_Warbler_0031_172818.jpg,176,175,176.Prairie_Warbler,163,162,rotation,rotation,0,"{""angle"":-3.9038}",1.1260304,1.5845639,0.45853341,0.32431808,0.20503721,0.25291759,0.51430118,0.071400493,-0.30926397,-0.38066447,0.77655309,1.3521298,84.290868,113.9722,False,0.98002499,False,True,False,0.77655309,1.3521298,84.290868,113.9722,0.76578467,1.3579207,81.604216,110.81205,0.95155485,1.2624495,21.111664,26.652411,0.77172834,1.1985966,15.171592,18.184618,0.78186013,1.203544,39.553663,47.604573,0.77775282,1.4664153,45.404957,66.582522,0.72693174,1.4412215,37.347429,53.825917,0.78416595,1.29239,37.525167,48.497152
experiment_0a_best,file,16,,10350,176.Prairie_Warbler/Prairie_Warbler_0031_172818.jpg,176,175,176.Prairie_Warbler,163,162,random_resized_crop,random_resized_crop,0,"{""area_fraction"":0.878464,""aspect"":0.962548,""fallback"":false,""height"":0.955324,""left"":0.057085,""top"":0.044466,""width"":0.919545}",1.1260304,1.4282968,0.30226636,0.32431808,0.23971683,0.25291759,0.34434479,0.071400493,-0.10462797,-0.17602846,0.8514714,1.2238325,84.290868,103.1579,False,0.98062426,False,True,False,0.8514714,1.2238325,84.290868,103.1579,0.84384957,1.2292993,81.604216,100.31601,0.97670664,1.1390321,21.111664,24.046863,0.70391638,1.3789165,15.171592,20.920359,0.82061614,1.1259855,39.553663,44.536852,0.87879145,1.3131669,45.404957,59.624287,0.84006233,1.2455189,37.347429,46.516928,0.85096225,1.1686724,37.525167,43.854626
experiment_0a_best,file,16,,10350,176.Prairie_Warbler/Prairie_Warbler_0031_172818.jpg,176,175,176.Prairie_Warbler,163,162,gaussian_blur,gaussian_blur,0,"{""sigma"":1.075361}",1.1260304,1.4225163,0.2964859,0.32431808,0.24110655,0.25291759,0.38958231,0.071400493,-0.14847575,-0.21987624,0.74473877,1.428596,84.290868,120.4176,False,0.92820472,False,True,False,0.74473877,1.428596,84.290868,120.4176,0.73601721,1.4423313,81.604216,117.70031,0.91216725,1.2048723,21.111664,25.436859,0.70792934,1.4594532,15.171592,22.142229,0.7156841,1.2865027,39.553663,50.885895,0.77846689,1.5662042,45.404957,71.113435,0.70536111,1.4836869,37.347429,55.411889,0.73444481,1.3708237,37.525167,51.440387
experiment_0a_best,file,16,,10350,176.Prairie_Warbler/Prairie_Warbler_0031_172818.jpg,176,175,176.Prairie_Warbler,163,162,random_erasing,random_erasing,0,"{""area_fraction"":0.18054,""erased"":true,""height"":0.388121,""left"":0.393393,""top"":0.321246,""width"":0.465164}",1.1260304,2.5813055,1.4552751,0.32431808,0.07567516,0.25291759,0.0049780896,0.071400493,0.07069707,-0.00070342328,0.46926006,1.3755842,84.290868,115.94919,False,0.87367332,False,True,False,0.46926006,1.3755842,84.290868,115.94919,0.4524419,1.3909448,81.604216,113.50696,0.79134073,1.1212961,21.111664,23.672427,0.4094099,1.6022209,15.171592,24.308243,0.42800382,1.2801781,39.553663,50.635732,0.45186397,1.3122065,45.404957,59.58068,0.40068168,1.4088498,37.347429,52.616919,0.53517105,1.5562901,37.525167,58.400045
experiment_0a_best,file,16,,7555,129.Song_Sparrow/Song_Sparrow_0121_121203.jpg,129,128,129.Song_Sparrow,195,194,identity,identity,0,{},1.695712,1.695712,0,0.18346857,0.18346857,0.38277084,0.38277084,-0.19930227,-0.19930227,0,1,1,148.79203,148.79203,False,1.0000001,True,False,False,1,1,148.79203,148.79203,1,1,146.43145,146.43145,1,1,26.398832,26.398832,1,1,25.063966,25.063966,1,1,64.730217,64.730217,1,1,88.134843,88.134843,1,1,67.264161,67.264161,1,1,65.816016,65.816016
experiment_0a_best,file,16,,7555,129.Song_Sparrow/Song_Sparrow_0121_121203.jpg,129,128,129.Song_Sparrow,195,194,horizontal_flip,horizontal_flip,0,"{""flipped"":true}",1.695712,1.5677919,-0.12792003,0.18346857,0.20850508,0.38277084,0.041400287,-0.19930227,0.16710479,0.36640706,0.53501209,0.76572574,148.79203,113.93389,False,0.94702774,False,False,True,0.53501209,0.76572574,148.79203,113.93389,0.52324918,0.7628318,146.43145,111.70257,0.86285405,0.84996445,26.398832,22.438069,0.45971849,0.85516891,25.063966,21.433925,0.33542375,0.75800928,64.730217,49.066105,0.59097029,0.74502426,88.134843,65.662596,0.49393867,0.75983917,67.264161,51.109944,0.62383953,0.78755921,65.816016,51.83401
experiment_0a_best,file,16,,7555,129.Song_Sparrow/Song_Sparrow_0121_121203.jpg,129,128,129.Song_Sparrow,195,194,color_jitter,color_jitter,0,"{""brightness"":0.953883,""contrast"":1.2308,""hue"":-0.045173,""saturation"":1.334377}",1.695712,2.6517429,0.95603096,0.18346857,0.070528179,0.38277084,0.075398616,-0.19930227,-0.0048704371,0.19443183,0.62280045,0.79021774,148.79203,117.5781,False,0.90263116,False,False,False,0.62280045,0.79021774,148.79203,117.5781,0.61471707,0.7831255,146.43145,114.6742,0.83641173,0.98375297,26.398832,25.969929,0.67885851,0.86869239,25.063966,21.772877,0.55153272,0.69416758,64.730217,44.933618,0.63537447,0.70045718,88.134843,61.734683,0.57791918,0.84707068,67.264161,56.977498,0.67761588,0.91156607,65.816016,59.995647
experiment_0a_best,file,16,,7555,129.Song_Sparrow/Song_Sparrow_0121_121203.jpg,129,128,129.Song_Sparrow,195,194,rotation,rotation,0,"{""angle"":11.966102}",1.695712,2.3582911,0.66257918,0.18346857,0.094581701,0.38277084,0.33477679,-0.19930227,-0.24019509,-0.040892817,0.79272767,0.80919314,148.79203,120.40149,False,0.95504993,True,False,False,0.79272767,0.80919314,148.79203,120.40149,0.78713619,0.80273949,146.43145,117.54631,0.94898114,0.98735432,26.398832,26.065001,0.83537776,0.9069081,25.063966,22.730714,0.76512817,0.7498215,64.730217,48.536108,0.83345448,0.75810085,88.134843,66.815099,0.72979703,0.82715844,67.264161,55.638118,0.79118715,0.88396956,65.816016,58.179355
experiment_0a_best,file,16,,7555,129.Song_Sparrow/Song_Sparrow_0121_121203.jpg,129,128,129.Song_Sparrow,195,194,random_resized_crop,random_resized_crop,0,"{""area_fraction"":0.718926,""aspect"":0.901976,""fallback"":false,""height"":0.892781,""left"":0.004057,""top"":0.089017,""width"":0.805266}",1.695712,2.8079984,1.1122864,0.18346857,0.060325619,0.38277084,0.22138563,-0.19930227,-0.16106001,0.038242262,0.7322488,1.0629108,148.79203,158.15265,False,0.94694614,True,False,False,0.7322488,1.0629108,148.79203,158.15265,0.72641987,1.0644262,146.43145,155.86547,0.9210906,1.0151787,26.398832,26.799533,0.7617475,1.3032188,25.063966,32.663831,0.66055881,1.1097787,64.730217,71.836215,0.77035863,0.98994944,88.134843,87.249039,0.69155748,1.0826962,67.264161,72.826651,0.75640077,1.0904248,65.816016,71.767419
experiment_0a_best,file,16,,7555,129.Song_Sparrow/Song_Sparrow_0121_121203.jpg,129,128,129.Song_Sparrow,195,194,gaussian_blur,gaussian_blur,0,"{""sigma"":1.993678}",1.695712,4.6577063,2.9619943,0.18346857,0.0094881998,0.38277084,0.035388347,-0.19930227,-0.025900147,0.17340212,0.38429007,0.86223168,148.79203,128.2932,False,0.77735603,False,False,False,0.38429007,0.86223168,148.79203,128.2932,0.37397201,0.85979001,146.43145,125.9003,0.67773678,0.93424352,26.398832,24.662938,0.44779979,0.93368714,25.063966,23.401903,0.27970527,0.84585306,64.730217,54.752252,0.3681608,0.77201859,88.134843,68.041737,0.38930287,0.9036605,67.264161,60.783965,0.44332406,0.95866675,65.816016,63.095626
experiment_0a_best,file,16,,7555,129.Song_Sparrow/Song_Sparrow_0121_121203.jpg,129,128,129.Song_Sparrow,195,194,random_erasing,random_erasing,0,"{""area_fraction"":0.099023,""erased"":true,""height"":0.2426,""left"":0.493487,""top"":0.231992,""width"":0.408174}",1.695712,2.9788263,1.2831143,0.18346857,0.050852489,0.38277084,0.155531,-0.19930227,-0.10467852,0.094623756,0.76259352,0.88338093,148.79203,131.44004,False,0.95266628,True,False,False,0.76259352,0.88338093,148.79203,131.44004,0.75744074,0.88075997,146.43145,128.97096,0.91073703,0.96053408,26.398832,25.356978,0.76597677,1.1134684,25.063966,27.907933,0.77205803,0.8628084,64.730217,55.849775,0.76749246,0.79033373,88.134843,69.655939,0.72158538,0.8955625,67.264161,60.23926,0.77849147,0.9910713,65.816016,65.228365
experiment_0a_best,file,16,,1074,020.Yellow_breasted_Chat/Yellow_Breasted_Chat_0044_22106.jpg,20,19,020.Yellow_breasted_Chat,200,199,identity,identity,0,{},0.0022837054,0.0022837054,0,0.99771887,0.99771887,0.00087296678,0.00087296678,0.9968459,0.9968459,0,1,1,0.28957151,0.28957151,False,0.99999994,True,True,True,1,1,0.28957151,0.28957151,1,1,0.28129863,0.28129863,1,1,0.068722189,0.068722189,1,1,0.048982071,0.048982071,1,1,0.10642452,0.10642452,1,1,0.13989617,0.13989617,1,1,0.147098,0.147098,1,1,0.15554657,0.15554657
experiment_0a_best,file,16,,1074,020.Yellow_breasted_Chat/Yellow_Breasted_Chat_0044_22106.jpg,20,19,020.Yellow_breasted_Chat,200,199,horizontal_flip,horizontal_flip,0,"{""flipped"":true}",0.0022837054,0.0042804531,0.0019967477,0.99771887,0.99572867,0.00087296678,0.0015750584,0.9968459,0.99415361,-0.0026922908,0.57174027,2.0409957,0.28957151,0.59101421,False,0.97702849,True,True,True,0.57174027,2.0409957,0.28957151,0.59101421,0.55005583,2.0509245,0.28129863,0.57692226,0.9732952,1.8668018,0.068722189,0.12829071,0.094238356,2.3855226,0.048982071,0.11684784,0.46248511,2.2200371,0.10642452,0.23626638,0.43298513,2.1706121,0.13989617,0.30366032,0.55522736,1.9296025,0.147098,0.28384066,0.75877532,1.9349831,0.15554657,0.30097999
experiment_0a_best,file,16,,1074,020.Yellow_breasted_Chat/Yellow_Breasted_Chat_0044_22106.jpg,20,19,020.Yellow_breasted_Chat,200,199,color_jitter,color_jitter,0,"{""brightness"":1.063165,""contrast"":0.879768,""hue"":-0.061573,""saturation"":0.709538}",0.0022837054,0.15022641,0.14794271,0.99771887,0.86051309,0.00087296678,0.0037788106,0.9968459,0.85673428,-0.14011162,0.36157432,76.219262,0.28957151,22.070927,False,0.88873905,True,True,True,0.36157432,76.219262,0.28957151,22.070927,0.34194755,77.071151,0.28129863,21.680009,0.79335124,60.178218,0.068722189,4.1355788,0.47490178,99.536601,0.048982071,4.8755089,0.20047149,109.24987,0.10642452,11.626866,0.22323329,85.56761,0.13989617,11.970581,0.40629901,64.563689,0.147098,9.4971892,0.57113989,56.624638,0.15554657,8.8077685
experiment_0a_best,file,16,,1074,020.Yellow_breasted_Chat/Yellow_Breasted_Chat_0044_22106.jpg,20,19,020.Yellow_breasted_Chat,200,199,rotation,rotation,0,"{""angle"":-12.127721}",0.0022837054,0.0025920623,0.00030835695,0.99771887,0.99741131,0.00087296678,0.0012400885,0.9968459,0.99617122,-0.00067468168,0.70411333,1.3115489,0.28957151,0.37978718,False,0.97323519,True,True,True,0.70411333,1.3115489,0.28957151,0.37978718,0.68893897,1.3142919,0.28129863,0.36970851,0.96881897,1.2647051,0.068722189,0.086913303,0.44702578,1.5711423,0.048982071,0.076957804,0.63875627,1.3830497,0.10642452,0.14719041,0.62354617,1.3491934,0.13989617,0.18874699,0.70669639,1.3034816,0.147098,0.19173953,0.79059546,1.2317322,0.15554657,0.19159172
experiment_0a_best,file,16,,1074,020.Yellow_breasted_Chat/Yellow_Breasted_Chat_0044_22106.jpg,20,19,020.Yellow_breasted_Chat,200,199,random_resized_crop,random_resized_crop,0,"{""area_fraction"":0.726472,""aspect"":0.940909,""fallback"":false,""height"":0.87869,""left"":0.158689,""top"":0.021103,""width"":0.826767}",0.0022837054,0.013681096,0.011397391,0.99771887,0.98641205,0.00087296678,0.0073490907,0.9968459,0.97906296,-0.017782946,0.71146591,6.9077385,0.28957151,2.0002843,False,0.97154653,True,True,True,0.71146591,6.9077385,0.28957151,2.0002843,0.69963248,6.9677198,0.28129863,1.96001,0.96036954,5.8113943,0.068722189,0.39937173,0.3294455,9.4794174,0.048982071,0.4643215,0.68852446,8.5256126,0.10642452,0.90733425,0.6888863,6.9091081,0.13989617,0.96655778,0.71047697,6.5151786,0.147098,0.95836971,0.78128329,6.2664318,0.15554657,0.974722
experiment_0a_best,file,16,,1074,020.Yellow_breasted_Chat/Yellow_Breasted_Chat_0044_22106.jpg,20,19,020.Yellow_breasted_Chat,200,199,gaussian_blur,gaussian_blur,0,"{""sigma"":1.814093}",0.0022837054,1.2337937,1.23151,0.99771887,0.29118583,0.00087296678,0.076652408,0.9968459,0.21453342,-0.78231249,0.32146477,481.75285,0.28957151,139.5019,False,0.7871269,True,True,True,0.32146477,481.75285,0.28957151,139.5019,0.31151029,492.53123,0.28129863,138.54836,0.75530695,236.93729,0.068722189,16.282849,-0.17318163,769.87195,0.048982071,37.709923,0.24411071,653.32987,0.10642452,69.53032,0.26542856,537.64734,0.13989617,75.214805,0.38938102,488.39057,0.147098,71.841274,0.52301284,296.06025,0.15554657,46.051158
experiment_0a_best,file,16,,1074,020.Yellow_breasted_Chat/Yellow_Breasted_Chat_0044_22106.jpg,20,19,020.Yellow_breasted_Chat,200,199,random_erasing,random_erasing,0,"{""area_fraction"":0.051932,""erased"":true,""height"":0.139382,""left"":0.205751,""top"":0.32531,""width"":0.372588}",0.0022837054,0.59270912,0.59042542,0.99771887,0.5528276,0.00087296678,0.012323757,0.9968459,0.54050384,-0.45634206,0.35698843,185.77086,0.28957151,53.793947,False,0.79491764,True,True,True,0.35698843,185.77086,0.28957151,53.793947,0.33745615,187.234,0.28129863,52.668668,0.74616394,159.26915,0.068722189,10.945325,-0.06971696,216.17071,0.048982071,10.588489,0.19322409,188.63618,0.10642452,20.075516,0.28241964,178.7039,0.13989617,24.999992,0.35337041,198.33731,0.147098,29.175021,0.4868787,179.85703,0.15554657,27.976145
experiment_0a_best,file,16,,7464,128.Seaside_Sparrow/Seaside_Sparrow_0051_796522.jpg,128,127,128.Seaside_Sparrow,133,132,identity,identity,0,{},0.00078694843,0.00078694843,0,0.99921334,0.99921334,0.00017373703,0.00017373703,0.9990396,0.9990396,0,1,1,0.11977812,0.11977812,False,1,True,True,True,1,1,0.11977812,0.11977812,1,1,0.11628581,0.11628581,1,1,0.02871251,0.02871251,1,1,0.016164245,0.016164245,1,1,0.05061844,0.05061844,1,1,0.062094276,0.062094276,1,1,0.054894264,0.054894264,1,1,0.061885387,0.061885387
experiment_0a_best,file,16,,7464,128.Seaside_Sparrow/Seaside_Sparrow_0051_796522.jpg,128,127,128.Seaside_Sparrow,133,132,horizontal_flip,horizontal_flip,0,"{""flipped"":true}",0.00078694843,0.0044033001,0.0036163517,0.99921334,0.99560636,0.00017373703,0.0014205416,0.9990396,0.99418582,-0.0048537796,0.68383856,5.7898939,0.11977812,0.6935026,False,0.96727723,True,True,True,0.68383856,5.7898939,0.11977812,0.6935026,0.67049021,5.8283864,0.11628581,0.67775864,0.93870671,5.1173603,0.02871251,0.14693226,0.58352324,5.7624265,0.016164245,0.093145274,0.66608443,6.1793561,0.05061844,0.31278936,0.65274413,5.8137125,0.062094276,0.36099827,0.6026168,5.780281,0.054894264,0.31730427,0.75414945,5.6404017,0.061885387,0.34905844
experiment_0a_best,file,16,,7464,128.Seaside_Sparrow/Seaside_Sparrow_0051_796522.jpg,128,127,128.Seaside_Sparrow,133,132,color_jitter,color_jitter,0,"{""brightness"":1.207109,""contrast"":0.687895,""hue"":-0.011984,""saturation"":1.20612}",0.00078694843,0.00066627713,-0.00012067129,0.99921334,0.99933392,0.00017373703,9.6388983e-05,0.9990396,0.99923753,0.00019792825,0.90016854,0.92762713,0.11977812,0.11110943,False,0.98837161,True,True,True,0.90016854,0.92762713,0.11977812,0.11110943,0.89604671,0.93286916,0.11628581,0.10847945,0.98054885,0.83697179,0.02871251,0.024031561,0.76923312,1.0997212,0.016164245,0.017776163,0.87981272,1.019846,0.05061844,0.051623013,0.89523681,0.9349132,0.062094276,0.058052758,0.89194612,0.90011629,0.054894264,0.049411221,0.92926607,0.8814043,0.061885387,0.054546046
experiment_0a_best,file,16,,7464,128.Seaside_Sparrow/Seaside_Sparrow_0051_796522.jpg,128,127,128.Seaside_Sparrow,133,132,rotation,rotation,0,"{""angle"":7.038211}",0.00078694843,0.0044461447,0.0036591963,0.99921334,0.99556375,0.00017373703,0.00050754426,0.9990396,0.9950562,-0.0039833996,0.80598435,5.5756408,0.11977812,0.66783977,False,0.97434264,True,True,True,0.80598435,5.5756408,0.11977812,0.66783977,0.79701101,5.5995676,0.11628581,0.65115025,0.9679423,5.1673932,0.02871251,0.14836883,0.63170302,6.0893607,0.016164245,0.098429918,0.78944091,5.4626625,0.05061844,0.27651145,0.80457817,5.7596587,0.062094276,0.35764183,0.7681963,5.8376351,0.054894264,0.32045268,0.83454281,5.2919365,0.061885387,0.32749354
experiment_0a_best,file,16,,7464,128.Seaside_Sparrow/Seaside_Sparrow_0051_796522.jpg,128,127,128.Seaside_Sparrow,133,132,random_resized_crop,random_resized_crop,0,"{""area_fraction"":0.58788,""aspect"":0.829634,""fallback"":false,""height"":0.841784,""left"":0.236126,""top"":0.11343,""width"":0.698373}",0.00078694843,0.0084537743,0.0076668258,0.99921334,0.99158186,0.00017373703,0.00030119542,0.9990396,0.99128066,-0.0077589391,0.61088473,11.963722,0.11977812,1.4329921,False,0.88174188,True,True,True,0.61088473,11.963722,0.11977812,1.4329921,0.59966638,12.078436,0.11628581,1.4045508,0.84712902,9.894068,0.02871251,0.28408353,0.44759365,13.54341,0.016164245,0.218919,0.53442759,10.857844,0.05061844,0.54960714,0.62042369,12.794688,0.062094276,0.79447686,0.58497646,12.684582,0.054894264,0.6963108,0.64750351,11.502678,0.061885387,0.71184769
experiment_0a_best,file,16,,7464,128.Seaside_Sparrow/Seaside_Sparrow_0051_796522.jpg,128,127,128.Seaside_Sparrow,133,132,gaussian_blur,gaussian_blur,0,"{""sigma"":1.204764}",0.00078694843,0.014221978,0.01343503,0.99921334,0.98587865,0.00017373703,0.00056017668,0.9990396,0.98531847,-0.013721131,0.37516307,34.445156,0.11977812,4.125776,False,0.88508511,True,True,True,0.37516307,34.445156,0.11977812,4.125776,0.3656143,35.182556,0.11628581,4.0912321,0.74885272,18.555455,0.02871251,0.53277368,0.35326988,42.959218,0.016164245,0.69440333,0.19655427,48.52806,0.05061844,2.4564147,0.38781694,35.498347,0.062094276,2.2042441,0.42146907,32.62009,0.054894264,1.7906558,0.56143668,23.73143,0.061885387,1.4686287
experiment_0a_best,file,16,,7464,128.Seaside_Sparrow/Seaside_Sparrow_0051_796522.jpg,128,127,128.Seaside_Sparrow,133,132,random_erasing,random_erasing,0,"{""area_fraction"":0.120722,""erased"":true,""height"":0.519055,""left"":0.111113,""top"":0.105568,""width"":0.23258}",0.00078694843,0.00090605684,0.00011910842,0.99921334,0.99909437,0.00017373703,0.0002766159,0.9990396,0.99881775,-0.00022184974,0.93423573,1.1966971,0.11977812,0.14333813,False,0.99757755,True,True,True,0.93423573,1.1966971,0.11977812,0.14333813,0.93075561,1.1983389,0.11628581,0.13934981,0.99299207,1.1694393,0.02871251,0.033577537,0.92655086,1.2420847,0.016164245,0.020077362,0.93720913,1.2670179,0.05061844,0.064134469,0.91869348,1.1828179,0.062094276,0.073446218,0.91778846,1.1795629,0.054894264,0.064751234,0.95021377,1.1780461,0.061885387,0.07290384
experiment_0a_best,file,16,,8913,152.Blue_headed_Vireo/Blue_Headed_Vireo_0122_156017.jpg,152,151,152.Blue_headed_Vireo,155,154,identity,identity,0,{},0.028273614,0.028273614,0,0.97212237,0.97212237,0.0058035203,0.0058035203,0.96631885,0.96631885,0,1,1,5.5236146,5.5236146,False,1,True,True,True,1,1,5.5236146,5.5236146,1,1,5.4537483,5.4537483,1,1,0.87575546,0.87575546,1,1,0.89572921,0.89572921,1,1,2.6567517,2.6567517,1,1,3.0038541,3.0038541,1,1,2.76537,2.76537,1,1,2.2830461,2.2830461
experiment_0a_best,file,16,,8913,152.Blue_headed_Vireo/Blue_Headed_Vireo_0122_156017.jpg,152,151,152.Blue_headed_Vireo,155,154,horizontal_flip,horizontal_flip,0,"{""flipped"":true}",0.028273614,0.080329463,0.052055849,0.97212237,0.92281228,0.0058035203,0.036693852,0.96631885,0.88611843,-0.08020042,0.67473894,3.1501416,5.5236146,17.400168,False,0.95442772,True,True,True,0.67473894,3.1501416,5.5236146,17.400168,0.66887663,3.1549881,5.4537483,17.206511,0.91878501,2.9560639,0.87575546,2.5887891,0.52145385,3.441819,0.89572921,3.0829378,0.71665993,3.3595023,2.6567517,8.9253635,0.63227401,3.1786339,3.0038541,9.5481526,0.64703478,3.0668598,2.76537,8.481002,0.72959546,2.8989198,2.2830461,6.6183674
experiment_0a_best,file,16,,8913,152.Blue_headed_Vireo/Blue_Headed_Vireo_0122_156017.jpg,152,151,152.Blue_headed_Vireo,155,154,color_jitter,color_jitter,0,"{""brightness"":1.216142,""contrast"":0.966841,""hue"":-0.009495,""saturation"":0.97909}",0.028273614,0.022247266,-0.0060263481,0.97212237,0.97799838,0.0058035203,0.0029483954,0.96631885,0.97504998,0.0087311296,0.91130903,0.72121137,5.5236146,3.9836936,False,0.9908365,True,True,True,0.91130903,0.72121137,5.5236146,3.9836936,0.90948948,0.71953264,5.4537483,3.9241499,0.97933007,0.78354531,0.87575546,0.68619409,0.88572861,0.83649652,0.89572921,0.74927437,0.91423989,0.67780698,2.6567517,1.8007648,0.90584922,0.71073715,3.0038541,2.1349507,0.9036652,0.71626786,2.76537,1.9807457,0.92761925,0.77286579,2.2830461,1.7644882
experiment_0a_best,file,16,,8913,152.Blue_headed_Vireo/Blue_Headed_Vireo_0122_156017.jpg,152,151,152.Blue_headed_Vireo,155,154,rotation,rotation,0,"{""angle"":-7.907797}",0.028273614,0.086392939,0.058119325,0.97212237,0.91723377,0.0058035203,0.023727035,0.96631885,0.89350673,-0.072812121,0.75957405,3.1996889,5.5236146,17.673848,False,0.96750546,True,True,True,0.75957405,3.1996889,5.5236146,17.673848,0.75489303,3.2051237,5.4537483,17.479938,0.95668591,2.9812843,0.87575546,2.6108761,0.64781306,3.7097556,0.89572921,3.3229364,0.70442667,3.0775365,2.6567517,8.1762504,0.77526858,3.3729938,3.0038541,10.131981,0.76181124,3.1653507,2.76537,8.7533658,0.79971659,3.0465191,2.2830461,6.9553433
experiment_0a_best,file,16,,8913,152.Blue_headed_Vireo/Blue_Headed_Vireo_0122_156017.jpg,152,151,152.Blue_headed_Vireo,155,154,random_resized_crop,random_resized_crop,0,"{""area_fraction"":0.578844,""aspect"":1.137573,""fallback"":false,""height"":0.713331,""left"":0.101572,""top"":0.190448,""width"":0.811466}",0.028273614,0.046943396,0.018669782,0.97212237,0.95414138,0.0058035203,0.001391787,0.96631885,0.95274959,-0.013569259,0.60960828,1.6862785,5.5236146,9.3143526,False,0.92530859,True,True,True,0.60960828,1.6862785,5.5236146,9.3143526,0.60296967,1.6893986,5.4537483,9.2135547,0.89021138,1.5604725,0.87575546,1.3665923,0.53306099,1.7325903,0.89572921,1.5519318,0.69393967,2.0477208,2.6567517,5.4402856,0.54226664,1.4862133,3.0038541,4.4643679,0.54022228,1.5538327,2.76537,4.2969225,0.67154899,1.6673375,2.2830461,3.8066083
experiment_0a_best,file,16,,8913,152.Blue_headed_Vireo/Blue_Headed_Vireo_0122_156017.jpg,152,151,152.Blue_headed_Vireo,155,154,gaussian_blur,gaussian_blur,0,"{""sigma"":1.201647}",0.028273614,0.13764118,0.10936756,0.97212237,0.87141132,0.0058035203,0.053740215,0.96631885,0.81767111,-0.14864774,0.59738769,5.41649,5.5236146,29.918603,False,0.89225996,True,True,True,0.59738769,5.41649,5.5236146,29.918603,0.59149138,5.4311942,5.4537483,29.620366,0.85978351,4.8117015,0.87575546,4.2138739,0.50356927,9.6078444,0.89572921,8.6060269,0.59062989,5.8402575,2.6567517,15.516114,0.58050534,5.2386265,3.0038541,15.73607,0.593272,4.9379709,2.76537,13.655317,0.67547349,4.9644488,2.2830461,11.334065
experiment_0a_best,file,16,,8913,152.Blue_headed_Vireo/Blue_Headed_Vireo_0122_156017.jpg,152,151,152.Blue_headed_Vireo,155,154,random_erasing,random_erasing,0,"{""area_fraction"":0.156871,""erased"":true,""height"":0.554,""left"":0.567159,""top"":0.131082,""width"":0.283161}",0.028273614,7.1065102,7.0782365,0.97212237,0.000819751,0.0058035203,0.00062165572,0.96631885,0.00019809528,-0.96612076,0.17123747,40.514441,5.5236146,223.78616,False,0.72587645,False,True,False,0.17123747,40.514441,5.5236146,223.78616,0.16104444,40.445133,5.4537483,220.57757,0.54238812,43.116471,0.87575546,37.759485,0.011650714,39.930055,0.89572921,35.766516,-0.089212168,38.937859,2.6567517,103.44822,0.20217265,37.420821,3.0038541,112.40669,0.25335263,39.983658,2.76537,110.56961,0.29075514,47.605979,2.2830461,108.68664
experiment_0a_best,file,16,,3196,056.Pine_Grosbeak/Pine_Grosbeak_0104_38362.jpg,56,55,056.Pine_Grosbeak,17,16,identity,identity,0,{},0.00069391489,0.00069391489,0,0.99930632,0.99930632,0.00017171745,0.00017171745,0.9991346,0.9991346,0,1,1,0.10046223,0.10046223,False,1,True,True,True,1,1,0.10046223,0.10046223,1,1,0.097884268,0.097884268,1,1,0.02261262,0.02261262,1,1,0.018805547,0.018805547,1,1,0.038552496,0.038552496,1,1,0.043766151,0.043766151,1,1,0.04535029,0.04535029,1,1,0.061394313,0.061394313
experiment_0a_best,file,16,,3196,056.Pine_Grosbeak/Pine_Grosbeak_0104_38362.jpg,56,55,056.Pine_Grosbeak,17,16,horizontal_flip,horizontal_flip,0,"{""flipped"":true}",0.00069391489,0.0031811607,0.0024872458,0.99930632,0.99682391,0.00017171745,0.00094653788,0.9991346,0.99587737,-0.0032572347,0.68264853,5.0465522,0.10046223,0.50698791,False,0.97480631,True,True,True,0.68264853,5.0465522,0.10046223,0.50698791,0.67025545,5.0852761,0.097884268,0.49776853,0.97047086,4.2562826,0.02261262,0.096245699,0.42111536,4.7627819,0.018805547,0.089566717,0.70873059,5.6334091,0.038552496,0.21718198,0.63586507,5.5765177,0.043766151,0.24406272,0.58284099,5.3012884,0.04535029,0.24041496,0.76417797,4.4671529,0.061394313,0.27425778
experiment_0a_best,file,16,,3196,056.Pine_Grosbeak/Pine_Grosbeak_0104_38362.jpg,56,55,056.Pine_Grosbeak,17,16,color_jitter,color_jitter,0,"{""brightness"":1.071948,""contrast"":0.827001,""hue"":-0.062523,""saturation"":1.223774}",0.00069391489,0.0082656918,0.0075717769,0.99930632,0.99176836,0.00017171745,0.00097685808,0.9991346,0.9907915,-0.0083431016,0.66923555,14.446737,0.10046223,1.4513515,False,0.95228374,True,True,True,0.66923555,14.446737,0.10046223,1.4513515,0.66075927,14.591022,0.097884268,1.4282316,0.89183871,11.410568,0.02261262,0.25802282,0.56608517,14.530448,0.018805547,0.27325302,0.65728627,17.198936,0.038552496,0.6630619,0.62242962,17.915723,0.043766151,0.78410224,0.63342196,14.569568,0.04535029,0.66073411,0.76461492,11.215682,0.061394313,0.68857912
experiment_0a_best,file,16,,3196,056.Pine_Grosbeak/Pine_Grosbeak_0104_38362.jpg,56,55,056.Pine_Grosbeak,17,16,rotation,rotation,0,"{""angle"":-13.49033}",0.00069391489,0.021067297,0.020373382,0.99930632,0.9791531,0.00017171745,0.0037485817,0.9991346,0.97540451,-0.023730089,0.67621376,30.654567,0.10046223,3.0796263,False,0.95463938,True,True,True,0.67621376,30.654567,0.10046223,3.0796263,0.66478536,30.784418,0.097884268,3.0133102,0.9133907,28.110708,0.02261262,0.63565674,0.23733286,30.812019,0.018805547,0.57943687,0.71240776,31.947112,0.038552496,1.2316409,0.66269905,33.203413,0.043766151,1.4531856,0.58864912,32.784506,0.04535029,1.4867868,0.74377996,27.761955,0.061394313,1.7044262
experiment_0a_best,file,16,,3196,056.Pine_Grosbeak/Pine_Grosbeak_0104_38362.jpg,56,55,056.Pine_Grosbeak,17,16,random_resized_crop,random_resized_crop,0,"{""area_fraction"":0.631126,""aspect"":0.832012,""fallback"":false,""height"":0.87095,""left"":0.24836,""top"":0.106034,""width"":0.724641}",0.00069391489,0.002192714,0.0014987991,0.99930632,0.99780971,0.00017171745,0.00013167935,0.9991346,0.99767803,-0.0014565749,0.62163685,4.2406863,0.10046223,0.42602882,False,0.95682085,True,True,True,0.62163685,4.2406863,0.10046223,0.42602882,0.61219839,4.2864464,0.097884268,0.41957567,0.87586006,3.2667718,0.02261262,0.073870269,0.46416897,5.678993,0.018805547,0.10679657,0.56283989,4.771283,0.038552496,0.18394487,0.57876344,4.9637133,0.043766151,0.21724263,0.58945489,4.1701178,0.04535029,0.18911605,0.71942381,3.5627253,0.061394313,0.21873107
experiment_0a_best,file,16,,3196,056.Pine_Grosbeak/Pine_Grosbeak_0104_38362.jpg,56,55,056.Pine_Grosbeak,17,16,gaussian_blur,gaussian_blur,0,"{""sigma"":1.179343}",0.00069391489,0.012228752,0.011534838,0.99930632,0.98784572,0.00017171745,0.0069672721,0.9991346,0.98087845,-0.018256157,0.65954145,24.331751,0.10046223,2.4444221,False,0.962879,True,True,True,0.65954145,24.331751,0.10046223,2.4444221,0.6505444,24.615726,0.097884268,2.4094923,0.91646544,18.20929,0.02261262,0.41175975,0.66888233,32.855184,0.018805547,0.61785969,0.69602981,31.833748,0.038552496,1.2272704,0.62066195,27.616773,0.043766151,1.2086798,0.60861133,24.813564,0.04535029,1.1253023,0.72903456,17.771992,0.061394313,1.0910992
experiment_0a_best,file,16,,3196,056.Pine_Grosbeak/Pine_Grosbeak_0104_38362.jpg,56,55,056.Pine_Grosbeak,17,16,random_erasing,random_erasing,0,"{""area_fraction"":0.150906,""erased"":true,""height"":0.586437,""left"":0.65002,""top"":0.132018,""width"":0.257326}",0.00069391489,0.01966995,0.018976035,0.99930632,0.98052222,0.00017171745,0.0017419747,0.9991346,0.97878024,-0.020354363,0.69843001,27.713616,0.10046223,2.7841718,False,0.95071948,True,True,True,0.69843001,27.713616,0.10046223,2.7841718,0.6893674,27.974296,0.097884268,2.7382435,0.92920147,22.271728,0.02261262,0.50362211,0.61099215,32.054434,0.018805547,0.60280115,0.68656148,27.220377,0.038552496,1.0494135,0.61687175,29.204049,0.043766151,1.2781488,0.62119402,29.939017,0.04535029,1.3577431,0.78762709,26.041741,0.061394313,1.5988148
experiment_0a_best,file,16,,8123,139.Scarlet_Tanager/Scarlet_Tanager_0040_137885.jpg,139,138,139.Scarlet_Tanager,42,41,identity,identity,0,{},0.044253297,0.044253297,0,0.95671159,0.95671159,0.01965365,0.01965365,0.93705794,0.93705794,0,1,1,6.8989586,6.8989586,False,1,True,True,True,1,1,6.8989586,6.8989586,1,1,6.7875076,6.7875076,1,1,1.2350588,1.2350588,1,1,1.7497484,1.7497484,1,1,2.9213477,2.9213477,1,1,3.5264817,3.5264817,1,1,3.5545125,3.5545125,1,1,3.066551,3.066551
experiment_0a_best,file,16,,8123,139.Scarlet_Tanager/Scarlet_Tanager_0040_137885.jpg,139,138,139.Scarlet_Tanager,42,41,horizontal_flip,horizontal_flip,0,"{""flipped"":true}",0.044253297,0.019300167,-0.024953131,0.95671159,0.98088491,0.01965365,0.012595484,0.93705794,0.96828943,0.031231485,0.685474,0.49154645,6.8989586,3.3911586,False,0.97142833,True,True,True,0.685474,0.49154645,6.8989586,3.3911586,0.67575733,0.48979381,6.7875076,3.3244792,0.95413749,0.54181602,1.2350588,0.66917466,0.56659977,0.54588335,1.7497484,0.95515854,0.64281806,0.51568592,2.9213477,1.5064979,0.68193185,0.47921698,3.5264817,1.6899499,0.67089014,0.45880122,3.5545125,1.6308147,0.74789689,0.50041217,3.066551,1.5345394
experiment_0a_best,file,16,,8123,139.Scarlet_Tanager/Scarlet_Tanager_0040_137885.jpg,139,138,139.Scarlet_Tanager,42,41,color_jitter,color_jitter,0,"{""brightness"":0.629566,""contrast"":1.174097,""hue"":-0.092755,""saturation"":0.736296}",0.044253297,5.4888954,5.4446421,0.95671159,0.0041324054,0.01965365,0.01692912,0.93705794,-0.012796714,-0.94985465,0.41132559,19.897065,6.8989586,137.26903,False,0.71631366,False,True,False,0.41132559,19.897065,6.8989586,137.26903,0.40425538,19.877413,6.7875076,134.91809,0.61874247,20.481734,1.2350588,25.296146,0.47881375,22.229919,1.7497484,38.896767,0.39114542,20.581491,2.9213477,60.125693,0.52024482,19.289375,3.5264817,68.023628,0.37110212,17.769396,3.5545125,63.161539,0.29691331,21.773666,3.066551,66.770055
experiment_0a_best,file,16,,8123,139.Scarlet_Tanager/Scarlet_Tanager_0040_137885.jpg,139,138,139.Scarlet_Tanager,42,41,rotation,rotation,0,"{""angle"":9.905669}",0.044253297,0.043705255,-0.00054804236,0.95671159,0.95723605,0.01965365,0.018807983,0.93705794,0.93842807,0.0013701282,0.81917903,1.0283131,6.8989586,7.0942898,False,0.97633612,True,True,True,0.81917903,1.0283131,6.8989586,7.0942898,0.81420664,1.0294294,6.7875076,6.9872602,0.97519705,0.99400732,1.2350588,1.2276575,0.77129482,0.91692847,1.7497484,1.6043942,0.81602187,1.072921,2.9213477,3.1343752,0.82694976,1.1092913,3.5264817,3.9118956,0.79029726,0.9922268,3.5545125,3.5268826,0.84799286,0.9608363,3.066551,2.9464535
experiment_0a_best,file,16,,8123,139.Scarlet_Tanager/Scarlet_Tanager_0040_137885.jpg,139,138,139.Scarlet_Tanager,42,41,random_resized_crop,random_resized_crop,0,"{""area_fraction"":0.862382,""aspect"":1.008561,""fallback"":false,""height"":0.924696,""left"":0.014663,""top"":0.030529,""width"":0.932612}",0.044253297,0.14105652,0.096803226,0.95671159,0.86844021,0.01965365,0.041316077,0.93705794,0.82712413,-0.10993381,0.83006581,3.5173354,6.8989586,24.265951,False,0.97564173,True,True,True,0.83006581,3.5173354,6.8989586,24.265951,0.8270627,3.5384653,6.7875076,24.01736,0.96638275,2.8051365,1.2350588,3.4645085,0.79970887,4.6516435,1.7497484,8.139206,0.79254289,3.5736023,2.9213477,10.439735,0.85029924,3.6332553,3.5264817,12.812608,0.8167128,3.342858,3.5545125,11.882231,0.87593147,3.1992398,3.066551,9.8106318
experiment_0a_best,file,16,,8123,139.Scarlet_Tanager/Scarlet_Tanager_0040_137885.jpg,139,138,139.Scarlet_Tanager,42,41,gaussian_blur,gaussian_blur,0,"{""sigma"":1.824038}",0.044253297,1.6422389,1.5979856,0.95671159,0.19354622,0.01965365,0.0095805116,0.93705794,0.18396571,-0.75309223,0.41348855,19.006275,6.8989586,131.12351,False,0.83897567,False,True,False,0.41348855,19.006275,6.8989586,131.12351,0.40416626,18.9738,6.7875076,128.78481,0.68162049,19.962243,1.2350588,24.654545,0.005804404,20.098867,1.7497484,35.167961,0.47688175,18.028861,2.9213477,52.668573,0.4508935,19.276474,3.5264817,67.978131,0.40349865,18.752719,3.5545125,66.656774,0.41756679,19.321516,3.066551,59.250414
experiment_0a_best,file,16,,8123,139.Scarlet_Tanager/Scarlet_Tanager_0040_137885.jpg,139,138,139.Scarlet_Tanager,42,41,random_erasing,random_erasing,0,"{""area_fraction"":0.12964,""erased"":true,""height"":0.220407,""left"":0.054078,""top"":0.128738,""width"":0.588183}",0.044253297,0.064639486,0.020386189,0.95671159,0.93740535,0.01965365,0.0341441,0.93705794,0.90326125,-0.033796692,0.91480073,1.5162055,6.8989586,10.460239,False,0.9840709,True,True,True,0.91480073,1.5162055,6.8989586,10.460239,0.91278191,1.5189504,6.7875076,10.309887,0.98111483,1.4308252,1.2350588,1.7671533,0.91309193,1.4927426,1.7497484,2.6119241,0.91637172,1.4943629,2.9213477,4.3655535,0.91916735,1.5174449,3.5264817,5.3512417,0.90003589,1.548543,3.5545125,5.5043155,0.91892839,1.5113669,3.066551,4.6346836
experiment_0a_best,file,16,,7080,121.Grasshopper_Sparrow/Grasshopper_Sparrow_0026_115915.jpg,121,120,121.Grasshopper_Sparrow,133,132,identity,identity,0,{},0.008337453,0.008337453,0,0.99169719,0.99169719,0.0028431667,0.0028431667,0.98885403,0.98885403,0,1,1,1.5217581,1.5217581,False,0.99999994,True,True,True,1,1,1.5217581,1.5217581,1,1,1.4930268,1.4930268,1,1,0.29431091,0.29431091,1,1,0.22397446,0.22397446,1,1,0.70478774,0.70478774,1,1,0.8214559,0.8214559,1,1,0.68359477,0.68359477,1,1,0.73494695,0.73494695
experiment_0a_best,file,16,,7080,121.Grasshopper_Sparrow/Grasshopper_Sparrow_0026_115915.jpg,121,120,121.Grasshopper_Sparrow,133,132,horizontal_flip,horizontal_flip,0,"{""flipped"":true}",0.008337453,0.011008363,0.0026709102,0.99169719,0.989052,0.0028431667,0.00081334426,0.98885403,0.98823865,-0.00061537209,0.62121587,1.2712276,1.5217581,1.9345009,False,0.96288645,True,True,True,0.62121587,1.2712276,1.5217581,1.9345009,0.61014829,1.2664389,1.4930268,1.8908272,0.88348096,1.3887949,0.29431091,0.40873748,0.499127,1.0604228,0.22397446,0.23750762,0.62665477,1.3071519,0.70478774,0.92126465,0.55569146,1.1728086,0.8214559,0.96341058,0.56875674,1.3089566,0.68359477,0.89479587,0.70315564,1.3200823,0.73494695,0.97019046
experiment_0a_best,file,16,,7080,121.Grasshopper_Sparrow/Grasshopper_Sparrow_0026_115915.jpg,121,120,121.Grasshopper_Sparrow,133,132,color_jitter,color_jitter,0,"{""brightness"":0.604405,""contrast"":1.127468,""hue"":-0.052333,""saturation"":0.963408}",0.008337453,0.19414297,0.18580551,0.99169719,0.82354015,0.0028431667,0.0097728958,0.98885403,0.81376726,-0.17508677,0.60229544,18.606724,1.5217581,28.314933,False,0.91781509,True,True,True,0.60229544,18.606724,1.5217581,28.314933,0.5936629,18.694124,1.4930268,27.910828,0.86472274,16.196034,0.29431091,4.7666696,0.21387365,20.733092,0.22397446,4.6436831,0.48546268,16.135776,0.70478774,11.372297,0.59473986,19.448252,0.8214559,15.975881,0.61922896,20.527507,0.68359477,14.032496,0.70570637,18.050021,0.73494695,13.265808
experiment_0a_best,file,16,,7080,121.Grasshopper_Sparrow/Grasshopper_Sparrow_0026_115915.jpg,121,120,121.Grasshopper_Sparrow,133,132,rotation,rotation,0,"{""angle"":13.100198}",0.008337453,0.071933284,0.063595831,0.99169719,0.93059295,0.0028431667,0.0075760251,0.98885403,0.92301693,-0.065837096,0.66808802,7.161552,1.5217581,10.89815,False,0.94688404,True,True,True,0.66808802,7.161552,1.5217581,10.89815,0.65875658,7.1691652,1.4930268,10.703756,0.91562524,6.962762,0.29431091,2.0492168,0.61770304,8.5099471,0.22397446,1.9060108,0.67488359,6.7788044,0.70478774,4.7776182,0.62353346,7.0623175,0.8214559,5.8013824,0.6178001,7.7243825,0.68359477,5.2803475,0.73638574,7.0140773,0.73494695,5.1549747
experiment_0a_best,file,16,,7080,121.Grasshopper_Sparrow/Grasshopper_Sparrow_0026_115915.jpg,121,120,121.Grasshopper_Sparrow,133,132,random_resized_crop,random_resized_crop,0,"{""area_fraction"":0.684349,""aspect"":1.073916,""fallback"":false,""height"":0.798277,""left"":0.094925,""top"":0.169036,""width"":0.857283}",0.008337453,0.17514364,0.16680619,0.99169719,0.83933645,0.0028431667,0.0015080079,0.98885403,0.83782845,-0.15102558,0.46065557,19.87888,1.5217581,30.250847,False,0.90438533,True,True,True,0.46065557,19.87888,1.5217581,30.250847,0.44658073,19.805911,1.4930268,29.570755,0.79346856,21.672375,0.29431091,6.3784163,0.11017363,15.842114,0.22397446,3.5482288,0.36027466,13.372229,0.70478774,9.4245833,0.38339288,19.748334,0.8214559,16.222386,0.49919942,23.92043,0.68359477,16.351881,0.57206003,21.187045,0.73494695,15.571354
experiment_0a_best,file,16,,7080,121.Grasshopper_Sparrow/Grasshopper_Sparrow_0026_115915.jpg,121,120,121.Grasshopper_Sparrow,133,132,gaussian_blur,gaussian_blur,0,"{""sigma"":1.61131}",0.008337453,0.03077374,0.022436287,0.99169719,0.96969497,0.0028431667,0.00010862055,0.98885403,0.96958635,-0.019267674,0.34258338,4.6934741,1.5217581,7.1423325,False,0.86614048,True,True,True,0.34258338,4.6934741,1.5217581,7.1423325,0.33039341,4.7282592,1.4930268,7.0594176,0.75521329,3.6870651,0.29431091,1.0851435,0.095926795,6.0774113,0.22397446,1.3611849,0.3417561,4.9722087,0.70478774,3.5043517,0.22593984,5.0059052,0.8214559,4.1121304,0.34003552,4.701038,0.68359477,3.213605,0.51385423,3.958791,0.73494695,2.9095014
experiment_0a_best,file,16,,7080,121.Grasshopper_Sparrow/Grasshopper_Sparrow_0026_115915.jpg,121,120,121.Grasshopper_Sparrow,133,132,random_erasing,random_erasing,0,"{""area_fraction"":0.193429,""erased"":true,""height"":0.324947,""left"":0.223447,""top"":0.043686,""width"":0.595265}",0.008337453,0.11459821,0.10626075,0.99169719,0.89172435,0.0028431667,0.010581155,0.98885403,0.88114319,-0.10771083,0.5955404,10.154204,1.5217581,15.452242,False,0.89471245,True,True,True,0.5955404,10.154204,1.5217581,15.452242,0.58411676,10.0769,1.4930268,15.045082,0.85144673,11.973121,0.29431091,3.52382,0.32086602,7.2005229,0.22397446,1.6127332,0.62032435,9.3703033,0.70478774,6.604075,0.54750518,9.5801303,0.8214559,7.8696545,0.58843804,10.959235,0.68359477,7.4916759,0.61557838,10.720886,0.73494695,7.8792828
experiment_0a_best,file,16,,3435,060.Glaucous_winged_Gull/Glaucous_Winged_Gull_0023_45090.jpg,60,59,060.Glaucous_winged_Gull,62,61,identity,identity,0,{},4.3920503,4.3920503,0,0.012375329,0.012375329,0.3425639,0.3425639,-0.33018857,-0.33018857,0,1,1,121.3433,121.3433,False,0.99999994,True,False,False,1,1,121.3433,121.3433,1,1,117.9756,117.9756,1,1,28.389365,28.389365,1,1,30.46982,30.46982,1,1,47.798444,47.798444,1,1,59.914213,59.914213,1,1,57.630996,57.630996,1,1,61.59623,61.59623
experiment_0a_best,file,16,,3435,060.Glaucous_winged_Gull/Glaucous_Winged_Gull_0023_45090.jpg,60,59,060.Glaucous_winged_Gull,62,61,horizontal_flip,horizontal_flip,0,"{""flipped"":true}",4.3920503,4.8657827,0.47373247,0.012375329,0.007705796,0.3425639,0.63620371,-0.33018857,-0.62849791,-0.29830934,0.62798396,1.0182176,121.3433,123.55388,False,0.97293365,True,False,False,0.62798396,1.0182176,121.3433,123.55388,0.60856166,1.0123461,117.9756,119.43213,0.93532402,1.1147461,28.389365,31.646934,0.52062429,0.90248853,30.46982,27.498663,0.46727194,0.86993772,47.798444,41.581669,0.58021233,0.97877481,59.914213,58.642523,0.5898453,1.0384642,57.630996,59.847725,0.73825147,1.1198603,61.59623,68.979175
experiment_0a_best,file,16,,3435,060.Glaucous_winged_Gull/Glaucous_Winged_Gull_0023_45090.jpg,60,59,060.Glaucous_winged_Gull,62,61,color_jitter,color_jitter,0,"{""brightness"":1.209485,""contrast"":0.907526,""hue"":0.096314,""saturation"":1.274114}",4.3920503,3.640399,-0.75165129,0.012375329,0.026241869,0.3425639,0.097927801,-0.33018857,-0.071685933,0.25850264,0.42990024,1.2586642,121.3433,152.73047,False,0.82513416,False,False,False,0.42990024,1.2586642,121.3433,152.73047,0.41602884,1.2682598,117.9756,149.62371,0.71663846,1.0795837,28.389365,30.648696,0.21884462,0.96982784,30.46982,29.55048,0.31670622,1.206209,47.798444,57.654912,0.31450354,1.3331778,59.914213,79.876299,0.48915597,1.3461056,57.630996,77.577404,0.5507777,1.2354916,61.59623,76.101624
experiment_0a_best,file,16,,3435,060.Glaucous_winged_Gull/Glaucous_Winged_Gull_0023_45090.jpg,60,59,060.Glaucous_winged_Gull,62,61,rotation,rotation,0,"{""angle"":-1.420816}",4.3920503,4.1115918,-0.28045845,0.012375329,0.016381675,0.3425639,0.52812427,-0.33018857,-0.5117426,-0.18155403,0.85479959,1.2039777,121.3433,146.09463,False,0.98475605,True,False,False,0.85479959,1.2039777,121.3433,146.09463,0.84982695,1.2120758,117.9756,142.99536,0.9614359,1.0543645,28.389365,29.932738,0.84615236,1.1807943,30.46982,35.978589,0.78165577,1.1618123,47.798444,55.53282,0.84002155,1.1908623,59.914213,71.349578,0.85853664,1.2619479,57.630996,72.727315,0.89210013,1.224546,61.59623,75.427417
experiment_0a_best,file,16,,3435,060.Glaucous_winged_Gull/Glaucous_Winged_Gull_0023_45090.jpg,60,59,060.Glaucous_winged_Gull,62,61,random_resized_crop,random_resized_crop,0,"{""area_fraction"":0.734508,""aspect"":1.305352,""fallback"":false,""height"":0.750126,""left"":0.018927,""top"":0.100809,""width"":0.979179}",4.3920503,9.0891857,4.6971354,0.012375329,0.00011287997,0.3425639,0.32942575,-0.33018857,-0.32931287,0.00087569649,0.5649837,1.5271614,121.3433,185.31081,False,0.88839805,False,False,False,0.5649837,1.5271614,121.3433,185.31081,0.55263522,1.5328775,117.9756,180.84214,0.79583536,1.4248355,28.389365,40.450176,0.56255143,1.0890277,30.46982,33.18248,0.43283357,1.7444401,47.798444,83.381522,0.56787808,1.5352439,59.914213,91.982929,0.56968498,1.5087679,57.630996,86.951795,0.61383595,1.5080728,61.59623,92.8916
experiment_0a_best,file,16,,3435,060.Glaucous_winged_Gull/Glaucous_Winged_Gull_0023_45090.jpg,60,59,060.Glaucous_winged_Gull,62,61,gaussian_blur,gaussian_blur,0,"{""sigma"":1.024836}",4.3920503,5.6920404,1.2999902,0.012375329,0.0033727041,0.3425639,0.74228477,-0.33018857,-0.73891207,-0.4087235,0.74978398,1.4117571,121.3433,171.30727,False,0.95535713,True,False,False,0.74978398,1.4117571,121.3433,171.30727,0.74361364,1.4214417,117.9756,167.69543,0.87993652,1.2325655,28.389365,34.991753,0.78774057,1.3928019,30.46982,42.438425,0.7034496,1.3416136,47.798444,64.127045,0.73032113,1.425321,59.914213,85.396987,0.73236433,1.4891662,57.630996,85.822131,0.7805738,1.4106855,61.59623,86.892906
experiment_0a_best,file,16,,3435,060.Glaucous_winged_Gull/Glaucous_Winged_Gull_0023_45090.jpg,60,59,060.Glaucous_winged_Gull,62,61,random_erasing,random_erasing,0,"{""area_fraction"":0.080853,""erased"":true,""height"":0.18517,""left"":0.104815,""top"":0.173144,""width"":0.436643}",4.3920503,5.0640059,0.67195559,0.012375329,0.0063201892,0.3425639,0.30116755,-0.33018857,-0.29484736,0.03534121,0.88853369,1.0812862,121.3433,131.20684,False,0.9785803,False,False,False,0.88853369,1.0812862,121.3433,131.20684,0.88352625,1.0793233,117.9756,127.33381,0.97270311,1.1146383,28.389365,31.643873,0.8572898,0.81945687,30.46982,24.968704,0.89796455,1.0962715,47.798444,52.400069,0.89220153,1.0826337,59.914213,64.865144,0.86434974,1.1062561,57.630996,63.754641,0.89505139,1.0978054,61.59623,67.620674
experiment_0a_best,file,16,,6277,108.White_necked_Raven/White_Necked_Raven_0018_102746.jpg,108,107,108.White_necked_Raven,107,106,identity,identity,0,{},1.7804662,1.7804662,0,0.16855957,0.16855957,0.79057294,0.79057294,-0.62201338,-0.62201338,0,1,1,156.43181,156.43181,False,1,True,False,False,1,1,156.43181,156.43181,1,1,153.0098,153.0098,1,1,32.540931,32.540931,1,1,29.690351,29.690351,1,1,71.890145,71.890145,1,1,86.280469,86.280469,1,1,72.665387,72.665387,1,1,68.10075,68.10075
experiment_0a_best,file,16,,6277,108.White_necked_Raven/White_Necked_Raven_0018_102746.jpg,108,107,108.White_necked_Raven,107,106,horizontal_flip,horizontal_flip,0,"{""flipped"":true}",1.7804662,1.5856049,-0.19486129,0.16855957,0.20482384,0.79057294,0.7438553,-0.62201338,-0.53903146,0.082981914,0.68484353,1.0291105,156.43181,160.98561,False,0.97632766,True,False,False,0.68484353,1.0291105,156.43181,160.98561,0.67236758,1.0313119,153.0098,157.80084,0.9762519,0.97917309,32.540931,31.863204,0.57958059,0.95798622,29.690351,28.442947,0.49952623,0.97396217,71.890145,70.018282,0.71673242,1.0608276,86.280469,91.528706,0.68865235,1.0612472,72.665387,77.115941,0.78133079,1.0242292,68.10075,69.750779
experiment_0a_best,file,16,,6277,108.White_necked_Raven/White_Necked_Raven_0018_102746.jpg,108,107,108.White_necked_Raven,107,106,color_jitter,color_jitter,0,"{""brightness"":1.364056,""contrast"":0.633664,""hue"":0.091883,""saturation"":1.217216}",1.7804662,6.1687326,4.3882664,0.16855957,0.0020938877,0.79057294,0.80161697,-0.62201338,-0.79952308,-0.1775097,0.6183362,0.90860966,156.43181,142.13546,False,0.84529257,True,False,False,0.6183362,0.90860966,156.43181,142.13546,0.60647077,0.89300277,153.0098,136.63818,0.83910972,1.2030115,32.540931,39.147115,0.01524799,1.0310727,29.690351,30.612911,0.65841398,0.82002801,71.890145,58.951933,0.69777872,0.94393949,86.280469,81.443542,0.56600705,0.81957656,72.665387,59.554848,0.58005811,0.9376801,68.10075,63.856718
experiment_0a_best,file,16,,6277,108.White_necked_Raven/White_Necked_Raven_0018_102746.jpg,108,107,108.White_necked_Raven,107,106,rotation,rotation,0,"{""angle"":6.577819}",1.7804662,1.8521912,0.071725011,0.16855957,0.15689303,0.79057294,0.70631152,-0.62201338,-0.54941849,0.072594881,0.84337287,0.99785823,156.43181,156.09677,False,0.96781534,True,False,False,0.84337287,0.99785823,156.43181,156.09677,0.83844105,1.0013101,153.0098,153.21026,0.96531787,0.91823108,32.540931,29.880094,0.76594903,1.0288554,29.690351,30.547079,0.86143572,1.0027974,71.890145,72.091248,0.85484165,1.0298202,86.280469,88.853368,0.79549022,0.98117368,72.665387,71.297365,0.84932389,0.97013911,68.10075,66.0672
experiment_0a_best,file,16,,6277,108.White_necked_Raven/White_Necked_Raven_0018_102746.jpg,108,107,108.White_necked_Raven,107,106,random_resized_crop,random_resized_crop,0,"{""area_fraction"":0.662302,""aspect"":1.150532,""fallback"":false,""height"":0.758715,""left"":0.055193,""top"":0.032608,""width"":0.872926}",1.7804662,3.1640913,1.3836251,0.16855957,0.042252515,0.79057294,0.89934087,-0.62201338,-0.85708835,-0.23507498,0.66579467,1.1164802,156.43181,174.65303,False,0.95237988,True,False,False,0.66579467,1.1164802,156.43181,174.65303,0.65259588,1.1155755,153.0098,170.69399,0.95239862,1.1362996,32.540931,36.976246,0.39448434,1.2689632,29.690351,37.675962,0.47082571,1.2145438,71.890145,87.313733,0.72082881,1.1292208,86.280469,97.429701,0.71256852,1.019672,72.665387,74.094861,0.7706153,1.0497533,68.10075,71.488988
experiment_0a_best,file,16,,6277,108.White_necked_Raven/White_Necked_Raven_0018_102746.jpg,108,107,108.White_necked_Raven,107,106,gaussian_blur,gaussian_blur,0,"{""sigma"":1.035659}",1.7804662,0.55932546,-1.2211407,0.16855957,0.57159454,0.79057294,0.25955519,-0.62201338,0.31203935,0.93405272,0.69192609,0.56030431,156.43181,87.649419,False,0.92446065,False,False,True,0.69192609,0.56030431,156.43181,87.649419,0.68559639,0.56549996,153.0098,86.527037,0.90149479,0.42966998,32.540931,13.981861,0.61328845,0.7310727,29.690351,21.705805,0.65377272,0.61769508,71.890145,44.406189,0.72561604,0.5526878,86.280469,47.686163,0.65880389,0.53424366,72.665387,38.821023,0.72341847,0.52182075,68.10075,35.536384
experiment_0a_best,file,16,,6277,108.White_necked_Raven/White_Necked_Raven_0018_102746.jpg,108,107,108.White_necked_Raven,107,106,random_erasing,random_erasing,0,"{""area_fraction"":0.156375,""erased"":true,""height"":0.608423,""left"":0.037853,""top"":0.320143,""width"":0.257016}",1.7804662,1.855996,0.075529814,0.16855957,0.15629719,0.79057294,0.77179509,-0.62201338,-0.6154979,0.0065154731,0.93796897,1.0019871,156.43181,156.74266,False,0.98334229,True,False,False,0.93796897,1.0019871,156.43181,156.74266,0.93597269,1.0027362,153.0098,153.42847,0.98302613,0.98528083,32.540931,32.061955,0.86692683,0.82602112,29.690351,24.524857,0.93491118,1.055431,71.890145,75.875089,0.94620722,1.0006954,86.280469,86.340466,0.93803219,0.99451436,72.665387,72.266771,0.93364803,0.98554819,68.10075,67.116571
experiment_0a_best,file,16,,6248,107.Common_Raven/Common_Raven_0068_101216.jpg,107,106,107.Common_Raven,108,107,identity,identity,0,{},0.23530202,0.23530202,0,0.79033214,0.79033214,0.12205949,0.12205949,0.66827264,0.66827264,0,1,1,36.737952,36.737952,False,1,True,True,True,1,1,36.737952,36.737952,1,1,36.19085,36.19085,1,1,6.3166065,6.3166065,1,1,9.4670884,9.4670884,1,1,18.157255,18.157255,1,1,19.894315,19.894315,1,1,16.175958,16.175958,1,1,15.265011,15.265011
experiment_0a_best,file,16,,6248,107.Common_Raven/Common_Raven_0068_101216.jpg,107,106,107.Common_Raven,108,107,horizontal_flip,horizontal_flip,0,"{""flipped"":true}",0.23530202,0.65692937,0.42162736,0.79033214,0.51844084,0.12205949,0.20795801,0.66827264,0.31048283,-0.35778981,0.70496268,2.0682998,36.737952,75.985099,False,0.96586752,True,True,True,0.70496268,2.0682998,36.737952,75.985099,0.69731035,2.0688107,36.19085,74.872017,0.95831393,2.0514581,6.3166065,12.958254,0.46920689,1.9571055,9.4670884,18.528091,0.76906175,2.1160275,18.157255,38.421251,0.6872784,2.1001549,19.894315,41.781143,0.63373694,2.0260542,16.175958,32.773368,0.76578246,2.0366738,15.265011,31.089848
experiment_0a_best,file,16,,6248,107.Common_Raven/Common_Raven_0068_101216.jpg,107,106,107.Common_Raven,108,107,color_jitter,color_jitter,0,"{""brightness"":1.075442,""contrast"":1.367551,""hue"":-0.008253,""saturation"":1.028825}",0.23530202,0.91893882,0.6836368,0.79033214,0.39894217,0.12205949,0.17080425,0.66827264,0.22813793,-0.44013472,0.79873858,2.3144777,36.737952,85.029173,False,0.93830252,True,True,True,0.79873858,2.3144777,36.737952,85.029173,0.79581648,2.3023094,36.19085,83.322533,0.89010477,2.6834651,6.3166065,16.950393,0.84410473,2.1625391,9.4670884,20.472949,0.8180108,2.090133,18.157255,37.951078,0.80019966,2.2556957,19.894315,44.87552,0.77166798,2.5384361,16.175958,41.061636,0.78478483,2.4365125,15.265011,37.193389
experiment_0a_best,file,16,,6248,107.Common_Raven/Common_Raven_0068_101216.jpg,107,106,107.Common_Raven,108,107,rotation,rotation,0,"{""angle"":-9.081087}",0.23530202,0.27290663,0.037604615,0.79033214,0.76116383,0.12205949,0.076327682,0.66827264,0.68483615,0.016563505,0.74190119,1.1787483,36.737952,43.3048,False,0.94745445,True,True,True,0.74190119,1.1787483,36.737952,43.3048,0.73682823,1.1794494,36.19085,42.685276,0.91203429,1.1554981,6.3166065,7.298827,0.84481231,1.2956476,9.4670884,12.26601,0.74855488,1.1500964,18.157255,20.882594,0.71728047,1.2246954,19.894315,24.364476,0.6978434,1.1857006,16.175958,19.179844,0.7604362,1.0843736,15.265011,16.552975
experiment_0a_best,file,16,,6248,107.Common_Raven/Common_Raven_0068_101216.jpg,107,106,107.Common_Raven,108,107,random_resized_crop,random_resized_crop,0,"{""area_fraction"":0.848475,""aspect"":0.942411,""fallback"":false,""height"":0.948854,""left"":0.069578,""top"":0.030314,""width"":0.894211}",0.23530202,0.41393623,0.17863421,0.79033214,0.66104311,0.12205949,0.24928658,0.66827264,0.41175653,-0.25651611,0.83454866,1.7909586,36.737952,65.796151,False,0.97684312,True,True,True,0.83454866,1.7909586,36.737952,65.796151,0.83027332,1.7879131,36.19085,64.706094,0.96864465,1.8882071,6.3166065,11.927061,0.88981868,1.9648561,9.4670884,18.601466,0.82328836,1.8123298,18.157255,32.906934,0.81225636,1.7202603,19.894315,34.223399,0.81244283,1.7545018,16.175958,28.380748,0.86642803,1.8310871,15.265011,27.951563
experiment_0a_best,file,16,,6248,107.Common_Raven/Common_Raven_0068_101216.jpg,107,106,107.Common_Raven,108,107,gaussian_blur,gaussian_blur,0,"{""sigma"":1.214737}",0.23530202,1.0886028,0.85330077,0.79033214,0.33668658,0.12205949,0.16787091,0.66827264,0.16881567,-0.49945697,0.5940462,4.360644,36.737952,160.20113,False,0.84994984,True,True,True,0.5940462,4.360644,36.737952,160.20113,0.59031113,4.393406,36.19085,159.0011,0.80369609,3.0984597,6.3166065,19.571751,0.64458795,6.3278116,9.4670884,59.905952,0.61651575,4.3081583,18.157255,78.224329,0.63470303,4.8370385,19.894315,96.229568,0.46945403,3.8412381,16.175958,62.135706,0.62000004,3.2442677,15.265011,49.523782
experiment_0a_best,file,16,,6248,107.Common_Raven/Common_Raven_0068_101216.jpg,107,106,107.Common_Raven,108,107,random_erasing,random_erasing,0,"{""area_fraction"":0.088215,""erased"":true,""height"":0.385923,""left"":0.664605,""top"":0.19345,""width"":0.228581}",0.23530202,0.14664207,-0.088659942,0.79033214,0.86360306,0.12205949,0.033698495,0.66827264,0.82990456,0.16163192,0.75672492,0.56427503,36.737952,20.730309,False,0.94791782,True,True,True,0.75672492,0.56427503,36.737952,20.730309,0.75220244,0.56424686,36.19085,20.420574,0.9049348,0.56519898,6.3166065,3.5701396,0.79001912,0.56779525,9.4670884,5.3753678,0.69338954,0.50681217,18.157255,9.202318,0.77378373,0.54338388,19.894315,10.81025,0.75505061,0.59120592,16.175958,9.5633223,0.78345477,0.63885479,15.265011,9.7521252
experiment_0a_best,file,16,,1241,023.Brandt_Cormorant/Brandt_Cormorant_0067_23352.jpg,23,22,023.Brandt_Cormorant,87,86,identity,identity,0,{},3.7660556,3.7660556,0,0.02314317,0.02314317,0.15334047,0.15334047,-0.1301973,-0.1301973,0,1,1,124.09476,124.09476,False,1,True,False,False,1,1,124.09476,124.09476,1,1,121.5698,121.5698,1,1,24.905724,24.905724,1,1,38.020016,38.020016,1,1,51.149778,51.149778,1,1,64.856159,64.856159,1,1,56.687112,56.687112,1,1,57.425118,57.425118
experiment_0a_best,file,16,,1241,023.Brandt_Cormorant/Brandt_Cormorant_0067_23352.jpg,23,22,023.Brandt_Cormorant,87,86,horizontal_flip,horizontal_flip,0,"{""flipped"":true}",3.7660556,4.0574412,0.29138565,0.02314317,0.017293213,0.15334047,0.33980477,-0.1301973,-0.32251156,-0.19231425,0.65574662,1.1030768,124.09476,136.88606,False,0.95363408,True,False,False,0.65574662,1.1030768,124.09476,136.88606,0.64401532,1.101993,121.5698,133.96907,0.92884931,1.1285909,24.905724,28.108374,0.73973034,0.9014607,38.020016,34.27355,0.55722234,1.0800634,51.149778,55.245005,0.63022079,1.0788523,64.856159,69.970213,0.64707023,1.1259058,56.687112,63.824347,0.69452916,1.200384,57.425118,68.932191
experiment_0a_best,file,16,,1241,023.Brandt_Cormorant/Brandt_Cormorant_0067_23352.jpg,23,22,023.Brandt_Cormorant,87,86,color_jitter,color_jitter,0,"{""brightness"":1.197676,""contrast"":0.995009,""hue"":0.087631,""saturation"":0.707859}",3.7660556,4.1908288,0.42477322,0.02314317,0.015133739,0.15334047,0.017090753,-0.1301973,-0.0019570142,0.12824029,0.66525367,0.92691078,124.09476,115.02477,False,0.84793472,False,False,False,0.66525367,0.92691078,124.09476,115.02477,0.65807445,0.92399878,121.5698,112.33034,0.82598393,0.99377177,24.905724,24.750605,0.88681769,0.97390099,38.020016,37.027731,0.62737383,0.9794756,51.149778,50.09996,0.62500577,0.79899445,64.856159,51.819711,0.61727613,0.94127312,56.687112,53.358055,0.66532602,0.98580416,57.425118,56.60992
experiment_0a_best,file,16,,1241,023.Brandt_Cormorant/Brandt_Cormorant_0067_23352.jpg,23,22,023.Brandt_Cormorant,87,86,rotation,rotation,0,"{""angle"":-14.953602}",3.7660556,6.0494313,2.2833757,0.02314317,0.0023592035,0.15334047,0.23759605,-0.1301973,-0.23523685,-0.10503954,0.6646531,0.99330372,124.09476,123.26379,False,0.94581485,True,False,False,0.6646531,0.99330372,124.09476,123.26379,0.65153652,0.98563299,121.5698,119.8232,0.93844857,1.1611762,24.905724,28.919933,0.58663201,0.87878728,38.020016,33.411506,0.71101245,1.1117742,51.149778,56.867002,0.61916109,0.923165,64.856159,59.872936,0.64378372,0.97843035,56.687112,55.464391,0.67704916,1.0073576,57.425118,57.847627
experiment_0a_best,file,16,,1241,023.Brandt_Cormorant/Brandt_Cormorant_0067_23352.jpg,23,22,023.Brandt_Cormorant,87,86,random_resized_crop,random_resized_crop,0,"{""area_fraction"":0.719227,""aspect"":1.128381,""fallback"":false,""height"":0.798371,""left"":0.042244,""top"":0.018742,""width"":0.900867}",3.7660556,5.9159441,2.1498885,0.02314317,0.0026961125,0.15334047,0.099724196,-0.1301973,-0.097028083,0.03316922,0.75896459,1.1668594,124.09476,144.80114,False,0.94256306,False,False,False,0.75896459,1.1668594,124.09476,144.80114,0.75209931,1.1660322,121.5698,141.7543,0.91983862,1.1863979,24.905724,29.548097,0.63514183,0.91402017,38.020016,34.751061,0.77658361,1.2836067,51.149778,65.656198,0.83852706,1.2254802,64.856159,79.479939,0.73980765,1.1569211,56.687112,65.582517,0.67568003,1.0955293,57.425118,62.910898
experiment_0a_best,file,16,,1241,023.Brandt_Cormorant/Brandt_Cormorant_0067_23352.jpg,23,22,023.Brandt_Cormorant,87,86,gaussian_blur,gaussian_blur,0,"{""sigma"":1.064854}",3.7660556,5.3633776,1.597322,0.02314317,0.0046850569,0.15334047,0.1298573,-0.1301973,-0.12517224,0.0050250585,0.69132449,1.3290587,124.09476,164.92923,False,0.91721737,False,False,False,0.69132449,1.3290587,124.09476,164.92923,0.68402226,1.3354966,121.5698,162.35606,0.896951,1.1651952,24.905724,29.02003,0.49670798,1.24566,38.020016,47.360012,0.66958848,1.566867,51.149778,80.144898,0.73863342,1.3555683,64.856159,87.916953,0.70398713,1.2930682,56.687112,73.300304,0.70029517,1.1799163,57.425118,67.756832
experiment_0a_best,file,16,,1241,023.Brandt_Cormorant/Brandt_Cormorant_0067_23352.jpg,23,22,023.Brandt_Cormorant,87,86,random_erasing,random_erasing,0,"{""area_fraction"":0.075698,""erased"":true,""height"":0.187915,""left"":0.218045,""top"":0.62308,""width"":0.402832}",3.7660556,3.7794862,0.013430595,0.02314317,0.022834422,0.15334047,0.1331905,-0.1301973,-0.11035608,0.019841228,0.86891204,0.98555961,124.09476,122.30279,False,0.97414446,True,False,False,0.86891204,0.98555961,124.09476,122.30279,0.86462906,0.98642391,121.5698,119.91935,0.9734589,0.96473774,24.905724,24.027492,0.91178271,1.0329375,38.020016,39.272301,0.85454492,0.9795304,51.149778,50.102763,0.89864746,0.9594105,64.856159,62.223679,0.83183542,0.99107342,56.687112,56.181091,0.84209735,1.0003496,57.425118,57.445191
experiment_0a_best,file,16,,11303,192.Downy_Woodpecker/Downy_Woodpecker_0123_184692.jpg,192,191,192.Downy_Woodpecker,114,113,identity,identity,0,{},1.8886685,1.8886685,0,0.15127309,0.15127309,0.37283021,0.37283021,-0.22155713,-0.22155713,0,1,1,198.65862,198.65862,False,1,True,False,False,1,1,198.65862,198.65862,1,1,196.75906,196.75906,1,1,27.406601,27.406601,1,1,48.654859,48.654859,1,1,81.683519,81.683519,1,1,120.00756,120.00756,1,1,98.978235,98.978235,1,1,74.000869,74.000869
experiment_0a_best,file,16,,11303,192.Downy_Woodpecker/Downy_Woodpecker_0123_184692.jpg,192,191,192.Downy_Woodpecker,114,113,horizontal_flip,horizontal_flip,0,"{""flipped"":true}",1.8886685,3.3196239,1.4309554,0.15127309,0.036166433,0.37283021,0.85435224,-0.22155713,-0.8181858,-0.59662868,0.6942368,1.6509189,198.65862,327.96928,False,0.93854141,True,False,False,0.6942368,1.6509189,198.65862,327.96928,0.69115574,1.6553383,196.75906,325.70279,0.89065652,1.4044342,27.406601,38.490768,0.77346678,1.7586208,48.654859,85.565448,0.54485677,1.4850398,81.683519,121.30327,0.75345029,1.6456434,120.00756,197.48964,0.68001725,1.7377692,98.978235,172.00133,0.67819098,1.6802141,74.000869,124.3373
experiment_0a_best,file,16,,11303,192.Downy_Woodpecker/Downy_Woodpecker_0123_184692.jpg,192,191,192.Downy_Woodpecker,114,113,color_jitter,color_jitter,0,"{""brightness"":0.70472,""contrast"":1.075048,""hue"":-0.034083,""saturation"":0.741194}",1.8886685,0.45329881,-1.4353697,0.15127309,0.63552821,0.37283021,0.095787205,-0.22155713,0.539741,0.76129813,0.83884267,0.44957978,198.65862,89.312898,False,0.92947149,False,False,True,0.83884267,0.44957978,198.65862,89.312898,0.83747975,0.44999399,196.75906,88.540392,0.91381853,0.42768786,27.406601,11.721471,0.79353758,0.51697419,48.654859,25.153306,0.75948818,0.43976058,81.683519,35.921192,0.89014833,0.44593127,120.00756,53.515122,0.83575949,0.44688003,98.978235,44.231396,0.82228671,0.44739113,74.000869,33.107332
experiment_0a_best,file,16,,11303,192.Downy_Woodpecker/Downy_Woodpecker_0123_184692.jpg,192,191,192.Downy_Woodpecker,114,113,rotation,rotation,0,"{""angle"":-12.812744}",1.8886685,2.9394937,1.0508251,0.15127309,0.052892491,0.37283021,0.1006691,-0.22155713,-0.04777661,0.17378052,0.75643677,1.0034528,198.65862,199.34455,False,0.91111577,True,False,False,0.75643677,1.0034528,198.65862,199.34455,0.7543374,1.003022,196.75906,197.35367,0.86246065,1.0254087,27.406601,28.102968,0.70347652,0.85863626,48.654859,41.776826,0.69109622,0.91711764,81.683519,74.913396,0.80392078,0.9913668,120.00756,118.97151,0.76490028,1.0897391,98.978235,107.86045,0.70761561,1.0294173,74.000869,76.177778
experiment_0a_best,file,16,,11303,192.Downy_Woodpecker/Downy_Woodpecker_0123_184692.jpg,192,191,192.Downy_Woodpecker,114,113,random_resized_crop,random_resized_crop,0,"{""area_fraction"":0.511835,""aspect"":1.146694,""fallback"":false,""height"":0.6681,""left"":0.084636,""top"":0.296778,""width"":0.766106}",1.8886685,6.2084994,4.3198309,0.15127309,0.0020122544,0.37283021,0.014682871,-0.22155713,-0.012670617,0.20888651,0.64544088,1.0447274,198.65862,207.54411,False,0.79832822,False,False,False,0.64544088,1.0447274,198.65862,207.54411,0.64379713,1.0425963,196.75906,205.14025,0.72529974,1.1492324,27.406601,31.496554,0.60517944,1.0276321,48.654859,49.999296,0.62681932,1.1358278,81.683519,92.778414,0.70487523,0.98937873,120.00756,118.73292,0.64543458,1.0678669,98.978235,105.69558,0.53083831,1.0207457,74.000869,75.536065
experiment_0a_best,file,16,,11303,192.Downy_Woodpecker/Downy_Woodpecker_0123_184692.jpg,192,191,192.Downy_Woodpecker,114,113,gaussian_blur,gaussian_blur,0,"{""sigma"":1.4023}",1.8886685,4.2872305,2.398562,0.15127309,0.013742935,0.37283021,0.12064423,-0.22155713,-0.1069013,0.11465583,0.64252049,1.0565235,198.65862,209.8875,False,0.88260907,False,False,False,0.64252049,1.0565235,198.65862,209.8875,0.63900488,1.0565175,196.75906,207.87939,0.82366687,1.0568326,27.406601,28.96419,0.42001006,1.0084558,48.654859,49.066273,0.46450349,1.1711502,81.683519,95.663666,0.71473805,0.99584568,120.00756,119.50901,0.69741253,1.0635275,98.978235,105.26607,0.67928119,1.0718616,74.000869,79.318692
experiment_0a_best,file,16,,11303,192.Downy_Woodpecker/Downy_Woodpecker_0123_184692.jpg,192,191,192.Downy_Woodpecker,114,113,random_erasing,random_erasing,0,"{""area_fraction"":0.171181,""erased"":true,""height"":0.498742,""left"":0.412884,""top"":0.228586,""width"":0.343227}",1.8886685,0.44196218,-1.4467064,0.15127309,0.64277393,0.37283021,0.03308066,-0.22155713,0.60969327,0.83125039,0.78590596,0.37552889,198.65862,74.602052,False,0.88785762,False,False,True,0.78590596,0.37552889,198.65862,74.602052,0.78498233,0.37582192,196.75906,73.946365,0.83629385,0.36010318,27.406601,9.8692042,0.67864716,0.38577163,48.654859,18.769664,0.73023791,0.37569965,81.683519,30.688469,0.85846001,0.3817321,120.00756,45.810737,0.77993023,0.35994904,98.978235,35.627121,0.71449175,0.383662,74.000869,28.391322
experiment_0a_best,file,16,,6956,119.Field_Sparrow/Field_Sparrow_0013_113599.jpg,119,118,119.Field_Sparrow,117,116,identity,identity,0,{},0.00063411152,0.00063411152,0,0.9993661,0.9993661,0.00022733763,0.00022733763,0.99913877,0.99913877,0,1,1,0.099242903,0.099242903,False,0.99999988,True,True,True,1,1,0.099242903,0.099242903,1,1,0.095892211,0.095892211,1,1,0.025570251,0.025570251,1,1,0.021345145,0.021345145,1,1,0.050044248,0.050044248,1,1,0.048507022,0.048507022,1,1,0.040840895,0.040840895,1,1,0.047057032,0.047057032
experiment_0a_best,file,16,,6956,119.Field_Sparrow/Field_Sparrow_0013_113599.jpg,119,118,119.Field_Sparrow,117,116,horizontal_flip,horizontal_flip,0,"{""flipped"":true}",0.00063411152,0.00041404733,-0.00022006419,0.9993661,0.99958605,0.00022733763,7.5186785e-05,0.99913877,0.99951086,0.00037209198,0.67504224,0.69980019,0.099242903,0.069450202,False,0.9777801,True,True,True,0.67504224,0.69980019,0.099242903,0.069450202,0.65542198,0.70089512,0.095892211,0.067210382,0.95788326,0.68421599,0.025570251,0.017495575,0.38743972,0.66405592,0.021345145,0.01417437,0.68268759,0.59501908,0.050044248,0.029777282,0.64617366,0.73941229,0.048507022,0.035866688,0.59700653,0.77481474,0.040840895,0.031644128,0.75079064,0.71809689,0.047057032,0.033791508
experiment_0a_best,file,16,,6956,119.Field_Sparrow/Field_Sparrow_0013_113599.jpg,119,118,119.Field_Sparrow,117,116,color_jitter,color_jitter,0,"{""brightness"":0.804185,""contrast"":1.117062,""hue"":0.059129,""saturation"":1.092743}",0.00063411152,0.08848761,0.087853499,0.9993661,0.91531444,0.00022733763,0.0072706458,0.99913877,0.90804379,-0.091094977,0.54014624,182.45525,0.099242903,18.107389,False,0.91697276,True,True,True,0.54014624,182.45525,0.099242903,18.107389,0.53156775,186.79861,0.095892211,17.912532,0.85026831,103.60826,0.025570251,2.6492892,0.47362173,200.43754,0.021345145,4.2783684,0.64224276,239.90523,0.050044248,12.005877,0.41293096,187.29261,0.048507022,9.0850067,0.46458539,155.17655,0.040840895,6.3375491,0.64617257,126.99275,0.047057032,5.9759018
experiment_0a_best,file,16,,6956,119.Field_Sparrow/Field_Sparrow_0013_113599.jpg,119,118,119.Field_Sparrow,117,116,rotation,rotation,0,"{""angle"":4.61046}",0.00063411152,0.00062398514,-1.0126387e-05,0.9993661,0.99937624,0.00022733763,0.00012233056,0.99913877,0.99925391,0.00011513986,0.78249109,0.91033665,0.099242903,0.090344452,False,0.98734951,True,True,True,0.78249109,0.91033665,0.099242903,0.090344452,0.76916074,0.90555819,0.095892211,0.086835977,0.95858881,0.97506159,0.025570251,0.02493257,0.82578472,1.0591307,0.021345145,0.022607299,0.7127324,0.72538188,0.050044248,0.036301191,0.76226741,0.90004693,0.048507022,0.043658596,0.75151726,1.0166033,0.040840895,0.041518988,0.84899958,0.96958691,0.047057032,0.045625882
experiment_0a_best,file,16,,6956,119.Field_Sparrow/Field_Sparrow_0013_113599.jpg,119,118,119.Field_Sparrow,117,116,random_resized_crop,random_resized_crop,0,"{""area_fraction"":0.543849,""aspect"":1.19285,""fallback"":false,""height"":0.675222,""left"":0.131334,""top"":0.271611,""width"":0.805438}",0.00063411152,0.145345,0.14471089,0.9993661,0.86472392,0.00022733763,0.050245203,0.99913877,0.81447872,-0.18466005,0.50952682,234.9199,0.099242903,23.314133,False,0.87717974,True,True,True,0.50952682,234.9199,0.099242903,23.314133,0.49380464,238.675,0.095892211,22.887073,0.83794625,173.71439,0.025570251,4.4419204,0.64241711,313.09291,0.021345145,6.6830137,0.55040788,236.89942,0.050044248,11.855453,0.41011094,251.85776,0.048507022,12.21687,0.42366079,241.36054,0.040840895,9.8573803,0.55767394,204.03414,0.047057032,9.6012408
experiment_0a_best,file,16,,6956,119.Field_Sparrow/Field_Sparrow_0013_113599.jpg,119,118,119.Field_Sparrow,117,116,gaussian_blur,gaussian_blur,0,"{""sigma"":1.965502}",0.00063411152,0.046315111,0.045681,0.9993661,0.95474106,0.00022733763,0.030945558,0.99913877,0.9237955,-0.075343264,0.54731204,94.257364,0.099242903,9.3543744,False,0.91297019,True,True,True,0.54731204,94.257364,0.099242903,9.3543744,0.53179182,95.596448,0.095892211,9.1669547,0.85292462,72.863274,0.025570251,1.8631322,0.47219216,104.70957,0.021345145,2.235041,0.52426532,84.943951,0.050044248,4.2509561,0.52834368,111.56566,0.048507022,5.4117176,0.51175559,104.06395,0.040840895,4.250065,0.60977798,78.418889,0.047057032,3.6901602
experiment_0a_best,file,16,,6956,119.Field_Sparrow/Field_Sparrow_0013_113599.jpg,119,118,119.Field_Sparrow,117,116,random_erasing,random_erasing,0,"{""area_fraction"":0.120273,""erased"":true,""height"":0.510268,""left"":0.486297,""top"":0.039605,""width"":0.235706}",0.00063411152,0.027909664,0.027275553,0.9993661,0.97247618,0.00022733763,0.0026786246,0.99913877,0.96979756,-0.029341207,0.56231551,45.589979,0.099242903,4.5244819,False,0.89148438,True,True,True,0.56231551,45.589979,0.099242903,4.5244819,0.54985213,46.360678,0.095892211,4.4456279,0.84118205,32.890889,0.025570251,0.84102829,0.54823645,53.100899,0.021345145,1.1334464,0.71560712,46.374932,0.050044248,2.3207986,0.37470628,45.456266,0.048507022,2.2049481,0.42176424,49.02701,0.040840895,2.002307,0.65633058,43.663931,0.047057032,2.054695
experiment_0a_best,file,16,,9150,156.White_eyed_Vireo/White_Eyed_Vireo_0118_159036.jpg,156,155,156.White_eyed_Vireo,157,156,identity,identity,0,{},6.7112574e-05,6.7112574e-05,0,0.99993289,0.99993289,2.3805364e-05,2.3805364e-05,0.99990908,0.99990908,0,1,1,0.0099073393,0.0099073393,False,1,True,True,True,1,1,0.0099073393,0.0099073393,1,1,0.0095600754,0.0095600754,1,1,0.0026000637,0.0026000637,1,1,0.0015623789,0.0015623789,1,1,0.0040012045,0.0040012045,1,1,0.0043372534,0.0043372534,1,1,0.0047047245,0.0047047245,1,1,0.005656693,0.005656693
experiment_0a_best,file,16,,9150,156.White_eyed_Vireo/White_Eyed_Vireo_0118_159036.jpg,156,155,156.White_eyed_Vireo,157,156,horizontal_flip,horizontal_flip,0,"{""flipped"":true}",6.7112574e-05,0.00011741426,5.0301685e-05,0.99993289,0.99988258,2.3805364e-05,6.4679771e-05,0.99990908,0.9998179,-9.1180727e-05,0.6294642,1.7548049,0.0099073393,0.017385448,False,0.98287368,True,True,True,0.6294642,1.7548049,0.0099073393,0.017385448,0.60324131,1.7470283,0.0095600754,0.016701722,0.96411373,1.8567455,0.0026000637,0.0048276566,0.29675206,1.9215635,0.0015623789,0.0030022103,0.59181415,1.7037203,0.0040012045,0.0068169332,0.48711483,1.8313183,0.0043372534,0.0079428917,0.54578494,1.7797177,0.0047047245,0.0083730816,0.75365274,1.6795721,0.005656693,0.0095008237
experiment_0a_best,file,16,,9150,156.White_eyed_Vireo/White_Eyed_Vireo_0118_159036.jpg,156,155,156.White_eyed_Vireo,157,156,color_jitter,color_jitter,0,"{""brightness"":0.766892,""contrast"":1.370634,""hue"":-0.094857,""saturation"":0.725569}",6.7112574e-05,5.5115457,5.5114785,0.99993289,0.0040398585,2.3805364e-05,0.0013155248,0.99990908,0.0027243337,-0.99718475,0.33502687,15067.162,0.0099073393,149.27549,False,0.61502206,False,True,False,0.33502687,15067.162,0.0099073393,149.27549,0.32667113,15330.789,0.0095600754,146.5635,0.51272916,10894.005,0.0026000637,28.325106,0.36212615,18921.809,0.0015623789,29.563035,0.52298272,21302.851,0.0040012045,85.237065,0.24645417,16873.699,0.0043372534,73.185508,0.32064001,13253.894,0.0047047245,62.35592,0.24948195,11315.619,0.005656693,64.008982
experiment_0a_best,file,16,,9150,156.White_eyed_Vireo/White_Eyed_Vireo_0118_159036.jpg,156,155,156.White_eyed_Vireo,157,156,rotation,rotation,0,"{""angle"":-1.856498}",6.7112574e-05,0.00012063253,5.3519951e-05,0.99993289,0.99987936,2.3805364e-05,5.2365274e-05,0.99990908,0.99982699,-8.2084882e-05,0.84545597,1.8329482,0.0099073393,0.01815964,False,0.99386358,True,True,True,0.84545597,1.8329482,0.0099073393,0.01815964,0.83517129,1.8354285,0.0095600754,0.017546835,0.98746464,1.7990805,0.0026000637,0.0046777241,0.69334003,1.7994221,0.0015623789,0.0028113791,0.8071958,1.9294452,0.0040012045,0.0077201047,0.78211406,1.8977055,0.0043372534,0.0082308296,0.82430348,1.9051182,0.0047047245,0.0089630562,0.90969483,1.6984357,0.005656693,0.0096075294
experiment_0a_best,file,16,,9150,156.White_eyed_Vireo/White_Eyed_Vireo_0118_159036.jpg,156,155,156.White_eyed_Vireo,157,156,random_resized_crop,random_resized_crop,0,"{""area_fraction"":0.593228,""aspect"":0.904755,""fallback"":false,""height"":0.80974,""left"":0.115621,""top"":0.087619,""width"":0.732616}",6.7112574e-05,0.0006046851,0.00053757253,0.99993289,0.99939549,2.3805364e-05,0.00010524387,0.99990908,0.99929025,-0.00061883399,0.7088325,10.780075,0.0099073393,0.10680186,False,0.97214949,True,True,True,0.7088325,10.780075,0.0099073393,0.10680186,0.6963944,10.927638,0.0095600754,0.10446905,0.94452377,8.5383856,0.0026000637,0.022200347,0.59590913,11.18852,0.0015623789,0.017480708,0.79769474,12.824006,0.0040012045,0.05131147,0.62134952,12.7919,0.0043372534,0.055481713,0.61622564,9.9875866,0.0047047245,0.046988843,0.78309806,9.1674036,0.005656693,0.051857187
experiment_0a_best,file,16,,9150,156.White_eyed_Vireo/White_Eyed_Vireo_0118_159036.jpg,156,155,156.White_eyed_Vireo,157,156,gaussian_blur,gaussian_blur,0,"{""sigma"":1.092744}",6.7112574e-05,0.0033528563,0.0032857437,0.99993289,0.99665278,2.3805364e-05,0.0012351775,0.99990908,0.9954176,-0.0044914754,0.59089608,69.106333,0.0099073393,0.68465989,False,0.96284366,True,True,True,0.59089608,69.106333,0.0099073393,0.68465989,0.57868642,70.71942,0.0095600754,0.67608299,0.95359914,41.549835,0.0026000637,0.10803222,0.20842329,102.12627,0.0015623789,0.15955993,0.53976713,90.996297,0.0040012045,0.3640948,0.59244431,82.712469,0.0043372534,0.35874494,0.59830361,67.959331,0.0047047245,0.31972993,0.73152848,46.146012,0.005656693,0.26103382
experiment_0a_best,file,16,,9150,156.White_eyed_Vireo/White_Eyed_Vireo_0118_159036.jpg,156,155,156.White_eyed_Vireo,157,156,random_erasing,random_erasing,0,"{""area_fraction"":0.119002,""erased"":true,""height"":0.256969,""left"":0.021985,""top"":0.353425,""width"":0.4631}",6.7112574e-05,0.00084829103,0.00078117846,0.99993289,0.99915206,2.3805364e-05,0.00012062847,0.99990908,0.99903144,-0.00087764396,0.61439728,12.810139,0.0099073393,0.12691439,False,0.93640387,True,True,True,0.61439728,12.810139,0.0099073393,0.12691439,0.59816396,12.957054,0.0095600754,0.12387042,0.8934141,10.626428,0.0026000637,0.02762939,0.54361399,13.643332,0.0015623789,0.021316055,0.47377388,11.407242,0.0040012045,0.045642709,0.57483249,14.488231,0.0043372534,0.062839132,0.59531065,13.895522,0.0047047245,0.065374602,0.68922495,11.968599,0.005656693,0.067702689
experiment_0a_best,file,16,,1514,027.Shiny_Cowbird/Shiny_Cowbird_0062_24271.jpg,27,26,027.Shiny_Cowbird,29,28,identity,identity,0,{},0.075538717,0.075538717,0,0.92724383,0.92724383,0.052080996,0.052080996,0.87516283,0.87516283,0,1,1,14.574052,14.574052,False,1,True,True,True,1,1,14.574052,14.574052,1,1,14.285424,14.285424,1,1,2.8861123,2.8861123,1,1,3.0187536,3.0187536,1,1,6.5170268,6.5170268,1,1,8.0995048,8.0995048,1,1,6.7989681,6.7989681,1,1,6.3765891,6.3765891
experiment_0a_best,file,16,,1514,027.Shiny_Cowbird/Shiny_Cowbird_0062_24271.jpg,27,26,027.Shiny_Cowbird,29,28,horizontal_flip,horizontal_flip,0,"{""flipped"":true}",0.075538717,0.054657724,-0.020880993,0.92724383,0.94680917,0.052080996,0.024881762,0.87516283,0.92192741,0.046764579,0.6374693,0.60771965,14.574052,8.8569378,False,0.97422647,True,True,True,0.6374693,0.60771965,14.574052,8.8569378,0.62360874,0.60551325,14.285424,8.6500136,0.9514875,0.65947393,2.8861123,1.9033158,0.25003736,0.8708118,3.0187536,2.6287662,0.63484632,0.59984458,6.5170268,3.9092032,0.67147437,0.54044169,8.0995048,4.37731,0.59631376,0.59405588,6.7989681,4.038967,0.70874113,0.64956722,6.3765891,4.1420232
experiment_0a_best,file,16,,1514,027.Shiny_Cowbird/Shiny_Cowbird_0062_24271.jpg,27,26,027.Shiny_Cowbird,29,28,color_jitter,color_jitter,0,"{""brightness"":1.23957,""contrast"":0.690919,""hue"":0.079061,""saturation"":1.112384}",0.075538717,0.34171787,0.26617915,0.92724383,0.71054864,0.052080996,0.1266789,0.87516283,0.58386974,-0.29129309,0.66551337,3.1805,14.574052,46.352773,False,0.91601014,True,True,True,0.66551337,3.1805,14.574052,46.352773,0.6565033,3.1843519,14.285424,45.489818,0.89371727,3.0846287,2.8861123,8.9025849,0.28815904,3.3150427,3.0187536,10.007297,0.57995773,3.0428976,6.5170268,19.830645,0.68648743,3.0023925,8.0995048,24.317892,0.68074681,3.3737905,6.7989681,22.938294,0.74409018,3.35763,6.3765891,21.410227
experiment_0a_best,file,16,,1514,027.Shiny_Cowbird/Shiny_Cowbird_0062_24271.jpg,27,26,027.Shiny_Cowbird,29,28,rotation,rotation,0,"{""angle"":1.861996}",0.075538717,0.048077106,-0.027461611,0.92724383,0.95306027,0.052080996,0.019334208,0.87516283,0.93372606,0.058563229,0.84914735,0.55936228,14.574052,8.1521749,False,0.98737872,True,True,True,0.84914735,0.55936228,14.574052,8.1521749,0.8454299,0.55550103,14.285424,7.9355679,0.93676837,0.64680081,2.8861123,1.8667398,0.79452188,0.60305341,3.0187536,1.8204696,0.80800292,0.51893347,6.5170268,3.3819034,0.84411423,0.54136819,8.0995048,4.3848143,0.85554398,0.56191014,6.7989681,3.8204091,0.88706685,0.59509846,6.3765891,3.7946984
experiment_0a_best,file,16,,1514,027.Shiny_Cowbird/Shiny_Cowbird_0062_24271.jpg,27,26,027.Shiny_Cowbird,29,28,random_resized_crop,random_resized_crop,0,"{""area_fraction"":0.606966,""aspect"":1.129499,""fallback"":false,""height"":0.73306,""left"":0.072199,""top"":0.026189,""width"":0.82799}",0.075538717,0.032318767,-0.04321995,0.92724383,0.96819788,0.052080996,0.0080191595,0.87516283,0.96017872,0.08501589,0.62635612,0.39082451,14.574052,5.6958967,False,0.92879748,True,True,True,0.62635612,0.39082451,14.574052,5.6958967,0.61663,0.39017935,14.285424,5.5738775,0.85567518,0.4063109,2.8861123,1.1726589,0.29717517,0.47430177,3.0187536,1.4318002,0.56745074,0.36551378,6.5170268,2.3820631,0.62042401,0.34793893,8.0995048,2.818133,0.65062446,0.41323685,6.7989681,2.8095842,0.71059201,0.42971391,6.3765891,2.740109
experiment_0a_best,file,16,,1514,027.Shiny_Cowbird/Shiny_Cowbird_0062_24271.jpg,27,26,027.Shiny_Cowbird,29,28,gaussian_blur,gaussian_blur,0,"{""sigma"":1.303003}",0.075538717,0.11695766,0.04141894,0.92724383,0.88962287,0.052080996,0.01216139,0.87516283,0.87746148,0.0022986447,0.51938067,1.3364644,14.574052,19.477701,False,0.91748828,True,True,True,0.51938067,1.3364644,14.574052,19.477701,0.50851479,1.335944,14.285424,19.084527,0.78300957,1.3491491,2.8861123,3.8937959,0.31969857,1.891596,3.0187536,5.7102621,0.44797548,1.1499092,6.5170268,7.4939888,0.49653699,1.2634313,8.0995048,10.233168,0.53212497,1.4438416,6.7989681,9.8166333,0.62878788,1.3524003,6.3765891,8.6237009
experiment_0a_best,file,16,,1514,027.Shiny_Cowbird/Shiny_Cowbird_0062_24271.jpg,27,26,027.Shiny_Cowbird,29,28,random_erasing,random_erasing,0,"{""area_fraction"":0.12446,""erased"":true,""height"":0.314476,""left"":0.023653,""top"":0.598657,""width"":0.395769}",0.075538717,0.63649201,0.5609533,0.92724383,0.52914542,0.052080996,0.13257776,0.87516283,0.39656766,-0.47859517,0.76572993,6.3970625,14.574052,93.231121,False,0.94980466,True,True,True,0.76572993,6.3970625,14.574052,93.231121,0.76272762,6.4257257,14.285424,91.794218,0.85552296,5.6495794,2.8861123,16.305321,0.5991382,6.5637997,3.0187536,19.814494,0.76058773,6.2898069,6.5170268,40.99084,0.79577034,6.4746202,8.0995048,52.441217,0.73411407,6.4871038,6.7989681,44.105612,0.78191876,6.3854945,6.3765891,40.717675
experiment_0a_best,file,16,,1639,029.American_Crow/American_Crow_0062_25587.jpg,29,28,029.American_Crow,30,29,identity,identity,0,{},0.38280076,0.38280076,0,0.68194878,0.68194878,0.19795711,0.19795711,0.48399167,0.48399167,0,1,1,50.186201,50.186201,False,1,True,True,True,1,1,50.186201,50.186201,1,1,48.924731,48.924731,1,1,11.181479,11.181479,1,1,16.664274,16.664274,1,1,20.798198,20.798198,1,1,24.878384,24.878384,1,1,24.050142,24.050142,1,1,22.045929,22.045929
experiment_0a_best,file,16,,1639,029.American_Crow/American_Crow_0062_25587.jpg,29,28,029.American_Crow,30,29,horizontal_flip,horizontal_flip,0,"{""flipped"":true}",0.38280076,0.68686479,0.30406404,0.68194878,0.50315112,0.19795711,0.26745558,0.48399167,0.23569554,-0.24829613,0.66712921,1.5320223,50.186201,76.88638,False,0.96739274,True,True,True,0.66712921,1.5320223,50.186201,76.88638,0.65194397,1.5287132,48.924731,74.791885,0.94649054,1.5940506,11.181479,17.823843,0.66858446,1.4414496,16.664274,24.020711,0.64027317,1.5113053,20.798198,31.432427,0.5995012,1.4805628,24.878384,36.834011,0.63686204,1.6185459,24.050142,38.926258,0.7385577,1.5427925,22.045929,34.012293
experiment_0a_best,file,16,,1639,029.American_Crow/American_Crow_0062_25587.jpg,29,28,029.American_Crow,30,29,color_jitter,color_jitter,0,"{""brightness"":0.809822,""contrast"":0.820395,""hue"":-0.090033,""saturation"":1.245976}",0.38280076,0.68377429,0.30097353,0.68194878,0.50470847,0.19795711,0.16105205,0.48399167,0.34365642,-0.14033525,0.70804692,1.735407,50.186201,87.093486,False,0.94263208,True,True,True,0.70804692,1.735407,50.186201,87.093486,0.70134965,1.7538032,48.924731,85.80435,0.90192806,1.3351954,11.181479,14.92946,0.55735609,1.7204485,16.664274,28.670024,0.64673939,1.9345872,20.798198,40.235927,0.73677257,1.8620181,24.878384,46.324003,0.74185564,1.6391072,24.050142,39.42076,0.75830343,1.585375,22.045929,34.951064
experiment_0a_best,file,16,,1639,029.American_Crow/American_Crow_0062_25587.jpg,29,28,029.American_Crow,30,29,rotation,rotation,0,"{""angle"":4.495847}",0.38280076,0.30623505,-0.076565713,0.68194878,0.73621356,0.19795711,0.12214054,0.48399167,0.61407302,0.13008136,0.8030285,0.81240465,50.186201,40.771503,False,0.9654991,True,True,True,0.8030285,0.81240465,50.186201,40.771503,0.79547372,0.81447023,48.924731,39.847737,0.95677193,0.77179339,11.181479,8.6297918,0.69918091,0.7432221,16.664274,12.385257,0.73699166,0.80269516,20.798198,16.694613,0.80643848,0.82277578,24.878384,20.469332,0.83367986,0.83999647,24.050142,20.202034,0.8379373,0.82228007,22.045929,18.127928
experiment_0a_best,file,16,,1639,029.American_Crow/American_Crow_0062_25587.jpg,29,28,029.American_Crow,30,29,random_resized_crop,random_resized_crop,0,"{""area_fraction"":0.590698,""aspect"":0.931252,""fallback"":false,""height"":0.796432,""left"":0.199503,""top"":0.077813,""width"":0.741679}",0.38280076,0.31920224,-0.063598514,0.68194878,0.72672856,0.19795711,0.18044582,0.48399167,0.54628274,0.062291071,0.74814039,0.90471688,50.186201,45.404304,False,0.94330907,True,True,True,0.74814039,0.90471688,50.186201,45.404304,0.73801564,0.9038847,48.924731,44.222316,0.9385982,0.92050393,11.181479,10.292596,0.66572107,0.7635189,16.664274,12.723488,0.73199856,0.8385555,20.798198,17.440443,0.75877208,0.95246617,24.878384,23.695819,0.74520989,0.96599902,24.050142,23.232413,0.75129686,0.89385398,22.045929,19.705841
experiment_0a_best,file,16,,1639,029.American_Crow/American_Crow_0062_25587.jpg,29,28,029.American_Crow,30,29,gaussian_blur,gaussian_blur,0,"{""sigma"":1.521107}",0.38280076,3.9213424,3.5385416,0.68194878,0.019814478,0.19795711,0.22929409,0.48399167,-0.20947961,-0.69347128,0.45524988,2.4569628,50.186201,123.30563,False,0.86211389,False,True,False,0.45524988,2.4569628,50.186201,123.30563,0.43575194,2.4500844,48.924731,119.86972,0.80966203,2.5851227,11.181479,28.905496,-0.077032211,2.1935493,16.664274,36.553906,0.23803525,2.3451211,20.798198,48.774291,0.49909872,2.6075602,24.878384,64.871885,0.57968057,2.4158407,24.050142,58.101311,0.6103191,2.5130776,22.045929,55.40313
experiment_0a_best,file,16,,1639,029.American_Crow/American_Crow_0062_25587.jpg,29,28,029.American_Crow,30,29,random_erasing,random_erasing,0,"{""area_fraction"":0.104346,""erased"":true,""height"":0.377242,""left"":0.450643,""top"":0.105991,""width"":0.276603}",0.38280076,3.5354681,3.1526673,0.68194878,0.02914511,0.19795711,0.40678331,0.48399167,-0.3776382,-0.86162987,0.68945558,2.2582017,50.186201,113.33057,False,0.86116463,False,True,False,0.68945558,2.2582017,50.186201,113.33057,0.68081353,2.2426715,48.924731,109.7221,0.84066184,2.5372637,11.181479,28.370362,0.71167334,2.4098047,16.664274,40.157646,0.59820492,1.9179866,20.798198,39.890665,0.66303614,2.1726674,24.878384,54.052454,0.71502932,2.3123086,24.050142,55.611349,0.71246273,2.409094,22.045929,53.110715
experiment_0a_best,file,16,,1375,025.Pelagic_Cormorant/Pelagic_Cormorant_0044_23536.jpg,25,24,025.Pelagic_Cormorant,23,22,identity,identity,0,{},0.38633433,0.38633433,0,0.67954332,0.67954332,0.18355949,0.18355949,0.49598382,0.49598382,0,1,1,44.625505,44.625505,False,0.99999988,True,True,True,1,1,44.625505,44.625505,1,1,43.438125,43.438125,1,1,10.2257,10.2257,1,1,12.690385,12.690385,1,1,19.331883,19.331883,1,1,22.096669,22.096669,1,1,21.380483,21.380483,1,1,20.167184,20.167184
experiment_0a_best,file,16,,1375,025.Pelagic_Cormorant/Pelagic_Cormorant_0044_23536.jpg,25,24,025.Pelagic_Cormorant,23,22,horizontal_flip,horizontal_flip,0,"{""flipped"":true}",0.38633433,0.40929028,0.022955954,0.67954332,0.66412145,0.18355949,0.21750142,0.49598382,0.44662003,-0.049363792,0.73028257,1.0356888,44.625505,46.218136,False,0.97361189,True,True,True,0.73028257,1.0356888,44.625505,46.218136,0.7149912,1.024249,43.438125,44.491458,0.97208894,1.2238813,10.2257,12.515043,0.74026988,0.85247258,12.690385,10.818206,0.76025493,1.0415444,19.331883,20.135015,0.70245245,1.0411575,22.096669,23.006112,0.66146999,1.0244243,21.380483,21.902687,0.74353763,1.0495607,20.167184,21.166685
experiment_0a_best,file,16,,1375,025.Pelagic_Cormorant/Pelagic_Cormorant_0044_23536.jpg,25,24,025.Pelagic_Cormorant,23,22,color_jitter,color_jitter,0,"{""brightness"":0.947381,""contrast"":0.673893,""hue"":-0.006337,""saturation"":0.957465}",0.38633433,0.92750537,0.54117104,0.67954332,0.39553919,0.18355949,0.24335358,0.49598382,0.15218562,-0.34379821,0.78657203,2.0137804,44.625505,89.865965,False,0.96864539,True,True,True,0.78657203,2.0137804,44.625505,89.865965,0.77817678,2.0211195,43.438125,87.793642,0.95181123,1.8764199,10.2257,19.187708,0.86105718,2.0564276,12.690385,26.096859,0.64407511,2.0833917,19.331883,40.275884,0.78927651,2.1684348,22.096669,47.915185,0.81732569,1.8894808,21.380483,40.398012,0.82505404,1.9054428,20.167184,38.427416
experiment_0a_best,file,16,,1375,025.Pelagic_Cormorant/Pelagic_Cormorant_0044_23536.jpg,25,24,025.Pelagic_Cormorant,23,22,rotation,rotation,0,"{""angle"":-14.409428}",0.38633433,0.28925255,-0.09708178,0.67954332,0.74882305,0.18355949,0.085851468,0.49598382,0.66297158,0.16698775,0.73211179,0.75626818,44.625505,33.748849,False,0.96232623,True,True,True,0.73211179,0.75626818,44.625505,33.748849,0.72175697,0.76006594,43.438125,33.015839,0.94357226,0.68412461,10.2257,6.9956532,0.66482857,0.79566844,12.690385,10.097339,0.67493724,0.70302448,19.331883,13.590787,0.75803546,0.74863166,22.096669,16.542266,0.71919883,0.78335669,21.380483,16.748544,0.74742877,0.78279102,20.167184,15.786691
experiment_0a_best,file,16,,1375,025.Pelagic_Cormorant/Pelagic_Cormorant_0044_23536.jpg,25,24,025.Pelagic_Cormorant,23,22,random_resized_crop,random_resized_crop,0,"{""area_fraction"":0.757931,""aspect"":1.2212,""fallback"":false,""height"":0.78781,""left"":0.007186,""top"":0.180555,""width"":0.962074}",0.38633433,2.8428147,2.4564804,0.67954332,0.05826145,0.18355949,0.17576005,0.49598382,-0.1174986,-0.61348242,0.62419145,2.6020693,44.625505,116.11866,False,0.84511554,False,True,False,0.62419145,2.6020693,44.625505,116.11866,0.61481586,2.594222,43.438125,112.68814,0.78526253,2.7398156,10.2257,28.016534,0.72297799,2.5069067,12.690385,31.813612,0.51971205,2.1739323,19.331883,42.026206,0.62688745,2.5088179,22.096669,55.43652,0.62711317,2.7250556,21.380483,58.263006,0.62977358,2.9135537,20.167184,58.758175
experiment_0a_best,file,16,,1375,025.Pelagic_Cormorant/Pelagic_Cormorant_0044_23536.jpg,25,24,025.Pelagic_Cormorant,23,22,gaussian_blur,gaussian_blur,0,"{""sigma"":1.484802}",0.38633433,4.1245809,3.7382465,0.67954332,0.016170273,0.18355949,0.068895072,0.49598382,-0.052724799,-0.54870862,0.29497527,4.7851914,44.625505,213.54158,False,0.79718953,False,True,False,0.29497527,4.7851914,44.625505,213.54158,0.28461314,4.8676933,43.438125,211.44347,0.64467267,2.9201664,10.2257,29.860747,0.34066241,4.0023467,12.690385,50.791321,0.13280887,4.9039477,19.331883,94.802543,0.21028931,5.2307627,22.096669,115.58243,0.38128748,5.2687363,21.380483,112.64813,0.40963434,4.1758423,20.167184,84.21498
experiment_0a_best,file,16,,1375,025.Pelagic_Cormorant/Pelagic_Cormorant_0044_23536.jpg,25,24,025.Pelagic_Cormorant,23,22,random_erasing,random_erasing,0,"{""area_fraction"":0.133528,""erased"":true,""height"":0.215235,""left"":0.096466,""top"":0.309513,""width"":0.620383}",0.38633433,0.27084485,-0.11548948,0.67954332,0.76273483,0.18355949,0.15866625,0.49598382,0.60406858,0.10808475,0.74427891,0.74032436,44.625505,33.037348,False,0.9358598,True,True,True,0.74427891,0.74032436,44.625505,33.037348,0.73455741,0.7364986,43.438125,31.992118,0.90740134,0.80624666,10.2257,8.2444367,0.87881012,0.63690248,12.690385,8.0825379,0.77963602,0.78867287,19.331883,15.246532,0.72669714,0.71591533,22.096669,15.819344,0.67946493,0.71297274,21.380483,15.243701,0.71682876,0.7731037,20.167184,15.591325
experiment_0a_best,file,16,,4127,071.Long_tailed_Jaeger/Long_Tailed_Jaeger_0062_797104.jpg,71,70,071.Long_tailed_Jaeger,44,43,identity,identity,0,{},0.45344967,0.45344967,0,0.63543236,0.63543236,0.10575388,0.10575388,0.52967849,0.52967849,0,1,1,54.386443,54.386443,False,1,True,True,True,1,1,54.386443,54.386443,1,1,53.086894,53.086894,1,1,11.818073,11.818073,1,1,8.716616,8.716616,1,1,21.342979,21.342979,1,1,27.425165,27.425165,1,1,27.593964,27.593964,1,1,27.805569,27.805569
experiment_0a_best,file,16,,4127,071.Long_tailed_Jaeger/Long_Tailed_Jaeger_0062_797104.jpg,71,70,071.Long_tailed_Jaeger,44,43,horizontal_flip,horizontal_flip,0,"{""flipped"":true}",0.45344967,0.25472221,-0.19872746,0.63543236,0.77513176,0.10575388,0.0090585276,0.52967849,0.76607323,0.23639475,0.61553571,0.59485703,54.386443,32.352158,False,0.95732522,True,True,True,0.61553571,0.59485703,54.386443,32.352158,0.6004986,0.59480083,53.086894,31.576129,0.9183526,0.59599006,11.818073,7.0434541,0.49215112,0.64227805,8.716616,5.5984912,0.51869869,0.66204341,21.342979,14.129978,0.5260494,0.56476907,27.425165,15.488885,0.60587232,0.58089207,27.593964,16.029115,0.73366894,0.59008881,27.805569,16.407755
experiment_0a_best,file,16,,4127,071.Long_tailed_Jaeger/Long_Tailed_Jaeger_0062_797104.jpg,71,70,071.Long_tailed_Jaeger,44,43,color_jitter,color_jitter,0,"{""brightness"":1.045974,""contrast"":0.75179,""hue"":0.044061,""saturation"":1.277546}",0.45344967,0.16529019,-0.28815947,0.63543236,0.84764767,0.10575388,0.032938786,0.52967849,0.81470888,0.28503039,0.83737875,0.45294935,54.386443,24.634304,False,0.9782505,True,True,True,0.83737875,0.45294935,54.386443,24.634304,0.83112825,0.45413295,53.086894,24.108508,0.97245283,0.42836819,11.818073,5.0624866,0.74599519,0.52100226,8.716616,4.5413767,0.75375739,0.5114835,21.342979,10.916581,0.8251934,0.45987156,27.425165,12.612053,0.84549658,0.42012643,27.593964,11.592954,0.89487251,0.43746771,27.805569,12.164039
experiment_0a_best,file,16,,4127,071.Long_tailed_Jaeger/Long_Tailed_Jaeger_0062_797104.jpg,71,70,071.Long_tailed_Jaeger,44,43,rotation,rotation,0,"{""angle"":-2.092553}",0.45344967,0.353432,-0.10001767,0.63543236,0.70227373,0.10575388,0.067584269,0.52967849,0.63468946,0.10501097,0.81485964,0.80455804,54.386443,43.75705,False,0.97623485,True,True,True,0.81485964,0.80455804,54.386443,43.75705,0.80653291,0.79814728,53.086894,42.37116,0.96824989,0.92446482,11.818073,10.925393,0.62167018,0.83809495,8.716616,7.3053518,0.77747057,0.72816601,21.342979,15.541231,0.78114797,0.76712771,27.425165,21.038604,0.80896388,0.81881163,27.593964,22.594259,0.86339801,0.84135344,27.805569,23.394311
experiment_0a_best,file,16,,4127,071.Long_tailed_Jaeger/Long_Tailed_Jaeger_0062_797104.jpg,71,70,071.Long_tailed_Jaeger,44,43,random_resized_crop,random_resized_crop,0,"{""area_fraction"":0.583944,""aspect"":0.840657,""fallback"":false,""height"":0.833444,""left"":0.025038,""top"":0.03436,""width"":0.70064}",0.45344967,0.19279709,-0.26065257,0.63543236,0.82464927,0.10575388,0.0039686123,0.52967849,0.82068066,0.29100218,0.61216551,0.53688975,54.386443,29.199524,False,0.94848156,True,True,True,0.61216551,0.53688975,54.386443,29.199524,0.59939536,0.53819737,53.086894,28.571227,0.88506329,0.50978825,11.818073,6.0247148,0.50905815,0.80799666,8.716616,7.0429967,0.51723773,0.60362778,21.342979,12.883215,0.57771865,0.52306557,27.425165,14.345159,0.60051938,0.50134197,27.593964,13.834012,0.70360755,0.51312787,27.805569,14.267812
experiment_0a_best,file,16,,4127,071.Long_tailed_Jaeger/Long_Tailed_Jaeger_0062_797104.jpg,71,70,071.Long_tailed_Jaeger,44,43,gaussian_blur,gaussian_blur,0,"{""sigma"":1.555469}",0.45344967,1.2447755,0.79132587,0.63543236,0.28800556,0.10575388,0.092806302,0.52967849,0.19519926,-0.33447923,0.57549543,2.6044722,54.386443,141.64798,False,0.91927338,False,True,False,0.57549543,2.6044722,54.386443,141.64798,0.56330161,2.6227279,53.086894,139.23248,0.87666095,2.20403,11.818073,26.047388,0.2674711,3.5765314,8.716616,31.175251,0.5276857,3.2046965,21.342979,68.397769,0.54940458,2.9333839,27.425165,80.448538,0.58715786,2.2644537,27.593964,62.485255,0.68011491,2.0844114,27.805569,57.958245
experiment_0a_best,file,16,,4127,071.Long_tailed_Jaeger/Long_Tailed_Jaeger_0062_797104.jpg,71,70,071.Long_tailed_Jaeger,44,43,random_erasing,random_erasing,0,"{""area_fraction"":0.107676,""erased"":true,""height"":0.574787,""left"":0.114552,""top"":0.305162,""width"":0.187331}",0.45344967,0.50257707,0.0491274,0.63543236,0.60496962,0.10575388,0.10704521,0.52967849,0.49792441,-0.031754076,0.82745151,1.060989,54.386443,57.703416,False,0.97188461,True,True,True,0.82745151,1.060989,54.386443,57.703416,0.82052141,1.0604546,53.086894,56.296243,0.96586297,1.0717138,11.818073,12.665592,0.7989862,1.2528894,8.716616,10.920956,0.78690554,1.2028201,21.342979,25.671763,0.80975653,1.011928,27.425165,27.752293,0.81694272,1.0203833,27.593964,28.15642,0.86733664,1.0348558,27.805569,28.774756
experiment_0a_best,file,16,,6533,112.Great_Grey_Shrike/Great_Grey_Shrike_0063_797042.jpg,112,111,112.Great_Grey_Shrike,93,92,identity,identity,0,{},0.21201119,0.21201119,0,0.80895567,0.80895567,0.14252494,0.14252494,0.66643073,0.66643073,0,1,1,31.712785,31.712785,False,1,True,True,True,1,1,31.712785,31.712785,1,1,30.776328,30.776328,1,1,7.6497282,7.6497282,1,1,7.6181688,7.6181688,1,1,11.299092,11.299092,1,1,17.017433,17.017433,1,1,15.478624,15.478624,1,1,15.241246,15.241246
experiment_0a_best,file,16,,6533,112.Great_Grey_Shrike/Great_Grey_Shrike_0063_797042.jpg,112,111,112.Great_Grey_Shrike,93,92,horizontal_flip,horizontal_flip,0,"{""flipped"":true}",0.21201119,0.48407605,0.27206486,0.80895567,0.61626631,0.14252494,0.014102128,0.66643073,0.60216418,-0.064266545,0.32938902,2.3310874,31.712785,73.925274,False,0.94729525,True,True,True,0.32938902,2.3310874,31.712785,73.925274,0.31144169,2.3556586,30.776328,72.498521,0.69922349,1.889445,7.6497282,14.453741,-0.1494592,1.7423537,7.6181688,13.273545,0.12034393,2.4370437,11.299092,27.536382,0.36121043,2.3363187,17.017433,39.758147,0.35755686,2.5372486,15.478624,39.273115,0.39956049,2.2714337,15.241246,34.61948
experiment_0a_best,file,16,,6533,112.Great_Grey_Shrike/Great_Grey_Shrike_0063_797042.jpg,112,111,112.Great_Grey_Shrike,93,92,color_jitter,color_jitter,0,"{""brightness"":0.715802,""contrast"":1.213417,""hue"":0.053457,""saturation"":1.35239}",0.21201119,0.17656653,-0.035444662,0.80895567,0.83814299,0.14252494,0.058482692,0.66643073,0.7796603,0.11322957,0.67489131,0.80908049,31.712785,25.658195,False,0.96830171,True,True,True,0.67489131,0.80908049,31.712785,25.658195,0.66234072,0.81478911,30.776328,25.076217,0.91394654,0.71032763,7.6497282,5.4338133,0.1437701,0.52218887,7.6181688,3.9781229,0.50131044,0.86234367,11.299092,9.7437008,0.68206774,0.80598622,17.017433,13.715816,0.72586754,0.89685232,15.478624,13.882039,0.76424321,0.76856969,15.241246,11.71396
experiment_0a_best,file,16,,6533,112.Great_Grey_Shrike/Great_Grey_Shrike_0063_797042.jpg,112,111,112.Great_Grey_Shrike,93,92,rotation,rotation,0,"{""angle"":7.875577}",0.21201119,0.1878916,-0.024119586,0.80895567,0.82870454,0.14252494,0.14018533,0.66643073,0.68851921,0.022088483,0.79213798,1.0007971,31.712785,31.738064,False,0.97792441,True,True,True,0.79213798,1.0007971,31.712785,31.738064,0.78141872,1.0036172,30.776328,30.887652,0.9756282,0.95399276,7.6497282,7.2977854,0.6453247,0.81512153,7.6181688,6.2097334,0.66809007,1.0474873,11.299092,11.835656,0.79542727,1.0049995,17.017433,17.102511,0.79258114,1.0330416,15.478624,15.990063,0.84998424,0.98902687,15.241246,15.074002
experiment_0a_best,file,16,,6533,112.Great_Grey_Shrike/Great_Grey_Shrike_0063_797042.jpg,112,111,112.Great_Grey_Shrike,93,92,random_resized_crop,random_resized_crop,0,"{""area_fraction"":0.598617,""aspect"":0.759661,""fallback"":false,""height"":0.887697,""left"":0.201927,""top"":0.10409,""width"":0.674348}",0.21201119,0.10222863,-0.10978255,0.80895567,0.90282309,0.14252494,0.0515626,0.66643073,0.85126049,0.18482976,0.61152389,0.60134993,31.712785,19.070481,False,0.91871774,True,True,True,0.61152389,0.60134993,31.712785,19.070481,0.59934881,0.60919051,30.776328,18.748647,0.89940002,0.45606362,7.6497282,3.4887628,0.22543238,0.560306,7.6181688,4.2685057,0.42777808,0.79772769,11.299092,9.0135988,0.66606785,0.59375017,17.017433,10.104104,0.65173645,0.59690837,15.478624,9.23932,0.71190843,0.52730011,15.241246,8.0367107
experiment_0a_best,file,16,,6533,112.Great_Grey_Shrike/Great_Grey_Shrike_0063_797042.jpg,112,111,112.Great_Grey_Shrike,93,92,gaussian_blur,gaussian_blur,0,"{""sigma"":1.903068}",0.21201119,0.01734376,-0.19466743,0.80895567,0.98280579,0.14252494,0.00066439394,0.66643073,0.98214139,0.31571067,0.07253437,0.1062045,31.712785,3.3680405,False,0.83388072,True,True,True,0.07253437,0.1062045,31.712785,3.3680405,0.04758379,0.10785034,30.776328,3.3192375,0.66051192,0.07467959,7.6497282,0.57127856,-0.39501551,0.17261939,7.6181688,1.3150436,-0.2110639,0.13835095,11.299092,1.5632401,0.046331062,0.10020334,17.017433,1.7052036,0.18694609,0.099146789,15.478624,1.5346558,0.35275632,0.082508572,15.241246,1.2575335
experiment_0a_best,file,16,,6533,112.Great_Grey_Shrike/Great_Grey_Shrike_0063_797042.jpg,112,111,112.Great_Grey_Shrike,93,92,random_erasing,random_erasing,0,"{""area_fraction"":0.096345,""erased"":true,""height"":0.265094,""left"":0.400861,""top"":0.027188,""width"":0.363439}",0.21201119,2.5917006,2.3796894,0.80895567,0.074892573,0.14252494,0.2514708,0.66643073,-0.17657823,-0.84300896,0.5685927,4.9456761,31.712785,156.84116,False,0.87738264,False,True,False,0.5685927,4.9456761,31.712785,156.84116,0.55657496,4.9763244,30.776328,153.15299,0.79137862,4.4201414,7.6497282,33.812881,0.37328521,5.0370892,7.6181688,38.373396,0.46265221,5.8920936,11.299092,66.57531,0.56015512,4.6653198,17.017433,79.391765,0.57504817,5.0162708,15.478624,77.644967,0.6523961,4.7400598,15.241246,72.244418
experiment_0a_best,file,16,,7844,134.Cape_Glossy_Starling/Cape_Glossy_Starling_0046_129434.jpg,134,133,134.Cape_Glossy_Starling,9,8,identity,identity,0,{},0.0016665868,0.0016665868,0,0.99833483,0.99833483,0.00035530954,0.00035530954,0.99797952,0.99797952,0,1,1,0.21019137,0.21019137,False,0.99999988,True,True,True,1,1,0.21019137,0.21019137,1,1,0.20447321,0.20447321,1,1,0.048694158,0.048694158,1,1,0.044752286,0.044752286,1,1,0.082595219,0.082595219,1,1,0.098602196,0.098602196,1,1,0.088940552,0.088940552,1,1,0.12390214,0.12390214
experiment_0a_best,file,16,,7844,134.Cape_Glossy_Starling/Cape_Glossy_Starling_0046_129434.jpg,134,133,134.Cape_Glossy_Starling,9,8,horizontal_flip,horizontal_flip,0,"{""flipped"":true}",0.0016665868,0.0018925628,0.00022597599,0.99833483,0.99810922,0.00035530954,0.00074648455,0.99797952,0.99736274,-0.00061677859,0.74652497,1.0489486,0.21019137,0.22047994,False,0.98664302,True,True,True,0.74652497,1.0489486,0.21019137,0.22047994,0.73202819,1.0377732,0.20447321,0.21219682,0.97235998,1.2294246,0.048694158,0.059865796,0.69132739,1.0271773,0.044752286,0.045968533,0.71793436,1.0702338,0.082595219,0.088396194,0.74367548,0.96693065,0.098602196,0.095341486,0.67251454,1.0844589,0.088940552,0.096452375,0.77035041,1.0432205,0.12390214,0.12925726
experiment_0a_best,file,16,,7844,134.Cape_Glossy_Starling/Cape_Glossy_Starling_0046_129434.jpg,134,133,134.Cape_Glossy_Starling,9,8,color_jitter,color_jitter,0,"{""brightness"":0.9508,""contrast"":1.212229,""hue"":0.054505,""saturation"":0.678436}",0.0016665868,0.02051644,0.018849853,0.99833483,0.97969258,0.00035530954,0.012555644,0.99797952,0.96713693,-0.030842581,0.73047329,15.981844,0.21019137,3.3592457,False,0.96273351,True,True,True,0.73047329,15.981844,0.21019137,3.3592457,0.72267408,16.103662,0.20447321,3.2927674,0.90212389,13.656503,0.048694158,0.6649919,0.8177647,21.414412,0.044752286,0.9583439,0.6842011,18.138276,0.082595219,1.4981349,0.7372685,16.85314,0.098602196,1.6617566,0.7275065,17.649474,0.088940552,1.5697539,0.74425856,12.643045,0.12390214,1.5665004
experiment_0a_best,file,16,,7844,134.Cape_Glossy_Starling/Cape_Glossy_Starling_0046_129434.jpg,134,133,134.Cape_Glossy_Starling,9,8,rotation,rotation,0,"{""angle"":-9.451414}",0.0016665868,0.0019677577,0.00030117086,0.99833483,0.99803418,0.00035530954,0.00044511107,0.99797952,0.99758907,-0.00039044736,0.76508868,1.2263747,0.21019137,0.25777338,False,0.97478855,True,True,True,0.76508868,1.2263747,0.21019137,0.25777338,0.75430893,1.230922,0.20447321,0.25169058,0.97173168,1.1432252,0.048694158,0.055668388,0.66654206,1.4662252,0.044752286,0.065616929,0.74935004,1.1774257,0.082595219,0.097249736,0.76025503,1.222234,0.098602196,0.12051495,0.66715013,1.2985164,0.088940552,0.11549076,0.81900687,1.1895479,0.12390214,0.14738753
experiment_0a_best,file,16,,7844,134.Cape_Glossy_Starling/Cape_Glossy_Starling_0046_129434.jpg,134,133,134.Cape_Glossy_Starling,9,8,random_resized_crop,random_resized_crop,0,"{""area_fraction"":0.579525,""aspect"":1.245282,""fallback"":false,""height"":0.682185,""left"":0.080919,""top"":0.178961,""width"":0.849512}",0.0016665868,0.013536097,0.011869511,0.99833483,0.9865551,0.00035530954,0.0016324813,0.99797952,0.98492262,-0.013056897,0.69800542,7.3187267,0.21019137,1.5383332,False,0.96107823,True,True,True,0.69800542,7.3187267,0.21019137,1.5383332,0.68326366,7.3158811,0.20447321,1.4959017,0.95609589,7.3687208,0.048694158,0.35881365,0.64618181,8.8723298,0.044752286,0.39705704,0.66156194,7.1019024,0.082595219,0.58658318,0.69284571,6.9236216,0.098602196,0.68268429,0.56881719,7.6537371,0.088940552,0.68072761,0.75831176,7.2482655,0.12390214,0.89807562
experiment_0a_best,file,16,,7844,134.Cape_Glossy_Starling/Cape_Glossy_Starling_0046_129434.jpg,134,133,134.Cape_Glossy_Starling,9,8,gaussian_blur,gaussian_blur,0,"{""sigma"":1.513949}",0.0016665868,0.013632413,0.011965826,0.99833483,0.98646009,0.00035530954,0.00075762288,0.99797952,0.98570247,-0.012277049,0.65098466,9.7052715,0.21019137,2.0399644,False,0.95358622,True,True,True,0.65098466,9.7052715,0.21019137,2.0399644,0.63790619,9.7819418,0.20447321,2.000145,0.93404847,8.2369551,0.048694158,0.40109159,0.45331657,16.54031,0.044752286,0.7402167,0.51004428,11.125608,0.082595219,0.91892204,0.68318751,10.605227,0.098602196,1.0456986,0.64820681,9.0831977,0.088940552,0.80786462,0.78355777,7.4938107,0.12390214,0.9284992
experiment_0a_best,file,16,,7844,134.Cape_Glossy_Starling/Cape_Glossy_Starling_0046_129434.jpg,134,133,134.Cape_Glossy_Starling,9,8,random_erasing,random_erasing,0,"{""area_fraction"":0.084088,""erased"":true,""height"":0.41189,""left"":0.592303,""top"":0.220829,""width"":0.204151}",0.0016665868,0.0029754436,0.0013088568,0.99833483,0.99702901,0.00035530954,0.00063389819,0.99797952,0.99639511,-0.0015844072,0.95945297,1.7503402,0.21019137,0.36790641,False,0.99466062,True,True,True,0.95945297,1.7503402,0.21019137,0.36790641,0.95748654,1.7513782,0.20447321,0.35810992,0.99457248,1.7319355,0.048694158,0.08433514,0.96594073,1.9075957,0.044752286,0.085369269,0.95201742,1.753786,0.082595219,0.14485433,0.95573862,1.678363,0.098602196,0.16549028,0.94304805,1.8009505,0.088940552,0.16017753,0.96867258,1.7483883,0.12390214,0.21662906
experiment_0a_best,file,16,,8500,145.Elegant_Tern/Elegant_Tern_0052_150695.jpg,145,144,145.Elegant_Tern,143,142,identity,identity,0,{},3.1517622,3.1517622,0,0.042776678,0.042776678,0.89664239,0.89664239,-0.85386571,-0.85386571,0,1,1,163.84421,163.84421,False,1,True,False,False,1,1,163.84421,163.84421,1,1,159.73052,159.73052,1,1,36.484053,36.484053,1,1,32.617923,32.617923,1,1,72.601585,72.601585,1,1,83.431846,83.431846,1,1,74.609119,74.609119,1,1,81.556896,81.556896
experiment_0a_best,file,16,,8500,145.Elegant_Tern/Elegant_Tern_0052_150695.jpg,145,144,145.Elegant_Tern,143,142,horizontal_flip,horizontal_flip,0,"{""flipped"":true}",3.1517622,3.4307034,0.27894115,0.042776678,0.032364167,0.89664239,0.88217479,-0.85386571,-0.84981062,0.0040550865,0.7361383,1.0260217,163.84421,168.10772,False,0.9755826,True,False,False,0.7361383,1.0260217,163.84421,168.10772,0.72423768,1.0282173,159.73052,164.23768,0.97545015,0.98299044,36.484053,35.863476,0.81845652,1.2555673,32.617923,40.953998,0.69593435,0.99031635,72.601585,71.898536,0.73702449,1.0272303,83.431846,85.703721,0.65377317,1.053386,74.609119,78.592198,0.77994602,0.99653598,81.556896,81.274381
experiment_0a_best,file,16,,8500,145.Elegant_Tern/Elegant_Tern_0052_150695.jpg,145,144,145.Elegant_Tern,143,142,color_jitter,color_jitter,0,"{""brightness"":0.829012,""contrast"":1.005591,""hue"":-0.029311,""saturation"":1.267333}",3.1517622,4.4346385,1.2828763,0.042776678,0.011859352,0.89664239,0.94420785,-0.85386571,-0.9323485,-0.078482786,0.86839349,1.1737524,163.84421,192.31254,False,0.96794522,True,False,False,0.86839349,1.1737524,163.84421,192.31254,0.86467772,1.1827669,159.73052,188.92398,0.96784538,0.98514784,36.484053,35.942187,0.72070714,1.3931946,32.617923,45.443114,0.84031901,1.312612,72.601585,95.297713,0.88098544,1.1725839,83.431846,97.830841,0.87642057,1.146638,74.609119,85.54965,0.90053426,1.0728478,81.556896,87.498136
experiment_0a_best,file,16,,8500,145.Elegant_Tern/Elegant_Tern_0052_150695.jpg,145,144,145.Elegant_Tern,143,142,rotation,rotation,0,"{""angle"":13.759029}",3.1517622,1.0389609,-2.1128013,0.042776678,0.35382214,0.89664239,0.26963121,-0.85386571,0.084190935,0.93805664,0.67034398,0.54502141,163.84421,89.298603,False,0.94329405,False,False,True,0.67034398,0.54502141,163.84421,89.298603,0.66028038,0.54368461,159.73052,86.843027,0.85503396,0.57003908,36.484053,20.797336,0.67983046,0.57067037,32.617923,18.614082,0.64526896,0.54166132,72.601585,39.32547,0.72265921,0.53189291,83.431846,44.376808,0.59705061,0.55639351,74.609119,41.51203,0.65958561,0.54230584,81.556896,44.228781
experiment_0a_best,file,16,,8500,145.Elegant_Tern/Elegant_Tern_0052_150695.jpg,145,144,145.Elegant_Tern,143,142,random_resized_crop,random_resized_crop,0,"{""area_fraction"":0.613463,""aspect"":0.931375,""fallback"":false,""height"":0.811581,""left"":0.006784,""top"":0.04574,""width"":0.755886}",3.1517622,2.7009726,-0.45078969,0.042776678,0.067140169,0.89664239,0.86348176,-0.85386571,-0.79634159,0.057524119,0.75998161,1.2368612,163.84421,202.65254,False,0.95496404,True,False,False,0.75998161,1.2368612,163.84421,202.65254,0.75061931,1.2410104,159.73052,198.22724,0.95478552,1.1544515,36.484053,42.119072,0.67506607,1.6884835,32.617923,55.074826,0.71994397,1.3291645,72.601585,96.499451,0.76159022,1.2199751,83.431846,101.78477,0.72736847,1.1958119,74.609119,89.218471,0.818516,1.1389614,81.556896,92.890157
experiment_0a_best,file,16,,8500,145.Elegant_Tern/Elegant_Tern_0052_150695.jpg,145,144,145.Elegant_Tern,143,142,gaussian_blur,gaussian_blur,0,"{""sigma"":1.052807}",3.1517622,2.927978,-0.22378421,0.042776678,0.053505119,0.89664239,0.74426746,-0.85386571,-0.69076234,0.16310336,0.72087943,1.3089483,163.84421,214.4636,False,0.91497058,True,False,False,0.72087943,1.3089483,163.84421,214.4636,0.71444545,1.3227777,159.73052,211.28798,0.90851694,1.0078353,36.484053,36.769917,0.61844122,1.4790806,32.617923,48.244537,0.73910808,1.4575322,72.601585,105.81915,0.70899691,1.4630244,83.431846,122.06282,0.69480334,1.2330765,74.609119,91.998754,0.76178345,1.0797171,81.556896,88.058379
experiment_0a_best,file,16,,8500,145.Elegant_Tern/Elegant_Tern_0052_150695.jpg,145,144,145.Elegant_Tern,143,142,random_erasing,random_erasing,0,"{""area_fraction"":0.067349,""erased"":true,""height"":0.163217,""left"":0.502052,""top"":0.022515,""width"":0.412632}",3.1517622,3.5149169,0.36315465,0.042776678,0.029750273,0.89664239,0.90749657,-0.85386571,-0.8777463,-0.02388059,0.97254858,0.98963992,163.84421,162.14677,False,0.99665129,True,False,False,0.97254858,0.98963992,163.84421,162.14677,0.97127567,0.98799705,159.73052,157.81328,0.9966544,1.0206189,36.484053,37.236315,0.98405939,0.99957711,32.617923,32.604129,0.96524566,0.97749419,72.601585,70.967627,0.97229016,0.96539564,83.431846,80.54474,0.96914995,1.0065569,74.609119,75.098323,0.975215,1.002017,81.556896,81.721394
experiment_0a_best,file,16,,7770,133.White_throated_Sparrow/White_Throated_Sparrow_0124_128801.jpg,133,132,133.White_throated_Sparrow,121,120,identity,identity,0,{},1.9429333,1.9429333,0,0.14328304,0.14328304,0.27453485,0.27453485,-0.13125181,-0.13125181,0,1,1,145.01645,145.01645,False,1,True,False,False,1,1,145.01645,145.01645,1,1,143.00296,143.00296,1,1,24.081604,24.081604,1,1,31.421866,31.421866,1,1,70.64471,70.64471,1,1,81.1072,81.1072,1,1,66.409472,66.409472,1,1,59.019005,59.019005
experiment_0a_best,file,16,,7770,133.White_throated_Sparrow/White_Throated_Sparrow_0124_128801.jpg,133,132,133.White_throated_Sparrow,121,120,horizontal_flip,horizontal_flip,0,"{""flipped"":true}",1.9429333,1.6212217,-0.32171166,0.14328304,0.19765708,0.27453485,0.056409627,-0.13125181,0.14124745,0.27249926,0.63126451,0.80606707,145.01645,116.89299,False,0.94698977,False,False,False,0.63126451,0.80606707,145.01645,116.89299,0.62223797,0.79956621,143.00296,114.34034,0.9000726,1.0088704,24.081604,24.295216,0.5196245,0.74785735,31.421866,23.499073,0.64871018,0.72050176,70.64471,50.899638,0.615519,0.76250331,81.1072,61.844509,0.59912131,0.84723608,66.409472,56.264501,0.66613946,0.91876326,59.019005,54.224494
experiment_0a_best,file,16,,7770,133.White_throated_Sparrow/White_Throated_Sparrow_0124_128801.jpg,133,132,133.White_throated_Sparrow,121,120,color_jitter,color_jitter,0,"{""brightness"":1.100559,""contrast"":0.734844,""hue"":0.028579,""saturation"":0.80646}",1.9429333,3.2448735,1.3019402,0.14328304,0.038973499,0.27453485,0.19271816,-0.13125181,-0.15374466,-0.022492852,0.84498859,1.0411706,145.01645,150.98686,False,0.94073677,True,False,False,0.84498859,1.0411706,145.01645,150.98686,0.84269745,1.039435,143.00296,148.64228,0.92263196,1.1006245,24.081604,26.504803,0.82009155,0.91930868,31.421866,28.886394,0.79634865,1.0635371,70.64471,75.133268,0.87779536,1.0260872,81.1072,83.22306,0.85384034,1.0276565,66.409472,68.246128,0.83967086,1.0758224,59.019005,63.493969
experiment_0a_best,file,16,,7770,133.White_throated_Sparrow/White_Throated_Sparrow_0124_128801.jpg,133,132,133.White_throated_Sparrow,121,120,rotation,rotation,0,"{""angle"":-11.09905}",1.9429333,5.9904609,4.0475276,0.14328304,0.0025025101,0.27453485,0.009515617,-0.13125181,-0.007013107,0.12423871,0.40551238,1.4502846,145.01645,210.31513,False,0.89324462,False,False,False,0.40551238,1.4502846,145.01645,210.31513,0.3965451,1.4492326,143.00296,207.24456,0.71384355,1.4869063,24.081604,35.807087,0.22835831,1.5555552,31.421866,48.878445,0.20369315,1.3413004,70.64471,94.75578,0.42396401,1.395679,81.1072,113.19962,0.46553553,1.5100089,66.409472,100.2789,0.55278561,1.5815408,59.019005,93.340967
experiment_0a_best,file,16,,7770,133.White_throated_Sparrow/White_Throated_Sparrow_0124_128801.jpg,133,132,133.White_throated_Sparrow,121,120,random_resized_crop,random_resized_crop,0,"{""area_fraction"":0.738661,""aspect"":0.874922,""fallback"":false,""height"":0.918836,""left"":0.017629,""top"":0.017519,""width"":0.80391}",1.9429333,2.9523253,1.009392,0.14328304,0.052218139,0.27453485,0.088922866,-0.13125181,-0.036704727,0.094547085,0.65931282,1.1366819,145.01645,164.83757,False,0.92082989,False,False,False,0.65931282,1.1366819,145.01645,164.83757,0.65417895,1.1386332,143.00296,162.82793,0.85417059,1.0655889,24.081604,25.661089,0.65528454,1.0186022,31.421866,32.00638,0.68569497,1.1606095,70.64471,81.990924,0.61329557,1.1917772,81.1072,96.661716,0.64624692,1.0700795,66.409472,71.063413,0.70304345,1.1204021,59.019005,66.125016
experiment_0a_best,file,16,,7770,133.White_throated_Sparrow/White_Throated_Sparrow_0124_128801.jpg,133,132,133.White_throated_Sparrow,121,120,gaussian_blur,gaussian_blur,0,"{""sigma"":1.433925}",1.9429333,6.2705994,4.327666,0.14328304,0.0018910952,0.27453485,0.23979253,-0.13125181,-0.23790143,-0.10664962,0.48118063,1.0375215,145.01645,150.45768,False,0.85452104,True,False,False,0.48118063,1.0375215,145.01645,150.45768,0.47024072,1.0344468,143.00296,147.92896,0.83326454,1.1406568,24.081604,27.468845,0.3417306,1.1151315,31.421866,35.039513,0.19651146,0.84149646,70.64471,59.447273,0.5296453,1.0845382,81.1072,87.963853,0.5292983,1.0725869,66.409472,71.229926,0.63582644,1.1123491,59.019005,65.64974
experiment_0a_best,file,16,,7770,133.White_throated_Sparrow/White_Throated_Sparrow_0124_128801.jpg,133,132,133.White_throated_Sparrow,121,120,random_erasing,random_erasing,0,"{""area_fraction"":0.06216,""erased"":true,""height"":0.161404,""left"":0.110221,""top"":0.734264,""width"":0.385119}",1.9429333,3.3412559,1.3983226,0.14328304,0.035392482,0.27453485,0.66305256,-0.13125181,-0.62766008,-0.49640827,0.81858985,1.231424,145.01645,178.57673,False,0.95561087,True,False,False,0.81858985,1.231424,145.01645,178.57673,0.81600387,1.2308484,143.00296,176.01497,0.90838163,1.2515513,24.081604,30.139363,0.77425646,1.1397684,31.421866,35.81365,0.83810424,1.2211809,70.64471,86.26997,0.82882854,1.2429031,81.1072,100.80839,0.79358512,1.2344467,66.409472,81.978957,0.80047805,1.2420157,59.019005,73.302534
experiment_0a_best,file,16,,9211,157.Yellow_throated_Vireo/Yellow_Throated_Vireo_0028_795008.jpg,157,156,157.Yellow_throated_Vireo,172,171,identity,identity,0,{},0.50469685,0.50469685,0,0.60368854,0.60368854,0.078214414,0.078214414,0.52547412,0.52547412,0,1,1,72.923203,72.923203,False,0.99999988,True,True,True,1,1,72.923203,72.923203,1,1,72.212303,72.212303,1,1,10.157602,10.157602,1,1,16.907382,16.907382,1,1,30.893286,30.893286,1,1,38.71767,38.71767,1,1,37.021376,37.021376,1,1,33.237355,33.237355
experiment_0a_best,file,16,,9211,157.Yellow_throated_Vireo/Yellow_Throated_Vireo_0028_795008.jpg,157,156,157.Yellow_throated_Vireo,172,171,horizontal_flip,horizontal_flip,0,"{""flipped"":true}",0.50469685,0.091926418,-0.41277043,0.60368854,0.91217226,0.078214414,0.0040556472,0.52547412,0.90811661,0.38264249,0.48340831,0.24835222,72.923203,18.110639,False,0.93500745,True,True,True,0.48340831,0.24835222,72.923203,18.110639,0.47546102,0.24817031,72.212303,17.920949,0.87101246,0.2573788,10.157602,2.6143513,0.10484059,0.32712809,16.907382,5.5308796,0.3537517,0.26336963,30.893286,8.1363532,0.51446964,0.26856761,38.71767,10.398312,0.51335194,0.22361096,37.021376,8.2783854,0.66259568,0.20782217,33.237355,6.9074592
experiment_0a_best,file,16,,9211,157.Yellow_throated_Vireo/Yellow_Throated_Vireo_0028_795008.jpg,157,156,157.Yellow_throated_Vireo,172,171,color_jitter,color_jitter,0,"{""brightness"":1.030601,""contrast"":1.114488,""hue"":0.083133,""saturation"":0.990233}",0.50469685,3.684624,3.1799271,0.60368854,0.025106614,0.078214414,0.0012063168,0.52547412,0.023900298,-0.50157383,0.62538366,2.0850438,72.923203,152.04807,False,0.82203794,False,True,False,0.62538366,2.0850438,72.923203,152.04807,0.62205471,2.0705736,72.212303,149.52089,0.77624089,2.7178185,10.157602,27.606517,0.60834527,2.3773478,16.907382,40.194728,0.56313403,2.3021576,30.893286,71.121212,0.61405979,1.9980277,38.71767,77.358976,0.64889984,1.9434566,37.021376,71.949437,0.67030209,2.0230928,33.237355,67.242253
experiment_0a_best,file,16,,9211,157.Yellow_throated_Vireo/Yellow_Throated_Vireo_0028_795008.jpg,157,156,157.Yellow_throated_Vireo,172,171,rotation,rotation,0,"{""angle"":12.218264}",0.50469685,0.41627109,-0.088425756,0.60368854,0.65950143,0.078214414,0.10093569,0.52547412,0.55856574,0.03309162,0.77330075,0.82090673,72.923203,59.863148,False,0.95510584,True,True,True,0.77330075,0.82090673,72.923203,59.863148,0.76957968,0.81792727,72.212303,59.064412,0.94326526,0.95951501,10.157602,9.7463713,0.79674074,0.79871891,16.907382,13.504246,0.74561183,0.84323292,30.893286,26.050235,0.7682696,0.80818417,38.71767,31.291008,0.75572229,0.78436963,37.021376,29.038443,0.80283923,0.85377512,33.237355,28.377227
experiment_0a_best,file,16,,9211,157.Yellow_throated_Vireo/Yellow_Throated_Vireo_0028_795008.jpg,157,156,157.Yellow_throated_Vireo,172,171,random_resized_crop,random_resized_crop,0,"{""area_fraction"":0.890642,""aspect"":1.078076,""fallback"":false,""height"":0.908922,""left"":0.012699,""top"":0.065138,""width"":0.979888}",0.50469685,0.023839036,-0.48085781,0.60368854,0.97644287,0.078214414,0.0025627378,0.52547412,0.97388014,0.44840601,0.79367742,0.06335488,72.923203,4.6200408,False,0.95838112,True,True,True,0.79367742,0.06335488,72.923203,4.6200408,0.79054618,0.063331243,72.212303,4.5732949,0.9491109,0.064538252,10.157602,0.65555386,0.8148654,0.086641179,16.907382,1.4648755,0.74457264,0.076680024,30.893286,2.3688979,0.80037862,0.060089752,38.71767,2.3265352,0.80808847,0.055899447,37.021376,2.0694744,0.84724893,0.055980522,33.237355,1.8606445
experiment_0a_best,file,16,,9211,157.Yellow_throated_Vireo/Yellow_Throated_Vireo_0028_795008.jpg,157,156,157.Yellow_throated_Vireo,172,171,gaussian_blur,gaussian_blur,0,"{""sigma"":1.410655}",0.50469685,0.38157058,-0.12312627,0.60368854,0.68278819,0.078214414,0.14439446,0.52547412,0.53839374,0.012919612,0.54287445,0.9989229,72.923203,72.844658,False,0.91886711,True,True,True,0.54287445,0.9989229,72.923203,72.844658,0.53671498,1.0006504,72.212303,72.259267,0.88874765,0.9073423,10.157602,9.2164217,0.33651485,1.1796278,16.907382,19.944419,0.34496346,1.2127626,30.893286,37.466222,0.55047573,1.0129736,38.71767,39.219978,0.61861567,0.89985186,37.021376,33.313754,0.74610393,0.83589475,33.237355,27.782931
experiment_0a_best,file,16,,9211,157.Yellow_throated_Vireo/Yellow_Throated_Vireo_0028_795008.jpg,157,156,157.Yellow_throated_Vireo,172,171,random_erasing,random_erasing,0,"{""area_fraction"":0.122271,""erased"":true,""height"":0.444009,""left"":0.72329,""top"":0.527041,""width"":0.275381}",0.50469685,0.4937197,-0.010977149,0.60368854,0.61035186,0.078214414,0.092441291,0.52547412,0.51791057,-0.0075635538,0.97102518,0.96958844,72.923203,70.705495,False,0.99368834,True,True,True,0.97102518,0.96958844,72.923203,70.705495,0.9706036,0.96870628,72.212303,69.952511,0.99235485,1.0131733,10.157602,10.29141,0.95150956,0.995558,16.907382,16.83228,0.96637489,0.97927659,30.893286,30.253071,0.97774516,0.97555701,38.71767,37.771295,0.97303987,0.96341896,37.021376,35.667095,0.96692419,0.94950252,33.237355,31.558952
experiment_0a_best,file,16,,2502,044.Frigatebird/Frigatebird_0004_43221.jpg,44,43,044.Frigatebird,31,30,identity,identity,0,{},6.2792764,6.2792764,0,0.0018747568,0.0018747568,0.26658019,0.26658019,-0.26470544,-0.26470544,0,1,1,144.55773,144.55773,False,1,True,False,False,1,1,144.55773,144.55773,1,1,142.47427,142.47427,1,1,24.454403,24.454403,1,1,56.793999,56.793999,1,1,64.507716,64.507716,1,1,64.287872,64.287872,1,1,66.863161,66.863161,1,1,65.639181,65.639181
experiment_0a_best,file,16,,2502,044.Frigatebird/Frigatebird_0004_43221.jpg,44,43,044.Frigatebird,31,30,horizontal_flip,horizontal_flip,0,"{""flipped"":true}",6.2792764,6.2880497,0.0087733269,0.0018747568,0.0018583812,0.26658019,0.058177784,-0.26470544,-0.056319403,0.20838603,0.4133756,0.85114706,144.55773,123.03988,False,0.91972911,False,False,False,0.4133756,0.85114706,144.55773,123.03988,0.39774241,0.84846863,142.47427,120.88495,0.89560739,0.93753563,24.454403,22.926874,-0.099267497,0.55763525,56.793999,31.670336,0.28690001,0.75738848,64.507716,48.8574,0.36386493,0.97654338,64.287872,62.779895,0.50694073,0.9213971,66.863161,61.607523,0.66256184,0.89953915,65.639181,59.045013
experiment_0a_best,file,16,,2502,044.Frigatebird/Frigatebird_0004_43221.jpg,44,43,044.Frigatebird,31,30,color_jitter,color_jitter,0,"{""brightness"":1.134893,""contrast"":0.984106,""hue"":0.071843,""saturation"":0.992781}",6.2792764,4.570734,-1.7085423,0.0018747568,0.010350361,0.26658019,0.035739921,-0.26470544,-0.02538956,0.23931588,0.67536574,0.86479474,144.55773,125.01276,False,0.90265703,False,False,False,0.67536574,0.86479474,144.55773,125.01276,0.66891741,0.85961537,142.47427,122.47308,0.86904029,1.0251989,24.454403,25.070628,0.73203902,0.52952779,56.793999,30.074001,0.55400029,0.72516196,64.507716,46.778541,0.72685236,0.9810391,64.287872,63.068915,0.70375106,0.94675587,66.863161,63.30309,0.68704309,0.95409376,65.639181,62.625933
experiment_0a_best,file,16,,2502,044.Frigatebird/Frigatebird_0004_43221.jpg,44,43,044.Frigatebird,31,30,rotation,rotation,0,"{""angle"":1.568531}",6.2792764,5.4824152,-0.79686117,0.0018747568,0.0041592722,0.26658019,0.20248833,-0.26470544,-0.19832906,0.066376377,0.78888602,0.96745696,144.55773,139.85338,False,0.97520846,True,False,False,0.78888602,0.96745696,144.55773,139.85338,0.78364494,0.96823395,142.47427,137.94843,0.97231314,0.94070264,24.454403,23.004321,0.77485291,0.8111018,56.793999,46.065715,0.73699035,0.89375906,64.507716,57.654356,0.74197295,1.0818997,64.287872,69.553028,0.80784505,1.0023864,66.863161,67.022725,0.86325296,0.99365779,65.639181,65.222884
experiment_0a_best,file,16,,2502,044.Frigatebird/Frigatebird_0004_43221.jpg,44,43,044.Frigatebird,31,30,random_resized_crop,random_resized_crop,0,"{""area_fraction"":0.559706,""aspect"":0.917259,""fallback"":false,""height"":0.781149,""left"":0.063872,""top"":0.170119,""width"":0.716516}",6.2792764,6.5802326,0.30095625,0.0018747568,0.0013875265,0.26658019,0.03983558,-0.26470544,-0.038448053,0.22625738,0.50951293,0.84583383,144.55773,122.27182,False,0.86188304,False,False,False,0.50951293,0.84583383,144.55773,122.27182,0.4999305,0.84552948,142.47427,120.4662,0.83079746,0.85610053,24.454403,20.935427,0.32743168,0.69966799,56.793999,39.736943,0.47263093,0.76904736,64.507716,49.609488,0.51445063,0.92030785,64.287872,59.164633,0.51696871,0.86087265,66.863161,57.560667,0.60013691,0.92145937,65.639181,60.483838
experiment_0a_best,file,16,,2502,044.Frigatebird/Frigatebird_0004_43221.jpg,44,43,044.Frigatebird,31,30,gaussian_blur,gaussian_blur,0,"{""sigma"":1.152273}",6.2792764,6.5692434,0.28996706,0.0018747568,0.0014028581,0.26658019,0.11525527,-0.26470544,-0.11385242,0.15085302,0.67697534,0.89548985,144.55773,129.44998,False,0.93338287,False,False,False,0.67697534,0.89548985,144.55773,129.44998,0.66932556,0.89362698,142.47427,127.31885,0.92107104,0.95657346,24.454403,23.392433,0.67092394,0.52802249,56.793999,29.988509,0.64921206,0.76061242,64.507716,49.06537,0.60437703,1.0175092,64.287872,65.413504,0.69595683,0.97288298,66.863161,65.050031,0.77581901,1.009751,65.639181,66.27923
experiment_0a_best,file,16,,2502,044.Frigatebird/Frigatebird_0004_43221.jpg,44,43,044.Frigatebird,31,30,random_erasing,random_erasing,0,"{""area_fraction"":0.067101,""erased"":true,""height"":0.272785,""left"":0.255592,""top"":0.051488,""width"":0.245987}",6.2792764,4.9859228,-1.2933536,0.0018747568,0.0068334695,0.26658019,0.031357389,-0.26470544,-0.024523919,0.24018152,0.62379967,0.87789576,144.55773,126.90662,False,0.84400558,False,False,False,0.62379967,0.87789576,144.55773,126.90662,0.61810742,0.87602179,142.47427,124.81057,0.80547167,0.9392905,24.454403,22.969788,0.71655897,0.70261526,56.793999,39.904331,0.69903466,0.78218554,64.507716,50.457002,0.57749888,0.92956296,64.287872,59.759624,0.56274463,0.89292457,66.863161,59.703759,0.61007559,0.99943811,65.639181,65.602299
experiment_0a_best,file,16,,8194,140.Summer_Tanager/Summer_Tanager_0095_139882.jpg,140,139,140.Summer_Tanager,17,16,identity,identity,0,{},0.0032997467,0.0032997467,0,0.99670571,0.99670571,0.0010340193,0.0010340193,0.99567169,0.99567169,0,1,1,0.33901632,0.33901632,False,1,True,True,True,1,1,0.33901632,0.33901632,1,1,0.32465624,0.32465624,1,1,0.097623746,0.097623746,1,1,0.070474722,0.070474722,1,1,0.12519602,0.12519602,1,1,0.1318796,0.1318796,1,1,0.15180199,0.15180199,1,1,0.21053472,0.21053472
experiment_0a_best,file,16,,8194,140.Summer_Tanager/Summer_Tanager_0095_139882.jpg,140,139,140.Summer_Tanager,17,16,horizontal_flip,horizontal_flip,0,"{""flipped"":true}",0.0032997467,0.0016605173,-0.0016392294,0.99670571,0.99834085,0.0010340193,0.00034594219,0.99567169,0.9979949,0.0023232113,0.66584459,0.50399298,0.33901632,0.17086185,False,0.9726553,True,True,True,0.66584459,0.50399298,0.33901632,0.17086185,0.63859961,0.50360874,0.32465624,0.16349972,0.96445083,0.5082231,0.097623746,0.049614643,0.50182155,0.50720255,0.070474722,0.035744958,0.4231723,0.44548616,0.12519602,0.055773096,0.61221623,0.47469366,0.1318796,0.06260241,0.56763336,0.52561774,0.15180199,0.07978982,0.76772168,0.52157894,0.21053472,0.10981048
experiment_0a_best,file,16,,8194,140.Summer_Tanager/Summer_Tanager_0095_139882.jpg,140,139,140.Summer_Tanager,17,16,color_jitter,color_jitter,0,"{""brightness"":1.311467,""contrast"":0.72312,""hue"":-0.031834,""saturation"":1.171513}",0.0032997467,0.051299218,0.047999471,0.99670571,0.94999439,0.0010340193,0.014214916,0.99567169,0.93577947,-0.059892223,0.7177419,19.218594,0.33901632,6.5154172,False,0.96291065,True,True,True,0.7177419,19.218594,0.33901632,6.5154172,0.70501553,19.613161,0.32465624,6.367535,0.9493411,14.138726,0.097623746,1.3802754,0.28893485,20.347609,0.070474722,1.4339921,0.67124682,22.669297,0.12519602,2.8381058,0.66825467,23.308476,0.1318796,3.0739124,0.71016062,20.632377,0.15180199,3.1320359,0.82577431,15.878679,0.21053472,3.3430132
experiment_0a_best,file,16,,8194,140.Summer_Tanager/Summer_Tanager_0095_139882.jpg,140,139,140.Summer_Tanager,17,16,rotation,rotation,0,"{""angle"":-7.251492}",0.0032997467,0.0046840706,0.0013843239,0.99670571,0.99532688,0.0010340193,0.0008494698,0.99567169,0.99447741,-0.0011942848,0.73724173,1.5836885,0.33901632,0.53689627,False,0.97779346,True,True,True,0.73724173,1.5836885,0.33901632,0.53689627,0.72114351,1.6001638,0.32465624,0.51950317,0.94930987,1.3885037,0.097623746,0.13555093,0.60236191,1.5687985,0.070474722,0.11056064,0.73452399,1.7604048,0.12519602,0.22039568,0.6504175,1.7078455,0.1318796,0.22522998,0.6394339,1.7220906,0.15180199,0.26141679,0.82278231,1.4250884,0.21053472,0.30003059
experiment_0a_best,file,16,,8194,140.Summer_Tanager/Summer_Tanager_0095_139882.jpg,140,139,140.Summer_Tanager,17,16,random_resized_crop,random_resized_crop,0,"{""area_fraction"":0.795468,""aspect"":1.02862,""fallback"":false,""height"":0.879395,""left"":0.029785,""top"":0.00761,""width"":0.904563}",0.0032997467,0.0030202509,-0.00027949573,0.99670571,0.9969843,0.0010340193,0.00089117372,0.99567169,0.99609313,0.00042143767,0.85213828,0.96681289,0.33901632,0.32776535,False,0.9878391,True,True,True,0.85213828,0.96681289,0.33901632,0.32776535,0.84124041,0.973578,0.32465624,0.31607817,0.98748218,0.88856584,0.097623746,0.086745126,0.7392883,0.83133158,0.070474722,0.058587862,0.80783951,0.9635758,0.12519602,0.12063586,0.76440274,0.98303599,0.1318796,0.12964239,0.8149689,1.0065275,0.15180199,0.15279289,0.90873773,0.97071815,0.21053472,0.20436987
experiment_0a_best,file,16,,8194,140.Summer_Tanager/Summer_Tanager_0095_139882.jpg,140,139,140.Summer_Tanager,17,16,gaussian_blur,gaussian_blur,0,"{""sigma"":1.977685}",0.0032997467,0.079593465,0.076293718,0.99670571,0.92349172,0.0010340193,0.023992257,0.99567169,0.89949946,-0.096172232,0.59326447,32.301459,0.33901632,10.950722,False,0.95648479,True,True,True,0.59326447,32.301459,0.33901632,10.950722,0.58163259,33.298241,0.32465624,10.810482,0.94479723,17.894616,0.097623746,1.7469395,0.44420614,34.474252,0.070474722,2.4295634,0.60544376,38.226969,0.12519602,4.7858644,0.4990618,44.682487,0.1318796,5.8927085,0.53660737,35.85847,0.15180199,5.4433872,0.75244247,23.125657,0.21053472,4.8687536
experiment_0a_best,file,16,,8194,140.Summer_Tanager/Summer_Tanager_0095_139882.jpg,140,139,140.Summer_Tanager,17,16,random_erasing,random_erasing,0,"{""area_fraction"":0.156568,""erased"":true,""height"":0.331352,""left"":0.50122,""top"":0.172836,""width"":0.472513}",0.0032997467,0.00318936,-0.00011038664,0.99670571,0.99681574,0.0010340193,0.00063941837,0.99567169,0.99617632,0.00050463108,0.93784395,0.95646132,0.33901632,0.324256,False,0.99100143,True,True,True,0.93784395,0.95646132,0.33901632,0.324256,0.93377535,0.95726207,0.32465624,0.3107811,0.9833462,0.94756025,0.097623746,0.092504381,0.94838583,0.87814627,0.070474722,0.061887114,0.92254901,0.94179457,0.12519602,0.11790893,0.90906033,0.95941983,0.1318796,0.1265279,0.92082151,0.96135152,0.15180199,0.14593508,0.95291065,0.96814612,0.21053472,0.20382837
experiment_0a_best,file,16,,1426,026.Bronzed_Cowbird/Bronzed_Cowbird_0040_24134.jpg,26,25,026.Bronzed_Cowbird,27,26,identity,identity,0,{},2.6472437,2.6472437,0,0.070846222,0.070846222,0.65283465,0.65283465,-0.58198843,-0.58198843,0,1,1,213.34485,213.34485,False,1,True,False,False,1,1,213.34485,213.34485,1,1,210.79298,210.79298,1,1,32.899054,32.899054,1,1,90.923479,90.923479,1,1,113.65227,113.65227,1,1,92.183576,92.183576,1,1,93.077498,93.077498,1,1,78.029027,78.029027
experiment_0a_best,file,16,,1426,026.Bronzed_Cowbird/Bronzed_Cowbird_0040_24134.jpg,26,25,026.Bronzed_Cowbird,27,26,horizontal_flip,horizontal_flip,0,"{""flipped"":true}",2.6472437,0.30238131,-2.3448624,0.070846222,0.73905623,0.65283465,0.1609056,-0.58198843,0.57815063,1.1601391,0.61934279,0.23473028,213.34485,50.078496,False,0.94142979,False,False,True,0.61934279,0.23473028,213.34485,50.078496,0.61029297,0.23269488,210.79298,49.050446,0.92417518,0.30684849,32.899054,10.095025,0.86894885,0.19164188,90.923479,17.424747,0.51904315,0.21933524,113.65227,24.927948,0.4758682,0.21860222,92.183576,20.151534,0.59103361,0.2530983,93.077498,23.557757,0.72112687,0.29220728,78.029027,22.80065
experiment_0a_best,file,16,,1426,026.Bronzed_Cowbird/Bronzed_Cowbird_0040_24134.jpg,26,25,026.Bronzed_Cowbird,27,26,color_jitter,color_jitter,0,"{""brightness"":1.120585,""contrast"":1.202291,""hue"":-0.091552,""saturation"":0.804479}",2.6472437,4.3117056,1.6644619,0.070846222,0.01341066,0.65283465,0.62517565,-0.58198843,-0.611765,-0.029776564,0.52585076,0.63356336,213.34485,135.16748,False,0.92760915,True,False,False,0.52585076,0.63356336,213.34485,135.16748,0.51238298,0.62092777,210.79298,130.88721,0.92541991,1.0257407,32.899054,33.745898,0.51175647,0.44627269,90.923479,40.576665,0.37160672,0.5133389,113.65227,58.342132,0.43990638,0.67428648,92.183576,62.158139,0.58956681,0.66124494,93.077498,61.547025,0.74839449,0.85294739,78.029027,66.554655
experiment_0a_best,file,16,,1426,026.Bronzed_Cowbird/Bronzed_Cowbird_0040_24134.jpg,26,25,026.Bronzed_Cowbird,27,26,rotation,rotation,0,"{""angle"":-9.19095}",2.6472437,0.031854909,-2.6153888,0.070846222,0.96864712,0.65283465,0.012412767,-0.58198843,0.95623436,1.5382228,0.66102193,0.024095626,213.34485,5.1406778,False,0.86948216,False,False,True,0.66102193,0.024095626,213.34485,5.1406778,0.65601824,0.02394445,210.79298,5.0473219,0.84162261,0.029643665,32.899054,0.97524854,0.85646646,0.018462176,90.923479,1.6786453,0.67455899,0.022960767,113.65227,2.6095433,0.53489426,0.024015463,92.183576,2.2138312,0.62607467,0.024277578,93.077498,2.2596962,0.66997556,0.030972278,78.029027,2.4167367
experiment_0a_best,file,16,,1426,026.Bronzed_Cowbird/Bronzed_Cowbird_0040_24134.jpg,26,25,026.Bronzed_Cowbird,27,26,random_resized_crop,random_resized_crop,0,"{""area_fraction"":0.61533,""aspect"":1.063927,""fallback"":false,""height"":0.760498,""left"":0.045727,""top"":0.132606,""width"":0.809115}",2.6472437,0.0043422938,-2.6429014,0.070846222,0.9956671,0.65283465,0.0015853536,-0.58198843,0.99408175,1.5760702,0.57471402,0.0028173526,213.34485,0.60106768,False,0.81150651,False,False,True,0.57471402,0.0028173526,213.34485,0.60106768,0.56910897,0.0027765042,210.79298,0.58526759,0.77419765,0.0041615016,32.899054,0.13690947,0.83251268,0.0018862937,90.923479,0.17150838,0.61524838,0.0022259726,113.65227,0.25298685,0.47551396,0.0028586375,92.183576,0.26351943,0.55390503,0.0030403,93.077498,0.28298351,0.54407686,0.0040445505,78.029027,0.31559234
experiment_0a_best,file,16,,1426,026.Bronzed_Cowbird/Bronzed_Cowbird_0040_24134.jpg,26,25,026.Bronzed_Cowbird,27,26,gaussian_blur,gaussian_blur,0,"{""sigma"":1.831411}",2.6472437,4.1866279,1.5393841,0.070846222,0.015197447,0.65283465,0.15361601,-0.58198843,-0.13841856,0.44356987,0.50312494,1.1547148,213.34485,246.35247,False,0.85871994,False,False,False,0.50312494,1.1547148,213.34485,246.35247,0.49854738,1.1531758,210.79298,243.08135,0.6820017,1.2162181,32.899054,40.012427,0.77769859,1.1838021,90.923479,107.6354,0.53826575,1.1428434,113.65227,129.88675,0.34419147,1.2489439,92.183576,115.13212,0.36181699,1.0052577,93.077498,93.566871,0.43952248,1.1900322,78.029027,92.857054
experiment_0a_best,file,16,,1426,026.Bronzed_Cowbird/Bronzed_Cowbird_0040_24134.jpg,26,25,026.Bronzed_Cowbird,27,26,random_erasing,random_erasing,0,"{""area_fraction"":0.071116,""erased"":true,""height"":0.165718,""left"":0.343814,""top"":0.117426,""width"":0.429138}",2.6472437,2.5059896,-0.14125419,0.070846222,0.08159481,0.65283465,0.53666973,-0.58198843,-0.45507492,0.12691351,0.93326695,0.88745234,213.34485,189.33339,False,0.98967779,True,False,False,0.93326695,0.88745234,213.34485,189.33339,0.9319879,0.88556009,210.79298,186.66985,0.98471941,0.96192725,32.899054,31.646497,0.99030205,0.90286495,90.923479,82.091623,0.94855083,0.92156402,113.65227,104.73784,0.89573473,0.83403978,92.183576,76.884769,0.89096766,0.84292942,93.077498,78.457762,0.92418978,0.91250373,78.029027,71.201779
experiment_0a_best,file,16,,8057,138.Tree_Swallow/Tree_Swallow_0071_136749.jpg,138,137,138.Tree_Swallow,134,133,identity,identity,0,{},0.034808464,0.034808464,0,0.96579039,0.96579039,0.0084263189,0.0084263189,0.95736407,0.95736407,0,1,1,4.9080833,4.9080833,False,1,True,True,True,1,1,4.9080833,4.9080833,1,1,4.8086748,4.8086748,1,1,0.98281647,0.98281647,1,1,0.8505763,0.8505763,1,1,1.7645823,1.7645823,1,1,2.1394286,2.1394286,1,1,2.5064649,2.5064649,1,1,2.9028609,2.9028609
experiment_0a_best,file,16,,8057,138.Tree_Swallow/Tree_Swallow_0071_136749.jpg,138,137,138.Tree_Swallow,134,133,horizontal_flip,horizontal_flip,0,"{""flipped"":true}",0.034808464,0.22212289,0.18731443,0.96579039,0.80081695,0.0084263189,0.10292269,0.95736407,0.69789427,-0.2594698,0.49285061,5.5825095,4.9080833,27.399422,False,0.94975114,True,True,True,0.49285061,5.5825095,4.9080833,27.399422,0.47478856,5.5742079,4.8086748,26.804553,0.91031397,5.7776828,0.98281647,5.6784019,0.48236993,5.635191,0.8505763,4.7931599,0.31297599,5.8692961,1.7645823,10.356856,0.34518916,6.0893312,2.1394286,13.027689,0.45255177,5.4333634,2.5064649,13.618535,0.64181303,5.2590545,2.9028609,15.266304
experiment_0a_best,file,16,,8057,138.Tree_Swallow/Tree_Swallow_0071_136749.jpg,138,137,138.Tree_Swallow,134,133,color_jitter,color_jitter,0,"{""brightness"":1.206844,""contrast"":1.17016,""hue"":-0.054568,""saturation"":1.013813}",0.034808464,0.87837368,0.84356522,0.96579039,0.41545805,0.0084263189,0.14667219,0.95736407,0.26878586,-0.68857821,0.62790581,16.091883,4.9080833,78.980302,False,0.92642772,True,True,True,0.62790581,16.091883,4.9080833,78.980302,0.61740378,16.12036,4.8086748,77.517571,0.89180981,15.394447,0.98281647,15.129916,0.39375337,18.156947,0.8505763,15.443869,0.54236754,16.551739,1.7645823,29.206906,0.47160606,17.620778,2.1394286,37.698396,0.62112263,15.697782,2.5064649,39.34594,0.76272965,15.204931,2.9028609,44.137799
experiment_0a_best,file,16,,8057,138.Tree_Swallow/Tree_Swallow_0071_136749.jpg,138,137,138.Tree_Swallow,134,133,rotation,rotation,0,"{""angle"":1.769558}",0.034808464,0.028835965,-0.005972499,0.96579039,0.9715758,0.0084263189,0.0060298149,0.95736407,0.96554598,0.0081819096,0.81463434,0.78536555,4.9080833,3.8546395,False,0.98148263,True,True,True,0.81463434,0.78536555,4.9080833,3.8546395,0.80746901,0.78245344,4.8086748,3.7625641,0.97497797,0.85211299,0.98281647,0.83747068,0.76585776,0.89824668,0.8505763,0.76402734,0.74843041,0.82708134,1.7645823,1.4594531,0.72293063,0.76026124,2.1394286,1.6265246,0.80851249,0.78819642,2.5064649,1.9755866,0.88211091,0.76213758,2.9028609,2.2123794
experiment_0a_best,file,16,,8057,138.Tree_Swallow/Tree_Swallow_0071_136749.jpg,138,137,138.Tree_Swallow,134,133,random_resized_crop,random_resized_crop,0,"{""area_fraction"":0.626762,""aspect"":0.844886,""fallback"":false,""height"":0.861296,""left"":0.241021,""top"":0.06522,""width"":0.727697}",0.034808464,0.56666052,0.53185206,0.96579039,0.56741714,0.0084263189,0.32746845,0.95736407,0.23994869,-0.71741538,0.50324666,14.069386,4.9080833,69.053719,False,0.91822338,True,True,True,0.50324666,14.069386,4.9080833,69.053719,0.48812991,14.007237,4.8086748,67.356248,0.83305117,15.48288,0.98281647,15.216829,0.5817086,16.884889,0.8505763,14.361886,0.4765507,15.275677,1.7645823,26.955189,0.33445226,16.57097,2.1394286,35.452406,0.52187831,13.473411,2.5064649,33.770631,0.58299087,11.966622,2.9028609,34.737438
experiment_0a_best,file,16,,8057,138.Tree_Swallow/Tree_Swallow_0071_136749.jpg,138,137,138.Tree_Swallow,134,133,gaussian_blur,gaussian_blur,0,"{""sigma"":1.500453}",0.034808464,0.064750448,0.029941984,0.96579039,0.93730134,0.0084263189,0.005094646,0.95736407,0.93220669,-0.02515738,0.42043303,2.1879451,4.9080833,10.738617,False,0.90254945,True,True,True,0.42043303,2.1879451,4.9080833,10.738617,0.40467562,2.1988394,4.8086748,10.573504,0.85906502,1.9086738,0.98281647,1.8758761,-0.040659589,2.9621796,0.8505763,2.5195598,0.20124222,2.31794,1.7645823,4.0901958,0.32607757,2.626114,2.1394286,5.6183834,0.4591766,2.2482804,2.5064649,5.6352358,0.60186447,1.7361286,2.9028609,5.03974
experiment_0a_best,file,16,,8057,138.Tree_Swallow/Tree_Swallow_0071_136749.jpg,138,137,138.Tree_Swallow,134,133,random_erasing,random_erasing,0,"{""area_fraction"":0.10052,""erased"":true,""height"":0.467644,""left"":0.354237,""top"":0.180268,""width"":0.214951}",0.034808464,0.0088385791,-0.025969885,0.96579039,0.99120039,0.0084263189,0.0011364714,0.95736407,0.99006392,0.032699844,0.64078946,0.27896763,4.9080833,1.3691963,False,0.96098441,True,True,True,0.64078946,0.27896763,4.9080833,1.3691963,0.62946247,0.27955673,4.8086748,1.3442974,0.92835869,0.26447381,0.98281647,0.25992922,0.6340751,0.23168296,0.8505763,0.19706403,0.46754053,0.29190526,1.7645823,0.51509085,0.5813001,0.28992887,2.1394286,0.62028212,0.58131294,0.27881322,2.5064649,0.69883555,0.75880115,0.27339863,2.9028609,0.79363818
experiment_0a_best,file,16,,1802,032.Mangrove_Cuckoo/Mangrove_Cuckoo_0016_794607.jpg,32,31,032.Mangrove_Cuckoo,31,30,identity,identity,0,{},0.29291329,0.29291329,0,0.74608684,0.74608684,0.084066071,0.084066071,0.66202077,0.66202077,0,1,1,49.568107,49.568107,False,0.99999988,True,True,True,1,1,49.568107,49.568107,1,1,48.498099,48.498099,1,1,10.243611,10.243611,1,1,7.5496715,7.5496715,1,1,24.349539,24.349539,1,1,23.745169,23.745169,1,1,23.821126,23.821126,1,1,23.893283,23.893283
experiment_0a_best,file,16,,1802,032.Mangrove_Cuckoo/Mangrove_Cuckoo_0016_794607.jpg,32,31,032.Mangrove_Cuckoo,31,30,horizontal_flip,horizontal_flip,0,"{""flipped"":true}",0.29291329,0.078298531,-0.21461476,0.74608684,0.92468834,0.084066071,0.01762503,0.66202077,0.90706331,0.24504254,0.66222751,0.332506,49.568107,16.481693,False,0.96588171,True,True,True,0.66222751,0.332506,49.568107,16.481693,0.65041223,0.3338498,48.498099,16.191081,0.95961497,0.30081313,10.243611,3.0814129,0.51636738,0.43239191,7.5496715,3.2644169,0.65572307,0.3275037,24.349539,7.9745639,0.58438482,0.35805982,23.745169,8.502191,0.63986368,0.32821047,23.821126,7.818343,0.75708567,0.30893824,23.893283,7.3815489
experiment_0a_best,file,16,,1802,032.Mangrove_Cuckoo/Mangrove_Cuckoo_0016_794607.jpg,32,31,032.Mangrove_Cuckoo,31,30,color_jitter,color_jitter,0,"{""brightness"":0.911889,""contrast"":0.930362,""hue"":-0.019492,""saturation"":0.962992}",0.29291329,0.49039233,0.19747904,0.74608684,0.61238611,0.084066071,0.16900469,0.66202077,0.44338141,-0.21863935,0.868636,1.5718988,49.568107,77.916046,False,0.98145729,True,True,True,0.868636,1.5718988,49.568107,77.916046,0.86489972,1.5767693,48.498099,76.470315,0.96171767,1.4584622,10.243611,14.93992,0.73925487,1.8144577,7.5496715,13.69856,0.85117136,1.4650568,24.349539,35.673458,0.83748026,1.7084432,23.745169,40.567273,0.87652321,1.5714226,23.821126,37.433055,0.91848138,1.5323632,23.893283,36.613189
experiment_0a_best,file,16,,1802,032.Mangrove_Cuckoo/Mangrove_Cuckoo_0016_794607.jpg,32,31,032.Mangrove_Cuckoo,31,30,rotation,rotation,0,"{""angle"":2.142215}",0.29291329,0.35898778,0.066074491,0.74608684,0.69838291,0.084066071,0.072678216,0.66202077,0.6257047,-0.036316067,0.843347,1.1513892,49.568107,57.072183,False,0.98193884,True,True,True,0.843347,1.1513892,49.568107,57.072183,0.83832018,1.1569732,48.498099,56.111003,0.9780096,1.0182171,10.243611,10.430221,0.62406842,1.2742386,7.5496715,9.6200832,0.86669821,1.1119254,24.349539,27.074871,0.81755245,1.2584074,23.745169,29.881096,0.82457206,1.1473236,23.821126,27.330539,0.87708199,1.0938008,23.893283,26.134492
experiment_0a_best,file,16,,1802,032.Mangrove_Cuckoo/Mangrove_Cuckoo_0016_794607.jpg,32,31,032.Mangrove_Cuckoo,31,30,random_resized_crop,random_resized_crop,0,"{""area_fraction"":0.829096,""aspect"":0.949543,""fallback"":false,""height"":0.934426,""left"":0.08449,""top"":0.019953,""width"":0.887278}",0.29291329,1.209746,0.91683272,0.74608684,0.29827303,0.084066071,0.092790797,0.66202077,0.20548223,-0.45653854,0.71304604,2.696583,49.568107,133.66451,False,0.96936649,True,True,True,0.71304604,2.696583,49.568107,133.66451,0.70553778,2.7146003,48.498099,131.65296,0.9274687,2.2552568,10.243611,23.101974,0.46009415,4.298152,7.5496715,32.449636,0.68441421,2.5654898,24.349539,62.468493,0.65934864,2.9337532,23.745169,69.662465,0.74509836,2.6006128,23.821126,61.949526,0.80016499,2.5411925,23.893283,60.717434
experiment_0a_best,file,16,,1802,032.Mangrove_Cuckoo/Mangrove_Cuckoo_0016_794607.jpg,32,31,032.Mangrove_Cuckoo,31,30,gaussian_blur,gaussian_blur,0,"{""sigma"":1.547055}",0.29291329,1.3590117,1.0660984,0.74608684,0.25691456,0.084066071,0.033851188,0.66202077,0.22306337,-0.4389574,0.60154535,2.6312634,49.568107,130.42674,False,0.92207146,True,True,True,0.60154535,2.6312634,49.568107,130.42674,0.59438216,2.6590982,48.498099,128.96121,0.85872704,1.9033555,10.243611,19.497234,0.49762757,3.5755529,7.5496715,26.99425,0.60200268,2.1863616,24.349539,53.236895,0.56980147,3.0925223,23.745169,73.432464,0.59088296,2.6664386,23.821126,63.517569,0.65759033,2.525539,23.893283,60.343419
experiment_0a_best,file,16,,1802,032.Mangrove_Cuckoo/Mangrove_Cuckoo_0016_794607.jpg,32,31,032.Mangrove_Cuckoo,31,30,random_erasing,random_erasing,0,"{""area_fraction"":0.110698,""erased"":true,""height"":0.516486,""left"":0.324949,""top"":0.188138,""width"":0.214329}",0.29291329,1.0911289,0.79821566,0.74608684,0.33583716,0.084066071,0.12760215,0.66202077,0.20823501,-0.45378575,0.75816988,2.6198105,49.568107,129.85904,False,0.93385416,True,True,True,0.75816988,2.6198105,49.568107,129.85904,0.75399912,2.6413565,48.498099,128.10077,0.89801921,2.0790573,10.243611,21.297055,0.60472945,2.8138359,7.5496715,21.243537,0.84958125,2.7532827,24.349539,67.041163,0.74560592,2.7754329,23.745169,65.903122,0.68962826,2.5362765,23.821126,60.416962,0.73968139,2.4656114,23.893283,58.911551
experiment_0a_best,file,16,,4599,079.Belted_Kingfisher/Belted_Kingfisher_0061_70363.jpg,79,78,079.Belted_Kingfisher,80,79,identity,identity,0,{},2.7590375,2.7590375,0,0.063352726,0.063352726,0.78125399,0.78125399,-0.71790127,-0.71790127,0,1,1,171.16776,171.16776,False,0.99999994,True,False,False,1,1,171.16776,171.16776,1,1,168.39544,168.39544,1,1,30.681865,30.681865,1,1,37.793286,37.793286,1,1,78.166024,78.166024,1,1,84.165557,84.165557,1,1,84.285845,84.285845,1,1,81.429848,81.429848
experiment_0a_best,file,16,,4599,079.Belted_Kingfisher/Belted_Kingfisher_0061_70363.jpg,79,78,079.Belted_Kingfisher,80,79,horizontal_flip,horizontal_flip,0,"{""flipped"":true}",2.7590375,1.8395311,-0.91950643,0.063352726,0.15889192,0.78125399,0.54053384,-0.71790127,-0.38164192,0.33625934,0.62825246,0.90200677,171.16776,154.39448,False,0.95992482,True,False,False,0.62825246,0.90200677,171.16776,154.39448,0.61777613,0.90248054,168.39544,151.97361,0.94919864,0.8876171,30.681865,27.233748,0.42688068,0.70355761,37.793286,26.589754,0.65871746,0.80311893,78.166024,62.776613,0.58083931,0.96341419,84.165557,81.086292,0.61112896,0.91396074,84.285845,77.033954,0.671935,0.94638376,81.429848,77.063886
experiment_0a_best,file,16,,4599,079.Belted_Kingfisher/Belted_Kingfisher_0061_70363.jpg,79,78,079.Belted_Kingfisher,80,79,color_jitter,color_jitter,0,"{""brightness"":1.314438,""contrast"":0.666318,""hue"":-0.076595,""saturation"":0.959875}",2.7590375,3.8427653,1.0837278,0.063352726,0.021434244,0.78125399,0.71611339,-0.71790127,-0.69467914,0.023222122,0.61983176,0.80080347,171.16776,137.07173,False,0.91258484,True,False,False,0.61983176,0.80080347,171.16776,137.07173,0.60825716,0.79199869,168.39544,133.36897,0.90839513,1.0313769,30.681865,31.644568,0.42533456,0.70437056,37.793286,26.620478,0.41305364,0.66329816,78.166024,51.84738,0.64494961,0.77909673,84.165557,65.57311,0.65685106,0.79436588,84.285845,66.953799,0.70393307,0.91963199,81.429848,74.885494
experiment_0a_best,file,16,,4599,079.Belted_Kingfisher/Belted_Kingfisher_0061_70363.jpg,79,78,079.Belted_Kingfisher,80,79,rotation,rotation,0,"{""angle"":-2.641464}",2.7590375,1.3529594,-1.4060781,0.063352726,0.2584742,0.78125399,0.52419162,-0.71790127,-0.26571742,0.45218385,0.81974043,0.84893525,171.16776,145.31034,False,0.97621846,True,False,False,0.81974043,0.84893525,171.16776,145.31034,0.81546091,0.85202719,168.39544,143.47749,0.97272672,0.74984439,30.681865,23.006624,0.82649493,0.86079004,37.793286,32.532084,0.8376315,0.90047858,78.166024,70.38683,0.76102131,0.88203967,84.165557,74.23736,0.81782616,0.84656735,84.285845,71.353645,0.85830817,0.77383002,81.429848,63.012861
experiment_0a_best,file,16,,4599,079.Belted_Kingfisher/Belted_Kingfisher_0061_70363.jpg,79,78,079.Belted_Kingfisher,80,79,random_resized_crop,random_resized_crop,0,"{""area_fraction"":0.569375,""aspect"":0.954949,""fallback"":false,""height"":0.772163,""left"":0.018133,""top"":0.182962,""width"":0.737376}",2.7590375,2.2169802,-0.54205728,0.063352726,0.10893758,0.78125399,0.68955958,-0.71790127,-0.580622,0.13727927,0.69744988,1.0320462,171.16776,176.65304,False,0.94334435,True,False,False,0.69744988,1.0320462,171.16776,176.65304,0.68985302,1.0340018,168.39544,174.12119,0.94238801,0.97129366,30.681865,29.801101,0.71229443,1.0552315,37.793286,39.880666,0.73828483,1.0655093,78.166024,83.286624,0.61499042,1.0559082,84.165557,88.871106,0.66962391,1.0063587,84.285845,84.821793,0.74424569,1.0050718,81.429848,81.842844
experiment_0a_best,file,16,,4599,079.Belted_Kingfisher/Belted_Kingfisher_0061_70363.jpg,79,78,079.Belted_Kingfisher,80,79,gaussian_blur,gaussian_blur,0,"{""sigma"":1.382552}",2.7590375,0.56240368,-2.1966338,0.063352726,0.56983769,0.78125399,0.0302117,-0.71790127,0.53962599,1.2575273,0.4436388,0.41323079,171.16776,70.731789,False,0.85373878,False,False,True,0.4436388,0.41323079,171.16776,70.731789,0.43694431,0.41475874,168.39544,69.843482,0.67692814,0.36421199,30.681865,11.174703,0.12067009,0.46588295,37.793286,17.607247,0.51060619,0.44812871,78.166024,35.028439,0.4473575,0.44858261,84.165557,37.755205,0.41100842,0.38786827,84.285845,32.691805,0.46697762,0.35738087,81.429848,29.10147
experiment_0a_best,file,16,,4599,079.Belted_Kingfisher/Belted_Kingfisher_0061_70363.jpg,79,78,079.Belted_Kingfisher,80,79,random_erasing,random_erasing,0,"{""area_fraction"":0.079278,""erased"":true,""height"":0.206223,""left"":0.241126,""top"":0.67853,""width"":0.38443}",2.7590375,2.7656889,0.0066514015,0.063352726,0.06293273,0.78125399,0.70739293,-0.71790127,-0.6444602,0.073441066,0.9656052,0.9636873,171.16776,164.95219,False,0.9845705,True,False,False,0.9656052,0.9636873,171.16776,164.95219,0.96502358,0.96382287,168.39544,162.30338,0.98321136,0.95959455,30.681865,29.44215,0.98584799,0.95043469,37.793286,35.92005,0.98011119,0.94658224,78.166024,73.99057,0.96983609,0.9613145,84.165557,80.909571,0.96174674,0.96776117,84.285845,81.568568,0.94600027,0.98073087,81.429848,79.860766
experiment_0a_best,file,16,,5159,089.Hooded_Merganser/Hooded_Merganser_0057_796742.jpg,89,88,089.Hooded_Merganser,106,105,identity,identity,0,{},0.00057787885,0.00057787885,0,0.99942231,0.99942231,0.00017454018,0.00017454018,0.99924777,0.99924777,0,1,1,0.098281805,0.098281805,False,0.99999994,True,True,True,1,1,0.098281805,0.098281805,1,1,0.096421238,0.096421238,1,1,0.019033076,0.019033076,1,1,0.033171875,0.033171875,1,1,0.040411178,0.040411178,1,1,0.043510943,0.043510943,1,1,0.044383175,0.044383175,1,1,0.051966818,0.051966818
experiment_0a_best,file,16,,5159,089.Hooded_Merganser/Hooded_Merganser_0057_796742.jpg,89,88,089.Hooded_Merganser,106,105,horizontal_flip,horizontal_flip,0,"{""flipped"":true}",0.00057787885,0.003923933,0.0033460542,0.99942231,0.99608374,0.00017454018,0.0001610239,0.99924777,0.99592271,-0.0033250591,0.69341587,6.0933147,0.098281805,0.59886196,False,0.96343404,True,True,True,0.69341587,6.0933147,0.098281805,0.59886196,0.68427844,6.0904461,0.096421238,0.58724835,0.9250807,6.166477,0.019033076,0.11736702,0.67521588,4.4502076,0.033171875,0.14762173,0.69467426,5.4328375,0.040411178,0.21954736,0.64171787,5.9307088,0.043510943,0.25805074,0.617542,6.6066675,0.044383175,0.29322488,0.77224677,6.7294676,0.051966818,0.34970902
experiment_0a_best,file,16,,5159,089.Hooded_Merganser/Hooded_Merganser_0057_796742.jpg,89,88,089.Hooded_Merganser,106,105,color_jitter,color_jitter,0,"{""brightness"":0.875831,""contrast"":0.662625,""hue"":-0.092439,""saturation"":1.272939}",0.00057787885,0.026038574,0.025460695,0.99942231,0.97429752,0.00017454018,0.0027694851,0.99924777,0.97152804,-0.027719733,0.62709983,48.897569,0.098281805,4.8057413,False,0.91020465,True,True,True,0.62709983,48.897569,0.098281805,4.8057413,0.61971546,49.231832,0.096421238,4.7469942,0.87943796,39.359377,0.019033076,0.74913001,0.60451582,48.274197,0.033171875,1.6013456,0.5362077,50.557656,0.040411178,2.0430944,0.61947113,52.856969,0.043510943,2.2998566,0.58732649,51.239056,0.044383175,2.274152,0.71649942,44.443959,0.051966818,2.3096111
experiment_0a_best,file,16,,5159,089.Hooded_Merganser/Hooded_Merganser_0057_796742.jpg,89,88,089.Hooded_Merganser,106,105,rotation,rotation,0,"{""angle"":-14.44436}",0.00057787885,0.0055742776,0.0049963988,0.99942231,0.99444121,0.00017454018,0.00093029469,0.99924777,0.99351092,-0.0057368551,0.68391645,7.9489554,0.098281805,0.78123768,False,0.95831501,True,True,True,0.68391645,7.9489554,0.098281805,0.78123768,0.67275788,7.9203054,0.096421238,0.76368566,0.94863958,8.6518317,0.019033076,0.16467097,0.56118248,4.9648243,0.033171875,0.16469253,0.65325454,7.0078944,0.040411178,0.28319727,0.63964194,7.6794467,0.043510943,0.33413997,0.63627596,8.9560472,0.044383175,0.39749781,0.78271877,8.7389172,0.051966818,0.45413372
experiment_0a_best,file,16,,5159,089.Hooded_Merganser/Hooded_Merganser_0057_796742.jpg,89,88,089.Hooded_Merganser,106,105,random_resized_crop,random_resized_crop,0,"{""area_fraction"":0.531896,""aspect"":1.118726,""fallback"":false,""height"":0.689528,""left"":0.020748,""top"":0.035089,""width"":0.771392}",0.00057787885,0.24324895,0.24267108,0.99942231,0.78407627,0.00017454018,0.0072231148,0.99924777,0.77685316,-0.22239461,0.41701613,404.38599,0.098281805,39.743785,False,0.83454192,True,True,True,0.41701613,404.38599,0.098281805,39.743785,0.40500291,406.28742,0.096421238,39.174736,0.7769235,352.09124,0.019033076,6.7013794,0.13333021,358.06582,0.033171875,11.877715,0.19079587,445.11202,0.040411178,17.987501,0.45494314,415.49595,0.043510943,18.078621,0.47563651,414.90951,0.044383175,18.415001,0.56668632,386.81919,0.051966818,20.101762
experiment_0a_best,file,16,,5159,089.Hooded_Merganser/Hooded_Merganser_0057_796742.jpg,89,88,089.Hooded_Merganser,106,105,gaussian_blur,gaussian_blur,0,"{""sigma"":1.016234}",0.00057787885,0.0054007103,0.0048228314,0.99942231,0.99461383,0.00017454018,0.0020076779,0.99924777,0.99260615,-0.0066416232,0.67618665,10.583253,0.098281805,1.0401412,False,0.95769346,True,True,True,0.67618665,10.583253,0.098281805,1.0401412,0.66810114,10.654881,0.096421238,1.0273568,0.95110423,8.5418656,0.019033076,0.16257798,0.50971476,9.518302,0.033171875,0.31573992,0.58064344,11.790618,0.040411178,0.47647275,0.66370998,11.823579,0.043510943,0.51445509,0.7073548,11.559608,0.044383175,0.51305211,0.80286693,8.6241838,0.051966818,0.44817139
experiment_0a_best,file,16,,5159,089.Hooded_Merganser/Hooded_Merganser_0057_796742.jpg,89,88,089.Hooded_Merganser,106,105,random_erasing,random_erasing,0,"{""area_fraction"":0.162911,""erased"":true,""height"":0.320987,""left"":0.451167,""top"":0.616664,""width"":0.507531}",0.00057787885,0.0058299499,0.005252071,0.99942231,0.994187,0.00017454018,0.00082703301,0.99924777,0.99335996,-0.0058878072,0.84300736,10.025083,0.098281805,0.98528326,False,0.96367741,True,True,True,0.84300736,10.025083,0.098281805,0.98528326,0.83985531,10.07499,0.096421238,0.97144304,0.94682563,8.646243,0.019033076,0.1645646,0.91810465,10.757014,0.033171875,0.35683033,0.84540773,10.957388,0.040411178,0.44280095,0.81755632,9.8843637,0.043510943,0.43007799,0.80965666,10.147908,0.044383175,0.45039635,0.84562149,9.2782044,0.051966818,0.48215876
experiment_0a_best,file,16,,8734,149.Brown_Thrasher/Brown_Thrasher_0013_155329.jpg,149,148,149.Brown_Thrasher,120,119,identity,identity,0,{},0.017274516,0.017274516,0,0.98287386,0.98287386,0.0091132242,0.0091132242,0.97376063,0.97376063,0,1,1,2.8548076,2.8548076,False,0.99999988,True,True,True,1,1,2.8548076,2.8548076,1,1,2.7814584,2.7814584,1,1,0.64297392,0.64297392,1,1,0.41840391,0.41840391,1,1,1.2827737,1.2827737,1,1,1.4505716,1.4505716,1,1,1.3778689,1.3778689,1,1,1.3832065,1.3832065
experiment_0a_best,file,16,,8734,149.Brown_Thrasher/Brown_Thrasher_0013_155329.jpg,149,148,149.Brown_Thrasher,120,119,horizontal_flip,horizontal_flip,0,"{""flipped"":true}",0.017274516,0.0032339201,-0.014040596,0.98287386,0.99677128,0.0091132242,0.00042464118,0.97376063,0.99634663,0.022586002,0.49085887,0.16482053,2.8548076,0.47053091,False,0.95459765,True,True,True,0.49085887,0.16482053,2.8548076,0.47053091,0.4707351,0.16530846,2.7814584,0.45979862,0.89233286,0.15540721,0.64297392,0.099922781,0.19145432,0.12958618,0.41840391,0.054219364,0.41193139,0.13642065,1.2827737,0.17499682,0.3463157,0.15256816,1.4505716,0.22131103,0.45369644,0.17190498,1.3778689,0.23686253,0.65919851,0.19502278,1.3832065,0.26975677
experiment_0a_best,file,16,,8734,149.Brown_Thrasher/Brown_Thrasher_0013_155329.jpg,149,148,149.Brown_Thrasher,120,119,color_jitter,color_jitter,0,"{""brightness"":1.138316,""contrast"":0.82268,""hue"":0.087923,""saturation"":1.316323}",0.017274516,0.52150893,0.50423442,0.98287386,0.59362411,0.0091132242,0.0059246011,0.97376063,0.58769951,-0.38606112,0.46589904,29.023274,2.8548076,82.855864,False,0.92865491,True,True,True,0.46589904,29.023274,2.8548076,82.855864,0.45455407,29.217425,2.7814584,81.267054,0.71799534,25.114654,0.64297392,16.148068,0.40658002,27.472426,0.41840391,11.494571,0.40786432,27.331181,1.2827737,35.059721,0.36363461,31.4147,1.4505716,45.569271,0.50607524,28.999967,1.3778689,39.958153,0.55743269,28.644212,1.3832065,39.620859
experiment_0a_best,file,16,,8734,149.Brown_Thrasher/Brown_Thrasher_0013_155329.jpg,149,148,149.Brown_Thrasher,120,119,rotation,rotation,0,"{""angle"":-12.946094}",0.017274516,0.0039400817,-0.013334434,0.98287386,0.99606764,0.0091132242,0.0027619784,0.97376063,0.99330566,0.019545032,0.74212274,0.24924926,2.8548076,0.71155868,False,0.95931399,True,True,True,0.74212274,0.24924926,2.8548076,0.71155868,0.73143843,0.24942527,2.7814584,0.69376603,0.94497523,0.24593214,0.64297392,0.15812795,0.53405808,0.22009399,0.41840391,0.092088186,0.71444171,0.22625586,1.2827737,0.29023507,0.69778345,0.25803914,1.4505716,0.37430423,0.71919128,0.25469717,1.3778689,0.35093932,0.81326573,0.25594404,1.3832065,0.35402346
experiment_0a_best,file,16,,8734,149.Brown_Thrasher/Brown_Thrasher_0013_155329.jpg,149,148,149.Brown_Thrasher,120,119,random_resized_crop,random_resized_crop,0,"{""area_fraction"":0.83004,""aspect"":1.008675,""fallback"":false,""height"":0.907139,""left"":0.024701,""top"":0.027897,""width"":0.915009}",0.017274516,0.0057590748,-0.011515441,0.98287386,0.99425745,0.0091132242,0.0023544824,0.97376063,0.99190297,0.018142335,0.76535055,0.3418056,2.8548076,0.97578923,False,0.98252344,True,True,True,0.76535055,0.3418056,2.8548076,0.97578923,0.75538871,0.34341843,2.7814584,0.9552041,0.97562604,0.31008,0.64297392,0.19937335,0.68131549,0.32316117,0.41840391,0.1352119,0.760618,0.3702509,1.2827737,0.47494813,0.67176694,0.31990198,1.4505716,0.46404072,0.75185814,0.34573823,1.3778689,0.47638196,0.8500471,0.34390562,1.3832065,0.47569248
experiment_0a_best,file,16,,8734,149.Brown_Thrasher/Brown_Thrasher_0013_155329.jpg,149,148,149.Brown_Thrasher,120,119,gaussian_blur,gaussian_blur,0,"{""sigma"":1.826053}",0.017274516,0.11632401,0.099049499,0.98287386,0.89018673,0.0091132242,0.016000571,0.97376063,0.87418616,-0.099574476,0.20976265,8.1953604,2.8548076,23.396177,False,0.70051312,True,True,True,0.20976265,8.1953604,2.8548076,23.396177,0.19851096,8.3469203,2.7814584,23.216612,0.64043388,4.499563,0.64297392,2.8931017,0.19471193,9.195397,0.41840391,3.8473901,0.16651944,9.4775871,1.2827737,12.1576,0.13566047,9.2574375,1.4505716,13.428576,0.18995191,7.8077689,1.3778689,10.758082,0.35896517,6.479996,1.3832065,8.9631725
experiment_0a_best,file,16,,8734,149.Brown_Thrasher/Brown_Thrasher_0013_155329.jpg,149,148,149.Brown_Thrasher,120,119,random_erasing,random_erasing,0,"{""area_fraction"":0.085056,""erased"":true,""height"":0.490451,""left"":0.564157,""top"":0.136219,""width"":0.173425}",0.017274516,0.044413406,0.027138891,0.98287386,0.95655841,0.0091132242,0.032578409,0.97376063,0.92398,-0.049780635,0.86695619,2.766667,2.8548076,7.898302,False,0.981713,True,True,True,0.86695619,2.766667,2.8548076,7.898302,0.86197754,2.7691431,2.7814584,7.7022565,0.96194364,2.7199141,0.64297392,1.7488339,0.89528214,2.6460381,0.41840391,1.1071127,0.88036511,2.872876,1.2827737,3.6852499,0.86155082,2.8048892,1.4505716,4.0686924,0.8367816,2.7974838,1.3778689,3.854566,0.8708996,2.6172725,1.3832065,3.6202282
experiment_0a_best,file,16,,4520,078.Gray_Kingbird/Gray_Kingbird_0063_70287.jpg,78,77,078.Gray_Kingbird,135,134,identity,identity,0,{},2.812911,2.812911,0,0.060029991,0.060029991,0.24340729,0.24340729,-0.1833773,-0.1833773,0,1,1,104.57151,104.57151,False,1,True,False,False,1,1,104.57151,104.57151,1,1,100.77951,100.77951,1,1,27.905055,27.905055,1,1,26.635623,26.635623,1,1,45.047749,45.047749,1,1,51.166815,51.166815,1,1,47.166244,47.166244,1,1,50.745005,50.745005
experiment_0a_best,file,16,,4520,078.Gray_Kingbird/Gray_Kingbird_0063_70287.jpg,78,77,078.Gray_Kingbird,135,134,horizontal_flip,horizontal_flip,0,"{""flipped"":true}",2.812911,2.8968678,0.083956718,0.060029991,0.055195831,0.24340729,0.54744786,-0.1833773,-0.49225203,-0.30887473,0.58219852,1.2519898,104.57151,130.92247,False,0.95621902,True,False,False,0.58219852,1.2519898,104.57151,130.92247,0.56058326,1.2628412,100.77951,127.26852,0.9108164,1.1007006,27.905055,30.71511,0.40575067,1.1628909,26.635623,30.974323,0.55828644,1.2226315,45.047749,55.076795,0.57183772,1.2449482,51.166815,63.700033,0.52142134,1.3400488,47.166244,63.205067,0.62754949,1.2697755,50.745005,64.434765
experiment_0a_best,file,16,,4520,078.Gray_Kingbird/Gray_Kingbird_0063_70287.jpg,78,77,078.Gray_Kingbird,135,134,color_jitter,color_jitter,0,"{""brightness"":0.672691,""contrast"":1.025321,""hue"":0.015296,""saturation"":0.659725}",2.812911,1.7104456,-1.1024654,0.060029991,0.18078521,0.24340729,0.092571966,-0.1833773,0.088213243,0.27159055,0.76202561,0.9641231,104.57151,100.81981,False,0.97621894,False,False,False,0.76202561,0.9641231,104.57151,100.81981,0.74905399,0.97129069,100.77951,97.886197,0.95673195,0.86521505,27.905055,24.143873,0.24974011,0.7196325,26.635623,19.16786,0.72786099,1.056064,45.047749,47.573305,0.7890499,0.99654204,51.166815,50.989882,0.78068794,0.98333279,47.166244,46.380114,0.81320938,0.92431046,50.745005,46.904139
experiment_0a_best,file,16,,4520,078.Gray_Kingbird/Gray_Kingbird_0063_70287.jpg,78,77,078.Gray_Kingbird,135,134,rotation,rotation,0,"{""angle"":2.992295}",2.812911,2.7444282,-0.068482876,0.060029991,0.064285055,0.24340729,0.18550022,-0.1833773,-0.12121516,0.062162139,0.7866409,1.1427067,104.57151,119.49457,False,0.97425979,False,False,False,0.7866409,1.1427067,104.57151,119.49457,0.77493741,1.1488459,100.77951,115.78013,0.95459708,1.0593797,27.905055,29.562048,0.65200852,1.2135354,26.635623,32.32327,0.76960746,1.168868,45.047749,52.654872,0.784693,1.1876454,51.166815,60.768032,0.77045606,1.1260485,47.166244,53.111479,0.8122967,1.0926158,50.745005,55.444796
experiment_0a_best,file,16,,4520,078.Gray_Kingbird/Gray_Kingbird_0063_70287.jpg,78,77,078.Gray_Kingbird,135,134,random_resized_crop,random_resized_crop,0,"{""area_fraction"":0.834789,""aspect"":0.913631,""fallback"":false,""height"":0.955879,""left"":0.053176,""top"":0.028864,""width"":0.873321}",2.812911,3.0335422,0.22063112,0.060029991,0.048144802,0.24340729,0.25305387,-0.1833773,-0.20490907,-0.021531768,0.79760186,1.1849521,104.57151,123.91223,False,0.9714582,True,False,False,0.79760186,1.1849521,104.57151,123.91223,0.78732826,1.195247,100.77951,120.4564,0.95850378,1.0413967,27.905055,29.060233,0.82607667,1.3063779,26.635623,34.796189,0.76085486,1.3091365,45.047749,58.973651,0.77097938,1.2330155,51.166815,63.089477,0.7635275,1.1096454,47.166244,52.337804,0.84826375,1.0974787,50.745005,55.691564
experiment_0a_best,file,16,,4520,078.Gray_Kingbird/Gray_Kingbird_0063_70287.jpg,78,77,078.Gray_Kingbird,135,134,gaussian_blur,gaussian_blur,0,"{""sigma"":1.863794}",2.812911,4.9263802,2.1134691,0.060029991,0.0072527118,0.24340729,0.12392402,-0.1833773,-0.11667131,0.066705991,0.48215805,1.0334922,104.57151,108.07384,False,0.82685161,False,False,False,0.48215805,1.0334922,104.57151,108.07384,0.46017753,1.038994,100.77951,104.7093,0.79426644,0.95884597,27.905055,26.75665,0.5233893,0.83600955,26.635623,22.267635,0.55749801,0.99497286,45.047749,44.821287,0.42746572,1.1128772,51.166815,56.942379,0.38584328,1.0775467,47.166244,50.82383,0.47983247,1.0113317,50.745005,51.320033
experiment_0a_best,file,16,,4520,078.Gray_Kingbird/Gray_Kingbird_0063_70287.jpg,78,77,078.Gray_Kingbird,135,134,random_erasing,random_erasing,0,"{""area_fraction"":0.114814,""erased"":true,""height"":0.372796,""left"":0.479161,""top"":0.212698,""width"":0.30798}",2.812911,3.9389677,1.1260567,0.060029991,0.0194683,0.24340729,0.023169752,-0.1833773,-0.0037014522,0.17967585,0.62845048,1.1623616,104.57151,121.54991,False,0.92126578,False,False,False,0.62845048,1.1623616,104.57151,121.54991,0.61206036,1.1722634,100.77951,118.14013,0.87841768,1.0244847,27.905055,28.588303,0.37750026,1.0021797,26.635623,26.693681,0.66573566,1.182511,45.047749,53.26946,0.63160916,1.1842453,51.166815,60.594059,0.57038559,1.1628305,47.166244,54.846347,0.64155383,1.2030801,50.745005,61.050307
experiment_0a_best,file,16,,1188,022.Chuck_will_Widow/Chuck_Will_Widow_0017_796960.jpg,22,21,022.Chuck_will_Widow,126,125,identity,identity,0,{},2.2863145,2.2863145,0,0.10164036,0.10164036,0.12439679,0.12439679,-0.022756435,-0.022756435,0,1,1,166.84799,166.84799,False,1,True,False,False,1,1,166.84799,166.84799,1,1,165.41802,165.41802,1,1,21.79742,21.79742,1,1,25.280488,25.280488,1,1,75.069638,75.069638,1,1,103.69687,103.69687,1,1,77.331279,77.331279,1,1,65.995462,65.995462
experiment_0a_best,file,16,,1188,022.Chuck_will_Widow/Chuck_Will_Widow_0017_796960.jpg,22,21,022.Chuck_will_Widow,126,125,horizontal_flip,horizontal_flip,0,"{""flipped"":true}",2.2863145,1.5858912,-0.70042324,0.10164036,0.2047652,0.12439679,0.049930986,-0.022756435,0.15483421,0.17759065,0.73447377,0.85566436,166.84799,142.76588,False,0.94584513,False,False,True,0.73447377,0.85566436,166.84799,142.76588,0.73122205,0.85610613,165.41802,141.61538,0.92802557,0.82982583,21.79742,18.088062,0.75338403,1.0404861,25.280488,26.303996,0.67029385,0.84579815,75.069638,63.493761,0.77129258,0.85253732,103.69687,88.405454,0.68942209,0.85665254,77.331279,66.246036,0.76704272,0.84739212,65.995462,55.924034
experiment_0a_best,file,16,,1188,022.Chuck_will_Widow/Chuck_Will_Widow_0017_796960.jpg,22,21,022.Chuck_will_Widow,126,125,color_jitter,color_jitter,0,"{""brightness"":1.382068,""contrast"":0.807092,""hue"":-0.094388,""saturation"":0.605591}",2.2863145,1.5514172,-0.73489726,0.10164036,0.21194738,0.12439679,0.005099583,-0.022756435,0.2068478,0.22960423,0.77931676,0.82225652,166.84799,137.19184,False,0.86456841,False,False,True,0.77931676,0.82225652,166.84799,137.19184,0.77821999,0.82074766,165.41802,135.76646,0.84025256,0.90491871,21.79742,19.724893,0.63542759,0.86242435,25.280488,21.802508,0.76984948,0.88689554,75.069638,66.578927,0.8342785,0.78868891,103.69687,81.784574,0.73126169,0.80682595,77.331279,62.392882,0.74741034,0.82199506,65.995462,54.247943
experiment_0a_best,file,16,,1188,022.Chuck_will_Widow/Chuck_Will_Widow_0017_796960.jpg,22,21,022.Chuck_will_Widow,126,125,rotation,rotation,0,"{""angle"":9.258474}",2.2863145,2.300782,0.014467478,0.10164036,0.10018048,0.12439679,0.16582619,-0.022756435,-0.06564571,-0.042889275,0.84738482,0.99470314,166.84799,165.96422,False,0.96514577,True,False,False,0.84738482,0.99470314,166.84799,165.96422,0.845644,0.9959715,165.41802,164.75164,0.95879284,0.91870712,21.79742,20.025445,0.83539798,1.0926409,25.280488,27.622494,0.83850818,0.96792384,75.069638,72.661692,0.87253188,1.010597,103.69687,104.79575,0.80549873,0.98729038,77.331279,76.348428,0.8448389,0.9923649,65.995462,65.491579
experiment_0a_best,file,16,,1188,022.Chuck_will_Widow/Chuck_Will_Widow_0017_796960.jpg,22,21,022.Chuck_will_Widow,126,125,random_resized_crop,random_resized_crop,0,"{""area_fraction"":0.730601,""aspect"":0.973773,""fallback"":false,""height"":0.866186,""left"":0.128572,""top"":0.088689,""width"":0.843469}",2.2863145,3.2677672,0.9814527,0.10164036,0.038091384,0.12439679,0.33694327,-0.022756435,-0.29885188,-0.27609545,0.81799305,1.0433146,166.84799,174.07493,False,0.96642214,True,False,False,0.81799305,1.0433146,166.84799,174.07493,0.81574128,1.0425947,165.41802,172.46396,0.94333348,1.0839653,21.79742,23.627648,0.78657594,1.1904499,25.280488,30.095153,0.80372751,1.0035509,75.069638,75.336203,0.84097752,1.0234238,103.69687,106.12584,0.78146561,1.0631794,77.331279,82.21702,0.82524382,1.0863677,65.995462,71.695335
experiment_0a_best,file,16,,1188,022.Chuck_will_Widow/Chuck_Will_Widow_0017_796960.jpg,22,21,022.Chuck_will_Widow,126,125,gaussian_blur,gaussian_blur,0,"{""sigma"":1.952772}",2.2863145,6.4825821,4.1962676,0.10164036,0.0015298554,0.12439679,0.069868252,-0.022756435,-0.068338396,-0.045581961,0.39629875,1.0590371,166.84799,176.6982,False,0.81919605,False,False,False,0.39629875,1.0590371,166.84799,176.6982,0.38898689,1.0581673,165.41802,175.03994,0.79887792,1.1079769,21.79742,24.151038,0.40246565,1.4508144,25.280488,36.677297,0.38579501,1.0737567,75.069638,80.606526,0.35649843,0.95184661,103.69687,98.703517,0.37402591,1.0951616,77.331279,84.690249,0.48544037,1.1620661,65.995462,76.691087
experiment_0a_best,file,16,,1188,022.Chuck_will_Widow/Chuck_Will_Widow_0017_796960.jpg,22,21,022.Chuck_will_Widow,126,125,random_erasing,random_erasing,0,"{""area_fraction"":0.134343,""erased"":true,""height"":0.592356,""left"":0.001296,""top"":0.112511,""width"":0.226795}",2.2863145,2.3351941,0.048879623,0.10164036,0.096791707,0.12439679,0.13573755,-0.022756435,-0.038945846,-0.016189411,0.94680627,0.94076322,166.84799,156.96445,False,0.98636568,True,False,False,0.94680627,0.94076322,166.84799,156.96445,0.94614509,0.93957339,165.41802,155.42237,0.98456559,1.0069179,21.79742,21.948213,0.96315518,1.0021669,25.280488,25.335268,0.94955474,0.96217355,75.069638,72.23002,0.95559323,0.90204428,103.69687,93.539171,0.93808418,0.94111318,77.331279,72.777486,0.93215681,0.98793319,65.995462,65.199107
experiment_0a_best,file,16,,264,005.Crested_Auklet/Crested_Auklet_0033_794964.jpg,5,4,005.Crested_Auklet,7,6,identity,identity,0,{},0.5243547,0.5243547,0,0.59193718,0.59193718,0.34389666,0.34389666,0.24804053,0.24804053,0,1,1,75.383207,75.383207,False,0.99999988,True,True,True,1,1,75.383207,75.383207,1,1,73.857259,73.857259,1,1,15.090831,15.090831,1,1,15.401314,15.401314,1,1,31.901364,31.901364,1,1,43.381369,43.381369,1,1,36.518406,36.518406,1,1,31.376106,31.376106
experiment_0a_best,file,16,,264,005.Crested_Auklet/Crested_Auklet_0033_794964.jpg,5,4,005.Crested_Auklet,7,6,horizontal_flip,horizontal_flip,0,"{""flipped"":true}",0.5243547,0.20606005,-0.31829464,0.59193718,0.81378418,0.34389666,0.14516144,0.24804053,0.66862275,0.42058222,0.66246565,0.44132795,75.383207,33.268716,False,0.96645939,True,True,True,0.66246565,0.44132795,75.383207,33.268716,0.64948833,0.44082178,73.857259,32.557888,0.96501273,0.45328335,15.090831,6.8404223,0.6754934,0.42538403,15.401314,6.5514728,0.55854489,0.50332,31.901364,16.056595,0.63684718,0.40017502,43.381369,17.36014,0.68255727,0.43586398,36.518406,15.917058,0.73797057,0.45583088,31.376106,14.302198
experiment_0a_best,file,16,,264,005.Crested_Auklet/Crested_Auklet_0033_794964.jpg,5,4,005.Crested_Auklet,7,6,color_jitter,color_jitter,0,"{""brightness"":1.198345,""contrast"":1.33109,""hue"":-0.088327,""saturation"":0.94807}",0.5243547,4.7515464,4.2271917,0.59193718,0.0086383251,0.34389666,0.5488773,0.24804053,-0.54023897,-0.7882795,0.61351946,1.7102123,75.383207,128.92129,False,0.77895856,False,True,False,0.61351946,1.7102123,75.383207,128.92129,0.60674738,1.7003896,73.857259,125.58611,0.76111538,1.9306186,15.090831,29.13464,0.50922732,1.324122,15.401314,20.393218,0.57386878,1.4709389,31.901364,46.924959,0.64434699,1.5622308,43.381369,67.771711,0.63531636,1.8297634,36.518406,66.820042,0.57973997,2.0397971,31.376106,64.000888
experiment_0a_best,file,16,,264,005.Crested_Auklet/Crested_Auklet_0033_794964.jpg,5,4,005.Crested_Auklet,7,6,rotation,rotation,0,"{""angle"":-1.941969}",0.5243547,0.21835515,-0.30599955,0.59193718,0.80383992,0.34389666,0.1535615,0.24804053,0.65027842,0.40223789,0.83070376,0.44998441,75.383207,33.921268,False,0.98349047,True,True,True,0.83070376,0.44998441,75.383207,33.921268,0.82411268,0.44917798,73.857259,33.175054,0.98267779,0.46888669,15.090831,7.0758897,0.75762861,0.47521975,15.401314,7.3190084,0.79806541,0.45021681,31.901364,14.36253,0.81551152,0.43762273,43.381369,18.984673,0.83651807,0.45497782,36.518406,16.615065,0.86746867,0.45549983,31.376106,14.291811
experiment_0a_best,file,16,,264,005.Crested_Auklet/Crested_Auklet_0033_794964.jpg,5,4,005.Crested_Auklet,7,6,random_resized_crop,random_resized_crop,0,"{""area_fraction"":0.516889,""aspect"":0.971647,""fallback"":false,""height"":0.729364,""left"":0.040196,""top"":0.161886,""width"":0.708685}",0.5243547,0.90256149,0.37820679,0.59193718,0.40552959,0.34389666,0.37634924,0.24804053,0.029180348,-0.21886018,0.51329038,1.2713071,75.383207,95.835207,False,0.87641031,True,True,True,0.51329038,1.2713071,75.383207,95.835207,0.49765683,1.2681774,73.857259,93.664103,0.86744022,1.3440983,15.090831,20.28356,0.52654506,0.91166377,15.401314,14.04082,0.38518107,1.3357761,31.901364,42.613081,0.49179498,1.2391643,43.381369,53.756645,0.52435296,1.2149813,36.518406,44.369179,0.59106769,1.3898059,31.376106,43.606697
experiment_0a_best,file,16,,264,005.Crested_Auklet/Crested_Auklet_0033_794964.jpg,5,4,005.Crested_Auklet,7,6,gaussian_blur,gaussian_blur,0,"{""sigma"":1.871905}",0.5243547,2.8289361,2.3045814,0.59193718,0.05907568,0.34389666,0.90653569,0.24804053,-0.84746001,-1.0955005,0.43732871,2.4750857,75.383207,186.5799,False,0.86762148,False,True,False,0.43732871,2.4750857,75.383207,186.5799,0.42025332,2.4792676,73.857259,183.11191,0.86510887,2.3727146,15.090831,35.806234,5.1767734e-06,2.5493323,15.401314,39.263066,0.28644257,2.5983036,31.901364,82.889428,0.43124629,2.3144371,43.381369,100.40345,0.48299435,2.3547252,36.518406,85.990811,0.55818039,2.7862326,31.376106,87.421129
experiment_0a_best,file,16,,264,005.Crested_Auklet/Crested_Auklet_0033_794964.jpg,5,4,005.Crested_Auklet,7,6,random_erasing,random_erasing,0,"{""area_fraction"":0.119918,""erased"":true,""height"":0.355557,""left"":0.616596,""top"":0.080438,""width"":0.337266}",0.5243547,5.0344448,4.5100901,0.59193718,0.0065098116,0.34389666,0.084183961,0.24804053,-0.07767415,-0.32571468,0.28502114,2.3351283,75.383207,176.02946,False,0.82349765,False,True,False,0.28502114,2.3351283,75.383207,176.02946,0.27154552,2.3364067,73.857259,172.56059,0.61232728,2.3042942,15.090831,34.773714,-0.045617011,1.8467617,15.401314,28.442556,0.23099943,2.7223506,31.901364,86.846697,0.29305619,2.2299733,43.381369,96.739294,0.3023741,2.1701277,36.518406,79.249606,0.30829476,2.424497,31.376106,76.071276
experiment_0a_best,file,16,,1749,031.Black_billed_Cuckoo/Black_Billed_Cuckoo_0057_795323.jpg,31,30,031.Black_billed_Cuckoo,33,32,identity,identity,0,{},3.4285882,3.4285882,0,0.032432701,0.032432701,0.86150354,0.86150354,-0.82907084,-0.82907084,0,1,1,156.46691,156.46691,False,1,True,False,False,1,1,156.46691,156.46691,1,1,152.59112,152.59112,1,1,34.609897,34.609897,1,1,65.415377,65.415377,1,1,68.926887,68.926887,1,1,66.454543,66.454543,1,1,71.959353,71.959353,1,1,68.261309,68.261309
experiment_0a_best,file,16,,1749,031.Black_billed_Cuckoo/Black_Billed_Cuckoo_0057_795323.jpg,31,30,031.Black_billed_Cuckoo,33,32,horizontal_flip,horizontal_flip,0,"{""flipped"":true}",3.4285882,2.8338099,-0.5947783,0.032432701,0.058788449,0.86150354,0.85557944,-0.82907084,-0.79679099,0.032279853,0.69688457,1.0482452,156.46691,164.01568,False,0.96851188,True,False,False,0.69688457,1.0482452,156.46691,164.01568,0.68309686,1.0488932,152.59112,160.05178,0.96839655,1.0355686,34.609897,35.840922,0.80952092,0.80852301,65.415377,52.889837,0.70145777,1.0371812,68.926887,71.489671,0.61215162,1.1606934,66.454543,77.13335,0.62125192,1.0918552,71.959353,78.569196,0.74002913,1.0948831,68.261309,74.738152
experiment_0a_best,file,16,,1749,031.Black_billed_Cuckoo/Black_Billed_Cuckoo_0057_795323.jpg,31,30,031.Black_billed_Cuckoo,33,32,color_jitter,color_jitter,0,"{""brightness"":0.633522,""contrast"":0.890705,""hue"":-0.064341,""saturation"":1.05304}",3.4285882,3.3882263,-0.040361881,0.032432701,0.033768523,0.86150354,0.74248099,-0.82907084,-0.70871247,0.12035837,0.68696737,0.94984721,156.46691,148.61966,False,0.92982376,True,False,False,0.68696737,0.94984721,156.46691,148.61966,0.67585861,0.95388044,152.59112,145.55368,0.92728233,0.86773226,34.609897,30.032124,0.63337107,0.7179395,65.415377,46.964283,0.67294709,1.1205476,68.926887,77.23586,0.65490388,1.0809947,66.454543,71.837008,0.67687526,0.91408391,71.959353,65.776887,0.77751957,0.87010377,68.261309,59.394422
experiment_0a_best,file,16,,1749,031.Black_billed_Cuckoo/Black_Billed_Cuckoo_0057_795323.jpg,31,30,031.Black_billed_Cuckoo,33,32,rotation,rotation,0,"{""angle"":-12.558921}",3.4285882,2.9747143,-0.45387387,0.032432701,0.051062021,0.86150354,0.81640631,-0.82907084,-0.76534429,0.063726552,0.692991,1.0437531,156.46691,163.31283,False,0.94822842,True,False,False,0.692991,1.0437531,156.46691,163.31283,0.68060127,1.046357,152.59112,159.66478,0.94802677,0.99178211,34.609897,34.325477,0.62507039,0.71592385,65.415377,46.832428,0.72186104,1.2247785,68.926887,84.420171,0.66124995,1.118706,66.454543,74.343095,0.66036936,1.0558682,71.959353,75.979594,0.75319623,1.0226425,68.261309,69.806912
experiment_0a_best,file,16,,1749,031.Black_billed_Cuckoo/Black_Billed_Cuckoo_0057_795323.jpg,31,30,031.Black_billed_Cuckoo,33,32,random_resized_crop,random_resized_crop,0,"{""area_fraction"":0.710191,""aspect"":1.063952,""fallback"":false,""height"":0.817008,""left"":0.087831,""top"":0.01419,""width"":0.869258}",3.4285882,3.1727848,-0.25580335,0.032432701,0.041886795,0.86150354,0.32206577,-0.82907084,-0.28017898,0.54889186,0.45165252,0.7787537,156.46691,121.84918,False,0.92950636,True,False,False,0.45165252,0.7787537,156.46691,121.84918,0.43462855,0.78446251,152.59112,119.70201,0.85286131,0.65801809,34.609897,22.773938,0.26455934,0.49965345,65.415377,32.685019,0.41628144,0.88904613,68.926887,61.279182,0.39724409,0.87327194,66.454543,58.032888,0.47355738,0.77914508,71.959353,56.066776,0.58157869,0.80156446,68.261309,54.71584
experiment_0a_best,file,16,,1749,031.Black_billed_Cuckoo/Black_Billed_Cuckoo_0057_795323.jpg,31,30,031.Black_billed_Cuckoo,33,32,gaussian_blur,gaussian_blur,0,"{""sigma"":1.681849}",3.4285882,2.7052379,-0.72335029,0.032432701,0.06685441,0.86150354,0.031981912,-0.82907084,0.034872498,0.86394334,0.10337031,0.74413158,156.46691,116.43197,False,0.78680956,False,False,False,0.10337031,0.74413158,156.46691,116.43197,0.086870477,0.75452383,152.59112,115.13363,0.59489428,0.50099106,34.609897,17.339249,-0.3572921,0.49866697,65.415377,32.620488,0.062108976,0.77591676,68.926887,53.481527,0.092505067,0.89612328,66.454543,59.551463,0.12141063,0.77395814,71.959353,55.693527,0.34134656,0.7588483,68.261309,51.799978
experiment_0a_best,file,16,,1749,031.Black_billed_Cuckoo/Black_Billed_Cuckoo_0057_795323.jpg,31,30,031.Black_billed_Cuckoo,33,32,random_erasing,random_erasing,0,"{""area_fraction"":0.160112,""erased"":true,""height"":0.46345,""left"":0.202477,""top"":0.377283,""width"":0.345478}",3.4285882,1.8940818,-1.5345063,0.032432701,0.15045641,0.86150354,0.4402568,-0.82907084,-0.28980039,0.53927045,0.50471085,0.72129461,156.46691,112.85874,False,0.90720403,True,False,False,0.50471085,0.72129461,156.46691,112.85874,0.48677364,0.72348847,152.59112,110.39791,0.87824118,0.6772395,34.609897,23.439189,0.61759957,0.32504582,65.415377,21.262995,0.4509665,0.7560334,68.926887,52.111029,0.4124912,0.820727,66.454543,54.541038,0.47101174,0.76211152,71.959353,54.841052,0.62924102,0.80742474,68.261309,55.11587
experiment_0a_best,file,16,,11302,192.Downy_Woodpecker/Downy_Woodpecker_0044_184170.jpg,192,191,192.Downy_Woodpecker,187,186,identity,identity,0,{},0.007280367,0.007280367,0,0.99274606,0.99274606,0.0024763776,0.0024763776,0.99026968,0.99026968,0,1,1,1.5857972,1.5857972,False,1,True,True,True,1,1,1.5857972,1.5857972,1,1,1.5657812,1.5657812,1,1,0.25116168,0.25116168,1,1,0.42297286,0.42297286,1,1,0.71640156,0.71640156,1,1,0.87142043,0.87142043,1,1,0.771696,0.771696,1,1,0.63611725,0.63611725
experiment_0a_best,file,16,,11302,192.Downy_Woodpecker/Downy_Woodpecker_0044_184170.jpg,192,191,192.Downy_Woodpecker,187,186,horizontal_flip,horizontal_flip,0,"{""flipped"":true}",0.007280367,0.0015035288,-0.0057768382,0.99274606,0.99849761,0.0024763776,0.00046326942,0.99026968,0.99803434,0.0077646584,0.71024086,0.22629194,1.5857972,0.35885313,False,0.97356033,True,True,True,0.71024086,0.22629194,1.5857972,0.35885313,0.70428502,0.22680655,1.5657812,0.35512942,0.96941621,0.20529501,0.25116168,0.051562238,0.66686895,0.21091505,0.42297286,0.08921134,0.69773675,0.23370337,0.71640156,0.16742546,0.72047271,0.21968923,0.87142043,0.19144168,0.66845323,0.23429564,0.771696,0.18080501,0.75570528,0.22664933,0.63611725,0.14417555
experiment_0a_best,file,16,,11302,192.Downy_Woodpecker/Downy_Woodpecker_0044_184170.jpg,192,191,192.Downy_Woodpecker,187,186,color_jitter,color_jitter,0,"{""brightness"":1.057551,""contrast"":0.741822,""hue"":0.051569,""saturation"":0.786859}",0.007280367,0.07363569,0.066355323,0.99274606,0.92901009,0.0024763776,0.037386514,0.99026968,0.89162358,-0.098646099,0.84169269,10.873982,1.5857972,17.243931,False,0.94935322,True,True,True,0.84169269,10.873982,1.5857972,17.243931,0.83972841,10.900446,1.5657812,17.067713,0.93144188,9.7902228,0.25116168,2.4589288,0.88080495,9.1424759,0.42297286,3.8670192,0.76075588,11.621933,0.71640156,8.3259708,0.87310944,11.525598,0.87142043,10.043641,0.86204817,10.678221,0.771696,8.2403401,0.84876047,9.7229274,0.63611725,6.1849219
experiment_0a_best,file,16,,11302,192.Downy_Woodpecker/Downy_Woodpecker_0044_184170.jpg,192,191,192.Downy_Woodpecker,187,186,rotation,rotation,0,"{""angle"":-4.639967}",0.007280367,0.0011301804,-0.0061501865,0.99274606,0.99887043,0.0024763776,0.00021347962,0.99026968,0.99865695,0.0083872753,0.8575482,0.14103579,1.5857972,0.22365417,False,0.97747231,True,True,True,0.8575482,0.14103579,1.5857972,0.22365417,0.85458893,0.14072439,1.5657812,0.2203436,0.96633645,0.15264715,0.25116168,0.038339114,0.81259029,0.11057174,0.42297286,0.046768847,0.85099871,0.12389666,0.71640156,0.088759759,0.86211776,0.14477407,0.87142043,0.12615908,0.85539773,0.14683443,0.771696,0.11331155,0.87776045,0.15506745,0.63611725,0.098641079
experiment_0a_best,file,16,,11302,192.Downy_Woodpecker/Downy_Woodpecker_0044_184170.jpg,192,191,192.Downy_Woodpecker,187,186,random_resized_crop,random_resized_crop,0,"{""area_fraction"":0.603275,""aspect"":0.784852,""fallback"":false,""height"":0.876726,""left"":0.102355,""top"":0.047609,""width"":0.6881}",0.007280367,0.0030144274,-0.0042659396,0.99274606,0.99699008,0.0024763776,0.0014801957,0.99026968,0.99550989,0.0052402115,0.7937841,0.50074016,1.5857972,0.79407236,False,0.96017802,True,True,True,0.7937841,0.50074016,1.5857972,0.79407236,0.79101734,0.50244833,1.5657812,0.78672413,0.92937361,0.42911705,0.25116168,0.10777776,0.75623988,0.46152865,0.42297286,0.19521409,0.79784023,0.53310072,0.71640156,0.38191419,0.78959472,0.50409179,0.87142043,0.43927589,0.79027737,0.50701493,0.771696,0.3912614,0.80557223,0.46877055,0.63611725,0.29819303
experiment_0a_best,file,16,,11302,192.Downy_Woodpecker/Downy_Woodpecker_0044_184170.jpg,192,191,192.Downy_Woodpecker,187,186,gaussian_blur,gaussian_blur,0,"{""sigma"":1.625449}",0.007280367,0.42952168,0.42224131,0.99274606,0.65082031,0.0024763776,0.16933268,0.99026968,0.48148763,-0.50878205,0.53599776,49.271529,1.5857972,78.134655,False,0.87300813,True,True,True,0.53599776,49.271529,1.5857972,78.134655,0.52940313,49.403931,1.5657812,77.355744,0.82875386,43.816947,0.25116168,11.005138,0.19143073,50.101567,0.42297286,21.191603,0.43811694,44.767094,0.71640156,32.071216,0.52759483,48.766032,0.87142043,42.495716,0.615398,54.087276,0.771696,41.738935,0.65922159,48.663116,0.63611725,30.955447
experiment_0a_best,file,16,,11302,192.Downy_Woodpecker/Downy_Woodpecker_0044_184170.jpg,192,191,192.Downy_Woodpecker,187,186,random_erasing,random_erasing,0,"{""area_fraction"":0.071335,""erased"":true,""height"":0.191173,""left"":0.253319,""top"":0.380626,""width"":0.373146}",0.007280367,0.084966749,0.077686382,0.99274606,0.9185428,0.0024763776,0.012012926,0.99026968,0.90652988,-0.083739801,0.75423273,9.8783438,1.5857972,15.66505,False,0.9353025,True,True,True,0.75423273,9.8783438,1.5857972,15.66505,0.75118716,9.8192347,1.5657812,15.374773,0.86564196,11.951241,0.25116168,3.0016936,0.8088106,8.7793208,0.42297286,3.7134144,0.71427889,9.1745068,0.71640156,6.572631,0.79007812,9.6535373,0.87142043,8.4122896,0.73770869,9.7353858,0.771696,7.5127583,0.73582803,11.356439,0.63611725,7.2240264
experiment_0a_best,file,16,,2933,051.Horned_Grebe/Horned_Grebe_0006_34718.jpg,51,50,051.Horned_Grebe,50,49,identity,identity,0,{},0.026616577,0.026616577,0,0.9737345,0.9737345,0.015605574,0.015605574,0.95812892,0.95812892,0,1,1,4.742402,4.742402,False,1,True,True,True,1,1,4.742402,4.742402,1,1,4.6347906,4.6347906,1,1,1.0045363,1.0045363,1,1,1.2049103,1.2049103,1,1,2.2200938,2.2200938,1,1,2.3256873,2.3256873,1,1,2.2808047,2.2808047,1,1,2.118907,2.118907
experiment_0a_best,file,16,,2933,051.Horned_Grebe/Horned_Grebe_0006_34718.jpg,51,50,051.Horned_Grebe,50,49,horizontal_flip,horizontal_flip,0,"{""flipped"":true}",0.026616577,0.04648912,0.019872542,0.9737345,0.95457494,0.015605574,0.011510502,0.95812892,0.94306444,-0.015064484,0.61562946,2.0970818,4.742402,9.9452048,False,0.97420764,True,True,True,0.61562946,2.0970818,4.742402,9.9452048,0.60439925,2.1094323,4.6347906,9.7767772,0.90030961,1.8143301,1.0045363,1.8225605,0.50440881,2.4543864,1.2049103,2.9573153,0.54245942,2.0197958,2.2200938,4.484136,0.56854183,2.2411693,2.3256873,5.2122592,0.64094558,2.0832069,2.2808047,4.7513882,0.72728773,1.945226,2.118907,4.121753
experiment_0a_best,file,16,,2933,051.Horned_Grebe/Horned_Grebe_0006_34718.jpg,51,50,051.Horned_Grebe,50,49,color_jitter,color_jitter,0,"{""brightness"":1.364575,""contrast"":0.880728,""hue"":-0.0809,""saturation"":1.056298}",0.026616577,1.2214278,1.1948112,0.9737345,0.29480892,0.015605574,0.010075922,0.95812892,0.284733,-0.67339592,0.27039838,24.201425,4.742402,114.77289,False,0.83420867,False,True,False,0.27039838,24.201425,4.742402,114.77289,0.25571289,24.313021,4.6347906,112.68576,0.62251693,21.690027,1.0045363,21.78842,-0.32355397,18.46149,1.2049103,22.244439,0.25493003,23.919914,2.2200938,53.104452,0.1706607,26.049341,2.3256873,60.582622,0.3480422,23.749908,2.2808047,54.168902,0.40399194,24.87744,2.118907,52.712981
experiment_0a_best,file,16,,2933,051.Horned_Grebe/Horned_Grebe_0006_34718.jpg,51,50,051.Horned_Grebe,50,49,rotation,rotation,0,"{""angle"":0.262943}",0.026616577,0.018653916,-0.0079626609,0.9737345,0.98151898,0.015605574,0.012761744,0.95812892,0.96875724,0.010628316,0.92308542,0.78253208,4.742402,3.7110817,False,0.99655181,True,True,True,0.92308542,0.78253208,4.742402,3.7110817,0.92045877,0.78572983,4.6347906,3.6416932,0.98929105,0.71105587,1.0045363,0.71428146,0.90355143,1.0623936,1.2049103,1.2800889,0.91663499,0.76908573,2.2200938,1.7074424,0.91644504,0.78526341,2.3256873,1.8262772,0.92986203,0.76610281,2.2808047,1.7473309,0.951138,0.71876055,2.118907,1.5229868
experiment_0a_best,file,16,,2933,051.Horned_Grebe/Horned_Grebe_0006_34718.jpg,51,50,051.Horned_Grebe,50,49,random_resized_crop,random_resized_crop,0,"{""area_fraction"":0.644339,""aspect"":1.256301,""fallback"":false,""height"":0.716161,""left"":0.06218,""top"":0.194931,""width"":0.899713}",0.026616577,0.12302729,0.09641071,0.9737345,0.88423955,0.015605574,0.038427178,0.95812892,0.84581238,-0.11231655,0.63559029,3.6015896,4.742402,17.080186,False,0.95294613,True,True,True,0.63559029,3.6015896,4.742402,17.080186,0.62139146,3.5945895,4.6347906,16.66017,0.92604304,3.7475051,1.0045363,3.764505,0.51730339,3.3985725,1.2049103,4.0949749,0.56064234,3.2175879,2.2200938,7.1433468,0.58476407,3.5603857,2.3256873,8.280344,0.63743407,3.4993251,2.2808047,7.9812772,0.73300806,4.1546971,2.118907,8.8034168
experiment_0a_best,file,16,,2933,051.Horned_Grebe/Horned_Grebe_0006_34718.jpg,51,50,051.Horned_Grebe,50,49,gaussian_blur,gaussian_blur,0,"{""sigma"":1.357658}",0.026616577,0.31432569,0.28770911,0.9737345,0.73028111,0.015605574,0.18182574,0.95812892,0.54845537,-0.40967355,0.53285494,10.851968,4.742402,51.464393,False,0.90599751,True,True,True,0.53285494,10.851968,4.742402,51.464393,0.52132203,10.955987,4.6347906,50.778706,0.87489528,8.3351686,1.0045363,8.3729797,0.35719097,13.278605,1.2049103,15.999527,0.49391266,11.433938,2.2200938,25.384415,0.4825238,11.265148,2.3256873,26.199212,0.55811763,10.494644,2.2808047,23.936235,0.64806451,9.6578813,2.118907,20.464152
experiment_0a_best,file,16,,2933,051.Horned_Grebe/Horned_Grebe_0006_34718.jpg,51,50,051.Horned_Grebe,50,49,random_erasing,random_erasing,0,"{""area_fraction"":0.067482,""erased"":true,""height"":0.369735,""left"":0.20253,""top"":0.22287,""width"":0.182515}",0.026616577,0.047889967,0.021273389,0.9737345,0.95323867,0.015605574,0.014444304,0.95812892,0.93879436,-0.019334562,0.92973819,1.6287031,4.742402,7.7239651,False,0.9830662,True,True,True,0.92973819,1.6287031,4.742402,7.7239651,0.92880562,1.6320139,4.6347906,7.5640425,0.95155028,1.5565561,1.0045363,1.5636171,0.89250797,1.4659262,1.2049103,1.7663095,0.94464032,1.60819,2.2200938,3.5703326,0.93111892,1.614534,2.3256873,3.7549013,0.93696145,1.6720251,2.2808047,3.8135628,0.91276435,1.6821961,2.118907,3.5644172
experiment_0a_best,file,16,,9650,164.Cerulean_Warbler/Cerulean_Warbler_0018_797183.jpg,164,163,164.Cerulean_Warbler,159,158,identity,identity,0,{},0.0011860249,0.0011860249,0,0.9988147,0.9988147,0.00030327582,0.00030327582,0.99851143,0.99851143,0,1,1,0.17030953,0.17030953,False,1,True,True,True,1,1,0.17030953,0.17030953,1,1,0.16575518,0.16575518,1,1,0.039122318,0.039122318,1,1,0.036425102,0.036425102,1,1,0.073399498,0.073399498,1,1,0.087290567,0.087290567,1,1,0.077362355,0.077362355,1,1,0.084592716,0.084592716
experiment_0a_best,file,16,,9650,164.Cerulean_Warbler/Cerulean_Warbler_0018_797183.jpg,164,163,164.Cerulean_Warbler,159,158,horizontal_flip,horizontal_flip,0,"{""flipped"":true}",0.0011860249,0.0027309288,0.001544904,0.9988147,0.99727279,0.00030327582,0.0012400901,0.99851143,0.9960327,-0.0024787268,0.64300504,2.938357,0.17030953,0.5004302,False,0.97647154,True,True,True,0.64300504,2.938357,0.17030953,0.5004302,0.62921184,2.9627557,0.16575518,0.49109209,0.95193566,2.4595517,0.039122318,0.096223363,0.66667679,3.4602245,0.036425102,0.12603903,0.72330006,4.023035,0.073399498,0.29528875,0.57340859,2.8896913,0.087290567,0.25224279,0.55202178,2.5624331,0.077362355,0.19823586,0.7179809,2.2168191,0.084592716,0.18752675
experiment_0a_best,file,16,,9650,164.Cerulean_Warbler/Cerulean_Warbler_0018_797183.jpg,164,163,164.Cerulean_Warbler,159,158,color_jitter,color_jitter,0,"{""brightness"":0.802569,""contrast"":0.780303,""hue"":-0.011111,""saturation"":1.052108}",0.0011860249,0.0050120899,0.003826065,0.9988147,0.99500042,0.00030327582,0.0010565721,0.99851143,0.99394385,-0.0045675763,0.82672288,5.0898193,0.17030953,0.86684471,False,0.97695017,True,True,True,0.82672288,5.0898193,0.17030953,0.86684471,0.82094926,5.1369867,0.16575518,0.85148215,0.97286487,4.1529833,0.039122318,0.16247433,0.65748102,4.9430501,0.036425102,0.18005111,0.82256602,6.8456591,0.073399498,0.50246795,0.8419441,5.0060291,0.087290567,0.43697912,0.83939287,4.5769627,0.077362355,0.35408462,0.8771944,4.159414,0.084592716,0.35185613
experiment_0a_best,file,16,,9650,164.Cerulean_Warbler/Cerulean_Warbler_0018_797183.jpg,164,163,164.Cerulean_Warbler,159,158,rotation,rotation,0,"{""angle"":-7.551452}",0.0011860249,0.00096274749,-0.00022327737,0.9988147,0.99903774,0.00030327582,0.00030571365,0.99851143,0.99873203,0.00022060276,0.77027238,0.77687015,0.17030953,0.13230839,False,0.98286045,True,True,True,0.77027238,0.77687015,0.17030953,0.13230839,0.75782859,0.77117579,0.16575518,0.12782638,0.9731989,0.87279236,0.039122318,0.03414566,0.68819526,0.72058302,0.036425102,0.02624731,0.75517931,0.79731345,0.073399498,0.058522407,0.70615341,0.72530971,0.087290567,0.063312696,0.73310871,0.78993641,0.077362355,0.061111341,0.84509388,0.79147409,0.084592716,0.066952943
experiment_0a_best,file,16,,9650,164.Cerulean_Warbler/Cerulean_Warbler_0018_797183.jpg,164,163,164.Cerulean_Warbler,159,158,random_resized_crop,random_resized_crop,0,"{""area_fraction"":0.839183,""aspect"":1.011975,""fallback"":false,""height"":0.910633,""left"":0.041739,""top"":0.081847,""width"":0.921538}",0.0011860249,0.0013325869,0.000146562,0.9988147,0.99866831,0.00030327582,0.00019172828,0.99851143,0.99847658,-3.4841461e-05,0.73511745,1.1478809,0.17030953,0.19549506,False,0.9851948,True,True,True,0.73511745,1.1478809,0.17030953,0.19549506,0.72207849,1.1485023,0.16575518,0.19037021,0.97165208,1.1366686,0.039122318,0.04446911,0.66493375,1.1152747,0.036425102,0.040623997,0.71091194,1.3203221,0.073399498,0.096910981,0.70003779,1.0373357,0.087290567,0.090549622,0.68936243,1.10212,0.077362355,0.085262599,0.79863462,1.1660563,0.084592716,0.098639868
experiment_0a_best,file,16,,9650,164.Cerulean_Warbler/Cerulean_Warbler_0018_797183.jpg,164,163,164.Cerulean_Warbler,159,158,gaussian_blur,gaussian_blur,0,"{""sigma"":1.926602}",0.0011860249,0.59414017,0.59295415,0.9988147,0.55203706,0.00030327582,0.0040437565,0.99851143,0.5479933,-0.45051812,0.31935638,710.76291,0.17030953,121.0497,False,0.76816791,True,True,True,0.31935638,710.76291,0.17030953,121.0497,0.31220315,726.34751,0.16575518,120.39586,0.71899913,321.15809,0.039122318,12.564449,0.11810261,962.78854,0.036425102,35.069671,0.39096593,989.93003,0.073399498,72.660367,0.24118964,708.46555,0.087290567,61.84236,0.30697366,699.3342,0.077362355,54.10214,0.47363551,415.30359,0.084592716,35.131659
experiment_0a_best,file,16,,9650,164.Cerulean_Warbler/Cerulean_Warbler_0018_797183.jpg,164,163,164.Cerulean_Warbler,159,158,random_erasing,random_erasing,0,"{""area_fraction"":0.132334,""erased"":true,""height"":0.207776,""left"":0.060371,""top"":0.786499,""width"":0.636909}",0.0011860249,0.0019206426,0.0007346177,0.9988147,0.99808121,0.00030327582,0.00056447566,0.99851143,0.99751673,-0.00099469459,0.94599275,1.6363487,0.17030953,0.27868577,False,0.99170834,True,True,True,0.94599275,1.6363487,0.17030953,0.27868577,0.94361848,1.6377864,0.16575518,0.27147157,0.98946804,1.6103226,0.039122318,0.062999554,0.88104298,1.5192498,0.036425102,0.055338829,0.933777,1.8178088,0.073399498,0.13342625,0.95561547,1.6111384,0.087290567,0.14063718,0.94642061,1.6238142,0.077362355,0.12562209,0.95442838,1.553603,0.084592716,0.1314235
experiment_0a_best,file,16,,10149,173.Orange_crowned_Warbler/Orange_Crowned_Warbler_0103_168566.jpg,173,172,173.Orange_crowned_Warbler,170,169,identity,identity,0,{},4.6879349,4.6879349,0,0.0092056757,0.0092056757,0.31396335,0.31396335,-0.30475768,-0.30475768,0,1,1,131.49411,131.49411,False,1,True,False,False,1,1,131.49411,131.49411,1,1,128.75436,128.75436,1,1,26.702373,26.702373,1,1,35.962984,35.962984,1,1,54.319597,54.319597,1,1,67.665186,67.665186,1,1,62.488078,62.488078,1,1,62.051533,62.051533
experiment_0a_best,file,16,,10149,173.Orange_crowned_Warbler/Orange_Crowned_Warbler_0103_168566.jpg,173,172,173.Orange_crowned_Warbler,170,169,horizontal_flip,horizontal_flip,0,"{""flipped"":true}",4.6879349,4.7980609,0.11012602,0.0092056757,0.0082457205,0.31396335,0.13085108,-0.30475768,-0.12260535,0.18215232,0.54637813,0.94789886,131.49411,124.64312,False,0.94467056,True,False,False,0.54637813,0.94789886,131.49411,124.64312,0.52819318,0.94093289,128.75436,121.14921,0.91504614,1.0974635,26.702373,29.304881,0.50514262,1.1325031,35.962984,40.728193,0.30641665,0.91379307,54.319597,49.636872,0.60951826,0.93048689,67.665186,62.961568,0.5438775,0.9267409,62.488078,57.910258,0.59714565,0.91686073,62.051533,56.892614
experiment_0a_best,file,16,,10149,173.Orange_crowned_Warbler/Orange_Crowned_Warbler_0103_168566.jpg,173,172,173.Orange_crowned_Warbler,170,169,color_jitter,color_jitter,0,"{""brightness"":1.161131,""contrast"":1.354902,""hue"":-0.050131,""saturation"":1.138961}",4.6879349,5.4614062,0.77347136,0.0092056757,0.0042475783,0.31396335,0.025193114,-0.30475768,-0.020945536,0.28381214,0.48014221,0.82246207,131.49411,108.14892,False,0.88964885,False,False,False,0.48014221,0.82246207,131.49411,108.14892,0.46295148,0.81489763,128.75436,104.92162,0.8197648,0.98204514,26.702373,26.222936,0.51239014,0.66639678,35.962984,23.965617,0.28990317,0.75187155,54.319597,40.84136,0.43395443,0.754201,67.665186,51.033151,0.502863,0.82909147,62.488078,51.808332,0.55825282,0.9503709,62.051533,58.971971
experiment_0a_best,file,16,,10149,173.Orange_crowned_Warbler/Orange_Crowned_Warbler_0103_168566.jpg,173,172,173.Orange_crowned_Warbler,170,169,rotation,rotation,0,"{""angle"":10.592784}",4.6879349,5.3963494,0.70841455,0.0092056757,0.0045330995,0.31396335,0.059697337,-0.30475768,-0.055164238,0.24959344,0.52191148,1.057288,131.49411,139.02714,False,0.91594487,False,False,False,0.52191148,1.057288,131.49411,139.02714,0.50722373,1.0566145,128.75436,136.04372,0.85830019,1.0728264,26.702373,28.647011,0.64235643,1.0946082,35.962984,39.365378,0.3557855,1.1184846,54.319597,60.755635,0.51509672,1.070759,67.665186,72.453107,0.49707471,1.0419236,62.488078,65.107802,0.59079662,0.990625,62.051533,61.4698
experiment_0a_best,file,16,,10149,173.Orange_crowned_Warbler/Orange_Crowned_Warbler_0103_168566.jpg,173,172,173.Orange_crowned_Warbler,170,169,random_resized_crop,random_resized_crop,0,"{""area_fraction"":0.663886,""aspect"":1.162782,""fallback"":false,""height"":0.75561,""left"":0.007126,""top"":0.150468,""width"":0.87861}",4.6879349,6.758183,2.0702481,0.0092056757,0.0011613375,0.31396335,0.032996688,-0.30475768,-0.031835351,0.27292233,0.52198654,0.9369424,131.49411,123.20241,False,0.90329266,False,False,False,0.52198654,0.9369424,131.49411,123.20241,0.50649014,0.93390417,128.75436,120.24423,0.85813557,1.0049956,26.702373,26.835767,0.74730923,0.90552465,35.962984,32.565369,0.22229526,0.97547336,54.319597,52.98732,0.55796161,0.95883353,67.665186,64.879649,0.50639154,0.881804,62.488078,55.102237,0.59444232,0.93204835,62.051533,57.835029
experiment_0a_best,file,16,,10149,173.Orange_crowned_Warbler/Orange_Crowned_Warbler_0103_168566.jpg,173,172,173.Orange_crowned_Warbler,170,169,gaussian_blur,gaussian_blur,0,"{""sigma"":1.921855}",4.6879349,5.4207172,0.73278236,0.0092056757,0.0044239718,0.31396335,0.013067044,-0.30475768,-0.0086430726,0.29611461,0.37915239,0.97924901,131.49411,128.76548,False,0.85126477,False,False,False,0.37915239,0.97924901,131.49411,128.76548,0.36328817,0.98397351,128.75436,126.69088,0.80331793,0.86213624,26.702373,23.021084,0.4910147,0.8155545,35.962984,29.329774,0.24911997,1.1774226,54.319597,63.957123,0.3202355,1.0478314,67.665186,70.901709,0.36027125,0.88054093,62.488078,55.02331,0.51617421,0.88931636,62.051533,55.183444
experiment_0a_best,file,16,,10149,173.Orange_crowned_Warbler/Orange_Crowned_Warbler_0103_168566.jpg,173,172,173.Orange_crowned_Warbler,170,169,random_erasing,random_erasing,0,"{""area_fraction"":0.193434,""erased"":true,""height"":0.383873,""left"":0.450256,""top"":0.37648,""width"":0.503901}",4.6879349,6.9693184,2.2813835,0.0092056757,0.00094029366,0.31396335,0.005967672,-0.30475768,-0.0050273783,0.2997303,0.37581279,0.81336499,131.49411,106.95271,False,0.8410058,False,False,False,0.37581279,0.81336499,131.49411,106.95271,0.35524356,0.80683026,128.75436,103.88291,0.78575721,0.95274521,26.702373,25.440558,0.24423702,0.5454092,35.962984,19.614543,0.21713305,0.75197685,54.319597,40.84708,0.33843426,0.74221327,67.665186,50.221999,0.35971733,0.80939825,62.488078,50.577741,0.48240628,0.97470811,62.051533,60.482132
experiment_0a_best,file,16,,2467,043.Yellow_bellied_Flycatcher/Yellow_Bellied_Flycatcher_0041_42719.jpg,43,42,043.Yellow_bellied_Flycatcher,39,38,identity,identity,0,{},2.1201737,2.1201737,0,0.12001078,0.12001078,0.21065713,0.21065713,-0.090646356,-0.090646356,0,1,1,202.92903,202.92903,False,1,True,False,False,1,1,202.92903,202.92903,1,1,200.78453,200.78453,1,1,29.423865,29.423865,1,1,93.41644,93.41644,1,1,97.122838,97.122838,1,1,99.553697,99.553697,1,1,82.56937,82.56937,1,1,73.66351,73.66351
experiment_0a_best,file,16,,2467,043.Yellow_bellied_Flycatcher/Yellow_Bellied_Flycatcher_0041_42719.jpg,43,42,043.Yellow_bellied_Flycatcher,39,38,horizontal_flip,horizontal_flip,0,"{""flipped"":true}",2.1201737,0.81216437,-1.3080093,0.12001078,0.44389626,0.21065713,0.1730179,-0.090646356,0.27087836,0.36152472,0.71558515,0.51035885,202.92903,103.56663,False,0.9471944,False,False,True,0.71558515,0.51035885,202.92903,103.56663,0.71059626,0.50907661,200.78453,102.21471,0.92825515,0.56686368,29.423865,16.679321,0.91640707,0.45685029,93.41644,42.677328,0.67377882,0.51570604,97.122838,50.086835,0.65068434,0.50191434,99.553697,49.967428,0.61258825,0.54228754,82.56937,44.776341,0.72631777,0.54574113,73.66351,40.201207
experiment_0a_best,file,16,,2467,043.Yellow_bellied_Flycatcher/Yellow_Bellied_Flycatcher_0041_42719.jpg,43,42,043.Yellow_bellied_Flycatcher,39,38,color_jitter,color_jitter,0,"{""brightness"":1.049078,""contrast"":0.665579,""hue"":0.014699,""saturation"":0.804935}",2.1201737,2.8834741,0.76330042,0.12001078,0.055940084,0.21065713,0.10179768,-0.090646356,-0.045857593,0.044788763,0.91898458,1.2396008,202.92903,251.55099,False,0.98053265,False,False,False,0.91898458,1.2396008,202.92903,251.55099,0.91830516,1.2427856,200.78453,249.53214,0.96415103,1.0809539,29.423865,31.805842,0.95299338,1.1972269,93.41644,111.84068,0.91690048,1.3209833,97.122838,128.29765,0.91059252,1.2601066,99.553697,125.44827,0.89765428,1.2360286,82.56937,102.0581,0.91394787,1.1474524,73.66351,84.525369
experiment_0a_best,file,16,,2467,043.Yellow_bellied_Flycatcher/Yellow_Bellied_Flycatcher_0041_42719.jpg,43,42,043.Yellow_bellied_Flycatcher,39,38,rotation,rotation,0,"{""angle"":-5.589338}",2.1201737,1.935298,-0.18487573,0.12001078,0.14438124,0.21065713,0.11862673,-0.090646356,0.025754511,0.11640087,0.847971,0.94234833,202.92903,191.22984,False,0.97966826,False,False,True,0.847971,0.94234833,202.92903,191.22984,0.84542528,0.94181707,200.78453,189.1023,0.96373716,0.96676355,29.423865,28.44592,0.95066097,0.94912276,93.41644,88.66367,0.82621026,1.0028996,97.122838,97.404459,0.79739207,0.90587433,99.553697,90.183138,0.8079223,0.91719199,82.56937,75.731965,0.84568137,0.91494279,73.66351,67.397897
experiment_0a_best,file,16,,2467,043.Yellow_bellied_Flycatcher/Yellow_Bellied_Flycatcher_0041_42719.jpg,43,42,043.Yellow_bellied_Flycatcher,39,38,random_resized_crop,random_resized_crop,0,"{""area_fraction"":0.656705,""aspect"":1.191811,""fallback"":false,""height"":0.742303,""left"":0.055911,""top"":0.104249,""width"":0.884685}",2.1201737,1.1370277,-0.98314595,0.12001078,0.32077104,0.21065713,0.11501945,-0.090646356,0.20575159,0.29639795,0.70839684,0.7529329,202.92903,152.79195,False,0.94494343,False,False,True,0.70839684,0.7529329,202.92903,152.79195,0.70412523,0.75294962,200.78453,151.18064,0.90751608,0.75215363,29.423865,22.131267,0.82332526,0.6865826,93.41644,64.138102,0.67425282,0.82071571,97.122838,79.710239,0.65805256,0.74288445,99.553697,73.956894,0.66164898,0.74622941,82.56937,61.615692,0.73116813,0.75852105,73.66351,55.875323
experiment_0a_best,file,16,,2467,043.Yellow_bellied_Flycatcher/Yellow_Bellied_Flycatcher_0041_42719.jpg,43,42,043.Yellow_bellied_Flycatcher,39,38,gaussian_blur,gaussian_blur,0,"{""sigma"":1.966194}",2.1201737,4.2332864,2.1131127,0.12001078,0.014504645,0.21065713,0.0014135612,-0.090646356,0.013091084,0.10373744,0.35241516,0.65833392,202.92903,133.59507,False,0.75413871,False,False,False,0.35241516,0.65833392,202.92903,133.59507,0.3431263,0.65370377,200.78453,131.25361,0.69799749,0.84633564,29.423865,24.902466,0.43052304,0.31709927,93.41644,29.622285,0.28505367,0.54106206,97.122838,52.549483,0.39701707,0.80021061,99.553697,79.663925,0.27132865,0.70417522,82.56937,58.143304,0.42493347,0.84358927,73.66351,62.141746
experiment_0a_best,file,16,,2467,043.Yellow_bellied_Flycatcher/Yellow_Bellied_Flycatcher_0041_42719.jpg,43,42,043.Yellow_bellied_Flycatcher,39,38,random_erasing,random_erasing,0,"{""area_fraction"":0.198157,""erased"":true,""height"":0.335603,""left"":0.111557,""top"":0.468171,""width"":0.590449}",2.1201737,4.9705167,2.850343,0.12001078,0.006939562,0.21065713,0.03003172,-0.090646356,-0.023092158,0.067554198,0.58281575,0.68165875,202.92903,138.32835,False,0.9020043,False,False,False,0.58281575,0.68165875,202.92903,138.32835,0.5752935,0.67265967,200.78453,135.05966,0.86334236,1.015961,29.423865,29.893501,0.4195683,0.39314846,93.41644,36.72653,0.59811944,0.62145173,97.122838,60.357156,0.62408635,0.73642498,99.553697,73.313829,0.61723014,0.77373365,82.56937,63.8867,0.62691945,0.83604751,73.66351,61.586194
experiment_0a_best,file,16,,6135,105.Whip_poor_Will/Whip_Poor_Will_0044_796407.jpg,105,104,105.Whip_poor_Will,22,21,identity,identity,0,{},0.36331218,0.36331218,0,0.6953693,0.6953693,0.26847759,0.26847759,0.42689171,0.42689171,0,1,1,76.499521,76.499521,False,0.99999994,True,True,True,1,1,76.499521,76.499521,1,1,75.674299,75.674299,1,1,11.206121,11.206121,1,1,13.696546,13.696546,1,1,38.576832,38.576832,1,1,43.182433,43.182433,1,1,34.996021,34.996021,1,1,31.006261,31.006261
experiment_0a_best,file,16,,6135,105.Whip_poor_Will/Whip_Poor_Will_0044_796407.jpg,105,104,105.Whip_poor_Will,22,21,horizontal_flip,horizontal_flip,0,"{""flipped"":true}",0.36331218,0.20275868,-0.1605535,0.6953693,0.81647527,0.26847759,0.12546131,0.42689171,0.69101396,0.26412225,0.74567438,0.4778474,76.499521,36.555097,False,0.93831009,True,True,True,0.74567438,0.4778474,76.499521,36.555097,0.7412535,0.47650094,75.674299,36.058875,0.92999921,0.53566439,11.206121,6.0027199,0.70196085,0.47048151,13.696546,6.4439716,0.7522607,0.42837092,38.576832,16.525193,0.74377165,0.49478102,43.182433,21.365848,0.71330332,0.46988319,34.996021,16.444042,0.77085088,0.51876869,31.006261,16.085077
experiment_0a_best,file,16,,6135,105.Whip_poor_Will/Whip_Poor_Will_0044_796407.jpg,105,104,105.Whip_poor_Will,22,21,color_jitter,color_jitter,0,"{""brightness"":1.109725,""contrast"":0.805663,""hue"":0.030511,""saturation"":0.645478}",0.36331218,0.19156396,-0.17174822,0.6953693,0.82566679,0.26847759,0.084506482,0.42689171,0.7411603,0.31426859,0.80068208,0.46042432,76.499521,35.22224,False,0.95817769,True,True,True,0.80068208,0.46042432,76.499521,35.22224,0.7980359,0.46040946,75.674299,34.841163,0.92117372,0.46110142,11.206121,5.1671582,0.793173,0.51660087,13.696546,7.0756475,0.77766692,0.40427944,38.576832,15.59582,0.82566433,0.47472542,43.182433,20.499799,0.77822246,0.46707904,34.996021,16.345908,0.80947324,0.49249059,31.006261,15.270292
experiment_0a_best,file,16,,6135,105.Whip_poor_Will/Whip_Poor_Will_0044_796407.jpg,105,104,105.Whip_poor_Will,22,21,rotation,rotation,0,"{""angle"":5.200094}",0.36331218,1.3615608,0.99824864,0.6953693,0.25626048,0.26847759,0.23344283,0.42689171,0.022817656,-0.40407406,0.76092056,1.6653444,76.499521,127.39805,False,0.92894816,True,True,True,0.76092056,1.6653444,76.499521,127.39805,0.75911976,1.6659397,75.674299,126.06882,0.84455006,1.637968,11.206121,18.355268,0.72423265,1.5920938,13.696546,21.806185,0.83175231,1.5372475,38.576832,59.30214,0.77424194,1.6827355,43.182433,72.664614,0.6999523,1.6781867,34.996021,58.729856,0.71867893,1.8163526,31.006261,56.318304
experiment_0a_best,file,16,,6135,105.Whip_poor_Will/Whip_Poor_Will_0044_796407.jpg,105,104,105.Whip_poor_Will,22,21,random_resized_crop,random_resized_crop,0,"{""area_fraction"":0.605841,""aspect"":0.819366,""fallback"":false,""height"":0.859885,""left"":0.061714,""top"":0.013551,""width"":0.70456}",0.36331218,1.0041996,0.64088744,0.6953693,0.36633775,0.26847759,0.1272126,0.42689171,0.23912515,-0.18776657,0.50218204,1.3996254,76.499521,107.07067,False,0.89479709,True,True,True,0.50218204,1.3996254,76.499521,107.07067,0.49623817,1.3990895,75.674299,105.87512,0.76859811,1.423848,11.206121,15.955812,0.52691091,1.2584999,13.696546,17.237102,0.51522869,1.1667306,38.576832,45.008769,0.47953111,1.3832422,43.182433,59.731766,0.44999758,1.4562494,34.996021,50.962933,0.56717514,1.6825079,31.006261,52.16828
experiment_0a_best,file,16,,6135,105.Whip_poor_Will/Whip_Poor_Will_0044_796407.jpg,105,104,105.Whip_poor_Will,22,21,gaussian_blur,gaussian_blur,0,"{""sigma"":1.729959}",0.36331218,2.3821845,2.0188723,0.6953693,0.092348613,0.26847759,0.017932361,0.42689171,0.074416252,-0.35247546,0.26133269,2.4359607,76.499521,186.34983,False,0.81191516,False,True,False,0.26133269,2.4359607,76.499521,186.34983,0.25518561,2.4427287,75.674299,184.85178,0.58959012,2.1043219,11.206121,23.581285,0.11490088,2.3842569,13.696546,32.656085,0.23427862,2.2448279,38.576832,86.598349,0.25440767,2.2475554,43.182433,97.05491,0.21810524,2.6153168,34.996021,91.525682,0.35433056,2.8498187,31.006261,88.36222
experiment_0a_best,file,16,,6135,105.Whip_poor_Will/Whip_Poor_Will_0044_796407.jpg,105,104,105.Whip_poor_Will,22,21,random_erasing,random_erasing,0,"{""area_fraction"":0.156328,""erased"":true,""height"":0.411152,""left"":0.186618,""top"":0.583735,""width"":0.38022}",0.36331218,0.17312446,-0.19018772,0.6953693,0.84103292,0.26847759,0.11646903,0.42689171,0.72456389,0.29767217,0.8732537,0.40728827,76.499521,31.157357,False,0.95670438,True,True,True,0.8732537,0.40728827,76.499521,31.157357,0.87148789,0.40566998,75.674299,30.698791,0.95267927,0.47526623,11.206121,5.3258907,0.85288147,0.37919544,13.696546,5.1936677,0.87965465,0.3703677,38.576832,14.287612,0.88096032,0.39175761,43.182433,16.917047,0.85805764,0.41749923,34.996021,14.610812,0.8795618,0.4691946,31.006261,14.54797
experiment_0a_best,file,16,,1581,028.Brown_Creeper/Brown_Creeper_0121_24574.jpg,28,27,028.Brown_Creeper,190,189,identity,identity,0,{},0.001026461,0.001026461,0,0.99897408,0.99897408,0.00022750867,0.00022750867,0.99874658,0.99874658,0,1,1,0.25256111,0.25256111,False,1,True,True,True,1,1,0.25256111,0.25256111,1,1,0.25019475,0.25019475,1,1,0.034492043,0.034492043,1,1,0.041616339,0.041616339,1,1,0.11060705,0.11060705,1,1,0.15242645,0.15242645,1,1,0.12647579,0.12647579,1,1,0.096961986,0.096961986
experiment_0a_best,file,16,,1581,028.Brown_Creeper/Brown_Creeper_0121_24574.jpg,28,27,028.Brown_Creeper,190,189,horizontal_flip,horizontal_flip,0,"{""flipped"":true}",0.001026461,0.0093396893,0.0083132283,0.99897408,0.99070376,0.00022750867,0.0039082514,0.99874658,0.98679551,-0.011951066,0.62549508,7.4602474,0.25256111,1.8841684,False,0.96677554,True,True,True,0.62549508,7.4602474,0.25256111,1.8841684,0.61873087,7.4421472,0.25019475,1.8619862,0.94654543,8.3574979,0.034492043,0.28826717,0.34856866,7.9998437,0.041616339,0.33292421,0.42077839,7.5514611,0.11060705,0.83524485,0.62174741,7.079648,0.15242645,1.0791256,0.71297667,7.400993,0.12647579,0.93604647,0.75920469,8.1064601,0.096961986,0.78601847
experiment_0a_best,file,16,,1581,028.Brown_Creeper/Brown_Creeper_0121_24574.jpg,28,27,028.Brown_Creeper,190,189,color_jitter,color_jitter,0,"{""brightness"":0.681426,""contrast"":0.717518,""hue"":-0.030029,""saturation"":0.609149}",0.001026461,0.0059047309,0.0048782699,0.99897408,0.99411267,0.00022750867,0.0001354813,0.99874658,0.99397719,-0.0047693871,0.75364041,6.0639244,0.25256111,1.5315115,False,0.9106096,True,True,True,0.75364041,6.0639244,0.25256111,1.5315115,0.75165101,6.0795929,0.25019475,1.5210822,0.8863495,5.1730004,0.034492043,0.17842735,0.57065722,9.1667386,0.041616339,0.38148611,0.77424807,6.8243975,0.11060705,0.75482649,0.75109436,5.8356967,0.15242645,0.88951452,0.76360531,5.5957749,0.12647579,0.70773007,0.78574448,5.707643,0.096961986,0.55342439
experiment_0a_best,file,16,,1581,028.Brown_Creeper/Brown_Creeper_0121_24574.jpg,28,27,028.Brown_Creeper,190,189,rotation,rotation,0,"{""angle"":-2.184267}",0.001026461,0.0042962399,0.0032697789,0.99897408,0.995713,0.00022750867,0.00042717473,0.99874658,0.99528582,-0.0034607554,0.84435055,3.4439459,0.25256111,0.8698068,False,0.96518755,True,True,True,0.84435055,3.4439459,0.25256111,0.8698068,0.84216089,3.4391895,0.25019475,0.86046718,0.95384154,3.6855575,0.034492043,0.12712241,0.71105735,3.1148239,0.041616339,0.12962757,0.81222465,3.696001,0.11060705,0.40880377,0.85713437,3.2503399,0.15242645,0.49543776,0.85097361,3.3854383,0.12647579,0.42817599,0.86383003,3.6852868,0.096961986,0.35733273
experiment_0a_best,file,16,,1581,028.Brown_Creeper/Brown_Creeper_0121_24574.jpg,28,27,028.Brown_Creeper,190,189,random_resized_crop,random_resized_crop,0,"{""area_fraction"":0.703825,""aspect"":0.926399,""fallback"":false,""height"":0.871632,""left"":0.029839,""top"":0.107028,""width"":0.807479}",0.001026461,0.023976961,0.0229505,0.99897408,0.97630823,0.00022750867,0.0069636093,0.99874658,0.96934462,-0.029401959,0.71081564,20.19527,0.25256111,5.1005398,False,0.94273162,True,True,True,0.71081564,20.19527,0.25256111,5.1005398,0.70629768,20.160399,0.25019475,5.044026,0.93165671,21.952037,0.034492043,0.75717059,0.48300595,16.440053,0.041616339,0.68417482,0.59546247,19.590768,0.11060705,2.1668771,0.7015607,19.356889,0.15242645,2.9505019,0.75824448,20.433482,0.12647579,2.5843409,0.79956987,22.816616,0.096961986,2.2123444
experiment_0a_best,file,16,,1581,028.Brown_Creeper/Brown_Creeper_0121_24574.jpg,28,27,028.Brown_Creeper,190,189,gaussian_blur,gaussian_blur,0,"{""sigma"":1.44622}",0.001026461,0.99829972,0.99727326,0.99897408,0.36850548,0.00022750867,0.0053867521,0.99874658,0.36311873,-0.63562785,0.55144395,684.1296,0.25256111,172.78453,False,0.82218778,True,True,True,0.55144395,684.1296,0.25256111,172.78453,0.5488572,687.43277,0.25019475,171.99207,0.78247469,479.22486,0.034492043,16.529444,0.11056309,709.13557,0.041616339,29.511627,0.45934588,753.58513,0.11060705,83.35183,0.59203452,707.9171,0.15242645,107.90529,0.57849553,660.89369,0.12647579,83.587054,0.62546101,577.22008,0.096961986,55.968405
experiment_0a_best,file,16,,1581,028.Brown_Creeper/Brown_Creeper_0121_24574.jpg,28,27,028.Brown_Creeper,190,189,random_erasing,random_erasing,0,"{""area_fraction"":0.123174,""erased"":true,""height"":0.215076,""left"":0.373194,""top"":0.427266,""width"":0.572701}",0.001026461,0.29899916,0.2979727,0.99897408,0.74156004,0.00022750867,0.020450676,0.99874658,0.72110937,-0.27763721,0.75939424,203.29936,0.25256111,51.345513,False,0.89461529,True,True,True,0.75939424,203.29936,0.25256111,51.345513,0.75708915,203.13007,0.25019475,50.822077,0.87627854,212.01633,0.034492043,7.3128763,0.4927752,192.97406,0.041616339,8.030874,0.75867851,215.14596,0.11060705,23.796661,0.80005379,190.94681,0.15242645,29.105344,0.75429373,199.84012,0.12647579,25.274938,0.71865897,222.67316,0.096961986,21.590832
experiment_0a_best,file,16,,8782,150.Sage_Thrasher/Sage_Thrasher_0096_155449.jpg,150,149,150.Sage_Thrasher,127,126,identity,identity,0,{},0.18091224,0.18091224,0,0.8345086,0.8345086,0.036803447,0.036803447,0.79770515,0.79770515,0,1,1,28.122275,28.122275,False,1,True,True,True,1,1,28.122275,28.122275,1,1,27.761275,27.761275,1,1,4.491545,4.491545,1,1,5.3672756,5.3672756,1,1,11.667159,11.667159,1,1,15.295846,15.295846,1,1,14.850658,14.850658,1,1,12.298504,12.298504
experiment_0a_best,file,16,,8782,150.Sage_Thrasher/Sage_Thrasher_0096_155449.jpg,150,149,150.Sage_Thrasher,127,126,horizontal_flip,horizontal_flip,0,"{""flipped"":true}",0.18091224,0.36682543,0.18591319,0.8345086,0.69293058,0.036803447,0.055023301,0.79770515,0.63790728,-0.15979787,0.62718844,1.7249439,28.122275,48.509348,False,0.95374298,True,True,True,0.62718844,1.7249439,28.122275,48.509348,0.61855301,1.7241547,27.761275,47.864734,0.95140895,1.7548262,4.491545,7.8818806,0.73572586,1.746647,5.3672756,9.3747357,0.60388347,1.7733652,11.667159,20.690133,0.62529887,1.6899784,15.295846,25.849649,0.56184797,1.6416871,14.850658,24.380135,0.67694556,1.8406957,12.298504,22.637803
experiment_0a_best,file,16,,8782,150.Sage_Thrasher/Sage_Thrasher_0096_155449.jpg,150,149,150.Sage_Thrasher,127,126,color_jitter,color_jitter,0,"{""brightness"":1.203928,""contrast"":0.770635,""hue"":-0.031211,""saturation"":0.963325}",0.18091224,0.22531614,0.044403896,0.8345086,0.79826379,0.036803447,0.029992916,0.79770515,0.76827087,-0.029434279,0.8800225,1.2664333,28.122275,35.614986,False,0.98386431,True,True,True,0.8800225,1.2664333,28.122275,35.614986,0.87746039,1.2670315,27.761275,35.174411,0.97991592,1.243364,4.491545,5.5846254,0.84381516,1.1363446,5.3672756,6.0990748,0.81084183,1.2817607,11.667159,14.954506,0.88354529,1.3144218,15.295846,20.105194,0.89195488,1.2254283,14.850658,18.198417,0.91638742,1.2622869,12.298504,15.52424
experiment_0a_best,file,16,,8782,150.Sage_Thrasher/Sage_Thrasher_0096_155449.jpg,150,149,150.Sage_Thrasher,127,126,rotation,rotation,0,"{""angle"":3.749317}",0.18091224,0.41744307,0.23653083,0.8345086,0.65872902,0.036803447,0.14379361,0.79770515,0.5149354,-0.28276975,0.76231487,2.4968684,28.122275,70.217621,False,0.95854092,True,True,True,0.76231487,2.4968684,28.122275,70.217621,0.75882478,2.5073476,27.761275,69.607168,0.93951255,2.0569441,4.491545,9.2388569,0.7479128,2.1897485,5.3672756,11.752984,0.72360884,2.9477418,11.667159,34.391771,0.76766826,2.5101503,15.295846,38.394872,0.75850741,2.3961962,14.850658,35.585092,0.80489241,2.2763605,12.298504,27.995827
experiment_0a_best,file,16,,8782,150.Sage_Thrasher/Sage_Thrasher_0096_155449.jpg,150,149,150.Sage_Thrasher,127,126,random_resized_crop,random_resized_crop,0,"{""area_fraction"":0.826589,""aspect"":0.940068,""fallback"":false,""height"":0.937702,""left"":0.103496,""top"":0.009558,""width"":0.881504}",0.18091224,0.14341506,-0.037497178,0.8345086,0.8663944,0.036803447,0.031403452,0.79770515,0.83499095,0.037285797,0.74229974,0.80261349,28.122275,22.571317,False,0.95494521,True,True,True,0.74229974,0.80261349,28.122275,22.571317,0.73736113,0.80421196,27.761275,22.325949,0.95021959,0.73896394,4.491545,3.3190898,0.65760009,0.92734694,5.3672756,4.9773266,0.72305936,0.86794912,11.667159,10.1265,0.74083862,0.80814544,15.295846,12.361268,0.73427611,0.74609995,14.850658,11.080076,0.77457148,0.7948478,12.298504,9.7754387
experiment_0a_best,file,16,,8782,150.Sage_Thrasher/Sage_Thrasher_0096_155449.jpg,150,149,150.Sage_Thrasher,127,126,gaussian_blur,gaussian_blur,0,"{""sigma"":1.508416}",0.18091224,3.4310184,3.2501061,0.8345086,0.032353979,0.036803447,0.0065309303,0.79770515,0.025823048,-0.7718821,0.35140258,5.579459,28.122275,156.90708,False,0.74105024,False,True,False,0.35140258,5.579459,28.122275,156.90708,0.3422293,5.5809289,27.761275,154.9337,0.705535,5.523011,4.491545,24.806852,0.086523528,6.7180781,5.3672756,36.057777,0.21657083,6.5337968,11.667159,76.230843,0.37719616,6.0361857,15.295846,92.328567,0.39617341,4.6814518,14.850658,69.522641,0.4388377,4.8345252,12.298504,59.457426
experiment_0a_best,file,16,,8782,150.Sage_Thrasher/Sage_Thrasher_0096_155449.jpg,150,149,150.Sage_Thrasher,127,126,random_erasing,random_erasing,0,"{""area_fraction"":0.136363,""erased"":true,""height"":0.411185,""left"":0.071216,""top"":0.587943,""width"":0.331634}",0.18091224,0.11359698,-0.067315258,0.8345086,0.89261764,0.036803447,0.024968939,0.79770515,0.8676487,0.069943553,0.92975304,0.63139116,28.122275,17.756156,False,0.98071378,True,True,True,0.92975304,0.63139116,28.122275,17.756156,0.92846731,0.63108694,27.761275,17.519778,0.97812359,0.64290527,4.491545,2.8876379,0.96124927,0.63803628,5.3672756,3.4245166,0.92699396,0.64168727,11.667159,7.4866671,0.93367575,0.62794484,15.295846,9.6049476,0.92322813,0.6165219,14.850658,9.1557562,0.92381752,0.6458048,12.298504,7.9424327
experiment_0a_best,file,16,,8635,147.Least_Tern/Least_Tern_0052_154021.jpg,147,146,147.Least_Tern,71,70,identity,identity,0,{},1.4073788,1.4073788,0,0.24478407,0.24478407,0.12426879,0.12426879,0.12051528,0.12051528,0,1,1,142.0352,142.0352,False,0.99999988,True,True,True,1,1,142.0352,142.0352,1,1,140.28146,140.28146,1,1,22.251076,22.251076,1,1,22.383294,22.383294,1,1,76.553639,76.553639,1,1,82.359524,82.359524,1,1,59.154712,59.154712,1,1,55.091239,55.091239
experiment_0a_best,file,16,,8635,147.Least_Tern/Least_Tern_0052_154021.jpg,147,146,147.Least_Tern,71,70,horizontal_flip,horizontal_flip,0,"{""flipped"":true}",1.4073788,0.13526937,-1.2721094,0.24478407,0.87348062,0.12426879,0.041426569,0.12051528,0.83205405,0.71153877,0.60163292,0.1482373,142.0352,21.054914,False,0.91730589,True,True,True,0.60163292,0.1482373,142.0352,21.054914,0.59312118,0.1473395,140.28146,20.668999,0.88999568,0.18033799,22.251076,4.0127144,0.60152031,0.15970025,22.383294,3.5746177,0.56028767,0.12429312,76.553639,9.5150904,0.60338561,0.13584475,82.359524,11.188109,0.55935068,0.16452643,59.154712,9.7325138,0.68611803,0.18510922,55.091239,10.197896
experiment_0a_best,file,16,,8635,147.Least_Tern/Least_Tern_0052_154021.jpg,147,146,147.Least_Tern,71,70,color_jitter,color_jitter,0,"{""brightness"":1.323254,""contrast"":0.625832,""hue"":-0.0043,""saturation"":1.156344}",1.4073788,2.1589913,0.75161254,0.24478407,0.11544151,0.12426879,0.056478206,0.12051528,0.058963303,-0.061551977,0.84152839,1.1442745,142.0352,162.52726,False,0.94207025,True,True,True,0.84152839,1.1442745,142.0352,162.52726,0.83965603,1.1463762,140.28146,160.81532,0.92490099,1.0573634,22.251076,23.527473,0.58663732,1.0856766,22.383294,24.301019,0.82476715,1.0812422,76.553639,82.773022,0.8645467,1.18218,82.359524,97.363782,0.8474357,1.1690681,59.154712,69.155884,0.84382727,1.1703859,55.091239,64.478009
experiment_0a_best,file,16,,8635,147.Least_Tern/Least_Tern_0052_154021.jpg,147,146,147.Least_Tern,71,70,rotation,rotation,0,"{""angle"":-12.414751}",1.4073788,2.5575576,1.1501788,0.24478407,0.077493787,0.12426879,0.15724273,0.12051528,-0.079748943,-0.20026422,0.74986109,1.1034757,142.0352,156.73238,False,0.92515403,False,True,False,0.74986109,1.1034757,142.0352,156.73238,0.74566519,1.1022001,140.28146,154.61823,0.91002358,1.1530339,22.251076,25.656245,0.55695469,1.0443102,22.383294,23.375102,0.76055874,1.0874952,76.553639,83.251718,0.76945758,1.0922988,82.359524,89.961211,0.71713416,1.1170202,59.154712,66.077006,0.72904607,1.1437539,55.091239,63.010819
experiment_0a_best,file,16,,8635,147.Least_Tern/Least_Tern_0052_154021.jpg,147,146,147.Least_Tern,71,70,random_resized_crop,random_resized_crop,0,"{""area_fraction"":0.535683,""aspect"":1.218811,""fallback"":false,""height"":0.662958,""left"":0.186915,""top"":0.221919,""width"":0.80802}",1.4073788,0.49497887,-0.91239992,0.24478407,0.6095838,0.12426879,0.018513583,0.12051528,0.59107021,0.47055493,0.49096577,0.46078493,142.0352,65.44768,False,0.83043635,True,True,True,0.49096577,0.46078493,142.0352,65.44768,0.48308742,0.46018864,140.28146,64.555933,0.78936741,0.48389078,22.251076,10.767091,0.32576574,0.40139704,22.383294,8.9845878,0.53017794,0.43418137,76.553639,33.238164,0.44690781,0.41771881,82.359524,34.403122,0.43899027,0.5216375,59.154712,30.857316,0.55702987,0.52803104,55.091239,29.089885
experiment_0a_best,file,16,,8635,147.Least_Tern/Least_Tern_0052_154021.jpg,147,146,147.Least_Tern,71,70,gaussian_blur,gaussian_blur,0,"{""sigma"":1.291076}",1.4073788,1.9735051,0.56612635,0.24478407,0.13896888,0.12426879,0.084350049,0.12051528,0.054618835,-0.065896444,0.73051444,1.3644644,142.0352,193.80197,False,0.92939949,False,True,False,0.73051444,1.3644644,142.0352,193.80197,0.72810549,1.3684435,140.28146,191.96724,0.84662299,1.1956339,22.251076,26.604142,0.71022787,1.3398237,22.383294,29.989667,0.81243376,1.3421412,76.553639,102.74579,0.73474171,1.3378846,82.359524,110.18754,0.65685011,1.4759812,59.154712,87.311244,0.64832355,1.3620792,55.091239,75.038633
experiment_0a_best,file,16,,8635,147.Least_Tern/Least_Tern_0052_154021.jpg,147,146,147.Least_Tern,71,70,random_erasing,random_erasing,0,"{""area_fraction"":0.09526,""erased"":true,""height"":0.260603,""left"":0.108439,""top"":0.684659,""width"":0.365536}",1.4073788,1.6533629,0.24598408,0.24478407,0.19140516,0.12426879,0.019177957,0.12051528,0.17222721,0.051711926,0.75988787,1.0709938,142.0352,152.11882,False,0.88953751,False,True,False,0.75988787,1.0709938,142.0352,152.11882,0.75765743,1.0701096,140.28146,150.11654,0.84609056,1.1055631,22.251076,24.599969,0.78801823,1.1749291,22.383294,26.298783,0.81763543,1.0723371,76.553639,82.091303,0.77691695,1.0047106,82.359524,82.747484,0.67466943,1.0745813,59.154712,63.566545,0.70480325,1.1786757,55.091239,64.934706
experiment_0a_best,file,16,,566,011.Rusty_Blackbird/Rusty_Blackbird_0023_6752.jpg,11,10,011.Rusty_Blackbird,9,8,identity,identity,0,{},0.12284376,0.12284376,0,0.88440186,0.88440186,0.055195495,0.055195495,0.82920636,0.82920636,0,1,1,22.491796,22.491796,False,1,True,True,True,1,1,22.491796,22.491796,1,1,22.167174,22.167174,1,1,3.8075314,3.8075314,1,1,4.0704992,4.0704992,1,1,12.965765,12.965765,1,1,10.972204,10.972204,1,1,10.135854,10.135854,1,1,9.1421431,9.1421431
experiment_0a_best,file,16,,566,011.Rusty_Blackbird/Rusty_Blackbird_0023_6752.jpg,11,10,011.Rusty_Blackbird,9,8,horizontal_flip,horizontal_flip,0,"{""flipped"":true}",0.12284376,0.26892859,0.14608483,0.88440186,0.76419783,0.055195495,0.09887325,0.82920636,0.66532458,-0.16388179,0.74587834,1.9516714,22.491796,43.896595,False,0.96967685,True,True,True,0.74587834,1.9516714,22.491796,43.896595,0.73931216,1.9512392,22.167174,43.253458,0.96675849,1.9662656,3.8075314,7.4866179,0.67957126,1.8960464,4.0704992,7.7178554,0.80792417,1.9173278,12.965765,24.859622,0.71345583,1.9970612,10.972204,21.912163,0.66571341,1.9054689,10.135854,19.313554,0.74280952,2.017346,9.1421431,18.442866
experiment_0a_best,file,16,,566,011.Rusty_Blackbird/Rusty_Blackbird_0023_6752.jpg,11,10,011.Rusty_Blackbird,9,8,color_jitter,color_jitter,0,"{""brightness"":0.805795,""contrast"":0.844341,""hue"":0.085749,""saturation"":0.786497}",0.12284376,4.4754286,4.3525848,0.88440186,0.011385339,0.055195495,0.067775063,0.82920636,-0.056389724,-0.88559609,0.27987743,8.4965075,22.491796,191.10171,False,0.84590101,False,True,False,0.27987743,8.4965075,22.491796,191.10171,0.26780804,8.4969774,22.167174,188.35397,0.68975974,8.4805643,3.8075314,32.290015,0.14063137,7.8160595,4.0704992,31.815264,0.095375576,7.3097765,12.965765,94.776843,0.32781309,10.076314,10.972204,110.55937,0.3573095,8.2801299,10.135854,83.926185,0.39007343,8.6235453,9.1421431,78.837685
experiment_0a_best,file,16,,566,011.Rusty_Blackbird/Rusty_Blackbird_0023_6752.jpg,11,10,011.Rusty_Blackbird,9,8,rotation,rotation,0,"{""angle"":-11.41031}",0.12284376,0.96829867,0.84545492,0.88440186,0.37972853,0.055195495,0.1549774,0.82920636,0.22475113,-0.60445523,0.78500823,5.3537828,22.491796,120.41619,False,0.93789041,True,True,True,0.78500823,5.3537828,22.491796,120.41619,0.7821552,5.3780812,22.167174,119.21686,0.91552144,4.4524535,3.8075314,16.952856,0.69015753,5.8136524,4.0704992,23.664467,0.86099833,5.4802657,12.965765,71.055836,0.735928,5.728624,10.972204,62.85563,0.7305873,4.976765,10.135854,50.443761,0.77709338,5.0225004,9.1421431,45.916417
experiment_0a_best,file,16,,566,011.Rusty_Blackbird/Rusty_Blackbird_0023_6752.jpg,11,10,011.Rusty_Blackbird,9,8,random_resized_crop,random_resized_crop,0,"{""area_fraction"":0.837933,""aspect"":1.077449,""fallback"":false,""height"":0.881873,""left"":0.027804,""top"":0.110083,""width"":0.950174}",0.12284376,2.0014224,1.8785786,0.88440186,0.13514294,0.055195495,0.0036908118,0.82920636,0.13145213,-0.69775424,0.64403503,8.6224899,22.491796,193.93528,False,0.88137257,False,True,False,0.64403503,8.6224899,22.491796,193.93528,0.6417432,8.6596394,22.167174,191.95973,0.74671842,7.2516242,3.8075314,27.610787,0.67642467,8.7759807,4.0704992,35.722623,0.76027642,8.2609764,12.965765,107.10988,0.56797257,10.131334,10.972204,111.16306,0.59546734,8.0643777,10.135854,81.739352,0.6003154,7.7818974,9.1421431,71.143219
experiment_0a_best,file,16,,566,011.Rusty_Blackbird/Rusty_Blackbird_0023_6752.jpg,11,10,011.Rusty_Blackbird,9,8,gaussian_blur,gaussian_blur,0,"{""sigma"":1.940434}",0.12284376,6.9403639,6.8175201,0.88440186,0.00096791715,0.055195495,0.00085617707,0.82920636,0.00011174008,-0.82909462,0.17789764,7.3310506,22.491796,164.88849,False,0.55528116,False,True,False,0.17789764,7.3310506,22.491796,164.88849,0.16936701,7.3256514,22.167174,162.38899,0.4599325,7.5117609,3.8075314,28.601265,0.034909882,6.7495261,4.0704992,27.473941,-0.1444827,5.6495082,12.965765,73.250195,0.29626796,8.3279259,10.972204,91.3757,0.32449764,7.7416665,10.135854,78.468398,0.2711632,8.289343,9.1421431,75.78236
experiment_0a_best,file,16,,566,011.Rusty_Blackbird/Rusty_Blackbird_0023_6752.jpg,11,10,011.Rusty_Blackbird,9,8,random_erasing,random_erasing,0,"{""area_fraction"":0.162141,""erased"":true,""height"":0.36726,""left"":0.041927,""top"":0.390421,""width"":0.441489}",0.12284376,0.22486202,0.10201827,0.88440186,0.79862642,0.055195495,0.059487179,0.82920636,0.73913924,-0.090067118,0.80351214,1.3617849,22.491796,30.628988,False,0.96267545,True,True,True,0.80351214,1.3617849,22.491796,30.628988,0.79885072,1.3534524,22.167174,30.002215,0.94808063,1.6190482,3.8075314,6.1645767,0.63859702,1.0877735,4.0704992,4.427781,0.8372859,1.0423046,12.965765,13.514276,0.81579323,1.4115462,10.972204,15.487772,0.80559219,1.4961655,10.135854,15.164914,0.80116659,1.651823,9.1421431,15.101202
experiment_0a_best,file,16,,8751,149.Brown_Thrasher/Brown_Thrasher_0085_155445.jpg,149,148,149.Brown_Thrasher,99,98,identity,identity,0,{},0.14323947,0.14323947,0,0.86654651,0.86654651,0.041391786,0.041391786,0.82515473,0.82515473,0,1,1,20.882779,20.882779,False,1,True,True,True,1,1,20.882779,20.882779,1,1,20.576242,20.576242,1,1,3.5649304,3.5649304,1,1,4.6775122,4.6775122,1,1,9.1467189,9.1467189,1,1,11.027471,11.027471,1,1,9.4591571,9.4591571,1,1,10.332443,10.332443
experiment_0a_best,file,16,,8751,149.Brown_Thrasher/Brown_Thrasher_0085_155445.jpg,149,148,149.Brown_Thrasher,99,98,horizontal_flip,horizontal_flip,0,"{""flipped"":true}",0.14323947,0.074494936,-0.068744533,0.86654651,0.92821217,0.041391786,0.027877718,0.82515473,0.90033445,0.075179722,0.77385652,0.53904803,20.882779,11.256821,False,0.97609055,True,True,True,0.77385652,0.53904803,20.882779,11.256821,0.76726774,0.5361905,20.576242,11.032785,0.97075096,0.62684288,3.5649304,2.2346513,0.77378567,0.50373917,4.6775122,2.3562462,0.83956432,0.57340673,9.1467189,5.2447901,0.76851123,0.52152596,11.027471,5.7511125,0.68853082,0.52494446,9.4591571,4.9655321,0.77084953,0.53826083,10.332443,5.5615492
experiment_0a_best,file,16,,8751,149.Brown_Thrasher/Brown_Thrasher_0085_155445.jpg,149,148,149.Brown_Thrasher,99,98,color_jitter,color_jitter,0,"{""brightness"":0.706158,""contrast"":1.201856,""hue"":0.03405,""saturation"":0.813234}",0.14323947,0.25257301,0.10933354,0.86654651,0.7767995,0.041391786,0.068854101,0.82515473,0.7079454,-0.11720933,0.88479069,1.8023901,20.882779,37.638915,False,0.9817481,True,True,True,0.88479069,1.8023901,20.882779,37.638915,0.88219651,1.8046907,20.576242,37.133753,0.97615922,1.7239945,3.5649304,6.1459206,0.88670216,2.4799196,4.6775122,11.599854,0.87583816,1.923545,9.1467189,17.594125,0.90856368,1.7709013,11.027471,19.528563,0.86160202,1.7193454,9.4591571,16.263558,0.89274963,1.6451255,10.332443,16.998165
experiment_0a_best,file,16,,8751,149.Brown_Thrasher/Brown_Thrasher_0085_155445.jpg,149,148,149.Brown_Thrasher,99,98,rotation,rotation,0,"{""angle"":1.970062}",0.14323947,0.16198331,0.018743843,0.86654651,0.8504554,0.041391786,0.055648256,0.82515473,0.79480715,-0.030347578,0.89148096,1.2274881,20.882779,25.633362,False,0.97929037,True,True,True,0.89148096,1.2274881,20.882779,25.633362,0.88924829,1.230356,20.576242,25.316103,0.97591432,1.1277837,3.5649304,4.0204704,0.88993472,1.2805561,4.6775122,5.9898167,0.89803779,1.3891811,9.1467189,12.706449,0.88423495,1.2165755,11.027471,13.415751,0.87304712,1.1869206,9.4591571,11.227268,0.9109023,1.1350382,10.332443,11.727718
experiment_0a_best,file,16,,8751,149.Brown_Thrasher/Brown_Thrasher_0085_155445.jpg,149,148,149.Brown_Thrasher,99,98,random_resized_crop,random_resized_crop,0,"{""area_fraction"":0.787639,""aspect"":1.216014,""fallback"":false,""height"":0.804811,""left"":0.019327,""top"":0.186687,""width"":0.978662}",0.14323947,0.31016552,0.16692606,0.86654651,0.73332554,0.041391786,0.13535671,0.82515473,0.59796883,-0.22718589,0.77221807,2.2703438,20.882779,47.411089,False,0.93807876,True,True,True,0.77221807,2.2703438,20.882779,47.411089,0.7676134,2.2683414,20.576242,46.673941,0.92149555,2.3360728,3.5649304,8.3279372,0.83949982,2.0267733,4.6775122,9.4802571,0.79543773,2.396707,9.1467189,21.922005,0.7924494,2.367858,11.027471,26.111486,0.71433555,2.2818466,9.4591571,21.584346,0.75083412,2.0764614,10.332443,21.454919
experiment_0a_best,file,16,,8751,149.Brown_Thrasher/Brown_Thrasher_0085_155445.jpg,149,148,149.Brown_Thrasher,99,98,gaussian_blur,gaussian_blur,0,"{""sigma"":1.831011}",0.14323947,1.2410952,1.0978557,0.86654651,0.28906745,0.041391786,0.12978461,0.82515473,0.15928283,-0.66587189,0.50724528,6.7207835,20.882779,140.34864,False,0.7853474,True,True,True,0.50724528,6.7207835,20.882779,140.34864,0.50153272,6.7601617,20.576242,139.09872,0.76875026,5.2425081,3.5649304,18.689177,0.12801122,8.4011647,4.6775122,39.296551,0.55977388,7.20942,9.1467189,65.942538,0.5334204,7.0264159,11.027471,77.483599,0.47367845,7.0161074,9.4591571,66.366462,0.56301901,5.3428885,10.332443,55.205089
experiment_0a_best,file,16,,8751,149.Brown_Thrasher/Brown_Thrasher_0085_155445.jpg,149,148,149.Brown_Thrasher,99,98,random_erasing,random_erasing,0,"{""area_fraction"":0.195298,""erased"":true,""height"":0.588784,""left"":0.582559,""top"":0.098564,""width"":0.331697}",0.14323947,0.30692759,0.16368812,0.86654651,0.73570389,0.041391786,0.14843179,0.82515473,0.58727209,-0.23788263,0.82601111,2.0210757,20.882779,42.205678,False,0.97022426,True,True,True,0.82601111,2.0210757,20.882779,42.205678,0.82211812,2.0156686,20.576242,41.474885,0.94804677,2.1936055,3.5649304,7.8200511,0.82658595,2.0468926,4.6775122,9.5743651,0.86950575,2.1895726,9.1467189,20.027405,0.82624906,2.0670445,11.027471,22.794273,0.79020295,1.9383318,9.4591571,18.334985,0.80605293,1.8657957,10.332443,19.278228
experiment_0a_best,file,16,,6529,112.Great_Grey_Shrike/Great_Grey_Shrike_0089_797036.jpg,112,111,112.Great_Grey_Shrike,91,90,identity,identity,0,{},2.3957474,2.3957474,0,0.091104552,0.091104552,0.46753424,0.46753424,-0.37642969,-0.37642969,0,1,1,175.0087,175.0087,False,1,True,False,False,1,1,175.0087,175.0087,1,1,172.31625,172.31625,1,1,30.580261,30.580261,1,1,41.36012,41.36012,1,1,81.79444,81.79444,1,1,95.916135,95.916135,1,1,84.01816,84.01816,1,1,70.943251,70.943251
experiment_0a_best,file,16,,6529,112.Great_Grey_Shrike/Great_Grey_Shrike_0089_797036.jpg,112,111,112.Great_Grey_Shrike,91,90,horizontal_flip,horizontal_flip,0,"{""flipped"":true}",2.3957474,1.1208503,-1.2748971,0.091104552,0.32600245,0.46753424,0.078634769,-0.37642969,0.24736768,0.62379737,0.56116387,0.92572204,175.0087,162.00941,False,0.95008332,False,False,True,0.56116387,0.92572204,175.0087,162.00941,0.55483688,0.9329814,172.31625,160.76786,0.88228459,0.65462418,30.580261,20.018578,0.54701038,1.169278,41.36012,48.361478,0.50479352,0.981704,81.79444,80.297929,0.54993381,0.91718993,95.916135,87.973314,0.56489533,0.92544232,84.01816,77.753961,0.64790039,0.80663453,70.943251,57.225276
experiment_0a_best,file,16,,6529,112.Great_Grey_Shrike/Great_Grey_Shrike_0089_797036.jpg,112,111,112.Great_Grey_Shrike,91,90,color_jitter,color_jitter,0,"{""brightness"":1.132205,""contrast"":1.222555,""hue"":0.027523,""saturation"":0.777003}",2.3957474,1.3951273,-1.0006201,0.091104552,0.2478015,0.46753424,0.2616961,-0.37642969,-0.013894603,0.36253509,0.8225507,0.9745609,175.0087,170.55663,False,0.93747723,True,False,False,0.8225507,0.9745609,175.0087,170.55663,0.82061596,0.97889951,172.31625,168.6803,0.90718417,0.82502228,30.580261,25.229397,0.83305486,0.9229067,41.36012,38.171532,0.76560057,0.93614447,81.79444,76.571413,0.8543141,1.0069941,95.916135,96.586984,0.81888179,1.0174129,84.01816,85.481157,0.82952748,0.94522869,70.943251,67.057596
experiment_0a_best,file,16,,6529,112.Great_Grey_Shrike/Great_Grey_Shrike_0089_797036.jpg,112,111,112.Great_Grey_Shrike,91,90,rotation,rotation,0,"{""angle"":-13.903082}",2.3957474,4.6775041,2.2817566,0.091104552,0.0093022026,0.46753424,0.098180495,-0.37642969,-0.088878293,0.2875514,0.65638707,1.091077,175.0087,190.94796,False,0.92687601,False,False,False,0.65638707,1.091077,175.0087,190.94796,0.65090081,1.0929165,172.31625,188.32727,0.84213999,1.0309644,30.580261,31.527162,0.76536507,1.1800936,41.36012,48.808813,0.68350775,1.1837696,81.79444,96.82577,0.63770847,1.0571448,95.916135,101.39725,0.62828091,1.0564913,84.01816,88.764459,0.62006716,1.0500262,70.943251,74.492274
experiment_0a_best,file,16,,6529,112.Great_Grey_Shrike/Great_Grey_Shrike_0089_797036.jpg,112,111,112.Great_Grey_Shrike,91,90,random_resized_crop,random_resized_crop,0,"{""area_fraction"":0.507996,""aspect"":1.306907,""fallback"":false,""height"":0.623459,""left"":0.16627,""top"":0.287295,""width"":0.814803}",2.3957474,1.7880685,-0.60767889,0.091104552,0.16728297,0.46753424,0.050606839,-0.37642969,0.11667613,0.49310582,0.62896255,1.0188406,175.0087,178.30597,False,0.80611002,False,False,True,0.62896255,1.0188406,175.0087,178.30597,0.62757978,1.0265335,172.31625,176.8884,0.7253589,0.73377688,30.580261,22.439089,0.79050139,1.3200344,41.36012,54.596781,0.72983065,1.2703417,81.79444,103.90689,0.60540017,0.93613029,95.916135,89.789999,0.54818395,0.89988578,84.01816,75.606748,0.56406014,0.86127747,70.943251,61.101824
experiment_0a_best,file,16,,6529,112.Great_Grey_Shrike/Great_Grey_Shrike_0089_797036.jpg,112,111,112.Great_Grey_Shrike,91,90,gaussian_blur,gaussian_blur,0,"{""sigma"":1.730684}",2.3957474,2.2630408,-0.13270664,0.091104552,0.10403366,0.46753424,0.037263751,-0.37642969,0.066769905,0.4431996,0.42709162,0.79096549,175.0087,138.42584,False,0.85624194,False,False,True,0.42709162,0.79096549,175.0087,138.42584,0.41710536,0.79231587,172.31625,136.5289,0.76421679,0.74681982,30.580261,22.837945,0.57987217,0.74437131,41.36012,30.787287,0.47291485,0.77390157,81.79444,63.300846,0.31080328,0.78182849,95.916135,74.989967,0.39892748,0.80301705,84.01816,67.468015,0.50655578,0.83509089,70.943251,59.244062
experiment_0a_best,file,16,,6529,112.Great_Grey_Shrike/Great_Grey_Shrike_0089_797036.jpg,112,111,112.Great_Grey_Shrike,91,90,random_erasing,random_erasing,0,"{""area_fraction"":0.082994,""erased"":true,""height"":0.261166,""left"":0.145139,""top"":0.429813,""width"":0.317784}",2.3957474,0.96899527,-1.4267522,0.091104552,0.37946409,0.46753424,0.068948038,-0.37642969,0.31051605,0.68694574,0.75275641,0.59849198,175.0087,104.7413,False,0.93549788,False,False,True,0.75275641,0.59849198,175.0087,104.7413,0.74938758,0.59920418,172.31625,103.25262,0.86474368,0.57542019,30.580261,17.5965,0.65650915,0.53866709,41.36012,22.279336,0.80885577,0.61598484,81.79444,50.384135,0.77447091,0.55965967,95.916135,53.680392,0.7152731,0.59473884,84.01816,49.968863,0.71483359,0.66827965,70.943251,47.409931
experiment_0a_best,file,16,,4639,080.Green_Kingfisher/Green_Kingfisher_0042_71028.jpg,80,79,080.Green_Kingfisher,67,66,identity,identity,0,{},0.12099409,0.12099409,0,0.8860392,0.8860392,0.043643449,0.043643449,0.84239575,0.84239575,0,1,1,18.6102,18.6102,False,1,True,True,True,1,1,18.6102,18.6102,1,1,18.285008,18.285008,1,1,3.4638189,3.4638189,1,1,4.2833049,4.2833049,1,1,8.8627047,8.8627047,1,1,10.143426,10.143426,1,1,8.8308034,8.8308034,1,1,7.5216425,7.5216425
experiment_0a_best,file,16,,4639,080.Green_Kingfisher/Green_Kingfisher_0042_71028.jpg,80,79,080.Green_Kingfisher,67,66,horizontal_flip,horizontal_flip,0,"{""flipped"":true}",0.12099409,0.22632499,0.1053309,0.8860392,0.79745889,0.043643449,0.11345501,0.84239575,0.68400387,-0.15839187,0.57622749,2.4198418,18.6102,45.03374,False,0.93022203,True,True,True,0.57622749,2.4198418,18.6102,45.03374,0.56836375,2.4367377,18.285008,44.555768,0.87712218,1.8891859,3.4638189,6.5437979,0.65322653,2.826775,4.2833049,12.107939,0.57188787,2.4898847,8.8627047,22.067113,0.56583621,2.5178509,10.143426,25.539633,0.50328008,2.4071194,8.8308034,21.256798,0.64446084,2.0917194,7.5216425,15.733165
experiment_0a_best,file,16,,4639,080.Green_Kingfisher/Green_Kingfisher_0042_71028.jpg,80,79,080.Green_Kingfisher,67,66,color_jitter,color_jitter,0,"{""brightness"":0.829961,""contrast"":0.841242,""hue"":-0.086155,""saturation"":1.199282}",0.12099409,1.6031985,1.4822044,0.8860392,0.20125178,0.043643449,0.68481874,0.84239575,-0.48356697,-1.3259627,0.63515103,11.852975,18.6102,220.58624,False,0.92061961,False,True,False,0.63515103,11.852975,18.6102,220.58624,0.6318073,11.965274,18.285008,218.78513,0.8195271,8.1214002,3.4638189,28.13106,0.74248006,13.598558,4.2833049,58.24677,0.68488369,14.492858,8.8627047,128.44592,0.62508896,12.230523,10.143426,124.0594,0.57022101,10.096083,8.8308034,89.156528,0.63865635,9.0525674,7.5216425,68.090176
experiment_0a_best,file,16,,4639,080.Green_Kingfisher/Green_Kingfisher_0042_71028.jpg,80,79,080.Green_Kingfisher,67,66,rotation,rotation,0,"{""angle"":-3.894026}",0.12099409,1.2349778,1.1139838,0.8860392,0.29084122,0.043643449,0.40335283,0.84239575,-0.11251161,-0.95490735,0.72799061,9.1019018,18.6102,169.38822,False,0.93702674,False,True,False,0.72799061,9.1019018,18.6102,169.38822,0.72550973,9.1910199,18.285008,168.05787,0.89157009,6.1168669,3.4638189,21.187719,0.75878817,9.4496924,4.2833049,40.475914,0.75217891,10.102642,8.8627047,89.536734,0.72818047,9.7097145,10.143426,98.489768,0.69305133,8.7814172,8.8308034,77.546969,0.74128923,7.1280809,7.5216425,53.614876
experiment_0a_best,file,16,,4639,080.Green_Kingfisher/Green_Kingfisher_0042_71028.jpg,80,79,080.Green_Kingfisher,67,66,random_resized_crop,random_resized_crop,0,"{""area_fraction"":0.705783,""aspect"":0.924766,""fallback"":false,""height"":0.873614,""left"":0.146528,""top"":0.03514,""width"":0.807889}",0.12099409,0.88484907,0.76385498,0.8860392,0.41277647,0.043643449,0.48221022,0.84239575,-0.069433749,-0.9118295,0.58938781,8.9071326,18.6102,165.76352,False,0.93792605,False,True,False,0.58938781,8.9071326,18.6102,165.76352,0.58411675,8.9898354,18.285008,164.37921,0.84447082,6.1718108,3.4638189,21.378035,0.52381033,8.3455474,4.2833049,35.746524,0.66932039,9.5567689,8.8627047,84.69882,0.55420907,9.706674,10.143426,98.458926,0.53770818,8.7295716,8.8308034,77.08913,0.62239348,7.1988623,7.5216425,54.147269
experiment_0a_best,file,16,,4639,080.Green_Kingfisher/Green_Kingfisher_0042_71028.jpg,80,79,080.Green_Kingfisher,67,66,gaussian_blur,gaussian_blur,0,"{""sigma"":1.44674}",0.12099409,7.3995228,7.2785287,0.8860392,0.00061154459,0.043643449,0.073979974,0.84239575,-0.073368429,-0.91576418,0.35794292,11.481751,18.6102,213.6777,False,0.64259189,False,True,False,0.35794292,11.481751,18.6102,213.6777,0.35397433,11.546561,18.285008,211.12896,0.49900269,9.4995539,3.4638189,32.904735,0.65389554,8.5395554,4.2833049,36.577519,0.41229648,12.080751,8.8627047,107.06812,0.37242864,11.484999,10.143426,116.49723,0.26678266,12.181037,8.8308034,107.56835,0.2927651,10.826532,7.5216425,81.433305
experiment_0a_best,file,16,,4639,080.Green_Kingfisher/Green_Kingfisher_0042_71028.jpg,80,79,080.Green_Kingfisher,67,66,random_erasing,random_erasing,0,"{""area_fraction"":0.197162,""erased"":true,""height"":0.618585,""left"":0.665692,""top"":0.238952,""width"":0.318731}",0.12099409,0.20471565,0.083721563,0.8860392,0.814879,0.043643449,0.016324693,0.84239575,0.79855431,-0.043841442,0.66083507,1.9508632,18.6102,36.305955,False,0.98069286,True,True,True,0.66083507,1.9508632,18.6102,36.305955,0.65266356,1.9555783,18.285008,35.757765,0.90803537,1.8145491,3.4638189,6.2852695,0.66622568,1.8474761,4.2833049,7.9133033,0.55890406,1.9196978,8.8627047,17.013714,0.62217092,1.9610993,10.143426,19.892266,0.71200578,2.0532777,8.8308034,18.132092,0.7513099,1.8898315,7.5216425,14.214637
experiment_0a_best,file,16,,10452,178.Swainson_Warbler/Swainson_Warbler_0036_174699.jpg,178,177,178.Swainson_Warbler,31,30,identity,identity,0,{},0.048053928,0.048053928,0,0.95308238,0.95308238,0.0087978784,0.0087978784,0.9442845,0.9442845,0,1,1,7.1986988,7.1986988,False,1,True,True,True,1,1,7.1986988,7.1986988,1,1,7.0523002,7.0523002,1,1,1.4444119,1.4444119,1,1,1.550674,1.550674,1,1,2.9186689,2.9186689,1,1,3.8374457,3.8374457,1,1,3.5473576,3.5473576,1,1,3.3914576,3.3914576
experiment_0a_best,file,16,,10452,178.Swainson_Warbler/Swainson_Warbler_0036_174699.jpg,178,177,178.Swainson_Warbler,31,30,horizontal_flip,horizontal_flip,0,"{""flipped"":true}",0.048053928,0.046733744,-0.0013201833,0.95308238,0.95434147,0.0087978784,0.015309218,0.9442845,0.93903225,-0.0052522514,0.62053593,1.1097279,7.1986988,7.9885971,False,0.96506149,True,True,True,0.62053593,1.1097279,7.1986988,7.9885971,0.60802364,1.1112273,7.0523002,7.8367082,0.92969004,1.0733663,1.4444119,1.550383,0.35924433,1.632445,1.550674,2.5313901,0.37491187,1.0302396,2.9186689,3.0069283,0.6996747,1.1662529,3.8374457,4.475432,0.63136224,1.0307885,3.5473576,3.6565756,0.72347016,1.0451643,3.3914576,3.5446305
experiment_0a_best,file,16,,10452,178.Swainson_Warbler/Swainson_Warbler_0036_174699.jpg,178,177,178.Swainson_Warbler,31,30,color_jitter,color_jitter,0,"{""brightness"":0.692705,""contrast"":1.265763,""hue"":0.077558,""saturation"":1.209515}",0.048053928,0.41261911,0.36456519,0.95308238,0.66191435,0.0087978784,0.020143405,0.9442845,0.64177094,-0.30251356,0.66261528,7.9519003,7.1986988,57.243335,False,0.91508406,True,True,True,0.66261528,7.9519003,7.1986988,57.243335,0.65553237,7.9966328,7.0523002,56.394655,0.86964268,6.7989608,1.4444119,9.8204996,0.1653251,9.961846,1.550674,15.447576,0.56233745,7.9541172,2.9186689,23.215435,0.69838141,7.8874706,3.8374457,30.26774,0.71421361,7.8074682,3.5473576,27.695882,0.74045078,7.9095486,3.3914576,26.824899
experiment_0a_best,file,16,,10452,178.Swainson_Warbler/Swainson_Warbler_0036_174699.jpg,178,177,178.Swainson_Warbler,31,30,rotation,rotation,0,"{""angle"":-2.298586}",0.048053928,0.089299962,0.041246034,0.95308238,0.91457123,0.0087978784,0.0098170033,0.9442845,0.90475422,-0.039530282,0.81658366,2.1855557,7.1986988,15.733157,False,0.97728789,True,True,True,0.81658366,2.1855557,7.1986988,15.733157,0.81246706,2.2015878,7.0523002,15.526258,0.9590971,1.7606726,1.4444119,2.5431363,0.73946232,2.2138705,1.550674,3.4329914,0.77396517,2.5091165,2.9186689,7.3232805,0.81032896,2.2165213,3.8374457,8.5057802,0.82835894,2.1344929,3.5473576,7.5718096,0.86036149,1.9991368,3.3914576,6.7799879
experiment_0a_best,file,16,,10452,178.Swainson_Warbler/Swainson_Warbler_0036_174699.jpg,178,177,178.Swainson_Warbler,31,30,random_resized_crop,random_resized_crop,0,"{""area_fraction"":0.605657,""aspect"":1.137707,""fallback"":false,""height"":0.729622,""left"":0.087121,""top"":0.244315,""width"":0.830097}",0.048053928,2.1282625,2.0802086,0.95308238,0.11904398,0.0087978784,0.14227968,0.9442845,-0.023235708,-0.96752021,0.51445331,24.567949,7.1986988,176.85726,False,0.8307687,False,True,False,0.51445331,24.567949,7.1986988,176.85726,0.50796186,24.836019,7.0523002,175.15106,0.77768164,16.966821,1.4444119,24.507077,0.2666236,29.054172,1.550674,45.053549,0.54305822,32.418861,2.9186689,94.619924,0.53957453,25.252339,3.8374457,96.904479,0.5085572,21.099231,3.5473576,74.846518,0.52959047,20.220205,3.3914576,68.575967
experiment_0a_best,file,16,,10452,178.Swainson_Warbler/Swainson_Warbler_0036_174699.jpg,178,177,178.Swainson_Warbler,31,30,gaussian_blur,gaussian_blur,0,"{""sigma"":1.588824}",0.048053928,2.7542899,2.7062359,0.95308238,0.063654214,0.0087978784,0.06641835,0.9442845,-0.0027641356,-0.94704864,0.56788324,23.69368,7.1986988,170.56367,False,0.79557413,False,True,False,0.56788324,23.69368,7.1986988,170.56367,0.56383165,23.972072,7.0523002,169.05825,0.76667658,15.65437,1.4444119,22.611358,0.26289723,21.722649,1.550674,33.684748,0.52617003,25.938905,2.9186689,75.707077,0.57623831,25.59524,3.8374457,98.220345,0.60599179,23.662776,3.5473576,83.94033,0.6016704,20.893905,3.3914576,70.860792
experiment_0a_best,file,16,,10452,178.Swainson_Warbler/Swainson_Warbler_0036_174699.jpg,178,177,178.Swainson_Warbler,31,30,random_erasing,random_erasing,0,"{""area_fraction"":0.185378,""erased"":true,""height"":0.241327,""left"":0.211076,""top"":0.37596,""width"":0.768162}",0.048053928,0.22671725,0.17866332,0.95308238,0.79714614,0.0087978784,0.010373357,0.9442845,0.78677278,-0.15751172,0.55251195,5.0481154,7.1986988,36.339863,False,0.91364491,True,True,True,0.55251195,5.0481154,7.1986988,36.339863,0.54372392,5.0588758,7.0523002,35.676711,0.77484893,4.7844439,1.4444119,6.9107075,0.4597562,4.4134443,1.550674,6.8438135,0.55540751,6.1929139,2.9186689,18.075066,0.56165412,4.9642138,3.8374457,19.049901,0.52961087,4.7791041,3.5473576,16.953192,0.55526089,4.6525315,3.3914576,15.778863
experiment_0a_best,file,16,,8335,142.Black_Tern/Black_Tern_0055_144607.jpg,142,141,142.Black_Tern,141,140,identity,identity,0,{},0.0045946026,0.0045946026,0,0.99541593,0.99541593,0.0010595438,0.0010595438,0.99435638,0.99435638,0,1,1,0.9997716,0.9997716,False,1,True,True,True,1,1,0.9997716,0.9997716,1,1,0.98673339,0.98673339,1,1,0.16093624,0.16093624,1,1,0.24294423,0.24294423,1,1,0.40769315,0.40769315,1,1,0.50937771,0.50937771,1,1,0.52045245,0.52045245,1,1,0.4669805,0.4669805
experiment_0a_best,file,16,,8335,142.Black_Tern/Black_Tern_0055_144607.jpg,142,141,142.Black_Tern,141,140,horizontal_flip,horizontal_flip,0,"{""flipped"":true}",0.0045946026,0.00037031469,-0.0042242879,0.99541593,0.99962974,0.0010595438,0.00011095293,0.99435638,0.99951878,0.0051624008,0.61252351,0.072744025,0.9997716,0.072727411,False,0.96265453,True,True,True,0.61252351,0.072744025,0.9997716,0.072727411,0.6015621,0.072217435,0.98673339,0.071259355,0.95683668,0.090339721,0.16093624,0.014538935,0.35506041,0.062733735,0.24294423,0.015240799,0.54286962,0.071647104,0.40769315,0.029210034,0.62954645,0.073063389,0.50937771,0.037216861,0.5700544,0.071932008,0.52045245,0.03743719,0.70778353,0.074358366,0.4669805,0.034723907
experiment_0a_best,file,16,,8335,142.Black_Tern/Black_Tern_0055_144607.jpg,142,141,142.Black_Tern,141,140,color_jitter,color_jitter,0,"{""brightness"":1.032771,""contrast"":1.242104,""hue"":0.077679,""saturation"":0.969344}",0.0045946026,0.075800546,0.071205943,0.99541593,0.92700106,0.0010595438,0.0040255971,0.99435638,0.92297546,-0.07138092,0.5889292,15.345259,0.9997716,15.341755,False,0.92055023,True,True,True,0.5889292,15.345259,0.9997716,15.341755,0.58150198,15.379375,0.98673339,15.175342,0.89811173,14.002656,0.16093624,2.2535347,0.20727352,14.077221,0.24294423,3.4199797,0.39101865,15.882057,0.40769315,6.4750061,0.59769267,16.371703,0.50937771,8.3393804,0.64374123,14.814231,0.52045245,7.7101029,0.73838031,14.786341,0.4669805,6.9049331
experiment_0a_best,file,16,,8335,142.Black_Tern/Black_Tern_0055_144607.jpg,142,141,142.Black_Tern,141,140,rotation,rotation,0,"{""angle"":10.343033}",0.0045946026,0.028745506,0.024150903,0.99541593,0.97166371,0.0010595438,0.0063509797,0.99435638,0.96531273,-0.029043648,0.71008159,5.8981515,0.9997716,5.8968044,False,0.94786191,True,True,True,0.71008159,5.8981515,0.9997716,5.8968044,0.70417194,5.9034004,0.98673339,5.8250823,0.9407074,5.6973278,0.16093624,0.9169065,0.58281339,4.7069973,0.24294423,1.1435378,0.6532658,6.123825,0.40769315,2.4966415,0.70974661,6.1762656,0.50937771,3.146052,0.69530642,5.7453188,0.52045245,2.9901652,0.78012833,5.8847898,0.4669805,2.7480821
experiment_0a_best,file,16,,8335,142.Black_Tern/Black_Tern_0055_144607.jpg,142,141,142.Black_Tern,141,140,random_resized_crop,random_resized_crop,0,"{""area_fraction"":0.861144,""aspect"":0.914364,""fallback"":false,""height"":0.970461,""left"":0.082516,""top"":0.007972,""width"":0.887355}",0.0045946026,0.0067943265,0.0021997239,0.99541593,0.99322867,0.0010595438,0.00075247645,0.99435638,0.9924762,-0.0018801847,0.74701185,1.5428414,0.9997716,1.5424891,False,0.97503489,True,True,True,0.74701185,1.5428414,0.9997716,1.5424891,0.74217724,1.5478912,0.98673339,1.5273559,0.96472703,1.3392717,0.16093624,0.21553734,0.6769852,1.5823328,0.24294423,0.38441863,0.65886936,1.8700258,0.40769315,0.76239673,0.7574529,1.5588961,0.50937771,0.79406694,0.75916087,1.4689451,0.52045245,0.76451606,0.83138888,1.3351913,0.4669805,0.6235083
experiment_0a_best,file,16,,8335,142.Black_Tern/Black_Tern_0055_144607.jpg,142,141,142.Black_Tern,141,140,gaussian_blur,gaussian_blur,0,"{""sigma"":1.941045}",0.0045946026,2.0670485,2.0624539,0.99541593,0.12655875,0.0010595438,0.012765018,0.99435638,0.11379373,-0.88056265,0.41263589,172.01867,0.9997716,171.97938,False,0.7758711,True,True,True,0.41263589,172.01867,0.9997716,171.97938,0.40731791,173.26269,0.98673339,170.96408,0.74449958,115.94574,0.16093624,18.659871,0.18358545,164.71453,0.24294423,40.016445,0.3815055,204.12662,0.40769315,83.221027,0.41527961,197.93446,0.50937771,100.8234,0.41947605,154.54361,0.52045245,80.432599,0.50693491,136.563,0.4669805,63.77226
experiment_0a_best,file,16,,8335,142.Black_Tern/Black_Tern_0055_144607.jpg,142,141,142.Black_Tern,141,140,random_erasing,random_erasing,0,"{""area_fraction"":0.082571,""erased"":true,""height"":0.276606,""left"":0.102566,""top"":0.268748,""width"":0.298516}",0.0045946026,0.097373322,0.092778719,0.99541593,0.90721726,0.0010595438,0.0043049091,0.99435638,0.90291236,-0.091444027,0.66866175,16.457612,0.9997716,16.453853,False,0.91575766,True,True,True,0.66866175,16.457612,0.9997716,16.453853,0.66250333,16.433801,0.98673339,16.21578,0.88912272,17.328998,0.16093624,2.7888638,0.64531751,12.18107,0.24294423,2.9593206,0.63514027,16.735865,0.40769315,6.8230976,0.64387002,16.454385,0.50937771,8.3814971,0.64571695,16.013124,0.52045245,8.3340697,0.7326856,17.649884,0.4669805,8.2421517
experiment_0a_best,file,16,,1149,021.Eastern_Towhee/Eastern_Towhee_0120_22189.jpg,21,20,021.Eastern_Towhee,109,108,identity,identity,0,{},0.41500902,0.41500902,0,0.66033435,0.66033435,0.25509688,0.25509688,0.40523747,0.40523747,0,1,1,51.958454,51.958454,False,1,True,True,True,1,1,51.958454,51.958454,1,1,50.66431,50.66431,1,1,11.524265,11.524265,1,1,9.8358531,9.8358531,1,1,21.210693,21.210693,1,1,26.492219,26.492219,1,1,25.696,25.696,1,1,25.653708,25.653708
experiment_0a_best,file,16,,1149,021.Eastern_Towhee/Eastern_Towhee_0120_22189.jpg,21,20,021.Eastern_Towhee,109,108,horizontal_flip,horizontal_flip,0,"{""flipped"":true}",0.41500902,0.74720877,0.33219975,0.66033435,0.47368687,0.25509688,0.42126083,0.40523747,0.05242604,-0.35281143,0.70651137,1.4720373,51.958454,76.484783,False,0.97217882,True,True,True,0.70651137,1.4720373,51.958454,76.484783,0.69257998,1.4708344,50.66431,74.518809,0.97149196,1.4950965,11.524265,17.229889,0.53022123,1.2793182,9.8358531,12.583185,0.66096444,1.3802664,21.210693,29.276406,0.69768314,1.4996179,26.492219,39.728206,0.69955919,1.5429088,25.696,39.646584,0.72392276,1.4519606,25.653708,37.248174
experiment_0a_best,file,16,,1149,021.Eastern_Towhee/Eastern_Towhee_0120_22189.jpg,21,20,021.Eastern_Towhee,109,108,color_jitter,color_jitter,0,"{""brightness"":1.335179,""contrast"":0.718996,""hue"":-0.010361,""saturation"":1.093386}",0.41500902,0.065022707,-0.34998631,0.66033435,0.93704617,0.25509688,0.048053961,0.40523747,0.88899221,0.48375474,0.82526794,0.22702153,51.958454,11.795688,False,0.9610194,True,True,True,0.82526794,0.22702153,51.958454,11.795688,0.81919363,0.22803293,50.66431,11.553131,0.95878982,0.20650278,11.524265,2.3797928,0.57591396,0.29641226,9.8358531,2.9154674,0.80237915,0.22917912,21.210693,4.861048,0.83223888,0.24249772,26.492219,6.4243026,0.84535741,0.2179381,25.696,5.6001373,0.85088956,0.20887229,25.653708,5.3583486
experiment_0a_best,file,16,,1149,021.Eastern_Towhee/Eastern_Towhee_0120_22189.jpg,21,20,021.Eastern_Towhee,109,108,rotation,rotation,0,"{""angle"":-1.836173}",0.41500902,0.3862696,-0.028739423,0.66033435,0.6795873,0.25509688,0.2893008,0.40523747,0.39028651,-0.014950961,0.88913511,1.1552073,51.958454,60.022786,False,0.98112392,True,True,True,0.88913511,1.1552073,51.958454,60.022786,0.88516533,1.1595907,50.66431,58.749865,0.97546635,1.066954,11.524265,12.295861,0.75601842,1.4157861,9.8358531,13.925464,0.87185782,1.1959542,21.210693,25.367018,0.89011328,1.123582,26.492219,29.76618,0.89545448,1.1534202,25.696,29.638285,0.90690344,1.1362656,25.653708,29.149426
experiment_0a_best,file,16,,1149,021.Eastern_Towhee/Eastern_Towhee_0120_22189.jpg,21,20,021.Eastern_Towhee,109,108,random_resized_crop,random_resized_crop,0,"{""area_fraction"":0.713238,""aspect"":1.193505,""fallback"":false,""height"":0.773046,""left"":0.072848,""top"":0.066089,""width"":0.922634}",0.41500902,0.19304144,-0.22196758,0.66033435,0.82444781,0.25509688,0.03050082,0.40523747,0.79394699,0.38870952,0.51804465,0.4840744,51.958454,25.151758,False,0.93223119,True,True,True,0.51804465,0.4840744,51.958454,25.151758,0.5063734,0.48766081,50.66431,24.706998,0.79503673,0.40862034,11.524265,4.7090491,0.1356853,0.50783582,9.8358531,4.9949986,0.47325138,0.51476067,21.210693,10.91843,0.52405056,0.50316114,26.492219,13.329855,0.53582471,0.45217496,25.696,11.619088,0.54275102,0.48308642,25.653708,12.392958
experiment_0a_best,file,16,,1149,021.Eastern_Towhee/Eastern_Towhee_0120_22189.jpg,21,20,021.Eastern_Towhee,109,108,gaussian_blur,gaussian_blur,0,"{""sigma"":1.701022}",0.41500902,0.69280422,0.2777952,0.66033435,0.50017148,0.25509688,0.18457775,0.40523747,0.31559373,-0.089643732,0.34583948,1.9024686,51.958454,98.849328,False,0.86290836,True,True,True,0.34583948,1.9024686,51.958454,98.849328,0.3342142,1.93631,50.66431,98.10181,0.82328014,1.0528753,11.524265,12.133614,-0.018394488,2.8816884,9.8358531,28.343864,0.18049372,1.9568987,21.210693,41.507177,0.38577134,2.1052567,26.492219,55.772922,0.34669788,1.9906446,25.696,51.151604,0.50714239,1.4431499,25.653708,37.022147
experiment_0a_best,file,16,,1149,021.Eastern_Towhee/Eastern_Towhee_0120_22189.jpg,21,20,021.Eastern_Towhee,109,108,random_erasing,random_erasing,0,"{""area_fraction"":0.192103,""erased"":true,""height"":0.361116,""left"":0.17411,""top"":0.44408,""width"":0.531971}",0.41500902,2.7116561,2.2966471,0.66033435,0.066426702,0.25509688,0.0097087985,0.40523747,0.056717903,-0.34851956,0.19957664,1.6812468,51.958454,87.354983,False,0.74304807,True,True,True,0.19957664,1.6812468,51.958454,87.354983,0.17937104,1.6824145,50.66431,85.23837,0.59574903,1.6585155,11.524265,19.113172,0.23512173,1.5529627,9.8358531,15.274713,0.10318084,1.6110449,21.210693,34.171379,0.14806485,1.491991,26.492219,39.526152,0.13577429,1.6350049,25.696,42.013085,0.28083464,1.9634692,25.653708,50.370265
experiment_0a_best,file,16,,4254,073.Blue_Jay/Blue_Jay_0086_63394.jpg,73,72,073.Blue_Jay,74,73,identity,identity,0,{},0.0036476997,0.0036476997,0,0.99635893,0.99635893,0.001099937,0.001099937,0.99525899,0.99525899,0,1,1,0.6249041,0.6249041,False,1,True,True,True,1,1,0.6249041,0.6249041,1,1,0.61394506,0.61394506,1,1,0.11651862,0.11651862,1,1,0.11982098,0.11982098,1,1,0.25255802,0.25255802,1,1,0.32255053,0.32255053,1,1,0.31096795,0.31096795,1,1,0.313123,0.313123
experiment_0a_best,file,16,,4254,073.Blue_Jay/Blue_Jay_0086_63394.jpg,73,72,073.Blue_Jay,74,73,horizontal_flip,horizontal_flip,0,"{""flipped"":true}",0.0036476997,0.00049912394,-0.0031485758,0.99635893,0.99950099,0.001099937,0.0001521276,0.99525899,0.99934886,0.0040898683,0.61567623,0.12453457,0.6249041,0.077822164,False,0.96783549,True,True,True,0.61567623,0.12453457,0.6249041,0.077822164,0.60179514,0.12395007,0.61394506,0.076098534,0.96167369,0.13978973,0.11651862,0.016288106,0.19032498,0.13762252,0.11982098,0.016490064,0.41224861,0.11679953,0.25255802,0.029498657,0.59612327,0.11942482,0.32255053,0.038520539,0.59795453,0.11900721,0.31096795,0.037007428,0.78237537,0.13532537,0.313123,0.042373485
experiment_0a_best,file,16,,4254,073.Blue_Jay/Blue_Jay_0086_63394.jpg,73,72,073.Blue_Jay,74,73,color_jitter,color_jitter,0,"{""brightness"":0.614738,""contrast"":0.912362,""hue"":0.079837,""saturation"":1.315187}",0.0036476997,0.046927813,0.043280114,0.99635893,0.95415628,0.001099937,0.00056590897,0.99525899,0.95359037,-0.041668623,0.62615347,15.717725,0.6249041,9.8220709,False,0.92987812,True,True,True,0.62615347,15.717725,0.6249041,9.8220709,0.62182101,15.869205,0.61394506,9.74282,0.85312944,10.686748,0.11651862,1.2452051,0.43184942,16.522241,0.11982098,1.9797111,0.54863054,18.944869,0.25255802,4.7846787,0.59536863,16.86917,0.32255053,5.4411597,0.64937546,14.931442,0.31096795,4.6431999,0.75374088,13.146218,0.313123,4.1163832
experiment_0a_best,file,16,,4254,073.Blue_Jay/Blue_Jay_0086_63394.jpg,73,72,073.Blue_Jay,74,73,rotation,rotation,0,"{""angle"":1.949}",0.0036476997,0.00086568069,-0.002782019,0.99635893,0.99913472,0.001099937,0.00024160444,0.99525899,0.99889311,0.0036341209,0.8425251,0.22403303,0.6249041,0.13999916,False,0.98804533,True,True,True,0.8425251,0.22403303,0.6249041,0.13999916,0.83695628,0.22287436,0.61394506,0.13683261,0.98509907,0.2541005,0.11651862,0.029607438,0.78938573,0.21733168,0.11982098,0.026040894,0.74431113,0.19774437,0.25255802,0.049941927,0.80773793,0.22348461,0.32255053,0.07208508,0.84783908,0.22114841,0.31096795,0.068770068,0.9175084,0.23952798,0.313123,0.07500172
experiment_0a_best,file,16,,4254,073.Blue_Jay/Blue_Jay_0086_63394.jpg,73,72,073.Blue_Jay,74,73,random_resized_crop,random_resized_crop,0,"{""area_fraction"":0.511973,""aspect"":1.019652,""fallback"":false,""height"":0.708594,""left"":0.112088,""top"":0.091473,""width"":0.722519}",0.0036476997,0.014636641,0.010988942,0.99635893,0.98546994,0.001099937,0.00034898959,0.99525899,0.98512095,-0.010138046,0.39227248,5.574693,0.6249041,3.4836485,False,0.95011938,True,True,True,0.39227248,5.574693,0.6249041,3.4836485,0.37772384,5.5871794,0.61394506,3.4302212,0.82581896,5.2161112,0.11651862,0.60777406,0.36979817,7.3948574,0.11982098,0.88605903,0.1945631,5.5336865,0.25255802,1.3975769,0.2238937,5.8173012,0.32255053,1.8763736,0.45338887,5.5792299,0.31096795,1.7349617,0.62128332,5.046775,0.313123,1.5802614
experiment_0a_best,file,16,,4254,073.Blue_Jay/Blue_Jay_0086_63394.jpg,73,72,073.Blue_Jay,74,73,gaussian_blur,gaussian_blur,0,"{""sigma"":1.463391}",0.0036476997,0.0084028263,0.0047551265,0.99635893,0.9916324,0.001099937,0.00077601051,0.99525899,0.99085639,-0.0044026026,0.48591815,2.5243053,0.6249041,1.5774487,False,0.9143647,True,True,True,0.48591815,2.5243053,0.6249041,1.5774487,0.47349735,2.5348532,0.61394506,1.5562606,0.88557887,2.2114663,0.11651862,0.25767699,0.20907597,2.7251403,0.11982098,0.32652897,0.30849199,2.908911,0.25255802,0.7346688,0.45329743,2.4648317,0.32255053,0.79503276,0.48575422,2.515502,0.31096795,0.78224048,0.66833986,2.3285296,0.313123,0.72911619
experiment_0a_best,file,16,,4254,073.Blue_Jay/Blue_Jay_0086_63394.jpg,73,72,073.Blue_Jay,74,73,random_erasing,random_erasing,0,"{""area_fraction"":0.075901,""erased"":true,""height"":0.330058,""left"":0.124872,""top"":0.522637,""width"":0.229962}",0.0036476997,0.0041460753,0.00049837562,0.99635893,0.99586248,0.001099937,0.0014669247,0.99525899,0.99439556,-0.00086343475,0.96520694,1.1849413,0.6249041,0.74047467,False,0.99602848,True,True,True,0.96520694,1.1849413,0.6249041,0.74047467,0.96420566,1.1862881,0.61394506,0.72831572,0.9944909,1.1469186,0.11651862,0.13363737,0.95462935,1.1657951,0.11982098,0.13968671,0.96360351,1.1433609,0.25255802,0.28876495,0.9678028,1.2195327,0.32255053,0.39336093,0.9619892,1.1955034,0.31096795,0.37176325,0.96518755,1.1716999,0.313123,0.3668862
experiment_0a_best,file,16,,4526,078.Gray_Kingbird/Gray_Kingbird_0059_795030.jpg,78,77,078.Gray_Kingbird,103,102,identity,identity,0,{},0.70526403,0.70526403,0,0.49397811,0.49397811,0.26924956,0.26924956,0.22472855,0.22472855,0,1,1,102.41759,102.41759,False,1.0000001,True,True,True,1,1,102.41759,102.41759,1,1,100.65593,100.65593,1,1,18.914195,18.914195,1,1,38.945841,38.945841,1,1,48.848869,48.848869,1,1,48.387023,48.387023,1,1,44.684721,44.684721,1,1,43.480995,43.480995
experiment_0a_best,file,16,,4526,078.Gray_Kingbird/Gray_Kingbird_0059_795030.jpg,78,77,078.Gray_Kingbird,103,102,horizontal_flip,horizontal_flip,0,"{""flipped"":true}",0.70526403,0.26087576,-0.44438827,0.49397811,0.77037662,0.26924956,0.12468993,0.22472855,0.64568669,0.42095814,0.63087743,0.45169192,102.41759,46.261197,False,0.96384835,True,True,True,0.63087743,0.45169192,102.41759,46.261197,0.61952649,0.45138095,100.65593,45.434168,0.94615756,0.46041157,18.914195,8.708314,0.70611885,0.52882462,38.945841,20.595519,0.58593684,0.44257068,48.848869,21.619077,0.55986147,0.42785956,48.387023,20.70285,0.5494651,0.43760357,44.684721,19.554194,0.73413199,0.43741363,43.480995,19.01918
experiment_0a_best,file,16,,4526,078.Gray_Kingbird/Gray_Kingbird_0059_795030.jpg,78,77,078.Gray_Kingbird,103,102,color_jitter,color_jitter,0,"{""brightness"":0.736577,""contrast"":1.266857,""hue"":-0.042497,""saturation"":1.039866}",0.70526403,0.15434037,-0.55092366,0.49397811,0.85698026,0.26924956,0.029784722,0.22472855,0.82719554,0.60246699,0.74158391,0.24544584,102.41759,25.137971,False,0.9587661,True,True,True,0.74158391,0.24544584,102.41759,25.137971,0.73530158,0.24473588,100.65593,24.634117,0.90825595,0.26476308,18.914195,5.0077804,0.8065161,0.18506077,38.945841,7.2073473,0.66796175,0.23541405,48.848869,11.49971,0.71809904,0.24987763,48.387023,12.090835,0.74235795,0.24922321,44.684721,11.13647,0.80485394,0.28395652,43.480995,12.346712
experiment_0a_best,file,16,,4526,078.Gray_Kingbird/Gray_Kingbird_0059_795030.jpg,78,77,078.Gray_Kingbird,103,102,rotation,rotation,0,"{""angle"":1.440292}",0.70526403,0.18760844,-0.5176556,0.49397811,0.8289392,0.26924956,0.07928668,0.22472855,0.74965252,0.52492397,0.89165463,0.35285309,102.41759,36.138362,False,0.97623146,True,True,True,0.89165463,0.35285309,102.41759,36.138362,0.88922868,0.35398801,100.65593,35.630991,0.97255773,0.31903959,18.914195,6.0343769,0.94323207,0.41916134,38.945841,16.324591,0.9090694,0.34565156,48.848869,16.884688,0.85561558,0.36430147,48.387023,17.627463,0.86119304,0.32479296,44.684721,14.513283,0.90441657,0.32248837,43.480995,14.022115
experiment_0a_best,file,16,,4526,078.Gray_Kingbird/Gray_Kingbird_0059_795030.jpg,78,77,078.Gray_Kingbird,103,102,random_resized_crop,random_resized_crop,0,"{""area_fraction"":0.632395,""aspect"":0.818326,""fallback"":false,""height"":0.879085,""left"":0.10483,""top"":0.063318,""width"":0.719378}",0.70526403,1.2475483,0.54228431,0.49397811,0.28720808,0.26924956,0.26378533,0.22472855,0.023422748,-0.20130581,0.77027256,1.3185816,102.41759,135.04594,False,0.94977754,True,True,True,0.77027256,1.3185816,102.41759,135.04594,0.76460831,1.3205679,100.65593,132.92298,0.93905458,1.2610298,18.914195,23.851363,0.94437997,1.5740876,38.945841,61.304163,0.70429266,1.2196809,48.848869,59.580035,0.74669849,1.3609656,48.387023,65.853073,0.69987056,1.2462248,44.684721,55.687208,0.76771654,1.243379,43.480995,54.063357
experiment_0a_best,file,16,,4526,078.Gray_Kingbird/Gray_Kingbird_0059_795030.jpg,78,77,078.Gray_Kingbird,103,102,gaussian_blur,gaussian_blur,0,"{""sigma"":1.992278}",0.70526403,0.80098081,0.095716774,0.49397811,0.44888848,0.26924956,0.013579194,0.22472855,0.43530929,0.21058073,0.33211918,1.0493418,102.41759,107.47106,False,0.84053737,True,True,True,0.33211918,1.0493418,102.41759,107.47106,0.31950955,1.0520647,100.65593,105.89655,0.72090866,0.96905671,18.914195,18.328927,0.15497815,0.71235967,38.945841,27.743446,0.18872056,0.85678636,48.848869,41.853045,0.42003843,1.1766298,48.387023,56.933614,0.29898153,1.2924243,44.684721,57.75162,0.46182111,1.0579375,43.480995,46.000177
experiment_0a_best,file,16,,4526,078.Gray_Kingbird/Gray_Kingbird_0059_795030.jpg,78,77,078.Gray_Kingbird,103,102,random_erasing,random_erasing,0,"{""area_fraction"":0.125685,""erased"":true,""height"":0.466752,""left"":0.038575,""top"":0.125216,""width"":0.269277}",0.70526403,3.8466973,3.1414333,0.49397811,0.02135013,0.26924956,0.11237919,0.22472855,-0.091029063,-0.31575762,0.75935994,1.6093386,102.41759,164.82458,False,0.94955492,False,True,False,0.75935994,1.6093386,102.41759,164.82458,0.75652213,1.5909592,100.65593,160.13947,0.84596643,2.0629545,18.914195,39.019123,0.9209094,1.6013043,38.945841,62.364143,0.80278812,1.4871115,48.848869,72.643713,0.73962644,1.5817777,48.387023,76.537514,0.65689372,1.5604836,44.684721,69.729773,0.70405462,1.7451678,43.480995,75.881632
experiment_0a_best,file,16,,4356,075.Green_Jay/Green_Jay_0086_65847.jpg,75,74,075.Green_Jay,73,72,identity,identity,0,{},0.02395671,0.02395671,0,0.97632796,0.97632796,0.005024632,0.005024632,0.97130332,0.97130332,0,1,1,4.3432328,4.3432328,False,0.99999994,True,True,True,1,1,4.3432328,4.3432328,1,1,4.2960824,4.2960824,1,1,0.63823785,0.63823785,1,1,1.3163738,1.3163738,1,1,1.9264499,1.9264499,1,1,2.2513489,2.2513489,1,1,2.0105698,2.0105698,1,1,1.9751738,1.9751738
experiment_0a_best,file,16,,4356,075.Green_Jay/Green_Jay_0086_65847.jpg,75,74,075.Green_Jay,73,72,horizontal_flip,horizontal_flip,0,"{""flipped"":true}",0.02395671,0.037263155,0.013306445,0.97632796,0.9634226,0.005024632,0.0032822797,0.97130332,0.96014032,-0.011163007,0.63186121,1.3777553,4.3432328,5.9839118,False,0.96380937,True,True,True,0.63186121,1.3777553,4.3432328,5.9839118,0.62439211,1.376071,4.2960824,5.9117145,0.95346649,1.4520169,0.63823785,0.92673214,0.41917958,1.4394025,1.3163738,1.8947918,0.54329414,1.3139716,1.9264499,2.5313006,0.67099484,1.2837922,2.2513489,2.890264,0.62987303,1.3826598,2.0105698,2.7799342,0.72698019,1.5077584,1.9751738,2.9780849
experiment_0a_best,file,16,,4356,075.Green_Jay/Green_Jay_0086_65847.jpg,75,74,075.Green_Jay,73,72,color_jitter,color_jitter,0,"{""brightness"":0.738803,""contrast"":0.722534,""hue"":-0.036834,""saturation"":1.060116}",0.02395671,0.12964299,0.10568628,0.97632796,0.87840897,0.005024632,0.015342788,0.97130332,0.86306618,-0.10823714,0.77254574,6.2150317,4.3432328,26.99333,False,0.95258439,True,True,True,0.77254574,6.2150317,4.3432328,26.99333,0.76971744,6.2366794,4.2960824,26.793288,0.94229846,5.1394234,0.63823785,3.2801745,0.41791,4.4126204,1.3163738,5.8086579,0.74873689,7.6242255,1.9264499,14.687689,0.83648161,6.7271236,2.2513489,15.145102,0.81016014,5.9446318,2.0105698,11.952097,0.83774175,4.9653288,1.9751738,9.8073874
experiment_0a_best,file,16,,4356,075.Green_Jay/Green_Jay_0086_65847.jpg,75,74,075.Green_Jay,73,72,rotation,rotation,0,"{""angle"":-2.368705}",0.02395671,0.15769763,0.13374092,0.97632796,0.85410798,0.005024632,0.032787774,0.97130332,0.8213202,-0.14998312,0.86280144,5.9622736,4.3432328,25.895542,False,0.97355711,True,True,True,0.86280144,5.9622736,4.3432328,25.895542,0.86038399,5.9619198,4.2960824,25.612898,0.97203634,5.9782834,0.63823785,3.8155667,0.88635338,4.5554871,1.3163738,5.9967238,0.86945744,6.2655787,1.9264499,12.070324,0.87322988,6.4037387,2.2513489,14.41705,0.83225016,5.9910287,2.0105698,12.045382,0.87110635,5.5788931,1.9751738,11.019284
experiment_0a_best,file,16,,4356,075.Green_Jay/Green_Jay_0086_65847.jpg,75,74,075.Green_Jay,73,72,random_resized_crop,random_resized_crop,0,"{""area_fraction"":0.708648,""aspect"":1.033127,""fallback"":false,""height"":0.828206,""left"":0.140504,""top"":0.02556,""width"":0.855642}",0.02395671,0.13076575,0.10680904,0.97632796,0.87742329,0.005024632,0.012541676,0.97130332,0.86488161,-0.10642171,0.79687691,4.9490553,4.3432328,21.494899,False,0.95881712,True,True,True,0.79687691,4.9490553,4.3432328,21.494899,0.79360247,4.9499064,4.2960824,21.265206,0.94645741,4.9103388,0.63823785,3.133964,0.86780685,4.2623904,1.3163738,5.6108991,0.80006008,5.5200975,1.9264499,10.634191,0.81742362,4.9859763,2.2513489,11.225172,0.74848299,4.8099055,2.0105698,9.670651,0.78154074,4.7524665,1.9751738,9.3869474
experiment_0a_best,file,16,,4356,075.Green_Jay/Green_Jay_0086_65847.jpg,75,74,075.Green_Jay,73,72,gaussian_blur,gaussian_blur,0,"{""sigma"":1.780914}",0.02395671,0.089359812,0.065403102,0.97632796,0.91451645,0.005024632,0.0028505023,0.97130332,0.91166595,-0.059637377,0.53428298,4.3440597,4.3432328,18.867263,False,0.8966583,True,True,True,0.53428298,4.3440597,4.3432328,18.867263,0.52732752,4.3501252,4.2960824,18.688496,0.87321598,4.0597423,0.63823785,2.5910812,0.22451418,3.2459897,1.3163738,4.2729358,0.55117186,5.0355843,1.9264499,9.7008009,0.55117407,4.5037702,2.2513489,10.139558,0.49720745,4.5252175,2.0105698,9.0982658,0.64300405,3.6264715,1.9751738,7.1629116
experiment_0a_best,file,16,,4356,075.Green_Jay/Green_Jay_0086_65847.jpg,75,74,075.Green_Jay,73,72,random_erasing,random_erasing,0,"{""area_fraction"":0.113043,""erased"":true,""height"":0.324981,""left"":0.019171,""top"":0.19746,""width"":0.347846}",0.02395671,0.023330117,-0.00062659383,0.97632796,0.97693992,0.005024632,0.0045187133,0.97130332,0.9724212,0.0011178795,0.67671364,0.78005866,4.3432328,3.3879763,False,0.9282254,True,True,True,0.67671364,0.78005866,4.3432328,3.3879763,0.67059078,0.77484147,4.2960824,3.3287828,0.91380665,0.98794923,0.63823785,0.63054659,0.74222989,0.57945808,1.3163738,0.76278343,0.7115239,0.79181225,1.9264499,1.5253866,0.65762205,0.71886582,2.2513489,1.6184177,0.59287021,0.77284108,2.0105698,1.553851,0.71602116,0.89691321,1.9751738,1.7715595
experiment_0a_best,file,16,,2372,042.Vermilion_Flycatcher/Vermilion_Flycatcher_0006_42564.jpg,42,41,042.Vermilion_Flycatcher,148,147,identity,identity,0,{},0.00022694873,0.00022694873,0,0.99977309,0.99977309,3.2437667e-05,3.2437667e-05,0.99974065,0.99974065,0,1,1,0.027929828,0.027929828,False,1,True,True,True,1,1,0.027929828,0.027929828,1,1,0.026977307,0.026977307,1,1,0.0072318898,0.0072318898,1,1,0.0039099504,0.0039099504,1,1,0.0089665702,0.0089665702,1,1,0.011209018,0.011209018,1,1,0.011915415,0.011915415,1,1,0.019091066,0.019091066
experiment_0a_best,file,16,,2372,042.Vermilion_Flycatcher/Vermilion_Flycatcher_0006_42564.jpg,42,41,042.Vermilion_Flycatcher,148,147,horizontal_flip,horizontal_flip,0,"{""flipped"":true}",0.00022694873,0.0002054957,-2.145303e-05,0.99977309,0.99979454,3.2437667e-05,3.0811418e-05,0.99974065,0.99976373,2.3083921e-05,0.76626227,0.91462743,0.027929828,0.025545387,False,0.98468018,True,True,True,0.76626227,0.91462743,0.027929828,0.025545387,0.75074387,0.91470119,0.026977307,0.024676174,0.98246659,0.9136003,0.0072318898,0.0066070567,0.62537745,1.147711,0.0039099504,0.0044874931,0.68672031,0.93710375,0.0089665702,0.0084026066,0.70330586,0.95758408,0.011209018,0.010733577,0.65513845,0.9202632,0.011915415,0.010965318,0.83126739,0.8807475,0.019091066,0.016814408
experiment_0a_best,file,16,,2372,042.Vermilion_Flycatcher/Vermilion_Flycatcher_0006_42564.jpg,42,41,042.Vermilion_Flycatcher,148,147,color_jitter,color_jitter,0,"{""brightness"":1.287154,""contrast"":1.381589,""hue"":0.044248,""saturation"":1.366635}",0.00022694873,0.00098454149,0.00075759276,0.99977309,0.99901593,3.2437667e-05,7.3630363e-05,0.99974065,0.9989423,-0.0007983505,0.705016,4.9349124,0.027929828,0.13783126,False,0.96497202,True,True,True,0.705016,4.9349124,0.027929828,0.13783126,0.68995055,4.9798381,0.026977307,0.13434262,0.95811776,4.2608797,0.0072318898,0.030814212,0.53400581,8.1563254,0.0039099504,0.031890828,0.46125123,4.8393444,0.0089665702,0.043392321,0.58029609,5.5275347,0.011209018,0.061958237,0.65401582,5.3581933,0.011915415,0.063845095,0.83388214,4.4548093,0.019091066,0.085047056
experiment_0a_best,file,16,,2372,042.Vermilion_Flycatcher/Vermilion_Flycatcher_0006_42564.jpg,42,41,042.Vermilion_Flycatcher,148,147,rotation,rotation,0,"{""angle"":4.777596}",0.00022694873,0.00066591974,0.00043897101,0.99977309,0.99933428,3.2437667e-05,4.5096902e-05,0.99974065,0.99928918,-0.00045146863,0.81855535,3.3146322,0.027929828,0.092577106,False,0.98786521,True,True,True,0.81855535,3.3146322,0.027929828,0.092577106,0.81064727,3.3560238,0.026977307,0.090536483,0.97684349,2.6729447,0.0072318898,0.019330441,0.68550269,5.2415385,0.0039099504,0.020494155,0.77987199,4.0872695,0.0089665702,0.036648789,0.76502151,3.6144245,0.011209018,0.04051415,0.76168525,3.4526906,0.011915415,0.041140241,0.89184167,2.9163276,0.019091066,0.055675801
experiment_0a_best,file,16,,2372,042.Vermilion_Flycatcher/Vermilion_Flycatcher_0006_42564.jpg,42,41,042.Vermilion_Flycatcher,148,147,random_resized_crop,random_resized_crop,0,"{""area_fraction"":0.874723,""aspect"":0.976311,""fallback"":false,""height"":0.946545,""left"":0.06049,""top"":0.007748,""width"":0.924122}",0.00022694873,0.00062863139,0.00040168266,0.99977309,0.99937159,3.2437667e-05,5.9575512e-05,0.99974065,0.99931201,-0.00042863473,0.83294349,3.1161998,0.027929828,0.087034924,False,0.99072045,True,True,True,0.83294349,3.1161998,0.027929828,0.087034924,0.82505107,3.1512087,0.026977307,0.085011123,0.98283796,2.580206,0.0072318898,0.018659765,0.73397547,5.1704635,0.0039099504,0.020216256,0.72756286,3.7167672,0.0089665702,0.033326654,0.79229105,3.3523071,0.011209018,0.037576071,0.78628124,3.1739831,0.011915415,0.037819324,0.9087758,2.803834,0.019091066,0.053528178
experiment_0a_best,file,16,,2372,042.Vermilion_Flycatcher/Vermilion_Flycatcher_0006_42564.jpg,42,41,042.Vermilion_Flycatcher,148,147,gaussian_blur,gaussian_blur,0,"{""sigma"":1.048292}",0.00022694873,0.0057769716,0.0055500228,0.99977309,0.99423969,3.2437667e-05,0.00032720683,0.99974065,0.99391248,-0.0058281664,0.74506086,29.252649,0.027929828,0.81702145,False,0.96875298,True,True,True,0.74506086,29.252649,0.027929828,0.81702145,0.73816381,29.826673,0.026977307,0.80464331,0.95483973,19.590989,0.0072318898,0.14167987,0.7766951,53.245294,0.0039099504,0.20818646,0.6836432,39.950218,0.0089665702,0.35821643,0.70366287,33.234777,0.011209018,0.37252922,0.69463804,30.680217,0.011915415,0.3655675,0.83992263,23.621968,0.019091066,0.45096855
experiment_0a_best,file,16,,2372,042.Vermilion_Flycatcher/Vermilion_Flycatcher_0006_42564.jpg,42,41,042.Vermilion_Flycatcher,148,147,random_erasing,random_erasing,0,"{""area_fraction"":0.090436,""erased"":true,""height"":0.282237,""left"":0.10772,""top"":0.373263,""width"":0.320427}",0.00022694873,7.7363838e-05,-0.00014958489,0.99977309,0.99992263,3.2437667e-05,1.4046787e-05,0.99974065,0.99990859,0.00016793893,0.81935899,0.3503079,0.027929828,0.0097840393,False,0.98498797,True,True,True,0.81935899,0.3503079,0.027929828,0.0097840393,0.80703272,0.34874586,0.026977307,0.0094082239,0.98193983,0.37136294,0.0072318898,0.0026856559,0.75611481,0.34543667,0.0039099504,0.0013506402,0.73375124,0.35971901,0.0089665702,0.0032254457,0.77938044,0.35108574,0.011209018,0.0039353264,0.74794467,0.34400964,0.011915415,0.0040990175,0.8584457,0.34744602,0.019091066,0.0066331147
experiment_0a_best,file,16,,9117,156.White_eyed_Vireo/White_Eyed_Vireo_0030_159265.jpg,156,155,156.White_eyed_Vireo,152,151,identity,identity,0,{},5.1061616,5.1061616,0,0.0060592969,0.0060592969,0.95140076,0.95140076,-0.94534146,-0.94534146,0,1,1,179.48606,179.48606,False,1,True,False,False,1,1,179.48606,179.48606,1,1,174.61993,174.61993,1,1,41.510539,41.510539,1,1,29.262574,29.262574,1,1,75.826274,75.826274,1,1,88.587743,88.587743,1,1,83.285356,83.285356,1,1,95.404193,95.404193
experiment_0a_best,file,16,,9117,156.White_eyed_Vireo/White_Eyed_Vireo_0030_159265.jpg,156,155,156.White_eyed_Vireo,152,151,horizontal_flip,horizontal_flip,0,"{""flipped"":true}",5.1061616,4.7293296,-0.37683201,0.0060592969,0.0088323904,0.95140076,0.89891362,-0.94534146,-0.89008123,0.055260228,0.58448287,0.90544085,179.48606,162.51401,False,0.95063472,True,False,False,0.58448287,0.90544085,179.48606,162.51401,0.56355079,0.90481441,174.61993,157.99863,0.95023351,0.91645548,41.510539,38.042561,0.27221894,1.1367487,29.262574,33.264194,0.39420495,0.78760121,75.826274,59.720865,0.54139819,0.9034826,88.587743,80.037484,0.56043119,0.9463188,83.285356,78.814498,0.71566165,0.91813851,95.404193,87.594264
experiment_0a_best,file,16,,9117,156.White_eyed_Vireo/White_Eyed_Vireo_0030_159265.jpg,156,155,156.White_eyed_Vireo,152,151,color_jitter,color_jitter,0,"{""brightness"":1.274195,""contrast"":0.892473,""hue"":-0.014029,""saturation"":1.192997}",5.1061616,5.1622882,0.056126595,0.0060592969,0.0057285759,0.95140076,0.94999027,-0.94534146,-0.9442617,0.0010797633,0.88653742,1.0163667,179.48606,182.42366,False,0.97705144,True,False,False,0.88653742,1.0163667,179.48606,182.42366,0.88157071,1.0177636,174.61993,177.72181,0.97706298,0.99132202,41.510539,41.150311,0.47214954,1.3355026,29.262574,39.080242,0.87133349,1.0388531,75.826274,78.772362,0.89889967,1.0418197,88.587743,92.292457,0.89275839,0.99962357,83.285356,83.254005,0.92323249,0.96086933,95.404193,91.670963
experiment_0a_best,file,16,,9117,156.White_eyed_Vireo/White_Eyed_Vireo_0030_159265.jpg,156,155,156.White_eyed_Vireo,152,151,rotation,rotation,0,"{""angle"":-0.429705}",5.1061616,5.2834811,0.17731953,0.0060592969,0.0050747334,0.95140076,0.92946333,-0.94534146,-0.92438859,0.020952866,0.93084652,0.9573948,179.48606,171.83902,False,0.99308699,True,False,False,0.93084652,0.9573948,179.48606,171.83902,0.92725945,0.95586635,174.61993,166.91332,0.99287627,0.98404943,41.510539,40.848422,0.86024204,0.9540352,29.262574,27.917525,0.91631049,0.95387587,75.826274,72.328854,0.92185724,0.98426171,88.587743,87.193524,0.92428936,0.96114455,83.285356,80.049267,0.94891629,0.92800866,95.404193,88.535917
experiment_0a_best,file,16,,9117,156.White_eyed_Vireo/White_Eyed_Vireo_0030_159265.jpg,156,155,156.White_eyed_Vireo,152,151,random_resized_crop,random_resized_crop,0,"{""area_fraction"":0.781143,""aspect"":1.252408,""fallback"":false,""height"":0.789755,""left"":0.01,""top"":0.074225,""width"":0.989096}",5.1061616,4.4545126,-0.651649,0.0060592969,0.011625987,0.95140076,0.79533911,-0.94534146,-0.78371312,0.16162834,0.73755943,0.96897321,179.48606,173.91718,False,0.96029967,True,False,False,0.73755943,0.96897321,179.48606,173.91718,0.72729346,0.97554076,174.61993,170.34886,0.95479613,0.84434656,41.510539,35.04928,0.57127063,1.0278876,29.262574,30.078637,0.74180701,1.1327284,75.826274,85.890577,0.70878088,0.92301625,88.587743,81.767926,0.70876321,0.98067769,83.285356,81.676091,0.77415379,0.90044266,95.404193,85.906005
experiment_0a_best,file,16,,9117,156.White_eyed_Vireo/White_Eyed_Vireo_0030_159265.jpg,156,155,156.White_eyed_Vireo,152,151,gaussian_blur,gaussian_blur,0,"{""sigma"":1.785054}",5.1061616,4.8599539,-0.24620771,0.0060592969,0.0077508395,0.95140076,0.23197137,-0.94534146,-0.22422053,0.72112093,0.45680996,0.92565786,179.48606,166.14268,False,0.86972773,False,False,False,0.45680996,0.92565786,179.48606,166.14268,0.44701523,0.93208516,174.61993,162.76065,0.6626934,0.80346104,41.510539,33.352101,0.38662847,1.0977846,29.262574,32.124003,0.55832822,0.96520443,75.826274,73.187856,0.34252242,1.0361764,88.587743,91.792531,0.42793522,0.95327761,83.285356,79.394065,0.51875429,0.76834138,95.404193,73.302989
experiment_0a_best,file,16,,9117,156.White_eyed_Vireo/White_Eyed_Vireo_0030_159265.jpg,156,155,156.White_eyed_Vireo,152,151,random_erasing,random_erasing,0,"{""area_fraction"":0.166339,""erased"":true,""height"":0.332281,""left"":0.417138,""top"":0.6177,""width"":0.500599}",5.1061616,4.4886041,-0.61755753,0.0060592969,0.011236321,0.95140076,0.92371011,-0.94534146,-0.91247379,0.032867673,0.93736577,0.96441684,179.48606,173.09938,False,0.98393774,True,False,False,0.93736577,0.96441684,179.48606,173.09938,0.93489031,0.96651509,174.61993,168.7728,0.98385795,0.92650079,41.510539,38.459547,0.95649697,1.015483,29.262574,29.715648,0.90813046,0.87181303,75.826274,66.106334,0.94549438,0.99068461,88.587743,87.762513,0.93806919,0.98189347,83.285356,81.777348,0.9395496,0.98558253,95.404193,94.028706
experiment_0a_best,file,16,,6481,111.Loggerhead_Shrike/Loggerhead_Shrike_0018_26407.jpg,111,110,111.Loggerhead_Shrike,112,111,identity,identity,0,{},0.05621928,0.05621928,0,0.94533181,0.94533181,0.027683487,0.027683487,0.91764832,0.91764832,0,1,1,8.8146001,8.8146001,False,1,True,True,True,1,1,8.8146001,8.8146001,1,1,8.6169197,8.6169197,1,1,1.8563053,1.8563053,1,1,1.6957937,1.6957937,1,1,3.6478439,3.6478439,1,1,4.5262972,4.5262972,1,1,4.2564846,4.2564846,1,1,4.4117793,4.4117793
experiment_0a_best,file,16,,6481,111.Loggerhead_Shrike/Loggerhead_Shrike_0018_26407.jpg,111,110,111.Loggerhead_Shrike,112,111,horizontal_flip,horizontal_flip,0,"{""flipped"":true}",0.05621928,0.044309065,-0.011910215,0.94533181,0.95665824,0.027683487,0.022609776,0.91764832,0.93404847,0.016400144,0.67340611,0.68302098,8.8146001,6.0205568,False,0.98110104,True,True,True,0.67340611,0.68302098,8.8146001,6.0205568,0.6585906,0.67938126,8.6169197,5.8541738,0.96360527,0.75721112,1.8563053,1.405615,0.42237525,0.74405714,1.6957937,1.2617674,0.5967748,0.57963528,3.6478439,2.114419,0.65123617,0.66458938,4.5262972,3.008129,0.62960555,0.69959007,4.2564846,2.9777943,0.767894,0.72718533,4.4117793,3.2081812
experiment_0a_best,file,16,,6481,111.Loggerhead_Shrike/Loggerhead_Shrike_0018_26407.jpg,111,110,111.Loggerhead_Shrike,112,111,color_jitter,color_jitter,0,"{""brightness"":0.9561,""contrast"":1.069753,""hue"":-0.094983,""saturation"":0.724416}",0.05621928,0.066704459,0.01048518,0.94533181,0.93547165,0.027683487,0.032301482,0.91764832,0.90317017,-0.014478153,0.86173949,1.1620755,8.8146001,10.243231,False,0.96606445,True,True,True,0.86173949,1.1620755,8.8146001,10.243231,0.85672159,1.1592454,8.6169197,9.9891242,0.9654799,1.2214672,1.8563053,2.2674161,0.77273843,1.2410416,1.6957937,2.1045505,0.8439805,1.0905105,3.6478439,3.978012,0.87350327,1.1214557,4.5262972,5.076042,0.8510137,1.2238587,4.2564846,5.2093358,0.86970127,1.1695941,4.4117793,5.159991
experiment_0a_best,file,16,,6481,111.Loggerhead_Shrike/Loggerhead_Shrike_0018_26407.jpg,111,110,111.Loggerhead_Shrike,112,111,rotation,rotation,0,"{""angle"":1.287645}",0.05621928,0.18661423,0.13039495,0.94533181,0.82976377,0.027683487,0.018517906,0.91764832,0.81124586,-0.10640246,0.70024402,5.0940757,8.8146001,44.90224,False,0.97740382,True,True,True,0.70024402,5.0940757,8.8146001,44.90224,0.69650973,5.1500337,8.6169197,44.377427,0.85076091,3.6874764,1.8563053,6.8450822,0.52244738,9.0471955,1.6957937,15.342177,0.62109848,4.8660451,3.6478439,17.750573,0.72993004,4.9796494,4.5262972,22.539373,0.73658229,5.3412268,4.2564846,22.73485,0.76266002,4.4991557,4.4117793,19.849282
experiment_0a_best,file,16,,6481,111.Loggerhead_Shrike/Loggerhead_Shrike_0018_26407.jpg,111,110,111.Loggerhead_Shrike,112,111,random_resized_crop,random_resized_crop,0,"{""area_fraction"":0.702209,""aspect"":0.947253,""fallback"":false,""height"":0.860994,""left"":0.114028,""top"":0.133255,""width"":0.815579}",0.05621928,0.36281973,0.30660045,0.94533181,0.69571185,0.027683487,0.10916205,0.91764832,0.5865498,-0.33109852,0.72106351,5.4964381,8.8146001,48.448904,False,0.96313441,True,True,True,0.72106351,5.4964381,8.8146001,48.448904,0.71193876,5.527286,8.6169197,47.62818,0.95549625,4.7836452,1.8563053,8.8799061,0.51496502,9.4819991,1.6957937,16.079515,0.73921765,5.7088355,3.6478439,20.824941,0.72349776,5.0585211,4.5262972,22.89637,0.68781777,5.3384064,4.2564846,22.722845,0.78822514,5.2459482,4.4117793,23.143966
experiment_0a_best,file,16,,6481,111.Loggerhead_Shrike/Loggerhead_Shrike_0018_26407.jpg,111,110,111.Loggerhead_Shrike,112,111,gaussian_blur,gaussian_blur,0,"{""sigma"":1.309323}",0.05621928,0.39777932,0.34156004,0.94533181,0.67181027,0.027683487,0.031900272,0.91764832,0.63991,-0.27773833,0.34618527,6.6084751,8.8146001,58.251065,False,0.88487637,True,True,True,0.34618527,6.6084751,8.8146001,58.251065,0.33275775,6.6666049,8.6169197,57.445599,0.72745085,5.200374,1.8563053,9.653482,-0.11978738,9.2052369,1.6957937,15.610183,0.23610542,7.1505063,3.6478439,26.083931,0.40552802,6.748554,4.5262972,30.545961,0.32372637,6.6831166,4.2564846,28.446583,0.45162004,5.7058787,4.4117793,25.173078
experiment_0a_best,file,16,,6481,111.Loggerhead_Shrike/Loggerhead_Shrike_0018_26407.jpg,111,110,111.Loggerhead_Shrike,112,111,random_erasing,random_erasing,0,"{""area_fraction"":0.106936,""erased"":true,""height"":0.363063,""left"":0.276337,""top"":0.305604,""width"":0.294538}",0.05621928,0.057722479,0.0015031993,0.94533181,0.94391185,0.027683487,0.011447669,0.91764832,0.93246418,0.014815857,0.75809481,0.99266453,8.8146001,8.7499408,False,0.9412474,True,True,True,0.75809481,0.99266453,8.8146001,8.7499408,0.75188678,0.99494986,8.6169197,8.5734031,0.90045606,0.9420745,1.8563053,1.7487779,0.57824871,1.0343325,1.6957937,1.7540146,0.75320521,0.94493886,3.6478439,3.4469894,0.77411179,1.0077797,4.5262972,4.5615105,0.73631438,1.0474523,4.2564846,4.4584645,0.77232425,0.95790566,4.4117793,4.2260684
experiment_0a_best,file,16,,1855,033.Yellow_billed_Cuckoo/Yellow_Billed_Cuckoo_0010_26795.jpg,33,32,033.Yellow_billed_Cuckoo,31,30,identity,identity,0,{},0.10789943,0.10789943,0,0.89771789,0.89771789,0.051343616,0.051343616,0.84637428,0.84637428,0,1,1,13.701217,13.701217,False,0.99999988,True,True,True,1,1,13.701217,13.701217,1,1,13.225695,13.225695,1,1,3.5783143,3.5783143,1,1,3.57021,3.57021,1,1,5.3746852,5.3746852,1,1,6.964795,6.964795,1,1,6.5071619,6.5071619,1,1,6.5141267,6.5141267
experiment_0a_best,file,16,,1855,033.Yellow_billed_Cuckoo/Yellow_Billed_Cuckoo_0010_26795.jpg,33,32,033.Yellow_billed_Cuckoo,31,30,horizontal_flip,horizontal_flip,0,"{""flipped"":true}",0.10789943,0.035326999,-0.072572429,0.89771789,0.96528971,0.051343616,0.0020524759,0.84637428,0.96323724,0.11686296,0.37784381,0.5177647,13.701217,7.0940065,False,0.94723761,True,True,True,0.37784381,0.5177647,13.701217,7.0940065,0.3553647,0.52452403,13.225695,6.9371949,0.77634125,0.41453195,3.5783143,1.4833256,0.25928657,0.45047809,3.57021,1.6083014,0.27638827,0.56320536,5.3746852,3.0270516,0.38861032,0.59805354,6.964795,4.1653203,0.3309218,0.5010592,6.5071619,3.2604734,0.44104985,0.44477373,6.5141267,2.8973124
experiment_0a_best,file,16,,1855,033.Yellow_billed_Cuckoo/Yellow_Billed_Cuckoo_0010_26795.jpg,33,32,033.Yellow_billed_Cuckoo,31,30,color_jitter,color_jitter,0,"{""brightness"":0.721065,""contrast"":0.692249,""hue"":-0.011677,""saturation"":1.099953}",0.10789943,0.14368315,0.035783723,0.89771789,0.86616212,0.051343616,0.10599581,0.84637428,0.76016631,-0.086207967,0.66066246,1.7472056,13.701217,23.938843,False,0.95125389,True,True,True,0.66066246,1.7472056,13.701217,23.938843,0.64392629,1.7612705,13.225695,23.294027,0.92723799,1.5422749,3.5783143,5.5187444,0.59636526,1.4953528,3.57021,5.3387235,0.57153693,2.0881446,5.3746852,11.22312,0.6251128,1.7759374,6.964795,12.36904,0.66466319,1.6794057,6.5071619,10.928165,0.733761,1.6514791,6.5141267,10.757944
experiment_0a_best,file,16,,1855,033.Yellow_billed_Cuckoo/Yellow_Billed_Cuckoo_0010_26795.jpg,33,32,033.Yellow_billed_Cuckoo,31,30,rotation,rotation,0,"{""angle"":-7.28111}",0.10789943,0.18264729,0.07474786,0.89771789,0.83306193,0.051343616,0.11397282,0.84637428,0.71908911,-0.12728516,0.73222419,1.6454742,13.701217,22.544999,False,0.97620404,True,True,True,0.73222419,1.6454742,13.701217,22.544999,0.71450979,1.6417993,13.225695,21.713937,0.96698523,1.6948782,3.5783143,6.0648071,0.65478008,1.5872574,3.57021,5.6668422,0.64561986,1.6713691,5.3746852,8.9830829,0.69602833,1.6678716,6.964795,11.616384,0.7088763,1.6257013,6.5071619,10.578701,0.80805187,1.6234405,6.5141267,10.575297
experiment_0a_best,file,16,,1855,033.Yellow_billed_Cuckoo/Yellow_Billed_Cuckoo_0010_26795.jpg,33,32,033.Yellow_billed_Cuckoo,31,30,random_resized_crop,random_resized_crop,0,"{""area_fraction"":0.85669,""aspect"":0.960739,""fallback"":false,""height"":0.944298,""left"":0.010998,""top"":0.021635,""width"":0.907224}",0.10789943,0.19018149,0.082282066,0.89771789,0.82680905,0.051343616,0.067292638,0.84637428,0.75951641,-0.086857866,0.6809448,1.8611532,13.701217,25.500064,False,0.97728717,True,True,True,0.6809448,1.8611532,13.701217,25.500064,0.66288746,1.8675534,13.225695,24.699692,0.94190349,1.7714062,3.5783143,6.3386481,0.47855822,1.5113369,3.57021,5.3957902,0.57734669,2.1595588,5.3746852,11.606949,0.71771042,1.9596582,6.964795,13.648617,0.65270467,1.825859,6.5071619,11.88116,0.74116995,1.6731614,6.5141267,10.899185
experiment_0a_best,file,16,,1855,033.Yellow_billed_Cuckoo/Yellow_Billed_Cuckoo_0010_26795.jpg,33,32,033.Yellow_billed_Cuckoo,31,30,gaussian_blur,gaussian_blur,0,"{""sigma"":1.15281}",0.10789943,1.7097859,1.6018865,0.89771789,0.18090449,0.051343616,0.28638163,0.84637428,-0.10547714,-0.95185142,0.60335505,9.1636101,13.701217,125.55261,False,0.88869536,False,True,False,0.60335505,9.1636101,13.701217,125.55261,0.59176411,9.3313479,13.225695,123.41356,0.87203911,6.4491422,3.5783143,23.077058,0.68940491,8.8608391,3.57021,31.635056,0.45058192,9.1510591,5.3746852,49.184063,0.63488678,10.078424,6.964795,70.194159,0.56235577,9.542231,6.5071619,62.092842,0.64527274,8.4478171,6.5141267,55.030151
experiment_0a_best,file,16,,1855,033.Yellow_billed_Cuckoo/Yellow_Billed_Cuckoo_0010_26795.jpg,33,32,033.Yellow_billed_Cuckoo,31,30,random_erasing,random_erasing,0,"{""area_fraction"":0.186988,""erased"":true,""height"":0.335199,""left"":0.020989,""top"":0.326936,""width"":0.557842}",0.10789943,0.14812787,0.040228441,0.89771789,0.86232084,0.051343616,0.06409698,0.84637428,0.79822386,-0.048150416,0.75929548,1.4408002,13.701217,19.740716,False,0.95152724,True,True,True,0.75929548,1.4408002,13.701217,19.740716,0.74709084,1.4481588,13.225695,19.152907,0.94229123,1.336223,3.5783143,4.781426,0.71792543,1.3642658,3.57021,4.8707152,0.70535058,1.5693583,5.3746852,8.4348068,0.78184897,1.4266346,6.964795,9.9362174,0.7379177,1.3752132,6.5071619,8.9487346,0.75881306,1.4816601,6.5141267,9.6517216
experiment_0a_best,file,16,,7482,128.Seaside_Sparrow/Seaside_Sparrow_0001_120720.jpg,128,127,128.Seaside_Sparrow,126,125,identity,identity,0,{},0.015555713,0.015555713,0,0.98456466,0.98456466,0.0032478347,0.0032478347,0.98131683,0.98131683,0,1,1,2.4240761,2.4240761,False,1,True,True,True,1,1,2.4240761,2.4240761,1,1,2.3823498,2.3823498,1,1,0.44783296,0.44783296,1,1,0.37259945,0.37259945,1,1,1.050815,1.050815,1,1,1.3012325,1.3012325,1,1,1.1933753,1.1933753,1,1,1.1468207,1.1468207
experiment_0a_best,file,16,,7482,128.Seaside_Sparrow/Seaside_Sparrow_0001_120720.jpg,128,127,128.Seaside_Sparrow,126,125,horizontal_flip,horizontal_flip,0,"{""flipped"":true}",0.015555713,0.031081295,0.015525581,0.98456466,0.96939677,0.0032478347,0.0077471491,0.98131683,0.96164962,-0.019667206,0.57785569,1.9442761,2.4240761,4.7130732,False,0.9674623,True,True,True,0.57785569,1.9442761,2.4240761,4.7130732,0.5647299,1.9462695,2.3823498,4.6366949,0.96124569,1.8869894,0.44783296,0.84505606,0.3003532,2.5747007,0.37259945,0.95933206,0.45451063,1.9674688,1.050815,2.0674458,0.54052125,1.9683093,1.3012325,2.561228,0.5533543,1.859045,1.1933753,2.2185383,0.74526132,1.9148734,1.1468207,2.1960164
experiment_0a_best,file,16,,7482,128.Seaside_Sparrow/Seaside_Sparrow_0001_120720.jpg,128,127,128.Seaside_Sparrow,126,125,color_jitter,color_jitter,0,"{""brightness"":0.890408,""contrast"":1.033862,""hue"":0.036693,""saturation"":1.046441}",0.015555713,0.0083112083,-0.007244505,0.98456466,0.99172324,0.0032478347,0.00089722255,0.98131683,0.99082602,0.0095091896,0.8900552,0.59698647,2.4240761,1.4471407,False,0.98480082,True,True,True,0.8900552,0.59698647,2.4240761,1.4471407,0.88768149,0.59959414,2.3823498,1.428443,0.97715591,0.51777427,0.44783296,0.23187638,0.85573064,0.65053946,0.37259945,0.24239065,0.87773985,0.61969652,1.050815,0.65118641,0.87838431,0.61064006,1.3012325,0.79458468,0.88186838,0.59196612,1.1933753,0.70643773,0.92219161,0.56995041,1.1468207,0.65363091
experiment_0a_best,file,16,,7482,128.Seaside_Sparrow/Seaside_Sparrow_0001_120720.jpg,128,127,128.Seaside_Sparrow,126,125,rotation,rotation,0,"{""angle"":9.156972}",0.015555713,0.037796486,0.022240773,0.98456466,0.96290886,0.0032478347,0.0078309551,0.98131683,0.95507791,-0.026238918,0.70035696,2.8348909,2.4240761,6.8719913,False,0.95971125,True,True,True,0.70035696,2.8348909,2.4240761,6.8719913,0.69296645,2.8456249,2.3823498,6.7792739,0.94254607,2.5121807,0.44783296,1.1250373,0.48413101,2.9900914,0.37259945,1.1141064,0.73459253,3.2467769,1.050815,3.411762,0.69633282,3.0446956,1.3012325,3.9618568,0.64243719,2.5640001,1.1933753,3.0598143,0.74569025,2.4691594,1.1468207,2.8316831
experiment_0a_best,file,16,,7482,128.Seaside_Sparrow/Seaside_Sparrow_0001_120720.jpg,128,127,128.Seaside_Sparrow,126,125,random_resized_crop,random_resized_crop,0,"{""area_fraction"":0.781862,""aspect"":0.89283,""fallback"":false,""height"":0.935795,""left"":0.157267,""top"":0.046524,""width"":0.835506}",0.015555713,0.011483994,-0.004071719,0.98456466,0.98858172,0.0032478347,0.0055446425,0.98131683,0.98303707,0.0017202473,0.64840359,0.72193884,2.4240761,1.7500347,False,0.96888614,True,True,True,0.64840359,0.72193884,2.4240761,1.7500347,0.6364757,0.71626397,2.3823498,1.7063913,0.93859091,0.86727471,0.44783296,0.38839419,0.30831159,0.78025504,0.37259945,0.2907226,0.67236432,0.78757256,1.050815,0.82759308,0.61947071,0.71573591,1.3012325,0.93133881,0.56229899,0.64243653,1.1933753,0.76666787,0.74064789,0.72283062,1.1468207,0.8289571
experiment_0a_best,file,16,,7482,128.Seaside_Sparrow/Seaside_Sparrow_0001_120720.jpg,128,127,128.Seaside_Sparrow,126,125,gaussian_blur,gaussian_blur,0,"{""sigma"":1.374457}",0.015555713,0.71280909,0.69725337,0.98456466,0.49026507,0.0032478347,0.10077562,0.98131683,0.38948945,-0.59182738,0.38317934,28.704121,2.4240761,69.580975,False,0.79418731,True,True,True,0.38317934,28.704121,2.4240761,69.580975,0.3704817,28.78586,2.3823498,68.57799,0.77822682,26.28577,0.44783296,11.771634,0.13107467,38.87217,0.37259945,14.483749,0.21423698,28.987396,1.050815,30.460391,0.33386607,27.840263,1.3012325,36.226654,0.39142448,28.313124,1.1933753,33.788183,0.56086026,29.068523,1.1468207,33.336383
experiment_0a_best,file,16,,7482,128.Seaside_Sparrow/Seaside_Sparrow_0001_120720.jpg,128,127,128.Seaside_Sparrow,126,125,random_erasing,random_erasing,0,"{""area_fraction"":0.125524,""erased"":true,""height"":0.362677,""left"":0.453309,""top"":0.49597,""width"":0.346103}",0.015555713,0.012078832,-0.0034768814,0.98456466,0.98799384,0.0032478347,0.0016369651,0.98131683,0.98635687,0.0050400441,0.89759944,0.83934952,2.4240761,2.0346471,False,0.98426908,True,True,True,0.89759944,0.83934952,2.4240761,2.0346471,0.89514464,0.84169641,2.3823498,2.0052153,0.97699089,0.76997372,0.44783296,0.34481961,0.82477617,0.82363668,0.37259945,0.30688658,0.87055745,0.83280201,1.050815,0.87512086,0.90671922,0.83434347,1.3012325,1.0856748,0.89284064,0.86040679,1.1933753,1.0267882,0.91099923,0.83994807,1.1468207,0.96326981
experiment_0a_best,file,16,,641,012.Yellow_headed_Blackbird/Yellow_Headed_Blackbird_0087_8358.jpg,12,11,012.Yellow_headed_Blackbird,170,169,identity,identity,0,{},3.3462577,3.3462577,0,0.035215896,0.035215896,0.1499974,0.1499974,-0.1147815,-0.1147815,0,1,1,124.03767,124.03767,False,1,True,False,False,1,1,124.03767,124.03767,1,1,121.2746,121.2746,1,1,26.034856,26.034856,1,1,30.627595,30.627595,1,1,49.315493,49.315493,1,1,58.928709,58.928709,1,1,63.563438,63.563438,1,1,61.843017,61.843017
experiment_0a_best,file,16,,641,012.Yellow_headed_Blackbird/Yellow_Headed_Blackbird_0087_8358.jpg,12,11,012.Yellow_headed_Blackbird,170,169,horizontal_flip,horizontal_flip,0,"{""flipped"":true}",3.3462577,2.6760428,-0.67021489,0.035215896,0.068835005,0.1499974,0.06742686,-0.1147815,0.0014081448,0.11618965,0.62624012,0.90078276,124.03767,111.73099,False,0.95610499,False,False,False,0.62624012,0.90078276,124.03767,111.73099,0.61021417,0.89734074,121.2746,108.82464,0.9490419,0.97247379,26.034856,25.318215,0.54941917,1.1584326,30.627595,35.480004,0.55448248,0.93682086,49.315493,46.199782,0.613829,0.8421264,58.928709,49.625422,0.63244405,0.85867192,63.563438,54.580139,0.64977413,0.88682813,61.843017,54.844127
experiment_0a_best,file,16,,641,012.Yellow_headed_Blackbird/Yellow_Headed_Blackbird_0087_8358.jpg,12,11,012.Yellow_headed_Blackbird,170,169,color_jitter,color_jitter,0,"{""brightness"":0.646251,""contrast"":0.67665,""hue"":-0.037565,""saturation"":0.62912}",3.3462577,6.4654789,3.1192212,0.035215896,0.0015562454,0.1499974,0.005024659,-0.1147815,-0.0034684136,0.11131309,0.39717001,0.89665974,124.03767,111.21958,False,0.81086361,False,False,False,0.39717001,0.89665974,124.03767,111.21958,0.37725651,0.88720731,121.2746,107.59572,0.75900256,1.0816079,26.034856,28.159507,-0.101093,0.70044541,30.627595,21.452958,0.20056669,0.8655364,49.315493,42.684354,0.41310541,0.93493055,58.928709,55.094251,0.38863033,0.80550908,63.563438,51.200926,0.52571533,0.97527109,61.843017,60.313706
experiment_0a_best,file,16,,641,012.Yellow_headed_Blackbird/Yellow_Headed_Blackbird_0087_8358.jpg,12,11,012.Yellow_headed_Blackbird,170,169,rotation,rotation,0,"{""angle"":-8.910438}",3.3462577,4.4330392,1.0867815,0.035215896,0.011878332,0.1499974,0.11046699,-0.1147815,-0.098588655,0.016192848,0.68952072,0.98163577,124.03767,121.75981,False,0.94477791,False,False,False,0.68952072,0.98163577,124.03767,121.75981,0.67777344,0.9795883,121.2746,118.79918,0.93378953,1.025056,26.034856,26.687185,0.53115867,0.81863474,30.627595,25.072813,0.68557555,0.93423751,49.315493,46.072383,0.64944693,1.0099853,58.928709,59.517132,0.68758464,0.95387416,63.563438,60.631521,0.72136661,1.0408573,61.843017,64.369754
experiment_0a_best,file,16,,641,012.Yellow_headed_Blackbird/Yellow_Headed_Blackbird_0087_8358.jpg,12,11,012.Yellow_headed_Blackbird,170,169,random_resized_crop,random_resized_crop,0,"{""area_fraction"":0.574686,""aspect"":1.312369,""fallback"":false,""height"":0.66174,""left"":0.051684,""top"":0.199023,""width"":0.868447}",3.3462577,2.9524508,-0.39380693,0.035215896,0.05221159,0.1499974,0.016340079,-0.1147815,0.035871511,0.15065301,0.59343484,0.97065436,124.03767,120.3977,False,0.92984843,False,False,False,0.59343484,0.97065436,124.03767,120.3977,0.57951427,0.97294181,121.2746,117.99313,0.91390764,0.91962011,26.034856,23.942177,0.72696422,0.92786194,30.627595,28.41818,0.56388862,1.0372255,49.315493,51.151287,0.52173303,0.9421081,58.928709,55.517214,0.56113237,0.95808004,63.563438,60.898861,0.6263153,0.9845775,61.843017,60.889243
experiment_0a_best,file,16,,641,012.Yellow_headed_Blackbird/Yellow_Headed_Blackbird_0087_8358.jpg,12,11,012.Yellow_headed_Blackbird,170,169,gaussian_blur,gaussian_blur,0,"{""sigma"":1.323292}",3.3462577,5.1148496,1.7685919,0.035215896,0.0060068816,0.1499974,0.056481548,-0.1147815,-0.050474666,0.064306837,0.6464,1.3175193,124.03767,163.42202,False,0.89981484,False,False,False,0.6464,1.3175193,124.03767,163.42202,0.64053661,1.3339193,121.2746,161.77054,0.88900728,0.89012647,26.034856,23.174314,0.64858794,1.3762326,30.627595,42.150696,0.6520415,1.5825155,49.315493,78.042531,0.59745623,1.4406924,58.928709,84.898145,0.64234121,1.2682259,63.563438,80.612796,0.70103615,1.0962564,61.843017,67.795803
experiment_0a_best,file,16,,641,012.Yellow_headed_Blackbird/Yellow_Headed_Blackbird_0087_8358.jpg,12,11,012.Yellow_headed_Blackbird,170,169,random_erasing,random_erasing,0,"{""area_fraction"":0.105227,""erased"":true,""height"":0.230591,""left"":0.076587,""top"":0.647622,""width"":0.456336}",3.3462577,4.2477951,0.90153742,0.035215896,0.014295725,0.1499974,0.096840449,-0.1147815,-0.082544724,0.032236779,0.82833327,0.99167352,124.03767,123.00487,False,0.95816904,False,False,False,0.82833327,0.99167352,124.03767,123.00487,0.8226993,0.99181391,121.2746,120.28184,0.95098073,0.9886224,26.034856,25.738642,0.92031477,0.90741676,30.627595,27.791993,0.83216569,0.9383507,49.315493,46.275227,0.8278453,1.0494478,58.928709,61.842605,0.80274679,0.96139499,63.563438,61.109571,0.8143832,1.0220449,61.843017,63.206343
experiment_0a_best,file,16,,3930,068.Ruby_throated_Hummingbird/Ruby_Throated_Hummingbird_0119_57575.jpg,68,67,068.Ruby_throated_Hummingbird,69,68,identity,identity,0,{},0.51829261,0.51829261,0,0.59553647,0.59553647,0.18926646,0.18926646,0.40627001,0.40627001,0,1,1,49.050973,49.050973,False,1.0000001,True,True,True,1,1,49.050973,49.050973,1,1,47.977812,47.977812,1,1,10.204289,10.204289,1,1,9.0177805,9.0177805,1,1,21.338998,21.338998,1,1,26.418299,26.418299,1,1,22.437983,22.437983,1,1,23.744634,23.744634
experiment_0a_best,file,16,,3930,068.Ruby_throated_Hummingbird/Ruby_Throated_Hummingbird_0119_57575.jpg,68,67,068.Ruby_throated_Hummingbird,69,68,horizontal_flip,horizontal_flip,0,"{""flipped"":true}",0.51829261,0.34054843,-0.17774418,0.59553647,0.71138006,0.18926646,0.082157448,0.40627001,0.62922262,0.2229526,0.59322676,0.65310174,49.050973,32.035276,False,0.94175982,True,True,True,0.59322676,0.65310174,49.050973,32.035276,0.57697768,0.65051043,47.977812,31.210067,0.92530705,0.70796768,10.204289,7.2243068,0.31895649,0.59344828,9.0177805,5.3515864,0.51511869,0.54615501,21.338998,11.654401,0.60377934,0.57642513,26.418299,15.228172,0.52610198,0.69985948,22.437983,15.703435,0.67625247,0.76633702,23.744634,18.196392
experiment_0a_best,file,16,,3930,068.Ruby_throated_Hummingbird/Ruby_Throated_Hummingbird_0119_57575.jpg,68,67,068.Ruby_throated_Hummingbird,69,68,color_jitter,color_jitter,0,"{""brightness"":1.301436,""contrast"":1.175443,""hue"":0.071539,""saturation"":1.255174}",0.51829261,1.5985863,1.0802937,0.59553647,0.20218213,0.18926646,0.060456321,0.40627001,0.14172581,-0.2645442,0.47431055,2.1951389,49.050973,107.6737,False,0.86177027,True,True,True,0.47431055,2.1951389,49.050973,107.6737,0.46461957,2.2188192,47.977812,106.45409,0.80081531,1.5836658,10.204289,16.160184,0.35697378,3.6890968,9.0177805,33.267465,0.18709135,2.234199,21.338998,47.675568,0.55245731,2.1363763,26.418299,56.43943,0.47609746,2.2212301,22.437983,49.839924,0.63406715,2.0124355,23.744634,47.784544
experiment_0a_best,file,16,,3930,068.Ruby_throated_Hummingbird/Ruby_Throated_Hummingbird_0119_57575.jpg,68,67,068.Ruby_throated_Hummingbird,69,68,rotation,rotation,0,"{""angle"":-10.579459}",0.51829261,1.4474643,0.92917174,0.59553647,0.23516583,0.18926646,0.065821424,0.40627001,0.16934441,-0.2369256,0.55192919,2.1592745,49.050973,105.91452,False,0.92349219,True,True,True,0.55192919,2.1592745,49.050973,105.91452,0.54137807,2.1773003,47.977812,104.46211,0.8637871,1.7130122,10.204289,17.480071,0.45580903,2.2635893,9.0177805,20.412551,0.42185602,2.021134,21.338998,43.128976,0.57156848,2.1684702,26.418299,57.287293,0.49977724,2.2587227,22.437983,50.681183,0.64463236,2.2225812,23.744634,52.774376
experiment_0a_best,file,16,,3930,068.Ruby_throated_Hummingbird/Ruby_Throated_Hummingbird_0119_57575.jpg,68,67,068.Ruby_throated_Hummingbird,69,68,random_resized_crop,random_resized_crop,0,"{""area_fraction"":0.515589,""aspect"":1.181244,""fallback"":false,""height"":0.660666,""left"":0.16863,""top"":0.162342,""width"":0.780408}",0.51829261,0.91764188,0.39934927,0.59553647,0.39945993,0.18926646,0.14789307,0.40627001,0.25156686,-0.15470316,0.59814875,1.6576639,49.050973,81.31003,False,0.95454991,True,True,True,0.59814875,1.6576639,49.050973,81.31003,0.58669977,1.6712689,47.977812,80.183824,0.93417876,1.3216127,10.204289,13.486117,0.52522628,2.0357707,9.0177805,18.358134,0.34235835,1.6134847,21.338998,34.430148,0.66546884,1.8057028,26.418299,47.703597,0.58541252,1.6308545,22.437983,36.593087,0.70204181,1.5139676,23.744634,35.948607
experiment_0a_best,file,16,,3930,068.Ruby_throated_Hummingbird/Ruby_Throated_Hummingbird_0119_57575.jpg,68,67,068.Ruby_throated_Hummingbird,69,68,gaussian_blur,gaussian_blur,0,"{""sigma"":1.967916}",0.51829261,3.9116189,3.3933263,0.59553647,0.020008087,0.18926646,0.11111613,0.40627001,-0.091108039,-0.49737805,0.3929784,2.1684452,49.050973,106.36435,False,0.81215203,False,True,False,0.3929784,2.1684452,49.050973,106.36435,0.38019221,2.1869875,47.977812,104.92687,0.76658247,1.7078834,10.204289,17.427735,0.37943167,2.3620501,9.0177805,21.300449,0.13743542,2.1731413,21.338998,46.372659,0.39894466,2.3169269,26.418299,61.209267,0.41463218,2.2349262,22.437983,50.147238,0.53970712,1.9501447,23.744634,46.305471
experiment_0a_best,file,16,,3930,068.Ruby_throated_Hummingbird/Ruby_Throated_Hummingbird_0119_57575.jpg,68,67,068.Ruby_throated_Hummingbird,69,68,random_erasing,random_erasing,0,"{""area_fraction"":0.091862,""erased"":true,""height"":0.252717,""left"":0.105142,""top"":0.099341,""width"":0.363497}",0.51829261,0.29875973,-0.21953288,0.59553647,0.7417376,0.18926646,0.12872529,0.40627001,0.61301231,0.2067423,0.94788522,0.65621228,49.050973,32.187851,False,0.99156183,True,True,True,0.94788522,0.65621228,49.050973,32.187851,0.94589471,0.65557507,47.977812,31.453058,0.99115019,0.6701437,10.204289,6.83834,0.88076564,0.56948127,9.0177805,5.1354571,0.90724893,0.62357488,21.338998,13.306463,0.9599689,0.66457369,26.418299,17.556906,0.95854832,0.67465722,22.437983,15.137948,0.95694427,0.66383572,23.744634,15.762536
experiment_0a_best,file,16,,2088,037.Acadian_Flycatcher/Acadian_Flycatcher_0008_795599.jpg,37,36,037.Acadian_Flycatcher,39,38,identity,identity,0,{},2.0873013,2.0873013,0,0.12402138,0.12402138,0.53391844,0.53391844,-0.40989706,-0.40989706,0,1,1,149.23531,149.23531,False,0.99999994,True,False,False,1,1,149.23531,149.23531,1,1,146.03419,146.03419,1,1,30.743996,30.743996,1,1,30.285023,30.285023,1,1,76.501689,76.501689,1,1,69.924814,69.924814,1,1,71.107397,71.107397,1,1,67.901041,67.901041
experiment_0a_best,file,16,,2088,037.Acadian_Flycatcher/Acadian_Flycatcher_0008_795599.jpg,37,36,037.Acadian_Flycatcher,39,38,horizontal_flip,horizontal_flip,0,"{""flipped"":true}",2.0873013,2.882107,0.79480577,0.12402138,0.056016609,0.53391844,0.52172631,-0.40989706,-0.4657097,-0.055812642,0.68855854,1.0805127,149.23531,161.25064,False,0.97654617,True,False,False,0.68855854,1.0805127,149.23531,161.25064,0.67502463,1.0765312,146.03419,157.21036,0.9724369,1.1667399,30.743996,35.870246,0.67719637,1.1247118,30.285023,34.061922,0.71401283,1.1094162,76.501689,84.872214,0.601589,1.0292646,69.924814,71.971136,0.61923509,1.0831376,71.107397,77.019096,0.76170153,1.0660585,67.901041,72.386483
experiment_0a_best,file,16,,2088,037.Acadian_Flycatcher/Acadian_Flycatcher_0008_795599.jpg,37,36,037.Acadian_Flycatcher,39,38,color_jitter,color_jitter,0,"{""brightness"":1.100519,""contrast"":1.018656,""hue"":-0.048767,""saturation"":0.687883}",2.0873013,3.5197668,1.4324656,0.12402138,0.029606333,0.53391844,0.41999206,-0.40989706,-0.39038573,0.019511333,0.71774907,0.98951739,149.23531,147.67093,False,0.94079405,True,False,False,0.71774907,0.98951739,149.23531,147.67093,0.70950366,0.99039243,146.03419,144.63115,0.90793871,0.96956432,30.743996,29.808281,0.76175098,1.0041544,30.285023,30.410841,0.75919237,0.97418243,76.501689,74.526602,0.65500722,1.0937314,69.924814,76.478966,0.66668499,0.93864159,71.107397,66.74436,0.75313288,0.94705855,67.901041,64.306261
experiment_0a_best,file,16,,2088,037.Acadian_Flycatcher/Acadian_Flycatcher_0008_795599.jpg,37,36,037.Acadian_Flycatcher,39,38,rotation,rotation,0,"{""angle"":-0.995329}",2.0873013,2.5199184,0.43261719,0.12402138,0.080466159,0.53391844,0.34263301,-0.40989706,-0.26216685,0.14773021,0.84720963,1.0336507,149.23531,154.25718,False,0.98419642,False,False,False,0.84720963,1.0336507,149.23531,154.25718,0.84266959,1.030687,146.03419,150.51554,0.94496812,1.0983952,30.743996,33.769059,0.79162371,0.97421348,30.285023,29.504078,0.83243289,1.078044,76.501689,82.47219,0.82645908,1.0316227,69.924814,72.136023,0.85640314,1.0330364,71.107397,73.456531,0.87217461,0.97504484,67.901041,66.206559
experiment_0a_best,file,16,,2088,037.Acadian_Flycatcher/Acadian_Flycatcher_0008_795599.jpg,37,36,037.Acadian_Flycatcher,39,38,random_resized_crop,random_resized_crop,0,"{""area_fraction"":0.858501,""aspect"":1.056328,""fallback"":false,""height"":0.901511,""left"":0.040043,""top"":0.041968,""width"":0.952291}",2.0873013,2.401248,0.31394672,0.12402138,0.090604819,0.53391844,0.49311197,-0.40989706,-0.40250715,0.0073899105,0.83025763,1.0136031,149.23531,151.26537,False,0.97143108,True,False,False,0.83025763,1.0136031,149.23531,151.26537,0.8252787,1.0192359,146.03419,148.84329,0.96987825,0.87694699,30.743996,26.960855,0.86336374,1.1549577,30.285023,34.97792,0.87068097,1.0300756,76.501689,78.80252,0.79119784,1.0818138,69.924814,75.645631,0.78511494,0.98752321,71.107397,70.220205,0.84735727,0.93930891,67.901041,63.780053
experiment_0a_best,file,16,,2088,037.Acadian_Flycatcher/Acadian_Flycatcher_0008_795599.jpg,37,36,037.Acadian_Flycatcher,39,38,gaussian_blur,gaussian_blur,0,"{""sigma"":1.681399}",2.0873013,1.9303582,-0.15694308,0.12402138,0.14509623,0.53391844,0.013991423,-0.40989706,0.1311048,0.54100186,0.44255039,0.98642875,149.23531,147.21,False,0.817307,False,False,False,0.44255039,0.98642875,149.23531,147.21,0.43339385,0.99297399,146.03419,145.00815,0.69853248,0.82506259,30.743996,25.365721,0.47018524,0.8301553,30.285023,25.141273,0.51189778,0.93225168,76.501689,71.318828,0.38393137,1.190588,69.924814,83.251644,0.39553036,0.95044303,71.107397,67.58353,0.45112601,0.90911026,67.901041,61.729533
experiment_0a_best,file,16,,2088,037.Acadian_Flycatcher/Acadian_Flycatcher_0008_795599.jpg,37,36,037.Acadian_Flycatcher,39,38,random_erasing,random_erasing,0,"{""area_fraction"":0.052258,""erased"":true,""height"":0.332168,""left"":0.445242,""top"":0.456442,""width"":0.157325}",2.0873013,0.64570612,-1.4415951,0.12402138,0.52429217,0.53391844,0.35256779,-0.40989706,0.17172438,0.58162144,0.82948232,0.63198293,149.23531,94.314168,False,0.96125489,False,False,True,0.82948232,0.63198293,149.23531,94.314168,0.82517103,0.63477626,146.03419,92.699036,0.94407712,0.56530115,30.743996,17.379616,0.90890405,0.66797635,30.285023,20.229679,0.87008643,0.61658248,76.501689,47.169601,0.81050849,0.67251782,69.924814,47.025684,0.77059847,0.60803048,71.107397,43.235465,0.829059,0.63825193,67.901041,43.33797
experiment_0a_best,file,16,,3431,060.Glaucous_winged_Gull/Glaucous_Winged_Gull_0078_44461.jpg,60,59,060.Glaucous_winged_Gull,59,58,identity,identity,0,{},4.3256149,4.3256149,0,0.013225417,0.013225417,0.71841395,0.71841395,-0.70518853,-0.70518853,0,1,1,183.87375,183.87375,False,0.99999994,True,False,False,1,1,183.87375,183.87375,1,1,180.5605,180.5605,1,1,34.74857,34.74857,1,1,49.969101,49.969101,1,1,86.977384,86.977384,1,1,94.852338,94.852338,1,1,84.246773,84.246773,1,1,80.284697,80.284697
experiment_0a_best,file,16,,3431,060.Glaucous_winged_Gull/Glaucous_Winged_Gull_0078_44461.jpg,60,59,060.Glaucous_winged_Gull,59,58,horizontal_flip,horizontal_flip,0,"{""flipped"":true}",4.3256149,3.2782981,-1.0473168,0.013225417,0.037692349,0.71841395,0.19782498,-0.70518853,-0.16013264,0.5450559,0.62856343,0.86420707,183.87375,158.905,False,0.9739809,False,False,False,0.62856343,0.86420707,183.87375,158.905,0.62046688,0.86113496,180.5605,155.48696,0.83062988,0.94338131,34.74857,32.781152,0.46409552,0.83950439,49.969101,41.94928,0.60905717,0.72801164,86.977384,63.320548,0.6575482,0.88346375,94.852338,83.798602,0.5969643,0.91453906,84.246773,77.046964,0.67344323,0.91940422,80.284697,73.814089
experiment_0a_best,file,16,,3431,060.Glaucous_winged_Gull/Glaucous_Winged_Gull_0078_44461.jpg,60,59,060.Glaucous_winged_Gull,59,58,color_jitter,color_jitter,0,"{""brightness"":0.675156,""contrast"":0.924171,""hue"":-0.080251,""saturation"":1.340116}",4.3256149,4.1537285,-0.17188644,0.013225417,0.015705744,0.71841395,0.38419822,-0.70518853,-0.36849247,0.33669606,0.45155898,0.88231764,183.87375,162.23505,False,0.81375855,True,False,False,0.45155898,0.88231764,183.87375,162.23505,0.44217489,0.8869918,180.5605,160.15568,0.759849,0.74511005,34.74857,25.891509,0.30289782,1.4201403,49.969101,70.963135,0.27013285,0.8430486,86.977384,73.326162,0.486517,0.74236999,94.852338,70.415529,0.56057675,0.85716251,84.246773,72.213175,0.58283567,0.88639082,80.284697,71.163618
experiment_0a_best,file,16,,3431,060.Glaucous_winged_Gull/Glaucous_Winged_Gull_0078_44461.jpg,60,59,060.Glaucous_winged_Gull,59,58,rotation,rotation,0,"{""angle"":-11.362423}",4.3256149,1.9767357,-2.3488792,0.013225417,0.13852067,0.71841395,0.33587903,-0.70518853,-0.19735835,0.50783018,0.68864134,0.67596797,183.87375,124.29277,False,0.94657451,False,False,False,0.68864134,0.67596797,183.87375,124.29277,0.68074532,0.67511204,180.5605,121.89857,0.89503612,0.69868224,34.74857,24.278209,0.26703007,0.62582472,49.969101,31.271899,0.73396424,0.64926836,86.977384,56.471664,0.70294013,0.66156299,94.852338,62.750796,0.68738566,0.68973518,84.246773,58.107963,0.73119787,0.72393959,80.284697,58.12127
experiment_0a_best,file,16,,3431,060.Glaucous_winged_Gull/Glaucous_Winged_Gull_0078_44461.jpg,60,59,060.Glaucous_winged_Gull,59,58,random_resized_crop,random_resized_crop,0,"{""area_fraction"":0.746666,""aspect"":1.068071,""fallback"":false,""height"":0.836109,""left"":0.105119,""top"":0.146881,""width"":0.893025}",4.3256149,3.7559795,-0.56963539,0.013225417,0.023377545,0.71841395,0.39710474,-0.70518853,-0.37372719,0.33146134,0.70954641,0.96211607,183.87375,176.90789,False,0.97141093,True,False,False,0.70954641,0.96211607,183.87375,176.90789,0.70253298,0.96555308,180.5605,174.34075,0.92536036,0.86416289,34.74857,30.028425,0.41147331,1.0635174,49.969101,53.143009,0.68218346,0.91338566,86.977384,79.443896,0.7610082,1.0135349,94.852338,96.136158,0.71538789,0.9647637,84.246773,81.278228,0.7570116,0.91622234,80.284697,73.558632
experiment_0a_best,file,16,,3431,060.Glaucous_winged_Gull/Glaucous_Winged_Gull_0078_44461.jpg,60,59,060.Glaucous_winged_Gull,59,58,gaussian_blur,gaussian_blur,0,"{""sigma"":1.78055}",4.3256149,3.6478243,-0.67779064,0.013225417,0.026047736,0.71841395,0.13476779,-0.70518853,-0.10872005,0.59646848,0.47967466,0.86135072,183.87375,158.37979,False,0.78566551,False,False,False,0.47967466,0.86135072,183.87375,158.37979,0.47545635,0.86867234,180.5605,156.84791,0.65984411,0.63239344,34.74857,21.974768,0.30372772,0.85274659,49.969101,42.610981,0.47208149,0.8247921,86.977384,71.73826,0.54153042,0.93926191,94.852338,89.091188,0.4302264,0.85765898,84.246773,72.255001,0.49824663,0.83380186,80.284697,66.94153
experiment_0a_best,file,16,,3431,060.Glaucous_winged_Gull/Glaucous_Winged_Gull_0078_44461.jpg,60,59,060.Glaucous_winged_Gull,59,58,random_erasing,random_erasing,0,"{""area_fraction"":0.137179,""erased"":true,""height"":0.296525,""left"":0.323879,""top"":0.395559,""width"":0.462621}",4.3256149,4.415957,0.090342045,0.013225417,0.012082987,0.71841395,0.60463917,-0.70518853,-0.59255619,0.11263235,0.68756792,1.0560329,183.87375,194.17674,False,0.8562417,True,False,False,0.68756792,1.0560329,183.87375,194.17674,0.68272091,1.0610988,180.5605,191.59253,0.84843083,0.90863777,34.74857,31.573863,0.81535346,1.3421512,49.969101,67.066088,0.67116607,1.060279,86.977384,92.220292,0.71867963,0.9922295,94.852338,94.115287,0.62703568,1.0332034,84.246773,87.044056,0.65562459,1.0620899,80.284697,85.269564
experiment_0a_best,file,16,,2718,048.European_Goldfinch/European_Goldfinch_0041_794645.jpg,48,47,048.European_Goldfinch,192,191,identity,identity,0,{},0.00095822185,0.00095822185,0,0.99904221,0.99904221,0.00016883912,0.00016883912,0.99887337,0.99887337,0,1,1,0.13869759,0.13869759,False,1,True,True,True,1,1,0.13869759,0.13869759,1,1,0.13538157,0.13538157,1,1,0.030147128,0.030147128,1,1,0.016340955,0.016340955,1,1,0.048463313,0.048463313,1,1,0.060142055,0.060142055,1,1,0.06354804,0.06354804,1,1,0.089760966,0.089760966
experiment_0a_best,file,16,,2718,048.European_Goldfinch/European_Goldfinch_0041_794645.jpg,48,47,048.European_Goldfinch,192,191,horizontal_flip,horizontal_flip,0,"{""flipped"":true}",0.00095822185,0.0021013578,0.0011431359,0.99904221,0.99790084,0.00016883912,0.00057392457,0.99887337,0.99732692,-0.0015464548,0.68186905,2.0983125,0.13869759,0.29103088,False,0.97934043,True,True,True,0.68186905,2.0983125,0.13869759,0.29103088,0.66699127,2.0948474,0.13538157,0.28360374,0.97228046,2.1670091,0.030147128,0.065329101,0.4872267,2.370402,0.016340955,0.038734633,0.51630236,2.0149118,0.048463313,0.0976493,0.63845891,2.086908,0.060142055,0.12551094,0.57672654,2.1124328,0.06354804,0.13424096,0.7743175,2.1026634,0.089760966,0.1887371
experiment_0a_best,file,16,,2718,048.European_Goldfinch/European_Goldfinch_0041_794645.jpg,48,47,048.European_Goldfinch,192,191,color_jitter,color_jitter,0,"{""brightness"":0.818905,""contrast"":1.34595,""hue"":-0.03487,""saturation"":1.254492}",0.00095822185,0.0055682319,0.0046100101,0.99904221,0.99444723,0.00016883912,0.00040209657,0.99887337,0.99404513,-0.0048282391,0.75211212,4.9808059,0.13869759,0.69082576,False,0.97549653,True,True,True,0.75211212,4.9808059,0.13869759,0.69082576,0.74095733,4.9651886,0.13538157,0.67219505,0.96481442,5.2859118,0.030147128,0.15935506,0.43377427,5.5645394,0.016340955,0.090929888,0.54913074,4.5941541,0.048463313,0.22264793,0.63326084,5.1449457,0.060142055,0.30942761,0.72027945,5.2131493,0.06354804,0.33128542,0.87013164,4.8370447,0.089760966,0.43417781
experiment_0a_best,file,16,,2718,048.European_Goldfinch/European_Goldfinch_0041_794645.jpg,48,47,048.European_Goldfinch,192,191,rotation,rotation,0,"{""angle"":9.044545}",0.00095822185,0.00059848995,-0.0003597319,0.99904221,0.99940169,0.00016883912,8.5280997e-05,0.99887337,0.99931641,0.00044303374,0.72004678,0.59950414,0.13869759,0.083149777,False,0.97392851,True,True,True,0.72004678,0.59950414,0.13869759,0.083149777,0.70677756,0.5972573,0.13538157,0.080857634,0.97042053,0.64314163,0.030147128,0.019388873,0.35303052,0.62285045,0.016340955,0.010177971,0.56091663,0.54860074,0.048463313,0.026587009,0.57342488,0.58363411,0.060142055,0.035100955,0.66078067,0.61414218,0.06354804,0.039027532,0.83905682,0.60737473,0.089760966,0.054518543
experiment_0a_best,file,16,,2718,048.European_Goldfinch/European_Goldfinch_0041_794645.jpg,48,47,048.European_Goldfinch,192,191,random_resized_crop,random_resized_crop,0,"{""area_fraction"":0.643748,""aspect"":1.026977,""fallback"":false,""height"":0.791731,""left"":0.167373,""top"":0.11258,""width"":0.813089}",0.00095822185,0.00040058218,-0.00055763967,0.99904221,0.99959952,0.00016883912,9.6209966e-05,0.99887337,0.99950331,0.00062993258,0.70991805,0.44099798,0.13869759,0.061165355,False,0.97454238,True,True,True,0.70991805,0.44099798,0.13869759,0.061165355,0.69653471,0.44027851,0.13538157,0.059605598,0.97130527,0.4552645,0.030147128,0.013724917,0.45665516,0.51873123,0.016340955,0.0084765637,0.57950259,0.41317894,0.048463313,0.02002402,0.63666061,0.4513111,0.060142055,0.027142777,0.64846637,0.46318852,0.06354804,0.029434723,0.79512186,0.42813937,0.089760966,0.038430203
experiment_0a_best,file,16,,2718,048.European_Goldfinch/European_Goldfinch_0041_794645.jpg,48,47,048.European_Goldfinch,192,191,gaussian_blur,gaussian_blur,0,"{""sigma"":1.089097}",0.00095822185,0.00069963292,-0.00025858893,0.99904221,0.9993006,0.00016883912,0.00022470458,0.99887337,0.99907589,0.00020252068,0.70894564,0.83155991,0.13869759,0.11533535,False,0.97987318,True,True,True,0.70894564,0.83155991,0.13869759,0.11533535,0.69653086,0.83284233,0.13538157,0.11275151,0.96826496,0.80526225,0.030147128,0.024276344,0.46466669,0.88735256,0.016340955,0.014500188,0.63919355,0.85528419,0.048463313,0.041449905,0.66703582,0.99265122,0.060142055,0.059700085,0.6331022,0.86845162,0.06354804,0.055188399,0.79707268,0.71982137,0.089760966,0.064611862
experiment_0a_best,file,16,,2718,048.European_Goldfinch/European_Goldfinch_0041_794645.jpg,48,47,048.European_Goldfinch,192,191,random_erasing,random_erasing,0,"{""area_fraction"":0.114244,""erased"":true,""height"":0.20215,""left"":0.218909,""top"":0.707093,""width"":0.565147}",0.00095822185,0.0009974034,3.9181556e-05,0.99904221,0.99900311,0.00016883912,0.00017603987,0.99887337,0.99882707,-4.63014e-05,0.97750423,1.0951889,0.13869759,0.15190006,False,0.99669862,True,True,True,0.97750423,1.0951889,0.13869759,0.15190006,0.97667982,1.0978632,0.13538157,0.14863044,0.99643704,1.0397922,0.030147128,0.031346747,0.97732181,1.1511387,0.016340955,0.018810706,0.97916048,1.1656443,0.048463313,0.056490983,0.97585665,1.1150303,0.060142055,0.067060216,0.9718825,1.1071365,0.06354804,0.070356356,0.9799477,1.0626876,0.089760966,0.095387868
experiment_0a_best,file,16,,415,008.Rhinoceros_Auklet/Rhinoceros_Auklet_0010_797545.jpg,8,7,008.Rhinoceros_Auklet,58,57,identity,identity,0,{},0.1228253,0.1228253,0,0.88441813,0.88441813,0.023688391,0.023688391,0.86072974,0.86072974,0,1,1,16.874467,16.874467,False,1.0000001,True,True,True,1,1,16.874467,16.874467,1,1,16.559603,16.559603,1,1,3.244563,3.244563,1,1,3.5943544,3.5943544,1,1,7.7785869,7.7785869,1,1,8.4965953,8.4965953,1,1,8.1149456,8.1149456,1,1,7.9215012,7.9215012
experiment_0a_best,file,16,,415,008.Rhinoceros_Auklet/Rhinoceros_Auklet_0010_797545.jpg,8,7,008.Rhinoceros_Auklet,58,57,horizontal_flip,horizontal_flip,0,"{""flipped"":true}",0.1228253,0.13936348,0.01653818,0.88441813,0.86991179,0.023688391,0.030395379,0.86072974,0.83951641,-0.021213328,0.67898454,1.2755984,16.874467,21.525043,False,0.92998397,True,True,True,0.67898454,1.2755984,16.874467,21.525043,0.67083879,1.2796689,16.559603,21.19081,0.91506,1.1645642,3.244563,3.7785019,0.71312769,1.6481221,3.5943544,5.9239347,0.73214832,1.4089065,7.7785869,10.959302,0.68406481,1.2672702,8.4965953,10.767482,0.58535774,1.1622338,8.1149456,9.431464,0.67487097,1.1906654,7.9215012,9.4318571
experiment_0a_best,file,16,,415,008.Rhinoceros_Auklet/Rhinoceros_Auklet_0010_797545.jpg,8,7,008.Rhinoceros_Auklet,58,57,color_jitter,color_jitter,0,"{""brightness"":0.910831,""contrast"":1.366581,""hue"":-0.07527,""saturation"":1.292852}",0.1228253,3.9332576,3.8104323,0.88441813,0.019579787,0.023688391,0.2598373,0.86072974,-0.24025751,-1.1009873,0.6415951,7.4902509,16.874467,126.39399,False,0.82743263,False,True,False,0.6415951,7.4902509,16.874467,126.39399,0.63494126,7.4611064,16.559603,123.55296,0.80189028,8.2130763,3.244563,26.647844,0.58509033,6.6652245,3.5943544,23.957179,0.60514292,6.520415,7.7785869,50.719614,0.6807069,7.2567256,8.4965953,61.657461,0.63053128,7.7296769,8.1149456,62.725908,0.63383387,8.3572748,7.9215012,66.202162
experiment_0a_best,file,16,,415,008.Rhinoceros_Auklet/Rhinoceros_Auklet_0010_797545.jpg,8,7,008.Rhinoceros_Auklet,58,57,rotation,rotation,0,"{""angle"":2.547446}",0.1228253,0.38104424,0.25821894,0.88441813,0.68314767,0.023688391,0.014920985,0.86072974,0.66822668,-0.19250306,0.80194375,3.0896155,16.874467,52.135615,False,0.95417279,True,True,True,0.80194375,3.0896155,16.874467,52.135615,0.79807485,3.1026693,16.559603,51.378973,0.92302436,2.7276575,3.244563,8.8500567,0.8967784,3.9795167,3.5943544,14.303793,0.81971795,3.3048893,7.7785869,25.707369,0.77683763,2.9151298,8.4965953,24.768678,0.77784511,3.0592547,8.1149456,24.825685,0.80499473,2.9457996,7.9215012,23.335155
experiment_0a_best,file,16,,415,008.Rhinoceros_Auklet/Rhinoceros_Auklet_0010_797545.jpg,8,7,008.Rhinoceros_Auklet,58,57,random_resized_crop,random_resized_crop,0,"{""area_fraction"":0.514534,""aspect"":0.971506,""fallback"":false,""height"":0.727753,""left"":0.181892,""top"":0.120986,""width"":0.707017}",0.1228253,0.45919049,0.33636519,0.88441813,0.63179487,0.023688391,0.0073947608,0.86072974,0.62440011,-0.23632963,0.64810178,3.5291535,16.874467,59.552584,False,0.93609476,True,True,True,0.64810178,3.5291535,16.874467,59.552584,0.63927853,3.5402872,16.559603,58.62575,0.903072,3.2256235,3.244563,10.465739,0.59814816,4.6135668,3.5943544,16.582794,0.66874629,3.706489,7.7785869,28.831246,0.59537987,3.2888673,8.4965953,27.944175,0.60253402,3.499327,8.1149456,28.396849,0.71661461,3.4421542,7.9215012,27.267028
experiment_0a_best,file,16,,415,008.Rhinoceros_Auklet/Rhinoceros_Auklet_0010_797545.jpg,8,7,008.Rhinoceros_Auklet,58,57,gaussian_blur,gaussian_blur,0,"{""sigma"":1.96853}",0.1228253,1.3275888,1.2047635,0.88441813,0.26511574,0.023688391,0.0026071244,0.86072974,0.26250861,-0.59822113,0.47844594,9.6508989,16.874467,162.85378,False,0.79904509,True,True,True,0.47844594,9.6508989,16.874467,162.85378,0.47227029,9.7519793,16.559603,161.48891,0.7597019,6.4847261,3.244563,21.040103,0.49176006,11.532358,3.5943544,41.451383,0.53149373,9.6634574,7.7785869,75.168043,0.40182505,11.008405,8.4965953,93.533962,0.45297792,9.5352756,8.1149456,77.378243,0.55095268,7.9582667,7.9215012,63.041419
experiment_0a_best,file,16,,415,008.Rhinoceros_Auklet/Rhinoceros_Auklet_0010_797545.jpg,8,7,008.Rhinoceros_Auklet,58,57,random_erasing,random_erasing,0,"{""area_fraction"":0.13192,""erased"":true,""height"":0.238572,""left"":0.167804,""top"":0.322921,""width"":0.552955}",0.1228253,4.5563583,4.433533,0.88441813,0.010500228,0.023688391,0.0022632873,0.86072974,0.0082369407,-0.8524928,0.62730185,9.0055323,16.874467,151.96356,False,0.77738237,False,True,False,0.62730185,9.0055323,16.874467,151.96356,0.6242232,9.0249048,16.559603,149.44884,0.71374724,8.4853341,3.244563,27.531201,0.78330391,11.294325,3.5943544,40.595806,0.70078249,8.9693102,7.7785869,69.768559,0.65383268,8.4738807,8.4965953,71.999136,0.58580979,9.1498015,8.1149456,74.250141,0.5243408,9.0349575,7.9215012,71.570426
experiment_0a_best,file,16,,9953,170.Mourning_Warbler/Mourning_Warbler_0020_166440.jpg,170,169,170.Mourning_Warbler,160,159,identity,identity,0,{},0.00095333898,0.00095333898,0,0.9990471,0.9990471,0.00037187641,0.00037187641,0.99867522,0.99867522,0,1,1,0.14568961,0.14568961,False,1,True,True,True,1,1,0.14568961,0.14568961,1,1,0.14135381,0.14135381,1,1,0.035278356,0.035278356,1,1,0.026943694,0.026943694,1,1,0.063360225,0.063360225,1,1,0.071029254,0.071029254,1,1,0.067768064,0.067768064,1,1,0.074851538,0.074851538
experiment_0a_best,file,16,,9953,170.Mourning_Warbler/Mourning_Warbler_0020_166440.jpg,170,169,170.Mourning_Warbler,160,159,horizontal_flip,horizontal_flip,0,"{""flipped"":true}",0.00095333898,0.0012011464,0.00024780742,0.9990471,0.99879956,0.00037187641,0.00079823605,0.99867522,0.99800133,-0.00067389774,0.58672049,1.3342097,0.14568961,0.19438048,False,0.96456325,True,True,True,0.58672049,1.3342097,0.14568961,0.19438048,0.56402948,1.3299701,0.14135381,0.18799634,0.93339982,1.4005178,0.035278356,0.049407965,-0.072732154,1.2494272,0.026943694,0.033664185,0.45130917,1.3278238,0.063360225,0.084131216,0.6312238,1.3220048,0.071029254,0.093901018,0.5432559,1.3818769,0.067768064,0.093647119,0.68252773,1.3051691,0.074851538,0.097693912
experiment_0a_best,file,16,,9953,170.Mourning_Warbler/Mourning_Warbler_0020_166440.jpg,170,169,170.Mourning_Warbler,160,159,color_jitter,color_jitter,0,"{""brightness"":1.31575,""contrast"":0.673232,""hue"":0.021052,""saturation"":0.745744}",0.00095333898,0.0014119904,0.0004586514,0.9990471,0.99858898,0.00037187641,0.00074385758,0.99867522,0.99784512,-0.00083010248,0.67728004,1.7009363,0.14568961,0.24780874,False,0.96929157,True,True,True,0.67728004,1.7009363,0.14568961,0.24780874,0.66262927,1.7110648,0.14135381,0.24186552,0.94452571,1.5291707,0.035278356,0.053946629,0.35077105,1.629538,0.026943694,0.043905772,0.6815296,1.9405546,0.063360225,0.12295398,0.58794743,1.7795879,0.071029254,0.1264028,0.65123951,1.6427571,0.067768064,0.11132647,0.78703339,1.5280622,0.074851538,0.1143778
experiment_0a_best,file,16,,9953,170.Mourning_Warbler/Mourning_Warbler_0020_166440.jpg,170,169,170.Mourning_Warbler,160,159,rotation,rotation,0,"{""angle"":14.715056}",0.00095333898,0.00028892158,-0.0006644174,0.9990471,0.9997111,0.00037187641,0.00012050597,0.99867522,0.99959059,0.00091536618,0.73570918,0.2861944,0.14568961,0.041695549,False,0.97695911,True,True,True,0.73570918,0.2861944,0.14568961,0.041695549,0.71943331,0.28392097,0.14135381,0.04013331,0.97224416,0.32049309,0.035278356,0.011306469,0.53731973,0.2379039,0.026943694,0.00641001,0.70097062,0.25637659,0.063360225,0.016244078,0.73439997,0.28782962,0.071029254,0.020444323,0.68274414,0.29325723,0.067768064,0.019873475,0.77099803,0.29657473,0.074851538,0.022199075
experiment_0a_best,file,16,,9953,170.Mourning_Warbler/Mourning_Warbler_0020_166440.jpg,170,169,170.Mourning_Warbler,160,159,random_resized_crop,random_resized_crop,0,"{""area_fraction"":0.678633,""aspect"":1.131904,""fallback"":false,""height"":0.774306,""left"":0.094935,""top"":0.121826,""width"":0.87644}",0.00095333898,0.0039410316,0.0029876927,0.9990471,0.99606675,0.00037187641,0.00081439718,0.99867522,0.99525235,-0.0034228722,0.69838941,5.046011,0.14568961,0.73515135,False,0.96953607,True,True,True,0.69838941,5.046011,0.14568961,0.73515135,0.68783125,5.1116878,0.14135381,0.72255653,0.95140194,3.8408113,0.035278356,0.13549751,0.6670059,6.677397,0.026943694,0.17991374,0.68948369,5.8848657,0.063360225,0.37286641,0.65749282,4.6630295,0.071029254,0.3312115,0.6596212,5.1705989,0.067768064,0.35040148,0.76156119,4.5932654,0.074851538,0.34381298
experiment_0a_best,file,16,,9953,170.Mourning_Warbler/Mourning_Warbler_0020_166440.jpg,170,169,170.Mourning_Warbler,160,159,gaussian_blur,gaussian_blur,0,"{""sigma"":1.614283}",0.00095333898,0.36163878,0.36068545,0.9990471,0.69653392,0.00037187641,0.087428287,0.99867522,0.60910563,-0.38956959,0.47165651,519.21684,0.14568961,75.644497,False,0.85888857,True,True,True,0.47165651,519.21684,0.14568961,75.644497,0.46405507,531.27238,0.14135381,75.097373,0.84855637,257.42538,0.035278356,9.0815442,0.34496483,569.71101,0.026943694,15.350119,0.47674316,636.69797,0.063360225,40.341327,0.47345923,613.3139,0.071029254,43.563228,0.42598145,520.83385,0.067768064,35.295902,0.57396195,336.12819,0.074851538,25.159712
experiment_0a_best,file,16,,9953,170.Mourning_Warbler/Mourning_Warbler_0020_166440.jpg,170,169,170.Mourning_Warbler,160,159,random_erasing,random_erasing,0,"{""area_fraction"":0.158009,""erased"":true,""height"":0.648248,""left"":0.094171,""top"":0.018721,""width"":0.243747}",0.00095333898,0.0010642109,0.00011087192,0.9990471,0.99893636,0.00037187641,0.00038392088,0.99867522,0.99855243,-0.0001227899,0.92661196,1.1592904,0.14568961,0.16889656,False,0.99158472,True,True,True,0.92661196,1.1592904,0.14568961,0.16889656,0.92279366,1.1617122,0.14135381,0.16421244,0.99080682,1.1196927,0.035278356,0.039500916,0.89232552,1.1490424,0.026943694,0.030959446,0.92727367,1.1591526,0.063360225,0.073444169,0.93028941,1.1269044,0.071029254,0.080043178,0.90908196,1.1934444,0.067768064,0.080877415,0.92913635,1.169658,0.074851538,0.087550702
experiment_0a_best,file,16,,2684,047.American_Goldfinch/American_Goldfinch_0045_31974.jpg,47,46,047.American_Goldfinch,177,176,identity,identity,0,{},0.10327765,0.10327765,0,0.90187651,0.90187651,0.024434013,0.024434013,0.8774425,0.8774425,0,1,1,16.890069,16.890069,False,1,True,True,True,1,1,16.890069,16.890069,1,1,16.724992,16.724992,1,1,2.3556481,2.3556481,1,1,4.998474,4.998474,1,1,7.0157761,7.0157761,1,1,8.6766513,8.6766513,1,1,8.2613909,8.2613909,1,1,7.8730329,7.8730329
experiment_0a_best,file,16,,2684,047.American_Goldfinch/American_Goldfinch_0045_31974.jpg,47,46,047.American_Goldfinch,177,176,horizontal_flip,horizontal_flip,0,"{""flipped"":true}",0.10327765,0.086299337,-0.016978309,0.90187651,0.9173196,0.024434013,0.026323192,0.8774425,0.8909964,0.013553908,0.63672974,0.92105326,16.890069,15.556653,False,0.96747202,True,True,True,0.63672974,0.92105326,16.890069,15.556653,0.63009365,0.92026064,16.724992,15.391352,0.95791133,0.960161,2.3556481,2.2618014,0.74435443,0.86641869,4.998474,4.3307713,0.58524939,0.82404594,7.0157761,5.7813218,0.53488112,0.96472046,8.6766513,8.3705431,0.60130925,0.97784769,8.2613909,8.078382,0.78384725,0.89262608,7.8730329,7.0276745
experiment_0a_best,file,16,,2684,047.American_Goldfinch/American_Goldfinch_0045_31974.jpg,47,46,047.American_Goldfinch,177,176,color_jitter,color_jitter,0,"{""brightness"":0.815566,""contrast"":0.739083,""hue"":0.065335,""saturation"":0.701782}",0.10327765,0.57878852,0.47551087,0.90187651,0.56057709,0.024434013,0.0041881287,0.8774425,0.55638897,-0.32105353,0.33313703,5.9718713,16.890069,100.86532,False,0.78161716,True,True,True,0.33313703,5.9718713,16.890069,100.86532,0.32606466,5.9803715,16.724992,100.02167,0.71995182,5.5264661,2.3556481,13.018409,-0.060924313,4.8102177,4.998474,24.043748,0.090337504,6.1692188,7.0157761,43.281858,0.34399615,6.5926635,8.6766513,57.202242,0.41470559,6.0869655,8.2613909,50.286802,0.55328632,5.3165713,7.8730329,41.857541
experiment_0a_best,file,16,,2684,047.American_Goldfinch/American_Goldfinch_0045_31974.jpg,47,46,047.American_Goldfinch,177,176,rotation,rotation,0,"{""angle"":12.746468}",0.10327765,0.022530997,-0.080746649,0.90187651,0.97772092,0.024434013,0.0038573367,0.8774425,0.97386358,0.096421084,0.75851642,0.21351213,16.890069,3.6062346,False,0.95684391,True,True,True,0.75851642,0.21351213,16.890069,3.6062346,0.75427869,0.21295144,16.724992,3.5616111,0.95333627,0.24008542,2.3556481,0.56555674,0.71385255,0.15902226,4.998474,0.79486862,0.68573031,0.20326501,7.0157761,1.4260618,0.73755044,0.22160346,8.6766513,1.922776,0.7563664,0.21636367,8.2613909,1.7874648,0.84462438,0.22462449,7.8730329,1.768476
experiment_0a_best,file,16,,2684,047.American_Goldfinch/American_Goldfinch_0045_31974.jpg,47,46,047.American_Goldfinch,177,176,random_resized_crop,random_resized_crop,0,"{""area_fraction"":0.560008,""aspect"":0.951696,""fallback"":false,""height"":0.767093,""left"":0.01506,""top"":0.078005,""width"":0.730039}",0.10327765,0.039144218,-0.064133428,0.90187651,0.96161205,0.024434013,0.006178645,0.8774425,0.9554334,0.077990905,0.67032777,0.41446717,16.890069,7.0003793,False,0.94220769,True,True,True,0.67032777,0.41446717,16.890069,7.0003793,0.66498679,0.41439491,16.724992,6.9307516,0.93720721,0.41809367,2.3556481,0.98488155,0.70733481,0.41493707,4.998474,2.0740522,0.61815099,0.41250419,7.0157761,2.894037,0.61484853,0.41075334,8.6766513,3.5639635,0.65904743,0.44184669,8.2613909,3.6502682,0.76137973,0.38800966,7.8730329,3.0548128
experiment_0a_best,file,16,,2684,047.American_Goldfinch/American_Goldfinch_0045_31974.jpg,47,46,047.American_Goldfinch,177,176,gaussian_blur,gaussian_blur,0,"{""sigma"":1.931479}",0.10327765,3.974052,3.8707743,0.90187651,0.018797114,0.024434013,0.024597598,0.8774425,-0.0058004837,-0.88324298,0.37964183,11.818241,16.890069,199.61091,False,0.69088566,False,True,False,0.37964183,11.818241,16.890069,199.61091,0.37469116,11.830107,16.724992,197.85844,0.64370353,11.20383,2.3556481,26.39228,0.29097411,9.3710566,4.998474,46.840982,0.24061195,11.267418,7.0157761,79.049685,0.4006233,13.972997,8.6766513,121.23882,0.43318592,12.375747,8.2613909,102.24088,0.4278718,9.4650107,7.8730329,74.518341
experiment_0a_best,file,16,,2684,047.American_Goldfinch/American_Goldfinch_0045_31974.jpg,47,46,047.American_Goldfinch,177,176,random_erasing,random_erasing,0,"{""area_fraction"":0.06963,""erased"":true,""height"":0.337495,""left"":0.537757,""top"":0.576253,""width"":0.206314}",0.10327765,0.082102649,-0.021174997,0.90187651,0.92117739,0.024434013,0.018842073,0.8774425,0.90233531,0.024892818,0.96870511,0.80167218,16.890069,13.540299,False,0.99185085,True,True,True,0.96870511,0.80167218,16.890069,13.540299,0.96825726,0.8016797,16.724992,13.408087,0.99129234,0.80129312,2.3556481,1.8875646,0.99128563,0.78974683,4.998474,3.947529,0.97902573,0.78617223,7.0157761,5.5156083,0.97488661,0.79155298,8.6766513,6.8680292,0.95691207,0.82123597,8.2613909,6.7845514,0.95632273,0.80904119,7.8730329,6.3696079
experiment_0a_best,file,16,,4006,069.Rufous_Hummingbird/Rufous_Hummingbird_0113_59444.jpg,69,68,069.Rufous_Hummingbird,137,136,identity,identity,0,{},0.40662822,0.40662822,0,0.66589171,0.66589171,0.06984742,0.06984742,0.59604429,0.59604429,0,1,1,49.884428,49.884428,False,0.99999994,True,True,True,1,1,49.884428,49.884428,1,1,48.857139,48.857139,1,1,10.07155,10.07155,1,1,12.445917,12.445917,1,1,20.056655,20.056655,1,1,25.04982,25.04982,1,1,24.983779,24.983779,1,1,24.045105,24.045105
experiment_0a_best,file,16,,4006,069.Rufous_Hummingbird/Rufous_Hummingbird_0113_59444.jpg,69,68,069.Rufous_Hummingbird,137,136,horizontal_flip,horizontal_flip,0,"{""flipped"":true}",0.40662822,1.4359229,1.0292946,0.66589171,0.23789571,0.06984742,0.15181386,0.59604429,0.086081848,-0.50996244,0.69231329,2.2731733,49.884428,113.39595,False,0.95508432,True,True,True,0.69231329,2.2731733,49.884428,113.39595,0.6827882,2.2806558,48.857139,111.42632,0.93953903,2.0893729,10.07155,21.043224,0.73585692,1.7933161,12.445917,22.319464,0.67199793,2.3779734,20.056655,47.694193,0.67164433,2.3857973,25.04982,59.763792,0.68115932,2.269544,24.983779,56.701785,0.69990023,2.2226037,24.045105,53.442739
experiment_0a_best,file,16,,4006,069.Rufous_Hummingbird/Rufous_Hummingbird_0113_59444.jpg,69,68,069.Rufous_Hummingbird,137,136,color_jitter,color_jitter,0,"{""brightness"":1.139658,""contrast"":1.321413,""hue"":0.071493,""saturation"":0.965011}",0.40662822,3.1321089,2.7254807,0.66589171,0.043625694,0.06984742,0.13835092,0.59604429,-0.094725225,-0.69076951,0.57157326,2.5683132,49.884428,128.11883,False,0.84241831,False,True,False,0.57157326,2.5683132,49.884428,128.11883,0.55976445,2.5602184,48.857139,125.08494,0.83152724,2.7519374,10.07155,27.716275,0.53812462,2.7121866,12.445917,33.755651,0.54417557,2.6011809,20.056655,52.170989,0.57571155,2.5728758,25.04982,64.450074,0.54267003,2.5619264,24.983779,64.006602,0.57932132,2.4724464,24.045105,59.450233
experiment_0a_best,file,16,,4006,069.Rufous_Hummingbird/Rufous_Hummingbird_0113_59444.jpg,69,68,069.Rufous_Hummingbird,137,136,rotation,rotation,0,"{""angle"":2.115161}",0.40662822,0.70013297,0.29350474,0.66589171,0.4965193,0.06984742,0.090877652,0.59604429,0.40564165,-0.19040264,0.84476279,1.550756,49.884428,77.358574,False,0.98339921,True,True,True,0.84476279,1.550756,49.884428,77.358574,0.83952398,1.5543893,48.857139,75.943016,0.97727934,1.4626513,10.07155,14.731166,0.82411642,1.3424758,12.445917,16.708343,0.84034835,1.5965142,20.056655,32.020735,0.81128665,1.5788405,25.04982,39.54967,0.83184082,1.5550628,24.983779,38.851346,0.88447137,1.5501091,24.045105,37.272537
experiment_0a_best,file,16,,4006,069.Rufous_Hummingbird/Rufous_Hummingbird_0113_59444.jpg,69,68,069.Rufous_Hummingbird,137,136,random_resized_crop,random_resized_crop,0,"{""area_fraction"":0.593303,""aspect"":0.79477,""fallback"":false,""height"":0.864007,""left"":0.06297,""top"":0.036256,""width"":0.686687}",0.40662822,2.0320206,1.6253923,0.66589171,0.13107042,0.06984742,0.079079971,0.59604429,0.051990449,-0.54405384,0.64414391,2.7739292,49.884428,138.37587,False,0.93259841,False,True,False,0.64414391,2.7739292,49.884428,138.37587,0.63373025,2.7805692,48.857139,135.85066,0.90613463,2.6128102,10.07155,26.315048,0.61646598,2.4124964,12.445917,30.025731,0.62849327,2.8271951,20.056655,56.704077,0.61341598,2.8643835,25.04982,71.75229,0.62302233,2.7726325,24.983779,69.270837,0.67796685,2.7560549,24.045105,66.269629
experiment_0a_best,file,16,,4006,069.Rufous_Hummingbird/Rufous_Hummingbird_0113_59444.jpg,69,68,069.Rufous_Hummingbird,137,136,gaussian_blur,gaussian_blur,0,"{""sigma"":1.664398}",0.40662822,1.3281616,0.92153338,0.66589171,0.26496392,0.06984742,0.058476973,0.59604429,0.20648695,-0.38955734,0.53705256,2.3874922,49.884428,119.09868,False,0.85354567,True,True,True,0.53705256,2.3874922,49.884428,119.09868,0.52755585,2.4048451,48.857139,117.49385,0.82716362,1.9347259,10.07155,19.485689,0.50229598,1.7179569,12.445917,21.381549,0.5437466,2.4009238,20.056655,48.154501,0.49338444,2.3943468,25.04982,59.977956,0.50830266,2.5812245,24.983779,64.488741,0.58836207,2.3791479,24.045105,57.206862
experiment_0a_best,file,16,,4006,069.Rufous_Hummingbird/Rufous_Hummingbird_0113_59444.jpg,69,68,069.Rufous_Hummingbird,137,136,random_erasing,random_erasing,0,"{""area_fraction"":0.18774,""erased"":true,""height"":0.237343,""left"":0.084472,""top"":0.716432,""width"":0.79101}",0.40662822,0.76186126,0.35523304,0.66589171,0.46679679,0.06984742,0.22244436,0.59604429,0.24435243,-0.35169186,0.90183626,1.655951,49.884428,82.606167,False,0.98184013,True,True,True,0.90183626,1.655951,49.884428,82.606167,0.89929065,1.6523339,48.857139,80.728308,0.95988386,1.738898,10.07155,17.513399,0.93152867,1.4403641,12.445917,17.926653,0.88289049,1.6736435,20.056655,33.567691,0.91418634,1.6434973,25.04982,41.169312,0.90571071,1.673813,24.983779,41.818172,0.88268958,1.6766066,24.045105,40.314181
experiment_0a_best,file,16,,148,003.Sooty_Albatross/Sooty_Albatross_0017_796349.jpg,3,2,003.Sooty_Albatross,1,0,identity,identity,0,{},1.5084702,1.5084702,0,0.22124818,0.22124818,0.74381483,0.74381483,-0.52256665,-0.52256665,0,1,1,178.53468,178.53468,False,1.0000001,True,False,False,1,1,178.53468,178.53468,1,1,174.76084,174.76084,1,1,36.514127,36.514127,1,1,45.066304,45.066304,1,1,92.588087,92.588087,1,1,87.98794,87.98794,1,1,80.785691,80.785691,1,1,75.296876,75.296876
experiment_0a_best,file,16,,148,003.Sooty_Albatross/Sooty_Albatross_0017_796349.jpg,3,2,003.Sooty_Albatross,1,0,horizontal_flip,horizontal_flip,0,"{""flipped"":true}",1.5084702,1.9827535,0.47428334,0.22124818,0.13768959,0.74381483,0.74398309,-0.52256665,-0.6062935,-0.083726853,0.65273898,1.0245949,178.53468,182.92573,False,0.95481032,True,False,False,0.65273898,1.0245949,178.53468,182.92573,0.64084967,1.0281563,174.76084,179.68146,0.95340644,0.9393246,36.514127,34.298618,0.55859062,0.90600871,45.066304,40.830464,0.53953741,1.0603209,92.588087,98.173082,0.64260034,0.99052077,87.98794,87.153882,0.69449582,1.0678566,80.785691,86.267536,0.76210635,1.0237788,75.296876,77.087347
experiment_0a_best,file,16,,148,003.Sooty_Albatross/Sooty_Albatross_0017_796349.jpg,3,2,003.Sooty_Albatross,1,0,color_jitter,color_jitter,0,"{""brightness"":0.947044,""contrast"":0.906899,""hue"":-0.090348,""saturation"":0.981734}",1.5084702,0.82064104,-0.68782914,0.22124818,0.44014943,0.74381483,0.53305036,-0.52256665,-0.092900932,0.42966571,0.86269627,0.72083723,178.53468,128.69444,False,0.97031271,True,False,False,0.86269627,0.72083723,178.53468,128.69444,0.85801697,0.7209524,174.76084,125.99424,0.97030235,0.71819405,36.514127,26.224229,0.84205585,0.65215292,45.066304,29.390121,0.80752803,0.70936838,92.588087,65.679061,0.87347597,0.74837692,87.98794,65.848143,0.87913229,0.72405881,80.785691,58.493591,0.89444944,0.72005174,75.296876,54.217646
experiment_0a_best,file,16,,148,003.Sooty_Albatross/Sooty_Albatross_0017_796349.jpg,3,2,003.Sooty_Albatross,1,0,rotation,rotation,0,"{""angle"":12.213986}",1.5084702,1.973593,0.46512282,0.22124818,0.13895668,0.74381483,0.25513315,-0.52256665,-0.11617647,0.40639018,0.53946858,0.88636037,178.53468,158.24607,False,0.9037708,True,False,False,0.53946858,0.88636037,178.53468,158.24607,0.53106685,0.8933684,174.76084,156.12581,0.79696016,0.7070581,36.514127,25.817609,0.48417073,1.0702592,45.066304,48.232628,0.6382628,0.76300445,92.588087,70.645122,0.46899921,0.99501037,87.98794,87.548913,0.51380641,0.89979803,80.785691,72.690805,0.54541982,0.85135634,75.296876,64.104472
experiment_0a_best,file,16,,148,003.Sooty_Albatross/Sooty_Albatross_0017_796349.jpg,3,2,003.Sooty_Albatross,1,0,random_resized_crop,random_resized_crop,0,"{""area_fraction"":0.639993,""aspect"":0.822058,""fallback"":false,""height"":0.882341,""left"":0.03916,""top"":0.111601,""width"":0.725335}",1.5084702,2.625344,1.1168739,0.22124818,0.07241483,0.74381483,0.3952713,-0.52256665,-0.32285647,0.19971018,0.55443223,0.77608768,178.53468,138.55857,False,0.88821411,True,False,False,0.55443223,0.77608768,178.53468,138.55857,0.54184124,0.77379378,174.76084,135.22885,0.8254987,0.82689314,36.514127,30.193281,0.38675001,0.76669712,45.066304,34.552205,0.53214497,0.6704623,92.588087,62.076822,0.53693214,0.80343585,87.98794,70.692665,0.56531938,0.81412392,80.785691,65.769563,0.5944127,0.83112188,75.296876,62.580881
experiment_0a_best,file,16,,148,003.Sooty_Albatross/Sooty_Albatross_0017_796349.jpg,3,2,003.Sooty_Albatross,1,0,gaussian_blur,gaussian_blur,0,"{""sigma"":1.27135}",1.5084702,1.5784917,0.07002151,0.22124818,0.20628601,0.74381483,0.24456546,-0.52256665,-0.038279444,0.4842872,0.34194033,0.98469857,178.53468,175.80284,False,0.88170338,True,False,False,0.34194033,0.98469857,178.53468,175.80284,0.32863446,0.99444689,174.76084,173.79037,0.77566458,0.72641617,36.514127,26.524452,0.045851239,1.1834216,45.066304,53.332435,0.37195063,0.78861083,92.588087,73.015969,0.30529092,1.1977455,87.98794,105.38716,0.35168666,1.0379057,80.785691,83.847928,0.45636425,0.82837096,75.296876,62.373745
experiment_0a_best,file,16,,148,003.Sooty_Albatross/Sooty_Albatross_0017_796349.jpg,3,2,003.Sooty_Albatross,1,0,random_erasing,random_erasing,0,"{""area_fraction"":0.126093,""erased"":true,""height"":0.463941,""left"":0.2715,""top"":0.213429,""width"":0.271786}",1.5084702,1.1204023,-0.38806784,0.22124818,0.32614854,0.74381483,0.29416555,-0.52256665,0.031982988,0.55454963,0.65911138,0.56084983,178.53468,100.13115,False,0.91264749,False,False,True,0.65911138,0.56084983,178.53468,100.13115,0.65029996,0.55957434,174.76084,97.79168,0.85161322,0.58931205,36.514127,21.518215,0.65847076,0.58177101,45.066304,26.218269,0.69512166,0.48383346,92.588087,44.797214,0.65703421,0.55632675,87.98794,48.950044,0.60609951,0.56431542,80.785691,45.588611,0.6487754,0.64988904,75.296876,48.934614
experiment_0a_best,file,16,,1017,019.Gray_Catbird/Gray_Catbird_0080_20139.jpg,19,18,019.Gray_Catbird,193,192,identity,identity,0,{},1.81584,1.81584,0,0.16270119,0.16270119,0.10129633,0.10129633,0.061404862,0.061404862,0,1,1,128.45112,128.45112,False,1.0000001,True,True,True,1,1,128.45112,128.45112,1,1,126.9502,126.9502,1,1,19.579003,19.579003,1,1,38.027999,38.027999,1,1,61.364076,61.364076,1,1,63.975348,63.975348,1,1,60.503525,60.503525,1,1,56.135134,56.135134
experiment_0a_best,file,16,,1017,019.Gray_Catbird/Gray_Catbird_0080_20139.jpg,19,18,019.Gray_Catbird,193,192,horizontal_flip,horizontal_flip,0,"{""flipped"":true}",1.81584,2.9490476,1.1332076,0.16270119,0.052389584,0.10129633,0.23475522,0.061404862,-0.18236563,-0.2437705,0.63035046,1.0124878,128.45112,130.0552,False,0.95127863,False,True,False,0.63035046,1.0124878,128.45112,130.0552,0.62152815,1.0062039,126.9502,127.73778,0.94359532,1.2483807,19.579003,24.44205,0.47365934,0.74328268,38.027999,28.265553,0.67819061,0.97476535,61.364076,59.815576,0.61461627,1.0306824,63.975348,65.938268,0.58215672,1.0234243,60.503525,61.920778,0.6703217,1.0920613,56.135134,61.303008
experiment_0a_best,file,16,,1017,019.Gray_Catbird/Gray_Catbird_0080_20139.jpg,19,18,019.Gray_Catbird,193,192,color_jitter,color_jitter,0,"{""brightness"":0.930601,""contrast"":0.952959,""hue"":0.083188,""saturation"":0.712696}",1.81584,2.0911283,0.27528834,0.16270119,0.12354767,0.10129633,0.22798386,0.061404862,-0.10443619,-0.16584105,0.86260164,1.1518591,128.45112,147.95759,False,0.96674669,False,True,False,0.86260164,1.1518591,128.45112,147.95759,0.86026457,1.1507012,126.9502,146.08175,0.95758471,1.1995266,19.579003,23.485533,0.82822822,0.95014639,38.027999,36.132166,0.86788159,1.2827654,61.364076,78.715717,0.86510471,1.1585561,63.975348,74.119028,0.85825644,1.1033911,60.503525,66.759053,0.8727543,1.1107493,56.135134,62.352062
experiment_0a_best,file,16,,1017,019.Gray_Catbird/Gray_Catbird_0080_20139.jpg,19,18,019.Gray_Catbird,193,192,rotation,rotation,0,"{""angle"":11.304498}",1.81584,2.8142328,0.99839282,0.16270119,0.059950694,0.10129633,0.035365235,0.061404862,0.024585459,-0.036819402,0.68551207,1.0343155,128.45112,132.85898,False,0.89203358,True,True,True,0.68551207,1.0343155,128.45112,132.85898,0.68019034,1.0300074,126.9502,130.75965,0.88523636,1.2015405,19.579003,23.524965,0.56178774,0.83645342,38.027999,31.80865,0.70971516,1.0318492,61.364076,63.318471,0.69662051,1.023217,63.975348,65.460666,0.66079275,1.0958807,60.503525,66.304647,0.69877133,1.0380719,56.135134,58.272305
experiment_0a_best,file,16,,1017,019.Gray_Catbird/Gray_Catbird_0080_20139.jpg,19,18,019.Gray_Catbird,193,192,random_resized_crop,random_resized_crop,0,"{""area_fraction"":0.827492,""aspect"":0.928084,""fallback"":false,""height"":0.944253,""left"":0.049249,""top"":0.011897,""width"":0.876346}",1.81584,2.5427701,0.72693014,0.16270119,0.078648224,0.10129633,0.036068264,0.061404862,0.04257996,-0.018824901,0.78020767,1.0430002,128.45112,133.97454,False,0.94997162,True,True,True,0.78020767,1.0430002,128.45112,133.97454,0.77633568,1.0432061,126.9502,132.43522,0.94442351,1.0343048,19.579003,20.250656,0.79804622,1.0483214,38.027999,39.865567,0.80093253,1.1438384,61.364076,70.190589,0.77258333,0.99796378,63.975348,63.84508,0.74598657,0.99594307,60.503525,60.258066,0.77875975,1.0258042,56.135134,57.583656
experiment_0a_best,file,16,,1017,019.Gray_Catbird/Gray_Catbird_0080_20139.jpg,19,18,019.Gray_Catbird,193,192,gaussian_blur,gaussian_blur,0,"{""sigma"":1.919027}",1.81584,3.7446105,1.9287705,0.16270119,0.023644837,0.10129633,0.057976101,0.061404862,-0.034331264,-0.095736125,0.39663969,1.1588984,128.45112,148.8618,False,0.8078292,False,True,False,0.39663969,1.1588984,128.45112,148.8618,0.38709994,1.1592367,126.9502,147.16534,0.80287772,1.1445842,19.579003,22.409816,0.12672496,1.31972,38.027999,50.186312,0.28839402,1.1108829,61.364076,68.168306,0.43301697,1.2623382,63.975348,80.758528,0.42460015,1.0751142,60.503525,65.048199,0.54641797,1.089266,56.135134,61.146093
experiment_0a_best,file,16,,1017,019.Gray_Catbird/Gray_Catbird_0080_20139.jpg,19,18,019.Gray_Catbird,193,192,random_erasing,random_erasing,0,"{""area_fraction"":0.19723,""erased"":true,""height"":0.28908,""left"":0.031042,""top"":0.08304,""width"":0.682269}",1.81584,1.9280047,0.11216474,0.16270119,0.1454381,0.10129633,0.034499392,0.061404862,0.11093871,0.049533851,0.80627076,1.0796224,128.45112,138.6787,False,0.93388498,True,True,True,0.80627076,1.0796224,128.45112,138.6787,0.80353576,1.077612,126.9502,136.80306,0.91518201,1.1609964,19.579003,22.731151,0.80459346,0.94002652,38.027999,35.747328,0.84843307,1.0463537,61.364076,64.208528,0.79937718,1.111319,63.975348,71.097022,0.79207988,1.0895523,60.503525,65.921756,0.77545241,1.1144896,56.135134,62.562021
experiment_0a_best,file,16,,671,013.Bobolink/Bobolink_0101_9811.jpg,13,12,013.Bobolink,128,127,identity,identity,0,{},0.00039557737,0.00039557737,0,0.99960452,0.99960452,0.00010262745,0.00010262745,0.9995019,0.9995019,0,1,1,0.056421118,0.056421118,False,1,True,True,True,1,1,0.056421118,0.056421118,1,1,0.054406763,0.054406763,1,1,0.01494144,0.01494144,1,1,0.013910053,0.013910053,1,1,0.020900346,0.020900346,1,1,0.024500718,0.024500718,1,1,0.02763224,0.02763224,1,1,0.031079833,0.031079833
experiment_0a_best,file,16,,671,013.Bobolink/Bobolink_0101_9811.jpg,13,12,013.Bobolink,128,127,horizontal_flip,horizontal_flip,0,"{""flipped"":true}",0.00039557737,0.0035801143,0.003184537,0.99960452,0.99642628,0.00010262745,0.00032728814,0.9995019,0.996099,-0.0034028996,0.55254633,9.8529774,0.056421118,0.555916,False,0.96845043,True,True,True,0.55254633,9.8529774,0.056421118,0.555916,0.52960901,9.9825534,0.054406763,0.54311842,0.94879273,7.9373783,0.01494144,0.11859586,0.37071751,10.755745,0.013910053,0.14961299,0.4406787,11.212046,0.020900346,0.23433563,0.48147523,10.455658,0.024500718,0.25617113,0.46496286,9.3817224,0.02763224,0.259238,0.70329135,9.3724551,0.031079833,0.29129434
experiment_0a_best,file,16,,671,013.Bobolink/Bobolink_0101_9811.jpg,13,12,013.Bobolink,128,127,color_jitter,color_jitter,0,"{""brightness"":0.73685,""contrast"":0.984564,""hue"":-0.03688,""saturation"":1.325199}",0.00039557737,0.0044507729,0.0040551955,0.99960452,0.9955591,0.00010262745,0.00059525832,0.9995019,0.99496384,-0.0045380577,0.76445156,13.337324,0.056421118,0.75250674,False,0.97673911,True,True,True,0.76445156,13.337324,0.056421118,0.75250674,0.75537717,13.550328,0.054406763,0.73722948,0.95743823,10.096829,0.01494144,0.15086116,0.6099401,14.580597,0.013910053,0.20281687,0.67222101,16.264246,0.020900346,0.33992836,0.75991065,14.685245,0.024500718,0.35979904,0.78261582,12.95889,0.02763224,0.35808316,0.83796259,11.562608,0.031079833,0.35936392
experiment_0a_best,file,16,,671,013.Bobolink/Bobolink_0101_9811.jpg,13,12,013.Bobolink,128,127,rotation,rotation,0,"{""angle"":14.933811}",0.00039557737,0.011657805,0.011262228,0.99960452,0.98840988,0.00010262745,0.00071042433,0.9995019,0.98769945,-0.011802443,0.65777355,31.044304,0.056421118,1.7515543,False,0.94605893,True,True,True,0.65777355,31.044304,0.056421118,1.7515543,0.64549201,31.579626,0.054406763,1.7181452,0.91692121,22.786931,0.01494144,0.34046957,0.62595687,36.635296,0.013910053,0.5095989,0.60338977,34.006824,0.020900346,0.71075437,0.59348519,32.613264,0.024500718,0.79904838,0.63191921,32.605891,0.02763224,0.90097379,0.73418329,27.620649,0.031079833,0.85844516
experiment_0a_best,file,16,,671,013.Bobolink/Bobolink_0101_9811.jpg,13,12,013.Bobolink,128,127,random_resized_crop,random_resized_crop,0,"{""area_fraction"":0.531928,""aspect"":0.926653,""fallback"":false,""height"":0.757649,""left"":0.225693,""top"":0.113861,""width"":0.702078}",0.00039557737,1.0196893,1.0192937,0.99960452,0.36070701,0.00010262745,0.0043147393,0.9995019,0.35639228,-0.64310962,0.42840235,1838.8799,0.056421118,103.75166,False,0.83007431,True,True,True,0.42840235,1838.8799,0.056421118,103.75166,0.41377277,1878.5648,0.054406763,102.20663,0.77624849,1193.8934,0.01494144,17.838487,0.068409168,2494.701,0.013910053,34.701423,0.28794179,2017.3335,0.020900346,42.162968,0.42861157,1966.9304,0.024500718,48.191206,0.46914833,1977.2946,0.02763224,54.637078,0.55409486,1494.2214,0.031079833,46.440152
experiment_0a_best,file,16,,671,013.Bobolink/Bobolink_0101_9811.jpg,13,12,013.Bobolink,128,127,gaussian_blur,gaussian_blur,0,"{""sigma"":1.488436}",0.00039557737,0.0041828766,0.0037872992,0.99960452,0.99582589,0.00010262745,0.00054297363,0.9995019,0.99528291,-0.0042189826,0.43298815,14.605888,0.056421118,0.82408051,False,0.90772182,True,True,True,0.43298815,14.605888,0.056421118,0.82408051,0.41332075,14.850041,0.054406763,0.80794265,0.80973349,10.861597,0.01494144,0.1622879,0.6019952,19.36956,0.013910053,0.26943161,0.28712777,15.05271,0.020900346,0.31460684,0.25512798,16.733663,0.024500718,0.40998675,0.43964204,16.037438,0.02763224,0.44315032,0.57240479,10.992866,0.031079833,0.34165646
experiment_0a_best,file,16,,671,013.Bobolink/Bobolink_0101_9811.jpg,13,12,013.Bobolink,128,127,random_erasing,random_erasing,0,"{""area_fraction"":0.143513,""erased"":true,""height"":0.648322,""left"":0.474126,""top"":0.255888,""width"":0.22136}",0.00039557737,0.00048303857,8.7461201e-05,0.99960452,0.99951708,0.00010262745,0.00023822402,0.9995019,0.99927886,-0.00022303659,0.87175232,1.2156248,0.056421118,0.06858691,False,0.9878788,True,True,True,0.87175232,1.2156248,0.056421118,0.06858691,0.86424164,1.2060519,0.054406763,0.065617378,0.96586685,1.3360871,0.01494144,0.019963066,0.862674,1.1517866,0.013910053,0.016021412,0.79655657,1.231154,0.020900346,0.025731544,0.83071387,1.1768961,0.024500718,0.028834798,0.87347107,1.21695,0.02763224,0.033627053,0.90891308,1.2144245,0.031079833,0.037744111
experiment_0a_best,file,16,,151,003.Sooty_Albatross/Sooty_Albatross_0075_796352.jpg,3,2,003.Sooty_Albatross,9,8,identity,identity,0,{},0.63913864,0.63913864,0,0.5277468,0.5277468,0.3275294,0.3275294,0.2002174,0.2002174,0,1,1,101.37644,101.37644,False,1,True,True,True,1,1,101.37644,101.37644,1,1,99.966567,99.966567,1,1,16.848376,16.848376,1,1,36.672062,36.672062,1,1,50.528386,50.528386,1,1,51.386054,51.386054,1,1,43.815682,43.815682,1,1,39.179281,39.179281
experiment_0a_best,file,16,,151,003.Sooty_Albatross/Sooty_Albatross_0075_796352.jpg,3,2,003.Sooty_Albatross,9,8,horizontal_flip,horizontal_flip,0,"{""flipped"":true}",0.63913864,0.24795544,-0.3911832,0.5277468,0.78039473,0.3275294,0.079902582,0.2002174,0.70049215,0.50027476,0.68924885,0.31816105,101.37644,32.254035,False,0.96340632,True,True,True,0.68924885,0.31816105,101.37644,32.254035,0.68151759,0.31627756,99.966567,31.617182,0.92744239,0.37854204,16.848376,6.3778187,0.6922682,0.27319077,36.672062,10.018469,0.72576521,0.30319921,50.528386,15.320167,0.72304896,0.3060505,51.386054,15.726728,0.58987984,0.31946013,43.815682,13.997363,0.6722002,0.37970542,39.179281,14.876586
experiment_0a_best,file,16,,151,003.Sooty_Albatross/Sooty_Albatross_0075_796352.jpg,3,2,003.Sooty_Albatross,9,8,color_jitter,color_jitter,0,"{""brightness"":1.095277,""contrast"":0.634766,""hue"":0.049161,""saturation"":1.183565}",0.63913864,0.899921,0.26078236,0.5277468,0.40660179,0.3275294,0.0068622604,0.2002174,0.39973953,0.19952213,0.16273302,1.2034918,101.37644,122.00571,False,0.87537497,False,True,False,0.16273302,1.2034918,101.37644,122.00571,0.1492394,1.1987818,99.966567,119.8381,0.58302016,1.35894,16.848376,22.895932,-0.17242343,1.2771849,36.672062,46.837004,0.35804885,1.0160573,50.528386,51.339737,0.19249119,1.236162,51.386054,63.521485,0.054003151,1.2540048,43.815682,54.945076,0.20349963,1.2704945,39.179281,49.777063
experiment_0a_best,file,16,,151,003.Sooty_Albatross/Sooty_Albatross_0075_796352.jpg,3,2,003.Sooty_Albatross,9,8,rotation,rotation,0,"{""angle"":-1.787428}",0.63913864,0.27447906,-0.36465958,0.5277468,0.75996792,0.3275294,0.14890137,0.2002174,0.61106655,0.41084915,0.87895686,0.50134334,101.37644,50.824402,False,0.95515037,True,True,True,0.87895686,0.50134334,101.37644,50.824402,0.87681873,0.50049247,99.966567,50.032514,0.95141961,0.53042834,16.848376,8.9368562,0.88323509,0.48551174,36.672062,17.804717,0.89990606,0.50182189,50.528386,25.35625,0.87870172,0.48423018,51.386054,24.882678,0.847284,0.50325072,43.815682,22.050273,0.87044353,0.53413651,39.179281,20.927085
experiment_0a_best,file,16,,151,003.Sooty_Albatross/Sooty_Albatross_0075_796352.jpg,3,2,003.Sooty_Albatross,9,8,random_resized_crop,random_resized_crop,0,"{""area_fraction"":0.527373,""aspect"":1.089454,""fallback"":false,""height"":0.695752,""left"":0.030697,""top"":0.279284,""width"":0.75799}",0.63913864,0.6443398,0.0052011609,0.5277468,0.52500904,0.3275294,0.013992925,0.2002174,0.51101611,0.31079871,0.44903468,0.79802591,101.37644,80.901025,False,0.91571289,True,True,True,0.44903468,0.79802591,101.37644,80.901025,0.44013504,0.7920681,99.966567,79.180328,0.71130377,0.98506394,16.848376,16.596728,0.58542096,0.7893037,36.672062,28.945395,0.37056898,0.65098193,50.528386,32.893066,0.43744778,0.76946583,51.386054,39.539813,0.38401331,0.85424716,43.815682,37.429422,0.49917723,0.95000834,39.179281,37.220644
experiment_0a_best,file,16,,151,003.Sooty_Albatross/Sooty_Albatross_0075_796352.jpg,3,2,003.Sooty_Albatross,9,8,gaussian_blur,gaussian_blur,0,"{""sigma"":1.704735}",0.63913864,5.2858248,4.6466861,0.5277468,0.0050628548,0.3275294,0.0085520549,0.2002174,-0.0034892,-0.2037066,0.3304079,1.9237632,101.37644,195.02426,False,0.75947595,False,True,False,0.3304079,1.9237632,101.37644,195.02426,0.32492093,1.9261427,99.966567,192.54987,0.53318461,1.8380311,16.848376,30.967839,-0.11933209,1.9869489,36.672062,72.865515,0.42573223,1.5936827,50.528386,80.526216,0.39390378,1.7326246,51.386054,89.03274,0.36159218,2.1998,43.815682,96.385737,0.42964774,2.2921017,39.179281,89.802896
experiment_0a_best,file,16,,151,003.Sooty_Albatross/Sooty_Albatross_0075_796352.jpg,3,2,003.Sooty_Albatross,9,8,random_erasing,random_erasing,0,"{""area_fraction"":0.114767,""erased"":true,""height"":0.361091,""left"":0.056065,""top"":0.578417,""width"":0.317834}",0.63913864,1.346034,0.70689541,0.5277468,0.26027045,0.3275294,0.63377166,0.2002174,-0.37350121,-0.57371861,0.89329008,1.3412456,101.37644,135.9707,False,0.96810818,False,True,False,0.89329008,1.3412456,101.37644,135.9707,0.89165529,1.3312501,99.966567,133.0805,0.96010698,1.6550972,16.848376,27.8857,0.93183074,1.344621,36.672062,49.310025,0.92277178,1.2704111,50.528386,64.191823,0.90645447,1.250205,51.386054,64.243104,0.85257035,1.3395212,43.815682,58.692035,0.85209801,1.5285303,39.179281,59.88672
experiment_0a_best,file,16,,4617,080.Green_Kingfisher/Green_Kingfisher_0010_71191.jpg,80,79,080.Green_Kingfisher,82,81,identity,identity,0,{},1.1875017,1.1875017,0,0.30498224,0.30498224,0.26861501,0.26861501,0.036367238,0.036367238,0,1,1,93.159552,93.159552,False,1,True,True,True,1,1,93.159552,93.159552,1,1,91.021525,91.021525,1,1,19.843994,19.843994,1,1,30.956485,30.956485,1,1,40.401293,40.401293,1,1,44.022714,44.022714,1,1,43.021633,43.021633,1,1,43.651912,43.651912
experiment_0a_best,file,16,,4617,080.Green_Kingfisher/Green_Kingfisher_0010_71191.jpg,80,79,080.Green_Kingfisher,82,81,horizontal_flip,horizontal_flip,0,"{""flipped"":true}",1.1875017,2.4501581,1.2626565,0.30498224,0.086279944,0.26861501,0.10139307,0.036367238,-0.015113123,-0.05148036,0.57520059,1.3982361,93.159552,130.25904,False,0.96136904,False,True,False,0.57520059,1.3982361,93.159552,130.25904,0.55821314,1.3957288,91.021525,127.04137,0.91962946,1.4499814,19.843994,28.773423,0.6418973,1.1925235,30.956485,36.916336,0.49974638,1.3078824,40.401293,52.84014,0.51513255,1.4896405,44.022714,65.578019,0.50616478,1.4469541,43.021633,62.250327,0.67249665,1.4138524,43.651912,61.717361
experiment_0a_best,file,16,,4617,080.Green_Kingfisher/Green_Kingfisher_0010_71191.jpg,80,79,080.Green_Kingfisher,82,81,color_jitter,color_jitter,0,"{""brightness"":1.062039,""contrast"":1.216196,""hue"":0.069247,""saturation"":1.068095}",1.1875017,0.6208005,-0.56670117,0.30498224,0.53751403,0.26861501,0.1986154,0.036367238,0.33889863,0.30253139,0.84440042,0.750636,93.159552,69.928913,False,0.94852293,True,True,True,0.84440042,0.750636,93.159552,69.928913,0.84021863,0.75390957,91.021525,68.621999,0.94676718,0.6781085,19.843994,13.456381,0.90156453,0.78555925,30.956485,24.318153,0.79954524,0.78296275,40.401293,31.632708,0.82775217,0.70776433,44.022714,31.157706,0.84289881,0.78246437,43.021633,33.662895,0.85757454,0.72911865,43.651912,31.827423
experiment_0a_best,file,16,,4617,080.Green_Kingfisher/Green_Kingfisher_0010_71191.jpg,80,79,080.Green_Kingfisher,82,81,rotation,rotation,0,"{""angle"":8.839951}",1.1875017,1.596893,0.40939128,0.30498224,0.20252481,0.26861501,0.10488026,0.036367238,0.097644553,0.061277315,0.72885566,1.13726,93.159552,105.94663,False,0.95443577,False,True,False,0.72885566,1.13726,93.159552,105.94663,0.72089337,1.1391197,91.021525,103.68441,0.9032294,1.097404,19.843994,21.776879,0.89649343,1.0616403,30.956485,32.864653,0.6884835,1.0590534,40.401293,42.787127,0.67311921,1.1294844,44.022714,49.72297,0.70034399,1.2055391,43.021633,51.864261,0.7372134,1.1853591,43.651912,51.74319
experiment_0a_best,file,16,,4617,080.Green_Kingfisher/Green_Kingfisher_0010_71191.jpg,80,79,080.Green_Kingfisher,82,81,random_resized_crop,random_resized_crop,0,"{""area_fraction"":0.86142,""aspect"":1.002778,""fallback"":false,""height"":0.926841,""left"":0.05171,""top"":0.06206,""width"":0.929415}",1.1875017,0.7619651,-0.42553657,0.30498224,0.46674833,0.26861501,0.10638367,0.036367238,0.36036465,0.32399742,0.73498599,0.84516564,93.159552,78.735252,False,0.97207314,True,True,True,0.73498599,0.84516564,93.159552,78.735252,0.72522809,0.84636156,91.021525,77.03712,0.9473511,0.81959992,19.843994,16.264136,0.78826641,0.94190087,30.956485,29.15794,0.6806185,0.90508561,40.401293,36.566629,0.69925177,0.79635001,44.022714,35.057488,0.69834909,0.8362205,43.021633,35.975571,0.79113198,0.80151771,43.651912,34.98778
experiment_0a_best,file,16,,4617,080.Green_Kingfisher/Green_Kingfisher_0010_71191.jpg,80,79,080.Green_Kingfisher,82,81,gaussian_blur,gaussian_blur,0,"{""sigma"":1.424873}",1.1875017,4.1377554,2.9502537,0.30498224,0.015958635,0.26861501,0.01042183,0.036367238,0.0055368049,-0.030830433,0.32003197,1.4371475,93.159552,133.88402,False,0.80890441,False,True,False,0.32003197,1.4371475,93.159552,133.88402,0.30596231,1.4511649,91.021525,132.08725,0.72176584,1.1016278,19.843994,21.860696,0.26433211,1.3926554,30.956485,43.111717,0.25526487,1.3946631,40.401293,56.346194,0.19045185,1.6067959,44.022714,70.735515,0.35393508,1.5085403,43.021633,64.899865,0.47127096,1.2955,43.651912,56.55105
experiment_0a_best,file,16,,4617,080.Green_Kingfisher/Green_Kingfisher_0010_71191.jpg,80,79,080.Green_Kingfisher,82,81,random_erasing,random_erasing,0,"{""area_fraction"":0.150086,""erased"":true,""height"":0.627504,""left"":0.463518,""top"":0.160866,""width"":0.23918}",1.1875017,3.7094035,2.5219018,0.30498224,0.024492132,0.26861501,0.078992113,0.036367238,-0.054499982,-0.090867219,0.39391804,1.6224671,93.159552,151.1483,False,0.87687075,False,True,False,0.39391804,1.6224671,93.159552,151.1483,0.3784866,1.6293027,91.021525,148.30162,0.75541477,1.4713054,19.843994,29.196576,0.11387585,1.1530779,30.956485,35.695237,0.32181027,1.6206117,40.401293,65.474809,0.37092529,1.5315105,44.022714,67.421248,0.43676796,1.8474596,43.021633,79.480728,0.4719713,1.7096343,43.651912,74.628805
experiment_0a_best,file,16,,7287,125.Lincoln_Sparrow/Lincoln_Sparrow_0070_117342.jpg,125,124,125.Lincoln_Sparrow,131,130,identity,identity,0,{},3.4753578,3.4753578,0,0.030950755,0.030950755,0.72089088,0.72089088,-0.68994012,-0.68994012,0,1,1,178.06024,178.06024,False,1,True,False,False,1,1,178.06024,178.06024,1,1,174.7021,174.7021,1,1,34.418338,34.418338,1,1,33.596663,33.596663,1,1,78.504429,78.504429,1,1,108.46341,108.46341,1,1,74.114713,74.114713,1,1,77.277689,77.277689
experiment_0a_best,file,16,,7287,125.Lincoln_Sparrow/Lincoln_Sparrow_0070_117342.jpg,125,124,125.Lincoln_Sparrow,131,130,horizontal_flip,horizontal_flip,0,"{""flipped"":true}",3.4753578,3.7485175,0.27315974,0.030950755,0.023552638,0.72089088,0.63657904,-0.68994012,-0.6130264,0.076913726,0.69542745,1.0152365,178.06024,180.77324,False,0.94941211,True,False,False,0.69542745,1.0152365,178.06024,180.77324,0.6864823,1.0175775,174.7021,177.77294,0.94297011,0.95293945,34.418338,32.798592,0.72440818,1.0246318,33.596663,34.42421,0.62162342,1.0980063,78.504429,86.198361,0.74100241,0.97483844,108.46341,105.73431,0.63987246,1.0298634,74.114713,76.328032,0.69568594,1.0008772,77.277689,77.345475
experiment_0a_best,file,16,,7287,125.Lincoln_Sparrow/Lincoln_Sparrow_0070_117342.jpg,125,124,125.Lincoln_Sparrow,131,130,color_jitter,color_jitter,0,"{""brightness"":0.873213,""contrast"":1.328928,""hue"":-0.034749,""saturation"":0.74505}",3.4753578,1.9865994,-1.4887583,0.030950755,0.13716105,0.72089088,0.53316939,-0.68994012,-0.39600834,0.29393178,0.89730606,0.86104427,178.06024,153.31774,False,0.97507221,True,False,False,0.89730606,0.86104427,178.06024,153.31774,0.89456142,0.86109306,174.7021,150.43477,0.96812789,0.85978618,34.418338,29.592411,0.8383428,0.87595412,33.596663,29.429136,0.84727231,0.89536589,78.504429,70.290188,0.92154549,0.82982969,108.46341,90.006161,0.89346876,0.89312233,74.114713,66.193505,0.90859917,0.85260541,77.277689,65.887376
experiment_0a_best,file,16,,7287,125.Lincoln_Sparrow/Lincoln_Sparrow_0070_117342.jpg,125,124,125.Lincoln_Sparrow,131,130,rotation,rotation,0,"{""angle"":9.795789}",3.4753578,2.0481782,-1.4271796,0.030950755,0.12896967,0.72089088,0.48428872,-0.68994012,-0.35531905,0.33462107,0.76140307,0.76327504,178.06024,135.90893,False,0.92633158,True,False,False,0.76140307,0.76327504,178.06024,135.90893,0.75581033,0.76511851,174.7021,133.66781,0.91752843,0.71414077,34.418338,24.579538,0.83533586,0.81508276,33.596663,27.384061,0.70399047,0.75018693,78.504429,58.892997,0.81129119,0.73574929,108.46341,79.80188,0.7074914,0.81132064,74.114713,60.130796,0.73772463,0.78337306,77.277689,60.53726
experiment_0a_best,file,16,,7287,125.Lincoln_Sparrow/Lincoln_Sparrow_0070_117342.jpg,125,124,125.Lincoln_Sparrow,131,130,random_resized_crop,random_resized_crop,0,"{""area_fraction"":0.86646,""aspect"":0.883916,""fallback"":false,""height"":0.990077,""left"":0.066103,""top"":0.001986,""width"":0.875145}",3.4753578,3.4560308,-0.019326925,0.030950755,0.031554762,0.72089088,0.57702845,-0.68994012,-0.54547369,0.14446643,0.83919544,0.96043573,178.06024,171.01541,False,0.97010088,True,False,False,0.83919544,0.96043573,178.06024,171.01541,0.83476248,0.96272616,174.7021,168.19029,0.96332087,0.89941589,34.418338,30.9564,0.85979934,1.0829904,33.596663,36.384863,0.77572139,1.0457579,78.504429,82.096626,0.87853477,0.93079439,108.46341,100.95714,0.80786574,0.94583631,74.114713,70.100386,0.84294915,0.92574136,77.277689,71.539154
experiment_0a_best,file,16,,7287,125.Lincoln_Sparrow/Lincoln_Sparrow_0070_117342.jpg,125,124,125.Lincoln_Sparrow,131,130,gaussian_blur,gaussian_blur,0,"{""sigma"":1.414862}",3.4753578,4.8660588,1.3907011,0.030950755,0.0077036661,0.72089088,0.064483948,-0.68994012,-0.056780282,0.63315984,0.35401046,1.0522176,178.06024,187.3581,False,0.81557149,False,False,False,0.35401046,1.0522176,178.06024,187.3581,0.34646344,1.0590895,174.7021,185.02517,0.60225913,0.85636014,34.418338,29.474493,0.27255786,1.0753577,33.596663,36.128432,0.28366421,1.2861989,78.504429,100.97231,0.36236604,0.97212242,108.46341,105.43972,0.32730259,1.1038386,74.114713,81.810677,0.45942879,0.90795877,77.277689,70.164956
experiment_0a_best,file,16,,7287,125.Lincoln_Sparrow/Lincoln_Sparrow_0070_117342.jpg,125,124,125.Lincoln_Sparrow,131,130,random_erasing,random_erasing,0,"{""area_fraction"":0.161938,""erased"":true,""height"":0.437037,""left"":0.33048,""top"":0.519677,""width"":0.370536}",3.4753578,4.0092311,0.53387332,0.030950755,0.01814734,0.72089088,0.63963175,-0.68994012,-0.62148441,0.068455717,0.87808953,0.86849758,178.06024,154.64488,False,0.96334869,True,False,False,0.87808953,0.86849758,178.06024,154.64488,0.87473695,0.86515287,174.7021,151.14403,0.96043991,0.95062256,34.418338,32.718849,0.81332925,0.865156,33.596663,29.066355,0.84473028,0.87226733,78.504429,68.476849,0.90586784,0.82917617,108.46341,89.935278,0.86443783,0.87321305,74.114713,64.717934,0.8717285,0.91810999,77.277689,70.949418
experiment_0a_best,file,16,,9512,162.Canada_Warbler/Canada_Warbler_0016_162411.jpg,162,161,162.Canada_Warbler,169,168,identity,identity,0,{},0.34836,0.34836,0,0.7058447,0.7058447,0.27086127,0.27086127,0.43498343,0.43498343,0,1,1,77.350597,77.350597,False,1,True,True,True,1,1,77.350597,77.350597,1,1,76.312437,76.312437,1,1,12.630395,12.630395,1,1,13.410479,13.410479,1,1,30.992424,30.992424,1,1,40.988205,40.988205,1,1,39.785054,39.785054,1,1,37.687308,37.687308
experiment_0a_best,file,16,,9512,162.Canada_Warbler/Canada_Warbler_0016_162411.jpg,162,161,162.Canada_Warbler,169,168,horizontal_flip,horizontal_flip,0,"{""flipped"":true}",0.34836,0.030681951,-0.31767805,0.7058447,0.96978396,0.27086127,0.018361008,0.43498343,0.95142295,0.51643952,0.66091948,0.07589952,77.350597,5.8708732,False,0.96438509,True,True,True,0.66091948,0.07589952,77.350597,5.8708732,0.6526576,0.075750583,76.312437,5.7807116,0.9439786,0.081149621,12.630395,1.0249518,0.35411322,0.066116021,13.410479,0.88664754,0.57490679,0.066799794,30.992424,2.0702875,0.63024218,0.071252191,40.988205,2.9204995,0.6544664,0.077872084,39.785054,3.0981451,0.75295398,0.084812035,37.687308,3.1963373
experiment_0a_best,file,16,,9512,162.Canada_Warbler/Canada_Warbler_0016_162411.jpg,162,161,162.Canada_Warbler,169,168,color_jitter,color_jitter,0,"{""brightness"":0.645379,""contrast"":0.724073,""hue"":0.027977,""saturation"":1.339268}",0.34836,0.14551044,-0.20284957,0.7058447,0.86458087,0.27086127,0.1078155,0.43498343,0.75676537,0.32178193,0.85841689,0.39613754,77.350597,30.641475,False,0.979415,True,True,True,0.85841689,0.39613754,77.350597,30.641475,0.85504026,0.3941832,76.312437,30.08108,0.97407972,0.46185468,12.630395,5.833407,0.7315469,0.52259818,13.410479,7.0082921,0.81170033,0.39254928,30.992424,12.166054,0.88541041,0.37392253,40.988205,15.326413,0.85381606,0.37753253,39.785054,15.020152,0.88011924,0.41721785,37.687308,15.723818
experiment_0a_best,file,16,,9512,162.Canada_Warbler/Canada_Warbler_0016_162411.jpg,162,161,162.Canada_Warbler,169,168,rotation,rotation,0,"{""angle"":-0.364317}",0.34836,0.19958414,-0.14877586,0.7058447,0.81907129,0.27086127,0.17177625,0.43498343,0.64729504,0.21231161,0.95549355,0.60177775,77.350597,46.547868,False,0.99554402,True,True,True,0.95549355,0.60177775,77.350597,46.547868,0.95440813,0.60023927,76.312437,45.805721,0.99537473,0.65547317,12.630395,8.278885,0.92476194,0.55515981,13.410479,7.4449591,0.93435523,0.5976174,30.992424,18.521612,0.95559371,0.58920611,40.988205,24.150501,0.95935069,0.59089569,39.785054,23.508817,0.96585656,0.63002522,37.687308,23.743954
experiment_0a_best,file,16,,9512,162.Canada_Warbler/Canada_Warbler_0016_162411.jpg,162,161,162.Canada_Warbler,169,168,random_resized_crop,random_resized_crop,0,"{""area_fraction"":0.797984,""aspect"":0.855545,""fallback"":false,""height"":0.965774,""left"":0.061251,""top"":0.021549,""width"":0.826263}",0.34836,0.19138925,-0.15697075,0.7058447,0.82581109,0.27086127,0.15699451,0.43498343,0.66881658,0.23383315,0.84401231,0.5397492,77.350597,41.749923,False,0.98472375,True,True,True,0.84401231,0.5397492,77.350597,41.749923,0.84012223,0.53960315,76.312437,41.178431,0.98464235,0.54505391,12.630395,6.8842462,0.74973382,0.49525613,13.410479,6.6416222,0.79796171,0.49975207,30.992424,15.488528,0.82091152,0.52146543,40.988205,21.373932,0.84296482,0.5674461,39.785054,22.575874,0.89780547,0.55982774,37.687308,21.0984
experiment_0a_best,file,16,,9512,162.Canada_Warbler/Canada_Warbler_0016_162411.jpg,162,161,162.Canada_Warbler,169,168,gaussian_blur,gaussian_blur,0,"{""sigma"":1.127503}",0.34836,0.18224093,-0.16611907,0.7058447,0.83340055,0.27086127,0.13514601,0.43498343,0.69825454,0.26327111,0.73478739,0.46213302,77.350597,35.746265,False,0.95781648,True,True,True,0.73478739,0.46213302,77.350597,35.746265,0.72793511,0.45949237,76.312437,35.064982,0.95530857,0.5499181,12.630395,6.9456828,0.43704649,0.45727207,13.410479,6.1322377,0.63952288,0.45415562,30.992424,14.075384,0.74578593,0.46078608,40.988205,18.886794,0.71595769,0.42907509,39.785054,17.070776,0.81253271,0.49335638,37.687308,18.593274
experiment_0a_best,file,16,,9512,162.Canada_Warbler/Canada_Warbler_0016_162411.jpg,162,161,162.Canada_Warbler,169,168,random_erasing,random_erasing,0,"{""area_fraction"":0.153151,""erased"":true,""height"":0.367475,""left"":0.439885,""top"":0.352996,""width"":0.416766}",0.34836,0.45370352,0.10534352,0.7058447,0.63527101,0.27086127,0.0074458499,0.43498343,0.62782516,0.19284173,0.35965068,0.76679958,77.350597,59.312405,False,0.78026313,True,True,True,0.35965068,0.76679958,77.350597,59.312405,0.35303536,0.76150429,76.312437,58.112248,0.56304048,0.93990017,12.630395,11.87131,0.19647425,0.61920999,13.410479,8.3039028,0.32687454,0.75852936,30.992424,23.508664,0.37936012,0.7021302,40.988205,28.779057,0.32191215,0.7761076,39.785054,30.877483,0.39336482,0.82800449,37.687308,31.20526
experiment_0a_best,file,16,,10901,185.Bohemian_Waxwing/Bohemian_Waxwing_0114_177621.jpg,185,184,185.Bohemian_Waxwing,62,61,identity,identity,0,{},0.9361707,0.9361707,0,0.39212656,0.39212656,0.084789008,0.084789008,0.30733755,0.30733755,0,1,1,79.14283,79.14283,False,1,True,True,True,1,1,79.14283,79.14283,1,1,77.285495,77.285495,1,1,17.04523,17.04523,1,1,14.477892,14.477892,1,1,33.516836,33.516836,1,1,38.455084,38.455084,1,1,38.027859,38.027859,1,1,41.414353,41.414353
experiment_0a_best,file,16,,10901,185.Bohemian_Waxwing/Bohemian_Waxwing_0114_177621.jpg,185,184,185.Bohemian_Waxwing,62,61,horizontal_flip,horizontal_flip,0,"{""flipped"":true}",0.9361707,1.6015484,0.66537774,0.39212656,0.20158415,0.084789008,0.10567656,0.30733755,0.095907584,-0.21142997,0.76000038,1.3960878,79.14283,110.49034,False,0.96466112,True,True,True,0.76000038,1.3960878,79.14283,110.49034,0.75050359,1.3983547,77.285495,108.07253,0.9629126,1.348639,17.04523,22.987861,0.71486324,1.6688977,14.477892,24.162121,0.73709526,1.4626233,33.516836,49.022506,0.74939934,1.4066513,38.455084,54.092892,0.73806445,1.386506,38.027859,52.725853,0.78144813,1.3195863,41.414353,54.649812
experiment_0a_best,file,16,,10901,185.Bohemian_Waxwing/Bohemian_Waxwing_0114_177621.jpg,185,184,185.Bohemian_Waxwing,62,61,color_jitter,color_jitter,0,"{""brightness"":1.382393,""contrast"":0.963759,""hue"":-0.041418,""saturation"":1.168358}",0.9361707,1.5787249,0.64255416,0.39212656,0.20623791,0.084789008,0.09001793,0.30733755,0.11621998,-0.19111757,0.78521391,1.3720579,79.14283,108.58854,False,0.93596089,True,True,True,0.78521391,1.3720579,79.14283,108.58854,0.77858078,1.3755108,77.285495,106.30704,0.93083716,1.299038,17.04523,22.142401,0.62132088,2.0864082,14.477892,30.206792,0.75770216,1.2498296,33.516836,41.890335,0.80053501,1.4264226,38.455084,54.853201,0.78795827,1.3533186,38.027859,51.46381,0.81016186,1.3173611,41.414353,54.557659
experiment_0a_best,file,16,,10901,185.Bohemian_Waxwing/Bohemian_Waxwing_0114_177621.jpg,185,184,185.Bohemian_Waxwing,62,61,rotation,rotation,0,"{""angle"":8.008586}",0.9361707,1.3158803,0.3797096,0.39212656,0.2682381,0.084789008,0.10097446,0.30733755,0.16726364,-0.14007391,0.81068208,1.2912714,79.14283,102.19488,False,0.9560138,True,True,True,0.81068208,1.2912714,79.14283,102.19488,0.80364374,1.2898799,77.285495,99.689009,0.9523253,1.3195533,17.04523,22.49209,0.83980466,1.5877395,14.477892,22.987121,0.83932216,1.3188307,33.516836,44.203032,0.80200316,1.3174856,38.455084,50.664018,0.77155576,1.2974942,38.027859,49.340927,0.80835333,1.196204,41.414353,49.540013
experiment_0a_best,file,16,,10901,185.Bohemian_Waxwing/Bohemian_Waxwing_0114_177621.jpg,185,184,185.Bohemian_Waxwing,62,61,random_resized_crop,random_resized_crop,0,"{""area_fraction"":0.770689,""aspect"":1.292915,""fallback"":false,""height"":0.772066,""left"":0.000863,""top"":0.082983,""width"":0.998216}",0.9361707,3.0558622,2.1196915,0.39212656,0.047082111,0.084789008,0.031420704,0.30733755,0.015661407,-0.29167615,0.72512555,1.9597384,79.14283,155.09925,False,0.92699385,False,True,False,0.72512555,1.9597384,79.14283,155.09925,0.71808496,1.9738971,77.285495,152.55362,0.91099887,1.6418192,17.04523,27.985187,0.7926154,2.5153511,14.477892,36.416981,0.70711526,2.328064,33.516836,78.029338,0.73348218,2.0459756,38.455084,78.678162,0.69275741,1.8218139,38.027859,69.279681,0.74574343,1.6846905,41.414353,69.770367
experiment_0a_best,file,16,,10901,185.Bohemian_Waxwing/Bohemian_Waxwing_0114_177621.jpg,185,184,185.Bohemian_Waxwing,62,61,gaussian_blur,gaussian_blur,0,"{""sigma"":1.652549}",0.9361707,0.69069022,-0.24548048,0.39212656,0.50123,0.084789008,0.088569671,0.30733755,0.41266033,0.10532278,0.49249975,0.88093642,79.14283,69.719802,False,0.87128556,True,True,True,0.49249975,0.88093642,79.14283,69.719802,0.47488361,0.88183365,77.285495,68.15295,0.86298931,0.86228391,17.04523,14.697828,0.36480536,1.0480597,14.477892,15.173695,0.41270917,0.82718981,33.516836,27.724785,0.47490691,0.95358595,38.455084,36.670227,0.46461001,0.8704531,38.027859,33.101467,0.5446319,0.8383667,41.414353,34.720414
experiment_0a_best,file,16,,10901,185.Bohemian_Waxwing/Bohemian_Waxwing_0114_177621.jpg,185,184,185.Bohemian_Waxwing,62,61,random_erasing,random_erasing,0,"{""area_fraction"":0.106903,""erased"":true,""height"":0.206392,""left"":0.088282,""top"":0.052968,""width"":0.517959}",0.9361707,1.5288439,0.59267318,0.39212656,0.21678618,0.084789008,0.37196994,0.30733755,-0.15518376,-0.46252131,0.82604065,1.4157224,79.14283,112.04428,False,0.95306158,False,True,False,0.82604065,1.4157224,79.14283,112.04428,0.82204935,1.4145235,77.285495,109.32215,0.90676228,1.4401486,17.04523,24.547664,0.82024242,1.4720842,14.477892,21.312676,0.82545605,1.3889788,33.516836,46.554173,0.83185885,1.4628471,38.455084,56.253907,0.80641002,1.3952449,38.027859,53.058177,0.82509226,1.3975925,41.414353,57.880389
experiment_0a_best,file,16,,3701,064.Ring_billed_Gull/Ring_Billed_Gull_0017_51412.jpg,64,63,064.Ring_billed_Gull,62,61,identity,identity,0,{},1.5810173,1.5810173,0,0.20576568,0.20576568,0.30564773,0.30564773,-0.099882051,-0.099882051,0,1,1,115.55227,115.55227,False,0.99999988,True,False,False,1,1,115.55227,115.55227,1,1,112.68399,112.68399,1,1,25.586029,25.586029,1,1,27.508709,27.508709,1,1,54.62514,54.62514,1,1,61.034915,61.034915,1,1,50.001917,50.001917,1,1,52.264658,52.264658
experiment_0a_best,file,16,,3701,064.Ring_billed_Gull/Ring_Billed_Gull_0017_51412.jpg,64,63,064.Ring_billed_Gull,62,61,horizontal_flip,horizontal_flip,0,"{""flipped"":true}",1.5810173,1.1391503,-0.44186699,0.20576568,0.32009089,0.30564773,0.26683083,-0.099882051,0.053260058,0.15314211,0.71740295,1.0311697,115.55227,119.15399,False,0.96425915,False,False,True,0.71740295,1.0311697,115.55227,119.15399,0.70692735,1.0377995,112.68399,116.94339,0.96134798,0.89289056,25.586029,22.845524,0.1204976,0.98258784,27.508709,27.029723,0.78142819,0.99138084,54.62514,54.154317,0.74408609,1.0884052,61.034915,66.430719,0.67796464,1.1049097,50.001917,55.247604,0.76754854,0.96564336,52.264658,50.46902
experiment_0a_best,file,16,,3701,064.Ring_billed_Gull/Ring_Billed_Gull_0017_51412.jpg,64,63,064.Ring_billed_Gull,62,61,color_jitter,color_jitter,0,"{""brightness"":0.651345,""contrast"":0.634109,""hue"":0.061447,""saturation"":1.15033}",1.5810173,2.4211242,0.84010696,0.20576568,0.088821717,0.30564773,0.38636094,-0.099882051,-0.29753923,-0.19765718,0.70254377,1.3114336,115.55227,151.53913,False,0.90224481,True,False,False,0.70254377,1.3114336,115.55227,151.53913,0.69432172,1.3184854,112.68399,148.5722,0.8879009,1.1662498,25.586029,29.839701,0.39602838,0.9991663,27.508709,27.485775,0.74166773,1.5542685,54.62514,84.902137,0.69492489,1.2682573,61.034915,77.407975,0.66060623,1.2444973,50.001917,62.227248,0.74770397,1.2467033,52.264658,65.158523
experiment_0a_best,file,16,,3701,064.Ring_billed_Gull/Ring_Billed_Gull_0017_51412.jpg,64,63,064.Ring_billed_Gull,62,61,rotation,rotation,0,"{""angle"":1.721667}",1.5810173,2.1923752,0.61135793,0.20576568,0.11165125,0.30564773,0.4824616,-0.099882051,-0.37081035,-0.2709283,0.87784061,1.0919238,115.55227,126.17427,False,0.97257656,True,False,False,0.87784061,1.0919238,115.55227,126.17427,0.87352885,1.0811657,112.68399,121.83006,0.96045118,1.2828689,25.586029,32.823521,0.83782821,0.95378338,27.508709,26.237349,0.88568103,1.078657,54.62514,58.92179,0.88340421,1.0666375,61.034915,65.102128,0.86695343,1.0961108,50.001917,54.807642,0.86465814,1.1222386,52.264658,58.653417
experiment_0a_best,file,16,,3701,064.Ring_billed_Gull/Ring_Billed_Gull_0017_51412.jpg,64,63,064.Ring_billed_Gull,62,61,random_resized_crop,random_resized_crop,0,"{""area_fraction"":0.575818,""aspect"":1.201267,""fallback"":false,""height"":0.692345,""left"":0.013996,""top"":0.140015,""width"":0.831692}",1.5810173,1.4065849,-0.1744324,0.20576568,0.24497849,0.30564773,0.1181834,-0.099882051,0.12679508,0.22667713,0.662807,1.0781766,115.55227,124.58575,False,0.89843994,False,False,True,0.662807,1.0781766,115.55227,124.58575,0.65235445,1.0773072,112.68399,121.39527,0.86237201,1.0949038,25.586029,28.014239,0.79084479,1.7311081,27.508709,47.620548,0.73786511,0.95253789,54.62514,52.032516,0.6624039,0.97290132,61.034915,59.380949,0.55173282,1.0670093,50.001917,53.352512,0.63034254,1.1138731,52.264658,58.216195
experiment_0a_best,file,16,,3701,064.Ring_billed_Gull/Ring_Billed_Gull_0017_51412.jpg,64,63,064.Ring_billed_Gull,62,61,gaussian_blur,gaussian_blur,0,"{""sigma"":1.511648}",1.5810173,3.0194721,1.4384549,0.20576568,0.048826981,0.30564773,0.10505725,-0.099882051,-0.056230273,0.043651778,0.54067919,1.3832472,115.55227,159.83736,False,0.87853014,False,False,False,0.54067919,1.3832472,115.55227,159.83736,0.53046823,1.398365,112.68399,157.57335,0.82684295,1.0477244,25.586029,26.807108,0.65995872,2.2838639,27.508709,62.826146,0.51197223,1.3395073,54.62514,73.170775,0.52737347,1.453328,61.034915,88.703752,0.46116001,1.2696129,50.001917,63.483078,0.60752845,1.1527474,52.264658,60.24795
experiment_0a_best,file,16,,3701,064.Ring_billed_Gull/Ring_Billed_Gull_0017_51412.jpg,64,63,064.Ring_billed_Gull,62,61,random_erasing,random_erasing,0,"{""area_fraction"":0.103147,""erased"":true,""height"":0.212399,""left"":0.257321,""top"":0.710602,""width"":0.485628}",1.5810173,0.59712946,-0.98388779,0.20576568,0.55038929,0.30564773,0.2185505,-0.099882051,0.33183879,0.43172084,0.77428938,0.56075997,115.55227,64.797087,False,0.95712662,False,False,True,0.77428938,0.56075997,115.55227,64.797087,0.76502014,0.55907904,112.68399,62.999258,0.94519159,0.59242116,25.586029,15.157705,0.60262887,0.43250818,27.508709,11.897742,0.78526557,0.52905439,54.62514,28.89967,0.76559894,0.532872,61.034915,32.523797,0.73858359,0.59225287,50.001917,29.613779,0.81232327,0.62216944,52.264658,32.517473
experiment_0a_best,file,16,,4894,084.Red_legged_Kittiwake/Red_Legged_Kittiwake_0021_73808.jpg,84,83,084.Red_legged_Kittiwake,45,44,identity,identity,0,{},0.9223277,0.9223277,0,0.39759251,0.39759251,0.59239274,0.59239274,-0.19480023,-0.19480023,0,1,1,130.10529,130.10529,False,1,True,False,False,1,1,130.10529,130.10529,1,1,127.29665,127.29665,1,1,26.887758,26.887758,1,1,31.936474,31.936474,1,1,59.502198,59.502198,1,1,63.154184,63.154184,1,1,62.193613,62.193613,1,1,61.542582,61.542582
experiment_0a_best,file,16,,4894,084.Red_legged_Kittiwake/Red_Legged_Kittiwake_0021_73808.jpg,84,83,084.Red_legged_Kittiwake,45,44,horizontal_flip,horizontal_flip,0,"{""flipped"":true}",0.9223277,0.15868153,-0.76364617,0.39759251,0.85326809,0.59239274,0.13320373,-0.19480023,0.72006436,0.91486458,0.72231046,0.22418048,130.10529,29.167067,False,0.9753902,False,False,True,0.72231046,0.22418048,130.10529,29.167067,0.71038506,0.22347831,127.29665,28.448039,0.97348311,0.23937939,26.887758,6.4363753,0.8599937,0.19986182,31.936474,6.3828817,0.62704238,0.2471396,59.502198,14.70535,0.70763072,0.21723782,63.154184,13.719477,0.69737589,0.21408501,62.193613,13.31472,0.78224432,0.22207964,61.542582,13.667354
experiment_0a_best,file,16,,4894,084.Red_legged_Kittiwake/Red_Legged_Kittiwake_0021_73808.jpg,84,83,084.Red_legged_Kittiwake,45,44,color_jitter,color_jitter,0,"{""brightness"":1.336386,""contrast"":1.137445,""hue"":-0.02832,""saturation"":1.026694}",0.9223277,0.26131573,-0.66101196,0.39759251,0.77003777,0.59239274,0.21986179,-0.19480023,0.55017598,0.74497621,0.83068866,0.39542966,130.10529,51.447492,False,0.98044813,False,False,True,0.83068866,0.39542966,130.10529,51.447492,0.82472163,0.39683348,127.29665,50.51557,0.98034844,0.36254052,26.887758,9.747902,0.32574337,0.35500215,31.936474,11.337517,0.85124124,0.41664819,59.502198,24.791483,0.81683705,0.3939714,63.154184,24.880942,0.85592615,0.41295095,62.193613,25.682912,0.90272191,0.37407546,61.542582,23.02157
experiment_0a_best,file,16,,4894,084.Red_legged_Kittiwake/Red_Legged_Kittiwake_0021_73808.jpg,84,83,084.Red_legged_Kittiwake,45,44,rotation,rotation,0,"{""angle"":11.523871}",0.9223277,0.35627702,-0.56605068,0.39759251,0.70027858,0.59239274,0.21315846,-0.19480023,0.48712012,0.68192035,0.73904279,0.38503314,130.10529,50.09485,False,0.92966765,False,False,True,0.73904279,0.38503314,130.10529,50.09485,0.73165215,0.38571824,127.29665,49.100638,0.91270958,0.36934392,26.887758,9.9308301,0.83150949,0.38752912,31.936474,12.376313,0.71180211,0.37873911,59.502198,22.53581,0.7467755,0.40600871,63.154184,25.641149,0.70131709,0.37877938,62.193613,23.557658,0.73816896,0.37668223,61.542582,23.181997
experiment_0a_best,file,16,,4894,084.Red_legged_Kittiwake/Red_Legged_Kittiwake_0021_73808.jpg,84,83,084.Red_legged_Kittiwake,45,44,random_resized_crop,random_resized_crop,0,"{""area_fraction"":0.505548,""aspect"":1.300844,""fallback"":false,""height"":0.623403,""left"":0.003506,""top"":0.307641,""width"":0.81095}",0.9223277,0.5788123,-0.3435154,0.39759251,0.56056374,0.59239274,0.42825297,-0.19480023,0.13231078,0.32711101,0.7417875,0.81030278,130.10529,105.42468,False,0.9645279,False,False,True,0.7417875,0.81030278,130.10529,105.42468,0.732192,0.81141872,127.29665,103.29088,0.96453108,0.78487362,26.887758,21.103492,0.85524947,0.78515979,31.936474,25.075235,0.63407296,0.83141392,59.502198,49.470956,0.72221101,0.87346864,63.154184,55.163199,0.73537513,0.77647668,62.193613,48.29189,0.81125872,0.76521471,61.542582,47.093289
experiment_0a_best,file,16,,4894,084.Red_legged_Kittiwake/Red_Legged_Kittiwake_0021_73808.jpg,84,83,084.Red_legged_Kittiwake,45,44,gaussian_blur,gaussian_blur,0,"{""sigma"":1.652632}",0.9223277,3.7452688,2.8229411,0.39759251,0.023629276,0.59239274,0.97330183,-0.19480023,-0.94967255,-0.75487232,0.70928089,1.7837902,130.10529,232.08055,False,0.93076771,True,False,False,0.70928089,1.7837902,130.10529,232.08055,0.69953105,1.7847875,127.29665,227.19746,0.9307918,1.7612888,26.887758,47.357107,0.76932313,1.5326475,31.936474,48.947356,0.65608561,1.9034196,59.502198,113.25765,0.67467773,1.7474479,63.154184,110.35864,0.69774327,1.7153205,62.193613,106.68198,0.75665913,1.8409,61.542582,113.29374
experiment_0a_best,file,16,,4894,084.Red_legged_Kittiwake/Red_Legged_Kittiwake_0021_73808.jpg,84,83,084.Red_legged_Kittiwake,45,44,random_erasing,random_erasing,0,"{""area_fraction"":0.132335,""erased"":true,""height"":0.300599,""left"":0.478366,""top"":0.271429,""width"":0.440238}",0.9223277,1.2486488,0.32632107,0.39759251,0.28689221,0.59239274,0.67095053,-0.19480023,-0.38405833,-0.1892581,0.89571303,1.1388276,130.10529,148.1675,False,0.97156286,True,False,False,0.89571303,1.1388276,130.10529,148.1675,0.89223718,1.1366861,127.29665,144.69632,0.97116033,1.185814,26.887758,31.883881,0.93161865,0.91771161,31.936474,29.308473,0.89855383,1.0381737,59.502198,61.773614,0.88001919,1.1239865,63.154184,70.984453,0.89947917,1.1961226,62.193613,74.391187,0.89465753,1.2256051,61.542582,75.426905
experiment_0a_best,file,16,,7407,127.Savannah_Sparrow/Savannah_Sparrow_0008_118929.jpg,127,126,127.Savannah_Sparrow,123,122,identity,identity,0,{},3.4026289,3.4026289,0,0.033285651,0.033285651,0.38296318,0.38296318,-0.34967753,-0.34967753,0,1,1,214.87269,214.87269,False,1,True,False,False,1,1,214.87269,214.87269,1,1,212.75979,212.75979,1,1,30.059,30.059,1,1,36.776703,36.776703,1,1,86.700046,86.700046,1,1,134.97947,134.97947,1,1,105.67741,105.67741,1,1,83.726528,83.726528
experiment_0a_best,file,16,,7407,127.Savannah_Sparrow/Savannah_Sparrow_0008_118929.jpg,127,126,127.Savannah_Sparrow,123,122,horizontal_flip,horizontal_flip,0,"{""flipped"":true}",3.4026289,3.0079219,-0.39470696,0.033285651,0.04939422,0.38296318,0.53615361,-0.34967753,-0.48675939,-0.13708187,0.70925279,0.92882415,214.87269,199.57894,False,0.94606137,True,False,False,0.70925279,0.92882415,214.87269,199.57894,0.70433155,0.92621934,212.75979,197.06224,0.93206534,1.0510922,30.059,31.59478,0.6857823,0.92309004,36.776703,33.948208,0.59987713,0.89506428,86.700046,77.602114,0.71391065,0.91385969,134.97947,123.3523,0.7097487,0.93698921,105.67741,99.018598,0.7805518,0.97313109,83.726528,81.476887
experiment_0a_best,file,16,,7407,127.Savannah_Sparrow/Savannah_Sparrow_0008_118929.jpg,127,126,127.Savannah_Sparrow,123,122,color_jitter,color_jitter,0,"{""brightness"":1.23541,""contrast"":1.195848,""hue"":0.013625,""saturation"":0.970896}",3.4026289,3.8123763,0.40974736,0.033285651,0.022095613,0.38296318,0.26673064,-0.34967753,-0.24463502,0.10504251,0.85507786,0.97694785,214.87269,209.91941,False,0.96164107,False,False,False,0.85507786,0.97694785,214.87269,209.91941,0.85366631,0.97479728,212.75979,207.39767,0.9232883,1.0792179,30.059,32.440211,0.787008,1.0639792,36.776703,39.129647,0.79557424,0.96254885,86.700046,83.45303,0.87895877,0.94012779,134.97947,126.89796,0.86488979,0.98662844,105.67741,104.26434,0.85185892,1.0373874,83.726528,86.856841
experiment_0a_best,file,16,,7407,127.Savannah_Sparrow/Savannah_Sparrow_0008_118929.jpg,127,126,127.Savannah_Sparrow,123,122,rotation,rotation,0,"{""angle"":-12.382232}",3.4026289,1.2336879,-2.168941,0.033285651,0.29121661,0.38296318,0.024781704,-0.34967753,0.26643491,0.61611244,0.45788274,0.56981572,214.87269,122.43784,False,0.88357824,False,False,False,0.45788274,0.56981572,214.87269,122.43784,0.45041478,0.56587072,212.75979,120.39454,0.75989836,0.74104534,30.059,22.275082,0.35895251,0.56897658,36.776703,20.925082,0.51783397,0.68816488,86.700046,59.663927,0.42119757,0.48526687,134.97947,65.501066,0.42387753,0.55434604,105.67741,58.581856,0.50661288,0.62916808,83.726528,52.678059
experiment_0a_best,file,16,,7407,127.Savannah_Sparrow/Savannah_Sparrow_0008_118929.jpg,127,126,127.Savannah_Sparrow,123,122,random_resized_crop,random_resized_crop,0,"{""area_fraction"":0.704649,""aspect"":1.220701,""fallback"":false,""height"":0.759769,""left"":0.013028,""top"":0.13706,""width"":0.927452}",3.4026289,2.0633893,-1.3392396,0.033285651,0.1270227,0.38296318,0.12555981,-0.34967753,0.0014628917,0.35114042,0.76469424,1.138884,214.87269,244.71508,False,0.93018597,False,False,False,0.76469424,1.138884,214.87269,244.71508,0.76316361,1.1417241,212.75979,242.91299,0.86154707,0.98618378,30.059,29.643698,0.59947804,1.2364333,36.776703,45.47194,0.65526352,1.1154848,86.700046,96.712585,0.81016696,1.1480713,134.97947,154.96606,0.76910245,1.1520286,105.67741,121.7434,0.77934389,1.1172106,83.726528,93.540165
experiment_0a_best,file,16,,7407,127.Savannah_Sparrow/Savannah_Sparrow_0008_118929.jpg,127,126,127.Savannah_Sparrow,123,122,gaussian_blur,gaussian_blur,0,"{""sigma"":1.924856}",3.4026289,5.8205805,2.4179516,0.033285651,0.0029658824,0.38296318,0.053619895,-0.34967753,-0.050654013,0.29902352,0.48118118,0.78292101,214.87269,168.22834,False,0.76155198,False,False,False,0.48118118,0.78292101,214.87269,168.22834,0.47632953,0.78027899,212.75979,166.012,0.69585415,0.90546951,30.059,27.217508,0.14976205,0.7673177,36.776703,28.219415,0.42552393,0.8089855,86.700046,70.13908,0.56767497,0.82640256,134.97947,111.54738,0.38663872,0.6634415,105.67741,70.110782,0.47600816,0.79994051,83.726528,66.976241
experiment_0a_best,file,16,,7407,127.Savannah_Sparrow/Savannah_Sparrow_0008_118929.jpg,127,126,127.Savannah_Sparrow,123,122,random_erasing,random_erasing,0,"{""area_fraction"":0.159387,""erased"":true,""height"":0.354332,""left"":0.085324,""top"":0.106609,""width"":0.449822}",3.4026289,3.3940735,-0.0085554123,0.033285651,0.033571642,0.38296318,0.0065197041,-0.34967753,0.027051938,0.37672947,0.6630572,0.95153465,214.87269,204.45881,False,0.77284986,False,False,False,0.6630572,0.95153465,214.87269,204.45881,0.66252016,0.95209943,212.75979,202.56848,0.69113438,0.92279739,30.059,27.738367,0.68422257,0.9795291,36.776703,36.02385,0.72864856,1.2168093,86.700046,105.49742,0.74274788,0.90162591,134.97947,121.70099,0.5578935,0.86549377,105.67741,91.463144,0.54927385,0.88010377,83.726528,73.688033
experiment_0a_best,file,16,,4422,076.Dark_eyed_Junco/Dark_Eyed_Junco_0089_68498.jpg,76,75,076.Dark_eyed_Junco,39,38,identity,identity,0,{},0.040641237,0.040641237,0,0.96017355,0.96017355,0.0067219539,0.0067219539,0.95345159,0.95345159,0,1,1,7.8842092,7.8842092,False,1,True,True,True,1,1,7.8842092,7.8842092,1,1,7.7967136,7.7967136,1,1,1.171329,1.171329,1,1,1.4124391,1.4124391,1,1,3.3785051,3.3785051,1,1,4.446658,4.446658,1,1,3.9371822,3.9371822,1,1,3.4792659,3.4792659
experiment_0a_best,file,16,,4422,076.Dark_eyed_Junco/Dark_Eyed_Junco_0089_68498.jpg,76,75,076.Dark_eyed_Junco,39,38,horizontal_flip,horizontal_flip,0,"{""flipped"":true}",0.040641237,0.0058073131,-0.034833924,0.96017355,0.99420953,0.0067219539,0.00065142335,0.95345159,0.9935581,0.040106511,0.5456637,0.13129624,7.8842092,1.0351671,False,0.94010985,True,True,True,0.5456637,0.13129624,7.8842092,1.0351671,0.53588975,0.1307494,7.7967136,1.0194156,0.92122864,0.15358286,1.171329,0.17989605,0.60914157,0.13105602,1.4124391,0.18510865,0.35433359,0.12964295,3.3785051,0.43799936,0.57088548,0.13621436,4.446658,0.60569866,0.51731774,0.12051474,3.9371822,0.47448851,0.65508464,0.13514386,3.4792659,0.47020142
experiment_0a_best,file,16,,4422,076.Dark_eyed_Junco/Dark_Eyed_Junco_0089_68498.jpg,76,75,076.Dark_eyed_Junco,39,38,color_jitter,color_jitter,0,"{""brightness"":1.308334,""contrast"":0.773546,""hue"":-0.062052,""saturation"":0.768328}",0.040641237,0.24275616,0.20211492,0.96017355,0.78446275,0.0067219539,0.015772844,0.95345159,0.76868991,-0.18476169,0.83390244,5.3718754,7.8842092,42.352989,False,0.96088231,True,True,True,0.83390244,5.3718754,7.8842092,42.352989,0.8313829,5.3724574,7.7967136,41.887512,0.94609561,5.346025,1.171329,6.2619541,0.57700292,5.8918781,1.4124391,8.3219193,0.83176593,6.022757,3.3785051,20.347915,0.86770107,5.2922835,4.446658,23.532975,0.82266538,5.1742652,3.9371822,20.372025,0.83907664,4.9985051,3.4792659,17.391128
experiment_0a_best,file,16,,4422,076.Dark_eyed_Junco/Dark_Eyed_Junco_0089_68498.jpg,76,75,076.Dark_eyed_Junco,39,38,rotation,rotation,0,"{""angle"":2.069541}",0.040641237,0.060846634,0.020205397,0.96017355,0.94096756,0.0067219539,0.0087856157,0.95345159,0.93218194,-0.021269649,0.88443813,1.5210311,7.8842092,11.992127,False,0.98212004,True,True,True,0.88443813,1.5210311,7.8842092,11.992127,0.88255826,1.5231672,7.7967136,11.875699,0.97557822,1.4231715,1.171329,1.6670021,0.79559158,1.6681969,1.4124391,2.3562267,0.84105567,1.5710695,3.3785051,5.3078664,0.89609773,1.5775451,4.446658,7.0148035,0.88649632,1.4760824,3.9371822,5.8116055,0.91793208,1.4175438,3.4792659,4.9320118
experiment_0a_best,file,16,,4422,076.Dark_eyed_Junco/Dark_Eyed_Junco_0089_68498.jpg,76,75,076.Dark_eyed_Junco,39,38,random_resized_crop,random_resized_crop,0,"{""area_fraction"":0.515387,""aspect"":0.846105,""fallback"":false,""height"":0.780467,""left"":0.030255,""top"":0.109696,""width"":0.660357}",0.040641237,0.12955336,0.088912126,0.96017355,0.87848771,0.0067219539,0.0077858944,0.95345159,0.87070181,-0.082749782,0.6359426,3.0277429,7.8842092,23.871359,False,0.91602272,True,True,True,0.6359426,3.0277429,7.8842092,23.871359,0.63021155,3.0283625,7.7967136,23.611275,0.89227831,3.0001634,1.171329,3.5141784,0.58704808,3.6403581,1.4124391,5.1417843,0.5524067,3.0400193,3.3785051,10.270721,0.66429922,3.158354,4.446658,14.04412,0.6169956,2.9033866,3.9371822,11.431162,0.67854195,2.840312,3.4792659,9.8822004
experiment_0a_best,file,16,,4422,076.Dark_eyed_Junco/Dark_Eyed_Junco_0089_68498.jpg,76,75,076.Dark_eyed_Junco,39,38,gaussian_blur,gaussian_blur,0,"{""sigma"":1.292914}",0.040641237,1.3002057,1.2595645,0.96017355,0.27247575,0.0067219539,0.02116747,0.95345159,0.25130828,-0.70214331,0.62962864,19.010567,7.8842092,149.88329,False,0.91553283,True,True,True,0.62962864,19.010567,7.8842092,149.88329,0.62562269,19.104547,7.7967136,148.95268,0.8947584,14.237047,1.171329,16.676266,0.39671414,23.87808,1.4124391,33.726335,0.52616664,23.849878,3.3785051,80.576932,0.68136637,18.425187,4.446658,81.930506,0.65922102,17.781044,3.9371822,70.007212,0.71251658,15.592671,3.4792659,54.251046
experiment_0a_best,file,16,,4422,076.Dark_eyed_Junco/Dark_Eyed_Junco_0089_68498.jpg,76,75,076.Dark_eyed_Junco,39,38,random_erasing,random_erasing,0,"{""area_fraction"":0.183919,""erased"":true,""height"":0.399791,""left"":0.202709,""top"":0.151197,""width"":0.460038}",0.040641237,3.2761188,3.2354775,0.96017355,0.037774585,0.0067219539,0.036266908,0.95345159,0.0015076771,-0.95194392,0.47560431,18.598592,7.8842092,146.63519,False,0.73343241,False,True,False,0.47560431,18.598592,7.8842092,146.63519,0.46966933,18.518816,7.7967136,144.3859,0.70487197,21.842672,1.171329,25.584955,0.33625076,19.892021,1.4124391,28.096269,0.45382842,19.330994,3.3785051,65.309861,0.49469154,17.494673,4.446658,77.792827,0.45884495,18.112776,3.9371822,71.313299,0.48565541,19.610179,3.4792659,68.229026
experiment_0a_best,file,16,,6208,107.Common_Raven/Common_Raven_0010_101390.jpg,107,106,107.Common_Raven,30,29,identity,identity,0,{},2.4375238,2.4375238,0,0.087376945,0.087376945,0.62493455,0.62493455,-0.53755761,-0.53755761,0,1,1,166.79338,166.79338,False,1,True,False,False,1,1,166.79338,166.79338,1,1,163.01074,163.01074,1,1,35.320417,35.320417,1,1,46.195184,46.195184,1,1,75.407465,75.407465,1,1,86.012244,86.012244,1,1,79.63904,79.63904,1,1,70.793627,70.793627
experiment_0a_best,file,16,,6208,107.Common_Raven/Common_Raven_0010_101390.jpg,107,106,107.Common_Raven,30,29,horizontal_flip,horizontal_flip,0,"{""flipped"":true}",2.4375238,3.3007288,0.86320496,0.087376945,0.03685629,0.62493455,0.68592954,-0.53755761,-0.64907325,-0.11151564,0.62430711,1.0504419,166.79338,175.20675,False,0.97197628,True,False,False,0.62430711,1.0504419,166.79338,175.20675,0.60795586,1.0502852,163.01074,171.20777,0.97144005,1.0537732,35.320417,37.219709,-0.012282186,1.0453938,46.195184,48.292159,0.56859778,0.98974228,75.407465,74.633956,0.66140542,1.0611262,86.012244,91.269848,0.66861453,1.0535467,79.63904,83.903447,0.75151754,1.0977814,70.793627,77.715928
experiment_0a_best,file,16,,6208,107.Common_Raven/Common_Raven_0010_101390.jpg,107,106,107.Common_Raven,30,29,color_jitter,color_jitter,0,"{""brightness"":0.858448,""contrast"":0.727278,""hue"":-0.062678,""saturation"":0.698999}",2.4375238,2.8985476,0.46102381,0.087376945,0.055103194,0.62493455,0.46549949,-0.53755761,-0.4103963,0.12716131,0.80577317,1.0141182,166.79338,169.14821,False,0.95934868,True,False,False,0.80577317,1.0141182,166.79338,169.14821,0.79996408,1.0172226,163.01074,165.81821,0.94094264,0.9455762,35.320417,33.398146,0.67820909,0.92289916,46.195184,42.633497,0.71911716,1.2071162,75.407465,91.025572,0.86387853,1.0225021,86.012244,87.947701,0.8424879,0.91129498,79.63904,72.574657,0.84145442,0.93597529,70.793627,66.261085
experiment_0a_best,file,16,,6208,107.Common_Raven/Common_Raven_0010_101390.jpg,107,106,107.Common_Raven,30,29,rotation,rotation,0,"{""angle"":-12.22189}",2.4375238,4.1104417,1.6729178,0.087376945,0.016400525,0.62493455,0.88844502,-0.53755761,-0.87204449,-0.33448688,0.70716716,0.98855458,166.79338,164.88436,False,0.94654953,True,False,False,0.70716716,0.98855458,166.79338,164.88436,0.69594194,0.98162822,163.01074,160.01594,0.92193283,1.1260129,35.320417,39.771246,0.6496789,0.77308113,46.195184,35.712625,0.66067761,0.93323503,75.407465,70.372888,0.73855784,0.9770708,86.012244,84.040053,0.68534038,1.012073,79.63904,80.60052,0.7106707,1.0774568,70.793627,76.277077
experiment_0a_best,file,16,,6208,107.Common_Raven/Common_Raven_0010_101390.jpg,107,106,107.Common_Raven,30,29,random_resized_crop,random_resized_crop,0,"{""area_fraction"":0.643979,""aspect"":1.025863,""fallback"":false,""height"":0.792302,""left"":0.105886,""top"":0.123365,""width"":0.812794}",2.4375238,2.2440243,-0.19349957,0.087376945,0.10603096,0.62493455,0.58434778,-0.53755761,-0.47831682,0.059240788,0.75365783,1.0723705,166.79338,178.86431,False,0.94078875,True,False,False,0.75365783,1.0723705,166.79338,178.86431,0.74596184,1.0770758,163.01074,175.57493,0.94052335,0.9667235,35.320417,34.145077,0.66533715,1.1675067,46.195184,53.933188,0.73125867,1.0855415,75.407465,81.857931,0.77611516,1.0727444,86.012244,92.269154,0.74537241,1.0698277,79.63904,85.200054,0.75836239,1.0422714,70.793627,73.786176
experiment_0a_best,file,16,,6208,107.Common_Raven/Common_Raven_0010_101390.jpg,107,106,107.Common_Raven,30,29,gaussian_blur,gaussian_blur,0,"{""sigma"":1.810286}",2.4375238,3.8004758,1.362952,0.087376945,0.022360127,0.62493455,0.55951583,-0.53755761,-0.53715571,0.00040190294,0.52804603,0.95736449,166.79338,159.68206,False,0.79908669,True,False,False,0.52804603,0.95736449,166.79338,159.68206,0.51721267,0.96016822,163.01074,156.51773,0.77667121,0.89556266,35.320417,31.631647,0.30128849,1.1134124,46.195184,51.434292,0.4481292,0.9081253,75.407465,68.479427,0.53193714,0.96002878,86.012244,82.57423,0.60209097,0.96967442,79.63904,77.22394,0.57309603,0.93494193,70.793627,66.18793
experiment_0a_best,file,16,,6208,107.Common_Raven/Common_Raven_0010_101390.jpg,107,106,107.Common_Raven,30,29,random_erasing,random_erasing,0,"{""area_fraction"":0.145836,""erased"":true,""height"":0.626816,""left"":0.544325,""top"":0.130116,""width"":0.232662}",2.4375238,1.4626069,-0.97491693,0.087376945,0.23163164,0.62493455,0.39996573,-0.53755761,-0.1683341,0.36922351,0.84652107,0.75366544,166.79338,125.70641,False,0.95036066,True,False,False,0.84652107,0.75366544,166.79338,125.70641,0.84215992,0.75365731,163.01074,122.85424,0.93939141,0.75383848,35.320417,26.62589,0.94467384,0.73976199,46.195184,34.173441,0.87070493,0.78238652,75.407465,58.997784,0.84174811,0.72836256,86.012244,62.648098,0.81786185,0.72563474,79.63904,57.788854,0.80174749,0.79659484,70.793627,56.393838
experiment_0a_best,file,16,,7375,126.Nelson_Sharp_tailed_Sparrow/Nelson_Sharp_Tailed_Sparrow_0017_796910.jpg,126,125,126.Nelson_Sharp_tailed_Sparrow,124,123,identity,identity,0,{},0.49370921,0.49370921,0,0.61035824,0.61035824,0.27346545,0.27346545,0.33689278,0.33689278,0,1,1,110.70043,110.70043,False,1,True,True,True,1,1,110.70043,110.70043,1,1,109.63549,109.63549,1,1,15.318161,15.318161,1,1,23.65566,23.65566,1,1,54.95749,54.95749,1,1,71.356356,71.356356,1,1,44.162908,44.162908,1,1,37.38893,37.38893
experiment_0a_best,file,16,,7375,126.Nelson_Sharp_tailed_Sparrow/Nelson_Sharp_Tailed_Sparrow_0017_796910.jpg,126,125,126.Nelson_Sharp_tailed_Sparrow,124,123,horizontal_flip,horizontal_flip,0,"{""flipped"":true}",0.49370921,0.073434003,-0.4202752,0.61035824,0.92919749,0.27346545,0.037639916,0.33689278,0.89155757,0.55466479,0.66383244,0.13319784,110.70043,14.745059,False,0.94497663,True,True,True,0.66383244,0.13319784,110.70043,14.745059,0.65781849,0.13275821,109.63549,14.555011,0.9365174,0.15404891,15.318161,2.359746,0.72624473,0.11629852,23.65566,2.7511183,0.57317691,0.12744806,54.95749,7.0042254,0.69893827,0.12656676,71.356356,9.031343,0.62170772,0.14318968,44.162908,6.3236727,0.72720108,0.15518729,37.38893,5.8022868
experiment_0a_best,file,16,,7375,126.Nelson_Sharp_tailed_Sparrow/Nelson_Sharp_Tailed_Sparrow_0017_796910.jpg,126,125,126.Nelson_Sharp_tailed_Sparrow,124,123,color_jitter,color_jitter,0,"{""brightness"":0.857761,""contrast"":1.074101,""hue"":-0.062262,""saturation"":0.726541}",0.49370921,2.9089291,2.4152199,0.61035824,0.054534096,0.27346545,0.12850074,0.33689278,-0.073966648,-0.41085943,0.55029011,2.4723137,110.70043,273.6862,False,0.93616509,False,True,False,0.55029011,2.4723137,110.70043,273.6862,0.54703462,2.474156,109.63549,271.2553,0.72438523,2.3760296,15.318161,36.396403,0.63223672,2.36043,23.65566,55.837529,0.5505138,2.3993976,54.95749,131.86487,0.55939078,2.3646411,71.356356,168.73217,0.49344519,2.7494888,44.162908,121.42542,0.55557357,2.6556099,37.38893,99.290412
experiment_0a_best,file,16,,7375,126.Nelson_Sharp_tailed_Sparrow/Nelson_Sharp_Tailed_Sparrow_0017_796910.jpg,126,125,126.Nelson_Sharp_tailed_Sparrow,124,123,rotation,rotation,0,"{""angle"":3.567374}",0.49370921,1.0337954,0.54008615,0.61035824,0.35565457,0.27346545,0.52502269,0.33689278,-0.16936812,-0.5062609,0.90390892,1.4624152,110.70043,161.88999,False,0.9822408,False,True,False,0.90390892,1.4624152,110.70043,161.88999,0.90242523,1.4593927,109.63549,160.00123,0.97706954,1.6096717,15.318161,24.65721,0.89881063,1.4825582,23.65566,35.070893,0.90295523,1.4355547,54.95749,78.894484,0.92520552,1.4228275,71.356356,101.52779,0.85987036,1.5092421,44.162908,66.652521,0.88838222,1.5585381,37.38893,58.272074
experiment_0a_best,file,16,,7375,126.Nelson_Sharp_tailed_Sparrow/Nelson_Sharp_Tailed_Sparrow_0017_796910.jpg,126,125,126.Nelson_Sharp_tailed_Sparrow,124,123,random_resized_crop,random_resized_crop,0,"{""area_fraction"":0.697393,""aspect"":0.813545,""fallback"":false,""height"":0.925866,""left"":0.013797,""top"":0.050183,""width"":0.753234}",0.49370921,1.054915,0.56120574,0.61035824,0.34822202,0.27346545,0.16037032,0.33689278,0.1878517,-0.14904109,0.70474981,1.4788218,110.70043,163.70621,False,0.93791854,True,True,True,0.70474981,1.4788218,110.70043,163.70621,0.702025,1.4801374,109.63549,162.27558,0.85211626,1.4097868,15.318161,21.59534,0.71199156,1.4086686,23.65566,33.322985,0.68033604,1.4057572,54.95749,77.256888,0.73742103,1.3463591,71.356356,96.07128,0.66450445,1.7381104,44.162908,76.760008,0.72065432,1.7193521,37.38893,64.284734
experiment_0a_best,file,16,,7375,126.Nelson_Sharp_tailed_Sparrow/Nelson_Sharp_Tailed_Sparrow_0017_796910.jpg,126,125,126.Nelson_Sharp_tailed_Sparrow,124,123,gaussian_blur,gaussian_blur,0,"{""sigma"":1.812519}",0.49370921,1.8054459,1.3117367,0.61035824,0.16440114,0.27346545,0.5826177,0.33689278,-0.41821656,-0.75510934,0.72217189,1.4928266,110.70043,165.25655,False,0.92168546,False,True,False,0.72217189,1.4928266,110.70043,165.25655,0.71796637,1.4802229,109.63549,162.28495,0.91483666,2.0366728,15.318161,31.198082,0.66207256,1.350116,23.65566,31.937885,0.69188192,1.4095075,54.95749,77.462994,0.74367744,1.2860378,71.356356,91.766972,0.71431262,1.7224884,44.162908,76.070095,0.77056149,1.9115405,37.38893,71.470455
experiment_0a_best,file,16,,7375,126.Nelson_Sharp_tailed_Sparrow/Nelson_Sharp_Tailed_Sparrow_0017_796910.jpg,126,125,126.Nelson_Sharp_tailed_Sparrow,124,123,random_erasing,random_erasing,0,"{""area_fraction"":0.185203,""erased"":true,""height"":0.239459,""left"":0.103605,""top"":0.365566,""width"":0.773424}",0.49370921,0.3702403,-0.12346891,0.61035824,0.69056839,0.27346545,0.1488072,0.33689278,0.54176119,0.20486841,0.51841384,0.45165804,110.70043,49.998741,False,0.92091715,True,True,True,0.51841384,0.45165804,110.70043,49.998741,0.50830034,0.44431928,109.63549,48.71316,0.89640808,0.73540707,15.318161,11.265084,0.56432545,0.36000755,23.65566,8.5162163,0.50300867,0.37833369,54.95749,20.79227,0.4601262,0.38530248,71.356356,27.493781,0.52482968,0.53710864,44.162908,23.720279,0.65454877,0.62700015,37.38893,23.442865
experiment_0a_best,file,16,,3555,062.Herring_Gull/Herring_Gull_0094_47172.jpg,62,61,062.Herring_Gull,64,63,identity,identity,0,{},1.9322438,1.9322438,0,0.1448229,0.1448229,0.61334848,0.61334848,-0.46852559,-0.46852559,0,1,1,156.02026,156.02026,False,1,True,False,False,1,1,156.02026,156.02026,1,1,152.92663,152.92663,1,1,30.915464,30.915464,1,1,37.549575,37.549575,1,1,76.102482,76.102482,1,1,81.469281,81.469281,1,1,66.975157,66.975157,1,1,71.148302,71.148302
experiment_0a_best,file,16,,3555,062.Herring_Gull/Herring_Gull_0094_47172.jpg,62,61,062.Herring_Gull,64,63,horizontal_flip,horizontal_flip,0,"{""flipped"":true}",1.9322438,3.7869823,1.8547385,0.1448229,0.022663889,0.61334848,0.91187388,-0.46852559,-0.88920999,-0.4206844,0.65199285,1.127614,156.02026,175.93062,False,0.95346272,True,False,False,0.65199285,1.127614,156.02026,175.93062,0.63816144,1.1177285,152.92663,170.93045,0.94365995,1.3470831,30.915464,41.645698,0.56360304,0.76799233,37.549575,28.837786,0.68070703,0.98767448,76.102482,75.16448,0.60495589,1.0814835,81.469281,88.107679,0.59697983,1.2288639,66.975157,82.303354,0.70536009,1.2726778,71.148302,90.548867
experiment_0a_best,file,16,,3555,062.Herring_Gull/Herring_Gull_0094_47172.jpg,62,61,062.Herring_Gull,64,63,color_jitter,color_jitter,0,"{""brightness"":1.27949,""contrast"":1.136089,""hue"":-0.021546,""saturation"":1.068807}",1.9322438,1.2414888,-0.69075501,0.1448229,0.28895369,0.61334848,0.19871064,-0.46852559,0.090243056,0.55876864,0.58426153,0.60132429,156.02026,93.81877,False,0.91365874,False,False,True,0.58426153,0.60132429,156.02026,93.81877,0.57232454,0.59007626,152.92663,90.238375,0.82432725,0.83035926,30.915464,25.670942,0.32933883,0.74126521,37.549575,27.834194,0.51221792,0.43115542,76.102482,32.811998,0.61886138,0.52514006,81.469281,42.782783,0.58453306,0.63373133,66.975157,42.444255,0.66935184,0.72485791,71.148302,51.57241
experiment_0a_best,file,16,,3555,062.Herring_Gull/Herring_Gull_0094_47172.jpg,62,61,062.Herring_Gull,64,63,rotation,rotation,0,"{""angle"":-12.56045}",1.9322438,2.8043451,0.87210131,0.1448229,0.060546398,0.61334848,0.51134014,-0.46852559,-0.45079374,0.017731845,0.60046632,0.81502686,156.02026,127.1607,False,0.90680742,True,False,False,0.60046632,0.81502686,156.02026,127.1607,0.58599584,0.80535338,152.92663,123.15998,0.89552491,1.0236268,30.915464,31.645897,0.31971353,0.74192837,37.549575,27.859095,0.48824634,0.63970517,76.102482,48.683151,0.6347317,0.74013034,81.469281,60.297887,0.59688681,0.91322559,66.975157,61.163427,0.68677726,0.95795945,71.148302,68.157188
experiment_0a_best,file,16,,3555,062.Herring_Gull/Herring_Gull_0094_47172.jpg,62,61,062.Herring_Gull,64,63,random_resized_crop,random_resized_crop,0,"{""area_fraction"":0.596905,""aspect"":0.856318,""fallback"":false,""height"":0.834901,""left"":0.094267,""top"":0.112065,""width"":0.714941}",1.9322438,2.4106846,0.47844076,0.1448229,0.089753829,0.61334848,0.18472454,-0.46852559,-0.094970711,0.37355488,0.52457698,0.82256027,156.02026,128.33606,False,0.92378938,False,False,False,0.52457698,0.82256027,156.02026,128.33606,0.51204487,0.81915335,152.92663,125.27036,0.80541035,0.90192271,30.915464,27.883359,0.51624943,0.94142678,37.549575,35.350176,0.59712669,0.83292956,76.102482,63.388007,0.37818168,0.80239737,81.469281,65.370736,0.47672627,0.75195151,66.975157,50.362071,0.61278019,0.84510117,71.148302,60.127514
experiment_0a_best,file,16,,3555,062.Herring_Gull/Herring_Gull_0094_47172.jpg,62,61,062.Herring_Gull,64,63,gaussian_blur,gaussian_blur,0,"{""sigma"":1.21838}",1.9322438,4.8995161,2.9672723,0.1448229,0.0074501876,0.61334848,0.041673817,-0.46852559,-0.034223629,0.43430196,0.44617573,1.419009,156.02026,221.39416,False,0.85438657,False,False,False,0.44617573,1.419009,156.02026,221.39416,0.44200938,1.4339671,152.92663,219.29175,0.62566521,0.98457033,30.915464,30.438449,0.44811304,2.0785276,37.549575,78.047827,0.4561312,1.3403712,76.102482,102.00558,0.43101058,1.3173569,81.469281,107.32412,0.42962831,1.5814124,66.975157,105.91535,0.47086346,1.3226594,71.148302,94.104969
experiment_0a_best,file,16,,3555,062.Herring_Gull/Herring_Gull_0094_47172.jpg,62,61,062.Herring_Gull,64,63,random_erasing,random_erasing,0,"{""area_fraction"":0.19533,""erased"":true,""height"":0.595657,""left"":0.295209,""top"":0.294094,""width"":0.327923}",1.9322438,1.6704783,-0.26176548,0.1448229,0.18815705,0.61334848,0.10650332,-0.46852559,0.081653729,0.55017932,0.56618462,0.76637191,156.02026,119.56954,False,0.8569268,False,False,True,0.56618462,0.76637191,156.02026,119.56954,0.55950553,0.76800621,152.92663,117.4486,0.74014816,0.72523562,30.915464,22.420996,0.76404519,0.72183547,37.549575,27.104616,0.61075634,0.66713936,76.102482,50.770961,0.54131384,0.6831398,81.469281,55.654908,0.51088663,0.83589264,66.975157,55.984041,0.54800077,0.91629892,71.148302,65.193113
experiment_0a_best,file,16,,9793,167.Hooded_Warbler/Hooded_Warbler_0021_165057.jpg,167,166,167.Hooded_Warbler,157,156,identity,identity,0,{},0.50465846,0.50465846,0,0.60371172,0.60371172,0.12901345,0.12901345,0.47469828,0.47469828,0,1,1,64.347624,64.347624,False,1,True,True,True,1,1,64.347624,64.347624,1,1,63.583558,63.583558,1,1,9.8867501,9.8867501,1,1,9.35639,9.35639,1,1,27.194387,27.194387,1,1,35.304317,35.304317,1,1,32.920984,32.920984,1,1,29.759137,29.759137
experiment_0a_best,file,16,,9793,167.Hooded_Warbler/Hooded_Warbler_0021_165057.jpg,167,166,167.Hooded_Warbler,157,156,horizontal_flip,horizontal_flip,0,"{""flipped"":true}",0.50465846,0.51240504,0.0077465773,0.60371172,0.59905308,0.12901345,0.19083533,0.47469828,0.40821776,-0.066480517,0.63367372,1.0707223,64.347624,68.898438,False,0.93716657,True,True,True,0.63367372,1.0707223,64.347624,68.898438,0.62579618,1.0669805,63.583558,67.842417,0.92493391,1.2154357,9.8867501,12.016709,0.57237881,1.1872167,9.35639,11.108063,0.4388852,0.89773215,27.194387,24.413275,0.65427379,1.1067179,35.304317,39.071921,0.64824484,1.1234826,32.920984,36.986153,0.70192188,1.0565529,29.759137,31.442104
experiment_0a_best,file,16,,9793,167.Hooded_Warbler/Hooded_Warbler_0021_165057.jpg,167,166,167.Hooded_Warbler,157,156,color_jitter,color_jitter,0,"{""brightness"":0.737298,""contrast"":0.864036,""hue"":-0.052532,""saturation"":1.073449}",0.50465846,4.8202319,4.3155735,0.60371172,0.0080649173,0.12901345,0.012275602,0.47469828,-0.0042106844,-0.47890896,0.59725255,2.886083,64.347624,185.71258,False,0.79082018,False,True,False,0.59725255,2.886083,64.347624,185.71258,0.59445423,2.8948348,63.583558,184.0639,0.73780302,2.4973782,9.8867501,24.690954,0.30271155,5.1366424,9.35639,48.06043,0.66801521,4.2460169,27.194387,115.46782,0.68613531,2.7208709,35.304317,96.058487,0.6030165,2.1633741,32.920984,71.220402,0.52625025,2.1085304,29.759137,62.748048
experiment_0a_best,file,16,,9793,167.Hooded_Warbler/Hooded_Warbler_0021_165057.jpg,167,166,167.Hooded_Warbler,157,156,rotation,rotation,0,"{""angle"":-2.495267}",0.50465846,0.271346,-0.23331246,0.60371172,0.76235271,0.12901345,0.092298403,0.47469828,0.6700543,0.19535603,0.82247583,0.59161507,64.347624,38.069024,False,0.97275293,True,True,True,0.82247583,0.59161507,64.347624,38.069024,0.81862936,0.58978493,63.583558,37.500624,0.9694935,0.66289869,9.8867501,6.5539137,0.68234639,0.66958236,9.35639,6.2648736,0.70574518,0.51957925,27.194387,14.129639,0.81862185,0.58827294,35.304317,20.768574,0.85171755,0.60615364,32.920984,19.955174,0.87937839,0.61765691,29.759137,18.380937
experiment_0a_best,file,16,,9793,167.Hooded_Warbler/Hooded_Warbler_0021_165057.jpg,167,166,167.Hooded_Warbler,157,156,random_resized_crop,random_resized_crop,0,"{""area_fraction"":0.511067,""aspect"":1.011277,""fallback"":false,""height"":0.710893,""left"":0.089991,""top"":0.019496,""width"":0.718909}",0.50465846,0.56602246,0.061363995,0.60371172,0.5677793,0.12901345,0.039528679,0.47469828,0.52825062,0.053552348,0.61021769,1.3892111,64.347624,89.392433,False,0.89758164,True,True,True,0.61021769,1.3892111,64.347624,89.392433,0.60522614,1.3880543,63.583558,88.257433,0.81008936,1.4362392,9.8867501,14.199738,0.37502964,1.8733062,9.35639,17.527383,0.64869675,1.5215159,27.194387,41.376691,0.63727958,1.3464658,35.304317,47.536055,0.58519532,1.315533,32.920984,43.308642,0.58266078,1.3586719,29.759137,40.432905
experiment_0a_best,file,16,,9793,167.Hooded_Warbler/Hooded_Warbler_0021_165057.jpg,167,166,167.Hooded_Warbler,157,156,gaussian_blur,gaussian_blur,0,"{""sigma"":1.207135}",0.50465846,0.068805009,-0.43585345,0.60371172,0.93350869,0.12901345,0.034740854,0.47469828,0.89876784,0.42406956,0.65538669,0.22191602,64.347624,14.279769,False,0.91933644,True,True,True,0.65538669,0.22191602,64.347624,14.279769,0.64956538,0.22194433,63.583558,14.11201,0.89747846,0.22074173,9.8867501,2.1824183,0.32219276,0.26675597,9.35639,2.4958729,0.59146074,0.27046576,27.194387,7.3551505,0.67962325,0.21942135,35.304317,7.746521,0.66595794,0.21193429,32.920984,6.9770853,0.72350056,0.18445915,29.759137,5.4893452
experiment_0a_best,file,16,,9793,167.Hooded_Warbler/Hooded_Warbler_0021_165057.jpg,167,166,167.Hooded_Warbler,157,156,random_erasing,random_erasing,0,"{""area_fraction"":0.07743,""erased"":true,""height"":0.308277,""left"":0.274719,""top"":0.056398,""width"":0.251171}",0.50465846,0.35924366,-0.1454148,0.60371172,0.69820422,0.12901345,0.098811001,0.47469828,0.59939322,0.12469494,0.91154881,0.76188117,64.347624,49.025243,False,0.98468459,True,True,True,0.91154881,0.76188117,64.347624,49.025243,0.90979913,0.76177959,63.583558,48.436657,0.98352437,0.76607074,9.8867501,7.5739499,0.88395032,0.837185,9.35639,7.8330293,0.85393941,0.68632703,27.194387,18.664243,0.92501645,0.77675167,35.304317,27.422687,0.91801427,0.77174288,32.920984,25.406535,0.92697035,0.78007296,29.759137,23.214298
experiment_0a_best,file,16,,303,006.Least_Auklet/Least_Auklet_0010_795092.jpg,6,5,006.Least_Auklet,7,6,identity,identity,0,{},0.0094084218,0.0094084218,0,0.99063569,0.99063569,0.0092211645,0.0092211645,0.98141453,0.98141453,0,1,1,2.4346693,2.4346693,False,1,True,True,True,1,1,2.4346693,2.4346693,1,1,2.3893846,2.3893846,1,1,0.46739251,0.46739251,1,1,0.58066706,0.58066706,1,1,1.0499307,1.0499307,1,1,1.3351974,1.3351974,1,1,1.0909545,1.0909545,1,1,1.1387258,1.1387258
experiment_0a_best,file,16,,303,006.Least_Auklet/Least_Auklet_0010_795092.jpg,6,5,006.Least_Auklet,7,6,horizontal_flip,horizontal_flip,0,"{""flipped"":true}",0.0094084218,0.0012466286,-0.0081617932,0.99063569,0.99875414,0.0092211645,0.001038908,0.98141453,0.99771524,0.016300707,0.68977831,0.11388976,2.4346693,0.27728392,False,0.97549164,True,True,True,0.68977831,0.11388976,2.4346693,0.27728392,0.6785145,0.11368848,2.3893846,0.2716455,0.97163852,0.11902965,0.46739251,0.055633565,0.723075,0.13557927,0.58066706,0.078726414,0.48546284,0.10865253,1.0499307,0.11407763,0.7106313,0.10408142,1.3351974,0.13896924,0.66254599,0.11845098,1.0909545,0.12922462,0.79872348,0.11966484,1.1387258,0.13626544
experiment_0a_best,file,16,,303,006.Least_Auklet/Least_Auklet_0010_795092.jpg,6,5,006.Least_Auklet,7,6,color_jitter,color_jitter,0,"{""brightness"":0.704103,""contrast"":0.829153,""hue"":-0.013264,""saturation"":1.23284}",0.0094084218,0.030064534,0.020656113,0.99063569,0.97038293,0.0092211645,0.029160099,0.98141453,0.94122283,-0.040191699,0.84218301,2.8030835,2.4346693,6.8245813,False,0.98151374,True,True,True,0.84218301,2.8030835,2.4346693,6.8245813,0.83670737,2.7999931,2.3893846,6.6902605,0.98152295,2.8826725,0.46739251,1.3473396,0.68560368,2.2662216,0.58066706,1.3159202,0.80057453,2.9029567,1.0499307,3.0479033,0.86095845,2.7277566,1.3351974,3.6420936,0.8351921,2.9127644,1.0909545,3.1776934,0.8744178,2.8287097,1.1387258,3.2211246
experiment_0a_best,file,16,,303,006.Least_Auklet/Least_Auklet_0010_795092.jpg,6,5,006.Least_Auklet,7,6,rotation,rotation,0,"{""angle"":6.429863}",0.0094084218,0.022054879,0.012646457,0.99063569,0.97818655,0.0092211645,0.021537339,0.98141453,0.95664921,-0.02476532,0.86752182,2.3701987,2.4346693,5.7706501,False,0.98654246,True,True,True,0.86752182,2.3701987,2.4346693,5.7706501,0.86346519,2.3772826,2.3893846,5.6802426,0.98654795,2.1769076,0.46739251,1.0174703,0.81875251,2.6009895,0.58066706,1.5103089,0.86369798,2.3123131,1.0499307,2.4277685,0.86833122,2.3780434,1.3351974,3.1751574,0.84607943,2.4754426,1.0909545,2.7005952,0.88977455,2.2756796,1.1387258,2.591375
experiment_0a_best,file,16,,303,006.Least_Auklet/Least_Auklet_0010_795092.jpg,6,5,006.Least_Auklet,7,6,random_resized_crop,random_resized_crop,0,"{""area_fraction"":0.677846,""aspect"":0.968416,""fallback"":false,""height"":0.836632,""left"":0.019744,""top"":0.121114,""width"":0.810208}",0.0094084218,0.28711474,0.27770632,0.99063569,0.75042564,0.0092211645,0.24903752,0.98141453,0.50138812,-0.48002641,0.7920205,32.415335,2.4346693,78.920621,False,0.94810683,True,True,True,0.7920205,32.415335,2.4346693,78.920621,0.78676236,32.525851,2.3893846,77.716769,0.94811486,29.380046,0.46739251,13.732013,0.85102714,38.967877,0.58066706,22.627363,0.75435302,34.204509,1.0499307,35.912364,0.81251818,31.034687,1.3351974,41.437435,0.75257735,32.807321,1.0909545,35.791294,0.80131363,30.925252,1.1387258,35.215381
experiment_0a_best,file,16,,303,006.Least_Auklet/Least_Auklet_0010_795092.jpg,6,5,006.Least_Auklet,7,6,gaussian_blur,gaussian_blur,0,"{""sigma"":1.649068}",0.0094084218,0.0076380586,-0.0017703632,0.99063569,0.99239105,0.0092211645,0.0075772768,0.98141453,0.98481377,0.0033992445,0.66392627,0.96183371,2.4346693,2.341747,False,0.95922196,True,True,True,0.66392627,0.96183371,2.4346693,2.341747,0.6531959,0.96349408,2.3893846,2.302158,0.959224,0.91737631,0.46739251,0.42877481,0.63320463,0.85929047,0.58066706,0.49896167,0.52129878,1.1680836,1.0499307,1.2264069,0.6625679,0.89863413,1.3351974,1.199854,0.68003003,0.97213576,1.0909545,1.0605559,0.78859633,0.87044173,1.1387258,0.99119443
experiment_0a_best,file,16,,303,006.Least_Auklet/Least_Auklet_0010_795092.jpg,6,5,006.Least_Auklet,7,6,random_erasing,random_erasing,0,"{""area_fraction"":0.056395,""erased"":true,""height"":0.242631,""left"":0.680695,""top"":0.27176,""width"":0.232429}",0.0094084218,0.001833783,-0.0075746388,0.99063569,0.99816787,0.0092211645,0.0017574172,0.98141453,0.99641046,0.014995927,0.95454796,0.19584547,2.4346693,0.47681896,False,0.99277389,True,True,True,0.95454796,0.19584547,2.4346693,0.47681896,0.95306605,0.19568136,2.3893846,0.46755805,0.99265143,0.20008653,0.46739251,0.093518947,0.95459353,0.21926475,0.58066706,0.12731982,0.94898684,0.19427871,1.0499307,0.20397918,0.96584727,0.19368827,1.3351974,0.25861209,0.94752391,0.19590427,1.0909545,0.21372264,0.94564442,0.19286902,1.1387258,0.21962492
experiment_0a_best,file,16,,9474,162.Canada_Warbler/Canada_Warbler_0121_162310.jpg,162,161,162.Canada_Warbler,172,171,identity,identity,0,{},0.15658262,0.15658262,0,0.85506088,0.85506088,0.081834368,0.081834368,0.77322651,0.77322651,0,1,1,27.291049,27.291049,False,1,True,True,True,1,1,27.291049,27.291049,1,1,26.873262,26.873262,1,1,4.7570081,4.7570081,1,1,6.7125753,6.7125753,1,1,10.480218,10.480218,1,1,14.391224,14.391224,1,1,13.689194,13.689194,1,1,13.144475,13.144475
experiment_0a_best,file,16,,9474,162.Canada_Warbler/Canada_Warbler_0121_162310.jpg,162,161,162.Canada_Warbler,172,171,horizontal_flip,horizontal_flip,0,"{""flipped"":true}",0.15658262,0.31191692,0.15533429,0.85506088,0.73204237,0.081834368,0.17187554,0.77322651,0.56016684,-0.21305967,0.72822083,2.0192523,27.291049,55.107512,False,0.96987367,True,True,True,0.72822083,2.0192523,27.291049,55.107512,0.72083356,2.0188927,26.873262,54.254232,0.96261564,2.0306945,4.7570081,9.6600303,0.6681444,1.8144034,6.7125753,12.179319,0.61329481,2.129775,10.480218,22.320506,0.77180389,2.0518718,14.391224,29.528946,0.72836277,2.0325193,13.689194,27.82355,0.73797098,1.9409066,13.144475,25.512198
experiment_0a_best,file,16,,9474,162.Canada_Warbler/Canada_Warbler_0121_162310.jpg,162,161,162.Canada_Warbler,172,171,color_jitter,color_jitter,0,"{""brightness"":1.131524,""contrast"":1.187424,""hue"":-0.085072,""saturation"":1.342747}",0.15658262,1.5207139,1.3641313,0.85506088,0.21855581,0.081834368,0.024052771,0.77322651,0.19450304,-0.57872347,0.51474976,4.0251124,27.291049,109.84954,False,0.85613585,True,True,True,0.51474976,4.0251124,27.291049,109.84954,0.50737076,4.0226566,26.873262,108.1019,0.74574051,4.1027139,4.7570081,19.516643,0.43339448,2.8265476,6.7125753,18.973414,0.37841044,4.1538072,10.480218,43.532805,0.5457132,4.1822387,14.391224,60.187534,0.51225142,3.8960077,13.689194,53.333204,0.55815875,4.1418338,13.144475,54.442231
experiment_0a_best,file,16,,9474,162.Canada_Warbler/Canada_Warbler_0121_162310.jpg,162,161,162.Canada_Warbler,172,171,rotation,rotation,0,"{""angle"":-6.154647}",0.15658262,0.17656213,0.019979507,0.85506088,0.83814669,0.081834368,0.10982578,0.77322651,0.72832091,-0.044905595,0.8273752,1.0478866,27.291049,28.597924,False,0.97610813,True,True,True,0.8273752,1.0478866,27.291049,28.597924,0.82263878,1.0426961,26.873262,28.020646,0.96658326,1.2018164,4.7570081,5.7170505,0.81627247,0.99609165,6.7125753,6.6863402,0.78841806,1.0655992,10.480218,11.167711,0.83022173,0.99418848,14.391224,14.307589,0.81385589,1.0460908,13.689194,14.320139,0.84845578,1.0918081,13.144475,14.351244
experiment_0a_best,file,16,,9474,162.Canada_Warbler/Canada_Warbler_0121_162310.jpg,162,161,162.Canada_Warbler,172,171,random_resized_crop,random_resized_crop,0,"{""area_fraction"":0.712446,""aspect"":1.075646,""fallback"":false,""height"":0.813844,""left"":0.009353,""top"":0.177428,""width"":0.875408}",0.15658262,1.3376994,1.1811168,0.85506088,0.26244879,0.081834368,0.010578776,0.77322651,0.25187001,-0.5213565,0.64409567,5.7581296,27.291049,157.1454,False,0.91976911,False,True,False,0.64409567,5.7581296,27.291049,157.1454,0.64187031,5.7511505,26.873262,154.55218,0.71289666,5.9765769,4.7570081,28.430624,0.45408505,6.0018447,6.7125753,40.287834,0.59440332,5.9795661,10.480218,62.667156,0.72074022,5.5373973,14.391224,79.689925,0.66456,5.6967247,13.689194,77.983567,0.61059187,5.8456964,13.144475,76.838609
experiment_0a_best,file,16,,9474,162.Canada_Warbler/Canada_Warbler_0121_162310.jpg,162,161,162.Canada_Warbler,172,171,gaussian_blur,gaussian_blur,0,"{""sigma"":1.495779}",0.15658262,0.17406484,0.017482221,0.85506088,0.84024239,0.081834368,0.11913138,0.77322651,0.72111101,-0.0521155,0.7581915,1.3365176,27.291049,36.474968,False,0.93940616,True,True,True,0.7581915,1.3365176,27.291049,36.474968,0.75283534,1.3349012,26.873262,35.873151,0.9232311,1.3871134,4.7570081,6.5985098,0.63200832,1.4104871,6.7125753,9.4680005,0.70445805,1.3860986,10.480218,14.526615,0.80110801,1.4217193,14.391224,20.46028,0.75601236,1.3272281,13.689194,18.168682,0.76233104,1.1724179,13.144475,15.410818
experiment_0a_best,file,16,,9474,162.Canada_Warbler/Canada_Warbler_0121_162310.jpg,162,161,162.Canada_Warbler,172,171,random_erasing,random_erasing,0,"{""area_fraction"":0.073077,""erased"":true,""height"":0.165461,""left"":0.327227,""top"":0.050134,""width"":0.441661}",0.15658262,0.12949952,-0.027083099,0.85506088,0.87853497,0.081834368,0.067195028,0.77322651,0.81133994,0.038113438,0.96922505,0.82599349,27.291049,22.542229,False,0.99072456,True,True,True,0.96922505,0.82599349,27.291049,22.542229,0.96865341,0.82401108,26.873262,22.143866,0.98871325,0.88693497,4.7570081,4.2191568,0.98212367,0.80842634,6.7125753,5.4266227,0.9559554,0.81625322,10.480218,8.5545116,0.97616725,0.82506561,14.391224,11.873704,0.97163234,0.83135715,13.689194,11.380609,0.96103719,0.82367749,13.144475,10.826808
experiment_0a_best,file,16,,4449,077.Tropical_Kingbird/Tropical_Kingbird_0060_69942.jpg,77,76,077.Tropical_Kingbird,38,37,identity,identity,0,{},0.0056704143,0.0056704143,0,0.99434561,0.99434561,0.0019021339,0.0019021339,0.99244347,0.99244347,0,1,1,0.81251105,0.81251105,False,1,True,True,True,1,1,0.81251105,0.81251105,1,1,0.78858973,0.78858973,1,1,0.19570501,0.19570501,1,1,0.13227182,0.13227182,1,1,0.3150826,0.3150826,1,1,0.43107193,0.43107193,1,1,0.407049,0.407049,1,1,0.39190431,0.39190431
experiment_0a_best,file,16,,4449,077.Tropical_Kingbird/Tropical_Kingbird_0060_69942.jpg,77,76,077.Tropical_Kingbird,38,37,horizontal_flip,horizontal_flip,0,"{""flipped"":true}",0.0056704143,0.0039705974,-0.0016998169,0.99434561,0.9960373,0.0019021339,0.0019430926,0.99244347,0.99409421,0.0016507404,0.58004961,0.68191979,0.81251105,0.55406736,False,0.97760487,True,True,True,0.58004961,0.68191979,0.81251105,0.55406736,0.5575264,0.68134326,0.78858973,0.5373003,0.94058706,0.69121333,0.19570501,0.13527391,0.50796167,1.008185,0.13227182,0.13335447,0.42165754,0.75393335,0.3150826,0.23755128,0.58194421,0.6651074,0.43107193,0.28670913,0.48361206,0.62173647,0.407049,0.25307721,0.7225573,0.66649875,0.39190431,0.26120373
experiment_0a_best,file,16,,4449,077.Tropical_Kingbird/Tropical_Kingbird_0060_69942.jpg,77,76,077.Tropical_Kingbird,38,37,color_jitter,color_jitter,0,"{""brightness"":0.861392,""contrast"":1.268198,""hue"":-0.026902,""saturation"":1.111928}",0.0056704143,0.0045262505,-0.0011441638,0.99434561,0.99548399,0.0019021339,0.00035404885,0.99244347,0.99512995,0.0026864742,0.67112745,0.82090616,0.81251105,0.66699533,False,0.97524261,True,True,True,0.67112745,0.82090616,0.81251105,0.66699533,0.65576182,0.82188462,0.78858973,0.64812977,0.92603311,0.80485271,0.19570501,0.15751371,0.15628995,0.79081944,0.13227182,0.10460313,0.56129609,0.80737594,0.3150826,0.25439011,0.64106478,0.87043194,0.43107193,0.37521878,0.64981522,0.79702742,0.407049,0.32442922,0.80142069,0.80030782,0.39190431,0.31364408
experiment_0a_best,file,16,,4449,077.Tropical_Kingbird/Tropical_Kingbird_0060_69942.jpg,77,76,077.Tropical_Kingbird,38,37,rotation,rotation,0,"{""angle"":7.936687}",0.0056704143,0.01069693,0.0050265156,0.99434561,0.98936009,0.0019021339,0.0064157317,0.99244347,0.98294436,-0.0094991091,0.73143914,2.0374651,0.81251105,1.6554629,False,0.9818697,True,True,True,0.73143914,2.0374651,0.81251105,1.6554629,0.71882189,2.0376611,0.78858973,1.6068786,0.93664339,2.0342798,0.19570501,0.39811873,0.57810498,2.790342,0.13227182,0.36908362,0.63099971,2.2828679,0.3150826,0.71929197,0.70513613,1.958695,0.43107193,0.84433841,0.73256547,1.9992018,0.407049,0.81377311,0.82440255,1.8980543,0.39190431,0.74385566
experiment_0a_best,file,16,,4449,077.Tropical_Kingbird/Tropical_Kingbird_0060_69942.jpg,77,76,077.Tropical_Kingbird,38,37,random_resized_crop,random_resized_crop,0,"{""area_fraction"":0.592835,""aspect"":1.017178,""fallback"":false,""height"":0.763429,""left"":0.178431,""top"":0.114238,""width"":0.776543}",0.0056704143,0.01497668,0.009306266,0.99434561,0.9851349,0.0019021339,0.0044339527,0.99244347,0.98070095,-0.011742525,0.57260542,2.832287,0.81251105,2.3012645,False,0.96300876,True,True,True,0.57260542,2.832287,0.81251105,2.3012645,0.5535942,2.8498303,0.78858973,2.2473469,0.92407979,2.5304779,0.19570501,0.4952272,0.49896777,4.5978698,0.13227182,0.60816861,0.43246595,3.5417293,0.3150826,1.1159373,0.57134447,2.7959915,0.43107193,1.2052735,0.54471898,2.505511,0.407049,1.0198657,0.69889788,2.4772933,0.39190431,0.97086192
experiment_0a_best,file,16,,4449,077.Tropical_Kingbird/Tropical_Kingbird_0060_69942.jpg,77,76,077.Tropical_Kingbird,38,37,gaussian_blur,gaussian_blur,0,"{""sigma"":1.106676}",0.0056704143,0.49622878,0.49055837,0.99434561,0.60882235,0.0019021339,0.1226829,0.99244347,0.48613945,-0.50630402,0.49068552,82.151174,0.81251105,66.748737,False,0.89240849,True,True,True,0.49068552,82.151174,0.81251105,66.748737,0.47615757,83.407353,0.78858973,65.774182,0.86064218,58.069326,0.19570501,11.364458,0.26107944,127.04047,0.13227182,16.803874,0.30766623,107.53844,0.3150826,33.883491,0.47140378,81.78567,0.43107193,35.255507,0.5388666,79.724996,0.407049,32.45198,0.68252369,62.486619,0.39190431,24.488775
experiment_0a_best,file,16,,4449,077.Tropical_Kingbird/Tropical_Kingbird_0060_69942.jpg,77,76,077.Tropical_Kingbird,38,37,random_erasing,random_erasing,0,"{""area_fraction"":0.092117,""erased"":true,""height"":0.355637,""left"":0.457851,""top"":0.378745,""width"":0.259021}",0.0056704143,1.0330737,1.0274032,0.99434561,0.35591131,0.0019021339,0.020407202,0.99244347,0.33550411,-0.65693936,0.55750103,120.53179,0.81251105,97.93341,False,0.87125248,True,True,True,0.55750103,120.53179,0.81251105,97.93341,0.54733044,122.15107,0.78858973,96.327078,0.80554456,90.262606,0.19570501,17.664844,0.21937436,137.82415,0.13227182,18.230252,0.45566349,135.2759,0.3150826,42.623083,0.60171839,122.74594,0.43107193,52.912331,0.5265247,118.00003,0.407049,48.031796,0.61888798,114.76917,0.39190431,44.978533
experiment_0a_best,file,16,,4363,075.Green_Jay/Green_Jay_0095_65881.jpg,75,74,075.Green_Jay,168,167,identity,identity,0,{},0.15185797,0.15185797,0,0.8591103,0.8591103,0.034788731,0.034788731,0.82432156,0.82432156,0,1,1,23.717708,23.717708,False,0.99999994,True,True,True,1,1,23.717708,23.717708,1,1,23.316112,23.316112,1,1,4.3461008,4.3461008,1,1,7.0414009,7.0414009,1,1,12.321432,12.321432,1,1,12.166574,12.166574,1,1,9.7428469,9.7428469,1,1,9.9646103,9.9646103
experiment_0a_best,file,16,,4363,075.Green_Jay/Green_Jay_0095_65881.jpg,75,74,075.Green_Jay,168,167,horizontal_flip,horizontal_flip,0,"{""flipped"":true}",0.15185797,0.24366032,0.091802344,0.8591103,0.78375381,0.034788731,0.046432354,0.82432156,0.73732146,-0.087000106,0.58433329,1.4300476,23.717708,33.91745,False,0.96544313,True,True,True,0.58433329,1.4300476,23.717708,33.91745,0.57038784,1.4225748,23.316112,33.168912,0.93975387,1.6305134,4.3461008,7.0863757,0.76698727,1.5801536,7.0414009,11.126495,0.52566466,1.2973432,12.321432,15.985127,0.56316854,1.3512727,12.166574,16.440359,0.46408858,1.4777354,9.7428469,14.39735,0.64179909,1.5652975,9.9646103,15.597579
experiment_0a_best,file,16,,4363,075.Green_Jay/Green_Jay_0095_65881.jpg,75,74,075.Green_Jay,168,167,color_jitter,color_jitter,0,"{""brightness"":1.052185,""contrast"":1.097573,""hue"":0.034793,""saturation"":0.891556}",0.15185797,0.23513676,0.08327879,0.8591103,0.79046273,0.034788731,0.068169363,0.82432156,0.72229337,-0.10202819,0.91967501,1.4630332,23.717708,34.699795,False,0.99112642,True,True,True,0.91967501,1.4630332,23.717708,34.699795,0.91734847,1.4612105,23.316112,34.069746,0.98484845,1.5145557,4.3461008,6.5824117,0.93287144,1.1939752,7.0414009,8.4072581,0.92956826,1.4725829,12.321432,18.144331,0.90613559,1.4673385,12.166574,17.852481,0.90094306,1.5387231,9.7428469,14.991544,0.93429513,1.4796563,9.9646103,14.744198
experiment_0a_best,file,16,,4363,075.Green_Jay/Green_Jay_0095_65881.jpg,75,74,075.Green_Jay,168,167,rotation,rotation,0,"{""angle"":-13.062367}",0.15185797,1.5723644,1.4205065,0.8591103,0.20755386,0.034788731,0.17273434,0.82432156,0.034819528,-0.78950204,0.74023036,5.9080007,23.717708,140.12423,False,0.94436872,True,True,True,0.74023036,5.9080007,23.717708,140.12423,0.73411499,5.9250153,23.316112,138.14832,0.93666708,5.3953462,4.3461008,23.448719,0.77511281,6.4178548,7.0414009,45.190689,0.77877271,6.6227568,12.321432,81.601851,0.72007755,5.7897274,12.166574,70.441145,0.66039467,5.4565639,9.7428469,53.162467,0.74023604,5.1128907,9.9646103,50.947964
experiment_0a_best,file,16,,4363,075.Green_Jay/Green_Jay_0095_65881.jpg,75,74,075.Green_Jay,168,167,random_resized_crop,random_resized_crop,0,"{""area_fraction"":0.667262,""aspect"":0.999613,""fallback"":false,""height"":0.817019,""left"":0.134443,""top"":0.172202,""width"":0.816703}",0.15185797,4.3827381,4.2308801,0.8591103,0.012491107,0.034788731,0.023339538,0.82432156,-0.010848431,-0.83517,0.47453423,7.9960273,23.717708,189.64744,False,0.9009589,False,True,False,0.47453423,7.9960273,23.717708,189.64744,0.46375681,8.006181,23.316112,186.67301,0.79749363,7.6980509,4.3461008,33.456506,0.25533572,4.8799389,7.0414009,34.361606,0.63913337,7.7034111,12.321432,94.91706,0.39798933,8.729785,12.166574,106.21157,0.36391132,8.7267376,9.7428469,85.023269,0.50367111,7.8681193,9.9646103,78.402743
experiment_0a_best,file,16,,4363,075.Green_Jay/Green_Jay_0095_65881.jpg,75,74,075.Green_Jay,168,167,gaussian_blur,gaussian_blur,0,"{""sigma"":1.444368}",0.15185797,1.2257712,1.0739132,0.8591103,0.29353127,0.034788731,0.15172842,0.82432156,0.14180285,-0.68251872,0.71910586,5.2416244,23.717708,124.31932,False,0.92986882,True,True,True,0.71910586,5.2416244,23.717708,124.31932,0.71258079,5.2415516,23.316112,122.2126,0.90682928,5.2437191,4.3461008,22.789732,0.66329229,4.3238818,7.0414009,30.446186,0.78657955,5.7152667,12.321432,70.420273,0.69147942,5.1213052,12.166574,62.308737,0.63268641,5.350184,9.7428469,52.126024,0.73044626,4.967767,9.9646103,49.501862
experiment_0a_best,file,16,,4363,075.Green_Jay/Green_Jay_0095_65881.jpg,75,74,075.Green_Jay,168,167,random_erasing,random_erasing,0,"{""area_fraction"":0.106159,""erased"":true,""height"":0.207897,""left"":0.29126,""top"":0.305862,""width"":0.510633}",0.15185797,0.11801931,-0.033838667,0.8591103,0.88867891,0.034788731,0.0079314113,0.82432156,0.8807475,0.056425933,0.82424071,0.82996896,23.717708,19.684961,False,0.94964659,True,True,True,0.82424071,0.82996896,23.717708,19.684961,0.82072495,0.83111309,23.316112,19.378326,0.93057742,0.79633501,4.3461008,3.4609523,0.93673675,0.72490776,7.0414009,5.1043662,0.81180023,0.85962801,12.321432,10.591848,0.83436001,0.78660779,12.166574,9.5703216,0.77359159,0.85628596,9.7428469,8.342663,0.81895397,0.87537435,9.9646103,8.7227643
experiment_0a_best,file,16,,6394,110.Geococcyx/Geococcyx_0091_104301.jpg,110,109,110.Geococcyx,150,149,identity,identity,0,{},0.010717687,0.010717687,0,0.98933953,0.98933953,0.0016280119,0.0016280119,0.98771152,0.98771152,0,1,1,1.1998029,1.1998029,False,0.99999988,True,True,True,1,1,1.1998029,1.1998029,1,1,1.1661787,1.1661787,1,1,0.2820535,0.2820535,1,1,0.15313987,0.15313987,1,1,0.43053023,0.43053023,1,1,0.55371284,0.55371284,1,1,0.54155527,0.54155527,1,1,0.74248546,0.74248546
experiment_0a_best,file,16,,6394,110.Geococcyx/Geococcyx_0091_104301.jpg,110,109,110.Geococcyx,150,149,horizontal_flip,horizontal_flip,0,"{""flipped"":true}",0.010717687,0.0070482665,-0.0036694207,0.98933953,0.99297649,0.0016280119,0.00050459849,0.98771152,0.99247189,0.0047603697,0.60021382,0.66201587,1.1998029,0.79428855,False,0.97100919,True,True,True,0.60021382,0.66201587,1.1998029,0.79428855,0.57700802,0.65813604,1.1661787,0.76750423,0.96291232,0.72513777,0.2820535,0.20452764,0.62661335,0.81577808,0.15313987,0.12492815,0.54655338,0.63568468,0.43053023,0.27368147,0.61550452,0.69331406,0.55371284,0.3838969,0.45965564,0.6705513,0.54155527,0.36314059,0.62934818,0.63072136,0.74248546,0.46830144
experiment_0a_best,file,16,,6394,110.Geococcyx/Geococcyx_0091_104301.jpg,110,109,110.Geococcyx,150,149,color_jitter,color_jitter,0,"{""brightness"":0.621306,""contrast"":0.861791,""hue"":0.011396,""saturation"":0.616565}",0.010717687,0.11706477,0.10634708,0.98933953,0.88952756,0.0016280119,0.005364072,0.98771152,0.88416349,-0.10354803,0.72423317,14.560842,1.1998029,17.47014,False,0.95003289,True,True,True,0.72423317,14.560842,1.1998029,17.47014,0.71790081,14.786919,1.1661787,17.24419,0.94134759,9.9295458,0.2820535,2.8006631,0.16479475,21.126656,0.15313987,3.2353333,0.63317724,17.129009,0.43053023,7.3745562,0.78452903,19.55337,0.55371284,10.826952,0.69845286,13.513304,0.54155527,7.3182011,0.83540782,10.581959,0.74248546,7.856951
experiment_0a_best,file,16,,6394,110.Geococcyx/Geococcyx_0091_104301.jpg,110,109,110.Geococcyx,150,149,rotation,rotation,0,"{""angle"":4.544623}",0.010717687,0.013709905,0.0029922174,0.98933953,0.98638368,0.0016280119,0.0016549375,0.98771152,0.98472874,-0.0029827795,0.7750807,1.2862194,1.1998029,1.5432097,False,0.97662902,True,True,True,0.7750807,1.2862194,1.1998029,1.5432097,0.76354718,1.2872986,1.1661787,1.5012203,0.975392,1.2676275,0.2820535,0.35753877,0.75343586,2.0296319,0.15313987,0.31081757,0.64958397,1.3252498,0.43053023,0.57056009,0.70876157,1.2495453,0.55371284,0.69188928,0.72507928,1.2931101,0.54155527,0.70029061,0.86262612,1.2507369,0.74248546,0.92865396
experiment_0a_best,file,16,,6394,110.Geococcyx/Geococcyx_0091_104301.jpg,110,109,110.Geococcyx,150,149,random_resized_crop,random_resized_crop,0,"{""area_fraction"":0.505806,""aspect"":0.949791,""fallback"":false,""height"":0.729757,""left"":0.280351,""top"":0.030072,""width"":0.693116}",0.010717687,7.941411,7.9306933,0.98933953,0.00035570419,0.0016280119,3.310441e-05,0.98771152,0.00032259978,-0.98738892,0.17929499,191.04835,1.1998029,229.22037,False,0.56466979,False,True,False,0.17929499,191.04835,1.1998029,229.22037,0.17211031,194.91636,1.1661787,227.3073,0.44225672,104.77715,0.2820535,29.552761,0.16656195,195.41261,0.15313987,29.925461,0.22223022,226.71585,0.43053023,97.608029,0.28669174,243.61945,0.55371284,134.89522,0.099948052,203.69284,0.54155527,110.31093,0.10505366,140.48729,0.74248546,104.30977
experiment_0a_best,file,16,,6394,110.Geococcyx/Geococcyx_0091_104301.jpg,110,109,110.Geococcyx,150,149,gaussian_blur,gaussian_blur,0,"{""sigma"":1.836226}",0.010717687,8.8313808,8.8206632,0.98933953,0.00014607637,0.0016280119,3.6736539e-05,0.98771152,0.00010933984,-0.98760218,0.17096525,295.60339,1.1998029,354.6658,False,0.57256293,False,True,False,0.17096525,295.60339,1.1998029,354.6658,0.1653638,302.27412,1.1661787,352.50564,0.432892,138.57137,0.2820535,39.084539,0.16712523,516.11845,0.15313987,79.038311,0.17233997,447.40312,0.43053023,192.62057,0.20187806,397.19247,0.55371284,219.93057,0.19210729,254.91363,0.54155527,138.04982,0.14750268,156.39032,0.74248546,116.11754
experiment_0a_best,file,16,,6394,110.Geococcyx/Geococcyx_0091_104301.jpg,110,109,110.Geococcyx,150,149,random_erasing,random_erasing,0,"{""area_fraction"":0.173073,""erased"":true,""height"":0.475684,""left"":0.342688,""top"":0.50095,""width"":0.363841}",0.010717687,0.024893539,0.014175852,0.98933953,0.97541374,0.0016280119,0.0018415661,0.98771152,0.97357217,-0.014139345,0.83184238,2.2980172,1.1998029,2.7571677,False,0.95938849,True,True,True,0.83184238,2.2980172,1.1998029,2.7571677,0.82478843,2.2992328,1.1661787,2.6813164,0.95363597,2.2771365,0.2820535,0.64227431,0.77719643,2.1160305,0.15313987,0.32404862,0.80417265,2.1200692,0.43053023,0.91275388,0.80110273,2.3315839,0.55371284,1.291028,0.80330417,2.4094631,0.54155527,1.3048575,0.86009162,2.2864058,0.74248546,1.6976231
experiment_0a_best,file,16,,5235,090.Red_breasted_Merganser/Red_Breasted_Merganser_0016_79476.jpg,90,89,090.Red_breasted_Merganser,50,49,identity,identity,0,{},0.013652992,0.013652992,0,0.98643976,0.98643976,0.004554952,0.004554952,0.98188481,0.98188481,0,1,1,2.4059751,2.4059751,False,1,True,True,True,1,1,2.4059751,2.4059751,1,1,2.3715324,2.3715324,1,1,0.4056478,0.4056478,1,1,0.47405433,0.47405433,1,1,0.90455292,0.90455292,1,1,1.3225188,1.3225188,1,1,1.2847917,1.2847917,1,1,1.0869576,1.0869576
experiment_0a_best,file,16,,5235,090.Red_breasted_Merganser/Red_Breasted_Merganser_0016_79476.jpg,90,89,090.Red_breasted_Merganser,50,49,horizontal_flip,horizontal_flip,0,"{""flipped"":true}",0.013652992,0.010474115,-0.0031788768,0.98643976,0.98958057,0.004554952,0.002092466,0.98188481,0.98748811,0.0056032932,0.52342972,0.73490168,2.4059751,1.7681551,False,0.97054279,True,True,True,0.52342972,0.73490168,2.4059751,1.7681551,0.51002872,0.73362399,2.3715324,1.7398131,0.95657006,0.77731029,0.4056478,0.31531421,0.02115651,0.70282369,0.47405433,0.33317662,0.28448602,0.81872145,0.90455292,0.74057688,0.50821195,0.66248066,1.3225188,0.87614311,0.57283412,0.75942855,1.2847917,0.97570747,0.68981113,0.74050321,1.0869576,0.80489561
experiment_0a_best,file,16,,5235,090.Red_breasted_Merganser/Red_Breasted_Merganser_0016_79476.jpg,90,89,090.Red_breasted_Merganser,50,49,color_jitter,color_jitter,0,"{""brightness"":1.193331,""contrast"":0.916042,""hue"":-0.066151,""saturation"":1.341834}",0.013652992,0.11396945,0.10031645,0.98643976,0.89228523,0.004554952,0.0012984338,0.98188481,0.89098679,-0.090898018,0.44413649,7.4969841,2.4059751,18.037557,False,0.89320219,True,True,True,0.44413649,7.4969841,2.4059751,18.037557,0.43295519,7.4761188,2.3715324,17.729858,0.79522916,8.1781985,0.4056478,3.3174682,0.11393197,6.9578466,0.47405433,3.2983973,0.2772978,8.0678124,0.90455292,7.2977633,0.38000179,7.9970564,1.3225188,10.576257,0.49889394,7.0383094,1.2847917,9.0427613,0.62185253,6.9203464,1.0869576,7.5221233
experiment_0a_best,file,16,,5235,090.Red_breasted_Merganser/Red_Breasted_Merganser_0016_79476.jpg,90,89,090.Red_breasted_Merganser,50,49,rotation,rotation,0,"{""angle"":-0.80748}",0.013652992,0.030557204,0.016904213,0.98643976,0.96990496,0.004554952,0.011110575,0.98188481,0.95879438,-0.023090428,0.84527935,2.2637448,2.4059751,5.4465136,False,0.98356044,True,True,True,0.84527935,2.2637448,2.4059751,5.4465136,0.84151127,2.2663926,2.3715324,5.3748235,0.98046374,2.1713066,0.4056478,0.88078576,0.75820657,2.2529772,0.47405433,1.0680336,0.74681223,2.4002696,0.90455292,2.1711709,0.84671231,2.2874569,1.3225188,3.0252047,0.86257394,2.2397152,1.2847917,2.8775674,0.89371817,2.1774631,1.0869576,2.3668101
experiment_0a_best,file,16,,5235,090.Red_breasted_Merganser/Red_Breasted_Merganser_0016_79476.jpg,90,89,090.Red_breasted_Merganser,50,49,random_resized_crop,random_resized_crop,0,"{""area_fraction"":0.610338,""aspect"":0.901647,""fallback"":false,""height"":0.822748,""left"":0.243319,""top"":0.08232,""width"":0.741828}",0.013652992,0.016496221,0.0028432291,0.98643976,0.98363912,0.004554952,0.006576702,0.98188481,0.97706242,-0.0048223934,0.65293065,1.2388628,2.4059751,2.9806729,False,0.96376204,True,True,True,0.65293065,1.2388628,2.4059751,2.9806729,0.64362562,1.236882,2.3715324,2.9333056,0.95532676,1.3047585,0.4056478,0.5292724,0.50486304,1.6652805,0.47405433,0.78943346,0.56395267,1.2959224,0.90455292,1.1722304,0.62924232,1.152975,1.3225188,1.5248311,0.65781559,1.2315327,1.2847917,1.5822629,0.74800033,1.226841,1.0869576,1.3335242
experiment_0a_best,file,16,,5235,090.Red_breasted_Merganser/Red_Breasted_Merganser_0016_79476.jpg,90,89,090.Red_breasted_Merganser,50,49,gaussian_blur,gaussian_blur,0,"{""sigma"":1.937327}",0.013652992,2.3283713,2.3147183,0.98643976,0.097454354,0.004554952,0.083391689,0.98188481,0.014062665,-0.96782215,0.42246902,60.280961,2.4059751,145.03449,False,0.76355064,False,True,False,0.42246902,60.280961,2.4059751,145.03449,0.41433227,60.171989,2.3715324,142.69982,0.68511356,63.893879,0.4056478,25.918412,0.36978431,63.882357,0.47405433,30.283708,0.32611788,62.084036,0.90455292,56.158297,0.43121827,64.63265,1.3225188,85.477894,0.39472906,56.141065,1.2847917,72.129572,0.4938129,56.587318,1.0869576,61.508017
experiment_0a_best,file,16,,5235,090.Red_breasted_Merganser/Red_Breasted_Merganser_0016_79476.jpg,90,89,090.Red_breasted_Merganser,50,49,random_erasing,random_erasing,0,"{""area_fraction"":0.179835,""erased"":true,""height"":0.276701,""left"":0.058431,""top"":0.566492,""width"":0.649924}",0.013652992,0.24146883,0.22781584,0.98643976,0.78547329,0.004554952,0.093648717,0.98188481,0.69182457,-0.29006024,0.73239608,16.576576,2.4059751,39.882829,False,0.90943336,True,True,True,0.73239608,16.576576,2.4059751,39.882829,0.72760696,16.563566,2.3715324,39.281034,0.89199573,17.015261,0.4056478,6.9022034,0.72493195,15.771841,0.47405433,7.4767094,0.71663429,18.762237,0.90455292,16.971436,0.73650125,15.504785,1.3225188,20.505369,0.73264459,16.530347,1.2847917,21.238052,0.72417764,16.650301,1.0869576,18.098171
experiment_0a_best,file,16,,9193,157.Yellow_throated_Vireo/Yellow_Throated_Vireo_0012_794977.jpg,157,156,157.Yellow_throated_Vireo,175,174,identity,identity,0,{},0.049742773,0.049742773,0,0.95147413,0.95147413,0.044761058,0.044761058,0.90671307,0.90671307,0,1,1,8.1720222,8.1720222,False,0.99999988,True,True,True,1,1,8.1720222,8.1720222,1,1,7.9406236,7.9406236,1,1,1.9309177,1.9309177,1,1,1.4500346,1.4500346,1,1,3.3352251,3.3352251,1,1,4.315489,4.315489,1,1,4.0183315,4.0183315,1,1,3.8803019,3.8803019
experiment_0a_best,file,16,,9193,157.Yellow_throated_Vireo/Yellow_Throated_Vireo_0012_794977.jpg,157,156,157.Yellow_throated_Vireo,175,174,horizontal_flip,horizontal_flip,0,"{""flipped"":true}",0.049742773,0.0086472584,-0.041095515,0.95147413,0.99139005,0.044761058,0.0072491495,0.90671307,0.9841409,0.077427828,0.66109248,0.18936362,8.1720222,1.5474837,False,0.97697645,True,True,True,0.66109248,0.18936362,8.1720222,1.5474837,0.64205243,0.18905592,7.9406236,1.5012219,0.97433637,0.1944935,1.9309177,0.37555095,0.72379044,0.20381199,1.4500346,0.29553445,0.59152106,0.1993464,3.3352251,0.66486512,0.6076619,0.18781314,4.315489,0.81050555,0.62733532,0.18711844,4.0183315,0.7519039,0.73144913,0.18259435,3.8803019,0.70852121
experiment_0a_best,file,16,,9193,157.Yellow_throated_Vireo/Yellow_Throated_Vireo_0012_794977.jpg,157,156,157.Yellow_throated_Vireo,175,174,color_jitter,color_jitter,0,"{""brightness"":1.388558,""contrast"":1.233119,""hue"":0.065562,""saturation"":1.070079}",0.049742773,0.034812149,-0.014930625,0.95147413,0.96578681,0.044761058,0.011121223,0.90671307,0.95466559,0.04795252,0.56871706,0.46887817,8.1720222,3.8316828,False,0.94212866,True,True,True,0.56871706,0.46887817,8.1720222,3.8316828,0.5519515,0.46879576,7.9406236,3.7225307,0.85136161,0.47026957,1.9309177,0.90805183,0.42703209,0.44398464,1.4500346,0.64379311,0.31767183,0.36722874,3.3352251,1.2247905,0.52851834,0.4362774,4.315489,1.8827503,0.61382559,0.47593586,4.0183315,1.912468,0.66374209,0.56110046,3.8803019,2.1772392
experiment_0a_best,file,16,,9193,157.Yellow_throated_Vireo/Yellow_Throated_Vireo_0012_794977.jpg,157,156,157.Yellow_throated_Vireo,175,174,rotation,rotation,0,"{""angle"":2.229832}",0.049742773,0.039724667,-0.010018107,0.95147413,0.96105403,0.044761058,0.03769375,0.90671307,0.92336028,0.016647205,0.87826662,0.90484398,8.1720222,7.3944051,False,0.98931181,True,True,True,0.87826662,0.90484398,8.1720222,7.3944051,0.87162574,0.90400364,7.9406236,7.1783526,0.98885957,0.91893908,1.9309177,1.7743957,0.84968817,0.98741204,1.4500346,1.4317817,0.8433179,0.92822345,3.3352251,3.0958341,0.85869043,0.90547223,4.315489,3.9075555,0.87721743,0.88198081,4.0183315,3.5440912,0.90804693,0.8951543,3.8803019,3.473469
experiment_0a_best,file,16,,9193,157.Yellow_throated_Vireo/Yellow_Throated_Vireo_0012_794977.jpg,157,156,157.Yellow_throated_Vireo,175,174,random_resized_crop,random_resized_crop,0,"{""area_fraction"":0.631774,""aspect"":0.762396,""fallback"":false,""height"":0.910312,""left"":0.264812,""top"":0.053938,""width"":0.694018}",0.049742773,0.028857972,-0.020884801,0.95147413,0.97155446,0.044761058,0.027097048,0.90671307,0.94445741,0.037744338,0.77569747,0.80285083,8.1720222,6.5609148,False,0.97034895,True,True,True,0.77569747,0.80285083,8.1720222,6.5609148,0.76571035,0.80749182,7.9406236,6.4119886,0.97002649,0.71984725,1.9309177,1.3899658,0.74452434,0.89650751,1.4500346,1.2999669,0.78163196,0.96169779,3.3352251,3.2074786,0.77475131,0.8337998,4.315489,3.5982539,0.74249954,0.73347661,4.0183315,2.9473521,0.79010396,0.70584131,3.8803019,2.7388774
experiment_0a_best,file,16,,9193,157.Yellow_throated_Vireo/Yellow_Throated_Vireo_0012_794977.jpg,157,156,157.Yellow_throated_Vireo,175,174,gaussian_blur,gaussian_blur,0,"{""sigma"":1.884834}",0.049742773,0.0075894352,-0.042153338,0.95147413,0.99243927,0.044761058,0.0032693059,0.90671307,0.98916996,0.082456892,0.36079869,0.14367266,8.1720222,1.1740961,False,0.91728663,True,True,True,0.36079869,0.14367266,8.1720222,1.1740961,0.3345429,0.1444783,7.9406236,1.1472478,0.85910084,0.12928985,1.9309177,0.24964805,0.36997083,0.19867977,1.4500346,0.28809255,0.19247771,0.1342759,3.3352251,0.44784034,0.24646904,0.14244148,4.315489,0.61470464,0.33090894,0.14756747,4.0183315,0.59297502,0.54450633,0.14189096,3.8803019,0.55057978
experiment_0a_best,file,16,,9193,157.Yellow_throated_Vireo/Yellow_Throated_Vireo_0012_794977.jpg,157,156,157.Yellow_throated_Vireo,175,174,random_erasing,random_erasing,0,"{""area_fraction"":0.083432,""erased"":true,""height"":0.438989,""left"":0.735044,""top"":0.313813,""width"":0.190055}",0.049742773,0.098180644,0.048437871,0.95147413,0.90648514,0.044761058,0.069793023,0.90671307,0.83669212,-0.070020955,0.84746361,1.7286414,8.1720222,14.126496,False,0.95423794,True,True,True,0.84746361,1.7286414,8.1720222,14.126496,0.84140174,1.7225014,7.9406236,13.677735,0.94543542,1.8293588,1.9309177,3.5323412,0.86015225,1.791812,1.4500346,2.5981895,0.85853256,1.8136533,3.3352251,6.048942,0.86134657,1.7026039,4.315489,7.3475685,0.81077851,1.6174619,4.0183315,6.4994979,0.83512554,1.7763422,3.8803019,6.8927442
experiment_0a_best,file,16,,3990,069.Rufous_Hummingbird/Rufous_Hummingbird_0064_58509.jpg,69,68,069.Rufous_Hummingbird,68,67,identity,identity,0,{},0.3894327,0.3894327,0,0.67744106,0.67744106,0.10656407,0.10656407,0.57087699,0.57087699,0,1,1,58.556005,58.556005,False,1,True,True,True,1,1,58.556005,58.556005,1,1,57.561596,57.561596,1,1,10.745623,10.745623,1,1,13.565481,13.565481,1,1,30.462406,30.462406,1,1,30.9897,30.9897,1,1,25.576527,25.576527,1,1,24.22471,24.22471
experiment_0a_best,file,16,,3990,069.Rufous_Hummingbird/Rufous_Hummingbird_0064_58509.jpg,69,68,069.Rufous_Hummingbird,68,67,horizontal_flip,horizontal_flip,0,"{""flipped"":true}",0.3894327,0.032546692,-0.35688601,0.67744106,0.96797723,0.10656407,0.012693435,0.57087699,0.95528379,0.3844068,0.57932246,0.085107936,58.556005,4.9835807,False,0.92528379,True,True,True,0.57932246,0.085107936,58.556005,4.9835807,0.56596651,0.084423114,57.561596,4.8595292,0.90479878,0.10283375,10.745623,1.1050128,0.43826649,0.085250266,13.565481,1.1564609,0.55126664,0.074434938,30.462406,2.2674673,0.56647178,0.08092864,30.9897,2.5079543,0.54155976,0.089135453,25.576527,2.2797754,0.65575962,0.098113178,24.22471,2.3767633
experiment_0a_best,file,16,,3990,069.Rufous_Hummingbird/Rufous_Hummingbird_0064_58509.jpg,69,68,069.Rufous_Hummingbird,68,67,color_jitter,color_jitter,0,"{""brightness"":0.662117,""contrast"":1.314687,""hue"":-0.033402,""saturation"":1.05663}",0.3894327,0.061009608,-0.32842309,0.67744106,0.9408142,0.10656407,0.015707662,0.57087699,0.92510653,0.35422954,0.71422432,0.18467451,58.556005,10.813801,False,0.92995715,True,True,True,0.71422432,0.18467451,58.556005,10.813801,0.70812163,0.1852726,57.561596,10.664586,0.91287689,0.16660032,10.745623,1.7902242,0.29649502,0.12461265,13.565481,1.6904306,0.6483954,0.16667066,30.462406,5.0771892,0.73765411,0.1947832,30.9897,6.036273,0.76308773,0.19715715,25.576527,5.0425952,0.7811221,0.19897567,24.22471,4.8201279
experiment_0a_best,file,16,,3990,069.Rufous_Hummingbird/Rufous_Hummingbird_0064_58509.jpg,69,68,069.Rufous_Hummingbird,68,67,rotation,rotation,0,"{""angle"":-10.177681}",0.3894327,0.31117469,-0.078258008,0.67744106,0.73258591,0.10656407,0.058742728,0.57087699,0.67384318,0.10296619,0.70276972,0.8170289,58.556005,47.841948,False,0.93927658,True,True,True,0.70276972,0.8170289,58.556005,47.841948,0.69690918,0.81671969,57.561596,47.011689,0.86911888,0.82585213,10.745623,8.874296,0.76294977,0.99953961,13.565481,13.559236,0.72239259,0.73330251,30.462406,22.338159,0.70512983,0.80541069,30.9897,24.959435,0.63624732,0.85673925,25.576527,21.912415,0.70554619,0.8501362,24.22471,20.594303
experiment_0a_best,file,16,,3990,069.Rufous_Hummingbird/Rufous_Hummingbird_0064_58509.jpg,69,68,069.Rufous_Hummingbird,68,67,random_resized_crop,random_resized_crop,0,"{""area_fraction"":0.639043,""aspect"":0.918891,""fallback"":false,""height"":0.833936,""left"":0.06125,""top"":0.02132,""width"":0.766296}",0.3894327,1.4009615,1.0115288,0.67744106,0.24635996,0.10656407,0.078079879,0.57087699,0.16828008,-0.40259691,0.7050619,2.0548235,58.556005,120.32225,False,0.93542004,True,True,True,0.7050619,2.0548235,58.556005,120.32225,0.69849048,2.056699,57.561596,118.38688,0.89921209,2.0002571,10.745623,21.49401,0.61301148,2.2575201,13.565481,30.624347,0.75598968,2.1231019,30.462406,64.674793,0.68558605,1.9401681,30.9897,60.125228,0.65455733,2.0322725,25.576527,51.978474,0.70586336,2.0959465,24.22471,50.773696
experiment_0a_best,file,16,,3990,069.Rufous_Hummingbird/Rufous_Hummingbird_0064_58509.jpg,69,68,069.Rufous_Hummingbird,68,67,gaussian_blur,gaussian_blur,0,"{""sigma"":1.693519}",0.3894327,2.34061,1.9511773,0.67744106,0.096268892,0.10656407,0.0097566396,0.57087699,0.086512253,-0.48436474,0.53747113,2.0378491,58.556005,119.3283,False,0.81863678,False,True,False,0.53747113,2.0378491,58.556005,119.3283,0.52935965,2.0299032,57.561596,116.84447,0.74992997,2.2539506,10.745623,24.220104,0.80860324,2.0952402,13.565481,28.422942,0.54373714,1.7371866,30.462406,52.918884,0.48449357,2.0539164,30.9897,63.650253,0.50591684,2.1787007,25.576527,55.723598,0.53413166,2.2183562,24.22471,53.739036
experiment_0a_best,file,16,,3990,069.Rufous_Hummingbird/Rufous_Hummingbird_0064_58509.jpg,69,68,069.Rufous_Hummingbird,68,67,random_erasing,random_erasing,0,"{""area_fraction"":0.127496,""erased"":true,""height"":0.255507,""left"":0.105108,""top"":0.718817,""width"":0.498992}",0.3894327,0.51322985,0.12379715,0.67744106,0.5985592,0.10656407,0.096672587,0.57087699,0.50188661,-0.06899038,0.94142062,1.2756627,58.556005,74.697712,False,0.98879564,True,True,True,0.94142062,1.2756627,58.556005,74.697712,0.94006184,1.2764764,57.561596,73.476017,0.98133928,1.2520893,10.745623,13.45448,0.95024497,1.1296806,13.565481,15.324661,0.95189676,1.2344701,30.462406,37.60493,0.94009366,1.2456341,30.9897,38.601826,0.93634501,1.3636416,25.576527,34.877217,0.93051576,1.3333096,24.22471,32.299039
experiment_0a_best,file,16,,1790,032.Mangrove_Cuckoo/Mangrove_Cuckoo_0027_26360.jpg,32,31,032.Mangrove_Cuckoo,136,135,identity,identity,0,{},0.57379502,0.57379502,0,0.56338334,0.56338334,0.04937207,0.04937207,0.51401127,0.51401127,0,1,1,85.557069,85.557069,False,1,True,True,True,1,1,85.557069,85.557069,1,1,84.476916,84.476916,1,1,13.552222,13.552222,1,1,15.550877,15.550877,1,1,40.325956,40.325956,1,1,49.583703,49.583703,1,1,38.415008,38.415008,1,1,36.525064,36.525064
experiment_0a_best,file,16,,1790,032.Mangrove_Cuckoo/Mangrove_Cuckoo_0027_26360.jpg,32,31,032.Mangrove_Cuckoo,136,135,horizontal_flip,horizontal_flip,0,"{""flipped"":true}",0.57379502,1.320218,0.74642295,0.56338334,0.26707709,0.04937207,0.07354366,0.51401127,0.19353343,-0.32047784,0.73472923,1.5005277,85.557069,128.38075,False,0.96492916,True,True,True,0.73472923,1.5005277,85.557069,128.38075,0.72876154,1.4997621,84.476916,126.69528,0.9621716,1.5299764,13.552222,20.73458,0.67979582,1.6058803,15.550877,24.972847,0.75589121,1.5883801,40.325956,64.052948,0.74079013,1.4025096,49.583703,69.541619,0.67607537,1.5556083,38.415008,59.758704,0.74857022,1.4789769,36.525064,54.019728
experiment_0a_best,file,16,,1790,032.Mangrove_Cuckoo/Mangrove_Cuckoo_0027_26360.jpg,32,31,032.Mangrove_Cuckoo,136,135,color_jitter,color_jitter,0,"{""brightness"":0.788708,""contrast"":0.982414,""hue"":0.030408,""saturation"":1.29903}",0.57379502,1.5591788,0.98538381,0.56338334,0.21030872,0.04937207,0.051602684,0.51401127,0.15870603,-0.35530524,0.82361437,1.8788638,85.557069,160.75008,False,0.95344913,True,True,True,0.82361437,1.8788638,85.557069,160.75008,0.82069554,1.8822833,84.476916,159.00949,0.9487021,1.7408033,13.552222,23.591753,0.75175306,2.2757086,15.550877,35.389266,0.77737502,1.86638,40.325956,75.263559,0.84215605,1.872464,49.583703,92.843698,0.82022386,1.8782023,38.415008,72.151156,0.85346025,1.8450062,36.525064,67.388971
experiment_0a_best,file,16,,1790,032.Mangrove_Cuckoo/Mangrove_Cuckoo_0027_26360.jpg,32,31,032.Mangrove_Cuckoo,136,135,rotation,rotation,0,"{""angle"":-10.979609}",0.57379502,1.5399448,0.96614975,0.56338334,0.21439296,0.04937207,0.14695691,0.51401127,0.067436054,-0.44657522,0.67743406,1.5473751,85.557069,132.38888,False,0.91920018,True,True,True,0.67743406,1.5473751,85.557069,132.38888,0.67135702,1.5456049,84.476916,130.56793,0.9040938,1.6146569,13.552222,21.882189,0.47238649,2.2218797,15.550877,34.552179,0.57694566,1.3077636,40.325956,52.736819,0.7603156,1.4816647,49.583703,73.466424,0.64214978,1.6271974,38.415008,62.5088,0.71924618,1.680666,36.525064,61.386433
experiment_0a_best,file,16,,1790,032.Mangrove_Cuckoo/Mangrove_Cuckoo_0027_26360.jpg,32,31,032.Mangrove_Cuckoo,136,135,random_resized_crop,random_resized_crop,0,"{""area_fraction"":0.739016,""aspect"":1.099372,""fallback"":false,""height"":0.819888,""left"":0.001008,""top"":0.059479,""width"":0.901362}",0.57379502,2.9005668,2.3267718,0.56338334,0.054992046,0.04937207,0.054736465,0.51401127,0.00025558099,-0.51375569,0.68631817,1.9288775,85.557069,165.0291,False,0.86746794,False,True,False,0.68631817,1.9288775,85.557069,165.0291,0.68214592,1.9294545,84.476916,162.99436,0.85044978,1.9063229,13.552222,25.83491,0.60753719,2.043833,15.550877,31.783397,0.65323667,2.012164,40.325956,81.142437,0.72521722,1.8657597,49.583703,92.511274,0.65040945,1.9243972,38.415008,73.925734,0.69316937,1.9261545,36.525064,70.352917
experiment_0a_best,file,16,,1790,032.Mangrove_Cuckoo/Mangrove_Cuckoo_0027_26360.jpg,32,31,032.Mangrove_Cuckoo,136,135,gaussian_blur,gaussian_blur,0,"{""sigma"":1.581697}",0.57379502,3.9234703,3.3496752,0.56338334,0.01977236,0.04937207,0.028571978,0.51401127,-0.0087996181,-0.52281089,0.46850998,1.7894345,85.557069,153.09877,False,0.75421268,False,True,False,0.46850998,1.7894345,85.557069,153.09877,0.46219636,1.7922961,84.476916,151.40765,0.73215192,1.6744624,13.552222,22.692685,0.46409762,1.4119824,15.550877,21.957566,0.43861934,1.516558,40.325956,61.156651,0.49156603,1.680422,49.583703,83.321544,0.42182642,2.0518438,38.415008,78.821595,0.5012028,2.0390394,36.525064,74.476047
experiment_0a_best,file,16,,1790,032.Mangrove_Cuckoo/Mangrove_Cuckoo_0027_26360.jpg,32,31,032.Mangrove_Cuckoo,136,135,random_erasing,random_erasing,0,"{""area_fraction"":0.175302,""erased"":true,""height"":0.654458,""left"":0.487151,""top"":0.33737,""width"":0.267858}",0.57379502,1.1528454,0.57905036,0.56338334,0.3157371,0.04937207,0.21300252,0.51401127,0.10273458,-0.41127669,0.90662494,1.6625379,85.557069,142.24187,False,0.9684267,True,True,True,0.90662494,1.6625379,85.557069,142.24187,0.90560532,1.664342,84.476916,140.59848,0.94897539,1.5908551,13.552222,21.559622,0.92968935,1.6123065,15.550877,25.072781,0.93647471,1.7418322,40.325956,70.241049,0.92646938,1.6677455,49.583703,82.692999,0.87167956,1.6388352,38.415008,62.955866,0.86074538,1.5973425,36.525064,58.343036
experiment_0a_best,file,16,,181,004.Groove_billed_Ani/Groove_Billed_Ani_0033_1494.jpg,4,3,004.Groove_billed_Ani,27,26,identity,identity,0,{},2.9613175,2.9613175,0,0.05175069,0.05175069,0.1889998,0.1889998,-0.13724911,-0.13724911,0,1,1,204.92851,204.92851,False,1,True,False,False,1,1,204.92851,204.92851,1,1,202.4303,202.4303,1,1,31.900905,31.900905,1,1,65.315231,65.315231,1,1,82.179911,82.179911,1,1,111.67384,111.67384,1,1,102.05632,102.05632,1,1,84.094417,84.094417
experiment_0a_best,file,16,,181,004.Groove_billed_Ani/Groove_Billed_Ani_0033_1494.jpg,4,3,004.Groove_billed_Ani,27,26,horizontal_flip,horizontal_flip,0,"{""flipped"":true}",2.9613175,4.7239389,1.7626214,0.05175069,0.0088801309,0.1889998,0.089408353,-0.13724911,-0.080528222,0.05672089,0.64120549,0.91490861,204.92851,187.49086,False,0.95052731,False,False,False,0.64120549,0.91490861,204.92851,187.49086,0.6332612,0.91280346,202.4303,184.77908,0.93675442,0.99598587,31.900905,31.77285,0.67150036,0.78916074,65.315231,51.544216,0.52857604,0.96461425,82.179911,79.271913,0.62641177,0.91796453,111.67384,102.51263,0.64064215,0.89210302,102.05632,91.044752,0.72202119,0.95164467,84.094417,80.028004
experiment_0a_best,file,16,,181,004.Groove_billed_Ani/Groove_Billed_Ani_0033_1494.jpg,4,3,004.Groove_billed_Ani,27,26,color_jitter,color_jitter,0,"{""brightness"":1.13068,""contrast"":1.386836,""hue"":-0.001373,""saturation"":0.951004}",2.9613175,2.1567318,-0.8045857,0.05175069,0.11570264,0.1889998,0.025037607,-0.13724911,0.090665029,0.22791414,0.63985769,0.96019997,204.92851,196.77235,False,0.94050235,False,False,False,0.63985769,0.96019997,204.92851,196.77235,0.63355058,0.95319983,202.4303,192.95653,0.85769916,1.2088497,31.900905,38.563399,0.74477397,0.8667488,65.315231,56.611898,0.40596872,0.85115753,82.179911,69.94805,0.64405365,0.92521532,111.67384,103.32235,0.66356061,1.0201823,102.05632,104.11605,0.70527941,1.0379579,84.094417,87.286463
experiment_0a_best,file,16,,181,004.Groove_billed_Ani/Groove_Billed_Ani_0033_1494.jpg,4,3,004.Groove_billed_Ani,27,26,rotation,rotation,0,"{""angle"":9.08458}",2.9613175,4.342185,1.3808675,0.05175069,0.013008074,0.1889998,0.41573766,-0.13724911,-0.40272958,-0.26548047,0.7520981,0.97145988,204.92851,199.07983,False,0.96857464,True,False,False,0.7520981,0.97145988,204.92851,199.07983,0.74679802,0.96818513,202.4303,195.99001,0.94632682,1.0952178,31.900905,34.93844,0.89918466,1.0766865,65.315231,70.32403,0.65376095,0.97805225,82.179911,80.376247,0.73277298,0.90502959,111.67384,101.06813,0.72355748,0.94469497,102.05632,96.412093,0.79526162,1.0295652,84.094417,86.580683
experiment_0a_best,file,16,,181,004.Groove_billed_Ani/Groove_Billed_Ani_0033_1494.jpg,4,3,004.Groove_billed_Ani,27,26,random_resized_crop,random_resized_crop,0,"{""area_fraction"":0.848753,""aspect"":0.859473,""fallback"":false,""height"":0.993744,""left"":0.03412,""top"":0.000565,""width"":0.854096}",2.9613175,4.5841942,1.6228766,0.05175069,0.010211975,0.1889998,0.34951991,-0.13724911,-0.33930793,-0.20205882,0.79533178,0.98708873,204.92851,202.28263,False,0.9669016,True,False,False,0.79533178,0.98708873,204.92851,202.28263,0.79107038,0.98401967,202.4303,199.1954,0.9534247,1.1036009,31.900905,35.205867,0.88913907,1.0889945,65.315231,71.127927,0.71827287,0.87728919,82.179911,72.095548,0.79054163,0.92716795,111.67384,103.54041,0.7830393,0.98897103,102.05632,100.93074,0.81260739,1.0972496,84.094417,92.272566
experiment_0a_best,file,16,,181,004.Groove_billed_Ani/Groove_Billed_Ani_0033_1494.jpg,4,3,004.Groove_billed_Ani,27,26,gaussian_blur,gaussian_blur,0,"{""sigma"":1.216793}",2.9613175,2.6254265,-0.33589101,0.05175069,0.07240887,0.1889998,0.030286504,-0.13724911,0.042122366,0.17937148,0.57257787,0.96639228,204.92851,198.04133,False,0.86596453,False,False,False,0.57257787,0.96639228,204.92851,198.04133,0.56643347,0.96777615,202.4303,195.90722,0.83711502,0.90892,31.900905,28.99537,0.69641268,0.93527965,65.315231,61.088006,0.46985361,0.89902857,82.179911,73.882088,0.5508941,0.99685551,111.67384,111.32268,0.54746811,0.96254774,102.05632,98.234081,0.63224138,1.0052736,84.094417,84.537898
experiment_0a_best,file,16,,181,004.Groove_billed_Ani/Groove_Billed_Ani_0033_1494.jpg,4,3,004.Groove_billed_Ani,27,26,random_erasing,random_erasing,0,"{""area_fraction"":0.105318,""erased"":true,""height"":0.242913,""left"":0.074048,""top"":0.753573,""width"":0.433563}",2.9613175,3.2605748,0.29925728,0.05175069,0.03836634,0.1889998,0.20227262,-0.13724911,-0.16390628,-0.026657172,0.96909487,0.92537468,204.92851,189.63566,False,0.9936344,True,False,False,0.96909487,0.92537468,204.92851,189.63566,0.96857125,0.92332716,202.4303,186.9094,0.99181875,1.0043591,31.900905,32.039965,0.98335914,0.89226467,65.315231,58.278473,0.97009532,0.9129214,82.179911,75.023799,0.97223522,0.91230725,111.67384,101.88085,0.96372021,0.92115181,102.05632,94.009365,0.96153875,0.97282248,84.094417,81.80894
experiment_0a_best,file,16,,710,013.Bobolink/Bobolink_0133_9618.jpg,13,12,013.Bobolink,89,88,identity,identity,0,{},0.86016673,0.86016673,0,0.42309153,0.42309153,0.1065532,0.1065532,0.31653833,0.31653833,0,1,1,76.371499,76.371499,False,1,True,True,True,1,1,76.371499,76.371499,1,1,75.068186,75.068186,1,1,14.048961,14.048961,1,1,21.143562,21.143562,1,1,36.061073,36.061073,1,1,37.960116,37.960116,1,1,35.081654,35.081654,1,1,34.87246,34.87246
experiment_0a_best,file,16,,710,013.Bobolink/Bobolink_0133_9618.jpg,13,12,013.Bobolink,89,88,horizontal_flip,horizontal_flip,0,"{""flipped"":true}",0.86016673,0.36812866,-0.49203807,0.42309153,0.69202816,0.1065532,0.032962173,0.31653833,0.65906599,0.34252766,0.67180455,0.62845001,76.371499,47.995669,False,0.95325279,True,True,True,0.67180455,0.62845001,76.371499,47.995669,0.66334219,0.63072803,75.068186,47.347609,0.94884974,0.55951078,14.048961,7.8605453,0.77373469,0.73716791,21.143562,15.586356,0.60858189,0.65033352,36.061073,23.451725,0.63557653,0.64835881,37.960116,24.611775,0.64925571,0.59818,35.081654,20.985144,0.73770001,0.57549545,34.87246,20.068942
experiment_0a_best,file,16,,710,013.Bobolink/Bobolink_0133_9618.jpg,13,12,013.Bobolink,89,88,color_jitter,color_jitter,0,"{""brightness"":1.038301,""contrast"":1.118898,""hue"":-0.053877,""saturation"":1.104971}",0.86016673,1.2802005,0.42003375,0.42309153,0.27798155,0.1065532,0.011133778,0.31653833,0.26684777,-0.049690562,0.62928332,1.3481755,76.371499,102.96219,False,0.89784068,False,True,False,0.62928332,1.3481755,76.371499,102.96219,0.62311441,1.3358779,75.068186,100.28193,0.7852922,1.6613191,14.048961,23.339808,0.65837913,1.180393,21.143562,24.957713,0.65195475,1.181202,36.061073,42.595413,0.64471331,1.3035966,37.960116,49.484679,0.58225047,1.4148495,35.081654,49.63526,0.61567235,1.4919243,34.87246,52.027072
experiment_0a_best,file,16,,710,013.Bobolink/Bobolink_0133_9618.jpg,13,12,013.Bobolink,89,88,rotation,rotation,0,"{""angle"":-9.172744}",0.86016673,1.0351448,0.17497808,0.42309153,0.35517493,0.1065532,0.044585556,0.31653833,0.31058937,-0.0059489608,0.71148858,1.1532425,76.371499,88.074858,False,0.95715415,True,True,True,0.71148858,1.1532425,76.371499,88.074858,0.70374958,1.1549932,75.068186,86.703246,0.94381053,1.1020849,14.048961,15.483148,0.69223521,1.533299,21.143562,32.419404,0.67301191,1.1074847,36.061073,39.937089,0.69203762,1.0952482,37.960116,41.575748,0.71292642,1.1375965,35.081654,39.908766,0.76209666,1.1290493,34.87246,39.372727
experiment_0a_best,file,16,,710,013.Bobolink/Bobolink_0133_9618.jpg,13,12,013.Bobolink,89,88,random_resized_crop,random_resized_crop,0,"{""area_fraction"":0.683827,""aspect"":1.318204,""fallback"":false,""height"":0.720248,""left"":0.017817,""top"":0.23193,""width"":0.949433}",0.86016673,0.15515579,-0.70501094,0.42309153,0.85628176,0.1065532,0.0035345871,0.31653833,0.85274717,0.53620884,0.57851972,0.26055007,76.371499,19.898599,False,0.84926516,True,True,True,0.57851972,0.26055007,76.371499,19.898599,0.56916254,0.25993427,75.068186,19.512794,0.8299165,0.2775561,14.048961,3.8993749,0.59447404,0.26212275,21.143562,5.5422088,0.47898549,0.2390183,36.061073,8.6192563,0.58339518,0.26221788,37.960116,9.953821,0.57399182,0.27171576,35.081654,9.5322382,0.62777714,0.26561918,34.87246,9.2627941
experiment_0a_best,file,16,,710,013.Bobolink/Bobolink_0133_9618.jpg,13,12,013.Bobolink,89,88,gaussian_blur,gaussian_blur,0,"{""sigma"":1.891465}",0.86016673,0.06513083,-0.7950359,0.42309153,0.9369449,0.1065532,0.00012761103,0.31653833,0.93681729,0.62027896,0.3674337,0.16320126,76.371499,12.463925,False,0.81120002,True,True,True,0.3674337,0.16320126,76.371499,12.463925,0.35583891,0.16410913,75.068186,12.319375,0.7776563,0.13472397,14.048961,1.8927318,0.40461259,0.12189825,21.143562,2.5773633,0.2442155,0.1640882,36.061073,5.9171965,0.30841907,0.19435699,37.960116,7.3778139,0.41419424,0.16694901,35.081654,5.8568473,0.51750121,0.13258135,34.87246,4.6234377
experiment_0a_best,file,16,,710,013.Bobolink/Bobolink_0133_9618.jpg,13,12,013.Bobolink,89,88,random_erasing,random_erasing,0,"{""area_fraction"":0.139278,""erased"":true,""height"":0.254895,""left"":0.128056,""top"":0.158717,""width"":0.546412}",0.86016673,3.4031694,2.5430027,0.42309153,0.033267666,0.1065532,9.1814327e-05,0.31653833,0.033175851,-0.28336248,0.30652512,2.0501533,76.371499,156.57328,False,0.64746404,False,True,False,0.30652512,2.0501533,76.371499,156.57328,0.29701105,2.0355552,75.068186,152.80543,0.53867888,2.4302316,14.048961,34.14223,0.58891602,1.6069937,21.143562,33.977572,0.31587011,1.8103657,36.061073,65.283728,0.29739072,1.961584,37.960116,74.461954,0.23355093,2.2290603,35.081654,78.199121,0.27477535,2.2712663,34.87246,79.204642
experiment_0a_best,file,16,,11178,190.Red_cockaded_Woodpecker/Red_Cockaded_Woodpecker_0032_182376.jpg,190,189,190.Red_cockaded_Woodpecker,189,188,identity,identity,0,{},0.006125249,0.006125249,0,0.99389344,0.99389344,0.0051026712,0.0051026712,0.98879077,0.98879077,0,1,1,0.90582049,0.90582049,False,1,True,True,True,1,1,0.90582049,0.90582049,1,1,0.87911309,0.87911309,1,1,0.21833677,0.21833677,1,1,0.14255161,0.14255161,1,1,0.34976095,0.34976095,1,1,0.47158903,0.47158903,1,1,0.42050432,0.42050432,1,1,0.48058926,0.48058926
experiment_0a_best,file,16,,11178,190.Red_cockaded_Woodpecker/Red_Cockaded_Woodpecker_0032_182376.jpg,190,189,190.Red_cockaded_Woodpecker,189,188,horizontal_flip,horizontal_flip,0,"{""flipped"":true}",0.006125249,0.02683072,0.020705471,0.99389344,0.973526,0.0051026712,0.020866487,0.98879077,0.95265951,-0.03613126,0.64741918,3.722854,0.90582049,3.3722375,False,0.97416878,True,True,True,0.64741918,3.722854,0.90582049,3.3722375,0.62589106,3.7051688,0.87911309,3.2572624,0.97257951,3.9986688,0.21833677,0.8730564,0.6129877,3.9818796,0.14255161,0.56762335,0.50246072,3.4446412,0.34976095,1.204801,0.65090928,3.4754132,0.47158903,1.6389668,0.55062944,3.7974994,0.42050432,1.5968649,0.72169595,3.9479054,0.48058926,1.897321
experiment_0a_best,file,16,,11178,190.Red_cockaded_Woodpecker/Red_Cockaded_Woodpecker_0032_182376.jpg,190,189,190.Red_cockaded_Woodpecker,189,188,color_jitter,color_jitter,0,"{""brightness"":1.14089,""contrast"":1.137823,""hue"":0.039157,""saturation"":0.668663}",0.006125249,0.001504362,-0.004620887,0.99389344,0.99849677,0.0051026712,0.000922576,0.98879077,0.99757419,0.0087834215,0.78851771,0.21178227,0.90582049,0.19183672,False,0.98668534,True,True,True,0.78851771,0.21178227,0.90582049,0.19183672,0.77642934,0.21067792,0.87911309,0.18520972,0.97141395,0.2289439,0.21833677,0.04998687,0.63597739,0.19365207,0.14255161,0.027605414,0.73718737,0.19741278,0.34976095,0.069047279,0.78527206,0.1940535,0.47158903,0.091513501,0.73097884,0.21536035,0.42050432,0.090559957,0.83627043,0.22980342,0.48058926,0.11044106
experiment_0a_best,file,16,,11178,190.Red_cockaded_Woodpecker/Red_Cockaded_Woodpecker_0032_182376.jpg,190,189,190.Red_cockaded_Woodpecker,189,188,rotation,rotation,0,"{""angle"":-2.915816}",0.006125249,0.0034995761,-0.0026256728,0.99389344,0.99650651,0.0051026712,0.0025832539,0.98879077,0.99392326,0.0051324849,0.82314318,0.52139604,0.90582049,0.47229122,False,0.98092759,True,True,True,0.82314318,0.52139604,0.90582049,0.47229122,0.81303035,0.51911917,0.87911309,0.45636445,0.97785572,0.55701167,0.21833677,0.12161613,0.75263247,0.56351502,0.14255161,0.080329974,0.71854795,0.49103898,0.34976095,0.17174626,0.81467178,0.52605659,0.47158903,0.24808252,0.80098548,0.51254786,0.42050432,0.21552859,0.87375491,0.52771984,0.48058926,0.25361649
experiment_0a_best,file,16,,11178,190.Red_cockaded_Woodpecker/Red_Cockaded_Woodpecker_0032_182376.jpg,190,189,190.Red_cockaded_Woodpecker,189,188,random_resized_crop,random_resized_crop,0,"{""area_fraction"":0.524271,""aspect"":1.087216,""fallback"":false,""height"":0.694416,""left"":0.028103,""top"":0.199984,""width"":0.754981}",0.006125249,0.0020360472,-0.0040892018,0.99389344,0.99796605,0.0051026712,0.0012352862,0.98879077,0.99673076,0.0079399915,0.60463141,0.35539133,0.90582049,0.32192075,False,0.96159667,True,True,True,0.60463141,0.35539133,0.90582049,0.32192075,0.58548023,0.35707677,0.87911309,0.31391086,0.94605462,0.32685663,0.21833677,0.07136482,0.47059209,0.39775605,0.14255161,0.056700765,0.38915465,0.36378726,0.34976095,0.12723857,0.59062506,0.38596111,0.47158903,0.18201502,0.58551754,0.34511464,0.42050432,0.1451222,0.71168903,0.32864107,0.48058926,0.15794137
experiment_0a_best,file,16,,11178,190.Red_cockaded_Woodpecker/Red_Cockaded_Woodpecker_0032_182376.jpg,190,189,190.Red_cockaded_Woodpecker,189,188,gaussian_blur,gaussian_blur,0,"{""sigma"":1.557654}",0.006125249,0.69963241,0.69350716,0.99389344,0.49676788,0.0051026712,0.0017847087,0.98879077,0.49498317,-0.4938076,0.27265763,138.61153,0.90582049,125.55717,False,0.79789364,True,True,True,0.27265763,138.61153,0.90582049,125.55717,0.26756513,141.55223,0.87911309,124.44042,0.47670511,76.527725,0.21833677,16.708816,0.38157829,198.94502,0.14255161,28.359933,0.30053323,195.78724,0.34976095,68.478732,0.28968454,148.51169,0.47158903,70.036484,0.2374873,133.09773,0.42050432,55.968169,0.25290527,91.984788,0.48058926,44.206901
experiment_0a_best,file,16,,11178,190.Red_cockaded_Woodpecker/Red_Cockaded_Woodpecker_0032_182376.jpg,190,189,190.Red_cockaded_Woodpecker,189,188,random_erasing,random_erasing,0,"{""area_fraction"":0.1906,""erased"":true,""height"":0.281706,""left"":0.160865,""top"":0.680769,""width"":0.676592}",0.006125249,0.0091830743,0.0030578254,0.99389344,0.99085897,0.0051026712,0.0076769958,0.98879077,0.98318198,-0.0056087971,0.91847962,1.4800584,0.90582049,1.3406673,False,0.98130417,True,True,True,0.91847962,1.4800584,0.90582049,1.3406673,0.91456102,1.4787946,0.87911309,1.3000277,0.98118401,1.5003988,0.21833677,0.32759222,0.94020413,1.4968457,0.14255161,0.21337776,0.92699554,1.5771128,0.34976095,0.55161247,0.92857402,1.4641143,0.47158903,0.69046023,0.90934546,1.4838368,0.42050432,0.62395978,0.89691801,1.4328766,0.48058926,0.68862509
experiment_0a_best,file,16,,5845,100.Brown_Pelican/Brown_Pelican_0071_94549.jpg,100,99,100.Brown_Pelican,101,100,identity,identity,0,{},0.066332147,0.066332147,0,0.93581998,0.93581998,0.028997732,0.028997732,0.90682225,0.90682225,0,1,1,9.5617499,9.5617499,False,1,True,True,True,1,1,9.5617499,9.5617499,1,1,9.3246439,9.3246439,1,1,2.1161468,2.1161468,1,1,2.5246636,2.5246636,1,1,3.589915,3.589915,1,1,4.4654575,4.4654575,1,1,4.6202478,4.6202478,1,1,5.1381483,5.1381483
experiment_0a_best,file,16,,5845,100.Brown_Pelican/Brown_Pelican_0071_94549.jpg,100,99,100.Brown_Pelican,101,100,horizontal_flip,horizontal_flip,0,"{""flipped"":true}",0.066332147,0.010274377,-0.05605777,0.93581998,0.98977822,0.028997732,0.0056732362,0.90682225,0.98410498,0.077282733,0.60813675,0.15278697,9.5617499,1.4609108,False,0.96004415,True,True,True,0.60813675,0.15278697,9.5617499,1.4609108,0.5895213,0.15206882,9.3246439,1.4179876,0.94126749,0.16611678,2.1161468,0.35152749,-0.02754034,0.10998245,2.5246636,0.27766868,0.60104195,0.15685068,3.589915,0.56308063,0.63333217,0.14657271,4.4654575,0.65451423,0.55594613,0.15255205,4.6202478,0.70482826,0.68761399,0.16182463,5.1381483,0.83147896
experiment_0a_best,file,16,,5845,100.Brown_Pelican/Brown_Pelican_0071_94549.jpg,100,99,100.Brown_Pelican,101,100,color_jitter,color_jitter,0,"{""brightness"":0.624769,""contrast"":0.848996,""hue"":-0.065876,""saturation"":1.385149}",0.066332147,0.1701028,0.10377066,0.93581998,0.8435781,0.028997732,0.019586248,0.90682225,0.82399185,-0.082830399,0.74051789,2.390332,9.5617499,22.855757,False,0.9443475,True,True,True,0.74051789,2.390332,9.5617499,22.855757,0.73339129,2.4000641,9.3246439,22.379743,0.8948552,2.1928242,2.1161468,4.640338,0.79083531,3.7614587,2.5246636,9.4964179,0.64098074,2.5317533,3.589915,9.0887791,0.73700987,2.112115,4.4654575,9.43156,0.74203555,2.1704008,4.6202478,10.027789,0.78955501,2.2908841,5.1381483,11.770902
experiment_0a_best,file,16,,5845,100.Brown_Pelican/Brown_Pelican_0071_94549.jpg,100,99,100.Brown_Pelican,101,100,rotation,rotation,0,"{""angle"":14.572886}",0.066332147,0.21665636,0.15032421,0.93581998,0.8052066,0.028997732,0.12644345,0.90682225,0.67876315,-0.2280591,0.61432356,2.809211,9.5617499,26.860974,False,0.94967836,True,True,True,0.61432356,2.809211,9.5617499,26.860974,0.59843353,2.8005862,9.3246439,26.114469,0.90611132,2.9717183,2.1161468,6.2885922,0.3382909,2.7168491,2.5246636,6.8591299,0.52127214,2.9970056,3.589915,10.758995,0.6007563,2.6666889,4.4654575,11.907986,0.61889397,2.8341799,4.6202478,13.094614,0.68283433,2.7926337,5.1381483,14.348966
experiment_0a_best,file,16,,5845,100.Brown_Pelican/Brown_Pelican_0071_94549.jpg,100,99,100.Brown_Pelican,101,100,random_resized_crop,random_resized_crop,0,"{""area_fraction"":0.674137,""aspect"":1.252811,""fallback"":false,""height"":0.733552,""left"":0.067253,""top"":0.046958,""width"":0.919003}",0.066332147,0.19406423,0.12773208,0.93581998,0.823605,0.028997732,0.10551205,0.90682225,0.71809295,-0.1887293,0.64796232,2.3512937,9.5617499,22.482482,False,0.93333459,True,True,True,0.64796232,2.3512937,9.5617499,22.482482,0.63372156,2.3358659,9.3246439,21.781118,0.89766084,2.6329912,2.1161468,5.5717959,0.55172827,2.0617739,2.5246636,5.2052855,0.5563384,2.3601765,3.589915,8.4728332,0.63941581,2.3613332,4.4654575,10.544433,0.60707178,2.3365178,4.6202478,10.795291,0.70677312,2.366165,5.1381483,12.157707
experiment_0a_best,file,16,,5845,100.Brown_Pelican/Brown_Pelican_0071_94549.jpg,100,99,100.Brown_Pelican,101,100,gaussian_blur,gaussian_blur,0,"{""sigma"":1.86139}",0.066332147,2.5192699,2.4529378,0.93581998,0.080518372,0.028997732,0.046478219,0.90682225,0.034040153,-0.8727821,0.49826018,12.894664,9.5617499,123.29556,False,0.84603804,False,True,False,0.49826018,12.894664,9.5617499,123.29556,0.48682098,13.007763,9.3246439,121.29276,0.78591389,10.459013,2.1161468,22.132807,0.71362581,15.435145,2.5246636,38.968548,0.33223624,13.216278,3.589915,47.445314,0.44406356,13.885236,4.4654575,62.003931,0.46559516,13.081487,4.6202478,60.439714,0.56648691,11.423008,5.1381483,58.693107
experiment_0a_best,file,16,,5845,100.Brown_Pelican/Brown_Pelican_0071_94549.jpg,100,99,100.Brown_Pelican,101,100,random_erasing,random_erasing,0,"{""area_fraction"":0.051496,""erased"":true,""height"":0.155551,""left"":0.171431,""top"":0.509045,""width"":0.331057}",0.066332147,0.36674854,0.3004164,0.93581998,0.69298387,0.028997732,0.11789697,0.90682225,0.5750869,-0.33173535,0.76605318,4.0599017,9.5617499,38.819765,False,0.95736843,True,True,True,0.76605318,4.0599017,9.5617499,38.819765,0.75545417,4.0359513,9.3246439,37.633809,0.95492786,4.4997396,2.1161468,9.5221096,0.75078578,3.477177,2.5246636,8.7787021,0.75927548,3.6134875,3.589915,12.972113,0.73067927,3.9237153,4.4654575,17.521184,0.73235241,4.1470353,4.6202478,19.160331,0.79548175,4.3381736,5.1381483,22.290179
experiment_0a_best,file,16,,8544,146.Forsters_Tern/Forsters_Tern_0104_152666.jpg,146,145,146.Forsters_Tern,144,143,identity,identity,0,{},0.0098977974,0.0098977974,0,0.99015105,0.99015105,0.006729309,0.006729309,0.98342174,0.98342174,0,1,1,1.8672313,1.8672313,False,1,True,True,True,1,1,1.8672313,1.8672313,1,1,1.8286229,1.8286229,1,1,0.37774459,0.37774459,1,1,0.36173589,0.36173589,1,1,0.77497467,0.77497467,1,1,1.0006495,1.0006495,1,1,0.90618738,0.90618738,1,1,0.88879017,0.88879017
experiment_0a_best,file,16,,8544,146.Forsters_Tern/Forsters_Tern_0104_152666.jpg,146,145,146.Forsters_Tern,144,143,horizontal_flip,horizontal_flip,0,"{""flipped"":true}",0.0098977974,0.0085654734,-0.001332324,0.99015105,0.99147111,0.006729309,0.0059176059,0.98342174,0.98555351,0.0021317671,0.76579713,0.97854779,1.8672313,1.827175,False,0.98404229,True,True,True,0.76579713,0.97854779,1.8672313,1.827175,0.75780734,0.98297517,1.8286229,1.7974909,0.98342469,0.86835643,0.37774459,0.32801694,0.58266684,1.0318367,0.36173589,0.37325238,0.65834571,0.98221315,0.77497467,0.76119031,0.78049895,0.98319122,1.0006495,0.98382984,0.77251321,0.99802172,0.90618738,0.90439468,0.82156516,0.95893029,0.88879017,0.85228782
experiment_0a_best,file,16,,8544,146.Forsters_Tern/Forsters_Tern_0104_152666.jpg,146,145,146.Forsters_Tern,144,143,color_jitter,color_jitter,0,"{""brightness"":1.320545,""contrast"":0.734652,""hue"":-0.044642,""saturation"":0.722714}",0.0098977974,0.063496888,0.05359909,0.99015105,0.93847704,0.006729309,0.0080918446,0.98342174,0.93038519,-0.053036544,0.69699357,7.9359437,1.8672313,14.818242,False,0.96526456,True,True,True,0.69699357,7.9359437,1.8672313,14.818242,0.69527896,7.9644084,1.8286229,14.563899,0.74429378,7.2369105,0.37774459,2.7337038,0.56261804,9.2289332,0.36173589,3.3384364,0.56099128,8.1045368,0.77497467,6.2808107,0.77226308,7.9458791,1.0006495,7.9510403,0.72828822,8.0322034,0.90618738,7.2786813,0.6950626,7.573953,0.88879017,6.731655
experiment_0a_best,file,16,,8544,146.Forsters_Tern/Forsters_Tern_0104_152666.jpg,146,145,146.Forsters_Tern,144,143,rotation,rotation,0,"{""angle"":-2.353819}",0.0098977974,0.010926417,0.0010286197,0.99015105,0.98913306,0.006729309,0.0090730293,0.98342174,0.98006003,-0.003361708,0.86951193,1.3712372,1.8672313,2.560417,False,0.9817875,True,True,True,0.86951193,1.3712372,1.8672313,2.560417,0.86555195,1.375731,1.8286229,2.5156931,0.97387987,1.2613545,0.37774459,0.47646985,0.80817242,1.630125,0.36173589,0.58967473,0.80888994,1.4639746,0.77497467,1.1345432,0.88447156,1.4154402,1.0006495,1.4163596,0.87725886,1.3198706,0.90618738,1.1960501,0.8968942,1.2615441,0.88879017,1.121248
experiment_0a_best,file,16,,8544,146.Forsters_Tern/Forsters_Tern_0104_152666.jpg,146,145,146.Forsters_Tern,144,143,random_resized_crop,random_resized_crop,0,"{""area_fraction"":0.503379,""aspect"":1.138874,""fallback"":false,""height"":0.664828,""left"":0.029779,""top"":0.009201,""width"":0.757156}",0.0098977974,1.6270776,1.6171798,0.99015105,0.19650298,0.006729309,0.1977154,0.98342174,-0.0012124181,-0.98463416,0.37591371,90.332038,1.8672313,168.67081,False,0.8251074,False,True,False,0.37591371,90.332038,1.8672313,168.67081,0.36327508,90.943562,1.8286229,166.30148,0.74424592,74.57939,0.37774459,28.171961,0.067897722,89.828177,0.36173589,32.494075,0.088349114,104.16428,0.77497467,80.724674,0.36578926,82.003627,1.0006495,82.056891,0.48110168,92.268178,0.90618738,83.612258,0.53134258,89.724748,0.88879017,79.746475
experiment_0a_best,file,16,,8544,146.Forsters_Tern/Forsters_Tern_0104_152666.jpg,146,145,146.Forsters_Tern,144,143,gaussian_blur,gaussian_blur,0,"{""sigma"":1.867744}",0.0098977974,0.16684633,0.15694854,0.99015105,0.84632969,0.006729309,0.06404791,0.98342174,0.78228178,-0.20113996,0.5102183,15.309627,1.8672313,28.586614,False,0.88209188,True,True,True,0.5102183,15.309627,1.8672313,28.586614,0.49784137,15.384049,1.8286229,28.131624,0.84646863,13.448199,0.37774459,5.0799845,0.25000297,15.237629,0.36173589,5.5119971,0.34321347,16.29778,0.77497467,12.630366,0.46609302,15.813186,1.0006495,15.823457,0.56253568,15.194457,0.90618738,13.769025,0.65098737,14.298926,0.88879017,12.708745
experiment_0a_best,file,16,,8544,146.Forsters_Tern/Forsters_Tern_0104_152666.jpg,146,145,146.Forsters_Tern,144,143,random_erasing,random_erasing,0,"{""area_fraction"":0.061814,""erased"":true,""height"":0.443129,""left"":0.119243,""top"":0.228,""width"":0.139493}",0.0098977974,0.01414053,0.0042427322,0.99015105,0.98595899,0.006729309,0.01097107,0.98342174,0.97498792,-0.0084338156,0.95394657,1.4620777,1.8672313,2.7300372,False,0.99450487,True,True,True,0.95394657,1.4620777,1.8672313,2.7300372,0.95235987,1.4602533,1.8286229,2.6702526,0.99044514,1.5041974,0.37774459,0.56820243,0.93930493,1.5991078,0.36173589,0.57845467,0.95219962,1.4649734,0.77497467,1.1353173,0.95444476,1.4520897,1.0006495,1.4530328,0.95039056,1.444911,0.90618738,1.3093601,0.95504174,1.4587477,0.88879017,1.2965206
experiment_0a_best,file,16,,6326,109.American_Redstart/American_Redstart_0111_102945.jpg,109,108,109.American_Redstart,21,20,identity,identity,0,{},0.000234338,0.000234338,0,0.99976569,0.99976569,0.00010700612,0.00010700612,0.99965869,0.99965869,0,1,1,0.03216417,0.03216417,False,1,True,True,True,1,1,0.03216417,0.03216417,1,1,0.031162389,0.031162389,1,1,0.0079648851,0.0079648851,1,1,0.0052502112,0.0052502112,1,1,0.010776813,0.010776813,1,1,0.015220531,0.015220531,1,1,0.016132186,0.016132186,1,1,0.01831606,0.01831606
experiment_0a_best,file,16,,6326,109.American_Redstart/American_Redstart_0111_102945.jpg,109,108,109.American_Redstart,21,20,horizontal_flip,horizontal_flip,0,"{""flipped"":true}",0.000234338,0.00018022821,-5.4109798e-05,0.99976569,0.99981982,0.00010700612,3.9050912e-05,0.99965869,0.99978076,0.00012207622,0.5613883,0.72183998,0.03216417,0.023217384,False,0.98281014,True,True,True,0.5613883,0.72183998,0.03216417,0.023217384,0.53538919,0.72062793,0.031162389,0.022456488,0.94906104,0.7401457,0.0079648851,0.0058951754,0.15880589,0.89723922,0.0052502112,0.0047106954,0.40619947,0.70042411,0.010776813,0.0075483394,0.39577484,0.66874245,0.015220531,0.010178615,0.4839059,0.70235165,0.016132186,0.011330468,0.73827829,0.75876338,0.01831606,0.013897555
experiment_0a_best,file,16,,6326,109.American_Redstart/American_Redstart_0111_102945.jpg,109,108,109.American_Redstart,21,20,color_jitter,color_jitter,0,"{""brightness"":0.86481,""contrast"":0.915382,""hue"":0.034857,""saturation"":1.284623}",0.000234338,0.00028200942,4.7671419e-05,0.99976569,0.99971801,0.00010700612,1.6865157e-05,0.99965869,0.99970115,4.2457246e-05,0.59377528,1.5629518,0.03216417,0.050271047,False,0.95919567,True,True,True,0.59377528,1.5629518,0.03216417,0.050271047,0.58155764,1.5804874,0.031162389,0.049251761,0.84160954,1.2645318,0.0079648851,0.010071851,0.20508238,1.9618552,0.0052502112,0.010300154,0.40159765,1.9445645,0.010776813,0.020956208,0.48597877,1.6611432,0.015220531,0.025283481,0.639184,1.5713377,0.016132186,0.025349112,0.76400484,1.3358381,0.01831606,0.02446729
experiment_0a_best,file,16,,6326,109.American_Redstart/American_Redstart_0111_102945.jpg,109,108,109.American_Redstart,21,20,rotation,rotation,0,"{""angle"":7.030854}",0.000234338,9.2382928e-05,-0.00014195508,0.99976569,0.99990761,0.00010700612,3.0539373e-05,0.99965869,0.99987707,0.0002183854,0.80822387,0.39150031,0.03216417,0.012592283,False,0.98925304,True,True,True,0.80822387,0.39150031,0.03216417,0.012592283,0.7968168,0.39142913,0.031162389,0.012197867,0.98232467,0.39258829,0.0079648851,0.0031269206,0.69703461,0.39302128,0.0052502112,0.0020634447,0.73231285,0.41500145,0.010776813,0.0044723928,0.73098346,0.39869117,0.015220531,0.0060682913,0.7910048,0.37381252,0.016132186,0.0060304133,0.88060775,0.39118897,0.01831606,0.0071650407
experiment_0a_best,file,16,,6326,109.American_Redstart/American_Redstart_0111_102945.jpg,109,108,109.American_Redstart,21,20,random_resized_crop,random_resized_crop,0,"{""area_fraction"":0.692608,""aspect"":1.312323,""fallback"":false,""height"":0.726479,""left"":0.035972,""top"":0.128921,""width"":0.953375}",0.000234338,0.0024546038,0.0022202658,0.99976569,0.9975484,0.00010700612,0.00065214408,0.99965869,0.99689626,-0.0027624307,0.6799616,12.331237,0.03216417,0.396624,False,0.96117997,True,True,True,0.6799616,12.331237,0.03216417,0.396624,0.66845748,12.491867,0.031162389,0.38927643,0.93417996,9.5406134,0.0079648851,0.075989889,0.397823,17.003539,0.0052502112,0.08927217,0.53206368,13.928692,0.010776813,0.15010691,0.63375819,13.067166,0.015220531,0.1988892,0.7021533,12.927457,0.016132186,0.20854814,0.77903013,10.640834,0.01831606,0.19489815
experiment_0a_best,file,16,,6326,109.American_Redstart/American_Redstart_0111_102945.jpg,109,108,109.American_Redstart,21,20,gaussian_blur,gaussian_blur,0,"{""sigma"":1.373348}",0.000234338,0.0012734169,0.0010390789,0.99976569,0.99872738,0.00010700612,0.00029256465,0.99965869,0.99843482,-0.0012238714,0.53250648,7.6595479,0.03216417,0.24636301,False,0.94903624,True,True,True,0.53250648,7.6595479,0.03216417,0.24636301,0.518285,7.8008894,0.031162389,0.24309435,0.92094789,5.0218386,0.0079648851,0.039998367,0.10019721,10.518859,0.0052502112,0.055226231,0.4382686,9.712142,0.010776813,0.10466594,0.46032157,8.9834261,0.015220531,0.13673251,0.55045742,8.0977028,0.016132186,0.13063365,0.7262374,5.2733464,0.01831606,0.096586929
experiment_0a_best,file,16,,6326,109.American_Redstart/American_Redstart_0111_102945.jpg,109,108,109.American_Redstart,21,20,random_erasing,random_erasing,0,"{""area_fraction"":0.159287,""erased"":true,""height"":0.371791,""left"":0.549369,""top"":0.351413,""width"":0.428431}",0.000234338,0.00042918054,0.00019484253,0.99976569,0.99957091,0.00010700612,0.00016706457,0.99965869,0.99940384,-0.00025484643,0.86428175,1.5814621,0.03216417,0.050866415,False,0.99373955,True,True,True,0.86428175,1.5814621,0.03216417,0.050866415,0.8554649,1.5734693,0.031162389,0.049033062,0.99164803,1.699124,0.0079648851,0.013533327,0.76186904,1.4808345,0.0052502112,0.0077746937,0.71858679,1.3502776,0.010776813,0.014551689,0.82582887,1.4683785,0.015220531,0.0223495,0.85268169,1.5522995,0.016132186,0.025041985,0.92627418,1.7311973,0.01831606,0.031708714
experiment_0a_best,file,16,,4683,081.Pied_Kingfisher/Pied_Kingfisher_0016_72280.jpg,81,80,081.Pied_Kingfisher,80,79,identity,identity,0,{},0.0079762274,0.0079762274,0,0.99205548,0.99205548,0.0011374844,0.0011374844,0.99091799,0.99091799,0,1,1,1.0702267,1.0702267,False,1,True,True,True,1,1,1.0702267,1.0702267,1,1,1.0467537,1.0467537,1,1,0.22291684,0.22291684,1,1,0.22543346,0.22543346,1,1,0.421478,0.421478,1,1,0.52028158,0.52028158,1,1,0.51766864,0.51766864,1,1,0.57319763,0.57319763
experiment_0a_best,file,16,,4683,081.Pied_Kingfisher/Pied_Kingfisher_0016_72280.jpg,81,80,081.Pied_Kingfisher,80,79,horizontal_flip,horizontal_flip,0,"{""flipped"":true}",0.0079762274,0.044080839,0.036104611,0.99205548,0.95687658,0.0011374844,0.0085012391,0.99091799,0.94837534,-0.042542654,0.6296717,6.3875709,1.0702267,6.8361488,False,0.97142774,True,True,True,0.6296717,6.3875709,1.0702267,6.8361488,0.61870852,6.4434169,1.0467537,6.7446702,0.96083851,5.0001151,0.22291684,1.1146099,0.75593168,7.0574684,0.22543346,1.5909895,0.59692917,7.3070278,0.421478,3.0797515,0.51904132,6.6769808,0.52028158,3.4739102,0.56771255,6.4877203,0.51766864,3.3584894,0.7658563,5.5518162,0.57319763,3.1822879
experiment_0a_best,file,16,,4683,081.Pied_Kingfisher/Pied_Kingfisher_0016_72280.jpg,81,80,081.Pied_Kingfisher,80,79,color_jitter,color_jitter,0,"{""brightness"":1.198233,""contrast"":0.625145,""hue"":0.071699,""saturation"":0.871011}",0.0079762274,0.050198067,0.04222184,0.99205548,0.95104104,0.0011374844,0.0005575355,0.99091799,0.95048351,-0.040434484,0.59260233,7.7845743,1.0702267,8.3312591,False,0.9223761,True,True,True,0.59260233,7.7845743,1.0702267,8.3312591,0.5827881,7.8352287,1.0467537,8.2015543,0.85959839,6.5691404,0.22291684,1.464372,0.48977778,11.954806,0.22543346,2.6950133,0.45639605,8.3951996,0.421478,3.5383919,0.57692943,7.8142483,0.52028158,4.0656095,0.59381595,7.809521,0.51766864,4.0427442,0.71292619,6.6682073,0.57319763,3.8222006
experiment_0a_best,file,16,,4683,081.Pied_Kingfisher/Pied_Kingfisher_0016_72280.jpg,81,80,081.Pied_Kingfisher,80,79,rotation,rotation,0,"{""angle"":-12.778498}",0.0079762274,0.035084281,0.027108054,0.99205548,0.96552402,0.0011374844,0.0011862925,0.99091799,0.96433773,-0.026580266,0.56603155,4.4154777,1.0702267,4.725562,False,0.93068945,True,True,True,0.56603155,4.4154777,1.0702267,4.725562,0.5520142,4.4097023,1.0467537,4.615872,0.86640899,4.540958,0.22291684,1.012256,0.47507885,4.6692383,0.22543346,1.0526025,0.52022138,4.5175501,0.421478,1.904048,0.50695353,4.486154,0.52028158,2.3340633,0.49041052,4.3368186,0.51766864,2.245035,0.67284645,4.3034945,0.57319763,2.4667528
experiment_0a_best,file,16,,4683,081.Pied_Kingfisher/Pied_Kingfisher_0016_72280.jpg,81,80,081.Pied_Kingfisher,80,79,random_resized_crop,random_resized_crop,0,"{""area_fraction"":0.75413,""aspect"":0.856951,""fallback"":false,""height"":0.938092,""left"":0.021308,""top"":0.046636,""width"":0.803898}",0.0079762274,0.023643812,0.015667585,0.99205548,0.97663349,0.0011374844,0.0015701699,0.99091799,0.97506332,-0.015854672,0.74195631,3.0636905,1.0702267,3.2788433,False,0.97477961,True,True,True,0.74195631,3.0636905,1.0702267,3.2788433,0.73349833,3.065053,1.0467537,3.2083554,0.93043089,3.0334936,0.22291684,0.6762168,0.74507023,2.8693068,0.22543346,0.64683776,0.69533499,2.9820393,0.421478,1.256864,0.70478549,3.0515832,0.52028158,1.5876826,0.69311622,3.1368803,0.51766864,1.6238645,0.80910728,3.0903375,0.57319763,1.7713741
experiment_0a_best,file,16,,4683,081.Pied_Kingfisher/Pied_Kingfisher_0016_72280.jpg,81,80,081.Pied_Kingfisher,80,79,gaussian_blur,gaussian_blur,0,"{""sigma"":1.9905}",0.0079762274,0.52998447,0.52200825,0.99205548,0.58861411,0.0011374844,0.0006551792,0.99091799,0.58795893,-0.40295906,0.37678032,65.431739,1.0702267,70.026793,False,0.82946455,True,True,True,0.37678032,65.431739,1.0702267,70.026793,0.3640687,66.178476,1.0467537,69.272561,0.80463935,45.981584,0.22291684,10.250069,0.12986936,84.706568,0.22543346,19.095695,0.35348542,67.783451,0.421478,28.569233,0.27003806,68.302549,0.52028158,35.536559,0.33965561,73.237535,0.51766864,37.912775,0.57158756,52.84769,0.57319763,30.29217
experiment_0a_best,file,16,,4683,081.Pied_Kingfisher/Pied_Kingfisher_0016_72280.jpg,81,80,081.Pied_Kingfisher,80,79,random_erasing,random_erasing,0,"{""area_fraction"":0.100351,""erased"":true,""height"":0.288113,""left"":0.296302,""top"":0.006016,""width"":0.348302}",0.0079762274,0.17961387,0.17163765,0.99205548,0.83559281,0.0011374844,0.0051223226,0.99091799,0.83047048,-0.16044751,0.56485589,28.840501,1.0702267,30.865874,False,0.93767273,True,True,True,0.56485589,28.840501,1.0702267,30.865874,0.55505322,29.05631,1.0467537,30.414799,0.84303275,23.585388,0.22291684,5.2575803,0.68678655,38.525877,0.22543346,8.6850218,0.52504277,31.679211,0.421478,13.35209,0.49679176,27.975961,0.52028158,14.555377,0.52045851,31.135728,0.51766864,16.11799,0.65022679,24.654059,0.57319763,14.131648
experiment_0a_best,file,16,,9125,156.White_eyed_Vireo/White_Eyed_Vireo_0050_158829.jpg,156,155,156.White_eyed_Vireo,157,156,identity,identity,0,{},0.063788727,0.063788727,0,0.93820322,0.93820322,0.028394645,0.028394645,0.90980857,0.90980857,0,1,1,12.746572,12.746572,False,1,True,True,True,1,1,12.746572,12.746572,1,1,12.563895,12.563895,1,1,2.1502608,2.1502608,1,1,2.4039242,2.4039242,1,1,5.9988099,5.9988099,1,1,7.3148445,7.3148445,1,1,6.2912792,6.2912792,1,1,4.7958056,4.7958056
experiment_0a_best,file,16,,9125,156.White_eyed_Vireo/White_Eyed_Vireo_0050_158829.jpg,156,155,156.White_eyed_Vireo,157,156,horizontal_flip,horizontal_flip,0,"{""flipped"":true}",0.063788727,0.0044383113,-0.059350416,0.93820322,0.99557149,0.028394645,0.0024466531,0.90980857,0.99312484,0.08331627,0.67169965,0.064330094,12.746572,0.81998815,False,0.97099161,True,True,True,0.67169965,0.064330094,12.746572,0.81998815,0.66142436,0.063802496,12.563895,0.80160788,0.96764582,0.080289005,2.1502608,0.1726423,0.6988472,0.063700821,2.4039242,0.15313195,0.62761371,0.069179219,5.9988099,0.41499298,0.63186644,0.058661043,7.3148445,0.42909641,0.69010881,0.059627109,6.2912792,0.37513079,0.73395803,0.072849194,4.7958056,0.34937057
experiment_0a_best,file,16,,9125,156.White_eyed_Vireo/White_Eyed_Vireo_0050_158829.jpg,156,155,156.White_eyed_Vireo,157,156,color_jitter,color_jitter,0,"{""brightness"":0.968804,""contrast"":0.884205,""hue"":-0.068038,""saturation"":0.63575}",0.063788727,1.1645329,1.1007442,0.93820322,0.3120684,0.028394645,0.10091328,0.90980857,0.21115512,-0.69865345,0.5898147,8.9154541,12.746572,113.64147,False,0.87907845,True,True,True,0.5898147,8.9154541,12.746572,113.64147,0.5826808,8.9153346,12.563895,112.01133,0.83325314,8.9195301,2.1502608,19.179316,0.48729181,7.9481619,2.4039242,19.106779,0.46393486,10.463313,5.9988099,62.767423,0.66605105,8.4128214,7.3148445,61.53848,0.60820273,7.6220779,6.2912792,47.95262,0.62716287,9.6803364,4.7958056,46.425011
experiment_0a_best,file,16,,9125,156.White_eyed_Vireo/White_Eyed_Vireo_0050_158829.jpg,156,155,156.White_eyed_Vireo,157,156,rotation,rotation,0,"{""angle"":4.884884}",0.063788727,0.0086388681,-0.055149859,0.93820322,0.99139833,0.028394645,0.0029985597,0.90980857,0.98839977,0.078591204,0.76267559,0.11412858,12.746572,1.4547482,False,0.96381807,True,True,True,0.76267559,0.11412858,12.746572,1.4547482,0.75634461,0.11364529,12.563895,1.4278275,0.95861978,0.12955136,2.1502608,0.27856921,0.75267213,0.12434135,2.4039242,0.29890717,0.74345093,0.10814792,5.9988099,0.64875878,0.73791578,0.10572387,7.3148445,0.7733537,0.76073623,0.11342759,6.2912792,0.71360462,0.81748982,0.13531848,4.7958056,0.6489611
experiment_0a_best,file,16,,9125,156.White_eyed_Vireo/White_Eyed_Vireo_0050_158829.jpg,156,155,156.White_eyed_Vireo,157,156,random_resized_crop,random_resized_crop,0,"{""area_fraction"":0.860968,""aspect"":1.02768,""fallback"":false,""height"":0.915303,""left"":0.004528,""top"":0.023934,""width"":0.940638}",0.063788727,0.016006779,-0.047781948,0.93820322,0.98412067,0.028394645,0.0057383594,0.90980857,0.97838231,0.068573737,0.75336721,0.20216862,12.746572,2.5769567,False,0.96909535,True,True,True,0.75336721,0.20216862,12.746572,2.5769567,0.74646313,0.20021808,12.563895,2.515519,0.95978039,0.26013026,2.1502608,0.55934791,0.77151843,0.20253628,2.4039242,0.48688187,0.75746984,0.17390544,5.9988099,1.0432257,0.73084154,0.18633882,7.3148445,1.3630395,0.72808388,0.20573224,6.2912792,1.294319,0.81415315,0.25275352,4.7958056,1.2121567
experiment_0a_best,file,16,,9125,156.White_eyed_Vireo/White_Eyed_Vireo_0050_158829.jpg,156,155,156.White_eyed_Vireo,157,156,gaussian_blur,gaussian_blur,0,"{""sigma"":1.711643}",0.063788727,1.5138236,1.4500349,0.93820322,0.22006693,0.028394645,0.29905346,0.90980857,-0.078986526,-0.9887951,0.42002123,10.778051,12.746572,137.3832,False,0.83428681,False,True,False,0.42002123,10.778051,12.746572,137.3832,0.40876481,10.760257,12.563895,135.19074,0.78436213,11.368872,2.1502608,24.44604,0.32972105,13.104104,2.4039242,31.501272,0.17240507,10.570165,5.9988099,63.408408,0.46188366,10.60531,7.3148445,77.57619,0.46501659,10.155178,6.2912792,63.889059,0.57364066,11.728331,4.7958056,56.246796
experiment_0a_best,file,16,,9125,156.White_eyed_Vireo/White_Eyed_Vireo_0050_158829.jpg,156,155,156.White_eyed_Vireo,157,156,random_erasing,random_erasing,0,"{""area_fraction"":0.140844,""erased"":true,""height"":0.247198,""left"":0.173724,""top"":0.287173,""width"":0.569763}",0.063788727,2.2432084,2.1794197,0.93820322,0.10611749,0.028394645,0.070740893,0.90980857,0.035376593,-0.87443198,0.47743962,12.270083,12.746572,156.40149,False,0.77884251,False,True,False,0.47743962,12.270083,12.746572,156.40149,0.47183345,12.287707,12.563895,154.38146,0.67992515,11.652418,2.1502608,25.055737,0.60205503,12.313013,2.4039242,29.599549,0.36004875,11.862017,5.9988099,71.157983,0.55336388,11.755618,7.3148445,85.990517,0.43667309,11.460535,6.2912792,72.101425,0.49403165,15.181677,4.7958056,72.808372
experiment_0a_best,file,16,,3979,069.Rufous_Hummingbird/Rufous_Hummingbird_0060_58986.jpg,69,68,069.Rufous_Hummingbird,178,177,identity,identity,0,{},0.33572638,0.33572638,0,0.71481866,0.71481866,0.051906802,0.051906802,0.66291185,0.66291185,0,1,1,53.060251,53.060251,False,1,True,True,True,1,1,53.060251,53.060251,1,1,52.359284,52.359284,1,1,8.5962555,8.5962555,1,1,9.1986909,9.1986909,1,1,23.083398,23.083398,1,1,30.636363,30.636363,1,1,25.499721,25.499721,1,1,23.134668,23.134668
experiment_0a_best,file,16,,3979,069.Rufous_Hummingbird/Rufous_Hummingbird_0060_58986.jpg,69,68,069.Rufous_Hummingbird,178,177,horizontal_flip,horizontal_flip,0,"{""flipped"":true}",0.33572638,0.063619383,-0.272107,0.71481866,0.93836206,0.051906802,0.0058934917,0.66291185,0.93246857,0.26955672,0.61393225,0.20442666,53.060251,10.84693,False,0.94620442,True,True,True,0.61393225,0.20442666,53.060251,10.84693,0.60423002,0.20368725,52.359284,10.664918,0.93690509,0.23018581,8.5962555,1.978736,0.50372662,0.19976025,9.1986909,1.8375328,0.50351133,0.20278825,23.083398,4.681042,0.6044878,0.19415208,30.636363,5.9481136,0.60995631,0.20335152,25.499721,5.185407,0.70686593,0.22118157,23.134668,5.1169622
experiment_0a_best,file,16,,3979,069.Rufous_Hummingbird/Rufous_Hummingbird_0060_58986.jpg,69,68,069.Rufous_Hummingbird,178,177,color_jitter,color_jitter,0,"{""brightness"":0.865403,""contrast"":0.720497,""hue"":-0.040934,""saturation"":1.07805}",0.33572638,1.1902559,0.8545295,0.71481866,0.30414343,0.051906802,0.039606713,0.66291185,0.26453672,-0.39837514,0.77195365,1.7709063,53.060251,93.96473,False,0.91700077,True,True,True,0.77195365,1.7709063,53.060251,93.96473,0.76834186,1.7600939,52.359284,92.157255,0.89637403,2.1336623,8.5962555,18.341506,0.54759009,1.4049517,9.1986909,12.923716,0.77205672,1.8028253,23.083398,41.615334,0.82594515,1.6022039,30.636363,49.085701,0.72460753,1.6762742,25.499721,42.744525,0.77347645,2.0988038,23.134668,48.55513
experiment_0a_best,file,16,,3979,069.Rufous_Hummingbird/Rufous_Hummingbird_0060_58986.jpg,69,68,069.Rufous_Hummingbird,178,177,rotation,rotation,0,"{""angle"":7.842782}",0.33572638,0.39277488,0.0570485,0.71481866,0.67518073,0.051906802,0.031389028,0.66291185,0.64379171,-0.019120149,0.79306841,1.0548785,53.060251,55.97212,False,0.95786643,True,True,True,0.79306841,1.0548785,53.060251,55.97212,0.78892474,1.0555328,52.359284,55.266944,0.95078608,1.0303109,8.5962555,8.8568154,0.65553704,1.1594287,9.1986909,10.665226,0.78337276,1.0603307,23.083398,24.476036,0.82056205,0.9851621,30.636363,30.181784,0.76779013,1.092058,25.499721,27.847175,0.79720284,1.1064347,23.134668,25.597001
experiment_0a_best,file,16,,3979,069.Rufous_Hummingbird/Rufous_Hummingbird_0060_58986.jpg,69,68,069.Rufous_Hummingbird,178,177,random_resized_crop,random_resized_crop,0,"{""area_fraction"":0.863901,""aspect"":0.951739,""fallback"":false,""height"":0.952737,""left"":0.039479,""top"":0.022925,""width"":0.906757}",0.33572638,0.46647105,0.13074467,0.71481866,0.62721175,0.051906802,0.089043416,0.66291185,0.53816833,-0.12474352,0.84542069,1.168675,53.060251,62.010191,False,0.97294253,True,True,True,0.84542069,1.168675,53.060251,62.010191,0.84185952,1.1655279,52.359284,61.026206,0.96932991,1.2799758,8.5962555,11.002999,0.756015,1.3271793,9.1986909,12.208313,0.81915244,1.1464116,23.083398,26.463075,0.85342231,1.0883339,30.636363,33.342593,0.8315668,1.1480249,25.499721,29.274314,0.87905124,1.3011757,23.134668,30.102269
experiment_0a_best,file,16,,3979,069.Rufous_Hummingbird/Rufous_Hummingbird_0060_58986.jpg,69,68,069.Rufous_Hummingbird,178,177,gaussian_blur,gaussian_blur,0,"{""sigma"":1.65684}",0.33572638,1.1202493,0.78452289,0.71481866,0.32619846,0.051906802,0.032608759,0.66291185,0.2935897,-0.36932215,0.60682925,1.7842977,53.060251,94.675283,False,0.88996279,True,True,True,0.60682925,1.7842977,53.060251,94.675283,0.59912144,1.7779803,52.359284,93.093775,0.86469637,2.0046493,8.5962555,17.232477,0.45524773,1.5980638,9.1986909,14.700095,0.55914824,1.6707214,23.083398,38.565927,0.61506019,1.6693513,30.636363,51.142852,0.58155674,1.8234678,25.499721,46.497919,0.65440786,2.0206922,23.134668,46.748044
experiment_0a_best,file,16,,3979,069.Rufous_Hummingbird/Rufous_Hummingbird_0060_58986.jpg,69,68,069.Rufous_Hummingbird,178,177,random_erasing,random_erasing,0,"{""area_fraction"":0.095646,""erased"":true,""height"":0.437657,""left"":0.191226,""top"":0.270102,""width"":0.218541}",0.33572638,0.60645109,0.27072471,0.71481866,0.5452826,0.051906802,0.076249078,0.66291185,0.46903352,-0.19387833,0.778378,1.5338772,53.060251,81.387911,False,0.93538874,True,True,True,0.778378,1.5338772,53.060251,81.387911,0.77436537,1.5327979,52.359284,80.256199,0.92366225,1.5733979,8.5962555,13.525331,0.8004904,1.5828275,9.1986909,14.559941,0.7618546,1.5462007,23.083398,35.691567,0.79549673,1.5268811,30.636363,46.778083,0.74173964,1.4911171,25.499721,38.02307,0.78474515,1.5711828,23.134668,36.348792
experiment_0a_best,file,16,,6330,109.American_Redstart/American_Redstart_0128_102983.jpg,109,108,109.American_Redstart,21,20,identity,identity,0,{},0.12524928,0.12524928,0,0.88227695,0.88227695,0.014843822,0.014843822,0.86743313,0.86743313,0,1,1,20.01276,20.01276,False,1,True,True,True,1,1,20.01276,20.01276,1,1,19.784171,19.784171,1,1,3.0161465,3.0161465,1,1,5.8716575,5.8716575,1,1,9.4934154,9.4934154,1,1,10.876836,10.876836,1,1,9.409927,9.409927,1,1,7.7433733,7.7433733
experiment_0a_best,file,16,,6330,109.American_Redstart/American_Redstart_0128_102983.jpg,109,108,109.American_Redstart,21,20,horizontal_flip,horizontal_flip,0,"{""flipped"":true}",0.12524928,0.068817474,-0.056431808,0.88227695,0.93349707,0.014843822,0.012520158,0.86743313,0.92097691,0.053543783,0.61772022,0.53097321,20.01276,10.626239,False,0.96892047,True,True,True,0.61772022,0.53097321,20.01276,10.626239,0.60883399,0.52932413,19.784171,10.472239,0.96079698,0.5976324,3.0161465,1.8025469,0.49893654,0.43981349,5.8716575,2.5824342,0.44982492,0.47069145,9.4934154,4.4684695,0.62149539,0.55645128,10.876836,6.0524296,0.66366539,0.549161,9.409927,5.1675649,0.76554191,0.57313712,7.7433733,4.4380146
experiment_0a_best,file,16,,6330,109.American_Redstart/American_Redstart_0128_102983.jpg,109,108,109.American_Redstart,21,20,color_jitter,color_jitter,0,"{""brightness"":1.330227,""contrast"":0.995903,""hue"":0.013226,""saturation"":1.371112}",0.12524928,0.40530711,0.28005783,0.88227695,0.66677201,0.014843822,0.0096427556,0.86743313,0.65712925,-0.21030388,0.7281001,2.6177672,20.01276,52.388746,False,0.93333507,True,True,True,0.7281001,2.6177672,20.01276,52.388746,0.72376366,2.5975286,19.784171,51.38995,0.89605878,3.3755149,3.0161465,10.181047,0.7408029,1.836705,5.8716575,10.784503,0.76665772,2.052036,9.4934154,19.480831,0.74798012,2.5561946,10.876836,27.80331,0.69781684,2.9731878,9.409927,27.97748,0.73012486,3.1351505,7.7433733,24.27664
experiment_0a_best,file,16,,6330,109.American_Redstart/American_Redstart_0128_102983.jpg,109,108,109.American_Redstart,21,20,rotation,rotation,0,"{""angle"":6.669315}",0.12524928,0.15859151,0.033342227,0.88227695,0.85334486,0.014843822,0.014553234,0.86743313,0.83879162,-0.028641507,0.78998072,1.4740089,20.01276,29.498986,False,0.97519827,True,True,True,0.78998072,1.4740089,20.01276,29.498986,0.78686294,1.4798182,19.784171,29.276977,0.97314254,1.1976578,3.0161465,3.6123114,0.81800349,1.4929965,5.8716575,8.7663642,0.79319546,1.530257,9.4934154,14.527365,0.77967682,1.589824,10.876836,17.292256,0.77477373,1.4191144,9.409927,13.353763,0.81186905,1.2380383,7.7433733,9.5865926
experiment_0a_best,file,16,,6330,109.American_Redstart/American_Redstart_0128_102983.jpg,109,108,109.American_Redstart,21,20,random_resized_crop,random_resized_crop,0,"{""area_fraction"":0.853908,""aspect"":1.094104,""fallback"":false,""height"":0.883438,""left"":0.010682,""top"":0.049748,""width"":0.966573}",0.12524928,0.33706152,0.21181224,0.88227695,0.71386492,0.014843822,0.023426479,0.86743313,0.69043844,-0.17699469,0.8382876,2.4865573,20.01276,49.762874,False,0.97431839,True,True,True,0.8382876,2.4865573,20.01276,49.762874,0.83568446,2.4925826,19.784171,49.31368,0.97037908,2.2118209,3.0161465,6.6711758,0.90045873,2.5119605,5.8716575,14.749372,0.83537972,2.4141524,9.4934154,22.918552,0.82359169,2.5227425,10.876836,27.439458,0.82287397,2.5871538,9.409927,24.344928,0.84506062,2.3932745,7.7433733,18.532018
experiment_0a_best,file,16,,6330,109.American_Redstart/American_Redstart_0128_102983.jpg,109,108,109.American_Redstart,21,20,gaussian_blur,gaussian_blur,0,"{""sigma"":1.187847}",0.12524928,0.2876839,0.16243462,0.88227695,0.74999863,0.014843822,0.037038371,0.86743313,0.71296026,-0.15447287,0.59349426,2.4449207,20.01276,48.929612,False,0.91949868,True,True,True,0.59349426,2.4449207,20.01276,48.929612,0.58708981,2.4512685,19.784171,48.496316,0.9119196,2.1541573,3.0161465,6.497254,0.48823505,2.9413857,5.8716575,17.270809,0.48775651,2.2684923,9.4934154,21.535739,0.61486508,2.4851898,10.876836,27.031004,0.621298,2.4829771,9.409927,23.364633,0.7054586,2.285652,7.7433733,17.698657
experiment_0a_best,file,16,,6330,109.American_Redstart/American_Redstart_0128_102983.jpg,109,108,109.American_Redstart,21,20,random_erasing,random_erasing,0,"{""area_fraction"":0.072954,""erased"":true,""height"":0.170172,""left"":0.375959,""top"":0.192738,""width"":0.428708}",0.12524928,0.18901244,0.063763157,0.88227695,0.82777619,0.014843822,0.024459889,0.86743313,0.8033163,-0.064116826,0.89295563,1.621496,20.01276,32.45061,False,0.98009014,True,True,True,0.89295563,1.621496,20.01276,32.45061,0.89131297,1.6251781,19.784171,32.152802,0.97734413,1.4542657,3.0161465,4.3862784,0.8970695,1.3552468,5.8716575,7.9575452,0.90710208,1.6542301,9.4934154,15.704293,0.8905987,1.6502485,10.876836,17.949483,0.88274368,1.6940328,9.409927,15.940725,0.88811785,1.5687761,7.7433733,12.147619
experiment_0a_best,file,16,,1259,023.Brandt_Cormorant/Brandt_Cormorant_0083_23156.jpg,23,22,023.Brandt_Cormorant,30,29,identity,identity,0,{},2.9811447,2.9811447,0,0.050734729,0.050734729,0.5723511,0.5723511,-0.52161637,-0.52161637,0,1,1,173.91963,173.91963,False,0.99999988,True,False,False,1,1,173.91963,173.91963,1,1,169.88282,169.88282,1,1,37.254049,37.254049,1,1,57.079319,57.079319,1,1,59.865169,59.865169,1,1,74.544291,74.544291,1,1,88.703026,88.703026,1,1,92.699556,92.699556
experiment_0a_best,file,16,,1259,023.Brandt_Cormorant/Brandt_Cormorant_0083_23156.jpg,23,22,023.Brandt_Cormorant,30,29,horizontal_flip,horizontal_flip,0,"{""flipped"":true}",2.9811447,3.8817859,0.9006412,0.050734729,0.020613981,0.5723511,0.85938662,-0.52161637,-0.83877264,-0.31715627,0.70670488,1.2707251,173.91963,221.00404,False,0.97869557,True,False,False,0.70670488,1.2707251,173.91963,221.00404,0.69711423,1.2777493,169.88282,217.06765,0.94164692,1.1146751,37.254049,41.526162,0.79280625,1.1854459,57.079319,67.664446,0.59860571,1.4499353,59.865169,86.800623,0.68114094,1.4165622,74.544291,105.59662,0.67592445,1.2756545,88.703026,113.15442,0.7581631,1.1340248,92.699556,105.12359
experiment_0a_best,file,16,,1259,023.Brandt_Cormorant/Brandt_Cormorant_0083_23156.jpg,23,22,023.Brandt_Cormorant,30,29,color_jitter,color_jitter,0,"{""brightness"":1.294745,""contrast"":1.227583,""hue"":-0.056756,""saturation"":1.134073}",2.9811447,3.2572696,0.27612495,0.050734729,0.038493354,0.5723511,0.5587877,-0.52161637,-0.52029435,0.0013220198,0.61852537,0.90668693,173.91963,157.69065,False,0.88702089,True,False,False,0.61852537,0.90668693,173.91963,157.69065,0.60687954,0.90420141,169.88282,153.60829,0.84830203,0.95691063,37.254049,35.648796,0.69968854,0.7546162,57.079319,43.072979,0.49378588,0.98081734,59.865169,58.716795,0.5503603,0.93911709,74.544291,70.005818,0.62166816,0.95413678,88.703026,84.63482,0.66178768,0.85137496,92.699556,78.922081
experiment_0a_best,file,16,,1259,023.Brandt_Cormorant/Brandt_Cormorant_0083_23156.jpg,23,22,023.Brandt_Cormorant,30,29,rotation,rotation,0,"{""angle"":-7.684121}",2.9811447,5.0436487,2.0625041,0.050734729,0.0064501707,0.5723511,0.54617673,-0.52161637,-0.53972656,-0.018110191,0.77991566,1.1517723,173.91963,200.31581,False,0.96340442,True,False,False,0.77991566,1.1517723,173.91963,200.31581,0.77144262,1.1523492,169.88282,195.76433,0.95810894,1.1397099,37.254049,42.458809,0.90017783,1.4781106,57.079319,84.369547,0.66845249,1.2451341,59.865169,74.540165,0.70200107,1.106247,74.544291,82.464397,0.76320753,1.0671581,88.703026,94.66015,0.82601069,1.0727119,92.699556,99.439913
experiment_0a_best,file,16,,1259,023.Brandt_Cormorant/Brandt_Cormorant_0083_23156.jpg,23,22,023.Brandt_Cormorant,30,29,random_resized_crop,random_resized_crop,0,"{""area_fraction"":0.878952,""aspect"":1.081477,""fallback"":false,""height"":0.901517,""left"":0.023923,""top"":0.065474,""width"":0.97497}",2.9811447,4.2781296,1.2969849,0.050734729,0.013868579,0.5723511,0.3341271,-0.52161637,-0.32025852,0.20135785,0.76856151,1.216043,173.91963,211.49374,False,0.98497027,False,False,False,0.76856151,1.216043,173.91963,211.49374,0.76159191,1.2198407,169.88282,207.22999,0.92638668,1.1341919,37.254049,42.253241,0.76578844,1.3849799,57.079319,79.053711,0.60865814,1.2964673,59.865169,77.613234,0.73413584,1.2974274,74.544291,96.715807,0.77866254,1.1205998,88.703026,99.400593,0.84428491,1.1536382,92.699556,106.94175
experiment_0a_best,file,16,,1259,023.Brandt_Cormorant/Brandt_Cormorant_0083_23156.jpg,23,22,023.Brandt_Cormorant,30,29,gaussian_blur,gaussian_blur,0,"{""sigma"":1.704504}",2.9811447,8.8610525,5.8799078,0.050734729,0.00014180575,0.5723511,0.00022737581,-0.52161637,-8.5570064e-05,0.5215308,0.32860903,0.97729364,173.91963,169.97055,False,0.75184453,False,False,False,0.32860903,0.97729364,173.91963,169.97055,0.31410795,0.96880673,169.88282,164.58362,0.58907908,1.1395418,37.254049,42.452547,0.29649408,0.95387986,57.079319,54.446813,0.14901194,1.0741961,59.865169,64.306928,0.26485117,0.9387583,74.544291,69.979072,0.32160687,0.94330884,88.703026,83.674349,0.42203262,0.97024684,92.699556,89.941451
experiment_0a_best,file,16,,1259,023.Brandt_Cormorant/Brandt_Cormorant_0083_23156.jpg,23,22,023.Brandt_Cormorant,30,29,random_erasing,random_erasing,0,"{""area_fraction"":0.059022,""erased"":true,""height"":0.193212,""left"":0.059623,""top"":0.528441,""width"":0.305477}",2.9811447,3.7652869,0.78414226,0.050734729,0.023160964,0.5723511,0.28647035,-0.52161637,-0.26330939,0.25830698,0.81353049,1.0770604,173.91963,187.32194,False,0.97481269,False,False,False,0.81353049,1.0770604,173.91963,187.32194,0.80910486,1.0808398,169.88282,183.61612,0.91613166,0.99522104,37.254049,37.076014,0.88761343,1.1580207,57.079319,66.099031,0.78914961,1.1706964,59.865169,70.083935,0.8015387,1.1627685,74.544291,86.677751,0.78341153,1.0345632,88.703026,91.768888,0.82172774,0.99453138,92.699556,92.192617
experiment_0a_best,file,16,,7930,136.Barn_Swallow/Barn_Swallow_0026_132386.jpg,136,135,136.Barn_Swallow,137,136,identity,identity,0,{},1.8616588,1.8616588,0,0.15541461,0.15541461,0.8422296,0.8422296,-0.68681499,-0.68681499,0,1,1,193.14803,193.14803,False,1,True,False,False,1,1,193.14803,193.14803,1,1,188.74746,188.74746,1,1,40.994598,40.994598,1,1,48.532279,48.532279,1,1,105.90227,105.90227,1,1,93.471458,93.471458,1,1,82.513935,82.513935,1,1,80.681272,80.681272
experiment_0a_best,file,16,,7930,136.Barn_Swallow/Barn_Swallow_0026_132386.jpg,136,135,136.Barn_Swallow,137,136,horizontal_flip,horizontal_flip,0,"{""flipped"":true}",1.8616588,1.4052699,-0.45638895,0.15541461,0.24530086,0.8422296,0.73582256,-0.68681499,-0.4905217,0.19629329,0.73236567,0.8598082,193.14803,166.07026,False,0.96442109,True,False,False,0.73236567,0.8598082,193.14803,166.07026,0.72179204,0.86103946,188.74746,162.51901,0.96435638,0.83327903,40.994598,34.159939,0.82047021,0.96985075,48.532279,47.069067,0.77819311,0.85745198,105.90227,90.80611,0.70404618,0.83874846,93.471458,78.399041,0.62707558,0.84116252,82.513935,69.40763,0.70774153,0.87531089,80.681272,70.621196
experiment_0a_best,file,16,,7930,136.Barn_Swallow/Barn_Swallow_0026_132386.jpg,136,135,136.Barn_Swallow,137,136,color_jitter,color_jitter,0,"{""brightness"":1.277334,""contrast"":1.222299,""hue"":0.015868,""saturation"":0.651088}",1.8616588,2.1627431,0.30108428,0.15541461,0.11500921,0.8422296,0.80122775,-0.68681499,-0.68621854,0.00059645623,0.83399948,0.83897223,193.14803,162.04583,False,0.93834388,True,False,False,0.83399948,0.83897223,193.14803,162.04583,0.82890961,0.83612984,188.74746,157.81738,0.93653121,0.89711079,40.994598,36.776697,0.79986648,0.6766294,48.532279,32.838367,0.85743642,0.75918085,105.90227,80.398974,0.83361214,0.85322866,93.471458,79.752527,0.80530552,0.880894,82.513935,72.68603,0.83114861,0.93742105,80.681272,75.632322
experiment_0a_best,file,16,,7930,136.Barn_Swallow/Barn_Swallow_0026_132386.jpg,136,135,136.Barn_Swallow,137,136,rotation,rotation,0,"{""angle"":-9.829237}",1.8616588,0.51173317,-1.3499256,0.15541461,0.59945571,0.8422296,0.38241041,-0.68681499,0.21704531,0.9038603,0.83312088,0.42215424,193.14803,81.538259,False,0.94991779,False,False,True,0.83312088,0.42215424,193.14803,81.538259,0.82775646,0.42258509,188.74746,79.761862,0.94971613,0.41291503,40.994598,16.927286,0.8314028,0.4676014,48.532279,22.693761,0.91835225,0.42766993,105.90227,45.291216,0.8287815,0.4054522,93.471458,37.898208,0.73788074,0.42382373,82.513935,34.971364,0.76333544,0.41782041,80.681272,33.710282
experiment_0a_best,file,16,,7930,136.Barn_Swallow/Barn_Swallow_0026_132386.jpg,136,135,136.Barn_Swallow,137,136,random_resized_crop,random_resized_crop,0,"{""area_fraction"":0.635301,""aspect"":0.848057,""fallback"":false,""height"":0.86552,""left"":0.246148,""top"":0.038176,""width"":0.734011}",1.8616588,2.5668716,0.70521283,0.15541461,0.076775357,0.8422296,0.92265576,-0.68681499,-0.8458804,-0.15906541,0.82386236,1.3130462,193.14803,253.61228,False,0.96540022,True,False,False,0.82386236,1.3130462,193.14803,253.61228,0.8179064,1.3179954,188.74746,248.76828,0.9654226,1.2033491,40.994598,49.330813,0.65175086,1.6325074,48.532279,79.229303,0.87342167,1.319646,105.90227,139.7535,0.84289341,1.2830305,93.471458,119.92673,0.78740202,1.2948516,82.513935,106.8433,0.80451309,1.2566421,80.681272,101.38748
experiment_0a_best,file,16,,7930,136.Barn_Swallow/Barn_Swallow_0026_132386.jpg,136,135,136.Barn_Swallow,137,136,gaussian_blur,gaussian_blur,0,"{""sigma"":1.716193}",1.8616588,3.9370666,2.0754077,0.15541461,0.019505352,0.8422296,0.97356749,-0.68681499,-0.95406213,-0.26724714,0.61136701,1.0029903,193.14803,193.72559,False,0.89497888,True,False,False,0.61136701,1.0029903,193.14803,193.72559,0.59877686,1.0054587,188.74746,189.77778,0.89506649,0.94915313,40.994598,38.910151,0.42338523,1.1743613,48.532279,56.99443,0.6400604,0.85781763,105.90227,90.844833,0.62384304,0.99683594,93.471458,93.175709,0.5732457,1.0628649,82.513935,87.701169,0.62333708,1.1183372,80.681272,90.22887
experiment_0a_best,file,16,,7930,136.Barn_Swallow/Barn_Swallow_0026_132386.jpg,136,135,136.Barn_Swallow,137,136,random_erasing,random_erasing,0,"{""area_fraction"":0.059979,""erased"":true,""height"":0.150293,""left"":0.339102,""top"":0.691063,""width"":0.399079}",1.8616588,1.5829713,-0.27868748,0.15541461,0.20536399,0.8422296,0.79099816,-0.68681499,-0.58563417,0.10118082,0.95444083,0.89053114,193.14803,172.00433,False,0.9952212,True,False,False,0.95444083,0.89053114,193.14803,172.00433,0.95247519,0.88836031,188.74746,167.67575,0.99522467,0.9353652,40.994598,38.344921,0.93885849,0.85042778,48.532279,41.273198,0.96825736,0.89039123,105.90227,94.294452,0.95362027,0.86709564,93.471458,81.048695,0.93682643,0.88698825,82.513935,73.188891,0.94662614,0.92707938,80.681272,74.797943
experiment_0a_best,file,16,,2286,040.Olive_sided_Flycatcher/Olive_Sided_Flycatcher_0017_30704.jpg,40,39,040.Olive_sided_Flycatcher,135,134,identity,identity,0,{},0.96059632,0.96059632,0,0.38266462,0.38266462,0.40981942,0.40981942,-0.027154803,-0.027154803,0,1,1,139.32187,139.32187,False,0.99999982,True,False,False,1,1,139.32187,139.32187,1,1,136.72337,136.72337,1,1,26.782555,26.782555,1,1,38.035172,38.035172,1,1,70.605855,70.605855,1,1,74.368944,74.368944,1,1,62.445047,62.445047,1,1,53.209906,53.209906
experiment_0a_best,file,16,,2286,040.Olive_sided_Flycatcher/Olive_Sided_Flycatcher_0017_30704.jpg,40,39,040.Olive_sided_Flycatcher,135,134,horizontal_flip,horizontal_flip,0,"{""flipped"":true}",0.96059632,0.33552721,-0.62506911,0.38266462,0.71496105,0.40981942,0.20848612,-0.027154803,0.50647493,0.53362973,0.6040522,0.49113895,139.32187,68.426399,False,0.96457291,False,False,True,0.6040522,0.49113895,139.32187,68.426399,0.59185152,0.49277719,136.72337,67.374156,0.95795705,0.44633064,26.782555,11.953875,0.55244017,0.52020438,38.035172,19.786063,0.52813208,0.49955921,70.605855,35.271805,0.57632365,0.48422641,74.368944,36.011407,0.59351876,0.47818471,62.445047,29.860267,0.75243799,0.50260963,53.209906,26.743811
experiment_0a_best,file,16,,2286,040.Olive_sided_Flycatcher/Olive_Sided_Flycatcher_0017_30704.jpg,40,39,040.Olive_sided_Flycatcher,135,134,color_jitter,color_jitter,0,"{""brightness"":0.646754,""contrast"":0.684867,""hue"":-0.085095,""saturation"":1.375681}",0.96059632,4.1680527,3.2074564,0.38266462,0.015482382,0.40981942,0.59588778,-0.027154803,-0.5804054,-0.55325059,0.70394567,1.2202164,139.32187,170.00283,False,0.88034546,True,False,False,0.70394567,1.2202164,139.32187,170.00283,0.69658809,1.214552,136.72337,166.05764,0.87953511,1.359537,26.782555,36.411875,0.74583385,1.5124755,38.035172,57.527266,0.69109862,1.194398,70.605855,84.331495,0.69904671,1.1197233,74.368944,83.272638,0.67594026,1.1598942,62.445047,72.429648,0.71472882,1.325383,53.209906,70.523506
experiment_0a_best,file,16,,2286,040.Olive_sided_Flycatcher/Olive_Sided_Flycatcher_0017_30704.jpg,40,39,040.Olive_sided_Flycatcher,135,134,rotation,rotation,0,"{""angle"":-11.614948}",0.96059632,0.83238292,-0.12821341,0.38266462,0.43501148,0.40981942,0.0045850724,-0.027154803,0.4304264,0.45758121,0.64009235,0.83473447,139.32187,116.29677,False,0.9299432,False,False,False,0.64009235,0.83473447,139.32187,116.29677,0.63701519,0.8284279,136.72337,113.26545,0.71672787,0.9849496,26.782555,26.379466,0.47925751,0.69042521,38.035172,26.260442,0.70376693,0.80275367,70.605855,56.679109,0.68999828,0.87534043,74.368944,65.098143,0.58771425,0.79443,62.445047,49.608219,0.56084223,0.88712186,53.209906,47.203671
experiment_0a_best,file,16,,2286,040.Olive_sided_Flycatcher/Olive_Sided_Flycatcher_0017_30704.jpg,40,39,040.Olive_sided_Flycatcher,135,134,random_resized_crop,random_resized_crop,0,"{""area_fraction"":0.531154,""aspect"":1.136845,""fallback"":false,""height"":0.683533,""left"":0.131025,""top"":0.161335,""width"":0.777071}",0.96059632,2.4184532,1.4578569,0.38266462,0.089059271,0.40981942,0.70260227,-0.027154803,-0.613543,-0.58638819,0.69321185,1.9879536,139.32187,276.96541,False,0.96063787,True,False,False,0.69321185,1.9879536,139.32187,276.96541,0.68581499,2.0017949,136.72337,273.69214,0.95503092,1.5851835,26.782555,42.455265,0.59271228,2.1828886,38.035172,83.026542,0.71027919,2.095453,70.605855,147.95125,0.68062593,2.0185584,74.368944,150.11806,0.67881843,1.9032285,62.445047,118.84719,0.72160702,1.8283204,53.209906,97.284757
experiment_0a_best,file,16,,2286,040.Olive_sided_Flycatcher/Olive_Sided_Flycatcher_0017_30704.jpg,40,39,040.Olive_sided_Flycatcher,135,134,gaussian_blur,gaussian_blur,0,"{""sigma"":1.666116}",0.96059632,3.7300944,2.7694981,0.38266462,0.02399057,0.40981942,0.93990004,-0.027154803,-0.91590947,-0.88875467,0.63396547,1.8398559,139.32187,256.33217,False,0.90473533,True,False,False,0.63396547,1.8398559,139.32187,256.33217,0.62683523,1.8495325,136.72337,252.87432,0.86179198,1.566745,26.782555,41.961433,0.60007485,1.5345439,38.035172,58.366643,0.66624293,1.748999,70.605855,123.48957,0.6383588,1.978085,74.368944,147.10809,0.5723554,1.9149866,62.445047,119.58143,0.63621137,1.8171055,53.209906,96.688015
experiment_0a_best,file,16,,2286,040.Olive_sided_Flycatcher/Olive_Sided_Flycatcher_0017_30704.jpg,40,39,040.Olive_sided_Flycatcher,135,134,random_erasing,random_erasing,0,"{""area_fraction"":0.116502,""erased"":true,""height"":0.538904,""left"":0.399849,""top"":0.228724,""width"":0.216184}",0.96059632,5.1437764,4.1831801,0.38266462,0.0058356109,0.40981942,0.078593001,-0.027154803,-0.07275739,-0.045602587,0.22266647,0.65888937,139.32187,91.797702,False,0.65985131,False,False,False,0.22266647,0.65888937,139.32187,91.797702,0.20494517,0.63930262,136.72337,87.407607,0.53053528,1.0472741,26.782555,28.048676,0.19516843,0.41564027,38.035172,15.808949,0.095698006,0.48173729,70.605855,34.013473,0.21181729,0.50714586,74.368944,37.715902,0.24586616,0.6699982,62.445047,41.838069,0.29405715,1.0396619,53.209906,55.320315
experiment_0a_best,file,16,,6891,118.House_Sparrow/House_Sparrow_0093_110990.jpg,118,117,118.House_Sparrow,76,75,identity,identity,0,{},1.2902602,1.2902602,0,0.27519917,0.27519917,0.2425174,0.2425174,0.032681778,0.032681778,0,1,1,99.300809,99.300809,False,1.0000001,True,True,True,1,1,99.300809,99.300809,1,1,96.80289,96.80289,1,1,22.13258,22.13258,1,1,18.636834,18.636834,1,1,40.877718,40.877718,1,1,53.103575,53.103575,1,1,46.2658,46.2658,1,1,48.907732,48.907732
experiment_0a_best,file,16,,6891,118.House_Sparrow/House_Sparrow_0093_110990.jpg,118,117,118.House_Sparrow,76,75,horizontal_flip,horizontal_flip,0,"{""flipped"":true}",1.2902602,1.2791342,-0.011126041,0.27519917,0.27827814,0.2425174,0.17145941,0.032681778,0.10681874,0.074136958,0.64503573,1.038013,99.300809,103.07553,False,0.9478972,True,True,True,0.64503573,1.038013,99.300809,103.07553,0.63041837,1.0396673,96.80289,100.6428,0.93440406,1.0058409,22.13258,22.261854,0.68338602,1.0502039,18.636834,19.572476,0.5662839,1.0311136,40.877718,42.149573,0.67681846,1.0288983,53.103575,54.638177,0.56784069,1.0501236,46.2658,48.584807,0.66933016,1.0472788,48.907732,51.220033
experiment_0a_best,file,16,,6891,118.House_Sparrow/House_Sparrow_0093_110990.jpg,118,117,118.House_Sparrow,76,75,color_jitter,color_jitter,0,"{""brightness"":0.76809,""contrast"":0.934358,""hue"":0.082244,""saturation"":0.926581}",1.2902602,5.8093243,4.5190641,0.27519917,0.0029994561,0.2425174,0.0067423666,0.032681778,-0.0037429105,-0.036424689,0.32557799,2.1453516,99.300809,213.03515,False,0.75253415,False,True,False,0.32557799,2.1453516,99.300809,213.03515,0.31604812,2.1743681,96.80289,210.48511,0.61566148,1.4848358,22.13258,32.863248,0.50586398,1.6069761,18.636834,29.948947,0.35205019,2.9876156,40.877718,122.12691,0.27089974,2.2383491,53.103575,118.86434,0.32200503,1.9400383,46.2658,89.757426,0.34825314,1.6237967,48.907732,79.416216
experiment_0a_best,file,16,,6891,118.House_Sparrow/House_Sparrow_0093_110990.jpg,118,117,118.House_Sparrow,76,75,rotation,rotation,0,"{""angle"":-14.124942}",1.2902602,2.3009715,1.0107113,0.27519917,0.10016147,0.2425174,0.0054402486,0.032681778,0.094721222,0.062039444,0.28760426,1.629021,99.300809,161.7631,False,0.89007378,False,True,False,0.28760426,1.629021,99.300809,161.7631,0.26901885,1.6438427,96.80289,159.12873,0.7394657,1.3136693,22.13258,29.074892,0.28863336,1.6722777,18.636834,31.165963,-0.044041579,1.5520699,40.877718,63.445076,0.23121027,1.7745985,53.103575,94.237526,0.35142897,1.7343431,46.2658,80.240769,0.47071751,1.4466741,48.907732,70.753551
experiment_0a_best,file,16,,6891,118.House_Sparrow/House_Sparrow_0093_110990.jpg,118,117,118.House_Sparrow,76,75,random_resized_crop,random_resized_crop,0,"{""area_fraction"":0.665812,""aspect"":0.975648,""fallback"":false,""height"":0.826093,""left"":0.026203,""top"":0.00333,""width"":0.805976}",1.2902602,2.6336112,1.343351,0.27519917,0.07181865,0.2425174,0.057755269,0.032681778,0.014063381,-0.018618397,0.59374331,1.3431207,99.300809,133.37297,False,0.89274383,False,True,False,0.59374331,1.3431207,99.300809,133.37297,0.58271762,1.3522846,96.80289,130.90506,0.84809605,1.1538871,22.13258,25.5385,0.60041117,1.3446531,18.636834,25.060077,0.46871875,1.4082638,40.877718,57.566609,0.61623672,1.3879592,53.103575,73.705597,0.5799687,1.3413734,46.2658,62.059711,0.62897062,1.2785772,48.907732,62.532313
experiment_0a_best,file,16,,6891,118.House_Sparrow/House_Sparrow_0093_110990.jpg,118,117,118.House_Sparrow,76,75,gaussian_blur,gaussian_blur,0,"{""sigma"":1.865205}",1.2902602,3.5495293,2.2592691,0.27519917,0.028738163,0.2425174,0.0080471206,0.032681778,0.020691043,-0.011990735,0.33695241,1.3415834,99.300809,133.22032,False,0.79439855,False,True,False,0.33695241,1.3415834,99.300809,133.22032,0.3198133,1.353014,96.80289,130.97567,0.74706191,1.1002855,22.13258,24.352157,0.3261812,1.4669145,18.636834,27.338643,0.12758378,1.5717833,40.877718,64.250915,0.34610681,1.3243064,53.103575,70.325403,0.33342854,1.3882961,46.2658,64.23063,0.45854861,1.1580483,48.907732,56.637517
experiment_0a_best,file,16,,6891,118.House_Sparrow/House_Sparrow_0093_110990.jpg,118,117,118.House_Sparrow,76,75,random_erasing,random_erasing,0,"{""area_fraction"":0.058039,""erased"":true,""height"":0.265341,""left"":0.728632,""top"":0.210055,""width"":0.218734}",1.2902602,0.87411642,-0.41614377,0.27519917,0.41723052,0.2425174,0.16207357,0.032681778,0.25515695,0.22247517,0.91989094,0.87212321,99.300809,86.602541,False,0.98147953,True,True,True,0.91989094,0.87212321,99.300809,86.602541,0.91748697,0.87615245,96.80289,84.81409,0.97540583,0.79110278,22.13258,17.509146,0.89698663,0.86341967,18.636834,16.091409,0.91776706,0.92920239,40.877718,37.983673,0.93019891,0.89133925,53.103575,47.333301,0.90850376,0.86376923,46.2658,39.962974,0.91540471,0.83161798,48.907732,40.67255
experiment_0a_best,file,16,,9317,159.Black_and_white_Warbler/Black_And_White_Warbler_0022_160512.jpg,159,158,159.Black_and_white_Warbler,99,98,identity,identity,0,{},0.0069371089,0.0069371089,0,0.99308687,0.99308687,0.0030287451,0.0030287451,0.99005813,0.99005813,0,1,1,1.1237827,1.1237827,False,0.99999994,True,True,True,1,1,1.1237827,1.1237827,1,1,1.0992477,1.0992477,1,1,0.2335424,0.2335424,1,1,0.21041237,0.21041237,1,1,0.47290679,0.47290679,1,1,0.6255661,0.6255661,1,1,0.50342353,0.50342353,1,1,0.54374904,0.54374904
experiment_0a_best,file,16,,9317,159.Black_and_white_Warbler/Black_And_White_Warbler_0022_160512.jpg,159,158,159.Black_and_white_Warbler,99,98,horizontal_flip,horizontal_flip,0,"{""flipped"":true}",0.0069371089,0.0057843202,-0.0011527888,0.99308687,0.99423236,0.0030287451,0.0011601548,0.99005813,0.9930722,0.0030140723,0.59493567,0.85660794,1.1237827,0.96264115,False,0.9747231,True,True,True,0.59493567,0.85660794,1.1237827,0.96264115,0.57995852,0.85869949,1.0992477,0.9439234,0.9481988,0.80888503,0.2335424,0.18890895,0.52229858,0.83654539,0.21041237,0.1760195,0.4466469,0.87606021,0.47290679,0.41429482,0.56575278,0.84838557,0.6255661,0.53072125,0.56923572,0.94293346,0.50342353,0.4746949,0.73867371,0.78321658,0.54374904,0.42587327
experiment_0a_best,file,16,,9317,159.Black_and_white_Warbler/Black_And_White_Warbler_0022_160512.jpg,159,158,159.Black_and_white_Warbler,99,98,color_jitter,color_jitter,0,"{""brightness"":1.031362,""contrast"":0.840196,""hue"":0.09141,""saturation"":0.823282}",0.0069371089,0.04159585,0.034658741,0.99308687,0.95925736,0.0030287451,0.0095941788,0.99005813,0.94966319,-0.040394944,0.76358855,6.4943607,1.1237827,7.29825,False,0.96188915,True,True,True,0.76358855,6.4943607,1.1237827,7.29825,0.75715453,6.5300875,1.0992477,7.1781834,0.93627939,5.6451593,0.2335424,1.3183841,0.7354937,8.755287,0.21041237,1.8422207,0.66252775,7.6912923,0.47290679,3.6372644,0.7739968,6.28684,0.6255661,3.932834,0.76556486,6.1641152,0.50342353,3.1031607,0.85128613,5.7590219,0.54374904,3.1314626
experiment_0a_best,file,16,,9317,159.Black_and_white_Warbler/Black_And_White_Warbler_0022_160512.jpg,159,158,159.Black_and_white_Warbler,99,98,rotation,rotation,0,"{""angle"":-3.354661}",0.0069371089,0.0031720106,-0.0037650983,0.99308687,0.99683303,0.0030287451,0.00065156556,0.99005813,0.99618146,0.0061233314,0.75688374,0.40289945,1.1237827,0.45277141,False,0.97267801,True,True,True,0.75688374,0.40289945,1.1237827,0.45277141,0.74809241,0.40135042,1.0992477,0.44118351,0.93869978,0.43580734,0.2335424,0.10177949,0.52004813,0.41572937,0.21041237,0.087474603,0.66890143,0.40288248,0.47290679,0.19052586,0.75252625,0.38043281,0.6255661,0.23798587,0.74562752,0.40668186,0.50342353,0.20473322,0.83827498,0.41993177,0.54374904,0.2283375
experiment_0a_best,file,16,,9317,159.Black_and_white_Warbler/Black_And_White_Warbler_0022_160512.jpg,159,158,159.Black_and_white_Warbler,99,98,random_resized_crop,random_resized_crop,0,"{""area_fraction"":0.640815,""aspect"":1.131786,""fallback"":false,""height"":0.752461,""left"":0.136542,""top"":0.099531,""width"":0.851625}",0.0069371089,0.049666092,0.042728983,0.99308687,0.95154709,0.0030287451,0.0075756176,0.99005813,0.94397147,-0.046086661,0.7266268,8.3278731,1.1237827,9.3587194,False,0.97017431,True,True,True,0.7266268,8.3278731,1.1237827,9.3587194,0.72067018,8.3996914,1.0992477,9.2333411,0.9183372,6.5374634,0.2335424,1.5267749,0.31874581,11.437844,0.21041237,2.4066638,0.74963978,9.5918525,0.47290679,4.5360522,0.74093531,8.1837813,0.6255661,5.1194961,0.72672604,8.5846325,0.50342353,4.321706,0.78204653,6.8813204,0.54374904,3.7417114
experiment_0a_best,file,16,,9317,159.Black_and_white_Warbler/Black_And_White_Warbler_0022_160512.jpg,159,158,159.Black_and_white_Warbler,99,98,gaussian_blur,gaussian_blur,0,"{""sigma"":1.022571}",0.0069371089,0.1383636,0.13142649,0.99308687,0.87078202,0.0030287451,0.01388249,0.99005813,0.85689953,-0.1331586,0.64828647,24.07838,1.1237827,27.058866,False,0.92596114,True,True,True,0.64828647,24.07838,1.1237827,27.058866,0.6425233,24.32587,1.0992477,26.740155,0.85508643,17.730437,0.2335424,4.1408088,0.4950722,25.526773,0.21041237,5.3711489,0.64354419,26.667505,0.47290679,12.611244,0.65998904,25.235445,0.6255661,15.786439,0.60653732,25.384607,0.50342353,12.779209,0.6989654,19.689653,0.54374904,10.70623
experiment_0a_best,file,16,,9317,159.Black_and_white_Warbler/Black_And_White_Warbler_0022_160512.jpg,159,158,159.Black_and_white_Warbler,99,98,random_erasing,random_erasing,0,"{""area_fraction"":0.155488,""erased"":true,""height"":0.521125,""left"":0.050593,""top"":0.405349,""width"":0.29837}",0.0069371089,0.0053892094,-0.0015478996,0.99308687,0.99462527,0.0030287451,0.0016759958,0.99005813,0.99294927,0.0028911452,0.93429997,0.74323719,1.1237827,0.83523706,False,0.98956001,True,True,True,0.93429997,0.74323719,1.1237827,0.83523706,0.93210361,0.74335878,1.0992477,0.8171354,0.98315088,0.74053829,0.2335424,0.17294709,0.95742486,0.73482466,0.21041237,0.1546162,0.93521359,0.7596887,0.47290679,0.35926195,0.94519637,0.73020746,0.6255661,0.45679303,0.90981907,0.74569763,0.50342353,0.37540174,0.92849999,0.74737567,0.54374904,0.4063848
experiment_0a_best,file,16,,2279,040.Olive_sided_Flycatcher/Olive_Sided_Flycatcher_0049_796889.jpg,40,39,040.Olive_sided_Flycatcher,78,77,identity,identity,0,{},0.014355361,0.014355361,0,0.98574716,0.98574716,0.0048680678,0.0048680678,0.98087909,0.98087909,0,1,1,3.8381609,3.8381609,False,1.0000001,True,True,True,1,1,3.8381609,3.8381609,1,1,3.7887857,3.7887857,1,1,0.61366277,0.61366277,1,1,0.90560574,0.90560574,1,1,2.1806941,2.1806941,1,1,2.1087023,2.1087023,1,1,1.6231812,1.6231812,1,1,1.3030758,1.3030758
experiment_0a_best,file,16,,2279,040.Olive_sided_Flycatcher/Olive_Sided_Flycatcher_0049_796889.jpg,40,39,040.Olive_sided_Flycatcher,78,77,horizontal_flip,horizontal_flip,0,"{""flipped"":true}",0.014355361,0.0364682,0.022112839,0.98574716,0.96418875,0.0048680678,0.0024818387,0.98087909,0.96170692,-0.019172175,0.78868294,2.2465799,3.8381609,8.6227353,False,0.9681682,True,True,True,0.78868294,2.2465799,3.8381609,8.6227353,0.785403,2.2365254,3.7887857,8.4737155,0.90492824,2.6010294,0.61366277,1.5961549,0.82302192,2.1242166,0.90560574,1.9237027,0.85215369,2.0800734,2.1806941,4.5360037,0.80063125,2.2539324,2.1087023,4.7528723,0.70653442,2.2833558,1.6231812,3.7063002,0.70569756,2.5684266,1.3030758,3.3468546
experiment_0a_best,file,16,,2279,040.Olive_sided_Flycatcher/Olive_Sided_Flycatcher_0049_796889.jpg,40,39,040.Olive_sided_Flycatcher,78,77,color_jitter,color_jitter,0,"{""brightness"":1.399254,""contrast"":0.697276,""hue"":0.062358,""saturation"":0.868595}",0.014355361,0.07533288,0.060977519,0.98574716,0.92743468,0.0048680678,0.013059949,0.98087909,0.91437473,-0.066504356,0.67856952,4.1128043,3.8381609,15.785605,False,0.89484292,True,True,True,0.67856952,4.1128043,3.8381609,15.785605,0.67398999,4.1146231,3.7887857,15.589425,0.85633715,4.0428636,0.61366277,2.4809549,0.59454735,5.4650033,0.90560574,4.9491383,0.72625636,3.9701066,2.1806941,8.657588,0.62396655,3.7782839,2.1087023,7.9672757,0.68328166,4.1072626,1.6231812,6.6668314,0.71401598,4.5825837,1.3030758,5.9714539
experiment_0a_best,file,16,,2279,040.Olive_sided_Flycatcher/Olive_Sided_Flycatcher_0049_796889.jpg,40,39,040.Olive_sided_Flycatcher,78,77,rotation,rotation,0,"{""angle"":-3.154059}",0.014355361,0.016053939,0.0016985778,0.98574716,0.98407423,0.0048680678,0.0069657369,0.98087909,0.9771085,-0.0037705926,0.87916698,1.008504,3.8381609,3.8708007,False,0.96329427,True,True,True,0.87916698,1.008504,3.8381609,3.8708007,0.87752382,1.0082367,3.7887857,3.8199928,0.94120781,1.0186424,0.61366277,0.62510292,0.89169777,0.98012602,0.90560574,0.88760774,0.90672762,1.0401301,2.1806941,2.2682055,0.86867774,0.99510087,2.1087023,2.0983715,0.85110874,0.9737171,1.6231812,1.5805193,0.8516093,1.0176679,1.3030758,1.3260984
experiment_0a_best,file,16,,2279,040.Olive_sided_Flycatcher/Olive_Sided_Flycatcher_0049_796889.jpg,40,39,040.Olive_sided_Flycatcher,78,77,random_resized_crop,random_resized_crop,0,"{""area_fraction"":0.754317,""aspect"":1.029068,""fallback"":false,""height"":0.85616,""left"":0.112011,""top"":0.018078,""width"":0.881047}",0.014355361,0.015432585,0.0010772236,0.98574716,0.9846859,0.0048680678,0.0046028397,0.98087909,0.98008306,-0.0007960326,0.84773561,0.89730784,3.8381609,3.4440119,False,0.95984662,True,True,True,0.84773561,0.89730784,3.8381609,3.4440119,0.84482329,0.89637563,3.7887857,3.3961752,0.95512169,0.93214793,0.61366277,0.57202448,0.87942884,0.83758771,0.90560574,0.75852423,0.88386355,0.88068474,2.1806941,1.920504,0.83745839,0.91196577,2.1087023,1.9230643,0.80809778,0.88331514,1.6231812,1.4337805,0.80279824,0.94501442,1.3030758,1.2314254
experiment_0a_best,file,16,,2279,040.Olive_sided_Flycatcher/Olive_Sided_Flycatcher_0049_796889.jpg,40,39,040.Olive_sided_Flycatcher,78,77,gaussian_blur,gaussian_blur,0,"{""sigma"":1.993819}",0.014355361,0.50792408,0.49356872,0.98574716,0.60174346,0.0048680678,0.012807917,0.98087909,0.58893554,-0.39194355,0.45586743,19.726461,3.8381609,75.713333,False,0.816818,True,True,True,0.45586743,19.726461,3.8381609,75.713333,0.44977023,19.7753,3.7887857,74.924375,0.71714911,17.764951,0.61366277,10.901689,0.58650402,21.323489,0.90560574,19.310674,0.45333948,18.049776,2.1806941,39.361039,0.4594438,18.838729,2.1087023,39.72527,0.39112484,21.343582,1.6231812,34.644501,0.45780901,23.189779,1.3030758,30.21804
experiment_0a_best,file,16,,2279,040.Olive_sided_Flycatcher/Olive_Sided_Flycatcher_0049_796889.jpg,40,39,040.Olive_sided_Flycatcher,78,77,random_erasing,random_erasing,0,"{""area_fraction"":0.165204,""erased"":true,""height"":0.549381,""left"":0.502251,""top"":0.084165,""width"":0.300709}",0.014355361,0.017245106,0.0028897449,0.98574716,0.98290277,0.0048680678,0.0021593648,0.98087909,0.9807434,-0.00013569021,0.8236683,0.93921137,3.8381609,3.6048444,False,0.96743023,True,True,True,0.8236683,0.93921137,3.8381609,3.6048444,0.82137075,0.93254036,3.7887857,3.5331956,0.91363405,1.1653706,0.61366277,0.71514455,0.87113926,0.8896415,0.90560574,0.80566445,0.81743359,0.82441507,2.1806941,1.7977971,0.83713524,0.9617204,2.1087023,2.027982,0.8067193,0.97656406,1.6231812,1.5851404,0.81837618,1.0790087,1.3030758,1.4060302
experiment_0a_best,file,16,,11516,196.House_Wren/House_Wren_0133_187101.jpg,196,195,196.House_Wren,199,198,identity,identity,0,{},2.2625928,2.2625928,0,0.10408027,0.10408027,0.4593944,0.4593944,-0.35531412,-0.35531412,0,1,1,117.45899,117.45899,False,1.0000001,True,False,False,1,1,117.45899,117.45899,1,1,115.44028,115.44028,1,1,21.683081,21.683081,1,1,22.782681,22.782681,1,1,47.168682,47.168682,1,1,63.354674,63.354674,1,1,58.162259,58.162259,1,1,56.443424,56.443424
experiment_0a_best,file,16,,11516,196.House_Wren/House_Wren_0133_187101.jpg,196,195,196.House_Wren,199,198,horizontal_flip,horizontal_flip,0,"{""flipped"":true}",2.2625928,0.89650756,-1.3660852,0.10408027,0.40799206,0.4593944,0.31299654,-0.35531412,0.094995528,0.45030965,0.70418268,0.69683603,117.45899,81.849657,False,0.95042229,False,False,True,0.70418268,0.69683603,117.45899,81.849657,0.69468823,0.69390321,115.44028,80.104381,0.94920352,0.77536635,21.683081,16.812331,0.70036937,0.59283447,22.782681,13.506358,0.67716114,0.71282777,47.168682,33.623146,0.71508258,0.6842134,63.354674,43.348117,0.64042971,0.69740119,58.162259,40.562429,0.73992572,0.70409831,56.443424,39.741719
experiment_0a_best,file,16,,11516,196.House_Wren/House_Wren_0133_187101.jpg,196,195,196.House_Wren,199,198,color_jitter,color_jitter,0,"{""brightness"":0.721131,""contrast"":1.241376,""hue"":-0.054831,""saturation"":1.348461}",2.2625928,5.4977045,3.2351117,0.10408027,0.004096163,0.4593944,0.12579846,-0.35531412,-0.1217023,0.23361182,0.52277905,0.89039189,117.45899,104.58453,False,0.87268281,False,False,False,0.52277905,0.89039189,117.45899,104.58453,0.51187731,0.88145259,115.44028,101.75513,0.78101558,1.1143392,21.683081,24.162306,0.11923122,0.71225945,22.782681,16.22718,0.37215219,0.8508346,47.168682,40.132746,0.53501289,0.81945297,63.354674,51.916176,0.53895247,0.85441268,58.162259,49.694572,0.59902135,1.0201138,56.443424,57.578718
experiment_0a_best,file,16,,11516,196.House_Wren/House_Wren_0133_187101.jpg,196,195,196.House_Wren,199,198,rotation,rotation,0,"{""angle"":0.812336}",2.2625928,2.4897411,0.22714829,0.10408027,0.082931422,0.4593944,0.42956468,-0.35531412,-0.34663326,0.0086808577,0.88943294,0.94842656,117.45899,111.40123,False,0.98117912,True,False,False,0.88943294,0.94842656,117.45899,111.40123,0.88611979,0.94692937,115.44028,109.31379,0.98011039,0.98992267,21.683081,21.464574,0.80267,0.8097079,22.782681,18.447317,0.86405741,0.92959779,47.168682,43.847902,0.89844593,0.9756606,63.354674,61.812659,0.88490977,0.94770554,58.162259,55.120695,0.90037463,0.94207492,56.443424,53.173934
experiment_0a_best,file,16,,11516,196.House_Wren/House_Wren_0133_187101.jpg,196,195,196.House_Wren,199,198,random_resized_crop,random_resized_crop,0,"{""area_fraction"":0.697193,""aspect"":1.091528,""fallback"":false,""height"":0.799207,""left"":0.047155,""top"":0.027934,""width"":0.872356}",2.2625928,2.3711779,0.10858512,0.10408027,0.093370676,0.4593944,0.18992738,-0.35531412,-0.096556708,0.25875741,0.71233427,0.88848384,117.45899,104.36041,False,0.93722475,True,False,False,0.71233427,0.88848384,117.45899,104.36041,0.70511967,0.88532805,115.44028,102.20252,0.9013777,0.97368947,21.683081,21.112588,0.66276078,0.73852486,22.782681,16.825576,0.69468254,0.84190156,47.168682,39.711387,0.73048177,0.88088798,63.354674,55.808371,0.67816986,0.89802207,58.162259,52.230992,0.71751856,0.92783051,56.443424,52.369931
experiment_0a_best,file,16,,11516,196.House_Wren/House_Wren_0133_187101.jpg,196,195,196.House_Wren,199,198,gaussian_blur,gaussian_blur,0,"{""sigma"":1.998862}",2.2625928,4.306757,2.0441642,0.10408027,0.013477184,0.4593944,0.0057727676,-0.35531412,0.0077044163,0.36301854,0.23100875,0.99662219,117.45899,117.06224,False,0.73450172,False,False,False,0.23100875,0.99662219,117.45899,117.06224,0.21579649,0.99463233,115.44028,114.82063,0.63923659,1.0514592,21.683081,22.798876,-0.23773681,1.1532279,22.782681,26.273623,0.067061833,1.1444726,47.168682,53.983265,0.24357016,0.96433512,63.354674,61.095137,0.23110422,0.95671766,58.162259,55.644861,0.38552242,0.92913311,56.443424,52.443454
experiment_0a_best,file,16,,11516,196.House_Wren/House_Wren_0133_187101.jpg,196,195,196.House_Wren,199,198,random_erasing,random_erasing,0,"{""area_fraction"":0.083592,""erased"":true,""height"":0.39719,""left"":0.112196,""top"":0.528428,""width"":0.21046}",2.2625928,1.9478934,-0.31469941,0.10408027,0.1425741,0.4593944,0.41170326,-0.35531412,-0.26912916,0.086184964,0.96209333,0.95103148,117.45899,111.7072,False,0.99299812,True,False,False,0.96209333,0.95103148,117.45899,111.7072,0.96102868,0.95063045,115.44028,109.74104,0.99197315,0.96232932,21.683081,20.866265,0.96886147,0.87701681,22.782681,19.980794,0.9674005,0.94248171,47.168682,44.45562,0.96682255,0.92926107,63.354674,58.873032,0.95627815,0.95354824,58.162259,55.46052,0.95525636,0.99050685,56.443424,55.907598
experiment_0a_best,file,16,,1717,031.Black_billed_Cuckoo/Black_Billed_Cuckoo_0088_26217.jpg,31,30,031.Black_billed_Cuckoo,33,32,identity,identity,0,{},0.0052510672,0.0052510672,0,0.99476272,0.99476272,0.0050599938,0.0050599938,0.98970272,0.98970272,0,1,1,1.0657093,1.0657093,False,1,True,True,True,1,1,1.0657093,1.0657093,1,1,1.0309455,1.0309455,1,1,0.26997713,0.26997713,1,1,0.21232745,0.21232745,1,1,0.55830483,0.55830483,1,1,0.50849887,0.50849887,1,1,0.46027969,0.46027969,1,1,0.48542034,0.48542034
experiment_0a_best,file,16,,1717,031.Black_billed_Cuckoo/Black_Billed_Cuckoo_0088_26217.jpg,31,30,031.Black_billed_Cuckoo,33,32,horizontal_flip,horizontal_flip,0,"{""flipped"":true}",0.0052510672,0.015127341,0.009876274,0.99476272,0.98498648,0.0050599938,0.013055187,0.98970272,0.9719313,-0.017771428,0.69153129,2.9012145,1.0657093,3.0918512,False,0.95522928,True,True,True,0.69153129,2.9012145,1.0657093,3.0918512,0.67643227,2.9252952,1.0309455,3.0158199,0.95381477,2.5241031,0.26997713,0.68145012,0.67915545,4.0082812,0.21232745,0.85106813,0.69012862,2.5527416,0.55830483,1.425208,0.64475633,3.0767918,0.50849887,1.5645452,0.64771837,3.0860876,0.46027969,1.4204635,0.74462952,2.8202031,0.48542034,1.3689839
experiment_0a_best,file,16,,1717,031.Black_billed_Cuckoo/Black_Billed_Cuckoo_0088_26217.jpg,31,30,031.Black_billed_Cuckoo,33,32,color_jitter,color_jitter,0,"{""brightness"":0.894446,""contrast"":1.395802,""hue"":-0.096755,""saturation"":0.628044}",0.0052510672,0.0031799723,-0.0020710949,0.99476272,0.9968251,0.0050599938,0.0023721079,0.98970272,0.99445299,0.0047502662,0.75542825,0.55885345,1.0657093,0.59557531,False,0.96289426,True,True,True,0.75542825,0.55885345,1.0657093,0.59557531,0.74333067,0.56193388,1.0309455,0.5793232,0.95220532,0.51183269,0.26997713,0.13818312,0.47793023,0.62034041,0.21232745,0.1317153,0.78035136,0.57389106,0.55830483,0.32040615,0.73188136,0.54260948,0.50849887,0.27591631,0.70823196,0.55550855,0.46027969,0.25568931,0.79432395,0.56077641,0.48542034,0.27221228
experiment_0a_best,file,16,,1717,031.Black_billed_Cuckoo/Black_Billed_Cuckoo_0088_26217.jpg,31,30,031.Black_billed_Cuckoo,33,32,rotation,rotation,0,"{""angle"":-3.193963}",0.0052510672,0.026510129,0.021259062,0.99476272,0.97383815,0.0050599938,0.025808694,0.98970272,0.94802946,-0.041673268,0.84049592,5.5577104,1.0657093,5.9229036,False,0.9788211,True,True,True,0.84049592,5.5577104,1.0657093,5.9229036,0.83170329,5.5792173,1.0309455,5.751869,0.97877569,5.2340659,0.26997713,1.4130781,0.64291987,7.0523226,0.21232745,1.4974017,0.87866541,5.4858945,0.55830483,3.0628014,0.82557711,5.8577715,0.50849887,2.9786702,0.80214839,5.4770471,0.46027969,2.5209735,0.86122921,5.1432694,0.48542034,2.4966476
experiment_0a_best,file,16,,1717,031.Black_billed_Cuckoo/Black_Billed_Cuckoo_0088_26217.jpg,31,30,031.Black_billed_Cuckoo,33,32,random_resized_crop,random_resized_crop,0,"{""area_fraction"":0.560618,""aspect"":1.322772,""fallback"":false,""height"":0.651015,""left"":0.133955,""top"":0.315272,""width"":0.861145}",0.0052510672,0.97768521,0.97243415,0.99476272,0.37618089,0.0050599938,0.046492379,0.98970272,0.32968851,-0.66001422,0.21628795,100.2999,1.0657093,106.89053,False,0.78644061,True,True,True,0.21628795,100.2999,1.0657093,106.89053,0.20124832,102.29347,1.0309455,105.45899,0.58593492,64.580351,0.26997713,17.435218,-0.022618387,125.88015,0.21232745,26.727812,0.18972584,87.876897,0.55830483,49.062096,0.074004533,110.65615,0.50849887,56.268529,0.28309271,111.59465,0.46027969,51.364751,0.35177218,96.53026,0.48542034,46.857752
experiment_0a_best,file,16,,1717,031.Black_billed_Cuckoo/Black_Billed_Cuckoo_0088_26217.jpg,31,30,031.Black_billed_Cuckoo,33,32,gaussian_blur,gaussian_blur,0,"{""sigma"":1.91244}",0.0052510672,0.11337158,0.10812051,0.99476272,0.89281887,0.0050599938,0.010392587,0.98970272,0.88242628,-0.10727644,0.34666936,23.85069,1.0657093,25.417902,False,0.83228123,True,True,True,0.34666936,23.85069,1.0657093,25.417902,0.34040814,24.472294,1.0309455,25.229601,0.64345911,11.438741,0.26997713,3.0881986,0.1752815,36.330766,0.21232745,7.7140191,0.48194625,19.719792,0.55830483,11.009655,0.31941067,30.833593,0.50849887,15.678847,0.27251039,24.541921,0.46027969,11.296148,0.37249301,18.698468,0.48542034,9.0766167
experiment_0a_best,file,16,,1717,031.Black_billed_Cuckoo/Black_Billed_Cuckoo_0088_26217.jpg,31,30,031.Black_billed_Cuckoo,33,32,random_erasing,random_erasing,0,"{""area_fraction"":0.079654,""erased"":true,""height"":0.269931,""left"":0.475077,""top"":0.326893,""width"":0.29509}",0.0052510672,0.013902845,0.0086517776,0.99476272,0.98619336,0.0050599938,0.011681174,0.98970272,0.97451218,-0.01519054,0.83761285,2.5469664,1.0657093,2.7143258,False,0.95705581,True,True,True,0.83761285,2.5469664,1.0657093,2.7143258,0.83080963,2.5642707,1.0309455,2.6436233,0.95466264,2.2797625,0.26997713,0.61548375,0.85917974,2.96394,0.21232745,0.62932582,0.89577008,2.4542309,0.55830483,1.370209,0.81626869,2.5985708,0.50849887,1.3213703,0.77408076,2.6734774,0.46027969,1.2305474,0.81525626,2.4848874,0.48542034,1.2062149
experiment_0a_best,file,16,,3371,059.California_Gull/California_Gull_0096_40978.jpg,59,58,059.California_Gull,62,61,identity,identity,0,{},1.2949678,1.2949678,0,0.27390668,0.27390668,0.18457307,0.18457307,0.089333609,0.089333609,0,1,1,87.758561,87.758561,False,0.99999994,True,True,True,1,1,87.758561,87.758561,1,1,85.790481,85.790481,1,1,18.4813,18.4813,1,1,12.874522,12.874522,1,1,34.255946,34.255946,1,1,41.503283,41.503283,1,1,44.960024,44.960024,1,1,47.716426,47.716426
experiment_0a_best,file,16,,3371,059.California_Gull/California_Gull_0096_40978.jpg,59,58,059.California_Gull,62,61,horizontal_flip,horizontal_flip,0,"{""flipped"":true}",1.2949678,0.78631377,-0.508654,0.27390668,0.45552087,0.18457307,0.12304706,0.089333609,0.33247381,0.2431402,0.72825012,0.75141557,87.758561,65.94315,False,0.95456147,True,True,True,0.72825012,0.75141557,87.758561,65.94315,0.71821016,0.75201204,85.790481,64.515475,0.9486842,0.73844558,18.4813,13.647434,0.59934905,0.85607553,12.874522,11.021563,0.68296988,0.78448083,34.255946,26.873133,0.70407939,0.79560454,41.503283,33.0202,0.72418234,0.71118587,44.960024,31.974934,0.75764722,0.72775213,47.716426,34.725731
experiment_0a_best,file,16,,3371,059.California_Gull/California_Gull_0096_40978.jpg,59,58,059.California_Gull,62,61,color_jitter,color_jitter,0,"{""brightness"":1.368644,""contrast"":1.388039,""hue"":0.027986,""saturation"":1.016782}",1.2949678,1.6746053,0.37963748,0.27390668,0.18738213,0.18457307,0.073736861,0.089333609,0.11364527,0.024311662,0.61320447,1.0884561,87.758561,95.521345,False,0.90401947,True,True,True,0.61320447,1.0884561,87.758561,95.521345,0.59982729,1.0821721,85.790481,92.840067,0.87370078,1.2160023,18.4813,22.473303,0.34386929,1.564926,12.874522,20.147673,0.2993147,0.91386474,34.255946,31.305301,0.59375134,1.0895187,41.503283,45.218604,0.66832708,1.0947154,44.960024,49.218431,0.70692331,1.1022245,47.716426,52.594214
experiment_0a_best,file,16,,3371,059.California_Gull/California_Gull_0096_40978.jpg,59,58,059.California_Gull,62,61,rotation,rotation,0,"{""angle"":11.113128}",1.2949678,1.9553776,0.66040981,0.27390668,0.14151102,0.18457307,0.056274388,0.089333609,0.085236635,-0.0040969737,0.66287502,1.3322016,87.758561,116.91209,False,0.91186386,True,True,True,0.66287502,1.3322016,87.758561,116.91209,0.6544943,1.3411492,85.790481,115.05784,0.8888611,1.122194,18.4813,20.739604,0.42217218,1.5752119,12.874522,20.2801,0.52533337,1.2457906,34.255946,42.675736,0.62383368,1.4855489,41.503283,61.655156,0.71747114,1.3221039,44.960024,59.441821,0.71544677,1.2697879,47.716426,60.589742
experiment_0a_best,file,16,,3371,059.California_Gull/California_Gull_0096_40978.jpg,59,58,059.California_Gull,62,61,random_resized_crop,random_resized_crop,0,"{""area_fraction"":0.740296,""aspect"":1.070869,""fallback"":false,""height"":0.831447,""left"":0.080619,""top"":0.063518,""width"":0.890371}",1.2949678,1.1320646,-0.16290319,0.27390668,0.32236704,0.18457307,0.19588563,0.089333609,0.12648141,0.037147805,0.78409265,1.1119542,87.758561,97.583501,False,0.95411354,True,True,True,0.78409265,1.1119542,87.758561,97.583501,0.77725393,1.1162312,85.790481,95.762014,0.94945734,1.0154243,18.4813,18.766361,0.57016692,1.4850535,12.874522,19.119354,0.79966113,1.2894272,34.255946,44.170549,0.76420187,1.1239945,41.503283,46.64946,0.76801311,1.0688821,44.960024,48.056966,0.81661167,1.0198471,47.716426,48.663457
experiment_0a_best,file,16,,3371,059.California_Gull/California_Gull_0096_40978.jpg,59,58,059.California_Gull,62,61,gaussian_blur,gaussian_blur,0,"{""sigma"":1.694942}",1.2949678,2.8292403,1.5342726,0.27390668,0.05905769,0.18457307,0.17433502,0.089333609,-0.11527733,-0.20461094,0.49670573,1.0924573,87.758561,95.872482,False,0.83818984,False,True,False,0.49670573,1.0924573,87.758561,95.872482,0.47925232,1.0843808,85.790481,93.029552,0.82692861,1.2539174,18.4813,23.174024,0.46883211,1.1707307,12.874522,15.072597,0.45602223,1.3195504,34.255946,45.202446,0.41306476,1.0427341,41.503283,43.276887,0.48093046,0.9509006,44.960024,42.752514,0.55081325,1.0856097,47.716426,51.801416
experiment_0a_best,file,16,,3371,059.California_Gull/California_Gull_0096_40978.jpg,59,58,059.California_Gull,62,61,random_erasing,random_erasing,0,"{""area_fraction"":0.083756,""erased"":true,""height"":0.443723,""left"":0.799904,""top"":0.480283,""width"":0.188758}",1.2949678,1.8175735,0.52260578,0.27390668,0.16241938,0.18457307,0.42867109,0.089333609,-0.26625171,-0.35558532,0.90569647,1.2272985,87.758561,107.70595,False,0.98350644,False,True,False,0.90569647,1.2272985,87.758561,107.70595,0.9033229,1.224725,85.790481,105.06974,0.95546405,1.2814992,18.4813,23.683771,0.90527659,1.2103804,12.874522,15.583068,0.90035329,1.1706555,34.255946,40.10191,0.90467771,1.2163477,41.503283,50.482423,0.91058946,1.2257637,44.960024,55.110365,0.89811882,1.2579575,47.716426,60.025234
experiment_0a_best,file,16,,11075,189.Red_bellied_Woodpecker/Red_Bellied_Woodpecker_0073_180994.jpg,189,188,189.Red_bellied_Woodpecker,36,35,identity,identity,0,{},0.0025384368,0.0025384368,0,0.99746478,0.99746478,0.0005604421,0.0005604421,0.99690433,0.99690433,0,1,1,0.28416381,0.28416381,False,0.99999994,True,True,True,1,1,0.28416381,0.28416381,1,1,0.27517766,0.27517766,1,1,0.070896587,0.070896587,1,1,0.04423673,0.04423673,1,1,0.080057507,0.080057507,1,1,0.11456744,0.11456744,1,1,0.125767,0.125767,1,1,0.19599392,0.19599392
experiment_0a_best,file,16,,11075,189.Red_bellied_Woodpecker/Red_Bellied_Woodpecker_0073_180994.jpg,189,188,189.Red_bellied_Woodpecker,36,35,horizontal_flip,horizontal_flip,0,"{""flipped"":true}",0.0025384368,0.002347097,-0.00019133976,0.99746478,0.99765563,0.0005604421,0.00057031761,0.99690433,0.99708531,0.00018097856,0.68476272,1.018886,0.28416381,0.28953053,False,0.98567295,True,True,True,0.68476272,1.018886,0.28416381,0.28953053,0.66574026,1.021599,0.27517766,0.28112123,0.98502945,0.97710278,0.070896587,0.069273252,0.48000624,0.88105514,0.04423673,0.038974999,0.39283396,1.1651234,0.080057507,0.093276873,0.5999985,1.1493681,0.11456744,0.13168017,0.58194224,1.0612058,0.125767,0.13346468,0.80428671,0.93604198,0.19599392,0.18345853
experiment_0a_best,file,16,,11075,189.Red_bellied_Woodpecker/Red_Bellied_Woodpecker_0073_180994.jpg,189,188,189.Red_bellied_Woodpecker,36,35,color_jitter,color_jitter,0,"{""brightness"":0.96299,""contrast"":0.70905,""hue"":0.082176,""saturation"":0.629633}",0.0025384368,0.04237783,0.039839393,0.99746478,0.95850754,0.0005604421,0.011870533,0.99690433,0.946637,-0.050267329,0.64320227,18.449418,0.28416381,5.242657,False,0.92398089,True,True,True,0.64320227,18.449418,0.28416381,5.242657,0.63155483,18.727466,0.27517766,5.1533803,0.9168329,13.588696,0.070896587,0.96339214,0.43688544,16.428866,0.04423673,0.72675932,0.49453514,30.001857,0.080057507,2.4018738,0.59319613,22.773314,0.11456744,2.6090803,0.61447209,18.567448,0.125767,2.3351723,0.77331806,14.431037,0.19599392,2.8283954
experiment_0a_best,file,16,,11075,189.Red_bellied_Woodpecker/Red_Bellied_Woodpecker_0073_180994.jpg,189,188,189.Red_bellied_Woodpecker,36,35,rotation,rotation,0,"{""angle"":-1.913192}",0.0025384368,0.0030827641,0.00054432731,0.99746478,0.99692196,0.0005604421,0.00160971,0.99690433,0.99531225,-0.0015920874,0.78360199,1.4181055,0.28416381,0.40297426,False,0.98555881,True,True,True,0.78360199,1.4181055,0.28416381,0.40297426,0.77340091,1.4235349,0.27517766,0.391725,0.94921293,1.3336383,0.070896587,0.094550403,0.67636181,1.5194298,0.04423673,0.067214604,0.55177349,1.6486451,0.080057507,0.13198642,0.70293372,1.6945318,0.11456744,0.19413818,0.76620821,1.4779327,0.125767,0.18587517,0.87979661,1.2421634,0.19599392,0.24345646
experiment_0a_best,file,16,,11075,189.Red_bellied_Woodpecker/Red_Bellied_Woodpecker_0073_180994.jpg,189,188,189.Red_bellied_Woodpecker,36,35,random_resized_crop,random_resized_crop,0,"{""area_fraction"":0.778458,""aspect"":0.968559,""fallback"":false,""height"":0.896509,""left"":0.042753,""top"":0.077563,""width"":0.868321}",0.0025384368,0.004949579,0.0024111422,0.99746478,0.99506265,0.0005604421,0.0024266255,0.99690433,0.99263602,-0.0042683101,0.72740864,2.319877,0.28416381,0.65922508,False,0.97214484,True,True,True,0.72740864,2.319877,0.28416381,0.65922508,0.71367286,2.3253928,0.27517766,0.63989615,0.9432335,2.2351336,0.070896587,0.15846334,0.78630372,2.3283018,0.04423673,0.10299646,0.5436085,2.5422985,0.080057507,0.20353008,0.69577713,2.7654493,0.11456744,0.31683046,0.65674884,2.5882323,0.125767,0.32551423,0.80180281,1.9832614,0.19599392,0.38870717
experiment_0a_best,file,16,,11075,189.Red_bellied_Woodpecker/Red_Bellied_Woodpecker_0073_180994.jpg,189,188,189.Red_bellied_Woodpecker,36,35,gaussian_blur,gaussian_blur,0,"{""sigma"":1.209647}",0.0025384368,0.079825833,0.077287397,0.99746478,0.92327714,0.0005604421,0.061194122,0.99690433,0.86208302,-0.13482132,0.41742628,57.752384,0.28416381,16.411138,False,0.93696284,True,True,True,0.41742628,57.752384,0.28416381,16.411138,0.4057925,59.074538,0.27517766,16.255993,0.82341104,31.753958,0.070896587,2.2512472,0.21050626,56.777048,0.04423673,2.511631,0.1304279,92.543054,0.080057507,7.4087662,0.41276983,85.786309,0.11456744,9.8283181,0.45725616,60.92421,0.125767,7.6622553,0.59735879,35.258087,0.19599392,6.9103705
experiment_0a_best,file,16,,11075,189.Red_bellied_Woodpecker/Red_Bellied_Woodpecker_0073_180994.jpg,189,188,189.Red_bellied_Woodpecker,36,35,random_erasing,random_erasing,0,"{""area_fraction"":0.157984,""erased"":true,""height"":0.566858,""left"":0.131422,""top"":0.03316,""width"":0.278701}",0.0025384368,1.1921098,1.1895714,0.99746478,0.30358008,0.0005604421,0.0017110915,0.99690433,0.30186898,-0.69503535,0.44497226,429.31061,0.28416381,121.99454,False,0.83506137,False,True,False,0.44497226,429.31061,0.28416381,121.99454,0.42929464,433.70254,0.27517766,119.34525,0.74027021,356.65944,0.070896587,25.285937,0.5323899,486.2714,0.04423673,21.511057,0.5077525,568.97654,0.080057507,45.550843,0.40315799,579.5757,0.11456744,66.400506,0.40885532,474.55115,0.125767,59.682877,0.46791338,311.80287,0.19599392,61.111465
experiment_0a_best,file,16,,2038,036.Northern_Flicker/Northern_Flicker_0118_28500.jpg,36,35,036.Northern_Flicker,88,87,identity,identity,0,{},0.027855061,0.027855061,0,0.97252929,0.97252929,0.0029905303,0.0029905303,0.96953876,0.96953876,0,1,1,4.4093498,4.4093498,False,0.99999994,True,True,True,1,1,4.4093498,4.4093498,1,1,4.3439552,4.3439552,1,1,0.75658403,0.75658403,1,1,0.56788774,0.56788774,1,1,1.6041789,1.6041789,1,1,2.1307487,2.1307487,1,1,2.2568522,2.2568522,1,1,2.5180525,2.5180525
experiment_0a_best,file,16,,2038,036.Northern_Flicker/Northern_Flicker_0118_28500.jpg,36,35,036.Northern_Flicker,88,87,horizontal_flip,horizontal_flip,0,"{""flipped"":true}",0.027855061,0.14699699,0.11914193,0.97252929,0.86329657,0.0029905303,0.0060366034,0.96953876,0.85725997,-0.1122788,0.64858319,4.1923818,4.4093498,18.485678,False,0.95324731,True,True,True,0.64858319,4.1923818,4.4093498,18.485678,0.63927222,4.1899745,4.3439552,18.201062,0.94981565,4.2709767,0.75658403,3.2313527,0.54438005,5.7143783,0.56788774,3.2451253,0.67283381,4.6034764,1.6041789,7.3847996,0.58057648,4.1803673,2.1307487,8.9073122,0.59070298,3.907862,2.2568522,8.8194668,0.71457898,4.1478817,2.5180525,10.444584
experiment_0a_best,file,16,,2038,036.Northern_Flicker/Northern_Flicker_0118_28500.jpg,36,35,036.Northern_Flicker,88,87,color_jitter,color_jitter,0,"{""brightness"":0.74871,""contrast"":0.73373,""hue"":0.096897,""saturation"":0.970558}",0.027855061,2.2409682,2.2131132,0.97252929,0.10635548,0.0029905303,0.37175357,0.96953876,-0.26539809,-1.2349369,0.45874187,25.548107,4.4093498,112.65054,False,0.79633909,False,True,False,0.45874187,25.548107,4.4093498,112.65054,0.44710025,25.188924,4.3439552,109.41956,0.75749321,35.404236,0.75658403,26.786279,0.29466407,35.384345,0.56788774,20.094336,0.32282067,32.309498,1.6041789,51.830214,0.41597105,23.754716,2.1307487,50.61533,0.46332395,22.737464,2.2568522,51.315095,0.54798639,24.115238,2.5180525,60.723436
experiment_0a_best,file,16,,2038,036.Northern_Flicker/Northern_Flicker_0118_28500.jpg,36,35,036.Northern_Flicker,88,87,rotation,rotation,0,"{""angle"":-2.596345}",0.027855061,0.040169887,0.012314826,0.97252929,0.96062624,0.0029905303,0.0033295581,0.96953876,0.95729669,-0.012242075,0.86477083,1.5184555,4.4093498,6.6954017,False,0.97714359,True,True,True,0.86477083,1.5184555,4.4093498,6.6954017,0.86204488,1.5235815,4.3439552,6.6183699,0.97412653,1.338531,0.75658403,1.0127112,0.74887313,1.6975703,0.56788774,0.96402934,0.84055787,1.7861833,1.6041789,2.8653575,0.83095845,1.5163149,2.1307487,3.230886,0.8617531,1.4469393,2.2568522,3.265528,0.91004363,1.4624445,2.5180525,3.6825121
experiment_0a_best,file,16,,2038,036.Northern_Flicker/Northern_Flicker_0118_28500.jpg,36,35,036.Northern_Flicker,88,87,random_resized_crop,random_resized_crop,0,"{""area_fraction"":0.678614,""aspect"":0.994921,""fallback"":false,""height"":0.825881,""left"":0.063965,""top"":0.132592,""width"":0.821686}",0.027855061,0.056554709,0.028699648,0.97252929,0.94501477,0.0029905303,0.0050934502,0.96953876,0.93992132,-0.029617437,0.68339064,2.0861211,4.4093498,9.1984379,False,0.94449186,True,True,True,0.68339064,2.0861211,4.4093498,9.1984379,0.67585516,2.0880831,4.3439552,9.0705395,0.94048478,2.0203777,0.75658403,1.5285855,0.46683248,3.099338,0.56788774,1.7600761,0.63084102,2.2562484,1.6041789,3.6194261,0.63623103,2.2351317,2.1307487,4.762504,0.65748492,2.0191526,2.2568522,4.5569288,0.77493733,1.8891784,2.5180525,4.7570504
experiment_0a_best,file,16,,2038,036.Northern_Flicker/Northern_Flicker_0118_28500.jpg,36,35,036.Northern_Flicker,88,87,gaussian_blur,gaussian_blur,0,"{""sigma"":1.956087}",0.027855061,0.79019547,0.7623404,0.97252929,0.45375609,0.0029905303,0.010438138,0.96953876,0.44331796,-0.52622081,0.42204289,23.62638,4.4093498,104.17697,False,0.8145957,True,True,True,0.42204289,23.62638,4.4093498,104.17697,0.41099142,23.624433,4.3439552,102.62348,0.78534314,23.690482,0.75658403,17.92384,0.18669924,37.864421,0.56788774,21.50274,0.18893295,25.594652,1.6041789,41.0584,0.39793326,28.701007,2.1307487,61.154633,0.44462223,21.53358,2.2568522,48.598107,0.56429556,18.970095,2.5180525,47.767695
experiment_0a_best,file,16,,2038,036.Northern_Flicker/Northern_Flicker_0118_28500.jpg,36,35,036.Northern_Flicker,88,87,random_erasing,random_erasing,0,"{""area_fraction"":0.080377,""erased"":true,""height"":0.469249,""left"":0.091988,""top"":0.10639,""width"":0.171288}",0.027855061,0.018213995,-0.0096410662,0.97252929,0.98195088,0.0029905303,0.0024834282,0.96953876,0.97946745,0.0099286891,0.95475522,0.67554849,4.4093498,2.9787296,False,0.98882389,True,True,True,0.95475522,0.67554849,4.4093498,2.9787296,0.9537801,0.67595136,4.3439552,2.9363024,0.98776915,0.66213063,0.75658403,0.50095746,0.92482645,0.75704062,0.56788774,0.42991409,0.94954898,0.6935485,1.6041789,1.1125759,0.95071543,0.68021087,2.1307487,1.4493584,0.95170672,0.67572818,2.2568522,1.5250186,0.96195953,0.66130567,2.5180525,1.6652024
experiment_0a_best,file,16,,6845,117.Clay_colored_Sparrow/Clay_Colored_Sparrow_0066_110819.jpg,117,116,117.Clay_colored_Sparrow,116,115,identity,identity,0,{},1.8252976,1.8252976,0,0.16116968,0.16116968,0.63161379,0.63161379,-0.47044411,-0.47044411,0,1,1,196.46609,196.46609,False,0.99999994,True,False,False,1,1,196.46609,196.46609,1,1,193.82945,193.82945,1,1,32.079105,32.079105,1,1,51.955542,51.955542,1,1,90.321578,90.321578,1,1,104.20695,104.20695,1,1,94.317388,94.317388,1,1,83.412421,83.412421
experiment_0a_best,file,16,,6845,117.Clay_colored_Sparrow/Clay_Colored_Sparrow_0066_110819.jpg,117,116,117.Clay_colored_Sparrow,116,115,horizontal_flip,horizontal_flip,0,"{""flipped"":true}",1.8252976,2.6158752,0.79057765,0.16116968,0.073103771,0.63161379,0.85816294,-0.47044411,-0.78505917,-0.31461506,0.55003919,1.3772508,196.46609,270.58308,False,0.9553721,True,False,False,0.55003919,1.3772508,196.46609,270.58308,0.53973016,1.3792076,193.82945,267.33106,0.94902257,1.3038005,32.079105,41.824753,0.57512063,1.3325184,51.955542,69.231716,0.50449069,1.3859383,90.321578,125.18013,0.44322986,1.4520701,104.20695,151.3158,0.55910526,1.3948314,94.317388,131.55686,0.72310344,1.2458434,83.412421,103.91882
experiment_0a_best,file,16,,6845,117.Clay_colored_Sparrow/Clay_Colored_Sparrow_0066_110819.jpg,117,116,117.Clay_colored_Sparrow,116,115,color_jitter,color_jitter,0,"{""brightness"":1.079067,""contrast"":1.327254,""hue"":-0.031102,""saturation"":1.004599}",1.8252976,1.4847131,-0.34058452,0.16116968,0.22656736,0.63161379,0.3175765,-0.47044411,-0.09100914,0.37943497,0.77981749,0.84353223,196.46609,165.72548,False,0.92253286,True,False,False,0.77981749,0.84353223,196.46609,165.72548,0.77756663,0.84375631,193.82945,163.54482,0.8628626,0.83531002,32.079105,26.795998,0.68895216,0.78558163,51.955542,40.81532,0.76095559,0.76399239,90.321578,69.004998,0.78323357,0.876822,104.20695,91.37095,0.79470245,0.87314,94.317388,82.352285,0.80133038,0.86357868,83.412421,72.033188
experiment_0a_best,file,16,,6845,117.Clay_colored_Sparrow/Clay_Colored_Sparrow_0066_110819.jpg,117,116,117.Clay_colored_Sparrow,116,115,rotation,rotation,0,"{""angle"":-4.641525}",1.8252976,1.7632396,-0.062057972,0.16116968,0.17148842,0.63161379,0.46318847,-0.47044411,-0.29170005,0.17874406,0.79876526,0.85251184,196.46609,167.48967,False,0.96259725,True,False,False,0.79876526,0.85251184,196.46609,167.48967,0.79446726,0.85170028,193.82945,165.0846,0.95081563,0.88162935,32.079105,28.281881,0.77863295,0.754358,51.955542,39.193079,0.77593821,0.81919946,90.321578,73.991388,0.78178231,0.89677049,104.20695,93.449721,0.8007068,0.86897321,94.317388,81.959283,0.83956246,0.82989741,83.412421,69.223752
experiment_0a_best,file,16,,6845,117.Clay_colored_Sparrow/Clay_Colored_Sparrow_0066_110819.jpg,117,116,117.Clay_colored_Sparrow,116,115,random_resized_crop,random_resized_crop,0,"{""area_fraction"":0.795081,""aspect"":1.095688,""fallback"":false,""height"":0.851848,""left"":0.038073,""top"":0.0244,""width"":0.93336}",1.8252976,0.71373606,-1.1115615,0.16116968,0.48981082,0.63161379,0.11476818,-0.47044411,0.37504265,0.84548676,0.72019948,0.48099896,196.46609,94.499986,False,0.95350266,False,False,True,0.72019948,0.48099896,196.46609,94.499986,0.71719801,0.48022873,193.82945,93.082472,0.82485433,0.5083205,32.079105,16.306467,0.71776553,0.55335723,51.955542,28.749975,0.72259082,0.45222969,90.321578,40.846099,0.74991349,0.47708142,104.20695,49.715201,0.68370079,0.47947616,94.317388,45.22294,0.70792309,0.48737342,83.412421,40.652997
experiment_0a_best,file,16,,6845,117.Clay_colored_Sparrow/Clay_Colored_Sparrow_0066_110819.jpg,117,116,117.Clay_colored_Sparrow,116,115,gaussian_blur,gaussian_blur,0,"{""sigma"":1.108901}",1.8252976,0.92477554,-0.90052205,0.16116968,0.39662045,0.63161379,0.20930512,-0.47044411,0.18731533,0.65775944,0.58629275,0.5342062,196.46609,104.95341,False,0.92942041,False,False,True,0.58629275,0.5342062,196.46609,104.95341,0.57788057,0.53337553,193.82945,103.38389,0.87776157,0.56369554,32.079105,18.082848,0.29962671,0.61353872,51.955542,31.876737,0.45426808,0.49107607,90.321578,44.354765,0.62334763,0.52554952,104.20695,54.765914,0.6175627,0.54922924,94.317388,51.801867,0.71696877,0.53909057,83.412421,44.966849
experiment_0a_best,file,16,,6845,117.Clay_colored_Sparrow/Clay_Colored_Sparrow_0066_110819.jpg,117,116,117.Clay_colored_Sparrow,116,115,random_erasing,random_erasing,0,"{""area_fraction"":0.180389,""erased"":true,""height"":0.547703,""left"":0.231306,""top"":0.130586,""width"":0.329355}",1.8252976,8.1476641,6.3223665,0.16116968,0.0002894107,0.63161379,0.15805723,-0.47044411,-0.15776782,0.3126763,0.42266244,0.83057081,196.46609,163.179,False,0.82877231,False,False,False,0.42266244,0.83057081,196.46609,163.179,0.41346908,0.82526283,193.82945,159.96024,0.70616859,1.005349,32.079105,32.250695,0.43750306,0.876222,51.955542,45.524589,0.34682105,0.82290676,90.321578,74.326237,0.41888658,0.83455706,104.20695,86.966649,0.4483713,0.77530474,94.317388,73.124718,0.43194073,0.85447671,83.412421,71.273971
experiment_0a_best,file,16,,7382,126.Nelson_Sharp_tailed_Sparrow/Nelson_Sharp_Tailed_Sparrow_0015_796922.jpg,126,125,126.Nelson_Sharp_tailed_Sparrow,124,123,identity,identity,0,{},1.5224717,1.5224717,0,0.21817195,0.21817195,0.64396924,0.64396924,-0.42579728,-0.42579728,0,1,1,169.99822,169.99822,False,1,True,False,False,1,1,169.99822,169.99822,1,1,167.96862,167.96862,1,1,26.190385,26.190385,1,1,34.092344,34.092344,1,1,83.196521,83.196521,1,1,105.37145,105.37145,1,1,71.898505,71.898505,1,1,62.104515,62.104515
experiment_0a_best,file,16,,7382,126.Nelson_Sharp_tailed_Sparrow/Nelson_Sharp_Tailed_Sparrow_0015_796922.jpg,126,125,126.Nelson_Sharp_tailed_Sparrow,124,123,horizontal_flip,horizontal_flip,0,"{""flipped"":true}",1.5224717,0.91558355,-0.60688812,0.21817195,0.40028298,0.64396924,0.53080034,-0.42579728,-0.13051736,0.29527992,0.64685975,0.82861124,169.99822,140.86243,False,0.96555609,True,False,False,0.64685975,0.82861124,169.99822,140.86243,0.63871861,0.82747227,167.96862,138.98937,0.96477688,0.87417388,26.190385,22.894951,0.44784315,0.95021288,34.092344,32.394984,0.55789124,0.86025894,83.196521,71.570551,0.66653885,0.78496411,105.37145,82.712806,0.64440313,0.85004199,71.898505,61.116748,0.77950466,0.81622479,62.104515,50.691245
experiment_0a_best,file,16,,7382,126.Nelson_Sharp_tailed_Sparrow/Nelson_Sharp_Tailed_Sparrow_0015_796922.jpg,126,125,126.Nelson_Sharp_tailed_Sparrow,124,123,color_jitter,color_jitter,0,"{""brightness"":0.756583,""contrast"":1.186714,""hue"":0.024177,""saturation"":0.918145}",1.5224717,1.4746091,-0.04786253,0.21817195,0.22886819,0.64396924,0.53868634,-0.42579728,-0.30981815,0.11597914,0.8992462,1.0000077,169.99822,169.99953,False,0.96135759,True,False,False,0.8992462,1.0000077,169.99822,169.99953,0.89816979,1.0027885,167.96862,168.43701,0.95759281,0.8780316,26.190385,22.995986,0.76532612,1.4078719,34.092344,47.997651,0.91199036,1.0213934,83.196521,84.976375,0.92251389,0.99341104,105.37145,104.67716,0.88822954,0.94601006,71.898505,68.016709,0.89987992,0.91973871,62.104515,57.119926
experiment_0a_best,file,16,,7382,126.Nelson_Sharp_tailed_Sparrow/Nelson_Sharp_Tailed_Sparrow_0015_796922.jpg,126,125,126.Nelson_Sharp_tailed_Sparrow,124,123,rotation,rotation,0,"{""angle"":-5.895056}",1.5224717,0.86709726,-0.65537441,0.21817195,0.42016944,0.64396924,0.47333705,-0.42579728,-0.053167611,0.37262967,0.84123758,0.74022912,169.99822,125.83763,False,0.95985788,True,False,False,0.84123758,0.74022912,169.99822,125.83763,0.83818457,0.73855285,167.96862,124.0537,0.95942593,0.80616163,26.190385,21.113684,0.8031107,0.78187201,34.092344,26.655849,0.84429322,0.75421477,83.196521,62.748045,0.85975985,0.71656616,105.37145,75.505615,0.78701617,0.75297532,71.898505,54.1378,0.84987881,0.73954321,62.104515,45.928973
experiment_0a_best,file,16,,7382,126.Nelson_Sharp_tailed_Sparrow/Nelson_Sharp_Tailed_Sparrow_0015_796922.jpg,126,125,126.Nelson_Sharp_tailed_Sparrow,124,123,random_resized_crop,random_resized_crop,0,"{""area_fraction"":0.713158,""aspect"":1.316075,""fallback"":false,""height"":0.736127,""left"":0.026699,""top"":0.100924,""width"":0.968798}",1.5224717,1.2992845,-0.22318721,0.21817195,0.27272689,0.64396924,0.68087405,-0.42579728,-0.40814716,0.017650127,0.79791287,0.95345764,169.99822,162.0861,False,0.95510221,True,False,False,0.79791287,0.95345764,169.99822,162.0861,0.79385403,0.95096195,167.96862,159.73177,0.95285876,1.050986,26.190385,27.525728,0.85138773,1.150016,34.092344,39.20674,0.79083455,1.0152664,83.196521,84.46663,0.80343594,0.86732042,105.37145,91.39081,0.75754195,0.95230212,71.898505,68.469098,0.81924201,0.9928691,62.104515,61.661654
experiment_0a_best,file,16,,7382,126.Nelson_Sharp_tailed_Sparrow/Nelson_Sharp_Tailed_Sparrow_0015_796922.jpg,126,125,126.Nelson_Sharp_tailed_Sparrow,124,123,gaussian_blur,gaussian_blur,0,"{""sigma"":1.963424}",1.5224717,0.75099456,-0.7714771,0.21817195,0.47189701,0.64396924,0.15743665,-0.42579728,0.31446035,0.74025764,0.38895357,0.54302167,169.99822,92.312715,False,0.87084103,False,False,True,0.38895357,0.54302167,169.99822,92.312715,0.38023286,0.54403249,167.96862,91.380387,0.78086552,0.49967648,26.190385,13.08672,0.35500102,0.57367211,34.092344,19.557827,0.34052382,0.46913297,83.196521,39.030231,0.34535801,0.51795646,105.37145,54.577823,0.40156225,0.63377044,71.898505,45.567147,0.51492958,0.60019321,62.104515,37.274708
experiment_0a_best,file,16,,7382,126.Nelson_Sharp_tailed_Sparrow/Nelson_Sharp_Tailed_Sparrow_0015_796922.jpg,126,125,126.Nelson_Sharp_tailed_Sparrow,124,123,random_erasing,random_erasing,0,"{""area_fraction"":0.079635,""erased"":true,""height"":0.380533,""left"":0.164332,""top"":0.561869,""width"":0.209273}",1.5224717,1.3657147,-0.156757,0.21817195,0.25519824,0.64396924,0.59861475,-0.42579728,-0.34341651,0.082380772,0.96964476,0.96215209,169.99822,163.56414,False,0.99726284,True,False,False,0.96964476,0.96215209,169.99822,163.56414,0.96897986,0.96228948,167.96862,161.63444,0.99717616,0.95648371,26.190385,25.050677,0.9819107,0.9103072,34.092344,31.034506,0.97386546,0.94599252,83.196521,78.703286,0.97197515,0.96931415,105.37145,102.13804,0.95667,0.9788785,71.898505,70.379901,0.96572105,0.9638072,62.104515,59.856779
experiment_0a_best,file,16,,3016,053.Western_Grebe/Western_Grebe_0046_36118.jpg,53,52,053.Western_Grebe,86,85,identity,identity,0,{},0.24885426,0.24885426,0,0.7796936,0.7796936,0.11474811,0.11474811,0.6649455,0.6649455,0,1,1,37.913171,37.913171,False,1,True,True,True,1,1,37.913171,37.913171,1,1,37.259131,37.259131,1,1,7.0118243,7.0118243,1,1,6.9479421,6.9479421,1,1,14.544725,14.544725,1,1,19.820312,19.820312,1,1,19.878051,19.878051,1,1,18.450968,18.450968
experiment_0a_best,file,16,,3016,053.Western_Grebe/Western_Grebe_0046_36118.jpg,53,52,053.Western_Grebe,86,85,horizontal_flip,horizontal_flip,0,"{""flipped"":true}",0.24885426,0.60128522,0.35243095,0.7796936,0.54810673,0.11474811,0.31835601,0.6649455,0.22975072,-0.43519478,0.62034015,2.2625897,37.913171,85.781951,False,0.96539557,True,True,True,0.62034015,2.2625897,37.913171,85.781951,0.60857747,2.2629858,37.259131,84.316884,0.95419174,2.2513778,7.0118243,15.786265,0.54566357,2.2161156,6.9479421,15.397443,0.53060365,2.5492042,14.544725,37.077475,0.57883403,2.1878443,19.820312,43.363755,0.60930479,2.1905861,19.878051,43.544583,0.70871185,2.2483689,18.450968,41.484582
experiment_0a_best,file,16,,3016,053.Western_Grebe/Western_Grebe_0046_36118.jpg,53,52,053.Western_Grebe,86,85,color_jitter,color_jitter,0,"{""brightness"":0.819906,""contrast"":0.928132,""hue"":-0.08343,""saturation"":1.259292}",0.24885426,0.59383529,0.34498103,0.7796936,0.55220538,0.11474811,0.033561323,0.6649455,0.51864406,-0.14630144,0.72486866,1.8621539,37.913171,70.600159,False,0.92570937,True,True,True,0.72486866,1.8621539,37.913171,70.600159,0.72143051,1.867852,37.259131,69.594543,0.83533144,1.6933663,7.0118243,11.873587,0.61140153,1.9322722,6.9479421,13.425315,0.71578498,2.1858802,14.544725,31.793028,0.71588166,1.8539578,19.820312,36.746022,0.74583427,1.7793899,19.878051,35.370804,0.73036899,1.7570428,18.450968,32.419142
experiment_0a_best,file,16,,3016,053.Western_Grebe/Western_Grebe_0046_36118.jpg,53,52,053.Western_Grebe,86,85,rotation,rotation,0,"{""angle"":13.139183}",0.24885426,0.20768899,-0.041165277,0.7796936,0.81245971,0.11474811,0.035506047,0.6649455,0.77695366,0.11200816,0.6923586,0.86943152,37.913171,32.962906,False,0.95784056,True,True,True,0.6923586,0.86943152,37.913171,32.962906,0.68548242,0.87231517,37.259131,32.501705,0.91234325,0.78364123,7.0118243,5.4947547,0.62345375,0.80991301,6.9479421,5.6272287,0.619958,0.84730006,14.544725,12.323747,0.6671121,0.85606609,19.820312,16.967497,0.70537854,0.91505146,19.878051,18.18944,0.73177258,0.86388603,18.450968,15.939534
experiment_0a_best,file,16,,3016,053.Western_Grebe/Western_Grebe_0046_36118.jpg,53,52,053.Western_Grebe,86,85,random_resized_crop,random_resized_crop,0,"{""area_fraction"":0.529722,""aspect"":0.858814,""fallback"":false,""height"":0.78537,""left"":0.220809,""top"":0.045667,""width"":0.674487}",0.24885426,0.33222088,0.083366618,0.7796936,0.71732885,0.11474811,0.023064975,0.6649455,0.69426387,0.029318374,0.5253183,1.032121,37.913171,39.130981,False,0.91980582,True,True,True,0.5253183,1.032121,37.913171,39.130981,0.51233279,1.0251149,37.259131,38.194891,0.84227223,1.2133613,7.0118243,8.5078765,0.17007441,1.7085171,6.9479421,11.870678,0.44817282,0.9352454,14.544725,13.602888,0.46146759,0.96809838,19.820312,19.188012,0.56384725,0.9277125,19.878051,18.441117,0.6423006,1.1168456,18.450968,20.606882
experiment_0a_best,file,16,,3016,053.Western_Grebe/Western_Grebe_0046_36118.jpg,53,52,053.Western_Grebe,86,85,gaussian_blur,gaussian_blur,0,"{""sigma"":1.58686}",0.24885426,3.118238,2.8693837,0.7796936,0.044235036,0.11474811,0.026798351,0.6649455,0.017436685,-0.64750881,0.20452375,4.4175162,37.913171,167.48205,False,0.79724586,False,True,False,0.20452375,4.4175162,37.913171,167.48205,0.18951344,4.4330294,37.259131,165.17082,0.6809442,3.9544445,7.0118243,27.72787,-0.22177579,5.5624546,6.9479421,38.647612,0.07741434,4.7722923,14.544725,69.411681,0.070561192,4.7869858,19.820312,94.879551,0.3085435,3.7861571,19.878051,75.261425,0.37777178,4.3029595,18.450968,79.393768
experiment_0a_best,file,16,,3016,053.Western_Grebe/Western_Grebe_0046_36118.jpg,53,52,053.Western_Grebe,86,85,random_erasing,random_erasing,0,"{""area_fraction"":0.080948,""erased"":true,""height"":0.209206,""left"":0.405272,""top"":0.445547,""width"":0.386929}",0.24885426,0.46853638,0.21968211,0.7796936,0.62591773,0.11474811,0.060819406,0.6649455,0.56509833,-0.099847171,0.7136079,1.4253382,37.913171,54.039092,False,0.96248734,True,True,True,0.7136079,1.4253382,37.913171,54.039092,0.70631269,1.4208267,37.259131,52.93877,0.9052575,1.5473046,7.0118243,10.849428,0.67434683,1.5611048,6.9479421,10.846466,0.6368516,1.5244368,14.544725,22.172514,0.68566098,1.2640768,19.820312,25.054395,0.72178615,1.3692928,19.878051,27.218872,0.76615672,1.5563871,18.450968,28.716849
experiment_0a_best,file,16,,5196,089.Hooded_Merganser/Hooded_Merganser_0032_79032.jpg,89,88,089.Hooded_Merganser,46,45,identity,identity,0,{},0.00038032452,0.00038032452,0,0.99961972,0.99961972,8.6628585e-05,8.6628585e-05,0.99953309,0.99953309,0,1,1,0.041660231,0.041660231,False,1,True,True,True,1,1,0.041660231,0.041660231,1,1,0.039827679,0.039827679,1,1,0.012220101,0.012220101,1,1,0.0065505729,0.0065505729,1,1,0.013321061,0.013321061,1,1,0.018590021,0.018590021,1,1,0.019089292,0.019089292,1,1,0.025610415,0.025610415
experiment_0a_best,file,16,,5196,089.Hooded_Merganser/Hooded_Merganser_0032_79032.jpg,89,88,089.Hooded_Merganser,46,45,horizontal_flip,horizontal_flip,0,"{""flipped"":true}",0.00038032452,0.00086389406,0.00048356954,0.99961972,0.99913651,8.6628585e-05,0.0001303803,0.99953309,0.99900613,-0.00052696657,0.67637893,2.5358073,0.041660231,0.10564232,False,0.97734511,True,True,True,0.67637893,2.5358073,0.041660231,0.10564232,0.65552724,2.5754564,0.039827679,0.10257445,0.96736554,2.0682419,0.012220101,0.025274124,0.74353624,3.3868933,0.0065505729,0.022186092,0.58905859,2.9377485,0.013321061,0.039133926,0.65545285,2.7420057,0.018590021,0.050973944,0.53797109,2.4998888,0.019089292,0.047721107,0.74720457,2.3500043,0.025610415,0.060184585
experiment_0a_best,file,16,,5196,089.Hooded_Merganser/Hooded_Merganser_0032_79032.jpg,89,88,089.Hooded_Merganser,46,45,color_jitter,color_jitter,0,"{""brightness"":0.984784,""contrast"":1.222763,""hue"":-0.081034,""saturation"":0.854578}",0.00038032452,0.032310918,0.031930593,0.99961972,0.96820551,8.6628585e-05,0.00026605939,0.99953309,0.96793945,-0.031593642,0.55611659,109.89671,0.041660231,4.5783224,False,0.90724599,True,True,True,0.55611659,109.89671,0.041660231,4.5783224,0.54093245,112.16608,0.039827679,4.4673146,0.80243724,82.001472,0.012220101,1.0020662,0.060651559,123.67382,0.0065505729,0.81013439,0.35363059,129.3397,0.013321061,1.722942,0.5451068,117.82224,0.018590021,2.1903179,0.56055636,122.97624,0.019089292,2.3475293,0.64417494,95.832724,0.025610415,2.4543158
experiment_0a_best,file,16,,5196,089.Hooded_Merganser/Hooded_Merganser_0032_79032.jpg,89,88,089.Hooded_Merganser,46,45,rotation,rotation,0,"{""angle"":-2.432155}",0.00038032452,0.00027736154,-0.00010296298,0.99961972,0.99972266,8.6628585e-05,9.4728224e-05,0.99953309,0.99962793,9.4837582e-05,0.85307039,0.72863722,0.041660231,0.030355195,False,0.99078953,True,True,True,0.85307039,0.72863722,0.041660231,0.030355195,0.84056592,0.72690924,0.039827679,0.028951108,0.98265081,0.74674556,0.012220101,0.009125306,0.80919369,0.75291988,0.0065505729,0.0049320566,0.75484831,0.74206059,0.013321061,0.0098850341,0.79026585,0.71536033,0.018590021,0.013298564,0.82164148,0.72740485,0.019089292,0.013885644,0.90311936,0.72679655,0.025610415,0.018613561
experiment_0a_best,file,16,,5196,089.Hooded_Merganser/Hooded_Merganser_0032_79032.jpg,89,88,089.Hooded_Merganser,46,45,random_resized_crop,random_resized_crop,0,"{""area_fraction"":0.84825,""aspect"":1.087848,""fallback"":false,""height"":0.883035,""left"":0.021165,""top"":0.055037,""width"":0.960608}",0.00038032452,0.00070177723,0.00032145271,0.99961972,0.99929845,8.6628585e-05,0.00010355969,0.99953309,0.99919489,-0.00033820014,0.80439235,2.0918296,0.041660231,0.087146104,False,0.99085605,True,True,True,0.80439235,2.0918296,0.041660231,0.087146104,0.79227619,2.125322,0.039827679,0.084646642,0.98484441,1.6957075,0.012220101,0.020721717,0.81069729,3.6194881,0.0065505729,0.023709721,0.77315506,2.6660532,0.013321061,0.035514656,0.76094599,2.1343168,0.018590021,0.039676995,0.74260331,2.0028826,0.019089292,0.038233611,0.87503285,1.8748635,0.025610415,0.048016032
experiment_0a_best,file,16,,5196,089.Hooded_Merganser/Hooded_Merganser_0032_79032.jpg,89,88,089.Hooded_Merganser,46,45,gaussian_blur,gaussian_blur,0,"{""sigma"":1.14277}",0.00038032452,0.00045146287,7.1138347e-05,0.99961972,0.99954861,8.6628585e-05,5.4147255e-05,0.99953309,0.99949447,-3.8627011e-05,0.67365252,1.4796507,0.041660231,0.061642588,False,0.98023367,True,True,True,0.67365252,1.4796507,0.041660231,0.061642588,0.65264336,1.5034441,0.039827679,0.059878688,0.96990322,1.1980871,0.012220101,0.014640745,0.54665069,2.3583696,0.0065505729,0.015448672,0.51353065,2.1002933,0.013321061,0.027978134,0.60201185,1.6314105,0.018590021,0.030327955,0.64946204,1.3918998,0.019089292,0.026570382,0.81699189,1.1960315,0.025610415,0.030630863
experiment_0a_best,file,16,,5196,089.Hooded_Merganser/Hooded_Merganser_0032_79032.jpg,89,88,089.Hooded_Merganser,46,45,random_erasing,random_erasing,0,"{""area_fraction"":0.159876,""erased"":true,""height"":0.32934,""left"":0.501181,""top"":0.523378,""width"":0.485444}",0.00038032452,0.00050901331,0.00012868879,0.99961972,0.9994911,8.6628585e-05,8.3029357e-05,0.99953309,0.99940807,-0.0001250276,0.93876011,1.3184422,0.041660231,0.054926607,False,0.99215996,True,True,True,0.93876011,1.3184422,0.041660231,0.054926607,0.93420658,1.322032,0.039827679,0.052653464,0.9891856,1.2796892,0.012220101,0.01563793,0.95734109,1.2887093,0.0065505729,0.0084417843,0.93708452,1.3187492,0.013321061,0.017567138,0.92818478,1.3469564,0.018590021,0.025039948,0.92225574,1.3333868,0.019089292,0.025453411,0.94218541,1.3053746,0.025610415,0.033431185
experiment_0a_best,file,16,,4439,077.Tropical_Kingbird/Tropical_Kingbird_0102_69654.jpg,77,76,077.Tropical_Kingbird,103,102,identity,identity,0,{},0.81062257,0.81062257,0,0.44458121,0.44458121,0.14014846,0.14014846,0.30443275,0.30443275,0,1,1,87.621333,87.621333,False,1,True,True,True,1,1,87.621333,87.621333,1,1,86.558969,86.558969,1,1,13.603046,13.603046,1,1,24.583047,24.583047,1,1,46.183214,46.183214,1,1,43.607384,43.607384,1,1,39.446845,39.446845,1,1,36.021967,36.021967
experiment_0a_best,file,16,,4439,077.Tropical_Kingbird/Tropical_Kingbird_0102_69654.jpg,77,76,077.Tropical_Kingbird,103,102,horizontal_flip,horizontal_flip,0,"{""flipped"":true}",0.81062257,0.3160845,-0.49453807,0.44458121,0.72899783,0.14014846,0.063841768,0.30443275,0.66515606,0.36072331,0.72607974,0.43514646,87.621333,38.128113,False,0.97183508,True,True,True,0.72607974,0.43514646,87.621333,38.128113,0.71928994,0.43303346,86.558969,37.48293,0.96819966,0.51344957,13.603046,6.9844781,0.82005915,0.35795757,24.583047,8.7996878,0.71032691,0.35063822,46.183214,16.1936,0.65487146,0.43033971,43.607384,18.765989,0.73489089,0.49625464,39.446845,19.57568,0.79734371,0.50424969,36.021967,18.164066
experiment_0a_best,file,16,,4439,077.Tropical_Kingbird/Tropical_Kingbird_0102_69654.jpg,77,76,077.Tropical_Kingbird,103,102,color_jitter,color_jitter,0,"{""brightness"":0.749802,""contrast"":1.166438,""hue"":-0.093516,""saturation"":1.099221}",0.81062257,4.5639477,3.7533251,0.44458121,0.01042084,0.14014846,0.059846275,0.30443275,-0.049425434,-0.35385818,0.5444807,1.2672459,87.621333,111.03777,False,0.81276625,False,True,False,0.5444807,1.2672459,87.621333,111.03777,0.53726849,1.2498559,86.558969,108.18624,0.78256684,1.838007,13.603046,25.002493,0.12810668,1.2881654,24.583047,31.66703,0.5301792,1.1401249,46.183214,52.65463,0.64276716,1.244137,43.607384,54.253558,0.61386536,1.1607565,39.446845,45.788181,0.52309783,1.4921147,36.021967,53.748907
experiment_0a_best,file,16,,4439,077.Tropical_Kingbird/Tropical_Kingbird_0102_69654.jpg,77,76,077.Tropical_Kingbird,103,102,rotation,rotation,0,"{""angle"":3.578199}",0.81062257,1.5759039,0.76528132,0.44458121,0.20682052,0.14014846,0.045128606,0.30443275,0.16169191,-0.14274084,0.84563648,1.5192188,87.621333,133.11597,False,0.93319374,True,True,True,0.84563648,1.5192188,87.621333,133.11597,0.84439269,1.5239915,86.558969,131.91514,0.91351605,1.3114567,13.603046,17.839806,0.85957873,1.4953676,24.583047,36.760692,0.88561863,1.5151683,46.183214,69.97534,0.82271226,1.5860074,43.607384,69.161634,0.83002965,1.5689904,39.446845,61.891723,0.82356782,1.3990443,36.021967,50.396327
experiment_0a_best,file,16,,4439,077.Tropical_Kingbird/Tropical_Kingbird_0102_69654.jpg,77,76,077.Tropical_Kingbird,103,102,random_resized_crop,random_resized_crop,0,"{""area_fraction"":0.773848,""aspect"":1.017815,""fallback"":false,""height"":0.871953,""left"":0.033028,""top"":0.036296,""width"":0.887488}",0.81062257,2.1372764,1.3266538,0.44458121,0.11797573,0.14014846,0.05250562,0.30443275,0.065470114,-0.23896264,0.81463446,2.0657501,87.621333,181.00378,False,0.9350912,False,True,False,0.81463446,2.0657501,87.621333,181.00378,0.81337204,2.0755199,86.558969,179.65486,0.90453905,1.621454,13.603046,22.056713,0.81863942,1.9856834,24.583047,48.814148,0.86139961,2.0899567,46.183214,96.520918,0.82380109,2.2653043,43.607384,98.783995,0.78156642,2.0564764,39.446845,81.121505,0.75764549,1.8071824,36.021967,65.098266
experiment_0a_best,file,16,,4439,077.Tropical_Kingbird/Tropical_Kingbird_0102_69654.jpg,77,76,077.Tropical_Kingbird,103,102,gaussian_blur,gaussian_blur,0,"{""sigma"":1.366566}",0.81062257,4.8834085,4.072786,0.44458121,0.0075711617,0.14014846,0.02913834,0.30443275,-0.021567178,-0.32599993,0.68837785,1.6062184,87.621333,140.739,False,0.85206336,False,True,False,0.68837785,1.6062184,87.621333,140.739,0.68522346,1.6064132,86.558969,139.04947,0.81675638,1.5983113,13.603046,21.741902,0.81003779,1.3387036,24.583047,32.909413,0.73684176,1.4721096,46.183214,67.986753,0.69375752,1.7696716,43.607384,77.170748,0.64328802,1.619615,39.446845,63.888701,0.61257179,1.6638998,36.021967,59.936942
experiment_0a_best,file,16,,4439,077.Tropical_Kingbird/Tropical_Kingbird_0102_69654.jpg,77,76,077.Tropical_Kingbird,103,102,random_erasing,random_erasing,0,"{""area_fraction"":0.067507,""erased"":true,""height"":0.163621,""left"":0.479678,""top"":0.683647,""width"":0.412585}",0.81062257,0.7176646,-0.092957973,0.44458121,0.48789033,0.14014846,0.14606294,0.30443275,0.34182739,0.037394643,0.97604462,0.91107928,87.621333,79.829981,False,0.98995185,True,True,True,0.97604462,0.91107928,87.621333,79.829981,0.9757176,0.91065509,86.558969,78.825366,0.98920848,0.92809194,13.603046,12.624877,0.98397088,0.94867121,24.583047,23.321229,0.98296068,0.895433,46.183214,41.353974,0.97941318,0.90749988,43.607384,39.573696,0.97106148,0.9046424,39.446845,35.685289,0.96129911,0.9290098,36.021967,33.46476
experiment_0a_best,file,16,,11759,200.Common_Yellowthroat/Common_Yellowthroat_0088_190594.jpg,200,199,200.Common_Yellowthroat,168,167,identity,identity,0,{},0.20186137,0.20186137,0,0.81720823,0.81720823,0.094129674,0.094129674,0.72307856,0.72307856,0,1,1,31.840241,31.840241,False,1,True,True,True,1,1,31.840241,31.840241,1,1,31.241147,31.241147,1,1,6.1474941,6.1474941,1,1,7.4252013,7.4252013,1,1,13.783156,13.783156,1,1,17.019079,17.019079,1,1,14.777679,14.777679,1,1,14.928879,14.928879
experiment_0a_best,file,16,,11759,200.Common_Yellowthroat/Common_Yellowthroat_0088_190594.jpg,200,199,200.Common_Yellowthroat,168,167,horizontal_flip,horizontal_flip,0,"{""flipped"":true}",0.20186137,0.28781682,0.085955456,0.81720823,0.74989891,0.094129674,0.068097092,0.72307856,0.68180182,-0.041276738,0.6738023,1.3452612,31.840241,42.833441,False,0.94779998,True,True,True,0.6738023,1.3452612,31.840241,42.833441,0.66450067,1.3472684,31.241147,42.09021,0.92479876,1.2923439,6.1474941,7.9446763,0.53231008,1.8156627,7.4252013,13.481661,0.7114536,1.4179166,13.783156,19.543365,0.72615487,1.2500127,17.019079,21.274065,0.56446635,1.3320577,14.777679,19.684721,0.70460413,1.2846552,14.928879,19.178461
experiment_0a_best,file,16,,11759,200.Common_Yellowthroat/Common_Yellowthroat_0088_190594.jpg,200,199,200.Common_Yellowthroat,168,167,color_jitter,color_jitter,0,"{""brightness"":1.006242,""contrast"":0.600444,""hue"":0.006174,""saturation"":0.904586}",0.20186137,0.79603922,0.59417786,0.81720823,0.45111218,0.094129674,0.19734117,0.72307856,0.25377101,-0.46930755,0.779804,3.0841096,31.840241,98.198792,False,0.95898122,True,True,True,0.779804,3.0841096,31.840241,98.198792,0.77337657,3.0821731,31.241147,96.290621,0.94317241,3.1337076,6.1474941,19.264449,0.65663041,2.6913851,7.4252013,19.984076,0.75363246,3.5771469,13.783156,49.304372,0.74744214,3.0273217,17.019079,51.522226,0.80190088,2.8865428,14.777679,42.656402,0.83967046,2.9711814,14.928879,44.356407
experiment_0a_best,file,16,,11759,200.Common_Yellowthroat/Common_Yellowthroat_0088_190594.jpg,200,199,200.Common_Yellowthroat,168,167,rotation,rotation,0,"{""angle"":10.735906}",0.20186137,0.18470949,-0.017151877,0.81720823,0.8313458,0.094129674,0.090378627,0.72307856,0.74096717,0.017888613,0.72464316,0.84639538,31.840241,26.949433,False,0.95552802,True,True,True,0.72464316,0.84639538,31.840241,26.949433,0.71516856,0.84361101,31.241147,26.355375,0.95246975,0.91537545,6.1474941,5.6272652,0.60359607,0.94339228,7.4252013,7.0048776,0.68314318,0.88566884,13.783156,12.207312,0.73713341,0.75536231,17.019079,12.855571,0.69295817,0.84554416,14.777679,12.49518,0.7758685,0.88643201,14.928879,13.233436
experiment_0a_best,file,16,,11759,200.Common_Yellowthroat/Common_Yellowthroat_0088_190594.jpg,200,199,200.Common_Yellowthroat,168,167,random_resized_crop,random_resized_crop,0,"{""area_fraction"":0.737135,""aspect"":0.836664,""fallback"":false,""height"":0.938638,""left"":0.111125,""top"":0.026367,""width"":0.785324}",0.20186137,1.0199351,0.81807376,0.81720823,0.36061832,0.094129674,0.29113862,0.72307856,0.069479704,-0.65359885,0.72644232,2.7474417,31.840241,87.479206,False,0.9226594,True,True,True,0.72644232,2.7474417,31.840241,87.479206,0.71807711,2.7222616,31.241147,85.046573,0.91715078,3.3324768,6.1474941,20.486381,0.37382335,2.5987306,7.4252013,19.296098,0.70483529,2.6191189,13.783156,36.099723,0.75340871,2.6805154,17.019079,45.619903,0.69963758,2.6062192,14.777679,38.51387,0.78097624,2.990303,14.928879,44.64187
experiment_0a_best,file,16,,11759,200.Common_Yellowthroat/Common_Yellowthroat_0088_190594.jpg,200,199,200.Common_Yellowthroat,168,167,gaussian_blur,gaussian_blur,0,"{""sigma"":1.345901}",0.20186137,0.40709528,0.20523392,0.81720823,0.66558075,0.094129674,0.12763622,0.72307856,0.53794453,-0.18513403,0.75016974,1.7757597,31.840241,56.540617,False,0.93656397,True,True,True,0.75016974,1.7757597,31.840241,56.540617,0.74362459,1.7790307,31.241147,55.578959,0.92917957,1.6890904,6.1474941,10.383673,0.49476418,2.2510459,7.4252013,16.714469,0.74591756,1.8603626,13.783156,25.641668,0.7574247,1.6409407,17.019079,27.927299,0.75253809,1.7215329,14.777679,25.44026,0.80414667,1.8036205,14.928879,26.926031
experiment_0a_best,file,16,,11759,200.Common_Yellowthroat/Common_Yellowthroat_0088_190594.jpg,200,199,200.Common_Yellowthroat,168,167,random_erasing,random_erasing,0,"{""area_fraction"":0.171578,""erased"":true,""height"":0.311737,""left"":0.38604,""top"":0.315245,""width"":0.550395}",0.20186137,2.9300241,2.7281628,0.81720823,0.053395744,0.094129674,0.039418314,0.72307856,0.013977431,-0.70910113,0.46032959,4.0190906,31.840241,127.96881,False,0.86362827,False,True,False,0.46032959,4.0190906,31.840241,127.96881,0.44848744,4.0181153,31.241147,125.53053,0.76420215,4.044197,6.1474941,24.861678,0.22480725,4.5720462,7.4252013,33.948364,0.50205857,4.2091146,13.783156,58.014882,0.45313951,3.567734,17.019079,60.719547,0.39430331,4.2294312,14.777679,62.501177,0.51942331,4.0448934,14.928879,60.385723
experiment_0a_best,file,16,,11421,194.Cactus_Wren/Cactus_Wren_0034_185817.jpg,194,193,194.Cactus_Wren,36,35,identity,identity,0,{},0.045586437,0.045586437,0,0.955437,0.955437,0.031360392,0.031360392,0.92407661,0.92407661,0,1,1,9.379709,9.379709,False,1,True,True,True,1,1,9.379709,9.379709,1,1,9.2041857,9.2041857,1,1,1.8060748,1.8060748,1,1,1.6492587,1.6492587,1,1,3.8360343,3.8360343,1,1,5.0670672,5.0670672,1,1,4.7330511,4.7330511,1,1,4.3823372,4.3823372
experiment_0a_best,file,16,,11421,194.Cactus_Wren/Cactus_Wren_0034_185817.jpg,194,193,194.Cactus_Wren,36,35,horizontal_flip,horizontal_flip,0,"{""flipped"":true}",0.045586437,0.032927874,-0.012658563,0.955437,0.96760833,0.031360392,0.011822405,0.92407661,0.95578593,0.031709314,0.67585287,0.60603959,9.379709,5.684475,False,0.9645738,True,True,True,0.67585287,0.60603959,9.379709,5.684475,0.66605502,0.60525886,9.2041857,5.570915,0.92226573,0.62597532,1.8060748,1.1305582,0.52767508,0.63162015,1.6492587,1.041705,0.56144089,0.60662017,3.8360343,2.3270158,0.68262716,0.62724452,5.0670672,3.1782901,0.67640158,0.57203139,4.7330511,2.7074538,0.73400984,0.60816079,4.3823372,2.6651657
experiment_0a_best,file,16,,11421,194.Cactus_Wren/Cactus_Wren_0034_185817.jpg,194,193,194.Cactus_Wren,36,35,color_jitter,color_jitter,0,"{""brightness"":0.977277,""contrast"":0.874875,""hue"":-0.032051,""saturation"":1.359444}",0.045586437,0.26150849,0.21592206,0.955437,0.76988935,0.031360392,0.075653657,0.92407661,0.6942357,-0.22984092,0.80554318,5.1939838,9.379709,48.718057,False,0.96193391,True,True,True,0.80554318,5.1939838,9.379709,48.718057,0.80331505,5.2214576,9.2041857,48.059266,0.88471082,4.4210465,1.8060748,7.9847407,0.77014654,6.4486315,1.6492587,10.635462,0.77025801,5.3154295,3.8360343,20.390169,0.85039349,5.7565513,5.0670672,29.168832,0.79646032,4.8857772,4.7330511,23.124633,0.78882039,4.5366051,4.3823372,19.880933
experiment_0a_best,file,16,,11421,194.Cactus_Wren/Cactus_Wren_0034_185817.jpg,194,193,194.Cactus_Wren,36,35,rotation,rotation,0,"{""angle"":0.589683}",0.045586437,0.026308807,-0.01927763,0.955437,0.97403425,0.031360392,0.021355685,0.92407661,0.95267856,0.028601952,0.8923053,0.57510566,9.379709,5.3943238,False,0.98696411,True,True,True,0.8923053,0.57510566,9.379709,5.3943238,0.88871421,0.57364943,9.2041857,5.2799759,0.98153748,0.61171334,1.8060748,1.1048,0.84714559,0.56084283,1.6492587,0.92497491,0.82640851,0.54104957,3.8360343,2.0754847,0.88756719,0.55681317,5.0670672,2.8214098,0.90500437,0.58890673,4.7330511,2.7873256,0.92290362,0.60310043,4.3823372,2.6429895
experiment_0a_best,file,16,,11421,194.Cactus_Wren/Cactus_Wren_0034_185817.jpg,194,193,194.Cactus_Wren,36,35,random_resized_crop,random_resized_crop,0,"{""area_fraction"":0.677333,""aspect"":1.187123,""fallback"":false,""height"":0.755359,""left"":0.024833,""top"":0.090078,""width"":0.896704}",0.045586437,0.071280546,0.025694109,0.955437,0.93120062,0.031360392,0.062736124,0.92407661,0.8684645,-0.055612113,0.7141863,1.4001694,9.379709,13.133182,False,0.96791053,True,True,True,0.7141863,1.4001694,9.379709,13.133182,0.7037184,1.3897525,9.2041857,12.79154,0.9534061,1.6478087,1.8060748,2.9760657,0.5509892,1.3581427,1.6492587,2.2399287,0.5120569,1.346065,3.8360343,5.1635513,0.6955493,1.2512469,5.0670672,6.3401519,0.75233797,1.4185975,4.7330511,6.7142944,0.8157584,1.5587927,4.3823372,6.8311551
experiment_0a_best,file,16,,11421,194.Cactus_Wren/Cactus_Wren_0034_185817.jpg,194,193,194.Cactus_Wren,36,35,gaussian_blur,gaussian_blur,0,"{""sigma"":1.826454}",0.045586437,2.6191659,2.5735795,0.955437,0.072863601,0.031360392,0.018014094,0.92407661,0.054849507,-0.86922711,0.40282847,14.272527,9.379709,133.87215,False,0.78300297,False,True,False,0.40282847,14.272527,9.379709,133.87215,0.39349121,14.234494,9.2041857,131.01693,0.63040387,15.227077,1.8060748,27.501239,0.37976281,24.243535,1.6492587,39.983861,0.2569381,13.206188,3.8360343,50.659388,0.46655169,14.743544,5.0670672,74.706526,0.39201638,13.149823,4.7330511,62.238785,0.41176527,13.587526,4.3823372,59.545122
experiment_0a_best,file,16,,11421,194.Cactus_Wren/Cactus_Wren_0034_185817.jpg,194,193,194.Cactus_Wren,36,35,random_erasing,random_erasing,0,"{""area_fraction"":0.187148,""erased"":true,""height"":0.297698,""left"":0.321073,""top"":0.188942,""width"":0.628649}",0.045586437,0.22093843,0.17535199,0.955437,0.80176604,0.031360392,0.037563182,0.92407661,0.76420286,-0.15987376,0.65222497,3.6388959,9.379709,34.131785,False,0.91935921,True,True,True,0.65222497,3.6388959,9.379709,34.131785,0.64661678,3.6577573,9.2041857,33.666678,0.83192887,3.1092143,1.8060748,5.6154735,0.52758165,4.8841384,1.6492587,8.0552078,0.60714975,3.5645412,3.8360343,13.673702,0.66172676,3.9109336,5.0670672,19.816963,0.65374654,3.4109774,4.7330511,16.14433,0.68141106,3.4473665,4.3823372,15.107523
experiment_0a_best,file,16,,3928,068.Ruby_throated_Hummingbird/Ruby_Throated_Hummingbird_0079_58075.jpg,68,67,068.Ruby_throated_Hummingbird,79,78,identity,identity,0,{},4.4659567,4.4659567,0,0.011493696,0.011493696,0.23088536,0.23088536,-0.21939166,-0.21939166,0,1,1,156.99428,156.99428,False,0.99999988,True,False,False,1,1,156.99428,156.99428,1,1,154.19088,154.19088,1,1,29.536007,29.536007,1,1,35.06316,35.06316,1,1,61.821314,61.821314,1,1,84.442893,84.442893,1,1,78.633558,78.633558,1,1,73.550592,73.550592
experiment_0a_best,file,16,,3928,068.Ruby_throated_Hummingbird/Ruby_Throated_Hummingbird_0079_58075.jpg,68,67,068.Ruby_throated_Hummingbird,79,78,horizontal_flip,horizontal_flip,0,"{""flipped"":true}",4.4659567,3.8478274,-0.61812925,0.011493696,0.021326018,0.23088536,0.02963178,-0.21939166,-0.008305762,0.2110859,0.5370993,1.1150883,156.99428,175.06249,False,0.93024611,False,False,False,0.5370993,1.1150883,156.99428,175.06249,0.52651161,1.1217486,154.19088,172.9634,0.90164859,0.91510076,29.536007,27.028423,0.60017867,1.733887,35.06316,60.795556,0.36429836,1.1140552,61.821314,68.872356,0.51304647,1.0626771,84.442893,89.73553,0.53905787,1.1224796,78.633558,88.264565,0.64889201,1.0204981,73.550592,75.058239
experiment_0a_best,file,16,,3928,068.Ruby_throated_Hummingbird/Ruby_Throated_Hummingbird_0079_58075.jpg,68,67,068.Ruby_throated_Hummingbird,79,78,color_jitter,color_jitter,0,"{""brightness"":1.379864,""contrast"":0.642946,""hue"":0.017056,""saturation"":0.600909}",4.4659567,5.6007195,1.1347628,0.011493696,0.0036952046,0.23088536,0.06818559,-0.21939166,-0.064490386,0.15490128,0.64685385,1.1984501,156.99428,188.14981,False,0.89092362,True,False,False,0.64685385,1.1984501,156.99428,188.14981,0.63983204,1.2037832,154.19088,185.61239,0.87427415,1.0426569,29.536007,30.795922,0.26796835,1.3015461,35.06316,45.636319,0.54664658,1.272312,61.821314,78.655998,0.68864728,1.1892198,84.442893,100.42116,0.67179545,1.220114,78.633558,95.941903,0.70695449,1.128824,73.550592,83.025674
experiment_0a_best,file,16,,3928,068.Ruby_throated_Hummingbird/Ruby_Throated_Hummingbird_0079_58075.jpg,68,67,068.Ruby_throated_Hummingbird,79,78,rotation,rotation,0,"{""angle"":-10.129748}",4.4659567,6.2029152,1.7369585,0.011493696,0.0020235232,0.23088536,0.076137677,-0.21939166,-0.074114154,0.14527751,0.7059992,1.1492279,156.99428,180.42221,False,0.94146478,False,False,False,0.7059992,1.1492279,156.99428,180.42221,0.70045163,1.1497574,154.19088,177.28211,0.85925215,1.1347023,29.536007,33.514576,0.70234831,1.3394081,35.06316,46.96388,0.69761726,1.1649976,61.821314,72.021686,0.72091807,1.0699908,84.442893,90.353121,0.68245325,1.1431532,78.633558,89.890201,0.70236077,1.2001794,73.550592,88.273902
experiment_0a_best,file,16,,3928,068.Ruby_throated_Hummingbird/Ruby_Throated_Hummingbird_0079_58075.jpg,68,67,068.Ruby_throated_Hummingbird,79,78,random_resized_crop,random_resized_crop,0,"{""area_fraction"":0.583702,""aspect"":0.969475,""fallback"":false,""height"":0.775938,""left"":0.166784,""top"":0.001394,""width"":0.752253}",4.4659567,4.913343,0.44738626,0.011493696,0.0073478841,0.23088536,0.59487844,-0.21939166,-0.58753055,-0.36813889,0.63509862,1.470466,156.99428,230.85475,False,0.89084578,True,False,False,0.63509862,1.470466,156.99428,230.85475,0.63008875,1.4819068,154.19088,228.49651,0.84194088,1.1143302,29.536007,32.912864,0.71070811,1.5270328,35.06316,53.542597,0.64533795,1.4129639,61.821314,87.351283,0.6089608,1.5678066,84.442893,132.39013,0.61629747,1.5319751,78.633558,120.46465,0.65442449,1.3373131,73.550592,98.360169
experiment_0a_best,file,16,,3928,068.Ruby_throated_Hummingbird/Ruby_Throated_Hummingbird_0079_58075.jpg,68,67,068.Ruby_throated_Hummingbird,79,78,gaussian_blur,gaussian_blur,0,"{""sigma"":1.308469}",4.4659567,6.9003258,2.4343691,0.011493696,0.0010074571,0.23088536,0.04129272,-0.21939166,-0.040285262,0.1791064,0.4325174,0.92175292,156.99428,144.70994,False,0.82806712,False,False,False,0.4325174,0.92175292,156.99428,144.70994,0.41809742,0.91884861,154.19088,141.67808,0.79587126,0.99765411,29.536007,29.466719,0.32678982,1.1818842,35.06316,41.440594,0.28910301,0.81522507,61.821314,50.398285,0.33836545,0.89529487,84.442893,75.601289,0.473003,0.87757767,78.633558,69.007054,0.56408209,0.99333693,73.550592,73.060519
experiment_0a_best,file,16,,3928,068.Ruby_throated_Hummingbird/Ruby_Throated_Hummingbird_0079_58075.jpg,68,67,068.Ruby_throated_Hummingbird,79,78,random_erasing,random_erasing,0,"{""area_fraction"":0.100601,""erased"":true,""height"":0.250679,""left"":0.212542,""top"":0.190727,""width"":0.401314}",4.4659567,6.6032839,2.1373272,0.011493696,0.0013559078,0.23088536,0.0078202374,-0.21939166,-0.0064643297,0.21292733,0.6275098,0.77604147,156.99428,121.83407,False,0.87751472,False,False,False,0.6275098,0.77604147,156.99428,121.83407,0.61812592,0.7684279,154.19088,118.48458,0.84708975,0.9605759,29.536007,28.371577,0.72296195,0.7602587,35.06316,26.657072,0.61075425,0.74737804,61.821314,46.203892,0.59511798,0.72936922,84.442893,61.590048,0.58225501,0.7353685,78.633558,57.824641,0.66814729,0.86590856,73.550592,63.688087
experiment_0a_best,file,16,,7969,136.Barn_Swallow/Barn_Swallow_0042_132043.jpg,136,135,136.Barn_Swallow,135,134,identity,identity,0,{},9.2947779,9.2947779,0,9.1902926e-05,9.1902926e-05,0.9924528,0.9924528,-0.9923609,-0.9923609,0,1,1,258.64714,258.64714,False,1,True,False,False,1,1,258.64714,258.64714,1,1,254.17138,254.17138,1,1,47.908798,47.908798,1,1,76.193236,76.193236,1,1,120.99414,120.99414,1,1,130.89414,130.89414,1,1,112.41989,112.41989,1,1,119.94412,119.94412
experiment_0a_best,file,16,,7969,136.Barn_Swallow/Barn_Swallow_0042_132043.jpg,136,135,136.Barn_Swallow,135,134,horizontal_flip,horizontal_flip,0,"{""flipped"":true}",9.2947779,10.08374,0.78896236,9.1902926e-05,4.1752963e-05,0.9924528,0.99292517,-0.9923609,-0.99288341,-0.00052251677,0.63736173,0.87381114,258.64714,226.00875,False,0.98307449,True,False,False,0.63736173,0.87381114,258.64714,226.00875,0.62387265,0.87039723,254.17138,221.23007,0.98308891,0.96495886,47.908798,46.230019,0.65016742,0.75630578,76.193236,57.625385,0.50397896,0.78265932,120.99414,94.697189,0.57722397,0.86851335,130.89414,113.68331,0.6171275,0.9677498,112.41989,108.79433,0.78846882,0.9092688,119.94412,109.06145
experiment_0a_best,file,16,,7969,136.Barn_Swallow/Barn_Swallow_0042_132043.jpg,136,135,136.Barn_Swallow,135,134,color_jitter,color_jitter,0,"{""brightness"":0.648838,""contrast"":0.783133,""hue"":-0.021287,""saturation"":0.82719}",9.2947779,11.123453,1.8286753,9.1902926e-05,1.476202e-05,0.9924528,0.99889082,-0.9923609,-0.99887606,-0.0065151578,0.76460787,1.0814735,258.64714,279.72002,False,0.95745361,True,False,False,0.76460787,1.0814735,258.64714,279.72002,0.75798985,1.0826508,254.17138,275.17886,0.95747429,1.0477917,47.908798,50.198443,0.68633493,1.0618128,76.193236,80.902953,0.71916446,1.1675824,120.99414,141.27062,0.78369918,1.1124136,130.89414,145.60843,0.75784353,1.0364513,112.41989,116.51774,0.80673676,1.0019422,119.94412,120.17708
experiment_0a_best,file,16,,7969,136.Barn_Swallow/Barn_Swallow_0042_132043.jpg,136,135,136.Barn_Swallow,135,134,rotation,rotation,0,"{""angle"":-11.29878}",9.2947779,9.98874,0.6939621,9.1902926e-05,4.5914017e-05,0.9924528,0.99664283,-0.9923609,-0.99659691,-0.0042360166,0.75429417,0.91213803,258.64714,235.92189,False,0.93747532,True,False,False,0.75429417,0.91213803,258.64714,235.92189,0.74783894,0.91239507,254.17138,231.90471,0.937521,0.90487329,47.908798,43.351391,0.85570633,0.75972325,76.193236,57.885773,0.74904995,0.8618858,120.99414,104.28313,0.74999778,0.94947484,130.89414,124.28069,0.70289344,0.97287296,112.41989,109.37027,0.75737655,0.91885478,119.94412,110.21123
experiment_0a_best,file,16,,7969,136.Barn_Swallow/Barn_Swallow_0042_132043.jpg,136,135,136.Barn_Swallow,135,134,random_resized_crop,random_resized_crop,0,"{""area_fraction"":0.503529,""aspect"":0.852147,""fallback"":false,""height"":0.768697,""left"":0.044585,""top"":0.168654,""width"":0.655043}",9.2947779,6.3463373,-2.9484406,9.1902926e-05,0.0017531569,0.9924528,0.97781384,-0.9923609,-0.97606068,0.016300214,0.63308504,1.1042024,258.64714,285.59879,False,0.94631982,True,False,False,0.63308504,1.1042024,258.64714,285.59879,0.62364019,1.1089616,254.17138,281.8663,0.94631566,0.9606243,47.908798,46.022355,0.40154936,0.87321677,76.193236,66.533211,0.53946315,1.0020382,120.99414,121.24074,0.63683671,1.1435417,130.89414,149.68291,0.64812688,1.2239111,112.41989,137.59196,0.7398304,1.1487855,119.94412,137.79007
experiment_0a_best,file,16,,7969,136.Barn_Swallow/Barn_Swallow_0042_132043.jpg,136,135,136.Barn_Swallow,135,134,gaussian_blur,gaussian_blur,0,"{""sigma"":1.226151}",9.2947779,6.7584829,-2.5362949,9.1902926e-05,0.0011609888,0.9924528,0.56552172,-0.9923609,-0.56436073,0.42800017,0.58694132,0.64263235,258.64714,166.21502,False,0.90633881,True,False,False,0.58694132,0.64263235,258.64714,166.21502,0.57762304,0.63946111,254.17138,162.53271,0.82245299,0.72623305,47.908798,34.792952,0.58866224,0.63128565,76.193236,48.099696,0.50620722,0.58233818,120.99414,70.459505,0.58035008,0.6311109,130.89414,82.608719,0.56694782,0.66920934,112.41989,75.232443,0.64581786,0.68011648,119.94412,81.575975
experiment_0a_best,file,16,,7969,136.Barn_Swallow/Barn_Swallow_0042_132043.jpg,136,135,136.Barn_Swallow,135,134,random_erasing,random_erasing,0,"{""area_fraction"":0.073708,""erased"":true,""height"":0.428459,""left"":0.241467,""top"":0.128824,""width"":0.17203}",9.2947779,8.7697773,-0.52500057,9.1902926e-05,0.00015535815,0.9924528,0.98305804,-0.9923609,-0.98290268,0.0094582201,0.52020126,0.88578237,258.64714,229.10508,False,0.91516364,True,False,False,0.52020126,0.88578237,258.64714,229.10508,0.50656448,0.88661818,254.17138,225.35297,0.91522406,0.86192503,47.908798,41.293792,0.68440442,0.69924363,76.193236,53.277634,0.3677173,0.83813909,120.99414,101.40992,0.41356757,0.82417218,130.89414,107.87931,0.49108895,0.98221173,112.41989,110.42014,0.69395824,0.98049802,119.94412,117.60497
experiment_0a_best,file,16,,1491,027.Shiny_Cowbird/Shiny_Cowbird_0070_796832.jpg,27,26,027.Shiny_Cowbird,107,106,identity,identity,0,{},5.3867922,5.3867922,0,0.0045766304,0.0045766304,0.72403532,0.72403532,-0.71945869,-0.71945869,0,1,1,246.91687,246.91687,False,1.0000001,True,False,False,1,1,246.91687,246.91687,1,1,244.33499,244.33499,1,1,35.613949,35.613949,1,1,44.260649,44.260649,1,1,121.08031,121.08031,1,1,141.7803,141.7803,1,1,114.97026,114.97026,1,1,98.794373,98.794373
experiment_0a_best,file,16,,1491,027.Shiny_Cowbird/Shiny_Cowbird_0070_796832.jpg,27,26,027.Shiny_Cowbird,107,106,horizontal_flip,horizontal_flip,0,"{""flipped"":true}",5.3867922,3.6435621,-1.7432301,0.0045766304,0.026158996,0.72403532,0.58753657,-0.71945869,-0.56137758,0.15808111,0.60476303,0.84479659,246.91687,208.59453,False,0.96665478,True,False,False,0.60476303,0.84479659,246.91687,208.59453,0.59658256,0.84328806,244.33499,206.04478,0.9622767,0.91298558,35.613949,32.515022,0.17706317,1.1025229,44.260649,48.798379,0.51869181,0.73957363,121.08031,89.547802,0.63083832,0.86821943,141.7803,123.09641,0.60229331,0.8628537,114.97026,99.20251,0.74070088,0.85052168,98.794373,84.026756
experiment_0a_best,file,16,,1491,027.Shiny_Cowbird/Shiny_Cowbird_0070_796832.jpg,27,26,027.Shiny_Cowbird,107,106,color_jitter,color_jitter,0,"{""brightness"":0.843739,""contrast"":0.80471,""hue"":0.073391,""saturation"":1.104624}",5.3867922,3.4232173,-1.9635749,0.0045766304,0.032607354,0.72403532,0.24885343,-0.71945869,-0.21624608,0.50321262,0.80153844,0.70759043,246.91687,174.71601,False,0.93714541,True,False,False,0.80153844,0.70759043,246.91687,174.71601,0.8001635,0.70641701,244.33499,172.60239,0.8637847,0.76077716,35.613949,27.094279,0.59111609,0.89818004,44.260649,39.754031,0.7713485,0.70023217,121.08031,84.784326,0.83841409,0.69472047,141.7803,98.497674,0.81978639,0.70016295,114.97026,80.497913,0.79883217,0.70427207,98.794373,69.578117
experiment_0a_best,file,16,,1491,027.Shiny_Cowbird/Shiny_Cowbird_0070_796832.jpg,27,26,027.Shiny_Cowbird,107,106,rotation,rotation,0,"{""angle"":7.615884}",5.3867922,5.155962,-0.23083019,0.0045766304,0.0057649328,0.72403532,0.79982054,-0.71945869,-0.79405561,-0.074596917,0.82267207,1.0069788,246.91687,248.64005,False,0.95678937,True,False,False,0.82267207,1.0069788,246.91687,248.64005,0.81984653,1.0055029,244.33499,245.67954,0.9489214,1.0741561,35.613949,38.254941,0.77189989,1.1162833,44.260649,49.407424,0.77151715,0.98688427,121.08031,119.49225,0.84777858,0.97019156,141.7803,137.55405,0.82256585,1.0456666,114.97026,120.22056,0.84523623,1.0255197,98.794373,101.31557
experiment_0a_best,file,16,,1491,027.Shiny_Cowbird/Shiny_Cowbird_0070_796832.jpg,27,26,027.Shiny_Cowbird,107,106,random_resized_crop,random_resized_crop,0,"{""area_fraction"":0.897056,""aspect"":0.91902,""fallback"":false,""height"":0.987978,""left"":0.008704,""top"":0.000129,""width"":0.907972}",5.3867922,5.9994578,0.61266565,0.0045766304,0.002480096,0.72403532,0.83739895,-0.71945869,-0.83491885,-0.11546016,0.88798714,0.97179705,246.91687,239.95308,False,0.97562903,True,False,False,0.88798714,0.97179705,246.91687,239.95308,0.88621524,0.96949125,244.33499,236.88063,0.96783181,1.0747458,35.613949,38.275941,0.55707252,1.0063159,44.260649,44.540196,0.90345291,0.94139427,121.08031,113.98431,0.91669821,0.95218029,141.7803,135.0004,0.87820739,0.99354487,114.97026,114.22811,0.88123423,1.0052466,98.794373,99.312706
experiment_0a_best,file,16,,1491,027.Shiny_Cowbird/Shiny_Cowbird_0070_796832.jpg,27,26,027.Shiny_Cowbird,107,106,gaussian_blur,gaussian_blur,0,"{""sigma"":1.999933}",5.3867922,4.3495712,-1.037221,0.0045766304,0.012912351,0.72403532,0.091186404,-0.71945869,-0.078274054,0.64118464,0.27642385,0.69745928,246.91687,172.21446,False,0.73595655,False,False,False,0.27642385,0.69745928,246.91687,172.21446,0.26882172,0.69545094,244.33499,169.923,0.5949734,0.78620674,35.613949,27.999927,-0.090990241,1.0150543,44.260649,44.926964,0.22347531,0.58591469,121.08031,70.94273,0.26061991,0.65888568,141.7803,93.417007,0.3259744,0.74349671,114.97026,85.480006,0.36809791,0.77013667,98.794373,76.08517
experiment_0a_best,file,16,,1491,027.Shiny_Cowbird/Shiny_Cowbird_0070_796832.jpg,27,26,027.Shiny_Cowbird,107,106,random_erasing,random_erasing,0,"{""area_fraction"":0.192837,""erased"":true,""height"":0.599893,""left"":0.484227,""top"":0.185982,""width"":0.321452}",5.3867922,6.5686255,1.1818333,0.0045766304,0.0014037258,0.72403532,0.53854471,-0.71945869,-0.53714099,0.1823177,0.66851837,0.679033,246.91687,167.6647,False,0.86091471,True,False,False,0.66851837,0.679033,246.91687,167.6647,0.66554469,0.66977316,244.33499,163.64902,0.81924871,1.0241873,35.613949,36.475355,0.3439433,1.098129,44.260649,48.603903,0.698662,0.59863501,121.08031,72.482911,0.76137332,0.59862092,141.7803,84.872652,0.64026359,0.66289138,114.97026,76.212791,0.64112245,0.79399161,98.794373,78.441903
experiment_0a_best,file,16,,6000,103.Sayornis/Sayornis_0076_98941.jpg,103,102,103.Sayornis,19,18,identity,identity,0,{},0.46678609,0.46678609,0,0.62701422,0.62701422,0.088909388,0.088909388,0.53810483,0.53810483,0,1,1,73.999933,73.999933,False,1,True,True,True,1,1,73.999933,73.999933,1,1,73.164898,73.164898,1,1,11.085473,11.085473,1,1,15.648669,15.648669,1,1,35.42893,35.42893,1,1,41.012716,41.012716,1,1,35.239275,35.239275,1,1,30.482176,30.482176
experiment_0a_best,file,16,,6000,103.Sayornis/Sayornis_0076_98941.jpg,103,102,103.Sayornis,19,18,horizontal_flip,horizontal_flip,0,"{""flipped"":true}",0.46678609,0.24302694,-0.22375914,0.62701422,0.78425038,0.088909388,0.03173076,0.53810483,0.75251962,0.21441479,0.6773315,0.51293312,73.999933,37.957017,False,0.96884853,True,True,True,0.6773315,0.51293312,73.999933,37.957017,0.67038019,0.51178705,73.164898,37.444848,0.95651897,0.5605877,11.085473,6.2143799,0.55959199,0.5612284,15.648669,8.7824775,0.62580694,0.52365881,35.42893,18.552671,0.68120945,0.49194883,41.012716,20.176158,0.67579821,0.51259886,35.239275,18.063612,0.73934721,0.51601713,30.482176,15.729325
experiment_0a_best,file,16,,6000,103.Sayornis/Sayornis_0076_98941.jpg,103,102,103.Sayornis,19,18,color_jitter,color_jitter,0,"{""brightness"":1.017756,""contrast"":1.20443,""hue"":-0.077248,""saturation"":0.823879}",0.46678609,3.0022817,2.5354956,0.62701422,0.049673606,0.088909388,0.45774937,0.53810483,-0.40807576,-0.94618059,0.82274536,2.4689147,73.999933,182.69953,False,0.9019078,False,True,False,0.82274536,2.4689147,73.999933,182.69953,0.82170048,2.4672296,73.164898,180.5146,0.86728649,2.5412384,11.085473,28.17083,0.78703305,2.8089195,15.648669,43.955852,0.81959022,2.2681767,35.42893,80.359074,0.8432309,2.4050992,41.012716,98.639652,0.83829493,2.6170048,35.239275,92.221351,0.7827182,2.5329303,30.482176,77.209226
experiment_0a_best,file,16,,6000,103.Sayornis/Sayornis_0076_98941.jpg,103,102,103.Sayornis,19,18,rotation,rotation,0,"{""angle"":-0.843318}",0.46678609,0.65222275,0.18543667,0.62701422,0.52088666,0.088909388,0.12116809,0.53810483,0.39971857,-0.13838626,0.8931015,1.1686668,73.999933,86.481262,False,0.98481083,True,True,True,0.8931015,1.1686668,73.999933,86.481262,0.89117823,1.1637315,73.164898,85.144297,0.97568781,1.3664594,11.085473,15.147849,0.80727253,1.1736989,15.648669,18.366825,0.86919319,1.1582706,35.42893,41.036287,0.90814125,1.13323,41.012716,46.476842,0.89714363,1.1541276,35.239275,40.670621,0.90653329,1.233629,30.482176,37.603695
experiment_0a_best,file,16,,6000,103.Sayornis/Sayornis_0076_98941.jpg,103,102,103.Sayornis,19,18,random_resized_crop,random_resized_crop,0,"{""area_fraction"":0.531119,""aspect"":0.984459,""fallback"":false,""height"":0.734509,""left"":0.158987,""top"":0.108844,""width"":0.723094}",0.46678609,1.2483903,0.78160423,0.62701422,0.28696635,0.088909388,0.11281131,0.53810483,0.17415504,-0.36394979,0.72378953,1.8121342,73.999933,134.09781,False,0.8986392,True,True,True,0.72378953,1.8121342,73.999933,134.09781,0.72010804,1.8112339,73.164898,132.51875,0.88088565,1.8509252,11.085473,20.518382,0.60471585,2.1464664,15.648669,33.589342,0.72029452,2.0017178,35.42893,70.918721,0.75726363,1.7592533,41.012716,72.151757,0.71240958,1.7015507,35.239275,59.961411,0.71265069,1.6735149,30.482176,51.012375
experiment_0a_best,file,16,,6000,103.Sayornis/Sayornis_0076_98941.jpg,103,102,103.Sayornis,19,18,gaussian_blur,gaussian_blur,0,"{""sigma"":1.549328}",0.46678609,3.1561255,2.6893395,0.62701422,0.042590436,0.088909388,0.021971954,0.53810483,0.020618482,-0.51748635,0.46434194,1.9834797,73.999933,146.77737,False,0.79593951,False,True,False,0.46434194,1.9834797,73.999933,146.77737,0.45775343,1.9840927,73.164898,145.16594,0.75542139,1.9565913,11.085473,21.68974,0.14323327,2.1190146,15.648669,33.159758,0.47016111,2.222401,35.42893,78.737291,0.48266816,1.9648208,41.012716,80.582639,0.43636469,1.765135,35.239275,62.202078,0.51915035,1.9160983,30.482176,58.406844
experiment_0a_best,file,16,,6000,103.Sayornis/Sayornis_0076_98941.jpg,103,102,103.Sayornis,19,18,random_erasing,random_erasing,0,"{""area_fraction"":0.064069,""erased"":true,""height"":0.194924,""left"":0.25938,""top"":0.523992,""width"":0.32869}",0.46678609,2.1838136,1.7170275,0.62701422,0.11261129,0.088909388,0.2471865,0.53810483,-0.13457521,-0.67268004,0.86874041,2.2928634,73.999933,169.67174,False,0.94461632,False,True,False,0.86874041,2.2928634,73.999933,169.67174,0.86712016,2.2941731,73.164898,167.85294,0.94147594,2.2350663,11.085473,24.776768,0.849884,2.6688457,15.648669,41.763884,0.89023639,2.3979131,35.42893,84.955497,0.90041694,2.2796489,41.012716,93.494591,0.83883508,2.2172997,35.239275,78.136033,0.82005602,2.1678013,30.482176,66.0793
experiment_0a_best,file,16,,3208,056.Pine_Grosbeak/Pine_Grosbeak_0068_38981.jpg,56,55,056.Pine_Grosbeak,17,16,identity,identity,0,{},0.0015833948,0.0015833948,0,0.99841785,0.99841785,0.00037310048,0.00037310048,0.99804475,0.99804475,0,1,1,0.26887052,0.26887052,False,1,True,True,True,1,1,0.26887052,0.26887052,1,1,0.26413381,0.26413381,1,1,0.050246248,0.050246248,1,1,0.054154225,0.054154225,1,1,0.11347726,0.11347726,1,1,0.13741037,0.13741037,1,1,0.12902869,0.12902869,1,1,0.13574568,0.13574568
experiment_0a_best,file,16,,3208,056.Pine_Grosbeak/Pine_Grosbeak_0068_38981.jpg,56,55,056.Pine_Grosbeak,17,16,horizontal_flip,horizontal_flip,0,"{""flipped"":true}",0.0015833948,0.0032699232,0.0016865283,0.99841785,0.99673539,0.00037310048,0.00054663414,0.99804475,0.99618876,-0.001855994,0.72877935,1.7147626,0.26887052,0.46104912,False,0.98351562,True,True,True,0.72877935,1.7147626,0.26887052,0.46104912,0.71887389,1.7082395,0.26413381,0.4512038,0.98013063,1.8861182,0.050246248,0.094770361,0.78292246,1.3477381,0.054154225,0.07298571,0.70586835,1.6986309,0.11347726,0.19275598,0.71472487,1.6322994,0.13741037,0.22429487,0.66262561,1.7473797,0.12902869,0.22546211,0.7772287,1.8038943,0.13574568,0.24487086
experiment_0a_best,file,16,,3208,056.Pine_Grosbeak/Pine_Grosbeak_0068_38981.jpg,56,55,056.Pine_Grosbeak,17,16,color_jitter,color_jitter,0,"{""brightness"":1.097205,""contrast"":0.850594,""hue"":-0.090586,""saturation"":1.015437}",0.0015833948,0.030475803,0.028892408,0.99841785,0.96998388,0.00037310048,0.0023435785,0.99804475,0.9676403,-0.030404457,0.65610263,18.38388,0.26887052,4.9428833,False,0.92253256,True,True,True,0.65610263,18.38388,0.26887052,4.9428833,0.64877537,18.475538,0.26413381,4.8800143,0.90414942,15.63992,0.050246248,0.7858473,0.54347362,16.794273,0.054154225,0.90948084,0.57226705,18.38762,0.11347726,2.0865767,0.6126511,20.003187,0.13741037,2.7486454,0.65485408,18.591003,0.12902869,2.3987728,0.76592621,16.99848,0.13574568,2.3074703
experiment_0a_best,file,16,,3208,056.Pine_Grosbeak/Pine_Grosbeak_0068_38981.jpg,56,55,056.Pine_Grosbeak,17,16,rotation,rotation,0,"{""angle"":0.295309}",0.0015833948,0.0034868652,0.0019034704,0.99841785,0.99651921,0.00037310048,0.00086650252,0.99804475,0.99565271,-0.0023920484,0.95040355,2.2843163,0.26887052,0.61418532,False,0.99537379,True,True,True,0.95040355,2.2843163,0.26887052,0.61418532,0.94903546,2.2898797,0.26413381,0.60483466,0.99372029,2.1248231,0.050246248,0.10676439,0.94293103,2.4404604,0.054154225,0.13216124,0.95409135,2.4474294,0.11347726,0.27772757,0.94242462,2.2997821,0.13741037,0.31601392,0.94494459,2.2530717,0.12902869,0.2907109,0.9606324,2.1709723,0.13574568,0.29470011
experiment_0a_best,file,16,,3208,056.Pine_Grosbeak/Pine_Grosbeak_0068_38981.jpg,56,55,056.Pine_Grosbeak,17,16,random_resized_crop,random_resized_crop,0,"{""area_fraction"":0.751753,""aspect"":0.830312,""fallback"":false,""height"":0.951518,""left"":0.00073,""top"":0.030617,""width"":0.790056}",0.0015833948,0.0056248959,0.0040415011,0.99841785,0.9943909,0.00037310048,0.00074984576,0.99804475,0.99364106,-0.0044036947,0.74941062,3.5612596,0.26887052,0.95751773,False,0.97140205,True,True,True,0.74941062,3.5612596,0.26887052,0.95751773,0.74194264,3.5643506,0.26413381,0.94146552,0.96133478,3.4747556,0.050246248,0.17459343,0.81384493,3.3049504,0.054154225,0.17897703,0.75590633,3.6789519,0.11347726,0.41747737,0.70230711,3.6376518,0.13741037,0.4998511,0.70313472,3.6737666,0.12902869,0.47402129,0.80538643,3.339406,0.13574568,0.45330993
experiment_0a_best,file,16,,3208,056.Pine_Grosbeak/Pine_Grosbeak_0068_38981.jpg,56,55,056.Pine_Grosbeak,17,16,gaussian_blur,gaussian_blur,0,"{""sigma"":1.230017}",0.0015833948,0.079070628,0.077487233,0.99841785,0.92397469,0.00037310048,0.013851665,0.99804475,0.91012303,-0.087921726,0.72073278,44.735442,0.26887052,12.028042,False,0.93738043,True,True,True,0.72073278,44.735442,0.26887052,12.028042,0.7143326,44.93673,0.26413381,11.86931,0.93341816,38.761735,0.050246248,1.9476317,0.66415633,41.6996,0.054154225,2.2582095,0.70035898,46.11236,0.11347726,5.232704,0.71452018,45.211615,0.13741037,6.212545,0.69383534,47.991942,0.12902869,6.1923375,0.7592512,41.318716,0.13574568,5.6088372
experiment_0a_best,file,16,,3208,056.Pine_Grosbeak/Pine_Grosbeak_0068_38981.jpg,56,55,056.Pine_Grosbeak,17,16,random_erasing,random_erasing,0,"{""area_fraction"":0.195869,""erased"":true,""height"":0.260445,""left"":0.021312,""top"":0.268122,""width"":0.752053}",0.0015833948,0.3025136,0.3009302,0.99841785,0.73895842,0.00037310048,0.13822974,0.99804475,0.60072868,-0.39731608,0.63443593,145.16066,0.26887052,39.029421,False,0.86730909,True,True,True,0.63443593,145.16066,0.26887052,39.029421,0.62693483,144.96044,0.26413381,38.288954,0.83441712,150.5881,0.050246248,7.5664871,0.77195928,124.51883,0.054154225,6.7432206,0.71754788,150.29338,0.11347726,17.05488,0.63046553,141.56529,0.13741037,19.452539,0.59561584,151.80521,0.12902869,19.587228,0.56835812,141.24962,0.13574568,19.174025
experiment_0a_best,file,16,,5522,095.Baltimore_Oriole/Baltimore_Oriole_0045_88178.jpg,95,94,095.Baltimore_Oriole,20,19,identity,identity,0,{},0.0011916211,0.0011916211,0,0.9988091,0.9988091,0.00044764046,0.00044764046,0.99836146,0.99836146,0,1,1,0.1412973,0.1412973,False,1,True,True,True,1,1,0.1412973,0.1412973,1,1,0.13509954,0.13509954,1,1,0.041388891,0.041388891,1,1,0.027782367,0.027782367,1,1,0.048547744,0.048547744,1,1,0.058886983,0.058886983,1,1,0.069069726,0.069069726,1,1,0.082974931,0.082974931
experiment_0a_best,file,16,,5522,095.Baltimore_Oriole/Baltimore_Oriole_0045_88178.jpg,95,94,095.Baltimore_Oriole,20,19,horizontal_flip,horizontal_flip,0,"{""flipped"":true}",0.0011916211,0.0013803249,0.00018870388,0.9988091,0.99862063,0.00044764046,0.00019686249,0.99836146,0.99842377,6.2308085e-05,0.61763575,1.1356267,0.1412973,0.16046098,False,0.98399794,True,True,True,0.61763575,1.1356267,0.1412973,0.16046098,0.58567952,1.1300005,0.13509954,0.15266255,0.94073956,1.1939265,0.041388891,0.049415295,0.3014236,1.0033432,0.027782367,0.027875248,0.43874801,1.0723784,0.048547744,0.052061551,0.51574459,1.1813713,0.058886983,0.06956739,0.54272516,1.1006616,0.069069726,0.076022395,0.72558427,1.1559332,0.082974931,0.095913476
experiment_0a_best,file,16,,5522,095.Baltimore_Oriole/Baltimore_Oriole_0045_88178.jpg,95,94,095.Baltimore_Oriole,20,19,color_jitter,color_jitter,0,"{""brightness"":1.116973,""contrast"":0.905056,""hue"":0.072919,""saturation"":1.055291}",0.0011916211,1.7828215,1.7816299,0.9988091,0.168163,0.00044764046,0.19291119,0.99836146,-0.024748191,-1.0231096,0.5336053,1084.2628,0.1412973,153.2034,False,0.82283622,False,True,False,0.5336053,1084.2628,0.1412973,153.2034,0.52976538,1118.8486,0.13509954,151.15593,0.7091393,603.13928,0.041388891,24.963266,0.41648374,1182.6469,0.027782367,32.85673,0.57520156,1382.7777,0.048547744,67.130739,0.53273121,1160.4843,0.058886983,68.337422,0.55898492,1211.4292,0.069069726,83.673084,0.51404998,901.13768,0.082974931,74.771837
experiment_0a_best,file,16,,5522,095.Baltimore_Oriole/Baltimore_Oriole_0045_88178.jpg,95,94,095.Baltimore_Oriole,20,19,rotation,rotation,0,"{""angle"":3.15713}",0.0011916211,0.00045098623,-0.00074063483,0.9988091,0.99954909,0.00044764046,8.963891e-05,0.99836146,0.99945945,0.0010979932,0.78844955,0.36905868,0.1412973,0.052146995,False,0.99031091,True,True,True,0.78844955,0.36905868,0.1412973,0.052146995,0.77208565,0.36584845,0.13509954,0.049425958,0.95037226,0.4016728,0.041388891,0.016624792,0.67397416,0.43747731,0.027782367,0.012154155,0.74864023,0.36418088,0.048547744,0.01768016,0.74978556,0.36671776,0.058886983,0.021594903,0.72283125,0.34455216,0.069069726,0.023798123,0.83827575,0.37144744,0.082974931,0.030820826
experiment_0a_best,file,16,,5522,095.Baltimore_Oriole/Baltimore_Oriole_0045_88178.jpg,95,94,095.Baltimore_Oriole,20,19,random_resized_crop,random_resized_crop,0,"{""area_fraction"":0.655137,""aspect"":1.047781,""fallback"":false,""height"":0.790735,""left"":0.086335,""top"":0.076291,""width"":0.828516}",0.0011916211,0.0016074367,0.00041581562,0.9988091,0.99839383,0.00044764046,0.00030275105,0.99836146,0.99809108,-0.00027037616,0.69363529,1.2917685,0.1412973,0.1825234,False,0.97923493,True,True,True,0.69363529,1.2917685,0.1412973,0.1825234,0.67104637,1.2993816,0.13509954,0.17554586,0.95429802,1.2076773,0.041388891,0.049984424,0.5135389,1.4017413,0.027782367,0.03894369,0.56275322,1.4538155,0.048547744,0.070579462,0.62552142,1.3847297,0.058886983,0.081542556,0.62759059,1.2250676,0.069069726,0.084615084,0.79463092,1.2354967,0.082974931,0.10251525
experiment_0a_best,file,16,,5522,095.Baltimore_Oriole/Baltimore_Oriole_0045_88178.jpg,95,94,095.Baltimore_Oriole,20,19,gaussian_blur,gaussian_blur,0,"{""sigma"":1.494061}",0.0011916211,0.025170591,0.02397897,0.9988091,0.97514355,0.00044764046,0.0013250022,0.99836146,0.97381855,-0.024542909,0.51996749,22.51842,0.1412973,3.181792,False,0.91066879,True,True,True,0.51996749,22.51842,0.1412973,3.181792,0.4984459,23.004539,0.13509954,3.1079027,0.867629,16.471068,0.041388891,0.68171923,0.20402885,31.544004,0.027782367,0.87636709,0.27766651,26.877304,0.048547744,1.3048325,0.46625282,27.380618,0.058886983,1.612362,0.54534497,21.423296,0.069069726,1.4797012,0.67476955,18.667605,0.082974931,1.5489432
experiment_0a_best,file,16,,5522,095.Baltimore_Oriole/Baltimore_Oriole_0045_88178.jpg,95,94,095.Baltimore_Oriole,20,19,random_erasing,random_erasing,0,"{""area_fraction"":0.114074,""erased"":true,""height"":0.263208,""left"":0.331542,""top"":0.691045,""width"":0.4334}",0.0011916211,0.001512337,0.00032071595,0.9988091,0.99848878,0.00044764046,0.0005802309,0.99836146,0.99790855,-0.00045290581,0.93519369,1.2946947,0.1412973,0.18293686,False,0.99290311,True,True,True,0.93519369,1.2946947,0.1412973,0.18293686,0.93043269,1.2991577,0.13509954,0.17551561,0.98882283,1.2461507,0.041388891,0.051576794,0.92886532,1.363809,0.027782367,0.037889843,0.92717525,1.3353919,0.048547744,0.064830266,0.92177483,1.3172655,0.058886983,0.07756979,0.92535429,1.2873445,0.069069726,0.088916531,0.94028186,1.2779435,0.082974931,0.10603728
experiment_0a_best,file,16,,8626,147.Least_Tern/Least_Tern_0020_153458.jpg,147,146,147.Least_Tern,146,145,identity,identity,0,{},0.47834012,0.47834012,0,0.61981136,0.61981136,0.15856898,0.15856898,0.46124238,0.46124238,0,1,1,55.324077,55.324077,False,1,True,True,True,1,1,55.324077,55.324077,1,1,53.996334,53.996334,1,1,12.047799,12.047799,1,1,13.65392,13.65392,1,1,23.116168,23.116168,1,1,27.760971,27.760971,1,1,27.051814,27.051814,1,1,26.312453,26.312453
experiment_0a_best,file,16,,8626,147.Least_Tern/Least_Tern_0020_153458.jpg,147,146,147.Least_Tern,146,145,horizontal_flip,horizontal_flip,0,"{""flipped"":true}",0.47834012,0.56033039,0.081990272,0.61981136,0.57102036,0.15856898,0.18005224,0.46124238,0.39096813,-0.070274249,0.65438801,1.3222793,55.324077,73.15388,False,0.97113693,True,True,True,0.65438801,1.3222793,55.324077,73.15388,0.6415017,1.331302,53.996334,71.885428,0.96931777,1.1258282,12.047799,13.563751,0.69940299,1.3909093,13.65392,18.991364,0.61362097,1.5169192,23.116168,35.065359,0.6037836,1.3567356,27.760971,37.664297,0.61287328,1.2242074,27.051814,33.11703,0.735788,1.2384711,26.312453,32.587213
experiment_0a_best,file,16,,8626,147.Least_Tern/Least_Tern_0020_153458.jpg,147,146,147.Least_Tern,146,145,color_jitter,color_jitter,0,"{""brightness"":1.220148,""contrast"":1.161802,""hue"":-0.053544,""saturation"":0.632222}",0.47834012,5.6541381,5.175798,0.61981136,0.0035029904,0.15856898,0.012300512,0.46124238,-0.0087975215,-0.4700399,0.52826933,3.1460158,55.324077,174.05042,False,0.88973439,False,True,False,0.52826933,3.1460158,55.324077,174.05042,0.52056543,3.1596841,53.996334,170.61136,0.70192605,2.8576504,12.047799,34.428397,0.18200363,2.8716633,13.65392,39.209461,0.37801544,3.2948978,23.116168,76.165412,0.58805138,3.3115289,27.760971,91.931258,0.59201343,3.1509127,27.051814,85.237905,0.56997721,2.9567716,26.312453,77.799912
experiment_0a_best,file,16,,8626,147.Least_Tern/Least_Tern_0020_153458.jpg,147,146,147.Least_Tern,146,145,rotation,rotation,0,"{""angle"":4.110252}",0.47834012,0.51157898,0.033238858,0.61981136,0.59954816,0.15856898,0.33452535,0.46124238,0.26502281,-0.19621956,0.68397077,1.2091005,55.324077,66.892371,False,0.9527154,True,True,True,0.68397077,1.2091005,55.324077,66.892371,0.67199187,1.2032682,53.996334,64.972071,0.90599498,1.3208111,12.047799,15.912866,0.59620178,1.0764626,13.65392,14.697934,0.64929982,1.2479392,23.116168,28.847572,0.69293317,1.2573961,27.760971,34.906538,0.62787324,1.1494972,27.051814,31.095984,0.73189012,1.194423,26.312453,31.4282
experiment_0a_best,file,16,,8626,147.Least_Tern/Least_Tern_0020_153458.jpg,147,146,147.Least_Tern,146,145,random_resized_crop,random_resized_crop,0,"{""area_fraction"":0.774232,""aspect"":0.792813,""fallback"":false,""height"":0.988212,""left"":0.161506,""top"":0.011388,""width"":0.783467}",0.47834012,3.7671633,3.2888232,0.61981136,0.02311755,0.15856898,0.13433138,0.46124238,-0.11121383,-0.5724562,0.66272642,3.0748125,55.324077,170.11117,False,0.91269016,False,True,False,0.66272642,3.0748125,55.324077,170.11117,0.65597988,3.1063205,53.996334,167.72992,0.86621633,2.3542402,12.047799,28.363412,0.70742881,3.3383546,13.65392,45.581625,0.73823268,3.4514699,23.116168,79.784758,0.62993774,3.2784654,27.760971,91.013382,0.62478399,2.867937,27.051814,77.582899,0.64017228,2.7895359,26.312453,73.399532
experiment_0a_best,file,16,,8626,147.Least_Tern/Least_Tern_0020_153458.jpg,147,146,147.Least_Tern,146,145,gaussian_blur,gaussian_blur,0,"{""sigma"":1.487267}",0.47834012,0.97495097,0.49661085,0.61981136,0.37721086,0.15856898,0.11204674,0.46124238,0.26516411,-0.19607826,0.51002129,2.1412508,55.324077,118.46272,False,0.89508802,True,True,True,0.51002129,2.1412508,55.324077,118.46272,0.50039069,2.1723467,53.996334,117.29876,0.86819106,1.3749875,12.047799,16.565572,0.30855012,1.6855184,13.65392,23.013933,0.38311415,2.5304778,23.116168,58.494951,0.47645915,2.4884018,27.760971,69.080449,0.56021172,1.9278922,27.051814,52.15298,0.67149653,1.82884,26.312453,48.121266
experiment_0a_best,file,16,,8626,147.Least_Tern/Least_Tern_0020_153458.jpg,147,146,147.Least_Tern,146,145,random_erasing,random_erasing,0,"{""area_fraction"":0.146975,""erased"":true,""height"":0.251246,""left"":0.140388,""top"":0.159252,""width"":0.584983}",0.47834012,1.6264472,1.1481071,0.61981136,0.19662689,0.15856898,0.28666517,0.46124238,-0.090038285,-0.55128066,0.83157083,2.0253788,55.324077,112.05222,False,0.96861112,False,True,False,0.83157083,2.0253788,55.324077,112.05222,0.82460946,2.0130908,53.996334,108.69952,0.96143075,2.2580894,12.047799,27.205007,0.8976777,1.920345,13.65392,26.220237,0.8351493,2.1237469,23.116168,49.092891,0.8157589,2.0491843,27.760971,56.887345,0.80233907,1.879167,27.051814,50.834876,0.83251461,2.0457818,26.312453,53.829537
experiment_0a_best,file,16,,1332,024.Red_faced_Cormorant/Red_Faced_Cormorant_0036_796329.jpg,24,23,024.Red_faced_Cormorant,26,25,identity,identity,0,{},0.69031739,0.69031739,0,0.50141692,0.50141692,0.1074174,0.1074174,0.39399952,0.39399952,0,1,1,91.656118,91.656118,False,1,True,True,True,1,1,91.656118,91.656118,1,1,90.436907,90.436907,1,1,14.899996,14.899996,1,1,28.447663,28.447663,1,1,37.668842,37.668842,1,1,47.561824,47.561824,1,1,46.018632,46.018632,1,1,39.633084,39.633084
experiment_0a_best,file,16,,1332,024.Red_faced_Cormorant/Red_Faced_Cormorant_0036_796329.jpg,24,23,024.Red_faced_Cormorant,26,25,horizontal_flip,horizontal_flip,0,"{""flipped"":true}",0.69031739,1.7342811,1.0439637,0.50141692,0.17652705,0.1074174,0.063498527,0.39399952,0.11302853,-0.28097099,0.58677923,1.563365,91.656118,143.29196,False,0.93901664,True,True,True,0.58677923,1.563365,91.656118,143.29196,0.57799068,1.5646983,90.436907,141.50648,0.92183562,1.5134248,14.899996,22.550022,0.17606734,1.0762856,28.447663,30.61781,0.44742538,1.5326778,37.668842,57.734199,0.63034433,1.5899326,47.561824,75.620094,0.61079493,1.5862477,46.018632,72.996951,0.71772271,1.7309658,39.633084,68.603513
experiment_0a_best,file,16,,1332,024.Red_faced_Cormorant/Red_Faced_Cormorant_0036_796329.jpg,24,23,024.Red_faced_Cormorant,26,25,color_jitter,color_jitter,0,"{""brightness"":1.197173,""contrast"":1.22877,""hue"":-0.096109,""saturation"":1.006886}",0.69031739,0.56347764,-0.12683976,0.50141692,0.56922603,0.1074174,0.25347584,0.39399952,0.31575018,-0.078249335,0.49278118,0.80014334,91.656118,73.338032,False,0.85261023,True,True,True,0.49278118,0.80014334,91.656118,73.338032,0.48222425,0.7909604,90.436907,71.532012,0.80013942,1.0855865,14.899996,16.175234,-0.042473331,0.67282071,28.447663,19.140177,0.33599473,0.73531725,37.668842,27.698549,0.49949622,0.67768195,47.561824,32.23179,0.60686044,0.81620241,46.018632,37.560519,0.62977275,0.98809123,39.633084,39.161103
experiment_0a_best,file,16,,1332,024.Red_faced_Cormorant/Red_Faced_Cormorant_0036_796329.jpg,24,23,024.Red_faced_Cormorant,26,25,rotation,rotation,0,"{""angle"":-8.106606}",0.69031739,0.544393,-0.14592439,0.50141692,0.58019382,0.1074174,0.04447338,0.39399952,0.53572044,0.14172092,0.78383963,0.79685737,91.656118,73.036853,False,0.9563942,True,True,True,0.78383963,0.79685737,91.656118,73.036853,0.77952838,0.79521933,90.436907,71.917177,0.93356046,0.85501804,14.899996,12.739765,0.80609075,0.76864936,28.447663,21.866278,0.71121543,0.77876896,37.668842,29.335325,0.78539652,0.77149254,47.561824,36.693593,0.78779036,0.78457275,46.018632,36.104965,0.80907344,0.86797518,39.633084,34.400533
experiment_0a_best,file,16,,1332,024.Red_faced_Cormorant/Red_Faced_Cormorant_0036_796329.jpg,24,23,024.Red_faced_Cormorant,26,25,random_resized_crop,random_resized_crop,0,"{""area_fraction"":0.532478,""aspect"":0.896379,""fallback"":false,""height"":0.770735,""left"":0.187076,""top"":0.081392,""width"":0.69087}",0.69031739,0.48872983,-0.20158756,0.50141692,0.61340499,0.1074174,0.059254233,0.39399952,0.55415076,0.16015124,0.63527705,0.88307958,91.656118,80.939647,False,0.91909897,True,True,True,0.63527705,0.88307958,91.656118,80.939647,0.62887343,0.88577171,90.436907,80.106454,0.9093496,0.7774308,14.899996,11.583715,0.32391317,0.93142982,28.447663,26.497002,0.53107853,0.97445192,37.668842,36.706475,0.66471372,0.86158524,47.561824,40.978566,0.71630714,0.85306121,46.018632,39.25671,0.73589071,0.85461831,39.633084,33.871159
experiment_0a_best,file,16,,1332,024.Red_faced_Cormorant/Red_Faced_Cormorant_0036_796329.jpg,24,23,024.Red_faced_Cormorant,26,25,gaussian_blur,gaussian_blur,0,"{""sigma"":1.877508}",0.69031739,0.14390554,-0.54641186,0.50141692,0.86596954,0.1074174,0.029685406,0.39399952,0.83628413,0.44228462,0.69953084,0.33012156,91.656118,30.257661,False,0.96451187,True,True,True,0.69953084,0.33012156,91.656118,30.257661,0.69326985,0.33083827,90.436907,29.91999,0.95449357,0.30253686,14.899996,4.5077979,0.50898095,0.3237787,28.447663,9.2107473,0.61429977,0.35123199,37.668842,13.230502,0.67347377,0.33658627,47.561824,16.008657,0.74568172,0.31946802,46.018632,14.701481,0.82850792,0.32204568,39.633084,12.763664
experiment_0a_best,file,16,,1332,024.Red_faced_Cormorant/Red_Faced_Cormorant_0036_796329.jpg,24,23,024.Red_faced_Cormorant,26,25,random_erasing,random_erasing,0,"{""area_fraction"":0.184219,""erased"":true,""height"":0.475261,""left"":0.508674,""top"":0.042699,""width"":0.387616}",0.69031739,0.93127459,0.2409572,0.50141692,0.39405113,0.1074174,0.028104551,0.39399952,0.36594658,-0.028052934,0.64700312,1.1599079,91.656118,106.31265,False,0.84999341,True,True,True,0.64700312,1.1599079,91.656118,106.31265,0.64201469,1.1566882,90.436907,104.6073,0.81688337,1.2728578,14.899996,18.965575,0.81209964,1.1942056,28.447663,33.97236,0.62523759,1.1196188,37.668842,42.174743,0.60249666,1.0249881,47.561824,48.750304,0.60494806,1.1763524,46.018632,54.134129,0.67535626,1.3117346,39.633084,51.988087
experiment_0a_best,file,16,,3799,066.Western_Gull/Western_Gull_0080_53445.jpg,66,65,066.Western_Gull,62,61,identity,identity,0,{},0.005386482,0.005386482,0,0.99462801,0.99462801,0.0037029469,0.0037029469,0.99092507,0.99092507,0,1,1,0.95073236,0.95073236,False,1,True,True,True,1,1,0.95073236,0.95073236,1,1,0.91998996,0.91998996,1,1,0.23981347,0.23981347,1,1,0.16381693,0.16381693,1,1,0.47009576,0.47009576,1,1,0.46531039,0.46531039,1,1,0.42772776,0.42772776,1,1,0.44619584,0.44619584
experiment_0a_best,file,16,,3799,066.Western_Gull/Western_Gull_0080_53445.jpg,66,65,066.Western_Gull,62,61,horizontal_flip,horizontal_flip,0,"{""flipped"":true}",0.005386482,0.045346085,0.039959603,0.99462801,0.95566666,0.0037029469,0.028441474,0.99092507,0.92722519,-0.063699878,0.76825298,9.5747053,0.95073236,9.1029822,False,0.97977507,True,True,True,0.76825298,9.5747053,0.95073236,9.1029822,0.75686016,9.6619194,0.91998996,8.8888689,0.9762141,8.1843878,0.23981347,1.9627264,0.63835665,10.124387,0.16381693,1.658546,0.81283067,10.950391,0.47009576,5.1477323,0.73837891,9.4999654,0.46531039,4.4204326,0.71958114,9.073628,0.42772776,3.8810426,0.76882026,8.7259916,0.44619584,3.8935012
experiment_0a_best,file,16,,3799,066.Western_Gull/Western_Gull_0080_53445.jpg,66,65,066.Western_Gull,62,61,color_jitter,color_jitter,0,"{""brightness"":1.263109,""contrast"":1.36606,""hue"":-0.030434,""saturation"":1.391283}",0.005386482,0.022092426,0.016705944,0.99462801,0.97814983,0.0037029469,0.0072874129,0.99092507,0.97086242,-0.020062647,0.62229464,3.6838983,0.95073236,3.5024013,False,0.96681261,True,True,True,0.62229464,3.6838983,0.95073236,3.5024013,0.6032958,3.6757721,0.91998996,3.3816735,0.89298302,3.8014823,0.23981347,0.91164665,0.59570982,4.8030875,0.16381693,0.78682706,0.5870775,2.9344466,0.47009576,1.3794709,0.53924885,3.7836335,0.46531039,1.760564,0.59110703,3.9556986,0.42772776,1.6919621,0.7173527,3.8502186,0.44619584,1.7179515
experiment_0a_best,file,16,,3799,066.Western_Gull/Western_Gull_0080_53445.jpg,66,65,066.Western_Gull,62,61,rotation,rotation,0,"{""angle"":-5.92186}",0.005386482,0.018410865,0.013024383,0.99462801,0.98175758,0.0037029469,0.0088027846,0.99092507,0.9729548,-0.017970269,0.77857065,3.3533395,0.95073236,3.1881284,False,0.97742057,True,True,True,0.77857065,3.3533395,0.95073236,3.1881284,0.76771945,3.3723201,0.91998996,3.1025006,0.95799899,3.060418,0.23981347,0.73392945,0.55095898,3.726927,0.16381693,0.61053375,0.7823932,3.5297892,0.47009576,1.6593389,0.75474576,3.1871289,0.46531039,1.4830042,0.75245833,3.3753005,0.42772776,1.4437097,0.81362986,3.3360705,0.44619584,1.4885408
experiment_0a_best,file,16,,3799,066.Western_Gull/Western_Gull_0080_53445.jpg,66,65,066.Western_Gull,62,61,random_resized_crop,random_resized_crop,0,"{""area_fraction"":0.547107,""aspect"":1.088839,""fallback"":false,""height"":0.70885,""left"":0.105232,""top"":0.059966,""width"":0.771823}",0.005386482,0.28253889,0.27715241,0.99462801,0.75386733,0.0037029469,0.14309546,0.99092507,0.61077186,-0.3801532,0.63210434,40.666708,0.95073236,38.663155,False,0.91619116,True,True,True,0.63210434,40.666708,0.95073236,38.663155,0.61782852,41.119805,0.91998996,37.829808,0.90499279,33.292794,0.23981347,7.9840604,0.46704135,43.688198,0.16381693,7.1568666,0.66292766,39.571102,0.47009576,18.602207,0.62325206,45.076098,0.46531039,20.974377,0.57993604,40.567206,0.42772776,17.35172,0.62481665,38.351153,0.44619584,17.112125
experiment_0a_best,file,16,,3799,066.Western_Gull/Western_Gull_0080_53445.jpg,66,65,066.Western_Gull,62,61,gaussian_blur,gaussian_blur,0,"{""sigma"":1.510184}",0.005386482,2.1955662,2.1901797,0.99462801,0.11129555,0.0037029469,0.85081959,0.99092507,-0.73952404,-1.7304491,0.63738244,231.10815,0.95073236,219.722,False,0.90848762,False,True,False,0.63738244,231.10815,0.95073236,219.722,0.6259644,234.32282,0.91998996,215.57464,0.88344352,177.17605,0.23981347,42.489202,0.43713955,310.36796,0.16381693,50.843528,0.59739183,217.00643,0.47009576,102.0138,0.65698733,249.35177,0.46531039,116.02597,0.61864222,247.79393,0.42772776,105.98834,0.67766143,210.06085,0.44619584,93.728276
experiment_0a_best,file,16,,3799,066.Western_Gull/Western_Gull_0080_53445.jpg,66,65,066.Western_Gull,62,61,random_erasing,random_erasing,0,"{""area_fraction"":0.150842,""erased"":true,""height"":0.223875,""left"":0.285105,""top"":0.713346,""width"":0.673777}",0.005386482,0.093129978,0.087743496,0.99462801,0.91107506,0.0037029469,0.049378224,0.99092507,0.86169683,-0.12922823,0.70669338,11.882927,0.95073236,11.297484,False,0.94800282,True,True,True,0.70669338,11.882927,0.95073236,11.297484,0.69040267,11.830783,0.91998996,10.884201,0.93274597,12.625456,0.23981347,3.0277543,0.69716896,14.681416,0.16381693,2.4050646,0.66682145,10.052863,0.47009576,4.7258083,0.68028245,11.806265,0.46531039,5.4935777,0.70311534,12.406907,0.42772776,5.3067787,0.721872,12.679338,0.44619584,5.657468
experiment_0a_best,file,16,,861,016.Painted_Bunting/Painted_Bunting_0028_15205.jpg,16,15,016.Painted_Bunting,97,96,identity,identity,0,{},0.0072174058,0.0072174058,0,0.99280858,0.99280858,0.0028662884,0.0028662884,0.98994229,0.98994229,0,1,1,1.4206792,1.4206792,False,1,True,True,True,1,1,1.4206792,1.4206792,1,1,1.3996122,1.3996122,1,1,0.24375229,0.24375229,1,1,0.2565202,0.2565202,1,1,0.5827517,0.5827517,1,1,0.78243927,0.78243927,1,1,0.69775492,0.69775492,1,1,0.6741209,0.6741209
experiment_0a_best,file,16,,861,016.Painted_Bunting/Painted_Bunting_0028_15205.jpg,16,15,016.Painted_Bunting,97,96,horizontal_flip,horizontal_flip,0,"{""flipped"":true}",0.0072174058,0.0086777499,0.0014603441,0.99280858,0.99135977,0.0028662884,0.0017164145,0.98994229,0.98964336,-0.00029893615,0.71898859,0.96812829,1.4206792,1.3753998,False,0.96559924,True,True,True,0.71898859,0.96812829,1.4206792,1.3753998,0.71180571,0.96174775,1.3996122,1.3460739,0.92760608,1.1589877,0.24375229,0.28250592,0.61877255,0.87420677,0.2565202,0.2242517,0.61202568,0.90054005,0.5827517,0.52479124,0.75565061,0.93985165,0.78243927,0.73537684,0.67578008,0.95757896,0.69775492,0.66815544,0.77365234,1.0478921,0.6741209,0.70640599
experiment_0a_best,file,16,,861,016.Painted_Bunting/Painted_Bunting_0028_15205.jpg,16,15,016.Painted_Bunting,97,96,color_jitter,color_jitter,0,"{""brightness"":0.662524,""contrast"":1.307215,""hue"":-0.049374,""saturation"":1.264882}",0.0072174058,0.006393455,-0.00082395086,0.99280858,0.99362695,0.0028662884,3.8855953e-05,0.98994229,0.9935881,0.0036458042,0.33491294,0.78419457,1.4206792,1.1140889,False,0.89129519,True,True,True,0.33491294,0.78419457,1.4206792,1.1140889,0.32149205,0.78128437,1.3996122,1.0934951,0.73219434,0.87473866,0.24375229,0.21321956,0.10076516,0.86585576,0.2565202,0.22210949,0.14500904,0.77691198,0.5827517,0.45274678,0.19519157,0.70035348,0.78243927,0.54798407,0.32387987,0.82116843,0.69775492,0.57297432,0.6228858,0.82969532,0.6741209,0.55931496
experiment_0a_best,file,16,,861,016.Painted_Bunting/Painted_Bunting_0028_15205.jpg,16,15,016.Painted_Bunting,97,96,rotation,rotation,0,"{""angle"":0.67264}",0.0072174058,0.0016254083,-0.0055919975,0.99280858,0.99837589,0.0028662884,0.0003383939,0.98994229,0.9980375,0.0080952068,0.92103569,0.20303981,1.4206792,0.28845444,False,0.98856008,True,True,True,0.92103569,0.20303981,1.4206792,0.28845444,0.91953305,0.20240174,1.3996122,0.28328394,0.97020113,0.22305715,0.24375229,0.054370693,0.89806556,0.18719979,0.2565202,0.048020527,0.91161775,0.20695919,0.5827517,0.12060582,0.92907758,0.19944969,0.78243927,0.15605727,0.90957949,0.1973404,0.69775492,0.13769523,0.92754957,0.2102275,0.6741209,0.14171875
experiment_0a_best,file,16,,861,016.Painted_Bunting/Painted_Bunting_0028_15205.jpg,16,15,016.Painted_Bunting,97,96,random_resized_crop,random_resized_crop,0,"{""area_fraction"":0.61746,""aspect"":1.126331,""fallback"":false,""height"":0.740409,""left"":0.151067,""top"":0.185246,""width"":0.833945}",0.0072174058,0.00052581314,-0.0066915927,0.99280858,0.99947435,0.0028662884,1.3356375e-05,0.98994229,0.99946099,0.0095186983,0.60447826,0.070783579,1.4206792,0.10056076,False,0.95028561,True,True,True,0.60447826,0.070783579,1.4206792,0.10056076,0.59675187,0.070220188,1.3996122,0.098281031,0.82319114,0.087346749,0.24375229,0.021290971,0.21576344,0.078893089,0.2565202,0.020237671,0.53212056,0.071834406,0.5827517,0.041861622,0.6252931,0.066044514,0.78243927,0.051675822,0.59495727,0.06932157,0.69775492,0.048369467,0.672904,0.073980648,0.6741209,0.049871901
experiment_0a_best,file,16,,861,016.Painted_Bunting/Painted_Bunting_0028_15205.jpg,16,15,016.Painted_Bunting,97,96,gaussian_blur,gaussian_blur,0,"{""sigma"":1.598098}",0.0072174058,0.011040905,0.0038234987,0.99280858,0.98901981,0.0028662884,6.8647874e-05,0.98994229,0.98895116,-0.00099112871,0.25387915,1.4926842,1.4206792,2.1206255,False,0.89774621,True,True,True,0.25387915,1.4926842,1.4206792,2.1206255,0.23854493,1.4930223,1.3996122,2.0896522,0.76338815,1.4814963,0.24375229,0.36111813,0.10635752,2.2714242,0.2565202,0.58266618,0.095005808,1.8299196,0.5827517,1.0663888,0.12917262,1.4161934,0.78243927,1.1080854,0.28352515,1.3863397,0.69775492,0.96732537,0.55587628,1.264291,0.6741209,0.85228498
experiment_0a_best,file,16,,861,016.Painted_Bunting/Painted_Bunting_0028_15205.jpg,16,15,016.Painted_Bunting,97,96,random_erasing,random_erasing,0,"{""area_fraction"":0.182553,""erased"":true,""height"":0.325404,""left"":0.247809,""top"":0.429454,""width"":0.561003}",0.0072174058,0.088699594,0.081482188,0.99280858,0.91512042,0.0028662884,0.0027006338,0.98994229,0.91241979,-0.077522503,0.50983024,8.5237837,1.4206792,12.109563,False,0.9122504,True,True,True,0.50983024,8.5237837,1.4206792,12.109563,0.49968695,8.4675578,1.3996122,11.851297,0.79589577,10.205531,0.24375229,2.4876215,0.49143491,8.195903,0.2565202,2.1024147,0.54170006,8.9332691,0.5827517,5.2058777,0.48032047,8.2164814,0.78243927,6.4288977,0.43093912,8.5254902,0.69775492,5.9487028,0.56850302,8.4194842,0.6741209,5.6757503
experiment_0a_best,file,16,,8361,143.Caspian_Tern/Caspian_Tern_0101_145164.jpg,143,142,143.Caspian_Tern,145,144,identity,identity,0,{},0.19335522,0.19335522,0,0.82418919,0.82418919,0.13348161,0.13348161,0.69070758,0.69070758,0,1,1,24.392512,24.392512,False,1.0000001,True,True,True,1,1,24.392512,24.392512,1,1,23.329995,23.329995,1,1,7.1208134,7.1208134,1,1,4.5576523,4.5576523,1,1,10.193801,10.193801,1,1,11.814978,11.814978,1,1,10.684676,10.684676,1,1,12.878155,12.878155
experiment_0a_best,file,16,,8361,143.Caspian_Tern/Caspian_Tern_0101_145164.jpg,143,142,143.Caspian_Tern,145,144,horizontal_flip,horizontal_flip,0,"{""flipped"":true}",0.19335522,0.1631223,-0.030232921,0.82418919,0.8494873,0.13348161,0.094137959,0.69070758,0.75534935,0.064641766,0.64378844,0.84349631,24.392512,20.574994,False,0.98596442,True,True,True,0.64378844,0.84349631,24.392512,20.574994,0.61393838,0.84602211,23.329995,19.737692,0.97642656,0.81589153,7.1208134,5.8098114,0.14493884,0.85478872,4.5576523,3.8958298,0.50119444,0.91399079,10.193801,9.3170406,0.60643748,0.86031082,11.814978,10.164554,0.59274742,0.81207213,10.684676,8.6767275,0.77912894,0.81065427,12.878155,10.439732
experiment_0a_best,file,16,,8361,143.Caspian_Tern/Caspian_Tern_0101_145164.jpg,143,142,143.Caspian_Tern,145,144,color_jitter,color_jitter,0,"{""brightness"":1.228593,""contrast"":0.607968,""hue"":-0.075495,""saturation"":0.959277}",0.19335522,2.3502901,2.1569348,0.82418919,0.095341489,0.13348161,0.043204483,0.69070758,0.052137006,-0.63857057,0.40918308,6.9813508,24.392512,170.29269,False,0.92176652,False,True,False,0.40918308,6.9813508,24.392512,170.29269,0.39405354,7.1328304,23.329995,166.4089,0.65960937,5.0783261,7.1208134,36.161812,-0.064635106,4.7376861,4.5576523,21.592726,0.089151423,8.9293918,10.193801,91.024446,0.50517748,7.615697,11.814978,89.979295,0.48855017,7.0009557,10.684676,74.802944,0.56373711,5.6255218,12.878155,72.446344
experiment_0a_best,file,16,,8361,143.Caspian_Tern/Caspian_Tern_0101_145164.jpg,143,142,143.Caspian_Tern,145,144,rotation,rotation,0,"{""angle"":-9.252853}",0.19335522,0.32991633,0.13656111,0.82418919,0.71898389,0.13348161,0.18085672,0.69070758,0.53812717,-0.15258041,0.7725753,1.5162631,24.392512,36.985467,False,0.96104121,True,True,True,0.7725753,1.5162631,24.392512,36.985467,0.75591355,1.5199926,23.329995,35.461421,0.95711293,1.4756361,7.1208134,10.50773,0.78326779,1.5100694,4.5576523,6.8823714,0.74505104,1.5700755,10.193801,16.005038,0.75971996,1.4781485,11.814978,17.464292,0.68977453,1.5173183,10.684676,16.212055,0.80219868,1.5258977,12.878155,19.650748
experiment_0a_best,file,16,,8361,143.Caspian_Tern/Caspian_Tern_0101_145164.jpg,143,142,143.Caspian_Tern,145,144,random_resized_crop,random_resized_crop,0,"{""area_fraction"":0.629094,""aspect"":0.932128,""fallback"":false,""height"":0.821524,""left"":0.232923,""top"":0.09267,""width"":0.765765}",0.19335522,0.48443055,0.29107533,0.82418919,0.61604792,0.13348161,0.2814244,0.69070758,0.33462352,-0.35608406,0.70305946,2.1135562,24.392512,51.554945,False,0.95000958,True,True,True,0.70305946,2.1135562,24.392512,51.554945,0.67943746,2.096126,23.329995,48.90261,0.93747613,2.2923233,7.1208134,16.323207,0.22048064,2.5793916,4.5576523,11.75597,0.69766993,2.0001839,10.193801,20.389477,0.69257747,2.0380276,11.814978,24.079251,0.65517142,2.1172773,10.684676,22.622422,0.74758829,2.1208035,12.878155,27.312037
experiment_0a_best,file,16,,8361,143.Caspian_Tern/Caspian_Tern_0101_145164.jpg,143,142,143.Caspian_Tern,145,144,gaussian_blur,gaussian_blur,0,"{""sigma"":1.375936}",0.19335522,1.0489504,0.85559522,0.82418919,0.35030523,0.13348161,0.51217026,0.69070758,-0.16186503,-0.85257261,0.6803829,4.21858,24.392512,102.90176,False,0.9297421,False,True,False,0.6803829,4.21858,24.392512,102.90176,0.66176953,4.2661425,23.329995,99.529084,0.9198363,3.6694109,7.1208134,26.12919,0.16669243,3.7329869,4.5576523,17.013656,0.67111011,4.6147711,10.193801,47.04206,0.70697187,4.5145615,11.814978,53.339446,0.60729627,4.2977672,10.684676,45.920249,0.71913192,3.8434067,12.878155,49.495989
experiment_0a_best,file,16,,8361,143.Caspian_Tern/Caspian_Tern_0101_145164.jpg,143,142,143.Caspian_Tern,145,144,random_erasing,random_erasing,0,"{""area_fraction"":0.089848,""erased"":true,""height"":0.261058,""left"":0.381827,""top"":0.176654,""width"":0.34417}",0.19335522,0.10422191,-0.089133307,0.82418919,0.90102535,0.13348161,0.08476349,0.69070758,0.81626187,0.12555429,0.91389586,0.61229925,24.392512,14.935517,False,0.98979187,True,True,True,0.91389586,0.61229925,24.392512,14.935517,0.90742491,0.61329512,23.329995,14.308172,0.98487557,0.60150554,7.1208134,4.2832087,0.92949513,0.66609043,4.5576523,3.0358086,0.90291885,0.60587907,10.193801,6.1762108,0.89637331,0.60912739,11.814978,7.1968268,0.88644914,0.62030529,10.684676,6.627761,0.93173643,0.60964858,12.878155,7.8511492
experiment_0a_best,file,16,,1973,035.Purple_Finch/Purple_Finch_0134_27526.jpg,35,34,035.Purple_Finch,119,118,identity,identity,0,{},0.008597739,0.008597739,0,0.9914391,0.9914391,0.0015651967,0.0015651967,0.98987391,0.98987391,0,1,1,1.5319168,1.5319168,False,0.99999988,True,True,True,1,1,1.5319168,1.5319168,1,1,1.5083272,1.5083272,1,1,0.26780282,0.26780282,1,1,0.33830776,0.33830776,1,1,0.69958624,0.69958624,1,1,0.79718147,0.79718147,1,1,0.76020332,0.76020332,1,1,0.67658733,0.67658733
experiment_0a_best,file,16,,1973,035.Purple_Finch/Purple_Finch_0134_27526.jpg,35,34,035.Purple_Finch,119,118,horizontal_flip,horizontal_flip,0,"{""flipped"":true}",0.008597739,0.0066236942,-0.0019740448,0.9914391,0.99339819,0.0015651967,0.001293642,0.98987391,0.99210455,0.0022306402,0.60946224,0.73413685,1.5319168,1.1246366,False,0.97881782,True,True,True,0.60946224,0.73413685,1.5319168,1.1246366,0.59723765,0.73215075,1.5083272,1.1043229,0.96876159,0.79456741,0.26780282,0.21278739,0.67003425,0.84069065,0.33830776,0.28441217,0.51734739,0.75091452,0.69958624,0.52532946,0.57336411,0.68177083,0.79718147,0.54349507,0.54535128,0.69794392,0.76020332,0.53057928,0.7515409,0.79009938,0.67658733,0.53457123
experiment_0a_best,file,16,,1973,035.Purple_Finch/Purple_Finch_0134_27526.jpg,35,34,035.Purple_Finch,119,118,color_jitter,color_jitter,0,"{""brightness"":1.33967,""contrast"":1.206209,""hue"":-0.07596,""saturation"":1.347234}",0.008597739,2.3358741,2.3272763,0.9914391,0.096725903,0.0015651967,0.0094684009,0.98987391,0.087257503,-0.9026164,0.22180321,86.232971,1.5319168,132.10174,False,0.74215007,False,True,False,0.22180321,86.232971,1.5319168,132.10174,0.20870018,86.356592,1.5083272,130.25399,0.65865625,82.215055,0.26780282,22.017424,-0.10220989,79.447193,0.33830776,26.877602,0.22413184,80.255,0.69958624,56.145293,0.025244207,81.734048,0.79718147,65.156868,0.24089412,87.311781,0.76020332,66.374706,0.43610549,98.488704,0.67658733,66.636209
experiment_0a_best,file,16,,1973,035.Purple_Finch/Purple_Finch_0134_27526.jpg,35,34,035.Purple_Finch,119,118,rotation,rotation,0,"{""angle"":-11.879495}",0.008597739,0.025546461,0.016948722,0.9914391,0.9747771,0.0015651967,0.011387021,0.98987391,0.96339008,-0.026483826,0.77206579,3.0430274,1.5319168,4.6616649,False,0.9568662,True,True,True,0.77206579,3.0430274,1.5319168,4.6616649,0.76751305,3.0435399,1.5083272,4.5906539,0.91730145,3.0267249,0.26780282,0.81056547,0.78156809,2.7072642,0.33830776,0.91588849,0.82200989,2.9715078,0.69958624,2.078826,0.76538374,2.9915703,0.79718147,2.3848244,0.73350356,3.1204631,0.76020332,2.3721864,0.7573722,3.1696516,0.67658733,2.1445461
experiment_0a_best,file,16,,1973,035.Purple_Finch/Purple_Finch_0134_27526.jpg,35,34,035.Purple_Finch,119,118,random_resized_crop,random_resized_crop,0,"{""area_fraction"":0.606105,""aspect"":0.862266,""fallback"":false,""height"":0.838404,""left"":0.266572,""top"":0.021676,""width"":0.722927}",0.008597739,0.0024550795,-0.0061426596,0.9914391,0.99754792,0.0015651967,0.00035675574,0.98987391,0.99719117,0.0073172614,0.70473349,0.27231307,1.5319168,0.41716097,False,0.96642375,True,True,True,0.70473349,0.27231307,1.5319168,0.41716097,0.69606249,0.27167961,1.5083272,0.40978174,0.96264434,0.29169447,0.26780282,0.078116601,0.65623589,0.23422932,0.33830776,0.079241598,0.67529285,0.26874496,0.69958624,0.18801027,0.66557952,0.24961404,0.79718147,0.19898769,0.70050816,0.26445628,0.76020332,0.20104054,0.76378829,0.31796223,0.67658733,0.21512921
experiment_0a_best,file,16,,1973,035.Purple_Finch/Purple_Finch_0134_27526.jpg,35,34,035.Purple_Finch,119,118,gaussian_blur,gaussian_blur,0,"{""sigma"":1.782156}",0.008597739,0.41289705,0.40429931,0.9914391,0.66173041,0.0015651967,0.041495871,0.98987391,0.62023454,-0.36963937,0.30020677,60.030976,1.5319168,91.962463,False,0.87218046,True,True,True,0.30020677,60.030976,1.5319168,91.962463,0.28985974,60.509306,1.5083272,91.26783,0.79111527,42.12708,0.26780282,11.281751,0.20308506,87.531788,0.33830776,29.612683,0.24353452,74.263134,0.69958624,51.953466,0.1576641,59.556189,0.79718147,47.47709,0.37763757,53.516731,0.76020332,40.683596,0.57826389,42.951619,0.67658733,29.060521
experiment_0a_best,file,16,,1973,035.Purple_Finch/Purple_Finch_0134_27526.jpg,35,34,035.Purple_Finch,119,118,random_erasing,random_erasing,0,"{""area_fraction"":0.130414,""erased"":true,""height"":0.429107,""left"":0.089344,""top"":0.000885,""width"":0.303918}",0.008597739,0.0080523854,-0.00054535363,0.9914391,0.99197996,0.0015651967,0.0021953196,0.98987391,0.98978464,-8.9270412e-05,0.94951432,0.9693007,1.5319168,1.4848881,False,0.99225342,True,True,True,0.94951432,0.9693007,1.5319168,1.4848881,0.94836857,0.96825807,1.5083272,1.46045,0.98517622,1.001812,0.26780282,0.26828807,0.94261958,0.81861922,0.33830776,0.27694524,0.95735461,0.92357246,0.69958624,0.64611859,0.95436941,0.94260308,0.79718147,0.75142571,0.94939915,1.019301,0.76020332,0.77487597,0.93867989,1.0172211,0.67658733,0.68823892
experiment_0a_best,file,16,,1837,033.Yellow_billed_Cuckoo/Yellow_Billed_Cuckoo_0097_26713.jpg,33,32,033.Yellow_billed_Cuckoo,31,30,identity,identity,0,{},0.60052383,0.60052383,0,0.54852426,0.54852426,0.083268836,0.083268836,0.46525542,0.46525542,0,1,1,58.227956,58.227956,False,1,True,True,True,1,1,58.227956,58.227956,1,1,57.174316,57.174316,1,1,11.026894,11.026894,1,1,11.47898,11.47898,1,1,21.114536,21.114536,1,1,28.88376,28.88376,1,1,29.584834,29.584834,1,1,31.333335,31.333335
experiment_0a_best,file,16,,1837,033.Yellow_billed_Cuckoo/Yellow_Billed_Cuckoo_0097_26713.jpg,33,32,033.Yellow_billed_Cuckoo,31,30,horizontal_flip,horizontal_flip,0,"{""flipped"":true}",0.60052383,0.57467067,-0.025853157,0.54852426,0.56289017,0.083268836,0.055305991,0.46525542,0.50758418,0.042328756,0.62104911,0.88382508,58.227956,51.463328,False,0.95312279,True,True,True,0.62104911,0.88382508,58.227956,51.463328,0.60841061,0.88279071,57.174316,50.472955,0.9505327,0.91119322,11.026894,10.047631,0.56670933,0.94601146,11.47898,10.859246,0.53548707,0.94559402,21.114536,19.965779,0.54644096,0.85736159,28.88376,24.763826,0.60990244,0.85451199,29.584834,25.280595,0.70035119,0.89053877,31.333335,27.90355
experiment_0a_best,file,16,,1837,033.Yellow_billed_Cuckoo/Yellow_Billed_Cuckoo_0097_26713.jpg,33,32,033.Yellow_billed_Cuckoo,31,30,color_jitter,color_jitter,0,"{""brightness"":1.362076,""contrast"":1.218716,""hue"":0.070342,""saturation"":0.98155}",0.60052383,2.1367691,1.5362452,0.54852426,0.1180356,0.083268836,0.13509737,0.46525542,-0.01706177,-0.48231719,0.46372286,1.9930239,58.227956,116.04971,False,0.75766021,False,True,False,0.46372286,1.9930239,58.227956,116.04971,0.45119751,1.9669537,57.174316,112.45923,0.73589112,2.597613,11.026894,28.643604,0.684059,2.3256413,11.47898,26.69599,0.36752013,1.7230409,21.114536,36.381209,0.44856736,1.8243104,28.88376,52.692942,0.40845448,1.984075,29.584834,58.698529,0.49000599,2.1142857,31.333335,66.247623
experiment_0a_best,file,16,,1837,033.Yellow_billed_Cuckoo/Yellow_Billed_Cuckoo_0097_26713.jpg,33,32,033.Yellow_billed_Cuckoo,31,30,rotation,rotation,0,"{""angle"":-1.658042}",0.60052383,0.44479376,-0.15573007,0.54852426,0.64095646,0.083268836,0.056834921,0.46525542,0.58412154,0.11886612,0.8079699,0.87167128,58.227956,50.755637,False,0.96794087,True,True,True,0.8079699,0.87167128,58.227956,50.755637,0.80275987,0.87361722,57.174316,49.948467,0.959343,0.81762229,11.026894,9.0158345,0.80327844,1.2487818,11.47898,14.334741,0.75399341,0.91768615,21.114536,19.376517,0.7980844,0.93096339,28.88376,26.889723,0.80057962,0.85476161,29.584834,25.28798,0.86040206,0.74940627,31.333335,23.481398
experiment_0a_best,file,16,,1837,033.Yellow_billed_Cuckoo/Yellow_Billed_Cuckoo_0097_26713.jpg,33,32,033.Yellow_billed_Cuckoo,31,30,random_resized_crop,random_resized_crop,0,"{""area_fraction"":0.553981,""aspect"":0.773337,""fallback"":false,""height"":0.846375,""left"":0.11015,""top"":0.136618,""width"":0.654533}",0.60052383,0.95253778,0.35201395,0.54852426,0.38576081,0.083268836,0.26527777,0.46525542,0.12048304,-0.34477238,0.56053258,1.3260967,58.227956,77.215902,False,0.89658219,True,True,True,0.56053258,1.3260967,58.227956,77.215902,0.54768457,1.3194598,57.174316,75.43921,0.86982014,1.4935115,11.026894,16.468793,0.27431994,1.6003789,11.47898,18.370717,0.48131962,1.5195653,21.114536,32.084916,0.57297612,1.3881188,28.88376,40.094089,0.53579123,1.2317664,29.584834,36.441604,0.63133219,1.1892839,31.333335,37.264231
experiment_0a_best,file,16,,1837,033.Yellow_billed_Cuckoo/Yellow_Billed_Cuckoo_0097_26713.jpg,33,32,033.Yellow_billed_Cuckoo,31,30,gaussian_blur,gaussian_blur,0,"{""sigma"":1.126798}",0.60052383,1.4931406,0.89261675,0.54852426,0.22466595,0.083268836,0.025163133,0.46525542,0.19950282,-0.2657526,0.47660842,1.879314,58.227956,109.42861,False,0.82809669,True,True,True,0.47660842,1.879314,58.227956,109.42861,0.46659265,1.8902693,57.174316,108.07486,0.81246146,1.5561443,11.026894,17.159439,0.49810389,2.6518287,11.47898,30.440288,0.3244422,2.0603592,21.114536,43.503527,0.47551335,2.0851727,28.88376,60.227628,0.44594366,1.8076733,29.584834,53.479715,0.57534727,1.5548677,31.333335,48.719192
experiment_0a_best,file,16,,1837,033.Yellow_billed_Cuckoo/Yellow_Billed_Cuckoo_0097_26713.jpg,33,32,033.Yellow_billed_Cuckoo,31,30,random_erasing,random_erasing,0,"{""area_fraction"":0.074743,""erased"":true,""height"":0.375881,""left"":0.268477,""top"":0.544156,""width"":0.198847}",0.60052383,2.0441358,1.443612,0.54852426,0.12949204,0.083268836,0.024556886,0.46525542,0.10493516,-0.36032027,0.67772567,2.2351589,58.227956,130.14873,False,0.92366099,False,True,False,0.67772567,2.2351589,58.227956,130.14873,0.67013418,2.2424238,57.174316,128.20905,0.90640394,2.030126,11.026894,22.385985,0.67494135,2.9236564,11.47898,33.560592,0.63241566,2.5255441,21.114536,53.32569,0.6814318,2.455984,28.88376,70.938053,0.65578089,2.2476476,29.584834,66.496283,0.72893983,1.7520243,31.333335,54.896764
experiment_0a_best,file,16,,4840,083.White_breasted_Kingfisher/White_Breasted_Kingfisher_0074_73408.jpg,83,82,083.White_breasted_Kingfisher,33,32,identity,identity,0,{},0.037517514,0.037517514,0,0.96317756,0.96317756,0.011484694,0.011484694,0.95169287,0.95169287,0,1,1,6.0438365,6.0438365,False,1,True,True,True,1,1,6.0438365,6.0438365,1,1,5.9200353,5.9200353,1,1,1.2170214,1.2170214,1,1,1.0839516,1.0839516,1,1,2.4749786,2.4749786,1,1,2.9708496,2.9708496,1,1,3.0315492,3.0315492,1,1,3.1193125,3.1193125
experiment_0a_best,file,16,,4840,083.White_breasted_Kingfisher/White_Breasted_Kingfisher_0074_73408.jpg,83,82,083.White_breasted_Kingfisher,33,32,horizontal_flip,horizontal_flip,0,"{""flipped"":true}",0.037517514,0.29366392,0.2561464,0.96317756,0.74552703,0.011484694,0.15439309,0.95169287,0.59113394,-0.36055893,0.58062847,7.3055247,6.0438365,44.153397,False,0.9476518,True,True,True,0.58062847,7.3055247,6.0438365,44.153397,0.56657279,7.306488,5.9200353,43.254667,0.91430391,7.282694,1.2170214,8.8631943,0.29361715,7.5769111,1.0839516,8.2130049,0.54261852,7.0716861,2.4749786,17.502272,0.54329685,7.2474715,2.9708496,21.531148,0.52580624,7.403223,3.0315492,22.443235,0.67454794,7.3796487,3.1193125,23.01943
experiment_0a_best,file,16,,4840,083.White_breasted_Kingfisher/White_Breasted_Kingfisher_0074_73408.jpg,83,82,083.White_breasted_Kingfisher,33,32,color_jitter,color_jitter,0,"{""brightness"":1.021979,""contrast"":0.722407,""hue"":-0.098743,""saturation"":0.994786}",0.037517514,1.813032,1.7755145,0.96317756,0.16315868,0.011484694,0.021489266,0.95169287,0.14166942,-0.81002345,0.50296395,23.572578,6.0438365,142.46881,False,0.78952342,True,True,True,0.50296395,23.572578,6.0438365,142.46881,0.49607972,23.793565,5.9200353,140.85874,0.7465695,17.549625,1.2170214,21.358268,0.34911177,20.052261,1.0839516,21.73568,0.47511415,21.055234,2.4749786,52.111254,0.49962796,26.658207,2.9708496,79.197524,0.47435326,22.921932,3.0315492,69.488965,0.54507375,23.887661,3.1193125,74.51308
experiment_0a_best,file,16,,4840,083.White_breasted_Kingfisher/White_Breasted_Kingfisher_0074_73408.jpg,83,82,083.White_breasted_Kingfisher,33,32,rotation,rotation,0,"{""angle"":12.349149}",0.037517514,0.11423863,0.076721113,0.96317756,0.89204508,0.011484694,0.058424372,0.95169287,0.83362071,-0.11807216,0.68294332,3.2024502,6.0438365,19.355085,False,0.96371531,True,True,True,0.68294332,3.2024502,6.0438365,19.355085,0.67257272,3.2086085,5.9200353,18.995076,0.94164092,3.0531094,1.2170214,3.7156994,0.63349714,3.499922,1.0839516,3.793746,0.60806621,3.1344668,2.4749786,7.7577382,0.62480479,3.2021922,2.9708496,9.5132315,0.65757564,3.3567892,3.0315492,10.176272,0.78157621,3.0779319,3.1193125,9.6010315
experiment_0a_best,file,16,,4840,083.White_breasted_Kingfisher/White_Breasted_Kingfisher_0074_73408.jpg,83,82,083.White_breasted_Kingfisher,33,32,random_resized_crop,random_resized_crop,0,"{""area_fraction"":0.732499,""aspect"":1.307661,""fallback"":false,""height"":0.748438,""left"":0.006097,""top"":0.107132,""width"":0.978704}",0.037517514,0.15456276,0.11704524,0.96317756,0.85678971,0.011484694,0.021791905,0.95169287,0.8349978,-0.11669507,0.67882664,4.7905523,6.0438365,28.953315,False,0.96648878,True,True,True,0.67882664,4.7905523,6.0438365,28.953315,0.67085134,4.8281536,5.9200353,28.58284,0.9381894,3.7936009,1.2170214,4.6168934,0.44815649,6.1159444,1.0839516,6.6293877,0.70049905,5.0276676,2.4749786,12.44337,0.67307463,5.4897269,2.9708496,16.309153,0.6150937,4.6393263,3.0315492,14.064346,0.77102127,3.9834763,3.1193125,12.425708
experiment_0a_best,file,16,,4840,083.White_breasted_Kingfisher/White_Breasted_Kingfisher_0074_73408.jpg,83,82,083.White_breasted_Kingfisher,33,32,gaussian_blur,gaussian_blur,0,"{""sigma"":1.310556}",0.037517514,3.3146608,3.2771433,0.96317756,0.036346376,0.011484694,0.02135173,0.95169287,0.014994645,-0.93669822,0.50335252,26.869931,6.0438365,162.39747,False,0.85372925,False,True,False,0.50335252,26.869931,6.0438365,162.39747,0.49494953,27.11758,5.9200353,160.53703,0.79280242,20.14034,1.2170214,24.511224,0.38257909,32.866773,1.0839516,35.625992,0.52682579,28.109164,2.4749786,69.569581,0.45278034,30.600481,2.9708496,90.909427,0.45228838,26.060277,3.0315492,79.00301,0.59953214,23.021823,3.1193125,71.812259
experiment_0a_best,file,16,,4840,083.White_breasted_Kingfisher/White_Breasted_Kingfisher_0074_73408.jpg,83,82,083.White_breasted_Kingfisher,33,32,random_erasing,random_erasing,0,"{""area_fraction"":0.126766,""erased"":true,""height"":0.42848,""left"":0.339544,""top"":0.056128,""width"":0.295849}",0.037517514,1.2215073,1.1839898,0.96317756,0.2947855,0.011484694,0.45963526,0.95169287,-0.16484976,-1.1165426,0.6664303,20.546432,6.0438365,124.17928,False,0.90851986,False,True,False,0.6664303,20.546432,6.0438365,124.17928,0.65840225,20.588451,5.9200353,121.88436,0.86762829,19.525812,1.2170214,23.76333,0.5653218,22.940199,1.0839516,24.866066,0.57996056,19.63091,2.4749786,48.586083,0.66588571,20.475429,2.9708496,60.829418,0.67618892,21.598697,3.0315492,65.477512,0.69674539,19.993065,3.1193125,62.364618
experiment_0a_best,file,16,,8917,152.Blue_headed_Vireo/Blue_Headed_Vireo_0031_156056.jpg,152,151,152.Blue_headed_Vireo,171,170,identity,identity,0,{},0.88813931,0.88813931,0,0.41142058,0.41142058,0.060657151,0.060657151,0.35076343,0.35076343,0,1,1,117.00357,117.00357,False,0.99999994,True,True,True,1,1,117.00357,117.00357,1,1,115.97558,115.97558,1,1,15.475825,15.475825,1,1,27.730228,27.730228,1,1,79.431966,79.431966,1,1,52.397415,52.397415,1,1,46.164793,46.164793,1,1,38.668528,38.668528
experiment_0a_best,file,16,,8917,152.Blue_headed_Vireo/Blue_Headed_Vireo_0031_156056.jpg,152,151,152.Blue_headed_Vireo,171,170,horizontal_flip,horizontal_flip,0,"{""flipped"":true}",0.88813931,1.1804351,0.29229575,0.41142058,0.30714506,0.060657151,0.023676557,0.35076343,0.2834685,-0.067294931,0.73299886,1.4426307,117.00357,168.79294,False,0.92748499,True,True,True,0.73299886,1.4426307,117.00357,168.79294,0.7303447,1.4455533,115.97558,167.64889,0.90919161,1.2677254,15.475825,19.619097,0.64244446,1.604101,27.730228,44.482087,0.83400194,1.49001,79.431966,118.35442,0.62253518,1.4314807,52.397415,75.005886,0.62202464,1.3404835,46.164793,61.883142,0.67314274,1.3348587,38.668528,51.617022
experiment_0a_best,file,16,,8917,152.Blue_headed_Vireo/Blue_Headed_Vireo_0031_156056.jpg,152,151,152.Blue_headed_Vireo,171,170,color_jitter,color_jitter,0,"{""brightness"":1.159483,""contrast"":0.778887,""hue"":-0.070882,""saturation"":1.350364}",0.88813931,4.9150743,4.026935,0.41142058,0.0073351739,0.060657151,0.0037287271,0.35076343,0.0036064468,-0.34715699,0.77320091,1.704558,117.00357,199.43938,False,0.83913779,False,True,False,0.77320091,1.704558,117.00357,199.43938,0.77303227,1.7003726,115.97558,197.2017,0.78741063,1.9250569,15.475825,29.791843,0.55707822,1.2140475,27.730228,33.665814,0.89270989,1.6582387,79.431966,131.71716,0.76253255,1.7538056,52.397415,91.89488,0.66830304,1.7608096,46.164793,81.287409,0.57968772,1.8921574,38.668528,73.166943
experiment_0a_best,file,16,,8917,152.Blue_headed_Vireo/Blue_Headed_Vireo_0031_156056.jpg,152,151,152.Blue_headed_Vireo,171,170,rotation,rotation,0,"{""angle"":0.708749}",0.88813931,1.113008,0.22486871,0.41142058,0.32856914,0.060657151,0.068702713,0.35076343,0.25986643,-0.090897001,0.88789787,1.0390528,117.00357,121.57289,False,0.97637343,True,True,True,0.88789787,1.0390528,117.00357,121.57289,0.88640927,1.0384463,115.97558,120.43441,0.96929359,1.0725644,15.475825,16.59882,0.85112708,1.0924702,27.730228,30.294449,0.92548827,0.94484686,79.431966,75.051044,0.85015858,1.1520482,52.397415,60.364346,0.86626143,1.1173079,46.164793,51.580286,0.88941798,1.0503613,38.668528,40.615924
experiment_0a_best,file,16,,8917,152.Blue_headed_Vireo/Blue_Headed_Vireo_0031_156056.jpg,152,151,152.Blue_headed_Vireo,171,170,random_resized_crop,random_resized_crop,0,"{""area_fraction"":0.714932,""aspect"":0.868555,""fallback"":false,""height"":0.907264,""left"":0.186204,""top"":0.009791,""width"":0.788009}",0.88813931,1.7916017,0.90346235,0.41142058,0.16669297,0.060657151,0.069196217,0.35076343,0.097496755,-0.25326668,0.76224655,1.2360173,117.00357,144.61844,False,0.9221459,True,True,True,0.76224655,1.2360173,117.00357,144.61844,0.75923003,1.2320104,115.97558,142.88313,0.91622556,1.4432949,15.475825,22.336179,0.64502733,1.1326267,27.730228,31.407996,0.83058484,1.1206642,79.431966,89.016564,0.70726645,1.3823381,52.397415,72.430944,0.71868822,1.304619,46.164793,60.227467,0.73806393,1.3266344,38.668528,51.298999
experiment_0a_best,file,16,,8917,152.Blue_headed_Vireo/Blue_Headed_Vireo_0031_156056.jpg,152,151,152.Blue_headed_Vireo,171,170,gaussian_blur,gaussian_blur,0,"{""sigma"":1.909932}",0.88813931,4.2718124,3.3836731,0.41142058,0.013956464,0.060657151,0.0015131845,0.35076343,0.012443279,-0.33832015,0.55586308,1.110434,117.00357,129.92474,False,0.75568748,False,True,False,0.55586308,1.110434,117.00357,129.92474,0.55218498,1.0990093,115.97558,127.45824,0.73762021,1.628085,15.475825,25.195959,0.04534563,1.0709683,27.730228,29.698197,0.70151959,0.89920776,79.431966,71.42584,0.50600901,1.2389872,52.397415,64.919728,0.53803106,1.2334297,46.164793,56.941029,0.49289218,1.369676,38.668528,52.963354
experiment_0a_best,file,16,,8917,152.Blue_headed_Vireo/Blue_Headed_Vireo_0031_156056.jpg,152,151,152.Blue_headed_Vireo,171,170,random_erasing,random_erasing,0,"{""area_fraction"":0.160246,""erased"":true,""height"":0.221184,""left"":0.126439,""top"":0.525134,""width"":0.724495}",0.88813931,1.1413102,0.25317091,0.41142058,0.31940025,0.060657151,0.025072666,0.35076343,0.29432759,-0.056435848,0.8932738,1.1174942,117.00357,130.75082,False,0.93757272,True,True,True,0.8932738,1.1174942,117.00357,130.75082,0.8926733,1.116295,115.97558,129.46296,0.92657167,1.1828903,15.475825,18.306203,0.89884623,1.0528041,27.730228,29.194497,0.93050279,0.99782807,79.431966,79.259445,0.90031729,1.2455456,52.397415,65.263372,0.86981084,1.2230999,46.164793,56.464155,0.81506874,1.2071139,38.668528,46.677317
experiment_0a_best,file,16,,2827,049.Boat_tailed_Grackle/Boat_Tailed_Grackle_0067_34032.jpg,49,48,049.Boat_tailed_Grackle,29,28,identity,identity,0,{},4.9366789,4.9366789,0,0.0071783983,0.0071783983,0.64868802,0.64868802,-0.64150962,-0.64150962,0,1,1,247.74373,247.74373,False,1,True,False,False,1,1,247.74373,247.74373,1,1,244.77108,244.77108,1,1,38.263244,38.263244,1,1,52.060674,52.060674,1,1,122.28632,122.28632,1,1,143.02541,143.02541,1,1,112.4707,112.4707,1,1,95.617451,95.617451
experiment_0a_best,file,16,,2827,049.Boat_tailed_Grackle/Boat_Tailed_Grackle_0067_34032.jpg,49,48,049.Boat_tailed_Grackle,29,28,horizontal_flip,horizontal_flip,0,"{""flipped"":true}",4.9366789,5.7504005,0.81372166,0.0071783983,0.0031815069,0.64868802,0.75471729,-0.64150962,-0.75153578,-0.11002616,0.79578941,1.1413545,247.74373,282.76343,False,0.97645301,True,False,False,0.79578941,1.1413545,247.74373,282.76343,0.7917256,1.1427358,244.77108,279.70866,0.9723178,1.0833228,38.263244,41.451444,0.67209225,1.0445798,52.060674,54.381529,0.80144155,1.1588588,122.28632,141.71258,0.81633593,1.1754513,143.02541,168.1194,0.75570597,1.1402717,112.4707,128.24716,0.80525259,1.0709293,95.617451,102.39953
experiment_0a_best,file,16,,2827,049.Boat_tailed_Grackle/Boat_Tailed_Grackle_0067_34032.jpg,49,48,049.Boat_tailed_Grackle,29,28,color_jitter,color_jitter,0,"{""brightness"":1.264688,""contrast"":0.747241,""hue"":0.031255,""saturation"":0.655545}",4.9366789,8.2652063,3.3285275,0.0071783983,0.0002573159,0.64868802,0.94285178,-0.64150962,-0.94259447,-0.30108485,0.65890416,0.88768015,247.74373,219.91719,False,0.92675668,True,False,False,0.65890416,0.88768015,247.74373,219.91719,0.65210658,0.88129966,244.77108,215.71667,0.89634562,1.1179719,38.263244,42.777233,0.54291473,0.79759024,52.060674,41.523085,0.47023269,0.84098598,122.28632,102.84108,0.69715878,0.84313101,143.02541,120.58916,0.73046544,0.9065107,112.4707,101.95589,0.75323864,1.0083749,95.617451,96.41824
experiment_0a_best,file,16,,2827,049.Boat_tailed_Grackle/Boat_Tailed_Grackle_0067_34032.jpg,49,48,049.Boat_tailed_Grackle,29,28,rotation,rotation,0,"{""angle"":-13.413294}",4.9366789,3.2303298,-1.7063491,0.0071783983,0.039544459,0.64868802,0.42761546,-0.64150962,-0.388071,0.25343862,0.78323359,0.86014753,247.74373,213.09616,False,0.94000292,True,False,False,0.78323359,0.86014753,247.74373,213.09616,0.7800911,0.86070042,244.77108,210.67457,0.91573174,0.83720908,38.263244,32.034336,0.66380125,0.75311114,52.060674,39.207473,0.80989977,0.8631362,122.28632,105.54975,0.79421637,0.83134918,143.02541,118.90406,0.7525491,0.88242645,112.4707,99.247122,0.77518075,0.91876597,95.617451,87.850059
experiment_0a_best,file,16,,2827,049.Boat_tailed_Grackle/Boat_Tailed_Grackle_0067_34032.jpg,49,48,049.Boat_tailed_Grackle,29,28,random_resized_crop,random_resized_crop,0,"{""area_fraction"":0.63994,""aspect"":0.893425,""fallback"":false,""height"":0.846332,""left"":0.207811,""top"":0.072464,""width"":0.756134}",4.9366789,3.5007379,-1.435941,0.0071783983,0.030175107,0.64868802,0.45600992,-0.64150962,-0.42583482,0.2156748,0.69485138,0.76701415,247.74373,190.02295,False,0.86313462,True,False,False,0.69485138,0.76701415,247.74373,190.02295,0.6908943,0.76589911,244.77108,187.46995,0.84884016,0.81133044,38.263244,31.044135,0.52850524,0.69982552,52.060674,36.433388,0.62279229,0.63545549,122.28632,77.707514,0.72259583,0.75732996,143.02541,108.31743,0.72025629,0.8385337,112.4707,94.310473,0.73559021,0.88445693,95.617451,84.569516
experiment_0a_best,file,16,,2827,049.Boat_tailed_Grackle/Boat_Tailed_Grackle_0067_34032.jpg,49,48,049.Boat_tailed_Grackle,29,28,gaussian_blur,gaussian_blur,0,"{""sigma"":1.665209}",4.9366789,4.8512573,-0.085421562,0.0071783983,0.0078185387,0.64868802,0.0063828276,-0.64150962,0.001435711,0.64294533,0.39224289,0.9817447,247.74373,243.2211,False,0.67071569,False,False,False,0.39224289,0.9817447,247.74373,243.2211,0.39032201,0.98138003,244.77108,240.21345,0.46969726,0.99655353,38.263244,38.131371,0.21021093,1.2222773,52.060674,63.63258,0.43713027,0.97161784,122.28632,118.81557,0.47581231,0.9204538,143.02541,131.64828,0.30962453,1.0176769,112.4707,114.45884,0.32413763,0.99789024,95.617451,95.415721
experiment_0a_best,file,16,,2827,049.Boat_tailed_Grackle/Boat_Tailed_Grackle_0067_34032.jpg,49,48,049.Boat_tailed_Grackle,29,28,random_erasing,random_erasing,0,"{""area_fraction"":0.138082,""erased"":true,""height"":0.537757,""left"":0.039083,""top"":0.33006,""width"":0.256774}",4.9366789,2.9389501,-1.9977288,0.0071783983,0.052921262,0.64868802,0.47740644,-0.64150962,-0.42448518,0.21702444,0.91727669,0.91737405,247.74373,227.27367,False,0.96187568,True,False,False,0.91727669,0.91737405,247.74373,227.27367,0.91664848,0.9199255,244.77108,225.17116,0.95446515,0.80606582,38.263244,30.842694,0.88761313,0.89328389,52.060674,46.504961,0.94444137,0.90251979,122.28632,110.36583,0.9334141,0.93385237,143.02541,133.56462,0.89194303,0.91800782,112.4707,103.24898,0.87739477,0.9271345,95.617451,88.650237
experiment_0a_best,file,16,,5699,098.Scott_Oriole/Scott_Oriole_0068_795804.jpg,98,97,098.Scott_Oriole,95,94,identity,identity,0,{},0.17832807,0.17832807,0,0.8366679,0.8366679,0.1098215,0.1098215,0.7268464,0.7268464,0,1,1,36.00427,36.00427,False,1,True,True,True,1,1,36.00427,36.00427,1,1,35.60816,35.60816,1,1,5.3260121,5.3260121,1,1,9.0019574,9.0019574,1,1,16.117694,16.117694,1,1,18.414506,18.414506,1,1,18.439783,18.439783,1,1,15.748209,15.748209
experiment_0a_best,file,16,,5699,098.Scott_Oriole/Scott_Oriole_0068_795804.jpg,98,97,098.Scott_Oriole,95,94,horizontal_flip,horizontal_flip,0,"{""flipped"":true}",0.17832807,0.034514837,-0.14381323,0.8366679,0.96607399,0.1098215,0.010079263,0.7268464,0.95599473,0.22914833,0.65037889,0.16537439,36.00427,5.9541841,False,0.96563792,True,True,True,0.65037889,0.16537439,36.00427,5.9541841,0.64398438,0.16509117,35.60816,5.8785929,0.91780132,0.17757304,5.3260121,0.94575614,0.43231726,0.14419982,9.0019574,1.2980807,0.63390123,0.18033611,16.117694,2.9066022,0.6225316,0.16227389,18.414506,2.9881935,0.65058845,0.15368884,18.439783,2.8339888,0.7391258,0.17347874,15.748209,2.7319793
experiment_0a_best,file,16,,5699,098.Scott_Oriole/Scott_Oriole_0068_795804.jpg,98,97,098.Scott_Oriole,95,94,color_jitter,color_jitter,0,"{""brightness"":1.106978,""contrast"":1.153796,""hue"":-0.029376,""saturation"":1.357136}",0.17832807,4.9468179,4.7684898,0.8366679,0.0071059833,0.1098215,0.96240515,0.7268464,-0.95529916,-1.6821456,0.69544713,5.3928997,36.00427,194.16742,False,0.91375399,False,True,False,0.69544713,5.3928997,36.00427,194.16742,0.69033045,5.3619281,35.60816,190.92839,0.89570602,6.6311582,5.3260121,35.317629,0.57892353,5.5124189,9.0019574,49.622561,0.66055741,4.833246,16.117694,77.900782,0.70031816,5.3864628,18.414506,99.189054,0.72304361,5.3134283,18.439783,97.978465,0.70304715,5.8489951,15.748209,92.111195
experiment_0a_best,file,16,,5699,098.Scott_Oriole/Scott_Oriole_0068_795804.jpg,98,97,098.Scott_Oriole,95,94,rotation,rotation,0,"{""angle"":2.6107}",0.17832807,0.1059702,-0.072357863,0.8366679,0.89945143,0.1098215,0.051971864,0.7268464,0.84747957,0.12063317,0.87157448,0.56551645,36.00427,20.361007,False,0.98848587,True,True,True,0.87157448,0.56551645,36.00427,20.361007,0.86911207,0.56516706,35.60816,20.124559,0.97897853,0.58091919,5.3260121,3.0939827,0.78837154,0.51122129,9.0019574,4.6019923,0.8386943,0.56922793,16.117694,9.1746417,0.85478171,0.5760794,18.414506,10.608218,0.89282736,0.56220069,18.439783,10.366859,0.91413262,0.56667353,15.748209,8.924093
experiment_0a_best,file,16,,5699,098.Scott_Oriole/Scott_Oriole_0068_795804.jpg,98,97,098.Scott_Oriole,95,94,random_resized_crop,random_resized_crop,0,"{""area_fraction"":0.792522,""aspect"":0.822307,""fallback"":false,""height"":0.981722,""left"":0.062355,""top"":0.006348,""width"":0.807277}",0.17832807,0.089277714,-0.089050353,0.8366679,0.91459155,0.1098215,0.034384541,0.7268464,0.88020701,0.15336061,0.81205502,0.46051687,36.00427,16.580574,False,0.9832679,True,True,True,0.81205502,0.46051687,36.00427,16.580574,0.80874139,0.46037982,35.60816,16.393278,0.95826619,0.46660199,5.3260121,2.4851279,0.74565265,0.46171551,9.0019574,4.1563433,0.80668943,0.47897383,16.117694,7.7199538,0.79793994,0.45625733,18.414506,8.4017535,0.80368252,0.45133389,18.439783,8.3224991,0.85428864,0.45795814,15.748209,7.2120202
experiment_0a_best,file,16,,5699,098.Scott_Oriole/Scott_Oriole_0068_795804.jpg,98,97,098.Scott_Oriole,95,94,gaussian_blur,gaussian_blur,0,"{""sigma"":1.727876}",0.17832807,0.089836985,-0.088491082,0.8366679,0.9140802,0.1098215,0.0072228736,0.7268464,0.90685733,0.18001093,0.4262372,0.41978145,36.00427,15.113925,False,0.87327933,True,True,True,0.4262372,0.41978145,36.00427,15.113925,0.41875492,0.41948727,35.60816,14.93717,0.75065383,0.43272666,5.3260121,2.3047075,0.2774531,0.58965309,9.0019574,5.308032,0.40301912,0.41268086,16.117694,6.6514639,0.38163891,0.39348857,18.414506,7.2458979,0.42229093,0.41139233,18.439783,7.5859854,0.56043324,0.40486286,15.748209,6.3758648
experiment_0a_best,file,16,,5699,098.Scott_Oriole/Scott_Oriole_0068_795804.jpg,98,97,098.Scott_Oriole,95,94,random_erasing,random_erasing,0,"{""area_fraction"":0.095718,""erased"":true,""height"":0.451693,""left"":0.710607,""top"":0.287569,""width"":0.21191}",0.17832807,0.17703062,-0.0012974441,0.8366679,0.83775413,0.1098215,0.086851984,0.7268464,0.75090215,0.024055749,0.94747364,0.93783645,36.00427,33.766116,False,0.99218267,True,True,True,0.94747364,0.93783645,36.00427,33.766116,0.9466766,0.93779528,35.60816,33.393164,0.98303078,0.93967454,5.3260121,5.004718,0.94653372,0.94114478,9.0019574,8.4721452,0.94957176,0.92891828,16.117694,14.972021,0.95218005,0.96240882,18.414506,17.722283,0.94150925,0.92162621,18.439783,16.994587,0.94364056,0.93382695,15.748209,14.706102
experiment_0a_best,file,16,,8653,148.Green_tailed_Towhee/Green_Tailed_Towhee_0074_154915.jpg,148,147,148.Green_tailed_Towhee,76,75,identity,identity,0,{},1.4496617,1.4496617,0,0.23464966,0.23464966,0.077509254,0.077509254,0.1571404,0.1571404,0,1,1,138.72542,138.72542,False,0.99999994,True,True,True,1,1,138.72542,138.72542,1,1,136.83794,136.83794,1,1,22.806157,22.806157,1,1,26.226256,26.226256,1,1,67.590523,67.590523,1,1,76.496669,76.496669,1,1,61.367718,61.367718,1,1,62.05312,62.05312
experiment_0a_best,file,16,,8653,148.Green_tailed_Towhee/Green_Tailed_Towhee_0074_154915.jpg,148,147,148.Green_tailed_Towhee,76,75,horizontal_flip,horizontal_flip,0,"{""flipped"":true}",1.4496617,0.48803258,-0.96162915,0.23464966,0.61383289,0.077509254,0.012924012,0.1571404,0.60090888,0.44376848,0.65479699,0.47145737,138.72542,65.403124,False,0.92726231,True,True,True,0.65479699,0.47145737,138.72542,65.403124,0.64752389,0.47160004,136.83794,64.532778,0.91965332,0.46629239,22.806157,10.634337,0.37818045,0.37570489,26.226256,9.8533327,0.64328953,0.47571751,67.590523,32.153995,0.68335089,0.43617886,76.496669,33.36623,0.58733434,0.49963258,61.367718,30.661311,0.70669241,0.50450966,62.05312,31.306399
experiment_0a_best,file,16,,8653,148.Green_tailed_Towhee/Green_Tailed_Towhee_0074_154915.jpg,148,147,148.Green_tailed_Towhee,76,75,color_jitter,color_jitter,0,"{""brightness"":1.25199,""contrast"":1.031941,""hue"":-0.078995,""saturation"":1.075311}",1.4496617,3.4663625,2.0167007,0.23464966,0.031230424,0.077509254,0.045604326,0.1571404,-0.014373902,-0.17151431,0.42134184,1.0488589,138.72542,145.5034,False,0.83605427,False,True,False,0.42134184,1.0488589,138.72542,145.5034,0.40840545,1.0417281,136.83794,142.54793,0.80918153,1.2793705,22.806157,29.177524,0.36721205,0.84610194,26.226256,22.190086,0.29045133,0.98853428,67.590523,66.815549,0.36108432,0.98128295,76.496669,75.064877,0.42789763,1.1299641,61.367718,69.343316,0.5850849,1.1303613,62.05312,70.142444
experiment_0a_best,file,16,,8653,148.Green_tailed_Towhee/Green_Tailed_Towhee_0074_154915.jpg,148,147,148.Green_tailed_Towhee,76,75,rotation,rotation,0,"{""angle"":2.924128}",1.4496617,1.0241405,-0.42552125,0.23464966,0.35910499,0.077509254,0.010833692,0.1571404,0.3482713,0.1911309,0.79548406,0.93714548,138.72542,130.0059,False,0.92540866,True,True,True,0.79548406,0.93714548,138.72542,130.0059,0.79275117,0.93952154,136.83794,128.56219,0.90875044,0.84717931,22.806157,19.320904,0.76151892,0.91092905,26.226256,23.890258,0.82519447,0.98147331,67.590523,66.338295,0.80093795,0.95359775,76.496669,72.947052,0.74541793,0.92817028,61.367718,56.959692,0.79383774,0.88134884,62.05312,54.690445
experiment_0a_best,file,16,,8653,148.Green_tailed_Towhee/Green_Tailed_Towhee_0074_154915.jpg,148,147,148.Green_tailed_Towhee,76,75,random_resized_crop,random_resized_crop,0,"{""area_fraction"":0.878505,""aspect"":0.981876,""fallback"":false,""height"":0.945897,""left"":0.019917,""top"":0.043171,""width"":0.928753}",1.4496617,0.75980616,-0.68985558,0.23464966,0.46775711,0.077509254,0.0048864721,0.1571404,0.46287063,0.30573023,0.72598405,0.73768547,138.72542,102.33573,False,0.90451074,True,True,True,0.72598405,0.73768547,138.72542,102.33573,0.72184253,0.7393898,136.83794,101.17658,0.89276684,0.67346234,22.806157,15.359088,0.70753399,0.5720686,26.226256,15.003218,0.7949856,0.81086199,67.590523,54.806586,0.67126569,0.73302012,76.496669,56.073598,0.66071936,0.70543942,61.367718,43.291208,0.77164169,0.71879407,62.05312,44.603414
experiment_0a_best,file,16,,8653,148.Green_tailed_Towhee/Green_Tailed_Towhee_0074_154915.jpg,148,147,148.Green_tailed_Towhee,76,75,gaussian_blur,gaussian_blur,0,"{""sigma"":1.998696}",1.4496617,2.8287535,1.3790917,0.23464966,0.059086457,0.077509254,0.0084730331,0.1571404,0.050613424,-0.10652698,0.38529026,1.1536822,138.72542,160.04505,False,0.72246015,False,True,False,0.38529026,1.1536822,138.72542,160.04505,0.376811,1.1553073,136.83794,158.08987,0.70834726,1.0935709,22.806157,24.940148,0.17411429,1.1806363,26.226256,30.963669,0.34832369,1.0675714,67.590523,72.157706,0.37819498,1.1737607,76.496669,89.788782,0.34965836,1.2160773,61.367718,74.627888,0.47223437,1.1615909,62.05312,72.080342
experiment_0a_best,file,16,,8653,148.Green_tailed_Towhee/Green_Tailed_Towhee_0074_154915.jpg,148,147,148.Green_tailed_Towhee,76,75,random_erasing,random_erasing,0,"{""area_fraction"":0.164864,""erased"":true,""height"":0.508902,""left"":0.331642,""top"":0.066766,""width"":0.323959}",1.4496617,2.1963449,0.74668312,0.23464966,0.11120892,0.077509254,0.0024581684,0.1571404,0.10875075,-0.048389649,0.56285297,1.0031791,138.72542,139.16644,False,0.86304921,False,True,False,0.56285297,1.0031791,138.72542,139.16644,0.55427624,0.99761863,136.83794,136.51208,0.83072818,1.1861222,22.806157,27.05089,0.51867414,0.81842,26.226256,21.464092,0.60400528,0.90601075,67.590523,61.23774,0.47530223,0.95361931,76.496669,72.948701,0.51807048,1.0593532,61.367718,65.01009,0.65598232,1.12541,62.05312,69.835198
experiment_0a_best,file,16,,7111,122.Harris_Sparrow/Harris_Sparrow_0081_116574.jpg,122,121,122.Harris_Sparrow,120,119,identity,identity,0,{},0.017054217,0.017054217,0,0.9830904,0.9830904,0.0048477943,0.0048477943,0.97824261,0.97824261,0,1,1,4.0666355,4.0666355,False,1,True,True,True,1,1,4.0666355,4.0666355,1,1,4.0369017,4.0369017,1,1,0.49086531,0.49086531,1,1,0.98041062,0.98041062,1,1,1.9926279,1.9926279,1,1,2.4472802,2.4472802,1,1,1.7309362,1.7309362,1,1,1.5425576,1.5425576
experiment_0a_best,file,16,,7111,122.Harris_Sparrow/Harris_Sparrow_0081_116574.jpg,122,121,122.Harris_Sparrow,120,119,horizontal_flip,horizontal_flip,0,"{""flipped"":true}",0.017054217,0.028558305,0.011504088,0.9830904,0.97184563,0.0048477943,0.0073898295,0.97824261,0.9644558,-0.013786809,0.7353752,1.5954664,4.0666355,6.4881804,False,0.96370727,True,True,True,0.7353752,1.5954664,4.0666355,6.4881804,0.73218023,1.5959928,4.0369017,6.4428662,0.95672506,1.5594502,0.49086531,0.76548,0.5328202,1.3851591,0.98041062,1.3580247,0.68588749,1.4249293,1.9926279,2.8393538,0.79617589,1.6602168,2.4472802,4.0630159,0.69814134,1.7011002,1.7309362,2.9444959,0.76170154,1.6433727,1.5425576,2.5349971
experiment_0a_best,file,16,,7111,122.Harris_Sparrow/Harris_Sparrow_0081_116574.jpg,122,121,122.Harris_Sparrow,120,119,color_jitter,color_jitter,0,"{""brightness"":0.631475,""contrast"":0.869491,""hue"":0.033738,""saturation"":0.972895}",0.017054217,0.23645154,0.21939732,0.9830904,0.78942412,0.0048477943,0.015966939,0.97824261,0.77345718,-0.20478542,0.63238205,15.982439,4.0666355,64.994755,False,0.91046703,True,True,True,0.63238205,15.982439,4.0666355,64.994755,0.62990408,16.031395,4.0369017,64.717165,0.87529026,12.224468,0.49086531,6.0005673,0.48805556,24.027101,0.98041062,23.556424,0.5143918,19.387463,1.9926279,38.632,0.72494287,14.142018,2.4472802,34.609481,0.72972025,14.521058,1.7309362,25.135024,0.75486306,11.439588,1.5425576,17.646224
experiment_0a_best,file,16,,7111,122.Harris_Sparrow/Harris_Sparrow_0081_116574.jpg,122,121,122.Harris_Sparrow,120,119,rotation,rotation,0,"{""angle"":-14.485897}",0.017054217,0.14872473,0.13167052,0.9830904,0.86180633,0.0048477943,0.023437094,0.97824261,0.83836924,-0.13987337,0.78625865,7.9095444,4.0666355,32.165234,False,0.92511976,True,True,True,0.78625865,7.9095444,4.0666355,32.165234,0.78456404,7.9188673,4.0369017,31.967689,0.91443759,7.251218,0.49086531,3.5593714,0.76848006,6.4283793,0.98041062,6.3024513,0.87096029,8.0197816,1.9926279,15.980441,0.80273183,7.9835335,2.4472802,19.537944,0.68448276,8.3817286,1.7309362,14.508237,0.73720119,7.5215871,1.5425576,11.602482
experiment_0a_best,file,16,,7111,122.Harris_Sparrow/Harris_Sparrow_0081_116574.jpg,122,121,122.Harris_Sparrow,120,119,random_resized_crop,random_resized_crop,0,"{""area_fraction"":0.613956,""aspect"":0.953477,""fallback"":false,""height"":0.802441,""left"":0.211264,""top"":0.197048,""width"":0.76511}",0.017054217,0.017587189,0.0005329717,0.9830904,0.98256654,0.0048477943,0.0029520742,0.97824261,0.97961446,0.0013718549,0.70156221,1.1949995,4.0666355,4.8596275,False,0.94400263,True,True,True,0.70156221,1.1949995,4.0666355,4.8596275,0.69883518,1.1960487,4.0369017,4.8283311,0.89964293,1.1217614,0.49086531,0.55063377,0.57946469,1.1569473,0.98041062,1.1342834,0.71348733,1.2592123,1.9926279,2.5091416,0.74471941,1.1944184,2.4472802,2.9230766,0.6120414,1.2319965,1.7309362,2.1325074,0.72758891,1.0530066,1.5425576,1.6243233
experiment_0a_best,file,16,,7111,122.Harris_Sparrow/Harris_Sparrow_0081_116574.jpg,122,121,122.Harris_Sparrow,120,119,gaussian_blur,gaussian_blur,0,"{""sigma"":1.067149}",0.017054217,0.018716864,0.0016626474,0.9830904,0.98145723,0.0048477943,0.0012644993,0.97824261,0.98019273,0.0019501278,0.67138321,1.1357753,4.0666355,4.6187843,False,0.94660789,True,True,True,0.67138321,1.1357753,4.0666355,4.6187843,0.66784419,1.1352642,4.0369017,4.58295,0.90397072,1.1698275,0.49086531,0.57422774,0.50875102,1.2638619,0.98041062,1.2391036,0.5662114,1.1865317,1.9926279,2.3643162,0.70217793,1.0931756,2.4472802,2.675307,0.71173361,1.1795295,1.7309362,2.0416902,0.79433474,1.0356765,1.5425576,1.5975906
experiment_0a_best,file,16,,7111,122.Harris_Sparrow/Harris_Sparrow_0081_116574.jpg,122,121,122.Harris_Sparrow,120,119,random_erasing,random_erasing,0,"{""area_fraction"":0.143397,""erased"":true,""height"":0.226363,""left"":0.318863,""top"":0.040682,""width"":0.633482}",0.017054217,0.0064145387,-0.010639678,0.9830904,0.99360597,0.0048477943,0.0017295964,0.97824261,0.99187637,0.013633769,0.89667357,0.36942608,4.0666355,1.5023212,False,0.97938764,True,True,True,0.89667357,0.36942608,4.0666355,1.5023212,0.89558551,0.3683876,4.0369017,1.4871445,0.97099053,0.43393334,0.49086531,0.21300282,0.91537237,0.34419119,0.98041062,0.3374487,0.88376761,0.36590834,1.9926279,0.72911917,0.91915739,0.36567856,2.4472802,0.89491793,0.86636962,0.37617194,1.7309362,0.65112963,0.88806433,0.37870778,1.5425576,0.58417857
experiment_0a_best,file,16,,6416,110.Geococcyx/Geococcyx_0106_104216.jpg,110,109,110.Geococcyx,194,193,identity,identity,0,{},0.00092499377,0.00092499377,0,0.99907541,0.99907541,0.00045306879,0.00045306879,0.99862234,0.99862234,0,1,1,0.13552396,0.13552396,False,0.99999994,True,True,True,1,1,0.13552396,0.13552396,1,1,0.1314041,0.1314041,1,1,0.033161832,0.033161832,1,1,0.027539032,0.027539032,1,1,0.058109294,0.058109294,1,1,0.06088063,0.06088063,1,1,0.062645371,0.062645371,1,1,0.074169094,0.074169094
experiment_0a_best,file,16,,6416,110.Geococcyx/Geococcyx_0106_104216.jpg,110,109,110.Geococcyx,194,193,horizontal_flip,horizontal_flip,0,"{""flipped"":true}",0.00092499377,0.0003246734,-0.00060032037,0.99907541,0.99967539,0.00045306879,0.00013162859,0.99862234,0.99954376,0.00092142055,0.59096717,0.3463165,0.13552396,0.046934184,False,0.96832728,True,True,True,0.59096717,0.3463165,0.13552396,0.046934184,0.56570034,0.34483857,0.1314041,0.045313201,0.96321551,0.36874633,0.033161832,0.012228304,0.085009705,0.25274936,0.027539032,0.0069604728,0.49756569,0.27770712,0.058109294,0.016137365,0.49372913,0.38038805,0.06088063,0.023158264,0.49442092,0.35711699,0.062645371,0.022371726,0.75847795,0.3586562,0.074169094,0.026601205
experiment_0a_best,file,16,,6416,110.Geococcyx/Geococcyx_0106_104216.jpg,110,109,110.Geococcyx,194,193,color_jitter,color_jitter,0,"{""brightness"":1.277459,""contrast"":1.018756,""hue"":-0.034075,""saturation"":0.643314}",0.00092499377,0.0010902897,0.0001652959,0.99907541,0.99891031,0.00045306879,0.00017526789,0.99862234,0.99873504,0.00011269603,0.78358464,1.1220283,0.13552396,0.15206172,False,0.97528422,True,True,True,0.78358464,1.1220283,0.13552396,0.15206172,0.77510329,1.1263487,0.1314041,0.14800683,0.92791535,1.0518682,0.033161832,0.034881875,0.64876,1.1312686,0.027539032,0.031154042,0.72885131,1.0066533,0.058109294,0.058495914,0.72500375,1.1279298,0.06088063,0.068669077,0.75712041,1.1388801,0.062645371,0.071345569,0.86394823,1.1837204,0.074169094,0.087795465
experiment_0a_best,file,16,,6416,110.Geococcyx/Geococcyx_0106_104216.jpg,110,109,110.Geococcyx,194,193,rotation,rotation,0,"{""angle"":5.579203}",0.00092499377,0.002278829,0.0013538352,0.99907541,0.99772376,0.00045306879,0.0012039758,0.99862234,0.99651978,-0.0021025615,0.81493772,2.7875152,0.13552396,0.37777509,False,0.98054087,True,True,True,0.81493772,2.7875152,0.13552396,0.37777509,0.80531811,2.791248,0.1314041,0.36678142,0.96966835,2.7282355,0.033161832,0.090473286,0.82982495,2.5478112,0.027539032,0.070164257,0.80480107,2.7804793,0.058109294,0.16157169,0.77947319,3.0556408,0.06088063,0.18602934,0.78182815,2.8820274,0.062645371,0.18054568,0.84804737,2.568677,0.074169094,0.19051645
experiment_0a_best,file,16,,6416,110.Geococcyx/Geococcyx_0106_104216.jpg,110,109,110.Geococcyx,194,193,random_resized_crop,random_resized_crop,0,"{""area_fraction"":0.658122,""aspect"":0.756239,""fallback"":false,""height"":0.932875,""left"":0.04241,""top"":0.013709,""width"":0.705477}",0.00092499377,0.023597939,0.022672945,0.99907541,0.97667831,0.00045306879,0.0203199,0.99862234,0.95635841,-0.042263932,0.7356822,38.8877,0.13552396,5.270215,False,0.96453804,True,True,True,0.7356822,38.8877,0.13552396,5.270215,0.72772446,39.38264,0.1314041,5.1750401,0.92503707,30.066456,0.033161832,0.99705876,0.82434346,45.01222,0.027539032,1.239593,0.72946652,44.601829,0.058109294,2.5917808,0.74920959,43.863773,0.06088063,2.6704541,0.70020597,39.59857,0.062645371,2.4806671,0.7434326,30.869469,0.074169094,2.2895606
experiment_0a_best,file,16,,6416,110.Geococcyx/Geococcyx_0106_104216.jpg,110,109,110.Geococcyx,194,193,gaussian_blur,gaussian_blur,0,"{""sigma"":1.485685}",0.00092499377,0.27497348,0.27404849,0.99907541,0.75959224,0.00045306879,0.10311882,0.99862234,0.65647341,-0.34214893,0.45699555,365.46692,0.13552396,49.529523,False,0.83167732,True,True,True,0.45699555,365.46692,0.13552396,49.529523,0.44382518,371.84143,0.1314041,48.861487,0.81058961,244.47774,0.033161832,8.1073298,0.43692021,548.50688,0.027539032,15.105349,0.35878312,396.72988,0.058109294,23.053693,0.45133065,426.46804,0.06088063,25.963643,0.43998075,363.22518,0.062645371,22.754376,0.54672988,281.50396,0.074169094,20.878893
experiment_0a_best,file,16,,6416,110.Geococcyx/Geococcyx_0106_104216.jpg,110,109,110.Geococcyx,194,193,random_erasing,random_erasing,0,"{""area_fraction"":0.087886,""erased"":true,""height"":0.275259,""left"":0.200298,""top"":0.659906,""width"":0.319285}",0.00092499377,0.0011965028,0.00027150905,0.99907541,0.99880421,0.00045306879,0.00054129818,0.99862234,0.99826291,-0.00035943053,0.93518174,1.2770219,0.13552396,0.17306707,False,0.98749834,True,True,True,0.93518174,1.2770219,0.13552396,0.17306707,0.93234895,1.2812397,0.1314041,0.16836015,0.98381519,1.2088685,0.033161832,0.040088295,0.95502984,1.2849001,0.027539032,0.035384905,0.95452562,1.2934942,0.058109294,0.075164037,0.93011138,1.259696,0.06088063,0.076691087,0.91148719,1.2886547,0.062645371,0.08072825,0.93204862,1.2822642,0.074169094,0.095104374
experiment_0a_best,file,16,,2343,041.Scissor_tailed_Flycatcher/Scissor_Tailed_Flycatcher_0126_41905.jpg,41,40,041.Scissor_tailed_Flycatcher,111,110,identity,identity,0,{},0.047472838,0.047472838,0,0.95363635,0.95363635,0.013118254,0.013118254,0.94051809,0.94051809,0,1,1,8.5564339,8.5564339,False,1,True,True,True,1,1,8.5564339,8.5564339,1,1,8.4332829,8.4332829,1,1,1.446479,1.446479,1,1,1.8890944,1.8890944,1,1,3.3094041,3.3094041,1,1,4.4221932,4.4221932,1,1,4.4606462,4.4606462,1,1,4.1408054,4.1408054
experiment_0a_best,file,16,,2343,041.Scissor_tailed_Flycatcher/Scissor_Tailed_Flycatcher_0126_41905.jpg,41,40,041.Scissor_tailed_Flycatcher,111,110,horizontal_flip,horizontal_flip,0,"{""flipped"":true}",0.047472838,0.20545268,0.15797984,0.95363635,0.8142786,0.013118254,0.079549827,0.94051809,0.73472878,-0.20578932,0.52270226,4.4358455,8.5564339,37.955019,False,0.94917697,True,True,True,0.52270226,4.4358455,8.5564339,37.955019,0.51089388,4.4397934,8.4332829,37.442034,0.93744526,4.2994954,1.446479,6.2191297,0.53577069,4.1865947,1.8890944,7.9088726,0.44232378,5.3870114,3.3094041,17.827797,0.40480184,4.7750913,4.4221932,21.116376,0.5436824,4.0361465,4.4606462,18.003822,0.69677855,3.8297669,4.1408054,15.85832
experiment_0a_best,file,16,,2343,041.Scissor_tailed_Flycatcher/Scissor_Tailed_Flycatcher_0126_41905.jpg,41,40,041.Scissor_tailed_Flycatcher,111,110,color_jitter,color_jitter,0,"{""brightness"":1.366771,""contrast"":0.660324,""hue"":-0.052442,""saturation"":1.189437}",0.047472838,0.61566627,0.56819343,0.95363635,0.54028082,0.013118254,0.10935008,0.94051809,0.43093074,-0.50958735,0.55775513,12.039355,8.5564339,103.01394,False,0.85633689,True,True,True,0.55775513,12.039355,8.5564339,103.01394,0.55110778,12.090724,8.4332829,101.9645,0.83563602,10.139628,1.446479,14.666758,0.40007728,12.036521,1.8890944,22.738124,0.31748595,13.743074,3.3094041,45.481386,0.59597816,14.379883,4.4221932,63.590618,0.62880582,10.751056,4.4606462,47.956657,0.67336345,9.2515591,4.1408054,38.308906
experiment_0a_best,file,16,,2343,041.Scissor_tailed_Flycatcher/Scissor_Tailed_Flycatcher_0126_41905.jpg,41,40,041.Scissor_tailed_Flycatcher,111,110,rotation,rotation,0,"{""angle"":-8.672316}",0.047472838,0.033645771,-0.013827067,0.95363635,0.96691394,0.013118254,0.0021329655,0.94051809,0.96478097,0.024262879,0.61913668,0.70954805,8.5564339,6.071201,False,0.95845938,True,True,True,0.61913668,0.70954805,8.5564339,6.071201,0.61049569,0.70859345,8.4332829,5.975769,0.90052021,0.74126572,1.446479,1.0722253,0.67100909,0.74915786,1.8890944,1.4152299,0.39929193,0.81549834,3.3094041,2.6988135,0.57336901,0.70671251,4.4221932,3.1252192,0.65282724,0.64272935,4.4606462,2.8669882,0.75935206,0.70145884,4.1408054,2.9046046
experiment_0a_best,file,16,,2343,041.Scissor_tailed_Flycatcher/Scissor_Tailed_Flycatcher_0126_41905.jpg,41,40,041.Scissor_tailed_Flycatcher,111,110,random_resized_crop,random_resized_crop,0,"{""area_fraction"":0.8261,""aspect"":1.008059,""fallback"":false,""height"":0.90526,""left"":0.072082,""top"":0.002382,""width"":0.912555}",0.047472838,0.091931418,0.044458579,0.95363635,0.91216773,0.013118254,0.0084811961,0.94051809,0.90368653,-0.036831562,0.67919643,1.7889566,8.5564339,15.307089,False,0.96208763,True,True,True,0.67919643,1.7889566,8.5564339,15.307089,0.67178311,1.7909802,8.4332829,15.103842,0.9423342,1.7187553,1.446479,2.4861434,0.41840997,1.8601896,1.8890944,3.5140737,0.60455796,2.0053021,3.3094041,6.6363549,0.64675295,1.7520595,4.4221932,7.7479455,0.71589065,1.7400326,4.4606462,7.7616696,0.75974002,1.7324404,4.1408054,7.1736988
experiment_0a_best,file,16,,2343,041.Scissor_tailed_Flycatcher/Scissor_Tailed_Flycatcher_0126_41905.jpg,41,40,041.Scissor_tailed_Flycatcher,111,110,gaussian_blur,gaussian_blur,0,"{""sigma"":1.863019}",0.047472838,3.6208193,3.5733465,0.95363635,0.026760742,0.013118254,0.009149936,0.94051809,0.017610806,-0.92290729,0.40913114,20.440577,8.5564339,174.89844,False,0.7013166,False,True,False,0.40913114,20.440577,8.5564339,174.89844,0.40354334,20.520685,8.4332829,173.05674,0.63690891,17.50087,1.446479,25.314641,0.53412108,21.345928,1.8890944,40.324473,0.42614269,25.285023,3.3094041,83.67836,0.40216285,22.901585,4.4221932,101.27523,0.3639983,17.81817,4.4606462,79.48055,0.42443948,16.638333,4.1408054,68.896102
experiment_0a_best,file,16,,2343,041.Scissor_tailed_Flycatcher/Scissor_Tailed_Flycatcher_0126_41905.jpg,41,40,041.Scissor_tailed_Flycatcher,111,110,random_erasing,random_erasing,0,"{""area_fraction"":0.16325,""erased"":true,""height"":0.240357,""left"":0.065307,""top"":0.376423,""width"":0.679195}",0.047472838,4.1529369,4.1054641,0.95363635,0.015718183,0.013118254,0.10222447,0.94051809,-0.086506287,-1.0270244,0.39090654,17.124105,8.5564339,146.52128,False,0.7210722,False,True,False,0.39090654,17.124105,8.5564339,146.52128,0.38202403,17.095785,8.4332829,144.17359,0.67728113,18.060357,1.446479,26.123927,0.29680032,14.672249,1.8890944,27.717264,0.17715566,20.149504,3.3094041,66.682849,0.46985067,17.948923,4.4221932,79.373605,0.42071146,15.285671,4.4606462,68.183971,0.41551921,16.418289,4.1408054,67.984942
experiment_0a_best,file,16,,7633,131.Vesper_Sparrow/Vesper_Sparrow_0087_125712.jpg,131,130,131.Vesper_Sparrow,113,112,identity,identity,0,{},0.41815397,0.41815397,0,0.65826088,0.65826088,0.10448956,0.10448956,0.55377132,0.55377132,0,1,1,53.812578,53.812578,False,1,True,True,True,1,1,53.812578,53.812578,1,1,52.680923,52.680923,1,1,10.977881,10.977881,1,1,9.9477674,9.9477674,1,1,25.416755,25.416755,1,1,28.808669,28.808669,1,1,25.423273,25.423273,1,1,23.537797,23.537797
experiment_0a_best,file,16,,7633,131.Vesper_Sparrow/Vesper_Sparrow_0087_125712.jpg,131,130,131.Vesper_Sparrow,113,112,horizontal_flip,horizontal_flip,0,"{""flipped"":true}",0.41815397,1.1517303,0.73357633,0.65826088,0.31608936,0.10448956,0.40064028,0.55377132,-0.084550917,-0.63832224,0.57166115,2.0293474,53.812578,109.20441,False,0.97284043,False,True,False,0.57166115,2.0293474,53.812578,109.20441,0.556079,2.0291631,52.680923,106.89818,0.9297188,2.0335862,10.977881,22.324468,0.35027293,2.078264,9.9477674,20.674087,0.36151721,1.8000933,25.416755,45.752531,0.55796826,2.1247603,28.808669,61.211517,0.62744814,2.0524372,25.423273,52.179672,0.70813954,2.0972818,23.537797,49.365393
experiment_0a_best,file,16,,7633,131.Vesper_Sparrow/Vesper_Sparrow_0087_125712.jpg,131,130,131.Vesper_Sparrow,113,112,color_jitter,color_jitter,0,"{""brightness"":1.257137,""contrast"":0.751328,""hue"":-0.090114,""saturation"":0.863792}",0.41815397,0.15426478,-0.26388919,0.65826088,0.85704505,0.10448956,0.02989242,0.55377132,0.82715263,0.27338131,0.68696307,0.45642626,53.812578,24.561473,False,0.95097739,True,True,True,0.68696307,0.45642626,53.812578,24.561473,0.67666878,0.45723998,52.680923,24.087824,0.93551269,0.43726846,10.977881,4.8002812,0.56278495,0.49335042,9.9477674,4.9077352,0.50411446,0.44375453,25.416755,11.2788,0.66257973,0.47212802,28.808669,13.60138,0.76024992,0.43977472,25.423273,11.180512,0.8218609,0.46330841,23.537797,10.905259
experiment_0a_best,file,16,,7633,131.Vesper_Sparrow/Vesper_Sparrow_0087_125712.jpg,131,130,131.Vesper_Sparrow,113,112,rotation,rotation,0,"{""angle"":8.957027}",0.41815397,0.36245441,-0.055699557,0.65826088,0.69596601,0.10448956,0.21918578,0.55377132,0.47678022,-0.076991104,0.65523696,1.084478,53.812578,58.358556,False,0.96026587,True,True,True,0.65523696,1.084478,53.812578,58.358556,0.64575996,1.0860446,52.680923,57.21383,0.8818612,1.0477536,10.977881,11.502115,0.57721365,1.0145517,9.9477674,10.092525,0.61271094,0.9520383,25.416755,24.197724,0.58611101,1.1147336,28.808669,32.113991,0.68963052,1.1484692,25.423273,29.197846,0.73336024,1.1258174,23.537797,26.499261
experiment_0a_best,file,16,,7633,131.Vesper_Sparrow/Vesper_Sparrow_0087_125712.jpg,131,130,131.Vesper_Sparrow,113,112,random_resized_crop,random_resized_crop,0,"{""area_fraction"":0.769765,""aspect"":1.29484,""fallback"":false,""height"":0.77103,""left"":0.00035,""top"":0.228957,""width"":0.99836}",0.41815397,1.2745399,0.85638598,0.65826088,0.27955952,0.10448956,0.56225598,0.55377132,-0.28269646,-0.83646778,0.53717655,2.8460309,53.812578,153.15226,False,0.93304253,False,True,False,0.53717655,2.8460309,53.812578,153.15226,0.5240643,2.8477619,52.680923,150.02273,0.84369946,2.805872,10.977881,30.802529,0.4125088,3.7835944,9.9477674,37.638317,0.52633955,2.7469922,25.416755,69.819629,0.39431769,2.5549589,28.808669,73.604964,0.59916204,2.9779119,25.423273,75.708265,0.63510158,3.0238844,23.537797,71.175578
experiment_0a_best,file,16,,7633,131.Vesper_Sparrow/Vesper_Sparrow_0087_125712.jpg,131,130,131.Vesper_Sparrow,113,112,gaussian_blur,gaussian_blur,0,"{""sigma"":1.398425}",0.41815397,1.046598,0.62844399,0.65826088,0.35113025,0.10448956,0.065455094,0.55377132,0.28567515,-0.26809617,0.44584708,2.7375669,53.812578,147.31553,False,0.88673753,True,True,True,0.44584708,2.7375669,53.812578,147.31553,0.43602845,2.7655041,52.680923,145.68931,0.78404061,1.988426,10.977881,21.828704,0.35505643,3.8394728,9.9477674,38.194182,0.41736388,2.9114666,25.416755,74.000035,0.29721066,2.9995,28.808669,86.411604,0.54540666,2.4171712,25.423273,61.452404,0.6423837,2.3452298,23.537797,55.201542
experiment_0a_best,file,16,,7633,131.Vesper_Sparrow/Vesper_Sparrow_0087_125712.jpg,131,130,131.Vesper_Sparrow,113,112,random_erasing,random_erasing,0,"{""area_fraction"":0.099204,""erased"":true,""height"":0.423935,""left"":0.64068,""top"":0.408973,""width"":0.234008}",0.41815397,0.3086893,-0.10946468,0.65826088,0.73440892,0.10448956,0.093364976,0.55377132,0.64104394,0.087272614,0.74254546,0.78295846,53.812578,42.133013,False,0.94780052,True,True,True,0.74254546,0.78295846,53.812578,42.133013,0.7337282,0.78062048,52.680923,41.123807,0.93398334,0.83498981,10.977881,9.1664189,0.83174162,0.87310923,9.9477674,8.6854876,0.74155866,0.70097952,25.416755,17.816625,0.64681789,0.78341487,28.808669,22.56914,0.76012559,0.80047604,25.423273,20.35072,0.80776882,0.8224742,23.537797,19.359231
experiment_0a_best,file,16,,1571,028.Brown_Creeper/Brown_Creeper_0115_24488.jpg,28,27,028.Brown_Creeper,190,189,identity,identity,0,{},0.00054749759,0.00054749759,0,0.99945265,0.99945265,0.00027332778,0.00027332778,0.99917932,0.99917932,0,1,1,0.16091549,0.16091549,False,1,True,True,True,1,1,0.16091549,0.16091549,1,1,0.15947909,0.15947909,1,1,0.021452595,0.021452595,1,1,0.053330358,0.053330358,1,1,0.078531433,0.078531433,1,1,0.085339881,0.085339881,1,1,0.075299943,0.075299943,1,1,0.058900682,0.058900682
experiment_0a_best,file,16,,1571,028.Brown_Creeper/Brown_Creeper_0115_24488.jpg,28,27,028.Brown_Creeper,190,189,horizontal_flip,horizontal_flip,0,"{""flipped"":true}",0.00054749759,0.00011586471,-0.00043163288,0.99945265,0.99988413,0.00027332778,2.956816e-05,0.99917932,0.99985456,0.00067523764,0.62528822,0.18958964,0.16091549,0.030507909,False,0.94566905,True,True,True,0.62528822,0.18958964,0.16091549,0.030507909,0.61987219,0.18947363,0.15947909,0.030217082,0.91513439,0.19589397,0.021452595,0.0042024341,0.67410137,0.26297253,0.053330358,0.014024419,0.57038173,0.1812998,0.078531433,0.014237733,0.5976576,0.16807211,0.085339881,0.014343254,0.64473469,0.17630685,0.075299943,0.013275896,0.69406188,0.1948348,0.058900682,0.011475903
experiment_0a_best,file,16,,1571,028.Brown_Creeper/Brown_Creeper_0115_24488.jpg,28,27,028.Brown_Creeper,190,189,color_jitter,color_jitter,0,"{""brightness"":1.139623,""contrast"":1.074221,""hue"":-0.040775,""saturation"":0.713785}",0.00054749759,0.0024233281,0.0018758305,0.99945265,0.99757963,0.00027332778,0.0016564475,0.99917932,0.99592319,-0.0032561361,0.91012444,4.7250828,0.16091549,0.760339,False,0.97968727,True,True,True,0.91012444,4.7250828,0.16091549,0.760339,0.90923939,4.7298822,0.15947909,0.75431731,0.96373432,4.4518082,0.021452595,0.095502841,0.88371319,4.4957678,0.053330358,0.23976091,0.90932556,4.5969332,0.078531433,0.36100375,0.9184074,4.9158874,0.085339881,0.41952124,0.91995733,4.886105,0.075299943,0.36792343,0.89520518,4.486103,0.058900682,0.26423453
experiment_0a_best,file,16,,1571,028.Brown_Creeper/Brown_Creeper_0115_24488.jpg,28,27,028.Brown_Creeper,190,189,rotation,rotation,0,"{""angle"":-5.406787}",0.00054749759,0.00016127716,-0.00038622043,0.99945265,0.99983871,0.00027332778,7.4176837e-06,0.99917932,0.99983129,0.00065196938,0.68026553,0.21460412,0.16091549,0.034533127,False,0.96421903,True,True,True,0.68026553,0.21460412,0.16091549,0.034533127,0.67618018,0.21327829,0.15947909,0.034013427,0.87694885,0.27822053,0.021452595,0.0059685523,0.78946509,0.22928314,0.053330358,0.012227752,0.61438954,0.1785577,0.078531433,0.014022392,0.59110531,0.20725078,0.085339881,0.017686757,0.72842242,0.21594554,0.075299943,0.016260687,0.7692375,0.25945205,0.058900682,0.015281903
experiment_0a_best,file,16,,1571,028.Brown_Creeper/Brown_Creeper_0115_24488.jpg,28,27,028.Brown_Creeper,190,189,random_resized_crop,random_resized_crop,0,"{""area_fraction"":0.803103,""aspect"":0.892917,""fallback"":false,""height"":0.948375,""left"":0.037124,""top"":0.030382,""width"":0.84682}",0.00054749759,0.00028510796,-0.00026238963,0.99945265,0.99971491,0.00027332778,0.00010183635,0.99917932,0.99961307,0.00043375186,0.8721271,0.53036586,0.16091549,0.085344081,False,0.98039198,True,True,True,0.8721271,0.53036586,0.16091549,0.085344081,0.87049514,0.53094647,0.15947909,0.08467486,0.97028041,0.4972258,0.021452595,0.010666784,0.88881907,0.58401255,0.053330358,0.031145598,0.85585815,0.53397046,0.078531433,0.041933465,0.86990723,0.54146548,0.085339881,0.0462086,0.87371099,0.49996216,0.075299943,0.037647122,0.88441791,0.50616072,0.058900682,0.029813211
experiment_0a_best,file,16,,1571,028.Brown_Creeper/Brown_Creeper_0115_24488.jpg,28,27,028.Brown_Creeper,190,189,gaussian_blur,gaussian_blur,0,"{""sigma"":1.127073}",0.00054749759,0.0014871025,0.00093960488,0.99945265,0.998514,0.00027332778,0.00017889337,0.99917932,0.9983351,-0.00084421954,0.71616932,2.0948829,0.16091549,0.33709911,False,0.95715761,True,True,True,0.71616932,2.0948829,0.16091549,0.33709911,0.71270715,2.0921602,0.15947909,0.33365581,0.89650303,2.2402127,0.021452595,0.048058376,0.81422149,2.0270477,0.053330358,0.10810318,0.6902664,1.8847934,0.078531433,0.14801553,0.64639685,2.036563,0.085339881,0.17380004,0.72989855,2.229336,0.075299943,0.16786888,0.78031569,2.3613635,0.058900682,0.13908592
experiment_0a_best,file,16,,1571,028.Brown_Creeper/Brown_Creeper_0115_24488.jpg,28,27,028.Brown_Creeper,190,189,random_erasing,random_erasing,0,"{""area_fraction"":0.085964,""erased"":true,""height"":0.390063,""left"":0.190669,""top"":0.060781,""width"":0.220385}",0.00054749759,0.029400317,0.028852819,0.99945265,0.97102767,0.00027332778,0.0021015191,0.99917932,0.96892615,-0.03025317,0.5755022,43.13378,0.16091549,6.9408933,False,0.92774379,True,True,True,0.5755022,43.13378,0.16091549,6.9408933,0.5711203,43.053448,0.15947909,6.8661248,0.79820533,47.361938,0.021452595,1.0160365,0.64737301,49.133474,0.053330358,2.6203057,0.47302381,42.498453,0.078531433,3.3374645,0.47428067,40.914928,0.085339881,3.4916751,0.6843718,41.595017,0.075299943,3.1321024,0.68763386,45.356728,0.058900682,2.6715422
experiment_0a_best,file,16,,1952,035.Purple_Finch/Purple_Finch_0102_27308.jpg,35,34,035.Purple_Finch,56,55,identity,identity,0,{},0.014855242,0.014855242,0,0.98525453,0.98525453,0.004175311,0.004175311,0.98107922,0.98107922,0,1,1,2.466757,2.466757,False,0.99999988,True,True,True,1,1,2.466757,2.466757,1,1,2.4280958,2.4280958,1,1,0.43501852,0.43501852,1,1,0.46077221,0.46077221,1,1,0.88940831,0.88940831,1,1,1.2782416,1.2782416,1,1,1.2234247,1.2234247,1,1,1.3272609,1.3272609
experiment_0a_best,file,16,,1952,035.Purple_Finch/Purple_Finch_0102_27308.jpg,35,34,035.Purple_Finch,56,55,horizontal_flip,horizontal_flip,0,"{""flipped"":true}",0.014855242,0.007866947,-0.0069882954,0.98525453,0.9921639,0.004175311,0.00065245153,0.98107922,0.99151145,0.01043223,0.56286709,0.62403289,2.466757,1.5393375,False,0.96630007,True,True,True,0.56286709,0.62403289,2.466757,1.5393375,0.55205925,0.62389459,2.4280958,1.5148758,0.89721502,0.62832639,0.43501852,0.27333361,0.65366144,0.65886839,0.46077221,0.30358825,0.44864341,0.68827187,0.88940831,0.61215472,0.46786663,0.66545732,1.2782416,0.8506152,0.52141217,0.61310386,1.2234247,0.75008638,0.72443128,0.55456526,1.3272609,0.73605281
experiment_0a_best,file,16,,1952,035.Purple_Finch/Purple_Finch_0102_27308.jpg,35,34,035.Purple_Finch,56,55,color_jitter,color_jitter,0,"{""brightness"":0.866055,""contrast"":1.069572,""hue"":0.030272,""saturation"":1.320952}",0.014855242,0.089064106,0.074208864,0.98525453,0.91478693,0.004175311,0.018923856,0.98107922,0.89586308,-0.085216137,0.77979827,6.2485724,2.466757,15.41371,False,0.95482898,True,True,True,0.77979827,6.2485724,2.466757,15.41371,0.77506442,6.2623946,2.4280958,15.205694,0.94120827,5.8014818,0.43501852,2.523752,0.62641211,7.3316945,0.46077221,3.3782411,0.66008396,7.0421806,0.88940831,6.263374,0.75682847,6.2491191,1.2782416,7.9878838,0.80056169,6.1704079,1.2234247,7.5490292,0.86170202,5.8251808,1.3272609,7.731535
experiment_0a_best,file,16,,1952,035.Purple_Finch/Purple_Finch_0102_27308.jpg,35,34,035.Purple_Finch,56,55,rotation,rotation,0,"{""angle"":9.007274}",0.014855242,0.017476961,0.0026217187,0.98525453,0.9826749,0.004175311,0.0019788789,0.98107922,0.98069602,-0.00038319733,0.7137519,1.2673284,2.466757,3.1261913,False,0.97950947,True,True,True,0.7137519,1.2673284,2.466757,3.1261913,0.70614222,1.2665328,2.4280958,3.0752629,0.94631107,1.2918697,0.43501852,0.56198725,0.69132948,1.4587649,0.46077221,0.67215831,0.61056762,1.4062158,0.88940831,1.2507001,0.65968,1.3231023,1.2782416,1.6912443,0.70121939,1.2264025,1.2234247,1.5004111,0.82247676,1.1499776,1.3272609,1.5263203
experiment_0a_best,file,16,,1952,035.Purple_Finch/Purple_Finch_0102_27308.jpg,35,34,035.Purple_Finch,56,55,random_resized_crop,random_resized_crop,0,"{""area_fraction"":0.752133,""aspect"":1.048595,""fallback"":false,""height"":0.846922,""left"":0.045021,""top"":0.042651,""width"":0.888078}",0.014855242,0.027260605,0.012405363,0.98525453,0.97310764,0.004175311,0.0035327561,0.98107922,0.96957488,-0.011504335,0.70079239,2.0846908,2.466757,5.1424257,False,0.9700917,True,True,True,0.70079239,2.0846908,2.466757,5.1424257,0.69503033,2.0968351,2.4280958,5.0913166,0.94569065,1.6624886,0.43501852,0.72321335,0.47290244,3.5666002,0.46077221,1.6433903,0.5066084,2.3880034,0.88940831,2.1239101,0.71467034,2.1176684,1.2782416,2.7068917,0.72556314,1.8566542,1.2234247,2.2714765,0.84201953,1.879492,1.3272609,2.4945763
experiment_0a_best,file,16,,1952,035.Purple_Finch/Purple_Finch_0102_27308.jpg,35,34,035.Purple_Finch,56,55,gaussian_blur,gaussian_blur,0,"{""sigma"":1.697301}",0.014855242,0.68240064,0.6675454,0.98525453,0.50540227,0.004175311,0.045956817,0.98107922,0.45944545,-0.52163376,0.40428182,39.988823,2.466757,98.64271,False,0.87704229,True,True,True,0.40428182,39.988823,2.466757,98.64271,0.39381224,40.251962,2.4280958,97.73562,0.84683802,30.680627,0.43501852,13.346641,-0.024730081,58.188987,0.46077221,26.811868,0.1928854,56.475303,0.88940831,50.229604,0.33159896,41.932495,1.2782416,53.599858,0.53401069,35.688695,1.2234247,43.662429,0.65276023,29.48035,1.3272609,39.128117
experiment_0a_best,file,16,,1952,035.Purple_Finch/Purple_Finch_0102_27308.jpg,35,34,035.Purple_Finch,56,55,random_erasing,random_erasing,0,"{""area_fraction"":0.08279,""erased"":true,""height"":0.308609,""left"":0.217451,""top"":0.647314,""width"":0.268267}",0.014855242,0.022401264,0.0075460216,0.98525453,0.97784775,0.004175311,0.0042906101,0.98107922,0.97355714,-0.0075220703,0.95219971,1.5327134,2.466757,3.7808316,False,0.99282014,True,True,True,0.95219971,1.5327134,2.466757,3.7808316,0.95110961,1.5345972,2.4280958,3.726149,0.98836526,1.4728195,0.43501852,0.64070378,0.96194837,1.5398951,0.46077221,0.70954089,0.93813126,1.5451312,0.88940831,1.3742525,0.95212968,1.4921993,1.2782416,1.9073912,0.95133614,1.5548779,1.2234247,1.9022759,0.95498088,1.5505634,1.3272609,2.0580022
experiment_0a_best,file,16,,8012,137.Cliff_Swallow/Cliff_Swallow_0071_133742.jpg,137,136,137.Cliff_Swallow,135,134,identity,identity,0,{},0.013773164,0.013773164,0,0.98632127,0.98632127,0.012421346,0.012421346,0.97389992,0.97389992,0,1,1,2.6300689,2.6300689,False,1,True,True,True,1,1,2.6300689,2.6300689,1,1,2.5482217,2.5482217,1,1,0.65102093,0.65102093,1,1,0.59980378,0.59980378,1,1,1.0498542,1.0498542,1,1,1.3252166,1.3252166,1,1,1.2332489,1.2332489,1,1,1.3245277,1.3245277
experiment_0a_best,file,16,,8012,137.Cliff_Swallow/Cliff_Swallow_0071_133742.jpg,137,136,137.Cliff_Swallow,135,134,horizontal_flip,horizontal_flip,0,"{""flipped"":true}",0.013773164,0.015279975,0.001506811,0.98632127,0.98483616,0.012421346,0.010942269,0.97389992,0.97389389,-6.0321763e-06,0.64645343,0.93530947,2.6300689,2.4599283,False,0.97474182,True,True,True,0.64645343,0.93530947,2.6300689,2.4599283,0.62691448,0.93836819,2.5482217,2.3911702,0.96405818,0.88712963,0.65102093,0.57753996,0.79041852,1.0732974,0.59980378,0.64376785,0.49056327,0.93757825,1.0498542,0.98432044,0.58074181,0.93832763,1.3252166,1.2434874,0.60769903,0.89520604,1.2332489,1.1040119,0.73731814,0.94577434,1.3245277,1.2527043
experiment_0a_best,file,16,,8012,137.Cliff_Swallow/Cliff_Swallow_0071_133742.jpg,137,136,137.Cliff_Swallow,135,134,color_jitter,color_jitter,0,"{""brightness"":0.96928,""contrast"":0.645052,""hue"":-0.032565,""saturation"":0.921266}",0.013773164,0.021099862,0.0073266979,0.98632127,0.97912121,0.012421346,0.020061007,0.97389992,0.9590602,-0.014839723,0.77227683,1.9874609,2.6300689,5.2271591,False,0.9310168,True,True,True,0.77227683,1.9874609,2.6300689,5.2271591,0.76427605,2.0060091,2.5482217,5.1117559,0.93054184,1.6778435,0.65102093,1.0923113,0.88719655,1.925351,0.59980378,1.1548328,0.70036016,2.073056,1.0498542,2.1764065,0.76722183,2.1986208,1.3252166,2.9136489,0.75367722,2.0064119,1.2332489,2.4744054,0.80165064,1.76215,1.3245277,2.3340165
experiment_0a_best,file,16,,8012,137.Cliff_Swallow/Cliff_Swallow_0071_133742.jpg,137,136,137.Cliff_Swallow,135,134,rotation,rotation,0,"{""angle"":-10.633153}",0.013773164,0.0069070389,-0.0068661249,0.98632127,0.99311674,0.012421346,0.0022332994,0.97389992,0.99088344,0.016983513,0.54427335,0.38946215,2.6300689,1.0243123,False,0.954651,True,True,True,0.54427335,0.38946215,2.6300689,1.0243123,0.52673456,0.38986991,2.5482217,0.99347498,0.81776578,0.3831606,0.65102093,0.24944557,0.71672164,0.41690367,0.59980378,0.2500604,0.39289669,0.42695742,1.0498542,0.44824303,0.50667689,0.36993904,1.3252166,0.49024938,0.51215534,0.3834936,1.2332489,0.47294308,0.6123495,0.38461404,1.3245277,0.50943195
experiment_0a_best,file,16,,8012,137.Cliff_Swallow/Cliff_Swallow_0071_133742.jpg,137,136,137.Cliff_Swallow,135,134,random_resized_crop,random_resized_crop,0,"{""area_fraction"":0.581357,""aspect"":1.047966,""fallback"":false,""height"":0.744814,""left"":0.081942,""top"":0.126413,""width"":0.78054}",0.013773164,0.037982654,0.02420949,0.98632127,0.96272963,0.012421346,0.031965174,0.97389992,0.93076446,-0.043135465,0.72307826,2.995051,2.6300689,7.8771903,False,0.9522295,True,True,True,0.72307826,2.995051,2.6300689,7.8771903,0.71044146,3.0173711,2.5482217,7.6889306,0.95172828,2.6295046,0.65102093,1.7118625,0.73673009,2.7994354,0.59980378,1.6791119,0.58816331,3.3493512,1.0498542,3.5163304,0.74564757,3.1431712,1.3252166,4.1653828,0.70840712,2.8831001,1.2332489,3.5555802,0.76512134,2.8191523,1.3245277,3.7340453
experiment_0a_best,file,16,,8012,137.Cliff_Swallow/Cliff_Swallow_0071_133742.jpg,137,136,137.Cliff_Swallow,135,134,gaussian_blur,gaussian_blur,0,"{""sigma"":1.965295}",0.013773164,0.21500322,0.20123006,0.98632127,0.80653882,0.012421346,0.01664887,0.97389992,0.78988995,-0.18400997,0.23469656,12.671413,2.6300689,33.326689,False,0.76486146,True,True,True,0.23469656,12.671413,2.6300689,33.326689,0.21908851,12.872601,2.5482217,32.802242,0.58907714,9.0458957,0.65102093,5.8890674,0.36554032,13.488553,0.59980378,8.0904849,0.10810738,14.058,1.0498542,14.75885,0.11430192,13.14342,1.3252166,17.417879,0.24315082,13.066981,1.2332489,16.11484,0.36835327,11.44089,1.3245277,15.153775
experiment_0a_best,file,16,,8012,137.Cliff_Swallow/Cliff_Swallow_0071_133742.jpg,137,136,137.Cliff_Swallow,135,134,random_erasing,random_erasing,0,"{""area_fraction"":0.156079,""erased"":true,""height"":0.408008,""left"":0.377841,""top"":0.121837,""width"":0.38254}",0.013773164,0.017358288,0.0035851244,0.98632127,0.98279148,0.012421346,0.014500731,0.97389992,0.96829075,-0.0056091715,0.83590168,1.0946167,2.6300689,2.8789174,False,0.97266108,True,True,True,0.83590168,1.0946167,2.6300689,2.8789174,0.82654863,1.0894825,2.5482217,2.7762431,0.9712928,1.170465,0.65102093,0.76199723,0.83704772,1.1628116,0.59980378,0.69745878,0.79310269,1.14574,1.0498542,1.2028599,0.82315596,1.0702241,1.3252166,1.4182787,0.80805386,1.0280123,1.2332489,1.2677951,0.86658843,1.1084127,1.3245277,1.4681233
experiment_0a_best,file,16,,11532,196.House_Wren/House_Wren_0094_187226.jpg,196,195,196.House_Wren,153,152,identity,identity,0,{},0.10542579,0.10542579,0,0.89994127,0.89994127,0.061823759,0.061823759,0.83811751,0.83811751,0,1,1,23.744307,23.744307,False,0.99999988,True,True,True,1,1,23.744307,23.744307,1,1,23.472263,23.472263,1,1,3.5839852,3.5839852,1,1,4.7647698,4.7647698,1,1,13.805584,13.805584,1,1,11.95571,11.95571,1,1,10.302426,10.302426,1,1,9.4112162,9.4112162
experiment_0a_best,file,16,,11532,196.House_Wren/House_Wren_0094_187226.jpg,196,195,196.House_Wren,153,152,horizontal_flip,horizontal_flip,0,"{""flipped"":true}",0.10542579,0.19145018,0.086024389,0.89994127,0.82576078,0.061823759,0.071175247,0.83811751,0.75458553,-0.083531972,0.71395689,1.7904099,23.744307,42.512042,False,0.95322442,True,True,True,0.71395689,1.7904099,23.744307,42.512042,0.70946332,1.7943358,23.472263,42.117122,0.93232612,1.6130533,3.5839852,5.781159,0.74042038,1.9130882,4.7647698,9.1154248,0.7780907,1.8667608,13.805584,25.771723,0.65016651,1.8299042,11.95571,21.877804,0.64842936,1.7281117,10.302426,17.803743,0.72271965,1.6148413,9.4112162,15.197621
experiment_0a_best,file,16,,11532,196.House_Wren/House_Wren_0094_187226.jpg,196,195,196.House_Wren,153,152,color_jitter,color_jitter,0,"{""brightness"":1.120859,""contrast"":1.107965,""hue"":0.046098,""saturation"":1.387175}",0.10542579,0.92988014,0.82445435,0.89994127,0.39460099,0.061823759,0.084161803,0.83811751,0.31043918,-0.52767832,0.73268217,4.5184109,23.744307,107.28653,False,0.89605391,True,True,True,0.73268217,4.5184109,23.744307,107.28653,0.73126099,4.5053565,23.472263,105.75091,0.79170201,5.0466563,3.5839852,18.087141,0.80248741,5.3012704,4.7647698,25.259333,0.82469882,4.5214387,13.805584,62.4211,0.69104781,4.7585775,11.95571,56.892173,0.66042049,4.1965527,10.302426,43.234674,0.65914222,4.1736802,9.4112162,39.279407
experiment_0a_best,file,16,,11532,196.House_Wren/House_Wren_0094_187226.jpg,196,195,196.House_Wren,153,152,rotation,rotation,0,"{""angle"":5.384722}",0.10542579,0.29158521,0.18615942,0.89994127,0.74707836,0.061823759,0.12825017,0.83811751,0.61882819,-0.21928931,0.84764727,2.208245,23.744307,52.433247,False,0.97040975,True,True,True,0.84764727,2.208245,23.744307,52.433247,0.84481096,2.206253,23.472263,51.785753,0.96535086,2.2920567,3.5839852,8.2146971,0.85939064,2.597874,4.7647698,12.378272,0.86754299,2.2383629,13.805584,30.901907,0.80805719,2.1303968,11.95571,25.470407,0.83767676,2.1916117,10.302426,22.578917,0.86144389,2.1647743,9.4112162,20.373159
experiment_0a_best,file,16,,11532,196.House_Wren/House_Wren_0094_187226.jpg,196,195,196.House_Wren,153,152,random_resized_crop,random_resized_crop,0,"{""area_fraction"":0.542038,""aspect"":0.79764,""fallback"":false,""height"":0.824349,""left"":0.309499,""top"":0.028237,""width"":0.657534}",0.10542579,1.5221143,1.4166885,0.89994127,0.21824996,0.061823759,0.23202465,0.83811751,-0.013774693,-0.8518922,0.71872771,8.6830076,23.744307,206.17199,False,0.86559314,False,True,False,0.71872771,8.6830076,23.744307,206.17199,0.71724654,8.7169705,23.472263,204.60703,0.81243639,7.0744125,3.5839852,25.35459,0.59581307,9.1756477,4.7647698,43.719849,0.84247011,9.6880743,13.805584,133.74952,0.61979187,8.3556679,11.95571,99.897943,0.66718324,8.0231382,10.302426,82.657788,0.66934108,7.7002886,9.4112162,72.469081
experiment_0a_best,file,16,,11532,196.House_Wren/House_Wren_0094_187226.jpg,196,195,196.House_Wren,153,152,gaussian_blur,gaussian_blur,0,"{""sigma"":1.011053}",0.10542579,0.44892141,0.34349562,0.89994127,0.63831627,0.061823759,0.18447676,0.83811751,0.45383951,-0.384278,0.72274647,3.6330106,23.744307,86.263318,False,0.95305932,True,True,True,0.72274647,3.6330106,23.744307,86.263318,0.71832837,3.6433374,23.472263,85.517375,0.9485775,3.1584483,3.5839852,11.319832,0.58036608,4.1572783,4.7647698,19.808474,0.77286876,3.6541547,13.805584,50.447739,0.60064548,3.7701832,11.95571,45.075217,0.7531507,3.5788877,10.302426,36.871225,0.80950915,3.3341578,9.4112162,31.37848
experiment_0a_best,file,16,,11532,196.House_Wren/House_Wren_0094_187226.jpg,196,195,196.House_Wren,153,152,random_erasing,random_erasing,0,"{""area_fraction"":0.072753,""erased"":true,""height"":0.201771,""left"":0.263365,""top"":0.560498,""width"":0.360573}",0.10542579,0.24613579,0.14071,0.89994127,0.78181607,0.061823759,0.10842613,0.83811751,0.67338993,-0.16472757,0.80262838,2.1478735,23.744307,50.999767,False,0.95024705,True,True,True,0.80262838,2.1478735,23.744307,50.999767,0.79967048,2.1510998,23.472263,50.491182,0.94072522,2.0046066,3.5839852,7.1844805,0.79673125,2.0495995,4.7647698,9.76587,0.842336,2.0824692,13.805584,28.749702,0.77263111,2.2511886,11.95571,26.914558,0.76406477,2.1410581,10.302426,22.058093,0.80216067,2.168483,9.4112162,20.408062
experiment_0a_best,file,16,,8107,139.Scarlet_Tanager/Scarlet_Tanager_0093_138250.jpg,139,138,139.Scarlet_Tanager,140,139,identity,identity,0,{},0.60773122,0.60773122,0,0.54458505,0.54458505,0.45166159,0.45166159,0.092923462,0.092923462,0,1,1,119.33722,119.33722,False,0.99999982,True,True,True,1,1,119.33722,119.33722,1,1,117.41599,117.41599,1,1,21.327365,21.327365,1,1,25.302367,25.302367,1,1,47.908585,47.908585,1,1,60.904379,60.904379,1,1,63.839813,63.839813,1,1,55.373355,55.373355
experiment_0a_best,file,16,,8107,139.Scarlet_Tanager/Scarlet_Tanager_0093_138250.jpg,139,138,139.Scarlet_Tanager,140,139,horizontal_flip,horizontal_flip,0,"{""flipped"":true}",0.60773122,0.59059417,-0.017137051,0.54458505,0.55399799,0.45166159,0.44120899,0.092923462,0.11278901,0.019865543,0.73223863,0.97339526,119.33722,116.16228,False,0.98332417,True,True,True,0.73223863,0.97339526,119.33722,116.16228,0.72446033,0.97510885,117.41599,114.49338,0.98333752,0.91994376,21.327365,19.619977,0.78844825,1.1218118,25.302367,28.384495,0.67457132,1.0045556,47.908585,48.126838,0.69860132,0.99709699,60.904379,60.727573,0.69324529,0.9515848,63.839813,60.748996,0.82922943,0.92236207,55.373355,51.074282
experiment_0a_best,file,16,,8107,139.Scarlet_Tanager/Scarlet_Tanager_0093_138250.jpg,139,138,139.Scarlet_Tanager,140,139,color_jitter,color_jitter,0,"{""brightness"":0.771931,""contrast"":1.218561,""hue"":0.039807,""saturation"":0.826987}",0.60773122,2.7932885,2.1855572,0.54458505,0.061219566,0.45166159,0.36876824,0.092923462,-0.30754868,-0.40047214,0.63004177,1.3543658,119.33722,161.62625,False,0.86080682,False,True,False,0.63004177,1.3543658,119.33722,161.62625,0.62686221,1.3495334,117.41599,158.45681,0.72024921,1.4934322,21.327365,31.850975,0.65563464,2.0549853,25.302367,51.995992,0.58900008,1.4085993,47.908585,67.483998,0.67867314,1.2868215,60.904379,78.373064,0.63734753,1.2205284,63.839813,77.918306,0.59802776,1.3559207,55.373355,75.081879
experiment_0a_best,file,16,,8107,139.Scarlet_Tanager/Scarlet_Tanager_0093_138250.jpg,139,138,139.Scarlet_Tanager,140,139,rotation,rotation,0,"{""angle"":2.324345}",0.60773122,1.6309831,1.0232519,0.54458505,0.19573703,0.45166159,0.80209023,0.092923462,-0.60635319,-0.69927666,0.88997466,1.6819454,119.33722,200.71869,False,0.98995113,False,True,False,0.88997466,1.6819454,119.33722,200.71869,0.88653797,1.6789324,117.41599,197.13352,0.98995493,1.7708372,21.327365,37.767291,0.84322411,1.778415,25.302367,44.99811,0.83353714,1.6963502,47.908585,81.269736,0.87390367,1.6879577,60.904379,102.80401,0.90156019,1.6446118,63.839813,104.99171,0.93264119,1.6786437,55.373355,92.952132
experiment_0a_best,file,16,,8107,139.Scarlet_Tanager/Scarlet_Tanager_0093_138250.jpg,139,138,139.Scarlet_Tanager,140,139,random_resized_crop,random_resized_crop,0,"{""area_fraction"":0.817806,""aspect"":1.114599,""fallback"":false,""height"":0.856576,""left"":0.002466,""top"":0.039059,""width"":0.954739}",0.60773122,1.9285513,1.3208201,0.54458505,0.14535862,0.45166159,0.85365671,0.092923462,-0.70829809,-0.80122155,0.80978511,1.831111,119.33722,218.51969,False,0.97822785,False,True,False,0.80978511,1.831111,119.33722,218.51969,0.80408414,1.8294812,117.41599,214.81035,0.97823919,1.8798386,21.327365,40.092005,0.70980788,2.2227659,25.302367,56.241238,0.7184705,1.9507241,47.908585,93.45643,0.80541826,1.7823187,60.904379,108.55101,0.81789504,1.7490306,63.839813,111.65779,0.8848969,1.8055184,55.373355,99.97761
experiment_0a_best,file,16,,8107,139.Scarlet_Tanager/Scarlet_Tanager_0093_138250.jpg,139,138,139.Scarlet_Tanager,140,139,gaussian_blur,gaussian_blur,0,"{""sigma"":1.718738}",0.60773122,2.6877899,2.0800587,0.54458505,0.068031125,0.45166159,0.88236243,0.092923462,-0.8143313,-0.90725476,0.67978942,1.4427371,119.33722,172.17223,False,0.93210834,False,True,False,0.67978942,1.4427371,119.33722,172.17223,0.67067481,1.4372957,117.41599,168.7615,0.93185268,1.5989019,21.327365,34.100366,0.51540526,1.702938,25.302367,43.088361,0.58623527,1.5101755,47.908585,72.350372,0.69085996,1.4828581,60.904379,90.312552,0.68203723,1.3348293,63.839813,85.215255,0.74441757,1.3955079,55.373355,77.273952
experiment_0a_best,file,16,,8107,139.Scarlet_Tanager/Scarlet_Tanager_0093_138250.jpg,139,138,139.Scarlet_Tanager,140,139,random_erasing,random_erasing,0,"{""area_fraction"":0.113187,""erased"":true,""height"":0.217694,""left"":0.143781,""top"":0.194961,""width"":0.519936}",0.60773122,0.14658494,-0.46114628,0.54458505,0.86365235,0.45166159,0.032093994,0.092923462,0.83155835,0.73863489,0.47521454,0.2540126,119.33722,30.313158,False,0.90779793,True,True,True,0.47521454,0.2540126,119.33722,30.313158,0.4681512,0.25395533,117.41599,29.818418,0.68781689,0.25574244,21.327365,5.4543124,0.21876429,0.32354106,25.302367,8.1863547,0.35977243,0.25619916,47.908585,12.274139,0.51216994,0.23860162,60.904379,14.531884,0.49153242,0.23777252,63.839813,15.179353,0.5390725,0.27380952,55.373355,15.161752
experiment_0a_best,file,16,,7871,135.Bank_Swallow/Bank_Swallow_0068_129806.jpg,135,134,135.Bank_Swallow,137,136,identity,identity,0,{},3.8969123,3.8969123,0,0.020304509,0.020304509,0.91388947,0.91388947,-0.89358496,-0.89358496,0,1,1,177.83536,177.83536,False,1,True,False,False,1,1,177.83536,177.83536,1,1,172.95234,172.95234,1,1,41.387235,41.387235,1,1,44.563085,44.563085,1,1,75.957932,75.957932,1,1,87.659368,87.659368,1,1,81.445693,81.445693,1,1,88.54078,88.54078
experiment_0a_best,file,16,,7871,135.Bank_Swallow/Bank_Swallow_0068_129806.jpg,135,134,135.Bank_Swallow,137,136,horizontal_flip,horizontal_flip,0,"{""flipped"":true}",3.8969123,3.1598756,-0.73703671,0.020304509,0.042431023,0.91388947,0.82192874,-0.89358496,-0.77949772,0.11408724,0.5708027,0.88820841,177.83536,157.95486,False,0.95592433,True,False,False,0.5708027,0.88820841,177.83536,157.95486,0.54749846,0.88510925,172.95234,153.08171,0.95472048,0.94068453,41.387235,38.932331,0.74462084,0.8284492,44.563085,36.918252,0.44315257,1.0278086,75.957932,78.070216,0.45272435,0.88032845,87.659368,77.169036,0.56077228,0.84877262,81.445693,69.128874,0.68990571,0.81773927,88.54078,72.403274
experiment_0a_best,file,16,,7871,135.Bank_Swallow/Bank_Swallow_0068_129806.jpg,135,134,135.Bank_Swallow,137,136,color_jitter,color_jitter,0,"{""brightness"":0.890841,""contrast"":1.277662,""hue"":-0.059988,""saturation"":1.209037}",3.8969123,5.6603141,1.7634017,0.020304509,0.0034814235,0.91388947,0.82836097,-0.89358496,-0.82487955,0.068705408,0.69253451,0.73511273,177.83536,130.72904,False,0.88611817,True,False,False,0.69253451,0.73511273,177.83536,130.72904,0.6800664,0.72361955,172.95234,125.15169,0.88262396,0.91277979,41.387235,37.777431,0.77557435,0.73548169,44.563085,32.775333,0.62508055,0.73052388,75.957932,55.489083,0.65212828,0.65979157,87.659368,57.836912,0.69244855,0.70883521,81.445693,57.731575,0.71341516,0.78506217,88.54078,69.510017
experiment_0a_best,file,16,,7871,135.Bank_Swallow/Bank_Swallow_0068_129806.jpg,135,134,135.Bank_Swallow,137,136,rotation,rotation,0,"{""angle"":3.737606}",3.8969123,2.9644055,-0.9325068,0.020304509,0.051591132,0.91388947,0.75295937,-0.89358496,-0.70136824,0.19221672,0.7972089,0.80728902,177.83536,143.56453,False,0.95893419,True,False,False,0.7972089,0.80728902,177.83536,143.56453,0.78738535,0.80118677,172.95234,138.56713,0.9544942,0.90726013,41.387235,37.548988,0.8761677,0.72886226,44.563085,32.480351,0.74532709,0.75296178,75.957932,57.193419,0.75677014,0.76749001,87.659368,67.277689,0.78606893,0.82669846,81.445693,67.331028,0.8279653,0.86125697,88.54078,76.256365
experiment_0a_best,file,16,,7871,135.Bank_Swallow/Bank_Swallow_0068_129806.jpg,135,134,135.Bank_Swallow,137,136,random_resized_crop,random_resized_crop,0,"{""area_fraction"":0.799226,""aspect"":1.107606,""fallback"":false,""height"":0.849459,""left"":0.026875,""top"":0.124362,""width"":0.940865}",3.8969123,4.0597191,0.16280675,0.020304509,0.017253865,0.91388947,0.89496821,-0.89358496,-0.87771435,0.015870612,0.78788115,1.0494977,177.83536,186.6378,False,0.97312796,True,False,False,0.78788115,1.0494977,177.83536,186.6378,0.77703833,1.0480884,172.95234,181.26934,0.97291308,1.0738104,41.387235,44.442045,0.87997063,1.0297809,44.563085,45.890213,0.77207036,1.0592481,75.957932,80.458294,0.73873866,1.0254225,87.659368,89.887891,0.75077282,1.1087322,81.445693,90.301463,0.81851823,1.01302,88.54078,89.693578
experiment_0a_best,file,16,,7871,135.Bank_Swallow/Bank_Swallow_0068_129806.jpg,135,134,135.Bank_Swallow,137,136,gaussian_blur,gaussian_blur,0,"{""sigma"":1.930959}",3.8969123,4.5622811,0.6653688,0.020304509,0.01043822,0.91388947,0.78672957,-0.89358496,-0.77629135,0.1172936,0.44401206,0.92822999,177.83536,165.07211,False,0.86356497,True,False,False,0.44401206,0.92822999,177.83536,165.07211,0.4230776,0.9337505,172.95234,161.49433,0.86051871,0.82589763,41.387235,34.181619,0.14867847,1.1971622,44.563085,53.349239,0.34776727,0.95762681,75.957932,72.739352,0.44016042,0.98191509,87.659368,86.074057,0.46035684,0.94815239,81.445693,77.222928,0.55551812,0.76360536,88.54078,67.610215
experiment_0a_best,file,16,,7871,135.Bank_Swallow/Bank_Swallow_0068_129806.jpg,135,134,135.Bank_Swallow,137,136,random_erasing,random_erasing,0,"{""area_fraction"":0.0939,""erased"":true,""height"":0.318172,""left"":0.425118,""top"":0.362283,""width"":0.295123}",3.8969123,3.3094411,-0.58747125,0.020304509,0.036536586,0.91388947,0.071254164,-0.89358496,-0.034717578,0.85886738,0.27792037,0.7850481,177.83536,139.60931,False,0.82024491,False,False,False,0.27792037,0.7850481,177.83536,139.60931,0.26182573,0.785625,172.95234,135.87568,0.5628952,0.77490445,41.387235,32.071152,0.17752664,0.55306289,44.563085,24.646188,0.29683589,0.80619505,75.957932,61.236909,0.13957199,0.77106049,87.659368,67.590675,0.24343773,0.78027406,81.445693,63.549961,0.37932386,0.83742818,88.54078,74.146545
experiment_0a_best,file,16,,1027,019.Gray_Catbird/Gray_Catbird_0063_20707.jpg,19,18,019.Gray_Catbird,155,154,identity,identity,0,{},0.6514836,0.6514836,0,0.52127188,0.52127188,0.41533405,0.41533405,0.10593784,0.10593784,0,1,1,106.84375,106.84375,False,0.99999994,True,True,True,1,1,106.84375,106.84375,1,1,105.08622,105.08622,1,1,19.299579,19.299579,1,1,25.7068,25.7068,1,1,56.987286,56.987286,1,1,56.246917,56.246917,1,1,47.148816,47.148816,1,1,41.809045,41.809045
experiment_0a_best,file,16,,1027,019.Gray_Catbird/Gray_Catbird_0063_20707.jpg,19,18,019.Gray_Catbird,155,154,horizontal_flip,horizontal_flip,0,"{""flipped"":true}",0.6514836,0.30926958,-0.34221402,0.52127188,0.73398286,0.41533405,0.17913282,0.10593784,0.55485004,0.4489122,0.62990925,0.46873678,106.84375,50.081595,False,0.95862532,True,True,True,0.62990925,0.46873678,106.84375,50.081595,0.61842456,0.46754924,105.08622,49.132981,0.94821158,0.50267193,19.299579,9.7013568,0.60908274,0.44674388,25.7068,11.484356,0.56498993,0.43454013,56.987286,24.763263,0.63414301,0.47006706,56.246917,26.439823,0.61709537,0.47791525,47.148816,22.533138,0.68675584,0.51417807,41.809045,21.497294
experiment_0a_best,file,16,,1027,019.Gray_Catbird/Gray_Catbird_0063_20707.jpg,19,18,019.Gray_Catbird,155,154,color_jitter,color_jitter,0,"{""brightness"":1.305002,""contrast"":1.175956,""hue"":0.017035,""saturation"":0.843525}",0.6514836,1.3349938,0.68351024,0.52127188,0.26315978,0.41533405,0.61773276,0.10593784,-0.35457298,-0.46051082,0.87787728,1.2562396,106.84375,134.22135,False,0.98317981,False,True,False,0.87787728,1.2562396,106.84375,134.22135,0.87419541,1.2477573,105.08622,131.1221,0.98244615,1.4858839,19.299579,28.676934,0.65918831,1.1456313,25.7068,29.450515,0.85314988,1.0506366,56.987286,59.87293,0.90629497,1.2626541,56.246917,71.020398,0.90435627,1.3723398,47.148816,64.704197,0.91087519,1.4171194,41.809045,59.248409
experiment_0a_best,file,16,,1027,019.Gray_Catbird/Gray_Catbird_0063_20707.jpg,19,18,019.Gray_Catbird,155,154,rotation,rotation,0,"{""angle"":12.463057}",0.6514836,0.42420948,-0.22727412,0.52127188,0.6542868,0.41533405,0.29385793,0.10593784,0.36042887,0.25449103,0.83939051,0.78793552,106.84375,84.185985,False,0.93925166,True,True,True,0.83939051,0.78793552,106.84375,84.185985,0.83636758,0.78981115,105.08622,82.998266,0.93885185,0.7301409,19.299579,14.091412,0.89266144,0.76951711,25.7068,19.781823,0.90451149,0.8070377,56.987286,45.990888,0.83818408,0.78466325,56.246917,44.134889,0.77734387,0.79947317,47.148816,37.694214,0.75726794,0.76144583,41.809045,31.835323
experiment_0a_best,file,16,,1027,019.Gray_Catbird/Gray_Catbird_0063_20707.jpg,19,18,019.Gray_Catbird,155,154,random_resized_crop,random_resized_crop,0,"{""area_fraction"":0.840097,""aspect"":0.882826,""fallback"":false,""height"":0.9755,""left"":0.106449,""top"":0.007527,""width"":0.861197}",0.6514836,0.4546904,-0.1967932,0.52127188,0.63464439,0.41533405,0.29217461,0.10593784,0.34246978,0.23653194,0.8848967,0.7547409,106.84375,80.639348,False,0.98522735,True,True,True,0.8848967,0.7547409,106.84375,80.639348,0.88174659,0.75586496,105.08622,79.43099,0.98383686,0.72061852,19.299579,13.907634,0.74589589,0.68617074,25.7068,17.639254,0.90052376,0.71121908,56.987286,40.530445,0.89522614,0.77724126,56.246917,43.717424,0.87347179,0.80048743,47.148816,37.742034,0.88844824,0.76379371,41.809045,31.933486
experiment_0a_best,file,16,,1027,019.Gray_Catbird/Gray_Catbird_0063_20707.jpg,19,18,019.Gray_Catbird,155,154,gaussian_blur,gaussian_blur,0,"{""sigma"":1.85659}",0.6514836,2.9176557,2.2661721,0.52127188,0.054060269,0.41533405,0.13985305,0.10593784,-0.085792776,-0.19173061,0.48501923,1.4519184,106.84375,155.12841,False,0.82550824,False,True,False,0.48501923,1.4519184,106.84375,155.12841,0.47990208,1.4583026,105.08622,153.24751,0.66804757,1.2478881,19.299579,24.083715,0.47074572,1.2891563,25.7068,33.140084,0.49962229,1.3578019,56.987286,77.377447,0.47279772,1.5305902,56.246917,86.090977,0.46648085,1.5150396,47.148816,71.432323,0.48495109,1.4908261,41.809045,62.330016
experiment_0a_best,file,16,,1027,019.Gray_Catbird/Gray_Catbird_0063_20707.jpg,19,18,019.Gray_Catbird,155,154,random_erasing,random_erasing,0,"{""area_fraction"":0.096626,""erased"":true,""height"":0.234399,""left"":0.105407,""top"":0.20484,""width"":0.412227}",0.6514836,1.5777923,0.92630869,0.52127188,0.20643035,0.41533405,0.71415108,0.10593784,-0.50772074,-0.61365858,0.89504478,1.7301521,106.84375,184.85594,False,0.96857268,False,True,False,0.89504478,1.7301521,106.84375,184.85594,0.89284237,1.7341007,105.08622,182.23008,0.96787923,1.6086872,19.299579,31.046986,0.90272944,1.8467025,25.7068,47.472813,0.93330939,1.6948077,56.987286,96.582494,0.89366072,1.707804,56.246917,96.058706,0.86633122,1.7905704,47.148816,84.423276,0.85072378,1.7365705,41.809045,72.604357
experiment_0a_best,file,16,,3069,053.Western_Grebe/Western_Grebe_0061_36181.jpg,53,52,053.Western_Grebe,51,50,identity,identity,0,{},0.00066353712,0.00066353712,0,0.99933666,0.99933666,0.00042421263,0.00042421263,0.99891245,0.99891245,0,1,1,0.11002199,0.11002199,False,1,True,True,True,1,1,0.11002199,0.11002199,1,1,0.10639856,0.10639856,1,1,0.028003265,0.028003265,1,1,0.01872864,0.01872864,1,1,0.039746398,0.039746398,1,1,0.052090498,0.052090498,1,1,0.054937754,0.054937754,1,1,0.060485863,0.060485863
experiment_0a_best,file,16,,3069,053.Western_Grebe/Western_Grebe_0061_36181.jpg,53,52,053.Western_Grebe,51,50,horizontal_flip,horizontal_flip,0,"{""flipped"":true}",0.00066353712,0.00010048838,-0.00056304874,0.99933666,0.99989951,0.00042421263,5.0174014e-05,0.99891245,0.99984933,0.00093688528,0.65643739,0.13958481,0.11002199,0.015357398,False,0.9789874,True,True,True,0.65643739,0.13958481,0.11002199,0.015357398,0.6328994,0.1387653,0.10639856,0.014764429,0.97102294,0.15092047,0.028003265,0.004226266,0.65397057,0.14928618,0.01872864,0.0027959272,0.50811102,0.13358354,0.039746398,0.0053094645,0.56652454,0.12144758,0.052090498,0.0063262649,0.58608648,0.1373909,0.054937754,0.0075479475,0.75865726,0.15241366,0.060485863,0.0092188714
experiment_0a_best,file,16,,3069,053.Western_Grebe/Western_Grebe_0061_36181.jpg,53,52,053.Western_Grebe,51,50,color_jitter,color_jitter,0,"{""brightness"":0.74308,""contrast"":1.24021,""hue"":0.042501,""saturation"":0.958637}",0.00066353712,8.2370228e-05,-0.0005811669,0.99933666,0.99991763,0.00042421263,2.4722991e-05,0.99891245,0.9998929,0.00098045611,0.75991694,0.10838523,0.11002199,0.011924758,False,0.97720289,True,True,True,0.75991694,0.10838523,0.11002199,0.011924758,0.74713165,0.10789637,0.10639856,0.011480019,0.93429217,0.11521166,0.028003265,0.0032263025,0.6790769,0.13616114,0.01872864,0.0025501131,0.65356626,0.10812157,0.039746398,0.0042974431,0.72187505,0.10385083,0.052090498,0.0054096417,0.73213974,0.10238817,0.054937754,0.0056249763,0.82676777,0.11202737,0.060485863,0.0067760722
experiment_0a_best,file,16,,3069,053.Western_Grebe/Western_Grebe_0061_36181.jpg,53,52,053.Western_Grebe,51,50,rotation,rotation,0,"{""angle"":13.504198}",0.00066353712,0.013464119,0.012800582,0.99933666,0.98662609,0.00042421263,0.0034406285,0.99891245,0.98318546,-0.015726987,0.65691242,16.628465,0.11002199,1.8294967,False,0.95217454,True,True,True,0.65691242,16.628465,0.11002199,1.8294967,0.64373885,16.812516,0.10639856,1.7888275,0.9034014,13.698645,0.028003265,0.38360677,0.15076236,15.47768,0.01872864,0.2898759,0.54227639,17.940426,0.039746398,0.7130673,0.6234273,17.100735,0.052090498,0.89078582,0.64657692,15.736497,0.054937754,0.86452779,0.74757534,17.073683,0.060485863,1.0327165
experiment_0a_best,file,16,,3069,053.Western_Grebe/Western_Grebe_0061_36181.jpg,53,52,053.Western_Grebe,51,50,random_resized_crop,random_resized_crop,0,"{""area_fraction"":0.840601,""aspect"":0.859601,""fallback"":false,""height"":0.988886,""left"":0.082513,""top"":0.010804,""width"":0.850048}",0.00066353712,0.00041416651,-0.00024937061,0.99933666,0.99958593,0.00042421263,0.0002192044,0.99891245,0.99936672,0.00045427485,0.81410603,0.60824475,0.11002199,0.066920295,False,0.98949051,True,True,True,0.81410603,0.60824475,0.11002199,0.066920295,0.80246883,0.6086155,0.10639856,0.064755816,0.98373979,0.602867,0.028003265,0.016882244,0.54085272,0.55930696,0.01872864,0.010475059,0.69097711,0.65383887,0.039746398,0.02598774,0.75859023,0.61758184,0.052090498,0.032170146,0.81856786,0.58798137,0.054937754,0.032302376,0.90003571,0.60290628,0.060485863,0.036467307
experiment_0a_best,file,16,,3069,053.Western_Grebe/Western_Grebe_0061_36181.jpg,53,52,053.Western_Grebe,51,50,gaussian_blur,gaussian_blur,0,"{""sigma"":1.31479}",0.00066353712,0.0022533759,0.0015898388,0.99933666,0.99774915,0.00042421263,0.00033340073,0.99891245,0.99741575,-0.0014966982,0.5702739,3.1057755,0.11002199,0.34170358,False,0.96543449,True,True,True,0.5702739,3.1057755,0.11002199,0.34170358,0.55367588,3.1390245,0.10639856,0.3339877,0.8724503,2.578448,0.028003265,0.072204962,0.52541495,4.5294442,0.01872864,0.084830332,0.38470886,3.3417977,0.039746398,0.13282442,0.48148304,3.1526246,0.052090498,0.16422179,0.52565273,2.9248542,0.054937754,0.16068492,0.72266202,3.0449444,0.060485863,0.18417609
experiment_0a_best,file,16,,3069,053.Western_Grebe/Western_Grebe_0061_36181.jpg,53,52,053.Western_Grebe,51,50,random_erasing,random_erasing,0,"{""area_fraction"":0.105371,""erased"":true,""height"":0.463516,""left"":0.767236,""top"":0.151111,""width"":0.227329}",0.00066353712,0.00076860446,0.00010506733,0.99933666,0.9992317,0.00042421263,0.00047204658,0.99891245,0.99875965,-0.00015279773,0.94385268,1.1943432,0.11002199,0.131404,False,0.99149084,True,True,True,0.94385268,1.1943432,0.11002199,0.131404,0.94074988,1.1969048,0.10639856,0.12734895,0.99071684,1.156731,0.028003265,0.032392245,0.85089275,1.1964749,0.01872864,0.022408348,0.93879112,1.2346327,0.039746398,0.049072204,0.94472487,1.2368541,0.052090498,0.064428346,0.93914597,1.1839468,0.054937754,0.06504338,0.94984925,1.1603482,0.060485863,0.070184662
experiment_0a_best,file,16,,9721,166.Golden_winged_Warbler/Golden_Winged_Warbler_0030_164462.jpg,166,165,166.Golden_winged_Warbler,165,164,identity,identity,0,{},0.035686072,0.035686072,0,0.96494317,0.96494317,0.0097448276,0.0097448276,0.95519834,0.95519834,0,1,1,5.0665497,5.0665497,False,0.99999994,True,True,True,1,1,5.0665497,5.0665497,1,1,4.9743146,4.9743146,1,1,0.96235111,0.96235111,1,1,0.86380048,0.86380048,1,1,2.000912,2.000912,1,1,2.5412087,2.5412087,1,1,2.4371661,2.4371661,1,1,2.7561723,2.7561723
experiment_0a_best,file,16,,9721,166.Golden_winged_Warbler/Golden_Winged_Warbler_0030_164462.jpg,166,165,166.Golden_winged_Warbler,165,164,horizontal_flip,horizontal_flip,0,"{""flipped"":true}",0.035686072,0.095878556,0.060192484,0.96494317,0.90857434,0.0097448276,0.0090734558,0.95519834,0.89950089,-0.055697456,0.66187831,2.6875287,5.0665497,13.616498,False,0.96880203,True,True,True,0.66187831,2.6875287,5.0665497,13.616498,0.65303385,2.7020125,4.9743146,13.44066,0.95351689,2.2665385,0.96235111,2.1812059,0.54359155,3.5980498,0.86380048,3.1079972,0.59383089,2.6597709,2.000912,5.3219676,0.59232454,2.6077207,2.5412087,6.6267626,0.63763227,2.8797331,2.4371661,7.0183879,0.77337006,2.552592,2.7561723,7.0353833
experiment_0a_best,file,16,,9721,166.Golden_winged_Warbler/Golden_Winged_Warbler_0030_164462.jpg,166,165,166.Golden_winged_Warbler,165,164,color_jitter,color_jitter,0,"{""brightness"":0.812608,""contrast"":0.696022,""hue"":0.044761,""saturation"":1.187721}",0.035686072,0.064622276,0.028936204,0.96494317,0.9374215,0.0097448276,0.015622335,0.95519834,0.92179917,-0.033399178,0.58447593,2.1572212,5.0665497,10.929669,False,0.90460837,True,True,True,0.58447593,2.1572212,5.0665497,10.929669,0.57503738,2.1678491,4.9743146,10.783564,0.88694317,1.8508076,0.96235111,1.7811267,0.63534879,3.4963323,0.86380048,3.0201335,0.45449914,2.3375768,2.000912,4.6772856,0.56718557,2.4295161,2.5412087,6.1739076,0.55144352,2.0367215,2.4371661,4.9638285,0.71580838,1.7221746,2.7561723,4.74661
experiment_0a_best,file,16,,9721,166.Golden_winged_Warbler/Golden_Winged_Warbler_0030_164462.jpg,166,165,166.Golden_winged_Warbler,165,164,rotation,rotation,0,"{""angle"":1.399548}",0.035686072,0.025481967,-0.010204105,0.96494317,0.97483999,0.0097448276,0.0093148593,0.95519834,0.96552513,0.010326783,0.84352886,0.81620143,5.0665497,4.1353251,False,0.98440593,True,True,True,0.84352886,0.81620143,5.0665497,4.1353251,0.8389914,0.81843133,4.9743146,4.0711349,0.97781236,0.75418628,0.96235111,0.72579201,0.72902817,0.91865798,0.86380048,0.79353721,0.76495938,0.86440467,2.000912,1.7295977,0.83252241,0.86721674,2.5412087,2.2037787,0.83885774,0.82178643,2.4371661,2.00283,0.91308906,0.73331002,2.7561723,2.0211288
experiment_0a_best,file,16,,9721,166.Golden_winged_Warbler/Golden_Winged_Warbler_0030_164462.jpg,166,165,166.Golden_winged_Warbler,165,164,random_resized_crop,random_resized_crop,0,"{""area_fraction"":0.649676,""aspect"":1.106036,""fallback"":false,""height"":0.766415,""left"":0.09087,""top"":0.193882,""width"":0.847682}",0.035686072,0.03491772,-0.0007683523,0.96494317,0.96568489,0.0097448276,0.025161576,0.95519834,0.94052332,-0.014675028,0.59964664,1.3675875,5.0665497,6.9289499,False,0.93391848,True,True,True,0.59964664,1.3675875,5.0665497,6.9289499,0.59100746,1.3733689,4.9743146,6.8315692,0.86828954,1.2028743,0.96235111,1.1575874,0.078821691,1.8746547,0.86380048,1.6193277,0.61588068,1.4437766,2.000912,2.8888699,0.61604947,1.4383732,2.5412087,3.6552066,0.5401761,1.4636704,2.4371661,3.5672078,0.70140273,1.1251602,2.7561723,3.1011353
experiment_0a_best,file,16,,9721,166.Golden_winged_Warbler/Golden_Winged_Warbler_0030_164462.jpg,166,165,166.Golden_winged_Warbler,165,164,gaussian_blur,gaussian_blur,0,"{""sigma"":1.441545}",0.035686072,0.60044146,0.56475538,0.96494317,0.54856944,0.0097448276,0.087943457,0.95519834,0.46062598,-0.49457236,0.27757783,23.708351,5.0665497,120.11954,False,0.7609129,True,True,True,0.27757783,23.708351,5.0665497,120.11954,0.26950921,24.016213,4.9743146,119.4642,0.72770164,13.020493,0.96235111,12.530286,0.17266338,30.450913,0.86380048,26.303513,0.034180532,23.892263,2.000912,47.806317,0.27007227,30.726723,2.5412087,78.083016,0.29404812,25.494934,2.4371661,62.135388,0.5442943,13.26467,2.7561723,36.559716
experiment_0a_best,file,16,,9721,166.Golden_winged_Warbler/Golden_Winged_Warbler_0030_164462.jpg,166,165,166.Golden_winged_Warbler,165,164,random_erasing,random_erasing,0,"{""area_fraction"":0.124008,""erased"":true,""height"":0.314537,""left"":0.000713,""top"":0.549427,""width"":0.394257}",0.035686072,0.015826212,-0.01985986,0.96494317,0.98429835,0.0097448276,0.0030927572,0.95519834,0.98120559,0.026007248,0.89546191,0.4566825,5.0665497,2.3138046,False,0.98469263,True,True,True,0.89546191,0.4566825,5.0665497,2.3138046,0.89224185,0.45643686,4.9743146,2.2704606,0.9803322,0.46319726,0.96235111,0.44575839,0.77577106,0.43719225,0.86380048,0.37764688,0.89051997,0.47065564,2.000912,0.94174054,0.91157341,0.46146916,2.5412087,1.1726894,0.87524639,0.44696198,2.4371661,1.0893206,0.90110535,0.45369859,2.7561723,1.2504715
experiment_0a_best,file,16,,9988,170.Mourning_Warbler/Mourning_Warbler_0051_795352.jpg,170,169,170.Mourning_Warbler,98,97,identity,identity,0,{},0.17093582,0.17093582,0,0.84287566,0.84287566,0.027222529,0.027222529,0.81565313,0.81565313,0,1,1,24.645508,24.645508,False,1,True,True,True,1,1,24.645508,24.645508,1,1,24.288423,24.288423,1,1,4.1801349,4.1801349,1,1,5.0176272,5.0176272,1,1,10.913425,10.913425,1,1,13.004793,13.004793,1,1,11.552723,11.552723,1,1,11.960687,11.960687
experiment_0a_best,file,16,,9988,170.Mourning_Warbler/Mourning_Warbler_0051_795352.jpg,170,169,170.Mourning_Warbler,98,97,horizontal_flip,horizontal_flip,0,"{""flipped"":true}",0.17093582,0.1786745,0.0077386796,0.84287566,0.8363781,0.027222529,0.024212282,0.81565313,0.81216582,-0.003487315,0.71126181,0.87025175,24.645508,21.447796,False,0.95915449,True,True,True,0.71126181,0.87025175,24.645508,21.447796,0.70321178,0.86617987,24.288423,21.038143,0.95405146,0.99802208,4.1801349,4.1718669,0.69356327,0.83595178,5.0176272,4.1944944,0.74752607,0.78178285,10.913425,8.5319286,0.69104774,0.77774436,13.004793,10.114404,0.62882348,0.86151414,11.552723,9.9528344,0.76190196,1.0268923,11.960687,12.282337
experiment_0a_best,file,16,,9988,170.Mourning_Warbler/Mourning_Warbler_0051_795352.jpg,170,169,170.Mourning_Warbler,98,97,color_jitter,color_jitter,0,"{""brightness"":0.842256,""contrast"":1.374721,""hue"":0.088415,""saturation"":0.890968}",0.17093582,3.3381062,3.1671703,0.84287566,0.035504133,0.027222529,0.0022593995,0.81565313,0.033244733,-0.7824084,0.55030327,4.6917577,24.645508,115.63075,False,0.84342134,False,True,False,0.55030327,4.6917577,24.645508,115.63075,0.54165127,4.6758121,24.288423,113.56811,0.81591096,5.2014936,4.1801349,21.742945,0.48713418,3.9709719,5.0176272,19.924857,0.59887674,4.880633,10.913425,53.264424,0.52120637,4.4577826,13.004793,57.972539,0.49416857,4.8815651,11.552723,56.395371,0.57208792,4.6718141,11.960687,55.878105
experiment_0a_best,file,16,,9988,170.Mourning_Warbler/Mourning_Warbler_0051_795352.jpg,170,169,170.Mourning_Warbler,98,97,rotation,rotation,0,"{""angle"":11.115744}",0.17093582,0.094035693,-0.076900132,0.84287566,0.91025025,0.027222529,0.010960573,0.81565313,0.89928967,0.083636543,0.74766426,0.57165668,24.645508,14.088769,False,0.96024215,True,True,True,0.74766426,0.57165668,24.645508,14.088769,0.74159306,0.57090053,24.288423,13.866274,0.94450261,0.59662307,4.1801349,2.4939649,0.66057603,0.65959968,5.0176272,3.3096253,0.74505975,0.55770817,10.913425,6.0865065,0.71061471,0.55817234,13.004793,7.2589157,0.71994296,0.56040745,11.552723,6.4742322,0.81110647,0.5892195,11.960687,7.0474699
experiment_0a_best,file,16,,9988,170.Mourning_Warbler/Mourning_Warbler_0051_795352.jpg,170,169,170.Mourning_Warbler,98,97,random_resized_crop,random_resized_crop,0,"{""area_fraction"":0.733923,""aspect"":0.997539,""fallback"":false,""height"":0.857749,""left"":0.035984,""top"":0.117932,""width"":0.855638}",0.17093582,0.73680633,0.56587051,0.84287566,0.47864008,0.027222529,0.054388709,0.81565313,0.42425137,-0.39140176,0.70581369,3.4653254,24.645508,85.404704,False,0.92116171,True,True,True,0.70581369,3.4653254,24.645508,85.404704,0.70031755,3.4613493,24.288423,84.070718,0.88487878,3.596985,4.1801349,15.035882,0.74608818,4.254883,5.0176272,21.349417,0.72711249,3.5038911,10.913425,38.239454,0.74703275,3.4502115,13.004793,44.869286,0.63357683,3.3465058,11.552723,38.661255,0.67627762,3.3877822,11.960687,40.520202
experiment_0a_best,file,16,,9988,170.Mourning_Warbler/Mourning_Warbler_0051_795352.jpg,170,169,170.Mourning_Warbler,98,97,gaussian_blur,gaussian_blur,0,"{""sigma"":1.20633}",0.17093582,0.085181229,-0.085754596,0.84287566,0.91834581,0.027222529,0.0036931853,0.81565313,0.91465262,0.098999493,0.64435248,0.65888519,24.645508,16.23856,False,0.93299258,True,True,True,0.64435248,0.65888519,24.645508,16.23856,0.63643008,0.65824276,24.288423,15.987679,0.90351855,0.68021849,4.1801349,2.843405,0.50724254,0.82761478,5.0176272,4.1526625,0.57647443,0.73755387,10.913425,8.049239,0.64779922,0.67444899,13.004793,8.7710694,0.63617909,0.62902063,11.552723,7.2669012,0.74035142,0.55352482,11.960687,6.620537
experiment_0a_best,file,16,,9988,170.Mourning_Warbler/Mourning_Warbler_0051_795352.jpg,170,169,170.Mourning_Warbler,98,97,random_erasing,random_erasing,0,"{""area_fraction"":0.1401,""erased"":true,""height"":0.267286,""left"":0.362757,""top"":0.024159,""width"":0.524156}",0.17093582,3.105633,2.9346972,0.84287566,0.044796154,0.027222529,0.0028472138,0.81565313,0.04194894,-0.77370419,0.43058856,7.3695102,24.645508,181.62532,False,0.80920053,False,True,False,0.43058856,7.3695102,24.645508,181.62532,0.42307503,7.37295,24.288423,179.07733,0.68852716,7.25242,4.1801349,30.316094,0.47639526,8.9867935,5.0176272,45.09238,0.43172195,7.4255253,10.913425,81.037915,0.41473426,7.2952504,13.004793,94.87322,0.39901222,7.2971655,11.552723,84.302134,0.43878531,7.1729199,11.960687,85.793048
experiment_0a_best,file,16,,5099,088.Western_Meadowlark/Western_Meadowlark_0098_78382.jpg,88,87,088.Western_Meadowlark,36,35,identity,identity,0,{},0.088236503,0.088236503,0,0.91554433,0.91554433,0.035382681,0.035382681,0.88016165,0.88016165,0,1,1,11.858941,11.858941,False,1.0000001,True,True,True,1,1,11.858941,11.858941,1,1,11.51379,11.51379,1,1,2.8402674,2.8402674,1,1,1.780178,1.780178,1,1,4.2092677,4.2092677,1,1,6.1319799,6.1319799,1,1,5.8250783,5.8250783,1,1,6.3362196,6.3362196
experiment_0a_best,file,16,,5099,088.Western_Meadowlark/Western_Meadowlark_0098_78382.jpg,88,87,088.Western_Meadowlark,36,35,horizontal_flip,horizontal_flip,0,"{""flipped"":true}",0.088236503,0.057966512,-0.030269992,0.91554433,0.94368154,0.035382681,0.035758357,0.88016165,0.90792318,0.02776153,0.66169594,0.73539632,11.858941,8.7210216,False,0.97106057,True,True,True,0.66169594,0.73539632,11.858941,8.7210216,0.64431711,0.7361475,11.51379,8.4758477,0.9526027,0.72294047,2.8402674,2.0533443,0.56387507,0.93527671,1.780178,1.664959,0.62198368,0.77230033,4.2092677,3.2508189,0.62693763,0.74307671,6.1319799,4.5565315,0.63587495,0.73279734,5.8250783,4.2686019,0.69190955,0.69723293,6.3362196,4.417821
experiment_0a_best,file,16,,5099,088.Western_Meadowlark/Western_Meadowlark_0098_78382.jpg,88,87,088.Western_Meadowlark,36,35,color_jitter,color_jitter,0,"{""brightness"":1.018477,""contrast"":1.014088,""hue"":-0.051694,""saturation"":1.219554}",0.088236503,0.20888479,0.12064829,0.91554433,0.81148869,0.035382681,0.1394904,0.88016165,0.67199829,-0.20816336,0.73447752,2.7020396,11.858941,32.043328,False,0.94404244,True,True,True,0.73447752,2.7020396,11.858941,32.043328,0.72458627,2.7112492,11.51379,31.216754,0.908951,2.5459306,2.8402674,7.2311238,0.42522788,2.621563,1.780178,4.6668488,0.68025563,2.9709546,4.2092677,12.505543,0.73191324,2.731404,6.1319799,16.748915,0.71839209,2.644043,5.8250783,15.401757,0.77036397,2.6341632,6.3362196,16.690636
experiment_0a_best,file,16,,5099,088.Western_Meadowlark/Western_Meadowlark_0098_78382.jpg,88,87,088.Western_Meadowlark,36,35,rotation,rotation,0,"{""angle"":5.97511}",0.088236503,0.39034307,0.30210657,0.91554433,0.67682463,0.035382681,0.11893995,0.88016165,0.55788468,-0.32227697,0.83788133,3.8471459,11.858941,45.623076,False,0.97156852,True,True,True,0.83788133,3.8471459,11.858941,45.623076,0.83088753,3.8606548,11.51379,44.450769,0.96219277,3.6179359,2.8402674,10.275906,0.76420079,4.3470171,1.780178,7.7384641,0.83242389,4.0336083,4.2092677,16.978537,0.84467406,3.9943941,6.1319799,24.493545,0.81984548,3.8729192,5.8250783,22.560057,0.83577341,3.5948503,6.3362196,22.777761
experiment_0a_best,file,16,,5099,088.Western_Meadowlark/Western_Meadowlark_0098_78382.jpg,88,87,088.Western_Meadowlark,36,35,random_resized_crop,random_resized_crop,0,"{""area_fraction"":0.610218,""aspect"":1.299535,""fallback"":false,""height"":0.685249,""left"":0.057206,""top"":0.166911,""width"":0.890505}",0.088236503,0.58120835,0.49297184,0.91554433,0.55922222,0.035382681,0.06151434,0.88016165,0.49770788,-0.38245377,0.69658925,6.2673191,11.858941,74.323768,False,0.94919336,True,True,True,0.69658925,6.2673191,11.858941,74.323768,0.68878352,6.3192026,11.51379,72.757973,0.85764239,5.3430304,2.8402674,15.175635,0.58792452,7.6821556,1.780178,13.675604,0.71933106,6.6264471,4.2092677,27.89249,0.69810493,6.2210102,6.1319799,38.14711,0.67406771,6.3154436,5.8250783,36.787954,0.69013512,6.1533776,6.3362196,38.989152
experiment_0a_best,file,16,,5099,088.Western_Meadowlark/Western_Meadowlark_0098_78382.jpg,88,87,088.Western_Meadowlark,36,35,gaussian_blur,gaussian_blur,0,"{""sigma"":1.286745}",0.088236503,0.038472589,-0.049763914,0.91554433,0.9622581,0.035382681,0.0075440318,0.88016165,0.95471407,0.074552418,0.70981408,0.55086213,11.858941,6.5326416,False,0.94570374,True,True,True,0.70981408,0.55086213,11.858941,6.5326416,0.69925471,0.55404658,11.51379,6.3791761,0.90798169,0.49560972,2.8402674,1.4076641,0.61942387,0.67105356,1.780178,1.1945948,0.57422798,0.59064459,4.2092677,2.4861812,0.71741087,0.56586912,6.1319799,3.4698981,0.68863779,0.54723156,5.8250783,3.1876667,0.76449891,0.52067949,6.3362196,3.2991396
experiment_0a_best,file,16,,5099,088.Western_Meadowlark/Western_Meadowlark_0098_78382.jpg,88,87,088.Western_Meadowlark,36,35,random_erasing,random_erasing,0,"{""area_fraction"":0.056329,""erased"":true,""height"":0.158937,""left"":0.343599,""top"":0.319456,""width"":0.354414}",0.088236503,0.11936752,0.031131022,0.91554433,0.88748157,0.035382681,0.078420624,0.88016165,0.80906095,-0.071100704,0.89263498,1.6661473,11.858941,19.758743,False,0.9814133,True,True,True,0.89263498,1.6661473,11.858941,19.758743,0.88939881,1.6728135,11.51379,19.260423,0.9522904,1.5525074,2.8402674,4.409536,0.87531664,1.7150868,1.780178,3.0531598,0.91063334,1.8405698,4.2092677,7.7474512,0.92009398,1.701554,6.1319799,10.433895,0.87651582,1.6771112,5.8250783,9.7693038,0.86442839,1.5568855,6.3362196,9.8647683
experiment_0a_best,file,16,,10420,177.Prothonotary_Warbler/Prothonotary_Warbler_0082_173970.jpg,177,176,177.Prothonotary_Warbler,167,166,identity,identity,0,{},0.66566342,0.66566342,0,0.51393247,0.51393247,0.06223752,0.06223752,0.45169495,0.45169495,0,1,1,64.033604,64.033604,False,1,True,True,True,1,1,64.033604,64.033604,1,1,63.203545,63.203545,1,1,10.276881,10.276881,1,1,13.362016,13.362016,1,1,23.773606,23.773606,1,1,34.187977,34.187977,1,1,32.380182,32.380182,1,1,32.150683,32.150683
experiment_0a_best,file,16,,10420,177.Prothonotary_Warbler/Prothonotary_Warbler_0082_173970.jpg,177,176,177.Prothonotary_Warbler,167,166,horizontal_flip,horizontal_flip,0,"{""flipped"":true}",0.66566342,0.50412655,-0.16153687,0.51393247,0.60403293,0.06223752,0.023173671,0.45169495,0.58085926,0.12916432,0.56609459,0.83934015,64.033604,53.745975,False,0.93623722,True,True,True,0.56609459,0.83934015,64.033604,53.745975,0.55710311,0.840743,63.203545,53.137938,0.93191993,0.78443984,10.276881,8.061595,0.20035635,1.2297419,13.362016,16.431831,0.41121883,0.9258732,23.773606,22.011344,0.60068622,0.77382537,34.187977,26.455524,0.57888568,0.8249464,32.380182,26.711914,0.68975356,0.79646623,32.150683,25.606933
experiment_0a_best,file,16,,10420,177.Prothonotary_Warbler/Prothonotary_Warbler_0082_173970.jpg,177,176,177.Prothonotary_Warbler,167,166,color_jitter,color_jitter,0,"{""brightness"":0.608031,""contrast"":0.798025,""hue"":-0.060956,""saturation"":1.153205}",0.66566342,2.0128453,1.3471819,0.51393247,0.13360797,0.06223752,0.0081439829,0.45169495,0.12546399,-0.32623096,0.40498937,1.7104402,64.033604,109.52565,False,0.82177162,False,True,False,0.40498937,1.7104402,64.033604,109.52565,0.39438564,1.7090779,63.203545,108.01978,0.7943684,1.7611919,10.276881,18.09956,0.055345432,2.4301708,13.362016,32.471981,0.033180723,1.9445546,23.773606,46.229074,0.40258426,1.614707,34.187977,55.203566,0.49357555,1.6229758,32.380182,52.552252,0.62172548,1.6064441,32.150683,51.648274
experiment_0a_best,file,16,,10420,177.Prothonotary_Warbler/Prothonotary_Warbler_0082_173970.jpg,177,176,177.Prothonotary_Warbler,167,166,rotation,rotation,0,"{""angle"":12.16329}",0.66566342,3.25453,2.5888665,0.51393247,0.03859897,0.06223752,0.024628256,0.45169495,0.013970714,-0.43772423,0.61622599,1.7492132,64.033604,112.00843,False,0.90112954,False,True,False,0.61622599,1.7492132,64.033604,112.00843,0.60878525,1.7476995,63.203545,110.46081,0.88896299,1.8055335,10.276881,18.555253,0.50818232,2.6045776,13.362016,34.802408,0.48216473,1.876348,23.773606,44.607557,0.64193123,1.5905435,34.187977,54.377465,0.6341177,1.7620326,32.380182,57.054937,0.67014034,1.6424241,32.150683,52.805055
experiment_0a_best,file,16,,10420,177.Prothonotary_Warbler/Prothonotary_Warbler_0082_173970.jpg,177,176,177.Prothonotary_Warbler,167,166,random_resized_crop,random_resized_crop,0,"{""area_fraction"":0.509741,""aspect"":0.843981,""fallback"":false,""height"":0.777156,""left"":0.21884,""top"":0.064994,""width"":0.655905}",0.66566342,3.0302172,2.3645537,0.51393247,0.048305143,0.06223752,0.015753321,0.45169495,0.032551821,-0.41914313,0.57952419,1.5408654,64.033604,98.667162,False,0.86620355,False,True,False,0.57952419,1.5408654,64.033604,98.667162,0.57230421,1.5416568,63.203545,97.438178,0.85833491,1.5106243,10.276881,15.524506,0.53854043,1.5670042,13.362016,20.938336,0.52828019,1.6598441,23.773606,39.460478,0.53773247,1.3611777,34.187977,46.535912,0.57256089,1.6622536,32.380182,53.824073,0.6458424,1.5351521,32.150683,49.356189
experiment_0a_best,file,16,,10420,177.Prothonotary_Warbler/Prothonotary_Warbler_0082_173970.jpg,177,176,177.Prothonotary_Warbler,167,166,gaussian_blur,gaussian_blur,0,"{""sigma"":1.305988}",0.66566342,1.2608072,0.59514374,0.51393247,0.28342515,0.06223752,0.075169303,0.45169495,0.20825585,-0.2434391,0.76982704,1.3902981,64.033604,89.025795,False,0.9565509,True,True,True,0.76982704,1.3902981,64.033604,89.025795,0.76490524,1.3902061,63.203545,87.865956,0.95551262,1.3937707,10.276881,14.323616,0.46056884,1.6494501,13.362016,22.039978,0.59058175,1.5190615,23.773606,36.113568,0.77665024,1.3359401,34.187977,45.673091,0.82364374,1.4092557,32.380182,45.631955,0.87095572,1.3056705,32.150683,41.978199
experiment_0a_best,file,16,,10420,177.Prothonotary_Warbler/Prothonotary_Warbler_0082_173970.jpg,177,176,177.Prothonotary_Warbler,167,166,random_erasing,random_erasing,0,"{""area_fraction"":0.188094,""erased"":true,""height"":0.327775,""left"":0.331406,""top"":0.581169,""width"":0.573852}",0.66566342,3.984657,3.3189936,0.51393247,0.018598823,0.06223752,0.0067951735,0.45169495,0.011803649,-0.4398913,0.42343146,1.3382226,64.033604,85.691215,False,0.81263208,False,True,False,0.42343146,1.3382226,64.033604,85.691215,0.40980429,1.3173262,63.203545,83.259686,0.80127233,1.9722353,10.276881,20.268428,0.42640205,0.92372558,13.362016,12.342836,0.31024385,1.3470254,23.773606,32.02365,0.34295702,1.1573577,34.187977,39.567717,0.3829826,1.2381502,32.380182,40.09153,0.54416583,1.5802864,32.150683,50.807288
experiment_0a_best,file,16,,3164,055.Evening_Grosbeak/Evening_Grosbeak_0069_37684.jpg,55,54,055.Evening_Grosbeak,133,132,identity,identity,0,{},0.0022565871,0.0022565871,0,0.99774593,0.99774593,0.00064406538,0.00064406538,0.99710187,0.99710187,0,1,1,0.31257375,0.31257375,False,1,True,True,True,1,1,0.31257375,0.31257375,1,1,0.30217529,0.30217529,1,1,0.079952744,0.079952744,1,1,0.061153346,0.061153346,1,1,0.11965099,0.11965099,1,1,0.14467722,0.14467722,1,1,0.13950446,0.13950446,1,1,0.18127554,0.18127554
experiment_0a_best,file,16,,3164,055.Evening_Grosbeak/Evening_Grosbeak_0069_37684.jpg,55,54,055.Evening_Grosbeak,133,132,horizontal_flip,horizontal_flip,0,"{""flipped"":true}",0.0022565871,0.0010080024,-0.0012485847,0.99774593,0.9989925,0.00064406538,0.00016120407,0.99710187,0.9988313,0.0017294329,0.72447906,0.48332244,0.31257375,0.1510739,False,0.98519164,True,True,True,0.72447906,0.48332244,0.31257375,0.1510739,0.70938154,0.48621033,0.30217529,0.14692075,0.966176,0.44000753,0.079952744,0.03517981,0.71993687,0.61385802,0.061153346,0.037539472,0.68512221,0.52235925,0.11965099,0.062500801,0.70968926,0.48861939,0.14467722,0.070692094,0.63074778,0.47787922,0.13950446,0.066666283,0.77391136,0.45584749,0.18127554,0.082634001
experiment_0a_best,file,16,,3164,055.Evening_Grosbeak/Evening_Grosbeak_0069_37684.jpg,55,54,055.Evening_Grosbeak,133,132,color_jitter,color_jitter,0,"{""brightness"":0.982312,""contrast"":0.897519,""hue"":-0.08959,""saturation"":1.337396}",0.0022565871,2.8565392,2.8542827,0.99774593,0.057467308,0.00064406538,0.0049142772,0.99710187,0.052553031,-0.94454884,0.18433154,584.21603,0.31257375,182.61059,False,0.744829,False,True,False,0.18433154,584.21603,0.31257375,182.61059,0.16749896,593.7357,0.30217529,179.41226,0.52956507,425.5953,0.079952744,34.027512,0.2524702,645.46308,0.061153346,39.472227,0.031714378,552.51266,0.11965099,66.108686,0.086384179,673.09798,0.14467722,97.381943,0.15119516,682.71326,0.13950446,95.241545,0.31386232,484.26095,0.18127554,87.784667
experiment_0a_best,file,16,,3164,055.Evening_Grosbeak/Evening_Grosbeak_0069_37684.jpg,55,54,055.Evening_Grosbeak,133,132,rotation,rotation,0,"{""angle"":-5.645089}",0.0022565871,0.0011133908,-0.0011431964,0.99774593,0.99888724,0.00064406538,0.00015989716,0.99710187,0.99872734,0.001625478,0.83343282,0.52218108,0.31257375,0.1632201,False,0.98958015,True,True,True,0.83343282,0.52218108,0.31257375,0.1632201,0.82387863,0.52412767,0.30217529,0.15837843,0.97977781,0.4935385,0.079952744,0.039459757,0.74191689,0.5972727,0.061153346,0.036525224,0.83900809,0.58192055,0.11965099,0.069627369,0.80490692,0.53440581,0.14467722,0.077316345,0.76266933,0.50384685,0.13950446,0.070288883,0.88290079,0.49289291,0.18127554,0.08934943
experiment_0a_best,file,16,,3164,055.Evening_Grosbeak/Evening_Grosbeak_0069_37684.jpg,55,54,055.Evening_Grosbeak,133,132,random_resized_crop,random_resized_crop,0,"{""area_fraction"":0.845615,""aspect"":0.905945,""fallback"":false,""height"":0.96613,""left"":0.05187,""top"":0.029304,""width"":0.875261}",0.0022565871,0.0026966895,0.0004401023,0.99774593,0.99730694,0.00064406538,0.00060290046,0.99710187,0.99670404,-0.00039782329,0.8262003,1.2388256,0.31257375,0.38722435,False,0.98899043,True,True,True,0.8262003,1.2388256,0.31257375,0.38722435,0.81637774,1.2459839,0.30217529,0.37650555,0.98428346,1.1316434,0.079952744,0.090477992,0.66804625,1.3754223,0.061153346,0.084111678,0.81926561,1.3902525,0.11965099,0.16634509,0.78924503,1.2435734,0.14467722,0.17991674,0.76083462,1.2351536,0.13950446,0.17230943,0.89257976,1.1695735,0.18127554,0.21201507
experiment_0a_best,file,16,,3164,055.Evening_Grosbeak/Evening_Grosbeak_0069_37684.jpg,55,54,055.Evening_Grosbeak,133,132,gaussian_blur,gaussian_blur,0,"{""sigma"":1.55324}",0.0022565871,0.0083175926,0.0060610054,0.99774593,0.99171692,0.00064406538,0.00033355012,0.99710187,0.99138337,-0.0057184946,0.49223449,5.5936323,0.31257375,1.7484226,False,0.94375217,True,True,True,0.49223449,5.5936323,0.31257375,1.7484226,0.47613759,5.6862708,0.30217529,1.7182505,0.84287011,4.0450665,0.079952744,0.32341417,0.2845583,6.5893092,0.061153346,0.40295831,0.47411251,6.3746388,0.11965099,0.76273183,0.44016107,6.3557859,0.14467722,0.91953742,0.38387687,6.1688712,0.13950446,0.86058505,0.64550435,4.3509969,0.18127554,0.78872933
experiment_0a_best,file,16,,3164,055.Evening_Grosbeak/Evening_Grosbeak_0069_37684.jpg,55,54,055.Evening_Grosbeak,133,132,random_erasing,random_erasing,0,"{""area_fraction"":0.168766,""erased"":true,""height"":0.541581,""left"":0.440102,""top"":0.263989,""width"":0.311617}",0.0022565871,0.079786323,0.077529736,0.99774593,0.92331362,0.00064406538,0.035202697,0.99710187,0.88811092,-0.10899094,0.6302954,35.584614,0.31257375,11.122816,False,0.94839168,True,True,True,0.6302954,35.584614,0.31257375,11.122816,0.61055942,35.728393,0.30217529,10.796238,0.93255419,33.463496,0.079952744,2.6754983,0.63189003,45.629615,0.061153346,2.7904036,0.55108993,37.890486,0.11965099,4.5336341,0.58020116,36.490509,0.14467722,5.2793453,0.58247494,37.765221,0.13950446,5.2684168,0.68978095,31.49261,0.18127554,5.70884
experiment_0a_best,file,16,,8053,138.Tree_Swallow/Tree_Swallow_0030_134942.jpg,138,137,138.Tree_Swallow,136,135,identity,identity,0,{},0.26402774,0.26402774,0,0.76795226,0.76795226,0.097773142,0.097773142,0.67017912,0.67017912,0,1,1,38.716487,38.716487,False,0.99999994,True,True,True,1,1,38.716487,38.716487,1,1,38.091785,38.091785,1,1,6.926925,6.926925,1,1,11.67906,11.67906,1,1,16.556352,16.556352,1,1,19.666585,19.666585,1,1,17.963572,17.963572,1,1,18.19358,18.19358
experiment_0a_best,file,16,,8053,138.Tree_Swallow/Tree_Swallow_0030_134942.jpg,138,137,138.Tree_Swallow,136,135,horizontal_flip,horizontal_flip,0,"{""flipped"":true}",0.26402774,0.065011092,-0.19901665,0.76795226,0.93705708,0.097773142,0.011892021,0.67017912,0.92516506,0.25498594,0.532993,0.26355793,38.716487,10.204037,False,0.96909595,True,True,True,0.532993,0.26355793,38.716487,10.204037,0.51882864,0.26299419,38.091785,10.017918,0.93622724,0.28006991,6.926925,1.9400233,-0.12138545,0.22645725,11.67906,2.6448077,0.46335709,0.245773,16.556352,4.0691044,0.57735912,0.2623941,19.666585,5.1603959,0.53033792,0.27839961,17.963572,5.0010515,0.70429073,0.27573236,18.19358,5.0165588
experiment_0a_best,file,16,,8053,138.Tree_Swallow/Tree_Swallow_0030_134942.jpg,138,137,138.Tree_Swallow,136,135,color_jitter,color_jitter,0,"{""brightness"":1.220467,""contrast"":0.708912,""hue"":0.081315,""saturation"":1.048585}",0.26402774,0.29335013,0.029322386,0.76795226,0.74576098,0.097773142,0.02004559,0.67017912,0.72571539,0.055536266,0.55581845,1.1008845,38.716487,42.622382,False,0.88938928,True,True,True,0.55581845,1.1008845,38.716487,42.622382,0.54793536,1.1016556,38.091785,41.964027,0.79972506,1.0773075,6.926925,7.4624283,0.68128048,1.3742254,11.67906,16.049661,0.38836343,1.0828708,16.556352,17.92839,0.47833909,0.99495641,19.666585,19.567395,0.57925926,1.1279052,17.963572,20.261206,0.66358068,1.083457,18.19358,19.711961
experiment_0a_best,file,16,,8053,138.Tree_Swallow/Tree_Swallow_0030_134942.jpg,138,137,138.Tree_Swallow,136,135,rotation,rotation,0,"{""angle"":-6.165752}",0.26402774,0.22455437,-0.03947337,0.76795226,0.79887211,0.097773142,0.01333217,0.67017912,0.78553994,0.11536082,0.69625855,0.79072113,38.716487,30.613944,False,0.941185,True,True,True,0.69625855,0.79072113,38.716487,30.613944,0.69032451,0.79115381,38.091785,30.136461,0.87895147,0.77752313,6.926925,5.3858444,0.70565766,0.69828819,11.67906,8.1553494,0.65907902,0.76418832,16.556352,12.652171,0.67188421,0.76842852,19.666585,15.112365,0.65884307,0.80412946,17.963572,14.445037,0.76104333,0.85958561,18.19358,15.63894
experiment_0a_best,file,16,,8053,138.Tree_Swallow/Tree_Swallow_0030_134942.jpg,138,137,138.Tree_Swallow,136,135,random_resized_crop,random_resized_crop,0,"{""area_fraction"":0.576733,""aspect"":0.99319,""fallback"":false,""height"":0.762029,""left"":0.073605,""top"":0.187536,""width"":0.756839}",0.26402774,1.1840023,0.91997454,0.76795226,0.3060514,0.097773142,0.080044158,0.67017912,0.22600725,-0.44417188,0.60010431,3.3217287,38.716487,128.60567,False,0.92303336,True,True,True,0.60010431,3.3217287,38.716487,128.60567,0.59223626,3.3340443,38.091785,126.9997,0.87632011,2.9249129,6.926925,20.260652,0.6333738,3.6443292,11.67906,42.562338,0.56308553,3.923349,16.556352,64.956348,0.57235427,3.1331872,19.666585,61.619091,0.56517772,3.0741886,17.963572,55.223408,0.66544919,3.1341815,18.19358,57.021982
experiment_0a_best,file,16,,8053,138.Tree_Swallow/Tree_Swallow_0030_134942.jpg,138,137,138.Tree_Swallow,136,135,gaussian_blur,gaussian_blur,0,"{""sigma"":1.050322}",0.26402774,0.3114197,0.047391951,0.76795226,0.73240638,0.097773142,0.031009473,0.67017912,0.7013969,0.031217784,0.66234717,1.1236823,38.716487,43.505032,False,0.95573193,True,True,True,0.66234717,1.1236823,38.716487,43.505032,0.65518426,1.1278318,38.091785,42.961126,0.91457874,0.99002094,6.926925,6.8578008,0.45501316,0.9695625,11.67906,11.323578,0.65604908,1.2466826,16.556352,20.640516,0.65941382,1.1239975,19.666585,22.105191,0.65974788,1.1197517,17.963572,20.114741,0.72379151,1.09676,18.19358,19.953991
experiment_0a_best,file,16,,8053,138.Tree_Swallow/Tree_Swallow_0030_134942.jpg,138,137,138.Tree_Swallow,136,135,random_erasing,random_erasing,0,"{""area_fraction"":0.189073,""erased"":true,""height"":0.629662,""left"":0.076976,""top"":0.262839,""width"":0.300277}",0.26402774,0.12915953,-0.13486822,0.76795226,0.87883377,0.097773142,0.062900119,0.67017912,0.81593365,0.14575453,0.92259435,0.576755,38.716487,22.329927,False,0.98068768,True,True,True,0.92259435,0.576755,38.716487,22.329927,0.92077388,0.57651609,38.091785,21.960527,0.97701919,0.5839334,6.926925,4.0448629,0.96759169,0.57426331,11.67906,6.7068554,0.93962244,0.54860385,16.556352,9.0828786,0.92634816,0.58031207,19.666585,11.412757,0.89186924,0.59707416,17.963572,10.725585,0.91079995,0.57514707,18.19358,10.463984
experiment_0a_best,file,16,,8498,145.Elegant_Tern/Elegant_Tern_0004_150948.jpg,145,144,145.Elegant_Tern,147,146,identity,identity,0,{},1.6771356,1.6771356,0,0.18690859,0.18690859,0.67544585,0.67544585,-0.48853727,-0.48853727,0,1,1,132.72693,132.72693,False,0.99999994,True,False,False,1,1,132.72693,132.72693,1,1,129.50281,129.50281,1,1,29.076803,29.076803,1,1,34.042263,34.042263,1,1,62.25324,62.25324,1,1,61.988223,61.988223,1,1,60.023546,60.023546,1,1,65.507784,65.507784
experiment_0a_best,file,16,,8498,145.Elegant_Tern/Elegant_Tern_0004_150948.jpg,145,144,145.Elegant_Tern,147,146,horizontal_flip,horizontal_flip,0,"{""flipped"":true}",1.6771356,2.2145305,0.53739488,0.18690859,0.10920478,0.67544585,0.59455508,-0.48853727,-0.4853503,0.0031869709,0.71050727,1.0982015,132.72693,145.76091,False,0.9626742,True,False,False,0.71050727,1.0982015,132.72693,145.76091,0.69984178,1.1038398,129.50281,142.95036,0.95373491,0.97967344,29.076803,28.485772,0.79226704,1.2081509,34.042263,41.128191,0.76127504,1.2422139,62.25324,77.331839,0.66110468,1.0950205,61.988223,67.878377,0.62223727,1.0133549,60.023546,60.825155,0.71537552,1.0190002,65.507784,66.752447
experiment_0a_best,file,16,,8498,145.Elegant_Tern/Elegant_Tern_0004_150948.jpg,145,144,145.Elegant_Tern,147,146,color_jitter,color_jitter,0,"{""brightness"":1.024728,""contrast"":0.77693,""hue"":0.043722,""saturation"":0.83908}",1.6771356,1.9199585,0.24282289,0.18690859,0.14661305,0.67544585,0.31819829,-0.48853727,-0.17158525,0.31695202,0.72408224,1.0261764,132.72693,136.20124,False,0.9567489,True,False,False,0.72408224,1.0261764,132.72693,136.20124,0.71752742,1.0344453,129.50281,133.96357,0.89731565,0.84560021,29.076803,24.587351,0.84818512,1.0861407,34.042263,36.974686,0.67557516,1.170793,62.25324,72.88566,0.70212832,1.0566315,61.988223,65.498708,0.69282046,0.9550053,60.023546,57.322804,0.77408457,0.92740153,65.507784,60.752019
experiment_0a_best,file,16,,8498,145.Elegant_Tern/Elegant_Tern_0004_150948.jpg,145,144,145.Elegant_Tern,147,146,rotation,rotation,0,"{""angle"":3.604861}",1.6771356,0.76256973,-0.91456586,0.18690859,0.46646619,0.67544585,0.41706163,-0.48853727,0.049404562,0.53794183,0.84397824,0.70146488,132.72693,93.103279,False,0.98039842,False,False,True,0.84397824,0.70146488,132.72693,93.103279,0.83705084,0.70103083,129.50281,90.785461,0.97971901,0.71002,29.076803,20.645112,0.79369687,0.70815112,34.042263,24.107066,0.86742217,0.63357207,62.25324,39.441914,0.81906753,0.7647528,61.988223,47.405667,0.81407733,0.71117889,60.023546,42.687478,0.86858488,0.6887481,65.507784,45.118362
experiment_0a_best,file,16,,8498,145.Elegant_Tern/Elegant_Tern_0004_150948.jpg,145,144,145.Elegant_Tern,147,146,random_resized_crop,random_resized_crop,0,"{""area_fraction"":0.665787,""aspect"":0.942852,""fallback"":false,""height"":0.840322,""left"":0.004576,""top"":0.144824,""width"":0.792299}",1.6771356,1.4626765,-0.21445906,0.18690859,0.23161551,0.67544585,0.64257699,-0.48853727,-0.41096148,0.077575788,0.74857924,1.0505652,132.72693,139.4383,False,0.97794712,True,False,False,0.74857924,1.0505652,132.72693,139.4383,0.73647147,1.0478853,129.50281,135.70408,0.97779588,1.1023804,29.076803,32.053699,0.80772001,1.1362335,34.042263,38.679959,0.75576263,1.0415357,62.25324,64.838973,0.70767417,0.98656764,61.988223,61.155575,0.6851224,1.0621483,60.023546,63.753905,0.7676815,1.0697525,65.507784,70.077116
experiment_0a_best,file,16,,8498,145.Elegant_Tern/Elegant_Tern_0004_150948.jpg,145,144,145.Elegant_Tern,147,146,gaussian_blur,gaussian_blur,0,"{""sigma"":1.979091}",1.6771356,1.407653,-0.26948261,0.18690859,0.24471697,0.67544585,0.048225891,-0.48853727,0.19649108,0.68502835,0.18694506,1.0364508,132.72693,137.56494,False,0.842067,False,False,True,0.18694506,1.0364508,132.72693,137.56494,0.17090586,1.0495398,129.50281,135.91835,0.65653073,0.7298128,29.076803,21.220623,-0.20559151,0.85056609,34.042263,28.955194,-0.03033633,1.0952187,62.25324,68.180915,0.18978302,1.2751414,61.988223,79.043749,0.2622741,0.96220194,60.023546,57.754772,0.39265811,0.89053837,65.507784,58.337195
experiment_0a_best,file,16,,8498,145.Elegant_Tern/Elegant_Tern_0004_150948.jpg,145,144,145.Elegant_Tern,147,146,random_erasing,random_erasing,0,"{""area_fraction"":0.183691,""erased"":true,""height"":0.715471,""left"":0.733975,""top"":0.11282,""width"":0.256741}",1.6771356,1.7389907,0.061855078,0.18690859,0.17569764,0.67544585,0.61714351,-0.48853727,-0.44144587,0.047091395,0.92239832,0.97694447,132.72693,129.66684,False,0.97039706,True,False,False,0.92239832,0.97694447,132.72693,129.66684,0.92001297,0.97434806,129.50281,126.18081,0.96850293,1.0270926,29.076803,29.864569,0.95521258,1.0185992,34.042263,34.675421,0.90298408,0.97231579,62.25324,60.529809,0.92578939,0.96160299,61.988223,59.608061,0.91866092,0.96921637,60.023546,58.175803,0.9217896,0.97958067,65.507784,64.170159
experiment_0a_best,file,16,,6675,115.Brewer_Sparrow/Brewer_Sparrow_0046_796696.jpg,115,114,115.Brewer_Sparrow,117,116,identity,identity,0,{},0.95105636,0.95105636,0,0.38633269,0.38633269,0.57542247,0.57542247,-0.18908978,-0.18908978,0,1,1,127.54137,127.54137,False,0.99999988,True,False,False,1,1,127.54137,127.54137,1,1,124.58634,124.58634,1,1,27.295528,27.295528,1,1,36.012374,36.012374,1,1,57.695044,57.695044,1,1,69.558647,69.558647,1,1,56.383473,56.383473,1,1,53.653011,53.653011
experiment_0a_best,file,16,,6675,115.Brewer_Sparrow/Brewer_Sparrow_0046_796696.jpg,115,114,115.Brewer_Sparrow,117,116,horizontal_flip,horizontal_flip,0,"{""flipped"":true}",0.95105636,0.44007507,-0.51098129,0.38633269,0.64398807,0.57542247,0.3289856,-0.18908978,0.31500247,0.50409225,0.72679773,0.59126816,127.54137,75.411154,False,0.95909649,False,False,True,0.72679773,0.59126816,127.54137,75.411154,0.71606421,0.59219201,124.58634,73.779035,0.95886639,0.57168208,27.295528,15.604364,0.77042834,0.60565952,36.012374,21.811237,0.68071894,0.61479286,57.695044,35.470501,0.71352787,0.61007423,69.558647,42.435937,0.70108914,0.57253991,56.383473,32.281789,0.76071581,0.54865508,53.653011,29.436997
experiment_0a_best,file,16,,6675,115.Brewer_Sparrow/Brewer_Sparrow_0046_796696.jpg,115,114,115.Brewer_Sparrow,117,116,color_jitter,color_jitter,0,"{""brightness"":1.324969,""contrast"":1.380075,""hue"":0.007847,""saturation"":1.223402}",0.95105636,3.3212311,2.3701748,0.38633269,0.036108352,0.57542247,0.80307084,-0.18908978,-0.76696249,-0.57787272,0.73690917,1.2070371,127.54137,153.94717,False,0.90466291,True,False,False,0.73690917,1.2070371,127.54137,153.94717,0.72818254,1.1994015,124.58634,149.42905,0.90296603,1.3563704,27.295528,37.022845,0.76279616,1.2854361,36.012374,46.291606,0.70028806,1.1119132,57.695044,64.15188,0.75419124,1.1802367,69.558647,82.095665,0.69157769,1.1858737,56.383473,66.863677,0.74291815,1.2993723,53.653011,69.715235
experiment_0a_best,file,16,,6675,115.Brewer_Sparrow/Brewer_Sparrow_0046_796696.jpg,115,114,115.Brewer_Sparrow,117,116,rotation,rotation,0,"{""angle"":-0.365811}",0.95105636,0.82786131,-0.12319505,0.38633269,0.43698287,0.57542247,0.54415119,-0.18908978,-0.10716832,0.081921458,0.93691384,1.0417512,127.54137,132.86638,False,0.98936117,True,False,False,0.93691384,1.0417512,127.54137,132.86638,0.93480987,1.0458939,124.58634,130.30409,0.9891344,0.95135067,27.295528,25.967619,0.91925135,1.1033023,36.012374,39.732537,0.92905108,1.1366325,57.695044,65.578059,0.94556185,1.0542383,69.558647,73.331388,0.93571862,0.98676198,56.383473,55.637068,0.94069775,0.95529602,53.653011,51.254508
experiment_0a_best,file,16,,6675,115.Brewer_Sparrow/Brewer_Sparrow_0046_796696.jpg,115,114,115.Brewer_Sparrow,117,116,random_resized_crop,random_resized_crop,0,"{""area_fraction"":0.648731,""aspect"":1.212509,""fallback"":false,""height"":0.731459,""left"":0.03154,""top"":0.267038,""width"":0.8869}",0.95105636,0.67789233,-0.27316403,0.38633269,0.5076859,0.57542247,0.36069825,-0.18908978,0.14698765,0.33607742,0.71143601,0.70079292,127.54137,89.380091,False,0.92466193,False,False,True,0.71143601,0.70079292,127.54137,89.380091,0.70092382,0.69793694,124.58634,86.95341,0.91542051,0.75784839,27.295528,20.685872,0.75046894,0.5256695,36.012374,18.930607,0.69158977,0.62872361,57.695044,36.274236,0.74096935,0.74316906,69.558647,51.693834,0.65423377,0.70584263,56.383473,39.797859,0.69319725,0.7526233,53.653011,40.380506
experiment_0a_best,file,16,,6675,115.Brewer_Sparrow/Brewer_Sparrow_0046_796696.jpg,115,114,115.Brewer_Sparrow,117,116,gaussian_blur,gaussian_blur,0,"{""sigma"":1.366853}",0.95105636,2.4881938,1.5371374,0.38633269,0.083059855,0.57542247,0.90500081,-0.18908978,-0.82194095,-0.63285118,0.72136359,1.7355717,127.54137,221.3572,False,0.94374716,True,False,False,0.72136359,1.7355717,127.54137,221.3572,0.71189371,1.7429066,124.58634,217.14236,0.94323267,1.575011,27.295528,42.990756,0.77617552,2.1739412,36.012374,78.288783,0.69532814,1.7787002,57.695044,102.62219,0.70753957,1.7453061,69.558647,121.40113,0.69951713,1.6431452,56.383473,92.646235,0.73187863,1.5780803,53.653011,84.668758
experiment_0a_best,file,16,,6675,115.Brewer_Sparrow/Brewer_Sparrow_0046_796696.jpg,115,114,115.Brewer_Sparrow,117,116,random_erasing,random_erasing,0,"{""area_fraction"":0.141734,""erased"":true,""height"":0.280777,""left"":0.004338,""top"":0.635655,""width"":0.504791}",0.95105636,0.17094326,-0.7801131,0.38633269,0.8428694,0.57542247,0.13405773,-0.18908978,0.70881167,0.89790145,0.90603391,0.2372465,127.54137,30.258744,False,0.96906161,False,False,True,0.90603391,0.2372465,127.54137,30.258744,0.90299957,0.23684999,124.58634,29.508274,0.96759416,0.24536128,27.295528,6.6972656,0.90689193,0.21193886,36.012374,7.6324216,0.91670567,0.24180405,57.695044,13.950895,0.93104665,0.23336378,69.558647,16.232469,0.88186576,0.23907162,56.383473,13.479689,0.86680209,0.24490862,53.653011,13.140085
experiment_0a_best,file,16,,5635,097.Orchard_Oriole/Orchard_Oriole_0080_91417.jpg,97,96,097.Orchard_Oriole,54,53,identity,identity,0,{},0.37123963,0.37123963,0,0.68987864,0.68987864,0.065832131,0.065832131,0.62404651,0.62404651,0,1,1,47.691176,47.691176,False,1,True,True,True,1,1,47.691176,47.691176,1,1,47.034734,47.034734,1,1,7.8855626,7.8855626,1,1,11.950162,11.950162,1,1,20.669627,20.669627,1,1,26.132215,26.132215,1,1,22.045175,22.045175,1,1,21.756468,21.756468
experiment_0a_best,file,16,,5635,097.Orchard_Oriole/Orchard_Oriole_0080_91417.jpg,97,96,097.Orchard_Oriole,54,53,horizontal_flip,horizontal_flip,0,"{""flipped"":true}",0.37123963,0.37351614,0.00227651,0.68987864,0.68830985,0.065832131,0.057921246,0.62404651,0.6303886,0.0063420907,0.658833,0.90272366,47.691176,43.051953,False,0.95293617,True,True,True,0.658833,0.90272366,47.691176,43.051953,0.65022653,0.90048695,47.034734,42.354164,0.94271095,0.97898011,7.8855626,7.7198089,0.77532393,0.87404066,11.950162,10.444928,0.6115802,0.86895441,20.669627,17.960964,0.65538359,0.8722611,26.132215,22.794115,0.61693007,0.93467893,22.045175,20.605161,0.67639451,0.93976565,21.756468,20.445981
experiment_0a_best,file,16,,5635,097.Orchard_Oriole/Orchard_Oriole_0080_91417.jpg,97,96,097.Orchard_Oriole,54,53,color_jitter,color_jitter,0,"{""brightness"":0.993661,""contrast"":1.188732,""hue"":-0.096234,""saturation"":1.072664}",0.37123963,4.3289423,3.9577027,0.68987864,0.013181484,0.065832131,0.00063606352,0.62404651,0.012545421,-0.61150109,0.24462262,2.9886401,47.691176,142.53176,False,0.6405288,False,True,False,0.24462262,2.9886401,47.691176,142.53176,0.23436694,2.9742729,47.034734,139.89414,0.56088856,3.4611941,7.8855626,27.293463,0.31330968,2.2570148,11.950162,26.971692,0.31450946,2.6842092,20.669627,55.481604,0.1342654,2.8388981,26.132215,74.186697,0.21216024,3.2726455,22.045175,72.146044,0.31203442,3.2682398,21.756468,71.105353
experiment_0a_best,file,16,,5635,097.Orchard_Oriole/Orchard_Oriole_0080_91417.jpg,97,96,097.Orchard_Oriole,54,53,rotation,rotation,0,"{""angle"":-10.552573}",0.37123963,0.2398117,-0.13142793,0.68987864,0.78677601,0.065832131,0.020645145,0.62404651,0.76613086,0.14208435,0.73927187,0.68945174,47.691176,32.880765,False,0.93815172,True,True,True,0.73927187,0.68945174,47.691176,32.880765,0.7345301,0.690076,47.034734,32.457541,0.91426476,0.66686238,7.8855626,5.2585851,0.8755795,0.80339157,11.950162,9.6006595,0.75150557,0.73587299,20.669627,15.21022,0.74478384,0.65625943,26.132215,17.149513,0.66873238,0.68988335,22.045175,15.208599,0.72837043,0.65739024,21.756468,14.30249
experiment_0a_best,file,16,,5635,097.Orchard_Oriole/Orchard_Oriole_0080_91417.jpg,97,96,097.Orchard_Oriole,54,53,random_resized_crop,random_resized_crop,0,"{""area_fraction"":0.802429,""aspect"":1.130274,""fallback"":false,""height"":0.84258,""left"":0.021899,""top"":0.099076,""width"":0.952347}",0.37123963,0.29340231,-0.077837318,0.68987864,0.74572206,0.065832131,0.030651579,0.62404651,0.71507048,0.091023965,0.76414535,0.84845481,47.691176,40.463808,False,0.95279604,True,True,True,0.76414535,0.84845481,47.691176,40.463808,0.75930327,0.84911374,47.034734,39.937839,0.94183689,0.82466936,7.8855626,6.5029819,0.84950741,0.80762922,11.950162,9.6513001,0.74578106,0.88078787,20.669627,18.205557,0.74785319,0.86824614,26.132215,22.689195,0.72771884,0.86080871,22.045175,18.976679,0.80172341,0.79015138,21.756468,17.190903
experiment_0a_best,file,16,,5635,097.Orchard_Oriole/Orchard_Oriole_0080_91417.jpg,97,96,097.Orchard_Oriole,54,53,gaussian_blur,gaussian_blur,0,"{""sigma"":1.668636}",0.37123963,0.71788442,0.34664479,0.68987864,0.4877831,0.065832131,0.010464521,0.62404651,0.47731858,-0.14672793,0.36078509,1.7890583,47.691176,85.322295,False,0.8442961,True,True,True,0.36078509,1.7890583,47.691176,85.322295,0.34970402,1.7920942,47.034734,84.290675,0.78272381,1.6774777,7.8855626,13.227855,-0.12916666,2.3986982,11.950162,28.664832,0.28208809,2.0205737,20.669627,41.764506,0.40314424,1.7110017,26.132215,44.712266,0.39903266,1.7282096,22.045175,38.098684,0.5308081,1.5162852,21.756468,32.989011
experiment_0a_best,file,16,,5635,097.Orchard_Oriole/Orchard_Oriole_0080_91417.jpg,97,96,097.Orchard_Oriole,54,53,random_erasing,random_erasing,0,"{""area_fraction"":0.077193,""erased"":true,""height"":0.234236,""left"":0.217816,""top"":0.607407,""width"":0.329552}",0.37123963,0.39287066,0.021631032,0.68987864,0.67511606,0.065832131,0.058820385,0.62404651,0.61629568,-0.0077508353,0.91043435,1.1419098,47.691176,54.459023,False,0.98458004,True,True,True,0.91043435,1.1419098,47.691176,54.459023,0.90876345,1.1409585,47.034734,53.664678,0.96853351,1.1752554,7.8855626,9.26755,0.94453306,1.1473724,11.950162,13.711286,0.92048576,1.1195024,20.669627,23.139698,0.92461312,1.1208624,26.132215,29.290616,0.88427935,1.1876106,22.045175,26.181083,0.89232617,1.1380577,21.756468,24.760116
experiment_0a_best,file,16,,2888,050.Eared_Grebe/Eared_Grebe_0004_34277.jpg,50,49,050.Eared_Grebe,52,51,identity,identity,0,{},0.53648877,0.53648877,0,0.58479798,0.58479798,0.30558786,0.30558786,0.27921012,0.27921012,0,1,1,68.71185,68.71185,False,1,True,True,True,1,1,68.71185,68.71185,1,1,67.081174,67.081174,1,1,14.880674,14.880674,1,1,10.597117,10.597117,1,1,26.097938,26.097938,1,1,38.725126,38.725126,1,1,34.11564,34.11564,1,1,32.295052,32.295052
experiment_0a_best,file,16,,2888,050.Eared_Grebe/Eared_Grebe_0004_34277.jpg,50,49,050.Eared_Grebe,52,51,horizontal_flip,horizontal_flip,0,"{""flipped"":true}",0.53648877,0.17066379,-0.36582498,0.58479798,0.84310502,0.30558786,0.037390742,0.27921012,0.80571428,0.52650416,0.56206516,0.30186273,68.71185,20.741547,False,0.95152199,True,True,True,0.56206516,0.30186273,68.71185,20.741547,0.54754909,0.30244499,67.081174,20.288365,0.87044095,0.28977698,14.880674,4.3120768,0.52452177,0.3092803,10.597117,3.2774795,0.50413047,0.29765804,26.097938,7.7682608,0.58519582,0.27606755,38.725126,10.690751,0.5077488,0.31025004,34.11564,10.584379,0.57704728,0.33091294,32.295052,10.686851
experiment_0a_best,file,16,,2888,050.Eared_Grebe/Eared_Grebe_0004_34277.jpg,50,49,050.Eared_Grebe,52,51,color_jitter,color_jitter,0,"{""brightness"":1.289716,""contrast"":0.940025,""hue"":0.001166,""saturation"":0.69644}",0.53648877,0.6244306,0.087941825,0.58479798,0.53556627,0.30558786,0.23713101,0.27921012,0.29843526,0.019225135,0.88355573,1.1008948,68.71185,75.644518,False,0.97736788,True,True,True,0.88355573,1.1008948,68.71185,75.644518,0.88033342,1.1058618,67.081174,74.18251,0.96112444,0.99459752,14.880674,14.800281,0.55918687,1.3748596,10.597117,14.569548,0.88326114,1.2178184,26.097938,31.782548,0.92648541,1.1203357,38.725126,43.385141,0.87303438,1.0572295,34.11564,36.06806,0.87015576,1.0257932,32.295052,33.128044
experiment_0a_best,file,16,,2888,050.Eared_Grebe/Eared_Grebe_0004_34277.jpg,50,49,050.Eared_Grebe,52,51,rotation,rotation,0,"{""angle"":2.899181}",0.53648877,0.39868781,-0.13780096,0.58479798,0.67120022,0.30558786,0.060512394,0.27921012,0.61068782,0.3314777,0.55392474,0.72199394,68.71185,49.609539,False,0.96280688,True,True,True,0.55392474,0.72199394,68.71185,49.609539,0.54049776,0.7245032,67.081174,48.600525,0.85111956,0.66896587,14.880674,9.954663,0.65974345,0.93494937,10.597117,9.9077678,0.51633794,0.74609572,26.097938,19.471559,0.54031844,0.67176265,38.725126,26.014093,0.49296032,0.76967708,34.11564,26.258026,0.60452642,0.70507223,32.295052,22.770344
experiment_0a_best,file,16,,2888,050.Eared_Grebe/Eared_Grebe_0004_34277.jpg,50,49,050.Eared_Grebe,52,51,random_resized_crop,random_resized_crop,0,"{""area_fraction"":0.615402,""aspect"":1.044688,""fallback"":false,""height"":0.767513,""left"":0.1623,""top"":0.207219,""width"":0.801812}",0.53648877,5.0812345,4.5447457,0.58479798,0.006212235,0.30558786,0.78977978,0.27921012,-0.78356755,-1.0627777,0.6318154,2.3650632,68.71185,162.50787,False,0.85140812,False,True,False,0.6318154,2.3650632,68.71185,162.50787,0.62058589,2.3594863,67.081174,158.27711,0.85000033,2.4756743,14.880674,36.839701,0.49943242,2.9088681,10.597117,30.825615,0.5465723,2.7255685,26.097938,71.131716,0.67862977,2.2139846,38.725126,85.73683,0.60696671,2.207963,34.11564,75.326071,0.63801232,2.4018716,32.295052,77.568569
experiment_0a_best,file,16,,2888,050.Eared_Grebe/Eared_Grebe_0004_34277.jpg,50,49,050.Eared_Grebe,52,51,gaussian_blur,gaussian_blur,0,"{""sigma"":1.307299}",0.53648877,1.8869591,1.3504703,0.58479798,0.1515319,0.30558786,0.0075744484,0.27921012,0.14395746,-0.13525266,0.12167653,2.3497892,68.71185,161.45836,False,0.8124634,False,True,False,0.12167653,2.3497892,68.71185,161.45836,0.10478274,2.3797075,67.081174,159.63357,0.63252537,1.626666,14.880674,24.205887,0.085674173,2.6999653,10.597117,28.611848,-0.075493262,2.9981283,26.097938,78.244965,0.046816929,2.3691349,38.725126,91.745048,0.18934801,2.3565045,34.11564,80.393659,0.28890414,1.8737156,32.295052,60.511743
experiment_0a_best,file,16,,2888,050.Eared_Grebe/Eared_Grebe_0004_34277.jpg,50,49,050.Eared_Grebe,52,51,random_erasing,random_erasing,0,"{""area_fraction"":0.129143,""erased"":true,""height"":0.199472,""left"":0.022008,""top"":0.434783,""width"":0.647426}",0.53648877,0.62619305,0.089704275,0.58479798,0.53462327,0.30558786,0.1923157,0.27921012,0.34230757,0.063097447,0.83080057,0.91456605,68.71185,62.841526,False,0.96382368,True,True,True,0.83080057,0.91456605,68.71185,62.841526,0.82558319,0.90911462,67.081174,60.984476,0.93052258,1.019049,14.880674,15.164136,0.79786041,0.88001774,10.597117,9.3256509,0.78438191,1.0070886,26.097938,26.282936,0.86675548,0.83801272,38.725126,32.452148,0.82524932,0.88816958,34.11564,30.300474,0.81339377,0.96442608,32.295052,31.146191
experiment_0a_best,file,16,,3761,065.Slaty_backed_Gull/Slaty_Backed_Gull_0032_796046.jpg,65,64,065.Slaty_backed_Gull,45,44,identity,identity,0,{},0.75217599,0.75217599,0,0.47133982,0.47133982,0.28740647,0.28740647,0.18393335,0.18393335,0,1,1,112.82092,112.82092,False,1,True,True,True,1,1,112.82092,112.82092,1,1,111.16568,111.16568,1,1,19.254862,19.254862,1,1,19.401784,19.401784,1,1,44.473141,44.473141,1,1,62.309783,62.309783,1,1,53.369487,53.369487,1,1,57.207592,57.207592
experiment_0a_best,file,16,,3761,065.Slaty_backed_Gull/Slaty_Backed_Gull_0032_796046.jpg,65,64,065.Slaty_backed_Gull,45,44,horizontal_flip,horizontal_flip,0,"{""flipped"":true}",0.75217599,0.81111068,0.058934689,0.47133982,0.44436425,0.28740647,0.1762729,0.18393335,0.26809135,0.084158003,0.728751,1.0863436,112.82092,122.56228,False,0.95148337,True,True,True,0.728751,1.0863436,112.82092,122.56228,0.72361188,1.0889108,111.16568,121.04951,0.91859857,0.99700042,19.254862,19.197106,0.60213214,1.089798,19.401784,21.144026,0.70001187,1.082622,44.473141,48.147603,0.74612032,1.0588684,62.309783,65.97786,0.66736284,1.1009916,53.369487,58.759356,0.77461169,1.1168167,57.207592,63.890397
experiment_0a_best,file,16,,3761,065.Slaty_backed_Gull/Slaty_Backed_Gull_0032_796046.jpg,65,64,065.Slaty_backed_Gull,45,44,color_jitter,color_jitter,0,"{""brightness"":1.229567,""contrast"":0.655302,""hue"":-0.078723,""saturation"":0.66837}",0.75217599,1.3833685,0.63119251,0.47133982,0.25073254,0.28740647,0.49757212,0.18393335,-0.24683958,-0.43077293,0.85814378,1.6692706,112.82092,188.32864,False,0.96830642,False,True,False,0.85814378,1.6692706,112.82092,188.32864,0.85512643,1.6713067,111.16568,185.79195,0.96399994,1.5999233,19.254862,30.806303,0.76747241,2.4949568,19.401784,48.406615,0.83282587,1.7530755,44.473141,77.964773,0.87822736,1.6950824,62.309783,105.62022,0.85189429,1.5953064,53.369487,85.140687,0.87740309,1.5331214,57.207592,87.706187
experiment_0a_best,file,16,,3761,065.Slaty_backed_Gull/Slaty_Backed_Gull_0032_796046.jpg,65,64,065.Slaty_backed_Gull,45,44,rotation,rotation,0,"{""angle"":-14.965887}",0.75217599,0.27993518,-0.47224081,0.47133982,0.75583273,0.28740647,0.04065787,0.18393335,0.71517486,0.53124151,0.70681496,0.46449108,112.82092,52.404309,False,0.91780192,True,True,True,0.70681496,0.46449108,112.82092,52.404309,0.70349917,0.46651242,111.16568,51.860172,0.84933583,0.39118461,19.254862,7.5322057,0.44377192,0.47776688,19.401784,9.26953,0.69616888,0.46903286,44.473141,20.859364,0.7599675,0.51118628,62.309783,31.851906,0.66487474,0.45070829,53.369487,24.05407,0.70565281,0.419269,57.207592,23.98537
experiment_0a_best,file,16,,3761,065.Slaty_backed_Gull/Slaty_Backed_Gull_0032_796046.jpg,65,64,065.Slaty_backed_Gull,45,44,random_resized_crop,random_resized_crop,0,"{""area_fraction"":0.883061,""aspect"":0.925111,""fallback"":false,""height"":0.977009,""left"":0.012764,""top"":0.016784,""width"":0.903841}",0.75217599,0.52809066,-0.22408533,0.47133982,0.58972991,0.28740647,0.23177916,0.18393335,0.35795075,0.1740174,0.85256702,0.82594226,112.82092,93.183562,False,0.96845812,True,True,True,0.85256702,0.82594226,112.82092,93.183562,0.849398,0.82602283,111.16568,91.825393,0.95855668,0.82325211,19.254862,15.851606,0.83861661,1.0768239,19.401784,20.892305,0.79464512,0.8853343,44.473141,39.373597,0.87549513,0.84885562,62.309783,52.892009,0.82972312,0.78689643,53.369487,41.996259,0.8836284,0.75870576,57.207592,43.40373
experiment_0a_best,file,16,,3761,065.Slaty_backed_Gull/Slaty_Backed_Gull_0032_796046.jpg,65,64,065.Slaty_backed_Gull,45,44,gaussian_blur,gaussian_blur,0,"{""sigma"":1.402087}",0.75217599,1.433336,0.68116003,0.47133982,0.23851193,0.28740647,0.39329001,0.18393335,-0.15477808,-0.33871143,0.5549239,1.9863081,112.82092,224.0971,False,0.84268457,False,True,False,0.5549239,1.9863081,112.82092,224.0971,0.54862468,1.9966181,111.16568,221.95542,0.82903466,1.6052049,19.254862,30.907999,0.4843418,3.1486746,19.401784,61.089907,0.50185221,2.6342565,44.473141,117.15366,0.60055433,2.0705335,62.309783,129.01449,0.54469454,1.7149793,53.369487,91.527568,0.60678467,1.4398861,57.207592,82.37242
experiment_0a_best,file,16,,3761,065.Slaty_backed_Gull/Slaty_Backed_Gull_0032_796046.jpg,65,64,065.Slaty_backed_Gull,45,44,random_erasing,random_erasing,0,"{""area_fraction"":0.129446,""erased"":true,""height"":0.545019,""left"":0.320443,""top"":0.012841,""width"":0.237507}",0.75217599,0.21307527,-0.53910072,0.47133982,0.80809534,0.28740647,0.040689558,0.18393335,0.76740578,0.58347243,0.7946902,0.34134743,112.82092,38.51113,False,0.92916942,True,True,True,0.7946902,0.34134743,112.82092,38.51113,0.79224334,0.34174588,111.16568,37.990415,0.88039282,0.32778929,19.254862,6.3115376,0.63761653,0.37952926,19.401784,7.3635449,0.76151235,0.32538537,44.473141,14.47091,0.83396465,0.33564038,62.309783,20.913679,0.77091168,0.33695163,53.369487,17.982936,0.80114784,0.35775719,57.207592,20.466427
experiment_0a_best,file,16,,4768,082.Ringed_Kingfisher/Ringed_Kingfisher_0026_72867.jpg,82,81,082.Ringed_Kingfisher,80,79,identity,identity,0,{},0.020419385,0.020419385,0,0.97978771,0.97978771,0.0095539829,0.0095539829,0.97023372,0.97023372,0,1,1,2.5818103,2.5818103,False,1,True,True,True,1,1,2.5818103,2.5818103,1,1,2.5105166,2.5105166,1,1,0.60253728,0.60253728,1,1,0.55718713,0.55718713,1,1,1.0353311,1.0353311,1,1,1.2217507,1.2217507,1,1,1.1938697,1.1938697,1,1,1.4150356,1.4150356
experiment_0a_best,file,16,,4768,082.Ringed_Kingfisher/Ringed_Kingfisher_0026_72867.jpg,82,81,082.Ringed_Kingfisher,80,79,horizontal_flip,horizontal_flip,0,"{""flipped"":true}",0.020419385,0.0077744517,-0.012644934,0.97978771,0.99225569,0.0095539829,0.0029389961,0.97023372,0.98931669,0.019082967,0.66801841,0.36678165,2.5818103,0.94696065,False,0.97421503,True,True,True,0.66801841,0.36678165,2.5818103,0.94696065,0.65035726,0.36649819,2.5105166,0.92009977,0.97041903,0.37166819,0.60253728,0.22394394,0.56227878,0.34831397,0.55718713,0.19407606,0.55039679,0.38451264,1.0353311,0.39809791,0.64218102,0.36652037,1.2217507,0.44779652,0.6239178,0.35970523,1.1938697,0.42944116,0.74529604,0.36413343,1.4150356,0.51526177
experiment_0a_best,file,16,,4768,082.Ringed_Kingfisher/Ringed_Kingfisher_0026_72867.jpg,82,81,082.Ringed_Kingfisher,80,79,color_jitter,color_jitter,0,"{""brightness"":0.860813,""contrast"":1.278874,""hue"":-0.051849,""saturation"":0.688592}",0.020419385,1.3167695,1.2963501,0.97978771,0.26799968,0.0095539829,0.20608185,0.97023372,0.061917827,-0.9083159,0.62249656,30.553765,2.5818103,78.884025,False,0.89231348,True,True,True,0.62249656,30.553765,2.5818103,78.884025,0.60832322,30.58633,2.5105166,76.787488,0.87362077,29.982786,0.60253728,18.065747,0.55233191,29.889128,0.55718713,16.653838,0.42950926,29.011782,1.0353311,30.036801,0.55211979,30.062289,1.2217507,36.728623,0.62584155,32.220902,1.1938697,38.467557,0.73628886,30.706847,1.4150356,43.451281
experiment_0a_best,file,16,,4768,082.Ringed_Kingfisher/Ringed_Kingfisher_0026_72867.jpg,82,81,082.Ringed_Kingfisher,80,79,rotation,rotation,0,"{""angle"":-5.062479}",0.020419385,0.020766571,0.00034718588,0.97978771,0.97944754,0.0095539829,0.010198142,0.97023372,0.9692494,-0.00098432321,0.74817443,1.0279798,2.5818103,2.6540489,False,0.98008567,True,True,True,0.74817443,1.0279798,2.5818103,2.6540489,0.73501251,1.0286807,2.5105166,2.5825199,0.97963879,1.0157356,0.60253728,0.61201857,0.67905417,1.0013027,0.55718713,0.55791295,0.64303959,1.0933205,1.0353311,1.1319488,0.71440718,1.0972673,1.2217507,1.3405871,0.72148225,1.0050215,1.1938697,1.1998646,0.8320733,0.95860525,1.4150356,1.3564606
experiment_0a_best,file,16,,4768,082.Ringed_Kingfisher/Ringed_Kingfisher_0026_72867.jpg,82,81,082.Ringed_Kingfisher,80,79,random_resized_crop,random_resized_crop,0,"{""area_fraction"":0.664752,""aspect"":0.809774,""fallback"":false,""height"":0.906041,""left"":0.23438,""top"":0.083526,""width"":0.733689}",0.020419385,1.3901365,1.3697171,0.97978771,0.24904132,0.0095539829,0.03676375,0.97023372,0.21227757,-0.75795616,0.4505952,34.49079,2.5818103,89.048677,False,0.86815268,True,True,True,0.4505952,34.49079,2.5818103,89.048677,0.43496486,34.789532,2.5105166,87.339697,0.78585808,28.815064,0.60253728,17.362151,0.22740794,42.993333,0.55718713,23.955332,0.48193153,34.481368,1.0353311,35.699634,0.42945375,36.595038,1.2217507,44.710013,0.39984996,37.059732,1.1938697,44.244489,0.49560952,30.176339,1.4150356,42.700594
experiment_0a_best,file,16,,4768,082.Ringed_Kingfisher/Ringed_Kingfisher_0026_72867.jpg,82,81,082.Ringed_Kingfisher,80,79,gaussian_blur,gaussian_blur,0,"{""sigma"":1.851183}",0.020419385,0.21385996,0.19344058,0.97978771,0.80746144,0.0095539829,0.049077682,0.97023372,0.75838376,-0.21184997,0.25713699,14.299822,2.5818103,36.919427,False,0.88341725,True,True,True,0.25713699,14.299822,2.5818103,36.919427,0.23848744,14.569362,2.5105166,36.576625,0.86319182,8.3304794,0.60253728,5.0194244,-0.26315901,22.714955,0.55718713,12.656481,-0.054127804,16.6642,1.0353311,17.252965,0.29543326,16.842441,1.2217507,20.577264,0.35983512,14.73943,1.1938697,17.596958,0.56759024,8.5659451,1.4150356,12.121117
experiment_0a_best,file,16,,4768,082.Ringed_Kingfisher/Ringed_Kingfisher_0026_72867.jpg,82,81,082.Ringed_Kingfisher,80,79,random_erasing,random_erasing,0,"{""area_fraction"":0.110476,""erased"":true,""height"":0.421225,""left"":0.671217,""top"":0.163675,""width"":0.262274}",0.020419385,0.018494425,-0.0019249599,0.97978771,0.98167557,0.0095539829,0.0090154419,0.97023372,0.97266012,0.0024263989,0.98054981,0.90326707,2.5818103,2.3320643,False,0.99474227,True,True,True,0.98054981,0.90326707,2.5818103,2.3320643,0.9797441,0.90174016,2.5105166,2.2638336,0.99454305,0.92937506,0.60253728,0.55998313,0.986005,0.85206278,0.55718713,0.47475842,0.98625627,0.90923039,1.0353311,0.94135454,0.98513675,0.9003966,1.2217507,1.1000602,0.973676,0.90499762,1.1938697,1.0804492,0.97589857,0.90387932,1.4150356,1.2790214
experiment_0a_best,file,16,,2152,038.Great_Crested_Flycatcher/Great_Crested_Flycatcher_0136_29490.jpg,38,37,038.Great_Crested_Flycatcher,77,76,identity,identity,0,{},1.1484685,1.1484685,0,0.31712213,0.31712213,0.43443429,0.43443429,-0.11731216,-0.11731216,0,1,1,97.633402,97.633402,False,1,True,False,False,1,1,97.633402,97.633402,1,1,94.075392,94.075392,1,1,26.117077,26.117077,1,1,25.743733,25.743733,1,1,38.346487,38.346487,1,1,48.951553,48.951553,1,1,44.822134,44.822134,1,1,48.080228,48.080228
experiment_0a_best,file,16,,2152,038.Great_Crested_Flycatcher/Great_Crested_Flycatcher_0136_29490.jpg,38,37,038.Great_Crested_Flycatcher,77,76,horizontal_flip,horizontal_flip,0,"{""flipped"":true}",1.1484685,1.7028538,0.5543853,0.31712213,0.18216293,0.43443429,0.4389745,-0.11731216,-0.25681157,-0.13949941,0.59703312,1.373626,97.633402,134.11178,False,0.94869894,True,False,False,0.59703312,1.373626,97.633402,134.11178,0.57411266,1.3857309,94.075392,130.36318,0.94428932,1.2055978,26.117077,31.486691,0.39663492,1.8024192,25.743733,46.400999,0.57121173,1.3808421,38.346487,52.950445,0.55903408,1.29694,48.951553,63.487228,0.55274133,1.4461859,44.822134,64.821141,0.69588787,1.2830117,48.080228,61.687496
experiment_0a_best,file,16,,2152,038.Great_Crested_Flycatcher/Great_Crested_Flycatcher_0136_29490.jpg,38,37,038.Great_Crested_Flycatcher,77,76,color_jitter,color_jitter,0,"{""brightness"":1.223788,""contrast"":0.837195,""hue"":0.091453,""saturation"":1.142645}",1.1484685,4.7632213,3.6147528,0.31712213,0.0085380618,0.43443429,0.0031187064,-0.11731216,0.0054193554,0.12273152,0.37360902,2.1358554,97.633402,208.53083,False,0.78881228,False,False,False,0.37360902,2.1358554,97.633402,208.53083,0.36395464,2.1872739,94.075392,205.76865,0.63516731,1.2952643,26.117077,33.828516,0.23253301,3.1256201,25.743733,80.46513,0.37960863,2.4369094,38.346487,93.446913,0.3613063,2.0672504,48.951553,101.19512,0.38482512,2.113874,44.822134,94.748346,0.415941,1.8504971,48.080228,88.972321
experiment_0a_best,file,16,,2152,038.Great_Crested_Flycatcher/Great_Crested_Flycatcher_0136_29490.jpg,38,37,038.Great_Crested_Flycatcher,77,76,rotation,rotation,0,"{""angle"":-4.268931}",1.1484685,1.0761782,-0.072290301,0.31712213,0.34089589,0.43443429,0.20743665,-0.11731216,0.13345924,0.2507714,0.72737091,1.2420928,97.633402,121.26974,False,0.98433769,False,False,True,0.72737091,1.2420928,97.633402,121.26974,0.7182173,1.2628066,94.075392,118.79902,0.92004523,0.9325132,26.117077,24.354519,0.73030142,1.7226763,25.743733,44.348118,0.64668567,1.2441661,38.346487,47.7094,0.74012827,1.2522932,48.951553,61.301699,0.69130338,1.2609252,44.822134,56.51736,0.78456654,1.1235378,48.080228,54.019954
experiment_0a_best,file,16,,2152,038.Great_Crested_Flycatcher/Great_Crested_Flycatcher_0136_29490.jpg,38,37,038.Great_Crested_Flycatcher,77,76,random_resized_crop,random_resized_crop,0,"{""area_fraction"":0.87308,""aspect"":0.882284,""fallback"":false,""height"":0.994771,""left"":0.099361,""top"":0.002423,""width"":0.87767}",1.1484685,1.1767426,0.028274059,0.31712213,0.3082813,0.43443429,0.085385866,-0.11731216,0.22289544,0.3402076,0.64913771,1.1650349,97.633402,113.74632,False,0.96272433,False,False,True,0.64913771,1.1650349,97.633402,113.74632,0.63852284,1.18313,94.075392,111.30342,0.85412356,0.89777494,26.117077,23.447257,0.68643531,1.4642057,25.743733,37.69412,0.64026139,1.1639497,38.346487,44.633381,0.59216519,1.1263936,48.951553,55.138714,0.61492714,1.2274771,44.822134,55.018142,0.6977727,1.1216181,48.080228,53.927656
experiment_0a_best,file,16,,2152,038.Great_Crested_Flycatcher/Great_Crested_Flycatcher_0136_29490.jpg,38,37,038.Great_Crested_Flycatcher,77,76,gaussian_blur,gaussian_blur,0,"{""sigma"":1.862236}",1.1484685,4.5350347,3.3865662,0.31712213,0.010726536,0.43443429,0.0020653061,-0.11731216,0.0086612296,0.12597339,0.31538682,1.0326012,97.633402,100.81637,False,0.71180975,False,False,False,0.31538682,1.0326012,97.633402,100.81637,0.30037204,1.0506093,94.075392,98.83648,0.59986325,0.76126028,26.117077,19.881893,0.2635922,0.90427579,25.743733,23.279434,0.25028907,0.9676916,38.346487,37.107573,0.25428672,0.99187691,48.951553,48.553915,0.28499519,1.141331,44.822134,51.156892,0.39598469,1.1152448,48.080228,53.621223
experiment_0a_best,file,16,,2152,038.Great_Crested_Flycatcher/Great_Crested_Flycatcher_0136_29490.jpg,38,37,038.Great_Crested_Flycatcher,77,76,random_erasing,random_erasing,0,"{""area_fraction"":0.054105,""erased"":true,""height"":0.265571,""left"":0.38321,""top"":0.489432,""width"":0.203729}",1.1484685,1.131747,-0.016721487,0.31712213,0.32246941,0.43443429,0.53573871,-0.11731216,-0.21326929,-0.09595713,0.91099713,0.94845694,97.633402,92.601078,False,0.99060661,True,False,False,0.91099713,0.94845694,97.633402,92.601078,0.90526335,0.93808546,94.075392,88.250757,0.98364857,1.0739833,26.117077,28.049304,0.86534417,0.84706596,25.743733,21.80664,0.91485909,0.89133005,38.346487,34.179376,0.92263721,0.90077043,48.951553,44.094112,0.88566798,0.96391973,44.822134,43.20494,0.91460032,1.0046978,48.080228,48.306101
experiment_0a_best,file,16,,4699,081.Pied_Kingfisher/Pied_Kingfisher_0106_71404.jpg,81,80,081.Pied_Kingfisher,79,78,identity,identity,0,{},0.032668654,0.032668654,0,0.96785921,0.96785921,0.01256953,0.01256953,0.95528968,0.95528968,0,1,1,6.88487,6.88487,False,1,True,True,True,1,1,6.88487,6.88487,1,1,6.8091574,6.8091574,1,1,1.0182383,1.0182383,1,1,1.9958772,1.9958772,1,1,3.0766603,3.0766603,1,1,3.8342461,3.8342461,1,1,3.2527913,3.2527913,1,1,2.7628186,2.7628186
experiment_0a_best,file,16,,4699,081.Pied_Kingfisher/Pied_Kingfisher_0106_71404.jpg,81,80,081.Pied_Kingfisher,79,78,horizontal_flip,horizontal_flip,0,"{""flipped"":true}",0.032668654,0.1633486,0.13067995,0.96785921,0.84929508,0.01256953,0.043367434,0.95528968,0.80592765,-0.14936203,0.70661359,4.9329472,6.88487,33.9627,False,0.96307313,True,True,True,0.70661359,4.9329472,6.88487,33.9627,0.70205479,4.9469165,6.8091574,33.684333,0.95097288,4.2617063,1.0182383,4.3394328,0.53095326,6.0197695,1.9958772,12.014721,0.74072915,4.788188,3.0766603,14.731628,0.73953911,4.8821897,3.8342461,18.719517,0.66762736,4.8147998,3.2527913,15.661539,0.7504487,4.8229757,2.7628186,13.325007
experiment_0a_best,file,16,,4699,081.Pied_Kingfisher/Pied_Kingfisher_0106_71404.jpg,81,80,081.Pied_Kingfisher,79,78,color_jitter,color_jitter,0,"{""brightness"":1.227911,""contrast"":1.201977,""hue"":0.044913,""saturation"":0.656793}",0.032668654,0.084758125,0.052089471,0.96785921,0.91873449,0.01256953,0.012569454,0.95528968,0.90616504,-0.049124642,0.81915518,2.4605404,6.88487,16.940501,False,0.96396697,True,True,True,0.81915518,2.4605404,6.88487,16.940501,0.81705204,2.4671947,6.8091574,16.799517,0.93552771,2.1419446,1.0182383,2.1810101,0.74788231,2.1153806,1.9958772,4.2220398,0.73495684,2.4479384,3.0766603,7.5314748,0.84769586,2.3637688,3.8342461,9.0632714,0.85154203,2.6729183,3.2527913,8.6944452,0.84971075,2.5577998,2.7628186,7.0667367
experiment_0a_best,file,16,,4699,081.Pied_Kingfisher/Pied_Kingfisher_0106_71404.jpg,81,80,081.Pied_Kingfisher,79,78,rotation,rotation,0,"{""angle"":-7.596268}",0.032668654,0.022194333,-0.010474321,0.96785921,0.97805017,0.01256953,0.0023171583,0.95528968,0.97573301,0.020443335,0.79882877,0.75401108,6.88487,5.1912682,False,0.95499754,True,True,True,0.79882877,0.75401108,6.88487,5.1912682,0.7965885,0.75544896,6.8091574,5.1439709,0.91262289,0.68663994,1.0182383,0.69916311,0.71877223,0.61686111,1.9958772,1.231179,0.75783962,0.79428426,3.0766603,2.4437428,0.81425909,0.74104448,3.8342461,2.8413469,0.8219954,0.79468827,3.2527913,2.5849551,0.82039352,0.74331988,2.7628186,2.053658
experiment_0a_best,file,16,,4699,081.Pied_Kingfisher/Pied_Kingfisher_0106_71404.jpg,81,80,081.Pied_Kingfisher,79,78,random_resized_crop,random_resized_crop,0,"{""area_fraction"":0.804252,""aspect"":0.862595,""fallback"":false,""height"":0.965589,""left"":0.149111,""top"":0.020984,""width"":0.832913}",0.032668654,0.0096415095,-0.023027144,0.96785921,0.99040484,0.01256953,0.002308904,0.95528968,0.98809594,0.032806262,0.83787957,0.32110375,6.88487,2.2107575,False,0.97636187,True,True,True,0.83787957,0.32110375,6.88487,2.2107575,0.83541234,0.3216268,6.8091574,2.1900075,0.96010685,0.29677251,1.0182383,0.30218515,0.76033358,0.28002469,1.9958772,0.5588949,0.81923517,0.35725916,3.0766603,1.0991651,0.84962395,0.31137274,3.8342461,1.1938797,0.84655529,0.31820062,3.2527913,1.0350402,0.861111,0.31944938,2.7628186,0.88258068
experiment_0a_best,file,16,,4699,081.Pied_Kingfisher/Pied_Kingfisher_0106_71404.jpg,81,80,081.Pied_Kingfisher,79,78,gaussian_blur,gaussian_blur,0,"{""sigma"":1.382606}",0.032668654,0.16094005,0.1282714,0.96785921,0.8513431,0.01256953,0.016481083,0.95528968,0.83486201,-0.12042767,0.49307031,6.0367775,6.88487,41.562428,False,0.91336119,True,True,True,0.49307031,6.0367775,6.88487,41.562428,0.48800252,6.0712505,6.8091574,41.340101,0.85201275,4.2162957,1.0182383,4.2931939,0.52011837,6.422196,1.9958772,12.817914,0.22317176,6.5463259,3.0766603,20.140821,0.51254555,5.8270604,3.8342461,22.342384,0.58555907,6.4501614,3.2527913,20.981029,0.67528068,5.1144674,2.7628186,14.130345
experiment_0a_best,file,16,,4699,081.Pied_Kingfisher/Pied_Kingfisher_0106_71404.jpg,81,80,081.Pied_Kingfisher,79,78,random_erasing,random_erasing,0,"{""area_fraction"":0.101314,""erased"":true,""height"":0.340453,""left"":0.034378,""top"":0.062981,""width"":0.297587}",0.032668654,0.020147555,-0.012521099,0.96785921,0.98005408,0.01256953,0.010889878,0.95528968,0.9691642,0.013874523,0.87008176,0.65134755,6.88487,4.4844432,False,0.97942364,True,True,True,0.87008176,0.65134755,6.88487,4.4844432,0.86787395,0.64959031,6.8091574,4.4231627,0.96367159,0.72559158,1.0182383,0.73882516,0.93246984,0.61756948,1.9958772,1.2325928,0.8457033,0.62335406,3.0766603,1.9178487,0.87499505,0.6326574,3.8342461,2.4257642,0.8529028,0.67563801,3.2527913,2.1977094,0.87477818,0.69175689,2.7628186,1.9111988
experiment_0a_best,file,16,,1229,022.Chuck_will_Widow/Chuck_Will_Widow_0050_22750.jpg,22,21,022.Chuck_will_Widow,105,104,identity,identity,0,{},0.45565546,0.45565546,0,0.63403225,0.63403225,0.27998608,0.27998608,0.35404617,0.35404617,0,1,1,80.909727,80.909727,False,1,True,True,True,1,1,80.909727,80.909727,1,1,79.648183,79.648183,1,1,14.232038,14.232038,1,1,11.774271,11.774271,1,1,35.788482,35.788482,1,1,45.035725,45.035725,1,1,41.088844,41.088844,1,1,34.754487,34.754487
experiment_0a_best,file,16,,1229,022.Chuck_will_Widow/Chuck_Will_Widow_0050_22750.jpg,22,21,022.Chuck_will_Widow,105,104,horizontal_flip,horizontal_flip,0,"{""flipped"":true}",0.45565546,0.13231133,-0.32334413,0.63403225,0.87606823,0.27998608,0.098435931,0.35404617,0.7776323,0.42358614,0.79479641,0.32467461,80.909727,26.269334,False,0.98031527,True,True,True,0.79479641,0.32467461,80.909727,26.269334,0.78824391,0.3229059,79.648183,25.718868,0.9799529,0.37588123,14.232038,5.349556,0.59659179,0.34099595,11.774271,4.0149788,0.75314393,0.31445933,35.788482,11.254022,0.80159108,0.31490426,45.035725,14.181942,0.79519069,0.31969646,41.088844,13.135958,0.81712988,0.34648342,34.754487,12.041854
experiment_0a_best,file,16,,1229,022.Chuck_will_Widow/Chuck_Will_Widow_0050_22750.jpg,22,21,022.Chuck_will_Widow,105,104,color_jitter,color_jitter,0,"{""brightness"":1.260525,""contrast"":1.196604,""hue"":0.024364,""saturation"":0.72662}",0.45565546,1.1990712,0.74341571,0.63403225,0.30147409,0.27998608,0.37738398,0.35404617,-0.075909883,-0.42995605,0.75789664,1.5109924,80.909727,122.25398,False,0.93837756,False,True,False,0.75789664,1.5109924,80.909727,122.25398,0.75242866,1.5039541,79.648183,119.78721,0.91433167,1.7168861,14.232038,24.434788,0.58876843,2.0250756,11.774271,23.843789,0.72411891,1.3122919,35.788482,46.964933,0.77665151,1.5205188,45.035725,68.477668,0.75914311,1.4995635,41.088844,61.615331,0.76583956,1.5992099,34.754487,55.579722
experiment_0a_best,file,16,,1229,022.Chuck_will_Widow/Chuck_Will_Widow_0050_22750.jpg,22,21,022.Chuck_will_Widow,105,104,rotation,rotation,0,"{""angle"":12.05653}",0.45565546,0.047985304,-0.40767015,0.63403225,0.95314777,0.27998608,0.038110297,0.35404617,0.91503747,0.56099131,0.79481995,0.12391142,80.909727,10.025639,False,0.9641993,True,True,True,0.79481995,0.12391142,80.909727,10.025639,0.78911499,0.12355806,79.648183,9.8411748,0.96172132,0.13450958,14.232038,1.9143455,0.78827031,0.15548181,11.774271,1.830685,0.6974033,0.11996207,35.788482,4.2932603,0.81153069,0.12286719,45.035725,5.533413,0.81409962,0.12340885,41.088844,5.0707269,0.8145693,0.12453971,34.754487,4.3283136
experiment_0a_best,file,16,,1229,022.Chuck_will_Widow/Chuck_Will_Widow_0050_22750.jpg,22,21,022.Chuck_will_Widow,105,104,random_resized_crop,random_resized_crop,0,"{""area_fraction"":0.855308,""aspect"":1.098054,""fallback"":false,""height"":0.88257,""left"":0.022576,""top"":0.032202,""width"":0.96911}",0.45565546,1.1845095,0.72885406,0.63403225,0.30589619,0.27998608,0.55088025,0.35404617,-0.24498406,-0.59903023,0.84491574,1.8798412,80.909727,152.09744,False,0.98334932,False,True,False,0.84491574,1.8798412,80.909727,152.09744,0.84016457,1.8725544,79.648183,149.14556,0.98305961,2.0952739,14.232038,29.820018,0.79447854,2.271999,11.774271,26.751132,0.78554346,1.7687679,35.788482,63.301519,0.8480352,1.8852163,45.035725,84.902083,0.85379781,1.8813106,41.088844,77.300877,0.87207019,1.8950864,34.754487,65.862756
experiment_0a_best,file,16,,1229,022.Chuck_will_Widow/Chuck_Will_Widow_0050_22750.jpg,22,21,022.Chuck_will_Widow,105,104,gaussian_blur,gaussian_blur,0,"{""sigma"":1.186888}",0.45565546,1.775703,1.3200475,0.63403225,0.16936438,0.27998608,0.69037765,0.35404617,-0.52101327,-0.87505944,0.69717246,2.3085067,80.909727,186.78065,False,0.93590492,False,True,False,0.69717246,2.3085067,80.909727,186.78065,0.6893042,2.3048547,79.648183,183.57749,0.93267217,2.4200979,14.232038,34.442926,0.54820171,2.7154612,11.774271,31.972576,0.64104396,2.243174,35.788482,80.279793,0.67258863,2.1915587,45.035725,98.698436,0.70943442,2.3647315,41.088844,97.164083,0.75679525,2.4161599,34.754487,83.972399
experiment_0a_best,file,16,,1229,022.Chuck_will_Widow/Chuck_Will_Widow_0050_22750.jpg,22,21,022.Chuck_will_Widow,105,104,random_erasing,random_erasing,0,"{""area_fraction"":0.156698,""erased"":true,""height"":0.374163,""left"":0.438357,""top"":0.310344,""width"":0.418796}",0.45565546,0.54306591,0.08741045,0.63403225,0.58096433,0.27998608,0.3861486,0.35404617,0.19481573,-0.15923044,0.81389914,1.1322628,80.909727,91.611072,False,0.93715066,True,True,True,0.81389914,1.1322628,80.909727,91.611072,0.8103398,1.1310827,79.648183,90.08868,0.9222158,1.1686198,14.232038,16.631841,0.72981812,1.2377445,11.774271,14.573539,0.79714794,1.0959826,35.788482,39.223552,0.84109861,1.1191966,45.035725,50.403831,0.82141188,1.1121384,41.088844,45.696484,0.77247856,1.198979,34.754487,41.669899
experiment_0a_best,file,16,,4770,082.Ringed_Kingfisher/Ringed_Kingfisher_0077_72872.jpg,82,81,082.Ringed_Kingfisher,79,78,identity,identity,0,{},0.3521103,0.3521103,0,0.70320255,0.70320255,0.24431889,0.24431889,0.45888366,0.45888366,0,1,1,54.839737,54.839737,False,1,True,True,True,1,1,54.839737,54.839737,1,1,53.543321,53.543321,1,1,11.853672,11.853672,1,1,18.051427,18.051427,1,1,26.039245,26.039245,1,1,25.868346,25.868346,1,1,25.627003,25.627003,1,1,23.174908,23.174908
experiment_0a_best,file,16,,4770,082.Ringed_Kingfisher/Ringed_Kingfisher_0077_72872.jpg,82,81,082.Ringed_Kingfisher,79,78,horizontal_flip,horizontal_flip,0,"{""flipped"":true}",0.3521103,0.071372569,-0.28073773,0.70320255,0.93111491,0.24431889,0.04058297,0.45888366,0.89053194,0.43164828,0.59487273,0.17477828,54.839737,9.5847951,False,0.95891988,True,True,True,0.59487273,0.17477828,54.839737,9.5847951,0.57423876,0.17228764,53.543321,9.2248527,0.94180282,0.21950982,11.853672,2.6019974,0.69898448,0.11255227,18.051427,2.0317291,0.60975898,0.15610664,26.039245,4.0648989,0.52975593,0.17286028,25.868346,4.4716095,0.50256355,0.18409454,25.627003,4.7177911,0.65413322,0.20328118,23.174908,4.7110228
experiment_0a_best,file,16,,4770,082.Ringed_Kingfisher/Ringed_Kingfisher_0077_72872.jpg,82,81,082.Ringed_Kingfisher,79,78,color_jitter,color_jitter,0,"{""brightness"":1.100598,""contrast"":0.995812,""hue"":-0.078499,""saturation"":0.962092}",0.3521103,1.4121176,1.0600073,0.70320255,0.2436268,0.24431889,0.28535244,0.45888366,-0.041725636,-0.50060929,0.64185741,1.6146566,54.839737,88.547346,False,0.9120183,False,True,False,0.64185741,1.6146566,54.839737,88.547346,0.63069903,1.6112601,53.543321,86.272217,0.86046336,1.6824617,11.853672,19.943349,0.7315812,1.303394,18.051427,23.528121,0.58628124,1.4912431,26.039245,38.830845,0.59152251,1.70383,25.868346,44.075264,0.63371538,1.6478529,25.627003,42.229532,0.68893379,1.7556987,23.174908,40.688156
experiment_0a_best,file,16,,4770,082.Ringed_Kingfisher/Ringed_Kingfisher_0077_72872.jpg,82,81,082.Ringed_Kingfisher,79,78,rotation,rotation,0,"{""angle"":-2.850121}",0.3521103,0.49082696,0.13871667,0.70320255,0.61211997,0.24431889,0.36265871,0.45888366,0.24946126,-0.20942239,0.85621145,1.4002523,54.839737,76.789466,False,0.96549952,True,True,True,0.85621145,1.4002523,54.839737,76.789466,0.85098251,1.40033,53.543321,74.97832,0.9630278,1.3986649,11.853672,16.579314,0.89246389,1.3666808,18.051427,24.670538,0.83329214,1.3227878,26.039245,34.444394,0.83862879,1.4369213,25.868346,37.170778,0.84734536,1.4329156,25.627003,36.721331,0.87008919,1.428897,23.174908,33.114556
experiment_0a_best,file,16,,4770,082.Ringed_Kingfisher/Ringed_Kingfisher_0077_72872.jpg,82,81,082.Ringed_Kingfisher,79,78,random_resized_crop,random_resized_crop,0,"{""area_fraction"":0.529916,""aspect"":1.210782,""fallback"":false,""height"":0.661562,""left"":0.114154,""top"":0.067301,""width"":0.801007}",0.3521103,1.4679418,1.1158315,0.70320255,0.23039921,0.24431889,0.39827445,0.45888366,-0.16787525,-0.6267589,0.60365629,1.8813924,54.839737,103.17506,False,0.87041789,False,True,False,0.60365629,1.8813924,54.839737,103.17506,0.59111924,1.8776202,53.543321,100.53402,0.84959859,1.9567708,11.853672,23.194919,0.8008628,1.4092236,18.051427,25.438497,0.52868328,1.688893,26.039245,43.977498,0.58630725,2.160724,25.868346,55.894355,0.57393228,1.9783113,25.627003,50.69819,0.62045817,1.8466367,23.174908,42.795637
experiment_0a_best,file,16,,4770,082.Ringed_Kingfisher/Ringed_Kingfisher_0077_72872.jpg,82,81,082.Ringed_Kingfisher,79,78,gaussian_blur,gaussian_blur,0,"{""sigma"":1.851029}",0.3521103,3.6395903,3.28748,0.70320255,0.026263101,0.24431889,0.085972905,0.45888366,-0.059709804,-0.51859346,0.24811428,1.9927517,54.839737,109.28198,False,0.77162796,False,True,False,0.24811428,1.9927517,54.839737,109.28198,0.22788724,1.9803653,53.543321,106.03534,0.61619893,2.2305082,11.853672,26.439712,0.2452633,1.9582401,18.051427,35.349029,0.053043258,1.5356323,26.039245,39.986706,0.25893552,1.8907242,25.868346,48.909906,0.26938938,2.0769285,25.627003,53.225451,0.29662673,2.4294222,23.174908,56.301637
experiment_0a_best,file,16,,4770,082.Ringed_Kingfisher/Ringed_Kingfisher_0077_72872.jpg,82,81,082.Ringed_Kingfisher,79,78,random_erasing,random_erasing,0,"{""area_fraction"":0.143203,""erased"":true,""height"":0.433551,""left"":0.519548,""top"":0.370094,""width"":0.330302}",0.3521103,4.0838933,3.731783,0.70320255,0.016841769,0.24431889,0.8595764,0.45888366,-0.84273463,-1.3016183,0.59366844,3.12877,54.839737,171.58093,False,0.85036278,False,True,False,0.59366844,3.12877,54.839737,171.58093,0.58126047,3.1298328,53.543321,167.58164,0.84870977,3.1070062,11.853672,36.829432,0.8283403,3.3312643,18.051427,60.134075,0.56325749,2.9829792,26.039245,77.674525,0.48017902,2.9687301,25.868346,76.796137,0.52398382,3.1537327,25.627003,80.820715,0.63369258,3.3436562,23.174908,77.488926
experiment_0a_best,file,16,,822,015.Lazuli_Bunting/Lazuli_Bunting_0105_15017.jpg,15,14,015.Lazuli_Bunting,158,157,identity,identity,0,{},0.0014075858,0.0014075858,0,0.99859339,0.99859339,0.00029389194,0.00029389194,0.9982995,0.9982995,0,1,1,0.19988242,0.19988242,False,1,True,True,True,1,1,0.19988242,0.19988242,1,1,0.19501102,0.19501102,1,1,0.043859837,0.043859837,1,1,0.035989988,0.035989988,1,1,0.064765135,0.064765135,1,1,0.094396308,0.094396308,1,1,0.097904027,0.097904027,1,1,0.11850584,0.11850584
experiment_0a_best,file,16,,822,015.Lazuli_Bunting/Lazuli_Bunting_0105_15017.jpg,15,14,015.Lazuli_Bunting,158,157,horizontal_flip,horizontal_flip,0,"{""flipped"":true}",0.0014075858,0.0046541695,0.0032465837,0.99859339,0.99535662,0.00029389194,0.0011620756,0.9982995,0.99419454,-0.0041049542,0.58223895,3.5814894,0.19988242,0.71587678,False,0.97311193,True,True,True,0.58223895,3.5814894,0.19988242,0.71587678,0.56543468,3.6017286,0.19501102,0.70237676,0.96639816,3.1548394,0.043859837,0.13837074,0.39564668,3.661172,0.035989988,0.13176554,0.35636993,4.2489317,0.064765135,0.27518264,0.43692952,3.5762235,0.094396308,0.3375823,0.51940766,3.4108463,0.097904027,0.33393558,0.77340262,3.5277236,0.11850584,0.41805584
experiment_0a_best,file,16,,822,015.Lazuli_Bunting/Lazuli_Bunting_0105_15017.jpg,15,14,015.Lazuli_Bunting,158,157,color_jitter,color_jitter,0,"{""brightness"":1.229233,""contrast"":0.602735,""hue"":-0.078445,""saturation"":0.774179}",0.0014075858,0.142418,0.14101041,0.99859339,0.86725867,0.00029389194,0.0020683075,0.9982995,0.86519036,-0.13310914,0.52243872,113.61431,0.19988242,22.709504,False,0.86326849,True,True,True,0.52243872,113.61431,0.19988242,22.709504,0.51115046,114.77361,0.19501102,22.382118,0.83327234,87.601372,0.043859837,3.8421819,0.13746703,113.23596,0.035989988,4.075361,0.40641773,147.74524,0.064765135,9.5687405,0.46872255,130.34639,0.094396308,12.304218,0.51791476,113.75343,0.097904027,11.136919,0.66200431,91.417588,0.11850584,10.833518
experiment_0a_best,file,16,,822,015.Lazuli_Bunting/Lazuli_Bunting_0105_15017.jpg,15,14,015.Lazuli_Bunting,158,157,rotation,rotation,0,"{""angle"":-14.717126}",0.0014075858,0.0014688903,6.1304541e-05,0.99859339,0.99853218,0.00029389194,0.00052718975,0.9982995,0.99800499,-0.00029451179,0.73670225,0.98738562,0.19988242,0.19736103,False,0.97691536,True,True,True,0.73670225,0.98738562,0.19988242,0.19736103,0.72382616,0.97938547,0.19501102,0.19099096,0.96402977,1.1340127,0.043859837,0.049737611,0.59629178,0.88345675,0.035989988,0.031795598,0.62312179,0.92481385,0.064765135,0.059895694,0.67987755,0.90560649,0.094396308,0.085485909,0.69998217,1.0175775,0.097904027,0.099624936,0.80505746,1.0212254,0.11850584,0.12102117
experiment_0a_best,file,16,,822,015.Lazuli_Bunting/Lazuli_Bunting_0105_15017.jpg,15,14,015.Lazuli_Bunting,158,157,random_resized_crop,random_resized_crop,0,"{""area_fraction"":0.793131,""aspect"":1.158802,""fallback"":false,""height"":0.827309,""left"":0.02984,""top"":0.030755,""width"":0.958688}",0.0014075858,0.0038980467,0.0024904609,0.99859339,0.99610955,0.00029389194,0.00015252913,0.9982995,0.99595702,-0.002342482,0.74532235,3.2932822,0.19988242,0.65826922,False,0.97571301,True,True,True,0.74532235,3.2932822,0.19988242,0.65826922,0.73795083,3.32181,0.19501102,0.64778956,0.9441027,2.6673995,0.043859837,0.11699171,0.59050716,3.4008726,0.035989988,0.12239736,0.68139502,4.2560651,0.064765135,0.27564463,0.69210142,3.5006616,0.094396308,0.33044953,0.71606174,3.2327754,0.097904027,0.31650173,0.84725299,2.9146101,0.11850584,0.34539832
experiment_0a_best,file,16,,822,015.Lazuli_Bunting/Lazuli_Bunting_0105_15017.jpg,15,14,015.Lazuli_Bunting,158,157,gaussian_blur,gaussian_blur,0,"{""sigma"":1.667147}",0.0014075858,0.00025662468,-0.0011509611,0.99859339,0.9997434,0.00029389194,6.4735068e-05,0.9982995,0.99967867,0.0013791689,0.57321972,0.20915445,0.19988242,0.041806299,False,0.96825433,True,True,True,0.57321972,0.20915445,0.19988242,0.041806299,0.55383873,0.20929973,0.19501102,0.040815754,0.96206433,0.20626146,0.043859837,0.009046594,0.298815,0.23852985,0.035989988,0.0085846863,0.36692299,0.25463535,0.064765135,0.016491493,0.40689336,0.21112105,0.094396308,0.019929048,0.528531,0.2000612,0.097904027,0.019586797,0.77934337,0.19599088,0.11850584,0.023226064
experiment_0a_best,file,16,,822,015.Lazuli_Bunting/Lazuli_Bunting_0105_15017.jpg,15,14,015.Lazuli_Bunting,158,157,random_erasing,random_erasing,0,"{""area_fraction"":0.137876,""erased"":true,""height"":0.397129,""left"":0.397477,""top"":0.086227,""width"":0.347181}",0.0014075858,1.3360537,1.3346461,0.99859339,0.26288101,0.00029389194,0.010517213,0.9982995,0.2523638,-0.7459357,0.38604083,567.62182,0.19988242,113.45762,False,0.8261745,True,True,True,0.38604083,567.62182,0.19988242,113.45762,0.36915704,572.08655,0.19501102,111.56318,0.79873584,470.74432,0.043859837,20.646769,0.32002605,698.68414,0.035989988,25.145634,0.39960476,847.49795,0.064765135,54.888319,0.2749943,605.76736,0.094396308,57.182203,0.37471204,553.03377,0.097904027,54.144233,0.47174873,430.26839,0.11850584,50.989317
experiment_0a_best,file,16,,11174,190.Red_cockaded_Woodpecker/Red_Cockaded_Woodpecker_0029_794724.jpg,190,189,190.Red_cockaded_Woodpecker,94,93,identity,identity,0,{},1.5841995,1.5841995,0,0.20511192,0.20511192,0.26122725,0.26122725,-0.056115329,-0.056115329,0,1,1,115.44176,115.44176,False,1,True,False,False,1,1,115.44176,115.44176,1,1,113.81588,113.81588,1,1,19.306645,19.306645,1,1,34.075194,34.075194,1,1,48.524107,48.524107,1,1,61.51701,61.51701,1,1,54.663737,54.663737,1,1,51.632155,51.632155
experiment_0a_best,file,16,,11174,190.Red_cockaded_Woodpecker/Red_Cockaded_Woodpecker_0029_794724.jpg,190,189,190.Red_cockaded_Woodpecker,94,93,horizontal_flip,horizontal_flip,0,"{""flipped"":true}",1.5841995,1.0202228,-0.56397676,0.20511192,0.36051461,0.26122725,0.1747898,-0.056115329,0.18572481,0.24184014,0.74098818,0.81378884,115.44176,93.945217,False,0.97129917,False,False,True,0.74098818,0.81378884,115.44176,93.945217,0.73445773,0.81379321,113.81588,92.622588,0.96798412,0.81363671,19.306645,15.708595,0.67570052,0.68189571,34.075194,23.235729,0.72119717,0.88737945,48.524107,43.059295,0.74316685,0.86099799,61.51701,52.966022,0.72160377,0.76587703,54.663737,41.8657,0.78166907,0.78117361,51.632155,40.333677
experiment_0a_best,file,16,,11174,190.Red_cockaded_Woodpecker/Red_Cockaded_Woodpecker_0029_794724.jpg,190,189,190.Red_cockaded_Woodpecker,94,93,color_jitter,color_jitter,0,"{""brightness"":0.970499,""contrast"":1.001765,""hue"":-0.002398,""saturation"":1.223477}",1.5841995,1.4289187,-0.15528083,0.20511192,0.23956783,0.26122725,0.24565594,-0.056115329,-0.0060881078,0.050027221,0.96583152,0.93464551,115.44176,107.89712,False,0.99546492,True,False,False,0.96583152,0.93464551,115.44176,107.89712,0.96497624,0.93346094,113.81588,106.24268,0.99517682,0.9749191,19.306645,18.822417,0.97535078,0.84873557,34.075194,28.920829,0.96225557,0.88217948,48.524107,42.806971,0.96509083,0.93423468,61.51701,57.471324,0.9628854,0.97417944,54.663737,53.252288,0.96983998,0.96448717,51.632155,49.798551
experiment_0a_best,file,16,,11174,190.Red_cockaded_Woodpecker/Red_Cockaded_Woodpecker_0029_794724.jpg,190,189,190.Red_cockaded_Woodpecker,94,93,rotation,rotation,0,"{""angle"":10.108824}",1.5841995,2.4423213,0.85812175,0.20511192,0.086958751,0.26122725,0.3410601,-0.056115329,-0.25410135,-0.19798602,0.79306898,1.1126555,115.44176,128.44691,False,0.94396442,True,False,False,0.79306898,1.1126555,115.44176,128.44691,0.78856479,1.1106042,113.81588,126.40439,0.94166425,1.181733,19.306645,22.8153,0.74870424,1.0053601,34.075194,34.257842,0.79186613,1.1140984,48.524107,54.06063,0.81401639,1.0933668,61.51701,67.260656,0.77482935,1.1400954,54.663737,62.321872,0.78401587,1.141534,51.632155,58.93986
experiment_0a_best,file,16,,11174,190.Red_cockaded_Woodpecker/Red_Cockaded_Woodpecker_0029_794724.jpg,190,189,190.Red_cockaded_Woodpecker,94,93,random_resized_crop,random_resized_crop,0,"{""area_fraction"":0.604787,""aspect"":0.972892,""fallback"":false,""height"":0.78844,""left"":0.054034,""top"":0.201384,""width"":0.767067}",1.5841995,2.7962952,1.2120956,0.20511192,0.061035771,0.26122725,0.04771179,-0.056115329,0.013323981,0.069439311,0.73163938,0.98433684,115.44176,113.63358,False,0.92673433,False,False,False,0.73163938,0.98433684,115.44176,113.63358,0.72678137,0.97960516,113.81588,111.49462,0.88498468,1.1366045,19.306645,21.944019,0.75139851,1.1011939,34.075194,37.523397,0.76227311,1.0137625,48.524107,49.191918,0.75362724,0.94173488,61.51701,57.932714,0.67769956,0.9369375,54.663737,51.216505,0.70300515,0.99208972,51.632155,51.22373
experiment_0a_best,file,16,,11174,190.Red_cockaded_Woodpecker/Red_Cockaded_Woodpecker_0029_794724.jpg,190,189,190.Red_cockaded_Woodpecker,94,93,gaussian_blur,gaussian_blur,0,"{""sigma"":1.539283}",1.5841995,3.8243446,2.2401451,0.20511192,0.021832738,0.26122725,0.038956389,-0.056115329,-0.017123651,0.038991679,0.54313336,1.3592385,115.44176,156.91289,False,0.85187876,False,False,False,0.54313336,1.3592385,115.44176,156.91289,0.53672767,1.3608692,113.81588,154.88852,0.77647108,1.3012981,19.306645,25.123702,0.56879761,1.4997372,34.075194,51.103836,0.45651767,1.2945833,48.524107,62.8185,0.55959238,1.3479344,61.51701,82.920894,0.53380115,1.3932485,54.663737,76.160169,0.56248834,1.3357368,51.632155,68.966968
experiment_0a_best,file,16,,11174,190.Red_cockaded_Woodpecker/Red_Cockaded_Woodpecker_0029_794724.jpg,190,189,190.Red_cockaded_Woodpecker,94,93,random_erasing,random_erasing,0,"{""area_fraction"":0.191985,""erased"":true,""height"":0.631527,""left"":0.317307,""top"":0.228515,""width"":0.304001}",1.5841995,2.8138251,1.2296256,0.20511192,0.059975132,0.26122725,0.27373201,-0.056115329,-0.21375687,-0.15764154,0.80119949,1.1521067,115.44176,133.00123,False,0.90424705,True,False,False,0.80119949,1.1521067,115.44176,133.00123,0.79844501,1.1505176,113.81588,130.94717,0.89338332,1.2060342,19.306645,23.284475,0.91715426,0.98883349,34.075194,33.694693,0.80651371,1.0744956,48.524107,52.138937,0.84798345,1.2087531,61.51701,74.358875,0.74914599,1.1272066,54.663737,61.617325,0.73924247,1.2199273,51.632155,62.987476
experiment_0a_best,file,16,,1877,034.Gray_crowned_Rosy_Finch/Gray_Crowned_Rosy_Finch_0074_27156.jpg,34,33,034.Gray_crowned_Rosy_Finch,52,51,identity,identity,0,{},0.0029413316,0.0029413316,0,0.99706298,0.99706298,0.0007902683,0.0007902683,0.99627271,0.99627271,0,1,1,0.52035218,0.52035218,False,1,True,True,True,1,1,0.52035218,0.52035218,1,1,0.51166988,0.51166988,1,1,0.094658971,0.094658971,1,1,0.10360456,0.10360456,1,1,0.22779927,0.22779927,1,1,0.30341618,0.30341618,1,1,0.21620704,0.21620704,1,1,0.24570876,0.24570876
experiment_0a_best,file,16,,1877,034.Gray_crowned_Rosy_Finch/Gray_Crowned_Rosy_Finch_0074_27156.jpg,34,33,034.Gray_crowned_Rosy_Finch,52,51,horizontal_flip,horizontal_flip,0,"{""flipped"":true}",0.0029413316,0.023724025,0.020782694,0.99706298,0.97655517,0.0007902683,0.0029315476,0.99627271,0.97362362,-0.022649092,0.68344327,7.7790242,0.52035218,4.0478322,False,0.95536458,True,True,True,0.68344327,7.7790242,0.52035218,4.0478322,0.67597044,7.811001,0.51166988,3.996654,0.94172933,6.7784413,0.094658971,0.64164028,0.60071278,6.4142642,0.10360456,0.66454702,0.64693248,7.7876959,0.22779927,1.7740314,0.70376703,7.6852855,0.30341618,2.33184,0.60955837,8.5086709,0.21620704,1.8396346,0.73130516,7.6819057,0.24570876,1.8875115
experiment_0a_best,file,16,,1877,034.Gray_crowned_Rosy_Finch/Gray_Crowned_Rosy_Finch_0074_27156.jpg,34,33,034.Gray_crowned_Rosy_Finch,52,51,color_jitter,color_jitter,0,"{""brightness"":0.972889,""contrast"":0.89855,""hue"":0.088717,""saturation"":1.07667}",0.0029413316,0.59494478,0.59200344,0.99706298,0.55159301,0.0007902683,0.015198526,0.99627271,0.53639448,-0.45987823,0.64861915,166.96716,0.52035218,86.881724,False,0.8854875,True,True,True,0.64861915,166.96716,0.52035218,86.881724,0.64486047,168.43031,0.51166988,86.180715,0.85138407,116.35942,0.094658971,11.014463,0.70094963,154.77076,0.10360456,16.034956,0.56722121,179.84837,0.22779927,40.969326,0.69703178,176.5271,0.30341618,53.561178,0.60921773,177.2927,0.21620704,38.331929,0.67120223,138.21792,0.24570876,33.961353
experiment_0a_best,file,16,,1877,034.Gray_crowned_Rosy_Finch/Gray_Crowned_Rosy_Finch_0074_27156.jpg,34,33,034.Gray_crowned_Rosy_Finch,52,51,rotation,rotation,0,"{""angle"":-10.600415}",0.0029413316,0.040974952,0.038033621,0.99706298,0.95985317,0.0007902683,0.0054451046,0.99627271,0.95440807,-0.041864645,0.7499331,13.082458,0.52035218,6.8074853,False,0.95253444,True,True,True,0.7499331,13.082458,0.52035218,6.8074853,0.7442662,13.12803,0.51166988,6.7172173,0.94118511,11.672633,0.094658971,1.1049194,0.63314523,14.916582,0.10360456,1.5454259,0.73188296,13.654099,0.22779927,3.1103937,0.78291656,12.778655,0.30341618,3.8772508,0.68210318,13.324761,0.21620704,2.8809072,0.77283627,12.6921,0.24570876,3.1185602
experiment_0a_best,file,16,,1877,034.Gray_crowned_Rosy_Finch/Gray_Crowned_Rosy_Finch_0074_27156.jpg,34,33,034.Gray_crowned_Rosy_Finch,52,51,random_resized_crop,random_resized_crop,0,"{""area_fraction"":0.898268,""aspect"":1.050512,""fallback"":false,""height"":0.924703,""left"":0.002584,""top"":0.028716,""width"":0.971412}",0.0029413316,0.029812785,0.026871453,0.99706298,0.97062725,0.0007902683,0.0042492254,0.99627271,0.96637802,-0.02989469,0.81419826,10.080341,0.52035218,5.2453273,False,0.96871352,True,True,True,0.81419826,10.080341,0.52035218,5.2453273,0.81067121,10.13646,0.51166988,5.186521,0.95681548,8.2742882,0.094658971,0.7832356,0.79439194,8.8407249,0.10360456,0.91593941,0.7651309,9.0982383,0.22779927,2.072572,0.84253648,10.94535,0.30341618,3.3209963,0.76403461,10.623381,0.21620704,2.2968499,0.84698491,9.5107344,0.24570876,2.3368707
experiment_0a_best,file,16,,1877,034.Gray_crowned_Rosy_Finch/Gray_Crowned_Rosy_Finch_0074_27156.jpg,34,33,034.Gray_crowned_Rosy_Finch,52,51,gaussian_blur,gaussian_blur,0,"{""sigma"":1.788655}",0.0029413316,1.3335911,1.3306498,0.99706298,0.26352918,0.0007902683,0.01290515,0.99627271,0.25062403,-0.74564868,0.16773764,317.77712,0.52035218,165.35602,False,0.7249108,True,True,True,0.16773764,317.77712,0.52035218,165.35602,0.15779899,321.32895,0.51166988,164.41435,0.6940507,186.16325,0.094658971,17.622022,-0.043231582,387.34029,0.10360456,40.13022,-0.013587803,367.24091,0.22779927,83.65721,0.11944889,298.40841,0.30341618,90.541939,0.21289967,379.06684,0.21620704,81.95692,0.4575951,241.06261,0.24570876,59.231193
experiment_0a_best,file,16,,1877,034.Gray_crowned_Rosy_Finch/Gray_Crowned_Rosy_Finch_0074_27156.jpg,34,33,034.Gray_crowned_Rosy_Finch,52,51,random_erasing,random_erasing,0,"{""area_fraction"":0.135059,""erased"":true,""height"":0.337935,""left"":0.300782,""top"":0.602033,""width"":0.399659}",0.0029413316,0.099035375,0.096094043,0.99706298,0.9057107,0.0007902683,0.0051155426,0.99627271,0.90059515,-0.095677558,0.71113162,26.592316,0.52035218,13.83737,False,0.89391088,True,True,True,0.71113162,26.592316,0.52035218,13.83737,0.70605914,26.62021,0.51166988,13.62076,0.86463472,25.763978,0.094658971,2.4387916,0.81230692,27.20885,0.10360456,2.8189609,0.61438312,26.16858,0.22779927,5.9611833,0.77429139,24.251909,0.30341618,7.3584217,0.66866816,30.49095,0.21620704,6.592358,0.71274404,27.13021,0.24570876,6.6661302
experiment_0a_best,file,16,,605,012.Yellow_headed_Blackbird/Yellow_Headed_Blackbird_0074_8452.jpg,12,11,012.Yellow_headed_Blackbird,108,107,identity,identity,0,{},0.25428468,0.25428468,0,0.77547103,0.77547103,0.063369267,0.063369267,0.71210176,0.71210176,0,1,1,30.760885,30.760885,False,1,True,True,True,1,1,30.760885,30.760885,1,1,30.267044,30.267044,1,1,5.4898214,5.4898214,1,1,6.7870598,6.7870598,1,1,15.916348,15.916348,1,1,14.518806,14.518806,1,1,13.431678,13.431678,1,1,15.016456,15.016456
experiment_0a_best,file,16,,605,012.Yellow_headed_Blackbird/Yellow_Headed_Blackbird_0074_8452.jpg,12,11,012.Yellow_headed_Blackbird,108,107,horizontal_flip,horizontal_flip,0,"{""flipped"":true}",0.25428468,0.50421011,0.24992543,0.77547103,0.60398245,0.063369267,0.079907596,0.71210176,0.52407485,-0.18802691,0.54736962,1.641081,30.760885,50.481104,False,0.96709365,True,True,True,0.54736962,1.641081,30.760885,50.481104,0.53281895,1.637391,30.267044,49.558985,0.96246969,1.7495334,5.4898214,9.6046261,0.19261339,1.6160616,6.7870598,10.968306,0.48046665,1.3624601,15.916348,21.685388,0.53773036,1.6574912,14.518806,24.064793,0.51491895,1.7836587,13.431678,23.957529,0.66235528,1.7775078,15.016456,26.691867
experiment_0a_best,file,16,,605,012.Yellow_headed_Blackbird/Yellow_Headed_Blackbird_0074_8452.jpg,12,11,012.Yellow_headed_Blackbird,108,107,color_jitter,color_jitter,0,"{""brightness"":1.077875,""contrast"":1.390794,""hue"":0.045298,""saturation"":1.097854}",0.25428468,0.033624448,-0.22066023,0.77547103,0.96693456,0.063369267,0.0028669082,0.71210176,0.96406765,0.25196589,0.67175116,0.13255141,30.760885,4.0773988,False,0.94333786,True,True,True,0.67175116,0.13255141,30.760885,4.0773988,0.66251897,0.13196666,30.267044,3.9942406,0.92480618,0.14923657,5.4898214,0.81928211,0.36788927,0.15652475,6.7870598,1.0623429,0.61552989,0.089931017,15.916348,1.4313733,0.68546026,0.12205362,14.518806,1.7720727,0.68093025,0.15341502,13.431678,2.0606211,0.77263216,0.15460843,15.016456,2.3216707
experiment_0a_best,file,16,,605,012.Yellow_headed_Blackbird/Yellow_Headed_Blackbird_0074_8452.jpg,12,11,012.Yellow_headed_Blackbird,108,107,rotation,rotation,0,"{""angle"":5.92086}",0.25428468,0.21913563,-0.035149053,0.77547103,0.80321276,0.063369267,0.082641833,0.71210176,0.72057093,0.0084691644,0.81765813,1.0223307,30.760885,31.447796,False,0.98125648,True,True,True,0.81765813,1.0223307,30.760885,31.447796,0.81274104,1.0233471,30.267044,30.973691,0.97241926,0.99093715,5.4898214,5.440068,0.71491928,1.3135511,6.7870598,8.91515,0.85361829,0.98085402,15.916348,15.611614,0.79821739,1.0058986,14.518806,14.604447,0.78320348,1.0569113,13.431678,14.196092,0.84137402,0.99076494,15.016456,14.877778
experiment_0a_best,file,16,,605,012.Yellow_headed_Blackbird/Yellow_Headed_Blackbird_0074_8452.jpg,12,11,012.Yellow_headed_Blackbird,108,107,random_resized_crop,random_resized_crop,0,"{""area_fraction"":0.697006,""aspect"":0.768017,""fallback"":false,""height"":0.952649,""left"":0.144847,""top"":0.024399,""width"":0.73165}",0.25428468,0.16254826,-0.091736421,0.77547103,0.84997505,0.063369267,0.032437574,0.71210176,0.81753748,0.10543571,0.76987031,0.6346543,30.760885,19.522528,False,0.97240973,True,True,True,0.76987031,0.6346543,30.760885,19.522528,0.76246574,0.62842182,30.267044,19.02047,0.96829853,0.80129294,5.4898214,4.3989551,0.76206274,0.62727337,6.7870598,4.2573419,0.80703641,0.57755945,15.916348,9.1926369,0.73835565,0.62734808,14.518806,9.1083449,0.70417309,0.65202367,13.431678,8.7577717,0.79030612,0.66422996,15.016456,9.9743797
experiment_0a_best,file,16,,605,012.Yellow_headed_Blackbird/Yellow_Headed_Blackbird_0074_8452.jpg,12,11,012.Yellow_headed_Blackbird,108,107,gaussian_blur,gaussian_blur,0,"{""sigma"":1.735111}",0.25428468,0.27586439,0.021579713,0.77547103,0.75891584,0.063369267,0.01351153,0.71210176,0.74540431,0.033302546,0.41087464,1.1221268,30.760885,34.517613,False,0.91552901,True,True,True,0.41087464,1.1221268,30.760885,34.517613,0.39474163,1.1181739,30.267044,33.843817,0.85641818,1.2362648,5.4898214,6.7868732,0.25913449,1.1932212,6.7870598,8.0984635,0.18906848,0.94097347,15.916348,14.976861,0.37098782,1.1261619,14.518806,16.350525,0.43635551,1.3506665,13.431678,18.141717,0.62329436,1.0718281,15.016456,16.09506
experiment_0a_best,file,16,,605,012.Yellow_headed_Blackbird/Yellow_Headed_Blackbird_0074_8452.jpg,12,11,012.Yellow_headed_Blackbird,108,107,random_erasing,random_erasing,0,"{""area_fraction"":0.15166,""erased"":true,""height"":0.510526,""left"":0.190906,""top"":0.103115,""width"":0.297067}",0.25428468,0.10758732,-0.14669736,0.77547103,0.89799809,0.063369267,0.012409013,0.71210176,0.88558908,0.17348732,0.89415449,0.43524553,30.760885,13.388538,False,0.97722876,True,True,True,0.89415449,0.43524553,30.760885,13.388538,0.89188214,0.43373511,30.267044,13.127879,0.96094756,0.47888914,5.4898214,2.6290159,0.82001217,0.45442946,6.7870598,3.0842399,0.92387772,0.40984146,15.916348,6.5231791,0.89308771,0.41070116,14.518806,5.9628904,0.87906768,0.45188335,13.431678,6.0695515,0.88839583,0.46080324,15.016456,6.9196313
experiment_0a_best,file,16,,5342,092.Nighthawk/Nighthawk_0073_83540.jpg,92,91,092.Nighthawk,194,193,identity,identity,0,{},0.0038823721,0.0038823721,0,0.99612516,0.99612516,0.0016398606,0.0016398606,0.9944853,0.9944853,0,1,1,0.61213275,0.61213275,False,0.99999994,True,True,True,1,1,0.61213275,0.61213275,1,1,0.59599176,0.59599176,1,1,0.13964354,0.13964354,1,1,0.088929302,0.088929302,1,1,0.27364082,0.27364082,1,1,0.30314408,0.30314408,1,1,0.29177071,0.29177071,1,1,0.30885592,0.30885592
experiment_0a_best,file,16,,5342,092.Nighthawk/Nighthawk_0073_83540.jpg,92,91,092.Nighthawk,194,193,horizontal_flip,horizontal_flip,0,"{""flipped"":true}",0.0038823721,0.0019261157,-0.0019562563,0.99612516,0.99807572,0.0016398606,0.00044681231,0.9944853,0.99762891,0.0031436103,0.68942447,0.51244262,0.61213275,0.31368291,False,0.9784084,True,True,True,0.68942447,0.51244262,0.61213275,0.31368291,0.67663126,0.51368258,0.59599176,0.30615058,0.93484136,0.48930667,0.13964354,0.068328517,0.56570468,0.78870515,0.088929302,0.070138999,0.68637966,0.5017095,0.27364082,0.1372882,0.60393251,0.4765127,0.30314408,0.144452,0.65995415,0.53078939,0.29177071,0.1548688,0.77396737,0.51305838,0.30885592,0.15846112
experiment_0a_best,file,16,,5342,092.Nighthawk/Nighthawk_0073_83540.jpg,92,91,092.Nighthawk,194,193,color_jitter,color_jitter,0,"{""brightness"":0.830967,""contrast"":1.026568,""hue"":-0.076719,""saturation"":0.841806}",0.0038823721,0.01934951,0.015467138,0.99612516,0.98083651,0.0016398606,0.0012288678,0.9944853,0.97960764,-0.014877658,0.52422499,5.3226393,0.61213275,3.2581618,False,0.95203453,True,True,True,0.52422499,5.3226393,0.61213275,3.2581618,0.50794393,5.3614789,0.59599176,3.1953972,0.87972097,4.5575988,0.13964354,0.63643924,0.5457023,6.309959,0.088929302,0.56114025,0.43938876,5.6239876,0.27364082,1.5389525,0.3405929,5.6663662,0.30314408,1.7177254,0.53597553,5.2438506,0.29177071,1.530002,0.73287788,4.8413092,0.30885592,1.495267
experiment_0a_best,file,16,,5342,092.Nighthawk/Nighthawk_0073_83540.jpg,92,91,092.Nighthawk,194,193,rotation,rotation,0,"{""angle"":-11.499185}",0.0038823721,0.042210419,0.038328047,0.99612516,0.95866805,0.0016398606,0.0043555354,0.9944853,0.95431252,-0.040172783,0.42448667,12.893815,0.61213275,7.8927261,False,0.93749905,True,True,True,0.42448667,12.893815,0.61213275,7.8927261,0.40223905,12.90766,0.59599176,7.6928589,0.83844052,12.638964,0.13964354,1.7649497,0.44945788,18.380461,0.088929302,1.6345616,0.37620019,11.75597,0.27364082,3.2169131,0.22726503,12.75702,0.30314408,3.8672152,0.39803471,13.665962,0.29177071,3.9873274,0.59440263,12.666878,0.30885592,3.9122402
experiment_0a_best,file,16,,5342,092.Nighthawk/Nighthawk_0073_83540.jpg,92,91,092.Nighthawk,194,193,random_resized_crop,random_resized_crop,0,"{""area_fraction"":0.524453,""aspect"":0.953857,""fallback"":false,""height"":0.741501,""left"":0.230687,""top"":0.076168,""width"":0.707285}",0.0038823721,0.003429367,-0.00045300508,0.99612516,0.99657649,0.0016398606,5.174891e-05,0.9944853,0.99652474,0.002039438,0.37099438,1.1324269,0.61213275,0.69319561,False,0.9389292,True,True,True,0.37099438,1.1324269,0.61213275,0.69319561,0.34723775,1.1354671,0.59599176,0.67672906,0.82835837,1.0755454,0.13964354,0.15019297,0.2801251,1.4487182,0.088929302,0.1288335,0.32642271,0.98743828,0.27364082,0.27020342,0.11960579,1.2439757,0.30314408,0.37710388,0.37374091,1.1714005,0.29177071,0.34178036,0.60476917,1.070582,0.30885592,0.33065558
experiment_0a_best,file,16,,5342,092.Nighthawk/Nighthawk_0073_83540.jpg,92,91,092.Nighthawk,194,193,gaussian_blur,gaussian_blur,0,"{""sigma"":1.134602}",0.0038823721,0.010638665,0.0067562934,0.99612516,0.98941773,0.0016398606,0.0015930767,0.9944853,0.98782466,-0.0066606461,0.45692289,3.6160805,0.61213275,2.2135213,False,0.89587134,True,True,True,0.45692289,3.6160805,0.61213275,2.2135213,0.44113934,3.652819,0.59599176,2.17705,0.83636777,2.8655976,0.13964354,0.4001622,0.00091676825,5.2643814,0.088929302,0.46815776,0.42091446,3.6570696,0.27364082,1.0007235,0.33983121,3.8574919,0.30314408,1.1693758,0.47137077,3.608215,0.29177071,1.0527714,0.60809078,3.3068884,0.30885592,1.0213521
experiment_0a_best,file,16,,5342,092.Nighthawk/Nighthawk_0073_83540.jpg,92,91,092.Nighthawk,194,193,random_erasing,random_erasing,0,"{""area_fraction"":0.062268,""erased"":true,""height"":0.199013,""left"":0.046389,""top"":0.510886,""width"":0.312884}",0.0038823721,0.0095085595,0.0056261874,0.99612516,0.99053651,0.0016398606,0.00036728242,0.9944853,0.99016923,-0.0043160726,0.55582264,2.9781737,0.61213275,1.8230376,False,0.96967196,True,True,True,0.55582264,2.9781737,0.61213275,1.8230376,0.54095367,2.9982485,0.59599176,1.7869314,0.87575514,2.5853652,0.13964354,0.36102956,0.59371656,3.9036648,0.088929302,0.34715019,0.47216387,2.9435302,0.27364082,0.80546999,0.37592648,3.1423549,0.30314408,0.95258629,0.60792604,3.0058911,0.29177071,0.87703099,0.71014297,2.798786,0.30885592,0.86442163
experiment_0a_best,file,16,,4858,084.Red_legged_Kittiwake/Red_Legged_Kittiwake_0032_795399.jpg,84,83,084.Red_legged_Kittiwake,45,44,identity,identity,0,{},0.001508171,0.001508171,0,0.99849296,0.99849296,0.00052475638,0.00052475638,0.9979682,0.9979682,0,1,1,0.28574514,0.28574514,False,1.0000001,True,True,True,1,1,0.28574514,0.28574514,1,1,0.28088713,0.28088713,1,1,0.052466224,0.052466224,1,1,0.073734104,0.073734104,1,1,0.12880541,0.12880541,1,1,0.13284316,0.13284316,1,1,0.14114037,0.14114037,1,1,0.13893208,0.13893208
experiment_0a_best,file,16,,4858,084.Red_legged_Kittiwake/Red_Legged_Kittiwake_0032_795399.jpg,84,83,084.Red_legged_Kittiwake,45,44,horizontal_flip,horizontal_flip,0,"{""flipped"":true}",0.001508171,0.00075431023,-0.00075386075,0.99849296,0.999246,0.00052475638,0.00015384868,0.9979682,0.99909215,0.0011239528,0.69647348,0.498455,0.28574514,0.1424311,False,0.96848732,True,True,True,0.69647348,0.498455,0.28574514,0.1424311,0.68800823,0.4986257,0.28088713,0.14005754,0.94164011,0.49353738,0.052466224,0.025894042,0.63649862,0.50751697,0.073734104,0.037421309,0.71242346,0.52246277,0.12880541,0.067296031,0.59372408,0.48898885,0.13284316,0.064958822,0.67483882,0.48732765,0.14114037,0.068781603,0.78022918,0.49536333,0.13893208,0.068821858
experiment_0a_best,file,16,,4858,084.Red_legged_Kittiwake/Red_Legged_Kittiwake_0032_795399.jpg,84,83,084.Red_legged_Kittiwake,45,44,color_jitter,color_jitter,0,"{""brightness"":1.195491,""contrast"":0.77937,""hue"":0.049782,""saturation"":0.866767}",0.001508171,0.031276688,0.029768517,0.99849296,0.96920735,0.00052475638,0.0059669833,0.9979682,0.96324036,-0.034727837,0.71904878,24.119795,0.28574514,6.8921143,False,0.95887464,True,True,True,0.71904878,24.119795,0.28574514,6.8921143,0.71327168,24.248351,0.28088713,6.8110497,0.93133031,20.088438,0.052466224,1.0539645,0.62697643,22.282998,0.073734104,1.6430169,0.54845038,28.137766,0.12880541,3.6242965,0.72233647,25.504419,0.13284316,3.3880875,0.80042154,23.33603,0.14114037,3.2936558,0.84159898,20.646492,0.13893208,2.8684601
experiment_0a_best,file,16,,4858,084.Red_legged_Kittiwake/Red_Legged_Kittiwake_0032_795399.jpg,84,83,084.Red_legged_Kittiwake,45,44,rotation,rotation,0,"{""angle"":12.712716}",0.001508171,0.0021866476,0.00067847664,0.99849296,0.99781573,0.00052475638,0.00020165044,0.9979682,0.99761408,-0.00035412204,0.77270647,1.544805,0.28574514,0.44142052,False,0.97255188,True,True,True,0.77270647,1.544805,0.28574514,0.44142052,0.76802239,1.5460103,0.28088713,0.4342544,0.91038546,1.5098493,0.052466224,0.079216093,0.60331366,1.2877192,0.073734104,0.094948821,0.79033238,1.5947725,0.12880541,0.20541532,0.74140459,1.4949656,0.13284316,0.19859594,0.76484535,1.5813451,0.14114037,0.22319163,0.81684412,1.5787777,0.13893208,0.21934287
experiment_0a_best,file,16,,4858,084.Red_legged_Kittiwake/Red_Legged_Kittiwake_0032_795399.jpg,84,83,084.Red_legged_Kittiwake,45,44,random_resized_crop,random_resized_crop,0,"{""area_fraction"":0.770285,""aspect"":1.14521,""fallback"":false,""height"":0.820131,""left"":0.003542,""top"":0.082429,""width"":0.939222}",0.001508171,0.012242412,0.010734241,0.99849296,0.98783225,0.00052475638,0.0010015573,0.9979682,0.98683069,-0.011137509,0.77649852,8.341903,0.28574514,2.3836583,False,0.95237672,True,True,True,0.77649852,8.341903,0.28574514,2.3836583,0.77257617,8.3799938,0.28088713,2.3538324,0.9172661,7.1645765,0.052466224,0.37589827,0.64045109,6.9731758,0.073734104,0.51416087,0.81455478,8.4452712,0.12880541,1.0877966,0.76110631,8.964457,0.13284316,1.1908668,0.76566372,8.5544231,0.14114037,1.2073744,0.79278212,7.9402359,0.13893208,1.1031535
experiment_0a_best,file,16,,4858,084.Red_legged_Kittiwake/Red_Legged_Kittiwake_0032_795399.jpg,84,83,084.Red_legged_Kittiwake,45,44,gaussian_blur,gaussian_blur,0,"{""sigma"":1.626236}",0.001508171,0.062231224,0.060723053,0.99849296,0.93966562,0.00052475638,0.0038670397,0.9979682,0.93579858,-0.062169624,0.65510369,51.638398,0.28574514,14.755421,False,0.91797769,True,True,True,0.65510369,51.638398,0.28574514,14.755421,0.6531609,52.246831,0.28088713,14.675463,0.86576278,29.23847,0.052466224,1.5340321,0.56417319,43.559511,0.073734104,3.2118215,0.60404277,54.175659,0.12880541,6.978118,0.57323813,62.976269,0.13284316,8.3659664,0.74284875,52.48645,0.14114037,7.4079569,0.77229451,40.392245,0.13893208,5.6117786
experiment_0a_best,file,16,,4858,084.Red_legged_Kittiwake/Red_Legged_Kittiwake_0032_795399.jpg,84,83,084.Red_legged_Kittiwake,45,44,random_erasing,random_erasing,0,"{""area_fraction"":0.05822,""erased"":true,""height"":0.146856,""left"":0.060459,""top"":0.712671,""width"":0.396445}",0.001508171,0.0023465024,0.00083833141,0.99849296,0.99765623,0.00052475638,0.00072371052,0.9979682,0.99693252,-0.0010356841,0.96182681,1.6457704,0.28574514,0.4702709,False,0.99507737,True,True,True,0.96182681,1.6457704,0.28574514,0.4702709,0.96092537,1.649148,0.28088713,0.46322445,0.99134046,1.5458289,0.052466224,0.081103805,0.96017307,1.585475,0.073734104,0.11690358,0.95753123,1.6240995,0.12880541,0.2091928,0.95759812,1.7015166,0.13284316,0.22603483,0.96094117,1.6641039,0.14114037,0.23487223,0.96812977,1.6237631,0.13893208,0.22559279
experiment_0a_best,file,16,,10803,184.Louisiana_Waterthrush/Louisiana_Waterthrush_0077_795247.jpg,184,183,184.Louisiana_Waterthrush,183,182,identity,identity,0,{},0.676341,0.676341,0,0.50847411,0.50847411,0.42177245,0.42177245,0.086701661,0.086701661,0,1,1,122.23031,122.23031,False,0.99999994,True,True,True,1,1,122.23031,122.23031,1,1,120.40659,120.40659,1,1,21.035716,21.035716,1,1,31.519491,31.519491,1,1,58.511076,58.511076,1,1,72.867832,72.867832,1,1,53.082246,53.082246,1,1,44.195884,44.195884
experiment_0a_best,file,16,,10803,184.Louisiana_Waterthrush/Louisiana_Waterthrush_0077_795247.jpg,184,183,184.Louisiana_Waterthrush,183,182,horizontal_flip,horizontal_flip,0,"{""flipped"":true}",0.676341,0.43632439,-0.24001661,0.50847411,0.64640802,0.42177245,0.33179978,0.086701661,0.31460825,0.22790658,0.73119349,0.80903699,122.23031,98.888839,False,0.97066575,True,True,True,0.73119349,0.80903699,122.23031,98.888839,0.72418507,0.80986237,120.40659,97.512764,0.96959177,0.781513,21.035716,16.439685,0.38186584,0.81244326,31.519491,25.607798,0.72402291,0.8440863,58.511076,49.388398,0.77100337,0.80300451,72.867832,58.513198,0.71850447,0.79564356,53.082246,42.234547,0.78448084,0.78583342,44.195884,34.730602
experiment_0a_best,file,16,,10803,184.Louisiana_Waterthrush/Louisiana_Waterthrush_0077_795247.jpg,184,183,184.Louisiana_Waterthrush,183,182,color_jitter,color_jitter,0,"{""brightness"":0.78065,""contrast"":0.77429,""hue"":-0.024293,""saturation"":0.931744}",0.676341,0.47393274,-0.20240825,0.50847411,0.62254912,0.42177245,0.23536408,0.086701661,0.38718504,0.30048338,0.82908811,0.61952917,122.23031,75.72524,False,0.95242059,True,True,True,0.82908811,0.61952917,122.23031,75.72524,0.82556496,0.61869932,120.40659,74.495473,0.94037353,0.64612852,21.035716,13.591776,0.73918392,0.52411915,31.519491,16.519969,0.79139693,0.64830687,58.511076,37.933133,0.86049722,0.60359117,72.867832,43.98238,0.83393162,0.61923449,53.082246,32.870358,0.82888006,0.64904402,44.195884,28.685074
experiment_0a_best,file,16,,10803,184.Louisiana_Waterthrush/Louisiana_Waterthrush_0077_795247.jpg,184,183,184.Louisiana_Waterthrush,183,182,rotation,rotation,0,"{""angle"":-13.215343}",0.676341,0.88230121,0.20596021,0.50847411,0.41382951,0.42177245,0.31484044,0.086701661,0.098989069,0.012287408,0.77692347,0.94988421,122.23031,116.10464,False,0.9440006,True,True,True,0.77692347,0.94988421,122.23031,116.10464,0.77241557,0.94837032,120.40659,114.19003,0.91822937,0.99821486,21.035716,20.998164,0.69174127,0.87489751,31.519491,27.576324,0.77148525,0.93740295,58.511076,54.848455,0.82302376,0.92468403,72.867832,67.379721,0.7388145,0.95773701,53.082246,50.838831,0.73670777,1.0481594,44.195884,46.32433
experiment_0a_best,file,16,,10803,184.Louisiana_Waterthrush/Louisiana_Waterthrush_0077_795247.jpg,184,183,184.Louisiana_Waterthrush,183,182,random_resized_crop,random_resized_crop,0,"{""area_fraction"":0.74538,""aspect"":0.765832,""fallback"":false,""height"":0.986557,""left"":0.056128,""top"":0.010781,""width"":0.755537}",0.676341,1.4430835,0.76674253,0.50847411,0.23619832,0.42177245,0.27847153,0.086701661,-0.042273208,-0.12897487,0.71973549,1.4447211,122.23031,176.5887,False,0.94661069,False,True,False,0.71973549,1.4447211,122.23031,176.5887,0.71591556,1.4486591,120.40659,174.42809,0.86181663,1.3091663,21.035716,27.539251,0.79406988,1.2589372,31.519491,39.681059,0.71576855,1.3486177,58.511076,78.909074,0.75656393,1.4291457,72.867832,104.13875,0.65967502,1.6008134,53.082246,84.974771,0.67740484,1.5276418,44.195884,67.51548
experiment_0a_best,file,16,,10803,184.Louisiana_Waterthrush/Louisiana_Waterthrush_0077_795247.jpg,184,183,184.Louisiana_Waterthrush,183,182,gaussian_blur,gaussian_blur,0,"{""sigma"":1.020971}",0.676341,1.1542708,0.47792977,0.50847411,0.31528735,0.42177245,0.37893957,0.086701661,-0.063652217,-0.15035388,0.78591235,1.158533,122.23031,141.60784,False,0.95011711,False,True,False,0.78591235,1.158533,122.23031,141.60784,0.78159231,1.1578296,120.40659,139.41031,0.92478728,1.1813464,21.035716,24.850468,0.70711013,1.0917339,31.519491,34.410896,0.74994745,1.2385654,58.511076,72.469792,0.81688853,1.0813926,72.867832,78.798736,0.77983293,1.1657426,53.082246,61.880236,0.79870577,1.2311938,44.195884,54.413699
experiment_0a_best,file,16,,10803,184.Louisiana_Waterthrush/Louisiana_Waterthrush_0077_795247.jpg,184,183,184.Louisiana_Waterthrush,183,182,random_erasing,random_erasing,0,"{""area_fraction"":0.084304,""erased"":true,""height"":0.184746,""left"":0.078936,""top"":0.214102,""width"":0.456326}",0.676341,0.45363301,-0.22270799,0.50847411,0.63531584,0.42177245,0.13779625,0.086701661,0.49751958,0.41081792,0.78332515,0.61602404,122.23031,75.296806,False,0.96165359,True,True,True,0.78332515,0.61602404,122.23031,75.296806,0.78016771,0.61766396,120.40659,74.37081,0.90120927,0.55964329,21.035716,11.772497,0.78127122,0.61033929,31.519491,19.237584,0.81911984,0.63284259,58.511076,37.028301,0.80334887,0.59383556,72.867832,43.27151,0.73905907,0.61242286,53.082246,32.508781,0.71683809,0.66376927,44.195884,29.33587
experiment_0a_best,file,16,,5691,098.Scott_Oriole/Scott_Oriole_0003_92247.jpg,98,97,098.Scott_Oriole,55,54,identity,identity,0,{},0.052710202,0.052710202,0,0.94865489,0.94865489,0.0085422872,0.0085422872,0.9401126,0.9401126,0,1,1,9.0386754,9.0386754,False,1,True,True,True,1,1,9.0386754,9.0386754,1,1,8.903714,8.903714,1,1,1.5561261,1.5561261,1,1,3.2886228,3.2886228,1,1,3.5997569,3.5997569,1,1,4.2102369,4.2102369,1,1,4.4840214,4.4840214,1,1,4.2036046,4.2036046
experiment_0a_best,file,16,,5691,098.Scott_Oriole/Scott_Oriole_0003_92247.jpg,98,97,098.Scott_Oriole,55,54,horizontal_flip,horizontal_flip,0,"{""flipped"":true}",0.052710202,0.065414488,0.012704287,0.94865489,0.93667912,0.0085422872,0.008347542,0.9401126,0.92833158,-0.01178102,0.62591104,1.2149671,9.0386754,10.981693,False,0.96281695,True,True,True,0.62591104,1.2149671,9.0386754,10.981693,0.61624456,1.2165466,8.903714,10.831783,0.95784612,1.1620711,1.5561261,1.8083292,0.83808813,0.97101048,3.2886228,3.1932872,0.49088865,1.180487,3.5997569,4.2494661,0.54860871,1.2219156,4.2102369,5.1445543,0.56013335,1.2487552,4.4840214,5.5994452,0.73088539,1.3298994,4.2036046,5.5903713
experiment_0a_best,file,16,,5691,098.Scott_Oriole/Scott_Oriole_0003_92247.jpg,98,97,098.Scott_Oriole,55,54,color_jitter,color_jitter,0,"{""brightness"":0.730415,""contrast"":0.722274,""hue"":0.037556,""saturation"":0.755163}",0.052710202,1.3851734,1.3324632,0.94865489,0.25028041,0.0085422872,0.0049160118,0.9401126,0.2453644,-0.6947482,0.66749425,14.565369,9.0386754,131.65164,False,0.92087764,True,True,True,0.66749425,14.565369,9.0386754,131.65164,0.66111959,14.604828,8.903714,130.03721,0.90152981,13.208613,1.5561261,20.554269,0.73885252,12.370752,3.2886228,40.682738,0.60411453,16.626124,3.5997569,59.850005,0.61418988,16.246272,4.2102369,68.400654,0.67841756,13.933405,4.4840214,62.477687,0.72538655,13.224813,4.2036046,55.591887
experiment_0a_best,file,16,,5691,098.Scott_Oriole/Scott_Oriole_0003_92247.jpg,98,97,098.Scott_Oriole,55,54,rotation,rotation,0,"{""angle"":1.071774}",0.052710202,0.037478246,-0.015231956,0.94865489,0.96321535,0.0085422872,0.0027046949,0.9401126,0.96051066,0.020398053,0.89268487,0.8011691,9.0386754,7.2415074,False,0.98641533,True,True,True,0.89268487,0.8011691,9.0386754,7.2415074,0.89038583,0.80302368,8.903714,7.1498932,0.97770418,0.73788388,1.5561261,1.1482404,0.94164982,0.92782383,3.2886228,3.0512625,0.88202929,0.8662017,3.5997569,3.1181156,0.84954782,0.78185509,4.2102369,3.2917951,0.89015506,0.75272979,4.4840214,3.3752565,0.9157117,0.74698758,4.2036046,3.1400404
experiment_0a_best,file,16,,5691,098.Scott_Oriole/Scott_Oriole_0003_92247.jpg,98,97,098.Scott_Oriole,55,54,random_resized_crop,random_resized_crop,0,"{""area_fraction"":0.511947,""aspect"":0.781663,""fallback"":false,""height"":0.809287,""left"":0.211085,""top"":0.158099,""width"":0.63259}",0.052710202,1.0371537,0.98444352,0.94865489,0.35446218,0.0085422872,0.0059837424,0.9401126,0.34847843,-0.59163417,0.62341361,17.832116,9.0386754,161.17871,False,0.89789557,True,True,True,0.62341361,17.832116,9.0386754,161.17871,0.61937179,17.975844,8.903714,160.05178,0.86383941,12.226783,1.5561261,19.026417,0.86935502,19.11581,3.2886228,62.864688,0.64926061,20.794909,3.5997569,74.856618,0.52250284,20.559546,4.2102369,86.560558,0.56559863,16.045098,4.4840214,71.946562,0.63338604,13.855089,4.2036046,58.241316
experiment_0a_best,file,16,,5691,098.Scott_Oriole/Scott_Oriole_0003_92247.jpg,98,97,098.Scott_Oriole,55,54,gaussian_blur,gaussian_blur,0,"{""sigma"":1.505872}",0.052710202,0.2840662,0.231356,0.94865489,0.75271678,0.0085422872,0.004052463,0.9401126,0.74866432,-0.19144829,0.46859725,6.0395419,9.0386754,54.589458,False,0.92310536,True,True,True,0.46859725,6.0395419,9.0386754,54.589458,0.45760143,6.0647866,8.903714,53.999126,0.89911299,5.1451216,1.5561261,8.0064583,0.3228785,5.8008265,3.2886228,19.07673,0.34112008,6.3513091,3.5997569,22.863169,0.42424697,7.0926837,4.2102369,29.861878,0.52116762,5.8561114,4.4840214,26.258929,0.64037951,5.0351842,4.2036046,21.165924
experiment_0a_best,file,16,,5691,098.Scott_Oriole/Scott_Oriole_0003_92247.jpg,98,97,098.Scott_Oriole,55,54,random_erasing,random_erasing,0,"{""area_fraction"":0.121425,""erased"":true,""height"":0.286358,""left"":0.118681,""top"":0.201858,""width"":0.424031}",0.052710202,1.1322503,1.0795401,0.94865489,0.32230714,0.0085422872,0.013639919,0.9401126,0.30866722,-0.63144538,0.71030203,13.26788,9.0386754,119.92406,False,0.8854807,True,True,True,0.71030203,13.26788,9.0386754,119.92406,0.70602518,13.297439,8.903714,118.39659,0.86443104,12.260902,1.5561261,19.07951,0.86798281,11.200096,3.2886228,36.83289,0.67101028,13.711554,3.5997569,49.35826,0.67936392,14.253412,4.2102369,60.01024,0.68779297,13.49743,4.4840214,60.522763,0.70654806,12.944027,4.2036046,54.411572
experiment_0a_best,file,16,,11484,195.Carolina_Wren/Carolina_Wren_0033_186848.jpg,195,194,195.Carolina_Wren,174,173,identity,identity,0,{},0.00051199202,0.00051199202,0,0.99948812,0.99948812,7.3276497e-05,7.3276497e-05,0.99941484,0.99941484,0,1,1,0.091171502,0.091171502,False,1,True,True,True,1,1,0.091171502,0.091171502,1,1,0.089348705,0.089348705,1,1,0.018139783,0.018139783,1,1,0.018071633,0.018071633,1,1,0.041027786,0.041027786,1,1,0.048624988,0.048624988,1,1,0.041128785,0.041128785,1,1,0.043787686,0.043787686
experiment_0a_best,file,16,,11484,195.Carolina_Wren/Carolina_Wren_0033_186848.jpg,195,194,195.Carolina_Wren,174,173,horizontal_flip,horizontal_flip,0,"{""flipped"":true}",0.00051199202,0.00064149778,0.00012950576,0.99948812,0.99935871,7.3276497e-05,0.0001667873,0.99941484,0.99919193,-0.00022291249,0.66618205,1.472276,0.091171502,0.13422961,False,0.97320986,True,True,True,0.66618205,1.472276,0.091171502,0.13422961,0.65577594,1.4772328,0.089348705,0.13198883,0.94593251,1.3464378,0.018139783,0.024424091,0.48902347,1.8343948,0.018071633,0.03315051,0.69166618,1.6740812,0.041027786,0.068683846,0.67980764,1.4751203,0.048624988,0.071727706,0.56826953,1.3801882,0.041128785,0.056765462,0.71998128,1.2994187,0.043787686,0.056898538
experiment_0a_best,file,16,,11484,195.Carolina_Wren/Carolina_Wren_0033_186848.jpg,195,194,195.Carolina_Wren,174,173,color_jitter,color_jitter,0,"{""brightness"":1.028562,""contrast"":1.160893,""hue"":-0.065388,""saturation"":0.68143}",0.00051199202,0.021189617,0.020677625,0.99948812,0.97903329,7.3276497e-05,0.0013394527,0.99941484,0.97769384,-0.021721,0.63656921,50.802664,0.091171502,4.6317552,False,0.91750866,True,True,True,0.63656921,50.802664,0.091171502,4.6317552,0.63027117,51.301081,0.089348705,4.5836852,0.88523946,36.691305,0.018139783,0.66557233,0.48267499,61.383348,0.018071633,1.1092974,0.62755237,49.918472,0.041027786,2.0480444,0.59314351,51.838481,0.048624988,2.5206455,0.62364376,55.454263,0.041128785,2.2807665,0.73399848,45.843593,0.043787686,2.0073849
experiment_0a_best,file,16,,11484,195.Carolina_Wren/Carolina_Wren_0033_186848.jpg,195,194,195.Carolina_Wren,174,173,rotation,rotation,0,"{""angle"":5.067808}",0.00051199202,0.00048315772,-2.88343e-05,0.99948812,0.99951696,7.3276497e-05,9.9314595e-05,0.99941484,0.99941765,2.8105496e-06,0.7980264,0.95844157,0.091171502,0.087382558,False,0.96860266,True,True,True,0.7980264,0.95844157,0.091171502,0.087382558,0.79085595,0.95477303,0.089348705,0.085307733,0.96021488,1.0435003,0.018139783,0.018928869,0.61621662,0.94331142,0.018071633,0.017047178,0.79862571,0.92023723,0.041027786,0.037755296,0.78229337,0.98215312,0.048624988,0.047757184,0.77557952,0.96612128,0.041128785,0.039735395,0.83980491,0.9420811,0.043787686,0.041251552
experiment_0a_best,file,16,,11484,195.Carolina_Wren/Carolina_Wren_0033_186848.jpg,195,194,195.Carolina_Wren,174,173,random_resized_crop,random_resized_crop,0,"{""area_fraction"":0.742408,""aspect"":0.858846,""fallback"":false,""height"":0.929745,""left"":0.05451,""top"":0.003065,""width"":0.798508}",0.00051199202,0.00031645058,-0.00019554145,0.99948812,0.99968362,7.3276497e-05,5.9345417e-05,0.99941484,0.99962427,0.00020943431,0.78096986,0.73380171,0.091171502,0.066901804,False,0.97343141,True,True,True,0.78096986,0.73380171,0.091171502,0.066901804,0.77365728,0.73451185,0.089348705,0.065627682,0.96311327,0.71635723,0.018139783,0.012994565,0.63526253,0.77615987,0.018071633,0.014026477,0.81735611,0.7643022,0.041027786,0.031357627,0.77377049,0.74612229,0.048624988,0.036280187,0.72680193,0.7350828,0.041128785,0.030233063,0.80474942,0.68385158,0.043787686,0.029944278
experiment_0a_best,file,16,,11484,195.Carolina_Wren/Carolina_Wren_0033_186848.jpg,195,194,195.Carolina_Wren,174,173,gaussian_blur,gaussian_blur,0,"{""sigma"":1.851218}",0.00051199202,0.90876728,0.90825529,0.99948812,0.40302074,7.3276497e-05,0.00095949275,0.99941484,0.40206125,-0.59735359,0.43883127,1357.2296,0.091171502,123.74066,False,0.74387872,True,True,True,0.43883127,1357.2296,0.091171502,123.74066,0.43115906,1369.9488,0.089348705,122.40315,0.71499442,1000.255,0.018139783,18.144409,0.18954598,1190.3251,0.018071633,21.511119,0.35737033,1362.9135,0.041027786,55.917325,0.52936254,1516.9848,0.048624988,73.763368,0.35565875,1392.0043,0.041128785,57.251444,0.47945972,1181.0072,0.043787686,51.713572
experiment_0a_best,file,16,,11484,195.Carolina_Wren/Carolina_Wren_0033_186848.jpg,195,194,195.Carolina_Wren,174,173,random_erasing,random_erasing,0,"{""area_fraction"":0.064713,""erased"":true,""height"":0.199651,""left"":0.103511,""top"":0.024797,""width"":0.324128}",0.00051199202,0.00060730608,9.5314055e-05,0.99948812,0.99939287,7.3276497e-05,7.7337645e-05,0.99941484,0.99931553,-9.9309371e-05,0.94935103,1.177691,0.091171502,0.10737186,False,0.99278295,True,True,True,0.94935103,1.177691,0.091171502,0.10737186,0.94767688,1.1789393,0.089348705,0.1053367,0.99144398,1.1469899,0.018139783,0.020806148,0.91860104,1.1640061,0.018071633,0.021035492,0.96300427,1.1796411,0.041027786,0.048398063,0.95470595,1.1625939,0.048624988,0.056531113,0.92927248,1.2028855,0.041128785,0.049473218,0.94741983,1.179526,0.043787686,0.051648716
experiment_0a_best,file,16,,1299,024.Red_faced_Cormorant/Red_Faced_Cormorant_0050_796276.jpg,24,23,024.Red_faced_Cormorant,5,4,identity,identity,0,{},0.0023876512,0.0023876512,0,0.99761522,0.99761522,0.0012436615,0.0012436615,0.99637156,0.99637156,0,1,1,0.3400631,0.3400631,False,1,True,True,True,1,1,0.3400631,0.3400631,1,1,0.33010911,0.33010911,1,1,0.081675484,0.081675484,1,1,0.092362873,0.092362873,1,1,0.13678641,0.13678641,1,1,0.1328265,0.1328265,1,1,0.16203518,0.16203518,1,1,0.19450534,0.19450534
experiment_0a_best,file,16,,1299,024.Red_faced_Cormorant/Red_Faced_Cormorant_0050_796276.jpg,24,23,024.Red_faced_Cormorant,5,4,horizontal_flip,horizontal_flip,0,"{""flipped"":true}",0.0023876512,0.001413657,-0.00097399426,0.99761522,0.99858737,0.0012436615,0.00080262963,0.99637156,0.99778474,0.0014131836,0.68074474,0.67286002,0.3400631,0.22881487,False,0.9840157,True,True,True,0.68074474,0.67286002,0.3400631,0.22881487,0.66236846,0.67214339,0.33010911,0.22188066,0.97563359,0.6844603,0.081675484,0.055903626,0.64837081,0.7285257,0.092362873,0.067288727,0.57803246,0.70812889,0.13678641,0.09686241,0.52068291,0.66837109,0.1328265,0.088777392,0.6418111,0.66133585,0.16203518,0.10715967,0.79540521,0.64943347,0.19450534,0.12631828
experiment_0a_best,file,16,,1299,024.Red_faced_Cormorant/Red_Faced_Cormorant_0050_796276.jpg,24,23,024.Red_faced_Cormorant,5,4,color_jitter,color_jitter,0,"{""brightness"":0.837954,""contrast"":1.121685,""hue"":0.070191,""saturation"":1.219592}",0.0023876512,0.01775432,0.015366669,0.99761522,0.98240238,0.0012436615,0.010615659,0.99637156,0.97178673,-0.024584831,0.73008341,6.4257419,0.3400631,2.1851577,False,0.94874799,True,True,True,0.73008341,6.4257419,0.3400631,2.1851577,0.71680071,6.4173007,0.33010911,2.1184094,0.94244586,6.5620964,0.081675484,0.5359624,0.68070283,5.6792666,0.092362873,0.52455338,0.58035775,6.2362123,0.13678641,0.8530291,0.67557554,7.1317298,0.1328265,0.9472827,0.7159394,6.2383898,0.16203518,1.0108386,0.81476173,6.4331455,0.19450534,1.2512811
experiment_0a_best,file,16,,1299,024.Red_faced_Cormorant/Red_Faced_Cormorant_0050_796276.jpg,24,23,024.Red_faced_Cormorant,5,4,rotation,rotation,0,"{""angle"":-14.41069}",0.0023876512,0.00057406636,-0.0018135849,0.99761522,0.99942613,0.0012436615,0.00035898021,0.99637156,0.99906715,0.0026955896,0.70435941,0.29735772,0.3400631,0.10112039,False,0.96209514,True,True,True,0.70435941,0.29735772,0.3400631,0.10112039,0.68930409,0.29765887,0.33010911,0.098259907,0.95482903,0.29239438,0.081675484,0.023881452,0.70131417,0.29619161,0.092362873,0.027357108,0.647594,0.28395085,0.13678641,0.038840618,0.61004122,0.34405013,0.1328265,0.045698973,0.65941597,0.31726004,0.16203518,0.051407289,0.79148494,0.26550442,0.19450534,0.051642026
experiment_0a_best,file,16,,1299,024.Red_faced_Cormorant/Red_Faced_Cormorant_0050_796276.jpg,24,23,024.Red_faced_Cormorant,5,4,random_resized_crop,random_resized_crop,0,"{""area_fraction"":0.698534,""aspect"":0.855228,""fallback"":false,""height"":0.903759,""left"":0.199,""top"":0.065217,""width"":0.772921}",0.0023876512,0.0036867762,0.0012991249,0.99761522,0.99632001,0.0012436615,0.0030527189,0.99637156,0.99326729,-0.0031042664,0.67984211,2.0481573,0.3400631,0.69650271,False,0.97938317,True,True,True,0.67984211,2.0481573,0.3400631,0.69650271,0.66342409,2.0497197,0.33010911,0.67663115,0.95171012,2.0224634,0.081675484,0.16518568,0.26949033,1.7740924,0.092362873,0.16386027,0.65732344,1.9924499,0.13678641,0.27254008,0.6141221,2.3197499,0.1328265,0.30812426,0.68606057,2.2277602,0.16203518,0.36097553,0.7705105,1.8640658,0.19450534,0.36257075
experiment_0a_best,file,16,,1299,024.Red_faced_Cormorant/Red_Faced_Cormorant_0050_796276.jpg,24,23,024.Red_faced_Cormorant,5,4,gaussian_blur,gaussian_blur,0,"{""sigma"":1.08898}",0.0023876512,0.001930399,-0.00045725226,0.99761522,0.99807149,0.0012436615,0.0010982257,0.99637156,0.99697327,0.00060170935,0.77696478,0.88272009,0.3400631,0.30018053,False,0.98468137,True,True,True,0.77696478,0.88272009,0.3400631,0.30018053,0.76501144,0.88485737,0.33010911,0.29209948,0.98164524,0.84704329,0.081675484,0.069182671,0.78672173,0.76178306,0.092362873,0.070360472,0.61242901,0.87844616,0.13678641,0.1201595,0.67918038,0.98577995,0.1328265,0.1309377,0.77340269,0.91314963,0.16203518,0.14796237,0.88507189,0.84315926,0.19450534,0.16399898
experiment_0a_best,file,16,,1299,024.Red_faced_Cormorant/Red_Faced_Cormorant_0050_796276.jpg,24,23,024.Red_faced_Cormorant,5,4,random_erasing,random_erasing,0,"{""area_fraction"":0.190004,""erased"":true,""height"":0.565373,""left"":0.619556,""top"":0.411361,""width"":0.336069}",0.0023876512,0.001098268,-0.0012893833,0.99761522,0.99890232,0.0012436615,0.00050225254,0.99637156,0.99840007,0.0020285117,0.88663398,0.5040452,0.3400631,0.17140717,False,0.97908247,True,True,True,0.88663398,0.5040452,0.3400631,0.17140717,0.8813721,0.50528967,0.33010911,0.16680073,0.97733916,0.48326262,0.081675484,0.039470708,0.81351741,0.44448059,0.092362873,0.041053504,0.89617658,0.53538406,0.13678641,0.073233265,0.88302418,0.52898304,0.1328265,0.070262965,0.87065898,0.51907949,0.16203518,0.08410914,0.8986121,0.48126986,0.19450534,0.093609556
experiment_0a_best,file,16,,9021,154.Red_eyed_Vireo/Red_Eyed_Vireo_0038_156963.jpg,154,153,154.Red_eyed_Vireo,181,180,identity,identity,0,{},0.78362972,0.78362972,0,0.45674515,0.45674515,0.53408366,0.53408366,-0.077338517,-0.077338517,0,1,1,152.07142,152.07142,False,1,True,False,False,1,1,152.07142,152.07142,1,1,150.34718,150.34718,1,1,22.835096,22.835096,1,1,32.147749,32.147749,1,1,65.671261,65.671261,1,1,91.527601,91.527601,1,1,72.943389,72.943389,1,1,59.666094,59.666094
experiment_0a_best,file,16,,9021,154.Red_eyed_Vireo/Red_Eyed_Vireo_0038_156963.jpg,154,153,154.Red_eyed_Vireo,181,180,horizontal_flip,horizontal_flip,0,"{""flipped"":true}",0.78362972,0.59167266,-0.19195706,0.45674515,0.55340087,0.53408366,0.42765811,-0.077338517,0.12574276,0.20308128,0.67134821,0.7351363,152.07142,111.79322,False,0.97029221,False,False,True,0.67134821,0.7351363,152.07142,111.79322,0.6636275,0.73262313,150.34718,110.14782,0.97014591,0.83685734,22.835096,19.109718,0.6964234,0.77940476,32.147749,25.056109,0.4873299,0.66880792,65.671261,43.92146,0.68997013,0.69803019,91.527601,63.889028,0.67026257,0.78546391,72.943389,57.294399,0.77965312,0.78810623,59.666094,47.02322
experiment_0a_best,file,16,,9021,154.Red_eyed_Vireo/Red_Eyed_Vireo_0038_156963.jpg,154,153,154.Red_eyed_Vireo,181,180,color_jitter,color_jitter,0,"{""brightness"":1.118374,""contrast"":1.060825,""hue"":-0.0171,""saturation"":1.26072}",0.78362972,2.6223607,1.838731,0.45674515,0.072631203,0.53408366,0.92247009,-0.077338517,-0.84983889,-0.77250037,0.91657851,1.6907537,152.07142,257.11531,False,0.98110193,True,False,False,0.91657851,1.6907537,152.07142,257.11531,0.91506636,1.6900537,150.34718,254.09481,0.98110344,1.7208234,22.835096,39.295168,0.91811733,2.1184773,32.147749,68.104278,0.88581607,1.6939236,65.671261,111.2421,0.93109576,1.6619036,91.527601,152.11005,0.91594765,1.6719886,72.943389,121.96052,0.92061881,1.6369357,59.666094,97.66956
experiment_0a_best,file,16,,9021,154.Red_eyed_Vireo/Red_Eyed_Vireo_0038_156963.jpg,154,153,154.Red_eyed_Vireo,181,180,rotation,rotation,0,"{""angle"":-8.253871}",0.78362972,1.4636992,0.68006951,0.45674515,0.23137878,0.53408366,0.7462551,-0.077338517,-0.51487632,-0.4375378,0.85207054,1.3295621,152.07142,202.18839,False,0.98199987,True,False,False,0.85207054,1.3295621,152.07142,202.18839,0.84922661,1.3308742,150.34718,200.09318,0.9819941,1.2713821,22.835096,29.032132,0.87602465,1.4866284,32.147749,47.791756,0.81417311,1.3717013,65.671261,90.081354,0.87031382,1.3099529,91.527601,119.89685,0.83604422,1.3267466,72.943389,96.777394,0.85828705,1.2870782,59.666094,76.794929
experiment_0a_best,file,16,,9021,154.Red_eyed_Vireo/Red_Eyed_Vireo_0038_156963.jpg,154,153,154.Red_eyed_Vireo,181,180,random_resized_crop,random_resized_crop,0,"{""area_fraction"":0.755279,""aspect"":1.287379,""fallback"":false,""height"":0.76595,""left"":0.012874,""top"":0.037383,""width"":0.986068}",0.78362972,1.9281847,1.144555,0.45674515,0.14541191,0.53408366,0.83759099,-0.077338517,-0.69217908,-0.61484057,0.83054903,1.5146451,152.07142,230.33423,False,0.96230578,True,False,False,0.83054903,1.5146451,152.07142,230.33423,0.8274914,1.5144468,150.34718,227.69281,0.96234648,1.5232155,22.835096,34.782773,0.8326021,1.84111,32.147749,59.187541,0.81528465,1.506392,65.671261,98.926661,0.85674206,1.435532,91.527601,131.3908,0.80673944,1.564725,72.943389,114.13634,0.81620757,1.5235622,59.666094,90.905008
experiment_0a_best,file,16,,9021,154.Red_eyed_Vireo/Red_Eyed_Vireo_0038_156963.jpg,154,153,154.Red_eyed_Vireo,181,180,gaussian_blur,gaussian_blur,0,"{""sigma"":1.140322}",0.78362972,1.485037,0.70140725,0.45674515,0.22649398,0.53408366,0.7146619,-0.077338517,-0.48816791,-0.4108294,0.74286832,1.4183825,152.07142,215.69544,False,0.93602425,True,False,False,0.74286832,1.4183825,152.07142,215.69544,0.73876715,1.4204941,150.34718,213.56728,0.93548025,1.3236139,22.835096,30.224851,0.62511357,1.1802942,32.147749,37.943803,0.66607182,1.4441246,65.671261,94.837484,0.77240363,1.3404718,91.527601,122.69017,0.7403783,1.4858632,72.943389,108.3839,0.78433472,1.5339834,59.666094,91.526795
experiment_0a_best,file,16,,9021,154.Red_eyed_Vireo/Red_Eyed_Vireo_0038_156963.jpg,154,153,154.Red_eyed_Vireo,181,180,random_erasing,random_erasing,0,"{""area_fraction"":0.058909,""erased"":true,""height"":0.266697,""left"":0.05416,""top"":0.070723,""width"":0.220884}",0.78362972,0.74347401,-0.040155709,0.45674515,0.47545928,0.53408366,0.50723708,-0.077338517,-0.031777799,0.045560718,0.96856603,0.95224387,152.07142,144.80908,False,0.99310195,True,False,False,0.96856603,0.95224387,152.07142,144.80908,0.9680183,0.95270741,150.34718,143.23687,0.99306996,0.93192768,22.835096,21.280658,0.96939006,1.0133497,32.147749,32.576911,0.97229647,0.9362695,65.671261,61.485999,0.9748651,0.94268457,91.527601,86.281657,0.96191251,0.96701896,72.943389,70.53764,0.95690225,0.9561887,59.666094,57.052045
experiment_0a_best,file,16,,11412,194.Cactus_Wren/Cactus_Wren_0069_186033.jpg,194,193,194.Cactus_Wren,198,197,identity,identity,0,{},0.43413579,0.43413579,0,0.64782429,0.64782429,0.17414068,0.17414068,0.47368361,0.47368361,0,1,1,69.97216,69.97216,False,0.99999988,True,True,True,1,1,69.97216,69.97216,1,1,68.987402,68.987402,1,1,11.697929,11.697929,1,1,11.703923,11.703923,1,1,34.865163,34.865163,1,1,39.134045,39.134045,1,1,33.396554,33.396554,1,1,27.566228,27.566228
experiment_0a_best,file,16,,11412,194.Cactus_Wren/Cactus_Wren_0069_186033.jpg,194,193,194.Cactus_Wren,198,197,horizontal_flip,horizontal_flip,0,"{""flipped"":true}",0.43413579,2.6375206,2.2033848,0.64782429,0.071538426,0.17414068,0.057764646,0.47368361,0.01377378,-0.45990983,0.60562274,3.0833163,69.97216,215.7463,False,0.93673944,False,True,False,0.60562274,3.0833163,69.97216,215.7463,0.60138754,3.0970538,68.987402,213.6577,0.79457097,2.5600728,11.697929,29.947549,0.46655826,2.7877679,11.703923,32.62782,0.68751114,3.3623189,34.865163,117.2278,0.56343824,3.2382598,39.134045,126.7262,0.58731875,2.8816927,33.396554,96.238607,0.58301418,2.6955199,27.566228,74.305316
experiment_0a_best,file,16,,11412,194.Cactus_Wren/Cactus_Wren_0069_186033.jpg,194,193,194.Cactus_Wren,198,197,color_jitter,color_jitter,0,"{""brightness"":0.849269,""contrast"":1.250635,""hue"":0.065662,""saturation"":1.387006}",0.43413579,0.56892335,0.13478756,0.64782429,0.56613463,0.17414068,0.023247624,0.47368361,0.54288701,0.069203397,0.7422703,1.4183872,69.97216,99.247614,False,0.9426564,True,True,True,0.7422703,1.4183872,69.97216,99.247614,0.74131846,1.4233492,68.987402,98.193165,0.78790803,1.2334518,11.697929,14.428832,0.72462273,1.3289038,11.703923,15.553388,0.77407885,1.4011491,34.865163,48.851293,0.75825481,1.5357422,39.134045,60.099805,0.7414287,1.3897443,33.396554,46.41267,0.65614433,1.2812348,27.566228,35.318811
experiment_0a_best,file,16,,11412,194.Cactus_Wren/Cactus_Wren_0069_186033.jpg,194,193,194.Cactus_Wren,198,197,rotation,rotation,0,"{""angle"":8.84951}",0.43413579,0.56423599,0.13010019,0.64782429,0.56879455,0.17414068,0.11378685,0.47368361,0.4550077,-0.018675908,0.86815846,1.2957963,69.97216,90.669667,False,0.97395021,True,True,True,0.86815846,1.2957963,69.97216,90.669667,0.86637744,1.3005504,68.987402,89.721595,0.94993302,1.1179428,11.697929,13.077615,0.75010348,1.0788905,11.703923,12.627251,0.90133197,1.322952,34.865163,46.124939,0.8704695,1.3193417,39.134045,51.631176,0.85606447,1.3044219,33.396554,43.563197,0.83582596,1.2563728,27.566228,34.633461
experiment_0a_best,file,16,,11412,194.Cactus_Wren/Cactus_Wren_0069_186033.jpg,194,193,194.Cactus_Wren,198,197,random_resized_crop,random_resized_crop,0,"{""area_fraction"":0.626245,""aspect"":0.986831,""fallback"":false,""height"":0.796619,""left"":0.036494,""top"":0.133448,""width"":0.786129}",0.43413579,0.12951221,-0.30462359,0.64782429,0.87852389,0.17414068,0.03208746,0.47368361,0.84643643,0.37275282,0.81654489,0.44449302,69.97216,31.102136,False,0.94719958,True,True,True,0.81654489,0.44449302,69.97216,31.102136,0.8149964,0.4471301,68.987402,30.846344,0.91726972,0.34029095,11.697929,3.9806993,0.76568649,0.43496047,11.703923,5.0907439,0.87955684,0.45956253,34.865163,16.022723,0.82377464,0.46590789,39.134045,18.23286,0.77135459,0.42517545,33.396554,14.199395,0.76170001,0.42116988,27.566228,11.610065
experiment_0a_best,file,16,,11412,194.Cactus_Wren/Cactus_Wren_0069_186033.jpg,194,193,194.Cactus_Wren,198,197,gaussian_blur,gaussian_blur,0,"{""sigma"":1.016594}",0.43413579,1.7942703,1.3601345,0.64782429,0.16624872,0.17414068,0.47354075,0.47368361,-0.30729203,-0.78097564,0.78782923,2.8620008,69.97216,200.26038,False,0.95140302,False,True,False,0.78782923,2.8620008,69.97216,200.26038,0.78373824,2.8684819,68.987402,197.88911,0.94618893,2.6266639,11.697929,30.726528,0.67805866,2.3507401,11.703923,27.512881,0.8056704,2.9716462,34.865163,103.60693,0.77562679,3.0905683,39.134045,120.94644,0.77148462,2.6383516,33.396554,88.11185,0.81373877,2.6352175,27.566228,72.643009
experiment_0a_best,file,16,,11412,194.Cactus_Wren/Cactus_Wren_0069_186033.jpg,194,193,194.Cactus_Wren,198,197,random_erasing,random_erasing,0,"{""area_fraction"":0.116646,""erased"":true,""height"":0.408744,""left"":0.494371,""top"":0.271463,""width"":0.285376}",0.43413579,1.5952671,1.1611313,0.64782429,0.20285434,0.17414068,0.3581664,0.47368361,-0.15531206,-0.62899567,0.90121545,2.1671073,69.97216,151.63718,False,0.97275054,False,True,False,0.90121545,2.1671073,69.97216,151.63718,0.89921634,2.1665099,68.987402,149.46189,0.97010885,2.1877834,11.697929,25.592535,0.90523259,2.1187233,11.703923,24.797375,0.92892469,2.1982325,34.865163,76.641736,0.90631595,2.1974018,39.134045,85.99322,0.87559384,2.1145559,33.396554,70.618881,0.86969787,2.1363398,27.566228,58.89083
experiment_0a_best,file,16,,10931,186.Cedar_Waxwing/Cedar_Waxwing_0125_178921.jpg,186,185,186.Cedar_Waxwing,185,184,identity,identity,0,{},0.0071839117,0.0071839117,0,0.99284184,0.99284184,0.0050023394,0.0050023394,0.9878395,0.9878395,0,1,1,1.5024638,1.5024638,False,0.99999988,True,True,True,1,1,1.5024638,1.5024638,1,1,1.4812768,1.4812768,1,1,0.25142901,0.25142901,1,1,0.30382846,0.30382846,1,1,0.73237808,0.73237808,1,1,0.83377197,0.83377197,1,1,0.68918887,0.68918887,1,1,0.6287563,0.6287563
experiment_0a_best,file,16,,10931,186.Cedar_Waxwing/Cedar_Waxwing_0125_178921.jpg,186,185,186.Cedar_Waxwing,185,184,horizontal_flip,horizontal_flip,0,"{""flipped"":true}",0.0071839117,0.110613,0.10342908,0.99284184,0.89528519,0.0050023394,0.05720076,0.9878395,0.83808443,-0.14975507,0.60767487,15.980155,1.5024638,24.009604,False,0.94977438,True,True,True,0.60767487,15.980155,1.5024638,24.009604,0.59948788,16.036862,1.4812768,23.755032,0.94251939,13.868937,0.25142901,3.4870531,0.22812142,13.285502,0.30382846,4.0365137,0.47087687,17.70724,0.73237808,12.968395,0.62002502,16.403184,0.83377197,13.676515,0.66399106,15.433104,0.68918887,10.636323,0.78500855,14.194223,0.6287563,8.9247073
experiment_0a_best,file,16,,10931,186.Cedar_Waxwing/Cedar_Waxwing_0125_178921.jpg,186,185,186.Cedar_Waxwing,185,184,color_jitter,color_jitter,0,"{""brightness"":1.07693,""contrast"":0.750954,""hue"":-0.073864,""saturation"":0.965869}",0.0071839117,0.059803676,0.052619764,0.99284184,0.94194943,0.0050023394,0.014718999,0.9878395,0.92723043,-0.060609072,0.72076438,8.7009393,1.5024638,13.072846,False,0.95054746,True,True,True,0.72076438,8.7009393,1.5024638,13.072846,0.7179569,8.7567102,1.4812768,12.971111,0.88498612,6.4740002,0.25142901,1.6277515,0.38083068,6.9280889,0.30382846,2.1049506,0.72183548,8.7432003,0.73237808,6.4033283,0.7299263,9.2062581,0.83377197,7.6759199,0.72586971,8.8426604,0.68918887,6.0942631,0.75199117,8.2268278,0.6287563,5.1726698
experiment_0a_best,file,16,,10931,186.Cedar_Waxwing/Cedar_Waxwing_0125_178921.jpg,186,185,186.Cedar_Waxwing,185,184,rotation,rotation,0,"{""angle"":-11.84185}",0.0071839117,0.065636449,0.058452537,0.99284184,0.93647128,0.0050023394,0.008791252,0.9878395,0.92768003,-0.060159469,0.53562458,8.8519783,1.5024638,13.299777,False,0.95333529,True,True,True,0.53562458,8.8519783,1.5024638,13.299777,0.52909647,8.901153,1.4812768,13.185071,0.8430119,6.9322746,0.25142901,1.742975,0.40969636,10.154363,0.30382846,3.0851844,0.50665761,9.310528,0.73237808,6.8188266,0.5079758,9.0009446,0.83377197,7.5047353,0.51934955,8.6037144,0.68918887,5.9295842,0.65637085,8.1641428,0.6287563,5.1332563
experiment_0a_best,file,16,,10931,186.Cedar_Waxwing/Cedar_Waxwing_0125_178921.jpg,186,185,186.Cedar_Waxwing,185,184,random_resized_crop,random_resized_crop,0,"{""area_fraction"":0.545411,""aspect"":1.062674,""fallback"":false,""height"":0.71641,""left"":0.238689,""top"":0.187522,""width"":0.76131}",0.0071839117,0.11193489,0.10475097,0.99284184,0.89410245,0.0050023394,0.0771017,0.9878395,0.81700075,-0.17083875,0.76085848,14.647142,1.5024638,22.006801,False,0.94450706,True,True,True,0.76085848,14.647142,1.5024638,22.006801,0.75577927,14.659442,1.4812768,21.714691,0.94303518,14.213621,0.25142901,3.5737166,0.82085928,16.992493,0.30382846,5.162803,0.77648029,14.987555,0.73237808,10.976557,0.75832578,14.058329,0.83377197,11.72144,0.71039878,14.731269,0.68918887,10.152626,0.76362747,14.569737,0.6287563,9.1608137
experiment_0a_best,file,16,,10931,186.Cedar_Waxwing/Cedar_Waxwing_0125_178921.jpg,186,185,186.Cedar_Waxwing,185,184,gaussian_blur,gaussian_blur,0,"{""sigma"":1.289475}",0.0071839117,0.66838932,0.66120541,0.99284184,0.51253343,0.0050023394,0.01217315,0.9878395,0.50036028,-0.48747922,0.41774516,79.619969,1.5024638,119.62612,False,0.86573279,True,True,True,0.41774516,79.619969,1.5024638,119.62612,0.41325423,80.300863,1.4812768,118.9478,0.70965089,50.59552,0.25142901,12.721182,0.32409409,93.047399,0.30382846,28.270448,0.36178338,85.751419,0.73237808,62.80246,0.44051678,83.788515,0.83377197,69.860515,0.3899904,77.160491,0.68918887,53.178152,0.51880304,65.513933,0.6287563,41.192298
experiment_0a_best,file,16,,10931,186.Cedar_Waxwing/Cedar_Waxwing_0125_178921.jpg,186,185,186.Cedar_Waxwing,185,184,random_erasing,random_erasing,0,"{""area_fraction"":0.093084,""erased"":true,""height"":0.321335,""left"":0.341527,""top"":0.09567,""width"":0.289679}",0.0071839117,1.2484047,1.2412208,0.99284184,0.28696221,0.0050023394,0.012199703,0.9878395,0.27476251,-0.71307699,0.42532449,101.19285,1.5024638,152.03859,False,0.81127405,True,True,True,0.42532449,101.19285,1.5024638,152.03859,0.42078532,101.87339,1.4812768,150.90269,0.6647314,73.779268,0.25142901,18.550248,0.51170985,148.8459,0.30382846,45.223622,0.49839727,102.11796,0.73237808,74.788954,0.43349263,98.851,0.83377197,82.419193,0.30795654,97.51311,0.68918887,67.20495,0.40316313,98.345751,0.6287563,61.83551
experiment_0a_best,file,16,,9559,163.Cape_May_Warbler/Cape_May_Warbler_0028_163177.jpg,163,162,163.Cape_May_Warbler,88,87,identity,identity,0,{},0.12829986,0.12829986,0,0.87958956,0.87958956,0.018618053,0.018618053,0.8609715,0.8609715,0,1,1,12.810951,12.810951,False,1.0000001,True,True,True,1,1,12.810951,12.810951,1,1,12.339514,12.339514,1,1,3.4433808,3.4433808,1,1,2.2175437,2.2175437,1,1,3.8170229,3.8170229,1,1,5.6121233,5.6121233,1,1,6.6104677,6.6104677,1,1,7.5882949,7.5882949
experiment_0a_best,file,16,,9559,163.Cape_May_Warbler/Cape_May_Warbler_0028_163177.jpg,163,162,163.Cape_May_Warbler,88,87,horizontal_flip,horizontal_flip,0,"{""flipped"":true}",0.12829986,0.036227718,-0.092072144,0.87958956,0.96442068,0.018618053,0.0038739054,0.8609715,0.96054677,0.099575266,0.60081373,0.31084013,12.810951,3.9821576,False,0.96317208,True,True,True,0.60081373,0.31084013,12.810951,3.9821576,0.57366471,0.3109628,12.339514,3.8371297,0.95138367,0.3092604,3.4433808,1.0649013,0.34944476,0.2497605,2.2175437,0.55385483,0.45011699,0.30665785,3.8170229,1.1705201,0.48285696,0.30225748,5.6121233,1.6963062,0.5191105,0.30688481,6.6104677,2.0286521,0.70504405,0.32424263,7.5882949,2.4604487
experiment_0a_best,file,16,,9559,163.Cape_May_Warbler/Cape_May_Warbler_0028_163177.jpg,163,162,163.Cape_May_Warbler,88,87,color_jitter,color_jitter,0,"{""brightness"":0.881315,""contrast"":1.372822,""hue"":-0.002184,""saturation"":0.665514}",0.12829986,0.29184934,0.16354948,0.87958956,0.74688107,0.018618053,0.035630383,0.8609715,0.71125069,-0.14972082,0.7996597,2.3009697,12.810951,29.47761,False,0.98103422,True,True,True,0.7996597,2.3009697,12.810951,29.47761,0.78818963,2.3219699,12.339514,28.651978,0.97736309,2.0119018,3.4433808,6.9277442,0.73001196,2.5868036,2.2175437,5.7363501,0.66806684,2.9493589,3.8170229,11.257771,0.77510668,2.6357839,5.6121233,14.792344,0.78751813,2.2154669,6.6104677,14.645272,0.87348828,1.9898427,7.5882949,15.099514
experiment_0a_best,file,16,,9559,163.Cape_May_Warbler/Cape_May_Warbler_0028_163177.jpg,163,162,163.Cape_May_Warbler,88,87,rotation,rotation,0,"{""angle"":-7.306411}",0.12829986,0.024824001,-0.10347586,0.87958956,0.97548157,0.018618053,0.0027050751,0.8609715,0.97277649,0.11180499,0.74977457,0.22597606,12.810951,2.8949683,False,0.97573555,True,True,True,0.74977457,0.22597606,12.810951,2.8949683,0.73304877,0.22636398,12.339514,2.7932214,0.97004826,0.22093406,3.4433808,0.76076011,0.46368131,0.22821124,2.2175437,0.5060684,0.65524455,0.26477924,3.8170229,1.0106684,0.6859537,0.22565469,5.6121233,1.2664019,0.72471365,0.21835253,6.6104677,1.4434124,0.81581275,0.22197788,7.5882949,1.6844336
experiment_0a_best,file,16,,9559,163.Cape_May_Warbler/Cape_May_Warbler_0028_163177.jpg,163,162,163.Cape_May_Warbler,88,87,random_resized_crop,random_resized_crop,0,"{""area_fraction"":0.676734,""aspect"":1.297213,""fallback"":false,""height"":0.722276,""left"":0.038563,""top"":0.082352,""width"":0.936946}",0.12829986,0.19608189,0.06778203,0.87958956,0.82194495,0.018618053,0.022185503,0.8609715,0.79975945,-0.061212055,0.75432199,1.6208461,12.810951,20.76458,False,0.97266567,True,True,True,0.75432199,1.6208461,12.810951,20.76458,0.740925,1.6369334,12.339514,20.198962,0.96460933,1.3978978,3.4433808,4.8134943,0.62669188,1.6841508,2.2175437,3.7346779,0.6626198,1.8394027,3.8170229,7.0210422,0.72575852,1.9129251,5.6121233,10.735572,0.73582807,1.5816056,6.6104677,10.455153,0.80707055,1.4447558,7.5882949,10.963233
experiment_0a_best,file,16,,9559,163.Cape_May_Warbler/Cape_May_Warbler_0028_163177.jpg,163,162,163.Cape_May_Warbler,88,87,gaussian_blur,gaussian_blur,0,"{""sigma"":1.154656}",0.12829986,0.59378815,0.46548828,0.87958956,0.55223137,0.018618053,0.041982178,0.8609715,0.51024919,-0.35072231,0.66788378,4.3456909,12.810951,55.672433,False,0.93538195,True,True,True,0.66788378,4.3456909,12.810951,55.672433,0.65319096,4.4062253,12.339514,54.370677,0.92483791,3.4758513,3.4433808,11.96868,0.42971058,5.5093815,2.2175437,12.217294,0.54604462,5.7170865,3.8170229,21.82225,0.66548455,5.239347,5.6121233,29.403861,0.65759449,4.1448263,6.6104677,27.39924,0.7498122,3.5247465,7.5882949,26.746816
experiment_0a_best,file,16,,9559,163.Cape_May_Warbler/Cape_May_Warbler_0028_163177.jpg,163,162,163.Cape_May_Warbler,88,87,random_erasing,random_erasing,0,"{""area_fraction"":0.100135,""erased"":true,""height"":0.571268,""left"":0.352376,""top"":0.033467,""width"":0.175286}",0.12829986,0.053139847,-0.075160015,0.87958956,0.94824737,0.018618053,0.0061446046,0.8609715,0.94210277,0.081131264,0.8870894,0.49403184,12.810951,6.3290177,False,0.98695207,True,True,True,0.8870894,0.49403184,12.810951,6.3290177,0.88072111,0.49718472,12.339514,6.1350176,0.98096133,0.45159098,3.4433808,1.5549997,0.91006443,0.59774631,2.2175437,1.3255285,0.86442151,0.57073695,3.8170229,2.178516,0.86729004,0.53168751,5.6121233,2.9838959,0.86575354,0.48858422,6.6104677,3.2297702,0.91312385,0.45269402,7.5882949,3.4351758
experiment_0a_best,file,16,,72,002.Laysan_Albatross/Laysan_Albatross_0065_809.jpg,2,1,002.Laysan_Albatross,59,58,identity,identity,0,{},0.0021370449,0.0021370449,0,0.99786526,0.99786526,0.00063263188,0.00063263188,0.99723263,0.99723263,0,1,1,0.31584558,0.31584558,False,1,True,True,True,1,1,0.31584558,0.31584558,1,1,0.30712758,0.30712758,1,1,0.073695864,0.073695864,1,1,0.062443863,0.062443863,1,1,0.11701401,0.11701401,1,1,0.15127304,0.15127304,1,1,0.15045434,0.15045434,1,1,0.17667993,0.17667993
experiment_0a_best,file,16,,72,002.Laysan_Albatross/Laysan_Albatross_0065_809.jpg,2,1,002.Laysan_Albatross,59,58,horizontal_flip,horizontal_flip,0,"{""flipped"":true}",0.0021370449,0.0044999053,0.0023628604,0.99786526,0.99551022,0.00063263188,0.0011600689,0.99723263,0.99435015,-0.0028824761,0.6927402,2.0539543,0.31584558,0.64873241,False,0.97411168,True,True,True,0.6927402,2.0539543,0.31584558,0.64873241,0.67718336,2.0554427,0.30712758,0.63128315,0.96665742,2.0279305,0.073695864,0.14945009,0.76548286,2.2176127,0.062443863,0.13847631,0.65022619,2.0627601,0.11701401,0.24137184,0.63770966,2.0950495,0.15127304,0.31692451,0.6263116,2.0957731,0.15045434,0.31531816,0.7482211,1.9705714,0.17667993,0.34816041
experiment_0a_best,file,16,,72,002.Laysan_Albatross/Laysan_Albatross_0065_809.jpg,2,1,002.Laysan_Albatross,59,58,color_jitter,color_jitter,0,"{""brightness"":0.933377,""contrast"":1.08273,""hue"":0.047213,""saturation"":1.219032}",0.0021370449,0.0016988382,-0.00043820671,0.99786526,0.99830258,0.00063263188,0.00031068263,0.99723263,0.9979919,0.00075926853,0.84133466,0.7971672,0.31584558,0.25178174,False,0.99042004,True,True,True,0.84133466,0.7971672,0.31584558,0.25178174,0.83362259,0.79594557,0.30712758,0.24445684,0.9719514,0.81809369,0.073695864,0.060290121,0.80715779,0.9970097,0.062443863,0.062257137,0.76676258,0.8849344,0.11701401,0.10354973,0.81815921,0.7793184,0.15127304,0.11788987,0.81855703,0.77325343,0.15045434,0.11633933,0.90293603,0.75359858,0.17667993,0.13314574
experiment_0a_best,file,16,,72,002.Laysan_Albatross/Laysan_Albatross_0065_809.jpg,2,1,002.Laysan_Albatross,59,58,rotation,rotation,0,"{""angle"":6.252144}",0.0021370449,0.0022209045,8.3859544e-05,0.99786526,0.99778157,0.00063263188,0.00066353584,0.99723263,0.99711804,-0.00011458888,0.76400611,1.0367126,0.31584558,0.32744109,False,0.97003293,True,True,True,0.76400611,1.0367126,0.31584558,0.32744109,0.7527977,1.0378459,0.30712758,0.31875109,0.96284975,1.0168278,0.073695864,0.074936006,0.85478742,1.1222657,0.062443863,0.070078603,0.66028036,0.96366106,0.11701401,0.11276185,0.71100162,1.0216044,0.15127304,0.1545412,0.7224579,1.0631922,0.15045434,0.15996187,0.82984584,1.0513692,0.17667993,0.18575584
experiment_0a_best,file,16,,72,002.Laysan_Albatross/Laysan_Albatross_0065_809.jpg,2,1,002.Laysan_Albatross,59,58,random_resized_crop,random_resized_crop,0,"{""area_fraction"":0.607132,""aspect"":0.80262,""fallback"":false,""height"":0.869735,""left"":0.106402,""top"":0.070265,""width"":0.698066}",0.0021370449,0.45670301,0.45456596,0.99786526,0.63336843,0.00063263188,0.023618922,0.99723263,0.60974951,-0.38748312,0.50048999,166.82242,0.31584558,52.690125,False,0.89012325,True,True,True,0.50048999,166.82242,0.31584558,52.690125,0.48533242,168.3142,0.30712758,51.693934,0.82991039,138.37108,0.073695864,10.197376,0.54848356,175.50228,0.062443863,10.95904,0.38522576,196.54174,0.11701401,22.998138,0.39323237,182.34478,0.15127304,27.583849,0.49863944,159.9295,0.15045434,24.062087,0.61648599,147.9615,0.17667993,26.141828
experiment_0a_best,file,16,,72,002.Laysan_Albatross/Laysan_Albatross_0065_809.jpg,2,1,002.Laysan_Albatross,59,58,gaussian_blur,gaussian_blur,0,"{""sigma"":1.157677}",0.0021370449,0.020023588,0.017886543,0.99786526,0.98017555,0.00063263188,0.0067989309,0.99723263,0.97337662,-0.023856004,0.63683963,10.46523,0.31584558,3.3053968,False,0.94098347,True,True,True,0.63683963,10.46523,0.31584558,3.3053968,0.62530036,10.590148,0.30712758,3.2525266,0.92683869,7.9899785,0.073695864,0.58882837,0.77910253,15.119289,0.062443863,0.94410682,0.5063233,11.077455,0.11701401,1.2962175,0.4885225,11.45999,0.15127304,1.7335876,0.64858427,10.48434,0.15045434,1.5774145,0.7848896,8.9739242,0.17667993,1.5855123
experiment_0a_best,file,16,,72,002.Laysan_Albatross/Laysan_Albatross_0065_809.jpg,2,1,002.Laysan_Albatross,59,58,random_erasing,random_erasing,0,"{""area_fraction"":0.085696,""erased"":true,""height"":0.328741,""left"":0.166532,""top"":0.387126,""width"":0.260681}",0.0021370449,0.0010773098,-0.0010597351,0.99786526,0.99892324,0.00063263188,0.00017597695,0.99723263,0.99874727,0.0015146374,0.73875015,0.57335198,0.31584558,0.18109069,False,0.97766572,True,True,True,0.73875015,0.57335198,0.31584558,0.18109069,0.7280831,0.5777375,0.30712758,0.17743912,0.966098,0.49097475,0.073695864,0.036182809,0.58266398,0.67957418,0.062443863,0.042435237,0.52165438,0.65778757,0.11701401,0.076970364,0.69488366,0.59672405,0.15127304,0.090268263,0.78548687,0.57058779,0.15045434,0.085847407,0.86047787,0.5138202,0.17667993,0.090781717
experiment_0a_best,file,16,,7761,133.White_throated_Sparrow/White_Throated_Sparrow_0015_129138.jpg,133,132,133.White_throated_Sparrow,132,131,identity,identity,0,{},0.012219685,0.012219685,0,0.98785466,0.98785466,0.0043904772,0.0043904772,0.98346418,0.98346418,0,1,1,1.6948999,1.6948999,False,1,True,True,True,1,1,1.6948999,1.6948999,1,1,1.6522867,1.6522867,1,1,0.37766942,0.37766942,1,1,0.27011666,0.27011666,1,1,0.70663044,0.70663044,1,1,0.87159966,0.87159966,1,1,0.77687383,0.77687383,1,1,0.89137138,0.89137138
experiment_0a_best,file,16,,7761,133.White_throated_Sparrow/White_Throated_Sparrow_0015_129138.jpg,133,132,133.White_throated_Sparrow,132,131,horizontal_flip,horizontal_flip,0,"{""flipped"":true}",0.012219685,0.0043837167,-0.0078359684,0.98785466,0.99562585,0.0043904772,0.0010063278,0.98346418,0.99461953,0.011155343,0.63954429,0.35686468,1.6948999,0.6048499,False,0.97746086,True,True,True,0.63954429,0.35686468,1.6948999,0.6048499,0.62202541,0.35622562,1.6522867,0.58858687,0.96372387,0.36888303,0.37766942,0.13931584,0.20528509,0.32271339,0.27011666,0.087170265,0.54804565,0.31767433,0.70663044,0.22447835,0.62877146,0.37295294,0.87159966,0.32506566,0.59301455,0.36915366,0.77687383,0.28678582,0.7178876,0.35570704,0.89137138,0.31706707
experiment_0a_best,file,16,,7761,133.White_throated_Sparrow/White_Throated_Sparrow_0015_129138.jpg,133,132,133.White_throated_Sparrow,132,131,color_jitter,color_jitter,0,"{""brightness"":1.332589,""contrast"":0.92955,""hue"":0.00875,""saturation"":0.625515}",0.012219685,0.044161823,0.031942138,0.98785466,0.95679909,0.0043904772,0.01533551,0.98346418,0.94146358,-0.042000603,0.79728643,4.0575638,1.6948999,6.8771644,False,0.9711253,True,True,True,0.79728643,4.0575638,1.6948999,6.8771644,0.78897496,4.0591718,1.6522867,6.7069157,0.9576788,4.0266621,0.37766942,1.5207471,0.7013986,4.8045063,0.27011666,1.2977772,0.67420194,3.9340345,0.70663044,2.7799085,0.7868319,4.1885215,0.87159966,3.650714,0.81714801,4.215274,0.77687383,3.274736,0.85625898,3.8075759,0.89137138,3.3939642
experiment_0a_best,file,16,,7761,133.White_throated_Sparrow/White_Throated_Sparrow_0015_129138.jpg,133,132,133.White_throated_Sparrow,132,131,rotation,rotation,0,"{""angle"":9.685247}",0.012219685,0.0017306126,-0.010489073,0.98785466,0.99827087,0.0043904772,0.00059418712,0.98346418,0.99767668,0.0142125,0.73587657,0.12356245,1.6948999,0.20942598,False,0.97027874,True,True,True,0.73587657,0.12356245,1.6948999,0.20942598,0.72206483,0.12206843,1.6522867,0.20169205,0.96608037,0.14930404,0.37766942,0.05638757,0.54233751,0.1215753,0.27011666,0.032839514,0.63026536,0.10937935,0.70663044,0.07729078,0.72625876,0.11590327,0.87159966,0.10102125,0.71504386,0.12490127,0.77687383,0.097032524,0.79197234,0.13277322,0.89137138,0.11835025
experiment_0a_best,file,16,,7761,133.White_throated_Sparrow/White_Throated_Sparrow_0015_129138.jpg,133,132,133.White_throated_Sparrow,132,131,random_resized_crop,random_resized_crop,0,"{""area_fraction"":0.71191,""aspect"":0.847743,""fallback"":false,""height"":0.91639,""left"":0.074671,""top"":0.027429,""width"":0.776864}",0.012219685,0.068917066,0.056697381,0.98785466,0.93340409,0.0043904772,0.017780252,0.98346418,0.91562384,-0.067840346,0.70823589,5.5522916,1.6948999,9.4105784,False,0.95622313,True,True,True,0.70823589,5.5522916,1.6948999,9.4105784,0.69559514,5.5476757,1.6522867,9.166351,0.94631733,5.6399119,0.37766942,2.1300222,0.57745074,7.1052638,0.27011666,1.9192501,0.65368219,6.0050138,0.70663044,4.2433255,0.68339378,5.3779931,0.87159966,4.687457,0.70091861,5.6802803,0.77687383,4.4128611,0.75622953,5.1271969,0.89137138,4.5702365
experiment_0a_best,file,16,,7761,133.White_throated_Sparrow/White_Throated_Sparrow_0015_129138.jpg,133,132,133.White_throated_Sparrow,132,131,gaussian_blur,gaussian_blur,0,"{""sigma"":1.480895}",0.012219685,0.79566139,0.7834417,0.98785466,0.45128265,0.0043904772,0.027856706,0.98346418,0.42342594,-0.56003824,0.49962027,46.643703,1.6948999,79.056407,False,0.87004352,True,True,True,0.49962027,46.643703,1.6948999,79.056407,0.48932004,47.23321,1.6522867,78.042805,0.80744528,33.412484,0.37766942,12.618873,0.049110161,47.675536,0.27011666,12.877957,0.27482516,50.417789,0.70663044,35.626744,0.56691314,51.563093,0.87159966,44.942374,0.50738131,47.271989,0.77687383,36.724371,0.6043134,40.247923,0.89137138,35.875846
experiment_0a_best,file,16,,7761,133.White_throated_Sparrow/White_Throated_Sparrow_0015_129138.jpg,133,132,133.White_throated_Sparrow,132,131,random_erasing,random_erasing,0,"{""area_fraction"":0.186605,""erased"":true,""height"":0.260102,""left"":0.252586,""top"":0.661065,""width"":0.717431}",0.012219685,0.055470157,0.043250472,0.98785466,0.94604027,0.0043904772,0.0041008745,0.98346418,0.9419394,-0.041524784,0.65969506,4.2892012,1.6948999,7.2697666,False,0.94029671,True,True,True,0.65969506,4.2892012,1.6948999,7.2697666,0.65086659,4.3129534,1.6522867,7.1262357,0.8561094,3.8061146,0.37766942,1.4374531,0.4014063,4.0365549,0.27011666,1.0903407,0.59553618,4.7192337,0.70663044,3.3347542,0.63917323,4.0377503,0.87159966,3.5193018,0.63932359,4.2112383,0.77687383,3.2716008,0.73122913,4.4003717,0.89137138,3.9223653
experiment_0a_best,file,16,,5287,091.Mockingbird/Mockingbird_0008_81226.jpg,91,90,091.Mockingbird,45,44,identity,identity,0,{},3.6122503,3.6122503,0,0.026991036,0.026991036,0.54267788,0.54267788,-0.51568684,-0.51568684,0,1,1,196.03594,196.03594,False,1,True,False,False,1,1,196.03594,196.03594,1,1,193.3752,193.3752,1,1,32.188798,32.188798,1,1,47.855378,47.855378,1,1,91.874401,91.874401,1,1,100.065,100.065,1,1,99.351766,99.351766,1,1,82.335586,82.335586
experiment_0a_best,file,16,,5287,091.Mockingbird/Mockingbird_0008_81226.jpg,91,90,091.Mockingbird,45,44,horizontal_flip,horizontal_flip,0,"{""flipped"":true}",3.6122503,2.7918003,-0.82045007,0.026991036,0.061310746,0.54267788,0.24403656,-0.51568684,-0.18272581,0.33296103,0.48757564,0.76635427,196.03594,150.23298,False,0.96129072,False,False,False,0.48757564,0.76635427,196.03594,150.23298,0.47445038,0.76422808,193.3752,147.78276,0.92089125,0.83949299,32.188798,27.02227,0.19787926,0.89034806,47.855378,42.607943,0.22323903,0.66802159,91.874401,61.374083,0.46037039,0.78290345,100.065,78.341237,0.59513003,0.74886692,99.351766,74.401251,0.69745638,0.82236529,82.335586,67.709927
experiment_0a_best,file,16,,5287,091.Mockingbird/Mockingbird_0008_81226.jpg,91,90,091.Mockingbird,45,44,color_jitter,color_jitter,0,"{""brightness"":1.116187,""contrast"":0.722566,""hue"":0.077037,""saturation"":0.629283}",3.6122503,5.4328694,1.8206191,0.026991036,0.0043705362,0.54267788,0.59060878,-0.51568684,-0.58623824,-0.070551396,0.72735793,1.0915443,196.03594,213.98192,False,0.91414881,True,False,False,0.72735793,1.0915443,196.03594,213.98192,0.72290119,1.0936637,193.3752,211.48744,0.90329909,1.0120909,32.188798,32.577988,0.69060031,0.95262296,47.855378,45.588132,0.65868382,1.0158488,91.874401,93.330497,0.71326915,1.2243017,100.065,122.50975,0.75260618,1.0380883,99.351766,103.13591,0.79407677,1.1059948,82.335586,91.062729
experiment_0a_best,file,16,,5287,091.Mockingbird/Mockingbird_0008_81226.jpg,91,90,091.Mockingbird,45,44,rotation,rotation,0,"{""angle"":4.784959}",3.6122503,1.9147042,-1.6975461,0.026991036,0.14738542,0.54267788,0.19449569,-0.51568684,-0.047110274,0.46857657,0.76054559,0.78330613,196.03594,153.55615,False,0.95992124,False,False,False,0.76054559,0.78330613,196.03594,153.55615,0.7562719,0.78385396,193.3752,151.57792,0.91920625,0.76327158,32.188798,24.568795,0.5755805,0.91092323,47.855378,43.592576,0.77804621,0.79640227,91.874401,73.168981,0.71662093,0.79383426,100.065,79.435028,0.78311334,0.74831657,99.351766,74.346573,0.8293127,0.75697394,82.335586,62.325893
experiment_0a_best,file,16,,5287,091.Mockingbird/Mockingbird_0008_81226.jpg,91,90,091.Mockingbird,45,44,random_resized_crop,random_resized_crop,0,"{""area_fraction"":0.80552,""aspect"":0.847438,""fallback"":false,""height"":0.974954,""left"":0.103579,""top"":0.010221,""width"":0.826213}",3.6122503,4.3278694,0.71561909,0.026991036,0.01319563,0.54267788,0.58631778,-0.51568684,-0.57312215,-0.057435304,0.77300797,1.0291571,196.03594,201.75178,False,0.95042682,True,False,False,0.77300797,1.0291571,196.03594,201.75178,0.76786986,1.0271967,193.3752,198.63437,0.94820403,1.0975685,32.188798,35.329411,0.69052822,0.91049287,47.855378,43.57198,0.74905991,1.0320084,91.874401,94.815156,0.75684958,1.0696783,100.065,107.03736,0.77730349,0.99492091,99.351766,98.847149,0.82079113,1.0405033,82.335586,85.67045
experiment_0a_best,file,16,,5287,091.Mockingbird/Mockingbird_0008_81226.jpg,91,90,091.Mockingbird,45,44,gaussian_blur,gaussian_blur,0,"{""sigma"":1.123438}",3.6122503,4.1215978,0.50934744,0.026991036,0.016218584,0.54267788,0.078384206,-0.51568684,-0.062165622,0.45352122,0.50541848,1.0605529,196.03594,207.90648,False,0.88731968,False,False,False,0.50541848,1.0605529,196.03594,207.90648,0.49902451,1.0606533,193.3752,205.10405,0.73699739,1.0569227,32.188798,34.021071,0.32450862,1.3322221,47.855378,63.753992,0.49664253,1.0302652,91.874401,94.654994,0.50960314,1.1108476,100.065,111.15697,0.48825259,0.95541716,99.351766,94.922382,0.58362235,1.0641908,82.335586,87.620774
experiment_0a_best,file,16,,5287,091.Mockingbird/Mockingbird_0008_81226.jpg,91,90,091.Mockingbird,45,44,random_erasing,random_erasing,0,"{""area_fraction"":0.19292,""erased"":true,""height"":0.270191,""left"":0.18326,""top"":0.615727,""width"":0.714012}",3.6122503,3.362613,-0.24963737,0.026991036,0.034644615,0.54267788,0.081450693,-0.51568684,-0.046806078,0.46888077,0.52602828,0.72086812,196.03594,141.31606,False,0.83721346,False,False,False,0.52602828,0.72086812,196.03594,141.31606,0.51895746,0.71814075,193.3752,138.87062,0.75533227,0.8132005,32.188798,26.175946,0.49574255,0.74576473,47.855378,35.688853,0.42951046,0.61377112,91.874401,56.389853,0.54613179,0.77885044,100.065,77.935672,0.54760812,0.65638596,99.351766,65.213104,0.55322261,0.81517555,82.335586,67.117956
experiment_0a_best,file,16,,4209,073.Blue_Jay/Blue_Jay_0066_61490.jpg,73,72,073.Blue_Jay,74,73,identity,identity,0,{},0.00580838,0.00580838,0,0.99420846,0.99420846,0.003716019,0.003716019,0.99049244,0.99049244,0,1,1,1.1694874,1.1694874,False,1,True,True,True,1,1,1.1694874,1.1694874,1,1,1.1526566,1.1526566,1,1,0.19769578,0.19769578,1,1,0.25618342,0.25618342,1,1,0.47792644,0.47792644,1,1,0.65844952,0.65844952,1,1,0.58399205,0.58399205,1,1,0.50987354,0.50987354
experiment_0a_best,file,16,,4209,073.Blue_Jay/Blue_Jay_0066_61490.jpg,73,72,073.Blue_Jay,74,73,horizontal_flip,horizontal_flip,0,"{""flipped"":true}",0.00580838,0.0029097146,-0.0028986654,0.99420846,0.99709451,0.003716019,0.0016018486,0.99049244,0.99549266,0.0050002272,0.65627004,0.50857783,1.1694874,0.59477536,False,0.97339213,True,True,True,0.65627004,0.50857783,1.1694874,0.59477536,0.64664397,0.50774805,1.1526566,0.58525912,0.96717485,0.536022,0.19769578,0.10596929,0.60754285,0.41064411,0.25618342,0.10520021,0.61863664,0.47786692,0.47792644,0.22838523,0.62920275,0.47619339,0.65844952,0.31354931,0.61317534,0.54089387,0.58399205,0.31587772,0.75233115,0.55890857,0.50987354,0.28497269
experiment_0a_best,file,16,,4209,073.Blue_Jay/Blue_Jay_0066_61490.jpg,73,72,073.Blue_Jay,74,73,color_jitter,color_jitter,0,"{""brightness"":1.022806,""contrast"":1.046611,""hue"":0.074077,""saturation"":0.801406}",0.00580838,0.016583458,0.010775078,0.99420846,0.98355329,0.003716019,0.0071228081,0.99049244,0.97643048,-0.014061954,0.83768879,3.0225968,1.1694874,3.5348889,False,0.96245456,True,True,True,0.83768879,3.0225968,1.1694874,3.5348889,0.83550964,3.0375537,1.1526566,3.5012562,0.94734608,2.4606541,0.19769578,0.48646092,0.86560414,2.9320617,0.25618342,0.7511456,0.81710674,3.36982,0.47792644,1.6105261,0.85254252,2.9786737,0.65844952,1.9613063,0.82020474,3.0182551,0.58399205,1.762637,0.84472084,2.873894,0.50987354,1.4653225
experiment_0a_best,file,16,,4209,073.Blue_Jay/Blue_Jay_0066_61490.jpg,73,72,073.Blue_Jay,74,73,rotation,rotation,0,"{""angle"":8.596013}",0.00580838,0.0055136983,-0.00029468164,0.99420846,0.99450147,0.003716019,0.0033418601,0.99049244,0.99115961,0.00066717528,0.79958779,0.98216105,1.1694874,1.148625,False,0.98057401,True,True,True,0.79958779,0.98216105,1.1694874,1.148625,0.79457842,0.98354281,1.1526566,1.1336871,0.97995571,0.93397412,0.19769578,0.18464274,0.83079077,1.2066308,0.25618342,0.3091188,0.7852814,1.0436628,0.47792644,0.49879407,0.78629113,0.96149104,0.65844952,0.63309331,0.77279909,0.96425327,0.58399205,0.56311624,0.84483652,0.9261463,0.50987354,0.47221749
experiment_0a_best,file,16,,4209,073.Blue_Jay/Blue_Jay_0066_61490.jpg,73,72,073.Blue_Jay,74,73,random_resized_crop,random_resized_crop,0,"{""area_fraction"":0.540131,""aspect"":0.86047,""fallback"":false,""height"":0.792286,""left"":0.092337,""top"":0.06526,""width"":0.681738}",0.00580838,0.12218967,0.11638129,0.99420846,0.8849805,0.003716019,0.055558555,0.99049244,0.82942194,-0.16107049,0.58027539,23.321318,1.1694874,27.273987,False,0.93022561,True,True,True,0.58027539,23.321318,1.1694874,27.273987,0.57240826,23.434339,1.1526566,27.011745,0.92063634,19.085199,0.19769578,3.7730632,0.55242572,35.780081,0.25618342,9.1662635,0.48824651,23.161994,0.47792644,11.069729,0.5269779,23.102849,0.65844952,15.21206,0.61609204,23.49535,0.58399205,13.721098,0.71877391,19.943316,0.50987354,10.168569
experiment_0a_best,file,16,,4209,073.Blue_Jay/Blue_Jay_0066_61490.jpg,73,72,073.Blue_Jay,74,73,gaussian_blur,gaussian_blur,0,"{""sigma"":1.736657}",0.00580838,1.1326208,1.1268124,0.99420846,0.32218775,0.003716019,0.016383132,0.99049244,0.30580462,-0.68468782,0.37084652,154.62693,1.1694874,180.83424,False,0.82279992,True,True,True,0.37084652,154.62693,1.1694874,180.83424,0.36782322,156.37712,1.1526566,180.24911,0.69840995,73.524763,0.19769578,14.535535,0.50124591,241.76772,0.25618342,61.93688,0.32149886,189.67528,0.47792644,90.65083,0.32043637,162.20574,0.65844952,106.80429,0.41027907,135.43522,0.58399205,79.093092,0.48615528,103.2813,0.50987354,52.660404
experiment_0a_best,file,16,,4209,073.Blue_Jay/Blue_Jay_0066_61490.jpg,73,72,073.Blue_Jay,74,73,random_erasing,random_erasing,0,"{""area_fraction"":0.075574,""erased"":true,""height"":0.371697,""left"":0.460814,""top"":0.563389,""width"":0.203321}",0.00580838,0.020067872,0.014259493,0.99420846,0.98013216,0.003716019,0.0087500513,0.99049244,0.97138211,-0.019110325,0.91271024,3.2257791,1.1694874,3.7725079,False,0.98224264,True,True,True,0.91271024,3.2257791,1.1694874,3.7725079,0.91122028,3.2309669,1.1526566,3.7241951,0.96804346,3.0441699,0.19769578,0.60181953,0.93677841,3.289873,0.25618342,0.8428109,0.90239819,2.8675958,0.47792644,1.3704998,0.93485133,3.12268,0.65844952,2.0561272,0.90040585,3.3848719,0.58399205,1.9767383,0.89921254,3.4786309,0.50987354,1.7736618
experiment_0a_best,file,16,,8378,143.Caspian_Tern/Caspian_Tern_0078_146824.jpg,143,142,143.Caspian_Tern,147,146,identity,identity,0,{},0.94793582,0.94793582,0,0.38754016,0.38754016,0.26544109,0.26544109,0.12209907,0.12209907,0,1,1,115.18046,115.18046,False,1.0000001,True,True,True,1,1,115.18046,115.18046,1,1,113.85004,113.85004,1,1,17.455885,17.455885,1,1,24.893385,24.893385,1,1,49.169717,49.169717,1,1,54.886747,54.886747,1,1,61.382032,61.382032,1,1,56.072991,56.072991
experiment_0a_best,file,16,,8378,143.Caspian_Tern/Caspian_Tern_0078_146824.jpg,143,142,143.Caspian_Tern,147,146,horizontal_flip,horizontal_flip,0,"{""flipped"":true}",0.94793582,0.73502398,-0.21291184,0.38754016,0.47949398,0.26544109,0.23687026,0.12209907,0.24262372,0.12052464,0.58141321,0.73319826,115.18046,84.450115,False,0.95524561,True,True,True,0.58141321,0.73319826,115.18046,84.450115,0.57187187,0.73076979,113.85004,83.198168,0.94337814,0.8299474,17.455885,14.487466,0.57129267,0.66224822,24.893385,16.4856,0.34521728,0.73168056,49.169717,35.976526,0.53379712,0.73292748,54.886747,40.228005,0.62175071,0.69681392,61.382032,42.771855,0.71884905,0.77902211,56.072991,43.6821
experiment_0a_best,file,16,,8378,143.Caspian_Tern/Caspian_Tern_0078_146824.jpg,143,142,143.Caspian_Tern,147,146,color_jitter,color_jitter,0,"{""brightness"":1.345036,""contrast"":1.092987,""hue"":0.034865,""saturation"":1.35294}",0.94793582,2.4049208,1.456985,0.38754016,0.090272643,0.26544109,0.6825617,0.12209907,-0.59228905,-0.71438812,0.75613158,1.5659465,115.18046,180.36644,False,0.96197706,False,True,False,0.75613158,1.5659465,115.18046,180.36644,0.75182386,1.5631508,113.85004,177.96478,0.92850842,1.6805671,17.455885,29.335785,0.28017696,1.8607217,24.893385,46.319662,0.59376116,1.4392707,49.169717,70.768535,0.78056211,1.5859088,54.886747,87.045377,0.84317005,1.6053617,61.382032,98.540367,0.84196018,1.5164755,56.072991,85.03332
experiment_0a_best,file,16,,8378,143.Caspian_Tern/Caspian_Tern_0078_146824.jpg,143,142,143.Caspian_Tern,147,146,rotation,rotation,0,"{""angle"":10.317199}",0.94793582,1.5007653,0.5528295,0.38754016,0.22295949,0.26544109,0.073747449,0.12209907,0.14921204,0.027112968,0.68685694,0.98615331,115.18046,113.58559,False,0.92468214,False,True,False,0.68685694,0.98615331,115.18046,113.58559,0.68292431,0.98036959,113.85004,111.61511,0.8372167,1.2067826,17.455885,21.065458,0.57322472,0.88969964,24.893385,22.147636,0.70007497,0.89302019,49.169717,43.90955,0.64434856,0.98291899,54.886747,53.949226,0.68927555,0.98860731,61.382032,60.682726,0.72155714,1.046966,56.072991,58.706517
experiment_0a_best,file,16,,8378,143.Caspian_Tern/Caspian_Tern_0078_146824.jpg,143,142,143.Caspian_Tern,147,146,random_resized_crop,random_resized_crop,0,"{""area_fraction"":0.891425,""aspect"":0.941605,""fallback"":false,""height"":0.972989,""left"":0.067937,""top"":0.001227,""width"":0.916172}",0.94793582,1.5572758,0.60933995,0.38754016,0.2107093,0.26544109,0.41770515,0.12209907,-0.20699584,-0.32909492,0.77344119,1.2997159,115.18046,149.70188,False,0.97261935,False,True,False,0.77344119,1.2997159,115.18046,149.70188,0.76910701,1.2990619,113.85004,147.89824,0.95407028,1.3272394,17.455885,23.168137,0.72077331,1.258252,24.893385,31.322151,0.76004441,1.3095014,49.169717,64.387811,0.71661381,1.3306253,54.886747,73.033696,0.77953204,1.2812595,61.382032,78.646313,0.82538953,1.289461,56.072991,72.303938
experiment_0a_best,file,16,,8378,143.Caspian_Tern/Caspian_Tern_0078_146824.jpg,143,142,143.Caspian_Tern,147,146,gaussian_blur,gaussian_blur,0,"{""sigma"":1.422008}",0.94793582,1.661857,0.71392119,0.38754016,0.18978623,0.26544109,0.089322135,0.12209907,0.10046409,-0.021634981,0.52081414,1.2476866,115.18046,143.70912,False,0.9100312,True,True,True,0.52081414,1.2476866,115.18046,143.70912,0.51420205,1.2521407,113.85004,142.55626,0.86798427,1.0407138,17.455885,18.16658,0.25587442,1.5348394,24.893385,38.20735,0.25038936,1.3454283,49.169717,66.154329,0.54267369,1.2737864,54.886747,69.913993,0.61918531,1.1654994,61.382032,71.540721,0.66243714,1.1936793,56.072991,66.93317
experiment_0a_best,file,16,,8378,143.Caspian_Tern/Caspian_Tern_0078_146824.jpg,143,142,143.Caspian_Tern,147,146,random_erasing,random_erasing,0,"{""area_fraction"":0.075364,""erased"":true,""height"":0.15059,""left"":0.353672,""top"":0.533881,""width"":0.500456}",0.94793582,2.121675,1.1737392,0.38754016,0.11983074,0.26544109,0.45088547,0.12209907,-0.33105473,-0.4531538,0.8769849,1.4177341,115.18046,163.29527,False,0.96612722,False,True,False,0.8769849,1.4177341,115.18046,163.29527,0.87493425,1.4166725,113.85004,161.28822,0.96192962,1.4621768,17.455885,25.523589,0.86989933,1.5456728,24.893385,38.477028,0.84423118,1.4274914,49.169717,70.189347,0.88427149,1.4107515,54.886747,77.431561,0.88741944,1.4215226,61.382032,87.255946,0.87695837,1.3811335,56.072991,77.444287
experiment_0a_best,file,16,,1548,028.Brown_Creeper/Brown_Creeper_0007_24902.jpg,28,27,028.Brown_Creeper,187,186,identity,identity,0,{},0.0017113339,0.0017113339,0,0.99829012,0.99829012,0.0010333346,0.0010333346,0.99725679,0.99725679,0,1,1,0.44567715,0.44567715,False,1,True,True,True,1,1,0.44567715,0.44567715,1,1,0.44111195,0.44111195,1,1,0.063626834,0.063626834,1,1,0.10725526,0.10725526,1,1,0.18199666,0.18199666,1,1,0.24890939,0.24890939,1,1,0.22899806,0.22899806,1,1,0.18856637,0.18856637
experiment_0a_best,file,16,,1548,028.Brown_Creeper/Brown_Creeper_0007_24902.jpg,28,27,028.Brown_Creeper,187,186,horizontal_flip,horizontal_flip,0,"{""flipped"":true}",0.0017113339,0.0080351206,0.0063237867,0.99829012,0.99199706,0.0010333346,0.0056576426,0.99725679,0.98633942,-0.010917366,0.67417367,5.2321673,0.44567715,2.3318574,False,0.96007788,True,True,True,0.67417367,5.2321673,0.44567715,2.3318574,0.66899676,5.2428072,0.44111195,2.3126649,0.95625477,4.6924184,0.063626834,0.29856373,0.7049237,5.2228519,0.10725526,0.56017835,0.54562644,6.1386318,0.18199666,1.1172105,0.69482702,5.3901624,0.24890939,1.341662,0.68160081,4.9020966,0.22899806,1.1225706,0.75871802,4.5193421,0.18856637,0.85219592
experiment_0a_best,file,16,,1548,028.Brown_Creeper/Brown_Creeper_0007_24902.jpg,28,27,028.Brown_Creeper,187,186,color_jitter,color_jitter,0,"{""brightness"":1.295459,""contrast"":1.342565,""hue"":0.00702,""saturation"":0.695413}",0.0017113339,0.0011410161,-0.00057031773,0.99829012,0.99885964,0.0010333346,0.00035082048,0.99725679,0.99850882,0.0012520365,0.77010116,0.5869921,0.44567715,0.26160897,False,0.96510768,True,True,True,0.77010116,0.5869921,0.44567715,0.26160897,0.76661844,0.58649543,0.44111195,0.25871014,0.93154222,0.61038779,0.063626834,0.038837043,0.68575752,0.70348519,0.10725526,0.075452489,0.68464601,0.59433825,0.18199666,0.10816758,0.74875063,0.52779395,0.24890939,0.13137287,0.81032548,0.60587009,0.22899806,0.13874307,0.84692865,0.60533251,0.18856637,0.11414535
experiment_0a_best,file,16,,1548,028.Brown_Creeper/Brown_Creeper_0007_24902.jpg,28,27,028.Brown_Creeper,187,186,rotation,rotation,0,"{""angle"":-13.295623}",0.0017113339,0.0055682319,0.0038568981,0.99829012,0.99444723,0.0010333346,0.0021742587,0.99725679,0.99227297,-0.0049838143,0.78531161,2.4394666,0.44567715,1.0872145,False,0.95976877,True,True,True,0.78531161,2.4394666,0.44567715,1.0872145,0.78188438,2.4315026,0.44111195,1.0725648,0.93606059,2.7956239,0.063626834,0.1778767,0.78900195,2.2616227,0.10725526,0.24257094,0.75781411,2.4849156,0.18199666,0.45224635,0.76184726,2.2718932,0.24890939,0.56549556,0.79125676,2.4610612,0.22899806,0.56357823,0.82443064,2.6495823,0.18856637,0.49962211
experiment_0a_best,file,16,,1548,028.Brown_Creeper/Brown_Creeper_0007_24902.jpg,28,27,028.Brown_Creeper,187,186,random_resized_crop,random_resized_crop,0,"{""area_fraction"":0.800564,""aspect"":1.22314,""fallback"":false,""height"":0.809021,""left"":0.001383,""top"":0.149483,""width"":0.989546}",0.0017113339,0.0069852904,0.0052739566,0.99829012,0.99303907,0.0010333346,0.0024175579,0.99725679,0.99062151,-0.0066352732,0.74215069,3.5359265,0.44567715,1.5758816,False,0.96437621,True,True,True,0.74215069,3.5359265,0.44567715,1.5758816,0.73817254,3.538845,0.44111195,1.5610268,0.94223921,3.3926935,0.063626834,0.21586635,0.78412423,3.3249204,0.10725526,0.35661521,0.66345374,3.8285198,0.18199666,0.69677782,0.66719845,3.3871242,0.24890939,0.84308703,0.78988103,3.5293367,0.22899806,0.80821127,0.84409238,3.5972937,0.18856637,0.67832861
experiment_0a_best,file,16,,1548,028.Brown_Creeper/Brown_Creeper_0007_24902.jpg,28,27,028.Brown_Creeper,187,186,gaussian_blur,gaussian_blur,0,"{""sigma"":1.747634}",0.0017113339,1.3713007,1.3695894,0.99829012,0.25377667,0.0010333346,0.012672846,0.99725679,0.24110382,-0.75615296,0.23720508,388.60275,0.44567715,173.19137,False,0.77163005,True,True,True,0.23720508,388.60275,0.44567715,173.19137,0.2320424,390.99881,0.44111195,172.47425,0.65420905,247.44787,0.063626834,15.744324,0.3742121,348.13647,0.10725526,37.339469,0.15417212,442.22212,0.18199666,80.482949,0.076165297,428.49747,0.24890939,106.65704,0.33961162,364.13547,0.22899806,83.386316,0.47996885,315.82261,0.18856637,59.553521
experiment_0a_best,file,16,,1548,028.Brown_Creeper/Brown_Creeper_0007_24902.jpg,28,27,028.Brown_Creeper,187,186,random_erasing,random_erasing,0,"{""area_fraction"":0.169239,""erased"":true,""height"":0.293238,""left"":0.291447,""top"":0.65692,""width"":0.57714}",0.0017113339,0.017780436,0.016069102,0.99829012,0.98237669,0.0010333346,0.0036936996,0.99725679,0.978683,-0.018573792,0.87063353,8.0506695,0.44567715,3.5879995,False,0.96987629,True,True,True,0.87063353,8.0506695,0.44567715,3.5879995,0.86984394,8.0603388,0.44111195,3.5555117,0.91270787,7.5713858,0.063626834,0.48174331,0.91466095,8.2818446,0.10725526,0.88827142,0.83023557,8.6928143,0.18199666,1.5820632,0.89150487,7.7899642,0.24890939,1.9389953,0.88347908,7.8627051,0.22899806,1.8005442,0.84273487,8.1262385,0.18856637,1.5323353
experiment_0a_best,file,16,,9783,167.Hooded_Warbler/Hooded_Warbler_0039_164928.jpg,167,166,167.Hooded_Warbler,180,179,identity,identity,0,{},4.8563652,4.8563652,0,0.007778706,0.007778706,0.9785282,0.9785282,-0.9707495,-0.9707495,0,1,1,180.45422,180.45422,False,1,True,False,False,1,1,180.45422,180.45422,1,1,176.89887,176.89887,1,1,35.644313,35.644313,1,1,30.225195,30.225195,1,1,64.899028,64.899028,1,1,95.120055,95.120055,1,1,93.432669,93.432669,1,1,91.598447,91.598447
experiment_0a_best,file,16,,9783,167.Hooded_Warbler/Hooded_Warbler_0039_164928.jpg,167,166,167.Hooded_Warbler,180,179,horizontal_flip,horizontal_flip,0,"{""flipped"":true}",4.8563652,0.46391928,-4.3924459,0.007778706,0.62881428,0.9785282,0.32685331,-0.9707495,0.30196097,1.2727105,0.62189366,0.48939778,180.45422,88.313898,False,0.93135995,False,False,True,0.62189366,0.48939778,180.45422,88.313898,0.61345814,0.49373876,176.89887,87.341829,0.92866068,0.3665974,35.644313,13.067113,0.41890535,0.44202066,30.225195,13.360161,0.51967884,0.5063488,64.899028,32.861545,0.61318594,0.53769238,95.120055,51.145328,0.62380597,0.5059086,93.432669,47.268391,0.68960942,0.42564189,91.598447,38.988136
experiment_0a_best,file,16,,9783,167.Hooded_Warbler/Hooded_Warbler_0039_164928.jpg,167,166,167.Hooded_Warbler,180,179,color_jitter,color_jitter,0,"{""brightness"":1.210807,""contrast"":1.178529,""hue"":0.00686,""saturation"":0.79498}",4.8563652,4.5576239,-0.29874134,0.007778706,0.010486948,0.9785282,0.97880459,-0.9707495,-0.96831764,0.0024318555,0.88409576,1.1110558,180.45422,200.49472,False,0.99023998,True,False,False,0.88409576,1.1110558,180.45422,200.49472,0.88041943,1.1153448,176.89887,197.30323,0.99024945,0.99962579,35.644313,35.630975,0.82254492,1.2729593,30.225195,38.475442,0.79987961,1.0995082,64.899028,71.357016,0.87642098,1.19071,95.120055,113.2604,0.89522065,1.11594,93.432669,104.26525,0.92754699,1.0157834,91.598447,93.044183
experiment_0a_best,file,16,,9783,167.Hooded_Warbler/Hooded_Warbler_0039_164928.jpg,167,166,167.Hooded_Warbler,180,179,rotation,rotation,0,"{""angle"":-4.80561}",4.8563652,3.9551749,-0.90119028,0.007778706,0.019155318,0.9785282,0.96393526,-0.9707495,-0.94477994,0.025969557,0.82898242,1.1174828,180.45422,201.65449,False,0.98698789,True,False,False,0.82898242,1.1174828,180.45422,201.65449,0.8236036,1.1225577,176.89887,198.57918,0.98700596,0.98426277,35.644313,35.083371,0.78260998,1.1390177,30.225195,34.427033,0.76429641,1.1231295,64.899028,72.890011,0.79360386,1.1738809,95.120055,111.65962,0.83647268,1.1456542,93.432669,107.04153,0.88647057,1.0362593,91.598447,94.919746
experiment_0a_best,file,16,,9783,167.Hooded_Warbler/Hooded_Warbler_0039_164928.jpg,167,166,167.Hooded_Warbler,180,179,random_resized_crop,random_resized_crop,0,"{""area_fraction"":0.56813,""aspect"":1.027501,""fallback"":false,""height"":0.743588,""left"":0.04976,""top"":0.106986,""width"":0.764038}",4.8563652,0.29023167,-4.5661335,0.007778706,0.74809021,0.9785282,0.20795768,-0.9707495,0.54013252,1.510882,0.62502446,0.38212039,180.45422,68.955239,False,0.92355853,False,False,True,0.62502446,0.38212039,180.45422,68.955239,0.61901706,0.386581,176.89887,68.385742,0.91636705,0.24811644,35.644313,8.8439403,0.46558,0.44723794,30.225195,13.517854,0.60187013,0.4366412,64.899028,28.33759,0.64684536,0.42521754,95.120055,40.446716,0.63236648,0.37872334,93.432669,35.385132,0.62113801,0.30932808,91.598447,28.333972
experiment_0a_best,file,16,,9783,167.Hooded_Warbler/Hooded_Warbler_0039_164928.jpg,167,166,167.Hooded_Warbler,180,179,gaussian_blur,gaussian_blur,0,"{""sigma"":1.101679}",4.8563652,3.1770575,-1.6793077,0.007778706,0.041708209,0.9785282,0.92950213,-0.9707495,-0.88779392,0.082955575,0.75026331,1.3710259,180.45422,247.40741,False,0.95778042,True,False,False,0.75026331,1.3710259,180.45422,247.40741,0.74496138,1.3831215,176.89887,244.67262,0.95778883,1.029175,35.644313,36.684237,0.71439863,1.6837723,30.225195,50.892347,0.65872613,1.6734297,64.899028,108.60396,0.753561,1.5921526,95.120055,151.44564,0.79052333,1.2700872,93.432669,118.66764,0.81669398,1.0042682,91.598447,91.989403
experiment_0a_best,file,16,,9783,167.Hooded_Warbler/Hooded_Warbler_0039_164928.jpg,167,166,167.Hooded_Warbler,180,179,random_erasing,random_erasing,0,"{""area_fraction"":0.163117,""erased"":true,""height"":0.227321,""left"":0.033203,""top"":0.224578,""width"":0.717563}",4.8563652,4.1626801,-0.69368505,0.007778706,0.015565786,0.9785282,0.046401288,-0.9707495,-0.030835503,0.93991399,0.21052398,0.66844084,180.45422,120.62297,False,0.69539237,False,False,False,0.21052398,0.66844084,180.45422,120.62297,0.19701994,0.66036466,176.89887,116.81776,0.47699272,0.84328961,35.644313,30.058479,0.17238376,0.63735196,30.225195,19.264087,0.12647183,0.62746978,64.899028,40.722179,0.1562169,0.56833585,95.120055,54.060138,0.22124115,0.70030795,93.432669,65.431641,0.24337351,0.72525083,91.598447,66.43185
experiment_0a_best,file,16,,4267,074.Florida_Jay/Florida_Jay_0039_64576.jpg,74,73,074.Florida_Jay,107,106,identity,identity,0,{},0.008803484,0.008803484,0,0.99123514,0.99123514,0.0017667516,0.0017667516,0.98946839,0.98946839,0,1,1,1.8127994,1.8127994,False,1,True,True,True,1,1,1.8127994,1.8127994,1,1,1.7919104,1.7919104,1,1,0.27440637,0.27440637,1,1,0.42114922,0.42114922,1,1,0.89320565,0.89320565,1,1,0.97065379,0.97065379,1,1,0.80804795,0.80804795,1,1,0.80040589,0.80040589
experiment_0a_best,file,16,,4267,074.Florida_Jay/Florida_Jay_0039_64576.jpg,74,73,074.Florida_Jay,107,106,horizontal_flip,horizontal_flip,0,"{""flipped"":true}",0.008803484,0.0034223578,-0.0053811262,0.99123514,0.99658352,0.0017667516,0.00018159529,0.98946839,0.99640193,0.0069335407,0.67492965,0.37582736,1.8127994,0.68129962,False,0.95261294,True,True,True,0.67492965,0.37582736,1.8127994,0.68129962,0.6689057,0.37324045,1.7919104,0.66881343,0.89608111,0.47315747,0.27440637,0.12983742,0.64851057,0.4227202,0.42114922,0.17802828,0.7282498,0.38455118,0.89320565,0.34348328,0.62519717,0.34423703,0.97065379,0.33413497,0.62380722,0.36926146,0.80804795,0.29838097,0.70788516,0.38903101,0.80040589,0.31138272
experiment_0a_best,file,16,,4267,074.Florida_Jay/Florida_Jay_0039_64576.jpg,74,73,074.Florida_Jay,107,106,color_jitter,color_jitter,0,"{""brightness"":0.618385,""contrast"":1.131219,""hue"":-0.031222,""saturation"":1.125346}",0.008803484,0.25347492,0.24467144,0.99123514,0.77609921,0.0017667516,0.015717167,0.98946839,0.76038204,-0.22908635,0.6452686,30.522384,1.8127994,55.33096,False,0.91488862,True,True,True,0.6452686,30.522384,1.8127994,55.33096,0.64141746,30.676775,1.7919104,54.970033,0.89089123,22.993524,0.27440637,6.3095696,0.36996068,34.229657,0.42114922,14.415793,0.6946104,35.87558,0.89320565,32.044271,0.57913467,30.255273,0.97065379,29.367395,0.66530431,28.132534,0.80804795,22.732437,0.76239907,25.231211,0.80040589,20.19521
experiment_0a_best,file,16,,4267,074.Florida_Jay/Florida_Jay_0039_64576.jpg,74,73,074.Florida_Jay,107,106,rotation,rotation,0,"{""angle"":13.598705}",0.008803484,0.016471947,0.0076684626,0.99123514,0.98366296,0.0017667516,0.00067061908,0.98946839,0.98299234,-0.0064760415,0.65903832,1.5804694,1.8127994,2.8650739,False,0.94740635,True,True,True,0.65903832,1.5804694,1.8127994,2.8650739,0.65200777,1.5716604,1.7919104,2.8162745,0.91739627,1.9188405,0.27440637,0.52654205,0.50847113,1.7612278,0.42114922,0.74173969,0.66105761,1.2967939,0.89320565,1.1583037,0.60962533,1.5856312,0.97065379,1.539099,0.63771379,1.593281,0.80804795,1.2874474,0.76908273,1.7726962,0.80040589,1.4188765
experiment_0a_best,file,16,,4267,074.Florida_Jay/Florida_Jay_0039_64576.jpg,74,73,074.Florida_Jay,107,106,random_resized_crop,random_resized_crop,0,"{""area_fraction"":0.792101,""aspect"":0.895506,""fallback"":false,""height"":0.940494,""left"":0.141479,""top"":0.036345,""width"":0.842218}",0.008803484,0.003451345,-0.005352139,0.99123514,0.99655461,0.0017667516,0.00011892576,0.98946839,0.99643569,0.006967302,0.81581714,0.43599978,1.8127994,0.79038014,False,0.96048224,True,True,True,0.81581714,0.43599978,1.8127994,0.79038014,0.8127175,0.43538556,1.7919104,0.78017191,0.9418773,0.46143144,0.27440637,0.12661973,0.72937345,0.41521265,0.42114922,0.17486648,0.82461106,0.45214922,0.89320565,0.40386223,0.80161884,0.43096134,0.97065379,0.41831426,0.78652107,0.42311067,0.80804795,0.34189371,0.86250503,0.43836035,0.80040589,0.35086621
experiment_0a_best,file,16,,4267,074.Florida_Jay/Florida_Jay_0039_64576.jpg,74,73,074.Florida_Jay,107,106,gaussian_blur,gaussian_blur,0,"{""sigma"":1.998963}",0.008803484,0.46399283,0.45518935,0.99123514,0.62876809,0.0017667516,0.0016609658,0.98946839,0.62710712,-0.36236126,0.36220301,54.523647,1.8127994,98.840436,False,0.84120071,True,True,True,0.36220301,54.523647,1.8127994,98.840436,0.35406636,54.700642,1.7919104,98.01865,0.77655219,46.351418,0.27440637,12.719125,-0.40909794,100.58686,0.42114922,42.362078,0.52905015,61.281358,0.89320565,54.736855,0.37609762,47.750285,0.97065379,46.348995,0.38148952,47.685939,0.80804795,38.532525,0.53820106,42.989849,0.80040589,34.409329
experiment_0a_best,file,16,,4267,074.Florida_Jay/Florida_Jay_0039_64576.jpg,74,73,074.Florida_Jay,107,106,random_erasing,random_erasing,0,"{""area_fraction"":0.103798,""erased"":true,""height"":0.335995,""left"":0.400503,""top"":0.31819,""width"":0.308928}",0.008803484,0.075317957,0.066514472,0.99123514,0.92744857,0.0017667516,0.0053426865,0.98946839,0.92210588,-0.067362501,0.78910072,7.509436,1.8127994,13.613101,False,0.94365221,True,True,True,0.78910072,7.509436,1.8127994,13.613101,0.78597945,7.5051239,1.7919104,13.448509,0.91921313,7.691067,0.27440637,2.1104778,0.72379381,8.0372962,0.42114922,3.384901,0.85676928,7.8881973,0.89320565,7.0457824,0.75683769,7.5815264,0.97065379,7.3590373,0.74914903,7.2251341,0.80804795,5.8382548,0.79596313,7.0144039,0.80040589,5.6143702
experiment_0a_best,file,16,,5492,094.White_breasted_Nuthatch/White_Breasted_Nuthatch_0131_86416.jpg,94,93,094.White_breasted_Nuthatch,160,159,identity,identity,0,{},0.0044042496,0.0044042496,0,0.99560541,0.99560541,0.00079613645,0.00079613645,0.99480927,0.99480927,0,1,1,0.77758416,0.77758416,False,0.99999994,True,True,True,1,1,0.77758416,0.77758416,1,1,0.76570982,0.76570982,1,1,0.13537207,0.13537207,1,1,0.25307352,0.25307352,1,1,0.28605847,0.28605847,1,1,0.36327761,0.36327761,1,1,0.36757862,0.36757862,1,1,0.41635466,0.41635466
experiment_0a_best,file,16,,5492,094.White_breasted_Nuthatch/White_Breasted_Nuthatch_0131_86416.jpg,94,93,094.White_breasted_Nuthatch,160,159,horizontal_flip,horizontal_flip,0,"{""flipped"":true}",0.0044042496,0.0023044003,-0.0020998493,0.99560541,0.99769825,0.00079613645,0.00026817736,0.99480927,0.99743007,0.0026207974,0.71811167,0.52763426,0.77758416,0.41028004,False,0.97516763,True,True,True,0.71811167,0.52763426,0.77758416,0.41028004,0.71015256,0.52685593,0.76570982,0.40341876,0.96192949,0.55195712,0.13537207,0.074719576,0.86347737,0.54278033,0.25307352,0.13736333,0.66207003,0.51814486,0.28605847,0.14821973,0.63909074,0.54661052,0.36327761,0.19857137,0.64026253,0.51392272,0.36757862,0.188907,0.78520074,0.51954672,0.41635466,0.2163157
experiment_0a_best,file,16,,5492,094.White_breasted_Nuthatch/White_Breasted_Nuthatch_0131_86416.jpg,94,93,094.White_breasted_Nuthatch,160,159,color_jitter,color_jitter,0,"{""brightness"":0.836836,""contrast"":0.836261,""hue"":0.066684,""saturation"":0.632963}",0.0044042496,0.027335076,0.022930826,0.99560541,0.97303516,0.00079613645,0.00096968451,0.99480927,0.97206547,-0.0227438,0.75512485,7.1105513,0.77758416,5.5290521,False,0.95432806,True,True,True,0.75512485,7.1105513,0.77758416,5.5290521,0.75105445,7.1470823,0.76570982,5.4725911,0.9305254,5.8220209,0.13537207,0.78813901,0.60525452,4.7475664,0.25307352,1.2014834,0.72343376,8.3575856,0.28605847,2.3907581,0.74209382,8.3526367,0.36327761,3.0343259,0.77741176,7.1916166,0.36757862,2.6434845,0.83708839,6.1679114,0.41635466,2.5680387
experiment_0a_best,file,16,,5492,094.White_breasted_Nuthatch/White_Breasted_Nuthatch_0131_86416.jpg,94,93,094.White_breasted_Nuthatch,160,159,rotation,rotation,0,"{""angle"":0.351687}",0.0044042496,0.0052515417,0.00084729213,0.99560541,0.99476224,0.00079613645,0.00095312827,0.99480927,0.99380911,-0.0010001591,0.93409883,1.3054794,0.77758416,1.0151201,False,0.99420428,True,True,True,0.93409883,1.3054794,0.77758416,1.0151201,0.93242113,1.3078288,0.76570982,1.0014173,0.99307032,1.2279432,0.13537207,0.1662292,0.93083746,1.3869877,0.25307352,0.35100987,0.91330054,1.4377008,0.28605847,0.41126648,0.92138817,1.3355498,0.36327761,0.48517536,0.93378173,1.2698745,0.36757862,0.46677873,0.95770773,1.2180958,0.41635466,0.50715985
experiment_0a_best,file,16,,5492,094.White_breasted_Nuthatch/White_Breasted_Nuthatch_0131_86416.jpg,94,93,094.White_breasted_Nuthatch,160,159,random_resized_crop,random_resized_crop,0,"{""area_fraction"":0.877978,""aspect"":1.131212,""fallback"":false,""height"":0.880987,""left"":0.000364,""top"":0.071769,""width"":0.996583}",0.0044042496,0.0044825785,7.8328885e-05,0.99560541,0.99552745,0.00079613645,0.00067406922,0.99480927,0.99485338,4.4104352e-05,0.80021632,1.2067053,0.77758416,0.9383149,False,0.97873402,True,True,True,0.80021632,1.2067053,0.77758416,0.9383149,0.79528993,1.2085236,0.76570982,0.92537841,0.96734568,1.1470081,0.13537207,0.15527285,0.90035378,1.3470771,0.25307352,0.34090954,0.77325338,1.3774006,0.28605847,0.39401712,0.74475245,1.291418,0.36327761,0.46914324,0.77127543,1.1404312,0.36757862,0.4191981,0.84472492,1.0442548,0.41635466,0.43478036
experiment_0a_best,file,16,,5492,094.White_breasted_Nuthatch/White_Breasted_Nuthatch_0131_86416.jpg,94,93,094.White_breasted_Nuthatch,160,159,gaussian_blur,gaussian_blur,0,"{""sigma"":1.985565}",0.0044042496,0.088120043,0.083715794,0.99560541,0.91565096,0.00079613645,0.0049619311,0.99480927,0.91068903,-0.08412024,0.53618839,19.78042,0.77758416,15.380941,False,0.87458014,True,True,True,0.53618839,19.78042,0.77758416,15.380941,0.52649954,19.78106,0.76570982,15.146552,0.84650624,19.759948,0.13537207,2.6749451,0.58219638,16.954887,0.25307352,4.2908329,0.49111683,22.840632,0.28605847,6.5337561,0.47328317,20.027025,0.36327761,7.2753697,0.49895086,21.321525,0.36757862,7.8373367,0.61071801,17.643325,0.41635466,7.3458807
experiment_0a_best,file,16,,5492,094.White_breasted_Nuthatch/White_Breasted_Nuthatch_0131_86416.jpg,94,93,094.White_breasted_Nuthatch,160,159,random_erasing,random_erasing,0,"{""area_fraction"":0.053251,""erased"":true,""height"":0.37736,""left"":0.353379,""top"":0.279539,""width"":0.141114}",0.0044042496,0.011391361,0.0069871116,0.99560541,0.98867327,0.00079613645,0.001221535,0.99480927,0.98745173,-0.007357538,0.63150774,3.0557118,0.77758416,2.3760731,False,0.95606929,True,True,True,0.63150774,3.0557118,0.77758416,2.3760731,0.62419855,3.0549049,0.76570982,2.3391707,0.86336963,3.0814165,0.13537207,0.41713771,0.58481005,1.6174978,0.25307352,0.40934587,0.61196673,3.2518602,0.28605847,0.93022217,0.59057257,3.4296494,0.36327761,1.2459148,0.59526955,3.2676591,0.36757862,1.2011216,0.72852568,2.8860037,0.41635466,1.2016011
experiment_0a_best,file,16,,6081,104.American_Pipit/American_Pipit_0062_100000.jpg,104,103,104.American_Pipit,150,149,identity,identity,0,{},0.10208183,0.10208183,0,0.90295565,0.90295565,0.052130364,0.052130364,0.85082529,0.85082529,0,1,1,16.237859,16.237859,False,0.99999988,True,True,True,1,1,16.237859,16.237859,1,1,15.938446,15.938446,1,1,3.1038689,3.1038689,1,1,2.5641135,2.5641135,1,1,6.5905135,6.5905135,1,1,9.256795,9.256795,1,1,7.6364334,7.6364334,1,1,7.7473314,7.7473314
experiment_0a_best,file,16,,6081,104.American_Pipit/American_Pipit_0062_100000.jpg,104,103,104.American_Pipit,150,149,horizontal_flip,horizontal_flip,0,"{""flipped"":true}",0.10208183,0.15403476,0.051952936,0.90295565,0.85724223,0.052130364,0.074645199,0.85082529,0.78259703,-0.06822826,0.71913948,1.5262203,16.237859,24.78255,False,0.97382307,True,True,True,0.71913948,1.5262203,16.237859,24.78255,0.71106099,1.5333366,15.938446,24.439002,0.97312649,1.3248529,3.1038689,4.1121697,0.52082594,1.5773457,2.5641135,4.0444934,0.59994808,1.6188329,6.5905135,10.66894,0.72315676,1.4769218,9.256795,13.671562,0.70707997,1.6085285,7.6364334,12.283421,0.81214504,1.4676572,7.7473314,11.370426
experiment_0a_best,file,16,,6081,104.American_Pipit/American_Pipit_0062_100000.jpg,104,103,104.American_Pipit,150,149,color_jitter,color_jitter,0,"{""brightness"":0.831428,""contrast"":1.122786,""hue"":-0.09607,""saturation"":1.114831}",0.10208183,0.55034459,0.44826276,0.90295565,0.57675105,0.052130364,0.15664233,0.85082529,0.42010872,-0.43071657,0.7275652,4.6796731,16.237859,75.987871,False,0.94137424,True,True,True,0.7275652,4.6796731,16.237859,75.987871,0.72111683,4.6974149,15.938446,74.869493,0.9231307,4.1847954,3.1038689,12.989056,0.4807802,5.2856746,2.5641135,13.55307,0.50090115,5.0571683,6.5905135,33.329336,0.76873522,4.57767,9.256795,42.374553,0.76037126,4.6026266,7.6364334,35.147652,0.82314547,4.6178991,7.7473314,35.776395
experiment_0a_best,file,16,,6081,104.American_Pipit/American_Pipit_0062_100000.jpg,104,103,104.American_Pipit,150,149,rotation,rotation,0,"{""angle"":-4.586376}",0.10208183,0.25354385,0.15146203,0.90295565,0.77604574,0.052130364,0.072383299,0.85082529,0.70366244,-0.14716285,0.80978381,2.3211015,16.237859,37.689718,False,0.96457541,True,True,True,0.80978381,2.3211015,16.237859,37.689718,0.80614994,2.3356166,15.938446,37.226099,0.9445504,1.8987335,3.1038689,5.8934199,0.7820338,2.2282799,2.5641135,5.7135626,0.76326909,2.2504277,6.5905135,14.831474,0.8196979,2.4262656,9.256795,22.459443,0.78566626,2.3421809,7.6364334,17.885908,0.84112767,2.2683473,7.7473314,17.573638
experiment_0a_best,file,16,,6081,104.American_Pipit/American_Pipit_0062_100000.jpg,104,103,104.American_Pipit,150,149,random_resized_crop,random_resized_crop,0,"{""area_fraction"":0.82896,""aspect"":1.106566,""fallback"":false,""height"":0.865522,""left"":0.04005,""top"":0.0316,""width"":0.957757}",0.10208183,0.30865088,0.20656905,0.90295565,0.73443711,0.052130364,0.095988654,0.85082529,0.63844845,-0.21237683,0.7627182,3.0174878,16.237859,48.997542,False,0.97597051,True,True,True,0.7627182,3.0174878,16.237859,48.997542,0.7574075,3.0391286,15.938446,48.438987,0.96426166,2.3767868,3.1038689,7.3772348,0.73143503,2.6826171,2.5641135,6.8785349,0.6900442,3.0381501,6.5905135,20.022969,0.76401487,3.2618021,9.256795,30.193833,0.73229754,2.9730489,7.6364334,22.70349,0.83438547,2.8012497,7.7473314,21.70221
experiment_0a_best,file,16,,6081,104.American_Pipit/American_Pipit_0062_100000.jpg,104,103,104.American_Pipit,150,149,gaussian_blur,gaussian_blur,0,"{""sigma"":1.471948}",0.10208183,0.73987913,0.6377973,0.90295565,0.4771716,0.052130364,0.0045614736,0.85082529,0.47261013,-0.37821516,0.39312761,9.2819071,16.237859,150.7183,False,0.80723524,True,True,True,0.39312761,9.2819071,16.237859,150.7183,0.38940664,9.3921419,15.938446,149.69615,0.60715345,5.6456584,3.1038689,17.523384,0.30398605,13.198621,2.5641135,33.842764,0.30492567,11.94755,6.5905135,78.740491,0.49759261,9.6522422,9.256795,89.348827,0.30489363,8.1706528,7.6364334,62.394647,0.42903932,7.2871017,7.7473314,56.455592
experiment_0a_best,file,16,,6081,104.American_Pipit/American_Pipit_0062_100000.jpg,104,103,104.American_Pipit,150,149,random_erasing,random_erasing,0,"{""area_fraction"":0.196839,""erased"":true,""height"":0.297784,""left"":0.201585,""top"":0.133381,""width"":0.661012}",0.10208183,2.0427871,1.9407052,0.90295565,0.12966679,0.052130364,0.33161792,0.85082529,-0.20195113,-1.0527764,0.6399367,8.5527488,16.237859,138.87833,False,0.81481761,False,True,False,0.6399367,8.5527488,16.237859,138.87833,0.63483406,8.5894212,15.938446,136.90203,0.79905502,7.5215079,3.1038689,23.345775,0.59342211,7.4613039,2.5641135,19.13163,0.47328103,9.1595272,6.5905135,60.365988,0.70488856,8.6892105,9.256795,80.43424,0.65547068,8.5970122,7.6364334,65.650511,0.64542908,8.1148465,7.7473314,62.868406
experiment_0a_best,file,16,,7469,128.Seaside_Sparrow/Seaside_Sparrow_0039_796530.jpg,128,127,128.Seaside_Sparrow,104,103,identity,identity,0,{},5.0606894,5.0606894,0,0.0063411864,0.0063411864,0.51271117,0.51271117,-0.50636998,-0.50636998,0,1,1,228.41181,228.41181,False,1,True,False,False,1,1,228.41181,228.41181,1,1,226.35644,226.35644,1,1,30.573134,30.573134,1,1,70.384463,70.384463,1,1,109.53823,109.53823,1,1,124.83143,124.83143,1,1,102.54565,102.54565,1,1,90.477336,90.477336
experiment_0a_best,file,16,,7469,128.Seaside_Sparrow/Seaside_Sparrow_0039_796530.jpg,128,127,128.Seaside_Sparrow,104,103,horizontal_flip,horizontal_flip,0,"{""flipped"":true}",5.0606894,2.4024189,-2.6582706,0.0063411864,0.09049879,0.51271117,0.037515473,-0.50636998,0.052983318,0.5593533,0.60503413,0.81173109,228.41181,185.40897,False,0.92814803,False,False,False,0.60503413,0.81173109,228.41181,185.40897,0.60100858,0.81101208,226.35644,183.57781,0.81618506,0.8502141,30.573134,25.99371,0.67540509,0.81653982,70.384463,57.471717,0.45972827,0.75874567,109.53823,83.111659,0.66161935,0.84348735,124.83143,105.29373,0.5935942,0.78840199,102.54565,80.847191,0.64057162,0.84659697,90.477336,76.597839
experiment_0a_best,file,16,,7469,128.Seaside_Sparrow/Seaside_Sparrow_0039_796530.jpg,128,127,128.Seaside_Sparrow,104,103,color_jitter,color_jitter,0,"{""brightness"":1.296,""contrast"":0.744336,""hue"":-0.009277,""saturation"":1.111399}",5.0606894,6.3022289,1.2415395,0.0063411864,0.0018322169,0.51271117,0.26254937,-0.50636998,-0.26071715,0.24565283,0.71174339,0.76979608,228.41181,175.83052,False,0.93831336,False,False,False,0.71174339,0.76979608,228.41181,175.83052,0.70787272,0.7668554,226.35644,173.58266,0.90035865,0.91667187,30.573134,28.025532,0.66063663,0.59475707,70.384463,41.861657,0.62368478,0.72236081,109.53823,79.126126,0.7264211,0.77952892,124.83143,97.309707,0.72572319,0.79591337,102.54565,81.61745,0.79465936,0.85519516,90.477336,77.37578
experiment_0a_best,file,16,,7469,128.Seaside_Sparrow/Seaside_Sparrow_0039_796530.jpg,128,127,128.Seaside_Sparrow,104,103,rotation,rotation,0,"{""angle"":-14.073563}",5.0606894,5.1478968,0.087207317,0.0063411864,0.005811614,0.51271117,0.013674289,-0.50636998,-0.007862675,0.49850731,0.61262353,0.8001464,228.41181,182.76289,False,0.89345694,False,False,False,0.61262353,0.8001464,228.41181,182.76289,0.6099028,0.7977566,226.35644,180.57735,0.74797383,0.92171447,30.573134,28.1797,0.72817719,0.77681734,70.384463,54.675872,0.53650576,0.72953576,109.53823,79.912057,0.60453499,0.76612288,124.83143,95.636213,0.63208118,0.85471071,102.54565,87.646861,0.62603283,0.88451241,90.477336,80.028327
experiment_0a_best,file,16,,7469,128.Seaside_Sparrow/Seaside_Sparrow_0039_796530.jpg,128,127,128.Seaside_Sparrow,104,103,random_resized_crop,random_resized_crop,0,"{""area_fraction"":0.604923,""aspect"":0.918749,""fallback"":false,""height"":0.811431,""left"":0.011375,""top"":0.054472,""width"":0.745501}",5.0606894,4.6541843,-0.40650511,0.0063411864,0.0095216734,0.51271117,0.070269652,-0.50636998,-0.060747978,0.445622,0.70171572,0.87237443,228.41181,199.26063,False,0.90271002,False,False,False,0.70171572,0.87237443,228.41181,199.26063,0.69941872,0.87153372,226.35644,197.27727,0.82224926,0.91728096,30.573134,28.044154,0.79545659,0.75613123,70.384463,53.219891,0.62201806,0.89698401,109.53823,98.254042,0.75954965,0.90728918,124.83143,113.2582,0.67403769,0.84988417,102.54565,87.151921,0.68377148,0.85678063,90.477336,77.519229
experiment_0a_best,file,16,,7469,128.Seaside_Sparrow/Seaside_Sparrow_0039_796530.jpg,128,127,128.Seaside_Sparrow,104,103,gaussian_blur,gaussian_blur,0,"{""sigma"":1.745012}",5.0606894,2.6116338,-2.4490557,0.0063411864,0.073414497,0.51271117,0.026836162,-0.50636998,0.046578335,0.55294832,0.52719466,1.0136412,228.41181,231.52763,False,0.809434,False,False,False,0.52719466,1.0136412,228.41181,231.52763,0.52400631,1.0138823,226.35644,229.4988,0.70438012,1.0003346,30.573134,30.583365,0.38606479,0.86586037,70.384463,60.943117,0.41050992,0.96546743,109.53823,105.75559,0.59901645,1.0801186,124.83143,134.83275,0.54987717,1.0143103,102.54565,104.0131,0.57379754,1.0352117,90.477336,93.663196
experiment_0a_best,file,16,,7469,128.Seaside_Sparrow/Seaside_Sparrow_0039_796530.jpg,128,127,128.Seaside_Sparrow,104,103,random_erasing,random_erasing,0,"{""area_fraction"":0.088625,""erased"":true,""height"":0.294985,""left"":0.65038,""top"":0.104646,""width"":0.300439}",5.0606894,6.6042166,1.5435271,0.0063411864,0.0013546438,0.51271117,0.28273851,-0.50636998,-0.28138386,0.22498612,0.86386926,0.7823228,228.41181,178.69177,False,0.95470011,True,False,False,0.86386926,0.7823228,228.41181,178.69177,0.86319015,0.77819103,226.35644,176.14855,0.91641171,0.98258051,30.573134,30.040565,0.95325012,0.84307002,70.384463,59.339031,0.871321,0.70909928,109.53823,77.673482,0.85848868,0.75823405,124.83143,94.651439,0.8449731,0.795459,102.54565,81.570857,0.83895218,0.84617079,90.477336,76.559279
experiment_0a_best,file,16,,8975,153.Philadelphia_Vireo/Philadelphia_Vireo_0071_794796.jpg,153,152,153.Philadelphia_Vireo,155,154,identity,identity,0,{},0.078207694,0.078207694,0,0.92477232,0.92477232,0.073941857,0.073941857,0.85083047,0.85083047,0,1,1,17.621042,17.621042,False,1.0000001,True,True,True,1,1,17.621042,17.621042,1,1,17.177727,17.177727,1,1,3.9277001,3.9277001,1,1,3.7162022,3.7162022,1,1,9.3078992,9.3078992,1,1,9.4821941,9.4821941,1,1,7.7952986,7.7952986,1,1,6.6293634,6.6293634
experiment_0a_best,file,16,,8975,153.Philadelphia_Vireo/Philadelphia_Vireo_0071_794796.jpg,153,152,153.Philadelphia_Vireo,155,154,horizontal_flip,horizontal_flip,0,"{""flipped"":true}",0.078207694,0.17051895,0.092311256,0.92477232,0.84322709,0.073941857,0.1556723,0.85083047,0.68755479,-0.16327567,0.73347014,1.9679988,17.621042,34.67819,False,0.9802587,True,True,True,0.73347014,1.9679988,17.621042,34.67819,0.72014451,1.9645774,17.177727,33.746974,0.98025677,2.0323328,3.9277001,7.9823937,0.60137356,2.0014109,3.7162022,7.4376477,0.76250223,1.8533525,9.3078992,17.250818,0.71753651,1.9208419,9.4821941,18.213796,0.68147757,2.1001625,7.7952986,16.371394,0.74638221,2.0582559,6.6293634,13.644926
experiment_0a_best,file,16,,8975,153.Philadelphia_Vireo/Philadelphia_Vireo_0071_794796.jpg,153,152,153.Philadelphia_Vireo,155,154,color_jitter,color_jitter,0,"{""brightness"":1.282592,""contrast"":1.185852,""hue"":0.050155,""saturation"":1.042697}",0.078207694,0.27369592,0.19548822,0.92477232,0.76056331,0.073941857,0.19724295,0.85083047,0.56332037,-0.2875101,0.83339032,2.4233717,17.621042,42.702334,False,0.95187092,True,True,True,0.83339032,2.4233717,17.621042,42.702334,0.82796578,2.4319661,17.177727,41.775649,0.94773688,2.2526803,3.9277001,8.8478527,0.81491218,2.9997419,3.7162022,11.147647,0.84875643,2.2305221,9.3078992,20.761475,0.84553474,2.3045466,9.4821941,21.852159,0.80910788,2.5405948,7.7952986,19.804695,0.81156386,2.6990261,6.6293634,17.892825
experiment_0a_best,file,16,,8975,153.Philadelphia_Vireo/Philadelphia_Vireo_0071_794796.jpg,153,152,153.Philadelphia_Vireo,155,154,rotation,rotation,0,"{""angle"":-12.60683}",0.078207694,0.21566816,0.13746046,0.92477232,0.80600274,0.073941857,0.19056417,0.85083047,0.61543857,-0.2353919,0.80135087,2.414381,17.621042,42.543909,False,0.9640379,True,True,True,0.80135087,2.414381,17.621042,42.543909,0.79334481,2.420525,17.177727,41.579116,0.96405897,2.2936974,3.9277001,9.0089553,0.80259575,2.5780113,3.7162022,9.5804115,0.85237931,2.4539234,9.3078992,22.840872,0.78520265,2.2725119,9.4821941,21.548399,0.76261597,2.5260797,7.7952986,19.691546,0.73766779,2.4474081,6.6293634,16.224758
experiment_0a_best,file,16,,8975,153.Philadelphia_Vireo/Philadelphia_Vireo_0071_794796.jpg,153,152,153.Philadelphia_Vireo,155,154,random_resized_crop,random_resized_crop,0,"{""area_fraction"":0.67394,""aspect"":1.185953,""fallback"":false,""height"":0.753836,""left"":0.081598,""top"":0.149825,""width"":0.894014}",0.078207694,0.18610696,0.10789927,0.92477232,0.83018482,0.073941857,0.15238406,0.85083047,0.67780076,-0.17302971,0.78340694,1.853434,17.621042,32.659438,False,0.97059095,True,True,True,0.78340694,1.853434,17.621042,32.659438,0.77366496,1.8530598,17.177727,31.831355,0.9689985,1.8605771,3.9277001,7.3077889,0.66129184,1.8161689,3.7162022,6.7492511,0.78661784,1.8951715,9.3078992,17.640066,0.78983478,1.7869727,9.4821941,16.944422,0.75782948,1.8470934,7.7952986,14.398645,0.77403388,1.9203841,6.6293634,12.730924
experiment_0a_best,file,16,,8975,153.Philadelphia_Vireo/Philadelphia_Vireo_0071_794796.jpg,153,152,153.Philadelphia_Vireo,155,154,gaussian_blur,gaussian_blur,0,"{""sigma"":1.65964}",0.078207694,1.1936316,1.115424,0.92477232,0.30311847,0.073941857,0.38667989,0.85083047,-0.08356142,-0.93439189,0.63394103,7.558496,17.621042,133.18858,False,0.8548404,False,True,False,0.63394103,7.558496,17.621042,133.18858,0.62680073,7.6247374,17.177727,130.97566,0.81708398,6.1557585,3.9277001,24.177973,0.35870067,7.64084,3.7162022,28.394907,0.65695347,8.18286,9.3078992,76.165236,0.66243352,7.2226077,9.4821941,68.486168,0.61085099,7.4306344,7.7952986,57.924014,0.60505166,7.5447086,6.6293634,50.016615
experiment_0a_best,file,16,,8975,153.Philadelphia_Vireo/Philadelphia_Vireo_0071_794796.jpg,153,152,153.Philadelphia_Vireo,155,154,random_erasing,random_erasing,0,"{""area_fraction"":0.190822,""erased"":true,""height"":0.450458,""left"":0.038209,""top"":0.446257,""width"":0.423617}",0.078207694,2.151479,2.0732713,0.92477232,0.116312,0.073941857,0.8473016,0.85083047,-0.73098961,-1.5818201,0.68068661,9.9895077,17.621042,176.02553,False,0.88291895,False,True,False,0.68068661,9.9895077,17.621042,176.02553,0.66966729,9.9664432,17.177727,171.20084,0.88290784,10.420847,3.9277001,40.929962,0.56209862,7.4044344,3.7162022,27.516376,0.68597361,9.1322488,9.3078992,85.002051,0.6982507,9.6089532,9.4821941,91.11396,0.65096305,10.74462,7.7952986,83.757525,0.66327812,11.694209,6.6293634,77.52516
experiment_0a_best,file,16,,7079,121.Grasshopper_Sparrow/Grasshopper_Sparrow_0115_115914.jpg,121,120,121.Grasshopper_Sparrow,117,116,identity,identity,0,{},3.3479614,3.3479614,0,0.035155952,0.035155952,0.39258188,0.39258188,-0.35742593,-0.35742593,0,1,1,192.00947,192.00947,False,1,True,False,False,1,1,192.00947,192.00947,1,1,189.62985,189.62985,1,1,30.135637,30.135637,1,1,55.779804,55.779804,1,1,94.461704,94.461704,1,1,106.66919,106.66919,1,1,81.161794,81.161794,1,1,77.19798,77.19798
experiment_0a_best,file,16,,7079,121.Grasshopper_Sparrow/Grasshopper_Sparrow_0115_115914.jpg,121,120,121.Grasshopper_Sparrow,117,116,horizontal_flip,horizontal_flip,0,"{""flipped"":true}",3.3479614,2.4448464,-0.90311503,0.035155952,0.086739458,0.39258188,0.20158951,-0.35742593,-0.11485005,0.24257588,0.70911178,0.72568116,192.00947,139.33766,False,0.96517867,False,False,False,0.70911178,0.72568116,192.00947,139.33766,0.70321653,0.72219769,189.62985,136.95024,0.9163796,0.85224504,30.135637,25.682947,0.79784455,0.67369935,55.779804,37.578818,0.72011118,0.755788,94.461704,71.393022,0.69981605,0.66968838,106.66919,71.435119,0.63480358,0.73554837,81.161794,59.698426,0.71999562,0.77499112,77.19798,59.827749
experiment_0a_best,file,16,,7079,121.Grasshopper_Sparrow/Grasshopper_Sparrow_0115_115914.jpg,121,120,121.Grasshopper_Sparrow,117,116,color_jitter,color_jitter,0,"{""brightness"":1.015779,""contrast"":0.944496,""hue"":0.072567,""saturation"":1.222904}",3.3479614,4.5246782,1.1767168,0.035155952,0.010838203,0.39258188,0.051942319,-0.35742593,-0.041104116,0.31632181,0.81178369,1.2876383,192.00947,247.23876,False,0.93929183,False,False,False,0.81178369,1.2876383,192.00947,247.23876,0.81148627,1.2933892,189.62985,245.2652,0.84642379,1.0345454,30.135637,31.176685,0.83346523,1.0683265,55.779804,59.591044,0.83205447,1.2993061,94.461704,122.73467,0.84511927,1.3639351,106.66919,145.48986,0.76138459,1.2592389,81.161794,102.20209,0.76622178,1.2906704,77.19798,99.63715
experiment_0a_best,file,16,,7079,121.Grasshopper_Sparrow/Grasshopper_Sparrow_0115_115914.jpg,121,120,121.Grasshopper_Sparrow,117,116,rotation,rotation,0,"{""angle"":-8.021096}",3.3479614,5.1637001,1.8157387,0.035155952,0.0057204952,0.39258188,0.088158995,-0.35742593,-0.0824385,0.27498743,0.73074923,0.81090851,192.00947,155.70212,False,0.94305336,False,False,False,0.73074923,0.81090851,192.00947,155.70212,0.72636294,0.80873349,189.62985,153.36001,0.8915563,0.89278223,30.135637,26.904562,0.75244554,0.7096179,55.779804,39.582348,0.67265647,0.75929664,94.461704,71.724454,0.79869342,0.81182885,106.66919,86.597128,0.68390195,0.86774386,81.161794,70.427648,0.71070303,0.85425919,77.19798,65.947084
experiment_0a_best,file,16,,7079,121.Grasshopper_Sparrow/Grasshopper_Sparrow_0115_115914.jpg,121,120,121.Grasshopper_Sparrow,117,116,random_resized_crop,random_resized_crop,0,"{""area_fraction"":0.641859,""aspect"":1.004703,""fallback"":false,""height"":0.799284,""left"":0.152703,""top"":0.093844,""width"":0.803043}",3.3479614,3.0416737,-0.30628777,0.035155952,0.047754899,0.39258188,0.19288711,-0.35742593,-0.14513221,0.21229371,0.77897996,0.84840564,192.00947,162.90192,False,0.959741,True,False,False,0.77897996,0.84840564,192.00947,162.90192,0.77471335,0.84550793,189.62985,160.33355,0.93410746,0.95611109,30.135637,28.813017,0.81872951,0.74886243,55.779804,41.7714,0.78575848,0.929986,94.461704,87.848062,0.80908533,0.81604781,106.66919,87.047161,0.71615726,0.80349056,81.161794,65.212735,0.745378,0.86069608,77.19798,66.443999
experiment_0a_best,file,16,,7079,121.Grasshopper_Sparrow/Grasshopper_Sparrow_0115_115914.jpg,121,120,121.Grasshopper_Sparrow,117,116,gaussian_blur,gaussian_blur,0,"{""sigma"":1.045506}",3.3479614,3.812562,0.46460056,0.035155952,0.02209151,0.39258188,0.18277858,-0.35742593,-0.16068707,0.19673886,0.71016518,0.98494008,192.00947,189.11783,False,0.9654057,True,False,False,0.71016518,0.98494008,192.00947,189.11783,0.70459841,0.9859838,189.62985,186.97197,0.94141176,0.94268418,30.135637,28.408389,0.49545348,0.83283214,55.779804,46.455214,0.62278523,0.96997948,94.461704,91.625914,0.74610259,0.99860967,106.66919,106.52089,0.73914855,1.0295273,81.161794,83.558283,0.80054204,1.0097607,77.19798,77.951489
experiment_0a_best,file,16,,7079,121.Grasshopper_Sparrow/Grasshopper_Sparrow_0115_115914.jpg,121,120,121.Grasshopper_Sparrow,117,116,random_erasing,random_erasing,0,"{""area_fraction"":0.121792,""erased"":true,""height"":0.246654,""left"":0.080385,""top"":0.57264,""width"":0.493774}",3.3479614,3.3996243,0.051662922,0.035155952,0.033385806,0.39258188,0.32031268,-0.35742593,-0.28692687,0.070499055,0.95355801,0.91833881,192.00947,176.32975,False,0.9817611,True,False,False,0.95355801,0.91833881,192.00947,176.32975,0.95316553,0.91590671,189.62985,173.68326,0.97208569,1.0099441,30.135637,30.43531,0.94578388,0.84781637,55.779804,47.291031,0.9416364,0.89268747,94.461704,84.324779,0.96832541,0.93407073,106.66919,99.636571,0.95751202,0.93603566,81.161794,75.970333,0.94178011,0.92687603,77.19798,71.552957
experiment_0a_best,file,16,,7290,125.Lincoln_Sparrow/Lincoln_Sparrow_0014_117883.jpg,125,124,125.Lincoln_Sparrow,131,130,identity,identity,0,{},0.04859085,0.04859085,0,0.9525708,0.9525708,0.020185234,0.020185234,0.93238556,0.93238556,0,1,1,8.9822436,8.9822436,False,1,True,True,True,1,1,8.9822436,8.9822436,1,1,8.8719624,8.8719624,1,1,1.4032046,1.4032046,1,1,1.9572192,1.9572192,1,1,3.7615867,3.7615867,1,1,5.0784289,5.0784289,1,1,4.2003931,4.2003931,1,1,4.1590544,4.1590544
experiment_0a_best,file,16,,7290,125.Lincoln_Sparrow/Lincoln_Sparrow_0014_117883.jpg,125,124,125.Lincoln_Sparrow,131,130,horizontal_flip,horizontal_flip,0,"{""flipped"":true}",0.04859085,0.030784259,-0.017806591,0.9525708,0.96968478,0.020185234,0.020915454,0.93238556,0.94876933,0.016383763,0.64737942,0.61329288,8.9822436,5.508746,False,0.97057092,True,True,True,0.64737942,0.61329288,8.9822436,5.508746,0.63893252,0.61054479,8.8719624,5.4167304,0.94369949,0.71454552,1.4032046,1.0026536,0.021752155,0.48608837,1.9572192,0.9513815,0.55310478,0.61526774,3.7615867,2.3143829,0.6760095,0.60990537,5.0784289,3.097361,0.63567267,0.59662313,4.2003931,2.5060517,0.76357543,0.64541412,4.1590544,2.6843124
experiment_0a_best,file,16,,7290,125.Lincoln_Sparrow/Lincoln_Sparrow_0014_117883.jpg,125,124,125.Lincoln_Sparrow,131,130,color_jitter,color_jitter,0,"{""brightness"":1.365975,""contrast"":0.787487,""hue"":0.094464,""saturation"":1.02068}",0.04859085,0.81163317,0.76304232,0.9525708,0.44413215,0.020185234,0.05122577,0.93238556,0.39290638,-0.53947918,0.63993415,12.311133,8.9822436,110.5816,False,0.8374424,True,True,True,0.63993415,12.311133,8.9822436,110.5816,0.63754095,12.375179,8.8719624,109.79213,0.78977067,9.3999707,1.4032046,13.190082,0.4404096,12.075082,1.9572192,23.633583,0.57150096,12.465514,3.7615867,46.89011,0.69213765,12.073517,5.0784289,61.314499,0.63273997,13.33265,4.2003931,56.002372,0.66472934,11.78238,4.1590544,49.00356
experiment_0a_best,file,16,,7290,125.Lincoln_Sparrow/Lincoln_Sparrow_0014_117883.jpg,125,124,125.Lincoln_Sparrow,131,130,rotation,rotation,0,"{""angle"":-12.509004}",0.04859085,0.0082938299,-0.04029702,0.9525708,0.99174047,0.020185234,0.0035621063,0.93238556,0.98817836,0.055792797,0.68025463,0.16049142,8.9822436,1.4415731,False,0.9562434,True,True,True,0.68025463,0.16049142,8.9822436,1.4415731,0.67367938,0.1595716,8.8719624,1.4157133,0.90922127,0.19371728,1.4032046,0.27182499,0.41925375,0.19392196,1.9572192,0.37954779,0.61734026,0.17616798,3.7615867,0.66267114,0.72026685,0.14350951,5.0784289,0.72880286,0.67469249,0.15828735,4.2003931,0.66486908,0.74054978,0.1609058,4.1590544,0.66921597
experiment_0a_best,file,16,,7290,125.Lincoln_Sparrow/Lincoln_Sparrow_0014_117883.jpg,125,124,125.Lincoln_Sparrow,131,130,random_resized_crop,random_resized_crop,0,"{""area_fraction"":0.74627,""aspect"":0.802433,""fallback"":false,""height"":0.96437,""left"":0.151663,""top"":0.009903,""width"":0.773842}",0.04859085,0.03952324,-0.0090676099,0.9525708,0.96124762,0.020185234,0.012240079,0.93238556,0.94900754,0.016621982,0.74039671,0.98676156,8.9822436,8.8633327,False,0.96576595,True,True,True,0.74039671,0.98676156,8.9822436,8.8633327,0.736691,0.99172552,8.8719624,8.7985515,0.95840386,0.76229306,1.4032046,1.0696531,0.55018874,1.5450706,1.9572192,3.0240418,0.56802067,0.96391349,3.7615867,3.6258441,0.80643388,0.99714269,5.0784289,5.0639182,0.78648108,0.97985688,4.2003931,4.1157841,0.82613739,0.85143981,4.1590544,3.5411845
experiment_0a_best,file,16,,7290,125.Lincoln_Sparrow/Lincoln_Sparrow_0014_117883.jpg,125,124,125.Lincoln_Sparrow,131,130,gaussian_blur,gaussian_blur,0,"{""sigma"":1.547664}",0.04859085,5.5114889,5.4628981,0.9525708,0.004040088,0.020185234,0.0081690466,0.93238556,-0.0041289586,-0.93651452,0.35511335,25.2369,8.9822436,226.68399,False,0.63733947,False,True,False,0.35511335,25.2369,8.9822436,226.68399,0.35252616,25.17101,8.8719624,223.31626,0.4505868,27.743036,1.4032046,38.929156,0.36437802,27.543821,1.9572192,53.909297,0.35767177,32.421382,3.7615867,121.95584,0.4353423,23.03663,5.0784289,116.98989,0.32448838,23.895214,4.2003931,100.36929,0.26467071,21.944721,4.1590544,91.269286
experiment_0a_best,file,16,,7290,125.Lincoln_Sparrow/Lincoln_Sparrow_0014_117883.jpg,125,124,125.Lincoln_Sparrow,131,130,random_erasing,random_erasing,0,"{""area_fraction"":0.055244,""erased"":true,""height"":0.375548,""left"":0.33511,""top"":0.331354,""width"":0.147102}",0.04859085,0.31688032,0.26828947,0.9525708,0.72841793,0.020185234,0.092112929,0.93238556,0.636305,-0.29608056,0.84758194,4.7859848,8.9822436,42.988881,False,0.94746625,True,True,True,0.84758194,4.7859848,8.9822436,42.988881,0.84522576,4.7861093,8.8719624,42.462181,0.9418731,4.7810069,1.4032046,6.708731,0.57292399,3.4942606,1.9572192,6.839034,0.86333255,4.887907,3.7615867,18.386286,0.88284336,4.6851243,5.0784289,23.79307,0.81198733,4.719893,4.2003931,19.825406,0.86123498,5.1515315,4.1590544,21.4255
experiment_0a_best,file,16,,6478,111.Loggerhead_Shrike/Loggerhead_Shrike_0128_105238.jpg,111,110,111.Loggerhead_Shrike,78,77,identity,identity,0,{},2.8457751,2.8457751,0,0.058089226,0.058089226,0.85674608,0.85674608,-0.79865685,-0.79865685,0,1,1,214.88096,214.88096,False,1,True,False,False,1,1,214.88096,214.88096,1,1,211.8704,211.8704,1,1,35.843552,35.843552,1,1,51.253197,51.253197,1,1,90.83185,90.83185,1,1,110.50151,110.50151,1,1,109.93095,109.93095,1,1,98.571568,98.571568
experiment_0a_best,file,16,,6478,111.Loggerhead_Shrike/Loggerhead_Shrike_0128_105238.jpg,111,110,111.Loggerhead_Shrike,78,77,horizontal_flip,horizontal_flip,0,"{""flipped"":true}",2.8457751,0.74500036,-2.1007748,0.058089226,0.47473413,0.85674608,0.17105061,-0.79865685,0.30368352,1.1023404,0.56133547,0.37534409,214.88096,80.654297,False,0.94639796,False,False,True,0.56133547,0.37534409,214.88096,80.654297,0.55264264,0.37388321,211.8704,79.214785,0.83382917,0.4232323,35.843552,15.170149,0.51176406,0.39520914,51.253197,20.255732,0.45758436,0.41048062,90.83185,37.284714,0.5465482,0.37155278,110.50151,41.057142,0.58359013,0.36054455,109.93095,39.635003,0.6313311,0.35404369,98.571568,34.898642
experiment_0a_best,file,16,,6478,111.Loggerhead_Shrike/Loggerhead_Shrike_0128_105238.jpg,111,110,111.Loggerhead_Shrike,78,77,color_jitter,color_jitter,0,"{""brightness"":0.664645,""contrast"":1.122925,""hue"":-0.042477,""saturation"":0.977502}",2.8457751,2.9578826,0.11210752,0.058089226,0.051928747,0.85674608,0.74453276,-0.79865685,-0.69260402,0.10605283,0.85869187,0.9340741,214.88096,200.71474,False,0.97565049,True,False,False,0.85869187,0.9340741,214.88096,200.71474,0.85544834,0.93422575,211.8704,197.93478,0.97270093,0.92876005,35.843552,33.290059,0.5886134,0.89276067,51.253197,45.756838,0.80904809,1.0031479,90.83185,91.117781,0.87416298,0.95248548,110.50151,105.25108,0.89276608,0.90177142,109.93095,99.132587,0.90325832,0.90038488,98.571568,88.752349
experiment_0a_best,file,16,,6478,111.Loggerhead_Shrike/Loggerhead_Shrike_0128_105238.jpg,111,110,111.Loggerhead_Shrike,78,77,rotation,rotation,0,"{""angle"":-6.332662}",2.8457751,1.9964635,-0.84931159,0.058089226,0.13581474,0.85674608,0.52907759,-0.79865685,-0.39326285,0.405394,0.75760027,0.71171916,214.88096,152.93489,False,0.96189791,True,False,False,0.75760027,0.71171916,214.88096,152.93489,0.75216451,0.71127121,211.8704,150.69731,0.94354486,0.72719737,35.843552,26.065337,0.74456503,0.79938935,51.253197,40.97126,0.71689595,0.67843114,90.83185,61.623156,0.73238863,0.69004802,110.50151,76.251347,0.75788313,0.73258497,109.93095,80.533759,0.8028138,0.71257949,98.571568,70.240078
experiment_0a_best,file,16,,6478,111.Loggerhead_Shrike/Loggerhead_Shrike_0128_105238.jpg,111,110,111.Loggerhead_Shrike,78,77,random_resized_crop,random_resized_crop,0,"{""area_fraction"":0.528589,""aspect"":0.772437,""fallback"":false,""height"":0.827233,""left"":0.138458,""top"":0.115787,""width"":0.638985}",2.8457751,4.0773869,1.2316117,0.058089226,0.01695171,0.85674608,0.039409615,-0.79865685,-0.022457905,0.77619895,0.38375286,0.67735866,214.88096,145.55148,False,0.83079708,False,False,False,0.38375286,0.67735866,214.88096,145.55148,0.37616058,0.67522005,211.8704,143.05914,0.62509583,0.74825275,35.843552,26.820036,0.042253156,0.5031878,51.253197,25.789983,0.29798674,0.6835002,90.83185,62.083588,0.42290299,0.66824169,110.50151,73.841713,0.42615199,0.66707864,109.93095,73.332587,0.39415557,0.72563833,98.571568,71.527308
experiment_0a_best,file,16,,6478,111.Loggerhead_Shrike/Loggerhead_Shrike_0128_105238.jpg,111,110,111.Loggerhead_Shrike,78,77,gaussian_blur,gaussian_blur,0,"{""sigma"":1.887027}",2.8457751,2.7678223,-0.077952862,0.058089226,0.062798627,0.85674608,0.037822586,-0.79865685,0.024976041,0.82363289,0.32282681,0.59527493,214.88096,127.91325,False,0.81510389,False,False,False,0.32282681,0.59527493,214.88096,127.91325,0.31340765,0.59299848,211.8704,125.63882,0.61644869,0.66997439,35.843552,24.014262,0.30066417,0.49686341,51.253197,25.465838,0.022697481,0.51738139,90.83185,46.994709,0.38538975,0.63619579,110.50151,70.300594,0.36649007,0.60000638,109.93095,65.95927,0.37052133,0.61167211,98.571568,60.293479
experiment_0a_best,file,16,,6478,111.Loggerhead_Shrike/Loggerhead_Shrike_0128_105238.jpg,111,110,111.Loggerhead_Shrike,78,77,random_erasing,random_erasing,0,"{""area_fraction"":0.115725,""erased"":true,""height"":0.215064,""left"":0.421602,""top"":0.324289,""width"":0.538095}",2.8457751,1.1100261,-1.735749,0.058089226,0.32955036,0.85674608,0.30556351,-0.79865685,0.023986846,0.8226437,0.75811491,0.61306858,214.88096,131.73676,False,0.95242703,False,False,True,0.75811491,0.61306858,214.88096,131.73676,0.75442629,0.61455571,211.8704,130.20616,0.90326228,0.55862864,35.843552,20.023234,0.87702165,0.66180763,51.253197,33.919757,0.69658149,0.59954631,90.83185,54.457901,0.75938934,0.65345474,110.50151,72.207734,0.76884766,0.61128334,109.93095,67.198956,0.7466641,0.56555281,98.571568,55.747427
experiment_0a_best,file,16,,7254,124.Le_Conte_Sparrow/Le_Conte_Sparrow_0016_795223.jpg,124,123,124.Le_Conte_Sparrow,113,112,identity,identity,0,{},0.01534243,0.01534243,0,0.98477465,0.98477465,0.0024558853,0.0024558853,0.98231876,0.98231876,0,1,1,2.4743998,2.4743998,False,1,True,True,True,1,1,2.4743998,2.4743998,1,1,2.4286983,2.4286983,1,1,0.47337005,0.47337005,1,1,0.3461258,0.3461258,1,1,1.0441383,1.0441383,1,1,1.4126239,1.4126239,1,1,1.2367493,1.2367493,1,1,1.078653,1.078653
experiment_0a_best,file,16,,7254,124.Le_Conte_Sparrow/Le_Conte_Sparrow_0016_795223.jpg,124,123,124.Le_Conte_Sparrow,113,112,horizontal_flip,horizontal_flip,0,"{""flipped"":true}",0.01534243,0.055608075,0.040265645,0.98477465,0.9459098,0.0024558853,0.012505529,0.98231876,0.93340427,-0.048914495,0.69389521,3.4920983,2.4743998,8.6408475,False,0.96603096,True,True,True,0.69389521,3.4920983,2.4743998,8.6408475,0.68380823,3.4901396,2.4286983,8.476496,0.95551584,3.5432694,0.47337005,1.6772776,0.63001925,3.8657523,0.3461258,1.3380366,0.52115745,3.7594199,1.0441383,3.9253543,0.72854168,3.4938998,1.4126239,4.9355664,0.71416838,3.2896099,1.2367493,4.0684228,0.74449908,3.4365072,1.078653,3.7067987
experiment_0a_best,file,16,,7254,124.Le_Conte_Sparrow/Le_Conte_Sparrow_0016_795223.jpg,124,123,124.Le_Conte_Sparrow,113,112,color_jitter,color_jitter,0,"{""brightness"":0.846321,""contrast"":0.744189,""hue"":-0.04135,""saturation"":1.116882}",0.01534243,0.14343469,0.12809226,0.98477465,0.86637735,0.0024558853,0.014784008,0.98231876,0.85159335,-0.13072542,0.70138451,10.176288,2.4743998,25.180204,False,0.94085133,True,True,True,0.70138451,10.176288,2.4743998,25.180204,0.69488744,10.240525,2.4286983,24.871145,0.92709685,8.308599,0.47337005,3.9330419,0.54475027,10.317711,0.3461258,3.5712259,0.59491996,10.823249,1.0441383,11.300969,0.7031019,11.351169,1.4126239,16.034933,0.73531125,9.40558,1.2367493,11.632345,0.77887124,8.5812865,1.078653,9.2562302
experiment_0a_best,file,16,,7254,124.Le_Conte_Sparrow/Le_Conte_Sparrow_0016_795223.jpg,124,123,124.Le_Conte_Sparrow,113,112,rotation,rotation,0,"{""angle"":-7.788469}",0.01534243,0.0093629546,-0.0059794756,0.98477465,0.99068075,0.0024558853,0.00049132266,0.98231876,0.99018943,0.0078706677,0.80013724,0.68428322,2.4743998,1.6931903,False,0.97241354,True,True,True,0.80013724,0.68428322,2.4743998,1.6931903,0.79488242,0.68697332,2.4286983,1.6684509,0.96171039,0.60921297,0.47337005,0.28838317,0.70798013,0.67773967,0.3461258,0.23458318,0.81970984,0.69352205,1.0441383,0.72413295,0.7999171,0.73133212,1.4126239,1.0330972,0.7709787,0.64521408,1.2367493,0.79796807,0.80672022,0.65573471,1.078653,0.7073102
experiment_0a_best,file,16,,7254,124.Le_Conte_Sparrow/Le_Conte_Sparrow_0016_795223.jpg,124,123,124.Le_Conte_Sparrow,113,112,random_resized_crop,random_resized_crop,0,"{""area_fraction"":0.509397,""aspect"":0.834876,""fallback"":false,""height"":0.78112,""left"":0.211175,""top"":0.029678,""width"":0.652138}",0.01534243,0.34723657,0.33189414,0.98477465,0.70663816,0.0024558853,0.167008,0.98231876,0.53963016,-0.4426886,0.60441961,24.384261,2.4743998,60.336412,False,0.92683363,True,True,True,0.60441961,24.384261,2.4743998,60.336412,0.59620278,24.484891,2.4286983,59.466413,0.85469219,21.567122,0.47337005,10.209229,0.23550344,37.640403,0.3461258,13.028315,0.52856247,26.942515,1.0441383,28.131712,0.65018959,25.064398,1.4126239,35.406567,0.65115488,22.51981,1.2367493,27.85136,0.57819227,21.658848,1.078653,23.36238
experiment_0a_best,file,16,,7254,124.Le_Conte_Sparrow/Le_Conte_Sparrow_0016_795223.jpg,124,123,124.Le_Conte_Sparrow,113,112,gaussian_blur,gaussian_blur,0,"{""sigma"":1.061366}",0.01534243,0.087081015,0.071738585,0.98477465,0.91660285,0.0024558853,0.0087869884,0.98231876,0.90781586,-0.074502902,0.67070404,7.4194887,2.4743998,18.358782,False,0.93285125,True,True,True,0.67070404,7.4194887,2.4743998,18.358782,0.66531015,7.4571795,2.4286983,18.111239,0.8459689,6.3473485,0.47337005,3.0046446,0.38531392,9.6573457,0.3461258,3.3426565,0.63405506,9.5422451,1.0441383,9.9634238,0.68864557,7.3736524,1.4126239,10.416198,0.71599377,6.403415,1.2367493,7.9194191,0.69132352,6.3122956,1.078653,6.8087764
experiment_0a_best,file,16,,7254,124.Le_Conte_Sparrow/Le_Conte_Sparrow_0016_795223.jpg,124,123,124.Le_Conte_Sparrow,113,112,random_erasing,random_erasing,0,"{""area_fraction"":0.128842,""erased"":true,""height"":0.331475,""left"":0.560666,""top"":0.098523,""width"":0.388691}",0.01534243,0.015590688,0.000248258,0.98477465,0.98453021,0.0024558853,0.00026676964,0.98231876,0.98426344,0.001944677,0.73813306,1.1689059,2.4743998,2.8923405,False,0.96514726,True,True,True,0.73813306,1.1689059,2.4743998,2.8923405,0.73126849,1.1707023,2.4286983,2.8432826,0.92759733,1.1205828,0.47337005,0.53045031,0.49356195,1.3337664,0.3461258,0.46165097,0.69047453,1.1593132,1.0441383,1.2104833,0.70128889,1.2988639,1.4126239,1.8348062,0.78086393,1.0698126,1.2367493,1.32309,0.81890223,1.0524664,1.078653,1.1352461
experiment_0a_best,file,16,,1704,031.Black_billed_Cuckoo/Black_Billed_Cuckoo_0028_26165.jpg,31,30,031.Black_billed_Cuckoo,33,32,identity,identity,0,{},3.7702019,3.7702019,0,0.023047408,0.023047408,0.86896163,0.86896163,-0.84591422,-0.84591422,0,1,1,192.09496,192.09496,False,1,True,False,False,1,1,192.09496,192.09496,1,1,186.00915,186.00915,1,1,47.969467,47.969467,1,1,29.702949,29.702949,1,1,101.70926,101.70926,1,1,101.44337,101.44337,1,1,83.631706,83.631706,1,1,78.021437,78.021437
experiment_0a_best,file,16,,1704,031.Black_billed_Cuckoo/Black_Billed_Cuckoo_0028_26165.jpg,31,30,031.Black_billed_Cuckoo,33,32,horizontal_flip,horizontal_flip,0,"{""flipped"":true}",3.7702019,2.8132648,-0.95693707,0.023047408,0.060008742,0.86896163,0.23369111,-0.84591422,-0.17368237,0.67223185,0.35543817,0.82863822,192.09496,159.17723,False,0.91158098,True,False,False,0.35543817,0.82863822,192.09496,159.17723,0.33148724,0.83690683,186.00915,155.67233,0.79672104,0.69250721,47.969467,33.219202,0.032452897,1.1774497,29.702949,34.973729,0.42865374,0.76089714,101.70926,77.390285,0.2641524,0.72474536,101.44337,73.520614,0.31415746,0.9669672,83.631706,80.869117,0.37707189,0.91319244,78.021437,71.248587
experiment_0a_best,file,16,,1704,031.Black_billed_Cuckoo/Black_Billed_Cuckoo_0028_26165.jpg,31,30,031.Black_billed_Cuckoo,33,32,color_jitter,color_jitter,0,"{""brightness"":0.616855,""contrast"":1.379674,""hue"":-0.07347,""saturation"":0.85542}",3.7702019,6.5655446,2.7953427,0.023047408,0.0014080567,0.86896163,0.0035733092,-0.84591422,-0.0021652525,0.84374897,0.22602239,1.2913719,192.09496,248.06604,False,0.7951737,False,False,False,0.22602239,1.2913719,192.09496,248.06604,0.21759565,1.3163058,186.00915,244.84493,0.45015503,0.8306579,47.969467,39.846217,0.073955997,2.0137405,29.702949,59.814031,0.19809709,1.0920519,101.70926,111.07179,0.29305725,1.2285582,101.44337,124.62909,0.17944013,1.5276025,83.631706,127.756,0.22279657,1.4145436,78.021437,110.36472
experiment_0a_best,file,16,,1704,031.Black_billed_Cuckoo/Black_Billed_Cuckoo_0028_26165.jpg,31,30,031.Black_billed_Cuckoo,33,32,rotation,rotation,0,"{""angle"":12.161824}",3.7702019,3.4444981,-0.32570386,0.023047408,0.031920776,0.86896163,0.78177035,-0.84591422,-0.74984957,0.096064651,0.74771545,0.8489995,192.09496,163.08852,False,0.96040297,True,False,False,0.74771545,0.8489995,192.09496,163.08852,0.73312231,0.84674296,186.00915,157.50194,0.95890356,0.88223376,47.969467,42.320283,0.5642935,0.76728389,29.702949,22.790594,0.74784637,0.77592923,101.70926,78.919187,0.71827401,0.84424941,101.44337,85.643509,0.72034743,0.9077371,83.631706,75.915602,0.77873126,0.90277678,78.021437,70.435942
experiment_0a_best,file,16,,1704,031.Black_billed_Cuckoo/Black_Billed_Cuckoo_0028_26165.jpg,31,30,031.Black_billed_Cuckoo,33,32,random_resized_crop,random_resized_crop,0,"{""area_fraction"":0.708188,""aspect"":1.237974,""fallback"":false,""height"":0.756342,""left"":0.003611,""top"":0.036649,""width"":0.936332}",3.7702019,3.6787968,-0.091405153,0.023047408,0.025253346,0.86896163,0.11841776,-0.84591422,-0.093164416,0.75274981,0.31018046,0.68209824,192.09496,131.02763,False,0.94235867,True,False,False,0.31018046,0.68209824,192.09496,131.02763,0.28139307,0.68411227,186.00915,127.25114,0.76536363,0.65106408,47.969467,31.231197,-0.070254085,0.97750159,29.702949,29.034679,0.34424129,0.53912764,101.70926,54.834273,0.14763395,0.63674039,101.44337,64.593093,0.325119,0.79401504,83.631706,66.404832,0.42389309,0.78604558,78.021437,61.328406
experiment_0a_best,file,16,,1704,031.Black_billed_Cuckoo/Black_Billed_Cuckoo_0028_26165.jpg,31,30,031.Black_billed_Cuckoo,33,32,gaussian_blur,gaussian_blur,0,"{""sigma"":1.541832}",3.7702019,2.7048714,-1.0653305,0.023047408,0.066878922,0.86896163,0.18179536,-0.84591422,-0.11491644,0.73099779,0.39580064,0.63608977,192.09496,122.18964,False,0.89978713,True,False,False,0.39580064,0.63608977,192.09496,122.18964,0.37489537,0.64111335,186.00915,119.25295,0.76273305,0.55509981,47.969467,26.627842,0.066886613,0.8254062,29.702949,24.516998,0.46205782,0.49373801,101.70926,50.217727,0.36114392,0.64819331,101.44337,65.754916,0.33632255,0.69995143,83.631706,58.538132,0.41018976,0.74160891,78.021437,57.861393
experiment_0a_best,file,16,,1704,031.Black_billed_Cuckoo/Black_Billed_Cuckoo_0028_26165.jpg,31,30,031.Black_billed_Cuckoo,33,32,random_erasing,random_erasing,0,"{""area_fraction"":0.180305,""erased"":true,""height"":0.458628,""left"":0.117899,""top"":0.1761,""width"":0.39314}",3.7702019,3.7000723,-0.070129633,0.023047408,0.024721736,0.86896163,0.3110745,-0.84591422,-0.28635276,0.55956146,0.57632842,0.69047849,192.09496,132.63744,False,0.95194972,True,False,False,0.57632842,0.69047849,192.09496,132.63744,0.55672256,0.68087128,186.00915,126.64829,0.83008762,0.82149904,47.969467,39.406871,0.36597725,0.72068067,29.702949,21.406341,0.7294104,0.65470491,101.70926,66.589551,0.45463161,0.59125502,101.44337,59.978904,0.48012989,0.71285218,83.631706,59.617044,0.56413397,0.81018466,78.021437,63.211771
experiment_0a_best,file,16,,3415,059.California_Gull/California_Gull_0074_41358.jpg,59,58,059.California_Gull,66,65,identity,identity,0,{},2.6587329,2.6587329,0,0.070036903,0.070036903,0.37152624,0.37152624,-0.30148934,-0.30148934,0,1,1,130.36755,130.36755,False,0.99999994,True,False,False,1,1,130.36755,130.36755,1,1,126.76105,126.76105,1,1,30.452186,30.452186,1,1,27.048723,27.048723,1,1,55.602312,55.602312,1,1,66.163825,66.163825,1,1,62.961012,62.961012,1,1,62.476974,62.476974
experiment_0a_best,file,16,,3415,059.California_Gull/California_Gull_0074_41358.jpg,59,58,059.California_Gull,66,65,horizontal_flip,horizontal_flip,0,"{""flipped"":true}",2.6587329,2.3299899,-0.32874298,0.070036903,0.097296715,0.37152624,0.22797081,-0.30148934,-0.13067409,0.17081524,0.69495537,0.91677741,130.36755,119.51803,False,0.97918552,False,False,False,0.69495537,0.91677741,130.36755,119.51803,0.68020284,0.91929423,126.76105,116.5307,0.96535739,0.8720147,30.452186,26.554754,0.3309705,0.99291525,27.048723,26.857089,0.63263499,0.87937891,55.602312,48.8955,0.68380266,0.90190317,66.163825,59.673363,0.68338698,0.91681216,62.961012,57.723421,0.77740357,0.9569368,62.476974,59.786516
experiment_0a_best,file,16,,3415,059.California_Gull/California_Gull_0074_41358.jpg,59,58,059.California_Gull,66,65,color_jitter,color_jitter,0,"{""brightness"":0.9296,""contrast"":1.269933,""hue"":-0.06085,""saturation"":0.929382}",2.6587329,7.6542873,4.9955544,0.070036903,0.00047400763,0.37152624,0.013898557,-0.30148934,-0.013424549,0.28806479,0.36058616,1.2733374,130.36755,166.00188,False,0.77624011,False,False,False,0.36058616,1.2733374,130.36755,166.00188,0.347311,1.2732787,126.76105,161.40215,0.59041686,1.2743536,30.452186,38.806851,0.69692645,1.4949165,27.048723,40.435582,0.32047851,1.1244336,55.602312,62.521107,0.34969605,1.1170343,66.163825,73.907265,0.32980624,1.3295992,62.961012,83.71291,0.31801698,1.4348813,62.476974,89.647044
experiment_0a_best,file,16,,3415,059.California_Gull/California_Gull_0074_41358.jpg,59,58,059.California_Gull,66,65,rotation,rotation,0,"{""angle"":2.973216}",2.6587329,2.7983704,0.13963747,0.070036903,0.060909238,0.37152624,0.37123275,-0.30148934,-0.31032351,-0.008834172,0.86565917,1.0384405,130.36755,135.37894,False,0.9807741,True,False,False,0.86565917,1.0384405,130.36755,135.37894,0.85908548,1.0371269,126.76105,131.46729,0.97721811,1.0609434,30.452186,32.308045,0.85678697,1.0705152,27.048723,28.95607,0.85845539,1.0592236,55.602312,58.89528,0.84518437,1.0290024,66.163825,68.082732,0.84797088,1.0360175,62.961012,65.22871,0.88751086,1.0231884,62.476974,63.925718
experiment_0a_best,file,16,,3415,059.California_Gull/California_Gull_0074_41358.jpg,59,58,059.California_Gull,66,65,random_resized_crop,random_resized_crop,0,"{""area_fraction"":0.712111,""aspect"":1.144127,""fallback"":false,""height"":0.788927,""left"":0.097184,""top"":0.002431,""width"":0.902633}",2.6587329,2.4040952,-0.25463772,0.070036903,0.090347193,0.37152624,0.17385164,-0.30148934,-0.083504446,0.21798489,0.63189668,0.90526006,130.36755,118.01654,False,0.9409892,False,False,False,0.63189668,0.90526006,130.36755,118.01654,0.61687489,0.90451613,126.76105,114.65741,0.88841335,0.9180547,30.452186,27.956772,0.32424181,0.87461644,27.048723,23.657257,0.61019416,0.93278338,55.602312,51.864912,0.6520541,0.88850042,66.163825,58.786586,0.59320972,0.90800052,62.961012,57.168631,0.66130364,0.90154163,62.476974,56.325593
experiment_0a_best,file,16,,3415,059.California_Gull/California_Gull_0074_41358.jpg,59,58,059.California_Gull,66,65,gaussian_blur,gaussian_blur,0,"{""sigma"":1.525829}",2.6587329,4.3452611,1.6865282,0.070036903,0.012968121,0.37152624,0.025975924,-0.30148934,-0.013007803,0.28848154,0.62423219,1.4381827,130.36755,187.49236,False,0.90055352,False,False,False,0.62423219,1.4381827,130.36755,187.49236,0.61693483,1.4551042,126.76105,184.45054,0.81365122,1.1045521,30.452186,33.636026,0.54238383,1.4181903,27.048723,38.360235,0.58799668,1.4946734,55.602312,83.107295,0.61626272,1.4995864,66.163825,99.21837,0.63323727,1.4659398,62.961012,92.297056,0.64142102,1.3657298,62.476974,85.326666
experiment_0a_best,file,16,,3415,059.California_Gull/California_Gull_0074_41358.jpg,59,58,059.California_Gull,66,65,random_erasing,random_erasing,0,"{""area_fraction"":0.139524,""erased"":true,""height"":0.669304,""left"":0.368285,""top"":0.245401,""width"":0.208462}",2.6587329,3.5218809,0.86314797,0.070036903,0.029543815,0.37152624,0.09909486,-0.30148934,-0.069551045,0.23193829,0.70007454,0.86029143,130.36755,112.15409,False,0.89658177,False,False,False,0.70007454,0.86029143,130.36755,112.15409,0.69085969,0.8545453,126.76105,108.32306,0.84706002,0.95437949,30.452186,29.062942,0.79125887,0.7900695,27.048723,21.370371,0.6849751,0.7544942,55.602312,41.951622,0.68394166,0.80485945,66.163825,53.25258,0.69070634,0.87993908,62.961012,55.401855,0.69563946,0.96195986,62.476974,60.100341
experiment_0a_best,file,16,,9006,154.Red_eyed_Vireo/Red_Eyed_Vireo_0029_156777.jpg,154,153,154.Red_eyed_Vireo,155,154,identity,identity,0,{},0.50753152,0.50753152,0,0.60197973,0.60197973,0.09338367,0.09338367,0.50859606,0.50859606,0,1,1,76.736279,76.736279,False,1,True,True,True,1,1,76.736279,76.736279,1,1,75.774091,75.774091,1,1,12.113781,12.113781,1,1,21.631719,21.631719,1,1,34.279907,34.279907,1,1,40.076346,40.076346,1,1,38.587003,38.587003,1,1,31.679636,31.679636
experiment_0a_best,file,16,,9006,154.Red_eyed_Vireo/Red_Eyed_Vireo_0029_156777.jpg,154,153,154.Red_eyed_Vireo,155,154,horizontal_flip,horizontal_flip,0,"{""flipped"":true}",0.50753152,0.23619948,-0.27133204,0.60197973,0.78962314,0.09338367,0.0061732857,0.50859606,0.78344986,0.27485379,0.50974691,0.61892715,76.736279,47.494166,False,0.92609072,True,True,True,0.50974691,0.61892715,76.736279,47.494166,0.50062915,0.6192206,75.774091,46.920878,0.87357764,0.60733394,12.113781,7.3571103,0.039951236,0.38558254,21.631719,8.3408132,0.50576714,0.69783057,34.279907,23.921567,0.4581607,0.64082917,40.076346,25.682091,0.53715498,0.58948485,38.587003,22.746453,0.66947664,0.61758761,31.679636,19.56495
experiment_0a_best,file,16,,9006,154.Red_eyed_Vireo/Red_Eyed_Vireo_0029_156777.jpg,154,153,154.Red_eyed_Vireo,155,154,color_jitter,color_jitter,0,"{""brightness"":0.967766,""contrast"":0.714152,""hue"":-0.05023,""saturation"":0.913367}",0.50753152,3.6909709,3.1834394,0.60197973,0.024947772,0.09338367,0.027678782,0.50859606,-0.0027310103,-0.51132707,0.73676392,2.2468522,76.736279,172.41508,False,0.89896184,False,True,False,0.73676392,2.2468522,76.736279,172.41508,0.73381249,2.2506018,75.774091,170.53731,0.86268101,2.0948787,12.113781,25.376902,0.7651807,1.7602876,21.631719,38.078046,0.64064903,2.1269869,34.279907,72.912911,0.75343878,2.3807308,40.076346,95.410992,0.76219275,2.2186907,38.587003,85.612624,0.76218058,2.4213347,31.679636,76.707001
experiment_0a_best,file,16,,9006,154.Red_eyed_Vireo/Red_Eyed_Vireo_0029_156777.jpg,154,153,154.Red_eyed_Vireo,155,154,rotation,rotation,0,"{""angle"":-5.627052}",0.50753152,1.1876593,0.68012774,0.60197973,0.3049342,0.09338367,0.071397185,0.50859606,0.23353702,-0.27505904,0.78538788,1.6095555,76.736279,123.5113,False,0.94707155,True,True,True,0.78538788,1.6095555,76.736279,123.5113,0.7821047,1.6120511,75.774091,122.15171,0.92433856,1.5086697,12.113781,18.275695,0.84553213,1.5774694,21.631719,34.123374,0.7451211,1.6896113,34.279907,57.919717,0.76548174,1.5764668,40.076346,63.179029,0.78481266,1.5968738,38.587003,61.618573,0.82204795,1.6137316,31.679636,51.12243
experiment_0a_best,file,16,,9006,154.Red_eyed_Vireo/Red_Eyed_Vireo_0029_156777.jpg,154,153,154.Red_eyed_Vireo,155,154,random_resized_crop,random_resized_crop,0,"{""area_fraction"":0.821958,""aspect"":1.180348,""fallback"":false,""height"":0.834487,""left"":0.013045,""top"":0.106935,""width"":0.984986}",0.50753152,1.8336842,1.3261527,0.60197973,0.15982367,0.09338367,0.68971449,0.50859606,-0.52989082,-1.0384869,0.41991356,2.0381413,76.736279,156.39938,False,0.9412756,False,True,False,0.41991356,2.0381413,76.736279,156.39938,0.40725152,2.0238332,75.774091,153.35412,0.82575977,2.535367,12.113781,30.71288,0.18310735,1.7644299,21.631719,38.167652,0.36219283,1.8521413,34.279907,63.49123,0.32530308,2.1356413,40.076346,85.588698,0.45595964,1.9921779,38.587003,76.872175,0.60382384,2.1857784,31.679636,69.244663
experiment_0a_best,file,16,,9006,154.Red_eyed_Vireo/Red_Eyed_Vireo_0029_156777.jpg,154,153,154.Red_eyed_Vireo,155,154,gaussian_blur,gaussian_blur,0,"{""sigma"":1.992912}",0.50753152,2.7212977,2.2137662,0.60197973,0.06578932,0.09338367,0.22660835,0.50859606,-0.16081903,-0.66941509,0.38873065,1.2853785,76.736279,98.635166,False,0.78792918,False,True,False,0.38873065,1.2853785,76.736279,98.635166,0.37674812,1.2752664,75.774091,96.632156,0.76649791,1.6325883,12.113781,19.776817,-0.059785989,0.87292143,21.631719,18.882791,0.23547283,1.1292371,34.279907,38.710144,0.38076989,1.2293151,40.076346,49.266456,0.4231309,1.2885261,38.587003,49.72036,0.56327327,1.6044237,31.679636,50.827557
experiment_0a_best,file,16,,9006,154.Red_eyed_Vireo/Red_Eyed_Vireo_0029_156777.jpg,154,153,154.Red_eyed_Vireo,155,154,random_erasing,random_erasing,0,"{""area_fraction"":0.127666,""erased"":true,""height"":0.285705,""left"":0.084539,""top"":0.27057,""width"":0.446846}",0.50753152,3.2434578,2.7359263,0.60197973,0.039028715,0.09338367,0.022478707,0.50859606,0.016550008,-0.49204605,0.50297914,1.3722828,76.736279,105.30387,False,0.81819332,False,True,False,0.50297914,1.3722828,76.736279,105.30387,0.49431785,1.3605563,75.774091,103.09492,0.7803267,1.7711752,12.113781,21.455629,0.28574814,0.75260081,21.631719,16.280049,0.51979383,1.2199391,34.279907,41.819399,0.42622403,1.2854884,40.076346,51.517677,0.49400101,1.3614081,38.587003,52.532658,0.63292454,1.7858971,31.679636,56.57657
experiment_0a_best,file,16,,6037,104.American_Pipit/American_Pipit_0074_100154.jpg,104,103,104.American_Pipit,131,130,identity,identity,0,{},0.021912139,0.021912139,0,0.9783262,0.9783262,0.0054306611,0.0054306611,0.97289554,0.97289554,0,1,1,3.6199014,3.6199014,False,1,True,True,True,1,1,3.6199014,3.6199014,1,1,3.5640374,3.5640374,1,1,0.63350124,0.63350124,1,1,0.85337723,0.85337723,1,1,1.5108472,1.5108472,1,1,2.0422593,2.0422593,1,1,1.719874,1.719874,1,1,1.6008313,1.6008313
experiment_0a_best,file,16,,6037,104.American_Pipit/American_Pipit_0074_100154.jpg,104,103,104.American_Pipit,131,130,horizontal_flip,horizontal_flip,0,"{""flipped"":true}",0.021912139,0.042857163,0.020945024,0.9783262,0.95804822,0.0054306611,0.0082891565,0.97289554,0.94975907,-0.023136472,0.69072958,2.1102193,3.6199014,7.6387858,False,0.96572477,True,True,True,0.69072958,2.1102193,3.6199014,7.6387858,0.68326366,2.1170167,3.5640374,7.5451267,0.96112048,1.8824324,0.63350124,1.1925233,0.73627755,2.0111923,0.85337723,1.7163057,0.56268998,2.4862308,1.5108472,3.756315,0.70391425,2.0425442,2.0422593,4.1714049,0.69824125,1.9836809,1.719874,3.4116813,0.76072049,2.0560404,1.6008313,3.2913739
experiment_0a_best,file,16,,6037,104.American_Pipit/American_Pipit_0074_100154.jpg,104,103,104.American_Pipit,131,130,color_jitter,color_jitter,0,"{""brightness"":0.988939,""contrast"":1.12325,""hue"":0.006684,""saturation"":0.759221}",0.021912139,0.05023548,0.028323341,0.9783262,0.95100546,0.0054306611,0.0095549133,0.97289554,0.94145055,-0.031444995,0.94842807,2.2797787,3.6199014,8.2525743,False,0.99078798,True,True,True,0.94842807,2.2797787,3.6199014,8.2525743,0.94721029,2.2815868,3.5640374,8.1316608,0.98833423,2.2217904,0.63350124,1.407507,0.95532453,2.4232108,0.85337723,2.0679129,0.91203371,2.149298,1.5108472,3.2472609,0.95225039,2.3062987,2.0422593,4.7100599,0.95413073,2.3049504,1.719874,3.9642242,0.95997317,2.2869607,1.6008313,3.6610384
experiment_0a_best,file,16,,6037,104.American_Pipit/American_Pipit_0074_100154.jpg,104,103,104.American_Pipit,131,130,rotation,rotation,0,"{""angle"":-14.833224}",0.021912139,0.34827182,0.32635968,0.9783262,0.70590699,0.0054306611,0.039495744,0.97289554,0.66641124,-0.3064843,0.73403013,12.749522,3.6199014,46.152013,False,0.94964588,True,True,True,0.73403013,12.749522,3.6199014,46.152013,0.72811547,12.779608,3.5640374,45.547,0.93998856,11.757556,0.63350124,7.4484263,0.76618418,14.559192,0.85337723,12.424483,0.73084214,13.261073,1.5108472,20.035456,0.72932336,12.388752,2.0422593,25.301044,0.70296195,12.206232,1.719874,20.993181,0.74281638,13.071779,1.6008313,20.925713
experiment_0a_best,file,16,,6037,104.American_Pipit/American_Pipit_0074_100154.jpg,104,103,104.American_Pipit,131,130,random_resized_crop,random_resized_crop,0,"{""area_fraction"":0.725082,""aspect"":1.145897,""fallback"":false,""height"":0.795464,""left"":0.063106,""top"":0.119545,""width"":0.91152}",0.021912139,0.016765645,-0.0051464941,0.9783262,0.98337412,0.0054306611,0.0028319673,0.97289554,0.98054215,0.0076466112,0.71431136,0.74709683,3.6199014,2.7044169,False,0.94990224,True,True,True,0.71431136,0.74709683,3.6199014,2.7044169,0.7071641,0.74757861,3.5640374,2.6643981,0.94560484,0.73168391,0.63350124,0.46352267,0.75990813,0.87393163,0.85337723,0.74579335,0.6592502,0.68371184,1.5108472,1.0329842,0.6870123,0.74814423,2.0422593,1.5279045,0.70950305,0.69983283,1.719874,1.2036243,0.76357322,0.81269046,1.6008313,1.3009803
experiment_0a_best,file,16,,6037,104.American_Pipit/American_Pipit_0074_100154.jpg,104,103,104.American_Pipit,131,130,gaussian_blur,gaussian_blur,0,"{""sigma"":1.967347}",0.021912139,0.08130113,0.059388991,0.9783262,0.92191601,0.0054306611,0.01067097,0.97289554,0.91124504,-0.061650502,0.49223728,3.5058218,3.6199014,12.690729,False,0.86121213,True,True,True,0.49223728,3.5058218,3.6199014,12.690729,0.48182533,3.5137431,3.5640374,12.523112,0.85057938,3.2451278,0.63350124,2.0557925,0.5314351,3.4232147,0.85337723,2.9212934,0.40283745,3.5235141,1.5108472,5.3234915,0.47317675,3.3961991,2.0422593,6.9359192,0.43148423,3.3668152,1.719874,5.7904979,0.5995048,3.8668351,1.6008313,6.1901508
experiment_0a_best,file,16,,6037,104.American_Pipit/American_Pipit_0074_100154.jpg,104,103,104.American_Pipit,131,130,random_erasing,random_erasing,0,"{""area_fraction"":0.186681,""erased"":true,""height"":0.354079,""left"":0.148622,""top"":0.277203,""width"":0.52723}",0.021912139,0.14196372,0.12005158,0.9783262,0.86765271,0.0054306611,0.030820649,0.97289554,0.83683207,-0.13606348,0.61586651,4.419715,3.6199014,15.998932,False,0.90302682,True,True,True,0.61586651,4.419715,3.6199014,15.998932,0.60505141,4.3680913,3.5640374,15.568041,0.89723845,5.8217441,0.63350124,3.6880821,0.5506738,2.8284746,0.85337723,2.4137558,0.52172468,3.9136771,1.5108472,5.9129683,0.64895525,4.210104,2.0422593,8.5981239,0.53830383,4.2911136,1.719874,7.3801747,0.69722819,5.3437968,1.6008313,8.5545174
experiment_0a_best,file,16,,6111,105.Whip_poor_Will/Whip_Poor_Will_0006_22800.jpg,105,104,105.Whip_poor_Will,92,91,identity,identity,0,{},3.8619246,3.8619246,0,0.02102749,0.02102749,0.86344063,0.86344063,-0.84241314,-0.84241314,0,1,1,158.46786,158.46786,False,1.0000001,True,False,False,1,1,158.46786,158.46786,1,1,154.92907,154.92907,1,1,33.302348,33.302348,1,1,34.203213,34.203213,1,1,66.163788,66.163788,1,1,84.077458,84.077458,1,1,77.797481,77.797481,1,1,73.034541,73.034541
experiment_0a_best,file,16,,6111,105.Whip_poor_Will/Whip_Poor_Will_0006_22800.jpg,105,104,105.Whip_poor_Will,92,91,horizontal_flip,horizontal_flip,0,"{""flipped"":true}",3.8619246,2.5621333,-1.2997913,0.02102749,0.077140003,0.86344063,0.79714221,-0.84241314,-0.7200022,0.12241094,0.65720753,0.98438727,158.46786,155.99375,False,0.95475346,True,False,False,0.65720753,0.98438727,158.46786,155.99375,0.64458673,0.98757122,154.92907,153.00349,0.95470314,0.91275983,33.302348,30.397045,0.35594011,0.7725965,34.203213,26.425282,0.65261902,1.0271235,66.163788,67.958379,0.62377296,0.983755,84.077458,82.71162,0.62262861,0.97894988,77.797481,76.159835,0.74113116,1.0109871,73.034541,73.836981
experiment_0a_best,file,16,,6111,105.Whip_poor_Will/Whip_Poor_Will_0006_22800.jpg,105,104,105.Whip_poor_Will,92,91,color_jitter,color_jitter,0,"{""brightness"":1.187967,""contrast"":0.706245,""hue"":-0.066291,""saturation"":0.790184}",3.8619246,3.2097785,-0.6521461,0.02102749,0.040365554,0.86344063,0.58630478,-0.84241314,-0.54593923,0.29647391,0.82032922,0.98411735,158.46786,155.95097,False,0.94983327,True,False,False,0.82032922,0.98411735,158.46786,155.95097,0.81620795,0.98984375,154.92907,153.35557,0.93315983,0.85078901,33.302348,28.333272,0.73569466,1.4170533,34.203213,48.467775,0.77998306,1.0291742,66.163788,68.094062,0.83040494,0.97397182,84.077458,81.889074,0.8374988,0.93343917,77.797481,72.619217,0.85430062,0.92385346,73.034541,67.473213
experiment_0a_best,file,16,,6111,105.Whip_poor_Will/Whip_Poor_Will_0006_22800.jpg,105,104,105.Whip_poor_Will,92,91,rotation,rotation,0,"{""angle"":14.117454}",3.8619246,2.7407718,-1.1211529,0.02102749,0.06452053,0.86344063,0.18368372,-0.84241314,-0.11916319,0.72324995,0.51281191,0.79033745,158.46786,125.24309,False,0.8718102,True,False,False,0.51281191,0.79033745,158.46786,125.24309,0.50507665,0.79715044,154.92907,123.50178,0.74108031,0.62494268,33.302348,20.812059,0.62980869,0.7307382,34.203213,24.993594,0.41929542,0.82686216,66.163788,54.708332,0.50372487,0.78683083,84.077458,66.154736,0.51512072,0.77566921,77.797481,60.345111,0.5436413,0.82346954,73.034541,60.14172
experiment_0a_best,file,16,,6111,105.Whip_poor_Will/Whip_Poor_Will_0006_22800.jpg,105,104,105.Whip_poor_Will,92,91,random_resized_crop,random_resized_crop,0,"{""area_fraction"":0.702996,""aspect"":0.835311,""fallback"":false,""height"":0.917386,""left"":0.110809,""top"":0.014467,""width"":0.766303}",3.8619246,2.9995532,-0.86237144,0.02102749,0.049809318,0.86344063,0.75198746,-0.84241314,-0.70217814,0.140235,0.77954332,0.92797337,158.46786,147.05396,False,0.96125549,True,False,False,0.77954332,0.92797337,158.46786,147.05396,0.77091275,0.92635119,154.92907,143.51873,0.95987772,0.96241237,33.302348,32.050592,0.82776004,1.0370697,34.203213,35.471117,0.65112457,0.78151524,66.163788,51.708008,0.78909754,0.94743273,84.077458,79.657735,0.77222086,0.95294605,77.797481,74.136802,0.82219352,0.95099734,73.034541,69.455654
experiment_0a_best,file,16,,6111,105.Whip_poor_Will/Whip_Poor_Will_0006_22800.jpg,105,104,105.Whip_poor_Will,92,91,gaussian_blur,gaussian_blur,0,"{""sigma"":1.039361}",3.8619246,4.5478039,0.68587923,0.02102749,0.010590437,0.86344063,0.73920971,-0.84241314,-0.72861927,0.11379387,0.73632617,1.0308741,158.46786,163.36042,False,0.94981921,True,False,False,0.73632617,1.0308741,158.46786,163.36042,0.72764602,1.0348932,154.92907,160.33505,0.94651705,0.93968691,33.302348,31.29378,0.75659738,1.2952368,34.203213,44.301261,0.60580734,1.016724,66.163788,67.270311,0.70849951,1.0497148,84.077458,88.257356,0.76614542,1.0164828,77.797481,79.079801,0.81098816,0.98511725,73.034541,71.947586
experiment_0a_best,file,16,,6111,105.Whip_poor_Will/Whip_Poor_Will_0006_22800.jpg,105,104,105.Whip_poor_Will,92,91,random_erasing,random_erasing,0,"{""area_fraction"":0.146737,""erased"":true,""height"":0.399022,""left"":0.32666,""top"":0.023452,""width"":0.367743}",3.8619246,5.2702513,1.4083266,0.02102749,0.0051423167,0.86344063,0.78218061,-0.84241314,-0.77703829,0.065374852,0.83450833,0.91849931,158.46786,145.55262,False,0.9444226,True,False,False,0.83450833,0.91849931,158.46786,145.55262,0.82917893,0.91307607,154.92907,141.46203,0.94253032,1.0288935,33.302348,34.264568,0.82945254,0.76348257,34.203213,26.113557,0.84343566,0.9319459,66.163788,61.661071,0.85427869,0.92318513,84.077458,77.619059,0.81018169,0.88604266,77.797481,68.931887,0.80869546,0.9437833,73.034541,68.92878
experiment_0a_best,file,16,,5035,087.Mallard/Mallard_0061_76378.jpg,87,86,087.Mallard,86,85,identity,identity,0,{},0.006644655,0.006644655,0,0.99337739,0.99337739,0.0018580629,0.0018580629,0.99151932,0.99151932,0,1,1,1.1449813,1.1449813,False,1,True,True,True,1,1,1.1449813,1.1449813,1,1,1.1204197,1.1204197,1,1,0.2358852,0.2358852,1,1,0.26087313,0.26087313,1,1,0.56725896,0.56725896,1,1,0.54798677,0.54798677,1,1,0.51678471,0.51678471,1,1,0.54602824,0.54602824
experiment_0a_best,file,16,,5035,087.Mallard/Mallard_0061_76378.jpg,87,86,087.Mallard,86,85,horizontal_flip,horizontal_flip,0,"{""flipped"":true}",0.006644655,0.016884271,0.010239616,0.99337739,0.98325747,0.0018580629,0.0055544479,0.99151932,0.97770302,-0.0138163,0.68163138,2.5241714,1.1449813,2.890129,False,0.95837986,True,True,True,0.68163138,2.5241714,1.1449813,2.890129,0.67109913,2.5348003,1.1204197,2.8400402,0.95078675,2.2711882,0.2358852,0.53573967,0.67330192,2.9447603,0.26087313,0.76820885,0.7357049,2.4638212,0.56725896,1.3976247,0.65220863,2.6518366,0.54798677,1.4531714,0.58362052,2.5377256,0.51678471,1.3114578,0.70753943,2.3813226,0.54602824,1.3002694
experiment_0a_best,file,16,,5035,087.Mallard/Mallard_0061_76378.jpg,87,86,087.Mallard,86,85,color_jitter,color_jitter,0,"{""brightness"":0.604357,""contrast"":0.632768,""hue"":0.040273,""saturation"":0.649192}",0.006644655,1.6786921,1.6720474,0.99337739,0.18661788,0.0018580629,0.20403863,0.99151932,-0.017420754,-1.0089401,0.57131359,141.39604,1.1449813,161.89582,False,0.85165608,False,True,False,0.57131359,141.39604,1.1449813,161.89582,0.56362482,142.84941,1.1204197,160.05129,0.84047687,103.30798,0.2358852,24.368823,0.66838493,282.62258,0.26087313,73.728637,0.59013612,158.03821,0.56725896,89.64859,0.58531849,134.70686,0.54798677,73.817576,0.50889387,110.68046,0.51678471,57.197968,0.60997357,107.14894,0.54602824,58.506347
experiment_0a_best,file,16,,5035,087.Mallard/Mallard_0061_76378.jpg,87,86,087.Mallard,86,85,rotation,rotation,0,"{""angle"":8.43279}",0.006644655,0.11015365,0.10350899,0.99337739,0.89569652,0.0018580629,0.019320616,0.99151932,0.8763759,-0.11514342,0.70649037,17.642316,1.1449813,20.200122,False,0.94827515,True,True,True,0.70649037,17.642316,1.1449813,20.200122,0.69880682,17.772254,1.1204197,19.912383,0.93551959,14.402512,0.2358852,3.3973393,0.68507254,24.410412,0.26087313,6.3680207,0.7904484,19.501564,0.56725896,11.062437,0.67159517,17.943165,0.54798677,9.8326167,0.60633392,16.126849,0.51678471,8.3341088,0.72750394,15.039418,0.54602824,8.2119471
experiment_0a_best,file,16,,5035,087.Mallard/Mallard_0061_76378.jpg,87,86,087.Mallard,86,85,random_resized_crop,random_resized_crop,0,"{""area_fraction"":0.739645,""aspect"":0.990165,""fallback"":false,""height"":0.864287,""left"":0.028265,""top"":0.069353,""width"":0.855787}",0.006644655,0.07497184,0.068327185,0.99337739,0.9277696,0.0018580629,0.004556438,0.99151932,0.92321316,-0.068306161,0.67212041,10.202911,1.1449813,11.682142,False,0.96330023,True,True,True,0.67212041,10.202911,1.1449813,11.682142,0.66067423,10.188712,1.1204197,11.415634,0.92259574,10.518151,0.2358852,2.4810762,0.69374227,9.4819455,0.26087313,2.4735848,0.74730505,9.1470256,0.56725896,5.1887322,0.61470986,11.322182,0.54798677,6.2044059,0.57320113,10.193711,0.51678471,5.267954,0.70769631,10.201634,0.54602824,5.5703803
experiment_0a_best,file,16,,5035,087.Mallard/Mallard_0061_76378.jpg,87,86,087.Mallard,86,85,gaussian_blur,gaussian_blur,0,"{""sigma"":1.367875}",0.006644655,0.24457319,0.23792854,0.99337739,0.78303868,0.0018580629,0.0056706308,0.99151932,0.77736804,-0.21415128,0.54653104,40.319328,1.1449813,46.164875,False,0.87929219,True,True,True,0.54653104,40.319328,1.1449813,46.164875,0.53659142,40.619082,1.1204197,45.51042,0.83589649,32.837158,0.2358852,7.7457996,0.3448018,62.905349,0.26087313,16.410315,0.588857,38.401718,0.56725896,21.783719,0.55797019,45.721072,0.54798677,25.054542,0.49336036,37.61891,0.51678471,19.440878,0.61176161,32.847686,0.54602824,17.935764
experiment_0a_best,file,16,,5035,087.Mallard/Mallard_0061_76378.jpg,87,86,087.Mallard,86,85,random_erasing,random_erasing,0,"{""area_fraction"":0.071401,""erased"":true,""height"":0.313441,""left"":0.166515,""top"":0.167967,""width"":0.227798}",0.006644655,0.0055308887,-0.0011137663,0.99337739,0.99448436,0.0018580629,0.00026820827,0.99151932,0.99421616,0.0026968321,0.90361835,0.79230299,1.1449813,0.90717208,False,0.98552787,True,True,True,0.90361835,0.79230299,1.1449813,0.90717208,0.90149917,0.7905249,1.1204197,0.88571967,0.95017611,0.83140844,0.2358852,0.19611694,0.92400485,0.78302052,0.26087313,0.20426902,0.93891772,0.74464623,0.56725896,0.42240724,0.90001599,0.80855086,0.54798677,0.44307517,0.87530538,0.79442208,0.51678471,0.41054519,0.88643635,0.81797018,0.54602824,0.44663482
experiment_0a_best,file,16,,9757,166.Golden_winged_Warbler/Golden_Winged_Warbler_0016_794841.jpg,166,165,166.Golden_winged_Warbler,167,166,identity,identity,0,{},0.026630275,0.026630275,0,0.97372121,0.97372121,0.0034055586,0.0034055586,0.97031565,0.97031565,0,1,1,4.7877938,4.7877938,False,1.0000001,True,True,True,1,1,4.7877938,4.7877938,1,1,4.7391165,4.7391165,1,1,0.6809873,0.6809873,1,1,1.0882188,1.0882188,1,1,2.1476388,2.1476388,1,1,2.5040322,2.5040322,1,1,2.2316001,2.2316001,1,1,2.3264645,2.3264645
experiment_0a_best,file,16,,9757,166.Golden_winged_Warbler/Golden_Winged_Warbler_0016_794841.jpg,166,165,166.Golden_winged_Warbler,167,166,horizontal_flip,horizontal_flip,0,"{""flipped"":true}",0.026630275,0.029064223,0.0024339482,0.97372121,0.97135407,0.0034055586,0.0034609255,0.97031565,0.96789314,-0.0024225058,0.66754649,1.0497276,4.7877938,5.0258794,False,0.9615972,True,True,True,0.66754649,1.0497276,4.7877938,5.0258794,0.66115582,1.0481476,4.7391165,4.9672935,0.95784413,1.1235935,0.6809873,0.76515288,0.66151554,1.1224912,1.0882188,1.2215161,0.64582825,0.99533676,2.1476388,2.1376238,0.67761542,1.0820918,2.5040322,2.7095926,0.58841733,1.0707238,2.2316001,2.3894273,0.72628198,1.0136508,2.3264645,2.3582225
experiment_0a_best,file,16,,9757,166.Golden_winged_Warbler/Golden_Winged_Warbler_0016_794841.jpg,166,165,166.Golden_winged_Warbler,167,166,color_jitter,color_jitter,0,"{""brightness"":0.748592,""contrast"":0.84733,""hue"":0.090782,""saturation"":0.909227}",0.026630275,1.1941727,1.1675425,0.97372121,0.30295449,0.0034055586,0.0058595436,0.97031565,0.29709495,-0.6732207,0.5432789,25.569764,4.7877938,122.42276,False,0.83029896,True,True,True,0.5432789,25.569764,4.7877938,122.42276,0.53792646,25.520548,4.7391165,120.94485,0.78284962,27.849402,0.6809873,18.965089,0.34781609,20.178802,1.0882188,21.958952,0.61876712,26.188682,2.1476388,56.243829,0.52577523,26.30505,2.5040322,65.868692,0.491756,26.373147,2.2316001,58.854317,0.56381968,24.237526,2.3264645,56.387743
experiment_0a_best,file,16,,9757,166.Golden_winged_Warbler/Golden_Winged_Warbler_0016_794841.jpg,166,165,166.Golden_winged_Warbler,167,166,rotation,rotation,0,"{""angle"":9.547414}",0.026630275,0.035716552,0.0090862773,0.97372121,0.96491379,0.0034055586,0.0079006078,0.97031565,0.95701318,-0.01330247,0.75428595,1.2195013,4.7877938,5.8387205,False,0.9670682,True,True,True,0.75428595,1.2195013,4.7877938,5.8387205,0.7498346,1.2179736,4.7391165,5.7721186,0.95888292,1.2913265,0.6809873,0.87937694,0.81129158,1.1869074,1.0882188,1.2916149,0.65419634,1.1137466,2.1476388,2.3919254,0.78245566,1.2119935,2.5040322,3.0348707,0.71825727,1.2653018,2.2316001,2.8236476,0.80506509,1.2710639,2.3264645,2.9570849
experiment_0a_best,file,16,,9757,166.Golden_winged_Warbler/Golden_Winged_Warbler_0016_794841.jpg,166,165,166.Golden_winged_Warbler,167,166,random_resized_crop,random_resized_crop,0,"{""area_fraction"":0.748256,""aspect"":0.778531,""fallback"":false,""height"":0.980363,""left"":0.132324,""top"":0.016441,""width"":0.763243}",0.026630275,0.027795469,0.0011651944,0.97372121,0.97258729,0.0034055586,0.0012364316,0.97031565,0.97135086,0.0010352082,0.76478295,1.1103768,4.7877938,5.3162554,False,0.96789837,True,True,True,0.76478295,1.1103768,4.7877938,5.3162554,0.76080792,1.1103892,4.7391165,5.2622637,0.95740069,1.1097794,0.6809873,0.75574567,0.60322016,1.1578433,1.0882188,1.2599869,0.74310168,1.0348009,2.1476388,2.2223785,0.77069727,1.1513478,2.5040322,2.883012,0.73929563,1.1402101,2.2316001,2.5444928,0.82336133,1.0855983,2.3264645,2.5256058
experiment_0a_best,file,16,,9757,166.Golden_winged_Warbler/Golden_Winged_Warbler_0016_794841.jpg,166,165,166.Golden_winged_Warbler,167,166,gaussian_blur,gaussian_blur,0,"{""sigma"":1.436875}",0.026630275,0.012677437,-0.013952838,0.97372121,0.98740256,0.0034055586,0.0017174101,0.97031565,0.98568515,0.015369501,0.66915877,0.45379228,4.7877938,2.1726639,False,0.95782387,True,True,True,0.66915877,0.45379228,4.7877938,2.1726639,0.66289996,0.45224302,4.7391165,2.1432324,0.93806642,0.52336265,0.6809873,0.35640332,0.54861004,0.45110498,1.0882188,0.49090093,0.63938304,0.38334376,2.1476388,0.82328392,0.63218491,0.44412466,2.5040322,1.1121024,0.62945099,0.50922145,2.2316001,1.1363786,0.78391039,0.46025396,2.3264645,1.0707645
experiment_0a_best,file,16,,9757,166.Golden_winged_Warbler/Golden_Winged_Warbler_0016_794841.jpg,166,165,166.Golden_winged_Warbler,167,166,random_erasing,random_erasing,0,"{""area_fraction"":0.079747,""erased"":true,""height"":0.469113,""left"":0.690525,""top"":0.463198,""width"":0.169995}",0.026630275,0.027452804,0.0008225292,0.97372121,0.9729206,0.0034055586,0.0039389459,0.97031565,0.96898165,-0.0013339969,0.98794814,0.9945574,4.7877938,4.7617357,False,0.99728572,True,True,True,0.98794814,0.9945574,4.7877938,4.7617357,0.98776265,0.9940229,4.7391165,4.7107904,0.99702599,1.0201079,0.6809873,0.69468056,0.9877575,0.94349898,1.0882188,1.0267333,0.98982311,0.99446269,2.1476388,2.1357466,0.9883193,0.9826809,2.5040322,2.4606646,0.98647766,0.99959702,2.2316001,2.2307008,0.98710334,1.012177,2.3264645,2.3547939
experiment_0a_best,file,16,,8411,144.Common_Tern/Common_Tern_0043_147753.jpg,144,143,144.Common_Tern,141,140,identity,identity,0,{},4.5007262,4.5007262,0,0.011100933,0.011100933,0.94279724,0.94279724,-0.93169631,-0.93169631,0,1,1,198.82346,198.82346,False,1,True,False,False,1,1,198.82346,198.82346,1,1,193.64836,193.64836,1,1,45.067514,45.067514,1,1,32.826056,32.826056,1,1,86.823806,86.823806,1,1,101.05728,101.05728,1,1,98.097655,98.097655,1,1,95.121182,95.121182
experiment_0a_best,file,16,,8411,144.Common_Tern/Common_Tern_0043_147753.jpg,144,143,144.Common_Tern,141,140,horizontal_flip,horizontal_flip,0,"{""flipped"":true}",4.5007262,3.1699724,-1.3307538,0.011100933,0.042004764,0.94279724,0.65656859,-0.93169631,-0.61456382,0.31713249,0.68490716,0.82947283,198.82346,164.91865,False,0.97180951,True,False,False,0.68490716,0.82947283,198.82346,164.91865,0.67153387,0.83157978,193.64836,161.03406,0.94583224,0.7895628,45.067514,35.583633,0.44551807,1.0185382,32.826056,33.434593,0.61828354,0.8193766,86.823806,71.141395,0.68112424,0.86302629,101.05728,87.215088,0.66078749,0.79416737,98.097655,77.905957,0.7524855,0.81954745,95.121182,77.956322
experiment_0a_best,file,16,,8411,144.Common_Tern/Common_Tern_0043_147753.jpg,144,143,144.Common_Tern,141,140,color_jitter,color_jitter,0,"{""brightness"":1.068584,""contrast"":1.238488,""hue"":0.098584,""saturation"":0.888986}",4.5007262,5.8308568,1.3301306,0.011100933,0.0029355607,0.94279724,0.88301331,-0.93169631,-0.88007775,0.051618563,0.82935295,0.98368758,198.82346,195.58016,False,0.94621497,True,False,False,0.82935295,0.98368758,198.82346,195.58016,0.82366016,0.98729906,193.64836,191.18884,0.94515242,0.91445,45.067514,41.211988,0.72608963,1.1372853,32.826056,37.332593,0.79181495,0.93858895,86.823806,81.491865,0.81951909,0.98042325,101.05728,99.078904,0.82800924,0.99644089,98.097655,97.748514,0.8636718,1.0054606,95.121182,95.640602
experiment_0a_best,file,16,,8411,144.Common_Tern/Common_Tern_0043_147753.jpg,144,143,144.Common_Tern,141,140,rotation,rotation,0,"{""angle"":-11.367454}",4.5007262,6.0587335,1.5580072,0.011100933,0.0023373594,0.94279724,0.85596633,-0.93169631,-0.85362897,0.07806734,0.75937073,0.94824009,198.82346,188.53237,False,0.93727005,True,False,False,0.75937073,0.94824009,198.82346,188.53237,0.74984254,0.94772573,193.64836,183.52553,0.93349847,0.95768708,45.067514,43.160576,0.67714452,0.91314039,32.826056,29.974798,0.69516214,0.9797865,86.823806,85.068793,0.76920596,0.95239837,101.05728,96.246787,0.74087343,0.93661774,98.097655,91.880004,0.79413211,0.93091485,95.121182,88.549721
experiment_0a_best,file,16,,8411,144.Common_Tern/Common_Tern_0043_147753.jpg,144,143,144.Common_Tern,141,140,random_resized_crop,random_resized_crop,0,"{""area_fraction"":0.766033,""aspect"":0.796312,""fallback"":false,""height"":0.980803,""left"":0.083171,""top"":0.006883,""width"":0.781026}",4.5007262,4.5381265,0.037400246,0.011100933,0.010693424,0.94279724,0.95199299,-0.93169631,-0.94129956,-0.0096032536,0.8080654,0.93370494,198.82346,185.64244,False,0.98185861,True,False,False,0.8080654,0.93370494,198.82346,185.64244,0.79850854,0.93293293,193.64836,180.66093,0.9818332,0.9478456,45.067514,42.717045,0.8145031,1.0055242,32.826056,33.007394,0.75579815,0.87786342,86.823806,76.219443,0.78255093,0.97189134,101.05728,98.216693,0.78779564,0.92087056,98.097655,90.335242,0.86202716,0.93632782,95.121182,89.06461
experiment_0a_best,file,16,,8411,144.Common_Tern/Common_Tern_0043_147753.jpg,144,143,144.Common_Tern,141,140,gaussian_blur,gaussian_blur,0,"{""sigma"":1.936892}",4.5007262,3.1796038,-1.3211224,0.011100933,0.041602135,0.94279724,0.11681145,-0.93169631,-0.07520932,0.85648699,0.25748018,0.67602156,198.82346,134.40894,False,0.79851991,True,False,False,0.25748018,0.67602156,198.82346,134.40894,0.24493018,0.68620246,193.64836,132.88198,0.63502213,0.44827348,45.067514,20.202571,0.03719857,0.65898083,32.826056,21.631742,0.13383513,0.58567123,86.823806,50.850205,0.23599509,0.75629053,101.05728,76.428662,0.28110173,0.67861508,98.097655,66.570548,0.32378604,0.69185511,95.121182,65.810076
experiment_0a_best,file,16,,8411,144.Common_Tern/Common_Tern_0043_147753.jpg,144,143,144.Common_Tern,141,140,random_erasing,random_erasing,0,"{""area_fraction"":0.076059,""erased"":true,""height"":0.435877,""left"":0.463733,""top"":0.071306,""width"":0.174497}",4.5007262,2.78739,-1.7133362,0.011100933,0.061581731,0.94279724,0.8461346,-0.93169631,-0.78455287,0.14714344,0.84435587,0.93825056,198.82346,186.54622,False,0.97677451,True,False,False,0.84435587,0.93825056,198.82346,186.54622,0.83741289,0.9393886,193.64836,181.91106,0.97590909,0.91698528,45.067514,41.326247,0.68285589,0.91883109,32.826056,30.161601,0.82206899,0.93508419,86.823806,81.187568,0.85767941,0.94076046,101.05728,95.070691,0.83081758,0.93641048,98.097655,91.859672,0.85217058,0.94697031,95.121182,90.076935
experiment_0a_best,file,16,,10264,175.Pine_Warbler/Pine_Warbler_0091_171627.jpg,175,174,175.Pine_Warbler,157,156,identity,identity,0,{},2.6179063,2.6179063,0,0.072955444,0.072955444,0.82720262,0.82720262,-0.75424717,-0.75424717,0,1,1,157.34528,157.34528,False,1,True,False,False,1,1,157.34528,157.34528,1,1,153.75216,153.75216,1,1,33.433661,33.433661,1,1,30.877417,30.877417,1,1,77.418928,77.418928,1,1,87.767796,87.767796,1,1,71.64637,71.64637,1,1,62.09858,62.09858
experiment_0a_best,file,16,,10264,175.Pine_Warbler/Pine_Warbler_0091_171627.jpg,175,174,175.Pine_Warbler,157,156,horizontal_flip,horizontal_flip,0,"{""flipped"":true}",2.6179063,3.1502728,0.53236651,0.072955444,0.042840432,0.82720262,0.90563506,-0.75424717,-0.86279463,-0.10854745,0.66551144,0.84278584,157.34528,132.60837,False,0.95376509,True,False,False,0.66551144,0.84278584,157.34528,132.60837,0.64925447,0.83064727,153.75216,127.71381,0.95284953,1.067649,33.433661,35.695413,0.58088289,0.70075474,30.877417,21.637496,0.67830467,0.82777009,77.418928,64.085073,0.68286536,0.77749296,87.767796,68.238843,0.61281373,0.82712145,71.64637,59.260249,0.62114393,0.96182412,62.09858,59.727913
experiment_0a_best,file,16,,10264,175.Pine_Warbler/Pine_Warbler_0091_171627.jpg,175,174,175.Pine_Warbler,157,156,color_jitter,color_jitter,0,"{""brightness"":1.261781,""contrast"":0.969826,""hue"":-0.059535,""saturation"":1.32133}",2.6179063,5.0167642,2.3988578,0.072955444,0.0066259331,0.82720262,0.0071268547,-0.75424717,-0.00050092163,0.75374625,0.22158395,1.002054,157.34528,157.66846,False,0.77010912,False,False,False,0.22158395,1.002054,157.34528,157.66846,0.20909166,1.0050841,153.75216,154.53386,0.50591519,0.93567583,33.433661,31.283068,0.27077246,1.1983924,30.877417,37.003261,0.15976343,1.0234157,77.418928,79.23175,0.24818196,0.92114742,87.767796,80.847078,0.20751324,0.94495753,71.64637,67.702777,0.20514787,1.1515794,62.09858,71.511443
experiment_0a_best,file,16,,10264,175.Pine_Warbler/Pine_Warbler_0091_171627.jpg,175,174,175.Pine_Warbler,157,156,rotation,rotation,0,"{""angle"":-7.932238}",2.6179063,2.6270618,0.0091555119,0.072955444,0.072290547,0.82720262,0.86801231,-0.75424717,-0.79572176,-0.041474588,0.7706743,0.99143786,157.34528,155.99807,False,0.9727608,True,False,False,0.7706743,0.99143786,157.34528,155.99807,0.76106299,0.99104051,153.75216,152.37462,0.97218352,0.99980423,33.433661,33.427116,0.66506036,1.0358962,30.877417,31.985798,0.75508903,0.93830308,77.418928,72.642418,0.77037841,0.99383569,87.767796,87.226768,0.75719573,1.0437472,71.64637,74.780695,0.78498652,0.98182737,62.09858,60.970086
experiment_0a_best,file,16,,10264,175.Pine_Warbler/Pine_Warbler_0091_171627.jpg,175,174,175.Pine_Warbler,157,156,random_resized_crop,random_resized_crop,0,"{""area_fraction"":0.579886,""aspect"":1.255029,""fallback"":false,""height"":0.679743,""left"":0.135211,""top"":0.123369,""width"":0.853097}",2.6179063,2.3960009,-0.22190547,0.072955444,0.09108147,0.82720262,0.82807714,-0.75424717,-0.73699567,0.017251506,0.67658852,1.0916111,157.34528,171.75986,False,0.94186276,True,False,False,0.67658852,1.0916111,157.34528,171.75986,0.66579141,1.097202,153.75216,168.69719,0.94127837,0.96582318,33.433661,32.291004,0.34381531,1.4209919,30.877417,43.87656,0.68141707,1.0533499,77.418928,81.549222,0.69060503,1.084976,87.767796,95.225955,0.68226702,1.119282,71.64637,80.192496,0.68319527,1.0662967,62.09858,66.215511
experiment_0a_best,file,16,,10264,175.Pine_Warbler/Pine_Warbler_0091_171627.jpg,175,174,175.Pine_Warbler,157,156,gaussian_blur,gaussian_blur,0,"{""sigma"":1.460794}",2.6179063,4.5509634,1.9330571,0.072955444,0.010557031,0.82720262,0.90518165,-0.75424717,-0.89462462,-0.14037744,0.55939789,1.1500022,157.34528,180.94742,False,0.88711059,True,False,False,0.55939789,1.1500022,157.34528,180.94742,0.54426728,1.1510811,153.75216,176.9812,0.88635729,1.1269446,33.433661,37.677883,0.18508735,1.7357524,30.877417,53.595549,0.46721675,1.1342181,77.418928,87.809948,0.58315421,1.0912265,87.767796,95.774545,0.6066623,1.1362185,71.64637,81.405935,0.66157856,1.1317842,62.09858,70.282189
experiment_0a_best,file,16,,10264,175.Pine_Warbler/Pine_Warbler_0091_171627.jpg,175,174,175.Pine_Warbler,157,156,random_erasing,random_erasing,0,"{""area_fraction"":0.100848,""erased"":true,""height"":0.277672,""left"":0.553312,""top"":0.143755,""width"":0.36319}",2.6179063,4.8304424,2.2125361,0.072955444,0.007982987,0.82720262,0.10501116,-0.75424717,-0.097028171,0.657219,0.4537086,0.81085724,157.34528,127.58456,False,0.80777919,False,False,False,0.4537086,0.81085724,157.34528,127.58456,0.44656378,0.81149956,153.75216,124.76981,0.60759756,0.79715195,33.433661,26.651708,0.47645577,0.685671,30.877417,21.171749,0.56592168,0.7765644,77.418928,60.120783,0.48262198,0.77726246,87.767796,68.218613,0.36060397,0.79040452,71.64637,56.629615,0.33837155,0.97210059,62.09858,60.366066
experiment_0a_best,file,16,,955,018.Spotted_Catbird/Spotted_Catbird_0012_796802.jpg,18,17,018.Spotted_Catbird,37,36,identity,identity,0,{},0.0024925375,0.0024925375,0,0.99751055,0.99751055,0.0007201932,0.0007201932,0.99679036,0.99679036,0,1,1,0.58671501,0.58671501,False,1,True,True,True,1,1,0.58671501,0.58671501,1,1,0.57938049,0.57938049,1,1,0.092481134,0.092481134,1,1,0.11204363,0.11204363,1,1,0.25230948,0.25230948,1,1,0.3520906,0.3520906,1,1,0.26791951,0.26791951,1,1,0.2524267,0.2524267
experiment_0a_best,file,16,,955,018.Spotted_Catbird/Spotted_Catbird_0012_796802.jpg,18,17,018.Spotted_Catbird,37,36,horizontal_flip,horizontal_flip,0,"{""flipped"":true}",0.0024925375,0.00035279724,-0.0021397402,0.99751055,0.99964726,0.0007201932,0.00010007556,0.99679036,0.99954718,0.0027568249,0.81182182,0.1566975,0.58671501,0.091936774,False,0.97304279,True,True,True,0.81182182,0.1566975,0.58671501,0.091936774,0.80800452,0.15674777,0.57938049,0.090816598,0.96368419,0.15471153,0.092481134,0.014307898,0.62224937,0.16629175,0.11204363,0.018631932,0.7885164,0.16857393,0.25230948,0.042532801,0.84902154,0.14949454,0.3520906,0.052635623,0.77895433,0.15507604,0.26791951,0.041547898,0.82821276,0.15820065,0.2524267,0.039934067
experiment_0a_best,file,16,,955,018.Spotted_Catbird/Spotted_Catbird_0012_796802.jpg,18,17,018.Spotted_Catbird,37,36,color_jitter,color_jitter,0,"{""brightness"":0.761649,""contrast"":0.967532,""hue"":-0.000669,""saturation"":1.202638}",0.0024925375,0.0040193973,0.0015268598,0.99751055,0.99598867,0.0007201932,0.0011289215,0.99679036,0.99485975,-0.0019306137,0.92415253,1.7456536,0.58671501,1.0242012,False,0.99348199,True,True,True,0.92415253,1.7456536,0.58671501,1.0242012,0.92273147,1.7476123,0.57938049,1.0125325,0.9836328,1.6669577,0.092481134,0.15416214,0.79956921,2.4654121,0.11204363,0.27623372,0.89931701,1.8562625,0.25230948,0.46835264,0.94231352,1.694559,0.3520906,0.59663831,0.93775254,1.6925307,0.26791951,0.45346199,0.95129325,1.6235464,0.2524267,0.40982644
experiment_0a_best,file,16,,955,018.Spotted_Catbird/Spotted_Catbird_0012_796802.jpg,18,17,018.Spotted_Catbird,37,36,rotation,rotation,0,"{""angle"":-13.22607}",0.0024925375,0.0022944096,-0.00019812793,0.99751055,0.9977082,0.0007201932,0.00032860268,0.99679036,0.9973796,0.00058923953,0.78339305,0.90823786,0.58671501,0.53287679,False,0.96866626,True,True,True,0.78339305,0.90823786,0.58671501,0.53287679,0.77946146,0.9086679,0.57938049,0.52646445,0.94087094,0.89119555,0.092481134,0.082418775,0.67345288,1.1100653,0.11204363,0.12437574,0.73097826,0.89263948,0.25230948,0.22522141,0.80543893,0.87699286,0.3520906,0.30878095,0.76742152,0.93338182,0.26791951,0.2500712,0.82266509,0.91278638,0.2524267,0.23041165
experiment_0a_best,file,16,,955,018.Spotted_Catbird/Spotted_Catbird_0012_796802.jpg,18,17,018.Spotted_Catbird,37,36,random_resized_crop,random_resized_crop,0,"{""area_fraction"":0.658072,""aspect"":0.837313,""fallback"":false,""height"":0.886529,""left"":0.113121,""top"":0.005005,""width"":0.742302}",0.0024925375,0.00064340391,-0.0018491336,0.99751055,0.99935681,0.0007201932,0.00032959512,0.99679036,0.99902721,0.002236852,0.75930587,0.32259907,0.58671501,0.18927372,False,0.95349014,True,True,True,0.75930587,0.32259907,0.58671501,0.18927372,0.75553698,0.32335786,0.57938049,0.18734724,0.92758922,0.2912607,0.092481134,0.02693612,0.64801669,0.44077217,0.11204363,0.049385714,0.69963288,0.36274831,0.25230948,0.091524839,0.78309918,0.30526354,0.3520906,0.10748042,0.7698248,0.32375989,0.26791951,0.086741593,0.80936543,0.28586601,0.2524267,0.072160212
experiment_0a_best,file,16,,955,018.Spotted_Catbird/Spotted_Catbird_0012_796802.jpg,18,17,018.Spotted_Catbird,37,36,gaussian_blur,gaussian_blur,0,"{""sigma"":1.562137}",0.0024925375,0.17902999,0.17653745,0.99751055,0.83608085,0.0007201932,0.020077851,0.99679036,0.816003,-0.18078736,0.53529912,69.831149,0.58671501,40.970984,False,0.8958807,True,True,True,0.53529912,69.831149,0.58671501,40.970984,0.53010183,70.298995,0.57938049,40.729866,0.87286699,47.992677,0.092481134,4.4384171,0.19636998,123.47647,0.11204363,13.834752,0.37355846,80.624693,0.25230948,20.342375,0.59758356,62.851805,0.3520906,22.12953,0.61031311,68.077073,0.26791951,18.239176,0.69002266,60.252725,0.2524267,15.209396
experiment_0a_best,file,16,,955,018.Spotted_Catbird/Spotted_Catbird_0012_796802.jpg,18,17,018.Spotted_Catbird,37,36,random_erasing,random_erasing,0,"{""area_fraction"":0.099204,""erased"":true,""height"":0.372502,""left"":0.195717,""top"":0.302084,""width"":0.266318}",0.0024925375,0.0088864323,0.0063938948,0.99751055,0.99115294,0.0007201932,0.0028679071,0.99679036,0.98828504,-0.0085053241,0.91301663,3.3751132,0.58671501,1.9802296,False,0.97589791,True,True,True,0.91301663,3.3751132,0.58671501,1.9802296,0.91156489,3.3708166,0.57938049,1.9529853,0.96833931,3.5396333,0.092481134,0.3273493,0.86473146,3.7835998,0.11204363,0.42392826,0.91247059,3.4616517,0.25230948,0.87340755,0.93814347,3.2762221,0.3520906,1.153527,0.89598791,3.4537907,0.26791951,0.92533794,0.89118484,3.2780949,0.2524267,0.82747866
experiment_0a_best,file,16,,762,014.Indigo_Bunting/Indigo_Bunting_0026_11964.jpg,14,13,014.Indigo_Bunting,54,53,identity,identity,0,{},1.3468663,1.3468663,0,0.26005396,0.26005396,0.73057944,0.73057944,-0.47052547,-0.47052547,0,1,1,153.34604,153.34604,False,1,True,False,False,1,1,153.34604,153.34604,1,1,149.76682,149.76682,1,1,32.937971,32.937971,1,1,31.30111,31.30111,1,1,58.122151,58.122151,1,1,87.329207,87.329207,1,1,74.385415,74.385415,1,1,70.089763,70.089763
experiment_0a_best,file,16,,762,014.Indigo_Bunting/Indigo_Bunting_0026_11964.jpg,14,13,014.Indigo_Bunting,54,53,horizontal_flip,horizontal_flip,0,"{""flipped"":true}",1.3468663,0.29741243,-1.0494538,0.26005396,0.74273765,0.73057944,0.18911915,-0.47052547,0.55361851,1.024144,0.6545028,0.31551838,153.34604,48.383496,False,0.96818757,False,False,True,0.6545028,0.31551838,153.34604,48.383496,0.64273437,0.3174067,149.76682,47.53699,0.94374452,0.27357334,32.937971,9.0109509,0.72529498,0.28873879,31.30111,9.0378446,0.55865869,0.32356101,58.122151,18.806062,0.61833113,0.31566746,87.329207,27.566989,0.65693863,0.3385359,74.385415,25.182133,0.71593948,0.2959711,70.089763,20.744544
experiment_0a_best,file,16,,762,014.Indigo_Bunting/Indigo_Bunting_0026_11964.jpg,14,13,014.Indigo_Bunting,54,53,color_jitter,color_jitter,0,"{""brightness"":1.020566,""contrast"":0.800532,""hue"":0.012295,""saturation"":0.750448}",1.3468663,3.8868754,2.5400091,0.26005396,0.020509331,0.73057944,0.97478557,-0.47052547,-0.95427624,-0.48375076,0.83991901,1.1948767,153.34604,183.22961,False,0.97225392,True,False,False,0.83991901,1.1948767,153.34604,183.22961,0.83333217,1.1930816,149.76682,178.68404,0.97226142,1.2314019,32.937971,40.559879,0.78213837,1.020663,31.30111,31.947884,0.75864975,1.3465507,58.122151,78.264423,0.84300163,1.1672646,87.329207,101.93629,0.83814404,1.1454058,74.385415,85.201485,0.88717667,1.2048748,70.089763,84.449386
experiment_0a_best,file,16,,762,014.Indigo_Bunting/Indigo_Bunting_0026_11964.jpg,14,13,014.Indigo_Bunting,54,53,rotation,rotation,0,"{""angle"":2.490916}",1.3468663,0.26583326,-1.081033,0.26005396,0.76656693,0.73057944,0.20608802,-0.47052547,0.56047891,1.0310044,0.84286957,0.29524013,153.34604,45.273905,False,0.98108208,False,False,True,0.84286957,0.29524013,153.34604,45.273905,0.8362467,0.2949885,149.76682,44.179489,0.97746294,0.3003951,32.937971,9.894405,0.88548616,0.30783623,31.30111,9.6356157,0.78524939,0.28172206,58.122151,16.374292,0.81332086,0.28294486,87.329207,24.709351,0.84903843,0.30793111,74.385415,22.905583,0.88032679,0.30455073,70.089763,21.345889
experiment_0a_best,file,16,,762,014.Indigo_Bunting/Indigo_Bunting_0026_11964.jpg,14,13,014.Indigo_Bunting,54,53,random_resized_crop,random_resized_crop,0,"{""area_fraction"":0.688435,""aspect"":0.934372,""fallback"":false,""height"":0.858364,""left"":0.114885,""top"":0.126212,""width"":0.802032}",1.3468663,0.25204134,-1.0948249,0.26005396,0.77721262,0.73057944,0.17829809,-0.47052547,0.59891453,1.06944,0.69139632,0.2383572,153.34604,36.551134,False,0.9558475,False,False,True,0.69139632,0.2383572,153.34604,36.551134,0.67773061,0.23695344,149.76682,35.487763,0.94764991,0.26572297,32.937971,8.7523757,0.7110742,0.22847115,31.30111,7.1514004,0.50296123,0.23979062,58.122151,13.937147,0.70949877,0.22740351,87.329207,19.858968,0.67226577,0.23912727,74.385415,17.787582,0.75011529,0.2484408,70.089763,17.413157
experiment_0a_best,file,16,,762,014.Indigo_Bunting/Indigo_Bunting_0026_11964.jpg,14,13,014.Indigo_Bunting,54,53,gaussian_blur,gaussian_blur,0,"{""sigma"":1.110462}",1.3468663,0.10744055,-1.2394257,0.26005396,0.89812994,0.73057944,0.039941255,-0.47052547,0.85818869,1.3287142,0.48495984,0.12181766,153.34604,18.680256,False,0.94289881,False,False,True,0.48495984,0.12181766,153.34604,18.680256,0.47106546,0.12161573,149.76682,18.214001,0.76268111,0.12591992,32.937971,4.1475467,0.38746293,0.13275718,31.30111,4.1554471,0.25753723,0.11737729,58.122151,6.8222208,0.38799172,0.12270166,87.329207,10.715439,0.55605139,0.12381421,74.385415,9.2099716,0.67066068,0.11790724,70.089763,8.2640903
experiment_0a_best,file,16,,762,014.Indigo_Bunting/Indigo_Bunting_0026_11964.jpg,14,13,014.Indigo_Bunting,54,53,random_erasing,random_erasing,0,"{""area_fraction"":0.114216,""erased"":true,""height"":0.38592,""left"":0.092885,""top"":0.3331,""width"":0.295957}",1.3468663,0.2173833,-1.129483,0.26005396,0.80462152,0.73057944,0.15229651,-0.47052547,0.652325,1.1228505,0.64011921,0.2205318,153.34604,33.817679,False,0.94362646,False,False,True,0.64011921,0.2205318,153.34604,33.817679,0.6252452,0.21990104,149.76682,32.933879,0.93115723,0.23319039,32.937971,7.6808184,0.57497808,0.17805202,31.30111,5.5732258,0.3732116,0.19165362,58.122151,11.139321,0.63237239,0.20443601,87.329207,17.853235,0.66584978,0.24718601,74.385415,18.387034,0.73043,0.2355957,70.089763,16.512847
experiment_0a_best,file,16,,9402,160.Black_throated_Blue_Warbler/Black_Throated_Blue_Warbler_0108_161714.jpg,160,159,160.Black_throated_Blue_Warbler,164,163,identity,identity,0,{},0.0015047191,0.0015047191,0,0.99849641,0.99849641,0.00039604554,0.00039604554,0.99810037,0.99810037,0,1,1,0.2390156,0.2390156,False,1,True,True,True,1,1,0.2390156,0.2390156,1,1,0.23342006,0.23342006,1,1,0.051415261,0.051415261,1,1,0.040796599,0.040796599,1,1,0.091350973,0.091350973,1,1,0.12151309,0.12151309,1,1,0.12186824,0.12186824,1,1,0.12189449,0.12189449
experiment_0a_best,file,16,,9402,160.Black_throated_Blue_Warbler/Black_Throated_Blue_Warbler_0108_161714.jpg,160,159,160.Black_throated_Blue_Warbler,164,163,horizontal_flip,horizontal_flip,0,"{""flipped"":true}",0.0015047191,0.00087413716,-0.00063058198,0.99849641,0.99912626,0.00039604554,0.00044225209,0.99810037,0.998684,0.00058363573,0.51720226,0.67961208,0.2390156,0.16243789,False,0.96601361,True,True,True,0.51720226,0.67961208,0.2390156,0.16243789,0.49988425,0.68358607,0.23342006,0.15956271,0.93467147,0.59179183,0.051415261,0.030427131,0.27167956,0.84683982,0.040796599,0.034548185,0.39378181,0.65480158,0.091350973,0.059816762,0.4463608,0.69704745,0.12151309,0.084700388,0.4765912,0.71797988,0.12186824,0.087498944,0.68677479,0.62792239,0.12189449,0.076540277
experiment_0a_best,file,16,,9402,160.Black_throated_Blue_Warbler/Black_Throated_Blue_Warbler_0108_161714.jpg,160,159,160.Black_throated_Blue_Warbler,164,163,color_jitter,color_jitter,0,"{""brightness"":0.736361,""contrast"":0.849802,""hue"":0.033549,""saturation"":1.25954}",0.0015047191,0.0046952236,0.0031905045,0.99849641,0.99531579,0.00039604554,0.0023040937,0.99810037,0.9930117,-0.0050886712,0.74533823,4.3019458,0.2390156,1.0282321,False,0.9724437,True,True,True,0.74533823,4.3019458,0.2390156,1.0282321,0.73899429,4.3426639,0.23342006,1.0136649,0.93868361,3.3543907,0.051415261,0.17246687,0.56674124,5.3274724,0.040796599,0.21734276,0.64172642,5.3165262,0.091350973,0.48566984,0.74637607,4.7108799,0.12151309,0.57243356,0.78554532,4.0835853,0.12186824,0.49765935,0.8339738,3.3731398,0.12189449,0.41116715
experiment_0a_best,file,16,,9402,160.Black_throated_Blue_Warbler/Black_Throated_Blue_Warbler_0108_161714.jpg,160,159,160.Black_throated_Blue_Warbler,164,163,rotation,rotation,0,"{""angle"":-14.373268}",0.0015047191,0.031741276,0.030236557,0.99849641,0.96875721,0.00039604554,0.0018133899,0.99810037,0.96694382,-0.031156545,0.57520115,21.880793,0.2390156,5.2298509,False,0.9321183,True,True,True,0.57520115,21.880793,0.2390156,5.2298509,0.56197618,21.924403,0.23342006,5.1175955,0.86084824,20.961785,0.051415261,1.0777556,0.4859321,21.0492,0.040796599,0.85873576,0.50546999,20.856649,0.091350973,1.9052752,0.5028377,21.408258,0.12151309,2.6013835,0.55178911,23.199299,0.12186824,2.8272578,0.67065615,21.800706,0.12189449,2.6573859
experiment_0a_best,file,16,,9402,160.Black_throated_Blue_Warbler/Black_Throated_Blue_Warbler_0108_161714.jpg,160,159,160.Black_throated_Blue_Warbler,164,163,random_resized_crop,random_resized_crop,0,"{""area_fraction"":0.674418,""aspect"":0.927387,""fallback"":false,""height"":0.852774,""left"":0.098423,""top"":0.035605,""width"":0.790852}",0.0015047191,0.0026135831,0.001108864,0.99849641,0.99738985,0.00039604554,0.001118229,0.99810037,0.99627162,-0.0018287437,0.68323175,1.9702055,0.2390156,0.47090986,False,0.95286345,True,True,True,0.68323175,1.9702055,0.2390156,0.47090986,0.67234542,1.9778017,0.23342006,0.46165861,0.93156181,1.8065433,0.051415261,0.092883893,0.53216136,2.3230971,0.040796599,0.09477446,0.56494785,1.9894775,0.091350973,0.18174071,0.69554115,2.0436471,0.12151309,0.24832986,0.66720667,2.0056861,0.12186824,0.24442943,0.74155827,1.8289788,0.12189449,0.22294243
experiment_0a_best,file,16,,9402,160.Black_throated_Blue_Warbler/Black_Throated_Blue_Warbler_0108_161714.jpg,160,159,160.Black_throated_Blue_Warbler,164,163,gaussian_blur,gaussian_blur,0,"{""sigma"":1.836938}",0.0015047191,0.9634825,0.96197778,0.99849641,0.38156182,0.00039604554,0.42815632,0.99810037,-0.046594501,-1.0446949,0.30512613,664.01693,0.2390156,158.7104,False,0.82170409,False,True,False,0.30512613,664.01693,0.2390156,158.7104,0.29356687,674.40463,0.23342006,157.41957,0.75836041,392.89383,0.051415261,20.200739,0.2341436,1205.7433,0.040796599,49.190225,0.19171308,840.37502,0.091350973,76.769076,0.24517466,750.94091,0.12151309,91.249148,0.39430415,625.88192,0.12186824,76.275127,0.44063469,395.44187,0.12189449,48.202184
experiment_0a_best,file,16,,9402,160.Black_throated_Blue_Warbler/Black_Throated_Blue_Warbler_0108_161714.jpg,160,159,160.Black_throated_Blue_Warbler,164,163,random_erasing,random_erasing,0,"{""area_fraction"":0.086616,""erased"":true,""height"":0.497371,""left"":0.777019,""top"":0.401858,""width"":0.174147}",0.0015047191,0.001757983,0.00025326386,0.99849641,0.99824357,0.00039604554,0.00057562522,0.99810037,0.99766795,-0.00043242259,0.92114508,1.3244318,0.2390156,0.31655985,False,0.99161959,True,True,True,0.92114508,1.3244318,0.2390156,0.31655985,0.91831626,1.3298207,0.23342006,0.31040684,0.98940108,1.2080198,0.051415261,0.062110652,0.90860622,1.2726439,0.040796599,0.051919545,0.89801966,1.4406708,0.091350973,0.13160668,0.9158062,1.3671299,0.12151309,0.16612417,0.91703308,1.3256257,0.12186824,0.16155167,0.9418532,1.2344022,0.12189449,0.15046682
experiment_0a_best,file,16,,11244,191.Red_headed_Woodpecker/Red_Headed_Woodpecker_0022_183010.jpg,191,190,191.Red_headed_Woodpecker,69,68,identity,identity,0,{},0.0014143712,0.0014143712,0,0.99858665,0.99858665,0.00019153205,0.00019153205,0.99839512,0.99839512,0,1,1,0.19168743,0.19168743,False,1,True,True,True,1,1,0.19168743,0.19168743,1,1,0.18675131,0.18675131,1,1,0.043220619,0.043220619,1,1,0.032298901,0.032298901,1,1,0.065600023,0.065600023,1,1,0.086607897,0.086607897,1,1,0.089851256,0.089851256,1,1,0.11813252,0.11813252
experiment_0a_best,file,16,,11244,191.Red_headed_Woodpecker/Red_Headed_Woodpecker_0022_183010.jpg,191,190,191.Red_headed_Woodpecker,69,68,horizontal_flip,horizontal_flip,0,"{""flipped"":true}",0.0014143712,0.00070975861,-0.00070461258,0.99858665,0.99929047,0.00019153205,3.8081809e-05,0.99839512,0.99925238,0.00085726188,0.6085027,0.52515375,0.19168743,0.10066538,False,0.9855004,True,True,True,0.6085027,0.52515375,0.19168743,0.10066538,0.58876378,0.52537488,0.18675131,0.098114444,0.98013808,0.52100815,0.043220619,0.022518294,0.26457833,0.54517784,0.032298901,0.017608645,0.32941334,0.56438418,0.065600023,0.037023615,0.51969695,0.51150314,0.086607897,0.044300211,0.53291349,0.52717277,0.089851256,0.047367135,0.77178737,0.51764973,0.11813252,0.061151267
experiment_0a_best,file,16,,11244,191.Red_headed_Woodpecker/Red_Headed_Woodpecker_0022_183010.jpg,191,190,191.Red_headed_Woodpecker,69,68,color_jitter,color_jitter,0,"{""brightness"":0.927866,""contrast"":1.353297,""hue"":0.056768,""saturation"":1.23454}",0.0014143712,0.14824988,0.14683551,0.99858665,0.86221564,0.00019153205,0.009185724,0.99839512,0.85302991,-0.14536521,0.6964711,89.149058,0.19168743,17.088754,False,0.89597583,True,True,True,0.6964711,89.149058,0.19168743,17.088754,0.68812225,89.65231,0.18675131,16.742686,0.8781354,79.168077,0.043220619,3.4216933,0.47788983,93.274352,0.032298901,3.0126591,0.5221311,87.595908,0.065600023,5.7462936,0.62814497,84.124562,0.086607897,7.2858514,0.69927836,98.32953,0.089851256,8.8350317,0.78267149,87.596135,0.11813252,10.347952
experiment_0a_best,file,16,,11244,191.Red_headed_Woodpecker/Red_Headed_Woodpecker_0022_183010.jpg,191,190,191.Red_headed_Woodpecker,69,68,rotation,rotation,0,"{""angle"":14.505536}",0.0014143712,0.0060564089,0.0046420377,0.99858665,0.99396187,0.00019153205,0.00025315635,0.99839512,0.99370871,-0.0046864083,0.72179972,4.1786577,0.19168743,0.80099617,False,0.97804672,True,True,True,0.72179972,4.1786577,0.19168743,0.80099617,0.7099678,4.1975803,0.18675131,0.7839036,0.96855754,3.8081468,0.043220619,0.16459046,0.54160571,5.3854735,0.032298901,0.17394487,0.5508593,4.2453843,0.065600023,0.2784973,0.66212424,4.1820089,0.086607897,0.362195,0.67631297,4.1861349,0.089851256,0.37612947,0.82596176,4.0951054,0.11813252,0.48376512
experiment_0a_best,file,16,,11244,191.Red_headed_Woodpecker/Red_Headed_Woodpecker_0022_183010.jpg,191,190,191.Red_headed_Woodpecker,69,68,random_resized_crop,random_resized_crop,0,"{""area_fraction"":0.71796,""aspect"":1.018028,""fallback"":false,""height"":0.839789,""left"":0.114459,""top"":0.059998,""width"":0.854929}",0.0014143712,0.0033826772,0.001968306,0.99858665,0.99662304,0.00019153205,0.00026068313,0.99839512,0.99636236,-0.0020327665,0.75345924,2.32059,0.19168743,0.44482794,False,0.98634571,True,True,True,0.75345924,2.32059,0.19168743,0.44482794,0.74170063,2.3256614,0.18675131,0.4343203,0.98376975,2.2237839,0.043220619,0.096113318,0.32950415,3.0146453,0.032298901,0.097369731,0.60697269,2.2798423,0.065600023,0.14955771,0.73165426,2.3623369,0.086607897,0.20459703,0.72872704,2.2980791,0.089851256,0.20648529,0.84009978,2.2759805,0.11813252,0.26886732
experiment_0a_best,file,16,,11244,191.Red_headed_Woodpecker/Red_Headed_Woodpecker_0022_183010.jpg,191,190,191.Red_headed_Woodpecker,69,68,gaussian_blur,gaussian_blur,0,"{""sigma"":1.75277}",0.0014143712,0.035103157,0.033688786,0.99858665,0.96550584,0.00019153205,0.00066678843,0.99839512,0.96483905,-0.033556073,0.40582246,32.383587,0.19168743,6.2075267,False,0.9101308,True,True,True,0.40582246,32.383587,0.19168743,6.2075267,0.39014262,32.874685,0.18675131,6.1393903,0.89743184,21.221575,0.043220619,0.91720962,0.087758649,58.812102,0.032298901,1.8995663,0.20821407,41.067187,0.065600023,2.6940084,0.37370083,36.486512,0.086607897,3.1600201,0.38158518,33.992368,0.089851256,3.0542569,0.61196487,23.200883,0.11813252,2.7407787
experiment_0a_best,file,16,,11244,191.Red_headed_Woodpecker/Red_Headed_Woodpecker_0022_183010.jpg,191,190,191.Red_headed_Woodpecker,69,68,random_erasing,random_erasing,0,"{""area_fraction"":0.188488,""erased"":true,""height"":0.542711,""left"":0.437391,""top"":0.104569,""width"":0.347308}",0.0014143712,2.030777,2.0293626,0.99858665,0.13123351,0.00019153205,0.0018700293,0.99839512,0.12936348,-0.86903164,0.32025562,524.10026,0.19168743,100.46343,False,0.75007153,True,True,True,0.32025562,524.10026,0.19168743,100.46343,0.29941191,525.19352,0.18675131,98.080575,0.72665167,503.25327,0.043220619,21.750918,0.2586276,579.63846,0.032298901,18.721685,0.070634034,586.32154,0.065600023,38.462706,0.22488948,573.13526,0.086607897,49.638039,0.32740724,545.3851,0.089851256,49.003536,0.42908128,457.79018,0.11813252,54.079908
experiment_0a_best,file,16,,617,012.Yellow_headed_Blackbird/Yellow_Headed_Blackbird_0017_8511.jpg,12,11,012.Yellow_headed_Blackbird,108,107,identity,identity,0,{},0.91852784,0.91852784,0,0.39910614,0.39910614,0.13456367,0.13456367,0.26454248,0.26454248,0,1,1,82.22752,82.22752,False,1.0000001,True,True,True,1,1,82.22752,82.22752,1,1,80.575192,80.575192,1,1,16.401325,16.401325,1,1,15.42318,15.42318,1,1,30.796918,30.796918,1,1,37.969721,37.969721,1,1,42.048154,42.048154,1,1,45.785259,45.785259
experiment_0a_best,file,16,,617,012.Yellow_headed_Blackbird/Yellow_Headed_Blackbird_0017_8511.jpg,12,11,012.Yellow_headed_Blackbird,108,107,horizontal_flip,horizontal_flip,0,"{""flipped"":true}",0.91852784,1.0032529,0.084725022,0.39910614,0.36668471,0.13456367,0.085169956,0.26454248,0.28151475,0.016972274,0.59748856,0.90466896,82.22752,74.388685,False,0.94918311,True,True,True,0.59748856,0.90466896,82.22752,74.388685,0.58307658,0.90448639,80.575192,72.879164,0.94357524,0.9090643,16.401325,14.909859,0.50331088,0.9377623,15.42318,14.463277,0.55057591,0.98738211,30.796918,30.408326,0.51714274,0.85878171,37.969721,32.607702,0.5456319,0.87454146,42.048154,36.772854,0.68273364,0.91680951,45.785259,41.976361
experiment_0a_best,file,16,,617,012.Yellow_headed_Blackbird/Yellow_Headed_Blackbird_0017_8511.jpg,12,11,012.Yellow_headed_Blackbird,108,107,color_jitter,color_jitter,0,"{""brightness"":1.237863,""contrast"":1.326028,""hue"":-0.094601,""saturation"":0.8988}",0.91852784,5.859869,4.9413412,0.39910614,0.002851618,0.13456367,0.0088921487,0.26454248,-0.0060405307,-0.27058301,0.47468756,1.7118979,82.22752,140.76512,False,0.8177402,False,True,False,0.47468756,1.7118979,82.22752,140.76512,0.46355058,1.7067609,80.575192,137.52258,0.72629965,1.8315156,16.401325,30.039284,0.6161837,1.9566823,15.42318,30.178264,0.43917255,1.7237401,30.796918,53.085884,0.42699553,1.7046091,37.969721,64.723531,0.48831949,1.677357,42.048154,70.529765,0.46003117,1.6946265,45.785259,77.588912
experiment_0a_best,file,16,,617,012.Yellow_headed_Blackbird/Yellow_Headed_Blackbird_0017_8511.jpg,12,11,012.Yellow_headed_Blackbird,108,107,rotation,rotation,0,"{""angle"":2.508772}",0.91852784,1.1858633,0.26733541,0.39910614,0.30548236,0.13456367,0.11591958,0.26454248,0.18956278,-0.074979693,0.81608975,1.2368335,82.22752,101.70175,False,0.96123075,True,True,True,0.81608975,1.2368335,82.22752,101.70175,0.81088487,1.240613,80.575192,99.962627,0.95528432,1.1418275,16.401325,18.727485,0.6232269,1.4703682,15.42318,22.677753,0.73896119,1.2836942,30.796918,39.533825,0.78029937,1.2966721,37.969721,49.234277,0.83626648,1.2409252,42.048154,52.178614,0.8800265,1.1492443,45.785259,52.618449
experiment_0a_best,file,16,,617,012.Yellow_headed_Blackbird/Yellow_Headed_Blackbird_0017_8511.jpg,12,11,012.Yellow_headed_Blackbird,108,107,random_resized_crop,random_resized_crop,0,"{""area_fraction"":0.679459,""aspect"":1.104992,""fallback"":false,""height"":0.784156,""left"":0.062756,""top"":0.185621,""width"":0.866485}",0.91852784,4.6602125,3.7416847,0.39910614,0.009464453,0.13456367,0.67236018,0.26454248,-0.66289573,-0.9274382,0.40393474,2.5032332,82.22752,205.83466,False,0.89068758,False,True,False,0.40393474,2.5032332,82.22752,205.83466,0.38963702,2.5181022,80.575192,202.89657,0.82121437,2.1128661,16.401325,34.653805,0.10381091,3.4864071,15.42318,53.771485,0.22704159,3.1424133,30.796918,96.776645,0.3854757,2.8005638,37.969721,106.33663,0.44331902,2.2774214,42.048154,95.761364,0.53890475,2.0056033,45.785259,91.827069
experiment_0a_best,file,16,,617,012.Yellow_headed_Blackbird/Yellow_Headed_Blackbird_0017_8511.jpg,12,11,012.Yellow_headed_Blackbird,108,107,gaussian_blur,gaussian_blur,0,"{""sigma"":1.972415}",0.91852784,1.9020033,0.98347545,0.39910614,0.14926928,0.13456367,0.059338842,0.26454248,0.089930441,-0.17461203,0.44224047,2.1280882,82.22752,174.98742,False,0.87481058,True,True,True,0.44224047,2.1280882,82.22752,174.98742,0.43162674,2.1516037,80.575192,173.36588,0.85660395,1.4490862,16.401325,23.766934,0.37962079,3.4592254,15.42318,53.352256,0.27264274,2.6627291,30.796918,82.00385,0.37531867,2.3204961,37.969721,88.108589,0.4956093,2.1543775,42.048154,90.587597,0.61270336,1.4676495,45.785259,67.196713
experiment_0a_best,file,16,,617,012.Yellow_headed_Blackbird/Yellow_Headed_Blackbird_0017_8511.jpg,12,11,012.Yellow_headed_Blackbird,108,107,random_erasing,random_erasing,0,"{""area_fraction"":0.182272,""erased"":true,""height"":0.335969,""left"":0.116338,""top"":0.407113,""width"":0.542528}",0.91852784,1.3275464,0.40901852,0.39910614,0.26512697,0.13456367,0.0058952258,0.26454248,0.25923175,-0.0053107277,0.63225793,1.1060367,82.22752,90.946653,False,0.88530666,True,True,True,0.63225793,1.1060367,82.22752,90.946653,0.62272503,1.1029477,80.575192,88.870222,0.84896712,1.1781349,16.401325,19.322973,0.62007328,1.0597784,15.42318,16.345154,0.51074728,1.038342,30.796918,31.977733,0.62339962,1.1159612,37.969721,42.372736,0.62603754,1.095443,42.048154,46.061357,0.66706763,1.13302,45.785259,51.875616
experiment_0a_best,file,16,,10429,178.Swainson_Warbler/Swainson_Warbler_0025_794881.jpg,178,177,178.Swainson_Warbler,153,152,identity,identity,0,{},0.58555245,0.58555245,0,0.55679816,0.55679816,0.094358377,0.094358377,0.46243978,0.46243978,0,1,1,69.344566,69.344566,False,1,True,True,True,1,1,69.344566,69.344566,1,1,67.972408,67.972408,1,1,13.726635,13.726635,1,1,18.898111,18.898111,1,1,31.000904,31.000904,1,1,36.181931,36.181931,1,1,31.044806,31.044806,1,1,32.080236,32.080236
experiment_0a_best,file,16,,10429,178.Swainson_Warbler/Swainson_Warbler_0025_794881.jpg,178,177,178.Swainson_Warbler,153,152,horizontal_flip,horizontal_flip,0,"{""flipped"":true}",0.58555245,0.64138103,0.055828571,0.55679816,0.52656472,0.094358377,0.11376826,0.46243978,0.41279645,-0.04964333,0.68046764,1.1121045,69.344566,77.118406,False,0.95202982,True,True,True,0.68046764,1.1121045,69.344566,77.118406,0.67025489,1.1136836,67.972408,75.699756,0.94093322,1.0726575,13.726635,14.723978,0.35335354,0.96941346,18.898111,18.320083,0.6727691,1.1146322,31.000904,34.554606,0.7389658,1.1501437,36.181931,41.614419,0.64511046,1.1493292,31.044806,35.680702,0.70175067,1.0779935,32.080236,34.582285
experiment_0a_best,file,16,,10429,178.Swainson_Warbler/Swainson_Warbler_0025_794881.jpg,178,177,178.Swainson_Warbler,153,152,color_jitter,color_jitter,0,"{""brightness"":1.223365,""contrast"":0.836123,""hue"":-0.045924,""saturation"":1.163952}",0.58555245,0.66627127,0.080718815,0.55679816,0.5136202,0.094358377,0.066023201,0.46243978,0.447597,-0.014842786,0.73330063,1.2091728,69.344566,83.849562,False,0.94531393,True,True,True,0.73330063,1.2091728,69.344566,83.849562,0.72647322,1.213416,67.972408,82.478811,0.92138038,1.1000147,13.726635,15.0995,0.83010722,1.0788815,18.898111,20.388822,0.54712801,1.1875636,31.000904,36.815544,0.73643737,1.2684608,36.181931,45.895361,0.75020556,1.2844512,31.044806,39.875538,0.83336955,1.139041,32.080236,36.540705
experiment_0a_best,file,16,,10429,178.Swainson_Warbler/Swainson_Warbler_0025_794881.jpg,178,177,178.Swainson_Warbler,153,152,rotation,rotation,0,"{""angle"":10.982608}",0.58555245,2.8696191,2.2840667,0.55679816,0.056720525,0.094358377,0.39593819,0.46243978,-0.33921766,-0.80165745,0.75109322,2.2179217,69.344566,153.80081,False,0.91953325,False,True,False,0.75109322,2.2179217,69.344566,153.80081,0.74547002,2.2232768,67.972408,151.12148,0.89986721,2.0823031,13.726635,28.583015,0.73271613,2.0658895,18.898111,39.041408,0.76703473,2.3389329,31.000904,72.509033,0.76563263,2.1653836,36.181931,78.347762,0.71108269,2.3523838,31.044806,73.029298,0.741327,2.110557,32.080236,67.707166
experiment_0a_best,file,16,,10429,178.Swainson_Warbler/Swainson_Warbler_0025_794881.jpg,178,177,178.Swainson_Warbler,153,152,random_resized_crop,random_resized_crop,0,"{""area_fraction"":0.512389,""aspect"":0.775215,""fallback"":false,""height"":0.812997,""left"":0.213095,""top"":0.002451,""width"":0.630247}",0.58555245,2.775243,2.1896906,0.55679816,0.062334325,0.094358377,0.22119719,0.46243978,-0.15886286,-0.62130265,0.63929642,2.4923915,69.344566,172.83381,False,0.87987864,False,True,False,0.63929642,2.4923915,69.344566,172.83381,0.63219141,2.5098065,67.972408,170.59759,0.87059674,2.01889,13.726635,27.712566,0.50389276,1.845329,18.898111,34.873232,0.55527276,2.5171448,31.000904,78.033763,0.68539155,2.8613335,36.181931,103.52857,0.6388685,2.4835757,31.044806,77.102128,0.67811143,2.2337893,32.080236,71.660486
experiment_0a_best,file,16,,10429,178.Swainson_Warbler/Swainson_Warbler_0025_794881.jpg,178,177,178.Swainson_Warbler,153,152,gaussian_blur,gaussian_blur,0,"{""sigma"":1.974932}",0.58555245,4.7395935,4.1540411,0.55679816,0.0087422011,0.094358377,0.0802247,0.46243978,-0.071482499,-0.53392228,0.56942096,1.6581666,69.344566,114.98484,False,0.8344245,False,True,False,0.56942096,1.6581666,69.344566,114.98484,0.55951333,1.6578424,67.972408,112.68754,0.81116831,1.666098,13.726635,22.869919,0.44826789,1.4968165,18.898111,28.287003,0.39432641,1.473058,31.000904,45.666128,0.610146,1.7350544,36.181931,62.777617,0.59098693,1.7581849,31.044806,54.582508,0.63781342,1.676527,32.080236,53.78338
experiment_0a_best,file,16,,10429,178.Swainson_Warbler/Swainson_Warbler_0025_794881.jpg,178,177,178.Swainson_Warbler,153,152,random_erasing,random_erasing,0,"{""area_fraction"":0.164736,""erased"":true,""height"":0.266116,""left"":0.010131,""top"":0.723755,""width"":0.619038}",0.58555245,0.40769455,-0.17785791,0.55679816,0.66518205,0.094358377,0.066373467,0.46243978,0.59880859,0.1363688,0.94775311,0.75807147,69.344566,52.568137,False,0.98447448,True,True,True,0.94775311,0.75807147,69.344566,52.568137,0.94639882,0.75888533,67.972408,51.583264,0.9822698,0.73783377,13.726635,10.127975,0.92416791,0.63516937,18.898111,12.003501,0.9544478,0.77811216,31.000904,24.12218,0.9592734,0.7534255,36.181931,27.260389,0.93726417,0.77796262,31.044806,24.151699,0.94274868,0.76890014,32.080236,24.666498
experiment_0a_best,file,16,,7544,129.Song_Sparrow/Song_Sparrow_0007_121133.jpg,129,128,129.Song_Sparrow,125,124,identity,identity,0,{},0.94341719,0.94341719,0,0.38929531,0.38929531,0.58110082,0.58110082,-0.19180551,-0.19180551,0,1,1,145.94074,145.94074,False,1.0000001,True,False,False,1,1,145.94074,145.94074,1,1,143.63092,143.63092,1,1,25.862287,25.862287,1,1,25.260083,25.260083,1,1,73.831889,73.831889,1,1,81.343107,81.343107,1,1,67.966349,67.966349,1,1,57.484753,57.484753
experiment_0a_best,file,16,,7544,129.Song_Sparrow/Song_Sparrow_0007_121133.jpg,129,128,129.Song_Sparrow,125,124,horizontal_flip,horizontal_flip,0,"{""flipped"":true}",0.94341719,0.023560798,-0.91985639,0.38929531,0.97671461,0.58110082,0.019030223,-0.19180551,0.95768439,1.1494899,0.65833048,0.035270003,145.94074,5.1473304,False,0.94050199,False,False,True,0.65833048,0.035270003,145.94074,5.1473304,0.64879138,0.035202701,143.63092,5.0561964,0.93716042,0.037286224,25.862287,0.96430704,0.56550748,0.033404979,25.260083,0.84381252,0.62415822,0.036441888,73.831889,2.6905734,0.64517006,0.03303068,81.343107,2.6868181,0.63152096,0.036046687,67.966349,2.4499617,0.73841634,0.036459343,57.484753,2.0958563
experiment_0a_best,file,16,,7544,129.Song_Sparrow/Song_Sparrow_0007_121133.jpg,129,128,129.Song_Sparrow,125,124,color_jitter,color_jitter,0,"{""brightness"":0.73791,""contrast"":1.374197,""hue"":0.098769,""saturation"":0.64796}",0.94341719,2.0992374,1.1558203,0.38929531,0.12254985,0.58110082,0.59932435,-0.19180551,-0.4767745,-0.28496899,0.78601964,1.2085918,145.94074,176.38279,False,0.89718461,True,False,False,0.78601964,1.2085918,145.94074,176.38279,0.78334311,1.2087313,143.63092,173.61119,0.86888326,1.2042824,25.862287,31.145498,0.55136412,1.5085982,25.260083,38.107316,0.79621954,1.2965679,73.831889,95.728057,0.81742432,1.1697426,81.343107,95.150502,0.78607049,1.143547,67.966349,77.722716,0.75687066,1.1578912,57.484753,66.561091
experiment_0a_best,file,16,,7544,129.Song_Sparrow/Song_Sparrow_0007_121133.jpg,129,128,129.Song_Sparrow,125,124,rotation,rotation,0,"{""angle"":-11.949574}",0.94341719,0.06622047,-0.87719672,0.38929531,0.93592453,0.58110082,0.03517697,-0.19180551,0.90074756,1.0925531,0.71668545,0.085590505,145.94074,12.491142,False,0.94620842,False,False,True,0.71668545,0.085590505,145.94074,12.491142,0.7107996,0.085625717,143.63092,12.298501,0.90071077,0.084497217,25.862287,2.1852913,0.71630356,0.086396145,25.260083,2.1823738,0.69766063,0.082291336,73.831889,6.0757247,0.70949973,0.08738437,81.343107,7.1081162,0.71846421,0.087876132,67.966349,5.9726198,0.72410196,0.084111432,57.484753,4.8351249
experiment_0a_best,file,16,,7544,129.Song_Sparrow/Song_Sparrow_0007_121133.jpg,129,128,129.Song_Sparrow,125,124,random_resized_crop,random_resized_crop,0,"{""area_fraction"":0.652178,""aspect"":1.007823,""fallback"":false,""height"":0.804435,""left"":0.072411,""top"":0.021163,""width"":0.810728}",0.94341719,0.014947555,-0.92846964,0.38929531,0.98516363,0.58110082,0.0014738018,-0.19180551,0.98368983,1.1754953,0.26173352,0.023841244,145.94074,3.4794088,False,0.90864873,False,False,True,0.26173352,0.023841244,145.94074,3.4794088,0.25112118,0.02392344,143.63092,3.4361457,0.63391474,0.021149755,25.862287,0.54698105,0.35007935,0.023250392,25.260083,0.58730682,0.16604157,0.022409826,73.831889,1.6545597,0.19446918,0.026832747,81.343107,2.182659,0.34117336,0.023650989,67.966349,1.6074713,0.39525922,0.020410649,57.484753,1.1733011
experiment_0a_best,file,16,,7544,129.Song_Sparrow/Song_Sparrow_0007_121133.jpg,129,128,129.Song_Sparrow,125,124,gaussian_blur,gaussian_blur,0,"{""sigma"":1.266566}",0.94341719,2.8557765,1.9123594,0.38929531,0.057511151,0.58110082,0.88822055,-0.19180551,-0.8307094,-0.63890389,0.64159018,1.4218848,145.94074,207.51092,False,0.88008982,True,False,False,0.64159018,1.4218848,145.94074,207.51092,0.6340083,1.4226857,143.63092,204.34166,0.87985201,1.3969546,25.862287,36.128441,0.51141218,1.3838378,25.260083,34.955856,0.61259706,1.3213461,73.831889,97.557479,0.60202399,1.4195018,81.343107,115.46668,0.66096349,1.491739,67.966349,101.38805,0.71463257,1.4968628,57.484753,86.046787
experiment_0a_best,file,16,,7544,129.Song_Sparrow/Song_Sparrow_0007_121133.jpg,129,128,129.Song_Sparrow,125,124,random_erasing,random_erasing,0,"{""area_fraction"":0.096135,""erased"":true,""height"":0.333328,""left"":0.037072,""top"":0.100741,""width"":0.288411}",0.94341719,0.23138453,-0.71203266,0.38929531,0.79343432,0.58110082,0.18584204,-0.19180551,0.60759228,0.7993978,0.9392788,0.35044063,145.94074,51.143566,False,0.98970282,False,False,True,0.9392788,0.35044063,145.94074,51.143566,0.93775808,0.3508771,143.63092,50.396802,0.98893257,0.33670069,25.862287,8.7078499,0.95664674,0.35458486,25.260083,8.9568429,0.94861444,0.37733038,73.831889,27.859015,0.93540915,0.34198086,81.343107,27.817786,0.92744449,0.34047708,67.966349,23.140984,0.93984745,0.3364901,57.484753,19.34305
experiment_0a_best,file,16,,6861,118.House_Sparrow/House_Sparrow_0006_111034.jpg,118,117,118.House_Sparrow,130,129,identity,identity,0,{},3.405921,3.405921,0,0.033176251,0.033176251,0.93980908,0.93980908,-0.90663283,-0.90663283,0,1,1,213.68615,213.68615,False,1,True,False,False,1,1,213.68615,213.68615,1,1,208.83099,208.83099,1,1,45.292227,45.292227,1,1,33.24813,33.24813,1,1,95.692502,95.692502,1,1,124.35447,124.35447,1,1,98.598663,98.598663,1,1,90.344671,90.344671
experiment_0a_best,file,16,,6861,118.House_Sparrow/House_Sparrow_0006_111034.jpg,118,117,118.House_Sparrow,130,129,horizontal_flip,horizontal_flip,0,"{""flipped"":true}",3.405921,3.1967194,-0.20920157,0.033176251,0.040896151,0.93980908,0.94656688,-0.90663283,-0.90567073,0.00096210465,0.77876422,0.96192195,213.68615,205.5494,False,0.97850704,True,False,False,0.77876422,0.96192195,213.68615,205.5494,0.76829183,0.95427156,208.83099,199.28148,0.97845744,1.1121792,45.292227,50.373074,0.74734394,1.0876992,33.24813,36.163964,0.75052716,0.99954244,95.692502,95.648716,0.80623308,0.86627584,124.35447,107.72528,0.72845354,0.95219474,98.598663,93.885129,0.78435813,1.0405449,90.344671,94.007689
experiment_0a_best,file,16,,6861,118.House_Sparrow/House_Sparrow_0006_111034.jpg,118,117,118.House_Sparrow,130,129,color_jitter,color_jitter,0,"{""brightness"":1.222253,""contrast"":0.849341,""hue"":0.046402,""saturation"":1.330313}",3.405921,2.4563127,-0.94960833,0.033176251,0.085750572,0.93980908,0.79582852,-0.90663283,-0.71007795,0.19655488,0.83129472,0.71597209,213.68615,152.99332,False,0.94477522,True,False,False,0.83129472,0.71597209,213.68615,152.99332,0.82587536,0.71482815,208.83099,149.27827,0.94307495,0.7398728,45.292227,33.510487,0.81279691,0.88926574,33.24813,29.566423,0.78813178,0.70915285,95.692502,67.86061,0.86894802,0.66601542,124.35447,82.821998,0.82576477,0.72102127,98.598663,71.091733,0.80574208,0.77411834,90.344671,69.937467
experiment_0a_best,file,16,,6861,118.House_Sparrow/House_Sparrow_0006_111034.jpg,118,117,118.House_Sparrow,130,129,rotation,rotation,0,"{""angle"":-14.68755}",3.405921,3.0932431,-0.31267786,0.033176251,0.045354623,0.93980908,0.88023585,-0.90663283,-0.83488123,0.071751606,0.79638818,0.8760889,213.68615,187.20806,False,0.96474636,True,False,False,0.79638818,0.8760889,213.68615,187.20806,0.78816385,0.87420994,208.83099,182.56213,0.96420658,0.91512145,45.292227,41.447888,0.55040859,0.95370742,33.24813,31.708989,0.80215941,0.89391957,95.692502,85.5414,0.84039045,0.84727579,124.35447,105.36254,0.74956717,0.84662469,98.598663,83.476062,0.7603857,0.9218739,90.344671,83.286394
experiment_0a_best,file,16,,6861,118.House_Sparrow/House_Sparrow_0006_111034.jpg,118,117,118.House_Sparrow,130,129,random_resized_crop,random_resized_crop,0,"{""area_fraction"":0.515204,""aspect"":1.141103,""fallback"":false,""height"":0.671935,""left"":0.187562,""top"":0.122732,""width"":0.766747}",3.405921,4.4177213,1.0118003,0.033176251,0.01206169,0.93980908,0.96704847,-0.90663283,-0.95498678,-0.048353943,0.73982826,1.012573,213.68615,216.37283,False,0.93704939,True,False,False,0.73982826,1.012573,213.68615,216.37283,0.7306943,1.0132592,208.83099,211.59993,0.93708378,0.99787341,45.292227,45.195909,0.66309923,1.355647,33.24813,45.072728,0.73069293,1.1057348,95.692502,105.81053,0.76230592,0.96837007,124.35447,120.42115,0.70367323,0.96351345,98.598663,95.001138,0.72789204,0.99129292,90.344671,89.558033
experiment_0a_best,file,16,,6861,118.House_Sparrow/House_Sparrow_0006_111034.jpg,118,117,118.House_Sparrow,130,129,gaussian_blur,gaussian_blur,0,"{""sigma"":1.513366}",3.405921,6.276207,2.870286,0.033176251,0.0018805197,0.93980908,0.98927176,-0.90663283,-0.98739124,-0.080758407,0.59286637,1.0853315,213.68615,231.92031,False,0.91444159,True,False,False,0.59286637,1.0853315,213.68615,231.92031,0.5779892,1.0861086,208.83099,226.81313,0.91437254,1.0686789,45.292227,48.402846,0.42492365,1.4741816,33.24813,49.013782,0.42699463,1.1147137,95.692502,106.66975,0.62668427,1.0536741,124.35447,131.02909,0.59195879,1.0892664,98.598663,107.40021,0.68360319,1.047734,90.344671,94.657182
experiment_0a_best,file,16,,6861,118.House_Sparrow/House_Sparrow_0006_111034.jpg,118,117,118.House_Sparrow,130,129,random_erasing,random_erasing,0,"{""area_fraction"":0.182583,""erased"":true,""height"":0.239084,""left"":0.026037,""top"":0.284609,""width"":0.763679}",3.405921,3.3397982,-0.06612277,0.033176251,0.035444111,0.93980908,0.1093937,-0.90663283,-0.07394959,0.83268324,0.14675395,0.599509,213.68615,128.10677,False,0.80007029,False,False,False,0.14675395,0.599509,213.68615,128.10677,0.12644618,0.60190746,208.83099,125.69693,0.62332209,0.54603324,45.292227,24.731062,-0.084430693,0.79658547,33.24813,26.484977,-0.071310172,0.68520595,95.692502,65.569072,0.074237152,0.52716645,124.35447,65.555507,0.2566982,0.55592668,98.598663,54.813627,0.34597874,0.65454467,90.344671,59.134623
experiment_0a_best,file,16,,9382,160.Black_throated_Blue_Warbler/Black_Throated_Blue_Warbler_0060_161644.jpg,160,159,160.Black_throated_Blue_Warbler,138,137,identity,identity,0,{},0.0027799078,0.0027799078,0,0.99722397,0.99722397,0.00082765811,0.00082765811,0.99639632,0.99639632,0,1,1,0.45615145,0.45615145,False,1,True,True,True,1,1,0.45615145,0.45615145,1,1,0.44648096,0.44648096,1,1,0.093428544,0.093428544,1,1,0.13361132,0.13361132,1,1,0.19194389,0.19194389,1,1,0.20683054,0.20683054,1,1,0.22323893,0.22323893,1,1,0.22811471,0.22811471
experiment_0a_best,file,16,,9382,160.Black_throated_Blue_Warbler/Black_Throated_Blue_Warbler_0060_161644.jpg,160,159,160.Black_throated_Blue_Warbler,138,137,horizontal_flip,horizontal_flip,0,"{""flipped"":true}",0.0027799078,0.0020300988,-0.00074980897,0.99722397,0.99797195,0.00082765811,0.00034858228,0.99639632,0.99762337,0.0012270545,0.65842639,0.68846588,0.45615145,0.31404471,False,0.98641235,True,True,True,0.65842639,0.68846588,0.45615145,0.31404471,0.64313685,0.68523516,0.44648096,0.30594446,0.97711136,0.75851062,0.093428544,0.070866543,0.68979138,0.67718049,0.13361132,0.090478976,0.43984514,0.59171474,0.19194389,0.11357603,0.60535011,0.68478499,0.20683054,0.14163445,0.64586868,0.74160875,0.22323893,0.16555594,0.78444884,0.69378396,0.22811471,0.15826233
experiment_0a_best,file,16,,9382,160.Black_throated_Blue_Warbler/Black_Throated_Blue_Warbler_0060_161644.jpg,160,159,160.Black_throated_Blue_Warbler,138,137,color_jitter,color_jitter,0,"{""brightness"":0.742525,""contrast"":1.064009,""hue"":-0.001621,""saturation"":0.805106}",0.0027799078,0.005372135,0.0025922272,0.99722397,0.99464226,0.00082765811,0.0012913781,0.99639632,0.99335088,-0.0030454355,0.87235683,1.7709014,0.45615145,0.80779926,False,0.99285978,True,True,True,0.87235683,1.7709014,0.45615145,0.80779926,0.86711388,1.7702088,0.44648096,0.79036452,0.9910263,1.7866472,0.093428544,0.16692385,0.87233317,1.2954725,0.13361132,0.17308979,0.80544015,1.7843436,0.19194389,0.34249385,0.84281352,1.7421035,0.20683054,0.3603202,0.87695399,1.8666893,0.22323893,0.41671772,0.92998568,1.8282413,0.22811471,0.41704874
experiment_0a_best,file,16,,9382,160.Black_throated_Blue_Warbler/Black_Throated_Blue_Warbler_0060_161644.jpg,160,159,160.Black_throated_Blue_Warbler,138,137,rotation,rotation,0,"{""angle"":-13.907652}",0.0027799078,0.0096619353,0.0068820275,0.99722397,0.99038458,0.00082765811,0.00033931105,0.99639632,0.99004527,-0.0063510475,0.5347013,3.4607629,0.45615145,1.578632,False,0.95894837,True,True,True,0.5347013,3.4607629,0.45615145,1.578632,0.51940831,3.4640086,0.44648096,1.5466139,0.89215527,3.3857937,0.093428544,0.31632977,0.43638301,3.0713271,0.13361132,0.41036405,0.37655388,3.0653245,0.19194389,0.5883703,0.43644446,3.447817,0.20683054,0.71311385,0.54510006,3.8262727,0.22323893,0.85417302,0.67931833,3.5050709,0.22811471,0.79955823
experiment_0a_best,file,16,,9382,160.Black_throated_Blue_Warbler/Black_Throated_Blue_Warbler_0060_161644.jpg,160,159,160.Black_throated_Blue_Warbler,138,137,random_resized_crop,random_resized_crop,0,"{""area_fraction"":0.806718,""aspect"":0.855393,""fallback"":false,""height"":0.971132,""left"":0.127585,""top"":0.014316,""width"":0.830699}",0.0027799078,0.0051162271,0.0023363193,0.99722397,0.99489683,0.00082765811,0.0010936332,0.99639632,0.9938032,-0.0025931193,0.71544885,1.7253768,0.45615145,0.78703313,False,0.984308,True,True,True,0.71544885,1.7253768,0.45615145,0.78703313,0.70363289,1.7172388,0.44648096,0.76671445,0.9626681,1.9017716,0.093428544,0.17767975,0.75133771,1.3962579,0.13361132,0.18655585,0.55384376,1.5865479,0.19194389,0.30452816,0.60898531,1.6996338,0.20683054,0.35153617,0.73602474,1.8521182,0.22323893,0.41346488,0.83500005,1.7848937,0.22811471,0.40716051
experiment_0a_best,file,16,,9382,160.Black_throated_Blue_Warbler/Black_Throated_Blue_Warbler_0060_161644.jpg,160,159,160.Black_throated_Blue_Warbler,138,137,gaussian_blur,gaussian_blur,0,"{""sigma"":1.865611}",0.0027799078,0.82846206,0.82568216,0.99722397,0.43672043,0.00082765811,0.098955035,0.99639632,0.3377654,-0.65863092,0.31493031,229.42426,0.45615145,104.65221,False,0.8123908,True,True,True,0.31493031,229.42426,0.45615145,104.65221,0.30075532,231.20756,0.44648096,103.22978,0.72953279,184.05383,0.093428544,17.195881,0.26392652,221.55201,0.13361132,29.601855,0.15722729,242.27407,0.19194389,46.503026,0.2409618,280.38886,0.20683054,57.992979,0.35553226,229.80942,0.22323893,51.302407,0.4845783,176.57698,0.22811471,40.279807
experiment_0a_best,file,16,,9382,160.Black_throated_Blue_Warbler/Black_Throated_Blue_Warbler_0060_161644.jpg,160,159,160.Black_throated_Blue_Warbler,138,137,random_erasing,random_erasing,0,"{""area_fraction"":0.069281,""erased"":true,""height"":0.243293,""left"":0.303273,""top"":0.286732,""width"":0.284763}",0.0027799078,2.2996812,2.2969013,0.99722397,0.10029081,0.00082765811,0.63657343,0.99639632,-0.53628262,-1.5326789,0.47939109,275.31395,0.45615145,125.58486,False,0.8119505,False,True,False,0.47939109,275.31395,0.45615145,125.58486,0.46676561,274.26378,0.44648096,122.45356,0.74611232,298.29256,0.093428544,27.86904,0.7215639,164.83512,0.13361132,22.023838,0.51671758,241.89686,0.19194389,46.430623,0.50531722,280.76065,0.20683054,58.069877,0.42477702,281.60413,0.22323893,62.865004,0.41789152,310.9041,0.22811471,70.9218
experiment_0a_best,file,16,,1415,026.Bronzed_Cowbird/Bronzed_Cowbird_0052_796216.jpg,26,25,026.Bronzed_Cowbird,30,29,identity,identity,0,{},3.2526004,3.2526004,0,0.038673509,0.038673509,0.54272479,0.54272479,-0.50405128,-0.50405128,0,1,1,123.567,123.567,False,1,True,False,False,1,1,123.567,123.567,1,1,119.23726,119.23726,1,1,32.423414,32.423414,1,1,27.531605,27.531605,1,1,56.025697,56.025697,1,1,61.35069,61.35069,1,1,57.515414,57.515414,1,1,56.997608,56.997608
experiment_0a_best,file,16,,1415,026.Bronzed_Cowbird/Bronzed_Cowbird_0052_796216.jpg,26,25,026.Bronzed_Cowbird,30,29,horizontal_flip,horizontal_flip,0,"{""flipped"":true}",3.2526004,2.9058309,-0.34676957,0.038673509,0.05470331,0.54272479,0.51911306,-0.50405128,-0.46440975,0.039641526,0.54994053,1.2090908,123.567,149.40372,False,0.97191268,True,False,False,0.54994053,1.2090908,123.567,149.40372,0.52574463,1.2243008,119.23726,145.98228,0.9713858,0.98048396,32.423414,31.790638,0.52763731,1.6278983,27.531605,44.818653,0.35663991,1.4629743,56.025697,81.964155,0.53443259,1.1003899,61.35069,67.50968,0.56245854,1.1531914,57.515414,66.32628,0.72927585,1.0566539,56.997608,60.226743
experiment_0a_best,file,16,,1415,026.Bronzed_Cowbird/Bronzed_Cowbird_0052_796216.jpg,26,25,026.Bronzed_Cowbird,30,29,color_jitter,color_jitter,0,"{""brightness"":0.871978,""contrast"":1.01534,""hue"":0.053105,""saturation"":0.844938}",3.2526004,4.3847489,1.1321485,0.038673509,0.012466015,0.54272479,0.53847885,-0.50405128,-0.52601284,-0.021961557,0.83130784,0.91514943,123.567,113.08227,False,0.96089637,True,False,False,0.83130784,0.91514943,123.567,113.08227,0.8215368,0.90931122,119.23726,108.42378,0.95542217,0.99073255,32.423414,32.122932,0.83302609,0.93416193,27.531605,25.718977,0.84738379,0.81076164,56.025697,45.423486,0.82348315,0.94298965,61.35069,57.853065,0.79197115,0.88855493,57.515414,51.105605,0.83055435,0.97245151,56.997608,55.42741
experiment_0a_best,file,16,,1415,026.Bronzed_Cowbird/Bronzed_Cowbird_0052_796216.jpg,26,25,026.Bronzed_Cowbird,30,29,rotation,rotation,0,"{""angle"":4.136004}",3.2526004,3.9714084,0.71880794,0.038673509,0.018846871,0.54272479,0.646007,-0.50405128,-0.62716013,-0.12310885,0.78239978,1.096513,123.567,135.49282,False,0.97789103,True,False,False,0.78239978,1.096513,123.567,135.49282,0.76911755,1.0992449,119.23726,131.07096,0.96938897,1.0588751,32.423414,34.332346,0.73129278,1.1477694,27.531605,31.599934,0.71796625,0.9490064,56.025697,53.168745,0.7591413,1.1814279,61.35069,72.481416,0.77709676,1.1090587,57.515414,63.787969,0.834059,1.1140008,56.997608,63.495383
experiment_0a_best,file,16,,1415,026.Bronzed_Cowbird/Bronzed_Cowbird_0052_796216.jpg,26,25,026.Bronzed_Cowbird,30,29,random_resized_crop,random_resized_crop,0,"{""area_fraction"":0.540552,""aspect"":0.838546,""fallback"":false,""height"":0.802889,""left"":0.20602,""top"":0.134134,""width"":0.673259}",3.2526004,1.5627869,-1.6898135,0.038673509,0.20955124,0.54272479,0.11585366,-0.50405128,0.093697585,0.59774886,0.53762791,0.86384757,123.567,106.74305,False,0.92605662,False,False,True,0.53762791,0.86384757,123.567,106.74305,0.52080009,0.87612425,119.23726,104.46666,0.84959016,0.67627251,32.423414,21.927064,0.6433127,1.0587114,27.531605,29.148024,0.34503117,0.95765736,56.025697,53.653421,0.55017309,0.88654289,61.35069,54.390018,0.56204591,0.83815542,57.515414,48.206856,0.61924912,0.76531668,56.997608,43.62122
experiment_0a_best,file,16,,1415,026.Bronzed_Cowbird/Bronzed_Cowbird_0052_796216.jpg,26,25,026.Bronzed_Cowbird,30,29,gaussian_blur,gaussian_blur,0,"{""sigma"":1.694529}",3.2526004,5.11832,1.8657196,0.038673509,0.0059860721,0.54272479,0.28791463,-0.50405128,-0.28192856,0.22212272,0.46195375,1.0797643,123.567,133.42324,False,0.87150002,True,False,False,0.46195375,1.0797643,123.567,133.42324,0.44041667,1.0916555,119.23726,130.16602,0.82158759,0.90370869,32.423414,29.301321,0.46036494,1.518226,27.531605,41.799198,0.35197182,1.1147585,56.025697,62.455124,0.35524057,1.0337873,61.35069,63.423563,0.4735571,1.040983,57.515414,59.87257,0.59546439,1.0654791,56.997608,60.729763
experiment_0a_best,file,16,,1415,026.Bronzed_Cowbird/Bronzed_Cowbird_0052_796216.jpg,26,25,026.Bronzed_Cowbird,30,29,random_erasing,random_erasing,0,"{""area_fraction"":0.131674,""erased"":true,""height"":0.471381,""left"":0.363886,""top"":0.395953,""width"":0.279336}",3.2526004,4.4812717,1.2286713,0.038673509,0.011319012,0.54272479,0.010304398,-0.50405128,0.0010146145,0.50506589,0.31329435,1.174402,123.567,145.11733,False,0.72274971,False,False,False,0.31329435,1.174402,123.567,145.11733,0.2999335,1.1979945,119.23726,142.84558,0.61411772,0.78884034,32.423414,25.576897,0.45511561,1.1056358,27.531605,30.439929,0.38864618,1.176262,56.025697,65.900901,0.21442787,1.2160272,61.35069,74.604109,0.27106504,1.2507596,57.515414,71.937959,0.3147573,1.1630492,56.997608,66.291024
experiment_0a_best,file,16,,1897,034.Gray_crowned_Rosy_Finch/Gray_Crowned_Rosy_Finch_0006_797284.jpg,34,33,034.Gray_crowned_Rosy_Finch,199,198,identity,identity,0,{},0.020256203,0.020256203,0,0.97994757,0.97994757,0.0022185922,0.0022185922,0.97772897,0.97772897,0,1,1,3.6198163,3.6198163,False,1,True,True,True,1,1,3.6198163,3.6198163,1,1,3.5727409,3.5727409,1,1,0.58188706,0.58188706,1,1,0.54791224,0.54791224,1,1,1.5972484,1.5972484,1,1,2.155378,2.155378,1,1,1.6942169,1.6942169,1,1,1.5482383,1.5482383
experiment_0a_best,file,16,,1897,034.Gray_crowned_Rosy_Finch/Gray_Crowned_Rosy_Finch_0006_797284.jpg,34,33,034.Gray_crowned_Rosy_Finch,199,198,horizontal_flip,horizontal_flip,0,"{""flipped"":true}",0.020256203,0.012852217,-0.0074039856,0.97994757,0.98723,0.0022185922,0.0018058051,0.97772897,0.9854242,0.007695223,0.6604737,0.70181942,3.6198163,2.5404574,False,0.94574106,True,True,True,0.6604737,0.70181942,3.6198163,2.5404574,0.65321332,0.7018485,3.5727409,2.5075228,0.93462101,0.70072221,0.58188706,0.40774119,0.51307838,0.75424535,0.54791224,0.41326026,0.48174271,0.66811502,1.5972484,1.0671457,0.7411253,0.70901988,2.155378,1.5282058,0.63005981,0.71651916,1.6942169,1.2139389,0.70351152,0.69835186,1.5482383,1.0812151
experiment_0a_best,file,16,,1897,034.Gray_crowned_Rosy_Finch/Gray_Crowned_Rosy_Finch_0006_797284.jpg,34,33,034.Gray_crowned_Rosy_Finch,199,198,color_jitter,color_jitter,0,"{""brightness"":1.249358,""contrast"":1.123096,""hue"":-0.05926,""saturation"":1.31431}",0.020256203,3.4559832,3.435727,0.97994757,0.031556264,0.0022185922,0.0055603837,0.97772897,0.02599588,-0.95173309,0.53973327,37.946957,3.6198163,137.36101,False,0.84738714,False,True,False,0.53973327,37.946957,3.6198163,137.36101,0.5323487,37.767584,3.5727409,134.93379,0.78416107,44.181005,0.58188706,25.708355,0.44395371,44.487988,0.54791224,24.375513,0.44499441,32.715125,1.5972484,52.254182,0.61183818,34.305891,2.155378,73.942161,0.56120716,39.151124,1.6942169,66.330496,0.48327727,45.741459,1.5482383,70.818679
experiment_0a_best,file,16,,1897,034.Gray_crowned_Rosy_Finch/Gray_Crowned_Rosy_Finch_0006_797284.jpg,34,33,034.Gray_crowned_Rosy_Finch,199,198,rotation,rotation,0,"{""angle"":3.267078}",0.020256203,0.053715277,0.033459075,0.97994757,0.94770187,0.0022185922,0.0052909679,0.97772897,0.9424109,-0.035318071,0.80949502,3.0613907,3.6198163,11.081672,False,0.9667356,True,True,True,0.80949502,3.0613907,3.6198163,11.081672,0.80665291,3.0731286,3.5727409,10.979492,0.94923529,2.5802285,0.58188706,1.5014016,0.64059304,3.2464011,0.54791224,1.7787429,0.79306676,3.4898791,1.5972484,5.5742039,0.82655347,3.0173105,2.155378,6.5034445,0.79298801,3.0286522,1.6942169,5.1311938,0.84114747,2.7165742,1.5482383,4.2059043
experiment_0a_best,file,16,,1897,034.Gray_crowned_Rosy_Finch/Gray_Crowned_Rosy_Finch_0006_797284.jpg,34,33,034.Gray_crowned_Rosy_Finch,199,198,random_resized_crop,random_resized_crop,0,"{""area_fraction"":0.637421,""aspect"":0.950917,""fallback"":false,""height"":0.818732,""left"":0.073358,""top"":0.140191,""width"":0.778547}",0.020256203,2.0968652,2.076609,0.97994757,0.12284093,0.0022185922,0.020753503,0.97772897,0.10208743,-0.87564154,0.63802178,56.673799,3.6198163,205.14874,False,0.83541095,False,True,False,0.63802178,56.673799,3.6198163,205.14874,0.63534032,57.000465,3.5727409,203.64789,0.80022521,42.568017,0.58188706,24.769779,0.57068192,83.435652,0.54791224,45.715416,0.58579926,64.910816,1.5972484,103.6787,0.73629003,55.487971,2.155378,119.59755,0.60282375,55.190686,1.6942169,93.504994,0.56741323,48.276238,1.5482383,74.743121
experiment_0a_best,file,16,,1897,034.Gray_crowned_Rosy_Finch/Gray_Crowned_Rosy_Finch_0006_797284.jpg,34,33,034.Gray_crowned_Rosy_Finch,199,198,gaussian_blur,gaussian_blur,0,"{""sigma"":1.990788}",0.020256203,1.4207335,1.4004772,0.97994757,0.2415368,0.0022185922,0.00067656604,0.97772897,0.24086023,-0.73686874,0.44337935,45.30611,3.6198163,163.99979,False,0.80212528,False,True,False,0.44337935,45.30611,3.6198163,163.99979,0.43722243,45.395945,3.5727409,162.18795,0.69707555,41.778757,0.58188706,24.310518,0.45040242,47.196834,0.54791224,25.859723,0.51370709,54.584935,1.5972484,87.185702,0.44374937,43.142767,2.155378,92.98897,0.39568033,44.536309,1.6942169,75.454168,0.38159556,39.259492,1.5482383,60.783051
experiment_0a_best,file,16,,1897,034.Gray_crowned_Rosy_Finch/Gray_Crowned_Rosy_Finch_0006_797284.jpg,34,33,034.Gray_crowned_Rosy_Finch,199,198,random_erasing,random_erasing,0,"{""area_fraction"":0.065573,""erased"":true,""height"":0.200776,""left"":0.598716,""top"":0.607293,""width"":0.326596}",0.020256203,0.038858626,0.018602423,0.97994757,0.9618867,0.0022185922,0.0016408833,0.97772897,0.96024582,-0.017483154,0.93413245,1.8083255,3.6198163,6.5458062,False,0.98399156,True,True,True,0.93413245,1.8083255,3.6198163,6.5458062,0.9328856,1.8075258,3.5727409,6.4578214,0.98048083,1.8382186,0.58188706,1.0696356,0.89779323,1.883235,0.54791224,1.0318475,0.91822711,1.8898839,1.5972484,3.0186141,0.94218047,1.7845383,2.155378,3.8463545,0.9313914,1.7925011,1.6942169,3.0368857,0.9394209,1.769989,1.5482383,2.7403649
experiment_0a_best,file,16,,8323,142.Black_Tern/Black_Tern_0069_144359.jpg,142,141,142.Black_Tern,160,159,identity,identity,0,{},0.035821337,0.035821337,0,0.96481264,0.96481264,0.0086582582,0.0086582582,0.95615438,0.95615438,0,1,1,5.9522688,5.9522688,False,1,True,True,True,1,1,5.9522688,5.9522688,1,1,5.832371,5.832371,1,1,1.188677,1.188677,1,1,1.0261623,1.0261623,1,1,2.7058557,2.7058557,1,1,2.9455374,2.9455374,1,1,2.7991663,2.7991663,1,1,3.0216492,3.0216492
experiment_0a_best,file,16,,8323,142.Black_Tern/Black_Tern_0069_144359.jpg,142,141,142.Black_Tern,160,159,horizontal_flip,horizontal_flip,0,"{""flipped"":true}",0.035821337,0.0066652596,-0.029156078,0.96481264,0.99335688,0.0086582582,0.00066237495,0.95615438,0.99269451,0.03654013,0.69706268,0.19507262,5.9522688,1.1611247,False,0.97553039,True,True,True,0.69706268,0.19507262,5.9522688,1.1611247,0.68522107,0.19423172,5.832371,1.1328314,0.95865304,0.21432371,1.188677,0.25476167,0.57457851,0.1867854,1.0261623,0.19167214,0.66345715,0.17664051,2.7058557,0.47796373,0.70172385,0.19671028,2.9455374,0.57941749,0.6195439,0.19846107,2.7991663,0.55552554,0.75525026,0.20233342,3.0216492,0.61138062
experiment_0a_best,file,16,,8323,142.Black_Tern/Black_Tern_0069_144359.jpg,142,141,142.Black_Tern,160,159,color_jitter,color_jitter,0,"{""brightness"":0.803408,""contrast"":1.200296,""hue"":0.078943,""saturation"":1.262644}",0.035821337,0.075395785,0.039574448,0.96481264,0.92737639,0.0086582582,0.0039319349,0.95615438,0.92344445,-0.032709924,0.73798618,1.8795878,5.9522688,11.187812,False,0.97694767,True,True,True,0.73798618,1.8795878,5.9522688,11.187812,0.72969618,1.877897,5.832371,10.952592,0.9333785,1.9198427,1.188677,2.2820729,0.60462264,2.2289222,1.0261623,2.2872359,0.67520228,1.8537182,2.7058557,5.0158939,0.71485633,1.9586228,2.9455374,5.7691969,0.71323257,1.8165487,2.7991663,5.0848219,0.82372366,1.8255932,3.0216492,5.5163023
experiment_0a_best,file,16,,8323,142.Black_Tern/Black_Tern_0069_144359.jpg,142,141,142.Black_Tern,160,159,rotation,rotation,0,"{""angle"":-6.889023}",0.035821337,0.068505615,0.032684278,0.96481264,0.93378824,0.0086582582,0.029860366,0.95615438,0.90392787,-0.052226504,0.70736319,1.9204706,5.9522688,11.431157,False,0.94107491,True,True,True,0.70736319,1.9204706,5.9522688,11.431157,0.69943108,1.922225,5.832371,11.211129,0.90303751,1.8777403,1.188677,2.2320267,0.54741959,1.7290352,1.0261623,1.7742707,0.50451117,1.7804276,2.7058557,4.8175802,0.73662148,2.0628628,2.9455374,6.0762396,0.7405374,1.9121016,2.7991663,5.3522904,0.79064314,1.9230331,3.0216492,5.8107315
experiment_0a_best,file,16,,8323,142.Black_Tern/Black_Tern_0069_144359.jpg,142,141,142.Black_Tern,160,159,random_resized_crop,random_resized_crop,0,"{""area_fraction"":0.508045,""aspect"":0.918262,""fallback"":false,""height"":0.74382,""left"":0.267907,""top"":0.160293,""width"":0.683021}",0.035821337,0.085927352,0.050106015,0.96481264,0.91766089,0.0086582582,0.048445873,0.95615438,0.86921502,-0.086939359,0.57746072,2.5240864,5.9522688,15.024041,False,0.96034586,True,True,True,0.57746072,2.5240864,5.9522688,15.024041,0.56317618,2.5188624,5.832371,14.69094,0.9054208,2.6467428,1.188677,3.1461223,0.43535193,2.6979482,1.0261623,2.7685327,0.46954981,2.2405428,2.7058557,6.0625856,0.52793317,2.5737328,2.9455374,7.5810264,0.59359394,2.7609061,2.7991663,7.7282354,0.66010334,2.4365836,3.0216492,7.3625009
experiment_0a_best,file,16,,8323,142.Black_Tern/Black_Tern_0069_144359.jpg,142,141,142.Black_Tern,160,159,gaussian_blur,gaussian_blur,0,"{""sigma"":1.713942}",0.035821337,0.57369858,0.53787724,0.96481264,0.56343764,0.0086582582,0.086640656,0.95615438,0.47679698,-0.47935739,0.46381906,14.84407,5.9522688,88.355895,False,0.86844349,True,True,True,0.46381906,14.84407,5.9522688,88.355895,0.45296796,14.972578,5.832371,87.325629,0.82711743,11.318107,1.188677,13.453574,0.2424033,17.002419,1.0261623,17.447241,0.36668672,14.692312,2.7058557,39.755276,0.48838523,17.979572,2.9455374,52.959501,0.42642453,14.623183,2.7991663,40.932723,0.57672025,11.750559,3.0216492,35.506066
experiment_0a_best,file,16,,8323,142.Black_Tern/Black_Tern_0069_144359.jpg,142,141,142.Black_Tern,160,159,random_erasing,random_erasing,0,"{""area_fraction"":0.1585,""erased"":true,""height"":0.294121,""left"":0.347322,""top"":0.0623,""width"":0.538893}",0.035821337,0.038911141,0.0030898042,0.96481264,0.96183616,0.0086582582,0.0022932182,0.95615438,0.95954294,0.0033885629,0.71415732,1.0292241,5.9522688,6.1262187,False,0.92382538,True,True,True,0.71415732,1.0292241,5.9522688,6.1262187,0.70693011,1.029683,5.832371,6.0054935,0.89017192,1.0181134,1.188677,1.210208,0.57453943,0.8479596,1.0261623,0.87014417,0.70479983,0.94350153,2.7058557,2.552979,0.72437237,1.0252868,2.9455374,3.0200206,0.66186768,1.02907,2.7991663,2.880538,0.74570953,1.116079,3.0216492,3.3723991
experiment_0a_best,file,16,,4275,074.Florida_Jay/Florida_Jay_0029_65114.jpg,74,73,074.Florida_Jay,111,110,identity,identity,0,{},4.2299204,4.2299204,0,0.014553546,0.014553546,0.26855722,0.26855722,-0.25400367,-0.25400367,0,1,1,149.48501,149.48501,False,1,True,False,False,1,1,149.48501,149.48501,1,1,147.3245,147.3245,1,1,25.323076,25.323076,1,1,36.914653,36.914653,1,1,69.60886,69.60886,1,1,76.042234,76.042234,1,1,75.545531,75.545531,1,1,63.299887,63.299887
experiment_0a_best,file,16,,4275,074.Florida_Jay/Florida_Jay_0029_65114.jpg,74,73,074.Florida_Jay,111,110,horizontal_flip,horizontal_flip,0,"{""flipped"":true}",4.2299204,3.3773186,-0.85260177,0.014553546,0.034138873,0.26855722,0.057268955,-0.25400367,-0.023130082,0.23087359,0.56689029,1.0141948,149.48501,151.60692,False,0.91309631,False,False,False,0.56689029,1.0141948,149.48501,151.60692,0.55773992,1.0139267,147.3245,149.37625,0.87380844,1.0232275,25.323076,25.911267,0.43198412,0.69962237,36.914653,25.826317,0.54430674,0.87995418,69.60886,61.252608,0.56482429,1.06593,76.042234,81.055697,0.55380737,1.0736587,75.545531,81.110117,0.61152542,1.0882742,63.299887,68.887634
experiment_0a_best,file,16,,4275,074.Florida_Jay/Florida_Jay_0029_65114.jpg,74,73,074.Florida_Jay,111,110,color_jitter,color_jitter,0,"{""brightness"":0.871275,""contrast"":0.644102,""hue"":0.031096,""saturation"":0.639211}",4.2299204,5.5118403,1.28192,0.014553546,0.0040386673,0.26855722,0.013935389,-0.25400367,-0.0098967217,0.24410695,0.49079294,1.3298346,149.48501,198.79034,False,0.81650323,False,False,False,0.49079294,1.3298346,149.48501,198.79034,0.48490902,1.33265,147.3245,196.332,0.70794562,1.2307505,25.323076,31.166387,0.19378349,1.2752533,36.914653,47.075532,0.60233462,1.502701,69.60886,104.6013,0.47664906,1.3352225,76.042234,101.5333,0.46766476,1.2104379,75.545531,91.443177,0.4611398,1.2948284,63.299887,81.96249
experiment_0a_best,file,16,,4275,074.Florida_Jay/Florida_Jay_0029_65114.jpg,74,73,074.Florida_Jay,111,110,rotation,rotation,0,"{""angle"":10.539079}",4.2299204,4.4034433,0.17352295,0.014553546,0.012235138,0.26855722,0.021518622,-0.25400367,-0.009283484,0.24472019,0.53409855,1.212815,149.48501,181.29766,False,0.89598852,False,False,False,0.53409855,1.212815,149.48501,181.29766,0.52609175,1.2160948,147.3245,179.16057,0.83760264,1.0960312,25.323076,27.75488,0.35022947,1.3466001,36.914653,49.709276,0.52132678,1.1643923,69.60886,81.05202,0.51870839,1.2684455,76.042234,96.455433,0.53563549,1.2230168,75.545531,92.393456,0.60336052,1.1411519,63.299887,72.234789
experiment_0a_best,file,16,,4275,074.Florida_Jay/Florida_Jay_0029_65114.jpg,74,73,074.Florida_Jay,111,110,random_resized_crop,random_resized_crop,0,"{""area_fraction"":0.722378,""aspect"":0.785988,""fallback"":false,""height"":0.958681,""left"":0.018867,""top"":0.020301,""width"":0.753513}",4.2299204,3.3758874,-0.85403299,0.014553546,0.034187775,0.26855722,0.12483889,-0.25400367,-0.090651114,0.16335256,0.71165208,1.0157924,149.48501,151.84573,False,0.94902313,True,False,False,0.71165208,1.0157924,149.48501,151.84573,0.70561959,1.0180098,147.3245,149.97778,0.93567326,0.93765442,25.323076,23.744294,0.52955042,1.0878492,36.914653,40.157574,0.7581446,1.122531,69.60886,78.138106,0.69505818,1.0040359,76.042234,76.349131,0.69571697,0.97121292,75.545531,73.370795,0.73862924,0.9429427,63.299887,59.688167
experiment_0a_best,file,16,,4275,074.Florida_Jay/Florida_Jay_0029_65114.jpg,74,73,074.Florida_Jay,111,110,gaussian_blur,gaussian_blur,0,"{""sigma"":1.683897}",4.2299204,5.4189386,1.1890182,0.014553546,0.0044318493,0.26855722,0.016500145,-0.25400367,-0.012068296,0.24193538,0.52275423,1.0630168,149.48501,158.90508,False,0.81179702,False,False,False,0.52275423,1.0630168,149.48501,158.90508,0.51512144,1.0624825,147.3245,156.52971,0.77676204,1.0809459,25.323076,27.372875,0.37013279,1.1258481,36.914653,41.560293,0.59316091,1.2514465,69.60886,87.111763,0.51311013,1.0689595,76.042234,81.286072,0.48671073,0.94628149,75.545531,71.487338,0.5135294,0.93032486,63.299887,58.889459
experiment_0a_best,file,16,,4275,074.Florida_Jay/Florida_Jay_0029_65114.jpg,74,73,074.Florida_Jay,111,110,random_erasing,random_erasing,0,"{""area_fraction"":0.136745,""erased"":true,""height"":0.341425,""left"":0.328039,""top"":0.087012,""width"":0.400512}",4.2299204,4.196578,-0.033342361,0.014553546,0.01504698,0.26855722,0.0087090237,-0.25400367,0.0063379565,0.26034163,0.44159974,0.57982333,149.48501,86.674895,False,0.76977313,False,False,False,0.44159974,0.57982333,149.48501,86.674895,0.42999194,0.56109044,147.3245,82.66237,0.73491037,1.0293632,25.323076,26.066643,0.19215623,0.50973406,36.914653,18.816656,0.4236959,0.42514801,69.60886,29.594068,0.49821009,0.52000861,76.042234,39.542616,0.44036558,0.52450018,75.545531,39.623645,0.44950124,0.78506411,63.299887,49.69447
experiment_0a_best,file,16,,4612,079.Belted_Kingfisher/Belted_Kingfisher_0084_70399.jpg,79,78,079.Belted_Kingfisher,82,81,identity,identity,0,{},0.1684778,0.1684778,0,0.84495002,0.84495002,0.12028079,0.12028079,0.72466923,0.72466923,0,1,1,24.083475,24.083475,False,1,True,True,True,1,1,24.083475,24.083475,1,1,23.375668,23.375668,1,1,5.7958547,5.7958547,1,1,5.310831,5.310831,1,1,8.4563092,8.4563092,1,1,11.777016,11.777016,1,1,12.482661,12.482661,1,1,12.336644,12.336644
experiment_0a_best,file,16,,4612,079.Belted_Kingfisher/Belted_Kingfisher_0084_70399.jpg,79,78,079.Belted_Kingfisher,82,81,horizontal_flip,horizontal_flip,0,"{""flipped"":true}",0.1684778,0.031230241,-0.13724756,0.84495002,0.96925241,0.12028079,0.013820291,0.72466923,0.95543212,0.23076288,0.58193473,0.18184745,24.083475,4.3795184,False,0.96872759,True,True,True,0.58193473,0.18184745,24.083475,4.3795184,0.56166093,0.1825739,23.375668,4.2677867,0.93845449,0.1695943,5.7958547,0.9829439,0.45032571,0.17799083,5.310831,0.9452792,0.4260526,0.18583058,8.4563092,1.5714409,0.53096452,0.17375837,11.777016,2.0463551,0.56331758,0.17905645,12.482661,2.235101,0.66726195,0.1929787,12.336644,2.3807096
experiment_0a_best,file,16,,4612,079.Belted_Kingfisher/Belted_Kingfisher_0084_70399.jpg,79,78,079.Belted_Kingfisher,82,81,color_jitter,color_jitter,0,"{""brightness"":1.339146,""contrast"":0.96765,""hue"":0.047005,""saturation"":0.919483}",0.1684778,0.63601756,0.46753976,0.84495002,0.52939653,0.12028079,0.071470946,0.72466923,0.45792559,-0.26674365,0.49970379,2.7155712,24.083475,65.40039,False,0.95401698,True,True,True,0.49970379,2.7155712,24.083475,65.40039,0.48336654,2.7382256,23.375668,64.007851,0.82054955,2.3161527,5.7958547,13.424085,0.55774703,3.2037931,5.310831,17.014804,0.47715151,3.1111559,8.4563092,26.308896,0.40565901,2.8358929,11.777016,33.398357,0.46075658,2.6406659,12.482661,32.962538,0.58344323,2.449768,12.336644,30.221917
experiment_0a_best,file,16,,4612,079.Belted_Kingfisher/Belted_Kingfisher_0084_70399.jpg,79,78,079.Belted_Kingfisher,82,81,rotation,rotation,0,"{""angle"":-4.701342}",0.1684778,0.54965973,0.38118193,0.84495002,0.57714617,0.12028079,0.36849231,0.72466923,0.20865387,-0.51601537,0.76043854,2.8963725,24.083475,69.754714,False,0.97513175,True,True,True,0.76043854,2.8963725,24.083475,69.754714,0.74692096,2.8904717,23.375668,67.566704,0.97336673,2.9907234,5.7958547,17.333798,0.7213616,3.2010484,5.310831,17.000227,0.57528434,2.9009173,8.4563092,24.531054,0.73900398,2.8600097,11.777016,33.682381,0.75153819,2.7376534,12.482661,34.173199,0.83482347,3.0026639,12.336644,37.042797
experiment_0a_best,file,16,,4612,079.Belted_Kingfisher/Belted_Kingfisher_0084_70399.jpg,79,78,079.Belted_Kingfisher,82,81,random_resized_crop,random_resized_crop,0,"{""area_fraction"":0.679085,""aspect"":0.976634,""fallback"":false,""height"":0.833866,""left"":0.012645,""top"":0.045154,""width"":0.814382}",0.1684778,0.11810278,-0.050375022,0.84495002,0.8886047,0.12028079,0.01857177,0.72466923,0.87003293,0.1453637,0.53209785,0.73192842,24.083475,17.62738,False,0.95857275,True,True,True,0.53209785,0.73192842,24.083475,17.62738,0.51828661,0.74025943,23.375668,17.304058,0.83412082,0.57983981,5.7958547,3.3606673,0.56792654,0.99642059,5.310831,5.2918213,0.42443082,0.88657284,8.4563092,7.4971341,0.50277452,0.78204748,11.777016,9.2101859,0.51683082,0.64486244,12.482661,8.0495994,0.60358499,0.65651276,12.336644,8.0991645
experiment_0a_best,file,16,,4612,079.Belted_Kingfisher/Belted_Kingfisher_0084_70399.jpg,79,78,079.Belted_Kingfisher,82,81,gaussian_blur,gaussian_blur,0,"{""sigma"":1.32843}",0.1684778,0.9587512,0.7902734,0.84495002,0.38337132,0.12028079,0.078059636,0.72466923,0.30531169,-0.41935755,0.30367771,4.1795823,24.083475,100.65886,False,0.88461143,True,True,True,0.30367771,4.1795823,24.083475,100.65886,0.28442145,4.2370111,23.375668,99.042962,0.746179,3.0994253,5.7958547,17.963819,0.069628357,5.1217377,5.310831,27.200683,0.062001039,5.1999878,8.4563092,43.972705,0.26669911,4.5955273,11.777016,54.1216,0.32212868,3.9590107,12.482661,49.41899,0.4952807,3.4051169,12.336644,42.007716
experiment_0a_best,file,16,,4612,079.Belted_Kingfisher/Belted_Kingfisher_0084_70399.jpg,79,78,079.Belted_Kingfisher,82,81,random_erasing,random_erasing,0,"{""area_fraction"":0.070826,""erased"":true,""height"":0.233382,""left"":0.157637,""top"":0.066079,""width"":0.303475}",0.1684778,0.15457511,-0.013902694,0.84495002,0.85677916,0.12028079,0.10040467,0.72466923,0.75637449,0.031705253,0.95583725,0.8899436,24.083475,21.432934,False,0.9910984,True,True,True,0.95583725,0.8899436,24.083475,21.432934,0.95371965,0.88779345,23.375668,20.752765,0.98965187,0.92421671,5.7958547,5.3566257,0.96388592,0.87376486,5.310831,4.6404174,0.93908957,0.92089695,8.4563092,7.7873894,0.95595512,0.88407271,11.777016,10.411739,0.95800889,0.87852757,12.482661,10.966362,0.95301566,0.88734941,12.336644,10.946914
experiment_0a_best,file,16,,5800,099.Ovenbird/Ovenbird_0096_93131.jpg,99,98,099.Ovenbird,183,182,identity,identity,0,{},0.081935607,0.081935607,0,0.92133129,0.92133129,0.015162266,0.015162266,0.90616902,0.90616902,0,1,1,13.682351,13.682351,False,1,True,True,True,1,1,13.682351,13.682351,1,1,13.504039,13.504039,1,1,2.2017393,2.2017393,1,1,2.5863008,2.5863008,1,1,7.5521189,7.5521189,1,1,6.2303801,6.2303801,1,1,6.1976505,6.1976505,1,1,6.4348363,6.4348363
experiment_0a_best,file,16,,5800,099.Ovenbird/Ovenbird_0096_93131.jpg,99,98,099.Ovenbird,183,182,horizontal_flip,horizontal_flip,0,"{""flipped"":true}",0.081935607,0.046170671,-0.035764936,0.92133129,0.95487899,0.015162266,0.014795958,0.90616902,0.94008303,0.033914007,0.77651907,0.6216775,13.682351,8.5060098,False,0.96221983,True,True,True,0.77651907,0.6216775,13.682351,8.5060098,0.7717636,0.62110337,13.504039,8.3874043,0.94979412,0.64290278,2.2017393,1.4155043,0.73832976,0.53992746,2.5863008,1.3964148,0.84956044,0.64292507,7.5521189,4.8554466,0.71010238,0.59622762,6.2303801,3.7147247,0.71247063,0.62986772,6.1976505,3.9037,0.77923453,0.61742899,6.4348363,3.9730545
experiment_0a_best,file,16,,5800,099.Ovenbird/Ovenbird_0096_93131.jpg,99,98,099.Ovenbird,183,182,color_jitter,color_jitter,0,"{""brightness"":0.971668,""contrast"":1.371322,""hue"":-0.072608,""saturation"":1.236482}",0.081935607,0.063937798,-0.017997809,0.92133129,0.93806332,0.015162266,0.0074313739,0.90616902,0.93063195,0.024462929,0.78776553,1.0073416,13.682351,13.782801,False,0.91388381,True,True,True,0.78776553,1.0073416,13.682351,13.782801,0.78592077,1.0076871,13.504039,13.607847,0.85816804,0.99425496,2.2017393,2.1890902,0.76161256,1.1505285,2.5863008,2.9756129,0.83084648,0.92378751,7.5521189,6.9765531,0.78811774,1.1223012,6.2303801,6.9923633,0.75121864,1.0193655,6.1976505,6.3176712,0.7739151,0.9685156,6.4348363,6.2322393
experiment_0a_best,file,16,,5800,099.Ovenbird/Ovenbird_0096_93131.jpg,99,98,099.Ovenbird,183,182,rotation,rotation,0,"{""angle"":13.980667}",0.081935607,0.04578995,-0.036145657,0.92133129,0.95524257,0.015162266,0.008674223,0.90616902,0.94656835,0.040399331,0.7837437,0.50697389,13.682351,6.9365949,False,0.96356893,True,True,True,0.7837437,0.50697389,13.682351,6.9365949,0.77886987,0.50576757,13.504039,6.8299051,0.95493839,0.5504365,2.2017393,1.2119177,0.66816576,0.47768003,2.5863008,1.2354242,0.85280921,0.50745783,7.5521189,3.8323819,0.67835849,0.45219097,6.2303801,2.8173217,0.74138746,0.50557355,6.1976505,3.1333681,0.81675572,0.55335392,6.4348363,3.5607419
experiment_0a_best,file,16,,5800,099.Ovenbird/Ovenbird_0096_93131.jpg,99,98,099.Ovenbird,183,182,random_resized_crop,random_resized_crop,0,"{""area_fraction"":0.80001,""aspect"":0.816794,""fallback"":false,""height"":0.989672,""left"":0.142054,""top"":0.002141,""width"":0.808358}",0.081935607,0.18253437,0.10059876,0.92133129,0.83315599,0.015162266,0.010777892,0.90616902,0.8223781,-0.083790923,0.83384849,2.4684967,13.682351,33.774839,False,0.9667353,True,True,True,0.83384849,2.4684967,13.682351,33.774839,0.83115819,2.4738609,13.504039,33.407114,0.94816601,2.2574691,2.2017393,4.9703584,0.78404077,2.5657709,2.5863008,6.6358553,0.87928252,2.2343191,7.5521189,16.873843,0.81499252,2.9286855,6.2303801,18.246824,0.80861424,2.5837462,6.1976505,16.013156,0.84566036,2.1862126,6.4348363,14.067921
experiment_0a_best,file,16,,5800,099.Ovenbird/Ovenbird_0096_93131.jpg,99,98,099.Ovenbird,183,182,gaussian_blur,gaussian_blur,0,"{""sigma"":1.690463}",0.081935607,0.48880684,0.40687124,0.92133129,0.61335778,0.015162266,0.006691704,0.90616902,0.60666608,-0.29950294,0.64728892,5.9259793,13.682351,81.08133,False,0.87852216,True,True,True,0.64728892,5.9259793,13.682351,81.08133,0.64330947,5.9502043,13.504039,80.351793,0.83926375,4.9289472,2.2017393,10.852257,0.75151648,6.5626607,2.5863008,16.973015,0.66501424,5.6588602,7.5521189,42.736385,0.62892517,7.6618757,6.2303801,47.736398,0.63476579,5.7876718,6.1976505,35.869967,0.68176037,4.3304814,6.4348363,27.865939
experiment_0a_best,file,16,,5800,099.Ovenbird/Ovenbird_0096_93131.jpg,99,98,099.Ovenbird,183,182,random_erasing,random_erasing,0,"{""area_fraction"":0.193169,""erased"":true,""height"":0.688624,""left"":0.514024,""top"":0.201351,""width"":0.280515}",0.081935607,0.33027375,0.24833814,0.92133129,0.71872693,0.015162266,0.063169181,0.90616902,0.65555775,-0.25061127,0.6404743,2.887495,13.682351,39.507721,False,0.83506286,True,True,True,0.6404743,2.887495,13.682351,39.507721,0.63506957,2.8595407,13.504039,38.61535,0.8185828,3.7922468,2.2017393,8.3495388,0.57556667,2.7359342,2.5863008,7.0759487,0.77281878,2.5363454,7.5521189,19.154782,0.51306681,2.9662562,6.2303801,18.480904,0.60148715,2.9238581,6.1976505,18.12105,0.63541105,3.1245666,6.4348363,20.106075
experiment_0a_best,file,16,,7074,121.Grasshopper_Sparrow/Grasshopper_Sparrow_0110_115644.jpg,121,120,121.Grasshopper_Sparrow,128,127,identity,identity,0,{},0.55404884,0.55404884,0,0.57461858,0.57461858,0.051286183,0.051286183,0.52333239,0.52333239,0,1,1,72.093644,72.093644,False,1,True,True,True,1,1,72.093644,72.093644,1,1,71.166187,71.166187,1,1,11.526812,11.526812,1,1,25.154753,25.154753,1,1,33.115919,33.115919,1,1,37.627263,37.627263,1,1,32.223232,32.223232,1,1,29.682535,29.682535
experiment_0a_best,file,16,,7074,121.Grasshopper_Sparrow/Grasshopper_Sparrow_0110_115644.jpg,121,120,121.Grasshopper_Sparrow,128,127,horizontal_flip,horizontal_flip,0,"{""flipped"":true}",0.55404884,0.83184695,0.27779812,0.57461858,0.43524468,0.051286183,0.25725231,0.52333239,0.17799237,-0.34534002,0.56117668,1.3516271,72.093644,97.443726,False,0.95652384,True,True,True,0.56117668,1.3516271,72.093644,97.443726,0.5515605,1.3490665,71.166187,96.007918,0.90449834,1.4458563,11.526812,16.666114,0.74589225,1.0607514,25.154753,26.682939,0.4201132,1.3942584,33.115919,46.172148,0.52462924,1.421889,37.627263,53.501792,0.53136376,1.2907146,32.223232,41.590996,0.68426985,1.4219434,29.682535,42.206886
experiment_0a_best,file,16,,7074,121.Grasshopper_Sparrow/Grasshopper_Sparrow_0110_115644.jpg,121,120,121.Grasshopper_Sparrow,128,127,color_jitter,color_jitter,0,"{""brightness"":1.367194,""contrast"":1.01985,""hue"":-0.094538,""saturation"":0.825622}",0.55404884,0.21163559,-0.34241325,0.57461858,0.80925953,0.051286183,0.0014594069,0.52333239,0.80780013,0.28446773,0.65947204,0.40331685,72.093644,29.076581,False,0.90726823,True,True,True,0.65947204,0.40331685,72.093644,29.076581,0.65285972,0.40145502,71.166187,28.570023,0.88301936,0.46880512,11.526812,5.4038284,0.72626306,0.29090615,25.154753,7.3176724,0.67475104,0.36156657,33.115919,11.973609,0.62339041,0.41270648,37.627263,15.529015,0.63029079,0.44287872,32.223232,14.270984,0.69383992,0.44506223,29.682535,13.210575
experiment_0a_best,file,16,,7074,121.Grasshopper_Sparrow/Grasshopper_Sparrow_0110_115644.jpg,121,120,121.Grasshopper_Sparrow,128,127,rotation,rotation,0,"{""angle"":-2.212399}",0.55404884,0.15348034,-0.4005685,0.57461858,0.85771763,0.051286183,0.0037653241,0.52333239,0.85395231,0.33061991,0.79232279,0.30440459,72.093644,21.945637,False,0.95889926,True,True,True,0.79232279,0.30440459,72.093644,21.945637,0.78826418,0.30189912,71.166187,21.485009,0.93694584,0.38802873,11.526812,4.4727342,0.82889758,0.23964114,25.154753,6.0281136,0.77621303,0.28881043,33.115919,9.5642227,0.7535709,0.3021208,37.627263,11.367979,0.7882176,0.30881631,32.223232,9.9510596,0.84817834,0.3461024,29.682535,10.273197
experiment_0a_best,file,16,,7074,121.Grasshopper_Sparrow/Grasshopper_Sparrow_0110_115644.jpg,121,120,121.Grasshopper_Sparrow,128,127,random_resized_crop,random_resized_crop,0,"{""area_fraction"":0.505722,""aspect"":0.823918,""fallback"":false,""height"":0.783455,""left"":0.327887,""top"":0.211254,""width"":0.645503}",0.55404884,0.062082905,-0.49196593,0.57461858,0.93980497,0.051286183,0.0017428766,0.52333239,0.93806209,0.4147297,0.54062381,0.1708492,72.093644,12.317142,False,0.9226144,True,True,True,0.54062381,0.1708492,72.093644,12.317142,0.53200858,0.17006462,71.166187,12.102851,0.82830015,0.19845657,11.526812,2.2875715,0.85102833,0.17023012,25.154753,4.2820966,0.38680089,0.14438346,33.115919,4.781391,0.44200984,0.18262821,37.627263,6.8717998,0.54247601,0.1762455,32.223232,5.6791997,0.60846547,0.1711431,29.682535,5.079961
experiment_0a_best,file,16,,7074,121.Grasshopper_Sparrow/Grasshopper_Sparrow_0110_115644.jpg,121,120,121.Grasshopper_Sparrow,128,127,gaussian_blur,gaussian_blur,0,"{""sigma"":1.601891}",0.55404884,1.9898248,1.4357759,0.57461858,0.13671939,0.051286183,0.0058539812,0.52333239,0.13086541,-0.39246699,0.42458103,2.3937683,72.093644,172.57548,False,0.87358874,False,True,False,0.42458103,2.3937683,72.093644,172.57548,0.41454777,2.3984292,71.166187,170.68706,0.84127206,2.2087826,11.526812,25.460222,0.35250572,2.6394148,25.154753,66.393828,0.36836077,2.5342589,33.115919,83.924311,0.41826943,2.503217,37.627263,94.189205,0.41827802,2.2594201,32.223232,72.805817,0.5455411,1.9960628,29.682535,59.248206
experiment_0a_best,file,16,,7074,121.Grasshopper_Sparrow/Grasshopper_Sparrow_0110_115644.jpg,121,120,121.Grasshopper_Sparrow,128,127,random_erasing,random_erasing,0,"{""area_fraction"":0.105016,""erased"":true,""height"":0.231139,""left"":0.119805,""top"":0.440562,""width"":0.454338}",0.55404884,0.3630822,-0.19096664,0.57461858,0.69552928,0.051286183,0.021456672,0.52333239,0.67407261,0.15074022,0.83657964,0.66630867,72.093644,48.03662,False,0.96754432,True,True,True,0.83657964,0.66630867,72.093644,48.03662,0.83313636,0.66314938,71.166187,47.193813,0.95881007,0.77721788,11.526812,8.9588444,0.8692677,0.51492751,25.154753,12.952874,0.86727688,0.60791764,33.115919,20.131751,0.82625551,0.69363036,37.627263,26.099412,0.81659405,0.72190449,32.223232,23.262096,0.83199012,0.70013885,29.682535,20.781896
experiment_0a_best,file,16,,2325,041.Scissor_tailed_Flycatcher/Scissor_Tailed_Flycatcher_0110_42136.jpg,41,40,041.Scissor_tailed_Flycatcher,32,31,identity,identity,0,{},4.7605467,4.7605467,0,0.0085609276,0.0085609276,0.49563229,0.49563229,-0.48707136,-0.48707136,0,1,1,167.51612,167.51612,False,0.99999994,True,False,False,1,1,167.51612,167.51612,1,1,164.00881,164.00881,1,1,34.0993,34.0993,1,1,28.289505,28.289505,1,1,64.576033,64.576033,1,1,90.059844,90.059844,1,1,85.028269,85.028269,1,1,81.166168,81.166168
experiment_0a_best,file,16,,2325,041.Scissor_tailed_Flycatcher/Scissor_Tailed_Flycatcher_0110_42136.jpg,41,40,041.Scissor_tailed_Flycatcher,32,31,horizontal_flip,horizontal_flip,0,"{""flipped"":true}",4.7605467,5.9418507,1.181304,0.0085609276,0.002627163,0.49563229,0.42804575,-0.48707136,-0.42541859,0.061652777,0.58458582,1.0610056,167.51612,177.73554,False,0.95363337,False,False,False,0.58458582,1.0610056,167.51612,177.73554,0.56752372,1.0567622,164.00881,173.31831,0.94797599,1.1548252,34.0993,39.37873,0.64216768,1.0240661,28.289505,28.970324,0.48953816,0.92952777,64.576033,60.025216,0.52733341,1.0058509,90.059844,90.586774,0.53860932,1.1285425,85.028269,95.958015,0.68258487,1.1145048,81.166168,90.460086
experiment_0a_best,file,16,,2325,041.Scissor_tailed_Flycatcher/Scissor_Tailed_Flycatcher_0110_42136.jpg,41,40,041.Scissor_tailed_Flycatcher,32,31,color_jitter,color_jitter,0,"{""brightness"":1.311285,""contrast"":1.055811,""hue"":0.0578,""saturation"":1.047535}",4.7605467,6.8650894,2.1045427,0.0085609276,0.0010435893,0.49563229,0.66606873,-0.48707136,-0.66502514,-0.17795378,0.56531137,0.91087241,167.51612,152.58581,False,0.89944422,True,False,False,0.56531137,0.91087241,167.51612,152.58581,0.54981171,0.90146366,164.00881,147.84798,0.86875281,1.1064169,34.0993,37.72804,0.48113247,0.87473642,28.289505,24.74586,0.19689643,0.73137199,64.576033,47.229101,0.60421875,0.88326378,90.059844,79.546598,0.5346552,0.92725017,85.028269,78.842477,0.68636651,0.99118263,81.166168,80.450497
experiment_0a_best,file,16,,2325,041.Scissor_tailed_Flycatcher/Scissor_Tailed_Flycatcher_0110_42136.jpg,41,40,041.Scissor_tailed_Flycatcher,32,31,rotation,rotation,0,"{""angle"":-12.416296}",4.7605467,6.0848327,1.324286,0.0085609276,0.0022771459,0.49563229,0.16765811,-0.48707136,-0.16538096,0.3216904,0.62959379,0.95018618,167.51612,159.1715,False,0.93836284,False,False,False,0.62959379,0.95018618,167.51612,159.1715,0.61982576,0.95513473,164.00881,156.65051,0.89667537,0.82748833,34.0993,28.216773,0.50847145,1.4175397,28.289505,40.101498,0.60621944,1.013403,64.576033,65.441543,0.62747636,0.94827175,90.059844,85.401206,0.58459085,0.9248068,85.028269,78.634722,0.69403631,0.88603072,81.166168,71.915718
experiment_0a_best,file,16,,2325,041.Scissor_tailed_Flycatcher/Scissor_Tailed_Flycatcher_0110_42136.jpg,41,40,041.Scissor_tailed_Flycatcher,32,31,random_resized_crop,random_resized_crop,0,"{""area_fraction"":0.650257,""aspect"":1.156319,""fallback"":false,""height"":0.7499,""left"":0.08327,""top"":0.243917,""width"":0.867124}",4.7605467,6.2767038,1.5161572,0.0085609276,0.0018795861,0.49563229,0.42824024,-0.48707136,-0.42636065,0.06071071,0.56494929,0.67134675,167.51612,112.4614,False,0.89771652,True,False,False,0.56494929,0.67134675,167.51612,112.4614,0.55101697,0.67026292,164.00881,109.92902,0.87574114,0.69594858,34.0993,23.731359,0.62720145,0.62633739,28.289505,17.718775,0.4792887,0.55916946,64.576033,36.108945,0.50003402,0.61318498,90.059844,55.223344,0.50701057,0.68537692,85.028269,58.276414,0.68068372,0.78123616,81.166168,63.409946
experiment_0a_best,file,16,,2325,041.Scissor_tailed_Flycatcher/Scissor_Tailed_Flycatcher_0110_42136.jpg,41,40,041.Scissor_tailed_Flycatcher,32,31,gaussian_blur,gaussian_blur,0,"{""sigma"":1.694904}",4.7605467,5.0975013,0.33695459,0.0085609276,0.006112,0.49563229,0.41585901,-0.48707136,-0.40974701,0.077324349,0.5333177,0.63942123,167.51612,107.11337,False,0.88348699,True,False,False,0.5333177,0.63942123,167.51612,107.11337,0.51855161,0.63873967,164.00881,104.75893,0.86659703,0.65499009,34.0993,22.334704,0.5252785,0.60358001,28.289505,17.07498,0.4485388,0.63551289,64.576033,41.038901,0.45624574,0.60447698,90.059844,54.439103,0.5031453,0.62456658,85.028269,53.105816,0.64279436,0.69856193,81.166168,56.699595
experiment_0a_best,file,16,,2325,041.Scissor_tailed_Flycatcher/Scissor_Tailed_Flycatcher_0110_42136.jpg,41,40,041.Scissor_tailed_Flycatcher,32,31,random_erasing,random_erasing,0,"{""area_fraction"":0.167342,""erased"":true,""height"":0.51238,""left"":0.627215,""top"":0.346478,""width"":0.326598}",4.7605467,5.1533623,0.39281559,0.0085609276,0.0057799383,0.49563229,0.27836213,-0.48707136,-0.27258219,0.21448918,0.87614054,0.95632726,167.51612,160.20024,False,0.96394992,False,False,False,0.87614054,0.95632726,167.51612,160.20024,0.87350964,0.95608454,164.00881,156.80629,0.93664868,0.96192535,34.0993,32.800981,0.92395071,0.94424726,28.289505,26.712288,0.88921796,1.0120953,64.576033,65.3571,0.89370759,0.94571449,90.059844,85.1709,0.85464362,0.94544348,85.028269,80.389423,0.85372063,0.94527073,81.166168,76.724003
experiment_0a_best,file,16,,8526,146.Forsters_Tern/Forsters_Tern_0118_151564.jpg,146,145,146.Forsters_Tern,145,144,identity,identity,0,{},0.30131531,0.30131531,0,0.73984444,0.73984444,0.11582715,0.11582715,0.62401729,0.62401729,0,1,1,53.183037,53.183037,False,1,True,True,True,1,1,53.183037,53.183037,1,1,52.406908,52.406908,1,1,9.0527006,9.0527006,1,1,16.321026,16.321026,1,1,25.50793,25.50793,1,1,23.410553,23.410553,1,1,25.001491,25.001491,1,1,25.618843,25.618843
experiment_0a_best,file,16,,8526,146.Forsters_Tern/Forsters_Tern_0118_151564.jpg,146,145,146.Forsters_Tern,145,144,horizontal_flip,horizontal_flip,0,"{""flipped"":true}",0.30131531,0.022045551,-0.27926976,0.73984444,0.97819567,0.11582715,0.0080060549,0.62401729,0.97018961,0.34617232,0.71101216,0.089527034,53.183037,4.7613196,False,0.95876706,True,True,True,0.71101216,0.089527034,53.183037,4.7613196,0.70452233,0.08966878,52.406908,4.6992636,0.94258602,0.084639419,9.0527006,0.76621531,0.88442523,0.10442811,16.321026,1.704374,0.68829691,0.088612525,25.50793,2.2603221,0.61978844,0.10067963,23.410553,2.3569658,0.66074063,0.082049727,25.001491,2.0513655,0.77375316,0.080996184,25.618843,2.0750285
experiment_0a_best,file,16,,8526,146.Forsters_Tern/Forsters_Tern_0118_151564.jpg,146,145,146.Forsters_Tern,145,144,color_jitter,color_jitter,0,"{""brightness"":0.817424,""contrast"":0.71577,""hue"":0.034309,""saturation"":1.015935}",0.30131531,0.66717446,0.36585915,0.73984444,0.51315647,0.11582715,0.39830506,0.62401729,0.11485142,-0.50916588,0.72316338,2.0283869,53.183037,107.87578,False,0.92868543,True,True,True,0.72316338,2.0283869,53.183037,107.87578,0.71882108,2.0243374,52.406908,106.08926,0.86103619,2.1597148,9.0527006,19.551251,0.66820433,1.6200976,16.321026,26.441656,0.72954853,2.3156791,25.50793,59.068181,0.65326542,2.1252112,23.410553,49.75237,0.73415485,1.8399702,25.001491,46.001997,0.78745992,1.9419991,25.618843,49.751769
experiment_0a_best,file,16,,8526,146.Forsters_Tern/Forsters_Tern_0118_151564.jpg,146,145,146.Forsters_Tern,145,144,rotation,rotation,0,"{""angle"":-9.291813}",0.30131531,0.17518537,-0.12612994,0.73984444,0.83930141,0.11582715,0.017269395,0.62401729,0.82203201,0.19801472,0.6768028,0.59420279,53.183037,31.601509,False,0.93012398,True,True,True,0.6768028,0.59420279,53.183037,31.601509,0.67202733,0.596646,52.406908,31.268372,0.87476991,0.50553869,9.0527006,4.5764904,0.44211135,0.56227302,16.321026,9.1768728,0.73778191,0.62094992,25.50793,15.839147,0.61275937,0.6532306,23.410553,15.29249,0.69795905,0.58314998,25.001491,14.579619,0.73334146,0.54674036,25.618843,14.006856
experiment_0a_best,file,16,,8526,146.Forsters_Tern/Forsters_Tern_0118_151564.jpg,146,145,146.Forsters_Tern,145,144,random_resized_crop,random_resized_crop,0,"{""area_fraction"":0.833495,""aspect"":0.878243,""fallback"":false,""height"":0.974191,""left"":0.14105,""top"":0.002878,""width"":0.855576}",0.30131531,0.17096214,-0.13035317,0.73984444,0.84285349,0.11582715,0.0810339,0.62401729,0.76181959,0.1378023,0.79266645,0.65820295,53.183037,35.005232,False,0.97328573,True,True,True,0.79266645,0.65820295,53.183037,35.005232,0.78802366,0.65995612,52.406908,34.58626,0.96877322,0.59647523,9.0527006,5.3997117,0.78872237,0.74623085,16.321026,12.179253,0.76670681,0.64471824,25.50793,16.445428,0.73135532,0.64812459,23.410553,15.172955,0.78689564,0.64965171,25.001491,16.242261,0.85933061,0.65710592,25.618843,16.834294
experiment_0a_best,file,16,,8526,146.Forsters_Tern/Forsters_Tern_0118_151564.jpg,146,145,146.Forsters_Tern,145,144,gaussian_blur,gaussian_blur,0,"{""sigma"":1.108618}",0.30131531,1.7562864,1.4549711,0.73984444,0.17268495,0.11582715,0.4564285,0.62401729,-0.28374355,-0.90776084,0.64934574,3.0977108,53.183037,164.74567,False,0.88510239,False,True,False,0.64934574,3.0977108,53.183037,164.74567,0.64369955,3.1071173,52.406908,162.83441,0.8663937,2.764012,9.0527006,25.021773,0.62600432,3.6269649,16.321026,59.19579,0.59363503,3.4078647,25.50793,86.927575,0.56827488,3.0756664,23.410553,72.003051,0.66354226,2.8624104,25.001491,71.564527,0.77622057,2.8008136,25.618843,71.753604
experiment_0a_best,file,16,,8526,146.Forsters_Tern/Forsters_Tern_0118_151564.jpg,146,145,146.Forsters_Tern,145,144,random_erasing,random_erasing,0,"{""area_fraction"":0.097624,""erased"":true,""height"":0.395004,""left"":0.72787,""top"":0.425833,""width"":0.247148}",0.30131531,0.88179398,0.58047867,0.73984444,0.41403949,0.11582715,0.092031904,0.62401729,0.32200759,-0.3020097,0.87216569,2.4424986,53.183037,129.89949,False,0.98152494,True,True,True,0.87216569,2.4424986,53.183037,129.89949,0.87044894,2.4450919,52.406908,128.13971,0.93254023,2.3539363,9.0527006,21.309481,0.84867592,1.7868654,16.321026,29.163477,0.87358348,2.4062646,25.50793,61.378829,0.86814951,2.6042241,23.410553,60.966327,0.87623907,2.5846061,25.001491,64.619005,0.88589342,2.440596,25.618843,62.525246
experiment_0a_best,file,16,,6685,115.Brewer_Sparrow/Brewer_Sparrow_0069_796709.jpg,115,114,115.Brewer_Sparrow,131,130,identity,identity,0,{},5.1224141,5.1224141,0,0.0059616128,0.0059616128,0.78548884,0.78548884,-0.77952723,-0.77952723,0,1,1,223.13741,223.13741,False,1,True,False,False,1,1,223.13741,223.13741,1,1,220.7562,220.7562,1,1,32.511615,32.511615,1,1,39.819902,39.819902,1,1,127.01892,127.01892,1,1,121.13922,121.13922,1,1,98.556358,98.556358,1,1,81.399033,81.399033
experiment_0a_best,file,16,,6685,115.Brewer_Sparrow/Brewer_Sparrow_0069_796709.jpg,115,114,115.Brewer_Sparrow,131,130,horizontal_flip,horizontal_flip,0,"{""flipped"":true}",5.1224141,4.0322199,-1.0901942,0.0059616128,0.017734921,0.78548884,0.23959762,-0.77952723,-0.2218627,0.55766453,0.65634488,0.66277344,223.13741,147.88955,False,0.95071548,True,False,False,0.65634488,0.66277344,223.13741,147.88955,0.65159687,0.66057761,220.7562,145.8266,0.85330436,0.75712837,32.511615,24.615466,0.70933,0.61950803,39.819902,24.668749,0.71214482,0.65192881,127.01892,82.807291,0.62426031,0.63904323,121.13922,77.413196,0.58222152,0.63284144,98.556358,62.370547,0.65876664,0.76886977,81.399033,62.585256
experiment_0a_best,file,16,,6685,115.Brewer_Sparrow/Brewer_Sparrow_0069_796709.jpg,115,114,115.Brewer_Sparrow,131,130,color_jitter,color_jitter,0,"{""brightness"":0.742607,""contrast"":1.152806,""hue"":0.002673,""saturation"":1.27489}",5.1224141,5.5695491,0.44713497,0.0059616128,0.0038121985,0.78548884,0.71268135,-0.77952723,-0.70886915,0.070658077,0.91626962,0.94017643,223.13741,209.78853,False,0.98714703,True,False,False,0.91626962,0.94017643,223.13741,209.78853,0.91471807,0.93943736,220.7562,207.38662,0.98586406,0.97364272,32.511615,31.654697,0.4781803,0.86794189,39.819902,34.561361,0.92362338,0.96973484,127.01892,123.17467,0.93323135,0.92333758,121.13922,111.85239,0.92546726,0.92224666,98.556358,90.893272,0.935358,0.94125302,81.399033,76.617086
experiment_0a_best,file,16,,6685,115.Brewer_Sparrow/Brewer_Sparrow_0069_796709.jpg,115,114,115.Brewer_Sparrow,131,130,rotation,rotation,0,"{""angle"":10.203433}",5.1224141,3.4505286,-1.6718855,0.0059616128,0.031728853,0.78548884,0.1484745,-0.77952723,-0.11674565,0.66278158,0.49190913,0.51954062,223.13741,115.92895,False,0.87164974,False,False,False,0.49190913,0.51954062,223.13741,115.92895,0.48494022,0.51356381,220.7562,113.37239,0.7467612,0.74471895,32.511615,24.212016,0.51415823,0.46540543,39.819902,18.532399,0.64996905,0.40957891,127.01892,52.024269,0.41778,0.46248091,121.13922,56.024575,0.39796485,0.59648129,98.556358,58.787024,0.50344982,0.69589297,81.399033,56.645015
experiment_0a_best,file,16,,6685,115.Brewer_Sparrow/Brewer_Sparrow_0069_796709.jpg,115,114,115.Brewer_Sparrow,131,130,random_resized_crop,random_resized_crop,0,"{""area_fraction"":0.797705,""aspect"":1.153926,""fallback"":false,""height"":0.831442,""left"":0.021714,""top"":0.093866,""width"":0.959423}",5.1224141,3.9123199,-1.2100942,0.0059616128,0.019994063,0.78548884,0.39965841,-0.77952723,-0.37966435,0.39986288,0.78008714,0.72112039,223.13741,160.90893,False,0.9483189,True,False,False,0.78008714,0.72112039,223.13741,160.90893,0.77711344,0.71911987,220.7562,158.75017,0.90728491,0.80799366,32.511615,26.269179,0.81429479,0.76047115,39.819902,30.281886,0.82820077,0.74621757,127.01892,94.783747,0.7628887,0.70208187,121.13922,85.049647,0.72875846,0.66535715,98.556358,65.575177,0.74286104,0.75402432,81.399033,61.376851
experiment_0a_best,file,16,,6685,115.Brewer_Sparrow/Brewer_Sparrow_0069_796709.jpg,115,114,115.Brewer_Sparrow,131,130,gaussian_blur,gaussian_blur,0,"{""sigma"":1.297887}",5.1224141,4.6421285,-0.48028564,0.0059616128,0.0096371612,0.78548884,0.019482842,-0.77952723,-0.0098456806,0.76968155,0.33577291,1.0101824,223.13741,225.40949,False,0.83024883,False,False,False,0.33577291,1.0101824,223.13741,225.40949,0.33058684,1.0132796,220.7562,223.68775,0.62379093,0.85529376,32.511615,27.806982,0.40139677,1.024192,39.819902,40.783227,0.45979446,0.90793699,127.01892,115.32517,0.23042544,1.104118,121.13922,133.75199,0.26756811,1.0216765,98.556358,100.69271,0.37303824,1.0311066,81.399033,83.931079
experiment_0a_best,file,16,,6685,115.Brewer_Sparrow/Brewer_Sparrow_0069_796709.jpg,115,114,115.Brewer_Sparrow,131,130,random_erasing,random_erasing,0,"{""area_fraction"":0.100198,""erased"":true,""height"":0.488455,""left"":0.533594,""top"":0.359104,""width"":0.205133}",5.1224141,5.003335,-0.11907911,0.0059616128,0.0067155142,0.78548884,0.83737332,-0.77952723,-0.8306578,-0.051130571,0.89241877,1.056055,223.13741,235.64538,False,0.95558363,True,False,False,0.89241877,1.056055,223.13741,235.64538,0.89102786,1.0541054,220.7562,232.70031,0.95441198,1.1423328,32.511615,37.139083,0.93322847,1.1512583,39.819902,45.842993,0.93052872,1.0278468,127.01892,130.55599,0.90719691,1.0583769,121.13922,128.21095,0.84151085,1.045545,98.556358,103.04511,0.82705955,1.0951474,81.399033,89.143941
experiment_0a_best,file,16,,15,001.Black_footed_Albatross/Black_Footed_Albatross_0040_796066.jpg,1,0,001.Black_footed_Albatross,2,1,identity,identity,0,{},0.0092821717,0.0092821717,0,0.9907608,0.9907608,0.0041181091,0.0041181091,0.98664269,0.98664269,0,1,1,1.7749987,1.7749987,False,0.99999988,True,True,True,1,1,1.7749987,1.7749987,1,1,1.7510541,1.7510541,1,1,0.2905683,0.2905683,1,1,0.47374,0.47374,1,1,0.82023952,0.82023952,1,1,0.93034242,0.93034242,1,1,0.86052203,0.86052203,1,1,0.75028842,0.75028842
experiment_0a_best,file,16,,15,001.Black_footed_Albatross/Black_Footed_Albatross_0040_796066.jpg,1,0,001.Black_footed_Albatross,2,1,horizontal_flip,horizontal_flip,0,"{""flipped"":true}",0.0092821717,0.019634532,0.01035236,0.9907608,0.98055696,0.0041181091,0.0044744485,0.98664269,0.97608252,-0.010560178,0.66343552,2.2268209,1.7749987,3.9526042,False,0.96998489,True,True,True,0.66343552,2.2268209,1.7749987,3.9526042,0.65633441,2.2314688,1.7510541,3.9074225,0.94633227,2.0509018,0.2905683,0.59592706,0.45104476,2.6742388,0.47374,1.2668939,0.65870613,2.2379925,0.82023952,1.8356899,0.67209788,2.1729124,0.93034242,2.0215526,0.63108547,2.2091025,0.86052203,1.9009814,0.77127684,2.1461181,0.75028842,1.6102076
experiment_0a_best,file,16,,15,001.Black_footed_Albatross/Black_Footed_Albatross_0040_796066.jpg,1,0,001.Black_footed_Albatross,2,1,color_jitter,color_jitter,0,"{""brightness"":1.122856,""contrast"":1.118432,""hue"":0.083745,""saturation"":0.771533}",0.0092821717,3.6984367,3.6891546,0.9907608,0.02476221,0.0041181091,0.050256472,0.98664269,-0.025494263,-1.012137,0.40513076,93.305616,1.7749987,165.61735,False,0.67476135,False,True,False,0.40513076,93.305616,1.7749987,165.61735,0.39908358,93.20227,1.7510541,163.20221,0.61649033,96.984176,0.2905683,28.180528,0.35587168,72.81693,0.47374,34.496293,0.41739499,96.784278,0.82023952,79.386289,0.31493704,96.904119,0.93034242,90.154013,0.45872955,88.323699,0.86052203,76.004489,0.45367683,96.464901,0.75028842,72.376498
experiment_0a_best,file,16,,15,001.Black_footed_Albatross/Black_Footed_Albatross_0040_796066.jpg,1,0,001.Black_footed_Albatross,2,1,rotation,rotation,0,"{""angle"":-5.987525}",0.0092821717,0.036378313,0.027096141,0.9907608,0.96427542,0.0041181091,0.022050397,0.98664269,0.94222502,-0.044417672,0.79165712,4.3011329,1.7749987,7.6345052,False,0.96100628,True,True,True,0.79165712,4.3011329,1.7749987,7.6345052,0.78747032,4.3025914,1.7510541,7.5340702,0.94573013,4.2478247,0.2905683,1.2342832,0.81441758,4.4715615,0.47374,2.1183576,0.78384338,4.6222842,0.82023952,3.7913801,0.78699529,4.144823,0.93034242,3.8561046,0.75500998,4.24078,0.86052203,3.6492846,0.82943257,4.153911,0.75028842,3.1166313
experiment_0a_best,file,16,,15,001.Black_footed_Albatross/Black_Footed_Albatross_0040_796066.jpg,1,0,001.Black_footed_Albatross,2,1,random_resized_crop,random_resized_crop,0,"{""area_fraction"":0.712036,""aspect"":0.966101,""fallback"":false,""height"":0.858499,""left"":0.01579,""top"":0.062356,""width"":0.829397}",0.0092821717,0.011437914,0.0021557426,0.9907608,0.98862725,0.0041181091,0.0059467531,0.98664269,0.9826805,-0.0039621922,0.82346617,1.2888171,1.7749987,2.2876486,False,0.97769129,True,True,True,0.82346617,1.2888171,1.7749987,2.2876486,0.81939773,1.2885659,1.7510541,2.2563486,0.97017476,1.2979056,0.2905683,0.37713022,0.81110718,1.354188,0.47374,0.64153302,0.78658829,1.2896947,0.82023952,1.0578586,0.82583037,1.293645,0.93034242,1.2035328,0.81327185,1.2681244,0.86052203,1.091249,0.86101227,1.2792053,0.75028842,0.95977292
experiment_0a_best,file,16,,15,001.Black_footed_Albatross/Black_Footed_Albatross_0040_796066.jpg,1,0,001.Black_footed_Albatross,2,1,gaussian_blur,gaussian_blur,0,"{""sigma"":1.362482}",0.0092821717,0.073623732,0.06434156,0.9907608,0.92902118,0.0041181091,0.030528182,0.98664269,0.898493,-0.088149697,0.55503517,8.2000862,1.7749987,14.555142,False,0.91061628,True,True,True,0.55503517,8.2000862,1.7749987,14.555142,0.54605545,8.2090216,1.7510541,14.374441,0.89573481,7.8687103,0.2905683,2.2863978,0.39356371,6.6296466,0.47374,3.1407288,0.39732292,7.267031,0.82023952,5.960706,0.54055271,9.4703196,0.93034242,8.81064,0.60698848,8.3745257,0.86052203,7.2064638,0.7155496,7.500579,0.75028842,5.6275976
experiment_0a_best,file,16,,15,001.Black_footed_Albatross/Black_Footed_Albatross_0040_796066.jpg,1,0,001.Black_footed_Albatross,2,1,random_erasing,random_erasing,0,"{""area_fraction"":0.087228,""erased"":true,""height"":0.235182,""left"":0.041144,""top"":0.621674,""width"":0.370898}",0.0092821717,0.015954923,0.0066727512,0.9907608,0.98417169,0.0041181091,0.0089333644,0.98664269,0.97523832,-0.01140437,0.95765032,1.7031398,1.7749987,3.0230709,False,0.98913038,True,True,True,0.95765032,1.7031398,1.7749987,3.0230709,0.95694687,1.7005496,1.7510541,2.9777542,0.98320783,1.7946764,0.2905683,0.52147607,0.97718827,1.6750104,0.47374,0.79351943,0.97054562,1.6251252,0.82023952,1.3329919,0.96799598,1.7080346,0.93034242,1.5890571,0.94408019,1.7181534,0.86052203,1.4785089,0.93615698,1.7628483,0.75028842,1.3226447
experiment_0a_best,file,16,,2402,042.Vermilion_Flycatcher/Vermilion_Flycatcher_0065_42467.jpg,42,41,042.Vermilion_Flycatcher,139,138,identity,identity,0,{},0.0021766559,0.0021766559,0,0.99782568,0.99782568,0.001306463,0.001306463,0.99651922,0.99651922,0,1,1,0.38206516,0.38206516,False,1,True,True,True,1,1,0.38206516,0.38206516,1,1,0.3751737,0.3751737,1,1,0.072239026,0.072239026,1,1,0.10027017,0.10027017,1,1,0.16769227,0.16769227,1,1,0.16403129,0.16403129,1,1,0.18237359,0.18237359,1,1,0.20594688,0.20594688
experiment_0a_best,file,16,,2402,042.Vermilion_Flycatcher/Vermilion_Flycatcher_0065_42467.jpg,42,41,042.Vermilion_Flycatcher,139,138,horizontal_flip,horizontal_flip,0,"{""flipped"":true}",0.0021766559,0.0042913733,0.0021147174,0.99782568,0.99571782,0.001306463,0.0016929517,0.99651922,0.99402487,-0.0024943473,0.7510138,1.7013356,0.38206516,0.65002107,False,0.98394072,True,True,True,0.7510138,1.7013356,0.38206516,0.65002107,0.74322212,1.7036104,0.3751737,0.63914981,0.97003317,1.6387899,0.072239026,0.11838459,0.59038447,1.6034104,0.10027017,0.16077423,0.71327355,1.6358545,0.16769227,0.27432014,0.70627554,1.7621657,0.16403129,0.28905031,0.73280745,1.6960194,0.18237359,0.30930914,0.82815658,1.7384911,0.20594688,0.35803682
experiment_0a_best,file,16,,2402,042.Vermilion_Flycatcher/Vermilion_Flycatcher_0065_42467.jpg,42,41,042.Vermilion_Flycatcher,139,138,color_jitter,color_jitter,0,"{""brightness"":1.386032,""contrast"":1.144564,""hue"":-0.032338,""saturation"":1.340892}",0.0021766559,0.037375815,0.035199159,0.99782568,0.96331406,0.001306463,0.010782758,0.99651922,0.9525313,-0.043987921,0.72100679,15.812143,0.38206516,6.0412689,False,0.94428945,True,True,True,0.72100679,15.812143,0.38206516,6.0412689,0.71559629,15.863792,0.3751737,5.9516777,0.88586231,14.349073,0.072239026,1.0365631,0.57956606,12.474346,0.10027017,1.2508047,0.64776582,14.396656,0.16769227,2.4142078,0.71663481,18.514849,0.16403129,3.0370146,0.71695479,16.285276,0.18237359,2.9700043,0.79534073,15.343434,0.20594688,3.1599323
experiment_0a_best,file,16,,2402,042.Vermilion_Flycatcher/Vermilion_Flycatcher_0065_42467.jpg,42,41,042.Vermilion_Flycatcher,139,138,rotation,rotation,0,"{""angle"":-8.105696}",0.0021766559,0.0023038054,0.00012714951,0.99782568,0.99769884,0.001306463,0.0014653556,0.99651922,0.99623349,-0.00028573128,0.87398107,1.0599762,0.38206516,0.40497999,False,0.98729599,True,True,True,0.87398107,1.0599762,0.38206516,0.40497999,0.86970972,1.0590923,0.3751737,0.39734359,0.98680922,1.0835459,0.072239026,0.078274299,0.90830135,1.0824828,0.10027017,0.10854073,0.88573352,1.0101921,0.16769227,0.16940141,0.83981752,1.0841867,0.16403129,0.17784054,0.83900891,1.0424182,0.18237359,0.19010954,0.89391947,1.0817808,0.20594688,0.22278938
experiment_0a_best,file,16,,2402,042.Vermilion_Flycatcher/Vermilion_Flycatcher_0065_42467.jpg,42,41,042.Vermilion_Flycatcher,139,138,random_resized_crop,random_resized_crop,0,"{""area_fraction"":0.509267,""aspect"":1.05073,""fallback"":false,""height"":0.696189,""left"":0.010545,""top"":0.008869,""width"":0.731507}",0.0021766559,0.006611852,0.0044351961,0.99782568,0.99340993,0.001306463,0.00037859767,0.99651922,0.99303133,-0.0034878851,0.70593346,3.0796905,0.38206516,1.1766424,False,0.95719284,True,True,True,0.70593346,3.0796905,0.38206516,1.1766424,0.703027,3.1005237,0.3751737,1.163235,0.82403879,2.4518744,0.072239026,0.17712102,0.74041289,3.1986543,0.10027017,0.32072961,0.77334789,3.4245959,0.16769227,0.57427824,0.70271045,3.5808174,0.16403129,0.58736609,0.60956237,2.6398829,0.18237359,0.48144491,0.72309187,2.8465059,0.20594688,0.58622901
experiment_0a_best,file,16,,2402,042.Vermilion_Flycatcher/Vermilion_Flycatcher_0065_42467.jpg,42,41,042.Vermilion_Flycatcher,139,138,gaussian_blur,gaussian_blur,0,"{""sigma"":1.601276}",0.0021766559,0.057082582,0.054905926,0.99782568,0.94451606,0.001306463,0.0082755042,0.99651922,0.93624056,-0.060278661,0.66638259,26.891268,0.38206516,10.274217,False,0.93640709,True,True,True,0.66638259,26.891268,0.38206516,10.274217,0.66299436,27.047327,0.3751737,10.147446,0.78958918,22.273232,0.072239026,1.6089966,0.73590594,21.400786,0.10027017,2.1458604,0.66667892,29.080792,0.16769227,4.8766239,0.66934499,32.207087,0.16403129,5.28297,0.63856287,26.804957,0.18237359,4.8885161,0.68286927,23.173636,0.20594688,4.772538
experiment_0a_best,file,16,,2402,042.Vermilion_Flycatcher/Vermilion_Flycatcher_0065_42467.jpg,42,41,042.Vermilion_Flycatcher,139,138,random_erasing,random_erasing,0,"{""area_fraction"":0.189881,""erased"":true,""height"":0.524434,""left"":0.450953,""top"":0.084591,""width"":0.362069}",0.0021766559,0.0054726778,0.0032960218,0.99782568,0.99454224,0.001306463,0.0013551667,0.99651922,0.99318707,-0.0033321447,0.79325761,2.3141724,0.38206516,0.88416464,False,0.97207028,True,True,True,0.79325761,2.3141724,0.38206516,0.88416464,0.78908838,2.3228165,0.3751737,0.87145966,0.92481778,2.0674311,0.072239026,0.14934921,0.84045146,2.1943632,0.10027017,0.22002916,0.81667094,2.2428563,0.16769227,0.37610965,0.75539719,2.4628656,0.16403129,0.40398702,0.73915304,2.2811242,0.18237359,0.41601681,0.82236543,2.3452958,0.20594688,0.48300635
experiment_0a_best,file,16,,8836,151.Black_capped_Vireo/Black_Capped_Vireo_0022_797459.jpg,151,150,151.Black_capped_Vireo,114,113,identity,identity,0,{},0.0015055523,0.0015055523,0,0.99849558,0.99849558,0.00020201465,0.00020201465,0.99829356,0.99829356,0,1,1,0.24564375,0.24564375,False,1,True,True,True,1,1,0.24564375,0.24564375,1,1,0.24112309,0.24112309,1,1,0.046909551,0.046909551,1,1,0.050656439,0.050656439,1,1,0.092276087,0.092276087,1,1,0.13371272,0.13371272,1,1,0.12166519,0.12166519,1,1,0.11990783,0.11990783
experiment_0a_best,file,16,,8836,151.Black_capped_Vireo/Black_Capped_Vireo_0022_797459.jpg,151,150,151.Black_capped_Vireo,114,113,horizontal_flip,horizontal_flip,0,"{""flipped"":true}",0.0015055523,0.002547117,0.0010415646,0.99849558,0.99745613,0.00020201465,0.00082501781,0.99829356,0.99663112,-0.0016624486,0.63555694,1.6707112,0.24564375,0.41039978,False,0.97263092,True,True,True,0.63555694,1.6707112,0.24564375,0.41039978,0.62297309,1.6680671,0.24112309,0.40220949,0.95498788,1.7391185,0.046909551,0.081581267,0.54529195,1.8240987,0.050656439,0.092402348,0.3924238,1.7046145,0.092276087,0.15729516,0.67411317,1.6804846,0.13371272,0.22470217,0.61594197,1.6686166,0.12166519,0.20301254,0.72619666,1.5995645,0.11990783,0.19180031
experiment_0a_best,file,16,,8836,151.Black_capped_Vireo/Black_Capped_Vireo_0022_797459.jpg,151,150,151.Black_capped_Vireo,114,113,color_jitter,color_jitter,0,"{""brightness"":0.967618,""contrast"":1.177042,""hue"":-0.015572,""saturation"":0.952661}",0.0015055523,0.0031268536,0.0016213013,0.99849558,0.99687803,0.00020201465,0.0003033079,0.99829356,0.99657472,-0.0017188441,0.92971397,2.1809284,0.24564375,0.53573144,False,0.99525225,True,True,True,0.92971397,2.1809284,0.24564375,0.53573144,0.92754904,2.1867024,0.24112309,0.52726445,0.9943024,2.022409,0.046909551,0.094870297,0.87087105,2.3453573,0.050656439,0.11880745,0.92179554,2.3675645,0.092276087,0.21846959,0.91785103,2.192247,0.13371272,0.2931313,0.9321285,2.1412722,0.12166519,0.26051828,0.95441126,2.0827303,0.11990783,0.24973566
experiment_0a_best,file,16,,8836,151.Black_capped_Vireo/Black_Capped_Vireo_0022_797459.jpg,151,150,151.Black_capped_Vireo,114,113,rotation,rotation,0,"{""angle"":13.892045}",0.0015055523,0.0025705411,0.0010649888,0.99849558,0.99743277,0.00020201465,0.00040292335,0.99829356,0.99702984,-0.0012637191,0.66003123,1.5723388,0.24564375,0.38623519,False,0.95080805,True,True,True,0.66003123,1.5723388,0.24564375,0.38623519,0.64880076,1.5704335,0.24112309,0.37866779,0.94767519,1.6218677,0.046909551,0.076081086,0.5052867,1.5237587,0.050656439,0.077188191,0.45683031,1.5408164,0.092276087,0.14218051,0.67868262,1.4988394,0.13371272,0.20041389,0.65029806,1.6278362,0.12166519,0.198051,0.74667595,1.6219893,0.11990783,0.19448921
experiment_0a_best,file,16,,8836,151.Black_capped_Vireo/Black_Capped_Vireo_0022_797459.jpg,151,150,151.Black_capped_Vireo,114,113,random_resized_crop,random_resized_crop,0,"{""area_fraction"":0.669157,""aspect"":1.000385,""fallback"":false,""height"":0.817863,""left"":0.039502,""top"":0.041995,""width"":0.818178}",0.0015055523,0.0065353476,0.0050297952,0.99849558,0.99348599,0.00020201465,0.00047631143,0.99829356,0.99300968,-0.0052838884,0.6828747,4.0622819,0.24564375,0.99787415,False,0.96304107,True,True,True,0.6828747,4.0622819,0.24564375,0.99787415,0.67200508,4.0556164,0.24112309,0.97790276,0.95853923,4.2345944,0.046909551,0.19864292,0.49908238,3.8246122,0.050656439,0.19374124,0.46086658,3.6830721,0.092276087,0.33985948,0.68066859,3.9266362,0.13371272,0.5250412,0.67808482,4.1153345,0.12166519,0.50069293,0.79261817,4.3884149,0.11990783,0.52620529
experiment_0a_best,file,16,,8836,151.Black_capped_Vireo/Black_Capped_Vireo_0022_797459.jpg,151,150,151.Black_capped_Vireo,114,113,gaussian_blur,gaussian_blur,0,"{""sigma"":1.038091}",0.0015055523,0.0033742418,0.0018686894,0.99849558,0.99663144,0.00020201465,0.00039380259,0.99829356,0.99623764,-0.0020559232,0.78040873,2.5314848,0.24564375,0.62184342,False,0.96948904,True,True,True,0.78040873,2.5314848,0.24564375,0.62184342,0.77510376,2.5466404,0.24112309,0.61405382,0.96576743,2.0916429,0.046909551,0.098118029,0.61638944,2.6934449,0.050656439,0.13644033,0.66641141,2.7810749,0.092276087,0.25662671,0.78906195,2.6357659,0.13371272,0.35243542,0.78670929,2.5170041,0.12166519,0.30623176,0.86188122,2.2778367,0.11990783,0.27313045
experiment_0a_best,file,16,,8836,151.Black_capped_Vireo/Black_Capped_Vireo_0022_797459.jpg,151,150,151.Black_capped_Vireo,114,113,random_erasing,random_erasing,0,"{""area_fraction"":0.070747,""erased"":true,""height"":0.153515,""left"":0.369628,""top"":0.305093,""width"":0.46085}",0.0015055523,0.13298346,0.13147791,0.99849558,0.87547958,0.00020201465,0.0086363526,0.99829356,0.86684323,-0.13145034,0.66463765,129.35951,0.24564375,31.776356,False,0.91122955,True,True,True,0.66463765,129.35951,0.24564375,31.776356,0.66285429,131.0251,0.24112309,31.593178,0.86606416,72.629912,0.046909551,3.4070366,0.51197441,151.86336,0.050656439,7.6928572,0.64917607,166.72412,0.092276087,15.384649,0.72506178,144.92912,0.13371272,19.378866,0.66077048,120.34068,0.12166519,14.641272,0.68653759,88.398914,0.11990783,10.599722
experiment_0a_best,file,16,,11647,198.Rock_Wren/Rock_Wren_0080_189340.jpg,198,197,198.Rock_Wren,150,149,identity,identity,0,{},0.54801476,0.54801476,0,0.57809633,0.57809633,0.19127798,0.19127798,0.38681835,0.38681835,0,1,1,84.155175,84.155175,False,1.0000001,True,True,True,1,1,84.155175,84.155175,1,1,83.237961,83.237961,1,1,12.390936,12.390936,1,1,44.758982,44.758982,1,1,36.597681,36.597681,1,1,39.282715,39.282715,1,1,33.818527,33.818527,1,1,29.982946,29.982946
experiment_0a_best,file,16,,11647,198.Rock_Wren/Rock_Wren_0080_189340.jpg,198,197,198.Rock_Wren,150,149,horizontal_flip,horizontal_flip,0,"{""flipped"":true}",0.54801476,1.5557938,1.007779,0.57809633,0.21102183,0.19127798,0.47426125,0.38681835,-0.26323943,-0.65005778,0.5858698,2.011179,84.155175,169.25112,False,0.93181312,False,True,False,0.5858698,2.011179,84.155175,169.25112,0.57872826,2.0127223,83.237961,167.5349,0.92056618,1.9402579,12.390936,24.041612,0.48055217,1.6797308,44.758982,75.183043,0.60230794,2.3187466,36.597681,84.860746,0.61483699,1.9876475,39.282715,78.080192,0.58652353,2.1447264,33.818527,72.531486,0.67576561,2.0712753,29.982946,62.102935
experiment_0a_best,file,16,,11647,198.Rock_Wren/Rock_Wren_0080_189340.jpg,198,197,198.Rock_Wren,150,149,color_jitter,color_jitter,0,"{""brightness"":0.851351,""contrast"":1.177205,""hue"":-0.024933,""saturation"":1.345069}",0.54801476,1.6441406,1.0961258,0.57809633,0.19317852,0.19127798,0.52267289,0.38681835,-0.32949437,-0.71631272,0.81845372,1.8798282,84.155175,158.19727,False,0.93289256,False,True,False,0.81845372,1.8798282,84.155175,158.19727,0.81614687,1.8783898,83.237961,156.35333,0.91952627,1.9436339,12.390936,24.083443,0.85875044,1.6636882,44.758982,74.464993,0.79203387,2.0268084,36.597681,74.176488,0.8131802,1.8888034,39.282715,74.197325,0.8014131,1.9475602,33.818527,65.863617,0.81335464,1.9888483,29.982946,59.631531
experiment_0a_best,file,16,,11647,198.Rock_Wren/Rock_Wren_0080_189340.jpg,198,197,198.Rock_Wren,150,149,rotation,rotation,0,"{""angle"":10.627642}",0.54801476,1.5427158,0.99470103,0.57809633,0.21379967,0.19127798,0.077137135,0.38681835,0.13666254,-0.25015581,0.68778425,1.6791804,84.155175,141.31172,False,0.93165851,True,True,True,0.68778425,1.6791804,84.155175,141.31172,0.68385301,1.6809548,83.237961,139.91925,0.87539136,1.5970559,12.390936,19.789018,0.72591249,1.6406455,44.758982,73.433623,0.66656905,1.664202,36.597681,60.905933,0.68001589,1.6617414,39.282715,65.277714,0.64223023,1.7088419,33.818527,57.790515,0.68049847,1.7881443,29.982946,53.613833
experiment_0a_best,file,16,,11647,198.Rock_Wren/Rock_Wren_0080_189340.jpg,198,197,198.Rock_Wren,150,149,random_resized_crop,random_resized_crop,0,"{""area_fraction"":0.611122,""aspect"":1.217711,""fallback"":false,""height"":0.708422,""left"":0.081593,""top"":0.134095,""width"":0.862653}",0.54801476,0.58172292,0.033708155,0.57809633,0.55893451,0.19127798,0.10341214,0.38681835,0.45552237,0.068704024,0.69556165,0.86799143,84.155175,73.045971,False,0.90697145,True,True,True,0.69556165,0.86799143,84.155175,73.045971,0.691152,0.86575781,83.237961,72.063916,0.87826457,0.96341265,12.390936,11.937585,0.84965788,0.69955971,44.758982,31.311581,0.64252995,0.98800402,36.597681,36.158655,0.64644627,0.82694111,39.282715,32.484492,0.63735448,0.91286768,33.818527,30.87184,0.68424476,0.99891746,29.982946,29.950488
experiment_0a_best,file,16,,11647,198.Rock_Wren/Rock_Wren_0080_189340.jpg,198,197,198.Rock_Wren,150,149,gaussian_blur,gaussian_blur,0,"{""sigma"":1.627343}",0.54801476,4.8422747,4.2942599,0.57809633,0.007889092,0.19127798,0.033644818,0.38681835,-0.025755726,-0.41257408,0.50670596,1.8898729,84.155175,159.04259,False,0.81350344,False,True,False,0.50670596,1.8898729,84.155175,159.04259,0.50126886,1.8880679,83.237961,157.15892,0.74234986,1.9696096,12.390936,24.405307,0.57188571,1.3522961,44.758982,60.527398,0.35080319,1.6172908,36.597681,59.189093,0.55626862,2.321532,39.282715,91.19608,0.49684859,2.1476563,33.818527,72.630572,0.54992963,2.093527,29.982946,62.770108
experiment_0a_best,file,16,,11647,198.Rock_Wren/Rock_Wren_0080_189340.jpg,198,197,198.Rock_Wren,150,149,random_erasing,random_erasing,0,"{""area_fraction"":0.094417,""erased"":true,""height"":0.214597,""left"":0.170978,""top"":0.187552,""width"":0.439975}",0.54801476,0.59715229,0.049137533,0.57809633,0.55037671,0.19127798,0.16553724,0.38681835,0.38483948,-0.0019788742,0.87417391,0.86818769,84.155175,73.062487,False,0.97704488,True,True,True,0.87417391,0.86818769,84.155175,73.062487,0.87207176,0.86367494,83.237961,71.890542,0.96865309,1.0518729,12.390936,13.03369,0.9400527,0.66194372,44.758982,29.627927,0.88213268,0.89807043,36.597681,32.867295,0.85776321,0.921173,39.282715,36.186177,0.84014577,0.9350863,33.818527,31.623241,0.88125661,1.0009623,29.982946,30.011799
experiment_0a_best,file,16,,9326,159.Black_and_white_Warbler/Black_And_White_Warbler_0081_110906.jpg,159,158,159.Black_and_white_Warbler,171,170,identity,identity,0,{},0.047146861,0.047146861,0,0.95394731,0.95394731,0.0090359859,0.0090359859,0.94491132,0.94491132,0,1,1,6.7214989,6.7214989,False,0.99999994,True,True,True,1,1,6.7214989,6.7214989,1,1,6.6093577,6.6093577,1,1,1.2226766,1.2226766,1,1,1.0077564,1.0077564,1,1,2.496247,2.496247,1,1,3.6954128,3.6954128,1,1,3.3805949,3.3805949,1,1,3.3693158,3.3693158
experiment_0a_best,file,16,,9326,159.Black_and_white_Warbler/Black_And_White_Warbler_0081_110906.jpg,159,158,159.Black_and_white_Warbler,171,170,horizontal_flip,horizontal_flip,0,"{""flipped"":true}",0.047146861,0.011980011,-0.035166849,0.95394731,0.98809147,0.0090359859,0.0016755484,0.94491132,0.98641592,0.041504601,0.60181752,0.25529755,6.7214989,1.7159822,False,0.97419995,True,True,True,0.60181752,0.25529755,6.7214989,1.7159822,0.58857997,0.2547728,6.6093577,1.6838846,0.9675736,0.27018144,1.2226766,0.33034453,0.34747883,0.20242334,1.0077564,0.20399342,0.36834604,0.26393443,2.496247,0.65884553,0.57391293,0.23207595,3.6954128,0.85761644,0.57001255,0.2665572,3.3805949,0.90112193,0.76335293,0.26748727,3.3693158,0.90124908
experiment_0a_best,file,16,,9326,159.Black_and_white_Warbler/Black_And_White_Warbler_0081_110906.jpg,159,158,159.Black_and_white_Warbler,171,170,color_jitter,color_jitter,0,"{""brightness"":1.303172,""contrast"":1.065247,""hue"":0.01558,""saturation"":0.870441}",0.047146861,0.013386726,-0.033760134,0.95394731,0.9867025,0.0090359859,0.0017392812,0.94491132,0.98496322,0.040051901,0.89158687,0.27161492,6.7214989,1.8256594,False,0.99139851,True,True,True,0.89158687,0.27161492,6.7214989,1.8256594,0.88813225,0.27027742,6.6093577,1.7863602,0.98751526,0.30814512,1.2226766,0.37676184,0.77026894,0.28250855,1.0077564,0.2846998,0.80464937,0.26980111,2.496247,0.6734902,0.9106525,0.25930879,3.6954128,0.95825304,0.8801349,0.25196818,3.3805949,0.85180234,0.92993238,0.29866359,3.3693158,1.006292
experiment_0a_best,file,16,,9326,159.Black_and_white_Warbler/Black_And_White_Warbler_0081_110906.jpg,159,158,159.Black_and_white_Warbler,171,170,rotation,rotation,0,"{""angle"":-11.799102}",0.047146861,0.065906569,0.018759709,0.95394731,0.93621832,0.0090359859,0.010367717,0.94491132,0.9258506,-0.019060715,0.64468919,1.4186119,6.7214989,9.5351983,False,0.95725489,True,True,True,0.64468919,1.4186119,6.7214989,9.5351983,0.63441653,1.4174224,6.6093577,9.3682519,0.93771964,1.452939,1.2226766,1.7764746,0.37332153,1.3516095,1.0077564,1.3620931,0.45374514,1.5923139,2.496247,3.9748089,0.62973787,1.3232921,3.6954128,4.8901107,0.65643077,1.4584145,3.3805949,4.9303088,0.75785363,1.3885688,3.3693158,4.678527
experiment_0a_best,file,16,,9326,159.Black_and_white_Warbler/Black_And_White_Warbler_0081_110906.jpg,159,158,159.Black_and_white_Warbler,171,170,random_resized_crop,random_resized_crop,0,"{""area_fraction"":0.739945,""aspect"":0.979522,""fallback"":false,""height"":0.869146,""left"":0.127575,""top"":0.038829,""width"":0.851348}",0.047146861,0.040321611,-0.0068252496,0.95394731,0.96048051,0.0090359859,0.013907043,0.94491132,0.94657347,0.0016621482,0.77107402,0.88353433,6.7214989,5.938675,False,0.96947563,True,True,True,0.77107402,0.88353433,6.7214989,5.938675,0.76454421,0.8796009,6.6093577,5.813597,0.94566778,0.99160766,1.2226766,1.2124155,0.65005881,0.98908374,1.0077564,0.99675549,0.66277289,0.94227325,2.496247,2.3521468,0.78085048,0.81154033,3.6954128,2.9989765,0.76537434,0.87443365,3.3805949,2.956106,0.81969083,0.91668083,3.3693158,3.0885872
experiment_0a_best,file,16,,9326,159.Black_and_white_Warbler/Black_And_White_Warbler_0081_110906.jpg,159,158,159.Black_and_white_Warbler,171,170,gaussian_blur,gaussian_blur,0,"{""sigma"":1.793537}",0.047146861,0.34138831,0.29424145,0.95394731,0.71078283,0.0090359859,0.014068243,0.94491132,0.69671458,-0.24819674,0.44664758,7.9780663,6.7214989,53.624564,False,0.87934774,True,True,True,0.44664758,7.9780663,6.7214989,53.624564,0.43489256,7.9847462,6.6093577,52.774044,0.79931096,7.7803388,1.2226766,9.5128384,0.19479055,10.511201,1.0077564,10.59273,0.34823959,9.4502505,2.496247,23.590159,0.46280929,8.3118123,3.6954128,30.715578,0.44803158,7.7099899,3.3805949,26.064353,0.49556303,6.5939595,3.3693158,22.217132
experiment_0a_best,file,16,,9326,159.Black_and_white_Warbler/Black_And_White_Warbler_0081_110906.jpg,159,158,159.Black_and_white_Warbler,171,170,random_erasing,random_erasing,0,"{""area_fraction"":0.140876,""erased"":true,""height"":0.512077,""left"":0.224834,""top"":0.4683,""width"":0.275106}",0.047146861,0.17995229,0.13280543,0.95394731,0.83531004,0.0090359859,0.0053830259,0.94491132,0.82992702,-0.1149843,0.7625492,3.2152502,6.7214989,21.611301,False,0.9360258,True,True,True,0.7625492,3.2152502,6.7214989,21.611301,0.757227,3.2121285,6.6093577,21.230106,0.91399164,3.3051694,1.2226766,4.0411533,0.80921891,3.7044497,1.0077564,3.733183,0.76557126,3.6880599,2.496247,9.2063084,0.7846976,3.0864245,3.6954128,11.405613,0.72542919,3.1189637,3.3805949,10.543953,0.75246729,3.1235831,3.3693158,10.524338
experiment_0a_best,file,16,,533,010.Red_winged_Blackbird/Red_Winged_Blackbird_0020_4050.jpg,10,9,010.Red_winged_Blackbird,109,108,identity,identity,0,{},0.0039160959,0.0039160959,0,0.99609154,0.99609154,0.0010226221,0.0010226221,0.99506892,0.99506892,0,1,1,0.49044493,0.49044493,False,1.0000001,True,True,True,1,1,0.49044493,0.49044493,1,1,0.47671585,0.47671585,1,1,0.11523117,0.11523117,1,1,0.16479742,0.16479742,1,1,0.17871708,0.17871708,1,1,0.20399985,0.20399985,1,1,0.20692883,0.20692883,1,1,0.28935193,0.28935193
experiment_0a_best,file,16,,533,010.Red_winged_Blackbird/Red_Winged_Blackbird_0020_4050.jpg,10,9,010.Red_winged_Blackbird,109,108,horizontal_flip,horizontal_flip,0,"{""flipped"":true}",0.0039160959,0.0093712211,0.0054551251,0.99609154,0.99067253,0.0010226221,0.0031690288,0.99506892,0.9875035,-0.0075654226,0.75382015,2.4326864,0.49044493,1.1930987,False,0.98332334,True,True,True,0.75382015,2.4326864,0.49044493,1.1930987,0.74079224,2.4341794,0.47671585,1.1604119,0.97935773,2.4069895,0.11523117,0.27736022,0.80740521,2.2458126,0.16479742,0.37010412,0.67944373,2.5222755,0.17871708,0.45077372,0.70913294,2.4434455,0.20399985,0.49846252,0.65550395,2.5717404,0.20692883,0.53216723,0.81018724,2.3811681,0.28935193,0.6889956
experiment_0a_best,file,16,,533,010.Red_winged_Blackbird/Red_Winged_Blackbird_0020_4050.jpg,10,9,010.Red_winged_Blackbird,109,108,color_jitter,color_jitter,0,"{""brightness"":1.391096,""contrast"":1.026073,""hue"":-0.053413,""saturation"":1.28437}",0.0039160959,0.012308237,0.0083921412,0.99609154,0.98776722,0.0010226221,9.2076341e-05,0.99506892,0.98767514,-0.0073937793,0.61399751,3.5199515,0.49044493,1.7263424,False,0.93441707,True,True,True,0.61399751,3.5199515,0.49044493,1.7263424,0.59923577,3.5203672,0.47671585,1.6782148,0.86718945,3.51283,0.11523117,0.40478751,0.54355055,2.1277562,0.16479742,0.35064873,0.47656963,3.4118778,0.17871708,0.60976084,0.5209941,3.9505102,0.20399985,0.80590348,0.52140144,3.9672227,0.20692883,0.82093274,0.76734884,3.4529413,0.28935193,0.99911523
experiment_0a_best,file,16,,533,010.Red_winged_Blackbird/Red_Winged_Blackbird_0020_4050.jpg,10,9,010.Red_winged_Blackbird,109,108,rotation,rotation,0,"{""angle"":1.729979}",0.0039160959,0.0036247759,-0.00029132003,0.99609154,0.99638176,0.0010226221,0.0011143137,0.99506892,0.99526745,0.0001985234,0.88750754,0.93940606,0.49044493,0.46072694,False,0.99190032,True,True,True,0.88750754,0.93940606,0.49044493,0.46072694,0.88144781,0.93911422,0.47671585,0.44769064,0.99065461,0.94438692,0.11523117,0.10882281,0.88118204,0.90303888,0.16479742,0.14881847,0.84186135,0.9352494,0.17871708,0.16714504,0.84672569,0.94675329,0.20399985,0.19313753,0.85614805,0.97143841,0.20692883,0.20101861,0.92826356,0.93140242,0.28935193,0.26950309
experiment_0a_best,file,16,,533,010.Red_winged_Blackbird/Red_Winged_Blackbird_0020_4050.jpg,10,9,010.Red_winged_Blackbird,109,108,random_resized_crop,random_resized_crop,0,"{""area_fraction"":0.629987,""aspect"":1.18147,""fallback"":false,""height"":0.730221,""left"":0.093061,""top"":0.075679,""width"":0.862734}",0.0039160959,0.018905682,0.014989587,0.99609154,0.98127192,0.0010226221,0.0079932045,0.99506892,0.97327872,-0.021790204,0.65199912,4.3678512,0.49044493,2.1421905,False,0.96091145,True,True,True,0.65199912,4.3678512,0.49044493,2.1421905,0.63406919,4.3506157,0.47671585,2.0740075,0.94031722,4.6529513,0.11523117,0.53616502,0.631115,2.3922014,0.16479742,0.39422861,0.54640052,4.2205768,0.17871708,0.75428917,0.55430181,4.2380407,0.20399985,0.86455966,0.5627164,4.7863768,0.20692883,0.99043935,0.76040565,4.6990216,0.28935193,1.359671
experiment_0a_best,file,16,,533,010.Red_winged_Blackbird/Red_Winged_Blackbird_0020_4050.jpg,10,9,010.Red_winged_Blackbird,109,108,gaussian_blur,gaussian_blur,0,"{""sigma"":1.375235}",0.0039160959,0.036049616,0.03213352,0.99609154,0.96459246,0.0010226221,0.0083335526,0.99506892,0.9562589,-0.038810018,0.71731469,9.8344229,0.49044493,4.8232428,False,0.94964498,True,True,True,0.71731469,9.8344229,0.49044493,4.8232428,0.70760577,9.93478,0.47671585,4.7360671,0.94332836,7.9221134,0.11523117,0.91287439,0.75126592,8.4197256,0.16479742,1.387549,0.62192658,10.421284,0.17871708,1.8624614,0.65424181,11.213377,0.20399985,2.2875272,0.66710899,11.328739,0.20692883,2.3442426,0.81170495,8.6800099,0.28935193,2.5115777
experiment_0a_best,file,16,,533,010.Red_winged_Blackbird/Red_Winged_Blackbird_0020_4050.jpg,10,9,010.Red_winged_Blackbird,109,108,random_erasing,random_erasing,0,"{""area_fraction"":0.099651,""erased"":true,""height"":0.56287,""left"":0.776913,""top"":0.421578,""width"":0.177041}",0.0039160959,0.0025430741,-0.0013730219,0.99609154,0.99746019,0.0010226221,0.00051635399,0.99506892,0.99694383,0.00187491,0.89023574,0.6428955,0.49044493,0.31530484,False,0.98762864,True,True,True,0.89023574,0.6428955,0.49044493,0.31530484,0.88467558,0.64038827,0.47671585,0.30528324,0.98113098,0.68438458,0.11523117,0.078862436,0.95554314,0.63368368,0.16479742,0.10442943,0.90358522,0.64830484,0.17871708,0.11586315,0.8692135,0.64484365,0.20399985,0.13154801,0.81215956,0.6496127,0.20692883,0.1344236,0.9003456,0.63249029,0.28935193,0.18301229
experiment_0a_best,file,16,,11755,200.Common_Yellowthroat/Common_Yellowthroat_0009_190578.jpg,200,199,200.Common_Yellowthroat,153,152,identity,identity,0,{},0.013578553,0.013578553,0,0.9865132,0.9865132,0.0021581629,0.0021581629,0.98435503,0.98435503,0,1,1,1.9838763,1.9838763,False,1,True,True,True,1,1,1.9838763,1.9838763,1,1,1.9455831,1.9455831,1,1,0.38790655,0.38790655,1,1,0.35428822,0.35428822,1,1,0.68413573,0.68413573,1,1,1.0284541,1.0284541,1,1,1.0552842,1.0552842,1,1,1.0101432,1.0101432
experiment_0a_best,file,16,,11755,200.Common_Yellowthroat/Common_Yellowthroat_0009_190578.jpg,200,199,200.Common_Yellowthroat,153,152,horizontal_flip,horizontal_flip,0,"{""flipped"":true}",0.013578553,0.022276878,0.0086983256,0.9865132,0.97796941,0.0021581629,0.0035775651,0.98435503,0.97439184,-0.0099631916,0.64090255,1.829228,1.9838763,3.628962,False,0.95471776,True,True,True,0.64090255,1.829228,1.9838763,3.628962,0.63090575,1.8399452,1.9455831,3.5797664,0.95249899,1.5352022,0.38790655,0.59551499,0.42304674,1.7437661,0.35428822,0.61779579,0.53792115,2.0491855,0.68413573,1.401921,0.64178863,1.7770091,1.0284541,1.8275722,0.60449539,1.7878731,1.0552842,1.8867143,0.72100317,1.8699379,1.0101432,1.8889051
experiment_0a_best,file,16,,11755,200.Common_Yellowthroat/Common_Yellowthroat_0009_190578.jpg,200,199,200.Common_Yellowthroat,153,152,color_jitter,color_jitter,0,"{""brightness"":1.324882,""contrast"":1.116773,""hue"":-0.053219,""saturation"":1.387447}",0.013578553,2.8370745,2.823496,0.9865132,0.058596831,0.0021581629,0.050220761,0.98435503,0.0083760694,-0.97597897,0.50950547,59.907723,1.9838763,118.84951,False,0.81945103,False,True,False,0.50950547,59.907723,1.9838763,118.84951,0.49742536,59.775704,1.9455831,116.2986,0.79794441,63.138069,0.38790655,24.491671,0.23611335,70.162299,0.35428822,24.857676,0.39114118,63.173352,0.68413573,43.219148,0.40351502,54.05971,1.0284541,55.597928,0.57934901,60.466146,1.0552842,63.80897,0.58545638,61.639148,1.0101432,62.264366
experiment_0a_best,file,16,,11755,200.Common_Yellowthroat/Common_Yellowthroat_0009_190578.jpg,200,199,200.Common_Yellowthroat,153,152,rotation,rotation,0,"{""angle"":-10.326624}",0.013578553,0.010249716,-0.0033288365,0.9865132,0.98980266,0.0021581629,0.00046682986,0.98435503,0.98933583,0.0049807942,0.69842474,0.79031297,1.9838763,1.5678832,False,0.96814764,True,True,True,0.69842474,0.79031297,1.9838763,1.5678832,0.6884492,0.79150121,1.9455831,1.5399314,0.96040008,0.75981034,0.38790655,0.29473541,0.63823137,0.82886597,0.35428822,0.29365745,0.66869028,0.83058922,0.68413573,0.56823576,0.67353815,0.8153132,1.0284541,0.83851216,0.65793384,0.77866881,1.0552842,0.82171691,0.75775494,0.75648697,1.0101432,0.76416016
experiment_0a_best,file,16,,11755,200.Common_Yellowthroat/Common_Yellowthroat_0009_190578.jpg,200,199,200.Common_Yellowthroat,153,152,random_resized_crop,random_resized_crop,0,"{""area_fraction"":0.78148,""aspect"":0.807258,""fallback"":false,""height"":0.983904,""left"":0.006955,""top"":0.00777,""width"":0.794264}",0.013578553,0.3791402,0.36556165,0.9865132,0.68444967,0.0021581629,0.046589054,0.98435503,0.63786062,-0.34649442,0.72354455,22.594009,1.9838763,44.823718,False,0.93581355,True,True,True,0.72354455,22.594009,1.9838763,44.823718,0.7156873,22.617585,1.9455831,44.004391,0.92709362,21.992611,0.38790655,8.531078,0.44943224,22.117469,0.35428822,7.8359587,0.67386108,26.924529,0.68413573,18.420032,0.72848058,22.723308,1.0284541,23.369878,0.73077339,21.725695,1.0552842,22.926783,0.75121366,21.322018,1.0101432,21.538291
experiment_0a_best,file,16,,11755,200.Common_Yellowthroat/Common_Yellowthroat_0009_190578.jpg,200,199,200.Common_Yellowthroat,153,152,gaussian_blur,gaussian_blur,0,"{""sigma"":1.916883}",0.013578553,2.8646586,2.85108,0.9865132,0.057002585,0.0021581629,0.041946471,0.98435503,0.015056115,-0.96929892,0.41463641,70.116905,1.9838763,139.10326,False,0.76300144,False,True,False,0.41463641,70.116905,1.9838763,139.10326,0.40624863,70.830601,1.9455831,137.80682,0.74878407,48.844894,0.38790655,18.947254,0.29574875,78.795152,0.35428822,27.916194,0.32388226,91.602303,0.68413573,62.668409,0.40085481,74.413441,1.0284541,76.530805,0.43603017,69.375011,1.0552842,73.210354,0.48033817,54.827591,1.0101432,55.383718
experiment_0a_best,file,16,,11755,200.Common_Yellowthroat/Common_Yellowthroat_0009_190578.jpg,200,199,200.Common_Yellowthroat,153,152,random_erasing,random_erasing,0,"{""area_fraction"":0.15454,""erased"":true,""height"":0.615275,""left"":0.264928,""top"":0.081822,""width"":0.251172}",0.013578553,0.047530022,0.033951469,0.9865132,0.95358187,0.0021581629,0.0019750695,0.98435503,0.9516068,-0.032748234,0.84470165,3.4929613,1.9838763,6.929603,False,0.96849799,True,True,True,0.84470165,3.4929613,1.9838763,6.929603,0.8405297,3.5016136,1.9455831,6.8126802,0.95910848,3.2677731,0.38790655,1.2675906,0.84611425,3.4213859,0.35428822,1.2121567,0.80118015,4.031238,0.68413573,2.757914,0.84597111,3.442456,1.0284541,3.5404078,0.83706848,3.4826395,1.0552842,3.6751745,0.86572245,3.3271749,1.0101432,3.3609231
experiment_0a_best,file,16,,5637,097.Orchard_Oriole/Orchard_Oriole_0005_91682.jpg,97,96,097.Orchard_Oriole,95,94,identity,identity,0,{},0.15626128,0.15626128,0,0.85533565,0.85533565,0.054528389,0.054528389,0.80080726,0.80080726,0,1,1,19.423569,19.423569,False,1,True,True,True,1,1,19.423569,19.423569,1,1,19.058225,19.058225,1,1,3.7495455,3.7495455,1,1,4.8121116,4.8121116,1,1,7.6541007,7.6541007,1,1,8.584818,8.584818,1,1,8.7270025,8.7270025,1,1,11.47234,11.47234
experiment_0a_best,file,16,,5637,097.Orchard_Oriole/Orchard_Oriole_0005_91682.jpg,97,96,097.Orchard_Oriole,95,94,horizontal_flip,horizontal_flip,0,"{""flipped"":true}",0.15626128,0.18844862,0.032187343,0.85533565,0.82824308,0.054528389,0.091918983,0.80080726,0.73632409,-0.064483169,0.71236509,1.1542182,19.423569,22.419037,False,0.97890925,True,True,True,0.71236509,1.1542182,19.423569,22.419037,0.70138066,1.1487056,19.058225,21.892289,0.96986698,1.2884866,3.7495455,4.8312392,0.87365467,1.4058334,4.8121116,6.7650272,0.65334701,1.0424613,7.6541007,7.9791035,0.64183092,1.1520711,8.584818,9.8903209,0.61718589,1.1803308,8.7270025,10.30075,0.77358548,1.1227759,11.47234,12.880868
experiment_0a_best,file,16,,5637,097.Orchard_Oriole/Orchard_Oriole_0005_91682.jpg,97,96,097.Orchard_Oriole,95,94,color_jitter,color_jitter,0,"{""brightness"":1.058519,""contrast"":0.827197,""hue"":-0.094598,""saturation"":0.762045}",0.15626128,5.5633273,5.407066,0.85533565,0.0038359915,0.054528389,0.0026963975,0.80080726,0.001139594,-0.79966767,0.25199537,7.672328,19.423569,149.02399,False,0.66752028,False,True,False,0.25199537,7.672328,19.423569,149.02399,0.2412604,7.6684024,19.058225,146.14614,0.52562078,7.7730606,3.7495455,29.145444,0.074810166,6.0392642,4.8121116,29.061613,0.15160618,6.8757143,7.6541007,52.62741,0.25986473,9.2729499,8.584818,79.606587,0.29508252,8.3808719,8.7270025,73.13989,0.26262899,6.7843173,11.47234,77.831996
experiment_0a_best,file,16,,5637,097.Orchard_Oriole/Orchard_Oriole_0005_91682.jpg,97,96,097.Orchard_Oriole,95,94,rotation,rotation,0,"{""angle"":-12.24497}",0.15626128,0.081842907,-0.074418373,0.85533565,0.9214167,0.054528389,0.034154899,0.80080726,0.8872618,0.086454537,0.7637945,0.56830865,19.423569,11.038582,False,0.9657113,True,True,True,0.7637945,0.56830865,19.423569,11.038582,0.7559405,0.56712058,19.058225,10.808312,0.95720865,0.59818492,3.7495455,2.2429215,0.77855089,0.53797628,4.8121116,2.5888019,0.62758762,0.50458549,7.6541007,3.8621482,0.7347171,0.6102588,8.584818,5.2389607,0.71381477,0.58671879,8.7270025,5.1202963,0.84559214,0.56178157,11.47234,6.4449493
experiment_0a_best,file,16,,5637,097.Orchard_Oriole/Orchard_Oriole_0005_91682.jpg,97,96,097.Orchard_Oriole,95,94,random_resized_crop,random_resized_crop,0,"{""area_fraction"":0.524403,""aspect"":0.799085,""fallback"":false,""height"":0.810096,""left"":0.132067,""top"":0.103706,""width"":0.647335}",0.15626128,0.20181596,0.045554683,0.85533565,0.8172453,0.054528389,0.04261788,0.80080726,0.77462742,-0.026179839,0.70297611,1.4865192,19.423569,28.873508,False,0.95665437,True,True,True,0.70297611,1.4865192,19.423569,28.873508,0.69472563,1.4909842,19.058225,28.415513,0.93820804,1.3661155,3.7495455,5.1223122,0.69982527,2.3013119,4.8121116,11.07417,0.69559717,1.583367,7.6541007,12.11925,0.69662404,1.5693258,8.584818,13.472377,0.64631759,1.4416487,8.7270025,12.581272,0.76091109,1.2269535,11.47234,14.076028
experiment_0a_best,file,16,,5637,097.Orchard_Oriole/Orchard_Oriole_0005_91682.jpg,97,96,097.Orchard_Oriole,95,94,gaussian_blur,gaussian_blur,0,"{""sigma"":1.45218}",0.15626128,0.35284486,0.19658358,0.85533565,0.70268619,0.054528389,0.094276406,0.80080726,0.60840978,-0.19239748,0.54473839,2.6280512,19.423569,51.046135,False,0.90559423,True,True,True,0.54473839,2.6280512,19.423569,51.046135,0.53405889,2.6447052,19.058225,50.403387,0.89473561,2.1536086,3.7495455,8.0750533,0.32243028,2.7007361,4.8121116,12.996243,0.40638383,2.9463339,7.6541007,22.551537,0.51686816,3.1920269,8.584818,27.40297,0.53133717,2.7106651,8.7270025,23.655981,0.70985468,2.0488669,11.47234,23.505298
experiment_0a_best,file,16,,5637,097.Orchard_Oriole/Orchard_Oriole_0005_91682.jpg,97,96,097.Orchard_Oriole,95,94,random_erasing,random_erasing,0,"{""area_fraction"":0.17666,""erased"":true,""height"":0.39581,""left"":0.112804,""top"":0.58169,""width"":0.446325}",0.15626128,0.11243763,-0.043823652,0.85533565,0.89365309,0.054528389,0.02130164,0.80080726,0.87235145,0.071544191,0.84602767,0.67800707,19.423569,13.169317,False,0.97488093,True,True,True,0.84602767,0.67800707,19.423569,13.169317,0.84148187,0.67681011,19.058225,12.898799,0.95909529,0.70822968,3.7495455,2.6555394,0.88564082,0.7593481,4.8121116,3.6540678,0.81068597,0.62042764,7.6541007,4.7488157,0.80118716,0.62935624,8.584818,5.4029088,0.81501897,0.6730046,8.7270025,5.8733129,0.88403199,0.71235798,11.47234,8.1724131
experiment_0a_best,file,16,,2487,044.Frigatebird/Frigatebird_0080_43064.jpg,44,43,044.Frigatebird,49,48,identity,identity,0,{},0.0037205063,0.0037205063,0,0.99628639,0.99628639,0.0008462774,0.0008462774,0.99544011,0.99544011,0,1,1,0.69315227,0.69315227,False,1,True,True,True,1,1,0.69315227,0.69315227,1,1,0.68298302,0.68298302,1,1,0.11829735,0.11829735,1,1,0.18069475,0.18069475,1,1,0.28045754,0.28045754,1,1,0.34109434,0.34109434,1,1,0.34943763,0.34943763,1,1,0.34162374,0.34162374
experiment_0a_best,file,16,,2487,044.Frigatebird/Frigatebird_0080_43064.jpg,44,43,044.Frigatebird,49,48,horizontal_flip,horizontal_flip,0,"{""flipped"":true}",0.0037205063,0.0038400972,0.0001195909,0.99628639,0.99616724,0.0008462774,0.00069681538,0.99544011,0.99547043,3.0312338e-05,0.64568815,1.070643,0.69315227,0.74211865,False,0.96222651,True,True,True,0.64568815,1.070643,0.69315227,0.74211865,0.6372866,1.0728732,0.68298302,0.73275419,0.94998369,0.99344448,0.11829735,0.11752185,0.58001031,0.97882615,0.18069475,0.17686875,0.47971083,1.1676724,0.28045754,0.32748253,0.62042958,1.0361382,0.34109434,0.35342088,0.66799864,1.1046775,0.34943763,0.38601587,0.75863957,1.0327937,0.34162374,0.35282684
experiment_0a_best,file,16,,2487,044.Frigatebird/Frigatebird_0080_43064.jpg,44,43,044.Frigatebird,49,48,color_jitter,color_jitter,0,"{""brightness"":1.076325,""contrast"":0.91505,""hue"":-0.01049,""saturation"":1.158916}",0.0037205063,0.023134677,0.01941417,0.99628639,0.97713089,0.0008462774,0.0091413455,0.99544011,0.96798954,-0.02745057,0.90111441,6.8906663,0.69315227,4.776281,False,0.98380804,True,True,True,0.90111441,6.8906663,0.69315227,4.776281,0.89954578,6.9122385,0.68298302,4.7209416,0.96645613,6.1283073,0.11829735,0.72496252,0.89092838,7.0926562,0.18069475,1.2816058,0.85242752,7.5422087,0.28045754,2.1152693,0.89805792,7.3843774,0.34109434,2.5187693,0.91804117,6.6423138,0.34943763,2.3210744,0.93401302,6.1671718,0.34162374,2.1068523
experiment_0a_best,file,16,,2487,044.Frigatebird/Frigatebird_0080_43064.jpg,44,43,044.Frigatebird,49,48,rotation,rotation,0,"{""angle"":5.921578}",0.0037205063,0.0030749203,-0.00064558606,0.99628639,0.99692982,0.0008462774,0.001247754,0.99544011,0.99568207,0.00024195557,0.83748376,0.89397396,0.69315227,0.61966008,False,0.97781789,True,True,True,0.83748376,0.89397396,0.69315227,0.61966008,0.83382617,0.89415752,0.68298302,0.61069441,0.96029001,0.88783352,0.11829735,0.10502835,0.89543096,0.91775112,0.18069475,0.16583281,0.82592008,0.89052032,0.28045754,0.24975314,0.81706899,0.91444737,0.34109434,0.31191282,0.81840277,0.89471748,0.34943763,0.31264795,0.85595264,0.8685056,0.34162374,0.29670213
experiment_0a_best,file,16,,2487,044.Frigatebird/Frigatebird_0080_43064.jpg,44,43,044.Frigatebird,49,48,random_resized_crop,random_resized_crop,0,"{""area_fraction"":0.662676,""aspect"":1.158102,""fallback"":false,""height"":0.756445,""left"":0.042753,""top"":0.179115,""width"":0.87604}",0.0037205063,0.022600226,0.01887972,0.99628639,0.97765326,0.0008462774,0.00072705903,0.99544011,0.97692621,-0.018513909,0.67976894,6.3065744,0.69315227,4.3714164,False,0.93775356,True,True,True,0.67976894,6.3065744,0.69315227,4.3714164,0.67428986,6.33477,0.68298302,4.3265404,0.90982873,5.2812974,0.11829735,0.62476349,0.31369398,5.5296649,0.18069475,0.99918145,0.54364087,6.8846094,0.28045754,1.9308406,0.71705388,6.2983794,0.34109434,2.1483416,0.7307632,6.5330779,0.34943763,2.2829032,0.76454518,5.9742247,0.34162374,2.040937
experiment_0a_best,file,16,,2487,044.Frigatebird/Frigatebird_0080_43064.jpg,44,43,044.Frigatebird,49,48,gaussian_blur,gaussian_blur,0,"{""sigma"":1.033653}",0.0037205063,0.016069423,0.012348917,0.99628639,0.98405898,0.0008462774,0.0015411568,0.99544011,0.98251782,-0.012922295,0.63393819,4.4351538,0.69315227,3.0742369,False,0.94605803,True,True,True,0.63393819,4.4351538,0.69315227,3.0742369,0.62715628,4.4570858,0.68298302,3.0441139,0.92469092,3.6290358,0.11829735,0.42930532,0.54580862,3.9564079,0.18069475,0.71490215,0.41480626,4.4406546,0.28045754,1.2454151,0.55486682,4.5128927,0.34109434,1.5393222,0.69650822,4.5034036,0.34943763,1.5736587,0.78942002,4.4954842,0.34162374,1.5357641
experiment_0a_best,file,16,,2487,044.Frigatebird/Frigatebird_0080_43064.jpg,44,43,044.Frigatebird,49,48,random_erasing,random_erasing,0,"{""area_fraction"":0.123997,""erased"":true,""height"":0.43299,""left"":0.336634,""top"":0.519832,""width"":0.286374}",0.0037205063,0.019033764,0.015313257,0.99628639,0.98114622,0.0008462774,0.0039722058,0.99544011,0.97717401,-0.018266104,0.86260483,4.3932558,0.69315227,3.0451952,False,0.98359764,True,True,True,0.86260483,4.3932558,0.69315227,3.0451952,0.85884289,4.3831273,0.68298302,2.9936015,0.98136042,4.7184421,0.11829735,0.5581792,0.77328455,3.3645613,0.18069475,0.60795858,0.80489257,4.3188239,0.28045754,1.2112467,0.87127712,4.4208275,0.34109434,1.5079192,0.88001528,4.4982173,0.34943763,1.5718464,0.88432174,4.5162356,0.34162374,1.5428533
experiment_0a_best,file,16,,7243,124.Le_Conte_Sparrow/Le_Conte_Sparrow_0078_117052.jpg,124,123,124.Le_Conte_Sparrow,123,122,identity,identity,0,{},0.070973791,0.070973791,0,0.93148631,0.93148631,0.029440237,0.029440237,0.90204607,0.90204607,0,1,1,10.804384,10.804384,False,1,True,True,True,1,1,10.804384,10.804384,1,1,10.602928,10.602928,1,1,2.0766884,2.0766884,1,1,2.1539051,2.1539051,1,1,5.2442831,5.2442831,1,1,5.8212484,5.8212484,1,1,5.024704,5.024704,1,1,4.5984429,4.5984429
experiment_0a_best,file,16,,7243,124.Le_Conte_Sparrow/Le_Conte_Sparrow_0078_117052.jpg,124,123,124.Le_Conte_Sparrow,123,122,horizontal_flip,horizontal_flip,0,"{""flipped"":true}",0.070973791,0.096783407,0.025809616,0.93148631,0.90775257,0.029440237,0.049479909,0.90204607,0.85827266,-0.043773407,0.69463258,1.1942137,10.804384,12.902743,False,0.95948803,True,True,True,0.69463258,1.1942137,10.804384,12.902743,0.68350776,1.1873174,10.602928,12.589041,0.95375049,1.3617199,2.0766884,2.8278679,0.74071106,1.2040101,2.1539051,2.5933236,0.70326725,1.0052381,5.2442831,5.2717532,0.66335357,1.232143,5.8212484,7.1726105,0.64329583,1.2213094,5.024704,6.136718,0.74108756,1.2839933,4.5984429,5.9043699
experiment_0a_best,file,16,,7243,124.Le_Conte_Sparrow/Le_Conte_Sparrow_0078_117052.jpg,124,123,124.Le_Conte_Sparrow,123,122,color_jitter,color_jitter,0,"{""brightness"":1.139963,""contrast"":0.882691,""hue"":0.024947,""saturation"":0.977952}",0.070973791,0.38439596,0.31342217,0.93148631,0.68086177,0.029440237,0.066789761,0.90204607,0.61407201,-0.28797406,0.82304912,7.6185064,10.804384,82.313267,False,0.97564107,True,True,True,0.82304912,7.6185064,10.804384,82.313267,0.82409741,7.7006614,10.602928,81.649555,0.8554715,5.0233246,2.0766884,10.43188,0.81716286,7.723007,2.1539051,16.634624,0.84045618,8.4118897,5.2442831,44.114331,0.84937497,8.391,5.8212484,48.846096,0.8216912,7.2559525,5.024704,36.459013,0.78691088,5.8702002,4.5984429,26.993781
experiment_0a_best,file,16,,7243,124.Le_Conte_Sparrow/Le_Conte_Sparrow_0078_117052.jpg,124,123,124.Le_Conte_Sparrow,123,122,rotation,rotation,0,"{""angle"":-11.10264}",0.070973791,0.076691389,0.0057175979,0.93148631,0.92617565,0.029440237,0.030240316,0.90204607,0.89593534,-0.0061107334,0.77960079,1.1254962,10.804384,12.160293,False,0.97686207,True,True,True,0.77960079,1.1254962,10.804384,12.160293,0.77331556,1.1298703,10.602928,11.979933,0.96903843,1.004775,2.0766884,2.0866046,0.79878646,1.2085964,2.1539051,2.6032019,0.76738053,1.094104,5.2442831,5.7377911,0.77142511,1.179162,5.8212484,6.8641948,0.75884925,1.116313,5.024704,5.6091426,0.7984542,1.0925364,4.5984429,5.0239664
experiment_0a_best,file,16,,7243,124.Le_Conte_Sparrow/Le_Conte_Sparrow_0078_117052.jpg,124,123,124.Le_Conte_Sparrow,123,122,random_resized_crop,random_resized_crop,0,"{""area_fraction"":0.787148,""aspect"":1.090784,""fallback"":false,""height"":0.849491,""left"":0.0268,""top"":0.073604,""width"":0.926611}",0.070973791,0.054557491,-0.0164163,0.93148631,0.94690406,0.029440237,0.024934955,0.90204607,0.92196911,0.019923037,0.78888608,0.90816146,10.804384,9.8121249,False,0.97135937,True,True,True,0.78888608,0.90816146,10.804384,9.8121249,0.78333884,0.91226157,10.602928,9.6726434,0.96245303,0.79384305,2.0766884,1.6485647,0.74527506,1.0411442,2.1539051,2.2425257,0.78976647,0.8319312,5.2442831,4.3628827,0.79169982,1.0216064,5.8212484,5.9470247,0.77201533,0.90396609,5.024704,4.542162,0.8073883,0.79895864,4.5984429,3.6739657
experiment_0a_best,file,16,,7243,124.Le_Conte_Sparrow/Le_Conte_Sparrow_0078_117052.jpg,124,123,124.Le_Conte_Sparrow,123,122,gaussian_blur,gaussian_blur,0,"{""sigma"":1.121187}",0.070973791,0.70508552,0.63411172,0.93148631,0.49406633,0.029440237,0.083360501,0.90204607,0.41070583,-0.49134024,0.51103224,6.8779497,10.804384,74.312008,False,0.92317426,True,True,True,0.51103224,6.8779497,10.804384,74.312008,0.49838548,6.8990707,10.602928,73.150347,0.87393887,6.3024451,2.0766884,13.088215,0.51172946,6.5070933,2.1539051,14.015662,0.49975417,6.5998285,5.2442831,34.611369,0.42790781,7.735158,5.8212484,45.028276,0.50687331,6.5435354,5.024704,32.879328,0.63094492,6.3326429,4.5984429,29.120297
experiment_0a_best,file,16,,7243,124.Le_Conte_Sparrow/Le_Conte_Sparrow_0078_117052.jpg,124,123,124.Le_Conte_Sparrow,123,122,random_erasing,random_erasing,0,"{""area_fraction"":0.182002,""erased"":true,""height"":0.446789,""left"":0.502944,""top"":0.231008,""width"":0.407355}",0.070973791,0.085167877,0.014194086,0.93148631,0.91835809,0.029440237,0.016525157,0.90204607,0.90183293,-0.00021314062,0.92561584,1.184845,10.804384,12.80152,False,0.97879779,True,True,True,0.92561584,1.184845,10.804384,12.80152,0.92462201,1.1864011,10.602928,12.579324,0.95309879,1.143534,2.0766884,2.3747638,0.95598002,1.2138995,2.1539051,2.6146244,0.94756846,1.2078511,5.2442831,6.3343128,0.94083845,1.2197779,5.8212484,7.1006303,0.90308075,1.1543681,5.024704,5.8003582,0.88593755,1.1345026,4.5984429,5.2169454
experiment_0a_best,file,16,,3438,060.Glaucous_winged_Gull/Glaucous_Winged_Gull_0093_44724.jpg,60,59,060.Glaucous_winged_Gull,64,63,identity,identity,0,{},0.9449212,0.9449212,0,0.3887102,0.3887102,0.36484772,0.36484772,0.023862481,0.023862481,0,1,1,102.67574,102.67574,False,0.99999994,True,True,True,1,1,102.67574,102.67574,1,1,100.72745,100.72745,1,1,19.906999,19.906999,1,1,17.057057,17.057057,1,1,39.382972,39.382972,1,1,51.248201,51.248201,1,1,53.259576,53.259576,1,1,53.30194,53.30194
experiment_0a_best,file,16,,3438,060.Glaucous_winged_Gull/Glaucous_Winged_Gull_0093_44724.jpg,60,59,060.Glaucous_winged_Gull,64,63,horizontal_flip,horizontal_flip,0,"{""flipped"":true}",0.9449212,1.040221,0.09529978,0.3887102,0.35337657,0.36484772,0.14794028,0.023862481,0.20543629,0.18157381,0.61026665,0.97753989,102.67574,100.36963,False,0.9665702,True,True,True,0.61026665,0.97753989,102.67574,100.36963,0.59986051,0.98092672,100.72745,98.806246,0.90811839,0.88643252,19.906999,17.646211,0.35800394,0.90566524,17.057057,15.447984,0.51536498,0.97427958,39.382972,38.370026,0.5482242,0.9621064,51.248201,49.306222,0.59643391,0.98653988,53.259576,52.542696,0.71659442,1.0033101,53.30194,53.478376
experiment_0a_best,file,16,,3438,060.Glaucous_winged_Gull/Glaucous_Winged_Gull_0093_44724.jpg,60,59,060.Glaucous_winged_Gull,64,63,color_jitter,color_jitter,0,"{""brightness"":0.804989,""contrast"":0.934494,""hue"":-0.017592,""saturation"":1.345848}",0.9449212,1.7325076,0.78758639,0.3887102,0.17684042,0.36484772,0.42686492,0.023862481,-0.2500245,-0.27388698,0.79906099,1.3367835,102.67574,137.25524,False,0.94131851,False,True,False,0.79906099,1.3367835,102.67574,137.25524,0.79372482,1.33647,100.72745,134.61922,0.93485083,1.3447858,19.906999,26.77065,0.6497357,1.0278975,17.057057,17.532906,0.73720333,1.2880666,39.382972,50.727893,0.77018998,1.3653237,51.248201,69.970381,0.81068172,1.3914004,53.259576,74.105393,0.8439911,1.307114,53.30194,69.671714
experiment_0a_best,file,16,,3438,060.Glaucous_winged_Gull/Glaucous_Winged_Gull_0093_44724.jpg,60,59,060.Glaucous_winged_Gull,64,63,rotation,rotation,0,"{""angle"":11.224906}",0.9449212,0.49875283,-0.44616836,0.3887102,0.60728759,0.36484772,0.094174355,0.023862481,0.51311323,0.48925075,0.63511814,0.57547929,102.67574,59.087762,False,0.95526105,True,True,True,0.63511814,0.57547929,102.67574,59.087762,0.6253412,0.57616837,100.72745,58.03597,0.89412343,0.55754727,19.906999,11.099093,0.62914118,0.69609888,17.057057,11.873399,0.58789327,0.59663719,39.382972,23.497346,0.63678553,0.60723792,51.248201,31.119851,0.56448039,0.54035587,53.259576,28.779124,0.69846503,0.55603245,53.30194,29.637608
experiment_0a_best,file,16,,3438,060.Glaucous_winged_Gull/Glaucous_Winged_Gull_0093_44724.jpg,60,59,060.Glaucous_winged_Gull,64,63,random_resized_crop,random_resized_crop,0,"{""area_fraction"":0.522138,""aspect"":0.824865,""fallback"":false,""height"":0.795612,""left"":0.056322,""top"":0.200215,""width"":0.656272}",0.9449212,1.9550303,1.0101091,0.3887102,0.1415602,0.36484772,0.24814613,0.023862481,-0.10658593,-0.13044842,0.51554797,1.4192385,102.67574,145.72137,False,0.89454567,False,True,False,0.51554797,1.4192385,102.67574,145.72137,0.50381298,1.4244922,100.72745,143.48547,0.85355398,1.2773926,19.906999,25.429052,0.25200656,1.3957814,17.057057,23.807923,0.35766176,1.3985772,39.382972,55.080129,0.41614582,1.5604916,51.248201,79.972386,0.56781992,1.4094899,53.259576,75.068833,0.64691664,1.3208267,53.30194,70.402626
experiment_0a_best,file,16,,3438,060.Glaucous_winged_Gull/Glaucous_Winged_Gull_0093_44724.jpg,60,59,060.Glaucous_winged_Gull,64,63,gaussian_blur,gaussian_blur,0,"{""sigma"":1.128844}",0.9449212,1.5533867,0.60846549,0.3887102,0.21153036,0.36484772,0.071663357,0.023862481,0.139867,0.11600452,0.47066026,1.2626199,102.67574,129.64043,False,0.89468831,True,True,True,0.47066026,1.2626199,102.67574,129.64043,0.46086409,1.2708081,100.72745,128.00526,0.78978673,1.0310675,19.906999,20.52546,0.16576347,1.4093275,17.057057,24.03898,0.34042811,1.4323737,39.382972,56.411132,0.38050061,1.2766526,51.248201,65.426148,0.47823869,1.2080352,53.259576,64.339445,0.63745981,1.2165945,53.30194,64.846849
experiment_0a_best,file,16,,3438,060.Glaucous_winged_Gull/Glaucous_Winged_Gull_0093_44724.jpg,60,59,060.Glaucous_winged_Gull,64,63,random_erasing,random_erasing,0,"{""area_fraction"":0.13252,""erased"":true,""height"":0.204326,""left"":0.263823,""top"":0.435674,""width"":0.648573}",0.9449212,1.8947941,0.94987291,0.3887102,0.15034927,0.36484772,0.18612787,0.023862481,-0.035778597,-0.059641078,0.51056838,1.2654884,102.67574,129.93496,False,0.90792716,False,True,False,0.51056838,1.2654884,102.67574,129.93496,0.49749423,1.264097,100.72745,127.32927,0.83610376,1.3006047,19.906999,25.891136,0.16787806,1.273161,17.057057,21.716381,0.25142576,1.1803527,39.382972,46.485797,0.48009141,1.2149839,51.248201,62.26574,0.54789196,1.2599273,53.259576,67.103193,0.61607895,1.3529237,53.30194,72.113458
experiment_0a_best,file,16,,2254,040.Olive_sided_Flycatcher/Olive_Sided_Flycatcher_0086_30553.jpg,40,39,040.Olive_sided_Flycatcher,128,127,identity,identity,0,{},3.0626769,3.0626769,0,0.046762355,0.046762355,0.090314582,0.090314582,-0.043552227,-0.043552227,0,1,1,185.13132,185.13132,False,0.99999994,True,False,False,1,1,185.13132,185.13132,1,1,183.61523,183.61523,1,1,23.644304,23.644304,1,1,76.036016,76.036016,1,1,85.785997,85.785997,1,1,93.269755,93.269755,1,1,83.265209,83.265209,1,1,70.295772,70.295772
experiment_0a_best,file,16,,2254,040.Olive_sided_Flycatcher/Olive_Sided_Flycatcher_0086_30553.jpg,40,39,040.Olive_sided_Flycatcher,128,127,horizontal_flip,horizontal_flip,0,"{""flipped"":true}",3.0626769,3.0380416,-0.024635315,0.046762355,0.047928657,0.090314582,0.075865038,-0.043552227,-0.02793638,0.015615847,0.58662009,1.1985414,185.13132,221.88754,False,0.94037235,False,False,False,0.58662009,1.1985414,185.13132,221.88754,0.58125806,1.1993556,183.61523,220.21995,0.9248868,1.1483725,23.644304,27.15247,0.46598005,1.0496687,76.036016,79.812629,0.56902034,1.3063067,85.785997,112.06282,0.61876148,1.2495152,93.269755,116.54198,0.57010508,1.1633961,83.265209,96.870418,0.67948037,1.1559372,70.295772,81.257496
experiment_0a_best,file,16,,2254,040.Olive_sided_Flycatcher/Olive_Sided_Flycatcher_0086_30553.jpg,40,39,040.Olive_sided_Flycatcher,128,127,color_jitter,color_jitter,0,"{""brightness"":0.643702,""contrast"":0.993171,""hue"":0.020503,""saturation"":0.960713}",3.0626769,3.2323215,0.16964459,0.046762355,0.039465778,0.090314582,0.18397802,-0.043552227,-0.14451224,-0.10096002,0.75715058,0.95511947,185.13132,176.82252,False,0.9418152,True,False,False,0.75715058,0.95511947,185.13132,176.82252,0.75390696,0.95204785,183.61523,174.81048,0.93305914,1.1249599,23.644304,26.598895,0.75861676,0.81472242,76.036016,61.948247,0.62837636,1.0192138,85.785997,87.434271,0.78636931,0.97538628,93.269755,90.97404,0.81470525,0.9235818,83.265209,76.902232,0.81873337,0.99438292,70.295772,69.900915
experiment_0a_best,file,16,,2254,040.Olive_sided_Flycatcher/Olive_Sided_Flycatcher_0086_30553.jpg,40,39,040.Olive_sided_Flycatcher,128,127,rotation,rotation,0,"{""angle"":10.942002}",3.0626769,2.9093044,-0.15337253,0.046762355,0.054513641,0.090314582,0.0031152419,-0.043552227,0.051398399,0.094950626,0.66222854,1.0335916,185.13132,191.35017,False,0.89193392,False,False,False,0.66222854,1.0335916,185.13132,191.35017,0.65872362,1.0329342,183.61523,189.66244,0.86626075,1.0724947,23.644304,25.358391,0.76767822,0.94627397,76.036016,71.950903,0.70654456,1.1806894,85.785997,101.28662,0.56745383,1.0125029,93.269755,94.435901,0.6331199,0.98594051,83.265209,82.094542,0.66705119,0.9935826,70.295772,69.844656
experiment_0a_best,file,16,,2254,040.Olive_sided_Flycatcher/Olive_Sided_Flycatcher_0086_30553.jpg,40,39,040.Olive_sided_Flycatcher,128,127,random_resized_crop,random_resized_crop,0,"{""area_fraction"":0.513642,""aspect"":1.244153,""fallback"":false,""height"":0.64253,""left"":0.014955,""top"":0.00017,""width"":0.799405}",3.0626769,3.2140651,0.15138817,0.046762355,0.040192895,0.090314582,0.024575837,-0.043552227,0.015617058,0.059169285,0.68550793,1.0431507,185.13132,193.11985,False,0.83802259,False,False,False,0.68550793,1.0431507,185.13132,193.11985,0.6832965,1.042502,183.61523,191.41923,0.81451204,1.0815521,23.644304,25.572548,0.86757634,1.1696445,76.036016,88.935106,0.68202155,1.0760784,85.785997,92.312455,0.62315983,1.0203303,93.269755,95.165953,0.64302453,0.973204,83.265209,81.034035,0.6045796,0.96348503,70.295772,67.728924
experiment_0a_best,file,16,,2254,040.Olive_sided_Flycatcher/Olive_Sided_Flycatcher_0086_30553.jpg,40,39,040.Olive_sided_Flycatcher,128,127,gaussian_blur,gaussian_blur,0,"{""sigma"":1.46837}",3.0626769,2.2461481,-0.8165288,0.046762355,0.10580599,0.090314582,0.0044813002,-0.043552227,0.10132469,0.14487691,0.33829924,0.70087318,185.13132,129.75357,False,0.79024458,False,False,False,0.33829924,0.70087318,185.13132,129.75357,0.32962156,0.6943277,183.61523,127.48914,0.71906915,1.0207634,23.644304,24.13524,-0.18908303,0.4858621,76.036016,36.943018,0.34090433,0.59636833,85.785997,51.160051,0.39661522,0.70849535,93.269755,66.081188,0.39641634,0.7658141,83.265209,63.765671,0.50555402,0.88136311,70.295772,61.9561
experiment_0a_best,file,16,,2254,040.Olive_sided_Flycatcher/Olive_Sided_Flycatcher_0086_30553.jpg,40,39,040.Olive_sided_Flycatcher,128,127,random_erasing,random_erasing,0,"{""area_fraction"":0.1027,""erased"":true,""height"":0.326037,""left"":0.059625,""top"":0.388679,""width"":0.314994}",3.0626769,2.6670282,-0.39564872,0.046762355,0.069458343,0.090314582,0.12310176,-0.043552227,-0.05364342,-0.010091193,0.93685189,0.9519948,185.13132,176.24405,False,0.97524512,True,False,False,0.93685189,0.9519948,185.13132,176.24405,0.93624052,0.95097436,183.61523,174.61337,0.97327123,1.0116332,23.644304,23.919364,0.9739755,0.85711746,76.036016,65.171797,0.94777416,0.94339316,85.785997,80.929922,0.94942857,0.97612145,93.269755,91.042609,0.91815058,0.98035591,83.265209,81.62954,0.89012746,0.97946949,70.295772,68.852564
experiment_0a_best,file,16,,368,007.Parakeet_Auklet/Parakeet_Auklet_0019_795987.jpg,7,6,007.Parakeet_Auklet,6,5,identity,identity,0,{},0.31625959,0.31625959,0,0.72887021,0.72887021,0.25724462,0.25724462,0.4716256,0.4716256,0,1,1,53.270149,53.270149,False,1,True,True,True,1,1,53.270149,53.270149,1,1,52.125518,52.125518,1,1,10.983585,10.983585,1,1,14.304312,14.304312,1,1,23.991335,23.991335,1,1,24.266919,24.266919,1,1,24.725425,24.725425,1,1,27.141152,27.141152
experiment_0a_best,file,16,,368,007.Parakeet_Auklet/Parakeet_Auklet_0019_795987.jpg,7,6,007.Parakeet_Auklet,6,5,horizontal_flip,horizontal_flip,0,"{""flipped"":true}",0.31625959,0.083554201,-0.23270539,0.72887021,0.91984123,0.25724462,0.078967594,0.4716256,0.84087364,0.36924804,0.60669342,0.3311615,53.270149,17.641022,False,0.96964896,True,True,True,0.60669342,0.3311615,53.270149,17.641022,0.58940151,0.33002,52.125518,17.202464,0.96947586,0.35590207,10.983585,3.9090806,0.27037214,0.33035656,14.304312,4.7255233,0.52809179,0.29399158,23.991335,7.0532504,0.56193336,0.35265762,24.266919,8.5579138,0.57917668,0.33152551,24.725425,8.1971091,0.75351718,0.33650748,27.141152,9.1332007
experiment_0a_best,file,16,,368,007.Parakeet_Auklet/Parakeet_Auklet_0019_795987.jpg,7,6,007.Parakeet_Auklet,6,5,color_jitter,color_jitter,0,"{""brightness"":1.013106,""contrast"":1.094264,""hue"":-0.068649,""saturation"":0.866313}",0.31625959,0.99413633,0.67787674,0.72887021,0.37004292,0.25724462,0.59684443,0.4716256,-0.22680151,-0.69842711,0.84561452,2.228125,53.270149,118.69255,False,0.9760325,False,True,False,0.84561452,2.228125,53.270149,118.69255,0.83980479,2.2278243,52.125518,116.1265,0.9760534,2.234886,10.983585,24.54706,0.72616467,1.84633,14.304312,26.410481,0.81125434,2.0037001,23.991335,48.071441,0.81821219,2.2985216,24.266919,55.778036,0.84748526,2.2692427,24.725425,56.107989,0.90222488,2.3928147,27.141152,64.943747
experiment_0a_best,file,16,,368,007.Parakeet_Auklet/Parakeet_Auklet_0019_795987.jpg,7,6,007.Parakeet_Auklet,6,5,rotation,rotation,0,"{""angle"":-3.514447}",0.31625959,0.13041382,-0.18584578,0.72887021,0.87773216,0.25724462,0.10490696,0.4716256,0.7728252,0.3011996,0.84821624,0.46541668,53.270149,24.792816,False,0.9853754,True,True,True,0.84821624,0.46541668,53.270149,24.792816,0.84298674,0.46733927,52.125518,24.360301,0.98403727,0.41978973,10.983585,4.6107961,0.87963359,0.57291429,14.304312,8.1951447,0.86931697,0.45604893,23.991335,10.941223,0.7871059,0.47177041,24.266919,11.448414,0.82076602,0.46527155,24.725425,11.504037,0.88376244,0.44081771,27.141152,11.964301
experiment_0a_best,file,16,,368,007.Parakeet_Auklet/Parakeet_Auklet_0019_795987.jpg,7,6,007.Parakeet_Auklet,6,5,random_resized_crop,random_resized_crop,0,"{""area_fraction"":0.703309,""aspect"":0.766194,""fallback"":false,""height"":0.958084,""left"":0.002007,""top"":0.024647,""width"":0.734079}",0.31625959,2.0331576,1.716898,0.72887021,0.13092147,0.25724462,0.65178871,0.4716256,-0.52086724,-0.99249284,0.71927445,2.8126937,53.270149,149.83261,False,0.93695796,False,True,False,0.71927445,2.8126937,53.270149,149.83261,0.71067569,2.8206756,52.125518,147.02918,0.92901288,2.6265045,10.983585,28.848435,0.55695314,2.9014188,14.304312,41.502799,0.75225681,2.8519398,23.991335,68.421844,0.6743154,2.7812245,24.266919,67.49175,0.66738282,2.7928834,24.725425,69.05523,0.7859981,2.8276232,27.141152,76.74495
experiment_0a_best,file,16,,368,007.Parakeet_Auklet/Parakeet_Auklet_0019_795987.jpg,7,6,007.Parakeet_Auklet,6,5,gaussian_blur,gaussian_blur,0,"{""sigma"":1.29122}",0.31625959,0.23323536,-0.083024234,0.72887021,0.79196715,0.25724462,0.19358708,0.4716256,0.59838007,0.12675448,0.77033693,0.84446571,53.270149,44.984814,False,0.97116548,True,True,True,0.77033693,0.84446571,53.270149,44.984814,0.76254691,0.84808239,52.125518,44.206734,0.97114489,0.75845532,10.983585,8.3305584,0.69868907,0.84195395,14.304312,12.043572,0.72308623,0.86045003,23.991335,20.643345,0.74616013,0.8992864,24.266919,21.82291,0.75337083,0.89115755,24.725425,22.034249,0.84917995,0.75624682,27.141152,20.52541
experiment_0a_best,file,16,,368,007.Parakeet_Auklet/Parakeet_Auklet_0019_795987.jpg,7,6,007.Parakeet_Auklet,6,5,random_erasing,random_erasing,0,"{""area_fraction"":0.162265,""erased"":true,""height"":0.237624,""left"":0.282477,""top"":0.730193,""width"":0.682864}",0.31625959,0.24106565,-0.075193942,0.72887021,0.78579003,0.25724462,0.094929405,0.4716256,0.69086062,0.21923503,0.68746971,0.59579479,53.270149,31.738077,False,0.95516229,True,True,True,0.68746971,0.59579479,53.270149,31.738077,0.6789498,0.59660197,52.125518,31.098187,0.88612353,0.57731646,10.983585,6.3410043,0.67416201,0.63723446,14.304312,9.1152005,0.68104167,0.4915793,23.991335,11.793644,0.62111739,0.63089401,24.266919,15.309854,0.65696281,0.60610418,24.725425,14.986183,0.75344206,0.62303357,27.141152,16.909849
experiment_0a_best,file,16,,11657,198.Rock_Wren/Rock_Wren_0123_189405.jpg,198,197,198.Rock_Wren,91,90,identity,identity,0,{},0.002521314,0.002521314,0,0.99748188,0.99748188,0.00091671885,0.00091671885,0.99656516,0.99656516,0,1,1,0.40583429,0.40583429,False,0.99999988,True,True,True,1,1,0.40583429,0.40583429,1,1,0.39370157,0.39370157,1,1,0.098491338,0.098491338,1,1,0.092640261,0.092640261,1,1,0.19514354,0.19514354,1,1,0.19818418,0.19818418,1,1,0.17250627,0.17250627,1,1,0.19824814,0.19824814
experiment_0a_best,file,16,,11657,198.Rock_Wren/Rock_Wren_0123_189405.jpg,198,197,198.Rock_Wren,91,90,horizontal_flip,horizontal_flip,0,"{""flipped"":true}",0.002521314,0.0032524564,0.00073114247,0.99748188,0.9967528,0.00091671885,0.0014321976,0.99656516,0.9953206,-0.0012445628,0.63212882,1.2857074,0.40583429,0.52178416,False,0.98018616,True,True,True,0.63212882,1.2857074,0.40583429,0.52178416,0.61154976,1.2865549,0.39370157,0.50651868,0.96473021,1.2720898,0.098491338,0.12528983,0.24472316,1.297162,0.092640261,0.12016943,0.63849356,1.301965,0.19514354,0.25407005,0.5635416,1.2701372,0.19818418,0.25172111,0.57552992,1.3172586,0.17250627,0.22723537,0.74407948,1.2617465,0.19824814,0.25013889
experiment_0a_best,file,16,,11657,198.Rock_Wren/Rock_Wren_0123_189405.jpg,198,197,198.Rock_Wren,91,90,color_jitter,color_jitter,0,"{""brightness"":0.691464,""contrast"":1.347342,""hue"":-0.005414,""saturation"":1.328342}",0.002521314,0.016761307,0.014239993,0.99748188,0.98337841,0.00091671885,0.0060653323,0.99656516,0.97731308,-0.019252086,0.83772613,5.8949174,0.40583429,2.3923596,False,0.98178643,True,True,True,0.83772613,5.8949174,0.40583429,2.3923596,0.8286299,5.880176,0.39370157,2.3150345,0.97790423,6.1256543,0.098491338,0.60332388,0.59684539,6.6356669,0.092640261,0.61472991,0.82284384,5.9036561,0.19514354,1.1520603,0.82783523,5.6468742,0.19818418,1.1191212,0.83534205,5.8513666,0.17250627,1.0093974,0.88874289,5.931869,0.19824814,1.175982
experiment_0a_best,file,16,,11657,198.Rock_Wren/Rock_Wren_0123_189405.jpg,198,197,198.Rock_Wren,91,90,rotation,rotation,0,"{""angle"":10.79544}",0.002521314,0.017083984,0.01456267,0.99748188,0.98306113,0.00091671885,0.0034260687,0.99656516,0.97963507,-0.016930098,0.71150849,6.428993,0.40583429,2.6091058,False,0.95672333,True,True,True,0.71150849,6.428993,0.40583429,2.6091058,0.6993543,6.4478563,0.39370157,2.5385312,0.91704557,6.1197019,0.098491338,0.60273763,0.64811336,5.2748973,0.092640261,0.48866786,0.71199363,6.1972316,0.19514354,1.2093497,0.67665232,6.8058113,0.19818418,1.3488042,0.65984143,6.7390759,0.17250627,1.1625328,0.7578565,6.3244935,0.19824814,1.2538191
experiment_0a_best,file,16,,11657,198.Rock_Wren/Rock_Wren_0123_189405.jpg,198,197,198.Rock_Wren,91,90,random_resized_crop,random_resized_crop,0,"{""area_fraction"":0.628893,""aspect"":1.292149,""fallback"":false,""height"":0.697641,""left"":0.038569,""top"":0.169418,""width"":0.901456}",0.002521314,0.0066139838,0.0040926698,0.99748188,0.99340785,0.00091671885,0.0033545441,0.99656516,0.9900533,-0.0065118623,0.71780776,3.3020045,0.40583429,1.3400666,False,0.97202903,True,True,True,0.71780776,3.3020045,0.40583429,1.3400666,0.70683464,3.3363211,0.39370157,1.3135149,0.95048049,2.6950381,0.098491338,0.26543791,0.68442959,3.8677876,0.092640261,0.35831285,0.73259865,3.5554615,0.19514354,0.69382532,0.66937779,3.4971001,0.19818418,0.69306992,0.66886944,3.2546754,0.17250627,0.56145191,0.77485593,2.8532672,0.19824814,0.5656549
experiment_0a_best,file,16,,11657,198.Rock_Wren/Rock_Wren_0123_189405.jpg,198,197,198.Rock_Wren,91,90,gaussian_blur,gaussian_blur,0,"{""sigma"":1.977907}",0.002521314,1.5174168,1.5148955,0.99748188,0.21927759,0.00091671885,0.051222101,0.99656516,0.16805549,-0.82850967,0.31292374,398.27282,0.40583429,161.63277,False,0.71191734,True,True,True,0.31292374,398.27282,0.40583429,161.63277,0.30235661,406.15902,0.39370157,159.90544,0.64266474,239.27948,0.098491338,23.566956,-0.064610901,407.17371,0.092640261,37.720679,0.25535057,420.35135,0.19514354,82.028848,0.30045045,484.80742,0.19818418,96.081163,0.34750437,405.90036,0.17250627,70.020357,0.46253335,289.05102,0.19824814,57.303826
experiment_0a_best,file,16,,11657,198.Rock_Wren/Rock_Wren_0123_189405.jpg,198,197,198.Rock_Wren,91,90,random_erasing,random_erasing,0,"{""area_fraction"":0.054517,""erased"":true,""height"":0.243935,""left"":0.211161,""top"":0.24944,""width"":0.223488}",0.002521314,0.025347618,0.022826304,0.99748188,0.97497094,0.00091671885,0.0078009381,0.99656516,0.96717,-0.029395165,0.79408561,9.8533349,0.40583429,3.9988212,False,0.96589655,True,True,True,0.79408561,9.8533349,0.40583429,3.9988212,0.78419134,9.8834934,0.39370157,3.8911469,0.96217295,9.3582703,0.098491338,0.92170856,0.75380522,8.7903167,0.092640261,0.81433723,0.82475022,10.069149,0.19514354,1.9649292,0.73099169,9.7454327,0.19818418,1.9313906,0.74310212,10.516004,0.17250627,1.8140767,0.84026862,9.5650647,0.19824814,1.8962563
experiment_0a_best,file,16,,8625,147.Least_Tern/Least_Tern_0056_153965.jpg,147,146,147.Least_Tern,71,70,identity,identity,0,{},5.7393255,5.7393255,0,0.0032169374,0.0032169374,0.63084072,0.63084072,-0.62762378,-0.62762378,0,1,1,168.12167,168.12167,False,0.99999994,True,False,False,1,1,168.12167,168.12167,1,1,165.14416,165.14416,1,1,31.500853,31.500853,1,1,38.659874,38.659874,1,1,68.305155,68.305155,1,1,89.835583,89.835583,1,1,79.450948,79.450948,1,1,82.033703,82.033703
experiment_0a_best,file,16,,8625,147.Least_Tern/Least_Tern_0056_153965.jpg,147,146,147.Least_Tern,71,70,horizontal_flip,horizontal_flip,0,"{""flipped"":true}",5.7393255,7.6637874,1.9244618,0.0032169374,0.00046952587,0.63084072,0.82018352,-0.62762378,-0.81971399,-0.19209021,0.67883161,1.1465468,168.12167,192.75937,False,0.9591428,True,False,False,0.67883161,1.1465468,168.12167,192.75937,0.66908223,1.1471122,165.14416,189.43888,0.95069292,1.1308979,31.500853,35.624248,0.35275848,1.0799378,38.659874,41.750259,0.65177833,1.1198629,68.305155,76.492409,0.67951158,1.0615747,89.835583,95.36718,0.64070846,1.1971563,79.450948,95.115204,0.76148894,1.2281872,82.033703,100.75274
experiment_0a_best,file,16,,8625,147.Least_Tern/Least_Tern_0056_153965.jpg,147,146,147.Least_Tern,71,70,color_jitter,color_jitter,0,"{""brightness"":0.75817,""contrast"":1.336678,""hue"":-0.034907,""saturation"":0.777869}",5.7393255,6.7401395,1.000814,0.0032169374,0.0011824823,0.63084072,0.57424164,-0.62762378,-0.57305916,0.054564625,0.83267425,0.8893909,168.12167,149.52589,False,0.97609699,True,False,False,0.83267425,0.8893909,168.12167,149.52589,0.82711351,0.88547891,165.14416,146.23167,0.97431381,0.99088134,31.500853,31.213607,0.6302856,0.64309973,38.659874,24.862154,0.74733873,0.87510505,68.305155,59.774186,0.84020988,0.81232356,89.835583,72.975561,0.85047214,0.92752671,79.450948,73.692877,0.88573315,0.97798958,82.033703,80.228107
experiment_0a_best,file,16,,8625,147.Least_Tern/Least_Tern_0056_153965.jpg,147,146,147.Least_Tern,71,70,rotation,rotation,0,"{""angle"":-7.401531}",5.7393255,7.5929952,1.8536696,0.0032169374,0.00050396932,0.63084072,0.041707207,-0.62762378,-0.041203237,0.58642054,0.46412198,1.0222764,168.12167,171.86682,False,0.9094637,False,False,False,0.46412198,1.0222764,168.12167,171.86682,0.45646447,1.0183692,165.14416,168.17772,0.65693105,1.1243607,31.500853,35.418322,0.51975511,0.74252875,38.659874,28.706068,0.396323,0.94792521,68.305155,64.748179,0.36932791,0.89659701,89.835583,80.546315,0.4684507,1.1523594,79.450948,91.556049,0.56776203,1.1170534,82.033703,91.636025
experiment_0a_best,file,16,,8625,147.Least_Tern/Least_Tern_0056_153965.jpg,147,146,147.Least_Tern,71,70,random_resized_crop,random_resized_crop,0,"{""area_fraction"":0.763694,""aspect"":1.234169,""fallback"":false,""height"":0.786633,""left"":0.00615,""top"":0.017086,""width"":0.970839}",5.7393255,5.5478821,-0.19144344,0.0032169374,0.0038956993,0.63084072,0.13873518,-0.62762378,-0.13483948,0.49278431,0.5950333,0.568805,168.12167,95.628449,False,0.92418826,False,False,False,0.5950333,0.568805,168.12167,95.628449,0.58461755,0.56188156,165.14416,92.791459,0.83456249,0.73395598,31.500853,23.120239,0.78467715,0.57632745,38.659874,22.280746,0.43189234,0.52987929,68.305155,36.193487,0.58706774,0.50797556,89.835583,45.634281,0.57754493,0.56153043,79.450948,44.614125,0.64407466,0.63703649,82.033703,52.258462
experiment_0a_best,file,16,,8625,147.Least_Tern/Least_Tern_0056_153965.jpg,147,146,147.Least_Tern,71,70,gaussian_blur,gaussian_blur,0,"{""sigma"":1.698991}",5.7393255,5.4168639,-0.32246161,0.0032169374,0.0044410527,0.63084072,0.13587685,-0.62762378,-0.1314358,0.49618798,0.40460798,1.0764643,168.12167,180.97697,False,0.87005568,False,False,False,0.40460798,1.0764643,168.12167,180.97697,0.39497356,1.0834105,165.14416,178.91892,0.74677147,0.86396085,31.500853,27.215504,0.25164327,1.1501037,38.659874,44.462864,0.16933662,1.2464062,68.305155,85.135967,0.42557818,1.0569425,89.835583,94.951045,0.4631835,1.1063965,79.450948,87.904249,0.53124786,0.94770134,82.033703,77.74345
experiment_0a_best,file,16,,8625,147.Least_Tern/Least_Tern_0056_153965.jpg,147,146,147.Least_Tern,71,70,random_erasing,random_erasing,0,"{""area_fraction"":0.093079,""erased"":true,""height"":0.536958,""left"":0.719333,""top"":0.319452,""width"":0.173345}",5.7393255,5.1302471,-0.60907841,0.0032169374,0.0059150979,0.63084072,0.35949939,-0.62762378,-0.3535843,0.27403948,0.83635602,0.81880803,168.12167,137.65938,False,0.95776618,True,False,False,0.83635602,0.81880803,168.12167,137.65938,0.83287198,0.81781932,165.14416,135.05808,0.92942106,0.84552947,31.500853,26.634899,0.72913654,0.75447432,38.659874,29.167882,0.81455724,0.79221931,68.305155,54.112663,0.88639545,0.84712092,89.835583,76.101601,0.8119598,0.80647744,79.450948,64.075397,0.82094143,0.8235889,82.033703,67.562047
experiment_0a_best,file,16,,6663,114.Black_throated_Sparrow/Black_Throated_Sparrow_0066_106974.jpg,114,113,114.Black_throated_Sparrow,85,84,identity,identity,0,{},0.019876702,0.019876702,0,0.98031956,0.98031956,0.013866275,0.013866275,0.96645328,0.96645328,0,1,1,3.143657,3.143657,False,0.99999994,True,True,True,1,1,3.143657,3.143657,1,1,3.0722816,3.0722816,1,1,0.66608184,0.66608184,1,1,0.60886641,0.60886641,1,1,1.2114303,1.2114303,1,1,1.5391019,1.5391019,1,1,1.6389283,1.6389283,1,1,1.5955287,1.5955287
experiment_0a_best,file,16,,6663,114.Black_throated_Sparrow/Black_Throated_Sparrow_0066_106974.jpg,114,113,114.Black_throated_Sparrow,85,84,horizontal_flip,horizontal_flip,0,"{""flipped"":true}",0.019876702,0.023323245,0.0034465436,0.98031956,0.97694665,0.013866275,0.01100441,0.96645328,0.96594224,-0.00051104277,0.65073692,1.1009439,3.143657,3.4609901,False,0.97435689,True,True,True,0.65073692,1.1009439,3.143657,3.4609901,0.63665834,1.1019262,3.0722816,3.3854277,0.95651207,1.0798344,0.66608184,0.71925807,0.45083677,1.0933804,0.60886641,0.66572256,0.63804548,1.1572515,1.2114303,1.4019295,0.58612103,1.1848144,1.5391019,1.8235501,0.63067418,1.0141638,1.6389283,1.6621417,0.72528616,1.0791193,1.5955287,1.7217658
experiment_0a_best,file,16,,6663,114.Black_throated_Sparrow/Black_Throated_Sparrow_0066_106974.jpg,114,113,114.Black_throated_Sparrow,85,84,color_jitter,color_jitter,0,"{""brightness"":1.15368,""contrast"":1.293051,""hue"":-0.093387,""saturation"":0.679787}",0.019876702,0.022735294,0.0028585922,0.98031956,0.97752118,0.013866275,0.0092430981,0.96645328,0.96827808,0.0018247981,0.73970511,1.0492122,3.143657,3.2983631,False,0.96112895,True,True,True,0.73970511,1.0492122,3.143657,3.2983631,0.73117301,1.0509379,3.0722816,3.2287773,0.92875566,1.011799,0.66608184,0.67394096,0.67118077,0.8683767,0.60886641,0.5287254,0.58580234,1.1434038,1.2114303,1.3851541,0.67820339,1.0355545,1.5391019,1.5938239,0.80187534,1.059602,1.6389283,1.7366117,0.80845584,1.0242557,1.5955287,1.6342294
experiment_0a_best,file,16,,6663,114.Black_throated_Sparrow/Black_Throated_Sparrow_0066_106974.jpg,114,113,114.Black_throated_Sparrow,85,84,rotation,rotation,0,"{""angle"":-0.863333}",0.019876702,0.013257919,-0.0066187829,0.98031956,0.98682958,0.013866275,0.008531034,0.96645328,0.97829854,0.01184526,0.88457712,0.67125305,3.143657,2.1101893,False,0.99059784,True,True,True,0.88457712,0.67125305,3.143657,2.1101893,0.87985792,0.6723803,3.0722816,2.0657416,0.98958376,0.64680572,0.66608184,0.43082555,0.84551142,0.72166403,0.60886641,0.43939698,0.82077727,0.69454794,1.2114303,0.84139642,0.8540263,0.69534671,1.5391019,1.0702095,0.90405188,0.6568544,1.6389283,1.0765372,0.92409877,0.64588558,1.5955287,1.030529
experiment_0a_best,file,16,,6663,114.Black_throated_Sparrow/Black_Throated_Sparrow_0066_106974.jpg,114,113,114.Black_throated_Sparrow,85,84,random_resized_crop,random_resized_crop,0,"{""area_fraction"":0.514911,""aspect"":0.932464,""fallback"":false,""height"":0.743105,""left"":0.228544,""top"":0.207043,""width"":0.692918}",0.019876702,0.0036449679,-0.016231734,0.98031956,0.99636167,0.013866275,0.0017657109,0.96645328,0.99459596,0.028142677,0.61845416,0.20071299,3.143657,0.6309728,False,0.94117767,True,True,True,0.61845416,0.20071299,3.143657,0.6309728,0.60422311,0.2008583,3.0722816,0.61709325,0.92629524,0.19759636,0.66608184,0.13161535,0.62702937,0.25465134,0.60886641,0.15504865,0.61445974,0.21649123,1.2114303,0.26226403,0.54329995,0.20947987,1.5391019,0.32241087,0.60124899,0.18704273,1.6389283,0.30654961,0.66715668,0.18808825,1.5955287,0.30010021
experiment_0a_best,file,16,,6663,114.Black_throated_Sparrow/Black_Throated_Sparrow_0066_106974.jpg,114,113,114.Black_throated_Sparrow,85,84,gaussian_blur,gaussian_blur,0,"{""sigma"":1.827235}",0.019876702,0.041105159,0.021228457,0.98031956,0.95972818,0.013866275,0.020562489,0.96645328,0.93916569,-0.027287592,0.60025342,2.0675842,3.143657,6.4997756,False,0.91482759,True,True,True,0.60025342,2.0675842,3.143657,6.4997756,0.58767437,2.0733453,3.0722816,6.3699007,0.88737453,1.94097,0.66608184,1.2928449,0.47188762,2.2175815,0.60886641,1.3502109,0.54867168,2.3293342,1.2114303,2.821826,0.57860137,2.1676413,1.5391019,3.3362209,0.58105911,1.9871064,1.6389283,3.2567248,0.65925551,1.8858073,1.5955287,3.0088598
experiment_0a_best,file,16,,6663,114.Black_throated_Sparrow/Black_Throated_Sparrow_0066_106974.jpg,114,113,114.Black_throated_Sparrow,85,84,random_erasing,random_erasing,0,"{""area_fraction"":0.136088,""erased"":true,""height"":0.23681,""left"":0.095228,""top"":0.739354,""width"":0.574671}",0.019876702,0.023240671,0.0033639688,0.98031956,0.9770273,0.013866275,0.017848853,0.96645328,0.95917844,-0.007274841,0.94432437,1.3119543,3.143657,4.1243344,False,0.98541272,True,True,True,0.94432437,1.3119543,3.143657,4.1243344,0.94264189,1.3152092,3.0722816,4.0406929,0.98380768,1.2406866,0.66608184,0.82639883,0.95586414,1.2872258,0.60886641,0.78374852,0.92002311,1.3596127,1.2114303,1.647076,0.94609012,1.3678268,1.5391019,2.1052249,0.95159275,1.2901508,1.6389283,2.1144646,0.94347949,1.2686332,1.5955287,2.0241408
experiment_0a_best,file,16,,7200,123.Henslow_Sparrow/Henslow_Sparrow_0006_796607.jpg,123,122,123.Henslow_Sparrow,124,123,identity,identity,0,{},0.0004856599,0.0004856599,0,0.99951446,0.99951446,0.00035899485,0.00035899485,0.99915547,0.99915547,0,1,1,0.077732869,0.077732869,False,0.99999988,True,True,True,1,1,0.077732869,0.077732869,1,1,0.07492343,0.07492343,1,1,0.02070938,0.02070938,1,1,0.01011656,0.01011656,1,1,0.035137198,0.035137198,1,1,0.039831354,0.039831354,1,1,0.035854862,0.035854862,1,1,0.037475927,0.037475927
experiment_0a_best,file,16,,7200,123.Henslow_Sparrow/Henslow_Sparrow_0006_796607.jpg,123,122,123.Henslow_Sparrow,124,123,horizontal_flip,horizontal_flip,0,"{""flipped"":true}",0.0004856599,0.00054737844,6.1718543e-05,0.99951446,0.99945277,0.00035899485,0.00036276624,0.99915547,0.99909,-6.5462198e-05,0.68228882,1.0754934,0.077732869,0.083601189,False,0.98434114,True,True,True,0.68228882,1.0754934,0.077732869,0.083601189,0.66059126,1.079224,0.07492343,0.080859165,0.98201996,1.0254138,0.02070938,0.021235683,0.52481857,1.211425,0.01011656,0.012255453,0.61321448,1.0841936,0.035137198,0.038095524,0.63903512,1.1198188,0.039831354,0.0446039,0.61027726,1.0384392,0.035854862,0.037233094,0.78756252,1.0542391,0.037475927,0.039508585
experiment_0a_best,file,16,,7200,123.Henslow_Sparrow/Henslow_Sparrow_0006_796607.jpg,123,122,123.Henslow_Sparrow,124,123,color_jitter,color_jitter,0,"{""brightness"":1.115831,""contrast"":0.990554,""hue"":-0.071082,""saturation"":0.819826}",0.0004856599,0.013144626,0.012658966,0.99951446,0.9869414,0.00035899485,0.004552199,0.99915547,0.9823892,-0.016766268,0.74196699,27.488202,0.077732869,2.1367368,False,0.95659637,True,True,True,0.74196699,27.488202,0.077732869,2.1367368,0.73683304,28.038498,0.07492343,2.1007405,0.89799941,18.858878,0.02070938,0.39055568,0.63577309,30.743929,0.01011656,0.31102279,0.81188507,29.004957,0.035137198,1.0191529,0.66737391,27.363806,0.039831354,1.0899375,0.70661704,28.291026,0.035854862,1.0143708,0.78310596,27.482896,0.037475927,1.029947
experiment_0a_best,file,16,,7200,123.Henslow_Sparrow/Henslow_Sparrow_0006_796607.jpg,123,122,123.Henslow_Sparrow,124,123,rotation,rotation,0,"{""angle"":-4.353912}",0.0004856599,0.0019070787,0.0014214188,0.99951446,0.99809474,0.00035899485,0.0013842386,0.99915547,0.9967105,-0.0024449668,0.85374635,3.7853094,0.077732869,0.29424296,False,0.98706424,True,True,True,0.85374635,3.7853094,0.077732869,0.29424296,0.84394203,3.7940702,0.07492343,0.28426475,0.986907,3.6687127,0.02070938,0.075976766,0.80239046,4.538336,0.01011656,0.045912347,0.85148368,3.8472717,0.035137198,0.13518235,0.82020763,3.6910942,0.039831354,0.14702128,0.83245308,3.8667743,0.035854862,0.13864266,0.88006348,3.7345112,0.037475927,0.13995427
experiment_0a_best,file,16,,7200,123.Henslow_Sparrow/Henslow_Sparrow_0006_796607.jpg,123,122,123.Henslow_Sparrow,124,123,random_resized_crop,random_resized_crop,0,"{""area_fraction"":0.632126,""aspect"":1.083037,""fallback"":false,""height"":0.763977,""left"":0.134526,""top"":0.122357,""width"":0.827415}",0.0004856599,0.0034650068,0.0029793469,0.99951446,0.99654096,0.00035899485,0.0031881037,0.99915547,0.99335286,-0.0058026057,0.72463359,8.414211,0.077732869,0.65406076,False,0.95926762,True,True,True,0.72463359,8.414211,0.077732869,0.65406076,0.70892584,8.463861,0.07492343,0.6341415,0.95234995,7.7350215,0.02070938,0.1601875,0.6837405,13.03463,0.01011656,0.13186561,0.72933751,8.0973168,0.035137198,0.28451702,0.68502742,9.2111398,0.039831354,0.36689217,0.7050169,8.3039894,0.035854862,0.29773839,0.74674285,7.5726974,0.037475927,0.28379385
experiment_0a_best,file,16,,7200,123.Henslow_Sparrow/Henslow_Sparrow_0006_796607.jpg,123,122,123.Henslow_Sparrow,124,123,gaussian_blur,gaussian_blur,0,"{""sigma"":1.936141}",0.0004856599,0.063483685,0.062998025,0.99951446,0.93848944,0.00035899485,0.052105606,0.99915547,0.88638383,-0.11277163,0.56714215,159.74454,0.077732869,12.417402,False,0.86848354,True,True,True,0.56714215,159.74454,0.077732869,12.417402,0.55139138,162.29582,0.07492343,12.15976,0.86510706,121.50857,0.02070938,2.5163672,0.096616162,132.40225,0.01011656,1.3394553,0.5739824,182.93966,0.035137198,6.427987,0.55766752,176.74366,0.039831354,7.0399392,0.48826701,146.40863,0.035854862,5.2494613,0.62501539,140.25886,0.037475927,5.2563308
experiment_0a_best,file,16,,7200,123.Henslow_Sparrow/Henslow_Sparrow_0006_796607.jpg,123,122,123.Henslow_Sparrow,124,123,random_erasing,random_erasing,0,"{""area_fraction"":0.060394,""erased"":true,""height"":0.240965,""left"":0.398183,""top"":0.525722,""width"":0.250635}",0.0004856599,0.00052903005,4.337015e-05,0.99951446,0.99947113,0.00035899485,0.00040625961,0.99915547,0.99906487,-9.0597343e-05,0.9490738,1.0856725,0.077732869,0.084392441,False,0.99310887,True,True,True,0.9490738,1.0856725,0.077732869,0.084392441,0.9456676,1.0834638,0.07492343,0.081176825,0.99277183,1.1141787,0.02070938,0.023073951,0.93497004,1.0159434,0.01011656,0.010277852,0.95047228,1.0501411,0.035137198,0.036899017,0.95097373,1.0993006,0.039831354,0.043786631,0.93332364,1.0937727,0.035854862,0.039217067,0.9483101,1.0895546,0.037475927,0.040832068
experiment_0a_best,file,16,,9896,169.Magnolia_Warbler/Magnolia_Warbler_0018_165958.jpg,169,168,169.Magnolia_Warbler,20,19,identity,identity,0,{},0.0023776614,0.0023776614,0,0.99762517,0.99762517,0.00091375003,0.00091375003,0.99671142,0.99671142,0,1,1,0.33782939,0.33782939,False,1,True,True,True,1,1,0.33782939,0.33782939,1,1,0.32820748,0.32820748,1,1,0.0800534,0.0800534,1,1,0.045617817,0.045617817,1,1,0.10611316,0.10611316,1,1,0.1481105,0.1481105,1,1,0.18193897,0.18193897,1,1,0.19834477,0.19834477
experiment_0a_best,file,16,,9896,169.Magnolia_Warbler/Magnolia_Warbler_0018_165958.jpg,169,168,169.Magnolia_Warbler,20,19,horizontal_flip,horizontal_flip,0,"{""flipped"":true}",0.0023776614,0.0054871421,0.0031094807,0.99762517,0.99452788,0.00091375003,0.0017640889,0.99671142,0.99276379,-0.0039476346,0.69464412,2.1388789,0.33782939,0.72257613,False,0.9829368,True,True,True,0.69464412,2.1388789,0.33782939,0.72257613,0.67764583,2.1384429,0.32820748,0.70185296,0.97933795,2.1461928,0.0800534,0.17181003,0.31963723,2.5231749,0.045617817,0.11510173,0.46806623,2.1061945,0.10611316,0.22349494,0.59271124,2.2292342,0.1481105,0.330173,0.65557468,2.0241561,0.18193897,0.36827288,0.82585115,2.1671216,0.19834477,0.42983725
experiment_0a_best,file,16,,9896,169.Magnolia_Warbler/Magnolia_Warbler_0018_165958.jpg,169,168,169.Magnolia_Warbler,20,19,color_jitter,color_jitter,0,"{""brightness"":1.206629,""contrast"":0.83245,""hue"":-0.085639,""saturation"":0.94517}",0.0023776614,3.8987339,3.8963562,0.99762517,0.020267554,0.00091375003,0.010315108,0.99671142,0.0099524455,-0.98675898,0.29202378,445.97742,0.33782939,150.66428,False,0.69233871,False,True,False,0.29202378,445.97742,0.33782939,150.66428,0.28235305,449.72602,0.32820748,147.60344,0.48999106,377.4362,0.0800534,30.215051,0.32795361,693.54052,0.045617817,31.637805,0.33428453,561.00732,0.10611316,59.530257,0.31999757,534.26856,0.1481105,79.130785,0.24111274,402.64314,0.18193897,73.256479,0.27787387,377.75216,0.19834477,74.925168
experiment_0a_best,file,16,,9896,169.Magnolia_Warbler/Magnolia_Warbler_0018_165958.jpg,169,168,169.Magnolia_Warbler,20,19,rotation,rotation,0,"{""angle"":-8.443509}",0.0023776614,0.0039792652,0.0016016038,0.99762517,0.99602866,0.00091375003,0.0017859241,0.99671142,0.99424274,-0.0024686845,0.80462482,1.6461188,0.33782939,0.5561073,False,0.98505753,True,True,True,0.80462482,1.6461188,0.33782939,0.5561073,0.7944071,1.6443322,0.32820748,0.53968212,0.97327795,1.6758642,0.0800534,0.13415863,0.65794266,2.3640271,0.045617817,0.10784175,0.7010033,1.9320009,0.10611316,0.20501071,0.7451754,1.6188758,0.1481105,0.23977251,0.79212052,1.5646452,0.18193897,0.28466995,0.87675682,1.5869005,0.19834477,0.31475342
experiment_0a_best,file,16,,9896,169.Magnolia_Warbler/Magnolia_Warbler_0018_165958.jpg,169,168,169.Magnolia_Warbler,20,19,random_resized_crop,random_resized_crop,0,"{""area_fraction"":0.774704,""aspect"":0.82598,""fallback"":false,""height"":0.968463,""left"":0.082642,""top"":0.015873,""width"":0.799931}",0.0023776614,0.011463606,0.0090859444,0.99762517,0.98860186,0.00091375003,0.0046671042,0.99671142,0.98393476,-0.012776663,0.82413758,5.0968535,0.33782939,1.7218669,False,0.98946667,True,True,True,0.82413758,5.0968535,0.33782939,1.7218669,0.81629816,5.1314874,0.32820748,1.6841925,0.98260498,4.474754,0.0800534,0.35821927,0.70145046,8.1225097,0.045617817,0.37053116,0.74489862,5.8354898,0.10611316,0.61922224,0.7696344,5.4299988,0.1481105,0.80423984,0.81447437,4.8695904,0.18193897,0.88596828,0.89793517,4.7403847,0.19834477,0.94023054
experiment_0a_best,file,16,,9896,169.Magnolia_Warbler/Magnolia_Warbler_0018_165958.jpg,169,168,169.Magnolia_Warbler,20,19,gaussian_blur,gaussian_blur,0,"{""sigma"":1.311954}",0.0023776614,0.054829154,0.052451493,0.99762517,0.94664687,0.00091375003,0.0012879854,0.99671142,0.94535888,-0.051352538,0.54188384,32.34918,0.33782939,10.928504,False,0.92119837,True,True,True,0.54188384,32.34918,0.33782939,10.928504,0.53288025,32.942334,0.32820748,10.81192,0.86046923,19.887151,0.0800534,1.592034,0.47145646,65.118825,0.045617817,2.9705787,0.50756762,49.352612,0.10611316,5.2369614,0.51475966,38.458957,0.1481105,5.6961754,0.53944695,30.087519,0.18193897,5.4740923,0.67705474,21.529657,0.19834477,4.2702949
experiment_0a_best,file,16,,9896,169.Magnolia_Warbler/Magnolia_Warbler_0018_165958.jpg,169,168,169.Magnolia_Warbler,20,19,random_erasing,random_erasing,0,"{""area_fraction"":0.077165,""erased"":true,""height"":0.329364,""left"":0.108924,""top"":0.053535,""width"":0.234286}",0.0023776614,0.0023329442,-4.4717221e-05,0.99762517,0.99766976,0.00091375003,0.00078571943,0.99671142,0.99688404,0.00017261488,0.97151861,0.96980458,0.33782939,0.32762849,False,0.99490583,True,True,True,0.97151861,0.96980458,0.33782939,0.32762849,0.97034348,0.97073461,0.32820748,0.31860236,0.9917552,0.95403617,0.0800534,0.076373839,0.90403748,1.0790015,0.045617817,0.049221691,0.95462988,0.95937528,0.10611316,0.10180234,0.97575612,0.97544863,0.1481105,0.14447419,0.97323912,0.96739068,0.18193897,0.17600607,0.97358797,0.96809075,0.19834477,0.19201574
experiment_0a_best,file,16,,3746,065.Slaty_backed_Gull/Slaty_Backed_Gull_0033_796023.jpg,65,64,065.Slaty_backed_Gull,84,83,identity,identity,0,{},0.79726648,0.79726648,0,0.45055887,0.45055887,0.22409235,0.22409235,0.22646652,0.22646652,0,1,1,112.24387,112.24387,False,1,True,True,True,1,1,112.24387,112.24387,1,1,110.30701,110.30701,1,1,20.761716,20.761716,1,1,25.124542,25.124542,1,1,55.743133,55.743133,1,1,58.929637,58.929637,1,1,51.762994,51.762994,1,1,47.717796,47.717796
experiment_0a_best,file,16,,3746,065.Slaty_backed_Gull/Slaty_Backed_Gull_0033_796023.jpg,65,64,065.Slaty_backed_Gull,84,83,horizontal_flip,horizontal_flip,0,"{""flipped"":true}",0.79726648,0.15213732,-0.64512916,0.45055887,0.85887033,0.22409235,0.024407428,0.22646652,0.8344629,0.60799638,0.77146389,0.25254846,112.24387,28.347016,False,0.96999317,True,True,True,0.77146389,0.25254846,112.24387,28.347016,0.76524406,0.2517126,110.30701,27.765665,0.93504506,0.27509753,20.761716,5.7114968,0.74364838,0.21267682,25.124542,5.3434077,0.78075585,0.2343629,55.743133,13.064122,0.78308401,0.25449996,58.929637,14.99759,0.73090026,0.25863152,51.762994,13.387541,0.77184789,0.27126775,47.717796,12.944299
experiment_0a_best,file,16,,3746,065.Slaty_backed_Gull/Slaty_Backed_Gull_0033_796023.jpg,65,64,065.Slaty_backed_Gull,84,83,color_jitter,color_jitter,0,"{""brightness"":0.953877,""contrast"":1.020955,""hue"":0.039549,""saturation"":1.391941}",0.79726648,1.0204184,0.22315192,0.45055887,0.36044413,0.22409235,0.17638084,0.22646652,0.18406329,-0.042403236,0.9353818,1.0398809,112.24387,116.72026,False,0.98879772,True,True,True,0.9353818,1.0398809,112.24387,116.72026,0.93374172,1.0383608,110.30701,114.53848,0.98057573,1.0819093,20.761716,22.462294,0.92457578,1.0724086,25.124542,26.943776,0.94558049,1.0396817,55.743133,57.955117,0.92653771,1.0559636,58.929637,62.227552,0.92963,1.0237494,51.762994,52.992335,0.93685426,1.016737,47.717796,48.516448
experiment_0a_best,file,16,,3746,065.Slaty_backed_Gull/Slaty_Backed_Gull_0033_796023.jpg,65,64,065.Slaty_backed_Gull,84,83,rotation,rotation,0,"{""angle"":-3.924376}",0.79726648,2.2339916,1.4367251,0.45055887,0.10710007,0.22409235,0.41526029,0.22646652,-0.30816022,-0.53462674,0.86193021,1.5141899,112.24387,169.95854,False,0.96555859,False,True,False,0.86193021,1.5141899,112.24387,169.95854,0.85824303,1.5109234,110.30701,166.66545,0.96146711,1.6036549,20.761716,33.294629,0.88336887,1.5785012,25.124542,39.659121,0.87161344,1.4607054,55.743133,81.424292,0.86004686,1.4938439,58.929637,88.031678,0.84285262,1.5217739,51.762994,78.771574,0.85081662,1.5710521,47.717796,74.967146
experiment_0a_best,file,16,,3746,065.Slaty_backed_Gull/Slaty_Backed_Gull_0033_796023.jpg,65,64,065.Slaty_backed_Gull,84,83,random_resized_crop,random_resized_crop,0,"{""area_fraction"":0.540734,""aspect"":0.950559,""fallback"":false,""height"":0.754227,""left"":0.182728,""top"":0.093016,""width"":0.716938}",0.79726648,2.925807,2.1285405,0.45055887,0.0536214,0.22409235,0.79630864,0.22646652,-0.74268724,-0.96915376,0.61094897,2.680825,112.24387,300.90617,False,0.9116562,False,True,False,0.61094897,2.680825,112.24387,300.90617,0.60552437,2.701969,110.30701,298.04613,0.84621594,1.9935125,20.761716,41.388741,0.66817678,4.104773,25.124542,103.13054,0.47241398,2.6794204,55.743133,149.35929,0.65750252,2.6885793,58.929637,158.437,0.66382661,2.639926,51.762994,136.65047,0.64908064,2.3063392,47.717796,110.05342
experiment_0a_best,file,16,,3746,065.Slaty_backed_Gull/Slaty_Backed_Gull_0033_796023.jpg,65,64,065.Slaty_backed_Gull,84,83,gaussian_blur,gaussian_blur,0,"{""sigma"":1.327994}",0.79726648,1.2669091,0.46964264,0.45055887,0.28170097,0.22409235,0.20794374,0.22646652,0.073757231,-0.15270929,0.69964272,1.1500768,112.24387,129.08907,False,0.94114083,True,True,True,0.69964272,1.1500768,112.24387,129.08907,0.69206544,1.1518246,110.30701,127.05433,0.92442223,1.0995956,20.761716,22.829491,0.69085608,1.166602,25.124542,29.31034,0.65007289,1.0875487,55.743133,60.623373,0.68938914,1.1885128,58.929637,70.038629,0.69916544,1.1705351,51.762994,60.590401,0.7442687,1.1539251,47.717796,55.062762
experiment_0a_best,file,16,,3746,065.Slaty_backed_Gull/Slaty_Backed_Gull_0033_796023.jpg,65,64,065.Slaty_backed_Gull,84,83,random_erasing,random_erasing,0,"{""area_fraction"":0.099806,""erased"":true,""height"":0.433058,""left"":0.182385,""top"":0.020856,""width"":0.230468}",0.79726648,2.1074312,1.3101647,0.45055887,0.12154981,0.22409235,0.60184348,0.22646652,-0.48029366,-0.70676018,0.8472663,1.5810861,112.24387,177.46722,False,0.95938575,False,True,False,0.8472663,1.5810861,112.24387,177.46722,0.84437967,1.5802701,110.30701,174.31487,0.92763752,1.6039492,20.761716,33.300737,0.85287669,1.3950289,25.124542,35.049462,0.87033811,1.4398506,55.743133,80.261785,0.84021913,1.5528369,58.929637,91.508114,0.83906681,1.7014599,51.762994,88.072656,0.83539305,1.7005467,47.717796,81.146338
experiment_0a_best,file,16,,5003,086.Pacific_Loon/Pacific_Loon_0019_75422.jpg,86,85,086.Pacific_Loon,1,0,identity,identity,0,{},0.58880633,0.58880633,0,0.55498934,0.55498934,0.17458178,0.17458178,0.38040756,0.38040756,0,1,1,101.66465,101.66465,False,1,True,True,True,1,1,101.66465,101.66465,1,1,100.54055,100.54055,1,1,15.076483,15.076483,1,1,35.909034,35.909034,1,1,44.876016,44.876016,1,1,52.140411,52.140411,1,1,44.88194,44.88194,1,1,45.520052,45.520052
experiment_0a_best,file,16,,5003,086.Pacific_Loon/Pacific_Loon_0019_75422.jpg,86,85,086.Pacific_Loon,1,0,horizontal_flip,horizontal_flip,0,"{""flipped"":true}",0.58880633,0.092422366,-0.49638397,0.55498934,0.91171998,0.17458178,0.010369465,0.38040756,0.90135051,0.52094296,0.69472387,0.19190526,101.66465,19.509982,False,0.96511793,True,True,True,0.69472387,0.19190526,101.66465,19.509982,0.68952682,0.19172267,100.54055,19.275902,0.91702485,0.19985658,15.076483,3.0131344,0.77340492,0.15734169,35.909034,5.6499881,0.69396444,0.18108868,44.876016,8.1265385,0.66830758,0.21004417,52.140411,10.951789,0.64173946,0.19826684,44.88194,8.8986004,0.73415307,0.18957882,45.520052,8.6296375
experiment_0a_best,file,16,,5003,086.Pacific_Loon/Pacific_Loon_0019_75422.jpg,86,85,086.Pacific_Loon,1,0,color_jitter,color_jitter,0,"{""brightness"":1.125449,""contrast"":1.061656,""hue"":0.053947,""saturation"":1.147959}",0.58880633,0.78916252,0.20035619,0.55498934,0.45422503,0.17458178,0.018695155,0.38040756,0.43552988,0.055122321,0.68326761,1.2653732,101.66465,128.64373,False,0.96104866,True,True,True,0.68326761,1.2653732,101.66465,128.64373,0.67908124,1.263037,100.54055,126.98643,0.85752578,1.3652304,15.076483,20.582874,0.68328665,1.1451768,35.909034,41.122192,0.66987309,1.143782,44.876016,51.328381,0.60187143,1.3136803,52.140411,68.495831,0.70596582,1.3530324,44.88194,60.726721,0.76792059,1.2848198,45.520052,58.485063
experiment_0a_best,file,16,,5003,086.Pacific_Loon/Pacific_Loon_0019_75422.jpg,86,85,086.Pacific_Loon,1,0,rotation,rotation,0,"{""angle"":3.823216}",0.58880633,1.3025409,0.71373457,0.55498934,0.27184021,0.17458178,0.059055824,0.38040756,0.21278439,-0.16762317,0.77191781,1.5466577,101.66465,157.24042,False,0.9654938,False,True,False,0.77191781,1.5466577,101.66465,157.24042,0.76885126,1.5454798,100.54055,155.38339,0.90422014,1.5981633,15.076483,24.094682,0.85012093,1.612625,35.909034,57.907807,0.78158822,1.4582357,44.876016,65.439808,0.73983797,1.5753011,52.140411,82.136845,0.74062358,1.5790066,44.88194,70.868879,0.77351946,1.5123818,45.520052,68.843699
experiment_0a_best,file,16,,5003,086.Pacific_Loon/Pacific_Loon_0019_75422.jpg,86,85,086.Pacific_Loon,1,0,random_resized_crop,random_resized_crop,0,"{""area_fraction"":0.545423,""aspect"":1.263113,""fallback"":false,""height"":0.657121,""left"":0.085346,""top"":0.313164,""width"":0.830019}",0.58880633,3.2551274,2.6663211,0.55498934,0.038575899,0.17458178,0.055183712,0.38040756,-0.016607814,-0.39701537,0.53434496,1.9760121,101.66465,200.89059,False,0.80780005,False,True,False,0.53434496,1.9760121,101.66465,200.89059,0.53128514,1.9825256,100.54055,199.32421,0.7050363,1.6607126,15.076483,25.037706,0.74034359,2.3129756,35.909034,83.05672,0.39150389,1.6427592,44.876016,73.720486,0.52525748,2.2134067,52.140411,115.40793,0.49621548,1.9298008,44.88194,86.613205,0.55645942,1.7814921,45.520052,81.093614
experiment_0a_best,file,16,,5003,086.Pacific_Loon/Pacific_Loon_0019_75422.jpg,86,85,086.Pacific_Loon,1,0,gaussian_blur,gaussian_blur,0,"{""sigma"":1.933606}",0.58880633,5.5522499,4.9634436,0.55498934,0.003878721,0.17458178,0.0043809712,0.38040756,-0.00050225016,-0.38090981,0.20238472,1.7538876,101.66465,178.30838,False,0.63374507,False,True,False,0.20238472,1.7538876,101.66465,178.30838,0.19411285,1.7543733,100.54055,176.38565,0.57498334,1.7321501,15.076483,26.114732,-0.085623198,2.218336,35.909034,79.658303,0.25105576,1.8122559,44.876016,81.326826,0.14601446,1.5485365,52.140411,80.741328,0.22613355,1.6812113,44.88194,75.456024,0.39636204,1.6930776,45.520052,77.068979
experiment_0a_best,file,16,,5003,086.Pacific_Loon/Pacific_Loon_0019_75422.jpg,86,85,086.Pacific_Loon,1,0,random_erasing,random_erasing,0,"{""area_fraction"":0.148613,""erased"":true,""height"":0.599177,""left"":0.313375,""top"":0.062436,""width"":0.248029}",0.58880633,3.8355265,3.2467201,0.55498934,0.021589968,0.17458178,0.042358786,0.38040756,-0.020768818,-0.40117637,0.53619285,1.6932056,101.66465,172.13916,False,0.75421405,False,True,False,0.53619285,1.6932056,101.66465,172.13916,0.53341368,1.6888827,100.54055,169.80119,0.65036747,1.8754021,15.076483,28.274468,0.70576478,1.8254761,35.909034,65.551083,0.46924985,1.4350168,44.876016,64.397839,0.52003128,1.695623,52.140411,88.41048,0.49517662,1.6932073,44.88194,75.994427,0.53369462,1.8111366,45.520052,82.44303
experiment_0a_best,file,16,,5946,102.Western_Wood_Pewee/Western_Wood_Pewee_0041_795048.jpg,102,101,102.Western_Wood_Pewee,40,39,identity,identity,0,{},1.1756072,1.1756072,0,0.30863154,0.30863154,0.58927298,0.58927298,-0.28064144,-0.28064144,0,1,1,105.72238,105.72238,False,1,True,False,False,1,1,105.72238,105.72238,1,1,102.01445,102.01445,1,1,27.753803,27.753803,1,1,25.562203,25.562203,1,1,45.450628,45.450628,1,1,51.687486,51.687486,1,1,48.165635,48.165635,1,1,51.925316,51.925316
experiment_0a_best,file,16,,5946,102.Western_Wood_Pewee/Western_Wood_Pewee_0041_795048.jpg,102,101,102.Western_Wood_Pewee,40,39,horizontal_flip,horizontal_flip,0,"{""flipped"":true}",1.1756072,1.130087,-0.045520186,0.30863154,0.32300517,0.58927298,0.51568168,-0.28064144,-0.19267651,0.087964922,0.69747142,0.87534971,105.72238,92.544058,False,0.97398579,True,False,False,0.69747142,0.87534971,105.72238,92.544058,0.67508607,0.86699512,102.01445,88.446034,0.96962855,0.98127822,27.753803,27.234202,0.78027007,0.88673062,25.562203,22.666788,0.61868152,0.78538535,45.450628,35.696257,0.6479801,0.83486005,51.687486,43.151818,0.63344975,0.88829073,48.165635,42.785087,0.7499804,0.93200686,51.925316,48.394751
experiment_0a_best,file,16,,5946,102.Western_Wood_Pewee/Western_Wood_Pewee_0041_795048.jpg,102,101,102.Western_Wood_Pewee,40,39,color_jitter,color_jitter,0,"{""brightness"":0.728994,""contrast"":0.943487,""hue"":-0.009053,""saturation"":0.672137}",1.1756072,0.17735694,-0.99825026,0.30863154,0.83748078,0.58927298,0.11949992,-0.28064144,0.71798086,0.9986223,0.73670556,0.22905351,105.72238,24.216083,False,0.96056986,False,False,True,0.73670556,0.22905351,105.72238,24.216083,0.72038209,0.22905847,102.01445,23.367275,0.95731669,0.22898647,27.753803,6.3552453,0.65702172,0.19699635,25.562203,5.0356607,0.63496871,0.25074152,45.450628,11.39636,0.67274178,0.22318439,51.687486,11.53584,0.73942467,0.22188725,48.165635,10.68734,0.83923449,0.23069941,51.925316,11.97914
experiment_0a_best,file,16,,5946,102.Western_Wood_Pewee/Western_Wood_Pewee_0041_795048.jpg,102,101,102.Western_Wood_Pewee,40,39,rotation,rotation,0,"{""angle"":14.359811}",1.1756072,1.5535443,0.37793708,0.30863154,0.21149702,0.58927298,0.56842107,-0.28064144,-0.35692404,-0.076282606,0.73548397,1.1695904,105.72238,123.65188,False,0.91816366,True,False,False,0.73548397,1.1695904,105.72238,123.65188,0.72313922,1.173654,102.01445,119.72967,0.91228229,1.1132357,27.753803,30.896524,0.65956112,1.2533434,25.562203,32.038219,0.75290494,1.1040235,45.450628,50.178563,0.75431217,1.1944967,51.687486,61.740533,0.6671681,1.2115315,48.165635,58.354184,0.73866117,1.1512858,51.925316,59.780879
experiment_0a_best,file,16,,5946,102.Western_Wood_Pewee/Western_Wood_Pewee_0041_795048.jpg,102,101,102.Western_Wood_Pewee,40,39,random_resized_crop,random_resized_crop,0,"{""area_fraction"":0.899811,""aspect"":0.947411,""fallback"":false,""height"":0.974555,""left"":0.005581,""top"":0.009754,""width"":0.923304}",1.1756072,1.0961566,-0.079450607,0.30863154,0.33415291,0.58927298,0.56530404,-0.28064144,-0.23115113,0.049490303,0.82602293,1.0509263,105.72238,111.10644,False,0.97822022,True,False,False,0.82602293,1.0509263,105.72238,111.10644,0.81499479,1.0521961,102.01445,107.33922,0.9778214,1.0336171,27.753803,28.686807,0.66962648,1.1597086,25.562203,29.644707,0.81192009,1.0905696,45.450628,49.567073,0.84295487,1.0808385,51.687486,55.865827,0.79178559,1.0349303,48.165635,49.848076,0.85404717,0.97824147,51.925316,50.795497
experiment_0a_best,file,16,,5946,102.Western_Wood_Pewee/Western_Wood_Pewee_0041_795048.jpg,102,101,102.Western_Wood_Pewee,40,39,gaussian_blur,gaussian_blur,0,"{""sigma"":1.697541}",1.1756072,0.9802196,-0.1953876,0.30863154,0.37522867,0.58927298,0.074982241,-0.28064144,0.30024643,0.58088787,0.12459364,1.0086785,105.72238,106.6399,False,0.82543337,False,False,True,0.12459364,1.0086785,105.72238,106.6399,0.1011585,1.0279329,102.01445,104.86401,0.59964302,0.69830371,27.753803,19.380584,0.27447205,1.3565485,25.562203,34.676367,0.02197669,1.2396372,45.450628,56.342289,0.0014733081,1.0461856,51.687486,54.074704,0.076676803,0.88180622,48.165635,42.472756,0.27525136,0.83758623,51.925316,43.49193
experiment_0a_best,file,16,,5946,102.Western_Wood_Pewee/Western_Wood_Pewee_0041_795048.jpg,102,101,102.Western_Wood_Pewee,40,39,random_erasing,random_erasing,0,"{""area_fraction"":0.07206,""erased"":true,""height"":0.27661,""left"":0.217483,""top"":0.221,""width"":0.260512}",1.1756072,2.1014969,0.92588973,0.30863154,0.12227327,0.58927298,0.84905779,-0.28064144,-0.72678453,-0.44614309,0.79308499,1.4793401,105.72238,156.39936,False,0.94448406,True,False,False,0.79308499,1.4793401,105.72238,156.39936,0.78233046,1.4811104,102.01445,151.09467,0.94108753,1.4552102,27.753803,40.387619,0.76593083,1.1652653,25.562203,29.786748,0.75160801,1.4926448,45.450628,67.841643,0.80845247,1.5234632,51.687486,78.743983,0.77163743,1.5289074,48.165635,73.640796,0.79741691,1.4560542,51.925316,75.606076
experiment_0a_best,file,16,,7141,122.Harris_Sparrow/Harris_Sparrow_0039_116409.jpg,122,121,122.Harris_Sparrow,99,98,identity,identity,0,{},2.2839899,2.2839899,0,0.10187691,0.10187691,0.12014703,0.12014703,-0.01827012,-0.01827012,0,1,1,151.99254,151.99254,False,1,True,False,False,1,1,151.99254,151.99254,1,1,150.378,150.378,1,1,22.094995,22.094995,1,1,35.426094,35.426094,1,1,79.995292,79.995292,1,1,86.885084,86.885084,1,1,66.500563,66.500563,1,1,54.662101,54.662101
experiment_0a_best,file,16,,7141,122.Harris_Sparrow/Harris_Sparrow_0039_116409.jpg,122,121,122.Harris_Sparrow,99,98,horizontal_flip,horizontal_flip,0,"{""flipped"":true}",2.2839899,1.2567111,-1.0272788,0.10187691,0.28458846,0.12014703,0.2148439,-0.01827012,0.069744557,0.088014677,0.74217891,0.805467,151.99254,122.42497,False,0.96234781,False,False,True,0.74217891,0.805467,151.99254,122.42497,0.73742191,0.80416802,150.378,120.92918,0.94922752,0.86349858,22.094995,19.078997,0.77762766,0.86918018,35.426094,30.791658,0.71626121,0.74897242,79.995292,59.914268,0.77552034,0.79539928,86.885084,69.108333,0.69416298,0.82290355,66.500563,54.72355,0.7398985,0.88029035,54.662101,48.11852
experiment_0a_best,file,16,,7141,122.Harris_Sparrow/Harris_Sparrow_0039_116409.jpg,122,121,122.Harris_Sparrow,99,98,color_jitter,color_jitter,0,"{""brightness"":1.167494,""contrast"":1.296765,""hue"":0.084174,""saturation"":0.698681}",2.2839899,4.0651436,1.7811537,0.10187691,0.017160529,0.12014703,0.089045629,-0.01827012,-0.0718851,-0.05361498,0.72644028,0.75376823,151.99254,114.56715,False,0.8974272,False,False,False,0.72644028,0.75376823,151.99254,114.56715,0.72351189,0.7433608,150.378,111.78511,0.87925616,1.1357424,22.094995,25.094224,0.63957337,1.0559419,35.426094,37.407895,0.71932627,0.64312513,79.995292,51.446982,0.77984839,0.65719771,86.885084,57.100678,0.74072316,0.75707192,66.500563,50.34571,0.71203849,0.94256747,54.662101,51.522718
experiment_0a_best,file,16,,7141,122.Harris_Sparrow/Harris_Sparrow_0039_116409.jpg,122,121,122.Harris_Sparrow,99,98,rotation,rotation,0,"{""angle"":-3.429972}",2.2839899,0.95282394,-1.331166,0.10187691,0.38565043,0.12014703,0.087786421,-0.01827012,0.297864,0.31613412,0.77499273,0.7012947,151.99254,106.59156,False,0.94110113,False,False,True,0.77499273,0.7012947,151.99254,106.59156,0.77145225,0.70105729,150.378,105.42359,0.93651952,0.71220516,22.094995,15.736169,0.51244212,0.77377193,35.426094,27.411717,0.83340184,0.72447879,79.995292,57.954892,0.78262473,0.66940622,86.885084,58.161415,0.73966249,0.67558129,66.500563,44.926537,0.77865989,0.73241261,54.662101,40.035212
experiment_0a_best,file,16,,7141,122.Harris_Sparrow/Harris_Sparrow_0039_116409.jpg,122,121,122.Harris_Sparrow,99,98,random_resized_crop,random_resized_crop,0,"{""area_fraction"":0.648505,""aspect"":1.127072,""fallback"":false,""height"":0.758544,""left"":0.14225,""top"":0.106214,""width"":0.854934}",2.2839899,1.7339578,-0.55003214,0.10187691,0.17658414,0.12014703,0.10746439,-0.01827012,0.069119751,0.087389871,0.73092562,0.83220585,151.99254,126.48908,False,0.91136169,False,False,False,0.73092562,0.83220585,151.99254,126.48908,0.72732089,0.82546019,150.378,124.13105,0.88571669,1.1002426,22.094995,24.309855,0.74379668,0.90022789,35.426094,31.891558,0.7585174,0.79059936,79.995292,63.244227,0.76872607,0.76977243,86.885084,66.881742,0.67020527,0.80470947,66.500563,53.513633,0.6774216,1.0111153,54.662101,55.269686
experiment_0a_best,file,16,,7141,122.Harris_Sparrow/Harris_Sparrow_0039_116409.jpg,122,121,122.Harris_Sparrow,99,98,gaussian_blur,gaussian_blur,0,"{""sigma"":1.950042}",2.2839899,1.9516164,-0.3323735,0.10187691,0.14204428,0.12014703,0.0067470386,-0.01827012,0.13529724,0.15356736,0.34892972,0.82995394,151.99254,126.14681,False,0.77948374,False,False,False,0.34892972,0.82995394,151.99254,126.14681,0.33965106,0.8285291,150.378,124.59255,0.74846238,0.89346727,22.094995,19.741155,0.33152952,0.81709323,35.426094,28.946421,0.25704316,0.66253606,79.995292,52.999766,0.32448784,0.84869432,86.885084,73.738877,0.37860798,0.89608313,66.500563,59.590033,0.46115128,0.98313962,54.662101,53.740477
experiment_0a_best,file,16,,7141,122.Harris_Sparrow/Harris_Sparrow_0039_116409.jpg,122,121,122.Harris_Sparrow,99,98,random_erasing,random_erasing,0,"{""area_fraction"":0.084899,""erased"":true,""height"":0.28968,""left"":0.586878,""top"":0.263616,""width"":0.293077}",2.2839899,4.6831646,2.3991747,0.10187691,0.0092496946,0.12014703,0.015482772,-0.01827012,-0.0062330775,0.012037043,0.56876186,0.64522117,151.99254,98.068804,False,0.86569136,False,False,False,0.56876186,0.64522117,151.99254,98.068804,0.5617366,0.63255519,150.378,95.122385,0.83951684,1.0798092,22.094995,23.858378,0.45464577,0.64107466,35.426094,22.710771,0.62022519,0.50899742,79.995292,40.717397,0.58443646,0.56190845,86.885084,48.821463,0.54816421,0.66975203,66.500563,44.538887,0.5650446,0.9160514,54.662101,50.073294
experiment_0a_best,file,16,,3375,059.California_Gull/California_Gull_0111_41033.jpg,59,58,059.California_Gull,66,65,identity,identity,0,{},0.11183757,0.11183757,0,0.89418948,0.89418948,0.091403805,0.091403805,0.80278567,0.80278567,0,1,1,16.738354,16.738354,False,0.99999994,True,True,True,1,1,16.738354,16.738354,1,1,16.25441,16.25441,1,1,3.9958254,3.9958254,1,1,2.1343034,2.1343034,1,1,9.9852137,9.9852137,1,1,7.3694237,7.3694237,1,1,6.645366,6.645366,1,1,7.8407155,7.8407155
experiment_0a_best,file,16,,3375,059.California_Gull/California_Gull_0111_41033.jpg,59,58,059.California_Gull,66,65,horizontal_flip,horizontal_flip,0,"{""flipped"":true}",0.11183757,0.047596633,-0.064240932,0.89418948,0.95351833,0.091403805,0.03130544,0.80278567,0.92221289,0.11942722,0.7206712,0.45795813,16.738354,7.6654651,False,0.98005593,True,True,True,0.7206712,0.45795813,16.738354,7.6654651,0.70830205,0.46163668,16.25441,7.5036321,0.97079135,0.39210919,3.9958254,1.5667998,0.68296269,0.62886438,2.1343034,1.3421874,0.72783512,0.39543214,9.9852137,3.9484744,0.6788614,0.55116344,7.3694237,4.061757,0.68479069,0.49207826,6.645366,3.2700401,0.76501404,0.43665328,7.8407155,3.4236741
experiment_0a_best,file,16,,3375,059.California_Gull/California_Gull_0111_41033.jpg,59,58,059.California_Gull,66,65,color_jitter,color_jitter,0,"{""brightness"":1.268139,""contrast"":0.663428,""hue"":0.072114,""saturation"":1.015485}",0.11183757,0.50954312,0.39770555,0.89418948,0.60077,0.091403805,0.22751579,0.80278567,0.37325421,-0.42953146,0.75431116,3.7252963,16.738354,62.355327,False,0.93809128,True,True,True,0.75431116,3.7252963,16.738354,62.355327,0.74762094,3.7666549,16.25441,61.224754,0.91638692,2.9581284,3.9958254,11.820165,0.51761159,7.1454753,2.1343034,15.250612,0.78921196,3.1815992,9.9852137,31.768948,0.7156935,4.4148463,7.3694237,32.534873,0.7472685,3.9878068,6.645366,26.500436,0.81079609,3.4830914,7.8407155,27.309929
experiment_0a_best,file,16,,3375,059.California_Gull/California_Gull_0111_41033.jpg,59,58,059.California_Gull,66,65,rotation,rotation,0,"{""angle"":-9.06972}",0.11183757,0.50694716,0.39510959,0.89418948,0.60233164,0.091403805,0.25762898,0.80278567,0.34470266,-0.45808301,0.70898101,3.2036286,16.738354,53.623468,False,0.93694723,True,True,True,0.70898101,3.2036286,16.738354,53.623468,0.69616339,3.2080828,16.25441,52.145495,0.92664816,3.1290019,3.9958254,12.502945,0.35948242,4.5381347,2.1343034,9.6857563,0.72828271,2.3029211,9.9852137,22.99516,0.68403101,3.6995049,7.3694237,27.263219,0.70062242,3.7526199,6.645366,24.937533,0.76338008,3.4492217,7.8407155,27.044366
experiment_0a_best,file,16,,3375,059.California_Gull/California_Gull_0111_41033.jpg,59,58,059.California_Gull,66,65,random_resized_crop,random_resized_crop,0,"{""area_fraction"":0.533129,""aspect"":1.020321,""fallback"":false,""height"":0.722849,""left"":0.176217,""top"":0.264465,""width"":0.737538}",0.11183757,0.089912273,-0.021925293,0.89418948,0.91401136,0.091403805,0.018741904,0.80278567,0.89526946,0.092483783,0.60581048,0.8913844,16.738354,14.920307,False,0.88346297,True,True,True,0.60581048,0.8913844,16.738354,14.920307,0.60001029,0.9021797,16.25441,14.664399,0.75280056,0.68860342,3.9958254,2.751539,0.5738288,1.1312288,2.1343034,2.4143855,0.68088507,0.82482246,9.9852137,8.2360285,0.54696895,0.99939183,7.3694237,7.3649418,0.56422783,1.0148812,6.645366,6.7442568,0.57489733,0.8231559,7.8407155,6.4541312
experiment_0a_best,file,16,,3375,059.California_Gull/California_Gull_0111_41033.jpg,59,58,059.California_Gull,66,65,gaussian_blur,gaussian_blur,0,"{""sigma"":1.107158}",0.11183757,0.093594395,-0.018243171,0.89418948,0.91065204,0.091403805,0.060576756,0.80278567,0.85007529,0.047289614,0.8180319,0.91809393,16.738354,15.367381,False,0.97188067,True,True,True,0.8180319,0.91809393,16.738354,15.367381,0.811215,0.92564721,16.25441,15.04585,0.96244255,0.78259356,3.9958254,3.1271072,0.45546952,1.0387914,2.1343034,2.217096,0.83872639,0.92678559,9.9852137,9.2541522,0.77190207,0.97657436,7.3694237,7.1967902,0.79471572,0.96492739,6.645366,6.4122957,0.85532378,0.83546979,7.8407155,6.5506809
experiment_0a_best,file,16,,3375,059.California_Gull/California_Gull_0111_41033.jpg,59,58,059.California_Gull,66,65,random_erasing,random_erasing,0,"{""area_fraction"":0.133995,""erased"":true,""height"":0.641898,""left"":0.161636,""top"":0.144172,""width"":0.208748}",0.11183757,0.12155627,0.0097187087,0.89418948,0.8855412,0.091403805,0.097701669,0.80278567,0.78783953,-0.01494614,0.93900765,1.0988208,16.738354,18.392451,False,0.98829436,True,True,True,0.93900765,1.0988208,16.738354,18.392451,0.93597683,1.0972118,16.25441,17.834531,0.98819479,1.1251118,3.9958254,4.4957502,0.93226591,1.1420176,2.1343034,2.4374121,0.97185288,1.0361808,9.9852137,10.346487,0.91524404,1.1046547,7.3694237,8.1406688,0.90837089,1.1524654,6.645366,7.6585544,0.92507924,1.141857,7.8407155,8.952976
experiment_0a_best,file,16,,1165,021.Eastern_Towhee/Eastern_Towhee_0082_22330.jpg,21,20,021.Eastern_Towhee,158,157,identity,identity,0,{},0.064307876,0.064307876,0,0.93771625,0.93771625,0.021752762,0.021752762,0.91596348,0.91596348,0,1,1,8.3221464,8.3221464,False,1,True,True,True,1,1,8.3221464,8.3221464,1,1,8.0536712,8.0536712,1,1,2.0967836,2.0967836,1,1,1.1534926,1.1534926,1,1,2.8395819,2.8395819,1,1,4.3926578,4.3926578,1,1,4.2595755,4.2595755,1,1,4.2459891,4.2459891
experiment_0a_best,file,16,,1165,021.Eastern_Towhee/Eastern_Towhee_0082_22330.jpg,21,20,021.Eastern_Towhee,158,157,horizontal_flip,horizontal_flip,0,"{""flipped"":true}",0.064307876,0.086799391,0.022491515,0.93771625,0.916861,0.021752762,0.023419229,0.91596348,0.89344177,-0.022521716,0.66836407,1.3616002,8.3221464,11.331436,False,0.97498262,True,True,True,0.66836407,1.3616002,8.3221464,11.331436,0.65030226,1.3701113,8.0536712,11.034426,0.96908872,1.2292059,2.0967836,2.5773788,0.5779407,1.4170512,1.1534926,1.634558,0.61897984,1.5649656,2.8395819,4.4438479,0.63102041,1.3902713,4.3926578,6.1069859,0.62360083,1.3361387,4.2595755,5.6913836,0.72855595,1.28247,4.2459891,5.4453535
experiment_0a_best,file,16,,1165,021.Eastern_Towhee/Eastern_Towhee_0082_22330.jpg,21,20,021.Eastern_Towhee,158,157,color_jitter,color_jitter,0,"{""brightness"":1.318748,""contrast"":0.678232,""hue"":-0.083126,""saturation"":1.066382}",0.064307876,0.71399117,0.64968329,0.93771625,0.48968586,0.021752762,0.0049747792,0.91596348,0.48471108,-0.4312524,0.38999587,9.8322903,8.3221464,81.82576,False,0.88237417,True,True,True,0.38999587,9.8322903,8.3221464,81.82576,0.37045316,9.87715,8.0536712,79.547318,0.70248323,9.1449402,2.0967836,19.17496,0.2166915,11.43103,1.1534926,13.185608,0.32166994,11.393551,2.8395819,32.35292,0.27816322,10.262479,4.3926578,45.079558,0.3904551,9.3486639,4.2595755,39.82134,0.50758012,9.0889142,4.2459891,38.591431
experiment_0a_best,file,16,,1165,021.Eastern_Towhee/Eastern_Towhee_0082_22330.jpg,21,20,021.Eastern_Towhee,158,157,rotation,rotation,0,"{""angle"":6.394969}",0.064307876,0.083540604,0.019232728,0.93771625,0.91985375,0.021752762,0.05880012,0.91596348,0.86105363,-0.054909857,0.6353088,1.4776596,8.3221464,12.2973,False,0.96749204,True,True,True,0.6353088,1.4776596,8.3221464,12.2973,0.61853211,1.4820897,8.0536712,11.936263,0.89607099,1.4106864,2.0967836,2.957904,0.39908643,1.6546223,1.1534926,1.9085945,0.43048673,1.7816508,2.8395819,5.0591434,0.6530386,1.4583478,4.3926578,6.4060227,0.59856582,1.3565208,4.2595755,5.7782029,0.72918564,1.4672494,4.2459891,6.2299249
experiment_0a_best,file,16,,1165,021.Eastern_Towhee/Eastern_Towhee_0082_22330.jpg,21,20,021.Eastern_Towhee,158,157,random_resized_crop,random_resized_crop,0,"{""area_fraction"":0.570504,""aspect"":1.039273,""fallback"":false,""height"":0.740908,""left"":0.101343,""top"":0.257888,""width"":0.770006}",0.064307876,0.2189717,0.15466382,0.93771625,0.80334449,0.021752762,0.13556753,0.91596348,0.66777696,-0.24818653,0.56434334,3.7597594,8.3221464,31.289268,False,0.93171543,True,True,True,0.56434334,3.7597594,8.3221464,31.289268,0.54462873,3.7697791,8.0536712,30.360561,0.86868039,3.6087075,2.0967836,7.5666785,0.40125448,4.1699236,1.1534926,4.8099758,0.41361995,4.4377235,2.8395819,12.601279,0.55062773,3.8804235,4.3926578,17.045372,0.54427297,3.5112371,4.2595755,14.95638,0.63098011,3.5374338,4.2459891,15.019905
experiment_0a_best,file,16,,1165,021.Eastern_Towhee/Eastern_Towhee_0082_22330.jpg,21,20,021.Eastern_Towhee,158,157,gaussian_blur,gaussian_blur,0,"{""sigma"":1.037438}",0.064307876,0.60202241,0.53771453,0.93771625,0.54770285,0.021752762,0.35607746,0.91596348,0.19162539,-0.7243381,0.46716867,10.018724,8.3221464,83.377286,False,0.93414497,True,True,True,0.46716867,10.018724,8.3221464,83.377286,0.44509683,10.110399,8.0536712,81.425829,0.85829193,8.5528068,2.0967836,17.933385,0.10456531,11.355851,1.1534926,13.098889,0.2406191,13.087256,2.8395819,37.162335,0.43934904,10.835497,4.3926578,47.596629,0.46967724,9.1004281,4.2595755,38.763961,0.62157524,8.5225104,4.2459891,36.186486
experiment_0a_best,file,16,,1165,021.Eastern_Towhee/Eastern_Towhee_0082_22330.jpg,21,20,021.Eastern_Towhee,158,157,random_erasing,random_erasing,0,"{""area_fraction"":0.079862,""erased"":true,""height"":0.352416,""left"":0.158393,""top"":0.421289,""width"":0.226612}",0.064307876,0.3101677,0.24585982,0.93771625,0.73332399,0.021752762,0.0036902248,0.91596348,0.72963377,-0.18632972,0.43497207,5.1043111,8.3221464,42.478824,False,0.92170656,True,True,True,0.43497207,5.1043111,8.3221464,42.478824,0.41629911,5.1473641,8.0536712,41.455178,0.7605059,4.4206928,2.0967836,9.2692361,0.41454468,6.4614049,1.1534926,7.4531824,0.34891048,6.1770877,2.8395819,17.540346,0.39241122,5.2083934,4.3926578,22.87869,0.41045314,4.9413843,4.2595755,21.0482,0.4993478,4.644255,4.2459891,19.719456
experiment_0a_best,file,16,,1171,021.Eastern_Towhee/Eastern_Towhee_0027_22372.jpg,21,20,021.Eastern_Towhee,149,148,identity,identity,0,{},3.6239481,3.6239481,0,0.026677143,0.026677143,0.12665747,0.12665747,-0.099980328,-0.099980328,0,1,1,160.9727,160.9727,False,1.0000001,True,False,False,1,1,160.9727,160.9727,1,1,158.71098,158.71098,1,1,26.889328,26.889328,1,1,52.800517,52.800517,1,1,76.632974,76.632974,1,1,85.454547,85.454547,1,1,70.741298,70.741298,1,1,64.975813,64.975813
experiment_0a_best,file,16,,1171,021.Eastern_Towhee/Eastern_Towhee_0027_22372.jpg,21,20,021.Eastern_Towhee,149,148,horizontal_flip,horizontal_flip,0,"{""flipped"":true}",3.6239481,2.6355777,-0.98837042,0.026677143,0.071677558,0.12665747,0.1051605,-0.099980328,-0.033482939,0.066497389,0.66999044,0.94380192,160.9727,151.92634,False,0.94537115,True,False,False,0.66999044,0.94380192,160.9727,151.92634,0.66141307,0.9404442,158.71098,149.25882,0.94081452,1.0541227,26.889328,28.344651,0.72508371,0.93717395,52.800517,49.48327,0.63191726,0.83250994,76.632974,63.797713,0.67620685,0.99772902,85.454547,85.260481,0.60019782,0.96625537,70.741298,68.354159,0.71120435,0.95094531,64.975813,61.788444
experiment_0a_best,file,16,,1171,021.Eastern_Towhee/Eastern_Towhee_0027_22372.jpg,21,20,021.Eastern_Towhee,149,148,color_jitter,color_jitter,0,"{""brightness"":1.354355,""contrast"":1.34858,""hue"":-0.044754,""saturation"":1.067687}",3.6239481,5.6143765,1.9904284,0.026677143,0.0036450822,0.12665747,0.13878946,-0.099980328,-0.13514438,-0.03516405,0.63962942,0.86848401,160.9727,139.80222,False,0.90898418,False,False,False,0.63962942,0.86848401,160.9727,139.80222,0.63084011,0.86127386,158.71098,136.69362,0.89874099,1.0903021,26.889328,29.317491,0.60045259,0.89406027,52.800517,47.206845,0.60520692,0.70442389,76.632974,53.982098,0.66961775,0.87142727,85.454547,74.467422,0.59841672,0.90190427,70.741298,63.801878,0.66893594,0.96438822,64.975813,62.661908
experiment_0a_best,file,16,,1171,021.Eastern_Towhee/Eastern_Towhee_0027_22372.jpg,21,20,021.Eastern_Towhee,149,148,rotation,rotation,0,"{""angle"":-6.062127}",3.6239481,2.5184541,-1.105494,0.026677143,0.080584101,0.12665747,0.37531036,-0.099980328,-0.29472626,-0.19474593,0.76783129,1.1370166,160.9727,183.02863,False,0.9448753,True,False,False,0.76783129,1.1370166,160.9727,183.02863,0.76398247,1.1384333,158.71098,180.68186,0.9091392,1.0865095,26.889328,29.215509,0.83218079,1.1856947,52.800517,62.605294,0.77316775,1.220377,76.632974,93.521121,0.7596008,1.0678324,85.454547,91.251133,0.72664044,1.1353985,70.741298,80.319567,0.76051871,1.1100598,64.975813,72.127038
experiment_0a_best,file,16,,1171,021.Eastern_Towhee/Eastern_Towhee_0027_22372.jpg,21,20,021.Eastern_Towhee,149,148,random_resized_crop,random_resized_crop,0,"{""area_fraction"":0.639816,""aspect"":1.210304,""fallback"":false,""height"":0.727077,""left"":0.058668,""top"":0.184615,""width"":0.879984}",3.6239481,1.3215944,-2.3023537,0.026677143,0.26670974,0.12665747,0.04833604,-0.099980328,0.2183737,0.31835403,0.69439748,0.76337877,160.9727,122.88314,False,0.90050608,False,False,True,0.69439748,0.76337877,160.9727,122.88314,0.68864581,0.76291764,158.71098,121.0834,0.8907207,0.77927349,26.889328,20.95414,0.83535089,0.63165682,52.800517,33.351807,0.67991245,0.79997491,76.632974,61.304457,0.68996177,0.71539958,85.454547,61.134147,0.65873224,0.80440003,70.741298,56.904302,0.67076523,0.81657736,64.975813,53.057778
experiment_0a_best,file,16,,1171,021.Eastern_Towhee/Eastern_Towhee_0027_22372.jpg,21,20,021.Eastern_Towhee,149,148,gaussian_blur,gaussian_blur,0,"{""sigma"":1.222764}",3.6239481,2.1475246,-1.4764235,0.026677143,0.11677286,0.12665747,0.099764876,-0.099980328,0.017007984,0.11698831,0.61676751,0.88880254,160.9727,143.07295,False,0.91615784,False,False,False,0.61676751,0.88880254,160.9727,143.07295,0.60786023,0.88603281,158.71098,140.62313,0.90027002,0.98042216,26.889328,26.362893,0.47676985,0.89396412,52.800517,47.201768,0.50487003,0.8195698,76.632974,62.806072,0.62115152,0.84546809,85.454547,72.249092,0.6631544,0.96606235,70.741298,68.340504,0.7344082,0.93766226,64.975813,60.925367
experiment_0a_best,file,16,,1171,021.Eastern_Towhee/Eastern_Towhee_0027_22372.jpg,21,20,021.Eastern_Towhee,149,148,random_erasing,random_erasing,0,"{""area_fraction"":0.071621,""erased"":true,""height"":0.274167,""left"":0.223438,""top"":0.394712,""width"":0.261232}",3.6239481,5.0119686,1.3880205,0.026677143,0.0066577843,0.12665747,0.11012282,-0.099980328,-0.10346504,-0.0034847097,0.72255024,1.0432323,160.9727,167.93192,False,0.9064343,False,False,False,0.72255024,1.0432323,160.9727,167.93192,0.71870454,1.0378583,158.71098,164.7195,0.84568756,1.2157128,26.889328,32.689701,0.82804077,0.87041584,52.800517,45.958407,0.81192112,0.88640105,76.632974,67.927549,0.69439672,1.0375921,85.454547,88.66696,0.6770883,1.0842573,70.741298,76.701771,0.68221547,1.2561004,64.975813,81.616145
experiment_0a_best,file,16,,6988,120.Fox_Sparrow/Fox_Sparrow_0116_115311.jpg,120,119,120.Fox_Sparrow,125,124,identity,identity,0,{},0.010406282,0.010406282,0,0.98964769,0.98964769,0.0019305384,0.0019305384,0.98771715,0.98771715,0,1,1,1.3739666,1.3739666,False,1,True,True,True,1,1,1.3739666,1.3739666,1,1,1.3430987,1.3430987,1,1,0.28960337,0.28960337,1,1,0.36714503,0.36714503,1,1,0.57681616,0.57681616,1,1,0.71773355,0.71773355,1,1,0.56764465,0.56764465,1,1,0.70642744,0.70642744
experiment_0a_best,file,16,,6988,120.Fox_Sparrow/Fox_Sparrow_0116_115311.jpg,120,119,120.Fox_Sparrow,125,124,horizontal_flip,horizontal_flip,0,"{""flipped"":true}",0.010406282,0.015687628,0.0052813459,0.98964769,0.98443478,0.0019305384,0.0014445503,0.98771715,0.98299023,-0.0047269149,0.72563667,1.7048956,1.3739666,2.3424695,False,0.97443283,True,True,True,0.72563667,1.7048956,1.3739666,2.3424695,0.71562374,1.710647,1.3430987,2.2975676,0.96171602,1.5761206,0.28960337,0.45644985,0.78489678,1.5064547,0.36714503,0.55308737,0.72527955,1.8517863,0.57681616,1.0681403,0.72100549,1.8128065,0.71773355,1.301112,0.60681955,1.6408616,0.56764465,0.93142631,0.76315928,1.5962374,0.70642744,1.1276259
experiment_0a_best,file,16,,6988,120.Fox_Sparrow/Fox_Sparrow_0116_115311.jpg,120,119,120.Fox_Sparrow,125,124,color_jitter,color_jitter,0,"{""brightness"":1.299544,""contrast"":1.215251,""hue"":-0.082303,""saturation"":1.38902}",0.010406282,0.77846462,0.76805833,0.98964769,0.45911038,0.0019305384,0.006241323,0.98771715,0.45286906,-0.53484809,0.30864738,65.321258,1.3739666,89.749224,False,0.79144526,True,True,True,0.30864738,65.321258,1.3739666,89.749224,0.2956492,66.136391,1.3430987,88.827697,0.75040288,44.29585,0.28960337,12.828227,0.53691818,55.346813,0.36714503,20.320307,0.14577781,70.593268,0.57681616,40.719337,0.25461609,75.809153,0.71773355,54.410773,0.20715767,70.199989,0.56764465,39.848648,0.52466666,50.465417,0.70642744,35.650155
experiment_0a_best,file,16,,6988,120.Fox_Sparrow/Fox_Sparrow_0116_115311.jpg,120,119,120.Fox_Sparrow,125,124,rotation,rotation,0,"{""angle"":-8.45198}",0.010406282,0.0029582095,-0.0074480723,0.98964769,0.99704617,0.0019305384,0.00011678881,0.98771715,0.99692938,0.0092122358,0.74200719,0.31043047,1.3739666,0.42652108,False,0.96124744,True,True,True,0.74200719,0.31043047,1.3739666,0.42652108,0.73265539,0.31025515,1.3430987,0.41670328,0.94069451,0.31417753,0.28960337,0.090986872,0.67449023,0.21562158,0.36714503,0.079164393,0.69404716,0.32428996,0.57681616,0.18705569,0.72556507,0.31464016,0.71773355,0.2258278,0.68971829,0.31362099,0.56764465,0.17802527,0.81444377,0.31556052,0.70642744,0.22292061
experiment_0a_best,file,16,,6988,120.Fox_Sparrow/Fox_Sparrow_0116_115311.jpg,120,119,120.Fox_Sparrow,125,124,random_resized_crop,random_resized_crop,0,"{""area_fraction"":0.807465,""aspect"":0.974315,""fallback"":false,""height"":0.910357,""left"":0.046351,""top"":0.035056,""width"":0.886975}",0.010406282,0.00854077,-0.0018655118,0.98964769,0.99149561,0.0019305384,0.0012849376,0.98771715,0.99021067,0.0024935236,0.7855098,0.95706958,1.3739666,1.3149816,False,0.98114133,True,True,True,0.7855098,0.95706958,1.3739666,1.3149816,0.77771303,0.96104204,1.3430987,1.2907743,0.97532506,0.86723468,0.28960337,0.25115408,0.63856204,0.79521284,0.36714503,0.29195844,0.71456816,1.0256698,0.57681616,0.59162289,0.8112341,1.0368277,0.71773355,0.74416605,0.73084384,0.95625047,0.56764465,0.54281046,0.86411663,0.87538607,0.70642744,0.61839675
experiment_0a_best,file,16,,6988,120.Fox_Sparrow/Fox_Sparrow_0116_115311.jpg,120,119,120.Fox_Sparrow,125,124,gaussian_blur,gaussian_blur,0,"{""sigma"":1.701216}",0.010406282,0.78880674,0.77840045,0.98964769,0.45438668,0.0019305384,0.087244913,0.98771715,0.36714177,-0.62057538,0.27468619,89.343118,1.3739666,122.75446,False,0.79834163,True,True,True,0.27468619,89.343118,1.3739666,122.75446,0.26096986,90.551169,1.3430987,121.61915,0.76707581,57.514767,0.28960337,16.65647,-0.18115465,103.58681,0.36714503,38.031383,0.19373925,128.51865,0.57681616,74.131637,0.38235291,89.123713,0.71773355,63.967079,0.27032459,84.356777,0.56764465,47.884673,0.44281303,54.174197,0.70642744,38.27014
experiment_0a_best,file,16,,6988,120.Fox_Sparrow/Fox_Sparrow_0116_115311.jpg,120,119,120.Fox_Sparrow,125,124,random_erasing,random_erasing,0,"{""area_fraction"":0.1762,""erased"":true,""height"":0.230471,""left"":0.207084,""top"":0.59406,""width"":0.764523}",0.010406282,0.18981773,0.17941144,0.98964769,0.82710987,0.0019305384,0.055520952,0.98771715,0.77158892,-0.21612823,0.70852906,19.402928,1.3739666,26.658974,False,0.93097967,True,True,True,0.70852906,19.402928,1.3739666,26.658974,0.7008806,19.533007,1.3430987,26.234755,0.91574718,16.356609,0.28960337,4.736929,0.86840646,25.518685,0.36714503,9.3690585,0.68936348,22.521498,0.57681616,12.990764,0.69242898,19.967441,0.71773355,14.331302,0.62277574,17.865604,0.56764465,10.141315,0.74340327,15.730755,0.70642744,11.112637
experiment_0a_best,file,16,,1860,033.Yellow_billed_Cuckoo/Yellow_Billed_Cuckoo_0121_26807.jpg,33,32,033.Yellow_billed_Cuckoo,31,30,identity,identity,0,{},0.010190246,0.010190246,0,0.98986149,0.98986149,0.0039386512,0.0039386512,0.98592284,0.98592284,0,1,1,1.522106,1.522106,False,1,True,True,True,1,1,1.522106,1.522106,1,1,1.4689583,1.4689583,1,1,0.39870811,0.39870811,1,1,0.30608332,0.30608332,1,1,0.57363095,0.57363095,1,1,0.73500283,0.73500283,1,1,0.77055516,0.77055516,1,1,0.77531581,0.77531581
experiment_0a_best,file,16,,1860,033.Yellow_billed_Cuckoo/Yellow_Billed_Cuckoo_0121_26807.jpg,33,32,033.Yellow_billed_Cuckoo,31,30,horizontal_flip,horizontal_flip,0,"{""flipped"":true}",0.010190246,0.0037118364,-0.0064784093,0.98986149,0.99629503,0.0039386512,0.0011778349,0.98592284,0.9951172,0.0091943628,0.6546051,0.45895452,1.522106,0.69857743,False,0.96684384,True,True,True,0.6546051,0.45895452,1.522106,0.69857743,0.638335,0.46382101,1.4689583,0.68133373,0.92953785,0.38688839,0.39870811,0.15425554,0.49868888,0.76542467,0.30608332,0.23428372,0.67591285,0.50470118,0.57363095,0.28951222,0.6278676,0.49886659,0.73500283,0.36666835,0.63580427,0.4143818,0.77055516,0.31930403,0.71387814,0.38501837,0.77531581,0.29851083
experiment_0a_best,file,16,,1860,033.Yellow_billed_Cuckoo/Yellow_Billed_Cuckoo_0121_26807.jpg,33,32,033.Yellow_billed_Cuckoo,31,30,color_jitter,color_jitter,0,"{""brightness"":1.234838,""contrast"":0.987202,""hue"":0.084384,""saturation"":1.072909}",0.010190246,0.19487508,0.18468483,0.98986149,0.82293743,0.0039386512,0.07110776,0.98592284,0.75182967,-0.23409317,0.46727104,20.268903,1.522106,30.851419,False,0.8948791,True,True,True,0.46727104,20.268903,1.522106,30.851419,0.44191279,20.399231,1.4689583,29.96562,0.85101359,18.408787,0.39870811,7.3397327,0.38754548,17.727905,0.30608332,5.426216,0.35597283,18.928903,0.57363095,10.858205,0.34086705,24.643445,0.73500283,18.113002,0.47755003,19.706924,0.77055516,15.185272,0.60195242,17.868257,0.77531581,13.853543
experiment_0a_best,file,16,,1860,033.Yellow_billed_Cuckoo/Yellow_Billed_Cuckoo_0121_26807.jpg,33,32,033.Yellow_billed_Cuckoo,31,30,rotation,rotation,0,"{""angle"":-0.994648}",0.010190246,0.0089638205,-0.0012264252,0.98986149,0.99107623,0.0039386512,0.002853415,0.98592284,0.98822282,0.0022999789,0.87120225,0.96638413,1.522106,1.4709391,False,0.98849189,True,True,True,0.87120225,0.96638413,1.522106,1.4709391,0.86451847,0.97319959,1.4689583,1.4295896,0.97814342,0.86859713,0.39870811,0.34631672,0.86811938,1.2135165,0.30608332,0.37143717,0.85810193,1.0471192,0.57363095,0.60065998,0.86658249,1.05345,0.73500283,0.77428871,0.8550995,0.93855418,0.77055516,0.72320777,0.89587203,0.83828472,0.77531581,0.6499354
experiment_0a_best,file,16,,1860,033.Yellow_billed_Cuckoo/Yellow_Billed_Cuckoo_0121_26807.jpg,33,32,033.Yellow_billed_Cuckoo,31,30,random_resized_crop,random_resized_crop,0,"{""area_fraction"":0.565807,""aspect"":1.130473,""fallback"":false,""height"":0.707464,""left"":0.136074,""top"":0.045859,""width"":0.799769}",0.010190246,0.16752045,0.1573302,0.98986149,0.84575933,0.0039386512,0.055612013,0.98592284,0.79014732,-0.19577552,0.60799451,15.849538,1.522106,24.124676,False,0.95400631,True,True,True,0.60799451,15.849538,1.522106,24.124676,0.58676189,15.950323,1.4689583,23.43036,0.92990577,14.411926,0.39870811,5.7461517,0.36420415,18.114452,0.30608332,5.5445317,0.57187582,18.706012,0.57363095,10.730347,0.56944264,17.304272,0.73500283,12.718689,0.59197171,15.025019,0.77055516,11.577606,0.67897257,13.360053,0.77531581,10.35826
experiment_0a_best,file,16,,1860,033.Yellow_billed_Cuckoo/Yellow_Billed_Cuckoo_0121_26807.jpg,33,32,033.Yellow_billed_Cuckoo,31,30,gaussian_blur,gaussian_blur,0,"{""sigma"":1.692276}",0.010190246,2.3574769,2.3472867,0.98986149,0.094658747,0.0039386512,0.039853033,0.98592284,0.054805715,-0.93111712,0.29583106,76.028857,1.522106,115.72398,False,0.74456286,False,True,False,0.29583106,76.028857,1.522106,115.72398,0.27714643,77.457283,1.4689583,113.78152,0.68737528,52.956286,0.39870811,21.114101,0.085014168,66.213556,0.30608332,20.266865,0.20055213,78.156774,0.57363095,44.833145,0.2268706,89.746145,0.73500283,65.963671,0.27758887,75.189956,0.77055516,57.938008,0.41903922,68.462089,0.77531581,53.07974
experiment_0a_best,file,16,,1860,033.Yellow_billed_Cuckoo/Yellow_Billed_Cuckoo_0121_26807.jpg,33,32,033.Yellow_billed_Cuckoo,31,30,random_erasing,random_erasing,0,"{""area_fraction"":0.182632,""erased"":true,""height"":0.427291,""left"":0.327372,""top"":0.112202,""width"":0.427419}",0.010190246,1.0636241,1.0534339,0.98986149,0.34520248,0.0039386512,0.054004412,0.98592284,0.29119806,-0.69472477,0.54394691,69.953996,1.522106,106.4774,False,0.82035542,True,True,True,0.54394691,69.953996,1.522106,106.4774,0.53285303,71.043814,1.4689583,104.3604,0.76815063,52.9882,0.39870811,21.126825,0.57247897,63.863746,0.30608332,19.547627,0.55933437,84.650127,0.57363095,48.557933,0.48529221,71.826415,0.73500283,52.792618,0.49718053,67.575333,0.77055516,52.070521,0.59858066,66.430315,0.77531581,51.504474
experiment_0a_best,file,16,,7022,120.Fox_Sparrow/Fox_Sparrow_0036_115581.jpg,120,119,120.Fox_Sparrow,34,33,identity,identity,0,{},1.9553819,1.9553819,0,0.14151043,0.14151043,0.36528328,0.36528328,-0.22377285,-0.22377285,0,1,1,124.49243,124.49243,False,1,True,False,False,1,1,124.49243,124.49243,1,1,121.82428,121.82428,1,1,25.636098,25.636098,1,1,20.648156,20.648156,1,1,54.650445,54.650445,1,1,70.915568,70.915568,1,1,56.642725,56.642725,1,1,56.486482,56.486482
experiment_0a_best,file,16,,7022,120.Fox_Sparrow/Fox_Sparrow_0036_115581.jpg,120,119,120.Fox_Sparrow,34,33,horizontal_flip,horizontal_flip,0,"{""flipped"":true}",1.9553819,3.2208929,1.265511,0.14151043,0.039919402,0.36528328,0.30446514,-0.22377285,-0.26454574,-0.040772889,0.62239254,0.88761646,124.49243,110.50153,False,0.95278454,True,False,False,0.62239254,0.88761646,124.49243,110.50153,0.60629237,0.88132116,121.82428,107.36632,0.94298428,1.0194787,25.636098,26.135454,0.48140709,0.93122928,20.648156,19.228167,0.58332663,0.86247708,54.650445,47.134756,0.5902391,0.80254567,70.915568,56.912982,0.58405054,0.9318064,56.642725,52.780053,0.69169661,0.95520977,56.486482,53.956439
experiment_0a_best,file,16,,7022,120.Fox_Sparrow/Fox_Sparrow_0036_115581.jpg,120,119,120.Fox_Sparrow,34,33,color_jitter,color_jitter,0,"{""brightness"":0.848299,""contrast"":0.768084,""hue"":0.092421,""saturation"":1.083921}",1.9553819,5.6230111,3.6676292,0.14151043,0.003613743,0.36528328,0.011807574,-0.22377285,-0.008193831,0.21557902,0.39577109,1.4528415,124.49243,180.86777,False,0.79711121,False,False,False,0.39577109,1.4528415,124.49243,180.86777,0.38774266,1.4668979,121.82428,178.70378,0.65739734,1.0880975,25.636098,27.894573,0.11118422,1.1991951,20.648156,24.761166,0.25349156,1.4321807,54.650445,78.269315,0.39033463,1.4949373,70.915568,106.01433,0.4528281,1.5400441,56.642725,87.232296,0.47289743,1.4104282,56.486482,79.670126
experiment_0a_best,file,16,,7022,120.Fox_Sparrow/Fox_Sparrow_0036_115581.jpg,120,119,120.Fox_Sparrow,34,33,rotation,rotation,0,"{""angle"":12.386214}",1.9553819,3.1472661,1.1918843,0.14151043,0.042969435,0.36528328,0.13569863,-0.22377285,-0.092729196,0.13104366,0.69083634,1.0384366,124.49243,129.2775,False,0.91352439,False,False,False,0.69083634,1.0384366,124.49243,129.2775,0.68261802,1.0371819,121.82428,126.35395,0.87159681,1.066377,25.636098,27.337746,0.66159311,1.2244423,20.648156,25.282474,0.7384782,1.0301398,54.650445,56.297597,0.68995625,0.94207302,70.915568,66.807643,0.64974707,1.0958764,56.642725,62.073427,0.66755232,1.097083,56.486482,61.970357
experiment_0a_best,file,16,,7022,120.Fox_Sparrow/Fox_Sparrow_0036_115581.jpg,120,119,120.Fox_Sparrow,34,33,random_resized_crop,random_resized_crop,0,"{""area_fraction"":0.713361,""aspect"":1.179634,""fallback"":false,""height"":0.777644,""left"":0.075122,""top"":0.113495,""width"":0.917336}",1.9553819,4.8760877,2.9207058,0.14151043,0.0076267947,0.36528328,0.79625398,-0.22377285,-0.78862718,-0.56485433,0.68859514,1.5280157,124.49243,190.22639,False,0.94117373,True,False,False,0.68859514,1.5280157,124.49243,190.22639,0.67970194,1.5315978,121.82428,186.5858,0.90261868,1.4447611,25.636098,37.038037,0.46961753,1.9097541,20.648156,39.432899,0.70558568,1.6093873,54.650445,87.953731,0.70300391,1.5008724,70.915568,106.43522,0.62157942,1.4677073,56.642725,83.134943,0.71418978,1.5108723,56.486482,85.343863
experiment_0a_best,file,16,,7022,120.Fox_Sparrow/Fox_Sparrow_0036_115581.jpg,120,119,120.Fox_Sparrow,34,33,gaussian_blur,gaussian_blur,0,"{""sigma"":1.885981}",1.9553819,6.212204,4.2568221,0.14151043,0.0020048139,0.36528328,0.0145943,-0.22377285,-0.012589486,0.21118337,0.23992428,1.3443078,124.49243,167.35614,False,0.7857312,False,False,False,0.23992428,1.3443078,124.49243,167.35614,0.22437908,1.3489991,121.82428,164.34084,0.62471947,1.2336275,25.636098,31.625395,0.17290521,1.4144047,20.648156,29.204848,0.10418116,1.2955046,54.650445,70.799904,0.13032202,1.2091197,70.915568,85.745408,0.28178772,1.519996,56.642725,86.096716,0.40306437,1.4137701,56.486482,79.8589
experiment_0a_best,file,16,,7022,120.Fox_Sparrow/Fox_Sparrow_0036_115581.jpg,120,119,120.Fox_Sparrow,34,33,random_erasing,random_erasing,0,"{""area_fraction"":0.099718,""erased"":true,""height"":0.292947,""left"":0.486663,""top"":0.039723,""width"":0.340398}",1.9553819,1.7552539,-0.20012796,0.14151043,0.17286335,0.36528328,0.37297854,-0.22377285,-0.20011519,0.023657665,0.93859075,1.0738793,124.49243,133.68984,False,0.98103291,True,False,False,0.93859075,1.0738793,124.49243,133.68984,0.93685523,1.0755706,121.82428,131.03061,0.97998767,1.034951,25.636098,26.532104,0.93666137,1.1447996,20.648156,23.638,0.94290689,1.056768,54.650445,57.752843,0.95814984,1.1173636,70.915568,79.238472,0.91772326,1.0606858,56.642725,60.080131,0.91701593,1.0302252,56.486482,58.193795
experiment_0a_best,file,16,,9421,161.Blue_winged_Warbler/Blue_Winged_Warbler_0012_162086.jpg,161,160,161.Blue_winged_Warbler,177,176,identity,identity,0,{},0.00053927657,0.00053927657,0,0.99946088,0.99946088,0.00010368701,0.00010368701,0.99935719,0.99935719,0,1,1,0.083033943,0.083033943,False,0.99999994,True,True,True,1,1,0.083033943,0.083033943,1,1,0.081242512,0.081242512,1,1,0.01715488,0.01715488,1,1,0.016317226,0.016317226,1,1,0.030366727,0.030366727,1,1,0.042070335,0.042070335,1,1,0.039745872,0.039745872,1,1,0.045412645,0.045412645
experiment_0a_best,file,16,,9421,161.Blue_winged_Warbler/Blue_Winged_Warbler_0012_162086.jpg,161,160,161.Blue_winged_Warbler,177,176,horizontal_flip,horizontal_flip,0,"{""flipped"":true}",0.00053927657,0.00063732814,9.8051562e-05,0.99946088,0.99936289,0.00010368701,6.3960615e-05,0.99935719,0.99929893,-5.8263642e-05,0.6950529,1.2501171,0.083033943,0.10380215,False,0.98173809,True,True,True,0.6950529,1.2501171,0.083033943,0.10380215,0.68365313,1.2535113,0.081242512,0.10183841,0.97017823,1.1714109,0.01715488,0.020095413,0.48135416,1.3221707,0.016317226,0.021574158,0.5860467,1.1939137,0.030366727,0.036255252,0.6615014,1.2544578,0.042070335,0.052775459,0.64819918,1.3107881,0.039745872,0.052098417,0.80420365,1.2243918,0.045412645,0.055602869
experiment_0a_best,file,16,,9421,161.Blue_winged_Warbler/Blue_Winged_Warbler_0012_162086.jpg,161,160,161.Blue_winged_Warbler,177,176,color_jitter,color_jitter,0,"{""brightness"":0.798626,""contrast"":0.988833,""hue"":-0.024235,""saturation"":1.317508}",0.00053927657,0.0095862541,0.0090469776,0.99946088,0.99045956,0.00010368701,0.0029828614,0.99935719,0.9874767,-0.011880489,0.77980212,21.329557,0.083033943,1.7710772,False,0.96178412,True,True,True,0.77980212,21.329557,0.083033943,1.7710772,0.77482026,21.495783,0.081242512,1.7463714,0.93851136,17.184047,0.01715488,0.29479026,0.65637923,22.923075,0.016317226,0.37404099,0.71961783,23.345225,0.030366727,0.70891807,0.78228777,22.420926,0.042070335,0.94325585,0.75821629,22.248153,0.039745872,0.88427226,0.8405813,18.88711,0.045412645,0.85771362
experiment_0a_best,file,16,,9421,161.Blue_winged_Warbler/Blue_Winged_Warbler_0012_162086.jpg,161,160,161.Blue_winged_Warbler,177,176,rotation,rotation,0,"{""angle"":-0.084254}",0.00053927657,0.00058383582,4.4559245e-05,0.99946088,0.99941635,0.00010368701,0.00010689408,0.99935719,0.99930946,-4.7731737e-05,0.9850816,1.0740024,0.083033943,0.089178651,False,0.99930191,True,True,True,0.9850816,1.0740024,0.083033943,0.089178651,0.98446149,1.0740552,0.081242512,0.087258946,0.99900615,1.0728159,0.01715488,0.018404028,0.96995075,1.0947307,0.016317226,0.017862968,0.98147485,1.1062093,0.030366727,0.033591955,0.98534183,1.0706055,0.042070335,0.045040732,0.98236146,1.0682064,0.039745872,0.042456797,0.98891245,1.0641459,0.045412645,0.048325681
experiment_0a_best,file,16,,9421,161.Blue_winged_Warbler/Blue_Winged_Warbler_0012_162086.jpg,161,160,161.Blue_winged_Warbler,177,176,random_resized_crop,random_resized_crop,0,"{""area_fraction"":0.841649,""aspect"":0.843328,""fallback"":false,""height"":0.999004,""left"":0.092345,""top"":0.000377,""width"":0.842488}",0.00053927657,0.0009813261,0.00044204952,0.99946088,0.99901915,0.00010368701,0.0001070611,0.99935719,0.99891208,-0.00044510411,0.85389841,1.7035706,0.083033943,0.14145418,False,0.99168223,True,True,True,0.85389841,1.7035706,0.083033943,0.14145418,0.84814484,1.6986155,0.081242512,0.13799979,0.97659979,1.8111462,0.01715488,0.031069996,0.8267907,1.6704475,0.016317226,0.027257069,0.8106848,1.6498473,0.030366727,0.050100464,0.84032195,1.6381844,0.042070335,0.068918966,0.8196395,1.6964283,0.039745872,0.067426022,0.89480083,1.7746291,0.045412645,0.080590603
experiment_0a_best,file,16,,9421,161.Blue_winged_Warbler/Blue_Winged_Warbler_0012_162086.jpg,161,160,161.Blue_winged_Warbler,177,176,gaussian_blur,gaussian_blur,0,"{""sigma"":1.051212}",0.00053927657,0.0066771014,0.0061378248,0.99946088,0.99334514,0.00010368701,0.00031793982,0.99935719,0.9930272,-0.0063299874,0.65088418,12.900158,0.083033943,1.071151,False,0.95008099,True,True,True,0.65088418,12.900158,0.083033943,1.071151,0.64092917,12.959727,0.081242512,1.0528807,0.90744808,11.483262,0.01715488,0.19699398,0.46323678,20.106299,0.016317226,0.32807903,0.53823227,13.858688,0.030366727,0.42084301,0.64897313,13.629174,0.042070335,0.57338394,0.61252438,12.302126,0.039745872,0.48895872,0.77940642,11.140691,0.045412645,0.50592827
experiment_0a_best,file,16,,9421,161.Blue_winged_Warbler/Blue_Winged_Warbler_0012_162086.jpg,161,160,161.Blue_winged_Warbler,177,176,random_erasing,random_erasing,0,"{""area_fraction"":0.179257,""erased"":true,""height"":0.431162,""left"":0.091231,""top"":0.010642,""width"":0.415754}",0.00053927657,0.00017820201,-0.00036107456,0.99946088,0.99982184,0.00010368701,3.1204258e-05,0.99935719,0.99979064,0.00043344848,0.84468594,0.32543219,0.083033943,0.027021918,False,0.98434854,True,True,True,0.84468594,0.32543219,0.083033943,0.027021918,0.83821707,0.32437783,0.081242512,0.026353269,0.98185978,0.34824185,0.01715488,0.005974047,0.78919842,0.2772363,0.016317226,0.0045237275,0.74515226,0.33445063,0.030366727,0.010156171,0.85085035,0.30434077,0.042070335,0.012803718,0.82848372,0.33034212,0.039745872,0.013129736,0.88553813,0.33724699,0.045412645,0.015315278
experiment_0a_best,file,16,,7272,125.Lincoln_Sparrow/Lincoln_Sparrow_0110_117264.jpg,125,124,125.Lincoln_Sparrow,131,130,identity,identity,0,{},0.0092329197,0.0092329197,0,0.99080956,0.99080956,0.0029228157,0.0029228157,0.98788674,0.98788674,0,1,1,2.0861568,2.0861568,False,1,True,True,True,1,1,2.0861568,2.0861568,1,1,2.068085,2.068085,1,1,0.2739978,0.2739978,1,1,0.45188579,0.45188579,1,1,0.89930129,0.89930129,1,1,1.2576386,1.2576386,1,1,0.98601831,0.98601831,1,1,0.84270088,0.84270088
experiment_0a_best,file,16,,7272,125.Lincoln_Sparrow/Lincoln_Sparrow_0110_117264.jpg,125,124,125.Lincoln_Sparrow,131,130,horizontal_flip,horizontal_flip,0,"{""flipped"":true}",0.0092329197,0.011130976,0.0018980568,0.99080956,0.98893076,0.0029228157,0.0027834389,0.98788674,0.98614732,-0.0017394212,0.67998043,1.2474812,2.0861568,2.6024413,False,0.96109939,True,True,True,0.67998043,1.2474812,2.0861568,2.6024413,0.67499089,1.2449842,2.068085,2.574733,0.93964812,1.3823067,0.2739978,0.37874899,0.58450811,1.2229223,0.45188579,0.55262119,0.57661162,1.2689061,0.89930129,1.1411289,0.72639369,1.2882075,1.2576386,1.6200995,0.65337737,1.2184697,0.98601831,1.2014334,0.73210128,1.1587546,0.84270088,0.97648353
experiment_0a_best,file,16,,7272,125.Lincoln_Sparrow/Lincoln_Sparrow_0110_117264.jpg,125,124,125.Lincoln_Sparrow,131,130,color_jitter,color_jitter,0,"{""brightness"":1.354612,""contrast"":1.261651,""hue"":-0.083641,""saturation"":1.032076}",0.0092329197,1.5581765,1.5489436,0.99080956,0.2105196,0.0029228157,0.069127254,0.98788674,0.14139234,-0.8464944,0.48081647,69.93845,2.0861568,145.90257,False,0.80050701,True,True,True,0.48081647,69.93845,2.0861568,145.90257,0.47575427,69.893815,2.068085,144.54635,0.75938871,72.435862,0.2739978,19.847266,0.14276114,55.089441,0.45188579,24.894136,0.23128649,60.664614,0.89930129,54.555765,0.52153955,69.458407,1.2576386,87.353577,0.51890124,73.515211,0.98601831,72.487344,0.62313791,78.826206,0.84270088,66.426913
experiment_0a_best,file,16,,7272,125.Lincoln_Sparrow/Lincoln_Sparrow_0110_117264.jpg,125,124,125.Lincoln_Sparrow,131,130,rotation,rotation,0,"{""angle"":8.820121}",0.0092329197,0.0091401963,-9.2723407e-05,0.99080956,0.99090147,0.0029228157,0.0014646745,0.98788674,0.9894368,0.0015500516,0.80649998,1.1685421,2.0861568,2.437762,False,0.96641064,True,True,True,0.80649998,1.1685421,2.0861568,2.437762,0.8047796,1.1707822,2.068085,2.4212771,0.92382841,1.0329305,0.2739978,0.28302067,0.68179865,1.2639398,0.45188579,0.57115644,0.74924364,1.1535257,0.89930129,1.0373672,0.84311743,1.2375548,1.2576386,1.5563967,0.79948876,1.114933,0.98601831,1.0993444,0.83134271,1.0806457,0.84270088,0.91066112
experiment_0a_best,file,16,,7272,125.Lincoln_Sparrow/Lincoln_Sparrow_0110_117264.jpg,125,124,125.Lincoln_Sparrow,131,130,random_resized_crop,random_resized_crop,0,"{""area_fraction"":0.816,""aspect"":0.930921,""fallback"":false,""height"":0.936244,""left"":0.124903,""top"":0.015406,""width"":0.871568}",0.0092329197,0.019624831,0.010391911,0.99080956,0.9805665,0.0029228157,0.0033796423,0.98788674,0.97718686,-0.010699885,0.8022772,1.89793,2.0861568,3.9593796,False,0.97326601,True,True,True,0.8022772,1.89793,2.0861568,3.9593796,0.79956709,1.8989077,2.068085,3.9271025,0.96186806,1.8413738,0.2739978,0.50453237,0.62331021,1.9505718,0.45188579,0.88143569,0.76145209,1.6803287,0.89930129,1.5111218,0.83910618,1.78208,1.2576386,2.2412126,0.78726735,2.036521,0.98601831,2.008047,0.83976571,2.1577752,0.84270088,1.818359
experiment_0a_best,file,16,,7272,125.Lincoln_Sparrow/Lincoln_Sparrow_0110_117264.jpg,125,124,125.Lincoln_Sparrow,131,130,gaussian_blur,gaussian_blur,0,"{""sigma"":1.56501}",0.0092329197,2.6854312,2.6761983,0.99080956,0.068191782,0.0029228157,0.0071250992,0.98788674,0.061066682,-0.92682006,0.41554467,138.40276,2.0861568,288.72986,False,0.76031077,False,True,False,0.41554467,138.40276,2.0861568,288.72986,0.41350018,138.55563,2.068085,286.54481,0.54121923,129.39607,0.2739978,35.454237,0.3474015,178.52732,0.45188579,80.673957,0.29785468,175.32087,0.89930129,157.66629,0.49347551,126.10664,1.2576386,158.59659,0.44624622,126.29362,0.98601831,124.52782,0.43637814,119.14526,0.84270088,100.40382
experiment_0a_best,file,16,,7272,125.Lincoln_Sparrow/Lincoln_Sparrow_0110_117264.jpg,125,124,125.Lincoln_Sparrow,131,130,random_erasing,random_erasing,0,"{""area_fraction"":0.129623,""erased"":true,""height"":0.221842,""left"":0.187381,""top"":0.58664,""width"":0.584305}",0.0092329197,0.022787964,0.013555044,0.99080956,0.97746974,0.0029228157,0.0031769041,0.98788674,0.97429284,-0.013593906,0.80262903,2.4646648,2.0861568,5.1416773,False,0.93425912,True,True,True,0.80262903,2.4646648,2.0861568,5.1416773,0.80076725,2.4653002,2.068085,5.0984503,0.91040539,2.4281902,0.2739978,0.66531877,0.75021825,2.256945,0.45188579,1.0198814,0.78219648,2.363106,0.89930129,2.1251443,0.84787513,2.5087664,1.2576386,3.1551216,0.7598086,2.436741,0.98601831,2.4026713,0.78639893,2.5754032,0.84270088,2.1702945
experiment_0a_best,file,16,,32,001.Black_footed_Albatross/Black_Footed_Albatross_0017_796098.jpg,1,0,001.Black_footed_Albatross,3,2,identity,identity,0,{},2.644486,2.644486,0,0.07104186,0.07104186,0.87054342,0.87054342,-0.79950156,-0.79950156,0,1,1,220.99869,220.99869,False,0.99999988,True,False,False,1,1,220.99869,220.99869,1,1,216.06463,216.06463,1,1,46.438087,46.438087,1,1,79.842035,79.842035,1,1,103.57867,103.57867,1,1,96.271607,96.271607,1,1,103.1742,103.1742,1,1,98.32343,98.32343
experiment_0a_best,file,16,,32,001.Black_footed_Albatross/Black_Footed_Albatross_0017_796098.jpg,1,0,001.Black_footed_Albatross,3,2,horizontal_flip,horizontal_flip,0,"{""flipped"":true}",2.644486,1.3721778,-1.2723081,0.07104186,0.25355414,0.87054342,0.5489285,-0.79950156,-0.29537436,0.5041272,0.74678254,0.69446885,220.99869,153.47671,False,0.96046805,True,False,False,0.74678254,0.69446885,220.99869,153.47671,0.73772105,0.69534504,216.06463,150.23947,0.94910036,0.67522222,46.438087,31.356028,0.77980264,0.59498038,79.842035,47.504444,0.76462913,0.68036743,103.57867,70.471556,0.70018927,0.74595998,96.271607,71.814766,0.69937118,0.71388939,103.1742,73.654963,0.77381444,0.70217616,98.32343,69.040369
experiment_0a_best,file,16,,32,001.Black_footed_Albatross/Black_Footed_Albatross_0017_796098.jpg,1,0,001.Black_footed_Albatross,3,2,color_jitter,color_jitter,0,"{""brightness"":0.684288,""contrast"":1.118105,""hue"":0.058529,""saturation"":1.244216}",2.644486,4.1678438,1.5233579,0.07104186,0.015485613,0.87054342,0.38968605,-0.79950156,-0.37420044,0.42530113,0.524569,0.62271342,220.99869,137.61885,False,0.91974342,True,False,False,0.524569,0.62271342,220.99869,137.61885,0.50858643,0.61502193,216.06463,132.88449,0.81335619,0.77062452,46.438087,35.786328,0.17781016,0.49011913,79.842035,39.132109,0.34736062,0.49933797,103.57867,51.720765,0.54451576,0.62690765,96.271607,60.353407,0.60853003,0.66989071,103.1742,69.115435,0.67135624,0.72149403,98.32343,70.939768
experiment_0a_best,file,16,,32,001.Black_footed_Albatross/Black_Footed_Albatross_0017_796098.jpg,1,0,001.Black_footed_Albatross,3,2,rotation,rotation,0,"{""angle"":8.790477}",2.644486,2.4496069,-0.19487906,0.07104186,0.086327523,0.87054342,0.66275293,-0.79950156,-0.5764254,0.22307616,0.72341877,0.89336612,220.99869,197.43275,False,0.93521428,True,False,False,0.72341877,0.89336612,220.99869,197.43275,0.71518234,0.89501547,216.06463,193.38119,0.91031276,0.85688314,46.438087,39.792014,0.76399978,0.69660833,79.842035,55.618626,0.66654086,0.80055032,103.57867,82.919941,0.6974215,0.95514117,96.271607,91.952976,0.71896032,0.95348,103.1742,98.374531,0.76946343,0.98050514,98.32343,96.406629
experiment_0a_best,file,16,,32,001.Black_footed_Albatross/Black_Footed_Albatross_0017_796098.jpg,1,0,001.Black_footed_Albatross,3,2,random_resized_crop,random_resized_crop,0,"{""area_fraction"":0.672895,""aspect"":0.90666,""fallback"":false,""height"":0.861493,""left"":0.07213,""top"":0.131843,""width"":0.781081}",2.644486,2.0351448,-0.60934114,0.07104186,0.13066156,0.87054342,0.76823801,-0.79950156,-0.63757645,0.16192511,0.75412926,0.93382302,220.99869,206.37367,False,0.97492743,True,False,False,0.75412926,0.93382302,220.99869,206.37367,0.74453958,0.9357194,216.06463,202.17587,0.97279086,0.89178188,46.438087,41.412644,0.79705066,0.85766068,79.842035,68.477374,0.70614704,0.92431528,103.57867,95.739351,0.72717613,1.0353501,96.271607,99.674814,0.74089668,0.9262848,103.1742,95.568689,0.78472603,0.90691497,98.32343,89.17099
experiment_0a_best,file,16,,32,001.Black_footed_Albatross/Black_Footed_Albatross_0017_796098.jpg,1,0,001.Black_footed_Albatross,3,2,gaussian_blur,gaussian_blur,0,"{""sigma"":1.229452}",2.644486,2.2110441,-0.43344188,0.07104186,0.10958618,0.87054342,0.58461988,-0.79950156,-0.4750337,0.32446786,0.76123041,0.75148018,220.99869,166.07614,False,0.9520883,True,False,False,0.76123041,0.75148018,220.99869,166.07614,0.75300853,0.74810899,216.06463,161.6399,0.92654059,0.82107365,46.438087,38.129089,0.81540584,0.74472598,79.842035,59.460438,0.78404322,0.72754693,103.57867,75.358347,0.75295112,0.80594185,96.271607,77.589317,0.68665559,0.70652484,103.1742,72.895132,0.75148746,0.75967895,98.32343,74.69424
experiment_0a_best,file,16,,32,001.Black_footed_Albatross/Black_Footed_Albatross_0017_796098.jpg,1,0,001.Black_footed_Albatross,3,2,random_erasing,random_erasing,0,"{""area_fraction"":0.118919,""erased"":true,""height"":0.237305,""left"":0.352433,""top"":0.645865,""width"":0.501122}",2.644486,1.7814007,-0.86308527,0.07104186,0.16840211,0.87054342,0.73808014,-0.79950156,-0.56967804,0.22982352,0.94495883,0.88216497,220.99869,194.9573,False,0.97049445,True,False,False,0.94495883,0.88216497,220.99869,194.9573,0.94395753,0.88456473,216.06463,191.12315,0.97004301,0.82851263,46.438087,38.474541,0.98542051,0.88323871,79.842035,70.519575,0.96871266,0.88817107,103.57867,91.995582,0.942537,0.89556246,96.271607,86.217238,0.9283748,0.88892395,103.1742,91.714013,0.90722045,0.86580845,98.32343,85.129257
experiment_0a_best,file,16,,8997,154.Red_eyed_Vireo/Red_Eyed_Vireo_0034_157219.jpg,154,153,154.Red_eyed_Vireo,178,177,identity,identity,0,{},1.2141738,1.2141738,0,0.29695526,0.29695526,0.1858315,0.1858315,0.11112376,0.11112376,0,1,1,120.0287,120.0287,False,1,True,True,True,1,1,120.0287,120.0287,1,1,118.84376,118.84376,1,1,16.824123,16.824123,1,1,28.41917,28.41917,1,1,49.68963,49.68963,1,1,71.916976,71.916976,1,1,58.316858,58.316858,1,1,47.688811,47.688811
experiment_0a_best,file,16,,8997,154.Red_eyed_Vireo/Red_Eyed_Vireo_0034_157219.jpg,154,153,154.Red_eyed_Vireo,178,177,horizontal_flip,horizontal_flip,0,"{""flipped"":true}",1.2141738,1.8402433,0.62606955,0.29695526,0.15877877,0.1858315,0.14695014,0.11112376,0.011828631,-0.099295124,0.66984844,1.0928218,120.0287,131.16998,False,0.94973159,False,True,False,0.66984844,1.0928218,120.0287,131.16998,0.66385769,1.0900304,118.84376,129.54331,0.94045798,1.2240489,16.824123,20.59355,0.46300688,0.82397116,28.41917,23.416576,0.56350437,1.0805407,49.68963,53.691668,0.73052901,1.1069224,71.916976,79.606512,0.64435034,1.1044772,58.316858,64.409638,0.70767436,1.1223051,47.688811,53.521395
experiment_0a_best,file,16,,8997,154.Red_eyed_Vireo/Red_Eyed_Vireo_0034_157219.jpg,154,153,154.Red_eyed_Vireo,178,177,color_jitter,color_jitter,0,"{""brightness"":0.750073,""contrast"":0.78525,""hue"":-0.010601,""saturation"":1.277163}",1.2141738,3.0029936,1.7888198,0.29695526,0.049638242,0.1858315,0.11463214,0.11112376,-0.064993896,-0.17611765,0.85917756,1.0560847,120.0287,126.76047,False,0.95709825,False,True,False,0.85917756,1.0560847,120.0287,126.76047,0.85773152,1.04929,118.84376,124.70157,0.9422692,1.3524517,16.824123,22.753815,0.76256693,0.81254373,28.41917,23.091818,0.8237004,0.97702186,49.68963,48.547854,0.89987743,1.0550164,71.916976,75.873592,0.85514932,1.063783,58.316858,62.036479,0.84226801,1.1590206,47.688811,55.272313
experiment_0a_best,file,16,,8997,154.Red_eyed_Vireo/Red_Eyed_Vireo_0034_157219.jpg,154,153,154.Red_eyed_Vireo,178,177,rotation,rotation,0,"{""angle"":-14.325443}",1.2141738,1.6911256,0.47695184,0.29695526,0.18431193,0.1858315,0.38353682,0.11112376,-0.19922489,-0.31034864,0.710933,0.97894738,120.0287,117.50179,False,0.94709235,False,True,False,0.710933,0.97894738,120.0287,117.50179,0.70586329,0.97131289,118.84376,115.43447,0.92960022,1.3043349,16.824123,21.944291,0.70304485,1.1114749,28.41917,31.587193,0.5997505,0.89674074,49.68963,44.558715,0.75333876,0.92866627,71.916976,66.78687,0.7112722,0.98833545,58.316858,57.636617,0.71101121,1.0608512,47.688811,50.590731
experiment_0a_best,file,16,,8997,154.Red_eyed_Vireo/Red_Eyed_Vireo_0034_157219.jpg,154,153,154.Red_eyed_Vireo,178,177,random_resized_crop,random_resized_crop,0,"{""area_fraction"":0.761988,""aspect"":0.971571,""fallback"":false,""height"":0.885598,""left"":0.096491,""top"":0.076637,""width"":0.860421}",1.2141738,0.79998529,-0.4141885,0.29695526,0.44933558,0.1858315,0.15054168,0.11112376,0.2987939,0.18767014,0.81138208,0.70951798,120.0287,85.162524,False,0.96392608,True,True,True,0.81138208,0.70951798,120.0287,85.162524,0.80808883,0.70616306,118.84376,83.923071,0.96175674,0.86047009,16.824123,14.476655,0.81681381,0.6810831,28.41917,19.355816,0.74630627,0.64731056,49.68963,32.164622,0.82796163,0.67964634,71.916976,48.87811,0.80719995,0.73117902,58.316858,42.640062,0.832724,0.79202465,47.688811,37.770714
experiment_0a_best,file,16,,8997,154.Red_eyed_Vireo/Red_Eyed_Vireo_0034_157219.jpg,154,153,154.Red_eyed_Vireo,178,177,gaussian_blur,gaussian_blur,0,"{""sigma"":1.836182}",1.2141738,3.7103648,2.496191,0.29695526,0.024468595,0.1858315,0.021907773,0.11112376,0.0025608223,-0.10856293,0.33645299,1.0458124,120.0287,125.5275,False,0.75376379,False,True,False,0.33645299,1.0458124,120.0287,125.5275,0.32833841,1.0451177,118.84376,124.20571,0.72848988,1.0799103,16.824123,18.168545,0.26626615,1.0141368,28.41917,28.820925,0.049499062,1.0288447,49.68963,51.122914,0.31804575,0.83995438,71.916976,60.40698,0.38063237,1.1277268,58.316858,65.765484,0.55020732,1.3276647,47.688811,63.314753
experiment_0a_best,file,16,,8997,154.Red_eyed_Vireo/Red_Eyed_Vireo_0034_157219.jpg,154,153,154.Red_eyed_Vireo,178,177,random_erasing,random_erasing,0,"{""area_fraction"":0.194987,""erased"":true,""height"":0.571824,""left"":0.404559,""top"":0.25368,""width"":0.340991}",1.2141738,1.9480822,0.73390841,0.29695526,0.14254719,0.1858315,0.22702573,0.11112376,-0.084478542,-0.1956023,0.60650927,1.0799854,120.0287,129.62925,False,0.91515326,False,True,False,0.60650927,1.0799854,120.0287,129.62925,0.59985805,1.0713454,118.84376,127.32271,0.87909569,1.447018,16.824123,24.344808,0.72400988,1.1356129,28.41917,32.273175,0.36756922,1.057125,49.68963,52.528148,0.63004083,0.97246511,71.916976,69.93675,0.65077103,1.1023676,58.316858,64.286615,0.66472448,1.220259,47.688811,58.1927
experiment_0a_best,file,16,,3145,055.Evening_Grosbeak/Evening_Grosbeak_0133_37976.jpg,55,54,055.Evening_Grosbeak,168,167,identity,identity,0,{},0.001525311,0.001525311,0,0.99847585,0.99847585,0.00016282633,0.00016282633,0.99831302,0.99831302,0,1,1,0.1974138,0.1974138,False,1,True,True,True,1,1,0.1974138,0.1974138,1,1,0.19157269,0.19157269,1,1,0.047666684,0.047666684,1,1,0.042243417,0.042243417,1,1,0.059367538,0.059367538,1,1,0.084874012,0.084874012,1,1,0.097782621,0.097782621,1,1,0.12093819,0.12093819
experiment_0a_best,file,16,,3145,055.Evening_Grosbeak/Evening_Grosbeak_0133_37976.jpg,55,54,055.Evening_Grosbeak,168,167,horizontal_flip,horizontal_flip,0,"{""flipped"":true}",0.001525311,0.00067961961,-0.00084569142,0.99847585,0.99932063,0.00016282633,6.2832863e-05,0.99831302,0.99925779,0.00094477009,0.62340816,0.49889995,0.1974138,0.098489736,False,0.97345787,True,True,True,0.62340816,0.49889995,0.1974138,0.098489736,0.60478131,0.50211522,0.19157269,0.096191564,0.96836644,0.44375,0.047666684,0.021152091,0.52525012,0.5294728,0.042243417,0.02236674,0.46336607,0.59419263,0.059367538,0.035275753,0.48470748,0.54064729,0.084874012,0.045886904,0.54850016,0.4645572,0.097782621,0.045425621,0.76612108,0.47780362,0.12093819,0.057784706
experiment_0a_best,file,16,,3145,055.Evening_Grosbeak/Evening_Grosbeak_0133_37976.jpg,55,54,055.Evening_Grosbeak,168,167,color_jitter,color_jitter,0,"{""brightness"":0.607725,""contrast"":1.009349,""hue"":-0.0572,""saturation"":1.138937}",0.001525311,1.0199888,1.0184635,0.99847585,0.36059898,0.00016282633,0.0015108691,0.99831302,0.35908811,-0.63922491,0.4414275,489.95255,0.1974138,96.723395,False,0.83779401,True,True,True,0.4414275,489.95255,0.1974138,96.723395,0.42557492,495.33449,0.19157269,94.89256,0.77553653,392.93923,0.047666684,18.73011,0.42538285,568.0534,0.042243417,23.996517,0.42014935,716.0235,0.059367538,42.508552,0.35544999,595.33811,0.084874012,50.528734,0.45704222,468.89077,0.097782621,45.849368,0.49814039,366.67413,0.12093819,44.344906
experiment_0a_best,file,16,,3145,055.Evening_Grosbeak/Evening_Grosbeak_0133_37976.jpg,55,54,055.Evening_Grosbeak,168,167,rotation,rotation,0,"{""angle"":-10.648684}",0.001525311,0.0041978341,0.002672523,0.99847585,0.99581099,0.00016282633,0.00079511886,0.99831302,0.99501587,-0.0032971566,0.71911054,2.9392174,0.1974138,0.58024207,False,0.96718609,True,True,True,0.71911054,2.9392174,0.1974138,0.58024207,0.70697245,2.9633754,0.19157269,0.5677018,0.95904997,2.5170904,0.047666684,0.11998135,0.55130995,2.4694339,0.042243417,0.10431733,0.56750066,3.580858,0.059367538,0.21258672,0.64339894,3.1194936,0.084874012,0.26476393,0.68365668,2.9673165,0.097782621,0.29015198,0.82653096,2.7662681,0.12093819,0.33454746
experiment_0a_best,file,16,,3145,055.Evening_Grosbeak/Evening_Grosbeak_0133_37976.jpg,55,54,055.Evening_Grosbeak,168,167,random_resized_crop,random_resized_crop,0,"{""area_fraction"":0.666407,""aspect"":0.929335,""fallback"":false,""height"":0.846806,""left"":0.164184,""top"":0.014786,""width"":0.786966}",0.001525311,0.0086361496,0.0071108385,0.99847585,0.99140102,0.00016282633,8.6639586e-05,0.99831302,0.99131438,-0.0069986462,0.68643469,6.9238912,0.1974138,1.3668717,False,0.96040452,True,True,True,0.68643469,6.9238912,0.1974138,1.3668717,0.67582715,7.0174693,0.19157269,1.3443555,0.94871899,5.1834104,0.047666684,0.24707598,0.69305082,9.7905597,0.042243417,0.4135867,0.62341042,8.6657552,0.059367538,0.51446455,0.66331847,8.1011713,0.084874012,0.6875789,0.65391626,6.6805966,0.097782621,0.65324624,0.75126903,5.6811866,0.12093819,0.68707243
experiment_0a_best,file,16,,3145,055.Evening_Grosbeak/Evening_Grosbeak_0133_37976.jpg,55,54,055.Evening_Grosbeak,168,167,gaussian_blur,gaussian_blur,0,"{""sigma"":1.877227}",0.001525311,1.8007674,1.7992421,0.99847585,0.16517209,0.00016282633,0.013917061,0.99831302,0.15125502,-0.847058,0.22899458,990.75,0.1974138,195.58772,False,0.7720899,True,True,True,0.22899458,990.75,0.1974138,195.58772,0.21662061,1014.7071,0.19157269,194.39017,0.75230498,453.37002,0.047666684,21.610646,-0.47586575,1466.0278,0.042243417,61.930023,0.089507517,1417.3645,0.059367538,84.145443,0.20321842,1336.0399,0.084874012,113.39506,0.3035597,1018.6231,0.097782621,99.603635,0.51086028,528.96525,0.12093819,63.972101
experiment_0a_best,file,16,,3145,055.Evening_Grosbeak/Evening_Grosbeak_0133_37976.jpg,55,54,055.Evening_Grosbeak,168,167,random_erasing,random_erasing,0,"{""area_fraction"":0.050215,""erased"":true,""height"":0.216666,""left"":0.063862,""top"":0.690221,""width"":0.23176}",0.001525311,0.0022724061,0.00074709509,0.99847585,0.9977302,0.00016282633,0.00023417955,0.99831302,0.99749602,-0.00081700733,0.97096871,1.4917057,0.1974138,0.29448329,False,0.99860412,True,True,True,0.97096871,1.4917057,0.1974138,0.29448329,0.96934263,1.4942702,0.19157269,0.28626136,0.99846289,1.4496551,0.047666684,0.069100251,0.97127753,1.4649682,0.042243417,0.061885264,0.96085624,1.4876964,0.059367538,0.088320876,0.96845407,1.5339777,0.084874012,0.13019484,0.96381463,1.5082273,0.097782621,0.14747842,0.97569308,1.4702139,0.12093819,0.17780501
experiment_0a_best,file,16,,2386,042.Vermilion_Flycatcher/Vermilion_Flycatcher_0004_42395.jpg,42,41,042.Vermilion_Flycatcher,139,138,identity,identity,0,{},0.060194589,0.060194589,0,0.94158131,0.94158131,0.029032761,0.029032761,0.91254855,0.91254855,0,1,1,9.3972333,9.3972333,False,1,True,True,True,1,1,9.3972333,9.3972333,1,1,9.2524259,9.2524259,1,1,1.6433524,1.6433524,1,1,3.0006381,3.0006381,1,1,4.2413202,4.2413202,1,1,4.2593208,4.2593208,1,1,4.3026034,4.3026034,1,1,4.6862084,4.6862084
experiment_0a_best,file,16,,2386,042.Vermilion_Flycatcher/Vermilion_Flycatcher_0004_42395.jpg,42,41,042.Vermilion_Flycatcher,139,138,horizontal_flip,horizontal_flip,0,"{""flipped"":true}",0.060194589,0.069922894,0.009728305,0.94158131,0.93246573,0.029032761,0.0068873996,0.91254855,0.92557833,0.013029785,0.58766789,1.0090002,9.3972333,9.4818103,False,0.95868284,True,True,True,0.58766789,1.0090002,9.3972333,9.4818103,0.57801697,1.0086239,9.2524259,9.3322183,0.88997112,1.0208559,1.6433524,1.6776259,0.58206782,0.84219813,3.0006381,2.5271318,0.53162999,0.95188325,4.2413202,4.0372417,0.57627793,0.96720341,4.2593208,4.1196296,0.54844409,0.97693676,4.3026034,4.2033715,0.63995499,1.1642081,4.6862084,5.455722
experiment_0a_best,file,16,,2386,042.Vermilion_Flycatcher/Vermilion_Flycatcher_0004_42395.jpg,42,41,042.Vermilion_Flycatcher,139,138,color_jitter,color_jitter,0,"{""brightness"":1.247546,""contrast"":1.013123,""hue"":0.029354,""saturation"":0.720215}",0.060194589,0.79183972,0.73164513,0.94158131,0.45301062,0.029032761,0.031992536,0.91254855,0.42101808,-0.49153046,0.68801369,8.1540771,9.3972333,76.625765,False,0.91753376,True,True,True,0.68801369,8.1540771,9.3972333,76.625765,0.68343945,8.1518869,9.2524259,75.42473,0.83178166,8.2232044,1.6433524,13.513622,0.83284424,8.369639,3.0006381,25.114258,0.62839789,7.4943605,4.2413202,31.785983,0.62608751,8.6456744,4.2593208,36.824701,0.65830659,8.0281849,4.3026034,34.542096,0.73550008,8.2607845,4.6862084,38.711758
experiment_0a_best,file,16,,2386,042.Vermilion_Flycatcher/Vermilion_Flycatcher_0004_42395.jpg,42,41,042.Vermilion_Flycatcher,139,138,rotation,rotation,0,"{""angle"":4.018812}",0.060194589,0.20173071,0.14153612,0.94158131,0.81731498,0.029032761,0.10389126,0.91254855,0.71342372,-0.19912483,0.87037912,3.4960224,9.3972333,32.852938,False,0.97373664,True,True,True,0.87037912,3.4960224,9.3972333,32.852938,0.86757293,3.5050718,9.2524259,32.430417,0.97154764,3.1959118,1.6433524,5.2520092,0.94145216,3.7560284,3.0006381,11.270482,0.89384549,3.4624714,4.2413202,14.68545,0.84144074,3.5557913,4.2593208,15.145256,0.83259778,3.6176317,4.3026034,15.565235,0.86937967,3.2878349,4.6862084,15.40748
experiment_0a_best,file,16,,2386,042.Vermilion_Flycatcher/Vermilion_Flycatcher_0004_42395.jpg,42,41,042.Vermilion_Flycatcher,139,138,random_resized_crop,random_resized_crop,0,"{""area_fraction"":0.658956,""aspect"":1.153209,""fallback"":false,""height"":0.755917,""left"":0.030001,""top"":0.051961,""width"":0.87173}",0.060194589,1.1677111,1.1075165,0.94158131,0.31107816,0.029032761,0.0097750137,0.91254855,0.30130315,-0.6112454,0.58035572,11.001895,9.3972333,103.38737,False,0.85538232,True,True,True,0.58035572,11.001895,9.3972333,103.38737,0.57447112,10.961259,9.2524259,101.41824,0.75099285,12.220181,1.6433524,20.082064,0.79436323,10.655825,3.0006381,31.974275,0.63929539,10.396155,4.2413202,44.093421,0.50899777,11.460223,4.2593208,48.812766,0.51661082,11.011299,4.3026034,47.377252,0.5435658,11.071299,4.6862084,51.882416
experiment_0a_best,file,16,,2386,042.Vermilion_Flycatcher/Vermilion_Flycatcher_0004_42395.jpg,42,41,042.Vermilion_Flycatcher,139,138,gaussian_blur,gaussian_blur,0,"{""sigma"":1.530583}",0.060194589,0.39741749,0.3372229,0.94158131,0.6720534,0.029032761,0.037813757,0.91254855,0.63423964,-0.27830891,0.66671787,6.1147147,9.3972333,57.4614,False,0.91838312,True,True,True,0.66671787,6.1147147,9.3972333,57.4614,0.6623531,6.1498213,9.2524259,56.900766,0.85905282,4.872483,1.6433524,8.0072066,0.72814875,6.55867,3.0006381,19.680195,0.66728738,6.3434944,4.2413202,26.904791,0.59788023,6.7769379,4.2593208,28.865153,0.64827957,5.9238002,4.3026034,25.487763,0.71462084,5.4140076,4.6862084,25.371168
experiment_0a_best,file,16,,2386,042.Vermilion_Flycatcher/Vermilion_Flycatcher_0004_42395.jpg,42,41,042.Vermilion_Flycatcher,139,138,random_erasing,random_erasing,0,"{""area_fraction"":0.088706,""erased"":true,""height"":0.222878,""left"":0.263799,""top"":0.734678,""width"":0.398003}",0.060194589,0.1037047,0.043510109,0.94158131,0.90149146,0.029032761,0.063808478,0.91254855,0.83768298,-0.074865563,0.95233773,1.837102,9.3972333,17.263676,False,0.98915082,True,True,True,0.95233773,1.837102,9.3972333,17.263676,0.95143019,1.8384651,9.2524259,17.010262,0.98211506,1.7933545,1.6433524,2.9471135,0.9739269,1.7975415,3.0006381,5.3937716,0.96740678,1.8374186,4.2413202,7.7930806,0.95808912,1.9009,4.2593208,8.096543,0.94247123,1.9102865,4.3026034,8.2192053,0.93305099,1.7390451,4.6862084,8.1495279
experiment_0a_best,file,16,,11332,193.Bewick_Wren/Bewick_Wren_0015_184981.jpg,193,192,193.Bewick_Wren,114,113,identity,identity,0,{},0.048209004,0.048209004,0,0.95293462,0.95293462,0.0080298558,0.0080298558,0.94490477,0.94490477,0,1,1,9.129979,9.129979,False,1.0000001,True,True,True,1,1,9.129979,9.129979,1,1,9.0238575,9.0238575,1,1,1.3879887,1.3879887,1,1,2.1360983,2.1360983,1,1,4.2999781,4.2999781,1,1,4.6712659,4.6712659,1,1,4.4092562,4.4092562,1,1,4.1370292,4.1370292
experiment_0a_best,file,16,,11332,193.Bewick_Wren/Bewick_Wren_0015_184981.jpg,193,192,193.Bewick_Wren,114,113,horizontal_flip,horizontal_flip,0,"{""flipped"":true}",0.048209004,0.11178416,0.063575156,0.95293462,0.89423722,0.0080298558,0.0055776625,0.94490477,0.88865956,-0.056245209,0.59090305,2.2950244,9.129979,20.953525,False,0.94189996,True,True,True,0.59090305,2.2950244,9.129979,20.953525,0.58349873,2.2976901,9.0238575,20.734028,0.92166804,2.1793724,1.3879887,3.0249444,0.31926927,2.0090898,2.1360983,4.2916133,0.62872745,2.2539433,4.2999781,9.6919068,0.53146593,2.3846029,4.6712659,11.139114,0.56027891,2.3204806,4.4092562,10.231593,0.69555796,2.2776009,4.1370292,9.4225012
experiment_0a_best,file,16,,11332,193.Bewick_Wren/Bewick_Wren_0015_184981.jpg,193,192,193.Bewick_Wren,114,113,color_jitter,color_jitter,0,"{""brightness"":0.770884,""contrast"":1.167958,""hue"":-0.096431,""saturation"":1.137268}",0.048209004,4.8366098,4.7884008,0.95293462,0.0079339072,0.0080298558,0.026456632,0.94490477,-0.018522725,-0.96342749,0.63568625,16.308905,9.129979,148.89996,False,0.76706266,False,True,False,0.63568625,16.308905,9.129979,148.89996,0.63303048,16.296187,9.0238575,147.05447,0.74466179,16.837707,1.3879887,23.370547,0.69206281,16.4677,2.1360983,35.176626,0.68969913,16.493303,4.2999781,70.920843,0.64589298,16.291763,4.6712659,76.103156,0.60555367,16.503575,4.4092562,72.768491,0.56882763,15.796895,4.1370292,65.352217
experiment_0a_best,file,16,,11332,193.Bewick_Wren/Bewick_Wren_0015_184981.jpg,193,192,193.Bewick_Wren,114,113,rotation,rotation,0,"{""angle"":-7.213928}",0.048209004,0.018393192,-0.029815812,0.95293462,0.98177493,0.0080298558,0.0024229775,0.94490477,0.97935195,0.034447182,0.75038356,0.33677358,9.129979,3.0747357,False,0.96666795,True,True,True,0.75038356,0.33677358,9.129979,3.0747357,0.74519269,0.33473635,9.0238575,3.0206131,0.94431529,0.41381175,1.3879887,0.57436605,0.42500655,0.22319084,2.1360983,0.47675758,0.74345198,0.32880586,4.2999781,1.413858,0.7488369,0.33302603,4.6712659,1.5556531,0.74375261,0.34543814,4.4092562,1.5231253,0.81005876,0.3550761,4.1370292,1.4689602
experiment_0a_best,file,16,,11332,193.Bewick_Wren/Bewick_Wren_0015_184981.jpg,193,192,193.Bewick_Wren,114,113,random_resized_crop,random_resized_crop,0,"{""area_fraction"":0.635733,""aspect"":0.980041,""fallback"":false,""height"":0.805407,""left"":0.149305,""top"":0.092773,""width"":0.789332}",0.048209004,0.033836517,-0.014372487,0.95293462,0.96672952,0.0080298558,0.010920955,0.94490477,0.95580857,0.0109038,0.71882996,0.63100719,9.129979,5.7610824,False,0.95928288,True,True,True,0.71882996,0.63100719,9.129979,5.7610824,0.7126338,0.62665316,9.0238575,5.6548288,0.94518992,0.7934894,1.3879887,1.1013543,0.47962277,0.88552639,2.1360983,1.8915714,0.70927257,0.54847389,4.2999781,2.3584257,0.74770789,0.60435255,4.6712659,2.8230915,0.70582032,0.62307895,4.4092562,2.7473148,0.78833507,0.65395207,4.1370292,2.7054188
experiment_0a_best,file,16,,11332,193.Bewick_Wren/Bewick_Wren_0015_184981.jpg,193,192,193.Bewick_Wren,114,113,gaussian_blur,gaussian_blur,0,"{""sigma"":1.141895}",0.048209004,0.4841693,0.4359603,0.95293462,0.61620885,0.0080298558,0.02302568,0.94490477,0.59318317,-0.3517216,0.68557662,8.870688,9.129979,80.989195,False,0.92756701,True,True,True,0.68557662,8.870688,9.129979,80.989195,0.68050265,8.8813395,9.0238575,80.143942,0.91311855,8.4081384,1.3879887,11.670401,0.68563091,8.6498167,2.1360983,18.476859,0.69659096,9.2596668,4.2999781,39.816364,0.6689832,9.3982352,4.6712659,43.901656,0.63724539,8.8620001,4.4092562,39.074829,0.74006768,7.8031433,4.1370292,32.281831
experiment_0a_best,file,16,,11332,193.Bewick_Wren/Bewick_Wren_0015_184981.jpg,193,192,193.Bewick_Wren,114,113,random_erasing,random_erasing,0,"{""area_fraction"":0.158113,""erased"":true,""height"":0.315036,""left"":0.181794,""top"":0.547988,""width"":0.501889}",0.048209004,0.14388819,0.095679186,0.95293462,0.86598456,0.0080298558,0.0051419642,0.94490477,0.86084259,-0.084062172,0.67698632,2.572761,9.129979,23.489254,False,0.92644858,True,True,True,0.67698632,2.572761,9.129979,23.489254,0.67211362,2.5592739,9.0238575,23.094523,0.85929824,3.0894579,1.3879887,4.2881327,0.65241727,2.1867187,2.1360983,4.6710461,0.69350324,2.1894105,4.2999781,9.4144172,0.6270141,2.6397819,4.6712659,12.331123,0.6466532,2.7392099,4.4092562,12.077878,0.75528955,2.7022376,4.1370292,11.179236
experiment_0a_best,file,16,,5359,092.Nighthawk/Nighthawk_0068_82368.jpg,92,91,092.Nighthawk,194,193,identity,identity,0,{},0.058731303,0.058731303,0,0.94296008,0.94296008,0.025015427,0.025015427,0.91794466,0.91794466,0,1,1,10.611416,10.611416,False,0.99999994,True,True,True,1,1,10.611416,10.611416,1,1,10.46562,10.46562,1,1,1.7529838,1.7529838,1,1,1.739191,1.739191,1,1,4.8971935,4.8971935,1,1,5.8773535,5.8773535,1,1,5.2660521,5.2660521,1,1,4.4997029,4.4997029
experiment_0a_best,file,16,,5359,092.Nighthawk/Nighthawk_0068_82368.jpg,92,91,092.Nighthawk,194,193,horizontal_flip,horizontal_flip,0,"{""flipped"":true}",0.058731303,0.15535992,0.096628621,0.94296008,0.856107,0.025015427,0.097394474,0.91794466,0.75871252,-0.15923213,0.56982621,3.4467462,10.611416,36.574859,False,0.94861996,True,True,True,0.56982621,3.4467462,10.611416,36.574859,0.56260616,3.4668413,10.46562,36.282644,0.93006875,2.6321504,1.7529838,4.6141171,0.14097044,3.8573702,1.739191,6.7087034,0.44967563,3.671483,4.8971935,17.979963,0.59587047,3.8497672,5.8773535,22.626443,0.61706089,3.1068885,5.2660521,16.361037,0.684602,2.8848459,4.4997029,12.98095
experiment_0a_best,file,16,,5359,092.Nighthawk/Nighthawk_0068_82368.jpg,92,91,092.Nighthawk,194,193,color_jitter,color_jitter,0,"{""brightness"":1.003955,""contrast"":1.062647,""hue"":0.087225,""saturation"":1.196495}",0.058731303,0.032661039,-0.026070263,0.94296008,0.9678666,0.025015427,0.0055198194,0.91794466,0.96234678,0.044402123,0.74675367,0.46888388,10.611416,4.975522,False,0.93117583,True,True,True,0.74675367,0.46888388,10.611416,4.975522,0.742042,0.4661934,10.46562,4.8790031,0.89879642,0.55634765,1.7529838,0.97526843,0.6689301,0.46605252,1.739191,0.81055433,0.76994746,0.42596475,4.8971935,2.0860318,0.69798582,0.45592089,5.8773535,2.6796083,0.73990954,0.4635624,5.2660521,2.4411437,0.80145818,0.52856235,4.4997029,2.3783735
experiment_0a_best,file,16,,5359,092.Nighthawk/Nighthawk_0068_82368.jpg,92,91,092.Nighthawk,194,193,rotation,rotation,0,"{""angle"":-7.413541}",0.058731303,0.12206433,0.063333027,0.94296008,0.88509142,0.025015427,0.025322866,0.91794466,0.85976856,-0.058176098,0.74792061,1.9228286,10.611416,20.403934,False,0.95516533,True,True,True,0.74792061,1.9228286,10.611416,20.403934,0.74292327,1.923643,10.46562,20.132117,0.92895995,1.8935702,1.7529838,3.3193979,0.56756401,1.8913565,1.739191,3.2894301,0.75478213,1.7703386,4.8971935,8.6696909,0.73446496,1.8335268,5.8773535,10.776285,0.7484436,2.0728243,5.2660521,10.915601,0.76841258,2.0373147,4.4997029,9.1673107
experiment_0a_best,file,16,,5359,092.Nighthawk/Nighthawk_0068_82368.jpg,92,91,092.Nighthawk,194,193,random_resized_crop,random_resized_crop,0,"{""area_fraction"":0.550048,""aspect"":1.238034,""fallback"":false,""height"":0.666552,""left"":0.096688,""top"":0.194588,""width"":0.825214}",0.058731303,1.0934988,1.0347675,0.94296008,0.33504218,0.025015427,0.20119952,0.91794466,0.13384266,-0.78410199,0.559367,12.709534,10.611416,134.86616,False,0.87111831,True,True,True,0.559367,12.709534,10.611416,134.86616,0.551631,12.724938,10.46562,133.17437,0.84878935,12.147756,1.7529838,21.294821,0.20263556,15.846958,1.739191,27.560887,0.37429233,11.923735,4.8971935,58.392837,0.60779921,13.06236,5.8773535,76.772109,0.60301952,12.88091,5.2660521,67.831541,0.65143275,12.315637,4.4997029,55.416706
experiment_0a_best,file,16,,5359,092.Nighthawk/Nighthawk_0068_82368.jpg,92,91,092.Nighthawk,194,193,gaussian_blur,gaussian_blur,0,"{""sigma"":1.929455}",0.058731303,2.2631078,2.2043765,0.94296008,0.10402669,0.025015427,0.0019869171,0.91794466,0.10203977,-0.81590488,0.35415085,17.893437,10.611416,189.87471,False,0.73408496,True,True,True,0.35415085,17.893437,10.611416,189.87471,0.34748569,17.983277,10.46562,188.20614,0.66130231,14.328,1.7529838,25.116751,0.18201708,21.547003,1.739191,37.474353,0.37521281,21.446909,4.8971935,105.02966,0.31716253,16.866347,5.8773535,99.129482,0.34092058,16.949441,5.2660521,89.256641,0.41498829,16.014313,4.4997029,72.059652
experiment_0a_best,file,16,,5359,092.Nighthawk/Nighthawk_0068_82368.jpg,92,91,092.Nighthawk,194,193,random_erasing,random_erasing,0,"{""area_fraction"":0.170171,""erased"":true,""height"":0.691518,""left"":0.476663,""top"":0.243085,""width"":0.246084}",0.058731303,0.47138351,0.41265221,0.94296008,0.62413818,0.025015427,0.021131312,0.91794466,0.60300686,-0.31493779,0.64042517,6.3129574,10.611416,66.989419,False,0.90954667,True,True,True,0.64042517,6.3129574,10.611416,66.989419,0.63476162,6.3054413,10.46562,65.990353,0.83455407,6.5752442,1.7529838,11.526297,0.59604191,7.3189701,1.739191,12.729087,0.60954364,6.4394831,4.8971935,31.535395,0.6388931,6.5520799,5.8773535,38.50889,0.62775351,5.8521048,5.2660521,30.817488,0.67933636,6.1490334,4.4997029,27.668823
experiment_0a_best,file,16,,2598,046.Gadwall/Gadwall_0017_30979.jpg,46,45,046.Gadwall,58,57,identity,identity,0,{},0.0048284596,0.0048284596,0,0.99518317,0.99518317,0.00094795949,0.00094795949,0.99423521,0.99423521,0,1,1,0.78298231,0.78298231,False,1,True,True,True,1,1,0.78298231,0.78298231,1,1,0.76874955,0.76874955,1,1,0.14861171,0.14861171,1,1,0.18852799,0.18852799,1,1,0.37424003,0.37424003,1,1,0.37445441,0.37445441,1,1,0.34683526,0.34683526,1,1,0.39353102,0.39353102
experiment_0a_best,file,16,,2598,046.Gadwall/Gadwall_0017_30979.jpg,46,45,046.Gadwall,58,57,horizontal_flip,horizontal_flip,0,"{""flipped"":true}",0.0048284596,0.026680186,0.021851727,0.99518317,0.97367257,0.00094795949,0.00039834905,0.99423521,0.97327422,-0.020960991,0.56771852,5.2748591,0.78298231,4.1301214,False,0.95428991,True,True,True,0.56771852,5.2748591,0.78298231,4.1301214,0.55525127,5.2814039,0.76874955,4.0600769,0.91376871,5.0966076,0.14861171,0.75741555,0.3349614,5.3536323,0.18852799,1.0093095,0.564284,5.2958136,0.37424003,1.9819054,0.50952966,5.4769471,0.37445441,2.050867,0.51147563,5.3620028,0.34683526,1.8597316,0.68378161,5.0008043,0.39353102,1.9679716
experiment_0a_best,file,16,,2598,046.Gadwall/Gadwall_0017_30979.jpg,46,45,046.Gadwall,58,57,color_jitter,color_jitter,0,"{""brightness"":0.608497,""contrast"":0.779492,""hue"":-0.018978,""saturation"":0.64082}",0.0048284596,0.021530235,0.016701776,0.99518317,0.97869986,0.00094795949,0.0018092493,0.99423521,0.97689061,-0.017344597,0.57054664,7.8258437,0.78298231,6.1274972,False,0.9433341,True,True,True,0.57054664,7.8258437,0.78298231,6.1274972,0.56564195,7.9137525,0.76874955,6.0836936,0.84561261,4.921313,0.14861171,0.73136472,0.032832743,6.6622868,0.18852799,1.2560275,0.53507799,10.520899,0.37424003,3.9373417,0.6171992,8.0270167,0.37445441,3.0057518,0.63702954,7.0506998,0.34683526,2.4454313,0.70392347,5.634352,0.39353102,2.2172923
experiment_0a_best,file,16,,2598,046.Gadwall/Gadwall_0017_30979.jpg,46,45,046.Gadwall,58,57,rotation,rotation,0,"{""angle"":-1.337926}",0.0048284596,0.027319416,0.022490957,0.99518317,0.97305036,0.00094795949,0.0035710474,0.99423521,0.96947931,-0.024755902,0.77119605,5.9634154,0.78298231,4.6692488,False,0.9668237,True,True,True,0.77119605,5.9634154,0.78298231,4.6692488,0.76498333,5.9839997,0.76874955,4.6001971,0.960161,5.3834561,0.14861171,0.80004459,0.63884382,6.8328459,0.18852799,1.2881827,0.70773624,5.5990393,0.37424003,2.0953846,0.75063652,6.1944464,0.37445441,2.3195378,0.78551236,6.3210491,0.34683526,2.1923627,0.85405161,5.6393162,0.39353102,2.2192458
experiment_0a_best,file,16,,2598,046.Gadwall/Gadwall_0017_30979.jpg,46,45,046.Gadwall,58,57,random_resized_crop,random_resized_crop,0,"{""area_fraction"":0.737058,""aspect"":1.325009,""fallback"":false,""height"":0.745833,""left"":0.007832,""top"":0.039155,""width"":0.988235}",0.0048284596,0.089864984,0.085036525,0.99518317,0.91405457,0.00094795949,0.0063108983,0.99423521,0.90774367,-0.086491536,0.69264678,20.481615,0.78298231,16.036742,False,0.9479416,True,True,True,0.69264678,20.481615,0.78298231,16.036742,0.68597896,20.620128,0.76874955,15.851714,0.93597053,16.344916,0.14861171,2.4290458,0.60494288,32.217508,0.18852799,6.0739019,0.74398272,20.856827,0.37424003,7.8054595,0.66706225,21.30603,0.37445441,7.9781368,0.65107341,19.580592,0.34683526,6.7912399,0.75620741,16.795807,0.39353102,6.6096712
experiment_0a_best,file,16,,2598,046.Gadwall/Gadwall_0017_30979.jpg,46,45,046.Gadwall,58,57,gaussian_blur,gaussian_blur,0,"{""sigma"":1.109984}",0.0048284596,0.71793503,0.71310657,0.99518317,0.48775843,0.00094795949,0.0079137599,0.99423521,0.47984467,-0.51439054,0.56828298,149.09505,0.78298231,116.73879,False,0.856619,True,True,True,0.56828298,149.09505,0.78298231,116.73879,0.56383625,150.77824,0.76874955,115.9107,0.82522222,93.397435,0.14861171,13.879952,0.37433829,169.49007,0.18852799,31.953622,0.58695253,165.56338,0.37424003,61.960444,0.53236648,172.64,0.37445441,64.64581,0.56567478,143.10662,0.34683526,49.634423,0.6792577,111.70722,0.39353102,43.960257
experiment_0a_best,file,16,,2598,046.Gadwall/Gadwall_0017_30979.jpg,46,45,046.Gadwall,58,57,random_erasing,random_erasing,0,"{""area_fraction"":0.068942,""erased"":true,""height"":0.158256,""left"":0.496084,""top"":0.001697,""width"":0.435637}",0.0048284596,0.018010994,0.013182535,0.99518317,0.98215026,0.00094795949,0.0017399855,0.99423521,0.98041027,-0.013824939,0.82924436,3.7963199,0.78298231,2.9724513,False,0.97837818,True,True,True,0.82924436,3.7963199,0.78298231,2.9724513,0.82440857,3.8065248,0.76874955,2.9262642,0.97208071,3.5122562,0.14861171,0.52196238,0.76864478,3.7729156,0.18852799,0.71130019,0.78883325,3.9707277,0.37424003,1.4860053,0.82012759,3.7013071,0.37445441,1.3859708,0.82035336,3.8887968,0.34683526,1.3487719,0.88089095,3.6900719,0.39353102,1.4521577
experiment_0a_best,file,16,,388,008.Rhinoceros_Auklet/Rhinoceros_Auklet_0016_2114.jpg,8,7,008.Rhinoceros_Auklet,25,24,identity,identity,0,{},1.1511379,1.1511379,0,0.31627667,0.31627667,0.19372299,0.19372299,0.12255368,0.12255368,0,1,1,114.76629,114.76629,False,0.99999994,True,True,True,1,1,114.76629,114.76629,1,1,112.92815,112.92815,1,1,20.45811,20.45811,1,1,30.131584,30.131584,1,1,60.471877,60.471877,1,1,57.419745,57.419745,1,1,50.422844,50.422844,1,1,48.461487,48.461487
experiment_0a_best,file,16,,388,008.Rhinoceros_Auklet/Rhinoceros_Auklet_0016_2114.jpg,8,7,008.Rhinoceros_Auklet,25,24,horizontal_flip,horizontal_flip,0,"{""flipped"":true}",1.1511379,0.4252269,-0.72591105,0.31627667,0.65362149,0.19372299,0.059983656,0.12255368,0.59363784,0.47108416,0.74581035,0.61413536,114.76629,70.482034,False,0.94540173,True,True,True,0.74581035,0.61413536,114.76629,70.482034,0.74157449,0.6178114,112.92815,69.768296,0.92879497,0.48905303,20.45811,10.005101,0.66104141,0.69066744,30.131584,20.810904,0.7888469,0.56264097,60.471877,34.023955,0.74999281,0.66126373,57.419745,37.969595,0.7206841,0.63440269,50.422844,31.988388,0.7296697,0.58798536,48.461487,28.494644
experiment_0a_best,file,16,,388,008.Rhinoceros_Auklet/Rhinoceros_Auklet_0016_2114.jpg,8,7,008.Rhinoceros_Auklet,25,24,color_jitter,color_jitter,0,"{""brightness"":0.610309,""contrast"":0.669512,""hue"":-0.040844,""saturation"":0.766573}",1.1511379,3.1078699,1.9567319,0.31627667,0.044696059,0.19372299,0.078224547,0.12255368,-0.033528488,-0.15608216,0.68104401,1.6560174,114.76629,190.05497,False,0.88065135,False,True,False,0.68104401,1.6560174,114.76629,190.05497,0.67780523,1.6671361,112.92815,188.26658,0.83497171,1.2714397,20.45811,26.011252,0.62794384,2.4445104,30.131584,73.65697,0.72975532,1.6126073,60.471877,97.51739,0.67541432,1.5286087,57.419745,87.772322,0.67178903,1.6130889,50.422844,81.336532,0.66995263,1.6234473,48.461487,78.674672
experiment_0a_best,file,16,,388,008.Rhinoceros_Auklet/Rhinoceros_Auklet_0016_2114.jpg,8,7,008.Rhinoceros_Auklet,25,24,rotation,rotation,0,"{""angle"":-11.804865}",1.1511379,1.4596404,0.30850244,0.31627667,0.23231979,0.19372299,0.45783773,0.12255368,-0.22551794,-0.34807162,0.80114,1.7377845,114.76629,199.43908,False,0.91434538,False,True,False,0.80114,1.7377845,114.76629,199.43908,0.80042577,1.7512131,112.92815,197.76124,0.87372049,1.2618669,20.45811,25.815411,0.86727684,2.2110506,30.131584,66.622455,0.86157905,1.795042,60.471877,108.54956,0.81249473,1.8436261,57.419745,105.86054,0.75302113,1.6771917,50.422844,84.568775,0.71419719,1.3887823,48.461487,67.302454
experiment_0a_best,file,16,,388,008.Rhinoceros_Auklet/Rhinoceros_Auklet_0016_2114.jpg,8,7,008.Rhinoceros_Auklet,25,24,random_resized_crop,random_resized_crop,0,"{""area_fraction"":0.581922,""aspect"":1.243993,""fallback"":false,""height"":0.683949,""left"":0.040722,""top"":0.109411,""width"":0.850827}",1.1511379,1.810153,0.65901506,0.31627667,0.1636291,0.19372299,0.032854468,0.12255368,0.13077463,0.0082209557,0.6656767,1.3555675,114.76629,155.57345,False,0.85131633,False,True,False,0.6656767,1.3555675,114.76629,155.57345,0.66118314,1.3567781,112.92815,153.21843,0.80687727,1.3181486,20.45811,26.966828,0.7856164,1.69547,30.131584,51.087196,0.70158163,1.3074215,60.471877,79.062232,0.62395013,1.3239862,57.419745,76.02295,0.62485347,1.379242,50.422844,69.545306,0.64013571,1.3049233,48.461487,63.238525
experiment_0a_best,file,16,,388,008.Rhinoceros_Auklet/Rhinoceros_Auklet_0016_2114.jpg,8,7,008.Rhinoceros_Auklet,25,24,gaussian_blur,gaussian_blur,0,"{""sigma"":1.527974}",1.1511379,2.4596086,1.3084706,0.31627667,0.085468419,0.19372299,0.0082625393,0.12255368,0.07720588,-0.045347797,0.60520735,1.6392117,114.76629,188.12624,False,0.86122668,False,True,False,0.60520735,1.6392117,114.76629,188.12624,0.60079228,1.6499693,112.92815,186.32797,0.80072618,1.2684138,20.45811,25.949348,0.73178867,1.8250109,30.131584,54.99047,0.64541981,1.422529,60.471877,86.022997,0.53610057,1.7825318,57.419745,102.35252,0.58264256,1.7826701,50.422844,89.887296,0.62113487,1.5631483,48.461487,75.752491
experiment_0a_best,file,16,,388,008.Rhinoceros_Auklet/Rhinoceros_Auklet_0016_2114.jpg,8,7,008.Rhinoceros_Auklet,25,24,random_erasing,random_erasing,0,"{""area_fraction"":0.074026,""erased"":true,""height"":0.223687,""left"":0.330107,""top"":0.273183,""width"":0.330936}",1.1511379,1.0935018,-0.057636142,0.31627667,0.33504117,0.19372299,0.13487726,0.12255368,0.2001639,0.077610224,0.86575962,0.96737164,114.76629,111.02165,False,0.95813239,True,True,True,0.86575962,0.96737164,114.76629,111.02165,0.8629508,0.96656155,112.92815,109.152,0.9494489,0.99173779,20.45811,20.289081,0.89012101,1.0165078,30.131584,30.628989,0.90172745,0.92744515,60.471877,56.084348,0.86517953,0.95784122,57.419745,54.998998,0.82509797,0.97916375,50.422844,49.372221,0.83576599,1.0041534,48.461487,48.662767
experiment_0a_best,file,16,,7936,136.Barn_Swallow/Barn_Swallow_0094_132154.jpg,136,135,136.Barn_Swallow,137,136,identity,identity,0,{},0.074637443,0.074637443,0,0.9280799,0.9280799,0.064158119,0.064158119,0.86392178,0.86392178,0,1,1,12.527708,12.527708,False,1,True,True,True,1,1,12.527708,12.527708,1,1,12.153757,12.153757,1,1,3.0380336,3.0380336,1,1,2.8229717,2.8229717,1,1,6.4400246,6.4400246,1,1,6.2818202,6.2818202,1,1,5.3468994,5.3468994,1,1,5.4972843,5.4972843
experiment_0a_best,file,16,,7936,136.Barn_Swallow/Barn_Swallow_0094_132154.jpg,136,135,136.Barn_Swallow,137,136,horizontal_flip,horizontal_flip,0,"{""flipped"":true}",0.074637443,0.036213115,-0.038424328,0.9280799,0.96443474,0.064158119,0.022985727,0.86392178,0.94144902,0.077527232,0.64898104,0.37789247,12.527708,4.7341266,False,0.97274828,True,True,True,0.64898104,0.37789247,12.527708,4.7341266,0.62763669,0.3751441,12.153757,4.5594104,0.95829076,0.41943476,3.0380336,1.2742569,0.61488066,0.3864866,2.8229717,1.0910407,0.61059031,0.30409573,6.4400246,1.958384,0.6657655,0.36035859,6.2818202,2.2637079,0.54904174,0.4068033,5.3468994,2.1751363,0.6984945,0.44211483,5.4972843,2.4304309
experiment_0a_best,file,16,,7936,136.Barn_Swallow/Barn_Swallow_0094_132154.jpg,136,135,136.Barn_Swallow,137,136,color_jitter,color_jitter,0,"{""brightness"":0.914389,""contrast"":1.101688,""hue"":0.053389,""saturation"":0.624214}",0.074637443,1.6483769,1.5737395,0.9280799,0.19236186,0.064158119,0.42381528,0.86392178,-0.23145342,-1.0953752,0.69002677,16.530627,12.527708,207.09087,False,0.89482594,False,True,False,0.69002677,16.530627,12.527708,207.09087,0.68866026,16.862723,12.153757,204.94544,0.82846934,9.7866125,3.0380336,29.732058,0.54301993,19.388419,2.8229717,54.732959,0.74382417,19.327432,6.4400246,124.46914,0.69349378,16.198934,6.2818202,101.75879,0.66218354,16.271059,5.3468994,86.999714,0.69064788,13.601281,5.4972843,74.770109
experiment_0a_best,file,16,,7936,136.Barn_Swallow/Barn_Swallow_0094_132154.jpg,136,135,136.Barn_Swallow,137,136,rotation,rotation,0,"{""angle"":-11.492894}",0.074637443,0.021081069,-0.053556373,0.9280799,0.97913957,0.064158119,0.0066363188,0.86392178,0.97250325,0.10858146,0.49466372,0.27834677,12.527708,3.4870471,False,0.9544974,True,True,True,0.49466372,0.27834677,12.527708,3.4870471,0.47623576,0.2809482,12.153757,3.4145763,0.8589377,0.23279012,3.0380336,0.7072242,0.64879551,0.32526031,2.8229717,0.91820066,0.33045716,0.25811626,6.4400246,1.6622751,0.5097379,0.28283067,6.2818202,1.7766914,0.47541745,0.29879978,5.3468994,1.5976524,0.56961936,0.27850078,5.4972843,1.530998
experiment_0a_best,file,16,,7936,136.Barn_Swallow/Barn_Swallow_0094_132154.jpg,136,135,136.Barn_Swallow,137,136,random_resized_crop,random_resized_crop,0,"{""area_fraction"":0.779965,""aspect"":0.935105,""fallback"":false,""height"":0.913287,""left"":0.009509,""top"":0.026543,""width"":0.854019}",0.074637443,0.024972139,-0.049665304,0.9280799,0.97533709,0.064158119,0.006158975,0.86392178,0.96917811,0.10525633,0.40363369,0.37244961,12.527708,4.66594,False,0.96680105,True,True,True,0.40363369,0.37244961,12.527708,4.66594,0.38562601,0.37694199,12.153757,4.5812615,0.78945948,0.29127233,3.0380336,0.88489513,0.55797002,0.45876385,2.8229717,1.2950774,0.19926914,0.38056113,6.4400246,2.450823,0.49787833,0.35301121,6.2818202,2.2175529,0.3671484,0.38576986,5.3468994,2.0626726,0.47443481,0.36977196,5.4972843,2.0327416
experiment_0a_best,file,16,,7936,136.Barn_Swallow/Barn_Swallow_0094_132154.jpg,136,135,136.Barn_Swallow,137,136,gaussian_blur,gaussian_blur,0,"{""sigma"":1.564613}",0.074637443,0.24193494,0.1672975,0.9280799,0.78510725,0.064158119,0.15304469,0.86392178,0.63206257,-0.23185921,0.53557414,3.4129417,12.527708,42.756337,False,0.87498313,True,True,True,0.53557414,3.4129417,12.527708,42.756337,0.52135102,3.4599819,12.153757,42.051781,0.86947222,2.5443909,3.0380336,7.729945,0.43511128,4.1381761,2.8229717,11.681954,0.53205592,3.2453303,6.4400246,20.900007,0.5134651,3.8497423,6.2818202,24.183389,0.47386524,3.4074477,5.3468994,18.21928,0.61421991,3.0346239,5.4972843,16.68219
experiment_0a_best,file,16,,7936,136.Barn_Swallow/Barn_Swallow_0094_132154.jpg,136,135,136.Barn_Swallow,137,136,random_erasing,random_erasing,0,"{""area_fraction"":0.161532,""erased"":true,""height"":0.705967,""left"":0.353031,""top"":0.224552,""width"":0.22881}",0.074637443,0.19220138,0.11756393,0.9280799,0.82514071,0.064158119,0.16184522,0.86392178,0.66329549,-0.20062629,0.78006193,2.9020239,12.527708,36.355708,False,0.94432998,True,True,True,0.78006193,2.9020239,12.527708,36.355708,0.77101355,2.9178028,12.153757,35.462268,0.94410698,2.6366762,3.0380336,8.0103109,0.79893807,2.5794841,2.8229717,7.2818106,0.84960242,3.1568235,6.4400246,20.330021,0.76504109,2.7499114,6.2818202,17.274449,0.69027007,2.8025165,5.3468994,14.984774,0.73658615,2.9795614,5.4972843,16.379496
experiment_0a_best,file,16,,9947,169.Magnolia_Warbler/Magnolia_Warbler_0102_165884.jpg,169,168,169.Magnolia_Warbler,176,175,identity,identity,0,{},0.0021573859,0.0021573859,0,0.99784493,0.99784493,0.00098785548,0.00098785548,0.99685708,0.99685708,0,1,1,0.31087904,0.31087904,False,1,True,True,True,1,1,0.31087904,0.31087904,1,1,0.30207996,0.30207996,1,1,0.073440282,0.073440282,1,1,0.051951416,0.051951416,1,1,0.11723793,0.11723793,1,1,0.13765945,0.13765945,1,1,0.16311719,0.16311719,1,1,0.17103004,0.17103004
experiment_0a_best,file,16,,9947,169.Magnolia_Warbler/Magnolia_Warbler_0102_165884.jpg,169,168,169.Magnolia_Warbler,176,175,horizontal_flip,horizontal_flip,0,"{""flipped"":true}",0.0021573859,0.0035603961,0.0014030102,0.99784493,0.99644595,0.00098785548,0.0014675637,0.99685708,0.99497839,-0.0018786888,0.69143842,1.5345899,0.31087904,0.47707182,False,0.98926103,True,True,True,0.69143842,1.5345899,0.31087904,0.47707182,0.67386021,1.5343938,0.30207996,0.46350961,0.98816755,1.5379037,0.073440282,0.11294408,0.57199259,1.3582153,0.051951416,0.070561207,0.55543568,1.1999463,0.11723793,0.14067922,0.50579353,1.5167907,0.13765945,0.20880058,0.68123054,1.604542,0.16311719,0.26172839,0.82652283,1.6326665,0.17103004,0.27923503
experiment_0a_best,file,16,,9947,169.Magnolia_Warbler/Magnolia_Warbler_0102_165884.jpg,169,168,169.Magnolia_Warbler,176,175,color_jitter,color_jitter,0,"{""brightness"":0.848225,""contrast"":1.207927,""hue"":0.017482,""saturation"":1.193324}",0.0021573859,0.0052971956,0.0031398097,0.99784493,0.99471682,0.00098785548,0.0031373249,0.99685708,0.9915795,-0.0052775808,0.9374454,2.5391284,0.31087904,0.78936179,False,0.99519026,True,True,True,0.9374454,2.5391284,0.31087904,0.78936179,0.93472603,2.544174,0.30207996,0.76854397,0.98578191,2.4521888,0.073440282,0.18008944,0.88623643,2.8526989,0.051951416,0.14820175,0.89289507,2.3715567,0.11723793,0.2780364,0.92851707,2.6397093,0.13765945,0.36338093,0.9452277,2.5732444,0.16311719,0.41974041,0.95516648,2.5023486,0.17103004,0.42797678
experiment_0a_best,file,16,,9947,169.Magnolia_Warbler/Magnolia_Warbler_0102_165884.jpg,169,168,169.Magnolia_Warbler,176,175,rotation,rotation,0,"{""angle"":14.239524}",0.0021573859,0.00054475723,-0.0016126287,0.99784493,0.99945539,0.00098785548,0.00023407895,0.99685708,0.99922131,0.0023642344,0.77882574,0.22906529,0.31087904,0.071211597,False,0.97832263,True,True,True,0.77882574,0.22906529,0.31087904,0.071211597,0.76609635,0.22744438,0.30207996,0.068706387,0.97573093,0.25493206,0.073440282,0.018722283,0.73807536,0.1998758,0.051951416,0.010383831,0.69746189,0.18620388,0.11723793,0.021830157,0.70965408,0.20885912,0.13765945,0.028751433,0.76013662,0.23074294,0.16311719,0.037638141,0.83878032,0.25438586,0.17103004,0.043507624
experiment_0a_best,file,16,,9947,169.Magnolia_Warbler/Magnolia_Warbler_0102_165884.jpg,169,168,169.Magnolia_Warbler,176,175,random_resized_crop,random_resized_crop,0,"{""area_fraction"":0.668119,""aspect"":0.888958,""fallback"":false,""height"":0.866935,""left"":0.156795,""top"":0.007974,""width"":0.770669}",0.0021573859,0.0015768487,-0.00058053725,0.99784493,0.99842441,0.00098785548,0.00043817968,0.99685708,0.99798623,0.0011291522,0.77800068,0.8100663,0.31087904,0.25183263,False,0.98148954,True,True,True,0.77800068,0.8100663,0.31087904,0.25183263,0.76847988,0.8141319,0.30207996,0.24593293,0.95929845,0.7378925,0.073440282,0.054191034,0.75893164,1.0556045,0.051951416,0.05484015,0.80027789,0.80425174,0.11723793,0.094288808,0.70335264,0.80778689,0.13765945,0.1111995,0.74124332,0.82334902,0.16311719,0.13430238,0.82722437,0.788419,0.17103004,0.13484333
experiment_0a_best,file,16,,9947,169.Magnolia_Warbler/Magnolia_Warbler_0102_165884.jpg,169,168,169.Magnolia_Warbler,176,175,gaussian_blur,gaussian_blur,0,"{""sigma"":1.098606}",0.0021573859,0.045440525,0.043283139,0.99784493,0.95557642,0.00098785548,0.033676218,0.99685708,0.9219002,-0.074956877,0.61264822,33.38005,0.31087904,10.377158,False,0.94377571,True,True,True,0.61264822,33.38005,0.31087904,10.377158,0.60346945,33.948077,0.30207996,10.255034,0.91765532,21.614213,0.073440282,1.5873539,0.28791374,56.036598,0.051951416,2.9111806,0.50487483,37.124561,0.11723793,4.3524066,0.59459858,39.876164,0.13765945,5.4893309,0.66907487,33.77012,0.16311719,5.5084872,0.72848615,24.298965,0.17103004,4.155853
experiment_0a_best,file,16,,9947,169.Magnolia_Warbler/Magnolia_Warbler_0102_165884.jpg,169,168,169.Magnolia_Warbler,176,175,random_erasing,random_erasing,0,"{""area_fraction"":0.138465,""erased"":true,""height"":0.418604,""left"":0.42851,""top"":0.159823,""width"":0.330777}",0.0021573859,3.8514972,3.8493398,0.99784493,0.021247901,0.00098785548,0.0014903427,0.99685708,0.019757558,-0.97709952,0.17585989,635.12754,0.31087904,197.44784,False,0.66059327,False,True,False,0.17585989,635.12754,0.31087904,197.44784,0.16434947,646.74086,0.30207996,195.36745,0.52174041,389.25292,0.073440282,28.586845,0.3169267,671.47673,0.051951416,34.884167,0.19652887,694.05406,0.11723793,81.369461,0.081889198,800.7139,0.13765945,110.22584,0.1613457,623.97479,0.16311719,101.78102,0.22008396,517.09563,0.17103004,88.438886
experiment_0a_best,file,16,,5267,091.Mockingbird/Mockingbird_0096_79878.jpg,91,90,091.Mockingbird,102,101,identity,identity,0,{},0.1915988,0.1915988,0,0.82563806,0.82563806,0.053450037,0.053450037,0.77218802,0.77218802,0,1,1,27.095137,27.095137,False,1,True,True,True,1,1,27.095137,27.095137,1,1,26.540879,26.540879,1,1,5.4523579,5.4523579,1,1,7.0008491,7.0008491,1,1,10.738657,10.738657,1,1,14.048956,14.048956,1,1,13.328426,13.328426,1,1,12.847859,12.847859
experiment_0a_best,file,16,,5267,091.Mockingbird/Mockingbird_0096_79878.jpg,91,90,091.Mockingbird,102,101,horizontal_flip,horizontal_flip,0,"{""flipped"":true}",0.1915988,0.63816774,0.44656894,0.82563806,0.52825946,0.053450037,0.056458306,0.77218802,0.47180115,-0.30038687,0.60997433,2.2529182,27.095137,61.043127,False,0.96311975,True,True,True,0.60997433,2.2529182,27.095137,61.043127,0.59551279,2.2468329,26.540879,59.632919,0.93292279,2.3925871,5.4523579,13.045241,0.66924181,1.8361294,7.0008491,12.854465,0.4354657,2.1829784,10.738657,23.442257,0.57632942,2.058802,14.048956,28.924019,0.59283048,2.3291602,13.328426,31.044041,0.70728321,2.5112492,12.847859,32.264176
experiment_0a_best,file,16,,5267,091.Mockingbird/Mockingbird_0096_79878.jpg,91,90,091.Mockingbird,102,101,color_jitter,color_jitter,0,"{""brightness"":1.134433,""contrast"":0.663395,""hue"":-0.048728,""saturation"":0.602842}",0.1915988,0.42971438,0.23811558,0.82563806,0.65069491,0.053450037,0.090243079,0.77218802,0.56045183,-0.21173619,0.83724131,2.1602734,27.095137,58.532904,False,0.95471328,True,True,True,0.83724131,2.1602734,27.095137,58.532904,0.83305524,2.1647416,26.540879,57.454145,0.94306513,2.051553,5.4523579,11.185802,0.87038271,2.3795952,7.0008491,16.659187,0.81544638,2.2105771,10.738657,23.73863,0.83436601,2.0683132,14.048956,29.057642,0.82194493,2.1836103,13.328426,29.104088,0.84641657,2.1577471,12.847859,27.72243
experiment_0a_best,file,16,,5267,091.Mockingbird/Mockingbird_0096_79878.jpg,91,90,091.Mockingbird,102,101,rotation,rotation,0,"{""angle"":-0.795145}",0.1915988,0.42551842,0.23391962,0.82563806,0.65343094,0.053450037,0.058918606,0.77218802,0.59451233,-0.17767569,0.87600525,1.9878352,27.095137,53.860667,False,0.98532528,True,True,True,0.87600525,1.9878352,27.095137,53.860667,0.87237701,1.9951197,26.540879,52.95223,0.97510288,1.8066535,5.4523579,9.8505213,0.91299121,2.1340814,7.0008491,14.940382,0.84960497,1.9984534,10.738657,21.460707,0.85617647,1.9482715,14.048956,27.371181,0.87312688,2.0348677,13.328426,27.121585,0.89510771,1.961972,12.847859,25.207139
experiment_0a_best,file,16,,5267,091.Mockingbird/Mockingbird_0096_79878.jpg,91,90,091.Mockingbird,102,101,random_resized_crop,random_resized_crop,0,"{""area_fraction"":0.817071,""aspect"":0.980977,""fallback"":false,""height"":0.912642,""left"":0.067384,""top"":0.067646,""width"":0.895281}",0.1915988,0.25135875,0.059759945,0.82563806,0.77774334,0.053450037,0.035486758,0.77218802,0.74225658,-0.029931437,0.76089718,1.3696734,27.095137,37.111489,False,0.97036624,True,True,True,0.76089718,1.3696734,27.095137,37.111489,0.75458003,1.3789768,26.540879,36.599256,0.95907787,1.1269762,5.4523579,6.1446776,0.86851497,1.4068309,7.0008491,9.8490108,0.74341524,1.4977014,10.738657,16.083302,0.73252879,1.3580411,14.048956,19.07906,0.73647245,1.3849791,13.328426,18.459592,0.77880225,1.3002302,12.847859,16.705174
experiment_0a_best,file,16,,5267,091.Mockingbird/Mockingbird_0096_79878.jpg,91,90,091.Mockingbird,102,101,gaussian_blur,gaussian_blur,0,"{""sigma"":1.467799}",0.1915988,2.0732892,1.8816904,0.82563806,0.12577143,0.053450037,0.088955447,0.77218802,0.036815986,-0.73537203,0.4936287,5.2352637,27.095137,141.85019,False,0.82171708,True,True,True,0.4936287,5.2352637,27.095137,141.85019,0.48444455,5.2788769,26.540879,140.10603,0.79241649,4.0672321,5.4523579,22.176005,0.58820385,4.9340158,7.0008491,34.5423,0.41827924,6.3511346,10.738657,68.202658,0.37024719,4.8147704,14.048956,67.642499,0.53284025,5.2483081,13.328426,69.951688,0.59733249,5.1135095,12.847859,65.697648
experiment_0a_best,file,16,,5267,091.Mockingbird/Mockingbird_0096_79878.jpg,91,90,091.Mockingbird,102,101,random_erasing,random_erasing,0,"{""area_fraction"":0.114908,""erased"":true,""height"":0.522254,""left"":0.217847,""top"":0.219818,""width"":0.220022}",0.1915988,2.9784062,2.7868074,0.82563806,0.050873853,0.053450037,0.020884458,0.77218802,0.029989395,-0.74219862,0.69132478,5.2328223,27.095137,141.78404,False,0.87819099,False,True,False,0.69132478,5.2328223,27.095137,141.78404,0.68673675,5.2610761,26.540879,139.63358,0.82597851,4.5118675,5.4523579,24.600316,0.7770209,3.3869379,7.0008491,23.711441,0.72730726,4.9576943,10.738657,53.238981,0.68260052,5.1351314,14.048956,72.143236,0.67381169,5.5301153,13.328426,73.707734,0.68072169,5.7531052,12.847859,73.915084
experiment_0a_best,file,16,,9223,157.Yellow_throated_Vireo/Yellow_Throated_Vireo_0070_159602.jpg,157,156,157.Yellow_throated_Vireo,175,174,identity,identity,0,{},0.11751819,0.11751819,0,0.88912433,0.88912433,0.050411489,0.050411489,0.83871284,0.83871284,0,1,1,18.692739,18.692739,False,0.99999988,True,True,True,1,1,18.692739,18.692739,1,1,18.398245,18.398245,1,1,3.305006,3.305006,1,1,4.5334974,4.5334974,1,1,7.7434096,7.7434096,1,1,10.905677,10.905677,1,1,8.9167789,8.9167789,1,1,7.7161959,7.7161959
experiment_0a_best,file,16,,9223,157.Yellow_throated_Vireo/Yellow_Throated_Vireo_0070_159602.jpg,157,156,157.Yellow_throated_Vireo,175,174,horizontal_flip,horizontal_flip,0,"{""flipped"":true}",0.11751819,0.36451161,0.24699342,0.88912433,0.69453579,0.050411489,0.077610634,0.83871284,0.61692516,-0.22178769,0.49860795,2.5075174,18.692739,46.872368,False,0.9307875,True,True,True,0.49860795,2.5075174,18.692739,46.872368,0.48578587,2.5065512,18.398245,46.116143,0.89117611,2.5372764,3.305006,8.3857136,0.38295385,2.1582115,4.5334974,9.7842462,0.41936389,2.5584978,7.7434096,19.811497,0.43340098,2.1470645,10.905677,23.415192,0.53179944,2.7155705,8.9167789,24.214142,0.60824826,2.9090994,7.7161959,22.447181
experiment_0a_best,file,16,,9223,157.Yellow_throated_Vireo/Yellow_Throated_Vireo_0070_159602.jpg,157,156,157.Yellow_throated_Vireo,175,174,color_jitter,color_jitter,0,"{""brightness"":1.170761,""contrast"":1.001684,""hue"":-0.003639,""saturation"":0.604719}",0.11751819,0.29949364,0.18197545,0.88912433,0.74119341,0.050411489,0.015057137,0.83871284,0.72613628,-0.11257657,0.68441447,2.7106875,18.692739,50.670172,False,0.95160186,True,True,True,0.68441447,2.7106875,18.692739,50.670172,0.68035026,2.7292696,18.398245,50.21377,0.8790845,2.0531126,3.305006,6.7855493,0.59081432,2.6201844,4.5334974,11.878599,0.55123017,3.0127717,7.7434096,23.329126,0.6995002,2.6886344,10.905677,29.321379,0.71062659,2.6061232,8.9167789,23.238225,0.78308974,2.7070537,7.7161959,20.888156
experiment_0a_best,file,16,,9223,157.Yellow_throated_Vireo/Yellow_Throated_Vireo_0070_159602.jpg,157,156,157.Yellow_throated_Vireo,175,174,rotation,rotation,0,"{""angle"":13.370073}",0.11751819,0.06572631,-0.051791884,0.88912433,0.93638712,0.050411489,0.020292249,0.83871284,0.91609487,0.077382028,0.72956312,0.57636971,18.692739,10.773928,False,0.95801175,True,True,True,0.72956312,0.57636971,18.692739,10.773928,0.72257361,0.57609175,18.398245,10.599077,0.94297475,0.58491801,3.305006,1.9331575,0.67720234,0.52554261,4.5334974,2.382546,0.69248019,0.5689137,7.7434096,4.4053318,0.75091226,0.5616295,10.905677,6.1249501,0.69764271,0.60088542,8.9167789,5.3579624,0.74824247,0.5943737,7.7161959,4.5863039
experiment_0a_best,file,16,,9223,157.Yellow_throated_Vireo/Yellow_Throated_Vireo_0070_159602.jpg,157,156,157.Yellow_throated_Vireo,175,174,random_resized_crop,random_resized_crop,0,"{""area_fraction"":0.763465,""aspect"":1.242127,""fallback"":false,""height"":0.783992,""left"":0.003756,""top"":0.088913,""width"":0.973818}",0.11751819,0.49980921,0.38229101,0.88912433,0.60664642,0.050411489,0.049420889,0.83871284,0.55722553,-0.28148732,0.72640313,4.4280633,18.692739,82.772631,False,0.95461607,True,True,True,0.72640313,4.4280633,18.692739,82.772631,0.72387053,4.4678855,18.398245,82.201251,0.90916462,2.9376344,3.305006,9.7088992,0.47306304,3.8575757,4.5334974,17.488309,0.58503348,5.3386365,7.7434096,41.339249,0.80887506,4.549433,10.905677,49.614648,0.76322211,4.167401,8.9167789,37.159793,0.77514208,3.8875107,7.7161959,29.996794
experiment_0a_best,file,16,,9223,157.Yellow_throated_Vireo/Yellow_Throated_Vireo_0070_159602.jpg,157,156,157.Yellow_throated_Vireo,175,174,gaussian_blur,gaussian_blur,0,"{""sigma"":1.1772}",0.11751819,0.91349828,0.79598009,0.88912433,0.40111855,0.050411489,0.15383746,0.83871284,0.24728109,-0.59143176,0.61482717,6.5209099,18.692739,121.89366,False,0.91689974,True,True,True,0.61482717,6.5209099,18.692739,121.89366,0.60845461,6.5648119,18.398245,120.78102,0.89889684,4.971858,3.305006,16.43202,0.43244389,7.3827219,4.5334974,33.46955,0.40959534,7.6162239,7.7434096,58.975542,0.6816872,6.583127,10.905677,71.793459,0.67221673,6.1172573,8.9167789,54.546231,0.71736168,5.5894515,7.7161959,43.129303
experiment_0a_best,file,16,,9223,157.Yellow_throated_Vireo/Yellow_Throated_Vireo_0070_159602.jpg,157,156,157.Yellow_throated_Vireo,175,174,random_erasing,random_erasing,0,"{""area_fraction"":0.068049,""erased"":true,""height"":0.410622,""left"":0.254088,""top"":0.46882,""width"":0.165721}",0.11751819,0.046471365,-0.071046829,0.88912433,0.95459187,0.050411489,0.018088738,0.83871284,0.93650313,0.097790288,0.84305522,0.42875021,18.692739,8.0145157,False,0.97617435,True,True,True,0.84305522,0.42875021,18.692739,8.0145157,0.83895395,0.42891554,18.398245,7.8912931,0.97180961,0.4235949,3.305006,1.3999837,0.87530699,0.42186626,4.5334974,1.9125296,0.7945346,0.46327002,7.7434096,3.5872896,0.84379417,0.38855168,10.905677,4.2374193,0.8426935,0.44200785,8.9167789,3.9412863,0.8712496,0.45371416,7.7161959,3.5009473
experiment_0a_best,file,16,,10306,175.Pine_Warbler/Pine_Warbler_0041_171477.jpg,175,174,175.Pine_Warbler,157,156,identity,identity,0,{},0.064165227,0.064165227,0,0.93785,0.93785,0.011865669,0.011865669,0.92598433,0.92598433,0,1,1,12.971777,12.971777,False,0.99999994,True,True,True,1,1,12.971777,12.971777,1,1,12.83868,12.83868,1,1,1.8534577,1.8534577,1,1,3.2796352,3.2796352,1,1,5.7919092,5.7919092,1,1,6.5936522,6.5936522,1,1,6.5067256,6.5067256,1,1,5.8920072,5.8920072
experiment_0a_best,file,16,,10306,175.Pine_Warbler/Pine_Warbler_0041_171477.jpg,175,174,175.Pine_Warbler,157,156,horizontal_flip,horizontal_flip,0,"{""flipped"":true}",0.064165227,0.038599562,-0.025565665,0.93785,0.96213591,0.011865669,0.011020292,0.92598433,0.95111562,0.02513129,0.69943902,0.51040707,12.971777,6.6208868,False,0.95187527,True,True,True,0.69943902,0.51040707,12.971777,6.6208868,0.69368386,0.50832678,12.83868,6.5262447,0.94243014,0.60183146,1.8534577,1.1154692,0.66440953,0.43952063,3.2796352,1.4414673,0.68832054,0.50610657,5.7919092,2.9313233,0.67490508,0.50780416,6.5936522,3.348284,0.65300542,0.49953747,6.5067256,3.2503532,0.77713336,0.54059902,5.8920072,3.1852133
experiment_0a_best,file,16,,10306,175.Pine_Warbler/Pine_Warbler_0041_171477.jpg,175,174,175.Pine_Warbler,157,156,color_jitter,color_jitter,0,"{""brightness"":0.78944,""contrast"":0.882009,""hue"":-0.035932,""saturation"":0.656521}",0.064165227,3.0063324,2.9421672,0.93785,0.049472805,0.011865669,0.002820309,0.92598433,0.046652496,-0.87933183,0.46746442,16.937849,12.971777,219.714,False,0.8015148,False,True,False,0.46746442,16.937849,12.971777,219.714,0.46193718,16.971868,12.83868,217.89638,0.76600396,15.216423,1.8534577,28.202996,0.40680661,17.124906,3.2796352,56.163445,0.2950137,21.13025,5.7919092,122.38449,0.47484714,18.12199,6.5936522,119.4901,0.57215702,14.214406,6.5067256,92.489242,0.60934049,13.698523,5.8920072,80.711798
experiment_0a_best,file,16,,10306,175.Pine_Warbler/Pine_Warbler_0041_171477.jpg,175,174,175.Pine_Warbler,157,156,rotation,rotation,0,"{""angle"":-4.429966}",0.064165227,0.21151741,0.14735218,0.93785,0.8093552,0.011865669,0.031180566,0.92598433,0.77817463,-0.1478097,0.85782953,3.1504417,12.971777,40.866827,False,0.96727085,True,True,True,0.85782953,3.1504417,12.971777,40.866827,0.85582019,3.1525669,12.83868,40.474797,0.95808035,3.0467268,1.8534577,5.6469795,0.90074161,3.5607116,3.2796352,11.677835,0.83238353,3.1506447,5.7919092,18.248248,0.83967574,3.1886903,6.5936522,21.025115,0.85766605,3.1066861,6.5067256,20.214354,0.88521118,3.0273437,5.8920072,17.837131
experiment_0a_best,file,16,,10306,175.Pine_Warbler/Pine_Warbler_0041_171477.jpg,175,174,175.Pine_Warbler,157,156,random_resized_crop,random_resized_crop,0,"{""area_fraction"":0.510528,""aspect"":1.298555,""fallback"":false,""height"":0.627017,""left"":0.177887,""top"":0.324121,""width"":0.814216}",0.064165227,0.42071119,0.35654596,0.93785,0.65657967,0.011865669,0.12529984,0.92598433,0.53127983,-0.3947045,0.62106765,6.0549147,12.971777,78.543004,False,0.87796354,True,True,True,0.62106765,6.0549147,12.971777,78.543004,0.61599528,6.0462843,12.83868,77.626307,0.85032449,6.4554735,1.8534577,11.964947,0.79607801,6.2822538,3.2796352,20.603501,0.64413454,6.8731834,5.7919092,39.808854,0.55078303,6.1259827,6.5936522,40.392599,0.61238468,5.5985821,6.5067256,36.428437,0.62487429,5.5205179,5.8920072,32.526932
experiment_0a_best,file,16,,10306,175.Pine_Warbler/Pine_Warbler_0041_171477.jpg,175,174,175.Pine_Warbler,157,156,gaussian_blur,gaussian_blur,0,"{""sigma"":1.656528}",0.064165227,0.17323644,0.10907122,0.93785,0.84093875,0.011865669,0.070000015,0.92598433,0.77093873,-0.1550456,0.53918665,2.8340849,12.971777,36.763118,False,0.89548755,True,True,True,0.53918665,2.8340849,12.971777,36.763118,0.53202611,2.8309974,12.83868,36.346268,0.86642996,2.9784729,1.8534577,5.5204736,0.6897206,3.0313655,3.2796352,9.941773,0.46072681,3.1242849,5.7919092,18.095574,0.45931427,2.9057943,6.5936522,19.159797,0.5527704,2.6790482,6.5067256,17.431831,0.64398689,2.5390012,5.8920072,14.959813
experiment_0a_best,file,16,,10306,175.Pine_Warbler/Pine_Warbler_0041_171477.jpg,175,174,175.Pine_Warbler,157,156,random_erasing,random_erasing,0,"{""area_fraction"":0.122362,""erased"":true,""height"":0.555628,""left"":0.051117,""top"":0.280895,""width"":0.220223}",0.064165227,0.037471469,-0.026693758,0.93785,0.96322191,0.011865669,0.0046862075,0.92598433,0.9585357,0.032551371,0.76060931,0.59071659,12.971777,7.662644,False,0.96065784,True,True,True,0.76060931,0.59071659,12.971777,7.662644,0.75761729,0.58873221,12.83868,7.5585442,0.89265103,0.67915117,1.8534577,1.258778,0.59148654,0.5544408,3.2796352,1.8183636,0.74808375,0.55282075,5.7919092,3.2018876,0.73390387,0.56785541,6.5936522,3.7442411,0.77973105,0.61380733,6.5067256,3.9938759,0.81626958,0.62596332,5.8920072,3.6881804
experiment_0a_best,file,16,,4853,084.Red_legged_Kittiwake/Red_Legged_Kittiwake_0001_795394.jpg,84,83,084.Red_legged_Kittiwake,63,62,identity,identity,0,{},0.25169986,0.25169986,0,0.77747804,0.77747804,0.12703975,0.12703975,0.65043829,0.65043829,0,1,1,47.196979,47.196979,False,1,True,True,True,1,1,47.196979,47.196979,1,1,46.597682,46.597682,1,1,7.4973903,7.4973903,1,1,9.7260425,9.7260425,1,1,19.613861,19.613861,1,1,28.447877,28.447877,1,1,22.210813,22.210813,1,1,19.7343,19.7343
experiment_0a_best,file,16,,4853,084.Red_legged_Kittiwake/Red_Legged_Kittiwake_0001_795394.jpg,84,83,084.Red_legged_Kittiwake,63,62,horizontal_flip,horizontal_flip,0,"{""flipped"":true}",0.25169986,0.5369097,0.28520983,0.77747804,0.58455193,0.12703975,0.20473391,0.65043829,0.37981802,-0.27062027,0.71822452,1.8636569,47.196979,87.958975,False,0.96251184,True,True,True,0.71822452,1.8636569,47.196979,87.958975,0.71226341,1.8653292,46.597682,86.920016,0.95760937,1.797868,7.4973903,13.479318,0.70975298,1.6682758,9.7260425,16.225721,0.51514528,1.8424746,19.613861,36.138041,0.75443782,1.8581346,28.447877,52.859983,0.74151648,1.9298364,22.210813,42.863236,0.78108716,1.8648991,19.7343,36.802478
experiment_0a_best,file,16,,4853,084.Red_legged_Kittiwake/Red_Legged_Kittiwake_0001_795394.jpg,84,83,084.Red_legged_Kittiwake,63,62,color_jitter,color_jitter,0,"{""brightness"":0.893047,""contrast"":0.888535,""hue"":-0.042392,""saturation"":1.227125}",0.25169986,0.50174737,0.2500475,0.77747804,0.60547173,0.12703975,0.22476876,0.65043829,0.38070297,-0.26973532,0.92754769,1.7632151,47.196979,83.218428,False,0.98303497,True,True,True,0.92754769,1.7632151,47.196979,83.218428,0.92619583,1.7641121,46.597682,82.203534,0.98104395,1.7282114,7.4973903,12.957075,0.85852272,1.6156593,9.7260425,15.713971,0.89418424,1.8157749,19.613861,35.614357,0.94254736,1.7731453,28.447877,50.44222,0.93131908,1.7522519,22.210813,38.91894,0.93460784,1.7428987,19.7343,34.394886
experiment_0a_best,file,16,,4853,084.Red_legged_Kittiwake/Red_Legged_Kittiwake_0001_795394.jpg,84,83,084.Red_legged_Kittiwake,63,62,rotation,rotation,0,"{""angle"":-8.244065}",0.25169986,0.2720052,0.020305336,0.77747804,0.7618503,0.12703975,0.13425526,0.65043829,0.62759504,-0.022843257,0.78598878,0.88290599,47.196979,41.670495,False,0.92776704,True,True,True,0.78598878,0.88290599,47.196979,41.670495,0.78225502,0.87953182,46.597682,40.984144,0.9190186,1.0046082,7.4973903,7.5319399,0.72998142,0.86205631,9.7260425,8.3843963,0.80408725,0.92763449,19.613861,18.194494,0.78639646,0.8026716,28.447877,22.834303,0.76825028,0.8940497,22.210813,19.857571,0.79237557,0.96496696,19.7343,19.042948
experiment_0a_best,file,16,,4853,084.Red_legged_Kittiwake/Red_Legged_Kittiwake_0001_795394.jpg,84,83,084.Red_legged_Kittiwake,63,62,random_resized_crop,random_resized_crop,0,"{""area_fraction"":0.584087,""aspect"":1.199537,""fallback"":false,""height"":0.697802,""left"":0.144844,""top"":0.123093,""width"":0.837039}",0.25169986,0.17437141,-0.077328458,0.77747804,0.83998489,0.12703975,0.061103877,0.65043829,0.77888102,0.12844272,0.66564218,0.61713674,47.196979,29.12699,False,0.9581753,True,True,True,0.66564218,0.61713674,47.196979,29.12699,0.65817904,0.61580524,46.597682,28.695097,0.93401952,0.66653816,7.4973903,4.9972967,0.70875442,0.73403552,9.7260425,7.1392606,0.65542244,0.68185219,19.613861,13.373754,0.59877691,0.55318628,28.447877,15.736975,0.67171866,0.61257065,22.210813,13.605692,0.75074235,0.64260119,19.7343,12.681285
experiment_0a_best,file,16,,4853,084.Red_legged_Kittiwake/Red_Legged_Kittiwake_0001_795394.jpg,84,83,084.Red_legged_Kittiwake,63,62,gaussian_blur,gaussian_blur,0,"{""sigma"":1.554033}",0.25169986,0.049312234,-0.20238763,0.77747804,0.95188385,0.12703975,0.0012720519,0.65043829,0.9506118,0.30017351,0.41104481,0.24310569,47.196979,11.473854,False,0.86757731,True,True,True,0.41104481,0.24310569,47.196979,11.473854,0.40580064,0.24185185,46.597682,11.269735,0.58747053,0.28738293,7.4973903,2.154622,0.44281259,0.2321147,9.7260425,2.2575575,0.3932604,0.27450993,19.613861,5.3841997,0.34058552,0.22873557,28.447877,6.5070412,0.47010232,0.23320091,22.210813,5.1795819,0.46500817,0.24695637,19.7343,4.8735111
experiment_0a_best,file,16,,4853,084.Red_legged_Kittiwake/Red_Legged_Kittiwake_0001_795394.jpg,84,83,084.Red_legged_Kittiwake,63,62,random_erasing,random_erasing,0,"{""area_fraction"":0.152399,""erased"":true,""height"":0.56243,""left"":0.244667,""top"":0.321882,""width"":0.270966}",0.25169986,3.7758029,3.524103,0.77747804,0.022918684,0.12703975,0.0066775838,0.65043829,0.016241101,-0.63419719,0.45679085,3.1159424,47.196979,147.06307,False,0.87273067,False,True,False,0.45679085,3.1159424,47.196979,147.06307,0.44866527,3.0804905,46.597682,143.54372,0.70701282,4.2655391,7.4973903,31.980412,0.54247669,2.4694895,9.7260425,24.01836,0.51232036,2.9762237,19.613861,58.375238,0.38552325,2.5054803,28.447877,71.275595,0.45153004,3.3023126,22.210813,73.347049,0.49740935,3.9771998,19.7343,78.487254
experiment_0a_best,file,16,,10599,180.Wilson_Warbler/Wilson_Warbler_0076_175780.jpg,180,179,180.Wilson_Warbler,182,181,identity,identity,0,{},0.034786705,0.034786705,0,0.96581137,0.96581137,0.029656369,0.029656369,0.936155,0.936155,0,1,1,5.5816156,5.5816156,False,1,True,True,True,1,1,5.5816156,5.5816156,1,1,5.4309241,5.4309241,1,1,1.2882143,1.2882143,1,1,1.1056752,1.1056752,1,1,1.9616207,1.9616207,1,1,2.9128096,2.9128096,1,1,2.9689379,2.9689379,1,1,2.6693466,2.6693466
experiment_0a_best,file,16,,10599,180.Wilson_Warbler/Wilson_Warbler_0076_175780.jpg,180,179,180.Wilson_Warbler,182,181,horizontal_flip,horizontal_flip,0,"{""flipped"":true}",0.034786705,0.0048602535,-0.029926451,0.96581137,0.99515152,0.029656369,0.0037533566,0.936155,0.99139816,0.055243161,0.64418037,0.12883201,5.5816156,0.71909074,False,0.97475815,True,True,True,0.64418037,0.12883201,5.5816156,0.71909074,0.62428869,0.12825165,5.4309241,0.69652498,0.97286859,0.13874254,1.2882143,0.17873012,0.42574973,0.14198073,1.1056752,0.15698457,0.37822655,0.12135983,1.9616207,0.23806195,0.61132391,0.11973338,2.9128096,0.34876053,0.64032616,0.12365772,2.9689379,0.36713208,0.77282093,0.14383276,2.6693466,0.38393948
experiment_0a_best,file,16,,10599,180.Wilson_Warbler/Wilson_Warbler_0076_175780.jpg,180,179,180.Wilson_Warbler,182,181,color_jitter,color_jitter,0,"{""brightness"":0.789353,""contrast"":0.902499,""hue"":-0.079816,""saturation"":0.677698}",0.034786705,4.8676863,4.8328996,0.96581137,0.0076911408,0.029656369,0.00079897314,0.936155,0.0068921676,-0.92926283,0.15275514,35.34348,5.5816156,197.27372,False,0.69174671,False,True,False,0.15275514,35.34348,5.5816156,197.27372,0.14164621,35.916865,5.4309241,195.06177,0.47812295,22.868026,1.2882143,29.458917,0.0019755557,57.020288,1.1056752,63.04592,0.20206924,56.141475,1.9616207,110.12828,0.055710055,35.351294,2.9128096,102.97159,0.18493265,27.581938,2.9689379,81.889062,0.2453256,25.510461,2.6693466,68.096263
experiment_0a_best,file,16,,10599,180.Wilson_Warbler/Wilson_Warbler_0076_175780.jpg,180,179,180.Wilson_Warbler,182,181,rotation,rotation,0,"{""angle"":6.146694}",0.034786705,0.045362264,0.010575559,0.96581137,0.95565122,0.029656369,0.033932697,0.936155,0.92171853,-0.014436476,0.82944453,1.2038066,5.5816156,6.7191859,False,0.97870308,True,True,True,0.82944453,1.2038066,5.5816156,6.7191859,0.82234618,1.2105063,5.4309241,6.5741681,0.97646981,1.077804,1.2882143,1.3884425,0.8358424,1.4156221,1.1056752,1.5652183,0.76325523,1.2267731,1.9616207,2.4064635,0.79249805,1.1967584,2.9128096,3.4859293,0.83165127,1.2047065,2.9689379,3.576699,0.87907554,1.1866895,2.6693466,3.1676857
experiment_0a_best,file,16,,10599,180.Wilson_Warbler/Wilson_Warbler_0076_175780.jpg,180,179,180.Wilson_Warbler,182,181,random_resized_crop,random_resized_crop,0,"{""area_fraction"":0.658415,""aspect"":0.859835,""fallback"":false,""height"":0.875069,""left"":0.148905,""top"":0.065072,""width"":0.752415}",0.034786705,0.022556055,-0.01223065,0.96581137,0.97769642,0.029656369,0.011736318,0.936155,0.9659601,0.029805098,0.69534176,0.55255298,5.5816156,3.0841383,False,0.97898626,True,True,True,0.69534176,0.55255298,5.5816156,3.0841383,0.68157792,0.55360818,5.4309241,3.006604,0.94967021,0.53345045,1.2882143,0.68719847,0.58456738,0.55109043,1.1056752,0.60932703,0.57838285,0.55769333,1.9616207,1.0939827,0.63395438,0.52759629,2.9128096,1.5367875,0.69849474,0.53318078,2.9689379,1.5829806,0.7831915,0.60453212,2.6693466,1.6137058
experiment_0a_best,file,16,,10599,180.Wilson_Warbler/Wilson_Warbler_0076_175780.jpg,180,179,180.Wilson_Warbler,182,181,gaussian_blur,gaussian_blur,0,"{""sigma"":1.328431}",0.034786705,0.032836743,-0.0019499622,0.96581137,0.96769655,0.029656369,0.007649851,0.936155,0.9600467,0.023891694,0.29594638,0.98214595,5.5816156,5.4819612,False,0.93116999,True,True,True,0.29594638,0.98214595,5.5816156,5.4819612,0.2744124,0.99254141,5.4309241,5.3904171,0.79523068,0.77444269,1.2882143,0.99764811,-0.1856134,1.4951029,1.1056752,1.6530982,-0.095423232,1.2062076,1.9616207,2.3661218,0.18379883,0.99909143,2.9128096,2.9101631,0.47243976,0.85659094,2.9689379,2.5431654,0.57462135,0.90132511,2.6693466,2.4059491
experiment_0a_best,file,16,,10599,180.Wilson_Warbler/Wilson_Warbler_0076_175780.jpg,180,179,180.Wilson_Warbler,182,181,random_erasing,random_erasing,0,"{""area_fraction"":0.066636,""erased"":true,""height"":0.261695,""left"":0.511527,""top"":0.101176,""width"":0.254634}",0.034786705,0.041967198,0.0071804933,0.96581137,0.95890123,0.029656369,0.035702806,0.936155,0.92319842,-0.012956582,0.97059533,1.1848604,5.5816156,6.6134356,False,0.99635732,True,True,True,0.97059533,1.1848604,5.5816156,6.6134356,0.96912902,1.1835949,5.4309241,6.4280143,0.99632652,1.2071314,1.2882143,1.5550439,0.96523223,1.2036278,1.1056752,1.3308215,0.95977522,1.1605646,1.9616207,2.2765875,0.96914914,1.1843059,2.9128096,3.4496574,0.97365207,1.1878252,2.9689379,3.5265794,0.9692558,1.1863525,2.6693466,3.1667859
experiment_0a_best,file,16,,912,017.Cardinal/Cardinal_0051_17223.jpg,17,16,017.Cardinal,140,139,identity,identity,0,{},0.29097748,0.29097748,0,0.74753249,0.74753249,0.083510511,0.083510511,0.66402198,0.66402198,0,1,1,41.062774,41.062774,False,1,True,True,True,1,1,41.062774,41.062774,1,1,40.461547,40.461547,1,1,7.0010398,7.0010398,1,1,13.683887,13.683887,1,1,16.250342,16.250342,1,1,19.290478,19.290478,1,1,20.304948,20.304948,1,1,20.034993,20.034993
experiment_0a_best,file,16,,912,017.Cardinal/Cardinal_0051_17223.jpg,17,16,017.Cardinal,140,139,horizontal_flip,horizontal_flip,0,"{""flipped"":true}",0.29097748,0.18320712,-0.10777035,0.74753249,0.83259571,0.083510511,0.011402368,0.66402198,0.82119334,0.15717136,0.55981694,0.57342687,41.062774,23.546498,False,0.93740833,True,True,True,0.55981694,0.57342687,41.062774,23.546498,0.54809493,0.57034179,40.461547,23.076911,0.90074668,0.66833988,7.0010398,4.6790741,0.36137824,0.38037642,13.683887,5.2050281,0.35263556,0.48971791,16.250342,7.9580837,0.55837381,0.60982866,19.290478,11.763887,0.59567052,0.61510052,20.304948,12.489584,0.66792012,0.60668368,20.034993,12.154903
experiment_0a_best,file,16,,912,017.Cardinal/Cardinal_0051_17223.jpg,17,16,017.Cardinal,140,139,color_jitter,color_jitter,0,"{""brightness"":1.38731,""contrast"":0.673878,""hue"":-0.073368,""saturation"":0.981854}",0.29097748,0.48469687,0.19371939,0.74753249,0.61588389,0.083510511,0.075267658,0.66402198,0.54061623,-0.12340575,0.64282136,1.4942993,41.062774,61.360075,False,0.94526684,True,True,True,0.64282136,1.4942993,41.062774,61.360075,0.63371666,1.4927601,40.461547,60.399385,0.93704423,1.5448288,7.0010398,10.815408,0.4073571,0.88669754,13.683887,12.133469,0.47216011,1.3839117,16.250342,22.489038,0.65920958,1.6326213,19.290478,31.494046,0.68337485,1.5854999,20.304948,32.193493,0.74052242,1.5519645,20.034993,31.093599
experiment_0a_best,file,16,,912,017.Cardinal/Cardinal_0051_17223.jpg,17,16,017.Cardinal,140,139,rotation,rotation,0,"{""angle"":-2.479329}",0.29097748,0.60025096,0.30927348,0.74753249,0.54867393,0.083510511,0.16259603,0.66402198,0.3860779,-0.27794408,0.83941608,1.684725,41.062774,69.179482,False,0.97396493,True,True,True,0.83941608,1.684725,41.062774,69.179482,0.83540462,1.6838421,40.461547,68.130858,0.97117693,1.7139533,7.0010398,11.999455,0.86789311,1.8546907,13.683887,25.379378,0.78374994,1.584948,16.250342,25.755947,0.81876436,1.6999539,19.290478,32.792923,0.83453849,1.688847,20.304948,34.29195,0.87128749,1.6425884,20.034993,32.909247
experiment_0a_best,file,16,,912,017.Cardinal/Cardinal_0051_17223.jpg,17,16,017.Cardinal,140,139,random_resized_crop,random_resized_crop,0,"{""area_fraction"":0.861522,""aspect"":0.868313,""fallback"":false,""height"":0.996082,""left"":0.104911,""top"":0.002515,""width"":0.864911}",0.29097748,0.37544745,0.084469974,0.74753249,0.68698186,0.083510511,0.033864968,0.66402198,0.65311689,-0.010905087,0.73785143,1.2041925,41.062774,49.447485,False,0.96358407,True,True,True,0.73785143,1.2041925,41.062774,49.447485,0.73165881,1.2032706,40.461547,48.686192,0.93968062,1.2345889,7.0010398,8.6434058,0.61919992,1.340336,13.683887,18.341007,0.68134106,1.0998077,16.250342,17.872252,0.76554476,1.2486338,19.290478,24.086743,0.74988268,1.195237,20.304948,24.269226,0.77537899,1.1656172,20.034993,23.353133
experiment_0a_best,file,16,,912,017.Cardinal/Cardinal_0051_17223.jpg,17,16,017.Cardinal,140,139,gaussian_blur,gaussian_blur,0,"{""sigma"":1.820997}",0.29097748,0.87606442,0.58508694,0.74753249,0.41641852,0.083510511,0.0094070565,0.66402198,0.40701147,-0.25701051,0.34512496,2.3814747,41.062774,97.789956,False,0.81119597,True,True,True,0.34512496,2.3814747,41.062774,97.789956,0.33385093,2.3864763,40.461547,96.560522,0.75315851,2.2079181,7.0010398,15.457722,0.17802605,2.0758851,13.683887,28.406178,0.20798337,2.2749027,16.250342,36.967947,0.24595668,2.6859396,19.290478,51.81306,0.39250804,2.4374182,20.304948,49.49165,0.52234867,2.2412833,20.034993,44.904095
experiment_0a_best,file,16,,912,017.Cardinal/Cardinal_0051_17223.jpg,17,16,017.Cardinal,140,139,random_erasing,random_erasing,0,"{""area_fraction"":0.08433,""erased"":true,""height"":0.172859,""left"":0.156151,""top"":0.746239,""width"":0.487855}",0.29097748,0.80444139,0.51346391,0.74753249,0.44733775,0.083510511,0.047102522,0.66402198,0.40023522,-0.26378675,0.81123321,2.021708,41.062774,83.016936,False,0.94244689,True,True,True,0.81123321,2.021708,41.062774,83.016936,0.80831579,2.0208699,40.461547,81.767523,0.9073947,2.0495028,7.0010398,14.348651,0.74054027,1.8053425,13.683887,24.704104,0.82988399,1.9332615,16.250342,31.41616,0.85183936,2.0660456,19.290478,39.855007,0.80261876,2.0645705,20.304948,41.920996,0.79164859,2.083738,20.034993,41.747677
experiment_0a_best,file,16,,9503,162.Canada_Warbler/Canada_Warbler_0076_162393.jpg,162,161,162.Canada_Warbler,176,175,identity,identity,0,{},0.00018618758,0.00018618758,0,0.99981385,0.99981385,4.6381392e-05,4.6381392e-05,0.99976747,0.99976747,0,1,1,0.02544443,0.02544443,False,1,True,True,True,1,1,0.02544443,0.02544443,1,1,0.024630301,0.024630301,1,1,0.0063849284,0.0063849284,1,1,0.0037114087,0.0037114087,1,1,0.0089894144,0.0089894144,1,1,0.011176464,0.011176464,1,1,0.012524512,0.012524512,1,1,0.015175337,0.015175337
experiment_0a_best,file,16,,9503,162.Canada_Warbler/Canada_Warbler_0076_162393.jpg,162,161,162.Canada_Warbler,176,175,horizontal_flip,horizontal_flip,0,"{""flipped"":true}",0.00018618758,0.0035055156,0.0033193281,0.99981385,0.99650061,4.6381392e-05,0.00015933496,0.99976747,0.99634128,-0.003426197,0.3252718,29.955921,0.02544443,0.76221134,False,0.95164037,True,True,True,0.3252718,29.955921,0.02544443,0.76221134,0.30670587,30.535171,0.024630301,0.75209046,0.79303073,19.389176,0.0063849284,0.1237985,0.034606489,41.667124,0.0037114087,0.15464373,0.29423162,40.136406,0.0089894144,0.36080278,0.23753359,36.658723,0.011176464,0.40971489,0.25095558,31.236582,0.012524512,0.39122295,0.52315101,19.837447,0.015175337,0.30103994
experiment_0a_best,file,16,,9503,162.Canada_Warbler/Canada_Warbler_0076_162393.jpg,162,161,162.Canada_Warbler,176,175,color_jitter,color_jitter,0,"{""brightness"":0.823534,""contrast"":1.340126,""hue"":0.058094,""saturation"":1.16448}",0.00018618758,0.0007252447,0.00053905712,0.99981385,0.99927503,4.6381392e-05,4.992438e-05,0.99976747,0.9992251,-0.00054236898,0.68094654,4.2148265,0.02544443,0.10724386,False,0.97086114,True,True,True,0.68094654,4.2148265,0.02544443,0.10724386,0.66794591,4.2526662,0.024630301,0.10474445,0.91796379,3.6051109,0.0063849284,0.023018375,0.63539613,5.0442924,0.0037114087,0.018721431,0.65171939,4.5728719,0.0089894144,0.041107441,0.56465944,4.5295023,0.011176464,0.050623819,0.59178629,4.3481501,0.012524512,0.054458459,0.80786629,3.8438509,0.015175337,0.058331733
experiment_0a_best,file,16,,9503,162.Canada_Warbler/Canada_Warbler_0076_162393.jpg,162,161,162.Canada_Warbler,176,175,rotation,rotation,0,"{""angle"":9.379519}",0.00018618758,0.00082863797,0.0006424504,0.99981385,0.99917173,4.6381392e-05,0.0001303506,0.99976747,0.99904138,-0.00072609005,0.61575758,4.5763529,0.02544443,0.11644269,False,0.97728837,True,True,True,0.61575758,4.5763529,0.02544443,0.11644269,0.59651367,4.6029293,0.024630301,0.11337153,0.93550874,4.1608639,0.0063849284,0.026566818,0.45040673,5.0851928,0.0037114087,0.018873229,0.55523342,5.0587855,0.0089894144,0.045475519,0.45077506,4.8317928,0.011176464,0.054002357,0.5222014,4.5950662,0.012524512,0.057550962,0.77139412,4.2708365,0.015175337,0.064811382
experiment_0a_best,file,16,,9503,162.Canada_Warbler/Canada_Warbler_0076_162393.jpg,162,161,162.Canada_Warbler,176,175,random_resized_crop,random_resized_crop,0,"{""area_fraction"":0.602086,""aspect"":0.815303,""fallback"":false,""height"":0.859349,""left"":0.045366,""top"":0.139187,""width"":0.70063}",0.00018618758,0.0071054385,0.0069192509,0.99981385,0.99291974,4.6381392e-05,0.00029892611,0.99976747,0.99262082,-0.0071466564,0.32407467,54.565164,0.02544443,1.3883795,False,0.93658137,True,True,True,0.32407467,54.565164,0.02544443,1.3883795,0.30319069,55.389705,0.024630301,1.3642651,0.76627907,40.3513,0.0063849284,0.25764016,0.17609328,81.514221,0.0037114087,0.30253259,0.28300141,69.959188,0.0089894144,0.62889213,0.20449702,63.845152,0.011176464,0.71356303,0.25086876,55.614415,0.012524512,0.69654341,0.48871349,40.612876,0.015175337,0.61631407
experiment_0a_best,file,16,,9503,162.Canada_Warbler/Canada_Warbler_0076_162393.jpg,162,161,162.Canada_Warbler,176,175,gaussian_blur,gaussian_blur,0,"{""sigma"":1.152841}",0.00018618758,0.059233423,0.059047236,0.99981385,0.94248676,4.6381392e-05,0.0062017892,0.99976747,0.93628497,-0.0634825,0.570951,452.62829,0.02544443,11.516869,False,0.88267922,True,True,True,0.570951,452.62829,0.02544443,11.516869,0.56371111,462.11907,0.024630301,11.382132,0.82725025,275.10342,0.0063849284,1.7565157,0.17710582,610.24792,0.0037114087,2.2648794,0.5332572,618.16724,0.0089894144,5.5569615,0.63687283,555.50597,0.011176464,6.2085924,0.56951377,452.54432,0.012524512,5.6678968,0.62398332,315.14566,0.015175337,4.7824416
experiment_0a_best,file,16,,9503,162.Canada_Warbler/Canada_Warbler_0076_162393.jpg,162,161,162.Canada_Warbler,176,175,random_erasing,random_erasing,0,"{""area_fraction"":0.17819,""erased"":true,""height"":0.376659,""left"":0.186084,""top"":0.324496,""width"":0.47308}",0.00018618758,3.6524811,3.6522949,0.99981385,0.025926718,4.6381392e-05,0.0063654198,0.99976747,0.019561299,-0.98020617,0.38063222,5656.0234,0.02544443,143.91429,False,0.59129405,False,True,False,0.38063222,5656.0234,0.02544443,143.91429,0.37387507,5753.0605,0.024630301,141.69961,0.55387129,3939.0313,0.0063849284,25.150433,0.44219056,7975.5297,0.0037114087,29.60045,0.42897543,7223.4778,0.0089894144,64.934835,0.471012,6595.955,0.011176464,73.719452,0.31563383,5505.3425,0.012524512,68.951729,0.32845209,4564.0861,0.015175337,69.261545
experiment_0a_best,file,16,,8233,141.Artic_Tern/Artic_Tern_0012_143410.jpg,141,140,141.Artic_Tern,84,83,identity,identity,0,{},0.94878608,0.94878608,0,0.38721079,0.38721079,0.48778594,0.48778594,-0.10057515,-0.10057515,0,1,1,113.85258,113.85258,False,0.99999994,True,False,False,1,1,113.85258,113.85258,1,1,111.31835,111.31835,1,1,23.887966,23.887966,1,1,39.609039,39.609039,1,1,50.008175,50.008175,1,1,58.349859,58.349859,1,1,50.450761,50.450761,1,1,48.704165,48.704165
experiment_0a_best,file,16,,8233,141.Artic_Tern/Artic_Tern_0012_143410.jpg,141,140,141.Artic_Tern,84,83,horizontal_flip,horizontal_flip,0,"{""flipped"":true}",0.94878608,0.43440002,-0.51438606,0.38721079,0.6476531,0.48778594,0.26944992,-0.10057515,0.37820318,0.47877833,0.76058625,0.58542424,113.85258,66.652059,False,0.96869045,False,False,True,0.76058625,0.58542424,113.85258,66.652059,0.75137825,0.58616644,111.31835,65.25108,0.96687199,0.56906815,23.887966,13.593881,0.84082238,0.43707283,39.609039,17.312035,0.78883503,0.61021382,50.008175,30.515679,0.74413258,0.64409535,58.349859,37.582872,0.68442318,0.57601769,50.450761,29.060531,0.77116937,0.56967061,48.704165,27.745331
experiment_0a_best,file,16,,8233,141.Artic_Tern/Artic_Tern_0012_143410.jpg,141,140,141.Artic_Tern,84,83,color_jitter,color_jitter,0,"{""brightness"":1.187026,""contrast"":0.693034,""hue"":0.052414,""saturation"":1.146399}",0.94878608,1.795609,0.84682292,0.38721079,0.16602632,0.48778594,0.25146377,-0.10057515,-0.085437447,0.015137702,0.72547446,1.2052101,113.85258,137.21628,False,0.93892413,False,False,False,0.72547446,1.2052101,113.85258,137.21628,0.72074855,1.2055551,111.31835,134.2004,0.82878979,1.1976929,23.887966,28.610447,0.83209914,1.1173921,39.609039,44.258825,0.77139793,1.3081361,50.008175,65.417499,0.7284157,1.1958789,58.349859,69.779363,0.64389835,1.2066058,50.450761,60.874184,0.66879146,1.1608606,48.704165,56.538747
experiment_0a_best,file,16,,8233,141.Artic_Tern/Artic_Tern_0012_143410.jpg,141,140,141.Artic_Tern,84,83,rotation,rotation,0,"{""angle"":4.614843}",0.94878608,0.58462113,-0.36416495,0.38721079,0.55731696,0.48778594,0.33652988,-0.10057515,0.22078708,0.32136223,0.85547048,0.72118657,113.85258,82.108949,False,0.97343886,False,False,True,0.85547048,0.72118657,113.85258,82.108949,0.85011177,0.72152295,111.31835,80.318743,0.97313779,0.71384258,23.887966,17.052247,0.95062621,0.62464784,39.609039,24.7417,0.83103445,0.68008494,50.008175,34.009807,0.84795409,0.74909231,58.349859,43.70943,0.81722841,0.76060906,50.450761,38.373306,0.86071054,0.74008466,48.704165,36.045205
experiment_0a_best,file,16,,8233,141.Artic_Tern/Artic_Tern_0012_143410.jpg,141,140,141.Artic_Tern,84,83,random_resized_crop,random_resized_crop,0,"{""area_fraction"":0.649806,""aspect"":1.287725,""fallback"":false,""height"":0.710363,""left"":0.050824,""top"":0.156729,""width"":0.914752}",0.94878608,1.6221454,0.67335933,0.38721079,0.19747457,0.48778594,0.66726518,-0.10057515,-0.46979061,-0.36921546,0.75349809,1.448853,113.85258,164.95564,False,0.93869841,True,False,False,0.75349809,1.448853,113.85258,164.95564,0.74464686,1.4448925,111.31835,160.84305,0.93598135,1.5323347,23.887966,36.60436,0.73153074,0.94970045,39.609039,37.616722,0.72655492,1.5499414,50.008175,77.50974,0.77981352,1.5603592,58.349859,91.04674,0.73421952,1.4598117,50.450761,73.648611,0.76264384,1.4127059,48.704165,68.804659
experiment_0a_best,file,16,,8233,141.Artic_Tern/Artic_Tern_0012_143410.jpg,141,140,141.Artic_Tern,84,83,gaussian_blur,gaussian_blur,0,"{""sigma"":1.948686}",0.94878608,2.5526893,1.6039032,0.38721079,0.077871963,0.48778594,0.37499374,-0.10057515,-0.29712178,-0.19654663,0.61019636,1.2713834,113.85258,144.75028,False,0.90557283,True,False,False,0.61019636,1.2713834,113.85258,144.75028,0.60163242,1.2823988,111.31835,142.75452,0.86592886,1.002763,23.887966,23.953969,0.69513385,0.81060223,39.609039,32.107175,0.37069887,1.1329183,50.008175,56.655178,0.6435201,1.421524,58.349859,82.945726,0.65542583,1.4314505,50.450761,72.21777,0.68581681,1.3054899,48.704165,63.582797
experiment_0a_best,file,16,,8233,141.Artic_Tern/Artic_Tern_0012_143410.jpg,141,140,141.Artic_Tern,84,83,random_erasing,random_erasing,0,"{""area_fraction"":0.115162,""erased"":true,""height"":0.340818,""left"":0.01351,""top"":0.441816,""width"":0.337897}",0.94878608,0.45131201,-0.49747407,0.38721079,0.63679212,0.48778594,0.28695068,-0.10057515,0.34984145,0.45041659,0.91897085,0.58255524,113.85258,66.325416,False,0.98564607,False,False,True,0.91897085,0.58255524,113.85258,66.325416,0.91583053,0.5809319,111.31835,64.668379,0.98477335,0.61675451,23.887966,14.733011,0.9248455,0.4642516,39.609039,18.38856,0.91271301,0.60497,50.008175,30.253446,0.92614469,0.5827313,58.349859,34.002289,0.91175644,0.59274433,50.450761,29.904403,0.91826429,0.60844422,48.704165,29.633767
experiment_0a_best,file,16,,444,009.Brewer_Blackbird/Brewer_Blackbird_0078_2659.jpg,9,8,009.Brewer_Blackbird,27,26,identity,identity,0,{},0.053906638,0.053906638,0,0.94752055,0.94752055,0.019347085,0.019347085,0.92817347,0.92817347,0,1,1,7.8334165,7.8334165,False,1.0000001,True,True,True,1,1,7.8334165,7.8334165,1,1,7.683059,7.683059,1,1,1.5274221,1.5274221,1,1,1.4911642,1.4911642,1,1,4.0345966,4.0345966,1,1,3.8886277,3.8886277,1,1,3.5503827,3.5503827,1,1,3.5778783,3.5778783
experiment_0a_best,file,16,,444,009.Brewer_Blackbird/Brewer_Blackbird_0078_2659.jpg,9,8,009.Brewer_Blackbird,27,26,horizontal_flip,horizontal_flip,0,"{""flipped"":true}",0.053906638,0.083750792,0.029844154,0.94752055,0.91966039,0.019347085,0.041993666,0.92817347,0.87766672,-0.050506746,0.61567749,1.6989837,7.8334165,13.308847,False,0.95849252,True,True,True,0.61567749,1.6989837,7.8334165,13.308847,0.60268652,1.6992688,7.683059,13.055582,0.94583764,1.6917535,1.5274221,2.5840217,0.13021947,2.0373898,1.4911642,3.0380829,0.62343783,1.5695551,4.0345966,6.3325218,0.59795574,1.8446887,3.8886277,7.1733075,0.59264794,1.694605,3.5503827,6.0164964,0.70523625,1.6167993,3.5778783,5.784711
experiment_0a_best,file,16,,444,009.Brewer_Blackbird/Brewer_Blackbird_0078_2659.jpg,9,8,009.Brewer_Blackbird,27,26,color_jitter,color_jitter,0,"{""brightness"":1.130795,""contrast"":1.210593,""hue"":-0.047305,""saturation"":0.823496}",0.053906638,0.22021464,0.166308,0.94752055,0.80234659,0.019347085,0.079156764,0.92817347,0.72318982,-0.20498365,0.85336082,4.010548,7.8334165,31.416293,False,0.97240061,True,True,True,0.85336082,4.010548,7.8334165,31.416293,0.84967745,4.0210394,7.683059,30.893883,0.95592259,3.7353046,1.5274221,5.7053867,0.56094591,4.5890968,1.4911642,6.8430971,0.84156147,3.7955943,4.0345966,15.313692,0.86019958,4.1425155,3.8886277,16.1087,0.87002801,4.1353638,3.5503827,14.682124,0.88825536,3.9332428,3.5778783,14.072664
experiment_0a_best,file,16,,444,009.Brewer_Blackbird/Brewer_Blackbird_0078_2659.jpg,9,8,009.Brewer_Blackbird,27,26,rotation,rotation,0,"{""angle"":-12.421798}",0.053906638,0.18725975,0.13335311,0.94752055,0.82922834,0.019347085,0.10507026,0.92817347,0.72415809,-0.20401538,0.7189955,3.8120679,7.8334165,29.861515,False,0.9531498,True,True,True,0.7189955,3.8120679,7.8334165,29.861515,0.71105042,3.8182442,7.683059,29.335796,0.92983583,3.6523222,1.5274221,5.5786376,0.57759726,4.008701,1.4911642,5.9776316,0.76332843,3.5673889,4.0345966,14.392975,0.70390652,4.1802711,3.8886277,16.255518,0.69036259,3.9750491,3.5503827,14.112946,0.71333304,3.471619,3.5778783,12.42103
experiment_0a_best,file,16,,444,009.Brewer_Blackbird/Brewer_Blackbird_0078_2659.jpg,9,8,009.Brewer_Blackbird,27,26,random_resized_crop,random_resized_crop,0,"{""area_fraction"":0.582276,""aspect"":0.935658,""fallback"":false,""height"":0.788871,""left"":0.016007,""top"":0.198078,""width"":0.738113}",0.053906638,0.63509554,0.5811889,0.94752055,0.52988487,0.019347085,0.032076538,0.92817347,0.49780834,-0.43036513,0.60830484,8.6200584,7.8334165,67.524508,False,0.9188605,True,True,True,0.60830484,8.6200584,7.8334165,67.524508,0.59824778,8.631325,7.683059,66.314979,0.87234292,8.3299251,1.5274221,12.723311,0.54575327,13.516986,1.4911642,20.156046,0.66925531,8.5121962,4.0345966,34.343278,0.55136577,7.3231957,3.8886277,28.477181,0.54803028,8.4276396,3.5503827,29.921346,0.6421416,9.2938486,3.5778783,33.252259
experiment_0a_best,file,16,,444,009.Brewer_Blackbird/Brewer_Blackbird_0078_2659.jpg,9,8,009.Brewer_Blackbird,27,26,gaussian_blur,gaussian_blur,0,"{""sigma"":1.786257}",0.053906638,0.48836461,0.43445797,0.94752055,0.6136291,0.019347085,0.071296014,0.92817347,0.54233309,-0.38584038,0.38112983,9.3716243,7.8334165,73.411837,False,0.86072624,True,True,True,0.38112983,9.3716243,7.8334165,73.411837,0.36803156,9.4494464,7.683059,72.600655,0.83548592,7.1251688,1.5274221,10.88314,-0.0364617,15.191753,1.4911642,22.653399,0.39798491,9.7191911,4.0345966,39.213015,0.29845425,9.9154281,3.8886277,38.557408,0.39767839,9.0484487,3.5503827,32.125456,0.56407724,7.4016094,3.5778783,26.482057
experiment_0a_best,file,16,,444,009.Brewer_Blackbird/Brewer_Blackbird_0078_2659.jpg,9,8,009.Brewer_Blackbird,27,26,random_erasing,random_erasing,0,"{""area_fraction"":0.146156,""erased"":true,""height"":0.497789,""left"":0.539711,""top"":0.0736,""width"":0.293611}",0.053906638,0.030831998,-0.02307464,0.94752055,0.96963847,0.019347085,0.01121874,0.92817347,0.95841973,0.030246258,0.91898146,0.60893624,7.8334165,4.7700512,False,0.98858452,True,True,True,0.91898146,0.60893624,7.8334165,4.7700512,0.91626092,0.60893516,7.683059,4.6784848,0.98781273,0.60896353,1.5274221,0.93014433,0.82253992,0.65194823,1.4911642,0.97216189,0.9334517,0.61896479,4.0345966,2.4972732,0.92184159,0.6101904,3.8886277,2.3728033,0.90512019,0.60282469,3.5503827,2.1402584,0.91666709,0.59262528,3.5778783,2.1203411
experiment_0a_best,file,16,,2198,039.Least_Flycatcher/Least_Flycatcher_0019_30358.jpg,39,38,039.Least_Flycatcher,43,42,identity,identity,0,{},4.9249077,4.9249077,0,0.0072633959,0.0072633959,0.48835388,0.48835388,-0.48109048,-0.48109048,0,1,1,190.93977,190.93977,False,1,True,False,False,1,1,190.93977,190.93977,1,1,187.09004,187.09004,1,1,38.148577,38.148577,1,1,43.134375,43.134375,1,1,85.97003,85.97003,1,1,99.503569,99.503569,1,1,91.465824,91.465824,1,1,86.511873,86.511873
experiment_0a_best,file,16,,2198,039.Least_Flycatcher/Least_Flycatcher_0019_30358.jpg,39,38,039.Least_Flycatcher,43,42,horizontal_flip,horizontal_flip,0,"{""flipped"":true}",4.9249077,5.6253591,0.70045137,0.0072633959,0.0036052691,0.48835388,0.32333931,-0.48109048,-0.31973404,0.16135644,0.59168077,0.81637971,190.93977,155.87935,False,0.93635005,True,False,False,0.59168077,0.81637971,190.93977,155.87935,0.57614364,0.81056214,187.09004,151.6481,0.91872424,0.94557968,38.148577,36.07252,0.50176155,0.90824348,43.134375,39.176515,0.53059781,0.73868332,85.97003,63.504627,0.56551969,0.74546028,99.503569,74.175959,0.56015163,0.82301806,91.465824,75.278025,0.66772983,0.91460629,86.511873,79.124304
experiment_0a_best,file,16,,2198,039.Least_Flycatcher/Least_Flycatcher_0019_30358.jpg,39,38,039.Least_Flycatcher,43,42,color_jitter,color_jitter,0,"{""brightness"":0.620793,""contrast"":0.964919,""hue"":-0.013121,""saturation"":0.922432}",4.9249077,5.7596369,0.83472919,0.0072633959,0.0031522559,0.48835388,0.054022022,-0.48109048,-0.050869766,0.43022072,0.63869375,0.89849998,190.93977,171.55938,False,0.94768631,False,False,False,0.63869375,0.89849998,190.93977,171.55938,0.6302133,0.8979232,187.09004,167.99248,0.83953317,0.91226267,38.148577,34.801523,0.53854979,1.0198771,43.134375,43.991761,0.60191192,0.9436333,85.97003,81.124183,0.58085953,0.7804191,99.503569,77.654486,0.67535398,0.92319115,91.465824,84.44044,0.69774575,0.93512102,86.511873,80.899071
experiment_0a_best,file,16,,2198,039.Least_Flycatcher/Least_Flycatcher_0019_30358.jpg,39,38,039.Least_Flycatcher,43,42,rotation,rotation,0,"{""angle"":-7.743597}",4.9249077,6.4804673,1.5555596,0.0072633959,0.0015330937,0.48835388,0.32600546,-0.48109048,-0.32447237,0.15661812,0.76859594,0.90908248,190.93977,173.58,False,0.95290947,True,False,False,0.76859594,0.90908248,190.93977,173.58,0.76134223,0.90765768,187.09004,169.81371,0.93710256,0.94270272,38.148577,35.962768,0.61564865,1.1759159,43.134375,50.722396,0.75890048,0.83871469,85.97003,72.104327,0.78009996,0.85471697,99.503569,85.04739,0.75941425,0.92839451,91.465824,84.916369,0.80077223,0.94056276,86.511873,81.369846
experiment_0a_best,file,16,,2198,039.Least_Flycatcher/Least_Flycatcher_0019_30358.jpg,39,38,039.Least_Flycatcher,43,42,random_resized_crop,random_resized_crop,0,"{""area_fraction"":0.577546,""aspect"":0.87989,""fallback"":false,""height"":0.810176,""left"":0.168768,""top"":0.096368,""width"":0.712865}",4.9249077,11.210991,6.2860832,0.0072633959,1.3524731e-05,0.48835388,0.72863144,-0.48109048,-0.72861791,-0.24752743,0.66597688,1.5139155,190.93977,289.06668,False,0.93231648,True,False,False,0.66597688,1.5139155,190.93977,289.06668,0.65622916,1.5171755,187.09004,283.84843,0.91518678,1.4332742,38.148577,54.677374,0.5162741,2.2448697,43.134375,96.831049,0.61338263,1.4852532,85.97003,127.68727,0.70548451,1.5598649,99.503569,155.21212,0.6469497,1.3802286,91.465824,126.24375,0.72002043,1.4091377,86.511873,121.90714
experiment_0a_best,file,16,,2198,039.Least_Flycatcher/Least_Flycatcher_0019_30358.jpg,39,38,039.Least_Flycatcher,43,42,gaussian_blur,gaussian_blur,0,"{""sigma"":1.529503}",4.9249077,7.7703733,2.8454657,0.0072633959,0.00042205572,0.48835388,0.34957016,-0.48109048,-0.3491481,0.13194238,0.50940261,1.0199497,190.93977,194.74895,False,0.86351466,True,False,False,0.50940261,1.0199497,190.93977,194.74895,0.4966152,1.0236584,187.09004,191.51629,0.85174648,0.92628486,38.148577,35.33645,0.51659881,1.0992571,43.134375,47.415767,0.3050103,1.0091562,85.97003,86.757191,0.51133869,1.0230395,99.503569,101.79608,0.53788466,1.0431626,91.465824,95.413723,0.61509625,0.99684848,86.511873,86.23923
experiment_0a_best,file,16,,2198,039.Least_Flycatcher/Least_Flycatcher_0019_30358.jpg,39,38,039.Least_Flycatcher,43,42,random_erasing,random_erasing,0,"{""area_fraction"":0.059515,""erased"":true,""height"":0.202258,""left"":0.041325,""top"":0.759926,""width"":0.294253}",4.9249077,4.6474862,-0.27742147,0.0072633959,0.0095856674,0.48835388,0.37746897,-0.48109048,-0.36788331,0.11320718,0.96581056,0.91496038,190.93977,174.70233,False,0.99567461,True,False,False,0.96581056,0.91496038,190.93977,174.70233,0.96477935,0.91331158,187.09004,170.8715,0.99043019,0.95375833,38.148577,36.384524,0.97793949,0.91040957,43.134375,39.269947,0.96295033,0.95387852,85.97003,82.004965,0.9651904,0.87580032,99.503569,87.145258,0.96331069,0.90829811,91.465824,83.078235,0.96663252,0.92716985,86.511873,80.2112
experiment_0a_best,file,16,,10347,176.Prairie_Warbler/Prairie_Warbler_0053_173290.jpg,176,175,176.Prairie_Warbler,163,162,identity,identity,0,{},0.0039210832,0.0039210832,0,0.9960866,0.9960866,0.00091006572,0.00091006572,0.99517653,0.99517653,0,1,1,0.51460758,0.51460758,False,1.0000001,True,True,True,1,1,0.51460758,0.51460758,1,1,0.50227296,0.50227296,1,1,0.11199481,0.11199481,1,1,0.07362135,0.07362135,1,1,0.19095729,0.19095729,1,1,0.2455201,0.2455201,1,1,0.23304835,0.23304835,1,1,0.30951848,0.30951848
experiment_0a_best,file,16,,10347,176.Prairie_Warbler/Prairie_Warbler_0053_173290.jpg,176,175,176.Prairie_Warbler,163,162,horizontal_flip,horizontal_flip,0,"{""flipped"":true}",0.0039210832,0.0011132717,-0.0028078115,0.9960866,0.99888736,0.00091006572,0.00029296,0.99517653,0.9985944,0.0034178684,0.69946871,0.30169262,0.51460758,0.15525331,False,0.97999054,True,True,True,0.69946871,0.30169262,0.51460758,0.15525331,0.68392316,0.2987398,0.50227296,0.15004892,0.97205825,0.35591948,0.11199481,0.039861133,0.61354282,0.36860355,0.07362135,0.027137091,0.4577444,0.28513123,0.19095729,0.054447885,0.66891077,0.30730046,0.2455201,0.075448438,0.64691027,0.3021815,0.23304835,0.0704229,0.8064699,0.291882,0.30951848,0.090342871
experiment_0a_best,file,16,,10347,176.Prairie_Warbler/Prairie_Warbler_0053_173290.jpg,176,175,176.Prairie_Warbler,163,162,color_jitter,color_jitter,0,"{""brightness"":1.091331,""contrast"":1.053816,""hue"":-0.046824,""saturation"":0.70254}",0.0039210832,0.063219287,0.059298203,0.9960866,0.93873757,0.00091006572,0.0067805024,0.99517653,0.93195707,-0.063219463,0.72570623,19.606895,0.51460758,10.089857,False,0.9585762,True,True,True,0.72570623,19.606895,0.51460758,10.089857,0.72062777,19.860421,0.50227296,9.9753527,0.92778767,13.534258,0.11199481,1.5157666,0.64834027,27.271256,0.07362135,2.0077467,0.6061253,23.515754,0.19095729,4.4905045,0.7424184,22.683027,0.2455201,5.5691391,0.72090728,19.724618,0.23304835,4.5967897,0.81059839,15.550373,0.30951848,4.8131277
experiment_0a_best,file,16,,10347,176.Prairie_Warbler/Prairie_Warbler_0053_173290.jpg,176,175,176.Prairie_Warbler,163,162,rotation,rotation,0,"{""angle"":-0.775637}",0.0039210832,0.003692002,-0.00022908114,0.9960866,0.99631482,0.00091006572,0.00064341264,0.99517653,0.99567141,0.00049487926,0.92368398,1.01323,0.51460758,0.52141582,False,0.99376583,True,True,True,0.92368398,1.01323,0.51460758,0.52141582,0.92079308,1.0170015,0.50227296,0.51081236,0.99017866,0.93414372,0.11199481,0.10461924,0.78873701,1.0964313,0.07362135,0.080720751,0.89811602,1.0809216,0.19095729,0.20640985,0.90487218,1.0490477,0.2455201,0.25756229,0.91369456,1.0026808,0.23304835,0.23367312,0.95582461,0.97390453,0.30951848,0.30144145
experiment_0a_best,file,16,,10347,176.Prairie_Warbler/Prairie_Warbler_0053_173290.jpg,176,175,176.Prairie_Warbler,163,162,random_resized_crop,random_resized_crop,0,"{""area_fraction"":0.779037,""aspect"":0.84804,""fallback"":false,""height"":0.958453,""left"":0.186388,""top"":0.028726,""width"":0.812806}",0.0039210832,0.027743179,0.023822096,0.9960866,0.97263813,0.00091006572,0.0081751691,0.99517653,0.96446296,-0.030713571,0.81331784,8.2829161,0.51460758,4.2624514,False,0.97175825,True,True,True,0.81331784,8.2829161,0.51460758,4.2624514,0.80735612,8.3357773,0.50227296,4.1868355,0.96278669,7.1370499,0.11199481,0.79931251,0.45616164,10.758346,0.07362135,0.79204398,0.77574573,8.9099037,0.19095729,1.701411,0.7983258,9.3927543,0.2455201,2.3061099,0.81529777,8.349001,0.23304835,1.9457209,0.87172977,7.1542791,0.30951848,2.2143816
experiment_0a_best,file,16,,10347,176.Prairie_Warbler/Prairie_Warbler_0053_173290.jpg,176,175,176.Prairie_Warbler,163,162,gaussian_blur,gaussian_blur,0,"{""sigma"":1.080015}",0.0039210832,0.013204156,0.0092830732,0.9960866,0.98688263,0.00091006572,0.00060793024,0.99517653,0.9862747,-0.008901835,0.62197139,5.8273926,0.51460758,2.9988204,False,0.94663787,True,True,True,0.62197139,5.8273926,0.51460758,2.9988204,0.61701649,5.9016653,0.50227296,2.9642469,0.80989018,4.0542337,0.11199481,0.45405312,0.2350682,10.55827,0.07362135,0.77731407,0.59615294,7.3507895,0.19095729,1.4036868,0.66856257,6.6758299,0.2455201,1.6390504,0.61184234,5.6813464,0.23304835,1.3240284,0.69781911,4.3015717,0.30951848,1.3314159
experiment_0a_best,file,16,,10347,176.Prairie_Warbler/Prairie_Warbler_0053_173290.jpg,176,175,176.Prairie_Warbler,163,162,random_erasing,random_erasing,0,"{""area_fraction"":0.188545,""erased"":true,""height"":0.444159,""left"":0.083753,""top"":0.04793,""width"":0.424499}",0.0039210832,0.94681478,0.94289369,0.9960866,0.38797483,0.00091006572,0.31556138,0.99517653,0.072413445,-0.92276309,0.54537379,172.61191,0.51460758,88.827396,False,0.85841572,True,True,True,0.54537379,172.61191,0.51460758,88.827396,0.5327848,173.24037,0.50227296,87.013954,0.8222819,159.44631,0.11199481,17.857158,0.4588966,302.0545,0.07362135,22.23766,0.43095848,177.10414,0.19095729,33.819326,0.62258738,191.47154,0.2455201,47.010111,0.53379695,189.28925,0.23304835,44.113547,0.54238076,136.20187,0.30951848,42.156996
experiment_0a_best,file,16,,5285,091.Mockingbird/Mockingbird_0056_81986.jpg,91,90,091.Mockingbird,76,75,identity,identity,0,{},0.35171121,0.35171121,0,0.70348328,0.70348328,0.093350768,0.093350768,0.61013252,0.61013252,0,1,1,59.506992,59.506992,False,0.99999994,True,True,True,1,1,59.506992,59.506992,1,1,58.815631,58.815631,1,1,9.0445389,9.0445389,1,1,18.162076,18.162076,1,1,24.391327,24.391327,1,1,32.394494,32.394494,1,1,29.194115,29.194115,1,1,25.155138,25.155138
experiment_0a_best,file,16,,5285,091.Mockingbird/Mockingbird_0056_81986.jpg,91,90,091.Mockingbird,76,75,horizontal_flip,horizontal_flip,0,"{""flipped"":true}",0.35171121,0.94583929,0.59412807,0.70348328,0.3883535,0.093350768,0.076077484,0.61013252,0.31227601,-0.2978565,0.64857036,1.795755,59.506992,106.85998,False,0.93533444,True,True,True,0.64857036,1.795755,59.506992,106.85998,0.64274755,1.798884,58.815631,105.8025,0.9178297,1.6580394,9.0445389,14.996202,0.63933194,1.544807,18.162076,28.056903,0.66518303,1.9194552,24.391327,46.81806,0.6345675,1.8795332,32.394494,60.886527,0.6137498,1.7158604,29.194115,50.093027,0.68039126,1.7771852,25.155138,44.705338
experiment_0a_best,file,16,,5285,091.Mockingbird/Mockingbird_0056_81986.jpg,91,90,091.Mockingbird,76,75,color_jitter,color_jitter,0,"{""brightness"":0.919269,""contrast"":1.079295,""hue"":-0.053763,""saturation"":0.731039}",0.35171121,0.49386752,0.1421563,0.70348328,0.61026162,0.093350768,0.23519951,0.61013252,0.37506211,-0.23507041,0.76960095,1.4559587,59.506992,86.639722,False,0.95640004,True,True,True,0.76960095,1.4559587,59.506992,86.639722,0.76592301,1.4548896,58.815631,85.570249,0.92076497,1.5004713,9.0445389,13.571071,0.85720145,1.8839536,18.162076,34.216509,0.68436152,1.7221329,24.391327,42.005107,0.75946118,1.3021847,32.394494,42.183616,0.79442865,1.2991208,29.194115,37.926682,0.81787271,1.3592949,25.155138,34.19325
experiment_0a_best,file,16,,5285,091.Mockingbird/Mockingbird_0056_81986.jpg,91,90,091.Mockingbird,76,75,rotation,rotation,0,"{""angle"":-3.653079}",0.35171121,0.098820925,-0.25289029,0.70348328,0.90590495,0.093350768,0.0097370502,0.61013252,0.8961679,0.28603538,0.79628119,0.25967228,59.506992,15.452316,False,0.97259748,True,True,True,0.79628119,0.25967228,59.506992,15.452316,0.79237447,0.25888255,58.815631,15.226341,0.94854154,0.29111351,9.0445389,2.6329874,0.83170639,0.24893807,18.162076,4.5212322,0.71573018,0.25861737,24.391327,6.3080209,0.81068982,0.24271716,32.394494,7.8626995,0.78450999,0.25619481,29.194115,7.4793808,0.83104199,0.29170804,25.155138,7.337956
experiment_0a_best,file,16,,5285,091.Mockingbird/Mockingbird_0056_81986.jpg,91,90,091.Mockingbird,76,75,random_resized_crop,random_resized_crop,0,"{""area_fraction"":0.701249,""aspect"":0.880164,""fallback"":false,""height"":0.892594,""left"":0.010075,""top"":0.023105,""width"":0.78563}",0.35171121,1.2897295,0.93801826,0.70348328,0.27534527,0.093350768,0.05976304,0.61013252,0.21558223,-0.39455029,0.71008025,2.26879,59.506992,135.00887,False,0.92538083,True,True,True,0.71008025,2.26879,59.506992,135.00887,0.70601311,2.2694464,58.815631,133.47892,0.88432013,2.240854,9.0445389,20.267491,0.68751922,2.7098511,18.162076,49.216521,0.64000334,2.3410704,24.391327,57.101814,0.72285946,2.1086745,32.394494,68.309444,0.72833659,2.2155842,29.194115,64.68202,0.73658798,2.27804,25.155138,57.304411
experiment_0a_best,file,16,,5285,091.Mockingbird/Mockingbird_0056_81986.jpg,91,90,091.Mockingbird,76,75,gaussian_blur,gaussian_blur,0,"{""sigma"":1.909201}",0.35171121,4.3419027,3.9901915,0.70348328,0.013011751,0.093350768,0.11126182,0.61013252,-0.098250072,-0.70838259,0.24786845,2.7149796,59.506992,161.56027,False,0.77253681,False,True,False,0.24786845,2.7149796,59.506992,161.56027,0.2341412,2.7026563,58.815631,158.95843,0.7425929,3.1928634,9.0445389,28.877977,0.091829621,2.179885,18.162076,39.591237,-0.018904479,3.1862183,24.391327,77.716093,0.21897677,2.7039095,32.394494,87.591781,0.35006717,2.5399762,29.194115,74.152357,0.46257263,2.66366,25.155138,67.004735
experiment_0a_best,file,16,,5285,091.Mockingbird/Mockingbird_0056_81986.jpg,91,90,091.Mockingbird,76,75,random_erasing,random_erasing,0,"{""area_fraction"":0.095725,""erased"":true,""height"":0.172436,""left"":0.152341,""top"":0.665326,""width"":0.555134}",0.35171121,0.52016878,0.16845757,0.70348328,0.59442019,0.093350768,0.11930828,0.61013252,0.47511192,-0.1350206,0.89729513,1.3258365,59.506992,78.896541,False,0.96092445,True,True,True,0.89729513,1.3258365,59.506992,78.896541,0.89590629,1.3264353,58.815631,78.015128,0.95738248,1.300262,9.0445389,11.760271,0.95094672,1.4168849,18.162076,25.733572,0.84531618,1.4319966,24.391327,34.928297,0.92247963,1.3264801,32.394494,42.970651,0.89708096,1.2600655,29.194115,36.786496,0.876449,1.2598942,25.155138,31.692812
experiment_0a_best,file,16,,361,007.Parakeet_Auklet/Parakeet_Auklet_0025_795975.jpg,7,6,007.Parakeet_Auklet,6,5,identity,identity,0,{},0.00071821641,0.00071821641,0,0.99928206,0.99928206,0.00044649225,0.00044649225,0.99883557,0.99883557,0,1,1,0.11326962,0.11326962,False,1,True,True,True,1,1,0.11326962,0.11326962,1,1,0.11030561,0.11030561,1,1,0.025742559,0.025742559,1,1,0.027754847,0.027754847,1,1,0.047883666,0.047883666,1,1,0.054695662,0.054695662,1,1,0.051735094,0.051735094,1,1,0.058617535,0.058617535
experiment_0a_best,file,16,,361,007.Parakeet_Auklet/Parakeet_Auklet_0025_795975.jpg,7,6,007.Parakeet_Auklet,6,5,horizontal_flip,horizontal_flip,0,"{""flipped"":true}",0.00071821641,0.00030727434,-0.00041094207,0.99928206,0.9996928,0.00044649225,0.00024770939,0.99883557,0.99944509,0.00060951847,0.67437092,0.45959338,0.11326962,0.052057968,False,0.97022587,True,True,True,0.67437092,0.45959338,0.11326962,0.052057968,0.6567448,0.45578221,0.11030561,0.050275335,0.9618031,0.52467182,0.025742559,0.013506395,0.61230051,0.48457343,0.027754847,0.013449261,0.6084205,0.43771219,0.047883666,0.020959264,0.66017673,0.46858501,0.054695662,0.025629567,0.60007801,0.45530929,0.051735094,0.023555469,0.74132596,0.44997024,0.058617535,0.026376146
experiment_0a_best,file,16,,361,007.Parakeet_Auklet/Parakeet_Auklet_0025_795975.jpg,7,6,007.Parakeet_Auklet,6,5,color_jitter,color_jitter,0,"{""brightness"":1.211306,""contrast"":0.703078,""hue"":0.047907,""saturation"":1.275592}",0.00071821641,0.010008036,0.0092898197,0.99928206,0.99004185,0.00044649225,0.0029199845,0.99883557,0.98712187,-0.011713702,0.73639516,13.151352,0.11326962,1.4896486,False,0.96619564,True,True,True,0.73639516,13.151352,0.11326962,1.4896486,0.72862873,13.267714,0.11030561,1.4635033,0.92672752,10.794135,0.025742559,0.27786866,0.72777377,11.313938,0.027754847,0.31401663,0.61771936,13.007458,0.047883666,0.62284479,0.73411535,13.135994,0.054695662,0.71848187,0.72666377,13.507755,0.051735094,0.69882498,0.79808659,13.761697,0.058617535,0.80667676
experiment_0a_best,file,16,,361,007.Parakeet_Auklet/Parakeet_Auklet_0025_795975.jpg,7,6,007.Parakeet_Auklet,6,5,rotation,rotation,0,"{""angle"":-13.764008}",0.00071821641,0.00019071667,-0.00052749974,0.99928206,0.99980932,0.00044649225,0.00010077142,0.99883557,0.99970855,0.00087298352,0.71247345,0.26239517,0.11326962,0.029721402,False,0.97136229,True,True,True,0.71247345,0.26239517,0.11326962,0.029721402,0.69784076,0.26154642,0.11030561,0.028850038,0.9668628,0.27751787,0.025742559,0.0071440201,0.67508047,0.25228437,0.027754847,0.007002114,0.6166929,0.25627914,0.047883666,0.012271585,0.68327265,0.25433423,0.054695662,0.013910979,0.66534146,0.25436927,0.051735094,0.013159818,0.78900797,0.2782397,0.058617535,0.016309726
experiment_0a_best,file,16,,361,007.Parakeet_Auklet/Parakeet_Auklet_0025_795975.jpg,7,6,007.Parakeet_Auklet,6,5,random_resized_crop,random_resized_crop,0,"{""area_fraction"":0.525366,""aspect"":0.987776,""fallback"":false,""height"":0.729292,""left"":0.073744,""top"":0.136048,""width"":0.720377}",0.00071821641,0.0067683957,0.0060501792,0.99928206,0.99325448,0.00044649225,0.0064557171,0.99883557,0.98679877,-0.012036804,0.64095539,13.656453,0.11326962,1.5468613,False,0.94598556,True,True,True,0.64095539,13.656453,0.11326962,1.5468613,0.62759777,13.735516,0.11030561,1.5151045,0.92388913,12.113422,0.025742559,0.31183047,0.5973356,12.444809,0.027754847,0.34540377,0.59670805,14.844475,0.047883666,0.71080791,0.65707825,15.27448,0.054695662,0.8354478,0.59300069,13.500295,0.051735094,0.69843905,0.67101624,11.883182,0.058617535,0.69656282
experiment_0a_best,file,16,,361,007.Parakeet_Auklet/Parakeet_Auklet_0025_795975.jpg,7,6,007.Parakeet_Auklet,6,5,gaussian_blur,gaussian_blur,0,"{""sigma"":1.85247}",0.00071821641,0.12747191,0.12675369,0.99928206,0.88031816,0.00044649225,0.088478893,0.99883557,0.79183927,-0.2069963,0.58978494,213.49609,0.11326962,24.182622,False,0.86396533,True,True,True,0.58978494,213.49609,0.11326962,24.182622,0.58017398,216.12005,0.11030561,23.839254,0.85988387,157.74194,0.025742559,4.0606811,0.63216352,182.66383,0.027754847,5.0698067,0.62689014,255.21531,0.047883666,12.220645,0.5700906,226.871,0.054695662,12.408859,0.5399428,222.82196,0.051735094,11.527715,0.59688984,175.9677,0.058617535,10.314793
experiment_0a_best,file,16,,361,007.Parakeet_Auklet/Parakeet_Auklet_0025_795975.jpg,7,6,007.Parakeet_Auklet,6,5,random_erasing,random_erasing,0,"{""area_fraction"":0.134297,""erased"":true,""height"":0.475152,""left"":0.690762,""top"":0.434618,""width"":0.282639}",0.00071821641,0.00075121311,3.2996701e-05,0.99928206,0.99924904,0.00044649225,0.00054647774,0.99883557,0.99870256,-0.00013300646,0.89304056,1.0782928,0.11326962,0.12213782,False,0.98538566,True,True,True,0.89304056,1.0782928,0.11326962,0.12213782,0.88800506,1.0758406,0.11030561,0.11867126,0.98242136,1.1223657,0.025742559,0.028892564,0.79157038,0.77511939,0.027754847,0.02151332,0.90043344,1.0821944,0.047883666,0.051819434,0.90677747,1.1200468,0.054695662,0.061261699,0.86877513,1.0659561,0.051735094,0.05514734,0.90144519,1.0977471,0.058617535,0.064347226
experiment_0a_best,file,16,,8848,151.Black_capped_Vireo/Black_Capped_Vireo_0012_797473.jpg,151,150,151.Black_capped_Vireo,152,151,identity,identity,0,{},0.0093511445,0.0093511445,0,0.99069244,0.99069244,0.0023247746,0.0023247746,0.98836766,0.98836766,0,1,1,1.8982361,1.8982361,False,0.99999994,True,True,True,1,1,1.8982361,1.8982361,1,1,1.8678142,1.8678142,1,1,0.33848244,0.33848244,1,1,0.35553052,0.35553052,1,1,0.80946275,0.80946275,1,1,1.0316213,1.0316213,1,1,0.92749977,0.92749977,1,1,0.88464667,0.88464667
experiment_0a_best,file,16,,8848,151.Black_capped_Vireo/Black_Capped_Vireo_0012_797473.jpg,151,150,151.Black_capped_Vireo,152,151,horizontal_flip,horizontal_flip,0,"{""flipped"":true}",0.0093511445,0.016420584,0.0070694396,0.99069244,0.98371351,0.0023247746,0.0020178773,0.98836766,0.98169563,-0.0066720317,0.73954324,1.7246461,1.8982361,3.2737854,False,0.97782475,True,True,True,0.73954324,1.7246461,1.8982361,3.2737854,0.73205461,1.7240879,1.8678142,3.2202759,0.96532525,1.7415563,0.33848244,0.58948623,0.71621282,2.0999261,0.35553052,0.7465878,0.69554686,1.822874,0.80946275,1.4755486,0.74691943,1.6717025,1.0316213,1.7245639,0.71482406,1.6540253,0.92749977,1.5341081,0.77115842,1.717282,0.88464667,1.5191878
experiment_0a_best,file,16,,8848,151.Black_capped_Vireo/Black_Capped_Vireo_0012_797473.jpg,151,150,151.Black_capped_Vireo,152,151,color_jitter,color_jitter,0,"{""brightness"":0.900221,""contrast"":1.364669,""hue"":0.062319,""saturation"":1.112761}",0.0093511445,0.048402898,0.039051753,0.99069244,0.95274985,0.0023247746,0.0079603288,0.98836766,0.94478952,-0.043578143,0.8429552,4.9286684,1.8982361,9.3557763,False,0.96720278,True,True,True,0.8429552,4.9286684,1.8982361,9.3557763,0.83961604,4.9414623,1.8678142,9.2297336,0.95729681,4.5217854,0.33848244,1.530545,0.77734188,7.2603148,0.35553052,2.5812635,0.82954814,5.029343,0.80946275,4.0710658,0.86222934,4.7131167,1.0316213,4.8621517,0.83000108,4.8648248,0.92749977,4.5121239,0.86149135,4.7894208,0.88464667,4.2369452
experiment_0a_best,file,16,,8848,151.Black_capped_Vireo/Black_Capped_Vireo_0012_797473.jpg,151,150,151.Black_capped_Vireo,152,151,rotation,rotation,0,"{""angle"":13.794358}",0.0093511445,0.011322883,0.0019717384,0.99069244,0.98874098,0.0023247746,0.0040429458,0.98836766,0.98469803,-0.0036696272,0.80083399,1.0797096,1.8982361,2.0495437,False,0.96565032,True,True,True,0.80083399,1.0797096,1.8982361,2.0495437,0.79536908,1.0767897,1.8678142,2.011243,0.95703172,1.1651233,0.33848244,0.39437379,0.69350555,1.6464725,0.35553052,0.58537122,0.80833888,1.0640124,0.80946275,0.86127836,0.8362529,1.0313356,1.0316213,1.0639477,0.77564774,1.0591502,0.92749977,0.98236153,0.7972587,1.0504888,0.88464667,0.92931141
experiment_0a_best,file,16,,8848,151.Black_capped_Vireo/Black_Capped_Vireo_0012_797473.jpg,151,150,151.Black_capped_Vireo,152,151,random_resized_crop,random_resized_crop,0,"{""area_fraction"":0.653357,""aspect"":1.09296,""fallback"":false,""height"":0.773167,""left"":0.125057,""top"":0.204798,""width"":0.845041}",0.0093511445,0.16078466,0.15143352,0.99069244,0.85147542,0.0023247746,0.001575995,0.98836766,0.84989942,-0.13846824,0.67910577,17.392717,1.8982361,33.015484,False,0.92640078,True,True,True,0.67910577,17.392717,1.8982361,33.015484,0.67307997,17.44141,1.8678142,32.577314,0.88423126,15.838473,0.33848244,5.3610451,0.45324807,24.945192,0.35553052,8.868777,0.57062211,17.993369,0.80946275,14.564962,0.73003375,16.877393,1.0316213,17.411079,0.68098927,17.540559,0.92749977,16.268864,0.74725411,16.09241,0.88464667,14.236097
experiment_0a_best,file,16,,8848,151.Black_capped_Vireo/Black_Capped_Vireo_0012_797473.jpg,151,150,151.Black_capped_Vireo,152,151,gaussian_blur,gaussian_blur,0,"{""sigma"":1.737572}",0.0093511445,0.15870248,0.14935133,0.99069244,0.85325021,0.0023247746,0.0069782282,0.98836766,0.84627198,-0.14209568,0.70427088,15.860947,1.8982361,30.107823,False,0.94993508,True,True,True,0.70427088,15.860947,1.8982361,30.107823,0.69833861,15.925365,1.8678142,29.745623,0.92076148,13.755698,0.33848244,4.6560621,0.39322512,21.451298,0.35553052,7.6265911,0.48053866,15.568896,0.80946275,12.602441,0.73659291,16.545252,1.0316213,17.068435,0.78662704,16.058283,0.92749977,14.894054,0.81755364,14.057466,0.88464667,12.435891
experiment_0a_best,file,16,,8848,151.Black_capped_Vireo/Black_Capped_Vireo_0012_797473.jpg,151,150,151.Black_capped_Vireo,152,151,random_erasing,random_erasing,0,"{""area_fraction"":0.06528,""erased"":true,""height"":0.308341,""left"":0.131498,""top"":0.569816,""width"":0.211714}",0.0093511445,0.015572731,0.0062215868,0.99069244,0.98454791,0.0023247746,0.0037508914,0.98836766,0.98079702,-0.0075706404,0.92292326,1.588034,1.8982361,3.0144635,False,0.98212659,True,True,True,0.92292326,1.588034,1.8982361,3.0144635,0.92105071,1.5864136,1.8678142,2.9631259,0.97862785,1.6366086,0.33848244,0.55396326,0.88773105,1.8608695,0.35553052,0.66159588,0.91955633,1.5501616,0.80946275,1.2547981,0.9394864,1.5397371,1.0316213,1.5884256,0.91292546,1.6097304,0.92749977,1.4930246,0.91651029,1.6048698,0.88464667,1.4197427
experiment_0a_best,file,16,,2931,051.Horned_Grebe/Horned_Grebe_0033_34736.jpg,51,50,051.Horned_Grebe,50,49,identity,identity,0,{},2.934428,2.934428,0,0.053161114,0.053161114,0.66284132,0.66284132,-0.60968021,-0.60968021,0,1,1,187.53366,187.53366,False,1,True,False,False,1,1,187.53366,187.53366,1,1,184.97373,184.97373,1,1,30.880334,30.880334,1,1,36.664875,36.664875,1,1,76.92843,76.92843,1,1,109.7115,109.7115,1,1,95.895049,95.895049,1,1,75.634041,75.634041
experiment_0a_best,file,16,,2931,051.Horned_Grebe/Horned_Grebe_0033_34736.jpg,51,50,051.Horned_Grebe,50,49,horizontal_flip,horizontal_flip,0,"{""flipped"":true}",2.934428,2.7241049,-0.2103231,0.053161114,0.065604895,0.66284132,0.65910727,-0.60968021,-0.59350237,0.016177833,0.63387029,0.9829205,187.53366,184.33068,False,0.97258961,True,False,False,0.63387029,0.9829205,187.53366,184.33068,0.6243841,0.98274409,184.97373,181.78184,0.97201971,0.98922932,30.880334,30.547732,0.31966747,1.1178688,36.664875,40.986521,0.46030037,0.99197496,76.92843,76.311076,0.6517375,0.96099872,109.7115,105.43262,0.65741603,0.96956404,95.895049,92.976391,0.76723173,1.0052486,75.634041,76.031013
experiment_0a_best,file,16,,2931,051.Horned_Grebe/Horned_Grebe_0033_34736.jpg,51,50,051.Horned_Grebe,50,49,color_jitter,color_jitter,0,"{""brightness"":0.729421,""contrast"":0.604905,""hue"":-0.087535,""saturation"":0.785009}",2.934428,1.8823464,-1.0520816,0.053161114,0.15223248,0.66284132,0.026955035,-0.60968021,0.12527745,0.73495765,0.058783846,0.95390682,187.53366,178.88964,False,0.85466647,False,False,False,0.058783846,0.95390682,187.53366,178.88964,0.045955725,0.95781545,184.97373,177.17069,0.6099904,0.80114474,30.880334,24.739617,-0.27815828,0.80192725,36.664875,29.402562,-0.16387888,1.0525904,76.92843,80.974128,0.00758929,0.90537814,109.7115,99.330399,0.15243759,0.89889972,95.895049,86.200032,0.2402207,1.0798996,75.634041,81.677172
experiment_0a_best,file,16,,2931,051.Horned_Grebe/Horned_Grebe_0033_34736.jpg,51,50,051.Horned_Grebe,50,49,rotation,rotation,0,"{""angle"":-11.334958}",2.934428,4.70964,1.775212,0.053161114,0.0090080183,0.66284132,0.36380115,-0.60968021,-0.35479313,0.25488707,0.73690884,1.13315,187.53366,212.50377,False,0.94294399,False,False,False,0.73690884,1.13315,187.53366,212.50377,0.73350399,1.1366427,184.97373,210.24904,0.88172495,0.99978843,30.880334,30.873801,0.58510353,1.3790253,36.664875,50.56179,0.70177992,1.1965908,76.92843,92.051855,0.74918005,1.1018397,109.7115,120.88449,0.75391328,1.1415359,95.895049,109.46765,0.75345056,1.0723651,75.634041,81.107306
experiment_0a_best,file,16,,2931,051.Horned_Grebe/Horned_Grebe_0033_34736.jpg,51,50,051.Horned_Grebe,50,49,random_resized_crop,random_resized_crop,0,"{""area_fraction"":0.684846,""aspect"":1.24809,""fallback"":false,""height"":0.740753,""left"":0.073038,""top"":0.224356,""width"":0.924527}",2.934428,0.63018191,-2.3042461,0.053161114,0.5324949,0.66284132,0.38443744,-0.60968021,0.14805746,0.75773767,0.66525295,0.54717759,187.53366,102.61422,False,0.94428432,False,False,True,0.66525295,0.54717759,187.53366,102.61422,0.65802411,0.54760094,184.97373,101.29179,0.9326293,0.53176483,30.880334,16.421076,0.43112807,0.68339199,36.664875,25.056482,0.54690132,0.4930539,76.92843,37.929863,0.67677166,0.55525942,109.7115,60.918347,0.69315367,0.54210012,95.895049,51.984717,0.73909206,0.55782894,75.634041,42.190857
experiment_0a_best,file,16,,2931,051.Horned_Grebe/Horned_Grebe_0033_34736.jpg,51,50,051.Horned_Grebe,50,49,gaussian_blur,gaussian_blur,0,"{""sigma"":1.729686}",2.934428,5.7026062,2.7681782,0.053161114,0.0033372561,0.66284132,0.089509651,-0.60968021,-0.086172395,0.52350781,0.353442,1.0515982,187.53366,197.21007,False,0.85045791,False,False,False,0.353442,1.0515982,187.53366,197.21007,0.34322668,1.0470955,184.97373,193.68515,0.6759881,1.2020504,30.880334,37.119717,-0.1021196,1.1912979,36.664875,43.67879,0.12181003,0.98878996,76.92843,76.066059,0.32596471,0.99851598,109.7115,109.54869,0.45976422,1.1107506,95.895049,106.51549,0.5149296,1.0637885,75.634041,80.458624
experiment_0a_best,file,16,,2931,051.Horned_Grebe/Horned_Grebe_0033_34736.jpg,51,50,051.Horned_Grebe,50,49,random_erasing,random_erasing,0,"{""area_fraction"":0.055,""erased"":true,""height"":0.350191,""left"":0.088073,""top"":0.532218,""width"":0.157056}",2.934428,3.418606,0.48417807,0.053161114,0.032758068,0.66284132,0.69196558,-0.60968021,-0.65920751,-0.049527306,0.91652118,0.98497319,187.53366,184.71563,False,0.97743511,True,False,False,0.91652118,0.98497319,187.53366,184.71563,0.91487941,0.98531282,184.97373,182.25698,0.97626565,0.9727088,30.880334,30.037573,0.80542207,0.99240562,36.664875,36.386428,0.8698844,0.93786955,76.92843,72.148832,0.93671828,0.98460107,109.7115,108.02207,0.9315613,0.99951469,95.895049,95.84851,0.91354273,1.0097393,75.634041,76.370666
experiment_0a_best,file,16,,2071,037.Acadian_Flycatcher/Acadian_Flycatcher_0054_29113.jpg,37,36,037.Acadian_Flycatcher,39,38,identity,identity,0,{},4.8294163,4.8294163,0,0.0079911826,0.0079911826,0.44268164,0.44268164,-0.43469046,-0.43469046,0,1,1,141.09228,141.09228,False,0.99999988,True,False,False,1,1,141.09228,141.09228,1,1,136.66678,136.66678,1,1,35.06026,35.06026,1,1,38.479067,38.479067,1,1,59.313905,59.313905,1,1,71.689288,71.689288,1,1,64.890036,64.890036,1,1,65.79484,65.79484
experiment_0a_best,file,16,,2071,037.Acadian_Flycatcher/Acadian_Flycatcher_0054_29113.jpg,37,36,037.Acadian_Flycatcher,39,38,horizontal_flip,horizontal_flip,0,"{""flipped"":true}",4.8294163,3.6950243,-1.134392,0.0079911826,0.024846854,0.44268164,0.5898459,-0.43469046,-0.56499904,-0.13030858,0.72111776,1.1227801,141.09228,158.41561,False,0.96742308,True,False,False,0.72111776,1.1227801,141.09228,158.41561,0.70703223,1.1279189,136.66678,154.14905,0.955042,1.0415827,35.06026,36.518159,0.80423156,1.1137312,38.479067,42.855335,0.71403788,1.1883714,59.313905,70.486949,0.6963021,1.0532688,71.689288,75.508089,0.65659741,1.1708418,64.890036,75.975965,0.73426878,1.1254393,65.79484,74.048097
experiment_0a_best,file,16,,2071,037.Acadian_Flycatcher/Acadian_Flycatcher_0054_29113.jpg,37,36,037.Acadian_Flycatcher,39,38,color_jitter,color_jitter,0,"{""brightness"":1.378881,""contrast"":0.974926,""hue"":-0.008765,""saturation"":1.246512}",4.8294163,6.1818528,1.3524365,0.0079911826,0.0020665952,0.44268164,0.075477116,-0.43469046,-0.073410521,0.36127994,0.74258877,0.98478076,141.09228,138.94496,False,0.96085012,False,False,False,0.74258877,0.98478076,141.09228,138.94496,0.73457817,0.97499881,136.66678,133.24995,0.85516926,1.1229805,35.06026,39.371989,0.79872852,1.133179,38.479067,43.603672,0.71061695,0.8965104,59.313905,53.175533,0.75849479,0.99951572,71.689288,71.65457,0.70807564,0.92379065,64.890036,59.944809,0.72910144,0.9965189,65.79484,65.565801
experiment_0a_best,file,16,,2071,037.Acadian_Flycatcher/Acadian_Flycatcher_0054_29113.jpg,37,36,037.Acadian_Flycatcher,39,38,rotation,rotation,0,"{""angle"":-13.551335}",4.8294163,3.248199,-1.5812173,0.0079911826,0.038844105,0.44268164,0.057934757,-0.43469046,-0.019090652,0.41559981,0.70425923,1.1562953,141.09228,163.14434,False,0.94505328,False,False,False,0.70425923,1.1562953,141.09228,163.14434,0.69495146,1.1568671,136.66678,158.10531,0.84685636,1.1475713,35.06026,40.234148,0.72811023,0.77250398,38.479067,29.725232,0.76365078,1.2115441,59.313905,71.861412,0.71169193,1.2259594,71.689288,87.888156,0.66718473,1.1602652,64.890036,75.28965,0.64936497,1.1329733,65.79484,74.5438
experiment_0a_best,file,16,,2071,037.Acadian_Flycatcher/Acadian_Flycatcher_0054_29113.jpg,37,36,037.Acadian_Flycatcher,39,38,random_resized_crop,random_resized_crop,0,"{""area_fraction"":0.538229,""aspect"":0.778934,""fallback"":false,""height"":0.831253,""left"":0.276755,""top"":0.029652,""width"":0.647491}",4.8294163,4.7990332,-0.03038311,0.0079911826,0.0082377074,0.44268164,0.02769802,-0.43469046,-0.019460312,0.41523015,0.62858168,1.2303659,141.09228,173.59513,False,0.91969121,False,False,False,0.62858168,1.2303659,141.09228,173.59513,0.61882255,1.2285429,136.66678,167.90101,0.77359005,1.2577408,35.06026,44.09672,0.53507836,1.0334591,38.479067,39.766543,0.65033448,1.1842579,59.313905,70.242963,0.70183268,1.2959176,71.689288,92.903411,0.56854261,1.2197062,64.890036,79.146781,0.5680034,1.2514812,65.79484,82.341007
experiment_0a_best,file,16,,2071,037.Acadian_Flycatcher/Acadian_Flycatcher_0054_29113.jpg,37,36,037.Acadian_Flycatcher,39,38,gaussian_blur,gaussian_blur,0,"{""sigma"":1.099726}",4.8294163,3.6941168,-1.1352994,0.0079911826,0.024869408,0.44268164,0.22606182,-0.43469046,-0.20119241,0.23349805,0.73985893,1.2780383,141.09228,180.32134,False,0.94964099,False,False,False,0.73985893,1.2780383,141.09228,180.32134,0.7317382,1.2940421,136.66678,176.85258,0.92168771,1.0039499,35.06026,35.198745,0.63679123,1.4012463,38.479067,53.918651,0.71234357,1.3797466,59.313905,81.83816,0.7649756,1.3728474,71.689288,98.418454,0.73081947,1.2801569,64.890036,83.069429,0.76094177,1.0838545,65.79484,71.312032
experiment_0a_best,file,16,,2071,037.Acadian_Flycatcher/Acadian_Flycatcher_0054_29113.jpg,37,36,037.Acadian_Flycatcher,39,38,random_erasing,random_erasing,0,"{""area_fraction"":0.11551,""erased"":true,""height"":0.239431,""left"":0.229723,""top"":0.359392,""width"":0.482437}",4.8294163,1.8696012,-2.959815,0.0079911826,0.15418513,0.44268164,0.25578716,-0.43469046,-0.10160203,0.33308842,0.6033408,1.0278045,141.09228,145.01528,False,0.86070472,True,False,False,0.6033408,1.0278045,141.09228,145.01528,0.59325131,1.0429063,136.66678,142.53064,0.84151876,0.76237675,35.06026,26.729127,0.83318104,1.0985814,38.479067,42.272385,0.54523876,1.1429458,59.313905,67.792577,0.58288837,1.0390714,71.689288,74.490292,0.57154738,1.0287793,64.890036,66.757523,0.58689923,0.95242105,65.79484,62.66439
experiment_0a_best,file,16,,662,013.Bobolink/Bobolink_0104_10273.jpg,13,12,013.Bobolink,108,107,identity,identity,0,{},0.0013277057,0.0013277057,0,0.9986732,0.9986732,0.0005150683,0.0005150683,0.99815813,0.99815813,0,1,1,0.17790528,0.17790528,False,1,True,True,True,1,1,0.17790528,0.17790528,1,1,0.1729776,0.1729776,1,1,0.041581688,0.041581688,1,1,0.038930492,0.038930492,1,1,0.082770659,0.082770659,1,1,0.083150907,0.083150907,1,1,0.080158773,0.080158773,1,1,0.090637647,0.090637647
experiment_0a_best,file,16,,662,013.Bobolink/Bobolink_0104_10273.jpg,13,12,013.Bobolink,108,107,horizontal_flip,horizontal_flip,0,"{""flipped"":true}",0.0013277057,0.00053605967,-0.00079164602,0.9986732,0.99946409,0.0005150683,9.0941758e-05,0.99815813,0.99937315,0.0012150206,0.63608343,0.41374403,0.17790528,0.073607246,False,0.97782058,True,True,True,0.63608343,0.41374403,0.17790528,0.073607246,0.61843813,0.41445267,0.1729776,0.071691029,0.95177389,0.40128264,0.041581688,0.01668601,0.65432523,0.38016022,0.038930492,0.014799824,0.62646231,0.39611152,0.082770659,0.032786411,0.56890995,0.42017992,0.083150907,0.034938342,0.50584255,0.41884155,0.080158773,0.033573825,0.73496058,0.4269807,0.090637647,0.038700526
experiment_0a_best,file,16,,662,013.Bobolink/Bobolink_0104_10273.jpg,13,12,013.Bobolink,108,107,color_jitter,color_jitter,0,"{""brightness"":1.297703,""contrast"":0.940069,""hue"":-0.023862,""saturation"":1.182763}",0.0013277057,0.0016389759,0.00031127024,0.9986732,0.99836236,0.0005150683,0.0006559529,0.99815813,0.99770641,-0.00045172282,0.77296828,1.2913973,0.17790528,0.2297464,False,0.98135126,True,True,True,0.77296828,1.2913973,0.17790528,0.2297464,0.76169283,1.295089,0.1729776,0.22402138,0.98023874,1.2257535,0.041581688,0.050968902,0.35066891,1.5306379,0.038930492,0.059588487,0.70309573,1.1988172,0.082770659,0.099226889,0.75355499,1.3928132,0.083150907,0.11581368,0.79239412,1.283154,0.080158773,0.10285605,0.89125595,1.2480712,0.090637647,0.11312223
experiment_0a_best,file,16,,662,013.Bobolink/Bobolink_0104_10273.jpg,13,12,013.Bobolink,108,107,rotation,rotation,0,"{""angle"":-4.302917}",0.0013277057,0.003271349,0.0019436433,0.9986732,0.99673402,0.0005150683,0.0010289726,0.99815813,0.99570505,-0.0024530818,0.7994294,2.7568641,0.17790528,0.49046068,False,0.97806025,True,True,True,0.7994294,2.7568641,0.17790528,0.49046068,0.7918022,2.7797798,0.1729776,0.48083964,0.96945983,2.3247998,0.041581688,0.096669099,0.80577263,2.8753349,0.038930492,0.1119382,0.81260233,2.8034729,0.082770659,0.2320453,0.70693889,2.9726996,0.083150907,0.24718267,0.7810849,2.7959468,0.080158773,0.22411967,0.86699919,2.5519911,0.090637647,0.23130647
experiment_0a_best,file,16,,662,013.Bobolink/Bobolink_0104_10273.jpg,13,12,013.Bobolink,108,107,random_resized_crop,random_resized_crop,0,"{""area_fraction"":0.834053,""aspect"":0.847023,""fallback"":false,""height"":0.992314,""left"":0.141082,""top"":0.006746,""width"":0.840513}",0.0013277057,0.00077086769,-0.000556838,0.9986732,0.99922943,0.0005150683,0.00013053938,0.99815813,0.99909889,0.00094075946,0.67132042,0.62703383,0.17790528,0.11155263,False,0.97853744,True,True,True,0.67132042,0.62703383,0.17790528,0.11155263,0.65657785,0.62989744,0.1729776,0.10895815,0.95332083,0.57522525,0.041581688,0.023918837,0.60212655,0.70793271,0.038930492,0.027560169,0.61676111,0.55871833,0.082770659,0.046245485,0.56801834,0.67939665,0.083150907,0.056492447,0.65855548,0.64003116,0.080158773,0.051304113,0.78459789,0.61923828,0.090637647,0.0561263
experiment_0a_best,file,16,,662,013.Bobolink/Bobolink_0104_10273.jpg,13,12,013.Bobolink,108,107,gaussian_blur,gaussian_blur,0,"{""sigma"":1.861875}",0.0013277057,0.021018622,0.019690917,0.9986732,0.97920072,0.0005150683,0.0026738767,0.99815813,0.97652684,-0.021631288,0.36780423,22.444873,0.17790528,3.9930613,False,0.87391746,True,True,True,0.36780423,22.444873,0.17790528,3.9930613,0.35264248,22.818925,0.1729776,3.9471628,0.81701921,14.518215,0.041581688,0.60369191,0.2295135,26.658003,0.038930492,1.0378092,0.35733432,22.32658,0.082770659,1.8479857,0.23693499,26.725799,0.083150907,2.2222745,0.36904999,24.559177,0.080158773,1.9686335,0.54744721,16.637348,0.090637647,1.5079701
experiment_0a_best,file,16,,662,013.Bobolink/Bobolink_0104_10273.jpg,13,12,013.Bobolink,108,107,random_erasing,random_erasing,0,"{""area_fraction"":0.163423,""erased"":true,""height"":0.4057,""left"":0.253315,""top"":0.429117,""width"":0.402818}",0.0013277057,0.48553985,0.48421215,0.9986732,0.61536491,0.0005150683,0.0094567323,0.99815813,0.60590818,-0.39224996,0.485582,289.25323,0.17790528,51.459676,False,0.83134121,True,True,True,0.485582,289.25323,0.17790528,51.459676,0.47295851,292.15337,0.1729776,50.535989,0.77072255,233.42693,0.041581688,9.706286,0.38375741,296.94022,0.038930492,11.560029,0.45781238,261.8149,0.082770659,21.670592,0.42594151,323.5089,0.083150907,26.900059,0.4736755,309.41112,0.080158773,24.802016,0.55578342,272.91413,0.090637647,24.736294
experiment_0a_best,file,16,,3271,057.Rose_breasted_Grosbeak/Rose_Breasted_Grosbeak_0012_39149.jpg,57,56,057.Rose_breasted_Grosbeak,192,191,identity,identity,0,{},0.004803902,0.004803902,0,0.99520761,0.99520761,0.0019305152,0.0019305152,0.99327709,0.99327709,0,1,1,0.74555936,0.74555936,False,0.99999994,True,True,True,1,1,0.74555936,0.74555936,1,1,0.7328903,0.7328903,1,1,0.13685964,0.13685964,1,1,0.18664701,0.18664701,1,1,0.25599597,0.25599597,1,1,0.3420033,0.3420033,1,1,0.36094316,0.36094316,1,1,0.43532853,0.43532853
experiment_0a_best,file,16,,3271,057.Rose_breasted_Grosbeak/Rose_Breasted_Grosbeak_0012_39149.jpg,57,56,057.Rose_breasted_Grosbeak,192,191,horizontal_flip,horizontal_flip,0,"{""flipped"":true}",0.004803902,0.0031904294,-0.0016134726,0.99520761,0.99681467,0.0019305152,0.001070581,0.99327709,0.99574409,0.0024669946,0.67951245,0.67376692,0.74555936,0.50233323,False,0.97550547,True,True,True,0.67951245,0.67376692,0.74555936,0.50233323,0.669347,0.67392554,0.7328903,0.49391349,0.97309637,0.66920226,0.13685964,0.091586781,0.74345222,0.52555488,0.18664701,0.098093247,0.53587921,0.64505137,0.25599597,0.16513055,0.61310882,0.665234,0.3420033,0.22751222,0.60945962,0.74246112,0.36094316,0.26798627,0.79003369,0.66371026,0.43532853,0.28893201
experiment_0a_best,file,16,,3271,057.Rose_breasted_Grosbeak/Rose_Breasted_Grosbeak_0012_39149.jpg,57,56,057.Rose_breasted_Grosbeak,192,191,color_jitter,color_jitter,0,"{""brightness"":1.082803,""contrast"":0.996411,""hue"":-0.03532,""saturation"":0.835634}",0.004803902,0.0068851365,0.0020812345,0.99520761,0.99313849,0.0019305152,0.0032330023,0.99327709,0.98990549,-0.0033716027,0.85169372,1.3109046,0.74555936,0.97735721,False,0.986884,True,True,True,0.85169372,1.3109046,0.74555936,0.97735721,0.84674542,1.302021,0.7328903,0.95423858,0.9832633,1.5440584,0.13685964,0.21131928,0.69223885,0.91505006,0.18664701,0.17079136,0.76404016,1.2190631,0.25599597,0.31207524,0.78234491,1.2813816,0.3420033,0.43823674,0.86178214,1.409235,0.36094316,0.50865375,0.92953892,1.3260359,0.43532853,0.57726125
experiment_0a_best,file,16,,3271,057.Rose_breasted_Grosbeak/Rose_Breasted_Grosbeak_0012_39149.jpg,57,56,057.Rose_breasted_Grosbeak,192,191,rotation,rotation,0,"{""angle"":5.135754}",0.004803902,0.0062099597,0.0014060577,0.99520761,0.99380928,0.0019305152,0.0028264236,0.99327709,0.99098286,-0.0022942334,0.82534049,1.2704846,0.74555936,0.94722167,False,0.98801672,True,True,True,0.82534049,1.2704846,0.74555936,0.94722167,0.81950936,1.2686103,0.7328903,0.92975217,0.98637486,1.3231039,0.13685964,0.18107953,0.69208095,0.94921629,0.18664701,0.17716839,0.7004838,1.1734467,0.25599597,0.30039763,0.75668538,1.2351556,0.3420033,0.4224273,0.81899725,1.3181193,0.36094316,0.47576614,0.91548171,1.3355184,0.43532853,0.58138927
experiment_0a_best,file,16,,3271,057.Rose_breasted_Grosbeak/Rose_Breasted_Grosbeak_0012_39149.jpg,57,56,057.Rose_breasted_Grosbeak,192,191,random_resized_crop,random_resized_crop,0,"{""area_fraction"":0.772684,""aspect"":0.814334,""fallback"":false,""height"":0.974092,""left"":0.038485,""top"":0.018829,""width"":0.793236}",0.004803902,0.0007585985,-0.0040453035,0.99520761,0.99924171,0.0019305152,0.00010947072,0.99327709,0.99913224,0.0058551464,0.73606356,0.16373963,0.74555936,0.12207761,False,0.97862113,True,True,True,0.73606356,0.16373963,0.74555936,0.12207761,0.72885536,0.1638889,0.7328903,0.12011259,0.94886649,0.15939945,0.13685964,0.021815351,0.63404158,0.17163408,0.18664701,0.032034989,0.53628421,0.1384759,0.25599597,0.035449272,0.66852733,0.17515039,0.3420033,0.059902012,0.71756781,0.16120286,0.36094316,0.058185072,0.85414827,0.16517505,0.43532853,0.071905413
experiment_0a_best,file,16,,3271,057.Rose_breasted_Grosbeak/Rose_Breasted_Grosbeak_0012_39149.jpg,57,56,057.Rose_breasted_Grosbeak,192,191,gaussian_blur,gaussian_blur,0,"{""sigma"":1.563467}",0.004803902,0.0051369821,0.00033308007,0.99520761,0.99487621,0.0019305152,0.0018247409,0.99327709,0.99305147,-0.00022562756,0.56782806,1.2099805,0.74555936,0.90211226,False,0.94965583,True,True,True,0.56782806,1.2099805,0.74555936,0.90211226,0.55437376,1.2091484,0.7328903,0.88617312,0.94611275,1.2336032,0.13685964,0.16883049,0.4784555,1.3040017,0.18664701,0.24338802,0.23904169,1.2576771,0.25599597,0.32196028,0.4404414,1.2431133,0.3420033,0.42514887,0.58826104,1.3015663,0.36094316,0.46979144,0.75658896,1.0797692,0.43532853,0.47005434
experiment_0a_best,file,16,,3271,057.Rose_breasted_Grosbeak/Rose_Breasted_Grosbeak_0012_39149.jpg,57,56,057.Rose_breasted_Grosbeak,192,191,random_erasing,random_erasing,0,"{""area_fraction"":0.161053,""erased"":true,""height"":0.251683,""left"":0.123222,""top"":0.665813,""width"":0.639902}",0.004803902,0.007300959,0.002497057,0.99520761,0.99272561,0.0019305152,0.0024737113,0.99327709,0.9902519,-0.0030251931,0.93905588,1.4660082,0.74555936,1.0929961,False,0.98926914,True,True,True,0.93905588,1.4660082,0.74555936,1.0929961,0.93747496,1.4682109,0.7328903,1.0760375,0.98754002,1.4013699,0.13685964,0.19179099,0.94607017,1.4200706,0.18664701,0.26505193,0.93248017,1.5263515,0.25599597,0.39073982,0.93554918,1.4786253,0.3420033,0.50569473,0.9263787,1.4733308,0.36094316,0.53178866,0.94720958,1.4462716,0.43532853,0.62960331
experiment_0a_best,file,16,,11283,192.Downy_Woodpecker/Downy_Woodpecker_0041_184528.jpg,192,191,192.Downy_Woodpecker,57,56,identity,identity,0,{},0.00043275527,0.00043275527,0,0.99956733,0.99956733,6.451051e-05,6.451051e-05,0.99950282,0.99950282,0,1,1,0.068258717,0.068258717,False,1,True,True,True,1,1,0.068258717,0.068258717,1,1,0.066990674,0.066990674,1,1,0.01309588,0.01309588,1,1,0.015128563,0.015128563,1,1,0.026774751,0.026774751,1,1,0.033341308,0.033341308,1,1,0.033172708,0.033172708,1,1,0.036468045,0.036468045
experiment_0a_best,file,16,,11283,192.Downy_Woodpecker/Downy_Woodpecker_0041_184528.jpg,192,191,192.Downy_Woodpecker,57,56,horizontal_flip,horizontal_flip,0,"{""flipped"":true}",0.00043275527,0.00066258409,0.00022982882,0.99956733,0.99933761,6.451051e-05,0.00016150462,0.99950282,0.99917611,-0.00032671041,0.64159627,1.4803956,0.068258717,0.1010499,False,0.98673141,True,True,True,0.64159627,1.4803956,0.068258717,0.1010499,0.62819747,1.4783468,0.066990674,0.099035446,0.98010692,1.5330341,0.01309588,0.02007643,0.51821589,1.1655143,0.015128563,0.017632556,0.47326543,1.4017341,0.026774751,0.037531081,0.56595343,1.4943339,0.033341308,0.049823047,0.60912722,1.5007329,0.033172708,0.049783376,0.78833684,1.5335844,0.036468045,0.055926827
experiment_0a_best,file,16,,11283,192.Downy_Woodpecker/Downy_Woodpecker_0041_184528.jpg,192,191,192.Downy_Woodpecker,57,56,color_jitter,color_jitter,0,"{""brightness"":1.210089,""contrast"":1.194211,""hue"":0.081648,""saturation"":0.715344}",0.00043275527,0.02028751,0.019854755,0.99956733,0.97991687,6.451051e-05,0.00042929593,0.99950282,0.97948757,-0.020015245,0.76710296,49.944293,0.068258717,3.4091334,False,0.92106569,True,True,True,0.76710296,49.944293,0.068258717,3.4091334,0.76385394,50.294943,0.066990674,3.3692921,0.89586129,39.682245,0.01309588,0.5196739,0.6815694,54.364816,0.015128563,0.82246154,0.73494875,49.577707,0.026774751,1.3274308,0.7853076,51.886649,0.033341308,1.7299688,0.75375725,53.187866,0.033172708,1.7643856,0.79197537,45.948141,0.036468045,1.6756389
experiment_0a_best,file,16,,11283,192.Downy_Woodpecker/Downy_Woodpecker_0041_184528.jpg,192,191,192.Downy_Woodpecker,57,56,rotation,rotation,0,"{""angle"":0.257276}",0.00043275527,0.00035291642,-7.983885e-05,0.99956733,0.99964714,6.451051e-05,5.5712913e-05,0.99950282,0.99959143,8.8608216e-05,0.94882243,0.87032915,0.068258717,0.059407551,False,0.99697864,True,True,True,0.94882243,0.87032915,0.068258717,0.059407551,0.94719438,0.8723297,0.066990674,0.058437955,0.99637548,0.81623904,0.01309588,0.010689368,0.94857328,0.91642515,0.015128563,0.013864196,0.93117406,0.95572899,0.026774751,0.025589406,0.93507639,0.8696189,0.033341308,0.028994232,0.94606499,0.84451837,0.033172708,0.028014961,0.97179233,0.84181835,0.036468045,0.030699469
experiment_0a_best,file,16,,11283,192.Downy_Woodpecker/Downy_Woodpecker_0041_184528.jpg,192,191,192.Downy_Woodpecker,57,56,random_resized_crop,random_resized_crop,0,"{""area_fraction"":0.882293,""aspect"":1.101069,""fallback"":false,""height"":0.895157,""left"":0.012921,""top"":0.009798,""width"":0.98563}",0.00043275527,0.0004858982,5.3142925e-05,0.99956733,0.99951422,6.451051e-05,7.3175965e-05,0.99950282,0.99944105,-6.1773193e-05,0.84893889,1.0997127,0.068258717,0.075064979,False,0.9901616,True,True,True,0.84893889,1.0997127,0.068258717,0.075064979,0.84354878,1.0995873,0.066990674,0.073662095,0.98955241,1.1029893,0.01309588,0.014444615,0.68054644,1.0639565,0.015128563,0.016096132,0.82136444,1.05548,0.026774751,0.028260215,0.83744504,1.1463289,0.033341308,0.038220106,0.82737611,1.1093481,0.033172708,0.036800081,0.90324344,1.0807446,0.036468045,0.039412643
experiment_0a_best,file,16,,11283,192.Downy_Woodpecker/Downy_Woodpecker_0041_184528.jpg,192,191,192.Downy_Woodpecker,57,56,gaussian_blur,gaussian_blur,0,"{""sigma"":1.741237}",0.00043275527,0.099150568,0.098717813,0.99956733,0.90560633,6.451051e-05,0.0013175004,0.99950282,0.90428883,-0.09521399,0.39293061,329.68713,0.068258717,22.504021,False,0.82278305,True,True,True,0.39293061,329.68713,0.068258717,22.504021,0.38576306,333.34448,0.066990674,22.330972,0.72620267,212.69554,0.01309588,2.7854352,0.10286449,352.82337,0.015128563,5.3377105,0.17401572,361.603,0.026774751,9.6818304,0.40658795,383.03748,0.033341308,12.770971,0.44625902,358.80373,0.033172708,11.902491,0.56469509,232.15355,0.036468045,8.4661863
experiment_0a_best,file,16,,11283,192.Downy_Woodpecker/Downy_Woodpecker_0041_184528.jpg,192,191,192.Downy_Woodpecker,57,56,random_erasing,random_erasing,0,"{""area_fraction"":0.167944,""erased"":true,""height"":0.519787,""left"":0.648056,""top"":0.395558,""width"":0.323102}",0.00043275527,0.00079576293,0.00036300765,0.99956733,0.99920458,6.451051e-05,4.5217912e-05,0.99950282,0.99915936,-0.00034346127,0.86717802,1.9269532,0.068258717,0.13153135,False,0.98358577,True,True,True,0.86717802,1.9269532,0.068258717,0.13153135,0.86351056,1.9285192,0.066990674,0.1291928,0.96554711,1.885513,0.01309588,0.024692451,0.82354303,1.8367443,0.015128563,0.027787302,0.8819964,2.05044,0.026774751,0.054900021,0.88013312,2.1388098,0.033341308,0.071310716,0.82513388,1.8782162,0.033172708,0.062305519,0.88830429,1.7206572,0.036468045,0.062749002
experiment_0a_best,file,16,,9371,160.Black_throated_Blue_Warbler/Black_Throated_Blue_Warbler_0133_161539.jpg,160,159,160.Black_throated_Blue_Warbler,152,151,identity,identity,0,{},1.8969477,1.8969477,0,0.15002583,0.15002583,0.0667632,0.0667632,0.08326263,0.08326263,0,1,1,152.85949,152.85949,False,1,True,True,True,1,1,152.85949,152.85949,1,1,151.20372,151.20372,1,1,22.43788,22.43788,1,1,41.836875,41.836875,1,1,86.546679,86.546679,1,1,73.005248,73.005248,1,1,67.736211,67.736211,1,1,60.8601,60.8601
experiment_0a_best,file,16,,9371,160.Black_throated_Blue_Warbler/Black_Throated_Blue_Warbler_0133_161539.jpg,160,159,160.Black_throated_Blue_Warbler,152,151,horizontal_flip,horizontal_flip,0,"{""flipped"":true}",1.8969477,1.5741006,-0.32284713,0.15002583,0.20719382,0.0667632,0.098412022,0.08326263,0.1087818,0.02551917,0.65432311,0.86927759,152.85949,132.87733,False,0.93189871,True,True,True,0.65432311,0.86927759,152.85949,132.87733,0.64797316,0.86764152,151.20372,131.19062,0.92240301,0.94057926,22.43788,21.104604,0.81526982,0.9074468,41.836875,37.964738,0.71082239,0.69568877,86.546679,60.209553,0.60273556,0.92622547,73.005248,67.61932,0.5801615,0.9334689,67.736211,63.229646,0.65806112,0.98231582,60.8601,59.783839
experiment_0a_best,file,16,,9371,160.Black_throated_Blue_Warbler/Black_Throated_Blue_Warbler_0133_161539.jpg,160,159,160.Black_throated_Blue_Warbler,152,151,color_jitter,color_jitter,0,"{""brightness"":0.894678,""contrast"":1.325492,""hue"":-0.018487,""saturation"":0.98298}",1.8969477,2.5969002,0.69995248,0.15002583,0.074504167,0.0667632,0.061992902,0.08326263,0.012511265,-0.070751365,0.91013498,1.0446141,152.85949,159.67917,False,0.98171335,True,True,True,0.91013498,1.0446141,152.85949,159.67917,0.9085633,1.0438481,151.20372,157.83372,0.97967635,1.0788218,22.43788,24.206474,0.92088023,1.1086841,41.836875,46.383876,0.92284149,0.93114527,86.546679,80.587531,0.90682858,1.0771275,73.005248,78.635961,0.89821849,1.0944413,67.736211,74.133308,0.90816544,1.1127533,60.8601,67.722279
experiment_0a_best,file,16,,9371,160.Black_throated_Blue_Warbler/Black_Throated_Blue_Warbler_0133_161539.jpg,160,159,160.Black_throated_Blue_Warbler,152,151,rotation,rotation,0,"{""angle"":-1.11968}",1.8969477,2.6294627,0.73251498,0.15002583,0.072117202,0.0667632,0.19079897,0.08326263,-0.11868177,-0.2019444,0.86475887,1.0950224,152.85949,167.38455,False,0.97601479,False,True,False,0.86475887,1.0950224,152.85949,167.38455,0.86248873,1.0947608,151.20372,165.5319,0.96677459,1.1068359,22.43788,24.835051,0.8110943,1.1807476,41.836875,49.398789,0.8627941,0.97341946,86.546679,84.246222,0.85782489,1.1803602,73.005248,86.172486,0.87808824,1.1365848,67.736211,76.987947,0.89164699,1.1034944,60.8601,67.15878
experiment_0a_best,file,16,,9371,160.Black_throated_Blue_Warbler/Black_Throated_Blue_Warbler_0133_161539.jpg,160,159,160.Black_throated_Blue_Warbler,152,151,random_resized_crop,random_resized_crop,0,"{""area_fraction"":0.660576,""aspect"":1.035726,""fallback"":false,""height"":0.798618,""left"":0.006191,""top"":0.166462,""width"":0.827149}",1.8969477,2.3306906,0.43374288,0.15002583,0.097228572,0.0667632,0.064500362,0.08326263,0.03272821,-0.05053442,0.74851724,1.1066758,152.85949,169.1659,False,0.94210207,True,True,True,0.74851724,1.1066758,152.85949,169.1659,0.74435261,1.1068165,151.20372,167.35477,0.93877631,1.1002671,22.43788,24.687662,0.80340779,1.3309872,41.836875,55.684346,0.74268963,0.9268238,86.546679,80.213522,0.74298487,1.2418118,73.005248,90.65878,0.73773322,1.139104,67.736211,77.15859,0.76042144,1.0774863,60.8601,65.575925
experiment_0a_best,file,16,,9371,160.Black_throated_Blue_Warbler/Black_Throated_Blue_Warbler_0133_161539.jpg,160,159,160.Black_throated_Blue_Warbler,152,151,gaussian_blur,gaussian_blur,0,"{""sigma"":1.339855}",1.8969477,2.4648933,0.5679456,0.15002583,0.085017905,0.0667632,0.059715834,0.08326263,0.025302071,-0.057960559,0.64875976,0.98970135,152.85949,151.28524,False,0.8940087,False,True,False,0.64875976,0.98970135,152.85949,151.28524,0.64310557,0.98749935,151.20372,149.31357,0.88525925,1.0849974,22.43788,24.34504,0.77315971,0.9322844,41.836875,39.003866,0.6505562,0.83278141,86.546679,72.074466,0.57291573,1.0823398,73.005248,79.016485,0.656794,1.0609679,67.736211,71.865945,0.68633315,1.0610735,60.8601,64.577037
experiment_0a_best,file,16,,9371,160.Black_throated_Blue_Warbler/Black_Throated_Blue_Warbler_0133_161539.jpg,160,159,160.Black_throated_Blue_Warbler,152,151,random_erasing,random_erasing,0,"{""area_fraction"":0.056667,""erased"":true,""height"":0.22031,""left"":0.387898,""top"":0.509398,""width"":0.257215}",1.8969477,3.5210276,1.6240798,0.15002583,0.029569037,0.0667632,0.057919364,0.08326263,-0.028350327,-0.11161296,0.72155393,0.96056289,152.85949,146.83115,False,0.94116139,False,True,False,0.72155393,0.96056289,152.85949,146.83115,0.71663815,0.9521973,151.20372,143.97577,0.9186383,1.2842584,22.43788,28.816036,0.70347542,0.84342678,41.836875,35.286341,0.74558488,0.7949415,86.546679,68.799547,0.66698261,0.96396361,73.005248,70.374402,0.72558329,0.99247335,67.736211,67.226384,0.76715666,1.1937839,60.8601,72.653809
experiment_0a_best,file,16,,511,010.Red_winged_Blackbird/Red_Winged_Blackbird_0012_6015.jpg,10,9,010.Red_winged_Blackbird,109,108,identity,identity,0,{},0.024959698,0.024959698,0,0.97534925,0.97534925,0.005131599,0.005131599,0.97021765,0.97021765,0,1,1,3.2717855,3.2717855,False,1,True,True,True,1,1,3.2717855,3.2717855,1,1,3.2078079,3.2078079,1,1,0.64385472,0.64385472,1,1,0.57882407,0.57882407,1,1,1.1885708,1.1885708,1,1,1.7139727,1.7139727,1,1,1.5715987,1.5715987,1,1,1.7704996,1.7704996
experiment_0a_best,file,16,,511,010.Red_winged_Blackbird/Red_Winged_Blackbird_0012_6015.jpg,10,9,010.Red_winged_Blackbird,109,108,horizontal_flip,horizontal_flip,0,"{""flipped"":true}",0.024959698,0.014960239,-0.0099994596,0.97534925,0.98515111,0.005131599,0.0026749799,0.97021765,0.98247613,0.012258484,0.67062569,0.55599665,3.2717855,1.8191018,False,0.97171807,True,True,True,0.67062569,0.55599665,3.2717855,1.8191018,0.65815657,0.55512563,3.2078079,1.7807364,0.96879148,0.57719619,0.64385472,0.37163049,0.4484037,0.64690998,0.57882407,0.37444707,0.57247558,0.57523926,1.1885708,0.68371258,0.65015757,0.50954589,1.7139727,0.87334774,0.61921585,0.54304268,1.5715987,0.85344518,0.76003616,0.58485863,1.7704996,1.035492
experiment_0a_best,file,16,,511,010.Red_winged_Blackbird/Red_Winged_Blackbird_0012_6015.jpg,10,9,010.Red_winged_Blackbird,109,108,color_jitter,color_jitter,0,"{""brightness"":1.353972,""contrast"":1.022883,""hue"":-0.024788,""saturation"":0.745023}",0.024959698,0.034464624,0.0095049255,0.97534925,0.96612251,0.005131599,0.0012995404,0.97021765,0.96482297,-0.0053946808,0.71258651,1.373915,3.2717855,4.4951551,False,0.96007586,True,True,True,0.71258651,1.373915,3.2717855,4.4951551,0.70345969,1.3718286,3.2078079,4.4005626,0.93121308,1.4247241,0.64385472,0.91731534,0.42696581,1.8763026,0.57882407,1.0860491,0.67799579,1.4985413,1.1885708,1.7811225,0.68540683,1.3138042,1.7139727,2.2518245,0.65522929,1.3054145,1.5715987,2.0515877,0.81815025,1.3524073,1.7704996,2.3944365
experiment_0a_best,file,16,,511,010.Red_winged_Blackbird/Red_Winged_Blackbird_0012_6015.jpg,10,9,010.Red_winged_Blackbird,109,108,rotation,rotation,0,"{""angle"":-13.467804}",0.024959698,0.23964268,0.21468298,0.97534925,0.78690898,0.005131599,0.17806464,0.97021765,0.60884434,-0.36137331,0.61868335,11.000845,3.2717855,35.992405,False,0.93992233,True,True,True,0.61868335,11.000845,3.2717855,35.992405,0.61055662,11.001139,3.2078079,35.289539,0.82054635,10.993559,0.64385472,7.0782548,0.6048082,15.751649,0.57882407,9.1174336,0.65075974,11.849982,1.1885708,14.084543,0.68100088,10.504229,1.7139727,18.003962,0.57281438,11.160577,1.5715987,17.539949,0.56491778,10.292257,1.7704996,18.222436
experiment_0a_best,file,16,,511,010.Red_winged_Blackbird/Red_Winged_Blackbird_0012_6015.jpg,10,9,010.Red_winged_Blackbird,109,108,random_resized_crop,random_resized_crop,0,"{""area_fraction"":0.645879,""aspect"":1.20752,""fallback"":false,""height"":0.731355,""left"":0.044774,""top"":0.042326,""width"":0.883126}",0.024959698,0.04815311,0.023193412,0.97534925,0.95298785,0.005131599,0.013018218,0.97021765,0.93996963,-0.030248017,0.70624146,1.8038111,3.2717855,5.9016831,False,0.95508069,True,True,True,0.70624146,1.8038111,3.2717855,5.9016831,0.69592358,1.8004914,3.2078079,5.7756305,0.95165994,1.884341,0.64385472,1.2132418,0.61013104,2.3398143,0.57882407,1.3543409,0.69127046,2.0229827,1.1885708,2.4044582,0.70781494,1.695644,1.7139727,2.9062876,0.6535289,1.7129394,1.5715987,2.6920533,0.73921935,1.7904275,1.7704996,3.1699512
experiment_0a_best,file,16,,511,010.Red_winged_Blackbird/Red_Winged_Blackbird_0012_6015.jpg,10,9,010.Red_winged_Blackbird,109,108,gaussian_blur,gaussian_blur,0,"{""sigma"":1.813627}",0.024959698,0.050469331,0.025509633,0.97534925,0.95078307,0.005131599,0.0019748113,0.97021765,0.94880826,-0.021409386,0.42003897,2.8080189,3.2717855,9.1872354,False,0.89741498,True,True,True,0.42003897,2.8080189,3.2717855,9.1872354,0.40627206,2.8291989,3.2078079,9.0755267,0.86795047,2.2183954,0.64385472,1.4283243,0.32228893,4.6388335,0.57882407,2.6850685,0.31676079,3.226317,1.1885708,3.8347061,0.30453234,2.9446145,1.7139727,5.0469888,0.43411744,2.9666334,1.5715987,4.6623572,0.6313871,2.0552457,1.7704996,3.6388117
experiment_0a_best,file,16,,511,010.Red_winged_Blackbird/Red_Winged_Blackbird_0012_6015.jpg,10,9,010.Red_winged_Blackbird,109,108,random_erasing,random_erasing,0,"{""area_fraction"":0.072553,""erased"":true,""height"":0.18441,""left"":0.260706,""top"":0.17823,""width"":0.393433}",0.024959698,0.063203171,0.038243473,0.97534925,0.93875271,0.005131599,0.0054698554,0.97021765,0.93328286,-0.036934793,0.86667048,2.5485829,3.2717855,8.3384167,False,0.98520935,True,True,True,0.86667048,2.5485829,3.2717855,8.3384167,0.86266505,2.5556608,3.2078079,8.1980688,0.97654026,2.3661198,0.64385472,1.5234374,0.7617525,2.9496924,0.57882407,1.707353,0.86378385,2.6398662,1.1885708,3.1376679,0.88182331,2.5271626,1.7139727,4.3314877,0.82635942,2.567738,1.5715987,4.0354538,0.88791895,2.4878457,1.7704996,4.4047298
experiment_0a_best,file,16,,7106,122.Harris_Sparrow/Harris_Sparrow_0074_116539.jpg,122,121,122.Harris_Sparrow,76,75,identity,identity,0,{},0.18088141,0.18088141,0,0.83453435,0.83453435,0.073340505,0.073340505,0.76119384,0.76119384,0,1,1,39.942135,39.942135,False,1,True,True,True,1,1,39.942135,39.942135,1,1,39.58632,39.58632,1,1,5.3195289,5.3195289,1,1,10.675882,10.675882,1,1,18.305868,18.305868,1,1,22.504599,22.504599,1,1,19.35818,19.35818,1,1,15.388353,15.388353
experiment_0a_best,file,16,,7106,122.Harris_Sparrow/Harris_Sparrow_0074_116539.jpg,122,121,122.Harris_Sparrow,76,75,horizontal_flip,horizontal_flip,0,"{""flipped"":true}",0.18088141,0.072734579,-0.10814683,0.83453435,0.9298476,0.073340505,0.022030601,0.76119384,0.907817,0.14662316,0.66017854,0.40451235,39.942135,16.157087,False,0.95422947,True,True,True,0.66017854,0.40451235,39.942135,16.157087,0.65490882,0.40421224,39.58632,16.001275,0.94103043,0.42079823,5.3195289,2.2384484,0.61059643,0.41401796,10.675882,4.4200067,0.55346883,0.38827769,18.305868,7.1077601,0.68331582,0.40326314,22.504599,9.0752753,0.64453621,0.40860633,19.35818,7.9098751,0.76838242,0.4163929,15.388353,6.4076007
experiment_0a_best,file,16,,7106,122.Harris_Sparrow/Harris_Sparrow_0074_116539.jpg,122,121,122.Harris_Sparrow,76,75,color_jitter,color_jitter,0,"{""brightness"":1.17426,""contrast"":0.837486,""hue"":-0.013995,""saturation"":0.73838}",0.18088141,0.25475731,0.073875904,0.83453435,0.77510458,0.073340505,0.12007222,0.76119384,0.65503236,-0.10616148,0.88727314,1.4478197,39.942135,57.829009,False,0.98360091,True,True,True,0.88727314,1.4478197,39.942135,57.829009,0.88563664,1.448371,39.58632,57.335679,0.98012002,1.4169522,5.3195289,7.5375183,0.89282598,1.119853,10.675882,11.955418,0.85152811,1.4667919,18.305868,26.850898,0.89432277,1.472016,22.504599,33.12713,0.89417002,1.5140728,19.35818,29.309695,0.91284283,1.4043394,15.388353,21.610469
experiment_0a_best,file,16,,7106,122.Harris_Sparrow/Harris_Sparrow_0074_116539.jpg,122,121,122.Harris_Sparrow,76,75,rotation,rotation,0,"{""angle"":-3.74129}",0.18088141,0.62187487,0.44099346,0.83453435,0.53693682,0.073340505,0.32672542,0.76119384,0.2102114,-0.55098245,0.79642627,3.25973,39.942135,130.20058,False,0.96358693,True,True,True,0.79642627,3.25973,39.942135,130.20058,0.79382575,3.2606349,39.58632,129.07654,0.94284603,3.2092229,5.3195289,17.071554,0.86053888,3.6049202,10.675882,38.485701,0.78533169,3.3271929,18.305868,60.907152,0.7664237,3.1739579,22.504599,71.42865,0.81074653,3.3086643,19.35818,64.049721,0.80520047,3.0930731,15.388353,47.5973
experiment_0a_best,file,16,,7106,122.Harris_Sparrow/Harris_Sparrow_0074_116539.jpg,122,121,122.Harris_Sparrow,76,75,random_resized_crop,random_resized_crop,0,"{""area_fraction"":0.816202,""aspect"":0.973521,""fallback"":false,""height"":0.915643,""left"":0.085631,""top"":0.021603,""width"":0.891398}",0.18088141,0.44845515,0.26757374,0.83453435,0.63861394,0.073340505,0.27259022,0.76119384,0.36602372,-0.39517012,0.71804387,2.8001908,39.942135,111.8456,False,0.95821291,True,True,True,0.71804387,2.8001908,39.942135,111.8456,0.71442007,2.8029184,39.58632,110.95723,0.93191868,2.6447536,5.3195289,14.068843,0.59595542,3.1941555,10.675882,34.100426,0.67226544,2.7756851,18.305868,50.811324,0.70731917,2.6693393,22.504599,60.072412,0.75977118,2.940337,19.35818,56.919574,0.78752706,2.6937849,15.388353,41.452911
experiment_0a_best,file,16,,7106,122.Harris_Sparrow/Harris_Sparrow_0074_116539.jpg,122,121,122.Harris_Sparrow,76,75,gaussian_blur,gaussian_blur,0,"{""sigma"":1.227515}",0.18088141,0.54549181,0.3646104,0.83453435,0.57955664,0.073340505,0.084249169,0.76119384,0.49530748,-0.26588637,0.51447517,2.1997582,39.942135,87.863038,False,0.81693774,True,True,True,0.51447517,2.1997582,39.942135,87.863038,0.50856669,2.1886721,39.58632,86.641473,0.78833839,2.7446592,5.3195289,14.600294,0.54242085,1.7931718,10.675882,19.14369,0.42314,2.130474,18.305868,39.000175,0.44905293,2.141599,22.504599,48.195826,0.57412441,2.3265775,19.35818,45.038307,0.62729271,2.3139889,15.388353,35.608476
experiment_0a_best,file,16,,7106,122.Harris_Sparrow/Harris_Sparrow_0074_116539.jpg,122,121,122.Harris_Sparrow,76,75,random_erasing,random_erasing,0,"{""area_fraction"":0.186406,""erased"":true,""height"":0.574551,""left"":0.338231,""top"":0.021226,""width"":0.324437}",0.18088141,4.6669145,4.4860331,0.83453435,0.0094012329,0.073340505,0.00039053705,0.76119384,0.0090106959,-0.75218315,0.35679882,3.931267,39.942135,157.0232,False,0.6744262,False,True,False,0.35679882,3.931267,39.942135,157.0232,0.35154129,3.8958957,39.58632,154.22418,0.58319084,5.5485935,5.3195289,29.515903,0.3026497,2.0739458,10.675882,22.1412,0.40217145,3.6027145,18.305868,65.950815,0.38446062,3.7637685,22.504599,84.702102,0.32385146,3.9758837,19.35818,76.965875,0.31764889,4.9691308,15.388353,76.466736
experiment_0a_best,file,16,,6182,106.Horned_Puffin/Horned_Puffin_0067_100737.jpg,106,105,106.Horned_Puffin,84,83,identity,identity,0,{},0.0045288615,0.0045288615,0,0.99548137,0.99548137,0.0028559994,0.0028559994,0.99262537,0.99262537,0,1,1,0.80899579,0.80899579,False,0.99999994,True,True,True,1,1,0.80899579,0.80899579,1,1,0.79478565,0.79478565,1,1,0.15096346,0.15096346,1,1,0.21979209,0.21979209,1,1,0.33730854,0.33730854,1,1,0.37828256,0.37828256,1,1,0.38111352,0.38111352,1,1,0.42573865,0.42573865
experiment_0a_best,file,16,,6182,106.Horned_Puffin/Horned_Puffin_0067_100737.jpg,106,105,106.Horned_Puffin,84,83,horizontal_flip,horizontal_flip,0,"{""flipped"":true}",0.0045288615,0.0069006458,0.0023717843,0.99548137,0.99312311,0.0028559994,0.0032576092,0.99262537,0.9898655,-0.0027598676,0.67733937,1.3254843,0.80899579,1.0723112,False,0.98498517,True,True,True,0.67733937,1.3254843,0.80899579,1.0723112,0.6658161,1.3217673,0.79478565,1.0505217,0.97550302,1.4246562,0.15096346,0.21507103,0.51122204,0.9941541,0.21979209,0.21850721,0.52396513,1.2376624,0.33730854,0.41747411,0.62816132,1.264781,0.37828256,0.47844459,0.6550664,1.4094474,0.38111352,0.53715944,0.81661187,1.4173496,0.42573865,0.6034205
experiment_0a_best,file,16,,6182,106.Horned_Puffin/Horned_Puffin_0067_100737.jpg,106,105,106.Horned_Puffin,84,83,color_jitter,color_jitter,0,"{""brightness"":1.340089,""contrast"":0.720285,""hue"":-0.076869,""saturation"":0.799579}",0.0045288615,1.2831886,1.2786597,0.99548137,0.27715215,0.0028559994,0.60476911,0.99262537,-0.32761696,-1.3202423,0.65302146,193.80825,0.80899579,156.79006,False,0.87936831,False,True,False,0.65302146,193.80825,0.80899579,156.79006,0.64655495,194.70957,0.79478565,154.75237,0.86965956,166.89971,0.15096346,25.195758,0.5301487,207.18391,0.21979209,45.537386,0.53634631,224.31551,0.33730854,75.663539,0.71431286,198.58773,0.37828256,75.122275,0.67991011,202.00637,0.38111352,76.987357,0.70393057,158.94788,0.42573865,67.670254
experiment_0a_best,file,16,,6182,106.Horned_Puffin/Horned_Puffin_0067_100737.jpg,106,105,106.Horned_Puffin,84,83,rotation,rotation,0,"{""angle"":-9.185592}",0.0045288615,0.0078060338,0.0032771723,0.99548137,0.99222434,0.0028559994,0.0028127714,0.99262537,0.98941156,-0.0032138082,0.78624463,1.5910369,0.80899579,1.2871422,False,0.98150003,True,True,True,0.78624463,1.5910369,0.80899579,1.2871422,0.78061236,1.5948902,0.79478565,1.2675959,0.95656622,1.4802459,0.15096346,0.22346304,0.88004697,1.5223679,0.21979209,0.33460442,0.72999997,1.5134611,0.33730854,0.51050335,0.72886941,1.6201312,0.37828256,0.61286737,0.75750036,1.6868155,0.38111352,0.64286819,0.84982415,1.567482,0.42573865,0.66733765
experiment_0a_best,file,16,,6182,106.Horned_Puffin/Horned_Puffin_0067_100737.jpg,106,105,106.Horned_Puffin,84,83,random_resized_crop,random_resized_crop,0,"{""area_fraction"":0.545118,""aspect"":0.955851,""fallback"":false,""height"":0.755179,""left"":0.102107,""top"":0.007578,""width"":0.721839}",0.0045288615,0.00050388993,-0.0040249716,0.99548137,0.99949622,0.0028559994,0.00021610271,0.99262537,0.99928012,0.0066547464,0.65668055,0.10197929,0.80899579,0.08250082,False,0.97210133,True,True,True,0.65668055,0.10197929,0.80899579,0.08250082,0.64465707,0.10148211,0.79478565,0.080656524,0.9558818,0.11490707,0.15096346,0.01734677,0.69094042,0.11283922,0.21979209,0.024801169,0.47869266,0.082430653,0.33730854,0.027804563,0.61859518,0.09640151,0.37828256,0.03646701,0.63659763,0.10668879,0.38111352,0.04066054,0.74595343,0.10851018,0.42573865,0.046196977
experiment_0a_best,file,16,,6182,106.Horned_Puffin/Horned_Puffin_0067_100737.jpg,106,105,106.Horned_Puffin,84,83,gaussian_blur,gaussian_blur,0,"{""sigma"":1.099843}",0.0045288615,0.012382065,0.0078532035,0.99548137,0.98769426,0.0028559994,0.0019226244,0.99262537,0.98577164,-0.0068537334,0.63003117,3.1859763,0.80899579,2.5774414,False,0.92473853,True,True,True,0.63003117,3.1859763,0.80899579,2.5774414,0.62554488,3.213457,0.79478565,2.5540095,0.83892016,2.2969544,0.15096346,0.34675619,0.73231091,5.4923852,0.21979209,1.2071828,0.56864041,3.3977024,0.33730854,1.1460741,0.57689326,3.0192199,0.37828256,1.1421182,0.6293396,2.9328276,0.38111352,1.1177403,0.72592063,2.5713417,0.42573865,1.0947196
experiment_0a_best,file,16,,6182,106.Horned_Puffin/Horned_Puffin_0067_100737.jpg,106,105,106.Horned_Puffin,84,83,random_erasing,random_erasing,0,"{""area_fraction"":0.141363,""erased"":true,""height"":0.280976,""left"":0.432007,""top"":0.057248,""width"":0.503114}",0.0045288615,0.023022847,0.018493986,0.99548137,0.97724015,0.0028559994,0.010186713,0.99262537,0.96705343,-0.02557194,0.78695235,4.9694575,0.80899579,4.0202702,False,0.96485424,True,True,True,0.78695235,4.9694575,0.80899579,4.0202702,0.78245195,4.998052,0.79478565,3.97238,0.95418361,4.0982364,0.15096346,0.61868395,0.80972115,5.3385265,0.21979209,1.1733659,0.82709824,5.1982857,0.33730854,1.7534262,0.78262668,5.1901409,0.37828256,1.9633398,0.70033078,5.0082262,0.38111352,1.9087027,0.8180458,4.5972049,0.42573865,1.9572078
experiment_0a_best,file,16,,8405,144.Common_Tern/Common_Tern_0019_149769.jpg,144,143,144.Common_Tern,147,146,identity,identity,0,{},0.61762762,0.61762762,0,0.53922218,0.53922218,0.1503216,0.1503216,0.38890058,0.38890058,0,1,1,77.485296,77.485296,False,1,True,True,True,1,1,77.485296,77.485296,1,1,76.072323,76.072323,1,1,14.729998,14.729998,1,1,18.350488,18.350488,1,1,31.629176,31.629176,1,1,40.796427,40.796427,1,1,38.873763,38.873763,1,1,35.697832,35.697832
experiment_0a_best,file,16,,8405,144.Common_Tern/Common_Tern_0019_149769.jpg,144,143,144.Common_Tern,147,146,horizontal_flip,horizontal_flip,0,"{""flipped"":true}",0.61762762,1.4095364,0.79190874,0.53922218,0.2442565,0.1503216,0.22868223,0.38890058,0.015574262,-0.37332632,0.68045599,1.6253007,77.485296,125.93691,False,0.96897101,False,True,False,0.68045599,1.6253007,77.485296,125.93691,0.66977891,1.6219683,76.072323,123.3869,0.95123828,1.7117899,14.729998,25.214662,0.72046783,1.5110558,18.350488,27.72861,0.47247465,1.675224,31.629176,52.985955,0.69015921,1.6729152,40.796427,68.248962,0.69367483,1.6063782,38.873763,62.445965,0.76734696,1.5573058,35.697832,55.592441
experiment_0a_best,file,16,,8405,144.Common_Tern/Common_Tern_0019_149769.jpg,144,143,144.Common_Tern,147,146,color_jitter,color_jitter,0,"{""brightness"":0.911421,""contrast"":1.11013,""hue"":-0.068575,""saturation"":1.38346}",0.61762762,2.4165487,1.7989211,0.53922218,0.089229032,0.1503216,0.0041528847,0.38890058,0.085076148,-0.30382443,0.46507811,1.4010746,77.485296,108.56268,False,0.87309957,False,True,False,0.46507811,1.4010746,77.485296,108.56268,0.45031521,1.3749778,76.072323,104.59776,0.76848813,1.9736392,14.729998,29.0717,0.34013348,1.0768581,18.350488,19.760871,0.1572036,1.3140325,31.629176,41.561764,0.43835305,1.3591863,40.796427,55.449946,0.55283816,1.3150663,38.873763,51.121574,0.58183216,1.5683993,35.697832,55.988454
experiment_0a_best,file,16,,8405,144.Common_Tern/Common_Tern_0019_149769.jpg,144,143,144.Common_Tern,147,146,rotation,rotation,0,"{""angle"":-10.085863}",0.61762762,0.77691936,0.15929174,0.53922218,0.45982039,0.1503216,0.023963034,0.38890058,0.43585736,0.046956778,0.54133142,1.0778015,77.485296,83.513767,False,0.95556223,True,True,True,0.54133142,1.0778015,77.485296,83.513767,0.52757405,1.0749004,76.072323,81.770167,0.88482372,1.1524871,14.729998,16.976132,0.40549884,1.0467245,18.350488,19.207904,0.31627749,1.0747935,31.629176,33.994832,0.52015421,1.058712,40.796427,43.191668,0.57277851,1.0595983,38.873763,41.190574,0.67593422,1.1203707,35.697832,39.994805
experiment_0a_best,file,16,,8405,144.Common_Tern/Common_Tern_0019_149769.jpg,144,143,144.Common_Tern,147,146,random_resized_crop,random_resized_crop,0,"{""area_fraction"":0.645514,""aspect"":0.843438,""fallback"":false,""height"":0.874835,""left"":0.248148,""top"":0.119377,""width"":0.737869}",0.61762762,0.66510999,0.047482371,0.53922218,0.51421696,0.1503216,0.026167059,0.38890058,0.4880499,0.099149322,0.61413423,1.0112728,77.485296,78.358772,False,0.90053606,True,True,True,0.61413423,1.0112728,77.485296,78.358772,0.60658196,1.0131076,76.072323,77.069445,0.82730226,0.96104523,14.729998,14.156194,0.59277628,0.8659911,18.350488,15.891359,0.47841518,0.92885774,31.629176,29.379005,0.6651448,1.0876116,40.796427,44.370666,0.60046273,1.011214,38.873763,39.309693,0.63254095,1.0139086,35.697832,36.194339
experiment_0a_best,file,16,,8405,144.Common_Tern/Common_Tern_0019_149769.jpg,144,143,144.Common_Tern,147,146,gaussian_blur,gaussian_blur,0,"{""sigma"":1.831831}",0.61762762,3.2545323,2.6369047,0.53922218,0.038598862,0.1503216,0.0095233005,0.38890058,0.029075561,-0.35982502,0.35567193,2.2735327,77.485296,176.16536,False,0.8165952,False,True,False,0.35567193,2.2735327,77.485296,176.16536,0.34497275,2.2869671,76.072323,173.9749,0.7094258,1.8801204,14.729998,27.694169,0.55630444,2.5486925,18.350488,46.76975,0.20226733,2.5963446,31.629176,82.12024,0.31308921,2.4565348,40.796427,100.21784,0.38210339,2.013355,38.873763,78.266685,0.43653998,2.0135868,35.697832,71.880682
experiment_0a_best,file,16,,8405,144.Common_Tern/Common_Tern_0019_149769.jpg,144,143,144.Common_Tern,147,146,random_erasing,random_erasing,0,"{""area_fraction"":0.15354,""erased"":true,""height"":0.512375,""left"":0.202447,""top"":0.11665,""width"":0.299663}",0.61762762,1.3016669,0.68403924,0.53922218,0.27207789,0.1503216,0.056995865,0.38890058,0.21508202,-0.17381855,0.74113318,1.2067905,77.485296,93.508517,False,0.92097396,True,True,True,0.74113318,1.2067905,77.485296,93.508517,0.73564044,1.2064171,76.072323,91.77495,0.8864196,1.216707,14.729998,17.922092,0.69276828,1.1001672,18.350488,20.188604,0.72108062,1.2434108,31.629176,39.328059,0.76619121,1.1316441,40.796427,46.167036,0.72310265,1.2166396,38.873763,47.295359,0.73948518,1.2837491,35.697832,45.827058
experiment_0a_best,file,16,,2439,043.Yellow_bellied_Flycatcher/Yellow_Bellied_Flycatcher_0018_795494.jpg,43,42,043.Yellow_bellied_Flycatcher,174,173,identity,identity,0,{},3.935925,3.935925,0,0.019527633,0.019527633,0.58996624,0.58996624,-0.5704386,-0.5704386,0,1,1,158.18591,158.18591,False,1.0000001,True,False,False,1,1,158.18591,158.18591,1,1,152.8549,152.8549,1,1,40.720529,40.720529,1,1,42.607941,42.607941,1,1,60.628061,60.628061,1,1,82.928887,82.928887,1,1,73.689222,73.689222,1,1,74.606429,74.606429
experiment_0a_best,file,16,,2439,043.Yellow_bellied_Flycatcher/Yellow_Bellied_Flycatcher_0018_795494.jpg,43,42,043.Yellow_bellied_Flycatcher,174,173,horizontal_flip,horizontal_flip,0,"{""flipped"":true}",3.935925,3.7289882,-0.20693684,0.019527633,0.024017127,0.58996624,0.50393671,-0.5704386,-0.47991958,0.090519024,0.56767547,0.82640945,158.18591,130.72633,False,0.96447921,True,False,False,0.56767547,0.82640945,158.18591,130.72633,0.53786354,0.82127505,152.8549,125.53591,0.9548506,0.89563258,40.720529,36.470633,0.24518511,0.71172429,42.607941,30.325106,0.32560018,0.81163952,60.628061,49.20813,0.53306251,0.76462795,82.928887,63.409745,0.54169282,0.82183424,73.689222,60.560326,0.74298799,0.92182419,74.606429,68.774011
experiment_0a_best,file,16,,2439,043.Yellow_bellied_Flycatcher/Yellow_Bellied_Flycatcher_0018_795494.jpg,43,42,043.Yellow_bellied_Flycatcher,174,173,color_jitter,color_jitter,0,"{""brightness"":1.397309,""contrast"":0.839768,""hue"":-0.044579,""saturation"":1.122826}",3.935925,4.9224873,0.98656225,0.019527633,0.0072809998,0.58996624,0.031156179,-0.5704386,-0.023875179,0.54656343,0.48062533,0.88947287,158.18591,140.70207,False,0.85114419,False,False,False,0.48062533,0.88947287,158.18591,140.70207,0.46997994,0.8996579,152.8549,137.51712,0.67504748,0.73102437,40.720529,29.767699,0.46983915,0.9759319,42.607941,41.582449,0.34942812,0.98074533,60.628061,59.460687,0.55572576,0.95519675,82.928887,79.213404,0.42416792,0.80289462,73.689222,59.16468,0.49270089,0.83394759,74.606429,62.217851
experiment_0a_best,file,16,,2439,043.Yellow_bellied_Flycatcher/Yellow_Bellied_Flycatcher_0018_795494.jpg,43,42,043.Yellow_bellied_Flycatcher,174,173,rotation,rotation,0,"{""angle"":8.788985}",3.935925,4.0097828,0.073857784,0.019527633,0.018137332,0.58996624,0.41622299,-0.5704386,-0.39808566,0.17235295,0.60230658,0.95297512,158.18591,150.74723,False,0.95260608,False,False,False,0.60230658,0.95297512,158.18591,150.74723,0.57938396,0.95324184,152.8549,145.70768,0.92667915,0.94920888,40.720529,38.652288,0.52900933,0.98988158,42.607941,42.176816,0.43909749,1.0010519,60.628061,60.691834,0.54641505,0.9133814,82.928887,75.745703,0.57721363,0.91344533,73.689222,67.311076,0.73059101,0.99405674,74.606429,74.163024
experiment_0a_best,file,16,,2439,043.Yellow_bellied_Flycatcher/Yellow_Bellied_Flycatcher_0018_795494.jpg,43,42,043.Yellow_bellied_Flycatcher,174,173,random_resized_crop,random_resized_crop,0,"{""area_fraction"":0.58293,""aspect"":0.835986,""fallback"":false,""height"":0.835043,""left"":0.070096,""top"":0.08733,""width"":0.698084}",3.935925,3.581506,-0.35441899,0.019527633,0.02783375,0.58996624,0.60027605,-0.5704386,-0.5724423,-0.0020036977,0.66936628,0.99159424,158.18591,156.85623,False,0.95381451,True,False,False,0.66936628,0.99159424,158.18591,156.85623,0.64885819,0.98786267,152.8549,150.99965,0.9440376,1.0427558,40.720529,42.461568,0.52322982,0.92217912,42.607941,39.292153,0.52625517,1.0305885,60.628061,62.48258,0.66552597,0.9697113,82.928887,80.417079,0.65938159,0.95744691,73.689222,70.553518,0.73942324,1.0302743,74.606429,76.865086
experiment_0a_best,file,16,,2439,043.Yellow_bellied_Flycatcher/Yellow_Bellied_Flycatcher_0018_795494.jpg,43,42,043.Yellow_bellied_Flycatcher,174,173,gaussian_blur,gaussian_blur,0,"{""sigma"":1.838697}",3.935925,3.5409801,-0.39494491,0.019527633,0.028984908,0.58996624,0.0099331196,-0.5704386,0.019051788,0.58949039,0.38914553,1.1159864,158.18591,176.53332,False,0.81270152,False,False,False,0.38914553,1.1159864,158.18591,176.53332,0.37904516,1.1399163,152.8549,174.24179,0.66829617,0.69624787,40.720529,28.351582,0.46007549,1.0525486,42.607941,44.84693,0.26688073,1.1648122,60.628061,70.620307,0.42021396,1.318993,82.928887,109.38262,0.30946847,1.0678809,73.689222,78.691312,0.45839966,0.96700262,74.606429,72.144612
experiment_0a_best,file,16,,2439,043.Yellow_bellied_Flycatcher/Yellow_Bellied_Flycatcher_0018_795494.jpg,43,42,043.Yellow_bellied_Flycatcher,174,173,random_erasing,random_erasing,0,"{""area_fraction"":0.160821,""erased"":true,""height"":0.279425,""left"":0.193021,""top"":0.610421,""width"":0.575543}",3.935925,3.4890652,-0.44685984,0.019527633,0.0305294,0.58996624,0.61322951,-0.5704386,-0.58270011,-0.012261508,0.86969061,1.1235426,158.18591,177.7286,False,0.97416306,True,False,False,0.86969061,1.1235426,158.18591,177.7286,0.8640685,1.1330285,152.8549,173.18896,0.96988227,0.98016714,40.720529,39.912925,0.91507004,0.98105284,42.607941,41.800641,0.83952737,1.1574336,60.628061,70.172952,0.89923966,1.2101852,82.928887,100.35931,0.83940341,1.1193491,73.689222,82.483967,0.84911793,1.0762473,74.606429,80.294966
experiment_0a_best,file,16,,9446,161.Blue_winged_Warbler/Blue_Winged_Warbler_0023_161774.jpg,161,160,161.Blue_winged_Warbler,163,162,identity,identity,0,{},4.2270122,4.2270122,0,0.014595939,0.014595939,0.097466409,0.097466409,-0.08287047,-0.08287047,0,1,1,167.93072,167.93072,False,0.99999988,True,False,False,1,1,167.93072,167.93072,1,1,166.00949,166.00949,1,1,25.329347,25.329347,1,1,60.329475,60.329475,1,1,79.200758,79.200758,1,1,83.80875,83.80875,1,1,74.542934,74.542934,1,1,71.17716,71.17716
experiment_0a_best,file,16,,9446,161.Blue_winged_Warbler/Blue_Winged_Warbler_0023_161774.jpg,161,160,161.Blue_winged_Warbler,163,162,horizontal_flip,horizontal_flip,0,"{""flipped"":true}",4.2270122,5.1882353,0.96122313,0.014595939,0.0055818469,0.097466409,0.04038848,-0.08287047,-0.034806633,0.048063837,0.70997398,0.96868367,167.93072,162.67174,False,0.9321394,False,False,False,0.70997398,0.96868367,167.93072,162.67174,0.70468144,0.96708021,166.00949,160.54449,0.92395959,1.0352191,25.329347,26.221424,0.72749448,0.97097528,60.329475,58.578429,0.72772606,0.83118356,79.200758,65.830368,0.71302704,0.93416803,83.80875,78.291456,0.65277593,1.0609312,74.542934,79.084928,0.72850065,1.0537542,71.17716,75.003234
experiment_0a_best,file,16,,9446,161.Blue_winged_Warbler/Blue_Winged_Warbler_0023_161774.jpg,161,160,161.Blue_winged_Warbler,163,162,color_jitter,color_jitter,0,"{""brightness"":0.780612,""contrast"":1.252088,""hue"":0.082417,""saturation"":1.000192}",4.2270122,5.8348522,1.6078401,0.014595939,0.0029238556,0.097466409,0.00086571951,-0.08287047,0.002058136,0.084928606,0.52040676,0.88719247,167.93072,148.98687,False,0.80380821,False,False,False,0.52040676,0.88719247,167.93072,148.98687,0.51381726,0.8857573,166.00949,147.04411,0.78634242,0.94678957,25.329347,23.981562,0.25993898,1.0260042,60.329475,61.898293,0.43636984,0.73922968,79.200758,58.547551,0.60362732,0.78562721,83.80875,65.842435,0.58027131,0.88903373,74.542934,66.271183,0.62713935,1.0547069,71.17716,75.07104
experiment_0a_best,file,16,,9446,161.Blue_winged_Warbler/Blue_Winged_Warbler_0023_161774.jpg,161,160,161.Blue_winged_Warbler,163,162,rotation,rotation,0,"{""angle"":4.690157}",4.2270122,3.7749116,-0.45210052,0.014595939,0.022939118,0.097466409,0.030899888,-0.08287047,-0.0079607703,0.0749097,0.75700147,0.94605136,167.93072,158.87108,False,0.92318124,False,False,False,0.75700147,0.94605136,167.93072,158.87108,0.75351112,0.94684736,166.00949,157.18564,0.91334119,0.91120258,25.329347,23.080167,0.50328315,0.89062507,60.329475,53.730943,0.74076819,0.89764426,79.200758,71.094106,0.80145675,0.98064391,83.80875,82.186541,0.79513798,0.93870873,74.542934,69.974103,0.82349122,1.0047998,71.17716,71.518794
experiment_0a_best,file,16,,9446,161.Blue_winged_Warbler/Blue_Winged_Warbler_0023_161774.jpg,161,160,161.Blue_winged_Warbler,163,162,random_resized_crop,random_resized_crop,0,"{""area_fraction"":0.703438,""aspect"":1.055142,""fallback"":false,""height"":0.816503,""left"":0.018689,""top"":0.101136,""width"":0.861526}",4.2270122,5.7306938,1.5036817,0.014595939,0.0032448247,0.097466409,0.076253287,-0.08287047,-0.073008463,0.0098620076,0.80708459,1.0976305,167.93072,184.32587,False,0.94866776,False,False,False,0.80708459,1.0976305,167.93072,184.32587,0.80417785,1.099262,166.00949,182.48792,0.94290588,1.0251006,25.329347,25.965128,0.76749193,1.2091583,60.329475,72.947884,0.79876314,1.0718236,79.200758,84.889246,0.83404454,1.0733363,83.80875,89.954971,0.78858657,1.0993273,74.542934,81.947085,0.82015156,1.0852726,71.17716,77.246619
experiment_0a_best,file,16,,9446,161.Blue_winged_Warbler/Blue_Winged_Warbler_0023_161774.jpg,161,160,161.Blue_winged_Warbler,163,162,gaussian_blur,gaussian_blur,0,"{""sigma"":1.538356}",4.2270122,5.638586,1.4115739,0.014595939,0.0035578951,0.097466409,0.023836954,-0.08287047,-0.020279058,0.062591412,0.51533263,0.89447827,167.93072,150.21038,False,0.8578831,False,False,False,0.51533263,0.89447827,167.93072,150.21038,0.50737592,0.8922233,166.00949,148.11753,0.82699273,0.98648714,25.329347,24.987076,0.10749417,0.96435729,60.329475,58.17917,0.38571806,0.66742739,79.200758,52.860756,0.58765447,0.82373697,83.80875,69.036366,0.63288765,1.0032389,74.542934,74.784372,0.67970267,1.0325157,71.17716,73.491534
experiment_0a_best,file,16,,9446,161.Blue_winged_Warbler/Blue_Winged_Warbler_0023_161774.jpg,161,160,161.Blue_winged_Warbler,163,162,random_erasing,random_erasing,0,"{""area_fraction"":0.075971,""erased"":true,""height"":0.275957,""left"":0.093193,""top"":0.008907,""width"":0.275302}",4.2270122,4.2559872,0.02897501,0.014595939,0.014179093,0.097466409,0.071512431,-0.08287047,-0.057333338,0.025537132,0.94272819,0.98708005,167.93072,165.76106,False,0.97546422,False,False,False,0.94272819,0.98708005,167.93072,165.76106,0.94202634,0.98750507,166.00949,163.93521,0.97363467,0.96864696,25.329347,24.535195,0.93535167,1.0132792,60.329475,61.1306,0.95596663,1.015362,79.200758,80.417442,0.95636697,0.93771001,83.80875,78.588305,0.93892358,0.98931921,74.542934,73.746757,0.91644779,0.99900701,71.17716,71.106482
experiment_0a_best,file,16,,3497,061.Heermann_Gull/Heermann_Gull_0128_45663.jpg,61,60,061.Heermann_Gull,64,63,identity,identity,0,{},0.36719,0.36719,0,0.69267803,0.69267803,0.18073231,0.18073231,0.51194572,0.51194572,0,1,1,59.392944,59.392944,False,1,True,True,True,1,1,59.392944,59.392944,1,1,58.152582,58.152582,1,1,12.074725,12.074725,1,1,16.290549,16.290549,1,1,31.123901,31.123901,1,1,28.496124,28.496124,1,1,25.511857,25.511857,1,1,26.167913,26.167913
experiment_0a_best,file,16,,3497,061.Heermann_Gull/Heermann_Gull_0128_45663.jpg,61,60,061.Heermann_Gull,64,63,horizontal_flip,horizontal_flip,0,"{""flipped"":true}",0.36719,0.22942263,-0.13776737,0.69267803,0.79499251,0.18073231,0.10359343,0.51194572,0.69139908,0.17945335,0.70239216,0.64533594,59.392944,38.328402,False,0.97930777,True,True,True,0.70239216,0.64533594,59.392944,38.328402,0.69156964,0.64676227,58.152582,37.610896,0.9690396,0.61132016,12.074725,7.3815227,0.68978491,0.60941314,16.290549,9.9276748,0.72473288,0.67364824,31.123901,20.966561,0.66072635,0.626906,28.496124,17.864391,0.61680224,0.65491844,25.511857,16.708186,0.75348092,0.63730931,26.167913,16.677055
experiment_0a_best,file,16,,3497,061.Heermann_Gull/Heermann_Gull_0128_45663.jpg,61,60,061.Heermann_Gull,64,63,color_jitter,color_jitter,0,"{""brightness"":1.231701,""contrast"":0.819628,""hue"":-0.073444,""saturation"":1.101559}",0.36719,0.42976245,0.062572449,0.69267803,0.65066361,0.18073231,0.003306869,0.51194572,0.64735675,0.13541102,0.46259362,1.1571722,59.392944,68.727861,False,0.87395895,True,True,True,0.46259362,1.1571722,59.392944,68.727861,0.45502817,1.1577483,58.152582,67.326052,0.64025378,1.1437279,12.074725,13.8102,0.30712519,1.0260246,16.290549,16.714505,0.48242801,0.98190025,31.123901,30.560566,0.40953003,1.1987295,28.496124,34.159145,0.43903384,1.2924826,25.511857,32.973631,0.55151859,1.2473276,26.167913,32.639959
experiment_0a_best,file,16,,3497,061.Heermann_Gull/Heermann_Gull_0128_45663.jpg,61,60,061.Heermann_Gull,64,63,rotation,rotation,0,"{""angle"":-6.461883}",0.36719,0.80117941,0.43398941,0.69267803,0.44879934,0.18073231,0.23808438,0.51194572,0.21071497,-0.30123076,0.80475669,1.7595488,59.392944,104.50478,False,0.98519593,True,True,True,0.80475669,1.7595488,59.392944,104.50478,0.79770307,1.7602674,58.152582,102.36409,0.97003952,1.7427977,12.074725,21.043802,0.81310826,1.5600186,16.290549,25.41356,0.85174602,1.6076326,31.123901,50.035796,0.76134526,1.8144118,28.496124,51.703705,0.74586962,1.877941,25.511857,47.909763,0.8275375,1.856607,26.167913,48.583532
experiment_0a_best,file,16,,3497,061.Heermann_Gull/Heermann_Gull_0128_45663.jpg,61,60,061.Heermann_Gull,64,63,random_resized_crop,random_resized_crop,0,"{""area_fraction"":0.506981,""aspect"":1.099329,""fallback"":false,""height"":0.679097,""left"":0.053106,""top"":0.070414,""width"":0.746551}",0.36719,3.3331897,2.9659997,0.69267803,0.035679117,0.18073231,0.20526056,0.51194572,-0.16958144,-0.68152717,0.58424116,3.0700587,59.392944,182.33983,False,0.8249706,False,True,False,0.58424116,3.0700587,59.392944,182.33983,0.57946346,3.0705154,58.152582,178.5584,0.69546174,3.0594466,12.074725,36.941976,0.75744276,3.4504674,16.290549,56.210009,0.63073293,2.8746916,31.123901,89.471617,0.571718,3.0952266,28.496124,88.201961,0.51013438,3.115623,25.511857,79.485328,0.51451088,3.1094834,26.167913,81.368691
experiment_0a_best,file,16,,3497,061.Heermann_Gull/Heermann_Gull_0128_45663.jpg,61,60,061.Heermann_Gull,64,63,gaussian_blur,gaussian_blur,0,"{""sigma"":1.425802}",0.36719,1.3812166,1.0140266,0.69267803,0.25127265,0.18073231,0.55805826,0.51194572,-0.30678561,-0.81873134,0.76787256,2.9896807,59.392944,177.56594,False,0.95512265,False,True,False,0.76787256,2.9896807,59.392944,177.56594,0.76202788,3.0096123,58.152582,175.01673,0.94595677,2.4828833,12.074725,29.980133,0.77839583,2.4493319,16.290549,39.900962,0.80642684,2.9557652,31.123901,91.994943,0.71898036,3.1508735,28.496124,89.787682,0.73193279,3.2085625,25.511857,81.856388,0.78820948,2.9137085,26.167913,76.245672
experiment_0a_best,file,16,,3497,061.Heermann_Gull/Heermann_Gull_0128_45663.jpg,61,60,061.Heermann_Gull,64,63,random_erasing,random_erasing,0,"{""area_fraction"":0.151807,""erased"":true,""height"":0.394227,""left"":0.332443,""top"":0.479186,""width"":0.385074}",0.36719,1.4982383,1.1310483,0.69267803,0.22352359,0.18073231,0.090305917,0.51194572,0.13321767,-0.37872805,0.76121759,2.0180166,59.392944,119.85595,False,0.91010559,True,True,True,0.76121759,2.0180166,59.392944,119.85595,0.75958737,2.0173608,58.152582,117.31474,0.7987578,2.0331687,12.074725,24.549952,0.84018569,1.9285257,16.290549,31.416742,0.8066267,1.8459982,31.123901,57.454665,0.75368811,2.1078444,28.496124,60.065395,0.73520446,2.1187277,25.511857,54.052677,0.70820197,2.0738861,26.167913,54.269272
experiment_0a_best,file,16,,8172,140.Summer_Tanager/Summer_Tanager_0018_139290.jpg,140,139,140.Summer_Tanager,16,15,identity,identity,0,{},0.10973051,0.10973051,0,0.89607561,0.89607561,0.069798499,0.069798499,0.82627711,0.82627711,0,1,1,17.968131,17.968131,False,1,True,True,True,1,1,17.968131,17.968131,1,1,17.661274,17.661274,1,1,3.306528,3.306528,1,1,2.8961881,2.8961881,1,1,9.3364222,9.3364222,1,1,9.4719787,9.4719787,1,1,8.0435368,8.0435368,1,1,7.8706445,7.8706445
experiment_0a_best,file,16,,8172,140.Summer_Tanager/Summer_Tanager_0018_139290.jpg,140,139,140.Summer_Tanager,16,15,horizontal_flip,horizontal_flip,0,"{""flipped"":true}",0.10973051,0.27596626,0.16623574,0.89607561,0.75883853,0.069798499,0.074006788,0.82627711,0.68483175,-0.14144536,0.69284821,2.172613,17.968131,39.037795,False,0.96730995,True,True,True,0.69284821,2.172613,17.968131,39.037795,0.68583167,2.1791573,17.661274,38.486694,0.91671211,1.9768003,3.306528,6.5363456,0.70368771,2.0942099,2.8961881,6.0652258,0.68260926,1.994995,9.3364222,18.626115,0.69907167,2.3765358,9.4719787,22.510497,0.62401417,2.1553874,8.0435368,17.336938,0.73861136,2.1644589,7.8706445,17.035687
experiment_0a_best,file,16,,8172,140.Summer_Tanager/Summer_Tanager_0018_139290.jpg,140,139,140.Summer_Tanager,16,15,color_jitter,color_jitter,0,"{""brightness"":1.279586,""contrast"":1.267794,""hue"":-0.088703,""saturation"":1.091817}",0.10973051,3.8086567,3.6989262,0.89607561,0.022177955,0.069798499,0.0035854231,0.82627711,0.018592532,-0.80768457,0.056729301,12.019666,17.968131,215.97093,False,0.67566943,False,True,False,0.056729301,12.019666,17.968131,215.97093,0.046449407,12.142186,17.661274,214.44648,0.52209978,7.746947,3.306528,25.615497,-0.010724255,15.044163,2.8961881,43.570726,-0.353812,11.597847,9.3364222,108.28239,0.16034967,13.026385,9.4719787,123.38564,0.1926423,13.247098,8.0435368,106.55352,0.30476355,9.6646035,7.8706445,76.066658
experiment_0a_best,file,16,,8172,140.Summer_Tanager/Summer_Tanager_0018_139290.jpg,140,139,140.Summer_Tanager,16,15,rotation,rotation,0,"{""angle"":-9.414898}",0.10973051,0.37957004,0.26983953,0.89607561,0.68415552,0.069798499,0.29449418,0.82627711,0.38966134,-0.43661577,0.78875733,4.0720584,17.968131,73.167278,False,0.97373545,True,True,True,0.78875733,4.0720584,17.968131,73.167278,0.78372319,4.0883716,17.661274,72.205851,0.95987194,3.5754268,3.306528,11.822249,0.69864058,5.1813238,2.8961881,15.006088,0.80864802,4.293305,9.3364222,40.084109,0.80627681,4.1703596,9.4719787,39.501558,0.7275955,3.9558439,8.0435368,31.818976,0.79762606,3.6136785,7.8706445,28.441979
experiment_0a_best,file,16,,8172,140.Summer_Tanager/Summer_Tanager_0018_139290.jpg,140,139,140.Summer_Tanager,16,15,random_resized_crop,random_resized_crop,0,"{""area_fraction"":0.831375,""aspect"":0.904709,""fallback"":false,""height"":0.958615,""left"":0.099914,""top"":0.025659,""width"":0.867267}",0.10973051,0.0078771189,-0.10185339,0.89607561,0.99215382,0.069798499,0.0033414322,0.82627711,0.98881239,0.16253528,0.78309367,0.059149587,17.968131,1.0628075,False,0.96693873,True,True,True,0.78309367,0.059149587,17.968131,1.0628075,0.7768179,0.058638666,17.661274,1.0356335,0.94481105,0.072219207,3.306528,0.23879483,0.65439349,0.059890459,2.8961881,0.17345404,0.78787583,0.04892986,9.3364222,0.45682984,0.81463614,0.055747359,9.4719787,0.5280378,0.7274189,0.059210838,8.0435368,0.47626455,0.81143627,0.072777352,7.8706445,0.57280467
experiment_0a_best,file,16,,8172,140.Summer_Tanager/Summer_Tanager_0018_139290.jpg,140,139,140.Summer_Tanager,16,15,gaussian_blur,gaussian_blur,0,"{""sigma"":1.856666}",0.10973051,0.41647619,0.30674568,0.89607561,0.65936619,0.069798499,0.021151576,0.82627711,0.63821461,-0.18806249,0.32663878,3.4159423,17.968131,61.378098,False,0.85760319,True,True,True,0.32663878,3.4159423,17.968131,61.378098,0.31782939,3.4431491,17.661274,60.810399,0.68587302,2.5188466,3.306528,8.3286369,0.23780171,4.7588688,2.8961881,13.782579,0.26775483,3.174663,9.3364222,29.639994,0.26870798,3.6285552,9.4719787,34.369598,0.30728841,3.5869117,8.0435368,28.851457,0.50673909,3.152742,7.8706445,24.814111
experiment_0a_best,file,16,,8172,140.Summer_Tanager/Summer_Tanager_0018_139290.jpg,140,139,140.Summer_Tanager,16,15,random_erasing,random_erasing,0,"{""area_fraction"":0.058474,""erased"":true,""height"":0.189497,""left"":0.295096,""top"":0.208196,""width"":0.308577}",0.10973051,0.14088507,0.031154558,0.89607561,0.8685891,0.069798499,0.10615239,0.82627711,0.76243671,-0.063840397,0.90142784,1.5851517,17.968131,28.482212,False,0.99310708,True,True,True,0.90142784,1.5851517,17.968131,28.482212,0.89902728,1.5917476,17.661274,28.11229,0.98879418,1.3837906,3.306528,4.5755425,0.80150692,1.9677567,2.8961881,5.6989936,0.92839339,1.6891703,9.3364222,15.770807,0.90301567,1.6012489,9.4719787,15.166996,0.8571386,1.5495292,8.0435368,12.463695,0.92270626,1.4132338,7.8706445,11.123061
experiment_0a_best,file,16,,1658,030.Fish_Crow/Fish_Crow_0033_25915.jpg,30,29,030.Fish_Crow,107,106,identity,identity,0,{},3.3456841,3.3456841,0,0.035236109,0.035236109,0.35798252,0.35798252,-0.32274641,-0.32274641,0,1,1,217.45671,217.45671,False,1,True,False,False,1,1,217.45671,217.45671,1,1,214.71883,214.71883,1,1,34.398337,34.398337,1,1,72.546396,72.546396,1,1,121.40533,121.40533,1,1,108.93169,108.93169,1,1,87.148126,87.148126,1,1,81.492535,81.492535
experiment_0a_best,file,16,,1658,030.Fish_Crow/Fish_Crow_0033_25915.jpg,30,29,030.Fish_Crow,107,106,horizontal_flip,horizontal_flip,0,"{""flipped"":true}",3.3456841,4.1730642,0.82738018,0.035236109,0.015404982,0.35798252,0.16256477,-0.32274641,-0.14715979,0.17558662,0.66387666,0.94532312,217.45671,205.56685,False,0.94499028,True,False,False,0.66387666,0.94532312,217.45671,205.56685,0.65776294,0.94682265,214.71883,203.30065,0.92023951,0.88491863,34.398337,30.43973,0.42587698,1.0360541,72.546396,75.161989,0.57701931,0.79029003,121.40533,95.94542,0.77554469,1.0289631,108.93169,112.08669,0.69339972,0.99786774,87.148126,86.962304,0.76149975,0.97787647,81.492535,79.689633
experiment_0a_best,file,16,,1658,030.Fish_Crow/Fish_Crow_0033_25915.jpg,30,29,030.Fish_Crow,107,106,color_jitter,color_jitter,0,"{""brightness"":1.363897,""contrast"":1.356895,""hue"":0.028062,""saturation"":1.22008}",3.3456841,4.2662029,0.92051888,0.035236109,0.014034976,0.35798252,0.22246052,-0.32274641,-0.20842555,0.11432086,0.69395723,1.0810634,217.45671,235.08449,False,0.91222453,False,False,False,0.69395723,1.0810634,217.45671,235.08449,0.68936043,1.0822385,214.71883,232.37697,0.88207709,1.0342398,34.398337,35.576129,0.60460637,1.067657,72.546396,77.454666,0.66593979,0.98857183,121.40533,120.01789,0.73110663,1.1855335,108.93169,129.14217,0.6867883,1.1082149,87.148126,96.578853,0.73664812,1.0690881,81.492535,87.122697
experiment_0a_best,file,16,,1658,030.Fish_Crow/Fish_Crow_0033_25915.jpg,30,29,030.Fish_Crow,107,106,rotation,rotation,0,"{""angle"":1.154446}",3.3456841,3.9392767,0.59359264,0.035236109,0.019462287,0.35798252,0.13014153,-0.32274641,-0.11067924,0.21206717,0.80797921,1.2035043,217.45671,261.71009,False,0.95030844,False,False,False,0.80797921,1.2035043,217.45671,261.71009,0.80632315,1.2087345,214.71883,259.53805,0.90550366,0.97817958,34.398337,33.647751,0.7913441,1.2722013,72.546396,92.293616,0.8191115,1.1186327,121.40533,135.80797,0.80859803,1.325063,108.93169,144.34135,0.79860766,1.2329033,87.148126,107.44522,0.81381496,1.0988724,81.492535,89.549899
experiment_0a_best,file,16,,1658,030.Fish_Crow/Fish_Crow_0033_25915.jpg,30,29,030.Fish_Crow,107,106,random_resized_crop,random_resized_crop,0,"{""area_fraction"":0.504532,""aspect"":0.890983,""fallback"":false,""height"":0.752505,""left"":0.187618,""top"":0.114232,""width"":0.67047}",3.3456841,7.6648474,4.3191633,0.035236109,0.00046902831,0.35798252,0.01953057,-0.32274641,-0.019061542,0.30368487,0.63338216,1.8008001,217.45671,391.59606,False,0.84739518,False,False,False,0.63338216,1.8008001,217.45671,391.59606,0.63370243,1.8123829,214.71883,389.15273,0.65535751,1.2697258,34.398337,43.676457,0.79923984,2.3454632,72.546396,170.1549,0.59267862,1.5656873,121.40533,190.08278,0.67667804,2.0087815,108.93169,218.81996,0.59031222,1.674302,87.148126,145.91228,0.5403268,1.6085449,81.492535,131.0844
experiment_0a_best,file,16,,1658,030.Fish_Crow/Fish_Crow_0033_25915.jpg,30,29,030.Fish_Crow,107,106,gaussian_blur,gaussian_blur,0,"{""sigma"":1.561083}",3.3456841,5.4205904,2.0749063,0.035236109,0.0044245333,0.35798252,0.004610579,-0.32274641,-0.00018604565,0.32256036,0.51879172,1.088427,217.45671,236.68575,False,0.7850709,False,False,False,0.51879172,1.088427,217.45671,236.68575,0.51475533,1.0924066,214.71883,234.56026,0.71303014,0.92005907,34.398337,31.648502,0.7000702,0.84351825,72.546396,61.194209,0.44958062,0.91483093,121.40533,111.06535,0.53533286,1.3579729,108.93169,147.92627,0.5328934,1.1259471,87.148126,98.124177,0.50860856,1.0575731,81.492535,86.184311
experiment_0a_best,file,16,,1658,030.Fish_Crow/Fish_Crow_0033_25915.jpg,30,29,030.Fish_Crow,107,106,random_erasing,random_erasing,0,"{""area_fraction"":0.106085,""erased"":true,""height"":0.419347,""left"":0.539901,""top"":0.25535,""width"":0.252977}",3.3456841,2.093914,-1.25177,0.035236109,0.12320396,0.35798252,0.1029757,-0.32274641,0.020228267,0.34297467,0.80065782,0.90049146,217.45671,195.81791,False,0.94000655,False,False,False,0.80065782,0.90049146,217.45671,195.81791,0.79862412,0.90084953,214.71883,193.42935,0.88129052,0.88642672,34.398337,30.491605,0.79203767,0.93809001,72.546396,68.05505,0.76631076,0.77819854,121.40533,94.477449,0.86712015,0.97938591,108.93169,106.68616,0.78026593,0.95415856,87.148126,83.153131,0.77958326,0.9150838,81.492535,74.572499
experiment_0a_best,file,16,,3706,064.Ring_billed_Gull/Ring_Billed_Gull_0028_51454.jpg,64,63,064.Ring_billed_Gull,62,61,identity,identity,0,{},0.4902786,0.4902786,0,0.61245573,0.61245573,0.11539774,0.11539774,0.49705798,0.49705798,0,1,1,48.875129,48.875129,False,1,True,True,True,1,1,48.875129,48.875129,1,1,47.459697,47.459697,1,1,11.677134,11.677134,1,1,13.432115,13.432115,1,1,21.664951,21.664951,1,1,23.348744,23.348744,1,1,21.213092,21.213092,1,1,24.646945,24.646945
experiment_0a_best,file,16,,3706,064.Ring_billed_Gull/Ring_Billed_Gull_0028_51454.jpg,64,63,064.Ring_billed_Gull,62,61,horizontal_flip,horizontal_flip,0,"{""flipped"":true}",0.4902786,1.2464212,0.75614262,0.61245573,0.28753197,0.11539774,0.22131173,0.49705798,0.066220239,-0.43083774,0.72183693,2.0002833,48.875129,97.764105,False,0.96974838,False,True,False,0.72183693,2.0002833,48.875129,97.764105,0.70700524,1.99641,47.459697,94.749014,0.95927329,2.0632134,11.677134,24.092419,0.78187804,1.590816,13.432115,21.368023,0.71722578,1.9513839,21.664951,42.276637,0.67660434,2.0743999,23.348744,48.434633,0.66043977,2.1339285,21.213092,45.267222,0.7538976,1.9620021,24.646945,48.357359
experiment_0a_best,file,16,,3706,064.Ring_billed_Gull/Ring_Billed_Gull_0028_51454.jpg,64,63,064.Ring_billed_Gull,62,61,color_jitter,color_jitter,0,"{""brightness"":0.757662,""contrast"":0.890901,""hue"":-0.075168,""saturation"":1.293454}",0.4902786,3.1838212,2.6935426,0.61245573,0.04142705,0.11539774,0.063837349,0.49705798,-0.0224103,-0.51946828,0.55093374,3.2811817,48.875129,160.36818,False,0.89194417,False,True,False,0.55093374,3.2811817,48.875129,160.36818,0.53990932,3.3248267,47.459697,157.79527,0.82278818,2.4501994,11.677134,28.611306,0.28668232,2.9718003,13.432115,39.917562,0.55355679,3.9637712,21.664951,85.874907,0.50494726,3.4915789,23.348744,81.523982,0.56678883,3.3370748,21.213092,70.789675,0.65005616,2.6525227,24.646945,65.376582
experiment_0a_best,file,16,,3706,064.Ring_billed_Gull/Ring_Billed_Gull_0028_51454.jpg,64,63,064.Ring_billed_Gull,62,61,rotation,rotation,0,"{""angle"":-2.783046}",0.4902786,1.2109569,0.72067833,0.61245573,0.29791203,0.11539774,0.12679859,0.49705798,0.17111345,-0.32594454,0.77891282,2.1420273,48.875129,104.69186,False,0.95381498,False,True,False,0.77891282,2.1420273,48.875129,104.69186,0.77070017,2.1541533,47.459697,102.23546,0.93470737,1.9307316,11.677134,22.545411,0.67588586,2.1075764,13.432115,28.309208,0.78007352,2.1397811,21.664951,46.358252,0.7804432,2.2689176,23.348744,52.976374,0.75907411,2.2435275,21.213092,47.592156,0.7961486,2.0000798,24.646945,49.295858
experiment_0a_best,file,16,,3706,064.Ring_billed_Gull/Ring_Billed_Gull_0028_51454.jpg,64,63,064.Ring_billed_Gull,62,61,random_resized_crop,random_resized_crop,0,"{""area_fraction"":0.501396,""aspect"":1.039164,""fallback"":false,""height"":0.694622,""left"":0.074128,""top"":0.029971,""width"":0.721826}",0.4902786,3.4268365,2.9365579,0.61245573,0.032489561,0.11539774,0.016387263,0.49705798,0.016102297,-0.48095568,0.46356607,2.6096262,48.875129,127.54582,False,0.80183399,False,True,False,0.46356607,2.6096262,48.875129,127.54582,0.45169628,2.6409708,47.459697,125.33968,0.73540285,2.0227524,11.677134,23.61995,0.41593705,3.007289,13.432115,40.39425,0.27720003,2.4472998,21.664951,53.02063,0.58094132,2.8794225,23.348744,67.230899,0.41156688,2.5140299,21.213092,53.330348,0.49702182,2.5347664,24.646945,62.474249
experiment_0a_best,file,16,,3706,064.Ring_billed_Gull/Ring_Billed_Gull_0028_51454.jpg,64,63,064.Ring_billed_Gull,62,61,gaussian_blur,gaussian_blur,0,"{""sigma"":1.199131}",0.4902786,3.1557798,2.6655012,0.61245573,0.042605158,0.11539774,0.010992951,0.49705798,0.031612207,-0.46544577,0.4789063,3.0976954,48.875129,151.40026,False,0.90278119,False,True,False,0.4789063,3.0976954,48.875129,151.40026,0.46342808,3.1362355,47.459697,148.84479,0.83490263,2.3721242,11.677134,27.699611,0.26770335,4.6180783,13.432115,62.030557,0.40679062,3.0876768,21.664951,66.894365,0.51981066,3.106743,23.348744,72.538545,0.48027541,3.1199058,21.213092,66.18285,0.5681524,2.6263334,24.646945,64.731096
experiment_0a_best,file,16,,3706,064.Ring_billed_Gull/Ring_Billed_Gull_0028_51454.jpg,64,63,064.Ring_billed_Gull,62,61,random_erasing,random_erasing,0,"{""area_fraction"":0.133257,""erased"":true,""height"":0.351574,""left"":0.618894,""top"":0.402828,""width"":0.379029}",0.4902786,0.34861267,-0.14166594,0.61245573,0.70566642,0.11539774,0.051956713,0.49705798,0.65370971,0.15665173,0.84146982,0.78778569,48.875129,38.503128,False,0.98401064,True,True,True,0.84146982,0.78778569,48.875129,38.503128,0.83414376,0.78744934,47.459697,37.372107,0.96161337,0.79332122,11.677134,9.263718,0.68110341,0.75719371,13.432115,10.170713,0.84303032,0.8092724,21.664951,17.532847,0.81225532,0.74028268,23.348744,17.284671,0.84822333,0.81487365,21.213092,17.28599,0.88001324,0.79946785,24.646945,19.70444
experiment_0a_best,file,16,,5096,088.Western_Meadowlark/Western_Meadowlark_0050_77864.jpg,88,87,088.Western_Meadowlark,163,162,identity,identity,0,{},0.0095103309,0.0095103309,0,0.99053472,0.99053472,0.0017018834,0.0017018834,0.98883284,0.98883284,0,1,1,1.6159008,1.6159008,False,1,True,True,True,1,1,1.6159008,1.6159008,1,1,1.585626,1.585626,1,1,0.31132884,0.31132884,1,1,0.33672997,0.33672997,1,1,0.68939777,0.68939777,1,1,0.8588694,0.8588694,1,1,0.78509256,0.78509256,1,1,0.75599364,0.75599364
experiment_0a_best,file,16,,5096,088.Western_Meadowlark/Western_Meadowlark_0050_77864.jpg,88,87,088.Western_Meadowlark,163,162,horizontal_flip,horizontal_flip,0,"{""flipped"":true}",0.0095103309,0.01403439,0.0045240587,0.99053472,0.98606366,0.0017018834,0.00063633447,0.98883284,0.98542732,-0.0034055147,0.53625023,1.7140232,1.6159008,2.7696914,False,0.94524926,True,True,True,0.53625023,1.7140232,1.6159008,2.7696914,0.52463316,1.7209923,1.585626,2.7288501,0.8808728,1.5221392,0.31132884,0.47388583,0.64677985,1.8590302,0.33672997,0.62599117,0.26418003,1.6731319,0.68939777,1.1534534,0.60895714,1.8532259,0.8588694,1.591679,0.49493779,1.6685739,0.78509256,1.3099849,0.63409046,1.6063806,0.75599364,1.2144136
experiment_0a_best,file,16,,5096,088.Western_Meadowlark/Western_Meadowlark_0050_77864.jpg,88,87,088.Western_Meadowlark,163,162,color_jitter,color_jitter,0,"{""brightness"":0.673422,""contrast"":0.96586,""hue"":0.037273,""saturation"":0.663149}",0.0095103309,0.22770572,0.21819539,0.99053472,0.79635859,0.0017018834,0.0047195191,0.98883284,0.79163907,-0.19719377,0.76393022,23.573485,1.6159008,38.092413,False,0.9385519,True,True,True,0.76393022,23.573485,1.6159008,38.092413,0.75977032,23.731804,1.585626,37.629765,0.9169186,19.011548,0.31132884,5.9188434,0.66172204,29.488727,0.33672997,9.9297382,0.7740959,28.876966,0.68939777,19.907716,0.7852066,23.312493,0.8588694,20.022387,0.7448722,21.051643,0.78509256,16.527488,0.78508576,20.790044,0.75599364,15.717141
experiment_0a_best,file,16,,5096,088.Western_Meadowlark/Western_Meadowlark_0050_77864.jpg,88,87,088.Western_Meadowlark,163,162,rotation,rotation,0,"{""angle"":-4.162125}",0.0095103309,0.0022360103,-0.0072743206,0.99053472,0.99776649,0.0017018834,0.00062797917,0.98883284,0.99713852,0.0083056762,0.81211411,0.24457632,1.6159008,0.39521107,False,0.98061001,True,True,True,0.81211411,0.24457632,1.6159008,0.39521107,0.80565588,0.24410159,1.585626,0.38705382,0.97245884,0.25658389,0.31132884,0.079881967,0.67406586,0.19988551,0.33672997,0.06730744,0.79311582,0.22311942,0.68939777,0.15381803,0.80537174,0.24864895,0.8588694,0.21355697,0.79982673,0.25769514,0.78509256,0.20231454,0.849632,0.24775814,0.75599364,0.18730358
experiment_0a_best,file,16,,5096,088.Western_Meadowlark/Western_Meadowlark_0050_77864.jpg,88,87,088.Western_Meadowlark,163,162,random_resized_crop,random_resized_crop,0,"{""area_fraction"":0.735378,""aspect"":1.083293,""fallback"":false,""height"":0.823915,""left"":0.010308,""top"":0.170196,""width"":0.892541}",0.0095103309,0.0014569869,-0.008053344,0.99053472,0.9985441,0.0017018834,0.00026181436,0.98883284,0.99828228,0.0094494432,0.55263473,0.13788312,1.6159008,0.22280545,False,0.95243001,True,True,True,0.55263473,0.13788312,1.6159008,0.22280545,0.53559577,0.13679224,1.585626,0.21690133,0.93057437,0.1636589,0.31132884,0.050951735,0.15850991,0.1346576,0.33672997,0.045343249,0.42858744,0.13764619,0.68939777,0.094892974,0.49729706,0.12273972,0.8588694,0.10541739,0.56005823,0.13840057,0.78509256,0.10865726,0.70525144,0.15120208,0.75599364,0.11430781
experiment_0a_best,file,16,,5096,088.Western_Meadowlark/Western_Meadowlark_0050_77864.jpg,88,87,088.Western_Meadowlark,163,162,gaussian_blur,gaussian_blur,0,"{""sigma"":1.526602}",0.0095103309,0.43806729,0.42855696,0.99053472,0.64528233,0.0017018834,0.030878596,0.98883284,0.61440373,-0.37442911,0.33360606,49.723155,1.6159008,80.347685,False,0.830176,True,True,True,0.33360606,49.723155,1.6159008,80.347685,0.32046871,50.132081,1.585626,79.49073,0.80157478,37.59241,0.31132884,11.703602,0.15010094,95.625949,0.33672997,32.200123,0.24992602,56.395108,0.68939777,38.878662,0.32021008,47.163855,0.8588694,40.507592,0.35657623,45.4797,0.78509256,35.705774,0.49457913,38.669273,0.75599364,29.233725
experiment_0a_best,file,16,,5096,088.Western_Meadowlark/Western_Meadowlark_0050_77864.jpg,88,87,088.Western_Meadowlark,163,162,random_erasing,random_erasing,0,"{""area_fraction"":0.102552,""erased"":true,""height"":0.243985,""left"":0.236495,""top"":0.151519,""width"":0.420322}",0.0095103309,0.0068277153,-0.0026826155,0.99053472,0.99319553,0.0017018834,0.00049677113,0.98883284,0.99269876,0.0038659232,0.85297479,0.67363544,1.6159008,1.088528,False,0.97705925,True,True,True,0.85297479,0.67363544,1.6159008,1.088528,0.84878399,0.67289323,1.585626,1.066957,0.95892995,0.69261019,0.31132884,0.21562953,0.87537821,0.67633145,0.33672997,0.22774107,0.79682048,0.59209352,0.68939777,0.40818795,0.86959825,0.68289799,0.8588694,0.58652019,0.84883484,0.68406456,0.78509256,0.537054,0.86014616,0.70922876,0.75599364,0.53617243
experiment_0a_best,file,16,,5432,093.Clark_Nutcracker/Clark_Nutcracker_0066_85390.jpg,93,92,093.Clark_Nutcracker,193,192,identity,identity,0,{},5.6500554,5.6500554,0,0.0035173222,0.0035173222,0.27781489,0.27781489,-0.27429757,-0.27429757,0,1,1,186.86032,186.86032,False,1,True,False,False,1,1,186.86032,186.86032,1,1,184.52366,184.52366,1,1,29.458442,29.458442,1,1,50.575482,50.575482,1,1,82.379911,82.379911,1,1,100.237,100.237,1,1,87.762744,87.762744,1,1,83.396019,83.396019
experiment_0a_best,file,16,,5432,093.Clark_Nutcracker/Clark_Nutcracker_0066_85390.jpg,93,92,093.Clark_Nutcracker,193,192,horizontal_flip,horizontal_flip,0,"{""flipped"":true}",5.6500554,7.1315346,1.4814792,0.0035173222,0.00079949165,0.27781489,0.64366651,-0.27429757,-0.64286701,-0.36856944,0.50429385,1.0706731,186.86032,200.06632,False,0.92749131,True,False,False,0.50429385,1.0706731,186.86032,200.06632,0.49448344,1.0691674,184.52366,197.28667,0.86979369,1.1281668,29.458442,33.234037,0.34761934,1.2453911,50.575482,62.986254,0.3793574,1.2124572,82.379911,99.882115,0.53393238,0.97543441,100.237,97.774618,0.49166067,0.99140171,87.762744,87.008134,0.64769388,1.0622706,83.396019,88.589138
experiment_0a_best,file,16,,5432,093.Clark_Nutcracker/Clark_Nutcracker_0066_85390.jpg,93,92,093.Clark_Nutcracker,193,192,color_jitter,color_jitter,0,"{""brightness"":1.313213,""contrast"":1.209043,""hue"":0.059724,""saturation"":1.02514}",5.6500554,5.7717152,0.12165976,0.0035173222,0.0031144109,0.27781489,0.011842197,-0.27429757,-0.0087277859,0.26556979,0.7067457,0.95553252,186.86032,178.55111,False,0.87585485,False,False,False,0.7067457,0.95553252,186.86032,178.55111,0.70393068,0.95737536,184.52366,176.6584,0.82932305,0.8801863,29.458442,25.928917,0.67439916,1.1104631,50.575482,56.162207,0.72756998,0.93919707,82.379911,77.370971,0.72224703,0.90466393,100.237,90.680797,0.68049582,1.000442,87.762744,87.801534,0.70186735,0.93925543,83.396019,78.330164
experiment_0a_best,file,16,,5432,093.Clark_Nutcracker/Clark_Nutcracker_0066_85390.jpg,93,92,093.Clark_Nutcracker,193,192,rotation,rotation,0,"{""angle"":9.03203}",5.6500554,5.8794327,0.22937727,0.0035173222,0.002796371,0.27781489,0.31453356,-0.27429757,-0.31173719,-0.037439618,0.73472091,1.0757091,186.86032,201.00734,False,0.94710964,True,False,False,0.73472091,1.0757091,186.86032,201.00734,0.7292571,1.0744375,184.52366,198.25914,0.94030223,1.124466,29.458442,33.125017,0.49511033,0.91269045,50.575482,46.15976,0.70281153,1.1276591,82.379911,92.896453,0.75957685,1.1006393,100.237,110.32478,0.72729418,1.0627326,87.762744,93.26833,0.79263494,1.0505407,83.396019,87.610916
experiment_0a_best,file,16,,5432,093.Clark_Nutcracker/Clark_Nutcracker_0066_85390.jpg,93,92,093.Clark_Nutcracker,193,192,random_resized_crop,random_resized_crop,0,"{""area_fraction"":0.569616,""aspect"":0.816097,""fallback"":false,""height"":0.83545,""left"":0.317999,""top"":0.10739,""width"":0.681808}",5.6500554,7.0061855,1.3561301,0.0035173222,0.00090625911,0.27781489,0.22493841,-0.27429757,-0.22403215,0.050265424,0.68130113,1.21764,186.86032,227.52861,False,0.88440788,False,False,False,0.68130113,1.21764,186.86032,227.52861,0.67751197,1.2195353,184.52366,225.03311,0.84171697,1.1407957,29.458442,33.606063,0.68053438,1.2737854,50.575482,64.422313,0.72453545,1.2110207,82.379911,99.763774,0.68916505,1.2416933,100.237,124.46361,0.62944645,1.2706068,87.762744,111.51194,0.67233479,1.1126927,83.396019,92.794143
experiment_0a_best,file,16,,5432,093.Clark_Nutcracker/Clark_Nutcracker_0066_85390.jpg,93,92,093.Clark_Nutcracker,193,192,gaussian_blur,gaussian_blur,0,"{""sigma"":1.811399}",5.6500554,7.6886444,2.038589,0.0035173222,0.00045799857,0.27781489,0.11146306,-0.27429757,-0.11100506,0.16329251,0.44374341,0.80805581,186.86032,150.99357,False,0.8337667,False,False,False,0.44374341,0.80805581,186.86032,150.99357,0.4327661,0.80460976,184.52366,148.46954,0.81982041,0.93327451,29.458442,27.492813,0.30611656,0.99032657,50.575482,50.086244,0.45743452,0.83461973,82.379911,68.7559,0.40694073,0.71418247,100.237,71.587508,0.38340878,0.77914356,87.762744,68.379776,0.55393706,0.8484525,83.396019,70.75756
experiment_0a_best,file,16,,5432,093.Clark_Nutcracker/Clark_Nutcracker_0066_85390.jpg,93,92,093.Clark_Nutcracker,193,192,random_erasing,random_erasing,0,"{""area_fraction"":0.099487,""erased"":true,""height"":0.523496,""left"":0.804894,""top"":0.211842,""width"":0.190043}",5.6500554,6.0564518,0.40639639,0.0035173222,0.0023426979,0.27781489,0.3799178,-0.27429757,-0.3775751,-0.10327753,0.95586826,1.0880485,186.86032,203.31309,False,0.99265885,True,False,False,0.95586826,1.0880485,186.86032,203.31309,0.95503796,1.0875993,184.52366,200.6878,0.98804185,1.1055287,29.458442,32.567152,0.96313674,1.1086481,50.575482,56.070413,0.95795796,1.1416593,82.379911,94.049793,0.96374483,1.0502332,100.237,105.27223,0.94340696,1.0799524,87.762744,94.779588,0.95171119,1.087214,83.396019,90.669321
experiment_0a_best,file,16,,6880,118.House_Sparrow/House_Sparrow_0055_111393.jpg,118,117,118.House_Sparrow,193,192,identity,identity,0,{},3.2512243,3.2512243,0,0.038726769,0.038726769,0.67987013,0.67987013,-0.64114336,-0.64114336,0,1,1,245.37209,245.37209,False,0.99999988,True,False,False,1,1,245.37209,245.37209,1,1,242.02251,242.02251,1,1,40.405036,40.405036,1,1,72.717596,72.717596,1,1,123.42233,123.42233,1,1,135.97637,135.97637,1,1,98.854675,98.854675,1,1,98.955321,98.955321
experiment_0a_best,file,16,,6880,118.House_Sparrow/House_Sparrow_0055_111393.jpg,118,117,118.House_Sparrow,193,192,horizontal_flip,horizontal_flip,0,"{""flipped"":true}",3.2512243,4.819345,1.5681207,0.038726769,0.0080720717,0.67987013,0.81701881,-0.64114336,-0.80894674,-0.16780338,0.67566489,0.94643165,245.37209,232.22791,False,0.965536,True,False,False,0.67566489,0.94643165,245.37209,232.22791,0.6666617,0.94213016,242.02251,228.0167,0.9619057,1.0895874,40.405036,44.024819,0.66629266,0.99951493,72.717596,72.682323,0.64500701,0.84920745,123.42233,104.81116,0.63144505,0.86864265,135.97637,118.11487,0.66078932,1.0466178,98.854675,103.46306,0.77081221,1.0631421,98.955321,105.20356
experiment_0a_best,file,16,,6880,118.House_Sparrow/House_Sparrow_0055_111393.jpg,118,117,118.House_Sparrow,193,192,color_jitter,color_jitter,0,"{""brightness"":0.995619,""contrast"":0.757055,""hue"":-0.097707,""saturation"":1.350233}",3.2512243,3.9944484,0.74322414,0.038726769,0.018417602,0.67987013,0.086422801,-0.64114336,-0.068005199,0.57313816,0.4500393,0.79217138,245.37209,194.37674,False,0.81854057,False,False,False,0.4500393,0.79217138,245.37209,194.37674,0.44349234,0.79006451,242.02251,191.21339,0.66650942,0.86437296,40.405036,34.925021,0.26814775,0.5294448,72.717596,38.499953,0.36313793,0.7801832,123.42233,96.292027,0.53723965,0.82808218,135.97637,112.59961,0.45792608,0.86273008,98.854675,85.284901,0.44518431,0.77332219,98.955321,76.524346
experiment_0a_best,file,16,,6880,118.House_Sparrow/House_Sparrow_0055_111393.jpg,118,117,118.House_Sparrow,193,192,rotation,rotation,0,"{""angle"":9.194747}",3.2512243,3.8735321,0.62230778,0.038726769,0.020784825,0.67987013,0.76328081,-0.64114336,-0.74249598,-0.10135262,0.8391856,1.0219991,245.37209,250.77005,False,0.95261645,True,False,False,0.8391856,1.0219991,245.37209,250.77005,0.83602137,1.0211031,242.02251,247.12993,0.94961028,1.0536429,40.405036,42.57248,0.90978852,1.119131,72.717596,81.380516,0.83419212,1.0185402,123.42233,125.71061,0.85143067,0.96586858,135.97637,131.3353,0.7925435,1.0503343,98.854675,103.83045,0.81757434,1.0412924,98.955321,103.04142
experiment_0a_best,file,16,,6880,118.House_Sparrow/House_Sparrow_0055_111393.jpg,118,117,118.House_Sparrow,193,192,random_resized_crop,random_resized_crop,0,"{""area_fraction"":0.509946,""aspect"":0.799458,""fallback"":false,""height"":0.798664,""left"":0.33322,""top"":0.1641,""width"":0.638498}",3.2512243,3.1328752,-0.11834908,0.038726769,0.043592282,0.67987013,0.17834596,-0.64114336,-0.13475368,0.50638968,0.47884692,0.8414657,245.37209,206.4722,False,0.88473868,True,False,False,0.47884692,0.8414657,245.37209,206.4722,0.47141715,0.8446174,242.02251,204.41642,0.79790333,0.71930713,40.405036,29.06363,0.45603558,0.9263797,72.717596,67.364105,0.26567465,0.89269171,123.42233,110.17809,0.56800615,0.83989292,135.97637,114.20559,0.56157509,0.82397097,98.854675,81.453382,0.56677563,0.74475859,98.955321,73.697825
experiment_0a_best,file,16,,6880,118.House_Sparrow/House_Sparrow_0055_111393.jpg,118,117,118.House_Sparrow,193,192,gaussian_blur,gaussian_blur,0,"{""sigma"":1.219052}",3.2512243,5.4746885,2.2234643,0.038726769,0.0041915332,0.67987013,0.81354088,-0.64114336,-0.80934934,-0.16820598,0.69870135,1.158606,245.37209,284.28957,False,0.91555858,True,False,False,0.69870135,1.158606,245.37209,284.28957,0.69288435,1.1592301,242.02251,280.55978,0.91181969,1.1359859,40.405036,45.899551,0.79806504,1.23266,72.717596,89.636075,0.62288856,1.1895634,123.42233,146.81869,0.69364717,1.1455763,135.97637,155.77131,0.68485598,1.1603479,98.854675,114.70581,0.75680232,1.0931459,98.955321,108.1726
experiment_0a_best,file,16,,6880,118.House_Sparrow/House_Sparrow_0055_111393.jpg,118,117,118.House_Sparrow,193,192,random_erasing,random_erasing,0,"{""area_fraction"":0.173605,""erased"":true,""height"":0.26982,""left"":0.038152,""top"":0.501848,""width"":0.643411}",3.2512243,3.3630965,0.1118722,0.038726769,0.034627866,0.67987013,0.3615348,-0.64114336,-0.32690694,0.31423642,0.85128092,0.6937913,245.37209,170.23702,False,0.92545265,True,False,False,0.85128092,0.6937913,245.37209,170.23702,0.8502912,0.69192095,242.02251,167.46044,0.88712546,0.75785,40.405036,30.620957,0.85903215,0.71430589,72.717596,51.942607,0.90816043,0.65872288,123.42233,81.301111,0.90396137,0.70208795,135.97637,95.467368,0.76815988,0.68635425,98.854675,67.849326,0.74432144,0.71582439,98.955321,70.834632
experiment_0a_best,file,16,,2034,036.Northern_Flicker/Northern_Flicker_0138_28476.jpg,36,35,036.Northern_Flicker,35,34,identity,identity,0,{},0.049030554,0.049030554,0,0.95215201,0.95215201,0.012071569,0.012071569,0.94008044,0.94008044,0,1,1,7.4702037,7.4702037,False,0.99999994,True,True,True,1,1,7.4702037,7.4702037,1,1,7.370563,7.370563,1,1,1.2160365,1.2160365,1,1,0.9884739,0.9884739,1,1,2.222602,2.222602,1,1,3.4479012,3.4479012,1,1,4.0251562,4.0251562,1,1,4.5075773,4.5075773
experiment_0a_best,file,16,,2034,036.Northern_Flicker/Northern_Flicker_0138_28476.jpg,36,35,036.Northern_Flicker,35,34,horizontal_flip,horizontal_flip,0,"{""flipped"":true}",0.049030554,0.026210686,-0.022819867,0.95215201,0.97412986,0.012071569,0.0046417895,0.94008044,0.96948807,0.029407622,0.78505274,0.55135273,7.4702037,4.1187172,False,0.97691905,True,True,True,0.78505274,0.55135273,7.4702037,4.1187172,0.78013347,0.55185463,7.370563,4.0674793,0.97279518,0.5325866,1.2160365,0.64764476,0.65106527,0.53339479,0.9884739,0.52724683,0.61975742,0.50708596,2.222602,1.1270503,0.74283176,0.55580685,3.4479012,1.9163671,0.78330703,0.54509029,4.0251562,2.1940736,0.84084463,0.5660287,4.5075773,2.5514181
experiment_0a_best,file,16,,2034,036.Northern_Flicker/Northern_Flicker_0138_28476.jpg,36,35,036.Northern_Flicker,35,34,color_jitter,color_jitter,0,"{""brightness"":1.228991,""contrast"":0.797741,""hue"":-0.014827,""saturation"":1.101409}",0.049030554,0.083041437,0.034010883,0.95215201,0.920313,0.012071569,0.020238856,0.94008044,0.90007414,-0.0400063,0.94679133,1.5749314,7.4702037,11.765058,False,0.99199092,True,True,True,0.94679133,1.5749314,7.4702037,11.765058,0.94563364,1.572836,7.370563,11.592687,0.98838888,1.6500666,1.2160365,2.0065413,0.85357671,1.595932,0.9884739,1.5775371,0.88899311,1.4994479,2.222602,3.332676,0.94098127,1.622497,3.4479012,5.5942094,0.95167246,1.5792582,4.0251562,6.3567611,0.96202143,1.5543891,4.5075773,7.006529
experiment_0a_best,file,16,,2034,036.Northern_Flicker/Northern_Flicker_0138_28476.jpg,36,35,036.Northern_Flicker,35,34,rotation,rotation,0,"{""angle"":0.250216}",0.049030554,0.032154858,-0.016875695,0.95215201,0.96835661,0.012071569,0.0082408441,0.94008044,0.96011577,0.020035321,0.96248154,0.67386862,7.4702037,5.0339358,False,0.99771047,True,True,True,0.96248154,0.67386862,7.4702037,5.0339358,0.96153395,0.67393772,7.370563,4.9673004,0.99743626,0.67132495,1.2160365,0.81635566,0.88975945,0.64523499,0.9884739,0.63779795,0.91674934,0.68087683,2.222602,1.5133182,0.95395079,0.68108502,3.4479012,2.3483138,0.96406484,0.67612145,4.0251562,2.7214945,0.97859057,0.66761503,4.5075773,3.0093264
experiment_0a_best,file,16,,2034,036.Northern_Flicker/Northern_Flicker_0138_28476.jpg,36,35,036.Northern_Flicker,35,34,random_resized_crop,random_resized_crop,0,"{""area_fraction"":0.709651,""aspect"":0.938633,""fallback"":false,""height"":0.86951,""left"":0.066321,""top"":0.020309,""width"":0.816151}",0.049030554,0.043953646,-0.0050769076,0.95215201,0.95699835,0.012071569,0.0091278143,0.94008044,0.94787053,0.0077900896,0.85074881,0.90441727,7.4702037,6.7561813,False,0.98779261,True,True,True,0.85074881,0.90441727,7.4702037,6.7561813,0.84701998,0.90423724,7.370563,6.6647376,0.98674128,0.91100642,1.2160365,1.1078171,0.59736151,0.93041812,0.9884739,0.91969403,0.69685586,0.81738053,2.222602,1.8167116,0.82580383,0.87122954,3.4479012,3.0039133,0.84954605,0.93084756,4.0251562,3.7468069,0.90298939,0.92034824,4.5075773,4.1485409
experiment_0a_best,file,16,,2034,036.Northern_Flicker/Northern_Flicker_0138_28476.jpg,36,35,036.Northern_Flicker,35,34,gaussian_blur,gaussian_blur,0,"{""sigma"":1.970555}",0.049030554,1.1642039,1.1151733,0.95215201,0.3121711,0.012071569,0.0053691496,0.94008044,0.30680195,-0.63327849,0.26062254,17.139608,7.4702037,128.03636,False,0.7413491,True,True,True,0.26062254,17.139608,7.4702037,128.03636,0.25002316,17.145338,7.370563,126.37079,0.65504129,16.927779,1.2160365,20.584798,0.29855359,22.021985,0.9884739,21.768157,0.046499314,23.978937,2.222602,53.295633,0.24266959,20.703476,3.4479012,71.383539,0.27491868,16.412394,4.0251562,66.062449,0.34581152,12.540716,4.5075773,56.528248
experiment_0a_best,file,16,,2034,036.Northern_Flicker/Northern_Flicker_0138_28476.jpg,36,35,036.Northern_Flicker,35,34,random_erasing,random_erasing,0,"{""area_fraction"":0.141689,""erased"":true,""height"":0.580346,""left"":0.652026,""top"":0.068146,""width"":0.244146}",0.049030554,0.05325288,0.004222326,0.95215201,0.9481402,0.012071569,0.012023865,0.94008044,0.93611634,-0.0039641056,0.96495727,1.1103048,7.4702037,8.2942031,False,0.9938845,True,True,True,0.96495727,1.1103048,7.4702037,8.2942031,0.96425799,1.1118646,7.370563,8.1950681,0.99359533,1.0513989,1.2160365,1.2785394,0.90586795,1.1994505,0.9884739,1.1856255,0.92875572,1.0914335,2.222602,2.4258222,0.96495108,1.1250843,3.4479012,3.8791796,0.96581841,1.1175663,4.0251562,4.4983789,0.97449659,1.1000064,4.5075773,4.9583639
experiment_0a_best,file,16,,8949,153.Philadelphia_Vireo/Philadelphia_Vireo_0070_794758.jpg,153,152,153.Philadelphia_Vireo,173,172,identity,identity,0,{},0.19470957,0.19470957,0,0.82307369,0.82307369,0.029603101,0.029603101,0.79347058,0.79347058,0,1,1,39.220442,39.220442,False,0.99999988,True,True,True,1,1,39.220442,39.220442,1,1,38.735268,38.735268,1,1,6.1499672,6.1499672,1,1,7.0506362,7.0506362,1,1,19.281202,19.281202,1,1,21.107845,21.107845,1,1,18.617631,18.617631,1,1,16.9348,16.9348
experiment_0a_best,file,16,,8949,153.Philadelphia_Vireo/Philadelphia_Vireo_0070_794758.jpg,153,152,153.Philadelphia_Vireo,173,172,horizontal_flip,horizontal_flip,0,"{""flipped"":true}",0.19470957,0.053463764,-0.1412458,0.82307369,0.94794029,0.029603101,0.0051113432,0.79347058,0.94282895,0.14935836,0.68200991,0.29030436,39.220442,11.385865,False,0.96258712,True,True,True,0.68200991,0.29030436,39.220442,11.385865,0.67507976,0.28997435,38.735268,11.232234,0.94567359,0.30310619,6.1499672,1.8640931,0.57812362,0.3415091,7.0506362,2.4078565,0.59966786,0.26637101,19.281202,5.1359532,0.72445872,0.29876936,21.107845,6.3063773,0.66180021,0.29623747,18.617631,5.5152397,0.72780985,0.288071,16.9348,4.8784247
experiment_0a_best,file,16,,8949,153.Philadelphia_Vireo/Philadelphia_Vireo_0070_794758.jpg,153,152,153.Philadelphia_Vireo,173,172,color_jitter,color_jitter,0,"{""brightness"":0.687831,""contrast"":1.126441,""hue"":-0.042827,""saturation"":0.966725}",0.19470957,0.1576734,-0.037036166,0.82307369,0.85412872,0.029603101,0.01826258,0.79347058,0.83586614,0.042395554,0.81228691,0.78765756,39.220442,30.892277,False,0.93444061,True,True,True,0.81228691,0.78765756,39.220442,30.892277,0.80955937,0.78764862,38.735268,30.50978,0.92043985,0.788012,6.1499672,4.8462479,0.49308919,0.9738624,7.0506362,6.8663495,0.84008992,0.87438353,19.281202,16.859166,0.84048805,0.73662928,21.107845,15.548657,0.7970988,0.72735172,18.617631,13.541566,0.81834043,0.77966969,16.9348,13.20355
experiment_0a_best,file,16,,8949,153.Philadelphia_Vireo/Philadelphia_Vireo_0070_794758.jpg,153,152,153.Philadelphia_Vireo,173,172,rotation,rotation,0,"{""angle"":-8.813803}",0.19470957,0.18733053,-0.0073790401,0.82307369,0.82916963,0.029603101,0.045531292,0.79347058,0.78363834,-0.0098322444,0.74975537,1.0690333,39.220442,41.927958,False,0.94132888,True,True,True,0.74975537,1.0690333,39.220442,41.927958,0.74604561,1.0713668,38.735268,41.499679,0.91545386,0.97195413,6.1499672,5.977486,0.65758897,1.4239844,7.0506362,10.039996,0.73197223,0.94012398,19.281202,18.12672,0.78998855,1.1964243,21.107845,25.253938,0.72994654,1.0499123,18.617631,19.546879,0.75102326,0.97566962,16.9348,16.52277
experiment_0a_best,file,16,,8949,153.Philadelphia_Vireo/Philadelphia_Vireo_0070_794758.jpg,153,152,153.Philadelphia_Vireo,173,172,random_resized_crop,random_resized_crop,0,"{""area_fraction"":0.837286,""aspect"":0.991515,""fallback"":false,""height"":0.91894,""left"":0.069121,""top"":0.064025,""width"":0.911143}",0.19470957,0.16083582,-0.033873752,0.82307369,0.85143185,0.029603101,0.030252494,0.79347058,0.82117935,0.027708769,0.81181732,0.93943644,39.220442,36.845112,False,0.96744472,True,True,True,0.81181732,0.93943644,39.220442,36.845112,0.80892901,0.94243201,38.735268,36.505356,0.95371767,0.81173129,6.1499672,4.9921208,0.76471794,1.1513221,7.0506362,8.117553,0.79630911,0.91857017,19.281202,17.711137,0.84846877,0.98012025,21.107845,20.688226,0.78147537,0.93616179,18.617631,17.429114,0.81006328,0.87840778,16.9348,14.87566
experiment_0a_best,file,16,,8949,153.Philadelphia_Vireo/Philadelphia_Vireo_0070_794758.jpg,153,152,153.Philadelphia_Vireo,173,172,gaussian_blur,gaussian_blur,0,"{""sigma"":1.374693}",0.19470957,2.3304689,2.1357593,0.82307369,0.097250141,0.029603101,0.089170799,0.79347058,0.0080793425,-0.78539124,0.66825574,4.0492307,39.220442,158.81262,False,0.86649621,False,True,False,0.66825574,4.0492307,39.220442,158.81262,0.66331713,4.0380272,38.735268,156.41406,0.8485728,4.4710917,6.1499672,27.497067,0.62133225,4.0364952,7.0506362,28.459859,0.6731155,4.2719239,19.281202,82.367829,0.67887932,3.8675366,21.107845,81.635363,0.64169303,4.0718134,18.617631,75.807519,0.66291396,3.9434722,16.9348,66.781913
experiment_0a_best,file,16,,8949,153.Philadelphia_Vireo/Philadelphia_Vireo_0070_794758.jpg,153,152,153.Philadelphia_Vireo,173,172,random_erasing,random_erasing,0,"{""area_fraction"":0.195372,""erased"":true,""height"":0.566613,""left"":0.479756,""top"":0.343284,""width"":0.344807}",0.19470957,0.4665145,0.27180493,0.82307369,0.62718451,0.029603101,0.041564237,0.79347058,0.58562027,-0.20785031,0.7784384,1.6742967,39.220442,65.666656,False,0.95843291,True,True,True,0.7784384,1.6742967,39.220442,65.666656,0.77355312,1.663986,38.735268,64.454942,0.95223595,2.0417467,6.1499672,12.556675,0.78050231,1.5285526,7.0506362,10.777269,0.77081139,1.6373204,19.281202,31.569505,0.76677309,1.5048075,21.107845,31.763244,0.76971952,1.682456,18.617631,31.323344,0.80094688,1.9148969,16.9348,32.428397
experiment_0a_best,file,16,,10877,185.Bohemian_Waxwing/Bohemian_Waxwing_0117_177858.jpg,185,184,185.Bohemian_Waxwing,186,185,identity,identity,0,{},5.7546549,5.7546549,0,0.0031679994,0.0031679994,0.97672087,0.97672087,-0.97355287,-0.97355287,0,1,1,164.80861,164.80861,False,1,True,False,False,1,1,164.80861,164.80861,1,1,160.40948,160.40948,1,1,37.824295,37.824295,1,1,34.114523,34.114523,1,1,67.059015,67.059015,1,1,85.58431,85.58431,1,1,79.698223,79.698223,1,1,79.962534,79.962534
experiment_0a_best,file,16,,10877,185.Bohemian_Waxwing/Bohemian_Waxwing_0117_177858.jpg,185,184,185.Bohemian_Waxwing,186,185,horizontal_flip,horizontal_flip,0,"{""flipped"":true}",5.7546549,5.2866049,-0.46805,0.0031679994,0.0050589065,0.97672087,0.97492707,-0.97355287,-0.96986816,0.0036847088,0.67625568,1.0357431,164.80861,170.69938,False,0.95240325,True,False,False,0.67625568,1.0357431,164.80861,170.69938,0.66285414,1.0415885,160.40948,167.08067,0.95246764,0.92432201,37.824295,34.961828,0.4408215,1.0281394,34.114523,35.074485,0.59651483,1.1302472,67.059015,75.793263,0.69018008,1.0457353,85.58431,89.498538,0.65972694,1.0149336,79.698223,80.888407,0.73014924,0.999545,79.962534,79.926151
experiment_0a_best,file,16,,10877,185.Bohemian_Waxwing/Bohemian_Waxwing_0117_177858.jpg,185,184,185.Bohemian_Waxwing,186,185,color_jitter,color_jitter,0,"{""brightness"":0.780591,""contrast"":0.864937,""hue"":-0.039339,""saturation"":1.11368}",5.7546549,5.0416107,-0.71304417,0.0031679994,0.0064633298,0.97672087,0.9805699,-0.97355287,-0.97410657,-0.00055369921,0.77879471,0.99201997,164.80861,163.49343,False,0.94783944,True,False,False,0.77879471,0.99201997,164.80861,163.49343,0.76969388,0.99357365,160.40948,159.37863,0.94790458,0.9636489,37.824295,36.44934,0.57158614,0.85615066,34.114523,29.207171,0.69622844,1.0699351,67.059015,71.748797,0.78881263,0.95844414,85.58431,82.02778,0.79396477,0.97408511,79.698223,77.632852,0.81437367,1.0194523,79.962534,81.517987
experiment_0a_best,file,16,,10877,185.Bohemian_Waxwing/Bohemian_Waxwing_0117_177858.jpg,185,184,185.Bohemian_Waxwing,186,185,rotation,rotation,0,"{""angle"":3.871884}",5.7546549,6.7002802,0.94562531,0.0031679994,0.0012305671,0.97672087,0.99297196,-0.97355287,-0.99174139,-0.01818852,0.83161317,1.0095306,164.80861,166.37933,False,0.97049701,True,False,False,0.83161317,1.0095306,164.80861,166.37933,0.82375448,1.0085346,160.40948,161.7785,0.97050878,1.0272787,37.824295,38.856094,0.81760472,0.97789489,34.114523,33.360417,0.82112859,0.9857198,67.059015,66.101399,0.82086831,0.98344589,85.58431,84.167538,0.80078761,1.0148702,79.698223,80.883353,0.85285815,1.0510635,79.962534,84.045704
experiment_0a_best,file,16,,10877,185.Bohemian_Waxwing/Bohemian_Waxwing_0117_177858.jpg,185,184,185.Bohemian_Waxwing,186,185,random_resized_crop,random_resized_crop,0,"{""area_fraction"":0.791813,""aspect"":1.030855,""fallback"":false,""height"":0.876421,""left"":0.03716,""top"":0.046112,""width"":0.903462}",5.7546549,5.8145485,0.059893608,0.0031679994,0.0029838267,0.97672087,0.94028586,-0.97355287,-0.93730203,0.036250835,0.82061804,1.031928,164.80861,170.07061,False,0.96706903,True,False,False,0.82061804,1.031928,164.80861,170.07061,0.81287183,1.034217,160.40948,165.89821,0.96692889,0.98985523,37.824295,37.440576,0.79974363,0.99184672,34.114523,33.836377,0.82185036,1.0533153,67.059015,70.634286,0.80807093,1.0861332,85.58431,92.955961,0.79145515,0.99692853,79.698223,79.453432,0.83805897,1.003158,79.962534,80.215052
experiment_0a_best,file,16,,10877,185.Bohemian_Waxwing/Bohemian_Waxwing_0117_177858.jpg,185,184,185.Bohemian_Waxwing,186,185,gaussian_blur,gaussian_blur,0,"{""sigma"":1.769557}",5.7546549,5.150775,-0.60387993,0.0031679994,0.0057949116,0.97672087,0.037340496,-0.97355287,-0.031545584,0.94200729,0.22958227,0.75631057,164.80861,124.64649,False,0.76084715,False,False,False,0.22958227,0.75631057,164.80861,124.64649,0.21572352,0.76396724,160.40948,122.54759,0.55204122,0.60220552,37.824295,22.777999,0.48951494,0.90067987,34.114523,30.726264,0.11962976,0.70190359,67.059015,47.068964,0.15433309,0.75812611,85.58431,64.8837,0.21041057,0.81714209,79.698223,65.124773,0.3001215,0.72998105,79.962534,58.371135
experiment_0a_best,file,16,,10877,185.Bohemian_Waxwing/Bohemian_Waxwing_0117_177858.jpg,185,184,185.Bohemian_Waxwing,186,185,random_erasing,random_erasing,0,"{""area_fraction"":0.144747,""erased"":true,""height"":0.291106,""left"":0.0562,""top"":0.02073,""width"":0.497233}",5.7546549,6.0007238,0.24606895,0.0031679994,0.0024769586,0.97672087,0.97699898,-0.97355287,-0.97452203,-0.00096915616,0.88255159,0.97072276,164.80861,159.98347,False,0.98494244,True,False,False,0.88255159,0.97072276,164.80861,159.98347,0.87663751,0.96821831,160.40948,155.31139,0.98496203,1.0147114,37.824295,38.380743,0.90511959,0.98940083,34.114523,33.752937,0.86842212,0.99160073,67.059015,66.495768,0.88482566,0.93969721,85.58431,80.423337,0.85294144,0.94765476,79.698223,75.5264,0.89200552,0.99957163,79.962534,79.928281
experiment_0a_best,file,16,,11558,197.Marsh_Wren/Marsh_Wren_0008_188533.jpg,197,196,197.Marsh_Wren,121,120,identity,identity,0,{},0.008594784,0.008594784,0,0.99144202,0.99144202,0.0012791447,0.0012791447,0.99016288,0.99016288,0,1,1,1.5982474,1.5982474,False,1,True,True,True,1,1,1.5982474,1.5982474,1,1,1.5739615,1.5739615,1,1,0.27756072,0.27756072,1,1,0.36095814,0.36095814,1,1,0.69931953,0.69931953,1,1,0.88513732,0.88513732,1,1,0.72492717,0.72492717,1,1,0.74096466,0.74096466
experiment_0a_best,file,16,,11558,197.Marsh_Wren/Marsh_Wren_0008_188533.jpg,197,196,197.Marsh_Wren,121,120,horizontal_flip,horizontal_flip,0,"{""flipped"":true}",0.008594784,0.0052629258,-0.0033318582,0.99144202,0.99475092,0.0012791447,0.00063810934,0.99016288,0.99411281,0.0039499276,0.69224513,0.60598782,1.5982474,0.96851844,False,0.96255374,True,True,True,0.69224513,0.60598782,1.5982474,0.96851844,0.684703,0.60647588,1.5739615,0.95456967,0.94176727,0.59007828,0.27756072,0.16378255,0.37348539,0.56473653,0.36095814,0.20384625,0.60976823,0.58704509,0.69931953,0.4105321,0.72593973,0.59659288,0.88513732,0.52806662,0.65573155,0.62366614,0.72492717,0.45211253,0.78638782,0.62991875,0.74096466,0.46674753
experiment_0a_best,file,16,,11558,197.Marsh_Wren/Marsh_Wren_0008_188533.jpg,197,196,197.Marsh_Wren,121,120,color_jitter,color_jitter,0,"{""brightness"":1.350379,""contrast"":1.275284,""hue"":0.075675,""saturation"":0.730537}",0.008594784,0.869937,0.86134222,0.99144202,0.41897795,0.0012791447,0.10863362,0.99016288,0.31034432,-0.67981856,0.56555167,77.916215,1.5982474,124.52938,False,0.81540877,True,True,True,0.56555167,77.916215,1.5982474,124.52938,0.56059573,78.123465,1.5739615,122.96332,0.74365055,70.929603,0.27756072,19.687272,0.4827234,62.572583,0.36095814,22.586083,0.5712876,82.507842,0.69931953,57.699346,0.59611185,84.659488,0.88513732,74.935273,0.50029489,77.029626,0.72492717,55.840869,0.58079224,68.11277,0.74096466,50.469155
experiment_0a_best,file,16,,11558,197.Marsh_Wren/Marsh_Wren_0008_188533.jpg,197,196,197.Marsh_Wren,121,120,rotation,rotation,0,"{""angle"":-7.002569}",0.008594784,0.016607258,0.0080124745,0.99144202,0.98352987,0.0012791447,0.0010368167,0.99016288,0.98249305,-0.007669831,0.7238977,1.7209115,1.5982474,2.7504423,False,0.96120089,True,True,True,0.7238977,1.7209115,1.5982474,2.7504423,0.71672349,1.7129524,1.5739615,2.696121,0.93188808,1.9596943,0.27756072,0.54393416,0.77748078,1.241789,0.36095814,0.44823385,0.64993536,1.6283334,0.69931953,1.1387253,0.69799801,1.676582,0.88513732,1.4840053,0.69759138,1.7726812,0.72492717,1.2850648,0.81024474,1.8689761,0.74096466,1.3848452
experiment_0a_best,file,16,,11558,197.Marsh_Wren/Marsh_Wren_0008_188533.jpg,197,196,197.Marsh_Wren,121,120,random_resized_crop,random_resized_crop,0,"{""area_fraction"":0.800848,""aspect"":1.076082,""fallback"":false,""height"":0.862685,""left"":0.064373,""top"":0.039999,""width"":0.92832}",0.008594784,0.015018605,0.0064238207,0.99144202,0.98509359,0.0012791447,0.000882519,0.99016288,0.98421107,-0.0059518054,0.82602428,1.8670952,1.5982474,2.98408,False,0.95710945,True,True,True,0.82602428,1.8670952,1.5982474,2.98408,0.82317007,1.8730458,1.5739615,2.9481019,0.93491906,1.6644402,0.27756072,0.46198321,0.85363513,2.0052245,0.36095814,0.7238021,0.83358717,1.9754715,0.69931953,1.3814858,0.84189637,1.973144,0.88513732,1.7465034,0.78486577,1.7663227,0.72492717,1.2804553,0.82022852,1.6905344,0.74096466,1.2526263
experiment_0a_best,file,16,,11558,197.Marsh_Wren/Marsh_Wren_0008_188533.jpg,197,196,197.Marsh_Wren,121,120,gaussian_blur,gaussian_blur,0,"{""sigma"":1.551466}",0.008594784,0.40320346,0.39460867,0.99144202,0.66817611,0.0012791447,0.024622023,0.99016288,0.64355409,-0.34660879,0.48472808,42.910738,1.5982474,68.581974,False,0.84973884,True,True,True,0.48472808,42.910738,1.5982474,68.581974,0.47764646,43.063484,1.5739615,67.780264,0.74928384,37.670178,0.27756072,10.455762,0.51631207,39.274416,0.36095814,14.17642,0.40224132,43.45249,0.69931953,30.387175,0.48125446,43.643406,0.88513732,38.630408,0.45769737,46.281406,0.72492717,33.550648,0.56318465,39.390023,0.74096466,29.186615
experiment_0a_best,file,16,,11558,197.Marsh_Wren/Marsh_Wren_0008_188533.jpg,197,196,197.Marsh_Wren,121,120,random_erasing,random_erasing,0,"{""area_fraction"":0.130477,""erased"":true,""height"":0.322762,""left"":0.045123,""top"":0.281877,""width"":0.404251}",0.008594784,0.030742874,0.02214809,0.99144202,0.96972489,0.0012791447,0.0075624548,0.99016288,0.96216244,-0.028000441,0.77509959,3.5319636,1.5982474,5.6449516,False,0.91223216,True,True,True,0.77509959,3.5319636,1.5982474,5.6449516,0.77166588,3.5315796,1.5739615,5.5585702,0.88512541,3.5442899,0.27756072,0.98375565,0.86715545,3.6333847,0.36095814,1.3114998,0.82267821,3.654498,0.69931953,2.5556619,0.78888069,3.3454022,0.88513732,2.9611404,0.69012114,3.5774881,0.72492717,2.5934183,0.75966383,3.6092676,0.74096466,2.6743398
experiment_0a_best,file,16,,10353,176.Prairie_Warbler/Prairie_Warbler_0020_173359.jpg,176,175,176.Prairie_Warbler,169,168,identity,identity,0,{},0.0070646019,0.0070646019,0,0.99296027,0.99296027,0.00091544731,0.00091544731,0.99204483,0.99204483,0,1,1,1.0200985,1.0200985,False,1,True,True,True,1,1,1.0200985,1.0200985,1,1,1.0003487,1.0003487,1,1,0.19975842,0.19975842,1,1,0.15647735,0.15647735,1,1,0.3812409,0.3812409,1,1,0.5319487,0.5319487,1,1,0.49538466,0.49538466,1,1,0.54999312,0.54999312
experiment_0a_best,file,16,,10353,176.Prairie_Warbler/Prairie_Warbler_0020_173359.jpg,176,175,176.Prairie_Warbler,169,168,horizontal_flip,horizontal_flip,0,"{""flipped"":true}",0.0070646019,0.00075669261,-0.0063079093,0.99296027,0.99924362,0.00091544731,3.6517376e-05,0.99204483,0.9992071,0.0071622728,0.6931894,0.11301717,1.0200985,0.11528864,False,0.97420514,True,True,True,0.6931894,0.11301717,1.0200985,0.11528864,0.68148819,0.11254982,1.0003487,0.11258907,0.96238882,0.12416338,0.19975842,0.024802682,0.54446765,0.11398171,0.15647735,0.017835556,0.61911282,0.10567313,0.3812409,0.04028692,0.71221935,0.10954761,0.5319487,0.058273707,0.62769146,0.11399333,0.49538466,0.056470549,0.73630324,0.11713539,0.54999312,0.064423658
experiment_0a_best,file,16,,10353,176.Prairie_Warbler/Prairie_Warbler_0020_173359.jpg,176,175,176.Prairie_Warbler,169,168,color_jitter,color_jitter,0,"{""brightness"":1.207866,""contrast"":0.655979,""hue"":-0.034457,""saturation"":1.082705}",0.0070646019,0.49159133,0.48452673,0.99296027,0.61165226,0.00091544731,0.044443525,0.99204483,0.56720873,-0.4248361,0.77003672,53.208279,1.0200985,54.277687,False,0.92382044,True,True,True,0.77003672,53.208279,1.0200985,54.277687,0.76544754,53.5206,1.0003487,53.539264,0.92014781,44.667434,0.19975842,8.9226963,0.49025134,62.248984,0.15647735,9.7405561,0.58923274,54.763858,0.3812409,20.878223,0.80980992,58.019203,0.5319487,30.86324,0.79136772,53.375709,0.49538466,26.441507,0.82712784,47.551571,0.54999312,26.153037
experiment_0a_best,file,16,,10353,176.Prairie_Warbler/Prairie_Warbler_0020_173359.jpg,176,175,176.Prairie_Warbler,169,168,rotation,rotation,0,"{""angle"":13.513442}",0.0070646019,0.032079823,0.025015221,0.99296027,0.96842927,0.00091544731,0.0038531683,0.99204483,0.9645761,-0.027468728,0.82631845,4.5023586,1.0200985,4.5928494,False,0.97236514,True,True,True,0.82631845,4.5023586,1.0200985,4.5928494,0.82105744,4.508066,1.0003487,4.5096381,0.96329854,4.3567843,0.19975842,0.87030437,0.76089869,6.4983491,0.15647735,1.0168445,0.81787052,4.4297835,0.3812409,1.6888147,0.85592343,4.7779888,0.5319487,2.5416449,0.79177403,4.4893963,0.49538466,2.2239781,0.83117997,4.0837745,0.54999312,2.2460479
experiment_0a_best,file,16,,10353,176.Prairie_Warbler/Prairie_Warbler_0020_173359.jpg,176,175,176.Prairie_Warbler,169,168,random_resized_crop,random_resized_crop,0,"{""area_fraction"":0.805724,""aspect"":0.930156,""fallback"":false,""height"":0.930712,""left"":0.089473,""top"":0.007155,""width"":0.865707}",0.0070646019,0.025982242,0.01891764,0.99296027,0.97435242,0.00091544731,0.0045606219,0.99204483,0.9697918,-0.022253029,0.85938123,3.9896445,1.0200985,4.0698305,False,0.97740817,True,True,True,0.85938123,3.9896445,1.0200985,4.0698305,0.85533002,4.0006316,1.0003487,4.0020268,0.97159939,3.7034666,0.19975842,0.73979864,0.84529514,5.1996826,0.15647735,0.81363257,0.84764987,4.285623,0.3812409,1.6338548,0.89021317,4.3469349,0.5319487,2.3123464,0.82506673,3.9002406,0.49538466,1.9321194,0.86564207,3.4520557,0.54999312,1.8986069
experiment_0a_best,file,16,,10353,176.Prairie_Warbler/Prairie_Warbler_0020_173359.jpg,176,175,176.Prairie_Warbler,169,168,gaussian_blur,gaussian_blur,0,"{""sigma"":1.36334}",0.0070646019,0.04905121,0.041986608,0.99296027,0.95213234,0.00091544731,0.0008850756,0.99204483,0.95124727,-0.040797558,0.75141981,8.3484786,1.0200985,8.5162708,False,0.93441331,True,True,True,0.75141981,8.3484786,1.0200985,8.5162708,0.74720805,8.4156116,1.0003487,8.4185464,0.91568602,6.4400099,0.19975842,1.2864462,0.61218852,12.645488,0.15647735,1.9787325,0.72267197,10.592284,0.3812409,4.0382119,0.79343395,8.4620312,0.5319487,4.5013665,0.73158898,7.9534389,0.49538466,3.9400116,0.78413204,7.0097374,0.54999312,3.8553073
experiment_0a_best,file,16,,10353,176.Prairie_Warbler/Prairie_Warbler_0020_173359.jpg,176,175,176.Prairie_Warbler,169,168,random_erasing,random_erasing,0,"{""area_fraction"":0.159329,""erased"":true,""height"":0.401449,""left"":0.141905,""top"":0.38848,""width"":0.396885}",0.0070646019,1.5039009,1.4968363,0.99296027,0.22226146,0.00091544731,0.0015349839,0.99204483,0.22072647,-0.77131835,0.47704528,134.38712,1.0200985,137.0881,False,0.83766401,False,True,False,0.47704528,134.38712,1.0200985,137.0881,0.46662814,134.38253,1.0003487,134.4294,0.73805403,134.50216,0.19975842,26.867939,0.25111206,133.52598,0.15647735,20.893792,0.34321102,130.07414,0.3812409,49.589582,0.51900141,148.80798,0.5319487,79.158211,0.48030619,141.36541,0.49538466,70.030254,0.4862109,115.06989,0.54999312,63.287648
experiment_0a_best,file,16,,5997,103.Sayornis/Sayornis_0098_98419.jpg,103,102,103.Sayornis,76,75,identity,identity,0,{},3.4261603,3.4261603,0,0.03251154,0.03251154,0.35573271,0.35573271,-0.32322117,-0.32322117,0,1,1,105.0411,105.0411,False,0.99999994,True,False,False,1,1,105.0411,105.0411,1,1,101.3944,101.3944,1,1,27.437375,27.437375,1,1,24.517251,24.517251,1,1,42.707369,42.707369,1,1,52.545642,52.545642,1,1,48.224155,48.224155,1,1,52.62314,52.62314
experiment_0a_best,file,16,,5997,103.Sayornis/Sayornis_0098_98419.jpg,103,102,103.Sayornis,76,75,horizontal_flip,horizontal_flip,0,"{""flipped"":true}",3.4261603,2.9603989,-0.46576142,0.03251154,0.051798247,0.35573271,0.6587494,-0.32322117,-0.60695115,-0.28372999,0.62391231,1.3752831,105.0411,144.46125,False,0.9592309,True,False,False,0.62391231,1.3752831,105.0411,144.46125,0.60427296,1.3838348,101.3944,140.3131,0.92310694,1.2526657,27.437375,34.369858,0.52624385,1.4926408,24.517251,36.59545,0.54631665,1.5709813,42.707369,67.092478,0.64963037,1.340035,52.545642,70.412998,0.5689215,1.3623411,48.224155,65.69775,0.66133214,1.2850547,52.62314,67.623615
experiment_0a_best,file,16,,5997,103.Sayornis/Sayornis_0098_98419.jpg,103,102,103.Sayornis,76,75,color_jitter,color_jitter,0,"{""brightness"":1.26965,""contrast"":0.672296,""hue"":-0.039911,""saturation"":1.084101}",3.4261603,3.3153071,-0.1108532,0.03251154,0.036322892,0.35573271,0.65283793,-0.32322117,-0.61651504,-0.29329387,0.79212687,1.3305594,105.0411,139.76342,False,0.96103191,True,False,False,0.79212687,1.3305594,105.0411,139.76342,0.78417232,1.3409811,101.3944,135.96797,0.92184831,1.1790505,27.437375,32.350051,0.65302645,1.014203,24.517251,24.865469,0.75744014,1.454642,42.707369,62.12393,0.81952543,1.422106,52.545642,74.725473,0.78656109,1.3180512,48.224155,63.561906,0.79610412,1.2584555,52.62314,66.22388
experiment_0a_best,file,16,,5997,103.Sayornis/Sayornis_0098_98419.jpg,103,102,103.Sayornis,76,75,rotation,rotation,0,"{""angle"":3.268407}",3.4261603,3.9577465,0.53158617,0.03251154,0.01910612,0.35573271,0.4403356,-0.32322117,-0.42122948,-0.098008312,0.82196004,1.2985746,105.0411,136.4037,False,0.96610427,True,False,False,0.82196004,1.2985746,105.0411,136.4037,0.81323889,1.3058603,101.3944,132.40691,0.95520377,1.1946382,27.437375,32.777736,0.80278204,1.3216313,24.517251,32.402766,0.82452801,1.4378671,42.707369,61.407521,0.82848282,1.3591648,52.545642,71.418185,0.79271608,1.2596374,48.224155,60.74495,0.81541139,1.1898186,52.62314,62.611991
experiment_0a_best,file,16,,5997,103.Sayornis/Sayornis_0098_98419.jpg,103,102,103.Sayornis,76,75,random_resized_crop,random_resized_crop,0,"{""area_fraction"":0.701176,""aspect"":0.820685,""fallback"":false,""height"":0.924326,""left"":0.052298,""top"":0.048903,""width"":0.758581}",3.4261603,3.0607102,-0.36545014,0.03251154,0.04685441,0.35573271,0.17428891,-0.32322117,-0.1274345,0.19578667,0.70340787,1.7019069,105.0411,178.77017,False,0.96294868,False,False,False,0.70340787,1.7019069,105.0411,178.77017,0.69642711,1.7315822,101.3944,175.57273,0.87801963,1.2267906,27.437375,33.659913,0.75903439,2.1787987,24.517251,53.418154,0.69939782,2.0250263,42.707369,86.483546,0.71285033,1.8000162,52.545642,94.583007,0.68256938,1.6340401,48.224155,78.800202,0.69811644,1.3883238,52.62314,73.057955
experiment_0a_best,file,16,,5997,103.Sayornis/Sayornis_0098_98419.jpg,103,102,103.Sayornis,76,75,gaussian_blur,gaussian_blur,0,"{""sigma"":1.830012}",3.4261603,5.4624791,2.0363188,0.03251154,0.0042430232,0.35573271,0.13270245,-0.32322117,-0.12845943,0.19476174,0.33444159,1.462334,105.0411,153.60518,False,0.82061744,False,False,False,0.33444159,1.462334,105.0411,153.60518,0.30709233,1.474884,101.3944,149.54497,0.76846087,1.2786748,27.437375,35.083482,0.041132551,1.2637259,24.517251,30.983085,0.19703635,2.1154568,42.707369,90.345593,0.35437554,1.3418143,52.545642,70.506496,0.30733197,1.3675695,48.224155,65.949883,0.47787028,1.1899107,52.62314,62.616836
experiment_0a_best,file,16,,5997,103.Sayornis/Sayornis_0098_98419.jpg,103,102,103.Sayornis,76,75,random_erasing,random_erasing,0,"{""area_fraction"":0.09646,""erased"":true,""height"":0.250472,""left"":0.574652,""top"":0.260988,""width"":0.385115}",3.4261603,3.4937656,0.067605257,0.03251154,0.030386232,0.35573271,0.67991316,-0.32322117,-0.64952693,-0.32630576,0.8149794,1.246582,105.0411,130.94235,False,0.97255957,True,False,False,0.8149794,1.246582,105.0411,130.94235,0.80697647,1.2517597,101.3944,126.92142,0.9331381,1.1735892,27.437375,32.200207,0.87532149,0.94857128,24.517251,23.25636,0.81530595,1.2916331,42.707369,55.162251,0.83293482,1.2964881,52.545642,68.124801,0.76440993,1.242274,48.224155,59.907615,0.80468276,1.2454468,52.62314,65.539323
experiment_0a_best,file,16,,3787,066.Western_Gull/Western_Gull_0131_53349.jpg,66,65,066.Western_Gull,65,64,identity,identity,0,{},3.5371106,3.5371106,0,0.029097285,0.029097285,0.81235802,0.81235802,-0.78326074,-0.78326074,0,1,1,188.32116,188.32116,False,0.99999994,True,False,False,1,1,188.32116,188.32116,1,1,183.75643,183.75643,1,1,41.212052,41.212052,1,1,48.868211,48.868211,1,1,91.740638,91.740638,1,1,99.75067,99.75067,1,1,81.631586,81.631586,1,1,79.674762,79.674762
experiment_0a_best,file,16,,3787,066.Western_Gull/Western_Gull_0131_53349.jpg,66,65,066.Western_Gull,65,64,horizontal_flip,horizontal_flip,0,"{""flipped"":true}",3.5371106,2.8308399,-0.70627069,0.029097285,0.058963306,0.81235802,0.75940943,-0.78326074,-0.70044612,0.082814615,0.72715194,0.91270686,188.32116,171.88202,False,0.95741653,True,False,False,0.72715194,0.91270686,188.32116,171.88202,0.71544644,0.91213366,183.75643,167.61043,0.95693041,0.92402882,41.212052,38.081124,0.69359865,0.93789501,48.868211,45.833252,0.67034405,0.84120386,91.740638,77.172579,0.74066782,0.93134672,99.75067,92.902459,0.68938805,0.92121694,81.631586,75.2004,0.76795962,0.95181096,79.674762,75.835312
experiment_0a_best,file,16,,3787,066.Western_Gull/Western_Gull_0131_53349.jpg,66,65,066.Western_Gull,65,64,color_jitter,color_jitter,0,"{""brightness"":1.241338,""contrast"":1.129572,""hue"":-0.02736,""saturation"":1.13678}",3.5371106,2.5229406,-1.0141699,0.029097285,0.080223337,0.81235802,0.30727229,-0.78326074,-0.22704895,0.55621179,0.70976655,0.67664904,188.32116,127.42733,False,0.92645216,True,False,False,0.70976655,0.67664904,188.32116,127.42733,0.70219196,0.676624,183.75643,124.33401,0.86024028,0.67714678,41.212052,27.906608,0.66534926,0.72725008,48.868211,35.539411,0.72295344,0.61257583,91.740638,56.198097,0.74103759,0.65873787,99.75067,65.709544,0.65732767,0.72819517,81.631586,59.443727,0.69225662,0.70847955,79.674762,56.44794
experiment_0a_best,file,16,,3787,066.Western_Gull/Western_Gull_0131_53349.jpg,66,65,066.Western_Gull,65,64,rotation,rotation,0,"{""angle"":-9.637193}",3.5371106,2.5885267,-0.94858384,0.029097285,0.075130641,0.81235802,0.55333287,-0.78326074,-0.47820222,0.30505851,0.74263698,0.877151,188.32116,165.1861,False,0.94742626,True,False,False,0.74263698,0.877151,188.32116,165.1861,0.73424904,0.8814173,183.75643,161.9661,0.93378287,0.78755047,41.212052,32.456571,0.52202945,0.79427793,48.868211,38.814942,0.64536417,0.83023044,91.740638,76.16587,0.8131976,0.95099505,99.75067,94.862394,0.74664735,0.88447872,81.631586,72.201401,0.77837235,0.86166805,79.674762,68.653197
experiment_0a_best,file,16,,3787,066.Western_Gull/Western_Gull_0131_53349.jpg,66,65,066.Western_Gull,65,64,random_resized_crop,random_resized_crop,0,"{""area_fraction"":0.596148,""aspect"":1.265558,""fallback"":false,""height"":0.686335,""left"":0.009683,""top"":0.15204,""width"":0.868596}",3.5371106,4.4024997,0.86538911,0.029097285,0.012246691,0.81235802,0.52398282,-0.78326074,-0.51173613,0.2715246,0.6538412,1.1038289,188.32116,207.87433,False,0.89365774,True,False,False,0.6538412,1.1038289,188.32116,207.87433,0.64465795,1.1104408,183.75643,204.05065,0.87073264,0.96299932,41.212052,39.687178,0.43672475,1.0962535,48.868211,53.571947,0.6217218,1.1210988,91.740638,102.85032,0.74269699,1.231587,99.75067,122.85163,0.61005588,1.0075968,81.631586,82.251727,0.625411,0.99862749,79.674762,79.565408
experiment_0a_best,file,16,,3787,066.Western_Gull/Western_Gull_0131_53349.jpg,66,65,066.Western_Gull,65,64,gaussian_blur,gaussian_blur,0,"{""sigma"":1.87248}",3.5371106,3.9711051,0.43399453,0.029097285,0.018852586,0.81235802,0.52156657,-0.78326074,-0.50271398,0.28054675,0.589764,0.88095874,188.32116,165.90317,False,0.87265259,True,False,False,0.589764,0.88095874,188.32116,165.90317,0.57839077,0.88571799,183.75643,162.75638,0.85094492,0.78033874,41.212052,32.15936,0.36880189,0.70117224,48.868211,34.265033,0.57739841,0.80812479,91.740638,74.137884,0.61350744,1.0003648,99.75067,99.787057,0.55634231,0.9164716,81.631586,74.81303,0.62446284,0.81963811,79.674762,65.304472
experiment_0a_best,file,16,,3787,066.Western_Gull/Western_Gull_0131_53349.jpg,66,65,066.Western_Gull,65,64,random_erasing,random_erasing,0,"{""area_fraction"":0.085616,""erased"":true,""height"":0.347748,""left"":0.537862,""top"":0.147254,""width"":0.246201}",3.5371106,2.9017091,-0.63540149,0.029097285,0.054929268,0.81235802,0.64718682,-0.78326074,-0.59225755,0.19100319,0.86668142,0.74291436,188.32116,139.9065,False,0.95983368,True,False,False,0.86668142,0.74291436,188.32116,139.9065,0.86220876,0.73619533,183.75643,135.28063,0.9530655,0.8657379,41.212052,35.678835,0.74956155,0.61473897,48.868211,30.041194,0.89441117,0.69900888,91.740638,64.127521,0.90556102,0.69675218,99.75067,69.501497,0.84284168,0.77934015,81.631586,63.618773,0.83475814,0.83331908,79.674762,66.3945
experiment_0a_best,file,16,,11232,191.Red_headed_Woodpecker/Red_Headed_Woodpecker_0013_182721.jpg,191,190,191.Red_headed_Woodpecker,188,187,identity,identity,0,{},0.84652215,0.84652215,0,0.428904,0.428904,0.52590448,0.52590448,-0.09700048,-0.09700048,0,1,1,82.587825,82.587825,False,1,True,False,False,1,1,82.587825,82.587825,1,1,80.096041,80.096041,1,1,20.133879,20.133879,1,1,24.819521,24.819521,1,1,30.967485,30.967485,1,1,34.646893,34.646893,1,1,38.283811,38.283811,1,1,46.629653,46.629653
experiment_0a_best,file,16,,11232,191.Red_headed_Woodpecker/Red_Headed_Woodpecker_0013_182721.jpg,191,190,191.Red_headed_Woodpecker,188,187,horizontal_flip,horizontal_flip,0,"{""flipped"":true}",0.84652215,1.0391626,0.19264048,0.428904,0.3537508,0.52590448,0.61969966,-0.09700048,-0.26594886,-0.16894838,0.66788073,1.215903,82.587825,100.41878,False,0.97191662,True,False,False,0.66788073,1.215903,82.587825,100.41878,0.64777781,1.2122451,80.096041,97.096032,0.9717219,1.2723933,20.133879,25.618213,0.65949611,1.0224068,24.819521,25.375647,0.52674072,1.2354076,30.967485,38.257465,0.52771752,1.2609495,34.646893,43.687983,0.64623025,1.2415416,38.283811,47.530946,0.7729745,1.2040603,46.629653,56.144916
experiment_0a_best,file,16,,11232,191.Red_headed_Woodpecker/Red_Headed_Woodpecker_0013_182721.jpg,191,190,191.Red_headed_Woodpecker,188,187,color_jitter,color_jitter,0,"{""brightness"":0.771749,""contrast"":1.385232,""hue"":0.043243,""saturation"":1.119682}",0.84652215,0.93564963,0.089127481,0.428904,0.39233091,0.52590448,0.32452783,-0.09700048,0.067803085,0.16480356,0.74392395,0.77701381,82.587825,64.17188,False,0.95898688,False,False,True,0.74392395,0.77701381,82.587825,64.17188,0.73148054,0.77237451,80.096041,61.864141,0.92645398,0.84705827,20.133879,17.054569,0.77505487,0.79964128,24.819521,19.846713,0.70935168,0.794966,30.967485,24.618098,0.65897573,0.74570508,34.646893,25.836364,0.69280559,0.71610004,38.283811,27.415039,0.79150518,0.80474583,46.629653,37.525019
experiment_0a_best,file,16,,11232,191.Red_headed_Woodpecker/Red_Headed_Woodpecker_0013_182721.jpg,191,190,191.Red_headed_Woodpecker,188,187,rotation,rotation,0,"{""angle"":-0.174229}",0.84652215,0.7306987,-0.11582345,0.428904,0.48157242,0.52590448,0.46780589,-0.09700048,0.013766527,0.11076701,0.95751563,0.90513246,82.587825,74.752922,False,0.99766958,False,False,True,0.95751563,0.90513246,82.587825,74.752922,0.95499456,0.90538389,80.096041,72.517665,0.99761123,0.90114406,20.133879,18.143526,0.97558597,0.90988424,24.819521,22.582891,0.9344129,0.96012097,30.967485,29.732532,0.93616824,0.9008021,34.646893,31.209994,0.95135481,0.88771222,38.283811,33.985007,0.9727231,0.89347471,46.629653,41.662416
experiment_0a_best,file,16,,11232,191.Red_headed_Woodpecker/Red_Headed_Woodpecker_0013_182721.jpg,191,190,191.Red_headed_Woodpecker,188,187,random_resized_crop,random_resized_crop,0,"{""area_fraction"":0.768216,""aspect"":1.286726,""fallback"":false,""height"":0.772678,""left"":0.003281,""top"":0.116914,""width"":0.994225}",0.84652215,1.3542632,0.50774103,0.428904,0.25813743,0.52590448,0.71084303,-0.09700048,-0.45270559,-0.35570511,0.72566877,1.3689072,82.587825,113.05507,False,0.97038949,True,False,False,0.72566877,1.3689072,82.587825,113.05507,0.70905784,1.361756,80.096041,109.07126,0.9702205,1.4774801,20.133879,29.747406,0.65411704,0.93866728,24.819521,23.297272,0.64569265,1.643869,30.967485,50.906489,0.6916327,1.4914513,34.646893,51.674155,0.69320233,1.338974,38.283811,51.261028,0.8014616,1.2622679,46.629653,58.859115
experiment_0a_best,file,16,,11232,191.Red_headed_Woodpecker/Red_Headed_Woodpecker_0013_182721.jpg,191,190,191.Red_headed_Woodpecker,188,187,gaussian_blur,gaussian_blur,0,"{""sigma"":1.725529}",0.84652215,0.84175724,-0.0047649145,0.428904,0.43095255,0.52590448,0.44387874,-0.09700048,-0.012926191,0.084074289,0.51667491,1.0951239,82.587825,90.443898,False,0.90006542,True,False,False,0.51667491,1.0951239,82.587825,90.443898,0.49597909,1.1030126,80.096041,88.346941,0.89693919,0.96170077,20.133879,19.362767,0.22006802,0.89675595,24.819521,22.257053,0.31973124,1.2383812,30.967485,38.34955,0.44168729,1.2679587,34.646893,43.93083,0.5235072,1.1328941,38.283811,43.371505,0.69852616,0.96579244,46.629653,45.034567
experiment_0a_best,file,16,,11232,191.Red_headed_Woodpecker/Red_Headed_Woodpecker_0013_182721.jpg,191,190,191.Red_headed_Woodpecker,188,187,random_erasing,random_erasing,0,"{""area_fraction"":0.16062,""erased"":true,""height"":0.609697,""left"":0.672729,""top"":0.018281,""width"":0.263443}",0.84652215,1.0838927,0.23737055,0.428904,0.33827618,0.52590448,0.62436086,-0.09700048,-0.28608468,-0.1890842,0.92942865,1.2791705,82.587825,105.64391,False,0.98043525,True,False,False,0.92942865,1.2791705,82.587825,105.64391,0.92647228,1.2832768,80.096041,102.78539,0.98037208,1.2123347,20.133879,24.409,0.96833864,1.2891313,24.819521,31.995622,0.92464305,1.3358152,30.967485,41.366837,0.92070053,1.2776878,34.646893,44.267912,0.91672472,1.2931991,38.283811,49.508589,0.92578494,1.2539988,46.629653,58.473529
experiment_0a_best,file,16,,4848,083.White_breasted_Kingfisher/White_Breasted_Kingfisher_0118_73511.jpg,83,82,083.White_breasted_Kingfisher,82,81,identity,identity,0,{},0.32299426,0.32299426,0,0.72397804,0.72397804,0.040017605,0.040017605,0.68396044,0.68396044,0,1,1,42.342115,42.342115,False,1,True,True,True,1,1,42.342115,42.342115,1,1,41.599085,41.599085,1,1,7.8975174,7.8975174,1,1,11.163124,11.163124,1,1,17.904157,17.904157,1,1,22.754243,22.754243,1,1,19.736322,19.736322,1,1,19.443039,19.443039
experiment_0a_best,file,16,,4848,083.White_breasted_Kingfisher/White_Breasted_Kingfisher_0118_73511.jpg,83,82,083.White_breasted_Kingfisher,82,81,horizontal_flip,horizontal_flip,0,"{""flipped"":true}",0.32299426,0.11492673,-0.20806753,0.72397804,0.89143145,0.040017605,0.0019449142,0.68396044,0.88948654,0.2055261,0.60172378,0.39556332,42.342115,16.748988,False,0.91055727,True,True,True,0.60172378,0.39556332,42.342115,16.748988,0.59122554,0.39489626,41.599085,16.427323,0.88042163,0.41364234,7.8975174,3.2667476,0.71579093,0.38287142,11.163124,4.274041,0.5044745,0.41236257,17.904157,7.3830042,0.62943488,0.37207184,22.754243,8.466213,0.53559813,0.38299019,19.736322,7.5588177,0.63509623,0.42495735,19.443039,8.2624622
experiment_0a_best,file,16,,4848,083.White_breasted_Kingfisher/White_Breasted_Kingfisher_0118_73511.jpg,83,82,083.White_breasted_Kingfisher,82,81,color_jitter,color_jitter,0,"{""brightness"":1.289972,""contrast"":0.751762,""hue"":-0.020454,""saturation"":1.089121}",0.32299426,0.060193244,-0.26280102,0.72397804,0.94158256,0.040017605,0.0038097103,0.68396044,0.93777285,0.25381241,0.80675365,0.19211408,42.342115,8.1345162,False,0.96627975,True,True,True,0.80675365,0.19211408,42.342115,8.1345162,0.80097051,0.19138326,41.599085,7.9613687,0.95586067,0.2113854,7.8975174,1.6694199,0.80033036,0.1444414,11.163124,1.6124172,0.72427052,0.17835148,17.904157,3.1932329,0.78789035,0.18858605,22.754243,4.2911327,0.81031703,0.19724939,19.736322,3.8929775,0.87605799,0.21217096,19.443039,4.1252481
experiment_0a_best,file,16,,4848,083.White_breasted_Kingfisher/White_Breasted_Kingfisher_0118_73511.jpg,83,82,083.White_breasted_Kingfisher,82,81,rotation,rotation,0,"{""angle"":5.601364}",0.32299426,0.15828933,-0.16470493,0.72397804,0.85360277,0.040017605,0.019984953,0.68396044,0.83361781,0.14965738,0.79399043,0.49908073,42.342115,21.132133,False,0.97046113,True,True,True,0.79399043,0.49908073,42.342115,21.132133,0.78732677,0.49741369,41.599085,20.691955,0.96623562,0.54329687,7.8975174,4.2906965,0.85226157,0.4661296,11.163124,5.2034624,0.69667832,0.48468539,17.904157,8.6778834,0.79560928,0.48115127,22.754243,10.948233,0.77358215,0.4964432,19.736322,9.7979627,0.84460586,0.53920918,19.443039,10.483865
experiment_0a_best,file,16,,4848,083.White_breasted_Kingfisher/White_Breasted_Kingfisher_0118_73511.jpg,83,82,083.White_breasted_Kingfisher,82,81,random_resized_crop,random_resized_crop,0,"{""area_fraction"":0.540853,""aspect"":1.296774,""fallback"":false,""height"":0.645814,""left"":0.067774,""top"":0.337163,""width"":0.837475}",0.32299426,0.30026168,-0.022732586,0.72397804,0.74062437,0.040017605,0.015415517,0.68396044,0.72520885,0.041248414,0.63453221,1.1983398,42.342115,50.740239,False,0.8854872,True,True,True,0.63453221,1.1983398,42.342115,50.740239,0.62800456,1.2053182,41.599085,50.140136,0.86867728,0.98520293,7.8975174,7.7806572,0.70936078,1.546955,11.163124,17.26885,0.5805364,1.3434765,17.904157,24.053815,0.69703868,1.160612,22.754243,26.408847,0.57603149,1.1509104,19.736322,22.714737,0.61461668,1.0588653,19.443039,20.587559
experiment_0a_best,file,16,,4848,083.White_breasted_Kingfisher/White_Breasted_Kingfisher_0118_73511.jpg,83,82,083.White_breasted_Kingfisher,82,81,gaussian_blur,gaussian_blur,0,"{""sigma"":1.383263}",0.32299426,0.46187615,0.13888189,0.72397804,0.63010037,0.040017605,0.032202855,0.68396044,0.59789751,-0.086062923,0.54290798,1.6925643,42.342115,71.666753,False,0.92671084,True,True,True,0.54290798,1.6925643,42.342115,71.666753,0.5330987,1.7048802,41.599085,70.921457,0.91731949,1.3053155,7.8975174,10.308752,0.3870796,2.4832731,11.163124,27.721084,0.38170736,1.9956999,17.904157,35.731324,0.5797004,1.6469957,22.754243,37.47614,0.58697561,1.5007217,19.736322,29.618726,0.72037478,1.3636222,19.443039,26.51296
experiment_0a_best,file,16,,4848,083.White_breasted_Kingfisher/White_Breasted_Kingfisher_0118_73511.jpg,83,82,083.White_breasted_Kingfisher,82,81,random_erasing,random_erasing,0,"{""area_fraction"":0.175254,""erased"":true,""height"":0.351846,""left"":0.185277,""top"":0.539982,""width"":0.498097}",0.32299426,0.69770122,0.37470695,0.72397804,0.49772817,0.040017605,0.025485307,0.68396044,0.47224286,-0.21171758,0.85717357,1.8627174,42.342115,78.871394,False,0.97332144,True,True,True,0.85717357,1.8627174,42.342115,78.871394,0.85367733,1.8583324,41.599085,77.304927,0.9498668,1.9805123,7.8975174,15.64113,0.94583904,1.7748544,11.163124,19.812919,0.88078364,1.7751632,17.904157,31.7828,0.87126564,1.832049,22.754243,41.686888,0.8061147,1.9519078,19.736322,38.52348,0.83316236,1.8907915,19.443039,36.762733
experiment_0a_best,file,16,,9080,155.Warbling_Vireo/Warbling_Vireo_0132_158420.jpg,155,154,155.Warbling_Vireo,154,153,identity,identity,0,{},1.4389544,1.4389544,0,0.23717563,0.23717563,0.37776977,0.37776977,-0.14059414,-0.14059414,0,1,1,103.01789,103.01789,False,1,True,False,False,1,1,103.01789,103.01789,1,1,100.9702,100.9702,1,1,20.437828,20.437828,1,1,27.089872,27.089872,1,1,40.373048,40.373048,1,1,53.011604,53.011604,1,1,50.05101,50.05101,1,1,50.157789,50.157789
experiment_0a_best,file,16,,9080,155.Warbling_Vireo/Warbling_Vireo_0132_158420.jpg,155,154,155.Warbling_Vireo,154,153,horizontal_flip,horizontal_flip,0,"{""flipped"":true}",1.4389544,0.51214558,-0.92680877,0.23717563,0.59920853,0.37776977,0.16960171,-0.14059414,0.42960683,0.57020096,0.50246943,0.7762447,103.01789,79.967095,False,0.94375426,False,False,True,0.50246943,0.7762447,103.01789,79.967095,0.48934716,0.78271226,100.9702,79.030615,0.94030312,0.59704883,20.437828,12.202382,0.63211936,1.0124401,27.089872,27.426873,0.30578036,0.96411001,40.373048,38.92406,0.47039677,0.78329088,53.011604,41.523506,0.48331292,0.71689097,50.05101,35.881117,0.67403749,0.61993307,50.157789,31.094472
experiment_0a_best,file,16,,9080,155.Warbling_Vireo/Warbling_Vireo_0132_158420.jpg,155,154,155.Warbling_Vireo,154,153,color_jitter,color_jitter,0,"{""brightness"":1.320927,""contrast"":0.712402,""hue"":-0.017408,""saturation"":1.365088}",1.4389544,3.2595799,1.8206255,0.23717563,0.038404532,0.37776977,0.11114877,-0.14059414,-0.072744235,0.067849904,0.64311707,1.3724412,103.01789,141.386,False,0.93442851,True,False,False,0.64311707,1.3724412,103.01789,141.386,0.63588801,1.3818166,100.9702,139.5223,0.87473038,1.1195299,20.437828,22.880761,0.43555235,1.2754313,27.089872,34.551272,0.53847478,1.4128244,40.373048,57.040029,0.63321931,1.3555359,53.011604,71.859135,0.67895523,1.4095048,50.05101,70.547137,0.71386164,1.3925282,50.157789,69.846136
experiment_0a_best,file,16,,9080,155.Warbling_Vireo/Warbling_Vireo_0132_158420.jpg,155,154,155.Warbling_Vireo,154,153,rotation,rotation,0,"{""angle"":-4.547871}",1.4389544,1.355208,-0.083746314,0.23717563,0.25789365,0.37776977,0.39414567,-0.14059414,-0.13625202,0.0043421239,0.80881717,0.96955179,103.01789,99.881184,False,0.95624202,True,False,False,0.80881717,0.96955179,103.01789,99.881184,0.80248831,0.96693072,100.9702,97.631191,0.95524025,1.0314615,20.437828,21.080833,0.80808039,0.82239661,27.089872,22.278619,0.75463624,0.90017518,40.373048,36.342816,0.78923547,0.98634296,53.011604,52.287623,0.80498875,0.99051758,50.05101,49.576406,0.84575428,1.0014087,50.157789,50.228446
experiment_0a_best,file,16,,9080,155.Warbling_Vireo/Warbling_Vireo_0132_158420.jpg,155,154,155.Warbling_Vireo,154,153,random_resized_crop,random_resized_crop,0,"{""area_fraction"":0.724781,""aspect"":1.02078,""fallback"":false,""height"":0.842631,""left"":0.074697,""top"":0.091841,""width"":0.86014}",1.4389544,1.7408398,0.30188549,0.23717563,0.17537305,0.37776977,0.10555941,-0.14059414,0.069813639,0.21040778,0.62872259,1.2748804,103.01789,131.33549,False,0.93098426,False,False,True,0.62872259,1.2748804,103.01789,131.33549,0.62039068,1.2818984,100.9702,129.43354,0.875991,1.089665,20.437828,22.270385,0.72089121,1.2003924,27.089872,32.518476,0.5604344,1.4968691,40.373048,60.433168,0.64789163,1.3774411,53.011604,73.020361,0.58040136,1.2138334,50.05101,60.753587,0.66480144,1.0957148,50.157789,54.958631
experiment_0a_best,file,16,,9080,155.Warbling_Vireo/Warbling_Vireo_0132_158420.jpg,155,154,155.Warbling_Vireo,154,153,gaussian_blur,gaussian_blur,0,"{""sigma"":1.085472}",1.4389544,2.0539582,0.61500382,0.23717563,0.12822635,0.37776977,0.13614319,-0.14059414,-0.0079168379,0.1326773,0.6411549,1.084935,103.01789,111.76772,False,0.93639809,True,False,False,0.6411549,1.084935,103.01789,111.76772,0.63201703,1.0889429,100.9702,109.95078,0.89176095,0.98205644,20.437828,20.071101,0.61757743,1.047213,27.089872,28.368868,0.61651736,1.1670432,40.373048,47.11709,0.63029427,1.0060039,53.011604,53.329883,0.60752719,1.1201916,50.05101,56.066722,0.6765719,1.1058898,50.157789,55.468987
experiment_0a_best,file,16,,9080,155.Warbling_Vireo/Warbling_Vireo_0132_158420.jpg,155,154,155.Warbling_Vireo,154,153,random_erasing,random_erasing,0,"{""area_fraction"":0.167396,""erased"":true,""height"":0.520131,""left"":0.643079,""top"":0.195286,""width"":0.321835}",1.4389544,1.456635,0.017680645,0.23717563,0.23301907,0.37776977,0.06718009,-0.14059414,0.16583898,0.30643312,0.6582531,1.0996497,103.01789,113.28359,False,0.96085584,False,False,True,0.6582531,1.0996497,103.01789,113.28359,0.64993053,1.1041082,100.9702,111.48202,0.89021233,0.98459106,20.437828,20.122903,0.59934389,0.77914343,27.089872,21.106896,0.59095153,1.0509061,40.373048,42.428283,0.64115934,1.1321437,53.011604,60.016755,0.64957907,1.1833499,50.05101,59.227859,0.71767445,1.1051388,50.157789,55.431321
experiment_0a_best,file,16,,5394,093.Clark_Nutcracker/Clark_Nutcracker_0098_85105.jpg,93,92,093.Clark_Nutcracker,59,58,identity,identity,0,{},0.032324653,0.032324653,0,0.96819222,0.96819222,0.0030738215,0.0030738215,0.9651184,0.9651184,0,1,1,7.3393638,7.3393638,False,0.99999994,True,True,True,1,1,7.3393638,7.3393638,1,1,7.2716391,7.2716391,1,1,0.9947493,0.9947493,1,1,1.942599,1.942599,1,1,3.8628179,3.8628179,1,1,3.8037557,3.8037557,1,1,3.3063688,3.3063688,1,1,2.9632838,2.9632838
experiment_0a_best,file,16,,5394,093.Clark_Nutcracker/Clark_Nutcracker_0098_85105.jpg,93,92,093.Clark_Nutcracker,59,58,horizontal_flip,horizontal_flip,0,"{""flipped"":true}",0.032324653,0.00090772426,-0.031416929,0.96819222,0.9990927,0.0030738215,8.6429791e-05,0.9651184,0.99900627,0.03388787,0.70443342,0.024958474,7.3393638,0.18317932,False,0.94716763,True,True,True,0.70443342,0.024958474,7.3393638,0.18317932,0.69961741,0.024792337,7.2716391,0.18028093,0.92605967,0.032628219,0.9947493,0.032456898,0.81770154,0.024020904,1.942599,0.046662984,0.69890533,0.022540243,3.8628179,0.087068852,0.67007997,0.025106795,3.8037557,0.095500112,0.65114733,0.025092559,3.3063688,0.082965253,0.76434007,0.027703445,2.9632838,0.082093169
experiment_0a_best,file,16,,5394,093.Clark_Nutcracker/Clark_Nutcracker_0098_85105.jpg,93,92,093.Clark_Nutcracker,59,58,color_jitter,color_jitter,0,"{""brightness"":1.27264,""contrast"":1.266901,""hue"":0.070474,""saturation"":1.103824}",0.032324653,0.16725606,0.1349314,0.96819222,0.84598297,0.0030738215,0.003025823,0.9651184,0.84295715,-0.12216125,0.66935527,4.3614373,7.3393638,32.010175,False,0.9077388,True,True,True,0.66935527,4.3614373,7.3393638,32.010175,0.66525696,4.3601055,7.2716391,31.705114,0.88488837,4.4320219,0.9947493,4.4087507,0.72280658,4.0296129,1.942599,7.827922,0.71548102,4.1398306,3.8628179,15.991412,0.58086032,4.4596306,3.8037557,16.963345,0.65194861,4.5229572,3.3063688,14.954564,0.72252802,4.4873574,2.9632838,13.297314
experiment_0a_best,file,16,,5394,093.Clark_Nutcracker/Clark_Nutcracker_0098_85105.jpg,93,92,093.Clark_Nutcracker,59,58,rotation,rotation,0,"{""angle"":-13.294635}",0.032324653,1.0282348,0.99591019,0.96819222,0.3576377,0.0030738215,0.014393431,0.9651184,0.34324427,-0.62187413,0.8073093,17.844685,7.3393638,130.96863,False,0.89589769,True,True,True,0.8073093,17.844685,7.3393638,130.96863,0.80603439,17.872399,7.2716391,129.96163,0.88541837,16.295331,0.9947493,16.209769,0.69925003,15.011789,1.942599,29.161885,0.85586039,17.267321,3.8628179,66.700518,0.82470787,17.994877,3.8037557,68.448113,0.77357105,18.581155,3.3063688,61.436151,0.78248151,18.883204,2.9632838,55.956292
experiment_0a_best,file,16,,5394,093.Clark_Nutcracker/Clark_Nutcracker_0098_85105.jpg,93,92,093.Clark_Nutcracker,59,58,random_resized_crop,random_resized_crop,0,"{""area_fraction"":0.561945,""aspect"":1.181277,""fallback"":false,""height"":0.689717,""left"":0.084827,""top"":0.213086,""width"":0.814747}",0.032324653,2.6078153,2.5754906,0.96819222,0.073695369,0.0030738215,0.023373555,0.9651184,0.050321814,-0.91479658,0.56613178,33.916879,7.3393638,248.92831,False,0.83687234,False,True,False,0.56613178,33.916879,7.3393638,248.92831,0.56287689,33.901369,7.2716391,246.51852,0.73604834,34.735604,0.9947493,34.553218,0.40170722,29.292156,1.942599,56.902913,0.54050581,26.916405,3.8628179,103.97317,0.56290391,34.730181,3.8037557,132.10512,0.61000284,38.765893,3.3063688,128.17434,0.61388377,38.243104,2.9632838,113.32517
experiment_0a_best,file,16,,5394,093.Clark_Nutcracker/Clark_Nutcracker_0098_85105.jpg,93,92,093.Clark_Nutcracker,59,58,gaussian_blur,gaussian_blur,0,"{""sigma"":1.433517}",0.032324653,3.235074,3.2027494,0.96819222,0.039357293,0.0030738215,0.021011643,0.9651184,0.01834565,-0.94677275,0.57231056,32.545188,7.3393638,238.86098,False,0.80491287,False,True,False,0.57231056,32.545188,7.3393638,238.86098,0.56888326,32.618045,7.2716391,237.18665,0.78825253,28.381238,0.9947493,28.232217,0.26920852,27.440921,1.942599,53.306704,0.67484462,35.937487,3.8628179,138.81997,0.54151187,32.79707,3.8037557,124.75204,0.52820587,30.733107,3.3063688,101.61499,0.58306419,30.663236,2.9632838,90.863869
experiment_0a_best,file,16,,5394,093.Clark_Nutcracker/Clark_Nutcracker_0098_85105.jpg,93,92,093.Clark_Nutcracker,59,58,random_erasing,random_erasing,0,"{""area_fraction"":0.108012,""erased"":true,""height"":0.181366,""left"":0.356726,""top"":0.660348,""width"":0.595546}",0.032324653,0.28460982,0.25228517,0.96819222,0.75230771,0.0030738215,0.027208408,0.9651184,0.7250993,-0.24001909,0.89829827,8.5830871,7.3393638,62.994399,False,0.96606421,True,True,True,0.89829827,8.5830871,7.3393638,62.994399,0.89806996,8.5849678,7.2716391,62.426787,0.91071076,8.4819856,0.9947493,8.4374492,0.92673704,7.5306564,1.942599,14.629045,0.92379628,9.1543751,3.8628179,35.361684,0.89019624,8.1243143,3.8037557,30.902906,0.88962347,8.5374523,3.3063688,28.227966,0.87274332,8.8053941,2.9632838,26.092882
experiment_0a_best,file,16,,4994,086.Pacific_Loon/Pacific_Loon_0063_75865.jpg,86,85,086.Pacific_Loon,53,52,identity,identity,0,{},0.020585693,0.020585693,0,0.97962475,0.97962475,0.0032882125,0.0032882125,0.97633654,0.97633654,0,1,1,3.8702667,3.8702667,False,1,True,True,True,1,1,3.8702667,3.8702667,1,1,3.8238104,3.8238104,1,1,0.59786147,0.59786147,1,1,0.91200534,0.91200534,1,1,1.6954098,1.6954098,1,1,2.0189632,2.0189632,1,1,1.8485621,1.8485621,1,1,1.849855,1.849855
experiment_0a_best,file,16,,4994,086.Pacific_Loon/Pacific_Loon_0063_75865.jpg,86,85,086.Pacific_Loon,53,52,horizontal_flip,horizontal_flip,0,"{""flipped"":true}",0.020585693,0.04598067,0.025394976,0.97962475,0.95506042,0.0032882125,0.001069681,0.97633654,0.95399074,-0.022345794,0.61243566,2.4599326,3.8702667,9.5205951,False,0.96995926,True,True,True,0.61243566,2.4599326,3.8702667,9.5205951,0.60477155,2.4577989,3.8238104,9.3981572,0.91549275,2.5456791,0.59786147,1.5219634,0.27308468,1.7749806,0.91200534,1.6187918,0.4889918,2.5647886,1.6954098,4.3483679,0.66442706,2.5613041,2.0189632,5.1711787,0.59252108,2.4584476,1.8485621,4.5445931,0.71313101,2.3811528,1.849855,4.4047874
experiment_0a_best,file,16,,4994,086.Pacific_Loon/Pacific_Loon_0063_75865.jpg,86,85,086.Pacific_Loon,53,52,color_jitter,color_jitter,0,"{""brightness"":0.88569,""contrast"":1.391165,""hue"":0.089943,""saturation"":1.105776}",0.020585693,0.089947142,0.069361448,0.97962475,0.91397947,0.0032882125,0.013891725,0.97633654,0.90008775,-0.07624879,0.85261789,4.0859325,3.8702667,15.813648,False,0.97705948,True,True,True,0.85261789,4.0859325,3.8702667,15.813648,0.84988132,4.0916552,3.8238104,15.645714,0.97337416,3.8445423,0.59786147,2.2985037,0.72809433,4.4203184,0.91200534,4.031354,0.80513453,3.8962575,1.6954098,6.6057532,0.84857554,3.8841615,2.0189632,7.8419791,0.86472763,4.2344841,1.8485621,7.8277068,0.90551096,4.2610464,1.849855,7.882318
experiment_0a_best,file,16,,4994,086.Pacific_Loon/Pacific_Loon_0063_75865.jpg,86,85,086.Pacific_Loon,53,52,rotation,rotation,0,"{""angle"":-13.902613}",0.020585693,1.3860697,1.365484,0.97962475,0.25005618,0.0032882125,0.22048344,0.97633654,0.02957274,-0.9467638,0.69521884,34.305123,3.8702667,132.76998,False,0.88868803,True,True,True,0.69521884,34.305123,3.8702667,132.76998,0.69061103,34.230249,3.8238104,130.88998,0.87088273,37.239167,0.59786147,22.263863,0.50566211,24.84714,0.91200534,22.660724,0.67581556,34.794419,1.6954098,58.9908,0.70909747,34.775884,2.0189632,70.21123,0.6892886,35.458026,1.8485621,65.546363,0.72223975,33.81484,1.849855,62.55255
experiment_0a_best,file,16,,4994,086.Pacific_Loon/Pacific_Loon_0063_75865.jpg,86,85,086.Pacific_Loon,53,52,random_resized_crop,random_resized_crop,0,"{""area_fraction"":0.633082,""aspect"":0.830947,""fallback"":false,""height"":0.872858,""left"":0.205273,""top"":0.078432,""width"":0.725298}",0.020585693,0.34926036,0.32867467,0.97962475,0.70520949,0.0032882125,0.038716573,0.97633654,0.66649292,-0.30984362,0.75881737,15.949261,3.8702667,61.727892,False,0.9445951,True,True,True,0.75881737,15.949261,3.8702667,61.727892,0.75570633,15.991727,3.8238104,61.149331,0.90899734,14.102942,0.59786147,8.4316056,0.54597759,13.742649,0.91200534,12.533369,0.74476837,16.10565,1.6954098,27.305677,0.77801749,16.786542,2.0189632,33.891412,0.75233487,15.874681,1.8485621,29.345335,0.78838848,15.543793,1.849855,28.753763
experiment_0a_best,file,16,,4994,086.Pacific_Loon/Pacific_Loon_0063_75865.jpg,86,85,086.Pacific_Loon,53,52,gaussian_blur,gaussian_blur,0,"{""sigma"":1.469112}",0.020585693,2.7109008,2.6903151,0.97962475,0.066476904,0.0032882125,0.10537641,0.97633654,-0.038899511,-1.015236,0.57945291,43.306794,3.8702667,167.60884,False,0.7920481,False,True,False,0.57945291,43.306794,3.8702667,167.60884,0.57500552,43.391875,3.8238104,165.92231,0.78072689,39.670296,0.59786147,23.717341,0.24131038,31.572158,0.91200534,28.793977,0.59425512,45.974379,1.6954098,77.945415,0.53078352,47.744555,2.0189632,96.394501,0.60667302,42.175559,1.8485621,77.96414,0.66526569,39.188808,1.849855,72.493612
experiment_0a_best,file,16,,4994,086.Pacific_Loon/Pacific_Loon_0063_75865.jpg,86,85,086.Pacific_Loon,53,52,random_erasing,random_erasing,0,"{""area_fraction"":0.096601,""erased"":true,""height"":0.201831,""left"":0.140445,""top"":0.223434,""width"":0.478625}",0.020585693,0.61838865,0.59780296,0.97962475,0.53881192,0.0032882125,0.011530922,0.97633654,0.527281,-0.44905554,0.80000448,22.09141,3.8702667,85.49965,False,0.90451092,True,True,True,0.80000448,22.09141,3.8702667,85.49965,0.79814855,22.146191,3.8238104,84.682835,0.89053621,19.720527,0.59786147,11.790143,0.87189112,23.151165,0.91200534,21.113986,0.81263145,22.546562,1.6954098,38.225662,0.7925238,22.348875,2.0189632,45.121556,0.77511254,21.795705,1.8485621,40.290714,0.79704669,21.656297,1.849855,40.06101
experiment_0a_best,file,16,,11088,189.Red_bellied_Woodpecker/Red_Bellied_Woodpecker_0125_180780.jpg,189,188,189.Red_bellied_Woodpecker,36,35,identity,identity,0,{},0.0022999996,0.0022999996,0,0.99770266,0.99770266,0.0013213448,0.0013213448,0.99638131,0.99638131,0,1,1,0.33868795,0.33868795,False,1,True,True,True,1,1,0.33868795,0.33868795,1,1,0.32932027,0.32932027,1,1,0.079105546,0.079105546,1,1,0.07023972,0.07023972,1,1,0.12496343,0.12496343,1,1,0.14844292,0.14844292,1,1,0.16687286,0.16687286,1,1,0.19498849,0.19498849
experiment_0a_best,file,16,,11088,189.Red_bellied_Woodpecker/Red_Bellied_Woodpecker_0125_180780.jpg,189,188,189.Red_bellied_Woodpecker,36,35,horizontal_flip,horizontal_flip,0,"{""flipped"":true}",0.0022999996,0.0008419783,-0.0014580213,0.99770266,0.99915838,0.0013213448,0.0005831141,0.99638131,0.99857527,0.0021939549,0.70468314,0.36900258,0.33868795,0.12497673,False,0.98892289,True,True,True,0.70468314,0.36900258,0.33868795,0.12497673,0.68688559,0.36656258,0.32932027,0.12071649,0.98511122,0.4089844,0.079105546,0.032352934,0.69091904,0.30258964,0.07023972,0.021253811,0.56318631,0.34537518,0.12496343,0.043159268,0.63546946,0.37758278,0.14844292,0.056049491,0.64405392,0.37563462,0.16687286,0.062683225,0.79849246,0.36936977,0.19498849,0.072022854
experiment_0a_best,file,16,,11088,189.Red_bellied_Woodpecker/Red_Bellied_Woodpecker_0125_180780.jpg,189,188,189.Red_bellied_Woodpecker,36,35,color_jitter,color_jitter,0,"{""brightness"":0.86638,""contrast"":1.254693,""hue"":0.065738,""saturation"":0.705738}",0.0022999996,0.023223899,0.0209239,0.99770266,0.97704369,0.0013213448,0.0043951222,0.99638131,0.97264857,-0.023732747,0.70794216,9.4233211,0.33868795,3.1915654,False,0.95516229,True,True,True,0.70794216,9.4233211,0.33868795,3.1915654,0.69754006,9.4363098,0.32932027,3.1075681,0.89317011,9.1953014,0.079105546,0.72739934,0.74598608,9.0933641,0.07023972,0.63871535,0.69998171,9.2318117,0.12496343,1.1536389,0.581463,8.96753,0.14844292,1.3311664,0.6666585,9.3443233,0.16687286,1.559314,0.77460729,9.8844264,0.19498849,1.9273494
experiment_0a_best,file,16,,11088,189.Red_bellied_Woodpecker/Red_Bellied_Woodpecker_0125_180780.jpg,189,188,189.Red_bellied_Woodpecker,36,35,rotation,rotation,0,"{""angle"":-1.730436}",0.0022999996,0.0033710341,0.0010710345,0.99770266,0.99663466,0.0013213448,0.0027767085,0.99638131,0.99385795,-0.0025233597,0.85448762,1.7061971,0.33868795,0.57786842,False,0.98871815,True,True,True,0.85448762,1.7061971,0.33868795,0.57786842,0.84763122,1.706682,0.32932027,0.56204497,0.97395024,1.6977727,0.079105546,0.13430324,0.82421359,1.586469,0.07023972,0.11143314,0.81106845,1.6636919,0.12496343,0.20790066,0.83831557,1.9036945,0.14844292,0.28258997,0.84720207,1.7361425,0.16687286,0.28971507,0.87917583,1.592834,0.19498849,0.3105843
experiment_0a_best,file,16,,11088,189.Red_bellied_Woodpecker/Red_Bellied_Woodpecker_0125_180780.jpg,189,188,189.Red_bellied_Woodpecker,36,35,random_resized_crop,random_resized_crop,0,"{""area_fraction"":0.764105,""aspect"":0.921248,""fallback"":false,""height"":0.910727,""left"":0.056838,""top"":0.062324,""width"":0.839006}",0.0022999996,0.0056712441,0.0033712445,0.99770266,0.99434483,0.0013213448,0.0046608448,0.99638131,0.98968399,-0.0066973277,0.72187044,3.0169784,0.33868795,1.0218142,False,0.9781599,True,True,True,0.72187044,3.0169784,0.33868795,1.0218142,0.7101151,3.0375487,0.32932027,1.0003264,0.96367235,2.6350885,0.079105546,0.20845012,0.6416273,3.5934311,0.07023972,0.25240159,0.7139246,2.982513,0.12496343,0.37270507,0.67879937,3.5306129,0.14844292,0.52409449,0.68424718,3.0074048,0.16687286,0.50185424,0.77945772,2.6722652,0.19498849,0.52106096
experiment_0a_best,file,16,,11088,189.Red_bellied_Woodpecker/Red_Bellied_Woodpecker_0125_180780.jpg,189,188,189.Red_bellied_Woodpecker,36,35,gaussian_blur,gaussian_blur,0,"{""sigma"":1.757792}",0.0022999996,1.7470021,1.7447021,0.99770266,0.17429568,0.0013213448,0.11422098,0.99638131,0.060074694,-0.93630662,0.24325185,386.9734,0.33868795,131.06323,False,0.70701289,True,True,True,0.24325185,386.9734,0.33868795,131.06323,0.2289982,393.30281,0.32932027,129.52259,0.64987004,253.29057,0.079105546,20.036689,0.1720246,481.85123,0.07023972,33.845096,0.19345497,471.23063,0.12496343,58.886597,0.14216429,482.01681,0.14844292,71.551985,0.1981089,370.04292,0.16687286,61.75012,0.39558009,291.47865,0.19498849,56.834983
experiment_0a_best,file,16,,11088,189.Red_bellied_Woodpecker/Red_Bellied_Woodpecker_0125_180780.jpg,189,188,189.Red_bellied_Woodpecker,36,35,random_erasing,random_erasing,0,"{""area_fraction"":0.064196,""erased"":true,""height"":0.392672,""left"":0.679621,""top"":0.445084,""width"":0.163484}",0.0022999996,0.0028874869,0.00058748736,0.99770266,0.99711668,0.0013213448,0.0019992108,0.99638131,0.99511747,-0.0012638393,0.88394654,1.3769655,0.33868795,0.46636164,False,0.98882222,True,True,True,0.88394654,1.3769655,0.33868795,0.46636164,0.87854099,1.381278,0.32932027,0.45488286,0.98503448,1.2999554,0.079105546,0.10283368,0.84368233,1.3339516,0.07023972,0.093696389,0.88110805,1.4424955,0.12496343,0.18025919,0.87753541,1.4672939,0.14844292,0.2178094,0.84689068,1.3895172,0.16687286,0.2318727,0.91045263,1.3018749,0.19498849,0.25385062
experiment_0a_best,file,16,,4716,081.Pied_Kingfisher/Pied_Kingfisher_0071_72576.jpg,81,80,081.Pied_Kingfisher,79,78,identity,identity,0,{},0.10072258,0.10072258,0,0.9041838,0.9041838,0.017154053,0.017154053,0.88702975,0.88702975,0,1,1,16.959943,16.959943,False,1,True,True,True,1,1,16.959943,16.959943,1,1,16.738067,16.738067,1,1,2.7343719,2.7343719,1,1,3.9182288,3.9182288,1,1,7.5488678,7.5488678,1,1,7.9609495,7.9609495,1,1,9.4053795,9.4053795,1,1,7.4824509,7.4824509
experiment_0a_best,file,16,,4716,081.Pied_Kingfisher/Pied_Kingfisher_0071_72576.jpg,81,80,081.Pied_Kingfisher,79,78,horizontal_flip,horizontal_flip,0,"{""flipped"":true}",0.10072258,0.067003503,-0.033719078,0.9041838,0.93519193,0.017154053,0.0094510457,0.88702975,0.92574088,0.038711132,0.62568487,0.8256428,16.959943,14.002855,False,0.96079451,True,True,True,0.62568487,0.8256428,16.959943,14.002855,0.61924514,0.82988341,16.738067,13.890644,0.95427184,0.64701083,2.7343719,1.7691682,0.56913854,1.4552569,3.9182288,5.7020295,0.62174236,0.77659735,7.5488678,5.8624308,0.50864936,0.80854778,7.9609495,6.4368081,0.65976594,0.7559081,9.4053795,7.1096025,0.76825545,0.78031218,7.4824509,5.8386476
experiment_0a_best,file,16,,4716,081.Pied_Kingfisher/Pied_Kingfisher_0071_72576.jpg,81,80,081.Pied_Kingfisher,79,78,color_jitter,color_jitter,0,"{""brightness"":1.335165,""contrast"":1.247795,""hue"":-0.043644,""saturation"":1.262387}",0.10072258,0.6073665,0.50664392,0.9041838,0.54478365,0.017154053,0.02525942,0.88702975,0.51952423,-0.36750552,0.70275841,4.6168978,16.959943,78.302322,False,0.94470531,True,True,True,0.70275841,4.6168978,16.959943,78.302322,0.6965847,4.6148958,16.738067,77.244433,0.93041856,4.6912972,2.7343719,12.827751,0.52747137,5.3641779,3.9182288,21.018076,0.58408557,4.1293047,7.5488678,31.171575,0.64510372,4.8338369,7.9609495,38.481932,0.76683318,4.4411288,9.4053795,41.770502,0.81007627,4.8696373,7.4824509,36.436822
experiment_0a_best,file,16,,4716,081.Pied_Kingfisher/Pied_Kingfisher_0071_72576.jpg,81,80,081.Pied_Kingfisher,79,78,rotation,rotation,0,"{""angle"":8.301379}",0.10072258,0.71478111,0.61405852,0.9041838,0.48929921,0.017154053,0.010398556,0.88702975,0.47890065,-0.4081291,0.77721222,5.8027836,16.959943,98.414879,False,0.91509086,True,True,True,0.77721222,5.8027836,16.959943,98.414879,0.77470086,5.8188682,16.738067,97.396604,0.88866299,5.1640924,2.7343719,14.120549,0.64062519,7.0246173,3.9182288,27.524057,0.82411395,5.638466,7.5488678,42.564035,0.74285625,5.8140239,7.9609495,46.285151,0.79392179,5.8237367,9.4053795,54.774453,0.78154624,5.6294528,7.4824509,42.122104
experiment_0a_best,file,16,,4716,081.Pied_Kingfisher/Pied_Kingfisher_0071_72576.jpg,81,80,081.Pied_Kingfisher,79,78,random_resized_crop,random_resized_crop,0,"{""area_fraction"":0.544328,""aspect"":1.207769,""fallback"":false,""height"":0.671334,""left"":0.14694,""top"":0.261248,""width"":0.810816}",0.10072258,2.1915727,2.0908501,0.9041838,0.11174089,0.017154053,0.0044571236,0.88702975,0.10728377,-0.77974598,0.56565732,10.513525,16.959943,178.30879,False,0.87237412,False,True,False,0.56565732,10.513525,16.959943,178.30879,0.55915591,10.526742,16.738067,176.19732,0.82266924,10.005688,2.7343719,27.359273,0.64503484,18.59539,3.9182288,72.860993,0.61141087,10.648103,7.5488678,80.381123,0.47264761,11.081148,7.9609495,88.216458,0.59090432,8.6608743,9.4053795,81.45881,0.59300416,9.3150086,7.4824509,69.699094
experiment_0a_best,file,16,,4716,081.Pied_Kingfisher/Pied_Kingfisher_0071_72576.jpg,81,80,081.Pied_Kingfisher,79,78,gaussian_blur,gaussian_blur,0,"{""sigma"":1.891798}",0.10072258,0.26060176,0.15987918,0.9041838,0.77058774,0.017154053,0.0072179246,0.88702975,0.76336982,-0.12365993,0.61866875,2.6308755,16.959943,44.619498,False,0.90865803,True,True,True,0.61866875,2.6308755,16.959943,44.619498,0.61172273,2.6328998,16.738067,44.069653,0.88727831,2.5538637,2.7343719,6.9832132,0.35046067,2.959907,3.9182288,11.597593,0.54204413,2.2140927,7.5488678,16.713893,0.52196886,2.6438936,7.9609495,21.047904,0.6785565,2.8739706,9.4053795,27.030784,0.75898512,2.5166598,7.4824509,18.830783
experiment_0a_best,file,16,,4716,081.Pied_Kingfisher/Pied_Kingfisher_0071_72576.jpg,81,80,081.Pied_Kingfisher,79,78,random_erasing,random_erasing,0,"{""area_fraction"":0.074585,""erased"":true,""height"":0.281305,""left"":0.683144,""top"":0.599256,""width"":0.265138}",0.10072258,0.14510715,0.044384569,0.9041838,0.86492962,0.017154053,0.015248936,0.88702975,0.84968068,-0.037349071,0.94408316,1.446216,16.959943,24.527741,False,0.9814803,True,True,True,0.94408316,1.446216,16.959943,24.527741,0.94330072,1.4481213,16.738067,24.238751,0.97631745,1.3729174,2.7343719,3.7540667,0.81670518,1.3748732,3.9182288,5.3870678,0.95515806,1.48302,7.5488678,11.195122,0.93883671,1.4708862,7.9609495,11.709651,0.95676387,1.415684,9.4053795,13.315046,0.94933307,1.456432,7.4824509,10.897681
experiment_0a_best,file,16,,10989,187.American_Three_toed_Woodpecker/American_Three_Toed_Woodpecker_0004_179908.jpg,187,186,187.American_Three_toed_Woodpecker,190,189,identity,identity,0,{},0.29365939,0.29365939,0,0.74553037,0.74553037,0.24463084,0.24463084,0.50089952,0.50089952,0,1,1,88.027534,88.027534,False,0.99999994,True,True,True,1,1,88.027534,88.027534,1,1,87.271359,87.271359,1,1,11.513328,11.513328,1,1,29.148068,29.148068,1,1,43.56681,43.56681,1,1,45.28051,45.28051,1,1,40.578599,40.578599,1,1,34.229607,34.229607
experiment_0a_best,file,16,,10989,187.American_Three_toed_Woodpecker/American_Three_Toed_Woodpecker_0004_179908.jpg,187,186,187.American_Three_toed_Woodpecker,190,189,horizontal_flip,horizontal_flip,0,"{""flipped"":true}",0.29365939,0.049076408,-0.24458298,0.74553037,0.95210838,0.24463084,0.043479986,0.50089952,0.9086284,0.40772887,0.7787836,0.17103993,88.027534,15.056224,False,0.94475716,True,True,True,0.7787836,0.17103993,88.027534,15.056224,0.77587494,0.17100855,87.271359,14.924148,0.94418461,0.17283372,11.513328,1.9898914,0.86221365,0.17440793,29.148068,5.0836543,0.79741243,0.16403216,43.56681,7.146358,0.76987779,0.17153203,45.28051,7.7670576,0.70102241,0.17361885,40.578599,7.0452097,0.796897,0.17493121,34.229607,5.9878265
experiment_0a_best,file,16,,10989,187.American_Three_toed_Woodpecker/American_Three_Toed_Woodpecker_0004_179908.jpg,187,186,187.American_Three_toed_Woodpecker,190,189,color_jitter,color_jitter,0,"{""brightness"":1.25767,""contrast"":1.026582,""hue"":-0.04698,""saturation"":1.342738}",0.29365939,0.59596533,0.30230594,0.74553037,0.5510304,0.24463084,0.4243941,0.50089952,0.1266363,-0.37426323,0.92328427,1.5184778,88.027534,133.66786,False,0.98184168,True,True,True,0.92328427,1.5184778,88.027534,133.66786,0.92223494,1.5163864,87.271359,132.3371,0.98176654,1.6341578,11.513328,18.814596,0.90282102,1.4934673,29.148068,43.531685,0.90086595,1.5095735,43.56681,65.767304,0.93604865,1.4864453,45.28051,67.307003,0.9306657,1.5238241,40.578599,61.834646,0.93569392,1.5837925,34.229607,54.212595
experiment_0a_best,file,16,,10989,187.American_Three_toed_Woodpecker/American_Three_Toed_Woodpecker_0004_179908.jpg,187,186,187.American_Three_toed_Woodpecker,190,189,rotation,rotation,0,"{""angle"":13.073302}",0.29365939,0.67559528,0.38193589,0.74553037,0.50885344,0.24463084,0.46606258,0.50089952,0.04279086,-0.45810866,0.8266147,1.7753551,88.027534,156.28013,False,0.96575713,True,True,True,0.8266147,1.7753551,88.027534,156.28013,0.82428375,1.7763729,87.271359,155.02647,0.9657554,1.7158616,11.513328,19.755278,0.77749818,2.1062199,29.148068,61.39224,0.83045479,1.604747,43.56681,69.913707,0.81930455,1.7060251,45.28051,77.249687,0.83666564,1.8561263,40.578599,75.319008,0.86430163,1.7856252,34.229607,61.12125
experiment_0a_best,file,16,,10989,187.American_Three_toed_Woodpecker/American_Three_Toed_Woodpecker_0004_179908.jpg,187,186,187.American_Three_toed_Woodpecker,190,189,random_resized_crop,random_resized_crop,0,"{""area_fraction"":0.731268,""aspect"":0.781944,""fallback"":false,""height"":0.967053,""left"":0.030089,""top"":0.021292,""width"":0.756182}",0.29365939,0.1493196,-0.14433978,0.74553037,0.86129379,0.24463084,0.12110304,0.50089952,0.74019075,0.23929123,0.86120646,0.5343623,88.027534,47.038596,False,0.96412933,True,True,True,0.86120646,0.5343623,88.027534,47.038596,0.85937537,0.53394894,87.271359,46.59845,0.96274786,0.55759811,11.513328,6.4198101,0.90201544,0.51868787,29.148068,15.118749,0.86288352,0.58358821,43.56681,25.425077,0.85781317,0.53739157,45.28051,24.333364,0.8412255,0.50034965,40.578599,20.303488,0.86035058,0.49926861,34.229607,17.089768
experiment_0a_best,file,16,,10989,187.American_Three_toed_Woodpecker/American_Three_Toed_Woodpecker_0004_179908.jpg,187,186,187.American_Three_toed_Woodpecker,190,189,gaussian_blur,gaussian_blur,0,"{""sigma"":1.819365}",0.29365939,0.92307484,0.62941545,0.74553037,0.39729556,0.24463084,0.22571048,0.50089952,0.17158508,-0.32931444,0.56897205,1.5454764,88.027534,136.04448,False,0.87314558,True,True,True,0.56897205,1.5454764,88.027534,136.04448,0.56474119,1.5385303,87.271359,134.26963,0.77816077,1.9024518,11.513328,21.903553,0.60546849,1.4288451,29.148068,41.648074,0.53509824,1.1457232,43.56681,49.915506,0.52713925,1.7123457,45.28051,77.535886,0.60189743,1.637862,40.578599,66.462147,0.62620395,1.6967509,34.229607,58.079114
experiment_0a_best,file,16,,10989,187.American_Three_toed_Woodpecker/American_Three_Toed_Woodpecker_0004_179908.jpg,187,186,187.American_Three_toed_Woodpecker,190,189,random_erasing,random_erasing,0,"{""area_fraction"":0.126165,""erased"":true,""height"":0.218425,""left"":0.312558,""top"":0.713179,""width"":0.577612}",0.29365939,1.8795685,1.5859091,0.74553037,0.15265597,0.24463084,0.76315945,0.50089952,-0.61050348,-1.111403,0.91282268,2.2534568,88.027534,198.36625,False,0.93907022,False,True,False,0.91282268,2.2534568,88.027534,198.36625,0.91251628,2.2465739,87.271359,196.06155,0.9384548,2.618722,11.513328,30.150206,0.93037186,2.0026097,29.148068,58.372204,0.92825227,2.0441886,43.56681,89.058778,0.93934181,2.3294603,45.28051,105.47915,0.88842644,2.3095602,40.578599,93.718718,0.88323609,2.477605,34.229607,84.807446
experiment_0a_best,file,16,,8410,144.Common_Tern/Common_Tern_0100_149541.jpg,144,143,144.Common_Tern,145,144,identity,identity,0,{},9.2778225,9.2778225,0,9.3474489e-05,9.3474489e-05,0.83040947,0.83040947,-0.83031599,-0.83031599,0,1,1,203.93861,203.93861,False,1.0000001,True,False,False,1,1,203.93861,203.93861,1,1,199.38125,199.38125,1,1,42.872766,42.872766,1,1,43.630084,43.630084,1,1,81.943225,81.943225,1,1,100.27807,100.27807,1,1,99.45504,99.45504,1,1,105.77149,105.77149
experiment_0a_best,file,16,,8410,144.Common_Tern/Common_Tern_0100_149541.jpg,144,143,144.Common_Tern,145,144,horizontal_flip,horizontal_flip,0,"{""flipped"":true}",9.2778225,5.7513828,-3.5264397,9.3474489e-05,0.0031783825,0.83040947,0.43575373,-0.83031599,-0.43257535,0.39774064,0.62252092,0.92003854,203.93861,187.63138,False,0.95776379,True,False,False,0.62252092,0.92003854,203.93861,187.63138,0.61194588,0.92586331,199.38125,184.59978,0.90113782,0.78353899,42.872766,33.592484,0.3857552,1.0209565,43.630084,44.544419,0.51282764,0.89854028,81.943225,73.629288,0.62177194,0.97710809,100.27807,97.982514,0.59475216,0.95361863,99.45504,94.842179,0.73222907,0.84962886,105.77149,89.866515
experiment_0a_best,file,16,,8410,144.Common_Tern/Common_Tern_0100_149541.jpg,144,143,144.Common_Tern,145,144,color_jitter,color_jitter,0,"{""brightness"":0.984268,""contrast"":0.748437,""hue"":-0.071721,""saturation"":0.949907}",9.2778225,9.6734848,0.39566231,9.3474489e-05,6.2930158e-05,0.83040947,0.86202073,-0.83031599,-0.8619578,-0.031641808,0.82764536,1.0491029,203.93861,213.95258,False,0.97736895,True,False,False,0.82764536,1.0491029,203.93861,213.95258,0.82112187,1.0508999,199.38125,209.52974,0.97516605,1.0094551,42.872766,43.278133,0.62190565,1.0563578,43.630084,46.088978,0.73387603,1.0702616,81.943225,87.700686,0.80643956,1.0047704,100.27807,100.75644,0.84648811,1.0659572,99.45504,106.01482,0.89828441,1.065287,105.77149,112.677
experiment_0a_best,file,16,,8410,144.Common_Tern/Common_Tern_0100_149541.jpg,144,143,144.Common_Tern,145,144,rotation,rotation,0,"{""angle"":-7.752798}",9.2778225,7.3255548,-1.9522676,9.3474489e-05,0.00065849413,0.83040947,0.66700011,-0.83031599,-0.66634162,0.16397437,0.73173671,0.88389153,203.93861,180.25961,False,0.95518577,True,False,False,0.73173671,0.88389153,203.93861,180.25961,0.72267476,0.88644778,199.38125,176.74106,0.94360462,0.82667442,42.872766,35.441819,0.71263958,1.029062,43.630084,44.898061,0.65390612,0.89284502,81.943225,73.1626,0.70603857,0.8475989,100.27807,84.995582,0.71068219,0.91059238,99.45504,90.563001,0.79548316,0.86871449,105.77149,91.88523
experiment_0a_best,file,16,,8410,144.Common_Tern/Common_Tern_0100_149541.jpg,144,143,144.Common_Tern,145,144,random_resized_crop,random_resized_crop,0,"{""area_fraction"":0.553108,""aspect"":0.959429,""fallback"":false,""height"":0.759274,""left"":0.067076,""top"":0.012052,""width"":0.72847}",9.2778225,5.6180716,-3.6597509,9.3474489e-05,0.0036316388,0.83040947,0.3361851,-0.83031599,-0.33255346,0.49776253,0.66252512,0.80801633,203.93861,164.78573,False,0.93213332,True,False,False,0.66252512,0.80801633,203.93861,164.78573,0.65513883,0.8118696,199.38125,161.87157,0.84737435,0.71964908,42.872766,30.853346,0.55186324,0.85587365,43.630084,37.341839,0.64548788,0.85172871,81.943225,69.793397,0.68567111,0.844748,100.27807,84.709699,0.63414324,0.81137597,99.45504,80.695429,0.67445831,0.74739495,105.77149,79.053081
experiment_0a_best,file,16,,8410,144.Common_Tern/Common_Tern_0100_149541.jpg,144,143,144.Common_Tern,145,144,gaussian_blur,gaussian_blur,0,"{""sigma"":1.330394}",9.2778225,7.3913622,-1.8864603,9.3474489e-05,0.00061655534,0.83040947,0.25893691,-0.83031599,-0.25832036,0.57199564,0.54431044,0.89285196,203.93861,182.08699,False,0.8442983,True,False,False,0.54431044,0.89285196,203.93861,182.08699,0.53762591,0.90089014,199.38125,179.6206,0.74870887,0.69667119,42.872766,29.868221,0.47963334,0.91388328,43.630084,39.872804,0.44879487,1.051392,81.943225,86.154449,0.58163802,0.94698867,100.27807,94.962197,0.55144168,0.88690558,99.45504,88.20723,0.57374715,0.75946075,105.77149,80.329299
experiment_0a_best,file,16,,8410,144.Common_Tern/Common_Tern_0100_149541.jpg,144,143,144.Common_Tern,145,144,random_erasing,random_erasing,0,"{""area_fraction"":0.064762,""erased"":true,""height"":0.152629,""left"":0.41779,""top"":0.73667,""width"":0.42431}",9.2778225,8.1470366,-1.1307859,9.3474489e-05,0.00028959234,0.83040947,0.76425701,-0.83031599,-0.76396742,0.066348571,0.91683827,0.96455426,203.93861,196.70985,False,0.97727168,True,False,False,0.91683827,0.96455426,203.93861,196.70985,0.91410468,0.96434586,199.38125,192.27248,0.97568227,0.9690505,42.872766,41.545875,0.89074012,0.7391511,43.630084,32.249225,0.90974132,0.96322846,81.943225,78.930046,0.92355942,0.96720789,100.27807,96.989741,0.91180237,0.98819375,99.45504,98.280849,0.91783587,0.97488016,105.77149,103.11453
experiment_0a_best,file,16,,10124,172.Nashville_Warbler/Nashville_Warbler_0076_167389.jpg,172,171,172.Nashville_Warbler,16,15,identity,identity,0,{},0.085030034,0.085030034,0,0.91848469,0.91848469,0.027785158,0.027785158,0.89069953,0.89069953,0,1,1,11.728412,11.728412,False,1,True,True,True,1,1,11.728412,11.728412,1,1,11.545407,11.545407,1,1,2.0637845,2.0637845,1,1,2.0812439,2.0812439,1,1,4.584108,4.584108,1,1,5.8905565,5.8905565,1,1,6.1353462,6.1353462,1,1,5.9673846,5.9673846
experiment_0a_best,file,16,,10124,172.Nashville_Warbler/Nashville_Warbler_0076_167389.jpg,172,171,172.Nashville_Warbler,16,15,horizontal_flip,horizontal_flip,0,"{""flipped"":true}",0.085030034,0.23210889,0.14707886,0.91848469,0.79285979,0.027785158,0.035701811,0.89069953,0.75715798,-0.13354155,0.56161204,2.8958103,11.728412,33.963255,False,0.9524914,True,True,True,0.56161204,2.8958103,11.728412,33.963255,0.55222288,2.911272,11.545407,33.611822,0.93593582,2.3612965,2.0637845,4.8732071,0.67917208,3.8063681,2.0812439,7.9219805,0.52166095,3.2628467,4.584108,14.957242,0.49839764,3.1605255,5.8905565,18.617254,0.52345024,2.793271,6.1353462,17.137685,0.67792502,2.3874681,5.9673846,14.24694
experiment_0a_best,file,16,,10124,172.Nashville_Warbler/Nashville_Warbler_0076_167389.jpg,172,171,172.Nashville_Warbler,16,15,color_jitter,color_jitter,0,"{""brightness"":1.120106,""contrast"":0.846525,""hue"":0.045786,""saturation"":1.176093}",0.085030034,0.11597228,0.030942246,0.91848469,0.89049989,0.027785158,0.025380611,0.89069953,0.86511928,-0.025580252,0.75873615,1.4060089,11.728412,16.490251,False,0.94827133,True,True,True,0.75873615,1.4060089,11.728412,16.490251,0.75374826,1.4025735,11.545407,16.193283,0.90575572,1.5095764,2.0637845,3.1154403,0.75446911,1.2770161,2.0812439,2.657782,0.73259673,1.4773615,4.584108,6.7723846,0.79230263,1.5369437,5.8905565,9.0534537,0.72594951,1.3735287,6.1353462,8.4270743,0.76406393,1.2575335,5.9673846,7.5041859
experiment_0a_best,file,16,,10124,172.Nashville_Warbler/Nashville_Warbler_0076_167389.jpg,172,171,172.Nashville_Warbler,16,15,rotation,rotation,0,"{""angle"":9.189832}",0.085030034,0.79682493,0.7117949,0.91848469,0.45075789,0.027785158,0.15346292,0.89069953,0.29729497,-0.59340456,0.64418803,7.0015895,11.728412,82.117523,False,0.92946744,True,True,True,0.64418803,7.0015895,11.728412,82.117523,0.636539,7.0268617,11.545407,81.127981,0.9227863,6.1584806,2.0637845,12.709777,0.75827302,9.4158012,2.0812439,19.596579,0.50220792,7.5741392,4.584108,34.720672,0.61040688,7.3685071,5.8905565,43.404607,0.65303557,6.7792908,6.1353462,41.593296,0.73416038,6.2212517,5.9673846,37.124602
experiment_0a_best,file,16,,10124,172.Nashville_Warbler/Nashville_Warbler_0076_167389.jpg,172,171,172.Nashville_Warbler,16,15,random_resized_crop,random_resized_crop,0,"{""area_fraction"":0.573164,""aspect"":1.258067,""fallback"":false,""height"":0.674975,""left"":0.010992,""top"":0.186353,""width"":0.849164}",0.085030034,0.17622547,0.091195434,0.91848469,0.83842891,0.027785158,0.064558752,0.89069953,0.77387016,-0.11682937,0.57698601,2.1949258,11.728412,25.742993,False,0.8814311,True,True,True,0.57698601,2.1949258,11.728412,25.742993,0.56838281,2.1974888,11.545407,25.370903,0.85740808,2.1131437,2.0637845,4.3610731,0.71102893,2.6935494,2.0812439,5.6059333,0.53860466,2.4307576,4.584108,11.142855,0.53505233,2.3971735,5.8905565,14.120686,0.5561499,2.0954488,6.1353462,12.856304,0.63820629,1.861656,5.9673846,11.109217
experiment_0a_best,file,16,,10124,172.Nashville_Warbler/Nashville_Warbler_0076_167389.jpg,172,171,172.Nashville_Warbler,16,15,gaussian_blur,gaussian_blur,0,"{""sigma"":1.814134}",0.085030034,5.1480355,5.0630055,0.91848469,0.0058108089,0.027785158,0.0042145015,0.89069953,0.0015963074,-0.88910322,0.23150838,5.8505602,11.728412,68.617778,False,0.58380163,False,True,False,0.23150838,5.8505602,11.728412,68.617778,0.21796034,5.7616842,11.545407,66.520991,0.54451722,8.1564802,2.0637845,16.833217,0.43799523,6.0410623,2.0812439,12.572924,0.1710421,5.2992885,4.584108,24.292511,0.19770638,5.9319116,5.8905565,34.94226,0.20639058,5.4451618,6.1353462,33.407953,0.24672263,6.1338548,5.9673846,36.603071
experiment_0a_best,file,16,,10124,172.Nashville_Warbler/Nashville_Warbler_0076_167389.jpg,172,171,172.Nashville_Warbler,16,15,random_erasing,random_erasing,0,"{""area_fraction"":0.178847,""erased"":true,""height"":0.329152,""left"":0.33184,""top"":0.290264,""width"":0.543357}",0.085030034,5.4118829,5.3268528,0.91848469,0.0044632289,0.027785158,0.0011774194,0.89069953,0.0032858094,-0.88741372,0.17055278,6.1172633,11.728412,71.745781,False,0.56644082,False,True,False,0.17055278,6.1172633,11.728412,71.745781,0.15349534,5.9830743,11.545407,69.07703,0.52733613,9.3934728,2.0637845,19.386104,0.084787692,4.8325228,2.0812439,10.057659,0.1216484,5.6899364,4.584108,26.083283,0.16875504,5.3730629,5.8905565,31.65033,0.10528723,5.3146834,6.1353462,32.607423,0.20459939,7.3527325,5.9673846,43.876583
experiment_0a_best,file,16,,9855,168.Kentucky_Warbler/Kentucky_Warbler_0066_165290.jpg,168,167,168.Kentucky_Warbler,162,161,identity,identity,0,{},1.7063015,1.7063015,0,0.18153597,0.18153597,0.76047099,0.76047099,-0.57893501,-0.57893501,0,1,1,159.17651,159.17651,False,1.0000001,True,False,False,1,1,159.17651,159.17651,1,1,155.56077,155.56077,1,1,33.734349,33.734349,1,1,48.25307,48.25307,1,1,63.06416,63.06416,1,1,79.878753,79.878753,1,1,75.854905,75.854905,1,1,75.888903,75.888903
experiment_0a_best,file,16,,9855,168.Kentucky_Warbler/Kentucky_Warbler_0066_165290.jpg,168,167,168.Kentucky_Warbler,162,161,horizontal_flip,horizontal_flip,0,"{""flipped"":true}",1.7063015,2.1048119,0.39851046,0.18153597,0.12186858,0.76047099,0.85062528,-0.57893501,-0.7287567,-0.14982168,0.64185521,1.2437267,159.17651,197.97207,False,0.96126294,True,False,False,0.64185521,1.2437267,159.17651,197.97207,0.6278839,1.2472512,155.56077,194.02337,0.96096649,1.1662597,33.734349,39.343013,0.65096566,0.96101941,48.25307,46.372137,0.59965571,1.2911012,63.06416,81.422214,0.59274386,1.2580189,79.878753,100.48898,0.58391972,1.3138539,75.854905,99.662262,0.73504707,1.2385486,75.888903,93.992095
experiment_0a_best,file,16,,9855,168.Kentucky_Warbler/Kentucky_Warbler_0066_165290.jpg,168,167,168.Kentucky_Warbler,162,161,color_jitter,color_jitter,0,"{""brightness"":0.61918,""contrast"":1.395798,""hue"":0.006392,""saturation"":1.093456}",1.7063015,0.17348191,-1.5328195,0.18153597,0.84073234,0.76047099,0.13806739,-0.57893501,0.70266494,1.2816,0.65807958,0.18787846,159.17651,29.905836,False,0.88974333,False,False,True,0.65807958,0.18787846,159.17651,29.905836,0.64770316,0.18821109,155.56077,29.278262,0.88847926,0.1806603,33.734349,6.0944576,0.27531873,0.1811046,48.25307,8.7388527,0.56198508,0.19503721,63.06416,12.299858,0.71287935,0.17643955,79.878753,14.093771,0.71207982,0.19205404,75.854905,14.568241,0.72043764,0.19486808,75.888903,14.788324
experiment_0a_best,file,16,,9855,168.Kentucky_Warbler/Kentucky_Warbler_0066_165290.jpg,168,167,168.Kentucky_Warbler,162,161,rotation,rotation,0,"{""angle"":-7.585658}",1.7063015,2.3043838,0.5980823,0.18153597,0.099820293,0.76047099,0.74602365,-0.57893501,-0.64620336,-0.067268349,0.79305004,0.95883843,159.17651,152.62455,False,0.95396495,True,False,False,0.79305004,0.95883843,159.17651,152.62455,0.78509755,0.95530281,155.56077,148.60764,0.95192032,1.031156,33.734349,34.785375,0.88403557,1.0494073,48.25307,50.637125,0.76216007,0.9590072,63.06416,60.478984,0.76751391,0.9370794,79.878753,74.852734,0.74634877,0.95293606,75.854905,72.284874,0.81735622,0.93496281,75.888903,70.953302
experiment_0a_best,file,16,,9855,168.Kentucky_Warbler/Kentucky_Warbler_0066_165290.jpg,168,167,168.Kentucky_Warbler,162,161,random_resized_crop,random_resized_crop,0,"{""area_fraction"":0.589951,""aspect"":1.209275,""fallback"":false,""height"":0.698467,""left"":0.144419,""top"":0.020579,""width"":0.844638}",1.7063015,2.805203,1.0989015,0.18153597,0.060494497,0.76047099,0.4384073,-0.57893501,-0.3779128,0.20102221,0.54223684,0.86136038,159.17651,137.10834,False,0.89550114,True,False,False,0.54223684,0.86136038,159.17651,137.10834,0.52843394,0.86274692,155.56077,134.20958,0.84719842,0.83132911,33.734349,28.044346,0.63488911,1.0389523,48.25307,50.132636,0.47895225,0.90895069,63.06416,57.322212,0.46410406,0.83289674,79.878753,66.530753,0.52357579,0.85991764,75.854905,65.228971,0.60048234,0.78311946,75.888903,59.430076
experiment_0a_best,file,16,,9855,168.Kentucky_Warbler/Kentucky_Warbler_0066_165290.jpg,168,167,168.Kentucky_Warbler,162,161,gaussian_blur,gaussian_blur,0,"{""sigma"":1.350842}",1.7063015,4.8717375,3.165436,0.18153597,0.0076600444,0.76047099,0.7937361,-0.57893501,-0.78607606,-0.20714104,0.65562367,0.95611388,159.17651,152.19087,False,0.85410678,True,False,False,0.65562367,0.95611388,159.17651,152.19087,0.64508508,0.94501315,155.56077,147.00698,0.85091043,1.1674408,33.734349,39.382857,0.74452667,1.0151758,48.25307,48.985349,0.55740525,0.85287578,63.06416,53.785894,0.64709544,0.88145377,79.878753,70.409428,0.60968542,0.96894319,75.854905,73.499093,0.69356666,1.0172014,75.888903,77.1943
experiment_0a_best,file,16,,9855,168.Kentucky_Warbler/Kentucky_Warbler_0066_165290.jpg,168,167,168.Kentucky_Warbler,162,161,random_erasing,random_erasing,0,"{""area_fraction"":0.109637,""erased"":true,""height"":0.484848,""left"":0.483504,""top"":0.351558,""width"":0.226126}",1.7063015,3.3196502,1.6133487,0.18153597,0.036165483,0.76047099,0.41264683,-0.57893501,-0.37648135,0.20245367,0.53697298,0.91879605,159.17651,146.25075,False,0.89419389,True,False,False,0.53697298,0.91879605,159.17651,146.25075,0.52328478,0.91996741,155.56077,143.11084,0.83687837,0.89352418,33.734349,30.142457,0.62976229,0.83292784,48.25307,40.191325,0.46215496,1.0625489,63.06416,67.008754,0.49323021,1.001111,79.878753,79.967498,0.50822671,0.88642813,75.854905,67.239921,0.61219175,0.77501288,75.888903,58.814877
experiment_0a_best,file,16,,1603,029.American_Crow/American_Crow_0068_25198.jpg,29,28,029.American_Crow,142,141,identity,identity,0,{},5.3807955,5.3807955,0,0.004604158,0.004604158,0.43701491,0.43701491,-0.43241075,-0.43241075,0,1,1,121.05061,121.05061,False,1,True,False,False,1,1,121.05061,121.05061,1,1,116.01665,116.01665,1,1,34.545429,34.545429,1,1,35.813938,35.813938,1,1,49.285653,49.285653,1,1,51.033813,51.033813,1,1,53.424206,53.424206,1,1,65.494688,65.494688
experiment_0a_best,file,16,,1603,029.American_Crow/American_Crow_0068_25198.jpg,29,28,029.American_Crow,142,141,horizontal_flip,horizontal_flip,0,"{""flipped"":true}",5.3807955,4.7676578,-0.61313772,0.004604158,0.0085002678,0.43701491,0.34406492,-0.43241075,-0.33556465,0.096846096,0.63539668,1.0004092,121.05061,121.10014,False,0.94076324,False,False,False,0.63539668,1.0004092,121.05061,121.10014,0.60917623,1.0015835,116.01665,116.20036,0.93554094,0.9870676,34.545429,34.098674,0.51934693,1.0560699,35.813938,37.822023,0.51263383,1.0095642,49.285653,49.757032,0.55590334,0.98431799,51.033813,50.233501,0.5988982,1.0372448,53.424206,55.413978,0.73700325,0.96591797,65.494688,63.262496
experiment_0a_best,file,16,,1603,029.American_Crow/American_Crow_0068_25198.jpg,29,28,029.American_Crow,142,141,color_jitter,color_jitter,0,"{""brightness"":0.786598,""contrast"":1.205501,""hue"":-0.019579,""saturation"":1.018745}",5.3807955,5.8262434,0.44544792,0.004604158,0.0029491349,0.43701491,0.03858247,-0.43241075,-0.035633335,0.39677741,0.51926664,0.90463051,121.05061,109.50608,False,0.9566499,False,False,False,0.51926664,0.90463051,121.05061,109.50608,0.4852163,0.90172737,116.01665,104.61539,0.88929689,0.93675138,34.545429,32.360478,0.48140841,0.86548751,35.813938,30.996516,0.31911454,0.83589058,49.285653,41.197413,0.32622415,0.95052717,51.033813,48.509026,0.49434086,0.92743515,53.424206,49.547486,0.67068301,0.90048572,65.494688,58.977032
experiment_0a_best,file,16,,1603,029.American_Crow/American_Crow_0068_25198.jpg,29,28,029.American_Crow,142,141,rotation,rotation,0,"{""angle"":-3.861072}",5.3807955,6.215548,0.83475256,0.004604158,0.0019981207,0.43701491,0.28902557,-0.43241075,-0.28702745,0.1453833,0.77833621,0.87079811,121.05061,105.41064,False,0.95908058,False,False,False,0.77833621,0.87079811,121.05061,105.41064,0.76171891,0.84967699,116.01665,98.576681,0.94599509,1.0808048,34.545429,37.336867,0.84287599,0.80251216,35.813938,28.741121,0.7224401,0.75685438,49.285653,37.302062,0.68907702,0.77484083,51.033813,39.543082,0.72543245,0.89388543,53.424206,47.755119,0.82685275,0.92315958,65.494688,60.462049
experiment_0a_best,file,16,,1603,029.American_Crow/American_Crow_0068_25198.jpg,29,28,029.American_Crow,142,141,random_resized_crop,random_resized_crop,0,"{""area_fraction"":0.894899,""aspect"":1.031814,""fallback"":false,""height"":0.931293,""left"":0.025722,""top"":0.022817,""width"":0.960921}",5.3807955,6.0644531,0.68365765,0.004604158,0.0023240279,0.43701491,0.53588134,-0.43241075,-0.53355731,-0.10114656,0.8000315,1.0870692,121.05061,131.59039,False,0.97516292,True,False,False,0.8000315,1.0870692,121.05061,131.59039,0.78727938,1.0943391,116.01665,126.96156,0.96011772,1.0014256,34.545429,34.594677,0.72147721,0.86824752,35.813938,31.095363,0.7362765,1.0895474,49.285653,53.699055,0.75172522,1.18136,51.033813,60.289305,0.78753745,1.1369568,53.424206,60.741017,0.8632872,1.0736264,65.494688,70.316829
experiment_0a_best,file,16,,1603,029.American_Crow/American_Crow_0068_25198.jpg,29,28,029.American_Crow,142,141,gaussian_blur,gaussian_blur,0,"{""sigma"":1.61911}",5.3807955,8.7921257,3.4113302,0.004604158,0.00015192463,0.43701491,0.097270697,-0.43241075,-0.097118773,0.33529198,0.3844792,1.1942395,121.05061,144.56342,False,0.81762165,False,False,False,0.3844792,1.1942395,121.05061,144.56342,0.36348385,1.2146039,116.01665,140.91428,0.70476685,0.93430908,34.545429,32.276108,0.5132553,1.3989058,35.813938,50.100325,0.20459394,0.93794197,49.285653,46.227082,0.2481936,1.263205,51.033813,64.466168,0.37588932,1.3392306,53.424206,71.547333,0.45623539,1.1762568,65.494688,77.038573
experiment_0a_best,file,16,,1603,029.American_Crow/American_Crow_0068_25198.jpg,29,28,029.American_Crow,142,141,random_erasing,random_erasing,0,"{""area_fraction"":0.138137,""erased"":true,""height"":0.276789,""left"":0.338272,""top"":0.284021,""width"":0.499071}",5.3807955,6.070601,0.68980551,0.004604158,0.0023097845,0.43701491,0.31740314,-0.43241075,-0.31509335,0.1173174,0.4890067,0.87960979,121.05061,106.4773,False,0.8766135,True,False,False,0.4890067,0.87960979,121.05061,106.4773,0.46132285,0.88560897,116.01665,102.74539,0.83272575,0.80887173,34.545429,27.942821,0.40070321,0.87274677,35.813938,31.256499,0.2452738,0.80756914,49.285653,39.801573,0.46152012,0.88922676,51.033813,45.380633,0.47551421,0.8936368,53.424206,47.741837,0.57761207,0.9233031,65.494688,60.471449
experiment_0a_best,file,16,,10539,179.Tennessee_Warbler/Tennessee_Warbler_0044_174824.jpg,179,178,179.Tennessee_Warbler,155,154,identity,identity,0,{},0.0049961959,0.0049961959,0,0.99501628,0.99501628,0.0014624347,0.0014624347,0.99355384,0.99355384,0,1,1,0.86485269,0.86485269,False,1.0000001,True,True,True,1,1,0.86485269,0.86485269,1,1,0.84584931,0.84584931,1,1,0.18030283,0.18030283,1,1,0.13142267,0.13142267,1,1,0.33620774,0.33620774,1,1,0.44155538,0.44155538,1,1,0.46350387,0.46350387,1,1,0.41874396,0.41874396
experiment_0a_best,file,16,,10539,179.Tennessee_Warbler/Tennessee_Warbler_0044_174824.jpg,179,178,179.Tennessee_Warbler,155,154,horizontal_flip,horizontal_flip,0,"{""flipped"":true}",0.0049961959,0.01459247,0.0095962738,0.99501628,0.98551351,0.0014624347,0.0056001781,0.99355384,0.97991333,-0.013640512,0.57804364,3.2362088,0.86485269,2.7988439,False,0.9621945,True,True,True,0.57804364,3.2362088,0.86485269,2.7988439,0.5620208,3.24041,0.84584931,2.7408986,0.94194284,3.1423278,0.18030283,0.56657057,0.21565415,3.5585876,0.13142267,0.46767909,0.38872729,3.5802622,0.33620774,1.2037119,0.54850821,3.1521053,0.44155538,1.3918291,0.58526613,3.1512535,0.46350387,1.4606182,0.71549638,3.1809964,0.41874396,1.332023
experiment_0a_best,file,16,,10539,179.Tennessee_Warbler/Tennessee_Warbler_0044_174824.jpg,179,178,179.Tennessee_Warbler,155,154,color_jitter,color_jitter,0,"{""brightness"":0.70125,""contrast"":0.795166,""hue"":0.008051,""saturation"":0.882553}",0.0049961959,0.027358275,0.022362079,0.99501628,0.97301257,0.0014624347,0.0036972426,0.99355384,0.96931532,-0.024238518,0.72747012,6.3897443,0.86485269,5.5261875,False,0.9763363,True,True,True,0.72747012,6.3897443,0.86485269,5.5261875,0.72105605,6.4261277,0.84584931,5.4355357,0.89947658,5.5287277,0.18030283,0.99684523,0.51360183,7.4659413,0.13142267,0.98119396,0.61309035,6.8608223,0.33620774,2.3066616,0.70846267,7.2191501,0.44155538,3.1876546,0.76351805,6.0151949,0.46350387,2.7880661,0.81698759,5.511877,0.41874396,2.3080652
experiment_0a_best,file,16,,10539,179.Tennessee_Warbler/Tennessee_Warbler_0044_174824.jpg,179,178,179.Tennessee_Warbler,155,154,rotation,rotation,0,"{""angle"":14.096569}",0.0049961959,0.0069142603,0.0019180644,0.99501628,0.99310958,0.0014624347,0.0015254845,0.99355384,0.9915841,-0.0019697428,0.68921667,1.3308352,0.86485269,1.1509764,False,0.97154272,True,True,True,0.68921667,1.3308352,0.86485269,1.1509764,0.67692986,1.3261698,0.84584931,1.1217398,0.94190588,1.4296626,0.18030283,0.25777221,0.28324965,1.9820515,0.13142267,0.26048651,0.63044005,1.3937429,0.33620774,0.46858716,0.68459623,1.2986673,0.44155538,0.57343354,0.67322187,1.2390563,0.46350387,0.57430738,0.77237411,1.3343828,0.41874396,0.55876473
experiment_0a_best,file,16,,10539,179.Tennessee_Warbler/Tennessee_Warbler_0044_174824.jpg,179,178,179.Tennessee_Warbler,155,154,random_resized_crop,random_resized_crop,0,"{""area_fraction"":0.662043,""aspect"":0.833472,""fallback"":false,""height"":0.891246,""left"":0.106612,""top"":0.027203,""width"":0.742829}",0.0049961959,0.0084830895,0.0034868936,0.99501628,0.99155277,0.0014624347,0.00025845127,0.99355384,0.99129432,-0.0022595233,0.4975984,2.0181882,0.86485269,1.7454355,False,0.94763637,True,True,True,0.4975984,2.0181882,0.86485269,1.7454355,0.4832074,2.0335781,0.84584931,1.7201007,0.90044143,1.6433922,0.18030283,0.29630826,0.36977994,2.2517739,0.13142267,0.29593414,0.24224494,2.1991385,0.33620774,0.73936737,0.37306941,2.0726938,0.44155538,0.9152091,0.54165982,1.9911581,0.46350387,0.92290949,0.73706003,1.903201,0.41874396,0.79695394
experiment_0a_best,file,16,,10539,179.Tennessee_Warbler/Tennessee_Warbler_0044_174824.jpg,179,178,179.Tennessee_Warbler,155,154,gaussian_blur,gaussian_blur,0,"{""sigma"":1.121881}",0.0049961959,0.4812088,0.47621261,0.99501628,0.61803585,0.0014624347,0.080790356,0.99355384,0.5372455,-0.45630835,0.49325023,77.624421,0.86485269,67.133689,False,0.88501024,True,True,True,0.49325023,77.624421,0.86485269,67.133689,0.48192399,78.344116,0.84584931,66.267317,0.83864518,59.625123,0.18030283,10.750578,0.20219358,125.03801,0.13142267,16.432829,0.1280231,91.760215,0.33620774,30.850495,0.537019,79.26206,0.44155538,34.998589,0.58082412,74.08888,0.46350387,34.340483,0.66503886,66.068533,0.41874396,27.665799
experiment_0a_best,file,16,,10539,179.Tennessee_Warbler/Tennessee_Warbler_0044_174824.jpg,179,178,179.Tennessee_Warbler,155,154,random_erasing,random_erasing,0,"{""area_fraction"":0.176337,""erased"":true,""height"":0.586976,""left"":0.067003,""top"":0.230548,""width"":0.300415}",0.0049961959,0.010098555,0.0051023592,0.99501628,0.98995227,0.0014624347,0.0013260535,0.99355384,0.98862621,-0.0049276295,0.75470403,2.0903836,0.86485269,1.8078739,False,0.97051847,True,True,True,0.75470403,2.0903836,0.86485269,1.8078739,0.74665149,2.0924905,0.84584931,1.7699317,0.93637932,2.0434634,0.18030283,0.36844223,0.63437793,1.8949246,0.13142267,0.24903606,0.67660795,2.1570424,0.33620774,0.72521437,0.71841948,2.2504549,0.44155538,0.99370045,0.76453129,1.9923359,0.46350387,0.92345542,0.82400308,2.0044247,0.41874396,0.83934073
experiment_0a_best,file,16,,3160,055.Evening_Grosbeak/Evening_Grosbeak_0041_37928.jpg,55,54,055.Evening_Grosbeak,96,95,identity,identity,0,{},0.9886049,0.9886049,0,0.37209544,0.37209544,0.34937534,0.34937534,0.022720098,0.022720098,0,1,1,111.53612,111.53612,False,1,True,True,True,1,1,111.53612,111.53612,1,1,108.97182,108.97182,1,1,23.779126,23.779126,1,1,24.981072,24.981072,1,1,44.279641,44.279641,1,1,56.867875,56.867875,1,1,56.428848,56.428848,1,1,53.590556,53.590556
experiment_0a_best,file,16,,3160,055.Evening_Grosbeak/Evening_Grosbeak_0041_37928.jpg,55,54,055.Evening_Grosbeak,96,95,horizontal_flip,horizontal_flip,0,"{""flipped"":true}",0.9886049,0.42739835,-0.56120655,0.37209544,0.65220368,0.34937534,0.19932981,0.022720098,0.45287387,0.43015377,0.65262998,0.53857266,111.53612,60.070303,False,0.96828365,True,True,True,0.65262998,0.53857266,111.53612,60.070303,0.63887479,0.53976001,108.97182,58.818632,0.95737446,0.51300299,23.779126,12.198763,0.056484194,0.62658798,24.981072,15.652839,0.47679801,0.51941202,44.279641,22.999377,0.70009563,0.51709932,56.867875,29.406339,0.68683563,0.54713764,56.428848,30.874347,0.77277223,0.54966008,53.590556,29.456589
experiment_0a_best,file,16,,3160,055.Evening_Grosbeak/Evening_Grosbeak_0041_37928.jpg,55,54,055.Evening_Grosbeak,96,95,color_jitter,color_jitter,0,"{""brightness"":1.036399,""contrast"":1.078355,""hue"":-0.008983,""saturation"":1.313902}",0.9886049,2.7983253,1.8097204,0.37209544,0.060911983,0.34937534,0.20944837,0.022720098,-0.14853638,-0.17125648,0.71712122,1.3350551,111.53612,148.90686,False,0.9785217,False,True,False,0.71712122,1.3350551,111.53612,148.90686,0.70735185,1.3275572,108.97182,144.66633,0.90490161,1.4837896,23.779126,35.283221,0.59400991,1.1352219,24.981072,28.359061,0.57863615,1.2208487,44.279641,54.05874,0.72587318,1.3298115,56.867875,75.623553,0.73624928,1.3108139,56.428848,73.967716,0.75821781,1.4467965,53.590556,77.534631
experiment_0a_best,file,16,,3160,055.Evening_Grosbeak/Evening_Grosbeak_0041_37928.jpg,55,54,055.Evening_Grosbeak,96,95,rotation,rotation,0,"{""angle"":-3.83272}",0.9886049,0.29496232,-0.69364259,0.37209544,0.74455965,0.34937534,0.057619043,0.022720098,0.6869406,0.6642205,0.75916177,0.38842181,111.53612,43.32306,False,0.97425824,True,True,True,0.75916177,0.38842181,111.53612,43.32306,0.75162613,0.3880438,108.97182,42.285841,0.91428822,0.39627693,23.779126,9.4231192,0.82202667,0.53217762,24.981072,13.294367,0.69932122,0.39996987,44.279641,17.710522,0.72240032,0.37931474,56.867875,21.570823,0.76261988,0.36717199,56.428848,20.719093,0.80324707,0.37464732,53.590556,20.077558
experiment_0a_best,file,16,,3160,055.Evening_Grosbeak/Evening_Grosbeak_0041_37928.jpg,55,54,055.Evening_Grosbeak,96,95,random_resized_crop,random_resized_crop,0,"{""area_fraction"":0.856971,""aspect"":0.909985,""fallback"":false,""height"":0.970434,""left"":0.088557,""top"":0.014921,""width"":0.88308}",0.9886049,0.50616926,-0.48243564,0.37209544,0.60280031,0.34937534,0.10557085,0.022720098,0.49722946,0.47450937,0.77819278,0.64311047,111.53612,71.730044,False,0.98783273,True,True,True,0.77819278,0.64311047,111.53612,71.730044,0.77048729,0.64231108,108.97182,69.99381,0.93601924,0.6596746,23.779126,15.686486,0.70257961,0.81465881,24.981072,20.35105,0.71558185,0.63070766,44.279641,27.927508,0.75484096,0.64239459,56.867875,36.531615,0.79098454,0.61164247,56.428848,34.51428,0.82921801,0.64078248,53.590556,34.339889
experiment_0a_best,file,16,,3160,055.Evening_Grosbeak/Evening_Grosbeak_0041_37928.jpg,55,54,055.Evening_Grosbeak,96,95,gaussian_blur,gaussian_blur,0,"{""sigma"":1.895932}",0.9886049,1.4271307,0.4385258,0.37209544,0.23999658,0.34937534,0.054966915,0.022720098,0.18502967,0.16230957,0.43888281,1.1384075,111.53612,126.97356,False,0.87693441,False,True,False,0.43888281,1.1384075,111.53612,126.97356,0.42356312,1.1411148,108.97182,124.34936,0.7794555,1.0799872,23.779126,25.681153,0.21649539,1.0218735,24.981072,25.527496,0.16378117,1.2915376,44.279641,57.188822,0.46055965,1.1141999,56.867875,63.362181,0.49182472,1.0787154,56.428848,60.870669,0.55482887,1.153385,53.590556,61.810545
experiment_0a_best,file,16,,3160,055.Evening_Grosbeak/Evening_Grosbeak_0041_37928.jpg,55,54,055.Evening_Grosbeak,96,95,random_erasing,random_erasing,0,"{""area_fraction"":0.051465,""erased"":true,""height"":0.214453,""left"":0.024562,""top"":0.572205,""width"":0.239981}",0.9886049,1.0693929,0.080788016,0.37209544,0.34321681,0.34937534,0.46018305,0.022720098,-0.11696625,-0.13968635,0.96600311,1.1622251,111.53612,129.63008,False,0.99617934,False,True,False,0.96600311,1.1622251,111.53612,129.63008,0.96539893,1.1661868,108.97182,127.0815,0.98278157,1.0756605,23.779126,25.578267,0.97869536,1.1494012,24.981072,28.713274,0.96905511,1.1606796,44.279641,51.394477,0.97275503,1.1717743,56.867875,66.636313,0.9623669,1.1834365,56.428848,66.779958,0.95527424,1.1478411,53.590556,61.513442
experiment_0a_best,file,16,,6513,112.Great_Grey_Shrike/Great_Grey_Shrike_0032_797021.jpg,112,111,112.Great_Grey_Shrike,111,110,identity,identity,0,{},0.097773388,0.097773388,0,0.90685439,0.90685439,0.088907041,0.088907041,0.81794735,0.81794735,0,1,1,18.868619,18.868619,False,1,True,True,True,1,1,18.868619,18.868619,1,1,18.476782,18.476782,1,1,3.8253527,3.8253527,1,1,5.8226921,5.8226921,1,1,8.5467409,8.5467409,1,1,9.6209062,9.6209062,1,1,8.6018124,8.6018124,1,1,8.2394139,8.2394139
experiment_0a_best,file,16,,6513,112.Great_Grey_Shrike/Great_Grey_Shrike_0032_797021.jpg,112,111,112.Great_Grey_Shrike,111,110,horizontal_flip,horizontal_flip,0,"{""flipped"":true}",0.097773388,0.018993646,-0.078779742,0.90685439,0.98118562,0.088907041,0.01800748,0.81794735,0.96317814,0.14523079,0.66145475,0.22126181,18.868619,4.1749048,False,0.97859359,True,True,True,0.66145475,0.22126181,18.868619,4.1749048,0.64717199,0.22076224,18.476782,4.0789758,0.97855813,0.23261224,3.8253527,0.88982385,0.45430133,0.25991211,5.8226921,1.5133882,0.59102031,0.21162995,8.5467409,1.8087463,0.69398125,0.2186532,9.6209062,2.1036419,0.63957398,0.21185895,8.6018124,1.8223709,0.76913363,0.22146862,8.2394139,1.8247716
experiment_0a_best,file,16,,6513,112.Great_Grey_Shrike/Great_Grey_Shrike_0032_797021.jpg,112,111,112.Great_Grey_Shrike,111,110,color_jitter,color_jitter,0,"{""brightness"":0.904001,""contrast"":1.154224,""hue"":0.068964,""saturation"":1.154194}",0.097773388,0.33816907,0.24039568,0.90685439,0.71307468,0.088907041,0.27991638,0.81794735,0.43315831,-0.38478904,0.83146403,2.8836459,18.868619,54.410417,False,0.96695578,True,True,True,0.83146403,2.8836459,18.868619,54.410417,0.82540081,2.8772806,18.476782,53.162887,0.96690275,3.0283513,3.8253527,11.584512,0.81115684,2.7019554,5.8226921,15.732654,0.80156439,2.6017665,8.5467409,22.236624,0.81991483,2.8541266,9.6209062,27.459284,0.83025527,3.043459,8.6018124,26.179263,0.86289301,3.082224,8.2394139,25.395719
experiment_0a_best,file,16,,6513,112.Great_Grey_Shrike/Great_Grey_Shrike_0032_797021.jpg,112,111,112.Great_Grey_Shrike,111,110,rotation,rotation,0,"{""angle"":2.637367}",0.097773388,0.048321575,-0.049451813,0.90685439,0.95282733,0.088907041,0.041195285,0.81794735,0.91163205,0.093684699,0.86633778,0.46144491,18.868619,8.7068284,False,0.97959638,True,True,True,0.86633778,0.46144491,18.868619,8.7068284,0.86131111,0.46028352,18.476782,8.5045582,0.97839629,0.48775577,3.8253527,1.8658379,0.85378329,0.46511925,5.8226921,2.7082462,0.85527548,0.44704712,8.5467409,3.8207959,0.85244074,0.45427983,9.6209062,4.3705836,0.85366931,0.46138213,8.6018124,3.9687225,0.89168455,0.47846763,8.2394139,3.9422928
experiment_0a_best,file,16,,6513,112.Great_Grey_Shrike/Great_Grey_Shrike_0032_797021.jpg,112,111,112.Great_Grey_Shrike,111,110,random_resized_crop,random_resized_crop,0,"{""area_fraction"":0.82201,""aspect"":0.823506,""fallback"":false,""height"":0.999091,""left"":0.17436,""top"":0.000524,""width"":0.822758}",0.097773388,0.043147095,-0.054626293,0.90685439,0.95777053,0.088907041,0.037258077,0.81794735,0.92051245,0.1025651,0.8479677,0.43321227,18.868619,8.1741175,False,0.97962904,True,True,True,0.8479677,0.43321227,18.868619,8.1741175,0.84221935,0.43269828,18.476782,7.9948719,0.97867866,0.44503506,3.8253527,1.7024161,0.82107237,0.48118692,5.8226921,2.8018033,0.82426089,0.41928118,8.5467409,3.5834876,0.85601591,0.44010604,9.6209062,4.2342189,0.82693924,0.41577908,8.6018124,3.5764536,0.87378514,0.42921792,8.2394139,3.5365041
experiment_0a_best,file,16,,6513,112.Great_Grey_Shrike/Great_Grey_Shrike_0032_797021.jpg,112,111,112.Great_Grey_Shrike,111,110,gaussian_blur,gaussian_blur,0,"{""sigma"":1.207273}",0.097773388,0.025037015,-0.072736373,0.90685439,0.97527379,0.088907041,0.0097349985,0.81794735,0.96553879,0.14759144,0.45357508,0.26137209,18.868619,4.9317305,False,0.92917407,True,True,True,0.45357508,0.26137209,18.868619,4.9317305,0.44148548,0.26381382,18.476782,4.8744306,0.85286098,0.19595436,3.8253527,0.74959456,0.13194149,0.47034744,5.8226921,2.7386883,0.57398726,0.25158923,8.5467409,2.150268,0.51761689,0.24150357,9.6209062,2.3234832,0.47535253,0.21522381,8.6018124,1.8513148,0.57693488,0.20345201,8.2394139,1.6763253
experiment_0a_best,file,16,,6513,112.Great_Grey_Shrike/Great_Grey_Shrike_0032_797021.jpg,112,111,112.Great_Grey_Shrike,111,110,random_erasing,random_erasing,0,"{""area_fraction"":0.195374,""erased"":true,""height"":0.27382,""left"":0.185632,""top"":0.079105,""width"":0.713511}",0.097773388,6.2231197,6.1253463,0.90685439,0.0019830491,0.088907041,0.0078714779,0.81794735,-0.0058884288,-0.82383578,0.29788474,7.2949847,18.868619,137.64629,False,0.63641578,False,True,False,0.29788474,7.2949847,18.868619,137.64629,0.29115062,7.2851271,18.476782,134.60571,0.45020202,7.5212941,3.8253527,28.771603,0.5598435,5.8965675,5.8226921,34.333897,0.1378272,6.0288108,8.5467409,51.526684,0.38823962,7.1661488,9.6209062,68.944846,0.21931161,7.5593816,8.6018124,65.024382,0.28549658,8.838479,8.2394139,72.823886
experiment_0a_best,file,16,,7430,127.Savannah_Sparrow/Savannah_Sparrow_0118_118603.jpg,127,126,127.Savannah_Sparrow,128,127,identity,identity,0,{},0.32657036,0.32657036,0,0.72139359,0.72139359,0.12308109,0.12308109,0.5983125,0.5983125,0,1,1,36.446748,36.446748,False,1,True,True,True,1,1,36.446748,36.446748,1,1,35.679345,35.679345,1,1,7.4397449,7.4397449,1,1,9.6752917,9.6752917,1,1,17.122684,17.122684,1,1,17.168895,17.168895,1,1,16.374819,16.374819,1,1,17.980891,17.980891
experiment_0a_best,file,16,,7430,127.Savannah_Sparrow/Savannah_Sparrow_0118_118603.jpg,127,126,127.Savannah_Sparrow,128,127,horizontal_flip,horizontal_flip,0,"{""flipped"":true}",0.32657036,0.11180484,-0.21476552,0.72139359,0.89421874,0.12308109,0.057482969,0.5983125,0.83673577,0.23842328,0.63427079,0.42355587,36.446748,15.437234,False,0.96242124,True,True,True,0.63427079,0.42355587,36.446748,15.437234,0.61963479,0.42279731,35.679345,15.085131,0.95777744,0.44064204,7.4397449,3.2782644,0.53833485,0.37586301,9.6752917,3.6365842,0.70280899,0.44426631,17.122684,7.6070319,0.56946066,0.45013216,17.168895,7.7282719,0.54194853,0.40736403,16.374819,6.6705122,0.6791149,0.40199616,17.980891,7.2282489
experiment_0a_best,file,16,,7430,127.Savannah_Sparrow/Savannah_Sparrow_0118_118603.jpg,127,126,127.Savannah_Sparrow,128,127,color_jitter,color_jitter,0,"{""brightness"":1.083011,""contrast"":0.863319,""hue"":0.06326,""saturation"":0.699374}",0.32657036,0.92277372,0.59620336,0.72139359,0.39741519,0.12308109,0.11040483,0.5983125,0.28701036,-0.31130213,0.6335283,2.4513286,36.446748,89.342957,False,0.9191848,True,True,True,0.6335283,2.4513286,36.446748,89.342957,0.62503179,2.4692514,35.679345,88.101274,0.88933359,1.9951629,7.4397449,14.843503,0.68857923,2.0691269,9.6752917,20.019406,0.5937069,2.2859522,17.122684,39.141638,0.51039375,2.9007085,17.168895,49.80196,0.65224647,2.5663598,16.374819,42.023677,0.76633771,2.2125703,17.980891,39.783983
experiment_0a_best,file,16,,7430,127.Savannah_Sparrow/Savannah_Sparrow_0118_118603.jpg,127,126,127.Savannah_Sparrow,128,127,rotation,rotation,0,"{""angle"":10.661615}",0.32657036,0.15014343,-0.17642693,0.72139359,0.86058456,0.12308109,0.038273193,0.5983125,0.82231136,0.22399887,0.64297432,0.49304624,36.446748,17.969932,False,0.96006083,True,True,True,0.64297432,0.49304624,36.446748,17.969932,0.62898398,0.48931634,35.679345,17.458487,0.92565277,0.57216009,7.4397449,4.2567251,0.21684139,0.33994681,9.6752917,3.2890845,0.72769433,0.47296188,17.122684,8.098377,0.59347466,0.44180113,17.168895,7.5852372,0.58223184,0.52765391,16.374819,8.6402372,0.70494211,0.54549797,17.980891,9.8085393
experiment_0a_best,file,16,,7430,127.Savannah_Sparrow/Savannah_Sparrow_0118_118603.jpg,127,126,127.Savannah_Sparrow,128,127,random_resized_crop,random_resized_crop,0,"{""area_fraction"":0.511333,""aspect"":1.228866,""fallback"":false,""height"":0.645059,""left"":0.14723,""top"":0.174031,""width"":0.792691}",0.32657036,3.2035453,2.876975,0.72139359,0.040617943,0.12308109,0.015735354,0.5983125,0.024882589,-0.57342991,0.40991575,3.9077006,36.446748,142.42298,False,0.74793041,False,True,False,0.40991575,3.9077006,36.446748,142.42298,0.40071192,3.9193645,35.679345,139.84036,0.63969668,3.6291049,7.4397449,26.999615,0.24673916,4.4209963,9.6752917,42.774429,0.35866801,3.5206672,17.122684,60.283274,0.43432699,4.489303,17.168895,77.076373,0.43764877,4.0792946,16.374819,66.797709,0.43359786,3.3778258,17.980891,60.736316
experiment_0a_best,file,16,,7430,127.Savannah_Sparrow/Savannah_Sparrow_0118_118603.jpg,127,126,127.Savannah_Sparrow,128,127,gaussian_blur,gaussian_blur,0,"{""sigma"":1.710812}",0.32657036,4.0501881,3.7236177,0.72139359,0.017419094,0.12308109,0.30329844,0.5983125,-0.28587935,-0.88419185,0.3935187,6.0599607,36.446748,220.86586,False,0.7811085,False,True,False,0.3935187,6.0599607,36.446748,220.86586,0.38329858,6.1247395,35.679345,218.52669,0.75142913,4.3092243,7.4397449,32.05953,0.47092869,5.1684913,9.6752917,50.006661,0.29125656,5.7209214,17.122684,97.957532,0.33301506,8.0176769,17.168895,137.65465,0.45143507,6.0803635,16.374819,99.56485,0.5053917,4.5846161,17.980891,82.43548
experiment_0a_best,file,16,,7430,127.Savannah_Sparrow/Savannah_Sparrow_0118_118603.jpg,127,126,127.Savannah_Sparrow,128,127,random_erasing,random_erasing,0,"{""area_fraction"":0.129831,""erased"":true,""height"":0.634093,""left"":0.620787,""top"":0.22975,""width"":0.204751}",0.32657036,0.23155023,-0.09502013,0.72139359,0.79330283,0.12308109,0.088096619,0.5983125,0.70520622,0.10689372,0.91205488,0.7757207,36.446748,28.272497,False,0.97443187,True,True,True,0.91205488,0.7757207,36.446748,28.272497,0.90934754,0.77539242,35.679345,27.665494,0.97374322,0.78323292,7.4397449,5.8270531,0.89298923,0.69662961,9.6752917,6.7400946,0.92526366,0.73115932,17.122684,12.51941,0.91354315,0.79998202,17.168895,13.734807,0.89315684,0.80884871,16.374819,13.244751,0.91388454,0.78482951,17.980891,14.111933
experiment_0a_best,file,16,,1772,032.Mangrove_Cuckoo/Mangrove_Cuckoo_0015_26380.jpg,32,31,032.Mangrove_Cuckoo,33,32,identity,identity,0,{},5.9201145,5.9201145,0,0.0026848924,0.0026848924,0.92906904,0.92906904,-0.92638415,-0.92638415,0,1,1,204.45895,204.45895,False,1,True,False,False,1,1,204.45895,204.45895,1,1,199.01885,199.01885,1,1,46.850382,46.850382,1,1,34.221211,34.221211,1,1,72.342978,72.342978,1,1,121.11789,121.11789,1,1,104.93877,104.93877,1,1,86.730718,86.730718
experiment_0a_best,file,16,,1772,032.Mangrove_Cuckoo/Mangrove_Cuckoo_0015_26380.jpg,32,31,032.Mangrove_Cuckoo,33,32,horizontal_flip,horizontal_flip,0,"{""flipped"":true}",5.9201145,4.141181,-1.7789335,0.0026848924,0.015904061,0.92906904,0.97734308,-0.92638415,-0.96143902,-0.035054871,0.72676673,1.1842139,204.45895,242.12312,False,0.94335091,True,False,False,0.72676673,1.1842139,204.45895,242.12312,0.71566338,1.1881574,199.01885,236.46572,0.94268438,1.1106491,46.850382,52.034332,0.54936102,1.3565067,34.221211,46.421303,0.67199155,1.2773703,72.342978,92.408768,0.76516195,1.2020063,121.11789,145.58446,0.69045981,1.120142,104.93877,117.54632,0.71956233,1.165023,86.730718,101.04328
experiment_0a_best,file,16,,1772,032.Mangrove_Cuckoo/Mangrove_Cuckoo_0015_26380.jpg,32,31,032.Mangrove_Cuckoo,33,32,color_jitter,color_jitter,0,"{""brightness"":0.787935,""contrast"":0.633835,""hue"":0.075012,""saturation"":0.861509}",5.9201145,1.6407704,-4.2793441,0.0026848924,0.19383065,0.92906904,0.41576806,-0.92638415,-0.2219374,0.70444675,0.60005574,1.0009057,204.45895,204.64412,False,0.86018956,True,False,False,0.60005574,1.0009057,204.45895,204.64412,0.5952352,1.0180525,199.01885,202.61163,0.81989114,0.61409258,46.850382,28.770472,0.4857892,1.3917035,34.221211,47.625779,0.64054756,1.5506066,72.342978,112.1755,0.68893427,0.95655308,121.11789,115.85569,0.57381546,0.8315316,104.93877,87.259901,0.49590319,0.82847952,86.730718,71.854624
experiment_0a_best,file,16,,1772,032.Mangrove_Cuckoo/Mangrove_Cuckoo_0015_26380.jpg,32,31,032.Mangrove_Cuckoo,33,32,rotation,rotation,0,"{""angle"":12.145537}",5.9201145,5.0665913,-0.85352325,0.0026848924,0.0063038706,0.92906904,0.8312825,-0.92638415,-0.82497863,0.10140552,0.72438575,0.8260625,204.45895,168.89587,False,0.95619595,True,False,False,0.72438575,0.8260625,204.45895,168.89587,0.71044813,0.82042831,199.01885,163.2807,0.95286128,0.92183418,46.850382,43.188283,0.58113375,0.89459843,34.221211,30.614242,0.64845361,0.92380723,72.342978,66.830966,0.71874834,0.74782867,121.11789,90.575429,0.73484867,0.8047242,104.93877,84.446766,0.74103259,0.8872671,86.730718,76.953313
experiment_0a_best,file,16,,1772,032.Mangrove_Cuckoo/Mangrove_Cuckoo_0015_26380.jpg,32,31,032.Mangrove_Cuckoo,33,32,random_resized_crop,random_resized_crop,0,"{""area_fraction"":0.822768,""aspect"":0.891508,""fallback"":false,""height"":0.960674,""left"":0.085782,""top"":0.026364,""width"":0.856448}",5.9201145,4.3830557,-1.5370588,0.0026848924,0.012487145,0.92906904,0.91084832,-0.92638415,-0.89836117,0.028022975,0.77058783,1.1243259,204.45895,229.87849,False,0.9709062,True,False,False,0.77058783,1.1243259,204.45895,229.87849,0.76085631,1.1301736,199.01885,224.92584,0.97090364,1.0130199,46.850382,47.460367,0.49315114,1.271855,34.221211,43.52442,0.66520703,1.2582679,72.342978,91.026847,0.78657033,1.1002884,121.11789,133.26461,0.78373231,1.1099153,104.93877,116.47314,0.80671959,1.0990352,86.730718,95.320113
experiment_0a_best,file,16,,1772,032.Mangrove_Cuckoo/Mangrove_Cuckoo_0015_26380.jpg,32,31,032.Mangrove_Cuckoo,33,32,gaussian_blur,gaussian_blur,0,"{""sigma"":1.062001}",5.9201145,4.2642841,-1.6558304,0.0026848924,0.01406193,0.92906904,0.73478687,-0.92638415,-0.72072494,0.20565921,0.63484301,1.1750274,204.45895,240.24487,False,0.90329856,True,False,False,0.63484301,1.1750274,204.45895,240.24487,0.62635056,1.1913111,199.01885,237.09336,0.89625827,0.8278648,46.850382,38.785782,0.56242136,1.3222963,34.221211,45.250581,0.55447499,1.3137632,72.342978,95.041542,0.64599932,1.2029396,121.11789,145.6975,0.651406,1.175597,104.93877,123.3657,0.62340416,1.074569,86.730718,93.198144
experiment_0a_best,file,16,,1772,032.Mangrove_Cuckoo/Mangrove_Cuckoo_0015_26380.jpg,32,31,032.Mangrove_Cuckoo,33,32,random_erasing,random_erasing,0,"{""area_fraction"":0.106075,""erased"":true,""height"":0.423582,""left"":0.498486,""top"":0.081936,""width"":0.250425}",5.9201145,5.6189876,-0.30112696,0.0026848924,0.0036283126,0.92906904,0.85867006,-0.92638415,-0.85504174,0.071342407,0.79039662,0.86149812,204.45895,176.141,False,0.94656467,True,False,False,0.79039662,0.86149812,204.45895,176.141,0.7811806,0.85661606,199.01885,170.48274,0.94471868,0.94527309,46.850382,44.286405,0.7804758,0.86559675,34.221211,29.621769,0.74603898,0.82726889,72.342978,59.847095,0.80286151,0.79378331,121.11789,96.141357,0.78063284,0.87594392,104.93877,91.920476,0.77726414,0.95863029,86.730718,83.142693
experiment_0a_best,file,16,,5158,089.Hooded_Merganser/Hooded_Merganser_0089_796740.jpg,89,88,089.Hooded_Merganser,90,89,identity,identity,0,{},0.000334207,0.000334207,0,0.99966586,0.99966586,3.8586444e-05,3.8586444e-05,0.99962727,0.99962727,0,1,1,0.04583744,0.04583744,False,0.99999994,True,True,True,1,1,0.04583744,0.04583744,1,1,0.044629518,0.044629518,1,1,0.010453565,0.010453565,1,1,0.0074252406,0.0074252406,1,1,0.01687109,0.01687109,1,1,0.020875954,0.020875954,1,1,0.021306183,0.021306183,1,1,0.027609186,0.027609186
experiment_0a_best,file,16,,5158,089.Hooded_Merganser/Hooded_Merganser_0089_796740.jpg,89,88,089.Hooded_Merganser,90,89,horizontal_flip,horizontal_flip,0,"{""flipped"":true}",0.000334207,0.00027402461,-6.0182385e-05,0.99966586,0.999726,3.8586444e-05,2.0441403e-05,0.99962727,0.99970556,7.8286128e-05,0.70551428,0.8682528,0.04583744,0.039798486,False,0.982638,True,True,True,0.70551428,0.8682528,0.04583744,0.039798486,0.69116554,0.8697166,0.044629518,0.038815033,0.9763132,0.84112586,0.010453565,0.0087927639,0.63992735,0.86517255,0.0074252406,0.0064241143,0.74337886,0.9913142,0.01687109,0.016724552,0.66507314,0.8917112,0.020875954,0.018615322,0.58808204,0.86235714,0.021306183,0.018373539,0.75749612,0.81112185,0.027609186,0.022394414
experiment_0a_best,file,16,,5158,089.Hooded_Merganser/Hooded_Merganser_0089_796740.jpg,89,88,089.Hooded_Merganser,90,89,color_jitter,color_jitter,0,"{""brightness"":1.075267,""contrast"":1.075833,""hue"":-0.013664,""saturation"":1.199768}",0.000334207,0.00061219069,0.00027798369,0.99966586,0.99938798,3.8586444e-05,8.8535788e-05,0.99962727,0.99929944,-0.0003278262,0.9244141,1.7879772,0.04583744,0.081956296,False,0.99514663,True,True,True,0.9244141,1.7879772,0.04583744,0.081956296,0.92060548,1.7886509,0.044629518,0.079826628,0.99436532,1.7756521,0.010453565,0.018561895,0.88353722,1.8794408,0.0074252406,0.0139553,0.8919904,1.7337864,0.01687109,0.029250867,0.91296532,1.7684177,0.020875954,0.036917405,0.90752807,1.8232081,0.021306183,0.038845605,0.94636315,1.7928088,0.027609186,0.049497991
experiment_0a_best,file,16,,5158,089.Hooded_Merganser/Hooded_Merganser_0089_796740.jpg,89,88,089.Hooded_Merganser,90,89,rotation,rotation,0,"{""angle"":8.195938}",0.000334207,0.00054666359,0.00021245659,0.99966586,0.99945349,3.8586444e-05,3.5716086e-05,0.99962727,0.99941777,-0.00020950099,0.72637471,1.6426256,0.04583744,0.075293755,False,0.98252881,True,True,True,0.72637471,1.6426256,0.04583744,0.075293755,0.71304656,1.6455179,0.044629518,0.073438672,0.9783716,1.5889859,0.010453565,0.016610567,0.43942212,1.4583936,0.0074252406,0.010828923,0.66474645,1.6024243,0.01687109,0.027034646,0.68188612,1.638868,0.020875954,0.034212933,0.64966777,1.7451881,0.021306183,0.037183296,0.80892907,1.6165485,0.027609186,0.044631588
experiment_0a_best,file,16,,5158,089.Hooded_Merganser/Hooded_Merganser_0089_796740.jpg,89,88,089.Hooded_Merganser,90,89,random_resized_crop,random_resized_crop,0,"{""area_fraction"":0.770013,""aspect"":0.941542,""fallback"":false,""height"":0.904335,""left"":0.038871,""top"":0.085664,""width"":0.851469}",0.000334207,0.0002124084,-0.0001217986,0.99966586,0.99978763,3.8586444e-05,2.5024596e-05,0.99962727,0.9997626,0.00013533414,0.75200404,0.67325679,0.04583744,0.030860368,False,0.97444165,True,True,True,0.75200404,0.67325679,0.04583744,0.030860368,0.73982507,0.67282956,0.044629518,0.030028059,0.97137976,0.68099692,0.010453565,0.0071188456,0.43933061,0.65373175,0.0074252406,0.0048541155,0.68630262,0.64720545,0.01687109,0.010919062,0.72694649,0.6581636,0.020875954,0.013739793,0.70767848,0.70396613,0.021306183,0.014998831,0.80818687,0.67289887,0.027609186,0.01857819
experiment_0a_best,file,16,,5158,089.Hooded_Merganser/Hooded_Merganser_0089_796740.jpg,89,88,089.Hooded_Merganser,90,89,gaussian_blur,gaussian_blur,0,"{""sigma"":1.866488}",0.000334207,0.0059619686,0.0056277616,0.99966586,0.99405575,3.8586444e-05,6.8743953e-05,0.99962727,0.993987,-0.0056402659,0.43689671,24.444512,0.04583744,1.1204739,False,0.90295279,True,True,True,0.43689671,24.444512,0.04583744,1.1204739,0.41999187,24.74864,0.044629518,1.1045199,0.88127667,18.02332,0.010453565,0.18840795,0.15085122,27.12232,0.0074252406,0.20138975,0.21310921,28.223947,0.01687109,0.47616876,0.37175616,29.944867,0.020875954,0.62512766,0.45849182,26.468243,0.021306183,0.56393723,0.61648486,17.886136,0.027609186,0.49382165
experiment_0a_best,file,16,,5158,089.Hooded_Merganser/Hooded_Merganser_0089_796740.jpg,89,88,089.Hooded_Merganser,90,89,random_erasing,random_erasing,0,"{""area_fraction"":0.150899,""erased"":true,""height"":0.503793,""left"":0.589024,""top"":0.346008,""width"":0.299526}",0.000334207,0.00081625039,0.0004820434,0.99966586,0.99918407,3.8586444e-05,5.5479628e-05,0.99962727,0.99912859,-0.00049867753,0.87376056,2.3959395,0.04583744,0.10982373,False,0.9841544,True,True,True,0.87376056,2.3959395,0.04583744,0.10982373,0.86858671,2.4059809,0.044629518,0.10737777,0.97983372,2.2049154,0.010453565,0.023049227,0.95237532,2.87727,0.0074252406,0.021364422,0.92854079,2.6498931,0.01687109,0.044706585,0.8646469,2.4988311,0.020875954,0.052165483,0.82651123,2.3881563,0.021306183,0.050882494,0.86977061,2.2223168,0.027609186,0.061356357
experiment_0a_best,file,16,,10638,181.Worm_eating_Warbler/Worm_Eating_Warbler_0006_176037.jpg,181,180,181.Worm_eating_Warbler,195,194,identity,identity,0,{},0.017178668,0.017178668,0,0.98296803,0.98296803,0.011085019,0.011085019,0.97188301,0.97188301,0,1,1,3.5610304,3.5610304,False,1,True,True,True,1,1,3.5610304,3.5610304,1,1,3.5079355,3.5079355,1,1,0.61263889,0.61263889,1,1,0.67410527,0.67410527,1,1,1.8265344,1.8265344,1,1,2.0513341,2.0513341,1,1,1.5182981,1.5182981,1,1,1.4148374,1.4148374
experiment_0a_best,file,16,,10638,181.Worm_eating_Warbler/Worm_Eating_Warbler_0006_176037.jpg,181,180,181.Worm_eating_Warbler,195,194,horizontal_flip,horizontal_flip,0,"{""flipped"":true}",0.017178668,0.008430724,-0.0087479437,0.98296803,0.99160469,0.011085019,0.0037314785,0.97188301,0.98787321,0.015990193,0.81015483,0.47218123,3.5610304,1.6814517,False,0.97348601,True,True,True,0.81015483,0.47218123,3.5610304,1.6814517,0.80592064,0.47293655,3.5079355,1.6590309,0.9584111,0.44671003,0.61263889,0.27367193,0.76983923,0.5144872,0.67410527,0.34681853,0.82849908,0.50465471,1.8265344,0.92176919,0.84452316,0.44552616,2.0513341,0.91392301,0.75113022,0.46396072,1.5182981,0.70443066,0.76701654,0.47464018,1.4148374,0.67153869
experiment_0a_best,file,16,,10638,181.Worm_eating_Warbler/Worm_Eating_Warbler_0006_176037.jpg,181,180,181.Worm_eating_Warbler,195,194,color_jitter,color_jitter,0,"{""brightness"":1.015284,""contrast"":0.716122,""hue"":0.062165,""saturation"":0.914203}",0.017178668,0.0018403275,-0.01533834,0.98296803,0.99816138,0.011085019,5.944115e-05,0.97188301,0.99810193,0.026218921,0.30302784,0.083593653,3.5610304,0.29767954,False,0.93385321,True,True,True,0.30302784,0.083593653,3.5610304,0.29767954,0.28651307,0.083166563,3.5079355,0.29174294,0.77267137,0.096555681,0.61263889,0.059153765,0.33494976,0.065854601,0.67410527,0.044392934,-0.069143118,0.084064614,1.8265344,0.15354691,0.293561,0.069238686,2.0513341,0.14203168,0.45901651,0.090605969,1.5182981,0.13756687,0.59868617,0.10112089,1.4148374,0.14306962
experiment_0a_best,file,16,,10638,181.Worm_eating_Warbler/Worm_Eating_Warbler_0006_176037.jpg,181,180,181.Worm_eating_Warbler,195,194,rotation,rotation,0,"{""angle"":4.131689}",0.017178668,0.0017741668,-0.015404501,0.98296803,0.99822742,0.011085019,0.00057794125,0.97188301,0.99764948,0.025766462,0.74346145,0.087885398,3.5610304,0.31296258,False,0.95932317,True,True,True,0.74346145,0.087885398,3.5610304,0.31296258,0.73780115,0.087492726,3.5079355,0.30691884,0.91231375,0.099908521,0.61263889,0.061207845,0.71316247,0.073413964,0.67410527,0.04948874,0.73525887,0.086219462,1.8265344,0.15748281,0.75260808,0.081549817,2.0513341,0.16728592,0.69899356,0.092020319,1.5182981,0.13971427,0.77311037,0.098558107,1.4148374,0.1394437
experiment_0a_best,file,16,,10638,181.Worm_eating_Warbler/Worm_Eating_Warbler_0006_176037.jpg,181,180,181.Worm_eating_Warbler,195,194,random_resized_crop,random_resized_crop,0,"{""area_fraction"":0.663564,""aspect"":0.963299,""fallback"":false,""height"":0.829967,""left"":0.126786,""top"":0.045853,""width"":0.799507}",0.017178668,0.0036941399,-0.013484528,0.98296803,0.99631268,0.011085019,0.0010136617,0.97188301,0.99529902,0.023416002,0.69859836,0.18077359,3.5610304,0.64374026,False,0.94831681,True,True,True,0.69859836,0.18077359,3.5610304,0.64374026,0.69271548,0.17982596,3.5079355,0.63081786,0.87204497,0.2094821,0.61263889,0.12833688,0.59790079,0.16149442,0.67410527,0.10886424,0.68496931,0.17296895,1.8265344,0.31593373,0.74230348,0.17675338,2.0513341,0.36258024,0.63376932,0.18375293,1.5182981,0.27899171,0.69596442,0.19608284,1.4148374,0.27742534
experiment_0a_best,file,16,,10638,181.Worm_eating_Warbler/Worm_Eating_Warbler_0006_176037.jpg,181,180,181.Worm_eating_Warbler,195,194,gaussian_blur,gaussian_blur,0,"{""sigma"":1.193176}",0.017178668,0.0072127902,-0.0099658775,0.98296803,0.99281317,0.011085019,0.0010670813,0.97188301,0.99174609,0.019863075,0.24719053,0.35981649,3.5610304,1.2813175,False,0.88073057,True,True,True,0.24719053,0.35981649,3.5610304,1.2813175,0.2309631,0.35962292,3.5079355,1.261534,0.76984644,0.36610631,0.61263889,0.22429096,0.25177125,0.41473782,0.67410527,0.27957695,0.01341864,0.31412326,1.8265344,0.57375693,0.17131866,0.35686961,2.0513341,0.7320588,0.34595019,0.38063373,1.5182981,0.57791545,0.50406582,0.39619083,1.4148374,0.56054562
experiment_0a_best,file,16,,10638,181.Worm_eating_Warbler/Worm_Eating_Warbler_0006_176037.jpg,181,180,181.Worm_eating_Warbler,195,194,random_erasing,random_erasing,0,"{""area_fraction"":0.142728,""erased"":true,""height"":0.472785,""left"":0.172353,""top"":0.03404,""width"":0.301889}",0.017178668,0.020926051,0.0037473831,0.98296803,0.97929138,0.011085019,0.013635673,0.97188301,0.96565571,-0.006227307,0.924692,1.2151748,3.5610304,4.3272746,False,0.98514968,True,True,True,0.924692,1.2151748,3.5610304,4.3272746,0.92279719,1.2133322,3.5079355,4.256291,0.9849229,1.2741135,0.61263889,0.78057145,0.93522292,1.2502221,0.67410527,0.84278131,0.95480057,1.1402996,1.8265344,2.0827964,0.93912471,1.2211634,2.0513341,2.5050142,0.88205881,1.2550429,1.5182981,1.9055292,0.8890932,1.2567352,1.4148374,1.778076
experiment_0a_best,file,16,,2832,050.Eared_Grebe/Eared_Grebe_0068_34052.jpg,50,49,050.Eared_Grebe,51,50,identity,identity,0,{},0.23456867,0.23456867,0,0.79091191,0.79091191,0.11120364,0.11120364,0.67970827,0.67970827,0,1,1,31.065287,31.065287,False,1.0000001,True,True,True,1,1,31.065287,31.065287,1,1,30.532352,30.532352,1,1,5.7295357,5.7295357,1,1,6.698958,6.698958,1,1,14.13546,14.13546,1,1,16.946327,16.946327,1,1,14.739897,14.739897,1,1,13.531248,13.531248
experiment_0a_best,file,16,,2832,050.Eared_Grebe/Eared_Grebe_0068_34052.jpg,50,49,050.Eared_Grebe,51,50,horizontal_flip,horizontal_flip,0,"{""flipped"":true}",0.23456867,0.19364786,-0.040920809,0.79091191,0.82394803,0.11120364,0.030539731,0.67970827,0.7934083,0.11370002,0.58718099,0.64298784,31.065287,19.974602,False,0.95779878,True,True,True,0.58718099,0.64298784,31.065287,19.974602,0.57507883,0.64116713,30.532352,19.57634,0.90697826,0.69269711,5.7295357,3.9688328,0.60591268,0.66607183,6.698958,4.4619872,0.49289836,0.60340094,14.13546,8.5293501,0.59115431,0.59037497,16.946327,10.004687,0.58061825,0.63658559,14.739897,9.3832062,0.62550767,0.74797602,13.531248,10.121049
experiment_0a_best,file,16,,2832,050.Eared_Grebe/Eared_Grebe_0068_34052.jpg,50,49,050.Eared_Grebe,51,50,color_jitter,color_jitter,0,"{""brightness"":1.036719,""contrast"":1.174383,""hue"":0.036896,""saturation"":1.120726}",0.23456867,0.12227575,-0.11229292,0.79091191,0.88490433,0.11120364,0.017239869,0.67970827,0.86766446,0.18795618,0.73828133,0.43296675,31.065287,13.450237,False,0.97841287,True,True,True,0.73828133,0.43296675,31.065287,13.450237,0.7312035,0.43072762,30.532352,13.151127,0.92047621,0.49232018,5.7295357,2.8207661,0.68230645,0.37820088,6.698958,2.5335518,0.68779992,0.36871943,14.13546,5.2120189,0.74597892,0.40257331,16.946327,6.8221388,0.71674117,0.43533902,14.739897,6.4168525,0.79504388,0.53112851,13.531248,7.1868313
experiment_0a_best,file,16,,2832,050.Eared_Grebe/Eared_Grebe_0068_34052.jpg,50,49,050.Eared_Grebe,51,50,rotation,rotation,0,"{""angle"":9.881167}",0.23456867,0.09565834,-0.13891033,0.79091191,0.90877444,0.11120364,0.017545989,0.67970827,0.89122845,0.21152017,0.61244628,0.38234804,31.065287,11.877752,False,0.9306075,True,True,True,0.61244628,0.38234804,31.065287,11.877752,0.60254119,0.38209063,30.532352,11.666126,0.8884265,0.38958677,5.7295357,2.2321513,0.63586613,0.38375888,6.698958,2.5707846,0.53627307,0.33932246,14.13546,4.7964792,0.62645616,0.35912349,16.946327,6.085824,0.5859988,0.40139809,14.739897,5.9165666,0.64978423,0.43370635,13.531248,5.868588
experiment_0a_best,file,16,,2832,050.Eared_Grebe/Eared_Grebe_0068_34052.jpg,50,49,050.Eared_Grebe,51,50,random_resized_crop,random_resized_crop,0,"{""area_fraction"":0.64808,""aspect"":0.910228,""fallback"":false,""height"":0.8438,""left"":0.125355,""top"":0.117947,""width"":0.76805}",0.23456867,0.30006656,0.06549789,0.79091191,0.74076891,0.11120364,0.039781485,0.67970827,0.70098742,0.021279152,0.59771719,1.0790805,31.065287,33.521946,False,0.95205092,True,True,True,0.59771719,1.0790805,31.065287,33.521946,0.5874396,1.0799941,30.532352,32.974758,0.897301,1.0528066,5.7295357,6.0320928,0.55205074,1.1571138,6.698958,7.7514564,0.56798208,1.0579363,14.13546,14.954417,0.59749769,1.0909193,16.946327,18.487075,0.56445547,1.0418996,14.739897,15.357494,0.62796958,1.1109825,13.531248,15.03298
experiment_0a_best,file,16,,2832,050.Eared_Grebe/Eared_Grebe_0068_34052.jpg,50,49,050.Eared_Grebe,51,50,gaussian_blur,gaussian_blur,0,"{""sigma"":1.648252}",0.23456867,1.1139135,0.87934487,0.79091191,0.32827175,0.11120364,0.013469043,0.67970827,0.3148027,-0.36490557,0.3629381,3.7645364,31.065287,116.9464,False,0.85883379,True,True,True,0.3629381,3.7645364,31.065287,116.9464,0.35322563,3.7937979,30.532352,115.83357,0.75151214,2.8091071,5.7295357,16.094879,0.13060663,4.635682,6.698958,31.054239,0.19457013,3.8728576,14.13546,54.744625,0.38993557,4.0716793,16.946327,69.000007,0.42777498,3.5196915,14.739897,51.879891,0.47622199,3.3079771,13.531248,44.761057
experiment_0a_best,file,16,,2832,050.Eared_Grebe/Eared_Grebe_0068_34052.jpg,50,49,050.Eared_Grebe,51,50,random_erasing,random_erasing,0,"{""area_fraction"":0.058235,""erased"":true,""height"":0.178584,""left"":0.623857,""top"":0.741301,""width"":0.32609}",0.23456867,0.25223163,0.017662957,0.79091191,0.77706474,0.11120364,0.076685928,0.67970827,0.70037881,0.020670541,0.95627743,0.97021569,31.065287,30.140029,False,0.98483491,True,True,True,0.95627743,0.97021569,31.065287,30.140029,0.9557283,0.96894441,30.532352,29.584152,0.97194011,1.0056464,5.7295357,5.7618871,0.96342823,0.90454986,6.698958,6.0595415,0.95348061,0.93965972,14.13546,13.282523,0.97114547,0.97490976,16.946327,16.521139,0.9545628,0.96696985,14.739897,14.253036,0.93598307,1.0078526,13.531248,13.637503
experiment_0a_best,file,16,,10225,174.Palm_Warbler/Palm_Warbler_0126_170311.jpg,174,173,174.Palm_Warbler,168,167,identity,identity,0,{},1.3296487,1.3296487,0,0.26457018,0.26457018,0.26793396,0.26793396,-0.0033637881,-0.0033637881,0,1,1,146.06291,146.06291,False,0.99999994,True,False,False,1,1,146.06291,146.06291,1,1,143.91057,143.91057,1,1,24.982392,24.982392,1,1,40.179262,40.179262,1,1,68.751931,68.751931,1,1,80.858548,80.858548,1,1,68.638357,68.638357,1,1,55.854476,55.854476
experiment_0a_best,file,16,,10225,174.Palm_Warbler/Palm_Warbler_0126_170311.jpg,174,173,174.Palm_Warbler,168,167,horizontal_flip,horizontal_flip,0,"{""flipped"":true}",1.3296487,2.3731439,1.0434952,0.26457018,0.093187295,0.26793396,0.041637331,-0.0033637881,0.051549964,0.054913752,0.50958626,1.0961697,146.06291,160.10973,False,0.94831324,False,False,False,0.50958626,1.0961697,146.06291,160.10973,0.4972355,1.0913994,143.91057,157.06391,0.87334137,1.2441339,24.982392,31.08144,0.095098767,1.0892355,40.179262,43.764681,0.46901105,1.0851073,68.751931,74.60322,0.52644942,0.99822869,80.858548,80.715323,0.53472755,1.1260762,68.638357,77.292021,0.62513849,1.2272914,55.854476,68.549718
experiment_0a_best,file,16,,10225,174.Palm_Warbler/Palm_Warbler_0126_170311.jpg,174,173,174.Palm_Warbler,168,167,color_jitter,color_jitter,0,"{""brightness"":1.286146,""contrast"":1.076523,""hue"":0.03349,""saturation"":1.188609}",1.3296487,2.1371393,0.80749059,0.26457018,0.1179919,0.26793396,0.29460999,-0.0033637881,-0.17661809,-0.1732543,0.78894838,0.98832088,146.06291,144.35702,False,0.91540217,True,False,False,0.78894838,0.98832088,146.06291,144.35702,0.78547617,0.9831793,143.91057,141.4899,0.89676091,1.1459246,24.982392,28.627937,0.72839646,1.0720287,40.179262,43.073322,0.78085193,0.94762662,68.751931,65.15116,0.81540522,0.9367315,80.858548,75.742749,0.78938836,1.002941,68.638357,68.840225,0.7663239,1.050606,55.854476,58.681045
experiment_0a_best,file,16,,10225,174.Palm_Warbler/Palm_Warbler_0126_170311.jpg,174,173,174.Palm_Warbler,168,167,rotation,rotation,0,"{""angle"":9.913804}",1.3296487,1.1893857,-0.14026308,0.26457018,0.30440822,0.26793396,0.24203251,-0.0033637881,0.062375709,0.065739498,0.76826478,0.81424593,146.06291,118.93113,False,0.97173917,False,False,True,0.76826478,0.81424593,146.06291,118.93113,0.76156761,0.80839363,143.91057,116.33639,0.96502452,0.98899402,24.982392,24.707436,0.80937664,0.85934714,40.179262,34.527934,0.66741056,0.7637623,68.751931,52.510133,0.77929663,0.77400077,80.858548,62.584579,0.78203428,0.81550412,68.638357,55.974863,0.80712682,0.9013654,55.854476,50.345292
experiment_0a_best,file,16,,10225,174.Palm_Warbler/Palm_Warbler_0126_170311.jpg,174,173,174.Palm_Warbler,168,167,random_resized_crop,random_resized_crop,0,"{""area_fraction"":0.851374,""aspect"":0.949617,""fallback"":false,""height"":0.946861,""left"":0.009272,""top"":0.001164,""width"":0.899155}",1.3296487,2.3729336,1.0432849,0.26457018,0.093206905,0.26793396,0.69757634,-0.0033637881,-0.60436944,-0.60100565,0.75483414,1.7460784,146.06291,255.03728,False,0.95605612,True,False,False,0.75483414,1.7460784,146.06291,255.03728,0.7518667,1.7544259,143.91057,252.48043,0.88885673,1.4419312,24.982392,36.022892,0.75929767,1.9500558,40.179262,78.351805,0.803193,1.8376296,68.751931,126.34058,0.74226765,1.7968771,80.858548,145.29287,0.73091009,1.703394,68.638357,116.91816,0.72727944,1.4834721,55.854476,82.858557
experiment_0a_best,file,16,,10225,174.Palm_Warbler/Palm_Warbler_0126_170311.jpg,174,173,174.Palm_Warbler,168,167,gaussian_blur,gaussian_blur,0,"{""sigma"":1.698273}",1.3296487,5.1069331,3.7772844,0.26457018,0.0060546221,0.26793396,0.084356099,-0.0033637881,-0.078301477,-0.074937689,0.42631507,1.5399372,146.06291,224.92771,False,0.83088768,False,False,False,0.42631507,1.5399372,146.06291,224.92771,0.42094735,1.5452357,143.91057,222.37575,0.63352648,1.3523948,24.982392,33.786057,0.22587032,1.4466702,40.179262,58.126141,0.35489969,1.5887542,68.751931,109.22992,0.49538145,1.6539844,80.858548,133.73878,0.41013643,1.4318765,68.638357,98.281649,0.47501694,1.4540391,55.854476,81.214591
experiment_0a_best,file,16,,10225,174.Palm_Warbler/Palm_Warbler_0126_170311.jpg,174,173,174.Palm_Warbler,168,167,random_erasing,random_erasing,0,"{""area_fraction"":0.053966,""erased"":true,""height"":0.273573,""left"":0.696414,""top"":0.0138,""width"":0.197263}",1.3296487,1.5844876,0.25483882,0.26457018,0.20505284,0.26793396,0.38005048,-0.0033637881,-0.17499764,-0.17163385,0.98054209,1.1324109,146.06291,165.40323,False,0.99622738,True,False,False,0.98054209,1.1324109,146.06291,165.40323,0.98023525,1.1320996,143.91057,162.9211,0.99067088,1.1426938,24.982392,28.547225,0.99070401,1.2064103,40.179262,48.472674,0.98436173,1.1368287,68.751931,78.159168,0.98303136,1.1078379,80.858548,89.578165,0.97885136,1.1502301,68.638357,78.949907,0.96626733,1.1076416,55.854476,61.866741
experiment_0a_best,file,16,,460,009.Brewer_Blackbird/Brewer_Blackbird_0018_2261.jpg,9,8,009.Brewer_Blackbird,29,28,identity,identity,0,{},0.48440579,0.48440579,0,0.61606318,0.61606318,0.11877216,0.11877216,0.49729102,0.49729102,0,1,1,44.874176,44.874176,False,1,True,True,True,1,1,44.874176,44.874176,1,1,43.478645,43.478645,1,1,11.104013,11.104013,1,1,13.279826,13.279826,1,1,17.839198,17.839198,1,1,19.632151,19.632151,1,1,20.444024,20.444024,1,1,24.339726,24.339726
experiment_0a_best,file,16,,460,009.Brewer_Blackbird/Brewer_Blackbird_0018_2261.jpg,9,8,009.Brewer_Blackbird,29,28,horizontal_flip,horizontal_flip,0,"{""flipped"":true}",0.48440579,0.14422025,-0.34018554,0.61606318,0.86569709,0.11877216,0.057250697,0.49729102,0.80844639,0.31115537,0.55232339,0.3508771,44.874176,15.745321,False,0.97035325,True,True,True,0.55232339,0.3508771,44.874176,15.745321,0.52391301,0.3491842,43.478645,15.182056,0.9583708,0.37587878,11.104013,4.173763,0.36553812,0.29572603,13.279826,3.9271904,0.31397186,0.32841658,17.839198,5.8586885,0.46552533,0.33980533,19.632151,6.6711095,0.51457457,0.36284593,20.444024,7.4180309,0.70639286,0.37026057,24.339726,9.0120409
experiment_0a_best,file,16,,460,009.Brewer_Blackbird/Brewer_Blackbird_0018_2261.jpg,9,8,009.Brewer_Blackbird,29,28,color_jitter,color_jitter,0,"{""brightness"":0.906213,""contrast"":0.73661,""hue"":0.072153,""saturation"":0.851419}",0.48440579,0.42945015,-0.054955631,0.61606318,0.65086687,0.11877216,0.050917786,0.49729102,0.59994908,0.10265806,0.76267382,0.94231077,44.874176,42.285419,False,0.97285092,True,True,True,0.76267382,0.94231077,44.874176,42.285419,0.7502336,0.94179551,43.478645,40.947992,0.95175026,0.95017558,11.104013,10.550762,0.4199518,0.58500442,13.279826,7.7687571,0.67701456,1.0466348,17.839198,18.671126,0.73861884,0.9499229,19.632151,18.64903,0.79740726,0.98245962,20.444024,20.085428,0.847811,0.9337828,24.339726,22.728018
experiment_0a_best,file,16,,460,009.Brewer_Blackbird/Brewer_Blackbird_0018_2261.jpg,9,8,009.Brewer_Blackbird,29,28,rotation,rotation,0,"{""angle"":-7.595293}",0.48440579,0.09338659,-0.3910192,0.61606318,0.91084129,0.11877216,0.0087958761,0.49729102,0.90204541,0.40475439,0.63934855,0.24500234,44.874176,10.994278,False,0.96143478,True,True,True,0.63934855,0.24500234,44.874176,10.994278,0.61996841,0.24404071,43.478645,10.610559,0.9200948,0.25929976,11.104013,2.879268,0.52004813,0.23099768,13.279826,3.0676091,0.56637631,0.23481862,17.839198,4.1889759,0.50028452,0.22955139,19.632151,4.5065876,0.60455331,0.24724133,20.444024,5.0546077,0.75423269,0.25908978,24.339726,6.3061742
experiment_0a_best,file,16,,460,009.Brewer_Blackbird/Brewer_Blackbird_0018_2261.jpg,9,8,009.Brewer_Blackbird,29,28,random_resized_crop,random_resized_crop,0,"{""area_fraction"":0.615022,""aspect"":1.259652,""fallback"":false,""height"":0.698747,""left"":0.044695,""top"":0.012305,""width"":0.880178}",0.48440579,0.035079908,-0.44932588,0.61606318,0.96552825,0.11877216,0.0019908682,0.49729102,0.96353738,0.46624636,0.56034634,0.10461231,44.874176,4.6943912,False,0.85943598,True,True,True,0.56034634,0.10461231,44.874176,4.6943912,0.54731473,0.10577016,43.478645,4.5987432,0.82213774,0.084906108,11.104013,0.94279856,0.42961415,0.11518699,13.279826,1.5296632,0.50942802,0.10612415,17.839198,1.8931697,0.5459315,0.11204511,19.632151,2.1996866,0.50206189,0.10559333,20.444024,2.1587526,0.64849011,0.098309729,24.339726,2.3928319
experiment_0a_best,file,16,,460,009.Brewer_Blackbird/Brewer_Blackbird_0018_2261.jpg,9,8,009.Brewer_Blackbird,29,28,gaussian_blur,gaussian_blur,0,"{""sigma"":1.587461}",0.48440579,2.0998797,1.615474,0.61606318,0.12247118,0.11877216,0.020769754,0.49729102,0.10170142,-0.3955896,0.52605177,2.8300435,44.874176,126.99587,False,0.87980342,False,True,False,0.52605177,2.8300435,44.874176,126.99587,0.50987601,2.8565455,43.478645,124.19873,0.83087453,2.3871639,11.104013,26.5071,0.45835776,3.2907898,13.279826,43.701118,0.33662283,3.007233,17.839198,53.646626,0.47027228,3.0981261,19.632151,60.82288,0.56118121,2.9337914,20.444024,59.978503,0.65076378,2.3746803,24.339726,57.799069
experiment_0a_best,file,16,,460,009.Brewer_Blackbird/Brewer_Blackbird_0018_2261.jpg,9,8,009.Brewer_Blackbird,29,28,random_erasing,random_erasing,0,"{""area_fraction"":0.152644,""erased"":true,""height"":0.286068,""left"":0.233308,""top"":0.461098,""width"":0.533593}",0.48440579,0.45247686,-0.031928927,0.61606318,0.63605076,0.11877216,0.0029128857,0.49729102,0.63313788,0.13584685,0.4862367,1.029575,44.874176,46.201328,False,0.88429058,True,True,True,0.4862367,1.029575,44.874176,46.201328,0.46595879,1.0296549,43.478645,44.767999,0.79752802,1.0283491,11.104013,11.418802,0.41317137,0.75538695,13.279826,10.031408,0.34375616,1.0035854,17.839198,17.903159,0.35208152,0.93343768,19.632151,18.325389,0.4703775,1.123143,20.444024,22.961563,0.60430116,1.1024045,24.339726,26.832223
experiment_0a_best,file,16,,7417,127.Savannah_Sparrow/Savannah_Sparrow_0054_120057.jpg,127,126,127.Savannah_Sparrow,129,128,identity,identity,0,{},6.1962719,6.1962719,0,0.0020370109,0.0020370109,0.88415265,0.88415265,-0.88211564,-0.88211564,0,1,1,190.51314,190.51314,False,1,True,False,False,1,1,190.51314,190.51314,1,1,186.51834,186.51834,1,1,38.809374,38.809374,1,1,30.905511,30.905511,1,1,113.10483,113.10483,1,1,97.518044,97.518044,1,1,72.747366,72.747366,1,1,78.989158,78.989158
experiment_0a_best,file,16,,7417,127.Savannah_Sparrow/Savannah_Sparrow_0054_120057.jpg,127,126,127.Savannah_Sparrow,129,128,horizontal_flip,horizontal_flip,0,"{""flipped"":true}",6.1962719,4.3228412,-1.8734307,0.0020370109,0.013262151,0.88415265,0.53943336,-0.88211564,-0.52617121,0.35594443,0.68186746,1.0748035,190.51314,204.76419,False,0.95249301,True,False,False,0.68186746,1.0748035,190.51314,204.76419,0.67440687,1.0814229,186.51834,201.70519,0.89696912,0.90858735,38.809374,35.261706,0.56680818,1.0933979,30.905511,33.79202,0.75731159,0.95576781,113.10483,108.10196,0.64664577,1.1864338,97.518044,115.6987,0.5827337,1.1975175,72.747366,87.116244,0.69161611,1.0502142,78.989158,82.955534
experiment_0a_best,file,16,,7417,127.Savannah_Sparrow/Savannah_Sparrow_0054_120057.jpg,127,126,127.Savannah_Sparrow,129,128,color_jitter,color_jitter,0,"{""brightness"":0.706581,""contrast"":1.20523,""hue"":-0.063935,""saturation"":0.639299}",6.1962719,6.8453956,0.64912367,0.0020370109,0.001064345,0.88415265,0.93852913,-0.88211564,-0.93746479,-0.055349149,0.80120918,1.0230797,190.51314,194.91012,False,0.95504665,True,False,False,0.80120918,1.0230797,190.51314,194.91012,0.79436379,1.0214636,186.51834,190.52169,0.95413272,1.059721,38.809374,41.127107,0.47449321,1.1248884,30.905511,34.765249,0.82794082,0.95026469,113.10483,107.47953,0.80736799,1.0634765,97.518044,103.70815,0.74006747,1.1081318,72.747366,80.613673,0.82220811,1.0035847,78.989158,79.272311
experiment_0a_best,file,16,,7417,127.Savannah_Sparrow/Savannah_Sparrow_0054_120057.jpg,127,126,127.Savannah_Sparrow,129,128,rotation,rotation,0,"{""angle"":-11.314415}",6.1962719,7.1429605,0.94668865,0.0020370109,0.00079040852,0.88415265,0.80355626,-0.88211564,-0.80276585,0.079349785,0.82671153,0.92282069,190.51314,175.80947,False,0.94404685,True,False,False,0.82671153,0.92282069,190.51314,175.80947,0.8215687,0.9212954,186.51834,171.83848,0.94160651,0.95737542,38.809374,37.155141,0.74285615,0.93564719,30.905511,28.916654,0.9021133,0.89023069,113.10483,100.6894,0.8169962,0.93889601,97.518044,91.559302,0.7029998,0.98308751,72.747366,71.517026,0.79093121,0.90020694,78.989158,71.106588
experiment_0a_best,file,16,,7417,127.Savannah_Sparrow/Savannah_Sparrow_0054_120057.jpg,127,126,127.Savannah_Sparrow,129,128,random_resized_crop,random_resized_crop,0,"{""area_fraction"":0.632398,""aspect"":0.968089,""fallback"":false,""height"":0.808235,""left"":0.021392,""top"":0.079469,""width"":0.782443}",6.1962719,5.9147091,-0.28156281,0.0020370109,0.0026994455,0.88415265,0.061344754,-0.88211564,-0.058645308,0.82347033,0.55426043,0.98327828,190.51314,187.32743,False,0.88132954,False,False,False,0.55426043,0.98327828,190.51314,187.32743,0.55129499,0.99086489,186.51834,184.81447,0.65451112,0.78797209,38.809374,30.580704,0.58458589,1.0298942,30.905511,31.829406,0.69525041,0.97986062,113.10483,110.82697,0.45485184,1.0063393,97.518044,98.136241,0.45147705,1.0652161,72.747366,77.491662,0.49314787,0.9151132,78.989158,72.284021
experiment_0a_best,file,16,,7417,127.Savannah_Sparrow/Savannah_Sparrow_0054_120057.jpg,127,126,127.Savannah_Sparrow,129,128,gaussian_blur,gaussian_blur,0,"{""sigma"":1.272303}",6.1962719,3.5997627,-2.5965092,0.0020370109,0.027330207,0.88415265,0.28030577,-0.88211564,-0.25297557,0.62914007,0.49925375,0.88875898,190.51314,169.32026,False,0.87514454,True,False,False,0.49925375,0.88875898,190.51314,169.32026,0.49058651,0.89601341,186.51834,167.12293,0.76996922,0.70059554,38.809374,27.189674,0.21454239,1.266247,30.905511,39.13401,0.57848448,0.84662428,113.10483,95.757299,0.41697266,0.89215881,97.518044,87.001581,0.43104719,0.96279466,72.747366,70.040775,0.55697929,0.87290961,78.989158,68.950395
experiment_0a_best,file,16,,7417,127.Savannah_Sparrow/Savannah_Sparrow_0054_120057.jpg,127,126,127.Savannah_Sparrow,129,128,random_erasing,random_erasing,0,"{""area_fraction"":0.156882,""erased"":true,""height"":0.459152,""left"":0.039021,""top"":0.077995,""width"":0.341677}",6.1962719,6.2628074,0.066535473,0.0020370109,0.0019058877,0.88415265,0.84143531,-0.88211564,-0.83952943,0.042586214,0.96927778,0.95575363,190.51314,182.08363,False,0.99275291,True,False,False,0.96927778,0.95575363,190.51314,182.08363,0.968282,0.95483279,186.51834,178.09382,0.99200092,0.97678144,38.809374,37.908276,0.97618581,0.9459271,30.905511,29.23436,0.98647543,0.93796629,113.10483,106.08852,0.96708581,0.96031502,97.518044,93.648042,0.94170726,0.96784258,72.747366,70.407998,0.95588173,0.97084233,78.989158,76.686018
experiment_0a_best,file,16,,3546,061.Heermann_Gull/Heermann_Gull_0131_45548.jpg,61,60,061.Heermann_Gull,66,65,identity,identity,0,{},0.14277369,0.14277369,0,0.86695027,0.86695027,0.039129548,0.039129548,0.82782073,0.82782073,0,1,1,16.577224,16.577224,False,0.99999994,True,True,True,1,1,16.577224,16.577224,1,1,16.049798,16.049798,1,1,4.1482944,4.1482944,1,1,3.0598835,3.0598835,1,1,6.8737583,6.8737583,1,1,7.2292513,7.2292513,1,1,7.416114,7.416114,1,1,9.6811026,9.6811026
experiment_0a_best,file,16,,3546,061.Heermann_Gull/Heermann_Gull_0131_45548.jpg,61,60,061.Heermann_Gull,66,65,horizontal_flip,horizontal_flip,0,"{""flipped"":true}",0.14277369,0.37433755,0.23156387,0.86695027,0.68774474,0.039129548,0.054916173,0.82782073,0.63282856,-0.19499216,0.60159491,2.68795,16.577224,44.55875,False,0.95997846,True,True,True,0.60159491,2.68795,16.577224,44.55875,0.58262182,2.7125997,16.049798,43.536676,0.94669036,2.2874322,4.1482944,9.488942,0.41353622,2.5352206,3.0598835,7.7574797,0.56737893,3.0042691,6.8737583,20.65062,0.56607027,2.7683658,7.2292513,20.013212,0.49259775,2.9055452,7.416114,21.547854,0.691505,2.4091587,9.6811026,23.323313
experiment_0a_best,file,16,,3546,061.Heermann_Gull/Heermann_Gull_0131_45548.jpg,61,60,061.Heermann_Gull,66,65,color_jitter,color_jitter,0,"{""brightness"":0.660713,""contrast"":1.317764,""hue"":-0.05499,""saturation"":0.658899}",0.14277369,0.26065552,0.11788183,0.86695027,0.77054632,0.039129548,0.037552916,0.82782073,0.7329934,-0.094827324,0.76576246,1.7771074,16.577224,29.459508,False,0.96877396,True,True,True,0.76576246,1.7771074,16.577224,29.459508,0.753993,1.7852696,16.049798,28.653216,0.95860957,1.6501078,4.1482944,6.8451327,0.57917028,1.56274,3.0598835,4.7818024,0.67764562,1.720662,6.8737583,11.827415,0.69072394,1.9313408,7.2292513,13.962148,0.7525445,1.8093193,7.416114,13.418118,0.85047294,1.7384906,9.6811026,16.830506
experiment_0a_best,file,16,,3546,061.Heermann_Gull/Heermann_Gull_0131_45548.jpg,61,60,061.Heermann_Gull,66,65,rotation,rotation,0,"{""angle"":-9.802473}",0.14277369,0.38453391,0.24176022,0.86695027,0.68076783,0.039129548,0.04567204,0.82782073,0.63509579,-0.19272493,0.65954225,2.6449012,16.577224,43.84512,False,0.95968354,True,True,True,0.65954225,2.6449012,16.577224,43.84512,0.64399206,2.6650254,16.049798,42.77312,0.93248982,2.3229111,4.1482944,9.636119,0.42887878,3.0991897,3.0598835,9.4831596,0.62481456,2.7016852,6.8737583,18.570731,0.63083438,2.7719269,7.2292513,20.038956,0.59259724,2.7502142,7.416114,20.395902,0.72607944,2.4816048,9.6811026,24.02467
experiment_0a_best,file,16,,3546,061.Heermann_Gull/Heermann_Gull_0131_45548.jpg,61,60,061.Heermann_Gull,66,65,random_resized_crop,random_resized_crop,0,"{""area_fraction"":0.891704,""aspect"":0.953686,""fallback"":false,""height"":0.966958,""left"":0.008995,""top"":0.019668,""width"":0.922175}",0.14277369,0.25816679,0.1153931,0.86695027,0.77246636,0.039129548,0.041815247,0.82782073,0.73065111,-0.097169612,0.80455004,1.9095348,16.577224,31.654786,False,0.98628074,True,True,True,0.80455004,1.9095348,16.577224,31.654786,0.79513093,1.9257407,16.049798,30.907749,0.97855507,1.648005,4.1482944,6.83641,0.50208129,1.6815998,3.0598835,5.1454995,0.7754048,1.9477083,6.8737583,13.388076,0.75879931,2.0631421,7.2292513,14.914972,0.77533659,2.0717087,7.416114,15.364028,0.8779863,1.7622531,9.6811026,17.060553
experiment_0a_best,file,16,,3546,061.Heermann_Gull/Heermann_Gull_0131_45548.jpg,61,60,061.Heermann_Gull,66,65,gaussian_blur,gaussian_blur,0,"{""sigma"":1.584108}",0.14277369,1.7233585,1.5805848,0.86695027,0.17846577,0.039129548,0.032040969,0.82782073,0.1464248,-0.68139593,0.42962743,8.5273498,16.577224,141.35979,False,0.89498782,False,True,False,0.42962743,8.5273498,16.577224,141.35979,0.41612028,8.6881575,16.049798,139.44317,0.78429032,5.5924094,4.1482944,23.19896,-0.079251816,11.882017,3.0598835,36.357588,0.29363404,8.9785881,6.8737583,61.716645,0.3736172,9.922215,7.2292513,71.730186,0.46541563,8.9140791,7.416114,66.107827,0.58697741,7.1550145,9.6811026,69.268429
experiment_0a_best,file,16,,3546,061.Heermann_Gull/Heermann_Gull_0131_45548.jpg,61,60,061.Heermann_Gull,66,65,random_erasing,random_erasing,0,"{""area_fraction"":0.172505,""erased"":true,""height"":0.454182,""left"":0.081766,""top"":0.030872,""width"":0.379815}",0.14277369,0.14096914,-0.0018045455,0.86695027,0.86851609,0.039129548,0.067241967,0.82782073,0.80127412,-0.026546605,0.8141323,1.0478299,16.577224,17.37011,False,0.95843852,True,True,True,0.8141323,1.0478299,16.577224,17.37011,0.80559086,1.046299,16.049798,16.792887,0.93930147,1.070484,4.1482944,4.4406829,0.89790702,1.1678794,3.0598835,3.5735751,0.79700484,0.96073835,6.8737583,6.6038832,0.74149466,1.046707,7.2292513,7.5669077,0.77531147,1.0812537,7.416114,8.0187004,0.85522243,1.0537089,9.6811026,10.201064
experiment_0a_best,file,16,,5772,099.Ovenbird/Ovenbird_0010_92957.jpg,99,98,099.Ovenbird,149,148,identity,identity,0,{},0.042049956,0.042049956,0,0.95882189,0.95882189,0.016166555,0.016166555,0.94265534,0.94265534,0,1,1,5.7878281,5.7878281,False,1,True,True,True,1,1,5.7878281,5.7878281,1,1,5.661784,5.661784,1,1,1.2013141,1.2013141,1,1,0.99615615,0.99615615,1,1,2.3867982,2.3867982,1,1,3.0524643,3.0524643,1,1,2.8425194,2.8425194,1,1,2.822979,2.822979
experiment_0a_best,file,16,,5772,099.Ovenbird/Ovenbird_0010_92957.jpg,99,98,099.Ovenbird,149,148,horizontal_flip,horizontal_flip,0,"{""flipped"":true}",0.042049956,0.16655219,0.12450223,0.95882189,0.84657866,0.016166555,0.020692846,0.94265534,0.82588581,-0.11676953,0.59374778,4.2977009,5.7878281,24.874354,False,0.96260417,True,True,True,0.59374778,4.2977009,5.7878281,24.874354,0.58348358,4.3395151,5.661784,24.569397,0.92491738,3.2323487,1.2013141,3.8830661,0.39181175,5.5707641,0.99615615,5.549351,0.5128754,5.2260901,2.3867982,12.473623,0.5726426,4.0797631,3.0524643,12.453331,0.58207285,4.1625616,2.8425194,11.832162,0.71740743,3.9155979,2.822979,11.053651
experiment_0a_best,file,16,,5772,099.Ovenbird/Ovenbird_0010_92957.jpg,99,98,099.Ovenbird,149,148,color_jitter,color_jitter,0,"{""brightness"":0.68096,""contrast"":1.015039,""hue"":-0.090969,""saturation"":0.617047}",0.042049956,0.11770441,0.075654451,0.95882189,0.88895881,0.016166555,0.018963663,0.94265534,0.86999515,-0.072660189,0.69628279,3.4749785,5.7878281,20.112578,False,0.95300394,True,True,True,0.69628279,3.4749785,5.7878281,20.112578,0.69056827,3.5141072,5.661784,19.896116,0.9227512,2.4496924,1.2013141,2.9428501,0.5582447,4.7655818,0.99615615,4.7472636,0.57346164,4.6361087,2.3867982,11.065456,0.72878974,3.1058267,3.0524643,9.480425,0.74471184,3.2893661,2.8425194,9.3500869,0.78971904,3.0384261,2.822979,8.5774131
experiment_0a_best,file,16,,5772,099.Ovenbird/Ovenbird_0010_92957.jpg,99,98,099.Ovenbird,149,148,rotation,rotation,0,"{""angle"":-7.215985}",0.042049956,0.084790111,0.042740155,0.95882189,0.91870511,0.016166555,0.026946703,0.94265534,0.8917584,-0.050896935,0.77702623,2.3628444,5.7878281,13.675737,False,0.96872866,True,True,True,0.77702623,2.3628444,5.7878281,13.675737,0.77069237,2.3795368,5.661784,13.472423,0.96266662,1.955678,1.2013141,2.3493836,0.70611681,3.375702,0.99615615,3.3627263,0.77971007,2.7484315,2.3867982,6.5599514,0.76994556,2.2956561,3.0524643,7.0074082,0.76469045,2.3982216,2.8425194,6.8169912,0.81470439,1.9909862,2.822979,5.6205123
experiment_0a_best,file,16,,5772,099.Ovenbird/Ovenbird_0010_92957.jpg,99,98,099.Ovenbird,149,148,random_resized_crop,random_resized_crop,0,"{""area_fraction"":0.51447,""aspect"":1.148134,""fallback"":false,""height"":0.669397,""left"":0.213473,""top"":0.151533,""width"":0.768557}",0.042049956,0.060363058,0.018313102,0.95882189,0.9414227,0.016166555,0.0062758033,0.94265534,0.9351469,-0.0075084404,0.52687382,1.4725771,5.7878281,8.523023,False,0.9303782,True,True,True,0.52687382,1.4725771,5.7878281,8.523023,0.51365947,1.4820501,5.661784,8.3910476,0.88447039,1.2436952,1.2013141,1.4940686,0.47636941,1.6825599,0.99615615,1.6760924,0.45851842,1.6386261,2.3867982,3.9110698,0.448814,1.3639384,3.0524643,4.1633733,0.49650094,1.4535785,2.8425194,4.1318251,0.65246652,1.498642,2.822979,4.2306349
experiment_0a_best,file,16,,5772,099.Ovenbird/Ovenbird_0010_92957.jpg,99,98,099.Ovenbird,149,148,gaussian_blur,gaussian_blur,0,"{""sigma"":1.561288}",0.042049956,0.078909248,0.036859293,0.95882189,0.92412376,0.016166555,0.015691902,0.94265534,0.90843186,-0.034223476,0.53459639,2.2633945,5.7878281,13.100138,False,0.88535058,True,True,True,0.53459639,2.2633945,5.7878281,13.100138,0.52239191,2.2758698,5.661784,12.885483,0.85393668,1.9659858,1.2013141,2.3617664,0.54566113,2.3372554,0.99615615,2.3282714,0.4734543,2.4230521,2.3867982,5.7833366,0.4397445,2.477477,3.0524643,7.5624102,0.55955687,2.2167727,2.8425194,6.3012194,0.65261933,1.9490188,2.822979,5.5020391
experiment_0a_best,file,16,,5772,099.Ovenbird/Ovenbird_0010_92957.jpg,99,98,099.Ovenbird,149,148,random_erasing,random_erasing,0,"{""area_fraction"":0.156825,""erased"":true,""height"":0.25514,""left"":0.025004,""top"":0.228554,""width"":0.614664}",0.042049956,3.9978979,3.9558479,0.95882189,0.018354181,0.016166555,0.020273317,0.94265534,-0.0019191355,-0.94457447,0.35821998,26.1406,5.7878281,151.2973,False,0.6581074,False,True,False,0.35821998,26.1406,5.7878281,151.2973,0.34955454,26.326499,5.661784,149.05495,0.59956119,21.602819,1.2013141,25.951772,0.28336202,46.829853,0.99615615,46.649846,0.40877512,28.011409,2.3867982,66.857582,0.37524923,25.131952,3.0524643,76.714385,0.30171349,24.114492,2.8425194,68.54591,0.35080221,25.017156,2.822979,70.622906
experiment_0a_best,file,16,,11034,188.Pileated_Woodpecker/Pileated_Woodpecker_0038_180300.jpg,188,187,188.Pileated_Woodpecker,191,190,identity,identity,0,{},0.0027725373,0.0027725373,0,0.9972313,0.9972313,0.0011845571,0.0011845571,0.99604675,0.99604675,0,1,1,0.38504812,0.38504812,False,0.99999994,True,True,True,1,1,0.38504812,0.38504812,1,1,0.37317533,0.37317533,1,1,0.094880086,0.094880086,1,1,0.11103983,0.11103983,1,1,0.14090135,0.14090135,1,1,0.16562584,0.16562584,1,1,0.17656716,0.17656716,1,1,0.22015656,0.22015656
experiment_0a_best,file,16,,11034,188.Pileated_Woodpecker/Pileated_Woodpecker_0038_180300.jpg,188,187,188.Pileated_Woodpecker,191,190,horizontal_flip,horizontal_flip,0,"{""flipped"":true}",0.0027725373,0.001918263,-0.00085427426,0.9972313,0.99808359,0.0011845571,0.00078160514,0.99604675,0.99730199,0.0012552388,0.59404649,0.68774552,0.38504812,0.26481512,False,0.95691049,True,True,True,0.59404649,0.68774552,0.38504812,0.26481512,0.57238949,0.68964763,0.37317533,0.25735948,0.94601799,0.65762043,0.094880086,0.062395083,0.70192941,0.59185376,0.11103983,0.065719341,0.50132306,0.80591309,0.14090135,0.11355424,0.43784837,0.6740995,0.16562584,0.1116483,0.50832986,0.69372553,0.17656716,0.12248914,0.70354329,0.66681573,0.22015656,0.14680386
experiment_0a_best,file,16,,11034,188.Pileated_Woodpecker/Pileated_Woodpecker_0038_180300.jpg,188,187,188.Pileated_Woodpecker,191,190,color_jitter,color_jitter,0,"{""brightness"":1.354319,""contrast"":1.029245,""hue"":0.077769,""saturation"":0.902529}",0.0027725373,0.011783519,0.0090109815,0.9972313,0.98828566,0.0011845571,0.0015244399,0.99604675,0.98676122,-0.0092855267,0.73708925,4.2983991,0.38504812,1.6550905,False,0.97450721,True,True,True,0.73708925,4.2983991,0.38504812,1.6550905,0.72706604,4.3317793,0.37317533,1.6165132,0.92389576,3.7443065,0.094880086,0.35526013,0.55228165,4.318817,0.11103983,0.47956071,0.72402461,4.7294418,0.14090135,0.66638473,0.7200566,4.5505906,0.16562584,0.75369539,0.67928234,4.344116,0.17656716,0.76702821,0.81800849,4.0184643,0.22015656,0.88469129
experiment_0a_best,file,16,,11034,188.Pileated_Woodpecker/Pileated_Woodpecker_0038_180300.jpg,188,187,188.Pileated_Woodpecker,191,190,rotation,rotation,0,"{""angle"":-3.447597}",0.0027725373,0.0036486501,0.00087611284,0.9972313,0.99635798,0.0011845571,0.001419154,0.99604675,0.99493882,-0.0011079242,0.84132804,1.2595948,0.38504812,0.48500463,False,0.99234366,True,True,True,0.84132804,1.2595948,0.38504812,0.48500463,0.83142085,1.2570669,0.37317533,0.46910637,0.99015199,1.2980731,0.094880086,0.12316129,0.76535333,0.95101188,0.11103983,0.1056002,0.75494365,1.3037944,0.14090135,0.18370639,0.77036983,1.2908146,0.16562584,0.21379226,0.83661686,1.2828807,0.17656716,0.22651459,0.91468362,1.269755,0.22015656,0.2795449
experiment_0a_best,file,16,,11034,188.Pileated_Woodpecker/Pileated_Woodpecker_0038_180300.jpg,188,187,188.Pileated_Woodpecker,191,190,random_resized_crop,random_resized_crop,0,"{""area_fraction"":0.625082,""aspect"":1.213754,""fallback"":false,""height"":0.717634,""left"":0.09183,""top"":0.018878,""width"":0.871031}",0.0027725373,0.0011363723,-0.001636165,0.9972313,0.99886429,0.0011845571,0.0005336802,0.99604675,0.99833061,0.0022838654,0.65211458,0.39502827,0.38504812,0.15210489,False,0.96762741,True,True,True,0.65211458,0.39502827,0.38504812,0.15210489,0.63045393,0.39287243,0.37317533,0.1466103,0.96253151,0.42699368,0.094880086,0.040513197,0.40105532,0.21752182,0.11103983,0.024153586,0.47604761,0.35051327,0.14090135,0.049387793,0.55610531,0.40115151,0.16562584,0.066441055,0.6197187,0.42522757,0.17656716,0.075081223,0.78058378,0.41680736,0.22015656,0.091762876
experiment_0a_best,file,16,,11034,188.Pileated_Woodpecker/Pileated_Woodpecker_0038_180300.jpg,188,187,188.Pileated_Woodpecker,191,190,gaussian_blur,gaussian_blur,0,"{""sigma"":1.917417}",0.0027725373,0.02865608,0.025883543,0.9972313,0.97175062,0.0011845571,0.0062541701,0.99604675,0.96549645,-0.030550301,0.58144156,10.320078,0.38504812,3.9737266,False,0.96004897,True,True,True,0.58144156,10.320078,0.38504812,3.9737266,0.56114921,10.377419,0.37317533,3.8725966,0.93117399,9.3885387,0.094880086,0.89078536,0.20360696,8.7497105,0.11103983,0.97156636,0.37822612,11.612444,0.14090135,1.636209,0.43901051,10.594548,0.16562584,1.7547309,0.58548995,10.498193,0.17656716,1.8536361,0.78817857,10.014375,0.22015656,2.2047304
experiment_0a_best,file,16,,11034,188.Pileated_Woodpecker/Pileated_Woodpecker_0038_180300.jpg,188,187,188.Pileated_Woodpecker,191,190,random_erasing,random_erasing,0,"{""area_fraction"":0.093215,""erased"":true,""height"":0.292762,""left"":0.645312,""top"":0.001931,""width"":0.318398}",0.0027725373,0.0035752442,0.00080270693,0.9972313,0.99643111,0.0011845571,0.0013052793,0.99604675,0.99512583,-0.00092091458,0.96084704,1.2391899,0.38504812,0.47714776,False,0.9950732,True,True,True,0.96084704,1.2391899,0.38504812,0.47714776,0.95875268,1.2386002,0.37317533,0.46221505,0.99302193,1.2482768,0.094880086,0.11843661,0.97971415,1.1882071,0.11103983,0.13193832,0.96433461,1.1859539,0.14090135,0.1671025,0.95388855,1.2226958,0.16562584,0.20251002,0.94924225,1.2493757,0.17656716,0.22059872,0.96127529,1.2737486,0.22015656,0.28042412
experiment_0a_best,file,16,,8042,137.Cliff_Swallow/Cliff_Swallow_0011_133033.jpg,137,136,137.Cliff_Swallow,118,117,identity,identity,0,{},3.3942878,3.3942878,0,0.033564452,0.033564452,0.68551618,0.68551618,-0.65195173,-0.65195173,0,1,1,156.63779,156.63779,False,0.99999994,True,False,False,1,1,156.63779,156.63779,1,1,154.03292,154.03292,1,1,28.447442,28.447442,1,1,50.152414,50.152414,1,1,68.563647,68.563647,1,1,77.795559,77.795559,1,1,72.851776,72.851776,1,1,71.766097,71.766097
experiment_0a_best,file,16,,8042,137.Cliff_Swallow/Cliff_Swallow_0011_133033.jpg,137,136,137.Cliff_Swallow,118,117,horizontal_flip,horizontal_flip,0,"{""flipped"":true}",3.3942878,3.9590349,0.5647471,0.033564452,0.019081522,0.68551618,0.8002829,-0.65195173,-0.78120137,-0.12924965,0.58010859,1.0084103,156.63779,157.95517,False,0.93731433,True,False,False,0.58010859,1.0084103,156.63779,157.95517,0.56692873,1.00509,154.03292,154.81695,0.93509738,1.1013179,28.447442,31.329678,0.39656679,0.8469588,50.152414,42.477029,0.4746017,1.0014761,68.563647,68.664855,0.59860673,1.0314246,77.795559,80.240251,0.6009496,1.0586581,72.851776,77.12512,0.6515719,0.9914174,71.766097,71.150157
experiment_0a_best,file,16,,8042,137.Cliff_Swallow/Cliff_Swallow_0011_133033.jpg,137,136,137.Cliff_Swallow,118,117,color_jitter,color_jitter,0,"{""brightness"":1.391313,""contrast"":1.043276,""hue"":-0.099341,""saturation"":0.864569}",3.3942878,4.5374479,1.1431601,0.033564452,0.010700678,0.68551618,0.017580343,-0.65195173,-0.006879665,0.64507206,0.37761442,0.66507792,156.63779,104.17634,False,0.76124406,False,False,False,0.37761442,0.66507792,156.63779,104.17634,0.36825446,0.650856,154.03292,100.25325,0.5898549,0.99550298,28.447442,28.319514,0.18246697,0.58918072,50.152414,29.548835,0.28459881,0.60214027,68.563647,41.284933,0.39442815,0.62599518,77.795559,48.699645,0.43241613,0.64183099,72.851776,46.758528,0.42411513,0.75233087,71.766097,53.99185
experiment_0a_best,file,16,,8042,137.Cliff_Swallow/Cliff_Swallow_0011_133033.jpg,137,136,137.Cliff_Swallow,118,117,rotation,rotation,0,"{""angle"":-2.945566}",3.3942878,3.7693176,0.3750298,0.033564452,0.0230678,0.68551618,0.40973929,-0.65195173,-0.38667149,0.26528024,0.78901745,0.78175568,156.63779,122.45248,False,0.94357109,True,False,False,0.78901745,0.78175568,156.63779,122.45248,0.78443443,0.77617651,154.03292,119.55674,0.91359604,0.93057872,28.447442,26.472585,0.87812308,0.73799579,50.152414,37.012271,0.76137548,0.76795268,68.563647,52.653636,0.78298626,0.75867972,77.795559,59.021913,0.76633707,0.79724139,72.851776,58.080451,0.78398575,0.79979807,71.766097,57.398386
experiment_0a_best,file,16,,8042,137.Cliff_Swallow/Cliff_Swallow_0011_133033.jpg,137,136,137.Cliff_Swallow,118,117,random_resized_crop,random_resized_crop,0,"{""area_fraction"":0.727925,""aspect"":0.982194,""fallback"":false,""height"":0.860884,""left"":0.061463,""top"":0.134891,""width"":0.845555}",3.3942878,2.6142871,-0.78000069,0.033564452,0.073219962,0.68551618,0.15484717,-0.65195173,-0.081627212,0.57032451,0.72950433,0.95065008,156.63779,148.90773,False,0.92789114,False,False,False,0.72950433,0.95065008,156.63779,148.90773,0.72658654,0.95287494,154.03292,146.77411,0.82388189,0.88293251,28.447442,25.117172,0.85405815,0.95796098,50.152414,48.044056,0.7464978,1.0022658,68.563647,68.718995,0.71662923,0.95279698,77.795559,74.123374,0.69200765,0.94717921,72.851776,69.003687,0.69209697,0.90907152,71.766097,65.240515
experiment_0a_best,file,16,,8042,137.Cliff_Swallow/Cliff_Swallow_0011_133033.jpg,137,136,137.Cliff_Swallow,118,117,gaussian_blur,gaussian_blur,0,"{""sigma"":1.425312}",3.3942878,2.6205013,-0.77378654,0.033564452,0.072766379,0.68551618,0.13347097,-0.65195173,-0.060704589,0.59124714,0.5822499,0.85710016,156.63779,134.25428,False,0.90242207,True,False,False,0.5822499,0.85710016,156.63779,134.25428,0.57530091,0.85835195,154.03292,132.21446,0.79623276,0.81955025,28.447442,23.314109,0.69265638,0.72507391,50.152414,36.364207,0.45334992,0.83677924,68.563647,57.372636,0.59810439,0.89938618,77.795559,69.968251,0.59351976,0.88614611,72.851776,64.557318,0.59255704,0.85935285,71.766097,61.6724
experiment_0a_best,file,16,,8042,137.Cliff_Swallow/Cliff_Swallow_0011_133033.jpg,137,136,137.Cliff_Swallow,118,117,random_erasing,random_erasing,0,"{""area_fraction"":0.084188,""erased"":true,""height"":0.477958,""left"":0.550981,""top"":0.387642,""width"":0.176141}",3.3942878,3.0439658,-0.35032201,0.033564452,0.047645554,0.68551618,0.57926273,-0.65195173,-0.53161718,0.12033455,0.83508419,0.88778648,156.63779,139.06092,False,0.961564,True,False,False,0.83508419,0.88778648,156.63779,139.06092,0.83059528,0.88445466,154.03292,136.23514,0.95808139,0.98045092,28.447442,27.891321,0.8959361,0.85976546,50.152414,43.119313,0.79862306,0.78042514,68.563647,53.508794,0.83784358,0.86568006,77.795559,67.346065,0.82432754,0.91715752,72.851776,66.816554,0.83343159,0.96916057,71.766097,69.552872
experiment_0a_best,file,16,,1670,030.Fish_Crow/Fish_Crow_0028_25968.jpg,30,29,030.Fish_Crow,19,18,identity,identity,0,{},7.496942,7.496942,0,0.00055477821,0.00055477821,0.41145352,0.41145352,-0.41089874,-0.41089874,0,1,1,199.51777,199.51777,False,0.99999994,True,False,False,1,1,199.51777,199.51777,1,1,196.61584,196.61584,1,1,33.905035,33.905035,1,1,39.614401,39.614401,1,1,90.415891,90.415891,1,1,112.39961,112.39961,1,1,95.699915,95.699915,1,1,84.387851,84.387851
experiment_0a_best,file,16,,1670,030.Fish_Crow/Fish_Crow_0028_25968.jpg,30,29,030.Fish_Crow,19,18,horizontal_flip,horizontal_flip,0,"{""flipped"":true}",7.496942,6.6904759,-0.8064661,0.00055477821,0.0012426911,0.41145352,0.30400157,-0.41089874,-0.30275888,0.10813986,0.6377692,1.0584709,199.51777,211.18376,False,0.96964926,False,False,False,0.6377692,1.0584709,199.51777,211.18376,0.62872803,1.0578701,196.61584,207.99402,0.93611584,1.0784809,33.905035,36.565933,0.5494901,1.0556834,39.614401,41.820267,0.5960419,1.1093403,90.415891,100.302,0.61194356,1.031566,112.39961,115.94762,0.61297196,1.0817941,95.699915,103.5276,0.74220469,1.0117938,84.387851,85.383103
experiment_0a_best,file,16,,1670,030.Fish_Crow/Fish_Crow_0028_25968.jpg,30,29,030.Fish_Crow,19,18,color_jitter,color_jitter,0,"{""brightness"":0.904451,""contrast"":0.777403,""hue"":0.013319,""saturation"":0.762716}",7.496942,7.0301132,-0.46682882,0.00055477821,0.00088483159,0.41145352,0.026050698,-0.41089874,-0.025165866,0.38573287,0.65562579,0.94448051,199.51777,188.44065,False,0.897089,False,False,False,0.65562579,0.94448051,199.51777,188.44065,0.65152829,0.94807694,196.61584,186.40695,0.82345184,0.81434148,33.905035,27.610276,0.47402861,0.72904335,39.614401,28.880615,0.47523127,0.81480858,90.415891,73.671644,0.72079614,0.96926213,112.39961,108.94469,0.69109432,1.010715,95.699915,96.725343,0.68800732,1.009775,84.387851,85.212745
experiment_0a_best,file,16,,1670,030.Fish_Crow/Fish_Crow_0028_25968.jpg,30,29,030.Fish_Crow,19,18,rotation,rotation,0,"{""angle"":8.948775}",7.496942,6.7357216,-0.76122046,0.00055477821,0.0011877179,0.41145352,0.51192677,-0.41089874,-0.51073905,-0.099840315,0.749184,1.0922692,199.51777,217.92711,False,0.95286047,True,False,False,0.749184,1.0922692,199.51777,217.92711,0.74383038,1.0942025,196.61584,215.13754,0.94289868,1.0251328,33.905035,34.757162,0.6137971,0.98749061,39.614401,39.118849,0.74712221,1.1421087,90.415891,103.26477,0.76599671,1.0921025,112.39961,122.7519,0.69927549,1.0879782,95.699915,104.11942,0.78610672,1.0718485,84.387851,90.450994
experiment_0a_best,file,16,,1670,030.Fish_Crow/Fish_Crow_0028_25968.jpg,30,29,030.Fish_Crow,19,18,random_resized_crop,random_resized_crop,0,"{""area_fraction"":0.785841,""aspect"":1.094799,""fallback"":false,""height"":0.847228,""left"":0.033299,""top"":0.06624,""width"":0.927544}",7.496942,8.2777634,0.78082132,0.00055477821,0.00025410487,0.41145352,0.53868908,-0.41089874,-0.53843497,-0.12753623,0.7512984,1.0541922,199.51777,210.33008,False,0.95017433,True,False,False,0.7512984,1.0541922,199.51777,210.33008,0.74622193,1.0549287,196.61584,207.41569,0.92651842,1.0291191,33.905035,34.89232,0.74917924,1.0373067,39.614401,41.092284,0.7193513,1.1200771,90.415891,101.27277,0.7764178,1.0337076,112.39961,116.18834,0.70269909,1.0397618,95.699915,99.505115,0.78372217,1.0381833,84.387851,87.610056
experiment_0a_best,file,16,,1670,030.Fish_Crow/Fish_Crow_0028_25968.jpg,30,29,030.Fish_Crow,19,18,gaussian_blur,gaussian_blur,0,"{""sigma"":1.672264}",7.496942,5.3566999,-2.1402421,0.00055477821,0.0047164443,0.41145352,0.0086880038,-0.41089874,-0.0039715595,0.40692718,0.38217658,0.96917961,199.51777,193.36856,False,0.68990076,False,False,False,0.38217658,0.96917961,199.51777,193.36856,0.37846347,0.97780389,196.61584,192.25174,0.62353591,0.61207862,33.905035,20.752547,0.28106262,0.99683546,39.614401,39.48904,0.21463426,0.90865097,90.415891,82.156486,0.46847759,1.1089948,112.39961,124.65058,0.39329466,0.91481188,95.699915,87.547419,0.38734615,0.87476621,84.387851,73.819641
experiment_0a_best,file,16,,1670,030.Fish_Crow/Fish_Crow_0028_25968.jpg,30,29,030.Fish_Crow,19,18,random_erasing,random_erasing,0,"{""area_fraction"":0.094769,""erased"":true,""height"":0.553087,""left"":0.670643,""top"":0.156196,""width"":0.171347}",7.496942,7.2492871,-0.24765491,0.00055477821,0.00071068091,0.41145352,0.58342654,-0.41089874,-0.58271585,-0.17181712,0.88135486,1.0889359,199.51777,217.26205,False,0.97831488,True,False,False,0.88135486,1.0889359,199.51777,217.26205,0.8789059,1.0895545,196.61584,214.22368,0.9655507,1.0679218,33.905035,36.207926,0.8927605,1.1492436,39.614401,45.526598,0.88913662,1.0815456,90.415891,97.788904,0.87631793,1.0640046,112.39961,119.59371,0.86772956,1.1326657,95.699915,108.39601,0.88527676,1.0733353,84.387851,90.576457
experiment_0a_best,file,16,,11448,195.Carolina_Wren/Carolina_Wren_0014_186525.jpg,195,194,195.Carolina_Wren,130,129,identity,identity,0,{},0.0030664825,0.0030664825,0,0.99693823,0.99693823,0.00044457798,0.00044457798,0.99649365,0.99649365,0,1,1,0.66375718,0.66375718,False,1,True,True,True,1,1,0.66375718,0.66375718,1,1,0.655821,0.655821,1,1,0.10233477,0.10233477,1,1,0.11360988,0.11360988,1,1,0.31915847,0.31915847,1,1,0.355974,0.355974,1,1,0.3097772,0.3097772,1,1,0.30438864,0.30438864
experiment_0a_best,file,16,,11448,195.Carolina_Wren/Carolina_Wren_0014_186525.jpg,195,194,195.Carolina_Wren,130,129,horizontal_flip,horizontal_flip,0,"{""flipped"":true}",0.0030664825,0.003127923,6.1440514e-05,0.99693823,0.99687696,0.00044457798,0.0017328113,0.99649365,0.99514414,-0.0013495069,0.61586205,1.0133047,0.66375718,0.67258827,False,0.95899212,True,True,True,0.61586205,1.0133047,0.66375718,0.67258827,0.6084366,1.0102545,0.655821,0.6625461,0.89200207,1.131496,0.10233477,0.11579138,0.51430299,0.97560247,0.11360988,0.11083808,0.37898322,0.87015429,0.31915847,0.27771712,0.64684666,1.0401255,0.355974,0.37025764,0.62801434,1.0398883,0.3097772,0.32213369,0.76110928,1.0831175,0.30438864,0.32968867
experiment_0a_best,file,16,,11448,195.Carolina_Wren/Carolina_Wren_0014_186525.jpg,195,194,195.Carolina_Wren,130,129,color_jitter,color_jitter,0,"{""brightness"":0.906215,""contrast"":1.110091,""hue"":-0.096197,""saturation"":1.142543}",0.0030664825,3.770206,3.7671395,0.99693823,0.023047315,0.00044457798,0.0028691203,0.99649365,0.020178195,-0.97631546,0.32317014,200.76787,0.66375718,133.26111,False,0.70958292,False,True,False,0.32317014,200.76787,0.66375718,133.26111,0.31277697,199.16843,0.655821,130.61884,0.66320127,258.02932,0.10233477,26.405371,0.2798046,243.00201,0.11360988,27.607429,0.24844118,175.33238,0.31915847,55.958816,0.2439791,186.31091,0.355974,66.32184,0.35777194,202.51312,0.3097772,62.733949,0.41421478,228.40537,0.30438864,69.524
experiment_0a_best,file,16,,11448,195.Carolina_Wren/Carolina_Wren_0014_186525.jpg,195,194,195.Carolina_Wren,130,129,rotation,rotation,0,"{""angle"":-10.301891}",0.0030664825,0.0020378316,-0.0010286509,0.99693823,0.99796426,0.00044457798,0.00044371458,0.99649365,0.99752055,0.0010268977,0.74954543,0.78298108,0.66375718,0.51970931,False,0.94884872,True,True,True,0.74954543,0.78298108,0.66375718,0.51970931,0.74557796,0.78359788,0.655821,0.51389995,0.91859593,0.75721497,0.10233477,0.077489419,0.75975261,1.0135415,0.11360988,0.11514833,0.71565119,0.76615254,0.31915847,0.24452408,0.73283388,0.7719498,0.355974,0.27479406,0.74000116,0.78590932,0.3097772,0.24345679,0.80328049,0.7792335,0.30438864,0.23718983
experiment_0a_best,file,16,,11448,195.Carolina_Wren/Carolina_Wren_0014_186525.jpg,195,194,195.Carolina_Wren,130,129,random_resized_crop,random_resized_crop,0,"{""area_fraction"":0.598362,""aspect"":1.045433,""fallback"":false,""height"":0.756543,""left"":0.043627,""top"":0.09178,""width"":0.790915}",0.0030664825,0.14981323,0.14674675,0.99693823,0.86086875,0.00044457798,0.10928963,0.99649365,0.75157912,-0.24491453,0.50109591,63.864,0.66375718,42.390188,False,0.9050281,True,True,True,0.50109591,63.864,0.66375718,42.390188,0.49424078,63.83674,0.655821,41.865475,0.77778563,64.973656,0.10233477,6.649064,0.35317019,78.644771,0.11360988,8.9348232,0.26484,63.12771,0.31915847,20.147744,0.56324107,66.557484,0.355974,23.692734,0.54756907,61.665143,0.3097772,19.102456,0.62612772,60.640307,0.30438864,18.458221
experiment_0a_best,file,16,,11448,195.Carolina_Wren/Carolina_Wren_0014_186525.jpg,195,194,195.Carolina_Wren,130,129,gaussian_blur,gaussian_blur,0,"{""sigma"":1.275532}",0.0030664825,0.20466106,0.20159457,0.99693823,0.81492347,0.00044457798,0.012337785,0.99649365,0.80258568,-0.19390797,0.68968362,62.819724,0.66375718,41.697043,False,0.91544122,True,True,True,0.68968362,62.819724,0.66375718,41.697043,0.68557691,63.05325,0.655821,41.351646,0.90464558,52.336246,0.10233477,5.3558176,0.70752086,83.555942,0.11360988,9.4927808,0.69551562,67.022049,0.31915847,21.390655,0.67290109,63.605502,0.355974,22.641905,0.65201943,59.73159,0.3097772,18.503485,0.73472687,57.58615,0.30438864,17.52857
experiment_0a_best,file,16,,11448,195.Carolina_Wren/Carolina_Wren_0014_186525.jpg,195,194,195.Carolina_Wren,130,129,random_erasing,random_erasing,0,"{""area_fraction"":0.116523,""erased"":true,""height"":0.449853,""left"":0.44943,""top"":0.328158,""width"":0.259025}",0.0030664825,0.017987814,0.014921331,0.99693823,0.98217303,0.00044457798,0.0017944705,0.99649365,0.98037856,-0.016115095,0.83466028,5.4209684,0.66375718,3.5982067,False,0.97493184,True,True,True,0.83466028,5.4209684,0.66375718,3.5982067,0.83145384,5.4252322,0.655821,3.5579812,0.97140615,5.2428579,0.10233477,0.53652665,0.75870985,5.5969337,0.11360988,0.63586698,0.88022986,5.4730578,0.31915847,1.7467728,0.80854515,5.3571219,0.355974,1.9069961,0.80203854,5.5124084,0.3097772,1.7076185,0.85034593,5.3491414,0.30438864,1.6282179
experiment_0a_best,file,16,,5979,103.Sayornis/Sayornis_0086_98829.jpg,103,102,103.Sayornis,19,18,identity,identity,0,{},0.51172507,0.51172507,0,0.5994606,0.5994606,0.053324696,0.053324696,0.54613591,0.54613591,0,1,1,65.330302,65.330302,False,1,True,True,True,1,1,65.330302,65.330302,1,1,64.401299,64.401299,1,1,10.978208,10.978208,1,1,19.770485,19.770485,1,1,28.395136,28.395136,1,1,34.074349,34.074349,1,1,31.243364,31.243364,1,1,28.516003,28.516003
experiment_0a_best,file,16,,5979,103.Sayornis/Sayornis_0086_98829.jpg,103,102,103.Sayornis,19,18,horizontal_flip,horizontal_flip,0,"{""flipped"":true}",0.51172507,0.74126166,0.22953659,0.5994606,0.47651234,0.053324696,0.056287471,0.54613591,0.42022487,-0.12591103,0.66358054,1.3214459,65.330302,86.330457,False,0.96385467,True,True,True,0.66358054,1.3214459,65.330302,86.330457,0.65476818,1.3192871,64.401299,84.963804,0.95162072,1.3936995,10.978208,15.300322,0.72740024,0.92239097,19.770485,18.236116,0.53453769,1.465666,28.395136,41.617784,0.66806471,1.4019227,34.074349,47.769605,0.68135589,1.2509611,31.243364,39.084234,0.73574149,1.2859688,28.516003,36.67069
experiment_0a_best,file,16,,5979,103.Sayornis/Sayornis_0086_98829.jpg,103,102,103.Sayornis,19,18,color_jitter,color_jitter,0,"{""brightness"":0.95238,""contrast"":0.702214,""hue"":-0.015011,""saturation"":0.661437}",0.51172507,1.2745589,0.76283383,0.5994606,0.27955428,0.053324696,0.18181959,0.54613591,0.09773469,-0.44840122,0.75343999,2.5560495,65.330302,166.98749,False,0.94533598,False,True,False,0.75343999,2.5560495,65.330302,166.98749,0.75028941,2.5666613,64.401299,165.29632,0.89332285,2.1593154,10.978208,23.705412,0.86803688,1.7715157,19.770485,35.023723,0.70412274,3.4648314,28.395136,98.384357,0.80696263,2.6452628,34.074349,90.135609,0.77184304,2.2306024,31.243364,69.691521,0.75379763,2.0554157,28.516003,58.61224
experiment_0a_best,file,16,,5979,103.Sayornis/Sayornis_0086_98829.jpg,103,102,103.Sayornis,19,18,rotation,rotation,0,"{""angle"":9.949889}",0.51172507,1.6577895,1.1460644,0.5994606,0.19055976,0.053324696,0.084585153,0.54613591,0.10597461,-0.4401613,0.80702575,2.1050405,65.330302,137.52293,False,0.93837607,True,True,True,0.80702575,2.1050405,65.330302,137.52293,0.80335979,2.1046588,64.401299,135.54276,0.93239671,2.118137,10.978208,23.253347,0.89304428,1.7290759,19.770485,34.184668,0.80805616,2.1754769,28.395136,61.77296,0.79365833,2.2933846,34.074349,78.145588,0.79576478,2.1025013,31.243364,65.689212,0.80185104,1.9096927,28.516003,54.456802
experiment_0a_best,file,16,,5979,103.Sayornis/Sayornis_0086_98829.jpg,103,102,103.Sayornis,19,18,random_resized_crop,random_resized_crop,0,"{""area_fraction"":0.569971,""aspect"":0.986433,""fallback"":false,""height"":0.760138,""left"":0.06089,""top"":0.166978,""width"":0.749826}",0.51172507,1.5156516,1.0039265,0.5994606,0.21966502,0.053324696,0.040319327,0.54613591,0.17934569,-0.36679021,0.72154772,2.5533995,65.330302,166.81436,False,0.91982293,True,True,True,0.72154772,2.5533995,65.330302,166.81436,0.71688356,2.5622509,64.401299,165.01229,0.91309124,2.2274626,10.978208,24.453547,0.77066408,2.505662,19.770485,49.538152,0.6683922,2.9430769,28.395136,83.569068,0.74588461,2.8091674,34.074349,95.720551,0.72998798,2.2984134,31.243364,71.810165,0.71826331,2.066371,28.516003,58.92464
experiment_0a_best,file,16,,5979,103.Sayornis/Sayornis_0086_98829.jpg,103,102,103.Sayornis,19,18,gaussian_blur,gaussian_blur,0,"{""sigma"":1.824236}",0.51172507,3.1528487,2.6411237,0.5994606,0.042730227,0.053324696,0.012156435,0.54613591,0.030573792,-0.51556211,0.37078425,2.9248896,65.330302,191.08392,False,0.80942571,False,True,False,0.37078425,2.9248896,65.330302,191.08392,0.3587058,2.9141681,64.401299,187.67621,0.74334507,3.2725162,10.978208,35.926362,-0.20972026,1.9877894,19.770485,39.29956,0.24799494,3.6404792,28.395136,103.3719,0.47576724,3.1090759,34.074349,105.93974,0.44231834,2.774922,31.243364,86.697899,0.4597841,2.2868014,28.516003,65.210435
experiment_0a_best,file,16,,5979,103.Sayornis/Sayornis_0086_98829.jpg,103,102,103.Sayornis,19,18,random_erasing,random_erasing,0,"{""area_fraction"":0.05827,""erased"":true,""height"":0.382777,""left"":0.678247,""top"":0.097503,""width"":0.152229}",0.51172507,0.27294865,-0.23877642,0.5994606,0.76113188,0.053324696,0.020179868,0.54613591,0.74095201,0.19481611,0.94349362,0.58050577,65.330302,37.924617,False,0.989007,True,True,True,0.94349362,0.58050577,65.330302,37.924617,0.9423264,0.57911647,64.401299,37.295853,0.98345049,0.62644142,10.978208,6.8772039,0.98966713,0.57720043,19.770485,11.411532,0.95665608,0.55027578,28.395136,15.625155,0.94346534,0.56362848,34.074349,19.205274,0.92855509,0.59393691,31.243364,18.556587,0.92584752,0.61085106,28.516003,17.419031
experiment_0a_best,file,16,,7152,123.Henslow_Sparrow/Henslow_Sparrow_0081_116755.jpg,123,122,123.Henslow_Sparrow,121,120,identity,identity,0,{},2.1514335,2.1514335,0,0.1163173,0.1163173,0.19197616,0.19197616,-0.075658858,-0.075658858,0,1,1,168.43003,168.43003,False,1,True,False,False,1,1,168.43003,168.43003,1,1,166.27038,166.27038,1,1,26.885647,26.885647,1,1,36.332876,36.332876,1,1,74.185346,74.185346,1,1,101.94894,101.94894,1,1,77.833824,77.833824,1,1,66.110536,66.110536
experiment_0a_best,file,16,,7152,123.Henslow_Sparrow/Henslow_Sparrow_0081_116755.jpg,123,122,123.Henslow_Sparrow,121,120,horizontal_flip,horizontal_flip,0,"{""flipped"":true}",2.1514335,3.0570006,0.90556717,0.1163173,0.047028534,0.19197616,0.0072224075,-0.075658858,0.039806127,0.11546498,0.49506688,0.91183484,168.43003,153.58037,False,0.8940053,False,False,False,0.49506688,0.91183484,168.43003,153.58037,0.48546923,0.90598189,166.27038,150.63795,0.80408733,1.1128193,26.885647,29.918867,0.64223426,0.84201415,36.332876,30.592796,0.5029344,0.96967736,74.185346,71.935851,0.48705696,0.83899055,101.94894,85.5342,0.37073445,0.89258162,77.833824,69.473041,0.56980643,1.0077379,66.110536,66.622094
experiment_0a_best,file,16,,7152,123.Henslow_Sparrow/Henslow_Sparrow_0081_116755.jpg,123,122,123.Henslow_Sparrow,121,120,color_jitter,color_jitter,0,"{""brightness"":1.278913,""contrast"":1.280889,""hue"":0.070787,""saturation"":0.833723}",2.1514335,3.7301397,1.5787063,0.1163173,0.023989482,0.19197616,0.22287093,-0.075658858,-0.19888145,-0.12322259,0.65876068,1.0992803,168.43003,185.15181,False,0.90443671,False,False,False,0.65876068,1.0992803,168.43003,185.15181,0.6521784,1.091697,166.27038,181.51687,0.87639969,1.357892,26.885647,36.507806,0.53565913,0.82776702,36.332876,30.075157,0.55194365,1.0383335,74.185346,77.029131,0.67455728,1.0880429,101.94894,110.92482,0.68699361,1.175829,77.833824,91.519265,0.70241106,1.1146548,66.110536,73.690425
experiment_0a_best,file,16,,7152,123.Henslow_Sparrow/Henslow_Sparrow_0081_116755.jpg,123,122,123.Henslow_Sparrow,121,120,rotation,rotation,0,"{""angle"":0.87158}",2.1514335,1.0855325,-1.0659009,0.1163173,0.33772188,0.19197616,0.19606236,-0.075658858,0.14165953,0.21731839,0.89417957,0.81238803,168.43003,136.83054,False,0.96684682,False,False,True,0.89417957,0.81238803,168.43003,136.83054,0.89284282,0.81430669,166.27038,135.39508,0.9553601,0.73525841,26.885647,19.767898,0.8990794,0.73427588,36.332876,26.678355,0.86973639,0.82617678,74.185346,61.290211,0.91445253,0.81380714,101.94894,82.966777,0.89261798,0.82629538,77.833824,64.313729,0.87101298,0.80664697,66.110536,53.327864
experiment_0a_best,file,16,,7152,123.Henslow_Sparrow/Henslow_Sparrow_0081_116755.jpg,123,122,123.Henslow_Sparrow,121,120,random_resized_crop,random_resized_crop,0,"{""area_fraction"":0.783266,""aspect"":0.89751,""fallback"":false,""height"":0.93419,""left"":0.041218,""top"":0.037057,""width"":0.838444}",2.1514335,0.83848464,-1.3129488,0.1163173,0.43236521,0.19197616,0.021570513,-0.075658858,0.4107947,0.48645355,0.7073713,0.57983842,168.43003,97.662204,False,0.94111586,False,False,True,0.7073713,0.57983842,168.43003,97.662204,0.70175901,0.57831367,166.27038,96.15643,0.90578157,0.63541456,26.885647,17.083532,0.69891827,0.56588546,36.332876,20.560246,0.67602747,0.53858203,74.185346,39.954895,0.7406191,0.57554005,101.94894,58.6757,0.6491758,0.56952488,77.833824,44.328299,0.71769359,0.64514645,66.110536,42.650978
experiment_0a_best,file,16,,7152,123.Henslow_Sparrow/Henslow_Sparrow_0081_116755.jpg,123,122,123.Henslow_Sparrow,121,120,gaussian_blur,gaussian_blur,0,"{""sigma"":1.000359}",2.1514335,1.8996989,-0.25173461,0.1163173,0.14961368,0.19197616,0.089335807,-0.075658858,0.060277872,0.13593673,0.50600967,1.1740883,168.43003,197.75173,False,0.88260162,False,False,False,0.50600967,1.1740883,168.43003,197.75173,0.50004934,1.1776236,166.27038,195.80391,0.77114577,1.0298101,26.885647,27.687111,0.44914224,0.98797769,36.332876,35.896071,0.38235834,1.2518351,74.185346,92.867824,0.52549156,1.097445,101.94894,111.88336,0.50340596,1.2301246,77.833824,95.745299,0.61060302,1.241929,66.110536,82.104592
experiment_0a_best,file,16,,7152,123.Henslow_Sparrow/Henslow_Sparrow_0081_116755.jpg,123,122,123.Henslow_Sparrow,121,120,random_erasing,random_erasing,0,"{""area_fraction"":0.116087,""erased"":true,""height"":0.378881,""left"":0.270533,""top"":0.134488,""width"":0.306394}",2.1514335,7.1851478,5.0337143,0.1163173,0.00075775705,0.19197616,0.0041394536,-0.075658858,-0.0033816966,0.072277161,0.43917204,0.80657976,168.43003,135.85225,False,0.76576591,False,False,False,0.43917204,0.80657976,168.43003,135.85225,0.42983233,0.79637334,166.27038,132.41329,0.7171016,1.1297324,26.885647,30.373586,0.68793591,0.93904281,36.332876,34.118126,0.45526913,0.74550091,74.185346,55.305243,0.40761894,0.63890627,101.94894,65.135819,0.39959329,0.7925602,77.833824,61.687991,0.44148115,1.097298,66.110536,72.542957
experiment_0a_best,file,16,,2554,045.Northern_Fulmar/Northern_Fulmar_0076_43893.jpg,45,44,045.Northern_Fulmar,63,62,identity,identity,0,{},3.2685492,3.2685492,0,0.038061604,0.038061604,0.83647257,0.83647257,-0.79841097,-0.79841097,0,1,1,183.89134,183.89134,False,1.0000001,True,False,False,1,1,183.89134,183.89134,1,1,181.11517,181.11517,1,1,31.832736,31.832736,1,1,58.757742,58.757742,1,1,69.761908,69.761908,1,1,92.062219,92.062219,1,1,88.618009,88.618009,1,1,90.304506,90.304506
experiment_0a_best,file,16,,2554,045.Northern_Fulmar/Northern_Fulmar_0076_43893.jpg,45,44,045.Northern_Fulmar,63,62,horizontal_flip,horizontal_flip,0,"{""flipped"":true}",3.2685492,2.8501468,-0.41840243,0.038061604,0.057835829,0.83647257,0.84012318,-0.79841097,-0.78228735,0.016123619,0.69814154,1.0807993,183.89134,198.74965,False,0.96015769,True,False,False,0.69814154,1.0807993,183.89134,198.74965,0.68989814,1.0801466,181.11517,195.63093,0.95989893,1.1017209,31.832736,35.070789,0.70937741,1.1586442,58.757742,68.079319,0.63960682,1.1957834,69.761908,83.420131,0.66500354,1.0371514,92.062219,95.482456,0.67166388,1.0718071,88.618009,94.981414,0.76518128,1.0233019,90.304506,92.408772
experiment_0a_best,file,16,,2554,045.Northern_Fulmar/Northern_Fulmar_0076_43893.jpg,45,44,045.Northern_Fulmar,63,62,color_jitter,color_jitter,0,"{""brightness"":1.349508,""contrast"":0.713663,""hue"":0.00536,""saturation"":1.27447}",3.2685492,2.3021431,-0.96640611,0.038061604,0.1000442,0.83647257,0.31982669,-0.79841097,-0.21978249,0.57862847,0.5085275,0.64919044,183.89134,119.3805,False,0.91583872,True,False,False,0.5085275,0.64919044,183.89134,119.3805,0.49715343,0.64732433,181.11517,117.24025,0.84758156,0.70694307,31.832736,22.503932,0.062013964,0.5927182,58.757742,34.826783,0.21424395,0.74995141,69.761908,52.318041,0.61539324,0.66891243,92.062219,61.581563,0.60833344,0.59218275,88.618009,52.478056,0.64689397,0.63119384,90.304506,56.999648
experiment_0a_best,file,16,,2554,045.Northern_Fulmar/Northern_Fulmar_0076_43893.jpg,45,44,045.Northern_Fulmar,63,62,rotation,rotation,0,"{""angle"":10.092686}",3.2685492,4.1796403,0.91109109,0.038061604,0.015304008,0.83647257,0.87353891,-0.79841097,-0.8582349,-0.059823936,0.74810311,0.93553808,183.89134,172.03736,False,0.94831502,True,False,False,0.74810311,0.93553808,183.89134,172.03736,0.74154084,0.93345134,181.11517,169.06219,0.94800419,1.0007414,31.832736,31.856335,0.70912523,0.90582645,58.757742,53.224317,0.62222644,1.0235281,69.761908,71.403275,0.75769793,0.85383678,92.062219,78.606109,0.74988756,0.9215809,88.618009,81.668664,0.81216672,0.97812814,90.304506,88.329379
experiment_0a_best,file,16,,2554,045.Northern_Fulmar/Northern_Fulmar_0076_43893.jpg,45,44,045.Northern_Fulmar,63,62,random_resized_crop,random_resized_crop,0,"{""area_fraction"":0.805496,""aspect"":0.860579,""fallback"":false,""height"":0.967467,""left"":0.074983,""top"":0.001115,""width"":0.832582}",3.2685492,3.1889212,-0.079627991,0.038061604,0.04121631,0.83647257,0.81240612,-0.79841097,-0.77118981,0.027221154,0.79034646,0.90301958,183.89134,166.05749,False,0.9752748,True,False,False,0.79034646,0.90301958,183.89134,166.05749,0.78410259,0.89929602,181.11517,162.87615,0.97492543,1.0162135,31.832736,32.348856,0.53457327,0.82755517,58.757742,48.625273,0.7091335,0.97434042,69.761908,67.971847,0.83842478,0.89219901,92.062219,82.137821,0.80170418,0.86841841,88.618009,76.95751,0.85916295,0.91817615,90.304506,82.915443
experiment_0a_best,file,16,,2554,045.Northern_Fulmar/Northern_Fulmar_0076_43893.jpg,45,44,045.Northern_Fulmar,63,62,gaussian_blur,gaussian_blur,0,"{""sigma"":1.469217}",3.2685492,3.0132542,-0.25529504,0.038061604,0.049131535,0.83647257,0.47333631,-0.79841097,-0.42420477,0.37420619,0.53289353,0.67763997,183.89134,124.61213,False,0.90790153,True,False,False,0.53289353,0.67763997,183.89134,124.61213,0.52118578,0.67273015,181.11517,121.84163,0.85369502,0.82086588,31.832736,26.130406,0.73871466,0.47622674,58.757742,27.982008,0.40225211,0.66923172,69.761908,46.686882,0.45229029,0.68978582,92.062219,63.503213,0.50124736,0.7000173,88.618009,62.034139,0.62611443,0.70051927,90.304506,63.260046
experiment_0a_best,file,16,,2554,045.Northern_Fulmar/Northern_Fulmar_0076_43893.jpg,45,44,045.Northern_Fulmar,63,62,random_erasing,random_erasing,0,"{""area_fraction"":0.050901,""erased"":true,""height"":0.145982,""left"":0.130899,""top"":0.784551,""width"":0.348678}",3.2685492,3.6477244,0.37917519,0.038061604,0.026050342,0.83647257,0.92106897,-0.79841097,-0.89501862,-0.096607657,0.90773483,1.1231246,183.89134,206.5329,False,0.97461754,True,False,False,0.90773483,1.1231246,183.89134,206.5329,0.90576721,1.1239651,181.11517,203.56713,0.97336891,1.0955695,31.832736,34.874973,0.88579124,1.05,58.757742,61.695632,0.8961457,1.1429019,69.761908,79.731019,0.91031886,1.1135741,92.062219,102.5181,0.89535141,1.1411316,88.618009,101.12481,0.92588097,1.1368703,90.304506,102.66451
experiment_0a_best,file,16,,115,002.Laysan_Albatross/Laysan_Albatross_0018_492.jpg,2,1,002.Laysan_Albatross,1,0,identity,identity,0,{},0.18546012,0.18546012,0,0.83072197,0.83072197,0.061642297,0.061642297,0.76907968,0.76907968,0,1,1,30.931172,30.931172,False,1,True,True,True,1,1,30.931172,30.931172,1,1,30.626073,30.626073,1,1,4.3337131,4.3337131,1,1,6.585649,6.585649,1,1,13.258042,13.258042,1,1,16.930495,16.930495,1,1,15.771669,15.771669,1,1,13.543362,13.543362
experiment_0a_best,file,16,,115,002.Laysan_Albatross/Laysan_Albatross_0018_492.jpg,2,1,002.Laysan_Albatross,1,0,horizontal_flip,horizontal_flip,0,"{""flipped"":true}",0.18546012,0.048581425,-0.1368787,0.83072197,0.9525798,0.061642297,0.004831437,0.76907968,0.94774836,0.17866868,0.55725041,0.26505065,30.931172,8.1983273,False,0.95022184,True,True,True,0.55725041,0.26505065,30.931172,8.1983273,0.5498681,0.26495513,30.626073,8.1145352,0.91943233,0.26977798,4.3337131,1.1691404,0.50234744,0.29561851,6.585649,1.9468397,0.46903325,0.26663219,13.258042,3.5350208,0.53511539,0.2447164,16.930495,4.1431699,0.53724144,0.26281372,15.771669,4.1450111,0.67339182,0.2879843,13.543362,3.9002757
experiment_0a_best,file,16,,115,002.Laysan_Albatross/Laysan_Albatross_0018_492.jpg,2,1,002.Laysan_Albatross,1,0,color_jitter,color_jitter,0,"{""brightness"":1.146946,""contrast"":0.796996,""hue"":-0.009488,""saturation"":1.016171}",0.18546012,0.60073978,0.41527966,0.83072197,0.54840577,0.061642297,0.27732316,0.76907968,0.27108261,-0.49799707,0.85671654,2.7949161,30.931172,86.450032,False,0.98038018,True,True,True,0.85671654,2.7949161,30.931172,86.450032,0.85468254,2.7948338,30.626073,85.594783,0.95814611,2.7990267,4.3337131,12.130179,0.77330476,2.5332305,6.585649,16.682967,0.83099208,2.9458265,13.258042,39.055892,0.86303152,2.7190941,16.930495,46.03561,0.85975237,2.8220348,15.771669,44.508199,0.87913545,2.7848611,13.543362,37.716383
experiment_0a_best,file,16,,115,002.Laysan_Albatross/Laysan_Albatross_0018_492.jpg,2,1,002.Laysan_Albatross,1,0,rotation,rotation,0,"{""angle"":5.114174}",0.18546012,0.13377486,-0.051685259,0.83072197,0.87478697,0.061642297,0.090530224,0.76907968,0.78425675,0.015177071,0.76785744,0.90972432,30.931172,28.13884,False,0.96572357,True,True,True,0.76785744,0.90972432,30.931172,28.13884,0.76471749,0.90988859,30.626073,27.866314,0.92616586,0.90148222,4.3337131,3.9067653,0.62927158,0.95069895,6.585649,6.2609695,0.72983977,0.86833913,13.258042,11.512477,0.77490125,0.89865263,16.930495,15.214634,0.78070702,0.97801403,15.771669,15.424914,0.79804639,0.85911885,13.543362,11.635358
experiment_0a_best,file,16,,115,002.Laysan_Albatross/Laysan_Albatross_0018_492.jpg,2,1,002.Laysan_Albatross,1,0,random_resized_crop,random_resized_crop,0,"{""area_fraction"":0.669546,""aspect"":1.18967,""fallback"":false,""height"":0.7502,""left"":0.085022,""top"":0.210435,""width"":0.89249}",0.18546012,0.065427445,-0.12003268,0.83072197,0.93666703,0.061642297,0.0082144272,0.76907968,0.9284526,0.15937292,0.68568371,0.42650556,30.931172,13.192317,False,0.94463634,True,True,True,0.68568371,0.42650556,30.931172,13.192317,0.68169821,0.42695573,30.626073,13.075977,0.89744204,0.40338463,4.3337131,1.7481532,0.65738039,0.44958182,6.585649,2.960788,0.70286145,0.48848136,13.258042,6.4763065,0.65351216,0.42168592,16.930495,7.1393515,0.68116678,0.41361713,15.771669,6.5234325,0.72462838,0.38186507,13.543362,5.171737
experiment_0a_best,file,16,,115,002.Laysan_Albatross/Laysan_Albatross_0018_492.jpg,2,1,002.Laysan_Albatross,1,0,gaussian_blur,gaussian_blur,0,"{""sigma"":1.093346}",0.18546012,0.49065021,0.30519009,0.83072197,0.61222821,0.061642297,0.041855272,0.76907968,0.57037294,-0.19870673,0.59749386,2.4222302,30.931172,74.922421,False,0.94073737,True,True,True,0.59749386,2.4222302,30.931172,74.922421,0.59271323,2.429841,30.626073,74.416489,0.89757557,2.0057295,4.3337131,8.6922561,0.31592189,2.6849069,6.585649,17.681854,0.5841518,2.8711559,13.258042,38.065907,0.53473252,2.3563452,16.930495,39.894092,0.63826697,2.3515737,15.771669,37.088244,0.73909833,2.1002366,13.543362,28.444266
experiment_0a_best,file,16,,115,002.Laysan_Albatross/Laysan_Albatross_0018_492.jpg,2,1,002.Laysan_Albatross,1,0,random_erasing,random_erasing,0,"{""area_fraction"":0.068379,""erased"":true,""height"":0.413485,""left"":0.608041,""top"":0.014925,""width"":0.165372}",0.18546012,0.092852555,-0.092607565,0.83072197,0.91132784,0.061642297,0.0015245691,0.76907968,0.90980327,0.14072359,0.68680914,0.54621732,30.931172,16.895142,False,0.92246991,True,True,True,0.68680914,0.54621732,30.931172,16.895142,0.68323393,0.54556885,30.626073,16.708631,0.85653611,0.5776778,4.3337131,2.5034898,0.46630464,0.5237234,6.585649,3.4490585,0.67981406,0.58395086,13.258042,7.7420451,0.72253847,0.52852222,16.930495,8.948143,0.65048014,0.51730817,15.771669,8.1588135,0.72106267,0.57530084,13.543362,7.7915078
experiment_0a_best,file,16,,9090,155.Warbling_Vireo/Warbling_Vireo_0003_158484.jpg,155,154,155.Warbling_Vireo,153,152,identity,identity,0,{},0.033065818,0.033065818,0,0.96747488,0.96747488,0.014861454,0.014861454,0.95261342,0.95261342,0,1,1,5.6951024,5.6951024,False,1,True,True,True,1,1,5.6951024,5.6951024,1,1,5.5956751,5.5956751,1,1,1.0595341,1.0595341,1,1,1.1770492,1.1770492,1,1,2.5760876,2.5760876,1,1,3.1673284,3.1673284,1,1,2.6329198,2.6329198,1,1,2.5150887,2.5150887
experiment_0a_best,file,16,,9090,155.Warbling_Vireo/Warbling_Vireo_0003_158484.jpg,155,154,155.Warbling_Vireo,153,152,horizontal_flip,horizontal_flip,0,"{""flipped"":true}",0.033065818,0.037088111,0.0040222928,0.96747488,0.96359122,0.014861454,0.024009524,0.95261342,0.93958169,-0.013031729,0.69770999,1.2878702,5.6951024,7.3345526,False,0.97834551,True,True,True,0.69770999,1.2878702,5.6951024,7.3345526,0.68909506,1.2912603,5.5956751,7.2254728,0.96084693,1.1894287,1.0595341,1.2602403,0.69155343,1.670843,1.1770492,1.9666644,0.63058786,1.4665761,2.5760876,3.7780285,0.70515886,1.2452514,3.1673284,3.9441201,0.67437538,1.2294801,2.6329198,3.2371226,0.78093553,1.1267702,2.5150887,2.833927
experiment_0a_best,file,16,,9090,155.Warbling_Vireo/Warbling_Vireo_0003_158484.jpg,155,154,155.Warbling_Vireo,153,152,color_jitter,color_jitter,0,"{""brightness"":1.079123,""contrast"":0.783303,""hue"":0.084186,""saturation"":1.0774}",0.033065818,0.0093491366,-0.023716682,0.96747488,0.9906944,0.014861454,0.00092847622,0.95261342,0.98976593,0.037152504,0.62103766,0.24043891,5.6951024,1.3693242,False,0.94257379,True,True,True,0.62103766,0.24043891,5.6951024,1.3693242,0.61069313,0.23942681,5.5956751,1.3397546,0.88322622,0.26712755,1.0595341,0.28303076,0.65299141,0.17653336,1.1770492,0.20778845,0.38652852,0.23302576,2.5760876,0.60029478,0.59719193,0.2252612,3.1673284,0.7134762,0.66821096,0.24287687,2.6329198,0.6394753,0.77791736,0.27357549,2.5150887,0.68806661
experiment_0a_best,file,16,,9090,155.Warbling_Vireo/Warbling_Vireo_0003_158484.jpg,155,154,155.Warbling_Vireo,153,152,rotation,rotation,0,"{""angle"":-11.628893}",0.033065818,0.02652313,-0.0065426882,0.96747488,0.97382551,0.014861454,0.016680785,0.95261342,0.95714473,0.0045313062,0.79910769,0.82472498,5.6951024,4.6968932,False,0.97109252,True,True,True,0.79910769,0.82472498,5.6951024,4.6968932,0.79290811,0.81918978,5.5956751,4.5839198,0.95617453,0.96642056,1.0595341,1.0239556,0.8176073,0.81011988,1.1770492,0.95355097,0.77746654,0.81111974,2.5760876,2.0895155,0.8009988,0.8101599,3.1673284,2.5660425,0.75437309,0.82193628,2.6329198,2.1640923,0.8326466,0.8405384,2.5150887,2.1140286
experiment_0a_best,file,16,,9090,155.Warbling_Vireo/Warbling_Vireo_0003_158484.jpg,155,154,155.Warbling_Vireo,153,152,random_resized_crop,random_resized_crop,0,"{""area_fraction"":0.710872,""aspect"":0.811738,""fallback"":false,""height"":0.93581,""left"":0.092508,""top"":0.000321,""width"":0.759632}",0.033065818,0.012340737,-0.020725082,0.96747488,0.98773509,0.014861454,0.0057208752,0.95261342,0.98201422,0.029400794,0.725967,0.36621266,5.6951024,2.0856186,False,0.96200806,True,True,True,0.725967,0.36621266,5.6951024,2.0856186,0.71728179,0.36515232,5.5956751,2.0432738,0.9522196,0.39464091,1.0595341,0.41813551,0.56798738,0.34169527,1.1770492,0.40219215,0.71253109,0.34576242,2.5760876,0.89071431,0.71138172,0.37777733,3.1673284,1.1965449,0.6878891,0.35221353,2.6329198,0.92734996,0.79305561,0.38304812,2.5150887,0.96339998
experiment_0a_best,file,16,,9090,155.Warbling_Vireo/Warbling_Vireo_0003_158484.jpg,155,154,155.Warbling_Vireo,153,152,gaussian_blur,gaussian_blur,0,"{""sigma"":1.356403}",0.033065818,0.064081937,0.031016119,0.96747488,0.93792814,0.014861454,0.034998607,0.95261342,0.90292953,-0.04968389,0.62435205,1.8800815,5.6951024,10.707257,False,0.95339751,True,True,True,0.62435205,1.8800815,5.6951024,10.707257,0.61274094,1.8786255,5.5956751,10.512178,0.94133057,1.9202469,1.0595341,2.0345671,0.46432132,1.5200421,1.1770492,1.7891644,0.43952599,1.6726694,2.5760876,4.308943,0.62804341,1.832718,3.1673284,5.8048197,0.62406312,2.0925859,2.6329198,5.5096107,0.76715011,1.975479,2.5150887,4.9685049
experiment_0a_best,file,16,,9090,155.Warbling_Vireo/Warbling_Vireo_0003_158484.jpg,155,154,155.Warbling_Vireo,153,152,random_erasing,random_erasing,0,"{""area_fraction"":0.193063,""erased"":true,""height"":0.358399,""left"":0.05164,""top"":0.382306,""width"":0.538683}",0.033065818,4.2756724,4.2426066,0.96747488,0.013902698,0.014861454,0.033700686,0.95261342,-0.019797988,-0.97241141,0.31553403,25.804814,5.6951024,146.96106,False,0.6754517,False,True,False,0.31553403,25.804814,5.6951024,146.96106,0.30614142,25.895993,5.5956751,144.90556,0.61097206,23.11721,1.0595341,24.493473,0.074957849,25.763945,1.1770492,30.325432,0.28172106,26.73089,2.5760876,68.861116,0.22011888,24.94053,3.1673284,78.99485,0.37596805,25.394457,2.6329198,66.861567,0.43449688,27.041152,2.5150887,68.010896
experiment_0a_best,file,16,,313,006.Least_Auklet/Least_Auklet_0030_795116.jpg,6,5,006.Least_Auklet,7,6,identity,identity,0,{},0.068045549,0.068045549,0,0.93421793,0.93421793,0.055486184,0.055486184,0.87873175,0.87873175,0,1,1,17.422733,17.422733,False,0.99999994,True,True,True,1,1,17.422733,17.422733,1,1,17.230238,17.230238,1,1,2.5827341,2.5827341,1,1,4.6448112,4.6448112,1,1,10.113679,10.113679,1,1,8.1540201,8.1540201,1,1,7.5107985,7.5107985,1,1,7.0795624,7.0795624
experiment_0a_best,file,16,,313,006.Least_Auklet/Least_Auklet_0030_795116.jpg,6,5,006.Least_Auklet,7,6,horizontal_flip,horizontal_flip,0,"{""flipped"":true}",0.068045549,0.012686382,-0.055359167,0.93421793,0.98739374,0.055486184,0.010410558,0.87873175,0.97698318,0.098251433,0.80956789,0.18791064,17.422733,3.2739168,False,0.97339249,True,True,True,0.80956789,0.18791064,17.422733,3.2739168,0.80560722,0.18737579,17.230238,3.2285295,0.97187998,0.21034208,2.5827341,0.54325766,0.82950211,0.21640063,4.6448112,1.0051401,0.85390945,0.18074224,10.113679,1.8279689,0.75248285,0.18458461,8.1540201,1.5051066,0.7582469,0.18435633,7.5107985,1.3846633,0.82573719,0.19413692,7.0795624,1.3744044
experiment_0a_best,file,16,,313,006.Least_Auklet/Least_Auklet_0030_795116.jpg,6,5,006.Least_Auklet,7,6,color_jitter,color_jitter,0,"{""brightness"":0.944761,""contrast"":0.643839,""hue"":0.003654,""saturation"":0.923567}",0.068045549,0.40599886,0.33795331,0.93421793,0.66631091,0.055486184,0.30896264,0.87873175,0.35734826,-0.52138348,0.89714102,5.3944868,17.422733,93.986704,False,0.97449529,True,True,True,0.89714102,5.3944868,17.422733,93.986704,0.89537703,5.3896378,17.230238,92.864743,0.97329885,5.6060548,2.5827341,14.478949,0.74540947,5.4226364,4.6448112,25.187122,0.92071822,5.5413351,10.113679,56.043282,0.89616318,5.2311915,8.1540201,42.655241,0.89555979,5.3313627,7.5107985,40.042791,0.90741487,5.3334901,7.0795624,37.758776
experiment_0a_best,file,16,,313,006.Least_Auklet/Least_Auklet_0030_795116.jpg,6,5,006.Least_Auklet,7,6,rotation,rotation,0,"{""angle"":-6.248952}",0.068045549,0.024145938,-0.043899611,0.93421793,0.97614324,0.055486184,0.01577241,0.87873175,0.96037083,0.081639085,0.86576755,0.30533921,17.422733,5.3198435,False,0.97987401,True,True,True,0.86576755,0.30533921,17.422733,5.3198435,0.8632523,0.3047745,17.230238,5.2513373,0.97188535,0.32949348,2.5827341,0.85099406,0.77123354,0.30414719,4.6448112,1.4127063,0.90184441,0.2686214,10.113679,2.7167505,0.85008059,0.30774602,8.1540201,2.5093673,0.84657926,0.33881813,7.5107985,2.5447947,0.89091758,0.32906385,7.0795624,2.3296281
experiment_0a_best,file,16,,313,006.Least_Auklet/Least_Auklet_0030_795116.jpg,6,5,006.Least_Auklet,7,6,random_resized_crop,random_resized_crop,0,"{""area_fraction"":0.578483,""aspect"":1.146605,""fallback"":false,""height"":0.710295,""left"":0.045917,""top"":0.007014,""width"":0.814427}",0.068045549,0.18470919,0.11666364,0.93421793,0.83134604,0.055486184,0.044456232,0.87873175,0.7868898,-0.091841944,0.61835839,1.8895058,17.422733,32.920354,False,0.93324059,True,True,True,0.61835839,1.8895058,17.422733,32.920354,0.61439379,1.8809042,17.230238,32.408428,0.77575299,2.2391142,2.5827341,5.7830365,0.65581297,1.9332905,4.6448112,8.9797694,0.73206995,1.8584824,10.113679,18.796094,0.49958559,1.965269,8.1540201,16.024842,0.5037661,1.843621,7.5107985,13.847066,0.64207726,1.8299588,7.0795624,12.955308
experiment_0a_best,file,16,,313,006.Least_Auklet/Least_Auklet_0030_795116.jpg,6,5,006.Least_Auklet,7,6,gaussian_blur,gaussian_blur,0,"{""sigma"":1.906972}",0.068045549,0.052482642,-0.015562907,0.93421793,0.94887078,0.055486184,0.036911167,0.87873175,0.91195961,0.033227865,0.65299262,0.77661608,17.422733,13.530775,False,0.93817192,True,True,True,0.65299262,0.77661608,17.422733,13.530775,0.6470342,0.77744903,17.230238,13.395632,0.93297212,0.73859373,2.5827341,1.9075912,0.19122422,1.0939745,4.6448112,5.0813048,0.71044878,0.75280054,10.113679,7.6135828,0.66827758,0.79181337,8.1540201,6.4564621,0.68872503,0.7510686,7.5107985,5.641125,0.77316125,0.66476077,7.0795624,4.7062154
experiment_0a_best,file,16,,313,006.Least_Auklet/Least_Auklet_0030_795116.jpg,6,5,006.Least_Auklet,7,6,random_erasing,random_erasing,0,"{""area_fraction"":0.132816,""erased"":true,""height"":0.6004,""left"":0.312528,""top"":0.380104,""width"":0.221213}",0.068045549,0.95832717,0.89028163,0.93421793,0.38353392,0.055486184,0.11765423,0.87873175,0.26587969,-0.61285206,0.50200821,6.1485885,17.422733,107.12522,False,0.8705771,True,True,True,0.50200821,6.1485885,17.422733,107.12522,0.49612402,6.1227802,17.230238,105.49696,0.73106365,7.2041995,2.5827341,18.606532,0.23031258,5.197854,4.6448112,24.14305,0.67364575,5.4167369,10.113679,54.783137,0.45327238,6.4625022,8.1540201,52.695372,0.39384435,6.718569,7.5107985,50.461818,0.47559053,6.6588326,7.0795624,47.141621
experiment_0a_best,file,16,,5206,090.Red_breasted_Merganser/Red_Breasted_Merganser_0080_79488.jpg,90,89,090.Red_breasted_Merganser,51,50,identity,identity,0,{},0.69582558,0.69582558,0,0.49866259,0.49866259,0.20052177,0.20052177,0.29814082,0.29814082,0,1,1,90.483013,90.483013,False,1,True,True,True,1,1,90.483013,90.483013,1,1,89.452516,89.452516,1,1,13.617018,13.617018,1,1,22.052569,22.052569,1,1,37.426745,37.426745,1,1,47.022963,47.022963,1,1,47.300565,47.300565,1,1,40.818783,40.818783
experiment_0a_best,file,16,,5206,090.Red_breasted_Merganser/Red_Breasted_Merganser_0080_79488.jpg,90,89,090.Red_breasted_Merganser,51,50,horizontal_flip,horizontal_flip,0,"{""flipped"":true}",0.69582558,0.88544673,0.18962115,0.49866259,0.41252986,0.20052177,0.12959006,0.29814082,0.28293979,-0.015201032,0.58423401,1.4546431,90.483013,131.62049,False,0.951689,True,True,True,0.58423401,1.4546431,90.483013,131.62049,0.57764856,1.4553033,89.452516,130.18054,0.87441029,1.4258606,13.617018,19.41597,0.31493737,2.2269134,22.052569,49.10916,0.60676197,1.4753033,37.426745,55.215798,0.60386659,1.3782678,47.022963,64.810234,0.59046292,1.3715706,47.300565,64.876062,0.65338086,1.3589971,40.818783,55.472608
experiment_0a_best,file,16,,5206,090.Red_breasted_Merganser/Red_Breasted_Merganser_0080_79488.jpg,90,89,090.Red_breasted_Merganser,51,50,color_jitter,color_jitter,0,"{""brightness"":1.19882,""contrast"":1.101208,""hue"":-0.075349,""saturation"":1.270891}",0.69582558,2.2834945,1.5876689,0.49866259,0.1019274,0.20052177,0.17314546,0.29814082,-0.071218058,-0.36935888,0.51594049,1.2416414,90.483013,112.34746,False,0.84489572,False,True,False,0.51594049,1.2416414,90.483013,112.34746,0.50789501,1.2327403,89.452516,110.27172,0.80245667,1.5786478,13.617018,21.496475,0.33860491,1.068503,22.052569,23.563237,0.41909183,1.1605996,37.426745,43.437463,0.56304816,1.3363748,47.022963,62.840304,0.48126669,1.1493907,47.300565,54.366829,0.57794727,1.2993824,40.818783,53.039207
experiment_0a_best,file,16,,5206,090.Red_breasted_Merganser/Red_Breasted_Merganser_0080_79488.jpg,90,89,090.Red_breasted_Merganser,51,50,rotation,rotation,0,"{""angle"":-13.142848}",0.69582558,2.0161762,1.3203506,0.49866259,0.13316368,0.20052177,0.20444649,0.29814082,-0.071282819,-0.36942364,0.63425342,1.718732,90.483013,155.51605,False,0.94052577,False,True,False,0.63425342,1.718732,90.483013,155.51605,0.62733053,1.713938,89.452516,153.31607,0.90552648,1.9142079,13.617018,26.065803,0.63710508,1.6156057,22.052569,35.628255,0.50000049,1.8388241,37.426745,68.8212,0.57578145,1.6029552,47.022963,75.375703,0.69389373,1.7430847,47.300565,82.44889,0.71506328,1.7359016,40.818783,70.857392
experiment_0a_best,file,16,,5206,090.Red_breasted_Merganser/Red_Breasted_Merganser_0080_79488.jpg,90,89,090.Red_breasted_Merganser,51,50,random_resized_crop,random_resized_crop,0,"{""area_fraction"":0.512576,""aspect"":1.274299,""fallback"":false,""height"":0.634225,""left"":0.040736,""top"":0.10617,""width"":0.808192}",0.69582558,4.9051905,4.2093649,0.49866259,0.0074080308,0.20052177,0.47485447,0.29814082,-0.46744644,-0.76558726,0.60418937,2.0652862,90.483013,186.87332,False,0.9061147,False,True,False,0.60418937,2.0652862,90.483013,186.87332,0.59656691,2.0556756,89.452516,183.88535,0.88966648,2.4442852,13.617018,33.283876,0.50972757,2.1411323,22.052569,47.217467,0.51518431,2.4973318,37.426745,93.467,0.56786019,1.9317834,47.022963,90.838177,0.67180578,1.8595893,47.300565,87.959626,0.66827818,2.029061,40.818783,82.823802
experiment_0a_best,file,16,,5206,090.Red_breasted_Merganser/Red_Breasted_Merganser_0080_79488.jpg,90,89,090.Red_breasted_Merganser,51,50,gaussian_blur,gaussian_blur,0,"{""sigma"":1.13678}",0.69582558,3.8152781,3.1194525,0.49866259,0.022031587,0.20052177,0.11924388,0.29814082,-0.097212289,-0.39535311,0.59629377,1.9121025,90.483013,173.01279,False,0.88607365,False,True,False,0.59629377,1.9121025,90.483013,173.01279,0.59035882,1.904516,89.452516,170.36375,0.82315102,2.2148677,13.617018,30.159894,0.35482821,2.0814941,22.052569,45.902291,0.53704685,1.8200937,37.426745,68.120183,0.57643779,1.9325697,47.022963,90.875155,0.64724913,1.8750049,47.300565,88.688792,0.65273937,1.9216017,40.818783,78.437443
experiment_0a_best,file,16,,5206,090.Red_breasted_Merganser/Red_Breasted_Merganser_0080_79488.jpg,90,89,090.Red_breasted_Merganser,51,50,random_erasing,random_erasing,0,"{""area_fraction"":0.061859,""erased"":true,""height"":0.204777,""left"":0.611012,""top"":0.387835,""width"":0.302079}",0.69582558,1.2152655,0.51943994,0.49866259,0.29663125,0.20052177,0.15621074,0.29814082,0.14042051,-0.15772031,0.90397952,1.2287154,90.483013,111.17787,False,0.96931231,True,True,True,0.90397952,1.2287154,90.483013,111.17787,0.90285748,1.2274882,89.452516,109.80191,0.95118409,1.2805549,13.617018,17.43734,0.88457928,1.4240845,22.052569,31.404721,0.88163694,1.1176231,37.426745,41.828993,0.90138826,1.1544655,47.022963,54.286386,0.92276278,1.2678909,47.300565,59.971955,0.90957297,1.2909794,40.818783,52.696206
experiment_0a_best,file,16,,10103,172.Nashville_Warbler/Nashville_Warbler_0023_167242.jpg,172,171,172.Nashville_Warbler,200,199,identity,identity,0,{},2.8059278,2.8059278,0,0.060450662,0.060450662,0.45280096,0.45280096,-0.3923503,-0.3923503,0,1,1,166.79826,166.79826,False,0.99999994,True,False,False,1,1,166.79826,166.79826,1,1,164.18174,164.18174,1,1,29.428099,29.428099,1,1,40.168185,40.168185,1,1,73.449932,73.449932,1,1,84.446994,84.446994,1,1,81.315431,81.315431,1,1,78.764048,78.764048
experiment_0a_best,file,16,,10103,172.Nashville_Warbler/Nashville_Warbler_0023_167242.jpg,172,171,172.Nashville_Warbler,200,199,horizontal_flip,horizontal_flip,0,"{""flipped"":true}",2.8059278,1.4027638,-1.4031639,0.060450662,0.24591634,0.45280096,0.31734708,-0.3923503,-0.071430743,0.32091955,0.6654307,0.90846279,166.79826,151.53001,False,0.93783152,True,False,False,0.6654307,0.90846279,166.79826,151.53001,0.65831535,0.91199399,164.18174,149.73276,0.92747985,0.79070439,29.428099,23.268927,0.56040135,0.85107395,40.168185,34.186096,0.61268655,0.83881817,73.449932,61.611138,0.68537381,0.96397466,84.446994,81.404763,0.65583721,0.96838292,81.315431,78.744475,0.69622947,0.86369751,78.764048,68.028312
experiment_0a_best,file,16,,10103,172.Nashville_Warbler/Nashville_Warbler_0023_167242.jpg,172,171,172.Nashville_Warbler,200,199,color_jitter,color_jitter,0,"{""brightness"":1.111541,""contrast"":0.747833,""hue"":0.043867,""saturation"":0.963074}",2.8059278,3.4564772,0.65054941,0.060450662,0.031540673,0.45280096,0.010555975,-0.3923503,0.020984698,0.413335,0.6781577,1.1998707,166.79826,200.13635,False,0.84337485,False,False,False,0.6781577,1.1998707,166.79826,200.13635,0.67745285,1.2049849,164.18174,197.83653,0.71221258,1.0280435,29.428099,30.253365,0.73150506,1.2021008,40.168185,48.286207,0.75323475,1.2945108,73.449932,95.081727,0.72784841,1.3107482,84.446994,110.68874,0.62130285,1.1493536,81.315431,93.460183,0.58591386,1.0454408,78.764048,82.343153
experiment_0a_best,file,16,,10103,172.Nashville_Warbler/Nashville_Warbler_0023_167242.jpg,172,171,172.Nashville_Warbler,200,199,rotation,rotation,0,"{""angle"":-7.37826}",2.8059278,2.5124004,-0.29352736,0.060450662,0.081073396,0.45280096,0.3211903,-0.3923503,-0.2401169,0.1522334,0.75165094,1.0106867,166.79826,168.58078,False,0.94396955,True,False,False,0.75165094,1.0106867,166.79826,168.58078,0.7463669,1.0130378,164.18174,166.32231,0.93230942,0.93455511,29.428099,27.50218,0.60306797,0.93775324,40.168185,37.667846,0.70708206,0.95573189,73.449932,70.198442,0.7750887,1.0363216,84.446994,87.514243,0.75937965,1.0663979,81.315431,86.714608,0.76814282,0.99470542,78.764048,78.347025
experiment_0a_best,file,16,,10103,172.Nashville_Warbler/Nashville_Warbler_0023_167242.jpg,172,171,172.Nashville_Warbler,200,199,random_resized_crop,random_resized_crop,0,"{""area_fraction"":0.813486,""aspect"":0.899246,""fallback"":false,""height"":0.951121,""left"":0.066482,""top"":0.014998,""width"":0.855292}",2.8059278,2.7266183,-0.079309464,0.060450662,0.065440223,0.45280096,0.4426907,-0.3923503,-0.37725048,0.01509982,0.80041777,1.1338885,166.79826,189.13062,False,0.95659673,True,False,False,0.80041777,1.1338885,166.79826,189.13062,0.79559288,1.1347473,164.18174,186.30478,0.95462767,1.1068241,29.428099,32.571728,0.78092164,1.1871886,40.168185,47.687212,0.73783667,1.1594501,73.449932,85.161528,0.81343526,1.1844353,84.446994,100.022,0.80899224,1.1186295,81.315431,90.961839,0.82048088,1.054962,78.764048,83.09308
experiment_0a_best,file,16,,10103,172.Nashville_Warbler/Nashville_Warbler_0023_167242.jpg,172,171,172.Nashville_Warbler,200,199,gaussian_blur,gaussian_blur,0,"{""sigma"":1.937111}",2.8059278,6.4121685,3.6062407,0.060450662,0.0016414613,0.45280096,0.003402608,-0.3923503,-0.0017611467,0.39058915,0.32486455,0.85823924,166.79826,143.15281,False,0.75982708,False,False,False,0.32486455,0.85823924,166.79826,143.15281,0.31198749,0.84951645,164.18174,139.47509,0.64580188,1.0955555,29.428099,32.240114,0.58239611,0.83746437,40.168185,33.639424,0.32001441,0.78838291,73.449932,57.906671,0.30272367,0.95934788,84.446994,81.014045,0.25996514,0.78382438,81.315431,63.737017,0.30398109,0.83667759,78.764048,65.900114
experiment_0a_best,file,16,,10103,172.Nashville_Warbler/Nashville_Warbler_0023_167242.jpg,172,171,172.Nashville_Warbler,200,199,random_erasing,random_erasing,0,"{""area_fraction"":0.176675,""erased"":true,""height"":0.344861,""left"":0.018718,""top"":0.597886,""width"":0.512308}",2.8059278,2.7584283,-0.047499418,0.060450662,0.06339132,0.45280096,0.3683489,-0.3923503,-0.30495758,0.087392721,0.92737854,0.97489684,166.79826,162.61109,False,0.98658597,True,False,False,0.92737854,0.97489684,166.79826,162.61109,0.92555525,0.97397775,164.18174,159.90937,0.98287307,1.0030834,29.428099,29.518839,0.92467153,0.93032961,40.168185,37.369652,0.93562094,0.99334375,73.449932,72.961031,0.93169654,0.97305733,84.446994,82.171767,0.91977159,0.99404783,81.315431,80.831428,0.91680715,0.94714313,78.764048,74.600826
experiment_0a_best,file,16,,10552,180.Wilson_Warbler/Wilson_Warbler_0108_175179.jpg,180,179,180.Wilson_Warbler,182,181,identity,identity,0,{},0.02215201,0.02215201,0,0.97809154,0.97809154,0.0040901927,0.0040901927,0.97400135,0.97400135,0,1,1,3.618619,3.618619,False,1,True,True,True,1,1,3.618619,3.618619,1,1,3.5695405,3.5695405,1,1,0.59395617,0.59395617,1,1,0.76414833,0.76414833,1,1,1.5054674,1.5054674,1,1,1.9522364,1.9522364,1,1,1.824885,1.824885,1,1,1.658262,1.658262
experiment_0a_best,file,16,,10552,180.Wilson_Warbler/Wilson_Warbler_0108_175179.jpg,180,179,180.Wilson_Warbler,182,181,horizontal_flip,horizontal_flip,0,"{""flipped"":true}",0.02215201,0.026778029,0.0046260189,0.97809154,0.97357732,0.0040901927,0.0019993738,0.97400135,0.97157795,-0.0024233984,0.43383594,1.2430497,3.618619,4.4981232,False,0.93057078,True,True,True,0.43383594,1.2430497,3.618619,4.4981232,0.42194611,1.2415057,3.5695405,4.4316049,0.84511757,1.2975839,0.59395617,0.77070794,0.26755696,1.237937,0.76414833,0.94596748,0.25537098,1.1715764,1.5054674,1.7637701,0.35116918,1.2190579,1.9522364,2.3798893,0.43890017,1.223634,1.824885,2.2329913,0.64377771,1.3461814,1.658262,2.2323214
experiment_0a_best,file,16,,10552,180.Wilson_Warbler/Wilson_Warbler_0108_175179.jpg,180,179,180.Wilson_Warbler,182,181,color_jitter,color_jitter,0,"{""brightness"":0.792673,""contrast"":0.963207,""hue"":-0.024715,""saturation"":0.650882}",0.02215201,1.1121124,1.0899604,0.97809154,0.32886356,0.0040901927,0.0041976208,0.97400135,0.32466594,-0.6493354,0.63868986,34.599151,3.618619,125.20115,False,0.88259906,True,True,True,0.63868986,34.599151,3.618619,125.20115,0.63328167,34.663311,3.5695405,123.73209,0.85068423,32.196291,0.59395617,19.123186,0.64421372,36.957621,0.76414833,28.241104,0.57479239,43.435387,1.5054674,65.390558,0.62897045,37.108197,1.9522364,72.443973,0.67831111,29.556185,1.824885,53.936637,0.7075186,27.495336,1.658262,45.594472
experiment_0a_best,file,16,,10552,180.Wilson_Warbler/Wilson_Warbler_0108_175179.jpg,180,179,180.Wilson_Warbler,182,181,rotation,rotation,0,"{""angle"":-6.99463}",0.02215201,0.016461862,-0.0056901481,0.97809154,0.98367292,0.0040901927,0.0087005002,0.97400135,0.97497242,0.00097107142,0.72793332,0.77098477,3.618619,2.7899002,False,0.97929698,True,True,True,0.72793332,0.77098477,3.618619,2.7899002,0.72202509,0.76905719,3.5695405,2.7451808,0.92643153,0.83763571,0.59395617,0.4975189,0.70014806,0.73044794,0.76414833,0.55817058,0.74132077,0.76351401,1.5054674,1.1494454,0.68440425,0.73739757,1.9522364,1.4395744,0.70965439,0.79370323,1.824885,1.4484171,0.77623856,0.7938531,1.658262,1.3164164
experiment_0a_best,file,16,,10552,180.Wilson_Warbler/Wilson_Warbler_0108_175179.jpg,180,179,180.Wilson_Warbler,182,181,random_resized_crop,random_resized_crop,0,"{""area_fraction"":0.609593,""aspect"":1.172354,""fallback"":false,""height"":0.721092,""left"":0.017199,""top"":0.147744,""width"":0.845375}",0.02215201,0.10535563,0.083203617,0.97809154,0.90000439,0.0040901927,0.0011693147,0.97400135,0.89883507,-0.075166273,0.5762666,4.9533238,3.618619,17.924192,False,0.91424215,True,True,True,0.5762666,4.9533238,3.618619,17.924192,0.56820621,4.950276,3.5695405,17.670211,0.86109161,5.0621706,0.59395617,3.0067075,0.32144086,5.5840057,0.76414833,4.2670086,0.48136088,5.0153431,1.5054674,7.5504353,0.59932755,4.7792963,1.9522364,9.3303162,0.5696857,4.9837391,1.824885,9.0947505,0.657991,4.9453271,1.658262,8.2006481
experiment_0a_best,file,16,,10552,180.Wilson_Warbler/Wilson_Warbler_0108_175179.jpg,180,179,180.Wilson_Warbler,182,181,gaussian_blur,gaussian_blur,0,"{""sigma"":1.669358}",0.02215201,0.10649771,0.084345702,0.97809154,0.8989771,0.0040901927,0.002336496,0.97400135,0.8966406,-0.07736074,0.28537046,4.9499449,3.618619,17.911965,False,0.85897958,True,True,True,0.28537046,4.9499449,3.618619,17.911965,0.27201421,4.9604771,3.5695405,17.706624,0.81192807,4.5532474,0.59395617,2.7044294,-0.013397552,4.9884856,0.76414833,3.8119429,0.014824253,4.4912714,1.5054674,6.7614625,0.24183922,5.470884,1.9522364,10.680459,0.3303113,5.1463917,1.824885,9.3915727,0.53848324,4.306676,1.658262,7.1415972
experiment_0a_best,file,16,,10552,180.Wilson_Warbler/Wilson_Warbler_0108_175179.jpg,180,179,180.Wilson_Warbler,182,181,random_erasing,random_erasing,0,"{""area_fraction"":0.051017,""erased"":true,""height"":0.138344,""left"":0.593519,""top"":0.33039,""width"":0.368768}",0.02215201,0.16602798,0.14387597,0.97809154,0.84702253,0.0040901927,0.0027431727,0.97400135,0.84427936,-0.12972198,0.75495622,7.5771493,3.618619,27.418817,False,0.91017509,True,True,True,0.75495622,7.5771493,3.618619,27.418817,0.75210105,7.60313,3.5695405,27.139681,0.88215919,6.5702916,0.59395617,3.9024652,0.75057867,6.3339522,0.76414833,4.840079,0.67441628,7.0227379,1.5054674,10.572503,0.78821864,7.8187522,1.9522364,15.264053,0.74912015,8.0160052,1.824885,14.628287,0.76997103,7.4927694,1.658262,12.424975
experiment_0a_best,file,16,,345,007.Parakeet_Auklet/Parakeet_Auklet_0047_795956.jpg,7,6,007.Parakeet_Auklet,5,4,identity,identity,0,{},0.0037516227,0.0037516227,0,0.9962554,0.9962554,0.0013931971,0.0013931971,0.9948622,0.9948622,0,1,1,0.59775402,0.59775402,False,1,True,True,True,1,1,0.59775402,0.59775402,1,1,0.58557969,0.58557969,1,1,0.12002626,0.12002626,1,1,0.11970703,0.11970703,1,1,0.24975077,0.24975077,1,1,0.30530893,0.30530893,1,1,0.26728285,0.26728285,1,1,0.31866077,0.31866077
experiment_0a_best,file,16,,345,007.Parakeet_Auklet/Parakeet_Auklet_0047_795956.jpg,7,6,007.Parakeet_Auklet,5,4,horizontal_flip,horizontal_flip,0,"{""flipped"":true}",0.0037516227,0.013479644,0.0097280217,0.9962554,0.98661077,0.0013931971,0.0092642233,0.9948622,0.97734655,-0.017515654,0.50542397,3.4251592,0.59775402,2.0474027,False,0.95807976,True,True,True,0.50542397,3.4251592,0.59775402,2.0474027,0.48434998,3.3913467,0.58557969,1.9859037,0.92520338,4.1494277,0.12002626,0.4980403,0.014380771,3.2828747,0.11970703,0.39298317,0.27547637,3.3178932,0.24975077,0.82864638,0.50292547,3.4885479,0.30530893,1.0650848,0.46122201,3.3598787,0.26728285,0.89803798,0.67344851,3.3825601,0.31866077,1.0778892
experiment_0a_best,file,16,,345,007.Parakeet_Auklet/Parakeet_Auklet_0047_795956.jpg,7,6,007.Parakeet_Auklet,5,4,color_jitter,color_jitter,0,"{""brightness"":0.666193,""contrast"":1.323208,""hue"":0.054369,""saturation"":0.831128}",0.0037516227,0.065334983,0.06158336,0.9962554,0.93675363,0.0013931971,0.012720253,0.9948622,0.92403338,-0.070828823,0.78098315,17.667025,0.59775402,10.560535,False,0.94923466,True,True,True,0.78098315,17.667025,0.59775402,10.560535,0.77628137,17.786729,0.58557969,10.415547,0.93347853,14.529541,0.12002626,1.7439265,0.75726668,27.304118,0.11970703,3.2684949,0.75584156,18.927995,0.24975077,4.7272812,0.79300762,16.052151,0.30530893,4.9008651,0.73469715,18.526169,0.26728285,4.9517273,0.83899486,16.280622,0.31866077,5.1879956
experiment_0a_best,file,16,,345,007.Parakeet_Auklet/Parakeet_Auklet_0047_795956.jpg,7,6,007.Parakeet_Auklet,5,4,rotation,rotation,0,"{""angle"":-3.760086}",0.0037516227,0.015344778,0.011593155,0.9962554,0.98477232,0.0013931971,0.0068037277,0.9948622,0.9779686,-0.016893604,0.79235398,3.8705222,0.59775402,2.3136202,False,0.97983289,True,True,True,0.79235398,3.8705222,0.59775402,2.3136202,0.78405617,3.8569689,0.58557969,2.2585626,0.97704539,4.1801704,0.12002626,0.50173022,0.76437988,3.4940276,0.11970703,0.41825966,0.78978967,3.9359805,0.24975077,0.98301417,0.76383521,3.7783977,0.30530893,1.1535785,0.71760579,4.033099,0.26728285,1.0779782,0.8524368,3.8009866,0.31866077,1.2112253
experiment_0a_best,file,16,,345,007.Parakeet_Auklet/Parakeet_Auklet_0047_795956.jpg,7,6,007.Parakeet_Auklet,5,4,random_resized_crop,random_resized_crop,0,"{""area_fraction"":0.520532,""aspect"":0.977667,""fallback"":false,""height"":0.729673,""left"":0.049947,""top"":0.267107,""width"":0.713377}",0.0037516227,0.22286227,0.21911065,0.9962554,0.80022508,0.0013931971,0.040081933,0.9948622,0.76014315,-0.23471905,0.42738787,64.762275,0.59775402,38.711911,False,0.8935622,True,True,True,0.42738787,64.762275,0.59775402,38.711911,0.41330517,64.783287,0.58557969,37.935777,0.76533153,64.26012,0.12002626,7.712902,0.50867614,74.172613,0.11970703,8.8789832,0.34906003,82.396043,0.24975077,20.578475,0.43376841,63.761336,0.30530893,19.466905,0.36223623,60.407238,0.26728285,16.145819,0.49249466,54.096661,0.31866077,17.238484
experiment_0a_best,file,16,,345,007.Parakeet_Auklet/Parakeet_Auklet_0047_795956.jpg,7,6,007.Parakeet_Auklet,5,4,gaussian_blur,gaussian_blur,0,"{""sigma"":1.803179}",0.0037516227,0.10604429,0.10229267,0.9962554,0.8993848,0.0013931971,0.028706877,0.9948622,0.87067792,-0.12418428,0.48832971,29.82543,0.59775402,17.828271,False,0.92320752,True,True,True,0.48832971,29.82543,0.59775402,17.828271,0.4756931,30.098683,0.58557969,17.625177,0.91435457,22.356346,0.12002626,2.6833487,0.25988791,26.032831,0.11970703,3.1163129,0.37386297,32.471893,0.24975077,8.1098802,0.35144888,29.570113,0.30530893,9.0280193,0.50119282,34.591713,0.26728285,9.2457718,0.70240875,25.911156,0.31866077,8.256869
experiment_0a_best,file,16,,345,007.Parakeet_Auklet/Parakeet_Auklet_0047_795956.jpg,7,6,007.Parakeet_Auklet,5,4,random_erasing,random_erasing,0,"{""area_fraction"":0.068584,""erased"":true,""height"":0.237375,""left"":0.417237,""top"":0.666858,""width"":0.288927}",0.0037516227,0.0040782862,0.00032666349,0.9962554,0.99593002,0.0013931971,0.0014556221,0.9948622,0.99447439,-0.00038780679,0.87692625,1.1110339,0.59775402,0.66412501,False,0.98632878,True,True,True,0.87692625,1.1110339,0.59775402,0.66412501,0.87254405,1.1118075,0.58557969,0.6510519,0.98320993,1.0924593,0.12002626,0.13112381,0.79656544,0.95341323,0.11970703,0.11413027,0.82203479,1.1378983,0.24975077,0.28419098,0.88709773,1.1448677,0.30530893,0.34953832,0.87009249,1.0940531,0.26728285,0.29242164,0.90372242,1.0978574,0.31866077,0.34984409
experiment_0a_best,file,16,,9955,170.Mourning_Warbler/Mourning_Warbler_0008_166467.jpg,170,169,170.Mourning_Warbler,153,152,identity,identity,0,{},0.65937626,0.65937626,0,0.51717383,0.51717383,0.096784733,0.096784733,0.42038909,0.42038909,0,1,1,67.568832,67.568832,False,1,True,True,True,1,1,67.568832,67.568832,1,1,66.377128,66.377128,1,1,12.634237,12.634237,1,1,16.087702,16.087702,1,1,32.045865,32.045865,1,1,36.804709,36.804709,1,1,31.413794,31.413794,1,1,27.906245,27.906245
experiment_0a_best,file,16,,9955,170.Mourning_Warbler/Mourning_Warbler_0008_166467.jpg,170,169,170.Mourning_Warbler,153,152,horizontal_flip,horizontal_flip,0,"{""flipped"":true}",0.65937626,0.20462997,-0.45474629,0.51717383,0.8149488,0.096784733,0.022430394,0.42038909,0.7925184,0.37212931,0.62828867,0.36940544,67.568832,24.960294,False,0.95340908,True,True,True,0.62828867,0.36940544,67.568832,24.960294,0.61563873,0.36808679,66.377128,24.432544,0.94896279,0.40410775,12.634237,5.1055929,0.72591109,0.3338013,16.087702,5.3700959,0.58219719,0.33704899,32.045865,10.801026,0.61294939,0.35647139,36.804709,13.119826,0.61427784,0.39243945,31.413794,12.328012,0.63613807,0.40437101,27.906245,11.284477
experiment_0a_best,file,16,,9955,170.Mourning_Warbler/Mourning_Warbler_0008_166467.jpg,170,169,170.Mourning_Warbler,153,152,color_jitter,color_jitter,0,"{""brightness"":0.99608,""contrast"":1.001125,""hue"":-0.034681,""saturation"":1.065011}",0.65937626,1.2709222,0.61154592,0.51717383,0.28057274,0.096784733,0.12449794,0.42038909,0.1560748,-0.26431429,0.84877114,1.584644,67.568832,107.07255,False,0.95465505,True,True,True,0.84877114,1.584644,67.568832,107.07255,0.84513907,1.5855016,66.377128,105.24104,0.9507118,1.5607875,12.634237,19.719358,0.87430568,1.6062839,16.087702,25.841416,0.8484519,1.4636696,32.045865,46.904558,0.84367112,1.6096947,36.804709,59.244346,0.83667776,1.6558022,31.413794,52.015029,0.84960735,1.5995116,27.906245,44.636363
experiment_0a_best,file,16,,9955,170.Mourning_Warbler/Mourning_Warbler_0008_166467.jpg,170,169,170.Mourning_Warbler,153,152,rotation,rotation,0,"{""angle"":-12.522956}",0.65937626,0.34118289,-0.31819338,0.51717383,0.71092886,0.096784733,0.055401184,0.42038909,0.65552767,0.23513858,0.70935806,0.69432384,67.568832,46.914652,False,0.93994474,True,True,True,0.70935806,0.69432384,67.568832,46.914652,0.70227011,0.69683693,66.377128,46.254034,0.93347778,0.62095614,12.634237,7.8453069,0.73030238,0.73159899,16.087702,11.769747,0.78950048,0.70665114,32.045865,22.645247,0.69029298,0.68264971,36.804709,25.124724,0.63956182,0.72745977,31.413794,22.852271,0.680651,0.6555062,27.906245,18.292716
experiment_0a_best,file,16,,9955,170.Mourning_Warbler/Mourning_Warbler_0008_166467.jpg,170,169,170.Mourning_Warbler,153,152,random_resized_crop,random_resized_crop,0,"{""area_fraction"":0.750514,""aspect"":0.810502,""fallback"":false,""height"":0.962282,""left"":0.177728,""top"":0.012382,""width"":0.779931}",0.65937626,4.280549,3.6211728,0.51717383,0.013835061,0.096784733,0.072916396,0.42038909,-0.059081335,-0.47947043,0.55430562,2.2015743,67.568832,148.7578,False,0.82419753,False,True,False,0.55430562,2.2015743,67.568832,148.7578,0.54707103,2.2135676,66.377128,146.93026,0.80376495,1.8399314,12.634237,23.246128,0.61810717,2.0416311,16.087702,32.845152,0.50105466,2.0474381,32.045865,65.611927,0.56233128,2.3066295,36.804709,84.894827,0.54360671,2.3430903,31.413794,73.605355,0.56381392,2.1440436,27.906245,59.832206
experiment_0a_best,file,16,,9955,170.Mourning_Warbler/Mourning_Warbler_0008_166467.jpg,170,169,170.Mourning_Warbler,153,152,gaussian_blur,gaussian_blur,0,"{""sigma"":1.172648}",0.65937626,2.9353113,2.2759351,0.51717383,0.053114165,0.096784733,0.029803645,0.42038909,0.02331052,-0.39707857,0.63290165,2.2626463,67.568832,152.88437,False,0.85555518,False,True,False,0.63290165,2.2626463,67.568832,152.88437,0.62691849,2.2737477,66.377128,150.92484,0.83554369,1.9311981,12.634237,24.399214,0.60340403,2.5374172,16.087702,40.821212,0.65315627,2.5387252,32.045865,81.355647,0.6025448,2.2575263,36.804709,83.087599,0.61754009,2.1589066,31.413794,67.819446,0.67044382,1.9595055,27.906245,54.682441
experiment_0a_best,file,16,,9955,170.Mourning_Warbler/Mourning_Warbler_0008_166467.jpg,170,169,170.Mourning_Warbler,153,152,random_erasing,random_erasing,0,"{""area_fraction"":0.105663,""erased"":true,""height"":0.194245,""left"":0.404531,""top"":0.500019,""width"":0.543967}",0.65937626,0.91164339,0.25226712,0.51717383,0.40186328,0.096784733,0.046154317,0.42038909,0.35570896,-0.064680133,0.90730639,1.244177,67.568832,84.067584,False,0.96012604,True,True,True,0.90730639,1.244177,67.568832,84.067584,0.9060516,1.2476748,66.377128,82.81707,0.94844434,1.1434138,12.634237,14.446161,0.92280287,1.2626728,16.087702,20.313504,0.91664544,1.2882731,32.045865,41.283827,0.90698937,1.2375425,36.804709,45.547392,0.9012837,1.2344712,31.413794,38.779425,0.89100517,1.2221881,27.906245,34.10668
experiment_0a_best,file,16,,7995,137.Cliff_Swallow/Cliff_Swallow_0044_133927.jpg,137,136,137.Cliff_Swallow,135,134,identity,identity,0,{},0.94182217,0.94182217,0,0.38991672,0.38991672,0.24380015,0.24380015,0.14611657,0.14611657,0,1,1,92.028806,92.028806,False,1,True,True,True,1,1,92.028806,92.028806,1,1,89.881978,89.881978,1,1,19.761865,19.761865,1,1,21.172655,21.172655,1,1,35.382047,35.382047,1,1,44.341712,44.341712,1,1,43.402486,43.402486,1,1,50.285547,50.285547
experiment_0a_best,file,16,,7995,137.Cliff_Swallow/Cliff_Swallow_0044_133927.jpg,137,136,137.Cliff_Swallow,135,134,horizontal_flip,horizontal_flip,0,"{""flipped"":true}",0.94182217,0.89717978,-0.044642389,0.38991672,0.40771788,0.24380015,0.096018225,0.14611657,0.31169966,0.16558309,0.56500677,1.2184952,92.028806,112.13666,False,0.94961917,True,True,True,0.56500677,1.2184952,92.028806,112.13666,0.55382475,1.2327097,89.881978,110.79839,0.92382657,0.87404529,19.761865,17.272765,0.5676502,1.9909131,21.172655,42.152917,0.29400531,1.178496,35.382047,41.697601,0.56782442,1.2537832,44.341712,55.594893,0.54423083,1.200198,43.402486,52.091576,0.71129481,1.0812806,50.285547,54.372788
experiment_0a_best,file,16,,7995,137.Cliff_Swallow/Cliff_Swallow_0044_133927.jpg,137,136,137.Cliff_Swallow,135,134,color_jitter,color_jitter,0,"{""brightness"":0.652126,""contrast"":1.00219,""hue"":0.01277,""saturation"":0.794186}",0.94182217,1.3293066,0.38748443,0.38991672,0.26466075,0.24380015,0.66990989,0.14611657,-0.40524915,-0.55136572,0.61099137,1.6305136,92.028806,150.05422,False,0.95258129,False,True,False,0.61099137,1.6305136,92.028806,150.05422,0.59979142,1.6388725,89.881978,147.3051,0.87799533,1.4468048,19.761865,28.591561,0.40990991,1.5896201,21.172655,33.656479,0.38091444,1.940142,35.382047,68.646193,0.634455,1.7619286,44.341712,78.126928,0.64007263,1.5707708,43.402486,68.175357,0.73280541,1.4204589,50.285547,71.42855
experiment_0a_best,file,16,,7995,137.Cliff_Swallow/Cliff_Swallow_0044_133927.jpg,137,136,137.Cliff_Swallow,135,134,rotation,rotation,0,"{""angle"":-3.634044}",0.94182217,1.3159438,0.37412167,0.38991672,0.26822108,0.24380015,0.40647876,0.14611657,-0.13825768,-0.28437425,0.72928971,1.2549595,92.028806,115.49243,False,0.93500006,False,True,False,0.72928971,1.2549595,92.028806,115.49243,0.72085359,1.2580856,89.881978,113.07922,0.91516127,1.1884482,19.761865,23.485954,0.6729224,1.1581053,21.172655,24.520165,0.61229636,1.3654845,35.382047,48.313636,0.73230261,1.2957183,44.341712,57.454365,0.72704631,1.2710871,43.402486,55.168339,0.78044482,1.1776587,50.285547,59.219212
experiment_0a_best,file,16,,7995,137.Cliff_Swallow/Cliff_Swallow_0044_133927.jpg,137,136,137.Cliff_Swallow,135,134,random_resized_crop,random_resized_crop,0,"{""area_fraction"":0.709159,""aspect"":0.963938,""fallback"":false,""height"":0.857724,""left"":0.126856,""top"":0.050425,""width"":0.826792}",0.94182217,0.84162778,-0.10019439,0.38991672,0.43100837,0.24380015,0.40175819,0.14611657,0.029250175,-0.11686639,0.69417361,1.2468934,92.028806,114.75011,False,0.9380765,True,True,True,0.69417361,1.2468934,92.028806,114.75011,0.68543678,1.2529035,89.881978,112.61345,0.90171069,1.1153218,19.761865,22.040838,0.66420807,1.4496021,21.172655,30.691925,0.56762333,1.2500228,35.382047,44.228366,0.6842814,1.357884,44.341712,60.210903,0.69407592,1.2536653,43.402486,54.412188,0.756798,1.1245256,50.285547,56.547387
experiment_0a_best,file,16,,7995,137.Cliff_Swallow/Cliff_Swallow_0044_133927.jpg,137,136,137.Cliff_Swallow,135,134,gaussian_blur,gaussian_blur,0,"{""sigma"":1.840743}",0.94182217,3.2664862,2.324664,0.38991672,0.038140215,0.24380015,0.0076555368,0.14611657,0.030484678,-0.11563189,0.48996604,1.4751172,92.028806,135.75328,False,0.82045686,False,True,False,0.48996604,1.4751172,92.028806,135.75328,0.48124323,1.4912498,89.881978,134.03648,0.76060595,1.0890412,19.761865,21.521486,0.41731993,1.5547327,21.172655,32.917819,0.30798727,1.4691055,35.382047,51.97996,0.51343443,1.6089826,44.341712,71.345042,0.49824482,1.5725935,43.402486,68.254467,0.54972097,1.3238287,50.285547,66.569449
experiment_0a_best,file,16,,7995,137.Cliff_Swallow/Cliff_Swallow_0044_133927.jpg,137,136,137.Cliff_Swallow,135,134,random_erasing,random_erasing,0,"{""area_fraction"":0.133331,""erased"":true,""height"":0.262684,""left"":0.120867,""top"":0.510679,""width"":0.507571}",0.94182217,1.581604,0.63978183,0.38991672,0.20564501,0.24380015,0.2346548,0.14611657,-0.029009789,-0.17512636,0.78404431,1.3459559,92.028806,123.86671,False,0.94708467,False,True,False,0.78404431,1.3459559,92.028806,123.86671,0.7786061,1.3567409,89.881978,121.94656,0.9396265,1.099367,19.761865,21.725543,0.79642129,1.4447758,21.172655,30.589739,0.67217396,1.5938946,35.382047,56.395254,0.77607929,1.3752563,44.341712,60.981219,0.78839007,1.2989037,43.402486,56.375649,0.84829121,1.2351832,50.285547,62.111863
experiment_0a_best,file,16,,7867,135.Bank_Swallow/Bank_Swallow_0015_129853.jpg,135,134,135.Bank_Swallow,102,101,identity,identity,0,{},0.060097829,0.060097829,0,0.94167238,0.94167238,0.033195093,0.033195093,0.90847729,0.90847729,0,1,1,11.843248,11.843248,False,1,True,True,True,1,1,11.843248,11.843248,1,1,11.667495,11.667495,1,1,2.0327528,2.0327528,1,1,3.2486592,3.2486592,1,1,5.6652419,5.6652419,1,1,5.9284699,5.9284699,1,1,5.5745044,5.5745044,1,1,5.2210947,5.2210947
experiment_0a_best,file,16,,7867,135.Bank_Swallow/Bank_Swallow_0015_129853.jpg,135,134,135.Bank_Swallow,102,101,horizontal_flip,horizontal_flip,0,"{""flipped"":true}",0.060097829,0.070843413,0.010745585,0.94167238,0.93160778,0.033195093,0.038766168,0.90847729,0.89284161,-0.015635677,0.74550188,1.2044689,11.843248,14.264823,False,0.96900612,True,True,True,0.74550188,1.2044689,11.843248,14.264823,0.73859564,1.2030423,11.667495,14.03649,0.96492386,1.2505562,2.0327528,2.5420715,0.74946184,1.1476682,3.2486592,3.7283829,0.74429031,1.2746895,5.6652419,7.2214243,0.74690952,1.2287821,5.9284699,7.2847976,0.69012217,1.1603103,5.5745044,6.4681551,0.77471395,1.1502682,5.2210947,6.0056591
experiment_0a_best,file,16,,7867,135.Bank_Swallow/Bank_Swallow_0015_129853.jpg,135,134,135.Bank_Swallow,102,101,color_jitter,color_jitter,0,"{""brightness"":0.736237,""contrast"":1.082094,""hue"":0.082696,""saturation"":0.955616}",0.060097829,0.1466395,0.086541668,0.94167238,0.86360526,0.033195093,0.057054371,0.90847729,0.80655089,-0.1019264,0.69445044,2.5365977,11.843248,30.041555,False,0.95695865,True,True,True,0.69445044,2.5365977,11.843248,30.041555,0.68821217,2.5437796,11.667495,29.679536,0.92681956,2.2874167,2.0327528,4.6497527,0.78893604,3.157727,3.2486592,10.258379,0.43400823,2.6885739,5.6652419,15.231421,0.74307301,2.5284419,5.9284699,14.989791,0.78536097,2.3900057,5.5745044,13.323097,0.80864584,2.2778916,5.2210947,11.893088
experiment_0a_best,file,16,,7867,135.Bank_Swallow/Bank_Swallow_0015_129853.jpg,135,134,135.Bank_Swallow,102,101,rotation,rotation,0,"{""angle"":-10.973012}",0.060097829,0.019513777,-0.040584052,0.94167238,0.9806754,0.033195093,0.0088242562,0.90847729,0.97185114,0.063373852,0.82803252,0.32870562,11.843248,3.8929422,False,0.96318674,True,True,True,0.82803252,0.32870562,11.843248,3.8929422,0.82396991,0.32788383,11.667495,3.8255829,0.95423088,0.35471634,2.0327528,0.72105063,0.84289777,0.29559271,3.2486592,0.96027999,0.83404381,0.34924983,5.6652419,1.9785847,0.82778742,0.31688518,5.9284699,1.8786443,0.80251351,0.32279447,5.5745044,1.7994192,0.82841361,0.33344698,5.2210947,1.7409583
experiment_0a_best,file,16,,7867,135.Bank_Swallow/Bank_Swallow_0015_129853.jpg,135,134,135.Bank_Swallow,102,101,random_resized_crop,random_resized_crop,0,"{""area_fraction"":0.639915,""aspect"":1.275674,""fallback"":false,""height"":0.708258,""left"":0.023753,""top"":0.156135,""width"":0.903506}",0.060097829,0.22400616,0.16390833,0.94167238,0.79931021,0.033195093,0.14361726,0.90847729,0.65569295,-0.25278434,0.76118084,4.4102641,11.843248,52.231851,False,0.94180375,True,True,True,0.76118084,4.4102641,11.843248,52.231851,0.75626673,4.4180451,11.667495,51.547519,0.9352057,4.1457613,2.0327528,8.4273077,0.58465172,4.5674884,3.2486592,14.838213,0.78884128,4.7739537,5.6652419,27.045603,0.79125095,4.597186,5.9284699,27.254279,0.75845955,4.245674,5.5745044,23.667528,0.74342886,3.8428618,5.2210947,20.063946
experiment_0a_best,file,16,,7867,135.Bank_Swallow/Bank_Swallow_0015_129853.jpg,135,134,135.Bank_Swallow,102,101,gaussian_blur,gaussian_blur,0,"{""sigma"":1.02816}",0.060097829,0.094493389,0.034395561,0.94167238,0.90983373,0.033195093,0.056032773,0.90847729,0.85380096,-0.054676335,0.72360753,1.5159257,11.843248,17.953484,False,0.94387013,True,True,True,0.72360753,1.5159257,11.843248,17.953484,0.71668147,1.5132037,11.667495,17.655296,0.94016602,1.6030202,2.0327528,3.2585438,0.5370915,1.6544193,3.2486592,5.3746446,0.68454611,1.4310958,5.6652419,8.1075037,0.71517928,1.5668386,5.9284699,9.2889557,0.75663799,1.4611037,5.5745044,8.1449293,0.78894093,1.5378197,5.2210947,8.0291023
experiment_0a_best,file,16,,7867,135.Bank_Swallow/Bank_Swallow_0015_129853.jpg,135,134,135.Bank_Swallow,102,101,random_erasing,random_erasing,0,"{""area_fraction"":0.143796,""erased"":true,""height"":0.275193,""left"":0.447431,""top"":0.01032,""width"":0.522527}",0.060097829,0.10155877,0.041460939,0.94167238,0.90342808,0.033195093,0.017334774,0.90847729,0.8860933,-0.022383988,0.85268313,1.5251335,11.843248,18.062534,False,0.97277731,True,True,True,0.85268313,1.5251335,11.843248,18.062534,0.85106685,1.5272948,11.667495,17.819705,0.90974281,1.4521316,2.0327528,2.9518246,0.84691705,1.4282883,3.2486592,4.640022,0.91087725,1.4534533,5.6652419,8.2341645,0.84924273,1.5472741,5.9284699,9.1729678,0.82897128,1.5825913,5.5745044,8.8221625,0.81750379,1.5587908,5.2210947,8.1385945
experiment_0a_best,file,16,,2741,048.European_Goldfinch/European_Goldfinch_0100_794685.jpg,48,47,048.European_Goldfinch,192,191,identity,identity,0,{},0.0051184804,0.0051184804,0,0.99489462,0.99489462,0.00069070992,0.00069070992,0.99420391,0.99420391,0,1,1,0.69036031,0.69036031,False,1,True,True,True,1,1,0.69036031,0.69036031,1,1,0.67516769,0.67516769,1,1,0.14403457,0.14403457,1,1,0.11070893,0.11070893,1,1,0.26411699,0.26411699,1,1,0.28676585,0.28676585,1,1,0.32494482,0.32494482,1,1,0.43129266,0.43129266
experiment_0a_best,file,16,,2741,048.European_Goldfinch/European_Goldfinch_0100_794685.jpg,48,47,048.European_Goldfinch,192,191,horizontal_flip,horizontal_flip,0,"{""flipped"":true}",0.0051184804,0.0051599899,4.1509513e-05,0.99489462,0.99485332,0.00069070992,0.00081168173,0.99420391,0.99404164,-0.00016227784,0.62852239,0.9843649,0.69036031,0.67956646,False,0.97559661,True,True,True,0.62852239,0.9843649,0.69036031,0.67956646,0.61236925,0.98272763,0.67516769,0.66350594,0.97100298,1.0196773,0.14403457,0.14686878,0.23373223,1.0365197,0.11070893,0.11475199,0.61834847,0.9507607,0.26411699,0.25111205,0.49874803,0.98389237,0.28676585,0.28214673,0.47889078,0.98834356,0.32494482,0.32115712,0.76252265,0.9871572,0.43129266,0.42575366
experiment_0a_best,file,16,,2741,048.European_Goldfinch/European_Goldfinch_0100_794685.jpg,48,47,048.European_Goldfinch,192,191,color_jitter,color_jitter,0,"{""brightness"":0.847625,""contrast"":1.030867,""hue"":0.082629,""saturation"":1.288417}",0.0051184804,0.091115326,0.085996845,0.99489462,0.91291243,0.00069070992,0.001927739,0.99420391,0.91098469,-0.083219224,0.48082354,19.78471,0.69036031,13.658579,False,0.90174639,True,True,True,0.48082354,19.78471,0.69036031,13.658579,0.46728792,19.777766,0.67516769,13.353308,0.77588586,19.936691,0.14403457,2.8715727,0.47712144,29.923495,0.11070893,3.3127982,0.43779081,22.727866,0.26411699,6.0028154,0.34382226,20.655771,0.28676585,5.9233696,0.42174328,19.875159,0.32494482,6.4583301,0.58877833,17.117898,0.43129266,7.3828237
experiment_0a_best,file,16,,2741,048.European_Goldfinch/European_Goldfinch_0100_794685.jpg,48,47,048.European_Goldfinch,192,191,rotation,rotation,0,"{""angle"":-3.132641}",0.0051184804,0.0032343953,-0.0018840851,0.99489462,0.99677086,0.00069070992,0.00048093719,0.99420391,0.99628992,0.0020860077,0.84333302,0.62505409,0.69036031,0.43151254,False,0.99082518,True,True,True,0.84333302,0.62505409,0.69036031,0.43151254,0.83643747,0.6239315,0.67516769,0.42125839,0.98958075,0.64923094,0.14403457,0.093511698,0.64609747,0.70088187,0.11070893,0.077593885,0.74621086,0.58356221,0.26411699,0.15412869,0.76258597,0.62995529,0.28676585,0.18064966,0.8316029,0.62979827,0.32494482,0.20464969,0.9186062,0.6271677,0.43129266,0.27049283
experiment_0a_best,file,16,,2741,048.European_Goldfinch/European_Goldfinch_0100_794685.jpg,48,47,048.European_Goldfinch,192,191,random_resized_crop,random_resized_crop,0,"{""area_fraction"":0.551037,""aspect"":0.954111,""fallback"":false,""height"":0.759961,""left"":0.181181,""top"":0.065355,""width"":0.725087}",0.0051184804,0.0014181805,-0.0037002999,0.99489462,0.99858284,0.00069070992,0.0001174694,0.99420391,0.99846537,0.0042614567,0.62828801,0.31268039,0.69036031,0.21586213,False,0.95121324,True,True,True,0.62828801,0.31268039,0.69036031,0.21586213,0.61364262,0.31214855,0.67516769,0.21075262,0.9386074,0.32414629,0.14403457,0.046688271,0.24558757,0.42430723,0.11070893,0.046974601,0.57685995,0.32385781,0.26411699,0.085536348,0.57392847,0.33363987,0.28676585,0.09567652,0.5200573,0.31391573,0.32494482,0.10200529,0.74938639,0.28711962,0.43129266,0.12383259
experiment_0a_best,file,16,,2741,048.European_Goldfinch/European_Goldfinch_0100_794685.jpg,48,47,048.European_Goldfinch,192,191,gaussian_blur,gaussian_blur,0,"{""sigma"":1.567244}",0.0051184804,0.0064230668,0.0013045864,0.99489462,0.99359751,0.00069070992,0.00029875926,0.99420391,0.99329875,-0.00090516562,0.47908655,1.5638238,0.69036031,1.0796019,False,0.93009686,True,True,True,0.47908655,1.5638238,0.69036031,1.0796019,0.46123893,1.5700098,0.67516769,1.0600199,0.91462539,1.4211193,0.14403457,0.20469031,0.18750875,2.1353323,0.11070893,0.23640036,0.37250553,1.5928537,0.26411699,0.42069972,0.3402818,1.9393601,0.28676585,0.55614223,0.40409543,1.6388077,0.32494482,0.53252209,0.67805402,1.265492,0.43129266,0.54579743
experiment_0a_best,file,16,,2741,048.European_Goldfinch/European_Goldfinch_0100_794685.jpg,48,47,048.European_Goldfinch,192,191,random_erasing,random_erasing,0,"{""area_fraction"":0.165469,""erased"":true,""height"":0.355377,""left"":0.032937,""top"":0.090149,""width"":0.465615}",0.0051184804,0.0012937756,-0.0038247048,0.99489462,0.99870706,0.00069070992,7.9680671e-05,0.99420391,0.99862738,0.0044234615,0.79073727,0.27738616,0.69036031,0.19149639,False,0.9815954,True,True,True,0.79073727,0.27738616,0.69036031,0.19149639,0.78258132,0.27726472,0.67516769,0.18720018,0.9682089,0.28004109,0.14403457,0.040335598,0.55738543,0.34548732,0.11070893,0.038248533,0.72316746,0.27552145,0.26411699,0.072769895,0.7241797,0.27720728,0.28676585,0.07949358,0.73652941,0.27285277,0.32494482,0.088662096,0.87703621,0.2753716,0.43129266,0.11876575
experiment_0a_best,file,16,,213,004.Groove_billed_Ani/Groove_Billed_Ani_0047_1706.jpg,4,3,004.Groove_billed_Ani,29,28,identity,identity,0,{},0.66599703,0.66599703,0,0.51376104,0.51376104,0.032476913,0.032476913,0.48128413,0.48128413,0,1,1,78.539851,78.539851,False,1,True,True,True,1,1,78.539851,78.539851,1,1,77.768971,77.768971,1,1,10.977039,10.977039,1,1,16.288329,16.288329,1,1,31.8172,31.8172,1,1,42.101622,42.101622,1,1,40.314095,40.314095,1,1,37.048564,37.048564
experiment_0a_best,file,16,,213,004.Groove_billed_Ani/Groove_Billed_Ani_0047_1706.jpg,4,3,004.Groove_billed_Ani,29,28,horizontal_flip,horizontal_flip,0,"{""flipped"":true}",0.66599703,1.1838295,0.51783252,0.51376104,0.30610427,0.032476913,0.020033842,0.48128413,0.28607043,-0.1952137,0.72451366,1.2848171,78.539851,100.90934,False,0.95897412,True,True,True,0.72451366,1.2848171,78.539851,100.90934,0.71972591,1.2837493,77.768971,99.835864,0.95579221,1.337315,10.977039,14.679758,0.77319684,1.1959405,16.288329,19.479872,0.69039317,1.2845084,31.8172,40.869461,0.73826759,1.2325289,42.101622,51.891467,0.69205376,1.2518871,40.314095,50.468697,0.74279124,1.3966967,37.048564,51.745607
experiment_0a_best,file,16,,213,004.Groove_billed_Ani/Groove_Billed_Ani_0047_1706.jpg,4,3,004.Groove_billed_Ani,29,28,color_jitter,color_jitter,0,"{""brightness"":0.853999,""contrast"":1.374562,""hue"":0.013893,""saturation"":0.895687}",0.66599703,1.1939491,0.52795208,0.51376104,0.30302224,0.032476913,0.088784367,0.48128413,0.21423787,-0.26704626,0.83926928,1.4469741,78.539851,113.64513,False,0.9641282,True,True,True,0.83926928,1.4469741,78.539851,113.64513,0.83686917,1.4464095,77.768971,112.48578,0.95755802,1.4750315,10.977039,16.191477,0.70038038,1.6481355,16.288329,26.845372,0.80280768,1.4326087,31.8172,45.581599,0.86073302,1.3613518,42.101622,57.315117,0.83955199,1.4961141,40.314095,60.314486,0.86334577,1.4614985,37.048564,54.146419
experiment_0a_best,file,16,,213,004.Groove_billed_Ani/Groove_Billed_Ani_0047_1706.jpg,4,3,004.Groove_billed_Ani,29,28,rotation,rotation,0,"{""angle"":-13.35757}",0.66599703,0.3279227,-0.33807433,0.51376104,0.72041869,0.032476913,0.031044353,0.48128413,0.68937434,0.20809021,0.77873115,0.63338661,78.539851,49.746089,False,0.96783173,True,True,True,0.77873115,0.63338661,78.539851,49.746089,0.7749127,0.63303214,77.768971,49.230258,0.96541692,0.65093021,10.977039,7.1452861,0.63342173,0.73207884,16.288329,11.924341,0.77723969,0.68516199,31.8172,21.799936,0.81599938,0.62809655,42.101622,26.443883,0.75375411,0.60538364,40.314095,24.405493,0.78140522,0.61032304,37.048564,22.611592
experiment_0a_best,file,16,,213,004.Groove_billed_Ani/Groove_Billed_Ani_0047_1706.jpg,4,3,004.Groove_billed_Ani,29,28,random_resized_crop,random_resized_crop,0,"{""area_fraction"":0.543035,""aspect"":1.072906,""fallback"":false,""height"":0.711432,""left"":0.149857,""top"":0.168549,""width"":0.763299}",0.66599703,1.3591808,0.69318378,0.51376104,0.25687113,0.032476913,0.0044756327,0.48128413,0.2523955,-0.22888863,0.61570011,1.6397767,78.539851,128.78781,False,0.9020592,True,True,True,0.61570011,1.6397767,78.539851,128.78781,0.61002382,1.6391811,77.768971,127.47743,0.89555319,1.6693974,10.977039,18.325039,0.59725853,1.7520546,16.288329,28.538041,0.43849248,1.7860373,31.8172,56.826706,0.63710772,1.6450219,42.101622,69.258091,0.65859723,1.5206686,40.314095,61.304377,0.66631168,1.6311258,37.048564,60.430868
experiment_0a_best,file,16,,213,004.Groove_billed_Ani/Groove_Billed_Ani_0047_1706.jpg,4,3,004.Groove_billed_Ani,29,28,gaussian_blur,gaussian_blur,0,"{""sigma"":1.586503}",0.66599703,1.9288678,1.2628708,0.51376104,0.14531262,0.032476913,0.011433463,0.48128413,0.13387916,-0.34740497,0.41502455,2.2651672,78.539851,177.9059,False,0.84570599,False,True,False,0.41502455,2.2651672,78.539851,177.9059,0.40787105,2.2687985,77.768971,176.44212,0.80929066,2.0747542,10.977039,22.774656,0.22443906,3.6756459,16.288329,59.870128,0.25586608,2.3463122,31.8172,74.653086,0.41414318,2.4191678,42.101622,101.85089,0.51116767,2.0385348,40.314095,82.181687,0.50426646,1.8791415,37.048564,69.619492
experiment_0a_best,file,16,,213,004.Groove_billed_Ani/Groove_Billed_Ani_0047_1706.jpg,4,3,004.Groove_billed_Ani,29,28,random_erasing,random_erasing,0,"{""area_fraction"":0.083077,""erased"":true,""height"":0.288923,""left"":0.152028,""top"":0.666432,""width"":0.287541}",0.66599703,1.2133819,0.54738486,0.51376104,0.29719052,0.032476913,0.061332367,0.48128413,0.23585815,-0.24542598,0.86570817,1.5896759,78.539851,124.85291,False,0.97004104,True,True,True,0.86570817,1.5896759,78.539851,124.85291,0.8638284,1.5909782,77.768971,123.72874,0.96509144,1.5228782,10.977039,16.716693,0.7347195,2.1369634,16.288329,34.807562,0.86794591,1.8132536,31.8172,57.692655,0.89621855,1.5476601,42.101622,65.159001,0.86452003,1.4798658,40.314095,59.65945,0.87474755,1.4694557,37.048564,54.441221
experiment_0a_best,file,16,,5874,101.White_Pelican/White_Pelican_0035_96312.jpg,101,100,101.White_Pelican,59,58,identity,identity,0,{},0.00071559567,0.00071559567,0,0.99928468,0.99928468,0.00014084889,0.00014084889,0.99914384,0.99914384,0,1,1,0.11028194,0.11028194,False,0.99999994,True,True,True,1,1,0.11028194,0.11028194,1,1,0.10781191,0.10781191,1,1,0.023209892,0.023209892,1,1,0.023291785,0.023291785,1,1,0.043329708,0.043329708,1,1,0.052553216,0.052553216,1,1,0.051814801,0.051814801,1,1,0.061292923,0.061292923
experiment_0a_best,file,16,,5874,101.White_Pelican/White_Pelican_0035_96312.jpg,101,100,101.White_Pelican,59,58,horizontal_flip,horizontal_flip,0,"{""flipped"":true}",0.00071559567,0.00090558041,0.00018998474,0.99928468,0.99909484,0.00014084889,8.7191722e-05,0.99914384,0.99900765,-0.00013618363,0.71273188,1.2739608,0.11028194,0.14049487,False,0.97117901,True,True,True,0.71273188,1.2739608,0.11028194,0.14049487,0.70152976,1.2747601,0.10781191,0.13743432,0.95800331,1.2565894,0.023209892,0.029165304,0.66779198,1.3735582,0.023291785,0.031992624,0.73812339,1.3136158,0.043329708,0.056918589,0.71413359,1.2541024,0.052553216,0.065907112,0.58322281,1.2443257,0.051814801,0.064474487,0.76192997,1.2767783,0.061292923,0.078257474
experiment_0a_best,file,16,,5874,101.White_Pelican/White_Pelican_0035_96312.jpg,101,100,101.White_Pelican,59,58,color_jitter,color_jitter,0,"{""brightness"":1.385088,""contrast"":1.226015,""hue"":-0.031861,""saturation"":0.632963}",0.00071559567,0.032493841,0.031778245,0.99928468,0.96802843,0.00014084889,0.0030754944,0.99914384,0.96495293,-0.034190904,0.63885677,49.850772,0.11028194,5.4976399,False,0.93231082,True,True,True,0.63885677,49.850772,0.11028194,5.4976399,0.62973442,50.306633,0.10781191,5.4236541,0.91573377,38.729169,0.023209892,0.89889982,0.14571951,59.537154,0.023291785,1.3867266,0.6056657,51.788399,0.043329708,2.2439762,0.67947954,59.060641,0.052553216,3.1038266,0.60937493,49.920331,0.051814801,2.586612,0.73866862,40.405096,0.061292923,2.4765464
experiment_0a_best,file,16,,5874,101.White_Pelican/White_Pelican_0035_96312.jpg,101,100,101.White_Pelican,59,58,rotation,rotation,0,"{""angle"":-12.640239}",0.00071559567,0.0032064712,0.0024908755,0.99928468,0.99679863,0.00014084889,0.00033121425,0.99914384,0.99646742,-0.0026764155,0.72670984,4.3694654,0.11028194,0.48187312,False,0.96448088,True,True,True,0.72670984,4.3694654,0.11028194,0.48187312,0.71682964,4.3818235,0.10781191,0.47241274,0.95650629,4.0937417,0.023209892,0.0950153,0.68228813,5.1775247,0.023291785,0.12059379,0.65343154,3.8851912,0.043329708,0.1683442,0.70812925,4.4810218,0.052553216,0.23549211,0.66585474,4.3245622,0.051814801,0.22407633,0.79624053,4.4568723,0.061292923,0.27317473
experiment_0a_best,file,16,,5874,101.White_Pelican/White_Pelican_0035_96312.jpg,101,100,101.White_Pelican,59,58,random_resized_crop,random_resized_crop,0,"{""area_fraction"":0.834386,""aspect"":1.174046,""fallback"":false,""height"":0.843026,""left"":0.00729,""top"":0.131467,""width"":0.989751}",0.00071559567,0.00191862,0.0012030243,0.99928468,0.99808323,0.00014084889,0.00022329247,0.99914384,0.99785994,-0.0012838944,0.82792312,2.7295197,0.11028194,0.30101673,False,0.98757601,True,True,True,0.82792312,2.7295197,0.11028194,0.30101673,0.82141729,2.7351852,0.10781191,0.29488554,0.97630827,2.6042754,0.023209892,0.060444951,0.79618027,2.7975668,0.023291785,0.065160325,0.80610557,2.623023,0.043329708,0.11365482,0.82949945,2.9128761,0.052553216,0.15308101,0.78705763,2.7117681,0.051814801,0.14050972,0.85332376,2.6617828,0.061292923,0.16314845
experiment_0a_best,file,16,,5874,101.White_Pelican/White_Pelican_0035_96312.jpg,101,100,101.White_Pelican,59,58,gaussian_blur,gaussian_blur,0,"{""sigma"":1.382175}",0.00071559567,0.0073497146,0.006634119,0.99928468,0.99267721,0.00014084889,0.00035929485,0.99914384,0.99231792,-0.0068259189,0.64681798,14.641784,0.11028194,1.6147244,False,0.94749671,True,True,True,0.64681798,14.641784,0.11028194,1.6147244,0.64180666,14.861259,0.10781191,1.6022206,0.92748146,8.6410849,0.023209892,0.20055864,0.49492075,24.087083,0.023291785,0.56103117,0.62453716,18.525731,0.043329708,0.80271452,0.70262458,16.701096,0.052553216,0.87769629,0.62573444,12.831561,0.051814801,0.66486479,0.74470324,10.261774,0.061292923,0.62897412
experiment_0a_best,file,16,,5874,101.White_Pelican/White_Pelican_0035_96312.jpg,101,100,101.White_Pelican,59,58,random_erasing,random_erasing,0,"{""area_fraction"":0.125969,""erased"":true,""height"":0.376905,""left"":0.109027,""top"":0.411816,""width"":0.33422}",0.00071559567,0.013978317,0.013262722,0.99928468,0.98611891,0.00014084889,0.0017419616,0.99914384,0.98437695,-0.014766885,0.81553597,19.152466,0.11028194,2.1121711,False,0.97065187,True,True,True,0.81553597,19.152466,0.11028194,2.1121711,0.8103232,19.2687,0.10781191,2.0773953,0.95718195,16.445602,0.023209892,0.38170064,0.62577782,16.058207,0.023291785,0.37402431,0.81371287,19.62541,0.043329708,0.85036326,0.82803362,22.183224,0.052553216,1.1657997,0.7937361,19.091319,0.051814801,0.98921289,0.84423671,17.227138,0.061292923,1.0559016
experiment_0a_best,file,16,,11493,196.House_Wren/House_Wren_0087_187946.jpg,196,195,196.House_Wren,199,198,identity,identity,0,{},0.10716064,0.10716064,0,0.89838135,0.89838135,0.033733748,0.033733748,0.8646476,0.8646476,0,1,1,18.622173,18.622173,False,0.99999988,True,True,True,1,1,18.622173,18.622173,1,1,18.397652,18.397652,1,1,2.8830102,2.8830102,1,1,2.721371,2.721371,1,1,9.5233681,9.5233681,1,1,9.8156199,9.8156199,1,1,8.6469158,8.6469158,1,1,8.3221178,8.3221178
experiment_0a_best,file,16,,11493,196.House_Wren/House_Wren_0087_187946.jpg,196,195,196.House_Wren,199,198,horizontal_flip,horizontal_flip,0,"{""flipped"":true}",0.10716064,0.11420567,0.0070450306,0.89838135,0.89207447,0.033733748,0.027668634,0.8646476,0.86440583,-0.0002417732,0.69506088,0.92091205,18.622173,17.149384,False,0.96359932,True,True,True,0.69506088,0.92091205,18.622173,17.149384,0.68796376,0.91775066,18.397652,16.884457,0.95514352,1.0415311,2.8830102,3.0027448,0.60855247,1.0310926,2.721371,2.8059856,0.69302893,0.80703095,9.5233681,7.6856528,0.6999961,0.92210537,9.8156199,9.0510357,0.65047668,0.97159187,8.6469158,8.4012731,0.72511658,0.97352826,8.3221178,8.1018168
experiment_0a_best,file,16,,11493,196.House_Wren/House_Wren_0087_187946.jpg,196,195,196.House_Wren,199,198,color_jitter,color_jitter,0,"{""brightness"":0.899835,""contrast"":1.301611,""hue"":0.05887,""saturation"":0.632078}",0.10716064,1.1260927,1.018932,0.89838135,0.32429793,0.033733748,0.0574251,0.8646476,0.26687283,-0.59777477,0.60847339,5.6206184,18.622173,104.66813,False,0.93842006,True,True,True,0.60847339,5.6206184,18.622173,104.66813,0.60056369,5.6083794,18.397652,103.18101,0.90678187,6.098187,2.8830102,17.581135,0.58958124,6.8280221,2.721371,18.581581,0.41028656,5.5507162,9.5233681,52.861514,0.60340208,5.614142,9.8156199,55.106284,0.6622085,5.4098635,8.6469158,46.778634,0.77841868,5.7398617,8.3221178,47.767805
experiment_0a_best,file,16,,11493,196.House_Wren/House_Wren_0087_187946.jpg,196,195,196.House_Wren,199,198,rotation,rotation,0,"{""angle"":4.974361}",0.10716064,0.096858509,-0.010302126,0.89838135,0.90768445,0.033733748,0.022396561,0.8646476,0.88528788,0.02064028,0.78952809,0.82646992,18.622173,15.390666,False,0.95744169,True,True,True,0.78952809,0.82646992,18.622173,15.390666,0.78527022,0.82338707,18.397652,15.148389,0.94797511,0.94349185,2.8830102,2.7200966,0.76059081,0.92235424,2.721371,2.510068,0.73977378,0.78716891,9.5233681,7.4964993,0.8086147,0.81861683,9.8156199,8.0352316,0.7756198,0.83128982,8.6469158,7.188093,0.82415091,0.85595392,8.3221178,7.1233494
experiment_0a_best,file,16,,11493,196.House_Wren/House_Wren_0087_187946.jpg,196,195,196.House_Wren,199,198,random_resized_crop,random_resized_crop,0,"{""area_fraction"":0.875265,""aspect"":0.883861,""fallback"":false,""height"":0.995125,""left"":0.028629,""top"":0.002037,""width"":0.879552}",0.10716064,0.43078494,0.32362431,0.89838135,0.64999866,0.033733748,0.030283874,0.8646476,0.61971479,-0.24493281,0.71445424,2.944305,18.622173,54.829357,False,0.94909859,True,True,True,0.71445424,2.944305,18.622173,54.829357,0.70904395,2.9369857,18.397652,54.03364,0.91800604,3.2282961,2.8830102,9.3072106,0.43345853,3.4520887,2.721371,9.3944138,0.6653148,3.0559956,9.5233681,29.103371,0.71244161,2.9746918,9.8156199,29.198444,0.73015169,2.7183299,8.6469158,23.505169,0.78272457,2.8922078,8.3221178,24.069294
experiment_0a_best,file,16,,11493,196.House_Wren/House_Wren_0087_187946.jpg,196,195,196.House_Wren,199,198,gaussian_blur,gaussian_blur,0,"{""sigma"":1.535268}",0.10716064,2.4027646,2.2956039,0.89838135,0.090467505,0.033733748,0.0013562689,0.8646476,0.089111236,-0.77553637,0.28209119,6.3251605,18.622173,117.78823,False,0.7708596,False,True,False,0.28209119,6.3251605,18.622173,117.78823,0.26883763,6.2810989,18.397652,115.55747,0.71779556,7.9137166,2.8830102,22.815326,-0.16250932,9.2275176,2.721371,25.111498,0.18564412,6.5891768,9.5233681,62.751156,0.25653583,6.2218999,9.8156199,61.071804,0.28544581,5.6049236,8.6469158,48.465302,0.45802158,6.2513936,8.3221178,52.024834
experiment_0a_best,file,16,,11493,196.House_Wren/House_Wren_0087_187946.jpg,196,195,196.House_Wren,199,198,random_erasing,random_erasing,0,"{""area_fraction"":0.140668,""erased"":true,""height"":0.621176,""left"":0.477641,""top"":0.207877,""width"":0.226454}",0.10716064,0.31955549,0.21239486,0.89838135,0.7264719,0.033733748,0.015653372,0.8646476,0.71081853,-0.15382908,0.66034851,2.3017529,18.622173,42.863642,False,0.89981896,True,True,True,0.66034851,2.3017529,18.622173,42.863642,0.6548092,2.2864658,18.397652,42.065602,0.85685113,2.8555826,2.8830102,8.2326738,0.67058156,2.8740217,2.721371,7.8212793,0.7016279,2.200814,9.5233681,20.959162,0.66183465,2.2739511,9.8156199,22.32024,0.58691767,2.1807018,8.6469158,18.856345,0.6589025,2.4487684,8.3221178,20.378939
experiment_0a_best,file,16,,2334,041.Scissor_tailed_Flycatcher/Scissor_Tailed_Flycatcher_0008_41670.jpg,41,40,041.Scissor_tailed_Flycatcher,135,134,identity,identity,0,{},0.01947017,0.01947017,0,0.98071814,0.98071814,0.014855264,0.014855264,0.96586287,0.96586287,0,1,1,3.7404709,3.7404709,False,1,True,True,True,1,1,3.7404709,3.7404709,1,1,3.6700203,3.6700203,1,1,0.72254612,0.72254612,1,1,0.81873755,0.81873755,1,1,1.598015,1.598015,1,1,2.0703154,2.0703154,1,1,1.7768344,1.7768344,1,1,1.6738339,1.6738339
experiment_0a_best,file,16,,2334,041.Scissor_tailed_Flycatcher/Scissor_Tailed_Flycatcher_0008_41670.jpg,41,40,041.Scissor_tailed_Flycatcher,135,134,horizontal_flip,horizontal_flip,0,"{""flipped"":true}",0.01947017,0.12787502,0.10840484,0.98071814,0.87996334,0.014855264,0.083141811,0.96586287,0.79682153,-0.16904134,0.60927408,5.5744685,3.7404709,20.851137,False,0.96201813,True,True,True,0.60927408,5.5744685,3.7404709,20.851137,0.59588677,5.5777446,3.6700203,20.470436,0.96029712,5.4892708,0.72254612,3.9662513,0.51577871,5.2823525,0.81873755,4.3248603,0.54685273,5.2972004,1.598015,8.4650057,0.6172948,5.6079451,2.0703154,11.610215,0.53548684,5.6455051,1.7768344,10.031128,0.69049445,5.769382,1.6738339,9.6569873
experiment_0a_best,file,16,,2334,041.Scissor_tailed_Flycatcher/Scissor_Tailed_Flycatcher_0008_41670.jpg,41,40,041.Scissor_tailed_Flycatcher,135,134,color_jitter,color_jitter,0,"{""brightness"":1.281673,""contrast"":0.611256,""hue"":-0.050239,""saturation"":0.747027}",0.01947017,0.13970232,0.12023215,0.98071814,0.86961704,0.014855264,0.077683724,0.96586287,0.79193332,-0.17392955,0.75350019,6.5497558,3.7404709,24.499171,False,0.95028746,True,True,True,0.75350019,6.5497558,3.7404709,24.499171,0.74813868,6.5935224,3.6700203,24.198361,0.94325577,5.2970441,0.72254612,3.8273587,0.52300477,6.4267397,0.81873755,5.2618131,0.6955002,7.8016906,1.598015,12.467219,0.78449606,6.5045194,2.0703154,13.466407,0.76591326,6.1257924,1.7768344,10.884519,0.80483682,6.0522317,1.6738339,10.130431
experiment_0a_best,file,16,,2334,041.Scissor_tailed_Flycatcher/Scissor_Tailed_Flycatcher_0008_41670.jpg,41,40,041.Scissor_tailed_Flycatcher,135,134,rotation,rotation,0,"{""angle"":-13.418278}",0.01947017,0.054371107,0.034900937,0.98071814,0.94708055,0.014855264,0.045015655,0.96586287,0.9020649,-0.063797975,0.62157003,3.3358118,3.7404709,12.477507,False,0.93082172,True,True,True,0.62157003,3.3358118,3.7404709,12.477507,0.61104404,3.3482913,3.6700203,12.288297,0.92878797,2.9959343,0.72254612,2.1647007,0.50186957,3.4214595,0.81873755,2.8012774,0.53390646,3.4266119,1.598015,5.4757771,0.60979003,3.1821969,2.0703154,6.5881511,0.61555737,3.5152871,1.7768344,6.246083,0.70943292,3.313112,1.6738339,5.5455992
experiment_0a_best,file,16,,2334,041.Scissor_tailed_Flycatcher/Scissor_Tailed_Flycatcher_0008_41670.jpg,41,40,041.Scissor_tailed_Flycatcher,135,134,random_resized_crop,random_resized_crop,0,"{""area_fraction"":0.507582,""aspect"":0.838102,""fallback"":false,""height"":0.778224,""left"":0.276489,""top"":0.030372,""width"":0.652231}",0.01947017,4.3809628,4.3614927,0.98071814,0.012513303,0.014855264,0.061948445,0.96586287,-0.049435141,-1.015298,0.42820801,25.254513,3.7404709,94.463771,False,0.72945583,False,True,False,0.42820801,25.254513,3.7404709,94.463771,0.42099453,25.006154,3.6700203,91.773094,0.58782764,30.981185,0.72254612,22.385335,0.43815821,17.934271,0.81873755,14.683461,0.54308202,21.385985,1.598015,34.175124,0.51920209,21.203142,2.0703154,43.89719,0.30041706,24.365755,1.7768344,43.293911,0.38401243,33.992879,1.6738339,56.898433
experiment_0a_best,file,16,,2334,041.Scissor_tailed_Flycatcher/Scissor_Tailed_Flycatcher_0008_41670.jpg,41,40,041.Scissor_tailed_Flycatcher,135,134,gaussian_blur,gaussian_blur,0,"{""sigma"":1.212829}",0.01947017,0.45963514,0.44016497,0.98071814,0.63151401,0.014855264,0.10996879,0.96586287,0.52154522,-0.44431765,0.51108021,18.764699,3.7404709,70.188811,False,0.90248626,True,True,True,0.51108021,18.764699,3.7404709,70.188811,0.50350924,18.956092,3.6700203,69.569244,0.83621699,12.878546,0.72254612,9.3053438,0.29972051,27.887101,0.81873755,22.832216,0.41352522,19.802919,1.598015,31.645362,0.53590157,18.905625,2.0703154,39.140607,0.50963954,18.203733,1.7768344,32.345019,0.6445074,16.240379,1.6738339,27.183697
experiment_0a_best,file,16,,2334,041.Scissor_tailed_Flycatcher/Scissor_Tailed_Flycatcher_0008_41670.jpg,41,40,041.Scissor_tailed_Flycatcher,135,134,random_erasing,random_erasing,0,"{""area_fraction"":0.086727,""erased"":true,""height"":0.219377,""left"":0.147108,""top"":0.359827,""width"":0.395334}",0.01947017,0.21249285,0.19302268,0.98071814,0.80856609,0.014855264,0.098265514,0.96586287,0.71030058,-0.25556229,0.65476832,8.0229954,3.7404709,30.009781,False,0.91729963,True,True,True,0.65476832,8.0229954,3.7404709,30.009781,0.64530732,8.0251076,3.6700203,29.452308,0.90061004,7.9683091,0.72254612,5.7574708,0.61901313,7.6399282,0.81873755,6.2550962,0.62306586,7.8650074,1.598015,12.5684,0.64013664,7.5509146,2.0703154,15.632775,0.61227007,8.4018589,1.7768344,14.928712,0.71721889,8.5141227,1.6738339,14.251227
experiment_0a_best,file,16,,409,008.Rhinoceros_Auklet/Rhinoceros_Auklet_0013_797537.jpg,8,7,008.Rhinoceros_Auklet,5,4,identity,identity,0,{},2.5723984,2.5723984,0,0.076352209,0.076352209,0.093140423,0.093140423,-0.016788214,-0.016788214,0,1,1,169.48675,169.48675,False,0.99999994,True,False,False,1,1,169.48675,169.48675,1,1,167.90102,167.90102,1,1,23.130191,23.130191,1,1,38.100729,38.100729,1,1,83.176257,83.176257,1,1,89.337733,89.337733,1,1,82.121154,82.121154,1,1,71.384055,71.384055
experiment_0a_best,file,16,,409,008.Rhinoceros_Auklet/Rhinoceros_Auklet_0013_797537.jpg,8,7,008.Rhinoceros_Auklet,5,4,horizontal_flip,horizontal_flip,0,"{""flipped"":true}",2.5723984,0.62942785,-1.9429706,0.076352209,0.53289664,0.093140423,0.046837926,-0.016788214,0.48605871,0.50284693,0.75977622,0.52383029,169.48675,88.782293,False,0.94985199,False,False,True,0.75977622,0.52383029,169.48675,88.782293,0.75605733,0.52293977,167.90102,87.802121,0.94256929,0.56878498,23.130191,13.156105,0.62408434,0.63272318,38.100729,24.107214,0.7880611,0.52921029,83.176257,44.017731,0.77821468,0.50529279,89.337733,45.141713,0.73230007,0.5019064,82.121154,41.217133,0.76059874,0.53414756,71.384055,38.129619
experiment_0a_best,file,16,,409,008.Rhinoceros_Auklet/Rhinoceros_Auklet_0013_797537.jpg,8,7,008.Rhinoceros_Auklet,5,4,color_jitter,color_jitter,0,"{""brightness"":1.065965,""contrast"":1.113575,""hue"":0.077871,""saturation"":1.057693}",2.5723984,1.10724,-1.4651585,0.076352209,0.33046985,0.093140423,0.04042355,-0.016788214,0.2900463,0.30683451,0.79171351,0.63732139,169.48675,108.01753,False,0.91966581,False,False,True,0.79171351,0.63732139,169.48675,108.01753,0.78943185,0.63353953,167.90102,106.37193,0.90943974,0.81205311,23.130191,18.782944,0.74070712,0.87461224,38.100729,33.323364,0.83078599,0.63157601,83.176257,52.532129,0.78854515,0.57232841,89.337733,51.130523,0.75873307,0.59980289,82.121154,49.256505,0.81641019,0.68691129,71.384055,49.034513
experiment_0a_best,file,16,,409,008.Rhinoceros_Auklet/Rhinoceros_Auklet_0013_797537.jpg,8,7,008.Rhinoceros_Auklet,5,4,rotation,rotation,0,"{""angle"":14.700169}",2.5723984,3.2654603,0.69306183,0.076352209,0.038179357,0.093140423,0.018700274,-0.016788214,0.019479083,0.036267297,0.78157185,1.2941959,169.48675,219.34906,False,0.92939341,False,False,False,0.78157185,1.2941959,169.48675,219.34906,0.77967173,1.2971885,167.90102,217.79927,0.90476653,1.1253089,23.130191,26.02861,0.78964956,1.3368748,38.100729,50.935903,0.82990685,1.4156654,83.176257,117.74975,0.79033796,1.3154433,89.337733,117.51872,0.73584237,1.2430865,82.121154,102.0837,0.74788139,1.1505355,71.384055,82.129889
experiment_0a_best,file,16,,409,008.Rhinoceros_Auklet/Rhinoceros_Auklet_0013_797537.jpg,8,7,008.Rhinoceros_Auklet,5,4,random_resized_crop,random_resized_crop,0,"{""area_fraction"":0.605602,""aspect"":0.973765,""fallback"":false,""height"":0.788618,""left"":0.073897,""top"":0.03434,""width"":0.767928}",2.5723984,1.0085106,-1.5638878,0.076352209,0.36476186,0.093140423,0.14770994,-0.016788214,0.21705192,0.23384014,0.77572772,0.81309328,169.48675,137.80854,False,0.90711331,False,False,True,0.77572772,0.81309328,169.48675,137.80854,0.77362494,0.8129876,167.90102,136.50145,0.88578119,0.81864259,23.130191,18.93536,0.75487298,1.0249366,38.100729,39.05083,0.79601286,0.80410556,83.176257,66.882491,0.79239645,0.81893461,89.337733,73.161761,0.74089221,0.77473222,82.121154,63.621904,0.77077875,0.79665479,71.384055,56.86845
experiment_0a_best,file,16,,409,008.Rhinoceros_Auklet/Rhinoceros_Auklet_0013_797537.jpg,8,7,008.Rhinoceros_Auklet,5,4,gaussian_blur,gaussian_blur,0,"{""sigma"":1.436906}",2.5723984,5.8704729,3.2980745,0.076352209,0.0028215391,0.093140423,0.0098623969,-0.016788214,-0.0070408578,0.0097473566,0.62964073,1.0155017,169.48675,172.11409,False,0.84573781,False,False,False,0.62964073,1.0155017,169.48675,172.11409,0.62568534,1.0138345,167.90102,170.22385,0.82381539,1.0997819,23.130191,25.438166,0.73745779,1.0631046,38.100729,40.505059,0.68967346,1.1636059,83.176257,96.784387,0.58183707,0.91639831,89.337733,81.868948,0.60025331,0.94706455,82.121154,77.774034,0.60186176,1.0118297,71.384055,72.228505
experiment_0a_best,file,16,,409,008.Rhinoceros_Auklet/Rhinoceros_Auklet_0013_797537.jpg,8,7,008.Rhinoceros_Auklet,5,4,random_erasing,random_erasing,0,"{""area_fraction"":0.194398,""erased"":true,""height"":0.389746,""left"":0.167401,""top"":0.050466,""width"":0.498781}",2.5723984,2.7968416,0.2244432,0.076352209,0.061002418,0.093140423,0.040424336,-0.016788214,0.020578083,0.037366297,0.6421471,0.79960925,169.48675,135.52317,False,0.83948034,False,False,False,0.6421471,0.79960925,169.48675,135.52317,0.6383097,0.79204897,167.90102,132.98583,0.82362211,1.1284692,23.130191,26.101707,0.21256528,0.73384766,38.100729,27.960131,0.5990905,0.67353665,83.176257,56.022257,0.72125725,0.79828133,89.337733,71.316645,0.65778235,0.77469992,82.121154,63.619251,0.65922184,0.95336553,71.384055,68.055098
experiment_0a_best,file,16,,10558,180.Wilson_Warbler/Wilson_Warbler_0010_175750.jpg,180,179,180.Wilson_Warbler,182,181,identity,identity,0,{},0.0043154689,0.0043154689,0,0.9956938,0.9956938,0.0018364961,0.0018364961,0.99385731,0.99385731,0,1,1,0.6770589,0.6770589,False,0.99999994,True,True,True,1,1,0.6770589,0.6770589,1,1,0.6630565,0.6630565,1,1,0.13698478,0.13698478,1,1,0.11735412,0.11735412,1,1,0.29364288,0.29364288,1,1,0.34590485,0.34590485,1,1,0.34578117,0.34578117,1,1,0.31690854,0.31690854
experiment_0a_best,file,16,,10558,180.Wilson_Warbler/Wilson_Warbler_0010_175750.jpg,180,179,180.Wilson_Warbler,182,181,horizontal_flip,horizontal_flip,0,"{""flipped"":true}",0.0043154689,0.0059322244,0.0016167555,0.9956938,0.99408531,0.0018364961,0.0046051685,0.99385731,0.98948014,-0.0043771634,0.60463435,1.5831292,0.6770589,1.0718717,False,0.9768225,True,True,True,0.60463435,1.5831292,0.6770589,1.0718717,0.59035665,1.5828502,0.6630565,1.0495191,0.93772279,1.5896515,0.13698478,0.21775806,0.37877042,2.0843902,0.11735412,0.24461178,0.53336726,1.4582409,0.29364288,0.42820204,0.54681129,1.5952055,0.34590485,0.55178932,0.6137442,1.6248917,0.34578117,0.56185696,0.7066204,1.5398758,0.31690854,0.48799978
experiment_0a_best,file,16,,10558,180.Wilson_Warbler/Wilson_Warbler_0010_175750.jpg,180,179,180.Wilson_Warbler,182,181,color_jitter,color_jitter,0,"{""brightness"":1.257739,""contrast"":0.802853,""hue"":-0.049657,""saturation"":1.119274}",0.0043154689,0.12275562,0.11844015,0.9956938,0.88447982,0.0018364961,0.037118148,0.99385731,0.84736167,-0.14649563,0.75651372,29.384116,0.6770589,19.894777,False,0.93540889,True,True,True,0.75651372,29.384116,0.6770589,19.894777,0.75225164,29.657578,0.6630565,19.66465,0.92363504,22.026042,0.13698478,3.0172325,0.72521396,31.588405,0.11735412,3.7070295,0.66089071,29.945177,0.29364288,8.7931879,0.75235113,30.885766,0.34590485,10.683536,0.77098184,29.02026,0.34578117,10.034659,0.81827366,28.364966,0.31690854,8.9890999
experiment_0a_best,file,16,,10558,180.Wilson_Warbler/Wilson_Warbler_0010_175750.jpg,180,179,180.Wilson_Warbler,182,181,rotation,rotation,0,"{""angle"":13.404096}",0.0043154689,0.005403793,0.001088324,0.9956938,0.99461079,0.0018364961,0.0013109287,0.99385731,0.99329986,-0.00055744906,0.72268859,1.2117091,0.6770589,0.82039845,False,0.97494602,True,True,True,0.72268859,1.2117091,0.6770589,0.82039845,0.71325956,1.2124731,0.6630565,0.80393817,0.9471673,1.1936702,0.13698478,0.16351464,0.70439411,1.2228789,0.11735412,0.14350988,0.74242159,1.195985,0.29364288,0.35119247,0.69222107,1.2544318,0.34590485,0.43391406,0.67353398,1.1540192,0.34578117,0.39903811,0.76133611,1.2418045,0.31690854,0.39353846
experiment_0a_best,file,16,,10558,180.Wilson_Warbler/Wilson_Warbler_0010_175750.jpg,180,179,180.Wilson_Warbler,182,181,random_resized_crop,random_resized_crop,0,"{""area_fraction"":0.54371,""aspect"":1.000609,""fallback"":false,""height"":0.737142,""left"":0.108955,""top"":0.065981,""width"":0.737591}",0.0043154689,0.005551042,0.0012355731,0.9956938,0.99446434,0.0018364961,0.00033998836,0.99385731,0.99412435,0.00026704269,0.50751054,1.3350327,0.6770589,0.90389579,False,0.95862627,True,True,True,0.50751054,1.3350327,0.6770589,0.90389579,0.49215755,1.3319068,0.6630565,0.88312946,0.84891043,1.4062835,0.13698478,0.19263943,0.37622395,1.6795761,0.11735412,0.19710518,0.50487807,1.2665349,0.29364288,0.37190894,0.47426609,1.3553905,0.34590485,0.46883615,0.41043713,1.2408839,0.34578117,0.42907428,0.61241615,1.4070732,0.31690854,0.44591352
experiment_0a_best,file,16,,10558,180.Wilson_Warbler/Wilson_Warbler_0010_175750.jpg,180,179,180.Wilson_Warbler,182,181,gaussian_blur,gaussian_blur,0,"{""sigma"":1.787654}",0.0043154689,0.064912222,0.060596753,0.9956938,0.9371497,0.0018364961,0.0031229921,0.99385731,0.93402671,-0.059830595,0.42170404,17.965596,0.6770589,12.163767,False,0.89212596,True,True,True,0.42170404,17.965596,0.6770589,12.163767,0.40892447,18.111002,0.6630565,12.008617,0.81786034,14.13717,0.13698478,1.9365771,0.01047355,21.91421,0.11735412,2.5717228,0.25990522,19.203783,0.29364288,5.6390542,0.35311336,19.95565,0.34590485,6.9027561,0.52373299,16.880595,0.34578117,5.836992,0.59312727,15.483009,0.31690854,4.9066978
experiment_0a_best,file,16,,10558,180.Wilson_Warbler/Wilson_Warbler_0010_175750.jpg,180,179,180.Wilson_Warbler,182,181,random_erasing,random_erasing,0,"{""area_fraction"":0.116935,""erased"":true,""height"":0.391052,""left"":0.476281,""top"":0.161436,""width"":0.299028}",0.0043154689,5.4871149,5.4827994,0.9956938,0.0041397712,0.0018364961,0.0003287663,0.99385731,0.0038110049,-0.9900463,0.34001267,234.88561,0.6770589,159.03139,False,0.6551981,False,True,False,0.34001267,234.88561,0.6770589,159.03139,0.33159673,234.11293,0.6630565,155.2301,0.5238796,252.3127,0.13698478,34.563,-0.007872704,213.99224,0.11735412,25.112871,0.36229396,258.03946,0.29364288,75.771449,0.43390908,209.86086,0.34590485,72.591888,0.31775683,210.88032,0.34578117,72.918445,0.26835735,266.59145,0.31690854,84.485105
experiment_0a_best,file,16,,9888,168.Kentucky_Warbler/Kentucky_Warbler_0020_795903.jpg,168,167,168.Kentucky_Warbler,162,161,identity,identity,0,{},0.17214315,0.17214315,0,0.84185869,0.84185869,0.10779449,0.10779449,0.73406419,0.73406419,0,1,1,27.239382,27.239382,False,0.99999988,True,True,True,1,1,27.239382,27.239382,1,1,26.686233,26.686233,1,1,5.4615851,5.4615851,1,1,6.1088216,6.1088216,1,1,11.673436,11.673436,1,1,12.78147,12.78147,1,1,13.694011,13.694011,1,1,13.699499,13.699499
experiment_0a_best,file,16,,9888,168.Kentucky_Warbler/Kentucky_Warbler_0020_795903.jpg,168,167,168.Kentucky_Warbler,162,161,horizontal_flip,horizontal_flip,0,"{""flipped"":true}",0.17214315,0.052553449,-0.1195897,0.84185869,0.9488036,0.10779449,0.041977111,0.73406419,0.90682649,0.1727623,0.68588842,0.37032938,27.239382,10.087543,False,0.97518229,True,True,True,0.68588842,0.37032938,27.239382,10.087543,0.67440914,0.37060219,26.686233,9.8899763,0.96522538,0.36375535,5.4615851,1.9866808,0.34255965,0.32096265,6.1088216,1.9607036,0.50479604,0.33452707,11.673436,3.9050804,0.67361557,0.37603522,12.78147,4.8062829,0.71788702,0.39426932,13.694011,5.3991285,0.80054768,0.37553033,13.699499,5.1445773
experiment_0a_best,file,16,,9888,168.Kentucky_Warbler/Kentucky_Warbler_0020_795903.jpg,168,167,168.Kentucky_Warbler,162,161,color_jitter,color_jitter,0,"{""brightness"":1.003704,""contrast"":0.840652,""hue"":0.003878,""saturation"":1.238137}",0.17214315,0.69626486,0.52412172,0.84185869,0.49844357,0.10779449,0.34943074,0.73406419,0.14901283,-0.58505136,0.90130643,3.3937085,27.239382,92.442522,False,0.97561377,True,True,True,0.90130643,3.3937085,27.239382,92.442522,0.89892613,3.4093722,26.686233,90.9833,0.97327507,2.9955202,5.4615851,16.360288,0.86529924,3.4569753,6.1088216,21.118045,0.90596678,3.6122073,11.673436,42.166872,0.86038308,3.5193681,12.78147,44.982697,0.91682282,3.3243161,13.694011,45.523222,0.92179037,3.2301067,13.699499,44.250843
experiment_0a_best,file,16,,9888,168.Kentucky_Warbler/Kentucky_Warbler_0020_795903.jpg,168,167,168.Kentucky_Warbler,162,161,rotation,rotation,0,"{""angle"":10.677477}",0.17214315,0.18073775,0.0085946023,0.84185869,0.83465421,0.10779449,0.097909339,0.73406419,0.73674487,0.0026806816,0.80827984,0.99159709,27.239382,27.010492,False,0.97895819,True,True,True,0.80827984,0.99159709,27.239382,27.010492,0.8016516,0.99348998,26.686233,26.512505,0.97555941,0.94528005,5.4615851,5.1627274,0.78451813,0.93527548,6.1088216,5.713431,0.81457458,0.97144818,11.673436,11.340139,0.77382543,0.99331046,12.78147,12.695968,0.76932104,1.0055145,13.694011,13.769527,0.8523969,1.0085081,13.699499,13.816056
experiment_0a_best,file,16,,9888,168.Kentucky_Warbler/Kentucky_Warbler_0020_795903.jpg,168,167,168.Kentucky_Warbler,162,161,random_resized_crop,random_resized_crop,0,"{""area_fraction"":0.544579,""aspect"":0.913095,""fallback"":false,""height"":0.772276,""left"":0.086791,""top"":0.144112,""width"":0.705161}",0.17214315,0.36748275,0.19533961,0.84185869,0.69247526,0.10779449,0.22015245,0.73406419,0.47232281,-0.26174138,0.73121405,1.8904824,27.239382,51.495571,False,0.96746802,True,True,True,0.73121405,1.8904824,27.239382,51.495571,0.72058276,1.8832375,26.686233,50.256515,0.96640897,2.0558831,5.4615851,11.228381,0.64417301,1.6001403,6.1088216,9.7749716,0.68220125,1.9135705,11.673436,22.337943,0.71182848,2.0449149,12.78147,26.137018,0.71721754,1.7672828,13.694011,24.201191,0.77874755,1.8786095,13.699499,25.736009
experiment_0a_best,file,16,,9888,168.Kentucky_Warbler/Kentucky_Warbler_0020_795903.jpg,168,167,168.Kentucky_Warbler,162,161,gaussian_blur,gaussian_blur,0,"{""sigma"":1.698196}",0.17214315,0.10112628,-0.07101687,0.84185869,0.90381891,0.10779449,0.00096088467,0.73406419,0.90285802,0.16879383,0.35577361,0.84400126,27.239382,22.990072,False,0.8762486,True,True,True,0.35577361,0.84400126,27.239382,22.990072,0.34601871,0.85084951,26.686233,22.705968,0.66734836,0.65972004,5.4615851,3.6031171,0.40733674,0.72167506,6.1088216,4.4085842,0.33308571,0.89188653,11.673436,10.411381,0.25948431,1.0183166,12.78147,13.015583,0.3564067,0.81994383,13.694011,11.22832,0.45786203,0.70108976,13.699499,9.6045785
experiment_0a_best,file,16,,9888,168.Kentucky_Warbler/Kentucky_Warbler_0020_795903.jpg,168,167,168.Kentucky_Warbler,162,161,random_erasing,random_erasing,0,"{""area_fraction"":0.065433,""erased"":true,""height"":0.163437,""left"":0.405099,""top"":0.430195,""width"":0.400358}",0.17214315,0.059643541,-0.11249961,0.84185869,0.94210029,0.10779449,0.044705205,0.73406419,0.89739508,0.16333089,0.87813407,0.38913686,27.239382,10.599847,False,0.97822607,True,True,True,0.87813407,0.38913686,27.239382,10.599847,0.87402328,0.38786468,26.686233,10.350647,0.97153098,0.41836243,5.4615851,2.284922,0.93390412,0.43179991,6.1088216,2.6377886,0.88050508,0.34691948,11.673436,4.0497424,0.85449261,0.37405231,12.78147,4.7809383,0.86199206,0.39503707,13.694011,5.4096421,0.89099575,0.41069841,13.699499,5.6263625
experiment_0a_best,file,16,,11206,191.Red_headed_Woodpecker/Red_Headed_Woodpecker_0063_183358.jpg,191,190,191.Red_headed_Woodpecker,83,82,identity,identity,0,{},0.0094762044,0.0094762044,0,0.99056858,0.99056858,0.00096447213,0.00096447213,0.98960411,0.98960411,0,1,1,1.4081168,1.4081168,False,1,True,True,True,1,1,1.4081168,1.4081168,1,1,1.384025,1.384025,1,1,0.25936041,0.25936041,1,1,0.31686395,0.31686395,1,1,0.58497197,0.58497197,1,1,0.66954184,0.66954184,1,1,0.69933395,0.69933395,1,1,0.73183059,0.73183059
experiment_0a_best,file,16,,11206,191.Red_headed_Woodpecker/Red_Headed_Woodpecker_0063_183358.jpg,191,190,191.Red_headed_Woodpecker,83,82,horizontal_flip,horizontal_flip,0,"{""flipped"":true}",0.0094762044,0.0033804199,-0.0060957845,0.99056858,0.9966253,0.00096447213,0.00015962716,0.98960411,0.99646568,0.0068615709,0.64285838,0.36427807,1.4081168,0.51294609,False,0.97024935,True,True,True,0.64285838,0.36427807,1.4081168,0.51294609,0.63118136,0.36380726,1.384025,0.50351835,0.96378513,0.37743849,0.25936041,0.097892602,0.64901304,0.49765039,0.31686395,0.15768747,0.48177425,0.32709523,0.58497197,0.19134154,0.57231416,0.36086548,0.66954184,0.24161454,0.63826137,0.35957362,0.69933395,0.25146204,0.76546089,0.36266743,0.73183059,0.26541112
experiment_0a_best,file,16,,11206,191.Red_headed_Woodpecker/Red_Headed_Woodpecker_0063_183358.jpg,191,190,191.Red_headed_Woodpecker,83,82,color_jitter,color_jitter,0,"{""brightness"":1.336462,""contrast"":0.83752,""hue"":-0.004765,""saturation"":0.698015}",0.0094762044,0.0049661854,-0.004510019,0.99056858,0.99504614,0.00096447213,0.00039359336,0.98960411,0.99465255,0.0050484393,0.88349977,0.61225477,1.4081168,0.86212625,False,0.98611009,True,True,True,0.88349977,0.61225477,1.4081168,0.86212625,0.88045793,0.61416908,1.384025,0.85002537,0.98375837,0.55497834,0.25936041,0.14393941,0.74051894,0.76465663,0.31686395,0.24229212,0.86723338,0.66227134,0.58497197,0.38741017,0.90394265,0.65688095,0.66954184,0.43980928,0.88608988,0.57388741,0.69933395,0.40133895,0.91613195,0.54528496,0.73183059,0.39905621
experiment_0a_best,file,16,,11206,191.Red_headed_Woodpecker/Red_Headed_Woodpecker_0063_183358.jpg,191,190,191.Red_headed_Woodpecker,83,82,rotation,rotation,0,"{""angle"":-2.978767}",0.0094762044,0.0071939719,-0.0022822325,0.99056858,0.99283183,0.00096447213,0.0011671043,0.98960411,0.99166472,0.0020606157,0.82108837,0.7451186,1.4081168,1.049214,False,0.97492367,True,True,True,0.82108837,0.7451186,1.4081168,1.049214,0.81582801,0.74509387,1.384025,1.0312286,0.97073711,0.74582239,0.25936041,0.1934368,0.69503069,0.85789597,0.31686395,0.2718363,0.7874636,0.7819623,0.58497197,0.45742602,0.80862248,0.72756763,0.66954184,0.48713697,0.82180081,0.70025115,0.69933395,0.4897094,0.86516983,0.7523856,0.73183059,0.55061879
experiment_0a_best,file,16,,11206,191.Red_headed_Woodpecker/Red_Headed_Woodpecker_0063_183358.jpg,191,190,191.Red_headed_Woodpecker,83,82,random_resized_crop,random_resized_crop,0,"{""area_fraction"":0.729041,""aspect"":1.178416,""fallback"":false,""height"":0.78655,""left"":0.018041,""top"":0.043831,""width"":0.926884}",0.0094762044,0.048030298,0.038554094,0.99056858,0.95310491,0.00096447213,0.0046541994,0.98960411,0.94845071,-0.041153392,0.74888083,4.2716638,1.4081168,6.0150017,False,0.9544909,True,True,True,0.74888083,4.2716638,1.4081168,6.0150017,0.7418763,4.2426815,1.384025,5.8719772,0.92758489,5.027328,0.25936041,1.3038898,0.70003965,4.4235743,0.31686395,1.4016712,0.73156489,4.4523541,0.58497197,2.6045024,0.74014495,4.2635203,0.66954184,2.8546052,0.72921364,3.9478119,0.69933395,2.7608389,0.77115033,4.3126171,0.73183059,3.1561051
experiment_0a_best,file,16,,11206,191.Red_headed_Woodpecker/Red_Headed_Woodpecker_0063_183358.jpg,191,190,191.Red_headed_Woodpecker,83,82,gaussian_blur,gaussian_blur,0,"{""sigma"":1.847983}",0.0094762044,0.42342278,0.41394658,0.99056858,0.65480173,0.00096447213,0.0088267149,0.98960411,0.64597501,-0.34362909,0.46586464,42.025652,1.4081168,59.177029,False,0.8799628,True,True,True,0.46586464,42.025652,1.4081168,59.177029,0.45546175,42.322498,1.384025,58.575396,0.86827619,32.452409,0.25936041,8.4168701,0.3961111,43.610492,0.31686395,13.818593,0.36284308,43.614956,0.58497197,25.513527,0.39211177,51.206541,0.66954184,34.284922,0.4716533,42.021254,0.69933395,29.38689,0.64551846,32.049805,0.73183059,23.455027
experiment_0a_best,file,16,,11206,191.Red_headed_Woodpecker/Red_Headed_Woodpecker_0063_183358.jpg,191,190,191.Red_headed_Woodpecker,83,82,random_erasing,random_erasing,0,"{""area_fraction"":0.190398,""erased"":true,""height"":0.377097,""left"":0.287506,""top"":0.304547,""width"":0.504903}",0.0094762044,1.3599496,1.3504734,0.99056858,0.25667369,0.00096447213,0.063356996,0.98960411,0.1933167,-0.79628741,0.45543364,71.889486,1.4081168,101.2288,False,0.81189978,True,True,True,0.45543364,71.889486,1.4081168,101.2288,0.44289496,71.637287,1.384025,99.147796,0.78226536,78.732813,0.25936041,20.420175,0.3964482,44.707608,0.31686395,14.166229,0.24551714,84.159483,0.58497197,49.230938,0.52376253,75.939368,0.66954184,50.844584,0.48689662,65.745079,0.69933395,45.977766,0.50324327,68.414561,0.73183059,50.067868
experiment_0a_best,file,16,,10180,173.Orange_crowned_Warbler/Orange_Crowned_Warbler_0030_168376.jpg,173,172,173.Orange_crowned_Warbler,175,174,identity,identity,0,{},0.033370595,0.033370595,0,0.96718007,0.96718007,0.0097373016,0.0097373016,0.95744277,0.95744277,0,1,1,5.9985492,5.9985492,False,1,True,True,True,1,1,5.9985492,5.9985492,1,1,5.9059479,5.9059479,1,1,1.0499391,1.0499391,1,1,1.1240584,1.1240584,1,1,3.3723699,3.3723699,1,1,3.0779191,3.0779191,1,1,2.5255499,2.5255499,1,1,2.5282101,2.5282101
experiment_0a_best,file,16,,10180,173.Orange_crowned_Warbler/Orange_Crowned_Warbler_0030_168376.jpg,173,172,173.Orange_crowned_Warbler,175,174,horizontal_flip,horizontal_flip,0,"{""flipped"":true}",0.033370595,0.04511901,0.011748414,0.96718007,0.95588374,0.0097373016,0.0029900379,0.95744277,0.9528937,-0.0045490682,0.73916826,1.5905138,5.9985492,9.5407754,False,0.94803417,True,True,True,0.73916826,1.5905138,5.9985492,9.5407754,0.73542005,1.5973836,5.9059479,9.4340642,0.88869402,1.3552829,1.0499391,1.4229645,0.80249176,1.9852444,1.1240584,2.2315306,0.83362491,1.6533477,3.3723699,5.5757,0.7217348,1.658076,3.0779191,5.1034239,0.61038683,1.5554816,2.5255499,3.9284463,0.68886821,1.3387491,2.5282101,3.3846391
experiment_0a_best,file,16,,10180,173.Orange_crowned_Warbler/Orange_Crowned_Warbler_0030_168376.jpg,173,172,173.Orange_crowned_Warbler,175,174,color_jitter,color_jitter,0,"{""brightness"":0.638599,""contrast"":0.727824,""hue"":-0.017373,""saturation"":0.608952}",0.033370595,4.6216345,4.5882639,0.96718007,0.0098367045,0.0097373016,0.00017847984,0.95744277,0.0096582246,-0.94778455,0.5244648,43.979948,5.9985492,263.81588,False,0.80196154,False,True,False,0.5244648,43.979948,5.9985492,263.81588,0.52282512,44.226829,5.9059479,261.20135,0.6025824,35.287429,1.0499391,37.049652,0.096665925,43.316523,1.1240584,48.690302,0.6158287,46.224894,3.3723699,155.88744,0.56935824,45.676091,3.0779191,140.58731,0.47818795,44.215124,2.5255499,111.6675,0.39440238,38.185343,2.5282101,96.54057
experiment_0a_best,file,16,,10180,173.Orange_crowned_Warbler/Orange_Crowned_Warbler_0030_168376.jpg,173,172,173.Orange_crowned_Warbler,175,174,rotation,rotation,0,"{""angle"":9.581008}",0.033370595,0.068292536,0.03492194,0.96718007,0.9339872,0.0097373016,0.0090652052,0.95744277,0.924922,-0.032520777,0.69457974,2.2972476,5.9985492,13.780153,False,0.9327364,True,True,True,0.69457974,2.2972476,5.9985492,13.780153,0.68838525,2.3002798,5.9059479,13.585333,0.90027491,2.1991473,1.0499391,2.3089707,0.62710517,2.8192216,1.1240584,3.1689698,0.76356343,2.0056784,3.3723699,6.7638893,0.65557957,2.6029433,3.0779191,8.011649,0.6425315,2.3912243,2.5255499,6.0391563,0.71730168,2.0971198,2.5282101,5.3019594
experiment_0a_best,file,16,,10180,173.Orange_crowned_Warbler/Orange_Crowned_Warbler_0030_168376.jpg,173,172,173.Orange_crowned_Warbler,175,174,random_resized_crop,random_resized_crop,0,"{""area_fraction"":0.685897,""aspect"":1.304481,""fallback"":false,""height"":0.725121,""left"":0.035951,""top"":0.265839,""width"":0.945907}",0.033370595,0.29517141,0.26180081,0.96718007,0.74440396,0.0097373016,0.015826177,0.95744277,0.72857778,-0.22886499,0.7311057,8.7120961,5.9985492,52.259937,False,0.92848629,True,True,True,0.7311057,8.7120961,5.9985492,52.259937,0.72808466,8.7630744,5.9059479,51.754261,0.87265582,6.9074606,1.0499391,7.252413,0.70848331,9.8277518,1.1240584,11.046967,0.81250167,9.3308885,3.3723699,31.467207,0.74364139,8.989891,3.0779191,27.670157,0.62403657,8.562749,2.5255499,21.625649,0.65265013,7.2176144,2.5282101,18.247646
experiment_0a_best,file,16,,10180,173.Orange_crowned_Warbler/Orange_Crowned_Warbler_0030_168376.jpg,173,172,173.Orange_crowned_Warbler,175,174,gaussian_blur,gaussian_blur,0,"{""sigma"":1.682771}",0.033370595,3.1374626,3.104092,0.96718007,0.043392766,0.0097373016,0.028452937,0.95744277,0.01493983,-0.94250294,0.49210224,33.210321,5.9985492,199.21375,False,0.75606477,False,True,False,0.49210224,33.210321,5.9985492,199.21375,0.48676737,33.356865,5.9059479,197.00391,0.69871745,28.182716,1.0499391,29.590135,0.45089222,39.47074,1.1240584,44.367417,0.5173944,31.478605,3.3723699,106.1575,0.51000487,35.895868,3.0779191,110.48458,0.45320044,34.227162,2.5255499,86.442404,0.44444752,30.365082,2.5282101,76.769307
experiment_0a_best,file,16,,10180,173.Orange_crowned_Warbler/Orange_Crowned_Warbler_0030_168376.jpg,173,172,173.Orange_crowned_Warbler,175,174,random_erasing,random_erasing,0,"{""area_fraction"":0.077146,""erased"":true,""height"":0.401826,""left"":0.210919,""top"":0.537337,""width"":0.191988}",0.033370595,0.051479042,0.018108446,0.96718007,0.94982356,0.0097373016,0.0073136184,0.95744277,0.94250994,-0.014932832,0.91377671,1.6737578,5.9985492,10.040118,False,0.98608065,True,True,True,0.91377671,1.6737578,5.9985492,10.040118,0.91250482,1.6787719,5.9059479,9.9147394,0.96383471,1.5065109,1.0499391,1.5817447,0.95528473,1.8276346,1.1240584,2.0543681,0.95526444,1.6649025,3.3723699,5.6146671,0.90581989,1.7587964,3.0779191,5.4134331,0.86077931,1.6855813,2.5255499,4.2570197,0.89399934,1.5385143,2.5282101,3.8896874
experiment_0a_best,file,16,,6068,104.American_Pipit/American_Pipit_0095_99959.jpg,104,103,104.American_Pipit,122,121,identity,identity,0,{},0.205226,0.205226,0,0.81446326,0.81446326,0.018250259,0.018250259,0.796213,0.796213,0,1,1,32.886992,32.886992,False,1.0000001,True,True,True,1,1,32.886992,32.886992,1,1,32.493333,32.493333,1,1,5.0732219,5.0732219,1,1,6.0982128,6.0982128,1,1,14.922142,14.922142,1,1,17.55776,17.55776,1,1,16.330482,16.330482,1,1,14.866021,14.866021
experiment_0a_best,file,16,,6068,104.American_Pipit/American_Pipit_0095_99959.jpg,104,103,104.American_Pipit,122,121,horizontal_flip,horizontal_flip,0,"{""flipped"":true}",0.205226,0.16775846,-0.037467539,0.81446326,0.84555805,0.018250259,0.011713683,0.796213,0.83384436,0.037631365,0.68692948,1.0646746,32.886992,35.013946,False,0.95119345,True,True,True,0.68692948,1.0646746,32.886992,35.013946,0.68266829,1.0698788,32.493333,34.763927,0.93734848,0.82330754,5.0732219,4.1768219,0.6523013,1.2878136,6.0982128,7.8533617,0.62104027,1.2086033,14.922142,18.034949,0.69207972,1.0850053,17.55776,19.050262,0.69664039,1.0050861,16.330482,16.41354,0.75565489,0.9254578,14.866021,13.757875
experiment_0a_best,file,16,,6068,104.American_Pipit/American_Pipit_0095_99959.jpg,104,103,104.American_Pipit,122,121,color_jitter,color_jitter,0,"{""brightness"":0.754476,""contrast"":1.227499,""hue"":-0.086938,""saturation"":0.957592}",0.205226,2.3880513,2.1828253,0.81446326,0.091808416,0.018250259,0.026496286,0.796213,0.06531213,-0.73090087,0.65014639,5.6566506,32.886992,186.03023,False,0.84769982,False,True,False,0.65014639,5.6566506,32.886992,186.03023,0.64774238,5.6671112,32.493333,184.14333,0.75968402,5.209457,5.0732219,26.428731,0.64040067,8.2744915,6.0982128,50.45961,0.68676529,6.4665135,14.922142,96.49423,0.6498411,5.5031168,17.55776,96.622405,0.64456991,5.1603103,16.330482,84.270355,0.62871763,5.040161,14.866021,74.927141
experiment_0a_best,file,16,,6068,104.American_Pipit/American_Pipit_0095_99959.jpg,104,103,104.American_Pipit,122,121,rotation,rotation,0,"{""angle"":0.992698}",0.205226,0.25383955,0.048613548,0.81446326,0.77581626,0.018250259,0.025944185,0.796213,0.74987208,-0.046340922,0.90888139,1.3410424,32.886992,44.10285,False,0.98060495,True,True,True,0.90888139,1.3410424,32.886992,44.10285,0.90733391,1.3430041,32.493333,43.638679,0.97855884,1.2579343,5.0732219,6.3817797,0.9251667,1.4379584,6.0982128,8.7689764,0.89551048,1.4501063,14.922142,21.638692,0.90744264,1.3819351,17.55776,24.263684,0.90902002,1.2661788,16.330482,20.677311,0.92412017,1.2456821,14.866021,18.518336
experiment_0a_best,file,16,,6068,104.American_Pipit/American_Pipit_0095_99959.jpg,104,103,104.American_Pipit,122,121,random_resized_crop,random_resized_crop,0,"{""area_fraction"":0.888941,""aspect"":1.010009,""fallback"":false,""height"":0.938153,""left"":0.018383,""top"":0.011587,""width"":0.947543}",0.205226,0.46518725,0.25996125,0.81446326,0.62801749,0.018250259,0.029029222,0.796213,0.59898826,-0.19722474,0.86450402,2.152807,32.886992,70.799348,False,0.97959369,True,True,True,0.86450402,2.152807,32.886992,70.799348,0.86218277,2.1576759,32.493333,70.110082,0.97493916,1.9425833,5.0732219,9.8551565,0.77670068,2.0503411,6.0982128,12.503416,0.84355065,2.1879951,14.922142,32.649573,0.85916475,2.2814382,17.55776,40.056944,0.86851056,2.0769986,16.330482,33.918388,0.89743008,2.0602726,14.866021,30.628056
experiment_0a_best,file,16,,6068,104.American_Pipit/American_Pipit_0095_99959.jpg,104,103,104.American_Pipit,122,121,gaussian_blur,gaussian_blur,0,"{""sigma"":1.132478}",0.205226,0.430931,0.225705,0.81446326,0.64990377,0.018250259,0.0073718019,0.796213,0.64253197,-0.15368103,0.50454698,2.7594828,32.886992,90.751091,False,0.92749584,True,True,True,0.50454698,2.7594828,32.886992,90.751091,0.49819248,2.7719851,32.493333,90.071034,0.84916085,2.1858209,5.0732219,11.089155,0.2282022,3.4412408,6.0982128,20.985418,0.45990826,3.6969461,14.922142,55.166354,0.46297931,2.6162574,17.55776,45.93562,0.55445949,2.2291952,16.330482,36.403833,0.67604079,2.3241445,14.866021,34.550781
experiment_0a_best,file,16,,6068,104.American_Pipit/American_Pipit_0095_99959.jpg,104,103,104.American_Pipit,122,121,random_erasing,random_erasing,0,"{""area_fraction"":0.105356,""erased"":true,""height"":0.203799,""left"":0.452235,""top"":0.148785,""width"":0.516962}",0.205226,0.22688268,0.021656677,0.81446326,0.7970143,0.018250259,0.029188696,0.796213,0.7678256,-0.028387399,0.95781172,1.1136669,32.886992,36.625155,False,0.98957568,True,True,True,0.95781172,1.1136669,32.886992,36.625155,0.95709297,1.1134887,32.493333,36.180959,0.98712103,1.1209529,5.0732219,5.6868429,0.96185514,1.1155564,6.0982128,6.8029001,0.95545691,1.1104579,14.922142,16.570411,0.96419273,1.1425941,17.55776,20.061393,0.96052486,1.1044768,16.330482,18.036639,0.94413787,1.0855397,14.866021,16.137657
experiment_0a_best,file,16,,3310,058.Pigeon_Guillemot/Pigeon_Guillemot_0018_40195.jpg,58,57,058.Pigeon_Guillemot,65,64,identity,identity,0,{},0.020750925,0.020750925,0,0.97946292,0.97946292,0.0042782668,0.0042782668,0.97518465,0.97518465,0,1,1,3.8155502,3.8155502,False,1,True,True,True,1,1,3.8155502,3.8155502,1,1,3.7496927,3.7496927,1,1,0.70585258,0.70585258,1,1,0.8830566,0.8830566,1,1,1.4617081,1.4617081,1,1,2.1277646,2.1277646,1,1,1.8633454,1.8633454,1,1,1.7732393,1.7732393
experiment_0a_best,file,16,,3310,058.Pigeon_Guillemot/Pigeon_Guillemot_0018_40195.jpg,58,57,058.Pigeon_Guillemot,65,64,horizontal_flip,horizontal_flip,0,"{""flipped"":true}",0.020750925,0.0048908601,-0.015860065,0.97946292,0.99512106,0.0042782668,0.00085196027,0.97518465,0.9942691,0.019084447,0.73655753,0.22626792,3.8155502,0.86333661,False,0.96933699,True,True,True,0.73655753,0.22626792,3.8155502,0.86333661,0.72813821,0.22597121,3.7496927,0.84732261,0.96601199,0.2344864,0.70585258,0.16551283,0.71559134,0.24332454,0.8830566,0.21486934,0.67063444,0.21696177,1.4617081,0.31713477,0.76056736,0.22646334,2.1277646,0.48186067,0.69451485,0.22969673,1.8633454,0.42800435,0.76156267,0.22262042,1.7732393,0.39475927
experiment_0a_best,file,16,,3310,058.Pigeon_Guillemot/Pigeon_Guillemot_0018_40195.jpg,58,57,058.Pigeon_Guillemot,65,64,color_jitter,color_jitter,0,"{""brightness"":1.012663,""contrast"":1.035331,""hue"":-0.018648,""saturation"":0.746452}",0.020750925,0.023366103,0.002615178,0.97946292,0.97690475,0.0042782668,0.0075019225,0.97518465,0.96940283,-0.0057818275,0.93941802,1.1912162,3.8155502,4.5451451,False,0.99564326,True,True,True,0.93941802,1.1912162,3.8155502,4.5451451,0.93766145,1.1914585,3.7496927,4.4676033,0.9893027,1.1843571,0.70585258,0.83598151,0.93144451,1.2587468,0.8830566,1.1115447,0.91511923,1.1839089,1.4617081,1.7305292,0.93877568,1.2369507,2.1277646,2.6319398,0.94231802,1.1545621,1.8633454,2.1513479,0.95066694,1.1521235,1.7732393,2.0429907
experiment_0a_best,file,16,,3310,058.Pigeon_Guillemot/Pigeon_Guillemot_0018_40195.jpg,58,57,058.Pigeon_Guillemot,65,64,rotation,rotation,0,"{""angle"":-12.288902}",0.020750925,0.051147681,0.030396756,0.97946292,0.95013833,0.0042782668,0.0014926711,0.97518465,0.94864566,-0.026538995,0.66543603,2.0829222,3.8155502,7.9474943,False,0.93411219,True,True,True,0.66543603,2.0829222,3.8155502,7.9474943,0.65652967,2.0743629,3.7496927,7.7782236,0.89474983,2.3114373,0.70585258,1.631534,0.31960578,2.2592505,0.8830566,1.9950461,0.62064477,2.1531652,1.4617081,3.1472989,0.68675968,1.7662341,2.1277646,3.7581303,0.67825768,2.0839479,1.8633454,3.8831148,0.72042636,2.3532534,1.7732393,4.1728814
experiment_0a_best,file,16,,3310,058.Pigeon_Guillemot/Pigeon_Guillemot_0018_40195.jpg,58,57,058.Pigeon_Guillemot,65,64,random_resized_crop,random_resized_crop,0,"{""area_fraction"":0.54379,""aspect"":1.060751,""fallback"":false,""height"":0.715993,""left"":0.034924,""top"":0.00723,""width"":0.759491}",0.020750925,2.3258481,2.3050972,0.97946292,0.097700536,0.0042782668,0.24862424,0.97518465,-0.1509237,-1.1261084,0.59467334,48.964942,3.8155502,186.82819,False,0.8808558,False,True,False,0.59467334,48.964942,3.8155502,186.82819,0.58678491,48.928197,3.7496927,183.4657,0.81268899,49.990758,0.70585258,35.286106,0.51871236,53.138146,0.8830566,46.923991,0.49016494,49.279604,1.4617081,72.032395,0.6926557,51.421575,2.1277646,109.41301,0.58064896,46.842052,1.8633454,87.282923,0.5166812,46.090203,1.7732393,81.728958
experiment_0a_best,file,16,,3310,058.Pigeon_Guillemot/Pigeon_Guillemot_0018_40195.jpg,58,57,058.Pigeon_Guillemot,65,64,gaussian_blur,gaussian_blur,0,"{""sigma"":1.429708}",0.020750925,0.015033283,-0.0057176417,0.97946292,0.98507917,0.0042782668,0.001439364,0.97518465,0.98363981,0.0084551504,0.60789943,0.69116652,3.8155502,2.6371805,False,0.91711426,True,True,True,0.60789943,0.69116652,3.8155502,2.6371805,0.59738687,0.69014846,3.7496927,2.5878446,0.89304561,0.71930273,0.70585258,0.50772169,0.40608866,0.81537946,0.8830566,0.72002622,0.4292918,0.69149245,1.4617081,1.0107601,0.64013085,0.71225275,2.1277646,1.5155062,0.62189958,0.67319458,1.8633454,1.254394,0.68936652,0.6396684,1.7732393,1.1342851
experiment_0a_best,file,16,,3310,058.Pigeon_Guillemot/Pigeon_Guillemot_0018_40195.jpg,58,57,058.Pigeon_Guillemot,65,64,random_erasing,random_erasing,0,"{""area_fraction"":0.075978,""erased"":true,""height"":0.249271,""left"":0.172409,""top"":0.728137,""width"":0.304799}",0.020750925,0.039645728,0.018894803,0.97946292,0.9611299,0.0042782668,0.0053704791,0.97518465,0.95575942,-0.01942523,0.95859831,1.765981,3.8155502,6.7381891,False,0.99246609,True,True,True,0.95859831,1.765981,3.8155502,6.7381891,0.95771121,1.7628535,3.7496927,6.6101591,0.98355312,1.8520624,0.70585258,1.307283,0.96364438,1.7053202,0.8830566,1.5058942,0.96394928,1.7588007,1.4617081,2.5708532,0.96580996,1.6423657,2.1277646,3.4945676,0.95523405,1.8099806,1.8633454,3.372619,0.95072058,1.8898828,1.7732393,3.3512143
experiment_0a_best,file,16,,10086,172.Nashville_Warbler/Nashville_Warbler_0121_167078.jpg,172,171,172.Nashville_Warbler,173,172,identity,identity,0,{},0.15011665,0.15011665,0,0.86060756,0.86060756,0.06739594,0.06739594,0.79321162,0.79321162,0,1,1,22.567591,22.567591,False,1,True,True,True,1,1,22.567591,22.567591,1,1,22.173843,22.173843,1,1,4.1972446,4.1972446,1,1,4.9025839,4.9025839,1,1,10.268785,10.268785,1,1,12.012265,12.012265,1,1,11.527071,11.527071,1,1,9.2210703,9.2210703
experiment_0a_best,file,16,,10086,172.Nashville_Warbler/Nashville_Warbler_0121_167078.jpg,172,171,172.Nashville_Warbler,173,172,horizontal_flip,horizontal_flip,0,"{""flipped"":true}",0.15011665,0.015322121,-0.13479453,0.86060756,0.98479468,0.06739594,0.0029737072,0.79321162,0.98182097,0.18860935,0.654926,0.096534724,22.567591,2.1785562,False,0.95544654,True,True,True,0.654926,0.096534724,22.567591,2.1785562,0.64522985,0.09649124,22.173843,2.1395816,0.92213488,0.097740539,4.1972446,0.41024095,0.64126489,0.086058785,4.9025839,0.42191041,0.64553997,0.087234405,10.268785,0.89579135,0.68561791,0.094279241,12.012265,1.1325073,0.61055714,0.09535051,11.527071,1.0991121,0.6478199,0.11408833,9.2210703,1.0520165
experiment_0a_best,file,16,,10086,172.Nashville_Warbler/Nashville_Warbler_0121_167078.jpg,172,171,172.Nashville_Warbler,173,172,color_jitter,color_jitter,0,"{""brightness"":0.839622,""contrast"":0.935103,""hue"":-0.019358,""saturation"":1.23317}",0.15011665,0.26767471,0.11755806,0.86060756,0.76515663,0.06739594,0.089183122,0.79321162,0.6759735,-0.11723812,0.8972662,1.5755558,22.567591,35.556498,False,0.98603559,True,True,True,0.8972662,1.5755558,22.567591,35.556498,0.89428092,1.5755123,22.173843,34.935163,0.98051813,1.5767679,4.1972446,6.6180805,0.80914241,1.4761163,4.9025839,7.2367839,0.88592819,1.6637025,10.268785,17.084203,0.89724742,1.6060778,12.012265,19.292633,0.90829402,1.4992346,11.527071,17.281784,0.90620651,1.554087,9.2210703,14.330345
experiment_0a_best,file,16,,10086,172.Nashville_Warbler/Nashville_Warbler_0121_167078.jpg,172,171,172.Nashville_Warbler,173,172,rotation,rotation,0,"{""angle"":11.170346}",0.15011665,0.062596001,-0.087520652,0.86060756,0.93932289,0.06739594,0.0051274477,0.79321162,0.93419544,0.14098382,0.69243739,0.44041362,22.567591,9.9390743,False,0.95364428,True,True,True,0.69243739,0.44041362,22.567591,9.9390743,0.68731311,0.44182859,22.173843,9.7970375,0.85434978,0.39890263,4.1972446,1.6742919,0.71732066,0.50727728,4.9025839,2.4869694,0.66985061,0.38949017,10.268785,3.9995908,0.73248581,0.44733626,12.012265,5.3735219,0.65923303,0.44572948,11.527071,5.1379555,0.67344333,0.46678811,9.2210703,4.304286
experiment_0a_best,file,16,,10086,172.Nashville_Warbler/Nashville_Warbler_0121_167078.jpg,172,171,172.Nashville_Warbler,173,172,random_resized_crop,random_resized_crop,0,"{""area_fraction"":0.739751,""aspect"":0.807099,""fallback"":false,""height"":0.957369,""left"":0.090181,""top"":0.03229,""width"":0.772692}",0.15011665,0.023890484,-0.12622617,0.86060756,0.97639263,0.06739594,0.0024298944,0.79321162,0.97396273,0.18075111,0.66758689,0.17292274,22.567591,3.9024497,False,0.95177233,True,True,True,0.66758689,0.17292274,22.567591,3.9024497,0.6607379,0.17363566,22.173843,3.8501697,0.8923323,0.15167979,4.1972446,0.63663716,0.62941954,0.17277286,4.9025839,0.84703344,0.64039692,0.15047324,10.268785,1.5451774,0.66005343,0.17382373,12.012265,2.0880167,0.64879292,0.18376983,11.527071,2.1183279,0.7190974,0.18377387,9.2210703,1.6945917
experiment_0a_best,file,16,,10086,172.Nashville_Warbler/Nashville_Warbler_0121_167078.jpg,172,171,172.Nashville_Warbler,173,172,gaussian_blur,gaussian_blur,0,"{""sigma"":1.026755}",0.15011665,0.25566003,0.10554338,0.86060756,0.77440518,0.06739594,0.03059439,0.79321162,0.74381079,-0.049400833,0.58488857,1.9077257,22.567591,43.052773,False,0.92780364,True,True,True,0.58488857,1.9077257,22.567591,43.052773,0.57784952,1.9227846,22.173843,42.635523,0.87584253,1.4246044,4.1972446,5.9794129,0.15460491,2.4979771,4.9025839,12.246542,0.54101364,2.0610732,10.268785,21.164717,0.61952715,2.0597548,12.012265,24.742322,0.64239991,1.7441736,11.527071,20.105213,0.65705022,1.5468959,9.2210703,14.264036
experiment_0a_best,file,16,,10086,172.Nashville_Warbler/Nashville_Warbler_0121_167078.jpg,172,171,172.Nashville_Warbler,173,172,random_erasing,random_erasing,0,"{""area_fraction"":0.126084,""erased"":true,""height"":0.21137,""left"":0.203258,""top"":0.400192,""width"":0.596506}",0.15011665,1.9873183,1.8372016,0.86060756,0.1370625,0.06739594,0.51030648,0.79321162,-0.37324397,-1.1664556,0.63742008,4.6975905,22.567591,106.0133,False,0.89321184,False,True,False,0.63742008,4.6975905,22.567591,106.0133,0.62687874,4.6303324,22.173843,102.67226,0.88270467,6.2910435,4.1972446,26.405048,0.63596447,3.5496379,4.9025839,17.402398,0.69603208,4.7333502,10.268785,48.605755,0.65899886,4.3612583,12.012265,52.388592,0.56711169,4.3985353,11.527071,50.70223,0.59864974,5.4880644,9.2210703,50.605827
experiment_0a_best,file,16,,4027,070.Green_Violetear/Green_Violetear_0013_795684.jpg,70,69,070.Green_Violetear,68,67,identity,identity,0,{},3.918117,3.918117,0,0.019878488,0.019878488,0.35258183,0.35258183,-0.33270334,-0.33270334,0,1,1,105.8789,105.8789,False,0.99999994,True,False,False,1,1,105.8789,105.8789,1,1,102.64839,102.64839,1,1,25.954761,25.954761,1,1,18.902172,18.902172,1,1,42.2005,42.2005,1,1,53.372262,53.372262,1,1,49.642993,49.642993,1,1,55.547214,55.547214
experiment_0a_best,file,16,,4027,070.Green_Violetear/Green_Violetear_0013_795684.jpg,70,69,070.Green_Violetear,68,67,horizontal_flip,horizontal_flip,0,"{""flipped"":true}",3.918117,4.2963815,0.37826443,0.019878488,0.013617748,0.35258183,0.61701006,-0.33270334,-0.60339231,-0.27068897,0.57994009,1.1087381,105.8789,117.39197,False,0.94450641,True,False,False,0.57994009,1.1087381,105.8789,117.39197,0.55635136,1.101863,102.64839,113.10446,0.91801551,1.2112048,25.954761,31.436531,0.41332163,1.0353003,18.902172,19.569425,0.46971723,1.0690432,42.2005,45.114158,0.57244115,1.1014137,53.372262,58.784942,0.51649461,1.0884425,49.642993,54.033543,0.63501259,1.1384595,55.547214,63.238252
experiment_0a_best,file,16,,4027,070.Green_Violetear/Green_Violetear_0013_795684.jpg,70,69,070.Green_Violetear,68,67,color_jitter,color_jitter,0,"{""brightness"":0.834789,""contrast"":0.666478,""hue"":-0.009944,""saturation"":1.093518}",3.918117,4.2992172,0.38110018,0.019878488,0.013579183,0.35258183,0.18213834,-0.33270334,-0.16855916,0.16414419,0.84315453,1.0680029,105.8789,113.07897,False,0.96819282,False,False,False,0.84315453,1.0680029,105.8789,113.07897,0.8373582,1.0751529,102.64839,110.36272,0.9520518,0.94918365,25.954761,24.635835,0.83798736,1.0481778,18.902172,19.812837,0.79455889,1.1533084,42.2005,48.67019,0.84887819,1.1327813,53.372262,60.4591,0.83146473,1.0021764,49.642993,49.751038,0.86259677,1.0323142,55.547214,57.34218
experiment_0a_best,file,16,,4027,070.Green_Violetear/Green_Violetear_0013_795684.jpg,70,69,070.Green_Violetear,68,67,rotation,rotation,0,"{""angle"":-4.556764}",3.918117,4.4136429,0.49552584,0.019878488,0.012110977,0.35258183,0.3952969,-0.33270334,-0.38318592,-0.050482584,0.77477067,1.0429871,105.8789,110.43033,False,0.96032983,True,False,False,0.77477067,1.0429871,105.8789,110.43033,0.76328374,1.0440017,102.64839,107.16509,0.9575152,1.0269869,25.954761,26.6552,0.40123613,0.99382448,18.902172,18.785442,0.69204819,1.0997197,42.2005,46.408723,0.7852509,1.0791346,53.372262,57.595853,0.76378373,1.0017969,49.642993,49.732199,0.82878724,1.0163353,55.547214,56.454593
experiment_0a_best,file,16,,4027,070.Green_Violetear/Green_Violetear_0013_795684.jpg,70,69,070.Green_Violetear,68,67,random_resized_crop,random_resized_crop,0,"{""area_fraction"":0.625612,""aspect"":0.861481,""fallback"":false,""height"":0.852177,""left"":0.014404,""top"":0.014937,""width"":0.734134}",3.918117,3.7820926,-0.13602448,0.019878488,0.022774983,0.35258183,0.11987881,-0.33270334,-0.09710383,0.23559951,0.56423004,0.94046885,105.8789,99.57581,False,0.90131307,True,False,False,0.56423004,0.94046885,105.8789,99.57581,0.54674872,0.94556587,102.64839,97.060815,0.8685765,0.85680827,25.954761,22.238254,0.42149915,0.72625308,18.902172,13.727761,0.63325349,0.89394708,42.2005,37.725014,0.55895621,0.93224368,53.372262,49.755953,0.48080233,0.98607873,49.642993,48.951899,0.55707532,0.9756785,55.547214,54.196222
experiment_0a_best,file,16,,4027,070.Green_Violetear/Green_Violetear_0013_795684.jpg,70,69,070.Green_Violetear,68,67,gaussian_blur,gaussian_blur,0,"{""sigma"":1.307667}",3.918117,4.8287573,0.91064024,0.019878488,0.0079964539,0.35258183,0.46694401,-0.33270334,-0.45894756,-0.12624421,0.63592419,1.126584,105.8789,119.28148,False,0.90923297,True,False,False,0.63592419,1.126584,105.8789,119.28148,0.62095961,1.1329723,102.64839,116.29779,0.89876573,1.0214761,25.954761,26.512167,0.41443788,1.4686446,18.902172,27.760573,0.49660812,1.1470403,42.2005,48.405676,0.6323186,1.1747083,53.372262,62.696839,0.64279589,1.1380004,49.642993,56.493748,0.71016916,1.0324483,55.547214,57.349628
experiment_0a_best,file,16,,4027,070.Green_Violetear/Green_Violetear_0013_795684.jpg,70,69,070.Green_Violetear,68,67,random_erasing,random_erasing,0,"{""area_fraction"":0.178615,""erased"":true,""height"":0.524151,""left"":0.056464,""top"":0.058857,""width"":0.340771}",3.918117,2.6717811,-1.246336,0.019878488,0.069128983,0.35258183,0.35604179,-0.33270334,-0.28691281,0.045790534,0.77839825,1.0140739,105.8789,107.36903,False,0.9210555,True,False,False,0.77839825,1.0140739,105.8789,107.36903,0.76937289,1.0112356,102.64839,103.80171,0.91412221,1.0574771,25.954761,27.446564,0.80396855,1.2392181,18.902172,23.423915,0.77084592,1.0987722,42.2005,46.368738,0.81652108,0.9974225,53.372262,53.234695,0.74229765,0.93129986,49.642993,46.232512,0.74627527,1.0031041,55.547214,55.719637
experiment_0a_best,file,16,,4929,085.Horned_Lark/Horned_Lark_0028_74408.jpg,85,84,085.Horned_Lark,118,117,identity,identity,0,{},0.025579927,0.025579927,0,0.97474444,0.97474444,0.0063157561,0.0063157561,0.96842868,0.96842868,0,1,1,4.0046312,4.0046312,False,1,True,True,True,1,1,4.0046312,4.0046312,1,1,3.9430466,3.9430466,1,1,0.69961022,0.69961022,1,1,0.60937795,0.60937795,1,1,1.6143568,1.6143568,1,1,2.1601055,2.1601055,1,1,1.9777532,1.9777532,1,1,1.9981399,1.9981399
experiment_0a_best,file,16,,4929,085.Horned_Lark/Horned_Lark_0028_74408.jpg,85,84,085.Horned_Lark,118,117,horizontal_flip,horizontal_flip,0,"{""flipped"":true}",0.025579927,0.069057591,0.043477664,0.97474444,0.93327296,0.0063157561,0.0091307405,0.96842868,0.92414222,-0.044286466,0.62435457,2.6629496,4.0046312,10.664131,False,0.94330806,True,True,True,0.62435457,2.6629496,4.0046312,10.664131,0.6146731,2.6637522,3.9430466,10.503299,0.93499953,2.6373281,0.69961022,1.8451017,0.60670167,2.5452297,0.60937795,1.5510068,0.58318957,2.4338038,1.6143568,3.9290277,0.56422085,2.7658903,2.1601055,5.9746149,0.58085956,2.7016503,1.9777532,5.3431977,0.73132585,2.6590979,1.9981399,5.3132496
experiment_0a_best,file,16,,4929,085.Horned_Lark/Horned_Lark_0028_74408.jpg,85,84,085.Horned_Lark,118,117,color_jitter,color_jitter,0,"{""brightness"":1.214812,""contrast"":1.016537,""hue"":0.05374,""saturation"":1.078713}",0.025579927,0.053244174,0.027664246,0.97474444,0.94814849,0.0063157561,0.0067620897,0.96842868,0.9413864,-0.027042284,0.84340735,1.9490469,4.0046312,7.8052141,False,0.97424775,True,True,True,0.84340735,1.9490469,4.0046312,7.8052141,0.8395866,1.9489338,3.9430466,7.6847368,0.96454531,1.9526376,0.69961022,1.3660852,0.79000095,2.0770508,0.60937795,1.265709,0.8144551,1.8141809,1.6143568,2.9287353,0.82896315,1.8786594,2.1601055,4.0581026,0.84002935,2.0993305,1.9777532,4.1519576,0.87583399,1.9491649,1.9981399,3.8947042
experiment_0a_best,file,16,,4929,085.Horned_Lark/Horned_Lark_0028_74408.jpg,85,84,085.Horned_Lark,118,117,rotation,rotation,0,"{""angle"":6.97826}",0.025579927,0.044586606,0.019006679,0.97474444,0.95639277,0.0063157561,0.0090621272,0.96842868,0.94733064,-0.021098045,0.7398952,1.8115193,4.0046312,7.2544667,False,0.95709485,True,True,True,0.7398952,1.8115193,4.0046312,7.2544667,0.7335449,1.814333,3.9430466,7.1539994,0.95373806,1.7197488,0.69961022,1.2031538,0.63674581,1.7779295,0.60937795,1.0834311,0.64305969,1.7063754,1.6143568,2.7546988,0.72351109,1.9214795,2.1601055,4.1505985,0.72876813,1.8090479,1.9777532,3.5778504,0.82019328,1.7615416,1.9981399,3.5198065
experiment_0a_best,file,16,,4929,085.Horned_Lark/Horned_Lark_0028_74408.jpg,85,84,085.Horned_Lark,118,117,random_resized_crop,random_resized_crop,0,"{""area_fraction"":0.647139,""aspect"":0.80586,""fallback"":false,""height"":0.896126,""left"":0.175046,""top"":0.011641,""width"":0.722152}",0.025579927,0.0080561694,-0.017523758,0.97474444,0.9919762,0.0063157561,0.0027938962,0.96842868,0.98918231,0.020753622,0.72637743,0.32286835,4.0046312,1.2929686,False,0.95710218,True,True,True,0.72637743,0.32286835,4.0046312,1.2929686,0.71851582,0.3210202,3.9430466,1.2657976,0.9481185,0.37688814,0.69961022,0.2636748,0.75904819,0.33896511,0.60937795,0.20655786,0.6800973,0.30164777,1.6143568,0.48696713,0.66155854,0.29851475,2.1601055,0.64482336,0.71782503,0.33552266,1.9777532,0.66358103,0.80064071,0.34174991,1.9981399,0.68286415
experiment_0a_best,file,16,,4929,085.Horned_Lark/Horned_Lark_0028_74408.jpg,85,84,085.Horned_Lark,118,117,gaussian_blur,gaussian_blur,0,"{""sigma"":1.662825}",0.025579927,0.33612603,0.3105461,0.97474444,0.71453303,0.0063157561,0.025109502,0.96842868,0.68942353,-0.27900515,0.56610429,15.293588,4.0046312,61.245179,False,0.85898328,True,True,True,0.56610429,15.293588,4.0046312,61.245179,0.55960878,15.382215,3.9430466,60.65279,0.84287672,12.146345,0.69961022,8.497707,0.54657882,19.921702,0.60937795,12.139846,0.49188594,17.469035,1.6143568,28.201256,0.55948746,15.970545,2.1601055,34.498062,0.56499077,15.387642,1.9777532,30.432959,0.63720755,12.459409,1.9981399,24.895643
experiment_0a_best,file,16,,4929,085.Horned_Lark/Horned_Lark_0028_74408.jpg,85,84,085.Horned_Lark,118,117,random_erasing,random_erasing,0,"{""area_fraction"":0.172904,""erased"":true,""height"":0.557471,""left"":0.561291,""top"":0.030361,""width"":0.310157}",0.025579927,0.032243278,0.0066633504,0.97474444,0.96827102,0.0063157561,0.0013186114,0.96842868,0.96695241,-0.0014762774,0.56819732,1.2185324,4.0046312,4.8797727,False,0.89984369,True,True,True,0.56819732,1.2185324,4.0046312,4.8797727,0.55846691,1.2136207,3.9430466,4.7853629,0.84674281,1.3653886,0.69961022,0.95523982,0.57032226,1.1536651,0.60937795,0.70301807,0.47449491,1.1779501,1.6143568,1.9016318,0.55405209,1.1830971,2.1601055,2.5556146,0.51227652,1.2447038,1.9777532,2.4617169,0.66015769,1.2459524,1.9981399,2.4895872
experiment_0a_best,file,16,,5875,101.White_Pelican/White_Pelican_0009_97340.jpg,101,100,101.White_Pelican,106,105,identity,identity,0,{},0.12234306,0.12234306,0,0.88484478,0.88484478,0.035836451,0.035836451,0.84900833,0.84900833,0,1,1,16.160033,16.160033,False,1.0000001,True,True,True,1,1,16.160033,16.160033,1,1,15.83973,15.83973,1,1,3.2015014,3.2015014,1,1,4.9044427,4.9044427,1,1,7.1456053,7.1456053,1,1,7.8463238,7.8463238,1,1,7.1476806,7.1476806,1,1,7.9454191,7.9454191
experiment_0a_best,file,16,,5875,101.White_Pelican/White_Pelican_0009_97340.jpg,101,100,101.White_Pelican,106,105,horizontal_flip,horizontal_flip,0,"{""flipped"":true}",0.12234306,0.13338257,0.011039518,0.88484478,0.87513024,0.035836451,0.019826168,0.84900833,0.85530407,0.0062957387,0.63943347,1.038159,16.160033,16.776683,False,0.97888589,True,True,True,0.63943347,1.038159,16.160033,16.776683,0.62543364,1.0332793,15.83973,16.366865,0.95060691,1.1511752,3.2015014,3.6854891,0.79818337,0.77906246,4.9044427,3.8208672,0.54278988,0.89055242,7.1456053,6.3635361,0.55756918,1.0395527,7.8463238,8.1566672,0.56831935,1.1081401,7.1476806,7.9206316,0.75256815,1.1501654,7.9454191,9.1385464
experiment_0a_best,file,16,,5875,101.White_Pelican/White_Pelican_0009_97340.jpg,101,100,101.White_Pelican,106,105,color_jitter,color_jitter,0,"{""brightness"":1.18069,""contrast"":1.02802,""hue"":0.026122,""saturation"":0.838449}",0.12234306,0.14999825,0.027655192,0.88484478,0.86070949,0.035836451,0.07462398,0.84900833,0.78608551,-0.06292282,0.86636325,1.306504,16.160033,21.113148,False,0.98885119,True,True,True,0.86636325,1.306504,16.160033,21.113148,0.86220975,1.3053032,15.83973,20.675651,0.96595029,1.3355622,3.2015014,4.2758042,0.91630981,1.5885352,4.9044427,7.7908799,0.80703047,1.1762852,7.1456053,8.4052696,0.85505527,1.2893067,7.8463238,10.116318,0.85256205,1.3205999,7.1476806,9.4392263,0.90402195,1.2878073,7.9454191,10.232169
experiment_0a_best,file,16,,5875,101.White_Pelican/White_Pelican_0009_97340.jpg,101,100,101.White_Pelican,106,105,rotation,rotation,0,"{""angle"":-11.917265}",0.12234306,0.6415472,0.51920415,0.88484478,0.52647722,0.035836451,0.21964225,0.84900833,0.30683497,-0.54217336,0.70111861,4.7263073,16.160033,76.377282,False,0.92410171,True,True,True,0.70111861,4.7263073,16.160033,76.377282,0.69369817,4.748187,15.83973,75.210001,0.91473272,4.1549466,3.2015014,13.302067,0.75696734,4.6338542,4.9044427,22.726473,0.69472196,4.6700085,7.1456053,33.370038,0.68932633,4.9338002,7.8463238,38.712194,0.63687034,5.0128656,7.1476806,35.830362,0.72755511,4.4391618,7.9454191,35.271001
experiment_0a_best,file,16,,5875,101.White_Pelican/White_Pelican_0009_97340.jpg,101,100,101.White_Pelican,106,105,random_resized_crop,random_resized_crop,0,"{""area_fraction"":0.616393,""aspect"":1.080355,""fallback"":false,""height"":0.755345,""left"":0.0613,""top"":0.23763,""width"":0.816041}",0.12234306,0.2098604,0.087517343,0.88484478,0.81069744,0.035836451,0.041681647,0.84900833,0.76901579,-0.07999254,0.66045368,1.4595599,16.160033,23.586535,False,0.91931343,True,True,True,0.66045368,1.4595599,16.160033,23.586535,0.6503376,1.4571425,15.83973,23.080744,0.89875,1.5175334,3.2015014,4.8583852,0.57793703,1.1246272,4.9044427,5.5156695,0.63626371,1.4310204,7.1456053,10.225507,0.65569002,1.5672426,7.8463238,12.297093,0.62385368,1.4954576,7.1476806,10.689053,0.70811725,1.4474448,7.9454191,11.500556
experiment_0a_best,file,16,,5875,101.White_Pelican/White_Pelican_0009_97340.jpg,101,100,101.White_Pelican,106,105,gaussian_blur,gaussian_blur,0,"{""sigma"":1.322799}",0.12234306,0.80651122,0.68416817,0.88484478,0.4464128,0.035836451,0.35969684,0.84900833,0.086715966,-0.76229236,0.493007,7.5091397,16.160033,121.34794,False,0.90139276,True,True,True,0.493007,7.5091397,16.160033,121.34794,0.48281273,7.5762372,15.83973,120.00555,0.85070521,5.6222833,3.2015014,17.999748,0.47813772,6.8298025,4.9044427,33.496375,0.28913738,8.0446562,7.1456053,57.483938,0.5563239,9.1574072,7.8463238,71.851982,0.49104333,7.3267226,7.1476806,52.369072,0.6169174,5.7258031,7.9454191,45.493905
experiment_0a_best,file,16,,5875,101.White_Pelican/White_Pelican_0009_97340.jpg,101,100,101.White_Pelican,106,105,random_erasing,random_erasing,0,"{""area_fraction"":0.123722,""erased"":true,""height"":0.458857,""left"":0.23896,""top"":0.35547,""width"":0.269632}",0.12234306,1.7207588,1.5984157,0.88484478,0.17893033,0.035836451,0.04491448,0.84900833,0.13401585,-0.71499248,0.56849738,7.1534821,16.160033,115.60051,False,0.85991848,True,True,True,0.56849738,7.1534821,16.160033,115.60051,0.55951913,7.1660532,15.83973,113.50835,0.799397,6.8385569,3.2015014,21.893649,0.86067189,8.1660112,4.9044427,40.049734,0.42342067,6.4125658,7.1456053,45.821664,0.55027876,6.7964275,7.8463238,53.326971,0.51087728,7.1604287,7.1476806,51.180457,0.58037549,7.673597,7.9454191,60.969944
experiment_0a_best,file,16,,6291,108.White_necked_Raven/White_Necked_Raven_0042_797356.jpg,108,107,108.White_necked_Raven,107,106,identity,identity,0,{},0.19966039,0.19966039,0,0.81900883,0.81900883,0.13177052,0.13177052,0.68723831,0.68723831,0,1,1,29.8788,29.8788,False,0.99999988,True,True,True,1,1,29.8788,29.8788,1,1,29.070292,29.070292,1,1,6.9036819,6.9036819,1,1,10.686007,10.686007,1,1,10.435427,10.435427,1,1,14.249541,14.249541,1,1,13.848999,13.848999,1,1,15.071457,15.071457
experiment_0a_best,file,16,,6291,108.White_necked_Raven/White_Necked_Raven_0042_797356.jpg,108,107,108.White_necked_Raven,107,106,horizontal_flip,horizontal_flip,0,"{""flipped"":true}",0.19966039,0.16347383,-0.036186561,0.81900883,0.84918875,0.13177052,0.1044318,0.68723831,0.74475694,0.057518639,0.68856461,0.84870361,29.8788,25.358246,False,0.97151875,True,True,True,0.68856461,0.84870361,29.8788,25.358246,0.67354984,0.85103097,29.070292,24.739719,0.97050773,0.80632195,6.9036819,5.5665902,0.87977462,0.74650552,10.686007,7.9771633,0.53292902,1.0457251,10.435427,10.912588,0.63919223,0.85270924,14.249541,12.150715,0.60926879,0.81247089,13.848999,11.251908,0.76249848,0.82629435,15.071457,12.45346
experiment_0a_best,file,16,,6291,108.White_necked_Raven/White_Necked_Raven_0042_797356.jpg,108,107,108.White_necked_Raven,107,106,color_jitter,color_jitter,0,"{""brightness"":0.974129,""contrast"":1.264171,""hue"":0.013059,""saturation"":0.748746}",0.19966039,0.55864495,0.35898456,0.81900883,0.57198358,0.13177052,0.15657188,0.68723831,0.4154117,-0.27182661,0.75181097,2.4699144,29.8788,73.798078,False,0.96921128,True,True,True,0.75181097,2.4699144,29.8788,73.798078,0.7456579,2.4836593,29.070292,72.2007,0.87911228,2.2120642,6.9036819,15.271387,0.73064471,1.7522172,10.686007,18.724205,0.59975058,2.3542307,10.435427,24.567402,0.72593406,2.4746612,14.249541,35.262785,0.76808485,2.7349629,13.848999,37.876499,0.83015972,2.6379634,15.071457,39.757953
experiment_0a_best,file,16,,6291,108.White_necked_Raven/White_Necked_Raven_0042_797356.jpg,108,107,108.White_necked_Raven,107,106,rotation,rotation,0,"{""angle"":-7.691748}",0.19966039,0.21571119,0.016050801,0.81900883,0.80596805,0.13177052,0.10484894,0.68723831,0.70111911,0.013880804,0.79137374,1.0414505,29.8788,31.117293,False,0.97129464,True,True,True,0.79137374,1.0414505,29.8788,31.117293,0.78266152,1.0452639,29.070292,30.386127,0.95962869,0.97135253,6.9036819,6.7059089,0.81333481,0.7260206,10.686007,7.7582613,0.70413527,1.1022283,10.435427,11.502223,0.79341711,1.0809551,14.249541,15.403114,0.76664321,1.0849528,13.848999,15.025511,0.83413001,1.0858067,15.071457,16.36469
experiment_0a_best,file,16,,6291,108.White_necked_Raven/White_Necked_Raven_0042_797356.jpg,108,107,108.White_necked_Raven,107,106,random_resized_crop,random_resized_crop,0,"{""area_fraction"":0.577279,""aspect"":1.165035,""fallback"":false,""height"":0.70392,""left"":0.082175,""top"":0.151219,""width"":0.820092}",0.19966039,0.10238705,-0.097273342,0.81900883,0.9026801,0.13177052,0.046497863,0.68723831,0.85618224,0.16894393,0.64478655,0.56199268,29.8788,16.791667,False,0.94821239,True,True,True,0.64478655,0.56199268,29.8788,16.791667,0.62957082,0.56302505,29.070292,16.367303,0.9247288,0.54336196,6.9036819,3.7511981,0.5228709,0.45679262,10.686007,4.8812891,0.49951267,0.69152313,10.435427,7.2163388,0.63205713,0.55010439,14.249541,7.8387348,0.64245901,0.55320749,13.848999,7.66137,0.75066747,0.562392,15.071457,8.4760671
experiment_0a_best,file,16,,6291,108.White_necked_Raven/White_Necked_Raven_0042_797356.jpg,108,107,108.White_necked_Raven,107,106,gaussian_blur,gaussian_blur,0,"{""sigma"":1.872182}",0.19966039,1.3198805,1.1202201,0.81900883,0.26716724,0.13177052,0.14673969,0.68723831,0.12042755,-0.56681076,0.5069704,4.4776431,29.8788,133.78661,False,0.882967,True,True,True,0.5069704,4.4776431,29.8788,133.78661,0.49494159,4.5177038,29.070292,131.33097,0.77747667,3.695903,6.9036819,25.515339,0.75972054,3.5689918,10.686007,38.138272,0.29127602,4.9855776,10.435427,52.026629,0.45847659,4.8217363,14.249541,68.707527,0.45449359,4.7536615,13.848999,65.833453,0.58370764,4.2130048,15.071457,63.496122
experiment_0a_best,file,16,,6291,108.White_necked_Raven/White_Necked_Raven_0042_797356.jpg,108,107,108.White_necked_Raven,107,106,random_erasing,random_erasing,0,"{""area_fraction"":0.093687,""erased"":true,""height"":0.449477,""left"":0.224265,""top"":0.064966,""width"":0.208436}",0.19966039,3.9334955,3.7338351,0.81900883,0.01957513,0.13177052,0.11131336,0.68723831,-0.091738228,-0.77897653,0.53986441,6.0217613,29.8788,179.923,False,0.88767886,False,True,False,0.53986441,6.0217613,29.8788,179.923,0.53296562,6.0366069,29.070292,175.48593,0.66883354,5.7521729,6.9036819,39.711172,0.62356618,3.9444864,10.686007,42.15081,0.42799777,6.9797874,10.435427,72.837058,0.53207963,5.8156048,14.249541,82.869696,0.51814365,6.4242601,13.848999,88.969572,0.59396715,6.2701867,15.071457,94.500851
experiment_0a_best,file,16,,3867,067.Anna_Hummingbird/Anna_Hummingbird_0038_57036.jpg,67,66,067.Anna_Hummingbird,68,67,identity,identity,0,{},1.8488448,1.8488448,0,0.15741891,0.15741891,0.78190601,0.78190601,-0.6244871,-0.6244871,0,1,1,131.17989,131.17989,False,0.99999988,True,False,False,1,1,131.17989,131.17989,1,1,127.31521,127.31521,1,1,31.606969,31.606969,1,1,26.223755,26.223755,1,1,52.791917,52.791917,1,1,62.211874,62.211874,1,1,62.771067,62.771067,1,1,70.170989,70.170989
experiment_0a_best,file,16,,3867,067.Anna_Hummingbird/Anna_Hummingbird_0038_57036.jpg,67,66,067.Anna_Hummingbird,68,67,horizontal_flip,horizontal_flip,0,"{""flipped"":true}",1.8488448,1.729007,-0.11983776,0.15741891,0.17746055,0.78190601,0.79200304,-0.6244871,-0.61454248,0.0099446177,0.68993384,1.145427,131.17989,150.25699,False,0.96221292,True,False,False,0.68993384,1.145427,131.17989,150.25699,0.67522335,1.152325,127.31521,146.7085,0.96206582,1.0270507,31.606969,32.46196,0.72373304,1.4186668,26.223755,37.202771,0.65944339,1.2648577,52.791917,66.774261,0.6641031,1.1613149,62.211874,72.247577,0.61102018,1.1060108,62.771067,69.425475,0.74637229,1.0703299,70.170989,75.106107
experiment_0a_best,file,16,,3867,067.Anna_Hummingbird/Anna_Hummingbird_0038_57036.jpg,67,66,067.Anna_Hummingbird,68,67,color_jitter,color_jitter,0,"{""brightness"":1.184639,""contrast"":1.019552,""hue"":-0.053089,""saturation"":1.159466}",1.8488448,1.3379679,-0.51087689,0.15741891,0.26237831,0.78190601,0.65772009,-0.6244871,-0.39534178,0.22914532,0.81256962,0.75803072,131.17989,99.438389,False,0.96564835,True,False,False,0.81256962,0.75803072,131.17989,99.438389,0.80229181,0.75130202,127.31521,95.652178,0.96519767,0.85987966,31.606969,27.17819,0.56782555,0.60729871,26.223755,15.925653,0.76324066,0.69253783,52.791917,36.560399,0.77937971,0.73252977,62.211874,45.57205,0.81155977,0.77737078,62.771067,48.796393,0.86101686,0.79360391,70.170989,55.687972
experiment_0a_best,file,16,,3867,067.Anna_Hummingbird/Anna_Hummingbird_0038_57036.jpg,67,66,067.Anna_Hummingbird,68,67,rotation,rotation,0,"{""angle"":-1.283507}",1.8488448,1.9583869,0.10954213,0.15741891,0.14108582,0.78190601,0.83853108,-0.6244871,-0.69744526,-0.072958156,0.87421581,1.1469322,131.17989,150.45444,False,0.98113686,True,False,False,0.87421581,1.1469322,131.17989,150.45444,0.86792845,1.1493868,127.31521,146.33443,0.98080064,1.106344,31.606969,34.968179,0.85755191,1.2639695,26.223755,33.146026,0.80657231,1.1571373,52.791917,61.087497,0.85434908,1.1553402,62.211874,71.87588,0.87710981,1.1471822,62.771067,72.00985,0.90958334,1.1249969,70.170989,78.942147
experiment_0a_best,file,16,,3867,067.Anna_Hummingbird/Anna_Hummingbird_0038_57036.jpg,67,66,067.Anna_Hummingbird,68,67,random_resized_crop,random_resized_crop,0,"{""area_fraction"":0.655561,""aspect"":1.121971,""fallback"":false,""height"":0.764391,""left"":0.080769,""top"":0.007108,""width"":0.857625}",1.8488448,1.1497722,-0.6990726,0.15741891,0.31670895,0.78190601,0.42009431,-0.6244871,-0.10338536,0.52110174,0.69534264,0.81117035,131.17989,106.40924,False,0.95751905,True,False,False,0.69534264,0.81117035,131.17989,106.40924,0.68487556,0.8208561,127.31521,104.50747,0.93769402,0.63365309,31.606969,20.027854,0.76544173,0.9097065,26.223755,23.85592,0.73174764,0.97262475,52.791917,51.346725,0.63265207,0.79774165,62.211874,49.629003,0.6540523,0.79779287,62.771067,50.07831,0.7182633,0.74669093,70.170989,52.396041
experiment_0a_best,file,16,,3867,067.Anna_Hummingbird/Anna_Hummingbird_0038_57036.jpg,67,66,067.Anna_Hummingbird,68,67,gaussian_blur,gaussian_blur,0,"{""sigma"":1.509554}",1.8488448,1.3684347,-0.4804101,0.15741891,0.25450507,0.78190601,0.27909631,-0.6244871,-0.024591237,0.59989586,0.49404297,0.87722529,131.17989,115.07432,False,0.89289266,True,False,False,0.49404297,0.87722529,131.17989,115.07432,0.48204587,0.89153816,127.31521,113.50637,0.82174704,0.59896668,31.606969,18.931521,0.3578936,0.81282028,26.223755,21.3152,0.38620682,1.0594405,52.791917,55.929897,0.45929007,0.88686202,62.211874,55.173348,0.50190415,0.87966401,62.771067,55.217449,0.5811001,0.80717756,70.170989,56.640448
experiment_0a_best,file,16,,3867,067.Anna_Hummingbird/Anna_Hummingbird_0038_57036.jpg,67,66,067.Anna_Hummingbird,68,67,random_erasing,random_erasing,0,"{""area_fraction"":0.187368,""erased"":true,""height"":0.562484,""left"":0.557215,""top"":0.265052,""width"":0.333108}",1.8488448,3.4442463,1.5954015,0.15741891,0.031928826,0.78190601,0.19633642,-0.6244871,-0.16440759,0.46007951,0.45068522,0.9612296,131.17989,126.09399,False,0.85384262,False,False,False,0.45068522,0.9612296,131.17989,126.09399,0.438038,0.97074697,127.31521,123.59086,0.71156258,0.79096181,31.606969,24.999905,0.2104481,0.7672074,26.223755,20.119059,0.4200378,1.1273165,52.791917,59.513198,0.41834069,0.92381695,62.211874,57.472384,0.44268077,0.9498378,62.771067,59.622332,0.49221816,0.95280964,70.170989,66.859595
experiment_0a_best,file,16,,3363,058.Pigeon_Guillemot/Pigeon_Guillemot_0055_40171.jpg,58,57,058.Pigeon_Guillemot,144,143,identity,identity,0,{},0.41381603,0.41381603,0,0.66112256,0.66112256,0.044818353,0.044818353,0.61630421,0.61630421,0,1,1,49.143485,49.143485,False,0.99999988,True,True,True,1,1,49.143485,49.143485,1,1,48.363018,48.363018,1,1,8.7235652,8.7235652,1,1,11.444864,11.444864,1,1,20.196956,20.196956,1,1,25.576723,25.576723,1,1,23.893723,23.893723,1,1,23.979176,23.979176
experiment_0a_best,file,16,,3363,058.Pigeon_Guillemot/Pigeon_Guillemot_0055_40171.jpg,58,57,058.Pigeon_Guillemot,144,143,horizontal_flip,horizontal_flip,0,"{""flipped"":true}",0.41381603,0.32635441,-0.087461621,0.66112256,0.72154939,0.044818353,0.024500979,0.61630421,0.69704841,0.080744205,0.62452589,0.92941382,49.143485,45.674634,False,0.95295972,True,True,True,0.62452589,0.92941382,49.143485,45.674634,0.61472534,0.93065667,48.363018,45.009366,0.93997283,0.89036858,8.7235652,7.7671884,0.56522469,0.86612184,11.444864,9.9126463,0.43217969,0.89966475,20.196956,18.170489,0.67349396,0.93483543,25.576723,23.910026,0.58075908,0.95536299,23.893723,22.827179,0.71799763,0.93682679,23.979176,22.464334
experiment_0a_best,file,16,,3363,058.Pigeon_Guillemot/Pigeon_Guillemot_0055_40171.jpg,58,57,058.Pigeon_Guillemot,144,143,color_jitter,color_jitter,0,"{""brightness"":0.91344,""contrast"":1.168401,""hue"":-0.071393,""saturation"":0.929177}",0.41381603,1.1261041,0.71228808,0.66112256,0.32429418,0.044818353,0.030299738,0.61630421,0.29399444,-0.32230977,0.8559269,2.1247297,49.143485,104.41662,False,0.98286724,True,True,True,0.8559269,2.1247297,49.143485,104.41662,0.85268395,2.1318079,48.363018,103.10066,0.97390428,1.8943231,8.7235652,16.525251,0.83181653,3.4602619,11.444864,39.602225,0.79640654,2.1721505,20.196956,43.870826,0.88173561,2.0168346,25.576723,51.584019,0.86895796,1.9923869,23.893723,47.60554,0.90252336,1.9602837,23.979176,47.005987
experiment_0a_best,file,16,,3363,058.Pigeon_Guillemot/Pigeon_Guillemot_0055_40171.jpg,58,57,058.Pigeon_Guillemot,144,143,rotation,rotation,0,"{""angle"":8.589383}",0.41381603,1.7070704,1.2932543,0.66112256,0.18139644,0.044818353,0.059756778,0.61630421,0.12163966,-0.49466455,0.69523737,2.4250214,49.143485,119.174,False,0.92651105,True,True,True,0.69523737,2.4250214,49.143485,119.174,0.68811433,2.422219,48.363018,117.14582,0.90696426,2.5096291,8.7235652,21.892913,0.83160435,2.3886278,11.444864,27.337519,0.66802609,2.2605955,20.196956,45.657146,0.67018692,2.3789194,25.576723,60.844961,0.65136362,2.50006,23.893723,59.73574,0.72748233,2.5093755,23.979176,60.172757
experiment_0a_best,file,16,,3363,058.Pigeon_Guillemot/Pigeon_Guillemot_0055_40171.jpg,58,57,058.Pigeon_Guillemot,144,143,random_resized_crop,random_resized_crop,0,"{""area_fraction"":0.661608,""aspect"":0.997335,""fallback"":false,""height"":0.814479,""left"":0.060808,""top"":0.026432,""width"":0.812308}",0.41381603,3.0960157,2.6821997,0.66112256,0.045229051,0.044818353,0.0053146598,0.61630421,0.039914391,-0.57638982,0.56787458,3.1622835,49.143485,155.40563,False,0.87891763,False,True,False,0.56787458,3.1622835,49.143485,155.40563,0.55956792,3.1592611,48.363018,152.7914,0.81600318,3.25381,8.7235652,28.384824,0.56228435,2.7715112,11.444864,31.719567,0.4319126,3.2922031,20.196956,66.492479,0.61880987,3.0102601,25.576723,76.992588,0.56732987,3.3792281,23.893723,80.742339,0.58506013,3.0845025,23.979176,73.963829
experiment_0a_best,file,16,,3363,058.Pigeon_Guillemot/Pigeon_Guillemot_0055_40171.jpg,58,57,058.Pigeon_Guillemot,144,143,gaussian_blur,gaussian_blur,0,"{""sigma"":1.505107}",0.41381603,1.9905841,1.5767681,0.66112256,0.1366156,0.044818353,0.041716728,0.61630421,0.094898876,-0.52140533,0.55225699,3.0827141,49.143485,151.49531,False,0.86856461,True,True,True,0.55225699,3.0827141,49.143485,151.49531,0.54492666,3.1009344,48.363018,149.97055,0.85113532,2.4576856,8.7235652,21.439781,0.62274063,4.0525449,11.444864,46.380823,0.30597103,3.2639285,20.196956,65.921419,0.57393259,3.3670993,25.576723,86.119364,0.59306505,2.9281581,23.893723,69.964599,0.65889589,2.530769,23.979176,60.685755
experiment_0a_best,file,16,,3363,058.Pigeon_Guillemot/Pigeon_Guillemot_0055_40171.jpg,58,57,058.Pigeon_Guillemot,144,143,random_erasing,random_erasing,0,"{""area_fraction"":0.152075,""erased"":true,""height"":0.239877,""left"":0.144425,""top"":0.720941,""width"":0.633972}",0.41381603,0.61605537,0.20223933,0.66112256,0.54007059,0.044818353,0.079866603,0.61630421,0.46020399,-0.15610022,0.87285044,1.4850117,49.143485,72.978649,False,0.9811216,True,True,True,0.87285044,1.4850117,49.143485,72.978649,0.86975998,1.4883891,48.363018,71.98299,0.97806459,1.3771709,8.7235652,12.01384,0.86041698,1.5097111,11.444864,17.278438,0.81150068,1.6459316,20.196956,33.242808,0.88360439,1.4638377,25.576723,37.440172,0.88362871,1.4666405,23.893723,35.043501,0.89464161,1.4130491,23.979176,33.883754
experiment_0a_best,file,16,,5957,102.Western_Wood_Pewee/Western_Wood_Pewee_0039_795063.jpg,102,101,102.Western_Wood_Pewee,91,90,identity,identity,0,{},2.385385,2.385385,0,0.09205354,0.09205354,0.75435287,0.75435287,-0.66229933,-0.66229933,0,1,1,209.31579,209.31579,False,1,True,False,False,1,1,209.31579,209.31579,1,1,205.17853,205.17853,1,1,41.410959,41.410959,1,1,35.229887,35.229887,1,1,110.27642,110.27642,1,1,108.93108,108.93108,1,1,97.202007,97.202007,1,1,85.918486,85.918486
experiment_0a_best,file,16,,5957,102.Western_Wood_Pewee/Western_Wood_Pewee_0039_795063.jpg,102,101,102.Western_Wood_Pewee,91,90,horizontal_flip,horizontal_flip,0,"{""flipped"":true}",2.385385,2.08795,-0.29743505,0.09205354,0.12394097,0.75435287,0.56125098,-0.66229933,-0.43731001,0.22498932,0.62113453,0.77640997,209.31579,162.51486,False,0.94953525,True,False,False,0.62113453,0.77640997,209.31579,162.51486,0.60817736,0.77637835,205.17853,159.29617,0.93888953,0.77718585,41.410959,32.184011,0.17073077,0.95481104,35.229887,33.637885,0.67949736,0.76151501,110.27642,83.977146,0.57884957,0.76103358,108.93108,82.900212,0.55165628,0.75382745,97.202007,73.273541,0.69917184,0.81888389,85.918486,70.357264
experiment_0a_best,file,16,,5957,102.Western_Wood_Pewee/Western_Wood_Pewee_0039_795063.jpg,102,101,102.Western_Wood_Pewee,91,90,color_jitter,color_jitter,0,"{""brightness"":1.050296,""contrast"":0.638006,""hue"":0.040824,""saturation"":0.958428}",2.385385,2.1594696,-0.22591543,0.09205354,0.11538632,0.75435287,0.14452295,-0.66229933,-0.029136628,0.6331627,0.64738081,0.91055214,209.31579,190.59294,False,0.94802296,False,False,False,0.64738081,0.91055214,209.31579,190.59294,0.64415263,0.91750882,205.17853,188.25311,0.76725034,0.71896466,41.410959,29.773016,0.27513477,0.98111133,35.229887,34.564441,0.7343551,0.82022245,110.27642,90.451192,0.59336414,0.96548786,108.93108,105.17164,0.6434608,0.96659406,97.202007,93.954883,0.67341503,0.91456603,85.918486,78.578129
experiment_0a_best,file,16,,5957,102.Western_Wood_Pewee/Western_Wood_Pewee_0039_795063.jpg,102,101,102.Western_Wood_Pewee,91,90,rotation,rotation,0,"{""angle"":-3.361996}",2.385385,3.492414,1.107029,0.09205354,0.030427331,0.75435287,0.9116205,-0.66229933,-0.88119317,-0.21889384,0.82767876,1.1859871,209.31579,248.24581,False,0.96104878,True,False,False,0.82767876,1.1859871,209.31579,248.24581,0.82275131,1.1886037,205.17853,243.87597,0.95748687,1.1198343,41.410959,46.373413,0.71925624,1.4975302,35.229887,52.75782,0.86214299,1.2434875,110.27642,137.12735,0.80349447,1.1416264,108.93108,124.3586,0.7969687,1.1497354,97.202007,111.75659,0.84696944,1.1600231,85.918486,99.667425
experiment_0a_best,file,16,,5957,102.Western_Wood_Pewee/Western_Wood_Pewee_0039_795063.jpg,102,101,102.Western_Wood_Pewee,91,90,random_resized_crop,random_resized_crop,0,"{""area_fraction"":0.547735,""aspect"":1.128515,""fallback"":false,""height"":0.696677,""left"":0.008372,""top"":0.292052,""width"":0.786211}",2.385385,2.5065668,0.12118173,0.09205354,0.081547737,0.75435287,0.77009958,-0.66229933,-0.68855184,-0.026252516,0.6226915,0.89113023,209.31579,186.52762,False,0.82325566,True,False,False,0.6226915,0.89113023,209.31579,186.52762,0.61594276,0.89551449,205.17853,183.74035,0.82014535,0.77576953,41.410959,32.12536,0.48963836,1.2892455,35.229887,45.419974,0.73575527,0.9011912,110.27642,99.380136,0.57385058,0.83833402,108.93108,91.320634,0.52432544,0.84887919,97.202007,82.512761,0.63546799,0.9507892,85.918486,81.690368
experiment_0a_best,file,16,,5957,102.Western_Wood_Pewee/Western_Wood_Pewee_0039_795063.jpg,102,101,102.Western_Wood_Pewee,91,90,gaussian_blur,gaussian_blur,0,"{""sigma"":1.837896}",2.385385,4.7514725,2.3660874,0.09205354,0.008638964,0.75435287,0.08805269,-0.66229933,-0.079413726,0.5828856,0.44032587,0.9205392,209.31579,192.68338,False,0.6294359,False,False,False,0.44032587,0.9205392,209.31579,192.68338,0.4399608,0.93058701,205.17853,190.93648,0.4880026,0.62512978,41.410959,25.887223,0.25067955,0.86449528,35.229887,30.456071,0.53749664,0.93780866,110.27642,103.41818,0.48720387,0.93923162,108.93108,102.31152,0.31895423,0.93609508,97.202007,90.99032,0.38581511,0.90805814,85.918486,78.018981
experiment_0a_best,file,16,,5957,102.Western_Wood_Pewee/Western_Wood_Pewee_0039_795063.jpg,102,101,102.Western_Wood_Pewee,91,90,random_erasing,random_erasing,0,"{""area_fraction"":0.193447,""erased"":true,""height"":0.496611,""left"":0.136044,""top"":0.241847,""width"":0.389534}",2.385385,5.0192962,2.6339111,0.09205354,0.0066091768,0.75435287,0.23608781,-0.66229933,-0.22947864,0.43282069,0.56698643,0.87886307,209.31579,183.95991,False,0.84070843,False,False,False,0.56698643,0.87886307,209.31579,183.95991,0.56212054,0.87810228,205.17853,180.16774,0.68400634,0.8973373,41.410959,37.159598,0.32458765,0.81805299,35.229887,28.819915,0.68681081,0.79584193,110.27642,87.762596,0.52017451,0.82551928,108.93108,89.924709,0.50579262,0.91556779,97.202007,88.995027,0.56655098,1.0358646,85.918486,88.999914
experiment_0a_best,file,16,,1343,025.Pelagic_Cormorant/Pelagic_Cormorant_0054_23812.jpg,25,24,025.Pelagic_Cormorant,23,22,identity,identity,0,{},0.57146603,0.57146603,0,0.56469697,0.56469697,0.4152275,0.4152275,0.14946947,0.14946947,0,1,1,68.260634,68.260634,False,1.0000001,True,True,True,1,1,68.260634,68.260634,1,1,65.695016,65.695016,1,1,18.538581,18.538581,1,1,15.029664,15.029664,1,1,24.190956,24.190956,1,1,34.87926,34.87926,1,1,32.118251,32.118251,1,1,35.448514,35.448514
experiment_0a_best,file,16,,1343,025.Pelagic_Cormorant/Pelagic_Cormorant_0054_23812.jpg,25,24,025.Pelagic_Cormorant,23,22,horizontal_flip,horizontal_flip,0,"{""flipped"":true}",0.57146603,0.67079741,0.099331379,0.56469697,0.51130068,0.4152275,0.47677106,0.14946947,0.034529626,-0.11493984,0.65676975,1.1766973,68.260634,80.322105,False,0.97619694,True,True,True,0.65676975,1.1766973,68.260634,80.322105,0.63113991,1.1760169,65.695016,77.258449,0.97614531,1.1852086,18.538581,21.972086,0.19013015,0.96862198,15.029664,14.558063,0.52858408,1.3216469,24.190956,31.971902,0.66766071,1.1507656,34.87926,40.137852,0.63058452,1.1950045,32.118251,38.381456,0.72273925,1.1460819,35.448514,40.626899
experiment_0a_best,file,16,,1343,025.Pelagic_Cormorant/Pelagic_Cormorant_0054_23812.jpg,25,24,025.Pelagic_Cormorant,23,22,color_jitter,color_jitter,0,"{""brightness"":0.831764,""contrast"":0.738592,""hue"":0.095722,""saturation"":1.377062}",0.57146603,0.59028721,0.01882118,0.56469697,0.55416811,0.4152275,0.28027537,0.14946947,0.27389273,0.12442327,0.55276386,1.0054815,68.260634,68.634807,False,0.87188905,True,True,True,0.55276386,1.0054815,68.260634,68.634807,0.53465115,1.0192855,65.695016,66.961974,0.85156171,0.8124085,18.538581,15.0609,0.5065905,0.82988939,15.029664,12.472959,0.42045846,1.3165961,24.190956,31.849719,0.49770283,1.035225,34.87926,36.107883,0.5346685,0.9649429,32.118251,30.992279,0.67395785,0.91394335,35.448514,32.397933
experiment_0a_best,file,16,,1343,025.Pelagic_Cormorant/Pelagic_Cormorant_0054_23812.jpg,25,24,025.Pelagic_Cormorant,23,22,rotation,rotation,0,"{""angle"":14.15864}",0.57146603,1.8172255,1.2457594,0.56469697,0.16247593,0.4152275,0.77273977,0.14946947,-0.61026384,-0.7597333,0.66650175,1.7345877,68.260634,118.40406,False,0.94697177,False,True,False,0.66650175,1.7345877,68.260634,118.40406,0.64607743,1.7442933,65.695016,114.59137,0.94683632,1.6077279,18.538581,29.804993,0.60976051,1.9020004,15.029664,28.586427,0.55346954,1.7944323,24.190956,43.409033,0.64900966,1.7038859,34.87926,59.430278,0.60471255,1.7678864,32.118251,56.78142,0.73184536,1.7098026,35.448514,60.60996
experiment_0a_best,file,16,,1343,025.Pelagic_Cormorant/Pelagic_Cormorant_0054_23812.jpg,25,24,025.Pelagic_Cormorant,23,22,random_resized_crop,random_resized_crop,0,"{""area_fraction"":0.741616,""aspect"":0.759238,""fallback"":false,""height"":0.988327,""left"":0.228683,""top"":8.9e-05,""width"":0.750375}",0.57146603,1.6026781,1.031212,0.56469697,0.20135655,0.4152275,0.052089062,0.14946947,0.14926748,-0.00020198151,0.42584873,1.6661965,68.260634,113.73563,False,0.85655975,True,True,True,0.42584873,1.6661965,68.260634,113.73563,0.41496069,1.697649,65.695016,111.52708,0.64286548,1.203156,18.538581,22.304804,0.5130436,1.5628391,15.029664,23.488947,0.38481491,1.8734823,24.190956,45.321327,0.38521845,1.7157651,34.87926,59.844617,0.40065005,1.6612025,32.118251,53.35492,0.45768587,1.6459738,35.448514,58.347324
experiment_0a_best,file,16,,1343,025.Pelagic_Cormorant/Pelagic_Cormorant_0054_23812.jpg,25,24,025.Pelagic_Cormorant,23,22,gaussian_blur,gaussian_blur,0,"{""sigma"":1.674852}",0.57146603,0.77392417,0.20245814,0.56469697,0.4611997,0.4152275,0.23876128,0.14946947,0.22243842,0.07296896,0.45962729,1.2370661,68.260634,84.442916,False,0.87981117,True,True,True,0.45962729,1.2370661,68.260634,84.442916,0.44277219,1.2639141,65.695016,83.032857,0.82171959,0.82893052,18.538581,15.367195,-0.13244411,1.1500135,15.029664,17.284316,0.30459902,1.4732459,24.190956,35.639227,0.52586029,1.3974384,34.87926,48.741617,0.42479492,1.2315076,32.118251,39.553871,0.5710186,1.0499625,35.448514,37.21961
experiment_0a_best,file,16,,1343,025.Pelagic_Cormorant/Pelagic_Cormorant_0054_23812.jpg,25,24,025.Pelagic_Cormorant,23,22,random_erasing,random_erasing,0,"{""area_fraction"":0.19144,""erased"":true,""height"":0.438769,""left"":0.19966,""top"":0.518976,""width"":0.436312}",0.57146603,0.80066586,0.22919983,0.56469697,0.44902986,0.4152275,0.42390198,0.14946947,0.025127888,-0.12434158,0.73055137,1.0814753,68.260634,73.822189,False,0.93642843,True,True,True,0.73055137,1.0814753,68.260634,73.822189,0.71501419,1.082676,65.695016,71.126414,0.92874187,1.0662827,18.538581,19.767368,0.42596276,0.97902454,15.029664,14.71441,0.67892856,1.1533972,24.190956,27.90178,0.75093454,1.0315833,34.87926,35.980861,0.70498085,1.0326178,32.118251,33.165877,0.75615631,1.1525908,35.448514,40.857629
experiment_0a_best,file,16,,10014,171.Myrtle_Warbler/Myrtle_Warbler_0026_166680.jpg,171,170,171.Myrtle_Warbler,99,98,identity,identity,0,{},3.2415118,3.2415118,0,0.039104737,0.039104737,0.21675244,0.21675244,-0.1776477,-0.1776477,0,1,1,165.45545,165.45545,False,1,True,False,False,1,1,165.45545,165.45545,1,1,162.76439,162.76439,1,1,29.719663,29.719663,1,1,29.856525,29.856525,1,1,78.382888,78.382888,1,1,94.500496,94.500496,1,1,75.18121,75.18121,1,1,69.816894,69.816894
experiment_0a_best,file,16,,10014,171.Myrtle_Warbler/Myrtle_Warbler_0026_166680.jpg,171,170,171.Myrtle_Warbler,99,98,horizontal_flip,horizontal_flip,0,"{""flipped"":true}",3.2415118,3.6104591,0.36894727,0.039104737,0.027039429,0.21675244,0.12108933,-0.1776477,-0.094049903,0.0835978,0.61357804,1.0652911,165.45545,176.25822,False,0.93819201,False,False,False,0.61357804,1.0652911,165.45545,176.25822,0.60499942,1.0633044,162.76439,173.06808,0.85804331,1.1232493,29.719663,33.38259,0.56240351,1.0291733,29.856525,30.727537,0.5985287,1.0435336,78.382888,81.795178,0.64640202,1.0931146,94.500496,103.29987,0.57528198,1.0634378,75.18121,79.950543,0.57716452,1.0383048,69.816894,72.491214
experiment_0a_best,file,16,,10014,171.Myrtle_Warbler/Myrtle_Warbler_0026_166680.jpg,171,170,171.Myrtle_Warbler,99,98,color_jitter,color_jitter,0,"{""brightness"":1.113618,""contrast"":1.15226,""hue"":-0.012283,""saturation"":0.975212}",3.2415118,4.1139693,0.8724575,0.039104737,0.016342776,0.21675244,0.29298264,-0.1776477,-0.27663986,-0.09899216,0.83637648,1.0967375,165.45545,181.4612,False,0.96952361,False,False,False,0.83637648,1.0967375,165.45545,181.4612,0.83248697,1.0954182,162.76439,178.29508,0.94943455,1.1355967,29.719663,33.74955,0.77506398,1.0142374,29.856525,30.281603,0.7826768,1.0306009,78.382888,80.781473,0.85060756,1.1033108,94.500496,104.26342,0.84348188,1.1179408,75.18121,84.04814,0.85709001,1.146889,69.816894,80.072229
experiment_0a_best,file,16,,10014,171.Myrtle_Warbler/Myrtle_Warbler_0026_166680.jpg,171,170,171.Myrtle_Warbler,99,98,rotation,rotation,0,"{""angle"":-5.221658}",3.2415118,2.9626522,-0.27885962,0.039104737,0.051681668,0.21675244,0.17300817,-0.1776477,-0.12132651,0.056321196,0.78772515,1.0019753,165.45545,165.78226,False,0.94792342,True,False,False,0.78772515,1.0019753,165.45545,165.78226,0.78367906,1.0059078,162.76439,163.72597,0.93444983,0.87585422,29.719663,26.030092,0.78536605,1.01013,29.856525,30.15897,0.81596269,0.97253622,78.382888,76.230198,0.80649629,1.0646237,94.500496,100.60747,0.74016589,1.0093899,75.18121,75.887157,0.75339321,0.92878551,69.816894,64.84492
experiment_0a_best,file,16,,10014,171.Myrtle_Warbler/Myrtle_Warbler_0026_166680.jpg,171,170,171.Myrtle_Warbler,99,98,random_resized_crop,random_resized_crop,0,"{""area_fraction"":0.66336,""aspect"":0.921368,""fallback"":false,""height"":0.848512,""left"":0.06134,""top"":0.111303,""width"":0.781792}",3.2415118,3.6320972,0.39058542,0.039104737,0.026460631,0.21675244,0.097016886,-0.1776477,-0.070556255,0.10709145,0.71633496,1.1324182,165.45545,187.36475,False,0.88361156,False,False,False,0.71633496,1.1324182,165.45545,187.36475,0.71192604,1.1353199,162.76439,184.78965,0.8630487,1.0416322,29.719663,30.956956,0.73867098,1.4366757,29.856525,42.894142,0.69744759,0.97512366,78.382888,76.433009,0.78277138,1.2346629,94.500496,116.67626,0.67569001,1.1604594,75.18121,87.24474,0.63820621,1.0368549,69.816894,72.389986
experiment_0a_best,file,16,,10014,171.Myrtle_Warbler/Myrtle_Warbler_0026_166680.jpg,171,170,171.Myrtle_Warbler,99,98,gaussian_blur,gaussian_blur,0,"{""sigma"":1.941389}",3.2415118,4.588316,1.3468041,0.039104737,0.010169969,0.21675244,0.03046982,-0.1776477,-0.020299851,0.15734785,0.43930041,0.74482665,165.45545,123.23562,False,0.82722938,False,False,False,0.43930041,0.74482665,165.45545,123.23562,0.42519421,0.73701122,162.76439,119.95918,0.78122181,0.94980554,29.719663,28.2279,0.12592046,0.95141371,29.856525,28.405907,0.47222836,0.61174931,78.382888,47.950678,0.44110126,0.68710999,94.500496,64.932235,0.40990129,0.79964758,75.18121,60.118472,0.45356619,0.84173714,69.816894,58.767473
experiment_0a_best,file,16,,10014,171.Myrtle_Warbler/Myrtle_Warbler_0026_166680.jpg,171,170,171.Myrtle_Warbler,99,98,random_erasing,random_erasing,0,"{""area_fraction"":0.050277,""erased"":true,""height"":0.294443,""left"":0.729437,""top"":0.457297,""width"":0.170752}",3.2415118,3.0393481,-0.2021637,0.039104737,0.04786608,0.21675244,0.19701374,-0.1776477,-0.14914766,0.028500047,0.96084197,0.98541562,165.45545,163.04238,False,0.98898399,False,False,False,0.96084197,0.98541562,165.45545,163.04238,0.96010121,0.9859008,162.76439,160.46954,0.98351835,0.97075065,29.719663,28.850382,0.97050958,0.99832617,29.856525,29.80655,0.97615455,0.98412294,78.382888,77.138398,0.96741848,0.98818571,94.500496,93.384039,0.94871209,0.99599377,75.18121,74.880016,0.93772207,0.96976657,69.816894,67.70609
experiment_0a_best,file,16,,3605,062.Herring_Gull/Herring_Gull_0065_48098.jpg,62,61,062.Herring_Gull,59,58,identity,identity,0,{},2.2971292,2.2971292,0,0.10054709,0.10054709,0.26303613,0.26303613,-0.16248904,-0.16248904,0,1,1,109.35983,109.35983,False,1,True,False,False,1,1,109.35983,109.35983,1,1,106.08308,106.08308,1,1,26.569768,26.569768,1,1,24.782366,24.782366,1,1,55.021197,55.021197,1,1,52.68949,52.68949,1,1,47.750703,47.750703,1,1,50.555011,50.555011
experiment_0a_best,file,16,,3605,062.Herring_Gull/Herring_Gull_0065_48098.jpg,62,61,062.Herring_Gull,59,58,horizontal_flip,horizontal_flip,0,"{""flipped"":true}",2.2971292,3.3274348,1.0303056,0.10054709,0.035885036,0.26303613,0.15760919,-0.16248904,-0.12172416,0.040764883,0.61762274,1.3184196,109.35983,144.18214,False,0.95268095,False,False,False,0.61762274,1.3184196,109.35983,144.18214,0.60569054,1.3358826,106.08308,141.71454,0.89675431,0.99966434,26.569768,26.56085,0.65470649,1.4960492,24.782366,37.075638,0.58880784,1.159518,55.021197,63.798068,0.59324614,1.4088033,52.68949,74.229125,0.57661667,1.4545072,47.750703,69.453739,0.66469296,1.2977576,50.555011,65.608148
experiment_0a_best,file,16,,3605,062.Herring_Gull/Herring_Gull_0065_48098.jpg,62,61,062.Herring_Gull,59,58,color_jitter,color_jitter,0,"{""brightness"":1.068373,""contrast"":1.173033,""hue"":-0.062039,""saturation"":1.379359}",2.2971292,4.5809312,2.283802,0.10054709,0.010245351,0.26303613,0.21445508,-0.16248904,-0.20420973,-0.04172069,0.61743933,0.91827664,109.35983,100.42257,False,0.91023159,False,False,False,0.61743933,0.91827664,109.35983,100.42257,0.59948857,0.90865406,106.08308,96.392817,0.8695838,1.0599397,26.569768,28.162351,0.6029266,0.74520486,24.782366,18.46794,0.5972755,0.76497723,55.021197,42.089963,0.5562216,0.90761318,52.68949,47.821675,0.60298767,0.948562,47.750703,45.294502,0.65519489,1.0542137,50.555011,53.295787
experiment_0a_best,file,16,,3605,062.Herring_Gull/Herring_Gull_0065_48098.jpg,62,61,062.Herring_Gull,59,58,rotation,rotation,0,"{""angle"":4.608091}",2.2971292,2.5744958,0.27736664,0.10054709,0.076192223,0.26303613,0.48459339,-0.16248904,-0.40840117,-0.24591213,0.70810901,1.0143573,109.35983,110.92994,False,0.96929777,True,False,False,0.70810901,1.0143573,109.35983,110.92994,0.69115459,1.0035576,106.08308,106.46048,0.94736266,1.1731676,26.569768,31.170792,0.64016166,1.2278227,24.782366,30.428351,0.62419147,0.86102284,55.021197,47.374508,0.66603007,1.0269263,52.68949,54.10822,0.72996618,1.005642,47.750703,48.020113,0.775913,1.0706996,50.555011,54.12923
experiment_0a_best,file,16,,3605,062.Herring_Gull/Herring_Gull_0065_48098.jpg,62,61,062.Herring_Gull,59,58,random_resized_crop,random_resized_crop,0,"{""area_fraction"":0.709805,""aspect"":1.1647,""fallback"":false,""height"":0.780661,""left"":0.070522,""top"":0.062,""width"":0.909236}",2.2971292,2.7020993,0.40497017,0.10054709,0.067064583,0.26303613,0.42619297,-0.16248904,-0.35912839,-0.19663934,0.64663983,1.0503428,109.35983,114.8653,False,0.95141309,True,False,False,0.64663983,1.0503428,109.35983,114.8653,0.62920104,1.0497812,106.08308,111.36402,0.92217068,1.0592548,26.569768,28.144156,0.62082532,1.1621645,24.782366,28.801185,0.5502131,0.97877267,55.021197,53.853244,0.64288709,1.1624628,52.68949,61.249571,0.64343632,1.0142761,47.750703,48.432398,0.70048854,1.0037585,50.555011,50.745023
experiment_0a_best,file,16,,3605,062.Herring_Gull/Herring_Gull_0065_48098.jpg,62,61,062.Herring_Gull,59,58,gaussian_blur,gaussian_blur,0,"{""sigma"":1.575653}",2.2971292,3.2743459,0.97721672,0.10054709,0.037841611,0.26303613,0.053629637,-0.16248904,-0.015788026,0.14670102,0.36492576,1.4643392,109.35983,160.13988,False,0.82144094,False,False,False,0.36492576,1.4643392,109.35983,160.13988,0.34889969,1.4882168,106.08308,157.87462,0.76786036,1.0101706,26.569768,26.839998,0.51643905,1.5768511,24.782366,39.0781,0.13070221,1.3548519,55.021197,74.545573,0.39219333,1.6848097,52.68949,88.771762,0.36944282,1.5495793,47.750703,73.9935,0.49247684,1.3246676,50.555011,66.968586
experiment_0a_best,file,16,,3605,062.Herring_Gull/Herring_Gull_0065_48098.jpg,62,61,062.Herring_Gull,59,58,random_erasing,random_erasing,0,"{""area_fraction"":0.104814,""erased"":true,""height"":0.384989,""left"":0.074973,""top"":0.073773,""width"":0.272252}",2.2971292,2.2840042,-0.013124943,0.10054709,0.10187547,0.26303613,0.27940384,-0.16248904,-0.17752837,-0.015039325,0.9347204,1.0659459,109.35983,116.57166,False,0.9898504,True,False,False,0.9347204,1.0659459,109.35983,116.57166,0.93137614,1.0670797,106.08308,113.1991,0.98916495,1.0477063,26.569768,27.837313,0.93617196,1.0192219,24.782366,25.25873,0.95271428,1.0786526,55.021197,59.348759,0.92536484,1.0444614,52.68949,55.032136,0.91725549,1.0740536,47.750703,51.286814,0.92452862,1.0824948,50.555011,54.725536
experiment_0a_best,file,16,,11366,193.Bewick_Wren/Bewick_Wren_0067_184816.jpg,193,192,193.Bewick_Wren,114,113,identity,identity,0,{},0.039381139,0.039381139,0,0.96138424,0.96138424,0.0071073496,0.0071073496,0.95427689,0.95427689,0,1,1,7.5346953,7.5346953,False,0.99999988,True,True,True,1,1,7.5346953,7.5346953,1,1,7.4591932,7.4591932,1,1,1.0639878,1.0639878,1,1,1.3769105,1.3769105,1,1,4.4866687,4.4866687,1,1,3.4871439,3.4871439,1,1,3.2182688,3.2182688,1,1,3.3310745,3.3310745
experiment_0a_best,file,16,,11366,193.Bewick_Wren/Bewick_Wren_0067_184816.jpg,193,192,193.Bewick_Wren,114,113,horizontal_flip,horizontal_flip,0,"{""flipped"":true}",0.039381139,0.057970222,0.018589083,0.96138424,0.94367802,0.0071073496,0.0060573476,0.95427689,0.93762067,-0.016656213,0.74017905,1.5124372,7.5346953,11.395753,False,0.95811951,True,True,True,0.74017905,1.5124372,7.5346953,11.395753,0.73603032,1.5122449,7.4591932,11.280127,0.94280966,1.5218562,1.0639878,1.6192364,0.63443368,1.6841103,1.3769105,2.3188692,0.85735036,1.411777,4.4866687,6.3341756,0.67334514,1.6269836,3.4871439,5.6735258,0.63935704,1.5527214,3.2182688,4.9970749,0.72265678,1.4884362,3.3310745,4.9580919
experiment_0a_best,file,16,,11366,193.Bewick_Wren/Bewick_Wren_0067_184816.jpg,193,192,193.Bewick_Wren,114,113,color_jitter,color_jitter,0,"{""brightness"":1.33716,""contrast"":1.320027,""hue"":0.001226,""saturation"":0.774763}",0.039381139,0.44637775,0.40699662,0.96138424,0.63994199,0.0071073496,0.038554363,0.95427689,0.60138763,-0.35288926,0.81816125,8.4352365,7.5346953,63.556937,False,0.94165099,True,True,True,0.81816125,8.4352365,7.5346953,63.556937,0.81580984,8.4387202,7.4591932,62.946044,0.93637792,8.2622103,1.0639878,8.790891,0.8085346,10.559476,1.3769105,14.539453,0.88660836,7.6382581,4.4866687,34.270333,0.76126488,8.6102517,3.4871439,30.025186,0.78026322,9.1058762,3.2182688,29.305158,0.81170056,8.5757821,3.3310745,28.566569
experiment_0a_best,file,16,,11366,193.Bewick_Wren/Bewick_Wren_0067_184816.jpg,193,192,193.Bewick_Wren,114,113,rotation,rotation,0,"{""angle"":-1.477489}",0.039381139,0.064304188,0.024923049,0.96138424,0.9377197,0.0071073496,0.0076112933,0.95427689,0.93010841,-0.024168478,0.83383691,1.9658682,7.5346953,14.812218,False,0.96501601,True,True,True,0.83383691,1.9658682,7.5346953,14.812218,0.83195188,1.9715389,7.4591932,14.70609,0.95549612,1.6635059,1.0639878,1.76995,0.85529588,2.9953347,1.3769105,4.1243078,0.86828178,1.9715019,4.4866687,8.8454759,0.77685214,2.0581446,3.4871439,7.1770465,0.81295984,1.9387689,3.2182688,6.2394796,0.87832228,1.6599816,3.3310745,5.5295225
experiment_0a_best,file,16,,11366,193.Bewick_Wren/Bewick_Wren_0067_184816.jpg,193,192,193.Bewick_Wren,114,113,random_resized_crop,random_resized_crop,0,"{""area_fraction"":0.704724,""aspect"":1.217046,""fallback"":false,""height"":0.76095,""left"":0.037633,""top"":0.229882,""width"":0.926111}",0.039381139,0.63002723,0.5906461,0.96138424,0.53257728,0.0071073496,0.026582735,0.95427689,0.50599454,-0.44828235,0.71650798,13.050091,7.5346953,98.328457,False,0.90129983,True,True,True,0.71650798,13.050091,7.5346953,98.328457,0.71327704,13.065534,7.4591932,97.458339,0.88703697,12.267162,1.0639878,13.052111,0.60458984,15.35678,1.3769105,21.144911,0.81057033,12.672557,4.4866687,56.857564,0.63852238,13.786602,3.4871439,48.075866,0.65726015,13.311743,3.2182688,42.840767,0.70840497,12.273944,3.3310745,40.885422
experiment_0a_best,file,16,,11366,193.Bewick_Wren/Bewick_Wren_0067_184816.jpg,193,192,193.Bewick_Wren,114,113,gaussian_blur,gaussian_blur,0,"{""sigma"":1.297187}",0.039381139,3.1067462,3.0673651,0.96138424,0.044746313,0.0071073496,0.011037803,0.95427689,0.03370851,-0.92056838,0.38124519,25.164738,7.5346953,189.60863,False,0.76775825,False,True,False,0.38124519,25.164738,7.5346953,189.60863,0.37440018,25.167645,7.4591932,187.73032,0.7196392,25.021459,1.0639878,26.622527,0.39057807,44.941335,1.3769105,61.880196,0.27614593,22.115579,4.4866687,99.225274,0.37746231,28.400047,3.4871439,99.03505,0.44664805,24.467048,3.2182688,78.74154,0.50133841,22.384166,3.3310745,74.563326
experiment_0a_best,file,16,,11366,193.Bewick_Wren/Bewick_Wren_0067_184816.jpg,193,192,193.Bewick_Wren,114,113,random_erasing,random_erasing,0,"{""area_fraction"":0.149571,""erased"":true,""height"":0.279604,""left"":0.450612,""top"":0.169981,""width"":0.534939}",0.039381139,0.13769156,0.098310418,0.96138424,0.87136739,0.0071073496,0.025312433,0.95427689,0.84605496,-0.10822193,0.92947143,3.2240528,7.5346953,24.292255,False,0.98439562,True,True,True,0.92947143,3.2240528,7.5346953,24.292255,0.92844177,3.2270041,7.4591932,24.070847,0.98362471,3.0755109,1.0639878,3.2723061,0.96255037,3.3788795,1.3769105,4.6524146,0.95971619,3.0769351,4.4866687,13.805189,0.91435665,3.4032209,3.4871439,11.867521,0.89362949,3.2301947,3.2182688,10.395635,0.92071471,3.2647754,3.3310745,10.87521
experiment_0a_best,file,16,,7676,131.Vesper_Sparrow/Vesper_Sparrow_0057_125649.jpg,131,130,131.Vesper_Sparrow,120,119,identity,identity,0,{},0.26034057,0.26034057,0,0.77078903,0.77078903,0.050092001,0.050092001,0.72069703,0.72069703,0,1,1,37.603399,37.603399,False,1,True,True,True,1,1,37.603399,37.603399,1,1,36.986714,36.986714,1,1,6.7822294,6.7822294,1,1,6.365446,6.365446,1,1,19.24255,19.24255,1,1,21.020188,21.020188,1,1,16.785829,16.785829,1,1,15.284305,15.284305
experiment_0a_best,file,16,,7676,131.Vesper_Sparrow/Vesper_Sparrow_0057_125649.jpg,131,130,131.Vesper_Sparrow,120,119,horizontal_flip,horizontal_flip,0,"{""flipped"":true}",0.26034057,0.46227568,0.20193511,0.77078903,0.62984866,0.050092001,0.1490421,0.72069703,0.48080656,-0.23989047,0.73794476,1.7234239,37.603399,64.806598,False,0.96211952,True,True,True,0.73794476,1.7234239,37.603399,64.806598,0.73144234,1.7260373,36.986714,63.840448,0.94185567,1.643802,6.7822294,11.148642,0.7519943,1.7458617,6.365446,11.113188,0.76583772,1.8179721,19.24255,34.982418,0.73799697,1.7280417,21.020188,36.323762,0.66404287,1.6475643,16.785829,27.655733,0.73898094,1.6604375,15.284305,25.378633
experiment_0a_best,file,16,,7676,131.Vesper_Sparrow/Vesper_Sparrow_0057_125649.jpg,131,130,131.Vesper_Sparrow,120,119,color_jitter,color_jitter,0,"{""brightness"":1.3147,""contrast"":0.994582,""hue"":-0.090566,""saturation"":1.311035}",0.26034057,4.1062188,3.8458782,0.77078903,0.016469933,0.050092001,0.0056921034,0.72069703,0.01077783,-0.7099192,0.490441,5.6627211,37.603399,212.93756,False,0.73005831,False,True,False,0.490441,5.6627211,37.603399,212.93756,0.48779973,5.696533,36.986714,210.69603,0.60118933,4.5435454,6.7822294,30.815367,0.60302939,6.7885875,6.365446,43.212387,0.57595752,5.1162845,19.24255,98.450358,0.52165322,6.1438802,21.020188,129.14552,0.39988938,5.5909673,16.785829,93.849022,0.38039178,5.6079524,15.284305,85.713656
experiment_0a_best,file,16,,7676,131.Vesper_Sparrow/Vesper_Sparrow_0057_125649.jpg,131,130,131.Vesper_Sparrow,120,119,rotation,rotation,0,"{""angle"":-7.955895}",0.26034057,4.242229,3.9818884,0.77078903,0.014375512,0.050092001,0.032144483,0.72069703,-0.017768971,-0.738466,0.71840601,7.934734,37.603399,298.37297,False,0.88393593,False,True,False,0.71840601,7.934734,37.603399,298.37297,0.72015502,8.0007669,36.986714,295.92207,0.68832923,5.6271822,6.7822294,38.16484,0.77190744,9.1190659,6.365446,58.046921,0.83213959,8.3513326,19.24255,160.70093,0.72331845,8.5238712,21.020188,179.17338,0.64939666,7.5642472,16.785829,126.97216,0.59452541,6.5917447,15.284305,100.75024
experiment_0a_best,file,16,,7676,131.Vesper_Sparrow/Vesper_Sparrow_0057_125649.jpg,131,130,131.Vesper_Sparrow,120,119,random_resized_crop,random_resized_crop,0,"{""area_fraction"":0.79489,""aspect"":1.233505,""fallback"":false,""height"":0.802755,""left"":0.004285,""top"":0.021426,""width"":0.990203}",0.26034057,0.66939878,0.40905821,0.77078903,0.5120163,0.050092001,0.048292316,0.72069703,0.46372398,-0.25697305,0.75815246,2.5441239,37.603399,95.667706,False,0.91602588,True,True,True,0.75815246,2.5441239,37.603399,95.667706,0.75519583,2.5600071,36.986714,94.686249,0.89107857,2.0153197,6.7822294,13.66836,0.74699439,2.8844269,6.365446,18.360664,0.83785579,2.4845264,19.24255,47.808622,0.76516661,2.743413,21.020188,57.667058,0.68000091,2.5282775,16.785829,42.439234,0.70311456,2.2816246,15.284305,34.873047
experiment_0a_best,file,16,,7676,131.Vesper_Sparrow/Vesper_Sparrow_0057_125649.jpg,131,130,131.Vesper_Sparrow,120,119,gaussian_blur,gaussian_blur,0,"{""sigma"":1.88675}",0.26034057,8.7965956,8.536255,0.77078903,0.00015124709,0.050092001,0.00011412941,0.72069703,3.7117679e-05,-0.72065991,0.25931073,5.4286909,37.603399,204.13723,False,0.71183646,False,True,False,0.25931073,5.4286909,37.603399,204.13723,0.24668858,5.411664,36.986714,200.15967,0.60386924,5.9127062,6.7822294,40.10133,0.27182174,7.1206281,6.365446,45.325973,0.32532375,5.521231,19.24255,106.24256,0.14664281,5.2349133,21.020188,110.03886,0.26566154,5.2394374,16.785829,87.948301,0.27721282,5.4262716,15.284305,82.936792
experiment_0a_best,file,16,,7676,131.Vesper_Sparrow/Vesper_Sparrow_0057_125649.jpg,131,130,131.Vesper_Sparrow,120,119,random_erasing,random_erasing,0,"{""area_fraction"":0.139286,""erased"":true,""height"":0.371943,""left"":0.304832,""top"":0.317916,""width"":0.374481}",0.26034057,5.2730179,5.0126773,0.77078903,0.0051281108,0.050092001,0.0085026165,0.72069703,-0.0033745058,-0.72407153,0.4051479,3.5721016,37.603399,134.32316,False,0.70316863,False,True,False,0.4051479,3.5721016,37.603399,134.32316,0.39692499,3.5768859,36.986714,132.29725,0.66077473,3.4267639,6.7822294,23.241099,0.373303,2.6469499,6.365446,16.849016,0.43573817,2.9255382,19.24255,56.294814,0.35212268,3.2727812,21.020188,68.794478,0.41376136,4.036407,16.785829,67.754438,0.42866609,4.497917,15.284305,68.747536
experiment_0a_best,file,16,,10852,185.Bohemian_Waxwing/Bohemian_Waxwing_0039_177702.jpg,185,184,185.Bohemian_Waxwing,112,111,identity,identity,0,{},0.0039031527,0.0039031527,0,0.99610448,0.99610448,0.0025136874,0.0025136874,0.99359079,0.99359079,0,1,1,0.78787007,0.78787007,False,1,True,True,True,1,1,0.78787007,0.78787007,1,1,0.77098414,0.77098414,1,1,0.16224274,0.16224274,1,1,0.14002267,0.14002267,1,1,0.37925518,0.37925518,1,1,0.3798375,0.3798375,1,1,0.36199854,0.36199854,1,1,0.39453293,0.39453293
experiment_0a_best,file,16,,10852,185.Bohemian_Waxwing/Bohemian_Waxwing_0039_177702.jpg,185,184,185.Bohemian_Waxwing,112,111,horizontal_flip,horizontal_flip,0,"{""flipped"":true}",0.0039031527,0.0020775655,-0.0018255871,0.99610448,0.99792457,0.0025136874,0.00081990287,0.99359079,0.99710466,0.0035138719,0.70724818,0.48574392,0.78787007,0.3827031,False,0.97595412,True,True,True,0.70724818,0.48574392,0.78787007,0.3827031,0.6965822,0.48596755,0.77098414,0.37467327,0.95080347,0.48066637,0.16224274,0.07798463,0.63590141,0.56934123,0.14002267,0.079720681,0.7400378,0.51755629,0.37925518,0.1962859,0.64495251,0.46322698,0.3798375,0.17595098,0.6067938,0.4616673,0.36199854,0.16712289,0.78447338,0.48495677,0.39453293,0.19133141
experiment_0a_best,file,16,,10852,185.Bohemian_Waxwing/Bohemian_Waxwing_0039_177702.jpg,185,184,185.Bohemian_Waxwing,112,111,color_jitter,color_jitter,0,"{""brightness"":0.965562,""contrast"":1.389119,""hue"":-0.076927,""saturation"":1.122606}",0.0039031527,0.012010871,0.0081077188,0.99610448,0.98806095,0.0025136874,0.005148048,0.99359079,0.9829129,-0.010677888,0.78988546,2.3659132,0.78787007,1.8640322,False,0.9680528,True,True,True,0.78988546,2.3659132,0.78787007,1.8640322,0.78225987,2.3534169,0.77098414,1.8144471,0.94856385,2.6323557,0.16224274,0.42708061,0.74047652,3.1990804,0.14002267,0.44794379,0.78406248,1.888537,0.37925518,0.71623743,0.75432744,2.2426092,0.3798375,0.85182707,0.75254146,2.4384201,0.36199854,0.88270449,0.85696648,2.6264966,0.39453293,1.0362394
experiment_0a_best,file,16,,10852,185.Bohemian_Waxwing/Bohemian_Waxwing_0039_177702.jpg,185,184,185.Bohemian_Waxwing,112,111,rotation,rotation,0,"{""angle"":-3.975545}",0.0039031527,0.0091152722,0.0052121195,0.99610448,0.99092615,0.0025136874,0.0032738536,0.99359079,0.98765229,-0.0059384985,0.83668038,1.8262846,0.78787007,1.438875,False,0.98275942,True,True,True,0.83668038,1.8262846,0.78787007,1.438875,0.8317528,1.8125811,0.77098414,1.3974713,0.94149534,2.1121952,0.16224274,0.34268834,0.74728289,1.6813409,0.14002267,0.23542584,0.80586766,1.5194072,0.37925518,0.57624304,0.82569802,1.7599846,0.3798375,0.66850814,0.82397635,1.950081,0.36199854,0.70592646,0.88564024,1.9961165,0.39453293,0.78753368
experiment_0a_best,file,16,,10852,185.Bohemian_Waxwing/Bohemian_Waxwing_0039_177702.jpg,185,184,185.Bohemian_Waxwing,112,111,random_resized_crop,random_resized_crop,0,"{""area_fraction"":0.804844,""aspect"":0.8363,""fallback"":false,""height"":0.981013,""left"":0.157683,""top"":0.015499,""width"":0.820422}",0.0039031527,0.0079834415,0.0040802888,0.99610448,0.99204832,0.0025136874,0.0048949588,0.99359079,0.98715336,-0.0064374271,0.84049727,2.040406,0.78787007,1.6075748,False,0.99029255,True,True,True,0.84049727,2.040406,0.78787007,1.6075748,0.83427961,2.0446908,0.77098414,1.5764242,0.98948415,1.9411314,0.16224274,0.31493448,0.74119303,1.868901,0.14002267,0.26168851,0.82256435,2.2408135,0.37925518,0.84984011,0.82448512,2.0164963,0.3798375,0.76594091,0.80635812,1.964631,0.36199854,0.71119355,0.8959133,1.966501,0.39453293,0.7758494
experiment_0a_best,file,16,,10852,185.Bohemian_Waxwing/Bohemian_Waxwing_0039_177702.jpg,185,184,185.Bohemian_Waxwing,112,111,gaussian_blur,gaussian_blur,0,"{""sigma"":1.887641}",0.0039031527,0.42111734,0.41721418,0.99610448,0.65631306,0.0025136874,0.011040131,0.99359079,0.64527293,-0.34831786,0.4067001,96.515064,0.78787007,76.04133,False,0.85293126,True,True,True,0.4067001,96.515064,0.78787007,76.04133,0.39737078,97.152082,0.77098414,74.902714,0.66667313,80.80372,0.16224274,13.109817,0.086151064,96.293036,0.14002267,13.483208,0.41040262,83.841844,0.37925518,31.797453,0.37514383,115.10262,0.3798375,43.720292,0.38894414,110.4241,0.36199854,39.973363,0.50276934,76.38523,0.39453293,30.136488
experiment_0a_best,file,16,,10852,185.Bohemian_Waxwing/Bohemian_Waxwing_0039_177702.jpg,185,184,185.Bohemian_Waxwing,112,111,random_erasing,random_erasing,0,"{""area_fraction"":0.13115,""erased"":true,""height"":0.588371,""left"":0.688986,""top"":0.331127,""width"":0.222904}",0.0039031527,0.0040519289,0.00014877622,0.99610448,0.99595624,0.0025136874,0.0019308063,0.99359079,0.99402544,0.00043464429,0.89420914,0.96840081,0.78787007,0.76297401,False,0.991557,True,True,True,0.89420914,0.96840081,0.78787007,0.76297401,0.89045122,0.96934037,0.77098414,0.74734605,0.9813121,0.94693543,0.16224274,0.1536334,0.89193229,0.87473199,0.14002267,0.12248231,0.90000059,0.97903689,0.37925518,0.37130481,0.87827607,0.93076841,0.3798375,0.35354075,0.8609568,0.98855364,0.36199854,0.35785497,0.91850817,0.99015258,0.39453293,0.39064779
experiment_0a_best,file,16,,2635,046.Gadwall/Gadwall_0012_30920.jpg,46,45,046.Gadwall,90,89,identity,identity,0,{},0.18602245,0.18602245,0,0.83025497,0.83025497,0.046575535,0.046575535,0.78367944,0.78367944,0,1,1,28.032324,28.032324,False,1,True,True,True,1,1,28.032324,28.032324,1,1,27.478416,27.478416,1,1,5.5450753,5.5450753,1,1,6.3329382,6.3329382,1,1,11.653518,11.653518,1,1,15.001577,15.001577,1,1,13.222258,13.222258,1,1,13.389449,13.389449
experiment_0a_best,file,16,,2635,046.Gadwall/Gadwall_0012_30920.jpg,46,45,046.Gadwall,90,89,horizontal_flip,horizontal_flip,0,"{""flipped"":true}",0.18602245,0.054415025,-0.13160742,0.83025497,0.94703901,0.046575535,0.0087565314,0.78367944,0.93828248,0.15460304,0.65826922,0.32272639,28.032324,9.0467709,False,0.9611361,True,True,True,0.65826922,0.32272639,28.032324,9.0467709,0.64510149,0.32112826,27.478416,8.8240957,0.95097296,0.35975038,5.5450753,1.9948429,0.68211459,0.32026183,6.3329382,2.0281984,0.6195443,0.32656874,11.653518,3.8056746,0.63788502,0.31161504,15.001577,4.674717,0.61230535,0.31870676,13.222258,4.214023,0.69622768,0.33112757,13.389449,4.4336157
experiment_0a_best,file,16,,2635,046.Gadwall/Gadwall_0012_30920.jpg,46,45,046.Gadwall,90,89,color_jitter,color_jitter,0,"{""brightness"":0.848759,""contrast"":1.364889,""hue"":-0.042545,""saturation"":1.222407}",0.18602245,1.5596144,1.373592,0.83025497,0.21021712,0.046575535,0.12621513,0.78367944,0.084001988,-0.69967745,0.74125393,4.1019558,28.032324,114.98735,False,0.88639975,False,True,False,0.74125393,4.1019558,28.032324,114.98735,0.73702464,4.0928506,27.478416,112.46505,0.8406936,4.3195291,5.5450753,23.952114,0.7602436,5.3866161,6.3329382,34.113107,0.73195906,4.0840286,11.653518,47.593299,0.77311506,4.0127626,15.001577,60.197767,0.74817712,3.990045,13.222258,52.757405,0.68638932,3.9607684,13.389449,53.032505
experiment_0a_best,file,16,,2635,046.Gadwall/Gadwall_0012_30920.jpg,46,45,046.Gadwall,90,89,rotation,rotation,0,"{""angle"":-3.237533}",0.18602245,0.95121396,0.76519151,0.83025497,0.38627183,0.046575535,0.15078768,0.78367944,0.23548415,-0.54819528,0.81451826,3.7661203,28.032324,105.57311,False,0.95793986,True,True,True,0.81451826,3.7661203,28.032324,105.57311,0.80933738,3.7761053,27.478416,103.76139,0.95337292,3.5120272,5.5450753,19.474455,0.77186687,4.826786,6.3329382,30.567737,0.79356116,3.5061802,11.653518,40.859333,0.82190443,3.768338,15.001577,56.531012,0.7999884,3.8172487,13.222258,50.472647,0.8342206,3.6735265,13.389449,49.186494
experiment_0a_best,file,16,,2635,046.Gadwall/Gadwall_0012_30920.jpg,46,45,046.Gadwall,90,89,random_resized_crop,random_resized_crop,0,"{""area_fraction"":0.76441,""aspect"":0.900083,""fallback"":false,""height"":0.921556,""left"":0.124859,""top"":0.020906,""width"":0.829477}",0.18602245,0.31544,0.12941755,0.83025497,0.72946781,0.046575535,0.031594757,0.78367944,0.69787305,-0.085806385,0.77022165,1.8384067,28.032324,51.534813,False,0.93904829,True,True,True,0.77022165,1.8384067,28.032324,51.534813,0.76575077,1.8506601,27.478416,50.853207,0.92091372,1.5065509,5.5450753,8.3539383,0.80682487,2.2246564,6.3329382,14.088612,0.73170979,1.9012742,11.653518,22.156532,0.76789374,1.8171804,15.001577,27.260572,0.75328009,1.854793,13.222258,24.524551,0.79727802,1.754804,13.389449,23.495859
experiment_0a_best,file,16,,2635,046.Gadwall/Gadwall_0012_30920.jpg,46,45,046.Gadwall,90,89,gaussian_blur,gaussian_blur,0,"{""sigma"":1.579205}",0.18602245,4.5505085,4.3644861,0.83025497,0.010561832,0.046575535,0.0093566934,0.78367944,0.0012051389,-0.7824743,0.49926689,6.8088018,28.032324,190.86654,False,0.78067338,False,True,False,0.49926689,6.8088018,28.032324,190.86654,0.49300573,6.8749921,27.478416,188.91389,0.74219917,4.911007,5.5450753,27.231903,0.56266905,5.0051942,6.3329382,31.697586,0.4808983,8.7968291,11.653518,102.514,0.52816564,6.9993098,15.001577,105.00068,0.46200497,6.3243535,13.222258,83.622234,0.50350466,5.8602221,13.389449,78.465143
experiment_0a_best,file,16,,2635,046.Gadwall/Gadwall_0012_30920.jpg,46,45,046.Gadwall,90,89,random_erasing,random_erasing,0,"{""area_fraction"":0.16055,""erased"":true,""height"":0.223008,""left"":0.161092,""top"":0.385557,""width"":0.719929}",0.18602245,0.8484025,0.66238005,0.83025497,0.42809829,0.046575535,0.017419538,0.78367944,0.41067875,-0.37300068,0.68895476,4.3304082,28.032324,121.39141,False,0.92139816,True,True,True,0.68895476,4.3304082,28.032324,121.39141,0.68400491,4.3639244,27.478416,119.91373,0.86535319,3.4053822,5.5450753,18.883101,0.81949482,5.4279455,6.3329382,34.374843,0.63877952,4.3525378,11.653518,50.722376,0.69339739,4.2089131,15.001577,63.140334,0.65395281,4.5095965,13.222258,59.627048,0.70683245,4.1467879,13.389449,55.523204
experiment_0a_best,file,16,,7837,134.Cape_Glossy_Starling/Cape_Glossy_Starling_0096_129388.jpg,134,133,134.Cape_Glossy_Starling,9,8,identity,identity,0,{},0.16616508,0.16616508,0,0.84690642,0.84690642,0.045220543,0.045220543,0.80168588,0.80168588,0,1,1,20.072119,20.072119,False,0.99999988,True,True,True,1,1,20.072119,20.072119,1,1,19.625004,19.625004,1,1,4.2129792,4.2129792,1,1,5.249026,5.249026,1,1,9.6268881,9.6268881,1,1,9.9155673,9.9155673,1,1,8.4131421,8.4131421,1,1,9.7883652,9.7883652
experiment_0a_best,file,16,,7837,134.Cape_Glossy_Starling/Cape_Glossy_Starling_0096_129388.jpg,134,133,134.Cape_Glossy_Starling,9,8,horizontal_flip,horizontal_flip,0,"{""flipped"":true}",0.16616508,0.23454943,0.068384349,0.84690642,0.79092711,0.045220543,0.032239579,0.80168588,0.75868753,-0.042998347,0.80161997,1.2677922,20.072119,25.447276,False,0.98089874,True,True,True,0.80161997,1.2677922,20.072119,25.447276,0.79371586,1.2669396,19.625004,24.863694,0.97065615,1.2861539,4.2129792,5.4185395,0.75126248,0.86812958,5.249026,4.5568348,0.84603514,1.3409208,9.6268881,12.908894,0.79695358,1.2528488,9.9155673,12.422706,0.71911935,1.2603811,8.4131421,10.603765,0.81254052,1.308455,9.7883652,12.807635
experiment_0a_best,file,16,,7837,134.Cape_Glossy_Starling/Cape_Glossy_Starling_0096_129388.jpg,134,133,134.Cape_Glossy_Starling,9,8,color_jitter,color_jitter,0,"{""brightness"":0.744449,""contrast"":1.111917,""hue"":-0.049103,""saturation"":1.038802}",0.16616508,0.070673488,-0.095491596,0.84690642,0.93176609,0.045220543,0.016671879,0.80168588,0.91509421,0.11340833,0.83642619,0.55812852,20.072119,11.202822,False,0.96700287,True,True,True,0.83642619,0.55812852,20.072119,11.202822,0.83259982,0.56201344,19.625004,11.029516,0.95077997,0.465919,4.2129792,1.9629071,0.8023365,0.6092619,5.249026,3.1980315,0.84729393,0.58904713,9.6268881,5.6706908,0.84478645,0.58173649,9.9155673,5.7682473,0.80454941,0.56491524,8.4131421,4.7527122,0.84486544,0.49424851,9.7883652,4.8378849
experiment_0a_best,file,16,,7837,134.Cape_Glossy_Starling/Cape_Glossy_Starling_0096_129388.jpg,134,133,134.Cape_Glossy_Starling,9,8,rotation,rotation,0,"{""angle"":-2.497212}",0.16616508,0.24585466,0.079689577,0.84690642,0.78203589,0.045220543,0.12913866,0.80168588,0.65289722,-0.14878866,0.84125709,1.9325249,20.072119,38.78987,False,0.97657591,True,True,True,0.84125709,1.9325249,20.072119,38.78987,0.83810829,1.9468803,19.625004,38.207534,0.94168442,1.5894093,4.2129792,6.6961483,0.87924759,1.7573011,5.249026,9.2241192,0.86641161,2.0380084,9.6268881,19.619679,0.85104804,2.1297159,9.9155673,21.117341,0.79456046,2.0313437,8.4131421,17.089983,0.83551951,1.6210968,9.7883652,15.867888
experiment_0a_best,file,16,,7837,134.Cape_Glossy_Starling/Cape_Glossy_Starling_0096_129388.jpg,134,133,134.Cape_Glossy_Starling,9,8,random_resized_crop,random_resized_crop,0,"{""area_fraction"":0.681901,""aspect"":1.022498,""fallback"":false,""height"":0.816637,""left"":0.096433,""top"":0.115036,""width"":0.83501}",0.16616508,2.7399447,2.5737796,0.84690642,0.064573921,0.045220543,0.24507657,0.80168588,-0.18050265,-0.98218853,0.7210097,8.2817666,20.072119,166.23261,False,0.90138042,False,True,False,0.7210097,8.2817666,20.072119,166.23261,0.71634517,8.3563615,19.625004,163.99363,0.87539703,6.4541865,4.2129792,27.191353,0.80279726,8.740095,5.249026,45.876986,0.72385973,10.124801,9.6268881,97.470331,0.79985414,8.8542396,9.9155673,87.794809,0.66355781,7.4293841,8.4131421,62.504464,0.6534275,6.192414,9.7883652,60.61361
experiment_0a_best,file,16,,7837,134.Cape_Glossy_Starling/Cape_Glossy_Starling_0096_129388.jpg,134,133,134.Cape_Glossy_Starling,9,8,gaussian_blur,gaussian_blur,0,"{""sigma"":1.426822}",0.16616508,0.99104702,0.82488194,0.84690642,0.37118787,0.045220543,0.15213571,0.80168588,0.21905215,-0.58263373,0.68174417,4.9895888,20.072119,100.15162,False,0.94087863,True,True,True,0.68174417,4.9895888,20.072119,100.15162,0.67252875,5.0248477,19.625004,98.612654,0.93578817,4.1513978,4.2129792,17.489753,0.58093244,6.9791446,5.249026,36.633712,0.60043207,5.8668238,9.6268881,56.479256,0.73641058,4.7444995,9.9155673,47.044404,0.69179037,4.5152503,8.4131421,37.987442,0.77867013,4.0043097,9.7883652,39.195646
experiment_0a_best,file,16,,7837,134.Cape_Glossy_Starling/Cape_Glossy_Starling_0096_129388.jpg,134,133,134.Cape_Glossy_Starling,9,8,random_erasing,random_erasing,0,"{""area_fraction"":0.08688,""erased"":true,""height"":0.481393,""left"":0.647247,""top"":0.015837,""width"":0.180476}",0.16616508,0.095433958,-0.070731126,0.84690642,0.9089784,0.045220543,0.023611452,0.80168588,0.88536695,0.083681069,0.93242932,0.6829491,20.072119,13.708236,False,0.98849422,True,True,True,0.93242932,0.6829491,20.072119,13.708236,0.93018131,0.68494302,19.625004,13.442009,0.98702489,0.63815043,4.2129792,2.6885145,0.95173587,0.6288675,5.249026,3.3009419,0.95924862,0.73971929,9.6268881,7.1211948,0.9553049,0.70228508,9.9155673,6.9635549,0.88532473,0.66430827,8.4131421,5.5889198,0.90449517,0.64088187,9.7883652,6.2731858
experiment_0a_best,file,16,,9657,165.Chestnut_sided_Warbler/Chestnut_Sided_Warbler_0081_163854.jpg,165,164,165.Chestnut_sided_Warbler,166,165,identity,identity,0,{},0.0035440037,0.0035440037,0,0.99646229,0.99646229,0.00066562876,0.00066562876,0.99579666,0.99579666,0,1,1,0.47738548,0.47738548,False,1,True,True,True,1,1,0.47738548,0.47738548,1,1,0.46691207,0.46691207,1,1,0.099448539,0.099448539,1,1,0.080799657,0.080799657,1,1,0.16600103,0.16600103,1,1,0.25462669,0.25462669,1,1,0.2366091,0.2366091,1,1,0.25120379,0.25120379
experiment_0a_best,file,16,,9657,165.Chestnut_sided_Warbler/Chestnut_Sided_Warbler_0081_163854.jpg,165,164,165.Chestnut_sided_Warbler,166,165,horizontal_flip,horizontal_flip,0,"{""flipped"":true}",0.0035440037,0.0081578624,0.0046138586,0.99646229,0.99187535,0.00066562876,0.0015841031,0.99579666,0.99029125,-0.0055054094,0.61026253,2.102148,0.47738548,1.003535,False,0.96866369,True,True,True,0.61026253,2.102148,0.47738548,1.003535,0.59439803,2.1037226,0.46691207,0.98225347,0.96624536,2.0671357,0.099448539,0.20557362,0.065198245,2.479669,0.080799657,0.20035641,0.41456814,2.0105329,0.16600103,0.33375054,0.61546885,1.926439,0.25462669,0.49052278,0.56450046,2.1243291,0.2366091,0.5026356,0.73587674,2.2520203,0.25120379,0.56571603
experiment_0a_best,file,16,,9657,165.Chestnut_sided_Warbler/Chestnut_Sided_Warbler_0081_163854.jpg,165,164,165.Chestnut_sided_Warbler,166,165,color_jitter,color_jitter,0,"{""brightness"":1.149382,""contrast"":0.663842,""hue"":0.092628,""saturation"":0.631627}",0.0035440037,0.020558134,0.01701413,0.99646229,0.97965175,0.00066562876,0.00061978836,0.99579666,0.97903196,-0.016764696,0.66312649,8.1159061,0.47738548,3.8744157,False,0.89593184,True,True,True,0.66312649,8.1159061,0.47738548,3.8744157,0.65838664,8.2179583,0.46691207,3.8370639,0.87994153,5.3966744,0.099448539,0.53669138,0.48431356,8.3936835,0.080799657,0.67820675,0.55981839,10.72975,0.16600103,1.7811495,0.7052189,8.6021389,0.25462669,2.1903341,0.66470884,8.1260251,0.2366091,1.9226915,0.7208559,6.4143241,0.25120379,1.6113025
experiment_0a_best,file,16,,9657,165.Chestnut_sided_Warbler/Chestnut_Sided_Warbler_0081_163854.jpg,165,164,165.Chestnut_sided_Warbler,166,165,rotation,rotation,0,"{""angle"":6.046282}",0.0035440037,0.001759173,-0.0017848307,0.99646229,0.99824238,0.00066562876,0.00019292116,0.99579666,0.99804946,0.0022528003,0.81316845,0.51243838,0.47738548,0.24463064,False,0.98551238,True,True,True,0.81316845,0.51243838,0.47738548,0.24463064,0.80578894,0.51319241,0.46691207,0.23961573,0.98211349,0.49552585,0.099448539,0.049279322,0.80197151,0.55426119,0.080799657,0.044784114,0.73173846,0.50190776,0.16600103,0.083317205,0.79664247,0.49994445,0.25462669,0.1272992,0.78454936,0.510414,0.2366091,0.1207686,0.86491747,0.52928876,0.25120379,0.13295934
experiment_0a_best,file,16,,9657,165.Chestnut_sided_Warbler/Chestnut_Sided_Warbler_0081_163854.jpg,165,164,165.Chestnut_sided_Warbler,166,165,random_resized_crop,random_resized_crop,0,"{""area_fraction"":0.698655,""aspect"":1.221483,""fallback"":false,""height"":0.756289,""left"":0.024305,""top"":0.101167,""width"":0.923794}",0.0035440037,0.0021163465,-0.0014276572,0.99646229,0.99788588,0.00066562876,0.00035048285,0.99579666,0.9975354,0.0017387432,0.72859462,0.73429027,0.47738548,0.35053951,False,0.96400499,True,True,True,0.72859462,0.73429027,0.47738548,0.35053951,0.72036018,0.7395192,0.46691207,0.34529044,0.963051,0.60770716,0.099448539,0.060435589,0.55913751,0.99011389,0.080799657,0.080000863,0.63894955,0.8626343,0.16600103,0.14319818,0.75504763,0.7669199,0.25462669,0.19527827,0.70807256,0.71823207,0.2366091,0.16994024,0.78374157,0.63326942,0.25120379,0.15907968
experiment_0a_best,file,16,,9657,165.Chestnut_sided_Warbler/Chestnut_Sided_Warbler_0081_163854.jpg,165,164,165.Chestnut_sided_Warbler,166,165,gaussian_blur,gaussian_blur,0,"{""sigma"":1.267565}",0.0035440037,0.017234562,0.013690558,0.99646229,0.98291308,0.00066562876,0.0034027931,0.99579666,0.97951028,-0.016286373,0.64337621,7.4139112,0.47738548,3.5392935,False,0.94340724,True,True,True,0.64337621,7.4139112,0.47738548,3.5392935,0.63630154,7.5052636,0.46691207,3.5042982,0.93038635,4.9923368,0.099448539,0.4964806,0.26110791,11.58062,0.080799657,0.93571011,0.50873946,9.7453122,0.16600103,1.6177319,0.69527396,7.4674638,0.25462669,1.9014156,0.67514851,7.6353276,0.2366091,1.806588,0.74791454,5.4992487,0.25120379,1.3814321
experiment_0a_best,file,16,,9657,165.Chestnut_sided_Warbler/Chestnut_Sided_Warbler_0081_163854.jpg,165,164,165.Chestnut_sided_Warbler,166,165,random_erasing,random_erasing,0,"{""area_fraction"":0.158685,""erased"":true,""height"":0.534361,""left"":0.676311,""top"":0.22675,""width"":0.296963}",0.0035440037,0.0031825865,-0.00036141719,0.99646229,0.99682248,0.00066562876,0.00047038399,0.99579666,0.99635209,0.00055543563,0.91329523,0.87909142,0.47738548,0.41966548,False,0.99243665,True,True,True,0.91329523,0.87909142,0.47738548,0.41966548,0.90970831,0.87846269,0.46691207,0.41016483,0.99120408,0.89283819,0.099448539,0.088791454,0.83781842,0.94303929,0.080799657,0.076197251,0.82638712,0.87096425,0.16600103,0.14458096,0.93022505,0.84659149,0.25462669,0.21556479,0.91631861,0.89039295,0.2366091,0.21067507,0.92827715,0.89611477,0.25120379,0.22510743
experiment_0a_best,file,16,,4392,076.Dark_eyed_Junco/Dark_Eyed_Junco_0013_66332.jpg,76,75,076.Dark_eyed_Junco,26,25,identity,identity,0,{},0.25438812,0.25438812,0,0.7753908,0.7753908,0.091229022,0.091229022,0.68416178,0.68416178,0,1,1,40.873203,40.873203,False,1,True,True,True,1,1,40.873203,40.873203,1,1,40.274164,40.274164,1,1,6.9721187,6.9721187,1,1,13.798697,13.798697,1,1,17.952063,17.952063,1,1,19.506536,19.506536,1,1,20.089101,20.089101,1,1,18.034709,18.034709
experiment_0a_best,file,16,,4392,076.Dark_eyed_Junco/Dark_Eyed_Junco_0013_66332.jpg,76,75,076.Dark_eyed_Junco,26,25,horizontal_flip,horizontal_flip,0,"{""flipped"":true}",0.25438812,0.59972334,0.34533522,0.7753908,0.54896349,0.091229022,0.27062786,0.68416178,0.27833563,-0.40582615,0.6018327,2.0255567,40.873203,82.790991,False,0.97405422,True,True,True,0.6018327,2.0255567,40.873203,82.790991,0.59022945,2.0203295,40.274164,81.367083,0.96050265,2.1928424,6.9721187,15.288758,0.39553271,1.490914,13.798697,20.57267,0.6263554,2.2911103,17.952063,41.130158,0.54017018,2.0647395,19.506536,40.275916,0.58263621,1.9127309,20.089101,38.425044,0.71734603,2.0799108,18.034709,37.510586
experiment_0a_best,file,16,,4392,076.Dark_eyed_Junco/Dark_Eyed_Junco_0013_66332.jpg,76,75,076.Dark_eyed_Junco,26,25,color_jitter,color_jitter,0,"{""brightness"":1.320244,""contrast"":0.856666,""hue"":0.099813,""saturation"":0.90191}",0.25438812,0.75854516,0.50415704,0.7753908,0.46834731,0.091229022,0.019228116,0.68416178,0.4491192,-0.23504259,0.5573498,2.2874414,40.873203,93.495056,False,0.86208975,True,True,True,0.5573498,2.2874414,40.873203,93.495056,0.5501774,2.2878071,40.274164,92.139519,0.79800873,2.2752044,6.9721187,15.862995,0.54679448,1.8597681,13.798697,25.662377,0.39894183,2.5647354,17.952063,46.042292,0.57922939,2.3983188,19.506536,46.782893,0.60537992,2.2419728,20.089101,45.039217,0.63393497,2.1432678,18.034709,38.65321
experiment_0a_best,file,16,,4392,076.Dark_eyed_Junco/Dark_Eyed_Junco_0013_66332.jpg,76,75,076.Dark_eyed_Junco,26,25,rotation,rotation,0,"{""angle"":-1.712629}",0.25438812,0.14104089,-0.11334723,0.7753908,0.8684538,0.091229022,0.039784789,0.68416178,0.82866901,0.14450723,0.84034333,0.57350536,40.873203,23.441001,False,0.9828856,True,True,True,0.84034333,0.57350536,40.873203,23.441001,0.83611905,0.57217995,40.274164,23.044069,0.97347624,0.6160983,6.9721187,4.2955105,0.81421443,0.48899236,13.798697,6.7474574,0.8333044,0.5315341,17.952063,9.5421338,0.78969631,0.5992428,19.506536,11.689151,0.84734268,0.58859039,20.089101,11.824252,0.89885989,0.60232491,18.034709,10.862754
experiment_0a_best,file,16,,4392,076.Dark_eyed_Junco/Dark_Eyed_Junco_0013_66332.jpg,76,75,076.Dark_eyed_Junco,26,25,random_resized_crop,random_resized_crop,0,"{""area_fraction"":0.642871,""aspect"":1.160644,""fallback"":false,""height"":0.744239,""left"":0.031685,""top"":0.045999,""width"":0.863797}",0.25438812,0.21920045,-0.035187677,0.7753908,0.80316073,0.091229022,0.03064641,0.68416178,0.77251432,0.088352535,0.68513678,0.7739557,40.873203,31.634048,False,0.92888111,True,True,True,0.68513678,0.7739557,40.873203,31.634048,0.67823227,0.77140107,40.274164,31.067533,0.89653711,0.85483077,6.9721187,5.9599815,0.67916255,0.57312854,13.798697,7.9084272,0.68848769,0.75049946,17.952063,13.473014,0.65409363,0.79194452,19.506536,15.448095,0.6846807,0.78199342,20.089101,15.709545,0.70355704,0.85126368,18.034709,15.352292
experiment_0a_best,file,16,,4392,076.Dark_eyed_Junco/Dark_Eyed_Junco_0013_66332.jpg,76,75,076.Dark_eyed_Junco,26,25,gaussian_blur,gaussian_blur,0,"{""sigma"":1.599354}",0.25438812,0.51873732,0.26434919,0.7753908,0.59527171,0.091229022,0.021416146,0.68416178,0.57385556,-0.11030622,0.46588087,1.9905247,40.873203,81.35912,False,0.90290308,True,True,True,0.46588087,1.9905247,40.873203,81.35912,0.45521582,1.9938425,40.274164,80.300339,0.8448427,1.8764579,6.9721187,13.082887,0.45667841,2.0597386,13.798697,28.421709,0.44150154,2.0320559,17.952063,36.479597,0.39515116,2.2058572,19.506536,43.028633,0.42312948,1.8131435,20.089101,36.424422,0.5978452,1.8650766,18.034709,33.636113
experiment_0a_best,file,16,,4392,076.Dark_eyed_Junco/Dark_Eyed_Junco_0013_66332.jpg,76,75,076.Dark_eyed_Junco,26,25,random_erasing,random_erasing,0,"{""area_fraction"":0.183178,""erased"":true,""height"":0.417124,""left"":0.052776,""top"":0.054672,""width"":0.439145}",0.25438812,0.14510262,-0.1092855,0.7753908,0.86493355,0.091229022,0.086363755,0.68416178,0.7785698,0.094408013,0.88070464,0.61842453,40.873203,25.276991,False,0.96676421,True,True,True,0.88070464,0.61842453,40.873203,25.276991,0.87860445,0.61662678,40.274164,24.834128,0.94822645,0.67567384,6.9721187,4.7108782,0.92141818,0.53585436,13.798697,7.394092,0.87062187,0.61987539,17.952063,11.128042,0.86835703,0.61168286,19.506536,11.931814,0.88860702,0.63955021,20.089101,12.847989,0.86961496,0.63412733,18.034709,11.436302
experiment_0a_best,file,16,,225,004.Groove_billed_Ani/Groove_Billed_Ani_0027_1754.jpg,4,3,004.Groove_billed_Ani,54,53,identity,identity,0,{},0.011827462,0.011827462,0,0.98824221,0.98824221,0.0036646512,0.0036646512,0.98457756,0.98457756,0,1,1,1.8420234,1.8420234,False,0.99999994,True,True,True,1,1,1.8420234,1.8420234,1,1,1.7991386,1.7991386,1,1,0.39515917,0.39515917,1,1,0.46472463,0.46472463,1,1,0.70938993,0.70938993,1,1,0.90571347,0.90571347,1,1,0.86750496,0.86750496,1,1,0.97201583,0.97201583
experiment_0a_best,file,16,,225,004.Groove_billed_Ani/Groove_Billed_Ani_0027_1754.jpg,4,3,004.Groove_billed_Ani,54,53,horizontal_flip,horizontal_flip,0,"{""flipped"":true}",0.011827462,0.20933045,0.19750299,0.98824221,0.81112713,0.0036646512,0.046685323,0.98457756,0.7644418,-0.22013575,0.53120056,16.059838,1.8420234,29.582598,False,0.93158627,True,True,True,0.53120056,16.059838,1.8420234,29.582598,0.51573982,16.156627,1.7991386,29.06801,0.90942142,13.902531,0.39515917,5.4937125,0.20477678,15.977744,0.46472463,7.4252514,0.36804756,16.589769,0.70938993,11.768615,0.51376833,16.998276,0.90571347,15.395567,0.49169515,16.822057,0.86750496,14.593218,0.71083929,14.597547,0.97201583,14.189046
experiment_0a_best,file,16,,225,004.Groove_billed_Ani/Groove_Billed_Ani_0027_1754.jpg,4,3,004.Groove_billed_Ani,54,53,color_jitter,color_jitter,0,"{""brightness"":1.325757,""contrast"":0.770317,""hue"":0.065775,""saturation"":1.18766}",0.011827462,0.011456653,-0.00037080981,0.98824221,0.98860872,0.0036646512,0.00063466176,0.98457756,0.98797406,0.0033964984,0.65047869,1.1263717,1.8420234,2.0748031,False,0.94822425,True,True,True,0.65047869,1.1263717,1.8420234,2.0748031,0.64013469,1.1337191,1.7991386,2.0397177,0.91180751,0.96150328,0.39515917,0.37994684,0.43346325,0.89025492,0.46472463,0.41372339,0.49643353,1.2795874,0.70938993,0.90772645,0.63098305,1.2524674,0.90571347,1.1343766,0.66932446,1.1290294,0.86750496,0.97943861,0.78239018,0.98635333,0.97201583,0.95875105
experiment_0a_best,file,16,,225,004.Groove_billed_Ani/Groove_Billed_Ani_0027_1754.jpg,4,3,004.Groove_billed_Ani,54,53,rotation,rotation,0,"{""angle"":-4.932019}",0.011827462,0.029436201,0.017608739,0.98824221,0.9709928,0.0036646512,0.0076861121,0.98457756,0.96330669,-0.021270866,0.73592547,2.600001,1.8420234,4.7892627,False,0.97001302,True,True,True,0.73592547,2.600001,1.8420234,4.7892627,0.72713981,2.6160807,1.7991386,4.7066916,0.95702863,2.2408419,0.39515917,0.88548923,0.7540841,2.2533035,0.46472463,1.0471656,0.69906226,2.5636622,0.70938993,1.8186362,0.66721204,2.7640455,0.90571347,2.5034332,0.68798005,2.7183034,0.86750496,2.3581416,0.83220459,2.503353,0.97201583,2.4332988
experiment_0a_best,file,16,,225,004.Groove_billed_Ani/Groove_Billed_Ani_0027_1754.jpg,4,3,004.Groove_billed_Ani,54,53,random_resized_crop,random_resized_crop,0,"{""area_fraction"":0.712608,""aspect"":0.752465,""fallback"":false,""height"":0.973156,""left"":0.108466,""top"":0.024411,""width"":0.732265}",0.011827462,0.015299816,0.0034723533,0.98824221,0.98481661,0.0036646512,0.0032336514,0.98457756,0.98158296,-0.0029945984,0.63530034,1.3002457,1.8420234,2.395083,False,0.96840584,True,True,True,0.63530034,1.3002457,1.8420234,2.395083,0.61912372,1.2952975,1.7991386,2.3304197,0.94758796,1.3988815,0.39515917,0.55278087,0.74895013,1.124251,0.46472463,0.52246715,0.2836897,1.1526336,0.70938993,0.81766667,0.56690453,1.2844348,0.90571347,1.1633299,0.62973998,1.3780663,0.86750496,1.1954794,0.78670176,1.344057,0.97201583,1.3064447
experiment_0a_best,file,16,,225,004.Groove_billed_Ani/Groove_Billed_Ani_0027_1754.jpg,4,3,004.Groove_billed_Ani,54,53,gaussian_blur,gaussian_blur,0,"{""sigma"":1.734615}",0.011827462,0.0051573808,-0.0066700815,0.98824221,0.99485588,0.0036646512,8.084935e-05,0.98457756,0.99477503,0.010197474,0.16977002,0.67041653,1.8420234,1.234923,False,0.8685813,True,True,True,0.16977002,0.67041653,1.8420234,1.234923,0.14776422,0.67731758,1.7991386,1.2185882,0.78659063,0.5066156,0.39515917,0.2001938,-0.4543514,0.80410981,0.46472463,0.37368963,-0.20505762,0.7570226,0.70938993,0.53702421,0.14463209,0.74354523,0.90571347,0.67343893,0.2712585,0.70364672,0.86750496,0.61041702,0.53349727,0.49423613,0.97201583,0.48040534
experiment_0a_best,file,16,,225,004.Groove_billed_Ani/Groove_Billed_Ani_0027_1754.jpg,4,3,004.Groove_billed_Ani,54,53,random_erasing,random_erasing,0,"{""area_fraction"":0.099445,""erased"":true,""height"":0.233044,""left"":0.122276,""top"":0.553844,""width"":0.426722}",0.011827462,0.0069623245,-0.0048651379,0.98824221,0.99306184,0.0036646512,0.0020160289,0.98457756,0.99104581,0.0064682539,0.90968326,0.59357749,1.8420234,1.0933836,False,0.98594242,True,True,True,0.90968326,0.59357749,1.8420234,1.0933836,0.90621409,0.59422121,1.7991386,1.0690863,0.98360311,0.58007267,0.39515917,0.22922104,0.90526331,0.53251108,0.46472463,0.24747101,0.89891773,0.62109233,0.70938993,0.44059664,0.92049061,0.59535174,0.90571347,0.53921809,0.88421749,0.59714184,0.86750496,0.5180235,0.917393,0.58962647,0.97201583,0.57312626
experiment_0a_best,file,16,,55,001.Black_footed_Albatross/Black_Footed_Albatross_0007_796138.jpg,1,0,001.Black_footed_Albatross,86,85,identity,identity,0,{},0.15115875,0.15115875,0,0.85971123,0.85971123,0.024625001,0.024625001,0.83508623,0.83508623,0,1,1,25.414419,25.414419,False,1,True,True,True,1,1,25.414419,25.414419,1,1,25.123076,25.123076,1,1,3.837153,3.837153,1,1,5.0862098,5.0862098,1,1,11.858347,11.858347,1,1,14.251003,14.251003,1,1,11.623455,11.623455,1,1,11.246477,11.246477
experiment_0a_best,file,16,,55,001.Black_footed_Albatross/Black_Footed_Albatross_0007_796138.jpg,1,0,001.Black_footed_Albatross,86,85,horizontal_flip,horizontal_flip,0,"{""flipped"":true}",0.15115875,0.16715389,0.015995145,0.85971123,0.8460694,0.024625001,0.014923717,0.83508623,0.83114568,-0.0039405497,0.72446095,1.1625102,25.414419,29.544521,False,0.96462017,True,True,True,0.72446095,1.1625102,25.414419,29.544521,0.71934103,1.1639149,25.123076,29.241124,0.95767157,1.1006075,3.837153,4.2231992,0.6073791,0.84116535,5.0862098,4.2783434,0.66220106,1.2547789,11.858347,14.879603,0.75431522,1.2102108,14.251003,17.246718,0.68899882,1.1122362,11.623455,12.928028,0.79265124,1.0917343,11.246477,12.278165
experiment_0a_best,file,16,,55,001.Black_footed_Albatross/Black_Footed_Albatross_0007_796138.jpg,1,0,001.Black_footed_Albatross,86,85,color_jitter,color_jitter,0,"{""brightness"":0.881096,""contrast"":0.75422,""hue"":-0.073489,""saturation"":1.352048}",0.15115875,2.6520014,2.5008426,0.85971123,0.070509955,0.024625001,0.031627752,0.83508623,0.038882203,-0.79620402,0.59757706,8.2709505,25.414419,210.2014,False,0.84133887,False,True,False,0.59757706,8.2709505,25.414419,210.2014,0.5942418,8.2944551,25.123076,208.38223,0.76845145,7.1914969,3.837153,27.594874,0.452369,6.4558879,5.0862098,32.836,0.54449312,8.4594481,11.858347,100.31507,0.63129927,8.9912539,14.251003,128.13439,0.60289873,8.1813943,11.623455,95.09607,0.61211549,7.343119,11.246477,82.584219
experiment_0a_best,file,16,,55,001.Black_footed_Albatross/Black_Footed_Albatross_0007_796138.jpg,1,0,001.Black_footed_Albatross,86,85,rotation,rotation,0,"{""angle"":11.78078}",0.15115875,0.2137484,0.062589645,0.85971123,0.80755156,0.024625001,0.0033165149,0.83508623,0.80423505,-0.03085118,0.71541009,1.3842516,25.414419,35.179951,False,0.936553,True,True,True,0.71541009,1.3842516,25.414419,35.179951,0.71098015,1.3852963,25.123076,34.802904,0.91232901,1.3387034,3.837153,5.1368097,0.59143562,1.2957588,5.0862098,6.5905011,0.68397336,1.4334465,11.858347,16.998305,0.749512,1.3971664,14.251003,19.911023,0.67022857,1.3862361,11.623455,16.112853,0.749127,1.3271911,11.246477,14.926224
experiment_0a_best,file,16,,55,001.Black_footed_Albatross/Black_Footed_Albatross_0007_796138.jpg,1,0,001.Black_footed_Albatross,86,85,random_resized_crop,random_resized_crop,0,"{""area_fraction"":0.80516,""aspect"":0.866365,""fallback"":false,""height"":0.96403,""left"":0.034694,""top"":0.03165,""width"":0.835202}",0.15115875,0.028072067,-0.12308668,0.85971123,0.97231829,0.024625001,0.0011583137,0.83508623,0.97115998,0.13607375,0.75734678,0.26071513,25.414419,6.6259234,False,0.95183766,True,True,True,0.75734678,0.26071513,25.414419,6.6259234,0.75417167,0.26167356,25.123076,6.5740447,0.93643144,0.21566113,3.837153,0.82752475,0.81380622,0.27743495,5.0862098,1.4110924,0.73982248,0.25847443,11.858347,3.0650794,0.75450249,0.29564041,14.251003,4.2131723,0.73849466,0.24278492,11.623455,2.8219996,0.80176986,0.21992595,11.246477,2.4733921
experiment_0a_best,file,16,,55,001.Black_footed_Albatross/Black_Footed_Albatross_0007_796138.jpg,1,0,001.Black_footed_Albatross,86,85,gaussian_blur,gaussian_blur,0,"{""sigma"":1.325562}",0.15115875,3.3549275,3.2037688,0.85971123,0.034911904,0.024625001,0.003013806,0.83508623,0.031898099,-0.80318813,0.47188615,10.338401,25.414419,262.74445,False,0.75400162,False,True,False,0.47188615,10.338401,25.414419,262.74445,0.46858508,10.402815,25.123076,261.3507,0.71663772,7.0434987,3.837153,27.026982,0.52297254,13.062265,5.0862098,66.437419,0.44658542,10.785453,11.858347,127.89763,0.48770443,12.052132,14.251003,171.75497,0.45140642,9.0264767,11.623455,104.91885,0.50754844,7.4524302,11.246477,83.813584
experiment_0a_best,file,16,,55,001.Black_footed_Albatross/Black_Footed_Albatross_0007_796138.jpg,1,0,001.Black_footed_Albatross,86,85,random_erasing,random_erasing,0,"{""area_fraction"":0.175614,""erased"":true,""height"":0.65705,""left"":0.268868,""top"":0.059909,""width"":0.267276}",0.15115875,1.5555557,1.404397,0.85971123,0.21107206,0.024625001,0.0062127239,0.83508623,0.20485933,-0.63022689,0.52198577,4.6040029,25.414419,117.00806,False,0.80981618,True,True,True,0.52198577,4.6040029,25.414419,117.00806,0.51485344,4.5861625,25.123076,115.21851,0.79142155,5.3127439,3.837153,20.385811,0.065124524,3.6831474,5.0862098,18.73326,0.51015226,4.5363195,11.858347,53.793249,0.54659984,4.4826495,14.251003,63.882251,0.46636782,4.5325281,11.623455,52.683637,0.59259586,5.0095316,11.246477,56.339582
experiment_0a_best,file,16,,4845,083.White_breasted_Kingfisher/White_Breasted_Kingfisher_0018_71137.jpg,83,82,083.White_breasted_Kingfisher,16,15,identity,identity,0,{},0.0069118924,0.0069118924,0,0.99311197,0.99311197,0.0010020054,0.0010020054,0.99210996,0.99210996,0,1,1,1.2837668,1.2837668,False,0.99999988,True,True,True,1,1,1.2837668,1.2837668,1,1,1.2671424,1.2671424,1,1,0.20593027,0.20593027,1,1,0.2396139,0.2396139,1,1,0.51988612,0.51988612,1,1,0.68651497,0.68651497,1,1,0.63342775,0.63342775,1,1,0.63672591,0.63672591
experiment_0a_best,file,16,,4845,083.White_breasted_Kingfisher/White_Breasted_Kingfisher_0018_71137.jpg,83,82,083.White_breasted_Kingfisher,16,15,horizontal_flip,horizontal_flip,0,"{""flipped"":true}",0.0069118924,0.013023084,0.0061111916,0.99311197,0.98706132,0.0010020054,0.0013621367,0.99210996,0.98569919,-0.0064107776,0.6155186,1.9386315,1.2837668,2.4887507,False,0.96870875,True,True,True,0.6155186,1.9386315,1.2837668,2.4887507,0.60717382,1.9428961,1.2671424,2.461926,0.96503597,1.769618,0.20593027,0.36441791,0.5324362,2.0927758,0.2396139,0.50145816,0.47926597,1.7968405,0.51988612,0.93415245,0.53666756,1.8159025,0.68651497,1.2466442,0.61301836,2.0833402,0.63342775,1.3196455,0.76700887,2.0121192,0.63672591,1.2811684
experiment_0a_best,file,16,,4845,083.White_breasted_Kingfisher/White_Breasted_Kingfisher_0018_71137.jpg,83,82,083.White_breasted_Kingfisher,16,15,color_jitter,color_jitter,0,"{""brightness"":1.096269,""contrast"":1.364652,""hue"":0.012824,""saturation"":1.096295}",0.0069118924,0.026949203,0.02003731,0.99311197,0.97341067,0.0010020054,0.002071098,0.99210996,0.97133957,-0.020770395,0.86403342,3.5543611,1.2837668,4.5629706,False,0.98270226,True,True,True,0.86403342,3.5543611,1.2837668,4.5629706,0.86106135,3.5560782,1.2671424,4.5060574,0.97889014,3.4887256,0.20593027,0.71843419,0.8114773,3.2537612,0.2396139,0.77964641,0.82326435,3.3187633,0.51988612,1.725379,0.86052754,3.4983126,0.68651497,2.401644,0.8526848,3.7593768,0.63342775,2.3812935,0.90308863,3.6092643,0.63672591,2.2981121
experiment_0a_best,file,16,,4845,083.White_breasted_Kingfisher/White_Breasted_Kingfisher_0018_71137.jpg,83,82,083.White_breasted_Kingfisher,16,15,rotation,rotation,0,"{""angle"":-4.124921}",0.0069118924,0.042067669,0.035155777,0.99311197,0.95880491,0.0010020054,0.0078960806,0.99210996,0.95090882,-0.041201138,0.8678017,5.6274237,1.2837668,7.2242994,False,0.98374188,True,True,True,0.8678017,5.6274237,1.2837668,7.2242994,0.8647518,5.6230797,1.2671424,7.1252426,0.98031899,5.7894991,0.20593027,1.1922331,0.80452356,5.6697791,0.2396139,1.3585579,0.8425062,5.6222966,0.51988612,2.922954,0.8518762,5.5113162,0.68651497,3.7836011,0.85801124,5.6499733,0.63342775,3.5788498,0.90913964,5.718113,0.63672591,3.6408707
experiment_0a_best,file,16,,4845,083.White_breasted_Kingfisher/White_Breasted_Kingfisher_0018_71137.jpg,83,82,083.White_breasted_Kingfisher,16,15,random_resized_crop,random_resized_crop,0,"{""area_fraction"":0.639922,""aspect"":0.908645,""fallback"":false,""height"":0.839202,""left"":0.202775,""top"":0.040803,""width"":0.762537}",0.0069118924,0.071907543,0.06499565,0.99311197,0.93061692,0.0010020054,0.012228793,0.99210996,0.91838812,-0.07372184,0.76019852,11.240687,1.2837668,14.430421,False,0.96193713,True,True,True,0.76019852,11.240687,1.2837668,14.430421,0.75546656,11.263371,1.2671424,14.272294,0.9579462,10.345305,0.20593027,2.1304114,0.68210835,14.426486,0.2396139,3.4567865,0.73435584,11.952615,0.51988612,6.2139987,0.73967724,11.292374,0.68651497,7.7523841,0.75100614,10.894978,0.63342775,6.9011816,0.81704006,10.583289,0.63672591,6.7386546
experiment_0a_best,file,16,,4845,083.White_breasted_Kingfisher/White_Breasted_Kingfisher_0018_71137.jpg,83,82,083.White_breasted_Kingfisher,16,15,gaussian_blur,gaussian_blur,0,"{""sigma"":1.889049}",0.0069118924,1.5114639,1.504552,0.99311197,0.22058684,0.0010020054,0.06267038,0.99210996,0.15791646,-0.83419351,0.49965684,152.44247,1.2837668,195.70058,False,0.82924926,False,True,False,0.49965684,152.44247,1.2837668,195.70058,0.49565295,153.39878,1.2671424,194.37809,0.73741337,110.29391,0.20593027,22.712855,0.45399481,192.74877,0.2396139,46.185284,0.35835234,179.3746,0.51988612,93.254366,0.4992406,158.30438,0.68651497,108.67833,0.52618642,146.30969,0.63342775,92.676615,0.6120219,127.14009,0.63672591,80.953391
experiment_0a_best,file,16,,4845,083.White_breasted_Kingfisher/White_Breasted_Kingfisher_0018_71137.jpg,83,82,083.White_breasted_Kingfisher,16,15,random_erasing,random_erasing,0,"{""area_fraction"":0.144528,""erased"":true,""height"":0.317972,""left"":0.082802,""top"":0.578213,""width"":0.454532}",0.0069118924,0.0075277952,0.00061590271,0.99311197,0.99250048,0.0010020054,0.00090001023,0.99210996,0.99160047,-0.00050948886,0.921759,1.0275358,1.2837668,1.3191162,False,0.98117805,True,True,True,0.921759,1.0275358,1.2837668,1.3191162,0.92026825,1.0275258,1.2671424,1.3020215,0.97818136,1.0279135,0.20593027,0.21167851,0.90330812,0.85509175,0.2396139,0.20489187,0.92520057,0.9946709,0.51988612,0.5171156,0.93297569,1.0043545,0.68651497,0.68950441,0.9227931,1.0624498,0.63342775,0.67298517,0.90601887,1.0623424,0.63672591,0.67642093
experiment_0a_best,file,16,,3657,063.Ivory_Gull/Ivory_Gull_0027_48974.jpg,63,62,063.Ivory_Gull,143,142,identity,identity,0,{},0.16504553,0.16504553,0,0.84785509,0.84785509,0.043628678,0.043628678,0.80422641,0.80422641,0,1,1,30.297379,30.297379,False,1.0000001,True,True,True,1,1,30.297379,30.297379,1,1,29.715851,29.715851,1,1,5.9075668,5.9075668,1,1,6.4528636,6.4528636,1,1,10.993967,10.993967,1,1,15.364793,15.364793,1,1,15.51443,15.51443,1,1,15.612516,15.612516
experiment_0a_best,file,16,,3657,063.Ivory_Gull/Ivory_Gull_0027_48974.jpg,63,62,063.Ivory_Gull,143,142,horizontal_flip,horizontal_flip,0,"{""flipped"":true}",0.16504553,0.30133259,0.13628706,0.84785509,0.73983169,0.043628678,0.0038286597,0.80422641,0.73600303,-0.068223387,0.58094839,1.5080757,30.297379,45.690741,False,0.91965246,True,True,True,0.58094839,1.5080757,30.297379,45.690741,0.56935167,1.5048396,29.715851,44.71759,0.85984964,1.5877625,5.9075668,9.3798132,0.65938733,1.892744,6.4528636,12.213619,0.48317998,1.5487044,10.993967,17.026404,0.53561245,1.3883523,15.364793,21.331747,0.5340201,1.4874797,15.51443,23.077399,0.66201128,1.5331959,15.612516,23.937046
experiment_0a_best,file,16,,3657,063.Ivory_Gull/Ivory_Gull_0027_48974.jpg,63,62,063.Ivory_Gull,143,142,color_jitter,color_jitter,0,"{""brightness"":1.346363,""contrast"":0.795211,""hue"":0.011671,""saturation"":1.001502}",0.16504553,0.46497545,0.29992992,0.84785509,0.62815052,0.043628678,0.11558893,0.80422641,0.51256159,-0.29166482,0.72672994,2.2801201,30.297379,69.081663,False,0.96045566,True,True,True,0.72672994,2.2801201,30.297379,69.081663,0.71906358,2.2887428,29.715851,68.01194,0.94757173,2.0499141,5.9075668,12.110004,0.46781577,2.7690323,6.4528636,17.868188,0.65963908,2.3191344,10.993967,25.496486,0.67677079,2.2211093,15.364793,34.126886,0.75494771,2.2674007,15.51443,35.177429,0.80939987,2.2683388,15.612516,35.414476
experiment_0a_best,file,16,,3657,063.Ivory_Gull/Ivory_Gull_0027_48974.jpg,63,62,063.Ivory_Gull,143,142,rotation,rotation,0,"{""angle"":-10.569024}",0.16504553,1.1345572,0.96951172,0.84785509,0.32156447,0.043628678,0.093910173,0.80422641,0.22765429,-0.57657212,0.69038882,4.2964491,30.297379,130.17115,False,0.96561265,True,True,True,0.69038882,4.2964491,30.297379,130.17115,0.68089594,4.297812,29.715851,127.71314,0.93263182,4.2618213,5.9075668,25.176994,0.40828485,5.6124049,6.4528636,36.216083,0.60181414,4.602165,10.993967,50.596049,0.68636126,3.9197454,15.364793,60.226078,0.69124701,4.18239,15.51443,64.887396,0.77699648,4.344883,15.612516,67.834556
experiment_0a_best,file,16,,3657,063.Ivory_Gull/Ivory_Gull_0027_48974.jpg,63,62,063.Ivory_Gull,143,142,random_resized_crop,random_resized_crop,0,"{""area_fraction"":0.880452,""aspect"":1.037342,""fallback"":false,""height"":0.921281,""left"":0.008616,""top"":0.054617,""width"":0.955683}",0.16504553,0.11560215,-0.049443379,0.84785509,0.89082956,0.043628678,0.012783413,0.80422641,0.87804615,0.073819737,0.80585226,0.76121074,30.297379,23.06269,False,0.97878146,True,True,True,0.80585226,0.76121074,30.297379,23.06269,0.80010692,0.76188521,29.715851,22.640068,0.95494891,0.74394177,5.9075668,4.3948857,0.7075783,1.0373177,6.4528636,6.6936693,0.78537815,0.84909763,10.993967,9.3349509,0.76648133,0.72149202,15.364793,11.085576,0.80487894,0.74486412,15.51443,11.556142,0.87514822,0.7137949,15.612516,11.144135
experiment_0a_best,file,16,,3657,063.Ivory_Gull/Ivory_Gull_0027_48974.jpg,63,62,063.Ivory_Gull,143,142,gaussian_blur,gaussian_blur,0,"{""sigma"":1.423505}",0.16504553,2.2117591,2.0467136,0.84785509,0.10950785,0.043628678,0.090197116,0.80422641,0.019310735,-0.78491568,0.44871939,5.5535119,30.297379,168.25685,False,0.886401,False,True,False,0.44871939,5.5535119,30.297379,168.25685,0.43591457,5.569456,29.715851,165.50113,0.80165322,5.1336391,5.9075668,30.327316,0.15251732,7.0633867,6.4528636,45.579071,0.19643102,5.3518337,10.993967,58.837881,0.36719042,5.7013512,15.364793,87.600084,0.49907461,5.3672876,15.51443,83.270407,0.62684946,5.4513305,15.612516,85.108986
experiment_0a_best,file,16,,3657,063.Ivory_Gull/Ivory_Gull_0027_48974.jpg,63,62,063.Ivory_Gull,143,142,random_erasing,random_erasing,0,"{""area_fraction"":0.14152,""erased"":true,""height"":0.224618,""left"":0.349406,""top"":0.415128,""width"":0.630048}",0.16504553,0.59837401,0.43332848,0.84785509,0.54970473,0.043628678,0.031761009,0.80422641,0.51794372,-0.28628269,0.65309639,2.6489728,30.297379,80.256932,False,0.92907256,True,True,True,0.65309639,2.6489728,30.297379,80.256932,0.64592338,2.6621342,29.715851,79.107586,0.87113086,2.290934,5.9075668,13.533845,0.72091857,3.0950658,6.4528636,19.972037,0.47487451,2.7100746,10.993967,29.79447,0.62620322,2.6618212,15.364793,40.898332,0.6689973,2.5118049,15.51443,38.96922,0.71650555,2.702431,15.612516,42.191749
experiment_0a_best,file,16,,8870,151.Black_capped_Vireo/Black_Capped_Vireo_0018_155868.jpg,151,150,151.Black_capped_Vireo,152,151,identity,identity,0,{},0.029017556,0.029017556,0,0.97139943,0.97139943,0.012232558,0.012232558,0.95916687,0.95916687,0,1,1,3.2982938,3.2982938,False,1,True,True,True,1,1,3.2982938,3.2982938,1,1,3.2049388,3.2049388,1,1,0.77917242,0.77917242,1,1,0.70273998,0.70273998,1,1,1.2884504,1.2884504,1,1,1.3074823,1.3074823,1,1,1.5560368,1.5560368,1,1,1.9967284,1.9967284
experiment_0a_best,file,16,,8870,151.Black_capped_Vireo/Black_Capped_Vireo_0018_155868.jpg,151,150,151.Black_capped_Vireo,152,151,horizontal_flip,horizontal_flip,0,"{""flipped"":true}",0.029017556,0.04039523,0.011377674,0.97139943,0.96040976,0.012232558,0.0067847637,0.95916687,0.953625,-0.0055418718,0.62810799,1.4656468,3.2982938,4.8341339,False,0.96830302,True,True,True,0.62810799,1.4656468,3.2982938,4.8341339,0.61317951,1.4781295,3.2049388,4.7373145,0.93993206,1.2354819,0.77917242,0.96265346,0.63565304,1.3041045,0.70273998,0.91644639,0.56408226,1.3632663,1.2884504,1.756501,0.52691107,1.768641,1.3074823,2.3124667,0.54243822,1.5064875,1.5560368,2.3441501,0.73254887,1.3874083,1.9967284,2.7702775
experiment_0a_best,file,16,,8870,151.Black_capped_Vireo/Black_Capped_Vireo_0018_155868.jpg,151,150,151.Black_capped_Vireo,152,151,color_jitter,color_jitter,0,"{""brightness"":0.887125,""contrast"":1.196324,""hue"":-0.051744,""saturation"":1.188154}",0.029017556,0.073197924,0.044180367,0.97139943,0.92941684,0.012232558,0.012051625,0.95916687,0.91736521,-0.041801658,0.61344104,2.8424132,3.2982938,9.3751138,False,0.95528316,True,True,True,0.61344104,2.8424132,3.2982938,9.3751138,0.59901134,2.8694302,3.2049388,9.1963482,0.92529664,2.3384682,0.77917242,1.82207,0.23388422,3.0269153,0.70273998,2.1271344,0.22915894,2.5787834,1.2884504,3.3226345,0.54206286,3.5085101,1.3074823,4.5873148,0.64552355,3.1352546,1.5560368,4.8785717,0.83266654,2.4618871,1.9967284,4.9157198
experiment_0a_best,file,16,,8870,151.Black_capped_Vireo/Black_Capped_Vireo_0018_155868.jpg,151,150,151.Black_capped_Vireo,152,151,rotation,rotation,0,"{""angle"":14.955795}",0.029017556,0.01993186,-0.0090856962,0.97139943,0.98026544,0.012232558,0.005966234,0.95916687,0.9742992,0.015132336,0.56743897,0.79838284,3.2982938,2.6333012,False,0.9613061,True,True,True,0.56743897,0.79838284,3.2982938,2.6333012,0.54841377,0.80471753,3.2049388,2.5790704,0.95441494,0.68234971,0.77917242,0.53166808,0.43246142,0.78210075,0.70273998,0.54961347,0.28004493,0.72955081,1.2884504,0.93999005,0.5025145,1.0168138,1.3074823,1.329466,0.53631979,0.82304323,1.5560368,1.2806856,0.72768686,0.71851641,1.9967284,1.4346821
experiment_0a_best,file,16,,8870,151.Black_capped_Vireo/Black_Capped_Vireo_0018_155868.jpg,151,150,151.Black_capped_Vireo,152,151,random_resized_crop,random_resized_crop,0,"{""area_fraction"":0.703254,""aspect"":1.107263,""fallback"":false,""height"":0.796949,""left"":0.034792,""top"":0.02299,""width"":0.882433}",0.029017556,0.20643057,0.17741301,0.97139943,0.81348276,0.012232558,0.075176403,0.95916687,0.73830636,-0.22086051,0.73167125,7.1772692,3.2982938,23.672743,False,0.95719075,True,True,True,0.73167125,7.1772692,3.2982938,23.672743,0.71933764,7.1981858,3.2049388,23.069745,0.95316323,6.813657,0.77917242,5.3090136,0.62089777,7.313595,0.70273998,5.1395556,0.63496134,6.973433,1.2884504,8.9849226,0.706117,8.4925944,1.3074823,11.103917,0.69692678,7.4684237,1.5560368,11.621142,0.80438265,6.4666093,1.9967284,12.912062
experiment_0a_best,file,16,,8870,151.Black_capped_Vireo/Black_Capped_Vireo_0018_155868.jpg,151,150,151.Black_capped_Vireo,152,151,gaussian_blur,gaussian_blur,0,"{""sigma"":1.956634}",0.029017556,0.027988261,-0.0010292958,0.97139943,0.97239977,0.012232558,0.0022127451,0.95916687,0.97018703,0.011020157,0.37103006,1.509723,3.2982938,4.9795101,False,0.90327537,True,True,True,0.37103006,1.509723,3.2982938,4.9795101,0.35283569,1.5324419,3.2049388,4.9113824,0.84408469,1.0535274,0.77917242,0.82087948,0.12600764,1.3367155,0.70273998,0.93936342,0.020044371,1.5226236,1.2884504,1.961825,0.24063714,2.1598466,1.3074823,2.8239612,0.40927062,1.560495,1.5560368,2.4281877,0.63634433,1.1766231,1.9967284,2.3493966
experiment_0a_best,file,16,,8870,151.Black_capped_Vireo/Black_Capped_Vireo_0018_155868.jpg,151,150,151.Black_capped_Vireo,152,151,random_erasing,random_erasing,0,"{""area_fraction"":0.189666,""erased"":true,""height"":0.40196,""left"":0.172366,""top"":0.257131,""width"":0.471853}",0.029017556,0.039207149,0.010189593,0.97139943,0.96155149,0.012232558,0.0028185947,0.95916687,0.95873289,-0.00043397583,0.52721423,1.2450225,3.2982938,4.10645,False,0.91963071,True,True,True,0.52721423,1.2450225,3.2982938,4.10645,0.50581939,1.2386085,3.2049388,3.9696644,0.86139242,1.3489253,0.77917242,1.0510454,0.42520276,1.0778283,0.70273998,0.75743305,0.030620525,1.0267367,1.2884504,1.3228993,0.46683417,1.365428,1.3074823,1.7852729,0.49393031,1.2515722,1.5560368,1.9474925,0.7038066,1.2723708,1.9967284,2.5405789
experiment_0a_best,file,16,,9664,165.Chestnut_sided_Warbler/Chestnut_Sided_Warbler_0073_163868.jpg,165,164,165.Chestnut_sided_Warbler,166,165,identity,identity,0,{},0.0016755126,0.0016755126,0,0.99832588,0.99832588,0.00028259755,0.00028259755,0.99804329,0.99804329,0,1,1,0.26623128,0.26623128,False,1,True,True,True,1,1,0.26623128,0.26623128,1,1,0.26053849,0.26053849,1,1,0.054761205,0.054761205,1,1,0.049423297,0.049423297,1,1,0.09824979,0.09824979,1,1,0.13570618,0.13570618,1,1,0.13416809,0.13416809,1,1,0.13916672,0.13916672
experiment_0a_best,file,16,,9664,165.Chestnut_sided_Warbler/Chestnut_Sided_Warbler_0073_163868.jpg,165,164,165.Chestnut_sided_Warbler,166,165,horizontal_flip,horizontal_flip,0,"{""flipped"":true}",0.0016755126,0.0011233932,-0.00055211945,0.99832588,0.99887723,0.00028259755,0.00012162914,0.99804329,0.9987556,0.00071231138,0.65436154,0.60475371,0.26623128,0.16100435,False,0.97302657,True,True,True,0.65436154,0.60475371,0.26623128,0.16100435,0.63915571,0.59939785,0.26053849,0.15616621,0.95251187,0.71534045,0.054761205,0.039172905,0.42816925,0.52412951,0.049423297,0.025904209,0.52610251,0.64673244,0.09824979,0.063541327,0.60522072,0.56168607,0.13570618,0.076224269,0.64139202,0.60657935,0.13416809,0.081383594,0.75205455,0.61166216,0.13916672,0.085123018
experiment_0a_best,file,16,,9664,165.Chestnut_sided_Warbler/Chestnut_Sided_Warbler_0073_163868.jpg,165,164,165.Chestnut_sided_Warbler,166,165,color_jitter,color_jitter,0,"{""brightness"":1.158866,""contrast"":1.352215,""hue"":0.043837,""saturation"":1.09693}",0.0016755126,0.020956403,0.01928089,0.99832588,0.97926164,0.00028259755,0.0036350389,0.99804329,0.9756266,-0.022416689,0.77025565,12.280294,0.26623128,3.2693983,False,0.95315129,True,True,True,0.77025565,12.280294,0.26623128,3.2693983,0.76268473,12.302168,0.26053849,3.2051883,0.95002451,11.774276,0.054761205,0.64477353,0.45712883,12.162979,0.049423297,0.60113452,0.64394003,12.403632,0.09824979,1.2186542,0.75816765,11.831247,0.13570618,1.6055733,0.790394,13.245275,0.13416809,1.7770933,0.84354805,11.787111,0.13916672,1.6403735
experiment_0a_best,file,16,,9664,165.Chestnut_sided_Warbler/Chestnut_Sided_Warbler_0073_163868.jpg,165,164,165.Chestnut_sided_Warbler,166,165,rotation,rotation,0,"{""angle"":13.686927}",0.0016755126,0.016388688,0.014713176,0.99832588,0.98374486,0.00028259755,0.00073385151,0.99804329,0.98301101,-0.015032279,0.66129911,8.1960275,0.26623128,2.1820389,False,0.96395397,True,True,True,0.66129911,8.1960275,0.26623128,2.1820389,0.64835774,8.1955685,0.26053849,2.135261,0.9538521,8.2064096,0.054761205,0.44939288,0.39476433,8.4292616,0.049423297,0.4166019,0.53463957,8.6831608,0.09824979,0.85311872,0.58709911,7.4857334,0.13570618,1.0158603,0.67804897,8.0566401,0.13416809,1.080944,0.76468756,8.6751633,0.13916672,1.207294
experiment_0a_best,file,16,,9664,165.Chestnut_sided_Warbler/Chestnut_Sided_Warbler_0073_163868.jpg,165,164,165.Chestnut_sided_Warbler,166,165,random_resized_crop,random_resized_crop,0,"{""area_fraction"":0.787784,""aspect"":1.079418,""fallback"":false,""height"":0.854297,""left"":0.056549,""top"":0.138167,""width"":0.922143}",0.0016755126,0.0011388728,-0.00053663983,0.99832588,0.99886179,0.00028259755,0.00013267768,0.99804329,0.99872911,0.00068582523,0.73542793,0.53474877,0.26623128,0.14236685,False,0.96423841,True,True,True,0.73542793,0.53474877,0.26623128,0.14236685,0.72434067,0.52901433,0.26053849,0.13782859,0.95441555,0.65118128,0.054761205,0.035659471,0.69290406,0.4897794,0.049423297,0.024206513,0.69964574,0.49698243,0.09824979,0.048828419,0.70160341,0.47340974,0.13570618,0.064244626,0.70646163,0.49550678,0.13416809,0.066481199,0.7816061,0.62143949,0.13916672,0.086483696
experiment_0a_best,file,16,,9664,165.Chestnut_sided_Warbler/Chestnut_Sided_Warbler_0073_163868.jpg,165,164,165.Chestnut_sided_Warbler,166,165,gaussian_blur,gaussian_blur,0,"{""sigma"":1.549934}",0.0016755126,1.1786931,1.1770175,0.99832588,0.30768061,0.00028259755,0.016034326,0.99804329,0.29164628,-0.70639701,0.47016114,785.61024,0.26623128,209.15402,False,0.81513929,True,True,True,0.47016114,785.61024,0.26623128,209.15402,0.46625038,798.32214,0.26053849,207.99364,0.75852272,401.76384,0.054761205,22.001072,0.32002211,1105.6644,0.049423297,54.645581,0.33661389,891.46987,0.09824979,87.586728,0.49615944,957.92442,0.13570618,129.99626,0.52256765,762.79666,0.13416809,102.34297,0.55409017,519.68862,0.13916672,72.323362
experiment_0a_best,file,16,,9664,165.Chestnut_sided_Warbler/Chestnut_Sided_Warbler_0073_163868.jpg,165,164,165.Chestnut_sided_Warbler,166,165,random_erasing,random_erasing,0,"{""area_fraction"":0.054517,""erased"":true,""height"":0.216667,""left"":0.653178,""top"":0.701857,""width"":0.251614}",0.0016755126,0.0049345139,0.0032590013,0.99832588,0.99507767,0.00028259755,0.0008524289,0.99804329,0.99422524,-0.0038180461,0.93712429,2.9581724,0.26623128,0.787558,False,0.9913516,True,True,True,0.93712429,2.9581724,0.26623128,0.787558,0.93502525,2.9657604,0.26053849,0.77269474,0.98966154,2.7808761,0.054761205,0.15228413,0.93397538,2.7904189,0.049423297,0.1379117,0.93162068,3.0145937,0.09824979,0.2961832,0.9480745,2.9818807,0.13570618,0.40465964,0.92702751,3.0552447,0.13416809,0.40991635,0.93325513,2.8610361,0.13916672,0.39816101
experiment_0a_best,file,16,,5922,102.Western_Wood_Pewee/Western_Wood_Pewee_0046_98113.jpg,102,101,102.Western_Wood_Pewee,39,38,identity,identity,0,{},0.7413854,0.7413854,0,0.47645339,0.47645339,0.20425044,0.20425044,0.27220295,0.27220295,0,1,1,92.173856,92.173856,False,1,True,True,True,1,1,92.173856,92.173856,1,1,90.147895,90.147895,1,1,19.219174,19.219174,1,1,15.214911,15.214911,1,1,43.344601,43.344601,1,1,47.988633,47.988633,1,1,44.092712,44.092712,1,1,42.063272,42.063272
experiment_0a_best,file,16,,5922,102.Western_Wood_Pewee/Western_Wood_Pewee_0046_98113.jpg,102,101,102.Western_Wood_Pewee,39,38,horizontal_flip,horizontal_flip,0,"{""flipped"":true}",0.7413854,0.16856745,-0.57281795,0.47645339,0.84487426,0.20425044,0.1081914,0.27220295,0.73668286,0.46447991,0.62342359,0.31324638,92.173856,28.873127,False,0.94647551,True,True,True,0.62342359,0.31324638,92.173856,28.873127,0.61056282,0.31239667,90.147895,28.161902,0.89119194,0.33139013,19.219174,6.3690447,0.23222876,0.39762393,15.214911,6.0498128,0.44226998,0.28672955,43.344601,12.428178,0.6834177,0.31428717,47.988633,15.082212,0.62919425,0.31346475,44.092712,13.821511,0.72361714,0.32206631,42.063272,13.547163
experiment_0a_best,file,16,,5922,102.Western_Wood_Pewee/Western_Wood_Pewee_0046_98113.jpg,102,101,102.Western_Wood_Pewee,39,38,color_jitter,color_jitter,0,"{""brightness"":0.796604,""contrast"":1.122091,""hue"":-0.046134,""saturation"":1.226896}",0.7413854,1.1335601,0.39217466,0.47645339,0.32188529,0.20425044,0.033633169,0.27220295,0.28825212,0.016049165,0.44515636,1.5841743,92.173856,146.01945,False,0.93906653,False,True,False,0.44515636,1.5841743,92.173856,146.01945,0.43397039,1.5935169,90.147895,143.6522,0.73824768,1.3625134,19.219174,26.186383,0.4735799,1.7672129,15.214911,26.887988,0.30271035,1.8619637,43.344601,80.706074,0.4760868,1.6001828,47.988633,76.790583,0.46610867,1.4245741,44.092712,62.813335,0.52690056,1.4179199,42.063272,59.642352
experiment_0a_best,file,16,,5922,102.Western_Wood_Pewee/Western_Wood_Pewee_0046_98113.jpg,102,101,102.Western_Wood_Pewee,39,38,rotation,rotation,0,"{""angle"":-0.479798}",0.7413854,0.92123228,0.17984688,0.47645339,0.39802825,0.20425044,0.12754515,0.27220295,0.27048311,-0.0017198473,0.89853827,1.4318279,92.173856,131.9771,False,0.99037629,True,True,True,0.89853827,1.4318279,92.173856,131.9771,0.898022,1.4415038,90.147895,129.94853,0.92686707,1.1993585,19.219174,23.05068,0.86505107,1.8163101,15.214911,27.634998,0.90840618,1.5453773,43.344601,66.983763,0.91785251,1.4761373,47.988633,70.837812,0.88986551,1.3961513,44.092712,61.560099,0.88652684,1.264364,42.063272,53.183289
experiment_0a_best,file,16,,5922,102.Western_Wood_Pewee/Western_Wood_Pewee_0046_98113.jpg,102,101,102.Western_Wood_Pewee,39,38,random_resized_crop,random_resized_crop,0,"{""area_fraction"":0.586513,""aspect"":0.864658,""fallback"":false,""height"":0.823601,""left"":0.003538,""top"":0.00771,""width"":0.712133}",0.7413854,2.0608051,1.3194197,0.47645339,0.12735139,0.20425044,0.046668757,0.27220295,0.080682632,-0.19152032,0.54762405,1.8204612,92.173856,167.79893,False,0.90514886,False,True,False,0.54762405,1.8204612,92.173856,167.79893,0.53856103,1.8355808,90.147895,165.47374,0.81521293,1.4484193,19.219174,27.837422,0.41135561,2.607829,15.214911,39.677887,0.3399072,1.8856518,43.344601,81.732825,0.67176153,2.0361922,47.988633,97.71408,0.54868946,1.6645597,44.092712,73.394951,0.60790516,1.5392645,42.063272,64.746503
experiment_0a_best,file,16,,5922,102.Western_Wood_Pewee/Western_Wood_Pewee_0046_98113.jpg,102,101,102.Western_Wood_Pewee,39,38,gaussian_blur,gaussian_blur,0,"{""sigma"":1.316923}",0.7413854,2.321815,1.5804296,0.47645339,0.098095372,0.20425044,0.0052014138,0.27220295,0.092893959,-0.179309,0.58572762,2.5624937,92.173856,236.19492,False,0.83134228,False,True,False,0.58572762,2.5624937,92.173856,236.19492,0.58315706,2.5862534,90.147895,233.1453,0.68123777,1.9684851,19.219174,37.832657,0.66146088,3.2222813,15.214911,49.026725,0.55747986,2.4352829,43.344601,105.55637,0.608887,2.9897852,47.988633,143.4757,0.58425076,2.5103497,44.092712,110.68813,0.5773878,2.1229039,42.063272,89.296285
experiment_0a_best,file,16,,5922,102.Western_Wood_Pewee/Western_Wood_Pewee_0046_98113.jpg,102,101,102.Western_Wood_Pewee,39,38,random_erasing,random_erasing,0,"{""area_fraction"":0.059974,""erased"":true,""height"":0.423313,""left"":0.347304,""top"":0.39021,""width"":0.141677}",0.7413854,1.5969265,0.85554105,0.47645339,0.20251802,0.20425044,0.10267662,0.27220295,0.099841401,-0.17236155,0.29621522,2.1677333,92.173856,199.80833,False,0.91971701,False,True,False,0.29621522,2.1677333,92.173856,199.80833,0.28210303,2.1890183,90.147895,197.33539,0.72553356,1.6305943,19.219174,31.338675,-0.025110955,2.4206409,15.214911,36.829838,0.015427544,2.3483735,43.344601,101.78931,0.33866383,2.2354696,47.988633,107.27713,0.33727149,2.1166032,44.092712,93.326774,0.52066827,1.9898306,42.063272,83.698784
experiment_0a_best,file,16,,2094,037.Acadian_Flycatcher/Acadian_Flycatcher_0039_795606.jpg,37,36,037.Acadian_Flycatcher,39,38,identity,identity,0,{},3.2355952,3.2355952,0,0.039336782,0.039336782,0.61595166,0.61595166,-0.57661488,-0.57661488,0,1,1,155.45964,155.45964,False,1,True,False,False,1,1,155.45964,155.45964,1,1,151.30546,151.30546,1,1,35.698146,35.698146,1,1,34.479848,34.479848,1,1,61.656652,61.656652,1,1,77.157828,77.157828,1,1,78.879341,78.879341,1,1,75.681288,75.681288
experiment_0a_best,file,16,,2094,037.Acadian_Flycatcher/Acadian_Flycatcher_0039_795606.jpg,37,36,037.Acadian_Flycatcher,39,38,horizontal_flip,horizontal_flip,0,"{""flipped"":true}",3.2355952,1.8110896,-1.4245056,0.039336782,0.16347592,0.61595166,0.2551302,-0.57661488,-0.091654286,0.48496059,0.60491898,0.95940579,155.45964,149.14888,False,0.96160495,False,False,False,0.60491898,0.95940579,155.45964,149.14888,0.59000154,0.96420523,151.30546,145.88951,0.90551164,0.86868048,35.698146,31.010282,0.35472036,1.176186,34.479848,40.554714,0.5634507,1.031376,61.656652,63.591191,0.54700644,0.97480077,77.157828,75.21351,0.60857064,0.95267843,78.879341,75.146647,0.71337622,0.86556074,75.681288,65.506752
experiment_0a_best,file,16,,2094,037.Acadian_Flycatcher/Acadian_Flycatcher_0039_795606.jpg,37,36,037.Acadian_Flycatcher,39,38,color_jitter,color_jitter,0,"{""brightness"":1.313111,""contrast"":1.154352,""hue"":0.068053,""saturation"":1.394604}",3.2355952,3.2039962,-0.031599045,0.039336782,0.040599644,0.61595166,0.41252133,-0.57661488,-0.37192169,0.20469319,0.73099436,0.97476941,155.45964,151.5373,False,0.9444617,True,False,False,0.73099436,0.97476941,155.45964,151.5373,0.72252048,0.98070191,151.30546,148.38555,0.91022033,0.86126127,35.698146,30.74543,0.66177355,1.4304835,34.479848,49.322855,0.6374995,0.96947104,61.656652,59.774338,0.75585943,1.0259507,77.157828,79.160125,0.73407304,0.94924087,78.879341,74.875495,0.77925637,0.85017026,75.681288,64.34198
experiment_0a_best,file,16,,2094,037.Acadian_Flycatcher/Acadian_Flycatcher_0039_795606.jpg,37,36,037.Acadian_Flycatcher,39,38,rotation,rotation,0,"{""angle"":11.496396}",3.2355952,3.6694057,0.43381047,0.039336782,0.025491614,0.61595166,0.71436459,-0.57661488,-0.68887297,-0.1122581,0.74777475,1.2518535,155.45964,194.61269,False,0.93736023,True,False,False,0.74777475,1.2518535,155.45964,194.61269,0.73888155,1.2586358,151.30546,190.43847,0.9314563,1.1230555,35.698146,40.090998,0.83293132,1.4240863,34.479848,49.102279,0.73164655,1.3960984,61.656652,86.07875,0.70584708,1.2722524,77.157828,98.164234,0.72697865,1.2308078,78.879341,97.085312,0.78169132,1.1354567,75.681288,85.932828
experiment_0a_best,file,16,,2094,037.Acadian_Flycatcher/Acadian_Flycatcher_0039_795606.jpg,37,36,037.Acadian_Flycatcher,39,38,random_resized_crop,random_resized_crop,0,"{""area_fraction"":0.661735,""aspect"":0.900605,""fallback"":false,""height"":0.857186,""left"":0.044172,""top"":0.084033,""width"":0.771986}",3.2355952,2.0708005,-1.1647947,0.039336782,0.12608479,0.61595166,0.038765147,-0.57661488,0.087319642,0.66393452,0.39950788,1.1385073,155.45964,176.99193,False,0.91578692,False,False,False,0.39950788,1.1385073,155.45964,176.99193,0.38808959,1.1451407,151.30546,173.26603,0.63454227,1.0119606,35.698146,36.125115,0.57916803,1.0676015,34.479848,36.810738,0.15099877,1.0990515,61.656652,67.763834,0.2999824,1.2614654,77.157828,97.331934,0.48754512,1.1525823,78.879341,90.914935,0.50782927,1.0516928,75.681288,79.593468
experiment_0a_best,file,16,,2094,037.Acadian_Flycatcher/Acadian_Flycatcher_0039_795606.jpg,37,36,037.Acadian_Flycatcher,39,38,gaussian_blur,gaussian_blur,0,"{""sigma"":1.229786}",3.2355952,2.4880815,-0.74751377,0.039336782,0.083069183,0.61595166,0.084917694,-0.57661488,-0.0018485114,0.57476636,0.56245432,0.9487582,155.45964,147.4936,False,0.90214765,False,False,False,0.56245432,0.9487582,155.45964,147.4936,0.55651804,0.95112899,151.30546,143.911,0.67517636,0.90511069,35.698146,32.310773,0.55998188,0.89166137,34.479848,30.744349,0.45033164,1.0878988,61.656652,67.076199,0.54379728,1.0071841,77.157828,77.712134,0.62456048,0.9339165,78.879341,73.666718,0.59417792,0.81452121,75.681288,61.644014
experiment_0a_best,file,16,,2094,037.Acadian_Flycatcher/Acadian_Flycatcher_0039_795606.jpg,37,36,037.Acadian_Flycatcher,39,38,random_erasing,random_erasing,0,"{""area_fraction"":0.176063,""erased"":true,""height"":0.546682,""left"":0.151839,""top"":0.138635,""width"":0.322057}",3.2355952,2.2714257,-0.9641695,0.039336782,0.10316499,0.61595166,0.42157876,-0.57661488,-0.31841377,0.2582011,0.80894376,0.84432746,155.45964,131.25884,False,0.95638752,True,False,False,0.80894376,0.84432746,155.45964,131.25884,0.80159729,0.84613832,151.30546,128.02534,0.94730678,0.81110758,35.698146,28.955036,0.82385055,0.76405678,34.479848,26.344562,0.76230968,0.87188738,61.656652,53.757656,0.81443846,0.85658012,77.157828,66.091861,0.78567887,0.83644458,78.879341,65.978198,0.82908085,0.84454739,75.681288,63.916434
experiment_0a_best,file,16,,9063,155.Warbling_Vireo/Warbling_Vireo_0104_158800.jpg,155,154,155.Warbling_Vireo,153,152,identity,identity,0,{},3.3840599,3.3840599,0,0.033909503,0.033909503,0.95592171,0.95592171,-0.92201221,-0.92201221,0,1,1,206.09942,206.09942,False,1,True,False,False,1,1,206.09942,206.09942,1,1,201.12033,201.12033,1,1,45.028706,45.028706,1,1,53.533269,53.533269,1,1,99.773619,99.773619,1,1,114.48804,114.48804,1,1,91.075278,91.075278,1,1,78.908694,78.908694
experiment_0a_best,file,16,,9063,155.Warbling_Vireo/Warbling_Vireo_0104_158800.jpg,155,154,155.Warbling_Vireo,153,152,horizontal_flip,horizontal_flip,0,"{""flipped"":true}",3.3840599,2.9968739,-0.38718605,0.033909503,0.049942952,0.95592171,0.93899471,-0.92201221,-0.88905175,0.032960452,0.71826659,1.0268372,206.09942,211.63054,False,0.94951594,True,False,False,0.71826659,1.0268372,206.09942,211.63054,0.70803157,1.0316065,201.12033,207.47703,0.94956139,0.92657565,45.028706,41.722502,0.69116824,1.0503584,53.533269,56.22912,0.71941329,1.1207731,99.773619,111.82358,0.71036866,0.98522432,114.48804,112.7964,0.66500521,1.0158699,91.075278,92.520633,0.75636478,0.98957174,78.908694,78.085813
experiment_0a_best,file,16,,9063,155.Warbling_Vireo/Warbling_Vireo_0104_158800.jpg,155,154,155.Warbling_Vireo,153,152,color_jitter,color_jitter,0,"{""brightness"":0.746179,""contrast"":0.780782,""hue"":0.059317,""saturation"":0.632511}",3.3840599,0.038058974,-3.3460009,0.033909503,0.96265614,0.95592171,0.025371337,-0.92201221,0.9372848,1.859297,0.57415319,0.032494429,206.09942,6.6970829,False,0.85504675,False,False,True,0.57415319,0.032494429,206.09942,6.6970829,0.56219432,0.032629639,201.12033,6.5624837,0.8390246,0.02966856,45.028706,1.3359369,0.47349951,0.035811204,53.533269,1.9170908,0.5464958,0.031773278,99.773619,3.170135,0.60125507,0.031188126,114.48804,3.5706675,0.56172709,0.03178507,91.075278,2.8948341,0.56020461,0.036314961,78.908694,2.8655662
experiment_0a_best,file,16,,9063,155.Warbling_Vireo/Warbling_Vireo_0104_158800.jpg,155,154,155.Warbling_Vireo,153,152,rotation,rotation,0,"{""angle"":9.109154}",3.3840599,1.3716431,-2.0124168,0.033909503,0.2536898,0.95592171,0.71917683,-0.92201221,-0.46548703,0.45652517,0.81698783,0.84653872,206.09942,174.47114,False,0.95570129,True,False,False,0.81698783,0.84653872,206.09942,174.47114,0.81133972,0.85168956,201.12033,171.29208,0.95563788,0.73629006,45.028706,33.154189,0.85888318,0.80873131,53.533269,43.294031,0.82669477,0.95662601,99.773619,95.446039,0.82669652,0.79879438,114.48804,91.452404,0.78034445,0.86010267,91.075278,78.33409,0.78864866,0.78703409,78.908694,62.103832
experiment_0a_best,file,16,,9063,155.Warbling_Vireo/Warbling_Vireo_0104_158800.jpg,155,154,155.Warbling_Vireo,153,152,random_resized_crop,random_resized_crop,0,"{""area_fraction"":0.551137,""aspect"":0.873386,""fallback"":false,""height"":0.794377,""left"":0.109882,""top"":0.006046,""width"":0.693798}",3.3840599,1.260422,-2.1236379,0.033909503,0.28353438,0.95592171,0.66800427,-0.92201221,-0.3844699,0.53754231,0.72486171,0.84611512,206.09942,174.38383,False,0.93060488,True,False,False,0.72486171,0.84611512,206.09942,174.38383,0.71721301,0.85324711,201.12033,171.60534,0.93001489,0.68856788,45.028706,31.005321,0.85046778,0.93465948,53.533269,50.035377,0.75493566,0.90584048,99.773619,90.378983,0.71581876,0.82485461,114.48804,94.435988,0.64098111,0.85103745,91.075278,77.508472,0.69511941,0.78641015,78.908694,62.054598
experiment_0a_best,file,16,,9063,155.Warbling_Vireo/Warbling_Vireo_0104_158800.jpg,155,154,155.Warbling_Vireo,153,152,gaussian_blur,gaussian_blur,0,"{""sigma"":1.573986}",3.3840599,2.5675178,-0.81654215,0.033909503,0.076725766,0.95592171,0.47886628,-0.92201221,-0.40214051,0.51987169,0.36481387,0.78838897,206.09942,162.48651,False,0.85219812,True,False,False,0.36481387,0.78838897,206.09942,162.48651,0.34928086,0.79749182,201.12033,160.39182,0.81116677,0.57755066,45.028706,26.006359,0.13322288,0.67484516,53.533269,36.126668,0.31827772,0.78739604,99.773619,78.561353,0.27301332,0.74977801,114.48804,85.840616,0.39308561,0.87268971,91.075278,79.480458,0.56024202,0.85602974,78.908694,67.548189
experiment_0a_best,file,16,,9063,155.Warbling_Vireo/Warbling_Vireo_0104_158800.jpg,155,154,155.Warbling_Vireo,153,152,random_erasing,random_erasing,0,"{""area_fraction"":0.061194,""erased"":true,""height"":0.307701,""left"":0.241675,""top"":0.096538,""width"":0.198874}",3.3840599,4.7861857,1.4021258,0.033909503,0.0083442228,0.95592171,0.9670698,-0.92201221,-0.95872558,-0.036713376,0.86813109,0.89471759,206.09942,184.40077,False,0.96366358,True,False,False,0.86813109,0.89471759,206.09942,184.40077,0.86309296,0.88772692,201.12033,178.53993,0.96365191,1.0242561,45.028706,46.120928,0.89713074,0.83425283,53.533269,44.660281,0.90910201,0.82415683,99.773619,82.22911,0.89006796,0.87591446,114.48804,100.28173,0.79498141,0.90777397,91.075278,82.675766,0.83236296,1.0001645,78.908694,78.921675
experiment_0a_best,file,16,,7197,123.Henslow_Sparrow/Henslow_Sparrow_0098_796601.jpg,123,122,123.Henslow_Sparrow,124,123,identity,identity,0,{},0.026650704,0.026650704,0,0.9737013,0.9737013,0.010647571,0.010647571,0.96305373,0.96305373,0,1,1,4.1503948,4.1503948,False,1.0000001,True,True,True,1,1,4.1503948,4.1503948,1,1,4.0708759,4.0708759,1,1,0.80854573,0.80854573,1,1,0.64916589,0.64916589,1,1,1.7131367,1.7131367,1,1,2.2717669,2.2717669,1,1,2.0116703,2.0116703,1,1,2.0020077,2.0020077
experiment_0a_best,file,16,,7197,123.Henslow_Sparrow/Henslow_Sparrow_0098_796601.jpg,123,122,123.Henslow_Sparrow,124,123,horizontal_flip,horizontal_flip,0,"{""flipped"":true}",0.026650704,0.10618076,0.07953006,0.9737013,0.89926207,0.010647571,0.045272071,0.96305373,0.85399,-0.10906373,0.61494764,3.5302633,4.1503948,14.651987,False,0.9750315,True,True,True,0.61494764,3.5302633,4.1503948,14.651987,0.60017302,3.5236019,4.0708759,14.344146,0.97275728,3.6951173,0.80854573,2.9876713,0.4468257,3.0067845,0.64916589,1.9519019,0.47326064,3.6967331,1.7131367,6.333009,0.54836416,3.3813102,2.2717669,7.6815488,0.614947,3.6270006,2.0116703,7.2963295,0.76246562,3.5176542,2.0020077,7.0423709
experiment_0a_best,file,16,,7197,123.Henslow_Sparrow/Henslow_Sparrow_0098_796601.jpg,123,122,123.Henslow_Sparrow,124,123,color_jitter,color_jitter,0,"{""brightness"":0.919516,""contrast"":1.214919,""hue"":0.075511,""saturation"":1.149618}",0.026650704,0.51039374,0.48374303,0.9737013,0.60025918,0.010647571,0.0028508299,0.96305373,0.59740835,-0.36564537,0.52273008,19.178097,4.1503948,79.596673,False,0.91281855,True,True,True,0.52273008,19.178097,4.1503948,79.596673,0.51498424,19.366032,4.0708759,78.836712,0.83539599,13.571077,0.80854573,10.972836,0.29851833,17.704106,0.64916589,11.492901,0.36624104,20.722629,1.7131367,35.500696,0.50032636,20.090635,2.2717669,45.641239,0.5064074,19.990809,2.0116703,40.214917,0.71458638,16.734907,2.0020077,33.503413
experiment_0a_best,file,16,,7197,123.Henslow_Sparrow/Henslow_Sparrow_0098_796601.jpg,123,122,123.Henslow_Sparrow,124,123,rotation,rotation,0,"{""angle"":-14.781661}",0.026650704,0.18754767,0.16089696,0.9737013,0.82898962,0.010647571,0.043038975,0.96305373,0.78595065,-0.17710308,0.66151329,6.6364862,4.1503948,27.544038,False,0.94879377,True,True,True,0.66151329,6.6364862,4.1503948,27.544038,0.65130785,6.643107,4.0708759,27.043264,0.9275159,6.4663896,0.80854573,5.2283717,0.50252113,6.0476171,0.64916589,3.9259068,0.57018233,7.297299,1.7131367,12.501271,0.62211139,6.6042403,2.2717669,15.003295,0.66334321,6.6436043,2.0116703,13.364742,0.76690287,6.2373049,2.0020077,12.487132
experiment_0a_best,file,16,,7197,123.Henslow_Sparrow/Henslow_Sparrow_0098_796601.jpg,123,122,123.Henslow_Sparrow,124,123,random_resized_crop,random_resized_crop,0,"{""area_fraction"":0.647335,""aspect"":1.28419,""fallback"":false,""height"":0.709986,""left"":0.020117,""top"":0.128161,""width"":0.911757}",0.026650704,0.081039861,0.054389156,0.9737013,0.92215693,0.010647571,0.026414154,0.96305373,0.89574278,-0.067310952,0.63005518,3.2585767,4.1503948,13.52438,False,0.9376713,True,True,True,0.63005518,3.2585767,4.1503948,13.52438,0.61853065,3.2575315,4.0708759,13.261007,0.91977641,3.2849606,0.80854573,2.6560409,0.55292415,2.7367178,0.64916589,1.7765839,0.54486834,3.1577721,1.7131367,5.4096951,0.64083593,3.3897735,2.2717669,7.7007753,0.59145309,3.4699797,2.0116703,6.9804552,0.68727344,2.9721025,2.0020077,5.9501721
experiment_0a_best,file,16,,7197,123.Henslow_Sparrow/Henslow_Sparrow_0098_796601.jpg,123,122,123.Henslow_Sparrow,124,123,gaussian_blur,gaussian_blur,0,"{""sigma"":1.524623}",0.026650704,0.20490594,0.17825524,0.9737013,0.81472397,0.010647571,0.073285624,0.96305373,0.74143834,-0.22161538,0.49920994,9.4573434,4.1503948,39.251709,False,0.90984917,True,True,True,0.49920994,9.4573434,4.1503948,39.251709,0.48659909,9.499224,4.0708759,38.670162,0.8681496,8.3256351,0.80854573,6.7316567,0.13993447,10.445597,0.64916589,6.7809256,0.24844768,11.083396,1.7131367,18.987373,0.52871097,10.579724,2.2717669,24.034667,0.54705581,8.2795904,2.0116703,16.655806,0.67640084,7.6375779,2.0020077,15.29049
experiment_0a_best,file,16,,7197,123.Henslow_Sparrow/Henslow_Sparrow_0098_796601.jpg,123,122,123.Henslow_Sparrow,124,123,random_erasing,random_erasing,0,"{""area_fraction"":0.071842,""erased"":true,""height"":0.395977,""left"":0.613364,""top"":0.393968,""width"":0.181431}",0.026650704,0.027298536,0.00064783171,0.9737013,0.97307068,0.010647571,0.0097587248,0.96305373,0.96331196,0.00025822874,0.97793634,1.0082191,4.1503948,4.1845071,False,0.99435139,True,True,True,0.97793634,1.0082191,4.1503948,4.1845071,0.97740721,1.0072556,4.0708759,4.1004127,0.99130789,1.0323409,0.80854573,0.8346948,0.97984862,1.0111744,0.64916589,0.65641995,0.98333782,1.0177765,1.7131367,1.7435902,0.98612659,0.97755891,2.2717669,2.220786,0.97198451,1.019101,2.0116703,2.0500953,0.96836025,1.0245944,2.0020077,2.0512458
experiment_0a_best,file,16,,4604,079.Belted_Kingfisher/Belted_Kingfisher_0111_70375.jpg,79,78,079.Belted_Kingfisher,32,31,identity,identity,0,{},2.4479563,2.4479563,0,0.08647012,0.08647012,0.16018045,0.16018045,-0.07371033,-0.07371033,0,1,1,104.38935,104.38935,False,0.99999988,True,False,False,1,1,104.38935,104.38935,1,1,102.12008,102.12008,1,1,21.647808,21.647808,1,1,17.272992,17.272992,1,1,44.029526,44.029526,1,1,50.5639,50.5639,1,1,48.923145,48.923145,1,1,56.933051,56.933051
experiment_0a_best,file,16,,4604,079.Belted_Kingfisher/Belted_Kingfisher_0111_70375.jpg,79,78,079.Belted_Kingfisher,32,31,horizontal_flip,horizontal_flip,0,"{""flipped"":true}",2.4479563,2.0329905,-0.41496587,0.08647012,0.13094334,0.16018045,0.18253317,-0.07371033,-0.051589832,0.022120498,0.5569675,1.19532,104.38935,124.77868,False,0.94366443,False,False,False,0.5569675,1.19532,104.38935,124.77868,0.54156797,1.1993064,102.12008,122.47326,0.93149685,1.1028871,21.647808,23.875089,0.21178003,1.3499309,17.272992,23.317346,0.42196818,1.1757442,44.029526,51.767458,0.5172792,1.187647,50.5639,60.052062,0.52685373,1.2657695,48.923145,61.925423,0.6827789,1.156475,56.933051,65.841652
experiment_0a_best,file,16,,4604,079.Belted_Kingfisher/Belted_Kingfisher_0111_70375.jpg,79,78,079.Belted_Kingfisher,32,31,color_jitter,color_jitter,0,"{""brightness"":1.126413,""contrast"":1.247611,""hue"":-0.016252,""saturation"":1.293936}",2.4479563,3.5726061,1.1246498,0.08647012,0.028082574,0.16018045,0.075200379,-0.07371033,-0.047117805,0.026592525,0.74589161,0.94643246,104.38935,98.797473,False,0.92462379,True,False,False,0.74589161,0.94643246,104.38935,98.797473,0.73784969,0.94139209,102.12008,96.135031,0.91039262,1.0523696,21.647808,22.781495,0.61617946,1.0283227,17.272992,17.762211,0.68028595,0.86030948,44.029526,37.879018,0.72599534,0.95764127,50.5639,48.422077,0.74905098,0.97910643,48.923145,47.900966,0.78507557,0.93808652,56.933051,53.408127
experiment_0a_best,file,16,,4604,079.Belted_Kingfisher/Belted_Kingfisher_0111_70375.jpg,79,78,079.Belted_Kingfisher,32,31,rotation,rotation,0,"{""angle"":-12.911794}",2.4479563,1.8800861,-0.56787026,0.08647012,0.15257698,0.16018045,0.099198513,-0.07371033,0.05337847,0.1270888,0.68159093,1.1521283,104.38935,120.26993,False,0.91940707,False,False,True,0.68159093,1.1521283,104.38935,120.26993,0.67339127,1.1596356,102.12008,118.42208,0.91017848,0.97015122,21.647808,21.001648,0.68981533,2.0478525,17.272992,35.372541,0.69860276,1.227575,44.029526,54.049547,0.69469138,1.1310472,50.5639,57.190156,0.63040862,1.1434011,48.923145,55.938778,0.69524459,1.0318831,56.933051,58.748251
experiment_0a_best,file,16,,4604,079.Belted_Kingfisher/Belted_Kingfisher_0111_70375.jpg,79,78,079.Belted_Kingfisher,32,31,random_resized_crop,random_resized_crop,0,"{""area_fraction"":0.566552,""aspect"":1.052221,""fallback"":false,""height"":0.733781,""left"":0.210099,""top"":0.058402,""width"":0.7721}",2.4479563,1.2483925,-1.1995639,0.08647012,0.28696576,0.16018045,0.15014064,-0.07371033,0.13682511,0.21053544,0.67647526,1.1141274,104.38935,116.30304,False,0.92393589,False,False,True,0.67647526,1.1141274,104.38935,116.30304,0.669042,1.1243126,102.12008,114.81489,0.91786499,0.85669639,21.647808,18.545599,0.49553884,1.1894988,17.272992,20.546205,0.66764818,1.1339002,44.029526,49.925086,0.66258388,1.1649181,50.5639,58.9028,0.66464358,1.214017,48.923145,59.393528,0.70525578,1.0045086,56.933051,57.189739
experiment_0a_best,file,16,,4604,079.Belted_Kingfisher/Belted_Kingfisher_0111_70375.jpg,79,78,079.Belted_Kingfisher,32,31,gaussian_blur,gaussian_blur,0,"{""sigma"":1.080834}",2.4479563,0.69240123,-1.7555551,0.08647012,0.50037313,0.16018045,0.11152191,-0.07371033,0.38885121,0.46256154,0.66419691,0.81527499,104.38935,85.10603,False,0.88667047,False,False,True,0.66419691,0.81527499,104.38935,85.10603,0.65657614,0.81994075,102.12008,83.732411,0.86937465,0.70348505,21.647808,15.22891,0.25895078,1.2706929,17.272992,21.948668,0.6820588,0.89710573,44.029526,39.499139,0.69152087,0.83158189,50.5639,42.048023,0.66296423,0.8075916,48.923145,39.509921,0.6844509,0.71133376,56.933051,40.498401
experiment_0a_best,file,16,,4604,079.Belted_Kingfisher/Belted_Kingfisher_0111_70375.jpg,79,78,079.Belted_Kingfisher,32,31,random_erasing,random_erasing,0,"{""area_fraction"":0.122481,""erased"":true,""height"":0.357738,""left"":0.120786,""top"":0.441158,""width"":0.342377}",2.4479563,1.901922,-0.54603434,0.08647012,0.14928144,0.16018045,0.23444392,-0.07371033,-0.085162476,-0.011452146,0.85124603,1.0182045,104.38935,106.28971,False,0.93993646,True,False,False,0.85124603,1.0182045,104.38935,106.28971,0.84801096,1.0200075,102.12008,104.16324,0.92713836,0.97722203,21.647808,21.154715,0.86958953,1.1973552,17.272992,20.681907,0.86809672,0.95482422,44.029526,42.040457,0.86432608,1.067628,50.5639,53.983434,0.8348867,1.0458656,48.923145,51.167035,0.83412702,0.98150201,56.933051,55.879904
experiment_0a_best,file,16,,10665,182.Yellow_Warbler/Yellow_Warbler_0121_176402.jpg,182,181,182.Yellow_Warbler,180,179,identity,identity,0,{},0.087551519,0.087551519,0,0.91617167,0.91617167,0.047205571,0.047205571,0.8689661,0.8689661,0,1,1,13.790951,13.790951,False,1,True,True,True,1,1,13.790951,13.790951,1,1,13.520619,13.520619,1,1,2.717204,2.717204,1,1,4.1626717,4.1626717,1,1,6.4091489,6.4091489,1,1,7.6826227,7.6826227,1,1,6.3294271,6.3294271,1,1,5.0316773,5.0316773
experiment_0a_best,file,16,,10665,182.Yellow_Warbler/Yellow_Warbler_0121_176402.jpg,182,181,182.Yellow_Warbler,180,179,horizontal_flip,horizontal_flip,0,"{""flipped"":true}",0.087551519,0.73694706,0.64939554,0.91617167,0.47857276,0.047205571,0.39376572,0.8689661,0.084807038,-0.78415906,0.53674144,5.8971766,13.790951,81.327676,False,0.95562732,True,True,True,0.53674144,5.8971766,13.790951,81.327676,0.51774821,5.843127,13.520619,79.002694,0.93327679,7.1055121,2.717204,19.307126,0.14008439,4.7637538,4.1626717,19.829943,0.34575618,5.7216504,6.4091489,36.67091,0.55426807,5.4115447,7.6826227,41.574856,0.65086211,6.2757401,6.3294271,39.721839,0.68664474,6.8764068,5.0316773,34.59986
experiment_0a_best,file,16,,10665,182.Yellow_Warbler/Yellow_Warbler_0121_176402.jpg,182,181,182.Yellow_Warbler,180,179,color_jitter,color_jitter,0,"{""brightness"":0.998509,""contrast"":0.995471,""hue"":0.093625,""saturation"":0.839551}",0.087551519,3.4476418,3.3600903,0.91617167,0.031820588,0.047205571,0.4109188,0.8689661,-0.37909821,-1.2480643,0.68574987,8.8993732,13.790951,122.73082,False,0.84043944,False,True,False,0.68574987,8.8993732,13.790951,122.73082,0.68015917,8.8634951,13.520619,119.83994,0.81460228,9.7456781,2.717204,26.480995,0.65518443,6.493095,4.1626717,27.028623,0.73829553,9.3685765,6.4091489,60.044602,0.7037784,8.2792333,7.6826227,63.606226,0.67772914,9.0213797,6.3294271,57.100165,0.59216336,10.364161,5.0316773,52.149114
experiment_0a_best,file,16,,10665,182.Yellow_Warbler/Yellow_Warbler_0121_176402.jpg,182,181,182.Yellow_Warbler,180,179,rotation,rotation,0,"{""angle"":8.216679}",0.087551519,0.39520404,0.30765252,0.91617167,0.67354262,0.047205571,0.12306774,0.8689661,0.55047488,-0.31849122,0.80834851,3.9127577,13.790951,53.960651,False,0.97162491,True,True,True,0.80834851,3.9127577,13.790951,53.960651,0.80315462,3.9184743,13.520619,52.980198,0.94266128,3.7684523,2.717204,10.239653,0.83191088,4.3855186,4.1626717,18.255474,0.82078768,4.0025174,6.4091489,25.65273,0.81374332,3.9516308,7.6826227,30.358889,0.76734554,3.6489803,6.3294271,23.095954,0.78700602,3.7734151,5.0316773,18.986607
experiment_0a_best,file,16,,10665,182.Yellow_Warbler/Yellow_Warbler_0121_176402.jpg,182,181,182.Yellow_Warbler,180,179,random_resized_crop,random_resized_crop,0,"{""area_fraction"":0.520994,""aspect"":1.329838,""fallback"":false,""height"":0.625917,""left"":0.020693,""top"":0.065192,""width"":0.832369}",0.087551519,0.35997459,0.27242307,0.91617167,0.69769406,0.047205571,0.22271019,0.8689661,0.47498387,-0.39398223,0.6494615,3.663672,13.790951,50.525523,False,0.95088279,True,True,True,0.6494615,3.663672,13.790951,50.525523,0.63709466,3.6542204,13.520619,49.407321,0.93829686,3.8903786,2.717204,10.570952,0.36576532,3.1869843,4.1626717,13.266369,0.61063542,3.6305964,6.4091489,23.269033,0.6705461,3.5537644,7.6826227,27.302231,0.68375573,3.7972052,6.3294271,24.034133,0.6917193,3.9777361,5.0316773,20.014684
experiment_0a_best,file,16,,10665,182.Yellow_Warbler/Yellow_Warbler_0121_176402.jpg,182,181,182.Yellow_Warbler,180,179,gaussian_blur,gaussian_blur,0,"{""sigma"":1.365622}",0.087551519,2.7750769,2.6875253,0.91617167,0.062344685,0.047205571,0.79838461,0.8689661,-0.73603992,-1.605006,0.4916607,9.8867754,13.790951,136.34804,False,0.88073421,False,True,False,0.4916607,9.8867754,13.790951,136.34804,0.47626919,9.8591476,13.520619,133.30178,0.8489467,10.547785,2.717204,28.660483,0.44589571,8.3459511,4.1626717,34.741454,0.34418748,8.7177156,6.4091489,55.873137,0.47814797,9.2610055,7.6826227,71.148811,0.54988381,10.548365,6.3294271,66.765108,0.56153235,12.444505,5.0316773,62.616732
experiment_0a_best,file,16,,10665,182.Yellow_Warbler/Yellow_Warbler_0121_176402.jpg,182,181,182.Yellow_Warbler,180,179,random_erasing,random_erasing,0,"{""area_fraction"":0.142267,""erased"":true,""height"":0.221345,""left"":0.321126,""top"":0.266941,""width"":0.64274}",0.087551519,3.6861012,3.5985497,0.91617167,0.025069552,0.047205571,0.079450846,0.8689661,-0.054381294,-0.92334739,0.52331557,14.477322,13.790951,199.65604,False,0.71014881,False,True,False,0.52331557,14.477322,13.790951,199.65604,0.52293055,14.658383,13.520619,198.19041,0.60425209,8.8868526,2.717204,24.147391,0.8720816,17.604756,4.1626717,73.282818,0.62328151,14.909128,6.4091489,95.554822,0.42776718,13.231857,7.6826227,101.65537,0.43680735,14.237359,6.3294271,90.114323,0.42563271,15.804509,5.0316773,79.523189
experiment_0a_best,file,16,,8730,149.Brown_Thrasher/Brown_Thrasher_0052_155254.jpg,149,148,149.Brown_Thrasher,150,149,identity,identity,0,{},0.79629648,0.79629648,0,0.45099616,0.45099616,0.36827025,0.36827025,0.082725912,0.082725912,0,1,1,88.709048,88.709048,False,1,True,True,True,1,1,88.709048,88.709048,1,1,86.639074,86.639074,1,1,19.051667,19.051667,1,1,25.116614,25.116614,1,1,46.862755,46.862755,1,1,39.557717,39.557717,1,1,38.285478,38.285478,1,1,40.605127,40.605127
experiment_0a_best,file,16,,8730,149.Brown_Thrasher/Brown_Thrasher_0052_155254.jpg,149,148,149.Brown_Thrasher,150,149,horizontal_flip,horizontal_flip,0,"{""flipped"":true}",0.79629648,0.7823298,-0.01396668,0.45099616,0.45733926,0.36827025,0.39525059,0.082725912,0.062088668,-0.020637244,0.77202975,1.0024062,88.709048,88.922496,False,0.98076427,True,True,True,0.77202975,1.0024062,88.709048,88.922496,0.76139017,0.99927133,86.639074,86.575943,0.97994682,1.0651698,19.051667,20.29326,0.81538636,0.89421461,25.116614,22.459643,0.81653067,0.92743973,46.862755,43.462381,0.74803267,1.0593071,39.557717,41.90377,0.69102665,1.0452352,38.285478,40.017328,0.76022102,1.0286685,40.605127,41.769216
experiment_0a_best,file,16,,8730,149.Brown_Thrasher/Brown_Thrasher_0052_155254.jpg,149,148,149.Brown_Thrasher,150,149,color_jitter,color_jitter,0,"{""brightness"":0.947663,""contrast"":0.837021,""hue"":-0.025181,""saturation"":0.937766}",0.79629648,0.96391022,0.16761374,0.45099616,0.38139862,0.36827025,0.4463886,0.082725912,-0.064989984,-0.1477159,0.91792987,1.2402341,88.709048,110.01999,False,0.99035484,False,True,False,0.91792987,1.2402341,88.709048,110.01999,0.91528298,1.2470867,86.639074,108.04644,0.9887356,1.0888926,19.051667,20.745219,0.9271154,1.1062417,25.116614,27.785045,0.91900831,1.3421227,46.862755,62.895568,0.8995919,1.253861,39.557717,49.599879,0.90685439,1.1940139,38.285478,45.713393,0.93578713,1.2055649,40.605127,48.952117
experiment_0a_best,file,16,,8730,149.Brown_Thrasher/Brown_Thrasher_0052_155254.jpg,149,148,149.Brown_Thrasher,150,149,rotation,rotation,0,"{""angle"":-2.787799}",0.79629648,0.63426244,-0.16203403,0.45099616,0.53032649,0.36827025,0.34671682,0.082725912,0.18360966,0.10088375,0.88811213,0.9701979,88.709048,86.065332,False,0.98585021,True,True,True,0.88811213,0.9701979,88.709048,86.065332,0.88340927,0.96981098,86.639074,84.023525,0.9845701,0.97816538,19.051667,18.635681,0.74175853,0.82445534,25.116614,20.707526,0.90983323,1.0075175,46.862755,47.215048,0.87818127,1.0253634,39.557717,40.561035,0.88317142,0.96170306,38.285478,36.819261,0.90669828,0.92181462,40.605127,37.430399
experiment_0a_best,file,16,,8730,149.Brown_Thrasher/Brown_Thrasher_0052_155254.jpg,149,148,149.Brown_Thrasher,150,149,random_resized_crop,random_resized_crop,0,"{""area_fraction"":0.880193,""aspect"":0.968382,""fallback"":false,""height"":0.953379,""left"":0.047516,""top"":0.007952,""width"":0.923235}",0.79629648,0.50548023,-0.29081625,0.45099616,0.60321581,0.36827025,0.32153085,0.082725912,0.28168496,0.19895905,0.86784347,0.78672033,88.709048,69.789211,False,0.99004591,True,True,True,0.86784347,0.78672033,88.709048,69.789211,0.86227677,0.78658381,86.639074,68.148893,0.98254058,0.78953837,19.051667,15.042022,0.82819441,0.64523861,25.116614,16.206209,0.8983564,0.7313452,46.862755,34.272851,0.83779488,0.84002704,39.557717,33.229552,0.8369329,0.8224991,38.285478,31.489771,0.88724408,0.82094475,40.605127,33.334565
experiment_0a_best,file,16,,8730,149.Brown_Thrasher/Brown_Thrasher_0052_155254.jpg,149,148,149.Brown_Thrasher,150,149,gaussian_blur,gaussian_blur,0,"{""sigma"":1.445181}",0.79629648,0.073689952,-0.72260652,0.45099616,0.92895967,0.36827025,0.010018164,0.082725912,0.9189415,0.83621559,0.49585657,0.13970176,88.709048,12.39281,False,0.84788632,True,True,True,0.49585657,0.13970176,88.709048,12.39281,0.48516854,0.14044326,86.639074,12.167874,0.75147494,0.12337212,19.051667,2.3504445,0.41975408,0.09913719,25.116614,2.4899905,0.54047103,0.12047961,46.862755,5.6460064,0.42825389,0.17569339,39.557717,6.9500294,0.46346303,0.14774236,38.285478,5.6563869,0.5610329,0.13417339,40.605127,5.4481274
experiment_0a_best,file,16,,8730,149.Brown_Thrasher/Brown_Thrasher_0052_155254.jpg,149,148,149.Brown_Thrasher,150,149,random_erasing,random_erasing,0,"{""area_fraction"":0.089423,""erased"":true,""height"":0.447423,""left"":0.077817,""top"":0.467148,""width"":0.199863}",0.79629648,0.77357566,-0.022720814,0.45099616,0.46136045,0.36827025,0.29525113,0.082725912,0.16610932,0.083383411,0.96882849,0.94037489,88.709048,83.419761,False,0.9953028,True,True,True,0.96882849,0.94037489,88.709048,83.419761,0.96787492,0.94017849,86.639074,81.456194,0.98846954,0.94442727,19.051667,17.992914,0.97624184,0.80143615,25.116614,20.129362,0.98109973,0.92877042,46.862755,43.524741,0.96659185,0.97208328,39.557717,38.453395,0.95919332,0.96016801,38.285478,36.760491,0.96196293,0.95556975,40.605127,38.801031
experiment_0a_best,file,16,,6794,117.Clay_colored_Sparrow/Clay_Colored_Sparrow_0002_110606.jpg,117,116,117.Clay_colored_Sparrow,119,118,identity,identity,0,{},0.32021752,0.32021752,0,0.72599113,0.72599113,0.075389504,0.075389504,0.65060163,0.65060163,0,1,1,52.022022,52.022022,False,1,True,True,True,1,1,52.022022,52.022022,1,1,51.232101,51.232101,1,1,9.0312003,9.0312003,1,1,9.2241003,9.2241003,1,1,23.511631,23.511631,1,1,29.285196,29.285196,1,1,25.558604,25.558604,1,1,21.817021,21.817021
experiment_0a_best,file,16,,6794,117.Clay_colored_Sparrow/Clay_Colored_Sparrow_0002_110606.jpg,117,116,117.Clay_colored_Sparrow,119,118,horizontal_flip,horizontal_flip,0,"{""flipped"":true}",0.32021752,0.023444591,-0.29677293,0.72599113,0.9768281,0.075389504,0.0072870255,0.65060163,0.96954107,0.31893945,0.7163356,0.10390499,52.022022,5.4053475,False,0.9638713,True,True,True,0.7163356,0.10390499,52.022022,5.4053475,0.71049606,0.10439726,51.232101,5.348491,0.95518079,0.086581737,9.0312003,0.78193701,0.42864951,0.11683098,9.2241003,1.0776607,0.73634112,0.11356181,23.511631,2.6700232,0.72925444,0.10742129,29.285196,3.1458536,0.66526089,0.09337055,25.558604,2.3864209,0.76841594,0.099629089,21.817021,2.1736099
experiment_0a_best,file,16,,6794,117.Clay_colored_Sparrow/Clay_Colored_Sparrow_0002_110606.jpg,117,116,117.Clay_colored_Sparrow,119,118,color_jitter,color_jitter,0,"{""brightness"":1.024999,""contrast"":1.148055,""hue"":0.05493,""saturation"":1.285229}",0.32021752,0.2062109,-0.11400662,0.72599113,0.81366146,0.075389504,0.01086468,0.65060163,0.80279678,0.15219515,0.67693895,0.60106985,52.022022,31.268869,False,0.91175491,True,True,True,0.67693895,0.60106985,52.022022,31.268869,0.67124585,0.5969588,51.232101,30.583454,0.84028696,0.72095708,9.0312003,6.5111078,0.58726917,0.52259795,9.2241003,4.8204959,0.6595832,0.55203206,23.511631,12.979174,0.67388835,0.60683534,29.285196,17.771292,0.68682832,0.60068011,25.558604,15.352545,0.67502033,0.63533744,21.817021,13.86117
experiment_0a_best,file,16,,6794,117.Clay_colored_Sparrow/Clay_Colored_Sparrow_0002_110606.jpg,117,116,117.Clay_colored_Sparrow,119,118,rotation,rotation,0,"{""angle"":-10.606434}",0.32021752,0.23823102,-0.081986502,0.72599113,0.78802061,0.075389504,0.065072522,0.65060163,0.72294809,0.072346464,0.7693361,0.79321391,52.022022,41.264591,False,0.95747381,True,True,True,0.7693361,0.79321391,52.022022,41.264591,0.7643307,0.79363206,51.232101,40.659438,0.93342182,0.77963792,9.0312003,7.0410663,0.71643009,0.92372787,9.2241003,8.5205585,0.77950309,0.7741008,23.511631,18.200372,0.73909821,0.76430845,29.285196,22.382923,0.76061501,0.78897727,25.558604,20.165158,0.80783141,0.84728959,21.817021,18.485335
experiment_0a_best,file,16,,6794,117.Clay_colored_Sparrow/Clay_Colored_Sparrow_0002_110606.jpg,117,116,117.Clay_colored_Sparrow,119,118,random_resized_crop,random_resized_crop,0,"{""area_fraction"":0.69397,""aspect"":1.105285,""fallback"":false,""height"":0.79238,""left"":0.033361,""top"":0.134557,""width"":0.875805}",0.32021752,0.064545728,-0.25567179,0.72599113,0.93749326,0.075389504,0.03628587,0.65060163,0.90120739,0.25060577,0.76971826,0.26850559,52.022022,13.968203,False,0.95420599,True,True,True,0.76971826,0.26850559,52.022022,13.968203,0.76557888,0.26882969,51.232101,13.77271,0.90924228,0.25785819,9.0312003,2.3287689,0.77186066,0.2741023,9.2241003,2.5283471,0.79209593,0.26897945,23.511631,6.3241455,0.77063143,0.27353334,29.285196,8.0104776,0.73217691,0.25832452,25.558604,6.6024142,0.76948648,0.27325411,21.817021,5.9615907
experiment_0a_best,file,16,,6794,117.Clay_colored_Sparrow/Clay_Colored_Sparrow_0002_110606.jpg,117,116,117.Clay_colored_Sparrow,119,118,gaussian_blur,gaussian_blur,0,"{""sigma"":1.405211}",0.32021752,0.48591208,0.16569456,0.72599113,0.61513591,0.075389504,0.22774903,0.65060163,0.38738687,-0.26321475,0.67296749,1.802709,52.022022,93.780566,False,0.92112041,True,True,True,0.67296749,1.802709,52.022022,93.780566,0.66794049,1.8101055,51.232101,92.735508,0.87056156,1.5459052,9.0312003,13.96138,0.59453187,2.3758206,9.2241003,21.914807,0.61294254,1.8806886,23.511631,44.218055,0.69739868,1.7986652,29.285196,52.674264,0.67528443,1.7335787,25.558604,44.307853,0.69835627,1.7312429,21.817021,37.770562
experiment_0a_best,file,16,,6794,117.Clay_colored_Sparrow/Clay_Colored_Sparrow_0002_110606.jpg,117,116,117.Clay_colored_Sparrow,119,118,random_erasing,random_erasing,0,"{""area_fraction"":0.153727,""erased"":true,""height"":0.314139,""left"":0.01517,""top"":0.665426,""width"":0.489359}",0.32021752,0.54029787,0.22008035,0.72599113,0.58257473,0.075389504,0.18322092,0.65060163,0.3993538,-0.25124782,0.92317518,1.6755474,52.022022,87.165364,False,0.97891349,True,True,True,0.92317518,1.6755474,52.022022,87.165364,0.92213094,1.6784841,51.232101,85.992265,0.9606212,1.578129,9.0312003,14.252399,0.95149521,1.8073844,9.2241003,16.671495,0.94377482,1.8750547,23.511631,44.085593,0.93634799,1.677811,29.285196,49.135023,0.90582714,1.5925451,25.558604,40.70323,0.8949994,1.5217117,21.817021,33.199217
experiment_0a_best,file,16,,11456,195.Carolina_Wren/Carolina_Wren_0128_186581.jpg,195,194,195.Carolina_Wren,199,198,identity,identity,0,{},0.0058915764,0.0058915764,0,0.99412572,0.99412572,0.0025450184,0.0025450184,0.99158071,0.99158071,0,1,1,1.3538991,1.3538991,False,0.99999994,True,True,True,1,1,1.3538991,1.3538991,1,1,1.3396515,1.3396515,1,1,0.1958991,0.1958991,1,1,0.36128677,0.36128677,1,1,0.7191051,0.7191051,1,1,0.73784464,0.73784464,1,1,0.57548283,0.57548283,1,1,0.52099017,0.52099017
experiment_0a_best,file,16,,11456,195.Carolina_Wren/Carolina_Wren_0128_186581.jpg,195,194,195.Carolina_Wren,199,198,horizontal_flip,horizontal_flip,0,"{""flipped"":true}",0.0058915764,0.018731723,0.012840146,0.99412572,0.98144263,0.0025450184,0.0081344005,0.99158071,0.97330823,-0.018272476,0.7583432,3.1657209,1.3538991,4.2860666,False,0.97574753,True,True,True,0.7583432,3.1657209,1.3538991,4.2860666,0.75415146,3.1710327,1.3396515,4.2480788,0.97503417,2.9064968,0.1958991,0.5693801,0.77672637,3.8833426,0.36128677,1.4030003,0.76532315,3.0811661,0.7191051,2.2156823,0.7455701,3.0774214,0.73784464,2.2706589,0.71041659,3.1476284,0.57548283,1.8114061,0.80024192,3.1722372,0.52099017,1.6527044
experiment_0a_best,file,16,,11456,195.Carolina_Wren/Carolina_Wren_0128_186581.jpg,195,194,195.Carolina_Wren,199,198,color_jitter,color_jitter,0,"{""brightness"":1.065531,""contrast"":1.390322,""hue"":-0.082845,""saturation"":1.261563}",0.0058915764,6.0604019,6.0545103,0.99412572,0.0023334632,0.0025450184,0.0015936127,0.99158071,0.00073985045,-0.99084085,-0.036841849,84.036013,1.3538991,113.77628,False,0.61982512,False,True,False,-0.036841849,84.036013,1.3538991,113.77628,-0.059045032,81.744302,1.3396515,109.50888,0.49395098,157.57204,0.1958991,30.868222,-0.31143135,62.917766,0.36128677,22.731356,-0.13412721,62.646037,0.7191051,45.049085,-0.10460925,68.604973,0.73784464,50.619811,-0.028707344,81.922596,0.57548283,47.145047,0.082278033,131.04241,0.52099017,68.271806
experiment_0a_best,file,16,,11456,195.Carolina_Wren/Carolina_Wren_0128_186581.jpg,195,194,195.Carolina_Wren,199,198,rotation,rotation,0,"{""angle"":-12.625443}",0.0058915764,0.010904131,0.0050125541,0.99412572,0.98915511,0.0025450184,0.00060113607,0.99158071,0.98855398,-0.0030267278,0.71124717,1.7270602,1.3538991,2.3382652,False,0.93671334,True,True,True,0.71124717,1.7270602,1.3538991,2.3382652,0.70808614,1.7273768,1.3396515,2.314083,0.8604106,1.7121871,0.1958991,0.33541592,0.64780487,1.9225306,0.36128677,0.69458488,0.73239228,1.6908053,0.7191051,1.2158667,0.74567787,1.6415865,0.73784464,1.2112358,0.64523508,1.7056567,0.57548283,0.98157616,0.70645294,1.8841806,0.52099017,0.98163956
experiment_0a_best,file,16,,11456,195.Carolina_Wren/Carolina_Wren_0128_186581.jpg,195,194,195.Carolina_Wren,199,198,random_resized_crop,random_resized_crop,0,"{""area_fraction"":0.822587,""aspect"":1.028865,""fallback"":false,""height"":0.894153,""left"":0.019459,""top"":0.092701,""width"":0.919962}",0.0058915764,0.0012965138,-0.0045950626,0.99412572,0.99870431,0.0025450184,5.5413184e-05,0.99158071,0.9986489,0.0070681957,0.72767778,0.22200511,1.3538991,0.30057251,False,0.96341783,True,True,True,0.72767778,0.22200511,1.3538991,0.30057251,0.72428085,0.22202199,1.3396515,0.29743211,0.8871192,0.22121417,0.1958991,0.043335657,0.62017103,0.23704111,0.36128677,0.085639815,0.69777172,0.21349899,0.7191051,0.15352821,0.76828855,0.21746274,0.73784464,0.16045372,0.71678494,0.22557258,0.57548283,0.12981314,0.75102814,0.23479733,0.52099017,0.1223271
experiment_0a_best,file,16,,11456,195.Carolina_Wren/Carolina_Wren_0128_186581.jpg,195,194,195.Carolina_Wren,199,198,gaussian_blur,gaussian_blur,0,"{""sigma"":1.767032}",0.0058915764,1.442771,1.4368794,0.99412572,0.23627217,0.0025450184,0.00032358678,0.99158071,0.23594858,-0.75563212,0.38976577,104.30863,1.3538991,141.22335,False,0.7201463,False,True,False,0.38976577,104.30863,1.3538991,141.22335,0.38428923,103.64148,1.3396515,138.84347,0.60217687,131.78805,0.1958991,25.81716,0.23725007,119.54472,0.36128677,43.189925,0.34457852,92.523665,0.7191051,66.53424,0.43054406,96.42325,0.73784464,71.145378,0.3949455,107.39746,0.57548283,61.805394,0.43870021,122.95936,0.52099017,64.06062
experiment_0a_best,file,16,,11456,195.Carolina_Wren/Carolina_Wren_0128_186581.jpg,195,194,195.Carolina_Wren,199,198,random_erasing,random_erasing,0,"{""area_fraction"":0.150062,""erased"":true,""height"":0.233917,""left"":0.231985,""top"":0.432723,""width"":0.641516}",0.0058915764,0.79002374,0.78413217,0.99412572,0.45383403,0.0025450184,0.016901474,0.99158071,0.43693255,-0.55464815,0.58305721,71.487354,1.3538991,96.786662,False,0.78343952,True,True,True,0.58305721,71.487354,1.3538991,96.786662,0.5801268,71.490881,1.3396515,95.772869,0.72042298,71.322188,0.1958991,13.971953,0.67086775,57.306522,0.36128677,20.704088,0.68774713,62.653549,0.7191051,45.054487,0.61848312,70.103491,0.73784464,51.725485,0.43712961,75.510702,0.57548283,43.455112,0.52137064,89.000015,0.52099017,46.368133
experiment_0a_best,file,16,,10255,175.Pine_Warbler/Pine_Warbler_0032_172080.jpg,175,174,175.Pine_Warbler,157,156,identity,identity,0,{},0.0049174321,0.0049174321,0,0.99509466,0.99509466,0.0018387599,0.0018387599,0.9932559,0.9932559,0,1,1,0.71150652,0.71150652,False,0.99999994,True,True,True,1,1,0.71150652,0.71150652,1,1,0.69185292,0.69185292,1,1,0.16607547,0.16607547,1,1,0.11751638,0.11751638,1,1,0.30296299,0.30296299,1,1,0.36781065,0.36781065,1,1,0.3403492,0.3403492,1,1,0.34920129,0.34920129
experiment_0a_best,file,16,,10255,175.Pine_Warbler/Pine_Warbler_0032_172080.jpg,175,174,175.Pine_Warbler,157,156,horizontal_flip,horizontal_flip,0,"{""flipped"":true}",0.0049174321,0.0019971442,-0.0029202879,0.99509466,0.99800485,0.0018387599,0.00065764436,0.9932559,0.99734721,0.0040913123,0.58436243,0.389578,0.71150652,0.27718729,False,0.95226461,True,True,True,0.58436243,0.389578,0.71150652,0.27718729,0.56209032,0.38756599,0.69185292,0.26813866,0.94063281,0.42297432,0.16607547,0.070245659,0.51068163,0.47980236,0.11751638,0.056384635,0.49368458,0.37828352,0.30296299,0.11460591,0.46198515,0.40357053,0.36781065,0.14843754,0.57835888,0.36117111,0.3403492,0.1229243,0.72394827,0.38887557,0.34920129,0.13579585
experiment_0a_best,file,16,,10255,175.Pine_Warbler/Pine_Warbler_0032_172080.jpg,175,174,175.Pine_Warbler,157,156,color_jitter,color_jitter,0,"{""brightness"":0.846744,""contrast"":0.714196,""hue"":0.070807,""saturation"":0.696061}",0.0049174321,3.7208884,3.7159709,0.99509466,0.02421245,0.0018387599,0.0042246836,0.9932559,0.019987766,-0.97326813,0.27566604,423.33131,0.71150652,301.20299,False,0.76131183,False,True,False,0.27566604,423.33131,0.71150652,301.20299,0.26914447,431.92102,0.69185292,298.82582,0.5474186,227.41055,0.16607547,37.767314,0.18109124,512.79539,0.11751638,60.261856,0.14109341,556.81718,0.30296299,168.695,0.33727402,453.91363,0.36781065,166.95427,0.32578445,382.38167,0.3403492,130.14329,0.30887196,318.83902,0.34920129,111.339
experiment_0a_best,file,16,,10255,175.Pine_Warbler/Pine_Warbler_0032_172080.jpg,175,174,175.Pine_Warbler,157,156,rotation,rotation,0,"{""angle"":-11.100921}",0.0049174321,0.0047577508,-0.00015968131,0.99509466,0.99525356,0.0018387599,0.0031491194,0.9932559,0.99210444,-0.0011514536,0.73770298,1.1128351,0.71150652,0.79178944,False,0.9575296,True,True,True,0.73770298,1.1128351,0.71150652,0.79178944,0.72685791,1.1133691,0.69185292,0.77028766,0.92762174,1.103527,0.16607547,0.18326877,0.72250557,1.4047992,0.11751638,0.16508691,0.73830264,1.1038915,0.30296299,0.33443827,0.76292558,1.1236382,0.36781065,0.41328608,0.67828505,1.1393698,0.3403492,0.38778361,0.73044526,1.0445907,0.34920129,0.36477241
experiment_0a_best,file,16,,10255,175.Pine_Warbler/Pine_Warbler_0032_172080.jpg,175,174,175.Pine_Warbler,157,156,random_resized_crop,random_resized_crop,0,"{""area_fraction"":0.579163,""aspect"":1.113368,""fallback"":false,""height"":0.721242,""left"":0.104927,""top"":0.237509,""width"":0.803008}",0.0049174321,0.024853306,0.019935874,0.99509466,0.97545302,0.0018387599,0.013516192,0.9932559,0.96193683,-0.03131907,0.67319319,5.9033627,0.71150652,4.200281,False,0.93538326,True,True,True,0.67319319,5.9033627,0.71150652,4.200281,0.66220678,5.9546159,0.69185292,4.1197184,0.91498953,4.9297286,0.16607547,0.818707,0.56304418,7.8184713,0.11751638,0.91879841,0.68527763,6.6830056,0.30296299,2.0247034,0.68812332,6.2434062,0.36781065,2.2963913,0.61046394,5.525111,0.3403492,1.8804671,0.69332525,5.137805,0.34920129,1.7941282
experiment_0a_best,file,16,,10255,175.Pine_Warbler/Pine_Warbler_0032_172080.jpg,175,174,175.Pine_Warbler,157,156,gaussian_blur,gaussian_blur,0,"{""sigma"":1.828317}",0.0049174321,0.41528174,0.41036431,0.99509466,0.66015428,0.0018387599,0.13323671,0.9932559,0.52691758,-0.46633832,0.47722102,97.983523,0.71150652,69.715916,False,0.85837215,True,True,True,0.47722102,97.983523,0.71150652,69.715916,0.46574547,99.631194,0.69185292,68.930133,0.84258492,62.849165,0.16607547,10.437705,0.33062128,146.28693,0.11751638,17.191109,0.32871145,114.62999,0.30296299,34.728644,0.50325241,108.68038,0.36781065,39.9738,0.47760685,92.435898,0.3403492,31.460484,0.62006803,73.685246,0.34920129,25.730983
experiment_0a_best,file,16,,10255,175.Pine_Warbler/Pine_Warbler_0032_172080.jpg,175,174,175.Pine_Warbler,157,156,random_erasing,random_erasing,0,"{""area_fraction"":0.174928,""erased"":true,""height"":0.275955,""left"":0.092622,""top"":0.656271,""width"":0.633902}",0.0049174321,0.0018593657,-0.0030580664,0.99509466,0.99814236,0.0018387599,0.00054813595,0.9932559,0.99759423,0.0043383286,0.89566466,0.37534413,0.71150652,0.2670598,False,0.97949123,True,True,True,0.89566466,0.37534413,0.71150652,0.2670598,0.8910999,0.37479273,0.69185292,0.25930144,0.97311985,0.38478776,0.16607547,0.063903807,0.84429484,0.35851223,0.11751638,0.042131057,0.90826845,0.36554678,0.30296299,0.11074714,0.90105303,0.37170467,0.36781065,0.13671694,0.87233366,0.36204206,0.3403492,0.12322072,0.89230151,0.39806579,0.34920129,0.13900509
experiment_0a_best,file,16,,10426,177.Prothonotary_Warbler/Prothonotary_Warbler_0045_173536.jpg,177,176,177.Prothonotary_Warbler,180,179,identity,identity,0,{},0.014224799,0.014224799,0,0.9858759,0.9858759,0.0099564474,0.0099564474,0.97591946,0.97591946,0,1,1,2.9014014,2.9014014,False,1,True,True,True,1,1,2.9014014,2.9014014,1,1,2.8591711,2.8591711,1,1,0.49322463,0.49322463,1,1,0.8300222,0.8300222,1,1,1.1099579,1.1099579,1,1,1.4847091,1.4847091,1,1,1.4223929,1.4223929,1,1,1.4235003,1.4235003
experiment_0a_best,file,16,,10426,177.Prothonotary_Warbler/Prothonotary_Warbler_0045_173536.jpg,177,176,177.Prothonotary_Warbler,180,179,horizontal_flip,horizontal_flip,0,"{""flipped"":true}",0.014224799,0.01713906,0.0029142611,0.9858759,0.98300695,0.0099564474,0.0041903565,0.97591946,0.9788166,0.0028971406,0.59760584,1.04679,2.9014014,3.0371578,False,0.96469915,True,True,True,0.59760584,1.04679,2.9014014,3.0371578,0.58980887,1.0486044,2.8591711,2.9981394,0.87803394,0.98387338,0.49322463,0.48527058,0.62713031,1.1572939,0.8300222,0.96057963,0.53589305,1.2051282,1.1099579,1.3376416,0.53009427,0.99186767,1.4847091,1.472635,0.54285427,0.99943899,1.4223929,1.4215949,0.7311098,1.0149164,1.4235003,1.4447339
experiment_0a_best,file,16,,10426,177.Prothonotary_Warbler/Prothonotary_Warbler_0045_173536.jpg,177,176,177.Prothonotary_Warbler,180,179,color_jitter,color_jitter,0,"{""brightness"":1.245903,""contrast"":0.876054,""hue"":-0.072632,""saturation"":1.250753}",0.014224799,2.0880914,2.0738666,0.9858759,0.12392342,0.0099564474,0.017209742,0.97591946,0.10671368,-0.86920578,0.4318761,77.053592,2.9014014,223.5634,False,0.82101673,False,True,False,0.4318761,77.053592,2.9014014,223.5634,0.42894095,77.465724,2.8591711,221.48776,0.56695777,61.622019,0.49322463,30.393497,0.48271247,68.654741,0.8300222,56.98496,0.25733872,81.231457,1.1099579,90.163498,0.37352943,77.696129,1.4847091,115.35615,0.46058112,80.299814,1.4223929,114.21788,0.55608612,74.766317,1.4235003,106.42988
experiment_0a_best,file,16,,10426,177.Prothonotary_Warbler/Prothonotary_Warbler_0045_173536.jpg,177,176,177.Prothonotary_Warbler,180,179,rotation,rotation,0,"{""angle"":3.480026}",0.014224799,0.0086789317,-0.0055458676,0.9858759,0.99135864,0.0099564474,0.0020905558,0.97591946,0.98926808,0.013348625,0.60977437,0.52480333,2.9014014,1.5226651,False,0.978935,True,True,True,0.60977437,0.52480333,2.9014014,1.5226651,0.60212629,0.52406537,2.8591711,1.4983926,0.85573642,0.54902543,0.49322463,0.27079286,0.67099448,0.66767158,0.8300222,0.55418223,0.51718701,0.64379829,1.1099579,0.714589,0.51776754,0.45323286,1.4847091,0.67291895,0.57667802,0.4664407,1.4223929,0.66346193,0.76802448,0.51355277,1.4235003,0.73104255
experiment_0a_best,file,16,,10426,177.Prothonotary_Warbler/Prothonotary_Warbler_0045_173536.jpg,177,176,177.Prothonotary_Warbler,180,179,random_resized_crop,random_resized_crop,0,"{""area_fraction"":0.628804,""aspect"":1.244191,""fallback"":false,""height"":0.710909,""left"":0.049089,""top"":0.172166,""width"":0.884507}",0.014224799,0.015722599,0.0014977995,0.9858759,0.98440033,0.0099564474,0.0061572241,0.97591946,0.97824311,0.0023236508,0.66588719,1.0775379,2.9014014,3.1263701,False,0.9677949,True,True,True,0.66588719,1.0775379,2.9014014,3.1263701,0.65942844,1.0808031,2.8591711,3.0902008,0.91433562,0.96139161,0.49322463,0.47418202,0.56923792,1.2074892,0.8300222,1.0022428,0.55340342,1.2764309,1.1099579,1.4167846,0.67020378,1.0416194,1.4847091,1.5465018,0.65578475,0.98549149,1.4223929,1.4017561,0.77827326,1.0374536,1.4235003,1.4768156
experiment_0a_best,file,16,,10426,177.Prothonotary_Warbler/Prothonotary_Warbler_0045_173536.jpg,177,176,177.Prothonotary_Warbler,180,179,gaussian_blur,gaussian_blur,0,"{""sigma"":1.726642}",0.014224799,0.41118476,0.39695996,0.9858759,0.66286445,0.0099564474,0.012817357,0.97591946,0.65004709,-0.32587237,0.1464889,27.140051,2.9014014,78.744181,False,0.87346327,True,True,True,0.1464889,27.140051,2.9014014,78.744181,0.13474889,27.257823,2.8591711,77.934779,0.61972326,22.831946,0.49322463,11.261278,0.30177308,25.820997,0.8300222,21.432001,0.12884498,33.8375,1.1099579,37.558201,-0.0053101662,30.479942,1.4847091,45.253847,0.063831268,24.705233,1.4223929,35.140547,0.38082233,21.320559,1.4235003,30.349823
experiment_0a_best,file,16,,10426,177.Prothonotary_Warbler/Prothonotary_Warbler_0045_173536.jpg,177,176,177.Prothonotary_Warbler,180,179,random_erasing,random_erasing,0,"{""area_fraction"":0.168951,""erased"":true,""height"":0.311737,""left"":0.022278,""top"":0.233723,""width"":0.541968}",0.014224799,6.6956377,6.6814129,0.9858759,0.0012362932,0.0099564474,0.0061665107,0.97591946,-0.0049302175,-0.98084967,0.12178727,51.170876,2.9014014,148.46725,False,0.64324808,False,True,False,0.12178727,51.170876,2.9014014,148.46725,0.10888468,50.833774,2.8591711,145.34246,0.48267519,61.432584,0.49322463,30.300063,-0.22198959,39.547502,0.8300222,32.825305,-0.059464817,56.870975,1.1099579,63.124388,0.059171481,47.373703,1.4847091,70.336169,0.19541814,48.885223,1.4223929,69.533993,0.26554585,55.670522,1.4235003,79.247007
experiment_0a_best,file,16,,7265,124.Le_Conte_Sparrow/Le_Conte_Sparrow_0067_117146.jpg,124,123,124.Le_Conte_Sparrow,126,125,identity,identity,0,{},0.087416738,0.087416738,0,0.91629517,0.91629517,0.048362482,0.048362482,0.86793269,0.86793269,0,1,1,13.047828,13.047828,False,1,True,True,True,1,1,13.047828,13.047828,1,1,12.765777,12.765777,1,1,2.6982903,2.6982903,1,1,2.2677762,2.2677762,1,1,5.8928437,5.8928437,1,1,7.2416288,7.2416288,1,1,6.1865967,6.1865967,1,1,5.6904718,5.6904718
experiment_0a_best,file,16,,7265,124.Le_Conte_Sparrow/Le_Conte_Sparrow_0067_117146.jpg,124,123,124.Le_Conte_Sparrow,126,125,horizontal_flip,horizontal_flip,0,"{""flipped"":true}",0.087416738,0.033398729,-0.054018009,0.91629517,0.96715283,0.048362482,0.019259818,0.86793269,0.94789302,0.079960328,0.67360651,0.34580122,13.047828,4.5119549,False,0.97070527,True,True,True,0.67360651,0.34580122,13.047828,4.5119549,0.65787242,0.341288,12.765777,4.3568063,0.96882466,0.43472709,2.6982903,1.1730199,0.66341395,0.38716466,2.2677762,0.87800279,0.53997391,0.3332894,5.8928437,1.9640224,0.64415736,0.31348004,7.2416288,2.2701061,0.67647624,0.33938699,6.1865967,2.0996505,0.7741053,0.38467225,5.6904718,2.1889666
experiment_0a_best,file,16,,7265,124.Le_Conte_Sparrow/Le_Conte_Sparrow_0067_117146.jpg,124,123,124.Le_Conte_Sparrow,126,125,color_jitter,color_jitter,0,"{""brightness"":1.265562,""contrast"":0.924737,""hue"":-0.017519,""saturation"":1.234563}",0.087416738,0.06329605,-0.024120688,0.91629517,0.93866557,0.048362482,0.037363712,0.86793269,0.90130186,0.033369169,0.88755389,0.63282325,13.047828,8.2569691,False,0.9875803,True,True,True,0.88755389,0.63282325,13.047828,8.2569691,0.88286328,0.62903066,12.765777,8.0300649,0.98680819,0.7124488,2.6982903,1.9223937,0.8032535,0.61122957,2.2677762,1.3861319,0.83570489,0.56987441,5.8928437,3.3581808,0.90138897,0.59968786,7.2416288,4.3427169,0.88454943,0.6483947,6.1865967,4.0113565,0.91925647,0.71020728,5.6904718,4.0414145
experiment_0a_best,file,16,,7265,124.Le_Conte_Sparrow/Le_Conte_Sparrow_0067_117146.jpg,124,123,124.Le_Conte_Sparrow,126,125,rotation,rotation,0,"{""angle"":4.934949}",0.087416738,0.093822666,0.0064059272,0.91629517,0.9104442,0.048362482,0.080890909,0.86793269,0.82955329,-0.038379397,0.72376492,1.3883123,13.047828,18.114461,False,0.97604835,True,True,True,0.72376492,1.3883123,13.047828,18.114461,0.71486744,1.391176,12.765777,17.759442,0.93413098,1.3225941,2.6982903,3.5687429,0.69134861,1.5521568,2.2677762,3.5199442,0.6003057,1.3143609,5.8928437,7.7453235,0.72072692,1.5893822,7.2416288,11.509716,0.7576643,1.2714753,6.1865967,7.8661051,0.8113376,1.2259591,5.6904718,6.9762855
experiment_0a_best,file,16,,7265,124.Le_Conte_Sparrow/Le_Conte_Sparrow_0067_117146.jpg,124,123,124.Le_Conte_Sparrow,126,125,random_resized_crop,random_resized_crop,0,"{""area_fraction"":0.795922,""aspect"":1.183201,""fallback"":false,""height"":0.820174,""left"":0.012967,""top"":0.090368,""width"":0.970431}",0.087416738,0.013825603,-0.073591135,0.91629517,0.98626953,0.048362482,0.011206538,0.86793269,0.975063,0.10713031,0.65419157,0.18357368,13.047828,2.3952378,False,0.97100711,True,True,True,0.65419157,0.18357368,13.047828,2.3952378,0.64061603,0.18317688,12.765777,2.3383952,0.94445425,0.19224085,2.6982903,0.51872162,0.64278482,0.19506993,2.2677762,0.44237493,0.46321593,0.18028842,5.8928437,1.0624115,0.65016065,0.20126861,7.2416288,1.4575126,0.66861955,0.1645066,6.1865967,1.017736,0.79849813,0.17428086,5.6904718,0.9917403
experiment_0a_best,file,16,,7265,124.Le_Conte_Sparrow/Le_Conte_Sparrow_0067_117146.jpg,124,123,124.Le_Conte_Sparrow,126,125,gaussian_blur,gaussian_blur,0,"{""sigma"":1.133593}",0.087416738,0.4592438,0.37182707,0.91629517,0.63176119,0.048362482,0.2845881,0.86793269,0.34717309,-0.52075959,0.65018161,4.8473349,13.047828,63.247193,False,0.93094569,True,True,True,0.65018161,4.8473349,13.047828,63.247193,0.63942848,4.8570945,12.765777,62.004583,0.90378641,4.6234993,2.6982903,12.475543,0.59981811,5.2975751,2.2677762,12.013715,0.51790284,4.858322,5.8928437,28.629332,0.69570737,5.2397027,7.2416288,37.943982,0.63091742,4.394042,6.1865967,27.184166,0.69744543,4.6556659,5.6904718,26.492935
experiment_0a_best,file,16,,7265,124.Le_Conte_Sparrow/Le_Conte_Sparrow_0067_117146.jpg,124,123,124.Le_Conte_Sparrow,126,125,random_erasing,random_erasing,0,"{""area_fraction"":0.114682,""erased"":true,""height"":0.412966,""left"":0.009668,""top"":0.333016,""width"":0.277702}",0.087416738,0.072265372,-0.015151367,0.91629517,0.93028402,0.048362482,0.045734689,0.86793269,0.88454933,0.016616646,0.95474508,0.89006187,13.047828,11.613374,False,0.9938795,True,True,True,0.95474508,0.89006187,13.047828,11.613374,0.95332117,0.89157906,12.765777,11.381699,0.98875018,0.85539882,2.6982903,2.3081143,0.97025815,0.93223584,2.2677762,2.1141022,0.95212691,0.88788811,5.8928437,5.2321859,0.95398482,0.93957591,7.2416288,6.80406,0.95460025,0.85518881,6.1865967,5.2907083,0.9535777,0.8502804,5.6904718,4.8384967
experiment_0a_best,file,16,,10209,174.Palm_Warbler/Palm_Warbler_0095_170610.jpg,174,173,174.Palm_Warbler,184,183,identity,identity,0,{},0.23350175,0.23350175,0,0.79175621,0.79175621,0.047309197,0.047309197,0.74444702,0.74444702,0,1,1,42.286825,42.286825,False,0.99999988,True,True,True,1,1,42.286825,42.286825,1,1,41.832533,41.832533,1,1,6.1818047,6.1818047,1,1,11.816659,11.816659,1,1,21.274954,21.274954,1,1,23.802171,23.802171,1,1,18.149644,18.149644,1,1,16.178714,16.178714
experiment_0a_best,file,16,,10209,174.Palm_Warbler/Palm_Warbler_0095_170610.jpg,174,173,174.Palm_Warbler,184,183,horizontal_flip,horizontal_flip,0,"{""flipped"":true}",0.23350175,0.67236882,0.43886708,0.79175621,0.51049787,0.047309197,0.014219043,0.74444702,0.49627883,-0.24816819,0.57291758,2.6258955,42.286825,111.04078,False,0.93006349,True,True,True,0.57291758,2.6258955,42.286825,111.04078,0.56761903,2.6227919,41.832533,109.71803,0.80390661,2.7642872,6.1818047,17.088284,0.45751853,2.3201979,11.816659,27.416988,0.54042343,2.4763152,21.274954,52.683493,0.5961844,2.6572452,23.802171,63.248205,0.5717905,2.7872913,18.149644,50.588343,0.59996624,2.7303399,16.178714,44.173389
experiment_0a_best,file,16,,10209,174.Palm_Warbler/Palm_Warbler_0095_170610.jpg,174,173,174.Palm_Warbler,184,183,color_jitter,color_jitter,0,"{""brightness"":1.126635,""contrast"":0.970923,""hue"":-0.008472,""saturation"":0.877487}",0.23350175,0.3199434,0.086441651,0.79175621,0.72619015,0.047309197,0.087994859,0.74444702,0.63819529,-0.10625172,0.91805036,1.2652607,42.286825,53.503858,False,0.98591596,True,True,True,0.91805036,1.2652607,42.286825,53.503858,0.91668446,1.2614606,41.832533,52.770092,0.98021987,1.4284892,6.1818047,8.8306411,0.87186691,1.3266558,11.816659,15.676639,0.90898339,1.2160436,21.274954,25.871272,0.93015708,1.2341334,23.802171,29.375053,0.92195253,1.2744203,18.149644,23.130273,0.92312073,1.3424209,16.178714,21.718644
experiment_0a_best,file,16,,10209,174.Palm_Warbler/Palm_Warbler_0095_170610.jpg,174,173,174.Palm_Warbler,184,183,rotation,rotation,0,"{""angle"":-12.788114}",0.23350175,0.26565567,0.032153919,0.79175621,0.76670307,0.047309197,0.063271545,0.74444702,0.70343152,-0.041015491,0.75934611,0.95104067,42.286825,40.21649,False,0.92776418,True,True,True,0.75934611,0.95104067,42.286825,40.21649,0.75537341,0.94795299,41.832533,39.655275,0.9251596,1.0830441,6.1818047,6.6951673,0.77289745,0.77743825,11.816659,9.186723,0.77962768,0.83396878,21.274954,17.742648,0.77255551,0.97816546,23.802171,23.282462,0.72336048,1.0283418,18.149644,18.664038,0.74124964,1.039659,16.178714,16.820346
experiment_0a_best,file,16,,10209,174.Palm_Warbler/Palm_Warbler_0095_170610.jpg,174,173,174.Palm_Warbler,184,183,random_resized_crop,random_resized_crop,0,"{""area_fraction"":0.886271,""aspect"":0.981018,""fallback"":false,""height"":0.950484,""left"":0.029189,""top"":0.037288,""width"":0.932442}",0.23350175,0.23937361,0.0058718622,0.79175621,0.78712076,0.047309197,0.029883072,0.74444702,0.75723769,0.012790672,0.80686532,1.0373607,42.286825,43.866692,False,0.9420833,True,True,True,0.80686532,1.0373607,42.286825,43.866692,0.80418556,1.0372723,41.832533,43.391728,0.92909871,1.0414025,6.1818047,6.437747,0.8255298,0.99045989,11.816659,11.703927,0.78430157,1.0130918,21.274954,21.553481,0.81337107,1.0514773,23.802171,25.027443,0.79941525,1.0903994,18.149644,19.79036,0.81619704,1.0029099,16.178714,16.225792
experiment_0a_best,file,16,,10209,174.Palm_Warbler/Palm_Warbler_0095_170610.jpg,174,173,174.Palm_Warbler,184,183,gaussian_blur,gaussian_blur,0,"{""sigma"":1.549081}",0.23350175,2.8803473,2.6468455,0.79175621,0.056115281,0.047309197,0.022764903,0.74444702,0.033350378,-0.71109664,0.46709823,3.2247842,42.286825,136.36588,False,0.80229151,False,True,False,0.46709823,3.2247842,42.286825,136.36588,0.45905766,3.2072729,41.832533,134.16835,0.776264,3.9442403,6.1818047,24.382524,0.49926625,2.8297049,11.816659,33.437659,0.37520698,3.0142302,21.274954,64.12761,0.48644626,3.244727,23.802171,77.231548,0.45560316,3.3325732,18.149644,60.485017,0.52106747,3.4677172,16.178714,56.103204
experiment_0a_best,file,16,,10209,174.Palm_Warbler/Palm_Warbler_0095_170610.jpg,174,173,174.Palm_Warbler,184,183,random_erasing,random_erasing,0,"{""area_fraction"":0.07086,""erased"":true,""height"":0.241028,""left"":0.017435,""top"":0.45736,""width"":0.29399}",0.23350175,0.5229938,0.28949206,0.79175621,0.59274334,0.047309197,0.019747674,0.74444702,0.57299566,-0.17145135,0.73875561,1.8295454,42.286825,77.365666,False,0.95957422,True,True,True,0.73875561,1.8295454,42.286825,77.365666,0.73457191,1.8287717,41.832533,76.502154,0.92679147,1.8646298,6.1818047,11.526777,0.83298344,1.9404988,11.816659,22.930214,0.72505633,1.8561308,21.274954,39.489098,0.70174706,1.793725,23.802171,42.69455,0.7107566,1.7925873,18.149644,32.534821,0.79562012,1.8398685,16.178714,29.766707
experiment_0a_best,file,16,,7740,132.White_crowned_Sparrow/White_Crowned_Sparrow_0057_127927.jpg,132,131,132.White_crowned_Sparrow,133,132,identity,identity,0,{},0.017815918,0.017815918,0,0.98234183,0.98234183,0.0094422428,0.0094422428,0.97289958,0.97289958,0,1,1,2.6938192,2.6938192,False,0.99999988,True,True,True,1,1,2.6938192,2.6938192,1,1,2.6270674,2.6270674,1,1,0.59596893,0.59596893,1,1,0.4883145,0.4883145,1,1,1.1196974,1.1196974,1,1,1.3328729,1.3328729,1,1,1.3443872,1.3443872,1,1,1.3510672,1.3510672
experiment_0a_best,file,16,,7740,132.White_crowned_Sparrow/White_Crowned_Sparrow_0057_127927.jpg,132,131,132.White_crowned_Sparrow,133,132,horizontal_flip,horizontal_flip,0,"{""flipped"":true}",0.017815918,0.011632943,-0.0061829751,0.98234183,0.98843443,0.0094422428,0.0067371889,0.97289958,0.98169725,0.0087976619,0.65639874,0.72401016,2.6938192,1.9503525,False,0.96296418,True,True,True,0.65639874,0.72401016,2.6938192,1.9503525,0.64194737,0.72632239,2.6270674,1.9080978,0.95894715,0.67751671,0.59596893,0.40377891,0.62934301,0.54131757,0.4883145,0.26433322,0.57566867,0.71245799,1.1196974,0.79773733,0.66269816,0.79734267,1.3328729,1.0627565,0.59602398,0.72170016,1.3443872,0.97024442,0.72176051,0.68788892,1.3510672,0.92938418
experiment_0a_best,file,16,,7740,132.White_crowned_Sparrow/White_Crowned_Sparrow_0057_127927.jpg,132,131,132.White_crowned_Sparrow,133,132,color_jitter,color_jitter,0,"{""brightness"":1.053063,""contrast"":1.049389,""hue"":0.064114,""saturation"":1.298848}",0.017815918,0.21956776,0.20175184,0.98234183,0.80286574,0.0094422428,0.032889366,0.97289958,0.76997638,-0.20292321,0.69049203,11.89638,2.6938192,32.046697,False,0.92278326,True,True,True,0.69049203,11.89638,2.6938192,32.046697,0.68568577,12.049895,2.6270674,31.655885,0.86954626,8.3721828,0.59596893,4.9895608,0.54432402,11.214357,0.4883145,5.4761334,0.59278544,10.526449,1.1196974,11.786437,0.68701226,12.907073,1.3328729,17.203488,0.70671642,12.618976,1.3443872,16.96479,0.74389484,11.689371,1.3510672,15.793126
experiment_0a_best,file,16,,7740,132.White_crowned_Sparrow/White_Crowned_Sparrow_0057_127927.jpg,132,131,132.White_crowned_Sparrow,133,132,rotation,rotation,0,"{""angle"":-11.232876}",0.017815918,0.011536317,-0.0062796008,0.98234183,0.98852998,0.0094422428,0.0059524626,0.97289958,0.98257752,0.0096779345,0.72240935,0.65230348,2.6938192,1.7571877,False,0.96544957,True,True,True,0.72240935,0.65230348,2.6938192,1.7571877,0.71088976,0.65426255,2.6270674,1.7187918,0.9627785,0.61299535,0.59596893,0.36532618,0.62013752,0.63036912,0.4883145,0.30781838,0.69291125,0.60268347,1.1196974,0.67482309,0.6979331,0.69113529,1.3328729,0.92119553,0.70016891,0.65454354,1.3443872,0.87995993,0.76031112,0.65418041,1.3510672,0.88384173
experiment_0a_best,file,16,,7740,132.White_crowned_Sparrow/White_Crowned_Sparrow_0057_127927.jpg,132,131,132.White_crowned_Sparrow,133,132,random_resized_crop,random_resized_crop,0,"{""area_fraction"":0.890556,""aspect"":1.069239,""fallback"":false,""height"":0.912627,""left"":0.020383,""top"":0.023591,""width"":0.975816}",0.017815918,0.026405061,0.0085891429,0.98234183,0.97394049,0.0094422428,0.012788057,0.97289958,0.96115243,-0.011747149,0.78169874,1.5257379,2.6938192,4.110062,False,0.98345768,True,True,True,0.78169874,1.5257379,2.6938192,4.110062,0.77207936,1.5300543,2.6270674,4.0195557,0.98179328,1.4392984,0.59596893,0.8577771,0.67472126,1.5155193,0.4883145,0.74005004,0.72260631,1.6629851,1.1196974,1.86204,0.7230053,1.58879,1.3328729,2.1176552,0.78196242,1.4451424,1.3443872,1.9428309,0.87117714,1.4584833,1.3510672,1.970509
experiment_0a_best,file,16,,7740,132.White_crowned_Sparrow/White_Crowned_Sparrow_0057_127927.jpg,132,131,132.White_crowned_Sparrow,133,132,gaussian_blur,gaussian_blur,0,"{""sigma"":1.222784}",0.017815918,0.072155349,0.054339431,0.98234183,0.93038636,0.0094422428,0.011302173,0.97289958,0.91908419,-0.053815392,0.59289978,4.4650794,2.6938192,12.028117,False,0.94089967,True,True,True,0.59289978,4.4650794,2.6938192,12.028117,0.58377027,4.5230622,2.6270674,11.882389,0.8881195,3.132143,0.59596893,1.8666599,0.56467492,7.2708454,0.4883145,3.5504592,0.49639033,5.1895655,1.1196974,5.8107428,0.53339814,4.2335697,1.3328729,5.6428105,0.6107872,4.2776135,1.3443872,5.7507686,0.71464136,4.0477801,1.3510672,5.4688231
experiment_0a_best,file,16,,7740,132.White_crowned_Sparrow/White_Crowned_Sparrow_0057_127927.jpg,132,131,132.White_crowned_Sparrow,133,132,random_erasing,random_erasing,0,"{""area_fraction"":0.123744,""erased"":true,""height"":0.409495,""left"":0.500673,""top"":0.397379,""width"":0.302188}",0.017815918,0.010140802,-0.007675116,0.98234183,0.98991042,0.0094422428,0.0021620775,0.97289958,0.98774835,0.014848763,0.85919592,0.56601949,2.6938192,1.5247542,False,0.97476691,True,True,True,0.85919592,0.56601949,2.6938192,1.5247542,0.85586276,0.56841513,2.6270674,1.4932648,0.9340163,0.51727214,0.59596893,0.30827812,0.86465295,0.54813276,0.4883145,0.26766118,0.85221453,0.57006861,1.1196974,0.63830431,0.85794526,0.56456588,1.3328729,0.75249459,0.84402306,0.56929983,1.3443872,0.76535938,0.8670303,0.57272067,1.3510672,0.77378414
experiment_0a_best,file,16,,1974,035.Purple_Finch/Purple_Finch_0053_27543.jpg,35,34,035.Purple_Finch,140,139,identity,identity,0,{},0.019111423,0.019111423,0,0.98107004,0.98107004,0.0058217258,0.0058217258,0.97524832,0.97524832,0,1,1,3.5755702,3.5755702,False,1,True,True,True,1,1,3.5755702,3.5755702,1,1,3.5339772,3.5339772,1,1,0.54379028,0.54379028,1,1,0.78097767,0.78097767,1,1,1.6049609,1.6049609,1,1,1.8597941,1.8597941,1,1,1.7568617,1.7568617,1,1,1.6606541,1.6606541
experiment_0a_best,file,16,,1974,035.Purple_Finch/Purple_Finch_0053_27543.jpg,35,34,035.Purple_Finch,140,139,horizontal_flip,horizontal_flip,0,"{""flipped"":true}",0.019111423,0.018102899,-0.0010085236,0.98107004,0.98205996,0.0058217258,0.0038675906,0.97524832,0.97819237,0.0029440492,0.7436362,0.90157645,3.5755702,3.2236499,False,0.97975457,True,True,True,0.7436362,0.90157645,3.5755702,3.2236499,0.73784621,0.90009567,3.5339772,3.1809176,0.97403416,0.96203715,0.54379028,0.52314645,0.80111475,1.0054337,0.78097767,0.78522124,0.71051902,0.89357971,1.6049609,1.4341605,0.73956986,0.86095717,1.8597941,1.6012031,0.69509604,0.88992859,1.7568617,1.5634814,0.79313303,0.93995275,1.6606541,1.5609364
experiment_0a_best,file,16,,1974,035.Purple_Finch/Purple_Finch_0053_27543.jpg,35,34,035.Purple_Finch,140,139,color_jitter,color_jitter,0,"{""brightness"":0.74166,""contrast"":0.956686,""hue"":0.044735,""saturation"":1.393986}",0.019111423,0.12721056,0.10809913,0.98107004,0.88054824,0.0058217258,0.067673504,0.97524832,0.81287473,-0.16237358,0.75840826,7.2931253,3.5755702,26.077082,False,0.94721985,True,True,True,0.75840826,7.2931253,3.5755702,26.077082,0.75492124,7.3049172,3.5339772,25.815411,0.91926044,6.7763938,0.54379028,3.6849371,0.70362203,8.701415,0.78097767,6.7956108,0.7597521,8.0611305,1.6049609,12.937799,0.73411215,7.6528624,1.8597941,14.232748,0.75371034,6.642015,1.7568617,11.669102,0.81609027,6.4330896,1.6606541,10.683137
experiment_0a_best,file,16,,1974,035.Purple_Finch/Purple_Finch_0053_27543.jpg,35,34,035.Purple_Finch,140,139,rotation,rotation,0,"{""angle"":13.594469}",0.019111423,0.0069946423,-0.012116781,0.98107004,0.99302977,0.0058217258,0.0035810387,0.97524832,0.98944873,0.014200419,0.77065245,0.45787362,3.5755702,1.6371593,False,0.97177714,True,True,True,0.77065245,0.45787362,3.5755702,1.6371593,0.76667131,0.45856531,3.5339772,1.6205593,0.95279034,0.42764077,0.54379028,0.23254689,0.78972259,0.65901084,0.78097767,0.51467275,0.79856185,0.53320325,1.6049609,0.85577037,0.73381461,0.44921469,1.8597941,0.83544682,0.75498098,0.40820814,1.7568617,0.71716524,0.82566682,0.38870876,1.6606541,0.6455108
experiment_0a_best,file,16,,1974,035.Purple_Finch/Purple_Finch_0053_27543.jpg,35,34,035.Purple_Finch,140,139,random_resized_crop,random_resized_crop,0,"{""area_fraction"":0.59411,""aspect"":0.959104,""fallback"":false,""height"":0.787047,""left"":0.163259,""top"":0.009283,""width"":0.75486}",0.019111423,0.025378535,0.0062671117,0.98107004,0.97494078,0.0058217258,0.011100384,0.97524832,0.96384039,-0.011407923,0.78723065,1.8309858,3.5755702,6.5468183,False,0.95541453,True,True,True,0.78723065,1.8309858,3.5755702,6.5468183,0.78455579,1.8384169,3.5339772,6.4969234,0.94505687,1.4835354,0.54379028,0.80673212,0.77298911,2.1040233,0.78097767,1.6431952,0.77691125,2.1127558,1.6049609,3.3908904,0.81092457,1.8712809,1.8597941,3.4801971,0.77615481,1.6967194,1.7568617,2.9809012,0.79120865,1.5948181,1.6606541,2.6484413
experiment_0a_best,file,16,,1974,035.Purple_Finch/Purple_Finch_0053_27543.jpg,35,34,035.Purple_Finch,140,139,gaussian_blur,gaussian_blur,0,"{""sigma"":1.955943}",0.019111423,3.9095814,3.89047,0.98107004,0.020048892,0.0058217258,0.36091602,0.97524832,-0.34086713,-1.3161154,0.47123372,46.045233,3.5755702,164.63796,False,0.7644943,False,True,False,0.47123372,46.045233,3.5755702,164.63796,0.46414462,45.984854,3.5339772,162.50942,0.75561892,48.526752,0.54379028,26.388376,0.26065987,69.992184,0.78097767,54.662333,0.40059822,52.791681,1.6049609,84.728584,0.52665733,44.697693,1.8597941,83.128505,0.49649579,41.164737,1.7568617,72.320749,0.53077299,38.566165,1.6606541,64.045061
experiment_0a_best,file,16,,1974,035.Purple_Finch/Purple_Finch_0053_27543.jpg,35,34,035.Purple_Finch,140,139,random_erasing,random_erasing,0,"{""area_fraction"":0.151967,""erased"":true,""height"":0.292872,""left"":0.478599,""top"":0.07843,""width"":0.518886}",0.019111423,0.55908948,0.53997806,0.98107004,0.57172936,0.0058217258,0.030216979,0.97524832,0.54151238,-0.43373593,0.82964493,19.086063,3.5755702,68.24356,False,0.93172938,True,True,True,0.82964493,19.086063,3.5755702,68.24356,0.82815935,19.108635,3.5339772,67.529481,0.89703412,18.107086,0.54379028,9.8464575,0.86741081,21.354796,0.78097767,16.677619,0.84748604,19.026222,1.6049609,30.536343,0.85047949,18.350571,1.8597941,34.128283,0.80228962,18.645359,1.7568617,32.757317,0.80638763,20.078977,1.6606541,33.344236
experiment_0a_best,file,16,,10503,179.Tennessee_Warbler/Tennessee_Warbler_0063_168561.jpg,179,178,179.Tennessee_Warbler,178,177,identity,identity,0,{},0.51710516,0.51710516,0,0.5962441,0.5962441,0.095260173,0.095260173,0.50098392,0.50098392,0,1,1,77.700653,77.700653,False,0.99999994,True,True,True,1,1,77.700653,77.700653,1,1,76.681053,76.681053,1,1,12.546215,12.546215,1,1,21.949087,21.949087,1,1,34.493205,34.493205,1,1,45.097528,45.097528,1,1,34.388369,34.388369,1,1,31.497513,31.497513
experiment_0a_best,file,16,,10503,179.Tennessee_Warbler/Tennessee_Warbler_0063_168561.jpg,179,178,179.Tennessee_Warbler,178,177,horizontal_flip,horizontal_flip,0,"{""flipped"":true}",0.51710516,0.97706652,0.45996135,0.5962441,0.3764137,0.095260173,0.030245343,0.50098392,0.34616836,-0.15481556,0.68360699,1.7596702,77.700653,136.72752,False,0.94224221,True,True,True,0.68360699,1.7596702,77.700653,136.72752,0.67905327,1.7683451,76.681053,135.59857,0.91745748,1.39756,12.546215,17.534088,0.76704064,1.8640205,21.949087,40.913549,0.66175341,1.7447371,34.493205,60.181575,0.72777379,1.8423088,45.097528,83.083573,0.56168427,1.7474596,34.388369,60.092287,0.69454277,1.6117717,31.497513,50.7668
experiment_0a_best,file,16,,10503,179.Tennessee_Warbler/Tennessee_Warbler_0063_168561.jpg,179,178,179.Tennessee_Warbler,178,177,color_jitter,color_jitter,0,"{""brightness"":1.311657,""contrast"":0.816626,""hue"":-0.079538,""saturation"":1.236466}",0.51710516,3.4846709,2.9675657,0.5962441,0.030663848,0.095260173,0.049476106,0.50098392,-0.018812258,-0.51979618,0.48862228,2.0781048,77.700653,161.4701,False,0.81377459,False,True,False,0.48862228,2.0781048,77.700653,161.4701,0.48175641,2.0632816,76.681053,158.21461,0.70592121,2.5713224,12.546215,32.260364,0.51264942,1.651461,21.949087,36.248062,0.39737245,1.7571051,34.493205,60.608186,0.55657725,1.9887188,45.097528,89.686302,0.47939813,2.3383142,34.388369,80.410811,0.439249,2.3620265,31.497513,74.39796
experiment_0a_best,file,16,,10503,179.Tennessee_Warbler/Tennessee_Warbler_0063_168561.jpg,179,178,179.Tennessee_Warbler,178,177,rotation,rotation,0,"{""angle"":-14.478511}",0.51710516,1.3150719,0.79796678,0.5962441,0.26845503,0.095260173,0.092638299,0.50098392,0.17581673,-0.32516719,0.74114973,1.6881811,77.700653,131.17277,False,0.90196872,True,True,True,0.74114973,1.6881811,77.700653,131.17277,0.73757679,1.6917337,76.681053,129.72392,0.88963979,1.5496519,12.546215,19.442266,0.83981577,2.1624921,21.949087,47.464727,0.71126121,1.7065909,34.493205,58.86579,0.77346338,1.6529512,45.097528,74.544015,0.66110953,1.5619653,34.388369,53.713441,0.73538911,1.6399802,31.497513,51.655297
experiment_0a_best,file,16,,10503,179.Tennessee_Warbler/Tennessee_Warbler_0063_168561.jpg,179,178,179.Tennessee_Warbler,178,177,random_resized_crop,random_resized_crop,0,"{""area_fraction"":0.782367,""aspect"":0.908209,""fallback"":false,""height"":0.928137,""left"":0.045826,""top"":0.0001,""width"":0.842943}",0.51710516,1.6329533,1.1158481,0.5962441,0.19535181,0.095260173,0.17221621,0.50098392,0.023135602,-0.47784832,0.80683634,2.0162341,77.700653,156.6627,False,0.94371998,True,True,True,0.80683634,2.0162341,77.700653,156.6627,0.80383476,2.0210403,76.681053,154.9755,0.93481147,1.8276635,12.546215,22.930259,0.81026225,2.3353774,21.949087,51.259401,0.80566102,2.2092598,34.493205,76.204452,0.83657321,1.9730961,45.097528,88.981758,0.74996399,1.8575124,34.388369,63.876822,0.80534222,1.9008759,31.497513,59.872864
experiment_0a_best,file,16,,10503,179.Tennessee_Warbler/Tennessee_Warbler_0063_168561.jpg,179,178,179.Tennessee_Warbler,178,177,gaussian_blur,gaussian_blur,0,"{""sigma"":1.003323}",0.51710516,1.1927847,0.6756795,0.5962441,0.30337527,0.095260173,0.079055034,0.50098392,0.22432024,-0.27666368,0.83518885,1.8171269,77.700653,141.19195,False,0.97693741,True,True,True,0.83518885,1.8171269,77.700653,141.19195,0.83220762,1.8203052,76.681053,139.58292,0.9569501,1.694135,12.546215,21.254982,0.84991261,1.8076724,21.949087,39.676758,0.82466091,1.7797958,34.493205,61.390862,0.84145176,1.8981336,45.097528,85.601133,0.79517245,1.8063727,34.388369,62.118211,0.86103794,1.7255797,31.497513,54.351468
experiment_0a_best,file,16,,10503,179.Tennessee_Warbler/Tennessee_Warbler_0063_168561.jpg,179,178,179.Tennessee_Warbler,178,177,random_erasing,random_erasing,0,"{""area_fraction"":0.110482,""erased"":true,""height"":0.434161,""left"":0.281345,""top"":0.005947,""width"":0.254472}",0.51710516,1.0190413,0.50193614,0.5962441,0.36094081,0.095260173,0.035570774,0.50098392,0.32537004,-0.17561388,0.68038051,1.3552383,77.700653,105.3029,False,0.88383746,True,True,True,0.68038051,1.3552383,77.700653,105.3029,0.67537429,1.3517429,76.681053,103.65307,0.85390675,1.4799079,12.546215,18.567243,0.70841192,1.5458565,21.949087,33.930139,0.57408055,1.3784652,34.493205,47.547683,0.70479599,1.2200197,45.097528,55.019874,0.68128554,1.3671901,34.388369,47.015438,0.72749946,1.4529196,31.497513,45.763355
experiment_0a_best,file,16,,8679,148.Green_tailed_Towhee/Green_Tailed_Towhee_0094_797396.jpg,148,147,148.Green_tailed_Towhee,116,115,identity,identity,0,{},0.004825138,0.004825138,0,0.99518651,0.99518651,0.0023404888,0.0023404888,0.99284602,0.99284602,0,1,1,0.97492664,0.97492664,False,1,True,True,True,1,1,0.97492664,0.97492664,1,1,0.95934651,0.95934651,1,1,0.17359787,0.17359787,1,1,0.26454629,0.26454629,1,1,0.38843128,0.38843128,1,1,0.5322051,0.5322051,1,1,0.46595606,0.46595606,1,1,0.44623404,0.44623404
experiment_0a_best,file,16,,8679,148.Green_tailed_Towhee/Green_Tailed_Towhee_0094_797396.jpg,148,147,148.Green_tailed_Towhee,116,115,horizontal_flip,horizontal_flip,0,"{""flipped"":true}",0.004825138,0.00272439,-0.002100748,0.99518651,0.99727935,0.0023404888,0.0013759928,0.99284602,0.99590335,0.0030573343,0.69837464,0.5307113,0.97492664,0.51740458,False,0.97255516,True,True,True,0.69837464,0.5307113,0.97492664,0.51740458,0.68919728,0.52989777,0.95934651,0.50835558,0.9667012,0.55498197,0.17359787,0.09634369,0.68338112,0.49863569,0.26454629,0.13191222,0.64839162,0.52838803,0.38843128,0.20524244,0.71365814,0.52526701,0.5322051,0.27954978,0.64570787,0.51926946,0.46595606,0.24195675,0.73316667,0.55893816,0.44623404,0.24941723
experiment_0a_best,file,16,,8679,148.Green_tailed_Towhee/Green_Tailed_Towhee_0094_797396.jpg,148,147,148.Green_tailed_Towhee,116,115,color_jitter,color_jitter,0,"{""brightness"":0.777529,""contrast"":1.335707,""hue"":0.004733,""saturation"":0.649047}",0.004825138,0.011892136,0.0070669982,0.99518651,0.98817831,0.0023404888,0.0045687561,0.99284602,0.98360956,-0.0092364622,0.82521862,2.3393514,0.97492664,2.280696,False,0.97779107,True,True,True,0.82521862,2.3393514,0.97492664,2.280696,0.82039904,2.3375702,0.95934651,2.2425398,0.96921044,2.3931114,0.17359787,0.41543905,0.82311771,2.8274333,0.26454629,0.74798698,0.73069473,2.3185131,0.38843128,0.90058302,0.83392769,2.2444388,0.5322051,1.1945018,0.82393918,2.3147105,0.46595606,1.0785534,0.87218636,2.3162838,0.44623404,1.0336047
experiment_0a_best,file,16,,8679,148.Green_tailed_Towhee/Green_Tailed_Towhee_0094_797396.jpg,148,147,148.Green_tailed_Towhee,116,115,rotation,rotation,0,"{""angle"":-3.790317}",0.004825138,0.0020347384,-0.0027903996,0.99518651,0.9979673,0.0023404888,0.00056090043,0.99284602,0.9974064,0.0045603835,0.73596678,0.39858994,0.97492664,0.38859595,False,0.96937215,True,True,True,0.73596678,0.39858994,0.97492664,0.38859595,0.72915735,0.39818808,0.95934651,0.38200034,0.93794057,0.41067329,0.17359787,0.071292011,0.46627436,0.3161623,0.26454629,0.083639563,0.66360241,0.39082417,0.38843128,0.15180834,0.7279105,0.39354176,0.5322051,0.20944493,0.74909798,0.41480534,0.46595606,0.19328106,0.83256362,0.41719598,0.44623404,0.18616705
experiment_0a_best,file,16,,8679,148.Green_tailed_Towhee/Green_Tailed_Towhee_0094_797396.jpg,148,147,148.Green_tailed_Towhee,116,115,random_resized_crop,random_resized_crop,0,"{""area_fraction"":0.717698,""aspect"":0.878193,""fallback"":false,""height"":0.904015,""left"":0.080141,""top"":0.091095,""width"":0.7939}",0.004825138,0.00246269,-0.002362448,0.99518651,0.99754035,0.0023404888,0.00014917566,0.99284602,0.99739118,0.0045451602,0.62975371,0.45671145,0.97492664,0.44526016,False,0.94238925,True,True,True,0.62975371,0.45671145,0.97492664,0.44526016,0.62239258,0.45633732,0.95934651,0.43778562,0.84915411,0.46799304,0.17359787,0.081242596,0.61957971,0.36303266,0.26454629,0.096038942,0.46202098,0.46594879,0.38843128,0.18098909,0.63905826,0.43472033,0.5322051,0.23136038,0.63604685,0.4632358,0.46595606,0.21584753,0.7098565,0.49887753,0.44623404,0.22261613
experiment_0a_best,file,16,,8679,148.Green_tailed_Towhee/Green_Tailed_Towhee_0094_797396.jpg,148,147,148.Green_tailed_Towhee,116,115,gaussian_blur,gaussian_blur,0,"{""sigma"":1.628219}",0.004825138,0.96971744,0.9648923,0.99518651,0.37919021,0.0023404888,0.028349556,0.99284602,0.35084065,-0.64200537,0.37190916,155.46999,0.97492664,151.57183,False,0.81052649,False,True,False,0.37190916,155.46999,0.97492664,151.57183,0.36566495,156.50331,0.95934651,150.1409,0.63437354,119.69091,0.17359787,20.778087,0.040254699,180.37148,0.26454629,47.716605,0.39747153,173.75481,0.38843128,67.491804,0.36519717,163.17496,0.5322051,86.842547,0.37868438,152.08649,0.46595606,70.865621,0.49369925,125.70877,0.44623404,56.095531
experiment_0a_best,file,16,,8679,148.Green_tailed_Towhee/Green_Tailed_Towhee_0094_797396.jpg,148,147,148.Green_tailed_Towhee,116,115,random_erasing,random_erasing,0,"{""area_fraction"":0.064077,""erased"":true,""height"":0.301483,""left"":0.493958,""top"":0.247726,""width"":0.212539}",0.004825138,0.013201451,0.0083763129,0.99518651,0.98688531,0.0023404888,0.0022866549,0.99284602,0.98459865,-0.0082473645,0.79820986,2.4744803,0.97492664,2.4124367,False,0.95988369,True,True,True,0.79820986,2.4744803,0.97492664,2.4124367,0.79529965,2.4835466,0.95934651,2.3825817,0.90610854,2.1795118,0.17359787,0.37835861,0.897129,2.6213592,0.26454629,0.69347085,0.77605657,2.385444,0.38843128,0.92658105,0.78839975,2.3454979,0.5322051,1.2482859,0.7651787,2.5510399,0.46595606,1.1886725,0.81747696,2.6192417,0.44623404,1.1687948
experiment_0a_best,file,16,,5721,098.Scott_Oriole/Scott_Oriole_0077_795831.jpg,98,97,098.Scott_Oriole,174,173,identity,identity,0,{},3.1917152,3.1917152,0,0.041101318,0.041101318,0.21306011,0.21306011,-0.17195879,-0.17195879,0,1,1,112.00837,112.00837,False,1,True,False,False,1,1,112.00837,112.00837,1,1,108.62674,108.62674,1,1,27.314944,27.314944,1,1,21.18994,21.18994,1,1,39.728922,39.728922,1,1,56.279341,56.279341,1,1,55.225057,55.225057,1,1,59.625472,59.625472
experiment_0a_best,file,16,,5721,098.Scott_Oriole/Scott_Oriole_0077_795831.jpg,98,97,098.Scott_Oriole,174,173,horizontal_flip,horizontal_flip,0,"{""flipped"":true}",3.1917152,2.9625001,-0.22921515,0.041101318,0.051689532,0.21306011,0.11759576,-0.17195879,-0.06590623,0.10605256,0.6360534,1.0250145,112.00837,114.8102,False,0.95177674,False,False,False,0.6360534,1.0250145,112.00837,114.8102,0.61909955,1.0311072,108.62674,112.00581,0.93915135,0.92332696,27.314944,25.220624,0.54129139,1.2895673,21.18994,27.325852,0.51048127,1.1743656,39.728922,46.656279,0.60228117,1.0191277,56.279341,57.355836,0.62196954,1.0004778,55.225057,55.251442,0.71193225,0.96042599,59.625472,57.265852
experiment_0a_best,file,16,,5721,098.Scott_Oriole/Scott_Oriole_0077_795831.jpg,98,97,098.Scott_Oriole,174,173,color_jitter,color_jitter,0,"{""brightness"":1.126136,""contrast"":1.359718,""hue"":-0.055675,""saturation"":0.705377}",3.1917152,4.7463684,1.5546532,0.041101318,0.0086831693,0.21306011,0.052002545,-0.17195879,-0.043319376,0.12863942,0.67532134,0.89335703,112.00837,100.06346,False,0.91260028,False,False,False,0.67532134,0.89335703,112.00837,100.06346,0.66158153,0.89166895,108.62674,96.859092,0.88631111,0.91964225,27.314944,25.119977,0.4048583,1.1143028,21.18994,23.61201,0.62747819,0.945022,39.728922,37.544705,0.74014012,0.82994857,56.279341,46.708959,0.66343202,0.83991344,55.225057,46.384268,0.65781498,0.93097261,59.625472,55.509681
experiment_0a_best,file,16,,5721,098.Scott_Oriole/Scott_Oriole_0077_795831.jpg,98,97,098.Scott_Oriole,174,173,rotation,rotation,0,"{""angle"":-14.710288}",3.1917152,4.176321,0.98460579,0.041101318,0.015354891,0.21306011,0.10134006,-0.17195879,-0.085985172,0.085973621,0.66506319,0.92233307,112.00837,103.30902,False,0.93215644,False,False,False,0.66506319,0.92233307,112.00837,103.30902,0.6481979,0.91483147,108.62674,99.375161,0.90574522,1.0337587,27.314944,28.237061,0.64727566,1.063034,21.18994,22.525627,0.57022058,0.90808541,39.728922,36.077254,0.6581072,0.83458724,56.279341,46.97002,0.62444509,0.895139,55.225057,49.434102,0.69623546,0.98030509,59.625472,58.451153
experiment_0a_best,file,16,,5721,098.Scott_Oriole/Scott_Oriole_0077_795831.jpg,98,97,098.Scott_Oriole,174,173,random_resized_crop,random_resized_crop,0,"{""area_fraction"":0.757712,""aspect"":0.973485,""fallback"":false,""height"":0.882241,""left"":0.11036,""top"":0.00782,""width"":0.858849}",3.1917152,4.0564723,0.86475706,0.041101318,0.017309975,0.21306011,0.25642279,-0.17195879,-0.23911281,-0.06715402,0.68949724,1.0328322,112.00837,115.68585,False,0.95042849,True,False,False,0.68949724,1.0328322,112.00837,115.68585,0.6731981,1.0318539,108.62674,112.08692,0.94333442,1.0481829,27.314944,28.631058,0.1552725,1.0057245,21.18994,21.311241,0.55199066,1.0092564,39.728922,40.096668,0.74552169,1.1107421,56.279341,62.511831,0.68864537,1.008022,55.225057,55.66807,0.71129414,0.99148415,59.625472,59.11771
experiment_0a_best,file,16,,5721,098.Scott_Oriole/Scott_Oriole_0077_795831.jpg,98,97,098.Scott_Oriole,174,173,gaussian_blur,gaussian_blur,0,"{""sigma"":1.346334}",3.1917152,4.1334023,0.94168711,0.041101318,0.016028253,0.21306011,0.074042626,-0.17195879,-0.058014372,0.11394442,0.6229074,1.0670044,112.00837,119.51343,False,0.8943243,False,False,False,0.6229074,1.0670044,112.00837,119.51343,0.60962695,1.0749476,108.62674,116.76805,0.8710243,0.9324281,27.314944,25.469222,0.19772139,1.1254986,21.18994,23.849248,0.58977393,1.1635529,39.728922,46.2267,0.64126521,1.1121393,56.279341,62.590466,0.60287476,1.0542593,55.225057,58.22153,0.65552006,1.0093195,59.625472,60.181151
experiment_0a_best,file,16,,5721,098.Scott_Oriole/Scott_Oriole_0077_795831.jpg,98,97,098.Scott_Oriole,174,173,random_erasing,random_erasing,0,"{""area_fraction"":0.130891,""erased"":true,""height"":0.23593,""left"":0.133783,""top"":0.378792,""width"":0.554786}",3.1917152,4.2895894,1.0978742,0.041101318,0.013710554,0.21306011,0.018635878,-0.17195879,-0.0049253246,0.16703347,0.59326229,0.89324811,112.00837,100.05126,False,0.88317633,False,False,False,0.59326229,0.89324811,112.00837,100.05126,0.57482744,0.88731949,108.62674,96.386624,0.85949801,0.9822635,27.314944,26.830473,0.32546335,0.82100414,21.18994,17.397028,0.48971802,0.87200371,39.728922,34.643767,0.61433827,0.81699503,56.279341,45.979942,0.52127782,0.8835069,55.225057,48.791719,0.65182714,0.96238172,59.625472,57.382464
experiment_0a_best,file,16,,545,011.Rusty_Blackbird/Rusty_Blackbird_0113_6664.jpg,11,10,011.Rusty_Blackbird,9,8,identity,identity,0,{},0.20539978,0.20539978,0,0.8143217,0.8143217,0.049040578,0.049040578,0.76528112,0.76528112,0,1,1,33.07468,33.07468,False,1,True,True,True,1,1,33.07468,33.07468,1,1,32.649337,32.649337,1,1,5.2872754,5.2872754,1,1,6.5935855,6.5935855,1,1,12.524799,12.524799,1,1,17.498658,17.498658,1,1,16.602826,16.602826,1,1,16.845664,16.845664
experiment_0a_best,file,16,,545,011.Rusty_Blackbird/Rusty_Blackbird_0113_6664.jpg,11,10,011.Rusty_Blackbird,9,8,horizontal_flip,horizontal_flip,0,"{""flipped"":true}",0.20539978,0.18592268,-0.019477099,0.8143217,0.83033782,0.049040578,0.043176331,0.76528112,0.78716149,0.021880373,0.61900576,0.9848117,33.07468,32.572332,False,0.96180248,True,True,True,0.61900576,0.9848117,33.07468,32.572332,0.61051018,0.98456841,32.649337,32.145506,0.93989527,0.99404435,5.2872754,5.2557863,0.50040707,1.0771451,6.5935855,7.1022484,0.51740973,1.1030625,12.524799,13.815636,0.60662102,1.0264568,17.498658,17.961617,0.57640107,0.92173136,16.602826,15.303345,0.73801401,0.91041142,16.845664,15.336485
experiment_0a_best,file,16,,545,011.Rusty_Blackbird/Rusty_Blackbird_0113_6664.jpg,11,10,011.Rusty_Blackbird,9,8,color_jitter,color_jitter,0,"{""brightness"":1.026822,""contrast"":0.627654,""hue"":-0.084024,""saturation"":0.761505}",0.20539978,2.514189,2.3087892,0.8143217,0.080928527,0.049040578,0.11307699,0.76528112,-0.032148466,-0.79742958,0.57449494,4.6527459,33.07468,153.88808,False,0.89242524,False,True,False,0.57449494,4.6527459,33.07468,153.88808,0.56640904,4.6517118,32.649337,151.87531,0.8801959,4.6920081,5.2872754,24.807939,0.67378447,3.4377599,6.5935855,22.667164,0.28991265,5.9945603,12.524799,75.080664,0.57537556,4.6316376,17.498658,81.047442,0.61817708,4.3575114,16.602826,72.347002,0.72789719,4.2444885,16.845664,71.501227
experiment_0a_best,file,16,,545,011.Rusty_Blackbird/Rusty_Blackbird_0113_6664.jpg,11,10,011.Rusty_Blackbird,9,8,rotation,rotation,0,"{""angle"":9.64582}",0.20539978,0.32373586,0.11833608,0.8143217,0.7234413,0.049040578,0.053266212,0.76528112,0.67017509,-0.095106028,0.71079459,1.4744622,33.07468,48.767367,False,0.9423995,True,True,True,0.71079459,1.4744622,33.07468,48.767367,0.70536646,1.476547,32.649337,48.208279,0.93143556,1.3926417,5.2872754,7.3632805,0.59405793,1.6377671,6.5935855,10.798758,0.63082794,1.7309825,12.524799,21.680208,0.69908117,1.4888603,17.498658,26.053056,0.70279145,1.3543655,16.602826,22.486294,0.79655157,1.3959627,16.845664,23.515919
experiment_0a_best,file,16,,545,011.Rusty_Blackbird/Rusty_Blackbird_0113_6664.jpg,11,10,011.Rusty_Blackbird,9,8,random_resized_crop,random_resized_crop,0,"{""area_fraction"":0.63208,""aspect"":0.960454,""fallback"":false,""height"":0.811237,""left"":0.034285,""top"":0.017346,""width"":0.779156}",0.20539978,0.3882201,0.18282032,0.8143217,0.67826301,0.049040578,0.10448913,0.76528112,0.57377388,-0.19150724,0.68011195,1.7296073,33.07468,57.206207,False,0.95321649,True,True,True,0.68011195,1.7296073,33.07468,57.206207,0.67254793,1.7262749,32.649337,56.36173,0.95056969,1.8522087,5.2872754,9.7931374,0.74377286,1.981973,6.5935855,13.068309,0.63547008,1.9981417,12.524799,25.026323,0.62506462,1.8178476,17.498658,31.809893,0.66400433,1.5528454,16.602826,25.781622,0.76609687,1.5739289,16.845664,26.513878
experiment_0a_best,file,16,,545,011.Rusty_Blackbird/Rusty_Blackbird_0113_6664.jpg,11,10,011.Rusty_Blackbird,9,8,gaussian_blur,gaussian_blur,0,"{""sigma"":1.727212}",0.20539978,1.6321888,1.426789,0.8143217,0.19550121,0.049040578,0.010961382,0.76528112,0.18453983,-0.58074129,0.37807958,3.6144069,33.07468,119.54535,False,0.79564238,False,True,False,0.37807958,3.6144069,33.07468,119.54535,0.36586715,3.5825612,32.649337,116.96825,0.74826742,4.6694144,5.2872754,24.68848,0.38335339,4.9532684,6.5935855,32.659798,0.096944897,3.6627205,12.524799,45.874839,0.27436861,3.4347912,17.498658,60.104236,0.43064205,3.4560597,16.602826,57.380356,0.55377437,3.5644093,16.845664,60.04484
experiment_0a_best,file,16,,545,011.Rusty_Blackbird/Rusty_Blackbird_0113_6664.jpg,11,10,011.Rusty_Blackbird,9,8,random_erasing,random_erasing,0,"{""area_fraction"":0.073776,""erased"":true,""height"":0.24817,""left"":0.617278,""top"":0.107916,""width"":0.297281}",0.20539978,0.20207927,-0.0033205152,0.8143217,0.81703019,0.049040578,0.037921403,0.76528112,0.77910879,0.01382767,0.88625292,1.0897439,33.07468,36.042932,False,0.97786373,True,True,True,0.88625292,1.0897439,33.07468,36.042932,0.88434758,1.0921642,32.649337,35.658438,0.97007572,0.99306213,5.2872754,5.250593,0.90339771,1.2212295,6.5935855,8.0522812,0.86383434,1.1909717,12.524799,14.916681,0.8666358,1.1269672,17.498658,19.720414,0.88521448,1.0422542,16.602826,17.304365,0.92095409,1.0210374,16.845664,17.200053
experiment_0a_best,file,16,,8129,139.Scarlet_Tanager/Scarlet_Tanager_0083_138500.jpg,139,138,139.Scarlet_Tanager,58,57,identity,identity,0,{},0.00082006201,0.00082006201,0,0.99918026,0.99918026,0.00015278296,0.00015278296,0.99902747,0.99902747,0,1,1,0.10450222,0.10450222,False,1,True,True,True,1,1,0.10450222,0.10450222,1,1,0.10146496,0.10146496,1,1,0.025011528,0.025011528,1,1,0.017112855,0.017112855,1,1,0.031125788,0.031125788,1,1,0.03664386,0.03664386,1,1,0.05087676,0.05087676,1,1,0.071430082,0.071430082
experiment_0a_best,file,16,,8129,139.Scarlet_Tanager/Scarlet_Tanager_0083_138500.jpg,139,138,139.Scarlet_Tanager,58,57,horizontal_flip,horizontal_flip,0,"{""flipped"":true}",0.00082006201,0.00079516735,-2.489466e-05,0.99918026,0.99920517,0.00015278296,3.7012749e-05,0.99902747,0.99916816,0.00014068495,0.63532654,1.0493252,0.10450222,0.10965682,False,0.98271716,True,True,True,0.63532654,1.0493252,0.10450222,0.10965682,0.6170593,1.0509737,0.10146496,0.10663701,0.94476791,1.0218136,0.025011528,0.02555712,0.31565954,0.89505247,0.017112855,0.015316903,0.29653091,1.1951594,0.031125788,0.037200278,0.45169763,1.1710031,0.03664386,0.042910075,0.57506996,1.0757083,0.05087676,0.054728555,0.78645412,0.98162721,0.071430082,0.070117712
experiment_0a_best,file,16,,8129,139.Scarlet_Tanager/Scarlet_Tanager_0083_138500.jpg,139,138,139.Scarlet_Tanager,58,57,color_jitter,color_jitter,0,"{""brightness"":1.01463,""contrast"":0.745723,""hue"":-0.082753,""saturation"":1.041389}",0.00082006201,0.067709051,0.066888989,0.99918026,0.93453234,0.00015278296,0.0037822973,0.99902747,0.93075005,-0.068277427,0.5386783,101.32576,0.10450222,10.588767,False,0.90144324,True,True,True,0.5386783,101.32576,0.10450222,10.588767,0.52738859,102.90961,0.10146496,10.44172,0.84855262,70.309309,0.025011528,1.7585433,0.31033943,124.75761,0.017112855,2.1349588,0.42953075,142.32732,0.031125788,4.43005,0.38429133,144.02255,0.03664386,5.277542,0.52121913,105.1921,0.05087676,5.3518332,0.71501792,74.543066,0.071430082,5.3246173
experiment_0a_best,file,16,,8129,139.Scarlet_Tanager/Scarlet_Tanager_0083_138500.jpg,139,138,139.Scarlet_Tanager,58,57,rotation,rotation,0,"{""angle"":0.887943}",0.00082006201,0.00062910793,-0.00019095407,0.99918026,0.99937111,0.00015278296,0.00013920484,0.99902747,0.99923191,0.00020443219,0.91123055,0.7901008,0.10450222,0.082567291,False,0.99576157,True,True,True,0.91123055,0.7901008,0.10450222,0.082567291,0.90625104,0.79066287,0.10146496,0.080224577,0.9942822,0.78079275,0.025011528,0.01952882,0.81378274,0.93209481,0.017112855,0.015950803,0.83282445,0.85207952,0.031125788,0.026521647,0.85889823,0.86068369,0.03664386,0.031538773,0.88540074,0.75806409,0.05087676,0.038567845,0.95587855,0.76628197,0.071430082,0.054735583
experiment_0a_best,file,16,,8129,139.Scarlet_Tanager/Scarlet_Tanager_0083_138500.jpg,139,138,139.Scarlet_Tanager,58,57,random_resized_crop,random_resized_crop,0,"{""area_fraction"":0.527432,""aspect"":1.103704,""fallback"":false,""height"":0.691285,""left"":0.037992,""top"":0.255719,""width"":0.762974}",0.00082006201,0.012124293,0.011304231,0.99918026,0.98794889,0.00015278296,0.0013745158,0.99902747,0.98657438,-0.012453096,0.5588504,20.13207,0.10450222,2.1038461,False,0.94145274,True,True,True,0.5588504,20.13207,0.10450222,2.1038461,0.5461088,20.465141,0.10146496,2.0764948,0.92303906,13.519332,0.025011528,0.33813915,0.30196933,30.899304,0.017112855,0.5287753,0.43578009,28.15875,0.031125788,0.87646331,0.46146017,29.020853,0.03664386,1.0634361,0.51481024,19.45753,0.05087676,0.98993608,0.73695925,15.033685,0.071430082,1.0738573
experiment_0a_best,file,16,,8129,139.Scarlet_Tanager/Scarlet_Tanager_0083_138500.jpg,139,138,139.Scarlet_Tanager,58,57,gaussian_blur,gaussian_blur,0,"{""sigma"":1.535705}",0.00082006201,0.0060753673,0.0052553053,0.99918026,0.99394304,0.00015278296,0.0014189469,0.99902747,0.99252409,-0.0065033857,0.54716632,10.356276,0.10450222,1.0822539,False,0.95472485,True,True,True,0.54716632,10.356276,0.10450222,1.0822539,0.53360667,10.529293,0.10146496,1.0683543,0.93427413,6.9126001,0.025011528,0.17289469,0.37432064,15.622241,0.017112855,0.26734114,0.33930726,13.633294,0.031125788,0.42434701,0.43500808,15.251534,0.03664386,0.55887509,0.49431702,10.773871,0.05087676,0.54813967,0.77014539,7.3686973,0.071430082,0.52634665
experiment_0a_best,file,16,,8129,139.Scarlet_Tanager/Scarlet_Tanager_0083_138500.jpg,139,138,139.Scarlet_Tanager,58,57,random_erasing,random_erasing,0,"{""area_fraction"":0.067621,""erased"":true,""height"":0.275534,""left"":0.048717,""top"":0.463919,""width"":0.245419}",0.00082006201,0.0017804736,0.00096041162,0.99918026,0.9982211,0.00015278296,0.00026049453,0.99902747,0.9979606,-0.0010668695,0.88080519,2.2020873,0.10450222,0.23012302,False,0.99300855,True,True,True,0.88080519,2.2020873,0.10450222,0.23012302,0.87480915,2.2116526,0.10146496,0.22440524,0.99066009,2.0382334,0.025011528,0.050979333,0.84716799,2.5743566,0.017112855,0.044054591,0.82133272,2.3237996,0.031125788,0.072330096,0.81238433,2.444853,0.03664386,0.089588849,0.83207644,2.2038312,0.05087676,0.11212379,0.93313307,2.1040282,0.071430082,0.15029091
experiment_0a_best,file,16,,2176,039.Least_Flycatcher/Least_Flycatcher_0024_30230.jpg,39,38,039.Least_Flycatcher,37,36,identity,identity,0,{},3.9957891,3.9957891,0,0.018392926,0.018392926,0.46484938,0.46484938,-0.44645646,-0.44645646,0,1,1,174.79658,174.79658,False,0.99999994,True,False,False,1,1,174.79658,174.79658,1,1,171.67822,171.67822,1,1,32.869912,32.869912,1,1,35.614999,35.614999,1,1,75.893863,75.893863,1,1,95.114669,95.114669,1,1,87.130838,87.130838,1,1,76.200538,76.200538
experiment_0a_best,file,16,,2176,039.Least_Flycatcher/Least_Flycatcher_0024_30230.jpg,39,38,039.Least_Flycatcher,37,36,horizontal_flip,horizontal_flip,0,"{""flipped"":true}",3.9957891,2.7796464,-1.2161427,0.018392926,0.062060449,0.46484938,0.4116343,-0.44645646,-0.34957385,0.09688261,0.67826986,1.000349,174.79658,174.85757,False,0.97164965,True,False,False,0.67826986,1.000349,174.79658,174.85757,0.66778501,1.0002504,171.67822,171.72122,0.96349843,1.0030324,32.869912,32.969586,0.74018653,1.0173187,35.614999,36.231803,0.63622549,1.1213499,75.893863,85.103577,0.66046187,0.95180891,95.114669,90.53099,0.62917903,0.93148045,87.130838,81.160672,0.75070103,1.0291436,76.200538,78.421295
experiment_0a_best,file,16,,2176,039.Least_Flycatcher/Least_Flycatcher_0024_30230.jpg,39,38,039.Least_Flycatcher,37,36,color_jitter,color_jitter,0,"{""brightness"":1.235014,""contrast"":0.817958,""hue"":-0.024196,""saturation"":1.202647}",3.9957891,3.2956846,-0.70010448,0.018392926,0.037042674,0.46484938,0.30573833,-0.44645646,-0.26869566,0.1777608,0.90125663,0.94816278,174.79658,165.73561,False,0.985973,False,False,False,0.90125663,0.94816278,174.79658,165.73561,0.89863629,0.9485509,171.67822,162.84553,0.97363891,0.93751293,32.869912,30.815968,0.79657422,1.0049065,35.614999,35.789746,0.90799064,0.9772222,75.893863,74.165168,0.9119954,0.92667535,95.114669,88.14042,0.88932292,0.92475578,87.130838,80.574746,0.90581357,0.97114535,76.200538,74.001798
experiment_0a_best,file,16,,2176,039.Least_Flycatcher/Least_Flycatcher_0024_30230.jpg,39,38,039.Least_Flycatcher,37,36,rotation,rotation,0,"{""angle"":-11.297233}",3.9957891,2.8110287,-1.1847603,0.018392926,0.060143091,0.46484938,0.4371824,-0.44645646,-0.37703931,0.069417151,0.72884206,1.0117704,174.79658,176.854,False,0.95600092,True,False,False,0.72884206,1.0117704,174.79658,176.854,0.72109253,1.0120345,171.67822,173.74429,0.94184065,1.0045389,32.869912,33.019106,0.5646192,1.2604699,35.614999,44.891635,0.72817781,0.99124767,75.893863,75.229615,0.72376437,0.92806511,95.114669,88.272606,0.71917848,1.0465153,87.130838,91.18375,0.76376412,1.0503364,76.200538,80.036202
experiment_0a_best,file,16,,2176,039.Least_Flycatcher/Least_Flycatcher_0024_30230.jpg,39,38,039.Least_Flycatcher,37,36,random_resized_crop,random_resized_crop,0,"{""area_fraction"":0.574322,""aspect"":1.072263,""fallback"":false,""height"":0.731858,""left"":0.160136,""top"":0.103312,""width"":0.784744}",3.9957891,7.4795518,3.4837627,0.018392926,0.00056451035,0.46484938,0.098382205,-0.44645646,-0.097817694,0.34863876,0.51514853,1.1590854,174.79658,202.60415,False,0.92844886,False,False,False,0.51514853,1.1590854,174.79658,202.60415,0.50435501,1.1536534,171.67822,198.05716,0.78020308,1.2985301,32.869912,42.682569,0.54861564,1.3786898,35.614999,49.102036,0.41740372,1.3049296,75.893863,99.036151,0.47190035,1.103112,95.114669,104.92213,0.52159495,1.0403802,87.130838,90.649196,0.62829082,1.1576433,76.200538,88.213044
experiment_0a_best,file,16,,2176,039.Least_Flycatcher/Least_Flycatcher_0024_30230.jpg,39,38,039.Least_Flycatcher,37,36,gaussian_blur,gaussian_blur,0,"{""sigma"":1.264156}",3.9957891,5.7237659,1.7279768,0.018392926,0.0032673832,0.46484938,0.068635657,-0.44645646,-0.065368274,0.38108818,0.46007431,0.7146468,174.79658,124.91781,False,0.86048597,False,False,False,0.46007431,0.7146468,174.79658,124.91781,0.44640491,0.71066872,171.67822,122.00634,0.78914623,0.81571695,32.869912,26.812544,0.65543458,0.49592198,35.614999,17.662261,0.23109497,0.68424376,75.893863,51.929903,0.4267352,0.68047595,95.114669,64.723245,0.49832203,0.74392807,87.130838,64.819076,0.57472338,0.77485824,76.200538,59.044614
experiment_0a_best,file,16,,2176,039.Least_Flycatcher/Least_Flycatcher_0024_30230.jpg,39,38,039.Least_Flycatcher,37,36,random_erasing,random_erasing,0,"{""area_fraction"":0.183594,""erased"":true,""height"":0.288027,""left"":0.160563,""top"":0.458431,""width"":0.637419}",3.9957891,2.7845874,-1.2112017,0.018392926,0.061754573,0.46484938,0.055707976,-0.44645646,0.0060465969,0.45250305,0.6455291,0.95831022,174.79658,167.50935,False,0.94020319,False,False,False,0.6455291,0.95831022,174.79658,167.50935,0.64083127,0.95963924,171.67822,164.74916,0.77953135,0.92131634,32.869912,30.283587,0.62735723,0.80444695,35.614999,28.650377,0.63459988,1.0477932,75.893863,79.521072,0.66747683,0.9602922,95.114669,91.337875,0.62167714,0.93393784,87.130838,81.374786,0.63788734,0.93104716,76.200538,70.946295
experiment_0a_best,file,16,,1034,019.Gray_Catbird/Gray_Catbird_0050_20763.jpg,19,18,019.Gray_Catbird,155,154,identity,identity,0,{},0.0013309201,0.0013309201,0,0.99866998,0.99866998,0.00052276626,0.00052276626,0.99814722,0.99814722,0,1,1,0.18955781,0.18955781,False,1,True,True,True,1,1,0.18955781,0.18955781,1,1,0.18338517,0.18338517,1,1,0.047979625,0.047979625,1,1,0.040787495,0.040787495,1,1,0.065829277,0.065829277,1,1,0.095999954,0.095999954,1,1,0.090244058,0.090244058,1,1,0.10135593,0.10135593
experiment_0a_best,file,16,,1034,019.Gray_Catbird/Gray_Catbird_0050_20763.jpg,19,18,019.Gray_Catbird,155,154,horizontal_flip,horizontal_flip,0,"{""flipped"":true}",0.0013309201,0.00058669521,-0.00074422493,0.99866998,0.99941349,0.00052276626,7.8255587e-05,0.99814722,0.99933523,0.001188019,0.51060638,0.42606358,0.18955781,0.080763679,False,0.97491652,True,True,True,0.51060638,0.42606358,0.18955781,0.080763679,0.48121494,0.4259815,0.18338517,0.078118687,0.93869669,0.42726094,0.047979625,0.02049982,-0.014911181,0.34927423,0.040787495,0.014246021,0.3079237,0.46068604,0.065829277,0.030326629,0.46889959,0.39527018,0.095999954,0.037945919,0.43486864,0.44245061,0.090244058,0.039928538,0.67384745,0.43519931,0.10135593,0.044110031
experiment_0a_best,file,16,,1034,019.Gray_Catbird/Gray_Catbird_0050_20763.jpg,19,18,019.Gray_Catbird,155,154,color_jitter,color_jitter,0,"{""brightness"":1.071847,""contrast"":0.750333,""hue"":-0.000886,""saturation"":0.859879}",0.0013309201,0.0013749679,4.4047716e-05,0.99866998,0.99862599,0.00052276626,0.00033870563,0.99814722,0.99828729,0.0001400724,0.85700104,1.0388064,0.18955781,0.19691387,False,0.99360186,True,True,True,0.85700104,1.0388064,0.18955781,0.19691387,0.84852227,1.0395196,0.18338517,0.19063247,0.98226035,1.0283315,0.047979625,0.049338962,0.68319875,0.99752557,0.040787495,0.040686569,0.70064329,1.0969701,0.065829277,0.072212749,0.84056613,1.0535439,0.095999954,0.10114017,0.87151577,1.0175265,0.090244058,0.091825722,0.93148211,1.0257722,0.10135593,0.1039681
experiment_0a_best,file,16,,1034,019.Gray_Catbird/Gray_Catbird_0050_20763.jpg,19,18,019.Gray_Catbird,155,154,rotation,rotation,0,"{""angle"":-1.733731}",0.0013309201,0.002009636,0.00067871588,0.99866998,0.9979924,0.00052276626,0.0014034415,0.99814722,0.99658895,-0.0015582609,0.8045223,2.1738394,0.18955781,0.41206824,False,0.98880082,True,True,True,0.8045223,2.1738394,0.18955781,0.41206824,0.79741383,2.2001348,0.18338517,0.40347209,0.95601083,1.7450903,0.047979625,0.083728778,0.84176801,2.0827387,0.040787495,0.084949695,0.74132649,2.8921463,0.065829277,0.1903879,0.79102412,2.3249744,0.095999954,0.22319744,0.80359715,2.1127744,0.090244058,0.19066533,0.86788631,1.796502,0.10135593,0.18208613
experiment_0a_best,file,16,,1034,019.Gray_Catbird/Gray_Catbird_0050_20763.jpg,19,18,019.Gray_Catbird,155,154,random_resized_crop,random_resized_crop,0,"{""area_fraction"":0.782665,""aspect"":1.252645,""fallback"":false,""height"":0.790449,""left"":0.007688,""top"":0.195365,""width"":0.990152}",0.0013309201,0.00070225372,-0.00062866643,0.99866998,0.99929798,0.00052276626,0.00012213613,0.99814722,0.99917584,0.0010286247,0.72290639,0.56060543,0.18955781,0.10626714,False,0.96515536,True,True,True,0.72290639,0.56060543,0.18955781,0.10626714,0.7104412,0.56479676,0.18338517,0.10357535,0.93641603,0.49534798,0.047979625,0.02376661,0.23321366,0.46765588,0.040787495,0.019074512,0.66067706,0.68231643,0.065829277,0.044916397,0.76591696,0.57574954,0.095999954,0.055271929,0.68889899,0.56406068,0.090244058,0.050903125,0.7842537,0.51270364,0.10135593,0.051965554
experiment_0a_best,file,16,,1034,019.Gray_Catbird/Gray_Catbird_0050_20763.jpg,19,18,019.Gray_Catbird,155,154,gaussian_blur,gaussian_blur,0,"{""sigma"":1.572358}",0.0013309201,0.18717888,0.18584796,0.99866998,0.8292954,0.00052276626,0.090891182,0.99814722,0.73840421,-0.259743,0.44629275,268.59523,0.18955781,50.914325,False,0.86051774,True,True,True,0.44629275,268.59523,0.18955781,50.914325,0.43997926,276.00109,0.18338517,50.614506,0.84391806,114.99183,0.047979625,5.5172649,0.5274105,358.85122,0.040787495,14.636642,0.32245508,417.7892,0.065829277,27.502761,0.47816187,314.0074,0.095999954,30.144696,0.47100737,233.95889,0.090244058,21.1134,0.57971425,151.79775,0.10135593,15.385602
experiment_0a_best,file,16,,1034,019.Gray_Catbird/Gray_Catbird_0050_20763.jpg,19,18,019.Gray_Catbird,155,154,random_erasing,random_erasing,0,"{""area_fraction"":0.180931,""erased"":true,""height"":0.749105,""left"":0.109504,""top"":0.166539,""width"":0.24153}",0.0013309201,0.01395081,0.01261989,0.99866998,0.98614603,0.00052276626,0.00013094748,0.99814722,0.98601509,-0.01213213,0.388069,13.159379,0.18955781,2.4944631,False,0.87597179,True,True,True,0.388069,13.159379,0.18955781,2.4944631,0.36905125,13.359377,0.18338517,2.4499115,0.7855712,9.7820622,0.047979625,0.46933968,0.46060842,11.856589,0.040787495,0.48360055,0.069633728,17.290639,0.065829277,1.1382302,0.34227779,14.144671,0.095999954,1.3578878,0.41666558,13.291476,0.090244058,1.1994767,0.55877924,10.762891,0.10135593,1.0908828
experiment_0a_best,file,16,,4167,072.Pomarine_Jaeger/Pomarine_Jaeger_0006_795775.jpg,72,71,072.Pomarine_Jaeger,8,7,identity,identity,0,{},0.92589641,0.92589641,0,0.39617613,0.39617613,0.13486142,0.13486142,0.26131471,0.26131471,0,1,1,109.15428,109.15428,False,1,True,True,True,1,1,109.15428,109.15428,1,1,108.01212,108.01212,1,1,15.749218,15.749218,1,1,40.059479,40.059479,1,1,45.658174,45.658174,1,1,54.326467,54.326467,1,1,51.739144,51.739144,1,1,48.465285,48.465285
experiment_0a_best,file,16,,4167,072.Pomarine_Jaeger/Pomarine_Jaeger_0006_795775.jpg,72,71,072.Pomarine_Jaeger,8,7,horizontal_flip,horizontal_flip,0,"{""flipped"":true}",0.92589641,0.83378166,-0.092114747,0.39617613,0.43440342,0.13486142,0.17572974,0.26131471,0.25867368,-0.0026410222,0.72368488,0.98310996,109.15428,107.31066,False,0.95205051,True,True,True,0.72368488,0.98310996,109.15428,107.31066,0.71892263,0.98257707,108.01212,106.13023,0.94229053,1.0078563,15.749218,15.872949,0.8259237,0.92674336,40.059479,37.124856,0.63596788,0.96306887,45.658174,43.971966,0.73227523,0.9784146,54.326467,53.153808,0.67040248,1.0232726,51.739144,52.943247,0.76414614,0.99458693,48.465285,48.202939
experiment_0a_best,file,16,,4167,072.Pomarine_Jaeger/Pomarine_Jaeger_0006_795775.jpg,72,71,072.Pomarine_Jaeger,8,7,color_jitter,color_jitter,0,"{""brightness"":1.108384,""contrast"":1.214189,""hue"":-0.058694,""saturation"":1.012552}",0.92589641,1.4488553,0.52295887,0.39617613,0.23483895,0.13486142,0.21049568,0.26131471,0.024343267,-0.23697144,0.65937935,1.108758,109.15428,121.02568,False,0.91047847,True,True,True,0.65937935,1.108758,109.15428,121.02568,0.6537594,1.1058254,108.01212,119.44255,0.89948916,1.2388772,15.749218,19.511347,0.5549718,0.87199951,40.059479,34.931846,0.48128101,1.0872771,45.658174,49.643085,0.60630576,1.1306421,54.326467,61.423793,0.74700058,1.1738662,51.739144,60.734834,0.81126227,1.1525611,48.465285,55.859203
experiment_0a_best,file,16,,4167,072.Pomarine_Jaeger/Pomarine_Jaeger_0006_795775.jpg,72,71,072.Pomarine_Jaeger,8,7,rotation,rotation,0,"{""angle"":-8.048789}",0.92589641,1.1055721,0.1796757,0.39617613,0.33102146,0.13486142,0.019870806,0.26131471,0.31115065,0.049835946,0.63171248,0.98850863,109.15428,107.89995,False,0.91625118,True,True,True,0.63171248,0.98850863,109.15428,107.89995,0.62565712,0.98622785,108.01212,106.52456,0.89243212,1.0904105,15.749218,17.173113,0.77766314,0.9396948,40.059479,37.643684,0.36935063,0.96426138,45.658174,44.026414,0.58637296,0.90987061,54.326467,49.430055,0.66824417,0.99029592,51.739144,51.237063,0.73936116,1.1156398,48.465285,54.069802
experiment_0a_best,file,16,,4167,072.Pomarine_Jaeger/Pomarine_Jaeger_0006_795775.jpg,72,71,072.Pomarine_Jaeger,8,7,random_resized_crop,random_resized_crop,0,"{""area_fraction"":0.76018,""aspect"":1.060252,""fallback"":false,""height"":0.846747,""left"":0.097834,""top"":0.097424,""width"":0.897765}",0.92589641,0.64734101,-0.27855539,0.39617613,0.52343577,0.13486142,0.081699714,0.26131471,0.44173606,0.18042135,0.72041935,0.85663207,109.15428,93.505054,False,0.92822206,True,True,True,0.72041935,0.85663207,109.15428,93.505054,0.71635114,0.85714432,108.01212,92.581976,0.91781852,0.83218197,15.749218,13.106215,0.85945243,0.85088127,40.059479,34.08586,0.62600607,0.82795208,45.658174,37.80278,0.63619634,0.83079861,54.326467,45.134353,0.71951736,0.89075101,51.739144,46.086694,0.79032836,0.88011065,48.465285,42.654814
experiment_0a_best,file,16,,4167,072.Pomarine_Jaeger/Pomarine_Jaeger_0006_795775.jpg,72,71,072.Pomarine_Jaeger,8,7,gaussian_blur,gaussian_blur,0,"{""sigma"":1.865901}",0.92589641,1.3821583,0.45626187,0.39617613,0.25103617,0.13486142,0.021663621,0.26131471,0.22937255,-0.031942159,0.30345328,1.2056462,109.15428,131.60144,False,0.77392578,True,True,True,0.30345328,1.2056462,109.15428,131.60144,0.29445273,1.2055379,108.01212,130.21271,0.72498734,1.2107295,15.749218,19.068043,0.10882075,0.90147362,40.059479,36.112563,0.08166249,1.2815254,45.658174,58.51211,0.2777912,1.3418313,54.326467,72.896952,0.39823304,1.206475,51.739144,62.421982,0.51819071,1.1333492,48.465285,54.928093
experiment_0a_best,file,16,,4167,072.Pomarine_Jaeger/Pomarine_Jaeger_0006_795775.jpg,72,71,072.Pomarine_Jaeger,8,7,random_erasing,random_erasing,0,"{""area_fraction"":0.140998,""erased"":true,""height"":0.262845,""left"":0.451983,""top"":0.32393,""width"":0.536432}",0.92589641,0.19051054,-0.73538586,0.39617613,0.82653707,0.13486142,0.021554949,0.26131471,0.80498212,0.54366742,0.79460969,0.30047452,109.15428,32.79808,False,0.93955588,True,True,True,0.79460969,0.30047452,109.15428,32.79808,0.79178315,0.29971744,108.01212,32.373117,0.9184521,0.33415219,15.749218,5.2626356,0.8366108,0.31234944,40.059479,12.512556,0.63130854,0.28903704,45.658174,13.196903,0.80977262,0.29671336,54.326467,16.119389,0.82845441,0.2988724,51.739144,15.463402,0.83353969,0.3048883,48.465285,14.776498
experiment_0a_best,file,16,,5465,094.White_breasted_Nuthatch/White_Breasted_Nuthatch_0094_86156.jpg,94,93,094.White_breasted_Nuthatch,159,158,identity,identity,0,{},0.037442993,0.037442993,0,0.96324933,0.96324933,0.011816258,0.011816258,0.95143307,0.95143307,0,1,1,5.8222172,5.8222172,False,1,True,True,True,1,1,5.8222172,5.8222172,1,1,5.7224479,5.7224479,1,1,1.0732208,1.0732208,1,1,1.0366901,1.0366901,1,1,2.4256085,2.4256085,1,1,3.0288449,3.0288449,1,1,2.8560277,2.8560277,1,1,2.9081457,2.9081457
experiment_0a_best,file,16,,5465,094.White_breasted_Nuthatch/White_Breasted_Nuthatch_0094_86156.jpg,94,93,094.White_breasted_Nuthatch,159,158,horizontal_flip,horizontal_flip,0,"{""flipped"":true}",0.037442993,0.066920333,0.029477339,0.96324933,0.93526971,0.011816258,0.0025090305,0.95143307,0.93276068,-0.018672385,0.33331738,2.2618646,5.8222172,13.169067,False,0.93875086,True,True,True,0.33331738,2.2618646,5.8222172,13.169067,0.3160934,2.2659123,5.7224479,12.966565,0.85144573,2.1435885,1.0732208,2.3005437,0.32582899,2.4860906,1.0366901,2.5773056,0.25404824,2.7796879,2.4256085,6.7424348,0.19713621,2.2760707,3.0288449,6.8938651,0.28543345,2.096189,2.8560277,5.9867738,0.56750823,1.9651945,2.9081457,5.7150721
experiment_0a_best,file,16,,5465,094.White_breasted_Nuthatch/White_Breasted_Nuthatch_0094_86156.jpg,94,93,094.White_breasted_Nuthatch,159,158,color_jitter,color_jitter,0,"{""brightness"":0.792148,""contrast"":0.842138,""hue"":-0.022783,""saturation"":1.27878}",0.037442993,0.027547324,-0.0098956693,0.96324933,0.97282863,0.011816258,0.005662709,0.95143307,0.96716592,0.015732849,0.86741926,0.75544557,5.8222172,4.3983682,False,0.98731506,True,True,True,0.86741926,0.75544557,5.8222172,4.3983682,0.86356961,0.75632725,5.7224479,4.3280433,0.98135385,0.72993356,1.0732208,0.78337984,0.64173229,0.91819381,1.0366901,0.95188245,0.79656553,0.81604653,2.4256085,1.9794094,0.87295968,0.73260876,3.0288449,2.2189583,0.88645308,0.72029541,2.8560277,2.0571837,0.92356208,0.74958987,2.9081457,2.1799166
experiment_0a_best,file,16,,5465,094.White_breasted_Nuthatch/White_Breasted_Nuthatch_0094_86156.jpg,94,93,094.White_breasted_Nuthatch,159,158,rotation,rotation,0,"{""angle"":4.976136}",0.037442993,0.020674093,-0.016768901,0.96324933,0.97953814,0.011816258,0.0097047221,0.95143307,0.96983342,0.018400352,0.74188361,0.62022575,5.8222172,3.611089,False,0.97066033,True,True,True,0.74188361,0.62022575,5.8222172,3.611089,0.73478256,0.62100678,5.7224479,3.553679,0.95221049,0.59759366,1.0732208,0.64134992,0.59900098,0.58962759,1.0366901,0.6112611,0.61773383,0.63272003,2.4256085,1.5347311,0.7304792,0.66965204,3.0288449,2.0282722,0.76301599,0.59762102,2.8560277,1.7068222,0.82293249,0.58278878,2.9081457,1.6948347
experiment_0a_best,file,16,,5465,094.White_breasted_Nuthatch/White_Breasted_Nuthatch_0094_86156.jpg,94,93,094.White_breasted_Nuthatch,159,158,random_resized_crop,random_resized_crop,0,"{""area_fraction"":0.731683,""aspect"":1.260157,""fallback"":false,""height"":0.76199,""left"":0.012713,""top"":0.223077,""width"":0.960227}",0.037442993,0.15713942,0.11969643,0.96324933,0.85458493,0.011816258,0.025246657,0.95143307,0.82933827,-0.12209479,0.67618006,4.6368466,5.8222172,26.996728,False,0.9417522,True,True,True,0.67618006,4.6368466,5.8222172,26.996728,0.66926881,4.6596307,5.7224479,26.664494,0.91832037,3.9342602,1.0732208,4.2223297,0.26925409,5.3096512,1.0366901,5.5044629,0.60476992,5.5135273,2.4256085,13.373659,0.73127044,4.5510579,3.0288449,13.784449,0.6562983,4.5036858,2.8560277,12.862652,0.74819188,4.160337,2.9081457,12.098866
experiment_0a_best,file,16,,5465,094.White_breasted_Nuthatch/White_Breasted_Nuthatch_0094_86156.jpg,94,93,094.White_breasted_Nuthatch,159,158,gaussian_blur,gaussian_blur,0,"{""sigma"":1.092889}",0.037442993,0.069259167,0.031816173,0.96324933,0.93308485,0.011816258,0.02766384,0.95143307,0.90542101,-0.046012063,0.6872954,2.2294234,5.8222172,12.980187,False,0.94841814,True,True,True,0.6872954,2.2294234,5.8222172,12.980187,0.68049169,2.2411389,5.7224479,12.824801,0.93088309,1.86582,1.0732208,2.0024368,0.29416047,1.9512039,1.0366901,2.0227938,0.5427865,2.5494737,2.4256085,6.1840252,0.6993951,2.4552595,3.0288449,7.4366003,0.72217395,2.054641,2.8560277,5.8681117,0.80494683,1.9574127,2.9081457,5.6924413
experiment_0a_best,file,16,,5465,094.White_breasted_Nuthatch/White_Breasted_Nuthatch_0094_86156.jpg,94,93,094.White_breasted_Nuthatch,159,158,random_erasing,random_erasing,0,"{""area_fraction"":0.16529,""erased"":true,""height"":0.504085,""left"":0.44461,""top"":0.011164,""width"":0.327902}",0.037442993,0.15289858,0.11545559,0.96324933,0.85821676,0.011816258,0.042830009,0.95143307,0.81538675,-0.13604631,0.77691067,3.8761619,5.8222172,22.567856,False,0.92492741,True,True,True,0.77691067,3.8761619,5.8222172,22.567856,0.77226528,3.8794092,5.7224479,22.199717,0.91259895,3.7826708,1.0732208,4.0596408,0.79875093,3.9251879,1.0366901,4.0692035,0.73883044,4.2068706,2.4256085,10.204221,0.80091982,3.8698008,3.0288449,11.721026,0.7503196,3.9222776,2.8560277,11.202134,0.78981817,3.594509,2.9081457,10.453356
experiment_0a_best,file,16,,6768,116.Chipping_Sparrow/Chipping_Sparrow_0037_109851.jpg,116,115,116.Chipping_Sparrow,130,129,identity,identity,0,{},0.22854903,0.22854903,0,0.79568726,0.79568726,0.17895992,0.17895992,0.61672734,0.61672734,0,1,1,40.699777,40.699777,False,1,True,True,True,1,1,40.699777,40.699777,1,1,39.755234,39.755234,1,1,8.7174076,8.7174076,1,1,7.7654087,7.7654087,1,1,16.480819,16.480819,1,1,23.699116,23.699116,1,1,18.938978,18.938978,1,1,18.117028,18.117028
experiment_0a_best,file,16,,6768,116.Chipping_Sparrow/Chipping_Sparrow_0037_109851.jpg,116,115,116.Chipping_Sparrow,130,129,horizontal_flip,horizontal_flip,0,"{""flipped"":true}",0.22854903,0.10271875,-0.12583029,0.79568726,0.9023807,0.17895992,0.068668708,0.61672734,0.833712,0.21698466,0.67908659,0.41171155,40.699777,16.756568,False,0.96400321,True,True,True,0.67908659,0.41171155,40.699777,16.756568,0.66549454,0.41129894,39.755234,16.351286,0.95592903,0.42020089,8.7174076,3.6630625,0.38214049,0.46733494,7.7654087,3.6290469,0.44474132,0.39768584,16.480819,6.5541883,0.73514233,0.39194128,23.699116,9.288662,0.70598672,0.43145332,18.938978,8.1712848,0.74320664,0.42104637,18.117028,7.628109
experiment_0a_best,file,16,,6768,116.Chipping_Sparrow/Chipping_Sparrow_0037_109851.jpg,116,115,116.Chipping_Sparrow,130,129,color_jitter,color_jitter,0,"{""brightness"":1.263151,""contrast"":0.831041,""hue"":0.078689,""saturation"":0.79458}",0.22854903,1.6394572,1.4109082,0.79568726,0.19408536,0.17895992,0.008618529,0.61672734,0.18546683,-0.43126051,0.22363025,3.6514452,40.699777,148.61301,False,0.84199739,False,True,False,0.22363025,3.6514452,40.699777,148.61301,0.21066345,3.6905142,39.755234,146.71726,0.60056778,2.7142948,8.7174076,23.661614,-0.46187821,5.4575545,7.7654087,42.380141,-0.14153207,4.2985862,16.480819,70.844221,0.30237602,3.4681446,23.699116,82.191962,0.38184802,3.501786,18.938978,66.320246,0.44182238,3.2920002,18.117028,59.641261
experiment_0a_best,file,16,,6768,116.Chipping_Sparrow/Chipping_Sparrow_0037_109851.jpg,116,115,116.Chipping_Sparrow,130,129,rotation,rotation,0,"{""angle"":2.561204}",0.22854903,0.44132808,0.21277905,0.79568726,0.64318168,0.17895992,0.16510685,0.61672734,0.47807483,-0.1386525,0.76161604,1.4673695,40.699777,59.721612,False,0.97481906,True,True,True,0.76161604,1.4673695,40.699777,59.721612,0.75438548,1.4661066,39.755234,58.285412,0.90937062,1.4933927,8.7174076,13.018513,0.63882043,1.4568418,7.7654087,11.312972,0.57580101,1.5515965,16.480819,25.571582,0.81085183,1.4172778,23.699116,33.588231,0.78402417,1.4809508,18.938978,28.047693,0.80778114,1.4608447,18.117028,26.466164
experiment_0a_best,file,16,,6768,116.Chipping_Sparrow/Chipping_Sparrow_0037_109851.jpg,116,115,116.Chipping_Sparrow,130,129,random_resized_crop,random_resized_crop,0,"{""area_fraction"":0.890666,""aspect"":0.943882,""fallback"":false,""height"":0.971401,""left"":0.079262,""top"":0.008919,""width"":0.916888}",0.22854903,0.31968451,0.091135472,0.79568726,0.72637814,0.17895992,0.17394851,0.61672734,0.55242963,-0.064297706,0.8252294,1.3206913,40.699777,53.751843,False,0.97973603,True,True,True,0.8252294,1.3206913,40.699777,53.751843,0.81936508,1.3259631,39.755234,52.713976,0.96291098,1.2058372,8.7174076,10.511774,0.54350603,1.3637376,7.7654087,10.58998,0.73207343,1.4450461,16.480819,23.815544,0.86628839,1.3256022,23.699116,31.4156,0.84727638,1.3142937,18.938978,24.89138,0.84698667,1.2254594,18.117028,22.201682
experiment_0a_best,file,16,,6768,116.Chipping_Sparrow/Chipping_Sparrow_0037_109851.jpg,116,115,116.Chipping_Sparrow,130,129,gaussian_blur,gaussian_blur,0,"{""sigma"":1.929024}",0.22854903,0.60189712,0.37334809,0.79568726,0.54777145,0.17895992,0.3181217,0.61672734,0.22964975,-0.38707758,0.66934427,2.1128803,40.699777,85.993756,False,0.93849075,True,True,True,0.66934427,2.1128803,40.699777,85.993756,0.65842441,2.1236971,39.755234,84.428078,0.93177451,1.8738142,8.7174076,16.334802,0.64853249,1.8407265,7.7654087,14.293993,0.49316006,2.282534,16.480819,37.61803,0.6674554,2.1486774,23.699116,50.921756,0.71290783,2.1351346,18.938978,40.437266,0.7416106,1.9751379,18.117028,35.783629
experiment_0a_best,file,16,,6768,116.Chipping_Sparrow/Chipping_Sparrow_0037_109851.jpg,116,115,116.Chipping_Sparrow,130,129,random_erasing,random_erasing,0,"{""area_fraction"":0.127007,""erased"":true,""height"":0.22867,""left"":0.109577,""top"":0.098618,""width"":0.555417}",0.22854903,2.0434337,1.8148846,0.79568726,0.129583,0.17895992,0.071954638,0.61672734,0.057628363,-0.55909897,0.35373723,3.1071049,40.699777,126.45848,False,0.82896471,False,True,False,0.35373723,3.1071049,40.699777,126.45848,0.33952212,3.1094787,39.755234,123.61806,0.65447013,3.0573181,8.7174076,26.651888,-0.0067561896,3.248364,7.7654087,25.224874,0.013095066,3.4366802,16.480819,56.639305,0.39228528,2.6809145,23.699116,63.535305,0.47874624,3.1300758,18.938978,59.280436,0.46882996,3.4409342,18.117028,62.339503
experiment_0a_best,file,16,,984,018.Spotted_Catbird/Spotted_Catbird_0013_19428.jpg,18,17,018.Spotted_Catbird,168,167,identity,identity,0,{},0.0040671262,0.0040671262,0,0.99594116,0.99594116,0.00055205298,0.00055205298,0.99538911,0.99538911,0,1,1,0.772603,0.772603,False,1,True,True,True,1,1,0.772603,0.772603,1,1,0.76212699,0.76212699,1,1,0.12679848,0.12679848,1,1,0.18964031,0.18964031,1,1,0.35692118,0.35692118,1,1,0.4218373,0.4218373,1,1,0.33432997,0.33432997,1,1,0.35743269,0.35743269
experiment_0a_best,file,16,,984,018.Spotted_Catbird/Spotted_Catbird_0013_19428.jpg,18,17,018.Spotted_Catbird,168,167,horizontal_flip,horizontal_flip,0,"{""flipped"":true}",0.0040671262,0.0037678932,-0.00029923301,0.99594116,0.99623919,0.00055205298,0.00039840522,0.99538911,0.99584078,0.00045167099,0.69063558,0.96729696,0.772603,0.74733653,False,0.96912587,True,True,True,0.69063558,0.96729696,0.772603,0.74733653,0.68339801,0.96851513,0.76212699,0.73813152,0.96604021,0.92220989,0.12679848,0.11693481,0.59157858,0.74979379,0.18964031,0.14219113,0.61010007,0.97009708,0.35692118,0.34624819,0.72227776,0.99248037,0.4218373,0.41866524,0.64471208,1.0081106,0.33432997,0.33704159,0.76348922,0.95227413,0.35743269,0.3403739
experiment_0a_best,file,16,,984,018.Spotted_Catbird/Spotted_Catbird_0013_19428.jpg,18,17,018.Spotted_Catbird,168,167,color_jitter,color_jitter,0,"{""brightness"":0.817799,""contrast"":1.01149,""hue"":0.06853,""saturation"":1.199451}",0.0040671262,0.00097977789,-0.0030873483,0.99594116,0.9990207,0.00055205298,0.00039129896,0.99538911,0.9986294,0.0032402876,0.76132081,0.27972227,0.772603,0.21611427,False,0.960657,True,True,True,0.76132081,0.27972227,0.772603,0.21611427,0.75677623,0.27985362,0.76212699,0.213284,0.92855465,0.27493501,0.12679848,0.034861341,0.51974102,0.27999741,0.18964031,0.053098796,0.74403692,0.2708915,0.35692118,0.096686913,0.78908322,0.2928153,0.4218373,0.12352042,0.72917915,0.28949218,0.33432997,0.096785912,0.82176571,0.2609161,0.35743269,0.093259942
experiment_0a_best,file,16,,984,018.Spotted_Catbird/Spotted_Catbird_0013_19428.jpg,18,17,018.Spotted_Catbird,168,167,rotation,rotation,0,"{""angle"":14.697701}",0.0040671262,0.018922411,0.014855285,0.99594116,0.98125547,0.00055205298,0.0015960358,0.99538911,0.97965944,-0.015729673,0.78386246,4.3649083,0.772603,3.3723412,False,0.97375309,True,True,True,0.78386246,4.3649083,0.772603,3.3723412,0.77899874,4.3709779,0.76212699,3.3312402,0.97051939,4.1396681,0.12679848,0.52490362,0.76296886,5.8122995,0.18964031,1.1022463,0.72867328,4.0948381,0.35692118,1.4615345,0.82091198,4.2052059,0.4218373,1.7739127,0.72179887,4.232528,0.33432997,1.415061,0.83744563,4.5085721,0.35743269,1.6115111
experiment_0a_best,file,16,,984,018.Spotted_Catbird/Spotted_Catbird_0013_19428.jpg,18,17,018.Spotted_Catbird,168,167,random_resized_crop,random_resized_crop,0,"{""area_fraction"":0.789653,""aspect"":1.117926,""fallback"":false,""height"":0.840449,""left"":0.009471,""top"":0.107469,""width"":0.93956}",0.0040671262,0.0060588974,0.0019917712,0.99594116,0.99395943,0.00055205298,0.00072708004,0.99538911,0.99323235,-0.0021567623,0.81680646,1.5853821,0.772603,1.224871,False,0.97976482,True,True,True,0.81680646,1.5853821,0.772603,1.224871,0.81275577,1.5880831,0.76212699,1.210321,0.97516477,1.4845135,0.12679848,0.18823406,0.75730856,1.5658443,0.18964031,0.29694719,0.80613518,1.6407875,0.35692118,0.58563181,0.84407338,1.6357047,0.4218373,0.69000125,0.75412637,1.5547447,0.33432997,0.51979774,0.84439725,1.4999672,0.35743269,0.53613732
experiment_0a_best,file,16,,984,018.Spotted_Catbird/Spotted_Catbird_0013_19428.jpg,18,17,018.Spotted_Catbird,168,167,gaussian_blur,gaussian_blur,0,"{""sigma"":1.044385}",0.0040671262,0.020390067,0.016322941,0.99594116,0.97981638,0.00055205298,0.0035988137,0.99538911,0.97621756,-0.019171546,0.72270456,5.9731334,0.772603,4.6148608,False,0.9584347,True,True,True,0.72270456,5.9731334,0.772603,4.6148608,0.71868274,6.010224,0.76212699,4.5805539,0.95306424,4.4295807,0.12679848,0.5616641,0.66819647,6.8704346,0.18964031,1.3029113,0.66060193,6.5648363,0.35692118,2.3431291,0.74514181,5.9902078,0.4218373,2.5268931,0.69784761,6.1409198,0.33432997,2.0530935,0.8110578,4.9994574,0.35743269,1.7869695
experiment_0a_best,file,16,,984,018.Spotted_Catbird/Spotted_Catbird_0013_19428.jpg,18,17,018.Spotted_Catbird,168,167,random_erasing,random_erasing,0,"{""area_fraction"":0.135519,""erased"":true,""height"":0.380383,""left"":0.238558,""top"":0.14462,""width"":0.356269}",0.0040671262,0.043375418,0.039308291,0.99594116,0.95755184,0.00055205298,0.0073763686,0.99538911,0.95017547,-0.045213641,0.72695824,8.1881345,0.772603,6.3261773,False,0.95234895,True,True,True,0.72695824,8.1881345,0.772603,6.3261773,0.7199467,8.1312617,0.76212699,6.197054,0.94784827,10.028742,0.12679848,1.2716292,0.5055129,5.5368765,0.18964031,1.050015,0.65985771,6.6458077,0.35692118,2.3720295,0.77946049,8.0069105,0.4218373,3.3776135,0.67171446,8.5727162,0.33432997,2.866116,0.79520296,9.7124055,0.35743269,3.4715312
experiment_0a_best,file,16,,10060,171.Myrtle_Warbler/Myrtle_Warbler_0037_166690.jpg,171,170,171.Myrtle_Warbler,122,121,identity,identity,0,{},0.35572675,0.35572675,0,0.70066404,0.70066404,0.038776666,0.038776666,0.66188738,0.66188738,0,1,1,53.860443,53.860443,False,1,True,True,True,1,1,53.860443,53.860443,1,1,53.148397,53.148397,1,1,8.7289856,8.7289856,1,1,13.752261,13.752261,1,1,24.908611,24.908611,1,1,28.694044,28.694044,1,1,25.992609,25.992609,1,1,22.720577,22.720577
experiment_0a_best,file,16,,10060,171.Myrtle_Warbler/Myrtle_Warbler_0037_166690.jpg,171,170,171.Myrtle_Warbler,122,121,horizontal_flip,horizontal_flip,0,"{""flipped"":true}",0.35572675,0.044503145,-0.3112236,0.70066404,0.95647258,0.038776666,0.0021528681,0.66188738,0.95431971,0.29243233,0.7362723,0.13846663,53.860443,7.4578739,False,0.96734202,True,True,True,0.7362723,0.13846663,53.860443,7.4578739,0.7296475,0.13797568,53.148397,7.333186,0.95923979,0.15557797,8.7289856,1.3580379,0.78148865,0.14616736,13.752261,2.0101317,0.7055054,0.1293908,24.908611,3.2229451,0.74354114,0.132598,28.694044,3.8047728,0.69066699,0.13769716,25.992609,3.5791084,0.76936866,0.15285431,22.720577,3.4729381
experiment_0a_best,file,16,,10060,171.Myrtle_Warbler/Myrtle_Warbler_0037_166690.jpg,171,170,171.Myrtle_Warbler,122,121,color_jitter,color_jitter,0,"{""brightness"":1.017565,""contrast"":0.946623,""hue"":0.053503,""saturation"":0.711178}",0.35572675,0.33555627,-0.02017048,0.70066404,0.71494025,0.038776666,0.019024702,0.66188738,0.69591555,0.034028171,0.67416755,1.0843513,53.860443,58.403641,False,0.91726166,True,True,True,0.67416755,1.0843513,53.860443,58.403641,0.66931584,1.0848459,53.148397,57.657822,0.85734075,1.0658525,8.7289856,9.3038111,0.70369224,0.93401921,13.752261,12.844876,0.53042687,1.0273174,24.908611,25.58905,0.72377821,1.2151242,28.694044,34.866828,0.68487431,1.0581338,25.992609,27.503657,0.71514171,1.0156294,22.720577,23.075685
experiment_0a_best,file,16,,10060,171.Myrtle_Warbler/Myrtle_Warbler_0037_166690.jpg,171,170,171.Myrtle_Warbler,122,121,rotation,rotation,0,"{""angle"":8.435712}",0.35572675,0.27240363,-0.083323121,0.70066404,0.76154679,0.038776666,0.080183968,0.66188738,0.68136282,0.019475445,0.79765898,0.9291369,53.860443,50.043725,False,0.96205586,True,True,True,0.79765898,0.9291369,53.860443,50.043725,0.79433283,0.93150614,53.148397,49.508058,0.93946168,0.83658134,8.7289856,7.3025065,0.77884161,0.99547729,13.752261,13.690064,0.83961827,1.0615251,24.908611,26.441117,0.78427572,0.94794882,28.694044,27.200485,0.76759255,0.84916486,25.992609,22.07201,0.80981254,0.80851867,22.720577,18.370011
experiment_0a_best,file,16,,10060,171.Myrtle_Warbler/Myrtle_Warbler_0037_166690.jpg,171,170,171.Myrtle_Warbler,122,121,random_resized_crop,random_resized_crop,0,"{""area_fraction"":0.654372,""aspect"":1.288789,""fallback"":false,""height"":0.71256,""left"":0.072134,""top"":0.16326,""width"":0.91834}",0.35572675,0.080498971,-0.27522778,0.70066404,0.92265588,0.038776666,0.013389446,0.66188738,0.90926643,0.24737906,0.66822085,0.28201789,53.860443,15.189608,False,0.94178522,True,True,True,0.66822085,0.28201789,53.860443,15.189608,0.66138135,0.28233526,53.148397,15.005666,0.9340253,0.2699889,8.7289856,2.3567293,0.53594777,0.25425267,13.752261,3.4965491,0.66094457,0.31066507,24.908611,7.7382354,0.67175233,0.3022358,28.694044,8.6723676,0.64920675,0.25286699,25.992609,6.5726728,0.71946335,0.25909359,22.720577,5.8867559
experiment_0a_best,file,16,,10060,171.Myrtle_Warbler/Myrtle_Warbler_0037_166690.jpg,171,170,171.Myrtle_Warbler,122,121,gaussian_blur,gaussian_blur,0,"{""sigma"":1.694767}",0.35572675,2.9365969,2.5808701,0.70066404,0.053045936,0.038776666,0.026393229,0.66188738,0.026652707,-0.63523467,0.43001935,2.8984219,53.860443,156.11029,False,0.88179749,False,True,False,0.43001935,2.8984219,53.860443,156.11029,0.4175585,2.8896978,53.148397,153.5828,0.84875374,3.2051346,8.7289856,27.977574,-0.27466189,3.5523917,13.752261,48.853419,0.23332146,2.8736161,24.908611,71.577786,0.51901678,2.7123921,28.694044,77.829501,0.54906172,2.9402633,25.992609,76.425114,0.63120316,2.8453668,22.720577,64.648375
experiment_0a_best,file,16,,10060,171.Myrtle_Warbler/Myrtle_Warbler_0037_166690.jpg,171,170,171.Myrtle_Warbler,122,121,random_erasing,random_erasing,0,"{""area_fraction"":0.088983,""erased"":true,""height"":0.419517,""left"":0.145771,""top"":0.099155,""width"":0.212109}",0.35572675,0.16279383,-0.19293292,0.70066404,0.84976637,0.038776666,0.021106293,0.66188738,0.82866008,0.1667727,0.94365294,0.50518625,53.860443,27.209555,False,0.99041104,True,True,True,0.94365294,0.50518625,53.860443,27.209555,0.94243572,0.50411607,53.148397,26.792961,0.9880976,0.54337513,8.7289856,4.7431137,0.93943987,0.46347784,13.752261,6.3738683,0.96137099,0.5041544,24.908611,12.557786,0.9538094,0.50787241,28.694044,14.572913,0.92401778,0.49093226,25.992609,12.76061,0.92924176,0.52877069,22.720577,12.013975
experiment_0a_best,file,16,,8280,141.Artic_Tern/Artic_Tern_0052_143244.jpg,141,140,141.Artic_Tern,146,145,identity,identity,0,{},0.62356591,0.62356591,0,0.53602958,0.53602958,0.23853025,0.23853025,0.29749933,0.29749933,0,1,1,63.943496,63.943496,False,1,True,True,True,1,1,63.943496,63.943496,1,1,61.877046,61.877046,1,1,16.124573,16.124573,1,1,12.266941,12.266941,1,1,25.113803,25.113803,1,1,32.183432,32.183432,1,1,32.491871,32.491871,1,1,30.920752,30.920752
experiment_0a_best,file,16,,8280,141.Artic_Tern/Artic_Tern_0052_143244.jpg,141,140,141.Artic_Tern,146,145,horizontal_flip,horizontal_flip,0,"{""flipped"":true}",0.62356591,0.33023116,-0.29333475,0.53602958,0.71875757,0.23853025,0.12050738,0.29749933,0.59825019,0.30075086,0.70577941,0.63841496,63.943496,40.822484,False,0.9774158,True,True,True,0.70577941,0.63841496,63.943496,40.822484,0.6887496,0.63900574,61.877046,39.539788,0.96035702,0.62965103,16.124573,10.152854,0.19996363,0.58546786,12.266941,7.1818997,0.6741982,0.61659455,25.113803,15.485034,0.7200672,0.64355291,32.183432,20.711741,0.67853032,0.65156434,32.491871,21.170545,0.7463415,0.64264611,30.920752,19.871101
experiment_0a_best,file,16,,8280,141.Artic_Tern/Artic_Tern_0052_143244.jpg,141,140,141.Artic_Tern,146,145,color_jitter,color_jitter,0,"{""brightness"":0.863991,""contrast"":1.344464,""hue"":0.001178,""saturation"":1.189461}",0.62356591,0.96610677,0.34254086,0.53602958,0.38056177,0.23853025,0.16599689,0.29749933,0.21456487,-0.082934454,0.80746941,1.3379937,63.943496,85.555992,False,0.98804128,True,True,True,0.80746941,1.3379937,63.943496,85.555992,0.79850918,1.3453392,61.877046,83.245614,0.95576701,1.2247335,16.124573,19.748305,0.72880071,1.3537651,12.266941,16.606557,0.79485736,1.5528675,25.113803,38.998408,0.81017514,1.455995,32.183432,46.858916,0.77831885,1.1993114,32.491871,38.967872,0.84044197,1.2182313,30.920752,37.668629
experiment_0a_best,file,16,,8280,141.Artic_Tern/Artic_Tern_0052_143244.jpg,141,140,141.Artic_Tern,146,145,rotation,rotation,0,"{""angle"":-4.46107}",0.62356591,0.40435147,-0.21921444,0.53602958,0.66740948,0.23853025,0.16568498,0.29749933,0.5017245,0.20422517,0.81759984,0.71853373,63.943496,45.945559,False,0.98075384,True,True,True,0.81759984,0.71853373,63.943496,45.945559,0.80668333,0.71258925,61.877046,44.092918,0.96581346,0.80097967,16.124573,12.915455,0.55832908,0.74178393,12.266941,9.0994198,0.84880749,0.73343929,25.113803,18.41945,0.79838944,0.72682973,32.183432,23.391875,0.79382622,0.67688983,32.491871,21.993417,0.84284988,0.71678316,30.920752,22.163474
experiment_0a_best,file,16,,8280,141.Artic_Tern/Artic_Tern_0052_143244.jpg,141,140,141.Artic_Tern,146,145,random_resized_crop,random_resized_crop,0,"{""area_fraction"":0.844602,""aspect"":1.148058,""fallback"":false,""height"":0.857717,""left"":0.010646,""top"":0.114432,""width"":0.984709}",0.62356591,0.26552817,-0.35803774,0.53602958,0.76680082,0.23853025,0.11525421,0.29749933,0.65154661,0.35404728,0.80741532,0.52687046,63.943496,33.689939,False,0.98403406,True,True,True,0.80741532,0.52687046,63.943496,33.689939,0.79497112,0.52489688,61.877046,32.479069,0.98187107,0.55512132,16.124573,8.9510941,0.54854226,0.59032745,12.266941,7.2415121,0.80813579,0.5179203,25.113803,13.006948,0.80840665,0.51125589,32.183432,16.453969,0.79623271,0.51294642,32.491871,16.666589,0.81581941,0.54574595,30.920752,16.874875
experiment_0a_best,file,16,,8280,141.Artic_Tern/Artic_Tern_0052_143244.jpg,141,140,141.Artic_Tern,146,145,gaussian_blur,gaussian_blur,0,"{""sigma"":1.945791}",0.62356591,1.0772935,0.4537276,0.53602958,0.34051588,0.23853025,0.18981569,0.29749933,0.1507002,-0.14679913,0.47292996,1.5442826,63.943496,98.746828,False,0.94503474,True,True,True,0.47292996,1.5442826,63.943496,98.746828,0.44707108,1.5545957,61.877046,96.193789,0.90383931,1.3835397,16.124573,22.308987,-0.034517875,2.117492,12.266941,25.97515,0.22489798,1.8243604,25.113803,45.816628,0.45491273,1.6506682,32.183432,53.124167,0.56139329,1.3562468,32.491871,44.066998,0.64944354,1.3394283,30.920752,41.41613
experiment_0a_best,file,16,,8280,141.Artic_Tern/Artic_Tern_0052_143244.jpg,141,140,141.Artic_Tern,146,145,random_erasing,random_erasing,0,"{""area_fraction"":0.126353,""erased"":true,""height"":0.259809,""left"":0.21206,""top"":0.254798,""width"":0.486328}",0.62356591,0.48873776,-0.13482815,0.53602958,0.61340016,0.23853025,0.033117197,0.29749933,0.58028296,0.28278363,0.53610837,1.2443838,63.943496,79.570247,False,0.94716597,True,True,True,0.53610837,1.2443838,63.943496,79.570247,0.52218575,1.2599118,61.877046,77.959618,0.81272183,0.98784999,16.124573,15.928659,0.38967281,1.3706219,12.266941,16.813338,0.64050139,1.5623321,25.113803,39.236102,0.55174805,1.3544788,32.183432,43.591775,0.43389013,1.09791,32.491871,35.67315,0.52140291,1.0641654,30.920752,32.904796
experiment_0a_best,file,16,,7704,132.White_crowned_Sparrow/White_Crowned_Sparrow_0021_127092.jpg,132,131,132.White_crowned_Sparrow,119,118,identity,identity,0,{},6.1579776,6.1579776,0,0.0021165297,0.0021165297,0.84439766,0.84439766,-0.84228113,-0.84228113,0,1,1,220.26214,220.26214,False,0.99999988,True,False,False,1,1,220.26214,220.26214,1,1,217.34435,217.34435,1,1,35.732967,35.732967,1,1,47.320866,47.320866,1,1,113.65172,113.65172,1,1,120.9833,120.9833,1,1,96.456942,96.456942,1,1,90.231302,90.231302
experiment_0a_best,file,16,,7704,132.White_crowned_Sparrow/White_Crowned_Sparrow_0021_127092.jpg,132,131,132.White_crowned_Sparrow,119,118,horizontal_flip,horizontal_flip,0,"{""flipped"":true}",6.1579776,7.89223,1.7342525,0.0021165297,0.0003736355,0.84439766,0.81201106,-0.84228113,-0.81163743,0.030643707,0.62292053,0.72863473,220.26214,160.49065,False,0.94504225,True,False,False,0.62292053,0.72863473,220.26214,160.49065,0.61244406,0.72259667,217.34435,157.0523,0.94419093,0.92471249,35.732967,33.042721,0.67613911,0.62500492,47.320866,29.575774,0.69873556,0.68878869,113.65172,78.28202,0.56035238,0.6746107,120.9833,81.616629,0.53212929,0.76836895,96.456942,74.114519,0.65783184,0.8225363,90.231302,74.218521
experiment_0a_best,file,16,,7704,132.White_crowned_Sparrow/White_Crowned_Sparrow_0021_127092.jpg,132,131,132.White_crowned_Sparrow,119,118,color_jitter,color_jitter,0,"{""brightness"":1.049829,""contrast"":1.097562,""hue"":0.039454,""saturation"":0.644303}",6.1579776,4.9860764,-1.1719012,0.0021165297,0.0068324208,0.84439766,0.069383368,-0.84228113,-0.062550947,0.77973019,0.60552403,0.71066814,220.26214,156.53329,False,0.91043133,False,False,False,0.60552403,0.71066814,220.26214,156.53329,0.60270755,0.71014689,217.34435,154.34641,0.70714965,0.72969109,35.732967,26.074028,0.71778928,0.63840624,47.320866,30.209936,0.46223749,0.73362806,113.65172,83.378092,0.66976243,0.67577275,120.9833,81.757219,0.64936126,0.73775023,96.456942,71.161131,0.63714771,0.71910117,90.231302,64.885435
experiment_0a_best,file,16,,7704,132.White_crowned_Sparrow/White_Crowned_Sparrow_0021_127092.jpg,132,131,132.White_crowned_Sparrow,119,118,rotation,rotation,0,"{""angle"":8.766807}",6.1579776,8.2039852,2.0460076,0.0021165297,0.00027356116,0.84439766,0.76528668,-0.84228113,-0.76501312,0.077268011,0.7459129,0.74488022,220.26214,164.06891,False,0.93509793,True,False,False,0.7459129,0.74488022,220.26214,164.06891,0.74037818,0.73597759,217.34435,159.96057,0.93234804,1.0210722,35.732967,36.485939,0.7213855,0.7796779,47.320866,36.895033,0.76299671,0.73650693,113.65172,83.70528,0.76546925,0.68066775,120.9833,82.349432,0.6766229,0.70554945,96.456942,68.055142,0.74965213,0.84451053,90.231302,76.201285
experiment_0a_best,file,16,,7704,132.White_crowned_Sparrow/White_Crowned_Sparrow_0021_127092.jpg,132,131,132.White_crowned_Sparrow,119,118,random_resized_crop,random_resized_crop,0,"{""area_fraction"":0.770652,""aspect"":1.017924,""fallback"":false,""height"":0.870105,""left"":0.010887,""top"":0.090291,""width"":0.8857}",6.1579776,4.7400117,-1.4179659,0.0021165297,0.0087385448,0.84439766,0.39571992,-0.84228113,-0.38698137,0.45529976,0.76209117,0.72948585,220.26214,160.67812,False,0.94936323,True,False,False,0.76209117,0.72948585,220.26214,160.67812,0.7586013,0.72921162,217.34435,158.49003,0.88947077,0.73955997,35.732967,26.426672,0.80839858,0.78741758,47.320866,37.261281,0.80137982,0.77420139,113.65172,87.989321,0.77116506,0.68727396,120.9833,83.148673,0.69500035,0.71899519,96.456942,69.352077,0.72721425,0.72378578,90.231302,65.308134
experiment_0a_best,file,16,,7704,132.White_crowned_Sparrow/White_Crowned_Sparrow_0021_127092.jpg,132,131,132.White_crowned_Sparrow,119,118,gaussian_blur,gaussian_blur,0,"{""sigma"":1.883853}",6.1579776,8.2988625,2.1408849,0.0021165297,0.00024879957,0.84439766,0.66021407,-0.84228113,-0.65996527,0.18231587,0.56759543,0.88104249,220.26214,194.06031,False,0.82383454,True,False,False,0.56759543,0.88104249,220.26214,194.06031,0.56066536,0.88028663,217.34435,191.32533,0.8162788,0.90856456,35.732967,32.465708,0.69699148,0.95736287,47.320866,45.30324,0.59823452,0.93544856,113.65172,106.31534,0.54785468,0.84590197,120.9833,102.34001,0.49048401,0.84539199,96.456942,81.543926,0.55935146,0.86750549,90.231302,78.27615
experiment_0a_best,file,16,,7704,132.White_crowned_Sparrow/White_Crowned_Sparrow_0021_127092.jpg,132,131,132.White_crowned_Sparrow,119,118,random_erasing,random_erasing,0,"{""area_fraction"":0.181757,""erased"":true,""height"":0.354866,""left"":0.257979,""top"":0.546445,""width"":0.512184}",6.1579776,6.3425379,0.1845603,0.0021165297,0.0017598303,0.84439766,0.45691389,-0.84228113,-0.45515406,0.38712708,0.80770067,0.68458173,220.26214,150.78744,False,0.90902591,True,False,False,0.80770067,0.68458173,220.26214,150.78744,0.80666702,0.68016241,217.34435,147.82946,0.85484423,0.83173674,35.732967,29.720422,0.87880039,0.6488136,47.320866,30.702421,0.87075535,0.69115445,113.65172,78.550893,0.81523478,0.64690484,120.9833,78.264683,0.76990045,0.6909752,96.456942,66.649355,0.72036486,0.71593863,90.231302,64.600075
experiment_0a_best,file,16,,2932,051.Horned_Grebe/Horned_Grebe_0066_34738.jpg,51,50,051.Horned_Grebe,50,49,identity,identity,0,{},0.94172436,0.94172436,0,0.38995484,0.38995484,0.57807791,0.57807791,-0.18812308,-0.18812308,0,1,1,137.07413,137.07413,False,1,True,False,False,1,1,137.07413,137.07413,1,1,135.092,135.092,1,1,23.226471,23.226471,1,1,21.891355,21.891355,1,1,55.123291,55.123291,1,1,70.889911,70.889911,1,1,74.674647,74.674647,1,1,64.267853,64.267853
experiment_0a_best,file,16,,2932,051.Horned_Grebe/Horned_Grebe_0066_34738.jpg,51,50,051.Horned_Grebe,50,49,horizontal_flip,horizontal_flip,0,"{""flipped"":true}",0.94172436,0.68895358,-0.25277078,0.38995484,0.50210124,0.57807791,0.47984454,-0.18812308,0.022256702,0.21037978,0.68267211,0.94690537,137.07413,129.79623,False,0.97253132,False,False,True,0.68267211,0.94690537,137.07413,129.79623,0.67555165,0.95057494,135.092,128.41507,0.97243385,0.8130675,23.226471,18.884688,0.65516703,1.0103992,21.891355,22.119008,0.62142435,0.92401579,55.123291,50.934792,0.67823026,1.0174031,70.889911,72.123615,0.65477953,0.95010918,74.674647,70.949068,0.7517179,0.87623536,64.267853,56.313766
experiment_0a_best,file,16,,2932,051.Horned_Grebe/Horned_Grebe_0066_34738.jpg,51,50,051.Horned_Grebe,50,49,color_jitter,color_jitter,0,"{""brightness"":0.637344,""contrast"":0.871301,""hue"":0.017751,""saturation"":1.125079}",0.94172436,2.8488684,1.907144,0.38995484,0.057909805,0.57807791,0.84498042,-0.18812308,-0.78707061,-0.59894754,0.80789934,1.4063043,137.07413,192.76793,False,0.9571476,True,False,False,0.80789934,1.4063043,137.07413,192.76793,0.80320084,1.4022054,135.092,189.42672,0.9561319,1.5385477,23.226471,35.735032,0.53555658,2.3469626,21.891355,51.378192,0.71552626,1.4448107,55.123291,79.642722,0.82597624,1.383919,70.889911,98.105892,0.84922458,1.2866491,74.674647,96.08007,0.86275722,1.39551,64.267853,89.686432
experiment_0a_best,file,16,,2932,051.Horned_Grebe/Horned_Grebe_0066_34738.jpg,51,50,051.Horned_Grebe,50,49,rotation,rotation,0,"{""angle"":-14.790007}",0.94172436,2.2751174,1.333393,0.38995484,0.10278483,0.57807791,0.72145504,-0.18812308,-0.61867021,-0.43054713,0.69113769,1.340368,137.07413,183.72978,False,0.94238132,True,False,False,0.69113769,1.340368,137.07413,183.72978,0.68391094,1.3402881,135.092,181.0622,0.93510893,1.3430689,23.226471,31.19475,0.61607412,1.2818128,21.891355,28.06062,0.65795042,1.1920006,55.123291,65.706996,0.61681521,1.4392569,70.889911,102.02879,0.7054961,1.3370493,74.674647,99.843687,0.77318644,1.3294435,64.267853,85.440482
experiment_0a_best,file,16,,2932,051.Horned_Grebe/Horned_Grebe_0066_34738.jpg,51,50,051.Horned_Grebe,50,49,random_resized_crop,random_resized_crop,0,"{""area_fraction"":0.858537,""aspect"":1.120545,""fallback"":false,""height"":0.875316,""left"":0.012434,""top"":0.106847,""width"":0.980831}",0.94172436,0.12076644,-0.82095792,0.38995484,0.8862409,0.57807791,0.10487299,-0.18812308,0.78136791,0.96949098,0.80203183,0.20208385,137.07413,27.700468,False,0.96985734,False,False,True,0.80203183,0.20208385,137.07413,27.700468,0.79724713,0.20226937,135.092,27.324974,0.96974922,0.19570421,23.226471,4.545518,0.75837095,0.21889246,21.891355,4.7918527,0.82910618,0.20589914,55.123291,11.349838,0.77946414,0.21464504,70.889911,15.216168,0.79961609,0.19356319,74.674647,14.454263,0.80239049,0.19335367,64.267853,12.426425
experiment_0a_best,file,16,,2932,051.Horned_Grebe/Horned_Grebe_0066_34738.jpg,51,50,051.Horned_Grebe,50,49,gaussian_blur,gaussian_blur,0,"{""sigma"":1.199319}",0.94172436,2.9500234,2.0082991,0.38995484,0.052338485,0.57807791,0.94047022,-0.18812308,-0.88813173,-0.70000866,0.66957393,1.7932822,137.07413,245.81259,False,0.9339444,True,False,False,0.66957393,1.7932822,137.07413,245.81259,0.66204413,1.7949692,135.092,242.48598,0.93344154,1.7352455,23.226471,40.303629,0.2667765,2.060176,21.891355,45.100046,0.55203476,1.7583417,55.123291,96.925584,0.64194427,1.9101933,70.889911,135.41343,0.71566551,1.7700263,74.674647,132.17609,0.75941238,1.6732151,64.267853,107.53394
experiment_0a_best,file,16,,2932,051.Horned_Grebe/Horned_Grebe_0066_34738.jpg,51,50,051.Horned_Grebe,50,49,random_erasing,random_erasing,0,"{""area_fraction"":0.156896,""erased"":true,""height"":0.33804,""left"":0.335304,""top"":0.048207,""width"":0.464135}",0.94172436,0.50475234,-0.43697202,0.38995484,0.60365504,0.57807791,0.3284876,-0.18812308,0.27516744,0.46329051,0.84158262,0.57860762,137.07413,79.312135,False,0.9567306,False,False,True,0.84158262,0.57860762,137.07413,79.312135,0.83846409,0.57944981,135.092,78.279033,0.95402379,0.54935655,23.226471,12.759614,0.86697881,0.5554302,21.891355,12.15912,0.84874332,0.57428234,55.123291,31.656333,0.82976175,0.62613526,70.889911,44.386673,0.83479534,0.56514775,74.674647,42.202209,0.85001143,0.54491494,64.267853,35.020513
experiment_0a_best,file,16,,9308,159.Black_and_white_Warbler/Black_And_White_Warbler_0080_160375.jpg,159,158,159.Black_and_white_Warbler,114,113,identity,identity,0,{},0.019855667,0.019855667,0,0.98034018,0.98034018,0.0077133332,0.0077133332,0.97262685,0.97262685,0,1,1,3.5715921,3.5715921,False,1,True,True,True,1,1,3.5715921,3.5715921,1,1,3.5099271,3.5099271,1,1,0.66081937,0.66081937,1,1,0.61814845,0.61814845,1,1,1.4569513,1.4569513,1,1,1.8713144,1.8713144,1,1,1.7998431,1.7998431,1,1,1.7531459,1.7531459
experiment_0a_best,file,16,,9308,159.Black_and_white_Warbler/Black_And_White_Warbler_0080_160375.jpg,159,158,159.Black_and_white_Warbler,114,113,horizontal_flip,horizontal_flip,0,"{""flipped"":true}",0.019855667,0.01248061,-0.0073750569,0.98034018,0.98759693,0.0077133332,0.0031293572,0.97262685,0.98446757,0.011840722,0.65698237,0.64500211,3.5715921,2.3036845,False,0.97790742,True,True,True,0.65698237,0.64500211,3.5715921,2.3036845,0.64639444,0.64540716,3.5099271,2.2653321,0.96142719,0.63346819,0.66081937,0.41860805,0.59752837,0.64882419,0.61814845,0.40106967,0.61621734,0.610429,1.4569513,0.88936534,0.59609638,0.57892604,1.8713144,1.0833526,0.62641413,0.6818669,1.7998431,1.2272535,0.74553993,0.69862117,1.7531459,1.2247848
experiment_0a_best,file,16,,9308,159.Black_and_white_Warbler/Black_And_White_Warbler_0080_160375.jpg,159,158,159.Black_and_white_Warbler,114,113,color_jitter,color_jitter,0,"{""brightness"":0.953528,""contrast"":1.124128,""hue"":-0.097532,""saturation"":1.333691}",0.019855667,0.23335941,0.21350374,0.98034018,0.79186893,0.0077133332,0.037112802,0.97262685,0.75475612,-0.21787073,0.75838131,9.3806817,3.5715921,33.503969,False,0.94558817,True,True,True,0.75838131,9.3806817,3.5715921,33.503969,0.75263045,9.3690672,3.5099271,32.884743,0.91549357,9.702619,0.66081937,6.4116786,0.56383867,10.550383,0.61814845,6.5217027,0.71130678,9.5422081,1.4569513,13.902533,0.76657928,9.4381523,1.8713144,17.66175,0.76305836,9.4392077,1.7998431,16.989093,0.78424047,8.9287062,1.7531459,15.653325
experiment_0a_best,file,16,,9308,159.Black_and_white_Warbler/Black_And_White_Warbler_0080_160375.jpg,159,158,159.Black_and_white_Warbler,114,113,rotation,rotation,0,"{""angle"":-0.698883}",0.019855667,0.01214561,-0.0077100573,0.98034018,0.98792785,0.0077133332,0.0029316323,0.97262685,0.98499622,0.012369372,0.87363259,0.51094701,3.5715921,1.8248943,False,0.99069238,True,True,True,0.87363259,0.51094701,3.5715921,1.8248943,0.8697396,0.50865364,3.5099271,1.7853372,0.97709064,0.57186965,0.66081937,0.37790255,0.80213096,0.5511758,0.61814845,0.34070847,0.83528142,0.45335738,1.4569513,0.66051964,0.86081315,0.50052618,1.8713144,0.93664183,0.87313635,0.50803762,1.7998431,0.91438801,0.91001137,0.54760401,1.7531459,0.96002972
experiment_0a_best,file,16,,9308,159.Black_and_white_Warbler/Black_And_White_Warbler_0080_160375.jpg,159,158,159.Black_and_white_Warbler,114,113,random_resized_crop,random_resized_crop,0,"{""area_fraction"":0.656495,""aspect"":0.901019,""fallback"":false,""height"":0.853589,""left"":0.12425,""top"":0.050497,""width"":0.7691}",0.019855667,0.0096661849,-0.010189482,0.98034018,0.99038041,0.0077133332,0.0016113347,0.97262685,0.98876907,0.016142222,0.73569332,0.49261447,3.5715921,1.759418,False,0.96734911,True,True,True,0.73569332,0.49261447,3.5715921,1.759418,0.72908559,0.49375855,3.5099271,1.7330565,0.93803352,0.45916486,0.66081937,0.30342504,0.54177183,0.53195119,0.61814845,0.3288248,0.68974304,0.44268245,1.4569513,0.64496678,0.69037262,0.52589928,1.8713144,0.98412288,0.76277437,0.48857973,1.7998431,0.87936686,0.79569197,0.4898807,1.7531459,0.85883234
experiment_0a_best,file,16,,9308,159.Black_and_white_Warbler/Black_And_White_Warbler_0080_160375.jpg,159,158,159.Black_and_white_Warbler,114,113,gaussian_blur,gaussian_blur,0,"{""sigma"":1.426273}",0.019855667,0.42631364,0.40645797,0.98034018,0.65291154,0.0077133332,0.10061571,0.97262685,0.55229583,-0.42033102,0.56534977,17.518763,3.5715921,62.569876,False,0.89593554,True,True,True,0.56534977,17.518763,3.5715921,62.569876,0.55607962,17.580322,3.5099271,61.70565,0.86209862,15.682809,0.66081937,10.363504,0.49933803,19.832741,0.61814845,12.259578,0.28413177,16.363758,1.4569513,23.841199,0.54057109,18.129619,1.8713144,33.926216,0.63310199,18.210115,1.7998431,32.77535,0.68159989,16.763212,1.7531459,29.388356
experiment_0a_best,file,16,,9308,159.Black_and_white_Warbler/Black_And_White_Warbler_0080_160375.jpg,159,158,159.Black_and_white_Warbler,114,113,random_erasing,random_erasing,0,"{""area_fraction"":0.171709,""erased"":true,""height"":0.335602,""left"":0.358709,""top"":0.421059,""width"":0.511644}",0.019855667,0.048715413,0.028859746,0.98034018,0.95245212,0.0077133332,0.0011507741,0.97262685,0.95130135,-0.0213255,0.42538071,2.3278583,3.5715921,8.3141603,False,0.87787312,True,True,True,0.42538071,2.3278583,3.5715921,8.3141603,0.41320029,2.3266862,3.5099271,8.1664989,0.76410658,2.3606848,0.66081937,1.5599863,0.39188359,2.4203625,0.61814845,1.4961433,0.2597446,2.1338966,1.4569513,3.1089835,0.39758956,2.48051,1.8713144,4.641814,0.43872299,2.3714046,1.7998431,4.2681562,0.5122746,2.2109203,1.7531459,3.8760658
experiment_0a_best,file,16,,3289,057.Rose_breasted_Grosbeak/Rose_Breasted_Grosbeak_0062_39234.jpg,57,56,057.Rose_breasted_Grosbeak,165,164,identity,identity,0,{},0.50484884,0.50484884,0,0.60359681,0.60359681,0.059932578,0.059932578,0.54366423,0.54366423,0,1,1,58.127541,58.127541,False,1,True,True,True,1,1,58.127541,58.127541,1,1,57.425041,57.425041,1,1,9.0097518,9.0097518,1,1,11.204245,11.204245,1,1,23.813829,23.813829,1,1,32.012802,32.012802,1,1,27.404696,27.404696,1,1,28.795224,28.795224
experiment_0a_best,file,16,,3289,057.Rose_breasted_Grosbeak/Rose_Breasted_Grosbeak_0062_39234.jpg,57,56,057.Rose_breasted_Grosbeak,165,164,horizontal_flip,horizontal_flip,0,"{""flipped"":true}",0.50484884,0.41539529,-0.089453548,0.60359681,0.6600793,0.059932578,0.070900925,0.54366423,0.58917838,0.045514148,0.7161324,0.91113376,58.127541,52.961964,False,0.97056454,True,True,True,0.7161324,0.91113376,58.127541,52.961964,0.71044812,0.91276326,57.425041,52.415468,0.96863417,0.84227677,9.0097518,7.5887047,0.72133559,0.79468325,11.204245,8.903826,0.58696144,0.97800386,23.813829,23.290017,0.7344137,0.85195298,32.012802,27.273402,0.70045964,0.93826321,27.404696,25.712818,0.78408752,0.93229641,28.795224,26.845684
experiment_0a_best,file,16,,3289,057.Rose_breasted_Grosbeak/Rose_Breasted_Grosbeak_0062_39234.jpg,57,56,057.Rose_breasted_Grosbeak,165,164,color_jitter,color_jitter,0,"{""brightness"":1.088985,""contrast"":0.877263,""hue"":-0.094176,""saturation"":1.258627}",0.50484884,4.6959848,4.191136,0.60359681,0.0091318702,0.059932578,0.0049285539,0.54366423,0.0042033163,-0.53946091,0.37496904,3.0434964,58.127541,176.91096,False,0.80612868,False,True,False,0.37496904,3.0434964,58.127541,176.91096,0.36676112,3.0375755,57.425041,174.4329,0.68526648,3.2749849,9.0097518,29.506802,0.35530795,2.529408,11.204245,28.340107,0.22330149,3.2705279,23.813829,77.883793,0.34688308,3.0015087,32.012802,96.086702,0.42230952,3.2309775,27.404696,88.543958,0.45497837,2.7966491,28.795224,80.530138
experiment_0a_best,file,16,,3289,057.Rose_breasted_Grosbeak/Rose_Breasted_Grosbeak_0062_39234.jpg,57,56,057.Rose_breasted_Grosbeak,165,164,rotation,rotation,0,"{""angle"":6.839368}",0.50484884,0.17230009,-0.33254875,0.60359681,0.84172654,0.059932578,0.011178515,0.54366423,0.83054803,0.2868838,0.81376336,0.44167178,58.127541,25.673294,False,0.95854563,True,True,True,0.81376336,0.44167178,58.127541,25.673294,0.8103385,0.4415111,57.425041,25.353793,0.95092027,0.44815062,9.0097518,4.0377259,0.7567414,0.45230711,11.204245,5.0677597,0.74379165,0.44864356,23.813829,10.683921,0.81744449,0.42516591,32.012802,13.610752,0.81155624,0.45525635,27.404696,12.476162,0.85639378,0.44212317,28.795224,12.731036
experiment_0a_best,file,16,,3289,057.Rose_breasted_Grosbeak/Rose_Breasted_Grosbeak_0062_39234.jpg,57,56,057.Rose_breasted_Grosbeak,165,164,random_resized_crop,random_resized_crop,0,"{""area_fraction"":0.743678,""aspect"":1.01242,""fallback"":false,""height"":0.857062,""left"":0.043628,""top"":0.086418,""width"":0.867707}",0.50484884,0.83596891,0.33112007,0.60359681,0.4334543,0.059932578,0.035255399,0.54366423,0.39819891,-0.14546532,0.75760481,1.6043919,58.127541,93.259354,False,0.95321441,True,True,True,0.75760481,1.6043919,58.127541,93.259354,0.75342107,1.6038533,57.425041,92.101341,0.92530568,1.6261198,9.0097518,14.650936,0.81816308,1.8421722,11.204245,20.640149,0.70808002,1.6980813,23.813829,40.437818,0.76199022,1.596686,32.012802,51.114392,0.73817756,1.6067822,27.404696,44.033379,0.78391364,1.5016809,28.795224,43.241238
experiment_0a_best,file,16,,3289,057.Rose_breasted_Grosbeak/Rose_Breasted_Grosbeak_0062_39234.jpg,57,56,057.Rose_breasted_Grosbeak,165,164,gaussian_blur,gaussian_blur,0,"{""sigma"":1.041032}",0.50484884,1.4342928,0.92944396,0.60359681,0.23828381,0.059932578,0.017546868,0.54366423,0.22073695,-0.32292728,0.6301847,2.0431289,58.127541,118.76206,False,0.89534521,True,True,True,0.6301847,2.0431289,58.127541,118.76206,0.62393255,2.0413618,57.425041,117.22529,0.87585288,2.1136631,9.0097518,19.04358,0.61733062,2.2790976,11.204245,25.535568,0.53451943,2.1884448,23.813829,52.115251,0.60354091,1.9799881,32.012802,63.384967,0.61686472,2.15796,27.404696,59.138237,0.73767285,1.8568003,28.795224,53.466981
experiment_0a_best,file,16,,3289,057.Rose_breasted_Grosbeak/Rose_Breasted_Grosbeak_0062_39234.jpg,57,56,057.Rose_breasted_Grosbeak,165,164,random_erasing,random_erasing,0,"{""area_fraction"":0.120144,""erased"":true,""height"":0.335129,""left"":0.546466,""top"":0.117644,""width"":0.358501}",0.50484884,0.57597291,0.071124077,0.60359681,0.56215769,0.059932578,0.047161095,0.54366423,0.5149966,-0.028667632,0.88876104,1.1221239,58.127541,65.226301,False,0.97679877,True,True,True,0.88876104,1.1221239,58.127541,65.226301,0.88674974,1.1232486,57.425041,64.5026,0.97492098,1.075438,9.0097518,9.6894298,0.90383663,1.1060042,11.204245,12.391942,0.87241846,1.0674234,23.813829,25.419438,0.89909688,1.1088206,32.012802,35.496453,0.86535227,1.172595,27.404696,32.134611,0.90022242,1.1350504,28.795224,32.684032
experiment_0a_best,file,16,,3205,056.Pine_Grosbeak/Pine_Grosbeak_0036_38968.jpg,56,55,056.Pine_Grosbeak,76,75,identity,identity,0,{},0.0027803832,0.0027803832,0,0.9972235,0.9972235,0.00035399999,0.00035399999,0.9968695,0.9968695,0,1,1,0.51073329,0.51073329,False,1,True,True,True,1,1,0.51073329,0.51073329,1,1,0.50253293,0.50253293,1,1,0.091154525,0.091154525,1,1,0.089704003,0.089704003,1,1,0.27140814,0.27140814,1,1,0.24780561,0.24780561,1,1,0.21992149,0.21992149,1,1,0.24709729,0.24709729
experiment_0a_best,file,16,,3205,056.Pine_Grosbeak/Pine_Grosbeak_0036_38968.jpg,56,55,056.Pine_Grosbeak,76,75,horizontal_flip,horizontal_flip,0,"{""flipped"":true}",0.0027803832,0.0043170117,0.0015366285,0.9972235,0.99569231,0.00035399999,0.00052785809,0.9968695,0.99516445,-0.0017050418,0.72599049,1.6951624,0.51073329,0.86577587,False,0.96682572,True,True,True,0.72599049,1.6951624,0.51073329,0.86577587,0.71933699,1.6929641,0.50253293,0.85077021,0.92097348,1.7606664,0.091154525,0.16049271,0.67091289,1.7617335,0.089704003,0.15803455,0.77027033,1.7294038,0.27140814,0.46937428,0.71052637,1.753532,0.24780561,0.43453505,0.64001193,1.7328653,0.21992149,0.38109434,0.74274731,1.5382244,0.24709729,0.38009106
experiment_0a_best,file,16,,3205,056.Pine_Grosbeak/Pine_Grosbeak_0036_38968.jpg,56,55,056.Pine_Grosbeak,76,75,color_jitter,color_jitter,0,"{""brightness"":0.866551,""contrast"":1.162596,""hue"":-0.013922,""saturation"":1.256149}",0.0027803832,0.0033099647,0.00052958145,0.9972235,0.99669552,0.00035399999,0.0002715647,0.9968695,0.99642395,-0.00044554265,0.92220432,1.1773561,0.51073329,0.60131495,False,0.98566431,True,True,True,0.92220432,1.1773561,0.51073329,0.60131495,0.92034022,1.1782196,0.50253293,0.59209412,0.98045701,1.1508042,0.091154525,0.10490101,0.87242207,1.2409105,0.089704003,0.11131464,0.94181339,1.2294774,0.27140814,0.33369017,0.90598516,1.1100112,0.24780561,0.275067,0.89558101,1.1421483,0.21992149,0.25118297,0.93556496,1.2010808,0.24709729,0.2967838
experiment_0a_best,file,16,,3205,056.Pine_Grosbeak/Pine_Grosbeak_0036_38968.jpg,56,55,056.Pine_Grosbeak,76,75,rotation,rotation,0,"{""angle"":7.808209}",0.0027803832,0.017783012,0.015002629,0.9972235,0.98237419,0.00035399999,0.0013884235,0.9968695,0.98098577,-0.015883729,0.84123201,5.6981177,0.51073329,2.9102184,False,0.97821528,True,True,True,0.84123201,5.6981177,0.51073329,2.9102184,0.83692259,5.6994301,0.50253293,2.8641513,0.97318658,5.6580861,0.091154525,0.51576015,0.74126713,6.5695048,0.089704003,0.58931088,0.86341334,5.2701352,0.27140814,1.4303576,0.8314073,5.8206121,0.24780561,1.4423803,0.79678326,5.8206429,0.21992149,1.2800845,0.86409999,5.8521686,0.24709729,1.446055
experiment_0a_best,file,16,,3205,056.Pine_Grosbeak/Pine_Grosbeak_0036_38968.jpg,56,55,056.Pine_Grosbeak,76,75,random_resized_crop,random_resized_crop,0,"{""area_fraction"":0.777664,""aspect"":1.040975,""fallback"":false,""height"":0.864323,""left"":0.080467,""top"":0.051963,""width"":0.899739}",0.0027803832,0.0080151353,0.0052347521,0.9972235,0.99201691,0.00035399999,0.00040245708,0.9968695,0.99161445,-0.005255042,0.82836971,2.8931688,0.51073329,1.4776376,False,0.97938693,True,True,True,0.82836971,2.8931688,0.51073329,1.4776376,0.82434583,2.8963609,0.50253293,1.4555167,0.95564451,2.7944143,0.091154525,0.25472351,0.83067221,3.0913899,0.089704003,0.27731005,0.8676806,2.5312908,0.27140814,0.68701293,0.81523418,3.0780326,0.24780561,0.76275374,0.78219047,3.1669746,0.21992149,0.69648578,0.83679416,2.8695279,0.24709729,0.70905256
experiment_0a_best,file,16,,3205,056.Pine_Grosbeak/Pine_Grosbeak_0036_38968.jpg,56,55,056.Pine_Grosbeak,76,75,gaussian_blur,gaussian_blur,0,"{""sigma"":1.615378}",0.0027803832,0.017263502,0.014483119,0.9972235,0.98288465,0.00035399999,0.00020330989,0.9968695,0.98268134,-0.014188161,0.5295516,5.8982881,0.51073329,3.0124521,False,0.91913062,True,True,True,0.5295516,5.8982881,0.51073329,3.0124521,0.51872672,5.919176,0.50253293,2.9745809,0.90637463,5.2237479,0.091154525,0.47616826,0.2330687,7.9738402,0.089704003,0.71528539,0.44701578,5.8169286,0.27140814,1.5787618,0.52961478,6.2880169,0.24780561,1.5582059,0.47853963,5.7979158,0.21992149,1.2750863,0.69634328,5.4147422,0.24709729,1.3379681
experiment_0a_best,file,16,,3205,056.Pine_Grosbeak/Pine_Grosbeak_0036_38968.jpg,56,55,056.Pine_Grosbeak,76,75,random_erasing,random_erasing,0,"{""area_fraction"":0.148754,""erased"":true,""height"":0.21586,""left"":0.179713,""top"":0.339496,""width"":0.689121}",0.0027803832,0.10366075,0.10088036,0.9972235,0.9015311,0.00035399999,0.0057658022,0.9968695,0.8957653,-0.1011042,0.72162798,35.765154,0.51073329,18.266454,False,0.91024917,True,True,True,0.72162798,35.765154,0.51073329,18.266454,0.71730484,35.965688,0.50253293,18.073942,0.90074747,29.016544,0.091154525,2.6449893,0.74771119,38.718191,0.089704003,3.4731767,0.83901722,38.412472,0.27140814,10.425458,0.69548502,36.926934,0.24780561,9.1507015,0.59496054,35.893465,0.21992149,7.8937445,0.67899547,31.313268,0.24709729,7.7374236
experiment_0a_best,file,16,,9290,158.Bay_breasted_Warbler/Bay_Breasted_Warbler_0079_159998.jpg,158,157,158.Bay_breasted_Warbler,137,136,identity,identity,0,{},0.051795237,0.051795237,0,0.94952327,0.94952327,0.0089884307,0.0089884307,0.94053484,0.94053484,0,1,1,8.3943424,8.3943424,False,1,True,True,True,1,1,8.3943424,8.3943424,1,1,8.2973359,8.2973359,1,1,1.2724784,1.2724784,1,1,1.931479,1.931479,1,1,3.7897173,3.7897173,1,1,4.2519769,4.2519769,1,1,4.0305521,4.0305521,1,1,4.0532156,4.0532156
experiment_0a_best,file,16,,9290,158.Bay_breasted_Warbler/Bay_Breasted_Warbler_0079_159998.jpg,158,157,158.Bay_breasted_Warbler,137,136,horizontal_flip,horizontal_flip,0,"{""flipped"":true}",0.051795237,0.027183924,-0.024611313,0.94952327,0.97318226,0.0089884307,0.0062911343,0.94053484,0.96689113,0.026356287,0.69340342,0.54274591,8.3943424,4.555995,False,0.97461665,True,True,True,0.69340342,0.54274591,8.3943424,4.555995,0.68679479,0.54151414,8.2973359,4.4931247,0.95286616,0.59275503,1.2724784,0.75426798,0.51598853,0.46487873,1.931479,0.89790349,0.66657702,0.53553332,3.7897173,2.0295199,0.70526012,0.57429603,4.2519769,2.4418935,0.65478329,0.53888711,4.0305521,2.1720126,0.75234094,0.52814334,4.0532156,2.1406788
experiment_0a_best,file,16,,9290,158.Bay_breasted_Warbler/Bay_Breasted_Warbler_0079_159998.jpg,158,157,158.Bay_breasted_Warbler,137,136,color_jitter,color_jitter,0,"{""brightness"":1.153359,""contrast"":0.893274,""hue"":-0.070227,""saturation"":0.657351}",0.051795237,0.30651197,0.25471673,0.94952327,0.73600972,0.0089884307,0.01161525,0.94053484,0.72439447,-0.21614037,0.54154889,4.8194445,8.3943424,40.456067,False,0.88871229,True,True,True,0.54154889,4.8194445,8.3943424,40.456067,0.53387632,4.8128467,8.2973359,39.933805,0.85072609,5.0920686,1.2724784,6.4795473,0.13953796,3.8613506,1.931479,7.4581175,0.50543707,4.4226895,3.7897173,16.760743,0.48546681,5.0294268,4.2519769,21.385006,0.5373756,5.2320323,4.0305521,21.087979,0.69242661,4.6559849,4.0532156,18.87171
experiment_0a_best,file,16,,9290,158.Bay_breasted_Warbler/Bay_Breasted_Warbler_0079_159998.jpg,158,157,158.Bay_breasted_Warbler,137,136,rotation,rotation,0,"{""angle"":-8.983297}",0.051795237,0.095764175,0.043968938,0.94952327,0.90867829,0.0089884307,0.0091815311,0.94053484,0.89949676,-0.041038077,0.75339494,2.0334802,8.3943424,17.069729,False,0.95610654,True,True,True,0.75339494,2.0334802,8.3943424,17.069729,0.7491597,2.0341684,8.2973359,16.878179,0.93626342,2.0039995,1.2724784,2.5500461,0.75613016,1.8516214,1.931479,3.5763678,0.7476674,2.0377711,3.7897173,7.7225766,0.78381833,2.2147848,4.2519769,9.4172136,0.7117892,2.0349377,4.0305521,8.2019225,0.75154076,1.8543075,4.0532156,7.5159082
experiment_0a_best,file,16,,9290,158.Bay_breasted_Warbler/Bay_Breasted_Warbler_0079_159998.jpg,158,157,158.Bay_breasted_Warbler,137,136,random_resized_crop,random_resized_crop,0,"{""area_fraction"":0.552064,""aspect"":1.093265,""fallback"":false,""height"":0.710611,""left"":0.084173,""top"":0.160993,""width"":0.776886}",0.051795237,0.022012666,-0.029782571,0.94952327,0.97822785,0.0089884307,0.0013052033,0.94053484,0.97692265,0.036387811,0.6954332,0.43331352,8.3943424,3.6373821,False,0.94354153,True,True,True,0.6954332,0.43331352,8.3943424,3.6373821,0.69003622,0.43193035,8.2973359,3.5838712,0.90346385,0.48851376,1.2724784,0.62162321,0.64106289,0.364989,1.931479,0.70496859,0.68514916,0.44545202,3.7897173,1.6881372,0.7349099,0.47354776,4.2519769,2.0135142,0.63899532,0.41741983,4.0305521,1.6824324,0.70797167,0.39877754,4.0532156,1.6163313
experiment_0a_best,file,16,,9290,158.Bay_breasted_Warbler/Bay_Breasted_Warbler_0079_159998.jpg,158,157,158.Bay_breasted_Warbler,137,136,gaussian_blur,gaussian_blur,0,"{""sigma"":1.200911}",0.051795237,0.13913448,0.087339245,0.94952327,0.87011099,0.0089884307,0.07643944,0.94053484,0.79367155,-0.14686329,0.59334078,3.6116848,8.3943424,30.317719,False,0.93918896,True,True,True,0.59334078,3.6116848,8.3943424,30.317719,0.58708088,3.6168328,8.2973359,30.010076,0.87895029,3.3855683,1.2724784,4.3080625,0.31975366,4.5721325,1.931479,8.8309778,0.48810019,3.5273415,3.7897173,13.367627,0.63277676,3.8023562,4.2519769,16.167531,0.62052387,3.6906281,4.0305521,14.875269,0.68583589,3.1330465,4.0532156,12.698913
experiment_0a_best,file,16,,9290,158.Bay_breasted_Warbler/Bay_Breasted_Warbler_0079_159998.jpg,158,157,158.Bay_breasted_Warbler,137,136,random_erasing,random_erasing,0,"{""area_fraction"":0.05637,""erased"":true,""height"":0.204192,""left"":0.668221,""top"":0.422896,""width"":0.276064}",0.051795237,0.054626346,0.0028311089,0.94952327,0.94683886,0.0089884307,0.0093393736,0.94053484,0.93749948,-0.0030353572,0.98341721,1.0494419,8.3943424,8.8093749,False,0.99549562,True,True,True,0.98341721,1.0494419,8.3943424,8.8093749,0.98314484,1.0493814,8.2973359,8.7070697,0.99497187,1.0520136,1.2724784,1.3386646,0.9852615,1.0842458,1.931479,2.094198,0.98215251,1.031619,3.7897173,3.9095442,0.98611377,1.0542659,4.2519769,4.4827144,0.98283062,1.0657142,4.0305521,4.2954167,0.98097286,1.0349661,4.0532156,4.1949407
experiment_0a_best,file,16,,9869,168.Kentucky_Warbler/Kentucky_Warbler_0071_165342.jpg,168,167,168.Kentucky_Warbler,162,161,identity,identity,0,{},0.24420618,0.24420618,0,0.78332609,0.78332609,0.2026031,0.2026031,0.58072299,0.58072299,0,1,1,39.986801,39.986801,False,0.99999988,True,True,True,1,1,39.986801,39.986801,1,1,38.768472,38.768472,1,1,9.7954002,9.7954002,1,1,9.924986,9.924986,1,1,16.227433,16.227433,1,1,19.574469,19.574469,1,1,19.114824,19.114824,1,1,19.81472,19.81472
experiment_0a_best,file,16,,9869,168.Kentucky_Warbler/Kentucky_Warbler_0071_165342.jpg,168,167,168.Kentucky_Warbler,162,161,horizontal_flip,horizontal_flip,0,"{""flipped"":true}",0.24420618,0.07875897,-0.16544721,0.78332609,0.92426264,0.2026031,0.070409283,0.58072299,0.85385336,0.27313037,0.59659942,0.45951623,39.986801,18.374584,False,0.96926439,True,True,True,0.59659942,0.45951623,39.986801,18.374584,0.5774925,0.46395188,38.768472,17.986705,0.969118,0.38339422,9.7954002,3.7554998,0.21532642,0.50416008,9.924986,5.0037817,0.56191282,0.53642385,16.227433,8.7047824,0.52056101,0.46852036,19.574469,9.171037,0.60374221,0.44672102,19.114824,8.5389939,0.75117147,0.40903042,19.81472,8.1048234
experiment_0a_best,file,16,,9869,168.Kentucky_Warbler/Kentucky_Warbler_0071_165342.jpg,168,167,168.Kentucky_Warbler,162,161,color_jitter,color_jitter,0,"{""brightness"":0.966313,""contrast"":0.705359,""hue"":-0.089358,""saturation"":0.63546}",0.24420618,2.2507994,2.0065932,0.78332609,0.105315,0.2026031,0.049556751,0.58072299,0.055758249,-0.52496474,0.32530587,4.0983618,39.986801,163.88038,False,0.8201071,False,True,False,0.32530587,4.0983618,39.986801,163.88038,0.31350617,4.1586533,38.768472,161.22463,0.5982718,2.9997359,9.7954002,29.383614,0.3454773,3.2656593,9.924986,32.411623,0.14112742,5.1861139,16.227433,84.157318,0.33579092,4.4781889,19.574469,87.658168,0.38083631,3.8945857,19.114824,74.444323,0.39852723,3.4356875,19.81472,68.077187
experiment_0a_best,file,16,,9869,168.Kentucky_Warbler/Kentucky_Warbler_0071_165342.jpg,168,167,168.Kentucky_Warbler,162,161,rotation,rotation,0,"{""angle"":1.85594}",0.24420618,0.24517573,0.00096955895,0.78332609,0.78256702,0.2026031,0.20510697,0.58072299,0.57746005,-0.0032629371,0.85904659,1.1575706,39.986801,46.287546,False,0.98702008,True,True,True,0.85904659,1.1575706,39.986801,46.287546,0.85182065,1.1635686,38.768472,45.109778,0.98697862,1.0591914,9.7954002,10.375203,0.86336696,1.4264989,9.924986,14.157982,0.79677799,1.2097175,16.227433,19.630611,0.82010256,1.1459415,19.574469,22.431196,0.87093963,1.1326956,19.114824,21.651278,0.91034891,1.1023966,19.81472,21.843681
experiment_0a_best,file,16,,9869,168.Kentucky_Warbler/Kentucky_Warbler_0071_165342.jpg,168,167,168.Kentucky_Warbler,162,161,random_resized_crop,random_resized_crop,0,"{""area_fraction"":0.57704,""aspect"":0.879121,""fallback"":false,""height"":0.810175,""left"":0.207731,""top"":0.133498,""width"":0.712242}",0.24420618,0.094185427,-0.15002075,0.78332609,0.91011399,0.2026031,0.048672676,0.58072299,0.86144131,0.28071833,0.60482945,0.4318048,39.986801,17.266493,False,0.95458186,True,True,True,0.60482945,0.4318048,39.986801,17.266493,0.58907624,0.43527815,38.768472,16.875069,0.8994389,0.37320147,9.7954002,3.6556578,0.6293917,0.43122229,9.924986,4.2798751,0.49311194,0.44537459,16.227433,7.2272866,0.52069933,0.45422897,19.574469,8.8912908,0.61472707,0.45598052,19.114824,8.7159875,0.70697937,0.38828345,19.81472,7.6937279
experiment_0a_best,file,16,,9869,168.Kentucky_Warbler/Kentucky_Warbler_0071_165342.jpg,168,167,168.Kentucky_Warbler,162,161,gaussian_blur,gaussian_blur,0,"{""sigma"":1.68089}",0.24420618,0.88608277,0.64187659,0.78332609,0.41226754,0.2026031,0.13058941,0.58072299,0.28167813,-0.29904486,0.47221319,3.190384,39.986801,127.57325,False,0.83989978,True,True,True,0.47221319,3.190384,39.986801,127.57325,0.46658543,3.2561582,38.768472,126.23628,0.69502946,1.8805857,9.7954002,18.421089,0.58056319,4.0610048,9.924986,40.305416,0.4575121,3.8409082,16.227433,62.328082,0.44017105,3.4471191,19.574469,67.475524,0.47766383,3.1007975,19.114824,59.2712,0.48400926,2.4518393,19.81472,48.58251
experiment_0a_best,file,16,,9869,168.Kentucky_Warbler/Kentucky_Warbler_0071_165342.jpg,168,167,168.Kentucky_Warbler,162,161,random_erasing,random_erasing,0,"{""area_fraction"":0.056008,""erased"":true,""height"":0.429159,""left"":0.335766,""top"":0.415342,""width"":0.130506}",0.24420618,0.43043697,0.18623079,0.78332609,0.65022492,0.2026031,0.25205898,0.58072299,0.39816594,-0.18255705,0.82476801,1.5585641,39.986801,62.321995,False,0.95702165,True,True,True,0.82476801,1.5585641,39.986801,62.321995,0.81838999,1.5696092,38.768472,60.85135,0.94582511,1.3740107,9.7954002,13.458985,0.81660026,1.7373823,9.924986,17.243495,0.84018288,1.5610964,16.227433,25.332587,0.80557869,1.6143242,19.574469,31.599538,0.80575436,1.6223103,19.114824,31.010177,0.83606655,1.4306871,19.81472,28.348665
experiment_0a_best,file,16,,4485,077.Tropical_Kingbird/Tropical_Kingbird_0003_69852.jpg,77,76,077.Tropical_Kingbird,38,37,identity,identity,0,{},0.0042047193,0.0042047193,0,0.99580413,0.99580413,0.0023287244,0.0023287244,0.99347541,0.99347541,0,1,1,0.65898547,0.65898547,False,1.0000002,True,True,True,1,1,0.65898547,0.65898547,1,1,0.63878641,0.63878641,1,1,0.16190668,0.16190668,1,1,0.20168558,0.20168558,1,1,0.33247947,0.33247947,1,1,0.30562511,0.30562511,1,1,0.27383612,0.27383612,1,1,0.29738103,0.29738103
experiment_0a_best,file,16,,4485,077.Tropical_Kingbird/Tropical_Kingbird_0003_69852.jpg,77,76,077.Tropical_Kingbird,38,37,horizontal_flip,horizontal_flip,0,"{""flipped"":true}",0.0042047193,0.0065962197,0.0023915004,0.99580413,0.99342549,0.0023287244,0.00095856801,0.99347541,0.99246692,-0.0010084862,0.48460995,1.9150164,0.65898547,1.261968,False,0.97588623,True,True,True,0.48460995,1.9150164,0.65898547,1.261968,0.46491564,1.9358776,0.63878641,1.2366123,0.87748524,1.5546038,0.16190668,0.25170074,-0.11739567,1.9171062,0.20168558,0.38665269,0.49612153,1.8491187,0.33247947,0.61479402,0.51151739,2.0440807,0.30562511,0.62472238,0.48041338,2.0252613,0.27383612,0.5545897,0.63666992,1.8537242,0.29738103,0.5512624
experiment_0a_best,file,16,,4485,077.Tropical_Kingbird/Tropical_Kingbird_0003_69852.jpg,77,76,077.Tropical_Kingbird,38,37,color_jitter,color_jitter,0,"{""brightness"":0.838966,""contrast"":0.779843,""hue"":0.012559,""saturation"":0.602918}",0.0042047193,2.1260769,2.1218722,0.99580413,0.11930442,0.0023287244,0.0026934142,0.99347541,0.116611,-0.8768644,0.3878564,346.25633,0.65898547,228.17789,False,0.90974343,False,True,False,0.3878564,346.25633,0.65898547,228.17789,0.37520391,351.96175,0.63878641,224.82838,0.70314932,240.59007,0.16190668,38.953139,0.60328216,300.09788,0.20168558,60.525415,0.37710553,341.03975,0.33247947,113.38872,0.2645,405.2612,0.30562511,123.858,0.40980849,384.76418,0.27383612,105.36233,0.40418831,292.87173,0.29738103,87.094495
experiment_0a_best,file,16,,4485,077.Tropical_Kingbird/Tropical_Kingbird_0003_69852.jpg,77,76,077.Tropical_Kingbird,38,37,rotation,rotation,0,"{""angle"":-9.298587}",0.0042047193,0.0038524473,-0.00035227207,0.99580413,0.99615496,0.0023287244,0.001314569,0.99347541,0.99484039,0.0013649883,0.72231563,1.1930313,0.65898547,0.78619029,False,0.98374975,True,True,True,0.72231563,1.1930313,0.65898547,0.78619029,0.7116519,1.2042175,0.63878641,0.76923779,0.93311485,1.0029449,0.16190668,0.16238347,0.83367572,1.5139397,0.20168558,0.30533981,0.71100434,1.1360153,0.33247947,0.37770177,0.64158295,1.2518593,0.30562511,0.38259963,0.6749498,1.216377,0.27383612,0.33308795,0.77655044,1.0554008,0.29738103,0.31385616
experiment_0a_best,file,16,,4485,077.Tropical_Kingbird/Tropical_Kingbird_0003_69852.jpg,77,76,077.Tropical_Kingbird,38,37,random_resized_crop,random_resized_crop,0,"{""area_fraction"":0.787453,""aspect"":1.255661,""fallback"":false,""height"":0.791911,""left"":0.00279,""top"":0.107863,""width"":0.994371}",0.0042047193,0.028452063,0.024247344,0.99580413,0.97194886,0.0023287244,0.019814664,0.99347541,0.9521342,-0.041341209,0.80187812,8.6206821,0.65898547,5.6809042,False,0.9787184,True,True,True,0.80187812,8.6206821,0.65898547,5.6809042,0.79462703,8.7234788,0.63878641,5.5724397,0.96930472,6.8236988,0.16190668,1.1048024,0.84640636,9.3132306,0.20168558,1.8783443,0.8358604,9.9735724,0.33247947,3.3160081,0.77966555,8.7535136,0.30562511,2.6752936,0.74591475,7.9894429,0.27383612,2.187798,0.78841866,7.1998794,0.29738103,2.1411075
experiment_0a_best,file,16,,4485,077.Tropical_Kingbird/Tropical_Kingbird_0003_69852.jpg,77,76,077.Tropical_Kingbird,38,37,gaussian_blur,gaussian_blur,0,"{""sigma"":1.473537}",0.0042047193,0.62428731,0.62008259,0.99580413,0.53564304,0.0023287244,0.0072062183,0.99347541,0.52843682,-0.46503858,0.29466256,191.59998,0.65898547,126.26161,False,0.88050067,True,True,True,0.29466256,191.59998,0.65898547,126.26161,0.28371767,196.16105,0.63878641,125.30501,0.71969959,95.813262,0.16190668,15.512807,0.33103514,193.04297,0.20168558,38.933983,0.20623454,191.98172,0.33247947,63.829981,0.21806386,229.95101,0.30562511,70.278802,0.35527439,218.11873,0.27383612,59.728788,0.43978693,134.7002,0.29738103,40.057285
experiment_0a_best,file,16,,4485,077.Tropical_Kingbird/Tropical_Kingbird_0003_69852.jpg,77,76,077.Tropical_Kingbird,38,37,random_erasing,random_erasing,0,"{""area_fraction"":0.12504,""erased"":true,""height"":0.234598,""left"":0.456656,""top"":0.589446,""width"":0.532998}",0.0042047193,0.005870719,0.0016659996,0.99580413,0.99414647,0.0023287244,0.002294987,0.99347541,0.99185148,-0.0016239274,0.91191193,1.403132,0.65898547,0.9246436,False,0.98719478,True,True,True,0.91191193,1.403132,0.65898547,0.9246436,0.90867867,1.4125879,0.63878641,0.90234195,0.97567598,1.2467269,0.16190668,0.20185341,0.92344277,1.1760157,0.20168558,0.23718541,0.93288299,1.4780852,0.33247947,0.49143299,0.92882013,1.4223226,0.30562511,0.43469749,0.87103801,1.4514283,0.27383612,0.39745348,0.88994437,1.3845402,0.29738103,0.41173597
experiment_0a_best,file,16,,8564,146.Forsters_Tern/Forsters_Tern_0045_151227.jpg,146,145,146.Forsters_Tern,147,146,identity,identity,0,{},0.27331921,0.27331921,0,0.76084989,0.76084989,0.19044344,0.19044344,0.57040645,0.57040645,0,1,1,35.993299,35.993299,False,0.99999988,True,True,True,1,1,35.993299,35.993299,1,1,34.906409,34.906409,1,1,8.7783944,8.7783944,1,1,6.9195443,6.9195443,1,1,14.697253,14.697253,1,1,17.070446,17.070446,1,1,17.591268,17.591268,1,1,18.807318,18.807318
experiment_0a_best,file,16,,8564,146.Forsters_Tern/Forsters_Tern_0045_151227.jpg,146,145,146.Forsters_Tern,147,146,horizontal_flip,horizontal_flip,0,"{""flipped"":true}",0.27331921,0.50046885,0.22714964,0.76084989,0.60624635,0.19044344,0.26625928,0.57040645,0.33998707,-0.23041938,0.64349546,1.3314619,35.993299,47.923706,False,0.9583317,True,True,True,0.64349546,1.3314619,35.993299,47.923706,0.62247405,1.3254793,34.906409,46.267722,0.95467397,1.4227177,8.7783944,12.489177,0.47678593,1.1563614,6.9195443,8.0014939,0.39876037,1.0108723,14.697253,14.857047,0.59619082,1.2415914,17.070446,21.194519,0.64141143,1.4258946,17.591268,25.083295,0.74961373,1.4826616,18.807318,27.884888
experiment_0a_best,file,16,,8564,146.Forsters_Tern/Forsters_Tern_0045_151227.jpg,146,145,146.Forsters_Tern,147,146,color_jitter,color_jitter,0,"{""brightness"":1.003183,""contrast"":1.36076,""hue"":-0.095743,""saturation"":0.851851}",0.27331921,3.4860413,3.2127221,0.76084989,0.030621853,0.19044344,0.0030822626,0.57040645,0.02753959,-0.54286686,0.077447216,3.3640575,35.993299,121.08353,False,0.7848767,False,True,False,0.077447216,3.3640575,35.993299,121.08353,0.049601278,3.3768133,34.906409,117.87242,0.54878575,3.1555201,8.7783944,27.7004,-0.19015438,3.2385425,6.9195443,22.409238,-0.17285237,2.6719755,14.697253,39.270702,-0.08843233,3.2649675,17.070446,55.73445,0.059459657,3.8465344,17.591268,67.665419,0.2856498,3.4313122,18.807318,64.53378
experiment_0a_best,file,16,,8564,146.Forsters_Tern/Forsters_Tern_0045_151227.jpg,146,145,146.Forsters_Tern,147,146,rotation,rotation,0,"{""angle"":12.152352}",0.27331921,0.18494096,-0.088378251,0.76084989,0.83115333,0.19044344,0.05870368,0.57040645,0.77244965,0.2020432,0.49097255,0.53110618,35.993299,19.116264,False,0.95634651,True,True,True,0.49097255,0.53110618,35.993299,19.116264,0.4640011,0.5258466,34.906409,18.355417,0.86451525,0.60825441,8.7783944,5.3394971,0.14907372,0.51041908,6.9195443,3.5318674,0.23696572,0.37984935,14.697253,5.5827422,0.33996649,0.47917349,17.070446,8.179705,0.47900923,0.58007724,17.591268,10.204294,0.67688982,0.58788005,18.807318,11.056447
experiment_0a_best,file,16,,8564,146.Forsters_Tern/Forsters_Tern_0045_151227.jpg,146,145,146.Forsters_Tern,147,146,random_resized_crop,random_resized_crop,0,"{""area_fraction"":0.570954,""aspect"":1.179196,""fallback"":false,""height"":0.695837,""left"":0.140422,""top"":0.088483,""width"":0.820528}",0.27331921,0.028768672,-0.24455054,0.76084989,0.97164118,0.19044344,0.0080220932,0.57040645,0.96361909,0.39321264,0.40007838,0.10442999,35.993299,3.7587798,False,0.93634617,True,True,True,0.40007838,0.10442999,35.993299,3.7587798,0.37342563,0.10465736,34.906409,3.6532127,0.8380476,0.10076664,8.7783944,0.8845693,0.22112542,0.099993278,6.9195443,0.69190792,0.12200986,0.096522127,14.697253,1.4186102,0.25334146,0.099890981,17.070446,1.7051836,0.41605188,0.11297505,17.591268,1.9873744,0.58764948,0.10630786,18.807318,1.9993658
experiment_0a_best,file,16,,8564,146.Forsters_Tern/Forsters_Tern_0045_151227.jpg,146,145,146.Forsters_Tern,147,146,gaussian_blur,gaussian_blur,0,"{""sigma"":1.453149}",0.27331921,0.5283429,0.25502369,0.76084989,0.58958119,0.19044344,0.10410313,0.57040645,0.48547807,-0.084928386,0.42059126,1.434918,35.993299,51.647432,False,0.92174727,True,True,True,0.42059126,1.434918,35.993299,51.647432,0.3988032,1.447211,34.906409,50.516938,0.83344091,1.2242462,8.7783944,10.746916,0.15727248,1.5250561,6.9195443,10.552693,0.19351109,1.3712818,14.697253,20.154077,0.26333749,1.3996942,17.070446,23.893404,0.45671487,1.5135707,17.591268,26.625629,0.60605322,1.460597,18.807318,27.469912
experiment_0a_best,file,16,,8564,146.Forsters_Tern/Forsters_Tern_0045_151227.jpg,146,145,146.Forsters_Tern,147,146,random_erasing,random_erasing,0,"{""area_fraction"":0.095227,""erased"":true,""height"":0.343393,""left"":0.101787,""top"":0.439228,""width"":0.277312}",0.27331921,0.26642168,-0.0068975389,0.76084989,0.76611602,0.19044344,0.19674934,0.57040645,0.56936668,-0.0010397732,0.92028138,1.0491109,35.993299,37.760962,False,0.99062562,True,True,True,0.92028138,1.0491109,35.993299,37.760962,0.91582739,1.0484886,34.906409,36.598971,0.99005644,1.058902,8.7783944,9.295459,0.89345806,1.1016688,6.9195443,7.6230461,0.92859799,1.0403785,14.697253,15.290707,0.91914206,1.068954,17.070446,18.24752,0.89615201,1.0434078,17.591268,18.354866,0.92619091,1.0333412,18.807318,19.434377
experiment_0a_best,file,16,,8881,152.Blue_headed_Vireo/Blue_Headed_Vireo_0020_155994.jpg,152,151,152.Blue_headed_Vireo,172,171,identity,identity,0,{},0.033277776,0.033277776,0,0.96726984,0.96726984,0.023882605,0.023882605,0.94338723,0.94338723,0,1,1,7.0004813,7.0004813,False,1.0000001,True,True,True,1,1,7.0004813,7.0004813,1,1,6.9117152,6.9117152,1,1,1.1112751,1.1112751,1,1,1.8783242,1.8783242,1,1,3.2766692,3.2766692,1,1,3.9825026,3.9825026,1,1,3.2529564,3.2529564,1,1,2.6580239,2.6580239
experiment_0a_best,file,16,,8881,152.Blue_headed_Vireo/Blue_Headed_Vireo_0020_155994.jpg,152,151,152.Blue_headed_Vireo,172,171,horizontal_flip,horizontal_flip,0,"{""flipped"":true}",0.033277776,0.088516846,0.05523907,0.96726984,0.91528767,0.023882605,0.070947506,0.94338723,0.84434017,-0.099047065,0.66138852,3.0048759,7.0004813,21.035578,False,0.9638617,True,True,True,0.66138852,3.0048759,7.0004813,21.035578,0.65418064,3.0097124,6.9117152,20.802275,0.96138441,2.8114054,1.1112751,3.1242448,0.77181539,3.2026199,1.8783242,6.0155585,0.57178207,2.6181301,3.2766692,8.5787462,0.64479451,3.2724999,3.9825026,13.03274,0.65637871,2.9387499,3.2529564,9.5596251,0.7368446,2.9555152,2.6580239,7.8558301
experiment_0a_best,file,16,,8881,152.Blue_headed_Vireo/Blue_Headed_Vireo_0020_155994.jpg,152,151,152.Blue_headed_Vireo,172,171,color_jitter,color_jitter,0,"{""brightness"":0.682814,""contrast"":0.711775,""hue"":-0.016283,""saturation"":1.374779}",0.033277776,0.43029472,0.39701695,0.96726984,0.65031737,0.023882605,0.21265732,0.94338723,0.43766005,-0.50572718,0.80420627,12.074178,7.0004813,84.525055,False,0.94335926,True,True,True,0.80420627,12.074178,7.0004813,84.525055,0.80169293,12.117662,6.9117152,83.753827,0.93016181,10.251439,1.1112751,11.392169,0.75525891,19.585488,1.8783242,36.787897,0.82342134,13.4617,3.2766692,44.109537,0.85289569,10.830579,3.9825026,43.13281,0.81098171,10.283531,3.2529564,33.451877,0.80600328,10.208207,2.6580239,27.133659
experiment_0a_best,file,16,,8881,152.Blue_headed_Vireo/Blue_Headed_Vireo_0020_155994.jpg,152,151,152.Blue_headed_Vireo,172,171,rotation,rotation,0,"{""angle"":-14.532204}",0.033277776,0.075723298,0.042445522,0.96726984,0.9270727,0.023882605,0.034648139,0.94338723,0.89242456,-0.050962668,0.75272554,1.8768244,7.0004813,13.138674,False,0.95392376,True,True,True,0.75272554,1.8768244,7.0004813,13.138674,0.74809082,1.8749373,6.9117152,12.959033,0.92579369,1.9484211,1.1112751,2.1652318,0.83215228,2.05827,1.8783242,3.8660985,0.77162413,1.7400362,3.2766692,5.7015232,0.75116352,1.7662557,3.9825026,7.034118,0.6950211,1.9383906,3.2529564,6.3055,0.75712048,2.1029383,2.6580239,5.5896602
experiment_0a_best,file,16,,8881,152.Blue_headed_Vireo/Blue_Headed_Vireo_0020_155994.jpg,152,151,152.Blue_headed_Vireo,172,171,random_resized_crop,random_resized_crop,0,"{""area_fraction"":0.58654,""aspect"":0.996072,""fallback"":false,""height"":0.767367,""left"":0.174556,""top"":0.166314,""width"":0.764353}",0.033277776,0.031759292,-0.0015184842,0.96726984,0.96873975,0.023882605,0.0221409,0.94338723,0.94659885,0.0032116156,0.79280105,1.1326984,7.0004813,7.9294343,False,0.94562042,True,True,True,0.79280105,1.1326984,7.0004813,7.9294343,0.78943536,1.1357374,6.9117152,7.8498931,0.94498829,1.0081347,1.1112751,1.120315,0.84783192,1.4086691,1.8783242,2.6459374,0.800715,1.2617442,3.2766692,4.1343183,0.82580986,1.1039185,3.9825026,4.3963584,0.74708037,1.0102333,3.2529564,3.2862448,0.73659728,1.0234188,2.6580239,2.7202717
experiment_0a_best,file,16,,8881,152.Blue_headed_Vireo/Blue_Headed_Vireo_0020_155994.jpg,152,151,152.Blue_headed_Vireo,172,171,gaussian_blur,gaussian_blur,0,"{""sigma"":1.375724}",0.033277776,0.94638038,0.9131026,0.96726984,0.38814339,0.023882605,0.030543709,0.94338723,0.35759968,-0.58578755,0.51394725,18.690672,7.0004813,130.8437,False,0.8500402,True,True,True,0.51394725,18.690672,7.0004813,130.8437,0.51065924,18.722434,6.9117152,129.40413,0.65197861,17.417592,1.1112751,19.355736,0.61104736,16.287587,1.8783242,30.593369,0.42140868,19.803596,3.2766692,64.889834,0.58536532,18.471682,3.9825026,73.563524,0.45379686,18.050186,3.2529564,58.716468,0.53084349,19.691655,2.6580239,52.340891
experiment_0a_best,file,16,,8881,152.Blue_headed_Vireo/Blue_Headed_Vireo_0020_155994.jpg,152,151,152.Blue_headed_Vireo,172,171,random_erasing,random_erasing,0,"{""area_fraction"":0.079101,""erased"":true,""height"":0.211949,""left"":0.40814,""top"":0.755069,""width"":0.373205}",0.033277776,0.037329882,0.0040521063,0.96726984,0.96335828,0.023882605,0.026508925,0.94338723,0.93684936,-0.0065378752,0.97174533,1.1287136,7.0004813,7.9015384,False,0.9948296,True,True,True,0.97174533,1.1287136,7.0004813,7.9015384,0.97117364,1.1294505,6.9117152,7.8064403,0.99479087,1.0998269,1.1112751,1.2222103,0.9874708,1.097957,1.8783242,2.0623193,0.97441071,1.1148081,3.2766692,3.6528575,0.97983293,1.1354577,3.9825026,4.5219633,0.96441811,1.1375937,3.2529564,3.7005426,0.94971348,1.1412423,2.6580239,3.0334493
experiment_0a_best,file,16,,1058,020.Yellow_breasted_Chat/Yellow_Breasted_Chat_0090_21931.jpg,20,19,020.Yellow_breasted_Chat,170,169,identity,identity,0,{},0.33192366,0.33192366,0,0.71754211,0.71754211,0.079128258,0.079128258,0.63841385,0.63841385,0,1,1,51.809438,51.809438,False,1.0000002,True,True,True,1,1,51.809438,51.809438,1,1,51.072129,51.072129,1,1,8.7095046,8.7095046,1,1,13.034582,13.034582,1,1,21.295224,21.295224,1,1,27.820202,27.820202,1,1,27.344402,27.344402,1,1,21.5243,21.5243
experiment_0a_best,file,16,,1058,020.Yellow_breasted_Chat/Yellow_Breasted_Chat_0090_21931.jpg,20,19,020.Yellow_breasted_Chat,170,169,horizontal_flip,horizontal_flip,0,"{""flipped"":true}",0.33192366,0.36778551,0.03586185,0.71754211,0.69226563,0.079128258,0.18352279,0.63841385,0.50874284,-0.12967101,0.63577717,1.1659823,51.809438,60.408886,False,0.96922576,True,True,True,0.63577717,1.1659823,51.809438,60.408886,0.62759462,1.1639789,51.072129,59.446881,0.90243578,1.2328909,8.7095046,10.737869,0.73239493,1.1658659,13.034582,15.196575,0.58232311,1.1149076,21.295224,23.742208,0.59697974,1.1083211,27.820202,30.833717,0.60296807,1.1818752,27.344402,32.317671,0.71699837,1.2673664,21.5243,27.279174
experiment_0a_best,file,16,,1058,020.Yellow_breasted_Chat/Yellow_Breasted_Chat_0090_21931.jpg,20,19,020.Yellow_breasted_Chat,170,169,color_jitter,color_jitter,0,"{""brightness"":0.889825,""contrast"":1.311191,""hue"":-0.010543,""saturation"":1.220858}",0.33192366,0.045583591,-0.28634007,0.71754211,0.95543975,0.079128258,0.0035768542,0.63841385,0.95186289,0.31344904,0.87392593,0.15820335,51.809438,8.1964267,False,0.97352123,True,True,True,0.87392593,0.15820335,51.809438,8.1964267,0.87184131,0.15800201,51.072129,8.069499,0.94336865,0.16497731,8.7095046,1.4368707,0.91607088,0.20046733,13.034582,2.6130079,0.83802543,0.16305374,21.295224,3.472266,0.87873181,0.15480851,27.820202,4.3068042,0.88281406,0.15071576,27.344402,4.1212325,0.87165582,0.15196644,21.5243,3.2709712
experiment_0a_best,file,16,,1058,020.Yellow_breasted_Chat/Yellow_Breasted_Chat_0090_21931.jpg,20,19,020.Yellow_breasted_Chat,170,169,rotation,rotation,0,"{""angle"":5.931647}",0.33192366,0.60641485,0.27449119,0.71754211,0.54530233,0.079128258,0.24627213,0.63841385,0.2990302,-0.33938365,0.80345876,1.7916561,51.809438,92.824697,False,0.98266077,True,True,True,0.80345876,1.7916561,51.809438,92.824697,0.79966337,1.7939804,51.072129,91.622398,0.94129397,1.7098138,8.7095046,14.891631,0.85730972,2.2065482,13.034582,28.761433,0.79351685,1.8703066,21.295224,39.828599,0.7718052,1.6800147,27.820202,46.73835,0.79869101,1.7488936,27.344402,47.82245,0.83639936,1.8051424,21.5243,38.854425
experiment_0a_best,file,16,,1058,020.Yellow_breasted_Chat/Yellow_Breasted_Chat_0090_21931.jpg,20,19,020.Yellow_breasted_Chat,170,169,random_resized_crop,random_resized_crop,0,"{""area_fraction"":0.743372,""aspect"":0.755841,""fallback"":false,""height"":0.991717,""left"":0.128355,""top"":0.001251,""width"":0.74958}",0.33192366,0.32682943,-0.0050942302,0.71754211,0.72120672,0.079128258,0.056379192,0.63841385,0.66482753,0.026413679,0.78842424,1.1393701,51.809438,59.030126,False,0.98069727,True,True,True,0.78842424,1.1393701,51.809438,59.030126,0.78363925,1.1420698,51.072129,58.327935,0.97192249,1.0422946,8.7095046,9.0778697,0.61116136,1.3154885,13.034582,17.146843,0.70049855,1.1924219,21.295224,25.392892,0.81007603,1.1769462,27.820202,32.742883,0.82579006,1.0948021,27.344402,29.936708,0.84593131,1.0336835,21.5243,22.249314
experiment_0a_best,file,16,,1058,020.Yellow_breasted_Chat/Yellow_Breasted_Chat_0090_21931.jpg,20,19,020.Yellow_breasted_Chat,170,169,gaussian_blur,gaussian_blur,0,"{""sigma"":1.708897}",0.33192366,1.4999045,1.1679808,0.71754211,0.22315149,0.079128258,0.42716861,0.63841385,-0.20401712,-0.84243097,0.58373611,3.365597,51.809438,174.36969,False,0.91300547,False,True,False,0.58373611,3.365597,51.809438,174.36969,0.57595231,3.3700281,51.072129,172.11451,0.86545214,3.2095108,8.7095046,27.953249,0.75755542,4.2225939,13.034582,55.039747,0.47616791,3.4094291,21.295224,72.604557,0.55755565,3.4030531,27.820202,94.673625,0.57456367,3.20907,27.344402,87.7501,0.63699292,3.1713014,21.5243,68.260042
experiment_0a_best,file,16,,1058,020.Yellow_breasted_Chat/Yellow_Breasted_Chat_0090_21931.jpg,20,19,020.Yellow_breasted_Chat,170,169,random_erasing,random_erasing,0,"{""area_fraction"":0.171383,""erased"":true,""height"":0.702453,""left"":0.38624,""top"":0.254263,""width"":0.243977}",0.33192366,0.052894972,-0.27902869,0.71754211,0.94847965,0.079128258,0.0024756554,0.63841385,0.946004,0.30759014,0.48046846,0.14320636,51.809438,7.4194408,False,0.90029174,True,True,True,0.48046846,0.14320636,51.809438,7.4194408,0.46810154,0.14131981,51.072129,7.2175034,0.81090732,0.19739681,8.7095046,1.7192284,0.41339238,0.094024828,13.034582,1.2255743,0.35597156,0.1315034,21.295224,2.8003944,0.4651375,0.13472538,27.820202,3.7480872,0.47430618,0.14693867,27.344402,4.0179501,0.57825721,0.16462554,21.5243,3.5434494
experiment_0a_best,file,16,,929,017.Cardinal/Cardinal_0028_18054.jpg,17,16,017.Cardinal,34,33,identity,identity,0,{},0.5467422,0.5467422,0,0.57883245,0.57883245,0.034661949,0.034661949,0.5441705,0.5441705,0,1,1,56.112648,56.112648,False,1,True,True,True,1,1,56.112648,56.112648,1,1,54.991846,54.991846,1,1,11.159128,11.159128,1,1,8.2277934,8.2277934,1,1,20.946319,20.946319,1,1,29.446029,29.446029,1,1,27.631203,27.631203,1,1,29.784328,29.784328
experiment_0a_best,file,16,,929,017.Cardinal/Cardinal_0028_18054.jpg,17,16,017.Cardinal,34,33,horizontal_flip,horizontal_flip,0,"{""flipped"":true}",0.5467422,0.58088332,0.034141123,0.57883245,0.55940402,0.034661949,0.059256077,0.5441705,0.50014794,-0.04402256,0.58677485,1.052788,56.112648,59.074721,False,0.93837869,True,True,True,0.58677485,1.052788,56.112648,59.074721,0.57290225,1.0515628,54.991846,57.82738,0.91438839,1.0821152,11.159128,12.075462,0.49800664,1.5881715,8.2277934,13.067147,0.4965176,1.1787813,20.946319,24.691129,0.60693765,1.0488041,29.446029,30.883116,0.53890695,1.0182714,27.631203,28.136063,0.63455017,0.96037669,29.784328,28.604175
experiment_0a_best,file,16,,929,017.Cardinal/Cardinal_0028_18054.jpg,17,16,017.Cardinal,34,33,color_jitter,color_jitter,0,"{""brightness"":0.764917,""contrast"":1.325137,""hue"":-0.000672,""saturation"":0.626528}",0.5467422,1.6079324,1.0611902,0.57883245,0.20030132,0.034661949,0.044904836,0.5441705,0.15539648,-0.38877402,0.83942297,1.8807482,56.112648,105.53376,False,0.96932638,True,True,True,0.83942297,1.8807482,56.112648,105.53376,0.83416586,1.8787514,54.991846,103.31601,0.96406722,1.9286049,11.159128,21.521549,0.70185678,2.3763067,8.2277934,19.551761,0.80493262,1.9020054,20.946319,39.840013,0.85077707,1.8738445,29.446029,55.177279,0.81570499,1.9016862,27.631203,52.545878,0.86556415,1.8077719,29.784328,53.843271
experiment_0a_best,file,16,,929,017.Cardinal/Cardinal_0028_18054.jpg,17,16,017.Cardinal,34,33,rotation,rotation,0,"{""angle"":14.216495}",0.5467422,0.83219242,0.28545022,0.57883245,0.43509433,0.034661949,0.042162441,0.5441705,0.39293189,-0.15123861,0.66286138,1.2984527,56.112648,72.859617,False,0.94984406,True,True,True,0.66286138,1.2984527,56.112648,72.859617,0.65230808,1.3029447,54.991846,71.651334,0.94778151,1.1841439,11.159128,13.214013,0.39834195,1.4004318,8.2277934,11.522464,0.55662581,1.3334271,20.946319,27.93039,0.61627717,1.2738372,29.446029,37.509446,0.67407179,1.3362846,27.631203,36.923151,0.73907765,1.2788226,29.784328,38.088873
experiment_0a_best,file,16,,929,017.Cardinal/Cardinal_0028_18054.jpg,17,16,017.Cardinal,34,33,random_resized_crop,random_resized_crop,0,"{""area_fraction"":0.570403,""aspect"":1.205403,""fallback"":false,""height"":0.687899,""left"":0.033567,""top"":0.310594,""width"":0.829196}",0.5467422,0.22328898,-0.32345322,0.57883245,0.79988366,0.034661949,0.026336312,0.5441705,0.77354735,0.22937685,0.64063654,0.43480359,56.112648,24.397981,False,0.91493082,True,True,True,0.64063654,0.43480359,56.112648,24.397981,0.62773141,0.42970791,54.991846,23.630431,0.90517618,0.54409165,11.159128,6.0715884,0.52215896,0.57328247,8.2277934,4.7168498,0.60249657,0.46154459,20.946319,9.6676604,0.6183704,0.41011644,29.446029,12.076301,0.60083127,0.40341184,27.631203,11.146754,0.68619875,0.44109263,29.784328,13.137648
experiment_0a_best,file,16,,929,017.Cardinal/Cardinal_0028_18054.jpg,17,16,017.Cardinal,34,33,gaussian_blur,gaussian_blur,0,"{""sigma"":1.465875}",0.5467422,0.22949152,-0.31725068,0.57883245,0.79493773,0.034661949,0.0078664087,0.5441705,0.78707132,0.24290082,0.56582849,0.51087905,56.112648,28.666776,False,0.93097246,True,True,True,0.56582849,0.51087905,56.112648,28.666776,0.55121835,0.51034059,54.991846,28.064571,0.9117099,0.52378569,11.159128,5.8449916,0.41559408,0.72389671,8.2277934,5.9560726,0.43247728,0.59260641,20.946319,12.412923,0.5183244,0.51578269,29.446029,15.187752,0.56120687,0.48691499,27.631203,13.454047,0.68235166,0.45837216,29.784328,13.652307
experiment_0a_best,file,16,,929,017.Cardinal/Cardinal_0028_18054.jpg,17,16,017.Cardinal,34,33,random_erasing,random_erasing,0,"{""area_fraction"":0.055448,""erased"":true,""height"":0.422085,""left"":0.275701,""top"":0.473306,""width"":0.131368}",0.5467422,1.1005452,0.55380297,0.57883245,0.33268964,0.034661949,0.043733738,0.5441705,0.2889559,-0.25521459,0.88224726,1.554116,56.112648,87.205564,False,0.98574954,True,True,True,0.88224726,1.554116,56.112648,87.205564,0.87812758,1.5551819,54.991846,85.522322,0.98420457,1.5280027,11.159128,17.051178,0.82423666,1.7682149,8.2277934,14.548507,0.86718504,1.5389546,20.946319,32.235435,0.89403623,1.5193393,29.446029,44.738508,0.8470796,1.6033513,27.631203,44.302525,0.90207288,1.5382336,29.784328,45.815253
experiment_0a_best,file,16,,10633,181.Worm_eating_Warbler/Worm_Eating_Warbler_0065_795551.jpg,181,180,181.Worm_eating_Warbler,18,17,identity,identity,0,{},2.9300368,2.9300368,0,0.053395078,0.053395078,0.51991117,0.51991117,-0.46651609,-0.46651609,0,1,1,177.98704,177.98704,False,1,True,False,False,1,1,177.98704,177.98704,1,1,175.60093,175.60093,1,1,29.046477,29.046477,1,1,32.230701,32.230701,1,1,100.659,100.659,1,1,91.906014,91.906014,1,1,81.160377,81.160377,1,1,68.050824,68.050824
experiment_0a_best,file,16,,10633,181.Worm_eating_Warbler/Worm_Eating_Warbler_0065_795551.jpg,181,180,181.Worm_eating_Warbler,18,17,horizontal_flip,horizontal_flip,0,"{""flipped"":true}",2.9300368,3.8424473,0.9124105,0.053395078,0.021441065,0.51991117,0.80351627,-0.46651609,-0.7820752,-0.31555911,0.69512965,1.3263861,177.98704,236.07954,False,0.95902812,True,False,False,0.69512965,1.3263861,177.98704,236.07954,0.68914833,1.3297667,175.60093,233.50827,0.9419249,1.1962956,29.046477,34.748173,0.61410055,1.3569125,32.230701,43.734241,0.69751543,1.2993326,100.659,130.78952,0.70034841,1.4052741,91.906014,129.15314,0.6635922,1.2877445,81.160377,104.51383,0.70538663,1.30643,68.050824,88.903639
experiment_0a_best,file,16,,10633,181.Worm_eating_Warbler/Worm_Eating_Warbler_0065_795551.jpg,181,180,181.Worm_eating_Warbler,18,17,color_jitter,color_jitter,0,"{""brightness"":0.775232,""contrast"":0.877648,""hue"":0.026748,""saturation"":1.197888}",2.9300368,2.067471,-0.86256576,0.053395078,0.12650532,0.51991117,0.61991054,-0.46651609,-0.49340522,-0.02688913,0.88334852,1.1219492,177.98704,199.69242,False,0.9742533,True,False,False,0.88334852,1.1219492,177.98704,199.69242,0.88136844,1.124631,175.60093,197.48625,0.96739793,1.019104,29.046477,29.60138,0.62763615,1.2332657,32.230701,39.749019,0.88995563,1.0686455,100.659,107.56879,0.89567292,1.1619305,91.906014,106.78841,0.89560893,1.1565204,81.160377,93.863631,0.8830372,1.1031599,68.050824,75.07094
experiment_0a_best,file,16,,10633,181.Worm_eating_Warbler/Worm_Eating_Warbler_0065_795551.jpg,181,180,181.Worm_eating_Warbler,18,17,rotation,rotation,0,"{""angle"":14.062701}",2.9300368,4.3446107,1.4145739,0.053395078,0.012976558,0.51991117,0.8044138,-0.46651609,-0.79143724,-0.32492115,0.77756187,1.2108523,177.98704,215.51601,False,0.93683082,True,False,False,0.77756187,1.2108523,177.98704,215.51601,0.7735814,1.2102698,175.60093,212.52451,0.92059999,1.2319515,29.046477,35.783851,0.69540205,1.4377071,32.230701,46.338307,0.81677288,1.124678,100.659,113.20896,0.76959383,1.3004917,91.906014,119.52301,0.77129513,1.2192555,81.160377,98.955233,0.72760627,1.1500834,68.050824,78.264121
experiment_0a_best,file,16,,10633,181.Worm_eating_Warbler/Worm_Eating_Warbler_0065_795551.jpg,181,180,181.Worm_eating_Warbler,18,17,random_resized_crop,random_resized_crop,0,"{""area_fraction"":0.590783,""aspect"":0.906645,""fallback"":false,""height"":0.807226,""left"":0.151128,""top"":0.054899,""width"":0.731867}",2.9300368,5.875351,2.9453142,0.053395078,0.0028078086,0.51991117,0.94039369,-0.46651609,-0.93758588,-0.47106979,0.75664871,1.4606106,177.98704,259.96976,False,0.91494155,True,False,False,0.75664871,1.4606106,177.98704,259.96976,0.75334108,1.4623832,175.60093,256.79585,0.88428008,1.3942818,29.046477,40.498973,0.72316593,1.4457902,32.230701,46.598832,0.79759386,1.2581304,100.659,126.64215,0.78121542,1.6251429,91.906014,149.36041,0.72930333,1.4812979,81.160377,120.2227,0.6842299,1.5392791,68.050824,104.74921
experiment_0a_best,file,16,,10633,181.Worm_eating_Warbler/Worm_Eating_Warbler_0065_795551.jpg,181,180,181.Worm_eating_Warbler,18,17,gaussian_blur,gaussian_blur,0,"{""sigma"":1.749073}",2.9300368,0.94974697,-1.9802898,0.053395078,0.38683891,0.51991117,0.096898511,-0.46651609,0.2899404,0.75645649,0.54594558,0.6038859,177.98704,107.48386,False,0.86175138,False,False,True,0.54594558,0.6038859,177.98704,107.48386,0.53888262,0.60405227,175.60093,106.07214,0.80682505,0.59777352,29.046477,17.363215,0.3475944,0.88687576,32.230701,28.584627,0.55682898,0.484413,100.659,48.760526,0.54855656,0.62944745,91.906014,57.850007,0.55297371,0.6505171,81.160377,52.796214,0.5691176,0.6443284,68.050824,43.847078
experiment_0a_best,file,16,,10633,181.Worm_eating_Warbler/Worm_Eating_Warbler_0065_795551.jpg,181,180,181.Worm_eating_Warbler,18,17,random_erasing,random_erasing,0,"{""area_fraction"":0.19272,""erased"":true,""height"":0.440732,""left"":0.010305,""top"":0.351578,""width"":0.437273}",2.9300368,2.6935203,-0.23651648,0.053395078,0.067642398,0.51991117,0.30570939,-0.46651609,-0.23806699,0.2284491,0.85005234,0.79839321,177.98704,142.10364,False,0.95861822,True,False,False,0.85005234,0.79839321,177.98704,142.10364,0.84747441,0.79758687,175.60093,140.057,0.94143818,0.82732456,29.046477,24.030864,0.7976531,0.75596144,32.230701,24.365167,0.88191602,0.80320637,100.659,80.849946,0.83412664,0.76971396,91.906014,70.741343,0.83660016,0.78384184,81.160377,63.616899,0.8266535,0.86114375,68.050824,58.601542
experiment_0a_best,file,16,,6757,116.Chipping_Sparrow/Chipping_Sparrow_0079_110449.jpg,116,115,116.Chipping_Sparrow,119,118,identity,identity,0,{},0.78546751,0.78546751,0,0.45590651,0.45590651,0.31602937,0.31602937,0.13987714,0.13987714,0,1,1,104.71891,104.71891,False,1,True,True,True,1,1,104.71891,104.71891,1,1,102.77909,102.77909,1,1,20.062599,20.062599,1,1,23.193419,23.193419,1,1,51.930558,51.930558,1,1,51.370982,51.370982,1,1,51.722754,51.722754,1,1,44.884325,44.884325
experiment_0a_best,file,16,,6757,116.Chipping_Sparrow/Chipping_Sparrow_0079_110449.jpg,116,115,116.Chipping_Sparrow,119,118,horizontal_flip,horizontal_flip,0,"{""flipped"":true}",0.78546751,2.4410088,1.6555413,0.45590651,0.087072976,0.31602937,0.68534344,0.13987714,-0.59827047,-0.73814761,0.62197043,1.6684217,104.71891,174.7153,False,0.9620468,False,True,False,0.62197043,1.6684217,104.71891,174.7153,0.6075354,1.6558184,102.77909,170.18351,0.94932641,1.9705779,20.062599,39.534914,0.085590231,1.8922712,23.193419,43.888239,0.58425473,1.49062,51.930558,77.408729,0.67241944,1.7033332,51.370982,87.501901,0.60449043,1.6426011,51.722754,84.959855,0.71250877,1.7499514,44.884325,78.545387
experiment_0a_best,file,16,,6757,116.Chipping_Sparrow/Chipping_Sparrow_0079_110449.jpg,116,115,116.Chipping_Sparrow,119,118,color_jitter,color_jitter,0,"{""brightness"":0.662308,""contrast"":1.344436,""hue"":0.047843,""saturation"":1.148447}",0.78546751,1.8962829,1.1108154,0.45590651,0.15012559,0.31602937,0.22622067,0.13987714,-0.076095074,-0.21597221,0.67292591,1.4021036,104.71891,146.82675,False,0.91401529,False,True,False,0.67292591,1.4021036,104.71891,146.82675,0.66745791,1.4112566,102.77909,145.04767,0.86667524,1.1358191,20.062599,22.787482,0.57515021,2.1645474,23.193419,50.203255,0.54705548,1.3916645,51.930558,72.269913,0.72091893,1.4312217,51.370982,73.523262,0.74692058,1.3011904,51.722754,67.301152,0.7320247,1.2915196,44.884325,57.968986
experiment_0a_best,file,16,,6757,116.Chipping_Sparrow/Chipping_Sparrow_0079_110449.jpg,116,115,116.Chipping_Sparrow,119,118,rotation,rotation,0,"{""angle"":-8.01915}",0.78546751,2.8978243,2.1123568,0.45590651,0.055143069,0.31602937,0.6718381,0.13987714,-0.61669504,-0.75657218,0.81346439,1.7737382,104.71891,185.74392,False,0.95010042,False,True,False,0.81346439,1.7737382,104.71891,185.74392,0.80851023,1.7743257,102.77909,182.36358,0.94470419,1.7582487,20.062599,35.275037,0.84108773,1.7687622,23.193419,41.023643,0.81364637,1.713494,51.930558,88.982701,0.82457643,1.9516258,51.370982,100.25693,0.80068589,1.7289753,51.722754,89.427364,0.78658427,1.6682728,44.884325,74.879298
experiment_0a_best,file,16,,6757,116.Chipping_Sparrow/Chipping_Sparrow_0079_110449.jpg,116,115,116.Chipping_Sparrow,119,118,random_resized_crop,random_resized_crop,0,"{""area_fraction"":0.614188,""aspect"":1.179252,""fallback"":false,""height"":0.721684,""left"":0.143926,""top"":0.128449,""width"":0.851047}",0.78546751,3.937057,3.1515895,0.45590651,0.019505532,0.31602937,0.046058506,0.13987714,-0.026552973,-0.16643011,0.5404506,2.223075,104.71891,232.79799,False,0.90781993,False,True,False,0.5404506,2.223075,104.71891,232.79799,0.53426697,2.2270362,102.77909,228.89275,0.71189005,2.1164694,20.062599,42.461876,0.45436653,2.5326837,23.193419,58.741594,0.51154379,2.4146798,51.930558,125.39567,0.56177245,2.3984734,51.370982,123.21193,0.56194344,1.9565963,51.722754,101.20055,0.53537645,1.966979,44.884325,88.286527
experiment_0a_best,file,16,,6757,116.Chipping_Sparrow/Chipping_Sparrow_0079_110449.jpg,116,115,116.Chipping_Sparrow,119,118,gaussian_blur,gaussian_blur,0,"{""sigma"":1.981728}",0.78546751,3.1837549,2.3982874,0.45590651,0.041429788,0.31602937,0.070747681,0.13987714,-0.029317893,-0.16919503,0.30151821,1.4560097,104.71891,152.47174,False,0.77216649,False,True,False,0.30151821,1.4560097,104.71891,152.47174,0.2885178,1.461419,102.77909,150.20332,0.68513383,1.3060591,20.062599,26.20294,0.22708869,1.3067257,23.193419,30.307437,0.19483241,1.1256338,51.930558,58.454793,0.26829795,1.6199594,51.370982,83.218902,0.31711186,1.5443062,51.722754,79.875768,0.39573957,1.5627455,44.884325,70.142777
experiment_0a_best,file,16,,6757,116.Chipping_Sparrow/Chipping_Sparrow_0079_110449.jpg,116,115,116.Chipping_Sparrow,119,118,random_erasing,random_erasing,0,"{""area_fraction"":0.171729,""erased"":true,""height"":0.725382,""left"":0.439446,""top"":0.125581,""width"":0.236743}",0.78546751,1.48862,0.70315254,0.45590651,0.22568387,0.31602937,0.032012403,0.13987714,0.19367146,0.053794324,0.33385617,1.2029823,104.71891,125.97499,False,0.7805624,True,True,True,0.33385617,1.2029823,104.71891,125.97499,0.32345676,1.2097103,102.77909,124.33292,0.66582866,1.0105215,20.062599,20.273687,0.44063788,1.0875988,23.193419,25.225136,0.48824332,1.2579891,51.930558,65.328078,0.20600243,1.1537417,51.370982,59.268842,0.22263921,1.179488,51.722754,61.00637,0.34393262,1.2837392,44.884325,57.619769
experiment_0a_best,file,16,,3123,054.Blue_Grosbeak/Blue_Grosbeak_0065_36847.jpg,54,53,054.Blue_Grosbeak,14,13,identity,identity,0,{},0.029887993,0.029887993,0,0.97055423,0.97055423,0.020879282,0.020879282,0.94967495,0.94967495,0,1,1,5.8960327,5.8960327,False,1,True,True,True,1,1,5.8960327,5.8960327,1,1,5.7912297,5.7912297,1,1,1.106734,1.106734,1,1,1.2254613,1.2254613,1,1,2.4287869,2.4287869,1,1,3.4211396,3.4211396,1,1,2.6733981,2.6733981,1,1,2.6993197,2.6993197
experiment_0a_best,file,16,,3123,054.Blue_Grosbeak/Blue_Grosbeak_0065_36847.jpg,54,53,054.Blue_Grosbeak,14,13,horizontal_flip,horizontal_flip,0,"{""flipped"":true}",0.029887993,0.065075763,0.03518777,0.97055423,0.93699646,0.020879282,0.028794961,0.94967495,0.9082015,-0.041473452,0.77354831,1.7618461,5.8960327,10.387902,False,0.96446669,True,True,True,0.77354831,1.7618461,5.8960327,10.387902,0.76760353,1.7611121,5.7912297,10.199005,0.93448341,1.7818265,1.106734,1.9720079,0.69197165,1.9918071,1.2254613,2.4408825,0.82056875,1.8924671,2.4287869,4.5963993,0.80610399,1.7161602,3.4211396,5.8712235,0.687319,1.7232212,2.6733981,4.6068562,0.7597236,1.7073723,2.6993197,4.6087437
experiment_0a_best,file,16,,3123,054.Blue_Grosbeak/Blue_Grosbeak_0065_36847.jpg,54,53,054.Blue_Grosbeak,14,13,color_jitter,color_jitter,0,"{""brightness"":1.258002,""contrast"":1.02642,""hue"":-0.035516,""saturation"":0.742101}",0.029887993,2.9158831,2.8859951,0.97055423,0.054156184,0.020879282,0.80912036,0.94967495,-0.75496417,-1.7046391,0.793784,32.645342,5.8960327,192.47801,False,0.89336282,False,True,False,0.793784,32.645342,5.8960327,192.47801,0.79078618,32.599909,5.7912297,188.79356,0.87335537,33.865694,1.106734,37.480315,0.67462917,37.950459,1.2254613,46.50682,0.79065421,38.785952,2.4287869,94.202813,0.85615452,31.522693,3.4211396,107.84353,0.79453195,30.294298,2.6733981,80.988719,0.72771489,29.675403,2.6993197,80.103401
experiment_0a_best,file,16,,3123,054.Blue_Grosbeak/Blue_Grosbeak_0065_36847.jpg,54,53,054.Blue_Grosbeak,14,13,rotation,rotation,0,"{""angle"":2.531972}",0.029887993,0.020386796,-0.0095011964,0.97055423,0.9798196,0.020879282,0.015687507,0.94967495,0.96413209,0.014457138,0.90738585,0.75129435,5.8960327,4.4296561,False,0.98896819,True,True,True,0.90738585,0.75129435,5.8960327,4.4296561,0.90466197,0.75256662,5.7912297,4.3582862,0.98693825,0.71557922,1.106734,0.79195584,0.85938588,0.88706399,1.2254613,1.0870626,0.91208358,0.81650701,2.4287869,1.9831215,0.90817007,0.73183116,3.4211396,2.5036965,0.89561694,0.73900709,2.6733981,1.9756602,0.92075307,0.71341472,2.6993197,1.9257344
experiment_0a_best,file,16,,3123,054.Blue_Grosbeak/Blue_Grosbeak_0065_36847.jpg,54,53,054.Blue_Grosbeak,14,13,random_resized_crop,random_resized_crop,0,"{""area_fraction"":0.730197,""aspect"":0.835674,""fallback"":false,""height"":0.934763,""left"":0.028084,""top"":0.047504,""width"":0.781158}",0.029887993,0.0038270343,-0.026060959,0.97055423,0.9961803,0.020879282,0.0024806727,0.94967495,0.99369962,0.044024672,0.80242212,0.11215003,5.8960327,0.66124023,False,0.97491026,True,True,True,0.80242212,0.11215003,5.8960327,0.66124023,0.79552052,0.11149084,5.7912297,0.64566904,0.97399265,0.12889627,1.106734,0.14265388,0.65997614,0.12159792,1.2254613,0.14901354,0.75330959,0.10945299,2.4287869,0.26583799,0.83778432,0.1055529,3.4211396,0.36111121,0.7607979,0.10923599,2.6733981,0.29203128,0.83150729,0.12193269,2.6993197,0.32913532
experiment_0a_best,file,16,,3123,054.Blue_Grosbeak/Blue_Grosbeak_0065_36847.jpg,54,53,054.Blue_Grosbeak,14,13,gaussian_blur,gaussian_blur,0,"{""sigma"":1.302208}",0.029887993,0.19960582,0.16971783,0.97055423,0.81905353,0.020879282,0.16467321,0.94967495,0.65438032,-0.29529463,0.76181283,7.3050365,5.8960327,43.070734,False,0.96908683,True,True,True,0.76181283,7.3050365,5.8960327,43.070734,0.75530438,7.3192423,5.7912297,42.387414,0.95197384,6.9047141,1.106734,7.6416818,0.59029805,10.461942,1.2254613,12.820705,0.66055652,7.5841375,2.4287869,18.420254,0.81344612,7.2792149,3.4211396,24.90321,0.76435882,7.2382074,2.6733981,19.35061,0.80929521,6.3994925,2.6993197,17.274277
experiment_0a_best,file,16,,3123,054.Blue_Grosbeak/Blue_Grosbeak_0065_36847.jpg,54,53,054.Blue_Grosbeak,14,13,random_erasing,random_erasing,0,"{""area_fraction"":0.074782,""erased"":true,""height"":0.182573,""left"":0.491234,""top"":0.811196,""width"":0.409601}",0.029887993,0.025505906,-0.0043820869,0.97055423,0.97481662,0.020879282,0.01876289,0.94967495,0.95605373,0.0063787792,0.97853418,0.86342392,5.8960327,5.0907757,False,0.99674433,True,True,True,0.97853418,0.86342392,5.8960327,5.0907757,0.97789479,0.86317582,5.7912297,4.9988495,0.9959313,0.87018978,1.106734,0.96306861,0.97988651,0.87105459,1.2254613,1.0674437,0.97532825,0.84365645,2.4287869,2.0490617,0.98625251,0.86266883,3.4211396,2.9513105,0.97058768,0.86853404,2.6733981,2.3219373,0.97364137,0.87265866,2.6993197,2.3555847
experiment_0a_best,file,16,,6283,108.White_necked_Raven/White_Necked_Raven_0025_797346.jpg,108,107,108.White_necked_Raven,106,105,identity,identity,0,{},0.037108213,0.037108213,0,0.96357185,0.96357185,0.0071895546,0.0071895546,0.95638229,0.95638229,0,1,1,8.4176311,8.4176311,False,1,True,True,True,1,1,8.4176311,8.4176311,1,1,8.3208868,8.3208868,1,1,1.2725391,1.2725391,1,1,2.5985079,2.5985079,1,1,4.115963,4.115963,1,1,4.1186904,4.1186904,1,1,3.8462415,3.8462415,1,1,3.7130282,3.7130282
experiment_0a_best,file,16,,6283,108.White_necked_Raven/White_Necked_Raven_0025_797346.jpg,108,107,108.White_necked_Raven,106,105,horizontal_flip,horizontal_flip,0,"{""flipped"":true}",0.037108213,0.4876644,0.45055619,0.96357185,0.61405891,0.0071895546,0.036718342,0.95638229,0.57734057,-0.37904172,0.67176673,11.539387,8.4176311,97.134303,False,0.94166821,True,True,True,0.67176673,11.539387,8.4176311,97.134303,0.66714606,11.575289,8.3208868,96.316668,0.91139548,9.8831185,1.2725391,12.576655,0.58112458,13.68817,2.5985079,35.568819,0.62178321,11.131634,4.115963,45.817394,0.67200859,11.374422,4.1186904,46.847722,0.69523554,11.958334,3.8462415,45.994639,0.74718285,10.780653,3.7130282,40.028867
experiment_0a_best,file,16,,6283,108.White_necked_Raven/White_Necked_Raven_0025_797346.jpg,108,107,108.White_necked_Raven,106,105,color_jitter,color_jitter,0,"{""brightness"":0.939109,""contrast"":1.111321,""hue"":-0.055499,""saturation"":0.651}",0.037108213,0.020000102,-0.017108111,0.96357185,0.98019856,0.0071895546,0.001521899,0.95638229,0.97867666,0.022294371,0.8609961,0.50049819,8.4176311,4.2130092,False,0.97385037,True,True,True,0.8609961,0.50049819,8.4176311,4.2130092,0.8590394,0.49940324,8.3208868,4.1554779,0.94086215,0.54526097,1.2725391,0.69386593,0.86603907,0.43567958,2.5985079,1.1321168,0.82764687,0.4625308,4.115963,1.9037597,0.85334999,0.51048852,4.1186904,2.1025441,0.87056945,0.53569973,3.8462415,2.0604305,0.8939547,0.51776688,3.7130282,1.922483
experiment_0a_best,file,16,,6283,108.White_necked_Raven/White_Necked_Raven_0025_797346.jpg,108,107,108.White_necked_Raven,106,105,rotation,rotation,0,"{""angle"":9.412112}",0.037108213,0.93947226,0.90236405,0.96357185,0.39083406,0.0071895546,0.014726569,0.95638229,0.37610749,-0.5802748,0.72710196,15.026901,8.4176311,126.49091,False,0.91079915,True,True,True,0.72710196,15.026901,8.4176311,126.49091,0.7239491,15.061118,8.3208868,125.32186,0.88205199,13.482916,1.2725391,17.157538,0.48970064,18.777173,2.5985079,48.792632,0.73360184,15.676649,4.115963,64.524508,0.78159418,14.557904,4.1186904,59.959501,0.76478788,14.386496,3.8462415,55.333936,0.76538569,13.478076,3.7130282,50.044477
experiment_0a_best,file,16,,6283,108.White_necked_Raven/White_Necked_Raven_0025_797346.jpg,108,107,108.White_necked_Raven,106,105,random_resized_crop,random_resized_crop,0,"{""area_fraction"":0.683811,""aspect"":1.088437,""fallback"":false,""height"":0.792623,""left"":0.107528,""top"":0.049146,""width"":0.86272}",0.037108213,0.48380589,0.44669768,0.96357185,0.61643285,0.0071895546,0.01596887,0.95638229,0.60046398,-0.35591832,0.69706295,13.470322,8.4176311,113.3882,False,0.91631931,True,True,True,0.69706295,13.470322,8.4176311,113.3882,0.69481555,13.536325,8.3208868,112.63423,0.85034391,10.258512,1.2725391,13.054358,0.72428451,16.825899,2.5985079,43.722232,0.77560344,13.745081,4.115963,56.574245,0.62395174,14.103033,4.1186904,58.086027,0.67480662,13.045187,3.8462415,50.174938,0.7143259,11.047713,3.7130282,41.020471
experiment_0a_best,file,16,,6283,108.White_necked_Raven/White_Necked_Raven_0025_797346.jpg,108,107,108.White_necked_Raven,106,105,gaussian_blur,gaussian_blur,0,"{""sigma"":1.57232}",0.037108213,2.4642923,2.4271841,0.96357185,0.085069031,0.0071895546,0.018957103,0.95638229,0.066111928,-0.89027036,0.48023613,28.146656,8.4176311,236.92816,False,0.83480966,False,True,False,0.48023613,28.146656,8.4176311,236.92816,0.4752039,28.295395,8.3208868,235.44278,0.79512122,20.815647,1.2725391,26.488725,0.21050374,24.072687,2.5985079,62.553069,0.5412463,27.98208,4.115963,115.17321,0.36966717,33.63762,4.1186904,138.54294,0.55104434,28.258038,3.8462415,108.68724,0.62912903,22.929543,3.7130282,85.138038
experiment_0a_best,file,16,,6283,108.White_necked_Raven/White_Necked_Raven_0025_797346.jpg,108,107,108.White_necked_Raven,106,105,random_erasing,random_erasing,0,"{""area_fraction"":0.059527,""erased"":true,""height"":0.163151,""left"":0.358281,""top"":0.36735,""width"":0.364857}",0.037108213,0.77756214,0.74045393,0.96357185,0.4595249,0.0071895546,0.15088868,0.95638229,0.30863622,-0.64774607,0.8004245,12.603279,8.4176311,106.08975,False,0.93378699,True,True,True,0.8004245,12.603279,8.4176311,106.08975,0.79734241,12.590245,8.3208868,104.76201,0.92734283,13.14846,1.2725391,16.73193,0.83578835,12.983375,2.5985079,33.737401,0.80931895,11.041211,4.115963,45.445218,0.78884058,12.418635,4.1186904,51.148513,0.77541723,13.254649,3.8462415,50.98058,0.81056735,13.617169,3.7130282,50.560932
experiment_0a_best,file,16,,3114,054.Blue_Grosbeak/Blue_Grosbeak_0037_36794.jpg,54,53,054.Blue_Grosbeak,14,13,identity,identity,0,{},0.0027523276,0.0027523276,0,0.99725145,0.99725145,0.0022199629,0.0022199629,0.99503149,0.99503149,0,1,1,0.51064541,0.51064541,False,1,True,True,True,1,1,0.51064541,0.51064541,1,1,0.49722214,0.49722214,1,1,0.11631371,0.11631371,1,1,0.08590171,0.08590171,1,1,0.19831735,0.19831735,1,1,0.28333989,0.28333989,1,1,0.23765899,0.23765899,1,1,0.25250287,0.25250287
experiment_0a_best,file,16,,3114,054.Blue_Grosbeak/Blue_Grosbeak_0037_36794.jpg,54,53,054.Blue_Grosbeak,14,13,horizontal_flip,horizontal_flip,0,"{""flipped"":true}",0.0027523276,0.0026851573,-6.7170244e-05,0.99725145,0.99731845,0.0022199629,0.001929934,0.99503149,0.99538851,0.00035702449,0.77164407,0.92491381,0.51064541,0.47230299,False,0.98812628,True,True,True,0.77164407,0.92491381,0.51064541,0.47230299,0.7602759,0.92609949,0.49722214,0.46047717,0.98494373,0.90297225,0.11631371,0.10502805,0.71811534,0.92446129,0.08590171,0.079412806,0.71645761,0.91561976,0.19831735,0.18158328,0.78952606,0.93005082,0.28333989,0.2635205,0.69715505,0.92925884,0.23765899,0.22084672,0.81109903,0.92492657,0.25250287,0.23354661
experiment_0a_best,file,16,,3114,054.Blue_Grosbeak/Blue_Grosbeak_0037_36794.jpg,54,53,054.Blue_Grosbeak,14,13,color_jitter,color_jitter,0,"{""brightness"":1.295927,""contrast"":0.93154,""hue"":-0.024923,""saturation"":0.990467}",0.0027523276,0.063354239,0.060601911,0.99725145,0.93861091,0.0022199629,0.057644714,0.99503149,0.8809662,-0.11406529,0.88147234,27.748858,0.51064541,14.169827,False,0.97958589,True,True,True,0.88147234,27.748858,0.51064541,14.169827,0.87765552,27.954521,0.49722214,13.899607,0.97545442,23.677989,0.11631371,2.7540748,0.69115158,29.115363,0.08590171,2.5010594,0.82370163,29.372167,0.19831735,5.8250103,0.90876408,29.42341,0.28333989,8.3368256,0.89051737,28.064688,0.23765899,6.6698255,0.89223383,24.739927,0.25250287,6.2469025
experiment_0a_best,file,16,,3114,054.Blue_Grosbeak/Blue_Grosbeak_0037_36794.jpg,54,53,054.Blue_Grosbeak,14,13,rotation,rotation,0,"{""angle"":11.16861}",0.0027523276,0.013349909,0.010597582,0.99725145,0.9867388,0.0022199629,0.010620123,0.99503149,0.97611868,-0.01891281,0.85650117,5.0081091,0.51064541,2.5573679,False,0.98097509,True,True,True,0.85650117,5.0081091,0.51064541,2.5573679,0.85099471,5.0406725,0.49722214,2.506334,0.98089004,4.3705162,0.11631371,0.50835095,0.85421119,6.5625226,0.08590171,0.56373191,0.84343745,5.1704005,0.19831735,1.0253801,0.87462382,5.0655887,0.28333989,1.4352833,0.82122342,5.1338355,0.23765899,1.2201022,0.86075589,4.6250127,0.25250287,1.167829
experiment_0a_best,file,16,,3114,054.Blue_Grosbeak/Blue_Grosbeak_0037_36794.jpg,54,53,054.Blue_Grosbeak,14,13,random_resized_crop,random_resized_crop,0,"{""area_fraction"":0.562091,""aspect"":0.951448,""fallback"":false,""height"":0.768618,""left"":0.201622,""top"":0.145309,""width"":0.7313}",0.0027523276,0.0070918263,0.0043394987,0.99725145,0.99293327,0.0022199629,0.0055479161,0.99503149,0.98738536,-0.0076461309,0.80799776,3.0437312,0.51064541,1.5542674,False,0.97801,True,True,True,0.80799776,3.0437312,0.51064541,1.5542674,0.80094343,3.0688657,0.49722214,1.525908,0.97749514,2.5410032,0.11631371,0.29555351,0.82536769,4.1572606,0.08590171,0.35711579,0.75870308,3.3176297,0.19831735,0.65794353,0.83353066,3.0762228,0.28333989,0.87161662,0.7627141,3.0548477,0.23765899,0.72601203,0.8330996,2.747139,0.25250287,0.69366049
experiment_0a_best,file,16,,3114,054.Blue_Grosbeak/Blue_Grosbeak_0037_36794.jpg,54,53,054.Blue_Grosbeak,14,13,gaussian_blur,gaussian_blur,0,"{""sigma"":1.500641}",0.0027523276,0.0080393776,0.00528705,0.99725145,0.99199283,0.0022199629,0.005709548,0.99503149,0.98628328,-0.0087482049,0.7321274,2.9026799,0.51064541,1.4822402,False,0.96433771,True,True,True,0.7321274,2.9026799,0.51064541,1.4822402,0.72075717,2.9136735,0.49722214,1.448743,0.95900596,2.6938903,0.11631371,0.31333638,0.76511805,2.8325605,0.08590171,0.24332179,0.66286595,3.0536173,0.19831735,0.60558529,0.7004816,2.8187278,0.28333989,0.79865803,0.70483265,3.1014145,0.23765899,0.73707905,0.79974694,2.7772682,0.25250287,0.70126818
experiment_0a_best,file,16,,3114,054.Blue_Grosbeak/Blue_Grosbeak_0037_36794.jpg,54,53,054.Blue_Grosbeak,14,13,random_erasing,random_erasing,0,"{""area_fraction"":0.113738,""erased"":true,""height"":0.277576,""left"":0.42695,""top"":0.454968,""width"":0.409756}",0.0027523276,1.8165498,1.8137975,0.99725145,0.16258575,0.0022199629,0.48509336,0.99503149,-0.3225076,-1.3175391,0.70173543,272.68284,0.51064541,139.24424,False,0.89603877,False,True,False,0.70173543,272.68284,0.51064541,139.24424,0.6940204,272.99243,0.49722214,135.73788,0.84607245,266.96225,0.11631371,31.05137,0.65959344,237.93495,0.08590171,20.439019,0.69727811,321.591,0.19831735,63.777075,0.7439422,255.90626,0.28333989,72.508451,0.6628318,280.99895,0.23765899,66.781926,0.67405882,257.33756,0.25250287,64.978473
experiment_0a_best,file,16,,11057,188.Pileated_Woodpecker/Pileated_Woodpecker_0124_180168.jpg,188,187,188.Pileated_Woodpecker,187,186,identity,identity,0,{},0.0035418654,0.0035418654,0,0.99646437,0.99646437,0.001747528,0.001747528,0.99471684,0.99471684,0,1,1,0.76940806,0.76940806,False,1,True,True,True,1,1,0.76940806,0.76940806,1,1,0.75734791,0.75734791,1,1,0.13569417,0.13569417,1,1,0.22475895,0.22475895,1,1,0.34817412,0.34817412,1,1,0.42736523,0.42736523,1,1,0.32339616,0.32339616,1,1,0.33853792,0.33853792
experiment_0a_best,file,16,,11057,188.Pileated_Woodpecker/Pileated_Woodpecker_0124_180168.jpg,188,187,188.Pileated_Woodpecker,187,186,horizontal_flip,horizontal_flip,0,"{""flipped"":true}",0.0035418654,0.0040081176,0.00046625221,0.99646437,0.99599993,0.001747528,0.00093859335,0.99471684,0.99506134,0.00034449523,0.68404301,0.91199448,0.76940806,0.7016959,False,0.97826862,True,True,True,0.68404301,0.91199448,0.76940806,0.7016959,0.67505129,0.9077336,0.75734791,0.68747014,0.93523637,1.0359854,0.13569417,0.14057718,0.73218244,0.67806185,0.22475895,0.15240047,0.65699191,0.93224905,0.34817412,0.32458499,0.75095686,0.8524093,0.42736523,0.3642901,0.56229942,0.9460874,0.32339616,0.30596104,0.68523132,1.0134622,0.33853792,0.34309539
experiment_0a_best,file,16,,11057,188.Pileated_Woodpecker/Pileated_Woodpecker_0124_180168.jpg,188,187,188.Pileated_Woodpecker,187,186,color_jitter,color_jitter,0,"{""brightness"":0.677637,""contrast"":1.284596,""hue"":-0.085468,""saturation"":0.97085}",0.0035418654,0.028543591,0.025001726,0.99646437,0.97185993,0.001747528,0.012266395,0.99471684,0.95959354,-0.035123306,0.76696375,7.6388051,0.76940806,5.8773582,False,0.93108028,True,True,True,0.76696375,7.6388051,0.76940806,5.8773582,0.76313657,7.6667069,0.75734791,5.8063644,0.90975378,6.7118083,0.13569417,0.91075325,0.86359725,10.380217,0.22475895,2.3330467,0.75579607,7.699586,0.34817412,2.6807966,0.79873012,7.0039492,0.42736523,2.9932444,0.68831066,7.774185,0.32339616,2.5141416,0.75550999,7.1161327,0.33853792,2.4090808
experiment_0a_best,file,16,,11057,188.Pileated_Woodpecker/Pileated_Woodpecker_0124_180168.jpg,188,187,188.Pileated_Woodpecker,187,186,rotation,rotation,0,"{""angle"":-7.908669}",0.0035418654,0.011829112,0.0082872463,0.99646437,0.9882406,0.001747528,0.0068930062,0.99471684,0.98134759,-0.01336925,0.83166861,3.6494621,0.76940806,2.8079256,False,0.97193915,True,True,True,0.83166861,3.6494621,0.76940806,2.8079256,0.82858217,3.6649572,0.75734791,2.7756477,0.95445044,3.1285824,0.13569417,0.42453039,0.90318936,4.4554441,0.22475895,1.0014009,0.83314184,3.6400246,0.34817412,1.2673624,0.85645169,3.6699847,0.42736523,1.5684239,0.75681479,3.5388438,0.32339616,1.1444485,0.81253743,3.4008023,0.33853792,1.1513005
experiment_0a_best,file,16,,11057,188.Pileated_Woodpecker/Pileated_Woodpecker_0124_180168.jpg,188,187,188.Pileated_Woodpecker,187,186,random_resized_crop,random_resized_crop,0,"{""area_fraction"":0.539862,""aspect"":0.986635,""fallback"":false,""height"":0.739713,""left"":0.005676,""top"":0.022931,""width"":0.729827}",0.0035418654,0.0076227975,0.0040809321,0.99646437,0.99240619,0.001747528,0.0044939183,0.99471684,0.98791227,-0.0068045725,0.71816277,2.0678834,0.76940806,1.5910462,False,0.9643873,True,True,True,0.71816277,2.0678834,0.76940806,1.5910462,0.71015425,2.0629135,0.75734791,1.5623432,0.95208671,2.2171286,0.13569417,0.30085143,0.80053965,1.9967849,0.22475895,0.44879526,0.60392068,1.9266277,0.34817412,0.67080192,0.75455397,2.0190636,0.42736523,0.86287761,0.64730443,2.1251179,0.32339616,0.68725496,0.76648836,2.2353015,0.33853792,0.75673432
experiment_0a_best,file,16,,11057,188.Pileated_Woodpecker/Pileated_Woodpecker_0124_180168.jpg,188,187,188.Pileated_Woodpecker,187,186,gaussian_blur,gaussian_blur,0,"{""sigma"":1.888614}",0.0035418654,0.020965159,0.017423294,0.99646437,0.97925305,0.001747528,0.0062750145,0.99471684,0.97297804,-0.021738805,0.39337497,5.8215368,0.76940806,4.4791373,False,0.91883427,True,True,True,0.39337497,5.8215368,0.76940806,4.4791373,0.37988283,5.8480782,0.75734791,4.4290298,0.89826186,4.9236194,0.13569417,0.66810644,0.50181949,7.1811252,0.22475895,1.6140221,0.11395964,5.1834553,0.34817412,1.804745,0.27943731,5.1696188,0.42736523,2.2093154,0.45129016,7.1529359,0.32339616,2.313232,0.65972988,5.5435548,0.33853792,1.8767035
experiment_0a_best,file,16,,11057,188.Pileated_Woodpecker/Pileated_Woodpecker_0124_180168.jpg,188,187,188.Pileated_Woodpecker,187,186,random_erasing,random_erasing,0,"{""area_fraction"":0.06842,""erased"":true,""height"":0.360733,""left"":0.534814,""top"":0.635506,""width"":0.18967}",0.0035418654,0.0013280628,-0.0022138025,0.99646437,0.99867284,0.001747528,0.00014156163,0.99471684,0.99853128,0.0038144376,0.87767442,0.26123383,0.76940806,0.20099541,False,0.98520494,True,True,True,0.87767442,0.26123383,0.76940806,0.20099541,0.87793495,0.25779009,0.75734791,0.19523679,0.91282975,0.35202473,0.13569417,0.047767703,0.88691071,0.20517794,0.22475895,0.046115578,0.92000417,0.24571302,0.34817412,0.085550915,0.90074166,0.23535952,0.42736523,0.10058448,0.84291264,0.26959847,0.32339616,0.08718711,0.86735467,0.30914241,0.33853792,0.10465643
experiment_0a_best,file,16,,1103,020.Yellow_breasted_Chat/Yellow_Breasted_Chat_0012_21961.jpg,20,19,020.Yellow_breasted_Chat,200,199,identity,identity,0,{},0.034128614,0.034128614,0,0.96644717,0.96644717,0.028279396,0.028279396,0.93816778,0.93816778,0,1,1,5.7724115,5.7724115,False,1,True,True,True,1,1,5.7724115,5.7724115,1,1,5.6122694,5.6122694,1,1,1.3502467,1.3502467,1,1,1.1941761,1.1941761,1,1,2.4428149,2.4428149,1,1,2.7182742,2.7182742,1,1,2.7712517,2.7712517,1,1,3.0058803,3.0058803
experiment_0a_best,file,16,,1103,020.Yellow_breasted_Chat/Yellow_Breasted_Chat_0012_21961.jpg,20,19,020.Yellow_breasted_Chat,200,199,horizontal_flip,horizontal_flip,0,"{""flipped"":true}",0.034128614,0.15591648,0.12178787,0.96644717,0.85563064,0.028279396,0.13216202,0.93816778,0.72346862,-0.21469916,0.56813187,4.8104013,5.7724115,27.767616,False,0.96838021,True,True,True,0.56813187,4.8104013,5.7724115,27.767616,0.5464364,4.8253524,5.6122694,27.081178,0.96709716,4.5443426,1.3502467,6.1359836,0.16826984,5.4368641,1.1941761,6.4925732,0.46639768,4.8753765,2.4428149,11.909642,0.46496679,5.0393434,2.7182742,13.698317,0.56002904,4.7289607,2.7712517,13.105141,0.73671744,4.5857973,3.0058803,13.784358
experiment_0a_best,file,16,,1103,020.Yellow_breasted_Chat/Yellow_Breasted_Chat_0012_21961.jpg,20,19,020.Yellow_breasted_Chat,200,199,color_jitter,color_jitter,0,"{""brightness"":1.134761,""contrast"":1.029855,""hue"":-0.053014,""saturation"":1.291177}",0.034128614,0.077560589,0.043431975,0.96644717,0.92537093,0.028279396,0.0059491033,0.93816778,0.91942183,-0.01874595,0.38132156,1.9789667,5.7724115,11.42341,False,0.91812718,True,True,True,0.38132156,1.9789667,5.7724115,11.42341,0.36626636,1.9912128,5.6122694,11.175223,0.67952693,1.7539533,1.3502467,2.3682697,0.12934697,1.9526436,1.1941761,2.3318003,0.29617067,1.916053,2.4428149,4.6805627,0.32856729,2.113643,2.7182742,5.7454613,0.36474755,2.1505093,2.7712517,5.9596025,0.49840419,1.7919589,3.0058803,5.3864141
experiment_0a_best,file,16,,1103,020.Yellow_breasted_Chat/Yellow_Breasted_Chat_0012_21961.jpg,20,19,020.Yellow_breasted_Chat,200,199,rotation,rotation,0,"{""angle"":-6.691356}",0.034128614,0.014210696,-0.019917917,0.96644717,0.98588979,0.028279396,0.0096546924,0.93816778,0.9762351,0.038067321,0.76682233,0.32142804,5.7724115,1.8554149,False,0.98450202,True,True,True,0.76682233,0.32142804,5.7724115,1.8554149,0.75307231,0.31818229,5.6122694,1.7857248,0.9785313,0.37307074,1.3502467,0.50373754,0.72627279,0.25977613,1.1941761,0.31021845,0.76336032,0.26897261,2.4428149,0.6570503,0.66538503,0.29253446,2.7182742,0.79518886,0.72958043,0.32552498,2.7712517,0.90211167,0.84239391,0.36666417,3.0058803,1.1021486
experiment_0a_best,file,16,,1103,020.Yellow_breasted_Chat/Yellow_Breasted_Chat_0012_21961.jpg,20,19,020.Yellow_breasted_Chat,200,199,random_resized_crop,random_resized_crop,0,"{""area_fraction"":0.75131,""aspect"":0.940853,""fallback"":false,""height"":0.893611,""left"":0.019701,""top"":0.096733,""width"":0.840757}",0.034128614,0.020582892,-0.013545722,0.96644717,0.97962749,0.028279396,0.0086412001,0.93816778,0.97098629,0.032818511,0.6049842,0.43185677,5.7724115,2.492855,False,0.96864974,True,True,True,0.6049842,0.43185677,5.7724115,2.492855,0.58506823,0.42903614,5.6122694,2.4078664,0.91715227,0.47796609,1.3502467,0.64537214,0.6321598,0.40143668,1.1941761,0.47938609,0.57811247,0.40654664,2.4428149,0.99311817,0.47208612,0.42871098,2.7182742,1.165354,0.53898003,0.42374452,2.7712517,1.1743027,0.70850786,0.45184546,3.0058803,1.3581934
experiment_0a_best,file,16,,1103,020.Yellow_breasted_Chat/Yellow_Breasted_Chat_0012_21961.jpg,20,19,020.Yellow_breasted_Chat,200,199,gaussian_blur,gaussian_blur,0,"{""sigma"":1.452352}",0.034128614,0.64998198,0.61585336,0.96644717,0.52205521,0.028279396,0.41285169,0.93816778,0.10920352,-0.82896426,0.60097284,14.478201,5.7724115,83.574132,False,0.89109832,True,True,True,0.60097284,14.478201,5.7724115,83.574132,0.58542457,14.530068,5.6122694,81.546656,0.8903895,13.550819,1.3502467,18.296949,0.40055634,15.571097,1.1941761,18.594632,0.48427841,14.034777,2.4428149,34.284361,0.60449906,15.876567,2.7182742,43.156862,0.5961833,14.894063,2.7712517,41.275199,0.66794701,13.150476,3.0058803,39.528757
experiment_0a_best,file,16,,1103,020.Yellow_breasted_Chat/Yellow_Breasted_Chat_0012_21961.jpg,20,19,020.Yellow_breasted_Chat,200,199,random_erasing,random_erasing,0,"{""area_fraction"":0.142048,""erased"":true,""height"":0.543548,""left"":0.363769,""top"":0.379684,""width"":0.261336}",0.034128614,0.056034785,0.021906171,0.96644717,0.94550627,0.028279396,0.050291538,0.93816778,0.89521474,-0.042953042,0.83589396,1.7965204,5.7724115,10.370255,False,0.97567004,True,True,True,0.83589396,1.7965204,5.7724115,10.370255,0.82813073,1.7994144,5.6122694,10.098799,0.97449813,1.7457644,1.3502467,2.3572126,0.84919185,1.7773735,1.1941761,2.1224969,0.84209241,1.7971876,2.4428149,4.3901967,0.81720276,1.9598418,2.7182742,5.3273873,0.799394,1.7618569,2.7712517,4.882549,0.85506144,1.69591,3.0058803,5.0977027
experiment_0a_best,file,16,,9607,164.Cerulean_Warbler/Cerulean_Warbler_0060_797209.jpg,164,163,164.Cerulean_Warbler,159,158,identity,identity,0,{},0.0024034681,0.0024034681,0,0.99759942,0.99759942,0.0013835463,0.0013835463,0.99621588,0.99621588,0,1,1,0.41254455,0.41254455,False,1,True,True,True,1,1,0.41254455,0.41254455,1,1,0.39992043,0.39992043,1,1,0.10127515,0.10127515,1,1,0.076666361,0.076666361,1,1,0.1925801,0.1925801,1,1,0.20865336,0.20865336,1,1,0.18665006,0.18665006,1,1,0.19646134,0.19646134
experiment_0a_best,file,16,,9607,164.Cerulean_Warbler/Cerulean_Warbler_0060_797209.jpg,164,163,164.Cerulean_Warbler,159,158,horizontal_flip,horizontal_flip,0,"{""flipped"":true}",0.0024034681,0.001589822,-0.00081364613,0.99759942,0.99841142,0.0013835463,0.00073030952,0.99621588,0.99768111,0.0014652308,0.69965267,0.52320546,0.41254455,0.21584556,False,0.96866286,True,True,True,0.69965267,0.52320546,0.41254455,0.21584556,0.68184835,0.52070031,0.39992043,0.20823869,0.95922411,0.56082352,0.10127515,0.056797484,0.63181691,0.420385,0.076666361,0.032229388,0.73416633,0.40426818,0.1925801,0.077854004,0.66643028,0.47903755,0.20865336,0.099952796,0.62446212,0.56935676,0.18665006,0.10627047,0.74567742,0.62297425,0.19646134,0.12239035
experiment_0a_best,file,16,,9607,164.Cerulean_Warbler/Cerulean_Warbler_0060_797209.jpg,164,163,164.Cerulean_Warbler,159,158,color_jitter,color_jitter,0,"{""brightness"":1.178304,""contrast"":1.191064,""hue"":-0.00968,""saturation"":0.675595}",0.0024034681,0.0057492373,0.0033457691,0.99759942,0.99426728,0.0013835463,0.00486041,0.99621588,0.98940687,-0.0068090018,0.81218367,2.794961,0.41254455,1.1530459,False,0.98780048,True,True,True,0.81218367,2.794961,0.41254455,1.1530459,0.80335361,2.8016895,0.39992043,1.1204529,0.95636374,2.6878613,0.10127515,0.27221355,0.79020337,3.2891972,0.076666361,0.25217078,0.82013386,2.8716731,0.1925801,0.55302708,0.78481369,2.8571971,0.20865336,0.59616378,0.769551,2.7408185,0.18665006,0.51157394,0.84665318,2.6393151,0.19646134,0.51852337
experiment_0a_best,file,16,,9607,164.Cerulean_Warbler/Cerulean_Warbler_0060_797209.jpg,164,163,164.Cerulean_Warbler,159,158,rotation,rotation,0,"{""angle"":-6.393326}",0.0024034681,0.0013130624,-0.0010904057,0.99759942,0.9986878,0.0013835463,0.0010221404,0.99621588,0.99766566,0.0014497867,0.70289038,0.551198,0.41254455,0.22739373,False,0.97287846,True,True,True,0.70289038,0.551198,0.41254455,0.22739373,0.6869077,0.5505802,0.39992043,0.22018827,0.94770831,0.56074343,0.10127515,0.056789373,0.60648218,0.49837251,0.076666361,0.038208406,0.73936378,0.54280146,0.1925801,0.10453276,0.60741829,0.53551886,0.20865336,0.11173781,0.61226597,0.53250518,0.18665006,0.099392123,0.7951928,0.59646651,0.19646134,0.11718261
experiment_0a_best,file,16,,9607,164.Cerulean_Warbler/Cerulean_Warbler_0060_797209.jpg,164,163,164.Cerulean_Warbler,159,158,random_resized_crop,random_resized_crop,0,"{""area_fraction"":0.701648,""aspect"":1.015097,""fallback"":false,""height"":0.831392,""left"":0.056309,""top"":0.012136,""width"":0.843943}",0.0024034681,0.0024282038,2.4735695e-05,0.99759942,0.99757475,0.0013835463,0.0014387361,0.99621588,0.99613601,-7.9866149e-05,0.81671231,1.2363289,0.41254455,0.51004075,False,0.9772265,True,True,True,0.81671231,1.2363289,0.41254455,0.51004075,0.81025259,1.2519669,0.39992043,0.50068714,0.97563448,0.96007223,0.10127515,0.097231456,0.7577461,1.2573358,0.076666361,0.09639536,0.87509642,1.3787067,0.1925801,0.26551148,0.81312383,1.3637331,0.20865336,0.2845475,0.74836124,1.1347099,0.18665006,0.21179366,0.81598013,1.0806686,0.19646134,0.21230959
experiment_0a_best,file,16,,9607,164.Cerulean_Warbler/Cerulean_Warbler_0060_797209.jpg,164,163,164.Cerulean_Warbler,159,158,gaussian_blur,gaussian_blur,0,"{""sigma"":1.882026}",0.0024034681,0.0036621904,0.0012587223,0.99759942,0.99634451,0.0013835463,0.0025151912,0.99621588,0.99382932,-0.0023865611,0.44113294,1.6709989,0.41254455,0.68936151,False,0.90793931,True,True,True,0.44113294,1.6709989,0.41254455,0.68936151,0.41824347,1.68843,0.39992043,0.67523765,0.88989297,1.370807,0.10127515,0.13882868,0.30878742,1.6246338,0.076666361,0.12455476,0.52743897,1.6299597,0.1925801,0.31389779,0.31131704,1.7519161,0.20865336,0.36554318,0.30181339,1.7684434,0.18665006,0.33008007,0.57773077,1.6041807,0.19646134,0.31515949
experiment_0a_best,file,16,,9607,164.Cerulean_Warbler/Cerulean_Warbler_0060_797209.jpg,164,163,164.Cerulean_Warbler,159,158,random_erasing,random_erasing,0,"{""area_fraction"":0.192889,""erased"":true,""height"":0.264931,""left"":0.091809,""top"":0.382862,""width"":0.728073}",0.0024034681,0.15307003,0.15066656,0.99759942,0.85806966,0.0013835463,0.010094788,0.99621588,0.84797487,-0.14824101,0.34307837,57.779754,0.41254455,23.836723,False,0.85131031,True,True,True,0.34307837,57.779754,0.41254455,23.836723,0.32356385,58.249441,0.39992043,23.295141,0.70229836,49.886877,0.10127515,5.0523008,-0.045056168,52.077008,0.076666361,3.9925547,0.34485441,51.831214,0.1925801,9.9816602,0.22949271,59.479274,0.20865336,12.410551,0.32399504,61.66716,0.18665006,11.510179,0.46146604,60.351799,0.19646134,11.856795
experiment_0a_best,file,16,,1186,022.Chuck_will_Widow/Chuck_Will_Widow_0007_796958.jpg,22,21,022.Chuck_will_Widow,105,104,identity,identity,0,{},0.17376471,0.17376471,0,0.84049463,0.84049463,0.026760992,0.026760992,0.81373364,0.81373364,0,1,1,27.92595,27.92595,False,1.0000001,True,True,True,1,1,27.92595,27.92595,1,1,27.609071,27.609071,1,1,4.1949872,4.1949872,1,1,4.6517562,4.6517562,1,1,11.390583,11.390583,1,1,15.596323,15.596323,1,1,14.016862,14.016862,1,1,13.082769,13.082769
experiment_0a_best,file,16,,1186,022.Chuck_will_Widow/Chuck_Will_Widow_0007_796958.jpg,22,21,022.Chuck_will_Widow,105,104,horizontal_flip,horizontal_flip,0,"{""flipped"":true}",0.17376471,0.1519995,-0.021765202,0.84049463,0.8589887,0.026760992,0.0085385125,0.81373364,0.85045019,0.036716549,0.82854867,0.95172928,27.92595,26.577945,False,0.96800363,True,True,True,0.82854867,0.95172928,27.92595,26.577945,0.8259733,0.95352447,27.609071,26.325924,0.95412745,0.87042354,4.1949872,3.6514156,0.76307574,0.93919132,4.6517562,4.368889,0.81709682,0.94993457,11.390583,10.820308,0.84008852,1.0066654,15.596323,15.700279,0.80691003,0.93319426,14.016862,13.080455,0.84502968,0.90211471,13.082769,11.802159
experiment_0a_best,file,16,,1186,022.Chuck_will_Widow/Chuck_Will_Widow_0007_796958.jpg,22,21,022.Chuck_will_Widow,105,104,color_jitter,color_jitter,0,"{""brightness"":0.889117,""contrast"":1.107581,""hue"":-0.06314,""saturation"":1.145098}",0.17376471,2.3059762,2.1322114,0.84049463,0.099661477,0.026760992,0.013539482,0.81373364,0.086121995,-0.72761165,0.75625528,6.3492093,27.92595,177.3077,False,0.89419627,False,True,False,0.75625528,6.3492093,27.92595,177.3077,0.75440562,6.370362,27.609071,175.87977,0.86284357,5.3533434,4.1949872,22.457207,0.75118817,7.0846479,4.6517562,32.956055,0.73072695,6.6285322,11.390583,75.502845,0.77072202,6.9597511,15.596323,108.54653,0.74564296,6.0469316,14.016862,84.759008,0.77424495,5.5015512,13.082769,71.975525
experiment_0a_best,file,16,,1186,022.Chuck_will_Widow/Chuck_Will_Widow_0007_796958.jpg,22,21,022.Chuck_will_Widow,105,104,rotation,rotation,0,"{""angle"":4.176394}",0.17376471,0.14202631,-0.0317384,0.84049463,0.86759841,0.026760992,0.0045707584,0.81373364,0.86302766,0.049294015,0.83255552,0.93660438,27.92595,26.155567,False,0.94922888,True,True,True,0.83255552,0.93660438,27.92595,26.155567,0.83052733,0.93854857,27.609071,25.912454,0.93396238,0.84812447,4.1949872,3.5578713,0.77702854,0.95891594,4.6517562,4.4606431,0.8445317,0.94990197,11.390583,10.819937,0.83860529,1.0107516,15.596323,15.764008,0.80831937,0.91262018,14.016862,12.792071,0.84895837,0.8454636,13.082769,11.061005
experiment_0a_best,file,16,,1186,022.Chuck_will_Widow/Chuck_Will_Widow_0007_796958.jpg,22,21,022.Chuck_will_Widow,105,104,random_resized_crop,random_resized_crop,0,"{""area_fraction"":0.772384,""aspect"":0.993756,""fallback"":false,""height"":0.88161,""left"":0.027801,""top"":0.039309,""width"":0.876106}",0.17376471,0.19480778,0.021043077,0.84049463,0.82299286,0.026760992,0.0049746283,0.81373364,0.81801823,0.0042845919,0.79597425,1.2202128,27.92595,34.075603,False,0.95377463,True,True,True,0.79597425,1.2202128,27.92595,34.075603,0.79284285,1.221608,27.609071,33.727462,0.94014944,1.1581684,4.1949872,4.8585016,0.81478238,1.2422004,4.6517562,5.7784132,0.75234383,1.1760933,11.390583,13.396388,0.80804208,1.271745,15.596323,19.834546,0.77620595,1.2437701,14.016862,17.433754,0.82092239,1.1525015,13.082769,15.077911
experiment_0a_best,file,16,,1186,022.Chuck_will_Widow/Chuck_Will_Widow_0007_796958.jpg,22,21,022.Chuck_will_Widow,105,104,gaussian_blur,gaussian_blur,0,"{""sigma"":1.364274}",0.17376471,0.81221354,0.63844883,0.84049463,0.44387442,0.026760992,0.017622057,0.81373364,0.42625236,-0.38748128,0.63223027,3.5934234,27.92595,100.34976,False,0.8899073,True,True,True,0.63223027,3.5934234,27.92595,100.34976,0.62797283,3.6079333,27.609071,99.611686,0.87703425,2.8959661,4.1949872,12.148541,0.51227026,4.3029634,4.6517562,20.016337,0.61624431,4.2630557,11.390583,48.558689,0.62751216,3.4228999,15.596323,53.384651,0.60678893,3.4592574,14.016862,48.487934,0.69634549,3.386476,13.082769,44.304484
experiment_0a_best,file,16,,1186,022.Chuck_will_Widow/Chuck_Will_Widow_0007_796958.jpg,22,21,022.Chuck_will_Widow,105,104,random_erasing,random_erasing,0,"{""area_fraction"":0.109667,""erased"":true,""height"":0.472554,""left"":0.104591,""top"":0.477517,""width"":0.232073}",0.17376471,0.23143561,0.057670906,0.84049463,0.79339379,0.026760992,0.024166195,0.81373364,0.7692276,-0.044506045,0.91125646,1.3176686,27.92595,36.797149,False,0.97648549,True,True,True,0.91125646,1.3176686,27.92595,36.797149,0.90985757,1.3179206,27.609071,36.386563,0.97240262,1.3067081,4.1949872,5.4816235,0.91271138,1.3266691,4.6517562,6.1713414,0.92292084,1.3163186,11.390583,14.993636,0.91300025,1.3674665,15.596323,21.32745,0.8976945,1.2865707,14.016862,18.033685,0.91017103,1.2813385,13.082769,16.763456
experiment_0a_best,file,16,,7585,130.Tree_Sparrow/Tree_Sparrow_0041_123497.jpg,130,129,130.Tree_Sparrow,119,118,identity,identity,0,{},4.1583028,4.1583028,0,0.015634069,0.015634069,0.373806,0.373806,-0.35817193,-0.35817193,0,1,1,151.12978,151.12978,False,1,True,False,False,1,1,151.12978,151.12978,1,1,148.11976,148.11976,1,1,30.012468,30.012468,1,1,41.428972,41.428972,1,1,70.354495,70.354495,1,1,79.693441,79.693441,1,1,68.675948,68.675948,1,1,64.853045,64.853045
experiment_0a_best,file,16,,7585,130.Tree_Sparrow/Tree_Sparrow_0041_123497.jpg,130,129,130.Tree_Sparrow,119,118,horizontal_flip,horizontal_flip,0,"{""flipped"":true}",4.1583028,3.9539204,-0.20438242,0.015634069,0.019179365,0.373806,0.15178913,-0.35817193,-0.13260976,0.22556217,0.71013945,1.0706789,151.12978,161.81146,False,0.95892239,False,False,False,0.71013945,1.0706789,151.12978,161.81146,0.70198469,1.0739419,148.11976,159.07201,0.92845703,0.9878788,30.012468,29.648681,0.80519905,0.9253402,41.428972,38.335893,0.72706957,1.1582085,70.354495,81.485174,0.71447969,1.0881591,79.693441,86.719147,0.62290005,1.0693609,68.675948,73.439377,0.7102153,1.008872,64.853045,65.428424
experiment_0a_best,file,16,,7585,130.Tree_Sparrow/Tree_Sparrow_0041_123497.jpg,130,129,130.Tree_Sparrow,119,118,color_jitter,color_jitter,0,"{""brightness"":1.314646,""contrast"":1.053178,""hue"":0.051403,""saturation"":1.109298}",4.1583028,5.6597376,1.5014348,0.015634069,0.0034834312,0.373806,0.030044181,-0.35817193,-0.02656075,0.33161118,0.66385248,0.84240936,151.12978,127.31314,False,0.87114614,False,False,False,0.66385248,0.84240936,151.12978,127.31314,0.65744399,0.84044526,148.11976,124.48655,0.81243347,0.88890965,30.012468,26.678373,0.69656031,1.0541356,41.428972,43.671755,0.71581894,0.90157267,70.354495,63.42969,0.67089366,0.80225677,79.693441,63.934603,0.59449238,0.7625057,68.675948,52.365802,0.62242284,0.80662322,64.853045,52.311972
experiment_0a_best,file,16,,7585,130.Tree_Sparrow/Tree_Sparrow_0041_123497.jpg,130,129,130.Tree_Sparrow,119,118,rotation,rotation,0,"{""angle"":-10.755425}",4.1583028,4.2535763,0.095273495,0.015634069,0.014213312,0.373806,0.33551961,-0.35817193,-0.3213063,0.036865631,0.79008362,1.1202761,151.12978,169.30709,False,0.9520306,True,False,False,0.79008362,1.1202761,151.12978,169.30709,0.78428025,1.123476,148.11976,166.409,0.94519408,1.0392985,30.012468,31.191914,0.83720755,0.99275051,41.428972,41.128633,0.78358119,1.1037726,70.354495,77.655361,0.80717,1.1878071,79.693441,94.660438,0.75189242,1.142074,68.675948,78.433012,0.77090897,1.0746942,64.853045,69.697195
experiment_0a_best,file,16,,7585,130.Tree_Sparrow/Tree_Sparrow_0041_123497.jpg,130,129,130.Tree_Sparrow,119,118,random_resized_crop,random_resized_crop,0,"{""area_fraction"":0.505761,""aspect"":0.822109,""fallback"":false,""height"":0.784346,""left"":0.164283,""top"":0.057344,""width"":0.644818}",4.1583028,4.8120317,0.65372896,0.015634069,0.0081313215,0.373806,0.79850596,-0.35817193,-0.79037464,-0.43220271,0.4570559,1.2821792,151.12978,193.77546,False,0.93754208,True,False,False,0.4570559,1.2821792,151.12978,193.77546,0.43928997,1.2812562,148.11976,189.77935,0.882153,1.3044594,30.012468,39.150047,0.38392371,1.3279948,41.428972,55.017459,0.32858309,1.3764934,70.354495,96.842496,0.40422087,1.160095,79.693441,92.451963,0.48825915,1.3146455,68.675948,90.284528,0.59887485,1.2819652,64.853045,83.139346
experiment_0a_best,file,16,,7585,130.Tree_Sparrow/Tree_Sparrow_0041_123497.jpg,130,129,130.Tree_Sparrow,119,118,gaussian_blur,gaussian_blur,0,"{""sigma"":1.032966}",4.1583028,4.9591026,0.80079985,0.015634069,0.007019225,0.373806,0.84042859,-0.35817193,-0.83340937,-0.47523744,0.36539618,1.3926031,151.12978,210.4638,False,0.9099952,True,False,False,0.36539618,1.3926031,151.12978,210.4638,0.34673222,1.3954806,148.11976,206.69824,0.84631144,1.3205821,30.012468,39.633928,0.28809744,1.2241883,41.428972,50.71686,0.19108076,1.5255794,70.354495,107.33136,0.27195638,1.392287,79.693441,110.95614,0.44791181,1.3875677,68.675948,95.292527,0.58557053,1.3120162,64.853045,85.088248
experiment_0a_best,file,16,,7585,130.Tree_Sparrow/Tree_Sparrow_0041_123497.jpg,130,129,130.Tree_Sparrow,119,118,random_erasing,random_erasing,0,"{""area_fraction"":0.185863,""erased"":true,""height"":0.728269,""left"":0.737709,""top"":0.061896,""width"":0.255213}",4.1583028,4.876596,0.71829319,0.015634069,0.0076229176,0.373806,0.50421667,-0.35817193,-0.49659375,-0.13842182,0.90802541,0.97595632,151.12978,147.49607,False,0.98084521,True,False,False,0.90802541,0.97595632,151.12978,147.49607,0.90523621,0.97181334,148.11976,143.94476,0.97379533,1.0719332,30.012468,32.171361,0.95359239,0.98680764,41.428972,40.882426,0.91188711,0.89891652,70.354495,63.242817,0.90041809,0.95737142,79.693441,76.296223,0.89657974,1.0028464,68.675948,68.87143,0.90089536,1.0326075,64.853045,66.967743
experiment_0a_best,file,16,,1286,023.Brandt_Cormorant/Brandt_Cormorant_0063_22865.jpg,23,22,023.Brandt_Cormorant,108,107,identity,identity,0,{},0.7966398,0.7966398,0,0.45084134,0.45084134,0.073472053,0.073472053,0.37736928,0.37736928,0,1,1,77.800218,77.800218,False,1,True,True,True,1,1,77.800218,77.800218,1,1,76.473931,76.473931,1,1,14.304259,14.304259,1,1,19.155565,19.155565,1,1,32.82072,32.82072,1,1,37.906654,37.906654,1,1,38.753294,38.753294,1,1,38.280472,38.280472
experiment_0a_best,file,16,,1286,023.Brandt_Cormorant/Brandt_Cormorant_0063_22865.jpg,23,22,023.Brandt_Cormorant,108,107,horizontal_flip,horizontal_flip,0,"{""flipped"":true}",0.7966398,1.8166814,1.0200416,0.45084134,0.16256435,0.073472053,0.057099655,0.37736928,0.1054647,-0.27190459,0.63940604,1.5432876,77.800218,120.06811,False,0.96222174,True,True,True,0.63940604,1.5432876,77.800218,120.06811,0.62851096,1.5442568,76.473931,118.09539,0.95686872,1.5153214,14.304259,21.67555,0.79351269,1.7068696,19.155565,32.696052,0.4538718,1.4664189,32.82072,48.128924,0.63221012,1.5919427,37.906654,60.345222,0.62270572,1.5181532,38.753294,58.833437,0.70913325,1.5361949,38.280472,58.806266
experiment_0a_best,file,16,,1286,023.Brandt_Cormorant/Brandt_Cormorant_0063_22865.jpg,23,22,023.Brandt_Cormorant,108,107,color_jitter,color_jitter,0,"{""brightness"":1.187783,""contrast"":1.007096,""hue"":0.099264,""saturation"":0.640056}",0.7966398,2.0912778,1.294638,0.45084134,0.12352918,0.073472053,0.096507311,0.37736928,0.02702187,-0.35034741,0.79323651,1.381302,77.800218,107.46559,False,0.95647979,True,True,True,0.79323651,1.381302,77.800218,107.46559,0.78718245,1.3760618,76.473931,105.23285,0.95348919,1.5234777,14.304259,21.792219,0.82178717,1.460446,19.155565,27.975669,0.68884517,1.2455618,32.82072,40.880235,0.74974523,1.2828961,37.906654,48.630298,0.81129038,1.3964772,38.753294,54.11809,0.85455025,1.5066524,38.280472,57.675366
experiment_0a_best,file,16,,1286,023.Brandt_Cormorant/Brandt_Cormorant_0063_22865.jpg,23,22,023.Brandt_Cormorant,108,107,rotation,rotation,0,"{""angle"":3.888311}",0.7966398,1.5833595,0.78671968,0.45084134,0.2052843,0.073472053,0.092640579,0.37736928,0.11264372,-0.26472557,0.77271009,1.4427586,77.800218,112.24693,False,0.95954144,True,True,True,0.77271009,1.4427586,77.800218,112.24693,0.76640501,1.4431368,76.473931,110.36234,0.95435968,1.4319064,14.304259,20.482359,0.74608379,1.8907088,19.155565,36.217596,0.69577759,1.3742902,32.82072,45.105194,0.74136512,1.4492457,37.906654,54.936056,0.79270578,1.4394532,38.753294,55.783555,0.83554753,1.3583645,38.280472,51.998834
experiment_0a_best,file,16,,1286,023.Brandt_Cormorant/Brandt_Cormorant_0063_22865.jpg,23,22,023.Brandt_Cormorant,108,107,random_resized_crop,random_resized_crop,0,"{""area_fraction"":0.629938,""aspect"":1.007303,""fallback"":false,""height"":0.790804,""left"":0.036089,""top"":0.060395,""width"":0.796579}",0.7966398,1.9792169,1.1825771,0.45084134,0.13817739,0.073472053,0.10845588,0.37736928,0.029721513,-0.34764777,0.63321177,1.7059553,77.800218,132.72369,False,0.89692819,True,True,True,0.63321177,1.7059553,77.800218,132.72369,0.6249076,1.7097062,76.473931,130.74795,0.88910819,1.5950223,14.304259,22.815611,0.73295673,1.9579628,19.155565,37.505885,0.45959989,2.0051033,32.82072,65.808935,0.6581674,1.8028825,37.906654,68.341244,0.66477286,1.5337067,38.753294,59.436186,0.69434204,1.4671568,38.280472,56.163454
experiment_0a_best,file,16,,1286,023.Brandt_Cormorant/Brandt_Cormorant_0063_22865.jpg,23,22,023.Brandt_Cormorant,108,107,gaussian_blur,gaussian_blur,0,"{""sigma"":1.95878}",0.7966398,1.6775124,0.88087261,0.45084134,0.18683819,0.073472053,0.040184833,0.37736928,0.14665336,-0.23071592,0.48828535,1.9760725,77.800218,153.73888,False,0.81910682,True,True,True,0.48828535,1.9760725,77.800218,153.73888,0.47979862,1.988159,76.473931,152.04233,0.80291407,1.5922902,14.304259,22.776531,0.70938391,2.5730751,19.155565,49.288708,0.37289858,2.0766813,32.82072,68.158174,0.39074882,2.1082415,37.906654,79.916383,0.5161146,1.8830213,38.753294,72.973279,0.56829112,1.7190092,38.280472,65.804484
experiment_0a_best,file,16,,1286,023.Brandt_Cormorant/Brandt_Cormorant_0063_22865.jpg,23,22,023.Brandt_Cormorant,108,107,random_erasing,random_erasing,0,"{""area_fraction"":0.158468,""erased"":true,""height"":0.445117,""left"":0.116659,""top"":0.475086,""width"":0.356013}",0.7966398,1.1642317,0.36759186,0.45084134,0.3121624,0.073472053,0.044336583,0.37736928,0.26782582,-0.10954347,0.83317307,1.317845,77.800218,102.52863,False,0.97711223,True,True,True,0.83317307,1.317845,77.800218,102.52863,0.82858474,1.3201268,76.473931,100.95529,0.97275042,1.2508676,14.304259,17.892734,0.69133923,1.419165,19.155565,27.184908,0.79923334,1.3628824,32.82072,44.730782,0.8312877,1.3606056,37.906654,51.576007,0.84681534,1.3322391,38.753294,51.628655,0.87474759,1.2046363,38.280472,46.114046
experiment_0a_best,file,16,,4426,076.Dark_eyed_Junco/Dark_Eyed_Junco_0096_68514.jpg,76,75,076.Dark_eyed_Junco,79,78,identity,identity,0,{},1.06274,1.06274,0,0.34550783,0.34550783,0.22467478,0.22467478,0.12083305,0.12083305,0,1,1,102.67688,102.67688,False,0.99999988,True,True,True,1,1,102.67688,102.67688,1,1,100.76887,100.76887,1,1,19.702176,19.702176,1,1,17.442318,17.442318,1,1,38.85302,38.85302,1,1,54.608819,54.608819,1,1,53.731186,53.731186,1,1,49.713278,49.713278
experiment_0a_best,file,16,,4426,076.Dark_eyed_Junco/Dark_Eyed_Junco_0096_68514.jpg,76,75,076.Dark_eyed_Junco,79,78,horizontal_flip,horizontal_flip,0,"{""flipped"":true}",1.06274,0.33980393,-0.72293603,0.34550783,0.71190989,0.22467478,0.023628324,0.12083305,0.68828157,0.56744851,0.52353288,0.43855357,102.67688,45.02931,False,0.94341731,True,True,True,0.52353288,0.43855357,102.67688,45.02931,0.5073433,0.436217,100.76887,43.957094,0.90027401,0.4957799,19.702176,9.7679429,0.44327696,0.36546183,17.442318,6.3745016,0.28442862,0.43791659,38.85302,17.014382,0.42756072,0.42265707,54.608819,23.080803,0.54929336,0.44599078,53.731186,23.963613,0.69047774,0.44759451,49.713278,22.25139
experiment_0a_best,file,16,,4426,076.Dark_eyed_Junco/Dark_Eyed_Junco_0096_68514.jpg,76,75,076.Dark_eyed_Junco,79,78,color_jitter,color_jitter,0,"{""brightness"":1.250656,""contrast"":1.00047,""hue"":0.07384,""saturation"":0.69346}",1.06274,3.1851132,2.1223732,0.34550783,0.041373566,0.22467478,0.15685408,0.12083305,-0.11548051,-0.23631357,0.57462137,1.4790249,102.67688,151.86165,False,0.87638533,False,True,False,0.57462137,1.4790249,102.67688,151.86165,0.56475507,1.4819113,100.76887,149.33052,0.84840717,1.4014086,19.702176,27.6108,0.32020474,1.4876862,17.442318,25.948697,0.32794157,1.6235003,38.85302,63.07789,0.53696859,1.5235206,54.608819,83.197659,0.64049516,1.4537871,53.731186,78.113706,0.71642961,1.3678214,49.713278,67.998884
experiment_0a_best,file,16,,4426,076.Dark_eyed_Junco/Dark_Eyed_Junco_0096_68514.jpg,76,75,076.Dark_eyed_Junco,79,78,rotation,rotation,0,"{""angle"":8.12498}",1.06274,2.2576599,1.1949199,0.34550783,0.10459497,0.22467478,0.08354637,0.12083305,0.021048598,-0.099784456,0.63904239,1.0945662,102.67688,112.38664,False,0.92997783,False,True,False,0.63904239,1.0945662,102.67688,112.38664,0.62791441,1.0885466,100.76887,109.69161,0.89954744,1.241711,19.702176,24.464409,0.4976218,1.1305035,17.442318,19.718602,0.61898373,1.0464962,38.85302,40.659537,0.66390294,1.0751229,54.608819,58.71119,0.58877551,1.109292,53.731186,59.603576,0.65381442,1.1000427,49.713278,54.686726
experiment_0a_best,file,16,,4426,076.Dark_eyed_Junco/Dark_Eyed_Junco_0096_68514.jpg,76,75,076.Dark_eyed_Junco,79,78,random_resized_crop,random_resized_crop,0,"{""area_fraction"":0.708024,""aspect"":0.806838,""fallback"":false,""height"":0.936766,""left"":0.040268,""top"":0.04859,""width"":0.755818}",1.06274,1.1525036,0.089763641,0.34550783,0.31584501,0.22467478,0.070929475,0.12083305,0.24491554,0.12408248,0.63441558,1.119974,102.67688,114.99543,False,0.95095843,True,True,True,0.63441558,1.119974,102.67688,114.99543,0.62435579,1.1222412,100.76887,113.08697,0.9143338,1.0589435,19.702176,20.863492,0.5492471,1.4789122,17.442318,25.795658,0.55691308,1.3660582,38.85302,53.075488,0.62788131,1.2037556,54.608819,65.735672,0.63250274,0.9930771,53.731186,53.35921,0.7187111,0.93007266,49.713278,46.23696
experiment_0a_best,file,16,,4426,076.Dark_eyed_Junco/Dark_Eyed_Junco_0096_68514.jpg,76,75,076.Dark_eyed_Junco,79,78,gaussian_blur,gaussian_blur,0,"{""sigma"":1.703614}",1.06274,4.9033394,3.8405994,0.34550783,0.0074217557,0.22467478,0.0062870504,0.12083305,0.0011347053,-0.11969835,0.32481494,0.85741441,102.67688,88.036633,False,0.7141906,False,True,False,0.32481494,0.85741441,102.67688,88.036633,0.30787542,0.84429329,100.76887,85.07848,0.66526714,1.1485862,19.702176,22.629647,0.39119787,0.97506105,17.442318,17.007325,0.20982325,0.80960664,38.85302,31.455663,0.25197307,0.80111149,54.608819,43.747752,0.32777885,0.78277686,53.731186,42.059529,0.3896543,0.95981425,49.713278,47.715512
experiment_0a_best,file,16,,4426,076.Dark_eyed_Junco/Dark_Eyed_Junco_0096_68514.jpg,76,75,076.Dark_eyed_Junco,79,78,random_erasing,random_erasing,0,"{""area_fraction"":0.082677,""erased"":true,""height"":0.283205,""left"":0.399249,""top"":0.533503,""width"":0.291932}",1.06274,0.86047947,-0.20226049,0.34550783,0.42295924,0.22467478,0.15536946,0.12083305,0.26758978,0.14675672,0.95761726,0.84482082,102.67688,86.743562,False,0.98781902,True,True,True,0.95761726,0.84482082,102.67688,86.743562,0.95658674,0.84485008,100.76887,85.134587,0.98460065,0.84405508,19.702176,16.629722,0.97169902,0.8636246,17.442318,15.063615,0.96220723,0.87593694,38.85302,34.032795,0.96566753,0.84590361,54.608819,46.193797,0.95189716,0.82180464,53.731186,44.156538,0.94637695,0.84845001,49.713278,42.179231
experiment_0a_best,file,16,,3621,063.Ivory_Gull/Ivory_Gull_0089_49699.jpg,63,62,063.Ivory_Gull,60,59,identity,identity,0,{},0.25768277,0.25768277,0,0.77284038,0.77284038,0.046390004,0.046390004,0.72645038,0.72645038,0,1,1,47.524231,47.524231,False,1,True,True,True,1,1,47.524231,47.524231,1,1,47.15163,47.15163,1,1,5.9393893,5.9393893,1,1,8.4166228,8.4166228,1,1,20.348612,20.348612,1,1,29.796862,29.796862,1,1,21.573749,21.573749,1,1,19.623735,19.623735
experiment_0a_best,file,16,,3621,063.Ivory_Gull/Ivory_Gull_0089_49699.jpg,63,62,063.Ivory_Gull,60,59,horizontal_flip,horizontal_flip,0,"{""flipped"":true}",0.25768277,0.24727273,-0.010410041,0.77284038,0.78092766,0.046390004,0.062818907,0.72645038,0.71810875,-0.0083416253,0.78696556,1.0375401,47.524231,49.308296,False,0.96344829,True,True,True,0.78696556,1.0375401,47.524231,49.308296,0.7843755,1.0380316,47.15163,48.944883,0.95576631,1.0060776,5.9393893,5.9754866,0.43196186,1.0080127,8.4166228,8.4840623,0.75256786,1.0937492,20.348612,22.256277,0.83972441,1.0671842,29.796862,31.79874,0.76683026,0.9710794,21.573749,20.949824,0.77641251,0.99104574,19.623735,19.448019
experiment_0a_best,file,16,,3621,063.Ivory_Gull/Ivory_Gull_0089_49699.jpg,63,62,063.Ivory_Gull,60,59,color_jitter,color_jitter,0,"{""brightness"":1.132275,""contrast"":1.170446,""hue"":-0.088355,""saturation"":1.029595}",0.25768277,0.41056973,0.15288696,0.77284038,0.66327226,0.046390004,0.02838829,0.72645038,0.63488397,-0.091566404,0.85757476,1.5093549,47.524231,71.730932,False,0.96309108,True,True,True,0.85757476,1.5093549,47.524231,71.730932,0.85602958,1.5080574,47.15163,71.107366,0.95115151,1.5889927,5.9393893,9.437646,0.71586251,1.7367356,8.4166228,14.617449,0.83221057,1.4298943,20.348612,29.096363,0.91255209,1.4438767,29.796862,43.022996,0.81785286,1.5096082,21.573749,32.567909,0.8431499,1.6780371,19.623735,32.929355
experiment_0a_best,file,16,,3621,063.Ivory_Gull/Ivory_Gull_0089_49699.jpg,63,62,063.Ivory_Gull,60,59,rotation,rotation,0,"{""angle"":1.575944}",0.25768277,0.14534046,-0.11234231,0.77284038,0.86472785,0.046390004,0.022749422,0.72645038,0.84197843,0.11552806,0.87321668,0.59736082,47.524231,28.389114,False,0.97872567,True,True,True,0.87321668,0.59736082,47.524231,28.389114,0.87155436,0.59732761,47.15163,28.16497,0.97761837,0.59945038,5.9393893,3.5603691,0.79751134,0.60160612,8.4166228,5.0634917,0.82885851,0.64862515,20.348612,13.198622,0.89299623,0.56947717,29.796862,16.968633,0.86882146,0.58631071,21.573749,12.64892,0.89669537,0.61466692,19.623735,12.062061
experiment_0a_best,file,16,,3621,063.Ivory_Gull/Ivory_Gull_0089_49699.jpg,63,62,063.Ivory_Gull,60,59,random_resized_crop,random_resized_crop,0,"{""area_fraction"":0.681789,""aspect"":1.268379,""fallback"":false,""height"":0.733163,""left"":0.017402,""top"":0.258509,""width"":0.929928}",0.25768277,0.3267175,0.069034725,0.77284038,0.72128749,0.046390004,0.028542764,0.72645038,0.69274472,-0.033705652,0.72304625,1.2794632,47.524231,60.805502,False,0.9276616,True,True,True,0.72304625,1.2794632,47.524231,60.805502,0.72014233,1.280591,47.15163,60.381954,0.91861772,1.2062527,5.9393893,7.164404,0.72429516,1.503106,8.4166228,12.651076,0.67866071,1.2514582,20.348612,25.465437,0.73467615,1.2447917,29.796862,37.090887,0.70726074,1.283873,21.573749,27.697953,0.74820958,1.342964,19.623735,26.353969
experiment_0a_best,file,16,,3621,063.Ivory_Gull/Ivory_Gull_0089_49699.jpg,63,62,063.Ivory_Gull,60,59,gaussian_blur,gaussian_blur,0,"{""sigma"":1.944306}",0.25768277,3.238719,2.9810362,0.77284038,0.039214101,0.046390004,0.013223915,0.72645038,0.025990185,-0.70046019,0.46594745,3.8966042,47.524231,185.18312,False,0.78360933,False,True,False,0.46594745,3.8966042,47.524231,185.18312,0.4617861,3.9024967,47.15163,184.00908,0.76058209,3.5053047,5.9393893,20.819369,0.30620796,5.4214925,8.4166228,45.630657,0.39543032,4.4102976,20.348612,89.743434,0.48440914,3.5659351,29.796862,106.25368,0.48216801,3.8480907,21.573749,83.017743,0.5268785,3.793433,19.623735,74.441324
experiment_0a_best,file,16,,3621,063.Ivory_Gull/Ivory_Gull_0089_49699.jpg,63,62,063.Ivory_Gull,60,59,random_erasing,random_erasing,0,"{""area_fraction"":0.102621,""erased"":true,""height"":0.198628,""left"":0.177156,""top"":0.36699,""width"":0.516652}",0.25768277,0.34063959,0.082956821,0.77284038,0.71131521,0.046390004,0.038389463,0.72645038,0.67292575,-0.053524625,0.83289278,1.1456729,47.524231,54.447225,False,0.94584751,True,True,True,0.83289278,1.1456729,47.524231,54.447225,0.83121676,1.1443638,47.15163,53.958616,0.93345657,1.2253635,5.9393893,7.277911,0.4932431,1.119759,8.4166228,9.4245893,0.85527235,1.0948761,20.348612,22.279209,0.87046513,1.1496479,29.796862,34.2559,0.79442997,1.1367457,21.573749,24.523866,0.82273246,1.1966721,19.623735,23.483177
experiment_0a_best,file,16,,3866,067.Anna_Hummingbird/Anna_Hummingbird_0127_56520.jpg,67,66,067.Anna_Hummingbird,35,34,identity,identity,0,{},0.0072503071,0.0072503071,0,0.99277592,0.99277592,0.0035184056,0.0035184056,0.98925751,0.98925751,0,1,1,1.3368646,1.3368646,False,1,True,True,True,1,1,1.3368646,1.3368646,1,1,1.307713,1.307713,1,1,0.27765727,0.27765727,1,1,0.19688324,0.19688324,1,1,0.5457813,0.5457813,1,1,0.66271533,0.66271533,1,1,0.70076256,0.70076256,1,1,0.66574268,0.66574268
experiment_0a_best,file,16,,3866,067.Anna_Hummingbird/Anna_Hummingbird_0127_56520.jpg,67,66,067.Anna_Hummingbird,35,34,horizontal_flip,horizontal_flip,0,"{""flipped"":true}",0.0072503071,0.020540498,0.013290191,0.99277592,0.97966903,0.0035184056,0.0101216,0.98925751,0.96954743,-0.019710077,0.61182074,2.8559036,1.3368646,3.8179564,False,0.97289395,True,True,True,0.61182074,2.8559036,1.3368646,3.8179564,0.59740538,2.8678814,1.307713,3.7503658,0.97122054,2.575928,0.27765727,0.71522515,0.49498902,2.969828,0.19688324,0.58470937,0.45767477,2.9182473,0.5457813,1.5927248,0.59952462,3.0222627,0.66271533,2.0028999,0.58017608,2.7631911,0.70076256,1.9363409,0.7239686,2.7800945,0.66574268,1.8508275
experiment_0a_best,file,16,,3866,067.Anna_Hummingbird/Anna_Hummingbird_0127_56520.jpg,67,66,067.Anna_Hummingbird,35,34,color_jitter,color_jitter,0,"{""brightness"":0.609444,""contrast"":1.389755,""hue"":0.030631,""saturation"":0.602028}",0.0072503071,0.098239325,0.090989018,0.99277592,0.90643197,0.0035184056,0.039500859,0.98925751,0.86693111,-0.1223264,0.80611344,11.474123,1.3368646,15.339349,False,0.96135855,True,True,True,0.80611344,11.474123,1.3368646,15.339349,0.79865337,11.390202,1.307713,14.895116,0.95725087,13.199203,0.27765727,3.6648545,0.67410478,15.018337,0.19688324,2.9568588,0.71517394,12.359337,0.5457813,6.7454948,0.81803219,11.763435,0.66271533,7.7958088,0.81770473,10.543011,0.70076256,7.3881473,0.84596006,10.858753,0.66574268,7.2291356
experiment_0a_best,file,16,,3866,067.Anna_Hummingbird/Anna_Hummingbird_0127_56520.jpg,67,66,067.Anna_Hummingbird,35,34,rotation,rotation,0,"{""angle"":-4.439626}",0.0072503071,0.0087582264,0.0015079193,0.99277592,0.99128002,0.0035184056,0.0041603111,0.98925751,0.98711971,-0.0021378032,0.83192123,1.2103565,1.3368646,1.6180827,False,0.98497152,True,True,True,0.83192123,1.2103565,1.3368646,1.6180827,0.82534623,1.212292,1.307713,1.58533,0.9840711,1.1665986,0.27765727,0.32391457,0.6942411,1.1777949,0.19688324,0.23188808,0.75150343,1.1793895,0.5457813,0.64368874,0.80912463,1.2448298,0.66271533,0.82496777,0.83273423,1.2129029,0.70076256,0.84995692,0.8941206,1.2036965,0.66574268,0.80135213
experiment_0a_best,file,16,,3866,067.Anna_Hummingbird/Anna_Hummingbird_0127_56520.jpg,67,66,067.Anna_Hummingbird,35,34,random_resized_crop,random_resized_crop,0,"{""area_fraction"":0.642209,""aspect"":0.854108,""fallback"":false,""height"":0.867125,""left"":0.182549,""top"":0.032522,""width"":0.740619}",0.0072503071,0.010112362,0.0028620549,0.99277592,0.98993862,0.0035184056,0.0045506805,0.98925751,0.98538794,-0.0038695752,0.71401032,1.4175645,1.3368646,1.8950917,False,0.97483802,True,True,True,0.71401032,1.4175645,1.3368646,1.8950917,0.70358458,1.4231047,1.307713,1.8610126,0.97281123,1.288558,0.27765727,0.3577775,0.67325871,1.698138,0.19688324,0.33433492,0.59826543,1.6686948,0.5457813,0.91074239,0.7034966,1.4053122,0.66271533,0.93132195,0.72010864,1.259606,0.70076256,0.88268474,0.78811335,1.4055854,0.66574268,0.9357582
experiment_0a_best,file,16,,3866,067.Anna_Hummingbird/Anna_Hummingbird_0127_56520.jpg,67,66,067.Anna_Hummingbird,35,34,gaussian_blur,gaussian_blur,0,"{""sigma"":1.643896}",0.0072503071,0.24051452,0.23326421,0.99277592,0.78622323,0.0035184056,0.12016428,0.98925751,0.66605896,-0.32319855,0.5500546,27.990192,1.3368646,37.419096,False,0.92644393,True,True,True,0.5500546,27.990192,1.3368646,37.419096,0.53716731,28.164719,1.307713,36.83137,0.89602498,23.791844,0.27765727,6.6059785,0.47536646,28.235588,0.19688324,5.5591143,0.44039779,26.344047,0.5457813,14.378088,0.45338343,31.736247,0.66271533,21.032098,0.55422185,26.417383,0.70076256,18.512313,0.68948948,27.445866,0.66574268,18.271884
experiment_0a_best,file,16,,3866,067.Anna_Hummingbird/Anna_Hummingbird_0127_56520.jpg,67,66,067.Anna_Hummingbird,35,34,random_erasing,random_erasing,0,"{""area_fraction"":0.080488,""erased"":true,""height"":0.163582,""left"":0.4999,""top"":0.387143,""width"":0.492033}",0.0072503071,0.13012028,0.12286997,0.99277592,0.87798983,0.0035184056,0.086369038,0.98925751,0.79162079,-0.19763672,0.7666601,17.764127,1.3368646,23.748233,False,0.94758862,True,True,True,0.7666601,17.764127,1.3368646,23.748233,0.76221124,17.902375,1.307713,23.411169,0.90775618,14.359232,0.27765727,3.9869452,0.65868502,24.348841,0.19688324,4.7938788,0.74047734,18.974002,0.5457813,10.355655,0.76098825,18.50031,0.66271533,12.260439,0.76579204,17.067054,0.70076256,11.959952,0.79788401,16.760374,0.66574268,11.158097
experiment_0a_best,file,16,,9639,164.Cerulean_Warbler/Cerulean_Warbler_0078_163271.jpg,164,163,164.Cerulean_Warbler,179,178,identity,identity,0,{},3.7932987,3.7932987,0,0.022521188,0.022521188,0.19730046,0.19730046,-0.17477928,-0.17477928,0,1,1,127.87278,127.87278,False,1,True,False,False,1,1,127.87278,127.87278,1,1,125.75006,125.75006,1,1,23.202816,23.202816,1,1,24.570659,24.570659,1,1,59.444938,59.444938,1,1,74.589183,74.589183,1,1,56.521892,56.521892,1,1,54.012865,54.012865
experiment_0a_best,file,16,,9639,164.Cerulean_Warbler/Cerulean_Warbler_0078_163271.jpg,164,163,164.Cerulean_Warbler,179,178,horizontal_flip,horizontal_flip,0,"{""flipped"":true}",3.7932987,2.4053445,-1.3879542,0.022521188,0.090234406,0.19730046,0.131997,-0.17477928,-0.041762598,0.13301668,0.64380693,1.0457576,127.87278,133.72394,False,0.94996089,True,False,False,0.64380693,1.0457576,127.87278,133.72394,0.63404834,1.0470077,125.75006,131.66129,0.94186766,1.0083488,23.202816,23.396531,0.68913536,0.97098272,24.570659,23.857685,0.53564751,1.1797359,59.444938,70.12933,0.66916823,0.94574483,74.589183,70.542335,0.64253225,1.0551518,56.521892,59.639174,0.69904015,1.0658613,54.012865,57.57022
experiment_0a_best,file,16,,9639,164.Cerulean_Warbler/Cerulean_Warbler_0078_163271.jpg,164,163,164.Cerulean_Warbler,179,178,color_jitter,color_jitter,0,"{""brightness"":0.697682,""contrast"":0.930653,""hue"":0.073765,""saturation"":1.153727}",3.7932987,4.6602359,0.86693716,0.022521188,0.0094642285,0.19730046,0.33299476,-0.17477928,-0.32353053,-0.14875126,0.78833081,1.1565472,127.87278,147.89091,False,0.92633462,True,False,False,0.78833081,1.1565472,127.87278,147.89091,0.78437075,1.1590076,125.75006,145.74528,0.91476632,1.0817844,23.202816,25.100444,0.66406059,1.3886279,24.570659,34.119501,0.77293281,1.2352514,59.444938,73.429443,0.81851501,1.1098159,74.589183,82.780265,0.77087183,1.1145253,56.521892,62.995079,0.78809575,1.1509629,54.012865,62.166806
experiment_0a_best,file,16,,9639,164.Cerulean_Warbler/Cerulean_Warbler_0078_163271.jpg,164,163,164.Cerulean_Warbler,179,178,rotation,rotation,0,"{""angle"":-13.005491}",3.7932987,1.8527428,-1.9405559,0.022521188,0.1568065,0.19730046,0.024241626,-0.17477928,0.13256487,0.30734415,0.68240099,1.0721777,127.87278,137.10234,False,0.89988053,False,False,False,0.68240099,1.0721777,127.87278,137.10234,0.67618711,1.0728544,125.75006,134.9115,0.86864059,1.0521078,23.202816,24.411863,0.39634192,0.9717382,24.570659,23.876248,0.6464561,1.1477096,59.444938,68.225523,0.73359272,1.0178055,74.589183,75.917279,0.67139611,1.0828727,56.521892,61.206016,0.67308438,1.0900874,54.012865,58.878744
experiment_0a_best,file,16,,9639,164.Cerulean_Warbler/Cerulean_Warbler_0078_163271.jpg,164,163,164.Cerulean_Warbler,179,178,random_resized_crop,random_resized_crop,0,"{""area_fraction"":0.896385,""aspect"":1.014273,""fallback"":false,""height"":0.940091,""left"":0.021816,""top"":0.050298,""width"":0.953509}",3.7932987,3.9604774,0.16717863,0.022521188,0.019054018,0.19730046,0.031002015,-0.17477928,-0.011947997,0.16283128,0.68347106,1.0935071,127.87278,139.8298,False,0.91331851,False,False,False,0.68347106,1.0935071,127.87278,139.8298,0.6770653,1.0862522,125.75006,136.59628,0.8516855,1.2885064,23.202816,29.896976,0.60725043,0.99979888,24.570659,24.565717,0.67846636,1.0324928,59.444938,61.37647,0.69415797,0.99366315,74.589183,74.116523,0.65996484,1.1761407,56.521892,66.477696,0.69153673,1.2246568,54.012865,66.14722
experiment_0a_best,file,16,,9639,164.Cerulean_Warbler/Cerulean_Warbler_0078_163271.jpg,164,163,164.Cerulean_Warbler,179,178,gaussian_blur,gaussian_blur,0,"{""sigma"":1.740528}",3.7932987,1.0295682,-2.7637305,0.022521188,0.35716113,0.19730046,0.0053801448,-0.17477928,0.35178099,0.52656027,0.33708092,0.91510064,127.87278,117.01647,False,0.7751115,False,False,True,0.33708092,0.91510064,127.87278,117.01647,0.32649302,0.91980999,125.75006,115.66616,0.71719051,0.7639359,23.202816,17.725464,0.18687536,0.81711976,24.570659,20.077171,0.3160415,0.88672792,59.444938,52.711486,0.27958193,0.85590319,74.589183,63.84112,0.33674218,1.0143851,56.521892,57.334966,0.43254873,0.9856186,54.012865,53.236084
experiment_0a_best,file,16,,9639,164.Cerulean_Warbler/Cerulean_Warbler_0078_163271.jpg,164,163,164.Cerulean_Warbler,179,178,random_erasing,random_erasing,0,"{""area_fraction"":0.097249,""erased"":true,""height"":0.179964,""left"":0.253876,""top"":0.747144,""width"":0.540382}",3.7932987,1.9258264,-1.8674723,0.022521188,0.14575526,0.19730046,0.22346741,-0.17477928,-0.077712148,0.097067127,0.86112182,1.088425,127.87278,139.17993,False,0.92096454,True,False,False,0.86112182,1.088425,127.87278,139.17993,0.85995641,1.0930001,125.75006,137.44483,0.90971814,0.9442065,23.202816,21.90825,0.85038314,1.0172003,24.570659,24.993283,0.88793087,1.2077055,59.444938,71.791978,0.88576024,1.0222384,74.589183,76.247927,0.82837809,1.1071732,56.521892,62.579522,0.82258507,1.0767488,54.012865,58.158286
experiment_0a_best,file,16,,8083,138.Tree_Swallow/Tree_Swallow_0017_135062.jpg,138,137,138.Tree_Swallow,111,110,identity,identity,0,{},0.045831855,0.045831855,0,0.95520258,0.95520258,0.024677403,0.024677403,0.93052518,0.93052518,0,1,1,7.3497617,7.3497617,False,0.99999988,True,True,True,1,1,7.3497617,7.3497617,1,1,7.234535,7.234535,1,1,1.2963412,1.2963412,1,1,1.6759714,1.6759714,1,1,4.0138091,4.0138091,1,1,3.7953834,3.7953834,1,1,3.1001085,3.1001085,1,1,3.0664874,3.0664874
experiment_0a_best,file,16,,8083,138.Tree_Swallow/Tree_Swallow_0017_135062.jpg,138,137,138.Tree_Swallow,111,110,horizontal_flip,horizontal_flip,0,"{""flipped"":true}",0.045831855,0.059498653,0.013666797,0.95520258,0.94223678,0.024677403,0.038929507,0.93052518,0.90330727,-0.027217902,0.67935773,1.3012871,7.3497617,9.5641497,False,0.97714734,True,True,True,0.67935773,1.3012871,7.3497617,9.5641497,0.66869784,1.2943083,7.234535,9.3637183,0.97265041,1.5024997,1.2963412,1.9477523,0.53887931,1.2578712,1.6759714,2.1081562,0.65157692,1.1636214,4.0138091,4.670554,0.65137002,1.3903728,3.7953834,5.276998,0.67157656,1.3007123,3.1001085,4.0323493,0.76326914,1.356941,3.0664874,4.1610426
experiment_0a_best,file,16,,8083,138.Tree_Swallow/Tree_Swallow_0017_135062.jpg,138,137,138.Tree_Swallow,111,110,color_jitter,color_jitter,0,"{""brightness"":0.63462,""contrast"":0.906647,""hue"":0.012937,""saturation"":0.692295}",0.045831855,0.19221771,0.14638585,0.95520258,0.82512724,0.024677403,0.052652363,0.93052518,0.77247488,-0.15805029,0.76650219,4.1812412,7.3497617,30.731127,False,0.96122426,True,True,True,0.76650219,4.1812412,7.3497617,30.731127,0.76262957,4.1951991,7.234535,30.350315,0.90788708,3.7204076,1.2963412,4.8229178,0.64213993,5.6059818,1.6759714,9.3954654,0.7674512,4.4210603,4.0138091,17.745292,0.80127291,4.0347919,3.7953834,15.313582,0.73863102,4.0228833,3.1001085,12.471375,0.79427728,3.6884662,3.0664874,11.310635
experiment_0a_best,file,16,,8083,138.Tree_Swallow/Tree_Swallow_0017_135062.jpg,138,137,138.Tree_Swallow,111,110,rotation,rotation,0,"{""angle"":-8.236464}",0.045831855,0.84022135,0.79438949,0.95520258,0.43161497,0.024677403,0.069836013,0.93052518,0.36177895,-0.56874622,0.64408805,11.985444,7.3497617,88.090154,False,0.91347158,True,True,True,0.64408805,11.985444,7.3497617,88.090154,0.63967562,12.032698,7.234535,87.050978,0.80959443,10.406853,1.2963412,13.490832,0.60880747,10.469374,1.6759714,17.546371,0.63586985,10.145493,4.0138091,40.722071,0.66559097,13.604519,3.7953834,51.634367,0.59747539,13.144477,3.1001085,40.749306,0.6831662,11.690329,3.0664874,35.848245
experiment_0a_best,file,16,,8083,138.Tree_Swallow/Tree_Swallow_0017_135062.jpg,138,137,138.Tree_Swallow,111,110,random_resized_crop,random_resized_crop,0,"{""area_fraction"":0.747511,""aspect"":0.860153,""fallback"":false,""height"":0.932225,""left"":0.086591,""top"":0.034763,""width"":0.801856}",0.045831855,0.1340985,0.088266645,0.95520258,0.87450391,0.024677403,0.087698877,0.93052518,0.78680503,-0.14372014,0.78239669,2.7040381,7.3497617,19.874035,False,0.97870445,True,True,True,0.78239669,2.7040381,7.3497617,19.874035,0.77584051,2.6946589,7.234535,19.494604,0.97081348,2.9814145,1.2963412,3.8649305,0.74573023,2.8455148,1.6759714,4.7690015,0.78179528,2.5853961,4.0138091,10.377286,0.78800603,2.7344949,3.7953834,10.378457,0.7479772,2.732429,3.1001085,8.4708264,0.78709708,2.7311431,3.0664874,8.3750157
experiment_0a_best,file,16,,8083,138.Tree_Swallow/Tree_Swallow_0017_135062.jpg,138,137,138.Tree_Swallow,111,110,gaussian_blur,gaussian_blur,0,"{""sigma"":1.853621}",0.045831855,0.25353301,0.20770115,0.95520258,0.77605414,0.024677403,0.0062970179,0.93052518,0.76975713,-0.16076805,0.42133457,4.9100434,7.3497617,36.087649,False,0.88630927,True,True,True,0.42133457,4.9100434,7.3497617,36.087649,0.41214175,4.9352102,7.234535,35.703951,0.77840609,4.0486669,1.2963412,5.2484538,0.23369232,4.1971091,1.6759714,7.0342349,0.35424299,3.763533,4.0138091,15.106103,0.37484658,5.7070627,3.7953834,21.660491,0.43775854,5.4511342,3.1001085,16.899108,0.59645915,5.0765879,3.0664874,15.567292
experiment_0a_best,file,16,,8083,138.Tree_Swallow/Tree_Swallow_0017_135062.jpg,138,137,138.Tree_Swallow,111,110,random_erasing,random_erasing,0,"{""area_fraction"":0.180795,""erased"":true,""height"":0.341799,""left"":0.358473,""top"":0.124289,""width"":0.52895}",0.045831855,3.9580224,3.9121905,0.95520258,0.019100852,0.024677403,0.0088957762,0.93052518,0.010205076,-0.9203201,0.15050601,13.06526,7.3497617,96.026545,False,0.69323272,False,True,False,0.15050601,13.06526,7.3497617,96.026545,0.12978255,12.787931,7.234535,92.514732,0.58036725,19.849501,1.2963412,25.731726,0.0029138661,8.7861329,1.6759714,14.725308,0.036114624,9.0822494,4.0138091,36.454415,0.071727179,10.076453,3.7953834,38.244002,0.11352732,13.421901,3.1001085,41.609349,0.29788342,20.153444,3.0664874,61.800282
experiment_0a_best,file,16,,1436,026.Bronzed_Cowbird/Bronzed_Cowbird_0002_796244.jpg,26,25,026.Bronzed_Cowbird,108,107,identity,identity,0,{},2.6080265,2.6080265,0,0.073679812,0.073679812,0.32309219,0.32309219,-0.24941238,-0.24941238,0,1,1,176.15451,176.15451,False,1,True,False,False,1,1,176.15451,176.15451,1,1,172.90035,172.90035,1,1,33.70281,33.70281,1,1,58.460699,58.460699,1,1,79.946092,79.946092,1,1,78.450714,78.450714,1,1,80.599679,80.599679,1,1,86.224572,86.224572
experiment_0a_best,file,16,,1436,026.Bronzed_Cowbird/Bronzed_Cowbird_0002_796244.jpg,26,25,026.Bronzed_Cowbird,108,107,horizontal_flip,horizontal_flip,0,"{""flipped"":true}",2.6080265,3.3544395,0.74641299,0.073679812,0.03492894,0.32309219,0.13842157,-0.24941238,-0.10349263,0.14591976,0.57810819,1.0810251,176.15451,190.42744,False,0.96630299,False,False,False,0.57810819,1.0810251,176.15451,190.42744,0.56442002,1.0809336,172.90035,186.8938,0.93753061,1.0834292,33.70281,36.51461,0.45093144,1.3141772,58.460699,76.827717,0.43712643,0.91189805,79.946092,72.902685,0.56673607,1.0839749,78.450714,85.038605,0.53543583,1.0779618,80.599679,86.883375,0.75289236,1.0960647,86.224572,94.507708
experiment_0a_best,file,16,,1436,026.Bronzed_Cowbird/Bronzed_Cowbird_0002_796244.jpg,26,25,026.Bronzed_Cowbird,108,107,color_jitter,color_jitter,0,"{""brightness"":1.2226,""contrast"":0.67149,""hue"":-0.000587,""saturation"":0.936647}",2.6080265,2.8652041,0.25717759,0.073679812,0.056971502,0.32309219,0.19965079,-0.24941238,-0.14267929,0.10673309,0.77347186,1.0953718,176.15451,192.95468,False,0.96499109,False,False,False,0.77347186,1.0953718,176.15451,192.95468,0.76681969,1.0956214,172.90035,189.43332,0.94966065,1.0887831,33.70281,36.695052,0.72831482,0.97208128,58.460699,56.828551,0.68010358,1.1268417,79.946092,90.086588,0.74183864,1.1637611,78.450714,91.297886,0.8004401,1.0860564,80.599679,87.5358,0.85795646,1.0718916,86.224572,92.423394
experiment_0a_best,file,16,,1436,026.Bronzed_Cowbird/Bronzed_Cowbird_0002_796244.jpg,26,25,026.Bronzed_Cowbird,108,107,rotation,rotation,0,"{""angle"":-14.728203}",2.6080265,2.2946157,-0.31341076,0.073679812,0.10080013,0.32309219,0.054373588,-0.24941238,0.046426538,0.29583892,0.61315939,0.66340157,176.15451,116.86118,False,0.92629516,False,False,False,0.61315939,0.66340157,176.15451,116.86118,0.60238546,0.65810319,172.90035,113.78627,0.85914963,0.79017641,33.70281,26.631166,0.48118137,0.68021937,58.460699,39.7661,0.68889137,0.62880473,79.946092,50.27048,0.59820337,0.60651166,78.450714,47.581272,0.51234882,0.67066023,80.599679,54.054999,0.67136589,0.70095428,86.224572,60.439483
experiment_0a_best,file,16,,1436,026.Bronzed_Cowbird/Bronzed_Cowbird_0002_796244.jpg,26,25,026.Bronzed_Cowbird,108,107,random_resized_crop,random_resized_crop,0,"{""area_fraction"":0.532486,""aspect"":1.196501,""fallback"":false,""height"":0.66711,""left"":0.195945,""top"":0.062146,""width"":0.798198}",2.6080265,5.6252346,3.0172081,0.073679812,0.0036057178,0.32309219,0.027650755,-0.24941238,-0.024045037,0.22536734,0.59800617,1.094628,176.15451,192.82366,False,0.82491779,False,False,False,0.59800617,1.094628,176.15451,192.82366,0.59150361,1.0935742,172.90035,189.07935,0.76499583,1.1220087,33.70281,37.814847,0.53396581,0.92812344,58.460699,54.258745,0.64058406,0.86758756,79.946092,69.360235,0.60901961,1.0512131,78.450714,82.468417,0.54242419,1.2185241,80.599679,98.212654,0.6321319,1.2463739,86.224572,107.46806
experiment_0a_best,file,16,,1436,026.Bronzed_Cowbird/Bronzed_Cowbird_0002_796244.jpg,26,25,026.Bronzed_Cowbird,108,107,gaussian_blur,gaussian_blur,0,"{""sigma"":1.447722}",2.6080265,1.3431722,-1.2648543,0.073679812,0.26101637,0.32309219,0.22424442,-0.24941238,0.036771953,0.28618433,0.71176467,0.66502342,176.15451,117.14687,False,0.92785442,False,False,True,0.71176467,0.66502342,176.15451,117.14687,0.70403083,0.66313922,172.90035,114.657,0.90290522,0.71282448,33.70281,24.024188,0.63808658,0.62297655,58.460699,36.419644,0.69249332,0.56065633,79.946092,44.822282,0.65706594,0.62194224,78.450714,48.791813,0.70788725,0.76251549,80.599679,61.458503,0.78581632,0.70096203,86.224572,60.440151
experiment_0a_best,file,16,,1436,026.Bronzed_Cowbird/Bronzed_Cowbird_0002_796244.jpg,26,25,026.Bronzed_Cowbird,108,107,random_erasing,random_erasing,0,"{""area_fraction"":0.137293,""erased"":true,""height"":0.62907,""left"":0.197765,""top"":0.221933,""width"":0.218247}",2.6080265,2.3392434,-0.26878309,0.073679812,0.096400551,0.32309219,0.12099984,-0.24941238,-0.024599284,0.2248131,0.74596485,0.81600921,176.15451,143.7437,False,0.96039325,False,False,False,0.74596485,0.81600921,176.15451,143.7437,0.73811672,0.81185523,172.90035,140.37005,0.93397555,0.91860712,33.70281,30.959641,0.75633351,0.89686232,58.460699,52.431198,0.76357997,0.77810865,79.946092,62.206745,0.69529675,0.71666553,78.450714,56.222923,0.68559863,0.80590713,80.599679,64.955856,0.78959179,0.87596692,86.224572,75.529873
experiment_0a_best,file,16,,5050,087.Mallard/Mallard_0053_75985.jpg,87,86,087.Mallard,134,133,identity,identity,0,{},0.75921983,0.75921983,0,0.46803144,0.46803144,0.035100874,0.035100874,0.43293056,0.43293056,0,1,1,69.153214,69.153214,False,1.0000001,True,True,True,1,1,69.153214,69.153214,1,1,67.474081,67.474081,1,1,15.146463,15.146463,1,1,15.677929,15.677929,1,1,28.578781,28.578781,1,1,30.027047,30.027047,1,1,34.077314,34.077314,1,1,37.779896,37.779896
experiment_0a_best,file,16,,5050,087.Mallard/Mallard_0053_75985.jpg,87,86,087.Mallard,134,133,horizontal_flip,horizontal_flip,0,"{""flipped"":true}",0.75921983,1.0191969,0.25997704,0.46803144,0.36088467,0.035100874,0.013654127,0.43293056,0.34723054,-0.085700023,0.62638056,1.0166073,69.153214,70.30166,False,0.96024656,True,True,True,0.62638056,1.0166073,69.153214,70.30166,0.60861909,1.0131374,67.474081,68.360516,0.95739584,1.0831701,15.146463,16.406197,0.69330684,1.0726232,15.677929,16.816511,0.54720204,0.96673644,28.578781,27.628149,0.55383589,1.0915445,30.027047,32.775858,0.58507297,0.94948319,34.077314,32.355837,0.68364582,1.0271559,37.779896,38.805843
experiment_0a_best,file,16,,5050,087.Mallard/Mallard_0053_75985.jpg,87,86,087.Mallard,134,133,color_jitter,color_jitter,0,"{""brightness"":1.008479,""contrast"":0.637498,""hue"":0.019003,""saturation"":1.049454}",0.75921983,1.4978693,0.73864943,0.46803144,0.22360611,0.035100874,0.022316037,0.43293056,0.20129007,-0.23164049,0.7955837,1.5954277,69.153214,110.32895,False,0.95829213,True,True,True,0.7955837,1.5954277,69.153214,110.32895,0.78828139,1.6002376,67.474081,107.97456,0.95221188,1.4967824,15.146463,22.670961,0.82368523,1.4938794,15.677929,23.420934,0.79182064,2.0291637,28.578781,57.991026,0.71504942,1.6354717,30.027047,49.108385,0.80274707,1.4259307,34.077314,48.591888,0.84674731,1.4435254,37.779896,54.536238
experiment_0a_best,file,16,,5050,087.Mallard/Mallard_0053_75985.jpg,87,86,087.Mallard,134,133,rotation,rotation,0,"{""angle"":12.539001}",0.75921983,1.3857112,0.62649137,0.46803144,0.25014582,0.035100874,0.012237275,0.43293056,0.23790855,-0.19502201,0.67372256,1.3213428,69.153214,91.375103,False,0.93593997,True,True,True,0.67372256,1.3213428,69.153214,91.375103,0.66074756,1.318862,67.474081,88.988998,0.92212119,1.3696466,15.146463,20.745303,0.58913499,1.4660534,15.677929,22.984681,0.75132634,1.480748,28.578781,42.317974,0.59424504,1.3228461,30.027047,39.721161,0.61548183,1.215651,34.077314,41.426121,0.69938306,1.2710797,37.779896,48.021258
experiment_0a_best,file,16,,5050,087.Mallard/Mallard_0053_75985.jpg,87,86,087.Mallard,134,133,random_resized_crop,random_resized_crop,0,"{""area_fraction"":0.585484,""aspect"":1.168541,""fallback"":false,""height"":0.707841,""left"":0.074277,""top"":0.069504,""width"":0.827141}",0.75921983,2.291749,1.5325292,0.46803144,0.10108951,0.035100874,0.0073179882,0.43293056,0.093771519,-0.33915904,0.60710987,1.4439056,69.153214,99.850713,False,0.90725768,True,True,True,0.60710987,1.4439056,69.153214,99.850713,0.59136359,1.4378944,67.474081,97.020605,0.8972954,1.5584093,15.146463,23.604389,0.62348626,1.1307015,15.677929,17.727058,0.48337475,1.3472413,28.578781,38.502514,0.51290265,1.502311,30.027047,45.109964,0.60287094,1.4335306,34.077314,48.850871,0.68733205,1.4961459,37.779896,56.524235
experiment_0a_best,file,16,,5050,087.Mallard/Mallard_0053_75985.jpg,87,86,087.Mallard,134,133,gaussian_blur,gaussian_blur,0,"{""sigma"":1.702987}",0.75921983,3.7359583,2.9767385,0.46803144,0.023850303,0.035100874,0.0038063873,0.43293056,0.020043916,-0.41288665,0.44954385,1.8554728,69.153214,128.31191,False,0.79351962,False,True,False,0.44954385,1.8554728,69.153214,128.31191,0.43642985,1.8670652,67.474081,125.97851,0.7564821,1.6082299,15.146463,24.358996,0.35177785,2.6900218,15.677929,42.17397,0.3663891,2.0155093,28.578781,57.600798,0.44235572,2.1046271,30.027047,63.195736,0.46188332,1.7454708,34.077314,59.480957,0.51059483,1.5072067,37.779896,56.942113
experiment_0a_best,file,16,,5050,087.Mallard/Mallard_0053_75985.jpg,87,86,087.Mallard,134,133,random_erasing,random_erasing,0,"{""area_fraction"":0.07991,""erased"":true,""height"":0.428923,""left"":0.134195,""top"":0.134532,""width"":0.186303}",0.75921983,0.93953848,0.18031865,0.46803144,0.39080817,0.035100874,0.025335027,0.43293056,0.36547314,-0.067457424,0.93746104,1.1221654,69.153214,77.601341,False,0.99390364,True,True,True,0.93746104,1.1221654,69.153214,77.601341,0.93457804,1.1199617,67.474081,75.568387,0.99315414,1.1650351,15.146463,17.646162,0.94357136,1.1189168,15.677929,17.542297,0.91740224,1.1037929,28.578781,31.545055,0.92789627,1.1697561,30.027047,35.124322,0.93512178,1.0982653,34.077314,37.42593,0.94754605,1.1146416,37.779896,42.111046
experiment_0a_best,file,16,,6935,119.Field_Sparrow/Field_Sparrow_0102_113595.jpg,119,118,119.Field_Sparrow,118,117,identity,identity,0,{},2.9195905,2.9195905,0,0.053955786,0.053955786,0.22276036,0.22276036,-0.16880458,-0.16880458,0,1,1,157.32843,157.32843,False,1,True,False,False,1,1,157.32843,157.32843,1,1,155.81674,155.81674,1,1,21.75724,21.75724,1,1,32.401243,32.401243,1,1,76.198122,76.198122,1,1,92.748296,92.748296,1,1,70.614385,70.614385,1,1,61.921125,61.921125
experiment_0a_best,file,16,,6935,119.Field_Sparrow/Field_Sparrow_0102_113595.jpg,119,118,119.Field_Sparrow,118,117,horizontal_flip,horizontal_flip,0,"{""flipped"":true}",2.9195905,3.3825142,0.46292377,0.053955786,0.033961959,0.22276036,0.027331635,-0.16880458,0.0066303238,0.1754349,0.5849891,1.3746813,157.32843,216.27645,False,0.9228313,False,False,False,0.5849891,1.3746813,157.32843,216.27645,0.5806997,1.3742593,155.81674,214.13261,0.80160837,1.3961524,21.75724,30.376424,0.69652821,1.3978126,32.401243,45.290865,0.61364788,1.2773813,76.198122,97.334054,0.62312243,1.4210213,92.748296,131.7973,0.49175706,1.4100864,70.614385,99.572387,0.52483678,1.3552569,61.921125,83.919034
experiment_0a_best,file,16,,6935,119.Field_Sparrow/Field_Sparrow_0102_113595.jpg,119,118,119.Field_Sparrow,118,117,color_jitter,color_jitter,0,"{""brightness"":1.095902,""contrast"":0.875034,""hue"":0.048434,""saturation"":1.375828}",2.9195905,6.9842086,4.0646181,0.053955786,0.00092639617,0.22276036,0.0052070967,-0.16880458,-0.0042807005,0.16452388,0.53029686,1.0836691,157.32843,170.49196,False,0.78127575,False,False,False,0.53029686,1.0836691,157.32843,170.49196,0.52729275,1.0795324,155.81674,168.20923,0.66784388,1.2780026,21.75724,27.805811,0.32879766,1.2179454,32.401243,39.462946,0.62793564,1.0764872,76.198122,82.026303,0.51678637,1.0410146,92.748296,96.552332,0.49172566,1.0554158,70.614385,74.527535,0.50934509,1.1569231,61.921125,71.637978
experiment_0a_best,file,16,,6935,119.Field_Sparrow/Field_Sparrow_0102_113595.jpg,119,118,119.Field_Sparrow,118,117,rotation,rotation,0,"{""angle"":12.315759}",2.9195905,2.9086277,-0.010962725,0.053955786,0.054550536,0.22276036,0.18632303,-0.16880458,-0.1317725,0.037032083,0.76890549,1.040243,157.32843,163.65979,False,0.93678844,False,False,False,0.76890549,1.040243,157.32843,163.65979,0.76575565,1.0400743,155.81674,162.06099,0.92912993,1.0488574,21.75724,22.820242,0.74664874,1.2762189,32.401243,41.351078,0.82371646,1.0749115,76.198122,81.906238,0.78972768,1.0196871,92.748296,94.574238,0.70534091,1.0136285,70.614385,71.576751,0.71028097,0.99260182,61.921125,61.463022
experiment_0a_best,file,16,,6935,119.Field_Sparrow/Field_Sparrow_0102_113595.jpg,119,118,119.Field_Sparrow,118,117,random_resized_crop,random_resized_crop,0,"{""area_fraction"":0.581775,""aspect"":0.8779,""fallback"":false,""height"":0.814057,""left"":0.268803,""top"":0.087489,""width"":0.714661}",2.9195905,1.9962287,-0.92336178,0.053955786,0.13584664,0.22276036,0.11365383,-0.16880458,0.022192813,0.19099739,0.71933483,0.95627404,157.32843,150.44909,False,0.90127218,False,False,True,0.71933483,0.95627404,157.32843,150.44909,0.71602872,0.9562303,155.81674,148.99669,0.88849823,0.95851473,21.75724,20.854635,0.58510635,1.0761069,32.401243,34.867202,0.74829145,0.92357644,76.198122,70.374791,0.76326573,0.95808873,92.748296,88.861097,0.65011811,0.96193714,70.614385,67.9266,0.69147521,0.95833337,61.921125,59.34108
experiment_0a_best,file,16,,6935,119.Field_Sparrow/Field_Sparrow_0102_113595.jpg,119,118,119.Field_Sparrow,118,117,gaussian_blur,gaussian_blur,0,"{""sigma"":1.392647}",2.9195905,5.4171424,2.4975519,0.053955786,0.0044398149,0.22276036,0.022136547,-0.16880458,-0.017696732,0.15110785,0.59075022,1.2320967,157.32843,193.84385,False,0.82823277,False,False,False,0.59075022,1.2320967,157.32843,193.84385,0.58721569,1.233544,155.81674,192.20681,0.78552623,1.1554412,21.75724,25.139213,0.59464736,1.3610283,32.401243,44.099009,0.60874,1.3753534,76.198122,104.79935,0.58910833,1.1968133,92.748296,111.00239,0.554328,1.146521,70.614385,80.960874,0.59507148,1.1577835,61.921125,71.691255
experiment_0a_best,file,16,,6935,119.Field_Sparrow/Field_Sparrow_0102_113595.jpg,119,118,119.Field_Sparrow,118,117,random_erasing,random_erasing,0,"{""area_fraction"":0.113024,""erased"":true,""height"":0.333873,""left"":0.403589,""top"":0.012028,""width"":0.338523}",2.9195905,5.5269284,2.607338,0.053955786,0.0039781895,0.22276036,0.16397415,-0.16880458,-0.15999596,0.008808617,0.71528141,0.94420337,157.32843,148.55004,False,0.81690675,False,False,False,0.71528141,0.94420337,157.32843,148.55004,0.71376466,0.94106963,155.81674,146.63441,0.79010556,1.0929457,21.75724,23.779482,0.72093701,0.96457252,32.401243,31.253349,0.81423844,0.96485895,76.198122,73.52044,0.71285564,0.84331797,92.748296,78.216305,0.65334373,0.96994585,70.614385,68.49213,0.66053141,1.0603105,61.921125,65.655617
experiment_0a_best,file,16,,11423,194.Cactus_Wren/Cactus_Wren_0098_185637.jpg,194,193,194.Cactus_Wren,126,125,identity,identity,0,{},0.0013769917,0.0013769917,0,0.99862397,0.99862397,0.00018636139,0.00018636139,0.99843761,0.99843761,0,1,1,0.30058029,0.30058029,False,1,True,True,True,1,1,0.30058029,0.30058029,1,1,0.29666166,0.29666166,1,1,0.048377372,0.048377372,1,1,0.06070428,0.06070428,1,1,0.11802777,0.11802777,1,1,0.18582997,0.18582997,1,1,0.14206616,0.14206616,1,1,0.12520785,0.12520785
experiment_0a_best,file,16,,11423,194.Cactus_Wren/Cactus_Wren_0098_185637.jpg,194,193,194.Cactus_Wren,126,125,horizontal_flip,horizontal_flip,0,"{""flipped"":true}",0.0013769917,0.005946089,0.0045690973,0.99862397,0.99407154,0.00018636139,0.00055213633,0.99843761,0.99351941,-0.0049181989,0.77770528,4.3523124,0.30058029,1.3082193,False,0.97511911,True,True,True,0.77770528,4.3523124,0.30058029,1.3082193,0.77332726,4.3644654,0.29666166,1.2947696,0.96903781,3.8676863,0.048377372,0.1871085,0.59547885,4.1934962,0.06070428,0.25456317,0.69692449,4.8978826,0.11802777,0.57808616,0.829947,4.3189564,0.18582997,0.80259153,0.75665687,4.1869809,0.14206616,0.59482832,0.79412952,4.2221605,0.12520785,0.52864764
experiment_0a_best,file,16,,11423,194.Cactus_Wren/Cactus_Wren_0098_185637.jpg,194,193,194.Cactus_Wren,126,125,color_jitter,color_jitter,0,"{""brightness"":0.844975,""contrast"":1.251949,""hue"":0.062354,""saturation"":0.948702}",0.0013769917,0.01509141,0.013714418,0.99862397,0.98502189,0.00018636139,0.00013496175,0.99843761,0.98488693,-0.013550678,0.76305754,9.8046087,0.30058029,2.9470721,False,0.9218446,True,True,True,0.76305754,9.8046087,0.30058029,2.9470721,0.7598909,9.7969478,0.29666166,2.9063788,0.87901532,10.088468,0.048377372,0.48805355,0.73545188,8.4693702,0.06070428,0.51412702,0.6581034,9.2935553,0.11802777,1.0968976,0.8221723,9.9896079,0.18582997,1.8563685,0.72830265,9.9882134,0.14206616,1.4189872,0.75530383,9.8463599,0.12520785,1.2328416
experiment_0a_best,file,16,,11423,194.Cactus_Wren/Cactus_Wren_0098_185637.jpg,194,193,194.Cactus_Wren,126,125,rotation,rotation,0,"{""angle"":4.987698}",0.0013769917,0.0051571433,0.0037801516,0.99862397,0.99485612,0.00018636139,0.00054912071,0.99843761,0.994307,-0.0041306073,0.84414627,3.630001,0.30058029,1.0911068,False,0.97549427,True,True,True,0.84414627,3.630001,0.30058029,1.0911068,0.84094206,3.6332571,0.29666166,1.0778481,0.96956334,3.5053653,0.048377372,0.16958036,0.74039841,3.8673523,0.06070428,0.23476484,0.81685279,3.9184222,0.11802777,0.46248263,0.8533981,3.6079957,0.18582997,0.67047372,0.8313389,3.4482784,0.14206616,0.48988369,0.87820094,3.6005026,0.12520785,0.4508112
experiment_0a_best,file,16,,11423,194.Cactus_Wren/Cactus_Wren_0098_185637.jpg,194,193,194.Cactus_Wren,126,125,random_resized_crop,random_resized_crop,0,"{""area_fraction"":0.710097,""aspect"":0.895407,""fallback"":false,""height"":0.89053,""left"":0.090924,""top"":0.094002,""width"":0.797387}",0.0013769917,0.0018434213,0.00046642951,0.99862397,0.99815828,0.00018636139,0.00019368631,0.99843761,0.99796459,-0.00047301601,0.75190245,1.6638442,0.30058029,0.50011877,False,0.95580268,True,True,True,0.75190245,1.6638442,0.30058029,0.50011877,0.74721224,1.665123,0.29666166,0.49397815,0.93408851,1.615021,0.048377372,0.078130473,0.55040336,1.5149454,0.06070428,0.09196367,0.65373373,1.6951751,0.11802777,0.20007774,0.7878086,1.7795804,0.18582997,0.33069936,0.75425831,1.6275015,0.14206616,0.23121289,0.78610949,1.4443497,0.12520785,0.18084392
experiment_0a_best,file,16,,11423,194.Cactus_Wren/Cactus_Wren_0098_185637.jpg,194,193,194.Cactus_Wren,126,125,gaussian_blur,gaussian_blur,0,"{""sigma"":1.922994}",0.0013769917,2.7701821,2.7688051,0.99862397,0.062650606,0.00018636139,0.17759508,0.99843761,-0.11494447,-1.1133821,0.35745371,513.40432,0.30058029,154.31922,False,0.78230584,False,True,False,0.35745371,513.40432,0.30058029,154.31922,0.34777283,514.49715,0.29666166,152.63158,0.75696129,470.47056,0.048377372,22.760129,0.37367765,645.31109,0.06070428,39.173145,0.16362546,518.72055,0.11802777,61.22343,0.32362414,485.58004,0.18582997,90.235323,0.42423433,561.63945,0.14206616,79.789962,0.46417133,472.8181,0.12520785,59.200538
experiment_0a_best,file,16,,11423,194.Cactus_Wren/Cactus_Wren_0098_185637.jpg,194,193,194.Cactus_Wren,126,125,random_erasing,random_erasing,0,"{""area_fraction"":0.117565,""erased"":true,""height"":0.504376,""left"":0.391734,""top"":0.244309,""width"":0.23309}",0.0013769917,0.015644675,0.014267683,0.99862397,0.98447704,0.00018636139,0.00080330862,0.99843761,0.98367373,-0.014763871,0.78697856,10.690589,0.30058029,3.2133803,False,0.94874108,True,True,True,0.78697856,10.690589,0.30058029,3.2133803,0.78351854,10.694094,0.29666166,3.1725276,0.91883133,10.557945,0.048377372,0.51076565,0.85955869,9.6097575,0.06070428,0.58335341,0.72031552,11.833507,0.11802777,1.3966825,0.83763203,10.45652,0.18582997,1.9431349,0.76179954,10.720908,0.14206616,1.5230782,0.7455924,10.346943,0.12520785,1.2955185
experiment_0a_best,file,16,,11347,193.Bewick_Wren/Bewick_Wren_0010_185142.jpg,193,192,193.Bewick_Wren,195,194,identity,identity,0,{},0.061331324,0.061331324,0,0.94051158,0.94051158,0.049474206,0.049474206,0.89103738,0.89103738,0,1,1,11.786788,11.786788,False,1,True,True,True,1,1,11.786788,11.786788,1,1,11.564778,11.564778,1,1,2.2769053,2.2769053,1,1,2.3222153,2.3222153,1,1,5.892311,5.892311,1,1,5.7595057,5.7595057,1,1,5.3748622,5.3748622,1,1,5.6188093,5.6188093
experiment_0a_best,file,16,,11347,193.Bewick_Wren/Bewick_Wren_0010_185142.jpg,193,192,193.Bewick_Wren,195,194,horizontal_flip,horizontal_flip,0,"{""flipped"":true}",0.061331324,0.16995497,0.10862365,0.94051158,0.84370279,0.049474206,0.14234106,0.89103738,0.70136173,-0.18967565,0.69725007,3.018661,11.786788,35.580319,False,0.9839831,True,True,True,0.69725007,3.018661,11.786788,35.580319,0.68706072,3.0266297,11.564778,35.002299,0.98279802,2.8052729,2.2769053,6.3873408,0.60274188,3.8104925,2.3222153,8.8487839,0.61918853,2.9404731,5.892311,17.326182,0.71172805,3.2024331,5.7595057,18.444432,0.6716164,2.9983244,5.3748622,16.11558,0.77877119,2.7956844,5.6188093,15.708418
experiment_0a_best,file,16,,11347,193.Bewick_Wren/Bewick_Wren_0010_185142.jpg,193,192,193.Bewick_Wren,195,194,color_jitter,color_jitter,0,"{""brightness"":0.654146,""contrast"":1.036709,""hue"":-0.044732,""saturation"":0.760377}",0.061331324,0.09133938,0.030008055,0.94051158,0.91270792,0.049474206,0.050808057,0.89103738,0.86189987,-0.029137511,0.7879679,1.2652159,11.786788,14.912832,False,0.9822517,True,True,True,0.7879679,1.2652159,11.786788,14.912832,0.78151907,1.2679778,11.564778,14.663881,0.96643639,1.1917544,2.2769053,2.7135119,0.52308328,1.4776936,2.3222153,3.4315226,0.74297783,1.2108688,5.892311,7.1348156,0.76289583,1.2817816,5.7595057,7.3824286,0.81279193,1.2744226,5.3748622,6.8498458,0.86707267,1.2700865,5.6188093,7.136374
experiment_0a_best,file,16,,11347,193.Bewick_Wren/Bewick_Wren_0010_185142.jpg,193,192,193.Bewick_Wren,195,194,rotation,rotation,0,"{""angle"":9.612734}",0.061331324,0.22079447,0.15946314,0.94051158,0.80188149,0.049474206,0.17435166,0.89103738,0.62752983,-0.26350755,0.81409856,3.6645178,11.786788,43.192895,False,0.96435368,True,True,True,0.81409856,3.6645178,11.786788,43.192895,0.80843252,3.6675648,11.564778,42.414571,0.96383965,3.5850168,2.2769053,8.1627436,0.76904112,3.7280146,2.3222153,8.6572524,0.80261861,3.6172807,5.892311,21.314143,0.81467976,3.9666312,5.7595057,22.845835,0.7959062,3.6725253,5.3748622,19.739317,0.83363157,3.3682767,5.6188093,18.925704
experiment_0a_best,file,16,,11347,193.Bewick_Wren/Bewick_Wren_0010_185142.jpg,193,192,193.Bewick_Wren,195,194,random_resized_crop,random_resized_crop,0,"{""area_fraction"":0.600123,""aspect"":0.771721,""fallback"":false,""height"":0.88184,""left"":0.173564,""top"":0.057496,""width"":0.680535}",0.061331324,0.14498869,0.083657362,0.94051158,0.86503208,0.049474206,0.10762613,0.89103738,0.75740595,-0.13363143,0.76077022,2.5924725,11.786788,30.556924,False,0.97338837,True,True,True,0.76077022,2.5924725,11.786788,30.556924,0.75394411,2.6049035,11.564778,30.125129,0.97281338,2.2481425,2.2769053,5.1188076,0.71577859,3.2876713,2.3222153,7.6346807,0.69940025,2.5802706,5.892311,15.203757,0.78375934,2.9247414,5.7595057,16.845065,0.7656663,2.4949415,5.3748622,13.409966,0.80318009,2.212159,5.6188093,12.4297
experiment_0a_best,file,16,,11347,193.Bewick_Wren/Bewick_Wren_0010_185142.jpg,193,192,193.Bewick_Wren,195,194,gaussian_blur,gaussian_blur,0,"{""sigma"":1.814638}",0.061331324,1.3496226,1.2882913,0.94051158,0.25933814,0.049474206,0.48794666,0.89103738,-0.22860852,-1.1196459,0.44739655,10.258092,11.786788,120.90996,False,0.84501493,False,True,False,0.44739655,10.258092,11.786788,120.90996,0.43122779,10.225486,11.564778,118.25547,0.83417211,11.066088,2.2769053,25.196436,0.11852849,14.449568,2.3222153,33.555009,0.31775803,9.2073673,5.892311,54.252672,0.42520051,10.792722,5.7595057,62.160746,0.48167797,9.8236707,5.3748622,52.800876,0.5919691,10.166604,5.6188093,57.12421
experiment_0a_best,file,16,,11347,193.Bewick_Wren/Bewick_Wren_0010_185142.jpg,193,192,193.Bewick_Wren,195,194,random_erasing,random_erasing,0,"{""area_fraction"":0.092513,""erased"":true,""height"":0.169239,""left"":0.306907,""top"":0.550321,""width"":0.546642}",0.061331324,0.75598592,0.69465459,0.94051158,0.46954745,0.049474206,0.5070402,0.89103738,-0.037492752,-0.92853013,0.68711584,8.8886128,11.786788,104.7682,False,0.93412352,False,True,False,0.68711584,8.8886128,11.786788,104.7682,0.67717542,8.8707169,11.564778,102.58787,0.93158549,9.3384413,2.2769053,21.262746,0.40850546,7.7417095,2.3222153,17.977916,0.70962006,8.2716318,5.892311,48.739027,0.66206342,9.1079441,5.7595057,52.457256,0.66176311,9.0621871,5.3748622,48.708007,0.71663219,9.2500747,5.6188093,51.974406
experiment_0a_best,file,16,,10212,174.Palm_Warbler/Palm_Warbler_0054_169175.jpg,174,173,174.Palm_Warbler,173,172,identity,identity,0,{},0.30999458,0.30999458,0,0.73345095,0.73345095,0.055218335,0.055218335,0.67823261,0.67823261,0,1,1,45.632711,45.632711,False,1,True,True,True,1,1,45.632711,45.632711,1,1,45.004618,45.004618,1,1,7.5451053,7.5451053,1,1,9.4929952,9.4929952,1,1,21.76475,21.76475,1,1,26.160281,26.160281,1,1,19.455862,19.455862,1,1,19.967561,19.967561
experiment_0a_best,file,16,,10212,174.Palm_Warbler/Palm_Warbler_0054_169175.jpg,174,173,174.Palm_Warbler,173,172,horizontal_flip,horizontal_flip,0,"{""flipped"":true}",0.30999458,0.15938821,-0.15060636,0.73345095,0.85266531,0.055218335,0.01145093,0.67823261,0.84121437,0.16298176,0.54208792,0.45957667,45.632711,20.971729,False,0.94802874,True,True,True,0.54208792,0.45957667,45.632711,20.971729,0.52914898,0.45629507,45.004618,20.535385,0.92630571,0.56404072,7.5451053,4.2557467,0.20304275,0.36445442,9.4929952,3.4597641,0.49844394,0.42657449,21.76475,9.2842871,0.47698503,0.42287026,26.160281,11.062405,0.50963452,0.48617999,19.455862,9.4590506,0.70996712,0.52926088,19.967561,10.568049
experiment_0a_best,file,16,,10212,174.Palm_Warbler/Palm_Warbler_0054_169175.jpg,174,173,174.Palm_Warbler,173,172,color_jitter,color_jitter,0,"{""brightness"":0.96123,""contrast"":1.331492,""hue"":-0.093745,""saturation"":1.055467}",0.30999458,3.0254149,2.7154204,0.73345095,0.048537686,0.055218335,0.01109946,0.67823261,0.037438227,-0.64079439,0.61868481,3.6711957,45.632711,167.52661,False,0.85084665,False,True,False,0.61868481,3.6711957,45.632711,167.52661,0.61409283,3.6786648,45.004618,165.55691,0.79766672,3.39478,7.5451053,25.613973,0.56150414,4.6035822,9.4929952,43.701783,0.59088692,3.1538238,21.76475,68.642187,0.69131371,3.7737246,26.160281,98.721698,0.528403,3.9138936,19.455862,76.148172,0.61664496,3.6263015,19.967561,72.408397
experiment_0a_best,file,16,,10212,174.Palm_Warbler/Palm_Warbler_0054_169175.jpg,174,173,174.Palm_Warbler,173,172,rotation,rotation,0,"{""angle"":-8.743628}",0.30999458,0.052296098,-0.25769848,0.73345095,0.9490478,0.055218335,0.0017155748,0.67823261,0.94733223,0.26909962,0.70771725,0.18706446,45.632711,8.5362582,False,0.9433654,True,True,True,0.70771725,0.18706446,45.632711,8.5362582,0.70128776,0.18638869,45.004618,8.388352,0.91580925,0.20969459,7.5451053,1.5821677,0.72457487,0.16833338,9.4929952,1.597988,0.65031031,0.17821527,21.76475,3.8788109,0.7217363,0.17995948,26.160281,4.7077906,0.65424228,0.19159376,19.455862,3.7276217,0.76601503,0.20470456,19.967561,4.0874508
experiment_0a_best,file,16,,10212,174.Palm_Warbler/Palm_Warbler_0054_169175.jpg,174,173,174.Palm_Warbler,173,172,random_resized_crop,random_resized_crop,0,"{""area_fraction"":0.726663,""aspect"":0.964088,""fallback"":false,""height"":0.868176,""left"":0.001696,""top"":0.101583,""width"":0.836999}",0.30999458,0.056313261,-0.25368132,0.73345095,0.945243,0.055218335,0.0011993046,0.67823261,0.9440437,0.26581108,0.51911451,0.16930868,45.632711,7.7260139,False,0.95118248,True,True,True,0.51911451,0.16930868,45.632711,7.7260139,0.50575986,0.16706711,45.004618,7.5187916,0.88581957,0.23556672,7.5451053,1.7773757,0.39589023,0.12378962,9.4929952,1.1751343,0.34685778,0.1511028,21.76475,3.2887148,0.4752481,0.1554679,26.160281,4.0670841,0.5215491,0.17227671,19.455862,3.3517918,0.7054216,0.20380021,19.967561,4.0693931
experiment_0a_best,file,16,,10212,174.Palm_Warbler/Palm_Warbler_0054_169175.jpg,174,173,174.Palm_Warbler,173,172,gaussian_blur,gaussian_blur,0,"{""sigma"":1.588977}",0.30999458,4.341229,4.0312344,0.73345095,0.013020515,0.055218335,0.0035089359,0.67823261,0.0095115795,-0.66872103,0.48994425,3.5963156,45.632711,164.10963,False,0.77021813,False,True,False,0.48994425,3.5963156,45.632711,164.10963,0.48301429,3.6000443,45.004618,162.01862,0.74677131,3.4610419,7.5451053,26.113926,0.31280572,4.0743232,9.4929952,38.67753,0.40281489,3.3727314,21.76475,73.406656,0.55699131,3.8644521,26.160281,101.09515,0.4415249,3.527464,19.455862,68.629851,0.527082,3.3352963,19.967561,66.597732
experiment_0a_best,file,16,,10212,174.Palm_Warbler/Palm_Warbler_0054_169175.jpg,174,173,174.Palm_Warbler,173,172,random_erasing,random_erasing,0,"{""area_fraction"":0.147506,""erased"":true,""height"":0.574717,""left"":0.382874,""top"":0.235509,""width"":0.256659}",0.30999458,7.2744131,6.9644185,0.73345095,0.00069304701,0.055218335,0.0066526039,0.67823261,-0.0059595568,-0.68419217,0.40663024,2.9000382,45.632711,132.33661,False,0.68420368,False,True,False,0.40663024,2.9000382,45.632711,132.33661,0.39750675,2.8607074,45.004618,128.74505,0.65956177,4.0584889,7.5451053,30.621726,0.34246979,2.1358477,9.4929952,20.275592,0.36572379,2.3103202,21.76475,50.283541,0.43641589,2.6386793,26.160281,69.028591,0.37897758,3.025191,19.455862,58.857697,0.41886114,3.6824445,19.967561,73.529435
experiment_0a_best,file,16,,6587,113.Baird_Sparrow/Baird_Sparrow_0045_794571.jpg,113,112,113.Baird_Sparrow,115,114,identity,identity,0,{},0.021820001,0.021820001,0,0.97841632,0.97841632,0.01400182,0.01400182,0.9644145,0.9644145,0,1,1,4.2503132,4.2503132,False,1,True,True,True,1,1,4.2503132,4.2503132,1,1,4.170869,4.170869,1,1,0.8179329,0.8179329,1,1,1.0630239,1.0630239,1,1,1.9323569,1.9323569,1,1,2.3966012,2.3966012,1,1,1.9340081,1.9340081,1,1,1.7458639,1.7458639
experiment_0a_best,file,16,,6587,113.Baird_Sparrow/Baird_Sparrow_0045_794571.jpg,113,112,113.Baird_Sparrow,115,114,horizontal_flip,horizontal_flip,0,"{""flipped"":true}",0.021820001,0.0046820533,-0.017137948,0.97841632,0.9953289,0.01400182,0.0018152606,0.9644145,0.99351364,0.029099139,0.62962731,0.21472739,4.2503132,0.91265866,False,0.97408497,True,True,True,0.62962731,0.21472739,4.2503132,0.91265866,0.61777092,0.21488487,4.170869,0.89625664,0.94433458,0.21059116,0.8179329,0.17224944,0.81379184,0.21052529,1.0630239,0.22379343,0.44475134,0.2176282,1.9323569,0.42053535,0.62067758,0.22090454,2.3966012,0.52942009,0.61523568,0.20814402,1.9340081,0.40255223,0.76326391,0.20967946,1.7458639,0.36607179
experiment_0a_best,file,16,,6587,113.Baird_Sparrow/Baird_Sparrow_0045_794571.jpg,113,112,113.Baird_Sparrow,115,114,color_jitter,color_jitter,0,"{""brightness"":1.318976,""contrast"":1.293288,""hue"":-0.057275,""saturation"":1.073505}",0.021820001,0.0092169745,-0.012603027,0.97841632,0.99082536,0.01400182,0.001093615,0.9644145,0.98973174,0.025317237,0.38114694,0.34017856,4.2503132,1.4458654,False,0.92309576,True,True,True,0.38114694,0.34017856,4.2503132,1.4458654,0.36383561,0.33791881,4.170869,1.4094151,0.77117284,0.39441867,0.8179329,0.32260801,0.21342264,0.28581816,1.0630239,0.30383155,0.23336706,0.30655099,1.9323569,0.59236592,0.31217678,0.34021046,2.3966012,0.81534879,0.40268053,0.35459017,1.9340081,0.68578026,0.59052175,0.36593201,1.7458639,0.63886749
experiment_0a_best,file,16,,6587,113.Baird_Sparrow/Baird_Sparrow_0045_794571.jpg,113,112,113.Baird_Sparrow,115,114,rotation,rotation,0,"{""angle"":5.522332}",0.021820001,0.02403038,0.0022103786,0.97841632,0.97625607,0.01400182,0.014675793,0.9644145,0.96158028,-0.0028342241,0.83101664,1.1714899,4.2503132,4.9791988,False,0.98109818,True,True,True,0.83101664,1.1714899,4.2503132,4.9791988,0.82567997,1.173969,4.170869,4.8964711,0.97990281,1.1050734,0.8179329,0.90387592,0.86629227,1.2243912,1.0630239,1.3015571,0.78169044,1.1973728,1.9323569,2.3137515,0.82410712,1.226053,2.3966012,2.93836,0.82996514,1.1229105,1.9340081,2.171718,0.872011,1.0833938,1.7458639,1.8914582
experiment_0a_best,file,16,,6587,113.Baird_Sparrow/Baird_Sparrow_0045_794571.jpg,113,112,113.Baird_Sparrow,115,114,random_resized_crop,random_resized_crop,0,"{""area_fraction"":0.720446,""aspect"":0.978835,""fallback"":false,""height"":0.857918,""left"":0.147278,""top"":0.079225,""width"":0.839761}",0.021820001,0.01653257,-0.0052874312,0.97841632,0.98360336,0.01400182,0.0023593411,0.9644145,0.98124402,0.016829514,0.6746722,0.7132077,4.2503132,3.0313561,False,0.96749669,True,True,True,0.6746722,0.7132077,4.2503132,3.0313561,0.66857439,0.7118953,4.170869,2.969222,0.82660822,0.74652406,0.8179329,0.6106066,0.78126535,0.55670923,1.0630239,0.59179523,0.66654757,0.66870685,1.9323569,1.2921803,0.65502239,0.76673364,2.3966012,1.8375547,0.63812214,0.69183641,1.9340081,1.3380172,0.71257071,0.73115175,1.7458639,1.2764914
experiment_0a_best,file,16,,6587,113.Baird_Sparrow/Baird_Sparrow_0045_794571.jpg,113,112,113.Baird_Sparrow,115,114,gaussian_blur,gaussian_blur,0,"{""sigma"":1.667431}",0.021820001,0.38685384,0.36503384,0.97841632,0.67919034,0.01400182,0.021537593,0.9644145,0.65765275,-0.30676176,0.48363876,15.31488,4.2503132,65.093035,False,0.88877958,True,True,True,0.48363876,15.31488,4.2503132,65.093035,0.47647798,15.442536,4.170869,64.408793,0.75394196,11.50867,0.8179329,9.4133202,0.67989779,15.743683,1.0630239,16.735912,0.42445017,14.935041,1.9323569,28.859828,0.46941149,16.785354,2.3966012,40.227799,0.4116446,14.466348,1.9340081,27.978035,0.56178632,14.427589,1.7458639,25.188607
experiment_0a_best,file,16,,6587,113.Baird_Sparrow/Baird_Sparrow_0045_794571.jpg,113,112,113.Baird_Sparrow,115,114,random_erasing,random_erasing,0,"{""area_fraction"":0.087091,""erased"":true,""height"":0.421125,""left"":0.621093,""top"":0.528867,""width"":0.206805}",0.021820001,0.018612847,-0.0032071546,0.97841632,0.98155928,0.01400182,0.011617085,0.9644145,0.96994219,0.0055276882,0.9330494,0.86642651,4.2503132,3.682584,False,0.98935384,True,True,True,0.9330494,0.86642651,4.2503132,3.682584,0.93098424,0.86440338,4.170869,3.6053133,0.98523475,0.91746827,0.8179329,0.75042749,0.96252501,0.82996473,1.0630239,0.88227238,0.92741858,0.87208812,1.9323569,1.6851855,0.94285929,0.86811639,2.3966012,2.0805288,0.9145041,0.84963899,1.9340081,1.6432087,0.92232977,0.87830049,1.7458639,1.5333931
experiment_0a_best,file,16,,6137,105.Whip_poor_Will/Whip_Poor_Will_0003_796409.jpg,105,104,105.Whip_poor_Will,22,21,identity,identity,0,{},0.10233324,0.10233324,0,0.90272868,0.90272868,0.081183575,0.081183575,0.8215451,0.8215451,0,1,1,26.964115,26.964115,False,1,True,True,True,1,1,26.964115,26.964115,1,1,26.62337,26.62337,1,1,4.2731341,4.2731341,1,1,4.8639746,4.8639746,1,1,11.394401,11.394401,1,1,15.80698,15.80698,1,1,13.296608,13.296608,1,1,11.34252,11.34252
experiment_0a_best,file,16,,6137,105.Whip_poor_Will/Whip_Poor_Will_0003_796409.jpg,105,104,105.Whip_poor_Will,22,21,horizontal_flip,horizontal_flip,0,"{""flipped"":true}",0.10233324,0.66803861,0.56570537,0.90272868,0.51271319,0.081183575,0.25815469,0.8215451,0.2545585,-0.5669866,0.75540099,4.2757441,26.964115,115.29165,False,0.96704853,True,True,True,0.75540099,4.2757441,26.964115,115.29165,0.75137005,4.2766169,26.62337,113.85795,0.91318607,4.2417217,4.2731341,18.125446,0.70928152,4.087173,4.8639746,19.879906,0.72717947,4.163942,11.394401,47.445626,0.77332272,4.5836423,15.80698,72.453543,0.73855416,4.0711188,13.296608,54.132072,0.76019703,4.0761243,11.34252,46.233523
experiment_0a_best,file,16,,6137,105.Whip_poor_Will/Whip_Poor_Will_0003_796409.jpg,105,104,105.Whip_poor_Will,22,21,color_jitter,color_jitter,0,"{""brightness"":0.965609,""contrast"":0.790348,""hue"":-0.049851,""saturation"":1.152035}",0.10233324,1.0830772,0.98074395,0.90272868,0.33855215,0.081183575,0.56797528,0.8215451,-0.22942314,-1.0509682,0.83491569,6.5826104,26.964115,177.49426,False,0.92740178,False,True,False,0.83491569,6.5826104,26.964115,177.49426,0.83281763,6.5954538,26.62337,175.59321,0.92639956,6.0630626,4.2731341,25.90828,0.80783297,6.8560825,4.8639746,33.347811,0.78376312,7.0306038,11.394401,80.109521,0.87159427,6.4144158,15.80698,101.39255,0.82878013,6.6150931,13.296608,87.958303,0.82536978,6.410093,11.34252,72.70661
experiment_0a_best,file,16,,6137,105.Whip_poor_Will/Whip_Poor_Will_0003_796409.jpg,105,104,105.Whip_poor_Will,22,21,rotation,rotation,0,"{""angle"":-7.557303}",0.10233324,0.57358205,0.47124881,0.90272868,0.56350332,0.081183575,0.38314149,0.8215451,0.18036184,-0.64118326,0.84287254,4.4263312,26.964115,119.3521,False,0.96248919,True,True,True,0.84287254,4.4263312,26.964115,119.3521,0.8402761,4.4376472,26.62337,118.14512,0.96105266,3.9621712,4.2731341,16.930889,0.82983753,5.2737434,4.8639746,25.651354,0.77981919,4.6354796,11.394401,52.818516,0.87241033,4.5066564,15.80698,71.236629,0.83599469,4.2665604,13.296608,56.730783,0.85596337,4.1516113,11.34252,47.089736
experiment_0a_best,file,16,,6137,105.Whip_poor_Will/Whip_Poor_Will_0003_796409.jpg,105,104,105.Whip_poor_Will,22,21,random_resized_crop,random_resized_crop,0,"{""area_fraction"":0.519549,""aspect"":1.077687,""fallback"":false,""height"":0.694331,""left"":0.090847,""top"":0.025079,""width"":0.748272}",0.10233324,0.039343089,-0.062990151,0.90272868,0.96142077,0.081183575,0.014644043,0.8215451,0.94677673,0.12523163,0.59790882,0.31974953,26.964115,8.6217631,False,0.92678964,True,True,True,0.59790882,0.31974953,26.964115,8.6217631,0.59111086,0.31996461,26.62337,8.5185361,0.86936982,0.31128572,4.2731341,1.3301656,0.33018645,0.33902613,4.8639746,1.6490145,0.46340653,0.30220475,11.394401,3.4434423,0.58698953,0.29955368,15.80698,4.7350391,0.62766503,0.32679731,13.296608,4.3452958,0.71286423,0.36014383,11.34252,4.0849386
experiment_0a_best,file,16,,6137,105.Whip_poor_Will/Whip_Poor_Will_0003_796409.jpg,105,104,105.Whip_poor_Will,22,21,gaussian_blur,gaussian_blur,0,"{""sigma"":1.302931}",0.10233324,0.10034903,-0.0019842088,0.90272868,0.90452164,0.081183575,0.01946203,0.8215451,0.88505961,0.063514512,0.44073957,0.75743429,26.964115,20.423545,False,0.90339935,True,True,True,0.44073957,0.75743429,26.964115,20.423545,0.43286145,0.75936082,26.62337,20.216744,0.78576842,0.67843553,4.2731341,2.899046,0.33269727,0.68495615,4.8639746,3.3316093,0.30590624,0.79789505,11.394401,9.0915365,0.38275983,0.72880119,15.80698,11.520146,0.46041036,0.74807855,13.296608,9.9469075,0.6308327,0.8046916,11.34252,9.1272307
experiment_0a_best,file,16,,6137,105.Whip_poor_Will/Whip_Poor_Will_0003_796409.jpg,105,104,105.Whip_poor_Will,22,21,random_erasing,random_erasing,0,"{""area_fraction"":0.17098,""erased"":true,""height"":0.424277,""left"":0.232784,""top"":0.297023,""width"":0.402992}",0.10233324,0.83980197,0.73746873,0.90272868,0.43179601,0.081183575,0.45939818,0.8215451,-0.027602166,-0.84914727,0.67258714,4.3506621,26.964115,117.31175,False,0.87062067,False,True,False,0.67258714,4.3506621,26.964115,117.31175,0.66701823,4.3310314,26.62337,115.30665,0.86563065,5.0541003,4.2731341,21.596848,0.75744755,4.8095951,4.8639746,23.393749,0.56998523,3.8671118,11.394401,44.063424,0.66801319,4.3272827,15.80698,68.401273,0.67213595,4.2382834,13.296608,56.354795,0.72915446,4.7902853,11.34252,54.333909
experiment_0a_best,file,16,,11074,189.Red_bellied_Woodpecker/Red_Bellied_Woodpecker_0066_182253.jpg,189,188,189.Red_bellied_Woodpecker,36,35,identity,identity,0,{},0.00092582748,0.00092582748,0,0.99907458,0.99907458,0.00027970024,0.00027970024,0.99879488,0.99879488,0,1,1,0.1282414,0.1282414,False,0.99999994,True,True,True,1,1,0.1282414,0.1282414,1,1,0.125078,0.125078,1,1,0.028308104,0.028308104,1,1,0.018711719,0.018711719,1,1,0.046105859,0.046105859,1,1,0.059630262,0.059630262,1,1,0.058797444,0.058797444,1,1,0.078458401,0.078458401
experiment_0a_best,file,16,,11074,189.Red_bellied_Woodpecker/Red_Bellied_Woodpecker_0066_182253.jpg,189,188,189.Red_bellied_Woodpecker,36,35,horizontal_flip,horizontal_flip,0,"{""flipped"":true}",0.00092582748,0.0015712547,0.00064542721,0.99907458,0.99842995,0.00027970024,0.00039029054,0.99879488,0.99803966,-0.00075521454,0.66322267,1.6184455,0.1282414,0.20755171,False,0.98274344,True,True,True,0.66322267,1.6184455,0.1282414,0.20755171,0.64709502,1.6186759,0.125078,0.20246074,0.97900451,1.6139417,0.028308104,0.045687631,0.30240251,1.8400747,0.018711719,0.034430961,0.58092238,1.6781881,0.046105859,0.077374306,0.63552806,1.5688779,0.059630262,0.093552601,0.57274201,1.6432835,0.058797444,0.096620868,0.74390915,1.5985654,0.078458401,0.12542088
experiment_0a_best,file,16,,11074,189.Red_bellied_Woodpecker/Red_Bellied_Woodpecker_0066_182253.jpg,189,188,189.Red_bellied_Woodpecker,36,35,color_jitter,color_jitter,0,"{""brightness"":1.069032,""contrast"":1.172644,""hue"":-0.016749,""saturation"":1.374802}",0.00092582748,0.0010737375,0.00014791003,0.99907458,0.99892682,0.00027970024,0.00029186191,0.99879488,0.99863496,-0.00015992159,0.90193372,1.106602,0.1282414,0.14191219,False,0.98834956,True,True,True,0.90193372,1.106602,0.1282414,0.14191219,0.89740113,1.1042979,0.125078,0.13812338,0.987581,1.1506605,0.028308104,0.032573017,0.7740549,1.1749449,0.018711719,0.021985238,0.87529428,1.0080038,0.046105859,0.046474883,0.88898011,1.062388,0.059630262,0.063350475,0.87477307,1.1227223,0.058797444,0.0660132,0.93054816,1.1445369,0.078458401,0.089798533
experiment_0a_best,file,16,,11074,189.Red_bellied_Woodpecker/Red_Bellied_Woodpecker_0066_182253.jpg,189,188,189.Red_bellied_Woodpecker,36,35,rotation,rotation,0,"{""angle"":13.552226}",0.00092582748,0.00038747431,-0.00053835317,0.99907458,0.99961263,0.00027970024,0.00013922548,0.99879488,0.9994734,0.00067852589,0.74893587,0.44041627,0.1282414,0.056479597,False,0.97318012,True,True,True,0.74893587,0.44041627,0.1282414,0.056479597,0.73752218,0.44016847,0.125078,0.055055393,0.96927732,0.44522645,0.028308104,0.012603517,0.60232734,0.60523657,0.018711719,0.011325017,0.68968603,0.43395639,0.046105859,0.020007932,0.72955331,0.46230087,0.059630262,0.027567122,0.64953671,0.42559401,0.058797444,0.02502384,0.82393313,0.42586052,0.078458401,0.033412335
experiment_0a_best,file,16,,11074,189.Red_bellied_Woodpecker/Red_Bellied_Woodpecker_0066_182253.jpg,189,188,189.Red_bellied_Woodpecker,36,35,random_resized_crop,random_resized_crop,0,"{""area_fraction"":0.878776,""aspect"":0.91881,""fallback"":false,""height"":0.977972,""left"":0.050017,""top"":0.006348,""width"":0.89857}",0.00092582748,0.0010166959,9.0868387e-05,0.99907458,0.9989838,0.00027970024,0.00040275307,0.99879488,0.99858105,-0.0002138307,0.88578823,1.1622662,0.1282414,0.14905064,False,0.99399066,True,True,True,0.88578823,1.1622662,0.1282414,0.14905064,0.88060642,1.1638417,0.125078,0.145571,0.99022688,1.1310677,0.028308104,0.032018383,0.75919812,1.1127648,0.018711719,0.020821742,0.83225293,1.1410926,0.046105859,0.052611052,0.86604938,1.2782904,0.059630262,0.076224793,0.85777405,1.1763985,0.058797444,0.069169227,0.93291371,1.0960368,0.078458401,0.085993294
experiment_0a_best,file,16,,11074,189.Red_bellied_Woodpecker/Red_Bellied_Woodpecker_0066_182253.jpg,189,188,189.Red_bellied_Woodpecker,36,35,gaussian_blur,gaussian_blur,0,"{""sigma"":1.964457}",0.00092582748,0.85085195,0.84992613,0.99907458,0.42705095,0.00027970024,0.22046554,0.99879488,0.20658541,-0.79220947,0.51373516,917.08522,0.1282414,117.60829,False,0.81234181,True,True,True,0.51373516,917.08522,0.1282414,117.60829,0.50723241,931.95469,0.125078,116.56703,0.79822967,551.61849,0.028308104,15.615274,0.21303204,1381.4269,0.018711719,25.848873,0.51228215,1121.1411,0.046105859,51.691175,0.55194422,1238.5649,0.059630262,73.85595,0.4943283,880.60484,0.058797444,51.777314,0.59231942,585.76289,0.078458401,45.95802
experiment_0a_best,file,16,,11074,189.Red_bellied_Woodpecker/Red_Bellied_Woodpecker_0066_182253.jpg,189,188,189.Red_bellied_Woodpecker,36,35,random_erasing,random_erasing,0,"{""area_fraction"":0.108165,""erased"":true,""height"":0.248075,""left"":0.541419,""top"":0.648575,""width"":0.436018}",0.00092582748,0.00099716522,7.1337738e-05,0.99907458,0.99900335,0.00027970024,0.00033004305,0.99879488,0.99867331,-0.00012157037,0.96201684,1.1178546,0.1282414,0.14335523,False,0.99198681,True,True,True,0.96201684,1.1178546,0.1282414,0.14335523,0.96055451,1.1187055,0.125078,0.13992545,0.99113688,1.1011106,0.028308104,0.031170353,0.92957628,1.0988402,0.018711719,0.020561189,0.94889708,1.1568231,0.046105859,0.053336325,0.95632775,1.1489663,0.059630262,0.068513163,0.95672975,1.1079941,0.058797444,0.065147221,0.9719857,1.0944456,0.078458401,0.08586845
experiment_0a_best,file,16,,7561,129.Song_Sparrow/Song_Sparrow_0135_121261.jpg,129,128,129.Song_Sparrow,131,130,identity,identity,0,{},0.06334506,0.06334506,0,0.93861955,0.93861955,0.024065202,0.024065202,0.91455435,0.91455435,0,1,1,15.207948,15.207948,False,1,True,True,True,1,1,15.207948,15.207948,1,1,15.029626,15.029626,1,1,2.3220723,2.3220723,1,1,2.4348682,2.4348682,1,1,8.1567188,8.1567188,1,1,8.6151669,8.6151669,1,1,6.8602076,6.8602076,1,1,5.6696968,5.6696968
experiment_0a_best,file,16,,7561,129.Song_Sparrow/Song_Sparrow_0135_121261.jpg,129,128,129.Song_Sparrow,131,130,horizontal_flip,horizontal_flip,0,"{""flipped"":true}",0.06334506,0.098408952,0.035063893,0.93861955,0.90627819,0.024065202,0.023990102,0.91455435,0.88228809,-0.032266261,0.64894142,1.5033711,15.207948,22.86319,False,0.95791852,True,True,True,0.64894142,1.5033711,15.207948,22.86319,0.64480129,1.5059462,15.029626,22.633809,0.83868349,1.3912156,2.3220723,3.2305032,0.51188485,1.4889061,2.4348682,3.6252902,0.75733262,1.7596188,8.1567188,14.352716,0.62103579,1.4570257,8.6151669,12.552519,0.50357355,1.3008354,6.8602076,8.9240012,0.66446855,1.3192022,5.6696968,7.4794766
experiment_0a_best,file,16,,7561,129.Song_Sparrow/Song_Sparrow_0135_121261.jpg,129,128,129.Song_Sparrow,131,130,color_jitter,color_jitter,0,"{""brightness"":0.984724,""contrast"":0.669906,""hue"":0.054646,""saturation"":0.659232}",0.06334506,2.677316,2.6139709,0.93861955,0.068747431,0.024065202,0.57151574,0.91455435,-0.50276831,-1.4173227,0.66553801,15.552504,15.207948,236.52166,False,0.88211823,False,True,False,0.66553801,15.552504,15.207948,236.52166,0.66201592,15.591239,15.029626,234.33049,0.83652178,13.832627,2.3220723,32.120361,0.56768389,16.939524,2.4348682,41.245508,0.61985154,14.40895,8.1567188,117.52975,0.67795959,16.864487,8.6151669,145.29037,0.69802648,15.288783,6.8602076,104.88423,0.68076194,15.055502,5.6696968,85.360132
experiment_0a_best,file,16,,7561,129.Song_Sparrow/Song_Sparrow_0135_121261.jpg,129,128,129.Song_Sparrow,131,130,rotation,rotation,0,"{""angle"":0.751179}",0.06334506,0.047410313,-0.015934747,0.93861955,0.95369601,0.024065202,0.022085862,0.91455435,0.93161015,0.017055798,0.90186632,0.79446971,15.207948,12.082254,False,0.99037647,True,True,True,0.90186632,0.79446971,15.207948,12.082254,0.89998415,0.7951482,15.029626,11.95078,0.98440652,0.76550536,2.3220723,1.7775588,0.79741976,0.76611955,2.4348682,1.8654001,0.89815805,0.74489693,8.1567188,6.0759149,0.89794362,0.84758144,8.6151669,7.3020555,0.90319365,0.79058905,6.8602076,5.423605,0.9310714,0.78262539,5.6696968,4.4372486
experiment_0a_best,file,16,,7561,129.Song_Sparrow/Song_Sparrow_0135_121261.jpg,129,128,129.Song_Sparrow,131,130,random_resized_crop,random_resized_crop,0,"{""area_fraction"":0.654366,""aspect"":0.974766,""fallback"":false,""height"":0.819333,""left"":0.071243,""top"":0.098038,""width"":0.798658}",0.06334506,0.06421151,0.00086645037,0.93861955,0.93780661,0.024065202,0.015973862,0.91455435,0.92183274,0.0072783921,0.83211389,1.0979411,15.207948,16.697431,False,0.97585273,True,True,True,0.83211389,1.0979411,15.207948,16.697431,0.82928531,1.0994838,15.029626,16.524831,0.96012598,1.0312399,2.3220723,2.3946135,0.7018226,1.3446242,2.4348682,3.2739826,0.86603049,1.0842901,8.1567188,8.8442494,0.82919863,1.1096123,8.6151669,9.559495,0.80285746,1.1065141,6.8602076,7.5909165,0.82714709,1.0453083,5.6696968,5.9265809
experiment_0a_best,file,16,,7561,129.Song_Sparrow/Song_Sparrow_0135_121261.jpg,129,128,129.Song_Sparrow,131,130,gaussian_blur,gaussian_blur,0,"{""sigma"":1.494257}",0.06334506,4.684165,4.6208199,0.93861955,0.0092404494,0.024065202,0.14807871,0.91455435,-0.13883826,-1.0533926,0.44777834,16.633416,15.207948,252.96012,False,0.8459186,False,True,False,0.44777834,16.633416,15.207948,252.96012,0.44244184,16.660235,15.029626,250.3971,0.68977876,15.468169,2.3220723,35.918207,0.10783465,21.964293,2.4348682,53.480157,0.38344835,16.430039,8.1567188,134.01521,0.51115692,17.608376,8.6151669,151.6991,0.44666941,15.215085,6.8602076,104.37864,0.48202283,15.74694,5.6696968,89.280373
experiment_0a_best,file,16,,7561,129.Song_Sparrow/Song_Sparrow_0135_121261.jpg,129,128,129.Song_Sparrow,131,130,random_erasing,random_erasing,0,"{""area_fraction"":0.104664,""erased"":true,""height"":0.414773,""left"":0.093213,""top"":0.326643,""width"":0.252341}",0.06334506,0.064026475,0.0006814152,0.93861955,0.93798018,0.024065202,0.038134061,0.91455435,0.89984611,-0.014708238,0.92923161,1.1392202,15.207948,17.325202,False,0.9862473,True,True,True,0.92923161,1.1392202,15.207948,17.325202,0.92878781,1.1408295,15.029626,17.146241,0.95094921,1.0696292,2.3220723,2.4837562,0.8899817,1.1060513,2.4348682,2.693089,0.95712426,1.1529409,8.1567188,9.4042148,0.92188119,1.1591375,8.6151669,9.986163,0.918069,1.1192092,6.8602076,7.6780072,0.90855308,1.1102792,5.6696968,6.2949462
experiment_0a_best,file,16,,5796,099.Ovenbird/Ovenbird_0054_92594.jpg,99,98,099.Ovenbird,37,36,identity,identity,0,{},0.073313147,0.073313147,0,0.92930979,0.92930979,0.03485677,0.03485677,0.89445302,0.89445302,0,1,1,10.626208,10.626208,False,1.0000001,True,True,True,1,1,10.626208,10.626208,1,1,10.3919,10.3919,1,1,2.2191695,2.2191695,1,1,2.0723169,2.0723169,1,1,5.2460048,5.2460048,1,1,5.6706475,5.6706475,1,1,4.8355009,4.8355009,1,1,4.5429299,4.5429299
experiment_0a_best,file,16,,5796,099.Ovenbird/Ovenbird_0054_92594.jpg,99,98,099.Ovenbird,37,36,horizontal_flip,horizontal_flip,0,"{""flipped"":true}",0.073313147,0.084893048,0.011579901,0.92930979,0.91861051,0.03485677,0.03481723,0.89445302,0.88379328,-0.010659732,0.6996306,1.1170213,10.626208,11.8697,False,0.96647155,True,True,True,0.6996306,1.1170213,10.626208,11.8697,0.68809391,1.1184141,10.3919,11.622448,0.96044631,1.0860284,2.2191695,2.410081,0.70553984,1.1493575,2.0723169,2.381833,0.6614743,1.0903829,5.2460048,5.7201537,0.70094487,1.0527505,5.6706475,5.9697768,0.64409284,1.1757674,4.8355009,5.6854241,0.75320913,1.1797758,4.5429299,5.3596388
experiment_0a_best,file,16,,5796,099.Ovenbird/Ovenbird_0054_92594.jpg,99,98,099.Ovenbird,37,36,color_jitter,color_jitter,0,"{""brightness"":0.957141,""contrast"":1.027234,""hue"":-0.069727,""saturation"":1.121134}",0.073313147,0.11600126,0.042688109,0.92930979,0.89047408,0.03485677,0.0081844199,0.89445302,0.88228966,-0.012163354,0.56502464,1.3476886,10.626208,14.32082,False,0.9539237,True,True,True,0.56502464,1.3476886,10.626208,14.32082,0.5517934,1.3384151,10.3919,13.908676,0.82281918,1.5370416,2.2191695,3.4109557,0.38901119,1.475938,2.0723169,3.0586113,0.47626788,1.3599664,5.2460048,7.1343905,0.50458576,1.2051121,5.6706475,6.8337662,0.60477942,1.3219283,4.8355009,6.3921854,0.69133683,1.487027,4.5429299,6.7554596
experiment_0a_best,file,16,,5796,099.Ovenbird/Ovenbird_0054_92594.jpg,99,98,099.Ovenbird,37,36,rotation,rotation,0,"{""angle"":-14.427927}",0.073313147,0.13812576,0.064812616,0.92930979,0.87098914,0.03485677,0.01300141,0.89445302,0.85798773,-0.036465282,0.66710847,1.7483451,10.626208,18.578279,False,0.91898215,True,True,True,0.66710847,1.7483451,10.626208,18.578279,0.65952285,1.7532317,10.3919,18.219408,0.84669488,1.6375276,2.2191695,3.6339511,0.71163032,1.8630609,2.0723169,3.8608525,0.70316532,1.6246378,5.2460048,8.5228575,0.70714,1.8676054,5.6706475,10.590532,0.56360441,1.7098735,4.8355009,8.2680948,0.62619463,1.7593374,4.5429299,7.9925465
experiment_0a_best,file,16,,5796,099.Ovenbird/Ovenbird_0054_92594.jpg,99,98,099.Ovenbird,37,36,random_resized_crop,random_resized_crop,0,"{""area_fraction"":0.536305,""aspect"":0.846949,""fallback"":false,""height"":0.795751,""left"":0.014704,""top"":0.045989,""width"":0.67396}",0.073313147,1.0598894,0.98657629,0.92930979,0.34649411,0.03485677,0.15563348,0.89445302,0.19086063,-0.70359239,0.54167589,7.0284679,10.626208,74.685964,False,0.86212951,True,True,True,0.54167589,7.0284679,10.626208,74.685964,0.52687245,6.9890849,10.3919,72.629872,0.83439124,7.842517,2.2191695,17.403874,0.62518102,8.9458571,2.0723169,18.538651,0.59791777,6.6249297,5.2460048,34.754413,0.53195009,6.2638289,5.6706475,35.519966,0.37811223,6.6120716,4.8355009,31.972678,0.57451031,8.3519718,4.5429299,37.942423
experiment_0a_best,file,16,,5796,099.Ovenbird/Ovenbird_0054_92594.jpg,99,98,099.Ovenbird,37,36,gaussian_blur,gaussian_blur,0,"{""sigma"":1.001581}",0.073313147,0.087006271,0.013693124,0.92930979,0.91667134,0.03485677,0.022534665,0.89445302,0.89413667,-0.0003163442,0.71060121,1.2166943,10.626208,12.928847,False,0.94471633,True,True,True,0.71060121,1.2166943,10.626208,12.928847,0.70255025,1.2226919,10.3919,12.706092,0.91658487,1.0768103,2.2191695,2.3896245,0.59412208,1.2501701,2.0723169,2.5907487,0.69009502,1.1503173,5.2460048,6.0345703,0.72704027,1.3163346,5.6706475,7.4644695,0.65027593,1.1661877,4.8355009,5.6391015,0.76244415,1.2216089,4.5429299,5.5496836
experiment_0a_best,file,16,,5796,099.Ovenbird/Ovenbird_0054_92594.jpg,99,98,099.Ovenbird,37,36,random_erasing,random_erasing,0,"{""area_fraction"":0.19646,""erased"":true,""height"":0.488408,""left"":0.57647,""top"":0.234272,""width"":0.402246}",0.073313147,5.3134818,5.2401687,0.92930979,0.0049247495,0.03485677,0.24458355,0.89445302,-0.2396588,-1.1341118,0.19121087,11.097555,10.626208,117.92494,False,0.72516823,False,True,False,0.19121087,11.097555,10.626208,117.92494,0.16339011,10.946032,10.3919,113.75007,0.67325175,14.01426,2.2191695,31.100019,0.23810793,12.208111,2.0723169,25.299074,-0.10181586,9.3058824,5.2460048,48.818704,0.20414111,9.6439428,5.6706475,54.6874,0.19242478,11.019497,4.8355009,53.284786,0.32317547,14.070256,4.5429299,63.920185
experiment_0a_best,file,16,,2455,043.Yellow_bellied_Flycatcher/Yellow_Bellied_Flycatcher_0049_42593.jpg,43,42,043.Yellow_bellied_Flycatcher,102,101,identity,identity,0,{},1.9289562,1.9289562,0,0.14529981,0.14529981,0.27977881,0.27977881,-0.134479,-0.134479,0,1,1,168.76585,168.76585,False,1.0000001,True,False,False,1,1,168.76585,168.76585,1,1,166.00246,166.00246,1,1,30.415382,30.415382,1,1,54.68366,54.68366,1,1,82.315578,82.315578,1,1,86.246958,86.246958,1,1,76.250763,76.250763,1,1,67.364258,67.364258
experiment_0a_best,file,16,,2455,043.Yellow_bellied_Flycatcher/Yellow_Bellied_Flycatcher_0049_42593.jpg,43,42,043.Yellow_bellied_Flycatcher,102,101,horizontal_flip,horizontal_flip,0,"{""flipped"":true}",1.9289562,1.9944715,0.065515399,0.14529981,0.13608554,0.27977881,0.23441203,-0.134479,-0.098326489,0.036152512,0.4651422,1.1026825,168.76585,186.09515,False,0.95649922,True,False,False,0.4651422,1.1026825,168.76585,186.09515,0.45028757,1.104932,166.00246,183.42144,0.93925868,1.0334294,30.415382,31.43215,-0.29757725,0.9698247,54.68366,53.033564,0.41120895,1.1436449,82.315578,94.139793,0.48794805,1.1125031,86.246958,95.950012,0.59960335,1.1536455,76.250763,87.966348,0.69682127,1.0522012,67.364258,70.880753
experiment_0a_best,file,16,,2455,043.Yellow_bellied_Flycatcher/Yellow_Bellied_Flycatcher_0049_42593.jpg,43,42,043.Yellow_bellied_Flycatcher,102,101,color_jitter,color_jitter,0,"{""brightness"":0.624555,""contrast"":0.995681,""hue"":-0.095893,""saturation"":0.767727}",1.9289562,7.5415072,5.6125511,0.14529981,0.00053059729,0.27977881,0.31999373,-0.134479,-0.31946314,-0.18498414,0.65753573,0.98834368,168.76585,166.79866,False,0.8774581,False,False,False,0.65753573,0.98834368,168.76585,166.79866,0.65211749,0.97297425,166.00246,161.51612,0.80917937,1.3692206,30.415382,41.645366,0.78779196,1.0063371,54.68366,55.030198,0.60283077,0.89344987,82.315578,73.544843,0.67973039,0.89078475,86.246958,76.827475,0.65529515,0.98735679,76.250763,75.286708,0.60897196,1.1574787,67.364258,77.972695
experiment_0a_best,file,16,,2455,043.Yellow_bellied_Flycatcher/Yellow_Bellied_Flycatcher_0049_42593.jpg,43,42,043.Yellow_bellied_Flycatcher,102,101,rotation,rotation,0,"{""angle"":-2.28612}",1.9289562,2.8711195,0.94216335,0.14529981,0.056635484,0.27977881,0.18440694,-0.134479,-0.12777145,0.0067075491,0.80182808,1.0286674,168.76585,173.60393,False,0.9685396,False,False,False,0.80182808,1.0286674,168.76585,173.60393,0.79773715,1.0252853,166.00246,170.19989,0.91622931,1.1247599,30.415382,34.210003,0.89856409,0.98415809,54.68366,53.817366,0.83714562,1.0815981,82.315578,89.03237,0.73230507,1.0495325,86.246958,90.518989,0.79143107,0.96169315,76.250763,73.329836,0.79390127,1.0039625,67.364258,67.631188
experiment_0a_best,file,16,,2455,043.Yellow_bellied_Flycatcher/Yellow_Bellied_Flycatcher_0049_42593.jpg,43,42,043.Yellow_bellied_Flycatcher,102,101,random_resized_crop,random_resized_crop,0,"{""area_fraction"":0.624082,""aspect"":1.285854,""fallback"":false,""height"":0.696666,""left"":0.096464,""top"":0.215546,""width"":0.895812}",1.9289562,4.2415843,2.3126281,0.14529981,0.014384787,0.27977881,0.58748531,-0.134479,-0.57310053,-0.43862153,0.67491913,1.4381102,168.76585,242.70389,False,0.92401552,True,False,False,0.67491913,1.4381102,168.76585,242.70389,0.66968123,1.4462544,166.00246,240.08179,0.88265931,1.1697907,30.415382,35.579631,0.77352071,1.130644,54.68366,61.827754,0.63706916,1.5989102,82.315578,131.61522,0.70715628,1.5014503,86.246958,129.49552,0.65515957,1.4002013,76.250763,106.76642,0.64111021,1.3545198,67.364258,91.246223
experiment_0a_best,file,16,,2455,043.Yellow_bellied_Flycatcher/Yellow_Bellied_Flycatcher_0049_42593.jpg,43,42,043.Yellow_bellied_Flycatcher,102,101,gaussian_blur,gaussian_blur,0,"{""sigma"":1.861429}",1.9289562,3.4020061,1.47305,0.14529981,0.033306386,0.27977881,0.090121165,-0.134479,-0.056814779,0.077664223,0.41570424,0.85885881,168.76585,144.94604,False,0.81607032,False,False,False,0.41570424,0.85885881,168.76585,144.94604,0.40480114,0.86160596,166.00246,143.02871,0.78032468,0.77255996,30.415382,23.497706,0.22883058,0.59839315,54.68366,32.722328,0.43196444,0.75768035,82.315578,62.368896,0.41345001,0.99586183,86.246958,85.890053,0.39757184,0.89027642,76.250763,67.884256,0.46682938,0.87962744,67.364258,59.25545
experiment_0a_best,file,16,,2455,043.Yellow_bellied_Flycatcher/Yellow_Bellied_Flycatcher_0049_42593.jpg,43,42,043.Yellow_bellied_Flycatcher,102,101,random_erasing,random_erasing,0,"{""area_fraction"":0.171891,""erased"":true,""height"":0.746484,""left"":0.695711,""top"":0.090595,""width"":0.230267}",1.9289562,1.9080472,-0.020908952,0.14529981,0.14836983,0.27977881,0.21437059,-0.134479,-0.06600076,0.068478242,0.94962972,1.0220778,168.76585,172.49183,False,0.98891342,True,False,False,0.94962972,1.0220778,168.76585,172.49183,0.94845065,1.0220649,166.00246,169.66528,0.98473837,1.0224633,30.415382,31.098612,0.96631351,0.9974377,54.68366,54.543544,0.95087735,1.0312791,82.315578,84.890337,0.9506359,1.0271814,86.246958,88.591268,0.9427447,1.0155925,76.250763,77.439704,0.93727915,1.0241336,67.364258,68.99
experiment_0a_best,file,16,,10437,178.Swainson_Warbler/Swainson_Warbler_0034_794890.jpg,178,177,178.Swainson_Warbler,193,192,identity,identity,0,{},0.10875893,0.10875893,0,0.89694661,0.89694661,0.016352231,0.016352231,0.88059438,0.88059438,0,1,1,25.37578,25.37578,False,1,True,True,True,1,1,25.37578,25.37578,1,1,25.191996,25.191996,1,1,3.0485318,3.0485318,1,1,7.7561717,7.7561717,1,1,12.599059,12.599059,1,1,14.245309,14.245309,1,1,10.778004,10.778004,1,1,9.8309711,9.8309711
experiment_0a_best,file,16,,10437,178.Swainson_Warbler/Swainson_Warbler_0034_794890.jpg,178,177,178.Swainson_Warbler,193,192,horizontal_flip,horizontal_flip,0,"{""flipped"":true}",0.10875893,0.34712091,0.23836198,0.89694661,0.70671988,0.016352231,0.033945899,0.88059438,0.67277398,-0.2078204,0.63632298,2.941845,25.37578,74.65161,False,0.94326866,True,True,True,0.63632298,2.941845,25.37578,74.65161,0.63203312,2.9403854,25.191996,74.074179,0.92002936,3.0398542,3.0485318,9.267092,0.3758964,1.9425772,7.7561717,15.066962,0.66809189,2.9303347,12.599059,36.919458,0.61906863,3.027549,14.245309,43.128372,0.62119315,3.1514719,10.778004,33.966575,0.74267677,3.0228615,9.8309711,29.717664
experiment_0a_best,file,16,,10437,178.Swainson_Warbler/Swainson_Warbler_0034_794890.jpg,178,177,178.Swainson_Warbler,193,192,color_jitter,color_jitter,0,"{""brightness"":0.694304,""contrast"":1.263476,""hue"":-0.012129,""saturation"":0.639959}",0.10875893,0.18186134,0.073102407,0.89694661,0.83371693,0.016352231,0.043363746,0.88059438,0.79035318,-0.090241196,0.75259139,1.6844522,25.37578,42.744289,False,0.95176065,True,True,True,0.75259139,1.6844522,25.37578,42.744289,0.75013922,1.686658,25.191996,42.490282,0.9413471,1.5263026,3.0485318,4.6529818,0.78765821,2.2063248,7.7561717,17.112634,0.62942178,1.6600454,12.599059,20.915009,0.79969448,1.7107549,14.245309,24.370232,0.7687231,1.5608085,10.778004,16.822399,0.83482304,1.4321957,9.8309711,14.079874
experiment_0a_best,file,16,,10437,178.Swainson_Warbler/Swainson_Warbler_0034_794890.jpg,178,177,178.Swainson_Warbler,193,192,rotation,rotation,0,"{""angle"":-5.939162}",0.10875893,0.10366547,-0.0050934628,0.89694661,0.90152681,0.016352231,0.0081288824,0.88059438,0.89339793,0.012803548,0.86602188,0.92430996,25.37578,23.455086,False,0.95408934,True,True,True,0.86602188,0.92430996,25.37578,23.455086,0.8649799,0.92533777,25.191996,23.311105,0.94635714,0.85119193,3.0485318,2.5948856,0.87042284,0.96596381,7.7561717,7.4921811,0.86235459,0.98141496,12.599059,12.364904,0.88825433,0.92247411,14.245309,13.140929,0.83190246,0.89601691,10.778004,9.6572735,0.862809,0.84149049,9.8309711,8.2726687
experiment_0a_best,file,16,,10437,178.Swainson_Warbler/Swainson_Warbler_0034_794890.jpg,178,177,178.Swainson_Warbler,193,192,random_resized_crop,random_resized_crop,0,"{""area_fraction"":0.871476,""aspect"":0.987211,""fallback"":false,""height"":0.939556,""left"":0.002911,""top"":0.057836,""width"":0.92754}",0.10875893,0.081897609,-0.026861325,0.89694661,0.92136627,0.016352231,0.014027375,0.88059438,0.9073389,0.026744521,0.9046028,0.84952738,25.37578,21.55742,False,0.98238593,True,True,True,0.9046028,0.84952738,25.37578,21.55742,0.90375517,0.85086221,25.191996,21.434917,0.97672976,0.75279611,3.0485318,2.2949229,0.88282605,0.95437854,7.7561717,7.4023238,0.89014504,0.84486725,12.599059,10.644532,0.93249155,0.87120664,14.245309,12.410608,0.88430618,0.83383051,10.778004,8.9870283,0.9120917,0.76503064,9.8309711,7.5209941
experiment_0a_best,file,16,,10437,178.Swainson_Warbler/Swainson_Warbler_0034_794890.jpg,178,177,178.Swainson_Warbler,193,192,gaussian_blur,gaussian_blur,0,"{""sigma"":1.6368}",0.10875893,1.3536183,1.2448593,0.89694661,0.25830397,0.016352231,0.022094993,0.88059438,0.23620898,-0.6443854,0.57788513,7.2033501,25.37578,182.79063,False,0.86051822,True,True,True,0.57788513,7.2033501,25.37578,182.79063,0.57556053,7.2303991,25.191996,182.14819,0.84477705,5.0226864,3.0485318,15.311819,0.52079917,6.1610701,7.7561717,47.786318,0.36965507,7.9229025,12.599059,99.821113,0.65895671,7.312995,14.245309,104.17588,0.6685221,7.1020125,10.778004,76.545516,0.71055431,6.6065494,9.8309711,64.948796
experiment_0a_best,file,16,,10437,178.Swainson_Warbler/Swainson_Warbler_0034_794890.jpg,178,177,178.Swainson_Warbler,193,192,random_erasing,random_erasing,0,"{""area_fraction"":0.151889,""erased"":true,""height"":0.352855,""left"":0.201184,""top"":0.400526,""width"":0.430456}",0.10875893,2.0380502,1.9292912,0.89694661,0.13028251,0.016352231,0.0082621742,0.88059438,0.12202033,-0.75857405,0.74541692,8.4945148,25.37578,215.55494,False,0.89265871,False,True,False,0.74541692,8.4945148,25.37578,215.55494,0.74395417,8.4975466,25.191996,214.07016,0.84810561,8.2848608,3.0485318,25.256661,0.79129299,5.9110041,7.7561717,45.846763,0.76782008,8.4744362,12.599059,106.76992,0.76259192,8.6299278,14.245309,122.93599,0.68631804,8.9606339,10.778004,96.577744,0.74222655,9.0317239,9.8309711,88.790617
experiment_0a_best,file,16,,5857,100.Brown_Pelican/Brown_Pelican_0011_94683.jpg,100,99,100.Brown_Pelican,23,22,identity,identity,0,{},0.037720952,0.037720952,0,0.96298164,0.96298164,0.014238638,0.014238638,0.948743,0.948743,0,1,1,5.9977719,5.9977719,False,1,True,True,True,1,1,5.9977719,5.9977719,1,1,5.8919743,5.8919743,1,1,1.1215643,1.1215643,1,1,1.7135027,1.7135027,1,1,2.1080554,2.1080554,1,1,3.0153593,3.0153593,1,1,2.9964162,2.9964162,1,1,3.0437592,3.0437592
experiment_0a_best,file,16,,5857,100.Brown_Pelican/Brown_Pelican_0011_94683.jpg,100,99,100.Brown_Pelican,23,22,horizontal_flip,horizontal_flip,0,"{""flipped"":true}",0.037720952,0.02887048,-0.008850472,0.96298164,0.9715423,0.014238638,0.018400716,0.948743,0.95314158,0.0043985797,0.59844309,0.87392253,5.9977719,5.241588,False,0.9616791,True,True,True,0.59844309,0.87392253,5.9977719,5.241588,0.58494197,0.87020984,5.8919743,5.127254,0.93588115,0.97079741,1.1215643,1.0888117,0.53637032,0.60549985,1.7135027,1.0375257,0.39983834,0.88861364,2.1080554,1.8732468,0.59369353,0.82980908,3.0153593,2.5021725,0.56578041,0.88360448,2.9964162,2.6476467,0.69812208,0.95403266,3.0437592,2.9038457
experiment_0a_best,file,16,,5857,100.Brown_Pelican/Brown_Pelican_0011_94683.jpg,100,99,100.Brown_Pelican,23,22,color_jitter,color_jitter,0,"{""brightness"":1.049924,""contrast"":0.824736,""hue"":0.096753,""saturation"":0.868464}",0.037720952,0.83241856,0.79469761,0.96298164,0.43499595,0.014238638,0.03465559,0.948743,0.40034036,-0.54840264,0.6168411,13.875095,5.9977719,83.219656,False,0.89665824,True,True,True,0.6168411,13.875095,5.9977719,83.219656,0.60998352,13.942545,5.8919743,82.149115,0.84708434,11.863266,1.1215643,13.305416,0.71352137,11.821058,1.7135027,20.255415,0.43934335,17.152457,2.1080554,36.158329,0.57437022,13.297857,3.0153593,40.097817,0.62264354,13.621045,2.9964162,40.81432,0.71634507,13.771817,3.0437592,41.918096
experiment_0a_best,file,16,,5857,100.Brown_Pelican/Brown_Pelican_0011_94683.jpg,100,99,100.Brown_Pelican,23,22,rotation,rotation,0,"{""angle"":-3.363344}",0.037720952,0.19901523,0.16129428,0.96298164,0.8195374,0.014238638,0.073467009,0.948743,0.74607039,-0.20267261,0.83591639,4.771533,5.9977719,28.618566,False,0.97573411,True,True,True,0.83591639,4.771533,5.9977719,28.618566,0.83118848,4.7777326,5.8919743,28.150278,0.97212147,4.5971388,1.1215643,5.1559867,0.8869359,4.9827756,1.7135027,8.5379997,0.72179764,5.186543,2.1080554,10.93352,0.8211125,4.7930245,3.0153593,14.452691,0.83318677,4.636446,2.9964162,13.892722,0.88188076,4.6242769,3.0437592,14.075185
experiment_0a_best,file,16,,5857,100.Brown_Pelican/Brown_Pelican_0011_94683.jpg,100,99,100.Brown_Pelican,23,22,random_resized_crop,random_resized_crop,0,"{""area_fraction"":0.717751,""aspect"":0.772737,""fallback"":false,""height"":0.963765,""left"":0.042468,""top"":0.031551,""width"":0.744737}",0.037720952,0.16695125,0.1292303,0.96298164,0.84624088,0.014238638,0.051003691,0.948743,0.79523719,-0.15350582,0.77814831,3.6629358,5.9977719,21.969453,False,0.96348161,True,True,True,0.77814831,3.6629358,5.9977719,21.969453,0.77107783,3.6512352,5.8919743,21.512984,0.9601672,3.9722676,1.1215643,4.4551534,0.76077868,3.4083499,1.7135027,5.8402169,0.68210103,3.8865159,2.1080554,8.1929908,0.78662939,3.5208631,3.0153593,10.616667,0.76261866,3.6085688,2.9964162,10.812774,0.81378168,3.7738713,3.0437592,11.486755
experiment_0a_best,file,16,,5857,100.Brown_Pelican/Brown_Pelican_0011_94683.jpg,100,99,100.Brown_Pelican,23,22,gaussian_blur,gaussian_blur,0,"{""sigma"":1.858462}",0.037720952,1.4050715,1.3673505,0.96298164,0.24534951,0.014238638,0.42530257,0.948743,-0.17995305,-1.1286961,0.56492637,20.672328,5.9977719,123.98791,False,0.87497306,False,True,False,0.56492637,20.672328,5.9977719,123.98791,0.55454695,20.685175,5.8919743,121.87652,0.85668989,20.31456,1.1215643,22.784085,0.64837888,18.420914,1.7135027,31.564286,0.31258007,21.562469,2.1080554,45.454879,0.51377328,21.616245,3.0153593,65.180746,0.60702818,21.163858,2.9964162,63.415727,0.64705328,19.495951,3.0437592,59.34098
experiment_0a_best,file,16,,5857,100.Brown_Pelican/Brown_Pelican_0011_94683.jpg,100,99,100.Brown_Pelican,23,22,random_erasing,random_erasing,0,"{""area_fraction"":0.1362,""erased"":true,""height"":0.249001,""left"":0.099169,""top"":0.386937,""width"":0.546984}",0.037720952,0.19942518,0.16170422,0.96298164,0.81920153,0.014238638,0.030283999,0.948743,0.78891753,-0.15982547,0.69796446,4.7810268,5.9977719,28.675508,False,0.92802602,True,True,True,0.69796446,4.7810268,5.9977719,28.675508,0.69136813,4.7912964,5.8919743,28.230195,0.89373605,4.4883452,1.1215643,5.0339676,0.84440942,3.9035653,1.7135027,6.6887698,0.66519502,5.1564286,2.1080554,10.870037,0.66387794,4.4163831,3.0153593,13.316982,0.65368832,4.7852941,2.9964162,14.338733,0.7325325,5.2061619,3.0437592,15.846303
experiment_0a_best,file,16,,3092,054.Blue_Grosbeak/Blue_Grosbeak_0067_36965.jpg,54,53,054.Blue_Grosbeak,14,13,identity,identity,0,{},0.65999776,0.65999776,0,0.5168525,0.5168525,0.4807601,0.4807601,0.036092401,0.036092401,0,1,1,93.191027,93.191027,False,1,True,True,True,1,1,93.191027,93.191027,1,1,90.631859,90.631859,1,1,21.689482,21.689482,1,1,27.077073,27.077073,1,1,45.424026,45.424026,1,1,49.892685,49.892685,1,1,39.696481,39.696481,1,1,36.776804,36.776804
experiment_0a_best,file,16,,3092,054.Blue_Grosbeak/Blue_Grosbeak_0067_36965.jpg,54,53,054.Blue_Grosbeak,14,13,horizontal_flip,horizontal_flip,0,"{""flipped"":true}",0.65999776,0.8980149,0.23801714,0.5168525,0.40737757,0.4807601,0.58908254,0.036092401,-0.18170497,-0.21779737,0.79055624,1.2810699,93.191027,119.38422,False,0.9767226,False,True,False,0.79055624,1.2810699,93.191027,119.38422,0.78114468,1.2875866,90.631859,116.69637,0.97674499,1.1614044,21.689482,25.19026,0.92173132,1.2962483,27.077073,35.098611,0.79136245,1.3543362,45.424026,61.519401,0.78131631,1.3364938,49.892685,66.681263,0.72704166,1.2170995,39.696481,48.314567,0.75225858,1.1602663,36.776804,42.670887
experiment_0a_best,file,16,,3092,054.Blue_Grosbeak/Blue_Grosbeak_0067_36965.jpg,54,53,054.Blue_Grosbeak,14,13,color_jitter,color_jitter,0,"{""brightness"":1.155167,""contrast"":1.0139,""hue"":0.042887,""saturation"":0.97532}",0.65999776,0.52273917,-0.13725859,0.5168525,0.59289426,0.4807601,0.40497246,0.036092401,0.18792179,0.15182939,0.89880578,0.76736272,93.191027,71.51132,False,0.98492527,True,True,True,0.89880578,0.76736272,93.191027,71.51132,0.8936294,0.7621108,90.631859,69.071519,0.98493974,0.85387477,21.689482,18.520101,0.9092744,0.66324422,27.077073,17.958712,0.84288708,0.71079554,45.424026,32.287195,0.91742332,0.75178025,49.892685,37.508335,0.91307391,0.81856004,39.696481,32.493953,0.90417401,0.83506383,36.776804,30.710979
experiment_0a_best,file,16,,3092,054.Blue_Grosbeak/Blue_Grosbeak_0067_36965.jpg,54,53,054.Blue_Grosbeak,14,13,rotation,rotation,0,"{""angle"":2.257111}",0.65999776,1.1130536,0.4530558,0.5168525,0.32855415,0.4807601,0.66929138,0.036092401,-0.34073722,-0.37682962,0.90412241,1.5114339,93.191027,140.85208,False,0.98359352,False,True,False,0.90412241,1.5114339,93.191027,140.85208,0.89984584,1.5152909,90.631859,137.33363,0.98360807,1.4424261,21.689482,31.285474,0.92963118,1.4011695,27.077073,37.93957,0.90275932,1.51866,45.424026,68.983652,0.90502997,1.5516187,49.892685,77.414421,0.88905743,1.5261097,39.696481,60.581186,0.88512004,1.4891411,36.776804,54.765851
experiment_0a_best,file,16,,3092,054.Blue_Grosbeak/Blue_Grosbeak_0067_36965.jpg,54,53,054.Blue_Grosbeak,14,13,random_resized_crop,random_resized_crop,0,"{""area_fraction"":0.650784,""aspect"":1.236987,""fallback"":false,""height"":0.725331,""left"":0.082799,""top"":0.031776,""width"":0.897225}",0.65999776,1.7276471,1.0676493,0.5168525,0.17770205,0.4807601,0.81844151,0.036092401,-0.64073946,-0.67683186,0.81463124,1.5992109,93.191027,149.0321,False,0.96598959,False,True,False,0.81463124,1.5992109,93.191027,149.0321,0.80571753,1.5965433,90.631859,144.69769,0.96602363,1.6450909,21.689482,35.68117,0.89221786,1.5365918,27.077073,41.606408,0.85128587,1.6285154,45.424026,73.973727,0.81857025,1.6140294,49.892685,80.528258,0.72705399,1.528766,39.696481,60.686631,0.75598362,1.6238658,36.776804,59.720593
experiment_0a_best,file,16,,3092,054.Blue_Grosbeak/Blue_Grosbeak_0067_36965.jpg,54,53,054.Blue_Grosbeak,14,13,gaussian_blur,gaussian_blur,0,"{""sigma"":1.285089}",0.65999776,0.92049676,0.260499,0.5168525,0.39832109,0.4807601,0.59824115,0.036092401,-0.19992006,-0.23601246,0.72330658,1.3725766,93.191027,127.91182,False,0.95489454,False,True,False,0.72330658,1.3725766,93.191027,127.91182,0.71048851,1.374938,90.631859,124.61319,0.95493305,1.3306687,21.689482,28.861515,0.61801439,1.1173519,27.077073,30.254621,0.58286919,1.218902,45.424026,55.367437,0.78676287,1.4196954,49.892685,70.832414,0.71970981,1.5260449,39.696481,60.578614,0.78335324,1.4542899,36.776804,53.484135
experiment_0a_best,file,16,,3092,054.Blue_Grosbeak/Blue_Grosbeak_0067_36965.jpg,54,53,054.Blue_Grosbeak,14,13,random_erasing,random_erasing,0,"{""area_fraction"":0.188963,""erased"":true,""height"":0.54598,""left"":0.163131,""top"":0.261636,""width"":0.346099}",0.65999776,7.2139111,6.5539133,0.5168525,0.00073627179,0.4807601,0.012334819,0.036092401,-0.011598547,-0.047690948,0.26769328,1.3410418,93.191027,124.97306,False,0.57569855,False,True,False,0.26769328,1.3410418,93.191027,124.97306,0.25988719,1.3421109,90.631859,121.63801,0.40607084,1.322235,21.689482,28.678592,0.54600395,0.90911178,27.077073,24.616086,0.18501933,1.1909692,45.424026,54.098614,0.37344481,1.1590908,49.892685,57.830152,0.22510326,1.4336475,39.696481,56.910759,0.18300722,1.8601604,36.776804,68.410756
experiment_0a_best,file,16,,275,005.Crested_Auklet/Crested_Auklet_0075_785259.jpg,5,4,005.Crested_Auklet,89,88,identity,identity,0,{},5.6591616,5.6591616,0,0.0034854391,0.0034854391,0.62014198,0.62014198,-0.61665654,-0.61665654,0,1,1,199.19431,199.19431,False,1.0000001,True,False,False,1,1,199.19431,199.19431,1,1,197.14742,197.14742,1,1,28.482796,28.482796,1,1,44.498137,44.498137,1,1,108.45762,108.45762,1,1,98.566316,98.566316,1,1,91.076963,91.076963,1,1,84.342352,84.342352
experiment_0a_best,file,16,,275,005.Crested_Auklet/Crested_Auklet_0075_785259.jpg,5,4,005.Crested_Auklet,89,88,horizontal_flip,horizontal_flip,0,"{""flipped"":true}",5.6591616,5.4842839,-0.17487764,0.0034854391,0.0041515068,0.62014198,0.7222712,-0.61665654,-0.7181197,-0.10146315,0.76360375,1.0340478,199.19431,205.97643,False,0.9498316,True,False,False,0.76360375,1.0340478,199.19431,205.97643,0.75984425,1.0340063,197.14742,203.85167,0.94336708,1.0360322,28.482796,29.509093,0.73257193,0.98130271,44.498137,43.666142,0.82550684,0.98658023,108.45762,107.00214,0.72988847,1.0902109,98.566316,107.45807,0.69484515,1.0258493,91.076963,93.431237,0.78458887,1.055335,84.342352,89.009433
experiment_0a_best,file,16,,275,005.Crested_Auklet/Crested_Auklet_0075_785259.jpg,5,4,005.Crested_Auklet,89,88,color_jitter,color_jitter,0,"{""brightness"":0.943497,""contrast"":1.264143,""hue"":-0.007123,""saturation"":0.697073}",5.6591616,6.3396578,0.68049622,0.0034854391,0.0017649059,0.62014198,0.80237073,-0.61665654,-0.80060582,-0.18394928,0.89802281,1.065051,199.19431,212.1521,False,0.97181576,True,False,False,0.89802281,1.065051,199.19431,212.1521,0.89662183,1.063765,197.14742,209.71851,0.96286615,1.1249418,28.482796,32.041489,0.85516327,1.0655663,44.498137,47.415714,0.91264381,1.0056948,108.45762,109.07526,0.89875849,1.0579589,98.566316,104.27911,0.88879503,1.1058102,91.076963,100.71383,0.89386871,1.1134191,84.342352,93.908384
experiment_0a_best,file,16,,275,005.Crested_Auklet/Crested_Auklet_0075_785259.jpg,5,4,005.Crested_Auklet,89,88,rotation,rotation,0,"{""angle"":13.39445}",5.6591616,4.6859527,-0.9732089,0.0034854391,0.0092239445,0.62014198,0.31296524,-0.61665654,-0.3037413,0.31291524,0.62466787,0.74944949,199.19431,149.28607,False,0.88201463,True,False,False,0.62466787,0.74944949,199.19431,149.28607,0.61939086,0.74460387,197.14742,146.79673,0.84080261,0.95316154,28.482796,27.148706,0.56936053,0.53536244,44.498137,23.822631,0.62643794,0.57215213,108.45762,62.054257,0.62705031,0.8426083,98.566316,83.052796,0.63501239,0.81115566,91.076963,73.877594,0.63482642,0.81932761,84.342352,69.104018
experiment_0a_best,file,16,,275,005.Crested_Auklet/Crested_Auklet_0075_785259.jpg,5,4,005.Crested_Auklet,89,88,random_resized_crop,random_resized_crop,0,"{""area_fraction"":0.515796,""aspect"":1.27259,""fallback"":false,""height"":0.636641,""left"":0.013303,""top"":0.345703,""width"":0.810183}",5.6591616,5.4856954,-0.17346621,0.0034854391,0.0041456507,0.62014198,0.2233196,-0.61665654,-0.21917395,0.39748259,0.46015731,0.95570021,199.19431,190.37004,False,0.82665122,False,False,False,0.46015731,0.95570021,199.19431,190.37004,0.45377713,0.95191841,197.14742,187.66825,0.72556313,1.1220469,28.482796,31.959033,0.26547576,1.3707003,44.498137,60.993611,0.42659771,0.84407154,108.45762,91.545989,0.47195218,0.98101389,98.566316,96.694925,0.47557847,0.92210554,91.076963,83.982572,0.53490113,0.97161362,84.342352,81.948178
experiment_0a_best,file,16,,275,005.Crested_Auklet/Crested_Auklet_0075_785259.jpg,5,4,005.Crested_Auklet,89,88,gaussian_blur,gaussian_blur,0,"{""sigma"":1.778084}",5.6591616,5.4365315,-0.22263002,0.0034854391,0.0043545612,0.62014198,0.0017604977,-0.61665654,0.0025940635,0.61925061,0.29879287,1.0460427,199.19431,208.36576,False,0.64067501,False,False,False,0.29879287,1.0460427,199.19431,208.36576,0.29585228,1.0458992,197.14742,206.19633,0.43874407,1.0528935,28.482796,29.98935,0.40608731,0.97697417,44.498137,43.47353,0.47789726,0.90687485,108.45762,98.357487,0.2334534,1.242883,98.566316,122.5064,0.2007851,0.97192446,91.076963,88.519928,0.22454025,1.0676847,84.342352,90.051039
experiment_0a_best,file,16,,275,005.Crested_Auklet/Crested_Auklet_0075_785259.jpg,5,4,005.Crested_Auklet,89,88,random_erasing,random_erasing,0,"{""area_fraction"":0.061261,""erased"":true,""height"":0.288666,""left"":0.775103,""top"":0.266327,""width"":0.212222}",5.6591616,6.0679016,0.40874004,0.0034854391,0.0023160283,0.62014198,0.62935895,-0.61665654,-0.62704292,-0.010386375,0.97697958,1.0420599,199.19431,207.57239,False,0.98528445,True,False,False,0.97697958,1.0420599,199.19431,207.57239,0.97680914,1.0421555,197.14742,205.45826,0.98519151,1.0374685,28.482796,29.550003,0.99022219,1.0816205,44.498137,48.130098,0.98842924,1.059707,108.45762,114.9333,0.97853496,1.0343683,98.566316,101.95388,0.97309346,1.0193747,91.076963,92.841549,0.95596161,1.0385578,84.342352,87.594405
experiment_0a_best,file,16,,823,015.Lazuli_Bunting/Lazuli_Bunting_0031_15018.jpg,15,14,015.Lazuli_Bunting,14,13,identity,identity,0,{},0.0031390938,0.0031390938,0,0.99686581,0.99686581,0.00070811028,0.00070811028,0.9961577,0.9961577,0,1,1,0.4554178,0.4554178,False,1,True,True,True,1,1,0.4554178,0.4554178,1,1,0.4459968,0.4459968,1,1,0.092153312,0.092153312,1,1,0.076845027,0.076845027,1,1,0.17787657,0.17787657,1,1,0.22020799,0.22020799,1,1,0.22334472,0.22334472,1,1,0.25098503,0.25098503
experiment_0a_best,file,16,,823,015.Lazuli_Bunting/Lazuli_Bunting_0031_15018.jpg,15,14,015.Lazuli_Bunting,14,13,horizontal_flip,horizontal_flip,0,"{""flipped"":true}",0.0031390938,0.0011387537,-0.00200034,0.99686581,0.99886191,0.00070811028,0.00043894316,0.9961577,0.99842297,0.0022652671,0.62201756,0.4009548,0.4554178,0.18260195,False,0.96910429,True,True,True,0.62201756,0.4009548,0.4554178,0.18260195,0.60814416,0.400958,0.4459968,0.17882598,0.94703701,0.40087983,0.092153312,0.036942404,0.42875379,0.39676271,0.076845027,0.030489241,0.36083614,0.40089544,0.17787657,0.071309906,0.56293945,0.41287922,0.22020799,0.090919302,0.62131729,0.39771641,0.22334472,0.088827862,0.77746668,0.39457314,0.25098503,0.09903195
experiment_0a_best,file,16,,823,015.Lazuli_Bunting/Lazuli_Bunting_0031_15018.jpg,15,14,015.Lazuli_Bunting,14,13,color_jitter,color_jitter,0,"{""brightness"":1.083719,""contrast"":0.841983,""hue"":0.044877,""saturation"":1.028267}",0.0031390938,0.010276028,0.0071369342,0.99686581,0.98977661,0.00070811028,0.0017802686,0.9961577,0.98799634,-0.008161356,0.63990472,3.3735955,0.4554178,1.5363955,False,0.96393818,True,True,True,0.63990472,3.3735955,0.4554178,1.5363955,0.62783733,3.3672964,0.4459968,1.5018034,0.91104326,3.5179153,0.092153312,0.32418755,0.55497395,4.3438739,0.076845027,0.33380511,0.51553909,3.5702567,0.17787657,0.63506501,0.54184407,3.3548509,0.22020799,0.73876497,0.59413089,3.1940633,0.22334472,0.71337718,0.79489619,3.3000006,0.25098503,0.82825076
experiment_0a_best,file,16,,823,015.Lazuli_Bunting/Lazuli_Bunting_0031_15018.jpg,15,14,015.Lazuli_Bunting,14,13,rotation,rotation,0,"{""angle"":2.888723}",0.0031390938,0.0058493866,0.0027102928,0.99686581,0.99416769,0.00070811028,0.0025162578,0.9961577,0.99165143,-0.004506271,0.86832622,1.9155402,0.4554178,0.87237112,False,0.98695284,True,True,True,0.86832622,1.9155402,0.4554178,0.87237112,0.86430264,1.9166891,0.4459968,0.8548372,0.96407261,1.8884304,0.092153312,0.17402512,0.80387357,1.7719726,0.076845027,0.13616728,0.80875272,1.9964866,0.17787657,0.35512819,0.85253371,1.9812582,0.22020799,0.43628889,0.86425837,1.8974597,0.22334472,0.42378761,0.91107806,1.852358,0.25098503,0.46491412
experiment_0a_best,file,16,,823,015.Lazuli_Bunting/Lazuli_Bunting_0031_15018.jpg,15,14,015.Lazuli_Bunting,14,13,random_resized_crop,random_resized_crop,0,"{""area_fraction"":0.542099,""aspect"":1.206668,""fallback"":false,""height"":0.670264,""left"":0.145236,""top"":0.240508,""width"":0.808785}",0.0031390938,0.064024799,0.060885705,0.99686581,0.93798172,0.00070811028,0.01959729,0.9961577,0.91838443,-0.077773264,0.54918366,30.470767,0.4554178,13.87693,False,0.92623174,True,True,True,0.54918366,30.470767,0.4554178,13.87693,0.53851505,30.735247,0.4459968,13.707821,0.89653808,23.437214,0.092153312,2.1598169,0.44789129,37.993277,0.076845027,2.9195944,0.41923661,36.685859,0.17787657,6.5255549,0.56938591,35.369356,0.22020799,7.7886148,0.55315088,29.064844,0.22334472,6.4914796,0.63321204,23.230781,0.25098503,5.8305782
experiment_0a_best,file,16,,823,015.Lazuli_Bunting/Lazuli_Bunting_0031_15018.jpg,15,14,015.Lazuli_Bunting,14,13,gaussian_blur,gaussian_blur,0,"{""sigma"":1.176957}",0.0031390938,0.025127115,0.021988021,0.99686581,0.97518593,0.00070811028,0.0088374699,0.9961577,0.96634846,-0.029809238,0.66174265,8.5942692,0.4554178,3.9139832,False,0.96436954,True,True,True,0.66174265,8.5942692,0.4554178,3.9139832,0.65013762,8.6185678,0.4459968,3.8438536,0.95617811,8.0040546,0.092153312,0.73760015,0.61105324,12.243454,0.076845027,0.94084858,0.51626928,8.4418569,0.17787657,1.5016086,0.63237865,9.8324333,0.22020799,2.1651804,0.64472878,8.4188593,0.22334472,1.8803078,0.77702468,7.3592352,0.25098503,1.8470579
experiment_0a_best,file,16,,823,015.Lazuli_Bunting/Lazuli_Bunting_0031_15018.jpg,15,14,015.Lazuli_Bunting,14,13,random_erasing,random_erasing,0,"{""area_fraction"":0.119295,""erased"":true,""height"":0.244338,""left"":0.214245,""top"":0.319971,""width"":0.488237}",0.0031390938,5.6743569,5.6712178,0.99686581,0.0034328764,0.00070811028,0.97643197,0.9961577,-0.97299909,-1.9691568,0.37700979,333.51933,0.4554178,151.89064,False,0.7578001,False,True,False,0.37700979,333.51933,0.4554178,151.89064,0.36412862,329.86438,0.4459968,147.11846,0.62828428,409.91116,0.092153312,37.774671,0.24641263,355.03061,0.076845027,27.282337,0.50591122,416.97332,0.17787657,74.169785,0.46540678,320.56477,0.22020799,70.590925,0.28957616,305.35908,0.22334472,68.20034,0.26530845,302.49199,0.25098503,75.920961
experiment_0a_best,file,16,,10795,184.Louisiana_Waterthrush/Louisiana_Waterthrush_0026_177503.jpg,184,183,184.Louisiana_Waterthrush,181,180,identity,identity,0,{},0.18240941,0.18240941,0,0.83326012,0.83326012,0.025442675,0.025442675,0.80781744,0.80781744,0,1,1,31.079777,31.079777,False,1,True,True,True,1,1,31.079777,31.079777,1,1,30.61661,30.61661,1,1,5.3456266,5.3456266,1,1,6.4718783,6.4718783,1,1,13.414733,13.414733,1,1,17.266514,17.266514,1,1,15.0755,15.0755,1,1,13.788886,13.788886
experiment_0a_best,file,16,,10795,184.Louisiana_Waterthrush/Louisiana_Waterthrush_0026_177503.jpg,184,183,184.Louisiana_Waterthrush,181,180,horizontal_flip,horizontal_flip,0,"{""flipped"":true}",0.18240941,0.30047137,0.11806196,0.83326012,0.7404691,0.025442675,0.024607338,0.80781744,0.71586176,-0.091955684,0.71049357,1.486788,31.079777,46.209039,False,0.97519779,True,True,True,0.71049357,1.486788,31.079777,46.209039,0.703058,1.4893235,30.61661,45.598039,0.97105744,1.4010711,5.3456266,7.489603,0.56170323,1.8433101,6.4718783,11.929678,0.68913486,1.5061215,13.414733,20.204217,0.69204099,1.4335097,17.266514,24.751714,0.69047199,1.4272721,15.0755,21.516841,0.78921786,1.5436013,13.788886,21.284542
experiment_0a_best,file,16,,10795,184.Louisiana_Waterthrush/Louisiana_Waterthrush_0026_177503.jpg,184,183,184.Louisiana_Waterthrush,181,180,color_jitter,color_jitter,0,"{""brightness"":0.850765,""contrast"":0.86375,""hue"":-0.02542,""saturation"":0.810981}",0.18240941,0.085254684,-0.097154722,0.83326012,0.9182784,0.025442675,0.0027948916,0.80781744,0.9154835,0.10766606,0.84903509,0.55353586,31.079777,17.203771,False,0.96369827,True,True,True,0.84903509,0.55353586,31.079777,17.203771,0.8466668,0.55578662,30.61661,17.016302,0.95071981,0.47381274,5.3456266,2.532826,0.84112245,0.5640098,6.4718783,3.6502027,0.83955633,0.56100383,13.414733,7.5257163,0.84227828,0.56848066,17.266514,9.8156793,0.84234315,0.53966636,15.0755,8.1357404,0.86797722,0.5478009,13.788886,7.5535639
experiment_0a_best,file,16,,10795,184.Louisiana_Waterthrush/Louisiana_Waterthrush_0026_177503.jpg,184,183,184.Louisiana_Waterthrush,181,180,rotation,rotation,0,"{""angle"":12.844021}",0.18240941,0.16341098,-0.018998429,0.83326012,0.84924209,0.025442675,0.05244885,0.80781744,0.79679324,-0.011024203,0.57638796,0.92041327,31.079777,28.60624,False,0.91575444,True,True,True,0.57638796,0.92041327,31.079777,28.60624,0.5663184,0.91801908,30.61661,28.106633,0.88275722,0.99576403,5.3456266,5.3229827,0.36508856,1.0370347,6.4718783,6.711562,0.5504015,0.99716389,13.414733,13.376687,0.53934907,0.89274124,17.266514,15.414529,0.55612351,0.87095836,15.0755,13.130133,0.69142843,0.90578394,13.788886,12.489751
experiment_0a_best,file,16,,10795,184.Louisiana_Waterthrush/Louisiana_Waterthrush_0026_177503.jpg,184,183,184.Louisiana_Waterthrush,181,180,random_resized_crop,random_resized_crop,0,"{""area_fraction"":0.561433,""aspect"":0.768149,""fallback"":false,""height"":0.854922,""left"":0.190878,""top"":0.088328,""width"":0.656707}",0.18240941,0.059133198,-0.12327621,0.83326012,0.94258124,0.025442675,0.0015714465,0.80781744,0.94100979,0.13319235,0.61150274,0.37944559,31.079777,11.793085,False,0.94930875,True,True,True,0.61150274,0.37944559,31.079777,11.793085,0.60277953,0.38041361,30.61661,11.646975,0.92858171,0.3461942,5.3456266,1.8506249,0.55892217,0.69493894,6.4718783,4.4975602,0.52822312,0.36512691,13.414733,4.8980799,0.6091788,0.36793144,17.266514,6.3528933,0.60215551,0.33797613,15.0755,5.0951592,0.73652865,0.3634287,13.788886,5.0112768
experiment_0a_best,file,16,,10795,184.Louisiana_Waterthrush/Louisiana_Waterthrush_0026_177503.jpg,184,183,184.Louisiana_Waterthrush,181,180,gaussian_blur,gaussian_blur,0,"{""sigma"":1.617197}",0.18240941,0.39385036,0.21144095,0.83326012,0.67445499,0.025442675,0.0069389795,0.80781744,0.66751601,-0.14030144,0.34545897,1.9355911,31.079777,60.157739,False,0.83045614,True,True,True,0.34545897,1.9355911,31.079777,60.157739,0.33260201,1.9373058,30.61661,59.313737,0.78057761,1.8784742,5.3456266,10.041621,0.32354098,1.735423,6.4718783,11.231446,0.20278428,1.8878726,13.414733,25.325306,0.26254217,1.8245116,17.266514,31.502955,0.30912666,2.0285874,15.0755,30.58197,0.57201424,2.0804006,13.788886,28.686405
experiment_0a_best,file,16,,10795,184.Louisiana_Waterthrush/Louisiana_Waterthrush_0026_177503.jpg,184,183,184.Louisiana_Waterthrush,181,180,random_erasing,random_erasing,0,"{""area_fraction"":0.199789,""erased"":true,""height"":0.529908,""left"":0.208854,""top"":0.43362,""width"":0.377025}",0.18240941,2.2635698,2.0811604,0.83326012,0.10397863,0.025442675,0.25244141,0.80781744,-0.14846278,-0.95628022,0.51316822,3.4505786,31.079777,107.24321,False,0.85237658,False,True,False,0.51316822,3.4505786,31.079777,107.24321,0.50058234,3.3811459,30.61661,103.51923,0.82724311,5.2408532,5.3456266,28.015644,0.23248156,2.7246087,6.4718783,17.633336,0.43662638,3.0821155,13.414733,41.345755,0.52701252,3.0820306,17.266514,53.215924,0.51240421,3.3439361,15.0755,50.411509,0.55885136,4.1803041,13.788886,57.641735
experiment_0a_best,file,16,,7766,133.White_throated_Sparrow/White_Throated_Sparrow_0108_129184.jpg,133,132,133.White_throated_Sparrow,118,117,identity,identity,0,{},1.4644458,1.4644458,0,0.23120607,0.23120607,0.39352179,0.39352179,-0.16231571,-0.16231571,0,1,1,160.39031,160.39031,False,0.99999988,True,False,False,1,1,160.39031,160.39031,1,1,157.51071,157.51071,1,1,30.256032,30.256032,1,1,25.107384,25.107384,1,1,77.76636,77.76636,1,1,90.573973,90.573973,1,1,75.218844,75.218844,1,1,65.346131,65.346131
experiment_0a_best,file,16,,7766,133.White_throated_Sparrow/White_Throated_Sparrow_0108_129184.jpg,133,132,133.White_throated_Sparrow,118,117,horizontal_flip,horizontal_flip,0,"{""flipped"":true}",1.4644458,1.0001955,-0.46425033,0.23120607,0.36780751,0.39352179,0.044854585,-0.16231571,0.32295292,0.48526863,0.58652411,0.70296477,160.39031,112.74874,False,0.96109223,False,False,True,0.58652411,0.70296477,160.39031,112.74874,0.5758988,0.69919881,157.51071,110.1313,0.84369253,0.79829169,30.256032,24.153139,0.55459108,0.9928542,25.107384,24.927971,0.41314252,0.6663118,77.76636,51.816643,0.62405919,0.67522491,90.573973,61.157802,0.61585223,0.7125178,75.218844,53.594765,0.6636269,0.71938673,65.346131,47.00914
experiment_0a_best,file,16,,7766,133.White_throated_Sparrow/White_Throated_Sparrow_0108_129184.jpg,133,132,133.White_throated_Sparrow,118,117,color_jitter,color_jitter,0,"{""brightness"":1.266744,""contrast"":1.210813,""hue"":0.021015,""saturation"":1.184675}",1.4644458,0.22414422,-1.2403016,0.23120607,0.79919988,0.39352179,0.020400796,-0.16231571,0.77879908,0.94111479,0.59959023,0.28091757,160.39031,45.056455,False,0.95199013,False,False,True,0.59959023,0.28091757,160.39031,45.056455,0.59238754,0.28242383,157.51071,44.484778,0.84192413,0.23646946,30.256032,7.1546276,0.37700001,0.40365984,25.107384,10.134842,0.30173888,0.26540901,77.76636,20.639892,0.70556164,0.27657704,90.573973,25.050682,0.67833813,0.30228313,75.218844,22.737388,0.70855955,0.26754214,65.346131,17.482844
experiment_0a_best,file,16,,7766,133.White_throated_Sparrow/White_Throated_Sparrow_0108_129184.jpg,133,132,133.White_throated_Sparrow,118,117,rotation,rotation,0,"{""angle"":-5.167259}",1.4644458,1.1264271,-0.33801877,0.23120607,0.32418951,0.39352179,0.35231632,-0.16231571,-0.028126806,0.13418891,0.74441138,0.78186698,160.39031,125.40389,False,0.96791333,True,False,False,0.74441138,0.78186698,160.39031,125.40389,0.73536602,0.77772472,157.51071,122.49997,0.96556489,0.88679145,30.256032,26.830791,0.53622561,0.85922895,25.107384,21.572991,0.63874848,0.80779293,77.76636,62.819116,0.7544672,0.70625622,90.573973,63.968432,0.77329126,0.7676621,75.218844,57.742655,0.82868372,0.86139512,65.346131,56.288838
experiment_0a_best,file,16,,7766,133.White_throated_Sparrow/White_Throated_Sparrow_0108_129184.jpg,133,132,133.White_throated_Sparrow,118,117,random_resized_crop,random_resized_crop,0,"{""area_fraction"":0.534237,""aspect"":1.22274,""fallback"":false,""height"":0.660998,""left"":0.112416,""top"":0.065292,""width"":0.808228}",1.4644458,1.115492,-0.34895384,0.23120607,0.32775399,0.39352179,0.23718013,-0.16231571,0.090573862,0.25288957,0.69112491,0.89418573,160.39031,143.41872,False,0.9399296,False,False,True,0.69112491,0.89418573,160.39031,143.41872,0.6833737,0.89663808,157.51071,141.2301,0.9217723,0.82495147,30.256032,24.959758,0.50757006,1.3585413,25.107384,34.109419,0.60746013,0.86677821,77.76636,67.406186,0.73616655,0.89799344,90.573973,81.334834,0.70437388,0.87972613,75.218844,66.171982,0.71292275,0.87171526,65.346131,56.963219
experiment_0a_best,file,16,,7766,133.White_throated_Sparrow/White_Throated_Sparrow_0108_129184.jpg,133,132,133.White_throated_Sparrow,118,117,gaussian_blur,gaussian_blur,0,"{""sigma"":1.040608}",1.4644458,3.9824739,2.518028,0.23120607,0.018639471,0.39352179,0.61702204,-0.16231571,-0.59838257,-0.43606685,0.70800588,1.5027215,160.39031,241.02197,False,0.93939328,True,False,False,0.70800588,1.5027215,160.39031,241.02197,0.70065574,1.5069927,157.51071,237.36749,0.92780222,1.3819485,30.256032,41.812277,0.56363874,2.3486548,25.107384,58.968578,0.66668907,1.6484968,77.76636,128.19759,0.73441052,1.4380195,90.573973,130.24714,0.70204616,1.394688,75.218844,104.90682,0.75051816,1.4076919,65.346131,91.987222
experiment_0a_best,file,16,,7766,133.White_throated_Sparrow/White_Throated_Sparrow_0108_129184.jpg,133,132,133.White_throated_Sparrow,118,117,random_erasing,random_erasing,0,"{""area_fraction"":0.165065,""erased"":true,""height"":0.663351,""left"":0.688802,""top"":0.215332,""width"":0.248835}",1.4644458,2.2196946,0.75524879,0.23120607,0.10864228,0.39352179,0.32428786,-0.16231571,-0.21564558,-0.05332987,0.96175913,1.1062902,160.39031,177.43823,False,0.9850564,True,False,False,0.96175913,1.1062902,160.39031,177.43823,0.96153949,1.1056516,157.51071,174.15197,0.96773572,1.123459,30.256032,33.991413,0.89272877,1.1960435,25.107384,30.029524,0.97306304,1.1217584,77.76636,87.235071,0.97579096,1.1121573,90.573973,100.73251,0.95738901,1.0852144,75.218844,81.628569,0.9343391,1.0828427,65.346131,70.759581
experiment_0a_best,file,16,,744,014.Indigo_Bunting/Indigo_Bunting_0056_12637.jpg,14,13,014.Indigo_Bunting,54,53,identity,identity,0,{},0.78969187,0.78969187,0,0.45398468,0.45398468,0.23805103,0.23805103,0.21593365,0.21593365,0,1,1,87.755567,87.755567,False,1,True,True,True,1,1,87.755567,87.755567,1,1,86.549037,86.549037,1,1,14.501849,14.501849,1,1,16.70249,16.70249,1,1,41.289022,41.289022,1,1,47.802083,47.802083,1,1,41.521258,41.521258,1,1,38.703042,38.703042
experiment_0a_best,file,16,,744,014.Indigo_Bunting/Indigo_Bunting_0056_12637.jpg,14,13,014.Indigo_Bunting,54,53,horizontal_flip,horizontal_flip,0,"{""flipped"":true}",0.78969187,1.1501613,0.3604694,0.45398468,0.31658569,0.23805103,0.11902793,0.21593365,0.19755776,-0.018375888,0.63387141,1.4712776,87.755567,129.1128,False,0.95534223,True,True,True,0.63387141,1.4712776,87.755567,129.1128,0.62664604,1.4742141,86.549037,127.59181,0.91423473,1.3625632,14.501849,19.759686,0.26120345,1.1354015,16.70249,18.964032,0.60342664,1.2932213,41.289022,53.395843,0.60286463,1.5580077,47.802083,74.476012,0.65154818,1.527042,41.521258,63.404703,0.71838371,1.5290381,38.703042,59.178425
experiment_0a_best,file,16,,744,014.Indigo_Bunting/Indigo_Bunting_0056_12637.jpg,14,13,014.Indigo_Bunting,54,53,color_jitter,color_jitter,0,"{""brightness"":1.076127,""contrast"":1.065191,""hue"":-0.052806,""saturation"":1.110463}",0.78969187,0.1774973,-0.61219457,0.45398468,0.83736324,0.23805103,0.0041184286,0.21593365,0.83324481,0.61731116,0.3234244,0.27071976,87.755567,23.757166,False,0.87908018,True,True,True,0.3234244,0.27071976,87.755567,23.757166,0.30896746,0.26761332,86.549037,23.161675,0.71646959,0.36449189,14.501849,5.2858065,0.014333426,0.23321981,16.70249,3.8953516,0.35021687,0.18094757,41.289022,7.4711483,0.13872872,0.24288709,47.802083,11.610509,0.36367689,0.29080432,41.521258,12.074561,0.47710706,0.35131037,38.703042,13.59678
experiment_0a_best,file,16,,744,014.Indigo_Bunting/Indigo_Bunting_0056_12637.jpg,14,13,014.Indigo_Bunting,54,53,rotation,rotation,0,"{""angle"":5.864084}",0.78969187,0.52341419,-0.26627767,0.45398468,0.59249419,0.23805103,0.17623848,0.21593365,0.41625571,0.20032206,0.84722532,0.87224411,87.755567,76.544276,False,0.97454691,True,True,True,0.84722532,0.87224411,87.755567,76.544276,0.84411474,0.87346496,86.549037,75.597551,0.96536391,0.82758547,14.501849,12.00152,0.74493649,0.72462963,16.70249,12.103119,0.80796858,0.76847171,41.289022,31.729445,0.8502445,0.90056849,47.802083,43.04905,0.86039596,0.91964292,41.521258,38.184731,0.87684869,0.9136681,38.703042,35.361734
experiment_0a_best,file,16,,744,014.Indigo_Bunting/Indigo_Bunting_0056_12637.jpg,14,13,014.Indigo_Bunting,54,53,random_resized_crop,random_resized_crop,0,"{""area_fraction"":0.537907,""aspect"":0.907401,""fallback"":false,""height"":0.769935,""left"":0.251881,""top"":0.154868,""width"":0.698639}",0.78969187,0.79406637,0.0043745041,0.45398468,0.45200306,0.23805103,0.14439362,0.21593365,0.30760944,0.091675788,0.60929377,1.1016986,87.755567,96.680185,False,0.89005816,True,True,True,0.60929377,1.1016986,87.755567,96.680185,0.60352245,1.106011,86.549037,95.72419,0.86079346,0.93521606,14.501849,13.562363,0.50608353,0.90299118,16.70249,15.082201,0.55671451,0.83177575,41.289022,34.343207,0.60078834,1.1282439,47.802083,53.93241,0.62512855,1.2302129,41.521258,51.079987,0.65997129,1.222408,38.703042,47.310907
experiment_0a_best,file,16,,744,014.Indigo_Bunting/Indigo_Bunting_0056_12637.jpg,14,13,014.Indigo_Bunting,54,53,gaussian_blur,gaussian_blur,0,"{""sigma"":1.311377}",0.78969187,1.1390162,0.34932429,0.45398468,0.32013384,0.23805103,0.41676781,0.21593365,-0.096633971,-0.31256762,0.56405505,1.4811767,87.755567,129.9815,False,0.93551785,False,True,False,0.56405505,1.4811767,87.755567,129.9815,0.5533057,1.4784364,86.549037,127.95725,0.92441592,1.5756755,14.501849,22.850209,-0.10577105,1.908385,16.70249,31.874781,0.43470742,1.1772514,41.289022,48.60756,0.56126331,1.4601038,47.802083,69.796004,0.62977093,1.6591364,41.521258,68.889431,0.72806154,1.5015109,38.703042,58.11304
experiment_0a_best,file,16,,744,014.Indigo_Bunting/Indigo_Bunting_0056_12637.jpg,14,13,014.Indigo_Bunting,54,53,random_erasing,random_erasing,0,"{""area_fraction"":0.115779,""erased"":true,""height"":0.250593,""left"":0.044387,""top"":0.022051,""width"":0.46202}",0.78969187,1.3826581,0.59296626,0.45398468,0.2509107,0.23805103,0.20162959,0.21593365,0.049281105,-0.16665255,0.87530012,1.2458166,87.755567,109.32734,False,0.979002,True,True,True,0.87530012,1.2458166,87.755567,109.32734,0.87267489,1.2448449,86.549037,107.74012,0.96657173,1.2799468,14.501849,18.561596,0.81101888,1.1863091,16.70249,19.814315,0.89074943,1.1123959,41.289022,45.92974,0.87780012,1.219705,47.802083,58.30444,0.86400283,1.3211905,41.521258,54.85749,0.87833767,1.341832,38.703042,51.932978
experiment_0a_best,file,16,,11685,199.Winter_Wren/Winter_Wren_0081_190049.jpg,199,198,199.Winter_Wren,195,194,identity,identity,0,{},0.045801111,0.045801111,0,0.9552319,0.9552319,0.033162542,0.033162542,0.92206936,0.92206936,0,1,1,11.380981,11.380981,False,1,True,True,True,1,1,11.380981,11.380981,1,1,11.247401,11.247401,1,1,1.738588,1.738588,1,1,2.9252666,2.9252666,1,1,5.765181,5.765181,1,1,6.5560481,6.5560481,1,1,4.8770729,4.8770729,1,1,4.2357921,4.2357921
experiment_0a_best,file,16,,11685,199.Winter_Wren/Winter_Wren_0081_190049.jpg,199,198,199.Winter_Wren,195,194,horizontal_flip,horizontal_flip,0,"{""flipped"":true}",0.045801111,0.23367776,0.18787665,0.9552319,0.79161686,0.033162542,0.068444535,0.92206936,0.72317232,-0.19889704,0.67860256,4.3822081,11.380981,49.873827,False,0.96455973,True,True,True,0.67860256,4.3822081,11.380981,49.873827,0.6743513,4.3809243,11.247401,49.274014,0.85438186,4.4356055,1.738588,7.7116906,0.62048949,4.7099141,2.9252666,13.777755,0.63006649,4.2300856,5.765181,24.387209,0.72547204,4.3406087,6.5560481,28.457239,0.65037358,4.5781177,4.8770729,22.327814,0.69604223,4.3211651,4.2357921,18.303557
experiment_0a_best,file,16,,11685,199.Winter_Wren/Winter_Wren_0081_190049.jpg,199,198,199.Winter_Wren,195,194,color_jitter,color_jitter,0,"{""brightness"":0.795686,""contrast"":1.171552,""hue"":0.034854,""saturation"":0.949657}",0.045801111,0.027567735,-0.018233376,0.9552319,0.97280878,0.033162542,0.011855238,0.92206936,0.96095354,0.038884177,0.85765293,0.51000081,11.380981,5.8043094,False,0.98612136,True,True,True,0.85765293,0.51000081,11.380981,5.8043094,0.85580021,0.50860338,11.247401,5.7204664,0.9320887,0.56539655,1.738588,0.98299166,0.83671175,0.4740714,2.9252666,1.3867852,0.8491296,0.48740828,5.765181,2.809997,0.86295411,0.49750331,6.5560481,3.2616557,0.85209078,0.54778707,4.8770729,2.6715975,0.87116862,0.53464663,4.2357921,2.264652
experiment_0a_best,file,16,,11685,199.Winter_Wren/Winter_Wren_0081_190049.jpg,199,198,199.Winter_Wren,195,194,rotation,rotation,0,"{""angle"":14.220542}",0.045801111,0.20407957,0.15827846,0.9552319,0.8153975,0.033162542,0.10582093,0.92206936,0.70957657,-0.21249279,0.86227139,4.403696,11.380981,50.11838,False,0.96574599,True,True,True,0.86227139,4.403696,11.380981,50.11838,0.86049002,4.4139247,11.247401,49.645183,0.95070382,3.9519409,1.738588,6.870797,0.85424498,5.1014482,2.9252666,14.923096,0.88374072,4.7439905,5.765181,27.349964,0.89085885,4.4820279,6.5560481,29.384391,0.8101843,3.9182515,4.8770729,19.109598,0.82202483,3.8453744,4.2357921,16.288207
experiment_0a_best,file,16,,11685,199.Winter_Wren/Winter_Wren_0081_190049.jpg,199,198,199.Winter_Wren,195,194,random_resized_crop,random_resized_crop,0,"{""area_fraction"":0.601561,""aspect"":0.789204,""fallback"":false,""height"":0.873062,""left"":0.072531,""top"":0.096992,""width"":0.689025}",0.045801111,0.51369661,0.4678955,0.9552319,0.59827989,0.033162542,0.25603521,0.92206936,0.34224468,-0.57982468,0.82769305,10.227422,11.380981,116.39809,False,0.91768634,True,True,True,0.82769305,10.227422,11.380981,116.39809,0.82625681,10.263825,11.247401,115.44136,0.91300989,8.5662853,1.738588,14.893241,0.84500916,11.001871,2.9252666,32.183406,0.84262683,11.392188,5.765181,65.678027,0.86358854,10.408293,6.5560481,68.237268,0.77941106,9.1372976,4.8770729,44.563266,0.76549059,8.6263278,4.2357921,36.539331
experiment_0a_best,file,16,,11685,199.Winter_Wren/Winter_Wren_0081_190049.jpg,199,198,199.Winter_Wren,195,194,gaussian_blur,gaussian_blur,0,"{""sigma"":1.725656}",0.045801111,4.1001515,4.0543504,0.9552319,0.016570162,0.033162542,0.86427176,0.92206936,-0.8477016,-1.769771,0.54012983,21.289937,11.380981,242.30037,False,0.809919,False,True,False,0.54012983,21.289937,11.380981,242.30037,0.5335653,21.250774,11.247401,239.01599,0.79684415,22.86892,1.738588,39.75963,0.21585419,24.402299,2.9252666,71.383231,0.50416975,21.116266,5.765181,121.7391,0.60250676,20.760738,6.5560481,136.1084,0.55422747,20.985736,4.8770729,102.34896,0.57621586,21.393714,4.2357921,90.619325
experiment_0a_best,file,16,,11685,199.Winter_Wren/Winter_Wren_0081_190049.jpg,199,198,199.Winter_Wren,195,194,random_erasing,random_erasing,0,"{""area_fraction"":0.16069,""erased"":true,""height"":0.428611,""left"":0.380512,""top"":0.259973,""width"":0.374909}",0.045801111,1.6089786,1.5631775,0.9552319,0.20009187,0.033162542,0.62429386,0.92206936,-0.424202,-1.3462714,0.81459637,17.844231,11.380981,203.08485,False,0.92571449,False,True,False,0.81459637,17.844231,11.380981,203.08485,0.81212171,17.86296,11.247401,200.91188,0.92403595,17.041955,1.738588,29.628939,0.70849521,13.616471,2.9252666,39.831808,0.83996257,18.635474,5.765181,107.43688,0.85439912,18.620554,6.5560481,122.07725,0.76465851,17.741099,4.8770729,86.524633,0.76593635,16.436147,4.2357921,69.620102
experiment_0a_best,file,16,,10734,183.Northern_Waterthrush/Northern_Waterthrush_0044_176961.jpg,183,182,183.Northern_Waterthrush,184,183,identity,identity,0,{},0.012962248,0.012962248,0,0.9871214,0.9871214,0.0043144538,0.0043144538,0.98280695,0.98280695,0,1,1,2.3742791,2.3742791,False,1,True,True,True,1,1,2.3742791,2.3742791,1,1,2.3457812,2.3457812,1,1,0.36675863,0.36675863,1,1,0.54724345,0.54724345,1,1,0.93836293,0.93836293,1,1,1.4203792,1.4203792,1,1,1.0902152,1.0902152,1,1,1.0567132,1.0567132
experiment_0a_best,file,16,,10734,183.Northern_Waterthrush/Northern_Waterthrush_0044_176961.jpg,183,182,183.Northern_Waterthrush,184,183,horizontal_flip,horizontal_flip,0,"{""flipped"":true}",0.012962248,0.026996661,0.014034413,0.9871214,0.97336447,0.0043144538,0.019114895,0.98280695,0.95424958,-0.028557372,0.63731813,2.2954938,2.3742791,5.4501429,False,0.97905493,True,True,True,0.63731813,2.2954938,2.3742791,5.4501429,0.62943514,2.2893291,2.3457812,5.370265,0.9317862,2.5348645,0.36675863,0.92968346,0.57223736,2.5757088,0.54724345,1.4095398,0.54274595,2.7202987,0.93836293,2.5526275,0.6611265,2.123081,1.4203792,3.0155802,0.61849323,2.2919829,1.0902152,2.4987546,0.7072973,2.115962,1.0567132,2.2359649
experiment_0a_best,file,16,,10734,183.Northern_Waterthrush/Northern_Waterthrush_0044_176961.jpg,183,182,183.Northern_Waterthrush,184,183,color_jitter,color_jitter,0,"{""brightness"":1.104506,""contrast"":0.955575,""hue"":0.018551,""saturation"":1.196918}",0.012962248,0.016011354,0.0030491054,0.9871214,0.98411614,0.0043144538,0.0018263658,0.98280695,0.98228977,-0.00051717821,0.88617293,1.2420856,2.3742791,2.9490579,False,0.98987174,True,True,True,0.88617293,1.2420856,2.3742791,2.9490579,0.88438918,1.242747,2.3457812,2.9152125,0.96105256,1.2147197,0.36675863,0.44550894,0.87014296,1.2010083,0.54724345,0.65724391,0.78137018,1.2526837,0.93836293,1.175472,0.90717236,1.1848631,1.4203792,1.682955,0.89429481,1.2672818,1.0902152,1.3816098,0.92143722,1.3193006,1.0567132,1.3941223
experiment_0a_best,file,16,,10734,183.Northern_Waterthrush/Northern_Waterthrush_0044_176961.jpg,183,182,183.Northern_Waterthrush,184,183,rotation,rotation,0,"{""angle"":1.603631}",0.012962248,0.033075277,0.020113029,0.9871214,0.96746576,0.0043144538,0.014657208,0.98280695,0.95280855,-0.029998399,0.80671819,2.4128016,2.3742791,5.7286645,False,0.98133332,True,True,True,0.80671819,2.4128016,2.3742791,5.7286645,0.80259142,2.4126805,2.3457812,5.6596207,0.97518623,2.4177496,0.36675863,0.88673054,0.73682434,2.4303733,0.54724345,1.3300059,0.65795226,2.7253342,0.93836293,2.5573526,0.81980942,2.2904305,1.4203792,3.25328,0.840417,2.399801,1.0902152,2.6162995,0.88828327,2.3740423,1.0567132,2.5086818
experiment_0a_best,file,16,,10734,183.Northern_Waterthrush/Northern_Waterthrush_0044_176961.jpg,183,182,183.Northern_Waterthrush,184,183,random_resized_crop,random_resized_crop,0,"{""area_fraction"":0.655388,""aspect"":1.16684,""fallback"":false,""height"":0.749452,""left"":0.093077,""top"":0.183334,""width"":0.87449}",0.012962248,0.22386284,0.21090059,0.9871214,0.79942477,0.0043144538,0.11830915,0.98280695,0.68111562,-0.30169133,0.65821244,15.056102,2.3742791,35.74739,False,0.95275748,True,True,True,0.65821244,15.056102,2.3742791,35.74739,0.651846,15.067926,2.3457812,35.346057,0.92803404,14.564201,0.36675863,5.3415466,0.5905581,16.248094,0.54724345,8.8916629,0.55455497,17.133865,0.93836293,16.077784,0.69536767,14.934205,1.4203792,21.212235,0.65207365,14.286525,1.0902152,15.575387,0.68920983,14.011936,1.0567132,14.806598
experiment_0a_best,file,16,,10734,183.Northern_Waterthrush/Northern_Waterthrush_0044_176961.jpg,183,182,183.Northern_Waterthrush,184,183,gaussian_blur,gaussian_blur,0,"{""sigma"":1.613726}",0.012962248,2.7624688,2.7495066,0.9871214,0.063135698,0.0043144538,0.21842073,0.98280695,-0.15528503,-1.138092,0.4611444,88.203279,2.3742791,209.4192,False,0.75281954,False,True,False,0.4611444,88.203279,2.3742791,209.4192,0.45666279,88.702174,2.3457812,208.07589,0.73602195,64.570418,0.36675863,23.681758,0.29927424,103.26767,0.54724345,56.512557,0.21449568,119.43234,0.93836293,112.07088,0.56642043,84.928604,1.4203792,120.63083,0.52178813,82.263446,1.0902152,89.684857,0.57876387,66.559109,1.0567132,70.333887
experiment_0a_best,file,16,,10734,183.Northern_Waterthrush/Northern_Waterthrush_0044_176961.jpg,183,182,183.Northern_Waterthrush,184,183,random_erasing,random_erasing,0,"{""area_fraction"":0.155072,""erased"":true,""height"":0.375776,""left"":0.551634,""top"":0.113532,""width"":0.412672}",0.012962248,0.02879288,0.015830632,0.9871214,0.9716177,0.0043144538,0.0044118483,0.98280695,0.96720585,-0.015601099,0.86121123,2.1789354,2.3742791,5.1734008,False,0.96751451,True,True,True,0.86121123,2.1789354,2.3742791,5.1734008,0.85922273,2.1813654,2.3457812,5.1170059,0.94765154,2.0770935,0.36675863,0.76179199,0.84429705,1.866105,0.54724345,1.0212137,0.81179611,2.2621635,0.93836293,2.1227304,0.90159801,2.2809472,1.4203792,3.2398101,0.83027731,2.0931792,1.0902152,2.2820157,0.85665863,2.1013915,1.0567132,2.220568
experiment_0a_best,file,16,,3690,064.Ring_billed_Gull/Ring_Billed_Gull_0118_51322.jpg,64,63,064.Ring_billed_Gull,62,61,identity,identity,0,{},0.0074547916,0.0074547916,0,0.9925729,0.9925729,0.0037071949,0.0037071949,0.98886571,0.98886571,0,1,1,1.2067889,1.2067889,False,1,True,True,True,1,1,1.2067889,1.2067889,1,1,1.1771375,1.1771375,1,1,0.26586983,0.26586983,1,1,0.29670185,0.29670185,1,1,0.4854786,0.4854786,1,1,0.56687431,0.56687431,1,1,0.58375713,0.58375713,1,1,0.63230724,0.63230724
experiment_0a_best,file,16,,3690,064.Ring_billed_Gull/Ring_Billed_Gull_0118_51322.jpg,64,63,064.Ring_billed_Gull,62,61,horizontal_flip,horizontal_flip,0,"{""flipped"":true}",0.0074547916,0.00032896354,-0.007125828,0.9925729,0.9996711,0.0037071949,7.0493246e-05,0.98886571,0.99960061,0.0107349,0.69612309,0.044865197,1.2067889,0.054142823,False,0.96958119,True,True,True,0.69612309,0.044865197,1.2067889,0.054142823,0.68422858,0.04477508,1.1771375,0.052706428,0.92069891,0.046596545,0.26586983,0.012388616,0.52658629,0.037584055,0.29670185,0.011151258,0.69207488,0.04463835,0.4854786,0.021670963,0.64184787,0.047233732,0.56687431,0.026775589,0.66263267,0.044731127,0.58375713,0.026112114,0.76673049,0.044316474,0.63230724,0.028021627
experiment_0a_best,file,16,,3690,064.Ring_billed_Gull/Ring_Billed_Gull_0118_51322.jpg,64,63,064.Ring_billed_Gull,62,61,color_jitter,color_jitter,0,"{""brightness"":1.226954,""contrast"":1.199259,""hue"":0.011173,""saturation"":0.631252}",0.0074547916,0.0034286543,-0.0040261373,0.9925729,0.9965772,0.0037071949,0.0008188216,0.98886571,0.99575838,0.006892673,0.81441851,0.4798491,1.2067889,0.57907659,False,0.98807782,True,True,True,0.81441851,0.4798491,1.2067889,0.57907659,0.80790374,0.48104819,1.1771375,0.56625989,0.95036529,0.45570698,0.26586983,0.12115874,0.67077557,0.52175732,0.29670185,0.15480636,0.68834361,0.44803439,0.4854786,0.21751111,0.80996072,0.48973289,0.56687431,0.277617,0.82796484,0.47526274,0.58375713,0.27743801,0.88851013,0.48830277,0.63230724,0.30875738
experiment_0a_best,file,16,,3690,064.Ring_billed_Gull/Ring_Billed_Gull_0118_51322.jpg,64,63,064.Ring_billed_Gull,62,61,rotation,rotation,0,"{""angle"":-8.24946}",0.0074547916,0.058390867,0.050936075,0.9925729,0.94328117,0.0037071949,0.021681821,0.98886571,0.92159935,-0.067266356,0.68604778,8.0383311,1.2067889,9.7005691,False,0.94156027,True,True,True,0.68604778,8.0383311,1.2067889,9.7005691,0.67627592,8.101468,1.1771375,9.5365421,0.93058254,6.6812628,0.26586983,1.7763462,0.70955679,7.5368963,0.29670185,2.2362111,0.60719492,9.4413758,0.4854786,4.5835859,0.63945113,8.4677124,0.56687431,4.8001287,0.64662744,7.3397128,0.58375713,4.2846097,0.78644381,7.6726237,0.63230724,4.8514556
experiment_0a_best,file,16,,3690,064.Ring_billed_Gull/Ring_Billed_Gull_0118_51322.jpg,64,63,064.Ring_billed_Gull,62,61,random_resized_crop,random_resized_crop,0,"{""area_fraction"":0.560723,""aspect"":0.771289,""fallback"":false,""height"":0.85264,""left"":0.238382,""top"":0.116214,""width"":0.657632}",0.0074547916,0.0090056434,0.0015508519,0.9925729,0.99103481,0.0037071949,0.0031772368,0.98886571,0.98785757,-0.0010081397,0.69424393,1.4748627,1.2067889,1.779848,False,0.96650749,True,True,True,0.69424393,1.4748627,1.2067889,1.779848,0.68484112,1.4888391,1.1771375,1.7525684,0.94908621,1.1675785,0.26586983,0.31042391,0.46318463,1.3576747,0.29670185,0.40282459,0.63087733,1.8062666,0.4854786,0.87690377,0.70071756,1.6002032,0.56687431,0.9071141,0.69448854,1.4205025,0.58375713,0.82922846,0.78199032,1.2550774,0.63230724,0.79359452
experiment_0a_best,file,16,,3690,064.Ring_billed_Gull/Ring_Billed_Gull_0118_51322.jpg,64,63,064.Ring_billed_Gull,62,61,gaussian_blur,gaussian_blur,0,"{""sigma"":1.177585}",0.0074547916,0.19616164,0.18870685,0.9925729,0.82187939,0.0037071949,0.081531607,0.98886571,0.74034778,-0.24851793,0.68445465,26.537092,1.2067889,32.024669,False,0.93705535,True,True,True,0.68445465,26.537092,1.2067889,32.024669,0.67704938,26.865351,1.1771375,31.624213,0.92995585,18.989065,0.26586983,5.0486195,0.48363745,27.407841,0.29670185,8.131957,0.67813495,34.568619,0.4854786,16.782325,0.64634152,28.917633,0.56687431,16.392663,0.6995852,23.889349,0.58375713,13.945578,0.78322367,21.748901,0.63230724,13.751988
experiment_0a_best,file,16,,3690,064.Ring_billed_Gull/Ring_Billed_Gull_0118_51322.jpg,64,63,064.Ring_billed_Gull,62,61,random_erasing,random_erasing,0,"{""area_fraction"":0.094205,""erased"":true,""height"":0.225286,""left"":0.33422,""top"":0.075603,""width"":0.418159}",0.0074547916,0.0032316623,-0.0042231292,0.9925729,0.99677354,0.0037071949,0.0020273756,0.98886571,0.99474617,0.0058804567,0.93044942,0.47255857,1.2067889,0.57027845,False,0.98764908,True,True,True,0.93044942,0.47255857,1.2067889,0.57027845,0.92795383,0.47161257,1.1771375,0.55515285,0.97816138,0.49073465,0.26586983,0.13047154,0.84958413,0.43107847,0.29670185,0.12790178,0.8998737,0.48769488,0.4854786,0.23676543,0.93083093,0.47657879,0.56687431,0.27016027,0.94476855,0.46274824,0.58375713,0.27013259,0.94562188,0.4739776,0.63230724,0.29969947
experiment_0a_best,file,16,,9269,158.Bay_breasted_Warbler/Bay_Breasted_Warbler_0045_797135.jpg,158,157,158.Bay_breasted_Warbler,21,20,identity,identity,0,{},0.0088407053,0.0088407053,0,0.99119824,0.99119824,0.0021529475,0.0021529475,0.98904529,0.98904529,0,1,1,1.3024565,1.3024565,False,0.99999994,True,True,True,1,1,1.3024565,1.3024565,1,1,1.2758916,1.2758916,1,1,0.26171268,0.26171268,1,1,0.24544177,0.24544177,1,1,0.47201923,0.47201923,1,1,0.59807018,0.59807018,1,1,0.64479638,0.64479638,1,1,0.7559136,0.7559136
experiment_0a_best,file,16,,9269,158.Bay_breasted_Warbler/Bay_Breasted_Warbler_0045_797135.jpg,158,157,158.Bay_breasted_Warbler,21,20,horizontal_flip,horizontal_flip,0,"{""flipped"":true}",0.0088407053,0.0035067038,-0.0053340015,0.99119824,0.99649942,0.0021529475,0.0019977894,0.98904529,0.99450163,0.0054563356,0.67837992,0.37310607,1.3024565,0.48595443,False,0.97999191,True,True,True,0.67837992,0.37310607,1.3024565,0.48595443,0.66559018,0.36918096,1.2758916,0.47103491,0.93877419,0.45656888,0.26171268,0.11948987,0.59501445,0.28977737,0.24544177,0.07112347,0.614075,0.32819882,0.47201923,0.15491616,0.63298082,0.34541591,0.59807018,0.20658295,0.62789738,0.37894742,0.64479638,0.24434393,0.73723654,0.39783057,0.7559136,0.30072554
experiment_0a_best,file,16,,9269,158.Bay_breasted_Warbler/Bay_Breasted_Warbler_0045_797135.jpg,158,157,158.Bay_breasted_Warbler,21,20,color_jitter,color_jitter,0,"{""brightness"":1.254824,""contrast"":1.233826,""hue"":0.041824,""saturation"":0.728653}",0.0088407053,0.0022147193,-0.006625986,0.99119824,0.99778771,0.0021529475,0.0011265182,0.98904529,0.9966612,0.0076159015,0.73925155,0.22692245,1.3024565,0.29555662,False,0.97852623,True,True,True,0.73925155,0.22692245,1.3024565,0.29555662,0.72905509,0.22328577,1.2758916,0.28488845,0.95038835,0.30067742,0.26171268,0.078691094,0.46073347,0.15478906,0.24544177,0.037991702,0.6353759,0.19701342,0.47201923,0.092994122,0.67668127,0.23426483,0.59807018,0.14010681,0.7057791,0.21898766,0.64479638,0.14120245,0.83370898,0.23479975,0.7559136,0.17748832
experiment_0a_best,file,16,,9269,158.Bay_breasted_Warbler/Bay_Breasted_Warbler_0045_797135.jpg,158,157,158.Bay_breasted_Warbler,21,20,rotation,rotation,0,"{""angle"":1.090161}",0.0088407053,0.018414026,0.0095733209,0.99119824,0.98175448,0.0021529475,0.0032427586,0.98904529,0.97851172,-0.010533571,0.85626698,2.2415657,1.3024565,2.9195419,False,0.99073786,True,True,True,0.85626698,2.2415657,1.3024565,2.9195419,0.85191358,2.2471622,1.2758916,2.8671355,0.96854698,2.1041758,0.26171268,0.55068951,0.7945695,2.4377406,0.24544177,0.59832336,0.78600692,2.3555948,0.47201923,1.111886,0.85315599,2.414232,0.59807018,1.4438802,0.84120904,2.1876818,0.64479638,1.4106093,0.89887303,2.1131587,0.7559136,1.5973654
experiment_0a_best,file,16,,9269,158.Bay_breasted_Warbler/Bay_Breasted_Warbler_0045_797135.jpg,158,157,158.Bay_breasted_Warbler,21,20,random_resized_crop,random_resized_crop,0,"{""area_fraction"":0.550582,""aspect"":1.153202,""fallback"":false,""height"":0.690969,""left"":0.077743,""top"":0.104182,""width"":0.796827}",0.0088407053,0.30759156,0.29875085,0.99119824,0.73521554,0.0021529475,0.011189026,0.98904529,0.72402652,-0.26501878,0.6016177,36.007587,1.3024565,46.898317,False,0.93932021,True,True,True,0.6016177,36.007587,1.3024565,46.898317,0.59204528,36.209994,1.2758916,46.200029,0.87661478,30.808013,0.26171268,8.0628478,0.61993806,52.096537,0.24544177,12.786666,0.52767346,42.229322,0.47201923,19.933052,0.54248157,37.698643,0.59807018,22.546434,0.59835349,36.511016,0.64479638,23.542171,0.67826927,29.905842,0.7559136,22.606232
experiment_0a_best,file,16,,9269,158.Bay_breasted_Warbler/Bay_Breasted_Warbler_0045_797135.jpg,158,157,158.Bay_breasted_Warbler,21,20,gaussian_blur,gaussian_blur,0,"{""sigma"":1.688188}",0.0088407053,0.32628241,0.31744171,0.99119824,0.72160137,0.0021529475,0.0026498083,0.98904529,0.71895156,-0.27009374,0.41435672,38.915209,1.3024565,50.685369,False,0.89704615,True,True,True,0.41435672,38.915209,1.3024565,50.685369,0.39981182,39.000746,1.2758916,49.760726,0.78114212,36.823819,0.26171268,9.6372606,0.39903431,49.705436,0.24544177,12.19979,0.35805167,40.850202,0.47201923,19.282081,0.36576121,46.249079,0.59807018,27.660195,0.34161664,40.105637,0.64479638,25.85997,0.53188963,30.215275,0.7559136,22.840138
experiment_0a_best,file,16,,9269,158.Bay_breasted_Warbler/Bay_Breasted_Warbler_0045_797135.jpg,158,157,158.Bay_breasted_Warbler,21,20,random_erasing,random_erasing,0,"{""area_fraction"":0.078911,""erased"":true,""height"":0.459246,""left"":0.687305,""top"":0.318608,""width"":0.171826}",0.0088407053,0.012791607,0.0039509013,0.99119824,0.98728985,0.0021529475,0.003603196,0.98904529,0.98368665,-0.0053586443,0.92797338,1.4338758,1.3024565,1.867561,False,0.98943996,True,True,True,0.92797338,1.4338758,1.3024565,1.867561,0.92561932,1.4355536,1.2758916,1.8316109,0.98601102,1.3934052,0.26171268,0.36467182,0.92433718,1.4071315,0.24544177,0.34536885,0.94038828,1.5367677,0.47201923,0.72538392,0.92679022,1.4519922,0.59807018,0.86839324,0.90347891,1.4322465,0.64479638,0.92350739,0.9367221,1.3889621,0.7559136,1.0499353
experiment_0a_best,file,16,,5852,100.Brown_Pelican/Brown_Pelican_0007_94078.jpg,100,99,100.Brown_Pelican,53,52,identity,identity,0,{},0.026336094,0.026336094,0,0.97400767,0.97400767,0.017384812,0.017384812,0.95662285,0.95662285,0,1,1,5.7546922,5.7546922,False,1.0000001,True,True,True,1,1,5.7546922,5.7546922,1,1,5.6577689,5.6577689,1,1,1.0517292,1.0517292,1,1,1.6109054,1.6109054,1,1,2.2126136,2.2126136,1,1,3.0008217,3.0008217,1,1,2.7304525,2.7304525,1,1,2.8389032,2.8389032
experiment_0a_best,file,16,,5852,100.Brown_Pelican/Brown_Pelican_0007_94078.jpg,100,99,100.Brown_Pelican,53,52,horizontal_flip,horizontal_flip,0,"{""flipped"":true}",0.026336094,0.074315771,0.047979677,0.97400767,0.92837846,0.017384812,0.049976472,0.95662285,0.87840199,-0.078220863,0.68206882,2.9014339,5.7546922,16.696859,False,0.97421265,True,True,True,0.68206882,2.9014339,5.7546922,16.696859,0.67284407,2.90849,5.6577689,16.455564,0.97282012,2.6892283,1.0517292,2.8283399,0.64595736,2.6915394,1.6109054,4.3358154,0.57260912,3.3311372,2.2126136,7.3705195,0.6803278,2.8845642,3.0008217,8.6560627,0.62795299,2.9002095,2.7304525,7.9188844,0.7976296,2.7290887,2.8389032,7.7476186
experiment_0a_best,file,16,,5852,100.Brown_Pelican/Brown_Pelican_0007_94078.jpg,100,99,100.Brown_Pelican,53,52,color_jitter,color_jitter,0,"{""brightness"":0.656106,""contrast"":0.621677,""hue"":-0.015946,""saturation"":1.385882}",0.026336094,0.29218182,0.26584573,0.97400767,0.74663275,0.017384812,0.1914288,0.95662285,0.55520396,-0.40141889,0.81399729,9.4920967,5.7546922,54.624095,False,0.96871769,True,True,True,0.81399729,9.4920967,5.7546922,54.624095,0.80874681,9.4912446,5.6577689,53.699268,0.96553672,9.5167228,1.0517292,10.009015,0.69044187,11.479009,1.6109054,18.491597,0.71441329,10.458376,2.2126136,23.140346,0.86006802,9.2498113,3.0008217,27.757034,0.80687143,8.8053431,2.7304525,24.042572,0.87849483,9.0336408,2.8389032,25.645632
experiment_0a_best,file,16,,5852,100.Brown_Pelican/Brown_Pelican_0007_94078.jpg,100,99,100.Brown_Pelican,53,52,rotation,rotation,0,"{""angle"":7.824522}",0.026336094,0.10688483,0.080548735,0.97400767,0.89862919,0.017384812,0.057560079,0.95662285,0.84106911,-0.11555374,0.81460927,3.3187633,5.7546922,19.098462,False,0.97182095,True,True,True,0.81460927,3.3187633,5.7546922,19.098462,0.80903911,3.312828,5.6577689,18.743215,0.96881194,3.4861491,1.0517292,3.6664849,0.71340129,3.5099289,1.6109054,5.6541635,0.77810926,3.9116896,2.2126136,8.6550578,0.80499256,2.9950439,3.0008217,8.9875926,0.81840005,3.1971637,2.7304525,8.7297038,0.87306501,3.2939301,2.8389032,9.3511486
experiment_0a_best,file,16,,5852,100.Brown_Pelican/Brown_Pelican_0007_94078.jpg,100,99,100.Brown_Pelican,53,52,random_resized_crop,random_resized_crop,0,"{""area_fraction"":0.687535,""aspect"":1.100348,""fallback"":false,""height"":0.790464,""left"":0.068977,""top"":0.047469,""width"":0.869786}",0.026336094,0.090217747,0.063881652,0.97400767,0.91373217,0.017384812,0.033898678,0.95662285,0.87983349,-0.07678936,0.71458018,3.0592122,5.7546922,17.604825,False,0.93658626,True,True,True,0.71458018,3.0592122,5.7546922,17.604825,0.70873235,3.0697829,5.6577689,17.368122,0.90908571,2.7356693,1.0517292,2.8771833,0.68472638,3.4730418,1.6109054,5.5947418,0.65958934,3.2840029,2.2126136,7.2662296,0.69073362,2.9703622,3.0008217,8.9135272,0.70982594,3.1177809,2.7304525,8.5129528,0.77798857,2.8536734,2.8389032,8.1013025
experiment_0a_best,file,16,,5852,100.Brown_Pelican/Brown_Pelican_0007_94078.jpg,100,99,100.Brown_Pelican,53,52,gaussian_blur,gaussian_blur,0,"{""sigma"":1.237207}",0.026336094,1.7141467,1.6878106,0.97400767,0.18011734,0.017384812,0.17316706,0.95662285,0.0069502741,-0.94967258,0.47512656,23.137892,5.7546922,133.15145,False,0.8364566,True,True,True,0.47512656,23.137892,5.7546922,133.15145,0.46499553,23.142321,5.6577689,130.9339,0.77000979,23.00934,1.0517292,24.199595,0.43840345,18.229517,1.6109054,29.366027,0.45531482,25.958531,2.2126136,57.436199,0.35276813,21.756277,3.0008217,65.286707,0.49380181,24.677012,2.7304525,67.379411,0.57698965,22.774092,2.8389032,64.653443
experiment_0a_best,file,16,,5852,100.Brown_Pelican/Brown_Pelican_0007_94078.jpg,100,99,100.Brown_Pelican,53,52,random_erasing,random_erasing,0,"{""area_fraction"":0.164397,""erased"":true,""height"":0.293921,""left"":0.113425,""top"":0.118177,""width"":0.559324}",0.026336094,1.3427089,1.3163729,0.97400767,0.26113731,0.017384812,0.10183867,0.95662285,0.15929864,-0.79732422,0.67850305,24.903787,5.7546922,143.31363,False,0.90450633,False,True,False,0.67850305,24.903787,5.7546922,143.31363,0.6756125,24.935606,5.6577689,141.07989,0.76605919,23.964704,1.0517292,25.204379,0.59100016,16.933016,1.6109054,27.277488,0.61513708,23.702398,2.2126136,52.444249,0.76411187,25.714656,3.0008217,77.165097,0.6374839,26.340285,2.7304525,71.920899,0.67757104,25.60053,2.8389032,72.677425
experiment_0a_best,file,16,,2966,052.Pied_billed_Grebe/Pied_Billed_Grebe_0032_35931.jpg,52,51,052.Pied_billed_Grebe,50,49,identity,identity,0,{},0.016299792,0.016299792,0,0.98383236,0.98383236,0.0028908842,0.0028908842,0.98094148,0.98094148,0,1,1,2.7160914,2.7160914,False,1,True,True,True,1,1,2.7160914,2.7160914,1,1,2.6776805,2.6776805,1,1,0.45516974,0.45516974,1,1,0.62622804,0.62622804,1,1,1.182231,1.182231,1,1,1.3603978,1.3603978,1,1,1.4185461,1.4185461,1,1,1.2317411,1.2317411
experiment_0a_best,file,16,,2966,052.Pied_billed_Grebe/Pied_Billed_Grebe_0032_35931.jpg,52,51,052.Pied_billed_Grebe,50,49,horizontal_flip,horizontal_flip,0,"{""flipped"":true}",0.016299792,0.015418029,-0.00088176224,0.98383236,0.9847002,0.0028908842,0.0015112953,0.98094148,0.98318891,0.0022474325,0.70190208,0.89364513,2.7160914,2.4272218,False,0.97473907,True,True,True,0.70190208,0.89364513,2.7160914,2.4272218,0.69361809,0.89109055,2.6776805,2.3860558,0.96607237,0.97794983,0.45516974,0.44513317,0.56922176,0.83510233,0.62622804,0.52296449,0.66501171,0.93822157,1.182231,1.1091946,0.6932751,0.92001323,1.3603978,1.2515839,0.69916949,0.82465869,1.4185461,1.1698163,0.74839057,0.9093273,1.2317411,1.1200558
experiment_0a_best,file,16,,2966,052.Pied_billed_Grebe/Pied_Billed_Grebe_0032_35931.jpg,52,51,052.Pied_billed_Grebe,50,49,color_jitter,color_jitter,0,"{""brightness"":0.835658,""contrast"":0.76432,""hue"":-0.006499,""saturation"":1.056878}",0.016299792,0.021010568,0.0047107767,0.98383236,0.97920859,0.0028908842,0.0024539821,0.98094148,0.97675461,-0.0041868687,0.85948383,1.3339056,2.7160914,3.6230095,False,0.98768163,True,True,True,0.85948383,1.3339056,2.7160914,3.6230095,0.85602621,1.3351248,2.6776805,3.5750375,0.98370499,1.2910054,0.45516974,0.58762658,0.56118588,1.3890274,0.62622804,0.86984791,0.80397211,1.4856479,1.182231,1.7563789,0.86449096,1.3123808,1.3603978,1.7853599,0.90590169,1.2743472,1.4185461,1.8077202,0.9255387,1.2795547,1.2317411,1.57608
experiment_0a_best,file,16,,2966,052.Pied_billed_Grebe/Pied_Billed_Grebe_0032_35931.jpg,52,51,052.Pied_billed_Grebe,50,49,rotation,rotation,0,"{""angle"":8.468802}",0.016299792,0.12572572,0.10942592,0.98383236,0.88185668,0.0028908842,0.015875336,0.98094148,0.86598134,-0.11496013,0.76089611,7.3785932,2.7160914,20.040933,False,0.95164406,True,True,True,0.76089611,7.3785932,2.7160914,20.040933,0.75630896,7.3998056,2.6776805,19.814315,0.94363667,6.6026252,0.45516974,3.0053152,0.79159856,8.5109888,0.62622804,5.3298198,0.73922822,8.23333,1.182231,9.7336979,0.75982998,7.1104994,1.3603978,9.6731074,0.74648882,6.9196079,1.4185461,9.8157827,0.78153774,7.2404268,1.2317411,8.9183311
experiment_0a_best,file,16,,2966,052.Pied_billed_Grebe/Pied_Billed_Grebe_0032_35931.jpg,52,51,052.Pied_billed_Grebe,50,49,random_resized_crop,random_resized_crop,0,"{""area_fraction"":0.790701,""aspect"":1.012162,""fallback"":false,""height"":0.883855,""left"":0.012038,""top"":0.099548,""width"":0.894604}",0.016299792,0.044105705,0.027805913,0.98383236,0.95685279,0.0028908842,0.0093679605,0.98094148,0.94748483,-0.033456642,0.77858069,2.5483796,2.7160914,6.9216318,False,0.97121161,True,True,True,0.77858069,2.5483796,2.7160914,6.9216318,0.77323936,2.5492522,2.6776805,6.826083,0.96578351,2.5179926,0.45516974,1.146114,0.66986983,2.820569,0.62622804,1.7663194,0.74400288,2.6452073,1.182231,3.1272461,0.79330524,2.5830828,1.3603978,3.51402,0.78479604,2.3794881,1.4185461,3.3754134,0.79553664,2.5614251,1.2317411,3.1550125
experiment_0a_best,file,16,,2966,052.Pied_billed_Grebe/Pied_Billed_Grebe_0032_35931.jpg,52,51,052.Pied_billed_Grebe,50,49,gaussian_blur,gaussian_blur,0,"{""sigma"":1.301579}",0.016299792,0.26883996,0.25254016,0.98383236,0.7642656,0.0028908842,0.075438648,0.98094148,0.68882695,-0.29211453,0.53675426,18.313648,2.7160914,49.74154,False,0.90881526,True,True,True,0.53675426,18.313648,2.7160914,49.74154,0.52852675,18.383272,2.6776805,49.224529,0.87628222,15.715192,0.45516974,7.1530797,0.54365583,22.385157,0.62622804,14.018213,0.40661013,20.180091,1.182231,23.857529,0.53915595,19.285404,1.3603978,26.23582,0.5327955,17.208438,1.4185461,24.410962,0.66110253,15.682731,1.2317411,19.317064
experiment_0a_best,file,16,,2966,052.Pied_billed_Grebe/Pied_Billed_Grebe_0032_35931.jpg,52,51,052.Pied_billed_Grebe,50,49,random_erasing,random_erasing,0,"{""area_fraction"":0.173582,""erased"":true,""height"":0.256425,""left"":0.23428,""top"":0.71654,""width"":0.676931}",0.016299792,0.018547436,0.0022476446,0.98383236,0.98162353,0.0028908842,0.0018740151,0.98094148,0.97974952,-0.0011919598,0.87741261,1.3115102,2.7160914,3.5621814,False,0.96630239,True,True,True,0.87741261,1.3115102,2.7160914,3.5621814,0.87561269,1.3129754,2.6776805,3.5157286,0.94306647,1.2597515,0.45516974,0.57340079,0.88237661,1.2881418,0.62622804,0.80667052,0.80850266,1.4699079,1.182231,1.7377707,0.88976203,1.2702398,1.3603978,1.7280313,0.909727,1.268551,1.4185461,1.799498,0.8905346,1.2747732,1.2317411,1.5701905
experiment_0a_best,file,16,,2953,052.Pied_billed_Grebe/Pied_Billed_Grebe_0082_35356.jpg,52,51,052.Pied_billed_Grebe,34,33,identity,identity,0,{},0.0012487718,0.0012487718,0,0.998752,0.998752,0.00031423633,0.00031423633,0.99843776,0.99843776,0,1,1,0.18656549,0.18656549,False,1,True,True,True,1,1,0.18656549,0.18656549,1,1,0.1816815,0.1816815,1,1,0.042408901,0.042408901,1,1,0.028079157,0.028079157,1,1,0.077180689,0.077180689,1,1,0.09686249,0.09686249,1,1,0.091477286,0.091477286,1,1,0.092262844,0.092262844
experiment_0a_best,file,16,,2953,052.Pied_billed_Grebe/Pied_Billed_Grebe_0082_35356.jpg,52,51,052.Pied_billed_Grebe,34,33,horizontal_flip,horizontal_flip,0,"{""flipped"":true}",0.0012487718,0.0017815446,0.00053277286,0.998752,0.99822003,0.00031423633,7.4711039e-05,0.99843776,0.99814532,-0.00029244617,0.60277975,1.480625,0.18656549,0.27623352,False,0.97644258,True,True,True,0.60277975,1.480625,0.18656549,0.27623352,0.58507509,1.4808717,0.1816815,0.26904699,0.92876928,1.4760898,0.042408901,0.062599347,0.2877853,1.4651995,0.028079157,0.041141568,0.52604184,1.3093786,0.077180689,0.10105875,0.5593,1.4726509,0.09686249,0.14264464,0.54032427,1.5204706,0.091477286,0.13908852,0.71873692,1.5627017,0.092262844,0.14417931
experiment_0a_best,file,16,,2953,052.Pied_billed_Grebe/Pied_Billed_Grebe_0082_35356.jpg,52,51,052.Pied_billed_Grebe,34,33,color_jitter,color_jitter,0,"{""brightness"":1.334162,""contrast"":1.138341,""hue"":-0.047535,""saturation"":1.319156}",0.0012487718,2.4073949,2.4061461,0.998752,0.090049587,0.00031423633,0.010500802,0.99843776,0.079548785,-0.91888898,0.43757014,926.52239,0.18656549,172.8571,False,0.73409802,False,True,False,0.43757014,926.52239,0.18656549,172.8571,0.43149324,941.16226,0.1816815,170.99177,0.65778691,597.17963,0.042408901,25.325732,0.48806669,1994.4612,0.028079157,56.002789,0.33309526,943.6493,0.077180689,72.831503,0.39889382,953.08142,0.09686249,92.317839,0.47917651,892.69078,0.091477286,81.66093,0.52378607,811.54646,0.092262844,74.875584
experiment_0a_best,file,16,,2953,052.Pied_billed_Grebe/Pied_Billed_Grebe_0082_35356.jpg,52,51,052.Pied_billed_Grebe,34,33,rotation,rotation,0,"{""angle"":5.419836}",0.0012487718,0.0026849194,0.0014361476,0.998752,0.99731869,0.00031423633,0.0006000959,0.99843776,0.99671859,-0.0017191725,0.80004368,2.4546923,0.18656549,0.45796087,False,0.9593966,True,True,True,0.80004368,2.4546923,0.18656549,0.45796087,0.7941689,2.4743934,0.1816815,0.44955149,0.94244973,2.0599249,0.042408901,0.087359153,0.64604303,2.7682387,0.028079157,0.077729809,0.7607202,2.4900913,0.077180689,0.19218696,0.79649397,2.4838276,0.09686249,0.24058973,0.79445414,2.5484267,0.091477286,0.23312316,0.83421268,2.346975,0.092262844,0.21653859
experiment_0a_best,file,16,,2953,052.Pied_billed_Grebe/Pied_Billed_Grebe_0082_35356.jpg,52,51,052.Pied_billed_Grebe,34,33,random_resized_crop,random_resized_crop,0,"{""area_fraction"":0.848028,""aspect"":0.976269,""fallback"":false,""height"":0.93201,""left"":0.080387,""top"":0.02815,""width"":0.909892}",0.0012487718,0.0038334471,0.0025846753,0.998752,0.99617392,0.00031423633,0.0014620537,0.99843776,0.99471186,-0.0037258971,0.82405013,3.4923909,0.18656549,0.65155961,False,0.97295326,True,True,True,0.82405013,3.4923909,0.18656549,0.65155961,0.81841867,3.5154629,0.1816815,0.63869456,0.9520464,3.0379891,0.042408901,0.12883778,0.74065092,3.9912682,0.028079157,0.11207145,0.80642794,3.7488325,0.077180689,0.28933748,0.79719177,3.581779,0.09686249,0.34694003,0.83084007,3.393208,0.091477286,0.31040146,0.85295081,3.3395923,0.092262844,0.30812028
experiment_0a_best,file,16,,2953,052.Pied_billed_Grebe/Pied_Billed_Grebe_0082_35356.jpg,52,51,052.Pied_billed_Grebe,34,33,gaussian_blur,gaussian_blur,0,"{""sigma"":1.618922}",0.0012487718,1.4982365,1.4969878,0.998752,0.223524,0.00031423633,0.0050305282,0.99843776,0.21849348,-0.77994429,0.17936892,1191.6262,0.18656549,222.31632,False,0.80092537,False,True,False,0.17936892,1191.6262,0.18656549,222.31632,0.16748824,1215.256,0.1816815,220.78953,0.65371315,613.31847,0.042408901,26.010162,0.12578987,2095.8917,0.028079157,58.850872,0.017910468,1724.3697,0.077180689,133.08804,0.15472606,1236.3742,0.09686249,119.75828,0.2448639,976.36401,0.091477286,89.31513,0.37853346,785.54991,0.092262844,72.477069
experiment_0a_best,file,16,,2953,052.Pied_billed_Grebe/Pied_Billed_Grebe_0082_35356.jpg,52,51,052.Pied_billed_Grebe,34,33,random_erasing,random_erasing,0,"{""area_fraction"":0.185938,""erased"":true,""height"":0.524278,""left"":0.157153,""top"":0.154888,""width"":0.354656}",0.0012487718,3.5014048,3.500156,0.998752,0.030154994,0.00031423633,0.0062917937,0.99843776,0.0238632,-0.97457456,0.53021234,788.10341,0.18656549,147.0329,False,0.73667657,False,True,False,0.53021234,788.10341,0.18656549,147.0329,0.52292721,795.18778,0.1816815,144.47091,0.70646456,644.39754,0.042408901,27.328191,0.48090899,1592.1013,0.028079157,44.704862,0.55245624,908.99002,0.077180689,70.156476,0.56112444,743.23492,0.09686249,71.991585,0.51415109,715.92847,0.091477286,65.491194,0.50807911,725.41751,0.092262844,66.929083
experiment_0a_best,file,16,,6638,114.Black_throated_Sparrow/Black_Throated_Sparrow_0011_107115.jpg,114,113,114.Black_throated_Sparrow,135,134,identity,identity,0,{},0.045944806,0.045944806,0,0.9550947,0.9550947,0.013241668,0.013241668,0.94185303,0.94185303,0,1,1,8.4860094,8.4860094,False,1,True,True,True,1,1,8.4860094,8.4860094,1,1,8.3658005,8.3658005,1,1,1.423284,1.423284,1,1,1.8361593,1.8361593,1,1,4.5282931,4.5282931,1,1,4.3974701,4.3974701,1,1,3.7718862,3.7718862,1,1,3.5418683,3.5418683
experiment_0a_best,file,16,,6638,114.Black_throated_Sparrow/Black_Throated_Sparrow_0011_107115.jpg,114,113,114.Black_throated_Sparrow,135,134,horizontal_flip,horizontal_flip,0,"{""flipped"":true}",0.045944806,0.052334562,0.0063897558,0.9550947,0.94901133,0.013241668,0.013957972,0.94185303,0.93505335,-0.0067996727,0.61799387,1.055866,8.4860094,8.9600891,False,0.97111726,True,True,True,0.61799387,1.055866,8.4860094,8.9600891,0.60799873,1.0556975,8.3658005,8.8317549,0.96137978,1.0616711,1.423284,1.5110595,0.6521889,1.1035623,1.8361593,2.0263162,0.49252667,0.83711497,4.5282931,3.7907019,0.62852451,1.0962365,4.3974701,4.8206674,0.60600332,1.1808929,3.7718862,4.4541934,0.73349829,1.1449741,3.5418683,4.0553475
experiment_0a_best,file,16,,6638,114.Black_throated_Sparrow/Black_Throated_Sparrow_0011_107115.jpg,114,113,114.Black_throated_Sparrow,135,134,color_jitter,color_jitter,0,"{""brightness"":0.919932,""contrast"":1.098295,""hue"":0.071976,""saturation"":1.22421}",0.045944806,0.15952888,0.11358408,0.9550947,0.85254532,0.013241668,0.00059459242,0.94185303,0.85195073,-0.089902298,0.48790312,2.9881873,8.4860094,25.357786,False,0.8791703,True,True,True,0.48790312,2.9881873,8.4860094,25.357786,0.48178024,2.9580949,8.3658005,24.746832,0.66651008,3.8873302,1.423284,5.5327748,0.5342664,3.0788886,1.8361593,5.65333,0.48671,2.4279495,4.5282931,10.994467,0.42964067,2.8806831,4.3974701,12.667718,0.53205747,3.2332665,3.7718862,12.195513,0.49631966,3.4621181,3.5418683,12.262366
experiment_0a_best,file,16,,6638,114.Black_throated_Sparrow/Black_Throated_Sparrow_0011_107115.jpg,114,113,114.Black_throated_Sparrow,135,134,rotation,rotation,0,"{""angle"":4.040347}",0.045944806,0.048360191,0.0024153851,0.9550947,0.95279056,0.013241668,0.0054107844,0.94185303,0.94737977,0.0055267471,0.81870865,0.90488548,8.4860094,7.6788667,False,0.9804256,True,True,True,0.81870865,0.90488548,8.4860094,7.6788667,0.81432849,0.90290167,8.3658005,7.5534953,0.96152951,0.97093765,1.423284,1.38192,0.74937918,0.89731003,1.8361593,1.6476042,0.79375617,0.80839546,4.5282931,3.6606515,0.8340871,0.91528676,4.3974701,4.0249462,0.79788191,0.92495477,3.7718862,3.4888241,0.85778584,1.0009325,3.5418683,3.5451709
experiment_0a_best,file,16,,6638,114.Black_throated_Sparrow/Black_Throated_Sparrow_0011_107115.jpg,114,113,114.Black_throated_Sparrow,135,134,random_resized_crop,random_resized_crop,0,"{""area_fraction"":0.68525,""aspect"":0.931228,""fallback"":false,""height"":0.857821,""left"":0.007065,""top"":0.001079,""width"":0.798827}",0.045944806,0.1836503,0.13770549,0.9550947,0.83222681,0.013241668,0.0087252138,0.94185303,0.8235016,-0.11835143,0.72977175,4.0855814,8.4860094,34.670283,False,0.95633996,True,True,True,0.72977175,4.0855814,8.4860094,34.670283,0.72569925,4.0946775,8.3658005,34.255255,0.88570468,3.7578277,1.423284,5.348456,0.65627968,4.5245864,1.8361593,8.3078616,0.74260904,3.8975034,4.5282931,17.649037,0.74149095,4.2006386,4.3974701,18.472183,0.68813388,4.1032965,3.7718862,15.477167,0.74049513,4.1123332,3.5418683,14.565342
experiment_0a_best,file,16,,6638,114.Black_throated_Sparrow/Black_Throated_Sparrow_0011_107115.jpg,114,113,114.Black_throated_Sparrow,135,134,gaussian_blur,gaussian_blur,0,"{""sigma"":1.363179}",0.045944806,0.034263633,-0.011681173,0.9550947,0.9663167,0.013241668,0.0017674983,0.94185303,0.9645492,0.022696175,0.68985133,0.70004334,8.4860094,5.9405744,False,0.95414007,True,True,True,0.68985133,0.70004334,8.4860094,5.9405744,0.6830085,0.69776708,8.3658005,5.8373802,0.90646439,0.77458852,1.423284,1.1024594,0.50074011,0.79959524,1.8361593,1.4681843,0.68983804,0.62218473,4.5282931,2.8174348,0.68023336,0.72072432,4.3974701,3.1693636,0.68688939,0.71831309,3.7718862,2.7093952,0.73689889,0.72510656,3.5418683,2.5682319
experiment_0a_best,file,16,,6638,114.Black_throated_Sparrow/Black_Throated_Sparrow_0011_107115.jpg,114,113,114.Black_throated_Sparrow,135,134,random_erasing,random_erasing,0,"{""area_fraction"":0.103919,""erased"":true,""height"":0.571897,""left"":0.605938,""top"":0.05689,""width"":0.18171}",0.045944806,0.21969351,0.17374871,0.9550947,0.80276477,0.013241668,0.084167585,0.94185303,0.71859719,-0.22325584,0.85289929,4.1518659,8.4860094,35.232773,False,0.97562885,True,True,True,0.85289929,4.1518659,8.4860094,35.232773,0.85014964,4.1584519,8.3658005,34.788779,0.95521692,3.9175354,1.423284,5.5757653,0.8948936,4.2037968,1.8361593,7.7188408,0.84623916,3.6601591,4.5282931,16.574273,0.8440542,4.284452,4.3974701,18.84075,0.8370803,4.3529508,3.7718862,16.418835,0.88062012,4.4767992,3.5418683,15.856233
experiment_0a_best,file,16,,8966,153.Philadelphia_Vireo/Philadelphia_Vireo_0015_794778.jpg,153,152,153.Philadelphia_Vireo,200,199,identity,identity,0,{},0.36139107,0.36139107,0,0.69670647,0.69670647,0.097109467,0.097109467,0.59959701,0.59959701,0,1,1,47.780899,47.780899,False,0.99999994,True,True,True,1,1,47.780899,47.780899,1,1,47.036606,47.036606,1,1,8.4007172,8.4007172,1,1,7.7446835,7.7446835,1,1,17.832423,17.832423,1,1,28.987241,28.987241,1,1,22.884625,22.884625,1,1,21.691026,21.691026
experiment_0a_best,file,16,,8966,153.Philadelphia_Vireo/Philadelphia_Vireo_0015_794778.jpg,153,152,153.Philadelphia_Vireo,200,199,horizontal_flip,horizontal_flip,0,"{""flipped"":true}",0.36139107,0.54573166,0.1843406,0.69670647,0.57941771,0.097109467,0.04152837,0.59959701,0.53788934,-0.061707672,0.60879987,1.5399603,47.780899,73.580688,False,0.93527889,True,True,True,0.60879987,1.5399603,47.780899,73.580688,0.59987976,1.5371923,47.036606,72.304309,0.87433756,1.6243468,8.4007172,13.645678,0.56037454,1.9066707,7.7446835,14.766561,0.64062304,1.9043699,17.832423,33.959529,0.6085116,1.3875497,28.987241,40.221238,0.548419,1.5440564,22.884625,35.335152,0.63755693,1.4507793,21.691026,31.468893
experiment_0a_best,file,16,,8966,153.Philadelphia_Vireo/Philadelphia_Vireo_0015_794778.jpg,153,152,153.Philadelphia_Vireo,200,199,color_jitter,color_jitter,0,"{""brightness"":0.685656,""contrast"":1.094621,""hue"":0.022547,""saturation"":0.809781}",0.36139107,0.92816681,0.56677574,0.69670647,0.39527768,0.097109467,0.040170588,0.59959701,0.35510709,-0.24448992,0.72822974,2.0786861,47.780899,99.321491,False,0.96801651,True,True,True,0.72822974,2.0786861,47.780899,99.321491,0.7223487,2.0817166,47.036606,97.916881,0.92280578,1.9813319,8.4007172,16.644609,0.58812972,3.6076391,7.7446835,27.940023,0.67189658,2.7105617,17.832423,48.335882,0.7516068,1.8203668,28.987241,52.767411,0.73490923,1.9029139,22.884625,43.547473,0.804704,1.9504646,21.691026,42.307578
experiment_0a_best,file,16,,8966,153.Philadelphia_Vireo/Philadelphia_Vireo_0015_794778.jpg,153,152,153.Philadelphia_Vireo,200,199,rotation,rotation,0,"{""angle"":3.451549}",0.36139107,1.1130111,0.75162005,0.69670647,0.3285681,0.097109467,0.21874905,0.59959701,0.10981905,-0.48977795,0.8483029,2.1429222,47.780899,102.39075,False,0.95959544,True,True,True,0.8483029,2.1429222,47.780899,102.39075,0.84479649,2.1405805,47.036606,100.68564,0.95501287,2.2150792,8.4007172,18.608254,0.73388713,2.4417866,7.7446835,18.910865,0.7616985,2.5187741,17.832423,44.915844,0.88485649,2.1034835,28.987241,60.974183,0.84653682,1.9527766,22.884625,44.688561,0.86966973,2.0861484,21.691026,45.250699
experiment_0a_best,file,16,,8966,153.Philadelphia_Vireo/Philadelphia_Vireo_0015_794778.jpg,153,152,153.Philadelphia_Vireo,200,199,random_resized_crop,random_resized_crop,0,"{""area_fraction"":0.512688,""aspect"":0.990105,""fallback"":false,""height"":0.719591,""left"":0.059282,""top"":0.095269,""width"":0.712471}",0.36139107,1.0785079,0.71711683,0.69670647,0.34010261,0.097109467,0.0062331688,0.59959701,0.33386944,-0.26572756,0.58185141,2.6786565,47.780899,127.98861,False,0.87045461,True,True,True,0.58185141,2.6786565,47.780899,127.98861,0.57627589,2.6921658,47.036606,126.63034,0.80530831,2.2137194,8.4007172,18.596831,0.51700987,2.9515639,7.7446835,22.858928,0.556935,3.3810408,17.832423,60.292148,0.61052502,2.6176538,28.987241,75.878561,0.5388315,2.6328648,22.884625,60.252124,0.60639266,2.3003449,21.691026,49.896843
experiment_0a_best,file,16,,8966,153.Philadelphia_Vireo/Philadelphia_Vireo_0015_794778.jpg,153,152,153.Philadelphia_Vireo,200,199,gaussian_blur,gaussian_blur,0,"{""sigma"":1.316071}",0.36139107,2.1495681,1.788177,0.69670647,0.11653451,0.097109467,0.020201987,0.59959701,0.096332522,-0.50326448,0.56188141,3.3015153,47.780899,157.74937,False,0.82737559,False,True,False,0.56188141,3.3015153,47.780899,157.74937,0.55668324,3.3113333,47.036606,155.75388,0.74621472,2.9773475,8.4007172,25.011855,0.52221079,3.8586049,7.7446835,29.883674,0.56874186,4.2523784,17.832423,75.830207,0.59243738,3.2614494,28.987241,94.54042,0.47731505,3.0722645,22.884625,70.307623,0.60112057,2.8174946,21.691026,61.114349
experiment_0a_best,file,16,,8966,153.Philadelphia_Vireo/Philadelphia_Vireo_0015_794778.jpg,153,152,153.Philadelphia_Vireo,200,199,random_erasing,random_erasing,0,"{""area_fraction"":0.199315,""erased"":true,""height"":0.674039,""left"":0.395359,""top"":0.318501,""width"":0.295703}",0.36139107,3.6485248,3.2871337,0.69670647,0.026029505,0.097109467,0.0070291506,0.59959701,0.019000354,-0.58059665,0.43316225,2.7777967,47.780899,132.72562,False,0.75755757,False,True,False,0.43316225,2.7777967,47.780899,132.72562,0.42404158,2.7740833,47.036606,130.48346,0.70781908,2.8917954,8.4007172,24.293156,0.43664695,2.7027567,7.7446835,20.931995,0.36851685,3.5226565,17.832423,62.817499,0.453886,2.2135908,28.987241,64.165891,0.444878,2.8446419,22.884625,65.098565,0.43091861,3.0184189,21.691026,65.472604
experiment_0a_best,file,16,,5646,097.Orchard_Oriole/Orchard_Oriole_0006_91724.jpg,97,96,097.Orchard_Oriole,1,0,identity,identity,0,{},0.75493318,0.75493318,0,0.47004205,0.47004205,0.44172779,0.44172779,0.028314263,0.028314263,0,1,1,109.58406,109.58406,False,1,True,True,True,1,1,109.58406,109.58406,1,1,107.36395,107.36395,1,1,21.946482,21.946482,1,1,38.774395,38.774395,1,1,53.246545,53.246545,1,1,49.560315,49.560315,1,1,49.120968,49.120968,1,1,48.158854,48.158854
experiment_0a_best,file,16,,5646,097.Orchard_Oriole/Orchard_Oriole_0006_91724.jpg,97,96,097.Orchard_Oriole,1,0,horizontal_flip,horizontal_flip,0,"{""flipped"":true}",0.75493318,0.089154504,-0.66577867,0.47004205,0.9147042,0.44172779,0.027813377,0.028314263,0.88689083,0.85857656,0.63561329,0.14107881,109.58406,15.459988,False,0.96306646,True,True,True,0.63561329,0.14107881,109.58406,15.459988,0.62666449,0.14167044,107.36395,15.210298,0.88039703,0.12609408,21.946482,2.7673214,0.66563833,0.11028023,38.774395,4.2760491,0.684574,0.13386818,53.246545,7.1280179,0.63121639,0.16117309,49.560315,7.9877889,0.57079263,0.15166752,49.120968,7.4500552,0.61595938,0.13608641,48.158854,6.5537657
experiment_0a_best,file,16,,5646,097.Orchard_Oriole/Orchard_Oriole_0006_91724.jpg,97,96,097.Orchard_Oriole,1,0,color_jitter,color_jitter,0,"{""brightness"":0.752195,""contrast"":1.275139,""hue"":0.001791,""saturation"":0.863526}",0.75493318,2.732698,1.9777648,0.47004205,0.065043576,0.44172779,0.54203862,0.028314263,-0.47699504,-0.50530931,0.80933474,1.6687781,109.58406,182.87148,False,0.95983082,False,True,False,0.80933474,1.6687781,109.58406,182.87148,0.80464935,1.6740644,107.36395,179.73417,0.93433116,1.5368482,21.946482,33.728412,0.77986056,1.5284958,38.774395,59.266501,0.77897002,1.829897,53.246545,97.435694,0.83505029,1.7120271,49.560315,84.848601,0.81567125,1.6273484,49.120968,79.936929,0.81881771,1.5689231,48.158854,75.557536
experiment_0a_best,file,16,,5646,097.Orchard_Oriole/Orchard_Oriole_0006_91724.jpg,97,96,097.Orchard_Oriole,1,0,rotation,rotation,0,"{""angle"":-1.652569}",0.75493318,0.73261964,-0.022313535,0.47004205,0.48064822,0.44172779,0.39316496,0.028314263,0.087483257,0.059168994,0.89183246,1.039111,109.58406,113.87,False,0.98429692,True,True,True,0.89183246,1.039111,109.58406,113.87,0.88861621,1.0432503,107.36395,112.00748,0.98295848,0.93459331,21.946482,20.511035,0.89341957,0.98232907,38.774395,38.089216,0.90193935,1.0820435,53.246545,57.615079,0.87551663,1.1147728,49.560315,55.24849,0.87963815,1.0462067,49.120968,51.390683,0.90189604,0.9474653,48.158854,45.628843
experiment_0a_best,file,16,,5646,097.Orchard_Oriole/Orchard_Oriole_0006_91724.jpg,97,96,097.Orchard_Oriole,1,0,random_resized_crop,random_resized_crop,0,"{""area_fraction"":0.850149,""aspect"":0.911927,""fallback"":false,""height"":0.965534,""left"":0.048761,""top"":0.002165,""width"":0.880497}",0.75493318,0.77828717,0.023353994,0.47004205,0.45919186,0.44172779,0.31756806,0.028314263,0.1416238,0.11330953,0.8160962,1.0023352,109.58406,109.83996,False,0.97137988,True,True,True,0.8160962,1.0023352,109.58406,109.83996,0.8114846,1.0076774,107.36395,108.18822,0.95395425,0.86469323,21.946482,18.976975,0.68889826,0.8672425,38.774395,33.626804,0.87831123,1.0503899,53.246545,55.929633,0.82433027,1.0924096,49.560315,54.140162,0.7821326,1.0169415,49.120968,49.953153,0.82293324,0.93309889,48.158854,44.936973
experiment_0a_best,file,16,,5646,097.Orchard_Oriole/Orchard_Oriole_0006_91724.jpg,97,96,097.Orchard_Oriole,1,0,gaussian_blur,gaussian_blur,0,"{""sigma"":1.999554}",0.75493318,4.2466068,3.4916736,0.47004205,0.014312722,0.44172779,0.039190009,0.028314263,-0.024877287,-0.05319155,0.28329575,1.3403643,109.58406,146.88256,False,0.72256529,False,True,False,0.28329575,1.3403643,109.58406,146.88256,0.27306809,1.3467711,107.36395,144.59466,0.56594736,1.1766736,21.946482,25.823846,-0.11033398,1.0092314,38.774395,39.132338,0.21892682,1.2929549,53.246545,68.845382,0.39154206,1.5519922,49.560315,76.917219,0.33654099,1.3581869,49.120968,66.715455,0.32052138,1.35677,48.158854,65.340487
experiment_0a_best,file,16,,5646,097.Orchard_Oriole/Orchard_Oriole_0006_91724.jpg,97,96,097.Orchard_Oriole,1,0,random_erasing,random_erasing,0,"{""area_fraction"":0.083563,""erased"":true,""height"":0.168329,""left"":0.069177,""top"":0.461864,""width"":0.496424}",0.75493318,2.5229445,1.7680113,0.47004205,0.080223061,0.44172779,0.25399631,0.028314263,-0.17377325,-0.20208751,0.71000558,1.3879425,109.58406,152.09637,False,0.90224242,False,True,False,0.71000558,1.3879425,109.58406,152.09637,0.7063057,1.3943607,107.36395,149.70408,0.81664673,1.2243398,21.946482,26.869952,0.88947461,1.6005197,38.774395,62.059184,0.74254999,1.3272134,53.246545,70.669526,0.7030735,1.3130396,49.560315,65.074655,0.61342115,1.3415049,49.120968,65.896018,0.63640953,1.4666331,48.158854,70.631371
experiment_0a_best,file,16,,2734,048.European_Goldfinch/European_Goldfinch_0014_794672.jpg,48,47,048.European_Goldfinch,185,184,identity,identity,0,{},0.0025025262,0.0025025262,0,0.9975006,0.9975006,0.00084711361,0.00084711361,0.99665348,0.99665348,0,1,1,0.37413903,0.37413903,False,1,True,True,True,1,1,0.37413903,0.37413903,1,1,0.36596246,0.36596246,1,1,0.077791326,0.077791326,1,1,0.064596293,0.064596293,1,1,0.13316231,0.13316231,1,1,0.17123626,0.17123626,1,1,0.17859814,0.17859814,1,1,0.2253985,0.2253985
experiment_0a_best,file,16,,2734,048.European_Goldfinch/European_Goldfinch_0014_794672.jpg,48,47,048.European_Goldfinch,185,184,horizontal_flip,horizontal_flip,0,"{""flipped"":true}",0.0025025262,0.0013688966,-0.0011336296,0.9975006,0.99863201,0.00084711361,0.00010752109,0.99665348,0.99852449,0.0018710079,0.53160021,0.50699692,0.37413903,0.18968734,False,0.95974612,True,True,True,0.53160021,0.50699692,0.37413903,0.18968734,0.51364382,0.50702148,0.36596246,0.18555083,0.92944818,0.50645322,0.077791326,0.039397668,0.50547727,0.48004474,0.064596293,0.03100911,0.38755893,0.51640966,0.13316231,0.068766305,0.39242345,0.50331562,0.17123626,0.086185885,0.40393329,0.49463107,0.17859814,0.088340188,0.6929792,0.51561352,0.2253985,0.11621852
experiment_0a_best,file,16,,2734,048.European_Goldfinch/European_Goldfinch_0014_794672.jpg,48,47,048.European_Goldfinch,185,184,color_jitter,color_jitter,0,"{""brightness"":0.995157,""contrast"":0.852607,""hue"":-0.047259,""saturation"":0.763313}",0.0025025262,0.0026246407,0.00012211455,0.9975006,0.99737883,0.00084711361,0.00030766753,0.99665348,0.99707116,0.00041767379,0.8220302,1.2385991,0.37413903,0.46340826,False,0.96620959,True,True,True,0.8220302,1.2385991,0.37413903,0.46340826,0.8178752,1.2455371,0.36596246,0.4558198,0.93744966,1.0736365,0.077791326,0.08351961,0.79626504,1.3197879,0.064596293,0.085253409,0.76340552,1.4921308,0.13316231,0.19869559,0.80370564,1.352701,0.17123626,0.23163147,0.81139388,1.2113768,0.17859814,0.21634964,0.87648584,1.0918268,0.2253985,0.24609614
experiment_0a_best,file,16,,2734,048.European_Goldfinch/European_Goldfinch_0014_794672.jpg,48,47,048.European_Goldfinch,185,184,rotation,rotation,0,"{""angle"":-3.084932}",0.0025025262,0.0040499107,0.0015473845,0.9975006,0.99595827,0.00084711361,0.0010701265,0.99665348,0.99488814,-0.0017653427,0.79022893,1.7561431,0.37413903,0.65704168,False,0.98531044,True,True,True,0.79022893,1.7561431,0.37413903,0.65704168,0.78239234,1.760625,0.36596246,0.64432265,0.97634598,1.6538471,0.077791326,0.12865496,0.67340501,1.553526,0.064596293,0.10035202,0.67715589,1.8662072,0.13316231,0.24850847,0.71573756,1.9437054,0.17123626,0.33283284,0.79291408,1.8130083,0.17859814,0.32379992,0.88230177,1.585424,0.2253985,0.35735221
experiment_0a_best,file,16,,2734,048.European_Goldfinch/European_Goldfinch_0014_794672.jpg,48,47,048.European_Goldfinch,185,184,random_resized_crop,random_resized_crop,0,"{""area_fraction"":0.761399,""aspect"":1.031298,""fallback"":false,""height"":0.859239,""left"":0.001067,""top"":0.070402,""width"":0.886131}",0.0025025262,0.00035815977,-0.0021443664,0.9975006,0.9996419,0.00084711361,7.2338538e-05,0.99665348,0.99956956,0.0029160719,0.74196763,0.16508446,0.37413903,0.061764538,False,0.98035163,True,True,True,0.74196763,0.16508446,0.37413903,0.061764538,0.73215068,0.16507266,0.36596246,0.060410396,0.95887429,0.16534531,0.077791326,0.012862431,0.65378253,0.17569664,0.064596293,0.011349352,0.66277652,0.16709846,0.13316231,0.022251218,0.70834856,0.176307,0.17123626,0.030190152,0.69018388,0.16547504,0.17859814,0.029553535,0.81096618,0.15626833,0.2253985,0.035222647
experiment_0a_best,file,16,,2734,048.European_Goldfinch/European_Goldfinch_0014_794672.jpg,48,47,048.European_Goldfinch,185,184,gaussian_blur,gaussian_blur,0,"{""sigma"":1.407859}",0.0025025262,0.064560592,0.062058066,0.9975006,0.93747932,0.00084711361,0.0021489402,0.99665348,0.93533038,-0.061323108,0.30083687,36.290976,0.37413903,13.57787,False,0.86154854,True,True,True,0.30083687,36.290976,0.37413903,13.57787,0.28767179,36.790332,0.36596246,13.46388,0.81137824,22.569371,0.077791326,1.7557013,0.037304062,49.731479,0.064596293,3.2124692,0.27251288,48.512231,0.13316231,6.4600008,0.16175774,41.78083,0.17123626,7.1543932,0.25227971,37.874717,0.17859814,6.764354,0.52498165,25.207732,0.2253985,5.681785
experiment_0a_best,file,16,,2734,048.European_Goldfinch/European_Goldfinch_0014_794672.jpg,48,47,048.European_Goldfinch,185,184,random_erasing,random_erasing,0,"{""area_fraction"":0.175577,""erased"":true,""height"":0.381219,""left"":0.319149,""top"":0.242969,""width"":0.460566}",0.0025025262,1.9385215,1.936019,0.9975006,0.14391658,0.00084711361,0.25936946,0.99665348,-0.11545289,-1.1121064,0.381712,373.12719,0.37413903,139.60144,False,0.80266601,False,True,False,0.381712,373.12719,0.37413903,139.60144,0.36577432,375.06788,0.36596246,137.26076,0.78940532,327.24396,0.077791326,25.456742,0.29733336,404.17469,0.064596293,26.108187,0.30784751,508.01389,0.13316231,67.648304,0.31022647,404.57559,0.17123626,69.278011,0.36517219,379.30921,0.17859814,67.743919,0.47960166,287.315,0.2253985,64.760371
experiment_0a_best,file,16,,3949,068.Ruby_throated_Hummingbird/Ruby_Throated_Hummingbird_0055_57781.jpg,68,67,068.Ruby_throated_Hummingbird,69,68,identity,identity,0,{},0.14057977,0.14057977,0,0.86885434,0.86885434,0.042076398,0.042076398,0.82677795,0.82677795,0,1,1,18.940377,18.940377,False,0.99999988,True,True,True,1,1,18.940377,18.940377,1,1,18.551423,18.551423,1,1,3.8187131,3.8187131,1,1,3.5763884,3.5763884,1,1,7.6106247,7.6106247,1,1,9.3965621,9.3965621,1,1,9.2946874,9.2946874,1,1,9.9376325,9.9376325
experiment_0a_best,file,16,,3949,068.Ruby_throated_Hummingbird/Ruby_Throated_Hummingbird_0055_57781.jpg,68,67,068.Ruby_throated_Hummingbird,69,68,horizontal_flip,horizontal_flip,0,"{""flipped"":true}",0.14057977,0.088836491,-0.051743284,0.86885434,0.91499519,0.042076398,0.0036749691,0.82677795,0.91132022,0.084542278,0.54144959,0.66380068,18.940377,12.572635,False,0.94573861,True,True,True,0.54144959,0.66380068,18.940377,12.572635,0.52682139,0.66530291,18.551423,12.342316,0.90849493,0.62730396,3.8187131,2.3954938,0.31019486,0.83960089,3.5763884,3.0027389,0.30212646,0.62959466,7.6106247,4.7916087,0.52629277,0.60297826,9.3965621,5.6659226,0.53687327,0.64986996,9.2946874,6.0403382,0.6729154,0.72401839,9.9376325,7.1950286
experiment_0a_best,file,16,,3949,068.Ruby_throated_Hummingbird/Ruby_Throated_Hummingbird_0055_57781.jpg,68,67,068.Ruby_throated_Hummingbird,69,68,color_jitter,color_jitter,0,"{""brightness"":1.063103,""contrast"":0.739581,""hue"":0.072666,""saturation"":0.966558}",0.14057977,0.24799684,0.10741706,0.86885434,0.78036243,0.042076398,0.048725508,0.82677795,0.73163692,-0.095141027,0.76190173,1.7906413,18.940377,33.915421,False,0.92714477,True,True,True,0.76190173,1.7906413,18.940377,33.915421,0.75574164,1.7922963,18.551423,33.249646,0.91089781,1.7511302,3.8187131,6.6870639,0.66609432,1.656793,3.5763884,5.9253354,0.6845022,1.9284031,7.6106247,14.676352,0.78592274,1.7608955,9.3965621,16.546364,0.75098892,1.7768365,9.2946874,16.51514,0.79129228,1.7674459,9.9376325,17.564228
experiment_0a_best,file,16,,3949,068.Ruby_throated_Hummingbird/Ruby_Throated_Hummingbird_0055_57781.jpg,68,67,068.Ruby_throated_Hummingbird,69,68,rotation,rotation,0,"{""angle"":-6.756088}",0.14057977,0.08597286,-0.054606915,0.86885434,0.91761911,0.042076398,0.022795554,0.82677795,0.89482355,0.068045609,0.75215843,0.60051209,18.940377,11.373925,False,0.96032172,True,True,True,0.75215843,0.60051209,18.940377,11.373925,0.74327628,0.59991159,18.551423,11.129214,0.95700833,0.6145139,3.8187131,2.3466523,0.63575573,0.55015218,3.5763884,1.9675579,0.67997213,0.56700628,7.6106247,4.315272,0.69112529,0.5440871,9.3965621,5.1125482,0.74021122,0.60250555,9.2946874,5.6001007,0.83444886,0.66648032,9.9376325,6.6232364
experiment_0a_best,file,16,,3949,068.Ruby_throated_Hummingbird/Ruby_Throated_Hummingbird_0055_57781.jpg,68,67,068.Ruby_throated_Hummingbird,69,68,random_resized_crop,random_resized_crop,0,"{""area_fraction"":0.503449,""aspect"":0.90861,""fallback"":false,""height"":0.74437,""left"":0.103326,""top"":0.056495,""width"":0.676342}",0.14057977,0.48216951,0.34158973,0.86885434,0.61744237,0.042076398,0.010610075,0.82677795,0.60683229,-0.21994565,0.6430673,2.845927,18.940377,53.902929,False,0.92865866,True,True,True,0.6430673,2.845927,18.940377,53.902929,0.63267974,2.8417391,18.551423,52.718303,0.88015859,2.943035,3.8187131,11.238606,0.36804128,3.6878244,3.5763884,13.189092,0.45272113,2.459682,7.6106247,18.719716,0.66631374,2.5292662,9.3965621,23.766407,0.65772271,2.9199648,9.2946874,27.14016,0.72407987,3.1071107,9.9376325,30.877324
experiment_0a_best,file,16,,3949,068.Ruby_throated_Hummingbird/Ruby_Throated_Hummingbird_0055_57781.jpg,68,67,068.Ruby_throated_Hummingbird,69,68,gaussian_blur,gaussian_blur,0,"{""sigma"":1.032735}",0.14057977,0.40625831,0.26567854,0.86885434,0.66613805,0.042076398,0.10291535,0.82677795,0.56322271,-0.26355524,0.80235747,2.8891465,18.940377,54.721524,False,0.97356069,True,True,True,0.80235747,2.8891465,18.940377,54.721524,0.79628497,2.90249,18.551423,53.845321,0.97155386,2.5540768,3.8187131,9.7532865,0.49948846,3.3172035,3.5763884,11.863608,0.61839742,2.6839007,7.6106247,20.426161,0.8261476,3.182726,9.3965621,29.906683,0.84162629,2.9311899,9.2946874,27.244494,0.88248426,2.6712279,9.9376325,26.545681
experiment_0a_best,file,16,,3949,068.Ruby_throated_Hummingbird/Ruby_Throated_Hummingbird_0055_57781.jpg,68,67,068.Ruby_throated_Hummingbird,69,68,random_erasing,random_erasing,0,"{""area_fraction"":0.177466,""erased"":true,""height"":0.504292,""left"":0.369822,""top"":0.464309,""width"":0.351912}",0.14057977,0.50739998,0.3668202,0.86885434,0.60205895,0.042076398,0.02747274,0.82677795,0.57458621,-0.25219174,0.75767828,2.8360792,18.940377,53.716408,False,0.95048964,True,True,True,0.75767828,2.8360792,18.940377,53.716408,0.75090615,2.8346213,18.551423,52.586258,0.91557521,2.8702723,3.8187131,10.960746,0.63313545,3.0489661,3.5763884,10.904287,0.60024971,2.3257812,7.6106247,17.700648,0.79103197,2.9254178,9.3965621,27.48887,0.73545049,2.8169843,9.2946874,26.182988,0.82109114,3.0052312,9.9376325,29.864884
experiment_0a_best,file,16,,8324,142.Black_Tern/Black_Tern_0082_144372.jpg,142,141,142.Black_Tern,30,29,identity,identity,0,{},4.1420884,4.1420884,0,0.01588963,0.01588963,0.83401656,0.83401656,-0.81812693,-0.81812693,0,1,1,229.30951,229.30951,False,1,True,False,False,1,1,229.30951,229.30951,1,1,226.1988,226.1988,1,1,37.642485,37.642485,1,1,77.092984,77.092984,1,1,105.91593,105.91593,1,1,120.40489,120.40489,1,1,98.075673,98.075673,1,1,99.439474,99.439474
experiment_0a_best,file,16,,8324,142.Black_Tern/Black_Tern_0082_144372.jpg,142,141,142.Black_Tern,30,29,horizontal_flip,horizontal_flip,0,"{""flipped"":true}",4.1420884,3.7155924,-0.42649603,0.01588963,0.024341019,0.83401656,0.56782192,-0.81812693,-0.5434809,0.27464603,0.7199393,0.87681284,229.30951,201.06153,False,0.94866753,True,False,False,0.7199393,0.87681284,229.30951,201.06153,0.71425247,0.8766886,226.1988,198.30591,0.92422699,0.88128751,37.642485,33.173852,0.8807933,1.0867679,77.092984,83.782181,0.72062257,0.86255108,105.91593,91.357903,0.67332775,0.78992168,120.40489,95.110432,0.64628248,0.87890416,98.075673,86.199117,0.721039,0.86993293,99.439474,86.505673
experiment_0a_best,file,16,,8324,142.Black_Tern/Black_Tern_0082_144372.jpg,142,141,142.Black_Tern,30,29,color_jitter,color_jitter,0,"{""brightness"":0.747842,""contrast"":1.047949,""hue"":-0.089632,""saturation"":0.978746}",4.1420884,3.1140823,-1.0280061,0.01588963,0.044419251,0.83401656,0.23573296,-0.81812693,-0.19131371,0.62681323,0.5846828,0.55641151,229.30951,127.59045,False,0.83342236,True,False,False,0.5846828,0.55641151,229.30951,127.59045,0.57995233,0.55189258,226.1988,124.83744,0.73538586,0.70031695,37.642485,26.36167,0.54111611,0.62485209,77.092984,48.171712,0.57523664,0.48801149,105.91593,51.688192,0.66188051,0.45915691,120.40489,55.284737,0.57304039,0.58549063,98.075673,57.422387,0.55375721,0.65470515,99.439474,65.103535
experiment_0a_best,file,16,,8324,142.Black_Tern/Black_Tern_0082_144372.jpg,142,141,142.Black_Tern,30,29,rotation,rotation,0,"{""angle"":13.823643}",4.1420884,2.9981871,-1.1439013,0.01588963,0.049877401,0.83401656,0.33042392,-0.81812693,-0.28054652,0.53758041,0.70427527,0.85401654,229.30951,195.83412,False,0.89538389,True,False,False,0.70427527,0.85401654,229.30951,195.83412,0.70136558,0.8564481,226.1988,193.72753,0.82731824,0.76102562,37.642485,28.646895,0.83948955,1.1635251,77.092984,89.699625,0.72461652,0.87332056,105.91593,92.498562,0.67539433,0.73963644,120.40489,89.055843,0.64981631,0.81561645,98.075673,79.992132,0.67965579,0.81690067,99.439474,81.232172
experiment_0a_best,file,16,,8324,142.Black_Tern/Black_Tern_0082_144372.jpg,142,141,142.Black_Tern,30,29,random_resized_crop,random_resized_crop,0,"{""area_fraction"":0.712307,""aspect"":0.921615,""fallback"":false,""height"":0.879142,""left"":0.153929,""top"":0.079526,""width"":0.81023}",4.1420884,4.0035391,-0.13854933,0.01588963,0.018250937,0.83401656,0.53577995,-0.81812693,-0.51752902,0.30059792,0.76266226,0.86428811,229.30951,198.18949,False,0.95678723,True,False,False,0.76266226,0.86428811,229.30951,198.18949,0.75817342,0.86514668,226.1988,195.69514,0.93161365,0.83269275,37.642485,31.344624,0.78248647,1.0394752,77.092984,80.136245,0.74033448,0.87748066,105.91593,92.939183,0.76088429,0.75730056,120.40489,91.182689,0.73725922,0.85992766,98.075673,84.337984,0.79514769,0.88871788,99.439474,88.373638
experiment_0a_best,file,16,,8324,142.Black_Tern/Black_Tern_0082_144372.jpg,142,141,142.Black_Tern,30,29,gaussian_blur,gaussian_blur,0,"{""sigma"":1.379313}",4.1420884,1.470136,-2.6719524,0.01588963,0.22989419,0.83401656,0.025093518,-0.81812693,0.20480067,1.0229276,0.48307682,0.73757865,229.30951,169.1338,False,0.84816211,False,False,False,0.48307682,0.73757865,229.30951,169.1338,0.4801648,0.73920774,226.1988,167.2079,0.59991442,0.67612793,37.642485,25.451135,0.58007744,0.93074584,77.092984,71.753974,0.50179833,0.76563563,105.91593,81.093013,0.46490375,0.62014902,120.40489,74.668974,0.43005756,0.77540672,98.075673,76.048536,0.46879193,0.70214325,99.439474,69.820755
experiment_0a_best,file,16,,8324,142.Black_Tern/Black_Tern_0082_144372.jpg,142,141,142.Black_Tern,30,29,random_erasing,random_erasing,0,"{""area_fraction"":0.115111,""erased"":true,""height"":0.393405,""left"":0.352204,""top"":0.095975,""width"":0.292601}",4.1420884,2.1147857,-2.0273027,0.01588963,0.12065916,0.83401656,0.59400469,-0.81812693,-0.47334553,0.3447814,0.79624902,0.83592862,229.30951,191.68639,False,0.92900944,True,False,False,0.79624902,0.83592862,229.30951,191.68639,0.79269937,0.83397033,226.1988,188.64309,0.91702276,0.90380345,37.642485,34.021408,0.86884907,0.94443059,77.092984,72.808972,0.78182989,0.83969482,105.91593,88.937061,0.79757858,0.79356838,120.40489,95.549513,0.75174908,0.80333034,98.075673,78.787164,0.79100545,0.84366523,99.439474,83.893626
experiment_0a_best,file,16,,8209,140.Summer_Tanager/Summer_Tanager_0058_139427.jpg,140,139,140.Summer_Tanager,139,138,identity,identity,0,{},0.00060802093,0.00060802093,0,0.99939215,0.99939215,0.00034495915,0.00034495915,0.99904719,0.99904719,0,1,1,0.078526629,0.078526629,False,0.99999994,True,True,True,1,1,0.078526629,0.078526629,1,1,0.075481796,0.075481796,1,1,0.021654788,0.021654788,1,1,0.014331255,0.014331255,1,1,0.02985557,0.02985557,1,1,0.036387519,0.036387519,1,1,0.036251484,0.036251484,1,1,0.044300565,0.044300565
experiment_0a_best,file,16,,8209,140.Summer_Tanager/Summer_Tanager_0058_139427.jpg,140,139,140.Summer_Tanager,139,138,horizontal_flip,horizontal_flip,0,"{""flipped"":true}",0.00060802093,0.0016753937,0.0010673727,0.99939215,0.998326,0.00034495915,0.00060931849,0.99904719,0.99771669,-0.0013305076,0.71080766,2.5747804,0.078526629,0.20218882,False,0.98691124,True,True,True,0.71080766,2.5747804,0.078526629,0.20218882,0.69263317,2.5988356,0.075481796,0.19616478,0.97088402,2.2621655,0.021654788,0.048986712,0.61366559,2.9689836,0.014331255,0.042549261,0.64230815,2.6117317,0.02985557,0.077974739,0.60704369,2.2202521,0.036387519,0.080789463,0.63075371,2.7010013,0.036251484,0.097915305,0.81852978,2.715887,0.044300565,0.12031533
experiment_0a_best,file,16,,8209,140.Summer_Tanager/Summer_Tanager_0058_139427.jpg,140,139,140.Summer_Tanager,139,138,color_jitter,color_jitter,0,"{""brightness"":1.156802,""contrast"":0.997757,""hue"":-0.035248,""saturation"":1.130596}",0.00060802093,0.0023925272,0.0017845063,0.99939215,0.99761033,0.00034495915,0.0014249505,0.99904719,0.99618538,-0.0028618127,0.83576892,4.1703415,0.078526629,0.32748286,False,0.98332381,True,True,True,0.83576892,4.1703415,0.078526629,0.32748286,0.82627403,4.2135879,0.075481796,0.31804919,0.98021769,3.6036725,0.021654788,0.078036762,0.67706024,3.9049404,0.014331255,0.055962696,0.70190377,4.3845252,0.02985557,0.1309025,0.78742361,4.4757099,0.036387519,0.16285998,0.85652499,4.3332904,0.036251484,0.15708821,0.91786974,3.8893822,0.044300565,0.17230183
experiment_0a_best,file,16,,8209,140.Summer_Tanager/Summer_Tanager_0058_139427.jpg,140,139,140.Summer_Tanager,139,138,rotation,rotation,0,"{""angle"":10.831409}",0.00060802093,0.0015073378,0.00089931686,0.99939215,0.99849379,0.00034495915,0.00051641924,0.99904719,0.99797737,-0.0010698213,0.79353929,2.272598,0.078526629,0.17845946,False,0.98550498,True,True,True,0.79353929,2.272598,0.078526629,0.17845946,0.7806,2.2854509,0.075481796,0.17250994,0.96615721,2.1101905,0.021654788,0.045695727,0.62470802,2.3853861,0.014331255,0.034185576,0.74031885,2.2243693,0.02985557,0.066409814,0.72568796,2.0895329,0.036387519,0.076032917,0.75637395,2.3188073,0.036251484,0.084060204,0.86466623,2.40312,0.044300565,0.10645957
experiment_0a_best,file,16,,8209,140.Summer_Tanager/Summer_Tanager_0058_139427.jpg,140,139,140.Summer_Tanager,139,138,random_resized_crop,random_resized_crop,0,"{""area_fraction"":0.745387,""aspect"":1.278505,""fallback"":false,""height"":0.763554,""left"":0.005137,""top"":0.012431,""width"":0.976207}",0.00060802093,0.00026317948,-0.00034484145,0.99939215,0.99973685,0.00034495915,0.00012837841,0.99904719,0.99960847,0.0005612744,0.78824016,0.42710356,0.078526629,0.033539003,False,0.98695934,True,True,True,0.78824016,0.42710356,0.078526629,0.033539003,0.77153765,0.42527939,0.075481796,0.032100852,0.98163403,0.44867518,0.021654788,0.0097159657,0.6364209,0.44918038,0.014331255,0.0064373186,0.70685967,0.43627909,0.02985557,0.013025361,0.74244837,0.39238603,0.036387519,0.014277954,0.72519151,0.42241924,0.036251484,0.015313324,0.86450449,0.44061333,0.044300565,0.019519419
experiment_0a_best,file,16,,8209,140.Summer_Tanager/Summer_Tanager_0058_139427.jpg,140,139,140.Summer_Tanager,139,138,gaussian_blur,gaussian_blur,0,"{""sigma"":1.044195}",0.00060802093,0.0008550802,0.00024705927,0.99939215,0.99914527,0.00034495915,0.00036450653,0.99904719,0.99878076,-0.00026642982,0.8394745,1.3759385,0.078526629,0.10804781,False,0.99250412,True,True,True,0.8394745,1.3759385,0.078526629,0.10804781,0.82826576,1.3808793,0.075481796,0.10423125,0.9834931,1.314425,0.021654788,0.028463595,0.75631423,1.5413731,0.014331255,0.02208981,0.77074815,1.5040046,0.02985557,0.044902915,0.77928485,1.3830981,0.036387519,0.050327508,0.81870579,1.3309471,0.036251484,0.048248806,0.90998747,1.3352727,0.044300565,0.059153337
experiment_0a_best,file,16,,8209,140.Summer_Tanager/Summer_Tanager_0058_139427.jpg,140,139,140.Summer_Tanager,139,138,random_erasing,random_erasing,0,"{""area_fraction"":0.071879,""erased"":true,""height"":0.248827,""left"":0.11625,""top"":0.659231,""width"":0.288872}",0.00060802093,0.00058681431,-2.1206622e-05,0.99939215,0.99941337,0.00034495915,0.00032977667,0.99904719,0.99908359,3.6401732e-05,0.98445018,0.94857618,0.078526629,0.07448849,False,0.99848688,True,True,True,0.98445018,0.94857618,0.078526629,0.07448849,0.98331158,0.94648162,0.075481796,0.071442133,0.99826186,0.97366526,0.021654788,0.021084514,0.98720368,0.9264455,0.014331255,0.013277127,0.98232395,0.97342164,0.02985557,0.029062058,0.98350662,0.93549947,0.036387519,0.034040504,0.97968659,0.93459944,0.036251484,0.033880616,0.98594123,0.95140651,0.044300565,0.042147846
experiment_0a_best,file,16,,11708,199.Winter_Wren/Winter_Wren_0051_189990.jpg,199,198,199.Winter_Wren,11,10,identity,identity,0,{},2.4660137,2.4660137,0,0.084922716,0.084922716,0.11694989,0.11694989,-0.032027178,-0.032027178,0,1,1,152.94676,152.94676,False,1,True,False,False,1,1,152.94676,152.94676,1,1,150.7475,150.7475,1,1,25.843772,25.843772,1,1,42.831673,42.831673,1,1,67.843043,67.843043,1,1,89.668557,89.668557,1,1,65.00002,65.00002,1,1,63.420239,63.420239
experiment_0a_best,file,16,,11708,199.Winter_Wren/Winter_Wren_0051_189990.jpg,199,198,199.Winter_Wren,11,10,horizontal_flip,horizontal_flip,0,"{""flipped"":true}",2.4660137,4.613987,2.1479733,0.084922716,0.0099122198,0.11694989,0.22689472,-0.032027178,-0.2169825,-0.18495532,0.62799933,1.0336528,152.94676,158.09384,False,0.93630582,True,False,False,0.62799933,1.0336528,152.94676,158.09384,0.6185183,1.0298731,150.7475,155.2508,0.9196555,1.1549057,25.843772,29.847119,0.46193053,1.0967297,42.831673,46.974766,0.56602207,0.97592091,67.843043,66.209444,0.68503296,0.95013138,89.668557,85.19691,0.599216,1.0807132,65.00002,70.246379,0.65600814,1.1500175,63.420239,72.934387
experiment_0a_best,file,16,,11708,199.Winter_Wren/Winter_Wren_0051_189990.jpg,199,198,199.Winter_Wren,11,10,color_jitter,color_jitter,0,"{""brightness"":0.954295,""contrast"":0.876032,""hue"":-0.037438,""saturation"":1.060713}",2.4660137,1.8576161,-0.6083976,0.084922716,0.15604417,0.11694989,0.19342047,-0.032027178,-0.0373763,-0.005349122,0.87110358,0.88553504,152.94676,135.43971,False,0.96479654,True,False,False,0.87110358,0.88553504,152.94676,135.43971,0.86848273,0.88464386,150.7475,133.35785,0.95777744,0.91533979,25.843772,23.655832,0.88124787,0.92210448,42.831673,39.495277,0.85335177,0.84116713,67.843043,57.067337,0.89372218,0.85122168,89.668557,76.32782,0.85355597,0.90709786,65.00002,58.961379,0.85340485,0.95462232,63.420239,60.542375
experiment_0a_best,file,16,,11708,199.Winter_Wren/Winter_Wren_0051_189990.jpg,199,198,199.Winter_Wren,11,10,rotation,rotation,0,"{""angle"":-13.473958}",2.4660137,2.5256793,0.05966568,0.084922716,0.08000394,0.11694989,0.022017317,-0.032027178,0.057986623,0.0900138,0.72642628,1.0293573,152.94676,157.43687,False,0.92686284,False,False,False,0.72642628,1.0293573,152.94676,157.43687,0.72177727,1.0325715,150.7475,155.65758,0.9106078,0.91328051,25.843772,23.602613,0.66361677,1.1116544,42.831673,47.61402,0.75775942,1.0840747,67.843043,73.546927,0.74556115,0.99994449,89.668557,89.663579,0.68222313,1.0446635,65.00002,67.903148,0.70589932,0.98503474,63.420239,62.471138
experiment_0a_best,file,16,,11708,199.Winter_Wren/Winter_Wren_0051_189990.jpg,199,198,199.Winter_Wren,11,10,random_resized_crop,random_resized_crop,0,"{""area_fraction"":0.870972,""aspect"":0.871993,""fallback"":false,""height"":0.999414,""left"":0.02819,""top"":0.000371,""width"":0.871483}",2.4660137,2.6407914,0.17477775,0.084922716,0.071304828,0.11694989,0.12917845,-0.032027178,-0.057873622,-0.025846444,0.8335283,1.0395841,152.94676,159.00102,False,0.97528988,False,False,False,0.8335283,1.0395841,152.94676,159.00102,0.82973223,1.0410555,150.7475,156.93651,0.97069244,0.98821821,25.843772,25.539286,0.86523594,1.2926181,42.831673,55.364997,0.81395564,1.0578577,67.843043,71.768283,0.85951869,1.0040098,89.668557,90.02811,0.79221602,1.011946,65.00002,65.776508,0.82188134,0.9949356,63.420239,63.099053
experiment_0a_best,file,16,,11708,199.Winter_Wren/Winter_Wren_0051_189990.jpg,199,198,199.Winter_Wren,11,10,gaussian_blur,gaussian_blur,0,"{""sigma"":1.902126}",2.4660137,6.5906706,4.1246569,0.084922716,0.0013731185,0.11694989,0.033618383,-0.032027178,-0.032245265,-0.00021808711,0.26821112,0.76321885,152.94676,116.73185,False,0.77703238,False,False,False,0.26821112,0.76321885,152.94676,116.73185,0.24725233,0.74980836,150.7475,113.03174,0.76384111,1.1282154,25.843772,29.15734,-0.0098176064,0.7128998,42.831673,30.534691,0.15021027,0.71553453,67.843043,48.54404,0.23485423,0.62750968,89.668557,56.267888,0.28072469,0.8260673,65.00002,53.694391,0.42123075,0.92455477,63.420239,58.635484
experiment_0a_best,file,16,,11708,199.Winter_Wren/Winter_Wren_0051_189990.jpg,199,198,199.Winter_Wren,11,10,random_erasing,random_erasing,0,"{""area_fraction"":0.149216,""erased"":true,""height"":0.304911,""left"":0.156512,""top"":0.216249,""width"":0.489375}",2.4660137,3.730948,1.2649343,0.084922716,0.023970101,0.11694989,0.0088603953,-0.032027178,0.015109706,0.047136883,0.6829278,0.85373456,152.94676,130.57593,False,0.91103745,False,False,False,0.6829278,0.85373456,152.94676,130.57593,0.67617606,0.84611399,150.7475,127.54957,0.88256827,1.0814835,25.843772,27.949614,0.7112998,0.62025039,42.831673,26.566362,0.65666088,0.77016595,67.843043,52.250401,0.71897405,0.75567549,89.668557,67.76033,0.65173358,0.98924261,65.00002,64.300789,0.68198808,1.0104912,63.420239,64.085594
experiment_0a_best,file,16,,515,010.Red_winged_Blackbird/Red_Winged_Blackbird_0046_4242.jpg,10,9,010.Red_winged_Blackbird,109,108,identity,identity,0,{},0.006040887,0.006040887,0,0.99397731,0.99397731,0.0015370823,0.0015370823,0.99244023,0.99244023,0,1,1,0.69699067,0.69699067,False,1,True,True,True,1,1,0.69699067,0.69699067,1,1,0.67575976,0.67575976,1,1,0.17071832,0.17071832,1,1,0.20653713,0.20653713,1,1,0.28488629,0.28488629,1,1,0.27823731,0.27823731,1,1,0.29195986,0.29195986,1,1,0.41252504,0.41252504
experiment_0a_best,file,16,,515,010.Red_winged_Blackbird/Red_Winged_Blackbird_0046_4242.jpg,10,9,010.Red_winged_Blackbird,109,108,horizontal_flip,horizontal_flip,0,"{""flipped"":true}",0.006040887,0.0047379369,-0.0013029501,0.99397731,0.99527329,0.0015370823,0.00044458322,0.99244023,0.99482871,0.0023884828,0.59186147,0.74111511,0.69699067,0.51655032,False,0.97614121,True,True,True,0.59186147,0.74111511,0.69699067,0.51655032,0.56742404,0.73935507,0.67575976,0.4996264,0.96080145,0.76816574,0.17071832,0.13113996,0.67765734,0.70363631,0.20653713,0.14532703,0.41992818,0.65475174,0.28488629,0.18652979,0.4472059,0.84536673,0.27823731,0.23521256,0.44467783,0.73521406,0.29195986,0.21465299,0.73232408,0.7365117,0.41252504,0.30382952
experiment_0a_best,file,16,,515,010.Red_winged_Blackbird/Red_Winged_Blackbird_0046_4242.jpg,10,9,010.Red_winged_Blackbird,109,108,color_jitter,color_jitter,0,"{""brightness"":0.697069,""contrast"":0.759818,""hue"":0.043924,""saturation"":0.785219}",0.006040887,1.1633896,1.1573487,0.99397731,0.3124254,0.0015370823,0.20731883,0.99244023,0.10510658,-0.88733365,0.64084641,139.31788,0.69699067,97.103266,False,0.85248303,True,True,True,0.64084641,139.31788,0.69699067,97.103266,0.63062913,140.53477,0.67575976,94.967745,0.83923676,118.63222,0.17071832,20.252693,0.80493757,155.78991,0.20653713,32.176401,0.50161807,145.25499,0.28488629,41.381155,0.64422841,167.17347,0.27823731,46.513896,0.61588153,155.45167,0.29195986,45.385648,0.68083446,109.69539,0.41252504,45.252097
experiment_0a_best,file,16,,515,010.Red_winged_Blackbird/Red_Winged_Blackbird_0046_4242.jpg,10,9,010.Red_winged_Blackbird,109,108,rotation,rotation,0,"{""angle"":9.513422}",0.006040887,0.0039508869,-0.0020900001,0.99397731,0.99605691,0.0015370823,0.0011815986,0.99244023,0.99487532,0.0024350897,0.65750114,0.60197698,0.69699067,0.41957234,False,0.96823716,True,True,True,0.65750114,0.60197698,0.69699067,0.41957234,0.63568309,0.59714443,0.67575976,0.40352618,0.96515222,0.67318016,0.17071832,0.11492418,0.48562727,0.41360812,0.20653713,0.085425436,0.57239134,0.50112836,0.28488629,0.1427646,0.5787046,0.62096241,0.27823731,0.17277491,0.54521388,0.66761193,0.29195986,0.19491588,0.77221313,0.62891502,0.41252504,0.25944319
experiment_0a_best,file,16,,515,010.Red_winged_Blackbird/Red_Winged_Blackbird_0046_4242.jpg,10,9,010.Red_winged_Blackbird,109,108,random_resized_crop,random_resized_crop,0,"{""area_fraction"":0.848832,""aspect"":0.882818,""fallback"":false,""height"":0.980563,""left"":0.089876,""top"":0.010859,""width"":0.865658}",0.006040887,0.011175773,0.0051348861,0.99397731,0.98888642,0.0015370823,0.0017423324,0.99244023,0.98714408,-0.0052961424,0.75706774,1.7984289,0.69699067,1.2534882,False,0.97963113,True,True,True,0.75706774,1.7984289,0.69699067,1.2534882,0.7431965,1.7955718,0.67575976,1.2133752,0.96909642,1.8426173,0.17071832,0.31456852,0.87714808,1.8032406,0.20653713,0.37243615,0.62098613,1.7002691,0.28488629,0.48438336,0.67370502,1.8637185,0.27823731,0.518556,0.68104202,1.891243,0.29195986,0.55216704,0.83367755,1.7566825,0.41252504,0.72467553
experiment_0a_best,file,16,,515,010.Red_winged_Blackbird/Red_Winged_Blackbird_0046_4242.jpg,10,9,010.Red_winged_Blackbird,109,108,gaussian_blur,gaussian_blur,0,"{""sigma"":1.475936}",0.006040887,0.10292892,0.096888035,0.99397731,0.9021911,0.0015370823,0.0060921395,0.99244023,0.89609896,-0.096341263,0.37476147,21.839962,0.69699067,15.22225,False,0.89319766,True,True,True,0.37476147,21.839962,0.69699067,15.22225,0.35351423,22.162071,0.67575976,14.976236,0.85628726,15.96585,0.17071832,2.7256631,0.54506459,21.547861,0.20653713,4.4504335,0.047558689,23.30485,0.28488629,6.6392321,0.27601804,27.942843,0.27823731,7.7747412,0.31247717,25.619588,0.29195986,7.4798911,0.62385524,16.080819,0.41252504,6.6337406
experiment_0a_best,file,16,,515,010.Red_winged_Blackbird/Red_Winged_Blackbird_0046_4242.jpg,10,9,010.Red_winged_Blackbird,109,108,random_erasing,random_erasing,0,"{""area_fraction"":0.184621,""erased"":true,""height"":0.27494,""left"":0.022839,""top"":0.346072,""width"":0.671495}",0.006040887,0.086906716,0.080865829,0.99397731,0.91676259,0.0015370823,0.0040428843,0.99244023,0.91271971,-0.07972052,0.58031707,13.227288,0.69699067,9.2192964,False,0.93896925,True,True,True,0.58031707,13.227288,0.69699067,9.2192964,0.56049036,13.267512,0.67575976,8.9656508,0.90871479,12.580258,0.17071832,2.1476804,0.55942542,10.468041,0.20653713,2.1620391,0.43206877,11.772037,0.28488629,3.3536919,0.43421631,14.055312,0.27823731,3.9107122,0.49301019,14.52663,0.29195986,4.2411927,0.71640705,13.535885,0.41252504,5.5838917
experiment_0a_best,file,16,,3542,061.Heermann_Gull/Heermann_Gull_0079_45468.jpg,61,60,061.Heermann_Gull,64,63,identity,identity,0,{},0.57034504,0.57034504,0,0.56533033,0.56533033,0.081657626,0.081657626,0.4836727,0.4836727,0,1,1,60.49005,60.49005,False,1,True,True,True,1,1,60.49005,60.49005,1,1,59.27795,59.27795,1,1,12.048683,12.048683,1,1,18.876698,18.876698,1,1,25.774497,25.774497,1,1,27.471632,27.471632,1,1,28.924524,28.924524,1,1,30.031688,30.031688
experiment_0a_best,file,16,,3542,061.Heermann_Gull/Heermann_Gull_0079_45468.jpg,61,60,061.Heermann_Gull,64,63,horizontal_flip,horizontal_flip,0,"{""flipped"":true}",0.57034504,0.18190786,-0.38843718,0.56533033,0.83367819,0.081657626,0.048492778,0.4836727,0.78518541,0.30151271,0.71799892,0.38343389,60.49005,23.193935,False,0.96844041,True,True,True,0.71799892,0.38343389,60.49005,23.193935,0.70740221,0.38247843,59.27795,22.672537,0.96092046,0.40587535,12.048683,4.8902634,0.79494915,0.32986416,18.876698,6.2267462,0.72004902,0.41497301,25.774497,10.695721,0.65927526,0.39239274,27.471632,10.779669,0.65471685,0.36795844,28.924524,10.643023,0.76110546,0.38169332,30.031688,11.462895
experiment_0a_best,file,16,,3542,061.Heermann_Gull/Heermann_Gull_0079_45468.jpg,61,60,061.Heermann_Gull,64,63,color_jitter,color_jitter,0,"{""brightness"":0.901015,""contrast"":1.008505,""hue"":0.021131,""saturation"":0.764685}",0.57034504,0.68130696,0.11096191,0.56533033,0.50595534,0.081657626,0.081353433,0.4836727,0.42460191,-0.059070796,0.94051808,1.0888591,60.49005,65.865141,False,0.99273908,True,True,True,0.94051808,1.0888591,60.49005,65.865141,0.93836376,1.0858482,59.27795,64.366854,0.99129044,1.1593559,12.048683,13.968712,0.93656325,1.0818826,18.876698,20.422371,0.9253106,1.102597,25.774497,28.418884,0.93685367,1.0598546,27.471632,29.115935,0.93880026,1.0673537,28.924524,30.872697,0.95010802,1.1131375,30.031688,33.429398
experiment_0a_best,file,16,,3542,061.Heermann_Gull/Heermann_Gull_0079_45468.jpg,61,60,061.Heermann_Gull,64,63,rotation,rotation,0,"{""angle"":-4.230178}",0.57034504,0.76877743,0.19843239,0.56533033,0.46357948,0.081657626,0.13360855,0.4836727,0.32997093,-0.15370177,0.81066707,1.4038297,60.49005,84.917726,False,0.96065313,True,True,True,0.81066707,1.4038297,60.49005,84.917726,0.80491909,1.4032676,59.27795,83.182829,0.94845271,1.4173655,12.048683,17.077387,0.81036568,1.0874696,18.876698,20.527835,0.82448107,1.5419228,25.774497,39.742286,0.78210559,1.4403913,27.471632,39.5699,0.78943276,1.416888,28.924524,40.982811,0.83393635,1.362043,30.031688,40.904449
experiment_0a_best,file,16,,3542,061.Heermann_Gull/Heermann_Gull_0079_45468.jpg,61,60,061.Heermann_Gull,64,63,random_resized_crop,random_resized_crop,0,"{""area_fraction"":0.815719,""aspect"":1.156602,""fallback"":false,""height"":0.839805,""left"":0.00972,""top"":0.061139,""width"":0.97132}",0.57034504,0.78930676,0.21896172,0.56533033,0.45415953,0.081657626,0.085695274,0.4836727,0.36846425,-0.11520845,0.79905383,1.2747426,60.49005,77.109246,False,0.966941,True,True,True,0.79905383,1.2747426,60.49005,77.109246,0.79322605,1.2797336,59.27795,75.859982,0.96099339,1.1473329,12.048683,13.82385,0.83821788,0.97561456,18.876698,18.416381,0.81184508,1.4832437,25.774497,38.229862,0.81487257,1.4107885,27.471632,38.756661,0.76895547,1.2145397,28.924524,35.129984,0.78879829,1.1620329,30.031688,34.897808
experiment_0a_best,file,16,,3542,061.Heermann_Gull/Heermann_Gull_0079_45468.jpg,61,60,061.Heermann_Gull,64,63,gaussian_blur,gaussian_blur,0,"{""sigma"":1.797587}",0.57034504,1.9101461,1.3398011,0.56533033,0.14805876,0.081657626,0.020558059,0.4836727,0.1275007,-0.356172,0.50925634,2.4490072,60.49005,148.14057,False,0.84431678,True,True,True,0.50925634,2.4490072,60.49005,148.14057,0.49891345,2.463301,59.27795,146.01943,0.81404907,2.0731779,12.048683,24.979063,0.41726044,1.6384179,18.876698,30.927921,0.36924332,2.707644,25.774497,69.788163,0.52540133,2.7475308,27.471632,75.479153,0.51427136,2.4857096,28.924524,71.897967,0.61267114,2.2653351,30.031688,68.031836
experiment_0a_best,file,16,,3542,061.Heermann_Gull/Heermann_Gull_0079_45468.jpg,61,60,061.Heermann_Gull,64,63,random_erasing,random_erasing,0,"{""area_fraction"":0.089768,""erased"":true,""height"":0.465451,""left"":0.213843,""top"":0.196349,""width"":0.192862}",0.57034504,1.9676083,1.3972633,0.56533033,0.13979079,0.081657626,0.13206343,0.4836727,0.0077273548,-0.47594535,0.83149859,2.1462731,60.49005,129.82817,False,0.95500422,True,True,True,0.83149859,2.1462731,60.49005,129.82817,0.82726308,2.1544006,59.27795,127.70845,0.94984145,1.9391825,12.048683,23.364595,0.83875625,1.7244996,18.876698,32.552858,0.84988748,2.3018624,25.774497,59.329346,0.83791583,2.2109647,27.471632,60.738809,0.8060612,2.2217989,28.924524,64.264475,0.82592467,2.0823104,30.031688,62.535295
experiment_0a_best,file,16,,11652,198.Rock_Wren/Rock_Wren_0063_189121.jpg,198,197,198.Rock_Wren,121,120,identity,identity,0,{},0.0066702333,0.0066702333,0,0.99335194,0.99335194,0.0023715161,0.0023715161,0.99098042,0.99098042,0,1,1,1.279426,1.279426,False,0.99999994,True,True,True,1,1,1.279426,1.279426,1,1,1.2582194,1.2582194,1,1,0.23197999,0.23197999,1,1,0.30262444,0.30262444,1,1,0.70383755,0.70383755,1,1,0.66838103,0.66838103,1,1,0.54320537,0.54320537,1,1,0.50432328,0.50432328
experiment_0a_best,file,16,,11652,198.Rock_Wren/Rock_Wren_0063_189121.jpg,198,197,198.Rock_Wren,121,120,horizontal_flip,horizontal_flip,0,"{""flipped"":true}",0.0066702333,0.0078540556,0.0011838223,0.99335194,0.99217671,0.0023715161,0.00093960913,0.99098042,0.9912371,0.00025668216,0.65296241,1.0926431,1.279426,1.3979559,False,0.97674018,True,True,True,0.65296241,1.0926431,1.279426,1.3979559,0.64261477,1.0918254,1.2582194,1.3737559,0.95081675,1.1164282,0.23197999,0.258989,0.64401351,0.99545647,0.30262444,0.30124945,0.58342585,1.1259868,0.70383755,0.79251178,0.65861469,1.1044995,0.66838103,0.73822649,0.64560897,1.0371346,0.54320537,0.56337707,0.73143896,1.0968741,0.50432328,0.55317915
experiment_0a_best,file,16,,11652,198.Rock_Wren/Rock_Wren_0063_189121.jpg,198,197,198.Rock_Wren,121,120,color_jitter,color_jitter,0,"{""brightness"":1.38571,""contrast"":1.221433,""hue"":-0.075618,""saturation"":1.001625}",0.0066702333,3.8588102,3.85214,0.99335194,0.021093082,0.0023715161,0.024475504,0.99098042,-0.003382422,-0.99436284,0.17123658,152.34383,1.279426,194.91265,False,0.71321183,False,True,False,0.17123658,152.34383,1.279426,194.91265,0.1596056,152.82329,1.2582194,192.28523,0.55247559,137.49284,0.23197999,31.895587,0.14439639,152.44909,0.30262444,46.13482,-0.050769714,120.54798,0.70383755,84.846198,0.14881969,157.53349,0.66838103,105.2924,0.29357288,174.26993,0.54320537,94.664361,0.31984717,172.84405,0.50432328,87.169275
experiment_0a_best,file,16,,11652,198.Rock_Wren/Rock_Wren_0063_189121.jpg,198,197,198.Rock_Wren,121,120,rotation,rotation,0,"{""angle"":-0.004473}",0.0066702333,0.0067521743,8.194102e-05,0.99335194,0.99327058,0.0023715161,0.0023822254,0.99098042,0.99088835,-9.2069618e-05,0.99086058,0.98328287,1.279426,1.2580376,False,0.99980086,True,True,True,0.99086058,0.98328287,1.279426,1.2580376,0.99056842,0.9821559,1.2582194,1.2357676,0.99971543,1.0158766,0.23197999,0.23566303,0.98644242,0.93633919,0.30262444,0.28335912,0.99071421,0.9915006,0.70383755,0.69785536,0.98952981,0.97017428,0.66838103,0.64844608,0.99082894,0.97594756,0.54320537,0.53013995,0.99407251,1.007744,0.50432328,0.50822873
experiment_0a_best,file,16,,11652,198.Rock_Wren/Rock_Wren_0063_189121.jpg,198,197,198.Rock_Wren,121,120,random_resized_crop,random_resized_crop,0,"{""area_fraction"":0.604187,""aspect"":0.757093,""fallback"":false,""height"":0.893328,""left"":0.29539,""top"":0.080307,""width"":0.676332}",0.0066702333,0.085396655,0.078726422,0.99335194,0.91814804,0.0023715161,0.065175347,0.99098042,0.85297269,-0.13800773,0.71389353,16.003407,1.279426,20.475174,False,0.95839798,True,True,True,0.71389353,16.003407,1.279426,20.475174,0.70895204,16.062431,1.2582194,20.210062,0.88435348,14.157366,0.23197999,3.2842257,0.71061849,13.30352,0.30262444,4.0259703,0.78005893,15.324083,0.70383755,10.785665,0.69870264,17.082921,0.66838103,11.4179,0.64689696,16.817651,0.54320537,9.1354385,0.67893966,15.623457,0.50432328,7.879273
experiment_0a_best,file,16,,11652,198.Rock_Wren/Rock_Wren_0063_189121.jpg,198,197,198.Rock_Wren,121,120,gaussian_blur,gaussian_blur,0,"{""sigma"":1.470657}",0.0066702333,1.1344035,1.1277332,0.99335194,0.32161394,0.0023715161,0.050643791,0.99098042,0.27097015,-0.72001027,0.35722778,109.39048,1.279426,139.95702,False,0.83545589,True,True,True,0.35722778,109.39048,1.279426,139.95702,0.34662573,110.10931,1.2582194,138.54167,0.76959623,85.584115,0.23197999,19.853802,0.23063457,113.58801,0.30262444,34.374507,0.33207647,107.59797,0.70383755,75.731494,0.2649693,114.51955,0.66838103,76.542696,0.40403942,115.46088,0.54320537,62.71897,0.51721094,98.834413,0.50432328,49.844495
experiment_0a_best,file,16,,11652,198.Rock_Wren/Rock_Wren_0063_189121.jpg,198,197,198.Rock_Wren,121,120,random_erasing,random_erasing,0,"{""area_fraction"":0.076819,""erased"":true,""height"":0.330699,""left"":0.02628,""top"":0.225648,""width"":0.232294}",0.0066702333,0.0085342694,0.0018640361,0.99335194,0.99150205,0.0023715161,0.0041913847,0.99098042,0.98731066,-0.0036697583,0.96282077,1.3474351,1.279426,1.7239435,False,0.99394208,True,True,True,0.96282077,1.3474351,1.279426,1.7239435,0.96211857,1.347816,1.2582194,1.6958483,0.9836929,1.3361821,0.23197999,0.30996752,0.96579406,1.2985851,0.30262444,0.39298358,0.97757915,1.3467315,0.70383755,0.94788023,0.9638143,1.3554493,0.66838103,0.90595659,0.94525045,1.3453141,0.54320537,0.73078183,0.94767025,1.3567553,0.50432328,0.68424329
experiment_0a_best,file,16,,4289,074.Florida_Jay/Florida_Jay_0092_64924.jpg,74,73,074.Florida_Jay,72,71,identity,identity,0,{},7.1698799,7.1698799,0,0.00076941523,0.00076941523,0.47380155,0.47380155,-0.47303214,-0.47303214,0,1,1,219.71571,219.71571,False,1,True,False,False,1,1,219.71571,219.71571,1,1,217.44385,217.44385,1,1,31.514473,31.514473,1,1,82.665273,82.665273,1,1,113.178,113.178,1,1,92.465808,92.465808,1,1,100.54282,100.54282,1,1,94.764118,94.764118
experiment_0a_best,file,16,,4289,074.Florida_Jay/Florida_Jay_0092_64924.jpg,74,73,074.Florida_Jay,72,71,horizontal_flip,horizontal_flip,0,"{""flipped"":true}",7.1698799,5.8370299,-1.33285,0.00076941523,0.0029174946,0.47380155,0.19122891,-0.47303214,-0.18831142,0.28472072,0.67983936,0.90650748,219.71571,199.17393,False,0.92097187,True,False,False,0.67983936,0.90650748,219.71571,199.17393,0.67610633,0.90867823,217.44385,197.5865,0.88844797,0.7963462,31.514473,25.096431,0.72743529,0.78597399,82.665273,64.972754,0.74357813,1.066239,113.178,120.67479,0.62004219,0.98900122,92.465808,91.448797,0.61581467,0.83238822,100.54282,83.690662,0.68827556,0.73788814,94.764118,69.925319
experiment_0a_best,file,16,,4289,074.Florida_Jay/Florida_Jay_0092_64924.jpg,74,73,074.Florida_Jay,72,71,color_jitter,color_jitter,0,"{""brightness"":1.071455,""contrast"":1.188049,""hue"":-0.06786,""saturation"":0.755207}",7.1698799,7.5886521,0.41877222,0.00076941523,0.00050616276,0.47380155,0.44449544,-0.47303214,-0.44398928,0.029042861,0.81094633,0.76391784,219.71571,167.84475,False,0.9766705,True,False,False,0.81094633,0.76391784,219.71571,167.84475,0.80714812,0.75980726,217.44385,165.21542,0.97504425,0.93901769,31.514473,29.592648,0.86579337,0.50237858,82.665273,41.529263,0.76024596,0.63412816,113.178,71.769357,0.74001521,0.74848924,92.465808,69.209663,0.85524777,0.86387264,100.54282,86.856194,0.89710387,0.94894292,94.764118,89.925739
experiment_0a_best,file,16,,4289,074.Florida_Jay/Florida_Jay_0092_64924.jpg,74,73,074.Florida_Jay,72,71,rotation,rotation,0,"{""angle"":-10.623782}",7.1698799,5.5409484,-1.6289315,0.00076941523,0.0039228047,0.47380155,0.048633125,-0.47303214,-0.04471032,0.42832182,0.72349972,0.96243781,219.71571,211.4627,False,0.87509334,False,False,False,0.72349972,0.96243781,219.71571,211.4627,0.72247375,0.96429738,217.44385,209.68054,0.78150064,0.86931814,31.514473,27.396103,0.90762904,1.1615041,82.665273,96.016058,0.76375692,0.91870381,113.178,103.97706,0.66116803,1.0052291,92.465808,92.949322,0.64720565,0.92169314,100.54282,92.669631,0.64880019,0.86430075,94.764118,81.904698
experiment_0a_best,file,16,,4289,074.Florida_Jay/Florida_Jay_0092_64924.jpg,74,73,074.Florida_Jay,72,71,random_resized_crop,random_resized_crop,0,"{""area_fraction"":0.730329,""aspect"":1.30093,""fallback"":false,""height"":0.749259,""left"":0.018677,""top"":0.169334,""width"":0.974734}",7.1698799,9.1926289,2.0227489,0.00076941523,0.00010178695,0.47380155,0.7651636,-0.47303214,-0.76506181,-0.29202968,0.76681736,1.3561183,219.71571,297.9605,False,0.94934475,True,False,False,0.76681736,1.3561183,219.71571,297.9605,0.76409386,1.3587619,217.44385,295.45444,0.91491995,1.2236731,31.514473,38.563413,0.8094944,1.1447987,82.665273,94.635099,0.80276229,1.4362832,113.178,162.55566,0.67782891,1.3753458,92.465808,127.17246,0.74481187,1.3830755,100.54282,139.05832,0.7912413,1.3515104,94.764118,128.0747
experiment_0a_best,file,16,,4289,074.Florida_Jay/Florida_Jay_0092_64924.jpg,74,73,074.Florida_Jay,72,71,gaussian_blur,gaussian_blur,0,"{""sigma"":1.59884}",7.1698799,8.4684792,1.2985992,0.00076941523,0.00020998412,0.47380155,0.26831281,-0.47303214,-0.26810283,0.20492931,0.6383332,0.80397676,219.71571,176.64632,False,0.81858969,True,False,False,0.6383332,0.80397676,219.71571,176.64632,0.63518247,0.80260391,217.44385,174.52129,0.77906867,0.86682266,31.514473,27.317459,0.77882968,0.8343733,82.665273,68.973697,0.64218389,0.76497796,113.178,86.578675,0.59601889,0.80650671,92.465808,74.574294,0.56031725,0.76457665,100.54282,76.872695,0.6340298,0.86593069,94.764118,82.059158
experiment_0a_best,file,16,,4289,074.Florida_Jay/Florida_Jay_0092_64924.jpg,74,73,074.Florida_Jay,72,71,random_erasing,random_erasing,0,"{""area_fraction"":0.139348,""erased"":true,""height"":0.350658,""left"":0.456862,""top"":0.263532,""width"":0.39739}",7.1698799,6.9170847,-0.25279522,0.00076941523,0.00099071395,0.47380155,0.47638249,-0.47303214,-0.47539178,-0.002359642,0.90275208,1.0519931,219.71571,231.13942,False,0.9592576,True,False,False,0.90275208,1.0519931,219.71571,231.13942,0.90176909,1.0534072,217.44385,229.05692,0.95509776,0.98232212,31.514473,30.957364,0.97112342,0.91409412,82.665273,75.56384,0.9046223,1.1123289,113.178,125.89116,0.90121152,1.0811659,92.465808,99.970881,0.88406196,1.0616121,100.54282,106.73748,0.88039771,1.0296969,94.764118,97.578315
experiment_0a_best,file,16,,4332,075.Green_Jay/Green_Jay_0075_65701.jpg,75,74,075.Green_Jay,168,167,identity,identity,0,{},0.058533553,0.058533553,0,0.94314659,0.94314659,0.014536088,0.014536088,0.9286105,0.9286105,0,1,1,10.862747,10.862747,False,1,True,True,True,1,1,10.862747,10.862747,1,1,10.726375,10.726375,1,1,1.7158492,1.7158492,1,1,2.9030348,2.9030348,1,1,5.4597679,5.4597679,1,1,5.9296982,5.9296982,1,1,4.9249229,4.9249229,1,1,4.1716023,4.1716023
experiment_0a_best,file,16,,4332,075.Green_Jay/Green_Jay_0075_65701.jpg,75,74,075.Green_Jay,168,167,horizontal_flip,horizontal_flip,0,"{""flipped"":true}",0.058533553,0.0092294943,-0.049304059,0.94314659,0.99081296,0.014536088,0.0024665233,0.9286105,0.98834643,0.059735936,0.59394144,0.1315402,10.862747,1.4288879,False,0.95671791,True,True,True,0.59394144,0.1315402,10.862747,1.4288879,0.58287267,0.13046679,10.726375,1.3994358,0.948099,0.16820673,1.7158492,0.28861738,0.38120404,0.099323594,2.9030348,0.28833985,0.61686226,0.11429488,5.4597679,0.62402349,0.58668524,0.12683573,5.9296982,0.75209762,0.53289816,0.13874596,4.9249229,0.68331314,0.68320172,0.16139632,4.1716023,0.67328124
experiment_0a_best,file,16,,4332,075.Green_Jay/Green_Jay_0075_65701.jpg,75,74,075.Green_Jay,168,167,color_jitter,color_jitter,0,"{""brightness"":0.894317,""contrast"":0.849661,""hue"":-0.094086,""saturation"":0.921917}",0.058533553,1.1840305,1.125497,0.94314659,0.30604276,0.014536088,0.25045741,0.9286105,0.055585355,-0.87302514,0.66600553,12.478528,10.862747,135.55109,False,0.89323354,True,True,True,0.66600553,12.478528,10.862747,135.55109,0.66154185,12.493745,10.726375,134.0126,0.85048808,11.868598,1.7158492,20.364725,0.76978641,12.332404,2.9030348,35.801399,0.69467105,13.092819,5.4597679,71.483752,0.64306812,12.536839,5.9296982,74.33967,0.61748314,12.596118,4.9249229,62.034908,0.65367103,11.225758,4.1716023,46.829398
experiment_0a_best,file,16,,4332,075.Green_Jay/Green_Jay_0075_65701.jpg,75,74,075.Green_Jay,168,167,rotation,rotation,0,"{""angle"":6.457788}",0.058533553,0.041218989,-0.017314564,0.94314659,0.95961899,0.014536088,0.010251503,0.9286105,0.94936748,0.020756985,0.7692043,0.67954654,10.862747,7.381742,False,0.96814793,True,True,True,0.7692043,0.67954654,10.862747,7.381742,0.76438164,0.67992051,10.726375,7.2930826,0.96215732,0.66476744,1.7158492,1.1406407,0.68861151,0.64658371,2.9030348,1.877055,0.78797327,0.694256,5.4597679,3.7904766,0.74674793,0.6793209,5.9296982,4.0281679,0.74034483,0.66217056,4.9249229,3.261139,0.82607459,0.69628498,4.1716023,2.9046241
experiment_0a_best,file,16,,4332,075.Green_Jay/Green_Jay_0075_65701.jpg,75,74,075.Green_Jay,168,167,random_resized_crop,random_resized_crop,0,"{""area_fraction"":0.875714,""aspect"":0.963583,""fallback"":false,""height"":0.953315,""left"":0.060685,""top"":0.031301,""width"":0.918599}",0.058533553,0.020686705,-0.037846848,0.94314659,0.9795258,0.014536088,0.0068932446,0.9286105,0.97263256,0.044022062,0.78997872,0.36116321,10.862747,3.9232245,False,0.97819674,True,True,True,0.78997872,0.36116321,10.862747,3.9232245,0.78543815,0.36137233,10.726375,3.8762153,0.97190178,0.35289378,1.7158492,0.60551251,0.73805936,0.3094209,2.9030348,0.89825964,0.82480043,0.38162056,5.4597679,2.0835597,0.75896591,0.35312603,5.9296982,2.0939308,0.75763836,0.36815674,4.9249229,1.8131436,0.8330732,0.35595355,4.1716023,1.4848967
experiment_0a_best,file,16,,4332,075.Green_Jay/Green_Jay_0075_65701.jpg,75,74,075.Green_Jay,168,167,gaussian_blur,gaussian_blur,0,"{""sigma"":1.001463}",0.058533553,0.019028267,-0.039505286,0.94314659,0.98115164,0.014536088,0.004257299,0.9286105,0.97689434,0.048283843,0.78073113,0.33384853,10.862747,3.626512,False,0.9477247,True,True,True,0.78073113,0.33384853,10.862747,3.626512,0.77730959,0.33446958,10.726375,3.5876462,0.92812333,0.30860116,1.7158492,0.52951305,0.74757338,0.35062604,2.9030348,1.0178796,0.81516963,0.33321718,5.4597679,1.8192885,0.75989909,0.33129837,5.9296982,1.9644993,0.74800769,0.33132773,4.9249229,1.6317635,0.80336953,0.33929823,4.1716023,1.4154173
experiment_0a_best,file,16,,4332,075.Green_Jay/Green_Jay_0075_65701.jpg,75,74,075.Green_Jay,168,167,random_erasing,random_erasing,0,"{""area_fraction"":0.106652,""erased"":true,""height"":0.228926,""left"":0.058844,""top"":0.013868,""width"":0.46588}",0.058533553,0.12565012,0.06711657,0.94314659,0.88192338,0.014536088,0.028551148,0.9286105,0.85337223,-0.075238269,0.9110323,1.9916996,10.862747,21.635328,False,0.98559672,True,True,True,0.9110323,1.9916996,10.862747,21.635328,0.90912853,1.9906075,10.726375,21.352003,0.9840517,2.0339193,1.7158492,3.4898989,0.87469336,1.9858077,2.9030348,5.7648688,0.9323499,2.0473165,5.4597679,11.177873,0.91870583,1.9265193,5.9296982,11.423678,0.88688276,1.9960069,4.9249229,9.8301802,0.8989897,2.0141373,4.1716023,8.4021799
experiment_0a_best,file,16,,4183,072.Pomarine_Jaeger/Pomarine_Jaeger_0039_61348.jpg,72,71,072.Pomarine_Jaeger,30,29,identity,identity,0,{},0.085742243,0.085742243,0,0.91783077,0.91783077,0.029281847,0.029281847,0.88854892,0.88854892,0,1,1,15.721895,15.721895,False,0.99999994,True,True,True,1,1,15.721895,15.721895,1,1,15.504719,15.504719,1,1,2.6041641,2.6041641,1,1,3.8403192,3.8403192,1,1,7.3047779,7.3047779,1,1,8.415204,8.415204,1,1,7.5866657,7.5866657,1,1,6.6268641,6.6268641
experiment_0a_best,file,16,,4183,072.Pomarine_Jaeger/Pomarine_Jaeger_0039_61348.jpg,72,71,072.Pomarine_Jaeger,30,29,horizontal_flip,horizontal_flip,0,"{""flipped"":true}",0.085742243,0.20285328,0.11711103,0.91783077,0.81639802,0.029281847,0.041820131,0.88854892,0.77457789,-0.11397102,0.70364937,2.0915772,15.721895,32.883557,False,0.97553724,True,True,True,0.70364937,2.0915772,15.721895,32.883557,0.69637442,2.0922084,15.504719,32.439103,0.96445678,2.0690787,2.6041641,5.3882205,0.48175865,2.074422,3.8403192,7.9664425,0.62122186,2.0728712,7.3047779,15.141864,0.76063238,2.0051144,8.415204,16.873447,0.70634184,2.1031827,7.5866657,15.956144,0.74518813,2.2394607,6.6268641,14.840602
experiment_0a_best,file,16,,4183,072.Pomarine_Jaeger/Pomarine_Jaeger_0039_61348.jpg,72,71,072.Pomarine_Jaeger,30,29,color_jitter,color_jitter,0,"{""brightness"":1.164731,""contrast"":1.196514,""hue"":0.025807,""saturation"":1.261414}",0.085742243,0.4220756,0.33633336,0.91783077,0.65568447,0.029281847,0.18480206,0.88854892,0.47088242,-0.4176665,0.79920004,3.2994147,15.721895,51.873052,False,0.96660268,True,True,True,0.79920004,3.2994147,15.721895,51.873052,0.7945397,3.2679687,15.504719,50.668937,0.95328836,4.2669396,2.6041641,11.111811,0.65793658,2.7805841,3.8403192,10.67833,0.77345284,3.0715775,7.3047779,22.437192,0.8274008,3.1883071,8.415204,26.830255,0.78936165,3.2098323,7.5866657,24.351925,0.82389488,3.8085914,6.6268641,25.239018
experiment_0a_best,file,16,,4183,072.Pomarine_Jaeger/Pomarine_Jaeger_0039_61348.jpg,72,71,072.Pomarine_Jaeger,30,29,rotation,rotation,0,"{""angle"":4.005578}",0.085742243,0.28348485,0.1977426,0.91783077,0.75315452,0.029281847,0.17365435,0.88854892,0.57950017,-0.30904875,0.80659862,3.3790153,15.721895,53.124524,False,0.96285278,True,True,True,0.80659862,3.3790153,15.721895,53.124524,0.80338703,3.3731401,15.504719,52.29959,0.91523447,3.5810559,2.6041641,9.325657,0.86745477,3.9731161,3.8403192,15.258034,0.78657911,3.2487185,7.3047779,23.731167,0.82407046,3.4912351,8.415204,29.379456,0.78014683,3.2289504,7.5866657,24.496967,0.79916783,3.2923299,6.6268641,21.817823
experiment_0a_best,file,16,,4183,072.Pomarine_Jaeger/Pomarine_Jaeger_0039_61348.jpg,72,71,072.Pomarine_Jaeger,30,29,random_resized_crop,random_resized_crop,0,"{""area_fraction"":0.521982,""aspect"":1.01696,""fallback"":false,""height"":0.716433,""left"":0.033465,""top"":0.092924,""width"":0.728584}",0.085742243,0.22546487,0.13972262,0.91783077,0.79814512,0.029281847,0.092406608,0.88854892,0.70573851,-0.18281041,0.73625981,2.2582972,15.721895,35.504712,False,0.93702483,True,True,True,0.73625981,2.2582972,15.721895,35.504712,0.73019688,2.2454955,15.504719,34.815777,0.92765255,2.6727714,2.6041641,6.9603353,0.76843248,2.9676105,3.8403192,11.396571,0.68255251,2.1476166,7.3047779,15.687862,0.77657405,2.1667587,8.415204,18.233716,0.70667411,2.0833685,7.5866657,15.805821,0.74271659,2.4042791,6.6268641,15.932831
experiment_0a_best,file,16,,4183,072.Pomarine_Jaeger/Pomarine_Jaeger_0039_61348.jpg,72,71,072.Pomarine_Jaeger,30,29,gaussian_blur,gaussian_blur,0,"{""sigma"":1.726714}",0.085742243,0.31012294,0.22438069,0.91783077,0.73335677,0.029281847,0.016480109,0.88854892,0.71687667,-0.17167225,0.23896295,2.8911182,15.721895,45.453857,False,0.84229839,True,True,True,0.23896295,2.8911182,15.721895,45.453857,0.22561474,2.9009103,15.504719,44.9778,0.78607064,2.5195422,2.6041641,6.5613014,0.021871868,3.2737278,3.8403192,12.57216,0.10232496,2.8418367,7.3047779,20.758986,0.15188002,2.7895209,8.415204,23.474387,0.30275747,2.8874856,7.5866657,21.906388,0.45431315,3.0295824,6.6268641,20.07663
experiment_0a_best,file,16,,4183,072.Pomarine_Jaeger/Pomarine_Jaeger_0039_61348.jpg,72,71,072.Pomarine_Jaeger,30,29,random_erasing,random_erasing,0,"{""area_fraction"":0.145536,""erased"":true,""height"":0.57801,""left"":0.162684,""top"":0.069911,""width"":0.251787}",0.085742243,0.12267695,0.036934711,0.91783077,0.88454938,0.029281847,0.016431801,0.88854892,0.86811758,-0.02043134,0.64189081,1.116319,15.721895,17.550649,False,0.94581515,True,True,True,0.64189081,1.116319,15.721895,17.550649,0.63442559,1.1043485,15.504719,17.122613,0.86603724,1.4793456,2.6041641,3.8524585,0.42161715,1.013857,3.8403192,3.8935346,0.57265391,0.96461073,7.3047779,7.0462671,0.64812449,1.0249678,8.415204,8.6253133,0.67041637,1.1740199,7.5866657,8.9068964,0.70392363,1.3037486,6.6268641,8.6397647
experiment_0a_best,file,16,,5357,092.Nighthawk/Nighthawk_0034_82578.jpg,92,91,092.Nighthawk,105,104,identity,identity,0,{},2.7353961,2.7353961,0,0.064868309,0.064868309,0.93086624,0.93086624,-0.86599793,-0.86599793,0,1,1,222.06139,222.06139,False,0.99999988,True,False,False,1,1,222.06139,222.06139,1,1,217.74664,217.74664,1,1,43.562166,43.562166,1,1,40.635068,40.635068,1,1,101.87396,101.87396,1,1,121.24283,121.24283,1,1,106.57606,106.57606,1,1,96.570203,96.570203
experiment_0a_best,file,16,,5357,092.Nighthawk/Nighthawk_0034_82578.jpg,92,91,092.Nighthawk,105,104,horizontal_flip,horizontal_flip,0,"{""flipped"":true}",2.7353961,1.8713619,-0.8640343,0.064868309,0.15391392,0.93086624,0.83988678,-0.86599793,-0.68597287,0.18002506,0.76265734,0.87690365,222.06139,194.72644,False,0.97289902,True,False,False,0.76265734,0.87690365,222.06139,194.72644,0.75434777,0.87731754,217.74664,191.03294,0.97292294,0.86649841,43.562166,37.746547,0.66165878,0.67346638,40.635068,27.366352,0.75979475,0.79342003,101.87396,80.828841,0.73836668,0.90006301,121.24283,109.12619,0.74560849,0.93104095,106.57606,99.226675,0.80729004,0.8942033,96.570203,86.353395
experiment_0a_best,file,16,,5357,092.Nighthawk/Nighthawk_0034_82578.jpg,92,91,092.Nighthawk,105,104,color_jitter,color_jitter,0,"{""brightness"":0.609393,""contrast"":1.068935,""hue"":-0.097521,""saturation"":0.837828}",2.7353961,3.1623993,0.42700315,0.064868309,0.04232407,0.93086624,0.3179321,-0.86599793,-0.27560803,0.5903899,0.56010371,0.76516374,222.06139,169.91332,False,0.79800862,True,False,False,0.56010371,0.76516374,222.06139,169.91332,0.5552395,0.76770652,217.74664,167.16551,0.6960566,0.69863398,43.562166,30.434009,0.35296523,1.0985233,40.635068,44.63857,0.56522234,0.76574558,101.87396,78.009535,0.60360639,0.77974794,121.24283,94.53885,0.56447329,0.71783143,106.57606,76.503645,0.51705254,0.73775105,96.570203,71.244769
experiment_0a_best,file,16,,5357,092.Nighthawk/Nighthawk_0034_82578.jpg,92,91,092.Nighthawk,105,104,rotation,rotation,0,"{""angle"":6.119156}",2.7353961,1.465049,-1.2703471,0.064868309,0.23106666,0.93086624,0.75293738,-0.86599793,-0.52187072,0.34412722,0.7973107,0.71491222,222.06139,158.7544,False,0.96456653,True,False,False,0.7973107,0.71491222,222.06139,158.7544,0.79042121,0.71403375,217.74664,155.47845,0.96455877,0.73652105,43.562166,32.084452,0.75525541,0.56445095,40.635068,22.936502,0.79522619,0.59794611,101.87396,60.915139,0.77939595,0.7211888,121.24283,87.438974,0.79018028,0.7620379,106.57606,81.214996,0.82584567,0.78147927,96.570203,75.467611
experiment_0a_best,file,16,,5357,092.Nighthawk/Nighthawk_0034_82578.jpg,92,91,092.Nighthawk,105,104,random_resized_crop,random_resized_crop,0,"{""area_fraction"":0.677633,""aspect"":1.295466,""fallback"":false,""height"":0.723243,""left"":0.035229,""top"":0.079053,""width"":0.936937}",2.7353961,3.3327825,0.59738636,0.064868309,0.035693649,0.93086624,0.96380579,-0.86599793,-0.92811215,-0.062114213,0.74979998,1.0861974,222.06139,241.20251,False,0.94770384,True,False,False,0.74979998,1.0861974,222.06139,241.20251,0.74147243,1.0837521,217.74664,235.98337,0.94774096,1.145602,43.562166,49.904905,0.70033994,0.98564733,40.635068,40.051846,0.73741822,0.97845325,101.87396,99.678908,0.72571034,1.0481783,121.24283,127.08411,0.73901389,1.1705961,106.57606,124.75752,0.78606457,1.1546494,96.570203,111.50473
experiment_0a_best,file,16,,5357,092.Nighthawk/Nighthawk_0034_82578.jpg,92,91,092.Nighthawk,105,104,gaussian_blur,gaussian_blur,0,"{""sigma"":1.092196}",2.7353961,1.7419305,-0.99346566,0.064868309,0.17518188,0.93086624,0.82375979,-0.86599793,-0.64857791,0.21742002,0.68546568,0.90623094,222.06139,201.2389,False,0.92403907,True,False,False,0.68546568,0.90623094,222.06139,201.2389,0.6752286,0.90331174,217.74664,196.69309,0.92409701,0.97633864,43.562166,42.531426,0.57580886,0.6487688,40.635068,26.362764,0.64407451,0.69681874,101.87396,70.987685,0.6965469,0.95890272,121.24283,116.26008,0.66062096,0.95548579,106.57606,101.83191,0.72390563,0.98606916,96.570203,95.224899
experiment_0a_best,file,16,,5357,092.Nighthawk/Nighthawk_0034_82578.jpg,92,91,092.Nighthawk,105,104,random_erasing,random_erasing,0,"{""area_fraction"":0.059739,""erased"":true,""height"":0.178131,""left"":0.409815,""top"":0.340461,""width"":0.335364}",2.7353961,2.3894739,-0.34592223,0.064868309,0.091677889,0.93086624,0.86198038,-0.86599793,-0.77030249,0.095695443,0.88270359,0.80903687,222.06139,179.65585,False,0.97541106,True,False,False,0.88270359,0.80903687,222.06139,179.65585,0.87885547,0.80734383,217.74664,175.7964,0.97513412,0.85024409,43.562166,37.038474,0.90594126,0.73401145,40.635068,29.826605,0.87852548,0.77508531,101.87396,78.961011,0.87760852,0.77939,121.24283,94.495452,0.87628129,0.8123186,106.57606,86.573715,0.88586867,0.8881028,96.570203,85.764268
experiment_0a_best,file,16,,10491,179.Tennessee_Warbler/Tennessee_Warbler_0084_174891.jpg,179,178,179.Tennessee_Warbler,152,151,identity,identity,0,{},0.015979208,0.015979208,0,0.98414779,0.98414779,0.0064826608,0.0064826608,0.97766513,0.97766513,0,1,1,4.3155383,4.3155383,False,1,True,True,True,1,1,4.3155383,4.3155383,1,1,4.282786,4.282786,1,1,0.53067454,0.53067454,1,1,0.82923988,0.82923988,1,1,1.8160233,1.8160233,1,1,2.6634739,2.6634739,1,1,2.1018784,2.1018784,1,1,1.6866209,1.6866209
experiment_0a_best,file,16,,10491,179.Tennessee_Warbler/Tennessee_Warbler_0084_174891.jpg,179,178,179.Tennessee_Warbler,152,151,horizontal_flip,horizontal_flip,0,"{""flipped"":true}",0.015979208,0.050814968,0.03483576,0.98414779,0.95045453,0.0064826608,0.01019297,0.97766513,0.94026156,-0.037403563,0.67014049,2.1708292,4.3155383,9.3682965,False,0.95421898,True,True,True,0.67014049,2.1708292,4.3155383,9.3682965,0.66548538,2.1620795,4.282786,9.2597237,0.92996741,2.6798814,0.53067454,1.4221448,0.52446192,1.7719945,0.82923988,1.4694085,0.59036526,2.1780561,1.8160233,3.9554008,0.67084246,1.9856114,2.6634739,5.288624,0.67595049,2.2756766,2.1018784,4.7831957,0.75531303,2.4510306,1.6866209,4.1339595
experiment_0a_best,file,16,,10491,179.Tennessee_Warbler/Tennessee_Warbler_0084_174891.jpg,179,178,179.Tennessee_Warbler,152,151,color_jitter,color_jitter,0,"{""brightness"":1.216994,""contrast"":1.067889,""hue"":0.026686,""saturation"":0.870209}",0.015979208,0.17354937,0.15757016,0.98414779,0.84067565,0.0064826608,0.074695036,0.97766513,0.76598062,-0.21168451,0.87614489,9.5461953,4.3155383,41.196972,False,0.95821017,True,True,True,0.87614489,9.5461953,4.3155383,41.196972,0.87495467,9.5406341,4.282786,40.860494,0.95143488,9.9016856,0.53067454,5.2545725,0.76475842,10.247079,0.82923988,8.4972869,0.8384253,9.8274467,1.8160233,17.846872,0.89770498,9.3797085,2.6634739,24.982608,0.87553217,9.4693042,2.1018784,19.903326,0.89191728,9.5343292,1.6866209,16.080799
experiment_0a_best,file,16,,10491,179.Tennessee_Warbler/Tennessee_Warbler_0084_174891.jpg,179,178,179.Tennessee_Warbler,152,151,rotation,rotation,0,"{""angle"":14.233955}",0.015979208,0.21604531,0.2000661,0.98414779,0.80569881,0.0064826608,0.10834733,0.97766513,0.69735149,-0.28031364,0.73095188,10.408687,4.3155383,44.91909,False,0.93976647,True,True,True,0.73095188,10.408687,4.3155383,44.91909,0.72761242,10.389819,4.282786,44.49737,0.93041949,11.571573,0.53067454,6.1407394,0.64962745,12.66653,0.82923988,10.503591,0.69431431,10.875079,1.8160233,19.749396,0.74366104,9.9390743,2.6634739,26.472464,0.73045575,10.419274,2.1018784,21.900047,0.75556028,10.256482,1.6866209,17.298798
experiment_0a_best,file,16,,10491,179.Tennessee_Warbler/Tennessee_Warbler_0084_174891.jpg,179,178,179.Tennessee_Warbler,152,151,random_resized_crop,random_resized_crop,0,"{""area_fraction"":0.680658,""aspect"":1.256012,""fallback"":false,""height"":0.736152,""left"":0.036356,""top"":0.229526,""width"":0.924616}",0.015979208,0.52821112,0.51223191,0.98414779,0.58965886,0.0064826608,0.065554745,0.97766513,0.52410411,-0.45356102,0.61276082,19.779515,4.3155383,85.359256,False,0.8890025,True,True,True,0.61276082,19.779515,4.3155383,85.359256,0.6097242,19.687935,4.282786,84.319213,0.78572809,25.032885,0.53067454,13.284315,0.6758429,24.914511,0.82923988,20.660106,0.52661113,19.875579,1.8160233,36.094516,0.61258372,18.17799,2.6634739,48.416601,0.62535798,20.335093,2.1018784,42.741893,0.66346393,20.615917,1.6866209,34.771237
experiment_0a_best,file,16,,10491,179.Tennessee_Warbler/Tennessee_Warbler_0084_174891.jpg,179,178,179.Tennessee_Warbler,152,151,gaussian_blur,gaussian_blur,0,"{""sigma"":1.700942}",0.015979208,3.3479648,3.3319856,0.98414779,0.035155836,0.0064826608,0.0039914739,0.97766513,0.031164363,-0.94650076,0.32347787,23.106092,4.3155383,99.715225,False,0.69095981,False,True,False,0.32347787,23.106092,4.3155383,99.715225,0.31730718,22.959259,4.282786,98.32959,0.63414486,31.216046,0.53067454,16.565561,-0.14569497,17.153996,0.82923988,14.224778,0.063652255,18.502761,1.8160233,33.601445,0.37132261,20.908272,2.6634739,55.688636,0.36123651,25.504111,2.1018784,53.60654,0.43526042,28.817826,1.6866209,48.604748
experiment_0a_best,file,16,,10491,179.Tennessee_Warbler/Tennessee_Warbler_0084_174891.jpg,179,178,179.Tennessee_Warbler,152,151,random_erasing,random_erasing,0,"{""area_fraction"":0.084665,""erased"":true,""height"":0.437403,""left"":0.360142,""top"":0.350074,""width"":0.193563}",0.015979208,0.20196871,0.18598951,0.98414779,0.81712049,0.0064826608,0.061804302,0.97766513,0.75531619,-0.22234894,0.81090334,10.371847,4.3155383,44.760102,False,0.95058429,True,True,True,0.81090334,10.371847,4.3155383,44.760102,0.80926575,10.351361,4.282786,44.332664,0.91124946,11.628657,0.53067454,6.171032,0.84506925,9.9201801,0.82923988,8.2262089,0.80169158,10.386509,1.8160233,18.862143,0.8043216,9.951855,2.6634739,26.506506,0.80413598,10.724186,2.1018784,22.540935,0.83214146,10.790896,1.6866209,18.200152
experiment_0a_best,file,16,,1357,025.Pelagic_Cormorant/Pelagic_Cormorant_0017_23875.jpg,25,24,025.Pelagic_Cormorant,23,22,identity,identity,0,{},0.48560137,0.48560137,0,0.61532706,0.61532706,0.12895675,0.12895675,0.48637031,0.48637031,0,1,1,91.605785,91.605785,False,0.99999994,True,True,True,1,1,91.605785,91.605785,1,1,90.778592,90.778592,1,1,12.282797,12.282797,1,1,36.83765,36.83765,1,1,41.141199,41.141199,1,1,46.025061,46.025061,1,1,42.553647,42.553647,1,1,35.524963,35.524963
experiment_0a_best,file,16,,1357,025.Pelagic_Cormorant/Pelagic_Cormorant_0017_23875.jpg,25,24,025.Pelagic_Cormorant,23,22,horizontal_flip,horizontal_flip,0,"{""flipped"":true}",0.48560137,0.48007643,-0.0055249333,0.61532706,0.61873609,0.12895675,0.09938015,0.48637031,0.51935594,0.032985628,0.74210477,0.81734525,91.605785,74.873553,False,0.95214725,True,True,True,0.74210477,0.81734525,91.605785,74.873553,0.73813974,0.81422449,90.778592,73.914153,0.93491063,0.97271635,12.282797,11.947678,0.83321538,0.6338337,36.83765,23.348944,0.73962153,0.7861544,41.141199,32.343334,0.76557996,0.85215752,46.025061,39.220601,0.66614901,0.83681672,42.553647,35.609603,0.74202196,0.91894941,35.524963,32.645644
experiment_0a_best,file,16,,1357,025.Pelagic_Cormorant/Pelagic_Cormorant_0017_23875.jpg,25,24,025.Pelagic_Cormorant,23,22,color_jitter,color_jitter,0,"{""brightness"":0.669818,""contrast"":1.277357,""hue"":0.038264,""saturation"":0.628735}",0.48560137,0.23494244,-0.25065893,0.61532706,0.79061633,0.12895675,0.08657068,0.48637031,0.70404565,0.21767534,0.74437266,0.44360192,91.605785,40.636502,False,0.9431051,True,True,True,0.74437266,0.44360192,91.605785,40.636502,0.74160443,0.4394427,90.778592,39.89199,0.89747465,0.63039585,12.282797,7.7430243,0.72895131,0.37141033,36.83765,13.681884,0.68139593,0.41021849,41.141199,16.87688,0.77061801,0.43466947,46.025061,20.005689,0.76345003,0.46379713,42.553647,19.736259,0.76648507,0.51104621,35.524963,18.154898
experiment_0a_best,file,16,,1357,025.Pelagic_Cormorant/Pelagic_Cormorant_0017_23875.jpg,25,24,025.Pelagic_Cormorant,23,22,rotation,rotation,0,"{""angle"":6.155899}",0.48560137,1.6689323,1.183331,0.61532706,0.18844818,0.12895675,0.051455498,0.48637031,0.13699268,-0.34937763,0.81584564,1.951368,91.605785,178.7566,False,0.93652469,False,True,False,0.81584564,1.951368,91.605785,178.7566,0.81429538,1.9510332,90.778592,177.11204,0.89976351,1.9695736,12.282797,24.191873,0.86745204,1.5658625,36.83765,57.682696,0.78722157,1.746049,41.141199,71.834551,0.82955474,1.9980391,46.025061,91.959873,0.81083116,2.0967266,42.553647,89.223361,0.81679279,2.2631261,35.524963,80.397472
experiment_0a_best,file,16,,1357,025.Pelagic_Cormorant/Pelagic_Cormorant_0017_23875.jpg,25,24,025.Pelagic_Cormorant,23,22,random_resized_crop,random_resized_crop,0,"{""area_fraction"":0.872877,""aspect"":1.031603,""fallback"":false,""height"":0.919857,""left"":0.015918,""top"":0.016395,""width"":0.948927}",0.48560137,0.6241141,0.13851273,0.61532706,0.53573585,0.12895675,0.066348858,0.48637031,0.46938699,-0.016983323,0.88807097,1.2128855,91.605785,111.10733,False,0.96771109,True,True,True,0.88807097,1.2128855,91.605785,111.10733,0.88712085,1.2146222,90.778592,110.2617,0.94793484,1.1139143,12.282797,13.681983,0.94061892,1.1306383,36.83765,41.650058,0.89267016,1.2138169,41.141199,49.937884,0.88238085,1.2304195,46.025061,56.630133,0.86279718,1.2250797,42.553647,52.131607,0.87300726,1.2602698,35.524963,44.77104
experiment_0a_best,file,16,,1357,025.Pelagic_Cormorant/Pelagic_Cormorant_0017_23875.jpg,25,24,025.Pelagic_Cormorant,23,22,gaussian_blur,gaussian_blur,0,"{""sigma"":1.193672}",0.48560137,5.5818787,5.0962773,0.61532706,0.0037654841,0.12895675,0.0019692674,0.48637031,0.0017962167,-0.48457409,0.50992586,3.4403987,91.605785,315.16043,False,0.76845777,False,True,False,0.50992586,3.4403987,91.605785,315.16043,0.5089617,3.4532883,90.778592,313.48465,0.59685956,2.6424923,12.282797,32.457197,0.26417475,2.6504054,36.83765,97.634707,0.53270542,3.708344,41.141199,152.56572,0.60990574,3.4435243,46.025061,158.48841,0.51760622,3.6813871,42.553647,156.65644,0.51290999,3.5387469,35.524963,125.71385
experiment_0a_best,file,16,,1357,025.Pelagic_Cormorant/Pelagic_Cormorant_0017_23875.jpg,25,24,025.Pelagic_Cormorant,23,22,random_erasing,random_erasing,0,"{""area_fraction"":0.190369,""erased"":true,""height"":0.694829,""left"":0.485391,""top"":0.16762,""width"":0.273979}",0.48560137,3.6265059,3.1409045,0.61532706,0.026608998,0.12895675,0.00039469296,0.48637031,0.026214305,-0.46015601,0.69651983,3.1954009,91.605785,292.71721,False,0.83008075,False,True,False,0.69651983,3.1954009,91.605785,292.71721,0.69633497,3.1915503,90.778592,289.72444,0.70735758,3.3991123,12.282797,41.750606,0.8349288,2.4357493,36.83765,89.72728,0.68282724,2.8185377,41.141199,115.95802,0.72820433,3.2974633,46.025061,151.76595,0.67145035,3.4603336,42.553647,147.24981,0.63489617,3.7479282,35.524963,133.14501
experiment_0a_best,file,16,,9675,165.Chestnut_sided_Warbler/Chestnut_Sided_Warbler_0069_163921.jpg,165,164,165.Chestnut_sided_Warbler,156,155,identity,identity,0,{},0.24975516,0.24975516,0,0.77899146,0.77899146,0.10714308,0.10714308,0.67184838,0.67184838,0,1,1,35.759427,35.759427,False,1,True,True,True,1,1,35.759427,35.759427,1,1,35.095905,35.095905,1,1,6.8566821,6.8566821,1,1,6.3112191,6.3112191,1,1,15.404366,15.404366,1,1,19.43341,19.43341,1,1,17.68966,17.68966,1,1,16.24854,16.24854
experiment_0a_best,file,16,,9675,165.Chestnut_sided_Warbler/Chestnut_Sided_Warbler_0069_163921.jpg,165,164,165.Chestnut_sided_Warbler,156,155,horizontal_flip,horizontal_flip,0,"{""flipped"":true}",0.24975516,0.51434392,0.26458876,0.77899146,0.59789276,0.10714308,0.25844681,0.67184838,0.33944595,-0.33240243,0.70492845,1.8564701,35.759427,66.386307,False,0.96045947,True,True,True,0.70492845,1.8564701,35.759427,66.386307,0.69479284,1.8504483,35.095905,64.943159,0.95191533,2.0078093,6.8566821,13.76691,0.71352936,1.7964695,6.3112191,11.337913,0.65889941,1.8065276,15.404366,27.828413,0.70992287,1.8784646,19.43341,36.504973,0.68088513,1.8237662,17.68966,32.261805,0.71791305,1.888115,16.24854,30.679112
experiment_0a_best,file,16,,9675,165.Chestnut_sided_Warbler/Chestnut_Sided_Warbler_0069_163921.jpg,165,164,165.Chestnut_sided_Warbler,156,155,color_jitter,color_jitter,0,"{""brightness"":1.072768,""contrast"":1.143154,""hue"":-0.06986,""saturation"":1.166089}",0.24975516,1.0299536,0.78019844,0.77899146,0.35702354,0.10714308,0.019687831,0.67184838,0.33733571,-0.33451267,0.67063773,2.878103,35.759427,102.91931,False,0.9092679,True,True,True,0.67063773,2.878103,35.759427,102.91931,0.66709976,2.8857568,35.095905,101.27824,0.77278855,2.6697749,6.8566821,18.305797,0.73493702,3.4920674,6.3112191,22.039203,0.50267143,3.1797936,15.404366,48.982705,0.73956808,2.9045899,19.43341,56.446088,0.71331514,2.7538513,17.68966,48.714694,0.6702362,2.6204798,16.24854,42.578971
experiment_0a_best,file,16,,9675,165.Chestnut_sided_Warbler/Chestnut_Sided_Warbler_0069_163921.jpg,165,164,165.Chestnut_sided_Warbler,156,155,rotation,rotation,0,"{""angle"":-0.357886}",0.24975516,0.13040859,-0.11934657,0.77899146,0.87773675,0.10714308,0.05756148,0.67184838,0.82017527,0.14832689,0.93474821,0.53549964,35.759427,19.14916,False,0.98871833,True,True,True,0.93474821,0.53549964,35.759427,19.14916,0.93267558,0.53502388,35.095905,18.777147,0.98803207,0.54781706,6.8566821,3.7562074,0.88988816,0.47521574,6.3112191,2.9991907,0.93060542,0.5438446,15.404366,8.3775812,0.93760785,0.54337941,19.43341,10.559715,0.93157539,0.52301267,17.68966,9.2519162,0.93583967,0.53757435,16.24854,8.7347984
experiment_0a_best,file,16,,9675,165.Chestnut_sided_Warbler/Chestnut_Sided_Warbler_0069_163921.jpg,165,164,165.Chestnut_sided_Warbler,156,155,random_resized_crop,random_resized_crop,0,"{""area_fraction"":0.837367,""aspect"":0.872588,""fallback"":false,""height"":0.97961,""left"":0.134008,""top"":0.020365,""width"":0.854796}",0.24975516,0.099965632,-0.14978953,0.77899146,0.90486854,0.10714308,0.041228704,0.67184838,0.86363984,0.19179146,0.82938731,0.41819716,35.759427,14.954491,False,0.96427113,True,True,True,0.82938731,0.41819716,35.759427,14.954491,0.8242629,0.41791573,35.095905,14.667131,0.96137686,0.42550415,6.8566821,2.9175466,0.74769438,0.40569774,6.3112191,2.5604473,0.83628904,0.44592554,15.404366,6.8692003,0.81484583,0.38760767,19.43341,7.5325388,0.82389005,0.41499835,17.68966,7.3411796,0.84184768,0.43843714,16.24854,7.1239635
experiment_0a_best,file,16,,9675,165.Chestnut_sided_Warbler/Chestnut_Sided_Warbler_0069_163921.jpg,165,164,165.Chestnut_sided_Warbler,156,155,gaussian_blur,gaussian_blur,0,"{""sigma"":1.422357}",0.24975516,0.10061663,-0.14913853,0.77899146,0.90427965,0.10714308,0.012729803,0.67184838,0.89154985,0.21970147,0.52721036,0.42862861,35.759427,15.327514,False,0.88064313,True,True,True,0.52721036,0.42862861,35.759427,15.327514,0.51684479,0.42988281,35.095905,15.087126,0.82514307,0.39435127,6.8566821,2.7039413,0.53311179,0.4936544,6.3112191,3.1155611,0.40303716,0.43090166,15.404366,6.6377668,0.47191976,0.39861752,19.43341,7.7464979,0.58054355,0.43207245,17.68966,7.6432147,0.59880893,0.45819385,16.24854,7.4449811
experiment_0a_best,file,16,,9675,165.Chestnut_sided_Warbler/Chestnut_Sided_Warbler_0069_163921.jpg,165,164,165.Chestnut_sided_Warbler,156,155,random_erasing,random_erasing,0,"{""area_fraction"":0.060476,""erased"":true,""height"":0.206054,""left"":0.020283,""top"":0.569287,""width"":0.293495}",0.24975516,0.26042685,0.01067169,0.77899146,0.77072251,0.10714308,0.12523475,0.67184838,0.64548776,-0.026360624,0.95797738,1.0998143,35.759427,39.328731,False,0.9944827,True,True,True,0.95797738,1.0998143,35.759427,39.328731,0.95665995,1.1003229,35.095905,38.616826,0.99300957,1.0864072,6.8566821,7.4491489,0.95418014,1.2124323,6.3112191,7.6519257,0.96092635,1.0807505,15.404366,16.648276,0.96605643,1.1183264,19.43341,21.732896,0.94968516,1.097475,17.68966,19.41396,0.94901361,1.0771457,16.24854,17.502045
experiment_0a_best,file,16,,570,011.Rusty_Blackbird/Rusty_Blackbird_0114_6760.jpg,11,10,011.Rusty_Blackbird,9,8,identity,identity,0,{},3.4654856,3.4654856,0,0.031257827,0.031257827,0.94367623,0.94367623,-0.91241841,-0.91241841,0,1,1,218.37112,218.37112,False,1,True,False,False,1,1,218.37112,218.37112,1,1,214.18524,214.18524,1,1,42.551466,42.551466,1,1,67.701592,67.701592,1,1,118.91221,118.91221,1,1,95.253087,95.253087,1,1,92.675331,92.675331,1,1,97.415757,97.415757
experiment_0a_best,file,16,,570,011.Rusty_Blackbird/Rusty_Blackbird_0114_6760.jpg,11,10,011.Rusty_Blackbird,9,8,horizontal_flip,horizontal_flip,0,"{""flipped"":true}",3.4654856,2.4185383,-1.0469472,0.031257827,0.089051679,0.94367623,0.67948407,-0.91241841,-0.59043239,0.32198602,0.65240888,0.95105364,218.37112,207.68265,False,0.94164848,True,False,False,0.65240888,0.95105364,218.37112,207.68265,0.64381426,0.95704136,214.18524,204.98413,0.93071886,0.78423707,42.551466,33.370437,0.26813206,0.90377436,67.701592,61.186963,0.71116355,1.0273869,118.91221,122.16885,0.66172385,1.0199321,95.253087,97.151684,0.62061744,0.92203204,92.675331,85.449624,0.73058771,0.83454478,97.415757,81.297812
experiment_0a_best,file,16,,570,011.Rusty_Blackbird/Rusty_Blackbird_0114_6760.jpg,11,10,011.Rusty_Blackbird,9,8,color_jitter,color_jitter,0,"{""brightness"":1.082484,""contrast"":1.207176,""hue"":0.096548,""saturation"":1.143911}",3.4654856,4.651082,1.1855965,0.031257827,0.0095512634,0.94367623,0.94861811,-0.91241841,-0.93906685,-0.026648444,0.79437235,0.89811147,218.37112,196.12161,False,0.9504984,True,False,False,0.79437235,0.89811147,218.37112,196.12161,0.78805329,0.89716843,214.18524,192.16024,0.95049549,0.92168317,42.551466,39.21897,0.79904699,0.92969092,67.701592,62.941555,0.79164545,0.86241981,118.91221,102.55225,0.74140599,0.93047544,95.253087,88.630658,0.77587306,0.8921839,92.675331,82.683438,0.83594291,0.9039865,97.415757,88.062529
experiment_0a_best,file,16,,570,011.Rusty_Blackbird/Rusty_Blackbird_0114_6760.jpg,11,10,011.Rusty_Blackbird,9,8,rotation,rotation,0,"{""angle"":14.657863}",3.4654856,3.7020509,0.23656535,0.031257827,0.024672873,0.94367623,0.91338795,-0.91241841,-0.88871508,0.023703326,0.77473987,0.88263546,218.37112,192.74209,False,0.92323261,True,False,False,0.77473987,0.88263546,218.37112,192.74209,0.76865134,0.88110483,214.18524,188.71965,0.92310442,0.92056777,42.551466,39.171508,0.76865429,0.61048117,67.701592,41.330547,0.8811946,0.89594849,118.91221,106.53922,0.7455926,0.94956746,95.253087,90.449232,0.67008694,0.89533824,92.675331,82.975768,0.73284487,0.88842103,97.415757,86.546208
experiment_0a_best,file,16,,570,011.Rusty_Blackbird/Rusty_Blackbird_0114_6760.jpg,11,10,011.Rusty_Blackbird,9,8,random_resized_crop,random_resized_crop,0,"{""area_fraction"":0.650055,""aspect"":1.250525,""fallback"":false,""height"":0.720989,""left"":0.065246,""top"":0.049766,""width"":0.901615}",3.4654856,4.6145811,1.1490955,0.031257827,0.0099063339,0.94367623,0.86028457,-0.91241841,-0.85037823,0.062040173,0.72911306,0.82192062,218.37112,179.48372,False,0.92640519,True,False,False,0.72911306,0.82192062,218.37112,179.48372,0.7205519,0.8169261,214.18524,174.97351,0.92453554,0.93964926,42.551466,39.983453,0.85052229,0.75243039,67.701592,50.940735,0.80549762,0.74292733,118.91221,88.343134,0.61824508,0.9079723,95.253087,86.487165,0.6316017,0.80130085,92.675331,74.260821,0.74518131,0.87234126,97.415757,84.979784
experiment_0a_best,file,16,,570,011.Rusty_Blackbird/Rusty_Blackbird_0114_6760.jpg,11,10,011.Rusty_Blackbird,9,8,gaussian_blur,gaussian_blur,0,"{""sigma"":1.365255}",3.4654856,3.1510744,-0.31441116,0.031257827,0.042806111,0.94367623,0.40723273,-0.91241841,-0.36442662,0.54799179,0.49539897,0.82518657,218.37112,180.19691,False,0.88508898,True,False,False,0.49539897,0.82518657,218.37112,180.19691,0.48441483,0.82887663,214.18524,177.53314,0.8176331,0.72545697,42.551466,30.869257,0.44962624,0.74301755,67.701592,50.303471,0.41764628,0.78398507,118.91221,93.2254,0.44316681,1.0006347,95.253087,95.313549,0.5214919,0.83133482,92.675331,77.044229,0.63761573,0.74563787,97.415757,72.636877
experiment_0a_best,file,16,,570,011.Rusty_Blackbird/Rusty_Blackbird_0114_6760.jpg,11,10,011.Rusty_Blackbird,9,8,random_erasing,random_erasing,0,"{""area_fraction"":0.175081,""erased"":true,""height"":0.571013,""left"":0.305979,""top"":0.170892,""width"":0.306615}",3.4654856,5.7465134,2.2810278,0.031257827,0.0031938981,0.94367623,0.90908283,-0.91241841,-0.90588893,0.0065294746,0.59612544,0.73110112,218.37112,159.65137,False,0.8920157,True,False,False,0.59612544,0.73110112,218.37112,159.65137,0.5814616,0.71311306,214.18524,152.73829,0.89043716,1.0921178,42.551466,46.471213,0.6241983,0.70609267,67.701592,47.803598,0.47211907,0.5632935,118.91221,66.982477,0.56319993,0.69466327,95.253087,66.168821,0.58959347,0.75814961,92.675331,70.261766,0.70597442,0.873582,97.415757,85.100652
experiment_0a_best,file,16,,862,016.Painted_Bunting/Painted_Bunting_0034_15207.jpg,16,15,016.Painted_Bunting,14,13,identity,identity,0,{},0.0076527279,0.0076527279,0,0.99237651,0.99237651,0.004738268,0.004738268,0.98763824,0.98763824,0,1,1,1.1278822,1.1278822,False,1,True,True,True,1,1,1.1278822,1.1278822,1,1,1.0955587,1.0955587,1,1,0.26808446,0.26808446,1,1,0.19401804,0.19401804,1,1,0.41771764,0.41771764,1,1,0.57912933,0.57912933,1,1,0.56142001,0.56142001,1,1,0.58097738,0.58097738
experiment_0a_best,file,16,,862,016.Painted_Bunting/Painted_Bunting_0034_15207.jpg,16,15,016.Painted_Bunting,14,13,horizontal_flip,horizontal_flip,0,"{""flipped"":true}",0.0076527279,0.011650617,0.0039978893,0.99237651,0.98841697,0.004738268,0.006984957,0.98763824,0.98143201,-0.0062062256,0.70469084,1.3877687,1.1278822,1.5652396,False,0.98443955,True,True,True,0.70469084,1.3877687,1.1278822,1.5652396,0.68675193,1.3809049,1.0955587,1.5128625,0.98308976,1.4977554,0.26808446,0.40152495,0.72158487,1.2210729,0.19401804,0.23691017,0.51866844,1.2100046,0.41771764,0.50544025,0.6881108,1.3420072,0.57912933,0.77719574,0.65300984,1.4397232,0.56142001,0.8082894,0.79026012,1.460307,0.58097738,0.84840535
experiment_0a_best,file,16,,862,016.Painted_Bunting/Painted_Bunting_0034_15207.jpg,16,15,016.Painted_Bunting,14,13,color_jitter,color_jitter,0,"{""brightness"":0.894402,""contrast"":0.895358,""hue"":-0.015454,""saturation"":1.176656}",0.0076527279,0.0065548886,-0.0010978393,0.99237651,0.99346656,0.004738268,0.0049658148,0.98763824,0.98850074,0.00086250296,0.86611367,0.9582418,1.1278822,1.0807839,False,0.98860645,True,True,True,0.86611367,0.9582418,1.1278822,1.0807839,0.85920235,0.95852534,1.0955587,1.0501208,0.98215623,0.95349416,0.26808446,0.25561697,0.74905511,0.92615222,0.19401804,0.17969024,0.79512086,1.027056,0.41771764,0.42901939,0.84243577,1.0013459,0.57912933,0.57990881,0.86763654,0.92736685,0.56142001,0.5206423,0.92324577,0.90923845,0.58097738,0.52824697
experiment_0a_best,file,16,,862,016.Painted_Bunting/Painted_Bunting_0034_15207.jpg,16,15,016.Painted_Bunting,14,13,rotation,rotation,0,"{""angle"":4.303533}",0.0076527279,0.039888598,0.03223587,0.99237651,0.96089649,0.004738268,0.030838799,0.98763824,0.93005769,-0.057580545,0.83653371,5.6307188,1.1278822,6.3507875,False,0.98587751,True,True,True,0.83653371,5.6307188,1.1278822,6.3507875,0.82832698,5.6410238,1.0955587,6.180073,0.97868518,5.4557444,0.26808446,1.4626003,0.81801994,6.2889712,0.19401804,1.2201739,0.73814864,5.5611171,0.41771764,2.3229767,0.8164103,5.74347,0.57912933,3.326212,0.83863681,5.7192026,0.56142001,3.2108748,0.88135736,5.425272,0.58097738,3.1519603
experiment_0a_best,file,16,,862,016.Painted_Bunting/Painted_Bunting_0034_15207.jpg,16,15,016.Painted_Bunting,14,13,random_resized_crop,random_resized_crop,0,"{""area_fraction"":0.605371,""aspect"":1.028735,""fallback"":false,""height"":0.767113,""left"":0.023369,""top"":0.056961,""width"":0.789155}",0.0076527279,0.0050471989,-0.002605529,0.99237651,0.99496549,0.004738268,0.0035585626,0.98763824,0.99140693,0.0037686927,0.75084802,0.74296055,1.1278822,0.83797197,False,0.97471404,True,True,True,0.75084802,0.74296055,1.1278822,0.83797197,0.73780232,0.74347293,1.0955587,0.81451827,0.97147739,0.7343506,0.26808446,0.19686799,0.5435408,0.99676912,0.19401804,0.19339119,0.62625871,0.77937199,0.41771764,0.32555743,0.75353389,0.73783907,0.57912933,0.42730425,0.74828008,0.72993164,0.56142001,0.40979823,0.81179852,0.70869997,0.58097738,0.41173865
experiment_0a_best,file,16,,862,016.Painted_Bunting/Painted_Bunting_0034_15207.jpg,16,15,016.Painted_Bunting,14,13,gaussian_blur,gaussian_blur,0,"{""sigma"":1.075982}",0.0076527279,0.029462708,0.02180998,0.99237651,0.97096711,0.004738268,0.023194235,0.98763824,0.94777288,-0.039865359,0.72946941,4.6922173,1.1278822,5.2922683,False,0.9650473,True,True,True,0.72946941,4.6922173,1.1278822,5.2922683,0.71647832,4.7024226,1.0955587,5.1517802,0.95581344,4.5183785,0.26808446,1.2113071,0.5308748,6.2348459,0.19401804,1.2096726,0.61065517,5.9189584,0.41771764,2.4724533,0.74824226,4.6943252,0.57912933,2.7186214,0.75086454,4.3372012,0.56142001,2.4349916,0.78538675,4.0893137,0.58097738,2.3757987
experiment_0a_best,file,16,,862,016.Painted_Bunting/Painted_Bunting_0034_15207.jpg,16,15,016.Painted_Bunting,14,13,random_erasing,random_erasing,0,"{""area_fraction"":0.195512,""erased"":true,""height"":0.26477,""left"":0.085608,""top"":0.069767,""width"":0.738423}",0.0076527279,0.027473448,0.01982072,0.99237651,0.97290051,0.004738268,0.019607091,0.98763824,0.95329342,-0.03434482,0.69504341,4.0352593,1.1278822,4.5512971,False,0.91207027,True,True,True,0.69504341,4.0352593,1.1278822,4.5512971,0.68295011,4.0444125,1.0955587,4.4308915,0.9061798,3.8792051,0.26808446,1.0399546,0.7369117,3.8672224,0.19401804,0.75031091,0.72090617,4.6329909,0.41771764,1.935282,0.70276718,3.8623481,0.57912933,2.2367991,0.63916658,3.8867226,0.56142001,2.1820838,0.68020325,4.058529,0.58097738,2.3579135
experiment_0a_best,file,16,,8466,145.Elegant_Tern/Elegant_Tern_0032_150488.jpg,145,144,145.Elegant_Tern,146,145,identity,identity,0,{},0.10606102,0.10606102,0,0.89936978,0.89936978,0.033620905,0.033620905,0.86574887,0.86574887,0,1,1,14.951191,14.951191,False,1,True,True,True,1,1,14.951191,14.951191,1,1,14.625014,14.625014,1,1,3.1059752,3.1059752,1,1,3.0723424,3.0723424,1,1,7.344269,7.344269,1,1,6.9490325,6.9490325,1,1,6.9586085,6.9586085,1,1,7.3349958,7.3349958
experiment_0a_best,file,16,,8466,145.Elegant_Tern/Elegant_Tern_0032_150488.jpg,145,144,145.Elegant_Tern,146,145,horizontal_flip,horizontal_flip,0,"{""flipped"":true}",0.10606102,0.14956425,0.043503232,0.89936978,0.86108309,0.033620905,0.013130438,0.86574887,0.84795265,-0.017796218,0.66532951,1.3625557,14.951191,20.37183,False,0.97410607,True,True,True,0.66532951,1.3625557,14.951191,20.37183,0.65266511,1.3604794,14.625014,19.897029,0.9370519,1.4078038,3.1059752,4.3726035,0.74067803,1.3040873,3.0723424,4.0066028,0.72994532,1.2127754,7.344269,8.906949,0.61156321,1.4276407,6.9490325,9.9207213,0.53827008,1.3688128,6.9586085,9.5250326,0.71336611,1.4386702,7.3349958,10.55264
experiment_0a_best,file,16,,8466,145.Elegant_Tern/Elegant_Tern_0032_150488.jpg,145,144,145.Elegant_Tern,146,145,color_jitter,color_jitter,0,"{""brightness"":0.614174,""contrast"":1.33129,""hue"":-0.050594,""saturation"":1.083633}",0.10606102,1.1176097,1.0115487,0.89936978,0.32706061,0.033620905,0.040154185,0.86574887,0.28690642,-0.57884245,0.66045316,7.5654147,14.951191,113.11196,False,0.87432677,True,True,True,0.66045316,7.5654147,14.951191,113.11196,0.65735749,7.6474997,14.625014,111.84479,0.79462896,5.4358726,3.1059752,16.883685,0.65079433,11.82489,3.0723424,36.33011,0.74103604,7.7046809,7.344269,56.585249,0.6181635,8.298937,6.9490325,57.669583,0.62332044,7.1811509,6.9586085,49.970818,0.67451665,6.3429536,7.3349958,46.525538
experiment_0a_best,file,16,,8466,145.Elegant_Tern/Elegant_Tern_0032_150488.jpg,145,144,145.Elegant_Tern,146,145,rotation,rotation,0,"{""angle"":-14.886423}",0.10606102,0.085519999,-0.02054102,0.89936978,0.91803479,0.033620905,0.030827336,0.86574887,0.88720746,0.021458585,0.67708188,0.78295415,14.951191,11.706097,False,0.94668829,True,True,True,0.67708188,0.78295415,14.951191,11.706097,0.66571036,0.78032988,14.625014,11.412335,0.91326599,0.8390325,3.1059752,2.6060141,0.75299171,0.75145444,3.0723424,2.3087253,0.72103617,0.6905256,7.344269,5.0714057,0.62983804,0.78372637,6.9490325,5.44614,0.59788899,0.76093442,6.9586085,5.2950448,0.69943683,0.87819957,7.3349958,6.4415902
experiment_0a_best,file,16,,8466,145.Elegant_Tern/Elegant_Tern_0032_150488.jpg,145,144,145.Elegant_Tern,146,145,random_resized_crop,random_resized_crop,0,"{""area_fraction"":0.513507,""aspect"":0.939065,""fallback"":false,""height"":0.739478,""left"":0.153667,""top"":0.187863,""width"":0.694418}",0.10606102,0.11899379,0.01293277,0.89936978,0.88781333,0.033620905,0.015981829,0.86574887,0.8718315,0.0060826298,0.6124205,1.3057839,14.951191,19.523024,False,0.93107975,True,True,True,0.6124205,1.3057839,14.951191,19.523024,0.60398995,1.3166814,14.625014,19.256483,0.86738096,1.0351053,3.1059752,3.2150115,0.78187504,1.4639301,3.0723424,4.4976946,0.69321803,1.300779,7.344269,9.5532706,0.519736,1.393012,6.9490325,9.6800859,0.50474012,1.2797399,6.9586085,8.905209,0.65183008,1.2665825,7.3349958,9.2903772
experiment_0a_best,file,16,,8466,145.Elegant_Tern/Elegant_Tern_0032_150488.jpg,145,144,145.Elegant_Tern,146,145,gaussian_blur,gaussian_blur,0,"{""sigma"":1.77781}",0.10606102,0.10721857,0.001157552,0.89936978,0.89832932,0.033620905,0.028411647,0.86574887,0.86991767,0.0041687991,0.45836502,1.1474282,14.951191,17.155417,False,0.92495668,True,True,True,0.45836502,1.1474282,14.951191,17.155417,0.4429669,1.1560695,14.625014,16.907532,0.8901735,0.9355536,3.1059752,2.9058063,0.26861462,1.1826405,3.0723424,3.6334765,0.27084093,1.14227,7.344269,8.3891384,0.43452228,1.2084431,6.9490325,8.3975103,0.46418903,1.1846383,6.9586085,8.2434343,0.64621796,1.0890626,7.3349958,7.9882696
experiment_0a_best,file,16,,8466,145.Elegant_Tern/Elegant_Tern_0032_150488.jpg,145,144,145.Elegant_Tern,146,145,random_erasing,random_erasing,0,"{""area_fraction"":0.182623,""erased"":true,""height"":0.592672,""left"":0.027593,""top"":0.134812,""width"":0.308134}",0.10606102,0.31590149,0.20984047,0.89936978,0.72913128,0.033620905,0.026055533,0.86574887,0.70307575,-0.16267312,0.68734804,2.8689914,14.951191,42.894837,False,0.86122662,True,True,True,0.68734804,2.8689914,14.951191,42.894837,0.68369135,2.8793282,14.625014,42.110215,0.77885285,2.6293884,3.1059752,8.166815,0.77144958,2.7427396,3.0723424,8.4266351,0.73657509,2.8215935,7.344269,20.722542,0.68690853,3.07775,6.9490325,21.387384,0.62085896,2.7659552,6.9586085,19.2472,0.67049817,2.8758237,7.3349958,21.094155
experiment_0a_best,file,16,,2787,049.Boat_tailed_Grackle/Boat_Tailed_Grackle_0030_33615.jpg,49,48,049.Boat_tailed_Grackle,11,10,identity,identity,0,{},0.42348415,0.42348415,0,0.65476155,0.65476155,0.15941285,0.15941285,0.49534871,0.49534871,0,1,1,53.286211,53.286211,False,1,True,True,True,1,1,53.286211,53.286211,1,1,52.315254,52.315254,1,1,10.12593,10.12593,1,1,24.052423,24.052423,1,1,23.558803,23.558803,1,1,22.769779,22.769779,1,1,22.953646,22.953646,1,1,23.622381,23.622381
experiment_0a_best,file,16,,2787,049.Boat_tailed_Grackle/Boat_Tailed_Grackle_0030_33615.jpg,49,48,049.Boat_tailed_Grackle,11,10,horizontal_flip,horizontal_flip,0,"{""flipped"":true}",0.42348415,0.30999321,-0.11349094,0.65476155,0.73345196,0.15941285,0.16191138,0.49534871,0.57154058,0.076191872,0.72465794,0.83004899,53.286211,44.230166,False,0.95766842,True,True,True,0.72465794,0.83004899,53.286211,44.230166,0.7162118,0.82954063,52.315254,43.397629,0.94647017,0.84350512,10.12593,8.5412738,0.88827945,0.84932961,24.052423,20.428435,0.71875218,0.83245964,23.558803,19.611753,0.63382453,0.8027282,22.769779,18.277943,0.587814,0.79993153,22.953646,18.361345,0.72317173,0.85737133,23.622381,20.253152
experiment_0a_best,file,16,,2787,049.Boat_tailed_Grackle/Boat_Tailed_Grackle_0030_33615.jpg,49,48,049.Boat_tailed_Grackle,11,10,color_jitter,color_jitter,0,"{""brightness"":0.850935,""contrast"":0.82149,""hue"":-0.070851,""saturation"":1.112576}",0.42348415,0.87923455,0.45575041,0.65476155,0.41510051,0.15941285,0.18889113,0.49534871,0.22620939,-0.26913932,0.73715396,1.8617481,53.286211,99.205501,False,0.94331682,True,True,True,0.73715396,1.8617481,53.286211,99.205501,0.73075431,1.8660287,52.315254,97.621768,0.92160976,1.7436077,10.12593,17.65565,0.82282479,1.8772027,24.052423,45.151273,0.70010591,2.1419076,23.558803,50.460779,0.65229154,1.8406957,22.769779,41.912234,0.73557711,1.7358437,22.953646,39.843941,0.75218496,1.6937893,23.622381,40.011335
experiment_0a_best,file,16,,2787,049.Boat_tailed_Grackle/Boat_Tailed_Grackle_0030_33615.jpg,49,48,049.Boat_tailed_Grackle,11,10,rotation,rotation,0,"{""angle"":6.787145}",0.42348415,0.19810507,-0.22537908,0.65476155,0.82028365,0.15941285,0.083736293,0.49534871,0.73654736,0.24119865,0.81519967,0.56028215,53.286211,29.855313,False,0.97531933,True,True,True,0.81519967,0.56028215,53.286211,29.855313,0.80941127,0.56078497,52.315254,29.337608,0.97394399,0.5466897,10.12593,5.5357416,0.93676842,0.55008703,24.052423,13.230926,0.77747252,0.58785828,23.558803,13.849238,0.74732726,0.58203958,22.769779,13.252912,0.7537947,0.54672361,22.953646,12.5493,0.82766489,0.53666133,23.622381,12.677219
experiment_0a_best,file,16,,2787,049.Boat_tailed_Grackle/Boat_Tailed_Grackle_0030_33615.jpg,49,48,049.Boat_tailed_Grackle,11,10,random_resized_crop,random_resized_crop,0,"{""area_fraction"":0.817665,""aspect"":1.164103,""fallback"":false,""height"":0.838093,""left"":0.013023,""top"":0.124974,""width"":0.975626}",0.42348415,0.9279592,0.50447506,0.65476155,0.39535975,0.15941285,0.43181947,0.49534871,-0.036459714,-0.53180842,0.77166166,2.1322866,53.286211,113.62147,False,0.9673003,False,True,False,0.77166166,2.1322866,53.286211,113.62147,0.76529644,2.1344175,52.315254,111.66259,0.94676426,2.074598,10.12593,21.007234,0.86107813,2.0709323,24.052423,49.810939,0.69520583,2.2769892,23.558803,53.643141,0.73359959,2.2148714,22.769779,50.432132,0.75090126,2.1177728,22.953646,48.610607,0.79372567,1.9871275,23.622381,46.940683
experiment_0a_best,file,16,,2787,049.Boat_tailed_Grackle/Boat_Tailed_Grackle_0030_33615.jpg,49,48,049.Boat_tailed_Grackle,11,10,gaussian_blur,gaussian_blur,0,"{""sigma"":1.014402}",0.42348415,0.60910463,0.18562049,0.65476155,0.54383761,0.15941285,0.07413885,0.49534871,0.46969876,-0.02564995,0.74156925,1.6189804,53.286211,86.26933,False,0.95074904,True,True,True,0.74156925,1.6189804,53.286211,86.26933,0.73866048,1.6277831,52.315254,85.157888,0.84562509,1.363165,10.12593,13.803314,0.86451449,1.5255212,24.052423,36.69248,0.74377283,1.7215613,23.558803,40.557923,0.70585738,1.8337062,22.769779,41.753085,0.67564224,1.606061,22.953646,36.864956,0.71441822,1.4407053,23.622381,34.03289
experiment_0a_best,file,16,,2787,049.Boat_tailed_Grackle/Boat_Tailed_Grackle_0030_33615.jpg,49,48,049.Boat_tailed_Grackle,11,10,random_erasing,random_erasing,0,"{""area_fraction"":0.173714,""erased"":true,""height"":0.744558,""left"":0.450821,""top"":0.12632,""width"":0.233312}",0.42348415,0.97726321,0.55377907,0.65476155,0.37633967,0.15941285,0.058195721,0.49534871,0.31814395,-0.17720475,0.32863247,1.4385623,53.286211,76.655532,False,0.86021113,True,True,True,0.32863247,1.4385623,53.286211,76.655532,0.30761952,1.4272768,52.315254,74.668351,0.80132565,1.7125273,10.12593,17.340932,-0.03295608,0.79422136,24.052423,19.102948,0.019173947,1.3994726,23.558803,32.969899,0.37684197,1.5700954,22.769779,35.750726,0.44047248,1.5399558,22.953646,35.347599,0.56985769,1.6911165,23.622381,39.948199
experiment_0a_best,file,16,,2661,047.American_Goldfinch/American_Goldfinch_0053_32359.jpg,47,46,047.American_Goldfinch,180,179,identity,identity,0,{},0.026292551,0.026292551,0,0.9740501,0.9740501,0.014031752,0.014031752,0.96001835,0.96001835,0,1,1,4.8885372,4.8885372,False,1,True,True,True,1,1,4.8885372,4.8885372,1,1,4.8283451,4.8283451,1,1,0.76477417,0.76477417,1,1,1.3925416,1.3925416,1,1,1.9315864,1.9315864,1,1,2.5783656,2.5783656,1,1,2.4971184,2.4971184,1,1,2.1815473,2.1815473
experiment_0a_best,file,16,,2661,047.American_Goldfinch/American_Goldfinch_0053_32359.jpg,47,46,047.American_Goldfinch,180,179,horizontal_flip,horizontal_flip,0,"{""flipped"":true}",0.026292551,0.018375287,-0.0079172645,0.9740501,0.98179251,0.014031752,0.011760765,0.96001835,0.97003174,0.010013392,0.70510664,0.7249946,4.8885372,3.5441631,False,0.97131807,True,True,True,0.70510664,0.7249946,4.8885372,3.5441631,0.69816132,0.72392896,4.8283451,3.4953788,0.96775712,0.7662645,0.76477417,0.58601929,0.74683276,0.69532096,1.3925416,0.96826339,0.65905282,0.73045529,1.9315864,1.4109375,0.69094029,0.7661377,2.5783656,1.9753831,0.67470317,0.69360775,2.4971184,1.7320207,0.75425471,0.70826268,2.1815473,1.5451086
experiment_0a_best,file,16,,2661,047.American_Goldfinch/American_Goldfinch_0053_32359.jpg,47,46,047.American_Goldfinch,180,179,color_jitter,color_jitter,0,"{""brightness"":0.707977,""contrast"":1.087143,""hue"":-0.073238,""saturation"":0.907021}",0.026292551,1.9179214,1.8916289,0.9740501,0.14691202,0.014031752,0.0098946402,0.96001835,0.13701738,-0.82300097,0.39648944,26.086083,4.8885372,127.52279,False,0.80211258,False,True,False,0.39648944,26.086083,4.8885372,127.52279,0.38896915,26.068508,4.8283451,125.86775,0.68844875,26.777235,0.76477417,20.478537,0.2066414,26.593151,1.3925416,37.03207,0.31352704,29.530837,1.9315864,57.041364,0.41581118,27.855105,2.5783656,71.820645,0.40214359,22.630721,2.4971184,56.51159,0.49183884,24.539231,2.1815473,53.533494
experiment_0a_best,file,16,,2661,047.American_Goldfinch/American_Goldfinch_0053_32359.jpg,47,46,047.American_Goldfinch,180,179,rotation,rotation,0,"{""angle"":13.407675}",0.026292551,0.019276079,-0.0070164725,0.9740501,0.98090851,0.014031752,0.011663695,0.96001835,0.96924482,0.0092264656,0.72988161,0.77622218,4.8885372,3.794591,False,0.95532823,True,True,True,0.72988161,0.77622218,4.8885372,3.794591,0.72374845,0.77379494,4.8283451,3.736149,0.95258864,0.86745732,0.76477417,0.66340895,0.644921,0.71003324,1.3925416,0.98875086,0.65039776,0.73469895,1.9315864,1.4191345,0.74247033,0.79422061,2.5783656,2.0477911,0.72349526,0.780071,2.4971184,1.9479297,0.78228621,0.79121926,2.1815473,1.7260823
experiment_0a_best,file,16,,2661,047.American_Goldfinch/American_Goldfinch_0053_32359.jpg,47,46,047.American_Goldfinch,180,179,random_resized_crop,random_resized_crop,0,"{""area_fraction"":0.576205,""aspect"":0.817467,""fallback"":false,""height"":0.839563,""left"":0.304673,""top"":0.004961,""width"":0.686316}",0.026292551,4.115921,4.0896285,0.9740501,0.016310913,0.014031752,0.0065917177,0.96001835,0.0097191958,-0.95029916,0.203516,40.417152,4.8885372,197.58075,False,0.75707263,False,True,False,0.203516,40.417152,4.8885372,197.58075,0.19256705,40.317559,4.8283451,194.66709,0.60239892,44.204519,0.76477417,33.806474,0.035447432,25.584492,1.3925416,35.627471,0.14677257,38.792129,1.9315864,74.93035,0.14459063,43.171823,2.5783656,111.31274,0.21817947,40.000366,2.4971184,99.885649,0.3060711,42.617306,2.1815473,92.97167
experiment_0a_best,file,16,,2661,047.American_Goldfinch/American_Goldfinch_0053_32359.jpg,47,46,047.American_Goldfinch,180,179,gaussian_blur,gaussian_blur,0,"{""sigma"":1.068318}",0.026292551,0.022308938,-0.0039836131,0.9740501,0.97793806,0.014031752,0.0044495584,0.96001835,0.9734885,0.013470145,0.61711165,0.72548026,4.8885372,3.5465373,False,0.94190955,True,True,True,0.61711165,0.72548026,4.8885372,3.5465373,0.60968303,0.72431386,4.8283451,3.4972373,0.89660005,0.77053579,0.76477417,0.58928587,0.46634596,0.69216061,1.3925416,0.96386247,0.44934206,0.62951181,1.9315864,1.2159565,0.59059965,0.67269024,2.5783656,1.7344414,0.64355664,0.76458866,2.4971184,1.9092684,0.74778528,0.8160756,2.1815473,1.7803076
experiment_0a_best,file,16,,2661,047.American_Goldfinch/American_Goldfinch_0053_32359.jpg,47,46,047.American_Goldfinch,180,179,random_erasing,random_erasing,0,"{""area_fraction"":0.100963,""erased"":true,""height"":0.327403,""left"":0.118412,""top"":0.250872,""width"":0.308374}",0.026292551,2.9182363,2.8919437,0.9740501,0.054028906,0.014031752,0.00040347941,0.96001835,0.053625427,-0.90639293,0.38097884,30.305688,4.8885372,148.15048,False,0.75760663,False,True,False,0.38097884,30.305688,4.8885372,148.15048,0.3749607,30.02664,4.8283451,144.97898,0.57654885,39.8684,0.76477417,30.490322,0.38946101,24.934666,1.3925416,34.72256,0.38679048,27.794335,1.9315864,53.68716,0.37083398,29.407121,2.5783656,75.822309,0.40487364,31.051207,2.4971184,77.538539,0.33562033,32.958514,2.1815473,71.90056
experiment_0a_best,file,16,,10932,186.Cedar_Waxwing/Cedar_Waxwing_0031_178929.jpg,186,185,186.Cedar_Waxwing,103,102,identity,identity,0,{},5.8890324,5.8890324,0,0.0027696555,0.0027696555,0.56551325,0.56551325,-0.5627436,-0.5627436,0,1,1,240.59535,240.59535,False,1,True,False,False,1,1,240.59535,240.59535,1,1,237.95664,237.95664,1,1,35.535314,35.535314,1,1,62.763487,62.763487,1,1,110.22619,110.22619,1,1,135.87526,135.87526,1,1,120.09206,120.09206,1,1,87.464891,87.464891
experiment_0a_best,file,16,,10932,186.Cedar_Waxwing/Cedar_Waxwing_0031_178929.jpg,186,185,186.Cedar_Waxwing,103,102,horizontal_flip,horizontal_flip,0,"{""flipped"":true}",5.8890324,3.5011303,-2.387902,0.0027696555,0.030163268,0.56551325,0.41065434,-0.5627436,-0.38049107,0.18225253,0.60337085,1.1751671,240.59535,282.73975,False,0.94640458,True,False,False,0.60337085,1.1751671,240.59535,282.73975,0.59796049,1.1804281,237.95664,280.89071,0.93905365,0.90846891,35.535314,32.282728,0.72879359,1.0933896,62.763487,68.624946,0.53538413,1.3210144,110.22619,145.61038,0.59200155,1.2242077,135.87526,166.33954,0.58967217,1.0999334,120.09206,132.09327,0.7089853,1.0142926,87.464891,88.714995
experiment_0a_best,file,16,,10932,186.Cedar_Waxwing/Cedar_Waxwing_0031_178929.jpg,186,185,186.Cedar_Waxwing,103,102,color_jitter,color_jitter,0,"{""brightness"":0.903293,""contrast"":0.692247,""hue"":0.086033,""saturation"":0.664529}",5.8890324,8.1847086,2.2956762,0.0027696555,0.00027888565,0.56551325,0.27716446,-0.5627436,-0.27688557,0.28585802,0.50399803,0.62340998,240.59535,149.98954,False,0.84865689,False,False,False,0.50399803,0.62340998,240.59535,149.98954,0.4958153,0.61399337,237.95664,146.1038,0.78813208,0.95453338,35.535314,33.919643,0.54448907,0.35781089,62.763487,22.457459,0.57443535,0.59219271,110.22619,65.275144,0.47714134,0.55455917,135.87526,75.350873,0.42484915,0.58455064,120.09206,70.199891,0.57244765,0.88378837,87.464891,77.300454
experiment_0a_best,file,16,,10932,186.Cedar_Waxwing/Cedar_Waxwing_0031_178929.jpg,186,185,186.Cedar_Waxwing,103,102,rotation,rotation,0,"{""angle"":-0.881884}",5.8890324,6.7373734,0.84834099,0.0027696555,0.0011857577,0.56551325,0.49866235,-0.5627436,-0.49747659,0.065267003,0.90564926,0.84929269,240.59535,204.33587,False,0.98278701,True,False,False,0.90564926,0.84929269,240.59535,204.33587,0.90393318,0.84660227,237.95664,201.45463,0.98060077,0.96223327,35.535314,34.193261,0.92505924,0.76132209,62.763487,47.783229,0.89837059,0.88029384,110.22619,97.031432,0.90431142,0.82192978,135.87526,111.67992,0.90118924,0.82140472,120.09206,98.644185,0.91625367,0.93462513,87.464891,81.746885
experiment_0a_best,file,16,,10932,186.Cedar_Waxwing/Cedar_Waxwing_0031_178929.jpg,186,185,186.Cedar_Waxwing,103,102,random_resized_crop,random_resized_crop,0,"{""area_fraction"":0.575741,""aspect"":0.797099,""fallback"":false,""height"":0.84988,""left"":0.016217,""top"":0.09193,""width"":0.677438}",5.8890324,5.663063,-0.22596931,0.0027696555,0.0034718663,0.56551325,0.25890484,-0.5627436,-0.25543298,0.30731062,0.65795999,0.85481333,240.59535,205.66411,False,0.92378128,False,False,False,0.65795999,0.85481333,240.59535,205.66411,0.65289069,0.85451976,237.95664,203.33865,0.88185184,0.8678753,35.535314,30.840221,0.68233496,0.87455726,62.763487,54.890263,0.65986241,0.95473656,110.22619,105.23697,0.67112802,0.8700792,135.87526,118.22224,0.6149235,0.74837878,120.09206,89.87435,0.6605123,0.8248492,87.464891,72.145345
experiment_0a_best,file,16,,10932,186.Cedar_Waxwing/Cedar_Waxwing_0031_178929.jpg,186,185,186.Cedar_Waxwing,103,102,gaussian_blur,gaussian_blur,0,"{""sigma"":1.421682}",5.8890324,8.482995,2.5939627,0.0027696555,0.00020695795,0.56551325,0.022530917,-0.5627436,-0.022323959,0.54041964,0.42081491,0.49931231,240.59535,120.13222,False,0.7501815,False,False,False,0.42081491,0.49931231,240.59535,120.13222,0.41583037,0.4898037,237.95664,116.55205,0.609174,0.81917489,35.535314,29.109637,0.37229459,0.4062104,62.763487,25.495181,0.51392009,0.4746952,110.22619,52.323842,0.42286932,0.4236359,135.87526,57.561638,0.3661734,0.45538165,120.09206,54.687721,0.41430272,0.71331383,87.464891,62.389916
experiment_0a_best,file,16,,10932,186.Cedar_Waxwing/Cedar_Waxwing_0031_178929.jpg,186,185,186.Cedar_Waxwing,103,102,random_erasing,random_erasing,0,"{""area_fraction"":0.133673,""erased"":true,""height"":0.345793,""left"":0.387989,""top"":0.503623,""width"":0.386571}",5.8890324,4.8622093,-1.026823,0.0027696555,0.0077333786,0.56551325,0.20341718,-0.5627436,-0.1956838,0.36705979,0.59363313,0.73034518,240.59535,175.71765,False,0.83335549,False,False,False,0.59363313,0.73034518,240.59535,175.71765,0.58929807,0.72930899,237.95664,173.54392,0.77755838,0.77538687,35.535314,27.553616,0.34477156,0.51484391,62.763487,32.313399,0.47864113,0.58938828,110.22619,64.966022,0.68850885,0.76326814,135.87526,103.70926,0.61405692,0.77182504,120.09206,92.69006,0.56571301,0.84834463,87.464891,74.20037
experiment_0a_best,file,16,,7598,130.Tree_Sparrow/Tree_Sparrow_0039_124140.jpg,130,129,130.Tree_Sparrow,133,132,identity,identity,0,{},0.63254529,0.63254529,0,0.5312379,0.5312379,0.34416798,0.34416798,0.18706992,0.18706992,0,1,1,98.520905,98.520905,False,1,True,True,True,1,1,98.520905,98.520905,1,1,97.195218,97.195218,1,1,16.107711,16.107711,1,1,17.889404,17.889404,1,1,42.884696,42.884696,1,1,57.977728,57.977728,1,1,46.405631,46.405631,1,1,42.105617,42.105617
experiment_0a_best,file,16,,7598,130.Tree_Sparrow/Tree_Sparrow_0039_124140.jpg,130,129,130.Tree_Sparrow,133,132,horizontal_flip,horizontal_flip,0,"{""flipped"":true}",0.63254529,1.0993971,0.46685177,0.5312379,0.33307183,0.34416798,0.30959114,0.18706992,0.023480684,-0.16358924,0.71874969,1.1355174,98.520905,111.8722,False,0.95972186,True,True,True,0.71874969,1.1355174,98.520905,111.8722,0.71260467,1.1344772,97.195218,110.26575,0.93557156,1.172763,16.107711,18.890527,0.72536196,1.4178858,17.889404,25.365131,0.68889395,1.2208279,42.884696,52.354833,0.73033609,1.0745902,57.977728,62.302301,0.66507567,1.0963568,46.405631,50.87713,0.768406,1.1400051,42.105617,48.000617
experiment_0a_best,file,16,,7598,130.Tree_Sparrow/Tree_Sparrow_0039_124140.jpg,130,129,130.Tree_Sparrow,133,132,color_jitter,color_jitter,0,"{""brightness"":0.912241,""contrast"":0.924698,""hue"":0.051104,""saturation"":1.274153}",0.63254529,2.8894014,2.2568561,0.5312379,0.055609487,0.34416798,0.34990925,0.18706992,-0.29429976,-0.48136968,0.71233418,1.3151003,98.520905,129.56487,False,0.83186781,False,True,False,0.71233418,1.3151003,98.520905,129.56487,0.71033979,1.303394,97.195218,126.68366,0.79143425,1.6868809,16.107711,27.17179,0.59564553,1.5309717,17.889404,27.388171,0.68193097,1.2098542,42.884696,51.88423,0.78624895,1.2577746,57.977728,72.922912,0.68557524,1.3125642,46.405631,60.910368,0.66507568,1.4207941,42.105617,59.823411
experiment_0a_best,file,16,,7598,130.Tree_Sparrow/Tree_Sparrow_0039_124140.jpg,130,129,130.Tree_Sparrow,133,132,rotation,rotation,0,"{""angle"":-2.282451}",0.63254529,0.42092907,-0.21161622,0.5312379,0.65643668,0.34416798,0.11239815,0.18706992,0.54403853,0.35696861,0.78693565,0.69443619,98.520905,68.416482,False,0.96792072,True,True,True,0.78693565,0.69443619,98.520905,68.416482,0.78411357,0.69672965,97.195218,67.71879,0.91292291,0.60503907,16.107711,9.7457944,0.66009781,1.0307186,17.889404,18.438941,0.75381635,0.76933886,42.884696,32.992863,0.80672213,0.69238127,57.977728,40.142693,0.79982566,0.64092195,46.405631,29.742387,0.8267856,0.61072815,42.105617,25.715086
experiment_0a_best,file,16,,7598,130.Tree_Sparrow/Tree_Sparrow_0039_124140.jpg,130,129,130.Tree_Sparrow,133,132,random_resized_crop,random_resized_crop,0,"{""area_fraction"":0.583443,""aspect"":1.202625,""fallback"":false,""height"":0.696521,""left"":0.026281,""top"":0.178893,""width"":0.837653}",0.63254529,2.1363902,1.5038449,0.5312379,0.1180803,0.34416798,0.61383069,0.18706992,-0.49575038,-0.68282031,0.66062557,1.6728857,98.520905,164.81421,False,0.91592133,False,True,False,0.66062557,1.6728857,98.520905,164.81421,0.65326155,1.6700428,97.195218,162.32017,0.91429414,1.7732939,16.107711,28.563706,0.47725896,2.4224028,17.889404,43.335342,0.62470161,1.7726235,42.884696,76.01842,0.68656042,1.5336533,57.977728,88.917737,0.62142315,1.5934059,46.405631,73.943008,0.72569038,1.7318073,42.105617,72.918816
experiment_0a_best,file,16,,7598,130.Tree_Sparrow/Tree_Sparrow_0039_124140.jpg,130,129,130.Tree_Sparrow,133,132,gaussian_blur,gaussian_blur,0,"{""sigma"":1.952207}",0.63254529,3.1692767,2.5367314,0.5312379,0.042033989,0.34416798,0.03528602,0.18706992,0.0067479685,-0.18032195,0.37677546,1.1119526,98.520905,109.55058,False,0.81417286,False,True,False,0.37677546,1.1119526,98.520905,109.55058,0.36848836,1.1106428,97.195218,107.94917,0.66633983,1.1586332,16.107711,18.662928,0.09234289,1.6989761,17.889404,30.393669,0.37205804,1.1197132,42.884696,48.018561,0.42026886,1.0571369,57.977728,61.290397,0.30899881,1.059635,46.405631,49.173031,0.42635343,1.1262933,42.105617,47.423273
experiment_0a_best,file,16,,7598,130.Tree_Sparrow/Tree_Sparrow_0039_124140.jpg,130,129,130.Tree_Sparrow,133,132,random_erasing,random_erasing,0,"{""area_fraction"":0.129329,""erased"":true,""height"":0.353103,""left"":0.013885,""top"":0.165811,""width"":0.366265}",0.63254529,0.23026648,-0.40227881,0.5312379,0.79432189,0.34416798,0.11897597,0.18706992,0.67534592,0.488276,0.94470901,0.43648592,98.520905,43.002988,False,0.97966796,True,True,True,0.94470901,0.43648592,98.520905,43.002988,0.94398269,0.43636185,97.195218,42.412285,0.97092859,0.44097934,16.107711,7.1031678,0.92913758,0.42961983,17.889404,7.6856425,0.95605034,0.41796269,42.884696,17.924203,0.96107089,0.43852293,57.977728,25.424563,0.92805018,0.44606297,46.405631,20.699833,0.92326942,0.44021412,42.105617,18.535487
experiment_0a_best,file,16,,5609,096.Hooded_Oriole/Hooded_Oriole_0079_89978.jpg,96,95,096.Hooded_Oriole,12,11,identity,identity,0,{},0.043058261,0.043058261,0,0.95785558,0.95785558,0.0076150317,0.0076150317,0.95024055,0.95024055,0,1,1,6.8072334,6.8072334,False,0.99999988,True,True,True,1,1,6.8072334,6.8072334,1,1,6.7096873,6.7096873,1,1,1.1482696,1.1482696,1,1,1.4543142,1.4543142,1,1,2.281757,2.281757,1,1,3.3382178,3.3382178,1,1,3.6187949,3.6187949,1,1,3.6686625,3.6686625
experiment_0a_best,file,16,,5609,096.Hooded_Oriole/Hooded_Oriole_0079_89978.jpg,96,95,096.Hooded_Oriole,12,11,horizontal_flip,horizontal_flip,0,"{""flipped"":true}",0.043058261,0.084182754,0.041124493,0.95785558,0.91926324,0.0076150317,0.0080572749,0.95024055,0.91120597,-0.039034582,0.59883958,2.0863979,6.8072334,14.202598,False,0.95854634,True,True,True,0.59883958,2.0863979,6.8072334,14.202598,0.59011435,2.0936313,6.7096873,14.047611,0.94675284,1.8222743,1.1482696,2.0924622,0.36818457,2.5342034,1.4543142,3.6855281,0.38565668,2.1545687,2.281757,4.9162021,0.5619513,2.1477348,3.3382178,7.1696065,0.60044704,2.0639715,3.6187949,7.4690895,0.73969981,1.9730019,3.6686625,7.2382782
experiment_0a_best,file,16,,5609,096.Hooded_Oriole/Hooded_Oriole_0079_89978.jpg,96,95,096.Hooded_Oriole,12,11,color_jitter,color_jitter,0,"{""brightness"":1.017525,""contrast"":1.348068,""hue"":-0.048601,""saturation"":1.235321}",0.043058261,0.25716487,0.2141066,0.95785558,0.77324075,0.0076150317,0.0071038078,0.95024055,0.76613694,-0.18410361,0.46067242,6.5442158,6.8072334,44.548004,False,0.9224025,True,True,True,0.46067242,6.5442158,6.8072334,44.548004,0.45060066,6.5512681,6.7096873,43.956961,0.81870132,6.2986828,1.1482696,7.2325862,0.057635392,5.8303715,1.4543142,8.4791921,0.24988256,6.1748362,2.281757,14.089476,0.38832157,6.7495955,3.3382178,22.53162,0.46430557,6.6726402,3.6187949,24.146916,0.62022636,6.5137627,3.6686625,23.896797
experiment_0a_best,file,16,,5609,096.Hooded_Oriole/Hooded_Oriole_0079_89978.jpg,96,95,096.Hooded_Oriole,12,11,rotation,rotation,0,"{""angle"":-3.416476}",0.043058261,0.031589981,-0.01146828,0.95785558,0.96890378,0.0076150317,0.0069830427,0.95024055,0.96192074,0.011680187,0.82579443,0.76567247,6.8072334,5.2121112,False,0.99192351,True,True,True,0.82579443,0.76567247,6.8072334,5.2121112,0.82112127,0.76608468,6.7096873,5.1401887,0.98860966,0.75146223,1.1482696,0.86288125,0.63379791,0.67437229,1.4543142,0.98074921,0.6914792,0.72172648,2.281757,1.6468044,0.76958559,0.82129776,3.3382178,2.7416708,0.84888871,0.77573615,3.6187949,2.80723,0.91996015,0.73900592,3.6686625,2.7111633
experiment_0a_best,file,16,,5609,096.Hooded_Oriole/Hooded_Oriole_0079_89978.jpg,96,95,096.Hooded_Oriole,12,11,random_resized_crop,random_resized_crop,0,"{""area_fraction"":0.720612,""aspect"":1.062383,""fallback"":false,""height"":0.823588,""left"":0.016411,""top"":0.125471,""width"":0.874967}",0.043058261,0.055355456,0.012297194,0.95785558,0.94614875,0.0076150317,0.009708086,0.95024055,0.93644067,-0.013799883,0.71894273,1.2841389,6.8072334,8.7414332,False,0.96408403,True,True,True,0.71894273,1.2841389,6.8072334,8.7414332,0.71140845,1.2799694,6.7096873,8.5881948,0.95467518,1.4191704,1.1482696,1.6295903,0.45746679,1.1912166,1.4543142,1.7324032,0.62884872,1.3232991,2.281757,3.0194468,0.72946194,1.3001119,3.3382178,4.3400567,0.70883242,1.3142007,3.6187949,4.7558226,0.77303163,1.2246309,3.6686625,4.4927574
experiment_0a_best,file,16,,5609,096.Hooded_Oriole/Hooded_Oriole_0079_89978.jpg,96,95,096.Hooded_Oriole,12,11,gaussian_blur,gaussian_blur,0,"{""sigma"":1.839995}",0.043058261,0.1932767,0.15021844,0.95785558,0.82425386,0.0076150317,0.0071017118,0.95024055,0.81715215,-0.13308841,0.49772242,4.6083026,6.8072334,31.369791,False,0.91825926,True,True,True,0.49772242,4.6083026,6.8072334,31.369791,0.48774596,4.6253821,6.7096873,31.034868,0.89892204,3.9814148,1.1482696,4.5717377,-0.045928721,6.8021065,1.4543142,9.8924001,0.23013338,6.2154438,2.281757,14.182132,0.55131884,4.6928834,3.3382178,15.665867,0.55608003,4.2761866,3.6187949,15.474642,0.70857294,3.6497758,3.6686625,13.389796
experiment_0a_best,file,16,,5609,096.Hooded_Oriole/Hooded_Oriole_0079_89978.jpg,96,95,096.Hooded_Oriole,12,11,random_erasing,random_erasing,0,"{""area_fraction"":0.052371,""erased"":true,""height"":0.260197,""left"":0.075919,""top"":0.017121,""width"":0.201274}",0.043058261,0.043305099,0.00024683774,0.95785558,0.95761919,0.0076150317,0.0074143591,0.95024055,0.95020483,-3.571948e-05,0.9862961,1.0064849,6.8072334,6.8513775,False,0.99811232,True,True,True,0.9862961,1.0064849,6.8072334,6.8513775,0.98595531,1.0064762,6.7096873,6.7531407,0.99792879,1.0067802,1.1482696,1.1560551,0.98726485,0.96006111,1.4543142,1.3962305,0.98428099,0.99508388,2.281757,2.2705396,0.98985773,0.99481215,3.3382178,3.3208996,0.98338233,1.0139461,3.6187949,3.6692629,0.98608805,1.0201968,3.6686625,3.7427578
experiment_0a_best,file,16,,7001,120.Fox_Sparrow/Fox_Sparrow_0113_114389.jpg,120,119,120.Fox_Sparrow,34,33,identity,identity,0,{},0.006207827,0.006207827,0,0.99381143,0.99381143,0.0017599917,0.0017599917,0.99205144,0.99205144,0,1,1,0.8713475,0.8713475,False,1,True,True,True,1,1,0.8713475,0.8713475,1,1,0.84831145,0.84831145,1,1,0.19903303,0.19903303,1,1,0.1402508,0.1402508,1,1,0.3434171,0.3434171,1,1,0.4477694,0.4477694,1,1,0.39546924,0.39546924,1,1,0.47448222,0.47448222
experiment_0a_best,file,16,,7001,120.Fox_Sparrow/Fox_Sparrow_0113_114389.jpg,120,119,120.Fox_Sparrow,34,33,horizontal_flip,horizontal_flip,0,"{""flipped"":true}",0.006207827,0.021537701,0.015329874,0.99381143,0.97869259,0.0017599917,0.0029475703,0.99205144,0.97574502,-0.016306416,0.62675714,3.1431359,0.8713475,2.7387636,False,0.9701876,True,True,True,0.62675714,3.1431359,0.8713475,2.7387636,0.60769032,3.1345068,0.84831145,2.6590381,0.95690626,3.2959617,0.19903303,0.65600524,0.42878239,3.0484847,0.1402508,0.4275524,0.45274322,2.963471,0.3434171,1.0177066,0.54717458,2.8909453,0.4477694,1.2944768,0.58388444,3.4521046,0.39546924,1.3652012,0.7683878,3.2049552,0.47448222,1.5206943
experiment_0a_best,file,16,,7001,120.Fox_Sparrow/Fox_Sparrow_0113_114389.jpg,120,119,120.Fox_Sparrow,34,33,color_jitter,color_jitter,0,"{""brightness"":0.798991,""contrast"":1.093315,""hue"":0.004048,""saturation"":1.150317}",0.006207827,0.0083810752,0.0021732482,0.99381143,0.99165392,0.0017599917,0.0029049218,0.99205144,0.988749,-0.0033024393,0.8962176,1.4196981,0.8713475,1.2370503,False,0.99179673,True,True,True,0.8962176,1.4196981,0.8713475,1.2370503,0.89132096,1.4210027,0.84831145,1.2054528,0.98691359,1.395786,0.19903303,0.27780751,0.73675541,1.661687,0.1402508,0.23305293,0.88317007,1.5256473,0.3434171,0.52393338,0.88263396,1.4015577,0.4477694,0.62757464,0.88127691,1.4695701,0.39546924,0.58116976,0.93464099,1.3206999,0.47448222,0.62664861
experiment_0a_best,file,16,,7001,120.Fox_Sparrow/Fox_Sparrow_0113_114389.jpg,120,119,120.Fox_Sparrow,34,33,rotation,rotation,0,"{""angle"":10.771701}",0.006207827,0.0080460003,0.0018381733,0.99381143,0.99198627,0.0017599917,0.00047741493,0.99205144,0.99150886,-0.00054257701,0.55124096,1.4239286,0.8713475,1.2407366,False,0.96139777,True,True,True,0.55124096,1.4239286,0.8713475,1.2407366,0.53259134,1.4298814,0.84831145,1.2129848,0.92270081,1.3110927,0.19903303,0.26095075,0.35247855,1.6192899,0.1402508,0.2271067,0.3636314,1.6103287,0.3434171,0.55301441,0.39649666,1.3620644,0.4477694,0.60989076,0.57331379,1.5655707,0.39546924,0.61913507,0.77103872,1.2621362,0.47448222,0.59886121
experiment_0a_best,file,16,,7001,120.Fox_Sparrow/Fox_Sparrow_0113_114389.jpg,120,119,120.Fox_Sparrow,34,33,random_resized_crop,random_resized_crop,0,"{""area_fraction"":0.6966,""aspect"":1.090783,""fallback"":false,""height"":0.79914,""left"":0.031707,""top"":0.038585,""width"":0.871688}",0.006207827,0.0056328378,-0.00057498924,0.99381143,0.99438298,0.0017599917,0.0016303734,0.99205144,0.9927526,0.00070116727,0.75067719,0.91311286,0.8713475,0.79563861,False,0.97282243,True,True,True,0.75067719,0.91311286,0.8713475,0.79563861,0.73845076,0.91190775,0.84831145,0.77358179,0.96757635,0.9347344,0.19903303,0.18604302,0.67613859,1.0146407,0.1402508,0.14230416,0.72461996,0.94210857,0.3434171,0.3235362,0.71106951,0.86903937,0.4477694,0.38912924,0.70965146,0.94794158,0.39546924,0.37488173,0.7987846,0.89799087,0.47448222,0.4260807
experiment_0a_best,file,16,,7001,120.Fox_Sparrow/Fox_Sparrow_0113_114389.jpg,120,119,120.Fox_Sparrow,34,33,gaussian_blur,gaussian_blur,0,"{""sigma"":1.067545}",0.006207827,0.046182394,0.039974567,0.99381143,0.95486778,0.0017599917,0.001152038,0.99205144,0.95371574,-0.038335695,0.41526596,11.745021,0.8713475,10.233995,False,0.924043,True,True,True,0.41526596,11.745021,0.8713475,10.233995,0.40231601,11.941554,0.84831145,10.130157,0.84914748,7.3061041,0.19903303,1.454156,0.34766957,14.031216,0.1402508,1.9678892,0.32265238,16.431019,0.3434171,5.6426929,0.39566616,12.844473,0.4477694,5.751362,0.37255568,11.047878,0.39546924,4.3690958,0.58926283,8.0915909,0.47448222,3.839316
experiment_0a_best,file,16,,7001,120.Fox_Sparrow/Fox_Sparrow_0113_114389.jpg,120,119,120.Fox_Sparrow,34,33,random_erasing,random_erasing,0,"{""area_fraction"":0.188297,""erased"":true,""height"":0.661532,""left"":0.146965,""top"":0.055495,""width"":0.284638}",0.006207827,0.017457515,0.011249688,0.99381143,0.98269397,0.0017599917,0.0013493223,0.99205144,0.98134465,-0.010706789,0.74056619,3.1793875,0.8713475,2.7703514,False,0.97634232,True,True,True,0.74056619,3.1793875,0.8713475,2.7703514,0.73175353,3.2051386,0.84831145,2.7189558,0.94474716,2.6686793,0.19903303,0.53115532,0.78715657,3.5721293,0.1402508,0.50099398,0.62981811,4.1387354,0.3434171,1.4213125,0.75980725,3.1512683,0.4477694,1.4110415,0.71835298,3.1156932,0.39546924,1.2321608,0.82155577,2.6761355,0.47448222,1.2697787
experiment_0a_best,file,16,,7653,131.Vesper_Sparrow/Vesper_Sparrow_0070_125555.jpg,131,130,131.Vesper_Sparrow,150,149,identity,identity,0,{},0.013149097,0.013149097,0,0.98693699,0.98693699,0.004388344,0.004388344,0.98254864,0.98254864,0,1,1,2.11969,2.11969,False,1,True,True,True,1,1,2.11969,2.11969,1,1,2.0762522,2.0762522,1,1,0.42692233,0.42692233,1,1,0.46929962,0.46929962,1,1,0.99461873,0.99461873,1,1,1.1126391,1.1126391,1,1,0.98700255,0.98700255,1,1,0.94296069,0.94296069
experiment_0a_best,file,16,,7653,131.Vesper_Sparrow/Vesper_Sparrow_0070_125555.jpg,131,130,131.Vesper_Sparrow,150,149,horizontal_flip,horizontal_flip,0,"{""flipped"":true}",0.013149097,0.013566204,0.00041710772,0.98693699,0.98652542,0.004388344,0.005356478,0.98254864,0.98116894,-0.0013797041,0.69287001,0.95162335,2.11969,2.0171465,False,0.97965097,True,True,True,0.69287001,0.95162335,2.11969,2.0171465,0.68001529,0.94734362,2.0762522,1.9669243,0.97112876,1.0477622,0.42692233,0.4473131,0.73949614,0.81952716,0.46929962,0.38460378,0.64840701,0.9248566,0.99461873,0.9198797,0.65143023,0.92463289,1.1126391,1.0287827,0.63067311,0.95784268,0.98700255,0.94539317,0.79076224,1.0185837,0.94296069,0.9604844
experiment_0a_best,file,16,,7653,131.Vesper_Sparrow/Vesper_Sparrow_0070_125555.jpg,131,130,131.Vesper_Sparrow,150,149,color_jitter,color_jitter,0,"{""brightness"":1.376602,""contrast"":1.380312,""hue"":0.083627,""saturation"":0.851764}",0.013149097,0.11677216,0.10362306,0.98693699,0.88978791,0.004388344,0.021656331,0.98254864,0.86813158,-0.11441706,0.43865738,7.8885296,2.11969,16.721238,False,0.88625371,True,True,True,0.43865738,7.8885296,2.11969,16.721238,0.41985478,7.8471713,2.0762522,16.292707,0.83756432,8.8103049,0.42692233,3.7613159,-0.13554434,8.5222997,0.46929962,3.999512,0.34116414,7.8488034,0.99461873,7.8065669,0.35537277,7.8667438,1.1126391,8.7528466,0.51286334,7.8274346,0.98700255,7.7256979,0.65111069,7.6630902,0.94296069,7.2259929
experiment_0a_best,file,16,,7653,131.Vesper_Sparrow/Vesper_Sparrow_0070_125555.jpg,131,130,131.Vesper_Sparrow,150,149,rotation,rotation,0,"{""angle"":-12.769417}",0.013149097,0.080868579,0.067719483,0.98693699,0.92231488,0.004388344,0.0061960332,0.98254864,0.91611885,-0.066429793,0.5928788,5.5969778,2.11969,11.863858,False,0.88694239,True,True,True,0.5928788,5.5969778,2.11969,11.863858,0.5831865,5.6080711,2.0762522,11.64377,0.83492296,5.3278737,0.42692233,2.2745883,0.6564126,4.3814866,0.46929962,2.05623,0.61160775,5.7542475,0.99461873,5.7232823,0.57227702,5.9581408,1.1126391,6.6292604,0.48997009,5.2730621,0.98700255,5.2045257,0.65567545,5.5672324,0.94296069,5.2496813
experiment_0a_best,file,16,,7653,131.Vesper_Sparrow/Vesper_Sparrow_0070_125555.jpg,131,130,131.Vesper_Sparrow,150,149,random_resized_crop,random_resized_crop,0,"{""area_fraction"":0.74787,""aspect"":0.86262,""fallback"":false,""height"":0.931115,""left"":0.196211,""top"":0.0494,""width"":0.803198}",0.013149097,0.009333075,-0.0038160216,0.98693699,0.99071032,0.004388344,0.00056236103,0.98254864,0.99014796,0.0075993146,0.66079699,0.6817848,2.11969,1.4451724,False,0.96264088,True,True,True,0.66079699,0.6817848,2.11969,1.4451724,0.64989136,0.68132958,2.0762522,1.414612,0.91466939,0.69246415,0.42692233,0.29562841,0.42231494,0.69162584,0.46929962,0.32457974,0.69637114,0.73972595,0.99461873,0.73574529,0.61640044,0.66280333,1.1126391,0.73746089,0.59212402,0.63708685,0.98700255,0.62880635,0.75969627,0.6833439,0.94296069,0.64436643
experiment_0a_best,file,16,,7653,131.Vesper_Sparrow/Vesper_Sparrow_0070_125555.jpg,131,130,131.Vesper_Sparrow,150,149,gaussian_blur,gaussian_blur,0,"{""sigma"":1.859299}",0.013149097,1.8588337,1.8456846,0.98693699,0.15585431,0.004388344,0.00067513669,0.98254864,0.15517918,-0.82736946,0.14870228,70.715903,2.11969,149.89579,False,0.74283826,False,True,False,0.14870228,70.715903,2.11969,149.89579,0.13454151,71.484073,2.0762522,148.41896,0.64590623,49.164751,0.42692233,20.98953,-0.055875445,68.340915,0.46929962,32.072365,0.036043001,75.844919,0.99461873,75.436776,0.11820619,78.827444,1.1126391,87.706496,0.15883096,66.495232,0.98700255,65.630963,0.32764526,61.003433,0.94296069,57.52384
experiment_0a_best,file,16,,7653,131.Vesper_Sparrow/Vesper_Sparrow_0070_125555.jpg,131,130,131.Vesper_Sparrow,150,149,random_erasing,random_erasing,0,"{""area_fraction"":0.052725,""erased"":true,""height"":0.351067,""left"":0.021232,""top"":0.156581,""width"":0.150186}",0.013149097,0.018856084,0.0057069873,0.98693699,0.98132056,0.004388344,0.0078391889,0.98254864,0.97348137,-0.0090672714,0.97151967,1.5082753,2.11969,3.1970762,False,0.99461257,True,True,True,0.97151967,1.5082753,2.11969,3.1970762,0.97086048,1.5112899,2.0762522,3.1378189,0.98918691,1.4351314,0.42692233,0.61268965,0.97086235,1.5110276,0.46929962,0.70912469,0.98159591,1.5075765,0.99461873,1.4994638,0.97477416,1.5352852,1.1126391,1.7082183,0.96472985,1.5295144,0.98700255,1.5096347,0.96065852,1.4608802,0.94296069,1.3775526
experiment_0a_best,file,16,,9715,166.Golden_winged_Warbler/Golden_Winged_Warbler_0083_794801.jpg,166,165,166.Golden_winged_Warbler,165,164,identity,identity,0,{},0.012554189,0.012554189,0,0.98752427,0.98752427,0.0020396623,0.0020396623,0.98548461,0.98548461,0,1,1,2.0218964,2.0218964,False,1,True,True,True,1,1,2.0218964,2.0218964,1,1,1.9923401,1.9923401,1,1,0.34445038,0.34445038,1,1,0.4260423,0.4260423,1,1,0.80019688,0.80019688,1,1,0.96217915,0.96217915,1,1,1.0278143,1.0278143,1,1,1.0795374,1.0795374
experiment_0a_best,file,16,,9715,166.Golden_winged_Warbler/Golden_Winged_Warbler_0083_794801.jpg,166,165,166.Golden_winged_Warbler,165,164,horizontal_flip,horizontal_flip,0,"{""flipped"":true}",0.012554189,0.014246071,0.0016918816,0.98752427,0.98585492,0.0020396623,0.00025936612,0.98548461,0.98559556,0.00011094892,0.65238207,1.041188,2.0218964,2.1051743,False,0.95541811,True,True,True,0.65238207,1.041188,2.0218964,2.1051743,0.64316899,1.0376966,1.9923401,2.0674445,0.93349733,1.1519132,0.34445038,0.39677693,0.014694,0.93296457,0.4260423,0.39748237,0.56553952,0.92529387,0.80019688,0.74041727,0.61794913,1.014868,0.96217915,0.97648487,0.67755777,1.0279356,1.0278143,1.0565268,0.75321727,1.1338831,1.0795374,1.2240691
experiment_0a_best,file,16,,9715,166.Golden_winged_Warbler/Golden_Winged_Warbler_0083_794801.jpg,166,165,166.Golden_winged_Warbler,165,164,color_jitter,color_jitter,0,"{""brightness"":0.778533,""contrast"":0.949162,""hue"":0.014529,""saturation"":0.900504}",0.012554189,0.025863759,0.01330957,0.98752427,0.97446781,0.0020396623,0.0039764182,0.98548461,0.9704914,-0.014993213,0.91300389,2.3732025,2.0218964,4.7983694,False,0.986467,True,True,True,0.91300389,2.3732025,2.0218964,4.7983694,0.91121432,2.380178,1.9923401,4.742124,0.98565644,2.1266811,0.34445038,0.73253612,0.90160343,2.8557507,0.4260423,1.2166706,0.90544988,2.714196,0.80019688,2.1718912,0.91003135,2.5130236,0.96217915,2.4179789,0.91419996,2.2256386,1.0278143,2.287543,0.93392366,2.1145467,1.0795374,2.2827321
experiment_0a_best,file,16,,9715,166.Golden_winged_Warbler/Golden_Winged_Warbler_0083_794801.jpg,166,165,166.Golden_winged_Warbler,165,164,rotation,rotation,0,"{""angle"":14.180254}",0.012554189,0.0038714474,-0.0086827418,0.98752427,0.99613601,0.0020396623,0.00096622074,0.98548461,0.99516979,0.0096851803,0.78162004,0.33850488,2.0218964,0.6844218,False,0.96661127,True,True,True,0.78162004,0.33850488,2.0218964,0.6844218,0.77657807,0.33896564,1.9923401,0.67533481,0.95971829,0.32271105,0.34445038,0.11115794,0.63790877,0.34846387,0.4260423,0.14846035,0.71431888,0.33508787,0.80019688,0.26813627,0.78297617,0.34804501,0.96217915,0.33488165,0.76559707,0.33107849,1.0278143,0.3402872,0.83752118,0.33934083,1.0795374,0.36633111
experiment_0a_best,file,16,,9715,166.Golden_winged_Warbler/Golden_Winged_Warbler_0083_794801.jpg,166,165,166.Golden_winged_Warbler,165,164,random_resized_crop,random_resized_crop,0,"{""area_fraction"":0.52486,""aspect"":1.053218,""fallback"":false,""height"":0.705932,""left"":0.092062,""top"":0.256346,""width"":0.7435}",0.012554189,0.42935503,0.41680084,0.98752427,0.6509288,0.0020396623,0.0024829886,0.98548461,0.64844581,-0.3370388,0.57276933,32.820433,2.0218964,66.359515,False,0.86301851,True,True,True,0.57276933,32.820433,2.0218964,66.359515,0.56536335,32.873497,1.9923401,65.495185,0.83654572,30.99281,0.34445038,10.675485,0.64465006,38.166293,0.4260423,16.260456,0.53508786,37.641443,0.80019688,30.120566,0.55036487,35.066542,0.96217915,33.740295,0.56321693,31.333396,1.0278143,32.204911,0.60049873,28.436819,1.0795374,30.698609
experiment_0a_best,file,16,,9715,166.Golden_winged_Warbler/Golden_Winged_Warbler_0083_794801.jpg,166,165,166.Golden_winged_Warbler,165,164,gaussian_blur,gaussian_blur,0,"{""sigma"":1.333722}",0.012554189,0.074831262,0.062277073,0.98752427,0.92790008,0.0020396623,0.0024444577,0.98548461,0.92545562,-0.06002899,0.46917407,9.8267604,2.0218964,19.868691,False,0.87794864,True,True,True,0.46917407,9.8267604,2.0218964,19.868691,0.46356466,9.8953685,1.9923401,19.714939,0.75265171,7.1621257,0.34445038,2.4669969,0.54156212,12.728192,0.4260423,5.4227483,0.43805467,10.387805,0.80019688,8.3122891,0.412525,11.403109,0.96217915,10.971834,0.41221629,9.8256541,1.0278143,10.098947,0.60854466,7.6278949,1.0795374,8.2345977
experiment_0a_best,file,16,,9715,166.Golden_winged_Warbler/Golden_Winged_Warbler_0083_794801.jpg,166,165,166.Golden_winged_Warbler,165,164,random_erasing,random_erasing,0,"{""area_fraction"":0.075751,""erased"":true,""height"":0.423708,""left"":0.128099,""top"":0.079528,""width"":0.178781}",0.012554189,0.010316145,-0.0022380445,0.98752427,0.98973686,0.0020396623,0.0014531403,0.98548461,0.98828371,0.0027991061,0.923079,0.82762099,2.0218964,1.6733639,False,0.99036241,True,True,True,0.923079,0.82762099,2.0218964,1.6733639,0.92111069,0.82771633,1.9923401,1.6490924,0.98920066,0.82442491,0.34445038,0.28397347,0.87921243,0.75405539,0.4260423,0.3212595,0.91404084,0.78872265,0.80019688,0.63113341,0.9226207,0.84767998,0.96217915,0.81562001,0.9120223,0.82112314,1.0278143,0.84396206,0.93891858,0.84922159,1.0795374,0.91676645
experiment_0a_best,file,16,,7616,130.Tree_Sparrow/Tree_Sparrow_0046_125344.jpg,130,129,130.Tree_Sparrow,115,114,identity,identity,0,{},3.0327148,3.0327148,0,0.048184637,0.048184637,0.13881236,0.13881236,-0.090627726,-0.090627726,0,1,1,138.48515,138.48515,False,1,True,False,False,1,1,138.48515,138.48515,1,1,136.11849,136.11849,1,1,25.493042,25.493042,1,1,31.964232,31.964232,1,1,62.606418,62.606418,1,1,80.614688,80.614688,1,1,61.629873,61.629873,1,1,57.358499,57.358499
experiment_0a_best,file,16,,7616,130.Tree_Sparrow/Tree_Sparrow_0046_125344.jpg,130,129,130.Tree_Sparrow,115,114,horizontal_flip,horizontal_flip,0,"{""flipped"":true}",3.0327148,3.2513671,0.21865225,0.048184637,0.03872123,0.13881236,0.15098733,-0.090627726,-0.1122661,-0.021638371,0.71508235,1.054762,138.48515,146.06888,False,0.93453342,True,False,False,0.71508235,1.054762,138.48515,146.06888,0.70839996,1.0575343,136.11849,143.94996,0.924713,0.97240785,25.493042,24.789634,0.67793335,1.1476898,31.964232,36.685023,0.71022084,1.1241561,62.606418,70.379389,0.74650544,1.0659412,80.614688,85.930521,0.66273371,1.0184525,61.629873,62.7671,0.6956966,0.97050456,57.358499,55.666685
experiment_0a_best,file,16,,7616,130.Tree_Sparrow/Tree_Sparrow_0046_125344.jpg,130,129,130.Tree_Sparrow,115,114,color_jitter,color_jitter,0,"{""brightness"":1.148133,""contrast"":1.19798,""hue"":0.096655,""saturation"":1.111826}",3.0327148,7.9507208,4.9180059,0.048184637,0.0003524081,0.13881236,0.017863259,-0.090627726,-0.017510851,0.073116876,0.31437066,0.96407978,138.48515,133.51074,False,0.77388418,False,False,False,0.31437066,0.96407978,138.48515,133.51074,0.29658099,0.95225699,136.11849,129.61978,0.71068052,1.2551395,25.493042,31.997325,0.12208395,0.87335608,31.964232,27.916156,0.2716704,0.92730783,62.606418,58.055422,0.28566764,0.80557696,80.614688,64.941336,0.3510907,1.0452865,61.629873,64.420872,0.33214106,1.1411242,57.358499,65.453173
experiment_0a_best,file,16,,7616,130.Tree_Sparrow/Tree_Sparrow_0046_125344.jpg,130,129,130.Tree_Sparrow,115,114,rotation,rotation,0,"{""angle"":0.954478}",3.0327148,2.375551,-0.65716386,0.048184637,0.092963248,0.13881236,0.072588816,-0.090627726,0.020374432,0.11100216,0.89315544,1.1163226,138.48515,154.5941,False,0.98252422,False,False,True,0.89315544,1.1163226,138.48515,154.5941,0.89112045,1.1223491,136.11849,152.77246,0.97900839,0.9281924,25.493042,23.662448,0.86575965,1.1847176,31.964232,37.868588,0.89281512,1.1330275,62.606418,70.934793,0.91177674,1.1697079,80.614688,94.295638,0.86723455,1.0892327,61.629873,67.129275,0.88693159,1.0278265,57.358499,58.954586
experiment_0a_best,file,16,,7616,130.Tree_Sparrow/Tree_Sparrow_0046_125344.jpg,130,129,130.Tree_Sparrow,115,114,random_resized_crop,random_resized_crop,0,"{""area_fraction"":0.615323,""aspect"":1.062526,""fallback"":false,""height"":0.760995,""left"":0.013192,""top"":0.068071,""width"":0.808577}",3.0327148,4.4365368,1.4038219,0.048184637,0.01183686,0.13881236,0.077380411,-0.090627726,-0.065543551,0.025084175,0.70564127,1.0509006,138.48515,145.53413,False,0.89868057,False,False,False,0.70564127,1.0509006,138.48515,145.53413,0.6990889,1.0505835,136.11849,143.00383,0.89083083,1.0599019,25.493042,27.020124,0.78573796,1.0638014,31.964232,34.003595,0.70963004,1.0669,62.606418,66.794789,0.72862254,1.0394114,80.614688,83.791829,0.64136994,1.042268,61.629873,64.234846,0.66794891,1.0583471,57.358499,60.705198
experiment_0a_best,file,16,,7616,130.Tree_Sparrow/Tree_Sparrow_0046_125344.jpg,130,129,130.Tree_Sparrow,115,114,gaussian_blur,gaussian_blur,0,"{""sigma"":1.081601}",3.0327148,1.7095199,-1.323195,0.048184637,0.18095267,0.13881236,0.23247749,-0.090627726,-0.051524818,0.039102908,0.71707712,1.1708347,138.48515,162.14322,False,0.93320525,True,False,False,0.71707712,1.1708347,138.48515,162.14322,0.71264441,1.1787469,136.11849,160.44925,0.90164486,0.91697814,25.493042,23.376563,0.76741734,1.4703259,31.964232,46.997837,0.70195622,1.330918,62.606418,83.324011,0.74116102,1.1638905,80.614688,93.826672,0.6791798,1.0874492,61.629873,67.019356,0.70993782,1.0010994,57.358499,57.421561
experiment_0a_best,file,16,,7616,130.Tree_Sparrow/Tree_Sparrow_0046_125344.jpg,130,129,130.Tree_Sparrow,115,114,random_erasing,random_erasing,0,"{""area_fraction"":0.18872,""erased"":true,""height"":0.770948,""left"":0.530306,""top"":0.082567,""width"":0.244789}",3.0327148,3.4485312,0.41581631,0.048184637,0.031792302,0.13881236,0.330782,-0.090627726,-0.29898969,-0.20836197,0.64768693,1.005014,138.48515,139.17952,False,0.88207996,True,False,False,0.64768693,1.005014,138.48515,139.17952,0.63967382,1.0020811,136.11849,136.40176,0.86060646,1.0853015,25.493042,27.667637,0.70618458,0.82686918,31.964232,26.430238,0.64467239,0.93586415,62.606418,58.591102,0.65900678,0.97397861,80.614688,78.516983,0.59156479,1.049985,61.629873,64.710445,0.64763212,1.1192719,57.358499,64.199753
experiment_0a_best,file,16,,1905,034.Gray_crowned_Rosy_Finch/Gray_Crowned_Rosy_Finch_0056_797293.jpg,34,33,034.Gray_crowned_Rosy_Finch,52,51,identity,identity,0,{},0.0013962769,0.0013962769,0,0.99860471,0.99860471,0.00079347339,0.00079347339,0.99781124,0.99781124,0,1,1,0.17503859,0.17503859,False,1.0000001,True,True,True,1,1,0.17503859,0.17503859,1,1,0.16684642,0.16684642,1,1,0.052922401,0.052922401,1,1,0.023172622,0.023172622,1,1,0.066500221,0.066500221,1,1,0.078866791,0.078866791,1,1,0.080884453,0.080884453,1,1,0.10057938,0.10057938
experiment_0a_best,file,16,,1905,034.Gray_crowned_Rosy_Finch/Gray_Crowned_Rosy_Finch_0056_797293.jpg,34,33,034.Gray_crowned_Rosy_Finch,52,51,horizontal_flip,horizontal_flip,0,"{""flipped"":true}",0.0013962769,0.00082589843,-0.00057037844,0.99860471,0.99917442,0.00079347339,0.00048310854,0.99781124,0.99869131,0.00088006604,0.66309887,0.63543145,0.17503859,0.11122502,False,0.97625297,True,True,True,0.66309887,0.63543145,0.17503859,0.11122502,0.63220698,0.63646349,0.16684642,0.10619165,0.97583128,0.62508104,0.052922401,0.033080789,0.32794294,0.77404433,0.023172622,0.017936636,0.54857061,0.67464414,0.066500221,0.044863984,0.59291383,0.63823268,0.078866791,0.050335363,0.55957204,0.60057958,0.080884453,0.048577551,0.76188024,0.63263176,0.10057938,0.06362971
experiment_0a_best,file,16,,1905,034.Gray_crowned_Rosy_Finch/Gray_Crowned_Rosy_Finch_0056_797293.jpg,34,33,034.Gray_crowned_Rosy_Finch,52,51,color_jitter,color_jitter,0,"{""brightness"":1.291902,""contrast"":0.676346,""hue"":-0.061413,""saturation"":0.899046}",0.0013962769,1.6813699,1.6799736,0.99860471,0.18611883,0.00079347339,0.0031331626,0.99781124,0.18298566,-0.81482558,0.37344918,1105.2521,0.17503859,193.46177,False,0.85456783,False,True,False,0.37344918,1105.2521,0.17503859,193.46177,0.36802587,1146.8311,0.16684642,191.34465,0.59377562,539.32959,0.052922401,28.542617,0.1185373,1872.5784,0.023172622,43.392551,0.29384885,1357.2083,0.066500221,90.254653,0.46671798,1381.6088,0.078866791,108.96306,0.38768873,1126.3058,0.080884453,91.100632,0.37236637,796.11757,0.10057938,80.073011
experiment_0a_best,file,16,,1905,034.Gray_crowned_Rosy_Finch/Gray_Crowned_Rosy_Finch_0056_797293.jpg,34,33,034.Gray_crowned_Rosy_Finch,52,51,rotation,rotation,0,"{""angle"":-1.939992}",0.0013962769,0.0024594793,0.0010632024,0.99860471,0.99754351,0.00079347339,0.0010168768,0.99781124,0.99652664,-0.0012846045,0.81640112,2.1413415,0.17503859,0.3748174,False,0.98608339,True,True,True,0.81640112,2.1413415,0.17503859,0.3748174,0.80687391,2.1863466,0.16684642,0.36478409,0.97684499,1.627726,0.052922401,0.086143166,0.63483267,2.732511,0.023172622,0.063319445,0.81442552,2.5542749,0.066500221,0.16985985,0.76918453,2.3604623,0.078866791,0.18616209,0.80196141,2.1603632,0.080884453,0.1747398,0.86870959,1.860461,0.10057938,0.18712401
experiment_0a_best,file,16,,1905,034.Gray_crowned_Rosy_Finch/Gray_Crowned_Rosy_Finch_0056_797293.jpg,34,33,034.Gray_crowned_Rosy_Finch,52,51,random_resized_crop,random_resized_crop,0,"{""area_fraction"":0.714499,""aspect"":1.082821,""fallback"":false,""height"":0.812311,""left"":0.022904,""top"":0.005487,""width"":0.879588}",0.0013962769,0.0013600871,-3.6189798e-05,0.99860471,0.99864084,0.00079347339,0.00052962278,0.99781124,0.99811121,0.00029997103,0.75140239,1.2671758,0.17503859,0.22180467,False,0.97334969,True,True,True,0.75140239,1.2671758,0.17503859,0.22180467,0.73979302,1.2978714,0.16684642,0.21654519,0.96185353,0.90728155,0.052922401,0.048015518,0.34654707,1.9850561,0.023172622,0.045998955,0.69506485,1.4693127,0.066500221,0.09770962,0.73550698,1.4101915,0.078866791,0.11121728,0.73617931,1.2349844,0.080884453,0.099891037,0.827257,1.1284178,0.10057938,0.11349557
experiment_0a_best,file,16,,1905,034.Gray_crowned_Rosy_Finch/Gray_Crowned_Rosy_Finch_0056_797293.jpg,34,33,034.Gray_crowned_Rosy_Finch,52,51,gaussian_blur,gaussian_blur,0,"{""sigma"":1.798872}",0.0013962769,5.0501556,5.0487594,0.99860471,0.0064083375,0.00079347339,0.00032301754,0.99781124,0.00608532,-0.99172592,0.28224538,1293.7761,0.17503859,226.46074,False,0.66890574,False,True,False,0.28224538,1293.7761,0.17503859,226.46074,0.27547222,1342.2803,0.16684642,223.95466,0.50320586,634.84037,0.052922401,33.597277,0.28136299,2791.6007,0.023172622,64.688707,0.40794075,1665.5609,0.066500221,110.76017,0.27845903,1535.9545,0.078866791,121.1358,0.23308988,1289.4923,0.080884453,104.29988,0.24669617,897.62264,0.10057938,90.282328
experiment_0a_best,file,16,,1905,034.Gray_crowned_Rosy_Finch/Gray_Crowned_Rosy_Finch_0056_797293.jpg,34,33,034.Gray_crowned_Rosy_Finch,52,51,random_erasing,random_erasing,0,"{""area_fraction"":0.185311,""erased"":true,""height"":0.418088,""left"":0.212609,""top"":0.269952,""width"":0.443234}",0.0013962769,0.034204189,0.032807912,0.99860471,0.96637416,0.00079347339,0.016711432,0.99781124,0.94966273,-0.048148515,0.63442284,19.85042,0.17503859,3.4745894,False,0.93719238,True,True,True,0.63442284,19.85042,0.17503859,3.4745894,0.60260819,19.716736,0.16684642,3.2896668,0.93082146,21.133213,0.052922401,1.1184204,0.414378,24.753212,0.023172622,0.57359681,0.43458231,19.274505,0.066500221,1.2817588,0.54524307,18.358136,0.078866791,1.4478473,0.59370364,19.695047,0.080884453,1.5930231,0.72363272,20.414632,0.10057938,2.053291
experiment_0a_best,file,16,,5621,096.Hooded_Oriole/Hooded_Oriole_0075_90788.jpg,96,95,096.Hooded_Oriole,97,96,identity,identity,0,{},0.018731255,0.018731255,0,0.98144311,0.98144311,0.0072202659,0.0072202659,0.97422284,0.97422284,0,1,1,3.2352409,3.2352409,False,0.99999994,True,True,True,1,1,3.2352409,3.2352409,1,1,3.1841354,3.1841354,1,1,0.57276994,0.57276994,1,1,0.68874822,0.68874822,1,1,1.2196488,1.2196488,1,1,1.539284,1.539284,1,1,1.7314875,1.7314875,1,1,1.6761137,1.6761137
experiment_0a_best,file,16,,5621,096.Hooded_Oriole/Hooded_Oriole_0075_90788.jpg,96,95,096.Hooded_Oriole,97,96,horizontal_flip,horizontal_flip,0,"{""flipped"":true}",0.018731255,0.038745675,0.02001442,0.98144311,0.96199536,0.0072202659,0.011485769,0.97422284,0.95050959,-0.023713247,0.58737691,2.0092144,3.2352409,6.5002926,False,0.97491199,True,True,True,0.58737691,2.0092144,3.2352409,6.5002926,0.57639786,2.0155071,3.1841354,6.4176474,0.96998345,1.8039526,0.57276994,1.0332498,0.35308139,2.4490101,0.68874822,1.6867513,0.36171051,1.8667557,1.2196488,2.2767863,0.49988863,1.8963723,1.539284,2.9190555,0.60430016,2.0303041,1.7314875,3.5154461,0.75588567,2.0905546,1.6761137,3.5040071
experiment_0a_best,file,16,,5621,096.Hooded_Oriole/Hooded_Oriole_0075_90788.jpg,96,95,096.Hooded_Oriole,97,96,color_jitter,color_jitter,0,"{""brightness"":0.872195,""contrast"":0.816462,""hue"":-0.029811,""saturation"":0.609636}",0.018731255,4.6087627,4.5900315,0.98144311,0.0099641373,0.0072202659,0.97775102,0.97422284,-0.96778688,-1.9420097,0.57106045,78.313219,3.2352409,253.36213,False,0.84015208,False,True,False,0.57106045,78.313219,3.2352409,253.36213,0.56584754,78.553206,3.1841354,250.12405,0.75383242,70.494872,0.57276994,40.377344,0.42543297,99.883069,0.68874822,68.794286,0.63350674,101.90088,1.2196488,124.28328,0.58204214,88.137916,1.539284,135.66928,0.5576155,65.949955,1.7314875,114.19152,0.58571006,62.394952,1.6761137,104.58103
experiment_0a_best,file,16,,5621,096.Hooded_Oriole/Hooded_Oriole_0075_90788.jpg,96,95,096.Hooded_Oriole,97,96,rotation,rotation,0,"{""angle"":-6.376053}",0.018731255,0.02534483,0.0066135749,0.98144311,0.97497368,0.0072202659,0.0074418862,0.97422284,0.96753179,-0.0066910489,0.81714761,1.4455806,3.2352409,4.6768016,False,0.98918879,True,True,True,0.81714761,1.4455806,3.2352409,4.6768016,0.81267729,1.4507506,3.1841354,4.6193863,0.98087254,1.2755173,0.57276994,0.73057794,0.77834645,1.7176361,0.68874822,1.1830188,0.79535776,1.6013345,1.2196488,1.9530656,0.80218511,1.5163962,1.539284,2.3341643,0.78584368,1.3677951,1.7314875,2.36832,0.87990065,1.3430495,1.6761137,2.2511037
experiment_0a_best,file,16,,5621,096.Hooded_Oriole/Hooded_Oriole_0075_90788.jpg,96,95,096.Hooded_Oriole,97,96,random_resized_crop,random_resized_crop,0,"{""area_fraction"":0.540717,""aspect"":1.3012,""fallback"":false,""height"":0.644634,""left"":0.015665,""top"":0.13912,""width"":0.838798}",0.018731255,0.0043688803,-0.014362375,0.98144311,0.99564064,0.0072202659,0.00089975272,0.97422284,0.99474088,0.020518042,0.62005399,0.22550001,3.2352409,0.72954687,False,0.93916804,True,True,True,0.62005399,0.22550001,3.2352409,0.72954687,0.61003297,0.22511783,3.1841354,0.71680565,0.91500741,0.23700771,0.57276994,0.13575089,0.15684924,0.19643814,0.68874822,0.13529642,0.54237491,0.23223217,1.2196488,0.28324168,0.59083457,0.2219037,1.539284,0.34157281,0.59448324,0.22976178,1.7314875,0.39782964,0.74885936,0.22350418,1.6761137,0.37461841
experiment_0a_best,file,16,,5621,096.Hooded_Oriole/Hooded_Oriole_0075_90788.jpg,96,95,096.Hooded_Oriole,97,96,gaussian_blur,gaussian_blur,0,"{""sigma"":1.664934}",0.018731255,0.12454204,0.10581078,0.98144311,0.88290113,0.0072202659,0.0079575535,0.97422284,0.87494358,-0.099279263,0.48913815,7.140671,3.2352409,23.101791,False,0.88001084,True,True,True,0.48913815,7.140671,3.2352409,23.101791,0.48233241,7.1993811,3.1841354,22.923804,0.82439008,4.9970438,0.57276994,2.8621565,-0.067342552,13.059426,0.68874822,8.9946567,0.33226482,8.1508799,1.2196488,9.9412106,0.5848603,7.8320993,1.539284,12.055825,0.54654073,6.365839,1.7314875,11.02237,0.69241195,5.300634,1.6761137,8.8844651
experiment_0a_best,file,16,,5621,096.Hooded_Oriole/Hooded_Oriole_0075_90788.jpg,96,95,096.Hooded_Oriole,97,96,random_erasing,random_erasing,0,"{""area_fraction"":0.183816,""erased"":true,""height"":0.655242,""left"":0.225746,""top"":0.322343,""width"":0.280531}",0.018731255,0.019641547,0.00091029145,0.98144311,0.98055011,0.0072202659,0.0036644759,0.97422284,0.97688563,0.0026627933,0.71333902,1.0915475,3.2352409,3.5314192,False,0.95541084,True,True,True,0.71333902,1.0915475,3.2352409,3.5314192,0.70680853,1.0911561,3.1841354,3.4743887,0.91293388,1.1035768,0.57276994,0.6320956,0.45933375,1.0029363,0.68874822,0.69077057,0.71256361,1.2888297,1.2196488,1.5719195,0.71508069,1.135558,1.539284,1.7479462,0.71247554,1.068101,1.7314875,1.8494035,0.74403715,0.97079757,1.6761137,1.6271671
0b_baseline_best,file,13,baseline,3891,067.Anna_Hummingbird/Anna_Hummingbird_0118_55773.jpg,67,66,067.Anna_Hummingbird,68,67,identity,identity,0,{},0.44572428,0.44572428,0,0.6403603,0.6403603,0.27197215,0.27197215,0.36838815,0.36838815,0,1,1,59.299755,59.299755,False,1,True,True,True,1,1,59.299755,59.299755,1,1,57.522964,57.522964,1,1,14.407275,14.407275,1,1,11.889175,11.889175,1,1,27.312616,27.312616,1,1,31.099318,31.099318,1,1,25.089728,25.089728,1,1,28.721034,28.721034
0b_baseline_best,file,13,baseline,3891,067.Anna_Hummingbird/Anna_Hummingbird_0118_55773.jpg,67,66,067.Anna_Hummingbird,68,67,horizontal_flip,horizontal_flip,0,"{""flipped"":true}",0.44572428,1.8792276,1.4335034,0.6403603,0.15270801,0.27197215,0.4556323,0.36838815,-0.30292429,-0.67131244,0.65557135,2.1272617,59.299755,126.14609,False,0.9575032,False,True,False,0.65557135,2.1272617,59.299755,126.14609,0.63839358,2.1275833,57.522964,122.3849,0.93011032,2.122127,14.407275,30.574068,0.56267554,2.0897658,11.889175,24.845592,0.61100421,1.9542314,27.312616,53.375173,0.66390055,2.1261183,31.099318,66.120827,0.5764343,2.246405,25.089728,56.361692,0.69519375,2.191924,28.721034,62.954324
0b_baseline_best,file,13,baseline,3891,067.Anna_Hummingbird/Anna_Hummingbird_0118_55773.jpg,67,66,067.Anna_Hummingbird,68,67,color_jitter,color_jitter,0,"{""brightness"":0.675779,""contrast"":0.930573,""hue"":-0.018551,""saturation"":0.613646}",0.44572428,0.63543147,0.18970719,0.6403603,0.5297069,0.27197215,0.12191351,0.36838815,0.40779339,0.039405242,0.63312314,1.2726238,59.299755,75.466282,False,0.93830192,True,True,True,0.63312314,1.2726238,59.299755,75.466282,0.62369445,1.288793,57.522964,74.135194,0.85377925,0.97946602,14.407275,14.111436,0.40481633,1.4013501,11.889175,16.660897,0.61226036,1.3346984,27.312616,36.454104,0.59059486,1.2435707,31.099318,38.6742,0.63935828,1.395135,25.089728,35.003558,0.7110303,1.1902339,28.721034,34.18475
0b_baseline_best,file,13,baseline,3891,067.Anna_Hummingbird/Anna_Hummingbird_0118_55773.jpg,67,66,067.Anna_Hummingbird,68,67,rotation,rotation,0,"{""angle"":-12.795946}",0.44572428,0.45166969,0.0059454143,0.6403603,0.63656437,0.27197215,0.19080852,0.36838815,0.44575585,0.077367708,0.67429386,1.0112568,59.299755,59.967282,False,0.92817235,True,True,True,0.67429386,1.0112568,59.299755,59.967282,0.66211122,1.0198523,57.522964,58.664927,0.91284073,0.8627483,14.407275,12.429852,0.75226194,1.2926287,11.889175,15.368289,0.60492368,1.1195616,27.312616,30.578158,0.68064327,0.98589446,31.099318,30.660645,0.62394608,1.0297228,25.089728,25.835465,0.72789482,0.896391,28.721034,25.745277
0b_baseline_best,file,13,baseline,3891,067.Anna_Hummingbird/Anna_Hummingbird_0118_55773.jpg,67,66,067.Anna_Hummingbird,68,67,random_resized_crop,random_resized_crop,0,"{""area_fraction"":0.5383,""aspect"":1.218286,""fallback"":false,""height"":0.664718,""left"":0.074977,""top"":0.165915,""width"":0.809817}",0.44572428,0.20621614,-0.23950814,0.6403603,0.81365722,0.27197215,0.15753745,0.36838815,0.65611978,0.28773163,0.65066723,0.5785067,59.299755,34.305305,False,0.9329204,True,True,True,0.65066723,0.5785067,59.299755,34.305305,0.63496599,0.58138932,57.522964,33.443237,0.92759167,0.53044333,14.407275,7.6422428,0.63896565,0.64848576,11.889175,7.709961,0.5699465,0.55731754,27.312616,15.2218,0.65429522,0.58995101,31.099318,18.347074,0.61365989,0.62970925,25.089728,15.799234,0.69384479,0.54059713,28.721034,15.526509
0b_baseline_best,file,13,baseline,3891,067.Anna_Hummingbird/Anna_Hummingbird_0118_55773.jpg,67,66,067.Anna_Hummingbird,68,67,gaussian_blur,gaussian_blur,0,"{""sigma"":1.766447}",0.44572428,5.0626192,4.6168949,0.6403603,0.0063289599,0.27197215,0.012561185,0.36838815,-0.0062322253,-0.37462037,0.25937937,3.655794,59.299755,216.78769,False,0.70818186,False,True,False,0.25937937,3.655794,59.299755,216.78769,0.25290949,3.7386193,57.522964,215.05646,0.52236464,1.8978351,14.407275,27.342632,0.29678614,4.3168978,11.889175,51.324355,0.27993295,3.5285113,27.312616,96.372875,0.23533249,4.1048326,31.099318,127.65749,0.22529129,4.1884303,25.089728,105.08658,0.2842469,2.9105038,28.721034,83.592679
0b_baseline_best,file,13,baseline,3891,067.Anna_Hummingbird/Anna_Hummingbird_0118_55773.jpg,67,66,067.Anna_Hummingbird,68,67,random_erasing,random_erasing,0,"{""area_fraction"":0.197925,""erased"":true,""height"":0.732068,""left"":0.283798,""top"":0.16117,""width"":0.270365}",0.44572428,3.120265,2.6745407,0.6403603,0.044145465,0.27197215,0.079113744,0.36838815,-0.034968279,-0.40335643,0.24786569,1.6967515,59.299755,100.61695,False,0.73393834,False,True,False,0.24786569,1.6967515,59.299755,100.61695,0.22563676,1.6990345,57.522964,97.733497,0.61062974,1.659935,14.407275,23.915139,-0.03912032,1.3562773,11.889175,16.125019,0.1045603,1.2912429,27.312616,35.267221,0.2188074,1.4930731,31.099318,46.433554,0.25280891,2.0050917,25.089728,50.307206,0.32444123,2.0185713,28.721034,57.975455
0b_baseline_best,file,13,baseline,5405,093.Clark_Nutcracker/Clark_Nutcracker_0011_85698.jpg,93,92,093.Clark_Nutcracker,19,18,identity,identity,0,{},0.0070870919,0.0070870919,0,0.99293798,0.99293798,0.0045243283,0.0045243283,0.98841365,0.98841365,0,1,1,1.0475842,1.0475842,False,0.99999994,True,True,True,1,1,1.0475842,1.0475842,1,1,1.0193558,1.0193558,1,1,0.24155016,0.24155016,1,1,0.27805381,0.27805381,1,1,0.4253587,0.4253587,1,1,0.48773402,0.48773402,1,1,0.51925842,0.51925842,1,1,0.52280832,0.52280832
0b_baseline_best,file,13,baseline,5405,093.Clark_Nutcracker/Clark_Nutcracker_0011_85698.jpg,93,92,093.Clark_Nutcracker,19,18,horizontal_flip,horizontal_flip,0,"{""flipped"":true}",0.0070870919,0.009885285,0.0027981931,0.99293798,0.99016339,0.0045243283,0.0069123358,0.98841365,0.98325105,-0.0051626037,0.64518179,1.415443,1.0475842,1.4827957,False,0.97636777,True,True,True,0.64518179,1.415443,1.0475842,1.4827957,0.62739419,1.4181202,1.0193558,1.445569,0.9742469,1.3668869,0.24155016,0.33017175,0.78050424,1.6866532,0.27805381,0.46898035,0.58150505,1.3740538,0.4253587,0.58446573,0.53750633,1.4002182,0.48773402,0.68293403,0.57074097,1.381237,0.51925842,0.71721895,0.7408738,1.4150774,0.52280832,0.73981423
0b_baseline_best,file,13,baseline,5405,093.Clark_Nutcracker/Clark_Nutcracker_0011_85698.jpg,93,92,093.Clark_Nutcracker,19,18,color_jitter,color_jitter,0,"{""brightness"":0.713279,""contrast"":0.711295,""hue"":-0.014537,""saturation"":0.768784}",0.0070870919,0.028543476,0.021456384,0.99293798,0.97186005,0.0045243283,0.016983874,0.98841365,0.95487618,-0.033537477,0.72884688,4.266274,1.0475842,4.4692814,False,0.96825892,True,True,True,0.72884688,4.266274,1.0475842,4.4692814,0.71766861,4.2953113,1.0193558,4.3784505,0.96668058,3.7112945,0.24155016,0.89646379,0.41380383,3.8880474,0.27805381,1.0810864,0.56791295,5.0443359,0.4253587,2.1456522,0.74811191,4.4736295,0.48773402,2.1819413,0.78555103,4.0634943,0.51925842,2.1100036,0.8448023,3.9130868,0.52280832,2.0457944
0b_baseline_best,file,13,baseline,5405,093.Clark_Nutcracker/Clark_Nutcracker_0011_85698.jpg,93,92,093.Clark_Nutcracker,19,18,rotation,rotation,0,"{""angle"":2.525267}",0.0070870919,0.0085901748,0.0015030829,0.99293798,0.99144661,0.0045243283,0.0056975596,0.98841365,0.98574905,-0.0026645991,0.8537407,1.2246745,1.0475842,1.2829497,False,0.98996049,True,True,True,0.8537407,1.2246745,1.0475842,1.2829497,0.8457798,1.2211682,1.0193558,1.2448049,0.98948166,1.2855181,0.24155016,0.31051712,0.87949984,1.2503504,0.27805381,0.3476647,0.7712412,1.1067546,0.4253587,0.47076768,0.82081435,1.2955936,0.48773402,0.63190505,0.85859171,1.2230025,0.51925842,0.63505434,0.89521823,1.2164351,0.52280832,0.6359624
0b_baseline_best,file,13,baseline,5405,093.Clark_Nutcracker/Clark_Nutcracker_0011_85698.jpg,93,92,093.Clark_Nutcracker,19,18,random_resized_crop,random_resized_crop,0,"{""area_fraction"":0.897887,""aspect"":1.073875,""fallback"":false,""height"":0.914395,""left"":0.012036,""top"":0.048697,""width"":0.981946}",0.0070870919,0.0079647563,0.00087766442,0.99293798,0.99206686,0.0045243283,0.0055065961,0.98841365,0.98656026,-0.0018533897,0.85626332,1.1281305,1.0475842,1.1818118,False,0.98656154,True,True,True,0.85626332,1.1281305,1.0475842,1.1818118,0.84863087,1.1229243,1.0193558,1.1446594,0.98428876,1.2171241,0.24155016,0.29399653,0.90390354,1.1038786,0.27805381,0.30693765,0.82135832,1.1075783,0.4253587,0.47111805,0.78805194,1.1662874,0.48773402,0.56883803,0.85406173,1.1086457,0.51925842,0.57567359,0.90170015,1.1138452,0.52280832,0.58232753
0b_baseline_best,file,13,baseline,5405,093.Clark_Nutcracker/Clark_Nutcracker_0011_85698.jpg,93,92,093.Clark_Nutcracker,19,18,gaussian_blur,gaussian_blur,0,"{""sigma"":1.805659}",0.0070870919,0.13158399,0.1244969,0.99293798,0.87670565,0.0045243283,0.0053752274,0.98841365,0.87133042,-0.11708323,0.31715852,23.665163,1.0475842,24.791252,False,0.87250352,True,True,True,0.31715852,23.665163,1.0475842,24.791252,0.30362316,24.022874,1.0193558,24.487857,0.7044039,16.007691,0.24155016,3.8666602,-0.11882121,33.154732,0.27805381,9.2187995,0.34307596,26.313244,0.4253587,11.192567,0.29929089,25.947185,0.48773402,12.655325,0.32725821,21.038525,0.51925842,10.924431,0.46463118,20.051468,0.52280832,10.483074
0b_baseline_best,file,13,baseline,5405,093.Clark_Nutcracker/Clark_Nutcracker_0011_85698.jpg,93,92,093.Clark_Nutcracker,19,18,random_erasing,random_erasing,0,"{""area_fraction"":0.19254,""erased"":true,""height"":0.247108,""left"":0.049182,""top"":0.597006,""width"":0.779174}",0.0070870919,0.056574535,0.049487443,0.99293798,0.94499606,0.0045243283,0.035129189,0.98841365,0.90986687,-0.078546784,0.69657905,8.3120187,1.0475842,8.7075397,False,0.94382697,True,True,True,0.69657905,8.3120187,1.0475842,8.7075397,0.68528623,8.3740641,1.0193558,8.5361508,0.94202376,7.1170357,0.24155016,1.7191211,0.64681399,6.2119895,0.27805381,1.7272674,0.66720854,8.4261438,0.4253587,3.5841336,0.67067407,8.7249563,0.48773402,4.2554579,0.67251725,8.4448948,0.51925842,4.3850827,0.7377132,8.4893501,0.52280832,4.4383029
0b_baseline_best,file,13,baseline,920,017.Cardinal/Cardinal_0079_19044.jpg,17,16,017.Cardinal,139,138,identity,identity,0,{},0.43376473,0.43376473,0,0.64806473,0.64806473,0.10512801,0.10512801,0.54293673,0.54293673,0,1,1,69.251521,69.251521,False,0.99999994,True,True,True,1,1,69.251521,69.251521,1,1,68.793274,68.793274,1,1,7.9535255,7.9535255,1,1,15.243164,15.243164,1,1,34.771034,34.771034,1,1,36.429494,36.429494,1,1,34.031698,34.031698,1,1,28.387872,28.387872
0b_baseline_best,file,13,baseline,920,017.Cardinal/Cardinal_0079_19044.jpg,17,16,017.Cardinal,139,138,horizontal_flip,horizontal_flip,0,"{""flipped"":true}",0.43376473,0.13844737,-0.29531735,0.64806473,0.87070906,0.10512801,0.024749491,0.54293673,0.84595957,0.30302284,0.5912933,0.33315543,69.251521,23.07152,False,0.95901126,True,True,True,0.5912933,0.33315543,69.251521,23.07152,0.58605003,0.33203622,68.793274,22.841859,0.92277387,0.40827581,7.9535255,3.247232,0.32215555,0.29210581,15.243164,4.4526167,0.52091009,0.32165637,34.771034,11.184324,0.55247045,0.33221493,36.429494,12.102422,0.62172165,0.33258806,34.031698,11.318536,0.74338654,0.35621752,28.387872,10.112257
0b_baseline_best,file,13,baseline,920,017.Cardinal/Cardinal_0079_19044.jpg,17,16,017.Cardinal,139,138,color_jitter,color_jitter,0,"{""brightness"":0.687248,""contrast"":1.173776,""hue"":0.097519,""saturation"":1.253802}",0.43376473,2.6246157,2.1908509,0.64806473,0.072467595,0.10512801,0.021746293,0.54293673,0.050721303,-0.49221542,0.68085812,2.1036947,69.251521,145.68406,False,0.86277115,False,True,False,0.68085812,2.1036947,69.251521,145.68406,0.67923562,2.0934232,68.793274,144.01343,0.79885075,2.7660006,7.9535255,21.999456,0.67796143,2.074881,15.243164,31.627751,0.69828812,1.9530596,34.771034,67.909902,0.69179828,2.2963307,36.429494,83.654167,0.67248897,2.0423488,34.031698,69.504599,0.64683709,2.0232574,28.387872,57.43597
0b_baseline_best,file,13,baseline,920,017.Cardinal/Cardinal_0079_19044.jpg,17,16,017.Cardinal,139,138,rotation,rotation,0,"{""angle"":-14.175184}",0.43376473,1.0535735,0.61980876,0.64806473,0.3486895,0.10512801,0.10520102,0.54293673,0.24348848,-0.29944825,0.72817618,1.8485852,69.251521,128.01733,False,0.93338019,True,True,True,0.72817618,1.8485852,69.251521,128.01733,0.72578265,1.848961,68.793274,127.19608,0.91015356,1.82025,7.9535255,14.477405,0.75118932,1.6047201,15.243164,24.461012,0.75223519,1.8156835,34.771034,63.133192,0.71387972,2.0068191,36.429494,73.107404,0.69812654,1.8238051,34.031698,62.067184,0.75069391,1.7248932,28.387872,48.966047
0b_baseline_best,file,13,baseline,920,017.Cardinal/Cardinal_0079_19044.jpg,17,16,017.Cardinal,139,138,random_resized_crop,random_resized_crop,0,"{""area_fraction"":0.664229,""aspect"":1.166553,""fallback"":false,""height"":0.754582,""left"":0.098057,""top"":0.214585,""width"":0.88026}",0.43376473,0.29566371,-0.13810101,0.64806473,0.74403757,0.10512801,0.031002784,0.54293673,0.71303478,0.17009806,0.69456012,0.49409211,69.251521,34.21663,False,0.92361975,True,True,True,0.69456012,0.49409211,69.251521,34.21663,0.69167794,0.49044195,68.793274,33.739108,0.89161099,0.71622665,7.9535255,5.6965269,0.74387772,0.46928337,15.243164,7.1533632,0.70425572,0.40611307,34.771034,14.120971,0.64877909,0.45125251,36.429494,16.438901,0.69634868,0.51665164,34.031698,17.582533,0.74883853,0.6185925,28.387872,17.560525
0b_baseline_best,file,13,baseline,920,017.Cardinal/Cardinal_0079_19044.jpg,17,16,017.Cardinal,139,138,gaussian_blur,gaussian_blur,0,"{""sigma"":1.298166}",0.43376473,0.26483268,-0.16893205,0.64806473,0.76733434,0.10512801,0.0053709522,0.54293673,0.76196339,0.21902666,0.60273003,0.48325451,69.251521,33.46611,False,0.86786377,True,True,True,0.60273003,0.48325451,69.251521,33.46611,0.59920007,0.48137405,68.793274,33.115297,0.82808717,0.60765121,7.9535255,4.8329694,0.63170857,0.53029698,15.243164,8.0834036,0.59316719,0.42846986,34.771034,14.89834,0.58411556,0.47521362,36.429494,17.311792,0.56427468,0.48386843,34.031698,16.466864,0.67369914,0.54397594,28.387872,15.442319
0b_baseline_best,file,13,baseline,920,017.Cardinal/Cardinal_0079_19044.jpg,17,16,017.Cardinal,139,138,random_erasing,random_erasing,0,"{""area_fraction"":0.156477,""erased"":true,""height"":0.411616,""left"":0.546314,""top"":0.473501,""width"":0.380152}",0.43376473,1.1396976,0.70593283,0.64806473,0.31991574,0.10512801,0.12470013,0.54293673,0.19521561,-0.34772111,0.90793308,1.854136,69.251521,128.40174,False,0.94889742,True,True,True,0.90793308,1.854136,69.251521,128.40174,0.90750769,1.8527173,68.793274,127.45449,0.93940763,1.9573604,7.9535255,15.567916,0.96206669,1.9482504,15.243164,29.6975,0.94606506,1.8628164,34.771034,64.772052,0.93130894,1.9204191,36.429494,69.959896,0.87734217,1.772318,34.031698,60.31499,0.83475591,1.8082463,28.387872,51.332265
0b_baseline_best,file,13,baseline,5043,087.Mallard/Mallard_0071_76940.jpg,87,86,087.Mallard,134,133,identity,identity,0,{},0.010799415,0.010799415,0,0.98925871,0.98925871,0.0015212664,0.0015212664,0.98773744,0.98773744,0,1,1,1.210031,1.210031,False,1.0000001,True,True,True,1,1,1.210031,1.210031,1,1,1.1736716,1.1736716,1,1,0.29439782,0.29439782,1,1,0.1845635,0.1845635,1,1,0.36352155,0.36352155,1,1,0.46771184,0.46771184,1,1,0.6216644,0.6216644,1,1,0.77850649,0.77850649
0b_baseline_best,file,13,baseline,5043,087.Mallard/Mallard_0071_76940.jpg,87,86,087.Mallard,134,133,horizontal_flip,horizontal_flip,0,"{""flipped"":true}",0.010799415,0.021376334,0.010576919,0.98925871,0.97885054,0.0015212664,0.0014971577,0.98773744,0.97735339,-0.010384054,0.60124603,1.9156941,1.210031,2.3180493,False,0.96215159,True,True,True,0.60124603,1.9156941,1.210031,2.3180493,0.57935231,1.91743,1.1736716,2.2504331,0.95473034,1.8878901,0.29439782,0.55579073,0.37745791,2.2098231,0.1845635,0.40785268,0.37325973,2.0919867,0.36352155,0.76048224,0.51484853,2.0665581,0.46771184,0.96655367,0.54725745,1.8290823,0.6216644,1.1370753,0.69175063,1.8581531,0.77850649,1.4465842
0b_baseline_best,file,13,baseline,5043,087.Mallard/Mallard_0071_76940.jpg,87,86,087.Mallard,134,133,color_jitter,color_jitter,0,"{""brightness"":1.181324,""contrast"":1.253952,""hue"":0.092556,""saturation"":0.636442}",0.010799415,0.18490916,0.17410975,0.98925871,0.8311798,0.0015212664,0.011945338,0.98773744,0.81923446,-0.16850298,0.64712413,19.172314,1.210031,23.199095,False,0.92357558,True,True,True,0.64712413,19.172314,1.210031,23.199095,0.63633228,19.252596,1.1736716,22.596224,0.83390059,17.847936,0.29439782,5.2543935,0.42143635,22.812919,0.1845635,4.2104322,0.5883666,22.587811,0.36352155,8.2111563,0.56457889,21.529384,0.46771184,10.069548,0.66113791,19.86865,0.6216644,12.351632,0.69219103,16.820713,0.77850649,13.095034
0b_baseline_best,file,13,baseline,5043,087.Mallard/Mallard_0071_76940.jpg,87,86,087.Mallard,134,133,rotation,rotation,0,"{""angle"":-11.349628}",0.010799415,0.045038898,0.034239482,0.98925871,0.95596027,0.0015212664,0.0066434899,0.98773744,0.94931678,-0.038420656,0.67038496,3.78041,1.210031,4.5744133,False,0.96777266,True,True,True,0.67038496,3.78041,1.210031,4.5744133,0.65213313,3.7824101,1.1736716,4.4393072,0.96312508,3.7484773,0.29439782,1.1035435,0.4511333,4.9227961,0.1845635,0.90856847,0.50192213,3.7917647,0.36352155,1.3783882,0.58036282,3.7950497,0.46771184,1.7749897,0.62624188,3.678251,0.6216644,2.2866377,0.74390712,3.7675158,0.77850649,2.9330355
0b_baseline_best,file,13,baseline,5043,087.Mallard/Mallard_0071_76940.jpg,87,86,087.Mallard,134,133,random_resized_crop,random_resized_crop,0,"{""area_fraction"":0.7046,""aspect"":0.782526,""fallback"":false,""height"":0.948903,""left"":0.056551,""top"":0.041886,""width"":0.742542}",0.010799415,0.56446761,0.55366819,0.98925871,0.56866282,0.0015212664,0.014981226,0.98773744,0.5536816,-0.43405584,0.48600622,41.09313,1.210031,49.723961,False,0.91295993,True,True,True,0.48600622,41.09313,1.210031,49.723961,0.46531709,41.515803,1.1736716,48.725918,0.90162645,33.67036,0.29439782,9.9124805,0.29351602,59.065542,0.1845635,10.901343,0.21399674,51.674573,0.36352155,18.784821,0.37213814,49.388726,0.46771184,23.099692,0.47941234,39.406536,0.6216644,24.497641,0.61323982,35.61539,0.77850649,27.726812
0b_baseline_best,file,13,baseline,5043,087.Mallard/Mallard_0071_76940.jpg,87,86,087.Mallard,134,133,gaussian_blur,gaussian_blur,0,"{""sigma"":1.518487}",0.010799415,0.060462933,0.049663518,0.98925871,0.94132864,0.0015212664,0.0072151003,0.98773744,0.93411354,-0.053623896,0.60449912,6.2689826,1.210031,7.5856633,False,0.94786811,True,True,True,0.60449912,6.2689826,1.210031,7.5856633,0.58632135,6.2895085,1.1736716,7.3818173,0.91172987,5.9332249,0.29439782,1.7467285,0.50069285,8.2023469,0.1845635,1.5138538,0.40891126,7.3402859,0.36352155,2.6683521,0.46806029,7.351974,0.46771184,3.4386053,0.57925813,6.4237401,0.6216644,3.9934105,0.72632549,5.3439411,0.77850649,4.1602928
0b_baseline_best,file,13,baseline,5043,087.Mallard/Mallard_0071_76940.jpg,87,86,087.Mallard,134,133,random_erasing,random_erasing,0,"{""area_fraction"":0.062126,""erased"":true,""height"":0.181624,""left"":0.278698,""top"":0.198106,""width"":0.342059}",0.010799415,0.018910712,0.0081112962,0.98925871,0.98126698,0.0015212664,0.0012996178,0.98773744,0.97996736,-0.0077700826,0.88262099,1.7216874,1.210031,2.0832952,False,0.98772109,True,True,True,0.88262099,1.7216874,1.210031,2.0832952,0.87670592,1.7278384,1.1736716,2.0279149,0.98454703,1.6207947,0.29439782,0.47715844,0.87000734,1.9965419,0.1845635,0.36848876,0.83884028,1.8676121,0.36352155,0.67891724,0.86185717,1.753249,0.46771184,0.82001533,0.85571803,1.6278753,0.6216644,1.0119921,0.90622674,1.732506,0.77850649,1.3487672
0b_baseline_best,file,13,baseline,11743,200.Common_Yellowthroat/Common_Yellowthroat_0106_190989.jpg,200,199,200.Common_Yellowthroat,168,167,identity,identity,0,{},0.071797825,0.071797825,0,0.93071902,0.93071902,0.057619225,0.057619225,0.87309979,0.87309979,0,1,1,13.239745,13.239745,False,1,True,True,True,1,1,13.239745,13.239745,1,1,12.955926,12.955926,1,1,2.7266846,2.7266846,1,1,2.2840893,2.2840893,1,1,5.182792,5.182792,1,1,6.4755365,6.4755365,1,1,7.0121961,7.0121961,1,1,6.6838733,6.6838733
0b_baseline_best,file,13,baseline,11743,200.Common_Yellowthroat/Common_Yellowthroat_0106_190989.jpg,200,199,200.Common_Yellowthroat,168,167,horizontal_flip,horizontal_flip,0,"{""flipped"":true}",0.071797825,0.0035356884,-0.068262137,0.93071902,0.99647057,0.057619225,0.0025326277,0.87309979,0.99393794,0.12083815,0.55722174,0.05253868,13.239745,0.6955987,False,0.95331568,True,True,True,0.55722174,0.05253868,13.239745,0.6955987,0.54034151,0.052603391,12.955926,0.68152566,0.95011723,0.051055868,2.7266846,0.13921325,0.27528403,0.066786802,2.2840893,0.15254702,0.35724351,0.057454813,5.182792,0.29777635,0.50885752,0.05369098,6.4755365,0.3476779,0.56825361,0.050379967,7.0121961,0.35327421,0.71881887,0.048906405,6.6838733,0.32688421
0b_baseline_best,file,13,baseline,11743,200.Common_Yellowthroat/Common_Yellowthroat_0106_190989.jpg,200,199,200.Common_Yellowthroat,168,167,color_jitter,color_jitter,0,"{""brightness"":1.03304,""contrast"":0.655468,""hue"":-0.028749,""saturation"":1.383961}",0.071797825,0.097222008,0.025424182,0.93071902,0.90735453,0.057619225,0.047728565,0.87309979,0.85962597,-0.013473824,0.72187377,1.0068082,13.239745,13.329883,False,0.94095945,True,True,True,0.72187377,1.0068082,13.239745,13.329883,0.71307659,1.0061016,12.955926,13.034978,0.91736936,1.0226316,2.7266846,2.7883939,0.48537707,0.96485257,2.2840893,2.2038094,0.62390421,1.0186113,5.182792,5.2792505,0.70126564,0.95096221,6.4755365,6.1579905,0.72345206,1.0039115,7.0121961,7.0396242,0.79015812,1.0548172,6.6838733,7.0502648
0b_baseline_best,file,13,baseline,11743,200.Common_Yellowthroat/Common_Yellowthroat_0106_190989.jpg,200,199,200.Common_Yellowthroat,168,167,rotation,rotation,0,"{""angle"":1.262044}",0.071797825,0.22039329,0.14859546,0.93071902,0.80220324,0.057619225,0.18423352,0.87309979,0.61796972,-0.25513007,0.89641094,3.1489612,13.239745,41.691441,False,0.99379849,True,True,True,0.89641094,3.1489612,13.239745,41.691441,0.89231506,3.1526801,12.955926,40.845891,0.99191775,3.0637983,2.7266846,8.3540115,0.79891681,3.4239371,2.2840893,7.8205779,0.82325688,3.2131564,5.182792,16.653121,0.88054822,3.4188159,6.4755365,22.138667,0.91763784,3.0752144,7.0121961,21.564006,0.94202519,2.8963786,6.6838733,19.359027
0b_baseline_best,file,13,baseline,11743,200.Common_Yellowthroat/Common_Yellowthroat_0106_190989.jpg,200,199,200.Common_Yellowthroat,168,167,random_resized_crop,random_resized_crop,0,"{""area_fraction"":0.814598,""aspect"":0.92015,""fallback"":false,""height"":0.940898,""left"":0.030684,""top"":0.050525,""width"":0.865767}",0.071797825,0.37450537,0.30270755,0.93071902,0.68762934,0.057619225,0.29146534,0.87309979,0.396164,-0.47693579,0.75329142,5.0380427,13.239745,66.702398,False,0.97857928,True,True,True,0.75329142,5.0380427,13.239745,66.702398,0.74449109,5.0575328,12.955926,65.525022,0.97651402,4.5759739,2.7266846,12.477237,0.6768077,5.3929713,2.2840893,12.318028,0.74988476,5.4745241,5.182792,28.37332,0.71263535,5.3834372,6.4755365,34.860644,0.73986401,5.0280108,7.0121961,35.257398,0.80224946,4.4342294,6.6838733,29.637827
0b_baseline_best,file,13,baseline,11743,200.Common_Yellowthroat/Common_Yellowthroat_0106_190989.jpg,200,199,200.Common_Yellowthroat,168,167,gaussian_blur,gaussian_blur,0,"{""sigma"":1.048772}",0.071797825,0.45991534,0.38811751,0.93071902,0.63133711,0.057619225,0.32712379,0.87309979,0.30421332,-0.56888648,0.7725934,5.8447955,13.239745,77.383599,False,0.979505,True,True,True,0.7725934,5.8447955,13.239745,77.383599,0.76456976,5.8691219,12.955926,76.039911,0.97887637,5.2657513,2.7266846,14.358043,0.64172293,7.924649,2.2840893,18.100606,0.61237683,6.4693665,5.182792,33.529381,0.76476262,6.4570461,6.4755365,41.812837,0.80873053,5.4698947,7.0121961,38.355974,0.87853014,4.9862562,6.6838733,33.327505
0b_baseline_best,file,13,baseline,11743,200.Common_Yellowthroat/Common_Yellowthroat_0106_190989.jpg,200,199,200.Common_Yellowthroat,168,167,random_erasing,random_erasing,0,"{""area_fraction"":0.123088,""erased"":true,""height"":0.263315,""left"":0.271654,""top"":0.170867,""width"":0.467458}",0.071797825,3.7142925,3.6424947,0.93071902,0.024372678,0.057619225,0.48229888,0.87309979,-0.4579262,-1.331026,0.45889952,9.0363713,13.239745,119.63925,False,0.75752819,False,True,False,0.45889952,9.0363713,13.239745,119.63925,0.44505556,8.9704159,12.955926,116.22005,0.73297879,10.414869,2.7266846,28.398063,0.45758419,9.8113267,2.2840893,22.409946,0.45624749,9.7090235,5.182792,50.31985,0.44447898,9.0272708,6.4755365,58.456422,0.39503257,7.9895927,7.0121961,56.024591,0.48835613,9.3636022,6.6838733,62.585131
0b_baseline_best,file,13,baseline,3563,062.Herring_Gull/Herring_Gull_0129_46708.jpg,62,61,062.Herring_Gull,65,64,identity,identity,0,{},2.3665788,2.3665788,0,0.093801089,0.093801089,0.62396002,0.62396002,-0.53015893,-0.53015893,0,1,1,143.27936,143.27936,False,1,True,False,False,1,1,143.27936,143.27936,1,1,139.5862,139.5862,1,1,32.321319,32.321319,1,1,22.744091,22.744091,1,1,62.113761,62.113761,1,1,73.248283,73.248283,1,1,67.176688,67.176688,1,1,72.324793,72.324793
0b_baseline_best,file,13,baseline,3563,062.Herring_Gull/Herring_Gull_0129_46708.jpg,62,61,062.Herring_Gull,65,64,horizontal_flip,horizontal_flip,0,"{""flipped"":true}",2.3665788,2.3134451,-0.053133726,0.093801089,0.098919861,0.62396002,0.55520332,-0.53015893,-0.45628346,0.073875472,0.67538372,1.086419,143.27936,155.66142,False,0.95782584,True,False,False,0.67538372,1.086419,143.27936,155.66142,0.66137833,1.0895162,139.5862,152.08142,0.95364216,1.0269437,32.321319,33.192174,0.52774809,1.3787683,22.744091,31.358832,0.55476879,1.0777015,62.113761,66.940095,0.67339524,1.1537605,73.248283,84.510978,0.64560353,1.0208227,67.176688,68.575486,0.76382835,1.0547832,72.324793,76.286978
0b_baseline_best,file,13,baseline,3563,062.Herring_Gull/Herring_Gull_0129_46708.jpg,62,61,062.Herring_Gull,65,64,color_jitter,color_jitter,0,"{""brightness"":0.749589,""contrast"":0.716231,""hue"":0.056657,""saturation"":1.065315}",2.3665788,1.039098,-1.3274808,0.093801089,0.35377368,0.62396002,0.3752746,-0.53015893,-0.021500915,0.50865801,0.73652593,0.84107781,143.27936,120.50909,False,0.95141357,True,False,False,0.73652593,0.84107781,143.27936,120.50909,0.72838877,0.84919218,139.5862,118.53551,0.94773098,0.67201324,32.321319,21.720354,0.42847198,1.2196515,22.744091,27.739865,0.58693917,0.96276793,62.113761,59.801137,0.79537306,0.87477945,73.248283,64.076093,0.77348803,0.78826541,67.176688,52.953059,0.81511799,0.73100559,72.324793,52.869828
0b_baseline_best,file,13,baseline,3563,062.Herring_Gull/Herring_Gull_0129_46708.jpg,62,61,062.Herring_Gull,65,64,rotation,rotation,0,"{""angle"":-0.15022}",2.3665788,2.5272002,0.1606214,0.093801089,0.079882376,0.62396002,0.6350106,-0.53015893,-0.55512822,-0.024969295,0.97108647,1.0101942,143.27936,144.73997,False,0.99759758,True,False,False,0.97108647,1.0101942,143.27936,144.73997,0.96971647,1.0112743,139.5862,141.15994,0.99740399,0.98983186,32.321319,31.992671,0.94954089,1.020551,22.744091,23.211505,0.96760356,1.0494935,62.113761,65.187991,0.97069511,1.0190569,73.248283,74.644172,0.96738472,1.0011377,67.176688,67.253112,0.97549063,0.98189178,72.324793,71.01512
0b_baseline_best,file,13,baseline,3563,062.Herring_Gull/Herring_Gull_0129_46708.jpg,62,61,062.Herring_Gull,65,64,random_resized_crop,random_resized_crop,0,"{""area_fraction"":0.67415,""aspect"":0.876754,""fallback"":false,""height"":0.876878,""left"":0.219499,""top"":0.071454,""width"":0.768807}",2.3665788,4.1179061,1.7513273,0.093801089,0.016278565,0.62396002,0.78057331,-0.53015893,-0.76429474,-0.23413581,0.77630056,1.135138,143.27936,162.64185,False,0.96339035,True,False,False,0.77630056,1.135138,143.27936,162.64185,0.76625622,1.1340169,139.5862,158.2931,0.9602348,1.1558497,32.321319,37.358586,0.73298638,1.4129514,22.744091,32.136294,0.65226991,1.0577245,62.113761,65.699249,0.78963217,1.1346042,73.248283,83.107807,0.77219213,1.1624731,67.176688,78.091092,0.82341813,1.1319559,72.324793,81.868475
0b_baseline_best,file,13,baseline,3563,062.Herring_Gull/Herring_Gull_0129_46708.jpg,62,61,062.Herring_Gull,65,64,gaussian_blur,gaussian_blur,0,"{""sigma"":1.745595}",2.3665788,2.5668721,0.2002933,0.093801089,0.07677532,0.62396002,0.054772902,-0.53015893,0.022002418,0.55216135,0.47533951,1.0531885,143.27936,150.90017,False,0.81239659,False,False,False,0.47533951,1.0531885,143.27936,150.90017,0.4681371,1.0659381,139.5862,148.79024,0.6822342,0.77800238,32.321319,25.146063,0.33763788,1.616709,22.744091,36.770576,0.49302149,1.2218614,62.113761,75.894405,0.52779648,0.99320188,73.248283,72.750333,0.42574636,1.01524,67.176688,68.200462,0.45637545,0.98572367,72.324793,71.29226
0b_baseline_best,file,13,baseline,3563,062.Herring_Gull/Herring_Gull_0129_46708.jpg,62,61,062.Herring_Gull,65,64,random_erasing,random_erasing,0,"{""area_fraction"":0.151001,""erased"":true,""height"":0.505682,""left"":0.210486,""top"":0.316971,""width"":0.298609}",2.3665788,1.3847713,-0.98180747,0.093801089,0.25038105,0.62396002,0.40702897,-0.53015893,-0.15664792,0.37351101,0.77043698,0.69964542,143.27936,100.24475,False,0.9418689,True,False,False,0.77043698,0.69964542,143.27936,100.24475,0.7612595,0.69790501,139.5862,97.417907,0.93457987,0.73134768,32.321319,23.638121,0.68118708,0.7662361,22.744091,17.427343,0.64991212,0.59858219,62.113761,37.180191,0.81329825,0.69280588,73.248283,50.746842,0.76341303,0.71807105,67.176688,48.237635,0.79152222,0.74484495,72.324793,53.870757
0b_baseline_best,file,13,baseline,956,018.Spotted_Catbird/Spotted_Catbird_0016_796803.jpg,18,17,018.Spotted_Catbird,22,21,identity,identity,0,{},0.059910346,0.059910346,0,0.94184899,0.94184899,0.017355051,0.017355051,0.92449394,0.92449394,0,1,1,10.480435,10.480435,False,1,True,True,True,1,1,10.480435,10.480435,1,1,10.326608,10.326608,1,1,1.7890452,1.7890452,1,1,2.1708546,2.1708546,1,1,4.0757185,4.0757185,1,1,5.707134,5.707134,1,1,5.1620177,5.1620177,1,1,5.1085162,5.1085162
0b_baseline_best,file,13,baseline,956,018.Spotted_Catbird/Spotted_Catbird_0016_796803.jpg,18,17,018.Spotted_Catbird,22,21,horizontal_flip,horizontal_flip,0,"{""flipped"":true}",0.059910346,0.034702193,-0.025208153,0.94184899,0.96589303,0.017355051,0.0067675905,0.92449394,0.95912544,0.034631497,0.72092595,0.59664453,10.480435,6.2530941,False,0.96270263,True,True,True,0.72092595,0.59664453,10.480435,6.2530941,0.71410496,0.59632412,10.326608,6.1580055,0.94422009,0.60722296,1.7890452,1.0863493,0.68630569,0.60543727,2.1708546,1.3143163,0.6122415,0.59557258,4.0757185,2.4273862,0.73198577,0.62243303,5.707134,3.5523087,0.70399428,0.58712676,5.1620177,3.0307587,0.77507931,0.57060841,5.1085162,2.9149623
0b_baseline_best,file,13,baseline,956,018.Spotted_Catbird/Spotted_Catbird_0016_796803.jpg,18,17,018.Spotted_Catbird,22,21,color_jitter,color_jitter,0,"{""brightness"":0.649776,""contrast"":1.013893,""hue"":-0.0164,""saturation"":1.198283}",0.059910346,0.37011048,0.31020014,0.94184899,0.69065803,0.017355051,0.087626956,0.92449394,0.60303108,-0.32146287,0.8696617,5.4731112,10.480435,57.360586,False,0.9656868,True,True,True,0.8696617,5.4731112,10.480435,57.360586,0.86733431,5.4847121,10.326608,56.638472,0.95612084,5.0714521,1.7890452,9.073057,0.82813938,6.5272204,2.1708546,14.169647,0.81877886,5.6485414,4.0757185,23.021865,0.87599923,5.7911045,5.707134,33.050609,0.87946511,5.3138854,5.1620177,27.43037,0.896955,4.9225322,5.1085162,25.146835
0b_baseline_best,file,13,baseline,956,018.Spotted_Catbird/Spotted_Catbird_0016_796803.jpg,18,17,018.Spotted_Catbird,22,21,rotation,rotation,0,"{""angle"":12.335611}",0.059910346,0.15345712,0.093546774,0.94184899,0.85773754,0.017355051,0.022214113,0.92449394,0.83552343,-0.088970514,0.73998836,2.3890972,10.480435,25.038778,False,0.95498753,True,True,True,0.73998836,2.3890972,10.480435,25.038778,0.73483503,2.3904282,10.326608,24.685015,0.91519783,2.3443199,1.7890452,4.1940942,0.5343008,2.1322802,2.1708546,4.6288704,0.66921767,2.5284333,4.0757185,10.305182,0.7752718,2.4902844,5.707134,14.212386,0.73040482,2.4078489,5.1620177,12.429358,0.77127764,2.1907203,5.1085162,11.19133
0b_baseline_best,file,13,baseline,956,018.Spotted_Catbird/Spotted_Catbird_0016_796803.jpg,18,17,018.Spotted_Catbird,22,21,random_resized_crop,random_resized_crop,0,"{""area_fraction"":0.795291,""aspect"":0.985035,""fallback"":false,""height"":0.898539,""left"":0.068166,""top"":0.048556,""width"":0.885093}",0.059910346,0.36939713,0.30948679,0.94184899,0.69115084,0.017355051,0.061830234,0.92449394,0.62932061,-0.29517333,0.81887898,5.7122641,10.480435,59.867012,False,0.97024024,True,True,True,0.81887898,5.7122641,10.480435,59.867012,0.81521742,5.7275955,10.326608,59.146634,0.95798304,5.1755594,1.7890452,9.2593095,0.56398477,5.3600378,2.1708546,11.635863,0.76222262,5.8497828,4.0757185,23.842068,0.82699299,5.9577019,5.707134,34.001403,0.83038177,5.8300108,5.1620177,30.094619,0.8687476,5.298707,5.1085162,27.06853
0b_baseline_best,file,13,baseline,956,018.Spotted_Catbird/Spotted_Catbird_0016_796803.jpg,18,17,018.Spotted_Catbird,22,21,gaussian_blur,gaussian_blur,0,"{""sigma"":1.133587}",0.059910346,0.17278764,0.11287729,0.94184899,0.84131628,0.017355051,0.041947592,0.92449394,0.79936869,-0.12512525,0.82730493,2.8225308,10.480435,29.58135,False,0.96743673,True,True,True,0.82730493,2.8225308,10.480435,29.58135,0.823504,2.8281351,10.326608,29.205043,0.965682,2.628986,1.7890452,4.7033747,0.67725138,2.9175832,2.1708546,6.3336491,0.78494662,2.9521389,4.0757185,12.032087,0.82838828,2.8239827,5.707134,16.116848,0.83469524,2.9296931,5.1620177,15.123128,0.8647118,2.6232648,5.1085162,13.400991
0b_baseline_best,file,13,baseline,956,018.Spotted_Catbird/Spotted_Catbird_0016_796803.jpg,18,17,018.Spotted_Catbird,22,21,random_erasing,random_erasing,0,"{""area_fraction"":0.150601,""erased"":true,""height"":0.223208,""left"":0.146523,""top"":0.428636,""width"":0.674714}",0.059910346,1.0450501,0.9851398,0.94184899,0.35167417,0.017355051,0.051588371,0.92449394,0.3000858,-0.62440814,0.66426692,11.703127,10.480435,122.65386,False,0.90697199,True,True,True,0.66426692,11.703127,10.480435,122.65386,0.65916222,11.74638,10.326608,121.30026,0.86780178,10.157292,1.7890452,18.171854,0.72056875,12.100035,2.1708546,26.267418,0.56610581,13.996278,4.0757185,57.044889,0.67135454,11.649822,5.707134,66.487095,0.67423867,11.119315,5.1620177,57.398101,0.70290007,10.81885,5.1085162,55.268268
0b_baseline_best,file,13,baseline,11179,190.Red_cockaded_Woodpecker/Red_Cockaded_Woodpecker_0060_182377.jpg,190,189,190.Red_cockaded_Woodpecker,192,191,identity,identity,0,{},0.68029559,0.68029559,0,0.50646728,0.50646728,0.39730215,0.39730215,0.10916513,0.10916513,0,1,1,103.20145,103.20145,False,1,True,True,True,1,1,103.20145,103.20145,1,1,101.79602,101.79602,1,1,16.973796,16.973796,1,1,22.853332,22.853332,1,1,46.687737,46.687737,1,1,58.354998,58.354998,1,1,49.319583,49.319583,1,1,42.692894,42.692894
0b_baseline_best,file,13,baseline,11179,190.Red_cockaded_Woodpecker/Red_Cockaded_Woodpecker_0060_182377.jpg,190,189,190.Red_cockaded_Woodpecker,192,191,horizontal_flip,horizontal_flip,0,"{""flipped"":true}",0.68029559,0.65038341,-0.029912174,0.50646728,0.52184564,0.39730215,0.41159546,0.10916513,0.11025017,0.001085043,0.7887854,1.2265541,103.20145,126.58216,False,0.97745866,True,True,True,0.7887854,1.2265541,103.20145,126.58216,0.78560539,1.2339684,101.79602,125.61307,0.97530152,0.92102654,16.973796,15.633316,0.73831632,1.341471,22.853332,30.657083,0.78375606,1.2348547,46.687737,57.652569,0.79839342,1.309476,58.354998,76.41447,0.77841739,1.216198,49.319583,59.982379,0.79934154,1.0677212,42.692894,45.58411
0b_baseline_best,file,13,baseline,11179,190.Red_cockaded_Woodpecker/Red_Cockaded_Woodpecker_0060_182377.jpg,190,189,190.Red_cockaded_Woodpecker,192,191,color_jitter,color_jitter,0,"{""brightness"":1.00288,""contrast"":0.645759,""hue"":0.020285,""saturation"":0.777821}",0.68029559,0.45791471,-0.22238088,0.50646728,0.63260144,0.39730215,0.17145965,0.10916513,0.46114179,0.35197666,0.82764475,0.79610466,103.20145,82.159157,False,0.97566473,True,True,True,0.82764475,0.79610466,103.20145,82.159157,0.82591458,0.80009977,101.79602,81.446973,0.92737415,0.63594101,16.973796,10.794333,0.83429468,0.76108523,22.853332,17.393334,0.83286828,0.92325781,46.687737,43.104818,0.84204317,0.81609982,58.354998,47.623504,0.80427663,0.73956438,49.319583,36.475007,0.83395381,0.69271891,42.692894,29.574175
0b_baseline_best,file,13,baseline,11179,190.Red_cockaded_Woodpecker/Red_Cockaded_Woodpecker_0060_182377.jpg,190,189,190.Red_cockaded_Woodpecker,192,191,rotation,rotation,0,"{""angle"":-3.712897}",0.68029559,0.29911953,-0.38117605,0.50646728,0.74147075,0.39730215,0.21413784,0.10916513,0.52733292,0.41816778,0.88662462,0.59541025,103.20145,61.447202,False,0.97845578,True,True,True,0.88662462,0.59541025,103.20145,61.447202,0.88486826,0.59792036,101.79602,60.865913,0.97758201,0.49676787,16.973796,8.4320365,0.90474423,0.55567127,22.853332,12.69894,0.88900335,0.60341749,46.687737,28.172197,0.87317686,0.66352298,58.354998,38.719882,0.8982795,0.56330905,49.319583,27.782168,0.90673585,0.51244987,42.692894,21.877968
0b_baseline_best,file,13,baseline,11179,190.Red_cockaded_Woodpecker/Red_Cockaded_Woodpecker_0060_182377.jpg,190,189,190.Red_cockaded_Woodpecker,192,191,random_resized_crop,random_resized_crop,0,"{""area_fraction"":0.839997,""aspect"":0.890794,""fallback"":false,""height"":0.97107,""left"":0.131266,""top"":0.011668,""width"":0.865023}",0.68029559,0.58088434,-0.099411249,0.50646728,0.55940342,0.39730215,0.18709362,0.10916513,0.3723098,0.26314467,0.8372176,0.77863958,103.20145,80.356735,False,0.97683203,True,True,True,0.8372176,0.77863958,103.20145,80.356735,0.83516351,0.78004254,101.79602,79.405227,0.91862871,0.72638022,16.973796,12.32943,0.85535788,0.84341177,22.853332,19.274769,0.8312738,0.7642445,46.687737,35.680846,0.8477237,0.80359808,58.354998,46.893965,0.81995754,0.76782239,49.319583,37.86868,0.83155869,0.75080801,42.692894,32.054167
0b_baseline_best,file,13,baseline,11179,190.Red_cockaded_Woodpecker/Red_Cockaded_Woodpecker_0060_182377.jpg,190,189,190.Red_cockaded_Woodpecker,192,191,gaussian_blur,gaussian_blur,0,"{""sigma"":1.811277}",0.68029559,0.27890867,-0.40138692,0.50646728,0.75660902,0.39730215,0.02139038,0.10916513,0.73521864,0.62605351,0.39885581,0.55869563,103.20145,57.6582,False,0.883497,True,True,True,0.39885581,0.55869563,103.20145,57.6582,0.39304915,0.56169299,101.79602,57.178112,0.6792851,0.43744263,16.973796,7.4250619,0.38923187,0.52190608,22.853332,11.927293,0.35266096,0.53787157,46.687737,25.112007,0.3213089,0.59123964,58.354998,34.501788,0.44053145,0.59524284,49.319583,29.357129,0.53724143,0.4936937,42.692894,21.077213
0b_baseline_best,file,13,baseline,11179,190.Red_cockaded_Woodpecker/Red_Cockaded_Woodpecker_0060_182377.jpg,190,189,190.Red_cockaded_Woodpecker,192,191,random_erasing,random_erasing,0,"{""area_fraction"":0.093645,""erased"":true,""height"":0.228926,""left"":0.401273,""top"":0.645586,""width"":0.409063}",0.68029559,0.81962293,0.13932735,0.50646728,0.44059777,0.39730215,0.5046699,0.10916513,-0.064072132,-0.17323726,0.96811357,1.2679502,103.20145,130.8543,False,0.98274809,False,True,False,0.96811357,1.2679502,103.20145,130.8543,0.96796926,1.2711865,101.79602,129.40173,0.97899709,1.1454878,16.973796,19.443277,0.96985295,1.2999667,22.853332,29.708571,0.97358319,1.3157957,46.687737,61.431524,0.97573193,1.3137535,58.354998,76.664085,0.96846186,1.2301576,49.319583,60.670861,0.94847909,1.1781704,42.692894,50.299502
0b_baseline_best,file,13,baseline,4184,072.Pomarine_Jaeger/Pomarine_Jaeger_0075_61349.jpg,72,71,072.Pomarine_Jaeger,92,91,identity,identity,0,{},0.00058681431,0.00058681431,0,0.99941337,0.99941337,0.00018219136,0.00018219136,0.99923118,0.99923118,0,1,1,0.096500696,0.096500696,False,1,True,True,True,1,1,0.096500696,0.096500696,1,1,0.093633905,0.093633905,1,1,0.023346864,0.023346864,1,1,0.023877266,0.023877266,1,1,0.037051657,0.037051657,1,1,0.041961877,0.041961877,1,1,0.049092414,0.049092414,1,1,0.051512085,0.051512085
0b_baseline_best,file,13,baseline,4184,072.Pomarine_Jaeger/Pomarine_Jaeger_0075_61349.jpg,72,71,072.Pomarine_Jaeger,92,91,horizontal_flip,horizontal_flip,0,"{""flipped"":true}",0.00058681431,0.0038263218,0.0032395075,0.99941337,0.99618101,0.00018219136,0.00044632747,0.99923118,0.99573468,-0.003496496,0.56860184,6.8389953,0.096500696,0.65996781,False,0.97366488,True,True,True,0.56860184,6.8389953,0.096500696,0.65996781,0.55125052,6.9068161,0.093633905,0.64671216,0.92175025,5.6371103,0.023346864,0.13160885,0.58381913,7.2256814,0.023877266,0.17252951,0.50099109,7.2069794,0.037051657,0.26703053,0.43917191,7.3829106,0.041961877,0.30980079,0.52126887,6.7564223,0.049092414,0.33168908,0.688285,6.4727087,0.051512085,0.33342272
0b_baseline_best,file,13,baseline,4184,072.Pomarine_Jaeger/Pomarine_Jaeger_0075_61349.jpg,72,71,072.Pomarine_Jaeger,92,91,color_jitter,color_jitter,0,"{""brightness"":0.878992,""contrast"":1.254021,""hue"":-0.035923,""saturation"":1.322681}",0.00058681431,0.086015083,0.085428269,0.99941337,0.91758037,0.00018219136,0.0011813598,0.99923118,0.91639901,-0.082832173,0.46247453,193.68978,0.096500696,18.691198,False,0.90195596,True,True,True,0.46247453,193.68978,0.096500696,18.691198,0.45094493,196.64202,0.093633905,18.412361,0.75548098,137.77009,0.023346864,3.2164995,0.2477167,269.88991,0.023877266,6.4442332,0.26780125,214.96152,0.037051657,7.9646807,0.41639282,201.38444,0.041961877,8.4504691,0.52359301,195.31966,0.049092414,9.5887138,0.61453605,163.22662,0.051512085,8.4081436
0b_baseline_best,file,13,baseline,4184,072.Pomarine_Jaeger/Pomarine_Jaeger_0075_61349.jpg,72,71,072.Pomarine_Jaeger,92,91,rotation,rotation,0,"{""angle"":-5.6273}",0.00058681431,0.00069236621,0.00010555191,0.99941337,0.99930787,0.00018219136,4.8284626e-05,0.99923118,0.99925959,2.8406514e-05,0.66066917,1.2784606,0.096500696,0.12337234,False,0.9659912,True,True,True,0.66066917,1.2784606,0.096500696,0.12337234,0.64780717,1.2913968,0.093633905,0.12091853,0.92910132,1.048686,0.023346864,0.024483529,0.61345141,2.1316747,0.023877266,0.050898562,0.49986352,1.338644,0.037051657,0.049598978,0.57565154,1.219047,0.041961877,0.0511535,0.70047366,1.2005627,0.049092414,0.058938518,0.79239585,1.1452207,0.051512085,0.058992705
0b_baseline_best,file,13,baseline,4184,072.Pomarine_Jaeger/Pomarine_Jaeger_0075_61349.jpg,72,71,072.Pomarine_Jaeger,92,91,random_resized_crop,random_resized_crop,0,"{""area_fraction"":0.715197,""aspect"":1.265809,""fallback"":false,""height"":0.751672,""left"":0.039362,""top"":0.022234,""width"":0.951474}",0.00058681431,0.00047195741,-0.0001148569,0.99941337,0.99952817,0.00018219136,6.1791739e-05,0.99923118,0.99946638,0.00023519817,0.69850714,0.72252456,0.096500696,0.069724123,False,0.97587514,True,True,True,0.69850714,0.72252456,0.096500696,0.069724123,0.68160081,0.71887015,0.093633905,0.067310619,0.95157262,0.77895211,0.023346864,0.018186089,0.60092143,0.8441871,0.023877266,0.02015688,0.58816069,0.7143768,0.037051657,0.026468844,0.63171797,0.66247027,0.041961877,0.027798496,0.66631488,0.71626735,0.049092414,0.035163293,0.79624917,0.73014426,0.051512085,0.037611253
0b_baseline_best,file,13,baseline,4184,072.Pomarine_Jaeger/Pomarine_Jaeger_0075_61349.jpg,72,71,072.Pomarine_Jaeger,92,91,gaussian_blur,gaussian_blur,0,"{""sigma"":1.239142}",0.00058681431,0.0094600264,0.0088732121,0.99941337,0.99058455,0.00018219136,0.00020489832,0.99923118,0.99037965,-0.0088515258,0.37454694,22.747144,0.096500696,2.1951153,False,0.90561676,True,True,True,0.37454694,22.747144,0.096500696,2.1951153,0.35819912,23.143488,0.093633905,2.1670152,0.81472895,14.995971,0.023346864,0.3501089,0.12347228,37.866635,0.023877266,0.90415171,0.072503441,25.850035,0.037051657,0.95778663,0.38385945,22.784016,0.041961877,0.95606009,0.43638441,22.630069,0.049092414,1.1109647,0.60812413,17.50197,0.051512085,0.90156296
0b_baseline_best,file,13,baseline,4184,072.Pomarine_Jaeger/Pomarine_Jaeger_0075_61349.jpg,72,71,072.Pomarine_Jaeger,92,91,random_erasing,random_erasing,0,"{""area_fraction"":0.06879,""erased"":true,""height"":0.292988,""left"":0.394767,""top"":0.353976,""width"":0.234787}",0.00058681431,0.0052001928,0.0046133785,0.99941337,0.99481332,0.00018219136,0.00065609883,0.99923118,0.99415722,-0.0050739555,0.69401778,9.044178,0.096500696,0.87276947,False,0.96645492,True,True,True,0.69401778,9.044178,0.096500696,0.87276947,0.6828215,9.1120973,0.093633905,0.85320126,0.90954834,7.8716123,0.023346864,0.18377746,0.65603776,9.8672841,0.023877266,0.23560376,0.52050388,8.7055575,0.037051657,0.32255534,0.61869433,9.7352443,0.041961877,0.40850913,0.73321361,9.4074065,0.049092414,0.46183229,0.77896806,8.4224457,0.051512085,0.43385773
0b_baseline_best,file,13,baseline,881,016.Painted_Bunting/Painted_Bunting_0086_16540.jpg,16,15,016.Painted_Bunting,172,171,identity,identity,0,{},0.0018049869,0.0018049869,0,0.99819666,0.99819666,0.0002481718,0.0002481718,0.99794849,0.99794849,0,1,1,0.2628851,0.2628851,False,1,True,True,True,1,1,0.2628851,0.2628851,1,1,0.25689654,0.25689654,1,1,0.055791963,0.055791963,1,1,0.045846244,0.045846244,1,1,0.10192931,0.10192931,1,1,0.13212998,0.13212998,1,1,0.12130597,0.12130597,1,1,0.14605102,0.14605102
0b_baseline_best,file,13,baseline,881,016.Painted_Bunting/Painted_Bunting_0086_16540.jpg,16,15,016.Painted_Bunting,172,171,horizontal_flip,horizontal_flip,0,"{""flipped"":true}",0.0018049869,0.0045948401,0.0027898533,0.99819666,0.99541569,0.0002481718,0.00022807487,0.99794849,0.99518761,-0.002760877,0.62853161,2.6382237,0.2628851,0.69354971,False,0.9717105,True,True,True,0.62853161,2.6382237,0.2628851,0.69354971,0.61423268,2.6448836,0.25689654,0.67946145,0.95124083,2.4928375,0.055791963,0.1390803,0.42934879,2.2524989,0.045846244,0.10326862,0.51489261,2.9128095,0.10192931,0.29690068,0.59984669,2.6125221,0.13212998,0.3451925,0.53897199,2.6269316,0.12130597,0.31866248,0.75195755,2.5814786,0.14605102,0.37702759
0b_baseline_best,file,13,baseline,881,016.Painted_Bunting/Painted_Bunting_0086_16540.jpg,16,15,016.Painted_Bunting,172,171,color_jitter,color_jitter,0,"{""brightness"":1.344469,""contrast"":0.683746,""hue"":0.092923,""saturation"":1.342968}",0.0018049869,0.23722018,0.2354152,0.99819666,0.78881758,0.0002481718,0.0057678963,0.99794849,0.78304969,-0.2148988,0.51958878,142.4684,0.2628851,37.452821,False,0.84391153,True,True,True,0.51958878,142.4684,0.2628851,37.452821,0.50836389,143.60336,0.25689654,36.891206,0.82628944,115.81651,0.055791963,6.4616306,0.31023033,138.75371,0.045846244,6.3613367,0.40105849,193.11672,0.10192931,19.684255,0.51370578,151.95421,0.13212998,20.077706,0.54593398,137.85096,0.12130597,16.722144,0.62863407,108.32,0.14605102,15.820247
0b_baseline_best,file,13,baseline,881,016.Painted_Bunting/Painted_Bunting_0086_16540.jpg,16,15,016.Painted_Bunting,172,171,rotation,rotation,0,"{""angle"":-12.28768}",0.0018049869,0.0034202193,0.0016152324,0.99819666,0.99658561,0.0002481718,0.00052361412,0.99794849,0.99606199,-0.0018864963,0.71964293,2.1059209,0.2628851,0.55361524,False,0.96101952,True,True,True,0.71964293,2.1059209,0.2628851,0.55361524,0.70956492,2.1104226,0.25689654,0.54216026,0.94505288,2.0081038,0.055791963,0.11203606,0.53456381,2.169961,0.045846244,0.09948456,0.68482904,2.3159362,0.10192931,0.23606179,0.67808309,2.1992471,0.13212998,0.29058647,0.6706979,2.1031958,0.12130597,0.2551302,0.80789261,1.9218213,0.14605102,0.28068397
0b_baseline_best,file,13,baseline,881,016.Painted_Bunting/Painted_Bunting_0086_16540.jpg,16,15,016.Painted_Bunting,172,171,random_resized_crop,random_resized_crop,0,"{""area_fraction"":0.651155,""aspect"":0.993842,""fallback"":false,""height"":0.809438,""left"":0.129139,""top"":0.131749,""width"":0.804454}",0.0018049869,0.036299799,0.034494812,0.99819666,0.96435112,0.0002481718,0.0053507835,0.99794849,0.95900033,-0.038948156,0.69951394,24.470798,0.2628851,6.4330083,False,0.93970323,True,True,True,0.69951394,24.470798,0.2628851,6.4330083,0.69221452,24.718194,0.25689654,6.3500186,0.93569568,18.461084,0.055791963,1.0299801,0.62435079,31.22278,0.045846244,1.4314472,0.71205592,26.871957,0.10192931,2.7390401,0.66582294,26.646597,0.13212998,3.5208144,0.65981808,25.71499,0.12130597,3.1193817,0.76852404,20.131208,0.14605102,2.9401835
0b_baseline_best,file,13,baseline,881,016.Painted_Bunting/Painted_Bunting_0086_16540.jpg,16,15,016.Painted_Bunting,172,171,gaussian_blur,gaussian_blur,0,"{""sigma"":1.336476}",0.0018049869,0.15177195,0.14996696,0.99819666,0.85918421,0.0002481718,0.0037476367,0.99794849,0.85543657,-0.14251192,0.53365759,84.494915,0.2628851,22.212454,False,0.89782572,True,True,True,0.53365759,84.494915,0.2628851,22.212454,0.51958298,84.895451,0.25689654,21.809348,0.87270313,75.50439,0.055791963,4.2125382,0.22603144,104.91724,0.045846244,4.8100612,0.45348068,108.69398,0.10192931,11.079103,0.49963101,89.03493,0.13212998,11.764184,0.53016546,83.15749,0.12130597,10.0875,0.66815105,64.815,0.14605102,9.466297
0b_baseline_best,file,13,baseline,881,016.Painted_Bunting/Painted_Bunting_0086_16540.jpg,16,15,016.Painted_Bunting,172,171,random_erasing,random_erasing,0,"{""area_fraction"":0.145185,""erased"":true,""height"":0.221506,""left"":0.290515,""top"":0.773309,""width"":0.655446}",0.0018049869,0.0049963142,0.0031913273,0.99819666,0.99501616,0.0002481718,0.00070623244,0.99794849,0.99430993,-0.0036385645,0.89779964,2.8439518,0.2628851,0.74763256,False,0.98899722,True,True,True,0.89779964,2.8439518,0.2628851,0.74763256,0.89410991,2.8518493,0.25689654,0.73263022,0.98317019,2.6710204,0.055791963,0.14902147,0.90722266,2.9262976,0.045846244,0.13415975,0.89028402,3.1036998,0.10192931,0.31635799,0.89443517,2.9838781,0.13212998,0.39425976,0.87060752,2.8149779,0.12130597,0.34147361,0.91793314,2.621762,0.14605102,0.38291102
0b_baseline_best,file,13,baseline,2199,039.Least_Flycatcher/Least_Flycatcher_0049_30361.jpg,39,38,039.Least_Flycatcher,102,101,identity,identity,0,{},0.028470369,0.028470369,0,0.9719311,0.9719311,0.0067430618,0.0067430618,0.96518804,0.96518804,0,1,1,4.2012825,4.2012825,False,1,True,True,True,1,1,4.2012825,4.2012825,1,1,4.114939,4.114939,1,1,0.84737948,0.84737948,1,1,0.92741116,0.92741116,1,1,1.938035,1.938035,1,1,2.1020369,2.1020369,1,1,2.0059071,2.0059071,1,1,1.9683571,1.9683571
0b_baseline_best,file,13,baseline,2199,039.Least_Flycatcher/Least_Flycatcher_0049_30361.jpg,39,38,039.Least_Flycatcher,102,101,horizontal_flip,horizontal_flip,0,"{""flipped"":true}",0.028470369,0.069648288,0.041177919,0.9719311,0.93272179,0.0067430618,0.007853956,0.96518804,0.92486784,-0.0403202,0.53873202,2.7736616,4.2012825,11.652936,False,0.95557934,True,True,True,0.53873202,2.7736616,4.2012825,11.652936,0.52422023,2.7834842,4.114939,11.453868,0.9174253,2.5310038,0.84737948,2.1447207,0.067788004,2.7147681,0.92741116,2.5177063,0.5101815,3.0058603,1.938035,5.8254624,0.47545392,2.8045217,2.1020369,5.895208,0.52617934,2.7841503,2.0059071,5.584747,0.71193854,2.5388356,1.9683571,4.997335
0b_baseline_best,file,13,baseline,2199,039.Least_Flycatcher/Least_Flycatcher_0049_30361.jpg,39,38,039.Least_Flycatcher,102,101,color_jitter,color_jitter,0,"{""brightness"":1.081852,""contrast"":1.142514,""hue"":0.032865,""saturation"":0.817336}",0.028470369,0.012825148,-0.015645221,0.9719311,0.98725677,0.0067430618,0.0041744015,0.96518804,0.98308236,0.017894326,0.86529339,0.43190965,4.2012825,1.8145745,False,0.97970033,True,True,True,0.86529339,0.43190965,4.2012825,1.8145745,0.8606583,0.42929949,4.114939,1.7665412,0.96826761,0.48944303,0.84737948,0.41474398,0.78206083,0.4316831,0.92741116,0.40034773,0.8099988,0.43960774,1.938035,0.85197517,0.86927011,0.41541876,2.1020369,0.87322556,0.87168744,0.41413795,2.0059071,0.83072226,0.90798425,0.44923466,1.9683571,0.88425423
0b_baseline_best,file,13,baseline,2199,039.Least_Flycatcher/Least_Flycatcher_0049_30361.jpg,39,38,039.Least_Flycatcher,102,101,rotation,rotation,0,"{""angle"":-12.689207}",0.028470369,0.038368426,0.0098980572,0.9719311,0.9623583,0.0067430618,0.018868556,0.96518804,0.94348974,-0.021698298,0.59759964,1.4406069,4.2012825,6.0523966,False,0.95941246,True,True,True,0.59759964,1.4406069,4.2012825,6.0523966,0.58252795,1.4353808,4.114939,5.9065043,0.92682066,1.5587769,0.84737948,1.3208756,0.29078656,1.4834534,0.92741116,1.3757713,0.49774274,1.4630346,1.938035,2.8354121,0.59351368,1.5014028,2.1020369,3.1560041,0.59848572,1.4465049,2.0059071,2.9015546,0.71947687,1.3027089,1.9683571,2.5641964
0b_baseline_best,file,13,baseline,2199,039.Least_Flycatcher/Least_Flycatcher_0049_30361.jpg,39,38,039.Least_Flycatcher,102,101,random_resized_crop,random_resized_crop,0,"{""area_fraction"":0.681325,""aspect"":1.0758,""fallback"":false,""height"":0.795814,""left"":0.08712,""top"":0.188744,""width"":0.856136}",0.028470369,0.40716264,0.37869227,0.9719311,0.66553593,0.0067430618,0.043026447,0.96518804,0.62250948,-0.34267856,0.71502401,13.070484,4.2012825,54.912795,False,0.92973435,True,True,True,0.71502401,13.070484,4.2012825,54.912795,0.70907505,13.172628,4.114939,54.204559,0.91296494,10.374281,0.84737948,8.7909532,0.59297962,18.511369,0.92741116,17.167651,0.72245667,13.887786,1.938035,26.915015,0.72526022,13.435736,2.1020369,28.242413,0.69614194,12.169346,2.0059071,24.410579,0.7510645,11.645905,1.9683571,22.923301
0b_baseline_best,file,13,baseline,2199,039.Least_Flycatcher/Least_Flycatcher_0049_30361.jpg,39,38,039.Least_Flycatcher,102,101,gaussian_blur,gaussian_blur,0,"{""sigma"":1.660073}",0.028470369,2.6759822,2.6475119,0.9719311,0.068839192,0.0067430618,0.088704281,0.96518804,-0.019865088,-0.98505313,0.47622315,49.681088,4.2012825,208.72429,False,0.79670751,False,True,False,0.47622315,49.681088,4.2012825,208.72429,0.47018015,50.348387,4.114939,207.18054,0.78054653,29.902488,0.84737948,25.338754,0.56974617,51.961579,0.92741116,48.189749,0.3968213,62.283127,1.938035,120.70688,0.45672956,53.894591,2.1020369,113.28842,0.5247626,46.136029,2.0059071,92.544589,0.57006705,34.578717,1.9683571,68.063263
0b_baseline_best,file,13,baseline,2199,039.Least_Flycatcher/Least_Flycatcher_0049_30361.jpg,39,38,039.Least_Flycatcher,102,101,random_erasing,random_erasing,0,"{""area_fraction"":0.113396,""erased"":true,""height"":0.495414,""left"":0.598594,""top"":0.288368,""width"":0.228891}",0.028470369,0.023283647,-0.0051867217,0.9719311,0.97698534,0.0067430618,0.0034728225,0.96518804,0.97351251,0.0083244748,0.85860348,0.78862449,4.2012825,3.3132343,False,0.9824965,True,True,True,0.85860348,0.78862449,4.2012825,3.3132343,0.85347084,0.78775325,4.114939,3.2415566,0.97676334,0.80889775,0.84737948,0.68544335,0.87862119,0.84213573,0.92741116,0.78100607,0.83115842,0.79080334,1.938035,1.5326045,0.83883291,0.78271377,2.1020369,1.6452932,0.85109565,0.77847791,2.0059071,1.5615544,0.88878646,0.78760624,1.9683571,1.5502903
0b_baseline_best,file,13,baseline,4531,078.Gray_Kingbird/Gray_Kingbird_0037_70050.jpg,78,77,078.Gray_Kingbird,112,111,identity,identity,0,{},0.12089437,0.12089437,0,0.88612753,0.88612753,0.070592143,0.070592143,0.81553539,0.81553539,0,1,1,20.928209,20.928209,False,1,True,True,True,1,1,20.928209,20.928209,1,1,20.476497,20.476497,1,1,4.324697,4.324697,1,1,5.3338449,5.3338449,1,1,8.0024964,8.0024964,1,1,10.276071,10.276071,1,1,11.070125,11.070125,1,1,9.9323588,9.9323588
0b_baseline_best,file,13,baseline,4531,078.Gray_Kingbird/Gray_Kingbird_0037_70050.jpg,78,77,078.Gray_Kingbird,112,111,horizontal_flip,horizontal_flip,0,"{""flipped"":true}",0.12089437,0.052046943,-0.068847429,0.88612753,0.94928432,0.070592143,0.036775775,0.81553539,0.91250854,0.096973151,0.60141111,0.51333533,20.928209,10.743189,False,0.95850956,True,True,True,0.60141111,0.51333533,20.928209,10.743189,0.58856014,0.51621034,20.476497,10.570179,0.94292576,0.44402302,4.324697,1.920265,0.52520427,0.49367048,5.3338449,2.6331618,0.5510723,0.54680079,8.0024964,4.3757713,0.52683365,0.55407765,10.276071,5.6937414,0.58152414,0.50690779,11.070125,5.6115328,0.72911151,0.46943474,9.9323588,4.6625942
0b_baseline_best,file,13,baseline,4531,078.Gray_Kingbird/Gray_Kingbird_0037_70050.jpg,78,77,078.Gray_Kingbird,112,111,color_jitter,color_jitter,0,"{""brightness"":0.855864,""contrast"":1.238648,""hue"":0.041369,""saturation"":0.616595}",0.12089437,0.24124643,0.12035206,0.88612753,0.78564799,0.070592143,0.1899033,0.81553539,0.59574468,-0.2197907,0.82257051,2.1099061,20.928209,44.156556,False,0.97882444,True,True,True,0.82257051,2.1099061,20.928209,44.156556,0.8162609,2.0991384,20.476497,42.983001,0.95411776,2.3383186,4.324697,10.112519,0.80378273,1.9256002,5.3338449,10.270853,0.77941896,2.2714682,8.0024964,18.177416,0.78349422,2.0003277,10.276071,20.55551,0.82721222,2.0669038,11.070125,22.880884,0.86784352,2.1723914,9.9323588,21.576971
0b_baseline_best,file,13,baseline,4531,078.Gray_Kingbird/Gray_Kingbird_0037_70050.jpg,78,77,078.Gray_Kingbird,112,111,rotation,rotation,0,"{""angle"":-8.470536}",0.12089437,0.20545404,0.084559664,0.88612753,0.81427753,0.070592143,0.1201617,0.81553539,0.69411582,-0.12141956,0.79973751,1.5736242,20.928209,32.933135,False,0.96386045,True,True,True,0.79973751,1.5736242,20.928209,32.933135,0.79323709,1.5780457,20.476497,32.312848,0.95796216,1.471017,4.324697,6.3617028,0.8638635,1.5624021,5.3338449,8.3336102,0.76494986,1.5063943,8.0024964,12.054915,0.78215158,1.6182874,10.276071,16.629636,0.77658647,1.6010534,11.070125,17.723862,0.82521723,1.5554159,9.9323588,15.448949
0b_baseline_best,file,13,baseline,4531,078.Gray_Kingbird/Gray_Kingbird_0037_70050.jpg,78,77,078.Gray_Kingbird,112,111,random_resized_crop,random_resized_crop,0,"{""area_fraction"":0.735615,""aspect"":1.039745,""fallback"":false,""height"":0.841128,""left"":0.08145,""top"":0.158179,""width"":0.874559}",0.12089437,0.024684913,-0.096209459,0.88612753,0.97561729,0.070592143,0.011813867,0.81553539,0.96380342,0.14826803,0.72720928,0.20749704,20.928209,4.3425413,False,0.96016824,True,True,True,0.72720928,0.20749704,20.928209,4.3425413,0.71779096,0.20802968,20.476497,4.259719,0.9536774,0.195175,4.324697,0.84407274,0.63010436,0.2025898,5.3338449,1.0805826,0.62302226,0.21820969,8.0024964,1.7462223,0.70415807,0.21803983,10.276071,2.2405928,0.74748882,0.19749705,11.070125,2.1863171,0.79120422,0.20455887,9.9323588,2.0317521
0b_baseline_best,file,13,baseline,4531,078.Gray_Kingbird/Gray_Kingbird_0037_70050.jpg,78,77,078.Gray_Kingbird,112,111,gaussian_blur,gaussian_blur,0,"{""sigma"":1.8439}",0.12089437,0.15421942,0.033325046,0.88612753,0.85708398,0.070592143,0.092671588,0.81553539,0.76441239,-0.051123001,0.60768133,1.2780718,20.928209,26.747753,False,0.89800978,True,True,True,0.60768133,1.2780718,20.928209,26.747753,0.59592945,1.2802992,20.476497,26.216042,0.88308953,1.2270757,4.324697,5.3067305,0.34144245,1.1963892,5.3338449,6.3813542,0.45174628,1.3887826,8.0024964,11.113728,0.62185685,1.2858127,10.276071,13.213103,0.62583487,1.2659516,11.070125,14.014243,0.70687636,1.2415204,9.9323588,12.331226
0b_baseline_best,file,13,baseline,4531,078.Gray_Kingbird/Gray_Kingbird_0037_70050.jpg,78,77,078.Gray_Kingbird,112,111,random_erasing,random_erasing,0,"{""area_fraction"":0.101067,""erased"":true,""height"":0.536581,""left"":0.148791,""top"":0.41282,""width"":0.188354}",0.12089437,0.0587014,-0.062192973,0.88612753,0.94298828,0.070592143,0.032871906,0.81553539,0.91011637,0.094580982,0.83292821,0.48496047,20.928209,10.149354,False,0.96876818,True,True,True,0.83292821,0.48496047,20.928209,10.149354,0.82692253,0.48496716,20.476497,9.9304284,0.96760811,0.48481056,4.324697,2.0966588,0.83654148,0.49018456,5.3338449,2.6145684,0.79227669,0.53541479,8.0024964,4.2846549,0.83477044,0.47719256,10.276071,4.9036647,0.82146896,0.45670503,11.070125,5.0557819,0.85158705,0.49130186,9.9323588,4.8797864
0b_baseline_best,file,13,baseline,782,015.Lazuli_Bunting/Lazuli_Bunting_0102_14605.jpg,15,14,015.Lazuli_Bunting,164,163,identity,identity,0,{},0.0029167274,0.0029167274,0,0.99708754,0.99708754,0.0005272316,0.0005272316,0.99656031,0.99656031,0,1,1,0.36586079,0.36586079,False,1,True,True,True,1,1,0.36586079,0.36586079,1,1,0.35749635,0.35749635,1,1,0.077784799,0.077784799,1,1,0.050807437,0.050807437,1,1,0.12742984,0.12742984,1,1,0.14226982,0.14226982,1,1,0.18276868,0.18276868,1,1,0.23524198,0.23524198
0b_baseline_best,file,13,baseline,782,015.Lazuli_Bunting/Lazuli_Bunting_0102_14605.jpg,15,14,015.Lazuli_Bunting,164,163,horizontal_flip,horizontal_flip,0,"{""flipped"":true}",0.0029167274,0.0034534833,0.00053675589,0.99708754,0.99655247,0.0005272316,0.00025470581,0.99656031,0.99629776,-0.0002625451,0.5872074,1.1603206,0.36586079,0.42451583,False,0.97600788,True,True,True,0.5872074,1.1603206,0.36586079,0.42451583,0.56898502,1.1599224,0.35749635,0.41466802,0.9692415,1.1687018,0.077784799,0.090907234,0.38466852,1.2304548,0.050807437,0.062516255,0.48413139,1.26321,0.12742984,0.16097065,0.38966932,1.3033003,0.14226982,0.1854203,0.49151521,1.0804084,0.18276868,0.19746482,0.73239071,1.1146606,0.23524198,0.26221497
0b_baseline_best,file,13,baseline,782,015.Lazuli_Bunting/Lazuli_Bunting_0102_14605.jpg,15,14,015.Lazuli_Bunting,164,163,color_jitter,color_jitter,0,"{""brightness"":0.915665,""contrast"":1.368227,""hue"":0.002614,""saturation"":0.711481}",0.0029167274,0.0031093843,0.00019265688,0.99708754,0.99689543,0.0005272316,0.00069472234,0.99656031,0.99620071,-0.00035959651,0.89820828,1.1036728,0.36586079,0.40379062,False,0.993931,True,True,True,0.89820828,1.1036728,0.36586079,0.40379062,0.893812,1.1042339,0.35749635,0.3947596,0.9921875,1.0917537,0.077784799,0.084921846,0.74463288,1.3676973,0.050807437,0.069489195,0.80411085,1.1206958,0.12742984,0.14281009,0.85625808,1.1267071,0.14226982,0.16029641,0.89319487,1.1477952,0.18276868,0.20978102,0.94912508,1.0491189,0.23524198,0.2467968
0b_baseline_best,file,13,baseline,782,015.Lazuli_Bunting/Lazuli_Bunting_0102_14605.jpg,15,14,015.Lazuli_Bunting,164,163,rotation,rotation,0,"{""angle"":-8.015346}",0.0029167274,0.0035101487,0.00059342128,0.99708754,0.99649602,0.0005272316,0.00059906673,0.99656031,0.99589696,-0.00066335162,0.73131336,1.1487688,0.36586079,0.42028945,False,0.9772017,True,True,True,0.73131336,1.1487688,0.36586079,0.42028945,0.71900864,1.1450971,0.35749635,0.40936805,0.97605577,1.2237537,0.077784799,0.095189433,0.50587243,1.1843415,0.050807437,0.060173359,0.58246832,1.0830443,0.12742984,0.13801217,0.57303851,1.045774,0.14226982,0.14878207,0.68109806,1.1413103,0.18276868,0.20859578,0.83554468,1.1968172,0.23524198,0.28154165
0b_baseline_best,file,13,baseline,782,015.Lazuli_Bunting/Lazuli_Bunting_0102_14605.jpg,15,14,015.Lazuli_Bunting,164,163,random_resized_crop,random_resized_crop,0,"{""area_fraction"":0.661815,""aspect"":0.839069,""fallback"":false,""height"":0.888115,""left"":0.163624,""top"":0.088331,""width"":0.74519}",0.0029167274,0.054627359,0.051710631,0.99708754,0.9468379,0.0005272316,0.0055026053,0.99656031,0.9413353,-0.05522501,0.56444807,16.945113,0.36586079,6.1995523,False,0.94434023,True,True,True,0.56444807,16.945113,0.36586079,6.1995523,0.54814724,17.003587,0.35749635,6.0787204,0.94017045,15.659021,0.077784799,1.2180338,0.047011974,31.151138,0.050807437,1.5827095,0.44793892,16.795396,0.12742984,2.1402347,0.43415494,19.095675,0.14226982,2.7167381,0.5318908,16.614583,0.18276868,3.0366255,0.70295031,15.481548,0.23524198,3.64191
0b_baseline_best,file,13,baseline,782,015.Lazuli_Bunting/Lazuli_Bunting_0102_14605.jpg,15,14,015.Lazuli_Bunting,164,163,gaussian_blur,gaussian_blur,0,"{""sigma"":1.356664}",0.0029167274,0.0026418804,-0.00027484703,0.99708754,0.9973616,0.0005272316,0.00021874916,0.99656031,0.99714285,0.0005825446,0.5821181,1.0230868,0.36586079,0.37430735,False,0.95097572,True,True,True,0.5821181,1.0230868,0.36586079,0.37430735,0.56549155,1.0243836,0.35749635,0.36621339,0.94381238,0.99530061,0.077784799,0.077419258,0.38779022,1.4018908,0.050807437,0.07122648,0.48369997,1.2794657,0.12742984,0.16304211,0.41282715,1.2062299,0.14226982,0.17161011,0.55475375,0.99758031,0.18276868,0.18232644,0.72514204,0.84766964,0.23524198,0.19940749
0b_baseline_best,file,13,baseline,782,015.Lazuli_Bunting/Lazuli_Bunting_0102_14605.jpg,15,14,015.Lazuli_Bunting,164,163,random_erasing,random_erasing,0,"{""area_fraction"":0.161227,""erased"":true,""height"":0.484442,""left"":0.141327,""top"":0.118094,""width"":0.332811}",0.0029167274,5.5135536,5.5106369,0.99708754,0.004031755,0.0005272316,0.018655561,0.99656031,-0.014623806,-1.0111841,0.17358508,261.6488,0.36586079,95.727036,False,0.58835447,False,True,False,0.17358508,261.6488,0.36586079,95.727036,0.1515342,259.55398,0.35749635,92.789601,0.57513534,302.52703,0.077784799,23.532004,0.25517584,232.95983,0.050807437,11.836092,-0.12603246,301.32515,0.12742984,38.397816,0.045184486,312.91095,0.14226982,44.517783,0.18096362,251.14229,0.18276868,45.900946,0.2905974,229.18432,0.23524198,53.913773
0b_baseline_best,file,13,baseline,3068,053.Western_Grebe/Western_Grebe_0007_36074.jpg,53,52,053.Western_Grebe,144,143,identity,identity,0,{},0.27517849,0.27517849,0,0.75943655,0.75943655,0.094350629,0.094350629,0.66508592,0.66508592,0,1,1,32.62895,32.62895,False,1,True,True,True,1,1,32.62895,32.62895,1,1,31.566033,31.566033,1,1,8.2603855,8.2603855,1,1,7.9961329,7.9961329,1,1,12.608261,12.608261,1,1,16.119246,16.119246,1,1,15.236513,15.236513,1,1,16.778755,16.778755
0b_baseline_best,file,13,baseline,3068,053.Western_Grebe/Western_Grebe_0007_36074.jpg,53,52,053.Western_Grebe,144,143,horizontal_flip,horizontal_flip,0,"{""flipped"":true}",0.27517849,0.16158175,-0.11359674,0.75943655,0.850797,0.094350629,0.066225849,0.66508592,0.78457115,0.11948523,0.68556451,0.65822252,32.62895,21.47711,False,0.97520059,True,True,True,0.68556451,0.65822252,32.62895,21.47711,0.66739294,0.66099568,31.566033,20.865011,0.97174323,0.61630638,8.2603855,5.0909283,0.78947024,0.80597774,7.9961329,6.4447051,0.64268745,0.66423585,12.608261,8.3748591,0.705498,0.61661993,16.119246,9.9394486,0.59447679,0.64089843,15.236513,9.7650569,0.67833279,0.67829843,16.778755,11.381003
0b_baseline_best,file,13,baseline,3068,053.Western_Grebe/Western_Grebe_0007_36074.jpg,53,52,053.Western_Grebe,144,143,color_jitter,color_jitter,0,"{""brightness"":1.314602,""contrast"":1.051328,""hue"":-0.062143,""saturation"":0.601164}",0.27517849,1.3884857,1.1133072,0.75943655,0.24945278,0.094350629,0.16835268,0.66508592,0.081100106,-0.58398581,0.8019341,3.3352808,32.62895,108.82671,False,0.95271993,True,True,True,0.8019341,3.3352808,32.62895,108.82671,0.79515947,3.3586831,31.566033,106.0203,0.91935406,2.9726239,8.2603855,24.555019,0.74015638,3.0866953,7.9961329,24.681626,0.7991421,3.9071596,12.608261,49.262488,0.83791426,3.4122138,16.119246,55.002315,0.75327671,3.101931,15.236513,47.262611,0.80533993,3.2344949,16.778755,54.270796
0b_baseline_best,file,13,baseline,3068,053.Western_Grebe/Western_Grebe_0007_36074.jpg,53,52,053.Western_Grebe,144,143,rotation,rotation,0,"{""angle"":4.8813}",0.27517849,0.48611835,0.21093985,0.75943655,0.61500901,0.094350629,0.06909173,0.66508592,0.54591728,-0.11916864,0.76904031,1.587058,32.62895,51.784035,False,0.96957988,True,True,True,0.76904031,1.587058,32.62895,51.784035,0.75920437,1.6018413,31.566033,50.563775,0.94949422,1.3528982,8.2603855,11.175461,0.78379279,1.5399378,7.9961329,12.313547,0.77140324,1.6762379,12.608261,21.134446,0.76675077,1.6055533,16.119246,25.880309,0.71021722,1.6276002,15.236513,24.798951,0.78261668,1.5468585,16.778755,25.954359
0b_baseline_best,file,13,baseline,3068,053.Western_Grebe/Western_Grebe_0007_36074.jpg,53,52,053.Western_Grebe,144,143,random_resized_crop,random_resized_crop,0,"{""area_fraction"":0.830422,""aspect"":0.906255,""fallback"":false,""height"":0.957248,""left"":0.073564,""top"":0.032015,""width"":0.86751}",0.27517849,0.62675738,0.35157889,0.75943655,0.53432161,0.094350629,0.074038208,0.66508592,0.4602834,-0.20480252,0.75262582,1.8205913,32.62895,59.403983,False,0.97040379,True,True,True,0.75262582,1.8205913,32.62895,59.403983,0.74073823,1.829825,31.566033,57.760314,0.94428831,1.6799815,8.2603855,13.877295,0.65595238,1.4370535,7.9961329,11.490871,0.71025293,1.9527969,12.608261,24.621374,0.76276812,1.8454258,16.119246,29.746874,0.69956529,1.7752459,15.236513,27.048557,0.79091221,1.8671776,16.778755,31.328914
0b_baseline_best,file,13,baseline,3068,053.Western_Grebe/Western_Grebe_0007_36074.jpg,53,52,053.Western_Grebe,144,143,gaussian_blur,gaussian_blur,0,"{""sigma"":1.716247}",0.27517849,1.5768638,1.3016853,0.75943655,0.20662211,0.094350629,0.17718509,0.66508592,0.02943702,-0.6356489,0.58221708,3.7730594,32.62895,123.11097,False,0.90731168,True,True,True,0.58221708,3.7730594,32.62895,123.11097,0.56856619,3.8339304,31.566033,121.02197,0.89377198,2.7338928,8.2603855,22.583008,0.54874632,5.0437913,7.9961329,40.330826,0.43857545,4.4414603,12.608261,55.999092,0.53555086,3.7239048,16.119246,60.026539,0.58404143,3.6992552,15.236513,56.363748,0.71209681,3.3203678,16.778755,55.711637
0b_baseline_best,file,13,baseline,3068,053.Western_Grebe/Western_Grebe_0007_36074.jpg,53,52,053.Western_Grebe,144,143,random_erasing,random_erasing,0,"{""area_fraction"":0.068597,""erased"":true,""height"":0.217862,""left"":0.296,""top"":0.007416,""width"":0.314865}",0.27517849,0.41865447,0.14347598,0.75943655,0.65793151,0.094350629,0.10459952,0.66508592,0.55333199,-0.11175393,0.96894874,1.3801853,32.62895,45.033999,False,0.99388397,True,True,True,0.96894874,1.3801853,32.62895,45.033999,0.96759634,1.3799623,31.566033,43.559934,0.98865091,1.3834388,8.2603855,11.427738,0.98961306,1.3650275,7.9961329,10.914941,0.9686585,1.3764551,12.608261,17.354705,0.97297154,1.3929905,16.119246,22.453958,0.96342673,1.394054,15.236513,21.240522,0.96060704,1.3614286,16.778755,22.843076
0b_baseline_best,file,13,baseline,1464,027.Shiny_Cowbird/Shiny_Cowbird_0019_24323.jpg,27,26,027.Shiny_Cowbird,128,127,identity,identity,0,{},7.5822229,7.5822229,0,0.00050942763,0.00050942763,0.67868972,0.67868972,-0.67818029,-0.67818029,0,1,1,179.9082,179.9082,False,0.99999994,True,False,False,1,1,179.9082,179.9082,1,1,175.97199,175.97199,1,1,37.427513,37.427513,1,1,43.405849,43.405849,1,1,81.318412,81.318412,1,1,98.139443,98.139443,1,1,77.109186,77.109186,1,1,83.019347,83.019347
0b_baseline_best,file,13,baseline,1464,027.Shiny_Cowbird/Shiny_Cowbird_0019_24323.jpg,27,26,027.Shiny_Cowbird,128,127,horizontal_flip,horizontal_flip,0,"{""flipped"":true}",7.5822229,6.6086502,-0.97357273,0.00050942763,0.0013486514,0.67868972,0.66095871,-0.67818029,-0.65961006,0.018570235,0.66166659,0.89133662,179.9082,160.35876,False,0.94803888,True,False,False,0.66166659,0.89133662,179.9082,160.35876,0.64830576,0.88974579,175.97199,156.57034,0.94601269,0.9258052,37.427513,34.650586,0.64763915,0.66392069,43.405849,28.818041,0.55775727,0.73247065,81.318412,59.56335,0.70699044,0.90287224,98.139443,88.607378,0.58806127,0.98542286,77.109186,75.985154,0.71011886,0.97195037,83.019347,80.690685
0b_baseline_best,file,13,baseline,1464,027.Shiny_Cowbird/Shiny_Cowbird_0019_24323.jpg,27,26,027.Shiny_Cowbird,128,127,color_jitter,color_jitter,0,"{""brightness"":0.649759,""contrast"":0.880847,""hue"":-0.026788,""saturation"":0.601111}",7.5822229,7.7826958,0.20047283,0.00050942763,0.00041688679,0.67868972,0.13622165,-0.67818029,-0.13580476,0.54237553,0.47321787,0.77810715,179.9082,139.98785,False,0.90756559,False,False,False,0.47321787,0.77810715,179.9082,139.98785,0.46009681,0.76736205,175.97199,135.03423,0.71304791,0.98617619,37.427513,36.910122,0.45346078,0.72920386,43.405849,31.651713,0.44581265,0.68089626,81.318412,55.369403,0.42833814,0.72114403,98.139443,70.772673,0.40553788,0.80445068,77.109186,62.030537,0.56000661,0.8777509,83.019347,72.870306
0b_baseline_best,file,13,baseline,1464,027.Shiny_Cowbird/Shiny_Cowbird_0019_24323.jpg,27,26,027.Shiny_Cowbird,128,127,rotation,rotation,0,"{""angle"":2.439543}",7.5822229,5.783926,-1.7982969,0.00050942763,0.0030766123,0.67868972,0.19492142,-0.67818029,-0.19184481,0.48633548,0.71002547,0.76014462,179.9082,136.75625,False,0.95295101,True,False,False,0.71002547,0.76014462,179.9082,136.75625,0.70270205,0.75716415,175.97199,133.23968,0.86128683,0.82327909,37.427513,30.813289,0.72256563,0.65849115,43.405849,28.582368,0.68521826,0.69012956,81.318412,56.12024,0.71982672,0.72578483,98.139443,71.228119,0.67397695,0.82758941,77.109186,63.814746,0.7256932,0.82055623,83.019347,68.122042
0b_baseline_best,file,13,baseline,1464,027.Shiny_Cowbird/Shiny_Cowbird_0019_24323.jpg,27,26,027.Shiny_Cowbird,128,127,random_resized_crop,random_resized_crop,0,"{""area_fraction"":0.667987,""aspect"":0.965547,""fallback"":false,""height"":0.831758,""left"":0.165941,""top"":0.073894,""width"":0.803102}",7.5822229,6.0313711,-1.5508518,0.00050942763,0.0024021976,0.67868972,0.14050065,-0.67818029,-0.13809845,0.54008184,0.68459802,0.74275538,179.9082,133.62778,False,0.92018205,True,False,False,0.68459802,0.74275538,179.9082,133.62778,0.67913561,0.74539416,175.97199,131.16849,0.81922157,0.68182,37.427513,25.518827,0.71006484,0.68678148,43.405849,29.810333,0.7913863,0.71002874,81.318412,57.738409,0.71843106,0.74889942,98.139443,73.496572,0.57941808,0.78664671,77.109186,60.657687,0.60729255,0.75239727,83.019347,62.46353
0b_baseline_best,file,13,baseline,1464,027.Shiny_Cowbird/Shiny_Cowbird_0019_24323.jpg,27,26,027.Shiny_Cowbird,128,127,gaussian_blur,gaussian_blur,0,"{""sigma"":1.2294}",7.5822229,5.3520074,-2.2302155,0.00050942763,0.0047386289,0.67868972,0.071957171,-0.67818029,-0.067218542,0.61096175,0.55329682,0.84652621,179.9082,152.297,False,0.88051671,False,False,False,0.55329682,0.84652621,179.9082,152.297,0.54579024,0.85057544,175.97199,149.67745,0.74520899,0.75146336,37.427513,28.125405,0.58121742,0.85120164,43.405849,36.94713,0.56490512,0.8695541,81.318412,70.710758,0.55397381,0.85903024,98.139443,84.304749,0.50842039,0.87264802,77.109186,67.289179,0.5398352,0.79928306,83.019347,66.355958
0b_baseline_best,file,13,baseline,1464,027.Shiny_Cowbird/Shiny_Cowbird_0019_24323.jpg,27,26,027.Shiny_Cowbird,128,127,random_erasing,random_erasing,0,"{""area_fraction"":0.190243,""erased"":true,""height"":0.771653,""left"":0.400241,""top"":0.023522,""width"":0.24654}",7.5822229,5.67204,-1.910183,0.00050942763,0.0034408383,0.67868972,0.14448349,-0.67818029,-0.14104265,0.53713764,0.4891919,0.62423469,179.9082,112.30494,False,0.89459896,True,False,False,0.4891919,0.62423469,179.9082,112.30494,0.47463552,0.6232332,175.97199,109.67159,0.7999423,0.64597687,37.427513,24.177308,0.44232679,0.49445155,43.405849,21.46209,0.54415552,0.61920891,81.318412,50.353085,0.41852574,0.56461382,98.139443,55.410886,0.41071287,0.65567447,77.109186,50.558525,0.54550894,0.70290487,83.019347,58.354704
0b_baseline_best,file,13,baseline,11718,199.Winter_Wren/Winter_Wren_0126_190342.jpg,199,198,199.Winter_Wren,119,118,identity,identity,0,{},7.6013556,7.6013556,0,0.00049977365,0.00049977365,0.30832022,0.30832022,-0.30782045,-0.30782045,0,1,1,170.21149,170.21149,False,1.0000001,True,False,False,1,1,170.21149,170.21149,1,1,167.99142,167.99142,1,1,27.40131,27.40131,1,1,51.169901,51.169901,1,1,78.682609,78.682609,1,1,91.674364,91.674364,1,1,73.953124,73.953124,1,1,74.421452,74.421452
0b_baseline_best,file,13,baseline,11718,199.Winter_Wren/Winter_Wren_0126_190342.jpg,199,198,199.Winter_Wren,119,118,horizontal_flip,horizontal_flip,0,"{""flipped"":true}",7.6013556,7.2620497,-0.33930588,0.00049977365,0.00070166856,0.30832022,0.13814741,-0.30782045,-0.13744575,0.17037471,0.50327675,0.91699848,170.21149,156.08367,False,0.95237535,False,False,False,0.50327675,0.91699848,170.21149,156.08367,0.49049661,0.91349588,167.99142,153.45947,0.92927547,1.0401303,27.40131,28.500934,0.22913547,1.1829459,51.169901,60.531227,0.37917146,0.9425231,78.682609,74.160177,0.53232176,0.81213971,91.674364,74.452391,0.53096159,0.86541737,73.953124,64.000318,0.69749446,0.92577313,74.421452,68.897381
0b_baseline_best,file,13,baseline,11718,199.Winter_Wren/Winter_Wren_0126_190342.jpg,199,198,199.Winter_Wren,119,118,color_jitter,color_jitter,0,"{""brightness"":0.857128,""contrast"":1.185306,""hue"":0.024741,""saturation"":1.287992}",7.6013556,6.0860186,-1.515337,0.00049977365,0.0022744462,0.30832022,0.10746014,-0.30782045,-0.10518569,0.20263476,0.81834369,0.74353158,170.21149,126.55761,False,0.96197879,False,False,False,0.81834369,0.74353158,170.21149,126.55761,0.81503289,0.73863031,167.99142,124.08356,0.93656843,0.90878223,27.40131,24.901824,0.80486323,0.83392303,51.169901,42.671759,0.80514008,0.75059424,78.682609,59.058713,0.80781479,0.69656025,91.674364,63.856718,0.81084652,0.70877087,73.953124,52.415819,0.8511925,0.76753536,74.421452,57.121096
0b_baseline_best,file,13,baseline,11718,199.Winter_Wren/Winter_Wren_0126_190342.jpg,199,198,199.Winter_Wren,119,118,rotation,rotation,0,"{""angle"":-6.059028}",7.6013556,7.1909661,-0.41038942,0.00049977365,0.0007533608,0.30832022,0.34010908,-0.30782045,-0.33935572,-0.031535269,0.82120181,1.0223475,170.21149,174.01529,False,0.96344519,True,False,False,0.82120181,1.0223475,170.21149,174.01529,0.81752813,1.0223486,167.99142,171.7458,0.95928842,1.0223062,27.40131,28.01253,0.86986198,0.97190319,51.169901,49.73219,0.82140679,1.0629439,78.682609,83.635204,0.80245536,1.0570245,91.674364,96.902049,0.78644744,0.97965863,73.953124,72.448815,0.8466921,0.98646543,74.421452,73.414189
0b_baseline_best,file,13,baseline,11718,199.Winter_Wren/Winter_Wren_0126_190342.jpg,199,198,199.Winter_Wren,119,118,random_resized_crop,random_resized_crop,0,"{""area_fraction"":0.73994,""aspect"":0.930532,""fallback"":false,""height"":0.891728,""left"":0.069668,""top"":0.038466,""width"":0.829782}",7.6013556,8.0781012,0.47674561,0.00049977365,0.00031025955,0.30832022,0.26554623,-0.30782045,-0.26523597,0.042584478,0.7722137,1.0415798,170.21149,177.28884,False,0.98065227,False,False,False,0.7722137,1.0415798,170.21149,177.28884,0.76695842,1.0407697,167.99142,174.84038,0.96438097,1.0715858,27.40131,29.362855,0.62449838,1.0270546,51.169901,52.554284,0.74898332,1.072628,78.682609,84.39717,0.78474683,0.99562073,91.674364,91.272897,0.75424075,1.0452605,73.953124,77.300278,0.84053589,1.0731305,74.421452,79.86393
0b_baseline_best,file,13,baseline,11718,199.Winter_Wren/Winter_Wren_0126_190342.jpg,199,198,199.Winter_Wren,119,118,gaussian_blur,gaussian_blur,0,"{""sigma"":1.640341}",7.6013556,8.3507633,0.74940777,0.00049977365,0.00023621609,0.30832022,0.84473693,-0.30782045,-0.84450072,-0.53668027,0.46384143,1.3586578,170.21149,231.25917,False,0.83137977,True,False,False,0.46384143,1.3586578,170.21149,231.25917,0.45684839,1.3602506,167.99142,228.51043,0.73992986,1.2973749,27.40131,35.549772,0.043994577,1.0347551,51.169901,52.948315,0.35817795,1.276469,78.682609,100.43591,0.48940247,1.3701485,91.674364,125.60749,0.51052668,1.4720867,73.953124,108.86541,0.60156932,1.4532584,74.421452,108.1536
0b_baseline_best,file,13,baseline,11718,199.Winter_Wren/Winter_Wren_0126_190342.jpg,199,198,199.Winter_Wren,119,118,random_erasing,random_erasing,0,"{""area_fraction"":0.197824,""erased"":true,""height"":0.269817,""left"":0.259406,""top"":0.427989,""width"":0.73318}",7.6013556,7.0675073,-0.53384829,0.00049977365,0.00085235498,0.30832022,0.71481216,-0.30782045,-0.7139598,-0.40613935,0.75814465,1.0704271,170.21149,182.19899,False,0.87790251,True,False,False,0.75814465,1.0704271,170.21149,182.19899,0.75677021,1.0689242,167.99142,179.5701,0.80818956,1.1254616,27.40131,30.839124,0.89192545,1.0568481,51.169901,54.078813,0.75536705,1.0668007,78.682609,83.938666,0.78617433,1.0602103,91.674364,97.194106,0.72420142,1.0659438,73.953124,78.829872,0.68484107,1.0928128,74.421452,81.328714
0b_baseline_best,file,13,baseline,736,014.Indigo_Bunting/Indigo_Bunting_0059_11596.jpg,14,13,014.Indigo_Bunting,74,73,identity,identity,0,{},1.8800756,1.8800756,0,0.15257858,0.15257858,0.34902725,0.34902725,-0.19644867,-0.19644867,0,1,1,201.51986,201.51986,False,1,True,False,False,1,1,201.51986,201.51986,1,1,199.32286,199.32286,1,1,29.675788,29.675788,1,1,46.906914,46.906914,1,1,79.965135,79.965135,1,1,123.90679,123.90679,1,1,92.777988,92.777988,1,1,84.701085,84.701085
0b_baseline_best,file,13,baseline,736,014.Indigo_Bunting/Indigo_Bunting_0059_11596.jpg,14,13,014.Indigo_Bunting,74,73,horizontal_flip,horizontal_flip,0,"{""flipped"":true}",1.8800756,2.1916056,0.31152999,0.15257858,0.11173719,0.34902725,0.096571729,-0.19644867,0.015165463,0.21161413,0.77508904,0.88839959,201.51986,179.03016,False,0.97466266,False,False,False,0.77508904,0.88839959,201.51986,179.03016,0.77147584,0.88619233,199.32286,176.63839,0.92612179,0.98283468,29.675788,29.166393,0.77680134,0.7071979,46.906914,33.172471,0.58326352,0.97442574,79.965135,77.920086,0.84513314,0.86637071,123.90679,107.34921,0.77243305,0.87156323,92.777988,80.861883,0.80745187,0.91196266,84.701085,77.244226
0b_baseline_best,file,13,baseline,736,014.Indigo_Bunting/Indigo_Bunting_0059_11596.jpg,14,13,014.Indigo_Bunting,74,73,color_jitter,color_jitter,0,"{""brightness"":0.644507,""contrast"":1.299525,""hue"":-0.05439,""saturation"":1.196095}",1.8800756,0.82697713,-1.0530984,0.15257858,0.43736941,0.34902725,0.0044499435,-0.19644867,0.43291946,0.62936813,0.21961329,0.45250268,201.51986,91.188278,False,0.80494529,False,False,True,0.21961329,0.45250268,201.51986,91.188278,0.20802653,0.45056164,199.32286,89.807234,0.66469461,0.53276467,29.675788,15.810211,-0.0021277974,0.41296765,46.906914,19.371038,0.23686317,0.44025179,79.965135,35.204794,0.09844985,0.40893275,123.90679,50.669543,0.26614775,0.44178169,92.777988,40.987616,0.35935571,0.55418087,84.701085,46.939721
0b_baseline_best,file,13,baseline,736,014.Indigo_Bunting/Indigo_Bunting_0059_11596.jpg,14,13,014.Indigo_Bunting,74,73,rotation,rotation,0,"{""angle"":-5.411018}",1.8800756,1.1283104,-0.75176513,0.15257858,0.32357952,0.34902725,0.34157851,-0.19644867,-0.017998993,0.17844968,0.86565419,0.79038261,201.51986,159.27779,False,0.96366215,True,False,False,0.86565419,0.79038261,201.51986,159.27779,0.86380383,0.79109103,199.32286,157.68253,0.95359215,0.75773446,29.675788,22.486367,0.85860091,0.66777639,46.906914,31.32333,0.81202432,0.79485739,79.965135,63.560879,0.89721677,0.80022039,123.90679,99.152736,0.85964235,0.81690422,92.777988,75.79073,0.84812969,0.77122237,84.701085,65.323371
0b_baseline_best,file,13,baseline,736,014.Indigo_Bunting/Indigo_Bunting_0059_11596.jpg,14,13,014.Indigo_Bunting,74,73,random_resized_crop,random_resized_crop,0,"{""area_fraction"":0.682384,""aspect"":1.21879,""fallback"":false,""height"":0.748256,""left"":0.045426,""top"":0.183602,""width"":0.911967}",1.8800756,0.84091324,-1.0391623,0.15257858,0.43131644,0.34902725,0.22796962,-0.19644867,0.20334682,0.39979549,0.78668847,0.57929666,201.51986,116.73978,False,0.93710876,False,False,True,0.78668847,0.57929666,201.51986,116.73978,0.78346129,0.57842273,199.32286,115.29287,0.92471698,0.61743755,29.675788,18.322946,0.7074371,0.58419374,46.906914,27.402725,0.72274169,0.62138749,79.965135,49.689335,0.81735658,0.55420423,123.90679,68.669665,0.79432973,0.59264736,92.777988,54.98463,0.78609508,0.57033651,84.701085,48.308121
0b_baseline_best,file,13,baseline,736,014.Indigo_Bunting/Indigo_Bunting_0059_11596.jpg,14,13,014.Indigo_Bunting,74,73,gaussian_blur,gaussian_blur,0,"{""sigma"":1.854564}",1.8800756,1.5004953,-0.37958026,0.15257858,0.22301966,0.34902725,0.034495946,-0.19644867,0.18852371,0.38497238,0.38322263,0.97182682,201.51986,195.8424,False,0.86640418,False,False,True,0.38322263,0.97182682,201.51986,195.8424,0.37754896,0.97754576,199.32286,194.84721,0.78826364,0.66445682,29.675788,19.718279,0.4047804,1.4838769,46.906914,69.604085,0.31789326,1.4664471,79.965135,117.26464,0.39092162,0.82132209,123.90679,101.76738,0.43631697,0.79552843,92.777988,73.807528,0.48310685,0.70497707,84.701085,59.712323
0b_baseline_best,file,13,baseline,736,014.Indigo_Bunting/Indigo_Bunting_0059_11596.jpg,14,13,014.Indigo_Bunting,74,73,random_erasing,random_erasing,0,"{""area_fraction"":0.063855,""erased"":true,""height"":0.205564,""left"":0.096077,""top"":0.234274,""width"":0.310631}",1.8800756,0.83255565,-1.0475199,0.15257858,0.43493631,0.34902725,0.2713519,-0.19644867,0.16358441,0.36003308,0.94403981,0.6584006,201.51986,132.6808,False,0.9811722,False,False,True,0.94403981,0.6584006,201.51986,132.6808,0.94331283,0.6585685,199.32286,131.26776,0.97729475,0.65078068,29.675788,19.312429,0.97132671,0.63114786,46.906914,29.605198,0.94368821,0.64661951,79.965135,51.707016,0.95626196,0.64900242,123.90679,80.415804,0.93086125,0.67003924,92.777988,62.164893,0.92477926,0.68333108,84.701085,57.878884
0b_baseline_best,file,13,baseline,10670,182.Yellow_Warbler/Yellow_Warbler_0018_176674.jpg,182,181,182.Yellow_Warbler,175,174,identity,identity,0,{},1.3634394,1.3634394,0,0.2557795,0.2557795,0.14671478,0.14671478,0.10906473,0.10906473,0,1,1,119.50495,119.50495,False,0.99999994,True,True,True,1,1,119.50495,119.50495,1,1,117.91155,117.91155,1,1,19.449889,19.449889,1,1,20.560099,20.560099,1,1,54.459862,54.459862,1,1,71.021825,71.021825,1,1,55.113072,55.113072,1,1,49.325348,49.325348
0b_baseline_best,file,13,baseline,10670,182.Yellow_Warbler/Yellow_Warbler_0018_176674.jpg,182,181,182.Yellow_Warbler,175,174,horizontal_flip,horizontal_flip,0,"{""flipped"":true}",1.3634394,2.6403966,1.2769572,0.2557795,0.071332961,0.14671478,0.21725267,0.10906473,-0.14591971,-0.25498444,0.69573209,1.6395557,119.50495,195.93502,False,0.95270157,False,True,False,0.69573209,1.6395557,119.50495,195.93502,0.68972389,1.6418463,117.91155,193.59264,0.93022063,1.5530331,19.449889,30.206322,0.67962039,1.6870087,20.560099,34.685066,0.61233586,1.7299746,54.459862,94.214178,0.748339,1.649851,71.021825,117.17543,0.68267383,1.608965,55.113072,88.675004,0.67948857,1.5447074,49.325348,76.19323
0b_baseline_best,file,13,baseline,10670,182.Yellow_Warbler/Yellow_Warbler_0018_176674.jpg,182,181,182.Yellow_Warbler,175,174,color_jitter,color_jitter,0,"{""brightness"":1.080209,""contrast"":0.777715,""hue"":-0.011995,""saturation"":1.202656}",1.3634394,1.0328329,-0.33060658,0.2557795,0.35599703,0.14671478,0.16909052,0.10906473,0.1869065,0.077841774,0.93226275,0.83226967,119.50495,99.460344,False,0.98238218,True,True,True,0.93226275,0.83226967,119.50495,99.460344,0.93098609,0.82990744,117.91155,97.855675,0.97912708,0.91486431,19.449889,17.794009,0.83894036,0.7954341,20.560099,16.354204,0.92384273,0.82333217,54.459862,44.838556,0.9513168,0.84714208,71.021825,60.165577,0.92628647,0.80610971,55.113072,44.427182,0.9188318,0.83690881,49.325348,41.280818
0b_baseline_best,file,13,baseline,10670,182.Yellow_Warbler/Yellow_Warbler_0018_176674.jpg,182,181,182.Yellow_Warbler,175,174,rotation,rotation,0,"{""angle"":11.592071}",1.3634394,2.1578155,0.79437602,0.2557795,0.11557731,0.14671478,0.32780415,0.10906473,-0.21222684,-0.32129157,0.79293624,1.3965485,119.50495,166.89446,False,0.95332503,False,True,False,0.79293624,1.3965485,119.50495,166.89446,0.78917042,1.3979705,117.91155,164.83687,0.93759142,1.3432463,19.449889,26.12599,0.7045144,1.3063435,20.560099,26.858552,0.801253,1.4155455,54.459862,77.090411,0.83332463,1.4725768,71.021825,104.58509,0.75912428,1.3413587,55.113072,73.926398,0.72877574,1.2987305,49.325348,64.060333
0b_baseline_best,file,13,baseline,10670,182.Yellow_Warbler/Yellow_Warbler_0018_176674.jpg,182,181,182.Yellow_Warbler,175,174,random_resized_crop,random_resized_crop,0,"{""area_fraction"":0.680407,""aspect"":0.810441,""fallback"":false,""height"":0.91627,""left"":0.03398,""top"":0.08337,""width"":0.742583}",1.3634394,1.7490077,0.38556826,0.2557795,0.17394647,0.14671478,0.090698972,0.10906473,0.083247498,-0.02581723,0.75489645,1.2380464,119.50495,147.95267,False,0.95024168,False,True,False,0.75489645,1.2380464,119.50495,147.95267,0.75016806,1.232426,117.91155,145.31727,0.9127852,1.4293542,19.449889,27.80078,0.63717871,1.0923954,20.560099,22.459757,0.68530096,1.1443341,54.459862,62.320278,0.81551435,1.2657257,71.021825,89.894147,0.74012276,1.2147353,55.113072,66.947796,0.7212714,1.3085295,49.325348,64.543675
0b_baseline_best,file,13,baseline,10670,182.Yellow_Warbler/Yellow_Warbler_0018_176674.jpg,182,181,182.Yellow_Warbler,175,174,gaussian_blur,gaussian_blur,0,"{""sigma"":1.114237}",1.3634394,2.4278684,1.0644289,0.2557795,0.088224709,0.14671478,0.063304447,0.10906473,0.024920262,-0.084144466,0.70507299,1.4809764,119.50495,176.98401,False,0.93438601,False,True,False,0.70507299,1.4809764,119.50495,176.98401,0.70024521,1.4841585,117.91155,174.99944,0.90153953,1.3588665,19.449889,26.429803,0.53833412,1.7315367,20.560099,35.600567,0.6189806,1.4782164,54.459862,80.503459,0.74251446,1.5424488,71.021825,109.54753,0.70292495,1.3936062,55.113072,76.805921,0.7440125,1.4302248,49.325348,70.546335
0b_baseline_best,file,13,baseline,10670,182.Yellow_Warbler/Yellow_Warbler_0018_176674.jpg,182,181,182.Yellow_Warbler,175,174,random_erasing,random_erasing,0,"{""area_fraction"":0.170231,""erased"":true,""height"":0.65362,""left"":0.573182,""top"":0.097843,""width"":0.260444}",1.3634394,1.0987072,-0.26473224,0.2557795,0.33330169,0.14671478,0.18766703,0.10906473,0.14563467,0.036569938,0.92146899,0.9020628,119.50495,107.80097,False,0.96119064,True,True,True,0.92146899,0.9020628,119.50495,107.80097,0.92054592,0.89969835,117.91155,106.08483,0.95613058,0.98503112,19.449889,19.158746,0.93781664,0.91573819,20.560099,18.827668,0.93136963,0.88562732,54.459862,48.231142,0.94348191,0.89329875,71.021825,63.443707,0.89754855,0.90155033,55.113072,49.687208,0.88753212,0.92447052,49.325348,45.59983
0b_baseline_best,file,13,baseline,7916,135.Bank_Swallow/Bank_Swallow_0007_129514.jpg,135,134,135.Bank_Swallow,118,117,identity,identity,0,{},0.92360967,0.92360967,0,0.3970831,0.3970831,0.19183882,0.19183882,0.20524429,0.20524429,0,1,1,115.77941,115.77941,False,1,True,True,True,1,1,115.77941,115.77941,1,1,114.42128,114.42128,1,1,17.681668,17.681668,1,1,20.446606,20.446606,1,1,56.182507,56.182507,1,1,61.477484,61.477484,1,1,56.871652,56.871652,1,1,50.038248,50.038248
0b_baseline_best,file,13,baseline,7916,135.Bank_Swallow/Bank_Swallow_0007_129514.jpg,135,134,135.Bank_Swallow,118,117,horizontal_flip,horizontal_flip,0,"{""flipped"":true}",0.92360967,1.645708,0.72209829,0.3970831,0.19287597,0.19183882,0.18171747,0.20524429,0.011158496,-0.19408579,0.69312807,1.4464261,115.77941,167.46636,False,0.94856668,True,True,True,0.69312807,1.4464261,115.77941,167.46636,0.68819651,1.4510363,114.42128,166.02944,0.94374576,1.2380508,17.681668,21.890803,0.58096108,1.7322107,20.446606,35.41783,0.63705521,1.4949029,56.182507,83.987392,0.70615299,1.5058289,61.477484,92.57457,0.70136485,1.4064153,56.871652,79.985163,0.74384063,1.3089289,50.038248,65.496507
0b_baseline_best,file,13,baseline,7916,135.Bank_Swallow/Bank_Swallow_0007_129514.jpg,135,134,135.Bank_Swallow,118,117,color_jitter,color_jitter,0,"{""brightness"":0.865098,""contrast"":0.73174,""hue"":0.054085,""saturation"":0.991629}",0.92360967,4.0929756,3.1693659,0.3970831,0.016689502,0.19183882,0.030673336,0.20524429,-0.013983835,-0.21922812,0.71155693,2.1914115,115.77941,253.72033,False,0.88540018,False,True,False,0.71155693,2.1914115,115.77941,253.72033,0.70993035,2.2026164,114.42128,252.02619,0.8308709,1.6554568,17.681668,29.271238,0.45344816,2.2591433,20.446606,46.191814,0.68891432,2.4959225,56.182507,140.22718,0.76861972,2.3648917,61.477484,145.38759,0.72199441,1.982983,56.871652,112.77552,0.70221597,1.7722263,50.038248,88.679099
0b_baseline_best,file,13,baseline,7916,135.Bank_Swallow/Bank_Swallow_0007_129514.jpg,135,134,135.Bank_Swallow,118,117,rotation,rotation,0,"{""angle"":-8.631514}",0.92360967,2.4943829,1.5707732,0.3970831,0.082547367,0.19183882,0.22361943,0.20524429,-0.14107206,-0.34631635,0.77817293,1.3216379,115.77941,153.01845,False,0.95021266,False,True,False,0.77817293,1.3216379,115.77941,153.01845,0.77383968,1.3179477,114.42128,150.80127,0.94550299,1.467863,17.681668,25.954267,0.66864775,1.2664778,20.446606,25.895173,0.75905519,1.2551388,56.182507,70.516844,0.7800271,1.3661451,61.477484,83.987166,0.76816036,1.2743382,56.871652,72.473717,0.80768775,1.3833629,50.038248,69.221057
0b_baseline_best,file,13,baseline,7916,135.Bank_Swallow/Bank_Swallow_0007_129514.jpg,135,134,135.Bank_Swallow,118,117,random_resized_crop,random_resized_crop,0,"{""area_fraction"":0.674097,""aspect"":0.751646,""fallback"":false,""height"":0.947011,""left"":0.246113,""top"":0.001952,""width"":0.711816}",0.92360967,0.72326368,-0.20034599,0.3970831,0.48516625,0.19183882,0.034800179,0.20524429,0.45036607,0.24512178,0.65864495,0.75034305,115.77941,86.874274,False,0.94962656,True,True,True,0.65864495,0.75034305,115.77941,86.874274,0.65205151,0.7471941,114.42128,85.494908,0.90288373,0.87206024,17.681668,15.41948,0.37503289,0.77664875,20.446606,15.879831,0.63652563,0.74154282,56.182507,41.661735,0.66937361,0.74540107,61.477484,45.825382,0.65003942,0.72214811,56.871652,41.069756,0.69524483,0.78293653,50.038248,39.176772
0b_baseline_best,file,13,baseline,7916,135.Bank_Swallow/Bank_Swallow_0007_129514.jpg,135,134,135.Bank_Swallow,118,117,gaussian_blur,gaussian_blur,0,"{""sigma"":1.923996}",0.92360967,2.6961508,1.7725411,0.3970831,0.067464702,0.19183882,0.012973602,0.20524429,0.0544911,-0.15075319,0.46129415,1.6488482,115.77941,190.90267,False,0.77872872,False,True,False,0.46129415,1.6488482,115.77941,190.90267,0.45638696,1.6560181,114.42128,189.48372,0.73246042,1.3139329,17.681668,23.232525,0.18376949,2.0333741,20.446606,41.575598,0.54325894,1.7374122,56.182507,97.612176,0.40861411,1.7839449,61.477484,109.67245,0.44086204,1.5416868,56.871652,87.678277,0.51395211,1.4034742,50.038248,70.22739
0b_baseline_best,file,13,baseline,7916,135.Bank_Swallow/Bank_Swallow_0007_129514.jpg,135,134,135.Bank_Swallow,118,117,random_erasing,random_erasing,0,"{""area_fraction"":0.131602,""erased"":true,""height"":0.243537,""left"":0.120415,""top"":0.670999,""width"":0.54038}",0.92360967,2.6129317,1.6893221,0.3970831,0.073319286,0.19183882,0.16492754,0.20524429,-0.091608256,-0.29685254,0.79112445,1.5013521,115.77941,173.82566,False,0.94021332,False,True,False,0.79112445,1.5013521,115.77941,173.82566,0.78812279,1.5037912,114.42128,172.06572,0.92875507,1.395388,17.681668,24.672787,0.67593133,1.5851846,20.446606,32.411645,0.84536678,1.5643722,56.182507,87.890351,0.80595135,1.4868235,61.477484,91.406169,0.73527116,1.464809,56.871652,83.30611,0.77399954,1.4870007,50.038248,74.40691
0b_baseline_best,file,13,baseline,8376,143.Caspian_Tern/Caspian_Tern_0013_145553.jpg,143,142,143.Caspian_Tern,137,136,identity,identity,0,{},2.9724622,2.9724622,0,0.051177159,0.051177159,0.15141173,0.15141173,-0.10023457,-0.10023457,0,1,1,90.814215,90.814215,False,0.99999988,True,False,False,1,1,90.814215,90.814215,1,1,88.430294,88.430294,1,1,20.671351,20.671351,1,1,17.124231,17.124231,1,1,34.769953,34.769953,1,1,41.739963,41.739963,1,1,45.776175,45.776175,1,1,49.800052,49.800052
0b_baseline_best,file,13,baseline,8376,143.Caspian_Tern/Caspian_Tern_0013_145553.jpg,143,142,143.Caspian_Tern,137,136,horizontal_flip,horizontal_flip,0,"{""flipped"":true}",2.9724622,2.6914549,-0.28100729,0.051177159,0.067782246,0.15141173,0.21070094,-0.10023457,-0.1429187,-0.04268413,0.81207856,0.95350109,90.814215,86.591453,False,0.98484516,True,False,False,0.81207856,0.95350109,90.814215,86.591453,0.80260638,0.95243549,88.430294,84.22415,0.98196883,0.97279613,20.671351,20.10901,0.5058016,0.72474538,17.124231,12.410708,0.7460214,0.89503872,34.769953,31.120454,0.76572175,0.99812536,41.739963,41.661716,0.82438284,0.94748392,45.776175,43.37219,0.86689684,0.97432997,49.800052,48.521683
0b_baseline_best,file,13,baseline,8376,143.Caspian_Tern/Caspian_Tern_0013_145553.jpg,143,142,143.Caspian_Tern,137,136,color_jitter,color_jitter,0,"{""brightness"":1.215998,""contrast"":0.754233,""hue"":0.064796,""saturation"":0.663104}",2.9724622,4.053987,1.0815248,0.051177159,0.01735305,0.15141173,0.11710697,-0.10023457,-0.099753916,0.00048065186,0.55895188,0.96270032,90.814215,87.426874,False,0.78439903,True,False,False,0.55895188,0.96270032,90.814215,87.426874,0.54683146,0.96114987,88.430294,84.994765,0.7743998,0.990646,20.671351,20.477991,0.61130369,1.821223,17.124231,31.187044,0.46201978,0.90430618,34.769953,31.442684,0.54892391,0.90227809,41.739963,37.661054,0.53534872,0.85486712,45.776175,39.132547,0.60814455,0.96576116,49.800052,48.094956
0b_baseline_best,file,13,baseline,8376,143.Caspian_Tern/Caspian_Tern_0013_145553.jpg,143,142,143.Caspian_Tern,137,136,rotation,rotation,0,"{""angle"":-1.000696}",2.9724622,3.9019926,0.92953038,0.051177159,0.02020162,0.15141173,0.10498421,-0.10023457,-0.084782589,0.015451979,0.84249527,1.1924478,90.814215,108.29121,False,0.96450984,False,False,False,0.84249527,1.1924478,90.814215,108.29121,0.83717979,1.2001084,88.430294,106.12594,0.96249208,1.0423572,20.671351,21.546931,0.79914019,1.331683,17.124231,22.804047,0.80688931,1.2224963,34.769953,42.506139,0.82614772,1.2563884,41.739963,52.441605,0.85378485,1.1357006,45.776175,51.988029,0.85466397,1.1850851,49.800052,59.017302
0b_baseline_best,file,13,baseline,8376,143.Caspian_Tern/Caspian_Tern_0013_145553.jpg,143,142,143.Caspian_Tern,137,136,random_resized_crop,random_resized_crop,0,"{""area_fraction"":0.686864,""aspect"":1.314098,""fallback"":false,""height"":0.722972,""left"":0.023231,""top"":0.276424,""width"":0.950056}",2.9724622,3.7819829,0.80952072,0.051177159,0.022777485,0.15141173,0.20859955,-0.10023457,-0.18582207,-0.0855875,0.6753647,1.0977853,90.814215,99.694506,False,0.92664385,True,False,False,0.6753647,1.0977853,90.814215,99.694506,0.66356827,1.102724,88.430294,97.514211,0.91556742,1.0031174,20.671351,20.735792,0.61293637,1.1127082,17.124231,19.054272,0.62102724,1.0818899,34.769953,37.617262,0.68908953,1.1881188,41.739963,49.592036,0.64146808,1.0394961,45.776175,47.584154,0.69065926,1.1011763,49.800052,54.838636
0b_baseline_best,file,13,baseline,8376,143.Caspian_Tern/Caspian_Tern_0013_145553.jpg,143,142,143.Caspian_Tern,137,136,gaussian_blur,gaussian_blur,0,"{""sigma"":1.042971}",2.9724622,3.1198711,0.14740896,0.051177159,0.044162855,0.15141173,0.078107834,-0.10023457,-0.033944979,0.066289589,0.82114139,0.95772499,90.814215,86.975043,False,0.96920586,False,False,False,0.82114139,0.95772499,90.814215,86.975043,0.8145411,0.96330773,88.430294,85.185586,0.96442234,0.84909967,20.671351,17.552037,0.69481893,0.94141931,17.124231,16.121082,0.78977958,0.88803474,34.769953,30.876927,0.80172279,0.99821411,41.739963,41.66542,0.81160598,0.97279474,45.776175,44.530823,0.85280428,0.96809307,49.800052,48.211085
0b_baseline_best,file,13,baseline,8376,143.Caspian_Tern/Caspian_Tern_0013_145553.jpg,143,142,143.Caspian_Tern,137,136,random_erasing,random_erasing,0,"{""area_fraction"":0.067213,""erased"":true,""height"":0.224103,""left"":0.279665,""top"":0.421473,""width"":0.299922}",2.9724622,3.9309411,0.95847893,0.051177159,0.019625196,0.15141173,0.11421005,-0.10023457,-0.094584858,0.0056497101,0.73447191,1.0636323,90.814215,96.592934,False,0.94986469,True,False,False,0.73447191,1.0636323,90.814215,96.592934,0.72306896,1.0642342,88.430294,94.110546,0.94551006,1.0525563,20.671351,21.75776,0.36278391,0.98279114,17.124231,16.829543,0.64956907,0.96547448,34.769953,33.569503,0.74522403,1.0934736,41.739963,45.641546,0.73049395,1.0446874,45.776175,47.821794,0.77327214,1.1137917,49.800052,55.466882
0b_baseline_best,file,13,baseline,4061,070.Green_Violetear/Green_Violetear_0027_60841.jpg,70,69,070.Green_Violetear,18,17,identity,identity,0,{},0.0017179982,0.0017179982,0,0.99828351,0.99828351,0.00028536763,0.00028536763,0.99799814,0.99799814,0,1,1,0.21664275,0.21664275,False,1,True,True,True,1,1,0.21664275,0.21664275,1,1,0.21089744,0.21089744,1,1,0.0495616,0.0495616,1,1,0.028398878,0.028398878,1,1,0.077518234,0.077518234,1,1,0.094169032,0.094169032,1,1,0.10227625,0.10227625,1,1,0.13540281,0.13540281
0b_baseline_best,file,13,baseline,4061,070.Green_Violetear/Green_Violetear_0027_60841.jpg,70,69,070.Green_Violetear,18,17,horizontal_flip,horizontal_flip,0,"{""flipped"":true}",0.0017179982,0.00054189778,-0.0011761004,0.99828351,0.99945825,0.00028536763,4.4612934e-05,0.99799814,0.99941364,0.0014155026,0.66397353,0.32573335,0.21664275,0.07056777,False,0.98534667,True,True,True,0.66397353,0.32573335,0.21664275,0.07056777,0.64572916,0.32447393,0.21089744,0.068430721,0.97372175,0.34774992,0.0495616,0.017235042,0.41106585,0.36432227,0.028398878,0.010346344,0.58169134,0.35016884,0.077518234,0.02714447,0.55597016,0.31854486,0.094169032,0.029997061,0.5192106,0.3102875,0.10227625,0.031735041,0.79283862,0.32461693,0.13540281,0.043954044
0b_baseline_best,file,13,baseline,4061,070.Green_Violetear/Green_Violetear_0027_60841.jpg,70,69,070.Green_Violetear,18,17,color_jitter,color_jitter,0,"{""brightness"":0.931341,""contrast"":0.826553,""hue"":0.053613,""saturation"":0.880607}",0.0017179982,0.010055598,0.0083375997,0.99828351,0.98999476,0.00028536763,0.002277483,0.99799814,0.98771728,-0.010280856,0.72096098,8.2014934,0.21664275,1.7767941,False,0.97000462,True,True,True,0.72096098,8.2014934,0.21664275,1.7767941,0.71305178,8.2911351,0.21089744,1.7485792,0.93189489,6.3635121,0.0495616,0.31538584,0.65665469,12.107658,0.028398878,0.34384391,0.7151127,11.166304,0.077518234,0.86559218,0.70772649,10.450369,0.094169032,0.98410118,0.70633539,7.7492839,0.10227625,0.79256767,0.82175455,5.6892866,0.13540281,0.77034538
0b_baseline_best,file,13,baseline,4061,070.Green_Violetear/Green_Violetear_0027_60841.jpg,70,69,070.Green_Violetear,18,17,rotation,rotation,0,"{""angle"":-3.257868}",0.0017179982,0.0034720157,0.0017540175,0.99828351,0.99653399,0.00028536763,0.00043624156,0.99799814,0.99609775,-0.0019003895,0.79109416,2.2400647,0.21664275,0.48529379,False,0.97643137,True,True,True,0.79109416,2.2400647,0.21664275,0.48529379,0.78277285,2.2438968,0.21089744,0.47323209,0.94736355,2.169506,0.0495616,0.10752419,0.54193387,2.7258409,0.028398878,0.077410823,0.78510628,2.7061209,0.077518234,0.20977371,0.73078712,2.4107919,0.094169032,0.22702194,0.75251358,2.2201989,0.10227625,0.22707361,0.86195053,1.9658102,0.13540281,0.26617622
0b_baseline_best,file,13,baseline,4061,070.Green_Violetear/Green_Violetear_0027_60841.jpg,70,69,070.Green_Violetear,18,17,random_resized_crop,random_resized_crop,0,"{""area_fraction"":0.796788,""aspect"":0.996977,""fallback"":false,""height"":0.893982,""left"":0.063334,""top"":0.082166,""width"":0.89128}",0.0017179982,0.0014222278,-0.00029577035,0.99828351,0.99857879,0.00028536763,0.00046023304,0.99799814,0.99811855,0.00012041599,0.80891395,0.97328213,0.21664275,0.21085452,False,0.98721325,True,True,True,0.80891395,0.97328213,0.21664275,0.21085452,0.8004286,0.97639194,0.21089744,0.20591856,0.97445712,0.91514584,0.0495616,0.045356092,0.7249967,1.423624,0.028398878,0.040429323,0.75786424,1.1667176,0.077518234,0.090441885,0.78087252,1.0964481,0.094169032,0.10325146,0.78033862,0.91366322,0.10227625,0.093446046,0.87211325,0.84835905,0.13540281,0.1148702
0b_baseline_best,file,13,baseline,4061,070.Green_Violetear/Green_Violetear_0027_60841.jpg,70,69,070.Green_Violetear,18,17,gaussian_blur,gaussian_blur,0,"{""sigma"":1.222638}",0.0017179982,0.01143049,0.0097124917,0.99828351,0.98863459,0.00028536763,0.00382598,0.99799814,0.98480861,-0.013189531,0.70266937,8.8478742,0.21664275,1.9168278,False,0.95720029,True,True,True,0.70266937,8.8478742,0.21664275,1.9168278,0.69375423,8.9477027,0.21089744,1.8870476,0.94115956,6.7909697,0.0495616,0.33657132,0.51262678,16.298641,0.028398878,0.46286312,0.64198288,11.322702,0.077518234,0.87771589,0.7065905,11.063054,0.094169032,1.041797,0.71586698,8.3389213,0.10227625,0.85287358,0.79372568,6.4535923,0.13540281,0.87383451
0b_baseline_best,file,13,baseline,4061,070.Green_Violetear/Green_Violetear_0027_60841.jpg,70,69,070.Green_Violetear,18,17,random_erasing,random_erasing,0,"{""area_fraction"":0.151491,""erased"":true,""height"":0.413985,""left"":0.531704,""top"":0.42787,""width"":0.365934}",0.0017179982,0.0030887062,0.001370708,0.99828351,0.99691606,0.00028536763,0.00045199317,0.99799814,0.99646406,-0.0015340753,0.81049365,2.2451389,0.21664275,0.48639308,False,0.97661531,True,True,True,0.81049365,2.2451389,0.21664275,0.48639308,0.80329749,2.2590203,0.21089744,0.47642159,0.96626729,1.9769966,0.0495616,0.097983115,0.71134181,2.4171452,0.028398878,0.068644213,0.79116568,2.5398611,0.077518234,0.19688555,0.78887208,2.6352918,0.094169032,0.24816287,0.77596096,2.4162709,0.10227625,0.24712712,0.87434229,1.8217327,0.13540281,0.24666772
0b_baseline_best,file,13,baseline,6612,113.Baird_Sparrow/Baird_Sparrow_0049_787324.jpg,113,112,113.Baird_Sparrow,115,114,identity,identity,0,{},0.02179224,0.02179224,0,0.9784435,0.9784435,0.015829567,0.015829567,0.96261394,0.96261394,0,1,1,5.7761665,5.7761665,False,1,True,True,True,1,1,5.7761665,5.7761665,1,1,5.7195004,5.7195004,1,1,0.80710244,0.80710244,1,1,1.17347,1.17347,1,1,3.2228904,3.2228904,1,1,3.3453226,3.3453226,1,1,2.4205929,2.4205929,1,1,1.9743801,1.9743801
0b_baseline_best,file,13,baseline,6612,113.Baird_Sparrow/Baird_Sparrow_0049_787324.jpg,113,112,113.Baird_Sparrow,115,114,horizontal_flip,horizontal_flip,0,"{""flipped"":true}",0.02179224,0.050969161,0.029176921,0.9784435,0.95030797,0.015829567,0.043568287,0.96261394,0.90673968,-0.055874258,0.8231961,2.7196361,5.7761665,15.709071,False,0.98585308,True,True,True,0.8231961,2.7196361,5.7761665,15.709071,0.82013069,2.7208221,5.7195004,15.561743,0.98090032,2.6593995,0.80710244,2.1464078,0.8661439,2.5071917,1.17347,2.9421141,0.86184163,2.5585365,3.2228904,8.2458827,0.80831561,2.9491282,3.3453226,9.8657853,0.76205566,2.6968196,2.4205929,6.5279023,0.8395988,2.5611472,1.9743801,5.0566782
0b_baseline_best,file,13,baseline,6612,113.Baird_Sparrow/Baird_Sparrow_0049_787324.jpg,113,112,113.Baird_Sparrow,115,114,color_jitter,color_jitter,0,"{""brightness"":1.134451,""contrast"":0.988913,""hue"":0.047093,""saturation"":0.78984}",0.02179224,0.023457982,0.0016657412,0.9784435,0.97681504,0.015829567,0.019302683,0.96261394,0.95751236,-0.0051015746,0.90423788,1.1038714,5.7761665,6.3761451,False,0.98430288,True,True,True,0.90423788,1.1038714,5.7761665,6.3761451,0.90268995,1.1031901,5.7195004,6.3096963,0.98004003,1.1375605,0.80710244,0.91812784,0.91485913,1.4571716,1.17347,1.7099471,0.87312414,0.99598355,3.2228904,3.2099459,0.92349112,1.1513463,3.3453226,3.8516248,0.9099052,1.1045189,2.4205929,2.6735905,0.92564858,1.0864726,1.9743801,2.1451099
0b_baseline_best,file,13,baseline,6612,113.Baird_Sparrow/Baird_Sparrow_0049_787324.jpg,113,112,113.Baird_Sparrow,115,114,rotation,rotation,0,"{""angle"":10.671567}",0.02179224,0.11034486,0.088552624,0.9784435,0.89552528,0.015829567,0.059344016,0.96261394,0.83618126,-0.12643268,0.81768912,4.5403284,5.7761665,26.225693,False,0.95067436,True,True,True,0.81768912,4.5403284,5.7761665,26.225693,0.81534835,4.5412268,5.7195004,25.973549,0.93648891,4.494978,0.80710244,3.6279077,0.87719817,4.5103823,1.17347,5.2927982,0.83903367,4.1053409,3.2228904,13.231064,0.82354006,4.8648872,3.3453226,16.274617,0.76523167,4.6227109,2.4205929,11.189701,0.80433162,4.5718202,1.9743801,9.0265111
0b_baseline_best,file,13,baseline,6612,113.Baird_Sparrow/Baird_Sparrow_0049_787324.jpg,113,112,113.Baird_Sparrow,115,114,random_resized_crop,random_resized_crop,0,"{""area_fraction"":0.544253,""aspect"":0.992194,""fallback"":false,""height"":0.740631,""left"":0.221777,""top"":0.051728,""width"":0.73485}",0.02179224,0.021728205,-6.4035878e-05,0.9784435,0.97850615,0.015829567,0.0043240814,0.96261394,0.97418207,0.01156813,0.51087251,0.47805376,5.7761665,2.7613181,False,0.93508339,True,True,True,0.51087251,0.47805376,5.7761665,2.7613181,0.50443953,0.4656353,5.7195004,2.6632013,0.78906765,0.90390706,0.80710244,0.72954559,0.60182089,0.36855193,1.17347,0.43248462,0.52004777,0.38629723,3.2228904,1.2449936,0.50797302,0.42280559,3.3453226,1.4144211,0.46845943,0.51624654,2.4205929,1.2496227,0.55634549,0.67828663,1.9743801,1.3391956
0b_baseline_best,file,13,baseline,6612,113.Baird_Sparrow/Baird_Sparrow_0049_787324.jpg,113,112,113.Baird_Sparrow,115,114,gaussian_blur,gaussian_blur,0,"{""sigma"":1.268001}",0.02179224,0.96745664,0.9456644,0.9784435,0.38004842,0.015829567,0.28215232,0.96261394,0.097896099,-0.86471784,0.61546113,26.949349,5.7761665,155.66393,False,0.88181537,True,True,True,0.61546113,26.949349,5.7761665,155.66393,0.6114103,26.934629,5.7195004,154.05262,0.8136422,27.678481,0.80710244,22.33937,0.780916,33.237471,1.17347,39.003174,0.52746817,25.341118,3.2228904,81.671646,0.6445423,27.371154,3.3453226,91.565341,0.59701351,26.006974,2.4205929,62.952296,0.67871666,28.622187,1.9743801,56.511077
0b_baseline_best,file,13,baseline,6612,113.Baird_Sparrow/Baird_Sparrow_0049_787324.jpg,113,112,113.Baird_Sparrow,115,114,random_erasing,random_erasing,0,"{""area_fraction"":0.17484,""erased"":true,""height"":0.412235,""left"":0.318219,""top"":0.201218,""width"":0.424126}",0.02179224,2.1787419,2.1569497,0.9784435,0.11318384,0.015829567,0.017555436,0.96261394,0.095628405,-0.86698553,0.33898065,23.779227,5.7761665,137.35278,False,0.70702982,False,True,False,0.33898065,23.779227,5.7761665,137.35278,0.3335634,23.632704,5.7195004,135.16726,0.56168665,30.237611,0.80710244,24.40485,0.43847219,14.722731,1.17347,17.276682,0.46634208,21.311378,3.2228904,68.684236,0.27243863,22.11232,3.3453226,73.972844,0.23894999,26.56242,2.4205929,64.296805,0.34504031,30.591709,1.9743801,60.399663
0b_baseline_best,file,13,baseline,6151,106.Horned_Puffin/Horned_Puffin_0029_100888.jpg,106,105,106.Horned_Puffin,8,7,identity,identity,0,{},0.5385226,0.5385226,0,0.58360982,0.58360982,0.14837247,0.14837247,0.43523735,0.43523735,0,1,1,56.199079,56.199079,False,1,True,True,True,1,1,56.199079,56.199079,1,1,55.000969,55.000969,1,1,11.542528,11.542528,1,1,11.19782,11.19782,1,1,24.447216,24.447216,1,1,28.496414,28.496414,1,1,25.34034,25.34034,1,1,29.118217,29.118217
0b_baseline_best,file,13,baseline,6151,106.Horned_Puffin/Horned_Puffin_0029_100888.jpg,106,105,106.Horned_Puffin,8,7,horizontal_flip,horizontal_flip,0,"{""flipped"":true}",0.5385226,0.70039606,0.16187346,0.58360982,0.49638867,0.14837247,0.094975911,0.43523735,0.40141276,-0.033824585,0.70015176,1.4668386,56.199079,82.434979,False,0.96223259,True,True,True,0.70015176,1.4668386,56.199079,82.434979,0.6923769,1.4777983,55.000969,81.280338,0.93494394,1.1911519,11.542528,13.748904,0.38055422,2.1487843,11.19782,24.061699,0.7719425,1.6355376,24.447216,39.984342,0.71242845,1.4395755,28.496414,41.022741,0.64831526,1.3891163,25.34034,35.200679,0.73168585,1.3331131,29.118217,38.817876
0b_baseline_best,file,13,baseline,6151,106.Horned_Puffin/Horned_Puffin_0029_100888.jpg,106,105,106.Horned_Puffin,8,7,color_jitter,color_jitter,0,"{""brightness"":1.349409,""contrast"":1.26693,""hue"":-0.05496,""saturation"":1.088734}",0.5385226,3.145443,2.6069204,0.58360982,0.043047853,0.14837247,0.024179038,0.43523735,0.018868815,-0.41636853,0.53107981,2.6557115,56.199079,149.24854,False,0.83669007,False,True,False,0.53107981,2.6557115,56.199079,149.24854,0.52577315,2.673671,55.000969,147.0545,0.68628558,2.2089716,11.542528,25.497117,0.32284006,3.2047324,11.19782,35.886016,0.47262891,2.2386264,24.447216,54.728182,0.60398026,2.6307664,28.496414,74.967408,0.53247287,3.1338018,25.34034,79.411605,0.52670405,2.5273402,29.118217,73.59164
0b_baseline_best,file,13,baseline,6151,106.Horned_Puffin/Horned_Puffin_0029_100888.jpg,106,105,106.Horned_Puffin,8,7,rotation,rotation,0,"{""angle"":5.047163}",0.5385226,0.32927844,-0.20924416,0.58360982,0.71944267,0.14837247,0.058851451,0.43523735,0.66059121,0.22535387,0.82672435,0.72001771,56.199079,40.464332,False,0.96474004,True,True,True,0.82672435,0.72001771,56.199079,40.464332,0.82187448,0.72308725,55.000969,39.770499,0.95490967,0.64640995,11.542528,7.4612051,0.81332338,0.9246642,11.19782,10.354223,0.8474529,0.74686161,24.447216,18.258687,0.83769652,0.71574651,28.496414,20.396209,0.78275203,0.72311434,25.34034,18.323964,0.82648992,0.67763242,29.118217,19.731448
0b_baseline_best,file,13,baseline,6151,106.Horned_Puffin/Horned_Puffin_0029_100888.jpg,106,105,106.Horned_Puffin,8,7,random_resized_crop,random_resized_crop,0,"{""area_fraction"":0.576102,""aspect"":0.861076,""fallback"":false,""height"":0.817954,""left"":0.249279,""top"":0.167927,""width"":0.70432}",0.5385226,0.70728642,0.16876382,0.58360982,0.49298012,0.14837247,0.20489663,0.43523735,0.28808349,-0.14715385,0.7160493,1.499128,56.199079,84.249614,False,0.9499529,True,True,True,0.7160493,1.499128,56.199079,84.249614,0.70810464,1.5084485,55.000969,82.966127,0.94076076,1.2692093,11.542528,14.649884,0.57150255,2.1896884,11.19782,24.519736,0.70360199,1.6691533,24.447216,40.806152,0.75640236,1.4680623,28.496414,41.834511,0.69126372,1.4967499,25.34034,37.928152,0.73267508,1.2979328,29.118217,37.793489
0b_baseline_best,file,13,baseline,6151,106.Horned_Puffin/Horned_Puffin_0029_100888.jpg,106,105,106.Horned_Puffin,8,7,gaussian_blur,gaussian_blur,0,"{""sigma"":1.806686}",0.5385226,1.9850138,1.4464912,0.58360982,0.13737872,0.14837247,0.28604329,0.43523735,-0.14866456,-0.58390191,0.52797075,2.5563704,56.199079,143.66566,False,0.83743966,False,True,False,0.52797075,2.5563704,56.199079,143.66566,0.51845003,2.5775754,55.000969,141.76914,0.81990037,2.0157256,11.542528,23.266569,0.48434715,4.1768026,11.19782,46.771083,0.511618,2.4387008,24.447216,59.619447,0.50995136,2.7203784,28.496414,77.521029,0.50008367,2.8342794,25.34034,71.821605,0.61216706,1.9392638,29.118217,56.467904
0b_baseline_best,file,13,baseline,6151,106.Horned_Puffin/Horned_Puffin_0029_100888.jpg,106,105,106.Horned_Puffin,8,7,random_erasing,random_erasing,0,"{""area_fraction"":0.178382,""erased"":true,""height"":0.291834,""left"":0.148907,""top"":0.428872,""width"":0.611244}",0.5385226,3.7453508,3.2068282,0.58360982,0.023627341,0.14837247,0.20371057,0.43523735,-0.18008323,-0.61532058,0.55150756,1.7242563,56.199079,96.901616,False,0.82494849,False,True,False,0.55150756,1.7242563,56.199079,96.901616,0.53916105,1.695284,55.000969,93.242262,0.78283029,2.2852959,11.542528,26.378093,0.46677057,1.5703915,11.19782,17.584961,0.66368468,1.8048466,24.447216,44.123474,0.56372999,1.5125783,28.496414,43.103059,0.45870268,1.7340265,25.34034,43.940821,0.5031078,1.7676811,29.118217,51.471722
0b_baseline_best,file,13,baseline,4937,085.Horned_Lark/Horned_Lark_0046_73950.jpg,85,84,085.Horned_Lark,132,131,identity,identity,0,{},0.0064721024,0.0064721024,0,0.99354881,0.99354881,0.0033441,0.0033441,0.99020471,0.99020471,0,1,1,0.99517349,0.99517349,False,1,True,True,True,1,1,0.99517349,0.99517349,1,1,0.97032973,0.97032973,1,1,0.22097621,0.22097621,1,1,0.23902322,0.23902322,1,1,0.4313441,0.4313441,1,1,0.46514658,0.46514658,1,1,0.45873928,0.45873928,1,1,0.52110161,0.52110161
0b_baseline_best,file,13,baseline,4937,085.Horned_Lark/Horned_Lark_0046_73950.jpg,85,84,085.Horned_Lark,132,131,horizontal_flip,horizontal_flip,0,"{""flipped"":true}",0.0064721024,0.0016587321,-0.0048133703,0.99354881,0.99834263,0.0033441,0.00098629936,0.99020471,0.99735633,0.0071516234,0.74218024,0.27127216,0.99517349,0.26996287,False,0.97735924,True,True,True,0.74218024,0.27127216,0.99517349,0.26996287,0.72927259,0.27019603,0.97032973,0.26217925,0.97505401,0.29124541,0.22097621,0.064358307,0.74025903,0.34756503,0.23902322,0.083076112,0.75043232,0.25165221,0.4313441,0.1085487,0.6501658,0.26833909,0.46514658,0.12481701,0.70016231,0.25801619,0.45873928,0.11836216,0.80388938,0.27452337,0.52110161,0.14305457
0b_baseline_best,file,13,baseline,4937,085.Horned_Lark/Horned_Lark_0046_73950.jpg,85,84,085.Horned_Lark,132,131,color_jitter,color_jitter,0,"{""brightness"":1.103198,""contrast"":0.979275,""hue"":-0.095119,""saturation"":0.904012}",0.0064721024,0.68496269,0.67849059,0.99354881,0.50410903,0.0033441,0.19657706,0.99020471,0.30753197,-0.68267274,0.59754035,62.714761,0.99517349,62.412068,False,0.88196743,True,True,True,0.59754035,62.714761,0.99517349,62.412068,0.5834423,62.238999,0.97032973,60.392352,0.84011463,71.269978,0.22097621,15.74897,0.6286294,68.510148,0.23902322,16.375516,0.58725259,60.169419,0.4313441,25.953724,0.58216604,61.453527,0.46514658,28.584898,0.57380251,65.436819,0.45873928,30.018439,0.5809974,60.297276,0.52110161,31.421008
0b_baseline_best,file,13,baseline,4937,085.Horned_Lark/Horned_Lark_0046_73950.jpg,85,84,085.Horned_Lark,132,131,rotation,rotation,0,"{""angle"":-9.795632}",0.0064721024,0.0042107734,-0.002261329,0.99354881,0.99579805,0.0033441,0.002495266,0.99020471,0.99330279,0.0030980748,0.77727147,0.62508223,0.99517349,0.62206527,False,0.97638494,True,True,True,0.77727147,0.62508223,0.99517349,0.62206527,0.76618954,0.62096468,0.97032973,0.60254049,0.97213618,0.69975445,0.22097621,0.15462909,0.63548608,0.54611824,0.23902322,0.13053494,0.75919263,0.57223693,0.4313441,0.24683102,0.75634165,0.62497598,0.46514658,0.29070544,0.7435349,0.6316442,0.45873928,0.28976,0.82154573,0.65533501,0.52110161,0.34149613
0b_baseline_best,file,13,baseline,4937,085.Horned_Lark/Horned_Lark_0046_73950.jpg,85,84,085.Horned_Lark,132,131,random_resized_crop,random_resized_crop,0,"{""area_fraction"":0.579066,""aspect"":0.926672,""fallback"":false,""height"":0.790498,""left"":0.096422,""top"":0.072578,""width"":0.732533}",0.0064721024,0.0050294073,-0.001442695,0.99354881,0.9949832,0.0033441,0.0024524014,0.99020471,0.99253079,0.0023260843,0.73277474,0.83520412,0.99517349,0.831173,False,0.9742254,True,True,True,0.73277474,0.83520412,0.99517349,0.831173,0.72051822,0.8356671,0.97032973,0.81087263,0.97184787,0.82622623,0.22097621,0.18257634,0.54822509,0.90974815,0.23902322,0.21745093,0.69569679,0.89030308,0.4313441,0.38402698,0.7329631,0.8761809,0.46514658,0.40755255,0.69692448,0.77429223,0.45873928,0.35519826,0.79321122,0.79236336,0.52110161,0.41290182
0b_baseline_best,file,13,baseline,4937,085.Horned_Lark/Horned_Lark_0046_73950.jpg,85,84,085.Horned_Lark,132,131,gaussian_blur,gaussian_blur,0,"{""sigma"":1.178856}",0.0064721024,0.012418446,0.0059463438,0.99354881,0.98765832,0.0033441,0.0089605087,0.99020471,0.97869781,-0.011506897,0.73065925,2.5294953,0.99517349,2.5172866,False,0.95916486,True,True,True,0.73065925,2.5294953,0.99517349,2.5172866,0.72149615,2.5441909,0.97032973,2.4687041,0.93867517,2.2272572,0.22097621,0.49217087,0.67464879,2.9406777,0.23902322,0.70289024,0.70635454,2.8349816,0.4313441,1.2228526,0.71812501,2.9116752,0.46514658,1.3543557,0.7240318,2.3529069,0.45873928,1.0793708,0.78742754,2.0179351,0.52110161,1.0515492
0b_baseline_best,file,13,baseline,4937,085.Horned_Lark/Horned_Lark_0046_73950.jpg,85,84,085.Horned_Lark,132,131,random_erasing,random_erasing,0,"{""area_fraction"":0.103239,""erased"":true,""height"":0.458984,""left"":0.483842,""top"":0.221659,""width"":0.224929}",0.0064721024,0.018055251,0.011583149,0.99354881,0.98210675,0.0033441,0.007971446,0.99020471,0.9741353,-0.016069411,0.76837323,2.3783983,0.99517349,2.3669189,False,0.95804834,True,True,True,0.76837323,2.3783983,0.99517349,2.3669189,0.75815476,2.3676036,0.97032973,2.2973562,0.95197383,2.5777143,0.22097621,0.56961355,0.84753574,2.7716241,0.23902322,0.6624825,0.75754388,2.0546274,0.4313441,0.88625141,0.7165317,2.2066674,0.46514658,1.0264238,0.73219522,2.476883,0.45873928,1.1362435,0.79640906,2.5086447,0.52110161,1.3072588
0b_baseline_best,file,13,baseline,6726,115.Brewer_Sparrow/Brewer_Sparrow_0023_107489.jpg,115,114,115.Brewer_Sparrow,117,116,identity,identity,0,{},0.21741036,0.21741036,0,0.80459976,0.80459976,0.033168953,0.033168953,0.77143081,0.77143081,0,1,1,25.805275,25.805275,False,1,True,True,True,1,1,25.805275,25.805275,1,1,25.319331,25.319331,1,1,4.9843466,4.9843466,1,1,6.6165585,6.6165585,1,1,11.433139,11.433139,1,1,13.612745,13.612745,1,1,11.306057,11.306057,1,1,12.38706,12.38706
0b_baseline_best,file,13,baseline,6726,115.Brewer_Sparrow/Brewer_Sparrow_0023_107489.jpg,115,114,115.Brewer_Sparrow,117,116,horizontal_flip,horizontal_flip,0,"{""flipped"":true}",0.21741036,0.31243855,0.095028192,0.80459976,0.7316606,0.033168953,0.026808973,0.77143081,0.70485163,-0.066579178,0.68363543,1.6506533,25.805275,42.595562,False,0.96450675,True,True,True,0.68363543,1.6506533,25.805275,42.595562,0.67458375,1.6578256,25.319331,41.975035,0.95579341,1.4533884,4.9843466,7.2441914,0.6095408,2.1137317,6.6165585,13.98563,0.59543557,1.6318683,11.433139,18.657377,0.67080926,1.7221759,13.612745,23.443542,0.66872644,1.6373876,11.306057,18.512397,0.8025829,1.4573828,12.38706,18.052688
0b_baseline_best,file,13,baseline,6726,115.Brewer_Sparrow/Brewer_Sparrow_0023_107489.jpg,115,114,115.Brewer_Sparrow,117,116,color_jitter,color_jitter,0,"{""brightness"":0.736783,""contrast"":0.848047,""hue"":-0.069942,""saturation"":1.189983}",0.21741036,2.2215104,2.0041001,0.80459976,0.10844518,0.033168953,0.025788324,0.77143081,0.082656858,-0.68877395,0.72899453,5.5181598,25.805275,142.39763,False,0.88102239,False,True,False,0.72899453,5.5181598,25.805275,142.39763,0.72573938,5.5583321,25.319331,140.73325,0.85733632,4.35524,4.9843466,21.708025,0.64522579,6.3107002,6.6165585,41.755117,0.74667258,6.038324,11.433139,69.036997,0.74584608,5.6892742,13.612745,77.44664,0.71908427,5.4847659,11.306057,62.011075,0.72528919,4.7437683,12.38706,58.761341
0b_baseline_best,file,13,baseline,6726,115.Brewer_Sparrow/Brewer_Sparrow_0023_107489.jpg,115,114,115.Brewer_Sparrow,117,116,rotation,rotation,0,"{""angle"":-4.942738}",0.21741036,0.12838994,-0.089020416,0.80459976,0.87951034,0.033168953,0.077537626,0.77143081,0.80197272,0.030541908,0.38049874,0.94879918,25.805275,24.484024,False,0.95933068,True,True,True,0.38049874,0.94879918,25.805275,24.484024,0.36561497,0.95540213,25.319331,24.190143,0.87390667,0.75879925,4.9843466,3.7821185,0.039054788,1.1120742,6.6165585,7.3581042,0.082544289,1.1972572,11.433139,13.688407,0.42256173,0.9648852,13.612745,13.134736,0.53919722,0.8640573,11.306057,9.7690809,0.68668319,0.70235776,12.38706,8.7001475
0b_baseline_best,file,13,baseline,6726,115.Brewer_Sparrow/Brewer_Sparrow_0023_107489.jpg,115,114,115.Brewer_Sparrow,117,116,random_resized_crop,random_resized_crop,0,"{""area_fraction"":0.590107,""aspect"":1.224485,""fallback"":false,""height"":0.694206,""left"":0.032682,""top"":0.006394,""width"":0.850045}",0.21741036,0.47492862,0.25751826,0.80459976,0.62192947,0.033168953,0.35056508,0.77143081,0.27136439,-0.50006642,0.24053762,4.1298902,25.805275,106.57295,False,0.88592422,True,True,True,0.24053762,4.1298902,25.805275,106.57295,0.22666714,4.1645769,25.319331,105.4443,0.73099113,3.1035435,4.9843466,15.469136,0.039910066,3.5762155,6.6165585,23.662239,0.043194541,5.9833746,11.433139,68.408752,0.30806794,4.1944907,13.612745,57.098533,0.36440898,3.5156889,11.306057,39.748578,0.40555627,2.6017541,12.38706,32.228083
0b_baseline_best,file,13,baseline,6726,115.Brewer_Sparrow/Brewer_Sparrow_0023_107489.jpg,115,114,115.Brewer_Sparrow,117,116,gaussian_blur,gaussian_blur,0,"{""sigma"":1.431589}",0.21741036,1.019922,0.80251166,0.80459976,0.36062309,0.033168953,0.18201645,0.77143081,0.17860664,-0.59282416,0.49687061,3.6421763,25.805275,93.987362,False,0.87616175,True,True,True,0.49687061,3.6421763,25.805275,93.987362,0.48254208,3.6397308,25.319331,92.155549,0.86019355,3.7047216,4.9843466,18.465617,0.23726273,3.5873006,6.6165585,23.735584,0.1662976,3.7603967,11.433139,42.993137,0.57098825,3.5567361,13.612745,48.416942,0.57958893,3.8238166,11.306057,43.232288,0.64875691,3.4888057,12.38706,43.216045
0b_baseline_best,file,13,baseline,6726,115.Brewer_Sparrow/Brewer_Sparrow_0023_107489.jpg,115,114,115.Brewer_Sparrow,117,116,random_erasing,random_erasing,0,"{""area_fraction"":0.095422,""erased"":true,""height"":0.548106,""left"":0.783492,""top"":0.195483,""width"":0.174093}",0.21741036,0.17332827,-0.04408209,0.80459976,0.84086156,0.033168953,0.038910586,0.77143081,0.80195097,0.030520163,0.94769323,0.77600662,25.805275,20.025064,False,0.99311197,True,True,True,0.94769323,0.77600662,25.805275,20.025064,0.94607193,0.77382118,25.319331,19.592635,0.98894542,0.83041319,4.9843466,4.1390672,0.96479616,0.77502702,6.6165585,5.1280116,0.90297927,0.75291484,11.433139,8.60818,0.96017705,0.77017799,13.612745,10.484237,0.95204259,0.78372291,11.306057,8.8608158,0.95480878,0.78702183,12.38706,9.7488864
0b_baseline_best,file,13,baseline,8770,150.Sage_Thrasher/Sage_Thrasher_0095_796446.jpg,150,149,150.Sage_Thrasher,194,193,identity,identity,0,{},0.0030452092,0.0030452092,0,0.99695945,0.99695945,0.0010679702,0.0010679702,0.99589148,0.99589148,0,1,1,0.43413768,0.43413768,False,1.0000001,True,True,True,1,1,0.43413768,0.43413768,1,1,0.4194903,0.4194903,1,1,0.11181864,0.11181864,1,1,0.065936996,0.065936996,1,1,0.16839446,0.16839446,1,1,0.21705154,0.21705154,1,1,0.20611057,0.20611057,1,1,0.23167822,0.23167822
0b_baseline_best,file,13,baseline,8770,150.Sage_Thrasher/Sage_Thrasher_0095_796446.jpg,150,149,150.Sage_Thrasher,194,193,horizontal_flip,horizontal_flip,0,"{""flipped"":true}",0.0030452092,0.01247802,0.0094328108,0.99695945,0.98759949,0.0010679702,0.0008195627,0.99589148,0.98677993,-0.0091115483,0.56054576,4.8941117,0.43413768,2.1247183,False,0.97762382,True,True,True,0.56054576,4.8941117,0.43413768,2.1247183,0.54092779,4.9486905,0.4194903,2.0759277,0.90872899,4.048666,0.11181864,0.45271632,0.13818586,4.7593553,0.065936996,0.31381759,0.33959615,5.0890284,0.16839446,0.85696418,0.46099443,5.4971891,0.21705154,1.1931734,0.59447832,4.8752081,0.20611057,1.0048319,0.74664233,4.4086988,0.23167822,1.0213995
0b_baseline_best,file,13,baseline,8770,150.Sage_Thrasher/Sage_Thrasher_0095_796446.jpg,150,149,150.Sage_Thrasher,194,193,color_jitter,color_jitter,0,"{""brightness"":0.611351,""contrast"":0.664039,""hue"":-0.087459,""saturation"":0.749623}",0.0030452092,0.014811432,0.011766223,0.99695945,0.98529774,0.0010679702,0.0022187566,0.99589148,0.98307898,-0.012812495,0.48399553,7.393463,0.43413768,3.2097808,False,0.93863988,True,True,True,0.48399553,7.393463,0.43413768,3.2097808,0.47191253,7.5718159,0.4194903,3.1763034,0.88297637,4.1350376,0.11181864,0.46237427,0.047654305,8.6129861,0.065936996,0.56791442,0.27217928,9.1518093,0.16839446,1.541114,0.45214816,9.0904839,0.21705154,1.9731035,0.5679461,6.5620673,0.20611057,1.3525114,0.68295524,5.5761248,0.23167822,1.2918667
0b_baseline_best,file,13,baseline,8770,150.Sage_Thrasher/Sage_Thrasher_0095_796446.jpg,150,149,150.Sage_Thrasher,194,193,rotation,rotation,0,"{""angle"":8.468398}",0.0030452092,0.017590234,0.014545025,0.99695945,0.98256356,0.0010679702,0.0032076314,0.99589148,0.97935592,-0.016535554,0.5755786,7.9039187,0.43413768,3.4313889,False,0.93660259,True,True,True,0.5755786,7.9039187,0.43413768,3.4313889,0.56435646,8.055704,0.4194903,3.3792897,0.86201164,5.3271696,0.11181864,0.59567684,0.42664613,8.350015,0.065936996,0.55057491,0.46644362,9.3039847,0.16839446,1.5667395,0.49192936,8.8072736,0.21705154,1.9116323,0.59340659,7.9301094,0.20611057,1.6344793,0.7270662,6.5969771,0.23167822,1.5283759
0b_baseline_best,file,13,baseline,8770,150.Sage_Thrasher/Sage_Thrasher_0095_796446.jpg,150,149,150.Sage_Thrasher,194,193,random_resized_crop,random_resized_crop,0,"{""area_fraction"":0.561565,""aspect"":0.872588,""fallback"":false,""height"":0.802223,""left"":0.108634,""top"":0.196663,""width"":0.70001}",0.0030452092,0.36619771,0.3631525,0.99695945,0.69336569,0.0010679702,0.29459694,0.99589148,0.39876875,-0.59712272,0.58482918,190.81506,0.43413768,82.840008,False,0.92132008,True,True,True,0.58482918,190.81506,0.43413768,82.840008,0.57710348,194.7099,0.4194903,81.678917,0.81476874,123.6024,0.11181864,13.821053,0.41760384,261.61257,0.065936996,17.249947,0.63357058,214.77941,0.16839446,36.167663,0.59435953,217.46581,0.21705154,47.20129,0.55148023,191.90775,0.20611057,39.554215,0.5872306,154.02031,0.23167822,35.683152
0b_baseline_best,file,13,baseline,8770,150.Sage_Thrasher/Sage_Thrasher_0095_796446.jpg,150,149,150.Sage_Thrasher,194,193,gaussian_blur,gaussian_blur,0,"{""sigma"":1.209348}",0.0030452092,0.096346028,0.093300819,0.99695945,0.90814972,0.0010679702,0.037866693,0.99589148,0.87028303,-0.12560845,0.67980122,38.866403,0.43413768,16.87337,False,0.96161336,True,True,True,0.67980122,38.866403,0.43413768,16.87337,0.67141703,39.684969,0.4194903,16.64746,0.94565658,24.609981,0.11181864,2.7518545,0.59958691,43.382045,0.065936996,2.8604817,0.49938306,45.879484,0.16839446,7.7258509,0.68016876,45.378743,0.21705154,9.8495259,0.70766916,37.951344,0.20611057,7.8221729,0.80393333,30.845085,0.23167822,7.1461345
0b_baseline_best,file,13,baseline,8770,150.Sage_Thrasher/Sage_Thrasher_0095_796446.jpg,150,149,150.Sage_Thrasher,194,193,random_erasing,random_erasing,0,"{""area_fraction"":0.117303,""erased"":true,""height"":0.319999,""left"":0.109435,""top"":0.361748,""width"":0.366573}",0.0030452092,0.18336105,0.18031584,0.99695945,0.83246756,0.0010679702,0.012753909,0.99589148,0.81971365,-0.17617783,0.65661019,66.949042,0.43413768,29.065102,False,0.92072964,True,True,True,0.65661019,66.949042,0.43413768,29.065102,0.64739204,68.092042,0.4194903,28.563951,0.87869675,48.060752,0.11181864,5.3740878,0.59425841,69.930701,0.065936996,4.6110203,0.63227428,69.440131,0.16839446,11.693333,0.61202615,77.966217,0.21705154,16.922687,0.65245756,69.161761,0.20611057,14.25497,0.72079566,55.999683,0.23167822,12.973907
0b_baseline_best,file,13,baseline,4112,071.Long_tailed_Jaeger/Long_Tailed_Jaeger_0054_797088.jpg,71,70,071.Long_tailed_Jaeger,61,60,identity,identity,0,{},1.4355853,1.4355853,0,0.23797604,0.23797604,0.097025208,0.097025208,0.14095084,0.14095084,0,1,1,109.6077,109.6077,False,1,True,True,True,1,1,109.6077,109.6077,1,1,107.03308,107.03308,1,1,23.61712,23.61712,1,1,36.184622,36.184622,1,1,44.375924,44.375924,1,1,51.20549,51.20549,1,1,51.708308,51.708308,1,1,53.682204,53.682204
0b_baseline_best,file,13,baseline,4112,071.Long_tailed_Jaeger/Long_Tailed_Jaeger_0054_797088.jpg,71,70,071.Long_tailed_Jaeger,61,60,horizontal_flip,horizontal_flip,0,"{""flipped"":true}",1.4355853,1.882467,0.44688177,0.23797604,0.15221414,0.097025208,0.049582586,0.14095084,0.10263155,-0.038319282,0.59325352,0.91909206,109.6077,100.73957,False,0.95264375,True,True,True,0.59325352,0.91909206,109.6077,100.73957,0.57406409,0.91240541,107.03308,97.65756,0.9420404,1.0470264,23.61712,24.727749,0.20603506,0.69931576,36.184622,25.304476,0.53520563,0.82150354,44.375924,36.454978,0.59674312,0.91201686,51.20549,46.70027,0.60564214,0.97493085,51.708308,50.412025,0.6775693,0.99367322,53.682204,53.342568
0b_baseline_best,file,13,baseline,4112,071.Long_tailed_Jaeger/Long_Tailed_Jaeger_0054_797088.jpg,71,70,071.Long_tailed_Jaeger,61,60,color_jitter,color_jitter,0,"{""brightness"":0.702273,""contrast"":0.912562,""hue"":0.000702,""saturation"":1.132793}",1.4355853,2.0674808,0.63189554,0.23797604,0.12650408,0.097025208,0.037150182,0.14095084,0.089353897,-0.05159694,0.82860786,1.2998198,109.6077,142.47026,False,0.96616161,False,True,False,0.82860786,1.2998198,109.6077,142.47026,0.82417972,1.3057683,107.03308,139.7604,0.93474393,1.1709766,23.61712,27.655094,0.84320013,1.2573721,36.184622,45.497533,0.80784858,1.3989165,44.375924,62.078211,0.81613472,1.2822335,51.20549,65.657392,0.82231547,1.31704,51.708308,68.101912,0.83926082,1.2717004,53.682204,68.267682
0b_baseline_best,file,13,baseline,4112,071.Long_tailed_Jaeger/Long_Tailed_Jaeger_0054_797088.jpg,71,70,071.Long_tailed_Jaeger,61,60,rotation,rotation,0,"{""angle"":-10.704844}",1.4355853,2.2521634,0.81657815,0.23797604,0.10517146,0.097025208,0.23112541,0.14095084,-0.12595395,-0.26690479,0.73677784,1.2235272,109.6077,134.108,False,0.9609977,False,True,False,0.73677784,1.2235272,109.6077,134.108,0.72610853,1.2208495,107.03308,130.67128,0.94694996,1.2772827,23.61712,30.165739,0.61314193,1.0342748,36.184622,37.424843,0.7048207,1.1479534,44.375924,50.941491,0.7567443,1.3081406,51.20549,66.983978,0.73384914,1.2335241,51.708308,63.783442,0.75217296,1.2529626,53.682204,67.261796
0b_baseline_best,file,13,baseline,4112,071.Long_tailed_Jaeger/Long_Tailed_Jaeger_0054_797088.jpg,71,70,071.Long_tailed_Jaeger,61,60,random_resized_crop,random_resized_crop,0,"{""area_fraction"":0.889469,""aspect"":0.965564,""fallback"":false,""height"":0.959787,""left"":0.065306,""top"":0.02981,""width"":0.926736}",1.4355853,1.5089251,0.07333982,0.23797604,0.22114755,0.097025208,0.082530864,0.14095084,0.13861669,-0.0023341477,0.7980449,1.0308951,109.6077,112.99404,False,0.97415459,True,True,True,0.7980449,1.0308951,109.6077,112.99404,0.78971422,1.0294999,107.03308,110.19055,0.96466713,1.0591441,23.61712,25.013933,0.79622079,1.0746526,36.184622,38.885896,0.75758225,1.0497868,44.375924,46.585257,0.772041,1.0095419,51.20549,51.694088,0.77587737,1.0195103,51.708308,52.717153,0.83851074,1.0217128,53.682204,54.847796
0b_baseline_best,file,13,baseline,4112,071.Long_tailed_Jaeger/Long_Tailed_Jaeger_0054_797088.jpg,71,70,071.Long_tailed_Jaeger,61,60,gaussian_blur,gaussian_blur,0,"{""sigma"":1.825447}",1.4355853,0.74135643,-0.69422883,0.23797604,0.47646719,0.097025208,0.023582237,0.14095084,0.45288496,0.31193412,0.54136318,0.64523621,109.6077,70.722858,False,0.9041388,True,True,True,0.54136318,0.64523621,109.6077,70.722858,0.52609004,0.64760874,107.03308,69.315556,0.88503684,0.59441559,23.61712,14.038384,0.36850655,0.54538332,36.184622,19.734489,0.44793743,0.54185145,44.375924,24.045159,0.48836614,0.65697903,51.20549,33.640933,0.54398575,0.70306817,51.708308,36.354465,0.65008628,0.69292379,53.682204,37.197676
0b_baseline_best,file,13,baseline,4112,071.Long_tailed_Jaeger/Long_Tailed_Jaeger_0054_797088.jpg,71,70,071.Long_tailed_Jaeger,61,60,random_erasing,random_erasing,0,"{""area_fraction"":0.154992,""erased"":true,""height"":0.268895,""left"":0.212282,""top"":0.433465,""width"":0.576402}",1.4355853,1.001447,-0.4341383,0.23797604,0.36734751,0.097025208,0.013632973,0.14095084,0.35371454,0.2127637,0.6047274,0.70511822,109.6077,77.286387,False,0.90792847,True,True,True,0.6047274,0.70511822,109.6077,77.286387,0.59016234,0.7011492,107.03308,75.046157,0.87631881,0.78219634,23.61712,18.473225,0.41951674,0.54185536,36.184622,19.606831,0.5491866,0.66996119,44.375924,29.730147,0.67585823,0.72485611,51.20549,37.116612,0.54566638,0.6970976,51.708308,36.045738,0.64258154,0.76504286,53.682204,41.069187
0b_baseline_best,file,13,baseline,6465,111.Loggerhead_Shrike/Loggerhead_Shrike_0119_105138.jpg,111,110,111.Loggerhead_Shrike,112,111,identity,identity,0,{},0.14412354,0.14412354,0,0.86578077,0.86578077,0.10096988,0.10096988,0.76481089,0.76481089,0,1,1,22.374099,22.374099,False,1,True,True,True,1,1,22.374099,22.374099,1,1,21.848223,21.848223,1,1,4.8223946,4.8223946,1,1,7.153814,7.153814,1,1,10.055714,10.055714,1,1,10.873949,10.873949,1,1,10.473418,10.473418,1,1,9.8547014,9.8547014
0b_baseline_best,file,13,baseline,6465,111.Loggerhead_Shrike/Loggerhead_Shrike_0119_105138.jpg,111,110,111.Loggerhead_Shrike,112,111,horizontal_flip,horizontal_flip,0,"{""flipped"":true}",0.14412354,0.49578705,0.35166351,0.86578077,0.60909134,0.10096988,0.30846676,0.76481089,0.30062458,-0.46418631,0.6734124,3.446288,22.374099,77.10759,False,0.94628572,True,True,True,0.6734124,3.446288,22.374099,77.10759,0.65956592,3.4375971,21.848223,75.105385,0.94415739,3.6200727,4.8223946,17.457419,0.75104289,2.9966694,7.153814,21.437615,0.69497121,3.7809617,10.055714,38.020269,0.62515849,3.7912061,10.873949,41.225381,0.5926395,3.2341944,10.473418,33.873071,0.71790183,3.0252136,9.8547014,29.812577
0b_baseline_best,file,13,baseline,6465,111.Loggerhead_Shrike/Loggerhead_Shrike_0119_105138.jpg,111,110,111.Loggerhead_Shrike,112,111,color_jitter,color_jitter,0,"{""brightness"":1.015257,""contrast"":1.125734,""hue"":-0.096999,""saturation"":0.82247}",0.14412354,0.37745732,0.23333378,0.86578077,0.68560249,0.10096988,0.20307066,0.76481089,0.48253183,-0.28227906,0.79288868,2.2681839,22.374099,50.748571,False,0.96406966,True,True,True,0.79288868,2.2681839,22.374099,50.748571,0.78428418,2.2584973,21.848223,49.344151,0.95784586,2.4585951,4.8223946,11.856316,0.83487336,2.3379277,7.153814,16.7251,0.73116015,2.1898813,10.055714,22.020819,0.77445954,2.2817354,10.873949,24.811473,0.78724867,2.2660612,10.473418,23.733407,0.81988616,2.2492461,9.8547014,22.165649
0b_baseline_best,file,13,baseline,6465,111.Loggerhead_Shrike/Loggerhead_Shrike_0119_105138.jpg,111,110,111.Loggerhead_Shrike,112,111,rotation,rotation,0,"{""angle"":6.177638}",0.14412354,0.89252478,0.74840124,0.86578077,0.40962026,0.10096988,0.2706148,0.76481089,0.13900545,-0.62580544,0.68249007,4.7265007,22.374099,105.7512,False,0.94319552,True,True,True,0.68249007,4.7265007,22.374099,105.7512,0.67358929,4.7360423,21.848223,103.47411,0.87432818,4.5262063,4.8223946,21.827153,0.46378909,4.4167924,7.153814,31.596911,0.66235457,4.7702807,10.055714,47.968578,0.70933707,5.0475164,10.873949,54.886434,0.6887068,4.6052702,10.473418,48.232921,0.73003397,4.615252,9.8547014,45.48193
0b_baseline_best,file,13,baseline,6465,111.Loggerhead_Shrike/Loggerhead_Shrike_0119_105138.jpg,111,110,111.Loggerhead_Shrike,112,111,random_resized_crop,random_resized_crop,0,"{""area_fraction"":0.662642,""aspect"":1.024553,""fallback"":false,""height"":0.804215,""left"":0.112333,""top"":0.116177,""width"":0.823961}",0.14412354,0.92730319,0.78317966,0.86578077,0.39561918,0.10096988,0.350261,0.76481089,0.045358181,-0.71945271,0.75890782,4.2684005,22.374099,95.501617,False,0.94509655,True,True,True,0.75890782,4.2684005,22.374099,95.501617,0.74969331,4.2428698,21.848223,92.699164,0.93221976,4.7623044,4.8223946,22.965711,0.75147199,3.8830824,7.153814,27.778849,0.77233852,3.9602629,10.055714,39.82327,0.75172191,4.3825151,10.873949,47.655244,0.71511381,4.3148436,10.473418,45.191162,0.76777167,4.4490647,9.8547014,43.844204
0b_baseline_best,file,13,baseline,6465,111.Loggerhead_Shrike/Loggerhead_Shrike_0119_105138.jpg,111,110,111.Loggerhead_Shrike,112,111,gaussian_blur,gaussian_blur,0,"{""sigma"":1.028513}",0.14412354,2.2484164,2.1042929,0.86578077,0.10556626,0.10096988,0.88143533,0.76481089,-0.77586908,-1.54068,0.75049596,9.067761,22.374099,202.88299,False,0.92991185,False,True,False,0.75049596,9.067761,22.374099,202.88299,0.74290016,9.0905177,21.848223,198.61165,0.91670751,8.5873425,4.8223946,41.411554,0.84383146,10.600909,7.153814,75.836935,0.69214277,8.8341453,10.055714,88.833638,0.75641531,9.7352491,10.873949,105.8606,0.72050209,8.4358288,10.473418,88.351964,0.75130584,8.3624992,9.8547014,82.409932
0b_baseline_best,file,13,baseline,6465,111.Loggerhead_Shrike/Loggerhead_Shrike_0119_105138.jpg,111,110,111.Loggerhead_Shrike,112,111,random_erasing,random_erasing,0,"{""area_fraction"":0.191309,""erased"":true,""height"":0.335971,""left"":0.126665,""top"":0.147326,""width"":0.569422}",0.14412354,1.3162789,1.1721554,0.86578077,0.26813117,0.10096988,0.14612053,0.76481089,0.12201063,-0.64280026,0.42555615,5.1435849,22.374099,115.08308,False,0.88544595,True,True,True,0.42555615,5.1435849,22.374099,115.08308,0.4127169,5.1932738,21.848223,113.4638,0.78298569,3.9891988,4.8223946,19.237491,0.15749727,2.7868955,7.153814,19.936932,0.40744742,6.0477988,10.055714,60.814934,0.38150317,5.4988063,10.873949,59.793737,0.46228473,5.0947396,10.473418,53.359339,0.51241595,4.9249982,9.8547014,48.534386
0b_baseline_best,file,13,baseline,2001,036.Northern_Flicker/Northern_Flicker_0037_28751.jpg,36,35,036.Northern_Flicker,189,188,identity,identity,0,{},0.2429585,0.2429585,0,0.78430408,0.78430408,0.20734093,0.20734093,0.57696316,0.57696316,0,1,1,49.043628,49.043628,False,1,True,True,True,1,1,49.043628,49.043628,1,1,48.363838,48.363838,1,1,8.1373583,8.1373583,1,1,6.8274508,6.8274508,1,1,20.327094,20.327094,1,1,29.88317,29.88317,1,1,23.07467,23.07467,1,1,21.302858,21.302858
0b_baseline_best,file,13,baseline,2001,036.Northern_Flicker/Northern_Flicker_0037_28751.jpg,36,35,036.Northern_Flicker,189,188,horizontal_flip,horizontal_flip,0,"{""flipped"":true}",0.2429585,0.12865075,-0.11430775,0.78430408,0.87928098,0.20734093,0.11569989,0.57696316,0.7635811,0.18661794,0.78165528,0.57071065,49.043628,27.989721,False,0.96943569,True,True,True,0.78165528,0.57071065,49.043628,27.989721,0.77628048,0.57053433,48.363838,27.59323,0.96946716,0.57690449,8.1373583,4.6944786,0.63355471,0.58851412,6.8274508,4.0180512,0.7153724,0.57853033,20.327094,11.75984,0.82110743,0.54887628,29.88317,16.402163,0.74355655,0.59291055,23.07467,13.681215,0.80433932,0.57633905,21.302858,12.277669
0b_baseline_best,file,13,baseline,2001,036.Northern_Flicker/Northern_Flicker_0037_28751.jpg,36,35,036.Northern_Flicker,189,188,color_jitter,color_jitter,0,"{""brightness"":0.87569,""contrast"":0.849528,""hue"":-0.025919,""saturation"":1.303166}",0.2429585,0.0088390512,-0.23411945,0.78430408,0.99119991,0.20734093,0.0078337556,0.57696316,0.98336616,0.406403,0.88845052,0.036830045,49.043628,1.806279,False,0.96646553,True,True,True,0.88845052,0.036830045,49.043628,1.806279,0.88620068,0.036673852,48.363838,1.7736882,0.96574295,0.041976246,8.1373583,0.34157576,0.74547094,0.037354525,6.8274508,0.25503618,0.87313413,0.039113219,20.327094,0.79505808,0.92033258,0.034874864,29.88317,1.0421715,0.86718809,0.035301928,23.07467,0.81458033,0.87856537,0.039250597,21.302858,0.83614989
0b_baseline_best,file,13,baseline,2001,036.Northern_Flicker/Northern_Flicker_0037_28751.jpg,36,35,036.Northern_Flicker,189,188,rotation,rotation,0,"{""angle"":-11.595545}",0.2429585,0.26083389,0.017875388,0.78430408,0.77040887,0.20734093,0.2229169,0.57696316,0.54749197,-0.029471189,0.84892017,1.044939,49.043628,51.2476,False,0.97248477,True,True,True,0.84892017,1.044939,49.043628,51.2476,0.84521675,1.0425588,48.363838,50.422143,0.97249993,1.1257957,8.1373583,9.1610032,0.75984101,1.1135507,6.8274508,7.6027124,0.75865853,1.0080969,20.327094,20.491681,0.88559587,1.0314625,29.88317,30.82337,0.84887238,1.0576738,23.07467,24.405473,0.8488327,1.0693881,21.302858,22.781023
0b_baseline_best,file,13,baseline,2001,036.Northern_Flicker/Northern_Flicker_0037_28751.jpg,36,35,036.Northern_Flicker,189,188,random_resized_crop,random_resized_crop,0,"{""area_fraction"":0.539865,""aspect"":0.842723,""fallback"":false,""height"":0.800388,""left"":0.309179,""top"":0.054185,""width"":0.674505}",0.2429585,0.19746123,-0.045497268,0.78430408,0.82081199,0.20734093,0.14392674,0.57696316,0.67688525,0.099922091,0.73626214,0.7571596,49.043628,37.133853,False,0.9140448,True,True,True,0.73626214,0.7571596,49.043628,37.133853,0.73148145,0.75773593,48.363838,36.647018,0.91029269,0.73651166,8.1373583,5.9932593,0.64235999,0.894356,6.8274508,6.1061716,0.72570397,0.91658133,20.327094,18.631435,0.78180686,0.72789586,29.88317,21.751836,0.69725968,0.71254336,23.07467,16.441703,0.71095193,0.68849178,21.302858,14.666843
0b_baseline_best,file,13,baseline,2001,036.Northern_Flicker/Northern_Flicker_0037_28751.jpg,36,35,036.Northern_Flicker,189,188,gaussian_blur,gaussian_blur,0,"{""sigma"":1.23262}",0.2429585,0.059698455,-0.18326005,0.78430408,0.94204855,0.20734093,0.054973733,0.57696316,0.88707482,0.31011166,0.78074884,0.25366206,49.043628,12.440508,False,0.96230412,True,True,True,0.78074884,0.25366206,49.043628,12.440508,0.77507292,0.25251965,48.363838,12.212819,0.96231568,0.29115525,8.1373583,2.3692346,0.67309085,0.26517702,6.8274508,1.8104831,0.7345402,0.27901004,20.327094,5.6714632,0.8017384,0.24175195,29.88317,7.2243146,0.74450657,0.23761603,23.07467,5.4829113,0.81626257,0.26328,21.302858,5.6086164
0b_baseline_best,file,13,baseline,2001,036.Northern_Flicker/Northern_Flicker_0037_28751.jpg,36,35,036.Northern_Flicker,189,188,random_erasing,random_erasing,0,"{""area_fraction"":0.099457,""erased"":true,""height"":0.244929,""left"":0.552922,""top"":0.308787,""width"":0.406065}",0.2429585,0.77522629,0.53226779,0.78430408,0.46059954,0.20734093,0.52513677,0.57696316,-0.064537227,-0.64150038,0.90933727,2.2636026,49.043628,111.01528,False,0.98644477,False,True,False,0.90933727,2.2636026,49.043628,111.01528,0.9070989,2.2540386,48.363838,109.01396,0.98643836,2.5787855,8.1373583,20.984502,0.89757196,2.328625,6.8274508,15.898573,0.89957972,2.2197061,20.327094,45.120175,0.92605197,2.2314496,29.88317,66.682786,0.89597288,2.2704152,23.07467,52.38908,0.89186806,2.3017117,21.302858,49.033038
0b_baseline_best,file,13,baseline,7827,134.Cape_Glossy_Starling/Cape_Glossy_Starling_0043_129358.jpg,134,133,134.Cape_Glossy_Starling,9,8,identity,identity,0,{},0.0021784401,0.0021784401,0,0.99782395,0.99782395,0.00024434298,0.00024434298,0.99757961,0.99757961,0,1,1,0.26788174,0.26788174,False,1,True,True,True,1,1,0.26788174,0.26788174,1,1,0.26049806,0.26049806,1,1,0.062461104,0.062461104,1,1,0.030616965,0.030616965,1,1,0.10921762,0.10921762,1,1,0.10605002,0.10605002,1,1,0.11921381,0.11921381,1,1,0.17185694,0.17185694
0b_baseline_best,file,13,baseline,7827,134.Cape_Glossy_Starling/Cape_Glossy_Starling_0043_129358.jpg,134,133,134.Cape_Glossy_Starling,9,8,horizontal_flip,horizontal_flip,0,"{""flipped"":true}",0.0021784401,0.0048271548,0.0026487147,0.99782395,0.99518448,0.00024434298,0.00075651612,0.99757961,0.99442797,-0.0031516456,0.63770128,2.0656781,0.26788174,0.55335744,False,0.96253902,True,True,True,0.63770128,2.0656781,0.26788174,0.55335744,0.61836162,2.0569082,0.26049806,0.53582059,0.95200899,2.2126642,0.062461104,0.13820545,0.52302978,2.7466163,0.030616965,0.084093056,0.58896777,1.6122372,0.10921762,0.17608471,0.43972354,2.2085902,0.10605002,0.23422104,0.53662468,2.2118356,0.11921381,0.26368136,0.75564024,2.0542803,0.17185694,0.35304233
0b_baseline_best,file,13,baseline,7827,134.Cape_Glossy_Starling/Cape_Glossy_Starling_0043_129358.jpg,134,133,134.Cape_Glossy_Starling,9,8,color_jitter,color_jitter,0,"{""brightness"":0.943933,""contrast"":0.609591,""hue"":0.020459,""saturation"":1.042706}",0.0021784401,0.0092345737,0.0070561336,0.99782395,0.99080795,0.00024434298,0.0018826352,0.99757961,0.98892532,-0.0086542953,0.73271752,5.0728595,0.26788174,1.3589264,False,0.95660567,True,True,True,0.73271752,5.0728595,0.26788174,1.3589264,0.72293791,5.1167633,0.26049806,1.3329069,0.95061584,4.2370553,0.062461104,0.26465115,0.57028968,9.2668482,0.030616965,0.28372277,0.74814736,6.6673535,0.10921762,0.72819248,0.67937725,6.2259916,0.10605002,0.66026656,0.70229623,4.8279537,0.11921381,0.57555878,0.83683481,3.6739496,0.17185694,0.63139375
0b_baseline_best,file,13,baseline,7827,134.Cape_Glossy_Starling/Cape_Glossy_Starling_0043_129358.jpg,134,133,134.Cape_Glossy_Starling,9,8,rotation,rotation,0,"{""angle"":12.826031}",0.0021784401,0.0038785723,0.0017001322,0.99782395,0.99612892,0.00024434298,0.00028009206,0.99757961,0.99584882,-0.001730786,0.70967674,1.7919091,0.26788174,0.48001972,False,0.97665769,True,True,True,0.70967674,1.7919091,0.26788174,0.48001972,0.69581185,1.799605,0.26049806,0.4687936,0.97479155,1.6523252,0.062461104,0.10320606,0.46031045,2.2995823,0.030616965,0.070406231,0.69392352,1.3882966,0.10921762,0.15162645,0.57906257,1.9137656,0.10605002,0.20295489,0.63169059,1.9491098,0.11921381,0.23236082,0.7960211,1.8088642,0.17185694,0.31086587
0b_baseline_best,file,13,baseline,7827,134.Cape_Glossy_Starling/Cape_Glossy_Starling_0043_129358.jpg,134,133,134.Cape_Glossy_Starling,9,8,random_resized_crop,random_resized_crop,0,"{""area_fraction"":0.747031,""aspect"":1.120724,""fallback"":false,""height"":0.816432,""left"":0.038608,""top"":0.008278,""width"":0.914995}",0.0021784401,0.0013747298,-0.00080371031,0.99782395,0.99862623,0.00024434298,0.00029672353,0.99757961,0.99832951,0.00074989797,0.82192836,0.69947554,0.26788174,0.18737673,False,0.98329067,True,True,True,0.82192836,0.69947554,0.26788174,0.18737673,0.81322654,0.70038342,0.26049806,0.18244852,0.97725699,0.6834914,0.062461104,0.042691627,0.68477421,0.9637909,0.030616965,0.029508352,0.79568097,0.75923724,0.10921762,0.082922083,0.72846096,0.71990312,0.10605002,0.076345743,0.78321259,0.71221615,0.11921381,0.084906004,0.88466935,0.65063749,0.17185694,0.11181657
0b_baseline_best,file,13,baseline,7827,134.Cape_Glossy_Starling/Cape_Glossy_Starling_0043_129358.jpg,134,133,134.Cape_Glossy_Starling,9,8,gaussian_blur,gaussian_blur,0,"{""sigma"":1.675276}",0.0021784401,0.0025701844,0.00039174431,0.99782395,0.99743313,0.00024434298,0.00016604924,0.99757961,0.99726708,-0.00031253391,0.58148686,1.9865045,0.26788174,0.53214829,False,0.9374249,True,True,True,0.58148686,1.9865045,0.26788174,0.53214829,0.57148932,2.0159493,0.26049806,0.52515087,0.87713139,1.3770774,0.062461104,0.086013775,0.55125785,4.9017893,0.030616965,0.15007791,0.57197718,2.3816741,0.10921762,0.26012078,0.56441616,2.7728971,0.10605002,0.2940658,0.55910283,1.9223661,0.11921381,0.22917259,0.7148491,1.2561381,0.17185694,0.21587605
0b_baseline_best,file,13,baseline,7827,134.Cape_Glossy_Starling/Cape_Glossy_Starling_0043_129358.jpg,134,133,134.Cape_Glossy_Starling,9,8,random_erasing,random_erasing,0,"{""area_fraction"":0.061941,""erased"":true,""height"":0.301767,""left"":0.367351,""top"":0.545842,""width"":0.20526}",0.0021784401,0.0026359358,0.00045749568,0.99782395,0.99736756,0.00024434298,0.00031311437,0.99757961,0.99705445,-0.00052516416,0.93079712,1.2515519,0.26788174,0.33526789,False,0.99263346,True,True,True,0.93079712,1.2515519,0.26788174,0.33526789,0.92739256,1.2528906,0.26049806,0.32637558,0.99139023,1.2280322,0.062461104,0.076704245,0.85546162,1.3692211,0.030616965,0.041921395,0.9400548,1.3583354,0.10921762,0.14835416,0.89668875,1.3602872,0.10605002,0.14425849,0.90899255,1.2034582,0.11921381,0.14346884,0.95139842,1.1833891,0.17185694,0.20337364
0b_baseline_best,file,13,baseline,11579,197.Marsh_Wren/Marsh_Wren_0094_188710.jpg,197,196,197.Marsh_Wren,193,192,identity,identity,0,{},0.24458355,0.24458355,0,0.78303057,0.78303057,0.050118685,0.050118685,0.73291188,0.73291188,0,1,1,34.832515,34.832515,False,1,True,True,True,1,1,34.832515,34.832515,1,1,34.35427,34.35427,1,1,5.752239,5.752239,1,1,9.5045178,9.5045178,1,1,17.384908,17.384908,1,1,20.493374,20.493374,1,1,13.676841,13.676841,1,1,13.439144,13.439144
0b_baseline_best,file,13,baseline,11579,197.Marsh_Wren/Marsh_Wren_0094_188710.jpg,197,196,197.Marsh_Wren,193,192,horizontal_flip,horizontal_flip,0,"{""flipped"":true}",0.24458355,0.61027545,0.3656919,0.78303057,0.54320121,0.050118685,0.2378493,0.73291188,0.30535191,-0.42755997,0.49490439,1.9337815,34.832515,67.358472,False,0.95077521,True,True,True,0.49490439,1.9337815,34.832515,67.358472,0.48070757,1.9187347,34.35427,65.916731,0.91055801,2.4098022,5.752239,13.861758,0.52561083,1.3541862,9.5045178,12.870887,0.41324541,1.6441701,17.384908,28.583747,0.48387203,1.8979627,20.493374,38.89566,0.41886267,2.2608562,13.676841,30.921371,0.63754309,2.2239872,13.439144,29.888485
0b_baseline_best,file,13,baseline,11579,197.Marsh_Wren/Marsh_Wren_0094_188710.jpg,197,196,197.Marsh_Wren,193,192,color_jitter,color_jitter,0,"{""brightness"":0.741961,""contrast"":0.607853,""hue"":0.062997,""saturation"":0.77137}",0.24458355,5.7555652,5.5109816,0.78303057,0.0031651165,0.050118685,0.00089941407,0.73291188,0.0022657025,-0.73064618,0.4396682,10.536785,34.832515,367.02272,False,0.83596861,False,True,False,0.4396682,10.536785,34.832515,367.02272,0.43784913,10.633173,34.35427,365.29491,0.61628129,6.1838721,5.752239,35.57111,0.52944481,8.9568665,9.5045178,85.130697,0.46759484,11.637483,17.384908,202.31658,0.48317439,12.121829,20.493374,248.41717,0.34393942,8.9375812,13.676841,122.23788,0.3103131,6.9036394,13.439144,92.779007
0b_baseline_best,file,13,baseline,11579,197.Marsh_Wren/Marsh_Wren_0094_188710.jpg,197,196,197.Marsh_Wren,193,192,rotation,rotation,0,"{""angle"":-4.841934}",0.24458355,0.35065576,0.10607222,0.78303057,0.70422614,0.050118685,0.074994132,0.73291188,0.629232,-0.10367988,0.85830754,1.5583475,34.832515,54.281164,False,0.95502388,True,True,True,0.85830754,1.5583475,34.832515,54.281164,0.85604474,1.5596541,34.35427,53.580778,0.94203715,1.5110056,5.752239,8.6916654,0.90760211,1.4177691,9.5045178,13.475212,0.84960316,1.6192635,17.384908,28.150747,0.87030493,1.6001319,20.493374,32.792101,0.82887949,1.5660734,13.676841,21.418937,0.84398942,1.4172247,13.439144,19.046287
0b_baseline_best,file,13,baseline,11579,197.Marsh_Wren/Marsh_Wren_0094_188710.jpg,197,196,197.Marsh_Wren,193,192,random_resized_crop,random_resized_crop,0,"{""area_fraction"":0.550486,""aspect"":1.079411,""fallback"":false,""height"":0.714134,""left"":0.213234,""top"":0.139145,""width"":0.770844}",0.24458355,0.7160964,0.47151285,0.78303057,0.48865604,0.050118685,0.02835031,0.73291188,0.46030573,-0.27260615,0.79715602,2.3805604,34.832515,82.920907,False,0.94219136,True,True,True,0.79715602,2.3805604,34.832515,82.920907,0.79406252,2.3871814,34.35427,82.009872,0.92577908,2.1309902,5.752239,12.257965,0.85018026,2.622562,9.5045178,24.926187,0.8320941,2.4350473,17.384908,42.333075,0.82166194,2.3114662,20.493374,47.369741,0.71134372,2.4154282,13.676841,33.035428,0.72450872,2.3257977,13.439144,31.256731
0b_baseline_best,file,13,baseline,11579,197.Marsh_Wren/Marsh_Wren_0094_188710.jpg,197,196,197.Marsh_Wren,193,192,gaussian_blur,gaussian_blur,0,"{""sigma"":1.064016}",0.24458355,1.9781914,1.7336078,0.78303057,0.13831918,0.050118685,0.01721161,0.73291188,0.12110757,-0.61180432,0.65496489,5.2326356,34.832515,182.26586,False,0.89394546,False,True,False,0.65496489,5.2326356,34.832515,182.26586,0.65219761,5.271485,34.35427,181.09802,0.84886215,3.5811779,5.752239,20.599791,0.55995287,3.8989574,9.5045178,37.05771,0.551359,5.4886768,17.384908,95.420143,0.70964666,5.7314177,20.493374,117.45608,0.70176001,5.3998663,13.676841,73.853114,0.71035762,4.1215071,13.439144,55.389529
0b_baseline_best,file,13,baseline,11579,197.Marsh_Wren/Marsh_Wren_0094_188710.jpg,197,196,197.Marsh_Wren,193,192,random_erasing,random_erasing,0,"{""area_fraction"":0.167045,""erased"":true,""height"":0.70258,""left"":0.402744,""top"":0.259077,""width"":0.23776}",0.24458355,6.4119511,6.1673675,0.78303057,0.0016418177,0.050118685,0.0011286926,0.73291188,0.00051312509,-0.73239876,0.30562501,4.0499255,34.832515,141.06909,False,0.60174489,False,True,False,0.30562501,4.0499255,34.832515,141.06909,0.29734791,4.0282601,34.35427,138.38793,0.55966086,4.758628,5.752239,27.372766,0.52420121,3.8088093,9.5045178,36.200896,0.33024795,4.2761809,17.384908,74.341013,0.27463765,3.2042303,20.493374,65.665488,0.23000337,4.0858842,13.676841,55.88199,0.27813975,5.1976916,13.439144,69.852528
0b_baseline_best,file,13,baseline,7688,132.White_crowned_Sparrow/White_Crowned_Sparrow_0087_128008.jpg,132,131,132.White_crowned_Sparrow,159,158,identity,identity,0,{},0.18537574,0.18537574,0,0.83079207,0.83079207,0.043604739,0.043604739,0.78718733,0.78718733,0,1,1,28.981282,28.981282,False,1,True,True,True,1,1,28.981282,28.981282,1,1,28.584114,28.584114,1,1,4.7815374,4.7815374,1,1,5.0979894,5.0979894,1,1,13.340485,13.340485,1,1,14.92762,14.92762,1,1,13.692643,13.692643,1,1,14.239777,14.239777
0b_baseline_best,file,13,baseline,7688,132.White_crowned_Sparrow/White_Crowned_Sparrow_0087_128008.jpg,132,131,132.White_crowned_Sparrow,159,158,horizontal_flip,horizontal_flip,0,"{""flipped"":true}",0.18537574,0.30851981,0.12314408,0.83079207,0.73453343,0.043604739,0.054603878,0.78718733,0.67992955,-0.10725778,0.68427008,1.3435905,28.981282,38.938974,False,0.97339821,True,True,True,0.68427008,1.3435905,28.981282,38.938974,0.67523245,1.3371946,28.584114,38.222523,0.96956679,1.5549838,4.7815374,7.4352131,0.45719636,1.2438957,5.0979894,6.3413669,0.74406136,1.4794839,13.340485,19.737033,0.68622227,1.2257474,14.92762,18.297491,0.57187429,1.2626525,13.692643,17.28905,0.71934571,1.4001001,14.239777,19.937113
0b_baseline_best,file,13,baseline,7688,132.White_crowned_Sparrow/White_Crowned_Sparrow_0087_128008.jpg,132,131,132.White_crowned_Sparrow,159,158,color_jitter,color_jitter,0,"{""brightness"":0.71096,""contrast"":0.969036,""hue"":-0.007463,""saturation"":0.623073}",0.18537574,0.78031099,0.59493525,0.83079207,0.45826346,0.043604739,0.23674703,0.78718733,0.22151643,-0.5656709,0.82894209,3.7959842,28.981282,110.01249,False,0.96460903,True,True,True,0.82894209,3.7959842,28.981282,110.01249,0.82642945,3.8120549,28.584114,108.96421,0.95085043,3.1686109,4.7815374,15.150831,0.82873223,5.5683222,5.0979894,28.387248,0.85898662,4.6825815,13.340485,62.46791,0.86393083,3.7927647,14.92762,56.616949,0.81571801,3.4262848,13.692643,46.914896,0.81066795,2.9449982,14.239777,41.936117
0b_baseline_best,file,13,baseline,7688,132.White_crowned_Sparrow/White_Crowned_Sparrow_0087_128008.jpg,132,131,132.White_crowned_Sparrow,159,158,rotation,rotation,0,"{""angle"":-0.160633}",0.18537574,0.17543586,-0.0099398792,0.83079207,0.83909124,0.043604739,0.04273051,0.78718733,0.79636073,0.0091734007,0.97609667,0.94264512,28.981282,27.319064,False,0.99919158,True,True,True,0.97609667,0.94264512,28.981282,27.319064,0.97544423,0.94210827,28.584114,26.929331,0.99913915,0.96163348,4.7815374,4.5980865,0.94010247,0.96311442,5.0979894,4.9099471,0.97086258,0.90272415,13.340485,12.042778,0.9776862,0.95310091,14.92762,14.227528,0.97563058,0.95686501,13.692643,13.102011,0.98220094,0.94731355,14.239777,13.489533
0b_baseline_best,file,13,baseline,7688,132.White_crowned_Sparrow/White_Crowned_Sparrow_0087_128008.jpg,132,131,132.White_crowned_Sparrow,159,158,random_resized_crop,random_resized_crop,0,"{""area_fraction"":0.624229,""aspect"":1.007171,""fallback"":false,""height"":0.787264,""left"":0.038183,""top"":0.163319,""width"":0.792909}",0.18537574,0.22019579,0.03482005,0.83079207,0.80236167,0.043604739,0.035068791,0.78718733,0.76729288,-0.019894455,0.66355773,0.88341445,28.981282,25.602483,False,0.93921208,True,True,True,0.66355773,0.88341445,28.981282,25.602483,0.65463524,0.87178513,28.584114,24.919206,0.92771337,1.2287679,4.7815374,5.8753998,0.40831897,0.78110619,5.0979894,3.9820711,0.64811435,0.76675052,13.340485,10.228824,0.70678765,0.85645608,14.92762,12.784851,0.60842362,0.89402952,13.692643,12.241627,0.68110994,0.96076326,14.239777,13.681054
0b_baseline_best,file,13,baseline,7688,132.White_crowned_Sparrow/White_Crowned_Sparrow_0087_128008.jpg,132,131,132.White_crowned_Sparrow,159,158,gaussian_blur,gaussian_blur,0,"{""sigma"":1.494734}",0.18537574,0.53762901,0.35225327,0.83079207,0.5841316,0.043604739,0.02481924,0.78718733,0.55931236,-0.22787497,0.50655505,1.9804256,28.981282,57.395272,False,0.9256286,True,True,True,0.50655505,1.9804256,28.981282,57.395272,0.49344207,1.9683652,28.584114,56.263977,0.90403731,2.3714987,4.7815374,11.33941,0.41942224,1.727165,5.0979894,8.8050688,0.37447405,1.5946257,13.340485,21.273081,0.48090912,2.0867241,14.92762,31.149824,0.45218503,2.0673518,13.692643,28.307511,0.64411618,2.0641317,14.239777,29.392774
0b_baseline_best,file,13,baseline,7688,132.White_crowned_Sparrow/White_Crowned_Sparrow_0087_128008.jpg,132,131,132.White_crowned_Sparrow,159,158,random_erasing,random_erasing,0,"{""area_fraction"":0.155934,""erased"":true,""height"":0.655972,""left"":0.315334,""top"":0.110228,""width"":0.237715}",0.18537574,1.0781287,0.89275296,0.83079207,0.34023163,0.043604739,0.084879011,0.78718733,0.25535262,-0.53183471,0.69208921,2.675577,28.981282,77.541652,False,0.92022586,True,True,True,0.69208921,2.675577,28.981282,77.541652,0.68507355,2.6448245,28.584114,75.599965,0.9082412,3.6063568,4.7815374,17.24393,0.69103917,2.8658555,5.0979894,14.610101,0.68894303,2.4031277,13.340485,32.05889,0.66977769,2.576174,14.92762,38.456146,0.65134323,2.6206725,13.692643,35.883934,0.73036687,2.9019459,14.239777,41.323061
0b_baseline_best,file,13,baseline,6623,114.Black_throated_Sparrow/Black_Throated_Sparrow_0033_107042.jpg,114,113,114.Black_throated_Sparrow,85,84,identity,identity,0,{},0.0050142249,0.0050142249,0,0.99499834,0.99499834,0.0013994287,0.0013994287,0.99359891,0.99359891,0,1,1,0.56562643,0.56562643,False,0.99999994,True,True,True,1,1,0.56562643,0.56562643,1,1,0.54642455,0.54642455,1,1,0.14612824,0.14612824,1,1,0.12734582,0.12734582,1,1,0.23255959,0.23255959,1,1,0.24131079,0.24131079,1,1,0.26408843,0.26408843,1,1,0.31671008,0.31671008
0b_baseline_best,file,13,baseline,6623,114.Black_throated_Sparrow/Black_Throated_Sparrow_0033_107042.jpg,114,113,114.Black_throated_Sparrow,85,84,horizontal_flip,horizontal_flip,0,"{""flipped"":true}",0.0050142249,0.0061735883,0.0011593634,0.99499834,0.9938454,0.0013994287,0.0012488501,0.99359891,0.99259655,-0.0010023541,0.67804713,1.2622001,0.56562643,0.71393372,False,0.97113264,True,True,True,0.67804713,1.2622001,0.56562643,0.71393372,0.65889007,1.2669503,0.54642455,0.69229278,0.96345251,1.1938,0.14612824,0.1744479,0.71217526,0.95237696,0.12734582,0.12128123,0.66559925,1.3829548,0.23255959,0.32161941,0.51361843,1.2524455,0.24131079,0.30222862,0.61092579,1.23415,0.26408843,0.32592473,0.76843102,1.2769271,0.31671008,0.40441567
0b_baseline_best,file,13,baseline,6623,114.Black_throated_Sparrow/Black_Throated_Sparrow_0033_107042.jpg,114,113,114.Black_throated_Sparrow,85,84,color_jitter,color_jitter,0,"{""brightness"":0.773013,""contrast"":1.314996,""hue"":0.05536,""saturation"":0.866379}",0.0050142249,0.017685222,0.012670997,0.99499834,0.98247021,0.0013994287,0.0046544769,0.99359891,0.97781574,-0.01578317,0.70287483,3.6374729,0.56562643,2.0574508,False,0.96545118,True,True,True,0.70287483,3.6374729,0.56562643,2.0574508,0.68693631,3.6658288,0.54642455,2.0030988,0.96270389,3.2148874,0.14612824,0.46978584,0.41790006,2.422249,0.12734582,0.3084633,0.49063674,3.2441269,0.23255959,0.75445283,0.60323008,4.0888465,0.24131079,0.98668278,0.73512236,3.9390893,0.26408843,1.0402679,0.84378573,3.5894607,0.31671008,1.1368184
0b_baseline_best,file,13,baseline,6623,114.Black_throated_Sparrow/Black_Throated_Sparrow_0033_107042.jpg,114,113,114.Black_throated_Sparrow,85,84,rotation,rotation,0,"{""angle"":5.838589}",0.0050142249,0.011134985,0.00612076,0.99499834,0.98892677,0.0013994287,0.00096481532,0.99359891,0.98796195,-0.0056369542,0.7235787,2.540875,0.56562643,1.437186,False,0.96843755,True,True,True,0.7235787,2.540875,0.56562643,1.437186,0.71272547,2.577823,0.54642455,1.4085858,0.95061429,1.9523186,0.14612824,0.28528888,0.70858426,2.8465338,0.12734582,0.36249418,0.66801704,2.7297967,0.23255959,0.63484042,0.62433795,2.663259,0.24131079,0.64267313,0.69268062,2.6336029,0.26408843,0.69550404,0.820314,2.3478758,0.31671008,0.74359593
0b_baseline_best,file,13,baseline,6623,114.Black_throated_Sparrow/Black_Throated_Sparrow_0033_107042.jpg,114,113,114.Black_throated_Sparrow,85,84,random_resized_crop,random_resized_crop,0,"{""area_fraction"":0.531905,""aspect"":1.051333,""fallback"":false,""height"":0.71129,""left"":0.141862,""top"":0.214555,""width"":0.747803}",0.0050142249,0.026110813,0.021096588,0.99499834,0.97422713,0.0013994287,0.001927868,0.99359891,0.97229926,-0.021299645,0.63680951,5.8292392,0.56562643,3.2971717,False,0.94995683,True,True,True,0.63680951,5.8292392,0.56562643,3.2971717,0.6218063,5.9095108,0.54642455,3.2291018,0.92894655,4.5611684,0.14612824,0.66651552,0.59544591,6.6573321,0.12734582,0.84778343,0.63510405,5.8256321,0.23255959,1.3548066,0.5274685,5.845446,0.24131079,1.4105692,0.57970767,6.260452,0.26408843,1.6533129,0.71183584,5.6036825,0.31671008,1.7747427
0b_baseline_best,file,13,baseline,6623,114.Black_throated_Sparrow/Black_Throated_Sparrow_0033_107042.jpg,114,113,114.Black_throated_Sparrow,85,84,gaussian_blur,gaussian_blur,0,"{""sigma"":1.028333}",0.0050142249,0.021856274,0.01684205,0.99499834,0.97838086,0.0013994287,0.0039437134,0.99359891,0.97443715,-0.019161762,0.63592177,5.3829586,0.56562643,3.0447436,False,0.96545923,True,True,True,0.63592177,5.3829586,0.56562643,3.0447436,0.62105423,5.4724611,0.54642455,2.9902871,0.959686,3.9231113,0.14612824,0.57327736,0.72376603,4.5005784,0.12734582,0.57312985,0.5131322,5.3666202,0.23255959,1.248059,0.49660871,6.6143413,0.24131079,1.5961119,0.64415436,5.9440193,0.26408843,1.5697467,0.7833816,4.5141876,0.31671008,1.4296887
0b_baseline_best,file,13,baseline,6623,114.Black_throated_Sparrow/Black_Throated_Sparrow_0033_107042.jpg,114,113,114.Black_throated_Sparrow,85,84,random_erasing,random_erasing,0,"{""area_fraction"":0.136197,""erased"":true,""height"":0.309951,""left"":0.5174,""top"":0.575129,""width"":0.439415}",0.0050142249,0.00927296,0.0042587351,0.99499834,0.99076992,0.0013994287,0.0016606139,0.99359891,0.98910931,-0.0044895983,0.85262161,2.0018118,0.56562643,1.1322777,False,0.98250794,True,True,True,0.85262161,2.0018118,0.56562643,1.1322777,0.84555912,2.0197821,0.54642455,1.1036585,0.97741301,1.7311064,0.14612824,0.25296353,0.87935137,1.8569404,0.12734582,0.2364736,0.87961875,2.2128666,0.23255959,0.51462336,0.79542932,2.0913875,0.24131079,0.50467438,0.82078548,2.0128564,0.26408843,0.53157209,0.8739391,1.8945826,0.31671008,0.60003339
0b_baseline_best,file,13,baseline,2550,045.Northern_Fulmar/Northern_Fulmar_0083_43618.jpg,45,44,045.Northern_Fulmar,72,71,identity,identity,0,{},1.7670043,1.7670043,0,0.17084405,0.17084405,0.268352,0.268352,-0.097507954,-0.097507954,0,1,1,163.09813,163.09813,False,0.99999994,True,False,False,1,1,163.09813,163.09813,1,1,160.25902,160.25902,1,1,30.299275,30.299275,1,1,35.956863,35.956863,1,1,72.134015,72.134015,1,1,83.19662,83.19662,1,1,75.416746,75.416746,1,1,81.101045,81.101045
0b_baseline_best,file,13,baseline,2550,045.Northern_Fulmar/Northern_Fulmar_0083_43618.jpg,45,44,045.Northern_Fulmar,72,71,horizontal_flip,horizontal_flip,0,"{""flipped"":true}",1.7670043,3.946804,2.1797998,0.17084405,0.019316336,0.268352,0.7168836,-0.097507954,-0.69756726,-0.60005931,0.64058608,1.5694053,163.09813,255.96708,False,0.94921494,True,False,False,0.64058608,1.5694053,163.09813,255.96708,0.63295211,1.5747633,160.25902,252.37003,0.88262017,1.4112927,30.299275,42.761145,0.59691368,2.4502249,35.956863,88.1024,0.63995905,1.5146225,72.134015,109.2558,0.67265594,1.4949157,83.19662,124.37193,0.56546397,1.5181624,75.416746,114.49487,0.67753097,1.5308606,81.101045,124.1544
0b_baseline_best,file,13,baseline,2550,045.Northern_Fulmar/Northern_Fulmar_0083_43618.jpg,45,44,045.Northern_Fulmar,72,71,color_jitter,color_jitter,0,"{""brightness"":0.681194,""contrast"":0.899841,""hue"":0.02548,""saturation"":1.396315}",1.7670043,3.7111883,1.9441841,0.17084405,0.024448456,0.268352,0.39432755,-0.097507954,-0.36987909,-0.27237114,0.75630938,1.513561,163.09813,246.85898,False,0.93221962,True,False,False,0.75630938,1.513561,163.09813,246.85898,0.75310488,1.5256928,160.25902,244.50604,0.91320399,1.1222117,30.299275,34.002202,0.47697833,1.7499336,35.956863,62.922122,0.7087434,1.6033427,72.134015,115.65555,0.776126,1.7089558,83.19662,142.17935,0.79527219,1.4158629,75.416746,106.77977,0.82140391,1.283235,81.101045,104.0717
0b_baseline_best,file,13,baseline,2550,045.Northern_Fulmar/Northern_Fulmar_0083_43618.jpg,45,44,045.Northern_Fulmar,72,71,rotation,rotation,0,"{""angle"":-10.501813}",1.7670043,3.3506806,1.5836763,0.17084405,0.035060488,0.268352,0.65114546,-0.097507954,-0.61608497,-0.51857702,0.67925735,1.3437358,163.09813,219.1608,False,0.92021561,True,False,False,0.67925735,1.3437358,163.09813,219.1608,0.67315022,1.3469987,160.25902,215.86869,0.8653893,1.2490045,30.299275,37.843931,0.5592659,1.3610363,35.956863,48.938595,0.61769587,1.3905361,72.134015,100.30495,0.71066083,1.3040878,83.19662,108.4957,0.64586607,1.3516965,75.416746,101.94055,0.72706186,1.349592,81.101045,109.45332
0b_baseline_best,file,13,baseline,2550,045.Northern_Fulmar/Northern_Fulmar_0083_43618.jpg,45,44,045.Northern_Fulmar,72,71,random_resized_crop,random_resized_crop,0,"{""area_fraction"":0.654157,""aspect"":0.792817,""fallback"":false,""height"":0.908353,""left"":0.186437,""top"":0.035654,""width"":0.720157}",1.7670043,3.0322332,1.265229,0.17084405,0.048207864,0.268352,0.089687891,-0.097507954,-0.041480027,0.056027927,0.66790465,1.1455808,163.09813,186.84209,False,0.91437209,False,False,False,0.66790465,1.1455808,163.09813,186.84209,0.6611694,1.1480711,160.25902,183.98876,0.87085772,1.0735738,30.299275,32.528508,0.61235839,1.4161591,35.956863,50.920639,0.62254863,1.2112337,72.134015,87.371149,0.69129059,1.1657614,83.19662,96.987408,0.63058509,1.0779918,75.416746,81.29863,0.70761795,1.0755814,81.101045,87.230778
0b_baseline_best,file,13,baseline,2550,045.Northern_Fulmar/Northern_Fulmar_0083_43618.jpg,45,44,045.Northern_Fulmar,72,71,gaussian_blur,gaussian_blur,0,"{""sigma"":1.615922}",1.7670043,5.0892835,3.3222792,0.17084405,0.0061624334,0.268352,0.56075925,-0.097507954,-0.55459681,-0.45708886,0.63024834,1.2774396,163.09813,208.34801,False,0.88369972,True,False,False,0.63024834,1.2774396,163.09813,208.34801,0.62445222,1.2847013,160.25902,205.88498,0.8398578,1.0542064,30.299275,31.941691,0.48096333,1.408952,35.956863,50.661492,0.4550155,1.1556756,72.134015,83.363518,0.66191828,1.3490099,83.19662,112.23306,0.65854896,1.2972011,75.416746,97.830685,0.70930969,1.2757811,81.101045,103.46718
0b_baseline_best,file,13,baseline,2550,045.Northern_Fulmar/Northern_Fulmar_0083_43618.jpg,45,44,045.Northern_Fulmar,72,71,random_erasing,random_erasing,0,"{""area_fraction"":0.08655,""erased"":true,""height"":0.343346,""left"":0.365974,""top"":0.21389,""width"":0.252079}",1.7670043,3.437206,1.6702018,0.17084405,0.032154396,0.268352,0.50858015,-0.097507954,-0.47642575,-0.3789178,0.79745323,1.1919932,163.09813,194.41187,False,0.95281363,True,False,False,0.79745323,1.1919932,163.09813,194.41187,0.79291956,1.1932923,160.25902,191.23585,0.9288924,1.155059,30.299275,34.99745,0.82877782,1.238554,35.956863,44.534515,0.74882299,1.1328412,72.134015,81.716382,0.81881366,1.1993657,83.19662,99.783174,0.78348703,1.180759,75.416746,89.049002,0.80057761,1.2344996,81.101045,100.11921
0b_baseline_best,file,13,baseline,6381,109.American_Redstart/American_Redstart_0031_102890.jpg,109,108,109.American_Redstart,166,165,identity,identity,0,{},0.029817067,0.029817067,0,0.97062308,0.97062308,0.0031842974,0.0031842974,0.96743878,0.96743878,0,1,1,4.0727999,4.0727999,False,0.99999994,True,True,True,1,1,4.0727999,4.0727999,1,1,4.0040356,4.0040356,1,1,0.74524989,0.74524989,1,1,0.76784759,0.76784759,1,1,1.6424374,1.6424374,1,1,1.8813815,1.8813815,1,1,1.9584081,1.9584081,1,1,2.3173589,2.3173589
0b_baseline_best,file,13,baseline,6381,109.American_Redstart/American_Redstart_0031_102890.jpg,109,108,109.American_Redstart,166,165,horizontal_flip,horizontal_flip,0,"{""flipped"":true}",0.029817067,0.033886418,0.0040693507,0.97062308,0.9666813,0.0031842974,0.002975439,0.96743878,0.96370586,-0.003732916,0.61043606,1.1004478,4.0727999,4.4819035,False,0.96690863,True,True,True,0.61043606,1.1004478,4.0727999,4.4819035,0.59714148,1.0970538,4.0040356,4.3926427,0.96508495,1.1942675,0.74524989,0.89002771,0.53828005,1.3044208,0.76784759,1.0015963,0.5624958,1.0486676,1.6424374,1.7223708,0.53152858,1.1854112,1.8813815,2.2302107,0.53305669,1.0611797,1.9584081,2.0782229,0.71993363,1.0598946,2.3173589,2.4561562
0b_baseline_best,file,13,baseline,6381,109.American_Redstart/American_Redstart_0031_102890.jpg,109,108,109.American_Redstart,166,165,color_jitter,color_jitter,0,"{""brightness"":0.935355,""contrast"":1.341865,""hue"":-0.03961,""saturation"":1.201679}",0.029817067,0.02291986,-0.0068972073,0.97062308,0.97734082,0.0031842974,0.00011705784,0.96743878,0.97722376,0.009784981,0.55539539,0.66904026,4.0727999,2.7248671,False,0.92018449,True,True,True,0.55539539,0.66904026,4.0727999,2.7248671,0.54152124,0.66476672,4.0040356,2.6617496,0.90277314,0.78240363,0.74524989,0.58308621,0.10106292,0.44064387,0.76784759,0.33834734,0.32566982,0.51137604,1.6424374,0.83990313,0.38641872,0.59792602,1.8813815,1.124927,0.52093928,0.67235368,1.9584081,1.3167429,0.74853649,0.77982353,2.3173589,1.807131
0b_baseline_best,file,13,baseline,6381,109.American_Redstart/American_Redstart_0031_102890.jpg,109,108,109.American_Redstart,166,165,rotation,rotation,0,"{""angle"":-2.668414}",0.029817067,0.017014019,-0.012803048,0.97062308,0.98312992,0.0031842974,0.0015608632,0.96743878,0.98156906,0.014130277,0.80918806,0.58229533,4.0727999,2.3715724,False,0.98367077,True,True,True,0.80918806,0.58229533,4.0727999,2.3715724,0.80310357,0.58199733,4.0040356,2.330338,0.98228736,0.5908329,0.74524989,0.44031815,0.68416109,0.58121294,0.76784759,0.44628295,0.74205614,0.57885822,1.6424374,0.95073838,0.76256461,0.58210637,1.8813815,1.0951642,0.79493708,0.56771572,1.9584081,1.111819,0.87791244,0.59354435,2.3173589,1.3754553
0b_baseline_best,file,13,baseline,6381,109.American_Redstart/American_Redstart_0031_102890.jpg,109,108,109.American_Redstart,166,165,random_resized_crop,random_resized_crop,0,"{""area_fraction"":0.635039,""aspect"":0.990949,""fallback"":false,""height"":0.800525,""left"":0.134106,""top"":0.034881,""width"":0.793279}",0.029817067,0.32177159,0.29195452,0.97062308,0.72486371,0.0031842974,0.0091128303,0.96743878,0.71575088,-0.2516879,0.64826556,8.4990796,4.0727999,34.61505,False,0.93292677,True,True,True,0.64826556,8.4990796,4.0727999,34.61505,0.63789803,8.4708204,4.0040356,33.917467,0.92409543,9.2777919,0.74524989,6.9142733,0.57032719,11.15877,0.76784759,8.5682344,0.61468647,8.3982203,1.6424374,13.793551,0.60968322,8.1709522,1.8813815,15.372679,0.59673057,8.5167234,1.9584081,16.67922,0.71190459,8.325229,2.3173589,19.292543
0b_baseline_best,file,13,baseline,6381,109.American_Redstart/American_Redstart_0031_102890.jpg,109,108,109.American_Redstart,166,165,gaussian_blur,gaussian_blur,0,"{""sigma"":1.238248}",0.029817067,0.013607717,-0.01620935,0.97062308,0.98648447,0.0031842974,0.0020651822,0.96743878,0.98441929,0.016980507,0.57545598,0.54418003,4.0727999,2.2163364,False,0.93477166,True,True,True,0.57545598,0.54418003,4.0727999,2.2163364,0.5630628,0.54381083,4.0040356,2.1774379,0.92626897,0.55473169,0.74524989,0.41341373,0.30305399,0.65442346,0.76784759,0.50249748,0.41120251,0.49969788,1.6424374,0.82072248,0.48714548,0.59394356,1.8813815,1.1174344,0.56756656,0.55593407,1.9584081,1.0887458,0.73568498,0.5071336,2.3173589,1.1752105
0b_baseline_best,file,13,baseline,6381,109.American_Redstart/American_Redstart_0031_102890.jpg,109,108,109.American_Redstart,166,165,random_erasing,random_erasing,0,"{""area_fraction"":0.138871,""erased"":true,""height"":0.217889,""left"":0.046172,""top"":0.311348,""width"":0.637349}",0.029817067,0.21271694,0.18289987,0.97062308,0.80838495,0.0031842974,0.041986078,0.96743878,0.76639888,-0.2010399,0.79453291,6.5099238,4.0727999,26.513617,False,0.95429534,True,True,True,0.79453291,6.5099238,4.0727999,26.513617,0.78979433,6.5273747,4.0040356,26.135841,0.94663925,5.9842855,0.74524989,4.4597881,0.79321391,5.5801706,0.76784759,4.2847205,0.78896562,6.6114437,1.6424374,10.858882,0.77496212,6.6592028,1.8813815,12.528501,0.76352158,6.6980834,1.9584081,13.117581,0.82137414,6.3680941,2.3173589,14.757159
0b_baseline_best,file,13,baseline,10708,182.Yellow_Warbler/Yellow_Warbler_0067_176856.jpg,182,181,182.Yellow_Warbler,175,174,identity,identity,0,{},0.017089726,0.017089726,0,0.98305547,0.98305547,0.01481967,0.01481967,0.9682358,0.9682358,0,1,1,3.3658124,3.3658124,False,1,True,True,True,1,1,3.3658124,3.3658124,1,1,3.2948505,3.2948505,1,1,0.687498,0.687498,1,1,0.94428887,0.94428887,1,1,1.5275194,1.5275194,1,1,1.7863522,1.7863522,1,1,1.5174766,1.5174766,1,1,1.4619347,1.4619347
0b_baseline_best,file,13,baseline,10708,182.Yellow_Warbler/Yellow_Warbler_0067_176856.jpg,182,181,182.Yellow_Warbler,175,174,horizontal_flip,horizontal_flip,0,"{""flipped"":true}",0.017089726,0.090097159,0.073007433,0.98305547,0.91384238,0.01481967,0.075194314,0.9682358,0.83864807,-0.12958774,0.73212943,5.1408141,3.3658124,17.303016,False,0.97764444,True,True,True,0.73212943,5.1408141,3.3658124,17.303016,0.72141324,5.1402499,3.2948505,16.936355,0.97761925,5.1537546,0.687498,3.543196,0.66460796,4.7467566,0.94428887,4.4823095,0.65741298,5.2514039,1.5275194,8.0216216,0.72612446,5.1663434,1.7863522,9.2289089,0.71665509,5.2493951,1.5174766,7.9658342,0.81661203,5.0160699,1.4619347,7.3331668
0b_baseline_best,file,13,baseline,10708,182.Yellow_Warbler/Yellow_Warbler_0067_176856.jpg,182,181,182.Yellow_Warbler,175,174,color_jitter,color_jitter,0,"{""brightness"":0.770891,""contrast"":1.276105,""hue"":-0.005714,""saturation"":1.142387}",0.017089726,0.016462332,-0.00062739477,0.98305547,0.98367244,0.01481967,0.014643452,0.9682358,0.96902899,0.00079318509,0.90734521,0.93807084,3.3658124,3.1573705,False,0.98547882,True,True,True,0.90734521,0.93807084,3.3658124,3.1573705,0.90386531,0.93645937,3.2948505,3.0854936,0.98484715,0.97435038,0.687498,0.66986394,0.79119321,0.78835333,0.94428887,0.74443328,0.89353647,0.93321143,1.5275194,1.4254986,0.91063689,0.92373958,1.7863522,1.6501242,0.91926451,0.98898782,1.5174766,1.5007659,0.93313135,0.95735053,1.4619347,1.399584
0b_baseline_best,file,13,baseline,10708,182.Yellow_Warbler/Yellow_Warbler_0067_176856.jpg,182,181,182.Yellow_Warbler,175,174,rotation,rotation,0,"{""angle"":-6.37114}",0.017089726,0.027901202,0.010811476,0.98305547,0.97248447,0.01481967,0.021792559,0.9682358,0.95069191,-0.017543892,0.83128182,1.8073716,3.3658124,6.0832738,False,0.98186862,True,True,True,0.83128182,1.8073716,3.3658124,6.0832738,0.82611582,1.8174838,3.2948505,5.9883375,0.97936868,1.5571393,0.687498,1.0705302,0.90549912,1.9126613,0.94428887,1.8061048,0.82495715,1.8662812,1.5275194,2.8507808,0.78731555,1.8560599,1.7863522,3.3155766,0.80910714,1.8114585,1.5174766,2.7488458,0.87838758,1.6645884,1.4619347,2.4335196
0b_baseline_best,file,13,baseline,10708,182.Yellow_Warbler/Yellow_Warbler_0067_176856.jpg,182,181,182.Yellow_Warbler,175,174,random_resized_crop,random_resized_crop,0,"{""area_fraction"":0.551418,""aspect"":1.132765,""fallback"":false,""height"":0.697703,""left"":0.044502,""top"":0.059599,""width"":0.790333}",0.017089726,0.085466921,0.068377195,0.98305547,0.91808349,0.01481967,0.067746833,0.9682358,0.85033666,-0.11789915,0.75472532,5.195336,3.3658124,17.486526,False,0.96455479,True,True,True,0.75472532,5.195336,3.3658124,17.486526,0.7467935,5.2178088,3.2948505,17.1919,0.96401707,4.6493704,0.687498,3.1964328,0.85783078,3.80062,0.94428887,3.5888832,0.7436458,4.8114874,1.5275194,7.3496406,0.73524319,5.5468691,1.7863522,9.9086618,0.71422554,5.6303286,1.5174766,8.5438919,0.79139593,5.1861755,1.4619347,7.5818501
0b_baseline_best,file,13,baseline,10708,182.Yellow_Warbler/Yellow_Warbler_0067_176856.jpg,182,181,182.Yellow_Warbler,175,174,gaussian_blur,gaussian_blur,0,"{""sigma"":1.217901}",0.017089726,0.022825716,0.0057359897,0.98305547,0.97743285,0.01481967,0.0034668206,0.9682358,0.97396603,0.0057302236,0.31468339,1.4556973,3.3658124,4.899604,False,0.95874369,True,True,True,0.31468339,1.4556973,3.3658124,4.899604,0.3028027,1.4725013,3.2948505,4.8516716,0.74258,0.9944296,0.687498,0.68366836,-0.15614614,1.0032304,0.94428887,0.9473393,0.041236569,1.4615478,1.5275194,2.2325427,0.40945598,1.6424824,1.7863522,2.934052,0.38201636,1.5624673,1.5174766,2.3710075,0.48738687,1.2662191,1.4619347,1.8511296
0b_baseline_best,file,13,baseline,10708,182.Yellow_Warbler/Yellow_Warbler_0067_176856.jpg,182,181,182.Yellow_Warbler,175,174,random_erasing,random_erasing,0,"{""area_fraction"":0.097871,""erased"":true,""height"":0.306374,""left"":0.204553,""top"":0.135379,""width"":0.319449}",0.017089726,0.43771794,0.42062822,0.98305547,0.64550781,0.01481967,0.01212117,0.9682358,0.63338664,-0.33484916,0.27434208,19.310646,3.3658124,64.996011,False,0.91299301,True,True,True,0.27434208,19.310646,3.3658124,64.996011,0.26275607,19.452808,3.2948505,64.094094,0.61029635,15.694889,0.687498,10.790205,0.059660452,18.920865,0.94428887,17.866762,0.14426762,17.645335,1.5275194,26.953592,0.37209093,19.446536,1.7863522,34.738362,0.22793636,20.65644,1.5174766,31.345664,0.33823582,20.210957,1.4619347,29.5471
0b_baseline_best,file,13,baseline,479,009.Brewer_Blackbird/Brewer_Blackbird_0116_2327.jpg,9,8,009.Brewer_Blackbird,26,25,identity,identity,0,{},0.36764792,0.36764792,0,0.69236088,0.69236088,0.14271574,0.14271574,0.54964514,0.54964514,0,1,1,49.101158,49.101158,False,1,True,True,True,1,1,49.101158,49.101158,1,1,47.953702,47.953702,1,1,10.553018,10.553018,1,1,11.309254,11.309254,1,1,18.756768,18.756768,1,1,23.768256,23.768256,1,1,25.689373,25.689373,1,1,24.391968,24.391968
0b_baseline_best,file,13,baseline,479,009.Brewer_Blackbird/Brewer_Blackbird_0116_2327.jpg,9,8,009.Brewer_Blackbird,26,25,horizontal_flip,horizontal_flip,0,"{""flipped"":true}",0.36764792,0.564574,0.19692609,0.69236088,0.56860232,0.14271574,0.13233319,0.54964514,0.43626913,-0.11337601,0.65591751,1.3676689,49.101158,67.154126,False,0.97668457,True,True,True,0.65591751,1.3676689,49.101158,67.154126,0.63998079,1.3626681,47.953702,65.34498,0.96326085,1.4671234,10.553018,15.482579,0.17464501,1.2476541,11.309254,14.110037,0.51173974,1.4917834,18.756768,27.981035,0.62903797,1.350256,23.768256,32.093229,0.69144989,1.2838519,25.689373,32.98135,0.77094684,1.4024306,24.391968,34.208042
0b_baseline_best,file,13,baseline,479,009.Brewer_Blackbird/Brewer_Blackbird_0116_2327.jpg,9,8,009.Brewer_Blackbird,26,25,color_jitter,color_jitter,0,"{""brightness"":1.235766,""contrast"":1.088629,""hue"":0.062965,""saturation"":1.044742}",0.36764792,0.61591023,0.24826232,0.69236088,0.54014897,0.14271574,0.25656378,0.54964514,0.28358519,-0.26605995,0.81788085,1.4524584,49.101158,71.31739,False,0.97815514,True,True,True,0.81788085,1.4524584,49.101158,71.31739,0.81107606,1.4530602,47.953702,69.679615,0.9596988,1.4399768,10.553018,15.196101,0.75877529,1.5683283,11.309254,17.736623,0.72429694,1.4366568,18.756768,26.947038,0.77502729,1.4072535,23.768256,33.447961,0.83457787,1.4167559,25.689373,36.395572,0.88062158,1.5180637,24.391968,37.02856
0b_baseline_best,file,13,baseline,479,009.Brewer_Blackbird/Brewer_Blackbird_0116_2327.jpg,9,8,009.Brewer_Blackbird,26,25,rotation,rotation,0,"{""angle"":-2.157986}",0.36764792,1.0809574,0.7133095,0.69236088,0.33927053,0.14271574,0.35479915,0.54964514,-0.015528619,-0.56517376,0.78727724,2.3671599,49.101158,116.23029,False,0.97448182,False,True,False,0.78727724,2.3671599,49.101158,116.23029,0.78051566,2.3815511,47.953702,114.20419,0.95831719,2.0475156,10.553018,21.607468,0.76830098,2.6910269,11.309254,30.433507,0.68514476,2.5519484,18.756768,47.866304,0.7317316,2.5298736,23.768256,60.130683,0.81021852,2.2689675,25.689373,58.288354,0.87820976,2.1740007,24.391968,53.028156
0b_baseline_best,file,13,baseline,479,009.Brewer_Blackbird/Brewer_Blackbird_0116_2327.jpg,9,8,009.Brewer_Blackbird,26,25,random_resized_crop,random_resized_crop,0,"{""area_fraction"":0.590801,""aspect"":1.25144,""fallback"":false,""height"":0.687093,""left"":0.055265,""top"":0.295973,""width"":0.859856}",0.36764792,1.7775625,1.4099146,0.69236088,0.16904971,0.14271574,0.078993313,0.54964514,0.090056397,-0.45958874,0.39871137,2.4267482,49.101158,119.15615,False,0.88967192,False,True,False,0.39871137,2.4267482,49.101158,119.15615,0.37811187,2.4269398,47.953702,116.38075,0.82479163,2.422789,10.553018,25.567736,0.13018325,3.2493562,11.309254,36.747795,0.30404642,2.4231033,18.756768,45.449586,0.27536865,2.2381122,23.768256,53.196023,0.36143852,2.1839264,25.689373,56.1037,0.59038237,2.6413626,24.391968,64.428032
0b_baseline_best,file,13,baseline,479,009.Brewer_Blackbird/Brewer_Blackbird_0116_2327.jpg,9,8,009.Brewer_Blackbird,26,25,gaussian_blur,gaussian_blur,0,"{""sigma"":1.902511}",0.36764792,4.1274538,3.7598059,0.69236088,0.016123882,0.14271574,0.050250292,0.54964514,-0.03412641,-0.58377155,0.27242853,3.1280582,49.101158,153.59128,False,0.80123162,False,True,False,0.27242853,3.1280582,49.101158,153.59128,0.25467788,3.133869,47.953702,150.28062,0.6548291,3.0055629,10.553018,31.717758,-0.14495159,2.6974978,11.309254,30.506688,-0.020769903,3.3212591,18.756768,62.296085,0.23292045,3.1603939,23.768256,75.11705,0.34161094,3.1390735,25.689373,80.640831,0.42960364,3.0754086,24.391968,75.015268
0b_baseline_best,file,13,baseline,479,009.Brewer_Blackbird/Brewer_Blackbird_0116_2327.jpg,9,8,009.Brewer_Blackbird,26,25,random_erasing,random_erasing,0,"{""area_fraction"":0.074533,""erased"":true,""height"":0.201513,""left"":0.586803,""top"":0.263875,""width"":0.369868}",0.36764792,0.76930571,0.40165779,0.69236088,0.46333465,0.14271574,0.12760887,0.54964514,0.33572578,-0.21391936,0.62634336,1.5321843,49.101158,75.232021,False,0.90655339,True,True,True,0.62634336,1.5321843,49.101158,75.232021,0.61626917,1.5390381,47.953702,73.802576,0.86124467,1.3830906,10.553018,14.595779,0.61665894,1.2094663,11.309254,13.678161,0.5179409,1.5179365,18.756768,28.471582,0.57870328,1.6321825,23.768256,38.794131,0.61788528,1.4805274,25.689373,38.033821,0.71164198,1.5865089,24.391968,38.698075
0b_baseline_best,file,13,baseline,4952,085.Horned_Lark/Horned_Lark_0138_74083.jpg,85,84,085.Horned_Lark,135,134,identity,identity,0,{},0.60375571,0.60375571,0,0.54675436,0.54675436,0.079863086,0.079863086,0.46689127,0.46689127,0,1,1,71.716706,71.716706,False,1,True,True,True,1,1,71.716706,71.716706,1,1,70.54368,70.54368,1,1,12.918017,12.918017,1,1,14.685572,14.685572,1,1,31.147856,31.147856,1,1,40.3328,40.3328,1,1,34.479204,34.479204,1,1,31.22508,31.22508
0b_baseline_best,file,13,baseline,4952,085.Horned_Lark/Horned_Lark_0138_74083.jpg,85,84,085.Horned_Lark,135,134,horizontal_flip,horizontal_flip,0,"{""flipped"":true}",0.60375571,0.37952355,-0.22423217,0.54675436,0.68418735,0.079863086,0.074171193,0.46689127,0.61001616,0.14312489,0.53561967,0.75114725,71.716706,53.869807,False,0.94803762,True,True,True,0.53561967,0.75114725,71.716706,53.869807,0.52183806,0.75042762,70.54368,52.937926,0.93517766,0.77229952,12.918017,9.9765783,0.01239229,0.7444712,14.685572,10.932985,0.28878477,0.74230041,31.147856,23.121066,0.58009856,0.75887503,40.3328,30.607554,0.58206518,0.74450335,34.479204,25.669883,0.69144327,0.75280103,31.22508,23.506272
0b_baseline_best,file,13,baseline,4952,085.Horned_Lark/Horned_Lark_0138_74083.jpg,85,84,085.Horned_Lark,135,134,color_jitter,color_jitter,0,"{""brightness"":0.809392,""contrast"":1.313244,""hue"":0.099762,""saturation"":0.979307}",0.60375571,0.68440229,0.080646574,0.54675436,0.50439161,0.079863086,0.03014922,0.46689127,0.47424239,0.0073511172,0.66703224,1.3052311,71.716706,93.606873,False,0.89584738,True,True,True,0.66703224,1.3052311,71.716706,93.606873,0.66189318,1.3125144,70.54368,92.589597,0.87000854,1.0653916,12.918017,13.762746,0.68294255,1.410204,14.685572,20.709652,0.57679329,1.2284652,31.147856,38.264058,0.67394399,1.3208336,40.3328,53.272915,0.67011984,1.3939246,34.479204,48.061412,0.7114931,1.2534646,31.22508,39.139532
0b_baseline_best,file,13,baseline,4952,085.Horned_Lark/Horned_Lark_0138_74083.jpg,85,84,085.Horned_Lark,135,134,rotation,rotation,0,"{""angle"":10.160309}",0.60375571,0.53180987,-0.071945846,0.54675436,0.58754063,0.079863086,0.036683612,0.46689127,0.55085701,0.083965741,0.59024191,0.9771249,71.716706,70.076179,False,0.89464283,True,True,True,0.59024191,0.9771249,71.716706,70.076179,0.58083752,0.97665027,70.54368,68.896504,0.86664446,0.99117447,12.918017,12.804009,0.5773196,1.122142,14.685572,16.479297,0.48352636,1.0473953,31.147856,32.624119,0.57971326,0.89750958,40.3328,36.199074,0.5882455,0.95837384,34.479204,33.043967,0.68103556,1.0170573,31.22508,31.757694
0b_baseline_best,file,13,baseline,4952,085.Horned_Lark/Horned_Lark_0138_74083.jpg,85,84,085.Horned_Lark,135,134,random_resized_crop,random_resized_crop,0,"{""area_fraction"":0.750462,""aspect"":1.143151,""fallback"":false,""height"":0.810238,""left"":0.029279,""top"":0.060217,""width"":0.926224}",0.60375571,0.20960049,-0.39415522,0.54675436,0.81090814,0.079863086,0.033327386,0.46689127,0.77758075,0.31068948,0.70050034,0.43533792,71.716706,31.221001,False,0.95104921,True,True,True,0.70050034,0.43533792,71.716706,31.221001,0.69237252,0.43467111,70.54368,30.663299,0.93285893,0.45477386,12.918017,5.8747764,0.64338965,0.40071962,14.685572,5.8847968,0.68354697,0.43907922,31.147856,13.676377,0.6756266,0.42538059,40.3328,17.15679,0.69071219,0.43565303,34.479204,15.020969,0.74005458,0.45129751,31.22508,14.091801
0b_baseline_best,file,13,baseline,4952,085.Horned_Lark/Horned_Lark_0138_74083.jpg,85,84,085.Horned_Lark,135,134,gaussian_blur,gaussian_blur,0,"{""sigma"":1.233468}",0.60375571,1.7278883,1.1241326,0.54675436,0.17765918,0.079863086,0.030298315,0.46689127,0.14736087,-0.31953041,0.6012879,1.7416954,71.716706,124.90866,False,0.87817752,False,True,False,0.6012879,1.7416954,71.716706,124.90866,0.59349135,1.7390589,70.54368,122.67961,0.82420581,1.8185642,12.918017,23.492243,0.42840547,1.7166486,14.685572,25.209966,0.53352625,1.6445727,31.147856,51.224914,0.59264054,1.6824495,40.3328,67.8579,0.61247291,1.819941,34.479204,62.750117,0.66260851,1.8253101,31.22508,56.995453
0b_baseline_best,file,13,baseline,4952,085.Horned_Lark/Horned_Lark_0138_74083.jpg,85,84,085.Horned_Lark,135,134,random_erasing,random_erasing,0,"{""area_fraction"":0.187036,""erased"":true,""height"":0.598173,""left"":0.454635,""top"":0.102315,""width"":0.312678}",0.60375571,7.3949823,6.7912266,0.54675436,0.00061432738,0.079863086,0.0052933088,0.46689127,-0.0046789814,-0.47157026,0.35905847,2.1776738,71.716706,156.17559,False,0.72492796,False,True,False,0.35905847,2.1776738,71.716706,156.17559,0.34815801,2.1650101,70.54368,152.72778,0.641756,2.5263135,12.918017,32.63496,0.24144738,1.1837912,14.685572,17.384651,0.19043417,1.9140171,31.147856,59.617529,0.39687055,2.029985,40.3328,81.874979,0.35989452,2.1524557,34.479204,74.214959,0.4151188,2.7283666,31.22508,85.193464
0b_baseline_best,file,13,baseline,10656,181.Worm_eating_Warbler/Worm_Eating_Warbler_0074_176093.jpg,181,180,181.Worm_eating_Warbler,168,167,identity,identity,0,{},0.018187655,0.018187655,0,0.98197675,0.98197675,0.0045172479,0.0045172479,0.9774595,0.9774595,0,1,1,3.1809773,3.1809773,False,1,True,True,True,1,1,3.1809773,3.1809773,1,1,3.1388334,3.1388334,1,1,0.51608261,0.51608261,1,1,0.77878176,0.77878176,1,1,1.5154486,1.5154486,1,1,1.7528062,1.7528062,1,1,1.4259593,1.4259593,1,1,1.3577556,1.3577556
0b_baseline_best,file,13,baseline,10656,181.Worm_eating_Warbler/Worm_Eating_Warbler_0074_176093.jpg,181,180,181.Worm_eating_Warbler,168,167,horizontal_flip,horizontal_flip,0,"{""flipped"":true}",0.018187655,0.0034709466,-0.014716709,0.98197675,0.99653506,0.0045172479,0.00046287198,0.9774595,0.99607219,0.018612691,0.63384007,0.19271983,3.1809773,0.61303741,False,0.9787311,True,True,True,0.63384007,0.19271983,3.1809773,0.61303741,0.6242988,0.19228062,3.1388334,0.60353685,0.96158994,0.20831698,0.51608261,0.10750877,0.70104258,0.21583378,0.77878176,0.16808742,0.50705144,0.1707219,1.5154486,0.25872026,0.60559346,0.18474307,1.7528062,0.32381879,0.62645568,0.2079332,1.4259593,0.29650429,0.75594819,0.20343372,1.3577556,0.27621326
0b_baseline_best,file,13,baseline,10656,181.Worm_eating_Warbler/Worm_Eating_Warbler_0074_176093.jpg,181,180,181.Worm_eating_Warbler,168,167,color_jitter,color_jitter,0,"{""brightness"":0.961048,""contrast"":1.181156,""hue"":0.034143,""saturation"":1.288441}",0.018187655,0.45793718,0.43974953,0.98197675,0.63258719,0.0045172479,0.2210087,0.9774595,0.41157849,-0.56588101,0.79235213,21.366635,3.1809773,67.966779,False,0.96402496,True,True,True,0.79235213,21.366635,3.1809773,67.966779,0.78902027,21.37979,3.1388334,67.107599,0.91880829,20.874175,0.51608261,10.772799,0.73724358,20.68013,0.77878176,16.105308,0.75037348,20.62641,1.5154486,31.258264,0.79553065,21.489077,1.7528062,37.666187,0.80383141,22.72302,1.4259593,32.402102,0.8274664,20.809908,1.3577556,28.254769
0b_baseline_best,file,13,baseline,10656,181.Worm_eating_Warbler/Worm_Eating_Warbler_0074_176093.jpg,181,180,181.Worm_eating_Warbler,168,167,rotation,rotation,0,"{""angle"":9.257764}",0.018187655,0.017423542,-0.00076411292,0.98197675,0.98272735,0.0045172479,0.0035405352,0.9774595,0.97918681,0.001727314,0.84525351,0.95963702,3.1809773,3.0525835,False,0.98133469,True,True,True,0.84525351,0.95963702,3.1809773,3.0525835,0.84169384,0.95963751,3.1388334,3.0121423,0.97693255,0.95961881,0.51608261,0.49524258,0.89957943,1.1890668,0.77878176,0.92602355,0.8600493,0.95192885,1.5154486,1.4425992,0.844704,0.9447963,1.7528062,1.6560448,0.7962479,0.95735328,1.4259593,1.3651469,0.8501356,0.91049944,1.3577556,1.2362357
0b_baseline_best,file,13,baseline,10656,181.Worm_eating_Warbler/Worm_Eating_Warbler_0074_176093.jpg,181,180,181.Worm_eating_Warbler,168,167,random_resized_crop,random_resized_crop,0,"{""area_fraction"":0.548915,""aspect"":1.085638,""fallback"":false,""height"":0.711066,""left"":0.025508,""top"":0.272541,""width"":0.771961}",0.018187655,0.0067733689,-0.011414286,0.98197675,0.99324954,0.0045172479,0.00040048876,0.9774595,0.99284905,0.015389547,0.66042651,0.32314882,3.1809773,1.027929,False,0.95959651,True,True,True,0.66042651,0.32314882,3.1809773,1.027929,0.65196029,0.32138602,3.1388334,1.0087772,0.93320579,0.38269304,0.51608261,0.19750122,0.617552,0.29388669,0.77878176,0.2288736,0.64775268,0.32046964,1.5154486,0.48565527,0.65798758,0.28036936,1.7528062,0.49143314,0.6308371,0.33026202,1.4259593,0.47094022,0.69551155,0.37992474,1.3577556,0.51584493
0b_baseline_best,file,13,baseline,10656,181.Worm_eating_Warbler/Worm_Eating_Warbler_0074_176093.jpg,181,180,181.Worm_eating_Warbler,168,167,gaussian_blur,gaussian_blur,0,"{""sigma"":1.52381}",0.018187655,1.0726367,1.0544491,0.98197675,0.3421053,0.0045172479,0.089909479,0.9774595,0.25219582,-0.72526368,0.70253184,46.339046,3.1809773,147.40345,False,0.88304871,True,True,True,0.70253184,46.339046,3.1809773,147.40345,0.70007523,46.636408,3.1388334,146.38392,0.86670423,33.535016,0.51608261,17.306838,0.77936558,56.496177,0.77878176,43.998193,0.67400768,48.967282,1.5154486,74.207398,0.71746335,47.548665,1.7528062,83.343594,0.67941956,46.927992,1.4259593,66.917409,0.72065781,37.276245,1.3577556,50.612028
0b_baseline_best,file,13,baseline,10656,181.Worm_eating_Warbler/Worm_Eating_Warbler_0074_176093.jpg,181,180,181.Worm_eating_Warbler,168,167,random_erasing,random_erasing,0,"{""area_fraction"":0.053791,""erased"":true,""height"":0.312134,""left"":0.060763,""top"":0.615467,""width"":0.172334}",0.018187655,0.047085792,0.028898137,0.98197675,0.95400554,0.0045172479,0.011687237,0.9774595,0.9423183,-0.035141197,0.96600989,2.6796711,3.1809773,8.5239728,False,0.99262321,True,True,True,0.96600989,2.6796711,3.1809773,8.5239728,0.96544935,2.6849576,3.1388334,8.4276347,0.99158192,2.4761969,0.51608261,1.2779222,0.97510055,2.5508812,0.77878176,1.9865797,0.9771629,2.873941,1.5154486,4.3553098,0.97314708,2.6952175,1.7528062,4.7241938,0.95181671,2.6398539,1.4259593,3.7643244,0.95351341,2.5108021,1.3577556,3.4090554
0b_baseline_best,file,13,baseline,3630,063.Ivory_Gull/Ivory_Gull_0117_49227.jpg,63,62,063.Ivory_Gull,62,61,identity,identity,0,{},0.026856482,0.026856482,0,0.97350097,0.97350097,0.017842963,0.017842963,0.955658,0.955658,0,1,1,5.0242882,5.0242882,False,1,True,True,True,1,1,5.0242882,5.0242882,1,1,4.937852,4.937852,1,1,0.92794922,0.92794922,1,1,1.5112811,1.5112811,1,1,2.4709094,2.4709094,1,1,2.2080373,2.2080373,1,1,2.2951082,2.2951082,1,1,2.4186915,2.4186915
0b_baseline_best,file,13,baseline,3630,063.Ivory_Gull/Ivory_Gull_0117_49227.jpg,63,62,063.Ivory_Gull,62,61,horizontal_flip,horizontal_flip,0,"{""flipped"":true}",0.026856482,0.022209607,-0.004646875,0.97350097,0.97803521,0.017842963,0.013531065,0.955658,0.96450415,0.0088461433,0.70846344,0.74677683,5.0242882,3.7520221,False,0.98008728,True,True,True,0.70846344,0.74677683,5.0242882,3.7520221,0.69801064,0.74377854,4.937852,3.6726684,0.97845347,0.82717711,0.92794922,0.76757836,0.5105884,0.75044495,1.5112811,1.1341333,0.68586605,0.64911327,2.4709094,1.6039001,0.66442085,0.71346985,2.2080373,1.5753681,0.68635331,0.78688313,2.2951082,1.8059819,0.81983792,0.81506526,2.4186915,1.9713914
0b_baseline_best,file,13,baseline,3630,063.Ivory_Gull/Ivory_Gull_0117_49227.jpg,63,62,063.Ivory_Gull,62,61,color_jitter,color_jitter,0,"{""brightness"":1.088348,""contrast"":1.369909,""hue"":0.097231,""saturation"":0.611034}",0.026856482,0.0085477438,-0.018308738,0.97350097,0.9914887,0.017842963,0.002442861,0.955658,0.98904583,0.03338783,0.69615892,0.28120527,5.0242882,1.4128563,False,0.94935167,True,True,True,0.69615892,0.28120527,5.0242882,1.4128563,0.68877152,0.28042861,4.937852,1.384715,0.89206307,0.30237021,0.92794922,0.2805842,0.52672152,0.28446306,1.5112811,0.42990363,0.66469059,0.23549949,2.4709094,0.58189789,0.66377754,0.28911987,2.2080373,0.63838747,0.70570333,0.29140847,2.2951082,0.66881396,0.78416329,0.30358435,2.4186915,0.73427689
0b_baseline_best,file,13,baseline,3630,063.Ivory_Gull/Ivory_Gull_0117_49227.jpg,63,62,063.Ivory_Gull,62,61,rotation,rotation,0,"{""angle"":-9.03164}",0.026856482,0.036586121,0.0097296387,0.97350097,0.96407509,0.017842963,0.015183138,0.955658,0.94889195,-0.0067660529,0.78695124,1.2527063,5.0242882,6.2939576,False,0.96643049,True,True,True,0.78695124,1.2527063,5.0242882,6.2939576,0.78187401,1.2561998,4.937852,6.2029288,0.94708848,1.1493865,0.92794922,1.0665723,0.84799267,1.0090958,1.5112811,1.5250274,0.81157576,1.2443327,2.4709094,3.0746333,0.75190101,1.4365269,2.2080373,3.1719049,0.75032724,1.2579068,2.2951082,2.8870321,0.80219546,1.1912225,2.4186915,2.8811998
0b_baseline_best,file,13,baseline,3630,063.Ivory_Gull/Ivory_Gull_0117_49227.jpg,63,62,063.Ivory_Gull,62,61,random_resized_crop,random_resized_crop,0,"{""area_fraction"":0.773942,""aspect"":0.942347,""fallback"":false,""height"":0.906252,""left"":0.10235,""top"":0.073981,""width"":0.854004}",0.026856482,0.010206647,-0.016649835,0.97350097,0.98984528,0.017842963,0.003904239,0.955658,0.98594104,0.030283033,0.75244241,0.31443473,5.0242882,1.5798107,False,0.98202688,True,True,True,0.75244241,0.31443473,5.0242882,1.5798107,0.74530092,0.31261188,4.937852,1.5436312,0.93480965,0.36226288,0.92794922,0.33616156,0.65022752,0.20308332,1.5112811,0.30691598,0.76388545,0.27569528,2.4709094,0.68121805,0.69427428,0.33793417,2.2080373,0.74617124,0.75297254,0.33094458,2.2951082,0.75955362,0.81426742,0.34364573,2.4186915,0.831173
0b_baseline_best,file,13,baseline,3630,063.Ivory_Gull/Ivory_Gull_0117_49227.jpg,63,62,063.Ivory_Gull,62,61,gaussian_blur,gaussian_blur,0,"{""sigma"":1.60767}",0.026856482,0.18915866,0.16230218,0.97350097,0.8276552,0.017842963,0.073241964,0.955658,0.75441323,-0.20124477,0.54142894,7.759591,5.0242882,38.986422,False,0.91780853,True,True,True,0.54142894,7.759591,5.0242882,38.986422,0.53327021,7.8239148,4.937852,38.633334,0.89027756,5.6416171,0.92794922,5.2351342,0.26530517,6.152254,1.5112811,9.2977851,0.45128139,6.8239952,2.4709094,16.861474,0.45799514,8.9341345,2.2080373,19.726902,0.63081376,8.895384,2.2951082,20.415869,0.69080105,7.3474724,2.4186915,17.771269
0b_baseline_best,file,13,baseline,3630,063.Ivory_Gull/Ivory_Gull_0117_49227.jpg,63,62,063.Ivory_Gull,62,61,random_erasing,random_erasing,0,"{""area_fraction"":0.09999,""erased"":true,""height"":0.20659,""left"":0.05704,""top"":0.117532,""width"":0.484004}",0.026856482,0.60056859,0.57371211,0.97350097,0.54849964,0.017842963,0.19952776,0.955658,0.34897189,-0.60668612,0.75750052,12.974279,5.0242882,65.186516,False,0.93126082,True,True,True,0.75750052,12.974279,5.0242882,65.186516,0.75205902,12.958401,4.937852,63.986667,0.90676447,13.416068,0.92794922,12.44943,0.85144421,13.606181,1.5112811,20.562764,0.65065187,10.554138,2.4709094,26.078319,0.75835242,13.505174,2.2080373,29.819927,0.78545049,14.026373,2.2951082,32.192043,0.77589745,13.497827,2.4186915,32.64708
0b_baseline_best,file,13,baseline,10772,183.Northern_Waterthrush/Northern_Waterthrush_0055_177114.jpg,183,182,183.Northern_Waterthrush,184,183,identity,identity,0,{},0.10648227,0.10648227,0,0.89899099,0.89899099,0.025267648,0.025267648,0.87372334,0.87372334,0,1,1,18.008872,18.008872,False,0.99999988,True,True,True,1,1,18.008872,18.008872,1,1,17.77232,17.77232,1,1,2.9093167,2.9093167,1,1,3.8797593,3.8797593,1,1,7.5073026,7.5073026,1,1,10.447217,10.447217,1,1,8.1017184,8.1017184,1,1,8.3463191,8.3463191
0b_baseline_best,file,13,baseline,10772,183.Northern_Waterthrush/Northern_Waterthrush_0055_177114.jpg,183,182,183.Northern_Waterthrush,184,183,horizontal_flip,horizontal_flip,0,"{""flipped"":true}",0.10648227,0.051151533,-0.055330742,0.89899099,0.95013469,0.025267648,0.011110478,0.87372334,0.93902422,0.065300875,0.72591201,0.4436698,18.008872,7.9899926,False,0.96729046,True,True,True,0.72591201,0.4436698,18.008872,7.9899926,0.71913084,0.44180863,17.77232,7.8519643,0.95279939,0.50827368,2.9093167,1.4787291,0.7895281,0.44064695,3.8797593,1.7096041,0.56512025,0.44378586,7.5073026,3.3316347,0.75912588,0.42715423,10.447217,4.4625729,0.70185286,0.44530766,8.1017184,3.6077573,0.78359609,0.45937639,8.3463191,3.8341019
0b_baseline_best,file,13,baseline,10772,183.Northern_Waterthrush/Northern_Waterthrush_0055_177114.jpg,183,182,183.Northern_Waterthrush,184,183,color_jitter,color_jitter,0,"{""brightness"":1.349743,""contrast"":1.298996,""hue"":-0.053558,""saturation"":1.269305}",0.10648227,0.19587737,0.089395098,0.89899099,0.82211304,0.025267648,0.014288574,0.87372334,0.80782446,-0.065898878,0.48526544,1.5454114,18.008872,27.831116,False,0.84073567,True,True,True,0.48526544,1.5454114,18.008872,27.831116,0.47694553,1.5429152,17.77232,27.421183,0.77890971,1.6358397,2.9093167,4.7591757,0.67244301,1.5053113,3.8797593,5.8402456,0.39853668,1.5746812,7.5073026,11.821608,0.43107808,1.4439203,10.447217,15.084949,0.43827625,1.666064,8.1017184,13.497982,0.6091838,1.5543956,8.3463191,12.973481
0b_baseline_best,file,13,baseline,10772,183.Northern_Waterthrush/Northern_Waterthrush_0055_177114.jpg,183,182,183.Northern_Waterthrush,184,183,rotation,rotation,0,"{""angle"":-0.640202}",0.10648227,0.065612778,-0.040869497,0.89899099,0.9364934,0.025267648,0.014360687,0.87372334,0.92213271,0.048409369,0.93753714,0.67462094,18.008872,12.149162,False,0.9937402,True,True,True,0.93753714,0.67462094,18.008872,12.149162,0.9362213,0.6757459,17.77232,12.009572,0.99223145,0.63120903,2.9093167,1.836387,0.91103044,0.692439,3.8797593,2.6864966,0.89053183,0.72769215,7.5073026,5.4630051,0.94579452,0.67048082,10.447217,7.0046586,0.94392096,0.66232819,8.1017184,5.3659965,0.96399804,0.6486424,8.3463191,5.4137765
0b_baseline_best,file,13,baseline,10772,183.Northern_Waterthrush/Northern_Waterthrush_0055_177114.jpg,183,182,183.Northern_Waterthrush,184,183,random_resized_crop,random_resized_crop,0,"{""area_fraction"":0.651181,""aspect"":1.05979,""fallback"":false,""height"":0.783864,""left"":0.000955,""top"":0.002365,""width"":0.830732}",0.10648227,0.15505095,0.048568673,0.89899099,0.85637152,0.025267648,0.033932809,0.87372334,0.82243871,-0.051284628,0.78701673,1.3895493,18.008872,25.024216,False,0.97181231,True,True,True,0.78701673,1.3895493,18.008872,25.024216,0.78202359,1.3877934,17.77232,24.664308,0.96573548,1.4535595,2.9093167,4.228865,0.82748031,1.3419388,3.8797593,5.2063995,0.64993467,1.4844455,7.5073026,11.144181,0.83515174,1.3692512,10.447217,14.304864,0.77837385,1.3812889,8.1017184,11.190814,0.81091092,1.3511055,8.3463191,11.276758
0b_baseline_best,file,13,baseline,10772,183.Northern_Waterthrush/Northern_Waterthrush_0055_177114.jpg,183,182,183.Northern_Waterthrush,184,183,gaussian_blur,gaussian_blur,0,"{""sigma"":1.348945}",0.10648227,0.11758031,0.011098035,0.89899099,0.88906914,0.025267648,0.078041397,0.87372334,0.81102774,-0.062695598,0.61298635,1.3844771,18.008872,24.93287,False,0.95902574,True,True,True,0.61298635,1.3844771,18.008872,24.93287,0.60668191,1.3878371,17.77232,24.665084,0.87678039,1.252666,2.9093167,3.6444022,0.62203969,1.3111164,3.8797593,5.0868159,0.44046058,1.6957787,7.5073026,12.730724,0.62779088,1.4112155,10.447217,14.743274,0.65151391,1.3373119,8.1017184,10.834525,0.74671833,1.1089579,8.3463191,9.2557161
0b_baseline_best,file,13,baseline,10772,183.Northern_Waterthrush/Northern_Waterthrush_0055_177114.jpg,183,182,183.Northern_Waterthrush,184,183,random_erasing,random_erasing,0,"{""area_fraction"":0.196883,""erased"":true,""height"":0.567506,""left"":0.358141,""top"":0.385185,""width"":0.346927}",0.10648227,3.6651082,3.5586259,0.89899099,0.025601402,0.025267648,0.051371958,0.87372334,-0.025770556,-0.8994939,0.65717065,9.0717309,18.008872,163.37164,False,0.85453153,False,True,False,0.65717065,9.0717309,18.008872,163.37164,0.65402766,9.0641537,17.77232,161.09104,0.77117902,9.3500997,2.9093167,27.202401,0.71093963,8.2691736,3.8797593,32.082403,0.64103028,9.0440084,7.5073026,67.896108,0.72224304,8.760732,10.447217,91.525267,0.60224846,9.4807194,8.1017184,76.81012,0.60436772,9.3073351,8.3463191,77.681988
0b_baseline_best,file,13,baseline,4129,071.Long_tailed_Jaeger/Long_Tailed_Jaeger_0060_60886.jpg,71,70,071.Long_tailed_Jaeger,72,71,identity,identity,0,{},3.7774572,3.7774572,0,0.022880798,0.022880798,0.74085343,0.74085343,-0.71797263,-0.71797263,0,1,1,129.72584,129.72584,False,1,True,False,False,1,1,129.72584,129.72584,1,1,125.62722,125.62722,1,1,32.351119,32.351119,1,1,35.901649,35.901649,1,1,51.257472,51.257472,1,1,59.717577,59.717577,1,1,64.346934,64.346934,1,1,64.492046,64.492046
0b_baseline_best,file,13,baseline,4129,071.Long_tailed_Jaeger/Long_Tailed_Jaeger_0060_60886.jpg,71,70,071.Long_tailed_Jaeger,72,71,horizontal_flip,horizontal_flip,0,"{""flipped"":true}",3.7774572,2.6396139,-1.1378434,0.022880798,0.071388833,0.74085343,0.27048391,-0.71797263,-0.19909508,0.51887755,0.33651051,0.89620101,129.72584,116.26043,False,0.94193208,False,False,False,0.33651051,0.89620101,129.72584,116.26043,0.30624815,0.90012659,125.62722,113.0804,0.82948336,0.83476981,32.351119,27.005738,0.19035834,0.56045325,35.901649,20.121196,0.14783491,0.82808437,51.257472,42.445511,0.30278431,0.91487652,59.717577,54.634209,0.23367023,0.96734634,64.346934,62.245771,0.50013547,0.94588612,64.492046,61.002131
0b_baseline_best,file,13,baseline,4129,071.Long_tailed_Jaeger/Long_Tailed_Jaeger_0060_60886.jpg,71,70,071.Long_tailed_Jaeger,72,71,color_jitter,color_jitter,0,"{""brightness"":0.882586,""contrast"":1.042012,""hue"":0.087416,""saturation"":0.953581}",3.7774572,2.6787329,-1.0987244,0.022880798,0.068650074,0.74085343,0.36767071,-0.71797263,-0.29902064,0.41895199,0.65682577,0.76397382,129.72584,99.107143,False,0.94615304,True,False,False,0.65682577,0.76397382,129.72584,99.107143,0.64012118,0.76239013,125.62722,95.776951,0.90102338,0.78746919,32.351119,25.475509,0.4022551,0.59231469,35.901649,21.265074,0.45201037,0.73603483,51.257472,37.727284,0.65802045,0.84736394,59.717577,50.602521,0.69347046,0.74195879,64.346934,47.742773,0.75128377,0.76870018,64.492046,49.575048
0b_baseline_best,file,13,baseline,4129,071.Long_tailed_Jaeger/Long_Tailed_Jaeger_0060_60886.jpg,71,70,071.Long_tailed_Jaeger,72,71,rotation,rotation,0,"{""angle"":-9.083321}",3.7774572,4.5455494,0.76809216,0.022880798,0.010614338,0.74085343,0.83548021,-0.71797263,-0.82486587,-0.10689324,0.7348773,1.1630744,129.72584,150.8808,False,0.93682909,True,False,False,0.7348773,1.1630744,129.72584,150.8808,0.72170657,1.1629805,125.62722,146.102,0.93322934,1.1644902,32.351119,37.67256,0.79153691,1.23722,35.901649,44.418238,0.65868892,1.087987,51.257472,55.767465,0.69823582,1.2166254,59.717577,72.653922,0.70086075,1.1114583,64.346934,71.518936,0.77852532,1.1879148,64.492046,76.611053
0b_baseline_best,file,13,baseline,4129,071.Long_tailed_Jaeger/Long_Tailed_Jaeger_0060_60886.jpg,71,70,071.Long_tailed_Jaeger,72,71,random_resized_crop,random_resized_crop,0,"{""area_fraction"":0.504417,""aspect"":0.805537,""fallback"":false,""height"":0.79132,""left"":0.298639,""top"":0.185229,""width"":0.637438}",3.7774572,4.8381176,1.0606604,0.022880798,0.0079219528,0.74085343,0.8692444,-0.71797263,-0.86132244,-0.14334981,0.60924138,1.3420958,129.72584,174.1045,False,0.92839795,True,False,False,0.60924138,1.3420958,129.72584,174.1045,0.58934509,1.3458322,125.62722,169.07316,0.92423531,1.2844345,32.351119,41.552893,0.58732154,1.1628757,35.901649,41.749157,0.569612,1.2934692,51.257472,66.29996,0.53294774,1.3701479,59.717577,81.821914,0.5553256,1.3907692,64.346934,89.491732,0.6871753,1.3644619,64.492046,87.996938
0b_baseline_best,file,13,baseline,4129,071.Long_tailed_Jaeger/Long_Tailed_Jaeger_0060_60886.jpg,71,70,071.Long_tailed_Jaeger,72,71,gaussian_blur,gaussian_blur,0,"{""sigma"":1.080479}",3.7774572,3.8124185,0.034961224,0.022880798,0.022094676,0.74085343,0.75350678,-0.71797263,-0.7314121,-0.013439473,0.64830547,1.1403081,129.72584,147.92742,False,0.91835243,True,False,False,0.64830547,1.1403081,129.72584,147.92742,0.63349162,1.1497597,125.62722,144.44111,0.91573388,0.98686768,32.351119,31.926274,0.4992141,1.3530551,35.901649,48.576911,0.60824087,1.2072999,51.257472,61.883141,0.61384042,1.1197272,59.717577,66.867396,0.63371674,1.1618946,64.346934,74.764355,0.72948657,1.0531431,64.492046,67.91935
0b_baseline_best,file,13,baseline,4129,071.Long_tailed_Jaeger/Long_Tailed_Jaeger_0060_60886.jpg,71,70,071.Long_tailed_Jaeger,72,71,random_erasing,random_erasing,0,"{""area_fraction"":0.138608,""erased"":true,""height"":0.21373,""left"":0.16795,""top"":0.025296,""width"":0.648517}",3.7774572,3.5735116,-0.20394564,0.022880798,0.028057156,0.74085343,0.85149181,-0.71797263,-0.82343465,-0.10546202,0.90669419,1.0849672,129.72584,140.74827,False,0.97240472,True,False,False,0.90669419,1.0849672,129.72584,140.74827,0.90289879,1.087867,125.62722,136.66571,0.96740032,1.0402587,32.351119,33.653534,0.93861056,1.0291577,35.901649,36.94846,0.89100956,1.0165858,51.257472,52.107617,0.90961308,1.0958402,59.717577,65.440923,0.90432032,1.1106649,64.346934,71.46788,0.89465539,1.1188854,64.492046,72.159208
0b_baseline_best,file,13,baseline,11036,188.Pileated_Woodpecker/Pileated_Woodpecker_0004_180307.jpg,188,187,188.Pileated_Woodpecker,44,43,identity,identity,0,{},0.016661542,0.016661542,0,0.98347652,0.98347652,0.0026478847,0.0026478847,0.98082863,0.98082863,0,1,1,2.8771414,2.8771414,False,0.99999994,True,True,True,1,1,2.8771414,2.8771414,1,1,2.8367339,2.8367339,1,1,0.48050337,0.48050337,1,1,0.85549379,0.85549379,1,1,1.3304686,1.3304686,1,1,1.361396,1.361396,1,1,1.315801,1.315801,1,1,1.4001113,1.4001113
0b_baseline_best,file,13,baseline,11036,188.Pileated_Woodpecker/Pileated_Woodpecker_0004_180307.jpg,188,187,188.Pileated_Woodpecker,44,43,horizontal_flip,horizontal_flip,0,"{""flipped"":true}",0.016661542,0.016594127,-6.7414716e-05,0.98347652,0.9835428,0.0026478847,0.00045867189,0.98082863,0.98308413,0.0022554931,0.64564253,1.0241638,2.8771414,2.9466641,False,0.93265152,True,True,True,0.64564253,1.0241638,2.8771414,2.9466641,0.63792377,1.0245629,2.8367339,2.9064124,0.91856726,1.0101557,0.48050337,0.4853832,0.67950104,1.0067155,0.85549379,0.86123886,0.67916847,0.94117086,1.3304686,1.2521983,0.66824165,1.1470274,1.361396,1.5615585,0.53823528,1.0567913,1.315801,1.3905271,0.65684383,0.94900288,1.4001113,1.3287096
0b_baseline_best,file,13,baseline,11036,188.Pileated_Woodpecker/Pileated_Woodpecker_0004_180307.jpg,188,187,188.Pileated_Woodpecker,44,43,color_jitter,color_jitter,0,"{""brightness"":0.734814,""contrast"":0.840095,""hue"":0.007586,""saturation"":1.248845}",0.016661542,0.085953608,0.069292067,0.98347652,0.91763681,0.0026478847,0.0074458341,0.98082863,0.91019098,-0.070637657,0.83590574,4.9319795,2.8771414,14.190003,False,0.97232068,True,True,True,0.83590574,4.9319795,2.8771414,14.190003,0.83237047,4.940442,2.8367339,14.014719,0.96920256,4.6273764,0.48050337,2.22347,0.86232653,5.0143121,0.85549379,4.2897129,0.73049191,4.5423659,1.3304686,6.0434754,0.85309515,5.3243226,1.361396,7.2485114,0.84916733,5.1444708,1.315801,6.7691,0.87788589,4.6903418,1.4001113,6.5670004
0b_baseline_best,file,13,baseline,11036,188.Pileated_Woodpecker/Pileated_Woodpecker_0004_180307.jpg,188,187,188.Pileated_Woodpecker,44,43,rotation,rotation,0,"{""angle"":-8.468376}",0.016661542,0.62531215,0.60865061,0.98347652,0.53509438,0.0026478847,0.089963987,0.98082863,0.44513039,-0.53569824,0.71915597,24.65351,2.8771414,70.931636,False,0.93802691,True,True,True,0.71915597,24.65351,2.8771414,70.931636,0.71356329,24.710484,2.8367339,70.097067,0.93534384,22.578156,0.48050337,10.84888,0.78753665,23.388722,0.85549379,20.008906,0.71549964,22.318412,1.3304686,29.693947,0.70533141,27.036182,1.361396,36.80695,0.66269761,25.822778,1.315801,33.977637,0.74984128,23.926996,1.4001113,33.500457
0b_baseline_best,file,13,baseline,11036,188.Pileated_Woodpecker/Pileated_Woodpecker_0004_180307.jpg,188,187,188.Pileated_Woodpecker,44,43,random_resized_crop,random_resized_crop,0,"{""area_fraction"":0.537295,""aspect"":0.752509,""fallback"":false,""height"":0.844988,""left"":0.06194,""top"":0.107238,""width"":0.635861}",0.016661542,3.6030707,3.5864092,0.98347652,0.027239947,0.0026478847,0.032694083,0.98082863,-0.0054541361,-0.98628277,0.42878109,44.223941,2.8771414,127.23853,False,0.78507334,False,True,False,0.42878109,44.223941,2.8771414,127.23853,0.41767267,44.047443,2.8367339,124.95088,0.7732655,49.987643,0.48050337,24.019231,0.58787147,39.868367,0.85549379,34.10714,0.36068497,41.119097,1.3304686,54.707669,0.34501552,50.768234,1.361396,69.11567,0.41251011,42.610092,1.315801,56.066403,0.50137418,42.471573,1.4001113,59.464927
0b_baseline_best,file,13,baseline,11036,188.Pileated_Woodpecker/Pileated_Woodpecker_0004_180307.jpg,188,187,188.Pileated_Woodpecker,44,43,gaussian_blur,gaussian_blur,0,"{""sigma"":1.807002}",0.016661542,0.1916683,0.17500676,0.98347652,0.82558066,0.0026478847,0.021736383,0.98082863,0.80384427,-0.17698436,0.57305622,10.99104,2.8771414,31.622776,False,0.90971923,True,True,True,0.57305622,10.99104,2.8771414,31.622776,0.56554296,11.042777,2.8367339,31.325419,0.90591475,9.0039784,0.48050337,4.3264419,0.43931155,10.17321,0.85549379,8.7031177,0.41829776,9.5491473,1.3304686,12.704841,0.53161252,11.76546,1.361396,16.01745,0.61954963,12.284436,1.315801,16.163874,0.71903975,10.744224,1.4001113,15.043109
0b_baseline_best,file,13,baseline,11036,188.Pileated_Woodpecker/Pileated_Woodpecker_0004_180307.jpg,188,187,188.Pileated_Woodpecker,44,43,random_erasing,random_erasing,0,"{""area_fraction"":0.126508,""erased"":true,""height"":0.40504,""left"":0.157497,""top"":0.197853,""width"":0.312333}",0.016661542,0.26755777,0.25089623,0.98347652,0.76524609,0.0026478847,0.075845741,0.98082863,0.68940035,-0.29142828,0.86061669,13.268277,2.8771414,38.174709,False,0.9630025,True,True,True,0.86061669,13.268277,2.8771414,38.174709,0.85794562,13.240612,2.8367339,37.560093,0.9494686,14.198844,0.48050337,6.8225923,0.88208216,10.880604,0.85549379,9.3082888,0.85165263,11.76055,1.3304686,15.647043,0.86944612,13.837139,1.361396,18.837825,0.86058119,14.229325,1.315801,18.72296,0.85548674,13.810195,1.4001113,19.335809
0b_baseline_best,file,13,baseline,5450,094.White_breasted_Nuthatch/White_Breasted_Nuthatch_0068_86033.jpg,94,93,094.White_breasted_Nuthatch,93,92,identity,identity,0,{},0.0018641253,0.0018641253,0,0.99813759,0.99813759,0.00086111494,0.00086111494,0.99727648,0.99727648,0,1,1,0.31259804,0.31259804,False,0.99999988,True,True,True,1,1,0.31259804,0.31259804,1,1,0.30583405,0.30583405,1,1,0.064676676,0.064676676,1,1,0.055510198,0.055510198,1,1,0.14242231,0.14242231,1,1,0.17707917,0.17707917,1,1,0.1303015,0.1303015,1,1,0.14776148,0.14776148
0b_baseline_best,file,13,baseline,5450,094.White_breasted_Nuthatch/White_Breasted_Nuthatch_0068_86033.jpg,94,93,094.White_breasted_Nuthatch,93,92,horizontal_flip,horizontal_flip,0,"{""flipped"":true}",0.0018641253,0.00039819896,-0.0014659263,0.99813759,0.9996019,0.00086111494,0.00020165165,0.99727648,0.99940025,0.0021237706,0.65434107,0.17465018,0.31259804,0.054595306,False,0.96753079,True,True,True,0.65434107,0.17465018,0.31259804,0.054595306,0.63726229,0.17125254,0.30583405,0.052374858,0.96266008,0.23828897,0.064676676,0.015411739,0.44211945,0.11266204,0.055510198,0.0062538922,0.58511422,0.15766464,0.14242231,0.022454963,0.6711102,0.14752698,0.17707917,0.026123956,0.54173057,0.17777102,0.1303015,0.02316383,0.74409742,0.21194408,0.14776148,0.03131717
0b_baseline_best,file,13,baseline,5450,094.White_breasted_Nuthatch/White_Breasted_Nuthatch_0068_86033.jpg,94,93,094.White_breasted_Nuthatch,93,92,color_jitter,color_jitter,0,"{""brightness"":0.941272,""contrast"":1.032435,""hue"":0.076144,""saturation"":0.663586}",0.0018641253,0.0080888066,0.0062246814,0.99813759,0.99194384,0.00086111494,0.0023173322,0.99727648,0.9896265,-0.0076499743,0.7920681,4.5989465,0.31259804,1.4376217,False,0.98016751,True,True,True,0.7920681,4.5989465,0.31259804,1.4376217,0.78619339,4.6305618,0.30583405,1.4161835,0.96513273,3.8243617,0.064676676,0.247347,0.84896379,4.857729,0.055510198,0.2696535,0.72934661,5.6610686,0.14242231,0.80626247,0.78429302,4.1256258,0.17707917,0.7305624,0.79626281,4.5922562,0.1303015,0.59837787,0.87132781,4.2319599,0.14776148,0.62532065
0b_baseline_best,file,13,baseline,5450,094.White_breasted_Nuthatch/White_Breasted_Nuthatch_0068_86033.jpg,94,93,094.White_breasted_Nuthatch,93,92,rotation,rotation,0,"{""angle"":-5.427792}",0.0018641253,0.000616837,-0.0012472883,0.99813759,0.99938333,0.00086111494,0.00010762343,0.99727648,0.99927571,0.0019992286,0.77372448,0.31202937,0.31259804,0.09753977,False,0.97862113,True,True,True,0.77372448,0.31202937,0.31259804,0.09753977,0.76632692,0.31200084,0.30583405,0.095420479,0.93878519,0.31266658,0.064676676,0.020222235,0.72335292,0.32058646,0.055510198,0.017795818,0.75160101,0.32521351,0.14242231,0.04631766,0.77984134,0.28331258,0.17707917,0.050168758,0.70546727,0.32470457,0.1303015,0.042309493,0.82245509,0.32709973,0.14776148,0.04833274
0b_baseline_best,file,13,baseline,5450,094.White_breasted_Nuthatch/White_Breasted_Nuthatch_0068_86033.jpg,94,93,094.White_breasted_Nuthatch,93,92,random_resized_crop,random_resized_crop,0,"{""area_fraction"":0.679052,""aspect"":0.90362,""fallback"":false,""height"":0.866879,""left"":0.076136,""top"":0.036833,""width"":0.783329}",0.0018641253,0.0018814972,1.737196e-05,0.99813759,0.99812025,0.00086111494,0.00059097423,0.99727648,0.99752927,0.00025279575,0.77175845,0.90366442,0.31259804,0.28248373,False,0.97697556,True,True,True,0.77175845,0.90366442,0.31259804,0.28248373,0.76286606,0.903155,0.30583405,0.27621555,0.96808696,0.91498104,0.064676676,0.059177932,0.81419317,0.89743602,0.055510198,0.049816851,0.73476715,0.91250015,0.14242231,0.12996038,0.77578133,0.82276988,0.17707917,0.14569541,0.71295034,0.93328735,0.1303015,0.12160874,0.80879128,0.97857172,0.14776148,0.1445952
0b_baseline_best,file,13,baseline,5450,094.White_breasted_Nuthatch/White_Breasted_Nuthatch_0068_86033.jpg,94,93,094.White_breasted_Nuthatch,93,92,gaussian_blur,gaussian_blur,0,"{""sigma"":1.713847}",0.0018641253,0.099132434,0.097268308,0.99813759,0.90562278,0.00086111494,0.0010503954,0.99727648,0.90457238,-0.092704093,0.44228239,46.355575,0.31259804,14.490662,False,0.87829399,True,True,True,0.44228239,46.355575,0.31259804,14.490662,0.42905398,46.473923,0.30583405,14.213308,0.75823475,43.625522,0.064676676,2.8215537,0.44148477,50.699835,0.055510198,2.8143579,0.49415304,47.285865,0.14242231,6.7345622,0.38972714,43.508632,0.17707917,7.7044725,0.33938271,52.198845,0.1303015,6.8015878,0.50461368,44.441806,0.14776148,6.5667869
0b_baseline_best,file,13,baseline,5450,094.White_breasted_Nuthatch/White_Breasted_Nuthatch_0068_86033.jpg,94,93,094.White_breasted_Nuthatch,93,92,random_erasing,random_erasing,0,"{""area_fraction"":0.06968,""erased"":true,""height"":0.353859,""left"":0.421398,""top"":0.402704,""width"":0.196915}",0.0018641253,0.0060303411,0.0041662159,0.99813759,0.9939878,0.00086111494,0.0027659961,0.99727648,0.9912218,-0.0060546758,0.8531205,3.5718399,0.31259804,1.1165502,False,0.97425956,True,True,True,0.8531205,3.5718399,0.31259804,1.1165502,0.8486417,3.5880531,0.30583405,1.0973488,0.97158422,3.1878459,0.064676676,0.20617928,0.81896453,3.069549,0.055510198,0.17039127,0.8657288,3.5898977,0.14242231,0.51128152,0.86670385,3.7053623,0.17707917,0.65614248,0.80812015,3.813879,0.1303015,0.49695415,0.84924606,3.2894328,0.14776148,0.48605145
0b_baseline_best,file,13,baseline,4776,082.Ringed_Kingfisher/Ringed_Kingfisher_0017_73145.jpg,82,81,082.Ringed_Kingfisher,80,79,identity,identity,0,{},1.6651495,1.6651495,0,0.18916239,0.18916239,0.66803426,0.66803426,-0.47887187,-0.47887187,0,1,1,126.69881,126.69881,False,1,True,False,False,1,1,126.69881,126.69881,1,1,123.50029,123.50029,1,1,28.289003,28.289003,1,1,23.981408,23.981408,1,1,47.903755,47.903755,1,1,66.353045,66.353045,1,1,63.9005,63.9005,1,1,62.421496,62.421496
0b_baseline_best,file,13,baseline,4776,082.Ringed_Kingfisher/Ringed_Kingfisher_0017_73145.jpg,82,81,082.Ringed_Kingfisher,80,79,horizontal_flip,horizontal_flip,0,"{""flipped"":true}",1.6651495,0.88888752,-0.77626193,0.18916239,0.41111284,0.66803426,0.23411094,-0.47887187,0.17700191,0.65587378,0.47509161,0.53924366,126.69881,68.321532,False,0.97063702,False,False,True,0.47509161,0.53924366,126.69881,68.321532,0.44982794,0.53427601,123.50029,65.983242,0.89143157,0.62643675,28.289003,17.721271,0.34360704,0.4297507,23.981408,10.306027,0.068630476,0.52377968,47.903755,25.091014,0.36511372,0.48938941,66.353045,32.472478,0.53023762,0.54021202,63.9005,34.519818,0.66689306,0.59337967,62.421496,37.039647
0b_baseline_best,file,13,baseline,4776,082.Ringed_Kingfisher/Ringed_Kingfisher_0017_73145.jpg,82,81,082.Ringed_Kingfisher,80,79,color_jitter,color_jitter,0,"{""brightness"":0.740578,""contrast"":0.770521,""hue"":0.058531,""saturation"":0.78607}",1.6651495,2.8209291,1.1557796,0.18916239,0.05955058,0.66803426,0.38605615,-0.47887187,-0.32650558,0.15236629,0.65761447,0.88372134,126.69881,111.96644,False,0.94146246,True,False,False,0.65761447,0.88372134,126.69881,111.96644,0.64462658,0.8754681,123.50029,108.12056,0.87637896,1.0284365,28.289003,29.093444,0.49460372,0.87444209,23.981408,20.970353,0.49981804,0.88220286,47.903755,42.26083,0.65828062,0.82415528,66.353045,54.685213,0.67817075,0.86576358,63.9005,55.322725,0.70225738,0.93594353,62.421496,58.422995
0b_baseline_best,file,13,baseline,4776,082.Ringed_Kingfisher/Ringed_Kingfisher_0017_73145.jpg,82,81,082.Ringed_Kingfisher,80,79,rotation,rotation,0,"{""angle"":2.882188}",1.6651495,2.3654902,0.70034075,0.18916239,0.093903266,0.66803426,0.71428508,-0.47887187,-0.62038181,-0.14150994,0.88949801,1.1729041,126.69881,148.60556,False,0.98628116,True,False,False,0.88949801,1.1729041,126.69881,148.60556,0.88445246,1.1720557,123.50029,144.74922,0.98438084,1.1889577,28.289003,33.634428,0.89669302,1.2004997,23.981408,28.789674,0.84491845,1.226237,47.903755,58.741356,0.88417817,1.169689,66.353045,77.612429,0.87908513,1.1484196,63.9005,73.384588,0.91384243,1.1623102,62.421496,72.55314
0b_baseline_best,file,13,baseline,4776,082.Ringed_Kingfisher/Ringed_Kingfisher_0017_73145.jpg,82,81,082.Ringed_Kingfisher,80,79,random_resized_crop,random_resized_crop,0,"{""area_fraction"":0.846854,""aspect"":1.161809,""fallback"":false,""height"":0.853762,""left"":0.001646,""top"":0.026988,""width"":0.991909}",1.6651495,2.0939536,0.42880416,0.18916239,0.12319907,0.66803426,0.40106443,-0.47887187,-0.27786536,0.20100651,0.64144666,0.96159589,126.69881,121.83306,False,0.95868027,False,False,False,0.64144666,0.96159589,126.69881,121.83306,0.62875266,0.95852692,123.50029,118.37835,0.87028842,1.0183212,28.289003,28.807291,0.60902889,0.91771934,23.981408,22.008202,0.52401124,1.0413882,47.903755,49.886404,0.63329102,0.95949083,66.353045,63.665138,0.623252,0.89170799,63.9005,56.980586,0.70042333,0.97976934,62.421496,61.158668
0b_baseline_best,file,13,baseline,4776,082.Ringed_Kingfisher/Ringed_Kingfisher_0017_73145.jpg,82,81,082.Ringed_Kingfisher,80,79,gaussian_blur,gaussian_blur,0,"{""sigma"":1.836883}",1.6651495,4.0762329,2.4110835,0.18916239,0.016971279,0.66803426,0.082130149,-0.47887187,-0.06515887,0.413713,0.3337943,0.77575511,126.69881,98.287251,False,0.72631407,False,False,False,0.3337943,0.77575511,126.69881,98.287251,0.3187695,0.76346209,123.50029,94.287788,0.56651747,0.98103204,28.289003,27.752419,0.047327666,0.64390359,23.981408,15.441715,0.1834628,0.78692178,47.903755,37.696508,0.47557466,0.73459917,66.353045,48.742892,0.29052491,0.71335,63.9005,45.583422,0.29754172,0.84421574,62.421496,52.697209
0b_baseline_best,file,13,baseline,4776,082.Ringed_Kingfisher/Ringed_Kingfisher_0017_73145.jpg,82,81,082.Ringed_Kingfisher,80,79,random_erasing,random_erasing,0,"{""area_fraction"":0.058605,""erased"":true,""height"":0.39652,""left"":0.845498,""top"":0.342943,""width"":0.147799}",1.6651495,1.639493,-0.025656462,0.18916239,0.19407843,0.66803426,0.67762625,-0.47887187,-0.48354782,-0.0046759546,0.98482578,1.0412849,126.69881,131.92956,False,0.99739021,True,False,False,0.98482578,1.0412849,126.69881,131.92956,0.98419246,1.0421863,123.50029,128.71031,0.99725717,1.0239525,28.289003,28.966596,0.99323675,1.0608591,23.981408,25.440895,0.98276254,1.0378473,47.903755,49.716784,0.98800777,1.0556061,66.353045,70.042676,0.98362444,1.0384177,63.9005,66.355409,0.98004091,1.030572,62.421496,64.329849
0b_baseline_best,file,13,baseline,6166,106.Horned_Puffin/Horned_Puffin_0082_100876.jpg,106,105,106.Horned_Puffin,89,88,identity,identity,0,{},0.083977699,0.083977699,0,0.91945177,0.91945177,0.008263777,0.008263777,0.911188,0.911188,0,1,1,11.522178,11.522178,False,0.99999994,True,True,True,1,1,11.522178,11.522178,1,1,11.346015,11.346015,1,1,2.0071187,2.0071187,1,1,2.9212123,2.9212123,1,1,4.3163068,4.3163068,1,1,5.777475,5.777475,1,1,5.797375,5.797375,1,1,5.8804157,5.8804157
0b_baseline_best,file,13,baseline,6166,106.Horned_Puffin/Horned_Puffin_0082_100876.jpg,106,105,106.Horned_Puffin,89,88,horizontal_flip,horizontal_flip,0,"{""flipped"":true}",0.083977699,0.067214958,-0.016762741,0.91945177,0.93499422,0.008263777,0.0058138128,0.911188,0.92918041,0.017992412,0.66291631,0.69993378,11.522178,8.0647612,False,0.96927023,True,True,True,0.66291631,0.69993378,11.522178,8.0647612,0.65205575,0.69612576,11.346015,7.8982531,0.96796952,0.81227333,2.0071187,1.630329,0.8142712,0.64985098,2.9212123,1.8983527,0.56277541,0.65484417,4.3163068,2.8265084,0.63860412,0.6534965,5.777475,3.7755597,0.60602364,0.6856789,5.797375,3.9751377,0.71541573,0.77432343,5.8804157,4.5533436
0b_baseline_best,file,13,baseline,6166,106.Horned_Puffin/Horned_Puffin_0082_100876.jpg,106,105,106.Horned_Puffin,89,88,color_jitter,color_jitter,0,"{""brightness"":1.056539,""contrast"":0.763708,""hue"":0.039869,""saturation"":0.709897}",0.083977699,0.075345263,-0.0086324364,0.91945177,0.92742324,0.008263777,0.0073952968,0.911188,0.92002794,0.0088399458,0.73188921,0.83824982,11.522178,9.6584632,False,0.95501184,True,True,True,0.73188921,0.83824982,11.522178,9.6584632,0.72467998,0.83609374,11.346015,9.4863318,0.94703774,0.90444545,2.0071187,1.8153294,0.66871656,0.73315293,2.9212123,2.1416953,0.51492287,0.81358902,4.3163068,3.5116999,0.69653722,0.82563125,5.777475,4.7700639,0.76095894,0.82991584,5.797375,4.8113334,0.83484013,0.88640065,5.8804157,5.2124043
0b_baseline_best,file,13,baseline,6166,106.Horned_Puffin/Horned_Puffin_0082_100876.jpg,106,105,106.Horned_Puffin,89,88,rotation,rotation,0,"{""angle"":-12.371478}",0.083977699,0.15669198,0.072714284,0.91945177,0.85496736,0.008263777,0.0075619342,0.911188,0.84740542,-0.063782575,0.64823469,1.7175629,11.522178,19.790065,False,0.93318343,True,True,True,0.64823469,1.7175629,11.522178,19.790065,0.63914088,1.7147507,11.346015,19.455587,0.9251084,1.8051216,2.0071187,3.6230932,0.58113271,1.8954268,2.9212123,5.5369441,0.56058732,1.6006964,4.3163068,6.9090969,0.6243263,1.6636361,5.777475,9.6116162,0.63046199,1.6990874,5.797375,9.8502466,0.71590707,1.7893575,5.8804157,10.522166
0b_baseline_best,file,13,baseline,6166,106.Horned_Puffin/Horned_Puffin_0082_100876.jpg,106,105,106.Horned_Puffin,89,88,random_resized_crop,random_resized_crop,0,"{""area_fraction"":0.636703,""aspect"":0.857805,""fallback"":false,""height"":0.861538,""left"":0.065693,""top"":0.09046,""width"":0.739031}",0.083977699,0.060353179,-0.023624521,0.91945177,0.941432,0.008263777,0.0083358614,0.911188,0.93309614,0.021908142,0.71353415,0.82734966,11.522178,9.5328697,False,0.9467389,True,True,True,0.71353415,0.82734966,11.522178,9.5328697,0.70667622,0.82850112,11.346015,9.4001858,0.94425466,0.78967122,2.0071187,1.5849639,0.76978469,0.77882346,2.9212123,2.2751087,0.67503064,0.94579846,4.3163068,4.0823564,0.6783226,0.8057925,5.777475,4.655446,0.68776009,0.8414276,5.797375,4.8780713,0.76590566,0.78027699,5.8804157,4.588353
0b_baseline_best,file,13,baseline,6166,106.Horned_Puffin/Horned_Puffin_0082_100876.jpg,106,105,106.Horned_Puffin,89,88,gaussian_blur,gaussian_blur,0,"{""sigma"":1.619048}",0.083977699,1.9915979,1.9076202,0.91945177,0.13647719,0.008263777,0.016198803,0.911188,0.12027838,-0.79090961,0.62490439,13.050882,11.522178,150.37458,False,0.85542887,False,True,False,0.62490439,13.050882,11.522178,150.37458,0.62075279,13.143993,11.346015,149.13194,0.83647256,9.6117605,2.0071187,19.291944,0.66560776,16.228853,2.9212123,47.407924,0.59395622,13.917381,4.3163068,60.071687,0.62888626,13.875527,5.777475,80.165513,0.61681253,13.630815,5.797375,79.022947,0.64275175,10.362372,5.8804157,60.935053
0b_baseline_best,file,13,baseline,6166,106.Horned_Puffin/Horned_Puffin_0082_100876.jpg,106,105,106.Horned_Puffin,89,88,random_erasing,random_erasing,0,"{""area_fraction"":0.13114,""erased"":true,""height"":0.555552,""left"":0.620961,""top"":0.408831,""width"":0.236054}",0.083977699,0.20511551,0.12113781,0.91945177,0.8145532,0.008263777,0.016493633,0.911188,0.79805957,-0.11312843,0.89439497,2.3098872,11.522178,26.61493,False,0.93775523,True,True,True,0.89439497,2.3098872,11.522178,26.61493,0.89324281,2.3122435,11.346015,26.234748,0.93303827,2.2332831,2.0071187,4.4824641,0.95585716,2.3186207,2.9212123,6.7731832,0.89160487,2.4276076,4.3163068,10.478299,0.89151727,2.3805188,5.777475,13.753388,0.89542525,2.2919704,5.797375,13.287412,0.87973463,2.1968198,5.8804157,12.918214
0b_baseline_best,file,13,baseline,6776,116.Chipping_Sparrow/Chipping_Sparrow_0010_109760.jpg,116,115,116.Chipping_Sparrow,115,114,identity,identity,0,{},4.5365286,4.5365286,0,0.010710522,0.010710522,0.28242549,0.28242549,-0.27171497,-0.27171497,0,1,1,171.49828,171.49828,False,1.0000001,True,False,False,1,1,171.49828,171.49828,1,1,167.56534,167.56534,1,1,36.517342,36.517342,1,1,28.338184,28.338184,1,1,83.75537,83.75537,1,1,94.684355,94.684355,1,1,74.388996,74.388996,1,1,75.903089,75.903089
0b_baseline_best,file,13,baseline,6776,116.Chipping_Sparrow/Chipping_Sparrow_0010_109760.jpg,116,115,116.Chipping_Sparrow,115,114,horizontal_flip,horizontal_flip,0,"{""flipped"":true}",4.5365286,5.1186657,0.58213711,0.010710522,0.0059840032,0.28242549,0.013194609,-0.27171497,-0.0072106062,0.26450437,0.47913951,1.1188301,171.49828,191.87744,False,0.9160887,False,False,False,0.47913951,1.1188301,171.49828,191.87744,0.46540181,1.1276783,167.56534,188.9598,0.84682181,0.91282352,36.517342,33.333889,0.44908025,1.0509567,28.338184,29.782204,0.45169332,1.0770801,83.75537,90.211239,0.44855009,1.1520845,94.684355,109.08438,0.38734865,1.1792203,74.388996,87.721015,0.59216618,1.1090542,75.903089,84.18064
0b_baseline_best,file,13,baseline,6776,116.Chipping_Sparrow/Chipping_Sparrow_0010_109760.jpg,116,115,116.Chipping_Sparrow,115,114,color_jitter,color_jitter,0,"{""brightness"":1.064627,""contrast"":1.008562,""hue"":-0.088131,""saturation"":1.017984}",4.5365286,7.2341795,2.6976509,0.010710522,0.00072149915,0.28242549,0.0053747687,-0.27171497,-0.0046532696,0.2670617,0.35176584,1.3154226,171.49828,225.59271,False,0.81531632,False,False,False,0.35176584,1.3154226,171.49828,225.59271,0.34240121,1.3233607,167.56534,221.74938,0.58554325,1.1354662,36.517342,41.464208,0.28774371,1.2089664,28.338184,34.259913,0.28244623,1.1468782,83.75537,96.057204,0.33224142,1.3811744,94.684355,130.77561,0.31706891,1.4709441,74.388996,109.42205,0.46509161,1.2973305,75.903089,98.471395
0b_baseline_best,file,13,baseline,6776,116.Chipping_Sparrow/Chipping_Sparrow_0010_109760.jpg,116,115,116.Chipping_Sparrow,115,114,rotation,rotation,0,"{""angle"":-9.110071}",4.5365286,3.7781763,-0.75835228,0.010710522,0.022864353,0.28242549,0.020560401,-0.27171497,0.0023039524,0.27401892,0.66596584,0.96574554,171.49828,165.6237,False,0.92947292,False,False,False,0.66596584,0.96574554,171.49828,165.6237,0.65701477,0.97161307,167.56534,162.80868,0.89352525,0.83265458,36.517342,30.406332,0.59328583,0.84884181,28.338184,24.054635,0.68742531,0.95256108,83.75537,79.782105,0.62414248,1.0082472,94.684355,95.465239,0.6198856,0.99250571,74.388996,73.831504,0.723035,0.9314194,75.903089,70.69761
0b_baseline_best,file,13,baseline,6776,116.Chipping_Sparrow/Chipping_Sparrow_0010_109760.jpg,116,115,116.Chipping_Sparrow,115,114,random_resized_crop,random_resized_crop,0,"{""area_fraction"":0.597984,""aspect"":1.092636,""fallback"":false,""height"":0.739788,""left"":0.102527,""top"":0.076169,""width"":0.808318}",4.5365286,4.6968231,0.16029453,0.010710522,0.0091242203,0.28242549,0.029585397,-0.27171497,-0.020461177,0.25125379,0.55573469,1.2064849,171.49828,206.91009,False,0.92527914,False,False,False,0.55573469,1.2064849,171.49828,206.91009,0.54388717,1.2132508,167.56534,203.29879,0.84817957,1.0539873,36.517342,38.488814,0.52794461,1.3023384,28.338184,36.905904,0.46470604,1.3392295,83.75537,112.16766,0.54621426,1.1879235,94.684355,112.47777,0.55059791,1.2171122,74.388996,90.539755,0.66552418,1.0652838,75.903089,80.858335
0b_baseline_best,file,13,baseline,6776,116.Chipping_Sparrow/Chipping_Sparrow_0010_109760.jpg,116,115,116.Chipping_Sparrow,115,114,gaussian_blur,gaussian_blur,0,"{""sigma"":1.129808}",4.5365286,5.62816,1.0916314,0.010710522,0.0035951841,0.28242549,0.043597996,-0.27171497,-0.040002812,0.23171216,0.53270012,0.86389288,171.49828,148.15614,False,0.84256136,False,False,False,0.53270012,0.86389288,171.49828,148.15614,0.52345984,0.87184937,167.56534,146.09174,0.80094993,0.67492431,36.517342,24.646442,0.22113219,1.1542566,28.338184,32.709535,0.46706536,0.80977921,83.75537,67.823357,0.53196623,0.83823067,94.684355,79.367331,0.48693453,0.92245964,74.388996,68.620847,0.66988706,0.89983069,75.903089,68.299929
0b_baseline_best,file,13,baseline,6776,116.Chipping_Sparrow/Chipping_Sparrow_0010_109760.jpg,116,115,116.Chipping_Sparrow,115,114,random_erasing,random_erasing,0,"{""area_fraction"":0.090279,""erased"":true,""height"":0.398557,""left"":0.372398,""top"":0.511901,""width"":0.226515}",4.5365286,5.9576721,1.4211435,0.010710522,0.0025859245,0.28242549,0.033957224,-0.27171497,-0.0313713,0.24034367,0.60353962,0.7150275,171.49828,122.62599,False,0.85978103,False,False,False,0.60353962,0.7150275,171.49828,122.62599,0.59293771,0.7116084,167.56534,119.2409,0.80893387,0.78356248,36.517342,28.613619,0.54464248,0.5935283,28.338184,16.819514,0.63369025,0.59724734,83.75537,50.022672,0.56618578,0.67240375,94.684355,63.666116,0.56469699,0.78078257,74.388996,58.081632,0.64104445,0.83390499,75.903089,63.295965
0b_baseline_best,file,13,baseline,5910,101.White_Pelican/White_Pelican_0047_97190.jpg,101,100,101.White_Pelican,146,145,identity,identity,0,{},0.00012313561,0.00012313561,0,0.99987686,0.99987686,3.3057226e-05,3.3057226e-05,0.9998438,0.9998438,0,1,1,0.021434121,0.021434121,False,0.99999994,True,True,True,1,1,0.021434121,0.021434121,1,1,0.020909558,0.020909558,1,1,0.0047129528,0.0047129528,1,1,0.0050715403,0.0050715403,1,1,0.0096128865,0.0096128865,1,1,0.010145629,0.010145629,1,1,0.0091004135,0.0091004135,1,1,0.011546869,0.011546869
0b_baseline_best,file,13,baseline,5910,101.White_Pelican/White_Pelican_0047_97190.jpg,101,100,101.White_Pelican,146,145,horizontal_flip,horizontal_flip,0,"{""flipped"":true}",0.00012313561,0.00030083899,0.00017770338,0.99987686,0.99969923,3.3057226e-05,0.00010429683,0.9998438,0.99959494,-0.00024886144,0.67556095,2.3866793,0.021434121,0.051156373,False,0.98336065,True,True,True,0.67556095,2.3866793,0.021434121,0.051156373,0.66108509,2.3915683,0.020909558,0.050006636,0.9739808,2.2883215,0.0047129528,0.010784751,0.031477168,1.9488683,0.0050715403,0.009883764,0.71986667,2.325654,0.0096128865,0.022356248,0.66480685,2.5420836,0.010145629,0.025791038,0.58328872,2.4732663,0.0091004135,0.022507746,0.77343422,2.3421368,0.011546869,0.027044347
0b_baseline_best,file,13,baseline,5910,101.White_Pelican/White_Pelican_0047_97190.jpg,101,100,101.White_Pelican,146,145,color_jitter,color_jitter,0,"{""brightness"":1.356112,""contrast"":0.703897,""hue"":-0.036751,""saturation"":0.828766}",0.00012313561,0.020071963,0.019948827,0.99987686,0.98012811,3.3057226e-05,0.0026774532,0.9998438,0.97745066,-0.022393143,0.62157383,186.45931,0.021434121,3.9965914,False,0.91535461,True,True,True,0.62157383,186.45931,0.021434121,3.9965914,0.61324006,188.6199,0.020909558,3.9439587,0.87777615,137.1702,0.0047129528,0.64647667,0.42429214,167.50469,0.0050715403,0.84950678,0.62746617,197.20679,0.0096128865,1.8957265,0.53992316,220.66449,0.010145629,2.2387801,0.5887277,188.55682,0.0091004135,1.7159451,0.75770383,156.91184,0.011546869,1.8118405
0b_baseline_best,file,13,baseline,5910,101.White_Pelican/White_Pelican_0047_97190.jpg,101,100,101.White_Pelican,146,145,rotation,rotation,0,"{""angle"":7.568571}",0.00012313561,0.00053367676,0.00041054115,0.99987686,0.99946648,3.3057226e-05,0.00013175378,0.9998438,0.99933473,-0.00050907454,0.80877449,3.9259634,0.021434121,0.084149575,False,0.9831239,True,True,True,0.80877449,3.9259634,0.021434121,0.084149575,0.79993447,3.925312,0.020909558,0.082076539,0.98218763,3.9387638,0.0047129528,0.018563208,0.65092057,3.1711125,0.0050715403,0.016082425,0.83762641,3.684532,0.0096128865,0.035418988,0.80020902,4.0083824,0.010145629,0.040667562,0.72643611,4.2605159,0.0091004135,0.038772457,0.85366128,3.9366584,0.011546869,0.045456079
0b_baseline_best,file,13,baseline,5910,101.White_Pelican/White_Pelican_0047_97190.jpg,101,100,101.White_Pelican,146,145,random_resized_crop,random_resized_crop,0,"{""area_fraction"":0.829884,""aspect"":1.168867,""fallback"":false,""height"":0.842609,""left"":0.005293,""top"":0.01767,""width"":0.984898}",0.00012313561,0.00096643937,0.00084330376,0.99987686,0.99903405,3.3057226e-05,0.00031017963,0.9998438,0.99872387,-0.0011199321,0.79907763,7.0473135,0.021434121,0.15105297,False,0.98147368,True,True,True,0.79907763,7.0473135,0.021434121,0.15105297,0.79005328,7.0476907,0.020909558,0.1473641,0.97690636,7.0398839,0.0047129528,0.033178641,0.76613529,6.3449871,0.0050715403,0.032178858,0.77379857,6.6902151,0.0096128865,0.064312278,0.80830216,7.0632453,0.010145629,0.071661068,0.7303486,7.3924981,0.0091004135,0.06727479,0.83108226,7.1851856,0.011546869,0.082966399
0b_baseline_best,file,13,baseline,5910,101.White_Pelican/White_Pelican_0047_97190.jpg,101,100,101.White_Pelican,146,145,gaussian_blur,gaussian_blur,0,"{""sigma"":1.697148}",0.00012313561,0.038135856,0.038012721,0.99987686,0.96258217,3.3057226e-05,0.0081457868,0.9998438,0.95443638,-0.045407415,0.64212328,263.23284,0.021434121,5.6421646,False,0.90591925,True,True,True,0.64212328,263.23284,0.021434121,5.6421646,0.63078833,264.33264,0.020909558,5.5270786,0.89000629,240.56367,0.0047129528,1.1337652,0.54431065,238.42954,0.0050715403,1.209205,0.69656074,244.60429,0.0096128865,2.3513532,0.58271294,276.63611,0.010145629,2.8066474,0.55508196,304.22826,0.0091004135,2.768603,0.71086636,245.18334,0.011546869,2.8311
0b_baseline_best,file,13,baseline,5910,101.White_Pelican/White_Pelican_0047_97190.jpg,101,100,101.White_Pelican,146,145,random_erasing,random_erasing,0,"{""area_fraction"":0.170357,""erased"":true,""height"":0.686867,""left"":0.310335,""top"":0.046378,""width"":0.248021}",0.00012313561,0.00073953933,0.00061640372,0.99987686,0.99926072,3.3057226e-05,0.00026618125,0.9998438,0.99899454,-0.00084925723,0.81809873,5.7599921,0.021434121,0.12346037,False,0.97650772,True,True,True,0.81809873,5.7599921,0.021434121,0.12346037,0.81082691,5.7649881,0.020909558,0.12054335,0.96399926,5.6607558,0.0047129528,0.026678875,0.84681094,5.7310573,0.0050715403,0.029065288,0.88953414,5.7965086,0.0096128865,0.055721179,0.79895932,5.5741303,0.010145629,0.056553059,0.7044554,5.9238763,0.0091004135,0.053909724,0.82630702,5.7943883,0.011546869,0.066907044
0b_baseline_best,file,13,baseline,2998,052.Pied_billed_Grebe/Pied_Billed_Grebe_0052_35937.jpg,52,51,052.Pied_billed_Grebe,46,45,identity,identity,0,{},0.0024284415,0.0024284415,0,0.99757451,0.99757451,0.00043154947,0.00043154947,0.99714296,0.99714296,0,1,1,0.38853687,0.38853687,False,1,True,True,True,1,1,0.38853687,0.38853687,1,1,0.3806686,0.3806686,1,1,0.077796655,0.077796655,1,1,0.066961449,0.066961449,1,1,0.15802161,0.15802161,1,1,0.21197062,0.21197062,1,1,0.18759064,0.18759064,1,1,0.18796841,0.18796841
0b_baseline_best,file,13,baseline,2998,052.Pied_billed_Grebe/Pied_Billed_Grebe_0052_35937.jpg,52,51,052.Pied_billed_Grebe,46,45,horizontal_flip,horizontal_flip,0,"{""flipped"":true}",0.0024284415,0.0014077049,-0.0010207366,0.99757451,0.99859327,0.00043154947,0.00052553031,0.99714296,0.99806774,0.00092478175,0.75770171,0.59256736,0.38853687,0.23023427,False,0.97925782,True,True,True,0.75770171,0.59256736,0.38853687,0.23023427,0.74845269,0.58981263,0.3806686,0.22452315,0.96107726,0.65507296,0.077796655,0.050962485,0.64698893,0.55824969,0.066961449,0.037381208,0.71430926,0.55728172,0.15802161,0.088062553,0.77923444,0.61560521,0.21197062,0.13049022,0.70660657,0.57933651,0.18759064,0.1086781,0.78530729,0.59288402,0.18796841,0.11144347
0b_baseline_best,file,13,baseline,2998,052.Pied_billed_Grebe/Pied_Billed_Grebe_0052_35937.jpg,52,51,052.Pied_billed_Grebe,46,45,color_jitter,color_jitter,0,"{""brightness"":0.951998,""contrast"":1.185879,""hue"":0.084998,""saturation"":0.620447}",0.0024284415,0.48002273,0.47759429,0.99757451,0.61876935,0.00043154947,0.013532761,0.99714296,0.60523659,-0.39190637,0.69724238,160.18558,0.38853687,62.238005,False,0.88294852,True,True,True,0.69724238,160.18558,0.38853687,62.238005,0.69194027,161.08516,0.3806686,61.320063,0.85555618,136.89335,0.077796655,10.649845,0.3690878,158.42041,0.066961449,10.60806,0.59817565,164.06837,0.15802161,25.926347,0.7211223,167.47193,0.21197062,35.49913,0.72971635,164.52773,0.18759064,30.863861,0.72965446,146.92158,0.18796841,27.616616
0b_baseline_best,file,13,baseline,2998,052.Pied_billed_Grebe/Pied_Billed_Grebe_0052_35937.jpg,52,51,052.Pied_billed_Grebe,46,45,rotation,rotation,0,"{""angle"":-1.847791}",0.0024284415,0.0091861458,0.0067577043,0.99757451,0.99085593,0.00043154947,0.00050636445,0.99714296,0.99034957,-0.0067933909,0.85683037,4.1722609,0.38853687,1.6210772,False,0.98163605,True,True,True,0.85683037,4.1722609,0.38853687,1.6210772,0.85329464,4.1977906,0.3806686,1.5979671,0.97165151,3.5059338,0.077796655,0.27274992,0.77578398,3.9307531,0.066961449,0.26320892,0.81036729,4.8047097,0.15802161,0.75924795,0.87031774,4.3911152,0.21197062,0.93078744,0.86242198,3.9962753,0.18759064,0.74966383,0.88485238,3.6835343,0.18796841,0.6923881
0b_baseline_best,file,13,baseline,2998,052.Pied_billed_Grebe/Pied_Billed_Grebe_0052_35937.jpg,52,51,052.Pied_billed_Grebe,46,45,random_resized_crop,random_resized_crop,0,"{""area_fraction"":0.533397,""aspect"":0.850831,""fallback"":false,""height"":0.791779,""left"":0.05268,""top"":0.139806,""width"":0.67367}",0.0024284415,0.01045642,0.008027978,0.99757451,0.98959804,0.00043154947,0.00022937922,0.99714296,0.98936866,-0.0077743021,0.72646127,5.0162336,0.38853687,1.9489917,False,0.9417628,True,True,True,0.72646127,5.0162336,0.38853687,1.9489917,0.72086081,5.0554595,0.3806686,1.9244547,0.91847706,3.9627691,0.077796655,0.30829018,0.47765657,5.2695383,0.066961449,0.35285592,0.69607886,6.3144402,0.15802161,0.99781799,0.77378531,5.0621916,0.21197062,1.0730359,0.71273534,4.7318775,0.18759064,0.88765591,0.74489004,4.269442,0.18796841,0.80252025
0b_baseline_best,file,13,baseline,2998,052.Pied_billed_Grebe/Pied_Billed_Grebe_0052_35937.jpg,52,51,052.Pied_billed_Grebe,46,45,gaussian_blur,gaussian_blur,0,"{""sigma"":1.820548}",0.0024284415,4.4865665,4.4841381,0.99757451,0.011259235,0.00043154947,0.0031745727,0.99714296,0.0080846627,-0.9890583,0.44648651,438.05323,0.38853687,170.19983,False,0.66290051,False,True,False,0.44648651,438.05323,0.38853687,170.19983,0.44382555,444.29549,0.3806686,169.12934,0.64150981,244.98596,0.077796655,19.059088,0.23625535,545.77446,0.066961449,36.545849,0.49720949,578.12652,0.15802161,91.356483,0.51342166,452.52902,0.21197062,95.922859,0.38732076,412.48523,0.18759064,77.378367,0.4141249,325.1117,0.18796841,61.11073
0b_baseline_best,file,13,baseline,2998,052.Pied_billed_Grebe/Pied_Billed_Grebe_0052_35937.jpg,52,51,052.Pied_billed_Grebe,46,45,random_erasing,random_erasing,0,"{""area_fraction"":0.132681,""erased"":true,""height"":0.270652,""left"":0.291816,""top"":0.645819,""width"":0.490227}",0.0024284415,0.061947335,0.059518893,0.99757451,0.93993241,0.00043154947,0.0092073064,0.99714296,0.9307251,-0.066417859,0.84064707,27.41769,0.38853687,10.652784,False,0.96592796,True,True,True,0.84064707,27.41769,0.38853687,10.652784,0.83735278,27.623106,0.3806686,10.515249,0.96172393,21.93237,0.077796655,1.7062651,0.84899833,25.295197,0.066961449,1.693803,0.82155282,31.66455,0.15802161,5.0036831,0.86177062,28.788667,0.21197062,6.1023517,0.83192043,27.250424,0.18759064,5.1119243,0.83982377,23.368363,0.18796841,4.392514
0b_baseline_best,file,13,baseline,3365,058.Pigeon_Guillemot/Pigeon_Guillemot_0058_40184.jpg,58,57,058.Pigeon_Guillemot,8,7,identity,identity,0,{},0.052656256,0.052656256,0,0.94870609,0.94870609,0.021370441,0.021370441,0.92733565,0.92733565,0,1,1,7.6258221,7.6258221,False,1,True,True,True,1,1,7.6258221,7.6258221,1,1,7.4421813,7.4421813,1,1,1.6634605,1.6634605,1,1,1.6949616,1.6949616,1,1,3.2054094,3.2054094,1,1,3.9926248,3.9926248,1,1,3.4789535,3.4789535,1,1,3.7675387,3.7675387
0b_baseline_best,file,13,baseline,3365,058.Pigeon_Guillemot/Pigeon_Guillemot_0058_40184.jpg,58,57,058.Pigeon_Guillemot,8,7,horizontal_flip,horizontal_flip,0,"{""flipped"":true}",0.052656256,0.098463833,0.045807578,0.94870609,0.90622848,0.021370441,0.035445206,0.92733565,0.87078328,-0.056552373,0.66526622,1.9751537,7.6258221,15.062171,False,0.96673888,True,True,True,0.66526622,1.9751537,7.6258221,15.062171,0.65170459,1.9822037,7.4421813,14.751919,0.96163663,1.8283331,1.6634605,3.0413599,0.40695031,2.0988501,1.6949616,3.5574703,0.61068966,2.2569999,3.2054094,7.2346087,0.66556909,1.9684482,3.9926248,7.8592752,0.6572694,1.9428479,3.4789535,6.7590776,0.73425738,1.7838994,3.7675387,6.72091
0b_baseline_best,file,13,baseline,3365,058.Pigeon_Guillemot/Pigeon_Guillemot_0058_40184.jpg,58,57,058.Pigeon_Guillemot,8,7,color_jitter,color_jitter,0,"{""brightness"":0.930273,""contrast"":0.708554,""hue"":-0.096304,""saturation"":1.211491}",0.052656256,0.83662951,0.78397325,0.94870609,0.43316805,0.021370441,0.1339338,0.92733565,0.29923426,-0.62810139,0.56686292,14.358985,7.6258221,109.49906,False,0.89359534,True,True,True,0.56686292,14.358985,7.6258221,109.49906,0.55678358,14.523474,7.4421813,108.08633,0.87319438,10.53981,1.6634605,17.532557,0.53152811,13.51955,1.6949616,22.915118,0.38339521,15.729935,3.2054094,50.420882,0.57566717,15.648411,3.9926248,62.478234,0.5947282,14.327874,3.4789535,49.846009,0.66666297,12.526082,3.7675387,47.1925
0b_baseline_best,file,13,baseline,3365,058.Pigeon_Guillemot/Pigeon_Guillemot_0058_40184.jpg,58,57,058.Pigeon_Guillemot,8,7,rotation,rotation,0,"{""angle"":2.834544}",0.052656256,0.055027861,0.0023716055,0.94870609,0.94645876,0.021370441,0.024707206,0.92733565,0.92175155,-0.0055840984,0.79391071,1.1335181,7.6258221,8.6440071,False,0.98071253,True,True,True,0.79391071,1.1335181,7.6258221,8.6440071,0.78531455,1.1364798,7.4421813,8.4578886,0.9775044,1.0725178,1.6634605,1.7840909,0.64871171,1.6436634,1.6949616,2.7859463,0.70325163,1.0843122,3.2054094,3.4756646,0.78731419,1.1269369,3.9926248,4.4994364,0.81488251,1.1216115,3.4789535,3.9020344,0.87827615,1.0690854,3.7675387,4.0278205
0b_baseline_best,file,13,baseline,3365,058.Pigeon_Guillemot/Pigeon_Guillemot_0058_40184.jpg,58,57,058.Pigeon_Guillemot,8,7,random_resized_crop,random_resized_crop,0,"{""area_fraction"":0.608079,""aspect"":0.986413,""fallback"":false,""height"":0.785147,""left"":0.024088,""top"":0.082795,""width"":0.774479}",0.052656256,1.206252,1.1535957,0.94870609,0.29931703,0.021370441,0.16660333,0.92733565,0.13271371,-0.79462194,0.65676174,14.549051,7.6258221,110.94848,False,0.91299605,True,True,True,0.65676174,14.549051,7.6258221,110.94848,0.64719813,14.646311,7.4421813,109.0005,0.89045976,12.443433,1.6634605,20.699159,0.74700292,19.801907,1.6949616,33.56347,0.56633942,15.922745,3.2054094,51.038917,0.66249807,14.690261,3.9926248,58.652699,0.64877321,14.15095,3.4789535,49.230499,0.68617866,12.690133,3.7675387,47.810568
0b_baseline_best,file,13,baseline,3365,058.Pigeon_Guillemot/Pigeon_Guillemot_0058_40184.jpg,58,57,058.Pigeon_Guillemot,8,7,gaussian_blur,gaussian_blur,0,"{""sigma"":1.86946}",0.052656256,1.2798663,1.2272101,0.94870609,0.27807447,0.021370441,0.27386585,0.92733565,0.0042086244,-0.92312703,0.51333468,16.36393,7.6258221,124.78842,False,0.85081768,True,True,True,0.51333468,16.36393,7.6258221,124.78842,0.5017455,16.538673,7.4421813,123.0838,0.84495528,12.357057,1.6634605,20.555475,0.31747082,20.880145,1.6949616,35.391043,0.31666707,18.155444,3.2054094,58.195631,0.57040921,15.676147,3.9926248,62.588971,0.55172938,17.122897,3.4789535,59.569763,0.59942056,14.645198,3.7675387,55.176349
0b_baseline_best,file,13,baseline,3365,058.Pigeon_Guillemot/Pigeon_Guillemot_0058_40184.jpg,58,57,058.Pigeon_Guillemot,8,7,random_erasing,random_erasing,0,"{""area_fraction"":0.111611,""erased"":true,""height"":0.248114,""left"":0.419842,""top"":0.329809,""width"":0.449839}",0.052656256,0.27312863,0.22047237,0.94870609,0.76099491,0.021370441,0.04424759,0.92733565,0.71674732,-0.21058833,0.79356331,4.7956021,7.6258221,36.570409,False,0.95813966,True,True,True,0.79356331,4.7956021,7.6258221,36.570409,0.7883421,4.8320308,7.4421813,35.960849,0.9336403,3.9972213,1.6634605,6.6492197,0.81807806,5.6937726,1.6949616,9.6507257,0.8128373,5.4699902,3.2054094,17.533558,0.81238922,5.0091378,3.9926248,19.999608,0.76158158,4.5339132,3.4789535,15.773273,0.76923453,4.1447161,3.7675387,15.615378
0b_baseline_best,file,13,baseline,10968,187.American_Three_toed_Woodpecker/American_Three_Toed_Woodpecker_0008_179850.jpg,187,186,187.American_Three_toed_Woodpecker,190,189,identity,identity,0,{},0.82795072,0.82795072,0,0.4369438,0.4369438,0.14685231,0.14685231,0.29009148,0.29009148,0,1,1,116.32342,116.32342,False,1.0000002,True,True,True,1,1,116.32342,116.32342,1,1,115.21844,115.21844,1,1,15.995238,15.995238,1,1,20.315941,20.315941,1,1,56.867415,56.867415,1,1,73.100845,73.100845,1,1,50.400145,50.400145,1,1,41.770101,41.770101
0b_baseline_best,file,13,baseline,10968,187.American_Three_toed_Woodpecker/American_Three_Toed_Woodpecker_0008_179850.jpg,187,186,187.American_Three_toed_Woodpecker,190,189,horizontal_flip,horizontal_flip,0,"{""flipped"":true}",0.82795072,0.80232722,-0.0256235,0.4369438,0.44828451,0.14685231,0.29611602,0.29009148,0.15216848,-0.137923,0.79390755,1.0315733,116.32342,119.99613,False,0.96570766,True,True,True,0.79390755,1.0315733,116.32342,119.99613,0.79119687,1.0306796,115.21844,118.7533,0.92926767,1.0769301,15.995238,17.225753,0.77767242,1.1823001,20.315941,24.019539,0.78919307,1.0050829,56.867415,57.156468,0.80443973,1.0308487,73.100845,75.355909,0.77784519,1.0419065,50.400145,52.512239,0.78005292,1.02204,41.770101,42.690715
0b_baseline_best,file,13,baseline,10968,187.American_Three_toed_Woodpecker/American_Three_Toed_Woodpecker_0008_179850.jpg,187,186,187.American_Three_toed_Woodpecker,190,189,color_jitter,color_jitter,0,"{""brightness"":0.818365,""contrast"":1.243664,""hue"":0.088741,""saturation"":1.148367}",0.82795072,2.8372655,2.0093148,0.4369438,0.058585644,0.14685231,0.08052706,0.29009148,-0.021941416,-0.3120329,0.71661494,1.7607431,116.32342,204.81566,False,0.87982661,False,True,False,0.71661494,1.7607431,116.32342,204.81566,0.71624102,1.7553736,115.21844,202.25141,0.74039171,2.019862,15.995238,32.308173,0.68212763,1.4929348,20.315941,30.330375,0.73957719,1.5723825,56.867415,89.41733,0.82798618,1.6891422,73.100845,123.47772,0.64624388,1.8813973,50.400145,94.822695,0.52953922,2.1078788,41.770101,88.046308
0b_baseline_best,file,13,baseline,10968,187.American_Three_toed_Woodpecker/American_Three_Toed_Woodpecker_0008_179850.jpg,187,186,187.American_Three_toed_Woodpecker,190,189,rotation,rotation,0,"{""angle"":12.595579}",0.82795072,0.80630791,-0.021642804,0.4369438,0.44650355,0.14685231,0.21915333,0.29009148,0.22735022,-0.062741265,0.7475407,0.96120097,116.32342,111.81018,False,0.93544614,True,True,True,0.7475407,0.96120097,116.32342,111.81018,0.74469912,0.96225502,115.21844,110.86953,0.90573212,0.90482565,15.995238,14.472902,0.73693591,1.0830413,20.315941,22.003003,0.63902991,0.93690918,56.867415,53.279603,0.78432786,0.95673687,73.100845,69.938274,0.77643489,0.95703802,50.400145,48.234855,0.77225217,1.0018607,41.770101,41.847822
0b_baseline_best,file,13,baseline,10968,187.American_Three_toed_Woodpecker/American_Three_Toed_Woodpecker_0008_179850.jpg,187,186,187.American_Three_toed_Woodpecker,190,189,random_resized_crop,random_resized_crop,0,"{""area_fraction"":0.619586,""aspect"":0.904162,""fallback"":false,""height"":0.827804,""left"":0.241872,""top"":0.007224,""width"":0.748469}",0.82795072,0.83805144,0.010100722,0.4369438,0.43255258,0.14685231,0.23189586,0.29009148,0.20065671,-0.089434773,0.7689391,0.87062059,116.32342,101.27356,False,0.94271165,True,True,True,0.7689391,0.87062059,116.32342,101.27356,0.7657783,0.86793176,115.21844,100.00175,0.91883305,1.0002683,15.995238,15.99953,0.76301696,1.1120383,20.315941,22.592105,0.74431848,0.87560885,56.867415,49.793612,0.79356145,0.80444584,73.100845,58.80567,0.74650084,0.87190696,50.400145,43.944237,0.77341928,0.96398762,41.770101,40.26586
0b_baseline_best,file,13,baseline,10968,187.American_Three_toed_Woodpecker/American_Three_Toed_Woodpecker_0008_179850.jpg,187,186,187.American_Three_toed_Woodpecker,190,189,gaussian_blur,gaussian_blur,0,"{""sigma"":1.931163}",0.82795072,4.4074936,3.5795429,0.4369438,0.012185684,0.14685231,0.01452551,0.29009148,-0.002339826,-0.29243131,0.44008004,1.9281663,116.32342,224.29089,False,0.69702411,False,True,False,0.44008004,1.9281663,116.32342,224.29089,0.43705801,1.935062,115.21844,222.95484,0.65075321,1.5282513,15.995238,24.444744,0.24503383,1.8786773,20.315941,38.167098,0.41571314,1.9031248,56.867415,108.22579,0.47288116,1.9876267,73.100845,145.29719,0.40929528,1.9587683,50.400145,98.722205,0.45090932,1.8046112,41.770101,75.378792
0b_baseline_best,file,13,baseline,10968,187.American_Three_toed_Woodpecker/American_Three_Toed_Woodpecker_0008_179850.jpg,187,186,187.American_Three_toed_Woodpecker,190,189,random_erasing,random_erasing,0,"{""area_fraction"":0.164532,""erased"":true,""height"":0.547697,""left"":0.623611,""top"":0.155398,""width"":0.300407}",0.82795072,0.77286273,-0.055087984,0.4369438,0.46168947,0.14685231,0.043616492,0.29009148,0.41807298,0.1279815,0.75340882,0.9648328,116.32342,112.23265,False,0.91844916,True,True,True,0.75340882,0.9648328,116.32342,112.23265,0.75095695,0.96541359,115.21844,111.23345,0.88528061,0.93420126,15.995238,14.942771,0.78633281,0.88662904,20.315941,18.012703,0.71580281,0.95387998,56.867415,54.244688,0.77596526,0.94621699,73.100845,69.169261,0.74906169,0.96703728,50.400145,48.738819,0.74076371,1.0561232,41.770101,44.114374
0b_baseline_best,file,13,baseline,10980,187.American_Three_toed_Woodpecker/American_Three_Toed_Woodpecker_0013_179833.jpg,187,186,187.American_Three_toed_Woodpecker,190,189,identity,identity,0,{},0.14759021,0.14759021,0,0.86278462,0.86278462,0.07575722,0.07575722,0.7870274,0.7870274,0,1,1,34.522628,34.522628,False,1,True,True,True,1,1,34.522628,34.522628,1,1,34.27895,34.27895,1,1,4.0945583,4.0945583,1,1,10.443139,10.443139,1,1,15.93203,15.93203,1,1,18.953085,18.953085,1,1,17.180906,17.180906,1,1,12.560045,12.560045
0b_baseline_best,file,13,baseline,10980,187.American_Three_toed_Woodpecker/American_Three_Toed_Woodpecker_0013_179833.jpg,187,186,187.American_Three_toed_Woodpecker,190,189,horizontal_flip,horizontal_flip,0,"{""flipped"":true}",0.14759021,0.046521094,-0.10106911,0.86278462,0.95454443,0.07575722,0.040699407,0.7870274,0.91384502,0.12681761,0.75024895,0.34784625,34.522628,12.008567,False,0.96028209,True,True,True,0.75024895,0.34784625,34.522628,12.008567,0.74759597,0.34619864,34.27895,11.867326,0.91859437,0.44848998,4.0945583,1.8363684,0.84069174,0.31986404,10.443139,3.3403846,0.73788405,0.34301662,15.93203,5.4649512,0.74734616,0.34908438,18.953085,6.616226,0.72715533,0.33429807,17.180906,5.7435437,0.74760018,0.38222086,12.560045,4.8007112
0b_baseline_best,file,13,baseline,10980,187.American_Three_toed_Woodpecker/American_Three_Toed_Woodpecker_0013_179833.jpg,187,186,187.American_Three_toed_Woodpecker,190,189,color_jitter,color_jitter,0,"{""brightness"":0.605468,""contrast"":0.828856,""hue"":-0.047042,""saturation"":0.814021}",0.14759021,0.01071757,-0.13687264,0.86278462,0.98933965,0.07575722,0.007518399,0.7870274,0.98182125,0.19479385,0.81612502,0.080628649,34.522628,2.7835129,False,0.94461811,True,True,True,0.81612502,0.080628649,34.522628,2.7835129,0.81453528,0.080441999,34.27895,2.7574673,0.92091649,0.092779737,4.0945583,0.37989205,0.8734844,0.12147009,10.443139,1.268529,0.8401835,0.091016641,15.93203,1.4500799,0.81721109,0.069061786,18.953085,1.3089339,0.81893038,0.066720802,17.180906,1.1463238,0.82280474,0.074021291,12.560045,0.92971074
0b_baseline_best,file,13,baseline,10980,187.American_Three_toed_Woodpecker/American_Three_Toed_Woodpecker_0013_179833.jpg,187,186,187.American_Three_toed_Woodpecker,190,189,rotation,rotation,0,"{""angle"":5.639044}",0.14759021,0.51273388,0.36514367,0.86278462,0.59885615,0.07575722,0.33350387,0.7870274,0.26535228,-0.52167512,0.84692202,3.4914022,34.522628,120.53238,False,0.94436163,True,True,True,0.84692202,3.4914022,34.522628,120.53238,0.8460308,3.4929824,34.27895,119.73577,0.91195684,3.3788141,4.0945583,13.834752,0.91139148,3.9745228,10.443139,41.506493,0.83231547,3.4529599,15.93203,55.012662,0.84152419,3.5789758,18.953085,67.832633,0.85094823,3.3521838,17.180906,57.593555,0.82627425,3.2528314,12.560045,40.855708
0b_baseline_best,file,13,baseline,10980,187.American_Three_toed_Woodpecker/American_Three_Toed_Woodpecker_0013_179833.jpg,187,186,187.American_Three_toed_Woodpecker,190,189,random_resized_crop,random_resized_crop,0,"{""area_fraction"":0.747538,""aspect"":0.930792,""fallback"":false,""height"":0.89617,""left"":0.077531,""top"":0.033457,""width"":0.834148}",0.14759021,0.42745292,0.27986272,0.86278462,0.6521681,0.07575722,0.21428782,0.7870274,0.43788028,-0.34914713,0.87582496,2.9116186,34.522628,100.51673,False,0.97860616,True,True,True,0.87582496,2.9116186,34.522628,100.51673,0.87450457,2.9143168,34.27895,99.899721,0.97728248,2.7158407,4.0945583,11.120168,0.82588318,2.5505027,10.443139,26.635254,0.87367218,2.878992,15.93203,45.868187,0.87934777,3.0654124,18.953085,58.099022,0.8805162,2.9064677,17.180906,49.935749,0.8902842,2.867947,12.560045,36.021543
0b_baseline_best,file,13,baseline,10980,187.American_Three_toed_Woodpecker/American_Three_Toed_Woodpecker_0013_179833.jpg,187,186,187.American_Three_toed_Woodpecker,190,189,gaussian_blur,gaussian_blur,0,"{""sigma"":1.736971}",0.14759021,0.055577405,-0.0920128,0.86278462,0.94593883,0.07575722,0.0094663315,0.7870274,0.93647249,0.14944509,0.43748656,0.29247667,34.522628,10.097063,False,0.85760093,True,True,True,0.43748656,0.29247667,34.522628,10.097063,0.43153235,0.29097165,34.27895,9.9742027,0.77057314,0.38351883,4.0945583,1.5703402,0.60533391,0.24072018,10.443139,2.5138742,0.56558378,0.27728897,15.93203,4.4177762,0.28934959,0.28614603,18.953085,5.4233502,0.38149325,0.30099608,17.180906,5.1713855,0.53693911,0.33299228,12.560045,4.182398
0b_baseline_best,file,13,baseline,10980,187.American_Three_toed_Woodpecker/American_Three_Toed_Woodpecker_0013_179833.jpg,187,186,187.American_Three_toed_Woodpecker,190,189,random_erasing,random_erasing,0,"{""area_fraction"":0.182388,""erased"":true,""height"":0.43929,""left"":0.333187,""top"":0.235824,""width"":0.415189}",0.14759021,0.42987168,0.28228147,0.86278462,0.65059257,0.07575722,0.030608939,0.7870274,0.61998363,-0.16704378,0.58306663,1.5026947,34.522628,51.876969,False,0.86738968,True,True,True,0.58306663,1.5026947,34.522628,51.876969,0.57985616,1.4915769,34.27895,51.129691,0.77757576,2.142726,4.0945583,8.7735168,0.71254415,0.9324675,10.443139,9.7378875,0.61057625,1.503092,15.93203,23.947308,0.55586937,1.4886168,18.953085,28.213882,0.56619776,1.3828849,17.180906,23.759215,0.60057683,1.9263857,12.560045,24.195491
0b_baseline_best,file,13,baseline,9585,163.Cape_May_Warbler/Cape_May_Warbler_0040_163036.jpg,163,162,163.Cape_May_Warbler,182,181,identity,identity,0,{},0.045659784,0.045659784,0,0.95536691,0.95536691,0.022175234,0.022175234,0.93319168,0.93319168,0,1,1,6.4188302,6.4188302,False,1.0000001,True,True,True,1,1,6.4188302,6.4188302,1,1,6.2923429,6.2923429,1,1,1.2679911,1.2679911,1,1,1.2848816,1.2848816,1,1,2.8434985,2.8434985,1,1,3.3402921,3.3402921,1,1,2.8871755,2.8871755,1,1,3.219292,3.219292
0b_baseline_best,file,13,baseline,9585,163.Cape_May_Warbler/Cape_May_Warbler_0040_163036.jpg,163,162,163.Cape_May_Warbler,182,181,horizontal_flip,horizontal_flip,0,"{""flipped"":true}",0.045659784,0.0067165331,-0.038943251,0.95536691,0.99330598,0.022175234,0.0053415801,0.93319168,0.9879644,0.054772725,0.72289207,0.17879961,6.4188302,1.1476843,False,0.97889453,True,True,True,0.72289207,0.17879961,6.4188302,1.1476843,0.71218355,0.17714531,6.2923429,1.114659,0.95290559,0.21556907,1.2679911,0.27333965,0.59038989,0.1528301,1.2848816,0.19636859,0.69895933,0.17076317,2.8434985,0.48556482,0.69236537,0.1761082,3.3402921,0.58825283,0.67404547,0.18129192,2.8871755,0.5234216,0.79077733,0.18327521,3.219292,0.59001641
0b_baseline_best,file,13,baseline,9585,163.Cape_May_Warbler/Cape_May_Warbler_0040_163036.jpg,163,162,163.Cape_May_Warbler,182,181,color_jitter,color_jitter,0,"{""brightness"":0.739245,""contrast"":1.133355,""hue"":0.09251,""saturation"":0.999682}",0.045659784,0.56920516,0.52354538,0.95536691,0.56597513,0.022175234,0.14737597,0.93319168,0.41859916,-0.51459252,0.56998596,10.300384,6.4188302,66.116412,False,0.89669335,True,True,True,0.56998596,10.300384,6.4188302,66.116412,0.56041829,10.368152,6.2923429,65.239967,0.87009412,8.4619752,1.2679911,10.729709,0.19818557,7.9891825,1.2848816,10.265154,0.49462426,10.75806,2.8434985,30.590527,0.54566359,11.110406,3.3402921,37.112002,0.55939876,10.560415,2.8871755,30.48977,0.69610488,9.3610353,3.219292,30.135906
0b_baseline_best,file,13,baseline,9585,163.Cape_May_Warbler/Cape_May_Warbler_0040_163036.jpg,163,162,163.Cape_May_Warbler,182,181,rotation,rotation,0,"{""angle"":9.799704}",0.045659784,0.09621048,0.050550696,0.95536691,0.9082728,0.022175234,0.064261645,0.93319168,0.84401116,-0.089180518,0.84854554,2.0697991,6.4188302,13.285689,False,0.98374033,True,True,True,0.84854554,2.0697991,6.4188302,13.285689,0.84326964,2.0591148,6.2923429,12.956657,0.96966009,2.3174175,1.2679911,2.9384646,0.72824731,1.7985993,1.2848816,2.3109872,0.84850632,1.9597648,2.8434985,5.5725882,0.8539598,1.9987894,3.3402921,6.6765403,0.81983777,2.1532395,2.8871755,6.2167802,0.86670662,2.1578205,3.219292,6.9466542
0b_baseline_best,file,13,baseline,9585,163.Cape_May_Warbler/Cape_May_Warbler_0040_163036.jpg,163,162,163.Cape_May_Warbler,182,181,random_resized_crop,random_resized_crop,0,"{""area_fraction"":0.571277,""aspect"":1.248873,""fallback"":false,""height"":0.676339,""left"":0.087056,""top"":0.099264,""width"":0.844661}",0.045659784,0.13955344,0.093893658,0.95536691,0.86974657,0.022175234,0.035902116,0.93319168,0.83384445,-0.099347226,0.78819441,3.4137783,6.4188302,21.912463,False,0.95887524,True,True,True,0.78819441,3.4137783,6.4188302,21.912463,0.78388091,3.43643,6.2923429,21.623196,0.93474985,2.7986981,1.2679911,3.5487241,0.73649484,3.3050042,1.2848816,4.2465392,0.81563477,3.8268705,2.8434985,10.8817,0.79774533,3.4983381,3.3402921,11.685471,0.74261417,3.5301088,2.8871755,10.192044,0.79616594,2.958146,3.219292,9.5231359
0b_baseline_best,file,13,baseline,9585,163.Cape_May_Warbler/Cape_May_Warbler_0040_163036.jpg,163,162,163.Cape_May_Warbler,182,181,gaussian_blur,gaussian_blur,0,"{""sigma"":1.899014}",0.045659784,0.96885794,0.92319816,0.95536691,0.37951621,0.022175234,0.11915604,0.93319168,0.26036017,-0.6728315,0.5206742,19.295867,6.4188302,123.85689,False,0.80280548,True,True,True,0.5206742,19.295867,6.4188302,123.85689,0.51577704,19.520826,6.2923429,122.83173,0.75879772,12.541636,1.2679911,15.902682,0.40791769,24.09508,1.2848816,30.959325,0.46924063,18.672636,2.8434985,53.095614,0.54834364,22.248802,3.3402921,74.317496,0.5063627,21.668375,2.8871755,62.5604,0.60281468,13.4438,3.219292,43.279518
0b_baseline_best,file,13,baseline,9585,163.Cape_May_Warbler/Cape_May_Warbler_0040_163036.jpg,163,162,163.Cape_May_Warbler,182,181,random_erasing,random_erasing,0,"{""area_fraction"":0.169377,""erased"":true,""height"":0.417994,""left"":0.454695,""top"":0.397946,""width"":0.405213}",0.045659784,0.21078195,0.16512216,0.95536691,0.80995065,0.022175234,0.0027453126,0.93319168,0.80720534,-0.12598634,0.67327672,4.948811,6.4188302,31.765577,False,0.89647776,True,True,True,0.67327672,4.948811,6.4188302,31.765577,0.67093035,4.9967435,6.2923429,31.441223,0.79137816,3.5708792,1.2679911,4.5278429,0.63245251,5.2657924,1.2848816,6.7659199,0.77390918,5.1814002,2.8434985,14.733304,0.70089474,5.0706103,3.3402921,16.93732,0.59579746,5.2013904,2.8871755,15.017327,0.62379773,4.5367509,3.219292,14.605126
0b_baseline_best,file,13,baseline,5511,095.Baltimore_Oriole/Baltimore_Oriole_0020_87066.jpg,95,94,095.Baltimore_Oriole,96,95,identity,identity,0,{},0.38035348,0.38035348,0,0.68361974,0.68361974,0.059570059,0.059570059,0.62404968,0.62404968,0,1,1,50.086804,50.086804,False,1.0000001,True,True,True,1,1,50.086804,50.086804,1,1,49.208094,49.208094,1,1,9.340847,9.340847,1,1,9.1630501,9.1630501,1,1,20.57647,20.57647,1,1,27.732951,27.732951,1,1,24.314561,24.314561,1,1,23.532307,23.532307
0b_baseline_best,file,13,baseline,5511,095.Baltimore_Oriole/Baltimore_Oriole_0020_87066.jpg,95,94,095.Baltimore_Oriole,96,95,horizontal_flip,horizontal_flip,0,"{""flipped"":true}",0.38035348,0.37248734,-0.0078661442,0.68361974,0.68901837,0.059570059,0.16661362,0.62404968,0.52240475,-0.10164493,0.59514125,1.0494975,50.086804,52.565974,False,0.93916065,True,True,True,0.59514125,1.0494975,50.086804,52.565974,0.58325507,1.044684,49.208094,51.406906,0.89233546,1.1752444,9.340847,10.977778,0.48680847,1.0737925,9.1630501,9.8392146,0.55253605,1.1943686,20.57647,24.575891,0.59576907,1.0024417,27.732951,27.800666,0.53546665,0.98032672,24.314561,23.836214,0.66302598,1.0416364,23.532307,24.512107
0b_baseline_best,file,13,baseline,5511,095.Baltimore_Oriole/Baltimore_Oriole_0020_87066.jpg,95,94,095.Baltimore_Oriole,96,95,color_jitter,color_jitter,0,"{""brightness"":1.240933,""contrast"":1.115647,""hue"":-0.021031,""saturation"":1.149328}",0.38035348,0.29518738,-0.085166097,0.68361974,0.7443921,0.059570059,0.077519067,0.62404968,0.66687303,0.042823352,0.74922102,0.80606755,50.086804,40.373347,False,0.96293831,True,True,True,0.74922102,0.80606755,50.086804,40.373347,0.7424118,0.80706814,49.208094,39.714285,0.9458025,0.77778523,9.340847,7.2651728,0.43080928,0.85962881,9.1630501,7.8768219,0.58202759,0.80171723,20.57647,16.496511,0.75456754,0.7593619,27.732951,21.059347,0.79995782,0.87561263,24.314561,21.290136,0.83901963,0.79076738,23.532307,18.608581
0b_baseline_best,file,13,baseline,5511,095.Baltimore_Oriole/Baltimore_Oriole_0020_87066.jpg,95,94,095.Baltimore_Oriole,96,95,rotation,rotation,0,"{""angle"":-1.036821}",0.38035348,0.68968797,0.30933449,0.68361974,0.50173259,0.059570059,0.082833275,0.62404968,0.41889931,-0.20515037,0.90335615,1.559083,50.086804,78.089487,False,0.98633611,True,True,True,0.90335615,1.559083,50.086804,78.089487,0.90079539,1.5614351,49.208094,76.835248,0.978609,1.4923284,9.340847,13.939611,0.81323517,1.6000094,9.1630501,14.660966,0.86877347,1.6242381,20.57647,33.421087,0.91451484,1.5185691,27.732951,42.114403,0.90076987,1.5844726,24.314561,38.525754,0.92291889,1.5403318,23.532307,36.247559
0b_baseline_best,file,13,baseline,5511,095.Baltimore_Oriole/Baltimore_Oriole_0020_87066.jpg,95,94,095.Baltimore_Oriole,96,95,random_resized_crop,random_resized_crop,0,"{""area_fraction"":0.544803,""aspect"":1.327849,""fallback"":false,""height"":0.640539,""left"":0.133008,""top"":0.11893,""width"":0.850539}",0.38035348,0.68634564,0.30599216,0.68361974,0.50341237,0.059570059,0.24371977,0.62404968,0.25969259,-0.36435708,0.70488075,1.6962174,50.086804,84.958108,False,0.92328644,True,True,True,0.70488075,1.6962174,50.086804,84.958108,0.69830738,1.6953941,49.208094,83.427114,0.88487672,1.7189071,9.340847,16.056048,0.74478263,1.7909921,9.1630501,16.41095,0.66015424,1.8117448,20.57647,37.279313,0.71683708,1.6517435,27.732951,45.807723,0.67473522,1.6614642,24.314561,40.397771,0.72370493,1.6841496,23.532307,39.631926
0b_baseline_best,file,13,baseline,5511,095.Baltimore_Oriole/Baltimore_Oriole_0020_87066.jpg,95,94,095.Baltimore_Oriole,96,95,gaussian_blur,gaussian_blur,0,"{""sigma"":1.324853}",0.38035348,2.1043622,1.7240088,0.68361974,0.1219234,0.059570059,0.0056892955,0.62404968,0.11623411,-0.50781557,0.65661648,3.1522568,50.086804,157.88647,False,0.91800749,False,True,False,0.65661648,3.1522568,50.086804,157.88647,0.65042348,3.1679663,49.208094,155.88958,0.86873889,2.6797878,9.340847,25.031488,0.61690855,4.0395576,9.1630501,37.014669,0.54253035,3.0217036,20.57647,62.175995,0.60164523,3.0871667,27.732951,85.616245,0.71273228,3.3959529,24.314561,82.571104,0.74331011,2.9799392,23.532307,70.124844
0b_baseline_best,file,13,baseline,5511,095.Baltimore_Oriole/Baltimore_Oriole_0020_87066.jpg,95,94,095.Baltimore_Oriole,96,95,random_erasing,random_erasing,0,"{""area_fraction"":0.065563,""erased"":true,""height"":0.401873,""left"":0.817643,""top"":0.103269,""width"":0.163145}",0.38035348,0.88955247,0.50919899,0.68361974,0.41083959,0.059570059,0.060476795,0.62404968,0.35036279,-0.27368689,0.94050773,1.8663869,50.086804,93.481355,False,0.98443139,True,True,True,0.94050773,1.8663869,50.086804,93.481355,0.93925583,1.8705843,49.208094,92.047891,0.97989894,1.7458762,9.340847,16.307963,0.93173767,1.8810783,9.1630501,17.236415,0.93604752,1.8786868,20.57647,38.656744,0.95511843,1.8659496,27.732951,51.748291,0.93336453,1.8897445,24.314561,45.948306,0.92723213,1.8485195,23.532307,43.499929
0b_baseline_best,file,13,baseline,1671,030.Fish_Crow/Fish_Crow_0003_25970.jpg,30,29,030.Fish_Crow,49,48,identity,identity,0,{},0.35717401,0.35717401,0,0.6996507,0.6996507,0.15265386,0.15265386,0.54699685,0.54699685,0,1,1,60.223773,60.223773,False,0.99999982,True,True,True,1,1,60.223773,60.223773,1,1,59.147371,59.147371,1,1,11.335402,11.335402,1,1,18.777338,18.777338,1,1,27.301065,27.301065,1,1,32.082526,32.082526,1,1,26.987435,26.987435,1,1,25.354779,25.354779
0b_baseline_best,file,13,baseline,1671,030.Fish_Crow/Fish_Crow_0003_25970.jpg,30,29,030.Fish_Crow,49,48,horizontal_flip,horizontal_flip,0,"{""flipped"":true}",0.35717401,3.1453092,2.7881352,0.6996507,0.043053605,0.15265386,0.85463244,0.54699685,-0.81157883,-1.3585757,0.58076916,3.745881,60.223773,225.59109,False,0.94583404,False,True,False,0.58076916,3.745881,60.223773,225.59109,0.56990101,3.7522252,59.147371,221.93426,0.89258626,3.5688176,11.335402,40.453982,0.68122781,3.3345347,18.777338,62.613684,0.55494034,3.714958,27.301065,101.42231,0.54785071,3.8309668,32.082526,122.90709,0.52027328,3.8220697,26.987435,103.14786,0.62766944,3.8039388,25.354779,96.448026
0b_baseline_best,file,13,baseline,1671,030.Fish_Crow/Fish_Crow_0003_25970.jpg,30,29,030.Fish_Crow,49,48,color_jitter,color_jitter,0,"{""brightness"":1.206129,""contrast"":0.671023,""hue"":-0.027485,""saturation"":1.248787}",0.35717401,1.6191528,1.2619788,0.6996507,0.19806643,0.15265386,0.43915495,0.54699685,-0.24108852,-0.78808537,0.84168928,2.4640879,60.223773,148.39667,False,0.94956815,False,True,False,0.84168928,2.4640879,60.223773,148.39667,0.83763271,2.4586201,59.147371,145.42092,0.94720825,2.6085573,11.335402,29.569045,0.78589129,1.6401737,18.777338,30.798096,0.81597548,2.4255095,27.301065,66.218993,0.88764901,2.623606,32.082526,84.171907,0.82954285,2.4499273,26.987435,66.117253,0.83518043,2.6034672,25.354779,66.010335
0b_baseline_best,file,13,baseline,1671,030.Fish_Crow/Fish_Crow_0003_25970.jpg,30,29,030.Fish_Crow,49,48,rotation,rotation,0,"{""angle"":0.91661}",0.35717401,1.014142,0.65696803,0.6996507,0.36271349,0.15265386,0.33375716,0.54699685,0.028956324,-0.51804052,0.86471634,2.2669677,60.223773,136.52535,False,0.98194289,True,True,True,0.86471634,2.2669677,60.223773,136.52535,0.86170792,2.2773329,59.147371,134.69825,0.96890867,1.963846,11.335402,22.260984,0.7472819,2.3375331,18.777338,43.892649,0.83408311,2.2566155,27.301065,61.608006,0.88422533,2.2701676,32.082526,72.832713,0.88070632,2.354647,26.987435,63.545884,0.9027019,2.1884301,25.354779,55.487162
0b_baseline_best,file,13,baseline,1671,030.Fish_Crow/Fish_Crow_0003_25970.jpg,30,29,030.Fish_Crow,49,48,random_resized_crop,random_resized_crop,0,"{""area_fraction"":0.529105,""aspect"":0.901039,""fallback"":false,""height"":0.7663,""left"":0.00844,""top"":0.12147,""width"":0.690467}",0.35717401,2.9506671,2.5934931,0.6996507,0.052304801,0.15265386,0.050457951,0.54699685,0.0018468499,-0.54515,0.54724306,2.9356427,60.223773,176.79548,False,0.90058994,False,True,False,0.54724306,2.9356427,60.223773,176.79548,0.54232554,2.9603606,59.147371,175.09755,0.75801461,2.1563939,11.335402,24.443592,0.55454871,3.6706919,18.777338,68.925821,0.49987519,3.0061245,27.301065,82.070401,0.57267807,2.9166732,32.082526,93.574244,0.51542802,2.8026854,26.987435,75.637291,0.57989027,2.7026514,25.354779,68.525127
0b_baseline_best,file,13,baseline,1671,030.Fish_Crow/Fish_Crow_0003_25970.jpg,30,29,030.Fish_Crow,49,48,gaussian_blur,gaussian_blur,0,"{""sigma"":1.223101}",0.35717401,2.9915798,2.6344058,0.6996507,0.050208058,0.15265386,0.12785244,0.54699685,-0.077644382,-0.62464123,0.61735704,3.3772708,60.223773,203.39199,False,0.92986906,False,True,False,0.61735704,3.3772708,60.223773,203.39199,0.61305001,3.4095872,59.147371,201.66812,0.8328917,2.3311741,11.335402,26.424796,0.32294125,3.2383367,18.777338,60.807341,0.54885972,3.3348034,27.301065,91.043685,0.63206884,3.6821427,32.082526,118.13244,0.69326049,3.4570061,26.987435,93.295728,0.73099238,3.0611819,25.354779,77.615589
0b_baseline_best,file,13,baseline,1671,030.Fish_Crow/Fish_Crow_0003_25970.jpg,30,29,030.Fish_Crow,49,48,random_erasing,random_erasing,0,"{""area_fraction"":0.146178,""erased"":true,""height"":0.568657,""left"":0.256392,""top"":0.314574,""width"":0.257059}",0.35717401,0.11588766,-0.24128634,0.6996507,0.89057523,0.15265386,0.027429776,0.54699685,0.86314545,0.31614861,0.71948767,0.35582161,60.223773,21.42892,False,0.91992867,True,True,True,0.71948767,0.35582161,60.223773,21.42892,0.71530885,0.357304,59.147371,21.133592,0.85564655,0.31277256,11.335402,3.5454027,0.71660628,0.30433265,18.777338,5.7145568,0.7099917,0.34776222,27.301065,9.4942789,0.75568551,0.34812324,32.082526,11.168673,0.67683794,0.38469209,26.987435,10.381853,0.71319746,0.37687493,25.354779,9.5555804
0b_baseline_best,file,13,baseline,3774,065.Slaty_backed_Gull/Slaty_Backed_Gull_0002_53238.jpg,65,64,065.Slaty_backed_Gull,66,65,identity,identity,0,{},0.0095975883,0.0095975883,0,0.9904483,0.9904483,0.005548202,0.005548202,0.98490009,0.98490009,0,1,1,1.9579101,1.9579101,False,1,True,True,True,1,1,1.9579101,1.9579101,1,1,1.9257905,1.9257905,1,1,0.35318925,0.35318925,1,1,0.47710176,0.47710176,1,1,0.89723667,0.89723667,1,1,0.99881016,0.99881016,1,1,0.95202825,0.95202825,1,1,0.87865233,0.87865233
0b_baseline_best,file,13,baseline,3774,065.Slaty_backed_Gull/Slaty_Backed_Gull_0002_53238.jpg,65,64,065.Slaty_backed_Gull,66,65,horizontal_flip,horizontal_flip,0,"{""flipped"":true}",0.0095975883,0.12454593,0.11494834,0.9904483,0.88289773,0.005548202,0.081996873,0.98490009,0.80090086,-0.18399923,0.65637609,12.020277,1.9579101,23.534621,False,0.96602309,True,True,True,0.65637609,12.020277,1.9579101,23.534621,0.64642507,12.031619,1.9257905,23.170377,0.9614653,11.678054,0.35318925,4.1245632,0.32731543,9.4599699,0.47710176,4.5133683,0.57846115,11.386232,0.89723667,10.216145,0.67944448,12.428724,0.99881016,12.413935,0.64363662,12.395826,0.95202825,11.801177,0.75000707,12.40237,0.87865233,10.897372
0b_baseline_best,file,13,baseline,3774,065.Slaty_backed_Gull/Slaty_Backed_Gull_0002_53238.jpg,65,64,065.Slaty_backed_Gull,66,65,color_jitter,color_jitter,0,"{""brightness"":0.97745,""contrast"":1.127241,""hue"":-0.067152,""saturation"":0.831871}",0.0095975883,0.0088121099,-0.00078547839,0.9904483,0.99122661,0.005548202,0.0050257882,0.98490009,0.98620083,0.0013007312,0.89179435,0.89357623,1.9579101,1.7495419,False,0.97626859,True,True,True,0.89179435,0.89357623,1.9579101,1.7495419,0.88903602,0.89223142,1.9257905,1.7182508,0.97109156,0.93267277,0.35318925,0.32940999,0.6522038,0.91622876,0.47710176,0.43713436,0.89408953,0.90763651,0.89723667,0.81436476,0.90274152,0.89176835,0.99881016,0.89070728,0.91325757,0.87819506,0.95202825,0.83606651,0.91023043,0.88578245,0.87865233,0.77829481
0b_baseline_best,file,13,baseline,3774,065.Slaty_backed_Gull/Slaty_Backed_Gull_0002_53238.jpg,65,64,065.Slaty_backed_Gull,66,65,rotation,rotation,0,"{""angle"":-12.281201}",0.0095975883,0.068788096,0.059190508,0.9904483,0.93352449,0.005548202,0.036089368,0.98490009,0.89743512,-0.087464973,0.74420422,5.8808684,1.9579101,11.514211,False,0.95879483,True,True,True,0.74420422,5.8808684,1.9579101,11.514211,0.73707575,5.8805543,1.9257905,11.324716,0.9557918,5.8901996,0.35318925,2.0803552,0.54912662,5.902383,0.47710176,2.8160373,0.77297407,5.6497425,0.89723667,5.0691561,0.7523456,5.9403912,0.99881016,5.9333231,0.73030765,5.9029912,0.95202825,5.6198144,0.74541358,6.0046463,0.87865233,5.2759965
0b_baseline_best,file,13,baseline,3774,065.Slaty_backed_Gull/Slaty_Backed_Gull_0002_53238.jpg,65,64,065.Slaty_backed_Gull,66,65,random_resized_crop,random_resized_crop,0,"{""area_fraction"":0.703077,""aspect"":1.232404,""fallback"":false,""height"":0.75531,""left"":0.037779,""top"":0.200712,""width"":0.930846}",0.0095975883,0.0035991196,-0.0059984687,0.9904483,0.99640733,0.005548202,0.0013760035,0.98490009,0.99503133,0.010131232,0.73979939,0.34585838,1.9579101,0.67715959,False,0.96624255,True,True,True,0.73979939,0.34585838,1.9579101,0.67715959,0.73249638,0.34529503,1.9257905,0.6649659,0.94760119,0.36220695,0.35318925,0.1279276,0.18479816,0.45834182,0.47710176,0.21867569,0.77372562,0.32104009,0.89723667,0.28804894,0.78191865,0.33119013,0.99881016,0.33079606,0.77746179,0.34271678,0.95202825,0.32627606,0.80625371,0.35172151,0.87865233,0.30904092
0b_baseline_best,file,13,baseline,3774,065.Slaty_backed_Gull/Slaty_Backed_Gull_0002_53238.jpg,65,64,065.Slaty_backed_Gull,66,65,gaussian_blur,gaussian_blur,0,"{""sigma"":1.165511}",0.0095975883,0.01300767,0.0034100814,0.9904483,0.98707658,0.005548202,0.0028172997,0.98490009,0.98425928,-0.00064081326,0.64009704,1.1058226,1.9579101,2.1651012,False,0.9543438,True,True,True,0.64009704,1.1058226,1.9579101,2.1651012,0.63098043,1.104623,1.9257905,2.1272725,0.90284155,1.1409114,0.35318925,0.40295764,0.20943801,1.4111931,0.47710176,0.6732827,0.62251982,0.9433381,0.89723667,0.84639753,0.62148122,1.0534825,0.99881016,1.052229,0.6708137,1.1516988,0.95202825,1.0964498,0.76943093,1.164101,0.87865233,1.02284
0b_baseline_best,file,13,baseline,3774,065.Slaty_backed_Gull/Slaty_Backed_Gull_0002_53238.jpg,65,64,065.Slaty_backed_Gull,66,65,random_erasing,random_erasing,0,"{""area_fraction"":0.098039,""erased"":true,""height"":0.385061,""left"":0.026255,""top"":0.587547,""width"":0.254607}",0.0095975883,0.010972992,0.0013754033,0.9904483,0.98908699,0.005548202,0.0071891202,0.98490009,0.98189787,-0.0030022287,0.91871366,1.1697501,1.9579101,2.2902655,False,0.98944139,True,True,True,0.91871366,1.1697501,1.9579101,2.2902655,0.91633373,1.1675732,1.9257905,2.2485015,0.98703915,1.2327152,0.35318925,0.43538175,0.91705782,1.0535042,0.47710176,0.50262872,0.92849215,1.1470618,0.89723667,1.0291859,0.93205076,1.2055994,0.99881016,1.2041649,0.89688795,1.1780094,0.95202825,1.1214983,0.90781706,1.1584831,0.87865233,1.0179038
0b_baseline_best,file,13,baseline,10791,184.Louisiana_Waterthrush/Louisiana_Waterthrush_0015_177515.jpg,184,183,184.Louisiana_Waterthrush,183,182,identity,identity,0,{},2.1999791,2.1999791,0,0.11080548,0.11080548,0.45759067,0.45759067,-0.34678519,-0.34678519,0,1,1,185.44244,185.44244,False,1,True,False,False,1,1,185.44244,185.44244,1,1,182.90033,182.90033,1,1,30.600183,30.600183,1,1,42.167947,42.167947,1,1,88.3791,88.3791,1,1,111.28292,111.28292,1,1,80.352532,80.352532,1,1,70.873907,70.873907
0b_baseline_best,file,13,baseline,10791,184.Louisiana_Waterthrush/Louisiana_Waterthrush_0015_177515.jpg,184,183,184.Louisiana_Waterthrush,183,182,horizontal_flip,horizontal_flip,0,"{""flipped"":true}",2.1999791,2.3841298,0.1841507,0.11080548,0.092169158,0.45759067,0.45620376,-0.34678519,-0.3640346,-0.017249413,0.74536133,1.1135396,185.44244,206.4975,False,0.97041351,True,False,False,0.74536133,1.1135396,185.44244,206.4975,0.73945777,1.115214,182.90033,203.973,0.97018724,1.0519722,30.600183,32.190542,0.79885829,1.4679566,42.167947,61.900717,0.74025018,1.1442667,88.3791,101.12926,0.74810535,1.121641,111.28292,124.81948,0.68714611,1.0520139,80.352532,84.531983,0.7776504,0.97963473,70.873907,69.430541
0b_baseline_best,file,13,baseline,10791,184.Louisiana_Waterthrush/Louisiana_Waterthrush_0015_177515.jpg,184,183,184.Louisiana_Waterthrush,183,182,color_jitter,color_jitter,0,"{""brightness"":1.279065,""contrast"":1.310881,""hue"":0.097289,""saturation"":0.964848}",2.1999791,5.9212656,3.7212865,0.11080548,0.0026818034,0.45759067,0.021501951,-0.34678519,-0.018820147,0.32796504,0.33197319,1.6597243,185.44244,307.78334,False,0.67416751,False,False,False,0.33197319,1.6597243,185.44244,307.78334,0.32973821,1.6719986,182.90033,305.8091,0.47380906,1.1374074,30.600183,34.804874,0.046995997,1.6150569,42.167947,68.103634,0.24792863,1.7370725,88.3791,153.5209,0.45047878,1.5870669,111.28292,176.61344,0.31353683,1.8100096,80.352532,145.43885,0.30063825,1.606736,70.873907,113.87566
0b_baseline_best,file,13,baseline,10791,184.Louisiana_Waterthrush/Louisiana_Waterthrush_0015_177515.jpg,184,183,184.Louisiana_Waterthrush,183,182,rotation,rotation,0,"{""angle"":12.106259}",2.1999791,0.67308974,-1.5268893,0.11080548,0.51012999,0.45759067,0.41560996,-0.34678519,0.094520032,0.44130522,0.75170967,0.62706564,185.44244,116.28459,False,0.96198726,False,False,True,0.75170967,0.62706564,185.44244,116.28459,0.74785652,0.62726414,182.90033,114.72682,0.89104489,0.61993251,30.600183,18.970048,0.85537597,0.91962989,42.167947,38.778905,0.74916698,0.64228917,88.3791,56.764939,0.75981503,0.62164575,111.28292,69.178553,0.70291471,0.57083136,80.352532,45.867745,0.75180753,0.55489499,70.873907,39.327576
0b_baseline_best,file,13,baseline,10791,184.Louisiana_Waterthrush/Louisiana_Waterthrush_0015_177515.jpg,184,183,184.Louisiana_Waterthrush,183,182,random_resized_crop,random_resized_crop,0,"{""area_fraction"":0.52865,""aspect"":1.237877,""fallback"":false,""height"":0.6535,""left"":0.181818,""top"":0.314792,""width"":0.808952}",2.1999791,1.5619905,-0.63798857,0.11080548,0.20971821,0.45759067,0.015018473,-0.34678519,0.19469974,0.54148493,0.54144784,0.73444748,185.44244,136.19774,False,0.88258612,False,False,False,0.54144784,0.73444748,185.44244,136.19774,0.53460449,0.73502194,182.90033,134.43575,0.79349326,0.71362134,30.600183,21.836944,0.50850929,0.63255961,42.167947,26.67374,0.50885082,0.73441563,88.3791,64.906992,0.5819776,0.68537984,111.28292,76.271068,0.48342539,0.76516881,80.352532,61.483251,0.55077684,0.8408045,70.873907,59.5911
0b_baseline_best,file,13,baseline,10791,184.Louisiana_Waterthrush/Louisiana_Waterthrush_0015_177515.jpg,184,183,184.Louisiana_Waterthrush,183,182,gaussian_blur,gaussian_blur,0,"{""sigma"":1.639604}",2.1999791,3.2933502,1.0933712,0.11080548,0.037129253,0.45759067,0.00079703017,-0.34678519,0.036332223,0.38311741,0.15469549,0.92542852,185.44244,171.61373,False,0.62552357,False,False,False,0.15469549,0.92542852,185.44244,171.61373,0.14477905,0.92477238,182.90033,169.14117,0.50012744,0.94857194,30.600183,29.026475,-0.17699322,0.94034946,42.167947,39.652607,0.061228117,0.84878854,88.3791,75.015168,0.16362339,0.87323968,111.28292,97.17666,0.1695291,1.0092881,80.352532,81.098852,0.28729472,1.0357616,70.873907,73.408469
0b_baseline_best,file,13,baseline,10791,184.Louisiana_Waterthrush/Louisiana_Waterthrush_0015_177515.jpg,184,183,184.Louisiana_Waterthrush,183,182,random_erasing,random_erasing,0,"{""area_fraction"":0.096233,""erased"":true,""height"":0.37735,""left"":0.567201,""top"":0.555427,""width"":0.255023}",2.1999791,3.8727987,1.6728196,0.11080548,0.020800075,0.45759067,0.051253937,-0.34678519,-0.030453863,0.31633133,0.78497978,1.2366565,185.44244,229.3286,False,0.93942422,False,False,False,0.78497978,1.2366565,185.44244,229.3286,0.78363177,1.2379572,182.90033,226.42278,0.83572624,1.1892537,30.600183,36.39138,0.80063039,0.91659214,42.167947,38.650809,0.80651454,1.1415387,88.3791,100.88817,0.8295183,1.2109742,111.28292,134.76074,0.72127564,1.3279838,80.352532,106.70686,0.75052018,1.4143496,70.873907,100.24048
0b_baseline_best,file,13,baseline,269,005.Crested_Auklet/Crested_Auklet_0066_785251.jpg,5,4,005.Crested_Auklet,7,6,identity,identity,0,{},0.046035659,0.046035659,0,0.95500791,0.95500791,0.039400466,0.039400466,0.91560744,0.91560744,0,1,1,14.842364,14.842364,False,1,True,True,True,1,1,14.842364,14.842364,1,1,14.696515,14.696515,1,1,2.0756245,2.0756245,1,1,3.1463985,3.1463985,1,1,8.2933452,8.2933452,1,1,8.7839783,8.7839783,1,1,5.9296972,5.9296972,1,1,4.9988559,4.9988559
0b_baseline_best,file,13,baseline,269,005.Crested_Auklet/Crested_Auklet_0066_785251.jpg,5,4,005.Crested_Auklet,7,6,horizontal_flip,horizontal_flip,0,"{""flipped"":true}",0.046035659,0.025853304,-0.020182354,0.95500791,0.97447801,0.039400466,0.020391379,0.91560744,0.95408663,0.038479183,0.8071039,0.5326317,14.842364,7.9055134,False,0.96643186,True,True,True,0.8071039,0.5326317,14.842364,7.9055134,0.80427939,0.53349216,14.696515,7.8404753,0.96526683,0.48755096,2.0756245,1.0119727,0.80187708,0.56570813,3.1463985,1.7799432,0.84234369,0.53083334,8.2933452,4.4023841,0.80570797,0.52506326,8.7839783,4.6121443,0.74978786,0.55296004,5.9296972,3.2788856,0.77753413,0.52551164,4.9988559,2.626957
0b_baseline_best,file,13,baseline,269,005.Crested_Auklet/Crested_Auklet_0066_785251.jpg,5,4,005.Crested_Auklet,7,6,color_jitter,color_jitter,0,"{""brightness"":1.286411,""contrast"":1.332077,""hue"":-0.085454,""saturation"":1.37967}",0.046035659,2.3154874,2.2694517,0.95500791,0.098718069,0.039400466,0.57410455,0.91560744,-0.47538648,-1.3909939,0.72040624,10.153851,14.842364,150.70714,False,0.84000933,False,True,False,0.72040624,10.153851,14.842364,150.70714,0.71898654,10.030255,14.696515,147.40979,0.82704295,15.105234,2.0756245,31.352792,0.72213164,11.998161,3.1463985,37.750995,0.73823214,7.7495452,8.2933452,64.269653,0.78676667,9.4270355,8.7839783,82.806875,0.69193298,11.736383,5.9296972,69.593195,0.65962784,13.380249,4.9988559,66.885935
0b_baseline_best,file,13,baseline,269,005.Crested_Auklet/Crested_Auklet_0066_785251.jpg,5,4,005.Crested_Auklet,7,6,rotation,rotation,0,"{""angle"":10.470037}",0.046035659,0.14165866,0.095623005,0.95500791,0.86791748,0.039400466,0.078394778,0.91560744,0.7895227,-0.12608474,0.83673042,2.1122276,14.842364,31.35045,False,0.95769149,True,True,True,0.83673042,2.1122276,14.842364,31.35045,0.83469021,2.1106953,14.696515,31.019865,0.93594129,2.1876699,2.0756245,4.5407811,0.70654041,2.3730011,3.1463985,7.4664073,0.8697791,2.1077405,8.2933452,17.480219,0.85879902,2.0093895,8.7839783,17.650434,0.79223767,2.1752128,5.9296972,12.898354,0.79520658,2.2188077,4.9988559,11.0915
0b_baseline_best,file,13,baseline,269,005.Crested_Auklet/Crested_Auklet_0066_785251.jpg,5,4,005.Crested_Auklet,7,6,random_resized_crop,random_resized_crop,0,"{""area_fraction"":0.563263,""aspect"":0.939579,""fallback"":false,""height"":0.774264,""left"":0.163622,""top"":0.132688,""width"":0.727482}",0.046035659,0.15539952,0.10936386,0.95500791,0.85607308,0.039400466,0.032109208,0.91560744,0.82396387,-0.091643572,0.63657189,2.4993695,14.842364,37.096551,False,0.92038858,True,True,True,0.63657189,2.4993695,14.842364,37.096551,0.63464148,2.4891458,14.696515,36.581767,0.72737565,2.9671098,2.0756245,6.1586057,0.45440041,2.6168847,3.1463985,8.233762,0.71392717,2.227037,8.2933452,18.469586,0.66884959,2.4396171,8.7839783,21.429543,0.57485283,2.7819958,5.9296972,16.496393,0.53941917,2.8145306,4.9988559,14.069433
0b_baseline_best,file,13,baseline,269,005.Crested_Auklet/Crested_Auklet_0066_785251.jpg,5,4,005.Crested_Auklet,7,6,gaussian_blur,gaussian_blur,0,"{""sigma"":1.405414}",0.046035659,0.098601244,0.052565586,0.95500791,0.90610397,0.039400466,0.078769848,0.91560744,0.82733412,-0.088273324,0.77564652,2.2806829,14.842364,33.850724,False,0.92477202,True,True,True,0.77564652,2.2806829,14.842364,33.850724,0.77284695,2.2827863,14.696515,33.549002,0.92404792,2.1726209,2.0756245,4.5095452,0.69581239,2.1166135,3.1463985,6.6597095,0.79873713,2.4078067,8.2933452,19.968772,0.77811285,2.2176238,8.7839783,19.47956,0.74095175,2.2574697,5.9296972,13.386112,0.75951545,2.225735,4.9988559,11.126128
0b_baseline_best,file,13,baseline,269,005.Crested_Auklet/Crested_Auklet_0066_785251.jpg,5,4,005.Crested_Auklet,7,6,random_erasing,random_erasing,0,"{""area_fraction"":0.184267,""erased"":true,""height"":0.772213,""left"":0.326448,""top"":0.150845,""width"":0.238622}",0.046035659,0.35341373,0.30737807,0.95500791,0.70228654,0.039400466,0.11762831,0.91560744,0.58465823,-0.33094922,0.70951645,4.192088,14.842364,62.220495,False,0.91597009,True,True,True,0.70951645,4.192088,14.842364,62.220495,0.70637096,4.1786681,14.696515,61.411857,0.85333229,4.8171985,2.0756245,9.998695,0.80445348,4.8960821,3.1463985,15.405025,0.7649733,3.6195606,8.2933452,30.018266,0.70408975,3.722638,8.7839783,32.699571,0.65867555,4.8906321,5.9296972,28.999967,0.68897629,5.378014,4.9988559,26.883917
0b_baseline_best,file,13,baseline,4032,070.Green_Violetear/Green_Violetear_0089_795698.jpg,70,69,070.Green_Violetear,67,66,identity,identity,0,{},0.0036395043,0.0036395043,0,0.9963671,0.9963671,0.0016539411,0.0016539411,0.99471316,0.99471316,0,1,1,0.8683701,0.8683701,False,1,True,True,True,1,1,0.8683701,0.8683701,1,1,0.85866679,0.85866679,1,1,0.12945258,0.12945258,1,1,0.20703219,0.20703219,1,1,0.51360281,0.51360281,1,1,0.4842537,0.4842537,1,1,0.34187884,0.34187884,1,1,0.28155939,0.28155939
0b_baseline_best,file,13,baseline,4032,070.Green_Violetear/Green_Violetear_0089_795698.jpg,70,69,070.Green_Violetear,67,66,horizontal_flip,horizontal_flip,0,"{""flipped"":true}",0.0036395043,0.010382686,0.0067431815,0.9963671,0.98967105,0.0016539411,0.00094668835,0.99471316,0.98872436,-0.0059887926,0.69610085,3.1492212,0.8683701,2.7346895,False,0.97327065,True,True,True,0.69610085,3.1492212,0.8683701,2.7346895,0.69248281,3.1504499,0.85866679,2.7051867,0.85826262,3.0946793,0.12945258,0.40061423,0.69810619,2.7850512,0.20703219,0.57659526,0.77266445,2.9177645,0.51360281,1.498572,0.70680731,3.1434175,0.4842537,1.5222116,0.53073618,3.3887402,0.34187884,1.1585386,0.68087902,3.6918613,0.28155939,1.0394782
0b_baseline_best,file,13,baseline,4032,070.Green_Violetear/Green_Violetear_0089_795698.jpg,70,69,070.Green_Violetear,67,66,color_jitter,color_jitter,0,"{""brightness"":0.953645,""contrast"":0.641371,""hue"":-0.060168,""saturation"":0.694816}",0.0036395043,0.22080585,0.21716635,0.9963671,0.80187237,0.0016539411,0.12050316,0.99471316,0.68136921,-0.31334395,0.83961907,60.09651,0.8683701,52.186012,False,0.93698502,True,True,True,0.83961907,60.09651,0.8683701,52.186012,0.83788413,60.219373,0.85866679,51.708376,0.9283176,54.416939,0.12945258,7.0444132,0.74133697,49.862263,0.20703219,10.323094,0.85219395,62.001889,0.51360281,31.844344,0.86844799,62.687338,0.4842537,30.356575,0.80653698,57.424819,0.34187884,19.632331,0.79230437,55.725524,0.28155939,15.690045
0b_baseline_best,file,13,baseline,4032,070.Green_Violetear/Green_Violetear_0089_795698.jpg,70,69,070.Green_Violetear,67,66,rotation,rotation,0,"{""angle"":13.02281}",0.0036395043,0.056785624,0.05314612,0.9963671,0.94479656,0.0016539411,0.02732287,0.99471316,0.91747369,-0.077239463,0.87933257,15.286781,0.8683701,13.274584,False,0.96093345,True,True,True,0.87933257,15.286781,0.8683701,13.274584,0.87760529,15.300467,0.85866679,13.138003,0.95934041,14.672011,0.12945258,1.8993297,0.91331607,16.721401,0.20703219,3.4618684,0.91776448,15.306912,0.51360281,7.861673,0.88194691,15.620027,0.4842537,7.5640559,0.80522477,14.357799,0.34187884,4.9086278,0.8134351,14.860631,0.28155939,4.1841501
0b_baseline_best,file,13,baseline,4032,070.Green_Violetear/Green_Violetear_0089_795698.jpg,70,69,070.Green_Violetear,67,66,random_resized_crop,random_resized_crop,0,"{""area_fraction"":0.740914,""aspect"":0.847613,""fallback"":false,""height"":0.934943,""left"":0.113563,""top"":0.036219,""width"":0.79247}",0.0036395043,0.12478387,0.12114437,0.9963671,0.88268763,0.0016539411,0.060415283,0.99471316,0.82227235,-0.17244081,0.88636961,36.376499,0.8683701,31.588264,False,0.97005475,True,True,True,0.88636961,36.376499,0.8683701,31.588264,0.88477974,36.44031,0.85866679,31.290084,0.9657636,33.448698,0.12945258,4.3300203,0.91228754,39.266055,0.20703219,8.1293375,0.90872581,35.90144,0.51360281,18.43908,0.88859083,37.772756,0.4842537,18.291597,0.8305154,34.580764,0.34187884,11.822432,0.85933636,35.27256,0.28155939,9.9313206
0b_baseline_best,file,13,baseline,4032,070.Green_Violetear/Green_Violetear_0089_795698.jpg,70,69,070.Green_Violetear,67,66,gaussian_blur,gaussian_blur,0,"{""sigma"":1.255945}",0.0036395043,0.040512461,0.036872957,0.9963671,0.96029723,0.0016539411,0.0068150777,0.99471316,0.95348215,-0.041231007,0.83302314,11.645206,0.8683701,10.112349,False,0.96180522,True,True,True,0.83302314,11.645206,0.8683701,10.112349,0.83179049,11.697734,0.85866679,10.044456,0.93063587,9.0367661,0.12945258,1.1698327,0.77252679,12.763821,0.20703219,2.6425218,0.82980464,11.711213,0.51360281,6.0149118,0.84965079,11.813019,0.4842537,5.720498,0.82652174,11.548907,0.34187884,3.948327,0.83171122,10.898191,0.28155939,3.068488
0b_baseline_best,file,13,baseline,4032,070.Green_Violetear/Green_Violetear_0089_795698.jpg,70,69,070.Green_Violetear,67,66,random_erasing,random_erasing,0,"{""area_fraction"":0.082124,""erased"":true,""height"":0.182351,""left"":0.239162,""top"":0.319365,""width"":0.450364}",0.0036395043,0.11055706,0.10691756,0.9963671,0.89533526,0.0016539411,0.0047434601,0.99471316,0.8905918,-0.10412136,0.61094804,19.341746,0.8683701,16.795794,False,0.93846887,True,True,True,0.61094804,19.341746,0.8683701,16.795794,0.60523406,19.267031,0.85866679,16.543959,0.83404773,22.3835,0.12945258,2.8976018,0.62285411,12.131854,0.20703219,2.5116843,0.65046065,13.983436,0.51360281,7.181932,0.65259035,19.713864,0.4842537,9.5465118,0.53441114,23.625254,0.34187884,8.0769745,0.63665082,27.382376,0.28155939,7.7097653
0b_baseline_best,file,13,baseline,5581,096.Hooded_Oriole/Hooded_Oriole_0091_90821.jpg,96,95,096.Hooded_Oriole,139,138,identity,identity,0,{},1.1382412,1.1382412,0,0.32038203,0.32038203,0.47248286,0.47248286,-0.15210083,-0.15210083,0,1,1,112.49182,112.49182,False,1.0000001,True,False,False,1,1,112.49182,112.49182,1,1,110.36326,110.36326,1,1,21.779851,21.779851,1,1,19.5958,19.5958,1,1,43.857537,43.857537,1,1,52.344366,52.344366,1,1,57.32844,57.32844,1,1,62.016825,62.016825
0b_baseline_best,file,13,baseline,5581,096.Hooded_Oriole/Hooded_Oriole_0091_90821.jpg,96,95,096.Hooded_Oriole,139,138,horizontal_flip,horizontal_flip,0,"{""flipped"":true}",1.1382412,1.9061306,0.76788938,0.32038203,0.14865449,0.47248286,0.56786567,-0.15210083,-0.41921118,-0.26711035,0.7387558,1.2228736,112.49182,137.56328,False,0.96640784,True,False,False,0.7387558,1.2228736,112.49182,137.56328,0.73013618,1.2236935,110.36326,135.05079,0.96426049,1.2016314,21.779851,26.171352,0.62715994,1.4057704,19.5958,27.547196,0.7274168,1.3058238,43.857537,57.270216,0.72481273,1.246744,52.344366,65.260025,0.70770223,1.1704066,57.32844,67.097587,0.76930555,1.1891903,62.016825,73.749807
0b_baseline_best,file,13,baseline,5581,096.Hooded_Oriole/Hooded_Oriole_0091_90821.jpg,96,95,096.Hooded_Oriole,139,138,color_jitter,color_jitter,0,"{""brightness"":1.07579,""contrast"":0.887901,""hue"":0.083326,""saturation"":1.106252}",1.1382412,0.71349895,-0.42474222,0.32038203,0.48992696,0.47248286,0.00064642145,-0.15210083,0.48928054,0.64138137,0.38195924,0.83529449,112.49182,93.9638,False,0.70456314,False,False,True,0.38195924,0.83529449,112.49182,93.9638,0.37775064,0.84269292,110.36326,93.002334,0.5483377,0.61559281,21.779851,13.40752,0.12998491,1.2931766,19.5958,25.34083,0.53477523,1.1202424,43.857537,49.13107,0.35044123,0.86194458,52.344366,45.117942,0.3554721,0.78624857,57.32844,45.074404,0.3773491,0.62991167,62.016825,39.065122
0b_baseline_best,file,13,baseline,5581,096.Hooded_Oriole/Hooded_Oriole_0091_90821.jpg,96,95,096.Hooded_Oriole,139,138,rotation,rotation,0,"{""angle"":-7.926842}",1.1382412,1.5480554,0.40981424,0.32038203,0.2126611,0.47248286,0.53734815,-0.15210083,-0.32468705,-0.17258622,0.79807704,1.1167725,112.49182,125.62777,False,0.95189869,True,False,False,0.79807704,1.1167725,112.49182,125.62777,0.79222883,1.1175067,110.36326,123.33168,0.95106428,1.097751,21.779851,23.908853,0.6612573,1.7155824,19.5958,33.61821,0.80365436,1.1445936,43.857537,50.199054,0.78103401,1.0997644,52.344366,57.566471,0.79615383,1.116766,57.32844,64.022453,0.82689502,1.0384831,62.016825,64.403425
0b_baseline_best,file,13,baseline,5581,096.Hooded_Oriole/Hooded_Oriole_0091_90821.jpg,96,95,096.Hooded_Oriole,139,138,random_resized_crop,random_resized_crop,0,"{""area_fraction"":0.774769,""aspect"":0.778511,""fallback"":false,""height"":0.997594,""left"":0.1694,""top"":0.00057,""width"":0.776638}",1.1382412,1.8046353,0.66639411,0.32038203,0.16453446,0.47248286,0.62719089,-0.15210083,-0.46265642,-0.31055559,0.84232216,1.4479291,112.49182,162.88018,False,0.95587206,True,False,False,0.84232216,1.4479291,112.49182,162.88018,0.83898765,1.4556323,110.36326,160.64832,0.95450954,1.2337718,21.779851,26.871366,0.82297193,1.9435282,19.5958,38.084989,0.86719145,1.6916687,43.857537,74.192424,0.83543456,1.5175891,52.344366,79.437237,0.83053386,1.3986625,57.32844,80.183139,0.85532978,1.260747,62.016825,78.187527
0b_baseline_best,file,13,baseline,5581,096.Hooded_Oriole/Hooded_Oriole_0091_90821.jpg,96,95,096.Hooded_Oriole,139,138,gaussian_blur,gaussian_blur,0,"{""sigma"":1.015856}",1.1382412,0.69234484,-0.44589633,0.32038203,0.50040132,0.47248286,0.13790157,-0.15210083,0.36249974,0.51460057,0.78489245,0.75556935,112.49182,84.995373,False,0.92906648,False,False,True,0.78489245,0.75556935,112.49182,84.995373,0.78316787,0.76158546,110.36326,84.05105,0.87142431,0.58010721,21.779851,12.634649,0.72281761,0.96815519,19.5958,18.971775,0.80149378,0.8839251,43.857537,38.766777,0.77690753,0.76201338,52.344366,39.887107,0.78429546,0.77291255,57.32844,44.309871,0.80208387,0.65447868,62.016825,40.58869
0b_baseline_best,file,13,baseline,5581,096.Hooded_Oriole/Hooded_Oriole_0091_90821.jpg,96,95,096.Hooded_Oriole,139,138,random_erasing,random_erasing,0,"{""area_fraction"":0.110215,""erased"":true,""height"":0.434475,""left"":0.518887,""top"":0.48465,""width"":0.253675}",1.1382412,0.93845183,-0.19978935,0.32038203,0.39123309,0.47248286,0.4071528,-0.15210083,-0.015919715,0.13618112,0.88878425,0.94033439,112.49182,105.77993,False,0.98493618,True,False,False,0.88878425,0.94033439,112.49182,105.77993,0.88505388,0.9403141,110.36326,103.77613,0.98451281,0.94085518,21.779851,20.491686,0.87060303,1.0170336,19.5958,19.929587,0.89119331,0.93742198,43.857537,41.113019,0.87950251,0.93799374,52.344366,49.098687,0.87803372,0.93111385,57.32844,53.379304,0.89375002,0.94325578,62.016825,58.497728
0b_baseline_best,file,13,baseline,9536,163.Cape_May_Warbler/Cape_May_Warbler_0108_163108.jpg,163,162,163.Cape_May_Warbler,176,175,identity,identity,0,{},0.013968208,0.013968208,0,0.98612887,0.98612887,0.003556241,0.003556241,0.98257263,0.98257263,0,1,1,2.7992729,2.7992729,False,1,True,True,True,1,1,2.7992729,2.7992729,1,1,2.7687476,2.7687476,1,1,0.41226816,0.41226816,1,1,0.53349517,0.53349517,1,1,1.1700072,1.1700072,1,1,1.7331566,1.7331566,1,1,1.3390558,1.3390558,1,1,1.1025096,1.1025096
0b_baseline_best,file,13,baseline,9536,163.Cape_May_Warbler/Cape_May_Warbler_0108_163108.jpg,163,162,163.Cape_May_Warbler,176,175,horizontal_flip,horizontal_flip,0,"{""flipped"":true}",0.013968208,0.016656032,0.002687824,0.98612887,0.98348188,0.003556241,0.00049412641,0.98257263,0.98298776,0.00041513197,0.62389688,1.0759123,2.7992729,3.0117721,False,0.95373404,True,True,True,0.62389688,1.0759123,2.7992729,3.0117721,0.61753749,1.0727501,2.7687476,2.9701744,0.88261102,1.209975,0.41226816,0.49883416,0.60464133,1.2433819,0.53349517,0.66333826,0.58591882,1.1722,1.1700072,1.3714825,0.65821729,1.0374255,1.7331566,1.7980208,0.56231411,0.97930295,1.3390558,1.3113413,0.64557373,1.1286713,1.1025096,1.2443709
0b_baseline_best,file,13,baseline,9536,163.Cape_May_Warbler/Cape_May_Warbler_0108_163108.jpg,163,162,163.Cape_May_Warbler,176,175,color_jitter,color_jitter,0,"{""brightness"":1.248592,""contrast"":0.932182,""hue"":-0.037895,""saturation"":1.34661}",0.013968208,0.73156965,0.71760144,0.98612887,0.48115316,0.003556241,0.0090951892,0.98257263,0.47205797,-0.51051465,0.74346772,40.331011,2.7992729,112.8975,False,0.86015975,True,True,True,0.74346772,40.331011,2.7992729,112.8975,0.74315095,40.55114,2.7687476,112.27587,0.80782533,28.697585,0.41226816,11.831101,0.6906723,49.648981,0.53349517,26.487492,0.74990024,43.265314,1.1700072,50.620729,0.80511928,40.097,1.7331566,69.494379,0.69408645,39.702372,1.3390558,53.16369,0.67287504,37.242922,1.1025096,41.060678
0b_baseline_best,file,13,baseline,9536,163.Cape_May_Warbler/Cape_May_Warbler_0108_163108.jpg,163,162,163.Cape_May_Warbler,176,175,rotation,rotation,0,"{""angle"":2.085275}",0.013968208,0.018733244,0.0047650365,0.98612887,0.98144114,0.003556241,0.0079413829,0.98257263,0.97349976,-0.0090728684,0.85989876,1.3524312,2.7992729,3.7858239,False,0.97757232,True,True,True,0.85989876,1.3524312,2.7992729,3.7858239,0.85776792,1.3505738,2.7687476,3.7393981,0.9519331,1.4337042,0.41226816,0.59107059,0.76078408,1.4083639,0.53349517,0.75135536,0.80517429,1.3991142,1.1700072,1.6369737,0.88471315,1.371015,1.7331566,2.3761837,0.86378764,1.2757962,1.3390558,1.7083623,0.86997413,1.337397,1.1025096,1.474493
0b_baseline_best,file,13,baseline,9536,163.Cape_May_Warbler/Cape_May_Warbler_0108_163108.jpg,163,162,163.Cape_May_Warbler,176,175,random_resized_crop,random_resized_crop,0,"{""area_fraction"":0.775896,""aspect"":1.09925,""fallback"":false,""height"":0.840143,""left"":0.02383,""top"":0.032254,""width"":0.923528}",0.013968208,0.015125462,0.001157254,0.98612887,0.98498833,0.003556241,0.0064575919,0.98257263,0.97853074,-0.0040418857,0.80129905,1.237217,2.7992729,3.463308,False,0.94341367,True,True,True,0.80129905,1.237217,2.7992729,3.463308,0.79909102,1.2382344,2.7687476,3.4283585,0.90549618,1.1904268,0.41226816,0.49077506,0.77399712,1.3166095,0.53349517,0.70240481,0.77162621,1.2845675,1.1700072,1.5029532,0.85777194,1.2709277,1.7331566,2.2027167,0.75890049,1.16634,1.3390558,1.5617944,0.7466086,1.1861674,1.1025096,1.3077609
0b_baseline_best,file,13,baseline,9536,163.Cape_May_Warbler/Cape_May_Warbler_0108_163108.jpg,163,162,163.Cape_May_Warbler,176,175,gaussian_blur,gaussian_blur,0,"{""sigma"":1.495811}",0.013968208,0.20822126,0.19425305,0.98612887,0.81202734,0.003556241,0.011061917,0.98257263,0.80096542,-0.18160721,0.62631811,17.864919,2.7992729,50.008784,False,0.88191676,True,True,True,0.62631811,17.864919,2.7992729,50.008784,0.62266739,17.924662,2.7687476,49.628867,0.83443865,14.923697,0.41226816,6.152565,0.36818524,28.092079,0.53349517,14.986989,0.5020466,20.819665,1.1700072,24.359158,0.72990325,17.983715,1.7331566,31.168594,0.64596414,15.592293,1.3390558,20.87895,0.63657208,13.982091,1.1025096,15.415389
0b_baseline_best,file,13,baseline,9536,163.Cape_May_Warbler/Cape_May_Warbler_0108_163108.jpg,163,162,163.Cape_May_Warbler,176,175,random_erasing,random_erasing,0,"{""area_fraction"":0.141956,""erased"":true,""height"":0.332323,""left"":0.508605,""top"":0.491203,""width"":0.427164}",0.013968208,4.7142782,4.70031,0.98612887,0.008966337,0.003556241,0.0056084157,0.98257263,0.0033579213,-0.9792147,0.66292918,36.038996,2.7992729,100.88298,False,0.69676155,False,True,False,0.66292918,36.038996,2.7992729,100.88298,0.66361939,35.821683,2.7687476,99.181199,0.65406812,44.756602,0.41226816,18.451722,0.7220913,34.803033,0.53349517,18.56725,0.69160839,37.662977,1.1700072,44.065954,0.77423103,32.288194,1.7331566,55.960496,0.60063649,35.1632,1.3390558,47.085486,0.51153647,42.559895,1.1025096,46.922692
0b_baseline_best,file,13,baseline,2615,046.Gadwall/Gadwall_0030_31855.jpg,46,45,046.Gadwall,87,86,identity,identity,0,{},0.015176656,0.015176656,0,0.98493791,0.98493791,0.0038701801,0.0038701801,0.98106773,0.98106773,0,1,1,2.3412,2.3412,False,1,True,True,True,1,1,2.3412,2.3412,1,1,2.2953589,2.2953589,1,1,0.46102562,0.46102562,1,1,0.61973845,0.61973845,1,1,1.0234338,1.0234338,1,1,1.0811373,1.0811373,1,1,1.1124447,1.1124447,1,1,1.196156,1.196156
0b_baseline_best,file,13,baseline,2615,046.Gadwall/Gadwall_0030_31855.jpg,46,45,046.Gadwall,87,86,horizontal_flip,horizontal_flip,0,"{""flipped"":true}",0.015176656,0.0057013514,-0.0094753043,0.98493791,0.99431485,0.0038701801,0.0024231179,0.98106773,0.99189173,0.010824005,0.76203299,0.36800047,2.3412,0.86156269,False,0.98078775,True,True,True,0.76203299,0.36800047,2.3412,0.86156269,0.75271853,0.36541226,2.2953589,0.8387523,0.96843116,0.42717516,0.46102562,0.19693869,0.82109426,0.36344728,0.61973845,0.22524226,0.80041935,0.37552524,1.0234338,0.38432521,0.72704583,0.33417016,1.0811373,0.36128384,0.70635888,0.36451199,1.1124447,0.40549942,0.76072181,0.38320859,1.196156,0.45837724
0b_baseline_best,file,13,baseline,2615,046.Gadwall/Gadwall_0030_31855.jpg,46,45,046.Gadwall,87,86,color_jitter,color_jitter,0,"{""brightness"":0.985318,""contrast"":0.838442,""hue"":0.031137,""saturation"":1.134698}",0.015176656,0.014538191,-0.00063846447,0.98493791,0.98556697,0.0038701801,0.005198,0.98106773,0.98036897,-0.00069875247,0.93076941,0.98797375,2.3412,2.3130441,False,0.99247521,True,True,True,0.93076941,0.98797375,2.3412,2.3130441,0.92846384,0.98751562,2.2953589,2.2667028,0.98731174,0.99926288,0.46102562,0.46068579,0.95118297,0.91232247,0.61973845,0.56540132,0.91607506,1.0279954,1.0234338,1.0520852,0.91535609,1.0196203,1.0811373,1.1023496,0.92987715,0.99007995,1.1124447,1.1014092,0.94527021,0.94698466,1.196156,1.1327414
0b_baseline_best,file,13,baseline,2615,046.Gadwall/Gadwall_0030_31855.jpg,46,45,046.Gadwall,87,86,rotation,rotation,0,"{""angle"":-0.488865}",0.015176656,0.033273164,0.018096508,0.98493791,0.96727431,0.0038701801,0.0061832089,0.98106773,0.9610911,-0.019976627,0.87835439,2.039689,2.3412,4.7753198,False,0.98359871,True,True,True,0.87835439,2.039689,2.3412,4.7753198,0.8743255,2.0409236,2.2953589,4.6846521,0.97992559,2.0088439,0.46102562,0.9261285,0.91561,1.963579,0.61973845,1.2169054,0.88148065,2.1454655,1.0234338,2.1957418,0.83783214,1.9552645,1.0811373,2.1139095,0.86418051,2.0585801,1.1124447,2.2900564,0.89729291,2.0359671,1.196156,2.4353342
0b_baseline_best,file,13,baseline,2615,046.Gadwall/Gadwall_0030_31855.jpg,46,45,046.Gadwall,87,86,random_resized_crop,random_resized_crop,0,"{""area_fraction"":0.526591,""aspect"":1.190576,""fallback"":false,""height"":0.665056,""left"":0.069676,""top"":0.054826,""width"":0.7918}",0.015176656,0.74526405,0.7300874,0.98493791,0.47460896,0.0038701801,0.0071742618,0.98106773,0.4674347,-0.51363303,0.59811019,32.847005,2.3412,76.901406,False,0.88429821,True,True,True,0.59811019,32.847005,2.3412,76.901406,0.58894888,32.946031,2.2953589,75.622966,0.84716724,30.288987,0.46102562,13.963999,0.055623249,25.814674,0.61973845,15.998346,0.64925689,30.557442,1.0234338,31.273518,0.59176191,34.780525,1.0811373,37.602524,0.60981198,35.880986,1.1124447,39.915611,0.64731341,32.136425,1.196156,38.440177
0b_baseline_best,file,13,baseline,2615,046.Gadwall/Gadwall_0030_31855.jpg,46,45,046.Gadwall,87,86,gaussian_blur,gaussian_blur,0,"{""sigma"":1.212445}",0.015176656,0.63766575,0.62248909,0.98493791,0.5285247,0.0038701801,0.17059925,0.98106773,0.35792544,-0.62314228,0.50272004,37.584889,2.3412,87.993741,False,0.85497081,True,True,True,0.50272004,37.584889,2.3412,87.993741,0.49312701,37.879054,2.2953589,86.946025,0.82532959,29.365738,0.46102562,13.538358,0.46985369,40.702052,0.61973845,25.224627,0.45190322,45.511903,1.0234338,46.578419,0.46249206,40.251282,1.0811373,43.517164,0.53558423,35.480193,1.1124447,39.469751,0.56184484,30.168031,1.196156,36.085671
0b_baseline_best,file,13,baseline,2615,046.Gadwall/Gadwall_0030_31855.jpg,46,45,046.Gadwall,87,86,random_erasing,random_erasing,0,"{""area_fraction"":0.150917,""erased"":true,""height"":0.580169,""left"":0.570638,""top"":0.106826,""width"":0.260126}",0.015176656,0.018002449,0.0028257929,0.98493791,0.9821586,0.0038701801,0.0019127534,0.98106773,0.98024585,-0.00082187832,0.8890729,1.1723821,2.3412,2.7447809,False,0.96479756,True,True,True,0.8890729,1.1723821,2.3412,2.7447809,0.88668044,1.1741982,2.2953589,2.6952064,0.95163193,1.126427,0.46102562,0.5193117,0.82764,0.82157365,0.61973845,0.50916078,0.91563921,1.1930568,1.0234338,1.2210146,0.8818298,1.1775804,1.0811373,1.2731261,0.88187384,1.205306,1.1124447,1.3408362,0.89569946,1.2101461,1.196156,1.4475235
0b_baseline_best,file,13,baseline,2793,049.Boat_tailed_Grackle/Boat_Tailed_Grackle_0043_33595.jpg,49,48,049.Boat_tailed_Grackle,54,53,identity,identity,0,{},1.8470652,1.8470652,0,0.15769932,0.15769932,0.100191,0.100191,0.05750832,0.05750832,0,1,1,108.95155,108.95155,False,1.0000001,True,True,True,1,1,108.95155,108.95155,1,1,106.42818,106.42818,1,1,23.312714,23.312714,1,1,21.552564,21.552564,1,1,47.45823,47.45823,1,1,57.390791,57.390791,1,1,50.403065,50.403065,1,1,52.687665,52.687665
0b_baseline_best,file,13,baseline,2793,049.Boat_tailed_Grackle/Boat_Tailed_Grackle_0043_33595.jpg,49,48,049.Boat_tailed_Grackle,54,53,horizontal_flip,horizontal_flip,0,"{""flipped"":true}",1.8470652,1.3164936,-0.53057158,0.15769932,0.26807362,0.100191,0.082458869,0.05750832,0.18561475,0.12810643,0.61910005,0.83548353,108.95155,91.027229,False,0.94830418,True,True,True,0.61910005,0.83548353,108.95155,91.027229,0.60286588,0.83370101,106.42818,88.729286,0.94324436,0.87180465,23.312714,20.324132,0.24074265,0.79632096,21.552564,17.162759,0.54617631,0.71196508,47.45823,33.788602,0.63308842,0.79315704,57.390791,45.51991,0.57586466,0.88431026,50.403065,44.571947,0.6930228,0.92553123,52.687665,48.76408
0b_baseline_best,file,13,baseline,2793,049.Boat_tailed_Grackle/Boat_Tailed_Grackle_0043_33595.jpg,49,48,049.Boat_tailed_Grackle,54,53,color_jitter,color_jitter,0,"{""brightness"":1.298512,""contrast"":0.630882,""hue"":0.099472,""saturation"":1.014343}",1.8470652,6.387126,4.5400608,0.15769932,0.001683086,0.100191,0.0012841915,0.05750832,0.00039889454,-0.057109425,0.48144815,1.6364255,108.95155,178.2911,False,0.79837877,False,True,False,0.48144815,1.6364255,108.95155,178.2911,0.4715368,1.6499689,106.42818,175.60319,0.75042159,1.3229723,23.312714,30.842075,0.43431106,1.6475328,21.552564,35.508557,0.57746716,2.1294547,47.45823,101.06015,0.44190321,1.4964553,57.390791,85.882755,0.4227855,1.4869226,50.403065,74.945456,0.46027226,1.5147954,52.687665,79.811034
0b_baseline_best,file,13,baseline,2793,049.Boat_tailed_Grackle/Boat_Tailed_Grackle_0043_33595.jpg,49,48,049.Boat_tailed_Grackle,54,53,rotation,rotation,0,"{""angle"":-12.607152}",1.8470652,2.2596662,0.41260099,0.15769932,0.10438532,0.100191,0.024928231,0.05750832,0.079457086,0.021948766,0.71194261,1.2474048,108.95155,135.90669,False,0.91517365,True,True,True,0.71194261,1.2474048,108.95155,135.90669,0.70444359,1.255289,106.42818,133.59812,0.90405146,1.0699457,23.312714,24.943338,0.83297431,1.3130812,21.552564,28.300267,0.74743856,1.4533266,47.45823,68.972305,0.6897766,1.2669345,57.390791,72.710376,0.66367675,1.1543464,50.403065,58.182598,0.70579571,1.1416869,52.687665,60.152817
0b_baseline_best,file,13,baseline,2793,049.Boat_tailed_Grackle/Boat_Tailed_Grackle_0043_33595.jpg,49,48,049.Boat_tailed_Grackle,54,53,random_resized_crop,random_resized_crop,0,"{""area_fraction"":0.881589,""aspect"":1.07873,""fallback"":false,""height"":0.904017,""left"":0.010486,""top"":0.025884,""width"":0.97519}",1.8470652,2.1444616,0.29739642,0.15769932,0.11713108,0.100191,0.060425982,0.05750832,0.056705095,-0.00080322474,0.83743141,1.0692459,108.95155,116.49601,False,0.97754622,False,True,False,0.83743141,1.0692459,108.95155,116.49601,0.8310708,1.0685438,106.42818,113.72318,0.96821259,1.0837756,23.312714,25.26575,0.81830319,1.1062605,21.552564,23.84275,0.82866621,1.1145811,47.45823,52.896048,0.85327724,1.0483534,57.390791,60.165831,0.8099467,1.0389202,50.403065,52.364762,0.82946567,1.0744123,52.687665,56.608277
0b_baseline_best,file,13,baseline,2793,049.Boat_tailed_Grackle/Boat_Tailed_Grackle_0043_33595.jpg,49,48,049.Boat_tailed_Grackle,54,53,gaussian_blur,gaussian_blur,0,"{""sigma"":1.1124}",1.8470652,2.4809375,0.63387227,0.15769932,0.08366476,0.100191,0.04688704,0.05750832,0.03677772,-0.0207306,0.61939748,1.1663332,108.95155,127.07381,False,0.91473889,False,True,False,0.61939748,1.1663332,108.95155,127.07381,0.60708057,1.1603924,106.42818,123.49846,0.85441569,1.2839053,23.312714,29.931316,0.60358382,1.0245744,21.552564,22.082205,0.61121525,1.117801,47.45823,53.048856,0.64152335,1.1296359,57.390791,64.830697,0.55873323,1.1788307,50.403065,59.416679,0.61176229,1.2324735,52.687665,64.936154
0b_baseline_best,file,13,baseline,2793,049.Boat_tailed_Grackle/Boat_Tailed_Grackle_0043_33595.jpg,49,48,049.Boat_tailed_Grackle,54,53,random_erasing,random_erasing,0,"{""area_fraction"":0.157534,""erased"":true,""height"":0.580326,""left"":0.3332,""top"":0.023641,""width"":0.271457}",1.8470652,3.0934863,1.2464211,0.15769932,0.0453436,0.100191,0.030485898,0.05750832,0.014857702,-0.042650618,0.64250672,1.2242994,108.95155,133.38932,False,0.81084752,False,True,False,0.64250672,1.2242994,108.95155,133.38932,0.63620214,1.2299233,106.42818,130.89851,0.7931544,1.1005669,23.312714,25.657201,0.56454054,1.2385582,21.552564,26.694105,0.6843934,1.1675181,47.45823,55.408344,0.66712639,1.2184052,57.390791,69.925238,0.62613437,1.2539252,50.403065,63.201673,0.58688566,1.2686342,52.687665,66.841373
0b_baseline_best,file,13,baseline,8764,150.Sage_Thrasher/Sage_Thrasher_0025_155661.jpg,150,149,150.Sage_Thrasher,194,193,identity,identity,0,{},0.18901934,0.18901934,0,0.82777047,0.82777047,0.097730264,0.097730264,0.73004021,0.73004021,0,1,1,32.279583,32.279583,False,0.99999994,True,True,True,1,1,32.279583,32.279583,1,1,31.820942,31.820942,1,1,5.4220953,5.4220953,1,1,4.8683321,4.8683321,1,1,14.935567,14.935567,1,1,19.822469,19.822469,1,1,13.667197,13.667197,1,1,13.641042,13.641042
0b_baseline_best,file,13,baseline,8764,150.Sage_Thrasher/Sage_Thrasher_0025_155661.jpg,150,149,150.Sage_Thrasher,194,193,horizontal_flip,horizontal_flip,0,"{""flipped"":true}",0.18901934,0.37311828,0.18409894,0.82777047,0.68858379,0.097730264,0.22070234,0.73004021,0.46788146,-0.26215875,0.76060947,1.9013255,32.279583,61.373996,False,0.97064406,True,True,True,0.76060947,1.9013255,32.279583,61.373996,0.75515607,1.9047611,31.820942,60.611294,0.96345012,1.7789514,5.4220953,9.645644,0.54950499,2.0867041,4.8683321,10.158769,0.66236736,1.7204982,14.935567,25.696615,0.79095072,1.9005334,19.822469,37.673265,0.74371103,1.9885984,13.667197,27.178566,0.8236742,2.0106538,13.641042,27.427413
0b_baseline_best,file,13,baseline,8764,150.Sage_Thrasher/Sage_Thrasher_0025_155661.jpg,150,149,150.Sage_Thrasher,194,193,color_jitter,color_jitter,0,"{""brightness"":1.311212,""contrast"":1.139836,""hue"":0.02354,""saturation"":1.222101}",0.18901934,0.13643387,-0.052585468,0.82777047,0.872464,0.097730264,0.040675238,0.73004021,0.83178876,0.10174856,0.83770878,0.64800614,32.279583,20.917368,False,0.97019452,True,True,True,0.83770878,0.64800614,32.279583,20.917368,0.83502861,0.64611958,31.820942,20.560134,0.92532539,0.70993029,5.4220953,3.8493097,0.69651123,0.76038154,4.8683321,3.7017899,0.85164499,0.63396678,14.935567,9.4686532,0.85342326,0.59424956,19.822469,11.779493,0.79893824,0.68844282,13.667197,9.4090837,0.85036819,0.70342686,13.641042,9.5954752
0b_baseline_best,file,13,baseline,8764,150.Sage_Thrasher/Sage_Thrasher_0025_155661.jpg,150,149,150.Sage_Thrasher,194,193,rotation,rotation,0,"{""angle"":-11.047634}",0.18901934,1.180131,0.99111162,0.82777047,0.30723849,0.097730264,0.54478383,0.73004021,-0.23754534,-0.96758555,0.79623123,4.0177963,32.279583,129.69279,False,0.94834912,False,True,False,0.79623123,4.0177963,32.279583,129.69279,0.79204334,4.0129539,31.820942,127.69598,0.93532056,4.1811563,5.4220953,22.670628,0.64158778,4.2614748,4.8683321,20.746275,0.77409568,4.0984331,14.935567,61.212421,0.8394676,3.6290474,19.822469,71.936679,0.75016747,4.2240504,13.667197,57.730929,0.80029953,4.4113912,13.641042,60.175972
0b_baseline_best,file,13,baseline,8764,150.Sage_Thrasher/Sage_Thrasher_0025_155661.jpg,150,149,150.Sage_Thrasher,194,193,random_resized_crop,random_resized_crop,0,"{""area_fraction"":0.625524,""aspect"":0.751578,""fallback"":false,""height"":0.912294,""left"":0.250507,""top"":0.004634,""width"":0.68566}",0.18901934,0.66542268,0.47640334,0.82777047,0.51405621,0.097730264,0.34424621,0.73004021,0.16981,-0.56023021,0.75818116,2.5764865,32.279583,83.167911,False,0.93694359,True,True,True,0.75818116,2.5764865,32.279583,83.167911,0.75259429,2.5616567,31.820942,81.514331,0.93105179,3.0434687,5.4220953,16.501978,0.59794176,2.6148494,4.8683321,12.729956,0.714881,2.2459458,14.935567,33.544474,0.80377111,2.4152143,19.822469,47.87551,0.72057446,2.7728535,13.667197,37.897134,0.76448303,2.9588234,13.641042,40.361434
0b_baseline_best,file,13,baseline,8764,150.Sage_Thrasher/Sage_Thrasher_0025_155661.jpg,150,149,150.Sage_Thrasher,194,193,gaussian_blur,gaussian_blur,0,"{""sigma"":1.422196}",0.18901934,2.2167792,2.0277599,0.82777047,0.10895947,0.097730264,0.10144667,0.73004021,0.0075128078,-0.7225274,0.36599466,6.2652286,32.279583,202.23897,False,0.82349873,False,True,False,0.36599466,6.2652286,32.279583,202.23897,0.35740984,6.2906207,31.820942,200.17348,0.72086768,5.3171612,5.4220953,28.830155,0.30409826,5.8844846,4.8683321,28.647625,0.15498162,6.7865501,14.935567,101.36097,0.33207598,5.708992,19.822469,113.16631,0.49017935,7.0675801,13.667197,96.59401,0.53858778,6.0618693,13.641042,82.690212
0b_baseline_best,file,13,baseline,8764,150.Sage_Thrasher/Sage_Thrasher_0025_155661.jpg,150,149,150.Sage_Thrasher,194,193,random_erasing,random_erasing,0,"{""area_fraction"":0.100382,""erased"":true,""height"":0.364172,""left"":0.282788,""top"":0.252926,""width"":0.275644}",0.18901934,0.56992781,0.38090847,0.82777047,0.5655663,0.097730264,0.025590915,0.73004021,0.53997539,-0.19006482,0.51308987,2.1274339,32.279583,68.672678,False,0.93946123,True,True,True,0.51308987,2.1274339,32.279583,68.672678,0.50377734,2.1211107,31.820942,67.495743,0.80677206,2.3347874,5.4220953,12.65944,0.45180045,2.5517805,4.8683321,12.422915,0.48030829,2.1357123,14.935567,31.898073,0.45411613,1.7988179,19.822469,35.657012,0.53069565,2.4114415,13.667197,32.957646,0.60832602,2.3484154,13.641042,32.034832
0b_baseline_best,file,13,baseline,2169,038.Great_Crested_Flycatcher/Great_Crested_Flycatcher_0069_29603.jpg,38,37,038.Great_Crested_Flycatcher,39,38,identity,identity,0,{},0.51285321,0.51285321,0,0.59878469,0.59878469,0.3058112,0.3058112,0.29297349,0.29297349,0,1,1,97.618455,97.618455,False,1.0000001,True,True,True,1,1,97.618455,97.618455,1,1,96.493809,96.493809,1,1,14.775237,14.775237,1,1,20.200286,20.200286,1,1,51.30504,51.30504,1,1,53.668508,53.668508,1,1,44.43939,44.43939,1,1,37.624836,37.624836
0b_baseline_best,file,13,baseline,2169,038.Great_Crested_Flycatcher/Great_Crested_Flycatcher_0069_29603.jpg,38,37,038.Great_Crested_Flycatcher,39,38,horizontal_flip,horizontal_flip,0,"{""flipped"":true}",0.51285321,1.1577268,0.64487356,0.59878469,0.31419963,0.3058112,0.46495473,0.29297349,-0.15075511,-0.4437286,0.69300661,1.5818005,97.618455,154.41292,False,0.96625376,False,True,False,0.69300661,1.5818005,97.618455,154.41292,0.68615503,1.5773388,96.493809,152.20343,0.95879214,1.7616072,14.775237,26.028164,0.73096361,1.8511561,20.200286,37.393883,0.73188219,1.5464471,51.30504,79.340531,0.6801191,1.5605219,53.668508,83.750881,0.60029581,1.5455977,44.43939,68.68542,0.71993996,1.6255696,37.624836,61.161787
0b_baseline_best,file,13,baseline,2169,038.Great_Crested_Flycatcher/Great_Crested_Flycatcher_0069_29603.jpg,38,37,038.Great_Crested_Flycatcher,39,38,color_jitter,color_jitter,0,"{""brightness"":0.620934,""contrast"":1.072884,""hue"":-0.043088,""saturation"":0.970894}",0.51285321,0.33210441,-0.18074879,0.59878469,0.71741241,0.3058112,0.052182697,0.29297349,0.66522972,0.37225623,0.73481858,0.71243689,97.618455,69.546988,False,0.94054067,True,True,True,0.73481858,0.71243689,97.618455,69.546988,0.7338826,0.714606,96.493809,68.955055,0.78989057,0.61281586,14.775237,9.0544992,0.53876074,1.0012491,20.200286,20.225518,0.73894826,0.74281131,51.30504,38.109964,0.77066883,0.70324528,53.668508,37.742124,0.74490307,0.66362252,44.43939,29.49098,0.73926429,0.65058106,37.624836,24.478006
0b_baseline_best,file,13,baseline,2169,038.Great_Crested_Flycatcher/Great_Crested_Flycatcher_0069_29603.jpg,38,37,038.Great_Crested_Flycatcher,39,38,rotation,rotation,0,"{""angle"":-0.860567}",0.51285321,0.44916487,-0.063688338,0.59878469,0.63816088,0.3058112,0.31257319,0.29297349,0.32558769,0.032614201,0.90914577,0.967855,97.618455,94.480509,False,0.98667896,True,True,True,0.90914577,0.967855,97.618455,94.480509,0.90742044,0.9680751,96.493809,93.413253,0.98351882,0.95842038,14.775237,14.160888,0.82082947,1.0734984,20.200286,21.684976,0.91050721,0.93808647,51.30504,48.128564,0.91453367,0.97438693,53.668508,52.293892,0.90528072,0.96580843,44.43939,42.919938,0.9202598,0.98111572,37.624836,36.914318
0b_baseline_best,file,13,baseline,2169,038.Great_Crested_Flycatcher/Great_Crested_Flycatcher_0069_29603.jpg,38,37,038.Great_Crested_Flycatcher,39,38,random_resized_crop,random_resized_crop,0,"{""area_fraction"":0.780824,""aspect"":0.932508,""fallback"":false,""height"":0.915062,""left"":0.121245,""top"":0.006931,""width"":0.853302}",0.51285321,0.67961723,0.16676402,0.59878469,0.50681096,0.3058112,0.41557485,0.29297349,0.091236115,-0.20173737,0.77658429,1.1976824,97.618455,116.91591,False,0.96000367,True,True,True,0.77658429,1.1976824,97.618455,116.91591,0.77215858,1.1961802,96.493809,115.42398,0.95679854,1.2600889,14.775237,18.618112,0.68951114,1.3798945,20.200286,27.874263,0.8010433,1.0608285,51.30504,54.425847,0.7750838,1.2080958,53.668508,64.836698,0.74664297,1.2433003,44.43939,55.251509,0.79600547,1.2821107,37.624836,48.239206
0b_baseline_best,file,13,baseline,2169,038.Great_Crested_Flycatcher/Great_Crested_Flycatcher_0069_29603.jpg,38,37,038.Great_Crested_Flycatcher,39,38,gaussian_blur,gaussian_blur,0,"{""sigma"":1.776278}",0.51285321,0.99459898,0.48174578,0.59878469,0.36987174,0.3058112,0.11373956,0.29297349,0.25613218,-0.036841311,0.46795596,1.4441487,97.618455,140.97556,False,0.90232426,True,True,True,0.46795596,1.4441487,97.618455,140.97556,0.46135134,1.4461521,96.493809,139.54472,0.76933902,1.3559497,14.775237,20.034478,0.2261309,2.8926122,20.200286,58.431595,0.38529428,1.331689,51.30504,68.322358,0.53275401,1.3830358,53.668508,74.225465,0.51700533,1.3199124,44.43939,58.656104,0.60514009,1.3130203,37.624836,49.402174
0b_baseline_best,file,13,baseline,2169,038.Great_Crested_Flycatcher/Great_Crested_Flycatcher_0069_29603.jpg,38,37,038.Great_Crested_Flycatcher,39,38,random_erasing,random_erasing,0,"{""area_fraction"":0.119418,""erased"":true,""height"":0.21092,""left"":0.37848,""top"":0.122547,""width"":0.566175}",0.51285321,0.83804607,0.32519287,0.59878469,0.4325549,0.3058112,0.031696364,0.29297349,0.40085854,0.10788505,0.51444143,0.73560578,97.618455,71.8087,False,0.82421088,True,True,True,0.51444143,0.73560578,97.618455,71.8087,0.51010206,0.72889414,96.493809,70.333772,0.67409411,0.97997012,14.775237,14.47929,0.58927039,0.79867608,20.200286,16.133485,0.51332085,0.64124099,51.30504,32.898895,0.55020669,0.66072892,53.668508,35.460335,0.47452209,0.71027696,44.43939,31.564275,0.49959147,0.97671646,37.624836,36.748796
0b_baseline_best,file,13,baseline,2664,047.American_Goldfinch/American_Goldfinch_0048_32885.jpg,47,46,047.American_Goldfinch,161,160,identity,identity,0,{},0.59335411,0.59335411,0,0.55247116,0.55247116,0.30558503,0.30558503,0.24688613,0.24688613,0,1,1,88.791121,88.791121,False,1.0000001,True,True,True,1,1,88.791121,88.791121,1,1,87.370488,87.370488,1,1,15.819641,15.819641,1,1,16.409802,16.409802,1,1,36.078504,36.078504,1,1,43.974607,43.974607,1,1,47.322438,47.322438,1,1,43.468182,43.468182
0b_baseline_best,file,13,baseline,2664,047.American_Goldfinch/American_Goldfinch_0048_32885.jpg,47,46,047.American_Goldfinch,161,160,horizontal_flip,horizontal_flip,0,"{""flipped"":true}",0.59335411,0.14022218,-0.45313193,0.55247116,0.86916512,0.30558503,0.083522253,0.24688613,0.78564287,0.53875674,0.67024339,0.33894791,88.791121,30.095565,False,0.97307265,True,True,True,0.67024339,0.33894791,88.791121,30.095565,0.66086867,0.33947038,87.370488,29.659693,0.97198974,0.32260504,15.819641,5.1034959,0.45050046,0.46054429,16.409802,7.5574404,0.63874841,0.35323928,36.078504,12.744345,0.65603328,0.36785842,43.974607,16.17643,0.64436511,0.3018302,47.322438,14.283341,0.76014983,0.32081796,43.468182,13.945373
0b_baseline_best,file,13,baseline,2664,047.American_Goldfinch/American_Goldfinch_0048_32885.jpg,47,46,047.American_Goldfinch,161,160,color_jitter,color_jitter,0,"{""brightness"":0.900341,""contrast"":0.80785,""hue"":0.031143,""saturation"":1.167431}",0.59335411,1.9554732,1.3621191,0.55247116,0.14149751,0.30558503,0.6734122,0.24688613,-0.5319147,-0.77880083,0.85898949,1.854039,88.791121,164.6222,False,0.9585914,False,True,False,0.85898949,1.854039,88.791121,164.6222,0.85588591,1.8507497,87.370488,161.7009,0.9499311,1.9517079,15.819641,30.875317,0.82880126,1.9047182,16.409802,31.256047,0.86567418,1.8806923,36.078504,67.852562,0.8519165,1.8408569,43.974607,80.95096,0.858255,1.8346939,47.322438,86.822187,0.8544436,1.8511964,43.468182,80.468141
0b_baseline_best,file,13,baseline,2664,047.American_Goldfinch/American_Goldfinch_0048_32885.jpg,47,46,047.American_Goldfinch,161,160,rotation,rotation,0,"{""angle"":-9.825487}",0.59335411,1.0186568,0.42530274,0.55247116,0.36107963,0.30558503,0.4406687,0.24688613,-0.079589069,-0.3264752,0.8042867,1.4554535,88.791121,129.23135,False,0.97695732,False,True,False,0.8042867,1.4554535,88.791121,129.23135,0.79840622,1.4530417,87.370488,126.95297,0.97591078,1.5271908,15.819641,24.159609,0.72197146,1.4163434,16.409802,23.241914,0.72567189,1.3268372,36.078504,47.870299,0.76949692,1.5116617,43.974607,66.474731,0.82797941,1.4579426,47.322438,68.993396,0.8524696,1.4741958,43.468182,64.080612
0b_baseline_best,file,13,baseline,2664,047.American_Goldfinch/American_Goldfinch_0048_32885.jpg,47,46,047.American_Goldfinch,161,160,random_resized_crop,random_resized_crop,0,"{""area_fraction"":0.794349,""aspect"":0.996906,""fallback"":false,""height"":0.892644,""left"":0.018539,""top"":0.071653,""width"":0.889882}",0.59335411,1.7061899,1.1128358,0.55247116,0.18155621,0.30558503,0.39315444,0.24688613,-0.21159823,-0.45848437,0.68540389,1.5718409,88.791121,139.56552,False,0.97451007,False,True,False,0.68540389,1.5718409,88.791121,139.56552,0.67603064,1.5670156,87.370488,136.91092,0.94963142,1.7125056,15.819641,27.091223,0.567414,1.1713491,16.409802,19.221606,0.48985802,1.5308873,36.078504,55.232123,0.57106622,1.6122657,43.974607,70.898753,0.75357731,1.5351157,47.322438,72.645419,0.83133585,1.6300624,43.468182,70.855848
0b_baseline_best,file,13,baseline,2664,047.American_Goldfinch/American_Goldfinch_0048_32885.jpg,47,46,047.American_Goldfinch,161,160,gaussian_blur,gaussian_blur,0,"{""sigma"":1.255684}",0.59335411,2.8996952,2.3063411,0.55247116,0.055039991,0.30558503,0.55409181,0.24688613,-0.49905182,-0.74593795,0.57793179,1.7145355,88.791121,152.23553,False,0.90412575,False,True,False,0.57793179,1.7145355,88.791121,152.23553,0.56618034,1.7069392,87.370488,149.13611,0.89891106,1.9319442,15.819641,30.562664,0.044785546,1.3189257,16.409802,21.643309,0.19457873,1.6685691,36.078504,60.199477,0.52693347,1.809897,43.974607,79.589508,0.69716515,1.7093315,47.322438,80.889734,0.7686796,1.6703093,43.468182,72.60531
0b_baseline_best,file,13,baseline,2664,047.American_Goldfinch/American_Goldfinch_0048_32885.jpg,47,46,047.American_Goldfinch,161,160,random_erasing,random_erasing,0,"{""area_fraction"":0.164291,""erased"":true,""height"":0.348917,""left"":0.34436,""top"":0.138482,""width"":0.47086}",0.59335411,2.0492418,1.4558877,0.55247116,0.12883255,0.30558503,0.08125104,0.24688613,0.047581509,-0.19930463,0.52509499,1.639078,88.791121,145.53558,False,0.89735109,False,True,False,0.52509499,1.639078,88.791121,145.53558,0.51765743,1.6363136,87.370488,142.96552,0.74141262,1.7212685,15.819641,27.22985,0.61741202,1.352616,16.409802,22.19616,0.54963885,1.6478106,36.078504,59.450542,0.45354804,1.7790843,43.974607,78.234534,0.52756518,1.5552366,47.322438,73.597589,0.54843528,1.6062361,43.468182,69.820163
0b_baseline_best,file,13,baseline,6240,107.Common_Raven/Common_Raven_0079_101100.jpg,107,106,107.Common_Raven,30,29,identity,identity,0,{},4.2000489,4.2000489,0,0.014994842,0.014994842,0.94813216,0.94813216,-0.93313732,-0.93313732,0,1,1,193.54778,193.54778,False,1,True,False,False,1,1,193.54778,193.54778,1,1,188.57755,188.57755,1,1,43.58039,43.58039,1,1,79.090993,79.090993,1,1,79.33133,79.33133,1,1,86.857386,86.857386,1,1,85.88177,85.88177,1,1,89.959792,89.959792
0b_baseline_best,file,13,baseline,6240,107.Common_Raven/Common_Raven_0079_101100.jpg,107,106,107.Common_Raven,30,29,horizontal_flip,horizontal_flip,0,"{""flipped"":true}",4.2000489,3.1744106,-1.0256383,0.014994842,0.041818745,0.94813216,0.89112473,-0.93313732,-0.84930598,0.083831335,0.42094945,0.92888761,193.54778,179.78414,False,0.96589947,True,False,False,0.42094945,0.92888761,193.54778,179.78414,0.3950465,0.93363614,188.57755,176.06282,0.96575113,0.83500457,43.58039,36.389825,-0.46056016,0.87694017,79.090993,69.358069,0.22048102,0.98940758,79.33133,78.491019,0.59783284,0.95481964,86.857386,82.933138,0.61507527,0.94668746,85.88177,81.303195,0.77925659,0.89886524,89.959792,80.86173
0b_baseline_best,file,13,baseline,6240,107.Common_Raven/Common_Raven_0079_101100.jpg,107,106,107.Common_Raven,30,29,color_jitter,color_jitter,0,"{""brightness"":1.046725,""contrast"":0.830243,""hue"":-0.012248,""saturation"":0.947987}",4.2000489,3.3458405,-0.85420847,0.014994842,0.035230599,0.94813216,0.87112552,-0.93313732,-0.83589492,0.097242395,0.91859951,0.92146209,193.54778,178.34694,False,0.99275476,True,False,False,0.91859951,0.92146209,193.54778,178.34694,0.91464558,0.92106193,188.57755,173.6916,0.99203762,0.92892286,43.58039,40.482821,0.9483978,0.62363837,79.090993,49.324178,0.88583279,0.99330473,79.33133,78.800186,0.92459587,1.0124762,86.857386,87.941034,0.92174247,0.95292694,85.88177,81.839052,0.94758241,0.93633891,89.959792,84.232853
0b_baseline_best,file,13,baseline,6240,107.Common_Raven/Common_Raven_0079_101100.jpg,107,106,107.Common_Raven,30,29,rotation,rotation,0,"{""angle"":9.468617}",4.2000489,6.1714034,1.9713545,0.014994842,0.0020883032,0.94813216,0.97801375,-0.93313732,-0.97592545,-0.042788135,0.80505366,1.0854146,193.54778,210.0796,False,0.97357559,True,False,False,0.80505366,1.0854146,193.54778,210.0796,0.7963075,1.0868554,188.57755,204.95653,0.97354623,1.0580761,43.58039,46.111369,0.85869474,0.9966459,79.090993,78.825713,0.76453219,1.1739119,79.33133,93.127994,0.78815307,1.2072752,86.857386,104.86076,0.76283712,1.056212,85.88177,90.709352,0.83241245,0.98782442,89.959792,88.864479
0b_baseline_best,file,13,baseline,6240,107.Common_Raven/Common_Raven_0079_101100.jpg,107,106,107.Common_Raven,30,29,random_resized_crop,random_resized_crop,0,"{""area_fraction"":0.584507,""aspect"":1.24499,""fallback"":false,""height"":0.685192,""left"":0.081369,""top"":0.221643,""width"":0.853057}",4.2000489,3.5524189,-0.64762998,0.014994842,0.028655238,0.94813216,0.90670735,-0.93313732,-0.87805211,0.055085207,0.74479281,1.0321765,193.54778,199.77547,False,0.9486227,True,False,False,0.74479281,1.0321765,193.54778,199.77547,0.73487417,1.0361091,188.57755,195.38691,0.9484898,0.95555981,43.58039,41.643669,0.82587562,0.87808844,79.090993,69.448887,0.66993467,1.0801241,79.33133,85.68768,0.7084591,1.1018204,86.857386,95.701238,0.7118663,1.0922826,85.88177,93.807164,0.78818273,0.99747874,89.959792,89.73298
0b_baseline_best,file,13,baseline,6240,107.Common_Raven/Common_Raven_0079_101100.jpg,107,106,107.Common_Raven,30,29,gaussian_blur,gaussian_blur,0,"{""sigma"":1.276016}",4.2000489,1.0369881,-3.1630608,0.014994842,0.35452083,0.94813216,0.23867206,-0.93313732,0.11584876,1.0489861,0.50596339,0.71153143,193.54778,137.71533,False,0.89378464,False,False,True,0.50596339,0.71153143,193.54778,137.71533,0.49826875,0.72098823,188.57755,135.9622,0.74469308,0.50261558,43.58039,21.904183,0.61761276,0.56654339,79.090993,44.808479,0.35340042,0.88383275,79.33133,70.115628,0.49786691,0.81318556,86.857386,70.631172,0.54107349,0.71444884,85.88177,61.358131,0.5695763,0.58906134,89.959792,52.991836
0b_baseline_best,file,13,baseline,6240,107.Common_Raven/Common_Raven_0079_101100.jpg,107,106,107.Common_Raven,30,29,random_erasing,random_erasing,0,"{""area_fraction"":0.083437,""erased"":true,""height"":0.305689,""left"":0.151624,""top"":0.44314,""width"":0.272947}",4.2000489,3.0467081,-1.1533408,0.014994842,0.047515091,0.94813216,0.87073517,-0.93313732,-0.82322008,0.10991724,0.91702085,0.99705304,193.54778,192.9774,False,0.98069268,True,False,False,0.91702085,0.99705304,193.54778,192.9774,0.91429686,1.0022426,188.57755,189.00046,0.97986228,0.89434041,43.58039,38.975704,0.94871601,0.88330218,79.090993,69.861247,0.91241683,1.0306182,79.33133,81.760316,0.90508625,1.0924593,86.857386,94.88816,0.89960701,1.0279329,85.88177,88.2807,0.9260828,0.95356149,89.959792,85.782193
0b_baseline_best,file,13,baseline,10156,173.Orange_crowned_Warbler/Orange_Crowned_Warbler_0120_167587.jpg,173,172,173.Orange_crowned_Warbler,175,174,identity,identity,0,{},0.36525103,0.36525103,0,0.69402242,0.69402242,0.10941254,0.10941254,0.58460988,0.58460988,0,1,1,55.113151,55.113151,False,1,True,True,True,1,1,55.113151,55.113151,1,1,54.323137,54.323137,1,1,9.2981844,9.2981844,1,1,15.574311,15.574311,1,1,25.890688,25.890688,1,1,26.869815,26.869815,1,1,25.725234,25.725234,1,1,25.580103,25.580103
0b_baseline_best,file,13,baseline,10156,173.Orange_crowned_Warbler/Orange_Crowned_Warbler_0120_167587.jpg,173,172,173.Orange_crowned_Warbler,175,174,horizontal_flip,horizontal_flip,0,"{""flipped"":true}",0.36525103,0.55334759,0.18809655,0.69402242,0.57502168,0.10941254,0.049731545,0.58460988,0.52529014,-0.059319742,0.64157329,1.1973107,55.113151,65.987564,False,0.95337856,True,True,True,0.64157329,1.1973107,55.113151,65.987564,0.63359471,1.1960195,54.323137,64.971531,0.90454055,1.2405767,9.2981844,11.535111,0.64795704,1.1603662,15.574311,18.071904,0.58582544,1.0097583,25.890688,26.143336,0.6552123,1.2616252,26.869815,33.899636,0.59974077,1.299914,25.725234,33.440593,0.6930018,1.2009685,25.580103,30.720897
0b_baseline_best,file,13,baseline,10156,173.Orange_crowned_Warbler/Orange_Crowned_Warbler_0120_167587.jpg,173,172,173.Orange_crowned_Warbler,175,174,color_jitter,color_jitter,0,"{""brightness"":1.008859,""contrast"":1.002707,""hue"":0.019934,""saturation"":1.374866}",0.36525103,1.0226316,0.65738061,0.69402242,0.35964721,0.10941254,0.21764946,0.58460988,0.14199775,-0.44261213,0.79071773,1.8087191,55.113151,99.684209,False,0.9758476,True,True,True,0.79071773,1.8087191,55.113151,99.684209,0.7850363,1.8000916,54.323137,97.786624,0.96649467,2.0818715,9.2981844,19.357625,0.83230531,1.7040505,15.574311,26.539412,0.63431316,1.7435487,25.890688,45.141674,0.80683086,1.7963817,26.869815,48.268445,0.82311294,1.8321432,25.725234,47.132313,0.85384527,1.8620753,25.580103,47.63208
0b_baseline_best,file,13,baseline,10156,173.Orange_crowned_Warbler/Orange_Crowned_Warbler_0120_167587.jpg,173,172,173.Orange_crowned_Warbler,175,174,rotation,rotation,0,"{""angle"":11.205647}",0.36525103,0.66408879,0.29883775,0.69402242,0.51474237,0.10941254,0.10040434,0.58460988,0.41433804,-0.17027184,0.71683645,1.5302566,55.113151,84.337265,False,0.95936954,True,True,True,0.71683645,1.5302566,55.113151,84.337265,0.71077223,1.5339551,54.323137,83.329253,0.94693011,1.3981633,9.2981844,13.00038,0.70298274,1.3109727,15.574311,20.417497,0.66043783,1.6703535,25.890688,43.246601,0.69247762,1.5043382,26.869815,40.42129,0.71104734,1.5368089,25.725234,39.534769,0.79723656,1.4936055,25.580103,38.206584
0b_baseline_best,file,13,baseline,10156,173.Orange_crowned_Warbler/Orange_Crowned_Warbler_0120_167587.jpg,173,172,173.Orange_crowned_Warbler,175,174,random_resized_crop,random_resized_crop,0,"{""area_fraction"":0.529967,""aspect"":0.857419,""fallback"":false,""height"":0.786191,""left"":0.157297,""top"":0.165814,""width"":0.674095}",0.36525103,0.72593755,0.36068651,0.69402242,0.48387071,0.10941254,0.050097968,0.58460988,0.43377275,-0.15083713,0.61846835,1.724643,55.113151,95.050512,False,0.91500962,True,True,True,0.61846835,1.724643,55.113151,95.050512,0.6113902,1.7268744,54.323137,93.809232,0.87251471,1.6466693,9.2981844,15.311035,0.77854395,1.7036785,15.574311,26.533619,0.58753224,1.6102898,25.890688,41.69151,0.55820805,1.8402566,26.869815,49.447355,0.56596131,1.7687328,25.725234,45.501067,0.68813998,1.6780681,25.580103,42.925157
0b_baseline_best,file,13,baseline,10156,173.Orange_crowned_Warbler/Orange_Crowned_Warbler_0120_167587.jpg,173,172,173.Orange_crowned_Warbler,175,174,gaussian_blur,gaussian_blur,0,"{""sigma"":1.915397}",0.36525103,3.7456264,3.3803754,0.69402242,0.023620831,0.10941254,0.0052227783,0.58460988,0.018398053,-0.56621183,0.35365715,3.0625703,55.113151,168.7879,False,0.75110888,False,True,False,0.35365715,3.0625703,55.113151,168.7879,0.34585244,3.0707497,54.323137,166.81276,0.65093791,2.7689336,9.2981844,25.746055,0.28578968,2.6211995,15.574311,40.823377,0.36460924,3.4473756,25.890688,89.254926,0.26237146,3.317099,26.869815,89.129837,0.3415044,2.9155921,25.725234,75.004289,0.47285705,2.65824,25.580103,67.998055
0b_baseline_best,file,13,baseline,10156,173.Orange_crowned_Warbler/Orange_Crowned_Warbler_0120_167587.jpg,173,172,173.Orange_crowned_Warbler,175,174,random_erasing,random_erasing,0,"{""area_fraction"":0.091518,""erased"":true,""height"":0.332727,""left"":0.234355,""top"":0.517301,""width"":0.275053}",0.36525103,2.7155519,2.3503008,0.69402242,0.066168435,0.10941254,0.48657188,0.58460988,-0.42040344,-1.0050133,0.69651653,2.9044502,55.113151,160.0734,False,0.93069422,False,True,False,0.69651653,2.9044502,55.113151,160.0734,0.68971443,2.8994328,54.323137,157.50629,0.91684966,3.0707951,9.2981844,28.552819,0.82781331,2.6596237,15.574311,41.421807,0.66291669,2.9747964,25.890688,77.019525,0.63997569,2.9940608,26.869815,80.449862,0.66221458,2.8308032,25.725234,72.823076,0.75721525,2.8687561,25.580103,73.383078
0b_baseline_best,file,13,baseline,9794,167.Hooded_Warbler/Hooded_Warbler_0057_164137.jpg,167,166,167.Hooded_Warbler,180,179,identity,identity,0,{},0.00070106244,0.00070106244,0,0.99929917,0.99929917,0.00025710018,0.00025710018,0.99904207,0.99904207,0,1,1,0.09214028,0.09214028,False,0.99999994,True,True,True,1,1,0.09214028,0.09214028,1,1,0.088734621,0.088734621,1,1,0.024819311,0.024819311,1,1,0.015477487,0.015477487,1,1,0.03256548,0.03256548,1,1,0.041422571,0.041422571,1,1,0.043335283,0.043335283,1,1,0.05458932,0.05458932
0b_baseline_best,file,13,baseline,9794,167.Hooded_Warbler/Hooded_Warbler_0057_164137.jpg,167,166,167.Hooded_Warbler,180,179,horizontal_flip,horizontal_flip,0,"{""flipped"":true}",0.00070106244,0.00034922225,-0.00035184019,0.99929917,0.99965084,0.00025710018,0.00012462407,0.99904207,0.99952621,0.00048414351,0.66730574,0.49309054,0.09214028,0.045433501,False,0.98196024,True,True,True,0.66730574,0.49309054,0.09214028,0.045433501,0.64432021,0.49455789,0.088734621,0.043884407,0.97446042,0.47393453,0.024819311,0.011762729,0.61315127,0.47007661,0.015477487,0.0072756045,0.42997216,0.45956367,0.03256548,0.014965911,0.54694688,0.49696058,0.041422571,0.020585385,0.60933335,0.48192869,0.043335283,0.020884516,0.79078748,0.51455618,0.05458932,0.028089272
0b_baseline_best,file,13,baseline,9794,167.Hooded_Warbler/Hooded_Warbler_0057_164137.jpg,167,166,167.Hooded_Warbler,180,179,color_jitter,color_jitter,0,"{""brightness"":1.043897,""contrast"":1.278162,""hue"":0.001775,""saturation"":0.880803}",0.00070106244,0.0011837626,0.00048270012,0.99929917,0.99881697,0.00025710018,0.00018279284,0.99904207,0.99863417,-0.00040789423,0.80333795,1.8419654,0.09214028,0.1697192,False,0.99071276,True,True,True,0.80333795,1.8419654,0.09214028,0.1697192,0.79430765,1.8632403,0.088734621,0.16533392,0.95591039,1.544422,0.024819311,0.03833149,0.78216767,1.9932744,0.015477487,0.030850877,0.72987672,1.9454708,0.03256548,0.063355189,0.75388113,2.0544461,0.041422571,0.08510044,0.77057159,1.8908109,0.043335283,0.081938826,0.87476088,1.6802854,0.05458932,0.091725636
0b_baseline_best,file,13,baseline,9794,167.Hooded_Warbler/Hooded_Warbler_0057_164137.jpg,167,166,167.Hooded_Warbler,180,179,rotation,rotation,0,"{""angle"":-13.090669}",0.00070106244,0.0036855885,0.002984526,0.99929917,0.9963212,0.00025710018,0.0014554851,0.99904207,0.99486572,-0.0041763522,0.61762948,6.0260453,0.09214028,0.55524151,False,0.96675259,True,True,True,0.61762948,6.0260453,0.09214028,0.55524151,0.59716698,6.1079459,0.088734621,0.54198627,0.96167881,4.859062,0.024819311,0.12059857,0.43505379,5.8246371,0.015477487,0.090150744,0.50617212,6.2274958,0.03256548,0.20280139,0.48243728,7.1070944,0.041422571,0.29439412,0.59355154,6.5372578,0.043335283,0.28329392,0.7629383,5.1019925,0.05458932,0.2785143
0b_baseline_best,file,13,baseline,9794,167.Hooded_Warbler/Hooded_Warbler_0057_164137.jpg,167,166,167.Hooded_Warbler,180,179,random_resized_crop,random_resized_crop,0,"{""area_fraction"":0.512979,""aspect"":1.186122,""fallback"":false,""height"":0.657635,""left"":0.219431,""top"":0.093851,""width"":0.780036}",0.00070106244,0.0038797597,0.0031786973,0.99929917,0.99612778,0.00025710018,0.0010348082,0.99904207,0.99509298,-0.0039490924,0.63459947,5.5165802,0.09214028,0.50829925,False,0.96761966,True,True,True,0.63459947,5.5165802,0.09214028,0.50829925,0.61165193,5.5509373,0.088734621,0.49256032,0.95915139,5.0569006,0.024819311,0.12550879,0.39914437,7.3797876,0.015477487,0.11422056,0.59246111,6.9502158,0.03256548,0.22633711,0.54630456,5.7679922,0.041422571,0.23892506,0.58366986,5.1986495,0.043335283,0.22528495,0.72827125,4.8640061,0.05458932,0.26552279
0b_baseline_best,file,13,baseline,9794,167.Hooded_Warbler/Hooded_Warbler_0057_164137.jpg,167,166,167.Hooded_Warbler,180,179,gaussian_blur,gaussian_blur,0,"{""sigma"":1.95486}",0.00070106244,0.30852628,0.30782522,0.99929917,0.73452866,0.00025710018,0.0072124708,0.99904207,0.72731619,-0.27172588,0.40544418,685.03495,0.09214028,63.119312,False,0.86037368,True,True,True,0.40544418,685.03495,0.09214028,63.119312,0.39779468,705.34481,0.088734621,62.588505,0.73362846,329.12431,0.024819311,8.1686387,0.13050646,969.56119,0.015477487,15.00637,0.39657952,1012.3179,0.03256548,32.966617,0.45457392,895.36483,0.041422571,37.088313,0.39671291,634.14794,0.043335283,27.48098,0.4897196,399.07009,0.05458932,21.784965
0b_baseline_best,file,13,baseline,9794,167.Hooded_Warbler/Hooded_Warbler_0057_164137.jpg,167,166,167.Hooded_Warbler,180,179,random_erasing,random_erasing,0,"{""area_fraction"":0.095989,""erased"":true,""height"":0.180748,""left"":0.268365,""top"":0.108535,""width"":0.531064}",0.00070106244,0.0013440156,0.00064295315,0.99929917,0.99865687,0.00025710018,0.0007385122,0.99904207,0.99791836,-0.0011237117,0.8137569,1.9339283,0.09214028,0.1781927,False,0.98778224,True,True,True,0.8137569,1.9339283,0.09214028,0.1781927,0.80191438,1.935083,0.088734621,0.17170886,0.96641674,1.9191079,0.024819311,0.047630936,0.79517621,1.5827403,0.015477487,0.024496843,0.64211303,1.747163,0.03256548,0.056897201,0.75487532,1.9705527,0.041422571,0.08162536,0.79986523,2.049575,0.043335283,0.088818914,0.88627347,1.9295537,0.05458932,0.10533302
0b_baseline_best,file,13,baseline,9937,169.Magnolia_Warbler/Magnolia_Warbler_0032_165960.jpg,169,168,169.Magnolia_Warbler,172,171,identity,identity,0,{},4.34235,4.34235,0,0.013005924,0.013005924,0.7272042,0.7272042,-0.71419828,-0.71419828,0,1,1,151.94686,151.94686,False,1,True,False,False,1,1,151.94686,151.94686,1,1,148.99744,148.99744,1,1,29.792812,29.792812,1,1,27.830682,27.830682,1,1,64.140234,64.140234,1,1,77.818655,77.818655,1,1,75.336768,75.336768,1,1,74.70173,74.70173
0b_baseline_best,file,13,baseline,9937,169.Magnolia_Warbler/Magnolia_Warbler_0032_165960.jpg,169,168,169.Magnolia_Warbler,172,171,horizontal_flip,horizontal_flip,0,"{""flipped"":true}",4.34235,3.8566675,-0.48568249,0.013005924,0.021138323,0.7272042,0.66999143,-0.71419828,-0.64885311,0.065345169,0.68697485,0.98064394,151.94686,149.00577,False,0.96702915,True,False,False,0.68697485,0.98064394,151.94686,149.00577,0.67544468,0.97900508,148.99744,145.86925,0.9641325,1.0207784,29.792812,30.41186,0.66087862,0.77104838,27.830682,21.458803,0.58797237,0.87620559,64.140234,56.200032,0.65695168,0.97006511,77.818655,75.489162,0.67425175,1.0625685,75.336768,80.050477,0.76183787,0.99747664,74.70173,74.513231
0b_baseline_best,file,13,baseline,9937,169.Magnolia_Warbler/Magnolia_Warbler_0032_165960.jpg,169,168,169.Magnolia_Warbler,172,171,color_jitter,color_jitter,0,"{""brightness"":0.642229,""contrast"":1.125032,""hue"":0.05201,""saturation"":0.618737}",4.34235,5.9837637,1.6414137,0.013005924,0.002519327,0.7272042,0.29057679,-0.71419828,-0.28805746,0.42614082,0.63653257,0.69650927,151.94686,105.8324,False,0.8975094,True,False,False,0.63653257,0.69650927,151.94686,105.8324,0.62795377,0.68578683,148.99744,102.18048,0.82282357,0.92511113,29.792812,27.561662,0.45599322,0.67185074,27.830682,18.698064,0.5307571,0.73908174,64.140234,47.404876,0.63336717,0.65384194,77.818655,50.8811,0.67931095,0.63681557,75.336768,47.975627,0.6764514,0.72750363,74.70173,54.34578
0b_baseline_best,file,13,baseline,9937,169.Magnolia_Warbler/Magnolia_Warbler_0032_165960.jpg,169,168,169.Magnolia_Warbler,172,171,rotation,rotation,0,"{""angle"":4.956194}",4.34235,4.0189266,-0.32342339,0.013005924,0.017972248,0.7272042,0.80630249,-0.71419828,-0.78833024,-0.074131961,0.84801906,1.0672042,151.94686,162.15833,False,0.98109961,True,False,False,0.84801906,1.0672042,151.94686,162.15833,0.84272725,1.0669158,148.99744,158.96772,0.97947247,1.0743923,29.792812,32.009169,0.82397746,0.96348815,27.830682,26.814533,0.84741672,1.0449591,64.140234,67.023921,0.82859205,1.1035312,77.818655,85.875313,0.83187831,1.0765943,75.336768,81.107135,0.87065218,1.0460878,74.70173,78.14457
0b_baseline_best,file,13,baseline,9937,169.Magnolia_Warbler/Magnolia_Warbler_0032_165960.jpg,169,168,169.Magnolia_Warbler,172,171,random_resized_crop,random_resized_crop,0,"{""area_fraction"":0.714162,""aspect"":1.263547,""fallback"":false,""height"":0.751801,""left"":0.047954,""top"":0.196271,""width"":0.949935}",4.34235,3.2058372,-1.1365128,0.013005924,0.040524963,0.7272042,0.55919266,-0.71419828,-0.51866769,0.19553059,0.75573526,1.2285514,151.94686,186.67452,False,0.94754606,True,False,False,0.75573526,1.2285514,151.94686,186.67452,0.74917797,1.2324747,148.99744,183.63558,0.93823041,1.1259854,29.792812,33.546271,0.67320394,1.4979834,27.830682,41.6899,0.74837815,1.2408511,64.140234,79.588477,0.74076496,1.3545899,77.818655,105.41237,0.74928791,1.1980429,75.336768,90.256678,0.79125953,1.0702241,74.70173,79.94759
0b_baseline_best,file,13,baseline,9937,169.Magnolia_Warbler/Magnolia_Warbler_0032_165960.jpg,169,168,169.Magnolia_Warbler,172,171,gaussian_blur,gaussian_blur,0,"{""sigma"":1.093201}",4.34235,5.1821012,0.83975124,0.013005924,0.0056161918,0.7272042,0.70678324,-0.71419828,-0.70116704,0.013031236,0.73955545,1.0382469,151.94686,157.75835,False,0.9535476,True,False,False,0.73955545,1.0382469,151.94686,157.75835,0.73143047,1.0396827,148.99744,154.91005,0.95097773,1.0016666,29.792812,29.842464,0.50397545,0.89806633,27.830682,24.993798,0.58998494,1.1510873,64.140234,73.831006,0.75647735,1.095987,77.818655,85.28823,0.77337018,0.98425162,75.336768,74.150337,0.82025065,0.96057977,74.70173,71.756971
0b_baseline_best,file,13,baseline,9937,169.Magnolia_Warbler/Magnolia_Warbler_0032_165960.jpg,169,168,169.Magnolia_Warbler,172,171,random_erasing,random_erasing,0,"{""area_fraction"":0.060415,""erased"":true,""height"":0.183251,""left"":0.249099,""top"":0.689605,""width"":0.329682}",4.34235,4.2880425,-0.054307461,0.013005924,0.01373178,0.7272042,0.50006038,-0.71419828,-0.4863286,0.22786968,0.84297252,0.67418302,151.94686,102.43999,False,0.96517193,True,False,False,0.84297252,0.67418302,151.94686,102.43999,0.83889607,0.66516301,148.99744,99.107584,0.94992075,0.8698742,29.792812,25.915998,0.88906741,0.65748744,27.830682,18.298324,0.86852313,0.67755045,64.140234,43.458244,0.817255,0.62470512,77.818655,48.613712,0.82609503,0.63519663,75.336768,47.853661,0.84950971,0.72653443,74.70173,54.273379
0b_baseline_best,file,13,baseline,9237,158.Bay_breasted_Warbler/Bay_Breasted_Warbler_0062_159783.jpg,158,157,158.Bay_breasted_Warbler,165,164,identity,identity,0,{},0.0083316611,0.0083316611,0,0.99170297,0.99170297,0.0064686057,0.0064686057,0.98523437,0.98523437,0,1,1,1.4753797,1.4753797,False,0.99999994,True,True,True,1,1,1.4753797,1.4753797,1,1,1.4378997,1.4378997,1,1,0.33043903,0.33043903,1,1,0.26315268,0.26315268,1,1,0.62335242,0.62335242,1,1,0.75857036,0.75857036,1,1,0.68981125,0.68981125,1,1,0.74730804,0.74730804
0b_baseline_best,file,13,baseline,9237,158.Bay_breasted_Warbler/Bay_Breasted_Warbler_0062_159783.jpg,158,157,158.Bay_breasted_Warbler,165,164,horizontal_flip,horizontal_flip,0,"{""flipped"":true}",0.0083316611,0.0072242701,-0.001107391,0.99170297,0.99280179,0.0064686057,0.0059006629,0.98523437,0.98690112,0.0016667545,0.74820267,0.90195746,1.4753797,1.3307298,False,0.98615313,True,True,True,0.74820267,0.90195746,1.4753797,1.3307298,0.7361986,0.90357924,1.4378997,1.2992563,0.98458352,0.87067846,0.33043903,0.28770615,0.78548289,0.90630947,0.26315268,0.23849777,0.72042981,0.82191742,0.62335242,0.51234421,0.73529143,0.93205259,0.75857036,0.70702747,0.69259295,0.95035773,0.68981125,0.65556745,0.78443333,0.88664287,0.74730804,0.66259535
0b_baseline_best,file,13,baseline,9237,158.Bay_breasted_Warbler/Bay_Breasted_Warbler_0062_159783.jpg,158,157,158.Bay_breasted_Warbler,165,164,color_jitter,color_jitter,0,"{""brightness"":1.296523,""contrast"":0.851232,""hue"":0.096889,""saturation"":0.704018}",0.0083316611,0.65065312,0.64232146,0.99170297,0.52170491,0.0064686057,0.40936738,0.98523437,0.11233753,-0.87289684,0.73942433,64.151042,1.4753797,94.647148,False,0.90875477,True,True,True,0.73942433,64.151042,1.4753797,94.647148,0.73305514,64.727308,1.4378997,93.071374,0.90631974,52.048621,0.33043903,17.198896,0.54991877,59.238965,0.26315268,15.588892,0.68966887,72.942766,0.62335242,45.469049,0.80099481,68.123127,0.75857036,51.676185,0.73436764,64.353919,0.68981125,44.392057,0.72509928,55.346937,0.74730804,41.361211
0b_baseline_best,file,13,baseline,9237,158.Bay_breasted_Warbler/Bay_Breasted_Warbler_0062_159783.jpg,158,157,158.Bay_breasted_Warbler,165,164,rotation,rotation,0,"{""angle"":10.586473}",0.0083316611,0.02484598,0.016514319,0.99170297,0.97546011,0.0064686057,0.021163244,0.98523437,0.95429687,-0.0309375,0.80470332,3.4080679,1.4753797,5.0281943,False,0.98071027,True,True,True,0.80470332,3.4080679,1.4753797,5.0281943,0.79706268,3.4289069,1.4378997,4.9304241,0.97819646,2.9861491,0.33043903,0.98674021,0.79791219,3.589251,0.26315268,0.94452102,0.79652814,3.8649556,0.62335242,2.4092294,0.79690229,3.6235921,0.75857036,2.7487495,0.77851242,3.2901059,0.68981125,2.2695521,0.83113318,2.9639294,0.74730804,2.2149683
0b_baseline_best,file,13,baseline,9237,158.Bay_breasted_Warbler/Bay_Breasted_Warbler_0062_159783.jpg,158,157,158.Bay_breasted_Warbler,165,164,random_resized_crop,random_resized_crop,0,"{""area_fraction"":0.652229,""aspect"":0.913432,""fallback"":false,""height"":0.84501,""left"":0.108658,""top"":0.12209,""width"":0.771859}",0.0083316611,0.0090922369,0.00076057576,0.99170297,0.99094898,0.0064686057,0.0073189237,0.98523437,0.98363005,-0.0016043168,0.78933287,1.2198468,1.4753797,1.7997373,False,0.98152733,True,True,True,0.78933287,1.2198468,1.4753797,1.7997373,0.78100238,1.2278289,1.4378997,1.7654948,0.98094468,1.0573898,0.33043903,0.34940287,0.79480038,1.2599974,0.26315268,0.3315717,0.78928997,1.2795177,0.62335242,0.79759048,0.78355817,1.2794008,0.75857036,0.97051554,0.74782889,1.2154201,0.68981125,0.83841045,0.80331264,1.140206,0.74730804,0.85208511
0b_baseline_best,file,13,baseline,9237,158.Bay_breasted_Warbler/Bay_Breasted_Warbler_0062_159783.jpg,158,157,158.Bay_breasted_Warbler,165,164,gaussian_blur,gaussian_blur,0,"{""sigma"":1.868029}",0.0083316611,1.2682936,1.259962,0.99170297,0.28131124,0.0064686057,0.29834679,0.98523437,-0.017035544,-1.0022699,0.43294175,90.62098,1.4753797,133.70036,False,0.8034476,False,True,False,0.43294175,90.62098,1.4753797,133.70036,0.42133408,91.793241,1.4378997,131.98947,0.77182012,64.521864,0.33043903,21.320542,0.51059971,139.44716,0.26315268,36.695894,0.37187976,108.29093,0.62335242,67.503414,0.42249068,97.145936,0.75857036,73.692028,0.40519252,85.432636,0.68981125,58.932393,0.50498423,68.420243,0.74730804,51.130998
0b_baseline_best,file,13,baseline,9237,158.Bay_breasted_Warbler/Bay_Breasted_Warbler_0062_159783.jpg,158,157,158.Bay_breasted_Warbler,165,164,random_erasing,random_erasing,0,"{""area_fraction"":0.051625,""erased"":true,""height"":0.147436,""left"":0.532613,""top"":0.364444,""width"":0.350152}",0.0083316611,0.016921075,0.0085894139,0.99170297,0.98322129,0.0064686057,0.010026881,0.98523437,0.97319441,-0.012039957,0.84244741,1.5758723,1.4753797,2.32501,False,0.98979855,True,True,True,0.84244741,1.5758723,1.4753797,2.32501,0.83480066,1.5634813,1.4378997,2.2481292,0.97615477,1.7944235,0.33043903,0.59294757,0.83741683,1.5290175,0.26315268,0.40236506,0.85264194,1.4693919,0.62335242,0.91594901,0.81537938,1.5424618,0.75857036,1.1700658,0.80744619,1.5730219,0.68981125,1.0850882,0.86663397,1.6425612,0.74730804,1.2274992
0b_baseline_best,file,13,baseline,8240,141.Artic_Tern/Artic_Tern_0080_140889.jpg,141,140,141.Artic_Tern,144,143,identity,identity,0,{},0.0085717374,0.0085717374,0,0.99146491,0.99146491,0.0038714234,0.0038714234,0.98759349,0.98759349,0,1,1,1.3323414,1.3323414,False,1,True,True,True,1,1,1.3323414,1.3323414,1,1,1.3000247,1.3000247,1,1,0.29166658,0.29166658,1,1,0.31167254,0.31167254,1,1,0.64911787,0.64911787,1,1,0.65659387,0.65659387,1,1,0.58985199,0.58985199,1,1,0.62652182,0.62652182
0b_baseline_best,file,13,baseline,8240,141.Artic_Tern/Artic_Tern_0080_140889.jpg,141,140,141.Artic_Tern,144,143,horizontal_flip,horizontal_flip,0,"{""flipped"":true}",0.0085717374,0.022472136,0.013900398,0.99146491,0.97777849,0.0038714234,0.010927554,0.98759349,0.96685094,-0.020742549,0.72691709,2.6656587,1.3323414,3.5515675,False,0.98189068,True,True,True,0.72691709,2.6656587,1.3323414,3.5515675,0.7159026,2.6765943,1.3000247,3.4796388,0.97015534,2.4382561,0.29166658,0.71115783,0.86763696,3.8987384,0.31167254,1.2151297,0.78290457,2.5757281,0.64911787,1.6719512,0.69618557,2.6369462,0.65659387,1.7314027,0.60792503,2.5940215,0.58985199,1.5300887,0.7273389,2.5221618,0.62652182,1.5801894
0b_baseline_best,file,13,baseline,8240,141.Artic_Tern/Artic_Tern_0080_140889.jpg,141,140,141.Artic_Tern,144,143,color_jitter,color_jitter,0,"{""brightness"":1.081502,""contrast"":0.651572,""hue"":0.053877,""saturation"":1.363877}",0.0085717374,0.076541334,0.067969597,0.99146491,0.92631465,0.0038714234,0.015361406,0.98759349,0.91095325,-0.076640243,0.7890297,9.520973,1.3323414,12.685187,False,0.93692887,True,True,True,0.7890297,9.520973,1.3323414,12.685187,0.78557612,9.6071111,1.3000247,12.489482,0.89632737,7.6101972,0.29166658,2.2196402,0.70728576,9.4932684,0.31167254,2.9587911,0.81394615,9.8218597,0.64911787,6.3755446,0.79707297,9.9395299,0.65659387,6.5262344,0.71860128,9.2729345,0.58985199,5.4696589,0.82039242,9.3172903,0.62652182,5.8374857
0b_baseline_best,file,13,baseline,8240,141.Artic_Tern/Artic_Tern_0080_140889.jpg,141,140,141.Artic_Tern,144,143,rotation,rotation,0,"{""angle"":8.34874}",0.0085717374,0.047258526,0.038686789,0.99146491,0.95384079,0.0038714234,0.013762716,0.98759349,0.94007808,-0.047515413,0.77281128,5.6883577,1.3323414,7.5788346,False,0.97184086,True,True,True,0.77281128,5.6883577,1.3323414,7.5788346,0.7653873,5.7055795,1.3000247,7.4173944,0.93222406,5.3347034,0.29166658,1.5559547,0.71308801,4.5289138,0.31167254,1.4115381,0.78497494,6.0279507,0.64911787,3.9128505,0.75859185,5.4661582,0.65659387,3.589046,0.71757665,5.7985028,0.58985199,3.4202584,0.80929859,5.7847795,0.62652182,3.6242906
0b_baseline_best,file,13,baseline,8240,141.Artic_Tern/Artic_Tern_0080_140889.jpg,141,140,141.Artic_Tern,144,143,random_resized_crop,random_resized_crop,0,"{""area_fraction"":0.644905,""aspect"":1.309138,""fallback"":false,""height"":0.701867,""left"":0.061033,""top"":0.0029,""width"":0.918841}",0.0085717374,0.38031656,0.37174482,0.99146491,0.68364495,0.0038714234,0.046567976,0.98759349,0.63707697,-0.35051652,0.64234623,33.071051,1.3323414,44.06193,False,0.90121818,True,True,True,0.64234623,33.071051,1.3323414,44.06193,0.63454847,33.332689,1.3000247,43.333319,0.8431498,27.359318,0.29166658,7.9797988,0.32507104,29.964678,0.31167254,9.3391673,0.72673028,34.009863,0.64911787,22.07641,0.67071824,34.471749,0.65659387,22.633939,0.54249443,33.864151,0.58985199,19.974837,0.64718575,31.597377,0.62652182,19.796447
0b_baseline_best,file,13,baseline,8240,141.Artic_Tern/Artic_Tern_0080_140889.jpg,141,140,141.Artic_Tern,144,143,gaussian_blur,gaussian_blur,0,"{""sigma"":1.011583}",0.0085717374,0.021833181,0.013261444,0.99146491,0.97840345,0.0038714234,0.0084955562,0.98759349,0.96990789,-0.017685597,0.84095052,2.480942,1.3323414,3.3054617,False,0.97289276,True,True,True,0.84095052,2.480942,1.3323414,3.3054617,0.83454761,2.4830135,1.3000247,3.2279789,0.97055523,2.4394225,0.29166658,0.71149802,0.76793246,2.9130681,0.31167254,0.90792336,0.85352437,2.3403169,0.64911787,1.5191415,0.85573703,2.4209332,0.65659387,1.5895699,0.78738447,2.5259656,0.58985199,1.4899458,0.85914625,2.5443178,0.62652182,1.5940706
0b_baseline_best,file,13,baseline,8240,141.Artic_Tern/Artic_Tern_0080_140889.jpg,141,140,141.Artic_Tern,144,143,random_erasing,random_erasing,0,"{""area_fraction"":0.167406,""erased"":true,""height"":0.405551,""left"":0.063437,""top"":0.00498,""width"":0.412787}",0.0085717374,0.22706014,0.2184884,0.99146491,0.79687285,0.0038714234,0.039886393,0.98759349,0.75698646,-0.23060703,0.78046122,22.381537,1.3323414,29.819849,False,0.94568461,True,True,True,0.78046122,22.381537,1.3323414,29.819849,0.7750421,22.445435,1.3000247,29.17962,0.89662568,21.071959,0.29166658,6.1459862,0.75488345,28.802476,0.31167254,8.9769409,0.81995437,19.582458,0.64911787,12.711323,0.81968643,21.374934,0.65659387,14.03465,0.71640402,23.6222,0.58985199,13.933602,0.765237,23.575541,0.62652182,14.770591
0b_baseline_best,file,13,baseline,2115,038.Great_Crested_Flycatcher/Great_Crested_Flycatcher_0084_29716.jpg,38,37,038.Great_Crested_Flycatcher,39,38,identity,identity,0,{},2.5487814,2.5487814,0,0.078176871,0.078176871,0.79125935,0.79125935,-0.71308248,-0.71308248,0,1,1,167.13433,167.13433,False,1,True,False,False,1,1,167.13433,167.13433,1,1,163.02181,163.02181,1,1,36.84798,36.84798,1,1,30.883721,30.883721,1,1,67.300745,67.300745,1,1,88.4306,88.4306,1,1,81.411592,81.411592,1,1,81.517463,81.517463
0b_baseline_best,file,13,baseline,2115,038.Great_Crested_Flycatcher/Great_Crested_Flycatcher_0084_29716.jpg,38,37,038.Great_Crested_Flycatcher,39,38,horizontal_flip,horizontal_flip,0,"{""flipped"":true}",2.5487814,0.99901229,-1.5497691,0.078176871,0.36824298,0.79125935,0.56486434,-0.71308248,-0.19662136,0.51646112,0.61898165,0.77926633,167.13433,130.24215,False,0.94501662,True,False,False,0.61898165,0.77926633,167.13433,130.24215,0.60289735,0.78030736,163.02181,127.20712,0.94304681,0.7586024,36.84798,27.952966,0.71032893,0.83674591,30.883721,25.841827,0.51976052,0.88024727,67.300745,59.241297,0.57986576,0.78400875,88.4306,69.330364,0.57728966,0.769352,81.411592,62.634171,0.72128628,0.70198391,81.517463,57.223947
0b_baseline_best,file,13,baseline,2115,038.Great_Crested_Flycatcher/Great_Crested_Flycatcher_0084_29716.jpg,38,37,038.Great_Crested_Flycatcher,39,38,color_jitter,color_jitter,0,"{""brightness"":1.226767,""contrast"":1.208678,""hue"":0.094967,""saturation"":1.311673}",2.5487814,2.0531266,-0.49565482,0.078176871,0.12833303,0.79125935,0.52560735,-0.71308248,-0.39727432,0.31580816,0.62367067,0.8559609,167.13433,143.06045,False,0.86058807,True,False,False,0.62367067,0.8559609,167.13433,143.06045,0.61274964,0.85565458,163.02181,139.49036,0.83588973,0.86193471,36.84798,31.760553,0.2726414,1.037525,30.883721,32.042634,0.52473709,0.7944775,67.300745,53.468928,0.63687244,0.86283287,88.4306,76.300829,0.63224073,0.83254155,81.411592,67.778533,0.68164178,0.88087119,81.517463,71.806384
0b_baseline_best,file,13,baseline,2115,038.Great_Crested_Flycatcher/Great_Crested_Flycatcher_0084_29716.jpg,38,37,038.Great_Crested_Flycatcher,39,38,rotation,rotation,0,"{""angle"":7.826897}",2.5487814,1.4843383,-1.0644431,0.078176871,0.22665225,0.79125935,0.64204943,-0.71308248,-0.41539718,0.2976853,0.7468525,0.86123767,167.13433,143.94238,False,0.9747569,True,False,False,0.7468525,0.86123767,167.13433,143.94238,0.73584199,0.86293827,163.02181,140.67776,0.97229756,0.82724774,36.84798,30.482408,0.72471171,1.0639207,30.883721,32.85783,0.64208018,1.0175641,67.300745,68.48282,0.73746605,0.84134768,88.4306,74.400881,0.74861257,0.79803077,81.411592,64.968955,0.82077402,0.80106957,81.517463,65.301159
0b_baseline_best,file,13,baseline,2115,038.Great_Crested_Flycatcher/Great_Crested_Flycatcher_0084_29716.jpg,38,37,038.Great_Crested_Flycatcher,39,38,random_resized_crop,random_resized_crop,0,"{""area_fraction"":0.727526,""aspect"":0.980724,""fallback"":false,""height"":0.861293,""left"":0.031725,""top"":0.016575,""width"":0.84469}",2.5487814,0.53007138,-2.01871,0.078176871,0.58856297,0.79125935,0.29769772,-0.71308248,0.29086524,1.0039477,0.72361217,0.44797355,167.13433,74.871758,False,0.95711064,False,False,True,0.72361217,0.44797355,167.13433,74.871758,0.71342381,0.45025356,163.02181,73.401149,0.95237072,0.4007429,36.84798,14.766566,0.60568297,0.39389491,30.883721,12.164941,0.63891588,0.50029825,67.300745,33.670445,0.7213612,0.44998681,88.4306,39.792604,0.72570958,0.44465971,81.411592,36.200455,0.76964291,0.42709267,81.517463,34.815511
0b_baseline_best,file,13,baseline,2115,038.Great_Crested_Flycatcher/Great_Crested_Flycatcher_0084_29716.jpg,38,37,038.Great_Crested_Flycatcher,39,38,gaussian_blur,gaussian_blur,0,"{""sigma"":1.007066}",2.5487814,0.46137008,-2.0874113,0.078176871,0.63041931,0.79125935,0.23907137,-0.71308248,0.39134794,1.1044304,0.7267049,0.42827738,167.13433,71.579851,False,0.93368721,False,False,True,0.7267049,0.42827738,167.13433,71.579851,0.71774227,0.42983366,163.02181,70.072261,0.91908869,0.39658801,36.84798,14.613467,0.74666391,0.4238517,30.883721,13.090118,0.6881217,0.42001501,67.300745,28.267323,0.73165984,0.45549985,88.4306,40.280125,0.68895995,0.42872765,81.411592,34.9034,0.74902816,0.40667441,81.517463,33.151066
0b_baseline_best,file,13,baseline,2115,038.Great_Crested_Flycatcher/Great_Crested_Flycatcher_0084_29716.jpg,38,37,038.Great_Crested_Flycatcher,39,38,random_erasing,random_erasing,0,"{""area_fraction"":0.188378,""erased"":true,""height"":0.673864,""left"":0.409293,""top"":0.062893,""width"":0.279549}",2.5487814,1.1316152,-1.4171662,0.078176871,0.32251194,0.79125935,0.29760104,-0.71308248,0.024910897,0.73799337,0.61418026,0.57293948,167.13433,95.757854,False,0.869874,False,False,True,0.61418026,0.57293948,167.13433,95.757854,0.60241822,0.56904876,163.02181,92.767357,0.82197958,0.64438097,36.84798,23.744137,0.783879,0.70389768,30.883721,21.73898,0.62043597,0.58237491,67.300745,39.194265,0.62797088,0.55299056,88.4306,48.901287,0.51825909,0.52812239,81.411592,42.995284,0.61094667,0.59557488,81.517463,48.549753
0b_baseline_best,file,13,baseline,2563,045.Northern_Fulmar/Northern_Fulmar_0041_44013.jpg,45,44,045.Northern_Fulmar,72,71,identity,identity,0,{},1.4809121,1.4809121,0,0.22743015,0.22743015,0.24511173,0.24511173,-0.017681584,-0.017681584,0,1,1,128.22794,128.22794,False,1,True,False,False,1,1,128.22794,128.22794,1,1,126.11095,126.11095,1,1,23.204157,23.204157,1,1,23.66997,23.66997,1,1,57.67955,57.67955,1,1,71.097573,71.097573,1,1,57.642929,57.642929,1,1,60.325795,60.325795
0b_baseline_best,file,13,baseline,2563,045.Northern_Fulmar/Northern_Fulmar_0041_44013.jpg,45,44,045.Northern_Fulmar,72,71,horizontal_flip,horizontal_flip,0,"{""flipped"":true}",1.4809121,1.5178573,0.036945224,0.22743015,0.21918103,0.24511173,0.27064931,-0.017681584,-0.051468283,-0.033786699,0.74336282,1.1424439,128.22794,146.49323,False,0.96400034,True,False,False,0.74336282,1.1424439,128.22794,146.49323,0.73702013,1.1456842,126.11095,144.48333,0.95254637,1.0422001,23.204157,24.183375,0.66114168,1.1073085,23.66997,26.209958,0.77584638,1.1869426,57.67955,68.462313,0.77229734,1.1643503,71.097573,82.782482,0.65528309,1.1536279,57.642929,66.498493,0.73895154,1.0776602,60.325795,65.010708
0b_baseline_best,file,13,baseline,2563,045.Northern_Fulmar/Northern_Fulmar_0041_44013.jpg,45,44,045.Northern_Fulmar,72,71,color_jitter,color_jitter,0,"{""brightness"":1.040027,""contrast"":1.186635,""hue"":0.021552,""saturation"":1.235431}",1.4809121,3.4413877,1.9604756,0.22743015,0.032020219,0.24511173,0.29317975,-0.017681584,-0.26115953,-0.24347795,0.87103943,1.2402837,128.22794,159.03903,False,0.96592814,True,False,False,0.87103943,1.2402837,128.22794,159.03903,0.86837547,1.2417918,126.11095,156.60354,0.95344084,1.1948814,23.204157,27.726215,0.83650141,1.4699817,23.66997,34.794423,0.83516422,1.1544473,57.67955,66.587999,0.88141084,1.2553461,71.097573,89.252058,0.86795826,1.2919905,57.642929,74.474118,0.8901317,1.2144856,60.325795,73.264808
0b_baseline_best,file,13,baseline,2563,045.Northern_Fulmar/Northern_Fulmar_0041_44013.jpg,45,44,045.Northern_Fulmar,72,71,rotation,rotation,0,"{""angle"":-0.334819}",1.4809121,1.4885288,0.0076167583,0.22743015,0.22570448,0.24511173,0.28296813,-0.017681584,-0.057263657,-0.039582074,0.92833906,1.0896787,128.22794,139.72725,False,0.99161685,True,False,False,0.92833906,1.0896787,128.22794,139.72725,0.92650791,1.0918686,126.11095,137.69659,0.98799192,1.0228794,23.204157,23.735055,0.84854165,1.1119913,23.66997,26.320801,0.92379952,1.1756594,57.67955,67.811507,0.93335838,1.1021952,71.097573,78.363407,0.92543984,1.0618166,57.642929,61.206221,0.93846881,1.0194497,60.325795,61.499116
0b_baseline_best,file,13,baseline,2563,045.Northern_Fulmar/Northern_Fulmar_0041_44013.jpg,45,44,045.Northern_Fulmar,72,71,random_resized_crop,random_resized_crop,0,"{""area_fraction"":0.593548,""aspect"":0.885678,""fallback"":false,""height"":0.818634,""left"":0.002778,""top"":0.143269,""width"":0.725046}",1.4809121,2.0481625,0.56725037,0.22743015,0.12897168,0.24511173,0.22272757,-0.017681584,-0.093755886,-0.076074302,0.71032401,1.0221806,128.22794,131.07212,False,0.91728866,True,False,False,0.71032401,1.0221806,128.22794,131.07212,0.70374071,1.0206319,126.11095,128.71286,0.89701831,1.0669116,23.204157,24.756785,0.69113328,1.2822384,23.66997,30.350546,0.67076892,1.0733302,57.67955,61.909205,0.76438461,1.0225694,71.097573,72.702204,0.66466041,0.95763104,57.642929,55.200658,0.69276158,0.97793461,60.325795,58.994683
0b_baseline_best,file,13,baseline,2563,045.Northern_Fulmar/Northern_Fulmar_0041_44013.jpg,45,44,045.Northern_Fulmar,72,71,gaussian_blur,gaussian_blur,0,"{""sigma"":1.686723}",1.4809121,2.6995261,1.218614,0.22743015,0.06723737,0.24511173,0.6541732,-0.017681584,-0.58693583,-0.56925424,0.57143506,1.6643415,128.22794,213.41508,False,0.85580659,True,False,False,0.57143506,1.6643415,128.22794,213.41508,0.56637267,1.6772627,126.11095,211.52119,0.80467472,1.2225697,23.204157,28.368699,0.5294106,2.2149249,23.66997,52.427207,0.51283434,1.9112644,57.67955,110.24087,0.63291547,1.5884924,71.097573,112.93796,0.53531639,1.6826405,57.642929,96.992326,0.58936398,1.4524273,60.325795,87.618834
0b_baseline_best,file,13,baseline,2563,045.Northern_Fulmar/Northern_Fulmar_0041_44013.jpg,45,44,045.Northern_Fulmar,72,71,random_erasing,random_erasing,0,"{""area_fraction"":0.170842,""erased"":true,""height"":0.444004,""left"":0.320294,""top"":0.305367,""width"":0.384776}",1.4809121,4.9941225,3.5132104,0.22743015,0.0067776642,0.24511173,0.21453139,-0.017681584,-0.20775373,-0.19007214,0.60016496,1.0594276,128.22794,135.84822,False,0.75201452,True,False,False,0.60016496,1.0594276,128.22794,135.84822,0.59561216,1.0596921,126.11095,133.63877,0.73569725,1.0515859,23.204157,24.401164,0.41550891,0.97191909,23.66997,23.005296,0.72611476,1.101666,57.67955,63.5436,0.64786115,1.0230332,71.097573,72.735176,0.49360665,1.0568615,57.642929,60.920591,0.52304326,1.0858109,60.325795,65.502406
0b_baseline_best,file,13,baseline,2526,044.Frigatebird/Frigatebird_0082_42989.jpg,44,43,044.Frigatebird,72,71,identity,identity,0,{},0.76032656,0.76032656,0,0.46751371,0.46751371,0.26454085,0.26454085,0.20297286,0.20297286,0,1,1,101.20246,101.20246,False,0.99999994,True,True,True,1,1,101.20246,101.20246,1,1,100.20331,100.20331,1,1,14.18571,14.18571,1,1,30.333514,30.333514,1,1,43.45246,43.45246,1,1,51.215856,51.215856,1,1,50.858114,50.858114,1,1,44.976145,44.976145
0b_baseline_best,file,13,baseline,2526,044.Frigatebird/Frigatebird_0082_42989.jpg,44,43,044.Frigatebird,72,71,horizontal_flip,horizontal_flip,0,"{""flipped"":true}",0.76032656,0.92916775,0.16884118,0.46751371,0.39488223,0.26454085,0.18092281,0.20297286,0.21395943,0.010986567,0.69559052,1.0638957,101.20246,107.66887,False,0.93939686,True,True,True,0.69559052,1.0638957,101.20246,107.66887,0.69102768,1.0635229,100.20331,106.56852,0.91940366,1.0823351,14.18571,15.353692,0.77803669,1.1667474,30.333514,35.391547,0.70173024,1.0059103,43.45246,43.709278,0.68724207,0.97546183,51.215856,49.959113,0.64841294,1.0815163,50.858114,55.003881,0.70483774,1.1494029,44.976145,51.695711
0b_baseline_best,file,13,baseline,2526,044.Frigatebird/Frigatebird_0082_42989.jpg,44,43,044.Frigatebird,72,71,color_jitter,color_jitter,0,"{""brightness"":1.154491,""contrast"":0.617929,""hue"":-0.047442,""saturation"":1.252719}",0.76032656,3.3654163,2.6050897,0.46751371,0.034547631,0.26454085,0.060097601,0.20297286,-0.025549971,-0.22852283,0.5974224,1.6336389,101.20246,165.32828,False,0.81709421,False,True,False,0.5974224,1.6336389,101.20246,165.32828,0.59430569,1.6319647,100.20331,163.52827,0.74611682,1.7151003,14.18571,24.329915,0.48038748,1.5007581,30.333514,45.523265,0.49144867,1.6074279,43.45246,69.846698,0.67285003,1.7875204,51.215856,91.549386,0.6261009,1.5327865,50.858114,77.954631,0.59261678,1.6235928,44.976145,73.022946
0b_baseline_best,file,13,baseline,2526,044.Frigatebird/Frigatebird_0082_42989.jpg,44,43,044.Frigatebird,72,71,rotation,rotation,0,"{""angle"":2.39386}",0.76032656,1.3976841,0.63735753,0.46751371,0.24716872,0.26454085,0.20417199,0.20297286,0.042996734,-0.15997612,0.81445759,1.2686501,101.20246,128.39051,False,0.92548645,True,True,True,0.81445759,1.2686501,101.20246,128.39051,0.81254112,1.2668468,100.20331,126.94224,0.90564918,1.3555834,14.18571,19.229913,0.74814264,1.2408762,30.333514,37.640134,0.81017696,1.1882588,43.45246,51.632766,0.82382517,1.2807399,51.215856,65.59419,0.82088584,1.2327443,50.858114,62.69505,0.82203785,1.3702976,44.976145,61.630703
0b_baseline_best,file,13,baseline,2526,044.Frigatebird/Frigatebird_0082_42989.jpg,44,43,044.Frigatebird,72,71,random_resized_crop,random_resized_crop,0,"{""area_fraction"":0.848549,""aspect"":1.124569,""fallback"":false,""height"":0.868651,""left"":0.006257,""top"":0.052996,""width"":0.976858}",0.76032656,0.95373237,0.19340581,0.46751371,0.38530028,0.26454085,0.39325133,0.20297286,-0.007951051,-0.21092391,0.83618641,1.2301687,101.20246,124.4961,False,0.97826964,False,True,False,0.83618641,1.2301687,101.20246,124.4961,0.83341047,1.2296178,100.20331,123.21178,0.97184277,1.257347,14.18571,17.836359,0.88398912,1.1164984,30.333514,33.867318,0.81653728,1.1093525,43.45246,48.204093,0.8060169,1.2272937,51.215856,62.8569,0.83095209,1.2655081,50.858114,64.361356,0.87109321,1.3372122,44.976145,60.14265
0b_baseline_best,file,13,baseline,2526,044.Frigatebird/Frigatebird_0082_42989.jpg,44,43,044.Frigatebird,72,71,gaussian_blur,gaussian_blur,0,"{""sigma"":1.013345}",0.76032656,3.992698,3.2323714,0.46751371,0.018449869,0.26454085,0.17897676,0.20297286,-0.16052689,-0.36349975,0.68236878,1.3644983,101.20246,138.09058,False,0.85401583,False,True,False,0.68236878,1.3644983,101.20246,138.09058,0.6796276,1.3557224,100.20331,135.84788,0.81000921,1.7472762,14.18571,24.786353,0.70918623,1.2751291,30.333514,38.679145,0.70426326,1.2502904,43.45246,54.328193,0.71929842,1.3315959,51.215856,68.198822,0.65197906,1.3261588,50.858114,67.445933,0.64391956,1.5415376,44.976145,69.332417
0b_baseline_best,file,13,baseline,2526,044.Frigatebird/Frigatebird_0082_42989.jpg,44,43,044.Frigatebird,72,71,random_erasing,random_erasing,0,"{""area_fraction"":0.053908,""erased"":true,""height"":0.283494,""left"":0.441931,""top"":0.637241,""width"":0.190157}",0.76032656,0.49491274,-0.26541382,0.46751371,0.60962409,0.26454085,0.069996901,0.20297286,0.53962719,0.33665433,0.87576101,0.62855191,101.20246,63.610999,False,0.95594424,True,True,True,0.87576101,0.62855191,101.20246,63.610999,0.87498834,0.62875965,100.20331,63.003799,0.91510439,0.61809784,14.18571,8.7681566,0.87424227,0.59559869,30.333514,18.066601,0.90783168,0.61611463,43.45246,26.771696,0.90141747,0.63787253,51.215856,32.669188,0.86131978,0.62398674,50.858114,31.734788,0.83059798,0.64898182,44.976145,29.1887
0b_baseline_best,file,13,baseline,6959,119.Field_Sparrow/Field_Sparrow_0027_113353.jpg,119,118,119.Field_Sparrow,130,129,identity,identity,0,{},0.052060295,0.052060295,0,0.94927162,0.94927162,0.015506426,0.015506426,0.93376519,0.93376519,0,1,1,7.4291242,7.4291242,False,1.0000001,True,True,True,1,1,7.4291242,7.4291242,1,1,7.1880096,7.1880096,1,1,1.87734,1.87734,1,1,1.2123468,1.2123468,1,1,3.207441,3.207441,1,1,3.6041334,3.6041334,1,1,3.5159563,3.5159563,1,1,3.8155331,3.8155331
0b_baseline_best,file,13,baseline,6959,119.Field_Sparrow/Field_Sparrow_0027_113353.jpg,119,118,119.Field_Sparrow,130,129,horizontal_flip,horizontal_flip,0,"{""flipped"":true}",0.052060295,0.032064699,-0.019995596,0.94927162,0.96844393,0.015506426,0.0014138829,0.93376519,0.96703005,0.033264854,0.64467248,0.70164142,7.4291242,5.2125813,False,0.9625572,True,True,True,0.64467248,0.70164142,7.4291242,5.2125813,0.62754181,0.70523493,7.1880096,5.0692354,0.92083029,0.64667277,1.87734,1.2140246,0.68163868,0.89425533,1.2123468,1.0841476,0.56182283,0.68330314,3.207441,2.1916545,0.61250851,0.71071866,3.6041334,2.5615249,0.59497033,0.71462687,3.5159563,2.5125969,0.71230845,0.68563921,3.8155331,2.6160791
0b_baseline_best,file,13,baseline,6959,119.Field_Sparrow/Field_Sparrow_0027_113353.jpg,119,118,119.Field_Sparrow,130,129,color_jitter,color_jitter,0,"{""brightness"":1.18375,""contrast"":0.958964,""hue"":-0.00081,""saturation"":1.332677}",0.052060295,0.068391733,0.016331438,0.94927162,0.93389457,0.015506426,0.019298639,0.93376519,0.91459594,-0.019169258,0.88652522,1.2222965,7.4291242,9.0805928,False,0.98094743,True,True,True,0.88652522,1.2222965,7.4291242,9.0805928,0.88108077,1.2250421,7.1880096,8.8056141,0.96984433,1.181315,1.87734,2.2177298,0.77495594,1.3562269,1.2123468,1.6442173,0.88445574,1.1581141,3.207441,3.7145826,0.86315716,1.2138444,3.6041334,4.3748573,0.87319069,1.2245224,3.5159563,4.3053672,0.91408982,1.2667678,3.8155331,4.8333944
0b_baseline_best,file,13,baseline,6959,119.Field_Sparrow/Field_Sparrow_0027_113353.jpg,119,118,119.Field_Sparrow,130,129,rotation,rotation,0,"{""angle"":5.080577}",0.052060295,0.066650145,0.01458985,0.94927162,0.93552244,0.015506426,0.012403212,0.93376519,0.92311922,-0.010645969,0.82113385,1.2841187,7.4291242,9.5398775,False,0.98163271,True,True,True,0.82113385,1.2841187,7.4291242,9.5398775,0.81133096,1.2867394,7.1880096,9.2490954,0.9700709,1.2450662,1.87734,2.3374125,0.7738572,1.3450289,1.2123468,1.6306415,0.84899049,1.2303519,3.207441,3.9462811,0.77512715,1.335935,3.6041334,4.8148881,0.76711958,1.2797335,3.5159563,4.4994869,0.86212842,1.2808799,3.8155331,4.8872395
0b_baseline_best,file,13,baseline,6959,119.Field_Sparrow/Field_Sparrow_0027_113353.jpg,119,118,119.Field_Sparrow,130,129,random_resized_crop,random_resized_crop,0,"{""area_fraction"":0.638827,""aspect"":1.200821,""fallback"":false,""height"":0.729378,""left"":0.109624,""top"":0.019136,""width"":0.875852}",0.052060295,0.50699502,0.45493473,0.94927162,0.60230279,0.015506426,0.062161442,0.93376519,0.54014135,-0.39362385,0.65617191,8.4226317,7.4291242,62.572777,False,0.93333805,True,True,True,0.65617191,8.4226317,7.4291242,62.572777,0.64463404,8.5257679,7.1880096,61.283301,0.8878441,6.7316635,1.87734,12.637621,0.69494104,10.132164,1.2123468,12.283697,0.65258037,8.3306032,3.207441,26.719918,0.58581653,8.6870729,3.6041334,31.30937,0.63749483,8.8822441,3.5159563,31.229582,0.69918064,8.0150356,3.8155331,30.581633
0b_baseline_best,file,13,baseline,6959,119.Field_Sparrow/Field_Sparrow_0027_113353.jpg,119,118,119.Field_Sparrow,130,129,gaussian_blur,gaussian_blur,0,"{""sigma"":1.846619}",0.052060295,1.5265591,1.4744988,0.94927162,0.21728203,0.015506426,0.025325354,0.93376519,0.19195667,-0.74180852,0.3183776,22.769907,7.4291242,169.16047,False,0.79831219,False,True,False,0.3183776,22.769907,7.4291242,169.16047,0.3071553,23.271254,7.1880096,167.274,0.65114747,13.419365,1.87734,25.19271,0.31336756,30.506403,1.2123468,36.98434,0.28085332,23.323562,3.207441,74.808949,0.21651649,24.819428,3.6041334,89.452529,0.30997142,25.241938,3.5159563,88.749551,0.44367496,18.786568,3.8155331,71.680771
0b_baseline_best,file,13,baseline,6959,119.Field_Sparrow/Field_Sparrow_0027_113353.jpg,119,118,119.Field_Sparrow,130,129,random_erasing,random_erasing,0,"{""area_fraction"":0.07261,""erased"":true,""height"":0.178638,""left"":0.136446,""top"":0.586407,""width"":0.406466}",0.052060295,0.14769645,0.095636155,0.94927162,0.86269295,0.015506426,0.031772193,0.93376519,0.83092076,-0.10284443,0.80831323,3.0396517,7.4291242,22.58195,False,0.97662342,True,True,True,0.80831323,3.0396517,7.4291242,22.58195,0.80197498,3.0758438,7.1880096,22.109194,0.9450676,2.4484216,1.87734,4.5965198,0.75093133,2.8806339,1.2123468,3.4923273,0.74654158,3.4876226,3.207441,11.186343,0.78081698,3.1381776,3.6041334,11.310411,0.83957013,3.0046376,3.5159563,10.564175,0.85385404,2.7731518,3.8155331,10.581052
0b_baseline_best,file,13,baseline,10368,177.Prothonotary_Warbler/Prothonotary_Warbler_0112_174594.jpg,177,176,177.Prothonotary_Warbler,180,179,identity,identity,0,{},0.23065095,0.23065095,0,0.7940166,0.7940166,0.17561144,0.17561144,0.61840516,0.61840516,0,1,1,49.517757,49.517757,False,1,True,True,True,1,1,49.517757,49.517757,1,1,48.959058,48.959058,1,1,7.4174736,7.4174736,1,1,14.160552,14.160552,1,1,25.867091,25.867091,1,1,25.645331,25.645331,1,1,22.154044,22.154044,1,1,19.464764,19.464764
0b_baseline_best,file,13,baseline,10368,177.Prothonotary_Warbler/Prothonotary_Warbler_0112_174594.jpg,177,176,177.Prothonotary_Warbler,180,179,horizontal_flip,horizontal_flip,0,"{""flipped"":true}",0.23065095,0.85817838,0.62752743,0.7940166,0.42393363,0.17561144,0.34602484,0.61840516,0.077908784,-0.54049638,0.67629816,2.3661281,49.517757,117.16536,False,0.95319438,True,True,True,0.67629816,2.3661281,49.517757,117.16536,0.67034762,2.3593989,48.959058,115.51395,0.91199418,2.642715,7.4174736,19.602269,0.5939671,2.1442761,14.160552,30.364134,0.66723359,2.1758561,25.867091,56.283069,0.64570082,2.4028081,25.645331,61.620809,0.67376111,2.5093624,22.154044,55.592523,0.75424354,2.4989828,19.464764,48.642111
0b_baseline_best,file,13,baseline,10368,177.Prothonotary_Warbler/Prothonotary_Warbler_0112_174594.jpg,177,176,177.Prothonotary_Warbler,180,179,color_jitter,color_jitter,0,"{""brightness"":0.611577,""contrast"":1.358545,""hue"":-0.051668,""saturation"":0.901554}",0.23065095,0.087634958,-0.14301599,0.7940166,0.91609526,0.17561144,0.0038165099,0.61840516,0.91227875,0.29387358,0.321295,0.27138677,49.517757,13.438464,False,0.87308979,True,True,True,0.321295,0.27138677,49.517757,13.438464,0.31245446,0.2708755,48.959058,13.261809,0.67856268,0.29279552,7.4174736,2.171803,0.21387435,0.24897897,14.160552,3.5256797,0.17835146,0.24003948,25.867091,6.2091231,0.24852407,0.26344168,25.645331,6.7560491,0.40378534,0.27757861,22.154044,6.1494887,0.52262445,0.33068648,19.464764,6.4367343
0b_baseline_best,file,13,baseline,10368,177.Prothonotary_Warbler/Prothonotary_Warbler_0112_174594.jpg,177,176,177.Prothonotary_Warbler,180,179,rotation,rotation,0,"{""angle"":-1.515146}",0.23065095,0.11792237,-0.11272858,0.7940166,0.88876504,0.17561144,0.096149608,0.61840516,0.79261543,0.17421027,0.94011912,0.53328787,49.517757,26.407219,False,0.99002928,True,True,True,0.94011912,0.53328787,49.517757,26.407219,0.93896678,0.53312261,48.959058,26.101181,0.98972857,0.54043857,7.4174736,4.0086889,0.94634122,0.47790475,14.160552,6.7673952,0.94678262,0.51547115,25.867091,13.333739,0.93059738,0.53783409,25.645331,13.792933,0.93736143,0.55819851,22.154044,12.366354,0.94423301,0.54976807,19.464764,10.701106
0b_baseline_best,file,13,baseline,10368,177.Prothonotary_Warbler/Prothonotary_Warbler_0112_174594.jpg,177,176,177.Prothonotary_Warbler,180,179,random_resized_crop,random_resized_crop,0,"{""area_fraction"":0.574496,""aspect"":0.93944,""fallback"":false,""height"":0.782004,""left"":0.169073,""top"":0.113389,""width"":0.734646}",0.23065095,0.36783907,0.13718812,0.7940166,0.69222856,0.17561144,0.25102463,0.61840516,0.44120392,-0.17720124,0.808601,1.5918928,49.517757,78.826962,False,0.93249553,True,True,True,0.808601,1.5918928,49.517757,78.826962,0.80590069,1.5932465,48.959058,78.003849,0.93157989,1.5317555,7.4174736,11.361756,0.86191227,1.4428233,14.160552,20.431174,0.872225,1.632267,25.867091,42.221999,0.78577106,1.626905,25.645331,41.722518,0.76253548,1.5899881,22.154044,35.224665,0.75215933,1.5437489,19.464764,30.048708
0b_baseline_best,file,13,baseline,10368,177.Prothonotary_Warbler/Prothonotary_Warbler_0112_174594.jpg,177,176,177.Prothonotary_Warbler,180,179,gaussian_blur,gaussian_blur,0,"{""sigma"":1.459461}",0.23065095,0.29692736,0.066276416,0.7940166,0.74309796,0.17561144,0.22944453,0.61840516,0.51365343,-0.10475174,0.77321523,1.144034,49.517757,56.649999,False,0.94860649,True,True,True,0.77321523,1.144034,49.517757,56.649999,0.7690169,1.142545,48.959058,55.937927,0.94747846,1.2071238,7.4174736,8.9538092,0.74022704,0.9052393,14.160552,12.818688,0.70842414,0.99132621,25.867091,25.642726,0.77314696,1.2144459,25.645331,31.144866,0.80829846,1.2248423,22.154044,27.135211,0.83494335,1.2593253,19.464764,24.51247
0b_baseline_best,file,13,baseline,10368,177.Prothonotary_Warbler/Prothonotary_Warbler_0112_174594.jpg,177,176,177.Prothonotary_Warbler,180,179,random_erasing,random_erasing,0,"{""area_fraction"":0.173642,""erased"":true,""height"":0.686149,""left"":0.199487,""top"":0.130158,""width"":0.253068}",0.23065095,1.9547673,1.7241164,0.7940166,0.14159742,0.17561144,0.0072155236,0.61840516,0.1343819,-0.48402327,0.41964083,2.4696336,49.517757,122.29072,False,0.70352519,False,True,False,0.41964083,2.4696336,49.517757,122.29072,0.41706271,2.4537237,48.959058,120.132,0.51970815,3.0840991,7.4174736,22.876224,0.57547952,1.4122205,14.160552,19.997823,0.51394195,1.7866155,25.867091,46.214546,0.36089788,2.4741997,25.645331,63.451672,0.42712479,2.9061545,22.154044,64.383074,0.40332897,3.135428,19.464764,61.030366
0b_baseline_best,file,13,baseline,6810,117.Clay_colored_Sparrow/Clay_Colored_Sparrow_0064_110664.jpg,117,116,117.Clay_colored_Sparrow,115,114,identity,identity,0,{},0.22545801,0.22545801,0,0.7981506,0.7981506,0.11813086,0.11813086,0.68001974,0.68001974,0,1,1,31.22756,31.22756,False,1,True,True,True,1,1,31.22756,31.22756,1,1,30.596291,30.596291,1,1,6.247198,6.247198,1,1,9.0611733,9.0611733,1,1,16.973839,16.973839,1,1,14.70287,14.70287,1,1,12.82097,12.82097,1,1,13.614893,13.614893
0b_baseline_best,file,13,baseline,6810,117.Clay_colored_Sparrow/Clay_Colored_Sparrow_0064_110664.jpg,117,116,117.Clay_colored_Sparrow,115,114,horizontal_flip,horizontal_flip,0,"{""flipped"":true}",0.22545801,0.9264549,0.70099689,0.7981506,0.39595491,0.11813086,0.48375803,0.68001974,-0.087803125,-0.76782287,0.6675409,3.3255057,31.22756,103.84743,False,0.95144868,False,True,False,0.6675409,3.3255057,31.22756,103.84743,0.65592552,3.3226571,30.596291,101.66098,0.94050875,3.3931177,6.247198,21.197478,0.73225324,3.3317113,9.0611733,30.189213,0.63662334,3.049154,16.973839,51.755849,0.62870225,3.6259119,14.70287,53.311313,0.6312992,3.4552095,12.82097,44.299137,0.7158139,3.2354167,13.614893,44.049851
0b_baseline_best,file,13,baseline,6810,117.Clay_colored_Sparrow/Clay_Colored_Sparrow_0064_110664.jpg,117,116,117.Clay_colored_Sparrow,115,114,color_jitter,color_jitter,0,"{""brightness"":0.891745,""contrast"":1.127771,""hue"":0.035881,""saturation"":1.367818}",0.22545801,0.7545563,0.52909829,0.7981506,0.47021919,0.11813086,0.0057749841,0.68001974,0.46444421,-0.21557553,0.51693961,2.5496723,31.22756,79.620046,False,0.8950628,True,True,True,0.51693961,2.5496723,31.22756,79.620046,0.50938283,2.5655088,30.596291,78.495056,0.74321657,2.1348912,6.247198,13.337088,0.60025499,2.2663898,9.0611733,20.536151,0.54014326,2.4509302,16.973839,41.601694,0.345902,2.6779183,14.70287,39.373086,0.48754571,2.5764265,12.82097,33.032287,0.64255355,2.7162894,13.614893,36.981989
0b_baseline_best,file,13,baseline,6810,117.Clay_colored_Sparrow/Clay_Colored_Sparrow_0064_110664.jpg,117,116,117.Clay_colored_Sparrow,115,114,rotation,rotation,0,"{""angle"":-1.412195}",0.22545801,0.29895547,0.073497459,0.7981506,0.74159241,0.11813086,0.15139331,0.68001974,0.5901991,-0.089820646,0.87241979,1.1856973,31.22756,37.026434,False,0.98296666,True,True,True,0.87241979,1.1856973,31.22756,37.026434,0.86763272,1.1832167,30.596291,36.202041,0.98269864,1.2437175,6.247198,7.7697498,0.88927535,1.4242253,9.0611733,12.905153,0.86843201,1.0172766,16.973839,17.267089,0.8702247,1.2600504,14.70287,18.526358,0.85467635,1.1959704,12.82097,15.333501,0.88664253,1.2014024,13.614893,16.356965
0b_baseline_best,file,13,baseline,6810,117.Clay_colored_Sparrow/Clay_Colored_Sparrow_0064_110664.jpg,117,116,117.Clay_colored_Sparrow,115,114,random_resized_crop,random_resized_crop,0,"{""area_fraction"":0.638628,""aspect"":0.814004,""fallback"":false,""height"":0.885749,""left"":0.095559,""top"":0.08097,""width"":0.721003}",0.22545801,0.60915446,0.38369645,0.7981506,0.54381049,0.11813086,0.18066663,0.68001974,0.36314386,-0.31687588,0.75173464,2.1103451,31.22756,65.900928,False,0.94599003,True,True,True,0.75173464,2.1103451,31.22756,65.900928,0.74394092,2.1074979,30.596291,64.481618,0.93305193,2.1775243,6.247198,13.603425,0.83285511,2.2924459,9.0611733,20.772249,0.79273081,1.8873194,16.973839,32.035056,0.72736981,2.2857665,14.70287,33.607329,0.68583081,2.1515827,12.82097,27.585377,0.71739235,2.0900622,13.614893,28.455972
0b_baseline_best,file,13,baseline,6810,117.Clay_colored_Sparrow/Clay_Colored_Sparrow_0064_110664.jpg,117,116,117.Clay_colored_Sparrow,115,114,gaussian_blur,gaussian_blur,0,"{""sigma"":1.987829}",0.22545801,0.22617821,0.00072020292,0.7981506,0.79757595,0.11813086,0.017568171,0.68001974,0.78000778,0.099988036,0.51923919,0.96345922,31.22756,30.086481,False,0.87650871,True,True,True,0.51923919,0.96345922,31.22756,30.086481,0.51091965,0.96747536,30.596291,29.601158,0.74670545,0.86153388,6.247198,5.3821728,0.70796885,0.96801555,9.0611733,8.7713567,0.61886523,0.87773077,16.973839,14.898461,0.39190463,1.0086794,14.70287,14.830482,0.40032774,1.0142129,12.82097,13.003193,0.52330489,1.0078889,13.614893,13.722299
0b_baseline_best,file,13,baseline,6810,117.Clay_colored_Sparrow/Clay_Colored_Sparrow_0064_110664.jpg,117,116,117.Clay_colored_Sparrow,115,114,random_erasing,random_erasing,0,"{""area_fraction"":0.075462,""erased"":true,""height"":0.17074,""left"":0.244738,""top"":0.75478,""width"":0.441972}",0.22545801,0.34212276,0.11666475,0.7981506,0.71026099,0.11813086,0.18235707,0.68001974,0.52790391,-0.15211583,0.97616221,1.4839017,31.22756,46.338629,False,0.98492569,True,True,True,0.97616221,1.4839017,31.22756,46.338629,0.97583364,1.4848286,30.596291,45.430249,0.98428693,1.4614912,6.247198,9.1302247,0.99290049,1.5021229,9.0611733,13.610996,0.98723018,1.4542747,16.973839,24.684624,0.97685616,1.511201,14.70287,22.218992,0.96748596,1.5151123,12.82097,19.425209,0.95773519,1.4658461,13.614893,19.957337
0b_baseline_best,file,13,baseline,1601,029.American_Crow/American_Crow_0132_25704.jpg,29,28,029.American_Crow,30,29,identity,identity,0,{},0.16052112,0.16052112,0,0.85169983,0.85169983,0.051805038,0.051805038,0.79989479,0.79989479,0,1,1,23.24837,23.24837,False,1,True,True,True,1,1,23.24837,23.24837,1,1,22.72672,22.72672,1,1,4.8972354,4.8972354,1,1,6.7187721,6.7187721,1,1,10.962591,10.962591,1,1,12.327492,12.327492,1,1,9.9963911,9.9963911,1,1,9.9643665,9.9643665
0b_baseline_best,file,13,baseline,1601,029.American_Crow/American_Crow_0132_25704.jpg,29,28,029.American_Crow,30,29,horizontal_flip,horizontal_flip,0,"{""flipped"":true}",0.16052112,0.044244856,-0.11627626,0.85169983,0.9567197,0.051805038,0.005910987,0.79989479,0.95080871,0.15091392,0.60881087,0.25214345,23.24837,5.8619242,False,0.95969015,True,True,True,0.60881087,0.25214345,23.24837,5.8619242,0.59186724,0.24983406,22.72672,5.6779086,0.92402115,0.29756099,4.8972354,1.4572262,0.57121252,0.27164355,6.7187721,1.8251111,0.55049825,0.2261525,10.962591,2.4792173,0.57666745,0.23244472,12.327492,2.8654605,0.54027261,0.26430475,9.9963911,2.6420936,0.72110159,0.2761125,9.9643665,2.7512861
0b_baseline_best,file,13,baseline,1601,029.American_Crow/American_Crow_0132_25704.jpg,29,28,029.American_Crow,30,29,color_jitter,color_jitter,0,"{""brightness"":0.67593,""contrast"":0.852742,""hue"":-0.073279,""saturation"":0.697542}",0.16052112,0.32109487,0.16057375,0.85169983,0.72535443,0.051805038,0.0230086,0.79989479,0.70234583,-0.097548958,0.69262185,2.1381444,23.24837,49.708372,False,0.94953555,True,True,True,0.69262185,2.1381444,23.24837,49.708372,0.68582347,2.1436499,22.72672,48.718131,0.84956236,2.0159306,4.8972354,9.8724869,0.50946121,1.941419,6.7187721,13.043952,0.59254166,1.9450485,10.962591,21.322771,0.75115679,2.0635015,12.327492,25.437798,0.70489876,2.4438959,9.9963911,24.430139,0.75265782,2.2546711,9.9643665,22.466369
0b_baseline_best,file,13,baseline,1601,029.American_Crow/American_Crow_0132_25704.jpg,29,28,029.American_Crow,30,29,rotation,rotation,0,"{""angle"":6.637665}",0.16052112,0.77102959,0.61050847,0.85169983,0.4625366,0.051805038,0.39908528,0.79989479,0.06345132,-0.73644347,0.72415397,4.5382083,23.24837,105.50595,False,0.95936465,True,True,True,0.72415397,4.5382083,23.24837,105.50595,0.71693457,4.557019,22.72672,103.56609,0.90011639,4.1122681,4.8972354,20.138745,0.71402213,4.7462542,6.7187721,31.889,0.72743859,4.7155977,10.962591,51.695167,0.73094969,4.4118467,12.327492,54.387006,0.66398812,4.6530144,9.9963911,46.513352,0.74168995,4.3919485,9.9643665,43.762985
0b_baseline_best,file,13,baseline,1601,029.American_Crow/American_Crow_0132_25704.jpg,29,28,029.American_Crow,30,29,random_resized_crop,random_resized_crop,0,"{""area_fraction"":0.531327,""aspect"":0.775487,""fallback"":false,""height"":0.827739,""left"":0.056098,""top"":0.032987,""width"":0.641901}",0.16052112,0.52605611,0.36553499,0.85169983,0.59093094,0.051805038,0.075947925,0.79989479,0.51498301,-0.28491178,0.74851336,2.8519993,23.24837,66.304336,False,0.94805998,True,True,True,0.74851336,2.8519993,23.24837,66.304336,0.74123873,2.8669045,22.72672,65.155336,0.93386779,2.5096042,4.8972354,12.290122,0.61277401,3.2254468,6.7187721,21.671042,0.75063282,3.0408151,10.962591,33.335212,0.79809017,2.850444,12.327492,35.138826,0.71243555,2.6902216,9.9963911,26.892507,0.74323361,2.6673297,9.9643665,26.578251
0b_baseline_best,file,13,baseline,1601,029.American_Crow/American_Crow_0132_25704.jpg,29,28,029.American_Crow,30,29,gaussian_blur,gaussian_blur,0,"{""sigma"":1.628452}",0.16052112,1.5029497,1.3424286,0.85169983,0.22247295,0.051805038,0.12498701,0.79989479,0.097485945,-0.70240885,0.60232558,5.6400718,23.24837,131.12248,False,0.89697737,True,True,True,0.60232558,5.6400718,23.24837,131.12248,0.59368628,5.6907077,22.72672,129.33112,0.86134669,4.4106781,4.8972354,21.600129,0.53849867,6.6126507,6.7187721,44.428893,0.5944186,5.8427817,10.962591,64.052025,0.56630685,5.6872068,12.327492,70.108998,0.57466948,5.5892577,9.9963911,55.872406,0.69984682,5.1299846,9.9643665,51.117047
0b_baseline_best,file,13,baseline,1601,029.American_Crow/American_Crow_0132_25704.jpg,29,28,029.American_Crow,30,29,random_erasing,random_erasing,0,"{""area_fraction"":0.059431,""erased"":true,""height"":0.183959,""left"":0.595372,""top"":0.264205,""width"":0.323068}",0.16052112,1.1895897,1.0290686,0.85169983,0.30434611,0.051805038,0.53131092,0.79989479,-0.2269648,-1.0268596,0.62468484,4.8209925,23.24837,112.08022,False,0.96334475,False,True,False,0.62468484,4.8209925,23.24837,112.08022,0.61156903,4.8142236,22.72672,109.41151,0.89888095,4.9645295,4.8972354,24.31247,0.49468076,5.304986,6.7187721,35.642992,0.57190505,4.2856354,10.962591,46.981668,0.60138345,4.5414568,12.327492,55.984773,0.59008099,5.1904986,9.9963911,51.886255,0.75128222,5.1824779,9.9643665,51.640109
0b_baseline_best,file,13,baseline,10767,183.Northern_Waterthrush/Northern_Waterthrush_0016_177345.jpg,183,182,183.Northern_Waterthrush,125,124,identity,identity,0,{},0.14568058,0.14568058,0,0.86443377,0.86443377,0.077395283,0.077395283,0.78703848,0.78703848,0,1,1,24.481275,24.481275,False,1,True,True,True,1,1,24.481275,24.481275,1,1,24.12955,24.12955,1,1,4.1349301,4.1349301,1,1,4.0253901,4.0253901,1,1,11.09695,11.09695,1,1,14.882525,14.882525,1,1,10.991425,10.991425,1,1,10.029366,10.029366
0b_baseline_best,file,13,baseline,10767,183.Northern_Waterthrush/Northern_Waterthrush_0016_177345.jpg,183,182,183.Northern_Waterthrush,125,124,horizontal_flip,horizontal_flip,0,"{""flipped"":true}",0.14568058,0.038103152,-0.10757742,0.86443377,0.96261364,0.077395283,0.01690143,0.78703848,0.94571221,0.15867373,0.6969071,0.24787073,24.481275,6.0681917,False,0.96895945,True,True,True,0.6969071,0.24787073,24.481275,6.0681917,0.68802758,0.24607607,24.12955,5.9377049,0.95719335,0.3027,4.1349301,1.2516433,0.51010203,0.21936294,4.0253901,0.8830214,0.62907483,0.2287897,11.09695,2.5388679,0.71310841,0.23204245,14.882525,3.4533775,0.66680176,0.26397231,10.991425,2.9014318,0.75972136,0.27643614,10.029366,2.7724791
0b_baseline_best,file,13,baseline,10767,183.Northern_Waterthrush/Northern_Waterthrush_0016_177345.jpg,183,182,183.Northern_Waterthrush,125,124,color_jitter,color_jitter,0,"{""brightness"":0.993896,""contrast"":0.991549,""hue"":0.022081,""saturation"":1.172955}",0.14568058,0.15479682,0.0091162473,0.86443377,0.8565892,0.077395283,0.074823804,0.78703848,0.78176539,-0.0052730888,0.96282568,1.0654265,24.481275,26.082999,False,0.99560606,True,True,True,0.96282568,1.0654265,24.481275,26.082999,0.96192491,1.0662226,24.12955,25.727473,0.99467359,1.03795,4.1349301,4.2918506,0.94360559,1.1341753,4.0253901,4.5654979,0.96213462,1.087198,11.09695,12.064581,0.96463849,1.0608747,14.882525,15.788494,0.95543922,1.0543951,10.991425,11.589305,0.96731344,1.0548081,10.029366,10.579056
0b_baseline_best,file,13,baseline,10767,183.Northern_Waterthrush/Northern_Waterthrush_0016_177345.jpg,183,182,183.Northern_Waterthrush,125,124,rotation,rotation,0,"{""angle"":5.497094}",0.14568058,0.082507558,-0.063173018,0.86443377,0.9208045,0.077395283,0.027450925,0.78703848,0.89335358,0.10631509,0.76692658,0.47157925,24.481275,11.544862,False,0.98729509,True,True,True,0.76692658,0.47157925,24.481275,11.544862,0.76032209,0.46906321,24.12955,11.318284,0.96808876,0.55043724,4.1349301,2.2760195,0.66328993,0.46689681,4.0253901,1.8794418,0.73602203,0.3818624,11.09695,4.2375079,0.75222859,0.45965242,14.882525,6.8407885,0.75275977,0.50868031,10.991425,5.5911214,0.84289327,0.53282995,10.029366,5.3439463
0b_baseline_best,file,13,baseline,10767,183.Northern_Waterthrush/Northern_Waterthrush_0016_177345.jpg,183,182,183.Northern_Waterthrush,125,124,random_resized_crop,random_resized_crop,0,"{""area_fraction"":0.624601,""aspect"":0.855949,""fallback"":false,""height"":0.854235,""left"":0.146682,""top"":0.083072,""width"":0.731182}",0.14568058,0.17767766,0.031997085,0.86443377,0.83721226,0.077395283,0.049135327,0.78703848,0.78807694,0.0010384545,0.63803899,0.93560525,24.481275,22.90481,False,0.93411243,True,True,True,0.63803899,0.93560525,24.481275,22.90481,0.62990866,0.9332735,24.12955,22.51947,0.89543517,1.0118076,4.1349301,4.1837538,0.59731978,1.2918299,4.0253901,5.2001193,0.63579551,0.88472428,11.09695,9.817741,0.66708646,0.82491495,14.882525,12.276817,0.55547461,0.9576588,10.991425,10.526035,0.67077413,1.1021124,10.029366,11.053488
0b_baseline_best,file,13,baseline,10767,183.Northern_Waterthrush/Northern_Waterthrush_0016_177345.jpg,183,182,183.Northern_Waterthrush,125,124,gaussian_blur,gaussian_blur,0,"{""sigma"":1.101429}",0.14568058,0.55305594,0.40737537,0.86443377,0.57518941,0.077395283,0.10280202,0.78703848,0.4723874,-0.31465109,0.65074347,3.3133213,24.481275,81.11433,False,0.91735303,True,True,True,0.65074347,3.3133213,24.481275,81.11433,0.64551728,3.3270738,24.12955,80.280795,0.87110478,2.8050403,4.1349301,11.598645,0.67056215,4.1821833,4.0253901,16.834919,0.62450513,3.2729752,11.09695,36.320042,0.60785079,3.4611063,14.882525,51.51,0.67421066,3.3213782,10.991425,36.506679,0.73865811,2.917911,10.029366,29.264796
0b_baseline_best,file,13,baseline,10767,183.Northern_Waterthrush/Northern_Waterthrush_0016_177345.jpg,183,182,183.Northern_Waterthrush,125,124,random_erasing,random_erasing,0,"{""area_fraction"":0.059889,""erased"":true,""height"":0.296326,""left"":0.490047,""top"":0.621613,""width"":0.202105}",0.14568058,0.12410368,-0.021576896,0.86443377,0.88328826,0.077395283,0.062535852,0.78703848,0.82075241,0.033713929,0.97047425,0.85646911,24.481275,20.967456,False,0.98500538,True,True,True,0.97047425,0.85646911,24.481275,20.967456,0.97006932,0.85657817,24.12955,20.668846,0.98433501,0.85274679,4.1349301,3.5260483,0.96418161,0.90796653,4.0253901,3.6549195,0.97732478,0.86806213,11.09695,9.632842,0.97637907,0.84965829,14.882525,12.64506,0.96409413,0.85176597,10.991425,9.3621216,0.95587718,0.85483586,10.029366,8.5734614
0b_baseline_best,file,13,baseline,138,003.Sooty_Albatross/Sooty_Albatross_0055_1160.jpg,3,2,003.Sooty_Albatross,71,70,identity,identity,0,{},0.3174378,0.3174378,0,0.72801197,0.72801197,0.032051556,0.032051556,0.69596041,0.69596041,0,1,1,38.945915,38.945915,False,0.99999994,True,True,True,1,1,38.945915,38.945915,1,1,38.121029,38.121029,1,1,7.9731708,7.9731708,1,1,5.5699639,5.5699639,1,1,14.1905,14.1905,1,1,21.363404,21.363404,1,1,19.432375,19.432375,1,1,19.66738,19.66738
0b_baseline_best,file,13,baseline,138,003.Sooty_Albatross/Sooty_Albatross_0055_1160.jpg,3,2,003.Sooty_Albatross,71,70,horizontal_flip,horizontal_flip,0,"{""flipped"":true}",0.3174378,0.26204416,-0.055393636,0.72801197,0.76947707,0.032051556,0.015119978,0.69596041,0.75435709,0.058396681,0.6411822,0.89976401,38.945915,35.042133,False,0.94721925,True,True,True,0.6411822,0.89976401,38.945915,35.042133,0.6301457,0.90358942,38.121029,34.445758,0.92744476,0.80738928,7.9731708,6.4374527,0.41224723,1.3140611,5.5699639,7.3192732,0.56497496,1.033094,14.1905,14.660121,0.5980344,0.88456341,21.363404,18.897285,0.64760756,0.86247896,19.432375,16.760015,0.73155212,0.85083094,19.66738,16.733615
0b_baseline_best,file,13,baseline,138,003.Sooty_Albatross/Sooty_Albatross_0055_1160.jpg,3,2,003.Sooty_Albatross,71,70,color_jitter,color_jitter,0,"{""brightness"":0.863765,""contrast"":0.689232,""hue"":0.021901,""saturation"":1.316295}",0.3174378,0.11155281,-0.20588499,0.72801197,0.89444417,0.032051556,0.01758831,0.69596041,0.87685586,0.18089545,0.80586163,0.45616463,38.945915,17.765749,False,0.95313644,True,True,True,0.80586163,0.45616463,38.945915,17.765749,0.80069311,0.45734747,38.121029,17.434556,0.93371858,0.42823528,7.9731708,3.4143931,0.52041132,0.57498886,5.5699639,3.2026672,0.72318416,0.53457508,14.1905,7.5858878,0.79407493,0.4214832,21.363404,9.0043156,0.83526462,0.45261399,19.432375,8.7953649,0.86231229,0.44826353,19.66738,8.8161692
0b_baseline_best,file,13,baseline,138,003.Sooty_Albatross/Sooty_Albatross_0055_1160.jpg,3,2,003.Sooty_Albatross,71,70,rotation,rotation,0,"{""angle"":-12.48523}",0.3174378,0.61789793,0.30046013,0.72801197,0.53907639,0.032051556,0.01035227,0.69596041,0.52872412,-0.16723629,0.68939132,1.8584524,38.945915,72.379129,False,0.92164481,True,True,True,0.68939132,1.8584524,38.945915,72.379129,0.68150443,1.866916,38.121029,71.168758,0.89789798,1.6532046,7.9731708,13.181283,0.50062982,2.1470204,5.5699639,11.958826,0.59896992,1.9831605,14.1905,28.14204,0.67944431,1.8795954,21.363404,40.154556,0.69177166,1.8697933,19.432375,36.334525,0.74218409,1.7594479,19.66738,34.603731
0b_baseline_best,file,13,baseline,138,003.Sooty_Albatross/Sooty_Albatross_0055_1160.jpg,3,2,003.Sooty_Albatross,71,70,random_resized_crop,random_resized_crop,0,"{""area_fraction"":0.856663,""aspect"":0.882063,""fallback"":false,""height"":0.985497,""left"":0.042104,""top"":0.001554,""width"":0.86927}",0.3174378,0.46027535,0.14283755,0.72801197,0.63110983,0.032051556,0.026280994,0.69596041,0.60482884,-0.09113157,0.83902554,1.5415033,38.945915,60.035258,False,0.96839738,True,True,True,0.83902554,1.5415033,38.945915,60.035258,0.83512738,1.5520433,38.121029,59.165489,0.96276738,1.2770572,7.9731708,10.182195,0.71323033,1.9148787,5.5699639,10.665805,0.7762755,1.6781536,14.1905,23.813839,0.83376969,1.5978882,21.363404,34.13633,0.84241067,1.505981,19.432375,29.264789,0.8851758,1.4363142,19.66738,28.248536
0b_baseline_best,file,13,baseline,138,003.Sooty_Albatross/Sooty_Albatross_0055_1160.jpg,3,2,003.Sooty_Albatross,71,70,gaussian_blur,gaussian_blur,0,"{""sigma"":1.825239}",0.3174378,0.22487745,-0.092560351,0.72801197,0.79861408,0.032051556,0.013923653,0.69596041,0.78469043,0.088730021,0.54732997,1.0307225,38.945915,40.14243,False,0.80446219,True,True,True,0.54732997,1.0307225,38.945915,40.14243,0.54151346,1.0424785,38.121029,39.740355,0.7817461,0.7108029,7.9731708,5.6673529,0.27157912,1.8540183,5.5699639,10.326815,0.41730832,1.1541036,14.1905,16.377308,0.59108476,1.0639678,21.363404,22.729974,0.52050756,0.9742348,19.432375,18.931696,0.64225392,0.92278228,19.66738,18.14871
0b_baseline_best,file,13,baseline,138,003.Sooty_Albatross/Sooty_Albatross_0055_1160.jpg,3,2,003.Sooty_Albatross,71,70,random_erasing,random_erasing,0,"{""area_fraction"":0.103842,""erased"":true,""height"":0.264268,""left"":0.142619,""top"":0.392669,""width"":0.39294}",0.3174378,0.35692143,0.039483637,0.72801197,0.69982749,0.032051556,0.031407334,0.69596041,0.66842016,-0.027540252,0.86484768,1.3147266,38.945915,51.20323,False,0.96481788,True,True,True,0.86484768,1.3147266,38.945915,51.20323,0.86164877,1.3225218,38.121029,50.415893,0.96236647,1.1218556,7.9731708,8.9447466,0.73172768,1.8979321,5.5699639,10.571414,0.85309055,1.5304585,14.1905,21.717972,0.89504448,1.3104585,21.363404,27.995854,0.85575811,1.2837645,19.432375,24.946594,0.86513736,1.1948576,19.66738,23.499718
0b_baseline_best,file,13,baseline,11555,197.Marsh_Wren/Marsh_Wren_0103_188483.jpg,197,196,197.Marsh_Wren,193,192,identity,identity,0,{},0.16644198,0.16644198,0,0.84667194,0.84667194,0.10783938,0.10783938,0.73883256,0.73883256,0,1,1,28.872804,28.872804,False,1,True,True,True,1,1,28.872804,28.872804,1,1,28.323284,28.323284,1,1,5.6062802,5.6062802,1,1,6.7951519,6.7951519,1,1,14.111756,14.111756,1,1,15.062662,15.062662,1,1,13.538406,13.538406,1,1,12.112821,12.112821
0b_baseline_best,file,13,baseline,11555,197.Marsh_Wren/Marsh_Wren_0103_188483.jpg,197,196,197.Marsh_Wren,193,192,horizontal_flip,horizontal_flip,0,"{""flipped"":true}",0.16644198,0.26663452,0.10019255,0.84667194,0.76595294,0.10783938,0.14606874,0.73883256,0.61988421,-0.11894835,0.67259755,1.3576434,28.872804,39.198972,False,0.96922648,True,True,True,0.67259755,1.3576434,28.872804,39.198972,0.660934,1.3570979,28.323284,38.437469,0.96720164,1.3714938,5.6062802,7.6889784,0.62774925,1.4349495,6.7951519,9.7506999,0.68632123,1.2330273,14.111756,17.400181,0.61317454,1.36535,15.062662,20.565806,0.64492499,1.3908069,13.538406,18.829309,0.73658098,1.4349311,12.112821,17.381063
0b_baseline_best,file,13,baseline,11555,197.Marsh_Wren/Marsh_Wren_0103_188483.jpg,197,196,197.Marsh_Wren,193,192,color_jitter,color_jitter,0,"{""brightness"":1.331881,""contrast"":0.838661,""hue"":-0.081779,""saturation"":1.315849}",0.16644198,4.3539352,4.1874933,0.84667194,0.012856117,0.10783938,0.007119582,0.73883256,0.0057365354,-0.73309602,0.43617041,4.261463,28.872804,123.04038,False,0.73358482,False,True,False,0.43617041,4.261463,28.872804,123.04038,0.42992728,4.2467442,28.323284,120.28174,0.58409638,4.6212955,5.6062802,25.908278,0.21647681,3.778583,6.7951519,25.676045,0.34463936,3.5655191,14.111756,50.315737,0.47988441,3.9757085,15.062662,59.884752,0.50862482,4.6050052,13.538406,62.344431,0.42837366,5.0916769,12.112821,61.674572
0b_baseline_best,file,13,baseline,11555,197.Marsh_Wren/Marsh_Wren_0103_188483.jpg,197,196,197.Marsh_Wren,193,192,rotation,rotation,0,"{""angle"":8.510225}",0.16644198,0.12957965,-0.036862329,0.84667194,0.87846464,0.10783938,0.062804028,0.73883256,0.81566061,0.076828055,0.74254567,0.67099868,28.872804,19.373613,False,0.94890589,True,True,True,0.74254567,0.67099868,28.872804,19.373613,0.73478401,0.6706352,28.323284,18.994591,0.9379323,0.68021028,5.6062802,3.8134495,0.75771239,0.63273869,6.7951519,4.2995555,0.73610949,0.55898219,14.111756,7.8882203,0.73234358,0.68089022,15.062662,10.256019,0.71297775,0.71078019,13.538406,9.6228309,0.77541395,0.74895076,12.112821,9.0719066
0b_baseline_best,file,13,baseline,11555,197.Marsh_Wren/Marsh_Wren_0103_188483.jpg,197,196,197.Marsh_Wren,193,192,random_resized_crop,random_resized_crop,0,"{""area_fraction"":0.747957,""aspect"":1.199595,""fallback"":false,""height"":0.789625,""left"":0.011788,""top"":0.022305,""width"":0.94723}",0.16644198,0.10144805,-0.064993925,0.84667194,0.90352809,0.10783938,0.057328988,0.73883256,0.84619911,0.10736655,0.80335575,0.58250148,28.872804,16.818451,False,0.93308377,True,True,True,0.80335575,0.58250148,28.872804,16.818451,0.79831382,0.58156026,28.323284,16.471696,0.92750246,0.60603001,5.6062802,3.3975741,0.83135713,0.74105971,6.7951519,5.0356133,0.81025057,0.53135247,14.111756,7.4983165,0.81211442,0.57249835,15.062662,8.6233491,0.77890451,0.57903067,13.538406,7.8391524,0.7881863,0.60622009,12.112821,7.3430356
0b_baseline_best,file,13,baseline,11555,197.Marsh_Wren/Marsh_Wren_0103_188483.jpg,197,196,197.Marsh_Wren,193,192,gaussian_blur,gaussian_blur,0,"{""sigma"":1.638991}",0.16644198,0.77749968,0.6110577,0.84667194,0.4595536,0.10783938,0.012620222,0.73883256,0.44693338,-0.29189918,0.45391363,3.7982443,28.872804,109.66596,False,0.82303691,True,True,True,0.45391363,3.7982443,28.872804,109.66596,0.44967756,3.8333573,28.323284,108.57327,0.62869577,2.7544864,5.6062802,15.442423,0.45932654,6.1702106,6.7951519,41.927518,0.2564668,3.3931763,14.111756,47.883676,0.51479875,3.8221056,15.062662,57.571084,0.53668905,3.8030685,13.538406,51.487486,0.50626252,3.4752544,12.112821,42.095135
0b_baseline_best,file,13,baseline,11555,197.Marsh_Wren/Marsh_Wren_0103_188483.jpg,197,196,197.Marsh_Wren,193,192,random_erasing,random_erasing,0,"{""area_fraction"":0.19873,""erased"":true,""height"":0.717979,""left"":0.586287,""top"":0.025374,""width"":0.276791}",0.16644198,0.49692747,0.33048549,0.84667194,0.60839713,0.10783938,0.23919912,0.73883256,0.36919801,-0.36963455,0.89991755,2.4667563,28.872804,71.22217,False,0.95639801,True,True,True,0.89991755,2.4667563,28.872804,71.22217,0.89781375,2.4645044,28.323284,69.802858,0.95259961,2.5235526,5.6062802,14.147743,0.90097169,2.3860274,6.7951519,16.213418,0.92626952,2.5727984,14.111756,36.306704,0.9004495,2.4764395,15.062662,37.301771,0.88382179,2.3942014,13.538406,32.413672,0.87082133,2.4059695,12.112821,29.143078
0b_baseline_best,file,13,baseline,5018,086.Pacific_Loon/Pacific_Loon_0023_75476.jpg,86,85,086.Pacific_Loon,46,45,identity,identity,0,{},0.0027442437,0.0027442437,0,0.9972595,0.9972595,0.00052497629,0.00052497629,0.99673452,0.99673452,0,1,1,0.39370589,0.39370589,False,1,True,True,True,1,1,0.39370589,0.39370589,1,1,0.38590781,0.38590781,1,1,0.077971076,0.077971076,1,1,0.070277351,0.070277351,1,1,0.19486515,0.19486515,1,1,0.20569123,0.20569123,1,1,0.15422845,0.15422845,1,1,0.19979542,0.19979542
0b_baseline_best,file,13,baseline,5018,086.Pacific_Loon/Pacific_Loon_0023_75476.jpg,86,85,086.Pacific_Loon,46,45,horizontal_flip,horizontal_flip,0,"{""flipped"":true}",0.0027442437,0.017123241,0.014378997,0.9972595,0.98302251,0.00052497629,0.0099077113,0.99673452,0.9731148,-0.023619722,0.65645451,6.4022976,0.39370589,2.5206223,False,0.96880329,True,True,True,0.65645451,6.4022976,0.39370589,2.5206223,0.64553444,6.3796265,0.38590781,2.4619477,0.90473679,6.9345476,0.077971076,0.54069414,0.7032061,7.4232323,0.070277351,0.5216851,0.63817426,5.6898489,0.19486515,1.1087532,0.65413702,5.7800839,0.20569123,1.1889125,0.56314156,7.185122,0.15422845,1.1081502,0.69904248,6.9320228,0.19979542,1.3849864
0b_baseline_best,file,13,baseline,5018,086.Pacific_Loon/Pacific_Loon_0023_75476.jpg,86,85,086.Pacific_Loon,46,45,color_jitter,color_jitter,0,"{""brightness"":1.384971,""contrast"":0.610954,""hue"":0.009436,""saturation"":1.201139}",0.0027442437,0.0045426269,0.0017983832,0.9972595,0.99546766,0.00052497629,0.0005695789,0.99673452,0.99489808,-0.0018364374,0.75611868,1.7493922,0.39370589,0.688746,False,0.97997421,True,True,True,0.75611868,1.7493922,0.39370589,0.688746,0.74807936,1.7540369,0.38590781,0.67689655,0.96975601,1.6314894,0.077971076,0.12720898,0.29677426,2.9336667,0.070277351,0.20617033,0.76928528,1.8711289,0.19486515,0.3646178,0.74158036,1.6706277,0.20569123,0.34363346,0.74354708,1.6674167,0.15422845,0.25716309,0.86981148,1.571,0.19979542,0.3138786
0b_baseline_best,file,13,baseline,5018,086.Pacific_Loon/Pacific_Loon_0023_75476.jpg,86,85,086.Pacific_Loon,46,45,rotation,rotation,0,"{""angle"":-11.972653}",0.0027442437,0.12811531,0.12537107,0.9972595,0.87975192,0.00052497629,0.0023224507,0.99673452,0.87742947,-0.11930505,0.64332769,58.35128,0.39370589,22.973242,False,0.90350825,True,True,True,0.64332769,58.35128,0.39370589,22.973242,0.63794457,58.856535,0.38590781,22.713196,0.84462434,44.20641,0.077971076,3.4468213,0.68193688,65.203113,0.070277351,4.5823021,0.71093148,66.412575,0.19486515,12.941496,0.60672623,59.876635,0.20569123,12.316099,0.52361283,59.850999,0.15422845,9.2307266,0.68220767,47.618888,0.19979542,9.5140359
0b_baseline_best,file,13,baseline,5018,086.Pacific_Loon/Pacific_Loon_0023_75476.jpg,86,85,086.Pacific_Loon,46,45,random_resized_crop,random_resized_crop,0,"{""area_fraction"":0.649689,""aspect"":1.315534,""fallback"":false,""height"":0.702751,""left"":0.016702,""top"":0.278897,""width"":0.924493}",0.0027442437,0.023930639,0.021186395,0.9972595,0.97635341,0.00052497629,0.00032509313,0.99673452,0.97602831,-0.020706208,0.55853074,12.120452,0.39370589,4.7718934,False,0.94712555,True,True,True,0.55853074,12.120452,0.39370589,4.7718934,0.55019044,12.198889,0.38590781,4.7076465,0.81815147,10.008893,0.077971076,0.78040414,0.51533837,12.64753,0.070277351,0.8888349,0.56262739,13.409014,0.19486515,2.6129494,0.50649922,12.192992,0.20569123,2.5079915,0.48856047,13.063508,0.15422845,2.0147646,0.65435303,10.251465,0.19979542,2.0481958
0b_baseline_best,file,13,baseline,5018,086.Pacific_Loon/Pacific_Loon_0023_75476.jpg,86,85,086.Pacific_Loon,46,45,gaussian_blur,gaussian_blur,0,"{""sigma"":1.512441}",0.0027442437,0.072535925,0.069791681,0.9972595,0.93003231,0.00052497629,0.0033747731,0.99673452,0.92665754,-0.070076982,0.55061417,30.275483,0.39370589,11.919636,False,0.88847589,True,True,True,0.55061417,30.275483,0.39370589,11.919636,0.54136831,30.509483,0.38590781,11.773848,0.85683746,23.836472,0.077971076,1.8585554,0.52509253,28.89578,0.070277351,2.0307189,0.53804094,34.349207,0.19486515,6.6934632,0.49900614,28.30759,0.20569123,5.8226229,0.50154324,33.878132,0.15422845,5.2249716,0.63877089,26.717193,0.19979542,5.3379729
0b_baseline_best,file,13,baseline,5018,086.Pacific_Loon/Pacific_Loon_0023_75476.jpg,86,85,086.Pacific_Loon,46,45,random_erasing,random_erasing,0,"{""area_fraction"":0.165955,""erased"":true,""height"":0.290027,""left"":0.075227,""top"":0.499288,""width"":0.572204}",0.0027442437,0.0090403762,0.0062961325,0.9972595,0.99100035,0.00052497629,0.0019602419,0.99673452,0.98904011,-0.007694409,0.84399526,3.2500007,0.39370589,1.2795444,False,0.98533213,True,True,True,0.84399526,3.2500007,0.39370589,1.2795444,0.83854318,3.2542271,0.38590781,1.2558317,0.98267866,3.1446965,0.077971076,0.24519537,0.89464314,3.5515069,0.070277351,0.2495905,0.88136857,3.1202383,0.19486515,0.60802569,0.80924027,3.2310223,0.20569123,0.66459294,0.76675143,3.3813608,0.15422845,0.52150202,0.86844411,3.2876984,0.19979542,0.65686708
0b_baseline_best,file,13,baseline,10036,171.Myrtle_Warbler/Myrtle_Warbler_0084_166747.jpg,171,170,171.Myrtle_Warbler,166,165,identity,identity,0,{},0.46197802,0.46197802,0,0.63003618,0.63003618,0.18802239,0.18802239,0.44201379,0.44201379,0,1,1,58.517559,58.517559,False,1,True,True,True,1,1,58.517559,58.517559,1,1,57.554824,57.554824,1,1,10.571045,10.571045,1,1,12.608491,12.608491,1,1,22.57546,22.57546,1,1,30.95449,30.95449,1,1,29.326607,29.326607,1,1,28.73503,28.73503
0b_baseline_best,file,13,baseline,10036,171.Myrtle_Warbler/Myrtle_Warbler_0084_166747.jpg,171,170,171.Myrtle_Warbler,166,165,horizontal_flip,horizontal_flip,0,"{""flipped"":true}",0.46197802,0.16240984,-0.29956818,0.63003618,0.85009271,0.18802239,0.034059018,0.44201379,0.81603369,0.37401991,0.59116686,0.43112556,58.517559,25.228416,False,0.94333708,True,True,True,0.59116686,0.43112556,58.517559,25.228416,0.58165175,0.43115021,57.554824,24.814774,0.87372303,0.43039432,10.571045,4.5497177,0.60234795,0.45410349,12.608491,5.7255598,0.55629168,0.48637932,22.57546,10.980237,0.53354121,0.40578516,30.95449,12.560873,0.55789634,0.43898399,29.326607,12.873911,0.6828376,0.41016504,28.73503,11.786105
0b_baseline_best,file,13,baseline,10036,171.Myrtle_Warbler/Myrtle_Warbler_0084_166747.jpg,171,170,171.Myrtle_Warbler,166,165,color_jitter,color_jitter,0,"{""brightness"":0.860943,""contrast"":1.170567,""hue"":0.030823,""saturation"":1.044687}",0.46197802,1.540274,1.078296,0.63003618,0.21432236,0.18802239,0.16542125,0.44201379,0.048901111,-0.39311267,0.79321658,1.9023667,58.517559,111.32185,False,0.95525765,True,True,True,0.79321658,1.9023667,58.517559,111.32185,0.78917013,1.8994265,57.554824,109.32116,0.90863691,1.9875483,10.571045,21.010462,0.75533521,2.4041087,12.608491,30.312183,0.75573958,2.0714882,22.57546,46.764799,0.80198847,1.8182952,30.95449,56.284401,0.7859483,1.8342001,29.326607,53.790864,0.8190333,1.8361961,28.73503,52.76315
0b_baseline_best,file,13,baseline,10036,171.Myrtle_Warbler/Myrtle_Warbler_0084_166747.jpg,171,170,171.Myrtle_Warbler,166,165,rotation,rotation,0,"{""angle"":1.009462}",0.46197802,0.56523383,0.10325581,0.63003618,0.56822729,0.18802239,0.28497216,0.44201379,0.28325513,-0.15875866,0.91882996,1.2907828,58.517559,75.533457,False,0.99108374,True,True,True,0.91882996,1.2907828,58.517559,75.533457,0.91669446,1.2916959,57.554824,74.343331,0.98376818,1.2634142,10.571045,13.355608,0.91477511,1.325548,12.608491,16.71316,0.90192882,1.369403,22.57546,30.914904,0.92401678,1.3019749,30.95449,40.301969,0.91172075,1.2881361,29.326607,37.776661,0.92613684,1.2257295,28.73503,35.221373
0b_baseline_best,file,13,baseline,10036,171.Myrtle_Warbler/Myrtle_Warbler_0084_166747.jpg,171,170,171.Myrtle_Warbler,166,165,random_resized_crop,random_resized_crop,0,"{""area_fraction"":0.867004,""aspect"":1.055274,""fallback"":false,""height"":0.906416,""left"":0.01427,""top"":0.041374,""width"":0.956518}",0.46197802,0.12608759,-0.33589043,0.63003618,0.88153762,0.18802239,0.049382862,0.44201379,0.83215475,0.39014097,0.77309552,0.28633389,58.517559,16.75556,False,0.96853542,True,True,True,0.77309552,0.28633389,58.517559,16.75556,0.76611428,0.28498871,57.554824,16.402475,0.96134607,0.32368035,10.571045,3.4216394,0.67859102,0.30589424,12.608491,3.8568648,0.70294887,0.25941008,22.57546,5.8563019,0.77237439,0.28014651,30.95449,8.6717923,0.75060083,0.28664276,29.326607,8.4062594,0.82904409,0.29937593,28.73503,8.6025764
0b_baseline_best,file,13,baseline,10036,171.Myrtle_Warbler/Myrtle_Warbler_0084_166747.jpg,171,170,171.Myrtle_Warbler,166,165,gaussian_blur,gaussian_blur,0,"{""sigma"":1.883336}",0.46197802,1.850109,1.388131,0.63003618,0.15722004,0.18802239,0.05616764,0.44201379,0.1010524,-0.34096139,0.36905597,1.4885686,58.517559,87.107399,False,0.84721518,True,True,True,0.36905597,1.4885686,58.517559,87.107399,0.3540611,1.4839243,57.554824,85.406999,0.77754073,1.6202065,10.571045,17.127276,0.4230957,1.8329694,12.608491,23.110979,0.15341011,1.4988482,22.57546,33.837188,0.3178193,1.289428,30.95449,39.913586,0.36127791,1.5155664,29.326607,44.446421,0.48951357,1.5744029,28.73503,45.240515
0b_baseline_best,file,13,baseline,10036,171.Myrtle_Warbler/Myrtle_Warbler_0084_166747.jpg,171,170,171.Myrtle_Warbler,166,165,random_erasing,random_erasing,0,"{""area_fraction"":0.172055,""erased"":true,""height"":0.434814,""left"":0.066602,""top"":0.285848,""width"":0.395699}",0.46197802,1.4523292,0.99035114,0.63003618,0.23402457,0.18802239,0.54153472,0.44201379,-0.30751015,-0.74952394,0.67058009,1.8340231,58.517559,107.32255,False,0.92264438,False,True,False,0.67058009,1.8340231,58.517559,107.32255,0.66102222,1.8128515,57.554824,104.33835,0.91035258,2.3774805,10.571045,25.132453,0.77905242,1.643267,12.608491,20.719117,0.62084547,1.7340848,22.57546,39.147762,0.63398646,1.5874098,30.95449,49.137461,0.62698149,1.8089543,29.326607,53.050492,0.73134641,2.1156486,28.73503,60.793228
0b_baseline_best,file,13,baseline,6388,110.Geococcyx/Geococcyx_0107_104534.jpg,110,109,110.Geococcyx,71,70,identity,identity,0,{},0.0029312286,0.0029312286,0,0.99707305,0.99707305,0.0003809834,0.0003809834,0.99669207,0.99669207,0,1,1,0.40549793,0.40549793,False,1,True,True,True,1,1,0.40549793,0.40549793,1,1,0.39462103,0.39462103,1,1,0.093288869,0.093288869,1,1,0.054437901,0.054437901,1,1,0.18423258,0.18423258,1,1,0.20484264,0.20484264,1,1,0.18486142,0.18486142,1,1,0.20660682,0.20660682
0b_baseline_best,file,13,baseline,6388,110.Geococcyx/Geococcyx_0107_104534.jpg,110,109,110.Geococcyx,71,70,horizontal_flip,horizontal_flip,0,"{""flipped"":true}",0.0029312286,0.00159006,-0.0013411687,0.99707305,0.99841118,0.0003809834,0.00011557795,0.99669207,0.9982956,0.0016035297,0.74991838,0.56601749,0.40549793,0.22951892,False,0.97910357,True,True,True,0.74991838,0.56601749,0.40549793,0.22951892,0.73738721,0.56539081,0.39462103,0.22311511,0.96974159,0.57711606,0.093288869,0.053838505,0.70876718,0.50755572,0.054437901,0.027630268,0.82375426,0.54059202,0.18423258,0.099594662,0.72842362,0.56261443,0.20484264,0.11524743,0.64587863,0.55425853,0.18486142,0.10246102,0.7552894,0.59903281,0.20660682,0.12376426
0b_baseline_best,file,13,baseline,6388,110.Geococcyx/Geococcyx_0107_104534.jpg,110,109,110.Geococcyx,71,70,color_jitter,color_jitter,0,"{""brightness"":0.735807,""contrast"":0.789395,""hue"":-0.088327,""saturation"":0.910334}",0.0029312286,0.076529734,0.073598505,0.99707305,0.92632538,0.0003809834,0.0018184492,0.99669207,0.92450693,-0.072185139,0.66999684,38.419746,0.40549793,15.579128,False,0.92842817,True,True,True,0.66999684,38.419746,0.40549793,15.579128,0.66520512,39.10596,0.39462103,15.432035,0.91146597,22.894193,0.093288869,2.1357733,0.41476423,45.77357,0.054437901,2.4918171,0.69124979,42.807498,0.18423258,7.8865358,0.69978182,47.833717,0.20484264,9.798385,0.61461143,35.83954,0.18486142,6.6253483,0.73814359,26.438485,0.20660682,5.4623714
0b_baseline_best,file,13,baseline,6388,110.Geococcyx/Geococcyx_0107_104534.jpg,110,109,110.Geococcyx,71,70,rotation,rotation,0,"{""angle"":-9.451384}",0.0029312286,0.037036072,0.034104844,0.99707305,0.96364135,0.0003809834,0.004601568,0.99669207,0.95903978,-0.037652293,0.70054004,16.000553,0.40549793,6.4881911,False,0.9280864,True,True,True,0.70054004,16.000553,0.40549793,6.4881911,0.69369218,16.224344,0.39462103,6.4024675,0.92221406,11.268288,0.093288869,1.0512059,0.55638616,20.043924,0.054437901,1.0911492,0.71732348,16.954254,0.18423258,3.123526,0.6759594,17.521211,0.20484264,3.5890912,0.68257653,16.799941,0.18486142,3.1056611,0.73781888,13.270966,0.20660682,2.7418721
0b_baseline_best,file,13,baseline,6388,110.Geococcyx/Geococcyx_0107_104534.jpg,110,109,110.Geococcyx,71,70,random_resized_crop,random_resized_crop,0,"{""area_fraction"":0.71338,""aspect"":1.159082,""fallback"":false,""height"":0.784519,""left"":0.029508,""top"":0.160117,""width"":0.909322}",0.0029312286,0.0059114858,0.0029802572,0.99707305,0.99410594,0.0003809834,0.00082845596,0.99669207,0.99327748,-0.0034145918,0.65305699,1.9732675,0.40549793,0.80015589,False,0.95394605,True,True,True,0.65305699,1.9732675,0.40549793,0.80015589,0.6382375,1.9803585,0.39462103,0.78149112,0.93982059,1.8417735,0.093288869,0.17181697,0.27109909,1.8754408,0.054437901,0.10209506,0.55388516,1.6992391,0.18423258,0.31305521,0.60160416,2.0469476,0.20484264,0.41930215,0.63073516,2.1219819,0.18486142,0.39227259,0.76848795,2.0108861,0.20660682,0.41546279
0b_baseline_best,file,13,baseline,6388,110.Geococcyx/Geococcyx_0107_104534.jpg,110,109,110.Geococcyx,71,70,gaussian_blur,gaussian_blur,0,"{""sigma"":1.944216}",0.0029312286,2.0918674,2.0889362,0.99707305,0.12345638,0.0003809834,0.34635714,0.99669207,-0.22290076,-1.2195928,0.31913871,400.12719,0.40549793,162.25075,False,0.74819565,False,True,False,0.31913871,400.12719,0.40549793,162.25075,0.3073754,407.13517,0.39462103,160.6641,0.7145452,242.63551,0.093288869,22.635192,-0.15106746,588.85082,0.054437901,32.055803,0.12422148,452.69375,0.18423258,83.400937,0.39158509,447.16521,0.20484264,91.598503,0.35409552,395.38381,0.18486142,73.091214,0.43185709,309.80686,0.20660682,64.00821
0b_baseline_best,file,13,baseline,6388,110.Geococcyx/Geococcyx_0107_104534.jpg,110,109,110.Geococcyx,71,70,random_erasing,random_erasing,0,"{""area_fraction"":0.179874,""erased"":true,""height"":0.508421,""left"":0.506738,""top"":0.461931,""width"":0.353789}",0.0029312286,0.24143943,0.2385082,0.99707305,0.78549635,0.0003809834,0.016212158,0.99669207,0.7692842,-0.22740787,0.7281214,81.027346,0.40549793,32.856422,False,0.93671101,True,True,True,0.7281214,81.027346,0.40549793,32.856422,0.72040044,81.922102,0.39462103,32.328185,0.93254973,62.900922,0.093288869,5.8679559,0.75796128,76.1743,0.054437901,4.146769,0.72617888,85.461164,0.18423258,15.744731,0.71633392,92.405549,0.20484264,18.928597,0.69167987,79.953224,0.18486142,14.780267,0.76231452,69.007025,0.20660682,14.257322
0b_baseline_best,file,13,baseline,5211,090.Red_breasted_Merganser/Red_Breasted_Merganser_0081_79396.jpg,90,89,090.Red_breasted_Merganser,25,24,identity,identity,0,{},0.00072822277,0.00072822277,0,0.99927205,0.99927205,0.00010626133,0.00010626133,0.99916579,0.99916579,0,1,1,0.11111726,0.11111726,False,1.0000001,True,True,True,1,1,0.11111726,0.11111726,1,1,0.10895498,0.10895498,1,1,0.021814167,0.021814167,1,1,0.015827363,0.015827363,1,1,0.045982767,0.045982767,1,1,0.051185124,0.051185124,1,1,0.054701628,0.054701628,1,1,0.062402589,0.062402589
0b_baseline_best,file,13,baseline,5211,090.Red_breasted_Merganser/Red_Breasted_Merganser_0081_79396.jpg,90,89,090.Red_breasted_Merganser,25,24,horizontal_flip,horizontal_flip,0,"{""flipped"":true}",0.00072822277,0.00073477445,6.5516797e-06,0.99927205,0.99926549,0.00010626133,9.4841162e-05,0.99916579,0.99917065,4.8636575e-06,0.63679298,0.92388685,0.11111726,0.10265978,False,0.98696899,True,True,True,0.63679298,0.92388685,0.11111726,0.10265978,0.62169381,0.92015515,0.10895498,0.10025549,0.98189579,1.0125399,0.021814167,0.022087715,0.2442079,1.1483381,0.015827363,0.018175164,0.56256891,0.89241733,0.045982767,0.041035818,0.52450952,0.84513999,0.051185124,0.043258595,0.59731645,0.91359436,0.054701628,0.049975099,0.75803883,0.97054637,0.062402589,0.060564606
0b_baseline_best,file,13,baseline,5211,090.Red_breasted_Merganser/Red_Breasted_Merganser_0081_79396.jpg,90,89,090.Red_breasted_Merganser,25,24,color_jitter,color_jitter,0,"{""brightness"":0.692614,""contrast"":1.335003,""hue"":0.04763,""saturation"":1.257185}",0.00072822277,0.85354668,0.85281846,0.99927205,0.42590171,0.00010626133,0.033092402,0.99916579,0.39280931,-0.60635648,0.56966553,899.82032,0.11111726,99.985572,False,0.83391511,True,True,True,0.56966553,899.82032,0.11111726,99.985572,0.56321087,906.13298,0.10895498,98.727704,0.78480678,724.7569,0.021814167,15.809968,0.4186219,1579.8143,0.015827363,25.004294,0.54396708,919.09951,0.045982767,42.262738,0.56034719,1030.7033,0.051185124,52.756674,0.59348947,925.0653,0.054701628,50.602578,0.6030891,715.20928,0.062402589,44.630911
0b_baseline_best,file,13,baseline,5211,090.Red_breasted_Merganser/Red_Breasted_Merganser_0081_79396.jpg,90,89,090.Red_breasted_Merganser,25,24,rotation,rotation,0,"{""angle"":-12.263558}",0.00072822277,0.0077862805,0.0070580577,0.99927205,0.99224395,0.00010626133,0.0009444668,0.99916579,0.99129948,-0.0078663083,0.74453133,11.176584,0.11111726,1.2419114,False,0.94479871,True,True,True,0.74453133,11.176584,0.11111726,1.2419114,0.73836999,11.24186,0.10895498,1.2248567,0.93982938,9.4025905,0.021814167,0.20510968,0.66348422,14.752479,0.015827363,0.23349284,0.78419306,11.221309,0.045982767,0.51598683,0.6881393,11.732619,0.051185124,0.60053556,0.7067724,11.762081,0.054701628,0.643405,0.79211211,10.196969,0.062402589,0.63631725
0b_baseline_best,file,13,baseline,5211,090.Red_breasted_Merganser/Red_Breasted_Merganser_0081_79396.jpg,90,89,090.Red_breasted_Merganser,25,24,random_resized_crop,random_resized_crop,0,"{""area_fraction"":0.877207,""aspect"":1.00423,""fallback"":false,""height"":0.934619,""left"":0.048777,""top"":0.032366,""width"":0.938572}",0.00072822277,0.00038675935,-0.00034146343,0.99927205,0.99961334,0.00010626133,4.0686977e-05,0.99916579,0.99957266,0.00040687055,0.81711927,0.50397604,0.11111726,0.056000438,False,0.98804468,True,True,True,0.81711927,0.50397604,0.11111726,0.056000438,0.80992144,0.50195542,0.10895498,0.054690544,0.98394089,0.55199557,0.021814167,0.012041323,0.6842915,0.52329571,0.015827363,0.0082823911,0.77010913,0.47645981,0.045982767,0.02190894,0.75189748,0.4937544,0.051185124,0.02527288,0.7923105,0.48969152,0.054701628,0.026786924,0.88835162,0.52814349,0.062402589,0.032957521
0b_baseline_best,file,13,baseline,5211,090.Red_breasted_Merganser/Red_Breasted_Merganser_0081_79396.jpg,90,89,090.Red_breasted_Merganser,25,24,gaussian_blur,gaussian_blur,0,"{""sigma"":1.84761}",0.00072822277,0.09463872,0.093910497,0.99927205,0.90970153,0.00010626133,0.025182692,0.99916579,0.88451883,-0.11464695,0.38789928,215.84794,0.11111726,23.984432,False,0.87182415,True,True,True,0.38789928,215.84794,0.11111726,23.984432,0.37905246,218.54503,0.10895498,23.81157,0.80339413,131.76704,0.021814167,2.8743883,0.50684454,525.91772,0.015827363,8.3238905,0.27871421,228.37482,0.045982767,10.501306,0.31348908,252.69315,0.051185124,12.93413,0.42673214,222.156,0.054701628,12.152295,0.54753494,136.40663,0.062402589,8.5121267
0b_baseline_best,file,13,baseline,5211,090.Red_breasted_Merganser/Red_Breasted_Merganser_0081_79396.jpg,90,89,090.Red_breasted_Merganser,25,24,random_erasing,random_erasing,0,"{""area_fraction"":0.086478,""erased"":true,""height"":0.245297,""left"":0.177003,""top"":0.180737,""width"":0.352544}",0.00072822277,0.0025003857,0.001772163,0.99927205,0.99750274,0.00010626133,0.00036258777,0.99916579,0.99714016,-0.0020256307,0.86809931,3.7481256,0.11111726,0.41648146,False,0.98402941,True,True,True,0.86809931,3.7481256,0.11111726,0.41648146,0.86458091,3.7679119,0.10895498,0.41053277,0.98153141,3.2153519,0.021814167,0.070140224,0.69837148,5.504762,0.015827363,0.087125865,0.85716996,4.0226844,0.045982767,0.18497416,0.84961589,4.0606398,0.051185124,0.20784435,0.86535435,3.6508266,0.054701628,0.19970616,0.91479642,3.3479922,0.062402589,0.20892338
0b_baseline_best,file,13,baseline,7367,126.Nelson_Sharp_tailed_Sparrow/Nelson_Sharp_Tailed_Sparrow_0074_796901.jpg,126,125,126.Nelson_Sharp_tailed_Sparrow,128,127,identity,identity,0,{},3.465199,3.465199,0,0.031266786,0.031266786,0.85069704,0.85069704,-0.81943025,-0.81943025,0,1,1,183.20829,183.20829,False,1,True,False,False,1,1,183.20829,183.20829,1,1,179.39121,179.39121,1,1,37.203111,37.203111,1,1,24.946149,24.946149,1,1,88.290352,88.290352,1,1,101.72791,101.72791,1,1,84.033284,84.033284,1,1,79.709166,79.709166
0b_baseline_best,file,13,baseline,7367,126.Nelson_Sharp_tailed_Sparrow/Nelson_Sharp_Tailed_Sparrow_0074_796901.jpg,126,125,126.Nelson_Sharp_tailed_Sparrow,128,127,horizontal_flip,horizontal_flip,0,"{""flipped"":true}",3.465199,3.4110641,-0.054134846,0.031266786,0.033006057,0.85069704,0.9433912,-0.81943025,-0.91038515,-0.090954892,0.74866275,0.92908629,183.20829,170.21631,False,0.95927131,True,False,False,0.74866275,0.92908629,183.20829,170.21631,0.73854331,0.92157465,179.39121,165.32239,0.95770675,1.0892322,37.203111,40.522826,0.53527034,0.82425454,24.946149,20.561977,0.65881203,0.84388736,88.290352,74.507112,0.76895699,0.88986133,101.72791,90.523731,0.72976692,0.9618593,84.033284,80.828195,0.80998914,1.0214966,79.709166,81.422642
0b_baseline_best,file,13,baseline,7367,126.Nelson_Sharp_tailed_Sparrow/Nelson_Sharp_Tailed_Sparrow_0074_796901.jpg,126,125,126.Nelson_Sharp_tailed_Sparrow,128,127,color_jitter,color_jitter,0,"{""brightness"":1.243766,""contrast"":1.050318,""hue"":-0.069495,""saturation"":0.733363}",3.465199,3.300797,-0.16440201,0.031266786,0.036853783,0.85069704,0.69328064,-0.81943025,-0.65642685,0.1630034,0.7573243,0.73140721,183.20829,133.99987,False,0.90583217,True,False,False,0.7573243,0.73140721,183.20829,133.99987,0.75052101,0.72471571,179.39121,130.00763,0.90114572,0.87264378,37.203111,32.465064,0.57705539,0.8540595,24.946149,21.305496,0.62246213,0.63622043,88.290352,56.172126,0.82775376,0.71332675,101.72791,72.565238,0.77916555,0.74688612,84.033284,62.763293,0.76333387,0.80211561,79.709166,63.935967
0b_baseline_best,file,13,baseline,7367,126.Nelson_Sharp_tailed_Sparrow/Nelson_Sharp_Tailed_Sparrow_0074_796901.jpg,126,125,126.Nelson_Sharp_tailed_Sparrow,128,127,rotation,rotation,0,"{""angle"":-0.534034}",3.465199,3.0298591,-0.43533993,0.031266786,0.048322447,0.85069704,0.68846941,-0.81943025,-0.64014696,0.17928329,0.87788609,0.90575453,183.20829,165.94174,False,0.98482758,True,False,False,0.87788609,0.90575453,183.20829,165.94174,0.87409701,0.90906314,179.39121,163.07794,0.97892321,0.82509363,37.203111,30.69605,0.80295393,0.89757365,24.946149,22.391007,0.84190526,0.94670092,88.290352,83.584558,0.88567864,0.94115138,101.72791,95.741361,0.88323957,0.87987769,84.033284,73.939012,0.89961112,0.83908398,79.709166,66.882685
0b_baseline_best,file,13,baseline,7367,126.Nelson_Sharp_tailed_Sparrow/Nelson_Sharp_Tailed_Sparrow_0074_796901.jpg,126,125,126.Nelson_Sharp_tailed_Sparrow,128,127,random_resized_crop,random_resized_crop,0,"{""area_fraction"":0.65423,""aspect"":0.999634,""fallback"":false,""height"":0.808993,""left"":0.025923,""top"":0.17572,""width"":0.808697}",3.465199,3.6843605,0.21916151,0.031266786,0.025113229,0.85069704,0.91576052,-0.81943025,-0.89064729,-0.071217034,0.73595277,0.93192468,183.20829,170.73633,False,0.94554079,True,False,False,0.73595277,0.93192468,183.20829,170.73633,0.72598776,0.92612467,179.39121,166.13863,0.94500948,1.0578535,37.203111,39.355441,0.66025848,0.99597683,24.946149,24.845787,0.70112125,0.86214216,88.290352,76.118834,0.7628993,0.99173359,101.72791,100.88698,0.68393804,0.89908477,84.033284,75.553045,0.74830743,0.91369662,79.709166,72.829996
0b_baseline_best,file,13,baseline,7367,126.Nelson_Sharp_tailed_Sparrow/Nelson_Sharp_Tailed_Sparrow_0074_796901.jpg,126,125,126.Nelson_Sharp_tailed_Sparrow,128,127,gaussian_blur,gaussian_blur,0,"{""sigma"":1.081895}",3.465199,1.6413546,-1.8238444,0.031266786,0.19371748,0.85069704,0.15036166,-0.81943025,0.043355823,0.86278608,0.56493136,0.68187006,183.20829,124.92425,False,0.85823029,False,False,False,0.56493136,0.68187006,183.20829,124.92425,0.55981536,0.68429568,179.39121,122.75663,0.69803731,0.62281396,37.203111,23.170617,0.4261093,0.70725252,24.946149,17.643227,0.54362835,0.54589686,88.290352,48.197426,0.65005132,0.75540728,101.72791,76.846002,0.53883372,0.73312978,84.033284,61.607302,0.46924938,0.65599834,79.709166,52.28908
0b_baseline_best,file,13,baseline,7367,126.Nelson_Sharp_tailed_Sparrow/Nelson_Sharp_Tailed_Sparrow_0074_796901.jpg,126,125,126.Nelson_Sharp_tailed_Sparrow,128,127,random_erasing,random_erasing,0,"{""area_fraction"":0.066735,""erased"":true,""height"":0.395615,""left"":0.419033,""top"":0.549208,""width"":0.168686}",3.465199,2.9539974,-0.51120162,0.031266786,0.0521309,0.85069704,0.78581876,-0.81943025,-0.73368786,0.085742399,0.87996572,0.91771528,183.20829,168.13305,False,0.95398521,True,False,False,0.87996572,0.91771528,183.20829,168.13305,0.87673919,0.91679447,179.39121,164.46487,0.95346081,0.93887062,37.203111,34.928908,0.8886147,0.9824241,24.946149,24.507698,0.90999813,0.90461521,88.290352,79.868795,0.89090765,0.892338,101.72791,90.775677,0.82891435,0.91274535,84.033284,76.700989,0.86831889,0.96737766,79.709166,77.108867
0b_baseline_best,file,13,baseline,290,006.Least_Auklet/Least_Auklet_0026_795066.jpg,6,5,006.Least_Auklet,7,6,identity,identity,0,{},0.38267913,0.38267913,0,0.68203169,0.68203169,0.22748438,0.22748438,0.45454732,0.45454732,0,1,1,52.471185,52.471185,False,1,True,True,True,1,1,52.471185,52.471185,1,1,51.589481,51.589481,1,1,9.5786551,9.5786551,1,1,8.8032851,8.8032851,1,1,23.951521,23.951521,1,1,27.864271,27.864271,1,1,26.171962,26.171962,1,1,23.428876,23.428876
0b_baseline_best,file,13,baseline,290,006.Least_Auklet/Least_Auklet_0026_795066.jpg,6,5,006.Least_Auklet,7,6,horizontal_flip,horizontal_flip,0,"{""flipped"":true}",0.38267913,0.038141366,-0.34453777,0.68203169,0.96257687,0.22748438,0.031983871,0.45454732,0.930593,0.47604568,0.63147542,0.12940633,52.471185,6.7901032,False,0.94575393,True,True,True,0.63147542,0.12940633,52.471185,6.7901032,0.61928068,0.12864065,51.589481,6.6365042,0.94212618,0.14992458,9.5786551,1.4360759,0.4185851,0.12087023,8.8032851,1.0640551,0.54399387,0.1091905,23.951521,2.6152785,0.59630547,0.13569604,27.864271,3.7810713,0.64226556,0.12587161,26.171962,3.2943071,0.72102315,0.14106078,23.428876,3.3048954
0b_baseline_best,file,13,baseline,290,006.Least_Auklet/Least_Auklet_0026_795066.jpg,6,5,006.Least_Auklet,7,6,color_jitter,color_jitter,0,"{""brightness"":0.662184,""contrast"":1.306548,""hue"":-0.0216,""saturation"":0.750981}",0.38267913,0.68852967,0.30585054,0.68203169,0.50231409,0.22748438,0.31092128,0.45454732,0.19139281,-0.26315451,0.86080369,1.4621878,52.471185,76.722725,False,0.98255312,True,True,True,0.86080369,1.4621878,52.471185,76.722725,0.85682765,1.463734,51.589481,75.513278,0.9804231,1.4166009,9.5786551,13.569131,0.64143465,1.3777312,8.8032851,12.12856,0.78744035,1.4219045,23.951521,34.056776,0.85873611,1.4658771,27.864271,40.845597,0.89277098,1.4713154,26.171962,38.50721,0.90759816,1.505497,23.428876,35.272103
0b_baseline_best,file,13,baseline,290,006.Least_Auklet/Least_Auklet_0026_795066.jpg,6,5,006.Least_Auklet,7,6,rotation,rotation,0,"{""angle"":-6.366214}",0.38267913,0.40383253,0.02115339,0.68203169,0.66775596,0.22748438,0.13654923,0.45454732,0.53120673,0.076659411,0.76414531,1.093911,52.471185,57.398807,False,0.96909535,True,True,True,0.76414531,1.093911,52.471185,57.398807,0.75906965,1.0965584,51.589481,56.570879,0.92561116,1.0141131,9.5786551,9.7138392,0.65443098,1.2273622,8.8032851,10.80482,0.77077127,1.0890598,23.951521,26.084638,0.74529471,1.1362361,27.864271,31.66039,0.7675196,1.0792788,26.171962,28.246843,0.77638374,1.0479782,23.428876,24.552951
0b_baseline_best,file,13,baseline,290,006.Least_Auklet/Least_Auklet_0026_795066.jpg,6,5,006.Least_Auklet,7,6,random_resized_crop,random_resized_crop,0,"{""area_fraction"":0.649353,""aspect"":1.047842,""fallback"":false,""height"":0.787213,""left"":0.125622,""top"":0.151153,""width"":0.824875}",0.38267913,0.54855287,0.16587374,0.68203169,0.57778531,0.22748438,0.3755075,0.45454732,0.20227781,-0.25226951,0.73079752,1.517525,52.471185,79.626335,False,0.9582544,True,True,True,0.73079752,1.517525,52.471185,79.626335,0.72273533,1.5141548,51.589481,78.114461,0.95182602,1.6122235,9.5786551,15.442933,0.58119704,1.8059521,8.8032851,15.898311,0.69871272,1.5091965,23.951521,36.147551,0.74084481,1.5246586,27.864271,42.483501,0.73111954,1.5429904,26.171962,40.383085,0.73967662,1.4199995,23.428876,33.268992
0b_baseline_best,file,13,baseline,290,006.Least_Auklet/Least_Auklet_0026_795066.jpg,6,5,006.Least_Auklet,7,6,gaussian_blur,gaussian_blur,0,"{""sigma"":1.83898}",0.38267913,1.4080119,1.0253328,0.68203169,0.24462913,0.22748438,0.20833008,0.45454732,0.03629905,-0.41824827,0.59272456,2.8996626,52.471185,152.14873,False,0.83416849,True,True,True,0.59272456,2.8996626,52.471185,152.14873,0.58835052,2.9191044,51.589481,150.59508,0.77503125,2.2641751,9.5786551,21.687752,0.38771499,4.1236001,8.8032851,36.301227,0.51920103,3.2000491,23.951521,76.646043,0.65673669,2.9720877,27.864271,82.815059,0.6154503,2.7637505,26.171962,72.332773,0.59570573,2.4873679,23.428876,58.276234
0b_baseline_best,file,13,baseline,290,006.Least_Auklet/Least_Auklet_0026_795066.jpg,6,5,006.Least_Auklet,7,6,random_erasing,random_erasing,0,"{""area_fraction"":0.177175,""erased"":true,""height"":0.676281,""left"":0.10315,""top"":0.300039,""width"":0.261984}",0.38267913,1.8108046,1.4281255,0.68203169,0.16352254,0.22748438,0.65219003,0.45454732,-0.48866749,-0.9432148,0.74196633,2.5050266,52.471185,131.44171,False,0.91636008,False,True,False,0.74196633,2.5050266,52.471185,131.44171,0.73549697,2.4937713,51.589481,128.65237,0.91354708,2.8119781,9.5786551,26.934968,0.43758467,2.415093,8.8032851,21.260752,0.73895837,2.4585037,23.951521,58.884901,0.74494851,2.4702223,27.864271,68.830943,0.74481025,2.5262115,26.171962,66.115912,0.74779852,2.5333949,23.428876,59.354593
0b_baseline_best,file,13,baseline,8666,148.Green_tailed_Towhee/Green_Tailed_Towhee_0064_154771.jpg,148,147,148.Green_tailed_Towhee,174,173,identity,identity,0,{},0.022110034,0.022110034,0,0.97813261,0.97813261,0.0035124009,0.0035124009,0.9746202,0.9746202,0,1,1,3.2140424,3.2140424,False,1,True,True,True,1,1,3.2140424,3.2140424,1,1,3.1529,3.1529,1,1,0.62393135,0.62393135,1,1,0.60319306,0.60319306,1,1,1.3150112,1.3150112,1,1,1.7410698,1.7410698,1,1,1.5408429,1.5408429,1,1,1.5627415,1.5627415
0b_baseline_best,file,13,baseline,8666,148.Green_tailed_Towhee/Green_Tailed_Towhee_0064_154771.jpg,148,147,148.Green_tailed_Towhee,174,173,horizontal_flip,horizontal_flip,0,"{""flipped"":true}",0.022110034,0.012481906,-0.0096281283,0.97813261,0.98759568,0.0035124009,0.0011748133,0.9746202,0.98642086,0.011800659,0.62007254,0.52341032,3.2140424,1.682263,False,0.96712315,True,True,True,0.62007254,0.52341032,3.2140424,1.682263,0.60489339,0.5199578,3.1529,1.6393749,0.9600397,0.60493324,0.62393135,0.37743681,0.63926547,0.49481128,0.60319306,0.29846673,0.49497438,0.43736014,1.3150112,0.57513349,0.59342712,0.49348509,1.7410698,0.85919202,0.56784289,0.52123979,1.5408429,0.80314862,0.71219299,0.60178969,1.5627415,0.94044171
0b_baseline_best,file,13,baseline,8666,148.Green_tailed_Towhee/Green_Tailed_Towhee_0064_154771.jpg,148,147,148.Green_tailed_Towhee,174,173,color_jitter,color_jitter,0,"{""brightness"":0.809038,""contrast"":0.848749,""hue"":-0.018586,""saturation"":1.224494}",0.022110034,0.0076171188,-0.014492915,0.97813261,0.99241179,0.0035124009,0.0010722545,0.9746202,0.99133954,0.016719333,0.82792216,0.34942202,3.2140424,1.1230572,False,0.9818269,True,True,True,0.82792216,0.34942202,3.2140424,1.1230572,0.82198069,0.34922762,3.1529,1.1010798,0.97753259,0.35435006,0.62393135,0.22109011,0.77845692,0.45261907,0.60319306,0.27301668,0.6903015,0.39005785,1.3150112,0.51293045,0.84965467,0.32232032,1.7410698,0.56118219,0.85303315,0.32688465,1.5408429,0.50367788,0.88774471,0.35404753,1.5627415,0.55328475
0b_baseline_best,file,13,baseline,8666,148.Green_tailed_Towhee/Green_Tailed_Towhee_0064_154771.jpg,148,147,148.Green_tailed_Towhee,174,173,rotation,rotation,0,"{""angle"":7.028396}",0.022110034,0.25272828,0.23061825,0.97813261,0.77667886,0.0035124009,0.047100507,0.9746202,0.72957835,-0.24504185,0.71297521,9.241513,3.2140424,29.702615,False,0.94686389,True,True,True,0.71297521,9.241513,3.2140424,29.702615,0.70370167,9.2277299,3.1529,29.09411,0.94141168,9.5867602,0.62393135,5.9814803,0.64331861,9.5506413,0.60319306,5.7608805,0.60019267,7.9437603,1.3150112,10.446134,0.73530778,9.0437653,1.7410698,15.745827,0.68638473,9.6887302,1.5408429,14.928811,0.75919577,9.7751525,1.5627415,15.276036
0b_baseline_best,file,13,baseline,8666,148.Green_tailed_Towhee/Green_Tailed_Towhee_0064_154771.jpg,148,147,148.Green_tailed_Towhee,174,173,random_resized_crop,random_resized_crop,0,"{""area_fraction"":0.640822,""aspect"":1.200083,""fallback"":false,""height"":0.73074,""left"":0.021258,""top"":0.026548,""width"":0.876949}",0.022110034,0.046058882,0.023948848,0.97813261,0.95498574,0.0035124009,0.001848311,0.9746202,0.95313743,-0.021482778,0.65731668,2.25183,3.2140424,7.2374773,False,0.93784106,True,True,True,0.65731668,2.25183,3.2140424,7.2374773,0.64768157,2.2578088,3.1529,7.1186453,0.92449471,2.0933819,0.62393135,1.3061266,0.70138769,2.1751948,0.60319306,1.3120624,0.53426685,2.4353825,1.3150112,3.2025553,0.69854698,2.3832735,1.7410698,4.1494456,0.62563806,2.1823091,1.5408429,3.3625955,0.69087977,2.0409029,1.5627415,3.1894036
0b_baseline_best,file,13,baseline,8666,148.Green_tailed_Towhee/Green_Tailed_Towhee_0064_154771.jpg,148,147,148.Green_tailed_Towhee,174,173,gaussian_blur,gaussian_blur,0,"{""sigma"":1.296788}",0.022110034,0.10898323,0.0868732,0.97813261,0.89674544,0.0035124009,0.0049935868,0.9746202,0.89175186,-0.082868348,0.57922571,5.9259207,3.2140424,19.04616,False,0.93657595,True,True,True,0.57922571,5.9259207,3.2140424,19.04616,0.56929117,5.958951,3.1529,18.787976,0.88947893,5.0092159,0.62393135,3.1254069,0.23698392,8.0553253,0.60319306,4.8589163,0.45128629,6.7700562,1.3150112,8.9026999,0.60641616,6.4715228,1.7410698,11.267373,0.61366113,5.532468,1.5408429,8.5246638,0.70132423,4.5472317,1.5627415,7.1061477
0b_baseline_best,file,13,baseline,8666,148.Green_tailed_Towhee/Green_Tailed_Towhee_0064_154771.jpg,148,147,148.Green_tailed_Towhee,174,173,random_erasing,random_erasing,0,"{""area_fraction"":0.182249,""erased"":true,""height"":0.295922,""left"":0.304748,""top"":0.583861,""width"":0.615866}",0.022110034,0.027372425,0.0052623916,0.97813261,0.9729988,0.0035124009,0.00076944375,0.9746202,0.97222935,-0.0023908505,0.86728939,1.2559332,3.2140424,4.0366227,False,0.96694374,True,True,True,0.86728939,1.2559332,3.2140424,4.0366227,0.86373193,1.2557857,3.1529,3.9593667,0.95785352,1.2596953,0.62393135,0.78596336,0.83524242,1.3016442,0.60319306,0.78514276,0.86887493,1.3025195,1.3150112,1.7128278,0.88220724,1.2521357,1.7410698,2.1800557,0.85119358,1.2081873,1.5408429,1.8616268,0.85442451,1.2650084,1.5627415,1.9768812
0b_baseline_best,file,13,baseline,5144,088.Western_Meadowlark/Western_Meadowlark_0069_78587.jpg,88,87,088.Western_Meadowlark,194,193,identity,identity,0,{},1.6494603,1.6494603,0,0.19215359,0.19215359,0.39972827,0.39972827,-0.20757468,-0.20757468,0,1,1,113.10309,113.10309,False,1,True,False,False,1,1,113.10309,113.10309,1,1,110.08771,110.08771,1,1,25.942336,25.942336,1,1,22.90313,22.90313,1,1,41.636097,41.636097,1,1,55.081821,55.081821,1,1,54.860963,54.860963,1,1,61.785546,61.785546
0b_baseline_best,file,13,baseline,5144,088.Western_Meadowlark/Western_Meadowlark_0069_78587.jpg,88,87,088.Western_Meadowlark,194,193,horizontal_flip,horizontal_flip,0,"{""flipped"":true}",1.6494603,1.2877079,-0.36175239,0.19215359,0.27590245,0.39972827,0.50362253,-0.20757468,-0.22772008,-0.020145401,0.645968,0.97731536,113.10309,110.53739,False,0.98154712,True,False,False,0.645968,0.97731536,113.10309,110.53739,0.62685087,0.97365737,110.08771,107.18771,0.9693213,1.04099,25.942336,27.005711,0.53719016,0.86412577,22.90313,19.791185,0.29694286,0.87619346,41.636097,36.481276,0.56950471,0.9911342,55.081821,54.593477,0.64230821,0.98059745,54.860963,53.79652,0.80270511,1.0097319,61.785546,62.386838
0b_baseline_best,file,13,baseline,5144,088.Western_Meadowlark/Western_Meadowlark_0069_78587.jpg,88,87,088.Western_Meadowlark,194,193,color_jitter,color_jitter,0,"{""brightness"":0.791624,""contrast"":1.274085,""hue"":0.098883,""saturation"":1.253763}",1.6494603,2.9806066,1.3311462,0.19215359,0.050762042,0.39972827,0.1418516,-0.20757468,-0.091089562,0.11648512,0.5314266,1.0960667,113.10309,123.96853,False,0.83229029,False,False,False,0.5314266,1.0960667,113.10309,123.96853,0.51917137,1.0972024,110.08771,120.7885,0.75668918,1.0754103,25.942336,27.898655,0.62620681,1.1193694,22.90313,25.637063,0.360362,1.0008304,41.636097,41.670673,0.49039041,1.1176019,55.081821,61.559547,0.55520359,1.1487003,54.860963,63.018804,0.56585682,1.0778794,61.785546,66.597369
0b_baseline_best,file,13,baseline,5144,088.Western_Meadowlark/Western_Meadowlark_0069_78587.jpg,88,87,088.Western_Meadowlark,194,193,rotation,rotation,0,"{""angle"":-11.980959}",1.6494603,2.0365019,0.38704157,0.19215359,0.13048437,0.39972827,0.49708173,-0.20757468,-0.36659735,-0.15902267,0.7796963,1.0434194,113.10309,118.01395,False,0.95939541,True,False,False,0.7796963,1.0434194,113.10309,118.01395,0.76980228,1.0397676,110.08771,114.46564,0.94847693,1.1071194,25.942336,28.721264,0.73536113,0.82043286,22.90313,18.790481,0.7061574,0.88836339,41.636097,36.987984,0.74266452,1.0101727,55.081821,55.642153,0.76601626,1.0987866,54.860963,60.280493,0.82752843,1.1038372,61.785546,68.201186
0b_baseline_best,file,13,baseline,5144,088.Western_Meadowlark/Western_Meadowlark_0069_78587.jpg,88,87,088.Western_Meadowlark,194,193,random_resized_crop,random_resized_crop,0,"{""area_fraction"":0.549307,""aspect"":0.942449,""fallback"":false,""height"":0.763447,""left"":0.27066,""top"":0.013168,""width"":0.719509}",1.6494603,4.120317,2.4708567,0.19215359,0.016239362,0.39972827,0.12018906,-0.20757468,-0.1039497,0.10362498,0.61976452,0.92662795,113.10309,104.80448,False,0.87531555,False,False,False,0.61976452,0.92662795,113.10309,104.80448,0.60813786,0.92383884,110.08771,101.7033,0.81891521,0.97548978,25.942336,25.306483,0.62238676,0.72276761,22.90313,16.553641,0.61155925,1.0035807,41.636097,41.785182,0.61704103,0.97907689,55.081821,53.929338,0.55396914,0.85369455,54.860963,46.834505,0.64233903,0.91866077,61.785546,56.759958
0b_baseline_best,file,13,baseline,5144,088.Western_Meadowlark/Western_Meadowlark_0069_78587.jpg,88,87,088.Western_Meadowlark,194,193,gaussian_blur,gaussian_blur,0,"{""sigma"":1.064194}",1.6494603,1.4961319,-0.15332842,0.19215359,0.22399494,0.39972827,0.42610094,-0.20757468,-0.202106,0.0054686815,0.819688,0.97530706,113.10309,110.31024,False,0.97326326,True,False,False,0.819688,0.97530706,113.10309,110.31024,0.81104466,0.97373259,110.08771,107.19599,0.97110319,1.0032369,25.942336,26.026308,0.65090139,0.83237995,22.90313,19.064106,0.70292297,0.86531916,41.636097,36.028512,0.78911965,0.96814171,55.081821,53.327009,0.82871845,1.0003356,54.860963,54.879371,0.87793398,1.0202943,61.785546,63.039443
0b_baseline_best,file,13,baseline,5144,088.Western_Meadowlark/Western_Meadowlark_0069_78587.jpg,88,87,088.Western_Meadowlark,194,193,random_erasing,random_erasing,0,"{""area_fraction"":0.198571,""erased"":true,""height"":0.370745,""left"":0.3594,""top"":0.295862,""width"":0.5356}",1.6494603,1.2927147,-0.3567456,0.19215359,0.27452451,0.39972827,0.059895776,-0.20757468,0.21462873,0.42220341,0.61315126,0.91589529,113.10309,103.59059,False,0.94117761,False,False,True,0.61315126,0.91589529,113.10309,103.59059,0.60054322,0.9197153,110.08771,101.24935,0.8626623,0.84415214,25.942336,21.899278,0.59939627,0.6767043,22.90313,15.498647,0.65236548,1.0265169,41.636097,42.740157,0.54281133,1.0557978,55.081821,58.155263,0.63303022,0.8771823,54.860963,48.123065,0.61996961,0.80708522,61.785546,49.866201
0b_baseline_best,file,13,baseline,3275,057.Rose_breasted_Grosbeak/Rose_Breasted_Grosbeak_0017_39161.jpg,57,56,057.Rose_breasted_Grosbeak,68,67,identity,identity,0,{},0.7632122,0.7632122,0,0.46616659,0.46616659,0.21399453,0.21399453,0.25217205,0.25217205,0,1,1,101.96929,101.96929,False,1,True,True,True,1,1,101.96929,101.96929,1,1,100.80142,100.80142,1,1,15.388641,15.388641,1,1,20.474159,20.474159,1,1,40.792326,40.792326,1,1,51.485061,51.485061,1,1,55.170768,55.170768,1,1,48.817993,48.817993
0b_baseline_best,file,13,baseline,3275,057.Rose_breasted_Grosbeak/Rose_Breasted_Grosbeak_0017_39161.jpg,57,56,057.Rose_breasted_Grosbeak,68,67,horizontal_flip,horizontal_flip,0,"{""flipped"":true}",0.7632122,1.4791522,0.71594,0.46616659,0.22783077,0.21399453,0.47706339,0.25217205,-0.24923262,-0.50140467,0.74342609,1.7485594,101.96929,178.29937,False,0.96922988,False,True,False,0.74342609,1.7485594,101.96929,178.29937,0.73889958,1.7508076,100.80142,176.4839,0.95091231,1.649208,15.388641,25.37907,0.70383576,1.8746542,20.474159,38.381968,0.66937795,1.8440865,40.792326,75.22458,0.72662047,1.8541474,51.485061,95.460892,0.75565101,1.6934454,55.170768,93.428681,0.80080601,1.6094096,48.817993,78.568145
0b_baseline_best,file,13,baseline,3275,057.Rose_breasted_Grosbeak/Rose_Breasted_Grosbeak_0017_39161.jpg,57,56,057.Rose_breasted_Grosbeak,68,67,color_jitter,color_jitter,0,"{""brightness"":1.271146,""contrast"":1.321371,""hue"":0.031324,""saturation"":0.965167}",0.7632122,2.9502959,2.1870837,0.46616659,0.052324221,0.21399453,0.18195297,0.25217205,-0.12962875,-0.3818008,0.62151238,1.6290023,101.96929,166.10822,False,0.946594,False,True,False,0.62151238,1.6290023,101.96929,166.10822,0.61500726,1.6240095,100.80142,163.70246,0.87349201,1.8304487,15.388641,28.168117,0.28124192,1.8566421,20.474159,38.013186,0.57920856,1.6421227,40.792326,66.986004,0.57502837,1.7149405,51.485061,88.293816,0.63423995,1.546265,55.170768,85.308629,0.7395454,1.5590936,48.817993,76.111821
0b_baseline_best,file,13,baseline,3275,057.Rose_breasted_Grosbeak/Rose_Breasted_Grosbeak_0017_39161.jpg,57,56,057.Rose_breasted_Grosbeak,68,67,rotation,rotation,0,"{""angle"":3.200788}",0.7632122,1.0127122,0.24950004,0.46616659,0.36323249,0.21399453,0.34976563,0.25217205,0.013466865,-0.23870519,0.86925481,1.2876606,101.96929,131.30184,False,0.98002166,True,True,True,0.86925481,1.2876606,101.96929,131.30184,0.86698895,1.2886386,100.80142,129.8966,0.97039234,1.2449728,15.388641,19.158438,0.8267723,1.1303677,20.474159,23.143327,0.84061686,1.1919292,40.792326,48.621566,0.86350747,1.3560756,51.485061,69.817636,0.87199622,1.306908,55.170768,72.103119,0.89230879,1.2792567,48.817993,62.450743
0b_baseline_best,file,13,baseline,3275,057.Rose_breasted_Grosbeak/Rose_Breasted_Grosbeak_0017_39161.jpg,57,56,057.Rose_breasted_Grosbeak,68,67,random_resized_crop,random_resized_crop,0,"{""area_fraction"":0.618224,""aspect"":0.86224,""fallback"":false,""height"":0.846757,""left"":0.206728,""top"":0.017644,""width"":0.730108}",0.7632122,1.0084288,0.24521661,0.46616659,0.36479169,0.21399453,0.24411966,0.25217205,0.12067203,-0.13150002,0.7167368,1.3261992,101.96929,135.2316,False,0.94751763,True,True,True,0.7167368,1.3261992,101.96929,135.2316,0.71248553,1.330726,100.80142,134.13908,0.94553065,1.1147818,15.388641,17.154977,0.77584287,1.7989957,20.474159,36.832924,0.67873609,1.3289784,40.792326,54.212119,0.67177635,1.4095769,51.485061,72.572155,0.72541509,1.2854672,55.170768,70.920215,0.77250249,1.1946515,48.817993,58.320487
0b_baseline_best,file,13,baseline,3275,057.Rose_breasted_Grosbeak/Rose_Breasted_Grosbeak_0017_39161.jpg,57,56,057.Rose_breasted_Grosbeak,68,67,gaussian_blur,gaussian_blur,0,"{""sigma"":1.453873}",0.7632122,2.2275677,1.4643555,0.46616659,0.10779028,0.21399453,0.19619338,0.25217205,-0.088403098,-0.34057515,0.62995625,1.8478894,101.96929,188.42798,False,0.89924669,False,True,False,0.62995625,1.8478894,101.96929,188.42798,0.62511633,1.853139,100.80142,186.79905,0.87580218,1.6065642,15.388641,24.722839,0.36701592,2.462786,20.474159,50.423473,0.49610933,2.2409704,40.792326,91.414398,0.62105247,1.8860021,51.485061,97.100932,0.69949644,1.7186907,55.170768,94.821488,0.76203952,1.5294837,48.817993,74.666326
0b_baseline_best,file,13,baseline,3275,057.Rose_breasted_Grosbeak/Rose_Breasted_Grosbeak_0017_39161.jpg,57,56,057.Rose_breasted_Grosbeak,68,67,random_erasing,random_erasing,0,"{""area_fraction"":0.111122,""erased"":true,""height"":0.368988,""left"":0.33416,""top"":0.61616,""width"":0.301154}",0.7632122,1.1475005,0.38428831,0.46616659,0.31742918,0.21399453,0.20685732,0.25217205,0.11057186,-0.14160019,0.92931085,1.2316696,101.96929,125.59248,False,0.97719246,True,True,True,0.92931085,1.2316696,101.96929,125.59248,0.92842126,1.2336488,100.80142,124.35356,0.97310793,1.1435235,15.388641,17.597272,0.92170742,1.2078344,20.474159,24.729394,0.90724024,1.1830733,40.792326,48.260314,0.93065308,1.2638732,51.485061,65.070587,0.93393697,1.2360983,55.170768,68.196495,0.93504214,1.2355693,48.817993,60.318012
0b_baseline_best,file,13,baseline,113,002.Laysan_Albatross/Laysan_Albatross_0029_482.jpg,2,1,002.Laysan_Albatross,45,44,identity,identity,0,{},0.11461149,0.11461149,0,0.89171249,0.89171249,0.031940006,0.031940006,0.85977248,0.85977248,0,1,1,18.559714,18.559714,False,0.99999994,True,True,True,1,1,18.559714,18.559714,1,1,18.231153,18.231153,1,1,3.4767815,3.4767815,1,1,6.1156056,6.1156056,1,1,8.1538406,8.1538406,1,1,9.8420657,9.8420657,1,1,8.0700163,8.0700163,1,1,8.1546177,8.1546177
0b_baseline_best,file,13,baseline,113,002.Laysan_Albatross/Laysan_Albatross_0029_482.jpg,2,1,002.Laysan_Albatross,45,44,horizontal_flip,horizontal_flip,0,"{""flipped"":true}",0.11461149,0.032588117,-0.082023375,0.89171249,0.96793717,0.031940006,0.014788127,0.85977248,0.95314904,0.093376564,0.60823163,0.2985119,18.559714,5.5402953,False,0.97488475,True,True,True,0.60823163,0.2985119,18.559714,5.5402953,0.59427628,0.29745689,18.231153,5.4229822,0.960642,0.32618646,3.4767815,1.134079,0.30442609,0.2711745,6.1156056,1.6583963,0.47179441,0.30178947,8.1538406,2.4607433,0.65608109,0.28059302,9.8420657,2.7616149,0.65254637,0.30642478,8.0700163,2.472853,0.71842259,0.32122674,8.1546177,2.6194812
0b_baseline_best,file,13,baseline,113,002.Laysan_Albatross/Laysan_Albatross_0029_482.jpg,2,1,002.Laysan_Albatross,45,44,color_jitter,color_jitter,0,"{""brightness"":1.13861,""contrast"":1.353499,""hue"":0.01753,""saturation"":0.686924}",0.11461149,0.10722993,-0.0073815659,0.89171249,0.89831913,0.031940006,0.043547377,0.85977248,0.85477175,-0.0050007328,0.83406617,0.84682995,18.559714,15.716921,False,0.97555125,True,True,True,0.83406617,0.84682995,18.559714,15.716921,0.82882727,0.84304078,18.231153,15.369606,0.96779897,0.94508472,3.4767815,3.2858531,0.87169338,0.76000538,6.1156056,4.6478931,0.73565953,0.67967398,8.1538406,5.5419533,0.86202271,0.78269337,9.8420657,7.7033195,0.84012985,0.93645838,8.0700163,7.5572344,0.86045084,1.0071768,8.1546177,8.2131421
0b_baseline_best,file,13,baseline,113,002.Laysan_Albatross/Laysan_Albatross_0029_482.jpg,2,1,002.Laysan_Albatross,45,44,rotation,rotation,0,"{""angle"":12.443523}",0.11461149,0.16477704,0.050165549,0.89171249,0.84808278,0.031940006,0.083402216,0.85977248,0.76468056,-0.095091917,0.71726465,1.4293056,18.559714,26.527503,False,0.95110548,True,True,True,0.71726465,1.4293056,18.559714,26.527503,0.70898687,1.423167,18.231153,25.945976,0.92532288,1.5888309,3.4767815,5.5240178,0.72857897,0.96148026,6.1156056,5.880034,0.67454282,1.3540999,8.1538406,11.041115,0.73428789,1.4338993,9.8420657,14.112531,0.69170004,1.5412429,8.0700163,12.437856,0.74015816,1.5649078,8.1546177,12.761225
0b_baseline_best,file,13,baseline,113,002.Laysan_Albatross/Laysan_Albatross_0029_482.jpg,2,1,002.Laysan_Albatross,45,44,random_resized_crop,random_resized_crop,0,"{""area_fraction"":0.678419,""aspect"":0.794327,""fallback"":false,""height"":0.924165,""left"":0.06244,""top"":0.001188,""width"":0.734089}",0.11461149,1.3145328,1.1999213,0.89171249,0.26859981,0.031940006,0.45557439,0.85977248,-0.18697459,-1.0467471,0.69633517,8.2580121,18.559714,153.26634,False,0.91758448,False,True,False,0.69633517,8.2580121,18.559714,153.26634,0.68981685,8.2492906,18.231153,150.39408,0.87068203,8.4943135,3.4767815,29.532872,0.8156411,7.7787209,6.1156056,47.571589,0.63938441,8.3963071,8.1538406,68.46215,0.7461729,8.4607044,9.8420657,83.270809,0.64492863,8.1547903,8.0700163,65.809291,0.63409157,8.1374604,8.1546177,66.357879
0b_baseline_best,file,13,baseline,113,002.Laysan_Albatross/Laysan_Albatross_0029_482.jpg,2,1,002.Laysan_Albatross,45,44,gaussian_blur,gaussian_blur,0,"{""sigma"":1.733521}",0.11461149,0.9957487,0.88113721,0.89171249,0.36944672,0.031940006,0.11965355,0.85977248,0.24979317,-0.60997931,0.58861711,5.8518143,18.559714,108.608,False,0.9166894,True,True,True,0.58861711,5.8518143,18.559714,108.608,0.57828071,5.8649878,18.231153,106.92549,0.89428429,5.4771961,3.4767815,19.043014,0.4842938,4.8073862,6.1156056,29.400078,0.39748972,5.1864033,8.1538406,42.289106,0.57077261,6.3187394,9.8420657,62.189449,0.65665089,6.3602888,8.0700163,51.327634,0.72399202,5.8532813,8.1546177,47.731271
0b_baseline_best,file,13,baseline,113,002.Laysan_Albatross/Laysan_Albatross_0029_482.jpg,2,1,002.Laysan_Albatross,45,44,random_erasing,random_erasing,0,"{""area_fraction"":0.154387,""erased"":true,""height"":0.503176,""left"":0.020623,""top"":0.144271,""width"":0.306826}",0.11461149,0.14736988,0.032758385,0.89171249,0.8629747,0.031940006,0.030040696,0.85977248,0.83293401,-0.026838474,0.88971163,1.1974334,18.559714,22.224021,False,0.94529533,True,True,True,0.88971163,1.1974334,18.559714,22.224021,0.88819484,1.2014792,18.231153,21.904352,0.94097299,1.080268,3.4767815,3.7558558,0.93685861,1.0192845,6.1156056,6.233542,0.89520002,1.0970723,8.1538406,8.9453526,0.91666755,1.2138399,9.8420657,11.946692,0.86281849,1.2787191,8.0700163,10.319284,0.85913564,1.2961303,8.1546177,10.569447
0b_baseline_best,file,13,baseline,3819,066.Western_Gull/Western_Gull_0094_55156.jpg,66,65,066.Western_Gull,65,64,identity,identity,0,{},0.27435187,0.27435187,0,0.7600646,0.7600646,0.18955426,0.18955426,0.57051034,0.57051034,0,1,1,48.694905,48.694905,False,1.0000002,True,True,True,1,1,48.694905,48.694905,1,1,47.687149,47.687149,1,1,9.855432,9.855432,1,1,9.8115028,9.8115028,1,1,22.305781,22.305781,1,1,24.855649,24.855649,1,1,22.996482,22.996482,1,1,23.099984,23.099984
0b_baseline_best,file,13,baseline,3819,066.Western_Gull/Western_Gull_0094_55156.jpg,66,65,066.Western_Gull,65,64,horizontal_flip,horizontal_flip,0,"{""flipped"":true}",0.27435187,0.42759529,0.15324342,0.7600646,0.65207529,0.18955426,0.21569818,0.57051034,0.43637711,-0.13413323,0.75689162,1.3762464,48.694905,67.016189,False,0.96782327,True,True,True,0.75689162,1.3762464,48.694905,67.016189,0.74863876,1.3779136,47.687149,65.708773,0.95641928,1.3366188,9.855432,13.172956,0.73606332,1.3454027,9.8115028,13.200422,0.76905494,1.319009,22.305781,29.421526,0.73838792,1.3545994,24.855649,33.669447,0.71253526,1.4427056,22.996482,33.177153,0.78295496,1.3983499,23.099984,32.301862
0b_baseline_best,file,13,baseline,3819,066.Western_Gull/Western_Gull_0094_55156.jpg,66,65,066.Western_Gull,65,64,color_jitter,color_jitter,0,"{""brightness"":0.68282,""contrast"":0.600696,""hue"":0.010734,""saturation"":0.682312}",0.27435187,1.25372,0.97936818,0.7600646,0.28544095,0.18955426,0.016720384,0.57051034,0.26872057,-0.30178978,0.43416542,3.5219023,48.694905,171.4987,False,0.90839535,False,True,False,0.43416542,3.5219023,48.694905,171.4987,0.42726175,3.5422499,47.687149,168.9198,0.6302544,3.0064073,9.855432,29.629442,0.38048164,2.8261241,9.8115028,27.728525,0.40099954,3.7544864,22.305781,83.746753,0.44413139,3.7730368,24.855649,93.781279,0.42487493,3.5933762,22.996482,82.635012,0.45125472,3.1000155,23.099984,71.61031
0b_baseline_best,file,13,baseline,3819,066.Western_Gull/Western_Gull_0094_55156.jpg,66,65,066.Western_Gull,65,64,rotation,rotation,0,"{""angle"":12.335466}",0.27435187,0.09997502,-0.17437685,0.7600646,0.90486002,0.18955426,0.05130871,0.57051034,0.85355131,0.28304097,0.76332464,0.3406932,48.694905,16.590023,False,0.96227705,True,True,True,0.76332464,0.3406932,48.694905,16.590023,0.75551399,0.3392882,47.687149,16.179687,0.93318314,0.37207488,9.855432,3.6669587,0.719813,0.29848436,9.8115028,2.9285802,0.77481896,0.31145763,22.305781,6.9473059,0.75165975,0.33874158,24.855649,8.4196418,0.72975486,0.35768095,22.996482,8.2254036,0.78009996,0.35273574,23.099984,8.1481901
0b_baseline_best,file,13,baseline,3819,066.Western_Gull/Western_Gull_0094_55156.jpg,66,65,066.Western_Gull,65,64,random_resized_crop,random_resized_crop,0,"{""area_fraction"":0.512022,""aspect"":1.268325,""fallback"":false,""height"":0.635373,""left"":0.00687,""top"":0.004585,""width"":0.80586}",0.27435187,2.812851,2.5384991,0.7600646,0.060033605,0.18955426,0.59159052,0.57051034,-0.53155692,-1.1020673,0.54096112,2.5349201,48.694905,123.43769,False,0.85893965,False,True,False,0.54096112,2.5349201,48.694905,123.43769,0.52582584,2.5174044,47.687149,120.04784,0.85252972,2.9150859,9.855432,28.729431,0.5918454,3.3358503,9.8115028,32.729705,0.60928336,2.503341,22.305781,55.838978,0.46591109,2.3576623,24.855649,58.601226,0.46887612,2.4362624,22.996482,56.025464,0.55791634,2.6151296,23.099984,60.409454
0b_baseline_best,file,13,baseline,3819,066.Western_Gull/Western_Gull_0094_55156.jpg,66,65,066.Western_Gull,65,64,gaussian_blur,gaussian_blur,0,"{""sigma"":1.982993}",0.27435187,1.1018322,0.82748029,0.7600646,0.33226177,0.18955426,0.36387825,0.57051034,-0.031616479,-0.60212682,0.62144143,3.3898395,48.694905,165.06791,False,0.88123178,False,True,False,0.62144143,3.3898395,48.694905,165.06791,0.61495737,3.4225556,47.687149,163.21192,0.85849037,2.5045775,9.855432,24.683693,0.63426269,4.8934501,9.8115028,48.012099,0.6198076,3.0319795,22.305781,67.630673,0.5814665,3.6535288,24.855649,90.810831,0.61899518,3.6415344,22.996482,83.74248,0.67631359,2.9038737,23.099984,67.079436
0b_baseline_best,file,13,baseline,3819,066.Western_Gull/Western_Gull_0094_55156.jpg,66,65,066.Western_Gull,65,64,random_erasing,random_erasing,0,"{""area_fraction"":0.193801,""erased"":true,""height"":0.314656,""left"":0.1592,""top"":0.488144,""width"":0.615913}",0.27435187,2.0440454,1.7696936,0.7600646,0.12950377,0.18955426,0.09906619,0.57051034,0.030437581,-0.54007276,0.49189408,2.2849375,48.694905,111.26481,False,0.89171088,False,True,False,0.49189408,2.2849375,48.694905,111.26481,0.48160146,2.278059,47.687149,108.63414,0.71795279,2.4404469,9.855432,24.051658,0.28478603,2.3760704,9.8115028,23.312821,0.45705751,2.1571125,22.305781,48.11608,0.52412077,2.2618387,24.855649,56.21947,0.47861439,2.3022491,22.996482,52.94363,0.4950088,2.3628111,23.099984,54.5809
0b_baseline_best,file,13,baseline,9415,161.Blue_winged_Warbler/Blue_Winged_Warbler_0059_162064.jpg,161,160,161.Blue_winged_Warbler,176,175,identity,identity,0,{},2.4904995,2.4904995,0,0.082868554,0.082868554,0.10728354,0.10728354,-0.024414986,-0.024414986,0,1,1,216.57897,216.57897,False,1,True,False,False,1,1,216.57897,216.57897,1,1,214.59634,214.59634,1,1,29.238013,29.238013,1,1,72.199552,72.199552,1,1,113.58802,113.58802,1,1,120.26928,120.26928,1,1,87.440195,87.440195,1,1,76.328804,76.328804
0b_baseline_best,file,13,baseline,9415,161.Blue_winged_Warbler/Blue_Winged_Warbler_0059_162064.jpg,161,160,161.Blue_winged_Warbler,176,175,horizontal_flip,horizontal_flip,0,"{""flipped"":true}",2.4904995,2.7177513,0.22725177,0.082868554,0.066023044,0.10728354,0.052767958,-0.024414986,0.013255086,0.037670072,0.75168688,0.82827455,216.57897,179.38685,False,0.94854403,False,False,False,0.75168688,0.82827455,216.57897,179.38685,0.74787821,0.82499432,214.59634,177.04076,0.93495407,0.98903093,29.238013,28.9173,0.8625954,0.83293561,72.199552,60.137578,0.77659015,0.76683103,113.58802,87.102821,0.77181564,0.79535095,120.26928,95.656289,0.63381188,0.87423154,87.440195,76.442976,0.70657284,0.93985548,76.328804,71.738045
0b_baseline_best,file,13,baseline,9415,161.Blue_winged_Warbler/Blue_Winged_Warbler_0059_162064.jpg,161,160,161.Blue_winged_Warbler,176,175,color_jitter,color_jitter,0,"{""brightness"":1.06335,""contrast"":0.96403,""hue"":-0.005297,""saturation"":1.283635}",2.4904995,1.2467238,-1.2437757,0.082868554,0.28744501,0.10728354,0.14973979,-0.024414986,0.13770522,0.16212021,0.93053492,0.81912101,216.57897,177.40438,False,0.97734797,False,False,True,0.93053492,0.81912101,216.57897,177.40438,0.92999922,0.81922121,214.59634,175.80187,0.95961004,0.81370475,29.238013,23.79111,0.95698971,0.77722556,72.199552,56.115338,0.94695992,0.79690661,113.58802,90.519047,0.92412127,0.82327788,120.26928,99.015041,0.91388035,0.87417814,87.440195,76.438307,0.91243635,0.81993892,76.328804,62.584957
0b_baseline_best,file,13,baseline,9415,161.Blue_winged_Warbler/Blue_Winged_Warbler_0059_162064.jpg,161,160,161.Blue_winged_Warbler,176,175,rotation,rotation,0,"{""angle"":-14.383995}",2.4904995,3.1737218,0.68322229,0.082868554,0.041847557,0.10728354,0.0055121072,-0.024414986,0.03633545,0.060750436,0.72501153,0.77393675,216.57897,167.61842,False,0.88780963,False,False,False,0.72501153,0.77393675,216.57897,167.61842,0.72247185,0.77093937,214.59634,165.44077,0.85078012,0.92110184,29.238013,26.931188,0.87226191,0.66982963,72.199552,48.361399,0.77339869,0.78632448,113.58802,89.317043,0.72385625,0.73297365,120.26928,88.154216,0.62276826,0.80273751,87.440195,70.191524,0.64731424,0.86470712,76.328804,66.00206
0b_baseline_best,file,13,baseline,9415,161.Blue_winged_Warbler/Blue_Winged_Warbler_0059_162064.jpg,161,160,161.Blue_winged_Warbler,176,175,random_resized_crop,random_resized_crop,0,"{""area_fraction"":0.713181,""aspect"":1.103435,""fallback"":false,""height"":0.803945,""left"":0.01847,""top"":0.194745,""width"":0.887101}",2.4904995,4.64289,2.1523905,0.082868554,0.0096298298,0.10728354,0.0039694193,-0.024414986,0.0056604105,0.030075397,0.67201008,1.0299179,216.57897,223.05856,False,0.88596606,False,False,False,0.67201008,1.0299179,216.57897,223.05856,0.66995697,1.0300537,214.59634,221.04574,0.78343793,1.0225785,29.238013,29.898163,0.64451023,1.0288577,72.199552,74.283062,0.7034891,1.0031424,113.58802,113.94497,0.72844363,1.0181129,120.26928,122.44771,0.59037514,1.0272435,87.440195,89.822372,0.59097939,1.1192373,76.328804,85.430046
0b_baseline_best,file,13,baseline,9415,161.Blue_winged_Warbler/Blue_Winged_Warbler_0059_162064.jpg,161,160,161.Blue_winged_Warbler,176,175,gaussian_blur,gaussian_blur,0,"{""sigma"":1.40338}",2.4904995,2.8604712,0.36997175,0.082868554,0.057241771,0.10728354,0.036822695,-0.024414986,0.020419076,0.044834062,0.68146296,0.84765741,216.57897,183.58477,False,0.87305421,False,False,False,0.68146296,0.84765741,216.57897,183.58477,0.67796151,0.84240798,214.59634,180.77767,0.8495463,1.0938253,29.238013,31.98128,0.83098958,0.65573933,72.199552,47.344086,0.59975471,0.69064089,113.58802,78.448533,0.71390793,0.87259248,120.26928,104.94607,0.65197882,0.97228887,87.440195,85.017128,0.71770047,1.0184743,76.328804,77.738925
0b_baseline_best,file,13,baseline,9415,161.Blue_winged_Warbler/Blue_Winged_Warbler_0059_162064.jpg,161,160,161.Blue_winged_Warbler,176,175,random_erasing,random_erasing,0,"{""area_fraction"":0.180939,""erased"":true,""height"":0.487412,""left"":0.281575,""top"":0.322126,""width"":0.371224}",2.4904995,3.5366826,1.0461831,0.082868554,0.029109733,0.10728354,0.076025426,-0.024414986,-0.046915693,-0.022500707,0.81039002,0.97816949,216.57897,211.85094,False,0.91981292,False,False,False,0.81039002,0.97816949,216.57897,211.85094,0.8090086,0.97397674,214.59634,209.01184,0.88662297,1.1822585,29.238013,34.566889,0.84265372,0.64515687,72.199552,46.580037,0.83759019,0.91813583,113.58802,104.28923,0.83393644,1.0317169,120.26928,124.08386,0.78489754,1.0524074,87.440195,92.022708,0.75918684,1.078368,76.328804,82.310536
0b_baseline_best,file,13,baseline,1298,024.Red_faced_Cormorant/Red_Faced_Cormorant_0002_796275.jpg,24,23,024.Red_faced_Cormorant,25,24,identity,identity,0,{},0.032578424,0.032578424,0,0.96794653,0.96794653,0.030121939,0.030121939,0.93782459,0.93782459,0,1,1,5.509227,5.509227,False,1,True,True,True,1,1,5.509227,5.509227,1,1,5.3204386,5.3204386,1,1,1.4298653,1.4298653,1,1,1.156206,1.156206,1,1,2.24926,2.24926,1,1,2.5996893,2.5996893,1,1,2.607882,2.607882,1,1,2.8899223,2.8899223
0b_baseline_best,file,13,baseline,1298,024.Red_faced_Cormorant/Red_Faced_Cormorant_0002_796275.jpg,24,23,024.Red_faced_Cormorant,25,24,horizontal_flip,horizontal_flip,0,"{""flipped"":true}",0.032578424,0.064939708,0.032361284,0.96794653,0.93712395,0.030121939,0.060918063,0.93782459,0.87620589,-0.061618699,0.6451961,2.1381489,5.509227,11.779548,False,0.97904164,True,True,True,0.6451961,2.1381489,5.509227,11.779548,0.62278772,2.1474519,5.3204386,11.425386,0.97893149,2.0049143,1.4298653,2.8667575,0.61715618,2.3478458,1.156206,2.7145934,0.55410063,2.0120877,2.24926,4.5257084,0.54394945,2.1767071,2.5996893,5.6587622,0.60013103,2.2298717,2.607882,5.8152423,0.7511408,2.1005409,2.8899223,6.0703999
0b_baseline_best,file,13,baseline,1298,024.Red_faced_Cormorant/Red_Faced_Cormorant_0002_796275.jpg,24,23,024.Red_faced_Cormorant,25,24,color_jitter,color_jitter,0,"{""brightness"":1.090536,""contrast"":1.336059,""hue"":-0.055838,""saturation"":0.818097}",0.032578424,0.39659646,0.36401804,0.96794653,0.6726054,0.030121939,0.3154954,0.93782459,0.35710999,-0.5807146,0.79725724,10.820211,5.509227,59.611,False,0.95618212,True,True,True,0.79725724,10.820211,5.509227,59.611,0.7857265,10.816562,5.3204386,57.548856,0.95612025,10.870605,1.4298653,15.543502,0.55259542,9.4864658,1.156206,10.968308,0.64072322,10.143847,2.24926,22.81615,0.80012737,11.022767,2.5996893,28.655771,0.81840417,11.092172,2.607882,28.927075,0.86258969,11.013662,2.8899223,31.828627
0b_baseline_best,file,13,baseline,1298,024.Red_faced_Cormorant/Red_Faced_Cormorant_0002_796275.jpg,24,23,024.Red_faced_Cormorant,25,24,rotation,rotation,0,"{""angle"":7.019389}",0.032578424,0.072647676,0.040069252,0.96794653,0.92992842,0.030121939,0.033879794,0.93782459,0.89604863,-0.041775962,0.6842611,2.0804121,5.509227,11.461462,False,0.95659012,True,True,True,0.6842611,2.0804121,5.509227,11.461462,0.6732308,2.1101421,5.3204386,11.226881,0.90746824,1.6134403,1.4298653,2.3070023,0.43502335,2.3202247,1.156206,2.6826577,0.52297169,2.0913335,2.24926,4.7039528,0.71449942,2.2268547,2.5996893,5.7891304,0.67975056,2.1037012,2.607882,5.4862046,0.77291867,1.9909984,2.8899223,5.7538306
0b_baseline_best,file,13,baseline,1298,024.Red_faced_Cormorant/Red_Faced_Cormorant_0002_796275.jpg,24,23,024.Red_faced_Cormorant,25,24,random_resized_crop,random_resized_crop,0,"{""area_fraction"":0.662181,""aspect"":1.189855,""fallback"":false,""height"":0.746004,""left"":0.019099,""top"":0.247049,""width"":0.887637}",0.032578424,0.036536701,0.0039582774,0.96794653,0.96412271,0.030121939,0.024435349,0.93782459,0.93968736,0.0018627737,0.65576058,1.0074652,5.509227,5.5503543,False,0.95228463,True,True,True,0.65576058,1.0074652,5.509227,5.5503543,0.63439349,1.0033687,5.3204386,5.3383615,0.93611662,1.0625607,1.4298653,1.5193186,0.56298945,1.1097469,1.156206,1.2830961,0.53181604,0.791622,2.24926,1.7805637,0.61966292,1.007617,2.5996893,2.619491,0.62170507,1.0408741,2.607882,2.7144769,0.72399703,1.0637959,2.8899223,3.0742873
0b_baseline_best,file,13,baseline,1298,024.Red_faced_Cormorant/Red_Faced_Cormorant_0002_796275.jpg,24,23,024.Red_faced_Cormorant,25,24,gaussian_blur,gaussian_blur,0,"{""sigma"":1.26538}",0.032578424,0.27863166,0.24605323,0.96794653,0.75681865,0.030121939,0.084129758,0.93782459,0.67268889,-0.2651357,0.53096814,7.2577009,5.509227,39.984321,False,0.88749939,True,True,True,0.53096814,7.2577009,5.509227,39.984321,0.51887994,7.3628581,5.3204386,39.173634,0.76981175,5.6024603,1.4298653,8.0107638,0.43775532,6.5044961,1.156206,7.5205373,0.31448062,6.5439501,2.24926,14.719046,0.52547227,8.0863452,2.5996893,21.021985,0.51426215,7.8351762,2.607882,20.433215,0.6525401,6.9372314,2.8899223,20.048059
0b_baseline_best,file,13,baseline,1298,024.Red_faced_Cormorant/Red_Faced_Cormorant_0002_796275.jpg,24,23,024.Red_faced_Cormorant,25,24,random_erasing,random_erasing,0,"{""area_fraction"":0.057891,""erased"":true,""height"":0.429186,""left"":0.117848,""top"":0.29265,""width"":0.134885}",0.032578424,0.035565741,0.0029873177,0.96794653,0.96505928,0.030121939,0.028836243,0.93782459,0.93622304,-0.0016015526,0.92361512,1.0082554,5.509227,5.5547079,False,0.9894135,True,True,True,0.92361512,1.0082554,5.509227,5.5547079,0.91913869,1.009224,5.3204386,5.3695141,0.98658479,0.99474844,1.4298653,1.4223563,0.9023936,1.048992,1.156206,1.2128508,0.9077481,0.95091213,2.24926,2.1388487,0.91684895,0.98062824,2.5996893,2.5493287,0.90876277,1.0232758,2.607882,2.6685825,0.94007658,1.0475966,2.8899223,3.0274728
0b_baseline_best,file,13,baseline,5560,095.Baltimore_Oriole/Baltimore_Oriole_0064_89554.jpg,95,94,095.Baltimore_Oriole,96,95,identity,identity,0,{},0.00046445071,0.00046445071,0,0.99953568,0.99953568,0.00025744273,0.00025744273,0.99927824,0.99927824,0,1,1,0.064122554,0.064122554,False,1,True,True,True,1,1,0.064122554,0.064122554,1,1,0.061962121,0.061962121,1,1,0.01650447,0.01650447,1,1,0.012889575,0.012889575,1,1,0.022576561,0.022576561,1,1,0.029411808,0.029411808,1,1,0.030303924,0.030303924,1,1,0.037149427,0.037149427
0b_baseline_best,file,13,baseline,5560,095.Baltimore_Oriole/Baltimore_Oriole_0064_89554.jpg,95,94,095.Baltimore_Oriole,96,95,horizontal_flip,horizontal_flip,0,"{""flipped"":true}",0.00046445071,0.00043871315,-2.5737565e-05,0.99953568,0.99956137,0.00025744273,0.00015329653,0.99927824,0.99940807,0.00012983581,0.66449951,0.996425,0.064122554,0.063893316,False,0.98052907,True,True,True,0.66449951,0.996425,0.064122554,0.063893316,0.6458149,1.0032256,0.061962121,0.062161989,0.96373141,0.89509383,0.01650447,0.014773049,0.69986721,0.95454863,0.012889575,0.012303726,0.50906955,1.065081,0.022576561,0.024045866,0.5608776,0.97746943,0.029411808,0.028749143,0.58329332,1.0057201,0.030303924,0.030477265,0.78800925,0.99966325,0.037149427,0.037136917
0b_baseline_best,file,13,baseline,5560,095.Baltimore_Oriole/Baltimore_Oriole_0064_89554.jpg,95,94,095.Baltimore_Oriole,96,95,color_jitter,color_jitter,0,"{""brightness"":1.264927,""contrast"":0.778984,""hue"":-0.000865,""saturation"":0.723159}",0.00046445071,0.010664614,0.010200163,0.99953568,0.98939204,0.00025744273,0.00095364108,0.99927824,0.9884384,-0.010839836,0.7616381,24.689866,0.064122554,1.5831773,False,0.95791018,True,True,True,0.7616381,24.689866,0.064122554,1.5831773,0.75966973,25.099673,0.061962121,1.555229,0.84158795,17.944471,0.01650447,0.29616398,0.71983907,24.588622,0.012889575,0.31693687,0.67732951,28.109787,0.022576561,0.63462233,0.75652592,27.627568,0.029411808,0.81257671,0.76665415,25.431895,0.030303924,0.77068622,0.81347076,21.890145,0.037149427,0.81320635
0b_baseline_best,file,13,baseline,5560,095.Baltimore_Oriole/Baltimore_Oriole_0064_89554.jpg,95,94,095.Baltimore_Oriole,96,95,rotation,rotation,0,"{""angle"":-4.112379}",0.00046445071,0.00094285846,0.00047840775,0.99953568,0.99905759,0.00025744273,0.0007829594,0.99927824,0.99827463,-0.0010036055,0.78451773,2.2595566,0.064122554,0.14488854,False,0.9865002,True,True,True,0.78451773,2.2595566,0.064122554,0.14488854,0.77102457,2.2531058,0.061962121,0.13960722,0.96759422,2.3485928,0.01650447,0.038762279,0.79204025,2.1899424,0.012889575,0.028227425,0.63009771,2.2096304,0.022576561,0.049885855,0.75394695,2.3153058,0.029411808,0.068097329,0.75813979,2.2430515,0.030303924,0.067973263,0.83971917,2.2436344,0.037149427,0.083349731
0b_baseline_best,file,13,baseline,5560,095.Baltimore_Oriole/Baltimore_Oriole_0064_89554.jpg,95,94,095.Baltimore_Oriole,96,95,random_resized_crop,random_resized_crop,0,"{""area_fraction"":0.530133,""aspect"":1.133246,""fallback"":false,""height"":0.683959,""left"":0.224011,""top"":0.017701,""width"":0.775094}",0.00046445071,0.007974335,0.0075098843,0.99953568,0.99205738,0.00025744273,0.0030492353,0.99927824,0.98900815,-0.010270089,0.69844248,18.719554,0.064122554,1.2003456,False,0.94292212,True,True,True,0.69844248,18.719554,0.064122554,1.2003456,0.68876796,19.036184,0.061962121,1.1795223,0.93069654,13.488061,0.01650447,0.2226133,0.65386106,20.511626,0.012889575,0.26438613,0.5589729,21.337416,0.022576561,0.48172547,0.73956271,22.142443,0.029411808,0.65124927,0.64709477,17.893722,0.030303924,0.54224999,0.76141094,16.399261,0.037149427,0.60922315
0b_baseline_best,file,13,baseline,5560,095.Baltimore_Oriole/Baltimore_Oriole_0064_89554.jpg,95,94,095.Baltimore_Oriole,96,95,gaussian_blur,gaussian_blur,0,"{""sigma"":1.743951}",0.00046445071,0.023204099,0.022739649,0.99953568,0.97706306,0.00025744273,0.015935443,0.99927824,0.96112762,-0.038150621,0.49104918,76.516328,0.064122554,4.9064224,False,0.92840028,True,True,True,0.49104918,76.516328,0.064122554,4.9064224,0.47504616,78.166084,0.061962121,4.8433363,0.92145069,47.51843,0.01650447,0.7842665,0.076157704,139.83506,0.012889575,1.8024144,0.19959779,101.48005,0.022576561,2.2910705,0.58314918,85.900893,0.029411808,2.5265005,0.56470007,70.259591,0.030303924,2.1291413,0.6786925,54.130299,0.037149427,2.0109096
0b_baseline_best,file,13,baseline,5560,095.Baltimore_Oriole/Baltimore_Oriole_0064_89554.jpg,95,94,095.Baltimore_Oriole,96,95,random_erasing,random_erasing,0,"{""area_fraction"":0.163102,""erased"":true,""height"":0.295066,""left"":0.18238,""top"":0.090587,""width"":0.552764}",0.00046445071,0.16396347,0.16349902,0.99953568,0.848773,0.00025744273,0.10261091,0.99927824,0.74616209,-0.25311614,0.66846029,385.98182,0.064122554,24.75014,False,0.87978065,True,True,True,0.66846029,385.98182,0.064122554,24.75014,0.65902322,391.77401,0.061962121,24.275149,0.87403269,292.38259,0.01650447,4.8256196,0.76357555,399.62223,0.012889575,5.1509605,0.66832019,470.71495,0.022576561,10.627125,0.70961682,412.58509,0.029411808,12.134873,0.61415402,402.87147,0.030303924,12.208586,0.65120336,333.51558,0.037149427,12.389913
0b_baseline_best,file,13,baseline,10914,186.Cedar_Waxwing/Cedar_Waxwing_0062_178788.jpg,186,185,186.Cedar_Waxwing,185,184,identity,identity,0,{},0.0011139861,0.0011139861,0,0.99888664,0.99888664,0.00058214075,0.00058214075,0.9983045,0.9983045,0,1,1,0.16871503,0.16871503,False,1,True,True,True,1,1,0.16871503,0.16871503,1,1,0.16407078,0.16407078,1,1,0.039313362,0.039313362,1,1,0.032929109,0.032929109,1,1,0.071720488,0.071720488,1,1,0.087686211,0.087686211,1,1,0.07462066,0.07462066,1,1,0.086220365,0.086220365
0b_baseline_best,file,13,baseline,10914,186.Cedar_Waxwing/Cedar_Waxwing_0062_178788.jpg,186,185,186.Cedar_Waxwing,185,184,horizontal_flip,horizontal_flip,0,"{""flipped"":true}",0.0011139861,0.0071112383,0.0059972522,0.99888664,0.99291396,0.00058214075,0.0043998393,0.9983045,0.98851412,-0.009790382,0.67043175,6.5812294,0.16871503,1.1103523,False,0.97428429,True,True,True,0.67043175,6.5812294,0.16871503,1.1103523,0.65447695,6.6057908,0.16407078,1.0838172,0.97123555,6.1376921,0.039313362,0.24129331,0.63001005,6.3170876,0.032929109,0.20801607,0.63207528,7.1468178,0.071720488,0.51257326,0.65565883,6.9977839,0.087686211,0.61360916,0.58337097,6.3111477,0.07462066,0.470942,0.73722646,6.030558,0.086220365,0.51995691
0b_baseline_best,file,13,baseline,10914,186.Cedar_Waxwing/Cedar_Waxwing_0062_178788.jpg,186,185,186.Cedar_Waxwing,185,184,color_jitter,color_jitter,0,"{""brightness"":0.601474,""contrast"":1.220541,""hue"":0.008547,""saturation"":0.66427}",0.0011139861,0.02993647,0.028822484,0.99888664,0.9705072,0.00058214075,0.0094528981,0.9983045,0.96105431,-0.037250198,0.76695908,34.178415,0.16871503,5.7664122,False,0.95229179,True,True,True,0.76695908,34.178415,0.16871503,5.7664122,0.76386637,34.725885,0.16407078,5.6975031,0.91872632,22.608131,0.039313362,0.88880165,0.7449662,58.588678,0.032929109,1.9292729,0.71969514,41.99289,0.071720488,3.0117505,0.80106715,34.163029,0.087686211,2.9956265,0.75777524,30.024767,0.07462066,2.240468,0.84791608,27.630308,0.086220365,2.3822953
0b_baseline_best,file,13,baseline,10914,186.Cedar_Waxwing/Cedar_Waxwing_0062_178788.jpg,186,185,186.Cedar_Waxwing,185,184,rotation,rotation,0,"{""angle"":5.000735}",0.0011139861,0.004530048,0.0034160619,0.99888664,0.99548018,0.00058214075,0.0026748001,0.9983045,0.99280538,-0.0054991244,0.8592793,4.2640522,0.16871503,0.71940968,False,0.98869962,True,True,True,0.8592793,4.2640522,0.16871503,0.71940968,0.85285929,4.2847748,0.16407078,0.70300634,0.98650291,3.8854318,0.039313362,0.15274939,0.89497216,4.790657,0.032929109,0.15775207,0.82762404,4.3005086,0.071720488,0.30843458,0.86158432,4.5411034,0.087686211,0.39819215,0.81578052,4.1089713,0.07462066,0.30661415,0.88680967,4.0449433,0.086220365,0.34875649
0b_baseline_best,file,13,baseline,10914,186.Cedar_Waxwing/Cedar_Waxwing_0062_178788.jpg,186,185,186.Cedar_Waxwing,185,184,random_resized_crop,random_resized_crop,0,"{""area_fraction"":0.700013,""aspect"":0.795271,""fallback"":false,""height"":0.9382,""left"":0.078661,""top"":0.019798,""width"":0.746123}",0.0011139861,0.0022159088,0.0011019227,0.99888664,0.99778652,0.00058214075,0.0010799046,0.9983045,0.99670662,-0.0015978868,0.80708555,2.0267699,0.16871503,0.34194654,False,0.97992837,True,True,True,0.80708555,2.0267699,0.16871503,0.34194654,0.79862615,2.0383497,0.16407078,0.33443362,0.97797826,1.8132582,0.039313362,0.071285277,0.7526807,2.4613983,0.032929109,0.081051652,0.77563869,2.1302969,0.071720488,0.15278593,0.83192535,2.1245382,0.087686211,0.18629271,0.7555809,1.9335278,0.07462066,0.14428112,0.82703192,1.8848722,0.086220365,0.16251437
0b_baseline_best,file,13,baseline,10914,186.Cedar_Waxwing/Cedar_Waxwing_0062_178788.jpg,186,185,186.Cedar_Waxwing,185,184,gaussian_blur,gaussian_blur,0,"{""sigma"":1.069188}",0.0011139861,0.097722143,0.096608157,0.99888664,0.90690088,0.00058214075,0.0084732575,0.9983045,0.89842763,-0.099876879,0.64488949,88.56082,0.16871503,14.941541,False,0.95133334,True,True,True,0.64488949,88.56082,0.16871503,14.941541,0.63890497,90.038925,0.16407078,14.772757,0.87588026,56.965145,0.039313362,2.2394914,0.55162466,91.983794,0.032929109,3.0289443,0.46737551,93.325152,0.071720488,6.6933254,0.68782275,97.89653,0.087686211,8.5841757,0.61779395,90.040579,0.07462066,6.7188874,0.76008594,78.171878,0.086220365,6.7400079
0b_baseline_best,file,13,baseline,10914,186.Cedar_Waxwing/Cedar_Waxwing_0062_178788.jpg,186,185,186.Cedar_Waxwing,185,184,random_erasing,random_erasing,0,"{""area_fraction"":0.142283,""erased"":true,""height"":0.59564,""left"":0.14158,""top"":0.305488,""width"":0.238874}",0.0011139861,0.0034501571,0.002336171,0.99888664,0.99655581,0.00058214075,0.0019978709,0.9983045,0.99455793,-0.0037465697,0.83455107,2.9985449,0.16871503,0.50589958,False,0.97770303,True,True,True,0.83455107,2.9985449,0.16871503,0.50589958,0.82645981,2.9993543,0.16407078,0.4921064,0.97619473,2.9844112,0.039313362,0.11732724,0.85259777,3.1426373,0.032929109,0.10348425,0.80739972,3.0968296,0.071720488,0.22210613,0.85029965,3.0382695,0.087686211,0.26641434,0.76702569,2.8762655,0.07462066,0.21462883,0.85529218,2.958935,0.086220365,0.25512045
0b_baseline_best,file,13,baseline,4238,073.Blue_Jay/Blue_Jay_0061_63645.jpg,73,72,073.Blue_Jay,164,163,identity,identity,0,{},0.22264637,0.22264637,0,0.80039781,0.80039781,0.13935561,0.13935561,0.6610422,0.6610422,0,1,1,39.087432,39.087432,False,0.99999994,True,True,True,1,1,39.087432,39.087432,1,1,38.45088,38.45088,1,1,7.0254665,7.0254665,1,1,9.1491094,9.1491094,1,1,17.166572,17.166572,1,1,20.941462,20.941462,1,1,18.466376,18.466376,1,1,17.903098,17.903098
0b_baseline_best,file,13,baseline,4238,073.Blue_Jay/Blue_Jay_0061_63645.jpg,73,72,073.Blue_Jay,164,163,horizontal_flip,horizontal_flip,0,"{""flipped"":true}",0.22264637,0.091316313,-0.13133006,0.80039781,0.91272897,0.13935561,0.047511827,0.6610422,0.86521714,0.20417494,0.64547892,0.35639311,39.087432,13.930491,False,0.95541084,True,True,True,0.64547892,0.35639311,39.087432,13.930491,0.6345007,0.35509379,38.45088,13.653669,0.94561674,0.39332853,7.0254665,2.7633164,0.4570718,0.32409657,9.1491094,2.965195,0.59437663,0.33619662,17.166572,5.7713433,0.58539478,0.33274401,20.941462,6.9681461,0.63748241,0.36598533,18.466376,6.7584229,0.76427404,0.39532084,17.903098,7.0774678
0b_baseline_best,file,13,baseline,4238,073.Blue_Jay/Blue_Jay_0061_63645.jpg,73,72,073.Blue_Jay,164,163,color_jitter,color_jitter,0,"{""brightness"":1.325288,""contrast"":1.155579,""hue"":-0.061074,""saturation"":1.27585}",0.22264637,1.5768064,1.3541601,0.80039781,0.20663396,0.13935561,0.041395158,0.6610422,0.1652388,-0.4958034,0.32209856,2.3796648,39.087432,93.014987,False,0.87215352,True,True,True,0.32209856,2.3796648,39.087432,93.014987,0.30506565,2.3532759,38.45088,90.485528,0.72450422,3.066601,7.0254665,21.544303,0.23256315,2.0714442,9.1491094,18.951869,0.20452171,1.7347054,17.166572,29.778944,0.13856059,2.2671638,20.941462,47.477723,0.35578256,2.6457407,18.466376,48.857243,0.53309285,2.6790674,17.903098,47.963605
0b_baseline_best,file,13,baseline,4238,073.Blue_Jay/Blue_Jay_0061_63645.jpg,73,72,073.Blue_Jay,164,163,rotation,rotation,0,"{""angle"":-6.867932}",0.22264637,0.52469862,0.30205224,0.80039781,0.59173369,0.13935561,0.23957188,0.6610422,0.35216181,-0.30888039,0.8168985,1.5790288,39.087432,61.720182,False,0.96462333,True,True,True,0.8168985,1.5790288,39.087432,61.720182,0.81165507,1.5712141,38.45088,60.414567,0.9613231,1.7974303,7.0254665,12.627786,0.75686406,1.3515965,9.1491094,12.365905,0.83148077,1.5701727,17.166572,26.954483,0.8069086,1.490387,20.941462,31.210883,0.78991128,1.6207277,18.466376,29.928968,0.83967989,1.6762441,17.903098,30.009962
0b_baseline_best,file,13,baseline,4238,073.Blue_Jay/Blue_Jay_0061_63645.jpg,73,72,073.Blue_Jay,164,163,random_resized_crop,random_resized_crop,0,"{""area_fraction"":0.587575,""aspect"":0.815236,""fallback"":false,""height"":0.848965,""left"":0.043796,""top"":0.037417,""width"":0.692107}",0.22264637,0.85570163,0.63305525,0.80039781,0.4249849,0.13935561,0.23464584,0.6610422,0.19033906,-0.47070314,0.63620702,2.2260078,39.087432,87.008928,False,0.93566918,True,True,True,0.63620702,2.2260078,39.087432,87.008928,0.62601408,2.2126273,38.45088,85.077465,0.90433372,2.5950235,7.0254665,18.23125,0.43276507,2.1500071,9.1491094,19.67065,0.5878862,1.9693224,17.166572,33.806515,0.59484834,2.0167554,20.941462,42.233807,0.64203774,2.4799181,18.466376,45.795101,0.7313944,2.3877974,17.903098,42.74897
0b_baseline_best,file,13,baseline,4238,073.Blue_Jay/Blue_Jay_0061_63645.jpg,73,72,073.Blue_Jay,164,163,gaussian_blur,gaussian_blur,0,"{""sigma"":1.35044}",0.22264637,3.1922336,2.9695872,0.80039781,0.041080013,0.13935561,0.70359552,0.6610422,-0.66251551,-1.3235577,0.68778319,4.1924444,39.087432,163.87188,False,0.87741768,False,True,False,0.68778319,4.1924444,39.087432,163.87188,0.68090626,4.1758638,38.45088,160.56564,0.87632555,4.6618475,7.0254665,32.751653,0.50387994,3.8873904,9.1491094,35.566161,0.70168874,4.7204883,17.166572,81.0346,0.71526974,4.0921961,20.941462,85.696569,0.66480752,3.9580601,18.466376,73.091027,0.67968645,4.0523956,17.903098,72.550434
0b_baseline_best,file,13,baseline,4238,073.Blue_Jay/Blue_Jay_0061_63645.jpg,73,72,073.Blue_Jay,164,163,random_erasing,random_erasing,0,"{""area_fraction"":0.197942,""erased"":true,""height"":0.388371,""left"":0.100142,""top"":0.158654,""width"":0.509673}",0.22264637,1.8653014,1.642655,0.80039781,0.15484954,0.13935561,0.068144396,0.6610422,0.086705148,-0.57433705,0.4586675,3.0388476,39.087432,118.78075,False,0.84805971,False,True,False,0.4586675,3.0388476,39.087432,118.78075,0.44904377,3.0181068,38.45088,116.04886,0.70697983,3.6052295,7.0254665,25.328419,0.55080663,3.0600789,9.1491094,27.996997,0.4811774,2.8894354,17.166572,49.6017,0.43804435,3.0173573,20.941462,63.187872,0.40971591,3.0613275,18.466376,56.531626,0.45176811,3.076988,17.903098,55.087618
0b_baseline_best,file,13,baseline,4661,080.Green_Kingfisher/Green_Kingfisher_0059_71119.jpg,80,79,080.Green_Kingfisher,79,78,identity,identity,0,{},0.001562566,0.001562566,0,0.99843866,0.99843866,0.00073109951,0.00073109951,0.99770756,0.99770756,0,1,1,0.28666639,0.28666639,False,0.99999994,True,True,True,1,1,0.28666639,0.28666639,1,1,0.27970804,0.27970804,1,1,0.062777612,0.062777612,1,1,0.061674845,0.061674845,1,1,0.11605203,0.11605203,1,1,0.16005846,0.16005846,1,1,0.13511558,0.13511558,1,1,0.13072795,0.13072795
0b_baseline_best,file,13,baseline,4661,080.Green_Kingfisher/Green_Kingfisher_0059_71119.jpg,80,79,080.Green_Kingfisher,79,78,horizontal_flip,horizontal_flip,0,"{""flipped"":true}",0.001562566,0.0032317813,0.0016692153,0.99843866,0.99677342,0.00073109951,0.0019567881,0.99770756,0.99481663,-0.0028909232,0.68157284,1.7981817,0.28666639,0.51547826,False,0.97533292,True,True,True,0.68157284,1.7981817,0.28666639,0.51547826,0.66546327,1.7825336,0.27970804,0.49858899,0.96293201,2.0846537,0.062777612,0.13086958,0.56997355,1.7975633,0.061674845,0.11086444,0.62945393,1.860114,0.11605203,0.21587,0.67050252,1.7301517,0.16005846,0.27692542,0.64044224,1.7111542,0.13511558,0.2312036,0.73384897,1.8668071,0.13072795,0.24404387
0b_baseline_best,file,13,baseline,4661,080.Green_Kingfisher/Green_Kingfisher_0059_71119.jpg,80,79,080.Green_Kingfisher,79,78,color_jitter,color_jitter,0,"{""brightness"":1.313456,""contrast"":1.195382,""hue"":0.095343,""saturation"":0.938106}",0.001562566,0.012334378,0.010771811,0.99843866,0.98774135,0.00073109951,0.00056090765,0.99770756,0.98718044,-0.010527113,0.59214941,7.8504302,0.28666639,2.2504545,False,0.89054114,True,True,True,0.59214941,7.8504302,0.28666639,2.2504545,0.58594493,7.9307194,0.27970804,2.218286,0.77516604,6.0395262,0.062777612,0.37914703,0.50340437,8.3224375,0.061674845,0.51328504,0.52293018,7.6090404,0.11605203,0.88304458,0.62353003,7.4789894,0.16005846,1.1970755,0.57191743,8.4609825,0.13511558,1.1432106,0.61839542,8.1589559,0.13072795,1.0666036
0b_baseline_best,file,13,baseline,4661,080.Green_Kingfisher/Green_Kingfisher_0059_71119.jpg,80,79,080.Green_Kingfisher,79,78,rotation,rotation,0,"{""angle"":11.773896}",0.001562566,0.0017453689,0.00018280291,0.99843866,0.99825615,0.00073109951,0.00034437171,0.99770756,0.99791178,0.00020421838,0.76318123,0.97139699,0.28666639,0.27846687,False,0.97851402,True,True,True,0.76318123,0.97139699,0.28666639,0.27846687,0.75344394,0.96872629,0.27970804,0.27096053,0.94730947,1.0229733,0.062777612,0.064219822,0.46154825,0.92877082,0.061674845,0.057281797,0.74740843,0.98797801,0.11605203,0.11465685,0.77221144,0.92254866,0.16005846,0.14766172,0.75253913,0.97572681,0.13511558,0.1318359,0.79517477,1.0207828,0.13072795,0.13344484
0b_baseline_best,file,13,baseline,4661,080.Green_Kingfisher/Green_Kingfisher_0059_71119.jpg,80,79,080.Green_Kingfisher,79,78,random_resized_crop,random_resized_crop,0,"{""area_fraction"":0.753793,""aspect"":1.073941,""fallback"":false,""height"":0.837791,""left"":0.097806,""top"":0.129625,""width"":0.899738}",0.001562566,0.016679714,0.015117147,0.99843866,0.98345864,0.00073109951,0.0019432482,0.99770756,0.98151539,-0.016192167,0.7234901,7.9419959,0.28666639,2.2767033,False,0.96270514,True,True,True,0.7234901,7.9419959,0.28666639,2.2767033,0.71338099,7.8679112,0.27970804,2.200718,0.90288991,9.2912435,0.062777612,0.58328208,0.62217517,7.5117998,0.061674845,0.46328909,0.70344837,7.6683413,0.11605203,0.88992657,0.75428752,7.0616173,0.16005846,1.1302716,0.70770086,7.6533176,0.13511558,1.0340825,0.71046912,9.3364741,0.13072795,1.2205381
0b_baseline_best,file,13,baseline,4661,080.Green_Kingfisher/Green_Kingfisher_0059_71119.jpg,80,79,080.Green_Kingfisher,79,78,gaussian_blur,gaussian_blur,0,"{""sigma"":1.563341}",0.001562566,0.42563012,0.42406756,0.99843866,0.65335798,0.00073109951,0.036325764,0.99770756,0.61703222,-0.38067534,0.37391649,230.03359,0.28666639,65.942898,False,0.82480347,True,True,True,0.37391649,230.03359,0.28666639,65.942898,0.36341834,233.09064,0.27970804,65.197326,0.71042471,157.50996,0.062777612,9.8880989,0.34196756,415.26022,0.061674845,25.611109,0.19678823,197.0468,0.11605203,22.867681,0.34421895,205.43916,0.16005846,32.882275,0.42172028,253.16207,0.13511558,34.20614,0.48180814,219.11802,0.13072795,28.64485
0b_baseline_best,file,13,baseline,4661,080.Green_Kingfisher/Green_Kingfisher_0059_71119.jpg,80,79,080.Green_Kingfisher,79,78,random_erasing,random_erasing,0,"{""area_fraction"":0.101884,""erased"":true,""height"":0.184039,""left"":0.075106,""top"":0.680537,""width"":0.553602}",0.001562566,0.0050831367,0.0035205707,0.99843866,0.99492973,0.00073109951,0.0012645446,0.99770756,0.99366519,-0.0040423705,0.86645831,3.5536348,0.28666639,1.0187077,False,0.98687214,True,True,True,0.86645831,3.5536348,0.28666639,1.0187077,0.86273047,3.559221,0.27970804,0.99554274,0.94348072,3.4408622,0.062777612,0.21600911,0.84341156,3.8320388,0.061674845,0.2363404,0.85853314,3.5764151,0.11605203,0.41505023,0.88554881,3.4655099,0.16005846,0.55468418,0.83887197,3.5252738,0.13511558,0.47631943,0.8639695,3.6559933,0.13072795,0.47794051
0b_baseline_best,file,13,baseline,2841,050.Eared_Grebe/Eared_Grebe_0027_34341.jpg,50,49,050.Eared_Grebe,51,50,identity,identity,0,{},0.18053414,0.18053414,0,0.8348242,0.8348242,0.11869266,0.11869266,0.71613155,0.71613155,0,1,1,24.835064,24.835064,False,1,True,True,True,1,1,24.835064,24.835064,1,1,24.262424,24.262424,1,1,5.3023733,5.3023733,1,1,4.5154731,4.5154731,1,1,10.282546,10.282546,1,1,12.97779,12.97779,1,1,12.474904,12.474904,1,1,11.768549,11.768549
0b_baseline_best,file,13,baseline,2841,050.Eared_Grebe/Eared_Grebe_0027_34341.jpg,50,49,050.Eared_Grebe,51,50,horizontal_flip,horizontal_flip,0,"{""flipped"":true}",0.18053414,0.52611578,0.34558164,0.8348242,0.59089565,0.11869266,0.31854594,0.71613155,0.27234972,-0.44378183,0.72864162,2.6769856,24.835064,66.483107,False,0.97600681,True,True,True,0.72864162,2.6769856,24.835064,66.483107,0.71683366,2.6766391,24.262424,64.941753,0.97517615,2.6842301,5.3023733,14.23279,0.69022687,2.7085491,4.5154731,12.230381,0.67502166,2.6441467,10.282546,27.188559,0.74599675,2.6603736,12.97779,34.525768,0.69650272,2.8269278,12.474904,35.265652,0.74493087,2.5391441,11.768549,29.882041
0b_baseline_best,file,13,baseline,2841,050.Eared_Grebe/Eared_Grebe_0027_34341.jpg,50,49,050.Eared_Grebe,51,50,color_jitter,color_jitter,0,"{""brightness"":1.135559,""contrast"":0.735603,""hue"":-0.072886,""saturation"":1.05125}",0.18053414,1.7883701,1.607836,0.8348242,0.16723251,0.11869266,0.72085482,0.71613155,-0.55362231,-1.2697539,0.73199911,5.1132687,24.835064,126.98835,False,0.93986577,False,True,False,0.73199911,5.1132687,24.835064,126.98835,0.72143335,5.0868917,24.262424,123.42033,0.93529442,5.637266,5.3023733,29.890889,0.61507336,4.7218525,4.5154731,21.321398,0.63841237,4.5963614,10.282546,47.262296,0.7622236,5.2483457,12.97779,68.111927,0.73365917,5.2246412,12.474904,65.176896,0.73145621,5.1385293,11.768549,60.473034
0b_baseline_best,file,13,baseline,2841,050.Eared_Grebe/Eared_Grebe_0027_34341.jpg,50,49,050.Eared_Grebe,51,50,rotation,rotation,0,"{""angle"":-2.772146}",0.18053414,0.21313055,0.032596409,0.8348242,0.80805063,0.11869266,0.089822754,0.71613155,0.71822788,0.0020963326,0.82371607,1.075057,24.835064,26.69911,False,0.97971398,True,True,True,0.82371607,1.075057,24.835064,26.69911,0.81745524,1.0749367,24.262424,26.080571,0.95448467,1.0775729,5.3023733,5.7136935,0.81058393,1.192776,4.5154731,5.385948,0.75804562,1.0419016,10.282546,10.713401,0.81231942,1.0092403,12.97779,13.097708,0.829739,1.0955933,12.474904,13.667421,0.85646721,1.1338699,11.768549,13.344004
0b_baseline_best,file,13,baseline,2841,050.Eared_Grebe/Eared_Grebe_0027_34341.jpg,50,49,050.Eared_Grebe,51,50,random_resized_crop,random_resized_crop,0,"{""area_fraction"":0.631292,""aspect"":1.042945,""fallback"":false,""height"":0.778009,""left"":0.043811,""top"":0.106706,""width"":0.81142}",0.18053414,0.31483564,0.1343015,0.8348242,0.72990882,0.11869266,0.084004372,0.71613155,0.64590445,-0.070227094,0.66982194,1.4510228,24.835064,36.036243,False,0.95623553,True,True,True,0.66982194,1.4510228,24.835064,36.036243,0.65908474,1.4501326,24.262424,35.183731,0.89172145,1.4695381,5.3023733,7.7920395,0.66293173,1.8591839,4.5154731,8.3950951,0.63265493,1.5376488,10.282546,15.810944,0.67351291,1.4303373,12.97779,18.562617,0.64730287,1.3800149,12.474904,17.215553,0.6815564,1.4129057,11.768549,16.62785
0b_baseline_best,file,13,baseline,2841,050.Eared_Grebe/Eared_Grebe_0027_34341.jpg,50,49,050.Eared_Grebe,51,50,gaussian_blur,gaussian_blur,0,"{""sigma"":1.798844}",0.18053414,0.65182716,0.47129302,0.8348242,0.52109277,0.11869266,0.023123864,0.71613155,0.49796891,-0.21816264,0.32602552,3.4739884,24.835064,86.276724,False,0.89549786,True,True,True,0.32602552,3.4739884,24.835064,86.276724,0.31285258,3.4944496,24.262424,84.78382,0.64925156,3.0138425,5.3023733,15.980518,-0.038065089,4.724273,4.5154731,21.332328,0.08240441,3.8300253,10.282546,39.38241,0.4207548,3.6608502,12.97779,47.509743,0.36576896,3.3384167,12.474904,41.646427,0.40483887,2.9320387,11.768549,34.505841
0b_baseline_best,file,13,baseline,2841,050.Eared_Grebe/Eared_Grebe_0027_34341.jpg,50,49,050.Eared_Grebe,51,50,random_erasing,random_erasing,0,"{""area_fraction"":0.13589,""erased"":true,""height"":0.643111,""left"":0.241101,""top"":0.070792,""width"":0.211301}",0.18053414,2.0520766,1.8715424,0.8348242,0.12846786,0.11869266,0.060057934,0.71613155,0.068409923,-0.64772162,0.46754422,3.9483023,24.835064,98.05634,False,0.81258905,False,True,False,0.46754422,3.9483023,24.835064,98.05634,0.45740774,3.9379039,24.262424,95.543095,0.66911517,4.1600558,5.3023733,22.058169,0.4617404,3.6984493,4.5154731,16.700248,0.53310283,3.7164164,10.282546,38.214222,0.532719,3.8452206,12.97779,49.902464,0.37558704,3.8017482,12.474904,47.426443,0.41071714,4.3739949,11.768549,51.475573
0b_baseline_best,file,13,baseline,6566,113.Baird_Sparrow/Baird_Sparrow_0008_106929.jpg,113,112,113.Baird_Sparrow,124,123,identity,identity,0,{},4.2354503,4.2354503,0,0.014473294,0.014473294,0.69371015,0.69371015,-0.67923685,-0.67923685,0,1,1,196.81925,196.81925,False,1.0000001,True,False,False,1,1,196.81925,196.81925,1,1,192.89469,192.89469,1,1,39.10827,39.10827,1,1,29.001255,29.001255,1,1,78.025024,78.025024,1,1,106.00418,106.00418,1,1,98.526221,98.526221,1,1,96.618236,96.618236
0b_baseline_best,file,13,baseline,6566,113.Baird_Sparrow/Baird_Sparrow_0008_106929.jpg,113,112,113.Baird_Sparrow,124,123,horizontal_flip,horizontal_flip,0,"{""flipped"":true}",4.2354503,3.89783,-0.33762026,0.014473294,0.020285884,0.69371015,0.50526303,-0.67923685,-0.48497715,0.19425971,0.79436496,0.92549277,196.81925,182.1548,False,0.96959794,True,False,False,0.79436496,0.92549277,196.81925,182.1548,0.7879977,0.92690689,192.89469,178.79542,0.95623482,0.89039871,39.10827,34.821953,0.80150891,0.93011278,29.001255,26.974438,0.77871521,0.83188953,78.025024,64.9082,0.8091804,0.93597476,106.00418,99.217233,0.75290301,0.93444897,98.526221,92.067726,0.80596498,0.96575005,96.618236,93.309066
0b_baseline_best,file,13,baseline,6566,113.Baird_Sparrow/Baird_Sparrow_0008_106929.jpg,113,112,113.Baird_Sparrow,124,123,color_jitter,color_jitter,0,"{""brightness"":0.94238,""contrast"":1.14043,""hue"":-0.013657,""saturation"":0.655702}",4.2354503,2.1392934,-2.0961568,0.014473294,0.11773802,0.69371015,0.48609564,-0.67923685,-0.36835762,0.31087923,0.83311678,0.81337003,196.81925,160.08688,False,0.95785189,True,False,False,0.83311678,0.81337003,196.81925,160.08688,0.82853189,0.8115933,192.89469,156.55204,0.94004429,0.85545769,39.10827,33.45547,0.79094945,0.87935341,29.001255,25.502352,0.80519791,0.7791675,78.025024,60.794563,0.81195499,0.73132138,106.00418,77.52312,0.83367325,0.82695438,98.526221,81.47669,0.86574836,0.89716809,96.618236,86.682798
0b_baseline_best,file,13,baseline,6566,113.Baird_Sparrow/Baird_Sparrow_0008_106929.jpg,113,112,113.Baird_Sparrow,124,123,rotation,rotation,0,"{""angle"":-7.967071}",4.2354503,4.2859592,0.050508976,0.014473294,0.013760416,0.69371015,0.55193007,-0.67923685,-0.53816965,0.1410672,0.84975977,0.91341844,196.81925,179.77834,False,0.97475767,True,False,False,0.84975977,0.91341844,196.81925,179.77834,0.84579455,0.91784935,192.89469,177.04827,0.96873345,0.79808074,39.10827,31.211557,0.77907245,1.0393121,29.001255,30.141356,0.82446803,0.97776919,78.025024,76.290464,0.86220301,0.89571073,106.00418,94.949078,0.83163762,0.9097646,98.526221,89.635668,0.86543545,0.90036027,96.618236,86.991221
0b_baseline_best,file,13,baseline,6566,113.Baird_Sparrow/Baird_Sparrow_0008_106929.jpg,113,112,113.Baird_Sparrow,124,123,random_resized_crop,random_resized_crop,0,"{""area_fraction"":0.606242,""aspect"":1.288218,""fallback"":false,""height"":0.686007,""left"":0.115434,""top"":0.170302,""width"":0.883726}",4.2354503,3.7602503,-0.47519994,0.014473294,0.023277914,0.69371015,0.82097119,-0.67923685,-0.79769328,-0.11845642,0.74204508,1.2809215,196.81925,252.11002,False,0.92077243,True,False,False,0.74204508,1.2809215,196.81925,252.11002,0.73767525,1.2919289,192.89469,249.20623,0.91137715,0.9755956,39.10827,38.153856,0.67646167,1.557111,29.001255,45.158174,0.74184704,1.3685108,78.025024,106.77809,0.73145284,1.3169869,106.00418,139.60611,0.72636064,1.265469,98.526221,124.68188,0.766596,1.2082276,96.618236,116.73682
0b_baseline_best,file,13,baseline,6566,113.Baird_Sparrow/Baird_Sparrow_0008_106929.jpg,113,112,113.Baird_Sparrow,124,123,gaussian_blur,gaussian_blur,0,"{""sigma"":1.341579}",4.2354503,2.7375998,-1.4978504,0.014473294,0.064725503,0.69371015,0.67235494,-0.67923685,-0.60762943,0.071607421,0.65146107,1.0476653,196.81925,206.20069,False,0.8937571,True,False,False,0.65146107,1.0476653,196.81925,206.20069,0.64414078,1.0547822,192.89469,203.46188,0.88448951,0.85649685,39.10827,33.49611,0.56554423,1.2625553,29.001255,36.615688,0.5452892,1.1908282,78.025024,92.914401,0.61473848,1.069638,106.00418,113.38609,0.67949463,1.0338973,98.526221,101.866,0.74546916,0.93665359,96.618236,90.497817
0b_baseline_best,file,13,baseline,6566,113.Baird_Sparrow/Baird_Sparrow_0008_106929.jpg,113,112,113.Baird_Sparrow,124,123,random_erasing,random_erasing,0,"{""area_fraction"":0.127943,""erased"":true,""height"":0.429501,""left"":0.195778,""top"":0.124929,""width"":0.297888}",4.2354503,3.1556895,-1.0797608,0.014473294,0.042609014,0.69371015,0.37194607,-0.67923685,-0.32933705,0.3498998,0.85682025,0.90165426,196.81925,177.46292,False,0.97722608,True,False,False,0.85682025,0.90165426,196.81925,177.46292,0.85383136,0.9023057,192.89469,174.04998,0.93104295,0.88565865,39.10827,34.636577,0.86823585,0.92652946,29.001255,26.870517,0.8759077,0.94830577,78.025024,73.99158,0.87071417,0.88951451,106.00418,94.292253,0.82164895,0.89296928,98.526221,87.980889,0.85136735,0.89424059,96.618236,86.399949
0b_baseline_best,file,13,baseline,10350,176.Prairie_Warbler/Prairie_Warbler_0031_172818.jpg,176,175,176.Prairie_Warbler,163,162,identity,identity,0,{},1.6022362,1.6022362,0,0.20144555,0.20144555,0.41178492,0.41178492,-0.21033937,-0.21033937,0,1,1,129.83763,129.83763,False,0.99999988,True,False,False,1,1,129.83763,129.83763,1,1,127.06793,127.06793,1,1,26.674901,26.674901,1,1,19.544073,19.544073,1,1,55.018079,55.018079,1,1,73.421852,73.421852,1,1,64.367893,64.367893,1,1,56.597754,56.597754
0b_baseline_best,file,13,baseline,10350,176.Prairie_Warbler/Prairie_Warbler_0031_172818.jpg,176,175,176.Prairie_Warbler,163,162,horizontal_flip,horizontal_flip,0,"{""flipped"":true}",1.6022362,1.4532392,-0.14899695,0.20144555,0.23381169,0.41178492,0.44085601,-0.21033937,-0.20704432,0.0032950491,0.67747818,1.093899,129.83763,142.02925,False,0.96584028,True,False,False,0.67747818,1.093899,129.83763,142.02925,0.66634604,1.0982475,127.06793,139.55204,0.96118004,0.99010254,26.674901,26.410887,0.3427691,1.3442535,19.544073,26.272188,0.60535166,1.3206358,55.018079,72.658844,0.68524833,1.0516356,73.421852,77.213034,0.67077191,0.99322824,64.367893,63.93201,0.77390796,1.0387064,56.597754,58.788452
0b_baseline_best,file,13,baseline,10350,176.Prairie_Warbler/Prairie_Warbler_0031_172818.jpg,176,175,176.Prairie_Warbler,163,162,color_jitter,color_jitter,0,"{""brightness"":0.820075,""contrast"":1.399327,""hue"":-0.065289,""saturation"":0.744931}",1.6022362,2.7563877,1.1541516,0.20144555,0.063520804,0.41178492,0.072474062,-0.21033937,-0.0089532584,0.20138611,0.52267068,1.1280812,129.83763,146.46739,False,0.92866087,False,False,False,0.52267068,1.1280812,129.83763,146.46739,0.51099408,1.1341683,127.06793,144.11642,0.83475786,0.97984258,26.674901,26.137204,0.55185119,1.6373407,19.544073,32.000305,0.37382616,1.2622904,55.018079,69.448795,0.48338133,1.0826706,73.421852,79.491682,0.57711721,1.0499289,64.367893,67.581711,0.62640875,1.1224983,56.597754,63.530885
0b_baseline_best,file,13,baseline,10350,176.Prairie_Warbler/Prairie_Warbler_0031_172818.jpg,176,175,176.Prairie_Warbler,163,162,rotation,rotation,0,"{""angle"":-3.9038}",1.6022362,2.2239614,0.6217252,0.20144555,0.10817973,0.41178492,0.63728434,-0.21033937,-0.52910461,-0.31876524,0.84278755,1.3277632,129.83763,172.39362,False,0.9792037,True,False,False,0.84278755,1.3277632,129.83763,172.39362,0.83828202,1.3343466,127.06793,169.55267,0.96670313,1.1684455,26.674901,31.168168,0.71670352,1.7452507,19.544073,34.109306,0.84373874,1.4793325,55.018079,81.390031,0.85233406,1.344481,73.421852,98.714286,0.82578233,1.2593177,64.367893,81.05963,0.86025877,1.2042058,56.597754,68.155345
0b_baseline_best,file,13,baseline,10350,176.Prairie_Warbler/Prairie_Warbler_0031_172818.jpg,176,175,176.Prairie_Warbler,163,162,random_resized_crop,random_resized_crop,0,"{""area_fraction"":0.878464,""aspect"":0.962548,""fallback"":false,""height"":0.955324,""left"":0.057085,""top"":0.044466,""width"":0.919545}",1.6022362,2.2272825,0.62504637,0.20144555,0.10782103,0.41178492,0.6491127,-0.21033937,-0.54129167,-0.3309523,0.82878342,1.6642778,129.83763,216.08589,False,0.98366666,True,False,False,0.82878342,1.6642778,129.83763,216.08589,0.82500198,1.6791563,127.06793,213.36692,0.97078505,1.2810225,26.674901,34.171147,0.69175753,2.1205067,19.544073,41.443337,0.80449303,2.0239277,55.018079,111.35262,0.8463199,1.7141229,73.421852,125.85408,0.840143,1.5399662,64.367893,99.124381,0.86207436,1.3390377,56.597754,75.786528
0b_baseline_best,file,13,baseline,10350,176.Prairie_Warbler/Prairie_Warbler_0031_172818.jpg,176,175,176.Prairie_Warbler,163,162,gaussian_blur,gaussian_blur,0,"{""sigma"":1.075361}",1.6022362,1.3847926,-0.21744359,0.20144555,0.25037575,0.41178492,0.55678493,-0.21033937,-0.30640918,-0.096069813,0.7487207,1.2721488,129.83763,165.17279,False,0.93757677,True,False,False,0.7487207,1.2721488,129.83763,165.17279,0.74342296,1.281688,127.06793,162.86144,0.91497682,1.0322601,26.674901,27.535436,0.56525486,1.6370853,19.544073,31.995313,0.65620454,1.3990287,55.018079,76.971871,0.77977884,1.2853031,73.421852,94.369332,0.77098823,1.2532237,64.367893,80.667369,0.7794269,1.1399548,56.597754,64.518881
0b_baseline_best,file,13,baseline,10350,176.Prairie_Warbler/Prairie_Warbler_0031_172818.jpg,176,175,176.Prairie_Warbler,163,162,random_erasing,random_erasing,0,"{""area_fraction"":0.18054,""erased"":true,""height"":0.388121,""left"":0.393393,""top"":0.321246,""width"":0.465164}",1.6022362,3.5361094,1.9338733,0.20144555,0.029126422,0.41178492,0.0035523139,-0.21033937,0.025574109,0.23591348,0.17120024,1.1247382,129.83763,146.03335,False,0.85507798,False,False,False,0.17120024,1.1247382,129.83763,146.03335,0.14745808,1.1247581,127.06793,142.92069,0.71017557,1.1242864,26.674901,29.990228,0.0091977375,1.4648798,19.544073,28.629717,0.042552631,1.1463396,55.018079,63.069402,0.061249155,1.0819089,73.421852,79.435756,0.18110139,1.0613609,64.367893,68.317563,0.35530589,1.2050395,56.597754,68.202531
0b_baseline_best,file,13,baseline,7555,129.Song_Sparrow/Song_Sparrow_0121_121203.jpg,129,128,129.Song_Sparrow,195,194,identity,identity,0,{},3.7328672,3.7328672,0,0.023924144,0.023924144,0.23752062,0.23752062,-0.21359648,-0.21359648,0,1,1,139.37456,139.37456,False,0.99999988,True,False,False,1,1,139.37456,139.37456,1,1,136.58064,136.58064,1,1,27.766853,27.766853,1,1,25.828586,25.828586,1,1,66.85081,66.85081,1,1,81.038339,81.038339,1,1,62.07959,62.07959,1,1,55.651025,55.651025
0b_baseline_best,file,13,baseline,7555,129.Song_Sparrow/Song_Sparrow_0121_121203.jpg,129,128,129.Song_Sparrow,195,194,horizontal_flip,horizontal_flip,0,"{""flipped"":true}",3.7328672,2.9561276,-0.7767396,0.023924144,0.052019965,0.23752062,0.051241376,-0.21359648,0.0007785894,0.21437507,0.70296509,0.84069485,139.37456,117.17148,False,0.92670554,False,False,False,0.70296509,0.84069485,139.37456,117.17148,0.69397764,0.83625442,136.58064,114.21616,0.90079995,0.94177102,27.766853,26.150017,0.75087211,0.92439002,25.828586,23.875687,0.72479822,0.78605708,66.85081,52.548552,0.71291941,0.83043099,81.038339,67.296748,0.64224513,0.82934296,62.07959,51.485272,0.66959353,0.90460697,55.651025,50.342305
0b_baseline_best,file,13,baseline,7555,129.Song_Sparrow/Song_Sparrow_0121_121203.jpg,129,128,129.Song_Sparrow,195,194,color_jitter,color_jitter,0,"{""brightness"":0.953883,""contrast"":1.2308,""hue"":-0.045173,""saturation"":1.334377}",3.7328672,4.2995272,0.56665993,0.023924144,0.013574979,0.23752062,0.045506507,-0.21359648,-0.031931528,0.18166495,0.6535757,0.7811305,139.37456,108.86972,False,0.85528731,False,False,False,0.6535757,0.7811305,139.37456,108.86972,0.6454947,0.77428976,136.58064,105.75299,0.82676311,0.93145298,27.766853,25.863518,0.54051893,0.95376738,25.828586,24.634462,0.64364251,0.66940666,66.85081,44.750378,0.65034956,0.66117789,81.038339,53.580758,0.67039766,0.8276527,62.07959,51.380341,0.67909709,0.99455555,55.651025,55.348036
0b_baseline_best,file,13,baseline,7555,129.Song_Sparrow/Song_Sparrow_0121_121203.jpg,129,128,129.Song_Sparrow,195,194,rotation,rotation,0,"{""angle"":11.966102}",3.7328672,3.9832401,0.25037289,0.023924144,0.018625192,0.23752062,0.11826124,-0.21359648,-0.099636048,0.11396043,0.82217358,0.92217541,139.37456,128.5278,False,0.95666599,False,False,False,0.82217358,0.92217541,139.37456,128.5278,0.81755813,0.91879116,136.58064,125.48908,0.92757852,1.0005745,27.766853,27.782805,0.70273995,0.94482425,25.828586,24.403474,0.84997669,0.90755315,66.85081,60.670663,0.86239056,0.90051832,81.038339,72.976509,0.77519207,0.90490516,62.07959,56.176142,0.76197067,0.98252182,55.651025,54.678346
0b_baseline_best,file,13,baseline,7555,129.Song_Sparrow/Song_Sparrow_0121_121203.jpg,129,128,129.Song_Sparrow,195,194,random_resized_crop,random_resized_crop,0,"{""area_fraction"":0.718926,""aspect"":0.901976,""fallback"":false,""height"":0.892781,""left"":0.004057,""top"":0.089017,""width"":0.805266}",3.7328672,3.512434,-0.22043324,0.023924144,0.029824231,0.23752062,0.12179697,-0.21359648,-0.091972735,0.12162374,0.75726054,1.0150555,139.37456,141.47292,False,0.93666923,False,False,False,0.75726054,1.0150555,139.37456,141.47292,0.75121288,1.016761,136.58064,138.86987,0.91089238,0.97287909,27.766853,27.013791,0.67881598,1.1298267,25.828586,29.181826,0.75167127,0.92924899,66.85081,62.121048,0.80600478,1.019545,81.038339,82.622231,0.70516958,1.046176,62.07959,64.946175,0.71837883,1.0675834,55.651025,59.41211
0b_baseline_best,file,13,baseline,7555,129.Song_Sparrow/Song_Sparrow_0121_121203.jpg,129,128,129.Song_Sparrow,195,194,gaussian_blur,gaussian_blur,0,"{""sigma"":1.993678}",3.7328672,4.974535,1.2416677,0.023924144,0.0069117327,0.23752062,0.024943402,-0.21359648,-0.018031669,0.19556481,0.46877549,0.9756782,139.37456,135.98472,False,0.8197276,False,False,False,0.46877549,0.9756782,139.37456,135.98472,0.4562879,0.97723592,136.58064,133.47151,0.78421357,0.9372002,27.766853,26.0231,0.12695609,1.4174616,25.828586,36.611029,0.38425195,0.84911118,66.85081,56.76377,0.48181259,0.83540027,81.038339,67.69945,0.50357905,1.0531075,62.07959,65.376483,0.55637499,1.1912389,55.651025,66.293667
0b_baseline_best,file,13,baseline,7555,129.Song_Sparrow/Song_Sparrow_0121_121203.jpg,129,128,129.Song_Sparrow,195,194,random_erasing,random_erasing,0,"{""area_fraction"":0.099023,""erased"":true,""height"":0.2426,""left"":0.493487,""top"":0.231992,""width"":0.408174}",3.7328672,3.5166554,-0.2162118,0.023924144,0.029698595,0.23752062,0.062955067,-0.21359648,-0.033256471,0.18034001,0.83191436,0.72781466,139.37456,101.43885,False,0.95259202,False,False,False,0.83191436,0.72781466,139.37456,101.43885,0.82742859,0.72083686,136.58064,98.45236,0.9366188,0.87993554,27.766853,24.433041,0.78422033,0.70468419,25.828586,18.200996,0.83887327,0.64299923,66.85081,42.985019,0.88068427,0.68400574,81.038339,55.430689,0.8157808,0.72788605,62.07959,45.186868,0.77125998,0.88020538,55.651025,48.984332
0b_baseline_best,file,13,baseline,1074,020.Yellow_breasted_Chat/Yellow_Breasted_Chat_0044_22106.jpg,20,19,020.Yellow_breasted_Chat,77,76,identity,identity,0,{},0.004841628,0.004841628,0,0.99517006,0.99517006,0.0010838445,0.0010838445,0.99408621,0.99408621,0,1,1,0.5755561,0.5755561,False,1,True,True,True,1,1,0.5755561,0.5755561,1,1,0.55805973,0.55805973,1,1,0.14083382,0.14083382,1,1,0.090829349,0.090829349,1,1,0.21178587,0.21178587,1,1,0.27301651,0.27301651,1,1,0.28355596,0.28355596,1,1,0.32153606,0.32153606
0b_baseline_best,file,13,baseline,1074,020.Yellow_breasted_Chat/Yellow_Breasted_Chat_0044_22106.jpg,20,19,020.Yellow_breasted_Chat,77,76,horizontal_flip,horizontal_flip,0,"{""flipped"":true}",0.004841628,0.0036144422,-0.0012271858,0.99517006,0.99639207,0.0010838445,0.00017188466,0.99408621,0.99622019,0.0021339742,0.52629597,0.79605672,0.5755561,0.4581753,False,0.96884084,True,True,True,0.52629597,0.79605672,0.5755561,0.4581753,0.49835567,0.78951327,0.55805973,0.44059556,0.91806579,0.89253195,0.14083382,0.12569869,0.47221469,1.2639221,0.090829349,0.11480122,0.37428725,0.78890972,0.21178587,0.16707993,0.31211186,0.73272636,0.27301651,0.2000464,0.47084756,0.76556427,0.28355596,0.21708031,0.70683927,0.79830745,0.32153606,0.25668463
0b_baseline_best,file,13,baseline,1074,020.Yellow_breasted_Chat/Yellow_Breasted_Chat_0044_22106.jpg,20,19,020.Yellow_breasted_Chat,77,76,color_jitter,color_jitter,0,"{""brightness"":1.063165,""contrast"":0.879768,""hue"":-0.061573,""saturation"":0.709538}",0.004841628,0.67685163,0.67201,0.99517006,0.50821453,0.0010838445,0.0069550266,0.99408621,0.50125951,-0.49282671,0.52335885,114.23179,0.5755561,65.746805,False,0.83277738,True,True,True,0.52335885,114.23179,0.5755561,65.746805,0.51331382,116.06575,0.55805973,64.771619,0.78669168,80.107419,0.14083382,11.281834,0.28735389,134.28698,0.090829349,12.197199,0.38600634,139.50592,0.21178587,29.545383,0.4601987,130.86827,0.27301651,35.729199,0.5750405,110.43036,0.28355596,31.313187,0.63956906,94.157108,0.32153606,30.274905
0b_baseline_best,file,13,baseline,1074,020.Yellow_breasted_Chat/Yellow_Breasted_Chat_0044_22106.jpg,20,19,020.Yellow_breasted_Chat,77,76,rotation,rotation,0,"{""angle"":-12.127721}",0.004841628,0.0045822617,-0.00025936635,0.99517006,0.9954282,0.0010838445,0.00053982396,0.99408621,0.99488838,0.00080216822,0.53789842,1.0169906,0.5755561,0.58533516,False,0.96996969,True,True,True,0.53789842,1.0169906,0.5755561,0.58533516,0.51316123,1.0154531,0.55805973,0.56668345,0.91699691,1.0408353,0.14083382,0.14658482,0.43519242,1.1894164,0.090829349,0.10803392,0.36081266,0.98629082,0.21178587,0.20888246,0.35262929,0.97856401,0.27301651,0.26716413,0.49359701,1.0586792,0.28355596,0.30019481,0.71554002,1.0045738,0.32153606,0.3230067
0b_baseline_best,file,13,baseline,1074,020.Yellow_breasted_Chat/Yellow_Breasted_Chat_0044_22106.jpg,20,19,020.Yellow_breasted_Chat,77,76,random_resized_crop,random_resized_crop,0,"{""area_fraction"":0.726472,""aspect"":0.940909,""fallback"":false,""height"":0.87869,""left"":0.158689,""top"":0.021103,""width"":0.826767}",0.004841628,0.0041571157,-0.00068451231,0.99517006,0.99585152,0.0010838445,0.00058715942,0.99408621,0.99526436,0.0011781449,0.71137605,0.79623399,0.5755561,0.45827733,False,0.97773826,True,True,True,0.71137605,0.79623399,0.5755561,0.45827733,0.69352859,0.79234583,0.55805973,0.4421763,0.97301229,0.85496943,0.14083382,0.12040861,0.50084368,0.88880605,0.090829349,0.080729675,0.57153886,0.77538662,0.21178587,0.16421593,0.66059857,0.71174368,0.27301651,0.19431778,0.69598483,0.82770945,0.28355596,0.23470195,0.78296355,0.81808067,0.32153606,0.26304243
0b_baseline_best,file,13,baseline,1074,020.Yellow_breasted_Chat/Yellow_Breasted_Chat_0044_22106.jpg,20,19,020.Yellow_breasted_Chat,77,76,gaussian_blur,gaussian_blur,0,"{""sigma"":1.814093}",0.004841628,0.17494,0.17009838,0.99517006,0.8395074,0.0010838445,0.019457404,0.99408621,0.82005,-0.17403621,0.41589451,42.827194,0.5755561,24.649453,False,0.87203288,True,True,True,0.41589451,42.827194,0.5755561,24.649453,0.39641724,43.463321,0.55805973,24.255129,0.86429259,31.181299,0.14083382,4.3913815,0.18197761,73.427157,0.090829349,6.6693408,0.29453608,54.554499,0.21178587,11.553872,0.25222794,44.379228,0.27301651,12.116262,0.4401773,44.890026,0.28355596,12.728834,0.65186672,31.334981,0.32153606,10.075326
0b_baseline_best,file,13,baseline,1074,020.Yellow_breasted_Chat/Yellow_Breasted_Chat_0044_22106.jpg,20,19,020.Yellow_breasted_Chat,77,76,random_erasing,random_erasing,0,"{""area_fraction"":0.051932,""erased"":true,""height"":0.139382,""left"":0.205751,""top"":0.32531,""width"":0.372588}",0.004841628,0.50404507,0.49920344,0.99517006,0.60408217,0.0010838445,0.043147665,0.99408621,0.5609345,-0.43315171,0.40630747,74.737198,0.5755561,43.01545,False,0.84172809,True,True,True,0.40630747,74.737198,0.5755561,43.01545,0.38222879,75.097017,0.55805973,41.908621,0.82019383,68.841257,0.14083382,9.6951774,0.60084564,87.486394,0.090829349,7.9463322,0.37279606,78.735536,0.21178587,16.675074,0.083750688,75.047088,0.27301651,20.489094,0.39025122,72.977101,0.28355596,20.693092,0.57864987,74.064316,0.32153606,23.814348
0b_baseline_best,file,13,baseline,7464,128.Seaside_Sparrow/Seaside_Sparrow_0051_796522.jpg,128,127,128.Seaside_Sparrow,174,173,identity,identity,0,{},0.00078944984,0.00078944984,0,0.99921083,0.99921083,0.00022091679,0.00022091679,0.99898992,0.99898992,0,1,1,0.097543226,0.097543226,False,1,True,True,True,1,1,0.097543226,0.097543226,1,1,0.09350773,0.09350773,1,1,0.027766623,0.027766623,1,1,0.012232371,0.012232371,1,1,0.03563471,0.03563471,1,1,0.045885318,0.045885318,1,1,0.043515777,0.043515777,1,1,0.057664087,0.057664087
0b_baseline_best,file,13,baseline,7464,128.Seaside_Sparrow/Seaside_Sparrow_0051_796522.jpg,128,127,128.Seaside_Sparrow,174,173,horizontal_flip,horizontal_flip,0,"{""flipped"":true}",0.00078944984,0.00072595943,-6.3490414e-05,0.99921083,0.99927431,0.00022091679,8.5637992e-05,0.99898992,0.99918868,0.00019875774,0.61317335,0.93781775,0.097543226,0.091477768,False,0.97214627,True,True,True,0.61317335,0.93781775,0.097543226,0.091477768,0.5871189,0.93987242,0.09350773,0.087885336,0.91717197,0.91419277,0.027766623,0.025384046,0.42366562,0.85012591,0.012232371,0.010399056,0.63807947,1.1146936,0.03563471,0.039721783,0.43845413,0.88346903,0.045885318,0.040538257,0.4448973,0.92062678,0.043515777,0.040061789,0.74752478,0.91593272,0.057664087,0.052816424
0b_baseline_best,file,13,baseline,7464,128.Seaside_Sparrow/Seaside_Sparrow_0051_796522.jpg,128,127,128.Seaside_Sparrow,174,173,color_jitter,color_jitter,0,"{""brightness"":1.207109,""contrast"":0.687895,""hue"":-0.011984,""saturation"":1.20612}",0.00078944984,0.00041631138,-0.00037313846,0.99921083,0.99958378,0.00022091679,8.4749467e-05,0.99898992,0.99949903,0.00050911358,0.88362938,0.54234156,0.097543226,0.052901745,False,0.99237525,True,True,True,0.88362938,0.54234156,0.097543226,0.052901745,0.87564089,0.54374419,0.09350773,0.050844285,0.97769112,0.52617285,0.027766623,0.014610043,0.74539534,0.65876885,0.012232371,0.0080583051,0.86090038,0.61681737,0.03563471,0.021980108,0.84536957,0.53239208,0.045885318,0.02442898,0.85265233,0.51898069,0.043515777,0.022583848,0.92664386,0.52893239,0.057664087,0.030500403
0b_baseline_best,file,13,baseline,7464,128.Seaside_Sparrow/Seaside_Sparrow_0051_796522.jpg,128,127,128.Seaside_Sparrow,174,173,rotation,rotation,0,"{""angle"":7.038211}",0.00078944984,0.0072924383,0.0065029885,0.99921083,0.99273407,0.00022091679,0.00084063434,0.99898992,0.99189344,-0.0070964775,0.76835882,10.794486,0.097543226,1.052929,False,0.97876769,True,True,True,0.76835882,10.794486,0.097543226,1.052929,0.7575496,10.986525,0.09350773,1.027325,0.95858229,8.31168,0.027766623,0.23078728,0.64386392,13.75127,0.012232371,0.16821064,0.75111677,13.990035,0.03563471,0.49853084,0.75711299,12.078697,0.045885318,0.55423487,0.72927432,10.58439,0.043515777,0.46058794,0.82535214,8.8298865,0.057664087,0.50916734
0b_baseline_best,file,13,baseline,7464,128.Seaside_Sparrow/Seaside_Sparrow_0051_796522.jpg,128,127,128.Seaside_Sparrow,174,173,random_resized_crop,random_resized_crop,0,"{""area_fraction"":0.58788,""aspect"":0.829634,""fallback"":false,""height"":0.841784,""left"":0.236126,""top"":0.11343,""width"":0.698373}",0.00078944984,0.014039797,0.013250347,0.99921083,0.98605829,0.00022091679,0.00078961207,0.99898992,0.98526868,-0.013721235,0.56972868,24.229041,0.097543226,2.3633789,False,0.91450191,True,True,True,0.56972868,24.229041,0.097543226,2.3633789,0.55710981,24.759427,0.09350773,2.3151978,0.81410022,17.099048,0.027766623,0.47478281,0.59398955,30.449853,0.012232371,0.3724739,0.66457325,35.938719,0.03563471,1.2806658,0.51282422,25.971332,0.045885318,1.1917028,0.46309417,22.688145,0.043515777,0.98729225,0.63104625,18.889031,0.057664087,1.0892187
0b_baseline_best,file,13,baseline,7464,128.Seaside_Sparrow/Seaside_Sparrow_0051_796522.jpg,128,127,128.Seaside_Sparrow,174,173,gaussian_blur,gaussian_blur,0,"{""sigma"":1.204764}",0.00078944984,0.0064734053,0.0056839554,0.99921083,0.9935475,0.00022091679,0.00022350617,0.99898992,0.99332399,-0.0056659247,0.45360607,10.825153,0.097543226,1.0559203,False,0.92359912,True,True,True,0.45360607,10.825153,0.097543226,1.0559203,0.4325855,11.076543,0.09350773,1.0357424,0.84577249,7.3987872,0.027766623,0.20543933,0.43124004,15.035994,0.012232371,0.18392586,0.29796525,16.799527,0.03563471,0.59864627,0.33863905,11.380138,0.045885318,0.52218124,0.42099096,9.9029518,0.043515777,0.43093464,0.68287071,8.1742037,0.057664087,0.47135799
0b_baseline_best,file,13,baseline,7464,128.Seaside_Sparrow/Seaside_Sparrow_0051_796522.jpg,128,127,128.Seaside_Sparrow,174,173,random_erasing,random_erasing,0,"{""area_fraction"":0.120722,""erased"":true,""height"":0.519055,""left"":0.111113,""top"":0.105568,""width"":0.23258}",0.00078944984,0.0017415609,0.00095211103,0.99921083,0.99825996,0.00022091679,0.00041012029,0.99898992,0.99784984,-0.0011400764,0.9221359,2.2538643,0.097543226,0.21984919,False,0.99376476,True,True,True,0.9221359,2.2538643,0.097543226,0.21984919,0.91652898,2.2617097,0.09350773,0.21148734,0.98947717,2.1628985,0.027766623,0.060056385,0.88920834,2.3343099,0.012232371,0.028554145,0.92396703,2.2334328,0.03563471,0.079587729,0.90262898,2.2977134,0.045885318,0.10543131,0.88793509,2.3163988,0.043515777,0.10079989,0.94161745,2.2141208,0.057664087,0.12767526
0b_baseline_best,file,13,baseline,8913,152.Blue_headed_Vireo/Blue_Headed_Vireo_0122_156017.jpg,152,151,152.Blue_headed_Vireo,155,154,identity,identity,0,{},0.030810498,0.030810498,0,0.96965933,0.96965933,0.0074036447,0.0074036447,0.96225568,0.96225568,0,1,1,6.0764778,6.0764778,False,0.99999994,True,True,True,1,1,6.0764778,6.0764778,1,1,6.0006337,6.0006337,1,1,0.95706729,0.95706729,1,1,1.1056884,1.1056884,1,1,3.6085633,3.6085633,1,1,3.1867637,3.1867637,1,1,2.642095,2.642095,1,1,2.1510928,2.1510928
0b_baseline_best,file,13,baseline,8913,152.Blue_headed_Vireo/Blue_Headed_Vireo_0122_156017.jpg,152,151,152.Blue_headed_Vireo,155,154,horizontal_flip,horizontal_flip,0,"{""flipped"":true}",0.030810498,0.0065229121,-0.024287586,0.96965933,0.99349833,0.0074036447,0.0009130757,0.96225568,0.99258525,0.030329566,0.71061714,0.17934536,6.0764778,1.0897881,False,0.97178566,True,True,True,0.71061714,0.17934536,6.0764778,1.0897881,0.70324392,0.17810948,6.0006337,1.0687698,0.95973354,0.22255555,0.95706729,0.21300064,0.4347113,0.1407415,1.1056884,0.15561625,0.80783494,0.15901143,3.6085633,0.57380282,0.66565403,0.16799302,3.1867637,0.53535407,0.64090404,0.19698907,2.642095,0.52046384,0.72073419,0.22358561,2.1510928,0.48095339
0b_baseline_best,file,13,baseline,8913,152.Blue_headed_Vireo/Blue_Headed_Vireo_0122_156017.jpg,152,151,152.Blue_headed_Vireo,155,154,color_jitter,color_jitter,0,"{""brightness"":1.216142,""contrast"":0.966841,""hue"":-0.009495,""saturation"":0.97909}",0.030810498,0.023827394,-0.0069831032,0.96965933,0.97645426,0.0074036447,0.0028016744,0.96225568,0.97365258,0.0113969,0.90807096,0.66274286,6.0764778,4.0271423,False,0.99186897,True,True,True,0.90807096,0.66274286,6.0764778,4.0271423,0.9062685,0.65962551,6.0006337,3.9581711,0.97990051,0.77542078,0.95706729,0.74212987,0.87609006,0.76727419,1.1056884,0.84836619,0.94996727,0.60743143,3.6085633,2.1919548,0.88296556,0.63782628,3.1867637,2.0326016,0.88334961,0.69002656,2.642095,1.8231157,0.91172199,0.76210647,2.1510928,1.6393618
0b_baseline_best,file,13,baseline,8913,152.Blue_headed_Vireo/Blue_Headed_Vireo_0122_156017.jpg,152,151,152.Blue_headed_Vireo,155,154,rotation,rotation,0,"{""angle"":-7.907797}",0.030810498,0.17209809,0.14128759,0.96965933,0.84189659,0.0074036447,0.037692912,0.96225568,0.80420368,-0.158052,0.79518352,4.8842123,6.0764778,29.678808,False,0.94611019,True,True,True,0.79518352,4.8842123,6.0764778,29.678808,0.79204893,4.8938901,6.0006337,29.366442,0.93249756,4.4872654,0.95706729,4.2946149,0.78201092,4.9647562,1.1056884,5.4894735,0.87085117,4.3193653,3.6085633,15.586703,0.78276445,5.1841935,3.1867637,16.5208,0.72375157,5.2475572,2.642095,13.864545,0.75608839,5.1797283,2.1510928,11.142076
0b_baseline_best,file,13,baseline,8913,152.Blue_headed_Vireo/Blue_Headed_Vireo_0122_156017.jpg,152,151,152.Blue_headed_Vireo,155,154,random_resized_crop,random_resized_crop,0,"{""area_fraction"":0.578844,""aspect"":1.137573,""fallback"":false,""height"":0.713331,""left"":0.101572,""top"":0.190448,""width"":0.811466}",0.030810498,0.038393892,0.0075833946,0.96965933,0.9623338,0.0074036447,0.002848193,0.96225568,0.95948561,-0.0027700784,0.68464826,1.004837,6.0764778,6.1058695,False,0.93828499,True,True,True,0.68464826,1.004837,6.0764778,6.1058695,0.67845546,0.99725721,6.0006337,5.9841753,0.89533995,1.2673791,0.95706729,1.2129671,0.65057234,1.1107575,1.1056884,1.2281517,0.82768707,0.96399328,3.6085633,3.4786308,0.57769328,0.93028924,3.1867637,2.964612,0.57941461,0.98285533,2.642095,2.5967971,0.6581709,1.200511,2.1510928,2.5824107
0b_baseline_best,file,13,baseline,8913,152.Blue_headed_Vireo/Blue_Headed_Vireo_0122_156017.jpg,152,151,152.Blue_headed_Vireo,155,154,gaussian_blur,gaussian_blur,0,"{""sigma"":1.201647}",0.030810498,0.1016124,0.070801906,0.96965933,0.90337962,0.0074036447,0.061590977,0.96225568,0.84178864,-0.12046704,0.65082972,3.7255977,6.0764778,22.638512,False,0.92581767,True,True,True,0.65082972,3.7255977,6.0764778,22.638512,0.64522729,3.7223024,6.0006337,22.336174,0.86397617,3.8529033,0.95706729,3.6874877,0.58163142,4.4413548,1.1056884,4.9107546,0.67938985,3.1162197,3.6085633,11.245076,0.62712104,4.1171075,3.1867637,13.120249,0.6270582,3.9247518,2.642095,10.369567,0.69302435,3.8522971,2.1510928,8.2866486
0b_baseline_best,file,13,baseline,8913,152.Blue_headed_Vireo/Blue_Headed_Vireo_0122_156017.jpg,152,151,152.Blue_headed_Vireo,155,154,random_erasing,random_erasing,0,"{""area_fraction"":0.156871,""erased"":true,""height"":0.554,""left"":0.567159,""top"":0.131082,""width"":0.283161}",0.030810498,6.2752137,6.2444032,0.96965933,0.0018823886,0.0074036447,0.00013365572,0.96225568,0.0017487329,-0.96050695,0.15644925,29.851534,6.0764778,181.39218,False,0.74722826,False,True,False,0.15644925,29.851534,6.0764778,181.39218,0.14198819,29.588043,6.0006337,177.54701,0.59537099,38.81737,0.95706729,37.150835,-0.0066392989,23.458713,1.1056884,25.938028,-0.075368004,19.166858,3.6085633,69.164822,0.1939187,30.796473,3.1867637,98.141083,0.22123165,34.335017,2.642095,90.716377,0.29048178,42.110154,2.1510928,90.582851
0b_baseline_best,file,13,baseline,3196,056.Pine_Grosbeak/Pine_Grosbeak_0104_38362.jpg,56,55,056.Pine_Grosbeak,35,34,identity,identity,0,{},0.036657721,0.036657721,0,0.96400607,0.96400607,0.030513437,0.030513437,0.93349263,0.93349263,0,1,1,6.2818538,6.2818538,False,1,True,True,True,1,1,6.2818538,6.2818538,1,1,6.1256213,6.1256213,1,1,1.3922826,1.3922826,1,1,1.2895002,1.2895002,1,1,2.3981015,2.3981015,1,1,3.1965939,3.1965939,1,1,3.1298747,3.1298747,1,1,3.1772955,3.1772955
0b_baseline_best,file,13,baseline,3196,056.Pine_Grosbeak/Pine_Grosbeak_0104_38362.jpg,56,55,056.Pine_Grosbeak,35,34,horizontal_flip,horizontal_flip,0,"{""flipped"":true}",0.036657721,0.022720378,-0.013937343,0.96400607,0.97753578,0.030513437,0.018354334,0.93349263,0.95918145,0.025688821,0.70642439,0.67807724,6.2818538,4.2595821,False,0.97295439,True,True,True,0.70642439,0.67807724,6.2818538,4.2595821,0.6940353,0.68093426,6.1256213,4.1711454,0.97268301,0.62018502,1.3922826,0.86347284,0.75798411,0.69310061,1.2895002,0.89375338,0.63217437,0.77991339,2.3981015,1.8703114,0.68237172,0.68682007,3.1965939,2.1954849,0.68942755,0.65171375,3.1298747,2.0397824,0.74944869,0.63889483,3.1772955,2.0299576
0b_baseline_best,file,13,baseline,3196,056.Pine_Grosbeak/Pine_Grosbeak_0104_38362.jpg,56,55,056.Pine_Grosbeak,35,34,color_jitter,color_jitter,0,"{""brightness"":1.071948,""contrast"":0.827001,""hue"":-0.062523,""saturation"":1.223774}",0.036657721,0.10809931,0.071441591,0.96400607,0.89753848,0.030513437,0.088230453,0.93349263,0.80930803,-0.1241846,0.85206357,2.9101187,6.2818538,18.28094,False,0.96955478,True,True,True,0.85206357,2.9101187,6.2818538,18.28094,0.84614344,2.9132075,6.1256213,17.845206,0.96941393,2.8496678,1.3922826,3.967543,0.77583788,2.381237,1.2895002,3.0706056,0.80664849,2.8608472,2.3981015,6.8606019,0.85541974,2.9096398,3.1965939,9.3009369,0.85116699,3.0457412,3.1298747,9.5327884,0.866631,2.8944053,3.1772955,9.1963808
0b_baseline_best,file,13,baseline,3196,056.Pine_Grosbeak/Pine_Grosbeak_0104_38362.jpg,56,55,056.Pine_Grosbeak,35,34,rotation,rotation,0,"{""angle"":-13.49033}",0.036657721,0.41613162,0.37947389,0.96400607,0.65959346,0.030513437,0.25154909,0.93349263,0.40804437,-0.52544826,0.79281581,9.2301171,6.2818538,57.982246,False,0.95958304,True,True,True,0.79281581,9.2301171,6.2818538,57.982246,0.78589981,9.2846437,6.1256213,56.874211,0.95326346,8.10265,1.3922826,11.281179,0.78611699,9.5986922,1.2895002,12.377516,0.76575789,9.8835003,2.3981015,23.701637,0.79546061,9.9164925,3.1965939,31.699,0.77893719,8.8598899,3.1298747,27.730345,0.80112672,8.5957678,3.1772955,27.311294
0b_baseline_best,file,13,baseline,3196,056.Pine_Grosbeak/Pine_Grosbeak_0104_38362.jpg,56,55,056.Pine_Grosbeak,35,34,random_resized_crop,random_resized_crop,0,"{""area_fraction"":0.631126,""aspect"":0.832012,""fallback"":false,""height"":0.87095,""left"":0.24836,""top"":0.106034,""width"":0.724641}",0.036657721,0.56267595,0.52601823,0.96400607,0.5696826,0.030513437,0.28682813,0.93349263,0.28285447,-0.65063816,0.75285157,10.621081,6.2818538,66.72008,False,0.94922817,True,True,True,0.75285157,10.621081,6.2818538,66.72008,0.74537483,10.70628,6.1256213,65.582618,0.94245725,8.8110055,1.3922826,12.26741,0.76971787,11.6416,1.2895002,15.011846,0.73060572,11.802201,2.3981015,28.302875,0.78036464,10.90109,3.1965939,34.846357,0.71099742,9.9359271,3.1298747,31.098207,0.7503078,10.406698,3.1772955,33.065154
0b_baseline_best,file,13,baseline,3196,056.Pine_Grosbeak/Pine_Grosbeak_0104_38362.jpg,56,55,056.Pine_Grosbeak,35,34,gaussian_blur,gaussian_blur,0,"{""sigma"":1.179343}",0.036657721,0.30820531,0.27154759,0.96400607,0.73476446,0.030513437,0.060513649,0.93349263,0.67425081,-0.25924182,0.56096668,6.5579762,6.2818538,41.196248,False,0.92981553,True,True,True,0.56096668,6.5579762,6.2818538,41.196248,0.55198704,6.6258766,6.1256213,40.587611,0.80775287,5.0674033,1.3922826,7.0552576,0.49264485,8.9782223,1.2895002,11.577419,0.42851308,7.5245902,2.3981015,18.044731,0.56548507,6.4905537,3.1965939,20.747665,0.54235755,6.1866633,3.1298747,19.363481,0.65942411,6.1537783,3.1772955,19.552372
0b_baseline_best,file,13,baseline,3196,056.Pine_Grosbeak/Pine_Grosbeak_0104_38362.jpg,56,55,056.Pine_Grosbeak,35,34,random_erasing,random_erasing,0,"{""area_fraction"":0.150906,""erased"":true,""height"":0.586437,""left"":0.65002,""top"":0.132018,""width"":0.257326}",0.036657721,0.16705394,0.13039622,0.96400607,0.84615397,0.030513437,0.042237148,0.93349263,0.80391683,-0.1295758,0.6615113,3.4176565,6.2818538,21.469218,False,0.94056481,True,True,True,0.6615113,3.4176565,6.2818538,21.469218,0.65367729,3.4378555,6.1256213,21.059001,0.84117357,2.9999804,1.3922826,4.1768206,0.68978906,2.8882551,1.2895002,3.7244056,0.521855,3.317884,2.3981015,7.9566224,0.67819898,3.5837369,3.1965939,11.455752,0.63300356,3.3195089,3.1298747,10.389647,0.71557074,3.5485854,3.1772955,11.274904
0b_baseline_best,file,13,baseline,8123,139.Scarlet_Tanager/Scarlet_Tanager_0040_137885.jpg,139,138,139.Scarlet_Tanager,42,41,identity,identity,0,{},0.085640706,0.085640706,0,0.91792399,0.91792399,0.03187092,0.03187092,0.88605307,0.88605307,0,1,1,13.859797,13.859797,False,1,True,True,True,1,1,13.859797,13.859797,1,1,13.693155,13.693155,1,1,2.1427731,2.1427731,1,1,4.0556838,4.0556838,1,1,6.5355789,6.5355789,1,1,6.7514136,6.7514136,1,1,6.9883853,6.9883853,1,1,5.8241761,5.8241761
0b_baseline_best,file,13,baseline,8123,139.Scarlet_Tanager/Scarlet_Tanager_0040_137885.jpg,139,138,139.Scarlet_Tanager,42,41,horizontal_flip,horizontal_flip,0,"{""flipped"":true}",0.085640706,0.36221164,0.27657094,0.91792399,0.69613504,0.03187092,0.18397163,0.88605307,0.51216342,-0.37388965,0.67631047,4.1654593,13.859797,57.732421,False,0.96404582,True,True,True,0.67631047,4.1654593,13.859797,57.732421,0.67060529,4.1762577,13.693155,57.186146,0.94435976,3.6976402,2.1427731,7.9232041,0.49993757,4.4170958,4.0556838,17.914344,0.67623036,4.0733296,6.5355789,26.621567,0.65746562,4.2720439,6.7514136,28.842335,0.69855175,4.2393076,6.9883853,29.625915,0.73384127,3.9566957,5.8241761,23.044492
0b_baseline_best,file,13,baseline,8123,139.Scarlet_Tanager/Scarlet_Tanager_0040_137885.jpg,139,138,139.Scarlet_Tanager,42,41,color_jitter,color_jitter,0,"{""brightness"":0.629566,""contrast"":1.174097,""hue"":-0.092755,""saturation"":0.736296}",0.085640706,4.6589317,4.573291,0.91792399,0.0094765807,0.03187092,0.021025652,0.88605307,-0.011549071,-0.89760214,0.53675188,10.809739,13.859797,149.82079,False,0.74071395,False,True,False,0.53675188,10.809739,13.859797,149.82079,0.53337898,10.814435,13.693155,148.08373,0.67715309,10.616193,2.1427731,22.748092,0.43168599,10.764156,4.0556838,43.656015,0.62264835,10.487766,6.5355789,68.543622,0.54873936,11.053638,6.7514136,74.627681,0.5168921,10.170493,6.9883853,71.075323,0.48309653,11.775691,5.8241761,68.5837
0b_baseline_best,file,13,baseline,8123,139.Scarlet_Tanager/Scarlet_Tanager_0040_137885.jpg,139,138,139.Scarlet_Tanager,42,41,rotation,rotation,0,"{""angle"":9.905669}",0.085640706,0.16012548,0.074484773,0.91792399,0.85203689,0.03187092,0.063080624,0.88605307,0.78895627,-0.097096797,0.82490745,1.586219,13.859797,21.984674,False,0.96084172,True,True,True,0.82490745,1.586219,13.859797,21.984674,0.82164359,1.5857499,13.693155,21.713919,0.95663428,1.605259,2.1427731,3.4397058,0.85940191,1.5061459,4.0556838,6.1084516,0.84504807,1.5490954,6.5355789,10.124235,0.80022186,1.6172908,6.7514136,10.918999,0.81028989,1.5782906,6.9883853,11.029703,0.82248848,1.6361135,5.8241761,9.5290133
0b_baseline_best,file,13,baseline,8123,139.Scarlet_Tanager/Scarlet_Tanager_0040_137885.jpg,139,138,139.Scarlet_Tanager,42,41,random_resized_crop,random_resized_crop,0,"{""area_fraction"":0.862382,""aspect"":1.008561,""fallback"":false,""height"":0.924696,""left"":0.014663,""top"":0.030529,""width"":0.932612}",0.085640706,0.13301508,0.047374375,0.91792399,0.87545186,0.03187092,0.070079356,0.88605307,0.80537251,-0.08068056,0.83489376,1.5791592,13.859797,21.886827,False,0.98368663,True,True,True,0.83489376,1.5791592,13.859797,21.886827,0.83181856,1.5815897,13.693155,21.656954,0.97134544,1.4764908,2.1427731,3.1637849,0.88259844,1.5696639,4.0556838,6.3660607,0.82743161,1.6429405,6.5355789,10.737568,0.814031,1.5297638,6.7514136,10.328068,0.82188777,1.5867398,6.9883853,11.088749,0.85216596,1.5696272,5.8241761,9.1417855
0b_baseline_best,file,13,baseline,8123,139.Scarlet_Tanager/Scarlet_Tanager_0040_137885.jpg,139,138,139.Scarlet_Tanager,42,41,gaussian_blur,gaussian_blur,0,"{""sigma"":1.824038}",0.085640706,2.0964127,2.010772,0.91792399,0.12289652,0.03187092,0.064633705,0.88605307,0.058262818,-0.82779025,0.48881425,13.073831,13.859797,181.20064,False,0.78979969,True,True,True,0.48881425,13.073831,13.859797,181.20064,0.48499253,13.156468,13.693155,180.15357,0.74846322,9.0777775,2.1427731,19.451618,0.53402609,12.00397,4.0556838,48.684308,0.59006644,13.098812,6.5355789,85.608318,0.46971547,16.640927,6.7514136,112.34978,0.39230894,11.629035,6.9883853,81.268177,0.52523847,10.200331,5.8241761,59.408523
0b_baseline_best,file,13,baseline,8123,139.Scarlet_Tanager/Scarlet_Tanager_0040_137885.jpg,139,138,139.Scarlet_Tanager,42,41,random_erasing,random_erasing,0,"{""area_fraction"":0.12964,""erased"":true,""height"":0.220407,""left"":0.054078,""top"":0.128738,""width"":0.588183}",0.085640706,0.14646704,0.060826339,0.91792399,0.86375421,0.03187092,0.064420149,0.88605307,0.79933406,-0.086719003,0.91288477,1.6718494,13.859797,23.171495,False,0.98037124,True,True,True,0.91288477,1.6718494,13.859797,23.171495,0.91132613,1.6720164,13.693155,22.895181,0.97681049,1.665017,2.1427731,3.5677537,0.94055702,1.6263461,4.0556838,6.5959458,0.91374608,1.6375253,6.5355789,10.702176,0.90188937,1.6599526,6.7514136,11.207027,0.9187993,1.7390695,6.9883853,12.153287,0.89735232,1.6544285,5.8241761,9.635683
0b_baseline_best,file,13,baseline,7080,121.Grasshopper_Sparrow/Grasshopper_Sparrow_0026_115915.jpg,121,120,121.Grasshopper_Sparrow,127,126,identity,identity,0,{},0.0039898329,0.0039898329,0,0.99601811,0.99601811,0.0024542732,0.0024542732,0.99356384,0.99356384,0,1,1,0.69931351,0.69931351,False,0.99999988,True,True,True,1,1,0.69931351,0.69931351,1,1,0.67517073,0.67517073,1,1,0.18216443,0.18216443,1,1,0.08733971,0.08733971,1,1,0.22447143,0.22447143,1,1,0.33503631,0.33503631,1,1,0.34755416,0.34755416,1,1,0.40595152,0.40595152
0b_baseline_best,file,13,baseline,7080,121.Grasshopper_Sparrow/Grasshopper_Sparrow_0026_115915.jpg,121,120,121.Grasshopper_Sparrow,127,126,horizontal_flip,horizontal_flip,0,"{""flipped"":true}",0.0039898329,0.0072461651,0.0032563321,0.99601811,0.99278003,0.0024542732,0.0046961238,0.99356384,0.98808391,-0.0054799325,0.66652165,2.1258338,0.69931351,1.4866243,False,0.97687376,True,True,True,0.66652165,2.1258338,0.69931351,1.4866243,0.64654525,2.1387301,0.67517073,1.4440079,0.97202601,1.9400164,0.18216443,0.35340199,0.46315148,2.0023235,0.08733971,0.17488235,0.47621012,2.7027989,0.22447143,0.60670113,0.61743291,2.2687922,0.33503631,0.76012779,0.63667906,2.0993421,0.34755416,0.72963509,0.77787121,1.8700809,0.40595152,0.75916218
0b_baseline_best,file,13,baseline,7080,121.Grasshopper_Sparrow/Grasshopper_Sparrow_0026_115915.jpg,121,120,121.Grasshopper_Sparrow,127,126,color_jitter,color_jitter,0,"{""brightness"":0.604405,""contrast"":1.127468,""hue"":-0.052333,""saturation"":0.963408}",0.0039898329,0.092554949,0.088565116,0.99601811,0.9115991,0.0024542732,0.0117817,0.99356384,0.8998174,-0.093746439,0.52859484,22.86917,0.69931351,15.99272,False,0.93295228,True,True,True,0.52859484,22.86917,0.69931351,15.99272,0.51838252,23.318325,0.67517073,15.74385,0.78419306,15.427737,0.18216443,2.810385,0.27399325,31.421522,0.08733971,2.7443466,0.14684933,32.242397,0.22447143,7.237497,0.58930564,26.573395,0.33503631,8.9030525,0.60362422,22.176298,0.34755416,7.7074646,0.64256177,17.293805,0.40595152,7.0204466
0b_baseline_best,file,13,baseline,7080,121.Grasshopper_Sparrow/Grasshopper_Sparrow_0026_115915.jpg,121,120,121.Grasshopper_Sparrow,127,126,rotation,rotation,0,"{""angle"":13.100198}",0.0039898329,0.0033951518,-0.00059468113,0.99601811,0.99661058,0.0024542732,0.00051031372,0.99356384,0.99610027,0.0025364296,0.63304308,0.88654379,0.69931351,0.61997205,False,0.971223,True,True,True,0.63304308,0.88654379,0.69931351,0.61997205,0.61921625,0.89440151,0.67517073,0.60387372,0.86015025,0.77053116,0.18216443,0.14036337,0.38379991,0.94120165,0.08733971,0.08220428,0.34166456,0.9007298,0.22447143,0.20218811,0.66108745,1.0329052,0.33503631,0.34606076,0.61256245,0.90223732,0.34755416,0.31357633,0.71106067,0.77483064,0.40595152,0.31454368
0b_baseline_best,file,13,baseline,7080,121.Grasshopper_Sparrow/Grasshopper_Sparrow_0026_115915.jpg,121,120,121.Grasshopper_Sparrow,127,126,random_resized_crop,random_resized_crop,0,"{""area_fraction"":0.684349,""aspect"":1.073916,""fallback"":false,""height"":0.798277,""left"":0.094925,""top"":0.169036,""width"":0.857283}",0.0039898329,0.23185234,0.2278625,0.99601811,0.79306322,0.0024542732,0.020405941,0.99356384,0.77265728,-0.22090656,0.52362348,65.075917,0.69931351,45.508468,False,0.93994379,True,True,True,0.52362348,65.075917,0.69931351,45.508468,0.5119545,66.274306,0.67517073,44.746471,0.79250882,45.524851,0.18216443,8.2930087,0.25478366,79.583862,0.08733971,6.9508315,0.21962163,76.097407,0.22447143,17.081694,0.52045034,78.384843,0.33503631,26.261769,0.55361809,67.249305,0.34755416,23.372776,0.64359536,50.853751,0.40595152,20.644158
0b_baseline_best,file,13,baseline,7080,121.Grasshopper_Sparrow/Grasshopper_Sparrow_0026_115915.jpg,121,120,121.Grasshopper_Sparrow,127,126,gaussian_blur,gaussian_blur,0,"{""sigma"":1.61131}",0.0039898329,0.015881829,0.011891996,0.99601811,0.98424363,0.0024542732,0.00034930801,0.99356384,0.98389432,-0.0096695152,0.41687454,5.6984169,0.69931351,3.9849799,False,0.90029407,True,True,True,0.41687454,5.6984169,0.69931351,3.9849799,0.40672585,5.8336297,0.67517073,3.938696,0.7262927,3.3244124,0.18216443,0.6055897,0.17933785,6.8383752,0.08733971,0.59726171,0.2130243,7.3514299,0.22447143,1.650186,0.41942909,7.4451592,0.33503631,2.4943987,0.43258186,5.5934017,0.34755416,1.94401,0.55368098,3.8417897,0.40595152,1.5595804
0b_baseline_best,file,13,baseline,7080,121.Grasshopper_Sparrow/Grasshopper_Sparrow_0026_115915.jpg,121,120,121.Grasshopper_Sparrow,127,126,random_erasing,random_erasing,0,"{""area_fraction"":0.193429,""erased"":true,""height"":0.324947,""left"":0.223447,""top"":0.043686,""width"":0.595265}",0.0039898329,0.13602255,0.13203272,0.99601811,0.87282294,0.0024542732,0.042895321,0.99356384,0.82992762,-0.16363622,0.64101367,25.379431,0.69931351,17.748179,False,0.91125476,True,True,True,0.64101367,25.379431,0.69931351,17.748179,0.62441954,25.429068,0.67517073,17.168963,0.87608183,24.687445,0.18216443,4.4971744,0.61138962,25.867681,0.08733971,2.2592758,0.42490521,28.978174,0.22447143,6.5047721,0.64318919,25.724651,0.33503631,8.6186922,0.63628283,25.305318,0.34755416,8.7949685,0.67853897,24.101011,0.40595152,9.7838419
0b_baseline_best,file,13,baseline,3435,060.Glaucous_winged_Gull/Glaucous_Winged_Gull_0023_45090.jpg,60,59,060.Glaucous_winged_Gull,62,61,identity,identity,0,{},1.4970086,1.4970086,0,0.22379863,0.22379863,0.43449169,0.43449169,-0.21069306,-0.21069306,0,1,1,100.59908,100.59908,False,1,True,False,False,1,1,100.59908,100.59908,1,1,96.185573,96.185573,1,1,29.470503,29.470503,1,1,24.896579,24.896579,1,1,35.846949,35.846949,1,1,45.535215,45.535215,1,1,50.042549,50.042549,1,1,52.62232,52.62232
0b_baseline_best,file,13,baseline,3435,060.Glaucous_winged_Gull/Glaucous_Winged_Gull_0023_45090.jpg,60,59,060.Glaucous_winged_Gull,62,61,horizontal_flip,horizontal_flip,0,"{""flipped"":true}",1.4970086,4.1073189,2.6103103,0.22379863,0.016451826,0.43449169,0.90717047,-0.21069306,-0.89071865,-0.68002559,0.54150132,1.5284391,100.59908,153.75957,False,0.97066879,True,False,False,0.54150132,1.5284391,100.59908,153.75957,0.51258028,1.5471998,96.185573,148.8183,0.91162082,1.312049,29.470503,38.666743,0.36586581,1.3853825,24.896579,34.491284,0.20130509,1.7720463,35.846949,63.522453,0.49710755,1.5276797,45.535215,69.563224,0.5765711,1.5286406,50.042549,76.497072,0.66991923,1.500096,52.62232,78.938534
0b_baseline_best,file,13,baseline,3435,060.Glaucous_winged_Gull/Glaucous_Winged_Gull_0023_45090.jpg,60,59,060.Glaucous_winged_Gull,62,61,color_jitter,color_jitter,0,"{""brightness"":1.209485,""contrast"":0.907526,""hue"":0.096314,""saturation"":1.274114}",1.4970086,1.0745358,-0.42247272,0.22379863,0.3414562,0.43449169,0.28356487,-0.21069306,0.057891339,0.2685844,0.66783356,0.8287318,100.59908,83.369657,False,0.89908725,False,False,True,0.66783356,0.8287318,100.59908,83.369657,0.65295821,0.84189737,96.185573,80.978382,0.88184352,0.67268154,29.470503,19.824264,0.56623059,0.71074861,24.896579,17.695209,0.50868461,0.81279165,35.846949,29.136101,0.64220743,0.92399706,45.535215,42.074405,0.68255811,0.82992027,50.042549,41.531326,0.7219575,0.82841475,52.62232,43.593106
0b_baseline_best,file,13,baseline,3435,060.Glaucous_winged_Gull/Glaucous_Winged_Gull_0023_45090.jpg,60,59,060.Glaucous_winged_Gull,62,61,rotation,rotation,0,"{""angle"":-1.420816}",1.4970086,1.9818883,0.48487973,0.22379863,0.13780877,0.43449169,0.48047379,-0.21069306,-0.34266502,-0.13197196,0.88667914,1.0799002,100.59908,108.63697,False,0.9898057,True,False,False,0.88667914,1.0799002,100.59908,108.63697,0.87754103,1.0832935,96.185573,104.1972,0.98835733,1.0430694,29.470503,30.73978,0.88010167,1.0453605,24.896579,26.025899,0.80841603,1.0807928,35.846949,38.743126,0.84819905,1.0665044,45.535215,48.56351,0.89670185,1.0823842,50.042549,54.165266,0.91296121,1.1058556,52.62232,58.19269
0b_baseline_best,file,13,baseline,3435,060.Glaucous_winged_Gull/Glaucous_Winged_Gull_0023_45090.jpg,60,59,060.Glaucous_winged_Gull,62,61,random_resized_crop,random_resized_crop,0,"{""area_fraction"":0.734508,""aspect"":1.305352,""fallback"":false,""height"":0.750126,""left"":0.018927,""top"":0.100809,""width"":0.979179}",1.4970086,4.6549621,3.1579535,0.22379863,0.009514275,0.43449169,0.67746198,-0.21069306,-0.66794771,-0.45725465,0.59640389,1.4799394,100.59908,148.88054,False,0.913432,True,False,False,0.59640389,1.4799394,100.59908,148.88054,0.57477085,1.4921252,96.185573,143.52092,0.85541767,1.3432881,29.470503,39.587378,0.526549,1.3137516,24.896579,32.707921,0.38595073,1.3949051,35.846949,50.003092,0.56314361,1.5467712,45.535215,70.432559,0.60035999,1.4673347,50.042549,73.429171,0.65165531,1.5526497,52.62232,81.704031
0b_baseline_best,file,13,baseline,3435,060.Glaucous_winged_Gull/Glaucous_Winged_Gull_0023_45090.jpg,60,59,060.Glaucous_winged_Gull,62,61,gaussian_blur,gaussian_blur,0,"{""sigma"":1.024836}",1.4970086,2.1353867,0.63837814,0.22379863,0.11819888,0.43449169,0.52201605,-0.21069306,-0.40381717,-0.19312411,0.82382775,1.2144034,100.59908,122.16786,False,0.98205853,True,False,False,0.82382775,1.2144034,100.59908,122.16786,0.81228696,1.2275833,96.185573,118.0758,0.97348474,1.0639207,29.470503,31.354279,0.85136394,1.2365104,24.896579,30.784879,0.6768426,1.1543825,35.846949,41.381093,0.80856667,1.2919347,45.535215,58.828527,0.82724633,1.2668323,50.042549,63.395519,0.85627882,1.1717537,52.62232,61.660397
0b_baseline_best,file,13,baseline,3435,060.Glaucous_winged_Gull/Glaucous_Winged_Gull_0023_45090.jpg,60,59,060.Glaucous_winged_Gull,62,61,random_erasing,random_erasing,0,"{""area_fraction"":0.080853,""erased"":true,""height"":0.18517,""left"":0.104815,""top"":0.173144,""width"":0.436643}",1.4970086,1.3088995,-0.18810904,0.22379863,0.27011713,0.43449169,0.19228224,-0.21069306,0.077834889,0.28852795,0.78577516,0.87537875,100.59908,88.062298,False,0.98122025,False,False,False,0.78577516,0.87537875,100.59908,88.062298,0.77207655,0.87524101,96.185573,84.185558,0.9314317,0.87684469,29.470503,25.841054,0.76841428,0.75110999,24.896579,18.700069,0.74966489,0.92153999,35.846949,33.034397,0.77701751,0.89853227,45.535215,40.91486,0.74050842,0.81849835,50.042549,40.959744,0.80965581,0.91028152,52.62232,47.901126
0b_baseline_best,file,13,baseline,6277,108.White_necked_Raven/White_Necked_Raven_0018_102746.jpg,108,107,108.White_necked_Raven,107,106,identity,identity,0,{},1.6198158,1.6198158,0,0.19793513,0.19793513,0.76062143,0.76062143,-0.56268629,-0.56268629,0,1,1,159.47004,159.47004,False,1,True,False,False,1,1,159.47004,159.47004,1,1,156.51026,156.51026,1,1,30.581574,30.581574,1,1,33.223509,33.223509,1,1,77.016658,77.016658,1,1,87.289919,87.289919,1,1,74.286151,74.286151,1,1,65.742912,65.742912
0b_baseline_best,file,13,baseline,6277,108.White_necked_Raven/White_Necked_Raven_0018_102746.jpg,108,107,108.White_necked_Raven,107,106,horizontal_flip,horizontal_flip,0,"{""flipped"":true}",1.6198158,1.4355631,-0.18425274,0.19793513,0.23798133,0.76062143,0.71350026,-0.56268629,-0.47551893,0.087167367,0.73750668,0.9859299,159.47004,157.22628,False,0.97461307,True,False,False,0.73750668,0.9859299,159.47004,157.22628,0.72856682,0.98636636,156.51026,154.37645,0.97457932,0.97442859,30.581574,29.79956,0.71718737,0.85811105,33.223509,28.50946,0.70494356,0.89806913,77.016658,69.166283,0.75392385,1.0694734,87.289919,93.35425,0.68731764,0.99955175,74.286151,74.252853,0.77710105,0.96283332,65.742912,63.299467
0b_baseline_best,file,13,baseline,6277,108.White_necked_Raven/White_Necked_Raven_0018_102746.jpg,108,107,108.White_necked_Raven,107,106,color_jitter,color_jitter,0,"{""brightness"":1.364056,""contrast"":0.633664,""hue"":0.091883,""saturation"":1.217216}",1.6198158,4.1718798,2.5520639,0.19793513,0.015423239,0.76062143,0.56939912,-0.56268629,-0.55397588,0.0087104151,0.63359482,0.92441848,159.47004,147.41705,False,0.8396244,True,False,False,0.63359482,0.92441848,159.47004,147.41705,0.6266042,0.92357306,156.51026,144.54865,0.81247597,0.94629275,30.581574,28.939122,0.19608327,1.3168712,33.223509,43.751081,0.66967678,0.8904434,77.016658,68.578975,0.70105555,0.92411474,87.289919,80.665901,0.61516504,0.86291377,74.286151,64.102543,0.62548844,0.92034018,65.742912,60.505844
0b_baseline_best,file,13,baseline,6277,108.White_necked_Raven/White_Necked_Raven_0018_102746.jpg,108,107,108.White_necked_Raven,107,106,rotation,rotation,0,"{""angle"":6.577819}",1.6198158,1.4207284,-0.19908738,0.19793513,0.24153799,0.76062143,0.61733955,-0.56268629,-0.37580156,0.18688473,0.83367526,0.8367928,159.47004,133.44338,False,0.95089412,True,False,False,0.83367526,0.8367928,159.47004,133.44338,0.82919776,0.83591967,156.51026,130.83,0.94805887,0.85934587,30.581574,26.280149,0.77092579,0.77595498,33.223509,25.779947,0.86093191,0.90147128,77.016658,69.428306,0.84156463,0.79577864,87.289919,69.463453,0.79527546,0.82391539,74.286151,61.205503,0.82387232,0.84146039,65.742912,55.320057
0b_baseline_best,file,13,baseline,6277,108.White_necked_Raven/White_Necked_Raven_0018_102746.jpg,108,107,108.White_necked_Raven,107,106,random_resized_crop,random_resized_crop,0,"{""area_fraction"":0.662302,""aspect"":1.150532,""fallback"":false,""height"":0.758715,""left"":0.055193,""top"":0.032608,""width"":0.872926}",1.6198158,2.1536627,0.53384686,0.19793513,0.11605829,0.76062143,0.48812741,-0.56268629,-0.37206912,0.19061717,0.67027685,0.63803739,159.47004,101.74785,False,0.88857275,True,False,False,0.67027685,0.63803739,159.47004,101.74785,0.66213565,0.63033508,156.51026,98.653904,0.85637978,0.81422971,30.581574,24.900426,0.56194295,0.56095068,33.223509,18.63675,0.75137341,0.57222614,77.016658,44.070945,0.70114964,0.58160882,87.289919,50.768587,0.58503719,0.66521142,74.286151,49.415996,0.63973163,0.74883111,65.742912,49.230338
0b_baseline_best,file,13,baseline,6277,108.White_necked_Raven/White_Necked_Raven_0018_102746.jpg,108,107,108.White_necked_Raven,107,106,gaussian_blur,gaussian_blur,0,"{""sigma"":1.035659}",1.6198158,0.24080212,-1.3790137,0.19793513,0.78599715,0.76062143,0.12269096,-0.56268629,0.66330619,1.2259925,0.60479853,0.23337638,159.47004,37.21654,False,0.90539062,False,False,True,0.60479853,0.23337638,159.47004,37.21654,0.59485208,0.23374492,156.51026,36.583477,0.87783238,0.22350738,30.581574,6.8352075,0.19322541,0.20516713,33.223509,6.8163721,0.54783343,0.2602976,77.016658,20.047251,0.63037355,0.23211082,87.289919,20.260934,0.63641147,0.21876932,74.286151,16.251531,0.65624242,0.22322949,65.742912,14.675757
0b_baseline_best,file,13,baseline,6277,108.White_necked_Raven/White_Necked_Raven_0018_102746.jpg,108,107,108.White_necked_Raven,107,106,random_erasing,random_erasing,0,"{""area_fraction"":0.156375,""erased"":true,""height"":0.608423,""left"":0.037853,""top"":0.320143,""width"":0.257016}",1.6198158,1.8833266,0.26351082,0.19793513,0.15208334,0.76062143,0.80697614,-0.56268629,-0.6548928,-0.092206508,0.94632536,1.0200202,159.47004,162.66265,False,0.98091125,True,False,False,0.94632536,1.0200202,159.47004,162.66265,0.94498373,1.0191093,156.51026,159.50106,0.98089721,1.0435941,30.581574,31.914749,0.94032392,0.94495698,33.223509,31.394787,0.95663492,0.98751304,77.016658,76.054954,0.95970121,1.0443929,87.289919,91.164968,0.93538303,1.0217563,74.286151,75.902342,0.91846359,1.0314628,65.742912,67.811368
0b_baseline_best,file,13,baseline,6248,107.Common_Raven/Common_Raven_0068_101216.jpg,107,106,107.Common_Raven,108,107,identity,identity,0,{},0.1371443,0.1371443,0,0.87184441,0.87184441,0.045091923,0.045091923,0.82675249,0.82675249,0,1,1,22.38786,22.38786,False,0.99999988,True,True,True,1,1,22.38786,22.38786,1,1,21.991061,21.991061,1,1,4.1963718,4.1963718,1,1,7.2041593,7.2041593,1,1,10.214996,10.214996,1,1,11.175478,11.175478,1,1,10.170228,10.170228,1,1,9.9516765,9.9516765
0b_baseline_best,file,13,baseline,6248,107.Common_Raven/Common_Raven_0068_101216.jpg,107,106,107.Common_Raven,108,107,horizontal_flip,horizontal_flip,0,"{""flipped"":true}",0.1371443,0.3094095,0.1722652,0.87184441,0.73388022,0.045091923,0.22519536,0.82675249,0.50868486,-0.31806763,0.4685085,2.1940643,22.38786,49.120405,False,0.95949525,True,True,True,0.4685085,2.1940643,22.38786,49.120405,0.45174283,2.1852748,21.991061,48.056512,0.88616693,2.4230175,4.1963718,10.167882,0.093591044,1.8238072,7.2041593,13.138998,0.38898132,2.1665803,10.214996,22.13161,0.4346595,2.1383336,11.175478,23.8969,0.48113513,2.3011507,10.170228,23.403227,0.65588337,2.3094509,9.9516765,22.982908
0b_baseline_best,file,13,baseline,6248,107.Common_Raven/Common_Raven_0068_101216.jpg,107,106,107.Common_Raven,108,107,color_jitter,color_jitter,0,"{""brightness"":1.075442,""contrast"":1.367551,""hue"":-0.008253,""saturation"":1.028825}",0.1371443,0.40803736,0.27089307,0.87184441,0.66495407,0.045091923,0.028172825,0.82675249,0.63678124,-0.18997125,0.68628967,2.6328701,22.38786,58.944329,False,0.94511271,True,True,True,0.68628967,2.6328701,22.38786,58.944329,0.68025791,2.6409601,21.991061,58.077515,0.87160575,2.4000619,4.1963718,10.071552,0.80151497,2.2129425,7.2041593,15.942391,0.73367748,2.3277631,10.214996,23.778091,0.57225975,2.6457795,11.175478,29.56785,0.66297515,2.985665,10.170228,30.364894,0.7476125,2.7650079,9.9516765,27.516464
0b_baseline_best,file,13,baseline,6248,107.Common_Raven/Common_Raven_0068_101216.jpg,107,106,107.Common_Raven,108,107,rotation,rotation,0,"{""angle"":-9.081087}",0.1371443,0.31730685,0.18016255,0.87184441,0.72810733,0.045091923,0.03356643,0.82675249,0.6945409,-0.13221158,0.74645089,1.989958,22.38786,44.550901,False,0.92865467,True,True,True,0.74645089,1.989958,22.38786,44.550901,0.7409569,1.9862242,21.991061,43.679178,0.89077753,2.0898914,4.1963718,8.7699612,0.86868843,1.7730453,7.2041593,12.773301,0.80334146,1.9434454,10.214996,19.852288,0.66721259,1.9705988,11.175478,22.022382,0.69087937,2.0449556,10.170228,20.797665,0.76552321,2.091143,9.9516765,20.810379
0b_baseline_best,file,13,baseline,6248,107.Common_Raven/Common_Raven_0068_101216.jpg,107,106,107.Common_Raven,108,107,random_resized_crop,random_resized_crop,0,"{""area_fraction"":0.848475,""aspect"":0.942411,""fallback"":false,""height"":0.948854,""left"":0.069578,""top"":0.030314,""width"":0.894211}",0.1371443,0.27211499,0.13497069,0.87184441,0.76176667,0.045091923,0.13505924,0.82675249,0.62670743,-0.20004505,0.76719374,2.1539724,22.38786,48.222833,False,0.96992785,True,True,True,0.76719374,2.1539724,22.38786,48.222833,0.76107534,2.1545902,21.991061,47.381724,0.9366351,2.1369362,4.1963718,8.9673789,0.83470259,2.3361256,7.2041593,16.829821,0.77099882,2.1038345,10.214996,21.490661,0.69474148,2.1569356,11.175478,24.104785,0.72730092,2.1763263,10.170228,22.133735,0.83296973,2.0812732,9.9516765,20.712158
0b_baseline_best,file,13,baseline,6248,107.Common_Raven/Common_Raven_0068_101216.jpg,107,106,107.Common_Raven,108,107,gaussian_blur,gaussian_blur,0,"{""sigma"":1.214737}",0.1371443,0.54425049,0.40710619,0.87184441,0.58027655,0.045091923,0.16646674,0.82675249,0.41380981,-0.41294268,0.62588116,3.7285339,22.38786,83.473897,False,0.85032463,True,True,True,0.62588116,3.7285339,22.38786,83.473897,0.61957727,3.7429084,21.991061,82.310526,0.82627571,3.3094595,4.1963718,13.887723,0.71845368,3.9981403,7.2041593,28.80324,0.68856094,3.8815778,10.214996,39.650303,0.55186406,3.9057691,11.175478,43.648835,0.5235835,3.60583,10.170228,36.672113,0.68676996,3.3676688,9.9516765,33.513951
0b_baseline_best,file,13,baseline,6248,107.Common_Raven/Common_Raven_0068_101216.jpg,107,106,107.Common_Raven,108,107,random_erasing,random_erasing,0,"{""area_fraction"":0.088215,""erased"":true,""height"":0.385923,""left"":0.664605,""top"":0.19345,""width"":0.228581}",0.1371443,0.09730605,-0.039838247,0.87184441,0.9072783,0.045091923,0.01360006,0.82675249,0.89367824,0.066925752,0.84183735,0.76463862,22.38786,17.118623,False,0.95452046,True,True,True,0.84183735,0.76463862,22.38786,17.118623,0.83953251,0.76824259,21.991061,16.894469,0.92555361,0.65799359,4.1963718,2.7611858,0.93008018,0.78882026,7.2041593,5.6827869,0.85507249,0.75513382,10.214996,7.7136892,0.84320613,0.74744785,11.175478,8.3530866,0.79683105,0.77943936,10.170228,7.9270759,0.81691256,0.78491682,9.9516765,7.8112383
0b_baseline_best,file,13,baseline,1241,023.Brandt_Cormorant/Brandt_Cormorant_0067_23352.jpg,23,22,023.Brandt_Cormorant,100,99,identity,identity,0,{},1.8483118,1.8483118,0,0.15750284,0.15750284,0.13499615,0.13499615,0.022506699,0.022506699,0,1,1,118.9419,118.9419,False,1,True,True,True,1,1,118.9419,118.9419,1,1,116.71183,116.71183,1,1,22.924306,22.924306,1,1,28.687553,28.687553,1,1,50.206487,50.206487,1,1,60.810644,60.810644,1,1,56.607003,56.607003,1,1,58.100754,58.100754
0b_baseline_best,file,13,baseline,1241,023.Brandt_Cormorant/Brandt_Cormorant_0067_23352.jpg,23,22,023.Brandt_Cormorant,100,99,horizontal_flip,horizontal_flip,0,"{""flipped"":true}",1.8483118,3.1791067,1.3307949,0.15750284,0.041622814,0.13499615,0.036719911,0.022506699,0.004902903,-0.017603796,0.58447353,0.99781037,118.9419,118.68146,False,0.95365977,False,True,False,0.58447353,0.99781037,118.9419,118.68146,0.56851134,0.98881053,116.71183,115.40589,0.93437925,1.2079151,22.924306,27.690615,0.64308708,1.0485011,28.687553,30.07893,0.41397576,0.95236767,50.206487,47.815035,0.52700494,0.9485959,60.810644,57.684728,0.56281141,0.96470976,56.607003,54.609328,0.70202803,1.063468,58.100754,61.788293
0b_baseline_best,file,13,baseline,1241,023.Brandt_Cormorant/Brandt_Cormorant_0067_23352.jpg,23,22,023.Brandt_Cormorant,100,99,color_jitter,color_jitter,0,"{""brightness"":1.197676,""contrast"":0.995009,""hue"":0.087631,""saturation"":0.707859}",1.8483118,3.418921,1.5706092,0.15750284,0.032747746,0.13499615,0.0059917425,0.022506699,0.026756003,0.0042493041,0.58854538,1.5734555,118.9419,187.14978,False,0.87714005,False,True,False,0.58854538,1.5734555,118.9419,187.14978,0.58331293,1.5832874,116.71183,184.78838,0.76640757,1.2927798,22.924306,29.636081,0.61987567,1.448044,28.687553,41.540837,0.61674251,1.7588611,50.206487,88.306239,0.5908401,1.7035712,60.810644,103.59526,0.60400311,1.5432265,56.607003,87.357428,0.52172559,1.3617547,58.100754,79.118976
0b_baseline_best,file,13,baseline,1241,023.Brandt_Cormorant/Brandt_Cormorant_0067_23352.jpg,23,22,023.Brandt_Cormorant,100,99,rotation,rotation,0,"{""angle"":-14.953602}",1.8483118,2.5288918,0.68058002,0.15750284,0.079747342,0.13499615,0.086792521,0.022506699,-0.0070451796,-0.029551879,0.73058922,1.0059353,118.9419,119.64785,False,0.96132225,False,True,False,0.73058922,1.0059353,118.9419,119.64785,0.72073452,0.99835607,116.71183,116.51997,0.95602574,1.1856038,22.924306,27.179144,0.79684466,1.038451,28.687553,29.790619,0.62580532,0.86494763,50.206487,43.425982,0.72222481,1.0056543,60.810644,61.154486,0.71533983,1.0054987,56.607003,56.918269,0.76968441,1.0643384,58.100754,61.838866
0b_baseline_best,file,13,baseline,1241,023.Brandt_Cormorant/Brandt_Cormorant_0067_23352.jpg,23,22,023.Brandt_Cormorant,100,99,random_resized_crop,random_resized_crop,0,"{""area_fraction"":0.719227,""aspect"":1.128381,""fallback"":false,""height"":0.798371,""left"":0.042244,""top"":0.018742,""width"":0.900867}",1.8483118,2.5823424,0.7340306,0.15750284,0.07559672,0.13499615,0.087015547,0.022506699,-0.011418827,-0.033925526,0.75260315,1.171818,118.9419,139.37826,False,0.96870196,False,True,False,0.75260315,1.171818,118.9419,139.37826,0.74386468,1.1661905,116.71183,136.10823,0.95918803,1.3092729,22.924306,30.014171,0.67501588,1.2311021,28.687553,35.317305,0.66067145,1.1308078,50.206487,56.773886,0.74646276,1.152118,60.810644,70.061039,0.76739572,1.1962856,56.607003,67.718142,0.79710767,1.1623253,58.100754,67.531974
0b_baseline_best,file,13,baseline,1241,023.Brandt_Cormorant/Brandt_Cormorant_0067_23352.jpg,23,22,023.Brandt_Cormorant,100,99,gaussian_blur,gaussian_blur,0,"{""sigma"":1.064854}",1.8483118,3.0587049,1.2103931,0.15750284,0.046948466,0.13499615,0.043063473,0.022506699,0.0038849935,-0.018621705,0.71543122,1.3406814,118.9419,159.4632,False,0.93857127,False,True,False,0.71543122,1.3406814,118.9419,159.4632,0.7084128,1.3450127,116.71183,156.9789,0.91860965,1.2230752,22.924306,28.03815,0.68428821,1.3587522,28.687553,38.979276,0.70680474,1.4938104,50.206487,74.998971,0.67721837,1.3877897,60.810644,84.392383,0.7017019,1.3115982,56.607003,74.245644,0.77193726,1.200327,58.100754,69.739903
0b_baseline_best,file,13,baseline,1241,023.Brandt_Cormorant/Brandt_Cormorant_0067_23352.jpg,23,22,023.Brandt_Cormorant,100,99,random_erasing,random_erasing,0,"{""area_fraction"":0.075698,""erased"":true,""height"":0.187915,""left"":0.218045,""top"":0.62308,""width"":0.402832}",1.8483118,2.203681,0.35536921,0.15750284,0.11039604,0.13499615,0.11351977,0.022506699,-0.0031237304,-0.025630429,0.89225193,0.99297497,118.9419,118.10633,False,0.98637772,False,True,False,0.89225193,0.99297497,118.9419,118.10633,0.88866222,0.99228813,116.71183,115.81177,0.98375407,1.0106152,22.924306,23.167652,0.89132498,0.90074177,28.687553,25.840077,0.90158802,0.95749128,50.206487,48.072273,0.89971267,0.9836721,60.810644,59.817734,0.87307315,1.007496,56.607003,57.031329,0.88418607,1.0331159,58.100754,60.024814
0b_baseline_best,file,13,baseline,11303,192.Downy_Woodpecker/Downy_Woodpecker_0123_184692.jpg,192,191,192.Downy_Woodpecker,94,93,identity,identity,0,{},0.72730863,0.72730863,0,0.48320773,0.48320773,0.050142091,0.050142091,0.43306564,0.43306564,0,1,1,94.028129,94.028129,False,1,True,True,True,1,1,94.028129,94.028129,1,1,93.158119,93.158119,1,1,12.761421,12.761421,1,1,25.898504,25.898504,1,1,34.566718,34.566718,1,1,54.014894,54.014894,1,1,49.978127,49.978127,1,1,37.382117,37.382117
0b_baseline_best,file,13,baseline,11303,192.Downy_Woodpecker/Downy_Woodpecker_0123_184692.jpg,192,191,192.Downy_Woodpecker,94,93,horizontal_flip,horizontal_flip,0,"{""flipped"":true}",0.72730863,0.25495228,-0.47235635,0.48320773,0.77495348,0.050142091,0.0077918642,0.43306564,0.76716162,0.33409598,0.71300878,0.47960798,94.028129,45.096641,False,0.94752026,True,True,True,0.71300878,0.47960798,94.028129,45.096641,0.7094292,0.48073739,93.158119,44.784591,0.94157814,0.41499946,12.761421,5.2959828,0.67828919,0.30955679,25.898504,8.0170579,0.54332633,0.4629745,34.566718,16.003509,0.75913752,0.4894773,54.014894,26.439065,0.73219684,0.5051281,49.978127,25.245356,0.73097995,0.49968949,37.382117,18.679451
0b_baseline_best,file,13,baseline,11303,192.Downy_Woodpecker/Downy_Woodpecker_0123_184692.jpg,192,191,192.Downy_Woodpecker,94,93,color_jitter,color_jitter,0,"{""brightness"":0.70472,""contrast"":1.075048,""hue"":-0.034083,""saturation"":0.741194}",0.72730863,0.22932027,-0.49798836,0.48320773,0.79507387,0.050142091,0.059565343,0.43306564,0.73550852,0.30244288,0.80342353,0.38248466,94.028129,35.964317,False,0.94484699,True,True,True,0.80342353,0.38248466,94.028129,35.964317,0.80106846,0.38080714,93.158119,35.475277,0.92170998,0.46317262,12.761421,5.9107407,0.70408991,0.41742707,25.898504,10.810737,0.62536037,0.39043034,34.566718,13.495896,0.8478271,0.35997839,54.014894,19.444195,0.85275632,0.37243163,49.978127,18.613435,0.82857748,0.41003543,37.382117,15.327992
0b_baseline_best,file,13,baseline,11303,192.Downy_Woodpecker/Downy_Woodpecker_0123_184692.jpg,192,191,192.Downy_Woodpecker,94,93,rotation,rotation,0,"{""angle"":-12.812744}",0.72730863,1.1123742,0.38506556,0.48320773,0.32877746,0.050142091,0.035712592,0.43306564,0.29306487,-0.14000077,0.77428967,1.2950891,94.028129,121.77481,False,0.95308375,True,True,True,0.77428967,1.2950891,94.028129,121.77481,0.77082038,1.2934349,93.158119,120.49396,0.94912947,1.3803764,12.761421,17.615564,0.77875636,1.0234897,25.898504,26.506852,0.59288718,1.3326685,34.566718,46.065975,0.79598976,1.2561523,54.014894,67.850931,0.81324544,1.3751511,49.978127,68.727479,0.8044888,1.3014438,37.382117,48.650725
0b_baseline_best,file,13,baseline,11303,192.Downy_Woodpecker/Downy_Woodpecker_0123_184692.jpg,192,191,192.Downy_Woodpecker,94,93,random_resized_crop,random_resized_crop,0,"{""area_fraction"":0.511835,""aspect"":1.146694,""fallback"":false,""height"":0.6681,""left"":0.084636,""top"":0.296778,""width"":0.766106}",0.72730863,6.3312931,5.6039845,0.48320773,0.0017797308,0.050142091,0.0050246636,0.43306564,-0.0032449329,-0.43631057,0.62791363,1.7936479,94.028129,168.65335,False,0.80987018,False,True,False,0.62791363,1.7936479,94.028129,168.65335,0.62459406,1.7875753,93.158119,166.52715,0.78668525,2.091909,12.761421,26.695731,0.64410328,1.7913831,25.898504,46.394143,0.51936468,2.1059084,34.566718,72.794343,0.70729617,1.7222173,54.014894,93.025383,0.64619492,1.6916041,49.978127,84.543203,0.52940608,1.7902201,37.382117,66.922217
0b_baseline_best,file,13,baseline,11303,192.Downy_Woodpecker/Downy_Woodpecker_0123_184692.jpg,192,191,192.Downy_Woodpecker,94,93,gaussian_blur,gaussian_blur,0,"{""sigma"":1.4023}",0.72730863,2.3921762,1.6648675,0.48320773,0.0914305,0.050142091,0.0177329,0.43306564,0.073697601,-0.35936804,0.7247029,1.7961168,94.028129,168.8855,False,0.89226735,False,True,False,0.7247029,1.7961168,94.028129,168.8855,0.72182115,1.7957913,93.158119,167.29254,0.87681521,1.8133792,12.761421,23.141295,0.75858638,1.7294625,25.898504,44.790492,0.57584739,2.0139739,34.566718,69.616467,0.75330015,1.8610868,54.014894,100.52641,0.75707614,1.6902649,49.978127,84.476274,0.72760304,1.6689458,37.382117,62.388726
0b_baseline_best,file,13,baseline,11303,192.Downy_Woodpecker/Downy_Woodpecker_0123_184692.jpg,192,191,192.Downy_Woodpecker,94,93,random_erasing,random_erasing,0,"{""area_fraction"":0.171181,""erased"":true,""height"":0.498742,""left"":0.412884,""top"":0.228586,""width"":0.343227}",0.72730863,0.10372383,-0.6235848,0.48320773,0.90147424,0.050142091,0.006604169,0.43306564,0.89487007,0.46180443,0.77256631,0.17991681,94.028129,16.917241,False,0.8611297,True,True,True,0.77256631,0.17991681,94.028129,16.917241,0.7709836,0.17969742,93.158119,16.740274,0.85328527,0.19124428,12.761421,2.4405487,0.73687387,0.12959616,25.898504,3.3563467,0.65106925,0.16951693,34.566718,5.8596439,0.81258695,0.17999501,54.014894,9.7224114,0.79727425,0.1848112,49.978127,9.2365175,0.76481783,0.1980238,37.382117,7.4025488
0b_baseline_best,file,13,baseline,6956,119.Field_Sparrow/Field_Sparrow_0013_113599.jpg,119,118,119.Field_Sparrow,117,116,identity,identity,0,{},0.00098025426,0.00098025426,0,0.99902022,0.99902022,0.00028407859,0.00028407859,0.99873614,0.99873614,0,1,1,0.13150555,0.13150555,False,1,True,True,True,1,1,0.13150555,0.13150555,1,1,0.12609576,0.12609576,1,1,0.037330538,0.037330538,1,1,0.024780953,0.024780953,1,1,0.055361907,0.055361907,1,1,0.059077267,0.059077267,1,1,0.057823639,0.057823639,1,1,0.073398959,0.073398959
0b_baseline_best,file,13,baseline,6956,119.Field_Sparrow/Field_Sparrow_0013_113599.jpg,119,118,119.Field_Sparrow,117,116,horizontal_flip,horizontal_flip,0,"{""flipped"":true}",0.00098025426,0.0019961924,0.0010159381,0.99902022,0.99800581,0.00028407859,0.00045583639,0.99873614,0.99754997,-0.0011861692,0.69661296,2.2752884,0.13150555,0.29921304,False,0.97575831,True,True,True,0.69661296,2.2752884,0.13150555,0.29921304,0.6759798,2.2897557,0.12609576,0.28872848,0.95524308,2.1031873,0.037330538,0.078513113,0.70464026,3.1866837,0.024780953,0.078969058,0.7439439,2.6376705,0.055361907,0.14602647,0.57124184,2.2660871,0.059077267,0.13387424,0.61210476,2.2007119,0.057823639,0.12725317,0.75818181,2.0064392,0.073398959,0.14727055
0b_baseline_best,file,13,baseline,6956,119.Field_Sparrow/Field_Sparrow_0013_113599.jpg,119,118,119.Field_Sparrow,117,116,color_jitter,color_jitter,0,"{""brightness"":0.804185,""contrast"":1.117062,""hue"":0.059129,""saturation"":1.092743}",0.00098025426,0.16082607,0.15984582,0.99902022,0.85144013,0.00028407859,0.011117991,0.99873614,0.84032214,-0.158414,0.37520383,241.29526,0.13150555,31.731666,False,0.8770076,True,True,True,0.37520383,241.29526,0.13150555,31.731666,0.35923453,248.468,0.12609576,31.33076,0.78030353,134.69213,0.037330538,5.0281298,0.092213214,266.65463,0.024780953,6.6079559,0.189948,315.54644,0.055361907,17.469253,0.36951961,295.91365,0.059077267,17.48177,0.41731462,237.69044,0.057823639,13.744126,0.58759092,160.20044,0.073398959,11.758545
0b_baseline_best,file,13,baseline,6956,119.Field_Sparrow/Field_Sparrow_0013_113599.jpg,119,118,119.Field_Sparrow,117,116,rotation,rotation,0,"{""angle"":4.61046}",0.00098025426,0.0012598443,0.00027959002,0.99902022,0.99874097,0.00028407859,0.0004861838,0.99873614,0.99825479,-0.00048135297,0.82644488,1.476356,0.13150555,0.19414901,False,0.9889971,True,True,True,0.82644488,1.476356,0.13150555,0.19414901,0.81497314,1.487349,0.12609576,0.1875484,0.97513288,1.3445819,0.037330538,0.050193966,0.87068731,2.046626,0.024780953,0.050717341,0.83178523,1.520728,0.055361907,0.084190404,0.78520429,1.5484852,0.059077267,0.091480272,0.77480208,1.5210658,0.057823639,0.087953558,0.85928955,1.3215911,0.073398959,0.097003411
0b_baseline_best,file,13,baseline,6956,119.Field_Sparrow/Field_Sparrow_0013_113599.jpg,119,118,119.Field_Sparrow,117,116,random_resized_crop,random_resized_crop,0,"{""area_fraction"":0.543849,""aspect"":1.19285,""fallback"":false,""height"":0.675222,""left"":0.131334,""top"":0.271611,""width"":0.805438}",0.00098025426,0.32393429,0.32295403,0.99902022,0.72329777,0.00028407859,0.081555702,0.99873614,0.64174207,-0.35699407,0.53975491,315.08935,0.13150555,41.435998,False,0.84329438,True,True,True,0.53975491,315.08935,0.13150555,41.435998,0.5253867,322.35201,0.12609576,40.647221,0.82669016,215.54599,0.037330538,8.0464479,0.61041308,510.04935,0.024780953,12.639509,0.45676521,353.9534,0.055361907,19.595535,0.5693612,355.25254,0.059077267,20.987349,0.5071181,309.7239,0.057823639,17.909363,0.56664504,253.87806,0.073398959,18.634385
0b_baseline_best,file,13,baseline,6956,119.Field_Sparrow/Field_Sparrow_0013_113599.jpg,119,118,119.Field_Sparrow,117,116,gaussian_blur,gaussian_blur,0,"{""sigma"":1.965502}",0.00098025426,0.064472742,0.063492488,0.99902022,0.93756169,0.00028407859,0.032448158,0.99873614,0.90511353,-0.093622607,0.57666371,81.480084,0.13150555,10.715083,False,0.92307562,True,True,True,0.57666371,81.480084,0.13150555,10.715083,0.55742028,82.957207,0.12609576,10.460552,0.89212867,62.190566,0.037330538,2.3216073,0.5866014,97.171974,0.024780953,2.4080141,0.47097914,86.121172,0.055361907,4.7678323,0.52600973,97.554884,0.059077267,5.7632759,0.56366521,86.678673,0.057823639,5.0120763,0.66976737,64.705679,0.073398959,4.7493295
0b_baseline_best,file,13,baseline,6956,119.Field_Sparrow/Field_Sparrow_0013_113599.jpg,119,118,119.Field_Sparrow,117,116,random_erasing,random_erasing,0,"{""area_fraction"":0.120273,""erased"":true,""height"":0.510268,""left"":0.486297,""top"":0.039605,""width"":0.235706}",0.00098025426,0.073081136,0.072100881,0.99902022,0.92952543,0.00028407859,0.0082445126,0.99873614,0.92128092,-0.077455218,0.55123322,87.130292,0.13150555,11.458117,False,0.90441632,True,True,True,0.55123322,87.130292,0.13150555,11.458117,0.53719617,89.320478,0.12609576,11.262933,0.8608023,56.411998,0.037330538,2.1058902,0.44551187,108.11924,0.024780953,2.6792979,0.5429798,104.96819,0.055361907,5.8112391,0.43756291,89.864774,0.059077267,5.3089652,0.48871667,89.848013,0.057823639,5.195339,0.67492812,75.522496,0.073398959,5.5432726
0b_baseline_best,file,13,baseline,9150,156.White_eyed_Vireo/White_Eyed_Vireo_0118_159036.jpg,156,155,156.White_eyed_Vireo,128,127,identity,identity,0,{},0.00027426297,0.00027426297,0,0.99972576,0.99972576,7.8738936e-05,7.8738936e-05,0.99964702,0.99964702,0,1,1,0.038434051,0.038434051,False,1,True,True,True,1,1,0.038434051,0.038434051,1,1,0.037293116,0.037293116,1,1,0.0092951472,0.0092951472,1,1,0.0056515122,0.0056515122,1,1,0.015893516,0.015893516,1,1,0.01733217,0.01733217,1,1,0.017881362,0.017881362,1,1,0.022047355,0.022047355
0b_baseline_best,file,13,baseline,9150,156.White_eyed_Vireo/White_Eyed_Vireo_0118_159036.jpg,156,155,156.White_eyed_Vireo,128,127,horizontal_flip,horizontal_flip,0,"{""flipped"":true}",0.00027426297,0.00013624693,-0.00013801604,0.99972576,0.99986374,7.8738936e-05,6.0184218e-05,0.99964702,0.99980356,0.00015653947,0.71461353,0.54098358,0.038434051,0.020792191,False,0.9825334,True,True,True,0.71461353,0.54098358,0.038434051,0.020792191,0.69803658,0.53922185,0.037293116,0.020109263,0.96861284,0.56859156,0.0092951472,0.0052851423,0.49436733,0.49574775,0.0056515122,0.0028017245,0.72798395,0.50749108,0.015893516,0.0080658174,0.66828233,0.58090125,0.01733217,0.010068279,0.61271799,0.5406419,0.017881362,0.0096674138,0.77522873,0.53020324,0.022047355,0.011689579
0b_baseline_best,file,13,baseline,9150,156.White_eyed_Vireo/White_Eyed_Vireo_0118_159036.jpg,156,155,156.White_eyed_Vireo,128,127,color_jitter,color_jitter,0,"{""brightness"":0.766892,""contrast"":1.370634,""hue"":-0.094857,""saturation"":0.725569}",0.00027426297,5.4420977,5.4418234,0.99972576,0.0043303906,7.8738936e-05,0.00096521934,0.99964702,0.0033651713,-0.99628185,0.36506087,4121.6412,0.038434051,158.41137,False,0.58340752,False,True,False,0.36506087,4121.6412,0.038434051,158.41137,0.35961727,4183.4532,0.037293116,156.014,0.51054156,2953.72,0.0092951472,27.455262,0.22873214,4966.6817,0.0056515122,28.069262,0.43974605,4550.6216,0.015893516,72.325375,0.46721835,4869.0238,0.01733217,84.390747,0.37123387,4324.5916,0.017881362,77.329591,0.22214493,3276.9744,0.022047355,72.248617
0b_baseline_best,file,13,baseline,9150,156.White_eyed_Vireo/White_Eyed_Vireo_0118_159036.jpg,156,155,156.White_eyed_Vireo,128,127,rotation,rotation,0,"{""angle"":-1.856498}",0.00027426297,0.00067413965,0.00039987668,0.99972576,0.99932611,7.8738936e-05,0.00013661146,0.99964702,0.9991895,-0.00045752167,0.8687706,2.4906005,0.038434051,0.095723867,False,0.99060571,True,True,True,0.8687706,2.4906005,0.038434051,0.095723867,0.86252857,2.5039969,0.037293116,0.093381847,0.98407137,2.2640777,0.0092951472,0.021044935,0.78939701,2.8680425,0.0056515122,0.016208777,0.82527838,2.31807,0.015893516,0.036842282,0.83167319,2.5888358,0.01733217,0.044870141,0.86162285,2.6581053,0.017881362,0.047530544,0.9119163,2.4118661,0.022047355,0.053175267
0b_baseline_best,file,13,baseline,9150,156.White_eyed_Vireo/White_Eyed_Vireo_0118_159036.jpg,156,155,156.White_eyed_Vireo,128,127,random_resized_crop,random_resized_crop,0,"{""area_fraction"":0.593228,""aspect"":0.904755,""fallback"":false,""height"":0.80974,""left"":0.115621,""top"":0.087619,""width"":0.732616}",0.00027426297,0.0019201667,0.0016459037,0.99972576,0.99808168,7.8738936e-05,0.00013297523,0.99964702,0.99794871,-0.0016983112,0.70794978,7.647805,0.038434051,0.29393612,False,0.9726873,True,True,True,0.70794978,7.647805,0.038434051,0.29393612,0.69693348,7.7280858,0.037293116,0.2882044,0.94454719,6.2144148,0.0092951472,0.0577639,0.70283545,13.356606,0.0056515122,0.075485023,0.65919391,8.1848088,0.015893516,0.13008539,0.67313715,8.2344535,0.01733217,0.14272095,0.66132606,7.442061,0.017881362,0.13307419,0.7852967,6.7828795,0.022047355,0.14954455
0b_baseline_best,file,13,baseline,9150,156.White_eyed_Vireo/White_Eyed_Vireo_0118_159036.jpg,156,155,156.White_eyed_Vireo,128,127,gaussian_blur,gaussian_blur,0,"{""sigma"":1.092744}",0.00027426297,0.0083751651,0.0081009021,0.99972576,0.99165982,7.8738936e-05,0.00062766904,0.99964702,0.99103215,-0.0086148691,0.62934435,35.948863,0.038434051,1.3816604,False,0.94482553,True,True,True,0.62934435,35.948863,0.038434051,1.3816604,0.62002692,36.572675,0.037293116,1.363909,0.91744333,23.750701,0.0092951472,0.22076626,0.51655348,50.243683,0.0056515122,0.28395279,0.4674419,35.714765,0.015893516,0.56763317,0.60333378,42.822044,0.01733217,0.74219893,0.64284519,38.685788,0.017881362,0.6917546,0.74723823,29.674223,0.022047355,0.65423811
0b_baseline_best,file,13,baseline,9150,156.White_eyed_Vireo/White_Eyed_Vireo_0118_159036.jpg,156,155,156.White_eyed_Vireo,128,127,random_erasing,random_erasing,0,"{""area_fraction"":0.119002,""erased"":true,""height"":0.256969,""left"":0.021985,""top"":0.353425,""width"":0.4631}",0.00027426297,0.007844002,0.007569739,0.99972576,0.99218667,7.8738936e-05,0.0026354429,0.99964702,0.98955122,-0.010095797,0.68972483,27.915403,0.038434051,1.072902,False,0.91985434,True,True,True,0.68972483,27.915403,0.038434051,1.072902,0.67726205,28.056921,0.037293116,1.04633,0.91310756,25.529676,0.0092951472,0.2373021,0.78769752,33.926493,0.0056515122,0.19173599,0.67498771,25.357049,0.015893516,0.40301265,0.65716415,30.122952,0.01733217,0.52209613,0.65235098,29.813585,0.017881362,0.53310752,0.70789951,26.402112,0.022047355,0.58209672
0b_baseline_best,file,13,baseline,1514,027.Shiny_Cowbird/Shiny_Cowbird_0062_24271.jpg,27,26,027.Shiny_Cowbird,49,48,identity,identity,0,{},0.45753849,0.45753849,0,0.63283944,0.63283944,0.21878943,0.21878943,0.41405001,0.41405001,0,1,1,54.263676,54.263676,False,1,True,True,True,1,1,54.263676,54.263676,1,1,52.754002,52.754002,1,1,12.710697,12.710697,1,1,10.85706,10.85706,1,1,22.799922,22.799922,1,1,26.102871,26.102871,1,1,27.824734,27.824734,1,1,26.26208,26.26208
0b_baseline_best,file,13,baseline,1514,027.Shiny_Cowbird/Shiny_Cowbird_0062_24271.jpg,27,26,027.Shiny_Cowbird,49,48,horizontal_flip,horizontal_flip,0,"{""flipped"":true}",0.45753849,0.59154475,0.13400626,0.63283944,0.55347168,0.21878943,0.19161779,0.41405001,0.3618539,-0.052196115,0.58368477,1.0598944,54.263676,57.513768,False,0.974729,True,True,True,0.58368477,1.0598944,54.263676,57.513768,0.56284377,1.0630654,52.754002,56.080952,0.96482782,1.0037023,12.710697,12.757755,0.41907204,1.4477489,10.85706,15.718296,0.43644513,0.97994979,22.799922,22.342779,0.58122346,0.98669854,26.102871,25.755665,0.5275323,1.0878389,27.824734,30.268829,0.71341864,1.0898826,26.26208,28.622584
0b_baseline_best,file,13,baseline,1514,027.Shiny_Cowbird/Shiny_Cowbird_0062_24271.jpg,27,26,027.Shiny_Cowbird,49,48,color_jitter,color_jitter,0,"{""brightness"":1.23957,""contrast"":0.690919,""hue"":0.079061,""saturation"":1.112384}",0.45753849,0.58060813,0.12306964,0.63283944,0.55955797,0.21878943,0.062048201,0.41405001,0.49750977,0.083459761,0.54160081,1.2162095,54.263676,65.995997,False,0.88536894,True,True,True,0.54160081,1.2162095,54.263676,65.995997,0.52986786,1.228221,52.754002,64.793575,0.80565828,0.98661021,12.710697,12.540503,0.43103376,1.9060313,10.85706,20.693896,0.40055679,1.3531612,22.799922,30.85197,0.44666712,1.1897015,26.102871,31.054626,0.64162923,1.1006964,27.824734,30.626585,0.65896025,1.1522826,26.26208,30.261337
0b_baseline_best,file,13,baseline,1514,027.Shiny_Cowbird/Shiny_Cowbird_0062_24271.jpg,27,26,027.Shiny_Cowbird,49,48,rotation,rotation,0,"{""angle"":1.861996}",0.45753849,0.14771228,-0.30982621,0.63283944,0.8626793,0.21878943,0.080158055,0.41405001,0.78252125,0.36847124,0.86255162,0.36829167,54.263676,19.98486,False,0.98240423,True,True,True,0.86255162,0.36829167,54.263676,19.98486,0.85526383,0.36682236,52.754002,19.351348,0.98169648,0.39273933,12.710697,4.9919905,0.75369744,0.43538254,10.85706,4.7269743,0.7976004,0.36337823,22.799922,8.2849955,0.84487171,0.3667035,26.102871,9.5720141,0.87848041,0.35566963,27.824734,9.8964129,0.90664574,0.36903332,26.26208,9.6915826
0b_baseline_best,file,13,baseline,1514,027.Shiny_Cowbird/Shiny_Cowbird_0062_24271.jpg,27,26,027.Shiny_Cowbird,49,48,random_resized_crop,random_resized_crop,0,"{""area_fraction"":0.606966,""aspect"":1.129499,""fallback"":false,""height"":0.73306,""left"":0.072199,""top"":0.026189,""width"":0.82799}",0.45753849,0.22970046,-0.22783802,0.63283944,0.79477161,0.21878943,0.0156486,0.41405001,0.77912301,0.365073,0.49042894,0.63856019,54.263676,34.650624,False,0.91824841,True,True,True,0.49042894,0.63856019,54.263676,34.650624,0.47846178,0.64386924,52.754002,33.966679,0.74410804,0.53896152,12.710697,6.8505763,0.39862704,1.0122375,10.85706,10.989923,0.44233842,0.73593595,22.799922,16.779283,0.42509973,0.62839232,26.102871,16.402844,0.52788268,0.56352871,27.824734,15.680036,0.56512176,0.58557504,26.26208,15.378418
0b_baseline_best,file,13,baseline,1514,027.Shiny_Cowbird/Shiny_Cowbird_0062_24271.jpg,27,26,027.Shiny_Cowbird,49,48,gaussian_blur,gaussian_blur,0,"{""sigma"":1.303003}",0.45753849,0.30436137,-0.15317711,0.63283944,0.73759425,0.21878943,0.02518077,0.41405001,0.71241348,0.29836346,0.41211557,0.78830635,54.263676,42.7764,False,0.86373436,True,True,True,0.41211557,0.78830635,54.263676,42.7764,0.39867252,0.79921829,52.754002,42.161964,0.7609305,0.568357,12.710697,7.2242133,0.17150052,0.90790558,10.85706,9.8571851,0.22281896,0.81097069,22.799922,18.490069,0.32935759,0.8115921,26.102871,21.184884,0.48606677,0.8244901,27.824734,22.941218,0.56330016,0.72596306,26.26208,19.0653
0b_baseline_best,file,13,baseline,1514,027.Shiny_Cowbird/Shiny_Cowbird_0062_24271.jpg,27,26,027.Shiny_Cowbird,49,48,random_erasing,random_erasing,0,"{""area_fraction"":0.12446,""erased"":true,""height"":0.314476,""left"":0.023653,""top"":0.598657,""width"":0.395769}",0.45753849,0.8452881,0.38774961,0.63283944,0.42943361,0.21878943,0.10412714,0.41405001,0.32530648,-0.088743538,0.65505428,1.3154666,54.263676,71.382054,False,0.96144319,True,True,True,0.65505428,1.3154666,54.263676,71.382054,0.64116704,1.3119535,52.754002,69.210798,0.88404294,1.3745729,12.710697,17.471779,0.55410575,1.7706675,10.85706,19.224243,0.52473869,1.2563487,22.799922,28.644654,0.63317692,1.2820867,26.102871,33.466144,0.69025983,1.2777516,27.824734,35.553099,0.70612695,1.3278379,26.26208,34.871784
0b_baseline_best,file,13,baseline,1639,029.American_Crow/American_Crow_0062_25587.jpg,29,28,029.American_Crow,30,29,identity,identity,0,{},0.37491557,0.37491557,0,0.68734729,0.68734729,0.15234123,0.15234123,0.53500606,0.53500606,0,1,1,52.547641,52.547641,False,1,True,True,True,1,1,52.547641,52.547641,1,1,51.415784,51.415784,1,1,10.847662,10.847662,1,1,15.06621,15.06621,1,1,18.861994,18.861994,1,1,25.907911,25.907911,1,1,26.851553,26.851553,1,1,25.857137,25.857137
0b_baseline_best,file,13,baseline,1639,029.American_Crow/American_Crow_0062_25587.jpg,29,28,029.American_Crow,30,29,horizontal_flip,horizontal_flip,0,"{""flipped"":true}",0.37491557,1.1369101,0.76199451,0.68734729,0.3208088,0.15234123,0.13351558,0.53500606,0.18729322,-0.34771284,0.56329083,2.4833852,52.547641,130.49603,False,0.97344369,False,True,False,0.56329083,2.4833852,52.547641,130.49603,0.54735352,2.4826175,51.415784,127.64572,0.91877765,2.5005709,10.847662,27.125349,0.10895822,2.9545764,15.06621,44.51427,0.33731546,2.5105657,18.861994,47.354275,0.59051686,2.256579,25.907911,58.46325,0.59896836,2.4840869,26.851553,66.701591,0.74615042,2.5070891,25.857137,64.826145
0b_baseline_best,file,13,baseline,1639,029.American_Crow/American_Crow_0062_25587.jpg,29,28,029.American_Crow,30,29,color_jitter,color_jitter,0,"{""brightness"":0.809822,""contrast"":0.820395,""hue"":-0.090033,""saturation"":1.245976}",0.37491557,0.54164088,0.16672531,0.68734729,0.58179283,0.15234123,0.17791235,0.53500606,0.40388048,-0.13112558,0.56963534,1.407362,52.547641,73.953554,False,0.93693542,True,True,True,0.56963534,1.407362,52.547641,73.953554,0.55871583,1.4192194,51.415784,72.970279,0.90079275,1.1080192,10.847662,12.019419,0.3450135,1.7480346,15.06621,26.336257,0.35920469,1.9028206,18.861994,35.890991,0.66464607,1.4834943,25.907911,38.434239,0.62426295,1.1837989,26.851553,31.786839,0.68960805,1.1310462,25.857137,29.245617
0b_baseline_best,file,13,baseline,1639,029.American_Crow/American_Crow_0062_25587.jpg,29,28,029.American_Crow,30,29,rotation,rotation,0,"{""angle"":4.495847}",0.37491557,0.46008259,0.085167021,0.68734729,0.63123155,0.15234123,0.12131741,0.53500606,0.50991414,-0.025091924,0.82180543,1.1371641,52.547641,59.755289,False,0.95530903,True,True,True,0.82180543,1.1371641,52.547641,59.755289,0.81617776,1.1349672,51.415784,58.355228,0.94359525,1.1854456,10.847662,12.859314,0.8229485,1.0912372,15.06621,16.440809,0.73252475,1.1464335,18.861994,21.624021,0.80681381,1.109893,25.907911,28.755009,0.82750457,1.1630864,26.851553,31.230677,0.85621459,1.1375879,25.857137,29.414766
0b_baseline_best,file,13,baseline,1639,029.American_Crow/American_Crow_0062_25587.jpg,29,28,029.American_Crow,30,29,random_resized_crop,random_resized_crop,0,"{""area_fraction"":0.590698,""aspect"":0.931252,""fallback"":false,""height"":0.796432,""left"":0.199503,""top"":0.077813,""width"":0.741679}",0.37491557,0.82913864,0.45422307,0.68734729,0.43642506,0.15234123,0.13772359,0.53500606,0.29870147,-0.2363046,0.66845391,1.7327864,52.547641,91.053837,False,0.91860902,True,True,True,0.66845391,1.7327864,52.547641,91.053837,0.65892221,1.7371494,51.415784,89.316896,0.89768834,1.6316967,10.847662,17.700095,0.47152363,1.5822251,15.06621,23.838136,0.53555695,1.71324,18.861994,32.315122,0.68323911,1.8788157,25.907911,48.676192,0.68961362,1.7213424,26.851553,46.220717,0.7288958,1.6675903,25.857137,43.119112
0b_baseline_best,file,13,baseline,1639,029.American_Crow/American_Crow_0062_25587.jpg,29,28,029.American_Crow,30,29,gaussian_blur,gaussian_blur,0,"{""sigma"":1.521107}",0.37491557,2.4145999,2.0396843,0.68734729,0.089403123,0.15234123,0.12723339,0.53500606,-0.037830263,-0.57283632,0.52600886,2.6270809,52.547641,138.0469,False,0.87937003,False,True,False,0.52600886,2.6270809,52.547641,138.0469,0.51514115,2.6459512,51.415784,136.04365,0.83554773,2.160123,10.847662,23.432285,0.36402324,2.7735951,15.06621,41.787568,0.30766711,2.9653097,18.861994,55.931654,0.47740613,2.8328852,25.907911,73.39414,0.61036991,2.5336929,26.851553,68.03359,0.66014237,2.3262544,25.857137,60.150279
0b_baseline_best,file,13,baseline,1639,029.American_Crow/American_Crow_0062_25587.jpg,29,28,029.American_Crow,30,29,random_erasing,random_erasing,0,"{""area_fraction"":0.104346,""erased"":true,""height"":0.377242,""left"":0.450643,""top"":0.105991,""width"":0.276603}",0.37491557,2.9326136,2.557698,0.68734729,0.053257659,0.15234123,0.61738914,0.53500606,-0.56413148,-1.0991375,0.62136136,2.1033495,52.547641,110.52605,False,0.88809681,False,True,False,0.62136136,2.1033495,52.547641,110.52605,0.61064688,2.0731383,51.415784,106.59203,0.82684595,2.694202,10.847662,29.225793,0.65138194,1.9595765,15.06621,29.523392,0.47553745,2.0663063,18.861994,38.974657,0.61125784,1.8889454,25.907911,48.93863,0.60819042,2.009124,26.851553,53.948099,0.67152401,2.3415591,25.857137,60.546014
0b_baseline_best,file,13,baseline,1375,025.Pelagic_Cormorant/Pelagic_Cormorant_0044_23536.jpg,25,24,025.Pelagic_Cormorant,24,23,identity,identity,0,{},0.085184626,0.085184626,0,0.91834271,0.91834271,0.071730815,0.071730815,0.84661189,0.84661189,0,1,1,12.567085,12.567085,False,1,True,True,True,1,1,12.567085,12.567085,1,1,11.968366,11.968366,1,1,3.8327337,3.8327337,1,1,3.1085542,3.1085542,1,1,4.4284403,4.4284403,1,1,6.017939,6.017939,1,1,5.7807981,5.7807981,1,1,6.6584062,6.6584062
0b_baseline_best,file,13,baseline,1375,025.Pelagic_Cormorant/Pelagic_Cormorant_0044_23536.jpg,25,24,025.Pelagic_Cormorant,24,23,horizontal_flip,horizontal_flip,0,"{""flipped"":true}",0.085184626,0.29014474,0.20496012,0.91834271,0.7481553,0.071730815,0.23023486,0.84661189,0.51792043,-0.32869146,0.72667232,3.5057832,12.567085,44.057476,False,0.97884125,True,True,True,0.72667232,3.5057832,12.567085,44.057476,0.70443298,3.5431589,11.968366,42.405822,0.97855787,3.1179332,3.8327337,11.950208,0.58505269,3.3468247,3.1085542,10.403786,0.67447124,3.8776911,4.4284403,17.172124,0.72822588,3.6533126,6.017939,21.985412,0.64971405,3.638185,5.7807981,21.031613,0.77611545,3.2540374,6.6584062,21.666703
0b_baseline_best,file,13,baseline,1375,025.Pelagic_Cormorant/Pelagic_Cormorant_0044_23536.jpg,25,24,025.Pelagic_Cormorant,24,23,color_jitter,color_jitter,0,"{""brightness"":0.947381,""contrast"":0.673893,""hue"":-0.006337,""saturation"":0.957465}",0.085184626,0.33329955,0.24811492,0.91834271,0.71655554,0.071730815,0.21765821,0.84661189,0.49889733,-0.34771457,0.84065787,3.5010783,12.567085,43.998349,False,0.97761583,True,True,True,0.84065787,3.5010783,12.567085,43.998349,0.82963624,3.5445232,11.968366,42.422151,0.97467804,3.045125,3.8327337,11.671153,0.84611751,2.6389097,3.1085542,8.2031938,0.71298221,3.7600307,4.4284403,16.651072,0.83655752,4.1239412,6.017939,24.817627,0.85204748,3.456194,5.7807981,19.97956,0.88586524,3.1502975,6.6584062,20.97596
0b_baseline_best,file,13,baseline,1375,025.Pelagic_Cormorant/Pelagic_Cormorant_0044_23536.jpg,25,24,025.Pelagic_Cormorant,24,23,rotation,rotation,0,"{""angle"":-14.409428}",0.085184626,0.070753016,-0.014431611,0.91834271,0.931692,0.071730815,0.054203711,0.84661189,0.87748829,0.030876398,0.74775629,0.80196501,12.567085,10.078363,False,0.96746033,True,True,True,0.74775629,0.80196501,12.567085,10.078363,0.72888301,0.81120645,11.968366,9.7088157,0.96604984,0.70553419,3.8327337,2.7041247,0.86644148,0.86645867,3.1085542,2.6934337,0.57720174,0.97469312,4.4284403,4.3163703,0.75975907,0.84587589,6.017939,5.0904295,0.71333594,0.77676373,5.7807981,4.4903143,0.78290439,0.709223,6.6584062,4.7222948
0b_baseline_best,file,13,baseline,1375,025.Pelagic_Cormorant/Pelagic_Cormorant_0044_23536.jpg,25,24,025.Pelagic_Cormorant,24,23,random_resized_crop,random_resized_crop,0,"{""area_fraction"":0.757931,""aspect"":1.2212,""fallback"":false,""height"":0.78781,""left"":0.007186,""top"":0.180555,""width"":0.962074}",0.085184626,1.3013035,1.2161189,0.91834271,0.27217677,0.071730815,0.15188681,0.84661189,0.12028997,-0.72632193,0.48859095,8.8016381,12.567085,110.61094,False,0.86644667,True,True,True,0.48859095,8.8016381,12.567085,110.61094,0.47452631,9.0406583,11.968366,108.20191,0.73477477,5.9903034,3.8327337,22.959238,0.40763841,13.116596,3.1085542,40.773651,0.49229873,10.683946,4.4284403,47.313219,0.46737997,8.999804,6.017939,54.160272,0.46823974,8.5849174,5.7807981,49.627674,0.52930631,7.3734798,6.6584062,49.095624
0b_baseline_best,file,13,baseline,1375,025.Pelagic_Cormorant/Pelagic_Cormorant_0044_23536.jpg,25,24,025.Pelagic_Cormorant,24,23,gaussian_blur,gaussian_blur,0,"{""sigma"":1.484802}",0.085184626,1.988948,1.9037634,0.91834271,0.1368393,0.071730815,0.29878053,0.84661189,-0.16194123,-1.0085531,0.4816473,14.128937,12.567085,177.55955,False,0.85586607,False,True,False,0.4816473,14.128937,12.567085,177.55955,0.47232273,14.642259,11.968366,175.24391,0.76777068,7.4574954,3.8327337,28.582594,0.57380091,19.350096,3.1085542,60.150822,0.3749897,17.143451,4.4284403,75.918748,0.45456711,15.533779,6.017939,93.481336,0.49330425,15.017545,5.7807981,86.813396,0.53660976,10.676241,6.6584062,71.08675
0b_baseline_best,file,13,baseline,1375,025.Pelagic_Cormorant/Pelagic_Cormorant_0044_23536.jpg,25,24,025.Pelagic_Cormorant,24,23,random_erasing,random_erasing,0,"{""area_fraction"":0.133528,""erased"":true,""height"":0.215235,""left"":0.096466,""top"":0.309513,""width"":0.620383}",0.085184626,0.17238197,0.087197341,0.91834271,0.84165764,0.071730815,0.02392292,0.84661189,0.81773472,-0.028877176,0.40899465,1.654289,12.567085,20.789591,False,0.9485929,True,True,True,0.40899465,1.654289,12.567085,20.789591,0.38053212,1.6850336,11.968366,20.167099,0.77549644,1.3174094,3.8327337,5.0492793,0.10409339,1.3062999,3.1085542,4.0607042,0.31605716,1.5899075,4.4284403,7.0408105,0.38874566,1.707553,6.017939,10.27595,0.35689908,1.8143114,5.7807981,10.488168,0.47006553,1.6794858,6.6584062,11.182698
0b_baseline_best,file,13,baseline,4127,071.Long_tailed_Jaeger/Long_Tailed_Jaeger_0062_797104.jpg,71,70,071.Long_tailed_Jaeger,3,2,identity,identity,0,{},0.11250815,0.11250815,0,0.89359009,0.89359009,0.076723501,0.076723501,0.81686659,0.81686659,0,1,1,20.404476,20.404476,False,0.99999994,True,True,True,1,1,20.404476,20.404476,1,1,20.033632,20.033632,1,1,3.8724977,3.8724977,1,1,3.5271042,3.5271042,1,1,11.05278,11.05278,1,1,10.680285,10.680285,1,1,8.5680125,8.5680125,1,1,8.9029594,8.9029594
0b_baseline_best,file,13,baseline,4127,071.Long_tailed_Jaeger/Long_Tailed_Jaeger_0062_797104.jpg,71,70,071.Long_tailed_Jaeger,3,2,horizontal_flip,horizontal_flip,0,"{""flipped"":true}",0.11250815,0.34935436,0.23684621,0.89359009,0.70514321,0.076723501,0.22107325,0.81686659,0.48406996,-0.33279663,0.7299068,3.0544252,20.404476,62.323947,False,0.9667573,True,True,True,0.7299068,3.0544252,20.404476,62.323947,0.72168043,3.0600901,20.033632,61.30472,0.96336312,2.8987043,3.8724977,11.225226,0.51280527,3.1525165,3.5271042,11.119254,0.73377583,2.9377176,11.05278,32.469946,0.71555553,2.9725162,10.680285,31.74732,0.68032043,3.3067124,8.5680125,28.331953,0.78991886,3.1162916,8.9029594,27.744218
0b_baseline_best,file,13,baseline,4127,071.Long_tailed_Jaeger/Long_Tailed_Jaeger_0062_797104.jpg,71,70,071.Long_tailed_Jaeger,3,2,color_jitter,color_jitter,0,"{""brightness"":1.045974,""contrast"":0.75179,""hue"":0.044061,""saturation"":1.277546}",0.11250815,0.092751302,-0.019756846,0.89359009,0.91142017,0.076723501,0.062646963,0.81686659,0.8487732,0.031906612,0.90494292,0.85491654,20.404476,17.444124,False,0.97867948,True,True,True,0.90494292,0.85491654,20.404476,17.444124,0.90221607,0.85471063,20.033632,17.122958,0.97745782,0.86040912,3.8724977,3.3319323,0.82535058,0.78310473,3.5271042,2.7620919,0.89839305,0.80318529,11.05278,8.8774302,0.91428704,0.89070378,10.680285,9.5129702,0.89509146,0.87620643,8.5680125,7.5073477,0.91187405,0.86932531,8.9029594,7.739568
0b_baseline_best,file,13,baseline,4127,071.Long_tailed_Jaeger/Long_Tailed_Jaeger_0062_797104.jpg,71,70,071.Long_tailed_Jaeger,3,2,rotation,rotation,0,"{""angle"":-2.092553}",0.11250815,0.090091608,-0.022416539,0.89359009,0.91384745,0.076723501,0.040949795,0.81686659,0.87289765,0.056031059,0.85606653,0.69244689,20.404476,14.129016,False,0.97717208,True,True,True,0.85606653,0.69244689,20.404476,14.129016,0.85218208,0.69080041,20.033632,13.839241,0.95534978,0.7351431,3.8724977,2.84684,0.7703394,0.78102716,3.5271042,2.7547641,0.8848244,0.64684615,11.05278,7.1494481,0.84180191,0.64438407,10.680285,6.8822055,0.83106616,0.73714784,8.5680125,6.315892,0.86550137,0.75820415,8.9029594,6.7502608
0b_baseline_best,file,13,baseline,4127,071.Long_tailed_Jaeger/Long_Tailed_Jaeger_0062_797104.jpg,71,70,071.Long_tailed_Jaeger,3,2,random_resized_crop,random_resized_crop,0,"{""area_fraction"":0.583944,""aspect"":0.840657,""fallback"":false,""height"":0.833444,""left"":0.025038,""top"":0.03436,""width"":0.70064}",0.11250815,0.046522461,-0.065985687,0.89359009,0.95454311,0.076723501,0.025847713,0.81686659,0.9286954,0.11182881,0.83375772,0.43011721,20.404476,8.7763165,False,0.96598071,True,True,True,0.83375772,0.43011721,20.404476,8.7763165,0.82935279,0.4302433,20.033632,8.6193359,0.95264532,0.42672892,3.8724977,1.6525068,0.67515161,0.38389096,3.5271042,1.3540234,0.89810611,0.43738682,11.05278,4.8343402,0.83489336,0.40807619,10.680285,4.35837,0.76102958,0.44862982,8.5680125,3.8438659,0.80557374,0.43960954,8.9029594,3.9138259
0b_baseline_best,file,13,baseline,4127,071.Long_tailed_Jaeger/Long_Tailed_Jaeger_0062_797104.jpg,71,70,071.Long_tailed_Jaeger,3,2,gaussian_blur,gaussian_blur,0,"{""sigma"":1.555469}",0.11250815,1.0221455,0.90963736,0.89359009,0.35982209,0.076723501,0.56917983,0.81686659,-0.20935774,-1.0262243,0.75412309,7.4648785,20.404476,152.31694,False,0.92951852,False,True,False,0.75412309,7.4648785,20.404476,152.31694,0.74845595,7.4882518,20.033632,150.01688,0.92420299,6.809595,3.8724977,26.370141,0.49042318,9.8212663,3.5271042,34.640629,0.76699714,6.4704818,11.05278,71.516811,0.78335846,7.9306319,10.680285,84.701409,0.71731427,8.1131137,8.5680125,69.51326,0.77675548,7.2654456,8.9029594,64.683967
0b_baseline_best,file,13,baseline,4127,071.Long_tailed_Jaeger/Long_Tailed_Jaeger_0062_797104.jpg,71,70,071.Long_tailed_Jaeger,3,2,random_erasing,random_erasing,0,"{""area_fraction"":0.107676,""erased"":true,""height"":0.574787,""left"":0.114552,""top"":0.305162,""width"":0.187331}",0.11250815,0.20444246,0.091934308,0.89359009,0.81510162,0.076723501,0.050348997,0.81686659,0.76475263,-0.052113965,0.78978413,1.4115942,20.404476,28.802841,False,0.96462554,True,True,True,0.78978413,1.4115942,20.404476,28.802841,0.78608136,1.4132348,20.033632,28.312227,0.89265946,1.3669554,3.8724977,5.2935317,0.7685915,1.4941797,3.5271042,5.2701275,0.8308547,1.3673844,11.05278,15.113398,0.77807005,1.2936278,10.680285,13.816314,0.73164159,1.5001793,8.5680125,12.853555,0.79514818,1.5453539,8.9029594,13.758223
0b_baseline_best,file,13,baseline,6533,112.Great_Grey_Shrike/Great_Grey_Shrike_0063_797042.jpg,112,111,112.Great_Grey_Shrike,93,92,identity,identity,0,{},0.080936521,0.080936521,0,0.92225224,0.92225224,0.050254557,0.050254557,0.87199768,0.87199768,0,1,1,14.716225,14.716225,False,1,True,True,True,1,1,14.716225,14.716225,1,1,14.295595,14.295595,1,1,3.4933124,3.4933124,1,1,3.0735062,3.0735062,1,1,5.681719,5.681719,1,1,7.5966421,7.5966421,1,1,7.2400973,7.2400973,1,1,7.2462186,7.2462186
0b_baseline_best,file,13,baseline,6533,112.Great_Grey_Shrike/Great_Grey_Shrike_0063_797042.jpg,112,111,112.Great_Grey_Shrike,93,92,horizontal_flip,horizontal_flip,0,"{""flipped"":true}",0.080936521,0.055792309,-0.025144212,0.92225224,0.94573551,0.050254557,0.0085750688,0.87199768,0.93716045,0.065162765,0.58137683,0.61024344,14.716225,8.9804795,False,0.96790087,True,True,True,0.58137683,0.61024344,14.716225,8.9804795,0.56434967,0.60594438,14.295595,8.6623355,0.83960678,0.67820096,3.4933124,2.3691678,0.68037366,0.85599254,3.0735062,2.6308983,0.51420458,0.61619321,5.681719,3.5010367,0.54374969,0.56503768,7.5966421,4.292389,0.5582723,0.58811992,7.2400973,4.2580455,0.60354294,0.60629699,7.2462186,4.3933606
0b_baseline_best,file,13,baseline,6533,112.Great_Grey_Shrike/Great_Grey_Shrike_0063_797042.jpg,112,111,112.Great_Grey_Shrike,93,92,color_jitter,color_jitter,0,"{""brightness"":0.715802,""contrast"":1.213417,""hue"":0.053457,""saturation"":1.35239}",0.080936521,0.048796929,-0.032139592,0.92225224,0.95237452,0.050254557,0.040225074,0.87199768,0.91214944,0.040151764,0.84962177,0.67711103,14.716225,9.964518,False,0.97707689,True,True,True,0.84962177,0.67711103,14.716225,9.964518,0.84383726,0.67908231,14.295595,9.7078856,0.95308228,0.64320144,3.4933124,2.2469036,0.7200229,0.57775282,3.0735062,1.7757269,0.81824809,0.73147643,5.681719,4.1560435,0.86238046,0.70010117,7.5966421,5.318418,0.83512593,0.65910789,7.2400973,4.7720052,0.87247327,0.65837034,7.2462186,4.7706954
0b_baseline_best,file,13,baseline,6533,112.Great_Grey_Shrike/Great_Grey_Shrike_0063_797042.jpg,112,111,112.Great_Grey_Shrike,93,92,rotation,rotation,0,"{""angle"":7.875577}",0.080936521,0.082134493,0.0011979714,0.92225224,0.92114806,0.050254557,0.016652975,0.87199768,0.90449509,0.032497406,0.61733147,0.88147259,14.716225,12.971949,False,0.97150648,True,True,True,0.61733147,0.88147259,14.716225,12.971949,0.60106587,0.87345472,14.295595,12.486555,0.85956425,1.0062969,3.4933124,3.5153095,0.6756251,1.1625344,3.0735062,3.5730566,0.52498819,0.89356927,5.681719,5.0770095,0.57132788,0.85129446,7.5966421,6.4669793,0.62016623,0.87512204,7.2400973,6.3359687,0.65431351,0.82114659,7.2462186,5.9502077
0b_baseline_best,file,13,baseline,6533,112.Great_Grey_Shrike/Great_Grey_Shrike_0063_797042.jpg,112,111,112.Great_Grey_Shrike,93,92,random_resized_crop,random_resized_crop,0,"{""area_fraction"":0.598617,""aspect"":0.759661,""fallback"":false,""height"":0.887697,""left"":0.201927,""top"":0.10409,""width"":0.674348}",0.080936521,0.0047541913,-0.07618233,0.92225224,0.99525708,0.050254557,0.0011133138,0.87199768,0.99414377,0.12214609,0.57465872,0.057916233,14.716225,0.85230829,False,0.94261169,True,True,True,0.57465872,0.057916233,14.716225,0.85230829,0.55761558,0.057912265,14.295595,0.82789029,0.85972923,0.057982635,3.4933124,0.20255146,0.64549142,0.075921042,3.0735062,0.23334379,0.35959654,0.059992813,5.681719,0.34086231,0.60961354,0.058231069,7.5966421,0.44236059,0.5511342,0.056374773,7.2400973,0.40815884,0.62300558,0.053890019,7.2462186,0.39049886
0b_baseline_best,file,13,baseline,6533,112.Great_Grey_Shrike/Great_Grey_Shrike_0063_797042.jpg,112,111,112.Great_Grey_Shrike,93,92,gaussian_blur,gaussian_blur,0,"{""sigma"":1.903068}",0.080936521,0.04188009,-0.039056432,0.92225224,0.95898479,0.050254557,0.00065608777,0.87199768,0.9583287,0.086331024,0.23121241,0.61765395,14.716225,9.0895343,False,0.84266555,True,True,True,0.23121241,0.61765395,14.716225,9.0895343,0.21677417,0.62942969,14.295595,8.9980719,0.67737702,0.36819199,3.4933124,1.2862097,0.20076711,1.1663858,3.0735062,3.584894,0.17490793,0.71671967,5.681719,4.0721998,0.10918382,0.60941407,7.5966421,4.6295005,0.25144774,0.59528119,7.2400973,4.3098937,0.40406386,0.46847019,7.2462186,3.3946374
0b_baseline_best,file,13,baseline,6533,112.Great_Grey_Shrike/Great_Grey_Shrike_0063_797042.jpg,112,111,112.Great_Grey_Shrike,93,92,random_erasing,random_erasing,0,"{""area_fraction"":0.096345,""erased"":true,""height"":0.265094,""left"":0.400861,""top"":0.027188,""width"":0.363439}",0.080936521,1.234623,1.1536864,0.92225224,0.29094443,0.050254557,0.059367053,0.87199768,0.23157737,-0.64042031,0.50148291,9.5268358,14.716225,140.19906,False,0.91366017,False,True,False,0.50148291,9.5268358,14.716225,140.19906,0.49328151,9.5579017,14.295595,136.63589,0.64838407,8.9906469,3.4933124,31.407139,0.56921126,9.0170868,3.0735062,27.714072,0.36489334,10.165521,5.681719,57.757633,0.50353413,9.8298301,7.5966421,74.673701,0.50336906,9.1888482,7.2400973,66.528155,0.54586271,9.3223011,7.2462186,67.551432
0b_baseline_best,file,13,baseline,7844,134.Cape_Glossy_Starling/Cape_Glossy_Starling_0046_129434.jpg,134,133,134.Cape_Glossy_Starling,9,8,identity,identity,0,{},0.0050409124,0.0050409124,0,0.99497175,0.99497175,0.0012978474,0.0012978474,0.9936739,0.9936739,0,1,1,0.62338606,0.62338606,False,1.0000001,True,True,True,1,1,0.62338606,0.62338606,1,1,0.60833687,0.60833687,1,1,0.13614855,0.13614855,1,1,0.14007479,0.14007479,1,1,0.26266477,0.26266477,1,1,0.29093709,0.29093709,1,1,0.26067327,0.26067327,1,1,0.35897783,0.35897783
0b_baseline_best,file,13,baseline,7844,134.Cape_Glossy_Starling/Cape_Glossy_Starling_0046_129434.jpg,134,133,134.Cape_Glossy_Starling,9,8,horizontal_flip,horizontal_flip,0,"{""flipped"":true}",0.0050409124,0.0079144929,0.0028735804,0.99497175,0.99211675,0.0012978474,0.0020776726,0.9936739,0.99003908,-0.0036348281,0.77643408,1.5263747,0.62338606,0.95152069,False,0.98296821,True,True,True,0.77643408,1.5263747,0.62338606,0.95152069,0.76647139,1.5284891,0.60833687,0.92983626,0.98169365,1.483531,0.13614855,0.20198059,0.80020818,1.7500014,0.14007479,0.24513108,0.78609437,1.4726356,0.26266477,0.3868095,0.76999654,1.4803169,0.29093709,0.4306791,0.67978971,1.4528365,0.26067327,0.37871563,0.79345135,1.5904655,0.35897783,0.57094186
0b_baseline_best,file,13,baseline,7844,134.Cape_Glossy_Starling/Cape_Glossy_Starling_0046_129434.jpg,134,133,134.Cape_Glossy_Starling,9,8,color_jitter,color_jitter,0,"{""brightness"":0.9508,""contrast"":1.212229,""hue"":0.054505,""saturation"":0.678436}",0.0050409124,0.062094219,0.057053307,0.99497175,0.93979436,0.0012978474,0.035032842,0.9936739,0.90476152,-0.088912386,0.75866071,15.099912,0.62338606,9.4130744,False,0.9557249,True,True,True,0.75866071,15.099912,0.62338606,9.4130744,0.75266288,15.215531,0.60833687,9.2561685,0.91690928,12.571007,0.13614855,1.7115244,0.79508247,15.760225,0.14007479,2.2076102,0.78150683,16.310164,0.26266477,4.2841055,0.7483024,17.351525,0.29093709,5.0482023,0.71827137,16.116183,0.26067327,4.201058,0.77786009,12.243189,0.35897783,4.3950332
0b_baseline_best,file,13,baseline,7844,134.Cape_Glossy_Starling/Cape_Glossy_Starling_0046_129434.jpg,134,133,134.Cape_Glossy_Starling,9,8,rotation,rotation,0,"{""angle"":-9.451414}",0.0050409124,0.0047286828,-0.00031222962,0.99497175,0.99528247,0.0012978474,0.0008672832,0.9936739,0.99441519,0.00074128318,0.81888346,0.91598077,0.62338606,0.57100964,False,0.98439074,True,True,True,0.81888346,0.91598077,0.62338606,0.57100964,0.81042063,0.91281539,0.60833687,0.55529926,0.97853284,0.97703267,0.13614855,0.13302158,0.74729182,0.96508377,0.14007479,0.1351839,0.83648371,0.8665792,0.26266477,0.22761983,0.8248089,0.89256093,0.29093709,0.25967908,0.7249613,0.88648986,0.26067327,0.23108421,0.84231482,0.95463625,0.35897783,0.34269324
0b_baseline_best,file,13,baseline,7844,134.Cape_Glossy_Starling/Cape_Glossy_Starling_0046_129434.jpg,134,133,134.Cape_Glossy_Starling,9,8,random_resized_crop,random_resized_crop,0,"{""area_fraction"":0.579525,""aspect"":1.245282,""fallback"":false,""height"":0.682185,""left"":0.080919,""top"":0.178961,""width"":0.849512}",0.0050409124,0.013040734,0.0079998211,0.99497175,0.98704392,0.0012978474,0.0059335041,0.9936739,0.98111041,-0.012563492,0.74992314,2.859825,0.62338606,1.782775,False,0.96981353,True,True,True,0.74992314,2.859825,0.62338606,1.782775,0.74034631,2.867298,0.60833687,1.7442831,0.95369032,2.7063144,0.13614855,0.36846078,0.63847143,2.7062865,0.14007479,0.37908251,0.77046613,3.2270196,0.26266477,0.84762438,0.77225282,3.1512136,0.29093709,0.91680491,0.66484001,2.8583348,0.26067327,0.74509149,0.77058711,2.4675913,0.35897783,0.88581054
0b_baseline_best,file,13,baseline,7844,134.Cape_Glossy_Starling/Cape_Glossy_Starling_0046_129434.jpg,134,133,134.Cape_Glossy_Starling,9,8,gaussian_blur,gaussian_blur,0,"{""sigma"":1.513949}",0.0050409124,0.0090417936,0.0040008812,0.99497175,0.99099898,0.0012978474,0.0011201182,0.9936739,0.98987887,-0.0037950396,0.70050559,2.0741455,0.62338606,1.2929934,False,0.95644015,True,True,True,0.70050559,2.0741455,0.62338606,1.2929934,0.68978589,2.0826882,0.60833687,1.266976,0.93862027,1.8955537,0.13614855,0.25807688,0.65301836,2.2435099,0.14007479,0.31425917,0.61325279,2.2223955,0.26266477,0.583745,0.68418895,2.2850432,0.29093709,0.66480382,0.63669153,2.1726382,0.26067327,0.56634871,0.80104337,1.7684096,0.35897783,0.63481984
0b_baseline_best,file,13,baseline,7844,134.Cape_Glossy_Starling/Cape_Glossy_Starling_0046_129434.jpg,134,133,134.Cape_Glossy_Starling,9,8,random_erasing,random_erasing,0,"{""area_fraction"":0.084088,""erased"":true,""height"":0.41189,""left"":0.592303,""top"":0.220829,""width"":0.204151}",0.0050409124,0.0048119696,-0.00022894284,0.99497175,0.99519956,0.0012978474,0.0011412766,0.9936739,0.99405828,0.00038437976,0.96974252,0.93560829,0.62338606,0.58324516,False,0.99472356,True,True,True,0.96974252,0.93560829,0.62338606,0.58324516,0.96849976,0.93352877,0.60833687,0.56789997,0.99438989,0.97619866,0.13614855,0.13290803,0.97409324,0.87308439,0.14007479,0.12229711,0.97298045,0.93602697,0.26266477,0.24586131,0.96229313,0.91480989,0.29093709,0.26615213,0.96199076,0.93799969,0.26067327,0.24451144,0.97326315,0.95074497,0.35897783,0.34129636
0b_baseline_best,file,13,baseline,8500,145.Elegant_Tern/Elegant_Tern_0052_150695.jpg,145,144,145.Elegant_Tern,143,142,identity,identity,0,{},3.1044233,3.1044233,0,0.044850379,0.044850379,0.84286863,0.84286863,-0.79801825,-0.79801825,0,1,1,179.25702,179.25702,False,0.99999988,True,False,False,1,1,179.25702,179.25702,1,1,175.0671,175.0671,1,1,38.530381,38.530381,1,1,49.315121,49.315121,1,1,77.873086,77.873086,1,1,98.082121,98.082121,1,1,81.024175,81.024175,1,1,77.248123,77.248123
0b_baseline_best,file,13,baseline,8500,145.Elegant_Tern/Elegant_Tern_0052_150695.jpg,145,144,145.Elegant_Tern,143,142,horizontal_flip,horizontal_flip,0,"{""flipped"":true}",3.1044233,1.8602548,-1.2441685,0.044850379,0.15563297,0.84286863,0.71257263,-0.79801825,-0.55693966,0.24107859,0.78983073,0.82994693,179.25702,148.77382,False,0.96872354,True,False,False,0.78983073,0.82994693,179.25702,148.77382,0.78122079,0.83005453,175.0671,145.31524,0.96808156,0.82772247,38.530381,31.892462,0.75193531,0.7051616,49.315121,34.77513,0.79857253,0.83646786,77.873086,65.138333,0.82114067,0.81739909,98.082121,80.172237,0.72339514,0.833767,81.024175,67.555283,0.77970634,0.88492298,77.248123,68.358639
0b_baseline_best,file,13,baseline,8500,145.Elegant_Tern/Elegant_Tern_0052_150695.jpg,145,144,145.Elegant_Tern,143,142,color_jitter,color_jitter,0,"{""brightness"":0.829012,""contrast"":1.005591,""hue"":-0.029311,""saturation"":1.267333}",3.1044233,4.5755115,1.4710882,0.044850379,0.010301027,0.84286863,0.97032756,-0.79801825,-0.96002653,-0.16200828,0.90825265,1.1139302,179.25702,199.67982,False,0.97365719,True,False,False,0.90825265,1.1139302,179.25702,199.67982,0.90526169,1.1153,175.0671,195.25234,0.97203135,1.0852655,38.530381,41.815692,0.84255745,0.9079536,49.315121,44.775842,0.90099148,1.2378328,77.873086,96.393863,0.92668253,1.1168469,98.082121,109.54272,0.90919065,1.0731857,81.024175,86.953989,0.90482738,1.1034848,77.248123,85.242132
0b_baseline_best,file,13,baseline,8500,145.Elegant_Tern/Elegant_Tern_0052_150695.jpg,145,144,145.Elegant_Tern,143,142,rotation,rotation,0,"{""angle"":13.759029}",3.1044233,1.6050383,-1.499385,0.044850379,0.20088187,0.84286863,0.26631477,-0.79801825,-0.065432906,0.73258534,0.70846889,0.67760316,179.25702,121.46513,False,0.95386779,True,False,False,0.70846889,0.67760316,179.25702,121.46513,0.70217928,0.68084312,175.0671,119.19323,0.85864026,0.60686374,38.530381,23.382691,0.84554042,0.57024569,49.315121,28.121735,0.7684391,0.75440282,77.873086,58.747676,0.74701713,0.64196052,98.082121,62.96485,0.62078665,0.64484612,81.024175,52.248125,0.6163291,0.7403156,77.248123,57.187991
0b_baseline_best,file,13,baseline,8500,145.Elegant_Tern/Elegant_Tern_0052_150695.jpg,145,144,145.Elegant_Tern,143,142,random_resized_crop,random_resized_crop,0,"{""area_fraction"":0.613463,""aspect"":0.931375,""fallback"":false,""height"":0.811581,""left"":0.006784,""top"":0.04574,""width"":0.755886}",3.1044233,2.0359566,-1.0684667,0.044850379,0.13055554,0.84286863,0.53407317,-0.79801825,-0.40351763,0.39450061,0.78086146,0.86009173,179.25702,154.17748,False,0.95735204,True,False,False,0.78086146,0.86009173,179.25702,154.17748,0.77338105,0.85967345,175.0671,150.50054,0.93372898,0.86868178,38.530381,33.47064,0.82089131,0.91941501,49.315121,45.341063,0.77203983,1.0170064,77.873086,79.197425,0.80018402,0.82017432,98.082121,80.444437,0.74685538,0.75947804,81.024175,61.536081,0.75994054,0.82529416,77.248123,63.752425
0b_baseline_best,file,13,baseline,8500,145.Elegant_Tern/Elegant_Tern_0052_150695.jpg,145,144,145.Elegant_Tern,143,142,gaussian_blur,gaussian_blur,0,"{""sigma"":1.052807}",3.1044233,0.57555419,-2.5288691,0.044850379,0.56239313,0.84286863,0.28994575,-0.79801825,0.27244738,1.0704656,0.70197182,0.39294423,179.25702,70.438013,False,0.92135346,False,False,True,0.70197182,0.39294423,179.25702,70.438013,0.69173042,0.39143149,175.0671,68.526777,0.89963929,0.42296679,38.530381,16.297072,0.64045811,0.27650677,49.315121,13.635965,0.69897756,0.39717737,77.873086,30.929427,0.6832219,0.39359418,98.082121,38.604552,0.6740375,0.39829195,81.024175,32.271276,0.74316887,0.41376451,77.248123,31.962532
0b_baseline_best,file,13,baseline,8500,145.Elegant_Tern/Elegant_Tern_0052_150695.jpg,145,144,145.Elegant_Tern,143,142,random_erasing,random_erasing,0,"{""area_fraction"":0.067349,""erased"":true,""height"":0.163217,""left"":0.502052,""top"":0.022515,""width"":0.412632}",3.1044233,3.0375116,-0.066911697,0.044850379,0.047954068,0.84286863,0.82042712,-0.79801825,-0.77247305,0.025545195,0.98638894,1.0238238,179.25702,183.52761,False,0.99753684,True,False,False,0.98638894,1.0238238,179.25702,183.52761,0.98589054,1.025211,175.0671,179.48071,0.99742142,0.99475499,38.530381,38.328289,0.99574007,1.0163232,49.315121,50.1201,0.98389412,1.0498015,77.873086,81.751283,0.98868097,1.0200812,98.082121,100.05173,0.9847197,1.0199018,81.024175,82.636698,0.98112362,1.0175744,77.248123,78.605714
0b_baseline_best,file,13,baseline,7770,133.White_throated_Sparrow/White_Throated_Sparrow_0124_128801.jpg,133,132,133.White_throated_Sparrow,127,126,identity,identity,0,{},1.8640753,1.8640753,0,0.1550395,0.1550395,0.15476879,0.15476879,0.0002707094,0.0002707094,0,1,1,133.09502,133.09502,False,0.99999994,True,True,True,1,1,133.09502,133.09502,1,1,130.90248,130.90248,1,1,24.058785,24.058785,1,1,30.948942,30.948942,1,1,73.364353,73.364353,1,1,72.343937,72.343937,1,1,53.607866,53.607866,1,1,51.844446,51.844446
0b_baseline_best,file,13,baseline,7770,133.White_throated_Sparrow/White_Throated_Sparrow_0124_128801.jpg,133,132,133.White_throated_Sparrow,127,126,horizontal_flip,horizontal_flip,0,"{""flipped"":true}",1.8640753,3.7512035,1.8871282,0.1550395,0.023489458,0.15476879,0.0078026657,0.0002707094,0.015686793,0.015416083,0.50072216,1.0533196,133.09502,140.19159,False,0.92137957,False,True,False,0.50072216,1.0533196,133.09502,140.19159,0.4862716,1.0482413,130.90248,137.21739,0.88040675,1.1939103,24.058785,28.724032,0.36389029,0.85854777,30.948942,26.571145,0.36497792,0.77143963,73.364353,56.596169,0.50421842,1.0741042,72.343937,77.704929,0.54468389,1.2970546,53.607866,69.532331,0.62311138,1.2270043,51.844446,63.613356
0b_baseline_best,file,13,baseline,7770,133.White_throated_Sparrow/White_Throated_Sparrow_0124_128801.jpg,133,132,133.White_throated_Sparrow,127,126,color_jitter,color_jitter,0,"{""brightness"":1.100559,""contrast"":0.734844,""hue"":0.028579,""saturation"":0.80646}",1.8640753,4.7077246,2.8436493,0.1550395,0.0090252906,0.15476879,0.083386891,0.0002707094,-0.0743616,-0.074632309,0.86161784,1.199287,133.09502,159.61914,False,0.9481523,False,True,False,0.86161784,1.199287,133.09502,159.61914,0.85938859,1.1992247,130.90248,156.98149,0.92750855,1.2011314,24.058785,28.897763,0.90835665,1.1345722,30.948942,35.113808,0.8643452,1.2393086,73.364353,90.921077,0.87883849,1.1264309,72.343937,81.490445,0.84139786,1.2571821,53.607866,67.394847,0.82328312,1.2139188,51.844446,62.934949
0b_baseline_best,file,13,baseline,7770,133.White_throated_Sparrow/White_Throated_Sparrow_0124_128801.jpg,133,132,133.White_throated_Sparrow,127,126,rotation,rotation,0,"{""angle"":-11.09905}",1.8640753,4.2525368,2.3884615,0.1550395,0.014228096,0.15476879,0.0011630303,0.0002707094,0.013065066,0.012794357,0.64366657,1.4687691,133.09502,195.48585,False,0.91138411,False,True,False,0.64366657,1.4687691,133.09502,195.48585,0.63926889,1.4710961,130.90248,192.57013,0.78145702,1.3981265,24.058785,33.637224,0.60684085,1.3539213,30.948942,41.902432,0.68683758,1.3638574,73.364353,100.05851,0.62754586,1.4219507,72.343937,102.86951,0.61098929,1.6904117,53.607866,90.619363,0.63233098,1.5576834,51.844446,80.757234
0b_baseline_best,file,13,baseline,7770,133.White_throated_Sparrow/White_Throated_Sparrow_0124_128801.jpg,133,132,133.White_throated_Sparrow,127,126,random_resized_crop,random_resized_crop,0,"{""area_fraction"":0.738661,""aspect"":0.874922,""fallback"":false,""height"":0.918836,""left"":0.017629,""top"":0.017519,""width"":0.80391}",1.8640753,3.7194488,1.8553735,0.1550395,0.02424733,0.15476879,0.050061129,0.0002707094,-0.025813799,-0.026084509,0.68789806,1.7950391,133.09502,238.91077,False,0.93490344,False,True,False,0.68789806,1.7950391,133.09502,238.91077,0.68625944,1.8116992,130.90248,237.15593,0.8185722,1.201377,24.058785,28.90367,0.81324965,1.8804314,30.948942,58.197363,0.74098134,1.7288703,73.364353,126.83745,0.68666582,2.0570712,72.343937,148.81663,0.60545711,1.7462324,53.607866,93.611795,0.63341175,1.4763816,51.844446,76.542183
0b_baseline_best,file,13,baseline,7770,133.White_throated_Sparrow/White_Throated_Sparrow_0124_128801.jpg,133,132,133.White_throated_Sparrow,127,126,gaussian_blur,gaussian_blur,0,"{""sigma"":1.433925}",1.8640753,6.705965,4.8418897,0.1550395,0.0012235917,0.15476879,0.0034623099,0.0002707094,-0.0022387182,-0.0025094276,0.49680232,0.91144432,133.09502,121.3087,False,0.80974424,False,True,False,0.49680232,0.91144432,133.09502,121.3087,0.48707973,0.90601313,130.90248,118.59937,0.74876391,1.059693,24.058785,25.494927,0.39219148,1.0067801,30.948942,31.158778,0.33936412,0.71180254,73.364353,52.220933,0.59132761,0.90565646,72.343937,65.518753,0.5383105,0.98791308,53.607866,52.959912,0.5235991,1.103067,51.844446,57.187899
0b_baseline_best,file,13,baseline,7770,133.White_throated_Sparrow/White_Throated_Sparrow_0124_128801.jpg,133,132,133.White_throated_Sparrow,127,126,random_erasing,random_erasing,0,"{""area_fraction"":0.06216,""erased"":true,""height"":0.161404,""left"":0.110221,""top"":0.734264,""width"":0.385119}",1.8640753,2.3893046,0.52522933,0.1550395,0.091693409,0.15476879,0.15357599,0.0002707094,-0.061882578,-0.062153287,0.90390585,0.96844428,133.09502,128.89512,False,0.97709453,False,True,False,0.90390585,0.96844428,133.09502,128.89512,0.90169972,0.96385698,130.90248,126.17127,0.96851388,1.0955795,24.058785,26.358311,0.93498981,0.91453151,30.948942,28.303783,0.93742854,0.88934009,73.364353,65.24586,0.9089959,0.97583285,72.343937,70.59559,0.85836523,1.0149612,53.607866,54.409906,0.871524,1.041736,51.844446,54.008227
0b_baseline_best,file,13,baseline,9211,157.Yellow_throated_Vireo/Yellow_Throated_Vireo_0028_795008.jpg,157,156,157.Yellow_throated_Vireo,175,174,identity,identity,0,{},0.013789861,0.013789861,0,0.98630476,0.98630476,0.0079515949,0.0079515949,0.97835317,0.97835317,0,1,1,3.199715,3.199715,False,1,True,True,True,1,1,3.199715,3.199715,1,1,3.1645411,3.1645411,1,1,0.47313345,0.47313345,1,1,0.88510014,0.88510014,1,1,1.8074254,1.8074254,1,1,1.6905394,1.6905394,1,1,1.3398316,1.3398316,1,1,1.1450151,1.1450151
0b_baseline_best,file,13,baseline,9211,157.Yellow_throated_Vireo/Yellow_Throated_Vireo_0028_795008.jpg,157,156,157.Yellow_throated_Vireo,175,174,horizontal_flip,horizontal_flip,0,"{""flipped"":true}",0.013789861,0.059135668,0.045345807,0.98630476,0.94257885,0.0079515949,0.020257384,0.97835317,0.92232147,-0.056031696,0.54281368,3.6240807,3.199715,11.596025,False,0.96445549,True,True,True,0.54281368,3.6240807,3.199715,11.596025,0.53422772,3.6265323,3.1645411,11.476311,0.93963495,3.5126557,0.47313345,1.6619549,0.20333623,3.6887835,0.88510014,3.2649428,0.41013098,2.9946422,1.8074254,5.4125926,0.60704246,3.9115361,1.6905394,6.612606,0.58696402,3.7754124,1.3398316,5.0584168,0.74447798,4.1367307,1.1450151,4.7366191
0b_baseline_best,file,13,baseline,9211,157.Yellow_throated_Vireo/Yellow_Throated_Vireo_0028_795008.jpg,157,156,157.Yellow_throated_Vireo,175,174,color_jitter,color_jitter,0,"{""brightness"":1.030601,""contrast"":1.114488,""hue"":0.083133,""saturation"":0.990233}",0.013789861,1.2125316,1.1987417,0.98630476,0.29744333,0.0079515949,0.0068814908,0.97835317,0.29056184,-0.68779133,0.71934628,67.888744,3.199715,217.22463,False,0.83159852,True,True,True,0.71934628,67.888744,3.199715,217.22463,0.72082278,68.328898,3.1645411,216.22961,0.68706292,43.893857,0.47313345,20.767652,0.7902255,74.733699,0.88510014,66.146808,0.73190168,66.593137,1.8074254,120.36213,0.74689599,73.177258,1.6905394,123.70904,0.68382699,64.989019,1.3398316,87.074341,0.63894504,61.79805,1.1450151,70.7597
0b_baseline_best,file,13,baseline,9211,157.Yellow_throated_Vireo/Yellow_Throated_Vireo_0028_795008.jpg,157,156,157.Yellow_throated_Vireo,175,174,rotation,rotation,0,"{""angle"":12.218264}",0.013789861,0.0095319394,-0.0042579211,0.98630476,0.99051332,0.0079515949,0.0048575001,0.97835317,0.98565582,0.0073026596,0.82597871,0.58608902,3.199715,1.8753178,False,0.96877301,True,True,True,0.82597871,0.58608902,3.199715,1.8753178,0.82260436,0.58435278,3.1645411,1.8492084,0.96565644,0.65909847,0.47313345,0.31184153,0.80966454,0.63077463,0.88510014,0.55829871,0.86386599,0.52898471,1.8074254,0.95610042,0.81627156,0.57972793,1.6905394,0.98005291,0.78558765,0.61639363,1.3398316,0.82586366,0.82249271,0.64839577,1.1450151,0.74242293
0b_baseline_best,file,13,baseline,9211,157.Yellow_throated_Vireo/Yellow_Throated_Vireo_0028_795008.jpg,157,156,157.Yellow_throated_Vireo,175,174,random_resized_crop,random_resized_crop,0,"{""area_fraction"":0.890642,""aspect"":1.078076,""fallback"":false,""height"":0.908922,""left"":0.012699,""top"":0.065138,""width"":0.979888}",0.013789861,0.0054971008,-0.0082927598,0.98630476,0.99451798,0.0079515949,0.003649293,0.97835317,0.99086869,0.012515524,0.88573862,0.3927084,3.199715,1.256555,False,0.97976243,True,True,True,0.88573862,0.3927084,3.199715,1.256555,0.88362531,0.39220879,3.1645411,1.2411608,0.97652285,0.41444343,0.47313345,0.19608705,0.91018543,0.49073496,0.88510014,0.43434958,0.90714355,0.39710282,1.8074254,0.71773373,0.88224387,0.36982158,1.6905394,0.62519796,0.85365982,0.36695347,1.3398316,0.49165586,0.86824752,0.39453913,1.1450151,0.45175325
0b_baseline_best,file,13,baseline,9211,157.Yellow_throated_Vireo/Yellow_Throated_Vireo_0028_795008.jpg,157,156,157.Yellow_throated_Vireo,175,174,gaussian_blur,gaussian_blur,0,"{""sigma"":1.410655}",0.013789861,0.010783259,-0.0030066017,0.98630476,0.98927468,0.0079515949,0.001728636,0.97835317,0.98754604,0.0091928795,0.53209854,0.62371561,3.199715,1.9957122,False,0.94867843,True,True,True,0.53209854,0.62371561,3.199715,1.9957122,0.5239651,0.62286973,3.1645411,1.9710969,0.8761423,0.6604494,0.47313345,0.3124807,0.47276416,0.58612902,0.88510014,0.51878288,0.2760595,0.48486115,1.8074254,0.87635038,0.59281747,0.62987596,1.6905394,1.0648301,0.61504981,0.70903834,1.3398316,0.94999197,0.74052531,0.78686417,1.1450151,0.90097134
0b_baseline_best,file,13,baseline,9211,157.Yellow_throated_Vireo/Yellow_Throated_Vireo_0028_795008.jpg,157,156,157.Yellow_throated_Vireo,175,174,random_erasing,random_erasing,0,"{""area_fraction"":0.122271,""erased"":true,""height"":0.444009,""left"":0.72329,""top"":0.527041,""width"":0.275381}",0.013789861,0.017152889,0.0033630282,0.98630476,0.98299336,0.0079515949,0.011428843,0.97835317,0.97156452,-0.006788644,0.98032406,1.2361206,3.199715,3.9552338,False,0.99493819,True,True,True,0.98032406,1.2361206,3.199715,3.9552338,0.9800717,1.234905,3.1645411,3.9079076,0.99202816,1.2893321,0.47313345,0.61002614,0.98815417,1.2191243,0.88510014,1.0790471,0.98726054,1.2702761,1.8074254,2.2959294,0.98156347,1.196676,1.6905394,2.0230279,0.97438763,1.2394446,1.3398316,1.660647,0.96357019,1.2306868,1.1450151,1.409155
0b_baseline_best,file,13,baseline,2502,044.Frigatebird/Frigatebird_0004_43221.jpg,44,43,044.Frigatebird,31,30,identity,identity,0,{},2.483259,2.483259,0,0.083470754,0.083470754,0.075493008,0.075493008,0.0079777464,0.0079777464,0,1,1,133.47145,133.47145,False,1,True,True,True,1,1,133.47145,133.47145,1,1,131.82502,131.82502,1,1,20.899546,20.899546,1,1,56.152096,56.152096,1,1,63.391851,63.391851,1,1,58.912464,58.912464,1,1,57.304332,57.304332,1,1,58.751904,58.751904
0b_baseline_best,file,13,baseline,2502,044.Frigatebird/Frigatebird_0004_43221.jpg,44,43,044.Frigatebird,31,30,horizontal_flip,horizontal_flip,0,"{""flipped"":true}",2.483259,2.7835202,0.30026126,0.083470754,0.061820503,0.075493008,0.071080245,0.0079777464,-0.0092597418,-0.017237488,0.7189946,1.073979,133.47145,143.34553,False,0.9441818,False,True,False,0.7189946,1.073979,133.47145,143.34553,0.7133592,1.0739008,131.82502,141.56699,0.94254068,1.077086,20.899546,22.510608,0.90309588,0.8458879,56.152096,47.498379,0.80578813,1.2175327,63.391851,77.181651,0.62177169,1.1113341,58.912464,65.471431,0.56625163,1.0346889,57.304332,59.292159,0.70802747,1.0799837,58.751904,63.451097
0b_baseline_best,file,13,baseline,2502,044.Frigatebird/Frigatebird_0004_43221.jpg,44,43,044.Frigatebird,31,30,color_jitter,color_jitter,0,"{""brightness"":1.134893,""contrast"":0.984106,""hue"":0.071843,""saturation"":0.992781}",2.483259,2.7404132,0.25715423,0.083470754,0.064543672,0.075493008,0.017554589,0.0079777464,0.046989083,0.039011337,0.68647198,0.92561116,133.47145,123.54266,False,0.88053632,False,True,False,0.68647198,0.92561116,133.47145,123.54266,0.68211487,0.91896747,131.82502,121.1429,0.84191626,1.1594467,20.899546,24.23191,0.847098,0.7403621,56.152096,41.572884,0.72156329,0.81507717,63.391851,51.669251,0.64616713,0.95682197,58.912464,56.36874,0.609612,1.0040628,57.304332,57.537148,0.66260525,1.0477952,58.751904,61.559963
0b_baseline_best,file,13,baseline,2502,044.Frigatebird/Frigatebird_0004_43221.jpg,44,43,044.Frigatebird,31,30,rotation,rotation,0,"{""angle"":1.568531}",2.483259,2.4549384,-0.028320551,0.083470754,0.085868478,0.075493008,0.10830683,0.0079777464,-0.022438347,-0.030416094,0.89179806,1.0538398,133.47145,140.65752,False,0.9819299,False,True,False,0.89179806,1.0538398,133.47145,140.65752,0.88978182,1.0555031,131.82502,139.14172,0.9797821,0.98538608,20.899546,20.594122,0.96861152,1.1028525,56.152096,61.927477,0.88716148,1.0566125,63.391851,66.980621,0.83828855,1.0756232,58.912464,63.367615,0.86068751,1.0262005,57.304332,58.805735,0.89955232,1.0163288,58.751904,59.711254
0b_baseline_best,file,13,baseline,2502,044.Frigatebird/Frigatebird_0004_43221.jpg,44,43,044.Frigatebird,31,30,random_resized_crop,random_resized_crop,0,"{""area_fraction"":0.559706,""aspect"":0.917259,""fallback"":false,""height"":0.781149,""left"":0.063872,""top"":0.170119,""width"":0.716516}",2.483259,3.9378932,1.4546342,0.083470754,0.019489231,0.075493008,0.011893642,0.0079777464,0.0075955885,-0.00038215797,0.54676042,1.0489038,133.47145,139.99871,False,0.84690213,False,True,False,0.54676042,1.0489038,133.47145,139.99871,0.53894891,1.0458601,131.82502,137.87053,0.82913358,1.1635565,20.899546,24.317803,0.60275214,0.85428085,56.152096,47.96966,0.45222255,0.97981021,63.391851,62.111983,0.52680617,1.1168038,58.912464,65.793665,0.54049857,1.1572686,57.304332,66.316504,0.60842726,1.0928593,58.751904,64.207564
0b_baseline_best,file,13,baseline,2502,044.Frigatebird/Frigatebird_0004_43221.jpg,44,43,044.Frigatebird,31,30,gaussian_blur,gaussian_blur,0,"{""sigma"":1.152273}",2.483259,2.4433947,-0.039864302,0.083470754,0.08686547,0.075493008,0.06933251,0.0079777464,0.01753296,0.0095552132,0.74791151,1.1711822,133.47145,156.31938,False,0.92319679,False,True,False,0.74791151,1.1711822,133.47145,156.31938,0.74428334,1.1743086,131.82502,154.80325,0.91649899,1.0391935,20.899546,21.718673,0.85816512,1.0788982,56.152096,60.582395,0.7794094,1.1341841,63.391851,71.898031,0.64517583,1.2720251,58.912464,74.938134,0.68578583,1.2175865,57.304332,69.772979,0.7812039,1.1594726,58.751904,68.121223
0b_baseline_best,file,13,baseline,2502,044.Frigatebird/Frigatebird_0004_43221.jpg,44,43,044.Frigatebird,31,30,random_erasing,random_erasing,0,"{""area_fraction"":0.067101,""erased"":true,""height"":0.272785,""left"":0.255592,""top"":0.051488,""width"":0.245987}",2.483259,3.6786342,1.1953752,0.083470754,0.025257446,0.075493008,0.0061739152,0.0079777464,0.019083531,0.011105784,0.71886058,0.92482225,133.47145,123.43736,False,0.83513659,False,True,False,0.71886058,0.92482225,133.47145,123.43736,0.71613477,0.92294447,131.82502,121.66717,0.82135362,0.99666415,20.899546,20.829829,0.89089387,0.76099483,56.152096,42.731455,0.69089093,0.84090542,63.391851,53.306551,0.73720025,0.99392672,58.912464,58.554672,0.66481645,0.98319037,57.304332,56.341067,0.66559017,1.0116054,58.751904,59.433742
0b_baseline_best,file,13,baseline,8194,140.Summer_Tanager/Summer_Tanager_0095_139882.jpg,140,139,140.Summer_Tanager,139,138,identity,identity,0,{},0.0047327168,0.0047327168,0,0.99527848,0.99527848,0.001692183,0.001692183,0.99358629,0.99358629,0,1,1,0.4692874,0.4692874,False,1,True,True,True,1,1,0.4692874,0.4692874,1,1,0.45070808,0.45070808,1,1,0.13073979,0.13073979,1,1,0.076541485,0.076541485,1,1,0.17319387,0.17319387,1,1,0.20210155,0.20210155,1,1,0.2142444,0.2142444,1,1,0.28379105,0.28379105
0b_baseline_best,file,13,baseline,8194,140.Summer_Tanager/Summer_Tanager_0095_139882.jpg,140,139,140.Summer_Tanager,139,138,horizontal_flip,horizontal_flip,0,"{""flipped"":true}",0.0047327168,0.014106209,0.0093734926,0.99527848,0.98599279,0.001692183,0.0035989205,0.99358629,0.98239387,-0.011192426,0.66258081,2.9958035,0.4692874,1.4058928,False,0.97198582,True,True,True,0.66258081,2.9958035,0.4692874,1.4058928,0.64016485,3.0207196,0.45070808,1.3614627,0.96698469,2.6820285,0.13073979,0.35064784,0.52501016,2.7653033,0.076541485,0.21166042,0.53882299,2.7498134,0.17319387,0.47625083,0.57162153,2.8472701,0.20210155,0.57543769,0.58587252,3.2346072,0.2142444,0.69299649,0.7482575,3.0932418,0.28379105,0.87783432
0b_baseline_best,file,13,baseline,8194,140.Summer_Tanager/Summer_Tanager_0095_139882.jpg,140,139,140.Summer_Tanager,139,138,color_jitter,color_jitter,0,"{""brightness"":1.311467,""contrast"":0.72312,""hue"":-0.031834,""saturation"":1.171513}",0.0047327168,0.041564632,0.036831915,0.99527848,0.95928735,0.001692183,0.016152797,0.99358629,0.94313455,-0.050451747,0.76012602,10.903728,0.4692874,5.116982,False,0.96812958,True,True,True,0.76012602,10.903728,0.4692874,5.116982,0.74938256,11.096997,0.45070808,5.0015063,0.96265537,8.2679018,0.13073979,1.0809438,0.50993201,12.907802,0.076541485,0.98798229,0.68317127,13.245703,0.17319387,2.2940745,0.71931947,13.106974,0.20210155,2.6489396,0.77142316,11.168206,0.2142444,2.3927257,0.85886163,8.6558509,0.28379105,2.456453
0b_baseline_best,file,13,baseline,8194,140.Summer_Tanager/Summer_Tanager_0095_139882.jpg,140,139,140.Summer_Tanager,139,138,rotation,rotation,0,"{""angle"":-7.251492}",0.0047327168,0.0054302332,0.00069751637,0.99527848,0.9945845,0.001692183,0.0030713361,0.99358629,0.99151316,-0.00207313,0.79417728,1.2862701,0.4692874,0.60363037,False,0.98350286,True,True,True,0.79417728,1.2862701,0.4692874,0.60363037,0.78008954,1.2892497,0.45070808,0.58107527,0.96715944,1.2503161,0.13073979,0.16346606,0.57997256,1.7361267,0.076541485,0.13288571,0.7928965,1.4287403,0.17319387,0.24744906,0.77929704,1.2376955,0.20210155,0.25014018,0.7356433,1.3472456,0.2142444,0.28863983,0.83416529,1.1838636,0.28379105,0.33596988
0b_baseline_best,file,13,baseline,8194,140.Summer_Tanager/Summer_Tanager_0095_139882.jpg,140,139,140.Summer_Tanager,139,138,random_resized_crop,random_resized_crop,0,"{""area_fraction"":0.795468,""aspect"":1.02862,""fallback"":false,""height"":0.879395,""left"":0.029785,""top"":0.00761,""width"":0.904563}",0.0047327168,0.0051354403,0.00040272344,0.99527848,0.9948777,0.001692183,0.0012102782,0.99358629,0.99366742,8.1123086e-05,0.82309155,1.2441855,0.4692874,0.58388059,False,0.98919261,True,True,True,0.82309155,1.2441855,0.4692874,0.58388059,0.81307718,1.2595508,0.45070808,0.5676897,0.98014931,1.044414,0.13073979,0.13654647,0.7174891,1.3462768,0.076541485,0.10304602,0.76794806,1.4006763,0.17319387,0.24258854,0.80064088,1.2810611,0.20210155,0.25890444,0.77921676,1.286341,0.2142444,0.27559135,0.87414167,1.1677386,0.28379105,0.33139375
0b_baseline_best,file,13,baseline,8194,140.Summer_Tanager/Summer_Tanager_0095_139882.jpg,140,139,140.Summer_Tanager,139,138,gaussian_blur,gaussian_blur,0,"{""sigma"":1.977685}",0.0047327168,0.077874601,0.073141884,0.99527848,0.92508042,0.001692183,0.0044729784,0.99358629,0.92060744,-0.072978855,0.62856927,21.740012,0.4692874,10.202314,False,0.94129801,True,True,True,0.62856927,21.740012,0.4692874,10.202314,0.6186828,22.275634,0.45070808,10.039808,0.88529162,13.872484,0.13073979,1.8136857,0.2718066,27.963582,0.076541485,2.1403741,0.52972332,24.829878,0.17319387,4.3003826,0.59083868,25.51108,0.20210155,5.1558287,0.63472589,25.321963,0.2142444,5.4250889,0.76164064,16.418075,0.28379105,4.6593027
0b_baseline_best,file,13,baseline,8194,140.Summer_Tanager/Summer_Tanager_0095_139882.jpg,140,139,140.Summer_Tanager,139,138,random_erasing,random_erasing,0,"{""area_fraction"":0.156568,""erased"":true,""height"":0.331352,""left"":0.50122,""top"":0.172836,""width"":0.472513}",0.0047327168,0.0055907555,0.00085803866,0.99527848,0.99442482,0.001692183,0.0017377023,0.99358629,0.99268712,-0.00089917704,0.93869164,1.2707478,0.4692874,0.59634592,False,0.98946226,True,True,True,0.93869164,1.2707478,0.4692874,0.59634592,0.93522513,1.2791457,0.45070808,0.57652129,0.98759256,1.1663239,0.13073979,0.15248494,0.95796453,1.2948408,0.076541485,0.099109035,0.90369136,1.3219862,0.17319387,0.22895991,0.9252731,1.3425527,0.20210155,0.27133198,0.93471359,1.3048144,0.2142444,0.27954919,0.95445628,1.2122966,0.28379105,0.34403891
0b_baseline_best,file,13,baseline,1426,026.Bronzed_Cowbird/Bronzed_Cowbird_0040_24134.jpg,26,25,026.Bronzed_Cowbird,27,26,identity,identity,0,{},0.1830501,0.1830501,0,0.83272642,0.83272642,0.13815144,0.13815144,0.69457498,0.69457498,0,1,1,35.855142,35.855142,False,1,True,True,True,1,1,35.855142,35.855142,1,1,35.216546,35.216546,1,1,6.7369196,6.7369196,1,1,10.948213,10.948213,1,1,20.16231,20.16231,1,1,17.354861,17.354861,1,1,14.52992,14.52992,1,1,14.195537,14.195537
0b_baseline_best,file,13,baseline,1426,026.Bronzed_Cowbird/Bronzed_Cowbird_0040_24134.jpg,26,25,026.Bronzed_Cowbird,27,26,horizontal_flip,horizontal_flip,0,"{""flipped"":true}",0.1830501,0.036706213,-0.14634388,0.83272642,0.96395928,0.13815144,0.029044619,0.69457498,0.93491466,0.24033968,0.66422944,0.20969541,35.855142,7.5186589,False,0.96310461,True,True,True,0.66422944,0.20969541,35.855142,7.5186589,0.65321623,0.20962866,35.216546,7.3823975,0.96251976,0.21151131,6.7369196,1.4249347,0.75830165,0.22990373,10.948213,2.5170351,0.64022265,0.18400985,20.16231,3.7100636,0.56700049,0.20591161,17.354861,3.5735673,0.63121614,0.23387372,14.52992,3.3981663,0.76999471,0.22367529,14.195537,3.1751909
0b_baseline_best,file,13,baseline,1426,026.Bronzed_Cowbird/Bronzed_Cowbird_0040_24134.jpg,26,25,026.Bronzed_Cowbird,27,26,color_jitter,color_jitter,0,"{""brightness"":1.120585,""contrast"":1.202291,""hue"":-0.091552,""saturation"":0.804479}",0.1830501,1.9743891,1.791339,0.83272642,0.13884611,0.13815144,0.37289315,0.69457498,-0.23404704,-0.92862202,0.58191077,3.2510627,35.855142,116.56731,False,0.90773189,False,True,False,0.58191077,3.2510627,35.855142,116.56731,0.57063999,3.221384,35.216546,113.44602,0.84376934,3.977248,6.7369196,26.7944,0.40802534,1.6972527,10.948213,18.581885,0.56054818,2.1692394,20.16231,43.736876,0.58351474,3.2022423,17.354861,55.57447,0.57703541,3.8735861,14.52992,56.282894,0.71281615,4.6490883,14.195537,65.996305
0b_baseline_best,file,13,baseline,1426,026.Bronzed_Cowbird/Bronzed_Cowbird_0040_24134.jpg,26,25,026.Bronzed_Cowbird,27,26,rotation,rotation,0,"{""angle"":-9.19095}",0.1830501,0.013323912,-0.16972618,0.83272642,0.98676443,0.13815144,0.0066753877,0.69457498,0.98008904,0.28551406,0.73796455,0.054114805,35.855142,1.940294,False,0.96511489,True,True,True,0.73796455,0.054114805,35.855142,1.940294,0.72968376,0.053590844,35.216546,1.8872845,0.93666535,0.066861761,6.7369196,0.45044231,0.83323778,0.047144164,10.948213,0.51614437,0.76219301,0.044992978,20.16231,0.90716234,0.64627174,0.052666367,17.354861,0.9140175,0.71855647,0.059901255,14.52992,0.87036042,0.78940349,0.066065646,14.195537,0.93783733
0b_baseline_best,file,13,baseline,1426,026.Bronzed_Cowbird/Bronzed_Cowbird_0040_24134.jpg,26,25,026.Bronzed_Cowbird,27,26,random_resized_crop,random_resized_crop,0,"{""area_fraction"":0.61533,""aspect"":1.063927,""fallback"":false,""height"":0.760498,""left"":0.045727,""top"":0.132606,""width"":0.809115}",0.1830501,0.0009099872,-0.18214011,0.83272642,0.99909043,0.13815144,0.00037991634,0.69457498,0.99871052,0.30413553,0.58154418,0.0037200479,35.855142,0.13338285,False,0.91383147,True,True,True,0.58154418,0.0037200479,35.855142,0.13338285,0.56892695,0.0036692899,35.216546,0.12921972,0.8628998,0.0049079269,6.7369196,0.033064309,0.73872616,0.003030703,10.948213,0.033180783,0.5685667,0.0029495802,20.16231,0.059470349,0.5345854,0.0035834095,17.354861,0.062189575,0.54308349,0.0042108452,14.52992,0.061183241,0.61162746,0.0046987795,14.195537,0.066701698
0b_baseline_best,file,13,baseline,1426,026.Bronzed_Cowbird/Bronzed_Cowbird_0040_24134.jpg,26,25,026.Bronzed_Cowbird,27,26,gaussian_blur,gaussian_blur,0,"{""sigma"":1.831411}",0.1830501,3.7109179,3.5278679,0.83272642,0.024455063,0.13815144,0.078435019,0.69457498,-0.053979956,-0.74855494,0.17999299,5.624554,35.855142,201.66918,False,0.80276614,False,True,False,0.17999299,5.624554,35.855142,201.66918,0.16835582,5.6390055,35.216546,198.5863,0.52442946,5.2141791,6.7369196,35.127505,0.41029621,4.8655556,10.948213,53.269141,0.082777089,4.1063751,20.16231,82.794006,0.12921243,6.5093902,17.354861,112.96956,0.1343552,6.4589087,14.52992,93.847424,0.28313679,6.3691521,14.195537,90.413535
0b_baseline_best,file,13,baseline,1426,026.Bronzed_Cowbird/Bronzed_Cowbird_0040_24134.jpg,26,25,026.Bronzed_Cowbird,27,26,random_erasing,random_erasing,0,"{""area_fraction"":0.071116,""erased"":true,""height"":0.165718,""left"":0.343814,""top"":0.117426,""width"":0.429138}",0.1830501,0.44978729,0.26673719,0.83272642,0.6377638,0.13815144,0.28593794,0.69457498,0.35182586,-0.34274912,0.94420342,1.9966029,35.855142,71.588482,False,0.98756224,True,True,True,0.94420342,1.9966029,35.855142,71.588482,0.94263103,1.9966167,35.216546,70.313946,0.98717847,1.9962254,6.7369196,13.44841,0.98109414,2.0064617,10.948213,21.967171,0.97733846,2.0040409,20.16231,40.406094,0.94191293,1.9382191,17.354861,33.637523,0.89166033,1.9787688,14.52992,28.751352,0.90628009,2.0786777,14.195537,29.507946
0b_baseline_best,file,13,baseline,8057,138.Tree_Swallow/Tree_Swallow_0071_136749.jpg,138,137,138.Tree_Swallow,137,136,identity,identity,0,{},0.025575278,0.025575278,0,0.97474897,0.97474897,0.0017203651,0.0017203651,0.9730286,0.9730286,0,1,1,3.7900516,3.7900516,False,0.99999988,True,True,True,1,1,3.7900516,3.7900516,1,1,3.7381011,3.7381011,1,1,0.6253732,0.6253732,1,1,1.1992508,1.1992508,1,1,1.4532991,1.4532991,1,1,1.7383889,1.7383889,1,1,1.8269486,1.8269486,1,1,2.0157832,2.0157832
0b_baseline_best,file,13,baseline,8057,138.Tree_Swallow/Tree_Swallow_0071_136749.jpg,138,137,138.Tree_Swallow,137,136,horizontal_flip,horizontal_flip,0,"{""flipped"":true}",0.025575278,0.03132325,0.0057479721,0.97474897,0.96916223,0.0017203651,0.0017169957,0.9730286,0.96744523,-0.0055833739,0.5606371,1.1940252,3.7900516,4.525417,False,0.95806479,True,True,True,0.5606371,1.1940252,3.7900516,4.525417,0.54871147,1.1907181,3.7381011,4.4510247,0.95126101,1.3067026,0.6253732,0.81717681,0.35739535,0.63631604,1.1992508,0.7631025,0.41181045,1.0815753,1.4532991,1.5718523,0.54235607,1.2859105,1.7383889,2.2354126,0.5202441,1.276907,1.8269486,2.3328435,0.69799833,1.2470742,2.0157832,2.5138313
0b_baseline_best,file,13,baseline,8057,138.Tree_Swallow/Tree_Swallow_0071_136749.jpg,138,137,138.Tree_Swallow,137,136,color_jitter,color_jitter,0,"{""brightness"":1.206844,""contrast"":1.17016,""hue"":-0.054568,""saturation"":1.013813}",0.025575278,0.31302422,0.28744894,0.97474897,0.73123217,0.0017203651,0.0032363243,0.9730286,0.72799584,-0.24503276,0.64559679,9.5492147,3.7900516,36.192017,False,0.9159745,True,True,True,0.64559679,9.5492147,3.7900516,36.192017,0.63858169,9.5067999,3.7381011,35.537379,0.8693742,10.957459,0.6253732,6.8525013,0.56493977,6.2213754,1.1992508,7.4609892,0.5492998,9.229023,1.4532991,13.412531,0.59670603,10.012035,1.7383889,17.404812,0.64482723,10.049449,1.8269486,18.359826,0.74070635,9.7633316,2.0157832,19.68076
0b_baseline_best,file,13,baseline,8057,138.Tree_Swallow/Tree_Swallow_0071_136749.jpg,138,137,138.Tree_Swallow,137,136,rotation,rotation,0,"{""angle"":1.769558}",0.025575278,0.0056483666,-0.019926912,0.97474897,0.99436754,0.0017203651,0.00031622397,0.9730286,0.99405132,0.021022712,0.82173216,0.21383785,3.7900516,0.81045649,False,0.98011595,True,True,True,0.82173216,0.21383785,3.7900516,0.81045649,0.81702833,0.21260482,3.7381011,0.79473833,0.97501892,0.25399522,0.6253732,0.15884181,0.838169,0.16440113,1.1992508,0.19715818,0.76550786,0.19116697,1.4532991,0.27782278,0.78239221,0.210408,1.7383889,0.36577094,0.79216994,0.22384566,1.8269486,0.40895451,0.8896735,0.22976828,2.0157832,0.46316303
0b_baseline_best,file,13,baseline,8057,138.Tree_Swallow/Tree_Swallow_0071_136749.jpg,138,137,138.Tree_Swallow,137,136,random_resized_crop,random_resized_crop,0,"{""area_fraction"":0.626762,""aspect"":0.844886,""fallback"":false,""height"":0.861296,""left"":0.241021,""top"":0.06522,""width"":0.727697}",0.025575278,0.090027764,0.064452486,0.97474897,0.9139058,0.0017203651,0.0043505989,0.9730286,0.9095552,-0.063473403,0.58608206,3.2643349,3.7900516,12.371998,False,0.94657421,True,True,True,0.58608206,3.2643349,3.7900516,12.371998,0.57617375,3.2634052,3.7381011,12.198938,0.93648102,3.2973811,0.6253732,2.0620938,0.6016742,2.0897142,1.1992508,2.5060914,0.50258361,3.207662,1.4532991,4.6616922,0.51685566,3.8472706,1.7383889,6.6880526,0.52924512,3.2601813,1.8269486,5.9561838,0.7235189,3.160808,2.0157832,6.3715036
0b_baseline_best,file,13,baseline,8057,138.Tree_Swallow/Tree_Swallow_0071_136749.jpg,138,137,138.Tree_Swallow,137,136,gaussian_blur,gaussian_blur,0,"{""sigma"":1.500453}",0.025575278,0.019922746,-0.005652532,0.97474897,0.98027438,0.0017203651,0.00037249498,0.9730286,0.97990188,0.0068732803,0.5737656,0.97566348,3.7900516,3.697815,False,0.93912512,True,True,True,0.5737656,0.97566348,3.7900516,3.697815,0.56495773,0.97800931,3.7381011,3.6558977,0.92306648,0.88779074,0.6253732,0.55520054,0.64384554,0.71532177,1.1992508,0.85785018,0.42275364,1.064796,1.4532991,1.5474671,0.51252233,1.1223147,1.7383889,1.9510195,0.56597203,1.0297666,1.8269486,1.8813308,0.70748514,0.84321979,2.0157832,1.6997483
0b_baseline_best,file,13,baseline,8057,138.Tree_Swallow/Tree_Swallow_0071_136749.jpg,138,137,138.Tree_Swallow,137,136,random_erasing,random_erasing,0,"{""area_fraction"":0.10052,""erased"":true,""height"":0.467644,""left"":0.354237,""top"":0.180268,""width"":0.214951}",0.025575278,0.028705312,0.0031300336,0.97474897,0.97170275,0.0017203651,0.00080082758,0.9730286,0.97090193,-0.002126677,0.72185117,1.0846596,3.7900516,4.110916,False,0.95207715,True,True,True,0.72185117,1.0846596,3.7900516,4.110916,0.71515564,1.0788942,3.7381011,4.0330155,0.93413907,1.2736442,0.6253732,0.79650297,0.85402726,0.7806698,1.1992508,0.93621885,0.67799619,1.0400147,1.4532991,1.5114524,0.70644823,1.1614273,1.7383889,2.0190123,0.67688861,1.1248622,1.8269486,2.0550655,0.74970361,1.087379,2.0157832,2.1919203
0b_baseline_best,file,13,baseline,1802,032.Mangrove_Cuckoo/Mangrove_Cuckoo_0016_794607.jpg,32,31,032.Mangrove_Cuckoo,31,30,identity,identity,0,{},0.92685354,0.92685354,0,0.3957971,0.3957971,0.19341213,0.19341213,0.20238498,0.20238498,0,1,1,103.17718,103.17718,False,1,True,True,True,1,1,103.17718,103.17718,1,1,101.19646,101.19646,1,1,20.11979,20.11979,1,1,20.347084,20.347084,1,1,47.554264,47.554264,1,1,56.69824,56.69824,1,1,46.785893,46.785893,1,1,46.494109,46.494109
0b_baseline_best,file,13,baseline,1802,032.Mangrove_Cuckoo/Mangrove_Cuckoo_0016_794607.jpg,32,31,032.Mangrove_Cuckoo,31,30,horizontal_flip,horizontal_flip,0,"{""flipped"":true}",0.92685354,0.43395367,-0.49289986,0.3957971,0.6479423,0.19341213,0.16680698,0.20238498,0.48113532,0.27875035,0.6800245,0.67565558,103.17718,69.712236,False,0.96521735,True,True,True,0.6800245,0.67565558,103.17718,69.712236,0.66963412,0.67568652,101.19646,68.377086,0.94319643,0.67487222,20.11979,13.578287,0.52488736,0.61233206,20.347084,12.459172,0.73307914,0.72543091,47.554264,34.497332,0.66664521,0.67293953,56.69824,38.154487,0.59040065,0.67578043,46.785893,31.616991,0.71440812,0.63612005,46.494109,29.575835
0b_baseline_best,file,13,baseline,1802,032.Mangrove_Cuckoo/Mangrove_Cuckoo_0016_794607.jpg,32,31,032.Mangrove_Cuckoo,31,30,color_jitter,color_jitter,0,"{""brightness"":0.911889,""contrast"":0.930362,""hue"":-0.019492,""saturation"":0.962992}",0.92685354,1.9240915,0.99723792,0.3957971,0.14600834,0.19341213,0.11302058,0.20238498,0.032987766,-0.16939721,0.85890942,1.593958,103.17718,164.46008,False,0.98377681,False,True,False,0.85890942,1.593958,103.17718,164.46008,0.85636887,1.6047575,101.19646,162.39579,0.95856149,1.2910441,20.11979,25.975536,0.70153525,1.8481452,20.347084,37.604366,0.84796236,1.7714177,47.554264,84.238465,0.87096181,1.5923764,56.69824,90.28494,0.85083354,1.5203656,46.785893,71.131664,0.89876516,1.4668304,46.494109,68.198972
0b_baseline_best,file,13,baseline,1802,032.Mangrove_Cuckoo/Mangrove_Cuckoo_0016_794607.jpg,32,31,032.Mangrove_Cuckoo,31,30,rotation,rotation,0,"{""angle"":2.142215}",0.92685354,1.0576637,0.13081014,0.3957971,0.3472662,0.19341213,0.19782683,0.20238498,0.14943936,-0.052945614,0.86141063,0.98182956,103.17718,101.3024,False,0.98439825,True,True,True,0.86141063,0.98182956,103.17718,101.3024,0.85643307,0.97868764,101.19646,99.039728,0.98039122,1.0582149,20.11979,21.291061,0.76967723,1.0386093,20.347084,21.132671,0.84997969,0.95573392,47.554264,45.449223,0.87824251,0.95529983,56.69824,54.163819,0.82478842,1.0094752,46.785893,47.2292,0.88309708,0.99318287,46.494109,46.177153
0b_baseline_best,file,13,baseline,1802,032.Mangrove_Cuckoo/Mangrove_Cuckoo_0016_794607.jpg,32,31,032.Mangrove_Cuckoo,31,30,random_resized_crop,random_resized_crop,0,"{""area_fraction"":0.829096,""aspect"":0.949543,""fallback"":false,""height"":0.934426,""left"":0.08449,""top"":0.019953,""width"":0.887278}",0.92685354,0.94401199,0.017158449,0.3957971,0.38906378,0.19341213,0.13805698,0.20238498,0.2510068,0.048621818,0.84141822,0.93801843,103.17718,96.782095,False,0.98394936,True,True,True,0.84141822,0.93801843,103.17718,96.782095,0.83566264,0.9347592,101.19646,94.594325,0.97811728,1.0170015,20.11979,20.461857,0.78484102,1.099674,20.347084,22.375158,0.83141431,0.89385365,47.554264,42.506552,0.8423194,0.89722476,56.69824,50.871065,0.80685778,0.96036331,46.785893,44.931455,0.87556414,0.96999648,46.494109,45.099122
0b_baseline_best,file,13,baseline,1802,032.Mangrove_Cuckoo/Mangrove_Cuckoo_0016_794607.jpg,32,31,032.Mangrove_Cuckoo,31,30,gaussian_blur,gaussian_blur,0,"{""sigma"":1.547055}",0.92685354,2.3505468,1.4236933,0.3957971,0.095317043,0.19341213,0.11065159,0.20238498,-0.015334547,-0.21771953,0.66436247,1.3354578,103.17718,137.78877,False,0.91770399,False,True,False,0.66436247,1.3354578,103.17718,137.78877,0.65614322,1.3398318,101.19646,135.58624,0.89562714,1.219598,20.11979,24.538056,0.48525253,1.1384801,20.347084,23.164749,0.44548054,1.138859,47.554264,54.157601,0.74566425,1.392623,56.69824,78.959273,0.68518576,1.4479311,46.785893,67.74275,0.71192831,1.3755655,46.494109,63.955693
0b_baseline_best,file,13,baseline,1802,032.Mangrove_Cuckoo/Mangrove_Cuckoo_0016_794607.jpg,32,31,032.Mangrove_Cuckoo,31,30,random_erasing,random_erasing,0,"{""area_fraction"":0.110698,""erased"":true,""height"":0.516486,""left"":0.324949,""top"":0.188138,""width"":0.214329}",0.92685354,2.2657685,1.338915,0.3957971,0.10375027,0.19341213,0.29039499,0.20238498,-0.18664473,-0.3890297,0.75787425,1.348789,103.17718,139.16424,False,0.93175042,False,True,False,0.75787425,1.348789,103.17718,139.16424,0.75169692,1.352085,101.19646,136.82622,0.92694611,1.2625477,20.11979,25.402194,0.7238542,1.1952084,20.347084,24.319005,0.84808706,1.3727706,47.554264,65.281093,0.7482373,1.3435364,56.69824,76.176148,0.66322135,1.329557,46.785893,62.204512,0.74886468,1.3932489,46.494109,64.777866
0b_baseline_best,file,13,baseline,4599,079.Belted_Kingfisher/Belted_Kingfisher_0061_70363.jpg,79,78,079.Belted_Kingfisher,80,79,identity,identity,0,{},1.3492849,1.3492849,0,0.25942573,0.25942573,0.54187417,0.54187417,-0.28244844,-0.28244844,0,1,1,108.59849,108.59849,False,0.99999994,True,False,False,1,1,108.59849,108.59849,1,1,105.57044,105.57044,1,1,25.465921,25.465921,1,1,24.038154,24.038154,1,1,44.773865,44.773865,1,1,54.290721,54.290721,1,1,51.572459,51.572459,1,1,54.363456,54.363456
0b_baseline_best,file,13,baseline,4599,079.Belted_Kingfisher/Belted_Kingfisher_0061_70363.jpg,79,78,079.Belted_Kingfisher,80,79,horizontal_flip,horizontal_flip,0,"{""flipped"":true}",1.3492849,0.61860055,-0.73068434,0.25942573,0.53869778,0.54187417,0.3905786,-0.28244844,0.14811918,0.43056762,0.67400431,0.85117752,108.59849,92.43659,False,0.96220154,False,False,True,0.67400431,0.85117752,108.59849,92.43659,0.66120414,0.85926588,105.57044,90.713078,0.95894565,0.69767136,25.465921,17.766844,0.819436,1.021533,24.038154,24.555768,0.64782168,0.89575579,44.773865,40.106449,0.66459192,0.86952018,54.290721,47.206878,0.60885325,0.89233905,51.572459,46.020119,0.69153983,0.7519385,54.363456,40.877976
0b_baseline_best,file,13,baseline,4599,079.Belted_Kingfisher/Belted_Kingfisher_0061_70363.jpg,79,78,079.Belted_Kingfisher,80,79,color_jitter,color_jitter,0,"{""brightness"":1.314438,""contrast"":0.666318,""hue"":-0.076595,""saturation"":0.959875}",1.3492849,2.9082134,1.5589285,0.25942573,0.054573145,0.54187417,0.32513875,-0.28244844,-0.2705656,0.011882838,0.56425788,0.89242082,108.59849,96.915551,False,0.87787372,True,False,False,0.56425788,0.89242082,108.59849,96.915551,0.5463705,0.88270557,105.57044,93.187617,0.83139559,1.0453684,25.465921,26.62127,0.42797708,0.66863063,24.038154,16.072646,0.4563396,0.79599724,44.773865,35.639873,0.51139788,0.86580667,54.290721,47.005269,0.58499742,0.88874424,51.572459,45.834725,0.61857291,0.98116149,54.363456,53.33933
0b_baseline_best,file,13,baseline,4599,079.Belted_Kingfisher/Belted_Kingfisher_0061_70363.jpg,79,78,079.Belted_Kingfisher,80,79,rotation,rotation,0,"{""angle"":-2.641464}",1.3492849,0.48407826,-0.86520663,0.25942573,0.61626494,0.54187417,0.27751887,-0.28244844,0.33874607,0.62119451,0.83194439,0.51887528,108.59849,56.34907,False,0.96609086,False,False,True,0.83194439,0.51887528,108.59849,56.34907,0.82440896,0.51950439,105.57044,54.844308,0.96459292,0.50794188,25.465921,12.935208,0.77240783,0.4472739,24.038154,10.751639,0.83872978,0.52178763,44.773865,23.362449,0.81066756,0.52580267,54.290721,28.546206,0.81254203,0.53786423,51.572459,27.738981,0.85123202,0.50782706,54.363456,27.607234
0b_baseline_best,file,13,baseline,4599,079.Belted_Kingfisher/Belted_Kingfisher_0061_70363.jpg,79,78,079.Belted_Kingfisher,80,79,random_resized_crop,random_resized_crop,0,"{""area_fraction"":0.569375,""aspect"":0.954949,""fallback"":false,""height"":0.772163,""left"":0.018133,""top"":0.182962,""width"":0.737376}",1.3492849,2.1847968,0.83551192,0.25942573,0.11250058,0.54187417,0.82690358,-0.28244844,-0.714403,-0.43195456,0.68697651,1.5656275,108.59849,170.02478,False,0.93256944,True,False,False,0.68697651,1.5656275,108.59849,170.02478,0.67624024,1.5797867,105.57044,166.77878,0.92412593,1.2983839,25.465921,33.06454,0.6573117,1.6774894,24.038154,40.32375,0.71095237,1.9115593,44.773865,85.587898,0.66521548,1.5561488,54.290721,84.484443,0.64421655,1.4548363,51.572459,75.029484,0.70697917,1.4362986,54.363456,78.082156
0b_baseline_best,file,13,baseline,4599,079.Belted_Kingfisher/Belted_Kingfisher_0061_70363.jpg,79,78,079.Belted_Kingfisher,80,79,gaussian_blur,gaussian_blur,0,"{""sigma"":1.382552}",1.3492849,0.29847983,-1.0508051,0.25942573,0.74194527,0.54187417,0.13401407,-0.28244844,0.6079312,0.89037964,0.61163585,0.41572495,108.59849,45.1471,False,0.91348994,False,False,True,0.61163585,0.41572495,108.59849,45.1471,0.59821433,0.41899886,105.57044,44.233895,0.89213819,0.35477035,25.465921,9.0345535,0.19278763,0.38392594,24.038154,9.228871,0.60694003,0.4553122,44.773865,20.386087,0.6019522,0.42784104,54.290721,23.227798,0.58268747,0.44872771,51.572459,23.141991,0.69968005,0.35895167,54.363456,19.513854
0b_baseline_best,file,13,baseline,4599,079.Belted_Kingfisher/Belted_Kingfisher_0061_70363.jpg,79,78,079.Belted_Kingfisher,80,79,random_erasing,random_erasing,0,"{""area_fraction"":0.079278,""erased"":true,""height"":0.206223,""left"":0.241126,""top"":0.67853,""width"":0.38443}",1.3492849,1.4757214,0.12643647,0.25942573,0.22861376,0.54187417,0.56495625,-0.28244844,-0.33634248,-0.053894043,0.95077841,1.0712849,108.59849,116.33991,False,0.98466408,True,False,False,0.95077841,1.0712849,108.59849,116.33991,0.94896142,1.074045,105.57044,113.38741,0.98465429,1.0226863,25.465921,26.043649,0.96829931,1.0986707,24.038154,26.410015,0.95966261,1.07484,44.773865,48.124743,0.96026,1.0928147,54.290721,59.329699,0.94419887,1.0815446,51.572459,55.777916,0.93076946,1.0425168,54.363456,56.674818
0b_baseline_best,file,13,baseline,5159,089.Hooded_Merganser/Hooded_Merganser_0057_796742.jpg,89,88,089.Hooded_Merganser,46,45,identity,identity,0,{},0.003083596,0.003083596,0,0.99692118,0.99692118,0.0004223845,0.0004223845,0.9964988,0.9964988,0,1,1,0.48777584,0.48777584,False,1,True,True,True,1,1,0.48777584,0.48777584,1,1,0.4794683,0.4794683,1,1,0.089640532,0.089640532,1,1,0.11747646,0.11747646,1,1,0.18765576,0.18765576,1,1,0.25610962,0.25610962,1,1,0.2353533,0.2353533,1,1,0.24472664,0.24472664
0b_baseline_best,file,13,baseline,5159,089.Hooded_Merganser/Hooded_Merganser_0057_796742.jpg,89,88,089.Hooded_Merganser,46,45,horizontal_flip,horizontal_flip,0,"{""flipped"":true}",0.003083596,0.0030811003,-2.4957117e-06,0.99692118,0.99692363,0.0004223845,0.00011725566,0.9964988,0.99680637,0.00030757263,0.72354992,0.97988107,0.48777584,0.47796232,False,0.97105914,True,True,True,0.72354992,0.97988107,0.48777584,0.47796232,0.71538683,0.98071624,0.4794683,0.47022234,0.9634449,0.95567842,0.089640532,0.085667521,0.59285318,0.75430237,0.11747646,0.088612774,0.69068159,1.0483059,0.18765576,0.19672065,0.70935113,0.9608954,0.25610962,0.24609456,0.70103951,0.98542466,0.2353533,0.23192295,0.77680631,1.0026338,0.24472664,0.24537121
0b_baseline_best,file,13,baseline,5159,089.Hooded_Merganser/Hooded_Merganser_0057_796742.jpg,89,88,089.Hooded_Merganser,46,45,color_jitter,color_jitter,0,"{""brightness"":0.875831,""contrast"":0.662625,""hue"":-0.092439,""saturation"":1.272939}",0.003083596,0.10182992,0.09874632,0.99692118,0.90318316,0.0004223845,0.0036824855,0.9964988,0.89950068,-0.096998121,0.63605044,32.026633,0.48777584,15.621818,False,0.90363741,True,True,True,0.63605044,32.026633,0.48777584,15.621818,0.62875006,32.183051,0.4794683,15.430753,0.8922868,27.172824,0.089640532,2.4357864,0.73626106,27.494684,0.11747646,3.2299782,0.55531014,37.455672,0.18765576,7.0287727,0.63342238,30.685651,0.25610962,7.8588904,0.59763021,33.205523,0.2353533,7.8150293,0.69474301,30.423581,0.24472664,7.445461
0b_baseline_best,file,13,baseline,5159,089.Hooded_Merganser/Hooded_Merganser_0057_796742.jpg,89,88,089.Hooded_Merganser,46,45,rotation,rotation,0,"{""angle"":-14.44436}",0.003083596,0.029069897,0.025986301,0.99692118,0.97134858,0.0004223845,0.00053627556,0.9964988,0.97081231,-0.025686489,0.73866269,8.4496176,0.48777584,4.1215194,False,0.94778568,True,True,True,0.73866269,8.4496176,0.48777584,4.1215194,0.73204175,8.4607525,0.4794683,4.0566626,0.93650943,8.1245929,0.089640532,0.72829283,0.6165919,7.051429,0.11747646,0.82837693,0.67992627,8.9828101,0.18765576,1.6856761,0.76971032,7.9687797,0.25610962,2.0408812,0.71881764,8.5502849,0.2353533,2.0123377,0.76411045,8.8719308,0.24472664,2.1711978
0b_baseline_best,file,13,baseline,5159,089.Hooded_Merganser/Hooded_Merganser_0057_796742.jpg,89,88,089.Hooded_Merganser,46,45,random_resized_crop,random_resized_crop,0,"{""area_fraction"":0.531896,""aspect"":1.118726,""fallback"":false,""height"":0.689528,""left"":0.020748,""top"":0.035089,""width"":0.771392}",0.003083596,0.19214885,0.18906525,0.99692118,0.82518405,0.0004223845,0.0020436046,0.9964988,0.82314044,-0.17335835,0.67632967,60.687455,0.48777584,29.601874,False,0.88763046,True,True,True,0.67632967,60.687455,0.48777584,29.601874,0.67140885,61.070421,0.4794683,29.281331,0.87138207,48.46576,0.089640532,4.3444965,0.62486908,62.704008,0.11747646,7.366245,0.61376692,72.121163,0.18765576,13.533952,0.7349795,58.93887,0.25610962,15.094812,0.67580313,60.937002,0.2353533,14.341724,0.65965745,55.792382,0.24472664,13.653882
0b_baseline_best,file,13,baseline,5159,089.Hooded_Merganser/Hooded_Merganser_0057_796742.jpg,89,88,089.Hooded_Merganser,46,45,gaussian_blur,gaussian_blur,0,"{""sigma"":1.016234}",0.003083596,0.012988372,0.0099047758,0.99692118,0.98709559,0.0004223845,0.00039926372,0.9964988,0.98669633,-0.0098024665,0.73123794,4.5215602,0.48777584,2.2055078,False,0.96447861,True,True,True,0.73123794,4.5215602,0.48777584,2.2055078,0.72490723,4.5437493,0.4794683,2.1785837,0.95626594,3.8327111,0.089640532,0.34356626,0.34097286,5.1632768,0.11747646,0.60656349,0.61631775,4.9883375,0.18765576,0.93609028,0.79189856,4.6438395,0.25610962,1.189332,0.75506322,4.4836558,0.2353533,1.0552432,0.81115989,4.0327092,0.24472664,0.98691138
0b_baseline_best,file,13,baseline,5159,089.Hooded_Merganser/Hooded_Merganser_0057_796742.jpg,89,88,089.Hooded_Merganser,46,45,random_erasing,random_erasing,0,"{""area_fraction"":0.162911,""erased"":true,""height"":0.320987,""left"":0.451167,""top"":0.616664,""width"":0.507531}",0.003083596,0.014137357,0.011053761,0.99692118,0.98596209,0.0004223845,0.0016116976,0.9964988,0.9843504,-0.012148402,0.84788275,4.9984854,0.48777584,2.4381404,False,0.94891673,True,True,True,0.84788275,4.9984854,0.48777584,2.4381404,0.84529889,5.0212648,0.4794683,2.4075373,0.94432541,4.295919,0.089640532,0.38508846,0.88048051,5.7858804,0.11747646,0.67970476,0.8649898,5.1568416,0.18765576,0.96771104,0.8742675,5.246359,0.25610962,1.343643,0.81537175,4.9145063,0.2353533,1.1566453,0.82288199,4.5768407,0.24472664,1.1200748
0b_baseline_best,file,13,baseline,8734,149.Brown_Thrasher/Brown_Thrasher_0013_155329.jpg,149,148,149.Brown_Thrasher,120,119,identity,identity,0,{},0.011120249,0.011120249,0,0.98894137,0.98894137,0.0058502373,0.0058502373,0.98309113,0.98309113,0,1,1,1.6938428,1.6938428,False,1,True,True,True,1,1,1.6938428,1.6938428,1,1,1.647445,1.647445,1,1,0.39373641,0.39373641,1,1,0.20943953,0.20943953,1,1,0.63544334,0.63544334,1,1,0.89043939,0.89043939,1,1,0.84955598,0.84955598,1,1,0.86706074,0.86706074
0b_baseline_best,file,13,baseline,8734,149.Brown_Thrasher/Brown_Thrasher_0013_155329.jpg,149,148,149.Brown_Thrasher,120,119,horizontal_flip,horizontal_flip,0,"{""flipped"":true}",0.011120249,0.0021644041,-0.0089558444,0.98894137,0.99783796,0.0058502373,0.001418501,0.98309113,0.99641946,0.013328326,0.58163121,0.2341368,1.6938428,0.39659095,False,0.96315432,True,True,True,0.58163121,0.2341368,1.6938428,0.39659095,0.56330516,0.23538868,1.647445,0.38778992,0.94282066,0.21102045,0.39373641,0.083086437,0.46624357,0.26490537,0.20943953,0.055481656,0.51112064,0.26665362,0.63544334,0.16944327,0.51458664,0.24498603,0.89043939,0.21814521,0.51604389,0.22493381,0.84955598,0.19109387,0.71848405,0.21418146,0.86706074,0.18570833
0b_baseline_best,file,13,baseline,8734,149.Brown_Thrasher/Brown_Thrasher_0013_155329.jpg,149,148,149.Brown_Thrasher,120,119,color_jitter,color_jitter,0,"{""brightness"":1.138316,""contrast"":0.82268,""hue"":0.087923,""saturation"":1.316323}",0.011120249,0.020129211,0.0090089627,0.98894137,0.98007202,0.0058502373,0.0027659032,0.98309113,0.97730612,-0.0057850159,0.57498072,2.3616669,1.6938428,4.0002926,False,0.95560491,True,True,True,0.57498072,2.3616669,1.6938428,4.0002926,0.56465379,2.387908,1.647445,3.9339472,0.82785624,1.842691,0.39373641,0.72553455,0.42937798,2.6180248,0.20943953,0.54831789,0.40899316,2.9180123,0.63544334,1.8542315,0.55224323,2.463213,0.89043939,2.1933419,0.59758655,2.3053589,0.84955598,1.9585314,0.6924078,2.0275251,0.86706074,1.7579874
0b_baseline_best,file,13,baseline,8734,149.Brown_Thrasher/Brown_Thrasher_0013_155329.jpg,149,148,149.Brown_Thrasher,120,119,rotation,rotation,0,"{""angle"":-12.946094}",0.011120249,0.0082570612,-0.0028631873,0.98894137,0.99177694,0.0058502373,0.0032540609,0.98309113,0.98852288,0.0054317482,0.66461118,0.75170291,1.6938428,1.2732666,False,0.96453416,True,True,True,0.66461118,0.75170291,1.6938428,1.2732666,0.6503825,0.75534527,1.647445,1.2443898,0.9424105,0.6848051,0.39373641,0.2696327,0.30957487,0.73498837,0.20943953,0.15393562,0.45613937,0.7772881,0.63544334,0.49392255,0.62591767,0.77614609,0.89043939,0.69111105,0.67894868,0.74105641,0.84955598,0.62956891,0.78085275,0.73565191,0.86706074,0.63785489
0b_baseline_best,file,13,baseline,8734,149.Brown_Thrasher/Brown_Thrasher_0013_155329.jpg,149,148,149.Brown_Thrasher,120,119,random_resized_crop,random_resized_crop,0,"{""area_fraction"":0.83004,""aspect"":1.008675,""fallback"":false,""height"":0.907139,""left"":0.024701,""top"":0.027897,""width"":0.915009}",0.011120249,0.0089346385,-0.0021856101,0.98894137,0.99110514,0.0058502373,0.0053272625,0.98309113,0.98577788,0.0026867427,0.74516833,0.84494738,1.6938428,1.4312081,False,0.97967964,True,True,True,0.74516833,0.84494738,1.6938428,1.4312081,0.73327765,0.84851917,1.647445,1.3978887,0.97422003,0.77977015,0.39373641,0.3070239,0.52743697,0.82868559,0.20943953,0.17355952,0.55887925,0.86293325,0.63544334,0.54834519,0.71636817,0.85834503,0.89043939,0.76430422,0.75881925,0.85515364,0.84955598,0.72650089,0.8369353,0.82470406,0.86706074,0.71506851
0b_baseline_best,file,13,baseline,8734,149.Brown_Thrasher/Brown_Thrasher_0013_155329.jpg,149,148,149.Brown_Thrasher,120,119,gaussian_blur,gaussian_blur,0,"{""sigma"":1.826053}",0.011120249,1.3669709,1.3558506,0.98894137,0.25487784,0.0058502373,0.016131951,0.98309113,0.23874588,-0.74434525,0.20457399,99.840163,1.6938428,169.11354,False,0.60019499,True,True,True,0.20457399,99.840163,1.6938428,169.11354,0.19769694,102.01456,1.647445,168.06337,0.5214149,47.791785,0.39373641,18.817366,0.12786227,125.43027,0.20943953,26.270057,0.090339289,126.10828,0.63544334,80.134668,0.17256223,124.25367,0.89043939,110.64036,0.22327475,88.891798,0.84955598,75.518559,0.36981581,65.132306,0.86706074,56.473665
0b_baseline_best,file,13,baseline,8734,149.Brown_Thrasher/Brown_Thrasher_0013_155329.jpg,149,148,149.Brown_Thrasher,120,119,random_erasing,random_erasing,0,"{""area_fraction"":0.085056,""erased"":true,""height"":0.490451,""left"":0.564157,""top"":0.136219,""width"":0.173425}",0.011120249,0.0080592446,-0.003061004,0.98894137,0.99197316,0.0058502373,0.0031666788,0.98309113,0.98880648,0.0057153488,0.84850607,0.71753114,1.6938428,1.215385,False,0.98665714,True,True,True,0.84850607,0.71753114,1.6938428,1.215385,0.84127552,0.71697705,1.647445,1.1811803,0.97339754,0.7271631,0.39373641,0.28631059,0.7772491,0.68012705,0.20943953,0.14244549,0.79732278,0.72638702,0.63544334,0.4615778,0.82180725,0.68479801,0.89043939,0.60977113,0.83796546,0.71766994,0.84955598,0.60970079,0.89119589,0.74591141,0.86706074,0.64675049
0b_baseline_best,file,13,baseline,4520,078.Gray_Kingbird/Gray_Kingbird_0063_70287.jpg,78,77,078.Gray_Kingbird,150,149,identity,identity,0,{},3.7750201,3.7750201,0,0.022936627,0.022936627,0.30995989,0.30995989,-0.28702326,-0.28702326,0,1,1,135.87393,135.87393,False,0.99999988,True,False,False,1,1,135.87393,135.87393,1,1,132.19868,132.19868,1,1,31.388425,31.388425,1,1,29.742316,29.742316,1,1,55.86911,55.86911,1,1,70.005722,70.005722,1,1,65.605825,65.605825,1,1,65.311586,65.311586
0b_baseline_best,file,13,baseline,4520,078.Gray_Kingbird/Gray_Kingbird_0063_70287.jpg,78,77,078.Gray_Kingbird,150,149,horizontal_flip,horizontal_flip,0,"{""flipped"":true}",3.7750201,2.4761987,-1.2988214,0.022936627,0.084062152,0.30995989,0.088458918,-0.28702326,-0.0043967664,0.28262649,0.62874433,0.91340109,135.87393,124.1074,False,0.96498454,False,False,False,0.62874433,0.91340109,135.87393,124.1074,0.61403615,0.91960081,132.19868,121.57002,0.93668571,0.79543708,31.388425,24.967517,0.56118081,0.89994558,29.742316,26.766466,0.61759821,0.9098381,55.86911,50.831846,0.60753976,0.95343133,70.005722,66.745649,0.5690898,0.93163255,65.605825,61.120523,0.68006897,0.87799509,65.311586,57.343252
0b_baseline_best,file,13,baseline,4520,078.Gray_Kingbird/Gray_Kingbird_0063_70287.jpg,78,77,078.Gray_Kingbird,150,149,color_jitter,color_jitter,0,"{""brightness"":0.672691,""contrast"":1.025321,""hue"":0.015296,""saturation"":0.659725}",3.7750201,3.3382187,-0.43680143,0.022936627,0.035500135,0.30995989,0.22124569,-0.28702326,-0.18574556,0.10127771,0.7960188,0.86731857,135.87393,117.84598,False,0.97593629,True,False,False,0.7960188,0.86731857,135.87393,117.84598,0.78615323,0.86590488,132.19868,114.47148,0.96622684,0.89202296,31.388425,27.999196,0.55327461,0.88096243,29.742316,26.201863,0.69138515,0.87849465,55.86911,49.080715,0.80351258,0.89793466,70.005722,62.860564,0.82733683,0.81699336,65.605825,53.599524,0.84786222,0.86395267,65.311586,56.42612
0b_baseline_best,file,13,baseline,4520,078.Gray_Kingbird/Gray_Kingbird_0063_70287.jpg,78,77,078.Gray_Kingbird,150,149,rotation,rotation,0,"{""angle"":2.992295}",3.7750201,1.469638,-2.3053821,0.022936627,0.23000874,0.30995989,0.070319444,-0.28702326,0.15968929,0.44671255,0.80228217,0.76373741,135.87393,103.772,False,0.96975982,False,False,True,0.80228217,0.76373741,135.87393,103.772,0.79421502,0.76119046,132.19868,100.62838,0.9384855,0.80758251,31.388425,25.348743,0.68702913,0.66288094,29.742316,19.715614,0.76580208,0.73207281,55.86911,40.900257,0.81129864,0.79049235,70.005722,55.338988,0.80146801,0.74366249,65.605825,48.788591,0.80864669,0.78398873,65.311586,51.203548
0b_baseline_best,file,13,baseline,4520,078.Gray_Kingbird/Gray_Kingbird_0063_70287.jpg,78,77,078.Gray_Kingbird,150,149,random_resized_crop,random_resized_crop,0,"{""area_fraction"":0.834789,""aspect"":0.913631,""fallback"":false,""height"":0.955879,""left"":0.053176,""top"":0.028864,""width"":0.873321}",3.7750201,3.1957848,-0.57923532,0.022936627,0.040934388,0.30995989,0.13426512,-0.28702326,-0.093330737,0.19369252,0.79128665,1.0364588,135.87393,140.82773,False,0.98818624,False,False,False,0.79128665,1.0364588,135.87393,140.82773,0.78271466,1.0432864,132.19868,137.92109,0.97363803,0.90684366,31.388425,28.464394,0.78210192,1.0903941,29.742316,32.430845,0.71099204,1.0536203,55.86911,58.86483,0.77756043,1.1256798,70.005722,78.804026,0.7755776,1.0327533,65.605825,67.754635,0.86572603,0.93192814,65.311586,60.865705
0b_baseline_best,file,13,baseline,4520,078.Gray_Kingbird/Gray_Kingbird_0063_70287.jpg,78,77,078.Gray_Kingbird,150,149,gaussian_blur,gaussian_blur,0,"{""sigma"":1.863794}",3.7750201,4.1460099,0.3709898,0.022936627,0.015827443,0.30995989,0.010143776,-0.28702326,0.005683667,0.29270693,0.40842331,0.83846505,135.87393,113.92554,False,0.86839187,False,False,False,0.40842331,0.83846505,135.87393,113.92554,0.38278598,0.83077917,132.19868,109.82791,0.80435407,0.9646765,31.388425,30.279676,0.37525599,0.94795374,29.742316,28.19434,0.33315578,0.75122963,55.86911,41.970531,0.40288349,0.76600742,70.005722,53.624903,0.32357051,0.84690507,65.605825,55.561906,0.45527916,0.91136721,65.311586,59.522838
0b_baseline_best,file,13,baseline,4520,078.Gray_Kingbird/Gray_Kingbird_0063_70287.jpg,78,77,078.Gray_Kingbird,150,149,random_erasing,random_erasing,0,"{""area_fraction"":0.114814,""erased"":true,""height"":0.372796,""left"":0.479161,""top"":0.212698,""width"":0.30798}",3.7750201,5.7884417,2.0134215,0.022936627,0.0030627518,0.30995989,0.58479935,-0.28702326,-0.5817366,-0.29471334,0.67161347,1.1946498,135.87393,162.32177,False,0.88859874,True,False,False,0.67161347,1.1946498,135.87393,162.32177,0.66278082,1.2016786,132.19868,158.86033,0.85372185,1.0622692,31.388425,33.342958,0.63314118,0.9586771,29.742316,28.513277,0.70996446,1.1040562,55.86911,61.682638,0.64818531,1.2352964,70.005722,86.477818,0.64631239,1.215088,65.605825,79.716851,0.6749644,1.2612634,65.311586,82.375114
0b_baseline_best,file,13,baseline,1188,022.Chuck_will_Widow/Chuck_Will_Widow_0017_796960.jpg,22,21,022.Chuck_will_Widow,92,91,identity,identity,0,{},2.829277,2.829277,0,0.059055537,0.059055537,0.094938956,0.094938956,-0.035883419,-0.035883419,0,1,1,139.90129,139.90129,False,0.99999994,True,False,False,1,1,139.90129,139.90129,1,1,138.43714,138.43714,1,1,20.18735,20.18735,1,1,21.395528,21.395528,1,1,62.197208,62.197208,1,1,86.419518,86.419518,1,1,63.505937,63.505937,1,1,57.768878,57.768878
0b_baseline_best,file,13,baseline,1188,022.Chuck_will_Widow/Chuck_Will_Widow_0017_796960.jpg,22,21,022.Chuck_will_Widow,92,91,horizontal_flip,horizontal_flip,0,"{""flipped"":true}",2.829277,2.3044019,-0.52487516,0.059055537,0.099818476,0.094938956,0.31350136,-0.035883419,-0.21368288,-0.17779946,0.68017909,0.98749725,139.90129,138.15214,False,0.93709505,True,False,False,0.68017909,0.98749725,139.90129,138.15214,0.67513393,0.98626691,138.43714,136.53597,0.90544373,1.0437199,20.18735,21.069938,0.69810322,0.94336176,21.395528,20.183723,0.6479747,0.97159452,62.197208,60.430467,0.67970364,0.95789032,86.419518,82.78042,0.65118852,1.0286422,63.505937,65.324886,0.72370502,1.0186537,57.768878,58.846484
0b_baseline_best,file,13,baseline,1188,022.Chuck_will_Widow/Chuck_Will_Widow_0017_796960.jpg,22,21,022.Chuck_will_Widow,92,91,color_jitter,color_jitter,0,"{""brightness"":1.382068,""contrast"":0.807092,""hue"":-0.094388,""saturation"":0.605591}",2.829277,2.7536688,-0.075608253,0.059055537,0.063693762,0.094938956,0.011861838,-0.035883419,0.051831923,0.087715343,0.72930898,1.4192419,139.90129,198.55378,False,0.83412516,False,False,False,0.72930898,1.4192419,139.90129,198.55378,0.72797485,1.423235,138.43714,197.02859,0.81151293,1.216749,20.18735,24.562938,0.5374194,1.5319311,21.395528,32.776476,0.7583695,1.3658989,62.197208,84.955097,0.78940712,1.4647669,86.419518,126.58445,0.67526846,1.4907236,63.505937,94.669798,0.64565103,1.2887332,57.768878,74.448671
0b_baseline_best,file,13,baseline,1188,022.Chuck_will_Widow/Chuck_Will_Widow_0017_796960.jpg,22,21,022.Chuck_will_Widow,92,91,rotation,rotation,0,"{""angle"":9.258474}",2.829277,1.4867386,-1.3425385,0.059055537,0.22610888,0.094938956,0.058803186,-0.035883419,0.16730569,0.20318911,0.79826668,0.84249529,139.90129,117.86618,False,0.95403308,False,False,True,0.79826668,0.84249529,139.90129,117.86618,0.7952333,0.84341458,138.43714,116.7599,0.95021803,0.79806852,20.18735,16.110888,0.69947761,0.81937133,21.395528,17.530883,0.77964229,0.8313655,62.197208,51.708613,0.81200191,0.82683666,86.419518,71.454826,0.77489149,0.84116417,63.505937,53.418919,0.81445209,0.89820404,57.768878,51.88824
0b_baseline_best,file,13,baseline,1188,022.Chuck_will_Widow/Chuck_Will_Widow_0017_796960.jpg,22,21,022.Chuck_will_Widow,92,91,random_resized_crop,random_resized_crop,0,"{""area_fraction"":0.730601,""aspect"":0.973773,""fallback"":false,""height"":0.866186,""left"":0.128572,""top"":0.088689,""width"":0.843469}",2.829277,2.8406696,0.011392593,0.059055537,0.058386557,0.094938956,0.024852442,-0.035883419,0.033534115,0.069417534,0.78163354,1.0191502,139.90129,142.58043,False,0.94465107,False,False,False,0.78163354,1.0191502,139.90129,142.58043,0.77871544,1.0201458,138.43714,141.22607,0.92670948,0.97117718,20.18735,19.605493,0.61769223,1.0482741,21.395528,22.428378,0.78105042,1.0129062,62.197208,62.999935,0.80614483,1.0317077,86.419518,89.159681,0.7327582,1.0046803,63.505937,63.803167,0.7916671,1.0171196,57.768878,58.757861
0b_baseline_best,file,13,baseline,1188,022.Chuck_will_Widow/Chuck_Will_Widow_0017_796960.jpg,22,21,022.Chuck_will_Widow,92,91,gaussian_blur,gaussian_blur,0,"{""sigma"":1.952772}",2.829277,1.5018235,-1.3274535,0.059055537,0.22272365,0.094938956,0.0096895993,-0.035883419,0.21303405,0.24891747,0.47333557,0.9217153,139.90129,128.94916,False,0.7128315,False,False,True,0.47333557,0.9217153,139.90129,128.94916,0.46891284,0.92317621,138.43714,127.80187,0.70075565,0.8501828,20.18735,17.162937,0.41360198,0.9883883,21.395528,21.14709,0.43173054,0.94117385,62.197208,58.538386,0.49420765,0.82703849,86.419518,71.472268,0.42570681,0.94474846,63.505937,59.997136,0.52643578,1.0602416,57.768878,61.248965
0b_baseline_best,file,13,baseline,1188,022.Chuck_will_Widow/Chuck_Will_Widow_0017_796960.jpg,22,21,022.Chuck_will_Widow,92,91,random_erasing,random_erasing,0,"{""area_fraction"":0.134343,""erased"":true,""height"":0.592356,""left"":0.001296,""top"":0.112511,""width"":0.226795}",2.829277,3.4219456,0.59266853,0.059055537,0.032648854,0.094938956,0.078138269,-0.035883419,-0.045489416,-0.0096059963,0.91632496,0.97234036,139.90129,136.03167,False,0.98293841,False,False,False,0.91632496,0.97234036,139.90129,136.03167,0.9149111,0.96993737,138.43714,134.27536,0.98119112,1.0793209,20.18735,21.788628,0.92364058,0.91112692,21.395528,19.494042,0.90567825,0.98615787,62.197208,61.336267,0.93457788,0.96319411,86.419518,83.238771,0.90470878,0.96745588,63.505937,61.439192,0.89386401,0.97680874,57.768878,56.429145
0b_baseline_best,file,13,baseline,264,005.Crested_Auklet/Crested_Auklet_0033_794964.jpg,5,4,005.Crested_Auklet,7,6,identity,identity,0,{},0.31411761,0.31411761,0,0.73043311,0.73043311,0.13847509,0.13847509,0.59195802,0.59195802,0,1,1,46.968,46.968,False,1,True,True,True,1,1,46.968,46.968,1,1,46.232929,46.232929,1,1,8.2770343,8.2770343,1,1,7.8647215,7.8647215,1,1,21.31533,21.31533,1,1,26.542766,26.542766,1,1,23.563387,23.563387,1,1,19.014072,19.014072
0b_baseline_best,file,13,baseline,264,005.Crested_Auklet/Crested_Auklet_0033_794964.jpg,5,4,005.Crested_Auklet,7,6,horizontal_flip,horizontal_flip,0,"{""flipped"":true}",0.31411761,0.024294525,-0.28982309,0.73043311,0.97599822,0.13847509,0.016480025,0.59195802,0.9595182,0.36756018,0.6640816,0.08485903,46.968,3.9856589,False,0.95435148,True,True,True,0.6640816,0.08485903,46.968,3.9856589,0.65363003,0.084250136,46.232929,3.8951306,0.94507079,0.10204753,8.2770343,0.84465091,0.59156915,0.089131271,7.8647215,0.70099262,0.57105777,0.083153649,21.31533,1.7724475,0.65762243,0.085967598,26.542766,2.2818179,0.67828131,0.07583048,23.563387,1.786823,0.72672604,0.093189212,19.014072,1.7719064
0b_baseline_best,file,13,baseline,264,005.Crested_Auklet/Crested_Auklet_0033_794964.jpg,5,4,005.Crested_Auklet,7,6,color_jitter,color_jitter,0,"{""brightness"":1.198345,""contrast"":1.33109,""hue"":-0.088327,""saturation"":0.94807}",0.31411761,4.097455,3.7833374,0.73043311,0.016614912,0.13847509,0.26463038,0.59195802,-0.24801547,-0.83997348,0.57295534,2.5772389,46.968,121.04776,False,0.80338669,False,True,False,0.57295534,2.5772389,46.968,121.04776,0.56514653,2.5510706,46.232929,117.94346,0.77974446,3.2907707,8.2770343,27.237822,0.52080668,2.5697722,7.8647215,20.210542,0.43740621,2.0541922,21.31533,43.785785,0.6312386,2.4735692,26.542766,65.655368,0.60859389,2.7162453,23.563387,64.003939,0.53435457,2.9647823,19.014072,56.372584
0b_baseline_best,file,13,baseline,264,005.Crested_Auklet/Crested_Auklet_0033_794964.jpg,5,4,005.Crested_Auklet,7,6,rotation,rotation,0,"{""angle"":-1.941969}",0.31411761,0.26363805,-0.050479561,0.73043311,0.76825154,0.13847509,0.12140527,0.59195802,0.64684626,0.054888248,0.85276503,0.87449098,46.968,41.073092,False,0.98556769,True,True,True,0.85276503,0.87449098,46.968,41.073092,0.84851963,0.87447486,46.232929,40.429534,0.98514276,0.87499378,8.2770343,7.2423535,0.69919917,1.1294722,7.8647215,8.8829846,0.82607951,0.93474384,21.31533,19.924374,0.83753326,0.85358454,26.542766,22.656495,0.87850799,0.82016832,23.563387,19.325944,0.9015262,0.86714107,19.014072,16.487882
0b_baseline_best,file,13,baseline,264,005.Crested_Auklet/Crested_Auklet_0033_794964.jpg,5,4,005.Crested_Auklet,7,6,random_resized_crop,random_resized_crop,0,"{""area_fraction"":0.516889,""aspect"":0.971647,""fallback"":false,""height"":0.729364,""left"":0.040196,""top"":0.161886,""width"":0.708685}",0.31411761,0.79067159,0.47655398,0.73043311,0.45354012,0.13847509,0.19888686,0.59195802,0.25465326,-0.33730476,0.47129388,1.637839,46.968,76.92602,False,0.84950083,True,True,True,0.47129388,1.637839,46.968,76.92602,0.45780378,1.6284406,46.232929,75.28758,0.83623379,1.9079512,8.2770343,15.792178,0.31158922,1.5006749,7.8647215,11.80239,0.28270242,1.6072095,21.31533,34.258201,0.51899304,1.7109748,26.542766,45.414005,0.47690951,1.4203522,23.563387,33.468308,0.54741341,1.8010495,19.014072,34.245284
0b_baseline_best,file,13,baseline,264,005.Crested_Auklet/Crested_Auklet_0033_794964.jpg,5,4,005.Crested_Auklet,7,6,gaussian_blur,gaussian_blur,0,"{""sigma"":1.871905}",0.31411761,0.63731021,0.3231926,0.73043311,0.52871263,0.13847509,0.32624352,0.59195802,0.20246911,-0.38948891,0.50994903,1.4979589,46.968,70.356132,False,0.87842637,True,True,True,0.50994903,1.4979589,46.968,70.356132,0.4957248,1.4816514,46.232929,68.501086,0.8668663,1.9390402,8.2770343,16.049502,0.51701082,2.2797715,7.8647215,17.929768,0.458167,1.3715091,21.31533,29.23417,0.50186883,1.3380372,26.542766,35.515208,0.48561204,1.4418173,23.563387,33.974098,0.55435814,1.7448678,19.014072,33.177041
0b_baseline_best,file,13,baseline,264,005.Crested_Auklet/Crested_Auklet_0033_794964.jpg,5,4,005.Crested_Auklet,7,6,random_erasing,random_erasing,0,"{""area_fraction"":0.119918,""erased"":true,""height"":0.355557,""left"":0.616596,""top"":0.080438,""width"":0.337266}",0.31411761,5.1116972,4.7975796,0.73043311,0.006025847,0.13847509,0.057533838,0.59195802,-0.051507991,-0.64346601,0.47325682,2.6802704,46.968,125.88694,False,0.78544009,False,True,False,0.47325682,2.6802704,46.968,125.88694,0.46463945,2.6469536,46.232929,122.37642,0.6930934,3.5667067,8.2770343,29.521754,0.34953306,2.641035,7.8647215,20.771005,0.49269795,2.4336639,21.31533,51.874351,0.49973162,2.5559057,26.542766,67.840808,0.47074865,2.5544171,23.563387,60.190719,0.40114731,3.1679394,19.014072,60.235427
0b_baseline_best,file,13,baseline,1749,031.Black_billed_Cuckoo/Black_Billed_Cuckoo_0057_795323.jpg,31,30,031.Black_billed_Cuckoo,33,32,identity,identity,0,{},3.7746725,3.7746725,0,0.022944601,0.022944601,0.57772046,0.57772046,-0.55477586,-0.55477586,0,1,1,167.30863,167.30863,False,1,True,False,False,1,1,167.30863,167.30863,1,1,163.87972,163.87972,1,1,33.698902,33.698902,1,1,32.136346,32.136346,1,1,103.55238,103.55238,1,1,75.323478,75.323478,1,1,71.82101,71.82101,1,1,65.336336,65.336336
0b_baseline_best,file,13,baseline,1749,031.Black_billed_Cuckoo/Black_Billed_Cuckoo_0057_795323.jpg,31,30,031.Black_billed_Cuckoo,33,32,horizontal_flip,horizontal_flip,0,"{""flipped"":true}",3.7746725,2.6103206,-1.1643519,0.022944601,0.07351096,0.57772046,0.19689426,-0.55477586,-0.1233833,0.43139256,0.49637704,0.8709079,167.30863,145.71041,False,0.92575932,True,False,False,0.49637704,0.8709079,167.30863,145.71041,0.484065,0.87720132,163.87972,143.7555,0.86957482,0.70590417,33.698902,23.788195,0.56190597,0.9910537,32.136346,31.848845,0.62075158,0.79354295,103.55238,82.173265,0.32782403,0.99711365,75.323478,75.106068,0.37769387,0.89891872,71.82101,64.56125,0.53438671,0.85076296,65.336336,55.585734
0b_baseline_best,file,13,baseline,1749,031.Black_billed_Cuckoo/Black_Billed_Cuckoo_0057_795323.jpg,31,30,031.Black_billed_Cuckoo,33,32,color_jitter,color_jitter,0,"{""brightness"":0.633522,""contrast"":0.890705,""hue"":-0.064341,""saturation"":1.05304}",3.7746725,3.4790406,-0.29563189,0.022944601,0.030836979,0.57772046,0.24612482,-0.55477586,-0.21528784,0.33948802,0.67648107,0.98913533,167.30863,165.49088,False,0.95327669,True,False,False,0.67648107,0.98913533,167.30863,165.49088,0.66996656,0.99779597,163.87972,163.51852,0.90524337,0.75592915,33.698902,25.473982,0.40832566,1.75722,32.136346,56.470629,0.77081273,0.977567,103.55238,101.22939,0.63536882,0.95732321,75.323478,72.108914,0.614675,0.93814244,71.82101,67.378338,0.69408851,0.91352311,65.336336,59.686252
0b_baseline_best,file,13,baseline,1749,031.Black_billed_Cuckoo/Black_Billed_Cuckoo_0057_795323.jpg,31,30,031.Black_billed_Cuckoo,33,32,rotation,rotation,0,"{""angle"":-12.558921}",3.7746725,2.5446758,-1.2299967,0.022944601,0.07849849,0.57772046,0.61708158,-0.55477586,-0.53858309,0.01619277,0.74351678,0.88085874,167.30863,147.37527,False,0.92640197,True,False,False,0.74351678,0.88085874,167.30863,147.37527,0.73555379,0.8791646,163.87972,144.07725,0.92420884,0.92001512,33.698902,31.003499,0.51155774,0.82861751,32.136346,26.628739,0.88087554,0.75848878,103.55238,78.543322,0.66957896,0.88667712,75.323478,66.787604,0.64073267,0.94589239,71.82101,67.934947,0.72217455,1.060873,65.336336,69.313552
0b_baseline_best,file,13,baseline,1749,031.Black_billed_Cuckoo/Black_Billed_Cuckoo_0057_795323.jpg,31,30,031.Black_billed_Cuckoo,33,32,random_resized_crop,random_resized_crop,0,"{""area_fraction"":0.710191,""aspect"":1.063952,""fallback"":false,""height"":0.817008,""left"":0.087831,""top"":0.01419,""width"":0.869258}",3.7746725,3.9129136,0.13824105,0.022944601,0.019982198,0.57772046,0.24254981,-0.55477586,-0.22256761,0.33220825,0.72892986,0.90841102,167.30863,151.985,False,0.94482124,False,False,False,0.72892986,0.90841102,167.30863,151.985,0.72252907,0.90995344,163.87972,149.12291,0.88771462,0.87113822,33.698902,29.356401,0.57735558,0.9555253,32.136346,30.707092,0.83743297,0.87947955,103.55238,91.072205,0.61169705,0.90385777,75.323478,68.081711,0.6616724,0.91585365,71.82101,65.777534,0.70497727,0.97267925,65.336336,63.551298
0b_baseline_best,file,13,baseline,1749,031.Black_billed_Cuckoo/Black_Billed_Cuckoo_0057_795323.jpg,31,30,031.Black_billed_Cuckoo,33,32,gaussian_blur,gaussian_blur,0,"{""sigma"":1.681849}",3.7746725,4.6363397,0.86166716,0.022944601,0.009693115,0.57772046,0.065308183,-0.55477586,-0.055615068,0.49916079,0.62207947,1.0117288,167.30863,169.27096,False,0.82873785,False,False,False,0.62207947,1.0117288,167.30863,169.27096,0.62008513,1.0134828,163.87972,166.08927,0.67198621,0.9693232,33.698902,32.665127,0.33144083,1.0898787,32.136346,35.024718,0.7817611,0.85164375,103.55238,88.189741,0.54009531,1.1087268,75.323478,83.513162,0.59129772,1.1146161,71.82101,80.052852,0.54522553,1.1035385,65.336336,72.101164
0b_baseline_best,file,13,baseline,1749,031.Black_billed_Cuckoo/Black_Billed_Cuckoo_0057_795323.jpg,31,30,031.Black_billed_Cuckoo,33,32,random_erasing,random_erasing,0,"{""area_fraction"":0.160112,""erased"":true,""height"":0.46345,""left"":0.202477,""top"":0.377283,""width"":0.345478}",3.7746725,2.3050988,-1.4695737,0.022944601,0.099748954,0.57772046,0.42375737,-0.55477586,-0.32400842,0.23076744,0.66780506,0.83682479,167.30863,140.00801,False,0.88521719,True,False,False,0.66780506,0.83682479,167.30863,140.00801,0.65837809,0.83379392,163.87972,136.64191,0.87525757,0.90555077,33.698902,30.516066,0.69837839,0.89531428,32.136346,28.772129,0.70420338,0.63921121,103.55238,66.191845,0.57734579,0.89273292,75.323478,67.243749,0.68275868,0.95950545,71.82101,68.91265,0.70141879,0.99085789,65.336336,64.739024
0b_baseline_best,file,13,baseline,11302,192.Downy_Woodpecker/Downy_Woodpecker_0044_184170.jpg,192,191,192.Downy_Woodpecker,124,123,identity,identity,0,{},0.00049102172,0.00049102172,0,0.9995091,0.9995091,0.00013305026,0.00013305026,0.99937605,0.99937605,0,1,1,0.090601886,0.090601886,False,0.99999994,True,True,True,1,1,0.090601886,0.090601886,1,1,0.08850873,0.08850873,1,1,0.019362501,0.019362501,1,1,0.017724693,0.017724693,1,1,0.037639347,0.037639347,1,1,0.047940726,0.047940726,1,1,0.04390779,0.04390779,1,1,0.04332093,0.04332093
0b_baseline_best,file,13,baseline,11302,192.Downy_Woodpecker/Downy_Woodpecker_0044_184170.jpg,192,191,192.Downy_Woodpecker,124,123,horizontal_flip,horizontal_flip,0,"{""flipped"":true}",0.00049102172,0.0013854438,0.00089442212,0.9995091,0.9986155,0.00013305026,6.3650317e-05,0.99937605,0.99855185,-0.0008241929,0.55567676,3.2745459,0.090601886,0.29668004,False,0.95939398,True,True,True,0.55567676,3.2745459,0.090601886,0.29668004,0.54166991,3.2817859,0.08850873,0.2904667,0.8642726,3.1194228,0.019362501,0.060399827,0.26541636,3.6952575,0.017724693,0.065497303,0.29098103,3.0819837,0.037639347,0.11600385,0.63893404,3.5016116,0.047940726,0.1678698,0.5603772,3.3593053,0.04390779,0.14749967,0.63897118,2.98195,0.04332093,0.12918085
0b_baseline_best,file,13,baseline,11302,192.Downy_Woodpecker/Downy_Woodpecker_0044_184170.jpg,192,191,192.Downy_Woodpecker,124,123,color_jitter,color_jitter,0,"{""brightness"":1.057551,""contrast"":0.741822,""hue"":0.051569,""saturation"":0.786859}",0.00049102172,0.047024604,0.046533582,0.9995091,0.95406395,0.00013305026,0.0034830391,0.99937605,0.95058091,-0.048795133,0.7692625,119.6197,0.090601886,10.83777,False,0.94493139,True,True,True,0.7692625,119.6197,0.090601886,10.83777,0.76693827,120.94563,0.08850873,10.704744,0.87590814,87.428969,0.019362501,1.6928435,0.74027178,137.57603,0.017724693,2.4384929,0.73161082,137.7315,0.037639347,5.1841236,0.81541741,133.05308,0.047940726,6.3786614,0.78529772,115.13822,0.04390779,5.0554647,0.75120049,90.95354,0.04332093,3.9401919
0b_baseline_best,file,13,baseline,11302,192.Downy_Woodpecker/Downy_Woodpecker_0044_184170.jpg,192,191,192.Downy_Woodpecker,124,123,rotation,rotation,0,"{""angle"":-4.639967}",0.00049102172,0.0003573256,-0.00013369613,0.9995091,0.99964273,0.00013305026,0.00013482383,0.99937605,0.99950791,0.00013186004,0.8285184,0.69910191,0.090601886,0.063339952,False,0.98350805,True,True,True,0.8285184,0.69910191,0.090601886,0.063339952,0.82144159,0.69812386,0.08850873,0.061790056,0.97240076,0.71923456,0.019362501,0.01392618,0.71910042,0.66163197,0.017724693,0.011727223,0.78548468,0.67937291,0.037639347,0.025571153,0.82087594,0.70461916,0.047940726,0.033779954,0.81022987,0.69777517,0.04390779,0.030637765,0.87593378,0.71029844,0.04332093,0.030770789
0b_baseline_best,file,13,baseline,11302,192.Downy_Woodpecker/Downy_Woodpecker_0044_184170.jpg,192,191,192.Downy_Woodpecker,124,123,random_resized_crop,random_resized_crop,0,"{""area_fraction"":0.603275,""aspect"":0.784852,""fallback"":false,""height"":0.876726,""left"":0.102355,""top"":0.047609,""width"":0.6881}",0.00049102172,0.00045896962,-3.2052107e-05,0.9995091,0.99954116,0.00013305026,9.5873067e-05,0.99937605,0.99944529,6.9244488e-05,0.75688316,0.8998671,0.090601886,0.081529656,False,0.97409046,True,True,True,0.75688316,0.8998671,0.090601886,0.081529656,0.74709689,0.90096479,0.08850873,0.079743249,0.96732174,0.8766162,0.019362501,0.016973482,0.59512774,0.89436033,0.017724693,0.015852262,0.66495168,0.85808428,0.037639347,0.032297732,0.74159835,0.85252755,0.047940726,0.04087079,0.75176124,0.91766298,0.04390779,0.040292553,0.83074361,0.97133039,0.04332093,0.042078936
0b_baseline_best,file,13,baseline,11302,192.Downy_Woodpecker/Downy_Woodpecker_0044_184170.jpg,192,191,192.Downy_Woodpecker,124,123,gaussian_blur,gaussian_blur,0,"{""sigma"":1.625449}",0.00049102172,0.31267411,0.31218308,0.9995091,0.73148829,0.00013305026,0.081256554,0.99937605,0.65023173,-0.34914431,0.54410725,750.8041,0.090601886,68.024268,False,0.86686826,True,True,True,0.54410725,750.8041,0.090601886,68.024268,0.53852474,762.49473,0.08850873,67.487441,0.82757946,440.49825,0.019362501,8.5291478,0.44830616,982.57977,0.017724693,17.415924,0.40465666,793.95643,0.037639347,29.884001,0.58780276,886.73142,0.047940726,42.510548,0.58766528,748.89567,0.04390779,32.882353,0.61426972,500.32764,0.04332093,21.674658
0b_baseline_best,file,13,baseline,11302,192.Downy_Woodpecker/Downy_Woodpecker_0044_184170.jpg,192,191,192.Downy_Woodpecker,124,123,random_erasing,random_erasing,0,"{""area_fraction"":0.071335,""erased"":true,""height"":0.191173,""left"":0.253319,""top"":0.380626,""width"":0.373146}",0.00049102172,0.0027165436,0.0022255219,0.9995091,0.99728715,0.00013305026,9.2277172e-05,0.99937605,0.99719488,-0.0021811689,0.77476785,5.2101919,0.090601886,0.47205322,False,0.96071339,True,True,True,0.77476785,5.2101919,0.090601886,0.47205322,0.76797964,5.2291196,0.08850873,0.46282274,0.93212009,4.7976396,0.019362501,0.092894302,0.73014418,4.9258083,0.017724693,0.087308439,0.70167267,4.3024804,0.037639347,0.16194255,0.80009705,5.5957691,0.047940726,0.26826524,0.7720242,5.6362834,0.04390779,0.24747675,0.78390647,5.012144,0.04332093,0.21713074
0b_baseline_best,file,13,baseline,2933,051.Horned_Grebe/Horned_Grebe_0006_34718.jpg,51,50,051.Horned_Grebe,50,49,identity,identity,0,{},0.098717786,0.098717786,0,0.90599835,0.90599835,0.053370122,0.053370122,0.85262823,0.85262823,0,1,1,14.702247,14.702247,False,1,True,True,True,1,1,14.702247,14.702247,1,1,14.38936,14.38936,1,1,3.0170162,3.0170162,1,1,3.1336485,3.1336485,1,1,5.8341881,5.8341881,1,1,8.2868205,8.2868205,1,1,7.2248644,7.2248644,1,1,6.5058519,6.5058519
0b_baseline_best,file,13,baseline,2933,051.Horned_Grebe/Horned_Grebe_0006_34718.jpg,51,50,051.Horned_Grebe,50,49,horizontal_flip,horizontal_flip,0,"{""flipped"":true}",0.098717786,0.55817056,0.45945277,0.90599835,0.57225502,0.053370122,0.25595582,0.85262823,0.3162992,-0.53632903,0.71024432,4.9064394,14.702247,72.135682,False,0.97238338,True,True,True,0.71024432,4.9064394,14.702247,72.135682,0.69940256,4.9147133,14.38936,70.719577,0.96793785,4.7143117,3.0170162,14.223155,0.40943315,5.0881821,3.1336485,15.944574,0.69363653,5.2883937,5.8341881,30.853484,0.73388828,4.8576846,8.2868205,40.25476,0.69200686,4.7482754,7.2248644,34.305646,0.7302729,4.8552403,6.5058519,31.587474
0b_baseline_best,file,13,baseline,2933,051.Horned_Grebe/Horned_Grebe_0006_34718.jpg,51,50,051.Horned_Grebe,50,49,color_jitter,color_jitter,0,"{""brightness"":1.364575,""contrast"":0.880728,""hue"":-0.0809,""saturation"":1.056298}",0.098717786,3.4813561,3.3826384,0.90599835,0.03076566,0.053370122,0.00059354934,0.85262823,0.030172111,-0.82245612,0.17151265,14.398055,14.702247,211.68375,False,0.77927232,False,True,False,0.17151265,14.398055,14.702247,211.68375,0.15933118,14.505119,14.38936,208.71937,0.51884787,11.700986,3.0170162,35.302064,0.27011978,19.178737,3.1336485,60.09942,-0.03188225,15.084986,5.8341881,88.008647,0.029030771,13.321546,8.2868205,110.39326,0.28989599,13.398475,7.2248644,96.802162,0.31982345,15.861706,6.5058519,103.19391
0b_baseline_best,file,13,baseline,2933,051.Horned_Grebe/Horned_Grebe_0006_34718.jpg,51,50,051.Horned_Grebe,50,49,rotation,rotation,0,"{""angle"":0.262943}",0.098717786,0.049940679,-0.048777107,0.90599835,0.95128584,0.053370122,0.031509575,0.85262823,0.91977626,0.067148037,0.91704985,0.53423315,14.702247,7.8544275,False,0.99367452,True,True,True,0.91704985,0.53423315,14.702247,7.8544275,0.91390082,0.53404496,14.38936,7.6845651,0.98811966,0.538496,3.0170162,1.6246512,0.79893183,0.592334,3.1336485,1.8561665,0.89468585,0.55553712,5.8341881,3.241108,0.92435092,0.51688544,8.2868205,4.2833369,0.92276714,0.54084226,7.2248644,3.9075119,0.9355975,0.52094873,6.5058519,3.3892153
0b_baseline_best,file,13,baseline,2933,051.Horned_Grebe/Horned_Grebe_0006_34718.jpg,51,50,051.Horned_Grebe,50,49,random_resized_crop,random_resized_crop,0,"{""area_fraction"":0.644339,""aspect"":1.256301,""fallback"":false,""height"":0.716161,""left"":0.06218,""top"":0.194931,""width"":0.899713}",0.098717786,0.022769786,-0.075948,0.90599835,0.9774875,0.053370122,0.0079571428,0.85262823,0.96953036,0.11690213,0.53308697,0.22144011,14.702247,3.2556671,False,0.93950891,True,True,True,0.53308697,0.22144011,14.702247,3.2556671,0.51616798,0.2214584,14.38936,3.1866446,0.91870475,0.22102346,3.0170162,0.66683138,0.33513731,0.26546317,3.1336485,0.83186825,0.20849443,0.22949635,5.8341881,1.3389248,0.54333228,0.21151003,8.2868205,1.7527457,0.60363214,0.20657227,7.2248644,1.4924566,0.67542039,0.23665184,6.5058519,1.5396218
0b_baseline_best,file,13,baseline,2933,051.Horned_Grebe/Horned_Grebe_0006_34718.jpg,51,50,051.Horned_Grebe,50,49,gaussian_blur,gaussian_blur,0,"{""sigma"":1.357658}",0.098717786,0.11518567,0.016467884,0.90599835,0.89120066,0.053370122,0.045641892,0.85262823,0.84555877,-0.0070694573,0.56334702,1.0053629,14.702247,14.781093,False,0.92391062,True,True,True,0.56334702,1.0053629,14.702247,14.781093,0.54860017,1.006168,14.38936,14.478113,0.90545666,0.98687153,3.0170162,2.9774075,0.41629807,1.3683585,3.1336485,4.2879546,0.35209941,0.89914882,5.8341881,5.2458033,0.54338487,0.81749869,8.2868205,6.7744649,0.61362917,1.1352459,7.2248644,8.2019976,0.67136851,1.0927812,6.5058519,7.1094729
0b_baseline_best,file,13,baseline,2933,051.Horned_Grebe/Horned_Grebe_0006_34718.jpg,51,50,051.Horned_Grebe,50,49,random_erasing,random_erasing,0,"{""area_fraction"":0.067482,""erased"":true,""height"":0.369735,""left"":0.20253,""top"":0.22287,""width"":0.182515}",0.098717786,0.459813,0.36109521,0.90599835,0.63140172,0.053370122,0.10967948,0.85262823,0.52172224,-0.33090599,0.91176855,3.7424425,14.702247,55.022314,False,0.97167742,True,True,True,0.91176855,3.7424425,14.702247,55.022314,0.9108842,3.7591957,14.38936,54.092419,0.94059789,3.3387266,3.0170162,10.072992,0.78969363,3.3978915,3.1336485,10.647797,0.91036754,3.8408255,5.8341881,22.408098,0.94467652,3.5895055,8.2868205,29.745588,0.91728244,3.9500274,7.2248644,28.538412,0.88056726,3.8001909,6.5058519,24.723479
0b_baseline_best,file,13,baseline,9650,164.Cerulean_Warbler/Cerulean_Warbler_0018_797183.jpg,164,163,164.Cerulean_Warbler,159,158,identity,identity,0,{},0.0027062006,0.0027062006,0,0.99729747,0.99729747,0.0018306572,0.0018306572,0.99546681,0.99546681,0,1,1,0.58357254,0.58357254,False,1,True,True,True,1,1,0.58357254,0.58357254,1,1,0.57370754,0.57370754,1,1,0.10684832,0.10684832,1,1,0.11064026,0.11064026,1,1,0.31856391,0.31856391,1,1,0.31631582,0.31631582,1,1,0.25721403,0.25721403,1,1,0.22181379,0.22181379
0b_baseline_best,file,13,baseline,9650,164.Cerulean_Warbler/Cerulean_Warbler_0018_797183.jpg,164,163,164.Cerulean_Warbler,159,158,horizontal_flip,horizontal_flip,0,"{""flipped"":true}",0.0027062006,0.0013023475,-0.0014038531,0.99729747,0.99869847,0.0018306572,0.00041475077,0.99546681,0.99828372,0.0028169136,0.67674353,0.42956587,0.58357254,0.25068285,False,0.97727758,True,True,True,0.67674353,0.42956587,0.58357254,0.25068285,0.6682462,0.43009607,0.57370754,0.24674936,0.93173099,0.41398821,0.10684832,0.044233947,0.60173,0.50739614,0.11064026,0.056138441,0.80282154,0.47179473,0.31856391,0.15029677,0.59609711,0.38878611,0.31631582,0.1229792,0.56261151,0.39870526,0.25721403,0.10255259,0.66562945,0.43949861,0.22181379,0.097486852
0b_baseline_best,file,13,baseline,9650,164.Cerulean_Warbler/Cerulean_Warbler_0018_797183.jpg,164,163,164.Cerulean_Warbler,159,158,color_jitter,color_jitter,0,"{""brightness"":0.802569,""contrast"":0.780303,""hue"":-0.011111,""saturation"":1.052108}",0.0027062006,0.015501487,0.012795286,0.99729747,0.98461807,0.0018306572,0.010958311,0.99546681,0.97365976,-0.021807052,0.84120405,6.3554763,0.58357254,3.7088815,False,0.97761738,True,True,True,0.84120405,6.3554763,0.58357254,3.7088815,0.8368794,6.3695517,0.57370754,3.6542599,0.97703666,5.9353447,0.10684832,0.63418164,0.45102991,6.3150198,0.11064026,0.69869544,0.82851213,6.7907724,0.31856391,2.163295,0.8647393,6.5046991,0.31631582,2.0575392,0.8575036,5.8583204,0.25721403,1.5068422,0.88136304,5.8461078,0.22181379,1.2967473
0b_baseline_best,file,13,baseline,9650,164.Cerulean_Warbler/Cerulean_Warbler_0018_797183.jpg,164,163,164.Cerulean_Warbler,159,158,rotation,rotation,0,"{""angle"":-7.551452}",0.0027062006,0.00081077125,-0.0018954293,0.99729747,0.99918956,0.0018306572,0.00044477294,0.99546681,0.99874478,0.0032779741,0.8461539,0.25621138,0.58357254,0.14951792,False,0.98342592,True,True,True,0.8461539,0.25621138,0.58357254,0.14951792,0.84126209,0.25534051,0.57370754,0.14649077,0.9782011,0.28015698,0.10684832,0.029934305,0.8014184,0.28673681,0.11064026,0.031724635,0.8891157,0.2683444,0.31856391,0.085484839,0.82247852,0.2415962,0.31631582,0.076420701,0.79811838,0.23646312,0.25721403,0.060821633,0.84899418,0.27072407,0.22181379,0.060050332
0b_baseline_best,file,13,baseline,9650,164.Cerulean_Warbler/Cerulean_Warbler_0018_797183.jpg,164,163,164.Cerulean_Warbler,159,158,random_resized_crop,random_resized_crop,0,"{""area_fraction"":0.839183,""aspect"":1.011975,""fallback"":false,""height"":0.910633,""left"":0.041739,""top"":0.081847,""width"":0.921538}",0.0027062006,0.0020531781,-0.00065302243,0.99729747,0.99794894,0.0018306572,0.00097329542,0.99546681,0.99697565,0.0015088406,0.77577621,0.73417553,0.58357254,0.42844468,False,0.98390502,True,True,True,0.77577621,0.73417553,0.58357254,0.42844468,0.76961531,0.73592637,0.57370754,0.42220651,0.96970204,0.68176801,0.10684832,0.07284577,0.71051236,1.0058336,0.11064026,0.11128569,0.81326291,0.79521416,0.31856391,0.25332653,0.76488824,0.69160226,0.31631582,0.21876474,0.72369952,0.67397851,0.25721403,0.17335673,0.7845383,0.69534277,0.22181379,0.15423661
0b_baseline_best,file,13,baseline,9650,164.Cerulean_Warbler/Cerulean_Warbler_0018_797183.jpg,164,163,164.Cerulean_Warbler,159,158,gaussian_blur,gaussian_blur,0,"{""sigma"":1.926602}",0.0027062006,0.048997406,0.046291205,0.99729747,0.9521836,0.0018306572,0.01239164,0.99546681,0.93979196,-0.055674844,0.38716162,15.498802,0.58357254,9.044675,False,0.90659511,True,True,True,0.38716162,15.498802,0.58357254,9.044675,0.37483534,15.595651,0.57370754,8.9473427,0.84469863,12.385134,0.10684832,1.3233308,0.098477862,22.394465,0.11064026,2.4777294,0.40810885,16.315404,0.31856391,5.1974987,0.29992939,14.574004,0.31631582,4.609988,0.37745182,15.469677,0.25721403,3.9790181,0.57223985,14.12557,0.22181379,3.1332462
0b_baseline_best,file,13,baseline,9650,164.Cerulean_Warbler/Cerulean_Warbler_0018_797183.jpg,164,163,164.Cerulean_Warbler,159,158,random_erasing,random_erasing,0,"{""area_fraction"":0.132334,""erased"":true,""height"":0.207776,""left"":0.060371,""top"":0.786499,""width"":0.636909}",0.0027062006,0.0024595982,-0.00024660234,0.99729747,0.99754339,0.0018306572,0.0015914274,0.99546681,0.99595197,0.00048515864,0.98175968,0.91410513,0.58357254,0.53344665,False,0.99409592,True,True,True,0.98175968,0.91410513,0.58357254,0.53344665,0.98135455,0.91467518,0.57370754,0.52475605,0.99383318,0.89751484,0.10684832,0.095897958,0.96832733,0.91703377,0.11064026,0.10146085,0.987869,0.9531551,0.31856391,0.30364081,0.98562321,0.90020402,0.31631582,0.28474878,0.9781579,0.89023279,0.25721403,0.22898037,0.96871556,0.89444886,0.22181379,0.19840109
0b_baseline_best,file,13,baseline,10149,173.Orange_crowned_Warbler/Orange_Crowned_Warbler_0103_168566.jpg,173,172,173.Orange_crowned_Warbler,170,169,identity,identity,0,{},4.7450838,4.7450838,0,0.0086943321,0.0086943321,0.44602329,0.44602329,-0.43732895,-0.43732895,0,1,1,107.38449,107.38449,False,0.99999988,True,False,False,1,1,107.38449,107.38449,1,1,103.59311,103.59311,1,1,28.282455,28.282455,1,1,25.093049,25.093049,1,1,41.452743,41.452743,1,1,49.179597,49.179597,1,1,50.608277,50.608277,1,1,58.341326,58.341326
0b_baseline_best,file,13,baseline,10149,173.Orange_crowned_Warbler/Orange_Crowned_Warbler_0103_168566.jpg,173,172,173.Orange_crowned_Warbler,170,169,horizontal_flip,horizontal_flip,0,"{""flipped"":true}",4.7450838,4.9142494,0.16916561,0.0086943321,0.0073412275,0.44602329,0.63986516,-0.43732895,-0.63252393,-0.19519498,0.63510931,1.2376624,107.38449,132.90575,False,0.93590593,True,False,False,0.63510931,1.2376624,107.38449,132.90575,0.61617318,1.2465414,103.59311,129.1331,0.92387851,1.1117032,28.282455,31.441695,0.69853592,1.0077526,25.093049,25.287585,0.55664108,1.2730304,41.452743,52.770604,0.63553078,1.3961625,49.179597,68.662707,0.59601834,1.2850231,50.608277,65.032806,0.64617121,1.1249353,58.341326,65.630217
0b_baseline_best,file,13,baseline,10149,173.Orange_crowned_Warbler/Orange_Crowned_Warbler_0103_168566.jpg,173,172,173.Orange_crowned_Warbler,170,169,color_jitter,color_jitter,0,"{""brightness"":1.161131,""contrast"":1.354902,""hue"":-0.050131,""saturation"":1.138961}",4.7450838,4.9073877,0.16230392,0.0086943321,0.0073917713,0.44602329,0.07385008,-0.43732895,-0.066458309,0.37087064,0.68089445,0.91549361,107.38449,98.309816,False,0.92144352,False,False,False,0.68089445,0.91549361,107.38449,98.309816,0.66999042,0.92388449,103.59311,95.708065,0.85833733,0.79439529,28.282455,22.467449,0.68405011,0.94042084,25.093049,23.598026,0.56583658,0.89524686,41.452743,37.110438,0.71626463,0.95225881,49.179597,46.831704,0.6826476,0.92828053,50.608277,46.978679,0.67538337,0.91115589,58.341326,53.158043
0b_baseline_best,file,13,baseline,10149,173.Orange_crowned_Warbler/Orange_Crowned_Warbler_0103_168566.jpg,173,172,173.Orange_crowned_Warbler,170,169,rotation,rotation,0,"{""angle"":10.592784}",4.7450838,4.6648474,-0.080236435,0.0086943321,0.0094206827,0.44602329,0.10065983,-0.43732895,-0.09123915,0.3460898,0.59672096,0.90477107,107.38449,97.158382,False,0.91925985,False,False,False,0.59672096,0.90477107,107.38449,97.158382,0.57922302,0.91199903,103.59311,94.476813,0.86850764,0.80152116,28.282455,22.668987,0.58358797,0.80891114,25.093049,20.298047,0.52014764,0.82300596,41.452743,34.115855,0.55055706,1.0691609,49.179597,52.580901,0.56699162,0.90902419,50.608277,46.004148,0.65279912,0.85166651,58.341326,49.687354
0b_baseline_best,file,13,baseline,10149,173.Orange_crowned_Warbler/Orange_Crowned_Warbler_0103_168566.jpg,173,172,173.Orange_crowned_Warbler,170,169,random_resized_crop,random_resized_crop,0,"{""area_fraction"":0.663886,""aspect"":1.162782,""fallback"":false,""height"":0.75561,""left"":0.007126,""top"":0.150468,""width"":0.87861}",4.7450838,5.2388821,0.49379826,0.0086943321,0.0053061857,0.44602329,0.10229984,-0.43732895,-0.096993654,0.3403353,0.62893421,1.0565213,107.38449,113.454,False,0.91710383,True,False,False,0.62893421,1.0565213,107.38449,113.454,0.61523405,1.0693069,103.59311,110.77283,0.86873441,0.86694028,28.282455,24.5192,0.80152251,1.1915464,25.093049,29.899532,0.61451693,1.127337,41.452743,46.731209,0.58435998,1.2250432,49.179597,60.24713,0.5861788,0.97030999,50.608277,49.105717,0.63507712,0.96227487,58.341326,56.140392
0b_baseline_best,file,13,baseline,10149,173.Orange_crowned_Warbler/Orange_Crowned_Warbler_0103_168566.jpg,173,172,173.Orange_crowned_Warbler,170,169,gaussian_blur,gaussian_blur,0,"{""sigma"":1.921855}",4.7450838,5.8718348,1.1267509,0.0086943321,0.002817699,0.44602329,0.057827581,-0.43732895,-0.055009882,0.38231907,0.4841778,0.88788022,107.38449,95.344567,False,0.84857345,False,False,False,0.4841778,0.88788022,107.38449,95.344567,0.46401103,0.89424729,103.59311,92.637856,0.79051331,0.79755835,28.282455,22.556908,0.46541486,0.87791739,25.093049,22.029624,0.45757155,0.86034147,41.452743,35.663514,0.45460195,0.98615687,49.179597,48.498797,0.4189386,0.88459939,50.608277,44.768051,0.51259847,0.85156937,58.341326,49.681686
0b_baseline_best,file,13,baseline,10149,173.Orange_crowned_Warbler/Orange_Crowned_Warbler_0103_168566.jpg,173,172,173.Orange_crowned_Warbler,170,169,random_erasing,random_erasing,0,"{""area_fraction"":0.193434,""erased"":true,""height"":0.383873,""left"":0.450256,""top"":0.37648,""width"":0.503901}",4.7450838,7.2308512,2.4857674,0.0086943321,0.00072390435,0.44602329,0.016876083,-0.43732895,-0.016152179,0.42117677,0.40504587,1.0488946,107.38449,112.63502,False,0.87651157,False,False,False,0.40504587,1.0488946,107.38449,112.63502,0.37910078,1.0565042,103.59311,109.44655,0.79846253,0.94087053,28.282455,26.610129,0.53004785,0.71705416,25.093049,17.993075,0.3100694,1.0287428,41.452743,42.64421,0.33071196,1.1372727,49.179597,55.930615,0.32489711,1.09604,50.608277,55.468694,0.4804419,1.0328858,58.341326,60.259926
0b_baseline_best,file,13,baseline,2467,043.Yellow_bellied_Flycatcher/Yellow_Bellied_Flycatcher_0041_42719.jpg,43,42,043.Yellow_bellied_Flycatcher,39,38,identity,identity,0,{},2.3344419,2.3344419,0,0.096864529,0.096864529,0.76756078,0.76756078,-0.67069625,-0.67069625,0,1,1,161.02133,161.02133,False,1.0000001,True,False,False,1,1,161.02133,161.02133,1,1,157.05009,157.05009,1,1,35.54063,35.54063,1,1,52.228912,52.228912,1,1,68.154729,68.154729,1,1,84.874779,84.874779,1,1,77.001596,77.001596,1,1,64.489006,64.489006
0b_baseline_best,file,13,baseline,2467,043.Yellow_bellied_Flycatcher/Yellow_Bellied_Flycatcher_0041_42719.jpg,43,42,043.Yellow_bellied_Flycatcher,39,38,horizontal_flip,horizontal_flip,0,"{""flipped"":true}",2.3344419,1.5767852,-0.75765669,0.096864529,0.20663834,0.76756078,0.48408571,-0.67069625,-0.27744737,0.39324888,0.65228266,0.84646084,161.02133,136.29825,False,0.93730843,True,False,False,0.65228266,0.84646084,161.02133,136.29825,0.63922268,0.84837746,157.05009,133.23776,0.92073642,0.8081254,35.54063,28.721286,0.63713046,0.66751213,52.228912,34.863432,0.51508096,0.9010949,68.154729,61.413879,0.68157438,0.8718871,84.874779,74.001225,0.64930929,0.83764326,77.001596,64.499867,0.70800862,0.86736253,64.489006,55.935347
0b_baseline_best,file,13,baseline,2467,043.Yellow_bellied_Flycatcher/Yellow_Bellied_Flycatcher_0041_42719.jpg,43,42,043.Yellow_bellied_Flycatcher,39,38,color_jitter,color_jitter,0,"{""brightness"":1.049078,""contrast"":0.665579,""hue"":0.014699,""saturation"":0.804935}",2.3344419,2.5360074,0.2015655,0.096864529,0.079181917,0.76756078,0.6888442,-0.67069625,-0.60966229,0.061033964,0.91129797,1.1063157,161.02133,178.14042,False,0.98299372,True,False,False,0.91129797,1.1063157,161.02133,178.14042,0.9085118,1.1123038,157.05009,174.68742,0.97967982,0.98209787,35.54063,34.904377,0.89314604,1.009297,52.228912,52.714485,0.8682292,1.1785431,68.154729,80.323289,0.92506809,1.1763916,84.874779,99.845979,0.92437199,1.0778754,77.001596,82.998127,0.92419136,1.0317532,64.489006,66.536739
0b_baseline_best,file,13,baseline,2467,043.Yellow_bellied_Flycatcher/Yellow_Bellied_Flycatcher_0041_42719.jpg,43,42,043.Yellow_bellied_Flycatcher,39,38,rotation,rotation,0,"{""angle"":-5.589338}",2.3344419,1.0216578,-1.3127841,0.096864529,0.3599976,0.76756078,0.40587118,-0.67069625,-0.045873582,0.62482267,0.81541067,0.74631267,161.02133,120.17226,False,0.9634515,True,False,False,0.81541067,0.74631267,161.02133,120.17226,0.81004186,0.75147538,157.05009,118.01928,0.94970986,0.63717382,35.54063,22.645559,0.90045702,0.7894555,52.228912,41.232401,0.78073645,0.76231232,68.154729,51.955189,0.78475513,0.75555997,84.874779,64.127986,0.80885976,0.74276395,77.001596,57.194009,0.82915436,0.71826231,64.489006,46.320022
0b_baseline_best,file,13,baseline,2467,043.Yellow_bellied_Flycatcher/Yellow_Bellied_Flycatcher_0041_42719.jpg,43,42,043.Yellow_bellied_Flycatcher,39,38,random_resized_crop,random_resized_crop,0,"{""area_fraction"":0.656705,""aspect"":1.191811,""fallback"":false,""height"":0.742303,""left"":0.055911,""top"":0.104249,""width"":0.884685}",2.3344419,1.4320545,-0.90238738,0.096864529,0.23881777,0.76756078,0.51261139,-0.67069625,-0.27379362,0.39690263,0.73550115,0.73606204,161.02133,118.52169,False,0.94990396,True,False,False,0.73550115,0.73606204,161.02133,118.52169,0.72468834,0.73503921,157.05009,115.43798,0.94112022,0.75575708,35.54063,26.860083,0.76604683,0.77775267,52.228912,40.621176,0.68507576,0.75646058,68.154729,51.556366,0.68529429,0.70244672,84.874779,59.62001,0.74504996,0.71569417,77.001596,55.109593,0.77960696,0.76379246,64.489006,49.256216
0b_baseline_best,file,13,baseline,2467,043.Yellow_bellied_Flycatcher/Yellow_Bellied_Flycatcher_0041_42719.jpg,43,42,043.Yellow_bellied_Flycatcher,39,38,gaussian_blur,gaussian_blur,0,"{""sigma"":1.966194}",2.3344419,3.6554954,1.3210535,0.096864529,0.02584869,0.76756078,0.0044270493,-0.67069625,0.021421641,0.69211789,0.29272503,0.87891422,161.02133,141.52394,False,0.67074889,False,False,False,0.29272503,0.87891422,161.02133,141.52394,0.28579625,0.88948821,157.05009,139.69421,0.49695936,0.63824873,35.54063,22.683762,-0.026420998,0.86678366,52.228912,45.271167,0.30838509,0.92822273,68.154729,63.262769,0.36474314,0.87677589,84.874779,74.41616,0.27821006,0.8140499,77.001596,62.683141,0.33271527,0.98021241,64.489006,63.212924
0b_baseline_best,file,13,baseline,2467,043.Yellow_bellied_Flycatcher/Yellow_Bellied_Flycatcher_0041_42719.jpg,43,42,043.Yellow_bellied_Flycatcher,39,38,random_erasing,random_erasing,0,"{""area_fraction"":0.198157,""erased"":true,""height"":0.335603,""left"":0.111557,""top"":0.468171,""width"":0.590449}",2.3344419,2.812953,0.4785111,0.096864529,0.06002748,0.76756078,0.096235745,-0.67069625,-0.036208265,0.63448799,0.54098546,0.89148585,161.02133,143.54824,False,0.85975718,False,False,False,0.54098546,0.89148585,161.02133,143.54824,0.53540992,0.89972997,157.05009,141.30268,0.69299712,0.7116165,35.54063,25.291299,0.39623819,0.70970044,52.228912,37.066882,0.58406259,0.85311562,68.154729,58.143864,0.54457897,0.95842167,84.874779,81.345828,0.53988162,0.88854315,77.001596,68.41924,0.54428473,0.9700499,64.489006,62.557554
0b_baseline_best,file,13,baseline,6135,105.Whip_poor_Will/Whip_Poor_Will_0044_796407.jpg,105,104,105.Whip_poor_Will,22,21,identity,identity,0,{},0.65313458,0.65313458,0,0.52041197,0.52041197,0.42577004,0.42577004,0.094641924,0.094641924,0,1,1,151.03487,151.03487,False,0.99999994,True,True,True,1,1,151.03487,151.03487,1,1,149.75059,149.75059,1,1,19.654313,19.654313,1,1,25.652042,25.652042,1,1,78.920386,78.920386,1,1,92.303817,92.303817,1,1,67.51988,67.51988,1,1,49.596938,49.596938
0b_baseline_best,file,13,baseline,6135,105.Whip_poor_Will/Whip_Poor_Will_0044_796407.jpg,105,104,105.Whip_poor_Will,22,21,horizontal_flip,horizontal_flip,0,"{""flipped"":true}",0.65313458,0.62899542,-0.024139166,0.52041197,0.53312713,0.42577004,0.41173697,0.094641924,0.12139016,0.02674824,0.81016593,0.87103415,151.03487,131.55653,False,0.9602679,True,True,True,0.81016593,0.87103415,151.03487,131.55653,0.80749559,0.87048698,149.75059,130.35594,0.9602427,0.90222999,19.654313,17.73271,0.77619301,0.88920465,25.652042,22.809915,0.76343628,0.78536995,78.920386,61.981699,0.83541008,0.8713258,92.303817,80.426697,0.8092415,0.92917256,67.51988,62.73762,0.83099406,0.95131818,49.596938,47.182469
0b_baseline_best,file,13,baseline,6135,105.Whip_poor_Will/Whip_Poor_Will_0044_796407.jpg,105,104,105.Whip_poor_Will,22,21,color_jitter,color_jitter,0,"{""brightness"":1.109725,""contrast"":0.805663,""hue"":0.030511,""saturation"":0.645478}",0.65313458,0.99834156,0.34520698,0.52041197,0.36849001,0.42577004,0.41723707,0.094641924,-0.048747063,-0.14338899,0.90577478,1.3069048,151.03487,197.38819,False,0.97595799,False,True,False,0.90577478,1.3069048,151.03487,197.38819,0.90500857,1.3092826,149.75059,196.06585,0.96245058,1.1605424,19.654313,22.809663,0.84985914,1.4211661,25.652042,36.455814,0.91106519,1.3722333,78.920386,108.29718,0.91773302,1.2986925,92.303817,119.87428,0.89308323,1.2223586,67.51988,82.533508,0.88917415,1.3071308,49.596938,64.829685
0b_baseline_best,file,13,baseline,6135,105.Whip_poor_Will/Whip_Poor_Will_0044_796407.jpg,105,104,105.Whip_poor_Will,22,21,rotation,rotation,0,"{""angle"":5.200094}",0.65313458,1.8494896,1.196355,0.52041197,0.15731744,0.42577004,0.53239059,0.094641924,-0.37507315,-0.46971507,0.86880709,1.3068656,151.03487,197.38228,False,0.9461785,False,True,False,0.86880709,1.3068656,151.03487,197.38228,0.86774924,1.3042233,149.75059,195.30821,0.92888359,1.4520427,19.654313,28.538901,0.83386824,1.3188661,25.652042,33.831609,0.87744974,1.2584751,78.920386,99.319336,0.88391093,1.2916978,92.303817,119.22864,0.84835227,1.3075513,67.51988,88.285709,0.84293478,1.4436366,49.596938,71.599955
0b_baseline_best,file,13,baseline,6135,105.Whip_poor_Will/Whip_Poor_Will_0044_796407.jpg,105,104,105.Whip_poor_Will,22,21,random_resized_crop,random_resized_crop,0,"{""area_fraction"":0.605841,""aspect"":0.819366,""fallback"":false,""height"":0.859885,""left"":0.061714,""top"":0.013551,""width"":0.70456}",0.65313458,0.9965114,0.34337682,0.52041197,0.36916506,0.42577004,0.44015509,0.094641924,-0.070990026,-0.16563195,0.82783205,1.1714297,151.03487,176.92673,False,0.93336803,False,True,False,0.82783205,1.1714297,151.03487,176.92673,0.82614754,1.1712845,149.75059,175.40055,0.92493514,1.1798269,19.654313,23.188686,0.72032253,1.2396069,25.652042,31.798448,0.80380931,1.052288,78.920386,83.046973,0.8620076,1.1573267,92.303817,106.82567,0.82158234,1.246365,67.51988,84.154413,0.81677398,1.3319061,49.596938,66.058462
0b_baseline_best,file,13,baseline,6135,105.Whip_poor_Will/Whip_Poor_Will_0044_796407.jpg,105,104,105.Whip_poor_Will,22,21,gaussian_blur,gaussian_blur,0,"{""sigma"":1.729959}",0.65313458,1.7428581,1.0897235,0.52041197,0.17501947,0.42577004,0.21317351,0.094641924,-0.038154036,-0.13279596,0.55261943,1.0507069,151.03487,158.69338,False,0.91721076,False,True,False,0.55261943,1.0507069,151.03487,158.69338,0.5477789,1.0470739,149.75059,156.79993,0.79725291,1.2435528,19.654313,24.441175,0.23945723,1.1351972,25.652042,29.120127,0.50802897,0.84162739,78.920386,66.421558,0.59251748,0.98420754,92.303817,90.846112,0.52908572,1.1241244,67.51988,75.900744,0.6474153,1.469581,49.596938,72.88672
0b_baseline_best,file,13,baseline,6135,105.Whip_poor_Will/Whip_Poor_Will_0044_796407.jpg,105,104,105.Whip_poor_Will,22,21,random_erasing,random_erasing,0,"{""area_fraction"":0.156328,""erased"":true,""height"":0.411152,""left"":0.186618,""top"":0.583735,""width"":0.38022}",0.65313458,0.252067,-0.40106758,0.52041197,0.77719265,0.42577004,0.20902231,0.094641924,0.56817034,0.47352841,0.93992622,0.42887468,151.03487,64.775032,False,0.95386511,True,True,True,0.93992622,0.42887468,151.03487,64.775032,0.93975482,0.42808693,149.75059,64.106271,0.95341422,0.47235946,19.654313,9.2839005,0.94834495,0.42301272,25.652042,10.85114,0.95101615,0.42894298,78.920386,33.852346,0.9523702,0.40855679,92.303817,37.711351,0.92810137,0.43854783,67.51988,29.610697,0.90194571,0.47153872,49.596938,23.386877
0b_baseline_best,file,13,baseline,1581,028.Brown_Creeper/Brown_Creeper_0121_24574.jpg,28,27,028.Brown_Creeper,190,189,identity,identity,0,{},0.0040794732,0.0040794732,0,0.99592882,0.99592882,0.0011498192,0.0011498192,0.994779,0.994779,0,1,1,0.79529039,0.79529039,False,1,True,True,True,1,1,0.79529039,0.79529039,1,1,0.78562785,0.78562785,1,1,0.12359488,0.12359488,1,1,0.14452824,0.14452824,1,1,0.33380837,0.33380837,1,1,0.47146558,0.47146558,1,1,0.37908638,0.37908638,1,1,0.34483097,0.34483097
0b_baseline_best,file,13,baseline,1581,028.Brown_Creeper/Brown_Creeper_0121_24574.jpg,28,27,028.Brown_Creeper,190,189,horizontal_flip,horizontal_flip,0,"{""flipped"":true}",0.0040794732,0.028184609,0.024105136,0.99592882,0.97220886,0.0011498192,0.010610719,0.994779,0.96159814,-0.033180866,0.74188419,5.8526028,0.79529039,4.6545187,False,0.95426846,True,True,True,0.74188419,5.8526028,0.79529039,4.6545187,0.73625026,5.8131874,0.78562785,4.5670019,0.94197273,7.2685318,0.12359488,0.89835329,0.65238506,4.9211795,0.14452824,0.71124941,0.68930843,6.184087,0.33380837,2.0643,0.76446839,5.5920898,0.47146558,2.6364778,0.72021937,5.8968327,0.37908638,2.235409,0.76804158,5.902156,0.34483097,2.0352462
0b_baseline_best,file,13,baseline,1581,028.Brown_Creeper/Brown_Creeper_0121_24574.jpg,28,27,028.Brown_Creeper,190,189,color_jitter,color_jitter,0,"{""brightness"":0.681426,""contrast"":0.717518,""hue"":-0.030029,""saturation"":0.609149}",0.0040794732,0.011549043,0.0074695703,0.99592882,0.9885174,0.0011498192,0.00041942266,0.994779,0.98809798,-0.0066810238,0.70035632,2.9948515,0.79529039,2.3817766,False,0.92273647,True,True,True,0.70035632,2.9948515,0.79529039,2.3817766,0.69617451,3.0017721,0.78562785,2.3582758,0.89201365,2.7004289,0.12359488,0.33375918,0.46743374,3.491256,0.14452824,0.50458508,0.62012124,3.1832622,0.33380837,1.0625996,0.71043933,2.953658,0.47146558,1.3925481,0.71251922,2.8352663,0.37908638,1.0748108,0.77743202,3.0183845,0.34483097,1.0408324
0b_baseline_best,file,13,baseline,1581,028.Brown_Creeper/Brown_Creeper_0121_24574.jpg,28,27,028.Brown_Creeper,190,189,rotation,rotation,0,"{""angle"":-2.184267}",0.0040794732,0.023772568,0.019693094,0.99592882,0.97650778,0.0011498192,0.0024037668,0.994779,0.97410402,-0.020674989,0.82024638,5.718305,0.79529039,4.5477131,False,0.9667275,True,True,True,0.82024638,5.718305,0.79529039,4.5477131,0.81742358,5.7299473,0.78562785,4.5016062,0.94869115,5.2262509,0.12359488,0.64593784,0.67683042,5.079559,0.14452824,0.73413972,0.75898446,5.8096432,0.33380837,1.9393075,0.84078354,5.9148222,0.47146558,2.7886351,0.81811688,5.6193287,0.37908638,2.130211,0.85252892,5.5406148,0.34483097,1.9105756
0b_baseline_best,file,13,baseline,1581,028.Brown_Creeper/Brown_Creeper_0121_24574.jpg,28,27,028.Brown_Creeper,190,189,random_resized_crop,random_resized_crop,0,"{""area_fraction"":0.703825,""aspect"":0.926399,""fallback"":false,""height"":0.871632,""left"":0.029839,""top"":0.107028,""width"":0.807479}",0.0040794732,0.079831995,0.075752522,0.99592882,0.92327142,0.0011498192,0.0086870948,0.994779,0.91458432,-0.080194682,0.69947814,17.610454,0.79529039,14.005425,False,0.92198765,True,True,True,0.69947814,17.610454,0.79529039,14.005425,0.69502341,17.544698,0.78562785,13.783603,0.8629231,20.088045,0.12359488,2.4827794,0.60694434,15.545955,0.14452824,2.2468294,0.65236969,17.412053,0.33380837,5.812289,0.69769952,17.303631,0.47146558,8.1580664,0.69111103,17.775058,0.37908638,6.7382825,0.74784509,18.156295,0.34483097,6.2608529
0b_baseline_best,file,13,baseline,1581,028.Brown_Creeper/Brown_Creeper_0121_24574.jpg,28,27,028.Brown_Creeper,190,189,gaussian_blur,gaussian_blur,0,"{""sigma"":1.44622}",0.0040794732,0.40988079,0.40580131,0.99592882,0.66372937,0.0011498192,0.0054011503,0.994779,0.65832822,-0.33645079,0.54289197,107.60392,0.79529039,85.576365,False,0.82315487,True,True,True,0.54289197,107.60392,0.79529039,85.576365,0.54002815,108.38228,0.78562785,85.148134,0.77889807,69.180926,0.12359488,8.550408,0.47051071,113.81085,0.14452824,16.448882,0.35745596,113.23942,0.33380837,37.800265,0.57891242,116.72093,0.47146558,55.029898,0.5935237,108.46705,0.37908638,41.118383,0.62592681,83.636296,0.34483097,28.840385
0b_baseline_best,file,13,baseline,1581,028.Brown_Creeper/Brown_Creeper_0121_24574.jpg,28,27,028.Brown_Creeper,190,189,random_erasing,random_erasing,0,"{""area_fraction"":0.123174,""erased"":true,""height"":0.215076,""left"":0.373194,""top"":0.427266,""width"":0.572701}",0.0040794732,0.070498526,0.066419053,0.99592882,0.93192911,0.0011498192,0.0035290746,0.994779,0.92840004,-0.066378968,0.72147876,14.278878,0.79529039,11.355855,False,0.9155544,True,True,True,0.72147876,14.278878,0.79529039,11.355855,0.7174531,14.267913,0.78562785,11.20927,0.87952654,14.715078,0.12359488,1.8187083,0.71332491,11.362903,0.14452824,1.6422604,0.68431409,14.3564,0.33380837,4.7922866,0.72355795,13.570188,0.47146558,6.3978767,0.71188636,14.592966,0.37908638,5.5319945,0.74959248,15.467731,0.34483097,5.3337527
0b_baseline_best,file,13,baseline,8782,150.Sage_Thrasher/Sage_Thrasher_0096_155449.jpg,150,149,150.Sage_Thrasher,131,130,identity,identity,0,{},0.27092841,0.27092841,0,0.76267111,0.76267111,0.055050388,0.055050388,0.70762073,0.70762073,0,1,1,36.760439,36.760439,False,1.0000001,True,True,True,1,1,36.760439,36.760439,1,1,36.103778,36.103778,1,1,6.9171579,6.9171579,1,1,7.2937677,7.2937677,1,1,16.495482,16.495482,1,1,19.0931,19.0931,1,1,18.142657,18.142657,1,1,16.866544,16.866544
0b_baseline_best,file,13,baseline,8782,150.Sage_Thrasher/Sage_Thrasher_0096_155449.jpg,150,149,150.Sage_Thrasher,131,130,horizontal_flip,horizontal_flip,0,"{""flipped"":true}",0.27092841,0.4751482,0.20421979,0.76267111,0.62179291,0.055050388,0.03519085,0.70762073,0.58660206,-0.12101866,0.62230703,1.4305008,36.760439,52.585838,False,0.9582144,True,True,True,0.62230703,1.4305008,36.760439,52.585838,0.61012782,1.429226,36.103778,51.600458,0.94622396,1.4648037,6.9171579,10.132278,0.68303281,1.0502725,7.2937677,7.6604436,0.55516076,1.2355358,16.495482,20.380758,0.62292247,1.4673296,19.0931,28.015871,0.57454136,1.4983596,18.142657,27.184226,0.67905014,1.5285501,16.866544,25.781359
0b_baseline_best,file,13,baseline,8782,150.Sage_Thrasher/Sage_Thrasher_0096_155449.jpg,150,149,150.Sage_Thrasher,131,130,color_jitter,color_jitter,0,"{""brightness"":1.203928,""contrast"":0.770635,""hue"":-0.031211,""saturation"":0.963325}",0.27092841,0.2182229,-0.052705511,0.76267111,0.8039462,0.055050388,0.077794783,0.70762073,0.72615141,0.018530689,0.87947716,0.89496892,36.760439,32.89945,False,0.98822296,True,True,True,0.87947716,0.89496892,36.760439,32.89945,0.87596727,0.89508443,36.103778,32.31593,0.97545207,0.89181638,6.9171579,6.1688347,0.85984002,0.91008218,7.2937677,6.637928,0.85880221,0.82508585,16.495482,13.610189,0.87519615,0.9246486,19.0931,17.654408,0.87194723,0.92410118,18.142657,16.765651,0.90414144,0.88389248,16.866544,14.908212
0b_baseline_best,file,13,baseline,8782,150.Sage_Thrasher/Sage_Thrasher_0096_155449.jpg,150,149,150.Sage_Thrasher,131,130,rotation,rotation,0,"{""angle"":3.749317}",0.27092841,0.22509982,-0.045828596,0.76267111,0.79843652,0.055050388,0.017848905,0.70762073,0.78058762,0.072966892,0.67235398,0.89654674,36.760439,32.957452,False,0.95605898,True,True,True,0.67235398,0.89654674,36.760439,32.957452,0.66341293,0.89786613,36.103778,32.416359,0.92731764,0.85982474,6.9171579,5.9475435,0.52369195,0.75692057,7.2937677,5.5208028,0.52102141,0.82814813,16.495482,13.660703,0.63176942,0.92311814,19.0931,17.625187,0.70717857,0.94893113,18.142657,17.216132,0.8050832,0.89265611,16.866544,15.056024
0b_baseline_best,file,13,baseline,8782,150.Sage_Thrasher/Sage_Thrasher_0096_155449.jpg,150,149,150.Sage_Thrasher,131,130,random_resized_crop,random_resized_crop,0,"{""area_fraction"":0.826589,""aspect"":0.940068,""fallback"":false,""height"":0.937702,""left"":0.103496,""top"":0.009558,""width"":0.881504}",0.27092841,0.2166936,-0.054234818,0.76267111,0.80517662,0.055050388,0.044112526,0.70762073,0.76106409,0.053443365,0.68641859,0.79872279,36.760439,29.3614,False,0.96275699,True,True,True,0.68641859,0.79872279,36.760439,29.3614,0.67669485,0.79951948,36.103778,28.865674,0.95937851,0.77670445,6.9171579,5.3725873,0.63081432,0.74133524,7.2937677,5.407127,0.57481962,0.66626542,16.495482,10.990369,0.64768875,0.81473877,19.0931,15.555889,0.69438294,0.8374551,18.142657,15.193661,0.78630495,0.85993303,16.866544,14.504099
0b_baseline_best,file,13,baseline,8782,150.Sage_Thrasher/Sage_Thrasher_0096_155449.jpg,150,149,150.Sage_Thrasher,131,130,gaussian_blur,gaussian_blur,0,"{""sigma"":1.508416}",0.27092841,2.9467607,2.6758322,0.76267111,0.05250952,0.055050388,0.015996901,0.70762073,0.036512619,-0.67110811,0.32066777,4.5523586,36.760439,167.3467,False,0.76074648,False,True,False,0.32066777,4.5523586,36.760439,167.3467,0.3070652,4.5584686,36.103778,164.57794,0.70634575,4.3826312,6.9171579,30.315352,0.425118,3.9872679,7.2937677,29.082206,0.18644741,4.8353837,16.495482,79.761985,0.2283498,5.0955135,19.0931,97.289149,0.36950754,4.1721988,18.142657,75.694774,0.48294612,4.0574067,16.866544,68.43443
0b_baseline_best,file,13,baseline,8782,150.Sage_Thrasher/Sage_Thrasher_0096_155449.jpg,150,149,150.Sage_Thrasher,131,130,random_erasing,random_erasing,0,"{""area_fraction"":0.136363,""erased"":true,""height"":0.411185,""left"":0.071216,""top"":0.587943,""width"":0.331634}",0.27092841,0.21912165,-0.051806763,0.76267111,0.80322403,0.055050388,0.052381527,0.70762073,0.7508425,0.043221775,0.93032685,0.81139116,36.760439,29.827095,False,0.98695785,True,True,True,0.93032685,0.81139116,36.760439,29.827095,0.92829208,0.81104124,36.103778,29.281653,0.98516125,0.82086634,6.9171579,5.6780621,0.95559412,0.81463444,7.2937677,5.9417543,0.93656669,0.7467789,16.495482,12.318478,0.92422425,0.82067507,19.0931,15.669231,0.92014244,0.82685357,18.142657,15.001321,0.93416074,0.83805624,16.866544,14.135113
0b_baseline_best,file,13,baseline,8635,147.Least_Tern/Least_Tern_0052_154021.jpg,147,146,147.Least_Tern,111,110,identity,identity,0,{},0.6691224,0.6691224,0,0.51215786,0.51215786,0.11529985,0.11529985,0.39685801,0.39685801,0,1,1,81.643664,81.643664,False,1,True,True,True,1,1,81.643664,81.643664,1,1,80.478371,80.478371,1,1,13.744806,13.744806,1,1,16.458238,16.458238,1,1,40.480873,40.480873,1,1,45.184988,45.184988,1,1,38.213702,38.213702,1,1,32.637759,32.637759
0b_baseline_best,file,13,baseline,8635,147.Least_Tern/Least_Tern_0052_154021.jpg,147,146,147.Least_Tern,111,110,horizontal_flip,horizontal_flip,0,"{""flipped"":true}",0.6691224,0.23018087,-0.43894152,0.51215786,0.7943899,0.11529985,0.031099619,0.39685801,0.76329028,0.36643228,0.67007397,0.39402547,81.643664,32.169683,False,0.96869731,True,True,True,0.67007397,0.39402547,81.643664,32.169683,0.66221667,0.39448528,80.478371,31.747532,0.95185158,0.37792364,13.744806,5.1944871,0.65405053,0.34956655,16.458238,5.7532494,0.61383954,0.43101381,40.480873,17.447815,0.64663753,0.38970565,45.184988,17.608845,0.67605852,0.36336771,38.213702,13.885625,0.76523908,0.39653728,32.637759,12.942088
0b_baseline_best,file,13,baseline,8635,147.Least_Tern/Least_Tern_0052_154021.jpg,147,146,147.Least_Tern,111,110,color_jitter,color_jitter,0,"{""brightness"":1.323254,""contrast"":0.625832,""hue"":-0.0043,""saturation"":1.156344}",0.6691224,1.9680954,1.298973,0.51215786,0.13972272,0.11529985,0.12166727,0.39685801,0.018055454,-0.37880255,0.80064755,1.8235401,81.643664,148.8805,False,0.92133796,True,True,True,0.80064755,1.8235401,81.643664,148.8805,0.79800077,1.8267907,80.478371,147.01714,0.89942904,1.7083641,13.744806,23.481134,0.43058255,1.811642,16.458238,29.816435,0.79482087,1.9728453,40.480873,79.862502,0.82840427,1.7999642,45.184988,81.331364,0.83315572,1.7425964,38.213702,66.59106,0.79836111,1.7595208,32.637759,57.426818
0b_baseline_best,file,13,baseline,8635,147.Least_Tern/Least_Tern_0052_154021.jpg,147,146,147.Least_Tern,111,110,rotation,rotation,0,"{""angle"":-12.414751}",0.6691224,1.256065,0.58694261,0.51215786,0.2847724,0.11529985,0.11078482,0.39685801,0.17398757,-0.22287043,0.78627119,1.2548375,81.643664,102.44953,False,0.95449317,True,True,True,0.78627119,1.2548375,81.643664,102.44953,0.78166251,1.2517355,80.478371,100.73763,0.93450686,1.3569028,13.744806,18.650366,0.65087665,0.97657275,16.458238,16.072666,0.83248239,1.3311086,40.480873,53.884437,0.77150077,1.2352072,45.184988,55.812821,0.75895664,1.1719545,38.213702,44.784719,0.78353389,1.3233456,32.637759,43.191036
0b_baseline_best,file,13,baseline,8635,147.Least_Tern/Least_Tern_0052_154021.jpg,147,146,147.Least_Tern,111,110,random_resized_crop,random_resized_crop,0,"{""area_fraction"":0.535683,""aspect"":1.218811,""fallback"":false,""height"":0.662958,""left"":0.186915,""top"":0.221919,""width"":0.80802}",0.6691224,0.40272895,-0.26639345,0.51215786,0.66849327,0.11529985,0.01197525,0.39685801,0.65651802,0.25966001,0.62003585,0.69610873,81.643664,56.832868,False,0.88373947,True,True,True,0.62003585,0.69610873,81.643664,56.832868,0.61435053,0.69773686,80.478371,56.152726,0.83570826,0.63778248,13.744806,8.7661965,0.38156778,0.65966303,16.458238,10.856891,0.61181314,0.62723045,40.480873,25.390836,0.59934595,0.72038244,45.184988,32.550472,0.65918698,0.73190354,38.213702,27.968744,0.64509898,0.71775804,32.637759,23.426014
0b_baseline_best,file,13,baseline,8635,147.Least_Tern/Least_Tern_0052_154021.jpg,147,146,147.Least_Tern,111,110,gaussian_blur,gaussian_blur,0,"{""sigma"":1.291076}",0.6691224,0.69660568,0.027483284,0.51215786,0.49827376,0.11529985,0.046374392,0.39685801,0.45189937,0.055041362,0.71048206,1.1806768,81.643664,96.394782,False,0.93690407,True,True,True,0.71048206,1.1806768,81.643664,96.394782,0.70602175,1.1855479,80.478371,95.410963,0.90200814,0.99942423,13.744806,13.736892,0.61161324,1.1430212,16.458238,18.812114,0.65557451,1.2046244,40.480873,48.764249,0.70426754,1.2114835,45.184988,54.740868,0.74283277,1.1631431,38.213702,44.448004,0.76505671,1.146099,32.637759,37.406103
0b_baseline_best,file,13,baseline,8635,147.Least_Tern/Least_Tern_0052_154021.jpg,147,146,147.Least_Tern,111,110,random_erasing,random_erasing,0,"{""area_fraction"":0.09526,""erased"":true,""height"":0.260603,""left"":0.108439,""top"":0.684659,""width"":0.365536}",0.6691224,0.94482923,0.27570683,0.51215786,0.38874593,0.11529985,0.20714913,0.39685801,0.1815968,-0.21526121,0.81450088,1.3279156,81.643664,108.4159,False,0.95269293,True,True,True,0.81450088,1.3279156,81.643664,108.4159,0.8113639,1.3304328,80.478371,107.07107,0.93205921,1.2385276,13.744806,17.023322,0.85970417,1.2675926,16.458238,20.86234,0.84781539,1.4540354,40.480873,58.860622,0.81009162,1.2908289,45.184988,58.32609,0.7817737,1.2420343,38.213702,47.462728,0.78753246,1.3389645,32.637759,43.700801
0b_baseline_best,file,13,baseline,566,011.Rusty_Blackbird/Rusty_Blackbird_0023_6752.jpg,11,10,011.Rusty_Blackbird,9,8,identity,identity,0,{},0.31421697,0.31421697,0,0.73036057,0.73036057,0.093664169,0.093664169,0.6366964,0.6366964,0,1,1,42.600687,42.600687,False,1,True,True,True,1,1,42.600687,42.600687,1,1,41.547988,41.547988,1,1,9.4118659,9.4118659,1,1,7.9470018,7.9470018,1,1,21.409105,21.409105,1,1,22.31498,22.31498,1,1,18.386779,18.386779,1,1,19.20153,19.20153
0b_baseline_best,file,13,baseline,566,011.Rusty_Blackbird/Rusty_Blackbird_0023_6752.jpg,11,10,011.Rusty_Blackbird,9,8,horizontal_flip,horizontal_flip,0,"{""flipped"":true}",0.31421697,0.40744638,0.093229413,0.73036057,0.6653471,0.093664169,0.10425346,0.6366964,0.56109364,-0.075602755,0.67689559,1.3145508,42.600687,56.000766,False,0.96357286,True,True,True,0.67689559,1.3145508,42.600687,56.000766,0.66393589,1.3161497,41.547988,54.683371,0.93617949,1.2829952,9.4118659,12.075378,0.66397928,1.2634225,7.9470018,10.040421,0.70580985,1.1774661,21.409105,25.208495,0.65158823,1.4232255,22.31498,31.759249,0.59158378,1.3239303,18.386779,24.342814,0.70931935,1.3305904,19.20153,25.54937
0b_baseline_best,file,13,baseline,566,011.Rusty_Blackbird/Rusty_Blackbird_0023_6752.jpg,11,10,011.Rusty_Blackbird,9,8,color_jitter,color_jitter,0,"{""brightness"":0.805795,""contrast"":0.844341,""hue"":0.085749,""saturation"":0.786497}",0.31421697,3.8303204,3.5161034,0.73036057,0.02170266,0.093664169,0.35390797,0.6366964,-0.33220531,-0.96890171,0.61116255,2.6019616,42.600687,110.84535,False,0.86677045,False,True,False,0.61116255,2.6019616,42.600687,110.84535,0.59767875,2.5738618,41.547988,106.93878,0.83933958,3.0990971,9.4118659,29.168287,0.54070726,2.3426431,7.9470018,18.616989,0.67271259,2.5658247,21.409105,54.932011,0.5503661,2.6101113,22.31498,58.244582,0.56881213,2.4795897,18.386779,45.591666,0.60481301,2.6559124,19.20153,50.997581
0b_baseline_best,file,13,baseline,566,011.Rusty_Blackbird/Rusty_Blackbird_0023_6752.jpg,11,10,011.Rusty_Blackbird,9,8,rotation,rotation,0,"{""angle"":-11.41031}",0.31421697,1.2991551,0.98493814,0.73036057,0.27276212,0.093664169,0.35375881,0.6366964,-0.080996692,-0.71769309,0.8056967,2.5966052,42.600687,110.61717,False,0.96418625,False,True,False,0.8056967,2.5966052,42.600687,110.61717,0.79783783,2.5887316,41.547988,107.55659,0.95141876,2.7455357,9.4118659,25.840614,0.76286351,2.3236992,7.9470018,18.466442,0.83544014,2.4858098,21.409105,53.218963,0.80870528,2.5501229,22.31498,56.905941,0.74857504,2.6431376,18.386779,48.598787,0.7936503,2.7533219,19.20153,52.867993
0b_baseline_best,file,13,baseline,566,011.Rusty_Blackbird/Rusty_Blackbird_0023_6752.jpg,11,10,011.Rusty_Blackbird,9,8,random_resized_crop,random_resized_crop,0,"{""area_fraction"":0.837933,""aspect"":1.077449,""fallback"":false,""height"":0.881873,""left"":0.027804,""top"":0.110083,""width"":0.950174}",0.31421697,2.2752206,1.9610037,0.73036057,0.10277423,0.093664169,0.011417057,0.6366964,0.091357175,-0.54533922,0.72189656,4.0888071,42.600687,174.18599,False,0.92000639,False,True,False,0.72189656,4.0888071,42.600687,174.18599,0.71711567,4.1264808,41.547988,171.44698,0.85838741,3.269108,9.4118659,30.768406,0.77817946,4.182146,7.9470018,33.235522,0.79421451,3.8602168,21.409105,82.643788,0.71132894,4.3762636,22.31498,97.656233,0.66427556,4.1963406,18.386779,77.157186,0.67738225,4.0237697,19.20153,77.262533
0b_baseline_best,file,13,baseline,566,011.Rusty_Blackbird/Rusty_Blackbird_0023_6752.jpg,11,10,011.Rusty_Blackbird,9,8,gaussian_blur,gaussian_blur,0,"{""sigma"":1.940434}",0.31421697,6.9865408,6.6723238,0.73036057,0.00092423812,0.093664169,0.0020447199,0.6366964,-0.0011204818,-0.63781688,0.2986203,2.9063745,42.600687,123.81355,False,0.61988103,False,True,False,0.2986203,2.9063745,42.600687,123.81355,0.28720864,2.9187529,41.547988,121.26831,0.54451117,2.653654,9.4118659,24.975836,0.088508083,2.6023051,7.9470018,20.680524,0.18667288,2.1474369,21.409105,45.974702,0.38274123,3.2501261,22.31498,72.526498,0.29358134,3.1872997,18.386779,58.604174,0.27673428,3.067859,19.20153,58.907585
0b_baseline_best,file,13,baseline,566,011.Rusty_Blackbird/Rusty_Blackbird_0023_6752.jpg,11,10,011.Rusty_Blackbird,9,8,random_erasing,random_erasing,0,"{""area_fraction"":0.162141,""erased"":true,""height"":0.36726,""left"":0.041927,""top"":0.390421,""width"":0.441489}",0.31421697,0.39720348,0.082986504,0.73036057,0.67219722,0.093664169,0.13097143,0.6366964,0.54122579,-0.095470607,0.78473247,1.1543419,42.600687,49.175759,False,0.9522891,True,True,True,0.78473247,1.1543419,42.600687,49.175759,0.77718844,1.1569349,41.547988,48.068316,0.93985513,1.1025966,9.4118659,10.377491,0.65210526,0.96491527,7.9470018,7.6681834,0.7823084,1.0387872,21.409105,22.239505,0.79599987,1.1489895,22.31498,25.639677,0.76320944,1.2547341,18.386779,23.070518,0.78866037,1.2406706,19.20153,23.822773
0b_baseline_best,file,13,baseline,8751,149.Brown_Thrasher/Brown_Thrasher_0085_155445.jpg,149,148,149.Brown_Thrasher,99,98,identity,identity,0,{},0.019099142,0.019099142,0,0.98108208,0.98108208,0.014156605,0.014156605,0.96692548,0.96692548,0,1,1,3.4972995,3.4972995,False,1,True,True,True,1,1,3.4972995,3.4972995,1,1,3.4177458,3.4177458,1,1,0.74169873,0.74169873,1,1,0.91663653,0.91663653,1,1,1.6221012,1.6221012,1,1,1.6532057,1.6532057,1,1,1.583654,1.583654,1,1,1.7229343,1.7229343
0b_baseline_best,file,13,baseline,8751,149.Brown_Thrasher/Brown_Thrasher_0085_155445.jpg,149,148,149.Brown_Thrasher,99,98,horizontal_flip,horizontal_flip,0,"{""flipped"":true}",0.019099142,0.014939334,-0.0041598082,0.98108208,0.98517168,0.014156605,0.0054998551,0.96692548,0.97967182,0.012746344,0.69467795,0.6219926,3.4972995,2.1752944,False,0.97678864,True,True,True,0.69467795,0.6219926,3.4972995,2.1752944,0.68333584,0.62113443,3.4177458,2.1228796,0.92872855,0.63994318,0.74169873,0.47464504,0.72243296,0.50579067,0.91663653,0.4636262,0.71225775,0.54651945,1.6221012,0.88650987,0.64988719,0.60015035,1.6532057,0.99217198,0.63275796,0.66119355,1.583654,1.0471018,0.73487871,0.69283494,1.7229343,1.1937091
0b_baseline_best,file,13,baseline,8751,149.Brown_Thrasher/Brown_Thrasher_0085_155445.jpg,149,148,149.Brown_Thrasher,99,98,color_jitter,color_jitter,0,"{""brightness"":0.706158,""contrast"":1.201856,""hue"":0.03405,""saturation"":0.813234}",0.019099142,0.067145631,0.048046488,0.98108208,0.93505901,0.014156605,0.055447903,0.96692548,0.87961111,-0.087314368,0.88938625,3.7612238,3.4972995,13.154126,False,0.98786736,True,True,True,0.88938625,3.7612238,3.4972995,13.154126,0.88528428,3.7728046,3.4177458,12.894487,0.98539357,3.5063035,0.74169873,2.6006208,0.86881074,4.259078,0.91663653,3.9040265,0.89940471,4.0413608,1.6221012,6.5554963,0.88328543,3.8586692,1.6532057,6.379174,0.87918922,3.6218263,1.583654,5.7357197,0.89383342,3.4071073,1.7229343,5.870222
0b_baseline_best,file,13,baseline,8751,149.Brown_Thrasher/Brown_Thrasher_0085_155445.jpg,149,148,149.Brown_Thrasher,99,98,rotation,rotation,0,"{""angle"":1.970062}",0.019099142,0.024494624,0.0053954814,0.98108208,0.97580296,0.014156605,0.019626264,0.96692548,0.95617669,-0.010748782,0.89556334,1.3608599,3.4972995,4.7593346,False,0.99019134,True,True,True,0.89556334,1.3608599,3.4972995,4.7593346,0.89154656,1.3647328,3.4177458,4.66431,0.98874188,1.2758507,0.74169873,0.94629686,0.88093966,1.1188408,0.91663653,1.0255703,0.90087838,1.4798796,1.6221012,2.4005145,0.87763525,1.3976351,1.6532057,2.3105783,0.87213869,1.3516743,1.583654,2.1405844,0.92409656,1.3005027,1.7229343,2.2406807
0b_baseline_best,file,13,baseline,8751,149.Brown_Thrasher/Brown_Thrasher_0085_155445.jpg,149,148,149.Brown_Thrasher,99,98,random_resized_crop,random_resized_crop,0,"{""area_fraction"":0.787639,""aspect"":1.216014,""fallback"":false,""height"":0.804811,""left"":0.019327,""top"":0.186687,""width"":0.978662}",0.019099142,0.038075384,0.018976241,0.98108208,0.96264035,0.014156605,0.029868996,0.96692548,0.93277135,-0.034154127,0.80791668,2.2130065,3.4972995,7.7395463,False,0.98132861,True,True,True,0.80791668,2.2130065,3.4972995,7.7395463,0.80096242,2.2237923,3.4177458,7.600357,0.98029274,1.970093,0.74169873,1.4612154,0.74364127,1.9993367,0.91663653,1.832665,0.83897538,2.3767462,1.6221012,3.8553229,0.79127546,2.4326335,1.6532057,4.0216435,0.77245271,2.1664005,1.583654,3.4308288,0.82689637,1.9767077,1.7229343,3.4057375
0b_baseline_best,file,13,baseline,8751,149.Brown_Thrasher/Brown_Thrasher_0085_155445.jpg,149,148,149.Brown_Thrasher,99,98,gaussian_blur,gaussian_blur,0,"{""sigma"":1.831011}",0.019099142,0.021723304,0.0026241615,0.98108208,0.97851098,0.014156605,0.0063233739,0.96692548,0.9721876,0.0052621253,0.47061295,1.0101616,3.4972995,3.5328375,False,0.90753448,True,True,True,0.47061295,1.0101616,3.4972995,3.5328375,0.45416234,1.0109258,3.4177458,3.4550876,0.82600659,0.99379396,0.74169873,0.73709572,-0.24463675,0.90600239,0.91663653,0.83047488,0.36116115,0.89318635,1.6221012,1.4488387,0.55146343,1.1084807,1.6532057,1.8325466,0.50341491,1.08663,1.583654,1.720846,0.57205623,0.97626675,1.7229343,1.6820435
0b_baseline_best,file,13,baseline,8751,149.Brown_Thrasher/Brown_Thrasher_0085_155445.jpg,149,148,149.Brown_Thrasher,99,98,random_erasing,random_erasing,0,"{""area_fraction"":0.195298,""erased"":true,""height"":0.588784,""left"":0.582559,""top"":0.098564,""width"":0.331697}",0.019099142,0.15169041,0.13259127,0.98108208,0.85925424,0.014156605,0.10479131,0.96692548,0.75446294,-0.21246254,0.89365928,7.0300631,3.4972995,24.586236,False,0.97404861,True,True,True,0.89365928,7.0300631,3.4972995,24.586236,0.89019676,7.0493071,3.4177458,24.09274,0.97387581,6.6082263,0.74169873,4.901313,0.9317926,6.7117757,0.91663653,6.1522588,0.92558901,7.8588666,1.6221012,12.747877,0.89579019,6.9478138,1.6532057,11.486166,0.84957706,6.7747546,1.583654,10.728867,0.87860791,6.6950909,1.7229343,11.535202
0b_baseline_best,file,13,baseline,6529,112.Great_Grey_Shrike/Great_Grey_Shrike_0089_797036.jpg,112,111,112.Great_Grey_Shrike,115,114,identity,identity,0,{},1.4657953,1.4657953,0,0.2308943,0.2308943,0.18275791,0.18275791,0.048136383,0.048136383,0,1,1,192.45691,192.45691,False,1,True,True,True,1,1,192.45691,192.45691,1,1,190.93317,190.93317,1,1,24.169992,24.169992,1,1,46.274187,46.274187,1,1,115.37603,115.37603,1,1,100.306,100.306,1,1,79.442693,79.442693,1,1,68.044912,68.044912
0b_baseline_best,file,13,baseline,6529,112.Great_Grey_Shrike/Great_Grey_Shrike_0089_797036.jpg,112,111,112.Great_Grey_Shrike,115,114,horizontal_flip,horizontal_flip,0,"{""flipped"":true}",1.4657953,2.7475936,1.2817984,0.2308943,0.064081885,0.18275791,0.39896867,0.048136383,-0.33488678,-0.38302317,0.68870851,1.0886074,192.45691,209.51002,False,0.94317818,False,True,False,0.68870851,1.0886074,192.45691,209.51002,0.68449734,1.0859497,190.93317,207.34381,0.92444614,1.243271,24.169992,30.04985,0.4421771,1.1961309,46.274187,55.349985,0.73730016,1.0555666,115.37603,121.78709,0.67739418,1.0687946,100.306,107.20651,0.64795621,1.0990034,79.442693,87.307788,0.72736989,1.1364482,68.044912,77.32952
0b_baseline_best,file,13,baseline,6529,112.Great_Grey_Shrike/Great_Grey_Shrike_0089_797036.jpg,112,111,112.Great_Grey_Shrike,115,114,color_jitter,color_jitter,0,"{""brightness"":1.132205,""contrast"":1.222555,""hue"":0.027523,""saturation"":0.777003}",1.4657953,0.8082841,-0.65751117,0.2308943,0.44562206,0.18275791,0.11617147,0.048136383,0.32945058,0.2813142,0.81997251,0.60336765,192.45691,116.12228,False,0.95038569,True,True,True,0.81997251,0.60336765,192.45691,116.12228,0.81811402,0.60099231,190.93317,114.74937,0.93129687,0.7365968,24.169992,17.803538,0.64576426,0.47924894,46.274187,22.176855,0.83280692,0.52996853,115.37603,61.145667,0.82313441,0.63408268,100.306,63.602297,0.82485045,0.65203793,79.442693,51.799649,0.85713525,0.6906195,68.044912,46.993143
0b_baseline_best,file,13,baseline,6529,112.Great_Grey_Shrike/Great_Grey_Shrike_0089_797036.jpg,112,111,112.Great_Grey_Shrike,115,114,rotation,rotation,0,"{""angle"":-13.903082}",1.4657953,2.4859357,1.0201404,0.2308943,0.083247624,0.18275791,0.17701997,0.048136383,-0.093772344,-0.14190873,0.78835138,0.91066474,192.45691,175.26373,False,0.93978882,False,True,False,0.78835138,0.91066474,192.45691,175.26373,0.78587095,0.90806811,190.93317,173.38032,0.9302287,1.0601962,24.169992,25.624934,0.68544351,0.75148823,46.274187,34.774507,0.85413226,0.88769794,115.37603,102.41907,0.77880708,0.87664356,100.306,87.932609,0.72471988,0.97509688,79.442693,77.464323,0.7539388,0.99987356,68.044912,68.036308
0b_baseline_best,file,13,baseline,6529,112.Great_Grey_Shrike/Great_Grey_Shrike_0089_797036.jpg,112,111,112.Great_Grey_Shrike,115,114,random_resized_crop,random_resized_crop,0,"{""area_fraction"":0.507996,""aspect"":1.306907,""fallback"":false,""height"":0.623459,""left"":0.16627,""top"":0.287295,""width"":0.814803}",1.4657953,1.9687644,0.50296915,0.2308943,0.13962926,0.18275791,0.019244635,0.048136383,0.12038462,0.072248241,0.53967985,0.71924137,192.45691,138.42297,False,0.82340848,True,True,True,0.53967985,0.71924137,192.45691,138.42297,0.53486608,0.71627079,190.93317,136.75985,0.79466977,0.88510778,24.169992,21.393048,0.46434063,0.58348586,46.274187,27.000334,0.50733411,0.58503856,115.37603,67.499429,0.51238929,0.75633299,100.306,75.864737,0.57017095,0.80972577,79.442693,64.326796,0.64914197,0.87249638,68.044912,59.36894
0b_baseline_best,file,13,baseline,6529,112.Great_Grey_Shrike/Great_Grey_Shrike_0089_797036.jpg,112,111,112.Great_Grey_Shrike,115,114,gaussian_blur,gaussian_blur,0,"{""sigma"":1.730684}",1.4657953,3.8943987,2.4286034,0.2308943,0.020355606,0.18275791,0.22332375,0.048136383,-0.20296814,-0.25110452,0.52106326,0.77725802,192.45691,149.58868,False,0.87920362,False,True,False,0.52106326,0.77725802,192.45691,149.58868,0.51377273,0.76973558,190.93317,146.96805,0.86682645,1.1534002,24.169992,27.877673,0.56366241,0.79979678,46.274187,37.009946,0.33716365,0.54886361,115.37603,63.325706,0.53945117,0.73137308,100.306,73.361108,0.60562549,0.93068391,79.442693,73.936037,0.69409734,1.0770741,68.044912,73.28941
0b_baseline_best,file,13,baseline,6529,112.Great_Grey_Shrike/Great_Grey_Shrike_0089_797036.jpg,112,111,112.Great_Grey_Shrike,115,114,random_erasing,random_erasing,0,"{""area_fraction"":0.082994,""erased"":true,""height"":0.261166,""left"":0.145139,""top"":0.429813,""width"":0.317784}",1.4657953,2.5418198,1.0760245,0.2308943,0.078723013,0.18275791,0.52806652,0.048136383,-0.4493435,-0.49747989,0.85285605,1.236786,192.45691,238.02801,False,0.96441984,False,True,False,0.85285605,1.236786,192.45691,238.02801,0.85173508,1.2353719,190.93317,235.87347,0.92015125,1.3220406,24.169992,31.953711,0.78391152,1.2276512,46.274187,56.80856,0.90378232,1.186294,115.37603,136.8699,0.84088172,1.2762904,100.306,128.01959,0.81514525,1.2429756,79.442693,98.745326,0.81828779,1.2757821,68.044912,86.810481
0b_baseline_best,file,13,baseline,4639,080.Green_Kingfisher/Green_Kingfisher_0042_71028.jpg,80,79,080.Green_Kingfisher,79,78,identity,identity,0,{},0.010083567,0.010083567,0,0.98996711,0.98996711,0.0035578061,0.0035578061,0.9864093,0.9864093,0,1,1,1.6595741,1.6595741,False,0.99999994,True,True,True,1,1,1.6595741,1.6595741,1,1,1.6265043,1.6265043,1,1,0.32965117,0.32965117,1,1,0.33696066,0.33696066,1,1,0.69935169,0.69935169,1,1,0.95741872,0.95741872,1,1,0.7979336,0.7979336,1,1,0.69966581,0.69966581
0b_baseline_best,file,13,baseline,4639,080.Green_Kingfisher/Green_Kingfisher_0042_71028.jpg,80,79,080.Green_Kingfisher,79,78,horizontal_flip,horizontal_flip,0,"{""flipped"":true}",0.010083567,0.092126586,0.082043018,0.98996711,0.91198969,0.0035578061,0.0079479059,0.9864093,0.90404178,-0.082367519,0.4987613,9.4960899,1.6595741,15.759465,False,0.93664622,True,True,True,0.4987613,9.4960899,1.6595741,15.759465,0.48650313,9.5487473,1.6265043,15.531078,0.85659502,8.1093646,0.32965117,2.6732615,0.63045987,9.9065439,0.33696066,3.3381156,0.44132754,9.3867564,0.69935169,6.564644,0.43832636,9.7846242,0.95741872,9.3679825,0.46313665,9.5982088,0.7979336,7.6587333,0.62673839,9.1026228,0.69966581,6.368794
0b_baseline_best,file,13,baseline,4639,080.Green_Kingfisher/Green_Kingfisher_0042_71028.jpg,80,79,080.Green_Kingfisher,79,78,color_jitter,color_jitter,0,"{""brightness"":0.829961,""contrast"":0.841242,""hue"":-0.086155,""saturation"":1.199282}",0.010083567,0.15352337,0.1434398,0.98996711,0.85768074,0.0035578061,0.0027888305,0.9864093,0.85489191,-0.13151739,0.70191794,19.384251,1.6595741,32.1696,False,0.93456149,True,True,True,0.70191794,19.384251,1.6595741,32.1696,0.69937018,19.606653,1.6265043,31.890305,0.85898352,12.831285,0.32965117,4.2298482,0.70265319,23.854168,0.33696066,8.0379163,0.66534972,25.499093,0.69935169,17.832834,0.74436185,18.784308,0.95741872,17.984448,0.70561794,17.072311,0.7979336,13.62257,0.71336012,16.002454,0.69966581,11.19637
0b_baseline_best,file,13,baseline,4639,080.Green_Kingfisher/Green_Kingfisher_0042_71028.jpg,80,79,080.Green_Kingfisher,79,78,rotation,rotation,0,"{""angle"":-3.894026}",0.010083567,0.19462508,0.18454151,0.98996711,0.82314318,0.0035578061,0.021093758,0.9864093,0.80204943,-0.18435988,0.75354092,21.655515,1.6595741,35.938931,False,0.94067204,True,True,True,0.75354092,21.655515,1.6595741,35.938931,0.74956162,21.825965,1.6265043,35.500025,0.90107127,16.986296,0.32965117,5.5995523,0.75112407,21.19946,0.33696066,7.1433841,0.7625282,26.514826,0.69935169,18.543189,0.7387397,21.621651,0.95741872,20.700974,0.7628143,20.536548,0.7979336,16.386802,0.76764427,18.542683,0.69966581,12.973681
0b_baseline_best,file,13,baseline,4639,080.Green_Kingfisher/Green_Kingfisher_0042_71028.jpg,80,79,080.Green_Kingfisher,79,78,random_resized_crop,random_resized_crop,0,"{""area_fraction"":0.705783,""aspect"":0.924766,""fallback"":false,""height"":0.873614,""left"":0.146528,""top"":0.03514,""width"":0.807889}",0.010083567,0.046284951,0.036201384,0.98996711,0.95476985,0.0035578061,0.0056076581,0.9864093,0.94916219,-0.03724711,0.70992776,5.025935,1.6595741,8.3409114,False,0.96089023,True,True,True,0.70992776,5.025935,1.6595741,8.3409114,0.70281772,5.0573405,1.6265043,8.225786,0.93108259,4.1893718,0.32965117,1.3810313,0.67754348,5.7840225,0.33696066,1.948988,0.68611735,5.7727716,0.69935169,4.0371976,0.70978487,4.7764968,0.95741872,4.5731074,0.69506059,4.9803794,0.7979336,3.974012,0.74132795,4.7100261,0.69966581,3.2954443
0b_baseline_best,file,13,baseline,4639,080.Green_Kingfisher/Green_Kingfisher_0042_71028.jpg,80,79,080.Green_Kingfisher,79,78,gaussian_blur,gaussian_blur,0,"{""sigma"":1.44674}",0.010083567,3.4795203,3.4694368,0.98996711,0.030822197,0.0035578061,0.0053736675,0.9864093,0.02544853,-0.96096077,0.45212973,129.15758,1.6595741,214.34656,False,0.69101131,False,True,False,0.45212973,129.15758,1.6595741,214.34656,0.44931126,130.89291,1.6265043,212.89788,0.63968438,75.469176,0.32965117,24.878502,0.49681913,195.23562,0.33696066,65.786723,0.39304291,158.61643,0.69935169,110.92867,0.49226176,128.0333,0.95741872,122.58148,0.43732019,115.34612,0.7979336,92.038541,0.47972617,103.01672,0.69966581,72.077277
0b_baseline_best,file,13,baseline,4639,080.Green_Kingfisher/Green_Kingfisher_0042_71028.jpg,80,79,080.Green_Kingfisher,79,78,random_erasing,random_erasing,0,"{""area_fraction"":0.197162,""erased"":true,""height"":0.618585,""left"":0.665692,""top"":0.238952,""width"":0.318731}",0.010083567,0.015016021,0.0049324539,0.98996711,0.98509616,0.0035578061,0.0061822273,0.9864093,0.97891393,-0.0074953723,0.89279959,1.5600909,1.6595741,2.5890865,False,0.98402166,True,True,True,0.89279959,1.5600909,1.6595741,2.5890865,0.88936476,1.5615245,1.6265043,2.5398263,0.97867771,1.5247749,0.32965117,0.50264382,0.93395241,1.4616146,0.33696066,0.49250664,0.90270699,1.8153627,0.69935169,1.269577,0.89390586,1.5095573,0.95741872,1.4452785,0.88173481,1.4675821,0.7979336,1.171033,0.88052053,1.5234674,0.69966581,1.065918
0b_baseline_best,file,13,baseline,10452,178.Swainson_Warbler/Swainson_Warbler_0036_174699.jpg,178,177,178.Swainson_Warbler,181,180,identity,identity,0,{},0.0091104284,0.0091104284,0,0.99093097,0.99093097,0.0052094534,0.0052094534,0.98572152,0.98572152,0,1,1,1.6805524,1.6805524,False,0.99999988,True,True,True,1,1,1.6805524,1.6805524,1,1,1.6522262,1.6522262,1,1,0.30725386,0.30725386,1,1,0.42282168,0.42282168,1,1,0.79224795,0.79224795,1,1,0.87862233,0.87862233,1,1,0.78981649,0.78981649,1,1,0.72638087,0.72638087
0b_baseline_best,file,13,baseline,10452,178.Swainson_Warbler/Swainson_Warbler_0036_174699.jpg,178,177,178.Swainson_Warbler,181,180,horizontal_flip,horizontal_flip,0,"{""flipped"":true}",0.0091104284,0.011095491,0.0019850628,0.99093097,0.98896581,0.0052094534,0.00078891264,0.98572152,0.9881769,0.0024553756,0.36087298,1.098719,1.6805524,1.8464549,False,0.94862473,True,True,True,0.36087298,1.098719,1.6805524,1.8464549,0.34467455,1.0981593,1.6522262,1.8144075,0.8223275,1.114784,0.30725386,0.34252168,0.23057067,1.0276972,0.42282168,0.43453265,0.33122699,1.0651107,0.79224795,0.84383174,0.27682253,1.1048488,0.87862233,0.97074483,0.2713821,1.0987621,0.78981649,0.86782044,0.57330426,1.148315,0.72638087,0.83411403
0b_baseline_best,file,13,baseline,10452,178.Swainson_Warbler/Swainson_Warbler_0036_174699.jpg,178,177,178.Swainson_Warbler,181,180,color_jitter,color_jitter,0,"{""brightness"":0.692705,""contrast"":1.265763,""hue"":0.077558,""saturation"":1.209515}",0.0091104284,0.03989112,0.030780692,0.99093097,0.96089405,0.0052094534,0.014944471,0.98572152,0.94594958,-0.039771944,0.69965009,3.5425074,1.6805524,5.9533692,False,0.95200443,True,True,True,0.69965009,3.5425074,1.6805524,5.9533692,0.69080243,3.5300363,1.6522262,5.8324184,0.93517579,3.8858529,0.30725386,1.1939433,0.25141463,3.7458063,0.42282168,1.5838081,0.68043999,3.2713261,0.79224795,2.5917014,0.71731902,3.3838382,0.87862233,2.9731158,0.73127637,3.4502361,0.78981649,2.7250534,0.77494055,4.0199313,0.72638087,2.9200012
0b_baseline_best,file,13,baseline,10452,178.Swainson_Warbler/Swainson_Warbler_0036_174699.jpg,178,177,178.Swainson_Warbler,181,180,rotation,rotation,0,"{""angle"":-2.298586}",0.0091104284,0.014120079,0.0050096503,0.99093097,0.98597914,0.0052094534,0.0098279901,0.98572152,0.97615115,-0.0095703714,0.858935,1.7192592,1.6805524,2.8893052,False,0.98636556,True,True,True,0.858935,1.7192592,1.6805524,2.8893052,0.85476073,1.7199413,1.6522262,2.8417321,0.98115762,1.6994167,0.30725386,0.52215233,0.83447519,1.4802106,0.42282168,0.62586515,0.78088757,1.4705122,0.79224795,1.1650102,0.85766602,1.8815983,0.87862233,1.6532143,0.88550086,1.7799944,0.78981649,1.4058689,0.91230365,1.7505608,0.72638087,1.2715739
0b_baseline_best,file,13,baseline,10452,178.Swainson_Warbler/Swainson_Warbler_0036_174699.jpg,178,177,178.Swainson_Warbler,181,180,random_resized_crop,random_resized_crop,0,"{""area_fraction"":0.605657,""aspect"":1.137707,""fallback"":false,""height"":0.729622,""left"":0.087121,""top"":0.244315,""width"":0.830097}",0.0091104284,0.75132012,0.7422097,0.99093097,0.4717434,0.0052094534,0.089965269,0.98572152,0.38177814,-0.60394339,0.4772108,50.850148,1.6805524,85.456337,False,0.84380293,True,True,True,0.4772108,50.850148,1.6805524,85.456337,0.46829842,51.059978,1.6522262,84.362633,0.77847758,44.355326,0.30725386,13.628345,0.22373479,42.732061,0.42282168,18.068042,0.4251701,49.151364,0.79224795,38.940068,0.48020408,50.796039,0.87862233,44.630534,0.48880756,53.603125,0.78981649,42.336632,0.54472133,53.140806,0.72638087,38.600465
0b_baseline_best,file,13,baseline,10452,178.Swainson_Warbler/Swainson_Warbler_0036_174699.jpg,178,177,178.Swainson_Warbler,181,180,gaussian_blur,gaussian_blur,0,"{""sigma"":1.588824}",0.0091104284,1.2830266,1.2739161,0.99093097,0.27719703,0.0052094534,0.49883696,0.98572152,-0.22163993,-1.2073615,0.54344751,70.229647,1.6805524,118.0246,False,0.77452385,False,True,False,0.54344751,70.229647,1.6805524,118.0246,0.53548119,70.148837,1.6522262,115.90175,0.7665418,72.52745,0.30725386,22.284339,0.37490262,61.800921,0.42282168,26.130769,0.49500144,68.577151,0.79224795,54.330107,0.54673757,73.879677,0.87862233,64.912334,0.56774181,67.863106,0.78981649,53.5994,0.57832132,71.695333,0.72638087,52.078118
0b_baseline_best,file,13,baseline,10452,178.Swainson_Warbler/Swainson_Warbler_0036_174699.jpg,178,177,178.Swainson_Warbler,181,180,random_erasing,random_erasing,0,"{""area_fraction"":0.185378,""erased"":true,""height"":0.241327,""left"":0.211076,""top"":0.37596,""width"":0.768162}",0.0091104284,0.51779509,0.50868466,0.99093097,0.59583282,0.0052094534,0.30132702,0.98572152,0.2945058,-0.69121572,0.71579371,42.465339,1.6805524,71.365227,False,0.89892757,True,True,True,0.71579371,42.465339,1.6805524,71.365227,0.70947309,42.36834,1.6522262,70.002082,0.88861397,45.180209,0.30725386,13.881793,0.72879545,40.437015,0.42282168,17.097646,0.69422821,42.473499,0.79224795,33.649543,0.73152053,41.926131,0.87862233,36.837235,0.69093491,42.820155,0.78981649,33.820064,0.71202911,42.984686,0.72638087,31.223254
0b_baseline_best,file,13,baseline,8335,142.Black_Tern/Black_Tern_0055_144607.jpg,142,141,142.Black_Tern,141,140,identity,identity,0,{},0.0073989411,0.0073989411,0,0.99262834,0.99262834,0.00083480339,0.00083480339,0.99179353,0.99179353,0,1,1,1.3968797,1.3968797,False,0.99999982,True,True,True,1,1,1.3968797,1.3968797,1,1,1.3751002,1.3751002,1,1,0.24570757,0.24570757,1,1,0.35279088,0.35279088,1,1,0.5726213,0.5726213,1,1,0.75427713,0.75427713,1,1,0.66850651,0.66850651,1,1,0.65016084,0.65016084
0b_baseline_best,file,13,baseline,8335,142.Black_Tern/Black_Tern_0055_144607.jpg,142,141,142.Black_Tern,141,140,horizontal_flip,horizontal_flip,0,"{""flipped"":true}",0.0073989411,0.0071646194,-0.00023432169,0.99262834,0.99286097,0.00083480339,0.0023097447,0.99179353,0.99055123,-0.0012423044,0.60216167,0.97581834,1.3968797,1.3631008,False,0.96833622,True,True,True,0.60216167,0.97581834,1.3968797,1.3631008,0.5904062,0.97312335,1.3751002,1.3381421,0.94319215,1.0567541,0.24570757,0.25965247,0.47892848,0.74532712,0.35279088,0.26294461,0.50237226,1.0356996,0.5726213,0.59306366,0.60864055,0.96351693,0.75427713,0.72675878,0.58622643,1.010635,0.66850651,0.67561606,0.67648137,0.95450858,0.65016084,0.6205841
0b_baseline_best,file,13,baseline,8335,142.Black_Tern/Black_Tern_0055_144607.jpg,142,141,142.Black_Tern,141,140,color_jitter,color_jitter,0,"{""brightness"":1.032771,""contrast"":1.242104,""hue"":0.077679,""saturation"":0.969344}",0.0073989411,0.082171388,0.074772447,0.99262834,0.92111409,0.00083480339,0.0042331945,0.99179353,0.91688089,-0.07491264,0.65576157,9.1444849,1.3968797,12.773745,False,0.91324836,True,True,True,0.65576157,9.1444849,1.3968797,12.773745,0.64802284,9.1423268,1.3751002,12.571616,0.89633385,9.2118218,0.24570757,2.2634143,0.50092161,7.5539055,0.35279088,2.664949,0.55282671,8.4763254,0.5726213,4.8537245,0.65978328,8.8678101,0.75427713,6.6887863,0.65409783,9.7199374,0.66850651,6.4978414,0.73180327,9.7789921,0.65016084,6.3579178
0b_baseline_best,file,13,baseline,8335,142.Black_Tern/Black_Tern_0055_144607.jpg,142,141,142.Black_Tern,141,140,rotation,rotation,0,"{""angle"":10.343033}",0.0073989411,0.010805194,0.0034062532,0.99262834,0.98925298,0.00083480339,0.00040049406,0.99179353,0.98885249,-0.0029410421,0.70136142,1.2761828,1.3968797,1.7826738,False,0.95578349,True,True,True,0.70136142,1.2761828,1.3968797,1.7826738,0.69291338,1.2683026,1.3751002,1.7440432,0.93446008,1.5022182,0.24570757,0.36910637,0.63540085,0.9273023,0.35279088,0.3271438,0.68731732,1.3419848,0.5726213,0.76844906,0.70041731,1.1758077,0.75427713,0.88688486,0.65139514,1.2827716,0.66850651,0.85754117,0.75316432,1.3946654,0.65016084,0.9067568
0b_baseline_best,file,13,baseline,8335,142.Black_Tern/Black_Tern_0055_144607.jpg,142,141,142.Black_Tern,141,140,random_resized_crop,random_resized_crop,0,"{""area_fraction"":0.861144,""aspect"":0.914364,""fallback"":false,""height"":0.970461,""left"":0.082516,""top"":0.007972,""width"":0.887355}",0.0073989411,0.032811712,0.025412771,0.99262834,0.96772075,0.00083480339,0.0056829122,0.99179353,0.96203783,-0.029755698,0.77892612,3.9229884,1.3968797,5.4799428,False,0.97453362,True,True,True,0.77892612,3.9229884,1.3968797,5.4799428,0.77255424,3.9134573,1.3751002,5.3813959,0.96643129,4.2106059,0.24570757,1.0345777,0.60870213,3.6400514,0.35279088,1.2841769,0.74348795,3.6021029,0.5726213,2.0626409,0.76965304,3.7799392,0.75427713,2.8511216,0.78345251,4.1182769,0.66850651,2.7530949,0.83178221,4.1691352,0.65016084,2.7106085
0b_baseline_best,file,13,baseline,8335,142.Black_Tern/Black_Tern_0055_144607.jpg,142,141,142.Black_Tern,141,140,gaussian_blur,gaussian_blur,0,"{""sigma"":1.941045}",0.0073989411,3.3236434,3.3162445,0.99262834,0.036021352,0.00083480339,0.049693428,0.99179353,-0.013672076,-1.0054656,0.24895894,95.152366,1.3968797,132.91641,False,0.69441193,False,True,False,0.24895894,95.152366,1.3968797,132.91641,0.23766536,95.632748,1.3751002,131.50461,0.68380287,78.634857,0.24570757,19.321179,-0.0091167172,111.76673,0.35279088,39.430284,0.091332521,97.664073,0.5726213,55.924528,0.21042349,93.057473,0.75427713,70.191123,0.30030905,92.942189,0.66850651,62.132458,0.41202618,95.111705,0.65016084,61.837906
0b_baseline_best,file,13,baseline,8335,142.Black_Tern/Black_Tern_0055_144607.jpg,142,141,142.Black_Tern,141,140,random_erasing,random_erasing,0,"{""area_fraction"":0.082571,""erased"":true,""height"":0.276606,""left"":0.102566,""top"":0.268748,""width"":0.298516}",0.0073989411,0.39773831,0.39033937,0.99262834,0.67183781,0.00083480339,0.017566809,0.99179353,0.654271,-0.33752254,0.70552393,35.932751,1.3968797,50.19373,False,0.94786018,True,True,True,0.70552393,35.932751,1.3968797,50.19373,0.69783166,35.903314,1.3751002,49.370655,0.94053533,36.842849,0.24570757,9.0525667,0.54095865,30.903926,0.35279088,10.902623,0.66541149,34.635805,0.5726213,19.833199,0.68561311,34.119659,0.75427713,25.735678,0.70156715,37.576843,0.66850651,25.120364,0.7738525,38.663108,0.65016084,25.137239
0b_baseline_best,file,13,baseline,1149,021.Eastern_Towhee/Eastern_Towhee_0120_22189.jpg,21,20,021.Eastern_Towhee,158,157,identity,identity,0,{},0.027661432,0.027661432,0,0.97271764,0.97271764,0.0073882299,0.0073882299,0.96532941,0.96532941,0,1,1,3.8802811,3.8802811,False,0.99999988,True,True,True,1,1,3.8802811,3.8802811,1,1,3.8073399,3.8073399,1,1,0.74882862,0.74882862,1,1,0.81929127,0.81929127,1,1,1.4218876,1.4218876,1,1,1.9148055,1.9148055,1,1,1.8806972,1.8806972,1,1,2.1446054,2.1446054
0b_baseline_best,file,13,baseline,1149,021.Eastern_Towhee/Eastern_Towhee_0120_22189.jpg,21,20,021.Eastern_Towhee,158,157,horizontal_flip,horizontal_flip,0,"{""flipped"":true}",0.027661432,0.022594633,-0.005066799,0.97271764,0.97765869,0.0073882299,0.0032047327,0.96532941,0.97445396,0.0091245435,0.65732703,0.90844577,3.8802811,3.5250249,False,0.96266973,True,True,True,0.65732703,0.90844577,3.8802811,3.5250249,0.64696864,0.91104088,3.8073399,3.4686423,0.9504229,0.83857685,0.74882862,0.62795035,-0.053152997,0.9703205,0.81929127,0.79497511,0.57288553,1.0130847,1.4218876,1.4404926,0.71419435,0.98405609,1.9148055,1.884276,0.65872824,0.86284308,1.8806972,1.6227466,0.74147391,0.82634979,2.1446054,1.7721942
0b_baseline_best,file,13,baseline,1149,021.Eastern_Towhee/Eastern_Towhee_0120_22189.jpg,21,20,021.Eastern_Towhee,158,157,color_jitter,color_jitter,0,"{""brightness"":1.335179,""contrast"":0.718996,""hue"":-0.010361,""saturation"":1.093386}",0.027661432,0.0042795031,-0.023381928,0.97271764,0.99572963,0.0073882299,0.0010279436,0.96532941,0.99470168,0.029372269,0.81846293,0.16725222,3.8802811,0.64898562,False,0.963247,True,True,True,0.81846293,0.16725222,3.8802811,0.64898562,0.81280109,0.16662951,3.8073399,0.63441519,0.95531211,0.18261437,0.74882862,0.13674687,0.38394202,0.12530613,0.81929127,0.10266222,0.76264232,0.18293022,1.4218876,0.26010621,0.85146575,0.17520745,1.9148055,0.3354882,0.82224794,0.15921557,1.8806972,0.29943629,0.85264737,0.16291579,2.1446054,0.34939009
0b_baseline_best,file,13,baseline,1149,021.Eastern_Towhee/Eastern_Towhee_0120_22189.jpg,21,20,021.Eastern_Towhee,158,157,rotation,rotation,0,"{""angle"":-1.836173}",0.027661432,0.03324376,0.0055823289,0.97271764,0.96730274,0.0073882299,0.0084678857,0.96532941,0.95883485,-0.0064945589,0.8958029,1.2887946,3.8802811,5.0008853,False,0.98489696,True,True,True,0.8958029,1.2887946,3.8802811,5.0008853,0.89264741,1.2908717,3.8073399,4.9147875,0.98202382,1.2338847,0.74882862,0.92396816,0.82494707,1.1516255,0.81929127,0.94351673,0.87139488,1.4604659,1.4218876,2.0766183,0.90139822,1.3249262,1.9148055,2.536976,0.88945035,1.2800625,1.8806972,2.4074099,0.91494658,1.208815,2.1446054,2.5924312
0b_baseline_best,file,13,baseline,1149,021.Eastern_Towhee/Eastern_Towhee_0120_22189.jpg,21,20,021.Eastern_Towhee,158,157,random_resized_crop,random_resized_crop,0,"{""area_fraction"":0.713238,""aspect"":1.193505,""fallback"":false,""height"":0.773046,""left"":0.072848,""top"":0.066089,""width"":0.922634}",0.027661432,0.42622575,0.39856432,0.97271764,0.65296888,0.0073882299,0.01961044,0.96532941,0.63335844,-0.33197097,0.71063671,13.25552,3.8802811,51.435145,False,0.92017198,True,True,True,0.71063671,13.25552,3.8802811,51.435145,0.70540651,13.329783,3.8073399,50.751014,0.88287659,11.165634,0.74882862,8.3611461,0.56947592,14.308322,0.81929127,11.722683,0.68229101,15.053038,1.4218876,21.403727,0.75589265,14.329444,1.9148055,27.438099,0.70037189,12.446523,1.8806972,23.408142,0.7070604,12.153304,2.1446054,26.064041
0b_baseline_best,file,13,baseline,1149,021.Eastern_Towhee/Eastern_Towhee_0120_22189.jpg,21,20,021.Eastern_Towhee,158,157,gaussian_blur,gaussian_blur,0,"{""sigma"":1.701022}",0.027661432,1.7495176,1.7218561,0.97271764,0.17385779,0.0073882299,0.012383194,0.96532941,0.1614746,-0.80385481,0.21991396,49.592956,3.8802811,192.43461,False,0.77573895,True,True,True,0.21991396,49.592956,3.8802811,192.43461,0.20976702,50.257507,3.8073399,191.34741,0.74459727,27.278103,0.74882862,20.426624,-0.0968297,102.39367,0.81929127,83.890242,0.016404713,59.324278,1.4218876,84.352456,0.26510202,53.889816,1.9148055,103.18852,0.24901084,45.503471,1.8806972,85.578252,0.45269495,31.242626,2.1446054,67.003104
0b_baseline_best,file,13,baseline,1149,021.Eastern_Towhee/Eastern_Towhee_0120_22189.jpg,21,20,021.Eastern_Towhee,158,157,random_erasing,random_erasing,0,"{""area_fraction"":0.192103,""erased"":true,""height"":0.361116,""left"":0.17411,""top"":0.44408,""width"":0.531971}",0.027661432,3.3713911,3.3437296,0.97271764,0.034341834,0.0073882299,0.00096867362,0.96532941,0.033373161,-0.93195625,0.32790738,24.519558,3.8802811,95.142777,False,0.73963946,False,True,False,0.32790738,24.519558,3.8802811,95.142777,0.3115222,24.3708,3.8073399,92.787919,0.69853505,28.09304,0.74882862,21.036872,0.55242506,34.58137,0.81929127,28.332214,0.26443049,25.061136,1.4218876,35.634118,0.2277192,20.46466,1.9148055,39.185844,0.23538592,24.786778,1.8806972,46.616426,0.40425941,24.798678,2.1446054,53.183379
0b_baseline_best,file,13,baseline,4254,073.Blue_Jay/Blue_Jay_0086_63394.jpg,73,72,073.Blue_Jay,164,163,identity,identity,0,{},0.00026949588,0.00026949588,0,0.99973053,0.99973053,4.9338407e-05,4.9338407e-05,0.99968119,0.99968119,0,1,1,0.038342059,0.038342059,False,1.0000001,True,True,True,1,1,0.038342059,0.038342059,1,1,0.037159394,0.037159394,1,1,0.0094494909,0.0094494909,1,1,0.0073490484,0.0073490484,1,1,0.015846041,0.015846041,1,1,0.018685921,0.018685921,1,1,0.016881049,0.016881049,1,1,0.021013842,0.021013842
0b_baseline_best,file,13,baseline,4254,073.Blue_Jay/Blue_Jay_0086_63394.jpg,73,72,073.Blue_Jay,164,163,horizontal_flip,horizontal_flip,0,"{""flipped"":true}",0.00026949588,0.000380682,0.00011118612,0.99973053,0.99961936,4.9338407e-05,3.2820153e-05,0.99968119,0.99958654,-9.4644409e-05,0.61218851,1.5619143,0.038342059,0.059887008,False,0.9737916,True,True,True,0.61218851,1.5619143,0.038342059,0.059887008,0.59367977,1.5752445,0.037159394,0.058535133,0.95658418,1.3389871,0.0094494909,0.012652746,0.42787804,1.1604554,0.0073490484,0.0085282431,0.44999492,1.5880256,0.015846041,0.025163919,0.55642488,1.6862565,0.018685921,0.031509257,0.5749136,1.645693,0.016881049,0.027781025,0.75092814,1.4712133,0.021013842,0.030915843
0b_baseline_best,file,13,baseline,4254,073.Blue_Jay/Blue_Jay_0086_63394.jpg,73,72,073.Blue_Jay,164,163,color_jitter,color_jitter,0,"{""brightness"":0.614738,""contrast"":0.912362,""hue"":0.079837,""saturation"":1.315187}",0.00026949588,0.0096794078,0.0094099119,0.99973053,0.99036729,4.9338407e-05,0.00085557927,0.99968119,0.98951171,-0.010169475,0.6174273,45.587849,0.038342059,1.747932,False,0.93684298,True,True,True,0.6174273,45.587849,0.038342059,1.747932,0.60801164,46.320623,0.037159394,1.7212463,0.86633359,32.199141,0.0094494909,0.30426549,0.47305492,47.963581,0.0073490484,0.35248668,0.57708678,60.36738,0.015846041,0.95658399,0.60066648,51.1842,0.018685921,0.95642394,0.59429097,41.905449,0.016881049,0.70740795,0.73988683,33.924916,0.021013842,0.71289284
0b_baseline_best,file,13,baseline,4254,073.Blue_Jay/Blue_Jay_0086_63394.jpg,73,72,073.Blue_Jay,164,163,rotation,rotation,0,"{""angle"":1.949}",0.00026949588,0.00021598391,-5.3511976e-05,0.99973053,0.99978405,4.9338407e-05,6.5078464e-05,0.99968119,0.99971897,3.7784914e-05,0.85341072,0.81730012,0.038342059,0.031336969,False,0.99099231,True,True,True,0.85341072,0.81730012,0.038342059,0.031336969,0.84500633,0.81701996,0.037159394,0.030359967,0.98266082,0.82162034,0.0094494909,0.007763894,0.75742291,0.70859426,0.0073490484,0.0052074936,0.83176704,0.79948082,0.015846041,0.012668606,0.81306047,0.80811833,0.018685921,0.015100436,0.81711505,0.84321633,0.016881049,0.014234377,0.90576515,0.82900333,0.021013842,0.017420545
0b_baseline_best,file,13,baseline,4254,073.Blue_Jay/Blue_Jay_0086_63394.jpg,73,72,073.Blue_Jay,164,163,random_resized_crop,random_resized_crop,0,"{""area_fraction"":0.511973,""aspect"":1.019652,""fallback"":false,""height"":0.708594,""left"":0.112088,""top"":0.091473,""width"":0.722519}",0.00026949588,0.0012067425,0.0009372466,0.99973053,0.99879396,4.9338407e-05,0.00055658119,0.99968119,0.99823738,-0.0014438106,0.6160098,5.7548559,0.038342059,0.22065302,False,0.96284753,True,True,True,0.6160098,5.7548559,0.038342059,0.22065302,0.60150936,5.8253595,0.037159394,0.21646683,0.92329717,4.5269057,0.0094494909,0.042776955,0.42490634,6.0197395,0.0073490484,0.044239357,0.50323484,5.8674106,0.015846041,0.092975231,0.57293798,6.5350234,0.018685921,0.12211293,0.61153042,6.0150718,0.016881049,0.10154072,0.72633232,4.9988104,0.021013842,0.10504421
0b_baseline_best,file,13,baseline,4254,073.Blue_Jay/Blue_Jay_0086_63394.jpg,73,72,073.Blue_Jay,164,163,gaussian_blur,gaussian_blur,0,"{""sigma"":1.463391}",0.00026949588,0.0025107309,0.002241235,0.99973053,0.99749243,4.9338407e-05,0.00078063435,0.99968119,0.9967118,-0.0029693907,0.52892879,10.981065,0.038342059,0.42103663,False,0.93970799,True,True,True,0.52892879,10.981065,0.038342059,0.42103663,0.51101058,11.131853,0.037159394,0.4136529,0.92193345,8.3079102,0.0094494909,0.078505522,0.36934306,11.68873,0.0073490484,0.085901041,0.33142408,10.571141,0.015846041,0.16751073,0.48789411,11.939635,0.018685921,0.22310308,0.49483346,12.673248,0.016881049,0.21393772,0.69389144,9.5324618,0.021013842,0.20031365
0b_baseline_best,file,13,baseline,4254,073.Blue_Jay/Blue_Jay_0086_63394.jpg,73,72,073.Blue_Jay,164,163,random_erasing,random_erasing,0,"{""area_fraction"":0.075901,""erased"":true,""height"":0.330058,""left"":0.124872,""top"":0.522637,""width"":0.229962}",0.00026949588,0.00020764102,-6.1854866e-05,0.99973053,0.9997924,4.9338407e-05,3.38889e-05,0.99968119,0.99975851,7.7319128e-05,0.95692784,0.79298911,0.038342059,0.030404835,False,0.99656039,True,True,True,0.95692784,0.79298911,0.038342059,0.030404835,0.95442989,0.79354277,0.037159394,0.029487569,0.99606815,0.7843775,0.0094494909,0.0074119681,0.96283129,0.75912931,0.0073490484,0.0055788781,0.95049473,0.82407074,0.015846041,0.013058259,0.95462689,0.79488273,0.018685921,0.014853116,0.944247,0.78470826,0.016881049,0.013246699,0.96282044,0.78452533,0.021013842,0.016485892
0b_baseline_best,file,13,baseline,4526,078.Gray_Kingbird/Gray_Kingbird_0059_795030.jpg,78,77,078.Gray_Kingbird,103,102,identity,identity,0,{},0.27178657,0.27178657,0,0.76201689,0.76201689,0.081339829,0.081339829,0.68067706,0.68067706,0,1,1,37.318094,37.318094,False,1,True,True,True,1,1,37.318094,37.318094,1,1,36.307216,36.307216,1,1,8.627064,8.627064,1,1,13.616114,13.616114,1,1,14.952809,14.952809,1,1,17.809704,17.809704,1,1,16.760755,16.760755,1,1,17.638606,17.638606
0b_baseline_best,file,13,baseline,4526,078.Gray_Kingbird/Gray_Kingbird_0059_795030.jpg,78,77,078.Gray_Kingbird,103,102,horizontal_flip,horizontal_flip,0,"{""flipped"":true}",0.27178657,0.036923144,-0.23486343,0.76201689,0.96375018,0.081339829,0.0063116937,0.68067706,0.95743849,0.27676143,0.59599977,0.15025117,37.318094,5.6070874,False,0.96973598,True,True,True,0.59599977,0.15025117,37.318094,5.6070874,0.57538953,0.14978694,36.307216,5.4383469,0.94237363,0.15824792,8.627064,1.365215,0.65788097,0.13041666,13.616114,1.7757681,0.4673813,0.15463785,14.952809,2.3122702,0.49478085,0.14219267,17.809704,2.5324093,0.53535489,0.15006817,16.760755,2.5152559,0.71986226,0.16368776,17.638606,2.887224
0b_baseline_best,file,13,baseline,4526,078.Gray_Kingbird/Gray_Kingbird_0059_795030.jpg,78,77,078.Gray_Kingbird,103,102,color_jitter,color_jitter,0,"{""brightness"":0.736577,""contrast"":1.266857,""hue"":-0.042497,""saturation"":1.039866}",0.27178657,0.14633298,-0.12545359,0.76201689,0.86387002,0.081339829,0.0033374198,0.68067706,0.8605326,0.17985554,0.52475486,0.60009462,37.318094,22.394388,False,0.95229232,True,True,True,0.52475486,0.60009462,37.318094,22.394388,0.50678138,0.59653672,36.307216,21.658588,0.81503236,0.65994003,8.627064,5.6933449,0.49174093,0.3180022,13.616114,4.3299542,0.38933454,0.68648042,14.952809,10.264811,0.44200998,0.58886831,17.809704,10.48757,0.56685929,0.61762087,16.760755,10.351792,0.64612032,0.64099344,17.638606,11.306231
0b_baseline_best,file,13,baseline,4526,078.Gray_Kingbird/Gray_Kingbird_0059_795030.jpg,78,77,078.Gray_Kingbird,103,102,rotation,rotation,0,"{""angle"":1.440292}",0.27178657,0.30429313,0.032506555,0.76201689,0.73764461,0.081339829,0.10395311,0.68067706,0.6336915,-0.046985559,0.87575912,1.187155,37.318094,44.302363,False,0.9860543,True,True,True,0.87575912,1.187155,37.318094,44.302363,0.87078598,1.1929902,36.307216,43.314154,0.97742192,1.078585,8.627064,9.3050217,0.95390447,1.5321595,13.616114,20.862058,0.81963462,1.134718,14.952809,16.967221,0.84419111,1.143223,17.809704,20.360463,0.86574722,1.1534851,16.760755,19.333281,0.90205611,1.0826586,17.638606,19.096588
0b_baseline_best,file,13,baseline,4526,078.Gray_Kingbird/Gray_Kingbird_0059_795030.jpg,78,77,078.Gray_Kingbird,103,102,random_resized_crop,random_resized_crop,0,"{""area_fraction"":0.632395,""aspect"":0.818326,""fallback"":false,""height"":0.879085,""left"":0.10483,""top"":0.063318,""width"":0.719378}",0.27178657,1.8227763,1.5509897,0.76201689,0.16157654,0.081339829,0.18886316,0.68067706,-0.027286619,-0.70796368,0.6816251,3.4411972,37.318094,128.41892,False,0.92955446,False,True,False,0.6816251,3.4411972,37.318094,128.41892,0.67033099,3.4437507,36.307216,125.033,0.88456026,3.3956513,8.627064,29.294501,0.81095418,3.1283637,13.616114,42.596156,0.59707583,3.4365642,14.952809,51.38629,0.63006089,3.3565584,17.809704,59.77931,0.64375594,3.6535077,16.760755,61.235546,0.71442115,3.5200016,17.638606,62.087922
0b_baseline_best,file,13,baseline,4526,078.Gray_Kingbird/Gray_Kingbird_0059_795030.jpg,78,77,078.Gray_Kingbird,103,102,gaussian_blur,gaussian_blur,0,"{""sigma"":1.992278}",0.27178657,0.49742401,0.22563744,0.76201689,0.60809511,0.081339829,0.008554413,0.68067706,0.5995407,-0.081136367,0.46472348,1.7361556,37.318094,64.790018,False,0.8443206,True,True,True,0.46472348,1.7361556,37.318094,64.790018,0.44827922,1.7424725,36.307216,63.264324,0.77912906,1.6201971,8.627064,13.977544,0.44809395,1.6181225,13.616114,22.03254,0.27825525,1.5917335,14.952809,23.800888,0.47146083,1.7764186,17.809704,31.637489,0.45842899,2.0007779,16.760755,33.534548,0.53868289,1.6283695,17.638606,28.722168
0b_baseline_best,file,13,baseline,4526,078.Gray_Kingbird/Gray_Kingbird_0059_795030.jpg,78,77,078.Gray_Kingbird,103,102,random_erasing,random_erasing,0,"{""area_fraction"":0.125685,""erased"":true,""height"":0.466752,""left"":0.038575,""top"":0.125216,""width"":0.269277}",0.27178657,3.0793574,2.8075708,0.76201689,0.045988798,0.081339829,0.28100073,0.68067706,-0.23501194,-0.915689,0.78102381,4.0003242,37.318094,149.28448,False,0.94724083,False,True,False,0.78102381,4.0003242,37.318094,149.28448,0.77249069,4.0045273,36.307216,145.39324,0.93536499,3.9251359,8.627064,33.862399,0.85947537,4.5792294,13.616114,62.351309,0.7484856,4.1948238,14.952809,62.7244,0.78117953,3.9765814,17.809704,70.821735,0.71741914,3.7989239,16.760755,63.672832,0.77876718,3.6947714,17.638606,65.170617
0b_baseline_best,file,13,baseline,4356,075.Green_Jay/Green_Jay_0086_65847.jpg,75,74,075.Green_Jay,73,72,identity,identity,0,{},0.10378927,0.10378927,0,0.90141523,0.90141523,0.028709121,0.028709121,0.87270611,0.87270611,0,1,1,15.256178,15.256178,False,1,True,True,True,1,1,15.256178,15.256178,1,1,15.050598,15.050598,1,1,2.4960948,2.4960948,1,1,4.9538766,4.9538766,1,1,6.2617949,6.2617949,1,1,8.1149989,8.1149989,1,1,6.785868,6.785868,1,1,7.1322025,7.1322025
0b_baseline_best,file,13,baseline,4356,075.Green_Jay/Green_Jay_0086_65847.jpg,75,74,075.Green_Jay,73,72,horizontal_flip,horizontal_flip,0,"{""flipped"":true}",0.10378927,0.14267147,0.038882196,0.90141523,0.86703885,0.028709121,0.024131153,0.87270611,0.84290769,-0.029798415,0.57141175,1.4694488,15.256178,22.418174,False,0.94955575,True,True,True,0.57141175,1.4694488,15.256178,22.418174,0.56313158,1.4756025,15.050598,22.2087,0.94377677,1.2249038,2.4960948,3.057476,0.0068094821,1.6292146,4.9538766,8.0709281,0.53694919,1.6541749,6.2617949,10.358104,0.69763143,1.4148097,8.1149989,11.481179,0.62068789,1.4353007,6.785868,9.739761,0.68084682,1.3602147,7.1322025,9.7013267
0b_baseline_best,file,13,baseline,4356,075.Green_Jay/Green_Jay_0086_65847.jpg,75,74,075.Green_Jay,73,72,color_jitter,color_jitter,0,"{""brightness"":0.738803,""contrast"":0.722534,""hue"":-0.036834,""saturation"":1.060116}",0.10378927,0.34461462,0.24082536,0.90141523,0.70849335,0.028709121,0.044740517,0.87270611,0.66375284,-0.20895327,0.82300818,3.1489853,15.256178,48.041481,False,0.93787903,True,True,True,0.82300818,3.1489853,15.256178,48.041481,0.82059448,3.1570454,15.050598,47.51542,0.9250314,2.8404547,2.4960948,7.090044,0.75234091,2.6941647,4.9538766,13.346559,0.76682608,3.3360637,6.2617949,20.889747,0.86446489,3.2543148,8.1149989,26.408761,0.83615029,3.2873987,6.785868,22.307854,0.82758032,2.9681319,7.1322025,21.169317
0b_baseline_best,file,13,baseline,4356,075.Green_Jay/Green_Jay_0086_65847.jpg,75,74,075.Green_Jay,73,72,rotation,rotation,0,"{""angle"":-2.368705}",0.10378927,0.10260041,-0.0011888593,0.90141523,0.90248752,0.028709121,0.032046605,0.87270611,0.87044091,-0.0022651963,0.86130542,1.0835319,15.256178,16.530557,False,0.97628117,True,True,True,0.86130542,1.0835319,15.256178,16.530557,0.85830809,1.0845895,15.050598,16.323721,0.9750766,1.0443536,2.4960948,2.6068056,0.90212182,1.2445349,4.9538766,6.1652721,0.80566313,1.0675899,6.2617949,6.6850288,0.87233802,1.064315,8.1149989,8.6369151,0.84634556,1.071793,6.785868,7.2730456,0.87253074,1.0517572,7.1322025,7.5013452
0b_baseline_best,file,13,baseline,4356,075.Green_Jay/Green_Jay_0086_65847.jpg,75,74,075.Green_Jay,73,72,random_resized_crop,random_resized_crop,0,"{""area_fraction"":0.708648,""aspect"":1.033127,""fallback"":false,""height"":0.828206,""left"":0.140504,""top"":0.02556,""width"":0.855642}",0.10378927,0.083708361,-0.020080909,0.90141523,0.91969943,0.028709121,0.0072019151,0.87270611,0.91249752,0.039791408,0.7166904,0.74056531,15.256178,11.298197,False,0.95105988,True,True,True,0.7166904,0.74056531,15.256178,11.298197,0.71050026,0.73890705,15.050598,11.120993,0.9270386,0.79851919,2.4960948,1.9931796,0.84209586,0.540587,4.9538766,2.6780013,0.59203763,0.75234106,6.2617949,4.7110054,0.72659603,0.6937176,8.1149989,5.6295175,0.70756775,0.77463672,6.785868,5.2565825,0.75502681,0.82934734,7.1322025,5.9150731
0b_baseline_best,file,13,baseline,4356,075.Green_Jay/Green_Jay_0086_65847.jpg,75,74,075.Green_Jay,73,72,gaussian_blur,gaussian_blur,0,"{""sigma"":1.780914}",0.10378927,0.085332185,-0.018457085,0.90141523,0.91820723,0.028709121,0.013018061,0.87270611,0.90518917,0.032483059,0.55890778,0.96121293,15.256178,14.664436,False,0.89250308,True,True,True,0.55890778,0.96121293,15.256178,14.664436,0.55071102,0.96309352,15.050598,14.495133,0.88302832,0.89014671,2.4960948,2.2218905,0.60890927,0.61997031,4.9538766,3.0712564,0.48755524,1.0969346,6.2617949,6.8687796,0.52250037,1.0034899,8.1149989,8.1433192,0.56531471,1.0163499,6.785868,6.8968166,0.64429556,0.88249836,7.1322025,6.2941569
0b_baseline_best,file,13,baseline,4356,075.Green_Jay/Green_Jay_0086_65847.jpg,75,74,075.Green_Jay,73,72,random_erasing,random_erasing,0,"{""area_fraction"":0.113043,""erased"":true,""height"":0.324981,""left"":0.019171,""top"":0.19746,""width"":0.347846}",0.10378927,0.055766378,-0.048022892,0.90141523,0.94576007,0.028709121,0.0051467544,0.87270611,0.94061332,0.067907209,0.61072344,0.49370192,15.256178,7.5320045,False,0.92944759,True,True,True,0.61072344,0.49370192,15.256178,7.5320045,0.60197538,0.49047209,15.050598,7.3818982,0.88288985,0.59942401,2.4960948,1.4962191,0.37790301,0.20063948,4.9538766,0.99394322,0.56013545,0.43286122,6.2617949,2.7104882,0.65014146,0.45911808,8.1149989,3.7257427,0.60792343,0.5888977,6.785868,3.9961821,0.6725721,0.56619365,7.1322025,4.0382077
0b_baseline_best,file,13,baseline,2372,042.Vermilion_Flycatcher/Vermilion_Flycatcher_0006_42564.jpg,42,41,042.Vermilion_Flycatcher,41,40,identity,identity,0,{},0.0011073179,0.0011073179,0,0.99889332,0.99889332,0.00020304714,0.00020304714,0.99869027,0.99869027,0,1,1,0.13351702,0.13351702,False,1,True,True,True,1,1,0.13351702,0.13351702,1,1,0.12949585,0.12949585,1,1,0.032521094,0.032521094,1,1,0.026907261,0.026907261,1,1,0.051681776,0.051681776,1,1,0.058919917,0.058919917,1,1,0.062673892,0.062673892,1,1,0.077295498,0.077295498
0b_baseline_best,file,13,baseline,2372,042.Vermilion_Flycatcher/Vermilion_Flycatcher_0006_42564.jpg,42,41,042.Vermilion_Flycatcher,41,40,horizontal_flip,horizontal_flip,0,"{""flipped"":true}",0.0011073179,0.0015997005,0.00049238268,0.99889332,0.99840158,0.00020304714,0.00021915442,0.99869027,0.99818243,-0.0005078456,0.71149431,1.3972367,0.13351702,0.18655488,False,0.98729485,True,True,True,0.71149431,1.3972367,0.13351702,0.18655488,0.69392261,1.3950322,0.12949585,0.18065087,0.98318604,1.4317371,0.032521094,0.046561655,0.48358671,1.2128585,0.026907261,0.032634701,0.56911515,1.4025522,0.051681776,0.072486389,0.68135001,1.3593881,0.058919917,0.080095035,0.65434288,1.3498843,0.062673892,0.0846025,0.8013,1.4604123,0.077295498,0.1128833
0b_baseline_best,file,13,baseline,2372,042.Vermilion_Flycatcher/Vermilion_Flycatcher_0006_42564.jpg,42,41,042.Vermilion_Flycatcher,41,40,color_jitter,color_jitter,0,"{""brightness"":1.287154,""contrast"":1.381589,""hue"":0.044248,""saturation"":1.366635}",0.0011073179,0.0059752404,0.0048679225,0.99889332,0.99404258,0.00020304714,0.00051729195,0.99869027,0.99352528,-0.00516499,0.72009817,5.4836607,0.13351702,0.73216206,False,0.96683919,True,True,True,0.72009817,5.4836607,0.13351702,0.73216206,0.70628361,5.5030683,0.12949585,0.71262447,0.95477431,5.1662104,0.032521094,0.16801081,0.68212033,5.7882961,0.026907261,0.1557472,0.59509457,5.2491676,0.051681776,0.2712863,0.60327728,5.4766312,0.058919917,0.32268266,0.70134068,5.944425,0.062673892,0.37256025,0.82706753,5.2878057,0.077295498,0.40872357
0b_baseline_best,file,13,baseline,2372,042.Vermilion_Flycatcher/Vermilion_Flycatcher_0006_42564.jpg,42,41,042.Vermilion_Flycatcher,41,40,rotation,rotation,0,"{""angle"":4.777596}",0.0011073179,0.0011570909,4.9773022e-05,0.99889332,0.99884355,0.00020304714,0.00017728705,0.99869027,0.99866626,-2.4009787e-05,0.83564422,1.0397875,0.13351702,0.13882933,False,0.98939478,True,True,True,0.83564422,1.0397875,0.13351702,0.13882933,0.82633834,1.0411164,0.12949585,0.13482025,0.98666285,1.0184852,0.032521094,0.033122252,0.89969103,1.2309527,0.026907261,0.033121565,0.80536762,1.0548603,0.051681776,0.054517055,0.76767694,0.92088943,0.058919917,0.054258729,0.80214692,1.0495552,0.062673892,0.065779708,0.87539155,1.0696918,0.077295498,0.082682359
0b_baseline_best,file,13,baseline,2372,042.Vermilion_Flycatcher/Vermilion_Flycatcher_0006_42564.jpg,42,41,042.Vermilion_Flycatcher,41,40,random_resized_crop,random_resized_crop,0,"{""area_fraction"":0.874723,""aspect"":0.976311,""fallback"":false,""height"":0.946545,""left"":0.06049,""top"":0.007748,""width"":0.924122}",0.0011073179,0.0034501571,0.0023428393,0.99889332,0.99655581,0.00020304714,0.00037862142,0.99869027,0.99617718,-0.0025130896,0.86697158,3.2008823,0.13351702,0.42737227,False,0.99294865,True,True,True,0.86697158,3.2008823,0.13351702,0.42737227,0.86039072,3.2191828,0.12949585,0.41687079,0.98760318,2.895302,0.032521094,0.094158388,0.91230245,3.4422358,0.026907261,0.092621139,0.85790201,3.4554983,0.051681776,0.17858629,0.83257758,3.1792321,0.058919917,0.18732009,0.82170782,3.1726895,0.062673892,0.1988448,0.89857999,3.13398,0.077295498,0.24224255
0b_baseline_best,file,13,baseline,2372,042.Vermilion_Flycatcher/Vermilion_Flycatcher_0006_42564.jpg,42,41,042.Vermilion_Flycatcher,41,40,gaussian_blur,gaussian_blur,0,"{""sigma"":1.048292}",0.0011073179,0.0070906426,0.0059833247,0.99889332,0.99293447,0.00020304714,0.00082388346,0.99869027,0.99211058,-0.0065796915,0.79045362,6.9083972,0.13351702,0.92238863,False,0.98074681,True,True,True,0.79045362,6.9083972,0.13351702,0.92238863,0.78190452,6.9712878,0.12949585,0.90275281,0.96502107,5.8211346,0.032521094,0.18930967,0.71620739,6.2830202,0.026907261,0.16905887,0.76757757,8.1830209,0.051681776,0.42291305,0.74596083,7.6525171,0.058919917,0.45088567,0.75947567,6.9235278,0.062673892,0.43392443,0.86028402,6.0118804,0.077295498,0.46469129
0b_baseline_best,file,13,baseline,2372,042.Vermilion_Flycatcher/Vermilion_Flycatcher_0006_42564.jpg,42,41,042.Vermilion_Flycatcher,41,40,random_erasing,random_erasing,0,"{""area_fraction"":0.090436,""erased"":true,""height"":0.282237,""left"":0.10772,""top"":0.373263,""width"":0.320427}",0.0011073179,0.00097406138,-0.00013325649,0.99889332,0.99902642,0.00020304714,0.00011291339,0.99869027,0.9989135,0.00022323092,0.77277717,1.0032449,0.13351702,0.13395027,False,0.98626947,True,True,True,0.77277717,1.0032449,0.13351702,0.13395027,0.76199293,1.0058425,0.12949585,0.13025243,0.95247753,0.96112057,0.032521094,0.031256693,0.79698963,0.89690548,0.026907261,0.02413327,0.77298978,1.0863928,0.051681776,0.056146709,0.72228279,1.0304046,0.058919917,0.060711352,0.72739294,1.0648675,0.062673892,0.066739393,0.80975956,0.92308005,0.077295498,0.071349932
0b_baseline_best,file,13,baseline,9117,156.White_eyed_Vireo/White_Eyed_Vireo_0030_159265.jpg,156,155,156.White_eyed_Vireo,152,151,identity,identity,0,{},3.963778,3.963778,0,0.01899123,0.01899123,0.90424532,0.90424532,-0.88525409,-0.88525409,0,1,1,180.89975,180.89975,False,1,True,False,False,1,1,180.89975,180.89975,1,1,176.89762,176.89762,1,1,37.841129,37.841129,1,1,28.383053,28.383053,1,1,99.324674,99.324674,1,1,83.564446,83.564446,1,1,81.154741,81.154741,1,1,83.980179,83.980179
0b_baseline_best,file,13,baseline,9117,156.White_eyed_Vireo/White_Eyed_Vireo_0030_159265.jpg,156,155,156.White_eyed_Vireo,152,151,horizontal_flip,horizontal_flip,0,"{""flipped"":true}",3.963778,3.9144053,-0.049372673,0.01899123,0.019952411,0.90424532,0.87049937,-0.88525409,-0.85054696,0.034707125,0.68767012,0.92061047,180.89975,166.5382,False,0.96869022,True,False,False,0.68767012,0.92061047,180.89975,166.5382,0.67369176,0.91641822,176.89762,162.1122,0.96838657,1.0078798,37.841129,38.13931,0.18406223,0.79078811,28.383053,22.444981,0.78642312,0.90459534,99.324674,89.848637,0.57641873,0.92893252,83.564446,77.625731,0.5818022,0.88581009,81.154741,71.887688,0.74540184,0.96077333,83.980179,80.685916
0b_baseline_best,file,13,baseline,9117,156.White_eyed_Vireo/White_Eyed_Vireo_0030_159265.jpg,156,155,156.White_eyed_Vireo,152,151,color_jitter,color_jitter,0,"{""brightness"":1.274195,""contrast"":0.892473,""hue"":-0.014029,""saturation"":1.192997}",3.963778,4.3712931,0.40751505,0.01899123,0.012634891,0.90424532,0.91500366,-0.88525409,-0.90236877,-0.017114679,0.9151932,0.99083889,180.89975,179.2425,False,0.98523176,True,False,False,0.9151932,0.99083889,180.89975,179.2425,0.9119212,0.98968258,176.89762,175.07249,0.9851562,1.0157794,37.841129,38.438238,0.56562556,1.1463287,28.383053,32.536309,0.94151124,0.96094972,99.324674,95.446017,0.90554135,1.0126125,83.564446,84.618399,0.90562574,0.97699912,81.154741,79.288111,0.93182613,0.99874262,83.980179,83.874583
0b_baseline_best,file,13,baseline,9117,156.White_eyed_Vireo/White_Eyed_Vireo_0030_159265.jpg,156,155,156.White_eyed_Vireo,152,151,rotation,rotation,0,"{""angle"":-0.429705}",3.963778,3.6273601,-0.33641791,0.01899123,0.026586279,0.90424532,0.88383383,-0.88525409,-0.85724755,0.028006541,0.94425106,0.97566925,180.89975,176.49832,False,0.99331355,True,False,False,0.94425106,0.97566925,180.89975,176.49832,0.9419524,0.97397037,176.89762,172.29304,0.99325669,1.0120835,37.841129,38.298381,0.89331856,0.92243816,28.383053,26.181611,0.95743289,0.9565058,99.324674,95.004627,0.93021651,0.96188632,83.564446,80.379497,0.92750182,0.98392855,81.154741,79.850466,0.95172274,1.0059308,83.980179,84.478252
0b_baseline_best,file,13,baseline,9117,156.White_eyed_Vireo/White_Eyed_Vireo_0030_159265.jpg,156,155,156.White_eyed_Vireo,152,151,random_resized_crop,random_resized_crop,0,"{""area_fraction"":0.781143,""aspect"":1.252408,""fallback"":false,""height"":0.789755,""left"":0.01,""top"":0.074225,""width"":0.989096}",3.963778,3.672473,-0.29130507,0.01899123,0.025413543,0.90424532,0.71069682,-0.88525409,-0.68528327,0.19997081,0.81138254,1.0096633,180.89975,182.64783,False,0.95539349,True,False,False,0.81138254,1.0096633,180.89975,182.64783,0.80567795,1.0123482,176.89762,179.08198,0.94597435,0.94909426,37.841129,35.914798,0.58523783,1.0260293,28.383053,29.121845,0.90062165,1.1190311,99.324674,111.14739,0.74697969,0.9362291,83.564446,78.235465,0.74593459,0.9454735,81.154741,76.729657,0.80054584,0.98626782,83.980179,82.826947
0b_baseline_best,file,13,baseline,9117,156.White_eyed_Vireo/White_Eyed_Vireo_0030_159265.jpg,156,155,156.White_eyed_Vireo,152,151,gaussian_blur,gaussian_blur,0,"{""sigma"":1.785054}",3.963778,3.2853258,-0.67845225,0.01899123,0.037428394,0.90424532,0.68547106,-0.88525409,-0.64804266,0.23721142,0.67812434,0.88716225,180.89975,160.48743,False,0.90923738,True,False,False,0.67812434,0.88716225,180.89975,160.48743,0.66850669,0.88739868,176.89762,156.97871,0.88960464,0.88197962,37.841129,33.375105,0.1836451,0.90514377,28.383053,25.690744,0.74501848,0.87843384,99.324674,87.250155,0.61936275,0.89534859,83.564446,74.819309,0.61322456,0.87218204,81.154741,70.781707,0.71826086,0.90385714,83.980179,75.906084
0b_baseline_best,file,13,baseline,9117,156.White_eyed_Vireo/White_Eyed_Vireo_0030_159265.jpg,156,155,156.White_eyed_Vireo,152,151,random_erasing,random_erasing,0,"{""area_fraction"":0.166339,""erased"":true,""height"":0.332281,""left"":0.417138,""top"":0.6177,""width"":0.500599}",3.963778,3.455096,-0.50868201,0.01899123,0.03158427,0.90424532,0.87592173,-0.88525409,-0.84433746,0.040916631,0.97561938,0.96357474,180.89975,174.31043,False,0.99211824,True,False,False,0.97561938,0.96357474,180.89975,174.31043,0.97486089,0.96251495,176.89762,170.2666,0.99207385,0.98645025,37.841129,37.328391,0.96925494,1.0737837,28.383053,30.477259,0.98611981,0.9407913,99.324674,93.443789,0.97407798,0.96403443,83.564446,80.559003,0.97050574,0.95591299,81.154741,77.576871,0.96652524,0.98352411,83.980179,82.596531
0b_baseline_best,file,13,baseline,6481,111.Loggerhead_Shrike/Loggerhead_Shrike_0018_26407.jpg,111,110,111.Loggerhead_Shrike,112,111,identity,identity,0,{},0.0088311341,0.0088311341,0,0.99120772,0.99120772,0.0040445477,0.0040445477,0.98716317,0.98716317,0,1,1,1.1095542,1.1095542,False,1,True,True,True,1,1,1.1095542,1.1095542,1,1,1.0625432,1.0625432,1,1,0.31955041,0.31955041,1,1,0.28711009,0.28711009,1,1,0.37695043,0.37695043,1,1,0.51442361,0.51442361,1,1,0.51691881,0.51691881,1,1,0.61044048,0.61044048
0b_baseline_best,file,13,baseline,6481,111.Loggerhead_Shrike/Loggerhead_Shrike_0018_26407.jpg,111,110,111.Loggerhead_Shrike,112,111,horizontal_flip,horizontal_flip,0,"{""flipped"":true}",0.0088311341,0.014895293,0.0060641589,0.99120772,0.98521507,0.0040445477,0.0086851437,0.98716317,0.97652992,-0.010633247,0.66802091,1.6517808,1.1095542,1.8327404,False,0.9778353,True,True,True,0.66802091,1.6517808,1.1095542,1.8327404,0.64133103,1.6544994,1.0625432,1.7579771,0.96926107,1.6214195,0.31955041,0.51812527,0.59045849,1.3900657,0.28711009,0.39910188,0.48781878,1.69941,0.37695043,0.64059332,0.59148421,1.6730836,0.51442361,0.86067369,0.61562144,1.709985,0.51691881,0.88392341,0.76932884,1.6371467,0.61044048,0.99938064
0b_baseline_best,file,13,baseline,6481,111.Loggerhead_Shrike/Loggerhead_Shrike_0018_26407.jpg,111,110,111.Loggerhead_Shrike,112,111,color_jitter,color_jitter,0,"{""brightness"":0.9561,""contrast"":1.069753,""hue"":-0.094983,""saturation"":0.724416}",0.0088311341,0.016567159,0.0077360254,0.99120772,0.98356932,0.0040445477,0.0051794709,0.98716317,0.97838985,-0.008773318,0.68021166,2.2720477,1.1095542,2.5209601,False,0.95832098,True,True,True,0.68021166,2.2720477,1.1095542,2.5209601,0.66384439,2.3130289,1.0625432,2.4576932,0.94278617,1.7563253,0.31955041,0.56123448,0.83106742,2.5138616,0.28711009,0.72175505,0.43100104,3.2118622,0.37695043,1.2107128,0.55221219,2.2770621,0.51442361,1.1713745,0.72829806,2.2026074,0.51691881,1.1385692,0.83970925,1.9279161,0.61044048,1.176878
0b_baseline_best,file,13,baseline,6481,111.Loggerhead_Shrike/Loggerhead_Shrike_0018_26407.jpg,111,110,111.Loggerhead_Shrike,112,111,rotation,rotation,0,"{""angle"":1.287645}",0.0088311341,0.0064882101,-0.002342924,0.99120772,0.99353278,0.0040445477,0.003350087,0.98716317,0.99018269,0.0030195187,0.8361411,0.79040294,1.1095542,0.87699493,False,0.98509717,True,True,True,0.8361411,0.79040294,1.1095542,0.87699493,0.82266319,0.78822776,1.0625432,0.83752608,0.98082661,0.81406536,0.31955041,0.26013492,0.86626423,0.78232481,0.28711009,0.22461335,0.69642969,0.80428438,0.37695043,0.30317535,0.78228848,0.7729176,0.51442361,0.39760706,0.81665172,0.81601712,0.51691881,0.4218146,0.89683738,0.77369885,0.61044048,0.4722971
0b_baseline_best,file,13,baseline,6481,111.Loggerhead_Shrike/Loggerhead_Shrike_0018_26407.jpg,111,110,111.Loggerhead_Shrike,112,111,random_resized_crop,random_resized_crop,0,"{""area_fraction"":0.702209,""aspect"":0.947253,""fallback"":false,""height"":0.860994,""left"":0.114028,""top"":0.133255,""width"":0.815579}",0.0088311341,0.19658069,0.18774956,0.99120772,0.82153505,0.0040445477,0.065560505,0.98716317,0.75597455,-0.23118863,0.64582381,23.158732,1.1095542,25.695869,False,0.94911885,True,True,True,0.64582381,23.158732,1.1095542,25.695869,0.62850217,23.627347,1.0625432,25.105077,0.94116063,17.144064,0.31955041,5.4783926,0.62712105,27.538304,0.28711009,7.9065251,0.53906867,25.752241,0.37695043,9.7073184,0.58059669,23.917262,0.51442361,12.303604,0.61164579,24.513853,0.51691881,12.671672,0.73307138,20.822686,0.61044048,12.711011
0b_baseline_best,file,13,baseline,6481,111.Loggerhead_Shrike/Loggerhead_Shrike_0018_26407.jpg,111,110,111.Loggerhead_Shrike,112,111,gaussian_blur,gaussian_blur,0,"{""sigma"":1.309323}",0.0088311341,0.16379569,0.15496456,0.99120772,0.84891546,0.0040445477,0.065017447,0.98716317,0.78389801,-0.20326516,0.45283117,24.173885,1.1095542,26.822237,False,0.89868307,True,True,True,0.45283117,24.173885,1.1095542,26.822237,0.4326158,24.845208,1.0625432,26.399108,0.88473502,14.850465,0.31955041,4.7454722,0.42839332,34.182324,0.28711009,9.8140902,0.26038879,31.657768,0.37695043,11.933409,0.36953724,27.029484,0.51442361,13.904605,0.45824173,23.975535,0.51691881,12.393405,0.64882258,17.278972,0.61044048,10.547784
0b_baseline_best,file,13,baseline,6481,111.Loggerhead_Shrike/Loggerhead_Shrike_0018_26407.jpg,111,110,111.Loggerhead_Shrike,112,111,random_erasing,random_erasing,0,"{""area_fraction"":0.106936,""erased"":true,""height"":0.363063,""left"":0.276337,""top"":0.305604,""width"":0.294538}",0.0088311341,0.037271999,0.028440865,0.99120772,0.96341407,0.0040445477,0.0097897938,0.98716317,0.95362428,-0.033538892,0.67878699,4.4616681,1.1095542,4.9504628,False,0.9496665,True,True,True,0.67878699,4.4616681,1.1095542,4.9504628,0.66281059,4.5365635,1.0625432,4.8202949,0.92592636,3.5292034,0.31955041,1.1277584,0.55622739,3.7118545,0.28711009,1.0657109,0.62431759,5.2734932,0.37695043,1.9878456,0.64369515,5.0262894,0.51442361,2.5856419,0.63726765,4.5761229,0.51691881,2.365484,0.75838579,3.9679075,0.61044048,2.4221714
0b_baseline_best,file,13,baseline,1855,033.Yellow_billed_Cuckoo/Yellow_Billed_Cuckoo_0010_26795.jpg,33,32,033.Yellow_billed_Cuckoo,32,31,identity,identity,0,{},0.44732106,0.44732106,0,0.63933861,0.63933861,0.21350075,0.21350075,0.42583786,0.42583786,0,1,1,51.042726,51.042726,False,1.0000001,True,True,True,1,1,51.042726,51.042726,1,1,49.317994,49.317994,1,1,13.15657,13.15657,1,1,14.260567,14.260567,1,1,20.108837,20.108837,1,1,27.092221,27.092221,1,1,23.892512,23.892512,1,1,22.796816,22.796816
0b_baseline_best,file,13,baseline,1855,033.Yellow_billed_Cuckoo/Yellow_Billed_Cuckoo_0010_26795.jpg,33,32,033.Yellow_billed_Cuckoo,32,31,horizontal_flip,horizontal_flip,0,"{""flipped"":true}",0.44732106,0.29249373,-0.15482733,0.63933861,0.74639994,0.21350075,0.054660495,0.42583786,0.69173944,0.26590158,0.4071532,0.77632184,51.042726,39.625582,False,0.94867986,True,True,True,0.4071532,0.77632184,51.042726,39.625582,0.37762958,0.77762713,49.317994,38.35101,0.83302115,0.75774271,13.15657,9.9692953,0.11779913,0.75262031,14.260567,10.732792,0.17281987,0.85072495,20.108837,17.107089,0.42641042,0.72546474,27.092221,19.654451,0.41073712,0.77927344,23.892512,18.6188,0.54813069,0.79685829,22.796816,18.165832
0b_baseline_best,file,13,baseline,1855,033.Yellow_billed_Cuckoo/Yellow_Billed_Cuckoo_0010_26795.jpg,33,32,033.Yellow_billed_Cuckoo,32,31,color_jitter,color_jitter,0,"{""brightness"":0.721065,""contrast"":0.692249,""hue"":-0.011677,""saturation"":1.099953}",0.44732106,1.0427444,0.59542334,0.63933861,0.35248601,0.21350075,0.22438346,0.42583786,0.12810256,-0.2977353,0.55837364,1.8161068,51.042726,92.699041,False,0.93417561,True,True,True,0.55837364,1.8161068,51.042726,92.699041,0.53667175,1.8232345,49.317994,89.918269,0.88399963,1.7128172,13.15657,22.5348,0.33459399,1.5672376,14.260567,22.349697,0.26347241,1.8364498,20.108837,36.928869,0.58303085,1.8820291,27.092221,50.988349,0.58364891,1.8314693,23.892512,43.758401,0.70279689,1.8125832,22.796816,41.321125
0b_baseline_best,file,13,baseline,1855,033.Yellow_billed_Cuckoo/Yellow_Billed_Cuckoo_0010_26795.jpg,33,32,033.Yellow_billed_Cuckoo,32,31,rotation,rotation,0,"{""angle"":-7.28111}",0.44732106,1.0841275,0.63680649,0.63933861,0.33819672,0.21350075,0.053312078,0.42583786,0.28488465,-0.14095321,0.32069583,1.9287215,51.042726,98.447205,False,0.95143747,False,True,False,0.32069583,1.9287215,51.042726,98.447205,0.28915304,1.9229571,49.317994,94.836385,0.74543599,2.0079721,13.15657,26.418026,0.35981147,1.4075553,14.260567,20.072537,-0.066231245,2.0247882,20.108837,40.716137,0.2928403,1.8742762,27.092221,50.778305,0.33063145,1.9360291,23.892512,46.256598,0.49898054,2.0645456,22.796816,47.065066
0b_baseline_best,file,13,baseline,1855,033.Yellow_billed_Cuckoo/Yellow_Billed_Cuckoo_0010_26795.jpg,33,32,033.Yellow_billed_Cuckoo,32,31,random_resized_crop,random_resized_crop,0,"{""area_fraction"":0.85669,""aspect"":0.960739,""fallback"":false,""height"":0.944298,""left"":0.010998,""top"":0.021635,""width"":0.907224}",0.44732106,0.87203151,0.42471045,0.63933861,0.41810134,0.21350075,0.081572324,0.42583786,0.33652902,-0.089308843,0.39478156,1.708154,51.042726,87.188834,False,0.96934056,False,True,False,0.39478156,1.708154,51.042726,87.188834,0.3643166,1.6998329,49.317994,83.832348,0.79523572,1.8210619,13.15657,23.958929,0.25654876,1.4012994,14.260567,19.983324,-0.088160242,1.8448054,20.108837,37.09689,0.42694549,1.6694246,27.092221,45.228421,0.46586188,1.6485594,23.892512,39.388225,0.57933672,1.7846998,22.796816,40.685472
0b_baseline_best,file,13,baseline,1855,033.Yellow_billed_Cuckoo/Yellow_Billed_Cuckoo_0010_26795.jpg,33,32,033.Yellow_billed_Cuckoo,32,31,gaussian_blur,gaussian_blur,0,"{""sigma"":1.15281}",0.44732106,2.6174674,2.1701463,0.63933861,0.072987475,0.21350075,0.10899323,0.42583786,-0.036005758,-0.46184362,0.28825423,2.4753928,51.042726,126.3508,False,0.85330093,False,True,False,0.28825423,2.4753928,51.042726,126.3508,0.26205243,2.5007613,49.317994,123.33253,0.73398887,2.0865604,13.15657,27.451978,-0.15818154,1.7555477,14.260567,25.035105,-0.10982465,2.3652394,20.108837,47.562214,0.320764,2.6164668,27.092221,70.885899,0.35266562,2.7070081,23.892512,64.677223,0.46729081,2.4478666,22.796816,55.803565
0b_baseline_best,file,13,baseline,1855,033.Yellow_billed_Cuckoo/Yellow_Billed_Cuckoo_0010_26795.jpg,33,32,033.Yellow_billed_Cuckoo,32,31,random_erasing,random_erasing,0,"{""area_fraction"":0.186988,""erased"":true,""height"":0.335199,""left"":0.020989,""top"":0.326936,""width"":0.557842}",0.44732106,0.63691324,0.18959218,0.63933861,0.52892256,0.21350075,0.076956727,0.42583786,0.45196583,0.026127972,0.59615378,1.1730919,51.042726,59.87781,False,0.93369311,True,True,True,0.59615378,1.1730919,51.042726,59.87781,0.57793322,1.1764467,49.317994,58.019993,0.86447543,1.1248942,13.15657,14.799749,0.63005097,1.2047794,14.260567,17.180838,0.31724139,1.1978466,20.108837,24.087302,0.65165725,1.0817549,27.092221,29.307144,0.59630859,1.1189007,23.892512,26.733347,0.64795786,1.3286043,22.796816,30.287947
0b_baseline_best,file,13,baseline,7482,128.Seaside_Sparrow/Seaside_Sparrow_0001_120720.jpg,128,127,128.Seaside_Sparrow,126,125,identity,identity,0,{},0.015923247,0.015923247,0,0.98420286,0.98420286,0.003742798,0.003742798,0.98046006,0.98046006,0,1,1,2.5354719,2.5354719,False,1,True,True,True,1,1,2.5354719,2.5354719,1,1,2.4964541,2.4964541,1,1,0.443097,0.443097,1,1,0.37303718,0.37303718,1,1,1.4091427,1.4091427,1,1,1.2766638,1.2766638,1,1,1.0600374,1.0600374,1,1,1.1635691,1.1635691
0b_baseline_best,file,13,baseline,7482,128.Seaside_Sparrow/Seaside_Sparrow_0001_120720.jpg,128,127,128.Seaside_Sparrow,126,125,horizontal_flip,horizontal_flip,0,"{""flipped"":true}",0.015923247,0.0040905145,-0.011832732,0.98420286,0.99591786,0.003742798,0.001812666,0.98046006,0.99410519,0.013645127,0.68916814,0.23394394,2.5354719,0.59315828,False,0.96471506,True,True,True,0.68916814,0.23394394,2.5354719,0.59315828,0.68022775,0.23019325,2.4964541,0.57466688,0.93052737,0.3316462,0.443097,0.14695144,0.59634764,0.27865114,0.37303718,0.10394724,0.78041032,0.19629877,1.4091427,0.27661299,0.62424512,0.23073505,1.2766638,0.29457109,0.56264993,0.23749049,1.0600374,0.25174881,0.74391166,0.26176876,1.1635691,0.30458605
0b_baseline_best,file,13,baseline,7482,128.Seaside_Sparrow/Seaside_Sparrow_0001_120720.jpg,128,127,128.Seaside_Sparrow,126,125,color_jitter,color_jitter,0,"{""brightness"":0.890408,""contrast"":1.033862,""hue"":0.036693,""saturation"":1.046441}",0.015923247,0.0095149353,-0.0064083114,0.98420286,0.99053019,0.003742798,0.0016001384,0.98046006,0.98893005,0.0084699907,0.91160824,0.61520281,2.5354719,1.5598295,False,0.99140483,True,True,True,0.91160824,0.61520281,2.5354719,1.5598295,0.90929986,0.6157614,2.4964541,1.53722,0.98757511,0.59720013,0.443097,0.26461759,0.81482496,0.60891843,0.37303718,0.22714922,0.93702488,0.62272863,1.4091427,0.87751352,0.89304934,0.60233981,1.2766638,0.76898545,0.8720414,0.62989611,1.0600374,0.66771345,0.92931334,0.61027554,1.1635691,0.71009777
0b_baseline_best,file,13,baseline,7482,128.Seaside_Sparrow/Seaside_Sparrow_0001_120720.jpg,128,127,128.Seaside_Sparrow,126,125,rotation,rotation,0,"{""angle"":9.156972}",0.015923247,0.10135854,0.085435294,0.98420286,0.90360898,0.003742798,0.0048600268,0.98046006,0.89874895,-0.081711113,0.76855625,5.70049,2.5354719,14.453432,False,0.94749618,True,True,True,0.76855625,5.70049,2.5354719,14.453432,0.76375511,5.6939593,2.4964541,14.214708,0.91602513,5.9040418,0.443097,2.6160632,0.63249905,6.7995713,0.37303718,2.5364929,0.86978455,5.3113938,1.4091427,7.484512,0.74469406,5.72005,1.2766638,7.3025809,0.65406298,5.8869079,1.0600374,6.2403427,0.75718254,5.9129815,1.1635691,6.8801626
0b_baseline_best,file,13,baseline,7482,128.Seaside_Sparrow/Seaside_Sparrow_0001_120720.jpg,128,127,128.Seaside_Sparrow,126,125,random_resized_crop,random_resized_crop,0,"{""area_fraction"":0.781862,""aspect"":0.89283,""fallback"":false,""height"":0.935795,""left"":0.157267,""top"":0.046524,""width"":0.835506}",0.015923247,0.0055758185,-0.010347428,0.98420286,0.99443972,0.003742798,0.0019188324,0.98046006,0.99252089,0.012060825,0.78488409,0.34379916,2.5354719,0.87169311,False,0.96443546,True,True,True,0.78488409,0.34379916,2.5354719,0.87169311,0.77896466,0.34154475,2.4964541,0.85265079,0.95411243,0.4089527,0.443097,0.18120572,0.70694599,0.42574878,0.37303718,0.15882013,0.86374789,0.33190108,1.4091427,0.467696,0.75218847,0.32666656,1.2766638,0.41704338,0.66381513,0.33994285,1.0600374,0.36035215,0.79754382,0.36388404,1.1635691,0.42340423
0b_baseline_best,file,13,baseline,7482,128.Seaside_Sparrow/Seaside_Sparrow_0001_120720.jpg,128,127,128.Seaside_Sparrow,126,125,gaussian_blur,gaussian_blur,0,"{""sigma"":1.374457}",0.015923247,3.1697416,3.1538184,0.98420286,0.042014454,0.003742798,0.83701491,0.98046006,-0.79500046,-1.7754605,0.28993347,92.463152,2.5354719,234.43773,False,0.76579165,False,True,False,0.28993347,92.463152,2.5354719,234.43773,0.27942831,92.781846,2.4964541,231.62562,0.67089971,81.703341,0.443097,36.202506,0.31354446,120.61271,0.37303718,44.993025,0.28078758,71.019608,1.4091427,100.07676,0.26274663,118.19198,1.2766638,150.89142,0.23801903,99.660997,1.0600374,105.64439,0.38681045,75.324726,1.1635691,87.645524
0b_baseline_best,file,13,baseline,7482,128.Seaside_Sparrow/Seaside_Sparrow_0001_120720.jpg,128,127,128.Seaside_Sparrow,126,125,random_erasing,random_erasing,0,"{""area_fraction"":0.125524,""erased"":true,""height"":0.362677,""left"":0.453309,""top"":0.49597,""width"":0.346103}",0.015923247,0.025143158,0.0092199109,0.98420286,0.97517031,0.003742798,0.0033525298,0.98046006,0.97181778,-0.0086422793,0.90886851,1.4695306,2.5354719,3.7259537,False,0.98412025,True,True,True,0.90886851,1.4695306,2.5354719,3.7259537,0.90663899,1.4653567,2.4964541,3.6581958,0.97705586,1.596362,0.443097,0.7073432,0.90269859,1.5174741,0.37303718,0.56607426,0.9463068,1.3443915,1.4091427,1.8944395,0.90583939,1.4950931,1.2766638,1.9087313,0.8619136,1.5220182,1.0600374,1.6133962,0.90023873,1.5437986,1.1635691,1.7963163
0b_baseline_best,file,13,baseline,641,012.Yellow_headed_Blackbird/Yellow_Headed_Blackbird_0087_8358.jpg,12,11,012.Yellow_headed_Blackbird,98,97,identity,identity,0,{},3.9935856,3.9935856,0,0.018433502,0.018433502,0.18191127,0.18191127,-0.16347777,-0.16347777,0,1,1,134.40501,134.40501,False,1,True,False,False,1,1,134.40501,134.40501,1,1,131.67156,131.67156,1,1,26.968612,26.968612,1,1,41.39143,41.39143,1,1,53.091207,53.091207,1,1,58.625582,58.625582,1,1,67.112166,67.112166,1,1,69.745761,69.745761
0b_baseline_best,file,13,baseline,641,012.Yellow_headed_Blackbird/Yellow_Headed_Blackbird_0087_8358.jpg,12,11,012.Yellow_headed_Blackbird,98,97,horizontal_flip,horizontal_flip,0,"{""flipped"":true}",3.9935856,4.1670332,0.17344761,0.018433502,0.015498175,0.18191127,0.045361824,-0.16347777,-0.029863649,0.13361412,0.58786596,0.94974856,134.40501,127.65096,False,0.96032739,False,False,False,0.58786596,0.94974856,134.40501,127.65096,0.57349575,0.9514957,131.67156,125.28492,0.94782934,0.90710506,26.968612,24.463365,0.65720122,0.69758181,41.39143,28.873908,0.45327111,0.94423233,53.091207,50.130434,0.48657263,1.1129016,58.625582,65.244506,0.59355452,0.97621617,67.112166,65.515981,0.69724361,0.88388247,69.745761,61.647056
0b_baseline_best,file,13,baseline,641,012.Yellow_headed_Blackbird/Yellow_Headed_Blackbird_0087_8358.jpg,12,11,012.Yellow_headed_Blackbird,98,97,color_jitter,color_jitter,0,"{""brightness"":0.646251,""contrast"":0.67665,""hue"":-0.037565,""saturation"":0.62912}",3.9935856,7.0920863,3.0985007,0.018433502,0.00083166047,0.18191127,0.00093926786,-0.16347777,-0.0001076074,0.16337017,0.42602566,1.1148802,134.40501,149.84548,False,0.78069186,False,False,False,0.42602566,1.1148802,134.40501,149.84548,0.41501007,1.1097124,131.67156,146.11756,0.66482751,1.2316679,26.968612,33.216374,0.6787022,0.81951679,41.39143,33.920971,0.35862122,1.1888978,53.091207,63.120019,0.39662603,1.3090956,58.625582,76.746492,0.37793467,1.030634,67.112166,69.168078,0.44126007,1.067306,69.745761,74.440072
0b_baseline_best,file,13,baseline,641,012.Yellow_headed_Blackbird/Yellow_Headed_Blackbird_0087_8358.jpg,12,11,012.Yellow_headed_Blackbird,98,97,rotation,rotation,0,"{""angle"":-8.910438}",3.9935856,5.119626,1.1260405,0.018433502,0.0059782569,0.18191127,0.14783776,-0.16347777,-0.1418595,0.021618272,0.75833917,1.2097446,134.40501,162.59573,False,0.95499897,False,False,False,0.75833917,1.2097446,134.40501,162.59573,0.75214015,1.214869,131.67156,159.96369,0.9295328,1.0804195,26.968612,29.137413,0.91273522,0.98926488,41.39143,40.947088,0.76154166,1.2137529,53.091207,64.439608,0.67577089,1.2630001,58.625582,74.044117,0.73218543,1.2364897,67.112166,82.983504,0.78030529,1.2325881,69.745761,85.967797
0b_baseline_best,file,13,baseline,641,012.Yellow_headed_Blackbird/Yellow_Headed_Blackbird_0087_8358.jpg,12,11,012.Yellow_headed_Blackbird,98,97,random_resized_crop,random_resized_crop,0,"{""area_fraction"":0.574686,""aspect"":1.312369,""fallback"":false,""height"":0.66174,""left"":0.051684,""top"":0.199023,""width"":0.868447}",3.9935856,3.1833146,-0.81027102,0.018433502,0.041448049,0.18191127,0.20576881,-0.16347777,-0.16432076,-0.00084298663,0.62622242,1.2609976,134.40501,169.48439,False,0.90454805,True,False,False,0.62622242,1.2609976,134.40501,169.48439,0.61770469,1.2700967,131.67156,167.23561,0.893538,1.0203502,26.968612,27.51743,0.77185734,1.3214621,41.39143,54.697206,0.59363118,1.5682418,53.091207,83.259848,0.51914766,1.3882655,58.625582,81.387872,0.63202081,1.1689566,67.112166,78.451209,0.67690818,1.0403729,69.745761,72.561599
0b_baseline_best,file,13,baseline,641,012.Yellow_headed_Blackbird/Yellow_Headed_Blackbird_0087_8358.jpg,12,11,012.Yellow_headed_Blackbird,98,97,gaussian_blur,gaussian_blur,0,"{""sigma"":1.323292}",3.9935856,4.9485054,0.95491982,0.018433502,0.0070940028,0.18191127,0.039233692,-0.16347777,-0.032139689,0.13133808,0.69931763,1.2348145,134.40501,165.96526,False,0.92681527,False,False,False,0.69931763,1.2348145,134.40501,165.96526,0.69275728,1.2429954,131.67156,163.66715,0.90296418,1.0205674,26.968612,27.523287,0.89753741,1.1278441,41.39143,46.683079,0.68426866,1.2808494,53.091207,68.001843,0.59771436,1.4141873,58.625582,82.907553,0.67227732,1.2520839,67.112166,84.03006,0.74257143,1.1150949,69.745761,77.77314
0b_baseline_best,file,13,baseline,641,012.Yellow_headed_Blackbird/Yellow_Headed_Blackbird_0087_8358.jpg,12,11,012.Yellow_headed_Blackbird,98,97,random_erasing,random_erasing,0,"{""area_fraction"":0.105227,""erased"":true,""height"":0.230591,""left"":0.076587,""top"":0.647622,""width"":0.456336}",3.9935856,5.8869133,1.8933277,0.018433502,0.0027755306,0.18191127,0.25181997,-0.16347777,-0.24904444,-0.085566665,0.80012076,1.0592239,134.40501,142.36499,False,0.96036065,True,False,False,0.80012076,1.0592239,134.40501,142.36499,0.79352135,1.0592478,131.67156,139.4728,0.95752446,1.058655,26.968612,28.550456,0.80788668,0.76991313,41.39143,31.867805,0.84958485,1.0809527,53.091207,57.389084,0.73448692,1.0973383,58.625582,64.332096,0.76340088,1.0799777,67.112166,72.47964,0.83845002,1.0873757,69.745761,75.839846
0b_baseline_best,file,13,baseline,3930,068.Ruby_throated_Hummingbird/Ruby_Throated_Hummingbird_0119_57575.jpg,68,67,068.Ruby_throated_Hummingbird,69,68,identity,identity,0,{},0.14072467,0.14072467,0,0.86872846,0.86872846,0.099899888,0.099899888,0.76882857,0.76882857,0,1,1,18.755029,18.755029,False,1,True,True,True,1,1,18.755029,18.755029,1,1,18.199543,18.199543,1,1,4.5307577,4.5307577,1,1,2.7378481,2.7378481,1,1,6.7879682,6.7879682,1,1,10.325341,10.325341,1,1,9.2566785,9.2566785,1,1,9.2386293,9.2386293
0b_baseline_best,file,13,baseline,3930,068.Ruby_throated_Hummingbird/Ruby_Throated_Hummingbird_0119_57575.jpg,68,67,068.Ruby_throated_Hummingbird,69,68,horizontal_flip,horizontal_flip,0,"{""flipped"":true}",0.14072467,0.061075103,-0.079649571,0.86872846,0.94075257,0.099899888,0.012868187,0.76882857,0.92788438,0.15905581,0.38064915,0.48047133,18.755029,9.011254,False,0.95928884,True,True,True,0.38064915,0.48047133,18.755029,9.011254,0.3579005,0.48493001,18.199543,8.8255044,0.83013674,0.40174548,4.5307577,1.8202114,-0.024361293,0.56624192,2.7378481,1.5502844,0.16541159,0.6206088,6.7879682,4.2126728,0.4203307,0.4710386,10.325341,4.8636342,0.34911218,0.44601855,9.2566785,4.1286503,0.48272095,0.44679934,9.2386293,4.1278135
0b_baseline_best,file,13,baseline,3930,068.Ruby_throated_Hummingbird/Ruby_Throated_Hummingbird_0119_57575.jpg,68,67,068.Ruby_throated_Hummingbird,69,68,color_jitter,color_jitter,0,"{""brightness"":1.301436,""contrast"":1.175443,""hue"":0.071539,""saturation"":1.255174}",0.14072467,0.21740422,0.076679543,0.86872846,0.80460465,0.099899888,0.075282604,0.76882857,0.72932205,-0.039506525,0.6228423,1.3481396,18.755029,25.284397,False,0.94077665,True,True,True,0.6228423,1.3481396,18.755029,25.284397,0.60896642,1.3582865,18.199543,24.720194,0.88866527,1.1723354,4.5307577,5.3115677,0.31568876,1.7582687,2.7378481,4.8138727,0.39117832,1.4818488,6.7879682,10.058743,0.66336917,1.2671473,10.325341,13.083729,0.61215258,1.3563328,9.2566785,12.555137,0.709234,1.3602297,9.2386293,12.566658
0b_baseline_best,file,13,baseline,3930,068.Ruby_throated_Hummingbird/Ruby_Throated_Hummingbird_0119_57575.jpg,68,67,068.Ruby_throated_Hummingbird,69,68,rotation,rotation,0,"{""angle"":-10.579459}",0.14072467,1.093918,0.95319329,0.86872846,0.33490178,0.099899888,0.044927213,0.76882857,0.28997457,-0.478854,0.41802053,5.479563,18.755029,102.76936,False,0.86840814,True,True,True,0.41802053,5.479563,18.755029,102.76936,0.40713821,5.5719769,18.199543,101.40743,0.71881848,3.680527,4.5307577,16.675576,0.13250691,7.154224,2.7378481,19.587179,0.22358799,6.9978184,6.7879682,47.500969,0.44995871,5.2902695,10.325341,54.623838,0.42256876,5.2231336,9.2566785,48.348868,0.51506202,5.215934,9.2386293,48.188081
0b_baseline_best,file,13,baseline,3930,068.Ruby_throated_Hummingbird/Ruby_Throated_Hummingbird_0119_57575.jpg,68,67,068.Ruby_throated_Hummingbird,69,68,random_resized_crop,random_resized_crop,0,"{""area_fraction"":0.515589,""aspect"":1.181244,""fallback"":false,""height"":0.660666,""left"":0.16863,""top"":0.162342,""width"":0.780408}",0.14072467,1.0795996,0.93887495,0.86872846,0.33973151,0.099899888,0.029615203,0.76882857,0.31011631,-0.45871226,0.23431171,6.2851627,18.755029,117.87841,False,0.89960593,False,True,False,0.23431171,6.2851627,18.755029,117.87841,0.21707318,6.3829861,18.199543,116.16743,0.65167338,4.4167457,4.5307577,20.011204,-0.16967731,10.981543,2.7378481,30.065797,0.07913708,8.7703057,6.7879682,59.532556,0.28941931,6.0407684,10.325341,62.372995,0.21475948,5.768626,9.2566785,53.398316,0.33451719,5.19673,9.2386293,48.010662
0b_baseline_best,file,13,baseline,3930,068.Ruby_throated_Hummingbird/Ruby_Throated_Hummingbird_0119_57575.jpg,68,67,068.Ruby_throated_Hummingbird,69,68,gaussian_blur,gaussian_blur,0,"{""sigma"":1.967916}",0.14072467,2.3926289,2.2519042,0.86872846,0.09138912,0.099899888,0.06869667,0.76882857,0.022692449,-0.74613612,0.41112795,7.5654423,18.755029,141.89009,False,0.76893252,False,True,False,0.41112795,7.5654423,18.755029,141.89009,0.40703926,7.7329407,18.199543,140.73599,0.62952101,3.9861923,4.5307577,18.060472,-0.02408981,10.801433,2.7378481,29.572684,0.23381488,9.4379678,6.7879682,64.064626,0.52451051,7.6843795,10.325341,79.34384,0.40540246,7.6329365,9.2566785,70.655638,0.45112637,6.4402437,9.2386293,59.499024
0b_baseline_best,file,13,baseline,3930,068.Ruby_throated_Hummingbird/Ruby_Throated_Hummingbird_0119_57575.jpg,68,67,068.Ruby_throated_Hummingbird,69,68,random_erasing,random_erasing,0,"{""area_fraction"":0.091862,""erased"":true,""height"":0.252717,""left"":0.105142,""top"":0.099341,""width"":0.363497}",0.14072467,0.080547586,-0.060177088,0.86872846,0.922611,0.099899888,0.058094721,0.76882857,0.86451628,0.095687706,0.95614009,0.55631341,18.755029,10.433674,False,0.99284691,True,True,True,0.95614009,0.55631341,18.755029,10.433674,0.95388553,0.55334839,18.199543,10.070688,0.99277009,0.60214015,4.5307577,2.7281511,0.95734998,0.53136083,2.7378481,1.4547853,0.91461948,0.52433026,6.7879682,3.5591372,0.96476827,0.53516365,10.325341,5.5257473,0.9629738,0.56594289,9.2566785,5.2387514,0.95392455,0.57943404,9.2386293,5.3531763
0b_baseline_best,file,13,baseline,2088,037.Acadian_Flycatcher/Acadian_Flycatcher_0008_795599.jpg,37,36,037.Acadian_Flycatcher,43,42,identity,identity,0,{},4.5817213,4.5817213,0,0.010237261,0.010237261,0.59882188,0.59882188,-0.58858462,-0.58858462,0,1,1,133.24242,133.24242,False,1,True,False,False,1,1,133.24242,133.24242,1,1,127.86672,127.86672,1,1,37.465247,37.465247,1,1,25.679105,25.679105,1,1,60.039772,60.039772,1,1,61.838252,61.838252,1,1,64.526607,64.526607,1,1,64.01605,64.01605
0b_baseline_best,file,13,baseline,2088,037.Acadian_Flycatcher/Acadian_Flycatcher_0008_795599.jpg,37,36,037.Acadian_Flycatcher,43,42,horizontal_flip,horizontal_flip,0,"{""flipped"":true}",4.5817213,4.8011937,0.21947241,0.010237261,0.0082199285,0.59882188,0.64913094,-0.58858462,-0.64091101,-0.052326394,0.61035014,1.0174444,133.24242,135.56676,False,0.97970021,True,False,False,0.61035014,1.0174444,133.24242,135.56676,0.57758261,1.0143525,127.86672,129.70193,0.97848427,1.0527907,37.465247,39.443062,0.34143473,0.76500855,25.679105,19.644735,0.43510886,0.96391797,60.039772,57.873415,0.55802882,1.0676241,61.838252,66.020006,0.58061978,1.0579497,64.526607,68.265907,0.74917074,0.99638355,64.01605,63.784539
0b_baseline_best,file,13,baseline,2088,037.Acadian_Flycatcher/Acadian_Flycatcher_0008_795599.jpg,37,36,037.Acadian_Flycatcher,43,42,color_jitter,color_jitter,0,"{""brightness"":1.100519,""contrast"":1.018656,""hue"":-0.048767,""saturation"":0.687883}",4.5817213,5.24089,0.65916872,0.010237261,0.0052955416,0.59882188,0.21327862,-0.58858462,-0.20798308,0.38060154,0.76404173,0.99084765,133.24242,132.02294,False,0.96009994,False,False,False,0.76404173,0.99084765,133.24242,132.02294,0.75443628,0.98825506,127.86672,126.36493,0.872749,1.0205615,37.465247,38.235587,0.80162638,0.83856349,25.679105,21.53356,0.74782123,0.89116223,60.039772,53.505177,0.72182355,1.0360289,61.838252,64.066214,0.75828011,0.94876537,64.526607,61.22061,0.78763183,1.081037,64.01605,69.203721
0b_baseline_best,file,13,baseline,2088,037.Acadian_Flycatcher/Acadian_Flycatcher_0008_795599.jpg,37,36,037.Acadian_Flycatcher,43,42,rotation,rotation,0,"{""angle"":-0.995329}",4.5817213,5.2122326,0.63051128,0.010237261,0.0054494925,0.59882188,0.55232978,-0.58858462,-0.54688029,0.041704332,0.8583743,0.99590533,133.24242,132.69684,False,0.99085224,True,False,False,0.8583743,0.99590533,133.24242,132.69684,0.84676534,0.99274099,127.86672,126.93853,0.98904136,1.0320497,37.465247,38.665995,0.82919611,1.0289092,25.679105,26.421467,0.7593088,0.9912758,60.039772,59.515973,0.83141562,0.99361117,61.838252,61.443178,0.87546227,0.95099913,64.526607,61.364747,0.91198006,1.028177,64.01605,65.81983
0b_baseline_best,file,13,baseline,2088,037.Acadian_Flycatcher/Acadian_Flycatcher_0008_795599.jpg,37,36,037.Acadian_Flycatcher,43,42,random_resized_crop,random_resized_crop,0,"{""area_fraction"":0.858501,""aspect"":1.056328,""fallback"":false,""height"":0.901511,""left"":0.040043,""top"":0.041968,""width"":0.952291}",4.5817213,5.2670398,0.68531847,0.010237261,0.0051588598,0.59882188,0.81679732,-0.58858462,-0.81163846,-0.22305384,0.80597641,1.0774661,133.24242,143.56419,False,0.98593235,True,False,False,0.80597641,1.0774661,133.24242,143.56419,0.79329064,1.080608,127.86672,138.1738,0.96002871,1.0401689,37.465247,38.970183,0.81162132,1.1453958,25.679105,29.412738,0.72719893,1.0516286,60.039772,63.13954,0.76808157,1.1474192,61.838252,70.954396,0.8145087,1.0824348,64.526607,69.845847,0.85605489,1.0275919,64.01605,65.782375
0b_baseline_best,file,13,baseline,2088,037.Acadian_Flycatcher/Acadian_Flycatcher_0008_795599.jpg,37,36,037.Acadian_Flycatcher,43,42,gaussian_blur,gaussian_blur,0,"{""sigma"":1.681399}",4.5817213,4.1119733,-0.46974802,0.010237261,0.01637543,0.59882188,0.33423227,-0.58858462,-0.31785684,0.27072778,0.49588668,1.2624316,133.24242,168.20944,False,0.83969694,True,False,False,0.49588668,1.2624316,133.24242,168.20944,0.4842618,1.297268,127.86672,165.8774,0.80596773,0.74502118,37.465247,27.912402,0.51183884,1.015452,25.679105,26.075899,0.4910564,1.3595124,60.039772,81.624814,0.45451314,1.5875207,61.838252,98.169508,0.47358201,1.2194849,64.526607,78.689223,0.55894937,1.0295116,64.01605,65.905268
0b_baseline_best,file,13,baseline,2088,037.Acadian_Flycatcher/Acadian_Flycatcher_0008_795599.jpg,37,36,037.Acadian_Flycatcher,43,42,random_erasing,random_erasing,0,"{""area_fraction"":0.052258,""erased"":true,""height"":0.332168,""left"":0.445242,""top"":0.456442,""width"":0.157325}",4.5817213,1.7760423,-2.805679,0.010237261,0.16930689,0.59882188,0.44468042,-0.58858462,-0.27537353,0.31321108,0.81015506,1.0784608,133.24242,143.69673,False,0.96469975,True,False,False,0.81015506,1.0784608,133.24242,143.69673,0.80299562,1.0990197,127.86672,140.52804,0.96297789,0.80101705,37.465247,30.010301,0.84794301,1.1070087,25.679105,28.426992,0.79709186,1.1617485,60.039772,69.751118,0.77366134,1.1594071,61.838252,71.695711,0.80863113,1.0963239,64.526607,70.74206,0.83489184,0.97929416,64.01605,62.690544
0b_baseline_best,file,13,baseline,3431,060.Glaucous_winged_Gull/Glaucous_Winged_Gull_0078_44461.jpg,60,59,060.Glaucous_winged_Gull,62,61,identity,identity,0,{},4.5692911,4.5692911,0,0.010365305,0.010365305,0.77674288,0.77674288,-0.76637757,-0.76637757,0,1,1,168.50907,168.50907,False,1,True,False,False,1,1,168.50907,168.50907,1,1,164.71338,164.71338,1,1,35.564143,35.564143,1,1,38.744176,38.744176,1,1,78.637165,78.637165,1,1,80.356687,80.356687,1,1,80.825411,80.825411,1,1,80.346991,80.346991
0b_baseline_best,file,13,baseline,3431,060.Glaucous_winged_Gull/Glaucous_Winged_Gull_0078_44461.jpg,60,59,060.Glaucous_winged_Gull,62,61,horizontal_flip,horizontal_flip,0,"{""flipped"":true}",4.5692911,1.8144982,-2.7547929,0.010365305,0.16291966,0.77674288,0.60595036,-0.76637757,-0.4430307,0.32334687,0.66769406,0.96662005,168.50907,162.88424,False,0.95861542,True,False,False,0.66769406,0.96662005,168.50907,162.88424,0.65712898,0.97365762,164.71338,160.37444,0.95549906,0.80090823,35.564143,28.483615,0.67804621,1.1770749,38.744176,45.604798,0.70721333,1.0784801,78.637165,84.80862,0.60619291,0.99725909,80.356687,80.136436,0.61437151,0.90935942,80.825411,73.499349,0.71214685,0.84629787,80.346991,67.997488
0b_baseline_best,file,13,baseline,3431,060.Glaucous_winged_Gull/Glaucous_Winged_Gull_0078_44461.jpg,60,59,060.Glaucous_winged_Gull,62,61,color_jitter,color_jitter,0,"{""brightness"":0.675156,""contrast"":0.924171,""hue"":-0.080251,""saturation"":1.340116}",4.5692911,5.0497913,0.48050022,0.010365305,0.0064106709,0.77674288,0.17968056,-0.76637757,-0.17326989,0.59310768,0.41896091,0.71103738,168.50907,119.81625,False,0.82715249,True,False,False,0.41896091,0.71103738,168.50907,119.81625,0.40590598,0.7124465,164.71338,117.34947,0.71274062,0.68010871,35.564143,24.187483,-0.010908831,0.83482891,38.744176,32.344758,0.2785119,0.57431357,78.637165,45.162391,0.41335,0.68811413,80.356687,55.294572,0.48045056,0.75140205,80.825411,60.732379,0.53051692,0.78114617,80.346991,62.762744
0b_baseline_best,file,13,baseline,3431,060.Glaucous_winged_Gull/Glaucous_Winged_Gull_0078_44461.jpg,60,59,060.Glaucous_winged_Gull,62,61,rotation,rotation,0,"{""angle"":-11.362423}",4.5692911,1.9598883,-2.6094028,0.010365305,0.14087416,0.77674288,0.20546725,-0.76637757,-0.064593092,0.70178448,0.5908287,0.74839811,168.50907,126.11187,False,0.93390387,False,False,False,0.5908287,0.74839811,168.50907,126.11187,0.5818494,0.75159154,164.71338,123.79718,0.8080511,0.67627682,35.564143,24.051206,0.40123382,0.67417847,38.744176,26.120489,0.65382299,0.70219023,78.637165,55.218249,0.52591092,0.75900311,80.356687,60.990975,0.57008406,0.78104215,80.825411,63.128052,0.62527854,0.77619231,80.346991,62.364716
0b_baseline_best,file,13,baseline,3431,060.Glaucous_winged_Gull/Glaucous_Winged_Gull_0078_44461.jpg,60,59,060.Glaucous_winged_Gull,62,61,random_resized_crop,random_resized_crop,0,"{""area_fraction"":0.746666,""aspect"":1.068071,""fallback"":false,""height"":0.836109,""left"":0.105119,""top"":0.146881,""width"":0.893025}",4.5692911,2.9825735,-1.5867176,0.010365305,0.050662294,0.77674288,0.39276224,-0.76637757,-0.34209995,0.42427762,0.69116845,0.9481246,168.50907,159.76759,False,0.96284771,False,False,False,0.69116845,0.9481246,168.50907,159.76759,0.6842915,0.95515901,164.71338,157.32747,0.88464372,0.78214675,35.564143,27.816379,0.61582637,0.85927455,38.744176,33.291884,0.68494562,0.89966255,78.637165,70.746912,0.68864602,0.99232683,80.356687,79.740097,0.66540824,0.98431282,80.825411,79.557488,0.71578571,0.96008584,80.346991,77.140008
0b_baseline_best,file,13,baseline,3431,060.Glaucous_winged_Gull/Glaucous_Winged_Gull_0078_44461.jpg,60,59,060.Glaucous_winged_Gull,62,61,gaussian_blur,gaussian_blur,0,"{""sigma"":1.78055}",4.5692911,4.0720105,-0.4972806,0.010365305,0.017043086,0.77674288,0.084450342,-0.76637757,-0.067407256,0.69897031,0.43876336,1.1731714,168.50907,197.69002,False,0.80073941,False,False,False,0.43876336,1.1731714,168.50907,197.69002,0.43380889,1.1890374,164.71338,195.85037,0.6500179,0.75657134,35.564143,26.906812,0.42987051,1.2446859,38.744176,48.224328,0.36066841,1.0902356,78.637165,85.733034,0.43011208,1.3107961,80.356687,105.33123,0.42166462,1.2524567,80.825411,101.23033,0.53303123,1.0662527,80.346991,85.670196
0b_baseline_best,file,13,baseline,3431,060.Glaucous_winged_Gull/Glaucous_Winged_Gull_0078_44461.jpg,60,59,060.Glaucous_winged_Gull,62,61,random_erasing,random_erasing,0,"{""area_fraction"":0.137179,""erased"":true,""height"":0.296525,""left"":0.323879,""top"":0.395559,""width"":0.462621}",4.5692911,3.3145072,-1.2547839,0.010365305,0.036351956,0.77674288,0.10194559,-0.76637757,-0.065593638,0.70078393,0.56457158,1.1256548,168.50907,189.68304,False,0.87563336,False,False,False,0.56457158,1.1256548,168.50907,189.68304,0.56205439,1.1409071,164.71338,187.92267,0.70681449,0.72495163,35.564143,25.782284,0.69189023,1.3047046,38.744176,50.549705,0.4726791,1.2842272,78.637165,100.98799,0.57571798,1.1579815,80.356687,93.051553,0.60336792,1.0393354,80.825411,84.004711,0.5847267,1.0297679,80.346991,82.738756
0b_baseline_best,file,13,baseline,2718,048.European_Goldfinch/European_Goldfinch_0041_794645.jpg,48,47,048.European_Goldfinch,192,191,identity,identity,0,{},0.0050258492,0.0050258492,0,0.99498677,0.99498677,0.0011767332,0.0011767332,0.99381004,0.99381004,0,1,1,0.72572548,0.72572548,False,1,True,True,True,1,1,0.72572548,0.72572548,1,1,0.71107825,0.71107825,1,1,0.14506962,0.14506962,1,1,0.1047439,0.1047439,1,1,0.29649401,0.29649401,1,1,0.37387149,0.37387149,1,1,0.34866722,0.34866722,1,1,0.3813182,0.3813182
0b_baseline_best,file,13,baseline,2718,048.European_Goldfinch/European_Goldfinch_0041_794645.jpg,48,47,048.European_Goldfinch,192,191,horizontal_flip,horizontal_flip,0,"{""flipped"":true}",0.0050258492,0.0017797597,-0.0032460896,0.99498677,0.99822181,0.0011767332,0.00035342813,0.99381004,0.99786839,0.0040583471,0.60461457,0.33852705,0.72572548,0.2456777,False,0.9814316,True,True,True,0.60461457,0.33852705,0.72572548,0.2456777,0.58787359,0.33741001,0.71107825,0.23992492,0.9788133,0.36433691,0.14506962,0.052854216,0.46332148,0.30925825,0.1047439,0.032392915,0.44436709,0.28782217,0.29649401,0.085337549,0.5631377,0.3008053,0.37387149,0.11246252,0.5498377,0.34140088,0.34866722,0.1190353,0.71783183,0.39262803,0.3813182,0.14971622
0b_baseline_best,file,13,baseline,2718,048.European_Goldfinch/European_Goldfinch_0041_794645.jpg,48,47,048.European_Goldfinch,192,191,color_jitter,color_jitter,0,"{""brightness"":0.818905,""contrast"":1.34595,""hue"":-0.03487,""saturation"":1.254492}",0.0050258492,0.045962796,0.040936946,0.99498677,0.95507747,0.0011767332,0.0045756078,0.99381004,0.95050186,-0.043308178,0.72224177,8.0867335,0.72572548,5.8687485,False,0.95645458,True,True,True,0.72224177,8.0867335,0.72572548,5.8687485,0.71363256,8.1073455,0.71107825,5.764957,0.94523912,7.5746646,0.14506962,1.0988537,0.61582716,9.8332152,0.1047439,1.0299693,0.56242144,7.7232587,0.29649401,2.2898999,0.66416671,7.98098,0.37387149,2.9838608,0.76111971,8.4398119,0.34866722,2.9426858,0.81852418,8.0264334,0.3813182,3.0606252
0b_baseline_best,file,13,baseline,2718,048.European_Goldfinch/European_Goldfinch_0041_794645.jpg,48,47,048.European_Goldfinch,192,191,rotation,rotation,0,"{""angle"":9.044545}",0.0050258492,0.0020705468,-0.0029553024,0.99498677,0.9979316,0.0011767332,0.00062657631,0.99381004,0.99730502,0.0034949839,0.75444867,0.43386989,0.72572548,0.31487043,False,0.97417521,True,True,True,0.75444867,0.43386989,0.72572548,0.31487043,0.74507692,0.4331176,0.71107825,0.3079805,0.97104387,0.4515678,0.14506962,0.065508768,0.68703128,0.42250457,0.1047439,0.044254776,0.72055154,0.38742826,0.29649401,0.11487016,0.70713896,0.41891771,0.37387149,0.15662139,0.73825916,0.44156035,0.34866722,0.15395762,0.8043773,0.46518673,0.3813182,0.17738417
0b_baseline_best,file,13,baseline,2718,048.European_Goldfinch/European_Goldfinch_0041_794645.jpg,48,47,048.European_Goldfinch,192,191,random_resized_crop,random_resized_crop,0,"{""area_fraction"":0.643748,""aspect"":1.026977,""fallback"":false,""height"":0.791731,""left"":0.167373,""top"":0.11258,""width"":0.813089}",0.0050258492,0.0036474622,-0.001378387,0.99498677,0.99635917,0.0011767332,0.001097441,0.99381004,0.99526173,0.0014516892,0.71556934,0.7701906,0.72572548,0.55894694,False,0.97460997,True,True,True,0.71556934,0.7701906,0.72572548,0.55894694,0.70461644,0.76931627,0.71107825,0.54704406,0.97180305,0.79090682,0.14506962,0.11473655,0.59623778,0.94355211,0.1047439,0.098831328,0.69073866,0.72409332,0.29649401,0.21468933,0.69397373,0.75203956,0.37387149,0.28116615,0.67964991,0.75119041,0.34866722,0.26191547,0.75372748,0.81146189,0.3813182,0.30942519
0b_baseline_best,file,13,baseline,2718,048.European_Goldfinch/European_Goldfinch_0041_794645.jpg,48,47,048.European_Goldfinch,192,191,gaussian_blur,gaussian_blur,0,"{""sigma"":1.089097}",0.0050258492,0.013049912,0.0080240625,0.99498677,0.98703486,0.0011767332,0.0025389844,0.99381004,0.98449587,-0.0093141665,0.67618387,2.9746673,0.72572548,2.1587918,False,0.95999348,True,True,True,0.67618387,2.9746673,0.72572548,2.1587918,0.66631439,2.988441,0.71107825,2.1250154,0.9520265,2.6220761,0.14506962,0.38038357,0.44704751,3.8107308,0.1047439,0.39915081,0.54871473,3.0453321,0.29649401,0.90292273,0.63886843,3.1443602,0.37387149,1.1755866,0.69212911,3.0584808,0.34866722,1.066392,0.78633344,2.6510473,0.3813182,1.0108926
0b_baseline_best,file,13,baseline,2718,048.European_Goldfinch/European_Goldfinch_0041_794645.jpg,48,47,048.European_Goldfinch,192,191,random_erasing,random_erasing,0,"{""area_fraction"":0.114244,""erased"":true,""height"":0.20215,""left"":0.218909,""top"":0.707093,""width"":0.565147}",0.0050258492,0.00408446,-0.00094138924,0.99498677,0.99592388,0.0011767332,0.00085382012,0.99381004,0.99507006,0.0012600173,0.98145264,0.83141216,0.72572548,0.60337699,False,0.99407822,True,True,True,0.98145264,0.83141216,0.72572548,0.60337699,0.98101178,0.83242957,0.71107825,0.59192256,0.99285335,0.80658202,0.14506962,0.11701054,0.98224471,0.8244194,0.1047439,0.086352904,0.98331846,0.8249649,0.29649401,0.24459715,0.98513708,0.82435418,0.37387149,0.30820252,0.98107126,0.83677639,0.34866722,0.2917565,0.97575968,0.84155548,0.3813182,0.32090042
0b_baseline_best,file,13,baseline,415,008.Rhinoceros_Auklet/Rhinoceros_Auklet_0010_797545.jpg,8,7,008.Rhinoceros_Auklet,5,4,identity,identity,0,{},0.53631812,0.53631812,0,0.58489782,0.58489782,0.37310731,0.37310731,0.2117905,0.2117905,0,1,1,91.665154,91.665154,False,1,True,True,True,1,1,91.665154,91.665154,1,1,90.267362,90.267362,1,1,15.946904,15.946904,1,1,18.24602,18.24602,1,1,38.262386,38.262386,1,1,47.191681,47.191681,1,1,47.504515,47.504515,1,1,43.214993,43.214993
0b_baseline_best,file,13,baseline,415,008.Rhinoceros_Auklet/Rhinoceros_Auklet_0010_797545.jpg,8,7,008.Rhinoceros_Auklet,5,4,horizontal_flip,horizontal_flip,0,"{""flipped"":true}",0.53631812,0.55283237,0.016514242,0.58489782,0.57531798,0.37310731,0.32871595,0.2117905,0.24660203,0.034811527,0.62738498,0.8206591,91.665154,75.225843,False,0.96579444,True,True,True,0.62738498,0.8206591,91.665154,75.225843,0.61613566,0.8186071,90.267362,73.893503,0.96299235,0.88388969,15.946904,14.095304,0.5042356,0.88225463,18.24602,16.097636,0.4418341,0.7259767,38.262386,27.777601,0.65354711,0.82859937,47.191681,39.102997,0.61488357,0.80573676,47.504515,38.276134,0.71336571,0.87670635,43.214993,37.886859
0b_baseline_best,file,13,baseline,415,008.Rhinoceros_Auklet/Rhinoceros_Auklet_0010_797545.jpg,8,7,008.Rhinoceros_Auklet,5,4,color_jitter,color_jitter,0,"{""brightness"":0.910831,""contrast"":1.366581,""hue"":-0.07527,""saturation"":1.292852}",0.53631812,3.5873051,3.0509869,0.58489782,0.027672809,0.37310731,0.26127654,0.2117905,-0.23360373,-0.44539424,0.55168645,1.5098789,91.665154,138.40328,False,0.84110045,False,True,False,0.55168645,1.5098789,91.665154,138.40328,0.54539137,1.5030482,90.267362,135.6762,0.73313963,1.7143939,15.946904,27.339275,0.63532267,2.1181616,18.24602,38.64802,0.42495826,1.5104364,38.262386,57.792899,0.59967039,1.4209226,47.191681,67.055727,0.53217843,1.337902,47.504515,63.556385,0.58267786,1.6425341,43.214993,70.982097
0b_baseline_best,file,13,baseline,415,008.Rhinoceros_Auklet/Rhinoceros_Auklet_0010_797545.jpg,8,7,008.Rhinoceros_Auklet,5,4,rotation,rotation,0,"{""angle"":2.547446}",0.53631812,0.75809324,0.22177511,0.58489782,0.468559,0.37310731,0.46446925,0.2117905,0.0040897429,-0.20770076,0.85668513,1.2736782,91.665154,116.75191,False,0.9759357,True,True,True,0.85668513,1.2736782,91.665154,116.75191,0.85291721,1.2731329,90.267362,114.92235,0.97582144,1.2910269,15.946904,20.587881,0.80395478,1.2003839,18.24602,21.90223,0.79245214,1.2852054,38.262386,49.175026,0.84450147,1.2288008,47.191681,57.989174,0.87276238,1.2931441,47.504515,61.430184,0.89459728,1.3034366,43.214993,56.328003
0b_baseline_best,file,13,baseline,415,008.Rhinoceros_Auklet/Rhinoceros_Auklet_0010_797545.jpg,8,7,008.Rhinoceros_Auklet,5,4,random_resized_crop,random_resized_crop,0,"{""area_fraction"":0.514534,""aspect"":0.971506,""fallback"":false,""height"":0.727753,""left"":0.181892,""top"":0.120986,""width"":0.707017}",0.53631812,0.68696868,0.15065056,0.58489782,0.50309879,0.37310731,0.33976763,0.2117905,0.16333115,-0.048459351,0.66902615,0.92757326,91.665154,85.026146,False,0.95866263,True,True,True,0.66902615,0.92757326,91.665154,85.026146,0.65946219,0.92440695,90.267362,83.443777,0.9490802,1.0238554,15.946904,16.327324,0.44938446,1.1909041,18.24602,21.72926,0.54595144,0.94644479,38.262386,36.213236,0.65255287,0.86763977,47.191681,40.94538,0.69140267,0.87978642,47.504515,41.793827,0.77251045,0.96969426,43.214993,41.90533
0b_baseline_best,file,13,baseline,415,008.Rhinoceros_Auklet/Rhinoceros_Auklet_0010_797545.jpg,8,7,008.Rhinoceros_Auklet,5,4,gaussian_blur,gaussian_blur,0,"{""sigma"":1.96853}",0.53631812,2.5537682,2.01745,0.58489782,0.077788003,0.37310731,0.31846169,0.2117905,-0.24067368,-0.45246419,0.27299069,1.5839003,91.665154,145.18847,False,0.85040724,False,True,False,0.27299069,1.5839003,91.665154,145.18847,0.26017408,1.5918444,90.267362,143.6916,0.77961365,1.3039914,15.946904,20.794624,-0.26572673,1.7896202,18.24602,32.653446,-0.056414584,1.8295841,38.262386,70.004253,0.24854349,1.4979634,47.191681,70.691411,0.39163577,1.5200778,47.504515,72.21056,0.52320113,1.5468941,43.214993,66.849017
0b_baseline_best,file,13,baseline,415,008.Rhinoceros_Auklet/Rhinoceros_Auklet_0010_797545.jpg,8,7,008.Rhinoceros_Auklet,5,4,random_erasing,random_erasing,0,"{""area_fraction"":0.13192,""erased"":true,""height"":0.238572,""left"":0.167804,""top"":0.322921,""width"":0.552955}",0.53631812,3.5339921,2.9976739,0.58489782,0.029188164,0.37310731,0.049618319,0.2117905,-0.020430155,-0.23222066,0.19386786,1.3007526,91.665154,119.23369,False,0.8188675,False,True,False,0.19386786,1.3007526,91.665154,119.23369,0.17944946,1.2974718,90.267362,117.11935,0.62202425,1.401816,15.946904,22.354625,0.33439128,1.6681615,18.24602,30.437309,0.069742845,1.3522095,38.262386,51.738761,0.15552088,1.3367905,47.191681,63.085392,0.15361798,1.1250966,47.504515,53.447167,0.29117143,1.324708,43.214993,57.247247
0b_baseline_best,file,13,baseline,9953,170.Mourning_Warbler/Mourning_Warbler_0020_166440.jpg,170,169,170.Mourning_Warbler,162,161,identity,identity,0,{},0.0023478104,0.0023478104,0,0.99765491,0.99765491,0.00034723317,0.00034723317,0.99730768,0.99730768,0,1,1,0.3047114,0.3047114,False,1,True,True,True,1,1,0.3047114,0.3047114,1,1,0.29660302,0.29660302,1,1,0.069826114,0.069826114,1,1,0.052952689,0.052952689,1,1,0.11916415,0.11916415,1,1,0.13534817,0.13534817,1,1,0.14865736,0.14865736,1,1,0.17478882,0.17478882
0b_baseline_best,file,13,baseline,9953,170.Mourning_Warbler/Mourning_Warbler_0020_166440.jpg,170,169,170.Mourning_Warbler,162,161,horizontal_flip,horizontal_flip,0,"{""flipped"":true}",0.0023478104,0.0029501272,0.00060231681,0.99765491,0.99705422,0.00034723317,0.00081196602,0.99730768,0.99624225,-0.0010654285,0.54886723,1.3034456,0.3047114,0.39717473,False,0.97605789,True,True,True,0.54886723,1.3034456,0.3047114,0.39717473,0.52605163,1.3042746,0.29660302,0.38685177,0.96564775,1.2883968,0.069826114,0.089963744,0.48287483,1.2342789,0.052952689,0.065358386,0.29331071,1.2292503,0.11916415,0.14648256,0.43442653,1.3200625,0.13534817,0.17866804,0.50021081,1.4065627,0.14865736,0.2090959,0.716412,1.2571274,0.17478882,0.21973181
0b_baseline_best,file,13,baseline,9953,170.Mourning_Warbler/Mourning_Warbler_0020_166440.jpg,170,169,170.Mourning_Warbler,162,161,color_jitter,color_jitter,0,"{""brightness"":1.31575,""contrast"":0.673232,""hue"":0.021052,""saturation"":0.745744}",0.0023478104,0.0026497275,0.00030191708,0.99765491,0.99735379,0.00034723317,0.00010873469,0.99730768,0.99724506,-6.2624182e-05,0.71905597,1.3093748,0.3047114,0.39898143,False,0.96130359,True,True,True,0.71905597,1.3093748,0.3047114,0.39898143,0.70902946,1.3184054,0.29660302,0.39104301,0.93714845,1.134147,0.069826114,0.079193076,0.25923822,1.5034049,0.052952689,0.079609331,0.72681071,1.5116119,0.11916415,0.18012995,0.68303418,1.458605,0.13534817,0.19741952,0.67564289,1.2686137,0.14865736,0.18858876,0.81516611,1.1383587,0.17478882,0.19897237
0b_baseline_best,file,13,baseline,9953,170.Mourning_Warbler/Mourning_Warbler_0020_166440.jpg,170,169,170.Mourning_Warbler,162,161,rotation,rotation,0,"{""angle"":14.715056}",0.0023478104,0.00021932104,-0.0021284894,0.99765491,0.99978071,0.00034723317,1.3849802e-05,0.99730768,0.99976686,0.002459183,0.74528682,0.093642817,0.3047114,0.028534034,False,0.96939278,True,True,True,0.74528682,0.093642817,0.3047114,0.028534034,0.73201913,0.092828272,0.29660302,0.027533146,0.95977065,0.10728258,0.069826114,0.007491126,0.6268636,0.098879723,0.052952689,0.0052359472,0.69421801,0.090363478,0.11916415,0.010768087,0.69987666,0.086171012,0.13534817,0.011663089,0.69890511,0.091646002,0.14865736,0.013623853,0.79975521,0.097942736,0.17478882,0.017119295
0b_baseline_best,file,13,baseline,9953,170.Mourning_Warbler/Mourning_Warbler_0020_166440.jpg,170,169,170.Mourning_Warbler,162,161,random_resized_crop,random_resized_crop,0,"{""area_fraction"":0.678633,""aspect"":1.131904,""fallback"":false,""height"":0.774306,""left"":0.094935,""top"":0.121826,""width"":0.87644}",0.0023478104,0.013304032,0.010956222,0.99765491,0.9867841,0.00034723317,0.0028864276,0.99730768,0.98389767,-0.013410009,0.64746432,6.6746689,0.3047114,2.0338477,False,0.95961589,True,True,True,0.64746432,6.6746689,0.3047114,2.0338477,0.63409557,6.7315815,0.29660302,1.9966074,0.95172024,5.5483754,0.069826114,0.3874215,0.51568436,6.9566718,0.052952689,0.36837448,0.60401975,7.449515,0.11916415,0.88771511,0.52331057,7.3126425,0.13534817,0.98975278,0.63506244,6.880038,0.14865736,1.0227683,0.75786462,5.8261763,0.17478882,1.0183505
0b_baseline_best,file,13,baseline,9953,170.Mourning_Warbler/Mourning_Warbler_0020_166440.jpg,170,169,170.Mourning_Warbler,162,161,gaussian_blur,gaussian_blur,0,"{""sigma"":1.614283}",0.0023478104,0.6204803,0.61813249,0.99765491,0.53768611,0.00034723317,0.0036213358,0.99730768,0.53406477,-0.46324291,0.45581784,311.21392,0.3047114,94.830428,False,0.83163995,True,True,True,0.45581784,311.21392,0.3047114,94.830428,0.44744336,317.03437,0.29660302,94.033351,0.80751461,175.71412,0.069826114,12.269435,0.45820517,346.4759,0.052952689,18.346831,0.50553751,380.51142,0.11916415,45.343319,0.36564279,419.69426,0.13534817,56.804851,0.43429413,306.41455,0.14865736,45.550778,0.59956067,193.84484,0.17478882,33.881911
0b_baseline_best,file,13,baseline,9953,170.Mourning_Warbler/Mourning_Warbler_0020_166440.jpg,170,169,170.Mourning_Warbler,162,161,random_erasing,random_erasing,0,"{""area_fraction"":0.158009,""erased"":true,""height"":0.648248,""left"":0.094171,""top"":0.018721,""width"":0.243747}",0.0023478104,0.0039798589,0.0016320485,0.99765491,0.99602807,0.00034723317,0.00043442086,0.99730768,0.99559364,-0.0017140369,0.93009683,1.71184,0.3047114,0.52161716,False,0.99119639,True,True,True,0.93009683,1.71184,0.3047114,0.52161716,0.92687368,1.7139786,0.29660302,0.50837121,0.98994638,1.672784,0.069826114,0.11680401,0.91589394,1.6576727,0.052952689,0.087778229,0.91324548,1.7928162,0.11916415,0.21363942,0.92404887,1.6938312,0.13534817,0.22925695,0.92343627,1.7145374,0.14865736,0.25487859,0.93939721,1.6930529,0.17478882,0.29592672
0b_baseline_best,file,13,baseline,2684,047.American_Goldfinch/American_Goldfinch_0045_31974.jpg,47,46,047.American_Goldfinch,177,176,identity,identity,0,{},0.042868238,0.042868238,0,0.95803761,0.95803761,0.021577837,0.021577837,0.93645978,0.93645978,0,1,1,7.0207141,7.0207141,False,0.99999994,True,True,True,1,1,7.0207141,7.0207141,1,1,6.900735,6.900735,1,1,1.2923942,1.2923942,1,1,1.2854507,1.2854507,1,1,2.7091388,2.7091388,1,1,3.5551844,3.5551844,1,1,3.8222026,3.8222026,1,1,3.3733897,3.3733897
0b_baseline_best,file,13,baseline,2684,047.American_Goldfinch/American_Goldfinch_0045_31974.jpg,47,46,047.American_Goldfinch,177,176,horizontal_flip,horizontal_flip,0,"{""flipped"":true}",0.042868238,0.0078927306,-0.034975507,0.95803761,0.99213833,0.021577837,0.0025588681,0.93645978,0.98957946,0.05311968,0.55618613,0.16596602,7.0207141,1.1652,False,0.95952225,True,True,True,0.55618613,0.16596602,7.0207141,1.1652,0.54211487,0.16553473,6.900735,1.1423113,0.9310132,0.17782284,1.2923942,0.22981721,0.61791534,0.15937211,1.2854507,0.204865,0.53018725,0.1509106,2.7091388,0.40883776,0.31871043,0.15515828,3.5551844,0.55161628,0.55391509,0.16574599,3.8222026,0.63351476,0.73901198,0.18515749,3.3733897,0.62460837
0b_baseline_best,file,13,baseline,2684,047.American_Goldfinch/American_Goldfinch_0045_31974.jpg,47,46,047.American_Goldfinch,177,176,color_jitter,color_jitter,0,"{""brightness"":0.815566,""contrast"":0.739083,""hue"":0.065335,""saturation"":0.701782}",0.042868238,3.3946548,3.3517865,0.95803761,0.033552136,0.021577837,0.0026185203,0.93645978,0.030933616,-0.90552616,0.32131529,27.038711,7.0207141,189.83106,False,0.6244998,False,True,False,0.32131529,27.038711,7.0207141,189.83106,0.31669595,27.273105,6.900735,188.20447,0.52809071,19.187121,1.2923942,24.797323,0.036807189,40.462734,1.2854507,52.012851,0.070177494,34.847247,2.7091388,94.406027,0.38193939,29.443483,3.5551844,104.67701,0.43849866,22.87176,3.8222026,87.420499,0.42016351,21.383556,3.3733897,72.135069
0b_baseline_best,file,13,baseline,2684,047.American_Goldfinch/American_Goldfinch_0045_31974.jpg,47,46,047.American_Goldfinch,177,176,rotation,rotation,0,"{""angle"":12.746468}",0.042868238,0.035712067,-0.0071561709,0.95803761,0.96491808,0.021577837,0.016105963,0.93645978,0.94881211,0.012352336,0.79690043,0.79252116,7.0207141,5.5640644,False,0.98410356,True,True,True,0.79690043,0.79252116,7.0207141,5.5640644,0.79020821,0.79180551,6.900735,5.46404,0.98306086,0.81265934,1.2923942,1.0502762,0.61209522,0.8990441,1.2854507,1.1556769,0.72321112,0.77798107,2.7091388,2.1076587,0.74803951,0.78080708,3.5551844,2.7759131,0.81183371,0.78365876,3.8222026,2.9953025,0.88047494,0.80641893,3.3733897,2.7203654
0b_baseline_best,file,13,baseline,2684,047.American_Goldfinch/American_Goldfinch_0045_31974.jpg,47,46,047.American_Goldfinch,177,176,random_resized_crop,random_resized_crop,0,"{""area_fraction"":0.560008,""aspect"":0.951696,""fallback"":false,""height"":0.767093,""left"":0.01506,""top"":0.078005,""width"":0.730039}",0.042868238,0.051309299,0.0084410608,0.95803761,0.94998479,0.021577837,0.0029032475,0.93645978,0.94708154,0.010621764,0.54631461,1.3006359,7.0207141,9.1313927,False,0.96042645,True,True,True,0.54631461,1.3006359,7.0207141,9.1313927,0.53724523,1.3028149,6.900735,8.9903805,0.81937722,1.2368975,1.2923942,1.5985591,0.50037409,1.4336695,1.2854507,1.8429115,0.39070041,1.2739997,2.7091388,3.4514418,0.44592057,1.3079823,3.5551844,4.6501182,0.61667946,1.3325686,3.8222026,5.093347,0.63770898,1.2560142,3.3733897,4.2370255
0b_baseline_best,file,13,baseline,2684,047.American_Goldfinch/American_Goldfinch_0045_31974.jpg,47,46,047.American_Goldfinch,177,176,gaussian_blur,gaussian_blur,0,"{""sigma"":1.931479}",0.042868238,3.5102732,3.467405,0.95803761,0.029888745,0.021577837,0.042811301,0.93645978,-0.012922555,-0.94938233,0.29742247,17.478602,7.0207141,122.71226,False,0.66236806,False,True,False,0.29742247,17.478602,7.0207141,122.71226,0.28813665,17.530684,6.900735,120.9746,0.59024332,15.922213,1.2923942,20.577775,-0.096536145,19.220938,1.2854507,24.707569,0.022039127,19.219796,2.7091388,52.069093,0.27950792,18.970927,3.5551844,67.445142,0.38966375,16.865062,3.8222026,64.461684,0.44959778,15.141686,3.3733897,51.078807
0b_baseline_best,file,13,baseline,2684,047.American_Goldfinch/American_Goldfinch_0045_31974.jpg,47,46,047.American_Goldfinch,177,176,random_erasing,random_erasing,0,"{""area_fraction"":0.06963,""erased"":true,""height"":0.337495,""left"":0.537757,""top"":0.576253,""width"":0.206314}",0.042868238,0.024632111,-0.018236127,0.95803761,0.97566879,0.021577837,0.0084747076,0.93645978,0.96719408,0.030734302,0.9095453,0.57795223,7.0207141,4.0576374,False,0.99264574,True,True,True,0.9095453,0.57795223,7.0207141,4.0576374,0.90741046,0.57751274,6.900735,3.9852624,0.96929895,0.59034461,1.2923942,0.76295793,0.89962187,0.55466864,1.2854507,0.7129992,0.8956514,0.53990961,2.7091388,1.4626901,0.90085569,0.54378757,3.5551844,1.9332651,0.91266935,0.60391389,3.8222026,2.3082812,0.92009909,0.60525662,3.3733897,2.0417665
0b_baseline_best,file,13,baseline,4006,069.Rufous_Hummingbird/Rufous_Hummingbird_0113_59444.jpg,69,68,069.Rufous_Hummingbird,38,37,identity,identity,0,{},0.99075145,0.99075145,0,0.37129757,0.37129757,0.16862485,0.16862485,0.20267272,0.20267272,0,1,1,109.674,109.674,False,1,True,True,True,1,1,109.674,109.674,1,1,107.57866,107.57866,1,1,21.335816,21.335816,1,1,20.328451,20.328451,1,1,42.180152,42.180152,1,1,58.246533,58.246533,1,1,56.320503,56.320503,1,1,53.066936,53.066936
0b_baseline_best,file,13,baseline,4006,069.Rufous_Hummingbird/Rufous_Hummingbird_0113_59444.jpg,69,68,069.Rufous_Hummingbird,38,37,horizontal_flip,horizontal_flip,0,"{""flipped"":true}",0.99075145,1.3736032,0.38285178,0.37129757,0.25319302,0.16862485,0.070558615,0.20267272,0.18263441,-0.020038314,0.67223639,0.91999974,109.674,100.90005,False,0.95103741,True,True,True,0.67223639,0.91999974,109.674,100.90005,0.66107171,0.91263936,107.57866,98.180522,0.9199788,1.0905657,21.335816,23.268109,0.59705404,0.91461003,20.328451,18.592605,0.59398448,0.90510761,42.180152,38.177576,0.65479439,0.90619625,58.246533,52.78279,0.66690093,0.89665014,56.320503,50.499787,0.71241179,0.94219706,53.066936,49.999511
0b_baseline_best,file,13,baseline,4006,069.Rufous_Hummingbird/Rufous_Hummingbird_0113_59444.jpg,69,68,069.Rufous_Hummingbird,38,37,color_jitter,color_jitter,0,"{""brightness"":1.139658,""contrast"":1.321413,""hue"":0.071493,""saturation"":0.965011}",0.99075145,3.5296597,2.5389083,0.37129757,0.029314885,0.16862485,0.010994586,0.20267272,0.018320299,-0.18435242,0.52837671,1.1236215,109.674,123.23206,False,0.8674323,False,True,False,0.52837671,1.1236215,109.674,123.23206,0.51551268,1.1002275,107.57866,118.361,0.78849355,1.6078467,21.335816,34.304721,0.46999738,1.1115414,20.328451,22.595915,0.5425849,1.1868176,42.180152,50.060145,0.54262561,1.0091343,58.246533,58.778577,0.47136738,1.0745161,56.320503,60.517286,0.52614036,1.1731085,53.066936,62.253275
0b_baseline_best,file,13,baseline,4006,069.Rufous_Hummingbird/Rufous_Hummingbird_0113_59444.jpg,69,68,069.Rufous_Hummingbird,38,37,rotation,rotation,0,"{""angle"":2.115161}",0.99075145,1.4006498,0.40989834,0.37129757,0.24643677,0.16862485,0.15986063,0.20267272,0.086576149,-0.11609657,0.83116238,1.1921209,109.674,130.74466,False,0.97032428,True,True,True,0.83116238,1.1921209,109.674,130.74466,0.82610003,1.1920393,107.57866,128.23799,0.95963359,1.1941937,21.335816,25.479098,0.63214226,1.0729079,20.328451,21.810556,0.77807803,1.148305,42.180152,48.43568,0.82567066,1.1942177,58.246533,69.559041,0.83719538,1.2045396,56.320503,67.840276,0.86908845,1.2186925,53.066936,64.672274
0b_baseline_best,file,13,baseline,4006,069.Rufous_Hummingbird/Rufous_Hummingbird_0113_59444.jpg,69,68,069.Rufous_Hummingbird,38,37,random_resized_crop,random_resized_crop,0,"{""area_fraction"":0.593303,""aspect"":0.79477,""fallback"":false,""height"":0.864007,""left"":0.06297,""top"":0.036256,""width"":0.686687}",0.99075145,1.2399172,0.24916571,0.37129757,0.28940821,0.16862485,0.083333999,0.20267272,0.20607421,0.0034014881,0.71199724,1.1460178,109.674,125.68835,False,0.94624746,True,True,True,0.71199724,1.1460178,109.674,125.68835,0.70363138,1.1476329,107.57866,123.46081,0.93357078,1.1041622,21.335816,23.558203,0.635805,1.2492714,20.328451,25.395752,0.74413432,1.3214761,42.180152,55.740063,0.69203361,1.1526698,58.246533,67.139022,0.67570676,1.1020748,56.320503,62.069409,0.7407177,1.0543308,53.066936,55.950104
0b_baseline_best,file,13,baseline,4006,069.Rufous_Hummingbird/Rufous_Hummingbird_0113_59444.jpg,69,68,069.Rufous_Hummingbird,38,37,gaussian_blur,gaussian_blur,0,"{""sigma"":1.664398}",0.99075145,4.0215077,3.0307563,0.37129757,0.017925916,0.16862485,0.0074757165,0.20267272,0.0104502,-0.19222252,0.51698347,1.3505166,109.674,148.11656,False,0.83916718,False,True,False,0.51698347,1.3505166,109.674,148.11656,0.50674058,1.3500428,107.57866,145.2358,0.7750311,1.3625088,21.335816,29.070237,0.60982188,1.2235771,20.328451,24.873427,0.460849,1.3804355,42.180152,58.22698,0.47530511,1.3642559,58.246533,79.463176,0.50512026,1.4160344,56.320503,79.75177,0.56996096,1.2513445,53.066936,66.405017
0b_baseline_best,file,13,baseline,4006,069.Rufous_Hummingbird/Rufous_Hummingbird_0113_59444.jpg,69,68,069.Rufous_Hummingbird,38,37,random_erasing,random_erasing,0,"{""area_fraction"":0.18774,""erased"":true,""height"":0.237343,""left"":0.084472,""top"":0.716432,""width"":0.79101}",0.99075145,1.264477,0.27372557,0.37129757,0.28238693,0.16862485,0.10848095,0.20267272,0.17390598,-0.028766744,0.92780943,0.97876017,109.674,107.34454,False,0.97663146,True,True,True,0.92780943,0.97876017,109.674,107.34454,0.92687571,0.97122897,107.57866,104.48351,0.96097409,1.1538343,21.335816,24.617998,0.89949873,0.91971145,20.328451,18.696309,0.9193881,1.0507997,42.180152,44.322891,0.93877449,0.94545167,58.246533,55.069282,0.93600612,0.94696586,56.320503,53.333594,0.9149245,0.98380697,53.066936,52.207621
0b_baseline_best,file,13,baseline,148,003.Sooty_Albatross/Sooty_Albatross_0017_796349.jpg,3,2,003.Sooty_Albatross,1,0,identity,identity,0,{},0.78834617,0.78834617,0,0.45459598,0.45459598,0.36626351,0.36626351,0.088332474,0.088332474,0,1,1,77.055842,77.055842,False,1,True,True,True,1,1,77.055842,77.055842,1,1,74.264301,74.264301,1,1,20.552771,20.552771,1,1,18.377188,18.377188,1,1,31.691971,31.691971,1,1,38.728923,38.728923,1,1,34.82326,34.82326,1,1,38.216429,38.216429
0b_baseline_best,file,13,baseline,148,003.Sooty_Albatross/Sooty_Albatross_0017_796349.jpg,3,2,003.Sooty_Albatross,1,0,horizontal_flip,horizontal_flip,0,"{""flipped"":true}",0.78834617,2.3369923,1.5486461,0.45459598,0.096617803,0.36626351,0.83974832,0.088332474,-0.74313052,-0.83146299,0.56311067,2.177814,77.055842,167.81329,False,0.95667958,False,True,False,0.56311067,2.177814,77.055842,167.81329,0.54017553,2.2029724,74.264301,163.6022,0.93584874,1.8176632,20.552771,37.358015,0.18455293,2.2194556,18.377188,40.787353,0.55691248,2.7791914,31.691971,88.078052,0.54289892,2.2444846,38.728923,86.926472,0.51926559,1.9839661,34.82326,69.088167,0.6625733,1.8530318,38.216429,70.81626
0b_baseline_best,file,13,baseline,148,003.Sooty_Albatross/Sooty_Albatross_0017_796349.jpg,3,2,003.Sooty_Albatross,1,0,color_jitter,color_jitter,0,"{""brightness"":0.947044,""contrast"":0.906899,""hue"":-0.090348,""saturation"":0.981734}",0.78834617,0.94476175,0.15641558,0.45459598,0.38877219,0.36626351,0.5068292,0.088332474,-0.11805701,-0.20638949,0.80695041,1.3977211,77.055842,107.70257,False,0.97714984,False,True,False,0.80695041,1.3977211,77.055842,107.70257,0.79583065,1.4041618,74.264301,104.2791,0.96426839,1.3107274,20.552771,26.939081,0.71208236,1.1254439,18.377188,20.682495,0.79507293,1.6513478,31.691971,52.334467,0.81794079,1.475272,38.728923,57.135696,0.75700514,1.2673758,34.82326,44.134157,0.83833516,1.3070699,38.216429,49.951543
0b_baseline_best,file,13,baseline,148,003.Sooty_Albatross/Sooty_Albatross_0017_796349.jpg,3,2,003.Sooty_Albatross,1,0,rotation,rotation,0,"{""angle"":12.213986}",0.78834617,0.71779299,-0.070553184,0.45459598,0.48782769,0.36626351,0.25635049,0.088332474,0.2314772,0.14314473,0.64733675,1.0840629,77.055842,83.533379,False,0.92315102,True,True,True,0.64733675,1.0840629,77.055842,83.533379,0.63494985,1.1038744,74.264301,81.97846,0.9132552,0.78054526,20.552771,16.042368,0.4837053,1.7030908,18.377188,31.29802,0.61947872,1.2608581,31.691971,39.959078,0.70232252,1.1106345,38.728923,43.013677,0.61100284,0.95399886,34.82326,33.22135,0.70236298,0.90278697,38.216429,34.501295
0b_baseline_best,file,13,baseline,148,003.Sooty_Albatross/Sooty_Albatross_0017_796349.jpg,3,2,003.Sooty_Albatross,1,0,random_resized_crop,random_resized_crop,0,"{""area_fraction"":0.639993,""aspect"":0.822058,""fallback"":false,""height"":0.882341,""left"":0.03916,""top"":0.111601,""width"":0.725335}",0.78834617,3.0781887,2.2898425,0.45459598,0.04604258,0.36626351,0.29873508,0.088332474,-0.2526925,-0.34102498,0.5845353,1.5803024,77.055842,121.77153,False,0.88375497,False,True,False,0.5845353,1.5803024,77.055842,121.77153,0.56758773,1.5944148,74.264301,118.4081,0.84521182,1.3828937,20.552771,28.422298,0.26892197,1.6491464,18.377188,30.306674,0.42824247,1.3662942,31.691971,43.300555,0.63141637,1.7932445,38.728923,69.450429,0.60193806,1.6422034,34.82326,57.186876,0.63414373,1.4647179,38.216429,55.97629
0b_baseline_best,file,13,baseline,148,003.Sooty_Albatross/Sooty_Albatross_0017_796349.jpg,3,2,003.Sooty_Albatross,1,0,gaussian_blur,gaussian_blur,0,"{""sigma"":1.27135}",0.78834617,0.42568573,-0.36266044,0.45459598,0.65332162,0.36626351,0.057814457,0.088332474,0.59550717,0.50717469,0.45942096,0.87110835,77.055842,67.123988,False,0.8479383,True,True,True,0.45942096,0.87110835,77.055842,67.123988,0.44755212,0.89106084,74.264301,66.174011,0.76455127,0.54751755,20.552771,11.253003,0.23829756,1.3216921,18.377188,24.288984,0.22093909,0.83171729,31.691971,26.35876,0.50470948,1.0000591,38.728923,38.731212,0.53249604,0.86144277,34.82326,29.998245,0.59105381,0.6894626,38.216429,26.348799
0b_baseline_best,file,13,baseline,148,003.Sooty_Albatross/Sooty_Albatross_0017_796349.jpg,3,2,003.Sooty_Albatross,1,0,random_erasing,random_erasing,0,"{""area_fraction"":0.126093,""erased"":true,""height"":0.463941,""left"":0.2715,""top"":0.213429,""width"":0.271786}",0.78834617,1.4997725,0.71142638,0.45459598,0.2231809,0.36626351,0.24984388,0.088332474,-0.026662976,-0.11499545,0.76743561,1.2551995,77.055842,96.720456,False,0.94445467,False,True,False,0.76743561,1.2551995,77.055842,96.720456,0.75883243,1.2664795,74.264301,94.054213,0.90448044,1.0973365,20.552771,22.553305,0.87611614,1.4681738,18.377188,26.980906,0.80663838,1.3377025,31.691971,42.394428,0.74717484,1.2674242,38.728923,49.085974,0.71131256,1.2057077,34.82326,41.986672,0.7461295,1.2129145,38.216429,46.35326
0b_baseline_best,file,13,baseline,1017,019.Gray_Catbird/Gray_Catbird_0080_20139.jpg,19,18,019.Gray_Catbird,76,75,identity,identity,0,{},1.1184136,1.1184136,0,0.32679781,0.32679781,0.094194509,0.094194509,0.2326033,0.2326033,0,1,1,84.553801,84.553801,False,1,True,True,True,1,1,84.553801,84.553801,1,1,82.852851,82.852851,1,1,16.874546,16.874546,1,1,17.615526,17.615526,1,1,35.236647,35.236647,1,1,41.64743,41.64743,1,1,39.963799,39.963799,1,1,44.509023,44.509023
0b_baseline_best,file,13,baseline,1017,019.Gray_Catbird/Gray_Catbird_0080_20139.jpg,19,18,019.Gray_Catbird,76,75,horizontal_flip,horizontal_flip,0,"{""flipped"":true}",1.1184136,2.321249,1.2028354,0.32679781,0.098150924,0.094194509,0.078025766,0.2326033,0.020125158,-0.21247815,0.62014013,1.3688477,84.553801,115.74128,False,0.93539095,True,True,True,0.62014013,1.3688477,84.553801,115.74128,0.60760357,1.3706087,82.852851,113.55884,0.93293672,1.3256859,16.874546,22.370348,0.59214246,1.2811857,17.615526,22.56876,0.56381765,1.397853,35.236647,49.255654,0.59048371,1.4116298,41.64743,58.790751,0.58819177,1.4123422,39.963799,56.442562,0.6748583,1.2941717,44.509023,57.602317
0b_baseline_best,file,13,baseline,1017,019.Gray_Catbird/Gray_Catbird_0080_20139.jpg,19,18,019.Gray_Catbird,76,75,color_jitter,color_jitter,0,"{""brightness"":0.930601,""contrast"":0.952959,""hue"":0.083188,""saturation"":0.712696}",1.1184136,1.5439159,0.4255023,0.32679781,0.21354327,0.094194509,0.10386691,0.2326033,0.10967635,-0.12292695,0.83932398,1.2742392,84.553801,107.74177,False,0.96961558,True,True,True,0.83932398,1.2742392,84.553801,107.74177,0.83432991,1.2770052,82.852851,105.80352,0.96818048,1.2056394,16.874546,20.344618,0.75690049,1.3134969,17.615526,23.13794,0.79868481,1.3202934,35.236647,46.522714,0.83623143,1.3508182,41.64743,56.258105,0.8479311,1.2551553,39.963799,50.160774,0.86279708,1.1917403,44.509023,53.043196
0b_baseline_best,file,13,baseline,1017,019.Gray_Catbird/Gray_Catbird_0080_20139.jpg,19,18,019.Gray_Catbird,76,75,rotation,rotation,0,"{""angle"":11.304498}",1.1184136,2.439507,1.3210934,0.32679781,0.08720383,0.094194509,0.10954622,0.2326033,-0.022342391,-0.2549457,0.70738593,1.3743357,84.553801,116.20531,False,0.92984682,False,True,False,0.70738593,1.3743357,84.553801,116.20531,0.69914084,1.3788379,82.852851,114.24065,0.92746177,1.2609451,16.874546,21.277877,0.58093109,1.6825819,17.615526,29.639566,0.69642204,1.5484359,35.236647,54.56169,0.70684725,1.333899,41.64743,55.553466,0.69443849,1.332423,39.963799,53.248686,0.73117027,1.2855242,44.509023,57.217427
0b_baseline_best,file,13,baseline,1017,019.Gray_Catbird/Gray_Catbird_0080_20139.jpg,19,18,019.Gray_Catbird,76,75,random_resized_crop,random_resized_crop,0,"{""area_fraction"":0.827492,""aspect"":0.928084,""fallback"":false,""height"":0.944253,""left"":0.049249,""top"":0.011897,""width"":0.876346}",1.1184136,1.6981509,0.57973731,0.32679781,0.18302163,0.094194509,0.083247416,0.2326033,0.099774219,-0.13282908,0.7587784,1.2932726,84.553801,109.35111,False,0.96345079,True,True,True,0.7587784,1.2932726,84.553801,109.35111,0.75247045,1.3020863,82.852851,107.88156,0.96153273,1.0588218,16.874546,17.867138,0.68656593,1.5650123,17.615526,27.568515,0.76273247,1.453104,35.236647,51.202513,0.73902557,1.2914942,41.64743,53.787413,0.72679391,1.2785745,39.963799,51.096694,0.80361493,1.1787875,44.509023,52.46668
0b_baseline_best,file,13,baseline,1017,019.Gray_Catbird/Gray_Catbird_0080_20139.jpg,19,18,019.Gray_Catbird,76,75,gaussian_blur,gaussian_blur,0,"{""sigma"":1.919027}",1.1184136,4.9394712,3.8210577,0.32679781,0.0071583805,0.094194509,0.014893356,0.2326033,-0.0077349753,-0.24033828,0.35276397,1.5800345,84.553801,133.59792,False,0.80295783,False,True,False,0.35276397,1.5800345,84.553801,133.59792,0.33777104,1.5897974,82.852851,131.71924,0.79284245,1.3230512,16.874546,22.325889,0.29349984,1.8918429,17.615526,33.325809,0.14023926,1.5657963,35.236647,55.173413,0.29914966,1.6986638,41.64743,70.74498,0.36579162,1.6480796,39.963799,65.863523,0.50570323,1.394495,44.509023,62.067611
0b_baseline_best,file,13,baseline,1017,019.Gray_Catbird/Gray_Catbird_0080_20139.jpg,19,18,019.Gray_Catbird,76,75,random_erasing,random_erasing,0,"{""area_fraction"":0.19723,""erased"":true,""height"":0.28908,""left"":0.031042,""top"":0.08304,""width"":0.682269}",1.1184136,1.5507734,0.43235981,0.32679781,0.21208388,0.094194509,0.054209646,0.2326033,0.15787423,-0.074729074,0.82213086,1.1387229,84.553801,96.28335,False,0.93658757,True,True,True,0.82213086,1.1387229,84.553801,96.28335,0.81750007,1.1373376,82.852851,94.231665,0.93084811,1.1716227,16.874546,19.770601,0.75461445,0.91362967,17.615526,16.094067,0.80739346,1.0789288,35.236647,38.017833,0.82497162,1.1670509,41.64743,48.60467,0.80146319,1.1803753,39.963799,47.172283,0.84188698,1.1428783,44.509023,50.868398
0b_baseline_best,file,13,baseline,671,013.Bobolink/Bobolink_0101_9811.jpg,13,12,013.Bobolink,108,107,identity,identity,0,{},0.0051593967,0.0051593967,0,0.99485391,0.99485391,0.0018518049,0.0018518049,0.99300211,0.99300211,0,1,1,0.63081058,0.63081058,False,0.99999988,True,True,True,1,1,0.63081058,0.63081058,1,1,0.60754387,0.60754387,1,1,0.16974225,0.16974225,1,1,0.12956288,0.12956288,1,1,0.21004215,0.21004215,1,1,0.25328567,0.25328567,1,1,0.31181193,0.31181193,1,1,0.38317751,0.38317751
0b_baseline_best,file,13,baseline,671,013.Bobolink/Bobolink_0101_9811.jpg,13,12,013.Bobolink,108,107,horizontal_flip,horizontal_flip,0,"{""flipped"":true}",0.0051593967,0.070585735,0.065426338,0.99485391,0.93184787,0.0018518049,0.0042617475,0.99300211,0.92758612,-0.065415986,0.56253553,15.059008,0.63081058,9.4993815,False,0.95902109,True,True,True,0.56253553,15.059008,0.63081058,9.4993815,0.54479047,15.338347,0.60754387,9.3187189,0.9155302,10.862555,0.16974225,1.8438346,0.62066171,20.368561,0.12956288,2.6390094,0.52724584,18.56192,0.21004215,3.8987857,0.44283866,15.718555,0.25328567,3.9812847,0.45454769,14.579708,0.31181193,4.5461268,0.66371165,13.847882,0.38317751,5.3061969
0b_baseline_best,file,13,baseline,671,013.Bobolink/Bobolink_0101_9811.jpg,13,12,013.Bobolink,108,107,color_jitter,color_jitter,0,"{""brightness"":0.73685,""contrast"":0.984564,""hue"":-0.03688,""saturation"":1.325199}",0.0051593967,0.029528799,0.024369402,0.99485391,0.97090292,0.0018518049,0.01004153,0.99300211,0.96086139,-0.032140719,0.73965132,5.774807,0.63081058,3.6428093,False,0.96161473,True,True,True,0.73965132,5.774807,0.63081058,3.6428093,0.72405281,5.8069877,0.60754387,3.5279998,0.95910226,5.3454355,0.16974225,0.90734626,0.5151132,4.9023723,0.12956288,0.63516547,0.56625662,6.3410308,0.21004215,1.3318838,0.68808266,6.4985466,0.25328567,1.6459887,0.74022493,5.8747408,0.31181193,1.8318143,0.81642643,5.3513442,0.38317751,2.0505147
0b_baseline_best,file,13,baseline,671,013.Bobolink/Bobolink_0101_9811.jpg,13,12,013.Bobolink,108,107,rotation,rotation,0,"{""angle"":14.933811}",0.0051593967,0.18980293,0.18464353,0.99485391,0.82712209,0.0018518049,0.055815544,0.99300211,0.77130655,-0.22169556,0.57936832,32.38879,0.63081058,20.431191,False,0.94498789,True,True,True,0.57936832,32.38879,0.63081058,20.431191,0.55713022,32.787817,0.60754387,19.920038,0.93977545,26.755564,0.16974225,4.5415496,0.34953739,34.692456,0.12956288,4.4948544,0.30147268,32.37566,0.21004215,6.8002534,0.49521965,36.242752,0.25328567,9.1797697,0.54210735,34.074675,0.31181193,10.62489,0.71476167,30.120285,0.38317751,11.541416
0b_baseline_best,file,13,baseline,671,013.Bobolink/Bobolink_0101_9811.jpg,13,12,013.Bobolink,108,107,random_resized_crop,random_resized_crop,0,"{""area_fraction"":0.531928,""aspect"":0.926653,""fallback"":false,""height"":0.757649,""left"":0.225693,""top"":0.113861,""width"":0.702078}",0.0051593967,2.7016923,2.6965329,0.99485391,0.067091875,0.0018518049,0.065366723,0.99300211,0.0017251521,-0.99127696,0.4205474,184.34944,0.63081058,116.28958,False,0.80469167,False,True,False,0.4205474,184.34944,0.63081058,116.28958,0.40214422,187.11812,0.60754387,113.68247,0.73984919,144.25389,0.16974225,24.48598,0.38658209,289.60965,0.12956288,37.522659,0.10190759,225.35242,0.21004215,47.333508,0.45845503,210.62842,0.25328567,53.34916,0.41936655,175.68258,0.31181193,54.779925,0.51365568,152.80607,0.38317751,58.551847
0b_baseline_best,file,13,baseline,671,013.Bobolink/Bobolink_0101_9811.jpg,13,12,013.Bobolink,108,107,gaussian_blur,gaussian_blur,0,"{""sigma"":1.488436}",0.0051593967,0.15410896,0.14894956,0.99485391,0.85717863,0.0018518049,0.0077701472,0.99300211,0.84940848,-0.14359363,0.3587308,42.338962,0.63081058,26.707865,False,0.86254573,True,True,True,0.3587308,42.338962,0.63081058,26.707865,0.34146778,43.428006,0.60754387,26.384419,0.81052786,24.413322,0.16974225,4.1439722,0.024038234,56.443664,0.12956288,7.3130035,0.0071378819,59.707295,0.21004215,12.541049,0.27982533,52.699237,0.25328567,13.347962,0.42296414,42.766393,0.31181193,13.335072,0.62572958,29.685613,0.38317751,11.374859
0b_baseline_best,file,13,baseline,671,013.Bobolink/Bobolink_0101_9811.jpg,13,12,013.Bobolink,108,107,random_erasing,random_erasing,0,"{""area_fraction"":0.143513,""erased"":true,""height"":0.648322,""left"":0.474126,""top"":0.255888,""width"":0.22136}",0.0051593967,0.0027977393,-0.0023616573,0.99485391,0.99720615,0.0018518049,0.00090366928,0.99300211,0.99630248,0.0033003733,0.87822363,0.58085201,0.63081058,0.36640759,False,0.98143804,True,True,True,0.87822363,0.58085201,0.63081058,0.36640759,0.87030575,0.58038991,0.60754387,0.35261233,0.97860828,0.58673963,0.16974225,0.099594505,0.85984314,0.64573315,0.12956288,0.083663046,0.85780769,0.62787702,0.21004215,0.13188064,0.86005311,0.61867705,0.25328567,0.15670203,0.85675062,0.55676562,0.31181193,0.17360616,0.89373907,0.55514142,0.38317751,0.21271771
0b_baseline_best,file,13,baseline,151,003.Sooty_Albatross/Sooty_Albatross_0075_796352.jpg,3,2,003.Sooty_Albatross,9,8,identity,identity,0,{},1.7206839,1.7206839,0,0.17894371,0.17894371,0.59837949,0.59837949,-0.41943578,-0.41943578,0,1,1,159.65922,159.65922,False,1,True,False,False,1,1,159.65922,159.65922,1,1,157.33428,157.33428,1,1,27.147564,27.147564,1,1,48.885882,48.885882,1,1,81.029898,81.029898,1,1,82.914891,82.914891,1,1,72.20153,72.20153,1,1,60.91357,60.91357
0b_baseline_best,file,13,baseline,151,003.Sooty_Albatross/Sooty_Albatross_0075_796352.jpg,3,2,003.Sooty_Albatross,9,8,horizontal_flip,horizontal_flip,0,"{""flipped"":true}",1.7206839,0.9386245,-0.78205943,0.17894371,0.39116552,0.59837949,0.23236562,-0.41943578,0.1587999,0.57823569,0.63045455,0.68469005,159.65922,109.31708,False,0.96113038,False,False,True,0.63045455,0.68469005,159.65922,109.31708,0.6220003,0.68421545,157.33428,107.65055,0.90800546,0.70044426,27.147564,19.015355,0.23506846,0.92463433,48.885882,45.201564,0.72010493,0.67250935,81.029898,54.493365,0.70114129,0.62766197,82.914891,52.042524,0.61378465,0.61718844,72.20153,44.56195,0.69462578,0.71214073,60.91357,43.379034
0b_baseline_best,file,13,baseline,151,003.Sooty_Albatross/Sooty_Albatross_0075_796352.jpg,3,2,003.Sooty_Albatross,9,8,color_jitter,color_jitter,0,"{""brightness"":1.095277,""contrast"":0.634766,""hue"":0.049161,""saturation"":1.183565}",1.7206839,2.6575997,0.93691576,0.17894371,0.070116319,0.59837949,0.050789993,-0.41943578,0.019326326,0.43876211,0.50226291,0.88422506,159.65922,141.17469,False,0.90932918,False,False,False,0.50226291,0.88422506,159.65922,141.17469,0.4947907,0.88378169,157.33428,139.04916,0.74906542,0.89898975,27.147564,24.405382,0.13409703,0.73102829,48.885882,35.736963,0.47683558,0.81524069,81.029898,66.05887,0.58502467,0.91726464,82.914891,76.054898,0.48668998,0.87736436,72.20153,63.347049,0.55827445,1.0247716,60.91357,62.422496
0b_baseline_best,file,13,baseline,151,003.Sooty_Albatross/Sooty_Albatross_0075_796352.jpg,3,2,003.Sooty_Albatross,9,8,rotation,rotation,0,"{""angle"":-1.787428}",1.7206839,1.1962674,-0.52441657,0.17894371,0.30232057,0.59837949,0.47353002,-0.41943578,-0.17120945,0.24822633,0.88050526,0.90446261,159.65922,144.4058,False,0.96441174,True,False,False,0.88050526,0.90446261,159.65922,144.4058,0.87815155,0.90544531,157.33428,142.45759,0.96335732,0.87081157,27.147564,23.640413,0.74860694,0.99393493,48.885882,48.589386,0.89612799,0.8826896,81.029898,71.524248,0.89850969,0.86774269,82.914891,71.948791,0.89118136,0.90283772,72.20153,65.186265,0.88966521,0.95607264,60.91357,58.237797
0b_baseline_best,file,13,baseline,151,003.Sooty_Albatross/Sooty_Albatross_0075_796352.jpg,3,2,003.Sooty_Albatross,9,8,random_resized_crop,random_resized_crop,0,"{""area_fraction"":0.527373,""aspect"":1.089454,""fallback"":false,""height"":0.695752,""left"":0.030697,""top"":0.279284,""width"":0.75799}",1.7206839,1.2858539,-0.43483007,0.17894371,0.27641445,0.59837949,0.15409845,-0.41943578,0.122316,0.54175179,0.63758552,0.69660458,159.65922,111.21935,False,0.9155401,False,False,True,0.63758552,0.69660458,159.65922,111.21935,0.63193167,0.69645452,157.33428,109.57617,0.82610467,0.70162624,27.147564,19.047443,0.4579852,0.78477539,48.885882,38.364437,0.6521902,0.66483238,81.029898,53.8713,0.7075859,0.70477203,82.914891,58.436097,0.62292644,0.65269152,72.20153,47.125327,0.6026913,0.73370306,60.91357,44.692472
0b_baseline_best,file,13,baseline,151,003.Sooty_Albatross/Sooty_Albatross_0075_796352.jpg,3,2,003.Sooty_Albatross,9,8,gaussian_blur,gaussian_blur,0,"{""sigma"":1.704735}",1.7206839,4.0742459,2.353562,0.17894371,0.017005032,0.59837949,0.005302351,-0.41943578,0.011702681,0.43113847,0.46019066,0.90680292,159.65922,144.77945,False,0.78911221,False,False,False,0.46019066,0.90680292,159.65922,144.77945,0.45655522,0.90655216,157.33428,142.63174,0.5811664,0.91518554,27.147564,24.845058,0.3953615,0.92116058,48.885882,45.031747,0.59347138,0.81577466,81.029898,66.102138,0.46800047,0.8696956,82.914891,72.110716,0.36589974,0.94895808,72.20153,68.516225,0.40955889,1.0450147,60.91357,63.655578
0b_baseline_best,file,13,baseline,151,003.Sooty_Albatross/Sooty_Albatross_0075_796352.jpg,3,2,003.Sooty_Albatross,9,8,random_erasing,random_erasing,0,"{""area_fraction"":0.114767,""erased"":true,""height"":0.361091,""left"":0.056065,""top"":0.578417,""width"":0.317834}",1.7206839,2.0772042,0.3565203,0.17894371,0.12527998,0.59837949,0.67119229,-0.41943578,-0.54591231,-0.12647653,0.91964632,1.0183488,159.65922,162.58878,False,0.97017539,True,False,False,0.91964632,1.0183488,159.65922,162.58878,0.91812275,1.0159478,157.33428,159.84342,0.96964524,1.0959428,27.147564,29.752178,0.91615795,1.2121581,48.885882,59.257418,0.94804212,0.97914483,81.029898,79.340007,0.93577055,0.9633428,82.914891,79.875463,0.90141181,0.98055868,72.20153,70.797837,0.87993052,1.0829074,60.91357,65.963755
0b_baseline_best,file,13,baseline,4617,080.Green_Kingfisher/Green_Kingfisher_0010_71191.jpg,80,79,080.Green_Kingfisher,79,78,identity,identity,0,{},1.3004063,1.3004063,0,0.27242106,0.27242106,0.3148607,0.3148607,-0.04243964,-0.04243964,0,1,1,102.24737,102.24737,False,0.99999988,True,False,False,1,1,102.24737,102.24737,1,1,99.989833,99.989833,1,1,21.367232,21.367232,1,1,23.752983,23.752983,1,1,41.910803,41.910803,1,1,51.93122,51.93122,1,1,50.660532,50.660532,1,1,49.131517,49.131517
0b_baseline_best,file,13,baseline,4617,080.Green_Kingfisher/Green_Kingfisher_0010_71191.jpg,80,79,080.Green_Kingfisher,79,78,horizontal_flip,horizontal_flip,0,"{""flipped"":true}",1.3004063,1.6628432,0.36243689,0.27242106,0.18959916,0.3148607,0.27328455,-0.04243964,-0.083685398,-0.041245759,0.59592545,1.1522721,102.24737,117.8168,False,0.95871031,True,False,False,0.59592545,1.1522721,102.24737,117.8168,0.58097942,1.1553824,99.989833,115.52649,0.94667736,1.0819232,21.367232,23.117705,0.72251629,1.4108218,23.752983,33.511227,0.36726221,1.0949432,41.910803,45.889947,0.53391661,1.0897909,51.93122,56.594173,0.57740503,1.1336461,50.660532,57.431115,0.73803967,1.2239646,49.131517,60.135239
0b_baseline_best,file,13,baseline,4617,080.Green_Kingfisher/Green_Kingfisher_0010_71191.jpg,80,79,080.Green_Kingfisher,79,78,color_jitter,color_jitter,0,"{""brightness"":1.062039,""contrast"":1.216196,""hue"":0.069247,""saturation"":1.068095}",1.3004063,1.3759949,0.075588584,0.27242106,0.25258818,0.3148607,0.58759785,-0.04243964,-0.33500966,-0.29257002,0.80261173,1.3013127,102.24737,133.05581,False,0.95453072,True,False,False,0.80261173,1.3013127,102.24737,133.05581,0.79765816,1.3023199,99.989833,130.21875,0.91318518,1.2790587,21.367232,27.329945,0.77966237,1.7226635,23.752983,40.918399,0.73146642,1.2925801,41.910803,54.173071,0.83204505,1.3194838,51.93122,68.522404,0.81748867,1.2666854,50.660532,64.170953,0.80418143,1.2100778,49.131517,59.452956
0b_baseline_best,file,13,baseline,4617,080.Green_Kingfisher/Green_Kingfisher_0010_71191.jpg,80,79,080.Green_Kingfisher,79,78,rotation,rotation,0,"{""angle"":8.839951}",1.3004063,1.9683008,0.66789448,0.27242106,0.13969402,0.3148607,0.38291997,-0.04243964,-0.24322595,-0.20078631,0.80826055,1.1606933,102.24737,118.67784,False,0.96606529,True,False,False,0.80826055,1.1606933,102.24737,118.67784,0.80119759,1.1587898,99.989833,115.8672,0.95792443,1.2016203,21.367232,25.6753,0.84553302,1.2989882,23.752983,30.854844,0.8125296,1.1492961,41.910803,48.167921,0.79697666,1.1914576,51.93122,61.873845,0.78406059,1.1114797,50.660532,56.308154,0.80632694,1.1430747,49.131517,56.160996
0b_baseline_best,file,13,baseline,4617,080.Green_Kingfisher/Green_Kingfisher_0010_71191.jpg,80,79,080.Green_Kingfisher,79,78,random_resized_crop,random_resized_crop,0,"{""area_fraction"":0.86142,""aspect"":1.002778,""fallback"":false,""height"":0.926841,""left"":0.05171,""top"":0.06206,""width"":0.929415}",1.3004063,2.1132784,0.81287205,0.27242106,0.12084113,0.3148607,0.66001266,-0.04243964,-0.53917153,-0.49673189,0.72611343,1.2557667,102.24737,128.39885,False,0.97254997,True,False,False,0.72611343,1.2557667,102.24737,128.39885,0.71539288,1.2470673,99.989833,124.69405,0.93708184,1.4330914,21.367232,30.621196,0.69982398,1.240297,23.752983,29.460755,0.58148465,1.1806392,41.910803,49.481535,0.7548438,1.3005816,51.93122,67.54079,0.70669501,1.1762131,50.660532,59.587579,0.7747097,1.3064067,49.131517,64.185744
0b_baseline_best,file,13,baseline,4617,080.Green_Kingfisher/Green_Kingfisher_0010_71191.jpg,80,79,080.Green_Kingfisher,79,78,gaussian_blur,gaussian_blur,0,"{""sigma"":1.424873}",1.3004063,4.0581007,2.7576944,0.27242106,0.017281814,0.3148607,0.018126925,-0.04243964,-0.00084511191,0.041594528,0.43968777,1.0829967,102.24737,110.73357,False,0.8161341,False,False,False,0.43968777,1.0829967,102.24737,110.73357,0.426344,1.0824818,99.989833,108.23718,0.72878914,1.0942108,21.367232,23.380256,0.070945799,0.98248235,23.752983,23.336887,0.4683938,1.1518906,41.910803,48.27666,0.37563868,1.1416789,51.93122,59.288781,0.44471679,1.041629,50.660532,52.769481,0.51758332,1.0258388,49.131517,50.401016
0b_baseline_best,file,13,baseline,4617,080.Green_Kingfisher/Green_Kingfisher_0010_71191.jpg,80,79,080.Green_Kingfisher,79,78,random_erasing,random_erasing,0,"{""area_fraction"":0.150086,""erased"":true,""height"":0.627504,""left"":0.463518,""top"":0.160866,""width"":0.23918}",1.3004063,4.2628999,2.9624935,0.27242106,0.01408141,0.3148607,0.008458578,-0.04243964,0.0056228321,0.048062472,0.48743996,1.2905131,102.24737,131.95157,False,0.86412406,False,False,False,0.48743996,1.2905131,102.24737,131.95157,0.47473763,1.2879932,99.989833,128.78622,0.75433866,1.3445116,21.367232,28.728491,0.46057658,1.1449119,23.752983,27.195073,0.50188557,1.365792,41.910803,57.241441,0.41909568,1.1534309,51.93122,59.899072,0.48961938,1.3068252,50.660532,66.204462,0.50001816,1.3802648,49.131517,67.814504
0b_baseline_best,file,13,baseline,7287,125.Lincoln_Sparrow/Lincoln_Sparrow_0070_117342.jpg,125,124,125.Lincoln_Sparrow,131,130,identity,identity,0,{},5.8218632,5.8218632,0,0.0029620817,0.0029620817,0.85848111,0.85848111,-0.85551903,-0.85551903,0,1,1,220.64576,220.64576,False,1,True,False,False,1,1,220.64576,220.64576,1,1,216.65106,216.65106,1,1,41.795528,41.795528,1,1,32.708437,32.708437,1,1,97.958962,97.958962,1,1,139.79859,139.79859,1,1,95.0625,95.0625,1,1,87.700399,87.700399
0b_baseline_best,file,13,baseline,7287,125.Lincoln_Sparrow/Lincoln_Sparrow_0070_117342.jpg,125,124,125.Lincoln_Sparrow,131,130,horizontal_flip,horizontal_flip,0,"{""flipped"":true}",5.8218632,4.7549119,-1.0669513,0.0029620817,0.0086093051,0.85848111,0.93369615,-0.85551903,-0.92508685,-0.069567818,0.75931491,1.3149981,220.64576,290.14874,False,0.95737034,True,False,False,0.75931491,1.3149981,220.64576,290.14874,0.75490685,1.3259973,216.65106,287.27873,0.95599219,0.97400342,41.795528,40.708987,0.76323472,1.5158461,32.708437,49.580957,0.76536362,1.5237187,97.958962,149.2619,0.80071942,1.3550639,139.79859,189.43601,0.70003166,1.210317,95.0625,115.05576,0.69740616,1.0615836,87.700399,93.101302
0b_baseline_best,file,13,baseline,7287,125.Lincoln_Sparrow/Lincoln_Sparrow_0070_117342.jpg,125,124,125.Lincoln_Sparrow,131,130,color_jitter,color_jitter,0,"{""brightness"":0.873213,""contrast"":1.328928,""hue"":-0.034749,""saturation"":0.74505}",5.8218632,4.3491812,-1.472682,0.0029620817,0.012917388,0.85848111,0.77736616,-0.85551903,-0.76444877,0.091070254,0.92506941,1.0069485,220.64576,222.17891,False,0.98274446,True,False,False,0.92506941,1.0069485,220.64576,222.17891,0.92327365,1.009924,216.65106,218.8011,0.98143038,0.92341605,41.795528,38.594661,0.81433987,1.0951552,32.708437,35.820815,0.8955643,1.0215994,97.958962,100.07481,0.94595781,1.0174041,139.79859,142.23165,0.91803985,0.99353059,95.0625,94.447501,0.92375094,0.98257486,87.700399,86.172208
0b_baseline_best,file,13,baseline,7287,125.Lincoln_Sparrow/Lincoln_Sparrow_0070_117342.jpg,125,124,125.Lincoln_Sparrow,131,130,rotation,rotation,0,"{""angle"":9.795789}",5.8218632,2.8363216,-2.9855416,0.0029620817,0.058640972,0.85848111,0.68842429,-0.85551903,-0.62978332,0.22573571,0.79927857,0.94916318,220.64576,209.42883,False,0.92507803,True,False,False,0.79927857,0.94916318,220.64576,209.42883,0.79591852,0.95441286,216.65106,206.77456,0.92057058,0.79523458,41.795528,33.237249,0.63994274,1.0851667,32.708437,35.494108,0.78360618,1.0549491,97.958962,103.34172,0.85118664,0.90023124,139.79859,125.85105,0.7703077,0.9768654,95.0625,92.863267,0.74441728,0.90893408,87.700399,79.713882
0b_baseline_best,file,13,baseline,7287,125.Lincoln_Sparrow/Lincoln_Sparrow_0070_117342.jpg,125,124,125.Lincoln_Sparrow,131,130,random_resized_crop,random_resized_crop,0,"{""area_fraction"":0.86646,""aspect"":0.883916,""fallback"":false,""height"":0.990077,""left"":0.066103,""top"":0.001986,""width"":0.875145}",5.8218632,4.9874282,-0.83443499,0.0029620817,0.006823191,0.85848111,0.83917081,-0.85551903,-0.83234762,0.023171405,0.8403998,0.99435652,220.64576,219.40055,False,0.96582651,True,False,False,0.8403998,0.99435652,220.64576,219.40055,0.83614162,0.9967119,216.65106,215.93869,0.96519771,0.92883463,41.795528,38.821134,0.71735881,1.1626869,32.708437,38.029671,0.79081709,1.0366024,97.958962,101.5445,0.86082401,1.0046862,139.79859,140.4537,0.83254039,0.95208452,95.0625,90.507534,0.86056181,0.95079818,87.700399,83.38538
0b_baseline_best,file,13,baseline,7287,125.Lincoln_Sparrow/Lincoln_Sparrow_0070_117342.jpg,125,124,125.Lincoln_Sparrow,131,130,gaussian_blur,gaussian_blur,0,"{""sigma"":1.414862}",5.8218632,4.6096358,-1.2122273,0.0029620817,0.0099554444,0.85848111,0.11960721,-0.85551903,-0.10965177,0.74586726,0.56337547,0.85288339,220.64576,188.1851,False,0.86123395,False,False,False,0.56337547,0.85288339,220.64576,188.1851,0.56055376,0.85806587,216.65106,185.90088,0.66785952,0.69939831,41.795528,29.231722,0.62038654,0.89006392,32.708437,29.1126,0.48617762,0.90246075,97.958962,88.404118,0.62445311,0.85665472,139.79859,119.75912,0.53830922,0.85303504,95.0625,81.091644,0.51249378,0.80451629,87.700399,70.5564
0b_baseline_best,file,13,baseline,7287,125.Lincoln_Sparrow/Lincoln_Sparrow_0070_117342.jpg,125,124,125.Lincoln_Sparrow,131,130,random_erasing,random_erasing,0,"{""area_fraction"":0.161938,""erased"":true,""height"":0.437037,""left"":0.33048,""top"":0.519677,""width"":0.370536}",5.8218632,5.3359928,-0.48587036,0.0029620817,0.0048151263,0.85848111,0.76589483,-0.85551903,-0.7610797,0.094439324,0.92782744,0.94996212,220.64576,209.60511,False,0.97865564,True,False,False,0.92782744,0.94996212,220.64576,209.60511,0.92619492,0.95206339,216.65106,206.26555,0.97659191,0.89164978,41.795528,37.266974,0.8908454,0.90384776,32.708437,29.563448,0.92758035,0.9062408,97.958962,88.774408,0.95369684,0.9849941,139.79859,137.70078,0.90677654,0.93844628,95.0625,89.211049,0.88213395,0.94512994,87.700399,82.888273
0b_baseline_best,file,13,baseline,9512,162.Canada_Warbler/Canada_Warbler_0016_162411.jpg,162,161,162.Canada_Warbler,169,168,identity,identity,0,{},0.10738251,0.10738251,0,0.89818203,0.89818203,0.073504224,0.073504224,0.82467781,0.82467781,0,1,1,15.276334,15.276334,False,1,True,True,True,1,1,15.276334,15.276334,1,1,14.911551,14.911551,1,1,3.318439,3.318439,1,1,1.9040623,1.9040623,1,1,5.2246933,5.2246933,1,1,7.7098668,7.7098668,1,1,7.6995161,7.6995161,1,1,8.5268335,8.5268335
0b_baseline_best,file,13,baseline,9512,162.Canada_Warbler/Canada_Warbler_0016_162411.jpg,162,161,162.Canada_Warbler,169,168,horizontal_flip,horizontal_flip,0,"{""flipped"":true}",0.10738251,0.94342709,0.83604457,0.89818203,0.38929141,0.073504224,0.55050355,0.82467781,-0.16121215,-0.98588996,0.65456087,6.8179596,15.276334,104.15343,False,0.96445203,False,True,False,0.65456087,6.8179596,15.276334,104.15343,0.64107119,6.8470133,14.911551,102.09959,0.95832514,6.2022582,3.318439,20.581816,0.55363044,7.814491,1.9040623,14.879278,0.40022492,7.1974527,5.2246933,37.604483,0.64508318,6.9562657,7.7098668,53.631882,0.66536938,6.8426379,7.6995161,52.685,0.72251616,6.5682858,8.5268335,56.006679
0b_baseline_best,file,13,baseline,9512,162.Canada_Warbler/Canada_Warbler_0016_162411.jpg,162,161,162.Canada_Warbler,169,168,color_jitter,color_jitter,0,"{""brightness"":0.645379,""contrast"":0.724073,""hue"":0.027977,""saturation"":1.339268}",0.10738251,0.018029377,-0.089353137,0.89818203,0.9821322,0.073504224,0.011698498,0.82467781,0.9704337,0.14575589,0.79253528,0.18548058,15.276334,2.8334633,False,0.9709962,True,True,True,0.79253528,0.18548058,15.276334,2.8334633,0.78368389,0.18532627,14.911551,2.7635022,0.96830185,0.18856924,3.318439,0.6257555,0.47243276,0.27987403,1.9040623,0.53289758,0.69977275,0.19399268,5.2246933,1.0135522,0.80464285,0.19636324,7.7098668,1.5139344,0.77051165,0.16975609,7.6995161,1.3070397,0.84314295,0.17883567,8.5268335,1.524902
0b_baseline_best,file,13,baseline,9512,162.Canada_Warbler/Canada_Warbler_0016_162411.jpg,162,161,162.Canada_Warbler,169,168,rotation,rotation,0,"{""angle"":-0.364317}",0.10738251,0.16602111,0.058638595,0.89818203,0.84702837,0.073504224,0.12207053,0.82467781,0.72495785,-0.099719964,0.95282914,1.4979379,15.276334,22.883001,False,0.99657118,True,True,True,0.95282914,1.4979379,15.276334,22.883001,0.95068281,1.4959025,14.911551,22.306226,0.99532542,1.5384623,3.318439,5.1052932,0.82255267,1.600662,1.9040623,3.0477601,0.90938637,1.4095906,5.2246933,7.3646784,0.95370808,1.4762312,7.7098668,11.381546,0.95598314,1.5037155,7.6995161,11.577882,0.96603448,1.5311408,8.5268335,13.055782
0b_baseline_best,file,13,baseline,9512,162.Canada_Warbler/Canada_Warbler_0016_162411.jpg,162,161,162.Canada_Warbler,169,168,random_resized_crop,random_resized_crop,0,"{""area_fraction"":0.797984,""aspect"":0.855545,""fallback"":false,""height"":0.965774,""left"":0.061251,""top"":0.021549,""width"":0.826263}",0.10738251,0.32820246,0.22081994,0.89818203,0.72021717,0.073504224,0.18772912,0.82467781,0.53248805,-0.29218976,0.83225329,2.5047231,15.276334,38.262987,False,0.9799583,True,True,True,0.83225329,2.5047231,15.276334,38.262987,0.82522856,2.5084743,14.911551,37.405243,0.97923827,2.4277383,3.318439,8.0563016,0.591117,2.4093631,1.9040623,4.5875775,0.73826044,2.3914256,5.2246933,12.494465,0.8161931,2.4265777,7.7098668,18.708591,0.81685243,2.528383,7.6995161,19.467326,0.88083013,2.6039854,8.5268335,22.20375
0b_baseline_best,file,13,baseline,9512,162.Canada_Warbler/Canada_Warbler_0016_162411.jpg,162,161,162.Canada_Warbler,169,168,gaussian_blur,gaussian_blur,0,"{""sigma"":1.127503}",0.10738251,0.34180969,0.23442718,0.89818203,0.71048343,0.073504224,0.24671938,0.82467781,0.46376406,-0.36091375,0.79563293,2.9674073,15.276334,45.331106,False,0.96143186,True,True,True,0.79563293,2.9674073,15.276334,45.331106,0.78719041,2.9592782,14.911551,44.127428,0.95810837,3.1270316,3.318439,10.376863,0.48976728,3.894557,1.9040623,7.4154791,0.62036853,2.8988043,5.2246933,15.145364,0.81679975,2.9283744,7.7098668,22.577376,0.78398148,2.9550879,7.6995161,22.752747,0.84883951,2.9562907,8.5268335,25.207799
0b_baseline_best,file,13,baseline,9512,162.Canada_Warbler/Canada_Warbler_0016_162411.jpg,162,161,162.Canada_Warbler,169,168,random_erasing,random_erasing,0,"{""area_fraction"":0.153151,""erased"":true,""height"":0.367475,""left"":0.439885,""top"":0.352996,""width"":0.416766}",0.10738251,0.87577152,0.76838901,0.89818203,0.41654053,0.073504224,0.0058436166,0.82467781,0.41069692,-0.41398089,0.29872443,4.6784915,15.276334,71.4702,False,0.80286402,True,True,True,0.29872443,4.6784915,15.276334,71.4702,0.2810631,4.6359059,14.911551,69.128547,0.60493195,5.4678699,3.318439,18.144793,0.14806827,4.1433262,1.9040623,7.8891511,0.37939577,5.6714754,5.2246933,29.631719,0.19226265,4.5247573,7.7098668,34.885277,0.24900946,4.3279456,7.6995161,33.323087,0.34140839,4.5588385,8.5268335,38.872457
0b_baseline_best,file,13,baseline,10901,185.Bohemian_Waxwing/Bohemian_Waxwing_0114_177621.jpg,185,184,185.Bohemian_Waxwing,91,90,identity,identity,0,{},1.389172,1.389172,0,0.24928163,0.24928163,0.21489407,0.21489407,0.034387559,0.034387559,0,1,1,130.53091,130.53091,False,1,True,True,True,1,1,130.53091,130.53091,1,1,128.09564,128.09564,1,1,25.096294,25.096294,1,1,30.845074,30.845074,1,1,50.85691,50.85691,1,1,69.072045,69.072045,1,1,64.067253,64.067253,1,1,63.206718,63.206718
0b_baseline_best,file,13,baseline,10901,185.Bohemian_Waxwing/Bohemian_Waxwing_0114_177621.jpg,185,184,185.Bohemian_Waxwing,91,90,horizontal_flip,horizontal_flip,0,"{""flipped"":true}",1.389172,1.0699751,-0.31919682,0.24928163,0.34301704,0.21489407,0.056873638,0.034387559,0.2861434,0.25175584,0.72092615,0.77542428,130.53091,101.21683,False,0.96182334,True,True,True,0.72092615,0.77542428,130.53091,101.21683,0.71242169,0.77514758,128.09564,99.293027,0.94041096,0.7825986,25.096294,19.640324,0.59894423,0.76361408,30.845074,23.553733,0.66520633,0.80597907,50.85691,40.989604,0.72865776,0.71323998,69.072045,49.264944,0.72426744,0.80883959,64.067253,51.82013,0.74354877,0.79292277,63.206718,50.118046
0b_baseline_best,file,13,baseline,10901,185.Bohemian_Waxwing/Bohemian_Waxwing_0114_177621.jpg,185,184,185.Bohemian_Waxwing,91,90,color_jitter,color_jitter,0,"{""brightness"":1.382393,""contrast"":0.963759,""hue"":-0.041418,""saturation"":1.168358}",1.389172,1.7505717,0.36139977,0.24928163,0.17367463,0.21489407,0.21311334,0.034387559,-0.03943871,-0.073826268,0.76298145,0.99967701,130.53091,130.48875,False,0.9344337,False,True,False,0.76298145,0.99967701,130.53091,130.48875,0.75669673,0.99709376,128.09564,127.72336,0.91788828,1.0647709,25.096294,26.721803,0.79557259,1.1021651,30.845074,33.996365,0.71563892,0.9257406,50.85691,47.080306,0.74826994,0.98081635,69.072045,67.746991,0.75834233,1.0004852,64.067253,64.098337,0.78132363,1.0305233,63.206718,65.135998
0b_baseline_best,file,13,baseline,10901,185.Bohemian_Waxwing/Bohemian_Waxwing_0114_177621.jpg,185,184,185.Bohemian_Waxwing,91,90,rotation,rotation,0,"{""angle"":8.008586}",1.389172,1.9154125,0.52624059,0.24928163,0.14728105,0.21489407,0.28842852,0.034387559,-0.14114746,-0.17553502,0.8221266,1.1252467,130.53091,146.87947,False,0.97152048,False,True,False,0.8221266,1.1252467,130.53091,146.87947,0.81707355,1.1281394,128.09564,144.50974,0.96617156,1.0470737,25.096294,26.27767,0.86736681,1.1991561,30.845074,36.988058,0.80383145,1.2134455,50.85691,61.712089,0.82612267,1.1430418,69.072045,78.952233,0.8081775,1.1029063,64.067253,70.660174,0.81516091,1.0589803,63.206718,66.934671
0b_baseline_best,file,13,baseline,10901,185.Bohemian_Waxwing/Bohemian_Waxwing_0114_177621.jpg,185,184,185.Bohemian_Waxwing,91,90,random_resized_crop,random_resized_crop,0,"{""area_fraction"":0.770689,""aspect"":1.292915,""fallback"":false,""height"":0.772066,""left"":0.000863,""top"":0.082983,""width"":0.998216}",1.389172,2.3580391,0.96886718,0.24928163,0.094605543,0.21489407,0.059169527,0.034387559,0.035436016,0.0010484569,0.71384202,1.0750255,130.53091,140.32405,False,0.94448966,False,True,False,0.71384202,1.0750255,130.53091,140.32405,0.70646849,1.0767359,128.09564,137.92517,0.91545577,1.0294653,25.096294,25.835763,0.79472915,1.059899,30.845074,32.692665,0.609111,1.0846414,50.85691,55.16151,0.67507921,1.0367869,69.072045,71.61299,0.73741192,1.0947127,64.067253,70.135232,0.75282437,1.1034445,63.206718,69.745106
0b_baseline_best,file,13,baseline,10901,185.Bohemian_Waxwing/Bohemian_Waxwing_0114_177621.jpg,185,184,185.Bohemian_Waxwing,91,90,gaussian_blur,gaussian_blur,0,"{""sigma"":1.652549}",1.389172,1.3543783,-0.034793615,0.24928163,0.25810769,0.21489407,0.0048547089,0.034387559,0.25325298,0.21886542,0.38415687,0.79217666,130.53091,103.40354,False,0.78748101,True,True,True,0.38415687,0.79217666,130.53091,103.40354,0.37235314,0.7956088,128.09564,101.91402,0.73853594,0.69682917,25.096294,17.48783,0.027278237,0.79260857,30.845074,24.44807,0.14294749,0.84651004,50.85691,43.050885,0.44976536,0.7992551,69.072045,55.206184,0.38787629,0.78442608,64.067253,50.256024,0.5089778,0.76891045,63.206718,48.600306
0b_baseline_best,file,13,baseline,10901,185.Bohemian_Waxwing/Bohemian_Waxwing_0114_177621.jpg,185,184,185.Bohemian_Waxwing,91,90,random_erasing,random_erasing,0,"{""area_fraction"":0.106903,""erased"":true,""height"":0.206392,""left"":0.088282,""top"":0.052968,""width"":0.517959}",1.389172,1.775877,0.38670504,0.24928163,0.16933489,0.21489407,0.1305148,0.034387559,0.038820088,0.0044325292,0.90034626,1.1897615,130.53091,155.30064,False,0.97558516,False,True,False,0.90034626,1.1897615,130.53091,155.30064,0.89900686,1.1905249,128.09564,152.50106,0.93599725,1.1696963,25.096294,29.355041,0.92548202,1.022152,30.845074,31.528355,0.88765514,1.0748121,50.85691,54.661622,0.91563816,1.1792009,69.072045,81.449819,0.90032961,1.2831071,64.067253,82.205147,0.8872176,1.2134778,63.206718,76.699951
0b_baseline_best,file,13,baseline,3701,064.Ring_billed_Gull/Ring_Billed_Gull_0017_51412.jpg,64,63,064.Ring_billed_Gull,84,83,identity,identity,0,{},0.98127508,0.98127508,0,0.37483287,0.37483287,0.1827299,0.1827299,0.19210297,0.19210297,0,1,1,135.05014,135.05014,False,0.99999988,True,True,True,1,1,135.05014,135.05014,1,1,133.10628,133.10628,1,1,22.831115,22.831115,1,1,40.709493,40.709493,1,1,72.734234,72.734234,1,1,67.683183,67.683183,1,1,56.301183,56.301183,1,1,54.944634,54.944634
0b_baseline_best,file,13,baseline,3701,064.Ring_billed_Gull/Ring_Billed_Gull_0017_51412.jpg,64,63,064.Ring_billed_Gull,84,83,horizontal_flip,horizontal_flip,0,"{""flipped"":true}",0.98127508,0.4005768,-0.58069828,0.37483287,0.6699335,0.1827299,0.020797094,0.19210297,0.6491364,0.45703343,0.63136224,0.47684044,135.05014,64.397369,False,0.94629979,True,True,True,0.63136224,0.47684044,135.05014,64.397369,0.62392886,0.47437717,133.10628,63.142579,0.85504624,0.5540915,22.831115,12.650527,0.40309094,0.29544787,40.709493,12.027533,0.71053237,0.5173273,72.734234,37.627405,0.60296309,0.4711407,67.683183,31.888302,0.59627261,0.48362352,56.301183,27.228576,0.62414813,0.47048081,54.944634,25.850396
0b_baseline_best,file,13,baseline,3701,064.Ring_billed_Gull/Ring_Billed_Gull_0017_51412.jpg,64,63,064.Ring_billed_Gull,84,83,color_jitter,color_jitter,0,"{""brightness"":0.651345,""contrast"":0.634109,""hue"":0.061447,""saturation"":1.15033}",0.98127508,1.5165266,0.5352515,0.37483287,0.21947287,0.1827299,0.083720706,0.19210297,0.13575216,-0.056350805,0.65150898,1.1801749,135.05014,159.38279,False,0.90857464,True,True,True,0.65150898,1.1801749,135.05014,159.38279,0.64479218,1.1789665,133.10628,156.92784,0.87241239,1.2205372,22.831115,27.866226,0.27539484,1.2152013,40.709493,49.470227,0.66000705,1.1776893,72.734234,85.658326,0.69197707,1.1788455,67.683183,79.788016,0.66941147,1.1554723,56.301183,65.05446,0.73008114,1.1855941,54.944634,65.142034
0b_baseline_best,file,13,baseline,3701,064.Ring_billed_Gull/Ring_Billed_Gull_0017_51412.jpg,64,63,064.Ring_billed_Gull,84,83,rotation,rotation,0,"{""angle"":1.721667}",0.98127508,0.97424167,-0.0070334077,0.37483287,0.37747851,0.1827299,0.033600297,0.19210297,0.34387821,0.15177524,0.89762287,0.8433212,135.05014,113.89065,False,0.97697347,True,True,True,0.89762287,0.8433212,135.05014,113.89065,0.89631965,0.84049168,133.10628,111.87472,0.9423471,0.93441362,22.831115,21.333705,0.92801655,0.86028778,40.709493,35.021879,0.92427988,0.86856338,72.734234,63.174292,0.88676036,0.810019,67.683183,54.824664,0.867655,0.82453184,56.301183,46.422118,0.87348567,0.84148293,54.944634,46.234971
0b_baseline_best,file,13,baseline,3701,064.Ring_billed_Gull/Ring_Billed_Gull_0017_51412.jpg,64,63,064.Ring_billed_Gull,84,83,random_resized_crop,random_resized_crop,0,"{""area_fraction"":0.575818,""aspect"":1.201267,""fallback"":false,""height"":0.692345,""left"":0.013996,""top"":0.140015,""width"":0.831692}",0.98127508,1.3084418,0.32716668,0.37483287,0.27024081,0.1827299,0.078013465,0.19210297,0.19222735,0.00012437999,0.72658883,1.1092599,135.05014,149.80571,False,0.90911525,True,True,True,0.72658883,1.1092599,135.05014,149.80571,0.72166329,1.1056868,133.10628,147.17385,0.88142686,1.2245246,22.831115,27.957262,0.85146378,0.88725922,40.709493,36.119873,0.78061328,1.1077822,72.734234,80.573691,0.6831369,1.1205163,67.683183,75.840113,0.64104704,1.147175,56.301183,64.587312,0.71697274,1.1424316,54.944634,62.770486
0b_baseline_best,file,13,baseline,3701,064.Ring_billed_Gull/Ring_Billed_Gull_0017_51412.jpg,64,63,064.Ring_billed_Gull,84,83,gaussian_blur,gaussian_blur,0,"{""sigma"":1.511648}",0.98127508,1.5511638,0.56988871,0.37483287,0.2120011,0.1827299,0.058140893,0.19210297,0.15386021,-0.038242761,0.65197937,0.91181506,135.05014,123.14075,False,0.93446326,True,True,True,0.65197937,0.91181506,135.05014,123.14075,0.643305,0.90395137,133.10628,120.3216,0.90220073,1.1474875,22.831115,26.198419,0.77851834,0.81376512,40.709493,33.127965,0.55246028,0.68692816,72.734234,49.963193,0.62548697,1.0194607,67.683183,69.000343,0.66779458,0.98128719,56.301183,55.24763,0.73806896,1.0084515,54.944634,55.408998
0b_baseline_best,file,13,baseline,3701,064.Ring_billed_Gull/Ring_Billed_Gull_0017_51412.jpg,64,63,064.Ring_billed_Gull,84,83,random_erasing,random_erasing,0,"{""area_fraction"":0.103147,""erased"":true,""height"":0.212399,""left"":0.257321,""top"":0.710602,""width"":0.485628}",0.98127508,0.081710979,-0.8995641,0.37483287,0.92153829,0.1827299,0.0058354093,0.19210297,0.91570288,0.72359992,0.79931239,0.10877559,135.05014,14.690159,False,0.96300173,True,True,True,0.79931239,0.10877559,135.05014,14.690159,0.79527222,0.10831611,133.10628,14.417555,0.92643424,0.12337953,22.831115,2.8168921,0.89619393,0.11187745,40.709493,4.5544744,0.79340481,0.089939674,72.734234,6.5416933,0.77475846,0.1064213,67.683183,7.2029324,0.77958085,0.12077565,56.301183,6.7998118,0.82021628,0.12371975,54.944634,6.7977362
0b_baseline_best,file,13,baseline,4894,084.Red_legged_Kittiwake/Red_Legged_Kittiwake_0021_73808.jpg,84,83,084.Red_legged_Kittiwake,45,44,identity,identity,0,{},0.62753004,0.62753004,0,0.5339089,0.5339089,0.37468526,0.37468526,0.15922365,0.15922365,0,1,1,87.68156,87.68156,False,1,True,True,True,1,1,87.68156,87.68156,1,1,85.770695,85.770695,1,1,18.205601,18.205601,1,1,13.134214,13.134214,1,1,45.282894,45.282894,1,1,45.169724,45.169724,1,1,37.975813,37.975813,1,1,40.633703,40.633703
0b_baseline_best,file,13,baseline,4894,084.Red_legged_Kittiwake/Red_Legged_Kittiwake_0021_73808.jpg,84,83,084.Red_legged_Kittiwake,45,44,horizontal_flip,horizontal_flip,0,"{""flipped"":true}",0.62753004,0.55273044,-0.074799597,0.5339089,0.57537663,0.37468526,0.38577825,0.15922365,0.18959838,0.030374736,0.73592557,0.95998292,87.68156,84.1728,False,0.9699558,True,True,True,0.73592557,0.95998292,87.68156,84.1728,0.72561641,0.96037935,85.770695,82.372405,0.96699942,0.95114118,18.205601,17.316097,0.59702242,1.2023587,13.134214,15.792037,0.74923023,0.90112425,45.282894,40.805513,0.71127378,1.0060003,45.169724,45.440755,0.68940347,0.97267642,37.975813,36.938177,0.77223603,0.93435609,40.633703,37.966348
0b_baseline_best,file,13,baseline,4894,084.Red_legged_Kittiwake/Red_Legged_Kittiwake_0021_73808.jpg,84,83,084.Red_legged_Kittiwake,45,44,color_jitter,color_jitter,0,"{""brightness"":1.336386,""contrast"":1.137445,""hue"":-0.02832,""saturation"":1.026694}",0.62753004,0.56101894,-0.066511095,0.5339089,0.57062733,0.37468526,0.25941688,0.15922365,0.31121045,0.15198681,0.86880326,0.85565218,87.68156,75.024918,False,0.97641885,True,True,True,0.86880326,0.85565218,87.68156,75.024918,0.86531622,0.85982386,85.770695,73.74769,0.96345676,0.75716509,18.205601,13.784645,0.59651616,0.95497164,13.134214,12.542802,0.85656467,0.85654609,45.282894,38.786886,0.86146609,0.85077214,45.169724,38.429142,0.88453016,0.901922,37.975813,34.251221,0.89790211,0.82619354,40.633703,33.571303
0b_baseline_best,file,13,baseline,4894,084.Red_legged_Kittiwake/Red_Legged_Kittiwake_0021_73808.jpg,84,83,084.Red_legged_Kittiwake,45,44,rotation,rotation,0,"{""angle"":11.523871}",0.62753004,0.37136495,-0.25616509,0.5339089,0.68979216,0.37468526,0.14892162,0.15922365,0.54087053,0.38164689,0.78965643,0.53700568,87.68156,47.085496,False,0.94354576,True,True,True,0.78965643,0.53700568,87.68156,47.085496,0.78474848,0.53929475,85.770695,46.255686,0.91572833,0.48341599,18.205601,8.8008784,0.77977722,0.59894241,13.134214,7.8666379,0.83239872,0.51629377,45.282894,23.379276,0.8044555,0.54904865,45.169724,24.800376,0.72646408,0.55280714,37.975813,20.9933,0.75769713,0.53655499,40.633703,21.802216
0b_baseline_best,file,13,baseline,4894,084.Red_legged_Kittiwake/Red_Legged_Kittiwake_0021_73808.jpg,84,83,084.Red_legged_Kittiwake,45,44,random_resized_crop,random_resized_crop,0,"{""area_fraction"":0.505548,""aspect"":1.300844,""fallback"":false,""height"":0.623403,""left"":0.003506,""top"":0.307641,""width"":0.81095}",0.62753004,0.052513067,-0.57501697,0.5339089,0.94884193,0.37468526,0.043395333,0.15922365,0.9054466,0.74622295,0.76001494,0.12295976,87.68156,10.781304,False,0.94007599,True,True,True,0.76001494,0.12295976,87.68156,10.781304,0.75228884,0.12317713,85.770695,10.564988,0.93963915,0.11803215,18.205601,2.1488461,0.61531952,0.13755577,13.134214,1.8066869,0.7813304,0.12765838,45.282894,5.7807409,0.7238522,0.12339155,45.169724,5.5735623,0.72930363,0.12373819,37.975813,4.6990583,0.79178486,0.11488505,40.633703,4.6682051
0b_baseline_best,file,13,baseline,4894,084.Red_legged_Kittiwake/Red_Legged_Kittiwake_0021_73808.jpg,84,83,084.Red_legged_Kittiwake,45,44,gaussian_blur,gaussian_blur,0,"{""sigma"":1.652632}",0.62753004,0.48157454,-0.1459555,0.5339089,0.61780983,0.37468526,0.25402039,0.15922365,0.36378944,0.20456579,0.74584958,0.96335104,87.68156,84.468123,False,0.92532939,True,True,True,0.74584958,0.96335104,87.68156,84.468123,0.73979705,0.96879039,85.770695,83.093825,0.9101204,0.8335336,18.205601,15.17498,0.4751474,0.90152889,13.134214,11.840874,0.79103523,1.0349809,45.282894,46.866928,0.74287177,0.97952061,45.169724,44.244675,0.68909501,0.96210465,37.975813,36.536706,0.7436293,0.87887611,40.633703,35.711991
0b_baseline_best,file,13,baseline,4894,084.Red_legged_Kittiwake/Red_Legged_Kittiwake_0021_73808.jpg,84,83,084.Red_legged_Kittiwake,45,44,random_erasing,random_erasing,0,"{""area_fraction"":0.132335,""erased"":true,""height"":0.300599,""left"":0.478366,""top"":0.271429,""width"":0.440238}",0.62753004,0.91736811,0.28983808,0.5339089,0.3995693,0.37468526,0.25482646,0.15922365,0.14474285,-0.014480799,0.8448562,1.0758682,87.68156,94.333805,False,0.97016853,True,True,True,0.8448562,1.0758682,87.68156,94.333805,0.84227714,1.0780786,85.770695,92.46755,0.90603992,1.0255821,18.205601,18.671339,0.76291937,1.1964124,13.134214,15.713936,0.87756596,1.0724701,45.282894,48.564549,0.81441433,1.0406891,45.169724,47.007639,0.8398424,1.1073146,37.975813,42.051173,0.8447758,1.0914204,40.633703,44.348453
0b_baseline_best,file,13,baseline,7407,127.Savannah_Sparrow/Savannah_Sparrow_0008_118929.jpg,127,126,127.Savannah_Sparrow,129,128,identity,identity,0,{},3.7304935,3.7304935,0,0.023980998,0.023980998,0.5331881,0.5331881,-0.50920711,-0.50920711,0,1,1,215.60314,215.60314,False,1,True,False,False,1,1,215.60314,215.60314,1,1,213.102,213.102,1,1,32.74526,32.74526,1,1,41.012115,41.012115,1,1,113.05244,113.05244,1,1,116.51039,116.51039,1,1,102.61463,102.61463,1,1,82.735615,82.735615
0b_baseline_best,file,13,baseline,7407,127.Savannah_Sparrow/Savannah_Sparrow_0008_118929.jpg,127,126,127.Savannah_Sparrow,129,128,horizontal_flip,horizontal_flip,0,"{""flipped"":true}",3.7304935,2.9974627,-0.7330308,0.023980998,0.049913552,0.5331881,0.7571308,-0.50920711,-0.70721725,-0.19801014,0.71142604,1.1413622,215.60314,246.08129,False,0.96594864,True,False,False,0.71142604,1.1413622,215.60314,246.08129,0.70618106,1.1425895,213.102,243.48812,0.94551501,1.0881136,32.74526,35.630564,0.4374852,0.77068157,41.012115,31.607281,0.75123778,1.1755567,113.05244,132.89956,0.66749255,1.1913804,116.51039,138.8082,0.69212798,1.1408604,102.61463,117.06897,0.78458171,1.0573122,82.735615,87.477373
0b_baseline_best,file,13,baseline,7407,127.Savannah_Sparrow/Savannah_Sparrow_0008_118929.jpg,127,126,127.Savannah_Sparrow,129,128,color_jitter,color_jitter,0,"{""brightness"":1.23541,""contrast"":1.195848,""hue"":0.013625,""saturation"":0.970896}",3.7304935,3.5245845,-0.20590901,0.023980998,0.029464047,0.5331881,0.50503808,-0.50920711,-0.47557404,0.033633072,0.7853679,1.0032699,215.60314,216.30815,False,0.95600188,True,False,False,0.7853679,1.0032699,215.60314,216.30815,0.78133774,1.0013431,213.102,213.38822,0.94565506,1.0817293,32.74526,35.421507,0.75745502,1.0125867,41.012115,41.528323,0.66625842,0.87080362,113.05244,98.446475,0.81821884,1.0936024,116.51039,127.41605,0.82502418,1.0134592,102.61463,103.99573,0.8444614,1.0161639,82.735615,84.072943
0b_baseline_best,file,13,baseline,7407,127.Savannah_Sparrow/Savannah_Sparrow_0008_118929.jpg,127,126,127.Savannah_Sparrow,129,128,rotation,rotation,0,"{""angle"":-12.382232}",3.7304935,2.9457166,-0.78477693,0.023980998,0.052564375,0.5331881,0.47412071,-0.50920711,-0.42155633,0.087650776,0.77698657,0.85892763,215.60314,185.1875,False,0.94259071,True,False,False,0.77698657,0.85892763,215.60314,185.1875,0.77303573,0.85789124,213.102,182.81834,0.93712134,0.90172821,32.74526,29.527325,0.60623895,0.89356136,41.012115,36.646841,0.76650595,0.78496862,113.05244,88.742618,0.78917515,0.90253374,116.51039,105.15456,0.77355298,0.86491096,102.61463,88.752517,0.79949886,0.87741501,82.735615,72.59347
0b_baseline_best,file,13,baseline,7407,127.Savannah_Sparrow/Savannah_Sparrow_0008_118929.jpg,127,126,127.Savannah_Sparrow,129,128,random_resized_crop,random_resized_crop,0,"{""area_fraction"":0.704649,""aspect"":1.220701,""fallback"":false,""height"":0.759769,""left"":0.013028,""top"":0.13706,""width"":0.927452}",3.7304935,1.9663215,-1.7641721,0.023980998,0.13997079,0.5331881,0.27102312,-0.50920711,-0.13105233,0.37815478,0.68987919,0.90879936,215.60314,195.94,False,0.93805933,True,False,False,0.68987919,0.90879936,215.60314,195.94,0.68501018,0.90969413,213.102,193.85764,0.90615705,0.87005893,32.74526,28.490306,0.66174643,1.1511564,41.012115,47.211359,0.73191603,0.8708928,113.05244,98.456556,0.64937612,0.93267345,116.51039,108.66615,0.66478388,0.87062695,102.61463,89.339061,0.71863583,0.92590535,82.735615,76.605349
0b_baseline_best,file,13,baseline,7407,127.Savannah_Sparrow/Savannah_Sparrow_0008_118929.jpg,127,126,127.Savannah_Sparrow,129,128,gaussian_blur,gaussian_blur,0,"{""sigma"":1.924856}",3.7304935,6.0533266,2.3228331,0.023980998,0.0023500314,0.5331881,0.00041401127,-0.50920711,0.0019360201,0.51114313,0.26590269,0.73742872,215.60314,158.99195,False,0.62438595,False,False,False,0.26590269,0.73742872,215.60314,158.99195,0.25821102,0.73153283,213.102,155.89111,0.52479124,0.95425804,32.74526,31.247428,0.34144371,0.91243299,41.012115,37.420807,0.33212819,0.63266931,113.05244,71.52481,0.1125183,0.71542021,116.51039,83.35389,0.30962726,0.74960112,102.61463,76.92004,0.31558244,0.84791059,82.735615,70.152404
0b_baseline_best,file,13,baseline,7407,127.Savannah_Sparrow/Savannah_Sparrow_0008_118929.jpg,127,126,127.Savannah_Sparrow,129,128,random_erasing,random_erasing,0,"{""area_fraction"":0.159387,""erased"":true,""height"":0.354332,""left"":0.085324,""top"":0.106609,""width"":0.449822}",3.7304935,2.8070085,-0.92348504,0.023980998,0.060385361,0.5331881,0.045765251,-0.50920711,0.01462011,0.52382722,0.55966835,0.91470119,215.60314,197.21245,False,0.82937193,False,False,False,0.55966835,0.91470119,215.60314,197.21245,0.55657282,0.91037108,213.102,194.0019,0.67810951,1.0823028,32.74526,35.440285,0.48553289,0.85727001,41.012115,35.158456,0.59522936,0.90881419,113.05244,102.74366,0.51842936,0.86529102,116.51039,100.8154,0.56540656,0.87959521,102.61463,90.259336,0.56671734,1.0490991,82.735615,86.797859
0b_baseline_best,file,13,baseline,4422,076.Dark_eyed_Junco/Dark_Eyed_Junco_0089_68498.jpg,76,75,076.Dark_eyed_Junco,39,38,identity,identity,0,{},0.055215251,0.055215251,0,0.94628143,0.94628143,0.015272738,0.015272738,0.93100869,0.93100869,0,1,1,11.153242,11.153242,False,1,True,True,True,1,1,11.153242,11.153242,1,1,11.018949,11.018949,1,1,1.725559,1.725559,1,1,2.6084792,2.6084792,1,1,4.8719737,4.8719737,1,1,6.687936,6.687936,1,1,5.2478358,5.2478358,1,1,4.3137783,4.3137783
0b_baseline_best,file,13,baseline,4422,076.Dark_eyed_Junco/Dark_Eyed_Junco_0089_68498.jpg,76,75,076.Dark_eyed_Junco,39,38,horizontal_flip,horizontal_flip,0,"{""flipped"":true}",0.055215251,0.10074156,0.045526307,0.94628143,0.9041667,0.015272738,0.0097110989,0.93100869,0.8944556,-0.036553095,0.5744631,1.8960499,11.153242,21.147103,False,0.9723047,True,True,True,0.5744631,1.8960499,11.153242,21.147103,0.56649902,1.901629,11.018949,20.953954,0.95371013,1.6525818,1.725559,2.8516273,0.64412219,2.0981513,2.6084792,5.472984,0.38633285,1.9290825,4.8719737,9.3984393,0.59844176,1.9082715,6.687936,12.762397,0.54841915,1.8967823,5.2478358,9.9540023,0.73104652,1.7779347,4.3137783,7.6696164
0b_baseline_best,file,13,baseline,4422,076.Dark_eyed_Junco/Dark_Eyed_Junco_0089_68498.jpg,76,75,076.Dark_eyed_Junco,39,38,color_jitter,color_jitter,0,"{""brightness"":1.308334,""contrast"":0.773546,""hue"":-0.062052,""saturation"":0.768328}",0.055215251,0.88738608,0.83217083,0.94628143,0.41173059,0.015272738,0.085818633,0.93100869,0.32591195,-0.60509674,0.81623494,10.117464,11.153242,112.84252,False,0.93678415,True,True,True,0.81623494,10.117464,11.153242,112.84252,0.81375107,10.130131,11.018949,111.62339,0.92447512,9.5867166,1.725559,16.542445,0.78126949,12.155797,2.6084792,31.708143,0.71841776,10.568414,4.8719737,51.489037,0.87145043,9.9034611,6.687936,66.233713,0.82236991,9.7154337,5.2478358,50.985001,0.81576143,9.8810998,4.3137783,42.624874
0b_baseline_best,file,13,baseline,4422,076.Dark_eyed_Junco/Dark_Eyed_Junco_0089_68498.jpg,76,75,076.Dark_eyed_Junco,39,38,rotation,rotation,0,"{""angle"":2.069541}",0.055215251,0.23058923,0.17537398,0.94628143,0.79406559,0.015272738,0.059796102,0.93100869,0.73426949,-0.1967392,0.90912914,4.0757658,11.153242,45.458,False,0.98464608,True,True,True,0.90912914,4.0757658,11.153242,45.458,0.90757075,4.08377,11.018949,44.998854,0.98216433,3.7347904,1.725559,6.444601,0.92380786,4.3815723,2.6084792,11.42924,0.8644252,4.0068719,4.8719737,19.521375,0.92105651,4.1557109,6.687936,27.793128,0.91153589,4.0990836,5.2478358,21.511318,0.9197094,3.8650681,4.3137783,16.673047
0b_baseline_best,file,13,baseline,4422,076.Dark_eyed_Junco/Dark_Eyed_Junco_0089_68498.jpg,76,75,076.Dark_eyed_Junco,39,38,random_resized_crop,random_resized_crop,0,"{""area_fraction"":0.515387,""aspect"":0.846105,""fallback"":false,""height"":0.780467,""left"":0.030255,""top"":0.109696,""width"":0.660357}",0.055215251,1.2012256,1.1460104,0.94628143,0.30082527,0.015272738,0.016391985,0.93100869,0.28443328,-0.64657541,0.66910941,14.713117,11.153242,164.09895,False,0.89589685,True,True,True,0.66910941,14.713117,11.153242,164.09895,0.66592739,14.769385,11.018949,162.74311,0.8382139,12.199552,1.725559,21.051047,0.61287375,15.716278,2.6084792,40.995583,0.59611041,15.185673,4.8719737,73.984202,0.71958149,14.922657,6.687936,99.801773,0.63864635,14.399349,5.2478358,75.565422,0.69051089,14.025292,4.3137783,60.502001
0b_baseline_best,file,13,baseline,4422,076.Dark_eyed_Junco/Dark_Eyed_Junco_0089_68498.jpg,76,75,076.Dark_eyed_Junco,39,38,gaussian_blur,gaussian_blur,0,"{""sigma"":1.292914}",0.055215251,2.106782,2.0515667,0.94628143,0.12162875,0.015272738,0.02019093,0.93100869,0.10143782,-0.82957088,0.59595142,13.485436,11.153242,150.40632,False,0.87380707,True,True,True,0.59595142,13.485436,11.153242,150.40632,0.59011124,13.486996,11.018949,148.61253,0.8352657,13.421643,1.725559,23.159836,0.2043763,10.534429,2.6084792,27.478839,0.45778687,12.9054,4.8719737,62.874772,0.6554446,13.14235,6.687936,87.895194,0.60845749,14.58866,5.2478358,76.558891,0.68416047,14.272242,4.3137783,61.567288
0b_baseline_best,file,13,baseline,4422,076.Dark_eyed_Junco/Dark_Eyed_Junco_0089_68498.jpg,76,75,076.Dark_eyed_Junco,39,38,random_erasing,random_erasing,0,"{""area_fraction"":0.183919,""erased"":true,""height"":0.399791,""left"":0.202709,""top"":0.151197,""width"":0.460038}",0.055215251,3.7889733,3.7337581,0.94628143,0.022618812,0.015272738,0.022384871,0.93100869,0.00023394078,-0.93077475,0.33356654,11.727762,11.153242,130.80256,False,0.74794251,False,True,False,0.33356654,11.727762,11.153242,130.80256,0.32226711,11.588783,11.018949,127.69621,0.678486,16.421953,1.725559,28.337048,0.26375077,9.2115657,2.6084792,24.028177,0.14813335,10.957592,4.8719737,53.385099,0.39535488,9.6578522,6.687936,64.591097,0.33662537,11.842204,5.2478358,62.145943,0.3924109,16.135533,4.3137783,69.605114
0b_baseline_best,file,13,baseline,6208,107.Common_Raven/Common_Raven_0010_101390.jpg,107,106,107.Common_Raven,29,28,identity,identity,0,{},1.8352405,1.8352405,0,0.15957512,0.15957512,0.57548875,0.57548875,-0.41591363,-0.41591363,0,1,1,152.98121,152.98121,False,1.0000001,True,False,False,1,1,152.98121,152.98121,1,1,150.14493,150.14493,1,1,29.321541,29.321541,1,1,48.597044,48.597044,1,1,66.757475,66.757475,1,1,76.007161,76.007161,1,1,73.363862,73.363862,1,1,67.571598,67.571598
0b_baseline_best,file,13,baseline,6208,107.Common_Raven/Common_Raven_0010_101390.jpg,107,106,107.Common_Raven,29,28,horizontal_flip,horizontal_flip,0,"{""flipped"":true}",1.8352405,1.8769972,0.041756749,0.15957512,0.15304898,0.57548875,0.053139601,-0.41591363,0.099909376,0.515823,0.51118052,1.195472,152.98121,182.88476,False,0.96720296,False,False,False,0.51118052,1.195472,152.98121,182.88476,0.50251644,1.1974493,150.14493,179.79094,0.74985312,1.1424051,29.321541,33.497078,-0.049188598,1.226604,48.597044,59.609327,0.4566236,1.1724374,66.757475,78.268963,0.63496574,1.2922858,76.007161,98.222974,0.56104025,1.1512985,73.363862,84.463701,0.60007447,1.1332308,67.571598,76.574214
0b_baseline_best,file,13,baseline,6208,107.Common_Raven/Common_Raven_0010_101390.jpg,107,106,107.Common_Raven,29,28,color_jitter,color_jitter,0,"{""brightness"":0.858448,""contrast"":0.727278,""hue"":-0.062678,""saturation"":0.698999}",1.8352405,3.4543798,1.6191393,0.15957512,0.031606901,0.57548875,0.88772678,-0.41591363,-0.85611988,-0.44020626,0.84900079,1.1614095,152.98121,177.67383,False,0.9522664,True,False,False,0.84900079,1.1614095,152.98121,177.67383,0.84609138,1.1582525,150.14493,173.90573,0.92214021,1.241327,29.321541,36.397621,0.92651473,1.3332009,48.597044,64.789624,0.86075775,1.2099344,66.757475,80.772164,0.83104735,1.0617421,76.007161,80.700006,0.81941693,1.1000578,73.363862,80.704488,0.84185922,1.1927447,67.571598,80.595664
0b_baseline_best,file,13,baseline,6208,107.Common_Raven/Common_Raven_0010_101390.jpg,107,106,107.Common_Raven,29,28,rotation,rotation,0,"{""angle"":-12.22189}",1.8352405,5.0706024,3.2353619,0.15957512,0.0062786383,0.57548875,0.35243538,-0.41591363,-0.34615674,0.069756885,0.7172766,1.0239733,152.98121,156.64867,False,0.94188249,False,False,False,0.7172766,1.0239733,152.98121,156.64867,0.71069698,1.0153862,150.14493,152.45509,0.87235488,1.2278853,29.321541,36.003489,0.68891413,0.7089114,48.597044,34.450999,0.70437821,0.96887609,66.757475,64.679722,0.72272191,1.090104,76.007161,82.855712,0.71006971,1.0363583,73.363862,76.031244,0.72899558,1.0698849,67.571598,72.29383
0b_baseline_best,file,13,baseline,6208,107.Common_Raven/Common_Raven_0010_101390.jpg,107,106,107.Common_Raven,29,28,random_resized_crop,random_resized_crop,0,"{""area_fraction"":0.643979,""aspect"":1.025863,""fallback"":false,""height"":0.792302,""left"":0.105886,""top"":0.123365,""width"":0.812794}",1.8352405,2.3798609,0.54462039,0.15957512,0.092563458,0.57548875,0.62691611,-0.41591363,-0.53435265,-0.11843903,0.81528439,1.1352979,152.98121,173.67925,False,0.94985431,True,False,False,0.81528439,1.1352979,152.98121,173.67925,0.81037347,1.136812,150.14493,170.68656,0.94954473,1.0948496,29.321541,32.102678,0.92796109,1.2831507,48.597044,62.35733,0.8085245,1.2012258,66.757475,80.190803,0.80076045,1.0866001,76.007161,82.589386,0.78687843,1.0972383,73.363862,80.49764,0.78801392,1.0989301,67.571598,74.256466
0b_baseline_best,file,13,baseline,6208,107.Common_Raven/Common_Raven_0010_101390.jpg,107,106,107.Common_Raven,29,28,gaussian_blur,gaussian_blur,0,"{""sigma"":1.810286}",1.8352405,2.8487511,1.0135106,0.15957512,0.057916597,0.57548875,0.051809784,-0.41591363,0.0061068125,0.42202044,0.57553649,1.1590484,152.98121,177.31262,False,0.83409357,False,False,False,0.57553649,1.1590484,152.98121,177.31262,0.57307685,1.1706739,150.14493,175.77075,0.71270398,0.79574898,29.321541,23.332586,0.68333416,1.3785081,48.597044,66.991418,0.57253472,1.3363872,66.757475,89.213835,0.55808397,1.195872,76.007161,90.894833,0.5518172,1.0772918,73.363862,79.034289,0.57395827,0.92894488,67.571598,62.77029
0b_baseline_best,file,13,baseline,6208,107.Common_Raven/Common_Raven_0010_101390.jpg,107,106,107.Common_Raven,29,28,random_erasing,random_erasing,0,"{""area_fraction"":0.145836,""erased"":true,""height"":0.626816,""left"":0.544325,""top"":0.130116,""width"":0.232662}",1.8352405,1.1441731,-0.69106734,0.15957512,0.31848717,0.57548875,0.39806709,-0.41591363,-0.07957992,0.33633371,0.82655845,0.77423465,152.98121,118.44336,False,0.94300926,True,False,False,0.82655845,0.77423465,152.98121,118.44336,0.82312814,0.77778146,150.14493,116.77994,0.93837394,0.67461191,29.321541,19.780661,0.9104164,0.70196002,48.597044,34.113182,0.80450261,0.80033963,66.757475,53.428653,0.85938754,0.80337031,76.007161,61.061896,0.80186444,0.78133487,73.363862,57.321744,0.78093968,0.75531867,67.571598,51.03809
0b_baseline_best,file,13,baseline,7375,126.Nelson_Sharp_tailed_Sparrow/Nelson_Sharp_Tailed_Sparrow_0017_796910.jpg,126,125,126.Nelson_Sharp_tailed_Sparrow,124,123,identity,identity,0,{},0.4045082,0.4045082,0,0.66730493,0.66730493,0.168715,0.168715,0.49858993,0.49858993,0,1,1,68.20253,68.20253,False,1,True,True,True,1,1,68.20253,68.20253,1,1,67.287127,67.287127,1,1,11.13677,11.13677,1,1,12.710577,12.710577,1,1,31.017811,31.017811,1,1,41.960526,41.960526,1,1,29.022218,29.022218,1,1,28.300518,28.300518
0b_baseline_best,file,13,baseline,7375,126.Nelson_Sharp_tailed_Sparrow/Nelson_Sharp_Tailed_Sparrow_0017_796910.jpg,126,125,126.Nelson_Sharp_tailed_Sparrow,124,123,horizontal_flip,horizontal_flip,0,"{""flipped"":true}",0.4045082,0.26367301,-0.1408352,0.66730493,0.76822472,0.168715,0.063345008,0.49858993,0.70487971,0.20628978,0.7202032,0.55758622,68.20253,38.028791,False,0.96768737,True,True,True,0.7202032,0.55758622,68.20253,38.028791,0.71332758,0.55554415,67.287127,37.38097,0.94757811,0.62759871,11.13677,6.9894222,0.56038924,0.49974709,12.710577,6.3520738,0.62852584,0.53794352,31.017811,16.68583,0.76899974,0.52306922,41.960526,21.94826,0.68118525,0.58744107,29.022218,17.048843,0.76411697,0.61829463,28.300518,17.498058
0b_baseline_best,file,13,baseline,7375,126.Nelson_Sharp_tailed_Sparrow/Nelson_Sharp_Tailed_Sparrow_0017_796910.jpg,126,125,126.Nelson_Sharp_tailed_Sparrow,124,123,color_jitter,color_jitter,0,"{""brightness"":0.857761,""contrast"":1.074101,""hue"":-0.062262,""saturation"":0.726541}",0.4045082,1.9516661,1.5471579,0.66730493,0.14203721,0.168715,0.16032781,0.49858993,-0.018290594,-0.51688053,0.78971843,2.5138416,68.20253,171.45036,False,0.94930941,False,True,False,0.78971843,2.5138416,68.20253,171.45036,0.78679543,2.5176362,67.287127,169.40451,0.9043952,2.3711682,11.13677,26.407154,0.69520913,3.0194361,12.710577,38.378775,0.71662324,2.2127921,31.017811,68.635965,0.81656227,2.4707054,41.960526,103.6721,0.79187892,2.7585483,29.022218,80.05919,0.82634922,2.5861495,28.300518,73.189371
0b_baseline_best,file,13,baseline,7375,126.Nelson_Sharp_tailed_Sparrow/Nelson_Sharp_Tailed_Sparrow_0017_796910.jpg,126,125,126.Nelson_Sharp_tailed_Sparrow,124,123,rotation,rotation,0,"{""angle"":3.567374}",0.4045082,1.0856886,0.68118039,0.66730493,0.33766919,0.168715,0.37444973,0.49858993,-0.036780536,-0.53537047,0.89910876,1.8629606,68.20253,127.05863,False,0.98439687,False,True,False,0.89910876,1.8629606,68.20253,127.05863,0.89674881,1.8609117,67.287127,125.2154,0.98259333,1.9362713,11.13677,21.563808,0.8970675,1.843176,12.710577,23.427831,0.90845502,1.9909561,31.017811,61.755099,0.91201516,1.7830453,41.960526,74.817521,0.85602682,1.8827603,29.022218,54.64188,0.89726971,1.8472303,28.300518,52.277576
0b_baseline_best,file,13,baseline,7375,126.Nelson_Sharp_tailed_Sparrow/Nelson_Sharp_Tailed_Sparrow_0017_796910.jpg,126,125,126.Nelson_Sharp_tailed_Sparrow,124,123,random_resized_crop,random_resized_crop,0,"{""area_fraction"":0.697393,""aspect"":0.813545,""fallback"":false,""height"":0.925866,""left"":0.013797,""top"":0.050183,""width"":0.753234}",0.4045082,1.2612517,0.85674348,0.66730493,0.28329921,0.168715,0.16822135,0.49858993,0.11507785,-0.38351208,0.69782844,1.8403804,68.20253,125.5186,False,0.93097746,True,True,True,0.69782844,1.8403804,68.20253,125.5186,0.69233011,1.8394513,67.287127,123.77139,0.89496062,1.8739835,11.13677,20.870122,0.64918589,1.8235302,12.710577,23.178121,0.67720589,1.7107997,31.017811,53.06526,0.66724819,1.713183,41.960526,71.886062,0.69545697,2.013351,29.022218,58.43191,0.77012621,2.0556118,28.300518,58.174878
0b_baseline_best,file,13,baseline,7375,126.Nelson_Sharp_tailed_Sparrow/Nelson_Sharp_Tailed_Sparrow_0017_796910.jpg,126,125,126.Nelson_Sharp_tailed_Sparrow,124,123,gaussian_blur,gaussian_blur,0,"{""sigma"":1.812519}",0.4045082,0.5683434,0.1638352,0.66730493,0.56646305,0.168715,0.11827774,0.49858993,0.44818531,-0.050404623,0.49581924,1.2183683,68.20253,83.095798,False,0.90034086,True,True,True,0.49581924,1.2183683,68.20253,83.095798,0.48744465,1.2157601,67.287127,81.805007,0.78087401,1.3100266,11.13677,14.589464,0.18696383,1.3325062,12.710577,16.936923,0.46856778,1.2337708,31.017811,38.268868,0.47009986,1.1208605,41.960526,47.031898,0.50647721,1.3229513,29.022218,38.39498,0.59313693,1.2515389,28.300518,35.4192
0b_baseline_best,file,13,baseline,7375,126.Nelson_Sharp_tailed_Sparrow/Nelson_Sharp_Tailed_Sparrow_0017_796910.jpg,126,125,126.Nelson_Sharp_tailed_Sparrow,124,123,random_erasing,random_erasing,0,"{""area_fraction"":0.185203,""erased"":true,""height"":0.239459,""left"":0.103605,""top"":0.365566,""width"":0.773424}",0.4045082,1.0970389,0.69253066,0.66730493,0.33385822,0.168715,0.3895101,0.49858993,-0.055651873,-0.55424181,0.56651241,1.6582852,68.20253,113.09924,False,0.90635359,False,True,False,0.56651241,1.6582852,68.20253,113.09924,0.55697406,1.6511814,67.287127,111.10325,0.87458305,1.8995043,11.13677,21.154342,0.63292481,1.3832105,12.710577,17.581404,0.62752234,1.4304582,31.017811,44.369681,0.47578395,1.5226843,41.960526,63.892635,0.51301149,1.9438282,29.022218,56.414204,0.69650018,1.8701978,28.300518,52.927566
0b_baseline_best,file,13,baseline,3555,062.Herring_Gull/Herring_Gull_0094_47172.jpg,62,61,062.Herring_Gull,64,63,identity,identity,0,{},2.565136,2.565136,0,0.076908723,0.076908723,0.81660908,0.81660908,-0.73970036,-0.73970036,0,1,1,166.61734,166.61734,False,0.99999994,True,False,False,1,1,166.61734,166.61734,1,1,162.92893,162.92893,1,1,34.864039,34.864039,1,1,33.849014,33.849014,1,1,75.087572,75.087572,1,1,87.124005,87.124005,1,1,77.899719,77.899719,1,1,78.121558,78.121558
0b_baseline_best,file,13,baseline,3555,062.Herring_Gull/Herring_Gull_0094_47172.jpg,62,61,062.Herring_Gull,64,63,horizontal_flip,horizontal_flip,0,"{""flipped"":true}",2.565136,2.7680798,0.2029438,0.076908723,0.062782444,0.81660908,0.77633846,-0.73970036,-0.71355601,0.026144348,0.63523184,0.92735548,166.61734,154.5135,False,0.95588088,True,False,False,0.63523184,0.92735548,166.61734,154.5135,0.61963831,0.9244518,162.92893,150.61994,0.95503812,0.98864562,34.864039,34.468179,0.22921102,1.0517683,33.849014,35.601321,0.44463239,0.80672989,75.087572,60.575389,0.6427348,0.88122549,87.124005,76.775895,0.66113733,0.94660121,77.899719,73.739968,0.76866512,1.0254373,78.121558,80.108761
0b_baseline_best,file,13,baseline,3555,062.Herring_Gull/Herring_Gull_0094_47172.jpg,62,61,062.Herring_Gull,64,63,color_jitter,color_jitter,0,"{""brightness"":1.27949,""contrast"":1.136089,""hue"":-0.021546,""saturation"":1.068807}",2.565136,2.4239206,-0.14121532,0.076908723,0.088573657,0.81660908,0.597036,-0.73970036,-0.50846235,0.23123801,0.73134577,0.8480835,166.61734,141.30541,False,0.94050425,True,False,False,0.73134577,0.8480835,166.61734,141.30541,0.72186662,0.84519793,162.92893,137.70719,0.92570886,0.90882067,34.864039,31.685159,0.62249259,1.0147097,33.849014,34.346923,0.66634761,0.79645824,75.087572,59.804116,0.69596612,0.80335319,87.124005,69.991348,0.75320535,0.87449042,77.899719,68.122557,0.79426326,0.87452829,78.121558,68.319512
0b_baseline_best,file,13,baseline,3555,062.Herring_Gull/Herring_Gull_0094_47172.jpg,62,61,062.Herring_Gull,64,63,rotation,rotation,0,"{""angle"":-12.56045}",2.565136,1.1702075,-1.3949285,0.076908723,0.31030253,0.81660908,0.41824418,-0.73970036,-0.10794166,0.6317587,0.71743066,0.68036896,166.61734,113.36126,False,0.93243003,True,False,False,0.71743066,0.68036896,166.61734,113.36126,0.70900504,0.68152143,162.92893,111.03956,0.90953565,0.65469391,34.864039,22.825274,0.75997916,0.78556525,33.849014,26.590609,0.74166985,0.67995746,75.087572,51.056355,0.70488283,0.66251109,87.124005,57.72062,0.66107861,0.68631424,77.899719,53.463686,0.72277585,0.68047192,78.121558,53.159527
0b_baseline_best,file,13,baseline,3555,062.Herring_Gull/Herring_Gull_0094_47172.jpg,62,61,062.Herring_Gull,64,63,random_resized_crop,random_resized_crop,0,"{""area_fraction"":0.596905,""aspect"":0.856318,""fallback"":false,""height"":0.834901,""left"":0.094267,""top"":0.112065,""width"":0.714941}",2.565136,2.8477063,0.28257036,0.076908723,0.057977144,0.81660908,0.43691403,-0.73970036,-0.37893688,0.36076348,0.7043726,0.9185313,166.61734,153.04324,False,0.9426862,True,False,False,0.7043726,0.9185313,166.61734,153.04324,0.696519,0.9221153,162.92893,150.23926,0.89667752,0.83643765,34.864039,29.161595,0.68118235,1.1363009,33.849014,38.462666,0.72657487,0.87985452,75.087572,66.06614,0.6919847,0.92752227,87.124005,80.809455,0.66650616,0.91272695,77.899719,71.101173,0.7131212,0.9179154,78.121558,71.708981
0b_baseline_best,file,13,baseline,3555,062.Herring_Gull/Herring_Gull_0094_47172.jpg,62,61,062.Herring_Gull,64,63,gaussian_blur,gaussian_blur,0,"{""sigma"":1.21838}",2.565136,3.5181043,0.95296836,0.076908723,0.029655598,0.81660908,0.15746832,-0.73970036,-0.12781272,0.61188764,0.46112378,0.86533808,166.61734,144.18033,False,0.91305536,False,False,False,0.46112378,0.86533808,166.61734,144.18033,0.44987649,0.86803191,162.92893,141.42751,0.72752374,0.8042593,34.864039,28.039727,0.65596225,1.2492765,33.849014,42.286779,0.50344719,0.88382183,75.087572,66.364036,0.34161425,0.85739493,87.124005,74.69968,0.42879794,0.78973447,77.899719,61.520093,0.50697676,0.85338771,78.121558,66.667978
0b_baseline_best,file,13,baseline,3555,062.Herring_Gull/Herring_Gull_0094_47172.jpg,62,61,062.Herring_Gull,64,63,random_erasing,random_erasing,0,"{""area_fraction"":0.19533,""erased"":true,""height"":0.595657,""left"":0.295209,""top"":0.294094,""width"":0.327923}",2.565136,2.1032712,-0.46186471,0.076908723,0.1220565,0.81660908,0.045919038,-0.73970036,0.076137461,0.81583782,0.34677015,0.74251195,166.61734,123.71536,False,0.85416901,False,False,False,0.34677015,0.74251195,166.61734,123.71536,0.3356278,0.74423023,162.92893,121.25663,0.60455512,0.70394036,34.864039,24.542204,0.59442123,0.87232972,33.849014,29.527501,0.47443428,0.79575656,75.087572,59.751428,0.14496987,0.68189233,87.124005,59.409191,0.32029678,0.70692021,77.899719,55.068885,0.37539996,0.77852592,78.121558,60.819658
0b_baseline_best,file,13,baseline,9793,167.Hooded_Warbler/Hooded_Warbler_0021_165057.jpg,167,166,167.Hooded_Warbler,157,156,identity,identity,0,{},0.62573242,0.62573242,0,0.53486955,0.53486955,0.10136663,0.10136663,0.43350292,0.43350292,0,1,1,56.234916,56.234916,False,1,True,True,True,1,1,56.234916,56.234916,1,1,54.777875,54.777875,1,1,12.718104,12.718104,1,1,7.7167164,7.7167164,1,1,20.652574,20.652574,1,1,28.488667,28.488667,1,1,27.770892,27.770892,1,1,30.523966,30.523966
0b_baseline_best,file,13,baseline,9793,167.Hooded_Warbler/Hooded_Warbler_0021_165057.jpg,167,166,167.Hooded_Warbler,157,156,horizontal_flip,horizontal_flip,0,"{""flipped"":true}",0.62573242,1.5929683,0.96723592,0.53486955,0.20332119,0.10136663,0.48735416,0.43350292,-0.28403297,-0.71753589,0.53258504,2.3935289,56.234916,134.59989,False,0.95841914,False,True,False,0.53258504,2.3935289,56.234916,134.59989,0.51614637,2.4087863,54.777875,131.9482,0.88910689,2.0903908,12.718104,26.585806,0.34931979,2.822358,7.7167164,21.779336,0.26228492,2.1387452,20.652574,44.170594,0.46929255,2.4001904,28.488667,68.378225,0.5534679,2.6147561,27.770892,72.614108,0.64737136,2.3250155,30.523966,70.968693
0b_baseline_best,file,13,baseline,9793,167.Hooded_Warbler/Hooded_Warbler_0021_165057.jpg,167,166,167.Hooded_Warbler,157,156,color_jitter,color_jitter,0,"{""brightness"":0.737298,""contrast"":0.864036,""hue"":-0.052532,""saturation"":1.073449}",0.62573242,5.3063402,4.6806078,0.53486955,0.0049600461,0.10136663,0.0022424085,0.43350292,0.0027176377,-0.43078528,0.34105056,2.7672414,56.234916,155.61559,False,0.77602774,False,True,False,0.34105056,2.7672414,56.234916,155.61559,0.32674826,2.8016887,54.777875,153.47055,0.72566958,2.0245781,12.718104,25.748793,0.10759244,3.2916039,7.7167164,25.400374,0.18119795,4.3733827,20.652574,90.321612,0.40653358,2.9808076,28.488667,84.919234,0.36358541,2.2359587,27.770892,62.094568,0.41963021,1.9882062,30.523966,60.687939
0b_baseline_best,file,13,baseline,9793,167.Hooded_Warbler/Hooded_Warbler_0021_165057.jpg,167,166,167.Hooded_Warbler,157,156,rotation,rotation,0,"{""angle"":-2.495267}",0.62573242,1.0744221,0.4486897,0.53486955,0.34149501,0.10136663,0.18744108,0.43350292,0.15405393,-0.27944899,0.60501651,1.7545517,56.234916,98.66707,False,0.96498096,True,True,True,0.60501651,1.7545517,56.234916,98.66707,0.58774863,1.751944,54.777875,95.967769,0.91664099,1.8022441,12.718104,22.921127,0.38900382,1.9979418,7.7167164,15.417551,0.36910301,1.9069681,20.652574,39.3838,0.49119574,1.8164409,28.488667,51.747979,0.64068863,1.7126545,27.770892,47.561942,0.77141575,1.6318326,30.523966,49.810004
0b_baseline_best,file,13,baseline,9793,167.Hooded_Warbler/Hooded_Warbler_0021_165057.jpg,167,166,167.Hooded_Warbler,157,156,random_resized_crop,random_resized_crop,0,"{""area_fraction"":0.511067,""aspect"":1.011277,""fallback"":false,""height"":0.710893,""left"":0.089991,""top"":0.019496,""width"":0.718909}",0.62573242,1.4382695,0.81253707,0.53486955,0.23733813,0.10136663,0.19575413,0.43350292,0.041584,-0.39191892,0.55645647,1.9339723,56.234916,108.75677,False,0.92821282,True,True,True,0.55645647,1.9339723,56.234916,108.75677,0.53800966,1.9359804,54.777875,106.04889,0.90592948,1.8963342,12.718104,24.117775,0.28859051,2.8011871,7.7167164,21.615967,0.35300228,2.2284422,20.652574,46.023068,0.55152973,1.9598716,28.488667,55.834128,0.53150677,1.8192064,27.770892,50.520985,0.67012396,1.7917604,30.523966,54.691635
0b_baseline_best,file,13,baseline,9793,167.Hooded_Warbler/Hooded_Warbler_0021_165057.jpg,167,166,167.Hooded_Warbler,157,156,gaussian_blur,gaussian_blur,0,"{""sigma"":1.207135}",0.62573242,1.1249169,0.49918449,0.53486955,0.32467946,0.10136663,0.025049021,0.43350292,0.29963044,-0.13387248,0.55218218,1.6904192,56.234916,95.060583,False,0.94455487,True,True,True,0.55218218,1.6904192,56.234916,95.060583,0.53383362,1.6874769,54.777875,92.436398,0.88179876,1.7441027,12.718104,22.181679,0.27949791,2.6360007,7.7167164,20.34127,0.47009477,2.0218116,20.652574,41.755615,0.45164059,1.6754841,28.488667,47.732309,0.545843,1.5920156,27.770892,44.211692,0.68429928,1.5205342,30.523966,46.412735
0b_baseline_best,file,13,baseline,9793,167.Hooded_Warbler/Hooded_Warbler_0021_165057.jpg,167,166,167.Hooded_Warbler,157,156,random_erasing,random_erasing,0,"{""area_fraction"":0.07743,""erased"":true,""height"":0.308277,""left"":0.274719,""top"":0.056398,""width"":0.251171}",0.62573242,0.68438447,0.058652043,0.53486955,0.50440061,0.10136663,0.12154219,0.43350292,0.38285842,-0.050644502,0.89527603,1.0341365,56.234916,58.154578,False,0.98885322,True,True,True,0.89527603,1.0341365,56.234916,58.154578,0.89025733,1.0337433,54.777875,56.62626,0.98771586,1.0414042,12.718104,13.244687,0.83260034,0.97121814,7.7167164,7.4946149,0.75258622,1.025613,20.652574,21.181549,0.89494475,1.0192704,28.488667,29.037655,0.9170367,1.0651714,27.770892,29.580759,0.93017606,1.0274154,30.523966,31.360792
0b_baseline_best,file,13,baseline,303,006.Least_Auklet/Least_Auklet_0010_795092.jpg,6,5,006.Least_Auklet,7,6,identity,identity,0,{},0.0038757222,0.0038757222,0,0.99613178,0.99613178,0.0038571085,0.0038571085,0.99227467,0.99227467,0,1,1,1.1669093,1.1669093,False,1,True,True,True,1,1,1.1669093,1.1669093,1,1,1.1460672,1.1460672,1,1,0.21956155,0.21956155,1,1,0.34077414,0.34077414,1,1,0.519015,0.519015,1,1,0.58960705,0.58960705,1,1,0.55908686,0.55908686,1,1,0.51744742,0.51744742
0b_baseline_best,file,13,baseline,303,006.Least_Auklet/Least_Auklet_0010_795092.jpg,6,5,006.Least_Auklet,7,6,horizontal_flip,horizontal_flip,0,"{""flipped"":true}",0.0038757222,0.035191778,0.031316056,0.99613178,0.96542025,0.0038571085,0.034284338,0.99227467,0.93113591,-0.061138761,0.75952828,9.3925066,1.1669093,10.960203,False,0.97977841,True,True,True,0.75952828,9.3925066,1.1669093,10.960203,0.75386311,9.4580062,1.1460672,10.839511,0.97977608,7.3877017,0.21956155,1.6220552,0.77740339,10.685685,0.34077414,3.641405,0.78065009,9.9050541,0.519015,5.1408717,0.7109419,9.9611222,0.58960705,5.8731479,0.72899293,9.1469694,0.55908686,5.1139504,0.82635832,8.0056295,0.51744742,4.1424923
0b_baseline_best,file,13,baseline,303,006.Least_Auklet/Least_Auklet_0010_795092.jpg,6,5,006.Least_Auklet,7,6,color_jitter,color_jitter,0,"{""brightness"":0.704103,""contrast"":0.829153,""hue"":-0.013264,""saturation"":1.23284}",0.0038757222,0.0046143006,0.00073857838,0.99613178,0.99539632,0.0038571085,0.0045483182,0.99227467,0.990848,-0.0014266714,0.85195257,1.0489935,1.1669093,1.2240802,False,0.98266745,True,True,True,0.85195257,1.0489935,1.1669093,1.2240802,0.847034,1.0479533,1.1460672,1.2010249,0.98266315,1.0769467,0.21956155,0.2364561,0.58726159,0.70379092,0.34077414,0.23983374,0.85781665,1.2122294,0.519015,0.62916525,0.87215639,1.0605021,0.58960705,0.62527954,0.85989601,0.99582439,0.55908686,0.55675233,0.89498458,1.0373819,0.51744742,0.53679057
0b_baseline_best,file,13,baseline,303,006.Least_Auklet/Least_Auklet_0010_795092.jpg,6,5,006.Least_Auklet,7,6,rotation,rotation,0,"{""angle"":6.429863}",0.0038757222,0.026936322,0.0230606,0.99613178,0.97342324,0.0038571085,0.026500337,0.99227467,0.94692291,-0.045351763,0.88474175,6.8835905,1.1669093,8.0325257,False,0.98868823,True,True,True,0.88474175,6.8835905,1.1669093,8.0325257,0.88130638,6.9014499,1.1460672,7.9095253,0.98869391,6.377773,0.21956155,1.4003137,0.88824894,6.967166,0.34077414,2.37423,0.89170634,6.9403381,0.519015,3.6021396,0.86866618,6.9175039,0.58960705,4.0786091,0.86819121,7.018002,0.55908686,3.9236727,0.90109216,6.671671,0.51744742,3.4522389
0b_baseline_best,file,13,baseline,303,006.Least_Auklet/Least_Auklet_0010_795092.jpg,6,5,006.Least_Auklet,7,6,random_resized_crop,random_resized_crop,0,"{""area_fraction"":0.677846,""aspect"":0.968416,""fallback"":false,""height"":0.836632,""left"":0.019744,""top"":0.121114,""width"":0.810208}",0.0038757222,0.07772053,0.073844808,0.99613178,0.92522293,0.0038571085,0.074704334,0.99227467,0.8505186,-0.14175607,0.84846802,22.947168,1.1669093,26.777264,False,0.97278118,True,True,True,0.84846802,22.947168,1.1669093,26.777264,0.84472306,23.044007,1.1460672,26.409981,0.97279629,20.130193,0.21956155,4.4198164,0.90081706,23.812912,0.34077414,8.1148245,0.84170941,23.115506,0.519015,11.997294,0.83335296,22.990901,0.58960705,13.555597,0.84266055,23.8686,0.55908686,13.344621,0.84200417,21.68165,0.51744742,11.219114
0b_baseline_best,file,13,baseline,303,006.Least_Auklet/Least_Auklet_0010_795092.jpg,6,5,006.Least_Auklet,7,6,gaussian_blur,gaussian_blur,0,"{""sigma"":1.649068}",0.0038757222,0.12357959,0.11970387,0.99613178,0.88375127,0.0038571085,0.11563961,0.99227467,0.76811166,-0.22416301,0.72099124,37.254379,1.1669093,43.47248,False,0.94875717,True,True,True,0.72099124,37.254379,1.1669093,43.47248,0.71553089,37.546677,1.1460672,43.031014,0.94878585,28.145512,0.21956155,6.1796723,0.69234487,32.461245,0.34077414,11.061953,0.63494087,42.317039,0.519015,21.963178,0.69407454,38.018003,0.58960705,22.415683,0.76270453,38.681213,0.55908686,21.626158,0.81835488,32.150716,0.51744742,16.636305
0b_baseline_best,file,13,baseline,303,006.Least_Auklet/Least_Auklet_0010_795092.jpg,6,5,006.Least_Auklet,7,6,random_erasing,random_erasing,0,"{""area_fraction"":0.056395,""erased"":true,""height"":0.242631,""left"":0.680695,""top"":0.27176,""width"":0.232429}",0.0038757222,0.00068640988,-0.0031893123,0.99613178,0.99931383,0.0038571085,0.00068239291,0.99227467,0.99863144,0.0063567692,0.94865674,0.16912819,1.1669093,0.19735725,False,0.99225485,True,True,True,0.94865674,0.16912819,1.1669093,0.19735725,0.94702231,0.16873826,1.1460672,0.19338538,0.99225856,0.17942662,0.21956155,0.039395187,0.93066373,0.15178857,0.34077414,0.051725619,0.94144484,0.16142259,0.519015,0.083780746,0.95259044,0.1695272,0.58960705,0.099954434,0.95225188,0.17195205,0.55908686,0.09613613,0.94970816,0.17785998,0.51744742,0.092033188
0b_baseline_best,file,13,baseline,9474,162.Canada_Warbler/Canada_Warbler_0121_162310.jpg,162,161,162.Canada_Warbler,170,169,identity,identity,0,{},0.1385437,0.1385437,0,0.8706252,0.8706252,0.090512134,0.090512134,0.78011306,0.78011306,0,1,1,22.845618,22.845618,False,1,True,True,True,1,1,22.845618,22.845618,1,1,22.267993,22.267993,1,1,5.1047782,5.1047782,1,1,5.8872243,5.8872243,1,1,9.1208003,9.1208003,1,1,11.258246,11.258246,1,1,10.83902,10.83902,1,1,11.566444,11.566444
0b_baseline_best,file,13,baseline,9474,162.Canada_Warbler/Canada_Warbler_0121_162310.jpg,162,161,162.Canada_Warbler,170,169,horizontal_flip,horizontal_flip,0,"{""flipped"":true}",0.1385437,0.058526583,-0.080017112,0.8706252,0.94315314,0.090512134,0.030801313,0.78011306,0.91235183,0.13223877,0.7042687,0.40354581,22.845618,9.2192535,False,0.97902465,True,True,True,0.7042687,0.40354581,22.845618,9.2192535,0.68991589,0.40311377,22.267993,8.9765345,0.97184791,0.41168068,5.1047782,2.1015385,0.69608696,0.45170255,5.8872243,2.6592742,0.61263569,0.4028099,9.1208003,3.6739487,0.67832635,0.37660897,11.258246,4.2399566,0.68442242,0.40228246,10.83902,4.3603476,0.75240604,0.41480143,11.566444,4.7977776
0b_baseline_best,file,13,baseline,9474,162.Canada_Warbler/Canada_Warbler_0121_162310.jpg,162,161,162.Canada_Warbler,170,169,color_jitter,color_jitter,0,"{""brightness"":1.131524,""contrast"":1.187424,""hue"":-0.085072,""saturation"":1.342747}",0.1385437,1.4048584,1.2663147,0.8706252,0.24540183,0.090512134,0.10930624,0.78011306,0.13609559,-0.64401747,0.38622914,5.6766681,22.845618,129.68699,False,0.83972865,True,True,True,0.38622914,5.6766681,22.845618,129.68699,0.37150937,5.7241393,22.267993,127.46509,0.73612542,4.6825263,5.1047782,23.903258,0.25176962,5.9717688,5.8872243,35.157142,0.2980618,6.8304702,9.1208003,62.299355,0.37508606,6.3020328,11.258246,70.949838,0.37233859,5.2456036,10.83902,56.857202,0.49106988,4.6264549,11.566444,53.511634
0b_baseline_best,file,13,baseline,9474,162.Canada_Warbler/Canada_Warbler_0121_162310.jpg,162,161,162.Canada_Warbler,170,169,rotation,rotation,0,"{""angle"":-6.154647}",0.1385437,0.1614852,0.0229415,0.8706252,0.85087913,0.090512134,0.10199727,0.78011306,0.74888186,-0.031231202,0.84009409,1.1628126,22.845618,26.565174,False,0.98364311,True,True,True,0.84009409,1.1628126,22.845618,26.565174,0.83325165,1.1669144,22.267993,25.984842,0.98283876,1.0818017,5.1047782,5.5223575,0.86458145,1.263981,5.8872243,7.4413394,0.77726051,1.1820559,9.1208003,10.781296,0.83584124,1.1761517,11.258246,13.241406,0.82464849,1.158921,10.83902,12.561568,0.86714059,1.1288328,11.566444,13.056582
0b_baseline_best,file,13,baseline,9474,162.Canada_Warbler/Canada_Warbler_0121_162310.jpg,162,161,162.Canada_Warbler,170,169,random_resized_crop,random_resized_crop,0,"{""area_fraction"":0.712446,""aspect"":1.075646,""fallback"":false,""height"":0.813844,""left"":0.009353,""top"":0.177428,""width"":0.875408}",0.1385437,0.67513496,0.53659126,0.8706252,0.50908774,0.090512134,0.44959301,0.78011306,0.059494734,-0.72061833,0.67174955,4.9256764,22.845618,112.53012,False,0.95393586,True,True,True,0.67174955,4.9256764,22.845618,112.53012,0.65841788,4.9361072,22.267993,109.9172,0.93751528,4.7228033,5.1047782,24.108863,0.70137356,6.0711271,5.8872243,35.742087,0.57406786,5.6687131,9.1208003,51.7032,0.64317485,4.4488967,11.258246,50.086775,0.69330856,4.8589684,10.83902,52.666456,0.70433921,4.6144331,11.566444,53.372583
0b_baseline_best,file,13,baseline,9474,162.Canada_Warbler/Canada_Warbler_0121_162310.jpg,162,161,162.Canada_Warbler,170,169,gaussian_blur,gaussian_blur,0,"{""sigma"":1.495779}",0.1385437,0.52833205,0.38978836,0.8706252,0.58958757,0.090512134,0.13445717,0.78011306,0.4551304,-0.32498267,0.67021431,4.0143248,22.845618,91.709731,False,0.94625461,True,True,True,0.67021431,4.0143248,22.845618,91.709731,0.66335976,4.0520455,22.267993,90.230921,0.85207079,3.213247,5.1047782,16.402913,0.62005751,4.0593718,5.8872243,23.898432,0.60390981,4.4592611,9.1208003,40.67203,0.67473835,4.5689234,11.258246,51.438065,0.67051285,3.8394998,10.83902,41.616414,0.72386356,3.3911311,11.566444,39.223329
0b_baseline_best,file,13,baseline,9474,162.Canada_Warbler/Canada_Warbler_0121_162310.jpg,162,161,162.Canada_Warbler,170,169,random_erasing,random_erasing,0,"{""area_fraction"":0.073077,""erased"":true,""height"":0.165461,""left"":0.327227,""top"":0.050134,""width"":0.441661}",0.1385437,0.078510702,-0.060032994,0.8706252,0.92449218,0.090512134,0.048353154,0.78011306,0.87613903,0.096025962,0.96898232,0.61063359,22.845618,13.950302,False,0.99577278,True,True,True,0.96898232,0.61063359,22.845618,13.950302,0.96768638,0.61044845,22.267993,13.593462,0.99351066,0.61414582,5.1047782,3.1350782,0.98683542,0.56178091,5.8872243,3.3073303,0.96254762,0.59751615,9.1208003,5.4498255,0.97526667,0.61920016,11.258246,6.9711079,0.96518371,0.61200744,10.83902,6.6335608,0.96242105,0.62070279,11.566444,7.1793243
0b_baseline_best,file,13,baseline,4449,077.Tropical_Kingbird/Tropical_Kingbird_0060_69942.jpg,77,76,077.Tropical_Kingbird,38,37,identity,identity,0,{},0.012649657,0.012649657,0,0.98743004,0.98743004,0.0088698855,0.0088698855,0.97856015,0.97856015,0,1,1,1.9684016,1.9684016,False,1,True,True,True,1,1,1.9684016,1.9684016,1,1,1.8933598,1.8933598,1,1,0.53832461,0.53832461,1,1,0.37693085,0.37693085,1,1,0.86198264,0.86198264,1,1,0.90969218,0.90969218,1,1,0.91914022,0.91914022,1,1,1.0135886,1.0135886
0b_baseline_best,file,13,baseline,4449,077.Tropical_Kingbird/Tropical_Kingbird_0060_69942.jpg,77,76,077.Tropical_Kingbird,38,37,horizontal_flip,horizontal_flip,0,"{""flipped"":true}",0.012649657,0.0038894969,-0.0087601603,0.98743004,0.99611807,0.0088698855,0.0024641452,0.97856015,0.99365392,0.015093773,0.68445281,0.287135,1.9684016,0.565197,False,0.96657562,True,True,True,0.68445281,0.287135,1.9684016,0.565197,0.66182332,0.28681257,1.8933598,0.54303939,0.96033691,0.29109406,0.53832461,0.1567031,0.71975924,0.3062224,0.37693085,0.11542467,0.65655974,0.25471611,0.86198264,0.21956086,0.60209595,0.28181589,0.90969218,0.25636571,0.59402533,0.28569772,0.91914022,0.26259626,0.75721068,0.30992511,1.0135886,0.31413657
0b_baseline_best,file,13,baseline,4449,077.Tropical_Kingbird/Tropical_Kingbird_0060_69942.jpg,77,76,077.Tropical_Kingbird,38,37,color_jitter,color_jitter,0,"{""brightness"":0.861392,""contrast"":1.268198,""hue"":-0.026902,""saturation"":1.111928}",0.012649657,0.0072364602,-0.005413197,0.98743004,0.99278969,0.0088698855,0.0021378924,0.97856015,0.99065179,0.012091643,0.72915443,0.47007083,1.9684016,0.92528818,False,0.98540568,True,True,True,0.72915443,0.47007083,1.9684016,0.92528818,0.71386485,0.46726759,1.8933598,0.88470568,0.90656122,0.50345852,0.53832461,0.27102411,0.65299176,0.44699346,0.37693085,0.16848562,0.64618621,0.40769493,0.86198264,0.35142595,0.67140206,0.47338977,0.90969218,0.43063897,0.71901741,0.48553519,0.91914022,0.44627492,0.79653122,0.48953863,1.0135886,0.49619079
0b_baseline_best,file,13,baseline,4449,077.Tropical_Kingbird/Tropical_Kingbird_0060_69942.jpg,77,76,077.Tropical_Kingbird,38,37,rotation,rotation,0,"{""angle"":7.936687}",0.012649657,0.019868055,0.0072183982,0.98743004,0.98032802,0.0088698855,0.012914636,0.97856015,0.96741339,-0.011146763,0.82704877,1.5167641,1.9684016,2.985601,False,0.98807168,True,True,True,0.82704877,1.5167641,1.9684016,2.985601,0.81372364,1.5130788,1.8933598,2.8648026,0.98713938,1.5616338,0.53832461,0.84066593,0.83030164,1.7285521,0.37693085,0.65154461,0.83936334,1.5728816,0.86198264,1.3557966,0.77336815,1.5691355,0.90969218,1.4274303,0.76942838,1.4451119,0.91914022,1.3282605,0.86629384,1.4441269,1.0135886,1.4637506
0b_baseline_best,file,13,baseline,4449,077.Tropical_Kingbird/Tropical_Kingbird_0060_69942.jpg,77,76,077.Tropical_Kingbird,38,37,random_resized_crop,random_resized_crop,0,"{""area_fraction"":0.592835,""aspect"":1.017178,""fallback"":false,""height"":0.763429,""left"":0.178431,""top"":0.114238,""width"":0.776543}",0.012649657,0.044939291,0.032289634,0.98743004,0.95605552,0.0088698855,0.027667489,0.97856015,0.92838803,-0.050172118,0.73177845,4.1682451,1.9684016,8.2047803,False,0.97264791,True,True,True,0.73177845,4.1682451,1.9684016,8.2047803,0.71834166,4.2329695,1.8933598,8.0145344,0.97083226,3.2630947,0.53832461,1.7566042,0.69448369,4.3460715,0.37693085,1.6381684,0.72987857,4.8342853,0.86198264,4.16707,0.70672882,4.5495201,0.90969218,4.1386628,0.68384729,4.2046591,0.91914022,3.8646713,0.78213917,3.4347739,1.0135886,3.4814479
0b_baseline_best,file,13,baseline,4449,077.Tropical_Kingbird/Tropical_Kingbird_0060_69942.jpg,77,76,077.Tropical_Kingbird,38,37,gaussian_blur,gaussian_blur,0,"{""sigma"":1.106676}",0.012649657,0.1967039,0.18405424,0.98743004,0.82143384,0.0088698855,0.11357947,0.97856015,0.70785437,-0.27070578,0.73159044,15.303546,1.9684016,30.123525,False,0.9255091,True,True,True,0.73159044,15.303546,1.9684016,30.123525,0.72121425,15.541047,1.8933598,29.424794,0.92146023,11.982441,0.53832461,6.4504429,0.69209789,17.619036,0.37693085,6.641158,0.71998756,16.716005,0.86198264,14.408906,0.70860411,17.806056,0.90969218,16.19803,0.71314387,15.001642,0.91914022,13.788612,0.7780983,12.541578,1.0135886,12.712001
0b_baseline_best,file,13,baseline,4449,077.Tropical_Kingbird/Tropical_Kingbird_0060_69942.jpg,77,76,077.Tropical_Kingbird,38,37,random_erasing,random_erasing,0,"{""area_fraction"":0.092117,""erased"":true,""height"":0.355637,""left"":0.457851,""top"":0.378745,""width"":0.259021}",0.012649657,1.9833753,1.9707257,0.98743004,0.13760398,0.0088698855,0.02058664,0.97856015,0.11701734,-0.86154281,0.38057548,64.965659,1.9684016,127.87851,False,0.85675925,False,True,False,0.38057548,64.965659,1.9684016,127.87851,0.36344462,65.259968,1.8933598,123.5606,0.60724337,61.208079,0.53832461,32.949815,0.26590815,60.42532,0.37693085,22.776167,0.52382436,59.362998,0.86198264,51.169874,0.28715018,70.297261,0.90969218,63.948869,0.34691612,66.16229,0.91914022,60.812421,0.35247572,65.014224,1.0135886,65.897679
0b_baseline_best,file,13,baseline,4363,075.Green_Jay/Green_Jay_0095_65881.jpg,75,74,075.Green_Jay,170,169,identity,identity,0,{},0.31499484,0.31499484,0,0.72979265,0.72979265,0.063987985,0.063987985,0.66580467,0.66580467,0,1,1,41.742774,41.742774,False,1,True,True,True,1,1,41.742774,41.742774,1,1,40.846974,40.846974,1,1,8.6013879,8.6013879,1,1,12.877081,12.877081,1,1,20.486403,20.486403,1,1,20.756287,20.756287,1,1,17.475741,17.475741,1,1,18.620913,18.620913
0b_baseline_best,file,13,baseline,4363,075.Green_Jay/Green_Jay_0095_65881.jpg,75,74,075.Green_Jay,170,169,horizontal_flip,horizontal_flip,0,"{""flipped"":true}",0.31499484,0.090691462,-0.22430338,0.72979265,0.91329944,0.063987985,0.011955024,0.66580467,0.90134442,0.23553975,0.5320725,0.35850882,41.742774,14.965153,False,0.94339585,True,True,True,0.5320725,0.35850882,41.742774,14.965153,0.51558205,0.35824266,40.846974,14.633129,0.89769497,0.36445956,8.6013879,3.134858,0.37857608,0.29718424,12.877081,3.8268655,0.49321535,0.37395093,20.486403,7.6609094,0.51238994,0.37109521,20.756287,7.7025589,0.50270317,0.35574587,17.475741,6.2169226,0.62026744,0.35139403,18.620913,6.5432777
0b_baseline_best,file,13,baseline,4363,075.Green_Jay/Green_Jay_0095_65881.jpg,75,74,075.Green_Jay,170,169,color_jitter,color_jitter,0,"{""brightness"":1.052185,""contrast"":1.097573,""hue"":0.034793,""saturation"":0.891556}",0.31499484,0.28548178,-0.029513061,0.72979265,0.751652,0.063987985,0.079717152,0.66580467,0.67193485,0.0061301813,0.90360985,1.0624331,41.742774,44.348906,False,0.98630375,True,True,True,0.90360985,1.0624331,41.742774,44.348906,0.90144025,1.0691394,40.846974,43.671108,0.97514964,0.89799174,8.6013879,7.7239753,0.90716824,0.9328454,12.877081,12.012326,0.90213083,1.0405024,20.486403,21.316151,0.89946649,1.1647216,20.756287,24.175296,0.89780153,1.1192937,17.475741,19.560486,0.91694862,0.99232128,18.620913,18.477928
0b_baseline_best,file,13,baseline,4363,075.Green_Jay/Green_Jay_0095_65881.jpg,75,74,075.Green_Jay,170,169,rotation,rotation,0,"{""angle"":-13.062367}",0.31499484,0.21630709,-0.098687753,0.72979265,0.80548793,0.063987985,0.050855462,0.66580467,0.75463247,0.0888278,0.69976342,0.80395646,41.742774,33.559373,False,0.94484842,True,True,True,0.69976342,0.80395646,41.742774,33.559373,0.6903138,0.8067642,40.846974,32.953877,0.93547439,0.73780454,8.6013879,6.346143,0.6251186,0.52461511,12.877081,6.7555113,0.67646544,0.8488837,20.486403,17.390574,0.69531062,0.81110254,20.756287,16.835477,0.6673478,0.85996039,17.475741,15.028445,0.76573482,0.81196742,18.620913,15.119575
0b_baseline_best,file,13,baseline,4363,075.Green_Jay/Green_Jay_0095_65881.jpg,75,74,075.Green_Jay,170,169,random_resized_crop,random_resized_crop,0,"{""area_fraction"":0.667262,""aspect"":0.999613,""fallback"":false,""height"":0.817019,""left"":0.134443,""top"":0.172202,""width"":0.816703}",0.31499484,3.8133101,3.4983153,0.72979265,0.022074988,0.063987985,0.2603178,0.66580467,-0.23824281,-0.90404748,0.42263026,2.534986,41.742774,105.81735,False,0.91702867,False,True,False,0.42263026,2.534986,41.742774,105.81735,0.39285071,2.4719249,40.846974,100.97065,0.90542952,3.6805848,8.6013879,31.658138,0.0018070733,1.2445908,12.877081,16.026696,0.30068337,2.3623353,20.486403,48.395754,0.32916452,2.3598819,20.756287,48.982387,0.39859332,2.5470056,17.475741,44.51081,0.64120092,3.0452914,18.620913,56.706107
0b_baseline_best,file,13,baseline,4363,075.Green_Jay/Green_Jay_0095_65881.jpg,75,74,075.Green_Jay,170,169,gaussian_blur,gaussian_blur,0,"{""sigma"":1.444368}",0.31499484,1.2206616,0.9056668,0.72979265,0.29503489,0.063987985,0.44478694,0.66580467,-0.14975205,-0.81555672,0.67584998,3.2095515,41.742774,133.97558,False,0.94334716,False,True,False,0.67584998,3.2095515,41.742774,133.97558,0.66751408,3.2185888,40.846974,131.46961,0.87926571,2.9985192,8.6013879,25.791426,0.53400056,1.7840752,12.877081,22.97368,0.61395936,3.2276027,20.486403,66.121969,0.69378949,3.4545742,20.756287,71.704134,0.6853557,3.4152208,17.475741,59.683513,0.75026444,3.2581209,18.620913,60.669186
0b_baseline_best,file,13,baseline,4363,075.Green_Jay/Green_Jay_0095_65881.jpg,75,74,075.Green_Jay,170,169,random_erasing,random_erasing,0,"{""area_fraction"":0.106159,""erased"":true,""height"":0.207897,""left"":0.29126,""top"":0.305862,""width"":0.510633}",0.31499484,0.21117707,-0.10381778,0.72979265,0.80963069,0.063987985,0.023524331,0.66580467,0.78610636,0.12030169,0.85082163,0.70978341,41.742774,29.628329,False,0.9584952,True,True,True,0.85082163,0.70978341,41.742774,29.628329,0.84668324,0.71113523,40.846974,29.047722,0.94952333,0.67858256,8.6013879,5.8367518,0.94470678,0.63251533,12.877081,8.1449511,0.87882964,0.71883868,20.486403,14.726419,0.85620526,0.68350433,20.756287,14.187012,0.78890164,0.72369991,17.475741,12.647192,0.81357123,0.75822131,18.620913,14.118773
0b_baseline_best,file,13,baseline,6394,110.Geococcyx/Geococcyx_0091_104301.jpg,110,109,110.Geococcyx,150,149,identity,identity,0,{},0.020863593,0.020863593,0,0.97935253,0.97935253,0.0040942808,0.0040942808,0.97525825,0.97525825,0,1,1,2.219922,2.219922,False,1,True,True,True,1,1,2.219922,2.219922,1,1,2.1561474,2.1561474,1,1,0.52828211,0.52828211,1,1,0.40027975,0.40027975,1,1,0.82188531,0.82188531,1,1,1.0382701,1.0382701,1,1,0.97269707,0.97269707,1,1,1.3375754,1.3375754
0b_baseline_best,file,13,baseline,6394,110.Geococcyx/Geococcyx_0091_104301.jpg,110,109,110.Geococcyx,150,149,horizontal_flip,horizontal_flip,0,"{""flipped"":true}",0.020863593,0.025126534,0.004262941,0.97935253,0.97518653,0.0040942808,0.0017975476,0.97525825,0.97338898,-0.0018692738,0.53296851,1.1413179,2.219922,2.5336367,False,0.96789193,True,True,True,0.53296851,1.1413179,2.219922,2.5336367,0.50696755,1.1400043,2.1561474,2.4580173,0.95763726,1.1629815,0.52828211,0.61438233,0.58384106,1.0591031,0.40027975,0.42393754,0.32917935,1.1887019,0.82188531,0.97697666,0.48692372,1.131465,1.0382701,1.1747662,0.43918461,1.1704435,0.97269707,1.138487,0.6221991,1.1167908,1.3375754,1.493792
0b_baseline_best,file,13,baseline,6394,110.Geococcyx/Geococcyx_0091_104301.jpg,110,109,110.Geococcyx,150,149,color_jitter,color_jitter,0,"{""brightness"":0.621306,""contrast"":0.861791,""hue"":0.011396,""saturation"":0.616565}",0.020863593,0.051532369,0.030668776,0.97935253,0.94977289,0.0040942808,0.0033424941,0.97525825,0.9464304,-0.028827853,0.6744907,2.9865942,2.219922,6.6300062,False,0.96777922,True,True,True,0.6744907,2.9865942,2.219922,6.6300062,0.66148535,3.0166641,2.1561474,6.5043725,0.95826498,2.4315989,0.52828211,1.2845702,0.52365419,3.8967834,0.40027975,1.5598035,0.5423854,3.3272873,0.82188531,2.7346486,0.55297006,3.5692901,1.0382701,3.7058871,0.69083052,2.8717427,0.97269707,2.7933357,0.84537829,2.4636647,1.3375754,3.2953374
0b_baseline_best,file,13,baseline,6394,110.Geococcyx/Geococcyx_0091_104301.jpg,110,109,110.Geococcyx,150,149,rotation,rotation,0,"{""angle"":4.544623}",0.020863593,0.014612793,-0.0062507996,0.97935253,0.98549348,0.0040942808,0.00066756259,0.97525825,0.98482592,0.0095676655,0.6991152,0.69921689,2.219922,1.552207,False,0.96122688,True,True,True,0.6991152,0.69921689,2.219922,1.552207,0.68297456,0.69522238,2.1561474,1.4990019,0.94701869,0.762687,0.52828211,0.4029139,0.71630268,0.75803717,0.40027975,0.30342693,0.57610177,0.69889492,0.82188531,0.57441146,0.53740518,0.65143602,1.0382701,0.67636652,0.62040637,0.70399451,0.97269707,0.68477339,0.83426907,0.70870568,1.3375754,0.94794732
0b_baseline_best,file,13,baseline,6394,110.Geococcyx/Geococcyx_0091_104301.jpg,110,109,110.Geococcyx,150,149,random_resized_crop,random_resized_crop,0,"{""area_fraction"":0.505806,""aspect"":0.949791,""fallback"":false,""height"":0.729757,""left"":0.280351,""top"":0.030072,""width"":0.693116}",0.020863593,7.0290651,7.0082015,0.97935253,0.0008857596,0.0040942808,0.0002866982,0.97525825,0.0005990614,-0.97465919,0.095136596,86.284896,2.219922,191.54574,False,0.61315906,False,True,False,0.095136596,86.284896,2.219922,191.54574,0.079250995,87.898743,2.1561474,189.52265,0.55007854,52.558548,0.52828211,27.765741,0.23892519,71.797699,0.40027975,28.739165,-0.14774465,104.95867,0.82188531,86.263992,0.071791,119.47262,1.0382701,124.04485,0.17376456,82.164143,0.97269707,79.920821,0.16927121,57.313634,1.3375754,76.661309
0b_baseline_best,file,13,baseline,6394,110.Geococcyx/Geococcyx_0091_104301.jpg,110,109,110.Geococcyx,150,149,gaussian_blur,gaussian_blur,0,"{""sigma"":1.836226}",0.020863593,4.3631964,4.3423328,0.97935253,0.012737611,0.0040942808,0.0013015529,0.97525825,0.011436058,-0.96382219,0.2105213,86.739886,2.219922,192.55578,False,0.69568586,False,True,False,0.2105213,86.739886,2.219922,192.55578,0.19476831,88.283069,2.1561474,190.35131,0.65487412,54.996231,0.52828211,29.053525,0.25262441,165.97873,0.40027975,66.437925,0.023512479,127.16743,0.82188531,104.51704,0.23646231,95.740232,1.0382701,99.404217,0.24110496,81.084235,0.97269707,78.870398,0.3055536,51.764743,1.3375754,69.23925
0b_baseline_best,file,13,baseline,6394,110.Geococcyx/Geococcyx_0091_104301.jpg,110,109,110.Geococcyx,150,149,random_erasing,random_erasing,0,"{""area_fraction"":0.173073,""erased"":true,""height"":0.475684,""left"":0.342688,""top"":0.50095,""width"":0.363841}",0.020863593,0.038380817,0.017517224,0.97935253,0.96234637,0.0040942808,0.0067189811,0.97525825,0.95562739,-0.019630859,0.89424234,1.8612636,2.219922,4.13186,False,0.96537513,True,True,True,0.89424234,1.8612636,2.219922,4.13186,0.89054385,1.8651564,2.1561474,4.0215522,0.95887203,1.7951757,0.52828211,0.94835919,0.91989927,1.8904661,0.40027975,0.75671531,0.90838324,1.8947652,0.82188531,1.5572797,0.90009813,1.9675602,1.0382701,2.0428588,0.85851299,1.9316945,0.97269707,1.8789535,0.89572256,1.7487639,1.3375754,2.3391036
0b_baseline_best,file,13,baseline,5235,090.Red_breasted_Merganser/Red_Breasted_Merganser_0016_79476.jpg,90,89,090.Red_breasted_Merganser,46,45,identity,identity,0,{},0.052143015,0.052143015,0,0.94919312,0.94919312,0.0082842605,0.0082842605,0.94090886,0.94090886,0,1,1,9.1971368,9.1971368,False,0.99999994,True,True,True,1,1,9.1971368,9.1971368,1,1,9.0901184,9.0901184,1,1,1.3989542,1.3989542,1,1,1.591032,1.591032,1,1,3.3107448,3.3107448,1,1,5.2493169,5.2493169,1,1,5.0480815,5.0480815,1,1,4.0124037,4.0124037
0b_baseline_best,file,13,baseline,5235,090.Red_breasted_Merganser/Red_Breasted_Merganser_0016_79476.jpg,90,89,090.Red_breasted_Merganser,46,45,horizontal_flip,horizontal_flip,0,"{""flipped"":true}",0.052143015,0.0070757284,-0.045067287,0.94919312,0.99294925,0.0082842605,0.003800757,0.94090886,0.98914849,0.048239631,0.57028974,0.13107196,9.1971368,1.2054867,False,0.94634199,True,True,True,0.57028974,0.13107196,9.1971368,1.2054867,0.56113119,0.12994655,9.0901184,1.1812295,0.88429915,0.17199566,1.3989542,0.24061406,0.55608085,0.11959168,1.591032,0.19027419,0.3927915,0.12885595,3.3107448,0.42660916,0.55881532,0.12328021,5.2493169,0.64713689,0.5671981,0.13116956,5.0480815,0.66215463,0.66443725,0.14095522,4.0124037,0.56556923
0b_baseline_best,file,13,baseline,5235,090.Red_breasted_Merganser/Red_Breasted_Merganser_0016_79476.jpg,90,89,090.Red_breasted_Merganser,46,45,color_jitter,color_jitter,0,"{""brightness"":1.193331,""contrast"":0.916042,""hue"":-0.066151,""saturation"":1.341834}",0.052143015,0.43962017,0.38747715,0.94919312,0.64428109,0.0082842605,0.0044753626,0.94090886,0.63980573,-0.30110313,0.56372005,8.1150067,9.1971368,74.634827,False,0.89174503,True,True,True,0.56372005,8.1150067,9.1971368,74.634827,0.55848416,8.1232622,9.0901184,73.841415,0.79576352,7.758436,1.3989542,10.853697,0.38647269,9.4815868,1.591032,15.085507,0.39072055,9.8307062,3.3107448,32.54696,0.572324,8.6371355,5.2493169,45.339062,0.62535704,7.3087239,5.0480815,36.895033,0.6448935,6.8199204,4.0124037,27.364274
0b_baseline_best,file,13,baseline,5235,090.Red_breasted_Merganser/Red_Breasted_Merganser_0016_79476.jpg,90,89,090.Red_breasted_Merganser,46,45,rotation,rotation,0,"{""angle"":-0.80748}",0.052143015,0.26773849,0.21559548,0.94919312,0.76510787,0.0082842605,0.035657324,0.94090886,0.72945055,-0.21145831,0.83298671,4.8262477,9.1971368,44.38766,False,0.97469932,True,True,True,0.83298671,4.8262477,9.1971368,44.38766,0.82982327,4.8265502,9.0901184,43.873913,0.96691776,4.8134548,1.3989542,6.7338031,0.65774692,6.1395115,1.591032,9.768159,0.71640924,5.1865582,3.3107448,17.171371,0.84339708,4.7311466,5.2493169,24.835288,0.86374058,4.7618136,5.0480815,24.038023,0.8817007,4.5957196,4.0124037,18.439882
0b_baseline_best,file,13,baseline,5235,090.Red_breasted_Merganser/Red_Breasted_Merganser_0016_79476.jpg,90,89,090.Red_breasted_Merganser,46,45,random_resized_crop,random_resized_crop,0,"{""area_fraction"":0.610338,""aspect"":0.901647,""fallback"":false,""height"":0.822748,""left"":0.243319,""top"":0.08232,""width"":0.741828}",0.052143015,0.23832646,0.18618345,0.94919312,0.78794545,0.0082842605,0.0048289117,0.94090886,0.78311654,-0.15779232,0.61916948,4.6539223,9.1971368,42.80276,False,0.9510296,True,True,True,0.61916948,4.6539223,9.1971368,42.80276,0.61282182,4.6516795,9.0901184,42.284318,0.88188462,4.7476501,1.3989542,6.6417453,0.37016496,5.2654439,1.591032,8.3774894,0.47578453,6.159973,3.3107448,20.394099,0.60734013,4.5430278,5.2493169,23.847793,0.69014199,4.1978226,5.0480815,21.190951,0.71914179,4.200704,4.0124037,16.85492
0b_baseline_best,file,13,baseline,5235,090.Red_breasted_Merganser/Red_Breasted_Merganser_0016_79476.jpg,90,89,090.Red_breasted_Merganser,46,45,gaussian_blur,gaussian_blur,0,"{""sigma"":1.937327}",0.052143015,3.6821632,3.6300202,0.94919312,0.025168471,0.0082842605,0.0039654193,0.94090886,0.021203052,-0.91970581,0.30842273,16.219914,9.1971368,149.17676,False,0.75154889,False,True,False,0.30842273,16.219914,9.1971368,149.17676,0.29698645,16.07105,9.0901184,146.08775,0.68098436,21.587981,1.3989542,30.200598,0.29450495,21.114382,1.591032,33.593656,0.19084833,19.966043,3.3107448,66.102472,0.22503067,14.446197,5.2493169,75.832667,0.38527839,14.028466,5.0480815,70.816837,0.38320213,17.759849,4.0124037,71.259685
0b_baseline_best,file,13,baseline,5235,090.Red_breasted_Merganser/Red_Breasted_Merganser_0016_79476.jpg,90,89,090.Red_breasted_Merganser,46,45,random_erasing,random_erasing,0,"{""area_fraction"":0.179835,""erased"":true,""height"":0.276701,""left"":0.058431,""top"":0.566492,""width"":0.649924}",0.052143015,0.28045198,0.22830897,0.94919312,0.7554422,0.0082842605,0.010366549,0.94090886,0.74507565,-0.19583321,0.74986938,4.8663325,9.1971368,44.756325,False,0.91832072,True,True,True,0.74986938,4.8663325,9.1971368,44.756325,0.74642816,4.8699515,9.0901184,44.268435,0.9004681,4.7109982,1.3989542,6.5904709,0.78047373,5.1707224,1.591032,8.2267845,0.75234001,6.064904,3.3107448,20.07935,0.7607522,4.5135256,5.2493169,23.692926,0.74845381,4.7016363,5.0480815,23.734243,0.72936894,4.7560291,4.0124037,19.083109
0b_baseline_best,file,13,baseline,9193,157.Yellow_throated_Vireo/Yellow_Throated_Vireo_0012_794977.jpg,157,156,157.Yellow_throated_Vireo,175,174,identity,identity,0,{},0.014142998,0.014142998,0,0.98595655,0.98595655,0.011580289,0.011580289,0.97437626,0.97437626,0,1,1,2.6667885,2.6667885,False,1,True,True,True,1,1,2.6667885,2.6667885,1,1,2.6058641,2.6058641,1,1,0.5667746,0.5667746,1,1,0.41561888,0.41561888,1,1,1.322867,1.322867,1,1,1.3657694,1.3657694,1,1,1.2251262,1.2251262,1,1,1.225378,1.225378
0b_baseline_best,file,13,baseline,9193,157.Yellow_throated_Vireo/Yellow_Throated_Vireo_0012_794977.jpg,157,156,157.Yellow_throated_Vireo,175,174,horizontal_flip,horizontal_flip,0,"{""flipped"":true}",0.014142998,0.0028691816,-0.011273817,0.98595655,0.99713492,0.011580289,0.0025420622,0.97437626,0.99459286,0.020216601,0.72337066,0.24152641,2.6667885,0.64409987,False,0.9810971,True,True,True,0.72337066,0.24152641,2.6667885,0.64409987,0.71124696,0.24155412,2.6058641,0.6294572,0.98030807,0.24094003,0.5667746,0.13655869,0.5391423,0.2631743,0.41561888,0.10938021,0.74015539,0.23407474,1.322867,0.30964975,0.7018525,0.26017491,1.3657694,0.35533893,0.6608709,0.24089091,1.2251262,0.29512176,0.77290461,0.22350133,1.225378,0.27387361
0b_baseline_best,file,13,baseline,9193,157.Yellow_throated_Vireo/Yellow_Throated_Vireo_0012_794977.jpg,157,156,157.Yellow_throated_Vireo,175,174,color_jitter,color_jitter,0,"{""brightness"":1.388558,""contrast"":1.233119,""hue"":0.065562,""saturation"":1.070079}",0.014142998,0.008898248,-0.0052447505,0.98595655,0.9911412,0.011580289,0.0044923653,0.97437626,0.98664883,0.012272574,0.70670909,0.48839283,2.6667885,1.3024404,False,0.96744204,True,True,True,0.70670909,0.48839283,2.6667885,1.3024404,0.69506515,0.48712307,2.6058641,1.2693765,0.94075788,0.51450137,0.5667746,0.29160631,0.62838519,0.73087042,0.41561888,0.30376355,0.64677464,0.3832957,1.322867,0.50704923,0.66935647,0.47008497,1.3657694,0.64202766,0.69056948,0.50528661,1.2251262,0.61903987,0.806866,0.5574069,1.225378,0.68303415
0b_baseline_best,file,13,baseline,9193,157.Yellow_throated_Vireo/Yellow_Throated_Vireo_0012_794977.jpg,157,156,157.Yellow_throated_Vireo,175,174,rotation,rotation,0,"{""angle"":2.229832}",0.014142998,0.018195616,0.0040526176,0.98595655,0.98196894,0.011580289,0.016173018,0.97437626,0.96579592,-0.0085803391,0.914815,1.553554,2.6667885,4.1429999,False,0.98840678,True,True,True,0.914815,1.553554,2.6667885,4.1429999,0.91171962,1.5582852,2.6058641,4.0606795,0.98741429,1.4499321,0.5667746,0.82178469,0.87416054,1.5757048,0.41561888,0.65489267,0.93601537,1.6751208,1.322867,2.215962,0.90094275,1.5774434,1.3657694,2.154424,0.89523782,1.5368607,1.2251262,1.8828483,0.92427825,1.4047597,1.225378,1.7213616
0b_baseline_best,file,13,baseline,9193,157.Yellow_throated_Vireo/Yellow_Throated_Vireo_0012_794977.jpg,157,156,157.Yellow_throated_Vireo,175,174,random_resized_crop,random_resized_crop,0,"{""area_fraction"":0.631774,""aspect"":0.762396,""fallback"":false,""height"":0.910312,""left"":0.264812,""top"":0.053938,""width"":0.694018}",0.014142998,0.012446232,-0.0016967664,0.98595655,0.9876309,0.011580289,0.0078072683,0.97437626,0.97982364,0.0054473751,0.71279328,0.85345318,2.6667885,2.2759792,False,0.96305072,True,True,True,0.71279328,0.85345318,2.6667885,2.2759792,0.70134368,0.85296271,2.6058641,2.2227049,0.95185499,0.86375591,0.5667746,0.48955491,0.51939616,0.82502046,0.41561888,0.34289408,0.73077413,0.82429818,1.322867,1.0904369,0.64796982,0.87131997,1.3657694,1.1900222,0.67454169,0.84429557,1.2251262,1.0343686,0.78164799,0.87427354,1.225378,1.0713156
0b_baseline_best,file,13,baseline,9193,157.Yellow_throated_Vireo/Yellow_Throated_Vireo_0012_794977.jpg,157,156,157.Yellow_throated_Vireo,175,174,gaussian_blur,gaussian_blur,0,"{""sigma"":1.884834}",0.014142998,0.084149443,0.070006444,0.98595655,0.91929388,0.011580289,0.0060343836,0.97437626,0.9132595,-0.061116763,0.23340529,5.803701,2.6667885,15.477243,False,0.8785426,True,True,True,0.23340529,5.803701,2.6667885,15.477243,0.21828393,5.8543376,2.6058641,15.255608,0.64630686,4.6047956,0.5667746,2.6098812,0.14246613,6.5822922,0.41561888,2.7357249,-0.024348937,5.2820032,1.322867,6.9873877,0.19453916,6.6610983,1.3657694,9.0975242,0.27406384,5.6966491,1.2251262,6.9791141,0.48446422,5.4715253,1.225378,6.7046867
0b_baseline_best,file,13,baseline,9193,157.Yellow_throated_Vireo/Yellow_Throated_Vireo_0012_794977.jpg,157,156,157.Yellow_throated_Vireo,175,174,random_erasing,random_erasing,0,"{""area_fraction"":0.083432,""erased"":true,""height"":0.438989,""left"":0.735044,""top"":0.313813,""width"":0.190055}",0.014142998,0.056962658,0.042819659,0.98595655,0.94462937,0.011580289,0.051410794,0.97437626,0.89321858,-0.081157683,0.89011091,4.1820931,2.6667885,11.152758,False,0.96656799,True,True,True,0.89011091,4.1820931,2.6667885,11.152758,0.88645758,4.1707163,2.6058641,10.86832,0.96443464,4.415732,0.5667746,2.5027247,0.9108759,4.4158698,0.41561888,1.8353188,0.93793726,4.2716115,1.322867,5.650774,0.88824335,4.2226615,1.3657694,5.7671819,0.84513719,4.0317,1.2251262,4.9393413,0.86044263,4.0936749,1.225378,5.0162992
0b_baseline_best,file,13,baseline,3990,069.Rufous_Hummingbird/Rufous_Hummingbird_0064_58509.jpg,69,68,069.Rufous_Hummingbird,68,67,identity,identity,0,{},0.4506588,0.4506588,0,0.63720822,0.63720822,0.29702097,0.29702097,0.34018725,0.34018725,0,1,1,65.762598,65.762598,False,1,True,True,True,1,1,65.762598,65.762598,1,1,64.015358,64.015358,1,1,15.058326,15.058326,1,1,12.642309,12.642309,1,1,32.041448,32.041448,1,1,34.126173,34.126173,1,1,29.443325,29.443325,1,1,29.664435,29.664435
0b_baseline_best,file,13,baseline,3990,069.Rufous_Hummingbird/Rufous_Hummingbird_0064_58509.jpg,69,68,069.Rufous_Hummingbird,68,67,horizontal_flip,horizontal_flip,0,"{""flipped"":true}",0.4506588,0.050532576,-0.40012622,0.63720822,0.95072293,0.29702097,0.024416598,0.34018725,0.92630634,0.58611908,0.69025432,0.11963032,65.762598,7.8672003,False,0.95886397,True,True,True,0.69025432,0.11963032,65.762598,7.8672003,0.67724664,0.11964995,64.015358,7.6594345,0.92607628,0.1192749,15.058326,1.7960803,0.55810124,0.12772383,12.642309,1.6147242,0.78299983,0.13549124,32.041448,4.3413355,0.65811844,0.11414392,34.126173,3.8952951,0.57190767,0.10383236,29.443325,3.05717,0.68878281,0.12009988,29.664435,3.5626951
0b_baseline_best,file,13,baseline,3990,069.Rufous_Hummingbird/Rufous_Hummingbird_0064_58509.jpg,69,68,069.Rufous_Hummingbird,68,67,color_jitter,color_jitter,0,"{""brightness"":0.662117,""contrast"":1.314687,""hue"":-0.033402,""saturation"":1.05663}",0.4506588,0.11347407,-0.33718473,0.63720822,0.89272732,0.29702097,0.050478924,0.34018725,0.84224839,0.50206114,0.72776532,0.27529202,65.762598,18.103918,False,0.9578554,True,True,True,0.72776532,0.27529202,65.762598,18.103918,0.71884022,0.27681179,64.015358,17.720206,0.91387071,0.24621458,15.058326,3.7075794,0.42633121,0.23601893,12.642309,2.9838244,0.72536126,0.28151432,32.041448,9.0201264,0.70719005,0.27575947,34.126173,9.4106153,0.71009666,0.27475504,29.443325,8.0897018,0.78092542,0.28151085,29.664435,8.3508602
0b_baseline_best,file,13,baseline,3990,069.Rufous_Hummingbird/Rufous_Hummingbird_0064_58509.jpg,69,68,069.Rufous_Hummingbird,68,67,rotation,rotation,0,"{""angle"":-10.177681}",0.4506588,0.44365785,-0.007000953,0.63720822,0.64168495,0.29702097,0.22922719,0.34018725,0.41245776,0.072270513,0.79230753,0.84974821,65.762598,55.88165,False,0.95119858,True,True,True,0.79230753,0.84974821,65.762598,55.88165,0.78366795,0.84529427,64.015358,54.111816,0.93789979,0.92655884,15.058326,13.952425,0.81441693,0.89858969,12.642309,11.360249,0.82066178,0.84883961,32.041448,27.19805,0.78033239,0.82940236,34.126173,28.304329,0.73219854,0.81536871,29.443325,24.007166,0.78903693,0.88023559,29.664435,26.111691
0b_baseline_best,file,13,baseline,3990,069.Rufous_Hummingbird/Rufous_Hummingbird_0064_58509.jpg,69,68,069.Rufous_Hummingbird,68,67,random_resized_crop,random_resized_crop,0,"{""area_fraction"":0.639043,""aspect"":0.918891,""fallback"":false,""height"":0.833936,""left"":0.06125,""top"":0.02132,""width"":0.766296}",0.4506588,1.3965559,0.9458971,0.63720822,0.24744774,0.29702097,0.13488761,0.34018725,0.11256014,-0.22762711,0.50486442,1.7163313,65.762598,112.87041,False,0.93503881,True,True,True,0.50486442,1.7163313,65.762598,112.87041,0.49099574,1.7271932,64.015358,110.56689,0.79670551,1.5065961,15.058326,22.686816,0.57608042,2.9514522,12.642309,37.313171,0.52748192,1.77524,32.041448,56.881258,0.4382283,1.6156711,34.126173,55.136672,0.45603955,1.6001972,29.443325,47.115127,0.54730935,1.6297851,29.664435,48.346653
0b_baseline_best,file,13,baseline,3990,069.Rufous_Hummingbird/Rufous_Hummingbird_0064_58509.jpg,69,68,069.Rufous_Hummingbird,68,67,gaussian_blur,gaussian_blur,0,"{""sigma"":1.693519}",0.4506588,3.0336044,2.5829456,0.63720822,0.048141804,0.29702097,0.14268526,0.34018725,-0.094543461,-0.43473071,0.41148713,2.3028146,65.762598,151.43907,False,0.74205869,False,True,False,0.41148713,2.3028146,65.762598,151.43907,0.40264416,2.3260199,64.015358,148.901,0.62543613,1.8335053,15.058326,27.60952,0.71488942,3.3411873,12.642309,42.240324,0.48311774,2.3646004,32.041448,75.765221,0.32638083,2.3907139,34.126173,81.585918,0.34053223,2.2925901,29.443325,67.501475,0.40145216,1.9754935,29.664435,58.601899
0b_baseline_best,file,13,baseline,3990,069.Rufous_Hummingbird/Rufous_Hummingbird_0064_58509.jpg,69,68,069.Rufous_Hummingbird,68,67,random_erasing,random_erasing,0,"{""area_fraction"":0.127496,""erased"":true,""height"":0.255507,""left"":0.105108,""top"":0.718817,""width"":0.498992}",0.4506588,0.54923862,0.098579824,0.63720822,0.57738924,0.29702097,0.34216622,0.34018725,0.23522303,-0.10496423,0.96156547,1.1373009,65.762598,74.791865,False,0.99021292,True,True,True,0.96156547,1.1373009,65.762598,74.791865,0.95999095,1.1354851,64.015358,72.688488,0.9895894,1.1696313,15.058326,17.612689,0.95108841,1.2530556,12.642309,15.841517,0.96773037,1.1486695,32.041448,36.805032,0.96251516,1.1140507,34.126173,38.018288,0.95907613,1.1253828,29.443325,33.13501,0.9515312,1.1355618,29.664435,33.685799
0b_baseline_best,file,13,baseline,1790,032.Mangrove_Cuckoo/Mangrove_Cuckoo_0027_26360.jpg,32,31,032.Mangrove_Cuckoo,101,100,identity,identity,0,{},2.5412655,2.5412655,0,0.078766651,0.078766651,0.10288323,0.10288323,-0.024116576,-0.024116576,0,1,1,136.517,136.517,False,1,True,False,False,1,1,136.517,136.517,1,1,134.39724,134.39724,1,1,23.963971,23.963971,1,1,23.275817,23.275817,1,1,66.371328,66.371328,1,1,66.447659,66.447659,1,1,64.646952,64.646952,1,1,67.23974,67.23974
0b_baseline_best,file,13,baseline,1790,032.Mangrove_Cuckoo/Mangrove_Cuckoo_0027_26360.jpg,32,31,032.Mangrove_Cuckoo,101,100,horizontal_flip,horizontal_flip,0,"{""flipped"":true}",2.5412655,2.6377125,0.096446991,0.078766651,0.071524709,0.10288323,0.0091308616,-0.024116576,0.062393848,0.086510424,0.67438809,1.0693275,136.517,145.98138,False,0.93764448,False,False,False,0.67438809,1.0693275,136.517,145.98138,0.66665346,1.0707643,134.39724,143.90777,0.92967683,1.0231061,23.963971,24.517686,0.24615929,0.98317574,23.275817,22.884218,0.76120486,1.0904209,66.371328,72.372684,0.6480582,1.09499,66.447659,72.759521,0.61488298,1.0582988,64.646952,68.415789,0.68609494,1.0488073,67.23974,70.521531
0b_baseline_best,file,13,baseline,1790,032.Mangrove_Cuckoo/Mangrove_Cuckoo_0027_26360.jpg,32,31,032.Mangrove_Cuckoo,101,100,color_jitter,color_jitter,0,"{""brightness"":0.788708,""contrast"":0.982414,""hue"":0.030408,""saturation"":1.29903}",2.5412655,2.6173701,0.076104641,0.078766651,0.07299459,0.10288323,0.10686094,-0.024116576,-0.033866346,-0.0097497702,0.78947079,1.0158653,136.517,138.68289,False,0.95923197,True,False,False,0.78947079,1.0158653,136.517,138.68289,0.78426921,1.0165121,134.39724,136.61643,0.95673212,0.99530793,23.963971,23.85153,0.42447696,1.1567631,23.275817,26.924606,0.79334064,0.99814053,66.371328,66.247912,0.75526221,1.0183733,66.447659,67.668522,0.78438042,0.98103898,64.646952,63.42118,0.8527271,1.0462489,67.23974,70.349506
0b_baseline_best,file,13,baseline,1790,032.Mangrove_Cuckoo/Mangrove_Cuckoo_0027_26360.jpg,32,31,032.Mangrove_Cuckoo,101,100,rotation,rotation,0,"{""angle"":-10.979609}",2.5412655,3.0043452,0.46307969,0.078766651,0.049571201,0.10288323,0.0025147777,-0.024116576,0.047056424,0.071172999,0.65163694,1.3223726,136.517,180.52634,False,0.89795423,False,False,False,0.65163694,1.3223726,136.517,180.52634,0.64722944,1.3293466,134.39724,178.66051,0.83594451,1.0802809,23.963971,25.88782,0.28950624,1.4319624,23.275817,33.330095,0.8183725,1.3726596,66.371328,91.105237,0.62779342,1.4054138,66.447659,93.386454,0.56790162,1.3512465,64.646952,87.353966,0.6188693,1.1669456,67.23974,78.465118
0b_baseline_best,file,13,baseline,1790,032.Mangrove_Cuckoo/Mangrove_Cuckoo_0027_26360.jpg,32,31,032.Mangrove_Cuckoo,101,100,random_resized_crop,random_resized_crop,0,"{""area_fraction"":0.739016,""aspect"":1.099372,""fallback"":false,""height"":0.819888,""left"":0.001008,""top"":0.059479,""width"":0.901362}",2.5412655,4.3122292,1.7709637,0.078766651,0.01340364,0.10288323,0.0014514056,-0.024116576,0.011952235,0.03606881,0.62403505,1.3410075,136.517,183.07031,False,0.8560909,False,False,False,0.62403505,1.3410075,136.517,183.07031,0.6203822,1.3455191,134.39724,180.83406,0.75845755,1.1904082,23.963971,28.526907,0.44836671,1.3848656,23.275817,32.233877,0.79855883,1.451475,66.371328,96.336326,0.60276249,1.4433731,66.447659,95.908766,0.53281102,1.2901082,64.646952,83.401563,0.55052836,1.1735756,67.23974,78.910919
0b_baseline_best,file,13,baseline,1790,032.Mangrove_Cuckoo/Mangrove_Cuckoo_0027_26360.jpg,32,31,032.Mangrove_Cuckoo,101,100,gaussian_blur,gaussian_blur,0,"{""sigma"":1.581697}",2.5412655,2.1157115,-0.42555404,0.078766651,0.1205475,0.10288323,0.0091067851,-0.024116576,0.11144071,0.13555729,0.51919568,0.89420333,136.517,122.07395,False,0.80518699,False,False,True,0.51919568,0.89420333,136.517,122.07395,0.51168669,0.89764604,134.39724,120.64115,0.796794,0.7781846,23.963971,18.648393,0.013769189,0.98912443,23.275817,23.022679,0.61773168,0.84511296,66.371328,56.09127,0.49682673,0.96706279,66.447659,64.259059,0.46210634,0.93002201,64.646952,60.123088,0.5503968,0.83257539,67.23974,55.982152
0b_baseline_best,file,13,baseline,1790,032.Mangrove_Cuckoo/Mangrove_Cuckoo_0027_26360.jpg,32,31,032.Mangrove_Cuckoo,101,100,random_erasing,random_erasing,0,"{""area_fraction"":0.175302,""erased"":true,""height"":0.654458,""left"":0.487151,""top"":0.33737,""width"":0.267858}",2.5412655,2.4672728,-0.073992729,0.078766651,0.08481586,0.10288323,0.11460473,-0.024116576,-0.029788874,-0.0056722984,0.87465928,0.86887004,136.517,118.61553,False,0.95934612,True,False,False,0.87465928,0.86887004,136.517,118.61553,0.87210762,0.86252238,134.39724,115.92063,0.95683587,1.0491012,23.963971,25.14063,0.85337822,0.85057372,23.275817,19.797798,0.9275106,0.84320705,66.371328,55.964771,0.8664967,0.8348402,66.447659,55.473177,0.83619314,0.84240683,64.646952,54.459033,0.86311717,0.92524958,67.23974,62.21354
0b_baseline_best,file,13,baseline,181,004.Groove_billed_Ani/Groove_Billed_Ani_0033_1494.jpg,4,3,004.Groove_billed_Ani,97,96,identity,identity,0,{},3.1372828,3.1372828,0,0.043400571,0.043400571,0.11852892,0.11852892,-0.075128347,-0.075128347,0,1,1,161.64654,161.64654,False,1,True,False,False,1,1,161.64654,161.64654,1,1,159.23456,159.23456,1,1,27.820147,27.820147,1,1,46.36869,46.36869,1,1,66.054035,66.054035,1,1,87.11293,87.11293,1,1,82.39626,82.39626,1,1,66.818015,66.818015
0b_baseline_best,file,13,baseline,181,004.Groove_billed_Ani/Groove_Billed_Ani_0033_1494.jpg,4,3,004.Groove_billed_Ani,97,96,horizontal_flip,horizontal_flip,0,"{""flipped"":true}",3.1372828,4.0297537,0.89247084,0.043400571,0.017778713,0.11852892,0.11888382,-0.075128347,-0.10110511,-0.025976758,0.59692903,1.2661384,161.64654,204.66689,False,0.9530887,False,False,False,0.59692903,1.2661384,161.64654,204.66689,0.58869873,1.2706255,159.23456,202.3275,0.9111967,1.1091406,27.820147,30.856456,0.43362687,1.1269255,46.36869,52.254061,0.56272785,1.5257278,66.054035,100.78048,0.59250957,1.2435163,87.11293,108.32635,0.62806806,1.2358651,82.39626,101.83067,0.64220508,1.1539513,66.818015,77.104738
0b_baseline_best,file,13,baseline,181,004.Groove_billed_Ani/Groove_Billed_Ani_0033_1494.jpg,4,3,004.Groove_billed_Ani,97,96,color_jitter,color_jitter,0,"{""brightness"":1.13068,""contrast"":1.386836,""hue"":-0.001373,""saturation"":0.951004}",3.1372828,1.6027944,-1.5344884,0.043400571,0.20133314,0.11852892,0.038997632,-0.075128347,0.1623355,0.23746385,0.6913685,0.69004264,161.64654,111.54301,False,0.93345952,False,False,False,0.6913685,0.69004264,161.64654,111.54301,0.68563427,0.68326607,159.23456,108.79957,0.85873345,0.88376589,27.820147,24.586497,0.58016043,0.48040292,46.36869,22.275654,0.67752224,0.63175884,66.054035,41.730221,0.70447297,0.64983728,87.11293,56.609229,0.70599094,0.71266016,82.39626,58.720532,0.69519918,0.81245314,66.818015,54.286506
0b_baseline_best,file,13,baseline,181,004.Groove_billed_Ani/Groove_Billed_Ani_0033_1494.jpg,4,3,004.Groove_billed_Ani,97,96,rotation,rotation,0,"{""angle"":9.08458}",3.1372828,1.9774103,-1.1598725,0.043400571,0.13842726,0.11852892,0.025854772,-0.075128347,0.11257249,0.18770083,0.69153041,1.0353098,161.64654,167.35425,False,0.92714059,False,False,False,0.69153041,1.0353098,161.64654,167.35425,0.68602006,1.0360194,159.23456,164.97009,0.87656612,1.0117877,27.820147,28.148082,0.80254796,1.1412938,46.36869,52.920299,0.70549585,1.3481302,66.054035,89.049442,0.70153918,0.96067441,87.11293,83.687162,0.65374098,0.88563805,82.39626,72.973263,0.66318695,0.96483061,66.818015,64.468066
0b_baseline_best,file,13,baseline,181,004.Groove_billed_Ani/Groove_Billed_Ani_0033_1494.jpg,4,3,004.Groove_billed_Ani,97,96,random_resized_crop,random_resized_crop,0,"{""area_fraction"":0.848753,""aspect"":0.859473,""fallback"":false,""height"":0.993744,""left"":0.03412,""top"":0.000565,""width"":0.854096}",3.1372828,3.8598516,0.72256875,0.043400571,0.021071125,0.11852892,0.074070811,-0.075128347,-0.052999686,0.02212866,0.80592354,1.0866518,161.64654,175.65351,False,0.96196115,True,False,False,0.80592354,1.0866518,161.64654,175.65351,0.80194164,1.0899388,159.23456,173.55593,0.95714726,0.97284459,27.820147,27.06468,0.86779026,1.3141191,46.36869,60.93398,0.76384502,1.2854938,66.054035,84.912053,0.80643923,1.0387764,87.11293,90.490856,0.8216985,0.99487317,82.39626,81.973829,0.80410988,0.9802859,66.818015,65.500757
0b_baseline_best,file,13,baseline,181,004.Groove_billed_Ani/Groove_Billed_Ani_0033_1494.jpg,4,3,004.Groove_billed_Ani,97,96,gaussian_blur,gaussian_blur,0,"{""sigma"":1.216793}",3.1372828,2.4921684,-0.64511442,0.043400571,0.082730368,0.11852892,0.0035885877,-0.075128347,0.07914178,0.15427013,0.62834056,1.1494561,161.64654,185.80561,False,0.84093344,False,False,False,0.62834056,1.1494561,161.64654,185.80561,0.62348073,1.1536268,159.23456,183.69725,0.81738825,1.0032792,27.820147,27.911376,0.74004759,1.3303648,46.36869,61.687271,0.65877825,1.3011329,66.054035,85.945076,0.6190336,1.1965823,87.11293,104.23779,0.58410337,1.0349624,82.39626,85.277031,0.59808605,0.99443731,66.818015,66.446327
0b_baseline_best,file,13,baseline,181,004.Groove_billed_Ani/Groove_Billed_Ani_0033_1494.jpg,4,3,004.Groove_billed_Ani,97,96,random_erasing,random_erasing,0,"{""area_fraction"":0.105318,""erased"":true,""height"":0.242913,""left"":0.074048,""top"":0.753573,""width"":0.433563}",3.1372828,2.9265745,-0.21070838,0.043400571,0.053580258,0.11852892,0.13080321,-0.075128347,-0.077222954,-0.0020946078,0.94890716,1.0306079,161.64654,166.5942,False,0.98616928,True,False,False,0.94890716,1.0306079,161.64654,166.5942,0.94795014,1.0327225,159.23456,164.44511,0.98522823,0.95875427,27.820147,26.672685,0.97212894,0.89852002,46.36869,41.663196,0.94457294,1.0677039,66.054035,70.526153,0.95396228,1.0411743,87.11293,90.699747,0.9446844,1.0477975,82.39626,86.334594,0.94053866,1.0208022,66.818015,68.207976
0b_baseline_best,file,13,baseline,710,013.Bobolink/Bobolink_0133_9618.jpg,13,12,013.Bobolink,132,131,identity,identity,0,{},2.106781,2.106781,0,0.12162887,0.12162887,0.090277463,0.090277463,0.03135141,0.03135141,0,1,1,110.81745,110.81745,False,0.99999988,True,True,True,1,1,110.81745,110.81745,1,1,109.18393,109.18393,1,1,18.957248,18.957248,1,1,41.075818,41.075818,1,1,52.834066,52.834066,1,1,55.418926,55.418926,1,1,48.175506,48.175506,1,1,45.280598,45.280598
0b_baseline_best,file,13,baseline,710,013.Bobolink/Bobolink_0133_9618.jpg,13,12,013.Bobolink,132,131,horizontal_flip,horizontal_flip,0,"{""flipped"":true}",2.106781,1.4134485,-0.69333255,0.12162887,0.24330281,0.090277463,0.095635131,0.03135141,0.14766768,0.11631627,0.74214989,0.99646854,110.81745,110.42611,False,0.96443248,True,True,True,0.74214989,0.99646854,110.81745,110.42611,0.73652518,0.99978868,109.18393,109.16086,0.96028148,0.87925708,18.957248,16.668295,0.92005289,0.985003,41.075818,40.459804,0.70408064,0.97475294,52.834066,51.500161,0.70668318,1.03137,55.418926,57.157417,0.678968,1.0091869,48.175506,48.618089,0.74380314,0.98669637,45.280598,44.678202
0b_baseline_best,file,13,baseline,710,013.Bobolink/Bobolink_0133_9618.jpg,13,12,013.Bobolink,132,131,color_jitter,color_jitter,0,"{""brightness"":1.038301,""contrast"":1.118898,""hue"":-0.053877,""saturation"":1.104971}",2.106781,3.7493782,1.6425972,0.12162887,0.023532376,0.090277463,0.0060209199,0.03135141,0.017511456,-0.013839954,0.34483198,1.2456747,110.81745,138.04249,False,0.88226408,False,True,False,0.34483198,1.2456747,110.81745,138.04249,0.33124404,1.2313221,109.18393,134.44059,0.69511065,1.6525722,18.957248,31.328222,0.43284725,0.83141167,41.075818,34.150915,0.35850644,1.0952401,52.834066,57.865987,0.32052254,1.2105539,55.418926,67.087596,0.26210995,1.3537648,48.175506,65.218306,0.3643957,1.5309112,45.280598,69.320575
0b_baseline_best,file,13,baseline,710,013.Bobolink/Bobolink_0133_9618.jpg,13,12,013.Bobolink,132,131,rotation,rotation,0,"{""angle"":-9.172744}",2.106781,1.4714332,-0.63534784,0.12162887,0.22959621,0.090277463,0.05306451,0.03135141,0.1765317,0.14518029,0.74565283,1.0238048,110.81745,113.45544,False,0.96385396,True,True,True,0.74565283,1.0238048,110.81745,113.45544,0.73947044,1.0234704,109.18393,111.74652,0.94852476,1.0348338,18.957248,19.6176,0.8381687,0.99273662,41.075818,40.777469,0.70014114,0.89621141,52.834066,47.350493,0.72297378,1.0319688,55.418926,57.190601,0.73323826,1.1301161,48.175506,54.443915,0.75306893,1.0700192,45.280598,48.451108
0b_baseline_best,file,13,baseline,710,013.Bobolink/Bobolink_0133_9618.jpg,13,12,013.Bobolink,132,131,random_resized_crop,random_resized_crop,0,"{""area_fraction"":0.683827,""aspect"":1.318204,""fallback"":false,""height"":0.720248,""left"":0.017817,""top"":0.23193,""width"":0.949433}",2.106781,0.1813253,-1.9254557,0.12162887,0.83416396,0.090277463,0.0021517319,0.03135141,0.83201223,0.80066082,0.60058044,0.25510949,110.81745,28.270584,False,0.837542,True,True,True,0.60058044,0.25510949,110.81745,28.270584,0.59432671,0.25556273,109.18393,27.903343,0.82307379,0.23958949,18.957248,4.5419574,0.68051836,0.21414074,41.075818,8.7960062,0.58909619,0.23316206,52.834066,12.3189,0.58256005,0.26669574,55.418926,14.779991,0.5717169,0.28706248,48.175506,13.82938,0.60395188,0.26109429,45.280598,11.822506
0b_baseline_best,file,13,baseline,710,013.Bobolink/Bobolink_0133_9618.jpg,13,12,013.Bobolink,132,131,gaussian_blur,gaussian_blur,0,"{""sigma"":1.891465}",2.106781,0.36258751,-1.7441935,0.12162887,0.69587344,0.090277463,0.019463683,0.03135141,0.67640976,0.64505835,0.50563321,0.50605208,110.81745,56.079403,False,0.87132609,True,True,True,0.50563321,0.50605208,110.81745,56.079403,0.49618039,0.50720883,109.18393,55.379054,0.84864865,0.46605635,18.957248,8.8351459,0.26697979,0.27609915,41.075818,11.340999,0.47325356,0.48084197,52.834066,25.404836,0.5389566,0.57457071,55.418926,31.842092,0.51039978,0.5905435,48.175506,28.449732,0.60128533,0.47853099,45.280598,21.668169
0b_baseline_best,file,13,baseline,710,013.Bobolink/Bobolink_0133_9618.jpg,13,12,013.Bobolink,132,131,random_erasing,random_erasing,0,"{""area_fraction"":0.139278,""erased"":true,""height"":0.254895,""left"":0.128056,""top"":0.158717,""width"":0.546412}",2.106781,3.0153267,0.90854573,0.12162887,0.049029812,0.090277463,0.0032759497,0.03135141,0.045753862,0.014402453,0.45508306,1.3084859,110.81745,145.00308,False,0.72711384,False,True,False,0.45508306,1.3084859,110.81745,145.00308,0.44746184,1.3052433,109.18393,142.51159,0.69016341,1.4118346,18.957248,26.764498,0.82153346,1.1513717,41.075818,47.293534,0.39223994,1.0116536,52.834066,53.449773,0.41538339,1.48219,55.418926,82.14138,0.38321783,1.3678685,48.175506,65.897757,0.39585588,1.4186231,45.280598,64.236101
0b_baseline_best,file,13,baseline,11178,190.Red_cockaded_Woodpecker/Red_Cockaded_Woodpecker_0032_182376.jpg,190,189,190.Red_cockaded_Woodpecker,189,188,identity,identity,0,{},0.035450578,0.035450578,0,0.96517044,0.96517044,0.025481179,0.025481179,0.93968926,0.93968926,0,1,1,5.0127799,5.0127799,False,1,True,True,True,1,1,5.0127799,5.0127799,1,1,4.9009364,4.9009364,1,1,1.0529884,1.0529884,1,1,0.84111359,0.84111359,1,1,2.0938104,2.0938104,1,1,2.5315833,2.5315833,1,1,2.4809831,2.4809831,1,1,2.5225925,2.5225925
0b_baseline_best,file,13,baseline,11178,190.Red_cockaded_Woodpecker/Red_Cockaded_Woodpecker_0032_182376.jpg,190,189,190.Red_cockaded_Woodpecker,189,188,horizontal_flip,horizontal_flip,0,"{""flipped"":true}",0.035450578,0.054624878,0.0191743,0.96517044,0.94684029,0.025481179,0.014413184,0.93968926,0.9324271,-0.007262161,0.4974387,1.4260052,5.0127799,7.1482501,False,0.95751524,True,True,True,0.4974387,1.4260052,5.0127799,7.1482501,0.48268554,1.4347815,4.9009364,7.0317728,0.879417,1.2204938,1.0529884,1.2851658,0.42634988,1.6330442,0.84111359,1.3735757,0.43142147,1.4703943,2.0938104,3.0787269,0.40361837,1.4623815,2.5315833,3.7021406,0.46099016,1.4007244,2.4809831,3.4751736,0.63341589,1.3901705,2.5225925,3.5068337
0b_baseline_best,file,13,baseline,11178,190.Red_cockaded_Woodpecker/Red_Cockaded_Woodpecker_0032_182376.jpg,190,189,190.Red_cockaded_Woodpecker,189,188,color_jitter,color_jitter,0,"{""brightness"":1.14089,""contrast"":1.137823,""hue"":0.039157,""saturation"":0.668663}",0.035450578,0.0018283094,-0.033622268,0.96517044,0.99817336,0.025481179,0.00083430327,0.93968926,0.99733905,0.057649789,0.80099665,0.046805229,5.0127799,0.23462431,False,0.97843874,True,True,True,0.80099665,0.046805229,5.0127799,0.23462431,0.79329348,0.046507753,4.9009364,0.22793154,0.95407812,0.052839837,1.0529884,0.055639735,0.64334516,0.03944145,0.84111359,0.03317474,0.73728411,0.042455018,2.0938104,0.088892759,0.80725021,0.045435683,2.5315833,0.11502422,0.78580181,0.045078182,2.4809831,0.11183821,0.83967707,0.052007732,2.5225925,0.13119431
0b_baseline_best,file,13,baseline,11178,190.Red_cockaded_Woodpecker/Red_Cockaded_Woodpecker_0032_182376.jpg,190,189,190.Red_cockaded_Woodpecker,189,188,rotation,rotation,0,"{""angle"":-2.915816}",0.035450578,0.080786332,0.045335755,0.96517044,0.92239076,0.025481179,0.048921086,0.93968926,0.87346967,-0.066219591,0.80009625,2.0674433,5.0127799,10.363638,False,0.96882278,True,True,True,0.80009625,2.0674433,5.0127799,10.363638,0.79251307,2.0669465,4.9009364,10.129974,0.96349146,2.0781761,1.0529884,2.1882953,0.7602967,2.0627132,0.84111359,1.7349761,0.77552222,2.108949,2.0938104,4.4157393,0.75997872,1.9293459,2.5315833,4.8842998,0.7750653,2.0962999,2.4809831,5.2008844,0.85590906,2.1421918,2.5225925,5.4038769
0b_baseline_best,file,13,baseline,11178,190.Red_cockaded_Woodpecker/Red_Cockaded_Woodpecker_0032_182376.jpg,190,189,190.Red_cockaded_Woodpecker,189,188,random_resized_crop,random_resized_crop,0,"{""area_fraction"":0.524271,""aspect"":1.087216,""fallback"":false,""height"":0.694416,""left"":0.028103,""top"":0.199984,""width"":0.754981}",0.035450578,0.016367696,-0.019082882,0.96517044,0.98376554,0.025481179,0.0037527981,0.93968926,0.98001274,0.040323481,0.49732625,0.52820761,5.0127799,2.6477885,False,0.94535482,True,True,True,0.49732625,0.52820761,5.0127799,2.6477885,0.48574197,0.53289498,4.9009364,2.6116844,0.83589321,0.41383329,1.0529884,0.43576165,0.2094413,0.59181523,0.84111359,0.49778384,0.48920447,0.55487651,2.0938104,1.1618062,0.38837496,0.5678411,2.5315833,1.437537,0.46289045,0.48506066,2.4809831,1.2034273,0.65027863,0.51816542,2.5225925,1.3071202
0b_baseline_best,file,13,baseline,11178,190.Red_cockaded_Woodpecker/Red_Cockaded_Woodpecker_0032_182376.jpg,190,189,190.Red_cockaded_Woodpecker,189,188,gaussian_blur,gaussian_blur,0,"{""sigma"":1.557654}",0.035450578,0.28711849,0.25166792,0.96517044,0.75042278,0.025481179,0.032160826,0.93968926,0.71826195,-0.22142731,0.34748944,9.3350181,5.0127799,46.794391,False,0.87686145,True,True,True,0.34748944,9.3350181,5.0127799,46.794391,0.33723623,9.460937,4.9009364,46.367451,0.73419485,5.9893412,1.0529884,6.3067067,0.15573575,11.82022,0.84111359,9.9421479,0.32115652,11.517569,2.0938104,24.115607,0.29102358,10.776522,2.5315833,27.281664,0.32095264,8.3928116,2.4809831,20.822423,0.52077883,6.7701484,2.5225925,17.078326
0b_baseline_best,file,13,baseline,11178,190.Red_cockaded_Woodpecker/Red_Cockaded_Woodpecker_0032_182376.jpg,190,189,190.Red_cockaded_Woodpecker,189,188,random_erasing,random_erasing,0,"{""area_fraction"":0.1906,""erased"":true,""height"":0.281706,""left"":0.160865,""top"":0.680769,""width"":0.676592}",0.035450578,0.086007535,0.050556958,0.96517044,0.91758734,0.025481179,0.061261196,0.93968926,0.85632614,-0.08336312,0.92560737,2.4333511,5.0127799,12.197854,False,0.97890025,True,True,True,0.92560737,2.4333511,5.0127799,12.197854,0.92319919,2.4334706,4.9009364,11.926285,0.97783349,2.4307623,1.0529884,2.5595645,0.94795522,2.4043398,0.84111359,2.0223229,0.93794213,2.325344,2.0938104,4.8688295,0.93265605,2.4689042,2.5315833,6.2502366,0.92972641,2.4829541,2.4809831,6.1601671,0.89549879,2.4252157,2.5225925,6.117831
0b_baseline_best,file,13,baseline,5845,100.Brown_Pelican/Brown_Pelican_0071_94549.jpg,100,99,100.Brown_Pelican,101,100,identity,identity,0,{},0.1103708,0.1103708,0,0.89550203,0.89550203,0.031090749,0.031090749,0.86441128,0.86441128,0,1,1,16.615614,16.615614,False,1,True,True,True,1,1,16.615614,16.615614,1,1,16.311389,16.311389,1,1,3.1650005,3.1650005,1,1,4.0991665,4.0991665,1,1,7.9777491,7.9777491,1,1,7.8704904,7.8704904,1,1,7.6781341,7.6781341,1,1,8.0445877,8.0445877
0b_baseline_best,file,13,baseline,5845,100.Brown_Pelican/Brown_Pelican_0071_94549.jpg,100,99,100.Brown_Pelican,101,100,horizontal_flip,horizontal_flip,0,"{""flipped"":true}",0.1103708,0.033477008,-0.076893792,0.89550203,0.96707714,0.031090749,0.015472754,0.86441128,0.95160438,0.087193101,0.63875227,0.28427384,16.615614,4.7233844,False,0.96288824,True,True,True,0.63875227,0.28427384,16.615614,4.7233844,0.62498253,0.28160933,16.311389,4.5934391,0.94859668,0.34764848,3.1650005,1.1003076,0.64174584,0.3122334,4.0991665,1.2798967,0.62941973,0.23817491,7.9777491,1.9000997,0.57905991,0.27326805,7.8704904,2.1507536,0.57445079,0.29368681,7.6781341,2.2549667,0.7108755,0.30803492,8.0445877,2.4780139
0b_baseline_best,file,13,baseline,5845,100.Brown_Pelican/Brown_Pelican_0071_94549.jpg,100,99,100.Brown_Pelican,101,100,color_jitter,color_jitter,0,"{""brightness"":0.624769,""contrast"":0.848996,""hue"":-0.065876,""saturation"":1.385149}",0.1103708,0.61161065,0.50123985,0.89550203,0.54247642,0.031090749,0.030480584,0.86441128,0.51199583,-0.35241545,0.78933684,4.4102972,16.615614,73.279796,False,0.93933332,True,True,True,0.78933684,4.4102972,16.615614,73.279796,0.78601943,4.4307358,16.311389,72.271454,0.89952462,3.8277026,3.1650005,12.114681,0.82534132,5.7272795,4.0991665,23.477072,0.81958168,4.5407137,7.9777491,36.224674,0.77120609,4.5267444,7.8704904,35.627698,0.75734166,4.2126178,7.6781341,32.345045,0.7923614,4.0169271,8.0445877,32.314522
0b_baseline_best,file,13,baseline,5845,100.Brown_Pelican/Brown_Pelican_0071_94549.jpg,100,99,100.Brown_Pelican,101,100,rotation,rotation,0,"{""angle"":14.572886}",0.1103708,0.084771931,-0.025598869,0.89550203,0.9187218,0.031090749,0.017029831,0.86441128,0.90169196,0.037280682,0.74720489,0.78661583,16.615614,13.070105,False,0.95944232,True,True,True,0.74720489,0.78661583,16.615614,13.070105,0.73988504,0.78806449,16.311389,12.854426,0.95330752,0.74711143,3.1650005,2.364608,0.86370394,0.76984963,4.0991665,3.1557418,0.80144499,0.72393445,7.9777491,5.7753674,0.69084222,0.85513493,7.8704904,6.7303312,0.69637456,0.80208763,7.6781341,6.1585364,0.74958893,0.77328424,8.0445877,6.2207529
0b_baseline_best,file,13,baseline,5845,100.Brown_Pelican/Brown_Pelican_0071_94549.jpg,100,99,100.Brown_Pelican,101,100,random_resized_crop,random_resized_crop,0,"{""area_fraction"":0.674137,""aspect"":1.252811,""fallback"":false,""height"":0.733552,""left"":0.067253,""top"":0.046958,""width"":0.919003}",0.1103708,0.50490242,0.39453162,0.89550203,0.60356444,0.031090749,0.064172156,0.86441128,0.53939229,-0.325019,0.73340704,3.3160729,16.615614,55.098587,False,0.94699144,True,True,True,0.73340704,3.3160729,16.615614,55.098587,0.72538963,3.3094723,16.311389,53.982089,0.93648301,3.4868168,3.1650005,11.035777,0.83742449,3.4729099,4.0991665,14.236036,0.71073922,3.2801007,7.9777491,26.16782,0.73184303,3.3421443,7.8704904,26.304315,0.68890642,3.226119,7.6781341,24.770574,0.73574226,3.33817,8.0445877,26.854201
0b_baseline_best,file,13,baseline,5845,100.Brown_Pelican/Brown_Pelican_0071_94549.jpg,100,99,100.Brown_Pelican,101,100,gaussian_blur,gaussian_blur,0,"{""sigma"":1.86139}",0.1103708,2.3909714,2.2806006,0.89550203,0.091540731,0.031090749,0.11975641,0.86441128,-0.028215677,-0.89262696,0.60260781,7.8818498,16.615614,130.96177,False,0.88869333,False,True,False,0.60260781,7.8818498,16.615614,130.96177,0.59226479,7.8773976,16.311389,128.49129,0.87320761,7.9991975,3.1650005,25.317464,0.57003869,9.4726764,4.0991665,38.830078,0.64995181,7.5866392,7.9777491,60.524304,0.5428843,7.8597697,7.8704904,61.860242,0.54216306,8.1343228,7.6781341,62.456421,0.64627607,7.4703878,8.0445877,60.09619
0b_baseline_best,file,13,baseline,5845,100.Brown_Pelican/Brown_Pelican_0071_94549.jpg,100,99,100.Brown_Pelican,101,100,random_erasing,random_erasing,0,"{""area_fraction"":0.051496,""erased"":true,""height"":0.155551,""left"":0.171431,""top"":0.509045,""width"":0.331057}",0.1103708,0.50063789,0.39026709,0.89550203,0.60614389,0.031090749,0.21827076,0.86441128,0.38787313,-0.47653815,0.73286132,3.7694347,16.615614,62.631471,False,0.95896,True,True,True,0.73286132,3.7694347,16.615614,62.631471,0.72522793,3.763801,16.311389,61.392821,0.92827708,3.9161018,3.1650005,12.394464,0.56974944,4.0283591,4.0991665,16.512915,0.73533387,3.4269626,7.9777491,27.339447,0.70953987,4.1077275,7.8704904,32.32983,0.73788609,3.7589453,7.6781341,28.861686,0.77189925,3.6680979,8.0445877,29.508335
0b_baseline_best,file,13,baseline,8544,146.Forsters_Tern/Forsters_Tern_0104_152666.jpg,146,145,146.Forsters_Tern,144,143,identity,identity,0,{},0.009804545,0.009804545,0,0.99024338,0.99024338,0.0063590007,0.0063590007,0.98388437,0.98388437,0,1,1,2.217263,2.217263,False,0.99999988,True,True,True,1,1,2.217263,2.217263,1,1,2.1825555,2.1825555,1,1,0.39077662,0.39077662,1,1,0.41467683,0.41467683,1,1,1.0266172,1.0266172,1,1,1.0972119,1.0972119,1,1,1.1236852,1.1236852,1,1,1.0349429,1.0349429
0b_baseline_best,file,13,baseline,8544,146.Forsters_Tern/Forsters_Tern_0104_152666.jpg,146,145,146.Forsters_Tern,144,143,horizontal_flip,horizontal_flip,0,"{""flipped"":true}",0.009804545,0.0011468508,-0.0086576942,0.99024338,0.9988538,0.0063590007,0.00057892466,0.98388437,0.99827488,0.014390503,0.7101762,0.092929578,2.217263,0.20604931,False,0.97852027,True,True,True,0.7101762,0.092929578,2.217263,0.20604931,0.70071299,0.092014409,2.1825555,0.20082656,0.96158247,0.11796472,0.39077662,0.046097855,0.52249821,0.089695854,0.41467683,0.037194792,0.6437172,0.078761205,1.0266172,0.080857609,0.66129112,0.087647634,1.0972119,0.096168023,0.73349005,0.091915777,1.1236852,0.10328439,0.78433787,0.10800241,1.0349429,0.11177632
0b_baseline_best,file,13,baseline,8544,146.Forsters_Tern/Forsters_Tern_0104_152666.jpg,146,145,146.Forsters_Tern,144,143,color_jitter,color_jitter,0,"{""brightness"":1.320545,""contrast"":0.734652,""hue"":-0.044642,""saturation"":0.722714}",0.009804545,0.36117247,0.35136792,0.99024338,0.69685882,0.0063590007,0.075917125,0.98388437,0.6209417,-0.36294268,0.70953441,30.822268,2.217263,68.341074,False,0.95006382,True,True,True,0.70953441,30.822268,2.217263,68.341074,0.70611991,30.827708,2.1825555,67.283184,0.81666829,30.652108,0.39077662,11.978127,0.28134264,45.267222,0.41467683,18.771268,0.60929967,27.564884,1.0266172,28.298585,0.74010034,30.472431,1.0972119,33.434713,0.76151075,30.277699,1.1236852,34.022601,0.80284796,32.023708,1.0349429,33.142708
0b_baseline_best,file,13,baseline,8544,146.Forsters_Tern/Forsters_Tern_0104_152666.jpg,146,145,146.Forsters_Tern,144,143,rotation,rotation,0,"{""angle"":-2.353819}",0.009804545,0.018312318,0.0085077733,0.99024338,0.98185432,0.0063590007,0.013849059,0.98388437,0.96800526,-0.015879114,0.86572714,1.8631998,2.217263,4.131204,False,0.97755426,True,True,True,0.86572714,1.8631998,2.217263,4.131204,0.86214723,1.8585364,2.1825555,4.056359,0.97168625,2.0032272,0.39077662,0.78281435,0.80749725,2.2067332,0.41467683,0.9150811,0.82956777,1.7971913,1.0266172,1.8450276,0.85366287,1.8667023,1.0972119,2.0481678,0.87555265,1.8236396,1.1236852,2.0491968,0.90021895,1.8880845,1.0349429,1.9540596
0b_baseline_best,file,13,baseline,8544,146.Forsters_Tern/Forsters_Tern_0104_152666.jpg,146,145,146.Forsters_Tern,144,143,random_resized_crop,random_resized_crop,0,"{""area_fraction"":0.503379,""aspect"":1.138874,""fallback"":false,""height"":0.664828,""left"":0.029779,""top"":0.009201,""width"":0.757156}",0.009804545,1.5055521,1.4957475,0.99024338,0.22189477,0.0063590007,0.39169818,0.98388437,-0.16980341,-1.1536878,0.57918262,57.722794,2.217263,127.98661,False,0.83862501,False,True,False,0.57918262,57.722794,2.217263,127.98661,0.57003355,57.394068,2.1825555,125.26574,0.82995184,67.174162,0.39077662,26.250092,0.53226642,76.354679,0.41467683,31.662516,0.57680629,51.712105,1.0266172,53.088537,0.57673534,58.130612,1.0972119,63.781596,0.56916601,55.115198,1.1236852,61.93213,0.5745388,60.856954,1.0349429,62.983471
0b_baseline_best,file,13,baseline,8544,146.Forsters_Tern/Forsters_Tern_0104_152666.jpg,146,145,146.Forsters_Tern,144,143,gaussian_blur,gaussian_blur,0,"{""sigma"":1.867744}",0.009804545,0.12822479,0.11842025,0.99024338,0.8796556,0.0063590007,0.078838997,0.98388437,0.8008166,-0.18306777,0.57208148,11.315385,2.217263,25.089185,False,0.90072393,True,True,True,0.57208148,11.315385,2.217263,25.089185,0.5624626,11.340535,2.1825555,24.751347,0.89777868,10.500676,0.39077662,4.1034189,0.37472737,14.64491,0.41467683,6.0729047,0.52659166,9.9496697,1.0266172,10.214502,0.49897553,12.448229,1.0972119,13.658344,0.60072989,11.715071,1.1236852,13.164051,0.69113572,10.206056,1.0349429,10.562685
0b_baseline_best,file,13,baseline,8544,146.Forsters_Tern/Forsters_Tern_0104_152666.jpg,146,145,146.Forsters_Tern,144,143,random_erasing,random_erasing,0,"{""area_fraction"":0.061814,""erased"":true,""height"":0.443129,""left"":0.119243,""top"":0.228,""width"":0.139493}",0.009804545,0.011646139,0.0018415945,0.99024338,0.98842144,0.0063590007,0.0078968024,0.98388437,0.98052464,-0.0033597369,0.97038024,1.1569696,2.217263,2.5653058,False,0.99451649,True,True,True,0.97038024,1.1569696,2.217263,2.5653058,0.96965215,1.1566753,2.1825555,2.524508,0.99293975,1.1661125,0.39077662,0.45568949,0.97493876,1.1299302,0.41467683,0.46855589,0.98160994,1.1884428,1.0266172,1.2200758,0.96769174,1.1618055,1.0972119,1.2747468,0.96690255,1.1266495,1.1236852,1.2659993,0.96291246,1.1583877,1.0349429,1.1988651
0b_baseline_best,file,13,baseline,6326,109.American_Redstart/American_Redstart_0111_102945.jpg,109,108,109.American_Redstart,95,94,identity,identity,0,{},0.0016087459,0.0016087459,0,0.99839252,0.99839252,0.00041939592,0.00041939592,0.99797313,0.99797313,0,1,1,0.21023484,0.21023484,False,1,True,True,True,1,1,0.21023484,0.21023484,1,1,0.20459344,0.20459344,1,1,0.048375759,0.048375759,1,1,0.028581049,0.028581049,1,1,0.075548716,0.075548716,1,1,0.099197118,0.099197118,1,1,0.095605539,0.095605539,1,1,0.12788082,0.12788082
0b_baseline_best,file,13,baseline,6326,109.American_Redstart/American_Redstart_0111_102945.jpg,109,108,109.American_Redstart,95,94,horizontal_flip,horizontal_flip,0,"{""flipped"":true}",0.0016087459,0.0030882307,0.0014794848,0.99839252,0.99691653,0.00041939592,0.00025643315,0.99797313,0.9966601,-0.0013130271,0.52705541,1.8566923,0.21023484,0.39034143,False,0.95111889,True,True,True,0.52705541,1.8566923,0.21023484,0.39034143,0.50479472,1.8555805,0.20459344,0.37963961,0.92082263,1.8764675,0.048375759,0.090775539,0.32134673,2.4956962,0.028581049,0.071329617,0.2110506,1.4571318,0.075548716,0.11008444,0.37847043,1.6226276,0.099197118,0.16095998,0.42042057,1.9500263,0.095605539,0.18643332,0.70668065,2.0128037,0.12788082,0.25739898
0b_baseline_best,file,13,baseline,6326,109.American_Redstart/American_Redstart_0111_102945.jpg,109,108,109.American_Redstart,95,94,color_jitter,color_jitter,0,"{""brightness"":0.86481,""contrast"":0.915382,""hue"":0.034857,""saturation"":1.284623}",0.0016087459,0.0046990206,0.0030902748,0.99839252,0.99531198,0.00041939592,0.0009393653,0.99797313,0.99437261,-0.0036005162,0.71771558,3.4858782,0.21023484,0.73285307,False,0.95394874,True,True,True,0.71771558,3.4858782,0.21023484,0.73285307,0.70839153,3.5113546,0.20459344,0.71840011,0.92204836,2.9937957,0.048375759,0.14482714,0.32944445,5.4897873,0.028581049,0.15690388,0.57432061,3.7943504,0.075548716,0.2866583,0.6854557,3.9325418,0.099197118,0.39009681,0.72616906,3.5232798,0.095605539,0.33684507,0.83129068,2.963963,0.12788082,0.37903402
0b_baseline_best,file,13,baseline,6326,109.American_Redstart/American_Redstart_0111_102945.jpg,109,108,109.American_Redstart,95,94,rotation,rotation,0,"{""angle"":7.030854}",0.0016087459,0.0012771077,-0.00033163815,0.99839252,0.99872369,0.00041939592,0.00034571445,0.99797313,0.99837797,0.00040484488,0.79899269,0.73607718,0.21023484,0.15474907,False,0.98537183,True,True,True,0.79899269,0.73607718,0.21023484,0.15474907,0.78793704,0.73288299,0.20459344,0.14994305,0.98440105,0.79103486,0.048375759,0.038266912,0.61956444,0.88445517,0.028581049,0.025278657,0.69782772,0.64702672,0.075548716,0.048882038,0.74226834,0.68871288,0.099197118,0.068318333,0.75064832,0.75164542,0.095605539,0.071861466,0.87364225,0.7670958,0.12788082,0.098096839
0b_baseline_best,file,13,baseline,6326,109.American_Redstart/American_Redstart_0111_102945.jpg,109,108,109.American_Redstart,95,94,random_resized_crop,random_resized_crop,0,"{""area_fraction"":0.692608,""aspect"":1.312323,""fallback"":false,""height"":0.726479,""left"":0.035972,""top"":0.128921,""width"":0.953375}",0.0016087459,0.0097080963,0.0080993504,0.99839252,0.99033886,0.00041939592,0.0022018624,0.99797313,0.988137,-0.0098361269,0.68567238,6.0327771,0.21023484,1.2683,False,0.9605214,True,True,True,0.68567238,6.0327771,0.21023484,1.2683,0.67240772,6.0599711,0.20459344,1.2398303,0.94876303,5.5238008,0.048375759,0.26721806,0.52561709,8.8112201,0.028581049,0.25183391,0.62623723,6.1927249,0.075548716,0.46785241,0.61423237,6.0263347,0.099197118,0.59779504,0.60706124,6.2981088,0.095605539,0.60213409,0.78342079,5.7194026,0.12788082,0.73140188
0b_baseline_best,file,13,baseline,6326,109.American_Redstart/American_Redstart_0111_102945.jpg,109,108,109.American_Redstart,95,94,gaussian_blur,gaussian_blur,0,"{""sigma"":1.373348}",0.0016087459,0.03200224,0.030393495,0.99839252,0.96850443,0.00041939592,0.004599235,0.99797313,0.96390519,-0.034067933,0.59220282,25.154385,0.21023484,5.2883283,False,0.93941253,True,True,True,0.59220282,25.154385,0.21023484,5.2883283,0.58148836,25.528094,0.20459344,5.2228805,0.92330239,17.145336,0.048375759,0.82941864,0.53428911,38.17515,0.028581049,1.0910858,0.51467122,32.335336,0.075548716,2.4428931,0.51659893,28.466053,0.099197118,2.8237504,0.55901854,27.098654,0.095605539,2.5907814,0.75991079,18.229603,0.12788082,2.3312166
0b_baseline_best,file,13,baseline,6326,109.American_Redstart/American_Redstart_0111_102945.jpg,109,108,109.American_Redstart,95,94,random_erasing,random_erasing,0,"{""area_fraction"":0.159287,""erased"":true,""height"":0.371791,""left"":0.549369,""top"":0.351413,""width"":0.428431}",0.0016087459,0.0034846081,0.0018758622,0.99839252,0.99652147,0.00041939592,0.0017596165,0.99797313,0.99476186,-0.00321127,0.81178202,2.3991151,0.21023484,0.5043776,False,0.98633981,True,True,True,0.81178202,2.3991151,0.21023484,0.5043776,0.80384893,2.404375,0.20459344,0.49191936,0.96063878,2.3030051,0.048375759,0.11140962,0.68179877,3.0803174,0.028581049,0.088038702,0.6651406,2.3203842,0.075548716,0.17530205,0.7995807,2.4669693,0.099197118,0.24471624,0.79748358,2.5756628,0.095605539,0.24624763,0.8739134,2.2525734,0.12788082,0.28806093
0b_baseline_best,file,13,baseline,4683,081.Pied_Kingfisher/Pied_Kingfisher_0016_72280.jpg,81,80,081.Pied_Kingfisher,159,158,identity,identity,0,{},0.53591907,0.53591907,0,0.58513129,0.58513129,0.36675134,0.36675134,0.21837994,0.21837994,0,1,1,68.86483,68.86483,False,1,True,True,True,1,1,68.86483,68.86483,1,1,67.650509,67.650509,1,1,12.875304,12.875304,1,1,12.734251,12.734251,1,1,26.81435,26.81435,1,1,35.738489,35.738489,1,1,35.328703,35.328703,1,1,34.206198,34.206198
0b_baseline_best,file,13,baseline,4683,081.Pied_Kingfisher/Pied_Kingfisher_0016_72280.jpg,81,80,081.Pied_Kingfisher,159,158,horizontal_flip,horizontal_flip,0,"{""flipped"":true}",0.53591907,0.15152836,-0.38439071,0.58513129,0.85939354,0.36675134,0.11396363,0.21837994,0.7454299,0.52704996,0.67573621,0.42734446,68.86483,29.429004,False,0.96190017,True,True,True,0.67573621,0.42734446,68.86483,29.429004,0.66798104,0.43008449,67.650509,29.095435,0.96086899,0.34316578,12.875304,4.4183636,0.40912291,0.48775332,12.734251,6.2111731,0.55440153,0.46535033,26.81435,12.478067,0.69073228,0.47593629,35.738489,17.009244,0.68533004,0.41317409,35.328703,14.596905,0.77283537,0.3579038,34.206198,12.242528
0b_baseline_best,file,13,baseline,4683,081.Pied_Kingfisher/Pied_Kingfisher_0016_72280.jpg,81,80,081.Pied_Kingfisher,159,158,color_jitter,color_jitter,0,"{""brightness"":1.198233,""contrast"":0.625145,""hue"":0.071699,""saturation"":0.871011}",0.53591907,0.22998294,-0.30593613,0.58513129,0.79454714,0.36675134,0.13518415,0.21837994,0.65936299,0.44098304,0.74851009,0.52588441,68.86483,36.214941,False,0.93718398,True,True,True,0.74851009,0.52588441,68.86483,36.214941,0.74372393,0.52906141,67.650509,35.791274,0.9275098,0.42898263,12.875304,5.5232816,0.55351794,0.72306467,12.734251,9.207687,0.68347057,0.52760079,26.81435,14.147272,0.7736105,0.5702705,35.738489,20.380606,0.77010897,0.50796322,35.328703,17.945682,0.77229691,0.47018612,34.206198,16.08328
0b_baseline_best,file,13,baseline,4683,081.Pied_Kingfisher/Pied_Kingfisher_0016_72280.jpg,81,80,081.Pied_Kingfisher,159,158,rotation,rotation,0,"{""angle"":-12.778498}",0.53591907,1.1066046,0.57068551,0.58513129,0.33067983,0.36675134,0.55106169,0.21837994,-0.22038186,-0.4387618,0.72920454,1.4147493,68.86483,97.426468,False,0.95766449,False,True,False,0.72920454,1.4147493,68.86483,97.426468,0.72053583,1.41197,67.650509,95.520488,0.9570814,1.4894317,12.875304,19.176885,0.36426454,1.2442736,12.734251,15.844892,0.66899567,1.3012827,26.81435,34.893049,0.73399635,1.3983959,35.738489,49.976557,0.72310908,1.4125745,35.328703,49.904425,0.77593058,1.5098889,34.206198,51.647559
0b_baseline_best,file,13,baseline,4683,081.Pied_Kingfisher/Pied_Kingfisher_0016_72280.jpg,81,80,081.Pied_Kingfisher,159,158,random_resized_crop,random_resized_crop,0,"{""area_fraction"":0.75413,""aspect"":0.856951,""fallback"":false,""height"":0.938092,""left"":0.021308,""top"":0.046636,""width"":0.803898}",0.53591907,0.72179866,0.18587959,0.58513129,0.48587754,0.36675134,0.4664115,0.21837994,0.019466043,-0.1989139,0.81042304,1.3427293,68.86483,92.466825,False,0.98360991,True,True,True,0.81042304,1.3427293,68.86483,92.466825,0.80436453,1.3441924,67.650509,90.935299,0.98354917,1.3016879,12.875304,16.759627,0.64268017,1.2364756,12.734251,15.74559,0.78729868,1.4504225,26.81435,38.892137,0.80140858,1.3930121,35.738489,49.784149,0.786783,1.2778739,35.328703,45.145629,0.86305438,1.3048262,34.206198,44.633143
0b_baseline_best,file,13,baseline,4683,081.Pied_Kingfisher/Pied_Kingfisher_0016_72280.jpg,81,80,081.Pied_Kingfisher,159,158,gaussian_blur,gaussian_blur,0,"{""sigma"":1.9905}",0.53591907,0.55123585,0.015316784,0.58513129,0.5762372,0.36675134,0.15855815,0.21837994,0.41767906,0.19929911,0.50517051,0.76159241,68.86483,52.446932,False,0.88898832,True,True,True,0.50517051,0.76159241,68.86483,52.446932,0.49329494,0.76117948,67.650509,51.494179,0.82810826,0.77290539,12.875304,9.9513915,0.3214863,0.89016296,12.734251,11.335559,0.37289801,0.85356735,26.81435,22.887854,0.5343226,0.76487837,35.738489,27.335597,0.52095744,0.7028232,35.328703,24.829832,0.53830191,0.73700221,34.206198,25.210044
0b_baseline_best,file,13,baseline,4683,081.Pied_Kingfisher/Pied_Kingfisher_0016_72280.jpg,81,80,081.Pied_Kingfisher,159,158,random_erasing,random_erasing,0,"{""area_fraction"":0.100351,""erased"":true,""height"":0.288113,""left"":0.296302,""top"":0.006016,""width"":0.348302}",0.53591907,0.39291751,-0.14300156,0.58513129,0.67508441,0.36675134,0.13544405,0.21837994,0.53964037,0.32126042,0.67531019,0.6287705,68.86483,43.300174,False,0.94704235,True,True,True,0.67531019,0.6287705,68.86483,43.300174,0.66742348,0.62874482,67.650509,42.534907,0.89278906,0.62947895,12.875304,8.1047326,0.71534881,0.7063589,12.734251,8.9949515,0.69343142,0.64145012,26.81435,17.200068,0.68722199,0.58568801,35.738489,20.931604,0.63111125,0.62500806,35.328703,22.080724,0.66536287,0.65811742,34.206198,22.511695
0b_baseline_best,file,13,baseline,9125,156.White_eyed_Vireo/White_Eyed_Vireo_0050_158829.jpg,156,155,156.White_eyed_Vireo,152,151,identity,identity,0,{},0.015263303,0.015263303,0,0.98485261,0.98485261,0.005130847,0.005130847,0.97972177,0.97972177,0,1,1,2.2469305,2.2469305,False,1.0000001,True,True,True,1,1,2.2469305,2.2469305,1,1,2.2016287,2.2016287,1,1,0.44891853,0.44891853,1,1,0.32725583,0.32725583,1,1,1.0187258,1.0187258,1,1,1.0489197,1.0489197,1,1,1.1145862,1.1145862,1,1,1.1660769,1.1660769
0b_baseline_best,file,13,baseline,9125,156.White_eyed_Vireo/White_Eyed_Vireo_0050_158829.jpg,156,155,156.White_eyed_Vireo,152,151,horizontal_flip,horizontal_flip,0,"{""flipped"":true}",0.015263303,0.0059748851,-0.0092884181,0.98485261,0.99404293,0.005130847,0.0022557201,0.97972177,0.99178721,0.012065448,0.6596618,0.39935551,2.2469305,0.89732409,False,0.98442066,True,True,True,0.6596618,0.39935551,2.2469305,0.89732409,0.64492225,0.39749994,2.2016287,0.87514727,0.98224313,0.44164335,0.44891853,0.19826188,0.36421077,0.39682814,0.32725583,0.12986432,0.62060951,0.37610955,1.0187258,0.38315248,0.57849664,0.40029142,1.0489197,0.41987355,0.60576214,0.3916528,1.1145862,0.43653082,0.76960467,0.41604318,1.1660769,0.48513835
0b_baseline_best,file,13,baseline,9125,156.White_eyed_Vireo/White_Eyed_Vireo_0050_158829.jpg,156,155,156.White_eyed_Vireo,152,151,color_jitter,color_jitter,0,"{""brightness"":0.968804,""contrast"":0.884205,""hue"":-0.068038,""saturation"":0.63575}",0.015263303,0.47247449,0.45721118,0.98485261,0.62345761,0.005130847,0.014579504,0.97972177,0.60887811,-0.37084366,0.35835779,30.189191,2.2469305,67.833015,False,0.87373912,True,True,True,0.35835779,30.189191,2.2469305,67.833015,0.34559958,30.384947,2.2016287,66.89637,0.73751134,25.023669,0.44891853,11.233589,-0.12579339,32.919947,0.32725583,10.773244,0.18701137,39.664477,1.0187258,40.407225,0.306713,33.51905,1.0489197,35.158791,0.46528266,24.974666,1.1145862,27.836419,0.57390868,22.936135,1.1660769,26.745298
0b_baseline_best,file,13,baseline,9125,156.White_eyed_Vireo/White_Eyed_Vireo_0050_158829.jpg,156,155,156.White_eyed_Vireo,152,151,rotation,rotation,0,"{""angle"":4.884884}",0.015263303,0.010332544,-0.0049307588,0.98485261,0.98972064,0.005130847,0.0021966309,0.97972177,0.98752401,0.0078022466,0.82415426,0.71055111,2.2469305,1.596559,False,0.98385656,True,True,True,0.82415426,0.71055111,2.2469305,1.596559,0.81836449,0.71159821,2.2016287,1.5666751,0.96942249,0.6848838,0.44891853,0.30745703,0.8014173,0.88961791,0.32725583,0.29113265,0.85626461,0.7578012,1.0187258,0.7719916,0.73813037,0.74327945,1.0489197,0.77964044,0.80640874,0.6724788,1.1145862,0.74953562,0.87789229,0.66654076,1.1660769,0.7772378
0b_baseline_best,file,13,baseline,9125,156.White_eyed_Vireo/White_Eyed_Vireo_0050_158829.jpg,156,155,156.White_eyed_Vireo,152,151,random_resized_crop,random_resized_crop,0,"{""area_fraction"":0.860968,""aspect"":1.02768,""fallback"":false,""height"":0.915303,""left"":0.004528,""top"":0.023934,""width"":0.940638}",0.015263303,0.0077893557,-0.0074739475,0.98485261,0.99224091,0.005130847,0.0022620382,0.97972177,0.98997887,0.010257103,0.78572764,0.47548171,2.2469305,1.0683744,False,0.98059887,True,True,True,0.78572764,0.47548171,2.2469305,1.0683744,0.77766146,0.47438956,2.2016287,1.0444297,0.97054338,0.50103351,0.44891853,0.22492323,0.75436601,0.46859612,0.32725583,0.15335081,0.80770614,0.41434868,1.0187258,0.42210767,0.71738817,0.48251458,1.0489197,0.50611904,0.73377583,0.45593267,1.1145862,0.50817628,0.84971259,0.5249757,1.1660769,0.61216205
0b_baseline_best,file,13,baseline,9125,156.White_eyed_Vireo/White_Eyed_Vireo_0050_158829.jpg,156,155,156.White_eyed_Vireo,152,151,gaussian_blur,gaussian_blur,0,"{""sigma"":1.711643}",0.015263303,0.32393721,0.3086739,0.98485261,0.72329563,0.005130847,0.038028888,0.97972177,0.68526674,-0.29445502,0.51431573,22.741524,2.2469305,51.098626,False,0.8678956,True,True,True,0.51431573,22.741524,2.2469305,51.098626,0.50575221,22.973296,2.2016287,50.578667,0.8372679,16.196789,0.44891853,7.2710386,0.31866533,31.012705,0.32725583,10.149089,0.53783702,25.516647,1.0187258,25.994466,0.44036092,26.636494,1.0489197,27.939543,0.47765621,22.421006,1.1145862,24.990145,0.65630833,16.592715,1.1660769,19.348382
0b_baseline_best,file,13,baseline,9125,156.White_eyed_Vireo/White_Eyed_Vireo_0050_158829.jpg,156,155,156.White_eyed_Vireo,152,151,random_erasing,random_erasing,0,"{""area_fraction"":0.140844,""erased"":true,""height"":0.247198,""left"":0.173724,""top"":0.287173,""width"":0.569763}",0.015263303,0.2527535,0.23749019,0.98485261,0.77665931,0.005130847,0.0030358601,0.97972177,0.77362345,-0.20609832,0.49414932,16.148885,2.2469305,36.285422,False,0.84941131,True,True,True,0.49414932,16.148885,2.2469305,36.285422,0.48446252,16.236672,2.2016287,35.747124,0.77279981,13.871024,0.44891853,6.2269597,0.5309741,19.362255,0.32725583,6.3364108,0.55307394,14.391287,1.0187258,14.660775,0.41214649,18.772785,1.0489197,19.691144,0.44354736,16.322079,1.1145862,18.192364,0.55378293,14.953957,1.1660769,17.437464
0b_baseline_best,file,13,baseline,3979,069.Rufous_Hummingbird/Rufous_Hummingbird_0060_58986.jpg,69,68,069.Rufous_Hummingbird,119,118,identity,identity,0,{},1.2619878,1.2619878,0,0.28309074,0.28309074,0.16003032,0.16003032,0.12306042,0.12306042,0,1,1,110.16423,110.16423,False,1,True,True,True,1,1,110.16423,110.16423,1,1,108.18594,108.18594,1,1,20.783597,20.783597,1,1,18.677095,18.677095,1,1,45.983225,45.983225,1,1,58.752512,58.752512,1,1,56.30811,56.30811,1,1,51.170762,51.170762
0b_baseline_best,file,13,baseline,3979,069.Rufous_Hummingbird/Rufous_Hummingbird_0060_58986.jpg,69,68,069.Rufous_Hummingbird,119,118,horizontal_flip,horizontal_flip,0,"{""flipped"":true}",1.2619878,0.54845393,-0.71353388,0.28309074,0.57784253,0.16003032,0.061138369,0.12306042,0.51670416,0.39364374,0.56333798,0.60494203,110.16423,66.64297,False,0.94295967,True,True,True,0.56333798,0.60494203,110.16423,66.64297,0.55003388,0.60505348,108.18594,65.458282,0.92570919,0.60191432,20.783597,12.509945,0.62606141,0.5791266,18.677095,10.816402,0.36969315,0.64759667,45.983225,29.778583,0.51149091,0.57262787,58.752512,33.643326,0.60517486,0.60651584,56.30811,34.151761,0.67801072,0.61265127,51.170762,31.349832
0b_baseline_best,file,13,baseline,3979,069.Rufous_Hummingbird/Rufous_Hummingbird_0060_58986.jpg,69,68,069.Rufous_Hummingbird,119,118,color_jitter,color_jitter,0,"{""brightness"":0.865403,""contrast"":0.720497,""hue"":-0.040934,""saturation"":1.07805}",1.2619878,2.9534163,1.6914285,0.28309074,0.052161202,0.16003032,0.050615646,0.12306042,0.0015455559,-0.12151486,0.68769595,0.84118307,110.16423,92.668282,False,0.92297769,False,True,False,0.68769595,0.84118307,110.16423,92.668282,0.6799394,0.82752655,108.18594,89.526742,0.87468979,1.1511152,20.783597,23.924315,0.6175361,0.67841907,18.677095,12.670897,0.69313394,0.73950505,45.983225,34.004827,0.63530314,0.74157489,58.752512,43.569388,0.68883903,0.85030299,56.30811,47.878954,0.73068068,0.97857959,51.170762,50.074663
0b_baseline_best,file,13,baseline,3979,069.Rufous_Hummingbird/Rufous_Hummingbird_0060_58986.jpg,69,68,069.Rufous_Hummingbird,119,118,rotation,rotation,0,"{""angle"":7.842782}",1.2619878,1.5472211,0.28523326,0.28309074,0.21283863,0.16003032,0.080775358,0.12306042,0.13206328,0.0090028569,0.76559683,0.91097375,110.16423,100.35672,False,0.96662092,True,True,True,0.76559683,0.91097375,110.16423,100.35672,0.75794397,0.90661519,108.18594,98.083021,0.95482343,1.022021,20.783597,21.241274,0.74301078,0.98898354,18.677095,18.471339,0.72125554,0.89721412,45.983225,41.256799,0.72543553,0.86185687,58.752512,50.636257,0.78744348,0.91874649,56.30811,51.732879,0.79484361,0.94465753,51.170762,48.338845
0b_baseline_best,file,13,baseline,3979,069.Rufous_Hummingbird/Rufous_Hummingbird_0060_58986.jpg,69,68,069.Rufous_Hummingbird,119,118,random_resized_crop,random_resized_crop,0,"{""area_fraction"":0.863901,""aspect"":0.951739,""fallback"":false,""height"":0.952737,""left"":0.039479,""top"":0.022925,""width"":0.906757}",1.2619878,2.1679485,0.90596068,0.28309074,0.1144121,0.16003032,0.063566118,0.12306042,0.050845981,-0.07221444,0.84539097,1.153336,110.16423,127.05637,False,0.9715749,True,True,True,0.84539097,1.153336,110.16423,127.05637,0.84129886,1.1544947,108.18594,124.9001,0.95987628,1.1214859,20.783597,23.308512,0.80413238,1.2153932,18.677095,22.700013,0.81898186,1.231347,45.983225,56.621307,0.8565082,1.2245197,58.752512,71.943607,0.83861082,1.0856723,56.30811,61.132157,0.85682178,1.0642539,51.170762,54.458682
0b_baseline_best,file,13,baseline,3979,069.Rufous_Hummingbird/Rufous_Hummingbird_0060_58986.jpg,69,68,069.Rufous_Hummingbird,119,118,gaussian_blur,gaussian_blur,0,"{""sigma"":1.65684}",1.2619878,1.5196738,0.25768602,0.28309074,0.21878324,0.16003032,0.024253659,0.12306042,0.19452959,0.071469165,0.66449585,0.85936753,110.16423,94.671559,False,0.92150408,True,True,True,0.66449585,0.85936753,110.16423,94.671559,0.65493875,0.85512955,108.18594,92.512998,0.89829598,0.96715577,20.783597,20.100976,0.4736674,0.77743027,18.677095,14.520139,0.57307788,0.93134094,45.983225,42.82606,0.66149329,0.81994751,58.752512,48.173976,0.66974093,0.83772211,56.30811,47.170549,0.72548993,0.86693361,51.170762,44.361653
0b_baseline_best,file,13,baseline,3979,069.Rufous_Hummingbird/Rufous_Hummingbird_0060_58986.jpg,69,68,069.Rufous_Hummingbird,119,118,random_erasing,random_erasing,0,"{""area_fraction"":0.095646,""erased"":true,""height"":0.437657,""left"":0.191226,""top"":0.270102,""width"":0.218541}",1.2619878,1.7766566,0.51466882,0.28309074,0.16920291,0.16003032,0.098281182,0.12306042,0.070921727,-0.052138694,0.81520542,0.96709176,110.16423,106.53891,False,0.94875997,True,True,True,0.81520542,0.96709176,110.16423,106.53891,0.81037823,0.9654548,108.18594,104.44864,0.94099287,1.0104373,20.783597,21.000521,0.75663014,0.88089834,18.677095,16.452622,0.83073741,0.98839291,45.983225,45.449493,0.84256402,0.93963777,58.752512,55.20608,0.78801303,0.93080462,56.30811,52.411849,0.78970791,1.0301019,51.170762,52.7111
0b_baseline_best,file,13,baseline,6330,109.American_Redstart/American_Redstart_0128_102983.jpg,109,108,109.American_Redstart,21,20,identity,identity,0,{},0.11868586,0.11868586,0,0.88808674,0.88808674,0.029398791,0.029398791,0.85868794,0.85868794,0,1,1,14.12529,14.12529,False,1,True,True,True,1,1,14.12529,14.12529,1,1,13.776639,13.776639,1,1,3.1189823,3.1189823,1,1,3.3693071,3.3693071,1,1,4.9076307,4.9076307,1,1,7.129507,7.129507,1,1,7.1329779,7.1329779,1,1,7.2559945,7.2559945
0b_baseline_best,file,13,baseline,6330,109.American_Redstart/American_Redstart_0128_102983.jpg,109,108,109.American_Redstart,21,20,horizontal_flip,horizontal_flip,0,"{""flipped"":true}",0.11868586,0.074881256,-0.043804608,0.88808674,0.92785364,0.029398791,0.030379277,0.85868794,0.89747437,0.038786422,0.62413151,0.67716727,14.12529,9.5651841,False,0.96431613,True,True,True,0.62413151,0.67716727,14.12529,9.5651841,0.60696015,0.67658631,13.776639,9.321085,0.95348511,0.68840385,3.1189823,2.1471194,0.41911847,0.71654711,3.3693071,2.4142673,0.47117331,0.74444081,4.9076307,3.6534405,0.59080412,0.73527773,7.129507,5.2421677,0.60046992,0.64223161,7.1329779,4.5810239,0.76608392,0.6045162,7.2559945,4.3863662
0b_baseline_best,file,13,baseline,6330,109.American_Redstart/American_Redstart_0128_102983.jpg,109,108,109.American_Redstart,21,20,color_jitter,color_jitter,0,"{""brightness"":1.330227,""contrast"":0.995903,""hue"":0.013226,""saturation"":1.371112}",0.11868586,0.14121614,0.02253028,0.88808674,0.86830163,0.029398791,0.02505194,0.85868794,0.84324969,-0.015438255,0.76775641,1.1549229,14.12529,16.313622,False,0.93741035,True,True,True,0.76775641,1.1549229,14.12529,16.313622,0.75936251,1.1536268,13.776639,15.8931,0.92805783,1.1799254,3.1189823,3.6801665,0.83764243,1.2470948,3.3693071,4.2018455,0.6936729,1.1709986,4.9076307,5.7468288,0.75836518,1.1350325,7.129507,8.0922225,0.73883378,1.1188387,7.1329779,7.9806518,0.79232602,1.1753641,7.2559945,8.5284354
0b_baseline_best,file,13,baseline,6330,109.American_Redstart/American_Redstart_0128_102983.jpg,109,108,109.American_Redstart,21,20,rotation,rotation,0,"{""angle"":6.669315}",0.11868586,0.050375592,-0.068310272,0.88808674,0.95087224,0.029398791,0.023538735,0.85868794,0.92733351,0.068645563,0.73231855,0.43405827,14.12529,6.131199,False,0.96180892,True,True,True,0.73231855,0.43405827,14.12529,6.131199,0.72057289,0.43172339,13.776639,5.9476971,0.94307945,0.47733246,3.1189823,1.4887915,0.77917175,0.49980824,3.3693071,1.6840075,0.64360762,0.50126993,4.9076307,2.4600477,0.70655381,0.44011567,7.129507,3.1378078,0.70701265,0.39495483,7.1329779,2.8172041,0.78653143,0.40661664,7.2559945,2.9504081
0b_baseline_best,file,13,baseline,6330,109.American_Redstart/American_Redstart_0128_102983.jpg,109,108,109.American_Redstart,21,20,random_resized_crop,random_resized_crop,0,"{""area_fraction"":0.853908,""aspect"":1.094104,""fallback"":false,""height"":0.883438,""left"":0.010682,""top"":0.049748,""width"":0.966573}",0.11868586,0.090402797,-0.028283067,0.88808674,0.91356313,0.029398791,0.023979753,0.85868794,0.88958338,0.030895434,0.79099969,0.80087125,14.12529,11.312539,False,0.97641218,True,True,True,0.79099969,0.80087125,14.12529,11.312539,0.78211186,0.80283248,13.776639,11.060333,0.97484013,0.76159754,3.1189823,2.3754092,0.80033001,0.90190187,3.3693071,3.0387844,0.72424517,0.89376352,4.9076307,4.3862612,0.74394873,0.79839992,7.129507,5.6921978,0.77634181,0.78665553,7.1329779,5.6111965,0.85906912,0.7544881,7.2559945,5.4745615
0b_baseline_best,file,13,baseline,6330,109.American_Redstart/American_Redstart_0128_102983.jpg,109,108,109.American_Redstart,21,20,gaussian_blur,gaussian_blur,0,"{""sigma"":1.187847}",0.11868586,0.52170318,0.40301732,0.88808674,0.59350884,0.029398791,0.029683443,0.85868794,0.5638254,-0.29486255,0.5280976,5.1411706,14.12529,72.620526,False,0.90722764,True,True,True,0.5280976,5.1411706,14.12529,72.620526,0.52053888,5.2306968,13.776639,72.061419,0.88915556,2.8836434,3.1189823,8.9940326,0.39751502,7.8822426,3.3693071,26.557696,0.40701131,6.6911899,4.9076307,32.837889,0.48842138,5.3451847,7.129507,38.108532,0.58478094,4.9205967,7.1329779,35.098508,0.69866171,3.7109524,7.2559945,26.92665
0b_baseline_best,file,13,baseline,6330,109.American_Redstart/American_Redstart_0128_102983.jpg,109,108,109.American_Redstart,21,20,random_erasing,random_erasing,0,"{""area_fraction"":0.072954,""erased"":true,""height"":0.170172,""left"":0.375959,""top"":0.192738,""width"":0.428708}",0.11868586,0.20521706,0.0865312,0.88808674,0.81447053,0.029398791,0.045109775,0.85868794,0.76936075,-0.08932719,0.8540852,1.7756522,14.12529,25.081602,False,0.98264217,True,True,True,0.8540852,1.7756522,14.12529,25.081602,0.8480685,1.7812007,13.776639,24.538958,0.98166108,1.6637015,3.1189823,5.1890554,0.82582774,1.8288485,3.3693071,6.1619521,0.83359419,1.8710144,4.9076307,9.1822474,0.84037608,1.8651336,7.129507,13.297483,0.84873383,1.7758353,7.1329779,12.666994,0.87289411,1.6457539,7.2559945,11.941581
0b_baseline_best,file,13,baseline,1259,023.Brandt_Cormorant/Brandt_Cormorant_0083_23156.jpg,23,22,023.Brandt_Cormorant,72,71,identity,identity,0,{},2.4883294,2.4883294,0,0.08304859,0.08304859,0.69151235,0.69151235,-0.60846376,-0.60846376,0,1,1,165.73331,165.73331,False,0.99999994,True,False,False,1,1,165.73331,165.73331,1,1,161.37742,161.37742,1,1,37.747315,37.747315,1,1,47.479142,47.479142,1,1,65.568735,65.568735,1,1,81.361389,81.361389,1,1,80.813928,80.813928,1,1,79.615177,79.615177
0b_baseline_best,file,13,baseline,1259,023.Brandt_Cormorant/Brandt_Cormorant_0083_23156.jpg,23,22,023.Brandt_Cormorant,72,71,horizontal_flip,horizontal_flip,0,"{""flipped"":true}",2.4883294,3.0304422,0.54211283,0.08304859,0.048294272,0.69151235,0.5421313,-0.60846376,-0.49383703,0.11462672,0.68936596,0.82815593,165.73331,137.25303,False,0.95988941,True,False,False,0.68936596,0.82815593,165.73331,137.25303,0.67319395,0.8169251,161.37742,131.83326,0.94284935,1.0116956,37.747315,38.188791,0.62980001,0.7651385,47.479142,36.328119,0.63674536,0.81850635,65.568735,53.668426,0.65513916,0.7522845,81.361389,61.206912,0.64974882,0.82555445,80.813928,66.716298,0.75259129,0.88661139,79.615177,70.587723
0b_baseline_best,file,13,baseline,1259,023.Brandt_Cormorant/Brandt_Cormorant_0083_23156.jpg,23,22,023.Brandt_Cormorant,72,71,color_jitter,color_jitter,0,"{""brightness"":1.294745,""contrast"":1.227583,""hue"":-0.056756,""saturation"":1.134073}",2.4883294,1.854056,-0.63427341,0.08304859,0.15660071,0.69151235,0.092087716,-0.60846376,0.064512998,0.67297675,0.39307192,0.55371125,165.73331,91.7684,False,0.91916269,False,False,False,0.39307192,0.55371125,165.73331,91.7684,0.37068663,0.54067396,161.37742,87.252567,0.70697796,0.75324253,37.747315,28.432883,0.37743559,0.35036874,47.479142,16.635207,0.25797101,0.3926221,65.568735,25.743734,0.35073278,0.48474346,81.361389,39.439402,0.38690858,0.58416836,80.813928,47.20894,0.44031915,0.6751608,79.615177,53.753046
0b_baseline_best,file,13,baseline,1259,023.Brandt_Cormorant/Brandt_Cormorant_0083_23156.jpg,23,22,023.Brandt_Cormorant,72,71,rotation,rotation,0,"{""angle"":-7.684121}",2.4883294,3.5627899,1.0744605,0.08304859,0.02835959,0.69151235,0.62395328,-0.60846376,-0.59559369,0.012870064,0.74860348,0.98427534,165.73331,163.12721,False,0.95833033,True,False,False,0.74860348,0.98427534,165.73331,163.12721,0.73783939,0.98426139,161.37742,158.83756,0.94528901,0.98453025,37.747315,37.163373,0.66118648,0.96229596,47.479142,45.688986,0.67859914,0.92129073,65.568735,60.407867,0.74299686,1.0008021,81.361389,81.426646,0.74697896,0.98605158,80.813928,79.686701,0.78724547,1.0136272,79.615177,80.70011
0b_baseline_best,file,13,baseline,1259,023.Brandt_Cormorant/Brandt_Cormorant_0083_23156.jpg,23,22,023.Brandt_Cormorant,72,71,random_resized_crop,random_resized_crop,0,"{""area_fraction"":0.878952,""aspect"":1.081477,""fallback"":false,""height"":0.901517,""left"":0.023923,""top"":0.065474,""width"":0.97497}",2.4883294,4.5018373,2.0135078,0.08304859,0.011088605,0.69151235,0.95474869,-0.60846376,-0.94366009,-0.33519633,0.80944546,1.3180435,165.73331,218.44372,False,0.98303378,True,False,False,0.80944546,1.3180435,165.73331,218.44372,0.80173919,1.3248632,161.37742,213.803,0.97141635,1.1865129,37.747315,44.787677,0.75105932,1.3915005,47.479142,66.067248,0.75315157,1.3523329,65.568735,88.670755,0.78286847,1.3134876,81.361389,106.86718,0.81343461,1.3388996,80.813928,108.20174,0.86494638,1.278212,79.615177,101.76507
0b_baseline_best,file,13,baseline,1259,023.Brandt_Cormorant/Brandt_Cormorant_0083_23156.jpg,23,22,023.Brandt_Cormorant,72,71,gaussian_blur,gaussian_blur,0,"{""sigma"":1.704504}",2.4883294,4.9738059,2.4854765,0.08304859,0.0069167726,0.69151235,0.8786732,-0.60846376,-0.87175642,-0.26329267,0.46417646,1.0477609,165.73331,173.64888,False,0.85296029,True,False,False,0.46417646,1.0477609,165.73331,173.64888,0.44536841,1.0527214,161.37742,169.88546,0.8462989,0.95255462,37.747315,35.956379,0.33234643,1.0555109,47.479142,50.114751,0.32496537,1.0901801,65.568735,71.481729,0.38674297,0.99225337,81.361389,80.731113,0.46942786,1.0707445,80.813928,86.531072,0.6014928,1.0683599,79.615177,85.057664
0b_baseline_best,file,13,baseline,1259,023.Brandt_Cormorant/Brandt_Cormorant_0083_23156.jpg,23,22,023.Brandt_Cormorant,72,71,random_erasing,random_erasing,0,"{""area_fraction"":0.059022,""erased"":true,""height"":0.193212,""left"":0.059623,""top"":0.528441,""width"":0.305477}",2.4883294,2.923888,0.43555856,0.08304859,0.053724401,0.69151235,0.48658213,-0.60846376,-0.43285773,0.17560603,0.80282198,0.78553182,165.73331,130.18879,False,0.96008152,True,False,False,0.80282198,0.78553182,165.73331,130.18879,0.79529963,0.78431833,161.37742,126.57127,0.93670127,0.80738983,37.747315,30.476798,0.76465387,0.65152405,47.479142,30.933802,0.75718843,0.75641174,65.568735,49.596961,0.79480263,0.75236344,81.361389,61.213334,0.80994951,0.8046634,80.813928,65.02801,0.82057555,0.85446056,79.615177,68.028028
0b_baseline_best,file,13,baseline,7930,136.Barn_Swallow/Barn_Swallow_0026_132386.jpg,136,135,136.Barn_Swallow,137,136,identity,identity,0,{},1.8584492,1.8584492,0,0.15591423,0.15591423,0.82839191,0.82839191,-0.67247768,-0.67247768,0,1,1,199.30228,199.30228,False,1,True,False,False,1,1,199.30228,199.30228,1,1,194.98283,194.98283,1,1,41.268567,41.268567,1,1,55.612921,55.612921,1,1,93.681693,93.681693,1,1,98.532009,98.532009,1,1,91.789296,91.789296,1,1,89.528863,89.528863
0b_baseline_best,file,13,baseline,7930,136.Barn_Swallow/Barn_Swallow_0026_132386.jpg,136,135,136.Barn_Swallow,137,136,horizontal_flip,horizontal_flip,0,"{""flipped"":true}",1.8584492,2.2944942,0.43604493,0.15591423,0.10081238,0.82839191,0.83611357,-0.67247768,-0.73530119,-0.062823512,0.67258321,1.145801,199.30228,228.36076,False,0.96375835,True,False,False,0.67258321,1.145801,199.30228,228.36076,0.661,1.1504169,194.98283,224.31155,0.96277496,1.0374281,41.268567,42.81317,0.69526514,1.1997629,55.612921,66.722319,0.65424561,1.1830329,93.681693,110.82853,0.66936395,1.2687707,98.532009,125.01453,0.61354117,1.0380342,91.789296,95.280424,0.70270438,1.052187,89.528863,94.201107
0b_baseline_best,file,13,baseline,7930,136.Barn_Swallow/Barn_Swallow_0026_132386.jpg,136,135,136.Barn_Swallow,137,136,color_jitter,color_jitter,0,"{""brightness"":1.277334,""contrast"":1.222299,""hue"":0.015868,""saturation"":0.651088}",1.8584492,4.7975492,2.9391,0.15591423,0.0082499431,0.82839191,0.80959123,-0.67247768,-0.80134129,-0.12886361,0.7935353,0.97845725,199.30228,195.00876,False,0.92877793,True,False,False,0.7935353,0.97845725,199.30228,195.00876,0.787472,0.97278067,194.98283,189.67553,0.91900573,1.0975597,41.268567,45.294715,0.83526185,0.94283193,55.612921,52.433638,0.76461996,0.82159885,93.681693,76.968771,0.79942244,0.99249852,98.532009,97.792874,0.77714723,1.0159316,91.789296,93.251644,0.80095432,1.0622275,89.528863,95.100019
0b_baseline_best,file,13,baseline,7930,136.Barn_Swallow/Barn_Swallow_0026_132386.jpg,136,135,136.Barn_Swallow,137,136,rotation,rotation,0,"{""angle"":-9.829237}",1.8584492,0.53090918,-1.32754,0.15591423,0.58807009,0.82839191,0.40249163,-0.67247768,0.18557847,0.85805614,0.80631178,0.45307003,199.30228,90.297892,False,0.95789379,False,False,True,0.80631178,0.45307003,199.30228,90.297892,0.79923003,0.45210279,194.98283,88.152284,0.95792101,0.47414836,41.268567,19.567423,0.85536627,0.50641703,55.612921,28.16333,0.82266762,0.45868902,93.681693,42.970764,0.78732624,0.44308323,98.532009,43.657881,0.76355573,0.44125072,91.789296,40.502092,0.80257698,0.44464694,89.528863,39.808735
0b_baseline_best,file,13,baseline,7930,136.Barn_Swallow/Barn_Swallow_0026_132386.jpg,136,135,136.Barn_Swallow,137,136,random_resized_crop,random_resized_crop,0,"{""area_fraction"":0.635301,""aspect"":0.848057,""fallback"":false,""height"":0.86552,""left"":0.246148,""top"":0.038176,""width"":0.734011}",1.8584492,0.31768426,-1.540765,0.15591423,0.72783256,0.82839191,0.2700184,-0.67247768,0.45781416,1.1302918,0.79193149,0.36718129,199.30228,73.180069,False,0.96542764,False,False,True,0.79193149,0.36718129,199.30228,73.180069,0.78453452,0.36786013,194.98283,71.726411,0.96541619,0.35168644,41.268567,14.513595,0.72592357,0.41055117,55.612921,22.83195,0.82359102,0.38056174,93.681693,35.651668,0.77890827,0.36896258,98.532009,36.354625,0.74628909,0.33942354,91.789296,31.155448,0.8148792,0.36365833,89.528863,32.557917
0b_baseline_best,file,13,baseline,7930,136.Barn_Swallow/Barn_Swallow_0026_132386.jpg,136,135,136.Barn_Swallow,137,136,gaussian_blur,gaussian_blur,0,"{""sigma"":1.716193}",1.8584492,3.5520382,1.693589,0.15591423,0.028666157,0.82839191,0.83336246,-0.67247768,-0.8046963,-0.13221863,0.53355873,0.77233449,199.30228,153.92803,False,0.8498913,True,False,False,0.53355873,0.77233449,199.30228,153.92803,0.51754258,0.76664569,194.98283,149.48275,0.84721241,0.88990887,41.268567,36.725264,0.37573043,0.89306438,55.612921,49.665919,0.51810278,0.62049205,93.681693,58.128745,0.47719691,0.70543888,98.532009,69.508311,0.54299148,0.81482746,91.789296,74.792438,0.60615276,0.87051999,89.528863,77.936666
0b_baseline_best,file,13,baseline,7930,136.Barn_Swallow/Barn_Swallow_0026_132386.jpg,136,135,136.Barn_Swallow,137,136,random_erasing,random_erasing,0,"{""area_fraction"":0.059979,""erased"":true,""height"":0.150293,""left"":0.339102,""top"":0.691063,""width"":0.399079}",1.8584492,1.9247597,0.066310525,0.15591423,0.14591081,0.82839191,0.8445769,-0.67247768,-0.69866608,-0.026188403,0.95296221,1.0051119,199.30228,200.32109,False,0.9934566,True,False,False,0.95296221,1.0051119,199.30228,200.32109,0.95113918,1.0048746,194.98283,195.9333,0.99344907,1.0103933,41.268567,41.697485,0.94356777,1.021836,55.612921,56.827283,0.95916146,1.0165944,93.681693,95.236287,0.95229672,1.0117841,98.532009,99.69312,0.94376919,0.99511816,91.789296,91.341195,0.95184388,0.98701677,89.528863,88.366489
0b_baseline_best,file,13,baseline,2286,040.Olive_sided_Flycatcher/Olive_Sided_Flycatcher_0017_30704.jpg,40,39,040.Olive_sided_Flycatcher,102,101,identity,identity,0,{},0.72865367,0.72865367,0,0.48255822,0.48255822,0.45359355,0.45359355,0.028964669,0.028964669,0,1,1,98.011119,98.011119,False,1.0000001,True,True,True,1,1,98.011119,98.011119,1,1,95.363757,95.363757,1,1,22.625944,22.625944,1,1,24.341376,24.341376,1,1,44.491855,44.491855,1,1,53.353124,53.353124,1,1,45.004292,45.004292,1,1,40.623592,40.623592
0b_baseline_best,file,13,baseline,2286,040.Olive_sided_Flycatcher/Olive_Sided_Flycatcher_0017_30704.jpg,40,39,040.Olive_sided_Flycatcher,102,101,horizontal_flip,horizontal_flip,0,"{""flipped"":true}",0.72865367,0.61036634,-0.11828732,0.48255822,0.54315186,0.45359355,0.30496925,0.028964669,0.2381826,0.20921794,0.611468,0.85359802,98.011119,83.662097,False,0.95365834,True,True,True,0.611468,0.85359802,98.011119,83.662097,0.59538911,0.85860748,95.363757,81.880035,0.93895879,0.75911746,22.625944,17.175749,0.69865905,1.0857488,24.341376,26.42862,0.54130726,0.99130008,44.491855,44.10478,0.57675072,0.76652107,53.353124,40.896294,0.54662402,0.81256028,45.004292,36.5687,0.74366084,0.79798382,40.623592,32.416969
0b_baseline_best,file,13,baseline,2286,040.Olive_sided_Flycatcher/Olive_Sided_Flycatcher_0017_30704.jpg,40,39,040.Olive_sided_Flycatcher,102,101,color_jitter,color_jitter,0,"{""brightness"":0.646754,""contrast"":0.684867,""hue"":-0.085095,""saturation"":1.375681}",0.72865367,1.215901,0.48724735,0.48255822,0.29644278,0.45359355,0.18660377,0.028964669,0.10983901,0.080874339,0.55487707,1.2296454,98.011119,120.51893,False,0.92184311,False,True,False,0.55487707,1.2296454,98.011119,120.51893,0.5459054,1.2408129,95.363757,118.32858,0.76167505,1.0109043,22.625944,22.872664,0.58342042,1.4913087,24.341376,36.300505,0.47590665,1.405968,44.491855,62.554123,0.55578843,1.1618819,53.353124,61.990028,0.56721746,1.1254803,45.004292,50.651445,0.60211858,1.196505,40.623592,48.606331
0b_baseline_best,file,13,baseline,2286,040.Olive_sided_Flycatcher/Olive_Sided_Flycatcher_0017_30704.jpg,40,39,040.Olive_sided_Flycatcher,102,101,rotation,rotation,0,"{""angle"":-11.614948}",0.72865367,1.3367692,0.60811555,0.48255822,0.26269302,0.45359355,0.71680278,0.028964669,-0.45410976,-0.48307443,0.78394628,1.4400544,98.011119,141.14135,False,0.96436012,False,True,False,0.78394628,1.4400544,98.011119,141.14135,0.77369468,1.4377361,95.363757,137.10791,0.96110489,1.4806341,22.625944,33.500744,0.76238708,1.6629358,24.341376,40.478147,0.75130808,1.3572633,44.491855,60.38716,0.78414996,1.3680408,53.353124,72.989248,0.76787665,1.4904189,45.004292,67.075246,0.80059092,1.4947088,40.623592,60.720439
0b_baseline_best,file,13,baseline,2286,040.Olive_sided_Flycatcher/Olive_Sided_Flycatcher_0017_30704.jpg,40,39,040.Olive_sided_Flycatcher,102,101,random_resized_crop,random_resized_crop,0,"{""area_fraction"":0.531154,""aspect"":1.136845,""fallback"":false,""height"":0.683533,""left"":0.131025,""top"":0.161335,""width"":0.777071}",0.72865367,0.96958017,0.2409265,0.48255822,0.37924221,0.45359355,0.45148754,0.028964669,-0.07224533,-0.10121,0.70186752,1.4008173,98.011119,137.29567,False,0.96274728,False,True,False,0.70186752,1.4008173,98.011119,137.29567,0.69023955,1.41067,95.363757,134.52679,0.94987226,1.2125175,22.625944,27.434354,0.70645959,1.6645657,24.341376,40.517819,0.61625681,1.5134939,44.491855,67.33815,0.70663986,1.4243606,53.353124,75.994087,0.70001623,1.3211933,45.004292,59.459368,0.75816608,1.2577954,40.623592,51.096167
0b_baseline_best,file,13,baseline,2286,040.Olive_sided_Flycatcher/Olive_Sided_Flycatcher_0017_30704.jpg,40,39,040.Olive_sided_Flycatcher,102,101,gaussian_blur,gaussian_blur,0,"{""sigma"":1.666116}",0.72865367,3.2273128,2.4986591,0.48255822,0.039663937,0.45359355,0.014038022,0.028964669,0.025625915,-0.0033387532,0.36397091,2.5809211,98.011119,252.95897,False,0.88612342,False,True,False,0.36397091,2.5809211,98.011119,252.95897,0.35798163,2.6188483,95.363757,249.74321,0.54742968,1.7770112,22.625944,40.206555,0.4840622,2.7160813,24.341376,66.113157,0.29848518,3.0149864,44.491855,134.14234,0.34441442,2.4976171,53.353124,133.25567,0.37773361,2.5135166,45.004292,113.11903,0.40351137,2.3934232,40.623592,97.229447
0b_baseline_best,file,13,baseline,2286,040.Olive_sided_Flycatcher/Olive_Sided_Flycatcher_0017_30704.jpg,40,39,040.Olive_sided_Flycatcher,102,101,random_erasing,random_erasing,0,"{""area_fraction"":0.116502,""erased"":true,""height"":0.538904,""left"":0.399849,""top"":0.228724,""width"":0.216184}",0.72865367,4.3947945,3.6661408,0.48255822,0.012341412,0.45359355,0.0028207321,0.028964669,0.0095206797,-0.019443989,0.268952,0.860529,98.011119,84.34141,False,0.66918784,False,True,False,0.268952,0.860529,98.011119,84.34141,0.2548797,0.85448132,95.363757,81.486549,0.49284857,0.96164471,22.625944,21.758119,0.32597725,0.53747213,24.341376,13.082811,0.27361477,0.77592961,44.491855,34.522548,0.21667063,0.74184532,53.353124,39.579766,0.21334657,0.87233962,45.004292,39.259027,0.32878056,1.1465097,40.623592,46.575341
0b_baseline_best,file,13,baseline,6891,118.House_Sparrow/House_Sparrow_0093_110990.jpg,118,117,118.House_Sparrow,76,75,identity,identity,0,{},0.60233521,0.60233521,0,0.54753155,0.54753155,0.11086192,0.11086192,0.43666963,0.43666963,0,1,1,62.384263,62.384263,False,0.99999994,True,True,True,1,1,62.384263,62.384263,1,1,60.530379,60.530379,1,1,15.095346,15.095346,1,1,11.40738,11.40738,1,1,26.702287,26.702287,1,1,32.879779,32.879779,1,1,28.910473,28.910473,1,1,30.06478,30.06478
0b_baseline_best,file,13,baseline,6891,118.House_Sparrow/House_Sparrow_0093_110990.jpg,118,117,118.House_Sparrow,76,75,horizontal_flip,horizontal_flip,0,"{""flipped"":true}",0.60233521,0.89951646,0.29718125,0.54753155,0.4067663,0.11086192,0.033762291,0.43666963,0.373004,-0.063665621,0.67347455,1.3756238,62.384263,85.817274,False,0.96175349,True,True,True,0.67347455,1.3756238,62.384263,85.817274,0.65969483,1.3806794,60.530379,83.573045,0.91173212,1.2916201,15.095346,19.497452,0.66598144,1.4475188,11.40738,16.512398,0.72877067,1.5389484,26.702287,41.093442,0.66982673,1.3146709,32.879779,43.226089,0.56368753,1.2994243,28.910473,37.56697,0.67543174,1.3887833,30.06478,41.753462
0b_baseline_best,file,13,baseline,6891,118.House_Sparrow/House_Sparrow_0093_110990.jpg,118,117,118.House_Sparrow,76,75,color_jitter,color_jitter,0,"{""brightness"":0.76809,""contrast"":0.934358,""hue"":0.082244,""saturation"":0.926581}",0.60233521,5.6373706,5.0350354,0.54753155,0.0035622234,0.11086192,0.0031321582,0.43666963,0.00043006521,-0.43623956,0.4520071,3.8346925,62.384263,239.22446,False,0.77578163,False,True,False,0.4520071,3.8346925,62.384263,239.22446,0.44847189,3.9022439,60.530379,236.2043,0.58327956,2.5102361,15.095346,37.892884,0.5376872,3.8534232,11.40738,43.957464,0.48213362,3.9775191,26.702287,106.20885,0.54425,4.0419757,32.879779,132.89927,0.41394089,4.0451054,28.910473,116.94591,0.31288469,3.5265565,30.06478,106.02515
0b_baseline_best,file,13,baseline,6891,118.House_Sparrow/House_Sparrow_0093_110990.jpg,118,117,118.House_Sparrow,76,75,rotation,rotation,0,"{""angle"":-14.124942}",0.60233521,1.2675828,0.66524756,0.54753155,0.28151128,0.11086192,0.0067514814,0.43666963,0.2747598,-0.16190983,0.65395042,1.8766323,62.384263,117.07232,False,0.91476226,True,True,True,0.65395042,1.8766323,62.384263,117.07232,0.64510159,1.894407,60.530379,114.66917,0.83787015,1.5633241,15.095346,23.598919,0.37702303,2.1560843,11.40738,24.595274,0.60126528,1.6856537,26.702287,45.010809,0.70215484,2.0119104,32.879779,66.15117,0.64105028,1.9139765,28.910473,55.333967,0.65711913,1.8460269,30.06478,55.500391
0b_baseline_best,file,13,baseline,6891,118.House_Sparrow/House_Sparrow_0093_110990.jpg,118,117,118.House_Sparrow,76,75,random_resized_crop,random_resized_crop,0,"{""area_fraction"":0.665812,""aspect"":0.975648,""fallback"":false,""height"":0.826093,""left"":0.026203,""top"":0.00333,""width"":0.805976}",0.60233521,1.3477066,0.74537134,0.54753155,0.25983548,0.11086192,0.034058355,0.43666963,0.22577713,-0.2108925,0.68661269,2.2949897,62.384263,143.17124,False,0.9073143,True,True,True,0.68661269,2.2949897,62.384263,143.17124,0.68293924,2.3372042,60.530379,141.47186,0.85640664,1.4569777,15.095346,21.993583,0.59145334,2.1428008,11.40738,24.443744,0.72827565,2.7515793,26.702287,73.473458,0.72548766,2.4350847,32.879779,80.065047,0.63043088,2.3051308,28.910473,66.642421,0.66790997,1.871774,30.06478,56.274473
0b_baseline_best,file,13,baseline,6891,118.House_Sparrow/House_Sparrow_0093_110990.jpg,118,117,118.House_Sparrow,76,75,gaussian_blur,gaussian_blur,0,"{""sigma"":1.865205}",0.60233521,6.1798944,5.5775592,0.54753155,0.0020706463,0.11086192,0.014027345,0.43666963,-0.011956699,-0.44862632,0.22958866,2.8829056,62.384263,179.84794,False,0.62459224,False,True,False,0.22958866,2.8829056,62.384263,179.84794,0.21931154,2.9450559,60.530379,178.26535,0.58279514,1.5770722,15.095346,23.806451,0.015478041,4.3913742,11.40738,50.094076,0.18315526,3.138748,26.702287,83.811748,0.1523519,2.8910899,32.879779,95.058399,0.25247077,3.0632403,28.910473,88.559727,0.3746812,2.4364561,30.06478,73.251517
0b_baseline_best,file,13,baseline,6891,118.House_Sparrow/House_Sparrow_0093_110990.jpg,118,117,118.House_Sparrow,76,75,random_erasing,random_erasing,0,"{""area_fraction"":0.058039,""erased"":true,""height"":0.265341,""left"":0.728632,""top"":0.210055,""width"":0.218734}",0.60233521,0.38887152,-0.21346369,0.54753155,0.67782134,0.11086192,0.068230674,0.43666963,0.60959066,0.17292104,0.92292942,0.7694004,62.384263,47.998477,False,0.98207468,True,True,True,0.92292942,0.7694004,62.384263,47.998477,0.9201612,0.7734049,60.530379,46.814492,0.97609145,0.70188167,15.095346,10.595147,0.92346053,0.7302281,11.40738,8.3299896,0.93443613,0.77814686,26.702287,20.778301,0.93672088,0.82413093,32.879779,27.097243,0.91073888,0.76938293,28.910473,22.243225,0.89965106,0.71450224,30.06478,21.481352
0b_baseline_best,file,13,baseline,9317,159.Black_and_white_Warbler/Black_And_White_Warbler_0022_160512.jpg,159,158,159.Black_and_white_Warbler,164,163,identity,identity,0,{},0.0096396208,0.0096396208,0,0.99040669,0.99040669,0.0050004176,0.0050004176,0.98540627,0.98540627,0,1,1,1.4546192,1.4546192,False,1,True,True,True,1,1,1.4546192,1.4546192,1,1,1.424196,1.424196,1,1,0.29594386,0.29594386,1,1,0.30077218,0.30077218,1,1,0.67480036,0.67480036,1,1,0.78350461,0.78350461,1,1,0.66261577,0.66261577,1,1,0.65542027,0.65542027
0b_baseline_best,file,13,baseline,9317,159.Black_and_white_Warbler/Black_And_White_Warbler_0022_160512.jpg,159,158,159.Black_and_white_Warbler,164,163,horizontal_flip,horizontal_flip,0,"{""flipped"":true}",0.0096396208,0.016575249,0.0069356281,0.99040669,0.98356134,0.0050004176,0.0050478592,0.98540627,0.97851348,-0.0068927966,0.57714838,1.824673,1.4546192,2.6542044,False,0.9737106,True,True,True,0.57714838,1.824673,1.4546192,2.6542044,0.56245936,1.8311857,1.424196,2.6079674,0.95335545,1.6667412,0.29594386,0.49326183,0.57031021,1.5580121,0.30077218,0.46860669,0.38770747,1.8722955,0.67480036,1.2634257,0.56347632,1.7808435,0.78350461,1.3952991,0.55792724,1.9448183,0.66261577,1.2886672,0.76132062,1.791125,0.65542027,1.1739397
0b_baseline_best,file,13,baseline,9317,159.Black_and_white_Warbler/Black_And_White_Warbler_0022_160512.jpg,159,158,159.Black_and_white_Warbler,164,163,color_jitter,color_jitter,0,"{""brightness"":1.031362,""contrast"":0.840196,""hue"":0.09141,""saturation"":0.823282}",0.0096396208,0.034906551,0.02526693,0.99040669,0.96569568,0.0050004176,0.0037246842,0.98540627,0.96197099,-0.023435279,0.73024708,4.4771073,1.4546192,6.5124862,False,0.95813149,True,True,True,0.73024708,4.4771073,1.4546192,6.5124862,0.7266357,4.5207626,1.424196,6.4384521,0.87925858,3.3086984,0.29594386,0.97918898,0.6717791,5.5431152,0.30077218,1.6672148,0.61508719,4.7946783,0.67480036,3.2354507,0.77367596,4.8037188,0.78350461,3.7637358,0.75962043,4.1353249,0.66261577,2.7401315,0.78950326,3.8994164,0.65542027,2.5557565
0b_baseline_best,file,13,baseline,9317,159.Black_and_white_Warbler/Black_And_White_Warbler_0022_160512.jpg,159,158,159.Black_and_white_Warbler,164,163,rotation,rotation,0,"{""angle"":-3.354661}",0.0096396208,0.016411791,0.0067721698,0.99040669,0.98372215,0.0050004176,0.0071511832,0.98540627,0.97657097,-0.0088353073,0.86154021,1.6878302,1.4546192,2.4551502,False,0.97926939,True,True,True,0.86154021,1.6878302,1.4546192,2.4551502,0.85667749,1.6890916,1.424196,2.4055975,0.97638336,1.658349,0.29594386,0.49077821,0.85166772,1.9209454,0.30077218,0.57776695,0.79093642,1.6952625,0.67480036,1.1439637,0.87540927,1.7174585,0.78350461,1.3456367,0.86417238,1.6439093,0.66261577,1.0892802,0.89710447,1.6341524,0.65542027,1.0710566
0b_baseline_best,file,13,baseline,9317,159.Black_and_white_Warbler/Black_And_White_Warbler_0022_160512.jpg,159,158,159.Black_and_white_Warbler,164,163,random_resized_crop,random_resized_crop,0,"{""area_fraction"":0.640815,""aspect"":1.131786,""fallback"":false,""height"":0.752461,""left"":0.136542,""top"":0.099531,""width"":0.851625}",0.0096396208,0.019659547,0.010019926,0.99040669,0.98053247,0.0050004176,0.0051181219,0.98540627,0.97541435,-0.0099919289,0.68946279,2.5067089,1.4546192,3.6463069,False,0.96657562,True,True,True,0.68946279,2.5067089,1.4546192,3.6463069,0.6831839,2.533173,1.424196,3.6077348,0.93660977,1.787382,0.29594386,0.52896473,0.59850903,2.5605927,0.30077218,0.77015505,0.58638636,2.5351766,0.67480036,1.7107381,0.71155599,2.7031408,0.78350461,2.1179233,0.67645909,2.4573667,0.66261577,1.62829,0.77890464,2.3434172,0.65542027,1.5359231
0b_baseline_best,file,13,baseline,9317,159.Black_and_white_Warbler/Black_And_White_Warbler_0022_160512.jpg,159,158,159.Black_and_white_Warbler,164,163,gaussian_blur,gaussian_blur,0,"{""sigma"":1.022571}",0.0096396208,0.38520929,0.37556967,0.99040669,0.68030822,0.0050004176,0.051621925,0.98540627,0.6286863,-0.35671998,0.5836748,38.820402,1.4546192,56.468903,False,0.90969098,True,True,True,0.5836748,38.820402,1.4546192,56.468903,0.57770377,39.294221,1.424196,55.962673,0.85074596,25.492276,0.29594386,7.5442826,0.59731097,45.340693,0.30077218,13.637219,0.34904767,37.00688,0.67480036,24.972256,0.61478197,42.465863,0.78350461,33.272199,0.62426616,40.191128,0.66261577,26.631275,0.72370284,34.319604,0.65542027,22.493764
0b_baseline_best,file,13,baseline,9317,159.Black_and_white_Warbler/Black_And_White_Warbler_0022_160512.jpg,159,158,159.Black_and_white_Warbler,164,163,random_erasing,random_erasing,0,"{""area_fraction"":0.155488,""erased"":true,""height"":0.521125,""left"":0.050593,""top"":0.405349,""width"":0.29837}",0.0096396208,0.0070088478,-0.002630773,0.99040669,0.99301565,0.0050004176,0.002432893,0.98540627,0.99058275,0.0051764795,0.91963822,0.75077691,1.4546192,1.0920945,False,0.98329228,True,True,True,0.91963822,0.75077691,1.4546192,1.0920945,0.91760558,0.75270182,1.424196,1.0719949,0.97183411,0.7047285,0.29594386,0.20856007,0.92669385,0.69806499,0.30077218,0.20995853,0.93813855,0.77378046,0.67480036,0.52214733,0.93331,0.76481507,0.78350461,0.59923613,0.89270956,0.73209644,0.66261577,0.48509865,0.89663802,0.74441046,0.65542027,0.4879017
0b_baseline_best,file,13,baseline,2279,040.Olive_sided_Flycatcher/Olive_Sided_Flycatcher_0049_796889.jpg,40,39,040.Olive_sided_Flycatcher,78,77,identity,identity,0,{},0.30394778,0.30394778,0,0.73789942,0.73789942,0.2224853,0.2224853,0.51541412,0.51541412,0,1,1,73.257379,73.257379,False,1,True,True,True,1,1,73.257379,73.257379,1,1,72.430476,72.430476,1,1,10.975872,10.975872,1,1,13.178851,13.178851,1,1,40.072194,40.072194,1,1,39.073097,39.073097,1,1,33.597984,33.597984,1,1,28.481214,28.481214
0b_baseline_best,file,13,baseline,2279,040.Olive_sided_Flycatcher/Olive_Sided_Flycatcher_0049_796889.jpg,40,39,040.Olive_sided_Flycatcher,78,77,horizontal_flip,horizontal_flip,0,"{""flipped"":true}",0.30394778,0.038297523,-0.26565025,0.73789942,0.96242654,0.2224853,0.017847564,0.51541412,0.94457898,0.42916486,0.71856481,0.11822921,73.257379,8.6611617,False,0.93302143,True,True,True,0.71856481,0.11822921,73.257379,8.6611617,0.71481787,0.11778889,72.430476,8.5315051,0.86712214,0.13602848,10.975872,1.4930312,0.75904354,0.13167238,13.178851,1.7352907,0.75206059,0.11540006,40.072194,4.6243335,0.7306415,0.12071824,39.073097,4.7168353,0.66873828,0.11603392,33.597984,3.8985058,0.66592003,0.11615278,28.481214,3.3081722
0b_baseline_best,file,13,baseline,2279,040.Olive_sided_Flycatcher/Olive_Sided_Flycatcher_0049_796889.jpg,40,39,040.Olive_sided_Flycatcher,78,77,color_jitter,color_jitter,0,"{""brightness"":1.399254,""contrast"":0.697276,""hue"":0.062358,""saturation"":0.868595}",0.30394778,0.31621912,0.012271345,0.73789942,0.72889972,0.2224853,0.029466724,0.51541412,0.69943299,0.18401887,0.47303208,0.62618902,73.257379,45.872966,False,0.84723574,True,True,True,0.47303208,0.62618902,73.257379,45.872966,0.46769392,0.62414012,72.430476,45.206766,0.68128049,0.70969895,10.975872,7.7895648,0.28046077,0.86748355,13.178851,11.432436,0.48263932,0.54409849,40.072194,21.80322,0.41781016,0.63108398,39.073097,24.658405,0.51256884,0.62073762,33.597984,20.855533,0.54041723,0.69744394,28.481214,19.86405
0b_baseline_best,file,13,baseline,2279,040.Olive_sided_Flycatcher/Olive_Sided_Flycatcher_0049_796889.jpg,40,39,040.Olive_sided_Flycatcher,78,77,rotation,rotation,0,"{""angle"":-3.154059}",0.30394778,1.3974152,1.0934674,0.73789942,0.24723519,0.2224853,0.68483114,0.51541412,-0.43759595,-0.95301007,0.86701846,3.0029881,73.257379,219.99104,False,0.9517954,False,True,False,0.86701846,3.0029881,73.257379,219.99104,0.86528493,3.0072849,72.430476,217.81908,0.94978902,2.8095054,10.975872,30.836771,0.79886733,3.2496053,13.178851,42.826062,0.89309933,3.164773,40.072194,126.8194,0.8706939,3.0481477,39.073097,119.10057,0.84667181,2.8947787,33.597984,97.25873,0.84373381,2.6931915,28.481214,76.705362
0b_baseline_best,file,13,baseline,2279,040.Olive_sided_Flycatcher/Olive_Sided_Flycatcher_0049_796889.jpg,40,39,040.Olive_sided_Flycatcher,78,77,random_resized_crop,random_resized_crop,0,"{""area_fraction"":0.754317,""aspect"":1.029068,""fallback"":false,""height"":0.85616,""left"":0.112011,""top"":0.018078,""width"":0.881047}",0.30394778,0.83252853,0.52858075,0.73789942,0.43494815,0.2224853,0.46704414,0.51541412,-0.032095999,-0.54751012,0.84047587,2.3243348,73.257379,170.27467,False,0.93448591,False,True,False,0.84047587,2.3243348,73.257379,170.27467,0.83876629,2.3304671,72.430476,168.79684,0.93288462,2.0394796,10.975872,22.385067,0.82256041,2.8846077,13.178851,38.015813,0.8816526,2.3948215,40.072194,95.965752,0.83153261,2.4404173,39.073097,95.354661,0.82869891,2.1900353,33.597984,73.58077,0.79414505,2.0264487,28.481214,57.71572
0b_baseline_best,file,13,baseline,2279,040.Olive_sided_Flycatcher/Olive_Sided_Flycatcher_0049_796889.jpg,40,39,040.Olive_sided_Flycatcher,78,77,gaussian_blur,gaussian_blur,0,"{""sigma"":1.993819}",0.30394778,1.7776381,1.4736903,0.73789942,0.16903694,0.2224853,0.1232192,0.51541412,0.04581774,-0.46959638,0.4344283,2.1555924,73.257379,157.91305,False,0.80369729,False,True,False,0.4344283,2.1555924,73.257379,157.91305,0.4294568,2.1463081,72.430476,155.45811,0.62395918,2.5270284,10.975872,27.736341,0.57671922,2.8145025,13.178851,37.091907,0.32180537,2.0422674,40.072194,81.838136,0.49068987,2.0961174,39.073097,81.901798,0.43745284,2.043919,33.597984,68.671556,0.47205463,2.3994488,28.481214,68.339214
0b_baseline_best,file,13,baseline,2279,040.Olive_sided_Flycatcher/Olive_Sided_Flycatcher_0049_796889.jpg,40,39,040.Olive_sided_Flycatcher,78,77,random_erasing,random_erasing,0,"{""area_fraction"":0.165204,""erased"":true,""height"":0.549381,""left"":0.502251,""top"":0.084165,""width"":0.300709}",0.30394778,0.42480361,0.12085584,0.73789942,0.65389818,0.2224853,0.23835687,0.51541412,0.41554131,-0.099872813,0.89948848,1.0886698,73.257379,79.753095,False,0.96689355,True,True,True,0.89948848,1.0886698,73.257379,79.753095,0.89809943,1.0870511,72.430476,78.735629,0.95802905,1.1569644,10.975872,12.698694,0.92184076,1.1939905,13.178851,15.735422,0.93231354,1.0937696,40.072194,43.829749,0.89592626,1.0689461,39.073097,41.767035,0.87933505,1.0958107,33.597984,36.817031,0.85542369,1.071123,28.481214,30.506883
0b_baseline_best,file,13,baseline,11516,196.House_Wren/House_Wren_0133_187101.jpg,196,195,196.House_Wren,199,198,identity,identity,0,{},1.0184093,1.0184093,0,0.36116901,0.36116901,0.37610337,0.37610337,-0.014934361,-0.014934361,0,1,1,78.319516,78.319516,False,0.99999988,True,False,False,1,1,78.319516,78.319516,1,1,76.424783,76.424783,1,1,17.12306,17.12306,1,1,13.179575,13.179575,1,1,32.812817,32.812817,1,1,42.065045,42.065045,1,1,38.527371,38.527371,1,1,36.558705,36.558705
0b_baseline_best,file,13,baseline,11516,196.House_Wren/House_Wren_0133_187101.jpg,196,195,196.House_Wren,199,198,horizontal_flip,horizontal_flip,0,"{""flipped"":true}",1.0184093,1.2950402,0.276631,0.36116901,0.27388683,0.37610337,0.44959095,-0.014934361,-0.17570412,-0.16076976,0.63183181,1.3640841,78.319516,106.8344,False,0.93884861,True,False,False,0.63183181,1.3640841,78.319516,106.8344,0.61813244,1.3702348,76.424783,104.71989,0.9378261,1.2351918,17.12306,21.150263,0.61986864,1.5657516,13.179575,20.63594,0.54908605,1.4601684,32.812817,47.912239,0.64552345,1.3864805,42.065045,58.322364,0.59227378,1.3825473,38.527371,53.265911,0.68159208,1.225132,36.558705,44.789241
0b_baseline_best,file,13,baseline,11516,196.House_Wren/House_Wren_0133_187101.jpg,196,195,196.House_Wren,199,198,color_jitter,color_jitter,0,"{""brightness"":0.721131,""contrast"":1.241376,""hue"":-0.054831,""saturation"":1.348461}",1.0184093,3.7489102,2.7305009,0.36116901,0.02354339,0.37610337,0.1875217,-0.014934361,-0.16397831,-0.14904395,0.54249054,1.1186452,78.319516,87.61175,False,0.89637005,True,False,False,0.54249054,1.1186452,78.319516,87.61175,0.52765675,1.1172097,76.424783,85.382511,0.83052641,1.1468664,17.12306,19.637861,0.16025923,1.3015242,13.179575,17.153536,0.54321695,1.0424652,32.812817,34.206221,0.51027656,1.0329669,42.065045,43.451798,0.5161071,1.1036089,38.527371,42.519149,0.60398261,1.2623842,36.558705,46.151131
0b_baseline_best,file,13,baseline,11516,196.House_Wren/House_Wren_0133_187101.jpg,196,195,196.House_Wren,199,198,rotation,rotation,0,"{""angle"":0.812336}",1.0184093,0.68629563,-0.33211362,0.36116901,0.50343752,0.37610337,0.085545264,-0.014934361,0.41789225,0.43282662,0.71410019,0.77938934,78.319516,61.041396,False,0.97438389,False,False,True,0.71410019,0.77938934,78.319516,61.041396,0.70601487,0.78414012,76.424783,59.927738,0.9076947,0.6778473,17.12306,11.60682,0.68418875,0.79631308,13.179575,10.495068,0.58077159,0.75006195,32.812817,24.611646,0.69945252,0.78163843,42.065045,32.879656,0.73864328,0.80105783,38.527371,30.862652,0.77697099,0.79365924,36.558705,29.015154
0b_baseline_best,file,13,baseline,11516,196.House_Wren/House_Wren_0133_187101.jpg,196,195,196.House_Wren,199,198,random_resized_crop,random_resized_crop,0,"{""area_fraction"":0.697193,""aspect"":1.091528,""fallback"":false,""height"":0.799207,""left"":0.047155,""top"":0.027934,""width"":0.872356}",1.0184093,0.85556972,-0.16283953,0.36116901,0.42504099,0.37610337,0.12459757,-0.014934361,0.30044342,0.31537778,0.66223191,0.91270386,78.319516,71.482525,False,0.9492687,False,False,True,0.66223191,0.91270386,78.319516,71.482525,0.65206694,0.91783688,76.424783,70.145484,0.89910366,0.80364742,17.12306,13.760903,0.62346164,0.86064902,13.179575,11.342988,0.59627362,0.86285197,32.812817,28.312604,0.64634046,0.94313208,42.065045,39.672894,0.6529672,0.93608948,38.527371,36.065066,0.70641435,0.91357227,36.558705,33.399019
0b_baseline_best,file,13,baseline,11516,196.House_Wren/House_Wren_0133_187101.jpg,196,195,196.House_Wren,199,198,gaussian_blur,gaussian_blur,0,"{""sigma"":1.998862}",1.0184093,5.5444508,4.5260415,0.36116901,0.0039090896,0.37610337,0.0010479063,-0.014934361,0.0028611833,0.017795544,0.050623184,1.6915588,78.319516,132.48207,False,0.69975519,False,False,False,0.050623184,1.6915588,78.319516,132.48207,0.026382896,1.6923805,76.424783,129.33981,0.53849017,1.6751061,17.12306,28.682942,-0.35548958,2.348444,13.179575,30.951494,-0.038175707,1.7634701,32.812817,57.864421,-0.025008041,1.7154315,42.065045,72.159703,0.066741221,1.6432881,38.527371,63.311571,0.18904762,1.5490558,36.558705,56.631472
0b_baseline_best,file,13,baseline,11516,196.House_Wren/House_Wren_0133_187101.jpg,196,195,196.House_Wren,199,198,random_erasing,random_erasing,0,"{""area_fraction"":0.083592,""erased"":true,""height"":0.39719,""left"":0.112196,""top"":0.528428,""width"":0.21046}",1.0184093,0.90252721,-0.11588204,0.36116901,0.40554345,0.37610337,0.39301157,-0.014934361,0.012531877,0.027466238,0.96787965,1.0215915,78.319516,80.010554,False,0.99454629,False,False,True,0.96787965,1.0215915,78.319516,80.010554,0.96664718,1.0224832,76.424783,78.143057,0.99305091,1.0036636,17.12306,17.185791,0.96600339,1.0210952,13.179575,13.4576,0.9706174,1.0517599,32.812817,34.511207,0.97305348,1.0327361,42.065045,43.442089,0.96299114,1.0056512,38.527371,38.745098,0.95943005,1.003462,36.558705,36.685273
0b_baseline_best,file,13,baseline,1717,031.Black_billed_Cuckoo/Black_Billed_Cuckoo_0088_26217.jpg,31,30,031.Black_billed_Cuckoo,33,32,identity,identity,0,{},0.0057640527,0.0057640527,0,0.9942525,0.9942525,0.0026640825,0.0026640825,0.99158842,0.99158842,0,1,1,0.82190309,0.82190309,False,1,True,True,True,1,1,0.82190309,0.82190309,1,1,0.79763735,0.79763735,1,1,0.19824063,0.19824063,1,1,0.18416873,0.18416873,1,1,0.35591587,0.35591587,1,1,0.38933071,0.38933071,1,1,0.38196633,0.38196633,1,1,0.42208345,0.42208345
0b_baseline_best,file,13,baseline,1717,031.Black_billed_Cuckoo/Black_Billed_Cuckoo_0088_26217.jpg,31,30,031.Black_billed_Cuckoo,33,32,horizontal_flip,horizontal_flip,0,"{""flipped"":true}",0.0057640527,0.020656811,0.014892758,0.9942525,0.97955507,0.0026640825,0.012840178,0.99158842,0.96671489,-0.024873528,0.6360509,3.927729,0.82190309,3.2282126,False,0.97419608,True,True,True,0.6360509,3.927729,0.82190309,3.2282126,0.61720488,3.9424014,0.79763735,3.1446066,0.96412827,3.6820689,0.19824063,0.72993568,0.12129765,3.9752074,0.18416873,0.73210887,0.63469226,4.1522197,0.35591587,1.4778409,0.58743583,4.0266006,0.38933071,1.5676793,0.60085775,3.9673194,0.38196633,1.5153824,0.74951427,3.6814584,0.42208345,1.5538827
0b_baseline_best,file,13,baseline,1717,031.Black_billed_Cuckoo/Black_Billed_Cuckoo_0088_26217.jpg,31,30,031.Black_billed_Cuckoo,33,32,color_jitter,color_jitter,0,"{""brightness"":0.894446,""contrast"":1.395802,""hue"":-0.096755,""saturation"":0.628044}",0.0057640527,0.0064139464,0.00064989366,0.9942525,0.99360657,0.0026640825,0.0014107034,0.99158842,0.99219586,0.00060744351,0.63203253,1.0692988,0.82190309,0.87885997,False,0.95929509,True,True,True,0.63203253,1.0692988,0.82190309,0.87885997,0.61455488,1.0669885,0.79763735,0.85106985,0.9053778,1.1060297,0.19824063,0.21926003,0.48348693,1.2901598,0.18416873,0.23760708,0.61444889,1.0476351,0.35591587,0.37286996,0.54163664,1.0100437,0.38933071,0.39324104,0.57874847,1.0227666,0.38196633,0.39066239,0.73081945,1.1152242,0.42208345,0.47071768
0b_baseline_best,file,13,baseline,1717,031.Black_billed_Cuckoo/Black_Billed_Cuckoo_0088_26217.jpg,31,30,031.Black_billed_Cuckoo,33,32,rotation,rotation,0,"{""angle"":-3.193963}",0.0057640527,0.0098992139,0.0041351612,0.9942525,0.99014962,0.0026640825,0.007867082,0.99158842,0.98228254,-0.0093058853,0.73806022,1.7895151,0.82190309,1.470808,False,0.9740901,True,True,True,0.73806022,1.7895151,0.82190309,1.470808,0.7243519,1.7747858,0.79763735,1.4156354,0.93919937,2.0130303,0.19824063,0.3990644,0.40623118,1.6325994,0.18416873,0.30067375,0.7406449,1.7305849,0.35591587,0.61594265,0.67659334,1.7666361,0.38933071,0.68780567,0.72112392,1.8566086,0.38196633,0.70916199,0.8134554,1.7701685,0.42208345,0.74715883
0b_baseline_best,file,13,baseline,1717,031.Black_billed_Cuckoo/Black_Billed_Cuckoo_0088_26217.jpg,31,30,031.Black_billed_Cuckoo,33,32,random_resized_crop,random_resized_crop,0,"{""area_fraction"":0.560618,""aspect"":1.322772,""fallback"":false,""height"":0.651015,""left"":0.133955,""top"":0.315272,""width"":0.861145}",0.0057640527,0.72028309,0.71451904,0.9942525,0.4866145,0.0026640825,0.0093282759,0.99158842,0.47728622,-0.5143022,0.41226346,81.481597,0.82190309,66.969977,False,0.76696098,True,True,True,0.41226346,81.481597,0.82190309,66.969977,0.39989602,82.441986,0.79763735,65.758808,0.683085,63.957612,0.19824063,12.678998,-0.031804665,85.660568,0.18416873,15.775998,0.39216066,84.012193,0.35591587,29.901273,0.410713,92.881263,0.38933071,36.161528,0.41934628,77.345562,0.38196633,29.5434,0.47777874,74.950036,0.42208345,31.63517
0b_baseline_best,file,13,baseline,1717,031.Black_billed_Cuckoo/Black_Billed_Cuckoo_0088_26217.jpg,31,30,031.Black_billed_Cuckoo,33,32,gaussian_blur,gaussian_blur,0,"{""sigma"":1.91244}",0.0057640527,0.09203428,0.086270228,0.9942525,0.91207391,0.0026640825,0.022575585,0.99158842,0.88949833,-0.1020901,0.48644446,21.171905,0.82190309,17.401254,False,0.82878733,True,True,True,0.48644446,21.171905,0.82190309,17.401254,0.47403935,21.464385,0.79763735,17.120795,0.78403799,15.696051,0.19824063,3.1115951,-0.14222511,27.203847,0.18416873,5.0100979,0.5928672,23.300294,0.35591587,8.2929445,0.51427372,22.382495,0.38933071,8.7141927,0.44880368,22.221614,0.38196633,8.4879085,0.54764686,16.963516,0.42208345,7.1600196
0b_baseline_best,file,13,baseline,1717,031.Black_billed_Cuckoo/Black_Billed_Cuckoo_0088_26217.jpg,31,30,031.Black_billed_Cuckoo,33,32,random_erasing,random_erasing,0,"{""area_fraction"":0.079654,""erased"":true,""height"":0.269931,""left"":0.475077,""top"":0.326893,""width"":0.29509}",0.0057640527,0.019870859,0.014106806,0.9942525,0.98032528,0.0026640825,0.0047092354,0.99158842,0.97561605,-0.015972374,0.75302798,3.8871475,0.82190309,3.1948586,False,0.95829403,True,True,True,0.75302798,3.8871475,0.82190309,3.1948586,0.74574389,3.934456,0.79763735,3.138269,0.93195645,3.0198438,0.19824063,0.59865575,0.68428706,3.7251406,0.18416873,0.68605439,0.74795585,3.9773604,0.35591587,1.4156057,0.77365442,4.3776792,0.38933071,1.7043649,0.70175601,3.9547242,0.38196633,1.5105715,0.77718768,3.5040428,0.42208345,1.4789985
0b_baseline_best,file,13,baseline,3371,059.California_Gull/California_Gull_0096_40978.jpg,59,58,059.California_Gull,62,61,identity,identity,0,{},3.3258331,3.3258331,0,0.035942562,0.035942562,0.17549348,0.17549348,-0.13955092,-0.13955092,0,1,1,129.58469,129.58469,False,1,True,False,False,1,1,129.58469,129.58469,1,1,127.17271,127.17271,1,1,24.885617,24.885617,1,1,19.104865,19.104865,1,1,59.113122,59.113122,1,1,62.693629,62.693629,1,1,64.092048,64.092048,1,1,65.385472,65.385472
0b_baseline_best,file,13,baseline,3371,059.California_Gull/California_Gull_0096_40978.jpg,59,58,059.California_Gull,62,61,horizontal_flip,horizontal_flip,0,"{""flipped"":true}",3.3258331,3.7458026,0.41996956,0.035942562,0.023616666,0.17549348,0.33056727,-0.13955092,-0.3069506,-0.16739969,0.72178526,1.0595691,129.58469,137.30394,False,0.97576684,True,False,False,0.72178526,1.0595691,129.58469,137.30394,0.71204743,1.0558769,127.17271,134.27872,0.95752991,1.1518097,24.885617,28.663496,0.63585748,1.2538131,19.104865,23.953929,0.78537452,1.2383997,59.113122,73.205671,0.66720395,1.0005832,62.693629,62.730193,0.65778613,0.97144762,64.092048,62.262068,0.75239899,1.0012871,65.385472,65.469629
0b_baseline_best,file,13,baseline,3371,059.California_Gull/California_Gull_0096_40978.jpg,59,58,059.California_Gull,62,61,color_jitter,color_jitter,0,"{""brightness"":1.368644,""contrast"":1.388039,""hue"":0.027986,""saturation"":1.016782}",3.3258331,3.6785598,0.3527267,0.035942562,0.025259327,0.17549348,0.043472823,-0.13955092,-0.018213496,0.12133742,0.73983447,0.96214447,129.58469,124.6792,False,0.92823762,False,False,False,0.73983447,0.96214447,129.58469,124.6792,0.73325472,0.95988309,127.17271,122.07094,0.90291665,1.0194258,24.885617,25.369041,0.46394273,1.1939803,19.104865,22.810831,0.72858684,0.94067479,59.113122,55.606224,0.75754185,0.94189321,62.693629,59.050703,0.73740831,0.93860259,64.092048,60.156963,0.74212452,0.98916082,65.385472,64.676747
0b_baseline_best,file,13,baseline,3371,059.California_Gull/California_Gull_0096_40978.jpg,59,58,059.California_Gull,62,61,rotation,rotation,0,"{""angle"":11.113128}",3.3258331,3.4600468,0.13421369,0.035942562,0.031428296,0.17549348,0.098457836,-0.13955092,-0.067029539,0.072521377,0.67480081,0.95539881,129.58469,123.80506,False,0.93431866,False,False,False,0.67480081,0.95539881,129.58469,123.80506,0.66529609,0.95487559,127.17271,121.43412,0.91947803,0.9689627,24.885617,24.113235,0.39522486,1.1192479,19.104865,21.383079,0.45961659,0.82547881,59.113122,48.79663,0.67588397,0.97694359,62.693629,61.248139,0.7348206,0.97802184,64.092048,62.683423,0.76202576,0.99438128,65.385472,65.018089
0b_baseline_best,file,13,baseline,3371,059.California_Gull/California_Gull_0096_40978.jpg,59,58,059.California_Gull,62,61,random_resized_crop,random_resized_crop,0,"{""area_fraction"":0.740296,""aspect"":1.070869,""fallback"":false,""height"":0.831447,""left"":0.080619,""top"":0.063518,""width"":0.890371}",3.3258331,3.9253926,0.59955955,0.035942562,0.01973439,0.17549348,0.10050552,-0.13955092,-0.080771133,0.058779784,0.80114182,1.0850031,129.58469,140.5998,False,0.95850205,False,False,False,0.80114182,1.0850031,129.58469,140.5998,0.79607666,1.082413,127.17271,137.6534,0.92701792,1.1505822,24.885617,28.632949,0.76943111,1.1762672,19.104865,22.472425,0.85014397,1.1740176,59.113122,69.399846,0.78355122,1.0308901,62.693629,64.63024,0.75974786,1.0511939,64.092048,67.373168,0.79928636,1.071764,65.385472,70.077793
0b_baseline_best,file,13,baseline,3371,059.California_Gull/California_Gull_0096_40978.jpg,59,58,059.California_Gull,62,61,gaussian_blur,gaussian_blur,0,"{""sigma"":1.694942}",3.3258331,4.5557556,1.2299225,0.035942562,0.010506559,0.17549348,0.012567895,-0.13955092,-0.0020613354,0.13748958,0.59419729,0.94304834,129.58469,122.20463,False,0.85262084,False,False,False,0.59419729,0.94304834,129.58469,122.20463,0.58485625,0.94145256,127.17271,119.72707,0.82819059,0.98380619,24.885617,24.482624,0.5289031,0.9872549,19.104865,18.861371,0.54313378,0.99840025,59.113122,59.018555,0.60063345,0.90598041,62.693629,56.7992,0.60645458,0.93227583,64.092048,59.751468,0.59300282,0.93019766,65.385472,60.821413
0b_baseline_best,file,13,baseline,3371,059.California_Gull/California_Gull_0096_40978.jpg,59,58,059.California_Gull,62,61,random_erasing,random_erasing,0,"{""area_fraction"":0.083756,""erased"":true,""height"":0.443723,""left"":0.799904,""top"":0.480283,""width"":0.188758}",3.3258331,3.3000827,-0.025750399,0.035942562,0.036880121,0.17549348,0.31142044,-0.13955092,-0.27454032,-0.1349894,0.90965821,0.91994986,129.58469,119.21142,False,0.98618078,True,False,False,0.90965821,0.91994986,129.58469,119.21142,0.90720099,0.91577129,127.17271,116.46112,0.97245684,1.0230484,24.885617,25.459191,0.9080714,0.94728433,19.104865,18.097739,0.9282044,0.94434402,59.113122,55.823123,0.90768614,0.91722496,62.693629,57.504161,0.89725444,0.87639202,64.092048,56.16976,0.89945771,0.92495616,65.385472,60.478695
0b_baseline_best,file,13,baseline,11075,189.Red_bellied_Woodpecker/Red_Bellied_Woodpecker_0073_180994.jpg,189,188,189.Red_bellied_Woodpecker,190,189,identity,identity,0,{},0.0015962491,0.0015962491,0,0.99840504,0.99840504,0.0003393759,0.0003393759,0.99806566,0.99806566,0,1,1,0.2365689,0.2365689,False,1,True,True,True,1,1,0.2365689,0.2365689,1,1,0.23197816,0.23197816,1,1,0.046378604,0.046378604,1,1,0.033277015,0.033277015,1,1,0.07501714,0.07501714,1,1,0.10992935,0.10992935,1,1,0.11596745,0.11596745,1,1,0.14678564,0.14678564
0b_baseline_best,file,13,baseline,11075,189.Red_bellied_Woodpecker/Red_Bellied_Woodpecker_0073_180994.jpg,189,188,189.Red_bellied_Woodpecker,190,189,horizontal_flip,horizontal_flip,0,"{""flipped"":true}",0.0015962491,0.006691311,0.005095062,0.99840504,0.99333102,0.0003393759,0.0014293882,0.99806566,0.99190163,-0.0061640365,0.68821359,3.5560343,0.2365689,0.8412471,False,0.98123264,True,True,True,0.68821359,3.5560343,0.2365689,0.8412471,0.67553215,3.5423915,0.23197816,0.82175747,0.98050454,3.8817797,0.046378604,0.18003152,0.47697021,3.2641613,0.033277015,0.10862154,0.47666552,3.6471076,0.07501714,0.27359558,0.58849436,3.040682,0.10992935,0.3342602,0.61982071,3.3545091,0.11596745,0.38901387,0.80811648,3.8872184,0.14678564,0.57058784
0b_baseline_best,file,13,baseline,11075,189.Red_bellied_Woodpecker/Red_Bellied_Woodpecker_0073_180994.jpg,189,188,189.Red_bellied_Woodpecker,190,189,color_jitter,color_jitter,0,"{""brightness"":0.96299,""contrast"":0.70905,""hue"":0.082176,""saturation"":0.629633}",0.0015962491,0.042903643,0.041307394,0.99840504,0.9580037,0.0003393759,0.005577628,0.99806566,0.95242607,-0.045639592,0.67225262,24.985569,0.2365689,5.9108084,False,0.93343318,True,True,True,0.67225262,24.985569,0.2365689,5.9108084,0.66375713,25.109084,0.23197816,5.8247591,0.9256284,21.667467,0.046378604,1.0049069,0.56469874,25.642887,0.033277015,0.85331873,0.63837843,36.105211,0.07501714,2.7085097,0.63843475,27.566963,0.10992935,3.0304184,0.61049031,22.973299,0.11596745,2.6641549,0.76991965,21.088975,0.14678564,3.0955587
0b_baseline_best,file,13,baseline,11075,189.Red_bellied_Woodpecker/Red_Bellied_Woodpecker_0073_180994.jpg,189,188,189.Red_bellied_Woodpecker,190,189,rotation,rotation,0,"{""angle"":-1.913192}",0.0015962491,0.001153757,-0.00044249208,0.99840504,0.99884689,0.0003393759,0.00027450753,0.99806566,0.99857238,0.0005067176,0.89134248,0.73747498,0.2365689,0.17446364,False,0.98834831,True,True,True,0.89134248,0.73747498,0.2365689,0.17446364,0.88741569,0.73606322,0.23197816,0.17075059,0.98598633,0.77195518,0.046378604,0.035802204,0.73304228,0.7447282,0.033277015,0.024782331,0.83129045,0.77889256,0.07501714,0.058430293,0.85977879,0.72521208,0.10992935,0.079722093,0.87326235,0.73658777,0.11596745,0.085420207,0.93596366,0.72979021,0.14678564,0.10712272
0b_baseline_best,file,13,baseline,11075,189.Red_bellied_Woodpecker/Red_Bellied_Woodpecker_0073_180994.jpg,189,188,189.Red_bellied_Woodpecker,190,189,random_resized_crop,random_resized_crop,0,"{""area_fraction"":0.778458,""aspect"":0.968559,""fallback"":false,""height"":0.896509,""left"":0.042753,""top"":0.077563,""width"":0.868321}",0.0015962491,0.0029383602,0.0013421112,0.99840504,0.99706596,0.0003393759,0.0010381276,0.99806566,0.99602783,-0.0020378296,0.78453693,1.9847214,0.2365689,0.46952335,False,0.98333389,True,True,True,0.78453693,1.9847214,0.2365689,0.46952335,0.77684878,1.9828271,0.23197816,0.45997259,0.97249197,2.0315382,0.046378604,0.094219904,0.6781263,2.1485616,0.033277015,0.071497717,0.73968839,2.078172,0.07501714,0.15589852,0.71960216,2.0914522,0.10992935,0.22991199,0.7649862,2.0340644,0.11596745,0.23588526,0.84129367,1.8489443,0.14678564,0.27139848
0b_baseline_best,file,13,baseline,11075,189.Red_bellied_Woodpecker/Red_Bellied_Woodpecker_0073_180994.jpg,189,188,189.Red_bellied_Woodpecker,190,189,gaussian_blur,gaussian_blur,0,"{""sigma"":1.209647}",0.0015962491,0.023077367,0.021481118,0.99840504,0.97718686,0.0003393759,0.0017131282,0.99806566,0.97547373,-0.022591933,0.62352573,17.955081,0.2365689,4.2476137,False,0.94653988,True,True,True,0.62352573,17.955081,0.2365689,4.2476137,0.61508789,18.065443,0.23197816,4.1907883,0.88993661,14.93081,0.046378604,0.69247013,0.60837439,22.428566,0.033277015,0.74635571,0.60082943,27.289898,0.07501714,2.0472101,0.59685399,22.596298,0.10992935,2.4839964,0.55986188,15.379013,0.11596745,1.7834649,0.77537301,12.678873,0.14678564,1.8610765
0b_baseline_best,file,13,baseline,11075,189.Red_bellied_Woodpecker/Red_Bellied_Woodpecker_0073_180994.jpg,189,188,189.Red_bellied_Woodpecker,190,189,random_erasing,random_erasing,0,"{""area_fraction"":0.157984,""erased"":true,""height"":0.566858,""left"":0.131422,""top"":0.03316,""width"":0.278701}",0.0015962491,0.33915576,0.33755951,0.99840504,0.71237147,0.0003393759,0.15366665,0.99806566,0.55870482,-0.43936084,0.53985524,181.64007,0.2365689,42.97039,False,0.91048163,True,True,True,0.53985524,181.64007,0.2365689,42.97039,0.52572991,180.28682,0.23197816,41.822605,0.84644239,212.71234,0.046378604,9.8653013,0.27902417,191.55588,0.033277015,6.3744079,0.55050502,220.49982,0.07501714,16.541266,0.49952478,194.47269,0.10992935,21.378257,0.52045939,189.57765,0.11596745,21.984837,0.56903555,151.49862,0.14678564,22.237823
0b_baseline_best,file,13,baseline,2038,036.Northern_Flicker/Northern_Flicker_0118_28500.jpg,36,35,036.Northern_Flicker,24,23,identity,identity,0,{},0.17508331,0.17508331,0,0.83938712,0.83938712,0.020248977,0.020248977,0.81913814,0.81913814,0,1,1,22.146682,22.146682,False,1,True,True,True,1,1,22.146682,22.146682,1,1,21.830069,21.830069,1,1,3.7314339,3.7314339,1,1,3.9981995,3.9981995,1,1,8.8146002,8.8146002,1,1,10.782123,10.782123,1,1,10.767373,10.767373,1,1,12.275123,12.275123
0b_baseline_best,file,13,baseline,2038,036.Northern_Flicker/Northern_Flicker_0118_28500.jpg,36,35,036.Northern_Flicker,24,23,horizontal_flip,horizontal_flip,0,"{""flipped"":true}",0.17508331,0.073904991,-0.10117832,0.83938712,0.92875993,0.020248977,0.0026366082,0.81913814,0.92612332,0.10698518,0.57806469,0.40975934,22.146682,9.0748098,False,0.94669038,True,True,True,0.57806469,0.40975934,22.146682,9.0748098,0.56688195,0.40910677,21.830069,8.9308291,0.94174102,0.43149992,3.7314339,1.6101134,0.36887186,0.31712686,3.9981995,1.2679364,0.50228992,0.36283441,8.8146002,3.1982403,0.50557969,0.37698275,10.782123,4.0646744,0.51022908,0.41422379,10.767373,4.4601021,0.69413991,0.4572913,12.275123,5.613307
0b_baseline_best,file,13,baseline,2038,036.Northern_Flicker/Northern_Flicker_0118_28500.jpg,36,35,036.Northern_Flicker,24,23,color_jitter,color_jitter,0,"{""brightness"":0.74871,""contrast"":0.73373,""hue"":0.096897,""saturation"":0.970558}",0.17508331,3.7288299,3.5537466,0.83938712,0.024020925,0.020248977,0.0024535772,0.81913814,0.021567348,-0.79757079,0.372629,6.3106697,22.146682,139.76039,False,0.75054467,False,True,False,0.372629,6.3106697,22.146682,139.76039,0.36316951,6.2810014,21.830069,137.1147,0.6567304,7.253313,3.7314339,27.065258,0.38144135,6.5342993,3.9981995,26.125432,0.3340512,6.4346392,8.8146002,56.718772,0.25238542,6.8931715,10.782123,74.323024,0.41922084,6.064757,10.767373,65.301501,0.43656586,5.8250364,12.275123,71.503039
0b_baseline_best,file,13,baseline,2038,036.Northern_Flicker/Northern_Flicker_0118_28500.jpg,36,35,036.Northern_Flicker,24,23,rotation,rotation,0,"{""angle"":-2.596345}",0.17508331,0.041896779,-0.13318653,0.83938712,0.95896876,0.020248977,0.0023371098,0.81913814,0.95663165,0.13749351,0.82212695,0.26363702,22.146682,5.8386853,False,0.97216964,True,True,True,0.82212695,0.26363702,22.146682,5.8386853,0.81761251,0.26303018,21.830069,5.7419671,0.96768487,0.28362528,3.7314339,1.058329,0.8165843,0.30701723,3.9981995,1.2275161,0.79041886,0.24756915,8.8146002,2.1822231,0.76471065,0.24121847,10.782123,2.6008472,0.79804472,0.26718405,10.767373,2.8768703,0.88530824,0.27818442,12.275123,3.414748
0b_baseline_best,file,13,baseline,2038,036.Northern_Flicker/Northern_Flicker_0118_28500.jpg,36,35,036.Northern_Flicker,24,23,random_resized_crop,random_resized_crop,0,"{""area_fraction"":0.678614,""aspect"":0.994921,""fallback"":false,""height"":0.825881,""left"":0.063965,""top"":0.132592,""width"":0.821686}",0.17508331,0.3025381,0.12745479,0.83938712,0.7389403,0.020248977,0.024605758,0.81913814,0.71433454,-0.1048036,0.70474853,1.7366317,22.146682,38.460631,False,0.94728678,True,True,True,0.70474853,1.7366317,22.146682,38.460631,0.69801107,1.7384646,21.830069,37.950804,0.94492407,1.6726882,3.7314339,6.2415256,0.81336766,2.6950193,3.9981995,10.775225,0.6950982,1.8409997,8.8146002,16.227677,0.68545476,1.8545215,10.782123,19.99568,0.65725258,1.6309626,10.767373,17.561183,0.74513817,1.5297279,12.275123,18.777598
0b_baseline_best,file,13,baseline,2038,036.Northern_Flicker/Northern_Flicker_0118_28500.jpg,36,35,036.Northern_Flicker,24,23,gaussian_blur,gaussian_blur,0,"{""sigma"":1.956087}",0.17508331,0.86759198,0.69250867,0.83938712,0.4199616,0.020248977,0.011241061,0.81913814,0.40872054,-0.4104176,0.49119981,3.9522307,22.146682,87.528796,False,0.79722846,True,True,True,0.49119981,3.9522307,22.146682,87.528796,0.48165376,3.932695,21.830069,85.851004,0.77769189,4.5708038,3.7314339,17.055652,0.54945962,4.1618653,3.9981995,16.639968,0.38247305,3.8752529,8.8146002,34.158805,0.45887203,4.720155,10.782123,50.893293,0.47563164,3.9159895,10.767373,42.16492,0.58442797,3.2162654,12.275123,39.480054
0b_baseline_best,file,13,baseline,2038,036.Northern_Flicker/Northern_Flicker_0118_28500.jpg,36,35,036.Northern_Flicker,24,23,random_erasing,random_erasing,0,"{""area_fraction"":0.080377,""erased"":true,""height"":0.469249,""left"":0.091988,""top"":0.10639,""width"":0.171288}",0.17508331,0.14307025,-0.032013059,0.83938712,0.8666932,0.020248977,0.0080959219,0.81913814,0.85859728,0.039459135,0.96428773,0.86837421,22.146682,19.231608,False,0.98662615,True,True,True,0.96428773,0.86837421,22.146682,19.231608,0.96374212,0.86915215,21.830069,18.973652,0.98407634,0.84131481,3.7314339,3.1393106,0.95584879,0.89254821,3.9981995,3.5685857,0.96496161,0.88799078,8.8146002,7.8272837,0.97265114,0.87058749,10.782123,9.3867816,0.95732853,0.87022372,10.767373,9.3700235,0.96227868,0.85476485,12.275123,10.492344
0b_baseline_best,file,13,baseline,6845,117.Clay_colored_Sparrow/Clay_Colored_Sparrow_0066_110819.jpg,117,116,117.Clay_colored_Sparrow,116,115,identity,identity,0,{},3.0480361,3.0480361,0,0.047452025,0.047452025,0.21937576,0.21937576,-0.17192373,-0.17192373,0,1,1,177.23951,177.23951,False,0.99999994,True,False,False,1,1,177.23951,177.23951,1,1,175.06247,175.06247,1,1,27.69431,27.69431,1,1,45.991145,45.991145,1,1,83.949151,83.949151,1,1,99.814876,99.814876,1,1,82.559692,82.559692,1,1,68.593817,68.593817
0b_baseline_best,file,13,baseline,6845,117.Clay_colored_Sparrow/Clay_Colored_Sparrow_0066_110819.jpg,117,116,117.Clay_colored_Sparrow,116,115,horizontal_flip,horizontal_flip,0,"{""flipped"":true}",3.0480361,1.7937957,-1.2542404,0.047452025,0.16632763,0.21937576,0.22433256,-0.17192373,-0.058004931,0.1139188,0.58984894,0.85340419,177.23951,151.25694,False,0.95017219,True,False,False,0.58984894,0.85340419,177.23951,151.25694,0.57989473,0.85044382,175.06247,148.8808,0.9451743,0.9642863,27.69431,26.705244,0.25203065,0.6306513,45.991145,29.004376,0.57370189,0.76228449,83.949151,63.993136,0.55470156,0.8446714,99.814876,84.310771,0.60186226,0.92980897,82.559692,76.764742,0.72045478,0.94794196,68.593817,65.022957
0b_baseline_best,file,13,baseline,6845,117.Clay_colored_Sparrow/Clay_Colored_Sparrow_0066_110819.jpg,117,116,117.Clay_colored_Sparrow,116,115,color_jitter,color_jitter,0,"{""brightness"":1.079067,""contrast"":1.327254,""hue"":-0.031102,""saturation"":1.004599}",3.0480361,2.4286942,-0.61934185,0.047452025,0.088151872,0.21937576,0.093419962,-0.17192373,-0.0052680895,0.16665564,0.60373879,0.93809953,177.23951,166.2683,False,0.90703094,False,False,False,0.60373879,0.93809953,177.23951,166.2683,0.5993071,0.93343067,175.06247,163.40868,0.76152745,1.1086845,27.69431,30.704253,0.73763479,0.79926767,45.991145,36.759236,0.5538768,0.77282042,83.949151,64.877618,0.56788062,0.94117603,99.814876,93.943369,0.63712206,1.0103242,82.559692,83.412051,0.63089235,1.0672395,68.593817,73.206032
0b_baseline_best,file,13,baseline,6845,117.Clay_colored_Sparrow/Clay_Colored_Sparrow_0066_110819.jpg,117,116,117.Clay_colored_Sparrow,116,115,rotation,rotation,0,"{""angle"":-4.641525}",3.0480361,4.3288622,1.2808261,0.047452025,0.013182539,0.21937576,0.23037922,-0.17192373,-0.21719669,-0.045272951,0.78654227,0.98928344,177.23951,175.34011,False,0.94990849,True,False,False,0.78654227,0.98928344,177.23951,175.34011,0.7825313,0.98796651,175.06247,172.95586,0.93974529,1.0405427,27.69431,28.817111,0.80182167,1.024153,45.991145,47.10197,0.77802074,0.90785689,83.949151,76.213815,0.76447377,1.015544,99.814876,101.3664,0.78612978,0.99654864,82.559692,82.274748,0.81790557,1.0144747,68.593817,69.586693
0b_baseline_best,file,13,baseline,6845,117.Clay_colored_Sparrow/Clay_Colored_Sparrow_0066_110819.jpg,117,116,117.Clay_colored_Sparrow,116,115,random_resized_crop,random_resized_crop,0,"{""area_fraction"":0.795081,""aspect"":1.095688,""fallback"":false,""height"":0.851848,""left"":0.038073,""top"":0.0244,""width"":0.93336}",3.0480361,3.6250751,0.577039,0.047452025,0.026647098,0.21937576,0.030496607,-0.17192373,-0.0038495082,0.16807423,0.78729189,1.1896273,177.23951,210.84897,False,0.96705967,False,False,False,0.78729189,1.1896273,177.23951,210.84897,0.78427018,1.1925868,175.06247,208.77719,0.92750371,1.0646619,27.69431,29.485077,0.81531056,1.317964,45.991145,60.614674,0.79918353,1.2190282,83.949151,102.33638,0.79041789,1.1946529,99.814876,119.24413,0.75053951,1.1355342,82.559692,93.749354,0.78317032,1.1692833,68.593817,80.205603
0b_baseline_best,file,13,baseline,6845,117.Clay_colored_Sparrow/Clay_Colored_Sparrow_0066_110819.jpg,117,116,117.Clay_colored_Sparrow,116,115,gaussian_blur,gaussian_blur,0,"{""sigma"":1.108901}",3.0480361,4.0116472,0.96361113,0.047452025,0.018103555,0.21937576,0.03290477,-0.17192373,-0.014801215,0.15712252,0.70211708,1.091647,177.23951,193.48298,False,0.93018305,False,False,False,0.70211708,1.091647,177.23951,193.48298,0.69807452,1.090443,175.06247,190.89565,0.85744442,1.1387152,27.69431,31.535931,0.67529026,0.95612994,45.991145,43.973511,0.66877823,1.120031,83.949151,94.025647,0.70282663,1.1062038,99.814876,110.41559,0.70906728,1.0932615,82.559692,90.259332,0.72984471,1.0641665,68.593817,72.995243
0b_baseline_best,file,13,baseline,6845,117.Clay_colored_Sparrow/Clay_Colored_Sparrow_0066_110819.jpg,117,116,117.Clay_colored_Sparrow,116,115,random_erasing,random_erasing,0,"{""area_fraction"":0.180389,""erased"":true,""height"":0.547703,""left"":0.231306,""top"":0.130586,""width"":0.329355}",3.0480361,7.2707872,4.2227511,0.047452025,0.0006955642,0.21937576,0.03793674,-0.17192373,-0.037241175,0.13468256,0.38282613,0.64607697,177.23951,114.51037,False,0.81057078,False,False,False,0.38282613,0.64607697,177.23951,114.51037,0.36966553,0.63459508,175.06247,111.09378,0.75481251,1.0024874,27.69431,27.763198,0.45892674,0.69440606,45.991145,31.93653,0.35894454,0.59573553,83.949151,50.011492,0.34834576,0.57520798,99.814876,57.414313,0.35888512,0.58408419,82.559692,48.221811,0.40808628,0.82455862,68.593817,56.559623
0b_baseline_best,file,13,baseline,7382,126.Nelson_Sharp_tailed_Sparrow/Nelson_Sharp_Tailed_Sparrow_0015_796922.jpg,126,125,126.Nelson_Sharp_tailed_Sparrow,124,123,identity,identity,0,{},1.2323158,1.2323158,0,0.29161647,0.29161647,0.69276017,0.69276017,-0.4011437,-0.4011437,0,1,1,150.9721,150.9721,False,1,True,False,False,1,1,150.9721,150.9721,1,1,147.76019,147.76019,1,1,30.975839,30.975839,1,1,28.343656,28.343656,1,1,77.723803,77.723803,1,1,83.253091,83.253091,1,1,64.643332,64.643332,1,1,62.280682,62.280682
0b_baseline_best,file,13,baseline,7382,126.Nelson_Sharp_tailed_Sparrow/Nelson_Sharp_Tailed_Sparrow_0015_796922.jpg,126,125,126.Nelson_Sharp_tailed_Sparrow,124,123,horizontal_flip,horizontal_flip,0,"{""flipped"":true}",1.2323158,0.96272802,-0.26958776,0.29161647,0.38184974,0.69276017,0.60140926,-0.4011437,-0.21955952,0.18158418,0.70850661,0.88077278,150.9721,132.97212,False,0.97404021,True,False,False,0.70850661,0.88077278,150.9721,132.97212,0.69801341,0.88398938,147.76019,130.61844,0.97405111,0.80411041,30.975839,24.907995,0.60166233,0.97151282,28.343656,27.536225,0.68742334,0.91273569,77.723803,70.941289,0.70026933,0.87756453,83.253091,73.05996,0.65132785,0.86858494,64.643332,56.148225,0.78826771,0.84656455,62.280682,52.724618
0b_baseline_best,file,13,baseline,7382,126.Nelson_Sharp_tailed_Sparrow/Nelson_Sharp_Tailed_Sparrow_0015_796922.jpg,126,125,126.Nelson_Sharp_tailed_Sparrow,124,123,color_jitter,color_jitter,0,"{""brightness"":0.756583,""contrast"":1.186714,""hue"":0.024177,""saturation"":0.918145}",1.2323158,0.49341252,-0.73890325,0.29161647,0.61053938,0.69276017,0.35819399,-0.4011437,0.25234538,0.65348908,0.88662627,0.53815333,150.9721,81.24614,False,0.97907108,False,False,True,0.88662627,0.53815333,150.9721,81.24614,0.88272832,0.53880714,147.76019,79.614245,0.97836767,0.52305531,30.975839,16.202077,0.67844496,0.79805607,28.343656,22.619827,0.8780162,0.54329561,77.723803,42.227001,0.9034511,0.50846502,83.253091,42.331284,0.90222111,0.53529603,64.643332,34.60332,0.9224701,0.52135529,62.280682,32.470363
0b_baseline_best,file,13,baseline,7382,126.Nelson_Sharp_tailed_Sparrow/Nelson_Sharp_Tailed_Sparrow_0015_796922.jpg,126,125,126.Nelson_Sharp_tailed_Sparrow,124,123,rotation,rotation,0,"{""angle"":-5.895056}",1.2323158,0.69084436,-0.54147142,0.29161647,0.50115275,0.69276017,0.49032852,-0.4011437,0.010824233,0.41196793,0.85761775,0.85428978,150.9721,128.97392,False,0.97475815,False,False,True,0.85761775,0.85428978,150.9721,128.97392,0.85400209,0.8602864,147.76019,127.11608,0.97477786,0.70417047,30.975839,21.812271,0.85957738,1.0586664,28.343656,30.006475,0.87228877,0.93365931,77.723803,72.567552,0.8481352,0.84270496,83.253091,70.157792,0.83568616,0.81448872,64.643332,52.651265,0.86799784,0.76966482,62.280682,47.93525
0b_baseline_best,file,13,baseline,7382,126.Nelson_Sharp_tailed_Sparrow/Nelson_Sharp_Tailed_Sparrow_0015_796922.jpg,126,125,126.Nelson_Sharp_tailed_Sparrow,124,123,random_resized_crop,random_resized_crop,0,"{""area_fraction"":0.713158,""aspect"":1.316075,""fallback"":false,""height"":0.736127,""left"":0.026699,""top"":0.100924,""width"":0.968798}",1.2323158,1.0713139,-0.16100192,0.29161647,0.34255818,0.69276017,0.63079226,-0.4011437,-0.28823408,0.11290962,0.80081081,0.93794689,150.9721,141.60381,False,0.96307081,True,False,False,0.80081081,0.93794689,150.9721,141.60381,0.79457693,0.94176905,147.76019,139.15597,0.96305966,0.84632285,30.975839,26.215561,0.85795851,1.0187378,28.343656,28.874755,0.80243363,0.87618054,77.723803,68.100083,0.79053324,0.98322579,83.253091,81.856586,0.77547301,0.97504541,64.643332,63.030185,0.80403567,0.91107646,62.280682,56.742464
0b_baseline_best,file,13,baseline,7382,126.Nelson_Sharp_tailed_Sparrow/Nelson_Sharp_Tailed_Sparrow_0015_796922.jpg,126,125,126.Nelson_Sharp_tailed_Sparrow,124,123,gaussian_blur,gaussian_blur,0,"{""sigma"":1.963424}",1.2323158,0.25524017,-0.97707561,0.29161647,0.77473038,0.69276017,0.13032316,-0.4011437,0.64440723,1.0455509,0.42746462,0.25667822,150.9721,38.751251,False,0.8047446,False,False,True,0.42746462,0.25667822,150.9721,38.751251,0.41420576,0.25791047,147.76019,38.108899,0.7738885,0.22683709,30.975839,7.0264692,0.21225719,0.24706145,28.343656,7.0026246,0.40762774,0.19843428,77.723803,15.423067,0.40362843,0.26837415,83.253091,22.342978,0.40179433,0.2987249,64.643332,19.310573,0.51497498,0.2749686,62.280682,17.125232
0b_baseline_best,file,13,baseline,7382,126.Nelson_Sharp_tailed_Sparrow/Nelson_Sharp_Tailed_Sparrow_0015_796922.jpg,126,125,126.Nelson_Sharp_tailed_Sparrow,124,123,random_erasing,random_erasing,0,"{""area_fraction"":0.079635,""erased"":true,""height"":0.380533,""left"":0.164332,""top"":0.561869,""width"":0.209273}",1.2323158,0.94194067,-0.29037511,0.29161647,0.38987049,0.69276017,0.58811063,-0.4011437,-0.19824013,0.20290357,0.96271121,0.85138037,150.9721,128.53468,False,0.99562001,True,False,False,0.96271121,0.85138037,150.9721,128.53468,0.96129039,0.85187944,147.76019,125.87387,0.99559248,0.83994397,30.975839,26.017969,0.96593664,0.7992299,28.343656,22.653097,0.95704534,0.83993945,77.723803,65.283288,0.96976711,0.8665038,83.253091,72.139119,0.95501047,0.85269849,64.643332,55.121272,0.95905896,0.85367105,62.280682,53.167216
0b_baseline_best,file,13,baseline,3016,053.Western_Grebe/Western_Grebe_0046_36118.jpg,53,52,053.Western_Grebe,86,85,identity,identity,0,{},0.26403424,0.26403424,0,0.76794726,0.76794726,0.07476601,0.07476601,0.69318125,0.69318125,0,1,1,35.587738,35.587738,False,1,True,True,True,1,1,35.587738,35.587738,1,1,34.88943,34.88943,1,1,7.0153218,7.0153218,1,1,6.3968967,6.3968967,1,1,14.120618,14.120618,1,1,16.770098,16.770098,1,1,18.92323,18.92323,1,1,18.374857,18.374857
0b_baseline_best,file,13,baseline,3016,053.Western_Grebe/Western_Grebe_0046_36118.jpg,53,52,053.Western_Grebe,86,85,horizontal_flip,horizontal_flip,0,"{""flipped"":true}",0.26403424,0.06272991,-0.20130433,0.76794726,0.93919712,0.07476601,0.013883823,0.69318125,0.9253133,0.23213205,0.66634766,0.29305241,35.587738,10.429072,False,0.96925223,True,True,True,0.66634766,0.29305241,35.587738,10.429072,0.6549902,0.29356036,34.88943,10.242153,0.96135707,0.280196,7.0153218,1.9656651,0.44172154,0.31642298,6.3968967,2.0241251,0.65918231,0.28508591,14.120618,4.0255891,0.60125068,0.30972046,16.770098,5.1940425,0.62867272,0.29540739,18.92323,5.5900619,0.76293388,0.27948001,18.374857,5.1354054
0b_baseline_best,file,13,baseline,3016,053.Western_Grebe/Western_Grebe_0046_36118.jpg,53,52,053.Western_Grebe,86,85,color_jitter,color_jitter,0,"{""brightness"":0.819906,""contrast"":0.928132,""hue"":-0.08343,""saturation"":1.259292}",0.26403424,0.82848716,0.56445292,0.76794726,0.43670946,0.07476601,0.02239367,0.69318125,0.41431579,-0.27886545,0.73450352,2.6513188,35.587738,94.354438,False,0.94676948,True,True,True,0.73450352,2.6513188,35.587738,94.354438,0.72905144,2.6640899,34.88943,92.948579,0.89690817,2.3131061,7.0153218,16.227184,0.75648175,3.5071989,6.3968967,22.435189,0.69234183,2.9046224,14.120618,41.015062,0.74352998,2.7853239,16.770098,46.710154,0.73793361,2.6059694,18.92323,49.313358,0.7404683,2.3345912,18.374857,42.897781
0b_baseline_best,file,13,baseline,3016,053.Western_Grebe/Western_Grebe_0046_36118.jpg,53,52,053.Western_Grebe,86,85,rotation,rotation,0,"{""angle"":13.139183}",0.26403424,0.49011052,0.22607628,0.76794726,0.61255872,0.07476601,0.03058018,0.69318125,0.58197854,-0.1112027,0.68202631,2.1964313,35.587738,78.166022,False,0.9483242,True,True,True,0.68202631,2.1964313,35.587738,78.166022,0.67616357,2.2105178,34.88943,77.123705,0.87175024,1.8135252,7.0153218,12.722463,0.74833961,2.3668945,6.3968967,15.14078,0.69084924,2.2382683,14.120618,31.605731,0.61305592,2.3795618,16.770098,39.905485,0.686185,2.2269135,18.92323,42.140396,0.71226483,2.000813,18.374857,36.764653
0b_baseline_best,file,13,baseline,3016,053.Western_Grebe/Western_Grebe_0046_36118.jpg,53,52,053.Western_Grebe,86,85,random_resized_crop,random_resized_crop,0,"{""area_fraction"":0.529722,""aspect"":0.858814,""fallback"":false,""height"":0.78537,""left"":0.220809,""top"":0.045667,""width"":0.674487}",0.26403424,0.18177319,-0.082261056,0.76794726,0.83379042,0.07476601,0.023464952,0.69318125,0.81032547,0.11714422,0.67714685,0.90009092,35.587738,32.0322,False,0.93974292,True,True,True,0.67714685,0.90009092,35.587738,32.0322,0.66971373,0.9047219,34.88943,31.565231,0.8988856,0.77681188,7.0153218,5.4495854,0.50087339,0.91921404,6.3968967,5.8801173,0.72757468,0.96946353,14.120618,13.689424,0.62944168,0.94606804,16.770098,15.865654,0.65019913,0.88013776,18.92323,16.655049,0.71469772,0.85232535,18.374857,15.661357
0b_baseline_best,file,13,baseline,3016,053.Western_Grebe/Western_Grebe_0046_36118.jpg,53,52,053.Western_Grebe,86,85,gaussian_blur,gaussian_blur,0,"{""sigma"":1.58686}",0.26403424,1.6227047,1.3586705,0.76794726,0.19736415,0.07476601,0.57331699,0.69318125,-0.37595284,-1.0691341,0.33406564,3.9284468,35.587738,139.80453,False,0.84148419,False,True,False,0.33406564,3.9284468,35.587738,139.80453,0.31253089,3.8985009,34.88943,136.01648,0.78919359,4.6075957,7.0153218,32.323767,-0.20390646,7.5237048,6.3968967,48.128363,0.18199046,4.1382378,14.120618,58.434473,0.2404314,3.9858604,16.770098,66.84327,0.40965575,3.3300354,18.92323,63.015025,0.52739536,3.5813931,18.374857,65.807588
0b_baseline_best,file,13,baseline,3016,053.Western_Grebe/Western_Grebe_0046_36118.jpg,53,52,053.Western_Grebe,86,85,random_erasing,random_erasing,0,"{""area_fraction"":0.080948,""erased"":true,""height"":0.209206,""left"":0.405272,""top"":0.445547,""width"":0.386929}",0.26403424,0.6231488,0.35911456,0.76794726,0.53625321,0.07476601,0.098308176,0.69318125,0.43794504,-0.25523621,0.76624965,1.7563347,35.587738,62.503978,False,0.97252649,True,True,True,0.76624965,1.7563347,35.587738,62.503978,0.75779345,1.747014,34.88943,60.952322,0.95688028,1.9729079,7.0153218,13.840584,0.74599443,1.8333154,6.3968967,11.727529,0.65613849,1.4949156,14.120618,21.109131,0.73067333,1.7174146,16.770098,28.801212,0.76337869,1.8020472,18.92323,34.100553,0.82933705,1.837261,18.374857,33.759409
0b_baseline_best,file,13,baseline,5196,089.Hooded_Merganser/Hooded_Merganser_0032_79032.jpg,89,88,089.Hooded_Merganser,90,89,identity,identity,0,{},0.00035541895,0.00035541895,0,0.99964464,0.99964464,9.5345815e-05,9.5345815e-05,0.99954929,0.99954929,0,1,1,0.042680673,0.042680673,False,1,True,True,True,1,1,0.042680673,0.042680673,1,1,0.041250069,0.041250069,1,1,0.010957721,0.010957721,1,1,0.0084657534,0.0084657534,1,1,0.016477039,0.016477039,1,1,0.018933566,0.018933566,1,1,0.018511476,0.018511476,1,1,0.025636921,0.025636921
0b_baseline_best,file,13,baseline,5196,089.Hooded_Merganser/Hooded_Merganser_0032_79032.jpg,89,88,089.Hooded_Merganser,90,89,horizontal_flip,horizontal_flip,0,"{""flipped"":true}",0.00035541895,0.0010409895,0.00068557059,0.99964464,0.99895954,9.5345815e-05,0.00018374166,0.99954929,0.9987758,-0.00077349164,0.73420851,2.796381,0.042680673,0.11935142,False,0.98865867,True,True,True,0.73420851,2.796381,0.042680673,0.11935142,0.71784225,2.8078793,0.041250069,0.11582522,0.98352037,2.628033,0.010957721,0.028797253,0.86064742,2.7305511,0.0084657534,0.023116172,0.73772326,2.7534258,0.016477039,0.045368305,0.65369054,2.7463864,0.018933566,0.051998887,0.60443226,2.7687885,0.018511476,0.051254361,0.78570248,2.8906617,0.025636921,0.074107666
0b_baseline_best,file,13,baseline,5196,089.Hooded_Merganser/Hooded_Merganser_0032_79032.jpg,89,88,089.Hooded_Merganser,90,89,color_jitter,color_jitter,0,"{""brightness"":0.984784,""contrast"":1.222763,""hue"":-0.081034,""saturation"":0.854578}",0.00035541895,0.013181804,0.012826385,0.99964464,0.98690468,9.5345815e-05,0.0031573072,0.99954929,0.98374737,-0.015801918,0.66293297,40.502819,0.042680673,1.7286876,False,0.93196821,True,True,True,0.66293297,40.502819,0.042680673,1.7286876,0.65076801,41.088907,0.041250069,1.6949202,0.91617112,31.02917,0.010957721,0.340009,0.53032938,37.929765,0.0084657534,0.32110404,0.5884158,40.002509,0.016477039,0.6591229,0.63512342,43.992176,0.018933566,0.83292876,0.61129367,47.474925,0.018511476,0.87883092,0.74083023,36.363563,0.025636921,0.93224979
0b_baseline_best,file,13,baseline,5196,089.Hooded_Merganser/Hooded_Merganser_0032_79032.jpg,89,88,089.Hooded_Merganser,90,89,rotation,rotation,0,"{""angle"":-2.432155}",0.00035541895,0.0001948882,-0.00016053075,0.99964464,0.99980515,9.5345815e-05,7.647946e-05,0.99954929,0.99972867,0.00017938166,0.86593538,0.54977242,0.042680673,0.023464657,False,0.99120396,True,True,True,0.86593538,0.54977242,0.042680673,0.023464657,0.85706603,0.54615074,0.041250069,0.022528755,0.98398358,0.59874595,0.010957721,0.0065608912,0.89526658,0.56192372,0.0084657534,0.0047571076,0.85703082,0.50574416,0.016477039,0.0083331663,0.82114609,0.51611137,0.018933566,0.0097718286,0.80708902,0.5458045,0.018511476,0.010103647,0.89809829,0.57578921,0.025636921,0.014761462
0b_baseline_best,file,13,baseline,5196,089.Hooded_Merganser/Hooded_Merganser_0032_79032.jpg,89,88,089.Hooded_Merganser,90,89,random_resized_crop,random_resized_crop,0,"{""area_fraction"":0.84825,""aspect"":1.087848,""fallback"":false,""height"":0.883035,""left"":0.021165,""top"":0.055037,""width"":0.960608}",0.00035541895,0.00026913834,-8.6280605e-05,0.99964464,0.99973089,9.5345815e-05,9.3941278e-05,0.99954929,0.99963694,8.7652457e-05,0.8144846,0.74582988,0.042680673,0.031832521,False,0.99305129,True,True,True,0.8144846,0.74582988,0.042680673,0.031832521,0.80145313,0.7424722,0.041250069,0.030627029,0.98920675,0.79188351,0.010957721,0.0086772388,0.84913195,0.87153614,0.0084657534,0.00737821,0.76877729,0.75821455,0.016477039,0.012493131,0.72359081,0.6517309,0.018933566,0.01233959,0.73271401,0.73149404,0.018511476,0.013541034,0.88377475,0.77215965,0.025636921,0.019795796
0b_baseline_best,file,13,baseline,5196,089.Hooded_Merganser/Hooded_Merganser_0032_79032.jpg,89,88,089.Hooded_Merganser,90,89,gaussian_blur,gaussian_blur,0,"{""sigma"":1.14277}",0.00035541895,0.00052891095,0.00017349201,0.99964464,0.99947125,9.5345815e-05,0.0001292715,0.99954929,0.99934198,-0.0002073156,0.63983482,1.4541614,0.042680673,0.062064585,False,0.97446036,True,True,True,0.63983482,1.4541614,0.042680673,0.062064585,0.61546898,1.4499218,0.041250069,0.059809373,0.97128167,1.5129649,0.010957721,0.016578648,0.61003902,1.3595606,0.0084657534,0.011509705,0.53543701,1.5488466,0.016477039,0.025520406,0.3318557,1.3694266,0.018933566,0.025928128,0.56921035,1.4409908,0.018511476,0.026674866,0.82062809,1.4644652,0.025636921,0.037544379
0b_baseline_best,file,13,baseline,5196,089.Hooded_Merganser/Hooded_Merganser_0032_79032.jpg,89,88,089.Hooded_Merganser,90,89,random_erasing,random_erasing,0,"{""area_fraction"":0.159876,""erased"":true,""height"":0.32934,""left"":0.501181,""top"":0.523378,""width"":0.485444}",0.00035541895,0.00033384949,-2.156946e-05,0.99964464,0.99966621,9.5345815e-05,7.377869e-05,0.99954929,0.99959244,4.3144006e-05,0.94887998,0.90981702,0.042680673,0.038831602,False,0.99487185,True,True,True,0.94887998,0.90981702,0.042680673,0.038831602,0.94576254,0.90794746,0.041250069,0.037452895,0.99214497,0.93590963,0.010957721,0.010255437,0.97217411,0.86256909,0.0084657534,0.0073022972,0.95570173,0.89836758,0.016477039,0.014802438,0.94374804,0.88841259,0.018933566,0.016820818,0.92212848,0.92159909,0.018511476,0.017060159,0.95286155,0.91999739,0.025636921,0.0235859
0b_baseline_best,file,13,baseline,4439,077.Tropical_Kingbird/Tropical_Kingbird_0102_69654.jpg,77,76,077.Tropical_Kingbird,20,19,identity,identity,0,{},0.17618878,0.17618878,0,0.83845967,0.83845967,0.024785636,0.024785636,0.81367403,0.81367403,0,1,1,26.538169,26.538169,False,0.99999994,True,True,True,1,1,26.538169,26.538169,1,1,26.193003,26.193003,1,1,4.2662679,4.2662679,1,1,6.2852091,6.2852091,1,1,12.24918,12.24918,1,1,14.554165,14.554165,1,1,12.738307,12.738307,1,1,11.065215,11.065215
0b_baseline_best,file,13,baseline,4439,077.Tropical_Kingbird/Tropical_Kingbird_0102_69654.jpg,77,76,077.Tropical_Kingbird,20,19,horizontal_flip,horizontal_flip,0,"{""flipped"":true}",0.17618878,0.064554781,-0.111634,0.83845967,0.93748474,0.024785636,0.026290478,0.81367403,0.91119426,0.097520228,0.70245112,0.38080742,26.538169,10.105932,False,0.97253156,True,True,True,0.70245112,0.38080742,26.538169,10.105932,0.69551053,0.37964201,26.193003,9.9439642,0.94147822,0.42239803,4.2662679,1.8020632,0.68853332,0.33351548,6.2852091,2.0962145,0.68646783,0.39609623,12.24918,4.8518539,0.64044806,0.3593894,14.554165,5.2306125,0.71938735,0.37238516,12.738307,4.7435563,0.76872468,0.41500134,11.065215,4.592079
0b_baseline_best,file,13,baseline,4439,077.Tropical_Kingbird/Tropical_Kingbird_0102_69654.jpg,77,76,077.Tropical_Kingbird,20,19,color_jitter,color_jitter,0,"{""brightness"":0.749802,""contrast"":1.166438,""hue"":-0.093516,""saturation"":1.099221}",0.17618878,3.001734,2.8255452,0.83845967,0.049700812,0.024785636,0.0062178299,0.81367403,0.043482982,-0.77019105,0.42639036,4.3060431,26.538169,114.2745,False,0.79757583,False,True,False,0.42639036,4.3060431,26.538169,114.2745,0.41465357,4.247741,26.193003,111.26109,0.76134905,6.1106665,4.2662679,26.06974,0.35024332,4.9444653,6.2852091,31.076998,0.42433081,4.6668162,12.24918,57.164669,0.31073905,3.7140413,14.554165,54.054768,0.50838597,4.1030496,12.738307,52.265903,0.47059475,4.5112562,11.065215,49.918019
0b_baseline_best,file,13,baseline,4439,077.Tropical_Kingbird/Tropical_Kingbird_0102_69654.jpg,77,76,077.Tropical_Kingbird,20,19,rotation,rotation,0,"{""angle"":3.578199}",0.17618878,0.29727083,0.12108205,0.83845967,0.74284279,0.024785636,0.042420708,0.81367403,0.70042209,-0.11325195,0.86143726,1.6447719,26.538169,43.649235,False,0.96585977,True,True,True,0.86143726,1.6447719,26.538169,43.649235,0.85885971,1.6467169,26.193003,43.132461,0.96432722,1.5696991,4.2662679,6.6967569,0.8603306,1.7356294,6.2852091,10.908793,0.84419447,1.7839193,12.24918,21.851547,0.86748919,1.6643462,14.554165,24.223168,0.86522769,1.5714415,12.738307,20.017503,0.86373118,1.502631,11.065215,16.626935
0b_baseline_best,file,13,baseline,4439,077.Tropical_Kingbird/Tropical_Kingbird_0102_69654.jpg,77,76,077.Tropical_Kingbird,20,19,random_resized_crop,random_resized_crop,0,"{""area_fraction"":0.773848,""aspect"":1.017815,""fallback"":false,""height"":0.871953,""left"":0.033028,""top"":0.036296,""width"":0.887488}",0.17618878,0.31007835,0.13388957,0.83845967,0.7333895,0.024785636,0.024456937,0.81367403,0.70893256,-0.10474147,0.78961173,1.8112051,26.538169,48.066069,False,0.95199025,True,True,True,0.78961173,1.8112051,26.538169,48.066069,0.78582051,1.8150209,26.193003,47.540848,0.94880434,1.6609909,4.2662679,7.0862319,0.75666905,1.7945876,6.2852091,11.279358,0.75870901,1.9281445,12.24918,23.618188,0.80845562,1.8625686,14.554165,27.10813,0.78598106,1.7515422,12.738307,22.311681,0.79626256,1.6723401,11.065215,18.504802
0b_baseline_best,file,13,baseline,4439,077.Tropical_Kingbird/Tropical_Kingbird_0102_69654.jpg,77,76,077.Tropical_Kingbird,20,19,gaussian_blur,gaussian_blur,0,"{""sigma"":1.366566}",0.17618878,0.43389821,0.25770943,0.83845967,0.64797819,0.024785636,0.015474862,0.81367403,0.63250332,-0.18117071,0.69075741,1.9926318,26.538169,52.880799,False,0.92323035,True,True,True,0.69075741,1.9926318,26.538169,52.880799,0.68466069,1.9891333,26.193003,52.101374,0.90772166,2.1202985,4.2662679,9.0457614,0.64753179,2.1245177,6.2852091,13.353038,0.656265,1.9037144,12.24918,23.318939,0.65053363,1.8281892,14.554165,26.607767,0.71218796,2.1630364,12.738307,27.553421,0.7517926,2.0713284,11.065215,22.919693
0b_baseline_best,file,13,baseline,4439,077.Tropical_Kingbird/Tropical_Kingbird_0102_69654.jpg,77,76,077.Tropical_Kingbird,20,19,random_erasing,random_erasing,0,"{""area_fraction"":0.067507,""erased"":true,""height"":0.163621,""left"":0.479678,""top"":0.683647,""width"":0.412585}",0.17618878,0.13175599,-0.044432789,0.83845967,0.87655485,0.024785636,0.021063318,0.81367403,0.85549153,0.041817494,0.96905821,0.79698938,26.538169,21.150639,False,0.98811376,True,True,True,0.96905821,0.79698938,26.538169,21.150639,0.96860495,0.79781362,26.193003,20.897134,0.98768937,0.76527332,4.2662679,3.264861,0.98038177,0.81241027,6.2852091,5.1061684,0.97808808,0.80973249,12.24918,9.9185587,0.97789127,0.79969998,14.554165,11.638965,0.95982864,0.79668783,12.738307,10.148454,0.94845155,0.77627898,11.065215,8.5896937
0b_baseline_best,file,13,baseline,11759,200.Common_Yellowthroat/Common_Yellowthroat_0088_190594.jpg,200,199,200.Common_Yellowthroat,168,167,identity,identity,0,{},0.43863508,0.43863508,0,0.64491612,0.64491612,0.086108595,0.086108595,0.55880752,0.55880752,0,1,1,59.30326,59.30326,False,1,True,True,True,1,1,59.30326,59.30326,1,1,58.441403,58.441403,1,1,10.073678,10.073678,1,1,21.624973,21.624973,1,1,25.663822,25.663822,1,1,29.638069,29.638069,1,1,27.357446,27.357446,1,1,25.734828,25.734828
0b_baseline_best,file,13,baseline,11759,200.Common_Yellowthroat/Common_Yellowthroat_0088_190594.jpg,200,199,200.Common_Yellowthroat,168,167,horizontal_flip,horizontal_flip,0,"{""flipped"":true}",0.43863508,0.056090463,-0.38254462,0.64491612,0.94545358,0.086108595,0.0058377418,0.55880752,0.93961584,0.38080832,0.4858284,0.1436074,59.30326,8.5163872,False,0.95349729,True,True,True,0.4858284,0.1436074,59.30326,8.5163872,0.47123867,0.14254359,58.441403,8.3304474,0.89449209,0.17569414,10.073678,1.7698862,0.048510968,0.085199445,21.624973,1.8424357,0.35028497,0.13225126,25.663822,3.3940728,0.54136028,0.15587097,29.638069,4.6197145,0.49262647,0.14989057,27.357446,4.1006231,0.65000974,0.15700292,25.734828,4.0404433
0b_baseline_best,file,13,baseline,11759,200.Common_Yellowthroat/Common_Yellowthroat_0088_190594.jpg,200,199,200.Common_Yellowthroat,168,167,color_jitter,color_jitter,0,"{""brightness"":1.006242,""contrast"":0.600444,""hue"":0.006174,""saturation"":0.904586}",0.43863508,1.2972509,0.85861579,0.64491612,0.27328205,0.086108595,0.16052012,0.55880752,0.11276193,-0.44604559,0.77421827,2.1576717,59.30326,127.95697,False,0.94365728,True,True,True,0.77421827,2.1576717,59.30326,127.95697,0.76982632,2.1588636,58.441403,126.16702,0.92508903,2.1171674,10.073678,21.327663,0.80427467,1.5951468,21.624973,34.495005,0.6970875,2.574887,25.663822,66.081442,0.81013394,2.3951924,29.638069,70.988878,0.78276004,1.9365957,27.357446,52.980314,0.81746257,1.9487585,25.734828,50.150964
0b_baseline_best,file,13,baseline,11759,200.Common_Yellowthroat/Common_Yellowthroat_0088_190594.jpg,200,199,200.Common_Yellowthroat,168,167,rotation,rotation,0,"{""angle"":10.735906}",0.43863508,0.22540388,-0.21323121,0.64491612,0.79819381,0.086108595,0.032689799,0.55880752,0.76550401,0.20669649,0.65855827,0.55366497,59.30326,32.834137,False,0.94523191,True,True,True,0.65855827,0.55366497,59.30326,32.834137,0.65002703,0.55243412,58.441403,32.285025,0.92742239,0.59360419,10.073678,5.9797776,0.5047125,0.36585932,21.624973,7.9116979,0.57220175,0.55571573,25.663822,14.26179,0.65456811,0.56523912,29.638069,16.752596,0.67849303,0.58201898,27.357446,15.922553,0.77440043,0.60467611,25.734828,15.561236
0b_baseline_best,file,13,baseline,11759,200.Common_Yellowthroat/Common_Yellowthroat_0088_190594.jpg,200,199,200.Common_Yellowthroat,168,167,random_resized_crop,random_resized_crop,0,"{""area_fraction"":0.737135,""aspect"":0.836664,""fallback"":false,""height"":0.938638,""left"":0.111125,""top"":0.026367,""width"":0.785324}",0.43863508,2.1868775,1.7482424,0.64491612,0.11226678,0.086108595,0.13587639,0.55880752,-0.023609608,-0.58241713,0.7538321,2.3310031,59.30326,138.23608,False,0.94151413,False,True,False,0.7538321,2.3310031,59.30326,138.23608,0.74814786,2.32198,58.441403,135.69977,0.92881065,2.616603,10.073678,26.358816,0.81810939,1.7477022,21.624973,37.794012,0.68526017,2.3833444,25.663822,61.165726,0.71836826,2.3928622,29.638069,70.919815,0.76009203,2.3343678,27.357446,63.862341,0.81617144,2.4992498,25.734828,64.317765
0b_baseline_best,file,13,baseline,11759,200.Common_Yellowthroat/Common_Yellowthroat_0088_190594.jpg,200,199,200.Common_Yellowthroat,168,167,gaussian_blur,gaussian_blur,0,"{""sigma"":1.345901}",0.43863508,0.92960745,0.49097237,0.64491612,0.3947086,0.086108595,0.059026677,0.55880752,0.33568193,-0.2231256,0.70258114,1.6871796,59.30326,100.05525,False,0.92402089,True,True,True,0.70258114,1.6871796,59.30326,100.05525,0.6963176,1.686115,58.441403,98.538928,0.9090766,1.7226262,10.073678,17.353182,0.40767743,0.95067689,21.624973,20.558362,0.63000654,1.6552892,25.663822,42.481047,0.73955318,1.8823792,29.638069,55.790084,0.75351336,1.7516204,27.357446,47.919861,0.79453253,1.7695422,25.734828,45.538864
0b_baseline_best,file,13,baseline,11759,200.Common_Yellowthroat/Common_Yellowthroat_0088_190594.jpg,200,199,200.Common_Yellowthroat,168,167,random_erasing,random_erasing,0,"{""area_fraction"":0.171578,""erased"":true,""height"":0.311737,""left"":0.38604,""top"":0.315245,""width"":0.550395}",0.43863508,1.7383519,1.2997169,0.64491612,0.1758099,0.086108595,0.071198568,0.55880752,0.10461134,-0.45419618,0.47456569,1.562308,59.30326,92.649955,False,0.87402475,True,True,True,0.47456569,1.562308,59.30326,92.649955,0.46146612,1.5520615,58.441403,90.704654,0.8477511,1.8747839,10.073678,18.885969,0.18712485,0.78948537,21.624973,17.072599,0.26963164,1.4577659,25.663822,37.411844,0.544373,1.5618319,29.638069,46.289683,0.5048061,1.6413824,27.357446,44.904032,0.59873484,1.8945373,25.734828,48.755593
0b_baseline_best,file,13,baseline,11421,194.Cactus_Wren/Cactus_Wren_0034_185817.jpg,194,193,194.Cactus_Wren,36,35,identity,identity,0,{},0.062741555,0.062741555,0,0.93918616,0.93918616,0.02073808,0.02073808,0.91844808,0.91844808,0,1,1,9.9506372,9.9506372,False,1.0000001,True,True,True,1,1,9.9506372,9.9506372,1,1,9.7874268,9.7874268,1,1,1.794842,1.794842,1,1,2.3414525,2.3414525,1,1,3.6412917,3.6412917,1,1,4.9254575,4.9254575,1,1,5.3008514,5.3008514,1,1,4.9692214,4.9692214
0b_baseline_best,file,13,baseline,11421,194.Cactus_Wren/Cactus_Wren_0034_185817.jpg,194,193,194.Cactus_Wren,36,35,horizontal_flip,horizontal_flip,0,"{""flipped"":true}",0.062741555,0.038739022,-0.024002533,0.93918616,0.96200174,0.02073808,0.0072905812,0.91844808,0.95471116,0.036263084,0.61403311,0.54851656,9.9506372,5.4580893,False,0.95544493,True,True,True,0.61403311,0.54851656,9.9506372,5.4580893,0.60179115,0.54423007,9.7874268,5.326612,0.92425441,0.66344234,1.794842,1.1907742,0.36733752,0.41040117,2.3414525,0.96093483,0.47866814,0.5257814,3.6412917,1.9145234,0.54797201,0.57563566,4.9254575,2.835269,0.61680959,0.50514596,5.3008514,2.6777037,0.74237611,0.58929476,4.9692214,2.9283361
0b_baseline_best,file,13,baseline,11421,194.Cactus_Wren/Cactus_Wren_0034_185817.jpg,194,193,194.Cactus_Wren,36,35,color_jitter,color_jitter,0,"{""brightness"":0.977277,""contrast"":0.874875,""hue"":-0.032051,""saturation"":1.359444}",0.062741555,0.90701503,0.84427347,0.93918616,0.40372753,0.02073808,0.068384849,0.91844808,0.33534268,-0.58310539,0.78212809,9.0769181,9.9506372,90.32112,False,0.94788778,True,True,True,0.78212809,9.0769181,9.9506372,90.32112,0.77750928,9.061873,9.7874268,88.692418,0.91384805,9.5134363,1.794842,17.075115,0.86795772,8.7339861,2.3414525,20.450213,0.72954044,11.331658,3.6412917,41.261873,0.74117024,9.5258728,4.9254575,46.919282,0.80232368,8.3793472,5.3008514,44.417674,0.83040926,7.9768848,4.9692214,39.638907
0b_baseline_best,file,13,baseline,11421,194.Cactus_Wren/Cactus_Wren_0034_185817.jpg,194,193,194.Cactus_Wren,36,35,rotation,rotation,0,"{""angle"":0.589683}",0.062741555,0.07109426,0.0083527043,0.93918616,0.93137407,0.02073808,0.033983406,0.91844808,0.89739067,-0.021057408,0.87403246,1.2054528,9.9506372,11.995024,False,0.97875845,True,True,True,0.87403246,1.2054528,9.9506372,11.995024,0.87114741,1.2063593,9.7874268,11.807153,0.96211106,1.1781794,1.794842,2.1146459,0.91194656,1.1544651,2.3414525,2.7031251,0.81718871,1.28631,3.6412917,4.68383,0.84345299,1.2174988,4.9254575,5.9967387,0.88750563,1.1914431,5.3008514,6.3156631,0.9047597,1.178841,4.9692214,5.8579219
0b_baseline_best,file,13,baseline,11421,194.Cactus_Wren/Cactus_Wren_0034_185817.jpg,194,193,194.Cactus_Wren,36,35,random_resized_crop,random_resized_crop,0,"{""area_fraction"":0.677333,""aspect"":1.187123,""fallback"":false,""height"":0.755359,""left"":0.024833,""top"":0.090078,""width"":0.896704}",0.062741555,0.14239442,0.079652868,0.93918616,0.86727911,0.02073808,0.095592842,0.91844808,0.77168627,-0.1467618,0.67029369,2.2212749,9.9506372,22.103101,False,0.96610755,True,True,True,0.67029369,2.2212749,9.9506372,22.103101,0.66170346,2.213226,9.7874268,21.661787,0.90448558,2.448558,1.794842,4.3947747,0.69481311,1.8656463,2.3414525,4.368322,0.56531308,2.1947137,3.6412917,7.9915929,0.60317064,2.2824145,4.9254575,11.241936,0.67761493,2.1126645,5.3008514,11.198921,0.74804962,2.3337475,4.9692214,11.596908
0b_baseline_best,file,13,baseline,11421,194.Cactus_Wren/Cactus_Wren_0034_185817.jpg,194,193,194.Cactus_Wren,36,35,gaussian_blur,gaussian_blur,0,"{""sigma"":1.826454}",0.062741555,3.9075103,3.8447687,0.93918616,0.020090457,0.02073808,0.037106991,0.91844808,-0.017016534,-0.93546461,0.33122832,13.648202,9.9506372,135.80831,False,0.70145333,False,True,False,0.33122832,13.648202,9.9506372,135.80831,0.31962984,13.596429,9.7874268,133.07405,0.64341133,15.106882,1.794842,27.114467,0.30141714,12.810617,2.3414525,29.995452,0.20269785,18.246815,3.6412917,66.441977,0.29842031,15.432554,4.9254575,76.012386,0.36867766,11.275809,5.3008514,59.771387,0.42877963,11.102725,4.9692214,55.171897
0b_baseline_best,file,13,baseline,11421,194.Cactus_Wren/Cactus_Wren_0034_185817.jpg,194,193,194.Cactus_Wren,36,35,random_erasing,random_erasing,0,"{""area_fraction"":0.187148,""erased"":true,""height"":0.297698,""left"":0.321073,""top"":0.188942,""width"":0.628649}",0.062741555,0.28398097,0.22123941,0.93918616,0.75278097,0.02073808,0.065016702,0.91844808,0.68776427,-0.2306838,0.68570798,3.5516812,9.9506372,35.341491,False,0.90360188,True,True,True,0.68570798,3.5516812,9.9506372,35.341491,0.67930665,3.5553601,9.7874268,34.797827,0.88277256,3.4404883,1.794842,6.175133,0.76939537,2.8501143,2.3414525,6.6734071,0.62126109,3.8711629,3.6412917,14.096033,0.61869377,3.6011218,4.9254575,17.737172,0.69992824,3.37085,5.3008514,17.868375,0.73913503,3.6765068,4.9692214,18.269376
0b_baseline_best,file,13,baseline,3928,068.Ruby_throated_Hummingbird/Ruby_Throated_Hummingbird_0079_58075.jpg,68,67,068.Ruby_throated_Hummingbird,32,31,identity,identity,0,{},1.5092953,1.5092953,0,0.22106571,0.22106571,0.18428202,0.18428202,0.036783695,0.036783695,0,1,1,129.33166,129.33166,False,0.99999994,True,True,True,1,1,129.33166,129.33166,1,1,126.90737,126.90737,1,1,24.923861,24.923861,1,1,28.248306,28.248306,1,1,54.722555,54.722555,1,1,61.315616,61.315616,1,1,61.737186,61.737186,1,1,68.861242,68.861242
0b_baseline_best,file,13,baseline,3928,068.Ruby_throated_Hummingbird/Ruby_Throated_Hummingbird_0079_58075.jpg,68,67,068.Ruby_throated_Hummingbird,32,31,horizontal_flip,horizontal_flip,0,"{""flipped"":true}",1.5092953,2.268786,0.75949061,0.22106571,0.1034377,0.18428202,0.027494647,0.036783695,0.075943053,0.039159358,0.48787682,1.1041979,129.33166,142.80775,False,0.93083137,False,True,False,0.48787682,1.1041979,129.33166,142.80775,0.47127588,1.0980717,126.90737,139.35339,0.86923593,1.2526119,24.923861,31.219925,0.44849772,1.6136477,28.248306,45.582814,0.35678601,0.89886192,54.722555,49.188021,0.40315783,1.0908467,61.315616,66.885939,0.44557988,1.1552381,61.737186,71.321148,0.63092052,1.0633484,68.861242,73.223489
0b_baseline_best,file,13,baseline,3928,068.Ruby_throated_Hummingbird/Ruby_Throated_Hummingbird_0079_58075.jpg,68,67,068.Ruby_throated_Hummingbird,32,31,color_jitter,color_jitter,0,"{""brightness"":1.379864,""contrast"":0.642946,""hue"":0.017056,""saturation"":0.600909}",1.5092953,4.4091086,2.8998133,0.22106571,0.012166018,0.18428202,0.017762924,0.036783695,-0.0055969059,-0.042380601,0.42247601,1.2277946,129.33166,158.79272,False,0.87397206,False,True,False,0.42247601,1.2277946,129.33166,158.79272,0.4065324,1.2283195,126.90737,155.8828,0.84070395,1.2141055,24.923861,30.260197,0.08658036,1.2665085,28.248306,35.776718,0.050794277,1.1399263,54.722555,62.379679,0.3983438,1.3663864,61.315616,83.780825,0.46976702,1.2270105,61.737186,75.752174,0.64373315,1.1590879,68.861242,79.816236
0b_baseline_best,file,13,baseline,3928,068.Ruby_throated_Hummingbird/Ruby_Throated_Hummingbird_0079_58075.jpg,68,67,068.Ruby_throated_Hummingbird,32,31,rotation,rotation,0,"{""angle"":-10.129748}",1.5092953,2.5698452,1.0605499,0.22106571,0.076547384,0.18428202,0.2202929,0.036783695,-0.14374551,-0.18052921,0.6570101,1.1524319,129.33166,149.04594,False,0.95333934,False,True,False,0.6570101,1.1524319,129.33166,149.04594,0.64632616,1.153547,126.90737,146.39362,0.94173355,1.1231342,24.923861,27.992842,0.29654152,1.3313918,28.248306,37.609563,0.55534973,1.003454,54.722555,54.911566,0.63601168,1.1860068,61.315616,72.720737,0.65762849,1.2163839,61.737186,75.096118,0.77126723,1.1317441,68.861242,77.933305
0b_baseline_best,file,13,baseline,3928,068.Ruby_throated_Hummingbird/Ruby_Throated_Hummingbird_0079_58075.jpg,68,67,068.Ruby_throated_Hummingbird,32,31,random_resized_crop,random_resized_crop,0,"{""area_fraction"":0.583702,""aspect"":0.969475,""fallback"":false,""height"":0.775938,""left"":0.166784,""top"":0.001394,""width"":0.752253}",1.5092953,1.8804346,0.37113929,0.22106571,0.1525238,0.18428202,0.13242142,0.036783695,0.020102382,-0.016681314,0.46873219,1.1874204,129.33166,153.57106,False,0.87445235,True,True,True,0.46873219,1.1874204,129.33166,153.57106,0.45593273,1.1930468,126.90737,151.40643,0.85762545,1.0308851,24.923861,25.693637,0.052345384,1.8548811,28.248306,52.397248,0.2625605,0.97043916,54.722555,53.10491,0.46274147,1.2828398,61.315616,78.658114,0.4994743,1.232312,61.737186,76.079476,0.66153363,1.0654721,68.861242,73.369735
0b_baseline_best,file,13,baseline,3928,068.Ruby_throated_Hummingbird/Ruby_Throated_Hummingbird_0079_58075.jpg,68,67,068.Ruby_throated_Hummingbird,32,31,gaussian_blur,gaussian_blur,0,"{""sigma"":1.308469}",1.5092953,3.5165677,2.0072724,0.22106571,0.029701205,0.18428202,0.14301538,0.036783695,-0.11331418,-0.15009787,0.43742099,1.3979638,129.33166,180.80099,False,0.85133755,False,True,False,0.43742099,1.3979638,129.33166,180.80099,0.42624678,1.4082203,126.90737,178.71353,0.82169468,1.0991369,24.923861,27.394737,0.27451265,1.7769922,28.248306,50.19702,0.079643524,1.2020074,54.722555,65.776917,0.41996449,1.630746,61.315616,99.990197,0.48439697,1.4377226,61.737186,88.760945,0.64317002,1.2335663,68.861242,84.944905
0b_baseline_best,file,13,baseline,3928,068.Ruby_throated_Hummingbird/Ruby_Throated_Hummingbird_0079_58075.jpg,68,67,068.Ruby_throated_Hummingbird,32,31,random_erasing,random_erasing,0,"{""area_fraction"":0.100601,""erased"":true,""height"":0.250679,""left"":0.212542,""top"":0.190727,""width"":0.401314}",1.5092953,3.5077362,1.9984409,0.22106571,0.029964671,0.18428202,0.01527827,0.036783695,0.0146864,-0.022097295,0.5540334,0.95105727,129.33166,123.00182,False,0.87612557,False,True,False,0.5540334,0.95105727,129.33166,123.00182,0.54198417,0.9465331,126.90737,120.12203,0.8360561,1.0616444,24.923861,26.460279,0.52531436,1.131699,28.248306,31.96858,0.30413209,0.75413107,54.722555,41.267978,0.53110617,0.96911728,61.315616,59.422023,0.54324423,0.96659982,61.737186,59.675153,0.67667319,0.98622844,68.861242,67.912915
0b_baseline_best,file,13,baseline,7969,136.Barn_Swallow/Barn_Swallow_0042_132043.jpg,136,135,136.Barn_Swallow,135,134,identity,identity,0,{},12.344286,12.344286,0,4.3545629e-06,4.3545629e-06,0.99734336,0.99734336,-0.99733901,-0.99733901,0,1,1,267.89589,267.89589,False,1,True,False,False,1,1,267.89589,267.89589,1,1,263.00575,263.00575,1,1,50.952766,50.952766,1,1,63.07618,63.07618,1,1,122.7062,122.7062,1,1,144.49196,144.49196,1,1,122.98173,122.98173,1,1,118.88723,118.88723
0b_baseline_best,file,13,baseline,7969,136.Barn_Swallow/Barn_Swallow_0042_132043.jpg,136,135,136.Barn_Swallow,135,134,horizontal_flip,horizontal_flip,0,"{""flipped"":true}",12.344286,10.696052,-1.6482344,4.3545629e-06,2.2634136e-05,0.99734336,0.98805493,-0.99733901,-0.9880323,0.0093067098,0.61221025,0.87957577,267.89589,235.63473,False,0.98058021,True,False,False,0.61221025,0.87957577,267.89589,235.63473,0.59780657,0.87817013,263.00575,230.96379,0.98056555,0.91623333,50.952766,46.684623,0.51986613,0.91487604,63.07618,57.706886,0.45787071,0.83991731,122.7062,103.06306,0.55051181,0.85788453,144.49196,123.95742,0.62870056,0.90105443,122.98173,110.81324,0.79180708,0.91165726,118.88723,108.38441
0b_baseline_best,file,13,baseline,7969,136.Barn_Swallow/Barn_Swallow_0042_132043.jpg,136,135,136.Barn_Swallow,135,134,color_jitter,color_jitter,0,"{""brightness"":0.648838,""contrast"":0.783133,""hue"":-0.021287,""saturation"":0.82719}",12.344286,13.289882,0.94559574,4.3545629e-06,1.6915228e-06,0.99734336,0.99931586,-0.99733901,-0.99931417,-0.0019751595,0.72594594,0.93436415,267.89589,250.31232,False,0.97057182,True,False,False,0.72594594,0.93436415,267.89589,250.31232,0.71638969,0.93286786,263.00575,245.34961,0.97059336,0.97338424,50.952766,49.59662,0.52941779,0.89470754,63.07618,56.434734,0.60849823,0.89326939,122.7062,109.6097,0.73102037,0.94260101,144.49196,136.19827,0.74145449,0.92990683,122.98173,114.36155,0.82528414,0.97254547,118.88723,115.62324
0b_baseline_best,file,13,baseline,7969,136.Barn_Swallow/Barn_Swallow_0042_132043.jpg,136,135,136.Barn_Swallow,135,134,rotation,rotation,0,"{""angle"":-11.29878}",12.344286,11.659962,-0.68432426,4.3545629e-06,8.6326263e-06,0.99734336,0.9989152,-0.99733901,-0.99890656,-0.001567556,0.708358,0.92148683,267.89589,246.86254,False,0.95334291,True,False,False,0.708358,0.92148683,267.89589,246.86254,0.69869512,0.91961064,263.00575,241.86289,0.95337854,0.97014011,50.952766,49.431322,0.62685973,1.0554538,63.07618,66.573994,0.73096264,0.83217844,122.7062,102.11346,0.68531367,0.90024699,144.49196,130.07845,0.66373555,0.92561807,122.98173,113.83411,0.75155785,0.98666724,118.88723,117.30214
0b_baseline_best,file,13,baseline,7969,136.Barn_Swallow/Barn_Swallow_0042_132043.jpg,136,135,136.Barn_Swallow,135,134,random_resized_crop,random_resized_crop,0,"{""area_fraction"":0.503529,""aspect"":0.852147,""fallback"":false,""height"":0.768697,""left"":0.044585,""top"":0.168654,""width"":0.655043}",12.344286,7.2821918,-5.0620942,4.3545629e-06,0.00068767666,0.99734336,0.9887917,-0.99733901,-0.98810403,0.0092349793,0.63267056,0.96691268,267.89589,259.03194,False,0.9261722,True,False,False,0.63267056,0.96691268,267.89589,259.03194,0.62187965,0.96761067,263.00575,254.48717,0.92621541,0.94812636,50.952766,48.309661,0.61530946,0.78531867,63.07618,49.534902,0.47904635,0.90867753,122.7062,111.50037,0.65654493,0.93465298,144.49196,135.04984,0.64206753,1.0431308,122.98173,128.28604,0.69667054,1.0364015,118.88723,123.21491
0b_baseline_best,file,13,baseline,7969,136.Barn_Swallow/Barn_Swallow_0042_132043.jpg,136,135,136.Barn_Swallow,135,134,gaussian_blur,gaussian_blur,0,"{""sigma"":1.226151}",12.344286,10.086559,-2.2577267,4.3545629e-06,4.1635412e-05,0.99734336,0.98352778,-0.99733901,-0.98348614,0.013852863,0.66251138,0.81406681,267.89589,218.08515,False,0.92728734,True,False,False,0.66251138,0.81406681,267.89589,218.08515,0.65213114,0.81264779,263.00575,213.73104,0.92729225,0.8510037,50.952766,43.360993,0.54452043,0.83040847,63.07618,52.378994,0.6083446,0.796954,122.7062,97.791199,0.66075212,0.77899101,144.49196,112.55794,0.63552332,0.80822275,122.98173,99.396635,0.73115671,0.87515456,118.88723,104.0447
0b_baseline_best,file,13,baseline,7969,136.Barn_Swallow/Barn_Swallow_0042_132043.jpg,136,135,136.Barn_Swallow,135,134,random_erasing,random_erasing,0,"{""area_fraction"":0.073708,""erased"":true,""height"":0.428459,""left"":0.241467,""top"":0.128824,""width"":0.17203}",12.344286,9.4442034,-2.9000826,4.3545629e-06,7.9147008e-05,0.99734336,0.95872712,-0.99733901,-0.95864797,0.038691032,0.50908237,0.68075608,267.89589,182.37176,False,0.90065223,True,False,False,0.50908237,0.68075608,267.89589,182.37176,0.49178673,0.67530662,263.00575,177.60952,0.9004068,0.81260127,50.952766,41.404283,0.35533184,0.48278804,63.07618,30.452425,0.38220175,0.55777155,122.7062,68.442029,0.40163356,0.58394516,144.49196,84.375381,0.50097462,0.74313258,122.98173,91.391733,0.70335385,0.86033694,118.88723,102.28308
0b_baseline_best,file,13,baseline,1491,027.Shiny_Cowbird/Shiny_Cowbird_0070_796832.jpg,27,26,027.Shiny_Cowbird,107,106,identity,identity,0,{},4.8500028,4.8500028,0,0.0078283548,0.0078283548,0.59744358,0.59744358,-0.58961523,-0.58961523,0,1,1,211.87912,211.87912,False,0.99999988,True,False,False,1,1,211.87912,211.87912,1,1,209.44555,209.44555,1,1,32.020716,32.020716,1,1,51.349988,51.349988,1,1,96.190166,96.190166,1,1,109.9216,109.9216,1,1,107.33926,107.33926,1,1,91.507333,91.507333
0b_baseline_best,file,13,baseline,1491,027.Shiny_Cowbird/Shiny_Cowbird_0070_796832.jpg,27,26,027.Shiny_Cowbird,107,106,horizontal_flip,horizontal_flip,0,"{""flipped"":true}",4.8500028,4.3691058,-0.48089695,0.0078283548,0.012662557,0.59744358,0.26909852,-0.58961523,-0.25643596,0.33317926,0.54118581,0.80096528,211.87912,169.70782,False,0.96344829,False,False,False,0.54118581,0.80096528,211.87912,169.70782,0.53129827,0.79830991,209.44555,167.20246,0.91771167,0.90732245,32.020716,29.053114,0.15311508,1.1600117,51.349988,59.566585,0.41344343,0.74905757,96.190166,72.051972,0.55996999,0.81108225,109.9216,89.155462,0.59853005,0.74365393,107.33926,79.823264,0.72714575,0.76469641,91.507333,69.975329
0b_baseline_best,file,13,baseline,1491,027.Shiny_Cowbird/Shiny_Cowbird_0070_796832.jpg,27,26,027.Shiny_Cowbird,107,106,color_jitter,color_jitter,0,"{""brightness"":0.843739,""contrast"":0.80471,""hue"":0.073391,""saturation"":1.104624}",4.8500028,4.2353458,-0.61465693,0.0078283548,0.014474802,0.59744358,0.17927404,-0.58961523,-0.16479924,0.42481599,0.77551819,0.69041737,211.87912,146.28503,False,0.9556967,False,False,False,0.77551819,0.69041737,211.87912,146.28503,0.77288504,0.68765245,209.44555,144.02574,0.88100945,0.79980859,32.020716,25.610444,0.76791392,0.67780861,51.349988,34.805464,0.75509992,0.67784557,96.190166,65.202078,0.76745709,0.73486325,109.9216,80.777347,0.79003064,0.6432659,107.33926,69.047687,0.78501784,0.69012578,91.507333,63.151569
0b_baseline_best,file,13,baseline,1491,027.Shiny_Cowbird/Shiny_Cowbird_0070_796832.jpg,27,26,027.Shiny_Cowbird,107,106,rotation,rotation,0,"{""angle"":7.615884}",4.8500028,3.654007,-1.1959958,0.0078283548,0.025887191,0.59744358,0.32585689,-0.58961523,-0.2999697,0.28964552,0.80112048,0.91403458,211.87912,193.66485,False,0.97052264,True,False,False,0.80112048,0.91403458,211.87912,193.66485,0.79804291,0.91393267,209.44555,191.41913,0.93216172,0.91838381,32.020716,29.407307,0.8484249,1.0947227,51.349988,56.213996,0.81371442,0.95034625,96.190166,91.413964,0.77628736,0.94080708,109.9216,103.41502,0.78681729,0.85918706,107.33926,92.224505,0.8202522,0.84115959,91.507333,76.972271
0b_baseline_best,file,13,baseline,1491,027.Shiny_Cowbird/Shiny_Cowbird_0070_796832.jpg,27,26,027.Shiny_Cowbird,107,106,random_resized_crop,random_resized_crop,0,"{""area_fraction"":0.897056,""aspect"":0.91902,""fallback"":false,""height"":0.987978,""left"":0.008704,""top"":0.000129,""width"":0.907972}",4.8500028,5.0393167,0.18931389,0.0078283548,0.0064781751,0.59744358,0.60725397,-0.58961523,-0.60077579,-0.011160568,0.87307981,0.97218755,211.87912,205.98625,False,0.98190123,True,False,False,0.87307981,0.97218755,211.87912,205.98625,0.87073118,0.97290996,209.44555,203.77166,0.97747923,0.94076088,32.020716,30.123837,0.86728632,1.0497234,51.349988,53.903285,0.86126563,0.98240934,96.190166,94.498117,0.87590071,1.0080057,109.9216,110.8016,0.87542044,0.93893884,107.33926,100.785,0.87182359,0.93067388,91.507333,85.163485
0b_baseline_best,file,13,baseline,1491,027.Shiny_Cowbird/Shiny_Cowbird_0070_796832.jpg,27,26,027.Shiny_Cowbird,107,106,gaussian_blur,gaussian_blur,0,"{""sigma"":1.999933}",4.8500028,1.8248931,-3.0251096,0.0078283548,0.16123487,0.59744358,0.013851181,-0.58961523,0.14738369,0.73699892,0.25120322,0.68046777,211.87912,144.17692,False,0.74466777,False,False,True,0.25120322,0.68046777,211.87912,144.17692,0.24302463,0.68140603,209.44555,142.71746,0.62482159,0.63903653,32.020716,20.462407,0.017792868,0.60998992,51.349988,31.322975,0.17698128,0.67022364,96.190166,64.468923,0.17826828,0.70331301,109.9216,77.309294,0.30625399,0.70305564,107.33926,75.465473,0.39246689,0.65195332,91.507333,59.65851
0b_baseline_best,file,13,baseline,1491,027.Shiny_Cowbird/Shiny_Cowbird_0070_796832.jpg,27,26,027.Shiny_Cowbird,107,106,random_erasing,random_erasing,0,"{""area_fraction"":0.192837,""erased"":true,""height"":0.599893,""left"":0.484227,""top"":0.185982,""width"":0.321452}",4.8500028,6.4776249,1.6276221,0.0078283548,0.001537458,0.59744358,0.61061656,-0.58961523,-0.60907911,-0.019463881,0.62813254,0.77234392,211.87912,163.64355,False,0.88038963,True,False,False,0.62813254,0.77234392,211.87912,163.64355,0.62157403,0.76554636,209.44555,160.34028,0.8639169,1.0216524,32.020716,32.714042,0.53067927,0.75617363,51.349988,38.829507,0.61524396,0.84854741,96.190166,81.621916,0.65405615,0.7005004,109.9216,77.000127,0.60037292,0.67724791,107.33926,72.695291,0.6547042,0.86914437,91.507333,79.533083
0b_baseline_best,file,13,baseline,6000,103.Sayornis/Sayornis_0076_98941.jpg,103,102,103.Sayornis,77,76,identity,identity,0,{},0.026940383,0.026940383,0,0.97341925,0.97341925,0.0087234685,0.0087234685,0.96469578,0.96469578,0,1,1,4.0483483,4.0483483,False,0.99999994,True,True,True,1,1,4.0483483,4.0483483,1,1,3.9525794,3.9525794,1,1,0.87535166,0.87535166,1,1,0.63494039,0.63494039,1,1,1.7820109,1.7820109,1,1,2.1841409,2.1841409,1,1,1.8922677,1.8922677,1,1,1.921724,1.921724
0b_baseline_best,file,13,baseline,6000,103.Sayornis/Sayornis_0076_98941.jpg,103,102,103.Sayornis,77,76,horizontal_flip,horizontal_flip,0,"{""flipped"":true}",0.026940383,0.021911206,-0.0050291773,0.97341925,0.9783271,0.0087234685,0.0068251938,0.96469578,0.9715019,0.0068061212,0.62502484,0.70968604,4.0483483,2.8730563,False,0.9681918,True,True,True,0.62502484,0.70968604,4.0483483,2.8730563,0.60704514,0.70687097,3.9525794,2.7939636,0.96567797,0.76482668,0.87535166,0.6694923,0.36027761,0.81382432,0.63494039,0.51672993,0.48109741,0.75969189,1.7820109,1.3537792,0.59530692,0.63203387,2.1841409,1.380451,0.61580305,0.67010434,1.8922677,1.2680168,0.75637146,0.77059752,1.921724,1.4808757
0b_baseline_best,file,13,baseline,6000,103.Sayornis/Sayornis_0076_98941.jpg,103,102,103.Sayornis,77,76,color_jitter,color_jitter,0,"{""brightness"":1.017756,""contrast"":1.20443,""hue"":-0.077248,""saturation"":0.823879}",0.026940383,1.0810463,1.054106,0.97341925,0.33924037,0.0087234685,0.042072229,0.96469578,0.29716814,-0.66752764,0.66335756,23.193461,4.0483483,93.89521,False,0.87396944,True,True,True,0.66335756,23.193461,4.0483483,93.89521,0.6575581,23.385365,3.9525794,92.432512,0.8247889,18.859645,0.87535166,16.508822,0.51994768,26.810872,0.63494039,17.023305,0.48375294,27.4568,1.7820109,48.928316,0.74216766,22.614612,2.1841409,49.393498,0.72742598,22.138083,1.8922677,41.89118,0.69759657,21.235831,1.921724,40.809406
0b_baseline_best,file,13,baseline,6000,103.Sayornis/Sayornis_0076_98941.jpg,103,102,103.Sayornis,77,76,rotation,rotation,0,"{""angle"":-0.843318}",0.026940383,0.046993554,0.020053171,0.97341925,0.95409358,0.0087234685,0.020957604,0.96469578,0.93313597,-0.031559809,0.86175795,1.8450251,4.0483483,7.4693043,False,0.9909941,True,True,True,0.86175795,1.8450251,4.0483483,7.4693043,0.85590077,1.843886,3.9525794,7.2881058,0.97970223,1.8680985,0.87535166,1.6352431,0.71981823,2.2031129,0.63494039,1.3988453,0.78423043,1.8660097,1.7820109,3.3252496,0.86711962,1.8554135,2.1841409,4.0524845,0.87278161,1.8277758,1.8922677,3.4586412,0.90940091,1.7812644,1.921724,3.4230985
0b_baseline_best,file,13,baseline,6000,103.Sayornis/Sayornis_0076_98941.jpg,103,102,103.Sayornis,77,76,random_resized_crop,random_resized_crop,0,"{""area_fraction"":0.531119,""aspect"":0.984459,""fallback"":false,""height"":0.734509,""left"":0.158987,""top"":0.108844,""width"":0.723094}",0.026940383,0.09732876,0.070388377,0.97341925,0.90725768,0.0087234685,0.01776043,0.96469578,0.88949725,-0.075198534,0.54898364,3.4508458,4.0483483,13.970226,False,0.92521948,True,True,True,0.54898364,3.4508458,4.0483483,13.970226,0.53377041,3.4706727,3.9525794,13.718109,0.91079339,3.0183284,0.87535166,2.6420988,0.14131754,3.8959869,0.63494039,2.4737194,0.23977252,3.9015792,1.7820109,6.9526567,0.62598933,3.2263153,2.1841409,7.0467272,0.61040288,3.4150562,1.8922677,6.4622007,0.6920336,3.3848366,1.921724,6.5047215
0b_baseline_best,file,13,baseline,6000,103.Sayornis/Sayornis_0076_98941.jpg,103,102,103.Sayornis,77,76,gaussian_blur,gaussian_blur,0,"{""sigma"":1.549328}",0.026940383,1.1613348,1.1343944,0.97341925,0.313068,0.0087234685,0.10356253,0.96469578,0.20950547,-0.75519031,0.5111789,26.940925,4.0483483,109.06625,False,0.83998239,True,True,True,0.5111789,26.940925,4.0483483,109.06625,0.49984911,27.137609,3.9525794,107.26355,0.79745887,22.559884,0.87535166,19.747831,0.30034307,40.41184,0.63494039,25.659109,0.45421146,28.305322,1.7820109,50.440392,0.49256076,25.884585,2.1841409,56.535581,0.51948576,27.672776,1.8922677,52.3643,0.57683014,25.303682,1.921724,48.626692
0b_baseline_best,file,13,baseline,6000,103.Sayornis/Sayornis_0076_98941.jpg,103,102,103.Sayornis,77,76,random_erasing,random_erasing,0,"{""area_fraction"":0.064069,""erased"":true,""height"":0.194924,""left"":0.25938,""top"":0.523992,""width"":0.32869}",0.026940383,0.70037442,0.67343404,0.97341925,0.4963994,0.0087234685,0.04967327,0.96469578,0.44672613,-0.51796965,0.72406891,19.610062,4.0483483,79.388361,False,0.90486908,True,True,True,0.72406891,19.610062,4.0483483,79.388361,0.71850123,19.75817,3.9525794,78.095734,0.87459792,16.299433,0.87535166,14.267736,0.71658714,26.345741,0.63494039,16.727975,0.73806075,21.94377,1.7820109,39.104037,0.72295118,19.530953,2.1841409,42.658353,0.69386017,19.025613,1.8922677,36.001552,0.73071361,17.830767,1.921724,34.265813
0b_baseline_best,file,13,baseline,3208,056.Pine_Grosbeak/Pine_Grosbeak_0068_38981.jpg,56,55,056.Pine_Grosbeak,130,129,identity,identity,0,{},0.0012020989,0.0012020989,0,0.99879861,0.99879861,0.00043846227,0.00043846227,0.99836015,0.99836015,0,1,1,0.1888693,0.1888693,False,1,True,True,True,1,1,0.1888693,0.1888693,1,1,0.18429735,0.18429735,1,1,0.041304951,0.041304951,1,1,0.026523621,0.026523621,1,1,0.080558278,0.080558278,1,1,0.094863051,0.094863051,1,1,0.093952821,0.093952821,1,1,0.094584586,0.094584586
0b_baseline_best,file,13,baseline,3208,056.Pine_Grosbeak/Pine_Grosbeak_0068_38981.jpg,56,55,056.Pine_Grosbeak,130,129,horizontal_flip,horizontal_flip,0,"{""flipped"":true}",0.0012020989,0.0012529389,5.0839968e-05,0.99879861,0.99874783,0.00043846227,0.0001707676,0.99836015,0.99857706,0.00021691152,0.70441006,0.99094431,0.1888693,0.18715896,False,0.9810279,True,True,True,0.70441006,0.99094431,0.1888693,0.18715896,0.69175536,0.99001654,0.18429735,0.18245743,0.95166939,1.009237,0.041304951,0.041686486,0.332706,0.9245181,0.026523621,0.024521568,0.66823648,0.96621561,0.080558278,0.077836666,0.67840932,1.0090888,0.094863051,0.095725243,0.6671476,0.96597322,0.093952821,0.090755909,0.77091463,1.0157847,0.094584586,0.096077579
0b_baseline_best,file,13,baseline,3208,056.Pine_Grosbeak/Pine_Grosbeak_0068_38981.jpg,56,55,056.Pine_Grosbeak,130,129,color_jitter,color_jitter,0,"{""brightness"":1.097205,""contrast"":0.850594,""hue"":-0.090586,""saturation"":1.015437}",0.0012020989,0.0061343722,0.0049322733,0.99879861,0.99388438,0.00043846227,0.00013224791,0.99836015,0.99375214,-0.0046080098,0.52902779,5.0517561,0.1888693,0.95412164,False,0.92413503,True,True,True,0.52902779,5.0517561,0.1888693,0.95412164,0.5154354,5.0517712,0.18429735,0.93102804,0.79964588,5.051456,0.041304951,0.20865014,0.25806901,5.8876372,0.026523621,0.15616146,0.53228536,5.0866032,0.080558278,0.409768,0.40131661,5.115682,0.094863051,0.4852892,0.48187546,4.5810657,0.093952821,0.43040404,0.66826511,5.3259175,0.094584586,0.5037497
0b_baseline_best,file,13,baseline,3208,056.Pine_Grosbeak/Pine_Grosbeak_0068_38981.jpg,56,55,056.Pine_Grosbeak,130,129,rotation,rotation,0,"{""angle"":0.295309}",0.0012020989,0.0017103818,0.00050828292,0.99879861,0.99829108,0.00043846227,0.00063115719,0.99836015,0.99765992,-0.00070022847,0.94988849,1.3929289,0.1888693,0.2630815,False,0.99698484,True,True,True,0.94988849,1.3929289,0.1888693,0.2630815,0.94755578,1.3934246,0.18429735,0.25680446,0.99670355,1.3830233,0.041304951,0.057125711,0.91805823,1.4065523,0.026523621,0.037306859,0.93959697,1.3569044,0.080558278,0.10930988,0.94100604,1.4387759,0.094863051,0.13648668,0.9495784,1.3904634,0.093952821,0.13063796,0.96134265,1.3749673,0.094584586,0.13005071
0b_baseline_best,file,13,baseline,3208,056.Pine_Grosbeak/Pine_Grosbeak_0068_38981.jpg,56,55,056.Pine_Grosbeak,130,129,random_resized_crop,random_resized_crop,0,"{""area_fraction"":0.751753,""aspect"":0.830312,""fallback"":false,""height"":0.951518,""left"":0.00073,""top"":0.030617,""width"":0.790056}",0.0012020989,0.0056873648,0.0044852659,0.99879861,0.9943288,0.00043846227,0.00052268751,0.99836015,0.99380611,-0.0045540372,0.69835106,4.4084332,0.1888693,0.83261769,False,0.95812911,True,True,True,0.69835106,4.4084332,0.1888693,0.83261769,0.68798457,4.4230449,0.18429735,0.81515545,0.92246354,4.1067336,0.041304951,0.16962843,0.48313112,4.5718561,0.026523621,0.12126218,0.66080582,4.2724417,0.080558278,0.34418055,0.62771196,4.2136207,0.094863051,0.39971691,0.68495991,4.6209203,0.093952821,0.4341485,0.78432031,4.5234581,0.094584586,0.42784941
0b_baseline_best,file,13,baseline,3208,056.Pine_Grosbeak/Pine_Grosbeak_0068_38981.jpg,56,55,056.Pine_Grosbeak,130,129,gaussian_blur,gaussian_blur,0,"{""sigma"":1.230017}",0.0012020989,0.013075327,0.011873228,0.99879861,0.98700976,0.00043846227,0.0019518438,0.99836015,0.98505792,-0.013302227,0.64151455,11.372797,0.1888693,2.1479723,False,0.94536543,True,True,True,0.64151455,11.372797,0.1888693,2.1479723,0.63057432,11.464351,0.18429735,2.1128495,0.92075517,9.3656762,0.041304951,0.3868488,0.4149474,13.984527,0.026523621,0.37092029,0.57009596,12.512767,0.080558278,1.008007,0.60993397,11.423575,0.094863051,1.0836752,0.6212381,11.361642,0.093952821,1.0674584,0.74300226,10.554843,0.094584586,0.99832549
0b_baseline_best,file,13,baseline,3208,056.Pine_Grosbeak/Pine_Grosbeak_0068_38981.jpg,56,55,056.Pine_Grosbeak,130,129,random_erasing,random_erasing,0,"{""area_fraction"":0.195869,""erased"":true,""height"":0.260445,""left"":0.021312,""top"":0.268122,""width"":0.752053}",0.0012020989,0.31342059,0.31221849,0.99879861,0.73094243,0.00043846227,0.011552026,0.99836015,0.7193904,-0.27896974,0.50176422,225.3563,0.1888693,42.562887,False,0.86666006,True,True,True,0.50176422,225.3563,0.1888693,42.562887,0.49139202,227.38182,0.18429735,41.905868,0.77509767,180.35786,0.041304951,7.4496725,0.34695609,184.94964,0.026523621,4.9055342,0.55637367,242.94092,0.080558278,19.570902,0.44163094,238.4673,0.094863051,22.621736,0.4401662,223.82068,0.093952821,21.028584,0.56138628,210.14463,0.094584586,19.876443
0b_baseline_best,file,13,baseline,5522,095.Baltimore_Oriole/Baltimore_Oriole_0045_88178.jpg,95,94,095.Baltimore_Oriole,96,95,identity,identity,0,{},0.0050480291,0.0050480291,0,0.99496472,0.99496472,0.002298414,0.002298414,0.9926663,0.9926663,0,1,1,0.68144684,0.68144684,False,1,True,True,True,1,1,0.68144684,0.68144684,1,1,0.66357958,0.66357958,1,1,0.15502238,0.15502238,1,1,0.16657732,0.16657732,1,1,0.24060275,0.24060275,1,1,0.32376534,0.32376534,1,1,0.33649897,0.33649897,1,1,0.36965472,0.36965472
0b_baseline_best,file,13,baseline,5522,095.Baltimore_Oriole/Baltimore_Oriole_0045_88178.jpg,95,94,095.Baltimore_Oriole,96,95,horizontal_flip,horizontal_flip,0,"{""flipped"":true}",0.0050480291,0.0078105284,0.0027624993,0.99496472,0.99221987,0.002298414,0.0042784847,0.9926663,0.98794138,-0.0047249242,0.63645499,1.6145366,0.68144684,1.1002209,False,0.97704458,True,True,True,0.63645499,1.6145366,0.68144684,1.1002209,0.61829528,1.6156147,0.66357958,1.0720889,0.97362106,1.5946536,0.15502238,0.247207,0.46455109,1.3901053,0.16657732,0.23156001,0.50441767,1.6406217,0.24060275,0.39473808,0.54412202,1.6265243,0.32376534,0.52661222,0.60556149,1.595001,0.33649897,0.53671618,0.75984286,1.6556163,0.36965472,0.61200638
0b_baseline_best,file,13,baseline,5522,095.Baltimore_Oriole/Baltimore_Oriole_0045_88178.jpg,95,94,095.Baltimore_Oriole,96,95,color_jitter,color_jitter,0,"{""brightness"":1.116973,""contrast"":0.905056,""hue"":0.072919,""saturation"":1.055291}",0.0050480291,3.7439873,3.7389393,0.99496472,0.023659576,0.002298414,0.062453598,0.9926663,-0.038794022,-1.0314603,0.43505125,271.07738,0.68144684,184.72482,False,0.78811747,False,True,False,0.43505125,271.07738,0.68144684,184.72482,0.42919754,273.71895,0.66357958,181.63431,0.58156875,217.05737,0.15502238,33.648751,0.26049041,223.50315,0.16657732,37.230556,0.38843254,308.02147,0.24060275,74.110812,0.42616119,269.18544,0.32376534,87.152917,0.46017698,285.65465,0.33649897,96.122495,0.4572262,260.5645,0.36965472,96.318897
0b_baseline_best,file,13,baseline,5522,095.Baltimore_Oriole/Baltimore_Oriole_0045_88178.jpg,95,94,095.Baltimore_Oriole,96,95,rotation,rotation,0,"{""angle"":3.15713}",0.0050480291,0.0050442335,-3.7956052e-06,0.99496472,0.99496847,0.002298414,0.0035528494,0.9926663,0.99141562,-0.0012506803,0.84556887,1.0605642,0.68144684,0.72271812,False,0.98443317,True,True,True,0.84556887,1.0605642,0.68144684,0.72271812,0.83909976,1.0580012,0.66357958,0.70206796,0.95971233,1.1064762,0.15502238,0.17152858,0.84790721,1.0828945,0.16657732,0.18038567,0.77405791,1.0129272,0.24060275,0.24371306,0.83589114,1.0189413,0.32376534,0.32989787,0.82682758,1.0662254,0.33649897,0.35878374,0.87632182,1.0935477,0.36965472,0.40423509
0b_baseline_best,file,13,baseline,5522,095.Baltimore_Oriole/Baltimore_Oriole_0045_88178.jpg,95,94,095.Baltimore_Oriole,96,95,random_resized_crop,random_resized_crop,0,"{""area_fraction"":0.655137,""aspect"":1.047781,""fallback"":false,""height"":0.790735,""left"":0.086335,""top"":0.076291,""width"":0.828516}",0.0050480291,0.0049967887,-5.1240437e-05,0.99496472,0.99501568,0.002298414,0.0014295584,0.9926663,0.99358612,0.0009198176,0.76701683,0.96702956,0.68144684,0.65897924,False,0.97898167,True,True,True,0.76701683,0.96702956,0.68144684,0.65897924,0.75731592,0.97159464,0.66357958,0.64473036,0.96709903,0.87919739,0.15502238,0.13629527,0.79733321,0.87221996,0.16657732,0.14529206,0.67682721,1.0224684,0.24060275,0.2460087,0.74569196,0.9640942,0.32376534,0.31214029,0.71735453,0.9474576,0.33649897,0.3188185,0.82710049,0.99385485,0.36965472,0.36738314
0b_baseline_best,file,13,baseline,5522,095.Baltimore_Oriole/Baltimore_Oriole_0045_88178.jpg,95,94,095.Baltimore_Oriole,96,95,gaussian_blur,gaussian_blur,0,"{""sigma"":1.494061}",0.0050480291,0.056899033,0.051851004,0.99496472,0.94468945,0.002298414,0.0054280595,0.9926663,0.93926139,-0.053404912,0.53443856,12.745551,0.68144684,8.6854151,False,0.91758531,True,True,True,0.53443856,12.745551,0.68144684,8.6854151,0.52321575,12.906593,0.66357958,8.5645512,0.84695616,9.3142531,0.15502238,1.4439177,0.40815424,11.14745,0.16657732,1.8569123,0.346973,13.763072,0.24060275,3.311433,0.50908158,14.274174,0.32376534,4.6214829,0.53490601,13.777514,0.33649897,4.6361191,0.65740783,10.849992,0.36965472,4.0107507
0b_baseline_best,file,13,baseline,5522,095.Baltimore_Oriole/Baltimore_Oriole_0045_88178.jpg,95,94,095.Baltimore_Oriole,96,95,random_erasing,random_erasing,0,"{""area_fraction"":0.114074,""erased"":true,""height"":0.263208,""left"":0.331542,""top"":0.691045,""width"":0.4334}",0.0050480291,0.0061715744,0.0011235452,0.99496472,0.99384743,0.002298414,0.0040519494,0.9926663,0.98979548,-0.0028708244,0.8991565,1.3545283,0.68144684,0.92303903,False,0.98932064,True,True,True,0.8991565,1.3545283,0.68144684,0.92303903,0.89508417,1.3552704,0.66357958,0.89932976,0.97462466,1.340858,0.15502238,0.20786301,0.94097486,1.2670259,0.16657732,0.21105778,0.87029618,1.3270032,0.24060275,0.31928061,0.89067903,1.3728384,0.32376534,0.4444775,0.87855044,1.3804004,0.33649897,0.4645033,0.91477109,1.3498649,0.36965472,0.49898392
0b_baseline_best,file,13,baseline,8626,147.Least_Tern/Least_Tern_0020_153458.jpg,147,146,147.Least_Tern,146,145,identity,identity,0,{},0.012762888,0.012762888,0,0.98731822,0.98731822,0.0079125976,0.0079125976,0.97940562,0.97940562,0,1,1,1.7343548,1.7343548,False,0.99999994,True,True,True,1,1,1.7343548,1.7343548,1,1,1.6705051,1.6705051,1,1,0.46626098,0.46626098,1,1,0.27046564,0.27046564,1,1,0.66098704,0.66098704,1,1,0.86300112,0.86300112,1,1,0.83735258,0.83735258,1,1,0.91356519,0.91356519
0b_baseline_best,file,13,baseline,8626,147.Least_Tern/Least_Tern_0020_153458.jpg,147,146,147.Least_Tern,146,145,horizontal_flip,horizontal_flip,0,"{""flipped"":true}",0.012762888,0.069089852,0.056326964,0.98731822,0.9332428,0.0079125976,0.033588089,0.97940562,0.89965471,-0.079750911,0.66922192,5.8071424,1.7343548,10.071645,False,0.95057601,True,True,True,0.66922192,5.8071424,1.7343548,10.071645,0.6521707,5.8703573,1.6705051,9.8064616,0.93987665,4.9241541,0.46626098,2.295941,0.52626405,7.0014154,0.27046564,1.8936423,0.59393221,6.8590152,0.66098704,4.5337202,0.65992299,5.9834637,0.86300112,5.1637358,0.65079329,5.7112427,0.83735258,4.7823238,0.71259588,5.1912114,0.91356519,4.74251
0b_baseline_best,file,13,baseline,8626,147.Least_Tern/Least_Tern_0020_153458.jpg,147,146,147.Least_Tern,146,145,color_jitter,color_jitter,0,"{""brightness"":1.220148,""contrast"":1.161802,""hue"":-0.053544,""saturation"":0.632222}",0.012762888,1.5340437,1.5212808,0.98731822,0.21566184,0.0079125976,0.14639316,0.97940562,0.069268674,-0.91013695,0.66057755,65.906234,1.7343548,114.30479,False,0.86502111,False,True,False,0.66057755,65.906234,1.7343548,114.30479,0.65626544,67.057693,1.6705051,112.02021,0.76861628,48.768564,0.46626098,22.738879,0.59273408,70.670497,0.27046564,19.113941,0.60491348,67.148668,0.66098704,44.384399,0.69334055,71.019701,0.86300112,61.290081,0.67015261,70.561689,0.83735258,59.085012,0.64656495,59.61066,0.91356519,54.458224
0b_baseline_best,file,13,baseline,8626,147.Least_Tern/Least_Tern_0020_153458.jpg,147,146,147.Least_Tern,146,145,rotation,rotation,0,"{""angle"":4.110252}",0.012762888,0.17795637,0.16519348,0.98731822,0.83697891,0.0079125976,0.15490395,0.97940562,0.68207496,-0.29733066,0.7420381,16.798175,1.7343548,29.133995,False,0.96878034,True,True,True,0.7420381,16.798175,1.7343548,29.133995,0.72761279,16.897416,1.6705051,28.227219,0.94702554,15.46786,0.46626098,7.2120596,0.59967749,19.617831,0.27046564,5.3059492,0.75036592,19.215835,0.66098704,12.701418,0.71187723,17.358316,0.86300112,14.980246,0.70060163,16.703143,0.83735258,13.98642,0.77917705,14.979368,0.91356519,13.684629
0b_baseline_best,file,13,baseline,8626,147.Least_Tern/Least_Tern_0020_153458.jpg,147,146,147.Least_Tern,146,145,random_resized_crop,random_resized_crop,0,"{""area_fraction"":0.774232,""aspect"":0.792813,""fallback"":false,""height"":0.988212,""left"":0.161506,""top"":0.011388,""width"":0.783467}",0.012762888,0.87880296,0.86604007,0.98731822,0.41527972,0.0079125976,0.26762652,0.97940562,0.14765319,-0.83175243,0.63119801,56.846343,1.7343548,98.591726,False,0.89810574,True,True,True,0.63119801,56.846343,1.7343548,98.591726,0.61985513,57.964601,1.6705051,96.830159,0.88609928,39.79304,0.46626098,18.553942,0.47261973,62.094609,0.27046564,16.794458,0.55451661,79.490452,0.66098704,52.542159,0.67842604,59.724724,0.86300112,51.542503,0.63236411,53.913032,0.83735258,45.144216,0.67000606,44.311097,0.91356519,40.481076
0b_baseline_best,file,13,baseline,8626,147.Least_Tern/Least_Tern_0020_153458.jpg,147,146,147.Least_Tern,146,145,gaussian_blur,gaussian_blur,0,"{""sigma"":1.487267}",0.012762888,0.37904793,0.36628504,0.98731822,0.68451279,0.0079125976,0.22714768,0.97940562,0.45736511,-0.52204051,0.62894814,30.964662,1.7343548,53.703708,False,0.9042533,True,True,True,0.62894814,30.964662,1.7343548,53.703708,0.61359937,31.39935,1.6705051,52.452773,0.89629985,24.715053,0.46626098,11.523665,0.33646539,35.047577,0.27046564,9.4791654,0.46524595,38.865282,0.66098704,25.689448,0.66744093,32.403764,0.86300112,27.964485,0.64587082,29.984687,0.83735258,25.107755,0.69075039,26.567297,0.91356519,24.270957
0b_baseline_best,file,13,baseline,8626,147.Least_Tern/Least_Tern_0020_153458.jpg,147,146,147.Least_Tern,146,145,random_erasing,random_erasing,0,"{""area_fraction"":0.146975,""erased"":true,""height"":0.251246,""left"":0.140388,""top"":0.159252,""width"":0.584983}",0.012762888,0.08910282,0.076339931,0.98731822,0.91475153,0.0079125976,0.036466055,0.97940562,0.87828548,-0.10112015,0.72622681,7.5756412,1.7343548,13.138849,False,0.95812023,True,True,True,0.72622681,7.5756412,1.7343548,13.138849,0.71485397,7.6930571,1.6705051,12.851291,0.94318817,5.8632488,0.46626098,2.7338041,0.69637477,7.7008971,0.27046564,2.082828,0.62073186,9.1050527,0.66098704,6.0183219,0.68789388,8.2964705,0.86300112,7.1598633,0.73361171,7.3870096,0.83735258,6.1855315,0.81969055,6.4825529,0.91356519,5.9222347
0b_baseline_best,file,13,baseline,1332,024.Red_faced_Cormorant/Red_Faced_Cormorant_0036_796329.jpg,24,23,024.Red_faced_Cormorant,5,4,identity,identity,0,{},0.77230942,0.77230942,0,0.461945,0.461945,0.19582438,0.19582438,0.26612061,0.26612061,0,1,1,73.301578,73.301578,False,0.99999994,True,True,True,1,1,73.301578,73.301578,1,1,71.871661,71.871661,1,1,14.407833,14.407833,1,1,18.985837,18.985837,1,1,29.159375,29.159375,1,1,34.249278,34.249278,1,1,37.233685,37.233685,1,1,37.355645,37.355645
0b_baseline_best,file,13,baseline,1332,024.Red_faced_Cormorant/Red_Faced_Cormorant_0036_796329.jpg,24,23,024.Red_faced_Cormorant,5,4,horizontal_flip,horizontal_flip,0,"{""flipped"":true}",0.77230942,0.30329496,-0.46901447,0.461945,0.73838127,0.19582438,0.010093895,0.26612061,0.72828737,0.46216676,0.49621554,0.51391928,73.301578,37.671094,False,0.92962235,True,True,True,0.49621554,0.51391928,73.301578,37.671094,0.48057331,0.51270995,71.871661,36.849316,0.86443499,0.54314564,14.407833,7.8255519,0.22723362,0.42209121,18.985837,8.0137547,0.36960345,0.46930264,29.159375,13.684572,0.47432074,0.5290723,34.249278,18.120345,0.46918767,0.52662958,37.233685,19.60836,0.61234334,0.53105992,37.355645,19.838086
0b_baseline_best,file,13,baseline,1332,024.Red_faced_Cormorant/Red_Faced_Cormorant_0036_796329.jpg,24,23,024.Red_faced_Cormorant,5,4,color_jitter,color_jitter,0,"{""brightness"":1.197173,""contrast"":1.22877,""hue"":-0.096109,""saturation"":1.006886}",0.77230942,1.343708,0.57139862,0.461945,0.26087654,0.19582438,0.065588683,0.26612061,0.19528785,-0.070832759,0.46033853,1.4602595,73.301578,107.03933,False,0.87013113,True,True,True,0.46033853,1.4602595,73.301578,107.03933,0.44718763,1.463327,71.871661,105.17174,0.80763695,1.381739,14.407833,19.907865,0.30659894,1.5031937,18.985837,28.539389,0.32632644,1.4794879,29.159375,43.140941,0.38890755,1.5089005,34.249278,51.678754,0.47201608,1.4042083,37.233685,52.283851,0.58656175,1.4616271,37.355645,54.600024
0b_baseline_best,file,13,baseline,1332,024.Red_faced_Cormorant/Red_Faced_Cormorant_0036_796329.jpg,24,23,024.Red_faced_Cormorant,5,4,rotation,rotation,0,"{""angle"":-8.106606}",0.77230942,0.29456133,-0.4777481,0.461945,0.74485826,0.19582438,0.017590713,0.26612061,0.72726755,0.46114694,0.64658154,0.49096684,73.301578,35.988644,False,0.90869272,True,True,True,0.64658154,0.49096684,73.301578,35.988644,0.63859438,0.49221565,71.871661,35.376356,0.86135049,0.45879831,14.407833,6.6102896,0.42377249,0.37423896,18.985837,7.1052398,0.59434233,0.489009,29.159375,14.259197,0.60974469,0.52807884,34.249278,18.086319,0.6564177,0.50132681,37.233685,18.666244,0.72405872,0.4804652,37.355645,17.948087
0b_baseline_best,file,13,baseline,1332,024.Red_faced_Cormorant/Red_Faced_Cormorant_0036_796329.jpg,24,23,024.Red_faced_Cormorant,5,4,random_resized_crop,random_resized_crop,0,"{""area_fraction"":0.532478,""aspect"":0.896379,""fallback"":false,""height"":0.770735,""left"":0.187076,""top"":0.081392,""width"":0.69087}",0.77230942,1.2639539,0.4916445,0.461945,0.28253472,0.19582438,0.13073164,0.26612061,0.15180308,-0.11431754,0.62328293,1.4508786,73.301578,106.35169,False,0.90365458,True,True,True,0.62328293,1.4508786,73.301578,106.35169,0.61495754,1.4601139,71.871661,104.94081,0.88751081,1.1983631,14.407833,17.265817,0.44690348,1.4479227,18.985837,27.490023,0.39703481,1.5425498,29.159375,44.979788,0.63139224,1.5653999,34.249278,53.613818,0.68467134,1.4009258,37.233685,52.161629,0.72704714,1.3750398,37.355645,51.365497
0b_baseline_best,file,13,baseline,1332,024.Red_faced_Cormorant/Red_Faced_Cormorant_0036_796329.jpg,24,23,024.Red_faced_Cormorant,5,4,gaussian_blur,gaussian_blur,0,"{""sigma"":1.877508}",0.77230942,1.258561,0.48625159,0.461945,0.2840625,0.19582438,0.03838608,0.26612061,0.24567642,-0.020444188,0.6165886,1.6387107,73.301578,120.12008,False,0.93667328,True,True,True,0.6165886,1.6387107,73.301578,120.12008,0.60884701,1.6478393,71.871661,118.43295,0.85304383,1.3924134,14.407833,20.061661,0.56441977,1.2236841,18.985837,23.232666,0.58224078,1.7015159,29.159375,49.61514,0.5520919,1.8498655,34.249278,63.356558,0.61020607,1.6537868,37.233685,61.576576,0.70495597,1.5188637,37.355645,56.738133
0b_baseline_best,file,13,baseline,1332,024.Red_faced_Cormorant/Red_Faced_Cormorant_0036_796329.jpg,24,23,024.Red_faced_Cormorant,5,4,random_erasing,random_erasing,0,"{""area_fraction"":0.184219,""erased"":true,""height"":0.475261,""left"":0.508674,""top"":0.042699,""width"":0.387616}",0.77230942,1.9301288,1.1578194,0.461945,0.1451295,0.19582438,0.28922209,0.26612061,-0.14409259,-0.4102132,0.67956911,1.6445823,73.301578,120.55048,False,0.91096401,False,True,False,0.67956911,1.6445823,73.301578,120.55048,0.67065019,1.6431578,71.871661,118.09648,0.89684324,1.6796411,14.407833,24.199989,0.73252875,1.1849359,18.985837,22.496999,0.62406588,1.5511719,29.159375,45.231204,0.64066987,1.6273502,34.249278,55.735571,0.65737186,1.6905725,37.233685,62.946243,0.72962737,1.7607308,37.355645,65.773233
0b_baseline_best,file,13,baseline,3799,066.Western_Gull/Western_Gull_0080_53445.jpg,66,65,066.Western_Gull,59,58,identity,identity,0,{},0.083039135,0.083039135,0,0.92031515,0.92031515,0.063081041,0.063081041,0.85723411,0.85723411,0,1,1,13.238723,13.238723,False,1.0000001,True,True,True,1,1,13.238723,13.238723,1,1,12.658801,12.658801,1,1,3.8753748,3.8753748,1,1,2.9535072,2.9535072,1,1,5.977818,5.977818,1,1,6.2552658,6.2552658,1,1,5.9882344,5.9882344,1,1,6.3875222,6.3875222
0b_baseline_best,file,13,baseline,3799,066.Western_Gull/Western_Gull_0080_53445.jpg,66,65,066.Western_Gull,59,58,horizontal_flip,horizontal_flip,0,"{""flipped"":true}",0.083039135,0.093352497,0.010313362,0.92031515,0.91087234,0.063081041,0.040475648,0.85723411,0.87039669,0.013162587,0.68767366,1.359223,13.238723,17.994377,False,0.98342454,True,True,True,0.68767366,1.359223,13.238723,17.994377,0.67096678,1.3773688,12.658801,17.435838,0.91218682,1.1478886,3.8753748,4.4484986,0.76353155,1.4080996,2.9535072,4.1588324,0.65983366,1.2934753,5.977818,7.7321598,0.62201325,1.4692381,6.2552658,9.1904747,0.65855464,1.3989072,5.9882344,8.3769842,0.72590481,1.3310656,6.3875222,8.502211
0b_baseline_best,file,13,baseline,3799,066.Western_Gull/Western_Gull_0080_53445.jpg,66,65,066.Western_Gull,59,58,color_jitter,color_jitter,0,"{""brightness"":1.263109,""contrast"":1.36606,""hue"":-0.030434,""saturation"":1.391283}",0.083039135,0.073315248,-0.0097238868,0.92031515,0.92930782,0.063081041,0.065653086,0.85723411,0.86365473,0.0064206272,0.75607805,0.79432911,13.238723,10.515903,False,0.95704305,True,True,True,0.75607805,0.79432911,13.238723,10.515903,0.73672287,0.78744991,12.658801,9.968172,0.94720215,0.86432711,3.8753748,3.3495915,0.73742211,0.75547222,2.9535072,2.2312926,0.62306042,0.65908684,5.977818,3.9399011,0.74962274,0.78132923,6.2552658,4.887422,0.7599708,0.79646912,5.9882344,4.7694438,0.79440287,0.88876607,6.3875222,5.6770131
0b_baseline_best,file,13,baseline,3799,066.Western_Gull/Western_Gull_0080_53445.jpg,66,65,066.Western_Gull,59,58,rotation,rotation,0,"{""angle"":-5.92186}",0.083039135,0.41525561,0.33221647,0.92031515,0.66017151,0.063081041,0.25493079,0.85723411,0.40524071,-0.45199339,0.83562293,4.7521476,13.238723,62.912365,False,0.97961855,True,True,True,0.83562293,4.7521476,13.238723,62.912365,0.82571725,4.8189647,12.658801,61.002318,0.97853309,3.9698098,3.8753748,15.384501,0.84076585,4.8732529,2.9535072,14.393188,0.84493843,4.5315845,5.977818,27.088987,0.82085212,5.0950567,6.2552658,31.870934,0.79391361,4.9735578,5.9882344,29.78283,0.84468271,4.6376625,6.3875222,29.623172
0b_baseline_best,file,13,baseline,3799,066.Western_Gull/Western_Gull_0080_53445.jpg,66,65,066.Western_Gull,59,58,random_resized_crop,random_resized_crop,0,"{""area_fraction"":0.547107,""aspect"":1.088839,""fallback"":false,""height"":0.70885,""left"":0.105232,""top"":0.059966,""width"":0.771823}",0.083039135,0.72257423,0.6395351,0.92031515,0.48550084,0.063081041,0.13375032,0.85723411,0.35175052,-0.50548358,0.58803612,5.2357219,13.238723,69.314272,False,0.89652437,True,True,True,0.58803612,5.2357219,13.238723,69.314272,0.57178002,5.2779218,12.658801,66.812164,0.78313618,4.7622321,3.8753748,18.455434,0.58941112,5.5929574,2.9535072,16.51884,0.59102599,4.5326256,5.977818,27.095211,0.5915511,5.1474339,6.2552658,32.198567,0.51603894,5.517907,5.9882344,33.042521,0.59215942,5.70576,6.3875222,36.445669
0b_baseline_best,file,13,baseline,3799,066.Western_Gull/Western_Gull_0080_53445.jpg,66,65,066.Western_Gull,59,58,gaussian_blur,gaussian_blur,0,"{""sigma"":1.510184}",0.083039135,1.2205495,1.1375103,0.92031515,0.295068,0.063081041,0.64216775,0.85723411,-0.34709975,-1.2043339,0.69525762,12.119444,13.238723,160.44595,False,0.96140373,False,True,False,0.69525762,12.119444,13.238723,160.44595,0.67917194,12.359339,12.658801,156.45442,0.95537046,9.1773524,3.8753748,35.56568,0.42155763,10.510589,2.9535072,31.043101,0.54777192,11.740476,5.977818,70.182426,0.74615948,13.989703,6.2552658,87.509309,0.70770744,13.297485,5.9882344,79.62846,0.76428865,10.60674,6.3875222,67.750787
0b_baseline_best,file,13,baseline,3799,066.Western_Gull/Western_Gull_0080_53445.jpg,66,65,066.Western_Gull,59,58,random_erasing,random_erasing,0,"{""area_fraction"":0.150842,""erased"":true,""height"":0.223875,""left"":0.285105,""top"":0.713346,""width"":0.673777}",0.083039135,0.1665432,0.083504066,0.92031515,0.84658623,0.063081041,0.077298626,0.85723411,0.7692876,-0.087946504,0.76325537,1.5688653,13.238723,20.769773,False,0.94017506,True,True,True,0.76325537,1.5688653,13.238723,20.769773,0.75058516,1.579641,12.658801,19.996362,0.91326598,1.4489098,3.8753748,5.6150686,0.65381579,1.1422168,2.9535072,3.3735456,0.75307947,1.3990022,5.977818,8.3629806,0.76673088,1.6399916,6.2552658,10.258583,0.73114257,1.6518826,5.9882344,9.8918603,0.7769404,1.6821259,6.3875222,10.744617
0b_baseline_best,file,13,baseline,861,016.Painted_Bunting/Painted_Bunting_0028_15205.jpg,16,15,016.Painted_Bunting,97,96,identity,identity,0,{},0.00045491836,0.00045491836,0,0.99954516,0.99954516,0.00028366948,0.00028366948,0.99926149,0.99926149,0,1,1,0.085290513,0.085290513,False,1,True,True,True,1,1,0.085290513,0.085290513,1,1,0.083206748,0.083206748,1,1,0.018737896,0.018737896,1,1,0.014547269,0.014547269,1,1,0.033749936,0.033749936,1,1,0.044938604,0.044938604,1,1,0.038413001,0.038413001,1,1,0.04558119,0.04558119
0b_baseline_best,file,13,baseline,861,016.Painted_Bunting/Painted_Bunting_0028_15205.jpg,16,15,016.Painted_Bunting,97,96,horizontal_flip,horizontal_flip,0,"{""flipped"":true}",0.00045491836,0.0046786126,0.0042236942,0.99954516,0.9953323,0.00028366948,0.0019614587,0.99926149,0.99337084,-0.0058906455,0.74524799,8.8643281,0.085290513,0.75604309,False,0.98258817,True,True,True,0.74524799,8.8643281,0.085290513,0.75604309,0.73476765,8.8905685,0.083206748,0.73975529,0.96732042,8.3300374,0.018737896,0.15608737,0.67840485,8.2074365,0.014547269,0.11939579,0.63852612,7.9933921,0.033749936,0.26977647,0.7549455,8.6327328,0.044938604,0.38794296,0.68109916,9.3211928,0.038413001,0.35805499,0.80877947,9.3465806,0.04558119,0.42602826
0b_baseline_best,file,13,baseline,861,016.Painted_Bunting/Painted_Bunting_0028_15205.jpg,16,15,016.Painted_Bunting,97,96,color_jitter,color_jitter,0,"{""brightness"":0.662524,""contrast"":1.307215,""hue"":-0.049374,""saturation"":1.264882}",0.00045491836,0.00071202195,0.00025710359,0.99954516,0.99928826,0.00028366948,9.9129365e-06,0.99926149,0.99927835,1.6860521e-05,0.32786193,1.3050671,0.085290513,0.11130984,False,0.93136787,True,True,True,0.32786193,1.3050671,0.085290513,0.11130984,0.30606967,1.3034059,0.083206748,0.10845216,0.74675441,1.3374019,0.018737896,0.025060098,-0.11113637,1.618212,0.014547269,0.023540565,0.011423285,1.2801049,0.033749936,0.043203457,0.13190661,1.1053249,0.044938604,0.049671757,0.3323203,1.4412442,0.038413001,0.055362514,0.63353527,1.353983,0.04558119,0.061716154
0b_baseline_best,file,13,baseline,861,016.Painted_Bunting/Painted_Bunting_0028_15205.jpg,16,15,016.Painted_Bunting,97,96,rotation,rotation,0,"{""angle"":0.67264}",0.00045491836,8.6661399e-05,-0.00036825697,0.99954516,0.99991333,0.00028366948,3.0087445e-05,0.99926149,0.99988325,0.00062175992,0.87425345,0.15551847,0.085290513,0.01326425,False,0.98918676,True,True,True,0.87425345,0.15551847,0.085290513,0.01326425,0.86986679,0.15425582,0.083206748,0.012835125,0.95784165,0.17860205,0.018737896,0.0033466266,0.85501137,0.13955389,0.014547269,0.0020301279,0.84472415,0.13595721,0.033749936,0.0045885473,0.87861319,0.13958609,0.044938604,0.0062728042,0.84102963,0.15965122,0.038413001,0.0061326826,0.90702307,0.17358957,0.04558119,0.0079124191
0b_baseline_best,file,13,baseline,861,016.Painted_Bunting/Painted_Bunting_0028_15205.jpg,16,15,016.Painted_Bunting,97,96,random_resized_crop,random_resized_crop,0,"{""area_fraction"":0.61746,""aspect"":1.126331,""fallback"":false,""height"":0.740409,""left"":0.151067,""top"":0.185246,""width"":0.833945}",0.00045491836,0.00015281464,-0.00030210373,0.99954516,0.99984717,0.00028366948,2.4249248e-05,0.99926149,0.99982292,0.00056143696,0.54719105,0.29515797,0.085290513,0.025174175,False,0.96311271,True,True,True,0.54719105,0.29515797,0.085290513,0.025174175,0.53045463,0.29417327,0.083206748,0.024477201,0.85752409,0.31394468,0.018737896,0.0058826627,0.47296644,0.28193629,0.014547269,0.004101403,0.27135968,0.2642841,0.033749936,0.0089195717,0.41570912,0.27836037,0.044938604,0.012509127,0.54475807,0.30144992,0.038413001,0.011579596,0.74469493,0.31957628,0.04558119,0.014566667
0b_baseline_best,file,13,baseline,861,016.Painted_Bunting/Painted_Bunting_0028_15205.jpg,16,15,016.Painted_Bunting,97,96,gaussian_blur,gaussian_blur,0,"{""sigma"":1.598098}",0.00045491836,0.0011788808,0.00072396244,0.99954516,0.99882179,0.00028366948,1.1650573e-05,0.99926149,0.99881014,-0.00045134306,0.13853929,2.8051793,0.085290513,0.23925518,False,0.90509921,True,True,True,0.13853929,2.8051793,0.085290513,0.23925518,0.11503149,2.8214736,0.083206748,0.23476565,0.67100636,2.461946,0.018737896,0.046131687,0.034581742,4.0689004,0.014547269,0.059191388,-0.049180161,3.6064125,0.033749936,0.12171619,-0.04018517,2.6899646,0.044938604,0.12088325,0.14946389,2.9735003,0.038413001,0.11422107,0.45484841,2.0971135,0.04558119,0.095588926
0b_baseline_best,file,13,baseline,861,016.Painted_Bunting/Painted_Bunting_0028_15205.jpg,16,15,016.Painted_Bunting,97,96,random_erasing,random_erasing,0,"{""area_fraction"":0.182553,""erased"":true,""height"":0.325404,""left"":0.247809,""top"":0.429454,""width"":0.561003}",0.00045491836,0.0086593134,0.0082043951,0.99954516,0.99137807,0.00028366948,0.00019653242,0.99926149,0.99118154,-0.008079951,0.39025278,13.361623,0.085290513,1.1396197,False,0.87594688,True,True,True,0.39025278,13.361623,0.085290513,1.1396197,0.36990954,13.229114,0.083206748,1.1007515,0.73282555,15.748391,0.018737896,0.29509171,0.17672021,9.8485075,0.014547269,0.14326889,0.10399033,12.725474,0.033749936,0.42948393,0.3251241,11.998039,0.044938604,0.53917511,0.36746137,14.855971,0.038413001,0.57066245,0.56437838,13.706199,0.04558119,0.62474485
0b_baseline_best,file,13,baseline,8361,143.Caspian_Tern/Caspian_Tern_0101_145164.jpg,143,142,143.Caspian_Tern,145,144,identity,identity,0,{},0.31488025,0.31488025,0,0.72987628,0.72987628,0.25369257,0.25369257,0.47618371,0.47618371,0,1,1,47.992698,47.992698,False,1,True,True,True,1,1,47.992698,47.992698,1,1,46.600456,46.600456,1,1,11.475912,11.475912,1,1,7.7280017,7.7280017,1,1,23.703341,23.703341,1,1,26.074759,26.074759,1,1,20.843278,20.843278,1,1,20.873352,20.873352
0b_baseline_best,file,13,baseline,8361,143.Caspian_Tern/Caspian_Tern_0101_145164.jpg,143,142,143.Caspian_Tern,145,144,horizontal_flip,horizontal_flip,0,"{""flipped"":true}",0.31488025,0.090596735,-0.22428352,0.72987628,0.91338599,0.25369257,0.06926731,0.47618371,0.84411868,0.36793496,0.75554042,0.26144638,47.992698,12.547517,False,0.97049415,True,True,True,0.75554042,0.26144638,47.992698,12.547517,0.74132498,0.25911496,46.600456,12.074875,0.96653412,0.29726516,11.475912,3.4113888,0.75654778,0.25926584,7.7280017,2.0036069,0.73070984,0.23195978,23.703341,5.4982219,0.78066291,0.25822906,26.074759,6.7332604,0.69399167,0.26023615,20.843278,5.4241744,0.74768652,0.29062126,20.873352,6.0662398
0b_baseline_best,file,13,baseline,8361,143.Caspian_Tern/Caspian_Tern_0101_145164.jpg,143,142,143.Caspian_Tern,145,144,color_jitter,color_jitter,0,"{""brightness"":1.228593,""contrast"":0.607968,""hue"":-0.075495,""saturation"":0.959277}",0.31488025,1.7242236,1.4093434,0.72987628,0.17831144,0.25369257,0.19474955,0.47618371,-0.016438112,-0.49262182,0.33112985,3.6248078,47.992698,173.96431,False,0.91499412,False,True,False,0.33112985,3.6248078,47.992698,173.96431,0.31754466,3.6888525,46.600456,171.90221,0.72060121,2.3271349,11.475912,26.705996,0.27623522,4.0182625,7.7280017,31.053139,0.035125833,3.9410421,23.703341,93.415867,0.38726018,3.6976785,26.074759,96.416075,0.44308537,3.7877893,20.843278,78.949946,0.5074167,3.1526193,20.873352,65.805733
0b_baseline_best,file,13,baseline,8361,143.Caspian_Tern/Caspian_Tern_0101_145164.jpg,143,142,143.Caspian_Tern,145,144,rotation,rotation,0,"{""angle"":-9.252853}",0.31488025,0.78310519,0.46822494,0.72987628,0.45698476,0.25369257,0.40517128,0.47618371,0.051813483,-0.42437023,0.80651706,1.6077548,47.992698,77.160492,False,0.96290672,True,True,True,0.80651706,1.6077548,47.992698,77.160492,0.79740695,1.6067419,46.600456,74.874906,0.95515317,1.6243658,11.475912,18.641079,0.6963985,2.0484518,7.7280017,15.830439,0.831896,1.3516143,23.703341,32.037776,0.82604737,1.5444157,26.074759,40.270266,0.77845268,1.7170668,20.843278,35.789301,0.78296276,1.8095403,20.873352,37.771172
0b_baseline_best,file,13,baseline,8361,143.Caspian_Tern/Caspian_Tern_0101_145164.jpg,143,142,143.Caspian_Tern,145,144,random_resized_crop,random_resized_crop,0,"{""area_fraction"":0.629094,""aspect"":0.932128,""fallback"":false,""height"":0.821524,""left"":0.232923,""top"":0.09267,""width"":0.765765}",0.31488025,0.80620015,0.49131989,0.72987628,0.44655168,0.25369257,0.43050078,0.47618371,0.016050905,-0.46013281,0.72019464,1.3799278,47.992698,66.226459,False,0.93639457,True,True,True,0.72019464,1.3799278,47.992698,66.226459,0.7053772,1.3537736,46.600456,63.086469,0.93125443,1.7558923,11.475912,20.150466,0.61841034,1.8147333,7.7280017,14.024262,0.70946772,1.0319045,23.703341,24.459584,0.74084594,1.3050299,26.074759,34.028341,0.6884171,1.3991782,20.843278,29.16346,0.72567077,1.6432617,20.873352,34.30038
0b_baseline_best,file,13,baseline,8361,143.Caspian_Tern/Caspian_Tern_0101_145164.jpg,143,142,143.Caspian_Tern,145,144,gaussian_blur,gaussian_blur,0,"{""sigma"":1.375936}",0.31488025,3.5847561,3.2698759,0.72987628,0.027743436,0.25369257,0.94230509,0.47618371,-0.91456165,-1.3907454,0.70365852,3.5506031,47.992698,170.40302,False,0.88785553,False,True,False,0.70365852,3.5506031,47.992698,170.40302,0.69279915,3.5559079,46.600456,165.70693,0.88782106,3.461959,11.475912,39.729138,0.73905399,3.9856533,7.7280017,30.801135,0.70104258,3.2553095,23.703341,77.161713,0.71404457,3.6673188,26.074759,95.624453,0.66242608,3.6582765,20.843278,76.250475,0.67777241,3.5844564,20.873352,74.81962
0b_baseline_best,file,13,baseline,8361,143.Caspian_Tern/Caspian_Tern_0101_145164.jpg,143,142,143.Caspian_Tern,145,144,random_erasing,random_erasing,0,"{""area_fraction"":0.089848,""erased"":true,""height"":0.261058,""left"":0.381827,""top"":0.176654,""width"":0.34417}",0.31488025,0.17793593,-0.13694432,0.72987628,0.83699608,0.25369257,0.14208457,0.47618371,0.69491151,0.2187278,0.95176157,0.57970623,47.992698,27.821666,False,0.98737925,True,True,True,0.95176157,0.57970623,47.992698,27.821666,0.94968892,0.58016974,46.600456,27.036175,0.98651619,0.57200898,11.475912,6.5643248,0.95098874,0.54446455,7.7280017,4.2076229,0.96965925,0.58294791,23.703341,13.817813,0.96381488,0.58189241,26.074759,15.172704,0.92723547,0.57738104,20.843278,12.034514,0.92415282,0.58140272,20.873352,12.135824
0b_baseline_best,file,13,baseline,1973,035.Purple_Finch/Purple_Finch_0134_27526.jpg,35,34,035.Purple_Finch,119,118,identity,identity,0,{},0.050360065,0.050360065,0,0.95088696,0.95088696,0.028757207,0.028757207,0.92212976,0.92212976,0,1,1,10.727602,10.727602,False,1,True,True,True,1,1,10.727602,10.727602,1,1,10.603013,10.603013,1,1,1.6302047,1.6302047,1,1,2.2233227,2.2233227,1,1,5.4179475,5.4179475,1,1,5.6281735,5.6281735,1,1,5.2143546,5.2143546,1,1,4.3887042,4.3887042
0b_baseline_best,file,13,baseline,1973,035.Purple_Finch/Purple_Finch_0134_27526.jpg,35,34,035.Purple_Finch,119,118,horizontal_flip,horizontal_flip,0,"{""flipped"":true}",0.050360065,0.013376375,-0.03698369,0.95088696,0.98671269,0.028757207,0.0059199231,0.92212976,0.98079277,0.058663013,0.63828629,0.28480526,10.727602,3.0552774,False,0.95430011,True,True,True,0.63828629,0.28480526,10.727602,3.0552774,0.63155078,0.28497944,10.603013,3.0216405,0.93130279,0.27733682,1.6302047,0.45211579,0.59794774,0.27006472,2.2233227,0.60044103,0.67492236,0.28820675,5.4179475,1.561489,0.63360849,0.3049929,5.6281735,1.7165529,0.52923393,0.27217191,5.2143546,1.4192008,0.71773343,0.26678323,4.3887042,1.1708327
0b_baseline_best,file,13,baseline,1973,035.Purple_Finch/Purple_Finch_0134_27526.jpg,35,34,035.Purple_Finch,119,118,color_jitter,color_jitter,0,"{""brightness"":1.33967,""contrast"":1.206209,""hue"":-0.07596,""saturation"":1.347234}",0.050360065,2.7962024,2.7458424,0.95088696,0.061041426,0.028757207,0.0021294125,0.92212976,0.058912013,-0.86321774,0.35114705,14.383541,10.727602,154.3009,False,0.81438529,False,True,False,0.35114705,14.383541,10.727602,154.3009,0.34434657,14.281021,10.603013,151.42185,0.58695875,18.198947,1.6302047,29.668009,0.33296325,13.201368,2.2233227,29.350902,0.43858066,12.123791,5.4179475,65.686062,0.26597281,13.29178,5.6281735,74.808445,0.31921412,14.943361,5.2143546,77.919984,0.38957303,17.773797,4.3887042,78.003939
0b_baseline_best,file,13,baseline,1973,035.Purple_Finch/Purple_Finch_0134_27526.jpg,35,34,035.Purple_Finch,119,118,rotation,rotation,0,"{""angle"":-11.879495}",0.050360065,0.096986718,0.046626654,0.95088696,0.90756804,0.028757207,0.033343691,0.92212976,0.87422435,-0.047905412,0.81837671,1.8083517,10.727602,19.399277,False,0.96562803,True,True,True,0.81837671,1.8083517,10.727602,19.399277,0.81570287,1.8117762,10.603013,19.210285,0.94524868,1.6570169,1.6302047,2.7012767,0.86095079,2.0332183,2.2233227,4.5205004,0.86163316,1.8567625,5.4179475,10.059842,0.82770514,1.8886088,5.6281735,10.629418,0.76517564,1.7055736,5.2143546,8.8934653,0.78216985,1.6947692,4.3887042,7.437841
0b_baseline_best,file,13,baseline,1973,035.Purple_Finch/Purple_Finch_0134_27526.jpg,35,34,035.Purple_Finch,119,118,random_resized_crop,random_resized_crop,0,"{""area_fraction"":0.606105,""aspect"":0.862266,""fallback"":false,""height"":0.838404,""left"":0.266572,""top"":0.021676,""width"":0.722927}",0.050360065,0.0038757222,-0.046484343,0.95088696,0.99613178,0.028757207,0.0012353722,0.92212976,0.99489641,0.072766648,0.7313312,0.072063105,10.727602,0.7730643,False,0.95295352,True,True,True,0.7313312,0.072063105,10.727602,0.7730643,0.72658539,0.07201675,10.603013,0.7635945,0.92698322,0.073997509,1.6302047,0.12063109,0.76634548,0.06872248,2.2233227,0.15279225,0.73917168,0.065908787,5.4179475,0.35709035,0.71017003,0.072452955,5.6281735,0.4077778,0.72702588,0.072566557,5.2143546,0.37838776,0.73357772,0.079833979,4.3887042,0.35036772
0b_baseline_best,file,13,baseline,1973,035.Purple_Finch/Purple_Finch_0134_27526.jpg,35,34,035.Purple_Finch,119,118,gaussian_blur,gaussian_blur,0,"{""sigma"":1.782156}",0.050360065,3.3449457,3.2945856,0.95088696,0.035262134,0.028757207,0.17835721,0.92212976,-0.14309508,-1.0652248,0.45152225,19.316343,10.727602,207.21803,False,0.79683828,False,True,False,0.45152225,19.316343,10.727602,207.21803,0.44623704,19.338775,10.603013,205.04927,0.68786867,18.342294,1.6302047,29.901694,0.41001305,22.841664,2.2233227,50.78439,0.42196328,21.23485,5.4179475,115.0493,0.42690117,19.29708,5.6281735,108.60731,0.49620166,18.856385,5.2143546,98.323878,0.48024933,15.731546,4.3887042,69.041101
0b_baseline_best,file,13,baseline,1973,035.Purple_Finch/Purple_Finch_0134_27526.jpg,35,34,035.Purple_Finch,119,118,random_erasing,random_erasing,0,"{""area_fraction"":0.130414,""erased"":true,""height"":0.429107,""left"":0.089344,""top"":0.000885,""width"":0.303918}",0.050360065,0.053741377,0.0033813119,0.95088696,0.9476772,0.028757207,0.027193295,0.92212976,0.9204839,-0.0016458575,0.97237232,0.98344497,10.727602,10.550006,False,0.99022257,True,True,True,0.97237232,0.98344497,10.727602,10.550006,0.97198571,0.98255233,10.603013,10.418015,0.98880025,1.0204918,1.6302047,1.6636105,0.9761975,0.98193064,2.2233227,2.1831487,0.98819741,0.95335784,5.4179475,5.1652427,0.98012697,0.98912148,5.6281735,5.5669473,0.96353504,0.9883349,5.2143546,5.1535286,0.94709724,1.0072083,4.3887042,4.4203393
0b_baseline_best,file,13,baseline,1837,033.Yellow_billed_Cuckoo/Yellow_Billed_Cuckoo_0097_26713.jpg,33,32,033.Yellow_billed_Cuckoo,31,30,identity,identity,0,{},0.71897191,0.71897191,0,0.48725295,0.48725295,0.22653081,0.22653081,0.26072215,0.26072215,0,1,1,66.127667,66.127667,False,1,True,True,True,1,1,66.127667,66.127667,1,1,64.037453,64.037453,1,1,16.494635,16.494635,1,1,10.703175,10.703175,1,1,23.664618,23.664618,1,1,34.71884,34.71884,1,1,31.458847,31.458847,1,1,35.087981,35.087981
0b_baseline_best,file,13,baseline,1837,033.Yellow_billed_Cuckoo/Yellow_Billed_Cuckoo_0097_26713.jpg,33,32,033.Yellow_billed_Cuckoo,31,30,horizontal_flip,horizontal_flip,0,"{""flipped"":true}",0.71897191,0.24982713,-0.46914478,0.48725295,0.77893543,0.22653081,0.078224145,0.26072215,0.70071129,0.43998914,0.60623536,0.42801043,66.127667,28.303331,False,0.9497304,True,True,True,0.60623536,0.42801043,66.127667,28.303331,0.58382302,0.42755198,64.037453,27.37934,0.93844641,0.4348619,16.494635,7.1728884,0.48787671,0.5970134,10.703175,6.3899387,0.52569288,0.44760687,23.664618,10.592446,0.52436336,0.4025712,34.71884,13.976805,0.54557836,0.42220042,31.458847,13.281938,0.71477855,0.42734104,35.087981,14.994534
0b_baseline_best,file,13,baseline,1837,033.Yellow_billed_Cuckoo/Yellow_Billed_Cuckoo_0097_26713.jpg,33,32,033.Yellow_billed_Cuckoo,31,30,color_jitter,color_jitter,0,"{""brightness"":1.362076,""contrast"":1.218716,""hue"":0.070342,""saturation"":0.98155}",0.71897191,1.4645886,0.74561673,0.48725295,0.23117308,0.22653081,0.10270616,0.26072215,0.12846692,-0.13225523,0.41857613,1.5249004,66.127667,100.8381,False,0.79775631,True,True,True,0.41857613,1.5249004,66.127667,100.8381,0.39806062,1.5272328,64.037453,97.800099,0.73579387,1.4893026,16.494635,24.565503,0.40915618,2.0697328,10.703175,22.152711,0.40313003,1.423003,23.664618,33.674822,0.31670848,1.3436001,34.71884,46.648236,0.35915725,1.5958508,31.458847,50.203625,0.49768893,1.6231526,35.087981,56.953148
0b_baseline_best,file,13,baseline,1837,033.Yellow_billed_Cuckoo/Yellow_Billed_Cuckoo_0097_26713.jpg,33,32,033.Yellow_billed_Cuckoo,31,30,rotation,rotation,0,"{""angle"":-1.658042}",0.71897191,0.63585037,-0.083121538,0.48725295,0.52948505,0.22653081,0.183302,0.26072215,0.34618305,0.085460901,0.79801434,0.79038258,66.127667,52.266156,False,0.98344547,True,True,True,0.79801434,0.79038258,66.127667,52.266156,0.78506784,0.786385,64.037453,50.358092,0.98103814,0.84835706,16.494635,13.99334,0.64133389,0.94739321,10.703175,10.140115,0.72528401,0.74756346,23.664618,17.690804,0.72866713,0.72381316,34.71884,25.129953,0.78447295,0.78900542,31.458847,24.821201,0.87812949,0.84185134,35.087981,29.538863
0b_baseline_best,file,13,baseline,1837,033.Yellow_billed_Cuckoo/Yellow_Billed_Cuckoo_0097_26713.jpg,33,32,033.Yellow_billed_Cuckoo,31,30,random_resized_crop,random_resized_crop,0,"{""area_fraction"":0.553981,""aspect"":0.773337,""fallback"":false,""height"":0.846375,""left"":0.11015,""top"":0.136618,""width"":0.654533}",0.71897191,1.5467212,0.82774931,0.48725295,0.21294503,0.22653081,0.36474231,0.26072215,-0.15179728,-0.41251943,0.52984043,1.5842659,66.127667,104.76381,False,0.89712715,False,True,False,0.52984043,1.5842659,66.127667,104.76381,0.51260135,1.6054464,64.037453,102.8087,0.89036146,1.2213143,16.494635,20.145134,0.63882377,1.8238824,10.703175,19.521332,0.43490939,1.6592825,23.664618,39.266287,0.46797619,1.4917764,34.71884,51.792747,0.45746904,1.7418843,31.458847,54.797672,0.63213749,1.550931,35.087981,54.419035
0b_baseline_best,file,13,baseline,1837,033.Yellow_billed_Cuckoo/Yellow_Billed_Cuckoo_0097_26713.jpg,33,32,033.Yellow_billed_Cuckoo,31,30,gaussian_blur,gaussian_blur,0,"{""sigma"":1.126798}",0.71897191,0.94788563,0.22891372,0.48725295,0.38755959,0.22653081,0.022146022,0.26072215,0.36541357,0.10469143,0.32019142,1.1605802,66.127667,76.746461,False,0.83311564,True,True,True,0.32019142,1.1605802,66.127667,76.746461,0.29953773,1.1779532,64.037453,75.433121,0.76359099,0.85708533,16.494635,14.13731,0.168832,1.522585,10.703175,16.296493,-0.031642468,1.4086087,23.664618,33.334187,0.18780637,1.1508282,34.71884,39.95542,0.36241652,1.1296661,31.458847,35.537993,0.58053911,1.0867457,35.087981,38.131712
0b_baseline_best,file,13,baseline,1837,033.Yellow_billed_Cuckoo/Yellow_Billed_Cuckoo_0097_26713.jpg,33,32,033.Yellow_billed_Cuckoo,31,30,random_erasing,random_erasing,0,"{""area_fraction"":0.074743,""erased"":true,""height"":0.375881,""left"":0.268477,""top"":0.544156,""width"":0.198847}",0.71897191,1.0561671,0.33719522,0.48725295,0.34778625,0.22653081,0.16033857,0.26072215,0.18744768,-0.073274463,0.83088895,1.3220017,66.127667,87.420888,False,0.96546483,True,True,True,0.83088895,1.3220017,66.127667,87.420888,0.82398886,1.3286375,64.037453,85.082561,0.94735675,1.2176118,16.494635,20.084063,0.76300378,1.4767604,10.703175,15.806024,0.84867554,1.3864306,23.664618,32.80935,0.83979229,1.2860792,34.71884,44.651177,0.78551143,1.3294712,31.458847,41.823631,0.83580545,1.3275563,35.087981,46.581269
0b_baseline_best,file,13,baseline,4840,083.White_breasted_Kingfisher/White_Breasted_Kingfisher_0074_73408.jpg,83,82,083.White_breasted_Kingfisher,191,190,identity,identity,0,{},0.48378584,0.48378584,0,0.61644518,0.61644518,0.046058644,0.046058644,0.57038654,0.57038654,0,1,1,51.139996,51.139996,False,1,True,True,True,1,1,51.139996,51.139996,1,1,50.220796,50.220796,1,1,9.6525032,9.6525032,1,1,11.261123,11.261123,1,1,20.728821,20.728821,1,1,26.351008,26.351008,1,1,25.092022,25.092022,1,1,25.330739,25.330739
0b_baseline_best,file,13,baseline,4840,083.White_breasted_Kingfisher/White_Breasted_Kingfisher_0074_73408.jpg,83,82,083.White_breasted_Kingfisher,191,190,horizontal_flip,horizontal_flip,0,"{""flipped"":true}",0.48378584,0.096009172,-0.38777667,0.61644518,0.90845567,0.046058644,0.001946727,0.57038654,0.90650894,0.3361224,0.52373456,0.23033779,51.139996,11.779474,False,0.93603444,True,True,True,0.52373456,0.23033779,51.139996,11.779474,0.50622364,0.22836529,50.220796,11.468687,0.92234775,0.27847467,9.6525032,2.6879776,0.48420616,0.21862911,11.261123,2.4620092,0.35962124,0.19300689,20.728821,4.0008053,0.4401765,0.19879227,26.351008,5.2383766,0.45538529,0.24170393,25.092022,6.0648403,0.69410294,0.2655298,25.330739,6.726066
0b_baseline_best,file,13,baseline,4840,083.White_breasted_Kingfisher/White_Breasted_Kingfisher_0074_73408.jpg,83,82,083.White_breasted_Kingfisher,191,190,color_jitter,color_jitter,0,"{""brightness"":1.021979,""contrast"":0.722407,""hue"":-0.098743,""saturation"":0.994786}",0.48378584,4.1503916,3.6666057,0.61644518,0.015758246,0.046058644,0.0022308321,0.57038654,0.013527414,-0.55685913,0.50421747,2.5398686,51.139996,129.88887,False,0.75434291,False,True,False,0.50421747,2.5398686,51.139996,129.88887,0.49642878,2.5472853,50.220796,127.9267,0.73664146,2.3301461,9.6525032,22.491743,0.63390372,1.8161586,11.261123,20.451985,0.47719901,2.2399774,20.728821,46.432089,0.53837296,2.5239176,26.351008,66.507772,0.42859608,2.6765908,25.092022,67.161075,0.52014855,2.7513238,25.330739,69.693065
0b_baseline_best,file,13,baseline,4840,083.White_breasted_Kingfisher/White_Breasted_Kingfisher_0074_73408.jpg,83,82,083.White_breasted_Kingfisher,191,190,rotation,rotation,0,"{""angle"":12.349149}",0.48378584,0.21657784,-0.267208,0.61644518,0.80526984,0.046058644,0.036385514,0.57038654,0.76888432,0.19849778,0.6858319,0.46800865,51.139996,23.933961,False,0.9598884,True,True,True,0.6858319,0.46800865,51.139996,23.933961,0.67421167,0.46206866,50.220796,23.205456,0.94974597,0.60711123,9.6525032,5.8601431,0.65824952,0.38068728,11.261123,4.2869662,0.58944754,0.41897516,20.728821,8.684861,0.63502617,0.42998941,26.351008,11.330654,0.66105949,0.4862945,25.092022,12.202112,0.78055587,0.51079516,25.330739,12.938819
0b_baseline_best,file,13,baseline,4840,083.White_breasted_Kingfisher/White_Breasted_Kingfisher_0074_73408.jpg,83,82,083.White_breasted_Kingfisher,191,190,random_resized_crop,random_resized_crop,0,"{""area_fraction"":0.732499,""aspect"":1.307661,""fallback"":false,""height"":0.748438,""left"":0.006097,""top"":0.107132,""width"":0.978704}",0.48378584,0.57959336,0.095807523,0.61644518,0.56012607,0.046058644,0.081579193,0.57038654,0.47854687,-0.091839667,0.71212313,1.4281227,51.139996,73.034187,False,0.9466576,True,True,True,0.71212313,1.4281227,51.139996,73.034187,0.70503222,1.4345728,50.220796,72.045388,0.94131578,1.2408445,9.6525032,11.977255,0.63749435,1.4149714,11.261123,15.934166,0.67279201,1.570589,20.728821,32.556458,0.71720687,1.4968855,26.351008,39.44444,0.68396007,1.482864,25.092022,37.208056,0.7720836,1.2080533,25.330739,30.600882
0b_baseline_best,file,13,baseline,4840,083.White_breasted_Kingfisher/White_Breasted_Kingfisher_0074_73408.jpg,83,82,083.White_breasted_Kingfisher,191,190,gaussian_blur,gaussian_blur,0,"{""sigma"":1.310556}",0.48378584,3.9148688,3.431083,0.61644518,0.019943167,0.046058644,0.01394402,0.57038654,0.005999147,-0.56438739,0.60267568,2.7356337,51.139996,139.9003,False,0.84363472,False,True,False,0.60267568,2.7356337,51.139996,139.9003,0.59616153,2.7513847,50.220796,138.17673,0.82753329,2.2680727,9.6525032,21.892579,0.6447222,2.6082497,11.261123,29.37182,0.62433693,2.8001594,20.728821,58.044001,0.58520136,2.7876141,26.351008,73.45644,0.56023295,2.9013498,25.092022,72.800733,0.62172403,2.5478287,25.330739,64.538384
0b_baseline_best,file,13,baseline,4840,083.White_breasted_Kingfisher/White_Breasted_Kingfisher_0074_73408.jpg,83,82,083.White_breasted_Kingfisher,191,190,random_erasing,random_erasing,0,"{""area_fraction"":0.126766,""erased"":true,""height"":0.42848,""left"":0.339544,""top"":0.056128,""width"":0.295849}",0.48378584,2.0909684,1.6071825,0.61644518,0.12356741,0.046058644,0.029371796,0.57038654,0.094195614,-0.47619093,0.71865678,2.7325345,51.139996,139.74181,False,0.89261389,True,True,True,0.71865678,2.7325345,51.139996,139.74181,0.71396585,2.7482254,50.220796,138.01807,0.88556722,2.2668885,9.6525032,21.881149,0.8131415,2.5936704,11.261123,29.207641,0.76270212,2.972941,20.728821,61.62556,0.69634372,2.8848825,26.351008,76.01956,0.66166725,2.7656534,25.092022,69.395835,0.74251913,2.4346707,25.330739,61.672007
0b_baseline_best,file,13,baseline,8917,152.Blue_headed_Vireo/Blue_Headed_Vireo_0031_156056.jpg,152,151,152.Blue_headed_Vireo,157,156,identity,identity,0,{},0.94726717,0.94726717,0,0.38779935,0.38779935,0.3418822,0.3418822,0.045917153,0.045917153,0,1,1,109.7971,109.7971,False,0.99999994,True,True,True,1,1,109.7971,109.7971,1,1,108.08016,108.08016,1,1,19.341227,19.341227,1,1,21.412035,21.412035,1,1,65.957752,65.957752,1,1,51.211152,51.211152,1,1,46.576283,46.576283,1,1,45.612365,45.612365
0b_baseline_best,file,13,baseline,8917,152.Blue_headed_Vireo/Blue_Headed_Vireo_0031_156056.jpg,152,151,152.Blue_headed_Vireo,157,156,horizontal_flip,horizontal_flip,0,"{""flipped"":true}",0.94726717,1.3276156,0.38034844,0.38779935,0.26510864,0.3418822,0.29828647,0.045917153,-0.033177823,-0.079094976,0.69221994,1.285941,109.7971,141.19259,False,0.95137608,False,True,False,0.69221994,1.285941,109.7971,141.19259,0.68501915,1.2889836,108.08016,139.31355,0.93867645,1.1870136,19.341227,22.958301,0.49813904,1.2635673,21.412035,27.055547,0.77329571,1.4574782,65.957752,96.131984,0.60838964,1.1793205,51.211152,60.394361,0.60070524,1.1908983,46.576283,55.467617,0.71121647,1.1414676,45.612365,52.065036
0b_baseline_best,file,13,baseline,8917,152.Blue_headed_Vireo/Blue_Headed_Vireo_0031_156056.jpg,152,151,152.Blue_headed_Vireo,157,156,color_jitter,color_jitter,0,"{""brightness"":1.159483,""contrast"":0.778887,""hue"":-0.070882,""saturation"":1.350364}",0.94726717,2.7958794,1.8486122,0.38779935,0.061061159,0.3418822,0.0060312147,0.045917153,0.055029944,0.0091127907,0.70796193,1.5108138,109.7971,165.88297,False,0.84557998,False,True,False,0.70796193,1.5108138,109.7971,165.88297,0.7079881,1.5163744,108.08016,163.88999,0.71326855,1.3254873,19.341227,25.636552,0.55349237,1.2074181,21.412035,25.853279,0.85843217,1.6753457,65.957752,110.50204,0.69583525,1.5498327,51.211152,79.368717,0.56704855,1.397963,46.576283,65.111918,0.53430617,1.28622,45.612365,58.667538
0b_baseline_best,file,13,baseline,8917,152.Blue_headed_Vireo/Blue_Headed_Vireo_0031_156056.jpg,152,151,152.Blue_headed_Vireo,157,156,rotation,rotation,0,"{""angle"":0.708749}",0.94726717,0.7172659,-0.23000127,0.38779935,0.48808491,0.3418822,0.17898649,0.045917153,0.30909842,0.26318127,0.82474541,0.84113141,109.7971,92.35379,False,0.98263603,True,True,True,0.82474541,0.84113141,109.7971,92.35379,0.82117606,0.84356544,108.08016,91.172685,0.95249343,0.76121886,19.341227,14.722907,0.74583187,1.1242488,21.412035,24.072455,0.85740917,0.82355564,65.957752,54.319878,0.76999766,0.88782519,51.211152,45.466551,0.80497012,0.8290701,46.576283,38.615003,0.87407375,0.76702271,45.612365,34.98572
0b_baseline_best,file,13,baseline,8917,152.Blue_headed_Vireo/Blue_Headed_Vireo_0031_156056.jpg,152,151,152.Blue_headed_Vireo,157,156,random_resized_crop,random_resized_crop,0,"{""area_fraction"":0.714932,""aspect"":0.868555,""fallback"":false,""height"":0.907264,""left"":0.186204,""top"":0.009791,""width"":0.788009}",0.94726717,2.2507033,1.3034362,0.38779935,0.10532511,0.3418822,0.28661293,0.045917153,-0.18128782,-0.22720497,0.73408345,1.5390953,109.7971,168.9882,False,0.90541279,False,True,False,0.73408345,1.5390953,109.7971,168.9882,0.73020266,1.5454272,108.08016,167.03002,0.8836661,1.3262447,19.341227,25.651201,0.61386755,1.6329329,21.412035,34.964416,0.81905174,1.58237,65.957752,104.36957,0.64387945,1.6623377,51.211152,85.130229,0.6805191,1.4497544,46.576283,67.52417,0.74288506,1.3825681,45.612365,63.062199
0b_baseline_best,file,13,baseline,8917,152.Blue_headed_Vireo/Blue_Headed_Vireo_0031_156056.jpg,152,151,152.Blue_headed_Vireo,157,156,gaussian_blur,gaussian_blur,0,"{""sigma"":1.909932}",0.94726717,4.1879497,3.2406825,0.38779935,0.01517737,0.3418822,0.043015894,0.045917153,-0.027838523,-0.073755677,0.35268986,1.629536,109.7971,178.91832,False,0.73565209,False,True,False,0.35268986,1.629536,109.7971,178.91832,0.34632569,1.6421622,108.08016,177.48514,0.65211673,1.1685233,19.341227,22.600675,-0.11224282,3.4804883,21.412035,74.524339,0.43224504,1.4082552,65.957752,92.88535,0.36774813,1.6780442,51.211152,85.934577,0.34217443,1.6578205,46.576283,77.215116,0.46103661,1.3818107,45.612365,63.027655
0b_baseline_best,file,13,baseline,8917,152.Blue_headed_Vireo/Blue_Headed_Vireo_0031_156056.jpg,152,151,152.Blue_headed_Vireo,157,156,random_erasing,random_erasing,0,"{""area_fraction"":0.160246,""erased"":true,""height"":0.221184,""left"":0.126439,""top"":0.525134,""width"":0.724495}",0.94726717,0.40375116,-0.54351601,0.38779935,0.66781026,0.3418822,0.015105719,0.045917153,0.65270454,0.60678739,0.76631115,0.59373125,109.7971,65.18997,False,0.94801146,True,True,True,0.76631115,0.59373125,109.7971,65.18997,0.76521186,0.59747714,108.08016,64.575424,0.83570426,0.46171354,19.341227,8.9301067,0.72000779,0.64181459,21.412035,13.742557,0.85023932,0.5714341,65.957752,37.690509,0.7489795,0.66313099,51.211152,33.959702,0.70810927,0.60591921,46.576283,28.221464,0.69348431,0.54185284,45.612365,24.715189
0b_baseline_best,file,13,baseline,2827,049.Boat_tailed_Grackle/Boat_Tailed_Grackle_0067_34032.jpg,49,48,049.Boat_tailed_Grackle,29,28,identity,identity,0,{},5.4362974,5.4362974,0,0.0043555805,0.0043555805,0.51957673,0.51957673,-0.51522115,-0.51522115,0,1,1,172.05708,172.05708,False,1,True,False,False,1,1,172.05708,172.05708,1,1,168.91754,168.91754,1,1,32.718552,32.718552,1,1,37.753753,37.753753,1,1,78.401893,78.401893,1,1,94.814681,94.814681,1,1,77.038356,77.038356,1,1,77.692997,77.692997
0b_baseline_best,file,13,baseline,2827,049.Boat_tailed_Grackle/Boat_Tailed_Grackle_0067_34032.jpg,49,48,049.Boat_tailed_Grackle,29,28,horizontal_flip,horizontal_flip,0,"{""flipped"":true}",5.4362974,5.2484512,-0.18784618,0.0043555805,0.0052556512,0.51957673,0.4107047,-0.51522115,-0.40544905,0.1097721,0.74304567,0.98699051,172.05708,169.81871,False,0.95874894,False,False,False,0.74304567,0.98699051,172.05708,169.81871,0.73705303,0.98867093,168.91754,167.00386,0.91172045,0.94109558,32.718552,30.791284,0.63083013,0.77530185,37.753753,29.270554,0.76049973,0.95362707,78.401893,74.766167,0.79249209,1.0296739,94.814681,97.628205,0.66276134,1.0402715,77.038356,80.140809,0.73127208,0.9536601,77.692997,74.092712
0b_baseline_best,file,13,baseline,2827,049.Boat_tailed_Grackle/Boat_Tailed_Grackle_0067_34032.jpg,49,48,049.Boat_tailed_Grackle,29,28,color_jitter,color_jitter,0,"{""brightness"":1.264688,""contrast"":0.747241,""hue"":0.031255,""saturation"":0.655545}",5.4362974,6.9510245,1.5147271,0.0043555805,0.00095765357,0.51957673,0.74136478,-0.51522115,-0.74040712,-0.22518598,0.71251323,0.89809983,172.05708,154.52444,False,0.94897753,True,False,False,0.71251323,0.89809983,172.05708,154.52444,0.70337396,0.88922085,168.91754,150.205,0.92450203,1.1088599,32.718552,36.280289,0.68504897,0.68025134,37.753753,25.682041,0.57720558,0.81305894,78.401893,63.74536,0.69996703,0.9053875,94.814681,85.844027,0.72429321,0.89495992,77.038356,68.946241,0.80917679,0.97309161,77.692997,75.602404
0b_baseline_best,file,13,baseline,2827,049.Boat_tailed_Grackle/Boat_Tailed_Grackle_0067_34032.jpg,49,48,049.Boat_tailed_Grackle,29,28,rotation,rotation,0,"{""angle"":-13.413294}",5.4362974,4.0983262,-1.3379712,0.0043555805,0.016600434,0.51957673,0.14227331,-0.51522115,-0.12567287,0.38954827,0.68961382,0.98563617,172.05708,169.58569,False,0.94065928,False,False,False,0.68961382,0.98563617,172.05708,169.58569,0.68499575,0.98768092,168.91754,166.83663,0.82163997,0.92947941,32.718552,30.41122,0.62149515,1.0648639,37.753753,40.20261,0.74641835,1.0242401,78.401893,80.302359,0.68892257,1.0003246,94.814681,94.845453,0.61695234,0.983805,77.038356,75.79072,0.70127459,0.9128421,77.692997,70.921439
0b_baseline_best,file,13,baseline,2827,049.Boat_tailed_Grackle/Boat_Tailed_Grackle_0067_34032.jpg,49,48,049.Boat_tailed_Grackle,29,28,random_resized_crop,random_resized_crop,0,"{""area_fraction"":0.63994,""aspect"":0.893425,""fallback"":false,""height"":0.846332,""left"":0.207811,""top"":0.072464,""width"":0.756134}",5.4362974,4.8620114,-0.57428598,0.0043555805,0.0077349106,0.51957673,0.40463114,-0.51522115,-0.39689623,0.11832492,0.76147826,0.96514534,172.05708,166.06009,False,0.87661982,True,False,False,0.76147826,0.96514534,172.05708,166.06009,0.7582947,0.96811622,168.91754,163.53181,0.85776341,0.88228067,32.718552,28.866946,0.83317848,1.1094734,37.753753,41.886786,0.81419787,0.93176799,78.401893,73.052374,0.76471555,1.0139066,94.814681,96.133231,0.68553393,0.93917179,77.038356,72.352251,0.74689856,0.92592461,77.692997,71.937859
0b_baseline_best,file,13,baseline,2827,049.Boat_tailed_Grackle/Boat_Tailed_Grackle_0067_34032.jpg,49,48,049.Boat_tailed_Grackle,29,28,gaussian_blur,gaussian_blur,0,"{""sigma"":1.665209}",5.4362974,3.0912893,-2.3450081,0.0043555805,0.04544333,0.51957673,0.044064257,-0.51522115,0.0013790727,0.51660022,0.46940376,0.97842034,172.05708,168.34415,False,0.81894112,False,False,False,0.46940376,0.97842034,172.05708,168.34415,0.46098007,0.98206209,168.91754,165.88752,0.72415472,0.87579015,32.718552,28.654586,0.22124776,1.329869,37.753753,50.207545,0.4724075,1.0283367,78.401893,80.623546,0.50705241,1.0140407,94.814681,96.145942,0.42371238,0.9354342,77.038356,72.064313,0.51248012,0.82016815,77.692997,63.721322
0b_baseline_best,file,13,baseline,2827,049.Boat_tailed_Grackle/Boat_Tailed_Grackle_0067_34032.jpg,49,48,049.Boat_tailed_Grackle,29,28,random_erasing,random_erasing,0,"{""area_fraction"":0.138082,""erased"":true,""height"":0.537757,""left"":0.039083,""top"":0.33006,""width"":0.256774}",5.4362974,6.0219522,0.58565474,0.0043555805,0.0024249312,0.51957673,0.20240976,-0.51522115,-0.19998483,0.31523632,0.77643588,1.0555264,172.05708,181.6108,False,0.95257258,False,False,False,0.77643588,1.0555264,172.05708,181.6108,0.77397161,1.0551106,168.91754,178.22669,0.84145722,1.0665514,32.718552,34.896016,0.81429168,1.2066961,37.753753,45.557305,0.82823756,1.1167618,78.401893,87.556236,0.77659598,1.0501278,94.814681,99.567537,0.70675822,1.0042398,77.038356,77.364985,0.76826862,1.007259,77.692997,78.256974
0b_baseline_best,file,13,baseline,5699,098.Scott_Oriole/Scott_Oriole_0068_795804.jpg,98,97,098.Scott_Oriole,169,168,identity,identity,0,{},0.030165169,0.030165169,0,0.97028524,0.97028524,0.015630098,0.015630098,0.95465514,0.95465514,0,1,1,5.9084286,5.9084286,False,1,True,True,True,1,1,5.9084286,5.9084286,1,1,5.8346845,5.8346845,1,1,0.93058356,0.93058356,1,1,1.2283824,1.2283824,1,1,2.4823921,2.4823921,1,1,3.3351671,3.3351671,1,1,3.0060674,3.0060674,1,1,2.4925025,2.4925025
0b_baseline_best,file,13,baseline,5699,098.Scott_Oriole/Scott_Oriole_0068_795804.jpg,98,97,098.Scott_Oriole,169,168,horizontal_flip,horizontal_flip,0,"{""flipped"":true}",0.030165169,0.071556032,0.041390862,0.97028524,0.93094409,0.015630098,0.0083351899,0.95465514,0.9226089,-0.032046244,0.57989406,1.8978046,5.9084286,11.213043,False,0.96186954,True,True,True,0.57989406,1.8978046,5.9084286,11.213043,0.5723237,1.8964476,5.8346845,11.065173,0.86948893,1.9504012,0.93058356,1.8150112,0.36334154,2.7005397,1.2283824,3.3172955,0.49466149,1.8623618,2.4823921,4.6231123,0.59660807,1.6656253,3.3351671,5.5551388,0.56900723,1.7741478,3.0060674,5.3332077,0.69569868,2.2250606,2.4925025,5.5459693
0b_baseline_best,file,13,baseline,5699,098.Scott_Oriole/Scott_Oriole_0068_795804.jpg,98,97,098.Scott_Oriole,169,168,color_jitter,color_jitter,0,"{""brightness"":1.106978,""contrast"":1.153796,""hue"":-0.029376,""saturation"":1.357136}",0.030165169,0.7364397,0.70627454,0.97028524,0.47881562,0.015630098,0.037439976,0.95465514,0.44137564,-0.5132795,0.57905937,14.032668,5.9084286,82.911018,False,0.9219352,True,True,True,0.57905937,14.032668,5.9084286,82.911018,0.57353973,14.024657,5.8346845,81.829447,0.79135834,14.344065,0.93058356,13.348351,0.53764607,14.654719,1.2283824,18.001599,0.50574434,12.443501,2.4823921,30.889647,0.55446535,12.785646,3.3351671,42.642266,0.53471689,14.047928,3.0060674,42.229017,0.71955135,17.097932,2.4925025,42.616637
0b_baseline_best,file,13,baseline,5699,098.Scott_Oriole/Scott_Oriole_0068_795804.jpg,98,97,098.Scott_Oriole,169,168,rotation,rotation,0,"{""angle"":2.6107}",0.030165169,0.020422539,-0.0097426306,0.97028524,0.97978461,0.015630098,0.013482128,0.95465514,0.96630248,0.011647341,0.90596833,0.80282528,5.9084286,4.7434359,False,0.98661792,True,True,True,0.90596833,0.80282528,5.9084286,4.7434359,0.90416333,0.80362534,5.8346845,4.6889003,0.98072952,0.77071572,0.93058356,0.71721537,0.83658783,0.80104302,1.2283824,0.98398714,0.87389201,0.80059938,2.4823921,1.9874015,0.91683391,0.83715233,3.3351671,2.7920429,0.91327278,0.80015452,3.0060674,2.4053184,0.91805827,0.74915825,2.4925025,1.8672788
0b_baseline_best,file,13,baseline,5699,098.Scott_Oriole/Scott_Oriole_0068_795804.jpg,98,97,098.Scott_Oriole,169,168,random_resized_crop,random_resized_crop,0,"{""area_fraction"":0.792522,""aspect"":0.822307,""fallback"":false,""height"":0.981722,""left"":0.062355,""top"":0.006348,""width"":0.807277}",0.030165169,0.014211872,-0.015953298,0.97028524,0.98588866,0.015630098,0.0092154127,0.95465514,0.97667325,0.022018109,0.84911421,0.58956132,5.9084286,3.483381,False,0.98601556,True,True,True,0.84911421,0.58956132,5.9084286,3.483381,0.84606366,0.5906059,5.8346845,3.4459991,0.98106705,0.54691798,0.93058356,0.50895288,0.78486744,0.63593303,1.2283824,0.78116894,0.80978552,0.61248424,2.4823921,1.520426,0.86412262,0.59998291,3.3351671,2.0010433,0.84176751,0.5821973,3.0060674,1.7501243,0.87826213,0.55096179,2.4925025,1.3732737
0b_baseline_best,file,13,baseline,5699,098.Scott_Oriole/Scott_Oriole_0068_795804.jpg,98,97,098.Scott_Oriole,169,168,gaussian_blur,gaussian_blur,0,"{""sigma"":1.727876}",0.030165169,0.011890487,-0.018274683,0.97028524,0.98817992,0.015630098,0.0048131137,0.95465514,0.98336681,0.02871167,0.60596543,0.4691275,5.9084286,2.7718064,False,0.89807284,True,True,True,0.60596543,0.4691275,5.9084286,2.7718064,0.59962547,0.4703557,5.8346845,2.7443771,0.8905534,0.41799492,0.93058356,0.3889792,0.58084472,0.74330734,1.2283824,0.91306565,0.45723925,0.47975807,2.4823921,1.1909476,0.61938567,0.44536311,3.3351671,1.4853604,0.62437131,0.47448446,3.0060674,1.4263323,0.72932733,0.40892062,2.4925025,1.0192357
0b_baseline_best,file,13,baseline,5699,098.Scott_Oriole/Scott_Oriole_0068_795804.jpg,98,97,098.Scott_Oriole,169,168,random_erasing,random_erasing,0,"{""area_fraction"":0.095718,""erased"":true,""height"":0.451693,""left"":0.710607,""top"":0.287569,""width"":0.21191}",0.030165169,0.035281196,0.0051160268,0.97028524,0.96533394,0.015630098,0.01888581,0.95465514,0.94644813,-0.0082070101,0.9714275,1.2142458,5.9084286,7.1742848,False,0.9957329,True,True,True,0.9714275,1.2142458,5.9084286,7.1742848,0.97083117,1.2148122,5.8346845,7.088046,0.99549771,1.1917669,0.93058356,1.1090386,0.97813251,1.2024069,1.2283824,1.4770155,0.9778728,1.2127842,2.4823921,3.0106058,0.98129035,1.2122984,3.3351671,4.0432178,0.96487945,1.2167084,3.0060674,3.6575075,0.95222248,1.2215371,2.4925025,3.0446843
0b_baseline_best,file,13,baseline,8653,148.Green_tailed_Towhee/Green_Tailed_Towhee_0074_154915.jpg,148,147,148.Green_tailed_Towhee,156,155,identity,identity,0,{},1.7589053,1.7589053,0,0.1722333,0.1722333,0.1064884,0.1064884,0.065744899,0.065744899,0,1,1,158.11236,158.11236,False,1.0000001,True,True,True,1,1,158.11236,158.11236,1,1,156.02437,156.02437,1,1,25.610806,25.610806,1,1,27.070939,27.070939,1,1,64.092533,64.092533,1,1,81.809865,81.809865,1,1,80.211477,80.211477,1,1,79.850989,79.850989
0b_baseline_best,file,13,baseline,8653,148.Green_tailed_Towhee/Green_Tailed_Towhee_0074_154915.jpg,148,147,148.Green_tailed_Towhee,156,155,horizontal_flip,horizontal_flip,0,"{""flipped"":true}",1.7589053,0.4043144,-1.3545909,0.1722333,0.66743428,0.1064884,0.018532343,0.065744899,0.64890193,0.58315703,0.61483599,0.41194326,158.11236,65.133319,False,0.92641544,True,True,True,0.61483599,0.41194326,158.11236,65.133319,0.60625316,0.41113716,156.02437,64.147416,0.91338316,0.44081947,25.610806,11.289742,0.53285464,0.42257392,27.070939,11.439473,0.53749393,0.44723102,64.092533,28.664169,0.55640786,0.41738491,81.809865,34.146203,0.61917184,0.40841983,80.211477,32.759958,0.71465164,0.3805148,79.850989,30.384483
0b_baseline_best,file,13,baseline,8653,148.Green_tailed_Towhee/Green_Tailed_Towhee_0074_154915.jpg,148,147,148.Green_tailed_Towhee,156,155,color_jitter,color_jitter,0,"{""brightness"":1.25199,""contrast"":1.031941,""hue"":-0.078995,""saturation"":1.075311}",1.7589053,4.097147,2.3382417,0.1722333,0.016620023,0.1064884,0.0032235044,0.065744899,0.013396519,-0.05234838,0.40884784,0.88107417,158.11236,139.30871,False,0.82638061,False,True,False,0.40884784,0.88107417,158.11236,139.30871,0.3962816,0.87040835,156.02437,135.80491,0.76551139,1.2122786,25.610806,31.047431,0.24272663,0.7753317,27.070939,20.988957,0.044248978,0.75421341,64.092533,48.339448,0.40822212,0.86034002,81.809865,70.384301,0.43713203,0.88941708,80.211477,71.341458,0.54610582,0.93901425,79.850989,74.981216
0b_baseline_best,file,13,baseline,8653,148.Green_tailed_Towhee/Green_Tailed_Towhee_0074_154915.jpg,148,147,148.Green_tailed_Towhee,156,155,rotation,rotation,0,"{""angle"":2.924128}",1.7589053,2.2123964,0.45349109,0.1722333,0.10943808,0.1064884,0.041735675,0.065744899,0.067702409,0.0019575097,0.72244079,1.2077608,158.11236,190.9619,False,0.9064036,True,True,True,0.72244079,1.2077608,158.11236,190.9619,0.71852859,1.2113501,156.02437,189.00013,0.89320057,1.0660333,25.610806,27.301972,0.60009997,1.2402987,27.070939,33.576052,0.60255677,1.4552097,64.092533,93.268076,0.75189099,1.2886251,81.809865,105.42225,0.7461634,1.103877,80.211477,88.543607,0.79019928,1.0433476,79.850989,83.312334
0b_baseline_best,file,13,baseline,8653,148.Green_tailed_Towhee/Green_Tailed_Towhee_0074_154915.jpg,148,147,148.Green_tailed_Towhee,156,155,random_resized_crop,random_resized_crop,0,"{""area_fraction"":0.878505,""aspect"":0.981876,""fallback"":false,""height"":0.945897,""left"":0.019917,""top"":0.043171,""width"":0.928753}",1.7589053,1.6601014,-0.098803878,0.1722333,0.19011971,0.1064884,0.034399174,0.065744899,0.15572054,0.08997564,0.68595959,0.97099528,158.11236,153.52635,False,0.91913509,True,True,True,0.68595959,0.97099528,158.11236,153.52635,0.68041427,0.97218795,156.02437,151.68501,0.9029223,0.92564438,25.610806,23.706498,0.56918351,1.0168133,27.070939,27.526091,0.57360596,1.1870617,64.092533,76.081792,0.68712584,0.99661717,81.809865,81.533116,0.70998091,0.85979816,80.211477,68.96568,0.76967548,0.89068094,79.850989,71.121754
0b_baseline_best,file,13,baseline,8653,148.Green_tailed_Towhee/Green_Tailed_Towhee_0074_154915.jpg,148,147,148.Green_tailed_Towhee,156,155,gaussian_blur,gaussian_blur,0,"{""sigma"":1.998696}",1.7589053,4.7485399,2.9896346,0.1722333,0.0086643342,0.1064884,0.019206502,0.065744899,-0.010542167,-0.076287067,0.44340313,1.0582305,158.11236,167.31932,False,0.70536965,False,True,False,0.44340313,1.0582305,158.11236,167.31932,0.437109,1.0594666,156.02437,165.30261,0.68860136,1.0112858,25.610806,25.899844,0.40016559,1.3848147,27.070939,37.488233,0.47180625,1.3036354,64.092533,83.553292,0.44332057,1.1323007,81.809865,92.633366,0.40100396,0.95326459,80.211477,76.462761,0.47022039,0.84111083,79.850989,67.163531
0b_baseline_best,file,13,baseline,8653,148.Green_tailed_Towhee/Green_Tailed_Towhee_0074_154915.jpg,148,147,148.Green_tailed_Towhee,156,155,random_erasing,random_erasing,0,"{""area_fraction"":0.164864,""erased"":true,""height"":0.508902,""left"":0.331642,""top"":0.066766,""width"":0.323959}",1.7589053,2.2134724,0.45456707,0.1722333,0.10932042,0.1064884,0.0056870277,0.065744899,0.10363339,0.03788849,0.40071201,0.93221249,158.11236,147.39431,False,0.88173139,False,True,False,0.40071201,0.93221249,158.11236,147.39431,0.38783385,0.92447768,156.02437,144.24105,0.78580292,1.1840693,25.610806,30.324969,0.40484962,0.75003257,27.070939,20.304086,0.081648451,0.98495596,64.092533,63.128322,0.32984317,0.95907524,81.809865,78.461816,0.45702366,0.84849259,80.211477,68.058844,0.59524831,0.93881324,79.850989,74.965165
0b_baseline_best,file,13,baseline,7111,122.Harris_Sparrow/Harris_Sparrow_0081_116574.jpg,122,121,122.Harris_Sparrow,127,126,identity,identity,0,{},0.0052125263,0.0052125263,0,0.99480104,0.99480104,0.0013416167,0.0013416167,0.99345943,0.99345943,0,1,1,0.9401245,0.9401245,False,0.99999994,True,True,True,1,1,0.9401245,0.9401245,1,1,0.92492339,0.92492339,1,1,0.16837692,0.16837692,1,1,0.18878,0.18878,1,1,0.4641227,0.4641227,1,1,0.50345444,0.50345444,1,1,0.4212928,0.4212928,1,1,0.41651112,0.41651112
0b_baseline_best,file,13,baseline,7111,122.Harris_Sparrow/Harris_Sparrow_0081_116574.jpg,122,121,122.Harris_Sparrow,127,126,horizontal_flip,horizontal_flip,0,"{""flipped"":true}",0.0052125263,0.023761043,0.018548517,0.99480104,0.97651905,0.0013416167,0.0044483994,0.99345943,0.97207065,-0.021388779,0.50102258,5.3797884,0.9401245,5.0576709,False,0.96063662,True,True,True,0.50102258,5.3797884,0.9401245,5.0576709,0.48882942,5.4031084,0.92492339,4.9974613,0.93718036,4.6210861,0.16837692,0.77808425,0.15975231,5.1604778,0.18878,0.974195,0.33096846,4.8410667,0.4641227,2.246849,0.46958316,5.759046,0.50345444,2.8994172,0.54983488,5.8522456,0.4212928,2.4655089,0.71186907,5.0884723,0.41651112,2.1194053
0b_baseline_best,file,13,baseline,7111,122.Harris_Sparrow/Harris_Sparrow_0081_116574.jpg,122,121,122.Harris_Sparrow,127,126,color_jitter,color_jitter,0,"{""brightness"":0.631475,""contrast"":0.869491,""hue"":0.033738,""saturation"":0.972895}",0.0052125263,0.11377382,0.10856129,0.99480104,0.89245981,0.0013416167,0.016258435,0.99345943,0.87620137,-0.11725805,0.59398323,22.570288,0.9401245,21.218881,False,0.93102032,True,True,True,0.59398323,22.570288,0.9401245,21.218881,0.58478856,22.654991,0.92492339,20.954131,0.91578503,19.845053,0.16837692,3.3414489,0.43314061,34.095368,0.18878,6.4365235,0.47773245,26.875735,0.4641227,12.473639,0.5749873,20.890989,0.50345444,10.517661,0.70348404,19.963016,0.4212928,8.4102749,0.77178402,18.705617,0.41651112,7.7910977
0b_baseline_best,file,13,baseline,7111,122.Harris_Sparrow/Harris_Sparrow_0081_116574.jpg,122,121,122.Harris_Sparrow,127,126,rotation,rotation,0,"{""angle"":-14.485897}",0.0052125263,0.027191,0.021978474,0.99480104,0.97317535,0.0013416167,0.0037428366,0.99345943,0.96943251,-0.024026918,0.55436203,5.3334439,0.9401245,5.0141013,False,0.95460367,True,True,True,0.55436203,5.3334439,0.9401245,5.0141013,0.54302598,5.3506403,0.92492339,4.9489324,0.94017368,4.7855687,0.16837692,0.80577933,0.44060329,6.5190174,0.18878,1.2306601,0.36913367,5.3187879,0.4641227,2.4685702,0.50279824,5.2983989,0.50345444,2.6675024,0.65138866,5.6621176,0.4212928,2.3854094,0.7496184,4.8482777,0.41651112,2.0193616
0b_baseline_best,file,13,baseline,7111,122.Harris_Sparrow/Harris_Sparrow_0081_116574.jpg,122,121,122.Harris_Sparrow,127,126,random_resized_crop,random_resized_crop,0,"{""area_fraction"":0.613956,""aspect"":0.953477,""fallback"":false,""height"":0.802441,""left"":0.211264,""top"":0.197048,""width"":0.76511}",0.0052125263,0.047732458,0.042519931,0.99480104,0.95338881,0.0013416167,0.0036992941,0.99345943,0.94968952,-0.043769912,0.69423796,11.763065,0.9401245,11.058745,False,0.95447218,True,True,True,0.69423796,11.763065,0.9401245,11.058745,0.68869111,11.840442,0.92492339,10.951502,0.93452829,9.124633,0.16837692,1.5363776,0.61313388,18.393648,0.18878,3.4723528,0.80566442,14.339745,0.4641227,6.6554011,0.64094874,10.407885,0.50345444,5.2398958,0.62050798,11.054412,0.4212928,4.6571444,0.74375573,9.1228656,0.41651112,3.799775
0b_baseline_best,file,13,baseline,7111,122.Harris_Sparrow/Harris_Sparrow_0081_116574.jpg,122,121,122.Harris_Sparrow,127,126,gaussian_blur,gaussian_blur,0,"{""sigma"":1.067149}",0.0052125263,0.19145904,0.18624652,0.99480104,0.82575345,0.0013416167,0.022957752,0.99345943,0.8027957,-0.19066373,0.64070181,35.930062,0.9401245,33.778732,False,0.9422853,True,True,True,0.64070181,35.930062,0.9401245,33.778732,0.63329836,36.120801,0.92492339,33.408974,0.92568809,29.602007,0.16837692,4.9842948,0.25880376,39.500136,0.18878,7.4568357,0.5136024,35.698053,0.4641227,16.568277,0.64112508,35.702642,0.50345444,17.974654,0.70317767,39.519109,0.4212928,16.649116,0.79649538,32.723265,0.41651112,13.629604
0b_baseline_best,file,13,baseline,7111,122.Harris_Sparrow/Harris_Sparrow_0081_116574.jpg,122,121,122.Harris_Sparrow,127,126,random_erasing,random_erasing,0,"{""area_fraction"":0.143397,""erased"":true,""height"":0.226363,""left"":0.318863,""top"":0.040682,""width"":0.633482}",0.0052125263,0.013450359,0.0082378327,0.99480104,0.98663968,0.0013416167,0.0052448255,0.99345943,0.98139485,-0.012064575,0.78374138,2.9287439,0.9401245,2.7533838,False,0.96693879,True,True,True,0.78374138,2.9287439,0.9401245,2.7533838,0.77836174,2.9322407,0.92492339,2.7120981,0.95302802,2.8211878,0.16837692,0.47502291,0.70602554,3.6321221,0.18878,0.68567201,0.76838774,3.0232244,0.4641227,1.403147,0.75859889,2.8626994,0.50345444,1.4412387,0.78533106,2.963145,0.4212928,1.2483516,0.84271319,2.7173196,0.41651112,1.1317938
0b_baseline_best,file,13,baseline,6416,110.Geococcyx/Geococcyx_0106_104216.jpg,110,109,110.Geococcyx,194,193,identity,identity,0,{},0.0002934502,0.0002934502,0,0.99970657,0.99970657,8.8607616e-05,8.8607616e-05,0.99961796,0.99961796,0,1,1,0.039361852,0.039361852,False,1,True,True,True,1,1,0.039361852,0.039361852,1,1,0.038029448,0.038029448,1,1,0.010154627,0.010154627,1,1,0.0063110542,0.0063110542,1,1,0.012556827,0.012556827,1,1,0.018056833,0.018056833,1,1,0.018423069,0.018423069,1,1,0.024151127,0.024151127
0b_baseline_best,file,13,baseline,6416,110.Geococcyx/Geococcyx_0106_104216.jpg,110,109,110.Geococcyx,194,193,horizontal_flip,horizontal_flip,0,"{""flipped"":true}",0.0002934502,0.00038759349,9.4143295e-05,0.99970657,0.99961251,8.8607616e-05,0.00018892869,0.99961796,0.99942358,-0.00019437721,0.6118245,1.3873973,0.039361852,0.054610526,False,0.98395318,True,True,True,0.6118245,1.3873973,0.039361852,0.054610526,0.58664064,1.3879819,0.038029448,0.052784185,0.9673035,1.3791716,0.010154627,0.014004974,0.17831853,1.7857408,0.0063110542,0.011269907,0.28631381,1.6980166,0.012556827,0.021321701,0.54474428,1.4166348,0.018056833,0.025579937,0.54702551,1.301488,0.018423069,0.023977404,0.78888306,1.2930957,0.024151127,0.03122972
0b_baseline_best,file,13,baseline,6416,110.Geococcyx/Geococcyx_0106_104216.jpg,110,109,110.Geococcyx,194,193,color_jitter,color_jitter,0,"{""brightness"":1.277459,""contrast"":1.018756,""hue"":-0.034075,""saturation"":0.643314}",0.0002934502,0.0025123956,0.0022189454,0.99970657,0.99749076,8.8607616e-05,0.0003630431,0.99961796,0.99712772,-0.0024902382,0.83656721,9.3890826,0.039361852,0.36957168,False,0.9771136,True,True,True,0.83656721,9.3890826,0.039361852,0.36957168,0.83138404,9.5221431,0.038029448,0.36212185,0.96079353,7.2706597,0.010154627,0.07383084,0.75299778,12.283836,0.0063110542,0.077523955,0.75626575,9.9078939,0.012556827,0.12441171,0.8227582,10.424055,0.018056833,0.18822542,0.8125089,9.5699978,0.018423069,0.17630873,0.88998436,8.5991284,0.024151127,0.20767864
0b_baseline_best,file,13,baseline,6416,110.Geococcyx/Geococcyx_0106_104216.jpg,110,109,110.Geococcyx,194,193,rotation,rotation,0,"{""angle"":5.579203}",0.0002934502,0.00043478096,0.00014133076,0.99970657,0.9995653,8.8607616e-05,0.00013172624,0.99961796,0.99943358,-0.00018438163,0.81316285,1.5617031,0.039361852,0.061471526,False,0.98094308,True,True,True,0.81316285,1.5617031,0.039361852,0.061471526,0.80243625,1.5693743,0.038029448,0.059682439,0.97840524,1.4498415,0.010154627,0.0147226,0.77862478,1.8285298,0.0063110542,0.01153995,0.73385991,1.7098587,0.012556827,0.0214704,0.78663678,1.560416,0.018056833,0.02817617,0.75627401,1.6160511,0.018423069,0.029772621,0.8674018,1.4857402,0.024151127,0.0358823
0b_baseline_best,file,13,baseline,6416,110.Geococcyx/Geococcyx_0106_104216.jpg,110,109,110.Geococcyx,194,193,random_resized_crop,random_resized_crop,0,"{""area_fraction"":0.658122,""aspect"":0.756239,""fallback"":false,""height"":0.932875,""left"":0.04241,""top"":0.013709,""width"":0.705477}",0.0002934502,0.0020908893,0.0017974391,0.99970657,0.99791127,8.8607616e-05,0.0013632722,0.99961796,0.996548,-0.0030699565,0.68933491,8.769182,0.039361852,0.34517124,False,0.97108769,True,True,True,0.68933491,8.769182,0.039361852,0.34517124,0.67447877,8.8178974,0.038029448,0.33533977,0.92008404,8.0549491,0.010154627,0.081795005,0.6497102,14.657308,0.0063110542,0.092503063,0.49770488,10.359055,0.012556827,0.13007687,0.67855422,9.5436218,0.018056833,0.17232758,0.66761644,8.7269811,0.018423069,0.16077777,0.77548288,7.3406158,0.024151127,0.17728415
0b_baseline_best,file,13,baseline,6416,110.Geococcyx/Geococcyx_0106_104216.jpg,110,109,110.Geococcyx,194,193,gaussian_blur,gaussian_blur,0,"{""sigma"":1.485685}",0.0002934502,0.2159068,0.21561335,0.99970657,0.80581039,8.8607616e-05,0.061584674,0.99961796,0.74422572,-0.25539224,0.49996128,1027.0198,0.039361852,40.425403,False,0.84816462,True,True,True,0.49996128,1027.0198,0.039361852,40.425403,0.49039764,1050.1166,0.038029448,39.935356,0.79673372,617.98331,0.010154627,6.2753901,0.47162005,2378.2001,0.0063110542,15.00895,0.36697958,1387.5883,0.012556827,17.423706,0.61363991,1196.8394,0.018056833,21.611129,0.50155429,981.09729,0.018423069,18.074823,0.53537543,683.18341,0.024151127,16.49965
0b_baseline_best,file,13,baseline,6416,110.Geococcyx/Geococcyx_0106_104216.jpg,110,109,110.Geococcyx,194,193,random_erasing,random_erasing,0,"{""area_fraction"":0.087886,""erased"":true,""height"":0.275259,""left"":0.200298,""top"":0.659906,""width"":0.319285}",0.0002934502,0.00077968236,0.00048623217,0.99970657,0.99922061,8.8607616e-05,0.00013049306,0.99961796,0.99909012,-0.00052784212,0.90828679,2.5788972,0.039361852,0.10151017,False,0.98593462,True,True,True,0.90828679,2.5788972,0.039361852,0.10151017,0.9043235,2.5940031,0.038029448,0.098648508,0.97338943,2.3568524,0.010154627,0.023932958,0.86933575,2.6783173,0.0063110542,0.016903005,0.89887367,2.8062081,0.012556827,0.03523707,0.89664441,2.529265,0.018056833,0.045670515,0.88119412,2.5933071,0.018423069,0.047776675,0.92735449,2.5644145,0.024151127,0.061933502
0b_baseline_best,file,13,baseline,2343,041.Scissor_tailed_Flycatcher/Scissor_Tailed_Flycatcher_0126_41905.jpg,41,40,041.Scissor_tailed_Flycatcher,91,90,identity,identity,0,{},0.25079718,0.25079718,0,0.77818018,0.77818018,0.12922746,0.12922746,0.64895272,0.64895272,0,1,1,41.640531,41.640531,False,1,True,True,True,1,1,41.640531,41.640531,1,1,40.906141,40.906141,1,1,7.7859744,7.7859744,1,1,8.0121635,8.0121635,1,1,16.557113,16.557113,1,1,22.954972,22.954972,1,1,20.814866,20.814866,1,1,19.3595,19.3595
0b_baseline_best,file,13,baseline,2343,041.Scissor_tailed_Flycatcher/Scissor_Tailed_Flycatcher_0126_41905.jpg,41,40,041.Scissor_tailed_Flycatcher,91,90,horizontal_flip,horizontal_flip,0,"{""flipped"":true}",0.25079718,0.55047238,0.2996752,0.77818018,0.57667732,0.12922746,0.088542297,0.64895272,0.48813502,-0.1608177,0.52501342,1.7392441,41.640531,72.423049,False,0.95694047,True,True,True,0.52501342,1.7392441,41.640531,72.423049,0.51268679,1.7448113,40.906141,71.373498,0.90384105,1.5778397,7.7859744,12.28502,0.58966886,1.8596941,8.0121635,14.900173,0.3517722,1.9055438,16.557113,31.550304,0.46510083,1.7146335,22.954972,39.359364,0.54075558,1.6858347,20.814866,35.090422,0.66695472,1.710248,19.3595,33.109547
0b_baseline_best,file,13,baseline,2343,041.Scissor_tailed_Flycatcher/Scissor_Tailed_Flycatcher_0126_41905.jpg,41,40,041.Scissor_tailed_Flycatcher,91,90,color_jitter,color_jitter,0,"{""brightness"":1.366771,""contrast"":0.660324,""hue"":-0.052442,""saturation"":1.189437}",0.25079718,0.34761828,0.0968211,0.77818018,0.70636845,0.12922746,0.13342629,0.64895272,0.57294215,-0.07601057,0.60270419,1.2652437,41.640531,52.685418,False,0.92144895,True,True,True,0.60270419,1.2652437,41.640531,52.685418,0.59252027,1.265474,40.906141,51.765659,0.88529016,1.2588694,7.7859744,9.8015251,0.3437627,1.2966482,8.0121635,10.388958,0.440955,1.5385471,16.557113,25.473898,0.60644094,1.1737252,22.954972,26.942829,0.6487941,1.1923894,20.814866,24.819425,0.70689625,1.2449779,19.3595,24.102149
0b_baseline_best,file,13,baseline,2343,041.Scissor_tailed_Flycatcher/Scissor_Tailed_Flycatcher_0126_41905.jpg,41,40,041.Scissor_tailed_Flycatcher,91,90,rotation,rotation,0,"{""angle"":-8.672316}",0.25079718,0.1258405,-0.12495668,0.77818018,0.88175547,0.12922746,0.040296067,0.64895272,0.8414594,0.19250668,0.68990884,0.59210064,41.640531,24.655385,False,0.97085613,True,True,True,0.68990884,0.59210064,41.640531,24.655385,0.68257615,0.59544192,40.906141,24.357231,0.94787545,0.49097667,7.7859744,3.8227318,0.62791444,0.61628639,8.0121635,4.9377873,0.58989913,0.66089015,16.557113,10.942433,0.68073646,0.59455334,22.954972,13.647956,0.69913723,0.60333892,20.814866,12.558419,0.76735752,0.52974065,19.3595,10.255514
0b_baseline_best,file,13,baseline,2343,041.Scissor_tailed_Flycatcher/Scissor_Tailed_Flycatcher_0126_41905.jpg,41,40,041.Scissor_tailed_Flycatcher,91,90,random_resized_crop,random_resized_crop,0,"{""area_fraction"":0.8261,""aspect"":1.008059,""fallback"":false,""height"":0.90526,""left"":0.072082,""top"":0.002382,""width"":0.912555}",0.25079718,0.10797915,-0.14281803,0.77818018,0.89764631,0.12922746,0.035348337,0.64895272,0.86229797,0.21334525,0.72634555,0.42402113,41.640531,17.656465,False,0.95546973,True,True,True,0.72634555,0.42402113,41.640531,17.656465,0.71948445,0.42506904,40.906141,17.387934,0.93269091,0.39399726,7.7859744,3.0676526,0.71735688,0.43863467,8.0121635,3.5144127,0.67136446,0.44570757,16.557113,7.3796307,0.70995424,0.41551704,22.954972,9.5381823,0.73110335,0.43380315,20.814866,9.0295544,0.75911898,0.4100592,19.3595,7.9385411
0b_baseline_best,file,13,baseline,2343,041.Scissor_tailed_Flycatcher/Scissor_Tailed_Flycatcher_0126_41905.jpg,41,40,041.Scissor_tailed_Flycatcher,91,90,gaussian_blur,gaussian_blur,0,"{""sigma"":1.863019}",0.25079718,3.5309734,3.2801763,0.77818018,0.029276403,0.12922746,0.020950435,0.64895272,0.0083259679,-0.64062675,0.35836353,3.1323833,41.640531,130.4341,False,0.72930861,False,True,False,0.35836353,3.1323833,41.640531,130.4341,0.34811307,3.1204457,40.906141,127.64539,0.61629696,3.4456049,7.7859744,26.827392,0.14666961,3.6051954,8.0121635,28.885415,0.35152695,3.0332981,16.557113,50.22266,0.35065917,3.3129291,22.954972,76.048197,0.35594428,2.9298744,20.814866,60.984942,0.37676287,3.027031,19.3595,58.601806
0b_baseline_best,file,13,baseline,2343,041.Scissor_tailed_Flycatcher/Scissor_Tailed_Flycatcher_0126_41905.jpg,41,40,041.Scissor_tailed_Flycatcher,91,90,random_erasing,random_erasing,0,"{""area_fraction"":0.16325,""erased"":true,""height"":0.240357,""left"":0.065307,""top"":0.376423,""width"":0.679195}",0.25079718,3.4275641,3.176767,0.77818018,0.032465924,0.12922746,0.0039309752,0.64895272,0.028534948,-0.62041777,0.36038302,2.8936323,41.640531,120.49238,False,0.70093167,False,True,False,0.36038302,2.8936323,41.640531,120.49238,0.35181798,2.8893296,40.906141,118.19133,0.58761576,3.0099708,7.7859744,23.435556,0.25231317,2.3498183,8.0121635,18.827128,0.34232228,3.0166448,16.557113,49.946928,0.36461984,2.7162583,22.954972,62.351634,0.35028286,2.8263519,20.814866,58.830136,0.36083325,3.1721423,19.3595,61.411089
0b_baseline_best,file,13,baseline,7633,131.Vesper_Sparrow/Vesper_Sparrow_0087_125712.jpg,131,130,131.Vesper_Sparrow,125,124,identity,identity,0,{},0.66491288,0.66491288,0,0.51431835,0.51431835,0.30019054,0.30019054,0.21412781,0.21412781,0,1,1,127.50519,127.50519,False,1,True,True,True,1,1,127.50519,127.50519,1,1,126.62839,126.62839,1,1,14.927302,14.927302,1,1,21.469995,21.469995,1,1,61.307703,61.307703,1,1,86.506147,86.506147,1,1,52.205404,52.205404,1,1,40.080387,40.080387
0b_baseline_best,file,13,baseline,7633,131.Vesper_Sparrow/Vesper_Sparrow_0087_125712.jpg,131,130,131.Vesper_Sparrow,125,124,horizontal_flip,horizontal_flip,0,"{""flipped"":true}",0.66491288,0.45004863,-0.21486425,0.51431835,0.63759714,0.30019054,0.15295969,0.21412781,0.48463745,0.27050965,0.77408578,0.82185674,127.50519,104.791,False,0.97032142,True,True,True,0.77408578,0.82185674,127.50519,104.791,0.77207852,0.82326103,126.62839,104.24822,0.94856211,0.71358402,14.927302,10.651884,0.58268138,0.73902014,21.469995,15.866759,0.65143893,0.81886289,61.307703,50.202603,0.83800926,0.85817825,86.506147,74.237693,0.77298354,0.79025359,52.205404,41.255508,0.79121785,0.74113444,40.080387,29.704956
0b_baseline_best,file,13,baseline,7633,131.Vesper_Sparrow/Vesper_Sparrow_0087_125712.jpg,131,130,131.Vesper_Sparrow,125,124,color_jitter,color_jitter,0,"{""brightness"":1.257137,""contrast"":0.751328,""hue"":-0.090114,""saturation"":0.863792}",0.66491288,0.11033504,-0.55457784,0.51431835,0.89553404,0.30019054,0.063002527,0.21412781,0.83253151,0.6184037,0.8531753,0.23548714,127.50519,30.025834,False,0.96476227,True,True,True,0.8531753,0.23548714,127.50519,30.025834,0.85161924,0.23503193,126.62839,29.761716,0.95856115,0.26620884,14.927302,3.9737797,0.6544323,0.19734368,21.469995,4.2369678,0.70223628,0.21816583,61.307703,13.375246,0.91771262,0.24579023,86.506147,21.262366,0.8842449,0.23235799,52.205404,12.130343,0.85935648,0.23627034,40.080387,9.4698069
0b_baseline_best,file,13,baseline,7633,131.Vesper_Sparrow/Vesper_Sparrow_0087_125712.jpg,131,130,131.Vesper_Sparrow,125,124,rotation,rotation,0,"{""angle"":8.957027}",0.66491288,4.4730792,3.8081663,0.51431835,0.011412121,0.30019054,0.97365373,0.21412781,-0.96224161,-1.1763694,0.87037454,2.3426718,127.50519,298.70282,False,0.93353361,False,True,False,0.87037454,2.3426718,127.50519,298.70282,0.87001573,2.3370966,126.62839,295.94279,0.90219926,2.7139691,14.927302,40.512235,0.74877129,2.0461359,21.469995,43.930528,0.8715439,2.1562091,61.307703,132.19223,0.91472099,2.3558284,86.506147,203.79364,0.83502384,2.3807741,52.205404,124.28927,0.77569785,2.6401838,40.080387,105.81959
0b_baseline_best,file,13,baseline,7633,131.Vesper_Sparrow/Vesper_Sparrow_0087_125712.jpg,131,130,131.Vesper_Sparrow,125,124,random_resized_crop,random_resized_crop,0,"{""area_fraction"":0.769765,""aspect"":1.29484,""fallback"":false,""height"":0.77103,""left"":0.00035,""top"":0.228957,""width"":0.99836}",0.66491288,0.62415916,-0.040753722,0.51431835,0.53571171,0.30019054,0.03596979,0.21412781,0.49974192,0.28561411,0.68134572,0.89896314,127.50519,114.62247,False,0.94955206,True,True,True,0.68134572,0.89896314,127.50519,114.62247,0.67955264,0.89738103,126.62839,113.63392,0.80081853,1.0063055,14.927302,15.021426,0.3163555,0.90128729,21.469995,19.350634,0.68243954,0.84422421,61.307703,51.757448,0.74272821,0.8738186,86.506147,75.59068,0.63056827,0.9474978,52.205404,49.464506,0.6031166,1.0283153,40.080387,41.215274
0b_baseline_best,file,13,baseline,7633,131.Vesper_Sparrow/Vesper_Sparrow_0087_125712.jpg,131,130,131.Vesper_Sparrow,125,124,gaussian_blur,gaussian_blur,0,"{""sigma"":1.398425}",0.66491288,0.20105363,-0.46385925,0.51431835,0.81786859,0.30019054,0.11859378,0.21412781,0.69927481,0.485147,0.82548586,0.38947898,127.50519,49.660594,False,0.94892192,True,True,True,0.82548586,0.38947898,127.50519,49.660594,0.82371276,0.38873425,126.62839,49.224794,0.94446409,0.43977268,14.927302,6.5646195,0.66680981,0.42651799,21.469995,9.1573391,0.76588799,0.34648653,61.307703,21.242293,0.87491483,0.38915786,86.506147,33.664547,0.80212455,0.41388527,52.205404,21.607048,0.813507,0.42328244,40.080387,16.965324
0b_baseline_best,file,13,baseline,7633,131.Vesper_Sparrow/Vesper_Sparrow_0087_125712.jpg,131,130,131.Vesper_Sparrow,125,124,random_erasing,random_erasing,0,"{""area_fraction"":0.099204,""erased"":true,""height"":0.423935,""left"":0.64068,""top"":0.408973,""width"":0.234008}",0.66491288,0.14535964,-0.51955324,0.51431835,0.86471128,0.30019054,0.013707734,0.21412781,0.85100355,0.63687574,0.72864572,0.18546522,127.50519,23.647779,False,0.93964577,True,True,True,0.72864572,0.18546522,127.50519,23.647779,0.72901614,0.18342286,126.62839,23.226542,0.79729607,0.29767952,14.927302,4.443552,0.4086057,0.14238229,21.469995,3.056947,0.7292327,0.17926726,61.307703,10.990464,0.81000844,0.17052642,86.506147,14.751584,0.66989114,0.1954863,52.205404,10.205441,0.62761032,0.23348695,40.080387,9.3582474
0b_baseline_best,file,13,baseline,1571,028.Brown_Creeper/Brown_Creeper_0115_24488.jpg,28,27,028.Brown_Creeper,188,187,identity,identity,0,{},0.00025996167,0.00025996167,0,0.99974006,0.99974006,8.538305e-05,8.538305e-05,0.99965468,0.99965468,0,1,1,0.056936957,0.056936957,False,0.99999994,True,True,True,1,1,0.056936957,0.056936957,1,1,0.05604302,0.05604302,1,1,0.010049727,0.010049727,1,1,0.018048498,0.018048498,1,1,0.025976249,0.025976249,1,1,0.031222022,0.031222022,1,1,0.024590715,0.024590715,1,1,0.02368097,0.02368097
0b_baseline_best,file,13,baseline,1571,028.Brown_Creeper/Brown_Creeper_0115_24488.jpg,28,27,028.Brown_Creeper,188,187,horizontal_flip,horizontal_flip,0,"{""flipped"":true}",0.00025996167,0.00011729507,-0.00014266661,0.99974006,0.9998827,8.538305e-05,2.1133576e-05,0.99965468,0.99986156,0.00020688339,0.68747937,0.41063753,0.056936957,0.023380452,False,0.96999252,True,True,True,0.68747937,0.41063753,0.056936957,0.023380452,0.67882936,0.41045413,0.05604302,0.023003089,0.95276753,0.41630081,0.010049727,0.0041837096,0.87002543,0.38070162,0.018048498,0.0068710926,0.56978654,0.37637691,0.025976249,0.0097768606,0.68601711,0.38924149,0.031222022,0.012152906,0.63770866,0.45402693,0.024590715,0.011164847,0.74013556,0.45086423,0.02368097,0.010676902
0b_baseline_best,file,13,baseline,1571,028.Brown_Creeper/Brown_Creeper_0115_24488.jpg,28,27,028.Brown_Creeper,188,187,color_jitter,color_jitter,0,"{""brightness"":1.139623,""contrast"":1.074221,""hue"":-0.040775,""saturation"":0.713785}",0.00025996167,0.00062434253,0.00036438086,0.99974006,0.99937588,8.538305e-05,0.00019030513,0.99965468,0.99918557,-0.00046910646,0.89503701,2.5545507,0.056936957,0.14544835,False,0.98625416,True,True,True,0.89503701,2.5545507,0.056936957,0.14544835,0.89292453,2.557827,0.05604302,0.14334835,0.96440697,2.4504805,0.010049727,0.024626661,0.91069897,2.7031706,0.018048498,0.048788171,0.88168734,2.4171512,0.025976249,0.062788523,0.90372444,2.495227,0.031222022,0.077906034,0.87737565,2.6884365,0.024590715,0.066110577,0.89830843,2.5983457,0.02368097,0.061531345
0b_baseline_best,file,13,baseline,1571,028.Brown_Creeper/Brown_Creeper_0115_24488.jpg,28,27,028.Brown_Creeper,188,187,rotation,rotation,0,"{""angle"":-5.406787}",0.00025996167,0.0020477057,0.001787744,0.99974006,0.99795437,8.538305e-05,0.00057498616,0.99965468,0.99737938,-0.0022752987,0.84028555,7.3542188,0.056936957,0.41872684,False,0.97648877,True,True,True,0.84028555,7.3542188,0.056936957,0.41872684,0.83662032,7.3677494,0.05604302,0.41291093,0.96323961,6.9202519,0.010049727,0.069546645,0.87074202,8.7688744,0.018048498,0.15826502,0.83638587,6.9080777,0.025976249,0.17944595,0.8278174,7.1150277,0.031222022,0.22214555,0.81580096,7.5507209,0.024590715,0.18567763,0.86353394,7.2432952,0.02368097,0.17152825
0b_baseline_best,file,13,baseline,1571,028.Brown_Creeper/Brown_Creeper_0115_24488.jpg,28,27,028.Brown_Creeper,188,187,random_resized_crop,random_resized_crop,0,"{""area_fraction"":0.803103,""aspect"":0.892917,""fallback"":false,""height"":0.948375,""left"":0.037124,""top"":0.030382,""width"":0.84682}",0.00025996167,0.00030083899,4.0877319e-05,0.99974006,0.99969923,8.538305e-05,6.1063656e-05,0.99965468,0.99963817,-1.6509788e-05,0.88566688,1.2748327,0.056936957,0.072585093,False,0.98560965,True,True,True,0.88566688,1.2748327,0.056936957,0.072585093,0.88368557,1.2779261,0.05604302,0.071618838,0.95576421,1.1745734,0.010049727,0.011804143,0.94114448,1.2553639,0.018048498,0.022657433,0.86792969,1.3005567,0.025976249,0.033783584,0.89674957,1.2905152,0.031222022,0.040292494,0.85155698,1.2563475,0.024590715,0.030894484,0.88180546,1.2644547,0.02368097,0.029943512
0b_baseline_best,file,13,baseline,1571,028.Brown_Creeper/Brown_Creeper_0115_24488.jpg,28,27,028.Brown_Creeper,188,187,gaussian_blur,gaussian_blur,0,"{""sigma"":1.127073}",0.00025996167,0.0015617328,0.0013017712,0.99974006,0.99843949,8.538305e-05,0.00023449044,0.99965468,0.998205,-0.0014496807,0.56319801,6.3750507,0.056936957,0.36297599,False,0.95194399,True,True,True,0.56319801,6.3750507,0.056936957,0.36297599,0.55401052,6.4054657,0.05604302,0.35898164,0.91473003,5.3434845,0.010049727,0.053700562,0.40659328,7.667438,0.018048498,0.13838574,0.40417382,6.4765692,0.025976249,0.16823698,0.55197892,6.2533862,0.031222022,0.19524336,0.64883361,6.168809,0.024590715,0.15169543,0.76465809,6.0139034,0.02368097,0.14241506
0b_baseline_best,file,13,baseline,1571,028.Brown_Creeper/Brown_Creeper_0115_24488.jpg,28,27,028.Brown_Creeper,188,187,random_erasing,random_erasing,0,"{""area_fraction"":0.085964,""erased"":true,""height"":0.390063,""left"":0.190669,""top"":0.060781,""width"":0.220385}",0.00025996167,0.089418896,0.089158934,0.99974006,0.91446245,8.538305e-05,0.020625414,0.99965468,0.89383703,-0.10581765,0.72131515,293.44453,0.056936957,16.707839,False,0.91449523,True,True,True,0.72131515,293.44453,0.056936957,16.707839,0.71697606,294.98211,0.05604302,16.531689,0.90116537,240.77695,0.010049727,2.4197427,0.59695734,293.62505,0.018048498,5.2994913,0.69368777,285.83139,0.025976249,7.4248274,0.75665947,289.06028,0.031222022,9.0250463,0.72947004,312.43204,0.024590715,7.6829274,0.73356848,297.41593,0.02368097,7.0430975
0b_baseline_best,file,13,baseline,1952,035.Purple_Finch/Purple_Finch_0102_27308.jpg,35,34,035.Purple_Finch,120,119,identity,identity,0,{},0.009596644,0.009596644,0,0.99044925,0.99044925,0.001378151,0.001378151,0.9890711,0.9890711,0,1,1,1.6625274,1.6625274,False,1,True,True,True,1,1,1.6625274,1.6625274,1,1,1.6430459,1.6430459,1,1,0.25376664,0.25376664,1,1,0.33977416,0.33977416,1,1,0.68350743,0.68350743,1,1,0.83638941,0.83638941,1,1,0.83180943,0.83180943,1,1,0.85177277,0.85177277
0b_baseline_best,file,13,baseline,1952,035.Purple_Finch/Purple_Finch_0102_27308.jpg,35,34,035.Purple_Finch,120,119,horizontal_flip,horizontal_flip,0,"{""flipped"":true}",0.009596644,0.0031121175,-0.0064845264,0.99044925,0.99689269,0.001378151,0.00024334464,0.9890711,0.99664935,0.0075782473,0.69816299,0.35397438,1.6625274,0.58849212,False,0.96407497,True,True,True,0.69816299,0.35397438,1.6625274,0.58849212,0.69223405,0.35356173,1.6430459,0.58091816,0.93589329,0.37086041,0.25376664,0.094112001,0.69630497,0.30862259,0.33977416,0.10486198,0.57133014,0.35975759,0.68350743,0.24589699,0.67113644,0.3771365,0.83638941,0.31543298,0.68617737,0.34368229,0.83180943,0.28587817,0.80501925,0.34184056,0.85177277,0.29117048
0b_baseline_best,file,13,baseline,1952,035.Purple_Finch/Purple_Finch_0102_27308.jpg,35,34,035.Purple_Finch,120,119,color_jitter,color_jitter,0,"{""brightness"":0.866055,""contrast"":1.069572,""hue"":0.030272,""saturation"":1.320952}",0.009596644,0.048051428,0.038454784,0.99044925,0.95308477,0.001378151,0.0050309845,0.9890711,0.94805378,-0.041017316,0.829371,4.5423006,1.6625274,7.5516993,False,0.971039,True,True,True,0.829371,4.5423006,1.6625274,7.5516993,0.8259949,4.5370683,1.6430459,7.4546115,0.96527435,4.756471,0.25376664,1.2070337,0.7951234,5.2372872,0.33977416,1.7794948,0.74455761,4.6413413,0.68350743,3.1723913,0.80250886,4.7335666,0.83638941,3.959105,0.85191339,4.3828211,0.83180943,3.6456719,0.89273706,4.2936361,0.85177277,3.6572023
0b_baseline_best,file,13,baseline,1952,035.Purple_Finch/Purple_Finch_0102_27308.jpg,35,34,035.Purple_Finch,120,119,rotation,rotation,0,"{""angle"":9.007274}",0.009596644,0.01512511,0.0055284658,0.99044925,0.98498869,0.001378151,0.0027456712,0.9890711,0.98224302,-0.0068280805,0.84582393,1.6090034,1.6625274,2.6750122,False,0.97910452,True,True,True,0.84582393,1.6090034,1.6625274,2.6750122,0.84269622,1.608516,1.6430459,2.6428657,0.97533538,1.6293023,0.25376664,0.41346258,0.84180268,1.8550474,0.33977416,0.63029717,0.78972701,1.6053809,0.68350743,1.0972897,0.83256929,1.6476832,0.83638941,1.3781047,0.84484162,1.5778289,0.83180943,1.312453,0.88870881,1.5582746,0.85177277,1.3272958
0b_baseline_best,file,13,baseline,1952,035.Purple_Finch/Purple_Finch_0102_27308.jpg,35,34,035.Purple_Finch,120,119,random_resized_crop,random_resized_crop,0,"{""area_fraction"":0.752133,""aspect"":1.048595,""fallback"":false,""height"":0.846922,""left"":0.045021,""top"":0.042651,""width"":0.888078}",0.009596644,0.0139233,0.0043266565,0.99044925,0.98617315,0.001378151,0.0016287065,0.9890711,0.98454445,-0.0045266523,0.85294245,1.5518495,1.6625274,2.5799924,False,0.97850049,True,True,True,0.85294245,1.5518495,1.6625274,2.5799924,0.8503562,1.5547736,1.6430459,2.5545643,0.97455683,1.4238801,0.25376664,0.36133328,0.83311167,1.7087259,0.33977416,0.58058091,0.82737508,1.5776672,0.68350743,1.0783473,0.82680041,1.5607716,0.83638941,1.3054128,0.84780822,1.5460334,0.83180943,1.2860052,0.89573139,1.5162529,0.85177277,1.291503
0b_baseline_best,file,13,baseline,1952,035.Purple_Finch/Purple_Finch_0102_27308.jpg,35,34,035.Purple_Finch,120,119,gaussian_blur,gaussian_blur,0,"{""sigma"":1.697301}",0.009596644,2.6550951,2.6454985,0.99044925,0.07029216,0.001378151,0.0033794849,0.9890711,0.066912675,-0.92215842,0.44721622,133.72619,1.6625274,222.32346,False,0.75405455,False,True,False,0.44721622,133.72619,1.6625274,222.32346,0.44401642,134.58633,1.6430459,221.13152,0.68138686,90.597881,0.25376664,22.99072,0.21343514,146.88732,0.33977416,49.908516,0.46586679,177.72207,0.68350743,121.47436,0.43480348,145.69169,0.83638941,121.85498,0.50930489,127.78186,0.83180943,106.29016,0.46960572,87.11555,0.85177277,74.202653
0b_baseline_best,file,13,baseline,1952,035.Purple_Finch/Purple_Finch_0102_27308.jpg,35,34,035.Purple_Finch,120,119,random_erasing,random_erasing,0,"{""area_fraction"":0.08279,""erased"":true,""height"":0.308609,""left"":0.217451,""top"":0.647314,""width"":0.268267}",0.009596644,0.01039354,0.00079689641,0.99044925,0.98966026,0.001378151,0.0015110094,0.9890711,0.98814925,-0.00092184509,0.97436655,1.0859799,1.6625274,1.8054713,False,0.99390817,True,True,True,0.97436655,1.0859799,1.6625274,1.8054713,0.97390806,1.086176,1.6430459,1.7846371,0.99376653,1.0777254,0.25376664,0.27349076,0.97755753,1.083607,0.33977416,0.36818165,0.97500753,1.070023,0.68350743,0.73136865,0.97718361,1.1103204,0.83638941,0.92866024,0.9719142,1.0935459,0.83180943,0.90962177,0.97176664,1.0661323,0.85177277,0.90810249
0b_baseline_best,file,13,baseline,8012,137.Cliff_Swallow/Cliff_Swallow_0071_133742.jpg,137,136,137.Cliff_Swallow,135,134,identity,identity,0,{},0.0052840333,0.0052840333,0,0.99472988,0.99472988,0.0050346293,0.0050346293,0.98969525,0.98969525,0,1,1,1.1974199,1.1974199,False,1,True,True,True,1,1,1.1974199,1.1974199,1,1,1.1623569,1.1623569,1,1,0.28764708,0.28764708,1,1,0.28938336,0.28938336,1,1,0.48432474,0.48432474,1,1,0.63923514,0.63923514,1,1,0.56285707,0.56285707,1,1,0.55437425,0.55437425
0b_baseline_best,file,13,baseline,8012,137.Cliff_Swallow/Cliff_Swallow_0071_133742.jpg,137,136,137.Cliff_Swallow,135,134,horizontal_flip,horizontal_flip,0,"{""flipped"":true}",0.0052840333,0.0019783466,-0.0033056866,0.99472988,0.99802363,0.0050346293,0.0015175926,0.98969525,0.99650604,0.0068107893,0.64944433,0.2834905,1.1974199,0.33945717,False,0.97823852,True,True,True,0.64944433,0.2834905,1.1974199,0.33945717,0.62681043,0.27952264,1.1623569,0.32490507,0.9639341,0.34182618,0.28764708,0.098325303,0.45157067,0.25664367,0.28938336,0.074268408,0.49484396,0.2455532,0.48432474,0.11892749,0.64020192,0.25254899,0.63923514,0.16143819,0.63522203,0.28883628,0.56285707,0.16257354,0.73339808,0.32971883,0.55437425,0.18278763
0b_baseline_best,file,13,baseline,8012,137.Cliff_Swallow/Cliff_Swallow_0071_133742.jpg,137,136,137.Cliff_Swallow,135,134,color_jitter,color_jitter,0,"{""brightness"":0.96928,""contrast"":0.645052,""hue"":-0.032565,""saturation"":0.921266}",0.0052840333,0.075618304,0.070334271,0.99472988,0.92717004,0.0050346293,0.070854813,0.98969525,0.85631523,-0.13338002,0.82609369,14.266168,1.1974199,17.082593,False,0.94732475,True,True,True,0.82609369,14.266168,1.1974199,17.082593,0.81914742,14.309114,1.1623569,16.632298,0.94708613,13.545646,0.28764708,3.8963653,0.88689185,12.181726,0.28938336,3.5251886,0.79003562,15.108946,0.48432474,7.3176361,0.8419581,14.992692,0.63923514,9.5838557,0.81724435,14.104176,0.56285707,7.9386355,0.80223355,13.472896,0.55437425,7.4690267
0b_baseline_best,file,13,baseline,8012,137.Cliff_Swallow/Cliff_Swallow_0071_133742.jpg,137,136,137.Cliff_Swallow,135,134,rotation,rotation,0,"{""angle"":-10.633153}",0.0052840333,0.0038967405,-0.0013872928,0.99472988,0.99611086,0.0050346293,0.0013175944,0.98969525,0.99479326,0.0050980148,0.54210986,0.4899918,1.1974199,0.58672594,False,0.96581632,True,True,True,0.54210986,0.4899918,1.1974199,0.58672594,0.52484834,0.48394582,1.1623569,0.56251777,0.78562298,0.57986522,0.28764708,0.16679654,0.65822428,0.49461825,0.28938336,0.14313429,0.47602084,0.51029221,0.48432474,0.24714714,0.51383646,0.42249898,0.63923514,0.27007619,0.52605956,0.46482332,0.56285707,0.26162909,0.54724375,0.55147293,0.55437425,0.30572239
0b_baseline_best,file,13,baseline,8012,137.Cliff_Swallow/Cliff_Swallow_0071_133742.jpg,137,136,137.Cliff_Swallow,135,134,random_resized_crop,random_resized_crop,0,"{""area_fraction"":0.581357,""aspect"":1.047966,""fallback"":false,""height"":0.744814,""left"":0.081942,""top"":0.126413,""width"":0.78054}",0.0052840333,0.0021048076,-0.0031792256,0.99472988,0.99789739,0.0050346293,0.00025917453,0.98969525,0.99763821,0.0079429648,0.28874588,0.31677126,1.1974199,0.37930821,False,0.9396863,True,True,True,0.28874588,0.31677126,1.1974199,0.37930821,0.26614984,0.31526356,1.1623569,0.36644879,0.63122299,0.34044694,0.28764708,0.097928568,0.53305958,0.25024748,0.28938336,0.072417455,0.24969665,0.35300797,0.48432474,0.17097049,0.18929346,0.28632197,0.63923514,0.18302707,0.26435921,0.30675338,0.56285707,0.17265831,0.31799817,0.34462097,0.55437425,0.19104899
0b_baseline_best,file,13,baseline,8012,137.Cliff_Swallow/Cliff_Swallow_0071_133742.jpg,137,136,137.Cliff_Swallow,135,134,gaussian_blur,gaussian_blur,0,"{""sigma"":1.965295}",0.0052840333,0.13063781,0.12535378,0.99472988,0.87753552,0.0050346293,0.0013835325,0.98969525,0.87615199,-0.11354326,0.13729974,19.721158,1.1974199,23.614508,False,0.84439725,True,True,True,0.13729974,19.721158,1.1974199,23.614508,0.1186962,19.813873,1.1623569,23.030793,0.46960862,18.1403,0.28764708,5.2180043,0.30672267,18.363692,0.28938336,5.3141469,0.096313068,21.137408,0.48432474,10.23737,0.083806734,18.267595,0.63923514,11.677288,0.13301044,20.108638,0.56285707,11.318289,0.11818408,20.795869,0.55437425,11.528694
0b_baseline_best,file,13,baseline,8012,137.Cliff_Swallow/Cliff_Swallow_0071_133742.jpg,137,136,137.Cliff_Swallow,135,134,random_erasing,random_erasing,0,"{""area_fraction"":0.156079,""erased"":true,""height"":0.408008,""left"":0.377841,""top"":0.121837,""width"":0.38254}",0.0052840333,0.012397136,0.0071131024,0.99472988,0.98767942,0.0050346293,0.011164061,0.98969525,0.97651536,-0.013179886,0.87317408,1.895421,1.1974199,2.2696149,False,0.98345184,True,True,True,0.87317408,1.895421,1.1974199,2.2696149,0.86614442,1.8890118,1.1623569,2.195706,0.9830162,1.9971681,0.28764708,0.57447956,0.91993209,1.729229,0.28938336,0.50041009,0.88088302,1.8733577,0.48432474,0.90731345,0.86313119,1.8196692,0.63923514,1.1631965,0.84822091,1.9532811,0.56285707,1.0994181,0.86733494,1.9642359,0.55437425,1.0889218
0b_baseline_best,file,13,baseline,11532,196.House_Wren/House_Wren_0094_187226.jpg,196,195,196.House_Wren,173,172,identity,identity,0,{},0.22326085,0.22326085,0,0.79990619,0.79990619,0.041268487,0.041268487,0.75863771,0.75863771,0,1,1,53.43993,53.43993,False,1.0000001,True,True,True,1,1,53.43993,53.43993,1,1,53.141101,53.141101,1,1,5.6435319,5.6435319,1,1,12.29141,12.29141,1,1,33.532485,33.532485,1,1,30.558152,30.558152,1,1,19.975694,19.975694,1,1,14.684732,14.684732
0b_baseline_best,file,13,baseline,11532,196.House_Wren/House_Wren_0094_187226.jpg,196,195,196.House_Wren,173,172,horizontal_flip,horizontal_flip,0,"{""flipped"":true}",0.22326085,0.084472671,-0.13878818,0.79990619,0.91899675,0.041268487,0.013578997,0.75863771,0.90541775,0.14678005,0.64589048,0.3420239,53.43993,18.277733,False,0.95713192,True,True,True,0.64589048,0.3420239,53.43993,18.277733,0.64217811,0.34063694,53.141101,18.101822,0.92015766,0.44825435,5.6435319,2.5297377,0.49123169,0.38326558,12.29141,4.7108742,0.60519958,0.29325281,33.532485,9.8334953,0.701409,0.35530995,30.558152,10.857615,0.65318108,0.37596073,19.975694,7.5100767,0.68442451,0.39996701,14.684732,5.8734086
0b_baseline_best,file,13,baseline,11532,196.House_Wren/House_Wren_0094_187226.jpg,196,195,196.House_Wren,173,172,color_jitter,color_jitter,0,"{""brightness"":1.120859,""contrast"":1.107965,""hue"":0.046098,""saturation"":1.387175}",0.22326085,2.8415136,2.6182528,0.79990619,0.058337305,0.041268487,0.45255104,0.75863771,-0.39421373,-1.1528514,0.76834544,3.7426476,53.43993,200.00683,False,0.87137079,False,True,False,0.76834544,3.7426476,53.43993,200.00683,0.76762912,3.7309717,53.141101,198.26794,0.83807917,4.6631079,5.6435319,26.316399,0.77354068,3.9113304,12.29141,48.075763,0.75935868,3.455274,33.532485,115.86392,0.81597519,3.8501713,30.558152,117.65412,0.75766339,3.9077559,19.975694,78.060138,0.63831483,4.1077073,14.684732,60.320582
0b_baseline_best,file,13,baseline,11532,196.House_Wren/House_Wren_0094_187226.jpg,196,195,196.House_Wren,173,172,rotation,rotation,0,"{""angle"":5.384722}",0.22326085,0.33915618,0.11589533,0.79990619,0.71237117,0.041268487,0.043860704,0.75863771,0.66851047,-0.090127241,0.90215527,1.3292184,53.43993,71.03334,False,0.9679215,True,True,True,0.90215527,1.3292184,53.43993,71.03334,0.90154685,1.32847,53.141101,70.596358,0.95460008,1.3939848,5.6435319,7.8669978,0.90447447,1.5084117,12.29141,18.540506,0.90829502,1.2645642,33.532485,42.403979,0.9131099,1.3273562,30.558152,40.561551,0.88676943,1.3928481,19.975694,27.823108,0.86104175,1.3999604,14.684732,20.558045
0b_baseline_best,file,13,baseline,11532,196.House_Wren/House_Wren_0094_187226.jpg,196,195,196.House_Wren,173,172,random_resized_crop,random_resized_crop,0,"{""area_fraction"":0.542038,""aspect"":0.79764,""fallback"":false,""height"":0.824349,""left"":0.309499,""top"":0.028237,""width"":0.657534}",0.22326085,2.7296643,2.5064035,0.79990619,0.065241173,0.041268487,0.23256819,0.75863771,-0.16732702,-0.92596472,0.85194814,4.1899091,53.43993,223.90845,False,0.88892043,False,True,False,0.85194814,4.1899091,53.43993,223.90845,0.85159069,4.1881066,53.141101,222.5606,0.88306734,4.3467596,5.6435319,24.531077,0.90890552,4.971773,12.29141,61.110098,0.89108427,3.9049309,33.532485,130.94204,0.86765818,4.2059671,30.558152,128.52658,0.78455503,4.4131735,19.975694,88.156205,0.70855569,4.4977446,14.684732,66.048177
0b_baseline_best,file,13,baseline,11532,196.House_Wren/House_Wren_0094_187226.jpg,196,195,196.House_Wren,173,172,gaussian_blur,gaussian_blur,0,"{""sigma"":1.011053}",0.22326085,1.3313315,1.1080706,0.79990619,0.26412535,0.041268487,0.022667902,0.75863771,0.24145745,-0.51718026,0.795542,3.3760854,53.43993,180.41777,False,0.93371868,True,True,True,0.795542,3.3760854,53.43993,180.41777,0.79443441,3.3720235,53.141101,179.19304,0.88835881,3.7186466,5.6435319,20.986301,0.8150737,4.3707705,12.29141,53.722931,0.7955612,3.2653629,33.532485,109.49573,0.81193034,3.1539483,30.558152,96.378831,0.7857332,3.5343212,19.975694,70.600521,0.75881409,3.7057827,14.684732,54.418428
0b_baseline_best,file,13,baseline,11532,196.House_Wren/House_Wren_0094_187226.jpg,196,195,196.House_Wren,173,172,random_erasing,random_erasing,0,"{""area_fraction"":0.072753,""erased"":true,""height"":0.201771,""left"":0.263365,""top"":0.560498,""width"":0.360573}",0.22326085,0.34081045,0.1175496,0.79990619,0.71119368,0.041268487,0.019679196,0.75863771,0.69151448,-0.067123223,0.8735494,1.142912,53.43993,61.077139,False,0.93180019,True,True,True,0.8735494,1.142912,53.43993,61.077139,0.87320612,1.1406483,53.141101,60.615308,0.90971203,1.328381,5.6435319,7.4967604,0.8396938,1.0112975,12.29141,12.430272,0.91466787,1.0213602,33.532485,34.248745,0.90080767,1.1834014,30.558152,36.16256,0.81131216,1.2542963,19.975694,25.055439,0.78073567,1.3809307,14.684732,20.278598
0b_baseline_best,file,13,baseline,8107,139.Scarlet_Tanager/Scarlet_Tanager_0093_138250.jpg,139,138,139.Scarlet_Tanager,140,139,identity,identity,0,{},1.7782577,1.7782577,0,0.16893221,0.16893221,0.81738132,0.81738132,-0.64844911,-0.64844911,0,1,1,166.58416,166.58416,False,1,True,False,False,1,1,166.58416,166.58416,1,1,162.81526,162.81526,1,1,35.234573,35.234573,1,1,35.222906,35.222906,1,1,62.415782,62.415782,1,1,87.698773,87.698773,1,1,88.653012,88.653012,1,1,76.301991,76.301991
0b_baseline_best,file,13,baseline,8107,139.Scarlet_Tanager/Scarlet_Tanager_0093_138250.jpg,139,138,139.Scarlet_Tanager,140,139,horizontal_flip,horizontal_flip,0,"{""flipped"":true}",1.7782577,0.8522256,-0.92603213,0.16893221,0.42646477,0.81738132,0.53845632,-0.64844911,-0.11199155,0.53645755,0.70808986,0.60709935,166.58416,101.13314,False,0.97603941,True,False,False,0.70808986,0.60709935,166.58416,101.13314,0.69498768,0.60576149,162.81526,98.627212,0.97572682,0.63499394,35.234573,22.37374,0.70372454,0.7038425,35.222906,24.791378,0.57383921,0.61792917,62.415782,38.568532,0.6589178,0.57322604,87.698773,50.27122,0.70306117,0.59989618,88.653012,53.182603,0.81001377,0.62436508,76.301991,47.640299
0b_baseline_best,file,13,baseline,8107,139.Scarlet_Tanager/Scarlet_Tanager_0093_138250.jpg,139,138,139.Scarlet_Tanager,140,139,color_jitter,color_jitter,0,"{""brightness"":0.771931,""contrast"":1.218561,""hue"":0.039807,""saturation"":0.826987}",1.7782577,2.4107881,0.63253033,0.16893221,0.089744523,0.81738132,0.44745055,-0.64844911,-0.35770603,0.29074308,0.6849669,0.795706,166.58416,132.55202,False,0.90205461,True,False,False,0.6849669,0.795706,166.58416,132.55202,0.67743763,0.79242825,162.81526,129.01941,0.83499195,0.86272793,35.234573,30.39785,0.65984769,1.0301956,35.222906,36.286483,0.5845139,0.85230519,62.415782,53.197295,0.70489626,0.75880616,87.698773,66.546369,0.70881001,0.74368384,88.653012,65.929812,0.68499454,0.79979725,76.301991,61.026123
0b_baseline_best,file,13,baseline,8107,139.Scarlet_Tanager/Scarlet_Tanager_0093_138250.jpg,139,138,139.Scarlet_Tanager,140,139,rotation,rotation,0,"{""angle"":2.324345}",1.7782577,2.5075493,0.72929156,0.16893221,0.081467643,0.81738132,0.90584546,-0.64844911,-0.82437782,-0.17592871,0.89124471,1.0995947,166.58416,183.17507,False,0.99325049,True,False,False,0.89124471,1.0995947,166.58416,183.17507,0.88648854,1.0998098,162.81526,179.06581,0.99325671,1.0949927,35.234573,38.581599,0.85432095,1.2294995,35.222906,43.306545,0.82390133,1.1183099,62.415782,69.800185,0.87663397,1.0815182,87.698773,94.847821,0.90277133,1.113645,88.653012,98.727979,0.93094564,1.0625997,76.301991,81.078475
0b_baseline_best,file,13,baseline,8107,139.Scarlet_Tanager/Scarlet_Tanager_0093_138250.jpg,139,138,139.Scarlet_Tanager,140,139,random_resized_crop,random_resized_crop,0,"{""area_fraction"":0.817806,""aspect"":1.114599,""fallback"":false,""height"":0.856576,""left"":0.002466,""top"":0.039059,""width"":0.954739}",1.7782577,2.6326063,0.85434854,0.16893221,0.071890853,0.81738132,0.92237574,-0.64844911,-0.85048489,-0.20203578,0.83459929,1.1823175,166.58416,196.95536,False,0.98290557,True,False,False,0.83459929,1.1823175,166.58416,196.95536,0.82824449,1.1859732,162.81526,193.09454,0.98290686,1.1013647,35.234573,38.806113,0.79860751,1.4026184,35.222906,49.404296,0.7787011,1.1796852,62.415782,73.630976,0.82299852,1.1491464,87.698773,100.77873,0.83014395,1.2027046,88.653012,106.62338,0.87740807,1.164745,76.301991,88.872364
0b_baseline_best,file,13,baseline,8107,139.Scarlet_Tanager/Scarlet_Tanager_0093_138250.jpg,139,138,139.Scarlet_Tanager,140,139,gaussian_blur,gaussian_blur,0,"{""sigma"":1.718738}",1.7782577,2.7173545,0.93909681,0.16893221,0.066049255,0.81738132,0.67342651,-0.64844911,-0.60737725,0.041071855,0.65192041,0.85026519,166.58416,141.64072,False,0.86905932,True,False,False,0.65192041,0.85026519,166.58416,141.64072,0.6423241,0.85056538,162.81526,138.48502,0.8584826,0.84383004,35.234573,29.731991,0.55716499,0.98527894,35.222906,34.704387,0.5689315,0.88353251,62.415782,55.146373,0.66887041,0.83533505,87.698773,73.257859,0.63685219,0.81363922,88.653012,72.131567,0.68924503,0.86566948,76.301991,66.052305
0b_baseline_best,file,13,baseline,8107,139.Scarlet_Tanager/Scarlet_Tanager_0093_138250.jpg,139,138,139.Scarlet_Tanager,140,139,random_erasing,random_erasing,0,"{""area_fraction"":0.113187,""erased"":true,""height"":0.217694,""left"":0.143781,""top"":0.194961,""width"":0.519936}",1.7782577,0.88447678,-0.89378095,0.16893221,0.41293019,0.81738132,0.43035647,-0.64844911,-0.017426282,0.63102283,0.71241465,0.47979282,166.58416,79.925885,False,0.90339804,True,False,False,0.71241465,0.47979282,166.58416,79.925885,0.7030886,0.47646804,162.81526,77.576266,0.89247604,0.54597525,35.234573,19.237205,0.63979717,0.45467995,35.222906,16.015149,0.64708932,0.42504803,62.415782,26.529705,0.73859923,0.45069462,87.698773,39.525365,0.68949341,0.45409209,88.653012,40.256631,0.73461221,0.56748584,76.301991,43.300299
0b_baseline_best,file,13,baseline,7871,135.Bank_Swallow/Bank_Swallow_0068_129806.jpg,135,134,135.Bank_Swallow,137,136,identity,identity,0,{},0.68456388,0.68456388,0,0.50431013,0.50431013,0.3611989,0.3611989,0.14311123,0.14311123,0,1,1,59.420503,59.420503,False,1,True,True,True,1,1,59.420503,59.420503,1,1,56.195197,56.195197,1,1,19.310516,19.310516,1,1,11.606831,11.606831,1,1,19.785917,19.785917,1,1,25.378795,25.378795,1,1,28.656906,28.656906,1,1,34.152564,34.152564
0b_baseline_best,file,13,baseline,7871,135.Bank_Swallow/Bank_Swallow_0068_129806.jpg,135,134,135.Bank_Swallow,137,136,horizontal_flip,horizontal_flip,0,"{""flipped"":true}",0.68456388,0.3859694,-0.29859447,0.50431013,0.67979133,0.3611989,0.23797962,0.14311123,0.44181171,0.29870048,0.61608458,0.69552684,59.420503,41.328555,False,0.97061712,True,True,True,0.61608458,0.69552684,59.420503,41.328555,0.57427227,0.6955188,56.195197,39.084816,0.97013674,0.69559488,19.310516,13.432296,0.59983455,0.60591074,11.606831,7.0327037,0.30891628,0.81742095,19.785917,16.173423,0.52059606,0.75216139,25.378795,19.08895,0.57597083,0.66436335,28.656906,19.038598,0.72381801,0.64796895,34.152564,22.129801
0b_baseline_best,file,13,baseline,7871,135.Bank_Swallow/Bank_Swallow_0068_129806.jpg,135,134,135.Bank_Swallow,137,136,color_jitter,color_jitter,0,"{""brightness"":0.890841,""contrast"":1.277662,""hue"":-0.059988,""saturation"":1.209037}",0.68456388,1.6053939,0.92083001,0.50431013,0.20081046,0.3611989,0.5656265,0.14311123,-0.36481604,-0.50792727,0.63430039,1.6462386,59.420503,97.820326,False,0.91190225,False,True,False,0.63430039,1.6462386,59.420503,97.820326,0.60735252,1.670911,56.195197,93.897175,0.91042303,1.4202163,19.310516,27.425111,0.38126476,1.2642971,11.606831,14.674483,0.41332314,1.8714834,19.785917,37.029016,0.53685469,2.0492125,25.378795,52.006544,0.67428549,1.5853638,28.656906,45.431621,0.73802792,1.4526958,34.152564,49.613287
0b_baseline_best,file,13,baseline,7871,135.Bank_Swallow/Bank_Swallow_0068_129806.jpg,135,134,135.Bank_Swallow,137,136,rotation,rotation,0,"{""angle"":3.737606}",0.68456388,0.96867466,0.28411078,0.50431013,0.37958577,0.3611989,0.32295576,0.14311123,0.056630015,-0.086481214,0.73953166,1.2405268,59.420503,73.712729,False,0.95425427,True,True,True,0.73953166,1.2405268,59.420503,73.712729,0.72046632,1.2592635,56.195197,70.764559,0.93882347,1.0687648,19.310516,20.638401,0.75782923,0.99915066,11.606831,11.596973,0.51928056,1.4455025,19.785917,28.600592,0.67355319,1.3316672,25.378795,33.796109,0.74365474,1.2306837,28.656906,35.267587,0.8169289,1.1962601,34.152564,40.855348
0b_baseline_best,file,13,baseline,7871,135.Bank_Swallow/Bank_Swallow_0068_129806.jpg,135,134,135.Bank_Swallow,137,136,random_resized_crop,random_resized_crop,0,"{""area_fraction"":0.799226,""aspect"":1.107606,""fallback"":false,""height"":0.849459,""left"":0.026875,""top"":0.124362,""width"":0.940865}",0.68456388,0.87386096,0.18929708,0.50431013,0.41733712,0.3611989,0.33462572,0.14311123,0.082711399,-0.06039983,0.71991209,1.2549663,59.420503,74.57073,False,0.97808987,True,True,True,0.71991209,1.2549663,59.420503,74.57073,0.69444446,1.2658282,56.195197,71.133464,0.95801586,1.1589074,19.310516,22.3791,0.71000853,1.1079035,11.606831,12.859249,0.44364817,1.3153697,19.785917,26.025795,0.63690426,1.3450481,25.378795,34.135701,0.71530148,1.2727453,28.656906,36.472943,0.805941,1.2149578,34.152564,41.493925
0b_baseline_best,file,13,baseline,7871,135.Bank_Swallow/Bank_Swallow_0068_129806.jpg,135,134,135.Bank_Swallow,137,136,gaussian_blur,gaussian_blur,0,"{""sigma"":1.930959}",0.68456388,2.7205086,2.0359447,0.50431013,0.06584125,0.3611989,0.29687825,0.14311123,-0.231037,-0.37414823,0.33722847,2.6703526,59.420503,158.67369,False,0.86602163,False,True,False,0.33722847,2.6703526,59.420503,158.67369,0.3128751,2.7751756,56.195197,155.95154,0.77433126,1.5155125,19.310516,29.265329,0.48678086,2.6917315,11.606831,31.242473,0.21505416,3.684474,19.785917,72.900697,0.22884279,3.4632693,25.378795,87.893603,0.29688343,2.6259156,28.656906,75.250615,0.47467566,1.9950099,34.152564,68.134702
0b_baseline_best,file,13,baseline,7871,135.Bank_Swallow/Bank_Swallow_0068_129806.jpg,135,134,135.Bank_Swallow,137,136,random_erasing,random_erasing,0,"{""area_fraction"":0.0939,""erased"":true,""height"":0.318172,""left"":0.425118,""top"":0.362283,""width"":0.295123}",0.68456388,2.0342185,1.3496547,0.50431013,0.13078263,0.3611989,0.059192859,0.14311123,0.071589775,-0.071521454,0.40148201,1.9838292,59.420503,117.88013,False,0.83574712,False,True,False,0.40148201,1.9838292,59.420503,117.88013,0.3835342,2.0475563,56.195197,115.06283,0.67164063,1.3266231,19.310516,25.617776,0.15121314,1.7129892,11.606831,19.882377,0.22142917,2.4125475,19.785917,47.734465,0.43138093,2.1584616,25.378795,54.779155,0.38579959,1.9676405,28.656906,56.38649,0.44780346,1.9390099,34.152564,66.222158
0b_baseline_best,file,13,baseline,1027,019.Gray_Catbird/Gray_Catbird_0063_20707.jpg,19,18,019.Gray_Catbird,155,154,identity,identity,0,{},0.11449318,0.11449318,0,0.89181805,0.89181805,0.061550304,0.061550304,0.83026774,0.83026774,0,1,1,15.739576,15.739576,False,1,True,True,True,1,1,15.739576,15.739576,1,1,15.314556,15.314556,1,1,3.6329921,3.6329921,1,1,2.8567732,2.8567732,1,1,7.165935,7.165935,1,1,8.3997073,8.3997073,1,1,7.0741963,7.0741963,1,1,7.3772973,7.3772973
0b_baseline_best,file,13,baseline,1027,019.Gray_Catbird/Gray_Catbird_0063_20707.jpg,19,18,019.Gray_Catbird,155,154,horizontal_flip,horizontal_flip,0,"{""flipped"":true}",0.11449318,0.21273564,0.098242462,0.89181805,0.80836982,0.061550304,0.15241358,0.83026774,0.65595624,-0.1743115,0.65195827,2.180935,15.739576,34.326992,False,0.96038651,True,True,True,0.65195827,2.180935,15.739576,34.326992,0.63840082,2.1979699,15.314556,33.660933,0.9469624,1.8522847,3.6329921,6.7293357,0.41084583,1.9482371,2.8567732,5.5656715,0.61527585,2.4402843,7.165935,17.486919,0.68569203,2.2246086,8.3997073,18.686061,0.60112209,2.1332226,7.0741963,15.090836,0.67416912,2.0077443,7.3772973,14.811726
0b_baseline_best,file,13,baseline,1027,019.Gray_Catbird/Gray_Catbird_0063_20707.jpg,19,18,019.Gray_Catbird,155,154,color_jitter,color_jitter,0,"{""brightness"":1.305002,""contrast"":1.175956,""hue"":0.017035,""saturation"":0.843525}",0.11449318,0.19897947,0.084486291,0.89181805,0.81956673,0.061550304,0.070429251,0.83026774,0.74913748,-0.081130266,0.80275967,1.4916458,15.739576,23.477872,False,0.98431313,True,True,True,0.80275967,1.4916458,15.739576,23.477872,0.79354786,1.485441,15.314556,22.74887,0.9569472,1.5978893,3.6329921,5.8051193,0.62758807,1.7284487,2.8567732,4.9377859,0.74495171,1.2849668,7.165935,9.2079888,0.78569126,1.3933738,8.3997073,11.703932,0.80749128,1.6303302,7.0741963,11.533276,0.86817061,1.594346,7.3772973,11.761964
0b_baseline_best,file,13,baseline,1027,019.Gray_Catbird/Gray_Catbird_0063_20707.jpg,19,18,019.Gray_Catbird,155,154,rotation,rotation,0,"{""angle"":12.463057}",0.11449318,0.13914765,0.024654478,0.89181805,0.87009954,0.061550304,0.11758992,0.83026774,0.75250962,-0.077758119,0.76745349,1.6642215,15.739576,26.194141,False,0.96017319,True,True,True,0.76745349,1.6642215,15.739576,26.194141,0.75918635,1.6723313,15.314556,25.611012,0.93351008,1.51288,3.6329921,5.496281,0.38267414,1.6212694,2.8567732,4.6315989,0.77354404,1.8060091,7.165935,12.941744,0.80908656,1.6718345,8.3997073,14.042921,0.74099926,1.6699887,7.0741963,11.813828,0.75552842,1.5467869,7.3772973,11.411107
0b_baseline_best,file,13,baseline,1027,019.Gray_Catbird/Gray_Catbird_0063_20707.jpg,19,18,019.Gray_Catbird,155,154,random_resized_crop,random_resized_crop,0,"{""area_fraction"":0.840097,""aspect"":0.882826,""fallback"":false,""height"":0.9755,""left"":0.106449,""top"":0.007527,""width"":0.861197}",0.11449318,0.18201499,0.067521811,0.89181805,0.83358884,0.061550304,0.12603575,0.83026774,0.70755309,-0.12271465,0.85862262,1.7315256,15.739576,27.253478,False,0.9829123,True,True,True,0.85862262,1.7315256,15.739576,27.253478,0.8526711,1.7370023,15.314556,26.601419,0.97285565,1.6311418,3.6329921,5.9259251,0.72984339,1.510514,2.8567732,4.3151959,0.81411151,1.8491889,7.165935,13.251167,0.88522927,1.7619266,8.3997073,14.799668,0.84649171,1.7131002,7.0741963,12.118807,0.875514,1.6464033,7.3772973,12.146007
0b_baseline_best,file,13,baseline,1027,019.Gray_Catbird/Gray_Catbird_0063_20707.jpg,19,18,019.Gray_Catbird,155,154,gaussian_blur,gaussian_blur,0,"{""sigma"":1.85659}",0.11449318,2.2806983,2.1662051,0.89181805,0.10221281,0.061550304,0.71564901,0.83026774,-0.6134362,-1.4437039,0.60678743,9.3281099,15.739576,146.8205,False,0.89379632,False,True,False,0.60678743,9.3281099,15.739576,146.8205,0.59409119,9.397647,15.314556,143.92079,0.87968224,7.9921913,3.6329921,29.035568,0.720373,11.084648,2.8567732,31.666326,0.53579377,10.387905,7.165935,74.439054,0.5652915,8.6648875,8.3997073,72.782519,0.61898754,9.5275057,7.0741963,67.399446,0.65456403,8.9188899,7.3772973,65.797302
0b_baseline_best,file,13,baseline,1027,019.Gray_Catbird/Gray_Catbird_0063_20707.jpg,19,18,019.Gray_Catbird,155,154,random_erasing,random_erasing,0,"{""area_fraction"":0.096626,""erased"":true,""height"":0.234399,""left"":0.105407,""top"":0.20484,""width"":0.412227}",0.11449318,0.50409514,0.38960196,0.89181805,0.60405195,0.061550304,0.21200229,0.83026774,0.39204966,-0.43821809,0.87553046,3.8101398,15.739576,59.969986,False,0.96380621,True,True,True,0.87553046,3.8101398,15.739576,59.969986,0.87127674,3.8270473,15.314556,58.60953,0.96168154,3.4960898,3.6329921,12.701267,0.85945196,4.3573323,2.8567732,12.44791,0.89940589,3.8566071,7.165935,27.636196,0.89512246,3.9504762,8.3997073,33.182844,0.84875485,3.7913251,7.0741963,26.820578,0.83666161,3.5758823,7.3772973,26.380347
0b_baseline_best,file,13,baseline,3069,053.Western_Grebe/Western_Grebe_0061_36181.jpg,53,52,053.Western_Grebe,51,50,identity,identity,0,{},0.00097394228,0.00097394228,0,0.99902654,0.99902654,0.00016234584,0.00016234584,0.99886419,0.99886419,0,1,1,0.13503721,0.13503721,False,0.99999994,True,True,True,1,1,0.13503721,0.13503721,1,1,0.13133113,0.13133113,1,1,0.031419435,0.031419435,1,1,0.03016119,0.03016119,1,1,0.041922476,0.041922476,1,1,0.059849002,0.059849002,1,1,0.06752544,0.06752544,1,1,0.080243922,0.080243922
0b_baseline_best,file,13,baseline,3069,053.Western_Grebe/Western_Grebe_0061_36181.jpg,53,52,053.Western_Grebe,51,50,horizontal_flip,horizontal_flip,0,"{""flipped"":true}",0.00097394228,0.0023092765,0.0013353342,0.99902654,0.99769336,0.00016234584,0.00078440196,0.99886419,0.99690896,-0.0019552332,0.6093076,2.4425508,0.13503721,0.32983524,False,0.97530848,True,True,True,0.6093076,2.4425508,0.13503721,0.32983524,0.59015708,2.4469059,0.13133113,0.32135493,0.95579933,2.3651659,0.031419435,0.074312178,0.2936798,1.8656819,0.03016119,0.056271186,0.50087221,2.4900039,0.041922476,0.10438713,0.53762117,2.4582081,0.059849002,0.1471213,0.52243317,2.5865683,0.06752544,0.17465916,0.73292123,2.3989071,0.080243922,0.19249771
0b_baseline_best,file,13,baseline,3069,053.Western_Grebe/Western_Grebe_0061_36181.jpg,53,52,053.Western_Grebe,51,50,color_jitter,color_jitter,0,"{""brightness"":0.74308,""contrast"":1.24021,""hue"":0.042501,""saturation"":0.958637}",0.00097394228,0.001000857,2.6914699e-05,0.99902654,0.99899966,0.00016234584,2.931985e-05,0.99886419,0.99897034,0.00010614429,0.70692855,0.97813005,0.13503721,0.13208395,False,0.97675318,True,True,True,0.70692855,0.97813005,0.13503721,0.13208395,0.69215157,0.97680299,0.13133113,0.12828464,0.95906098,1.0010325,0.031419435,0.031451875,0.29452968,0.7319025,0.03016119,0.02207505,0.49973213,1.042405,0.041922476,0.043700197,0.59782962,0.92654146,0.059849002,0.055452582,0.70098833,1.0164826,0.06752544,0.068638434,0.83648041,0.98707491,0.080243922,0.079206762
0b_baseline_best,file,13,baseline,3069,053.Western_Grebe/Western_Grebe_0061_36181.jpg,53,52,053.Western_Grebe,51,50,rotation,rotation,0,"{""angle"":13.504198}",0.00097394228,0.015961846,0.014987904,0.99902654,0.98416489,0.00016234584,0.00058548187,0.99886419,0.98357941,-0.015284779,0.70284454,15.940027,0.13503721,2.1524967,False,0.94902825,True,True,True,0.70284454,15.940027,0.13503721,2.1524967,0.69231697,16.070886,0.13133113,2.1106076,0.93328168,13.449782,0.031419435,0.42258456,0.69755951,16.698029,0.03016119,0.50363241,0.60487784,16.524719,0.041922476,0.69275715,0.66833943,16.25357,0.059849002,0.97275994,0.65892175,16.859086,0.06752544,1.1384172,0.76013996,15.154794,0.080243922,1.2160801
0b_baseline_best,file,13,baseline,3069,053.Western_Grebe/Western_Grebe_0061_36181.jpg,53,52,053.Western_Grebe,51,50,random_resized_crop,random_resized_crop,0,"{""area_fraction"":0.840601,""aspect"":0.859601,""fallback"":false,""height"":0.988886,""left"":0.082513,""top"":0.010804,""width"":0.850048}",0.00097394228,0.0026861085,0.0017121662,0.99902654,0.99731749,0.00016234584,0.00021123199,0.99886419,0.99710626,-0.0017579301,0.82327548,2.8527578,0.13503721,0.38522845,False,0.98669052,True,True,True,0.82327548,2.8527578,0.13503721,0.38522845,0.81616441,2.8747048,0.13133113,0.37753824,0.98049635,2.4376227,0.031419435,0.076588731,0.68694318,2.5533557,0.03016119,0.077012247,0.7404111,3.2163467,0.041922476,0.13483722,0.7597391,2.8638265,0.059849002,0.17139716,0.81437734,2.9810134,0.06752544,0.20129424,0.89517298,2.7452297,0.080243922,0.220288
0b_baseline_best,file,13,baseline,3069,053.Western_Grebe/Western_Grebe_0061_36181.jpg,53,52,053.Western_Grebe,51,50,gaussian_blur,gaussian_blur,0,"{""sigma"":1.31479}",0.00097394228,0.0040001627,0.0030262204,0.99902654,0.9960078,0.00016234584,3.9419872e-05,0.99886419,0.99596838,-0.0028958109,0.71267284,4.1685621,0.13503721,0.56291099,False,0.9451437,True,True,True,0.71267284,4.1685621,0.13503721,0.56291099,0.70229589,4.1917379,0.13133113,0.55050569,0.92024807,3.7405383,0.031419435,0.1175256,0.79382722,4.9220637,0.03016119,0.1484553,0.53849098,4.6582836,0.041922476,0.19528678,0.58403866,3.9102885,0.059849002,0.23402686,0.70270689,4.1919983,0.06752544,0.28306653,0.80397556,4.0951549,0.080243922,0.32861129
0b_baseline_best,file,13,baseline,3069,053.Western_Grebe/Western_Grebe_0061_36181.jpg,53,52,053.Western_Grebe,51,50,random_erasing,random_erasing,0,"{""area_fraction"":0.105371,""erased"":true,""height"":0.463516,""left"":0.767236,""top"":0.151111,""width"":0.227329}",0.00097394228,0.0025634069,0.0015894647,0.99902654,0.99743986,0.00016234584,0.0005770881,0.99886419,0.99686277,-0.0020014179,0.91076193,2.652235,0.13503721,0.35815041,False,0.98385108,True,True,True,0.91076193,2.652235,0.13503721,0.35815041,0.90712961,2.6575433,0.13133113,0.34901817,0.97733511,2.5577124,0.031419435,0.080361881,0.91982056,2.3268135,0.03016119,0.070179464,0.87739465,2.7539416,0.041922476,0.11545205,0.91544587,2.6593607,0.059849002,0.15916009,0.90471162,2.7706269,0.06752544,0.1870878,0.91330242,2.5909452,0.080243922,0.2079076
0b_baseline_best,file,13,baseline,9721,166.Golden_winged_Warbler/Golden_Winged_Warbler_0030_164462.jpg,166,165,166.Golden_winged_Warbler,165,164,identity,identity,0,{},0.5164963,0.5164963,0,0.59660721,0.59660721,0.13520157,0.13520157,0.46140563,0.46140563,0,1,1,54.554983,54.554983,False,1,True,True,True,1,1,54.554983,54.554983,1,1,53.410249,53.410249,1,1,11.11717,11.11717,1,1,10.423564,10.423564,1,1,18.396506,18.396506,1,1,26.290757,26.290757,1,1,28.401352,28.401352,1,1,30.128589,30.128589
0b_baseline_best,file,13,baseline,9721,166.Golden_winged_Warbler/Golden_Winged_Warbler_0030_164462.jpg,166,165,166.Golden_winged_Warbler,165,164,horizontal_flip,horizontal_flip,0,"{""flipped"":true}",0.5164963,0.37863609,-0.13786021,0.59660721,0.68479478,0.13520157,0.078079015,0.46140563,0.60671577,0.14531013,0.6404869,0.76671562,54.554983,41.828157,False,0.95879501,True,True,True,0.6404869,0.76671562,54.554983,41.828157,0.62873813,0.77037511,53.410249,41.145926,0.95435344,0.67677252,11.11717,7.5237952,0.6041303,0.62093949,10.423564,6.4724028,0.39603728,0.73348848,18.396506,13.493625,0.59572193,0.75296034,26.290757,19.795897,0.62116831,0.80835493,28.401352,22.958373,0.74663364,0.77843695,30.128589,23.453206
0b_baseline_best,file,13,baseline,9721,166.Golden_winged_Warbler/Golden_Winged_Warbler_0030_164462.jpg,166,165,166.Golden_winged_Warbler,165,164,color_jitter,color_jitter,0,"{""brightness"":0.812608,""contrast"":0.696022,""hue"":0.044761,""saturation"":1.187721}",0.5164963,1.5146258,0.99812949,0.59660721,0.21989046,0.13520157,0.28748238,0.46140563,-0.06759192,-0.52899756,0.72904864,2.1467255,54.554983,117.11457,False,0.93676615,False,True,False,0.72904864,2.1467255,54.554983,117.11457,0.72135923,2.1533695,53.410249,115.012,0.92363168,1.9872109,11.11717,22.092162,0.58742619,2.3984313,10.423564,25.000203,0.55971354,2.5762698,18.396506,47.394364,0.74316504,2.2069109,26.290757,58.021358,0.74095519,2.0899376,28.401352,59.357052,0.79333069,1.9542708,30.128589,58.879421
0b_baseline_best,file,13,baseline,9721,166.Golden_winged_Warbler/Golden_Winged_Warbler_0030_164462.jpg,166,165,166.Golden_winged_Warbler,165,164,rotation,rotation,0,"{""angle"":1.399548}",0.5164963,0.54343939,0.026943088,0.59660721,0.58074737,0.13520157,0.15528303,0.46140563,0.42546433,-0.035941303,0.87662971,1.0649257,54.554983,58.097005,False,0.99004519,True,True,True,0.87662971,1.0649257,54.554983,58.097005,0.87169795,1.0641715,53.410249,56.837665,0.98868447,1.082188,11.11717,12.030868,0.83711508,1.003492,10.423564,10.459963,0.70767542,0.95439689,18.396506,17.557568,0.84714917,1.0697211,26.290757,28.123778,0.89150516,1.0942843,28.401352,31.079153,0.9326105,1.078572,30.128589,32.495853
0b_baseline_best,file,13,baseline,9721,166.Golden_winged_Warbler/Golden_Winged_Warbler_0030_164462.jpg,166,165,166.Golden_winged_Warbler,165,164,random_resized_crop,random_resized_crop,0,"{""area_fraction"":0.649676,""aspect"":1.106036,""fallback"":false,""height"":0.766415,""left"":0.09087,""top"":0.193882,""width"":0.847682}",0.5164963,0.083407469,-0.43308883,0.59660721,0.91997623,0.13520157,0.05293278,0.46140563,0.86704345,0.40563782,0.59435767,0.23514547,54.554983,12.828357,False,0.94840324,True,True,True,0.59435767,0.23514547,54.554983,12.828357,0.58086055,0.23496494,53.410249,12.549536,0.90037208,0.23927449,11.11717,2.6600552,0.47927966,0.23568063,10.423564,2.4566322,0.31885224,0.26462421,18.396506,4.8681609,0.55312185,0.26326477,26.290757,6.9214301,0.59960076,0.2197141,28.401352,6.2401775,0.7347365,0.21229522,30.128589,6.3961553
0b_baseline_best,file,13,baseline,9721,166.Golden_winged_Warbler/Golden_Winged_Warbler_0030_164462.jpg,166,165,166.Golden_winged_Warbler,165,164,gaussian_blur,gaussian_blur,0,"{""sigma"":1.441545}",0.5164963,1.4887288,0.97223246,0.59660721,0.22565934,0.13520157,0.13307427,0.46140563,0.092585072,-0.36882056,0.58232242,1.9691041,54.554983,107.42444,False,0.87473345,True,True,True,0.58232242,1.9691041,54.554983,107.42444,0.57209094,1.9786179,53.410249,105.67847,0.85647188,1.735076,11.11717,19.289135,0.72620328,2.2601715,10.423564,23.559043,0.38058912,2.1842105,18.396506,40.181842,0.54968578,2.176054,26.290757,57.210107,0.5428791,1.9430294,28.401352,55.184662,0.69996674,1.7182549,30.128589,51.768594
0b_baseline_best,file,13,baseline,9721,166.Golden_winged_Warbler/Golden_Winged_Warbler_0030_164462.jpg,166,165,166.Golden_winged_Warbler,165,164,random_erasing,random_erasing,0,"{""area_fraction"":0.124008,""erased"":true,""height"":0.314537,""left"":0.000713,""top"":0.549427,""width"":0.394257}",0.5164963,0.18484882,-0.33164749,0.59660721,0.83122993,0.13520157,0.029487666,0.46140563,0.80174226,0.34033662,0.83954829,0.43616938,54.554983,23.795213,False,0.98062992,True,True,True,0.83954829,0.43616938,54.554983,23.795213,0.8347872,0.4351156,53.410249,23.239632,0.94476057,0.45982155,11.11717,5.1119143,0.85640702,0.44723529,10.423564,4.6617859,0.78651804,0.43081309,18.396506,7.9254557,0.83822356,0.42432383,26.290757,11.155795,0.83039558,0.42992322,28.401352,12.210401,0.85142127,0.44775939,30.128589,13.490359
0b_baseline_best,file,13,baseline,9988,170.Mourning_Warbler/Mourning_Warbler_0051_795352.jpg,170,169,170.Mourning_Warbler,98,97,identity,identity,0,{},0.69385815,0.69385815,0,0.49964464,0.49964464,0.18556789,0.18556789,0.31407675,0.31407675,0,1,1,65.990346,65.990346,False,1.0000001,True,True,True,1,1,65.990346,65.990346,1,1,64.652339,64.652339,1,1,13.221227,13.221227,1,1,11.755054,11.755054,1,1,28.494155,28.494155,1,1,32.850531,32.850531,1,1,32.58947,32.58947,1,1,32.993875,32.993875
0b_baseline_best,file,13,baseline,9988,170.Mourning_Warbler/Mourning_Warbler_0051_795352.jpg,170,169,170.Mourning_Warbler,98,97,horizontal_flip,horizontal_flip,0,"{""flipped"":true}",0.69385815,0.70990568,0.016047537,0.49964464,0.49169058,0.18556789,0.043434948,0.31407675,0.44825563,0.13417888,0.6267137,1.1240319,65.990346,74.175255,False,0.94516051,True,True,True,0.6267137,1.1240319,65.990346,74.175255,0.61917467,1.1350175,64.652339,73.381538,0.90945947,0.8185416,13.221227,10.822125,0.59271727,1.2554452,11.755054,14.757827,0.5553941,1.1956174,28.494155,34.068108,0.63049309,1.2125117,32.850531,39.831653,0.58306392,1.0704881,32.58947,34.886639,0.70584401,1.0511392,32.993875,34.681155
0b_baseline_best,file,13,baseline,9988,170.Mourning_Warbler/Mourning_Warbler_0051_795352.jpg,170,169,170.Mourning_Warbler,98,97,color_jitter,color_jitter,0,"{""brightness"":0.842256,""contrast"":1.374721,""hue"":0.088415,""saturation"":0.890968}",0.69385815,5.6104608,4.9166026,0.49964464,0.0036593827,0.18556789,0.00074111932,0.31407675,0.0029182634,-0.31115849,0.47921174,2.2921162,65.990346,151.25754,False,0.72681034,False,True,False,0.47921174,2.2921162,65.990346,151.25754,0.4741086,2.3092917,64.652339,149.30111,0.64521378,1.8341091,13.221227,24.249174,0.4003639,2.1005572,11.755054,24.692163,0.61739109,2.7058048,28.494155,77.099621,0.44339302,2.3894845,32.850531,78.495836,0.41493378,2.1559008,32.58947,70.259664,0.44964906,2.0642733,32.993875,68.108375
0b_baseline_best,file,13,baseline,9988,170.Mourning_Warbler/Mourning_Warbler_0051_795352.jpg,170,169,170.Mourning_Warbler,98,97,rotation,rotation,0,"{""angle"":11.115744}",0.69385815,0.37260845,-0.32124969,0.49964464,0.68893492,0.18556789,0.069511577,0.31407675,0.61942334,0.30534659,0.78115973,0.74473118,65.990346,49.145068,False,0.96850634,True,True,True,0.78115973,0.74473118,65.990346,49.145068,0.77594132,0.75021416,64.652339,48.5031,0.95675353,0.59884857,13.221227,7.9175132,0.7922737,0.81064729,11.755054,9.5292026,0.78207513,0.75176957,28.494155,21.421039,0.76344505,0.78660044,32.850531,25.840242,0.75234197,0.75717161,32.58947,24.675821,0.81126628,0.69529789,32.993875,22.940571
0b_baseline_best,file,13,baseline,9988,170.Mourning_Warbler/Mourning_Warbler_0051_795352.jpg,170,169,170.Mourning_Warbler,98,97,random_resized_crop,random_resized_crop,0,"{""area_fraction"":0.733923,""aspect"":0.997539,""fallback"":false,""height"":0.857749,""left"":0.035984,""top"":0.117932,""width"":0.855638}",0.69385815,1.5487633,0.85490513,0.49964464,0.21251063,0.18556789,0.060994167,0.31407675,0.15151646,-0.16256029,0.69877082,1.5879899,65.990346,104.792,False,0.9120034,True,True,True,0.69877082,1.5879899,65.990346,104.792,0.69278112,1.5945942,64.652339,103.09425,0.86398431,1.4209505,13.221227,18.78671,0.79032372,1.9687271,11.755054,23.142493,0.70258289,1.6305218,28.494155,46.460341,0.70646866,1.6534348,32.850531,54.316212,0.65102036,1.4732024,32.58947,48.010886,0.69875692,1.5687443,32.993875,51.758953
0b_baseline_best,file,13,baseline,9988,170.Mourning_Warbler/Mourning_Warbler_0051_795352.jpg,170,169,170.Mourning_Warbler,98,97,gaussian_blur,gaussian_blur,0,"{""sigma"":1.20633}",0.69385815,0.21360263,-0.48025551,0.49964464,0.80766928,0.18556789,0.072580941,0.31407675,0.73508834,0.42101159,0.70961266,0.50521614,65.990346,33.339388,False,0.94019806,True,True,True,0.70961266,0.50521614,65.990346,33.339388,0.70111515,0.5063857,64.652339,32.73902,0.92687432,0.47639454,13.221227,6.2985206,0.56883409,0.56772748,11.755054,6.6736672,0.58889376,0.53470264,28.494155,15.2359,0.73191489,0.55530153,32.850531,18.24195,0.70768097,0.47413213,32.58947,15.451715,0.78790331,0.45326258,32.993875,14.954889
0b_baseline_best,file,13,baseline,9988,170.Mourning_Warbler/Mourning_Warbler_0051_795352.jpg,170,169,170.Mourning_Warbler,98,97,random_erasing,random_erasing,0,"{""area_fraction"":0.1401,""erased"":true,""height"":0.267286,""left"":0.362757,""top"":0.024159,""width"":0.524156}",0.69385815,4.061553,3.3676949,0.49964464,0.017222252,0.18556789,0.0012689619,0.31407675,0.01595329,-0.29812346,0.45051309,2.0284603,65.990346,133.8588,False,0.80298048,False,True,False,0.45051309,2.0284603,65.990346,133.8588,0.44166982,2.0278831,64.652339,131.10739,0.6605047,2.042214,13.221227,27.000576,0.68159387,2.2101522,11.755054,25.980458,0.46072834,1.9570557,28.494155,55.764649,0.46736676,2.1430662,32.850531,70.400864,0.37016648,1.9638499,32.58947,64.000826,0.43671937,1.9994709,32.993875,65.970292
0b_baseline_best,file,13,baseline,5099,088.Western_Meadowlark/Western_Meadowlark_0098_78382.jpg,88,87,088.Western_Meadowlark,194,193,identity,identity,0,{},0.010616138,0.010616138,0,0.98944002,0.98944002,0.0049707824,0.0049707824,0.98446924,0.98446924,0,1,1,1.6453371,1.6453371,False,0.99999994,True,True,True,1,1,1.6453371,1.6453371,1,1,1.6039873,1.6039873,1,1,0.36655003,0.36655003,1,1,0.20818962,0.20818962,1,1,0.47200911,0.47200911,1,1,0.74258744,0.74258744,1,1,0.85152888,0.85152888,1,1,1.0149394,1.0149394
0b_baseline_best,file,13,baseline,5099,088.Western_Meadowlark/Western_Meadowlark_0098_78382.jpg,88,87,088.Western_Meadowlark,194,193,horizontal_flip,horizontal_flip,0,"{""flipped"":true}",0.010616138,0.0024115548,-0.0082045828,0.98944002,0.99759138,0.0049707824,0.00016636364,0.98446924,0.99742501,0.012955771,0.48646619,0.22077448,1.6453371,0.36324843,False,0.94765913,True,True,True,0.48646619,0.22077448,1.6453371,0.36324843,0.46805759,0.22109229,1.6039873,0.35462921,0.84983681,0.21459812,0.36655003,0.078660948,0.19118735,0.25224956,0.20818962,0.052515739,0.19828005,0.26137961,0.47200911,0.12337356,0.16647582,0.21657329,0.74258744,0.1608246,0.50215226,0.21654624,0.85152888,0.18439538,0.69260521,0.21567682,1.0149394,0.21889891
0b_baseline_best,file,13,baseline,5099,088.Western_Meadowlark/Western_Meadowlark_0098_78382.jpg,88,87,088.Western_Meadowlark,194,193,color_jitter,color_jitter,0,"{""brightness"":1.018477,""contrast"":1.014088,""hue"":-0.051694,""saturation"":1.219554}",0.010616138,0.10102186,0.090405726,0.98944002,0.90391326,0.0049707824,0.017893314,0.98446924,0.88601995,-0.098449296,0.71650145,8.4913167,1.6453371,13.971078,False,0.94794643,True,True,True,0.71650145,8.4913167,1.6453371,13.971078,0.70691585,8.5077634,1.6039873,13.646344,0.90819979,8.1700036,0.36655003,2.994715,0.46711389,9.4354365,0.20818962,1.9643599,0.54886236,10.380162,0.47200911,4.8995312,0.57475296,8.6822262,0.74258744,6.4473121,0.7223138,7.8043589,0.85152888,6.645637,0.82939076,8.396663,1.0149394,8.5221046
0b_baseline_best,file,13,baseline,5099,088.Western_Meadowlark/Western_Meadowlark_0098_78382.jpg,88,87,088.Western_Meadowlark,194,193,rotation,rotation,0,"{""angle"":5.97511}",0.010616138,0.12347497,0.11285883,0.98944002,0.88384378,0.0049707824,0.029553708,0.98446924,0.85429007,-0.13017917,0.82366682,10.980366,1.6453371,18.066404,False,0.97475648,True,True,True,0.82366682,10.980366,1.6453371,18.066404,0.81906051,10.996985,1.6039873,17.639025,0.91507002,10.657133,0.36655003,3.9063725,0.63482505,13.480803,0.20818962,2.8065633,0.77892522,12.492319,0.47200911,5.8964886,0.79687938,10.716496,0.74258744,7.9579352,0.81790929,11.033244,0.85152888,9.3951261,0.85499833,10.652549,1.0149394,10.811692
0b_baseline_best,file,13,baseline,5099,088.Western_Meadowlark/Western_Meadowlark_0098_78382.jpg,88,87,088.Western_Meadowlark,194,193,random_resized_crop,random_resized_crop,0,"{""area_fraction"":0.610218,""aspect"":1.299535,""fallback"":false,""height"":0.685249,""left"":0.057206,""top"":0.166911,""width"":0.890505}",0.010616138,0.020741701,0.010125563,0.98944002,0.97947192,0.0049707824,0.0031397203,0.98446924,0.9763322,-0.0081370398,0.72530401,1.8001385,1.6453371,2.9618346,False,0.95576233,True,True,True,0.72530401,1.8001385,1.6453371,2.9618346,0.71568422,1.8000815,1.6039873,2.8873079,0.90939157,1.8012287,0.36655003,0.66024041,0.49546257,1.7830121,0.20818962,0.3712046,0.54039926,1.961222,0.47200911,0.92571467,0.59630375,1.6692117,0.74258744,1.2395357,0.7366033,1.7604515,0.85152888,1.4990753,0.8100947,1.8585353,1.0149394,1.8863008
0b_baseline_best,file,13,baseline,5099,088.Western_Meadowlark/Western_Meadowlark_0098_78382.jpg,88,87,088.Western_Meadowlark,194,193,gaussian_blur,gaussian_blur,0,"{""sigma"":1.286745}",0.010616138,0.0035500617,-0.0070660759,0.98944002,0.99645621,0.0049707824,0.0004078054,0.98446924,0.9960484,0.011579159,0.54483765,0.37760785,1.6453371,0.6212922,False,0.95572722,True,True,True,0.54483765,0.37760785,1.6453371,0.6212922,0.52916413,0.37749696,1.6039873,0.60550031,0.84321036,0.37972514,0.36655003,0.13918826,0.29947013,0.46331776,0.20818962,0.096457946,0.17495829,0.49023617,0.47200911,0.23139594,0.32472782,0.41252216,0.74258744,0.30633378,0.61037398,0.37241225,0.85152888,0.31711978,0.74514287,0.32585396,1.0149394,0.33072204
0b_baseline_best,file,13,baseline,5099,088.Western_Meadowlark/Western_Meadowlark_0098_78382.jpg,88,87,088.Western_Meadowlark,194,193,random_erasing,random_erasing,0,"{""area_fraction"":0.056329,""erased"":true,""height"":0.158937,""left"":0.343599,""top"":0.319456,""width"":0.354414}",0.010616138,0.0056151752,-0.0050009624,0.98944002,0.99440056,0.0049707824,0.0014015902,0.98446924,0.99299897,0.0085297292,0.82763359,0.5025091,1.6453371,0.82679686,False,0.98435855,True,True,True,0.82763359,0.5025091,1.6453371,0.82679686,0.82066099,0.50229793,1.6039873,0.80567949,0.96005932,0.50653573,0.36655003,0.18567068,0.66229516,0.51357817,0.20818962,0.10692164,0.68193436,0.5493309,0.47200911,0.25928919,0.72203091,0.47507736,0.74258744,0.35278648,0.83922113,0.49714918,0.85152888,0.42333689,0.89781234,0.50890846,1.0149394,0.51651127
0b_baseline_best,file,13,baseline,10420,177.Prothonotary_Warbler/Prothonotary_Warbler_0082_173970.jpg,177,176,177.Prothonotary_Warbler,180,179,identity,identity,0,{},0.24720412,0.24720412,0,0.78098124,0.78098124,0.024399562,0.024399562,0.75658168,0.75658168,0,1,1,25.53838,25.53838,False,0.99999994,True,True,True,1,1,25.53838,25.53838,1,1,25.103454,25.103454,1,1,4.6931293,4.6931293,1,1,5.0775945,5.0775945,1,1,10.060149,10.060149,1,1,11.932536,11.932536,1,1,12.634169,12.634169,1,1,14.184047,14.184047
0b_baseline_best,file,13,baseline,10420,177.Prothonotary_Warbler/Prothonotary_Warbler_0082_173970.jpg,177,176,177.Prothonotary_Warbler,180,179,horizontal_flip,horizontal_flip,0,"{""flipped"":true}",0.24720412,0.54038489,0.29318076,0.78098124,0.582524,0.024399562,0.031638302,0.75658168,0.5508857,-0.20569598,0.59316209,1.9829962,25.53838,50.642512,False,0.94868338,True,True,True,0.59316209,1.9829962,25.53838,50.642512,0.5813577,1.9855305,25.103454,49.843674,0.94487547,1.9090622,4.6931293,8.9594755,0.55085301,2.1803054,5.0775945,11.070707,0.52219096,2.0401697,10.060149,20.524411,0.55744105,2.1597428,11.932536,25.771209,0.54863738,1.9328052,12.634169,24.419388,0.67030366,1.8386201,14.184047,26.079074
0b_baseline_best,file,13,baseline,10420,177.Prothonotary_Warbler/Prothonotary_Warbler_0082_173970.jpg,177,176,177.Prothonotary_Warbler,180,179,color_jitter,color_jitter,0,"{""brightness"":0.608031,""contrast"":0.798025,""hue"":-0.060956,""saturation"":1.153205}",0.24720412,0.8821224,0.63491827,0.78098124,0.4139035,0.024399562,0.0055043823,0.75658168,0.40839912,-0.34818256,0.48146966,3.2839353,25.53838,83.866389,False,0.85881591,True,True,True,0.48146966,3.2839353,25.53838,83.866389,0.4708208,3.2995016,25.103454,82.828886,0.84647945,2.8021661,4.6931293,13.150928,0.59453237,5.3810309,5.0775945,27.322693,0.29723691,3.902913,10.060149,39.263886,0.46989819,3.5743569,11.932536,42.651143,0.47795764,3.0523016,12.634169,38.563296,0.60839044,2.5087074,14.184047,35.583624
0b_baseline_best,file,13,baseline,10420,177.Prothonotary_Warbler/Prothonotary_Warbler_0082_173970.jpg,177,176,177.Prothonotary_Warbler,180,179,rotation,rotation,0,"{""angle"":12.16329}",0.24720412,1.1644239,0.91721982,0.78098124,0.31210241,0.024399562,0.033356834,0.75658168,0.27874557,-0.47783611,0.68596611,3.5253933,25.53838,90.032836,False,0.91465431,True,True,True,0.68596611,3.5253933,25.53838,90.032836,0.6794986,3.5406697,25.103454,88.883038,0.90757228,3.0561353,4.6931293,14.342838,0.68976039,3.5419345,5.0775945,17.984507,0.71241552,3.4596267,10.060149,34.80436,0.68493793,3.794854,11.932536,45.282232,0.63072887,3.6998367,12.634169,46.744364,0.70443729,3.2537087,14.184047,46.150757
0b_baseline_best,file,13,baseline,10420,177.Prothonotary_Warbler/Prothonotary_Warbler_0082_173970.jpg,177,176,177.Prothonotary_Warbler,180,179,random_resized_crop,random_resized_crop,0,"{""area_fraction"":0.509741,""aspect"":0.843981,""fallback"":false,""height"":0.777156,""left"":0.21884,""top"":0.064994,""width"":0.655905}",0.24720412,0.9823367,0.73513258,0.78098124,0.37443513,0.024399562,0.019144127,0.75658168,0.355291,-0.40129068,0.56991047,2.8171377,25.53838,71.945133,False,0.92280996,True,True,True,0.56991047,2.8171377,25.53838,71.945133,0.55752409,2.814857,25.103454,70.662633,0.91624396,2.8816271,4.6931293,13.523849,0.41461324,2.5638588,5.0775945,13.018235,0.45044943,2.8148057,10.060149,28.317364,0.56368265,3.1204161,11.932536,37.234478,0.53552923,2.9105273,12.634169,36.772095,0.65734765,2.5255636,14.184047,35.822713
0b_baseline_best,file,13,baseline,10420,177.Prothonotary_Warbler/Prothonotary_Warbler_0082_173970.jpg,177,176,177.Prothonotary_Warbler,180,179,gaussian_blur,gaussian_blur,0,"{""sigma"":1.305988}",0.24720412,0.5707888,0.32358468,0.78098124,0.56507951,0.024399562,0.032905612,0.75658168,0.5321739,-0.22440778,0.78065361,2.1578826,25.53838,55.108828,False,0.97675687,True,True,True,0.78065361,2.1578826,25.53838,55.108828,0.77465814,2.1646616,25.103454,54.340482,0.97465859,1.9539897,4.6931293,9.1703263,0.74211402,2.0888942,5.0775945,10.606558,0.6541746,2.5040627,10.060149,25.191244,0.74840768,2.4087878,11.932536,28.742947,0.81241939,2.1428705,12.634169,27.073389,0.87722475,1.7928314,14.184047,25.429605
0b_baseline_best,file,13,baseline,10420,177.Prothonotary_Warbler/Prothonotary_Warbler_0082_173970.jpg,177,176,177.Prothonotary_Warbler,180,179,random_erasing,random_erasing,0,"{""area_fraction"":0.188094,""erased"":true,""height"":0.327775,""left"":0.331406,""top"":0.581169,""width"":0.573852}",0.24720412,4.6608195,4.4136154,0.78098124,0.0094587076,0.024399562,0.0078890882,0.75658168,0.0015696194,-0.75501206,0.34840092,3.6823202,25.53838,94.040494,False,0.78637826,False,True,False,0.34840092,3.6823202,25.53838,94.040494,0.32922834,3.6368352,25.103454,91.297126,0.77661256,4.804645,4.6931293,22.54882,0.44120439,4.652734,5.0775945,23.624696,0.21850673,3.5464091,10.060149,35.677404,0.2236194,3.8239277,11.932536,45.629155,0.38063876,3.4544991,12.634169,43.644728,0.40968716,3.5372486,14.184047,50.172501
0b_baseline_best,file,13,baseline,3164,055.Evening_Grosbeak/Evening_Grosbeak_0069_37684.jpg,55,54,055.Evening_Grosbeak,48,47,identity,identity,0,{},0.0023680283,0.0023680283,0,0.99763477,0.99763477,0.0002289352,0.0002289352,0.99740583,0.99740583,0,1,1,0.33153026,0.33153026,False,0.99999994,True,True,True,1,1,0.33153026,0.33153026,1,1,0.3244782,0.3244782,1,1,0.06801629,0.06801629,1,1,0.052813512,0.052813512,1,1,0.10507449,0.10507449,1,1,0.1437755,0.1437755,1,1,0.15780243,0.15780243,1,1,0.2142036,0.2142036
0b_baseline_best,file,13,baseline,3164,055.Evening_Grosbeak/Evening_Grosbeak_0069_37684.jpg,55,54,055.Evening_Grosbeak,48,47,horizontal_flip,horizontal_flip,0,"{""flipped"":true}",0.0023680283,0.0072566979,0.0048886696,0.99763477,0.99276954,0.0002289352,0.00069685554,0.99740583,0.99207268,-0.0053331495,0.68720982,2.9924682,0.33153026,0.99209378,False,0.97720265,True,True,True,0.68720982,2.9924682,0.33153026,0.99209378,0.6754832,2.9959591,0.3244782,0.97212341,0.96206326,2.9118894,0.06801629,0.19805591,0.41554769,3.8549471,0.052813512,0.20359329,0.46784637,3.0837153,0.10507449,0.32401981,0.64015587,3.0058614,0.1437755,0.43216922,0.6227259,3.1317871,0.15780243,0.4942036,0.80337511,2.8303989,0.2142036,0.60628164
0b_baseline_best,file,13,baseline,3164,055.Evening_Grosbeak/Evening_Grosbeak_0069_37684.jpg,55,54,055.Evening_Grosbeak,48,47,color_jitter,color_jitter,0,"{""brightness"":0.982312,""contrast"":0.897519,""hue"":-0.08959,""saturation"":1.337396}",0.0023680283,1.1746801,1.1723121,0.99763477,0.30891779,0.0002289352,0.024004098,0.99740583,0.28491369,-0.71249214,0.3167403,261.14687,0.33153026,86.578091,False,0.77549505,True,True,True,0.3167403,261.14687,0.33153026,86.578091,0.29950178,261.93593,0.3244782,84.992497,0.74142079,242.49601,0.06801629,16.493679,0.07377116,293.87336,0.052813512,15.520484,0.14532184,303.46367,0.10507449,31.88629,0.1240272,287.26511,0.1437755,41.301684,0.28251208,270.78931,0.15780243,42.731209,0.47980693,230.33604,0.2142036,49.33881
0b_baseline_best,file,13,baseline,3164,055.Evening_Grosbeak/Evening_Grosbeak_0069_37684.jpg,55,54,055.Evening_Grosbeak,48,47,rotation,rotation,0,"{""angle"":-5.645089}",0.0023680283,0.0024443767,7.6348428e-05,0.99763477,0.99755859,0.0002289352,0.00029610228,0.99740583,0.99726249,-0.00014334182,0.82965657,1.0649755,0.33153026,0.3530716,False,0.9890123,True,True,True,0.82965657,1.0649755,0.33153026,0.3530716,0.82296622,1.0656705,0.3244782,0.34578685,0.98443263,1.0490325,0.06801629,0.071351302,0.67607709,1.1725694,0.052813512,0.06192751,0.7538443,1.1712051,0.10507449,0.12306377,0.77411325,1.1647392,0.1437755,0.16746096,0.80331711,1.0913332,0.15780243,0.17221502,0.89965789,0.96680605,0.2142036,0.20709334
0b_baseline_best,file,13,baseline,3164,055.Evening_Grosbeak/Evening_Grosbeak_0069_37684.jpg,55,54,055.Evening_Grosbeak,48,47,random_resized_crop,random_resized_crop,0,"{""area_fraction"":0.845615,""aspect"":0.905945,""fallback"":false,""height"":0.96613,""left"":0.05187,""top"":0.029304,""width"":0.875261}",0.0023680283,0.001758697,-0.0006093313,0.99763477,0.99824286,0.0002289352,0.0001630999,0.99740583,0.99807976,0.00067392188,0.79466054,0.83462052,0.33153026,0.27670196,False,0.98209941,True,True,True,0.79466054,0.83462052,0.33153026,0.27670196,0.78764609,0.83755984,0.3244782,0.27176991,0.97268289,0.76467708,0.06801629,0.052010498,0.68873359,0.91462161,0.052813512,0.048304379,0.65204398,0.89108673,0.10507449,0.093630482,0.72865921,0.93781365,0.1437755,0.13483463,0.77034213,0.84011549,0.15780243,0.13257226,0.88194689,0.76714985,0.2142036,0.16432626
0b_baseline_best,file,13,baseline,3164,055.Evening_Grosbeak/Evening_Grosbeak_0069_37684.jpg,55,54,055.Evening_Grosbeak,48,47,gaussian_blur,gaussian_blur,0,"{""sigma"":1.55324}",0.0023680283,0.021866187,0.019498159,0.99763477,0.97837114,0.0002289352,0.00054944173,0.99740583,0.9778217,-0.019584132,0.45917999,14.445247,0.33153026,4.7890366,False,0.93144971,True,True,True,0.45917999,14.445247,0.33153026,4.7890366,0.44797398,14.574204,0.3244782,4.7290113,0.81006934,11.112924,0.06801629,0.75585986,0.10471951,18.679007,0.052813512,0.98650398,0.27548342,17.733434,0.10507449,1.8633315,0.42145165,19.62555,0.1437755,2.8216733,0.45221564,14.408286,0.15780243,2.2736625,0.62898208,10.214184,0.2142036,2.1879149
0b_baseline_best,file,13,baseline,3164,055.Evening_Grosbeak/Evening_Grosbeak_0069_37684.jpg,55,54,055.Evening_Grosbeak,48,47,random_erasing,random_erasing,0,"{""area_fraction"":0.168766,""erased"":true,""height"":0.541581,""left"":0.440102,""top"":0.263989,""width"":0.311617}",0.0023680283,0.282563,0.28019497,0.99763477,0.75384915,0.0002289352,0.0068109953,0.99740583,0.74703815,-0.25036768,0.60081245,103.75388,0.33153026,34.397552,False,0.91261876,True,True,True,0.60081245,103.75388,0.33153026,34.397552,0.58926393,103.79096,0.3244782,33.677902,0.86592032,102.90654,0.06801629,6.9993213,0.49828474,134.52615,0.052813512,7.1047985,0.54011371,133.46225,0.10507449,14.023478,0.53899048,116.39844,0.1437755,16.735244,0.53576155,97.059632,0.15780243,15.316245,0.69301747,90.091422,0.2142036,19.297907
0b_baseline_best,file,13,baseline,8053,138.Tree_Swallow/Tree_Swallow_0030_134942.jpg,138,137,138.Tree_Swallow,137,136,identity,identity,0,{},0.2186422,0.2186422,0,0.80360919,0.80360919,0.10925194,0.10925194,0.69435725,0.69435725,0,1,1,40.784377,40.784377,False,1,True,True,True,1,1,40.784377,40.784377,1,1,40.265066,40.265066,1,1,6.4876707,6.4876707,1,1,12.493743,12.493743,1,1,16.83078,16.83078,1,1,21.813472,21.813472,1,1,19.793248,19.793248,1,1,17.728692,17.728692
0b_baseline_best,file,13,baseline,8053,138.Tree_Swallow/Tree_Swallow_0030_134942.jpg,138,137,138.Tree_Swallow,137,136,horizontal_flip,horizontal_flip,0,"{""flipped"":true}",0.2186422,0.26035261,0.041710407,0.80360919,0.77077973,0.10925194,0.048554588,0.69435725,0.72222514,0.027867887,0.57677767,0.92879429,40.784377,37.880296,False,0.96197176,True,True,True,0.57677767,0.92879429,40.784377,37.880296,0.56731905,0.92586874,40.265066,37.280166,0.90613068,1.0352107,6.4876707,6.7161063,0.26520094,0.82371635,12.493743,10.2913,0.3581914,0.82398099,16.83078,13.868243,0.67355248,0.93661559,21.813472,20.430838,0.57475847,0.9427623,19.793248,18.660328,0.69179276,1.0183458,17.728692,18.05394
0b_baseline_best,file,13,baseline,8053,138.Tree_Swallow/Tree_Swallow_0030_134942.jpg,138,137,138.Tree_Swallow,137,136,color_jitter,color_jitter,0,"{""brightness"":1.220467,""contrast"":0.708912,""hue"":0.081315,""saturation"":1.048585}",0.2186422,0.19406414,-0.024578065,0.80360919,0.82360506,0.10925194,0.018339414,0.69435725,0.80526565,0.11090839,0.58994468,0.7329639,40.784377,29.893476,False,0.90320832,True,True,True,0.58994468,0.7329639,40.784377,29.893476,0.58367674,0.73015447,40.265066,29.399718,0.80639049,0.8340092,6.4876707,5.4107771,0.84208196,0.80616954,12.493743,10.072075,0.44274812,0.73840063,16.83078,12.427859,0.57664722,0.71468113,21.813472,15.589677,0.53507387,0.66574061,19.793248,13.177169,0.63832921,0.78111101,17.728692,13.848077
0b_baseline_best,file,13,baseline,8053,138.Tree_Swallow/Tree_Swallow_0030_134942.jpg,138,137,138.Tree_Swallow,137,136,rotation,rotation,0,"{""angle"":-6.165752}",0.2186422,0.22968292,0.011040717,0.80360919,0.79478556,0.10925194,0.086373866,0.69435725,0.70841169,0.01405444,0.83777209,0.88654621,40.784377,36.157235,False,0.96994138,True,True,True,0.83777209,0.88654621,40.784377,36.157235,0.83428716,0.88279497,40.265066,35.545798,0.96245451,1.0206005,6.4876707,6.6213199,0.90751779,0.7764217,12.493743,9.700413,0.81443489,0.80369154,16.83078,13.526756,0.83639214,0.87412188,21.813472,19.067633,0.81738498,0.91443639,19.793248,18.099667,0.84678798,0.96922731,17.728692,17.183133
0b_baseline_best,file,13,baseline,8053,138.Tree_Swallow/Tree_Swallow_0030_134942.jpg,138,137,138.Tree_Swallow,137,136,random_resized_crop,random_resized_crop,0,"{""area_fraction"":0.576733,""aspect"":0.99319,""fallback"":false,""height"":0.762029,""left"":0.073605,""top"":0.187536,""width"":0.756839}",0.2186422,0.69307047,0.47442827,0.80360919,0.50003839,0.10925194,0.097592048,0.69435725,0.40244634,-0.29191092,0.6790657,2.084626,40.784377,85.020175,False,0.921597,True,True,True,0.6790657,2.084626,40.784377,85.020175,0.6738588,2.078911,40.265066,83.707488,0.86403065,2.2939553,6.4876707,14.882427,0.77351134,1.7826697,12.493743,22.272217,0.62684126,2.1949169,16.83078,36.942164,0.68148557,2.0596812,21.813472,44.928799,0.65043043,2.0203409,19.793248,39.989109,0.69762163,2.2051994,17.728692,39.095301
0b_baseline_best,file,13,baseline,8053,138.Tree_Swallow/Tree_Swallow_0030_134942.jpg,138,137,138.Tree_Swallow,137,136,gaussian_blur,gaussian_blur,0,"{""sigma"":1.050322}",0.2186422,0.17683446,-0.041807741,0.80360919,0.83791846,0.10925194,0.045504969,0.69435725,0.79241349,0.098056238,0.74546106,0.70179931,40.784377,28.622448,False,0.96103042,True,True,True,0.74546106,0.70179931,40.784377,28.622448,0.74033441,0.70016031,40.265066,28.192001,0.92946841,0.76225463,6.4876707,4.945257,0.8835186,0.6894262,12.493743,8.6135136,0.61204968,0.73308211,16.83078,12.338344,0.73508673,0.63304149,21.813472,13.808833,0.75508335,0.70349856,19.793248,13.924522,0.7850462,0.76467839,17.728692,13.556748
0b_baseline_best,file,13,baseline,8053,138.Tree_Swallow/Tree_Swallow_0030_134942.jpg,138,137,138.Tree_Swallow,137,136,random_erasing,random_erasing,0,"{""area_fraction"":0.189073,""erased"":true,""height"":0.629662,""left"":0.076976,""top"":0.262839,""width"":0.300277}",0.2186422,0.10396173,-0.11468048,0.80360919,0.90125978,0.10925194,0.042833533,0.69435725,0.85842625,0.16406899,0.92041727,0.49166854,40.784377,20.052395,False,0.98043358,True,True,True,0.92041727,0.49166854,40.784377,20.052395,0.91902378,0.49159784,40.265066,19.79422,0.9738056,0.49438415,6.4876707,3.2074016,0.96536776,0.48581364,12.493743,6.0696307,0.91397728,0.47576455,16.83078,8.0074885,0.92468745,0.49631452,21.813472,10.826343,0.90192528,0.49470295,19.793248,9.7917784,0.91414125,0.49740209,17.728692,8.8182887
0b_baseline_best,file,13,baseline,8498,145.Elegant_Tern/Elegant_Tern_0004_150948.jpg,145,144,145.Elegant_Tern,147,146,identity,identity,0,{},3.2263408,3.2263408,0,0.039702516,0.039702516,0.86140394,0.86140394,-0.82170143,-0.82170143,0,1,1,146.45749,146.45749,False,1,True,False,False,1,1,146.45749,146.45749,1,1,141.90686,141.90686,1,1,36.224854,36.224854,1,1,39.017665,39.017665,1,1,76.443743,76.443743,1,1,57.932158,57.932158,1,1,64.299582,64.299582,1,1,72.670216,72.670216
0b_baseline_best,file,13,baseline,8498,145.Elegant_Tern/Elegant_Tern_0004_150948.jpg,145,144,145.Elegant_Tern,147,146,horizontal_flip,horizontal_flip,0,"{""flipped"":true}",3.2263408,1.939955,-1.2863858,0.039702516,0.1437104,0.86140394,0.56451344,-0.82170143,-0.42080304,0.40089839,0.67929395,0.84180936,146.45749,123.28928,False,0.96283287,True,False,False,0.67929395,0.84180936,146.45749,123.28928,0.66382654,0.8472135,141.90686,120.2254,0.95034948,0.75403552,36.224854,27.314827,0.77883638,1.0088428,39.017665,39.362689,0.7734768,0.81687046,76.443743,62.444636,0.51250054,0.90357388,57.932158,52.345984,0.57752187,0.85287966,64.299582,54.839806,0.68624398,0.78543743,72.670216,57.077907
0b_baseline_best,file,13,baseline,8498,145.Elegant_Tern/Elegant_Tern_0004_150948.jpg,145,144,145.Elegant_Tern,147,146,color_jitter,color_jitter,0,"{""brightness"":1.024728,""contrast"":0.77693,""hue"":0.043722,""saturation"":0.83908}",3.2263408,3.4539762,0.22763538,0.039702516,0.031619661,0.86140394,0.35329631,-0.82170143,-0.32167665,0.50002478,0.6454545,0.9599896,146.45749,140.59766,False,0.94297463,True,False,False,0.6454545,0.9599896,146.45749,140.59766,0.63491515,0.96656388,141.90686,137.16204,0.83356693,0.85276776,36.224854,30.891388,0.51308435,0.84311752,39.017665,32.896477,0.72280701,0.95693307,76.443743,73.151546,0.47712208,1.0290231,57.932158,59.613528,0.59816464,1.0032452,64.299582,64.508247,0.71095647,0.93987462,72.670216,68.300891
0b_baseline_best,file,13,baseline,8498,145.Elegant_Tern/Elegant_Tern_0004_150948.jpg,145,144,145.Elegant_Tern,147,146,rotation,rotation,0,"{""angle"":3.604861}",3.2263408,2.0033035,-1.2230372,0.039702516,0.13488892,0.86140394,0.40716058,-0.82170143,-0.27227166,0.54942976,0.70201758,0.80667012,146.45749,118.14288,False,0.95932287,True,False,False,0.70201758,0.80667012,146.45749,118.14288,0.68934104,0.80949692,141.90686,114.87316,0.90989375,0.76197616,36.224854,27.602475,0.43876649,0.88502131,39.017665,34.531465,0.76231252,0.82293343,76.443743,62.908112,0.59857232,0.78647899,57.932158,45.562425,0.66647528,0.8096363,64.299582,52.059276,0.76381442,0.78567852,72.670216,57.095428
0b_baseline_best,file,13,baseline,8498,145.Elegant_Tern/Elegant_Tern_0004_150948.jpg,145,144,145.Elegant_Tern,147,146,random_resized_crop,random_resized_crop,0,"{""area_fraction"":0.665787,""aspect"":0.942852,""fallback"":false,""height"":0.840322,""left"":0.004576,""top"":0.144824,""width"":0.792299}",3.2263408,1.8569225,-1.3694183,0.039702516,0.15615246,0.86140394,0.25925905,-0.82170143,-0.10310659,0.71859484,0.58348404,0.79136493,146.45749,115.90132,False,0.93729401,True,False,False,0.58348404,0.79136493,146.45749,115.90132,0.56917239,0.79720601,141.90686,113.129,0.84032666,0.69560341,36.224854,25.198132,0.33185549,0.78577158,39.017665,30.658972,0.72228088,0.71182788,76.443743,54.414788,0.48706723,0.94105995,57.932158,54.517633,0.51270229,0.81750442,64.299582,52.565193,0.60316338,0.77378712,72.670216,56.231277
0b_baseline_best,file,13,baseline,8498,145.Elegant_Tern/Elegant_Tern_0004_150948.jpg,145,144,145.Elegant_Tern,147,146,gaussian_blur,gaussian_blur,0,"{""sigma"":1.979091}",3.2263408,1.1754355,-2.0509052,0.039702516,0.30868453,0.86140394,0.04859627,-0.82170143,0.26008826,1.0817897,0.20369236,0.89735265,146.45749,131.42401,False,0.86268973,False,False,True,0.20369236,0.89735265,146.45749,131.42401,0.18511528,0.91209728,141.90686,129.43286,0.63057105,0.62914011,36.224854,22.790509,-0.0048674034,0.95291047,39.017665,37.180342,0.19983555,0.85927551,76.443743,65.686236,0.085183756,1.145042,57.932158,66.334755,0.18358843,0.94317301,64.299582,60.645631,0.3430798,0.7508923,72.670216,54.567506
0b_baseline_best,file,13,baseline,8498,145.Elegant_Tern/Elegant_Tern_0004_150948.jpg,145,144,145.Elegant_Tern,147,146,random_erasing,random_erasing,0,"{""area_fraction"":0.183691,""erased"":true,""height"":0.715471,""left"":0.733975,""top"":0.11282,""width"":0.256741}",3.2263408,3.8635006,0.63715982,0.039702516,0.02099438,0.86140394,0.83153349,-0.82170143,-0.81053911,0.011162315,0.91914494,1.0141153,146.45749,148.52478,False,0.98141503,True,False,False,0.91914494,1.0141153,146.45749,148.52478,0.91523931,1.0156557,141.90686,144.1285,0.98090175,0.99017644,36.224854,35.868997,0.91101558,0.95037913,39.017665,37.081575,0.94817831,1.0078605,76.443743,77.044626,0.88111684,1.1018796,57.932158,63.83426,0.90430369,1.0035575,64.299582,64.528327,0.91511244,0.99453425,72.670216,72.273018
0b_baseline_best,file,13,baseline,6675,115.Brewer_Sparrow/Brewer_Sparrow_0046_796696.jpg,115,114,115.Brewer_Sparrow,117,116,identity,identity,0,{},0.1193049,0.1193049,0,0.88753718,0.88753718,0.066639379,0.066639379,0.8208978,0.8208978,0,1,1,27.030176,27.030176,False,1,True,True,True,1,1,27.030176,27.030176,1,1,26.694975,26.694975,1,1,4.2436712,4.2436712,1,1,7.4824369,7.4824369,1,1,14.419424,14.419424,1,1,15.285543,15.285543,1,1,11.721112,11.721112,1,1,8.8137809,8.8137809
0b_baseline_best,file,13,baseline,6675,115.Brewer_Sparrow/Brewer_Sparrow_0046_796696.jpg,115,114,115.Brewer_Sparrow,117,116,horizontal_flip,horizontal_flip,0,"{""flipped"":true}",0.1193049,1.4647291,1.3454242,0.88753718,0.2311406,0.066639379,0.75311518,0.8208978,-0.52197458,-1.3428724,0.67827085,7.7262321,27.030176,208.84141,False,0.94117773,False,True,False,0.67827085,7.7262321,27.030176,208.84141,0.67277016,7.7243444,26.694975,206.20118,0.89384287,7.8005647,4.2436712,33.103032,0.77735781,8.1397375,7.4824369,60.905072,0.69838522,7.5119977,14.419424,108.31868,0.65536684,7.906036,15.285543,120.84805,0.62115707,7.5501326,11.721112,88.495953,0.67170546,7.7291736,8.8137809,68.123243
0b_baseline_best,file,13,baseline,6675,115.Brewer_Sparrow/Brewer_Sparrow_0046_796696.jpg,115,114,115.Brewer_Sparrow,117,116,color_jitter,color_jitter,0,"{""brightness"":1.324969,""contrast"":1.380075,""hue"":0.007847,""saturation"":1.223402}",0.1193049,1.6887527,1.5694478,0.88753718,0.18474983,0.066639379,0.42791191,0.8208978,-0.24316208,-1.0640599,0.68172523,4.967535,27.030176,134.27334,False,0.87270856,False,True,False,0.68172523,4.967535,27.030176,134.27334,0.67672421,4.9417334,26.694975,131.91945,0.85790827,5.8986162,4.2436712,25.031788,0.56161272,4.3499274,7.4824369,32.548057,0.63906629,3.7712762,14.419424,54.379629,0.7121597,5.0507593,15.285543,77.203599,0.71735481,5.6466394,11.721112,66.184896,0.71619128,6.2612179,8.8137809,55.185003
0b_baseline_best,file,13,baseline,6675,115.Brewer_Sparrow/Brewer_Sparrow_0046_796696.jpg,115,114,115.Brewer_Sparrow,117,116,rotation,rotation,0,"{""angle"":-0.365811}",0.1193049,0.25718716,0.13788226,0.88753718,0.77322346,0.066639379,0.20002855,0.8208978,0.57319491,-0.2477029,0.90490954,2.519555,27.030176,68.104014,False,0.98888707,True,True,True,0.90490954,2.519555,27.030176,68.104014,0.90379932,2.5253697,26.694975,67.414681,0.95834381,2.2775733,4.2436712,9.6652724,0.93755484,2.9299497,7.4824369,21.923163,0.90594767,2.5588235,14.419424,36.89676,0.90542192,2.5347078,15.285543,38.744385,0.88930753,2.4247031,11.721112,28.420218,0.90471831,2.2518251,8.8137809,19.847093
0b_baseline_best,file,13,baseline,6675,115.Brewer_Sparrow/Brewer_Sparrow_0046_796696.jpg,115,114,115.Brewer_Sparrow,117,116,random_resized_crop,random_resized_crop,0,"{""area_fraction"":0.648731,""aspect"":1.212509,""fallback"":false,""height"":0.731459,""left"":0.03154,""top"":0.267038,""width"":0.8869}",0.1193049,2.4475737,2.3282688,0.88753718,0.086503208,0.066639379,0.76720965,0.8208978,-0.68070644,-1.5016042,0.7451295,8.2793622,27.030176,223.79262,False,0.91529155,False,True,False,0.7451295,8.2793622,27.030176,223.79262,0.74092533,8.2431332,26.694975,220.05023,0.89638387,9.6038903,4.2436712,40.755753,0.78703457,9.6264802,7.4824369,72.02953,0.78899429,7.8398113,14.419424,113.04556,0.76045397,7.7699729,15.285543,118.76825,0.68630672,8.2916016,11.721112,97.186795,0.6551034,9.4268951,8.8137809,83.086588
0b_baseline_best,file,13,baseline,6675,115.Brewer_Sparrow/Brewer_Sparrow_0046_796696.jpg,115,114,115.Brewer_Sparrow,117,116,gaussian_blur,gaussian_blur,0,"{""sigma"":1.366853}",0.1193049,4.5789576,4.4596527,0.88753718,0.010265595,0.066639379,0.9747591,0.8208978,-0.96449351,-1.7853913,0.69591442,8.3948117,27.030176,226.91324,False,0.8698144,False,True,False,0.69591442,8.3948117,27.030176,226.91324,0.69233581,8.3421574,26.694975,222.69368,0.82556018,10.263802,4.2436712,43.556201,0.75214719,9.4488787,7.4824369,70.700639,0.70889096,7.884942,14.419424,113.69632,0.71791179,7.933531,15.285543,121.26833,0.65448555,8.4979133,11.721112,99.604996,0.62320109,9.5196364,8.8137809,83.90399
0b_baseline_best,file,13,baseline,6675,115.Brewer_Sparrow/Brewer_Sparrow_0046_796696.jpg,115,114,115.Brewer_Sparrow,117,116,random_erasing,random_erasing,0,"{""area_fraction"":0.141734,""erased"":true,""height"":0.280777,""left"":0.004338,""top"":0.635655,""width"":0.504791}",0.1193049,0.067854874,-0.051450022,0.88753718,0.93439609,0.066639379,0.022465201,0.8208978,0.91193089,0.091033084,0.91194667,0.56224324,27.030176,15.197534,False,0.95802259,True,True,True,0.91194667,0.56224324,27.030176,15.197534,0.91155489,0.56351644,26.694975,15.043057,0.9336627,0.50931346,4.2436712,2.1613589,0.88297134,0.50563593,7.4824369,3.783389,0.95295016,0.56402441,14.419424,8.1329068,0.92933442,0.56429258,15.285543,8.6255184,0.88294863,0.56976231,11.721112,6.6782481,0.82488769,0.58776409,8.8137809,5.1804239
0b_baseline_best,file,13,baseline,5635,097.Orchard_Oriole/Orchard_Oriole_0080_91417.jpg,97,96,097.Orchard_Oriole,136,135,identity,identity,0,{},0.30861035,0.30861035,0,0.73446691,0.73446691,0.065611072,0.065611072,0.66885584,0.66885584,0,1,1,36.580974,36.580974,False,0.99999988,True,True,True,1,1,36.580974,36.580974,1,1,35.997674,35.997674,1,1,6.506544,6.506544,1,1,8.2958273,8.2958273,1,1,15.060631,15.060631,1,1,18.625154,18.625154,1,1,16.913807,16.913807,1,1,19.162878,19.162878
0b_baseline_best,file,13,baseline,5635,097.Orchard_Oriole/Orchard_Oriole_0080_91417.jpg,97,96,097.Orchard_Oriole,136,135,horizontal_flip,horizontal_flip,0,"{""flipped"":true}",0.30861035,0.59455907,0.28594872,0.73446691,0.55180585,0.065611072,0.1686087,0.66885584,0.38319716,-0.28565868,0.63193551,1.7369501,36.580974,63.539325,False,0.96129298,True,True,True,0.63193551,1.7369501,36.580974,63.539325,0.62166576,1.7378792,35.997674,62.55961,0.95182123,1.708265,6.506544,11.114901,0.51403594,1.6734931,8.2958273,13.88301,0.58343117,1.838099,15.060631,27.682931,0.59558056,1.7992713,18.625154,33.511705,0.61923868,1.7367977,16.913807,29.375861,0.70108479,1.6241343,19.162878,31.123087
0b_baseline_best,file,13,baseline,5635,097.Orchard_Oriole/Orchard_Oriole_0080_91417.jpg,97,96,097.Orchard_Oriole,136,135,color_jitter,color_jitter,0,"{""brightness"":0.993661,""contrast"":1.188732,""hue"":-0.096234,""saturation"":1.072664}",0.30861035,3.1742492,2.8656388,0.73446691,0.041825496,0.065611072,0.0022055556,0.66885584,0.03961994,-0.6292359,0.45565682,3.7394082,36.580974,136.79119,False,0.6818738,False,True,False,0.45565682,3.7394082,36.580974,136.79119,0.45033082,3.7499069,35.997674,134.98793,0.63742341,3.4024174,6.506544,22.137979,0.29481233,3.9256962,8.2958273,32.566898,0.4585758,4.3231223,15.060631,65.108951,0.52965507,3.7898951,18.625154,70.587382,0.42910074,3.9071662,16.913807,66.085056,0.42170438,3.1189185,19.162878,59.767456
0b_baseline_best,file,13,baseline,5635,097.Orchard_Oriole/Orchard_Oriole_0080_91417.jpg,97,96,097.Orchard_Oriole,136,135,rotation,rotation,0,"{""angle"":-10.552573}",0.30861035,0.18502994,-0.12358041,0.73446691,0.83107942,0.065611072,0.054744106,0.66885584,0.77633532,0.10747948,0.76899799,0.61447922,36.580974,22.478248,False,0.97520202,True,True,True,0.76899799,0.61447922,36.580974,22.478248,0.76184664,0.61232111,35.997674,22.042136,0.97068553,0.67721779,6.506544,4.4063474,0.77530311,0.72202923,8.2958273,5.9898298,0.77605606,0.63014991,15.060631,9.4904554,0.74507748,0.56493954,18.625154,10.522086,0.7228312,0.62846225,16.913807,10.629689,0.80072416,0.60902448,19.162878,11.670662
0b_baseline_best,file,13,baseline,5635,097.Orchard_Oriole/Orchard_Oriole_0080_91417.jpg,97,96,097.Orchard_Oriole,136,135,random_resized_crop,random_resized_crop,0,"{""area_fraction"":0.802429,""aspect"":1.130274,""fallback"":false,""height"":0.84258,""left"":0.021899,""top"":0.099076,""width"":0.952347}",0.30861035,0.14837517,-0.16023518,0.73446691,0.86210763,0.065611072,0.034896232,0.66885584,0.8272114,0.15835556,0.77923741,0.49311199,36.580974,18.038517,False,0.97259104,True,True,True,0.77923741,0.49311199,36.580974,18.038517,0.7725962,0.49200284,35.997674,17.710958,0.97107863,0.52593139,6.506544,3.4219957,0.84495167,0.57792225,8.2958273,4.7943432,0.7645948,0.49802867,15.060631,7.5006262,0.73943622,0.47345257,18.625154,8.8181271,0.73958362,0.47489932,16.913807,8.0323554,0.8190477,0.50095446,19.162878,9.5997294
0b_baseline_best,file,13,baseline,5635,097.Orchard_Oriole/Orchard_Oriole_0080_91417.jpg,97,96,097.Orchard_Oriole,136,135,gaussian_blur,gaussian_blur,0,"{""sigma"":1.668636}",0.30861035,1.330299,1.0216887,0.73446691,0.26439819,0.065611072,0.013294879,0.66885584,0.25110331,-0.41775253,0.43012025,3.051774,36.580974,111.63687,False,0.85944676,False,True,False,0.43012025,3.051774,36.580974,111.63687,0.41897693,3.0541626,35.997674,109.94275,0.78009369,2.9777359,6.506544,19.374769,0.24573251,4.7040452,8.2958273,39.023946,0.35139254,3.2658146,15.060631,49.18523,0.40880697,3.0907561,18.625154,57.56581,0.4257764,3.0288591,16.913807,51.229538,0.5677098,2.4515842,19.162878,46.979409
0b_baseline_best,file,13,baseline,5635,097.Orchard_Oriole/Orchard_Oriole_0080_91417.jpg,97,96,097.Orchard_Oriole,136,135,random_erasing,random_erasing,0,"{""area_fraction"":0.077193,""erased"":true,""height"":0.234236,""left"":0.217816,""top"":0.607407,""width"":0.329552}",0.30861035,0.20420933,-0.10440102,0.73446691,0.8152917,0.065611072,0.061100937,0.66885584,0.75419077,0.085334927,0.88593719,0.6948171,36.580974,25.417086,False,0.98214018,True,True,True,0.88593719,0.6948171,36.580974,25.417086,0.88283764,0.69389309,35.997674,24.978537,0.97775154,0.72252847,6.506544,4.7011633,0.92624763,0.72570887,8.2958273,6.0203555,0.88389192,0.68419524,15.060631,10.304412,0.88172615,0.71366301,18.625154,13.292084,0.85921328,0.69661424,16.913807,11.782399,0.89460572,0.6723413,19.162878,12.883995
0b_baseline_best,file,13,baseline,2888,050.Eared_Grebe/Eared_Grebe_0004_34277.jpg,50,49,050.Eared_Grebe,52,51,identity,identity,0,{},0.14713252,0.14713252,0,0.86317956,0.86317956,0.052987576,0.052987576,0.81019199,0.81019199,0,1,1,15.791065,15.791065,False,1,True,True,True,1,1,15.791065,15.791065,1,1,15.093314,15.093314,1,1,4.6421552,4.6421552,1,1,2.7293003,2.7293003,1,1,6.6969867,6.6969867,1,1,7.5510389,7.5510389,1,1,7.2662005,7.2662005,1,1,8.1051563,8.1051563
0b_baseline_best,file,13,baseline,2888,050.Eared_Grebe/Eared_Grebe_0004_34277.jpg,50,49,050.Eared_Grebe,52,51,horizontal_flip,horizontal_flip,0,"{""flipped"":true}",0.14713252,0.61269134,0.46555883,0.86317956,0.5418905,0.052987576,0.053997427,0.81019199,0.48789307,-0.32229891,0.63334027,4.1268107,15.791065,65.166736,False,0.95790613,True,True,True,0.63334027,4.1268107,15.791065,65.166736,0.61702555,4.2218004,15.093314,63.720959,0.92015846,2.940605,4.6421552,13.650745,0.51312187,4.2648805,2.7293003,11.64014,0.59472031,4.323708,6.6969867,28.955815,0.63034359,4.5580661,7.5510389,34.418135,0.59111497,4.2960858,7.2662005,31.216221,0.66404642,3.7572032,8.1051563,30.452719
0b_baseline_best,file,13,baseline,2888,050.Eared_Grebe/Eared_Grebe_0004_34277.jpg,50,49,050.Eared_Grebe,52,51,color_jitter,color_jitter,0,"{""brightness"":1.289716,""contrast"":0.940025,""hue"":0.001166,""saturation"":0.69644}",0.14713252,0.63887781,0.49174529,0.86317956,0.52788448,0.052987576,0.066101514,0.81019199,0.46178297,-0.34840902,0.79720701,3.8369776,15.791065,60.589962,False,0.96592784,True,True,True,0.79720701,3.8369776,15.791065,60.589962,0.78672137,3.8661479,15.093314,58.352985,0.9225218,3.5138278,4.6421552,16.311734,0.77101347,3.8383751,2.7293003,10.476079,0.78862938,3.4893324,6.6969867,23.368012,0.79705186,4.2247192,7.5510389,31.901019,0.78997553,4.0402449,7.2662005,29.357229,0.78199924,3.6385847,8.1051563,29.491298
0b_baseline_best,file,13,baseline,2888,050.Eared_Grebe/Eared_Grebe_0004_34277.jpg,50,49,050.Eared_Grebe,52,51,rotation,rotation,0,"{""angle"":2.899181}",0.14713252,0.1441479,-0.0029846132,0.86317956,0.86575967,0.052987576,0.016382087,0.81019199,0.84937758,0.039185595,0.76619551,1.2327516,15.791065,19.46646,False,0.9700588,True,True,True,0.76619551,1.2327516,15.791065,19.46646,0.7565452,1.2576115,15.093314,18.981526,0.93689846,0.93016225,4.6421552,4.3179575,0.79397679,1.0972782,2.7293003,2.9948016,0.77913797,1.1942984,6.6969867,7.9982007,0.75196329,1.4133757,7.5510389,10.672455,0.72970414,1.3345765,7.2662005,9.6973008,0.78229806,1.0995164,8.1051563,8.9117519
0b_baseline_best,file,13,baseline,2888,050.Eared_Grebe/Eared_Grebe_0004_34277.jpg,50,49,050.Eared_Grebe,52,51,random_resized_crop,random_resized_crop,0,"{""area_fraction"":0.615402,""aspect"":1.044688,""fallback"":false,""height"":0.767513,""left"":0.1623,""top"":0.207219,""width"":0.801812}",0.14713252,4.0424643,3.8953317,0.86317956,0.017554162,0.052987576,0.29220897,0.81019199,-0.27465481,-1.0848468,0.5679486,8.3486616,15.791065,131.83426,False,0.81386721,False,True,False,0.5679486,8.3486616,15.791065,131.83426,0.55671426,8.5489305,15.093314,129.03169,0.78193892,5.8246098,4.6421552,27.038743,0.63635611,12.58361,2.7293003,34.344452,0.71208739,10.482029,6.6969867,70.19801,0.53570055,8.1465292,7.5510389,61.514759,0.48175366,7.7804418,7.2662005,56.534251,0.50249612,7.3631998,8.1051563,59.679886
0b_baseline_best,file,13,baseline,2888,050.Eared_Grebe/Eared_Grebe_0004_34277.jpg,50,49,050.Eared_Grebe,52,51,gaussian_blur,gaussian_blur,0,"{""sigma"":1.307299}",0.14713252,1.5957519,1.4486194,0.86317956,0.20275602,0.052987576,0.0016135904,0.81019199,0.20114243,-0.60904956,0.43097315,12.387307,15.791065,195.60878,False,0.8509711,False,True,False,0.43097315,12.387307,15.791065,195.60878,0.42584067,12.813187,15.093314,193.39345,0.64732292,6.3237592,4.6421552,29.355871,0.33219972,20.944853,2.7293003,57.164795,0.39431472,12.904468,6.6969867,86.421052,0.49725045,13.898708,7.5510389,104.94969,0.43708991,13.759325,7.2662005,99.978014,0.41243848,9.2776622,8.1051563,75.196903
0b_baseline_best,file,13,baseline,2888,050.Eared_Grebe/Eared_Grebe_0004_34277.jpg,50,49,050.Eared_Grebe,52,51,random_erasing,random_erasing,0,"{""area_fraction"":0.129143,""erased"":true,""height"":0.199472,""left"":0.022008,""top"":0.434783,""width"":0.647426}",0.14713252,0.38663805,0.23950553,0.86317956,0.67933691,0.052987576,0.092860825,0.81019199,0.58647608,-0.22371591,0.84696911,2.5372616,15.791065,40.066063,False,0.96936619,True,True,True,0.84696911,2.5372616,15.791065,40.066063,0.83894439,2.5665284,15.093314,38.737419,0.95482825,2.204232,4.6421552,10.232387,0.78754363,2.4562087,2.7293003,6.7037312,0.84263967,2.3584937,6.6969867,15.794801,0.84794757,2.6416209,7.5510389,19.946982,0.82397937,2.6253948,7.2662005,19.076645,0.84886507,2.6008281,8.1051563,21.080118
0b_baseline_best,file,13,baseline,3761,065.Slaty_backed_Gull/Slaty_Backed_Gull_0032_796046.jpg,65,64,065.Slaty_backed_Gull,71,70,identity,identity,0,{},0.92929047,0.92929047,0,0.39483374,0.39483374,0.29186407,0.29186407,0.10296968,0.10296968,0,1,1,143.70392,143.70392,False,1,True,True,True,1,1,143.70392,143.70392,1,1,142.2292,142.2292,1,1,20.534643,20.534643,1,1,28.001398,28.001398,1,1,56.649779,56.649779,1,1,83.793308,83.793308,1,1,65.937039,65.937039,1,1,69.762876,69.762876
0b_baseline_best,file,13,baseline,3761,065.Slaty_backed_Gull/Slaty_Backed_Gull_0032_796046.jpg,65,64,065.Slaty_backed_Gull,71,70,horizontal_flip,horizontal_flip,0,"{""flipped"":true}",0.92929047,0.90894949,-0.020340979,0.39483374,0.40294731,0.29186407,0.22393644,0.10296968,0.17901087,0.076041192,0.73681551,0.94718156,143.70392,136.11371,False,0.96662867,True,True,True,0.73681551,0.94718156,143.70392,136.11371,0.73215122,0.94570864,142.2292,134.50739,0.94705305,1.0153357,20.534643,20.849555,0.71290787,0.93464323,28.001398,26.171317,0.66890215,0.85806055,56.649779,48.608941,0.76527246,0.93667758,83.793308,78.487313,0.67404381,0.97309232,65.937039,64.162826,0.78010598,0.98972342,69.762876,69.045952
0b_baseline_best,file,13,baseline,3761,065.Slaty_backed_Gull/Slaty_Backed_Gull_0032_796046.jpg,65,64,065.Slaty_backed_Gull,71,70,color_jitter,color_jitter,0,"{""brightness"":1.229567,""contrast"":0.655302,""hue"":-0.078723,""saturation"":0.66837}",0.92929047,0.49435455,-0.43493593,0.39483374,0.60996449,0.29186407,0.10602801,0.10296968,0.50393648,0.4009668,0.80587371,0.69564934,143.70392,99.96754,False,0.93664628,True,True,True,0.80587371,0.69564934,143.70392,99.96754,0.80379072,0.69593596,142.2292,98.982416,0.90804812,0.68175765,20.534643,13.99965,0.73727679,1.0633317,28.001398,29.774775,0.73297093,0.74363202,56.649779,42.126589,0.86682724,0.63552298,83.793308,53.252573,0.80135815,0.68042773,65.937039,44.865389,0.81320594,0.68559074,69.762876,47.828782
0b_baseline_best,file,13,baseline,3761,065.Slaty_backed_Gull/Slaty_Backed_Gull_0032_796046.jpg,65,64,065.Slaty_backed_Gull,71,70,rotation,rotation,0,"{""angle"":-14.965887}",0.92929047,0.037782252,-0.89150822,0.39483374,0.96292257,0.29186407,0.0024331131,0.10296968,0.96048946,0.85751978,0.69398393,0.049017276,143.70392,7.0439749,False,0.90216714,True,True,True,0.69398393,0.049017276,143.70392,7.0439749,0.6908926,0.048866501,142.2292,6.9502435,0.82985258,0.055773746,20.534643,1.145294,0.48436688,0.037651563,28.001398,1.0542964,0.6501637,0.048542857,56.649779,2.7499421,0.72724832,0.046712593,83.793308,3.9142027,0.67612124,0.051193985,65.937039,3.3755798,0.71140717,0.051516981,69.762876,3.5939728
0b_baseline_best,file,13,baseline,3761,065.Slaty_backed_Gull/Slaty_Backed_Gull_0032_796046.jpg,65,64,065.Slaty_backed_Gull,71,70,random_resized_crop,random_resized_crop,0,"{""area_fraction"":0.883061,""aspect"":0.925111,""fallback"":false,""height"":0.977009,""left"":0.012764,""top"":0.016784,""width"":0.903841}",0.92929047,0.61660248,-0.31268799,0.39483374,0.53977525,0.29186407,0.11541845,0.10296968,0.4243568,0.32138713,0.86068895,0.74101897,143.70392,106.48733,False,0.97460163,True,True,True,0.86068895,0.74101897,143.70392,106.48733,0.85881745,0.74103556,142.2292,105.3969,0.95057106,0.74022299,20.534643,15.200215,0.75805549,0.78653627,28.001398,22.024115,0.82839885,0.75665713,56.649779,42.864459,0.88527436,0.73238677,83.793308,61.36911,0.83764861,0.75777827,65.937039,49.965655,0.87974667,0.72005255,69.762876,50.232937
0b_baseline_best,file,13,baseline,3761,065.Slaty_backed_Gull/Slaty_Backed_Gull_0032_796046.jpg,65,64,065.Slaty_backed_Gull,71,70,gaussian_blur,gaussian_blur,0,"{""sigma"":1.402087}",0.92929047,1.7953039,0.86601347,0.39483374,0.16607699,0.29186407,0.073197491,0.10296968,0.092879497,-0.01009018,0.5471034,1.2656048,143.70392,181.87238,False,0.81212878,False,True,False,0.5471034,1.2656048,143.70392,181.87238,0.54315479,1.2573225,142.2292,178.82798,0.71136858,1.6137524,20.534643,33.13783,0.60442664,1.5389454,28.001398,43.092623,0.49706304,1.4651448,56.649779,83.000127,0.56512432,1.1366714,83.793308,95.245454,0.50931006,1.2407993,65.937039,81.81463,0.57899857,1.2387432,69.762876,86.418287
0b_baseline_best,file,13,baseline,3761,065.Slaty_backed_Gull/Slaty_Backed_Gull_0032_796046.jpg,65,64,065.Slaty_backed_Gull,71,70,random_erasing,random_erasing,0,"{""area_fraction"":0.129446,""erased"":true,""height"":0.545019,""left"":0.320443,""top"":0.012841,""width"":0.237507}",0.92929047,0.63221371,-0.29707676,0.39483374,0.53141409,0.29186407,0.10287426,0.10296968,0.42853983,0.32557015,0.77989835,0.61201387,143.70392,87.948794,False,0.93230879,True,True,True,0.77989835,0.61201387,143.70392,87.948794,0.7776499,0.61079824,142.2292,86.873346,0.88159767,0.66773745,20.534643,13.71175,0.90416071,0.71387298,28.001398,19.989441,0.68391181,0.62179593,56.649779,35.224602,0.8096909,0.58930109,83.793308,49.379487,0.75528991,0.61447625,65.937039,40.516744,0.79477579,0.61264341,69.762876,42.739766
0b_baseline_best,file,13,baseline,4768,082.Ringed_Kingfisher/Ringed_Kingfisher_0026_72867.jpg,82,81,082.Ringed_Kingfisher,80,79,identity,identity,0,{},0.016133824,0.016133824,0,0.98399562,0.98399562,0.0099893278,0.0099893278,0.97400629,0.97400629,0,1,1,1.8819687,1.8819687,False,0.99999988,True,True,True,1,1,1.8819687,1.8819687,1,1,1.8121962,1.8121962,1,1,0.50769213,0.50769213,1,1,0.41102905,0.41102905,1,1,0.69780389,0.69780389,1,1,0.84917159,0.84917159,1,1,0.88075481,0.88075481,1,1,1.0636533,1.0636533
0b_baseline_best,file,13,baseline,4768,082.Ringed_Kingfisher/Ringed_Kingfisher_0026_72867.jpg,82,81,082.Ringed_Kingfisher,80,79,horizontal_flip,horizontal_flip,0,"{""flipped"":true}",0.016133824,0.0052368371,-0.010896987,0.98399562,0.99477684,0.0099893278,0.0038733415,0.97400629,0.9909035,0.016897215,0.6934553,0.35953394,1.8819687,0.67663164,False,0.97982574,True,True,True,0.6934553,0.35953394,1.8819687,0.67663164,0.67034424,0.35839923,1.8121962,0.64948972,0.97642799,0.37368998,0.50769213,0.18971946,0.75900575,0.43856849,0.41102905,0.18026439,0.54435379,0.35374791,0.69780389,0.24684667,0.62776443,0.35478935,0.84917159,0.30127704,0.64072196,0.36686544,0.88075481,0.32311851,0.76252177,0.34316973,1.0636533,0.36501363
0b_baseline_best,file,13,baseline,4768,082.Ringed_Kingfisher/Ringed_Kingfisher_0026_72867.jpg,82,81,082.Ringed_Kingfisher,80,79,color_jitter,color_jitter,0,"{""brightness"":0.860813,""contrast"":1.278874,""hue"":-0.051849,""saturation"":0.688592}",0.016133824,0.55649883,0.540365,0.98399562,0.57321244,0.0099893278,0.21997136,0.97400629,0.35324109,-0.6207652,0.63528902,27.775696,1.8819687,52.272991,False,0.89405149,True,True,True,0.63528902,27.775696,1.8819687,52.272991,0.61797388,27.95771,1.8121962,50.664855,0.88153345,25.342442,0.50769213,12.866159,0.37835966,25.260288,0.41102905,10.382712,0.52648839,27.752916,0.69780389,19.366093,0.59938793,31.130213,0.84917159,26.434893,0.600907,28.558115,0.88075481,25.152697,0.72797801,25.792156,1.0636533,27.433913
0b_baseline_best,file,13,baseline,4768,082.Ringed_Kingfisher/Ringed_Kingfisher_0026_72867.jpg,82,81,082.Ringed_Kingfisher,80,79,rotation,rotation,0,"{""angle"":-5.062479}",0.016133824,0.0079797758,-0.0081540486,0.98399562,0.99205196,0.0099893278,0.005758374,0.97400629,0.98629359,0.012287296,0.78284087,0.54509717,1.8819687,1.0258558,False,0.98112214,True,True,True,0.78284087,0.54509717,1.8819687,1.0258558,0.76752065,0.54517746,1.8121962,0.98796851,0.97843625,0.54407308,0.50769213,0.27622162,0.60826161,0.43670135,0.41102905,0.17949694,0.75635044,0.59920104,0.69780389,0.41812482,0.72680415,0.57747178,0.84917159,0.49037263,0.74417237,0.54604881,0.88075481,0.48093512,0.84620024,0.51259658,1.0636533,0.54522506
0b_baseline_best,file,13,baseline,4768,082.Ringed_Kingfisher/Ringed_Kingfisher_0026_72867.jpg,82,81,082.Ringed_Kingfisher,80,79,random_resized_crop,random_resized_crop,0,"{""area_fraction"":0.664752,""aspect"":0.809774,""fallback"":false,""height"":0.906041,""left"":0.23438,""top"":0.083526,""width"":0.733689}",0.016133824,0.39221799,0.37608417,0.98399562,0.67555684,0.0099893278,0.079405002,0.97400629,0.59615184,-0.37785445,0.48398947,22.428509,1.8819687,42.209753,False,0.89473748,True,True,True,0.48398947,22.428509,1.8819687,42.209753,0.46571449,22.857884,1.8121962,41.422969,0.8467858,15.977741,0.50769213,8.1117735,0.087845583,25.433955,0.41102905,10.454094,0.47633755,26.026269,0.69780389,18.161232,0.42988839,24.745875,0.84917159,21.013494,0.48371481,24.557905,0.88075481,21.629493,0.57193892,18.019188,1.0636533,19.166169
0b_baseline_best,file,13,baseline,4768,082.Ringed_Kingfisher/Ringed_Kingfisher_0026_72867.jpg,82,81,082.Ringed_Kingfisher,80,79,gaussian_blur,gaussian_blur,0,"{""sigma"":1.851183}",0.016133824,0.57649118,0.56035735,0.98399562,0.5618664,0.0099893278,0.10235313,0.97400629,0.45951327,-0.51449302,0.28350061,40.138406,1.8819687,75.539225,False,0.83589262,True,True,True,0.28350061,40.138406,1.8819687,75.539225,0.26455836,41.192936,1.8121962,74.649682,0.76918747,22.7668,0.50769213,11.558525,-0.40209454,57.251345,0.41102905,23.531966,-0.019486973,50.451752,0.69780389,35.205429,0.37600277,50.193209,0.84917159,42.622647,0.38574012,39.881965,0.88075481,35.126232,0.50893327,25.381722,1.0636533,26.997353
0b_baseline_best,file,13,baseline,4768,082.Ringed_Kingfisher/Ringed_Kingfisher_0026_72867.jpg,82,81,082.Ringed_Kingfisher,80,79,random_erasing,random_erasing,0,"{""area_fraction"":0.110476,""erased"":true,""height"":0.421225,""left"":0.671217,""top"":0.163675,""width"":0.262274}",0.016133824,0.016860595,0.00072677061,0.98399562,0.98328078,0.0099893278,0.010322167,0.97400629,0.97295861,-0.0010476774,0.97150299,1.017623,1.8819687,1.9151347,False,0.99337626,True,True,True,0.97150299,1.017623,1.8819687,1.9151347,0.96977783,1.0169867,1.8121962,1.8429795,0.99332964,1.0256951,0.50769213,0.52073735,0.9872457,1.0431551,0.41102905,0.42876706,0.97467855,1.010959,0.69780389,0.70545112,0.97002055,1.0008636,0.84917159,0.84990497,0.96489596,1.0042304,0.88075481,0.88448072,0.96850694,1.0343537,1.0636533,1.1001937
0b_baseline_best,file,13,baseline,2152,038.Great_Crested_Flycatcher/Great_Crested_Flycatcher_0136_29490.jpg,38,37,038.Great_Crested_Flycatcher,77,76,identity,identity,0,{},0.52371061,0.52371061,0,0.59231859,0.59231859,0.14828673,0.14828673,0.44403186,0.44403186,0,1,1,66.348108,66.348108,False,1,True,True,True,1,1,66.348108,66.348108,1,1,64.558441,64.558441,1,1,15.306183,15.306183,1,1,19.015065,19.015065,1,1,26.869789,26.869789,1,1,32.308222,32.308222,1,1,31.761878,31.761878,1,1,32.118466,32.118466
0b_baseline_best,file,13,baseline,2152,038.Great_Crested_Flycatcher/Great_Crested_Flycatcher_0136_29490.jpg,38,37,038.Great_Crested_Flycatcher,77,76,horizontal_flip,horizontal_flip,0,"{""flipped"":true}",0.52371061,0.94810629,0.42439568,0.59231859,0.38747409,0.14828673,0.14993018,0.44403186,0.23754391,-0.20648795,0.56189179,1.5997557,66.348108,106.14077,False,0.94817376,True,True,True,0.56189179,1.5997557,66.348108,106.14077,0.54606217,1.6124007,64.558441,104.09407,0.90505441,1.3552269,15.306183,20.743351,0.6513997,1.3202446,19.015065,25.104538,0.51863989,1.6192189,26.869789,43.50807,0.49027007,1.638014,32.308222,52.92132,0.52634719,1.7406315,31.761878,55.285726,0.62196057,1.5427281,32.118466,49.550059
0b_baseline_best,file,13,baseline,2152,038.Great_Crested_Flycatcher/Great_Crested_Flycatcher_0136_29490.jpg,38,37,038.Great_Crested_Flycatcher,77,76,color_jitter,color_jitter,0,"{""brightness"":1.223788,""contrast"":0.837195,""hue"":0.091453,""saturation"":1.142645}",0.52371061,5.4790859,4.9553753,0.59231859,0.0041731414,0.14828673,0.0011652133,0.44403186,0.0030079281,-0.44102394,0.3692283,3.6378974,66.348108,241.36761,False,0.81017494,False,True,False,0.3692283,3.6378974,66.348108,241.36761,0.35799236,3.6805065,64.558441,237.60776,0.64887352,2.7725222,15.306183,42.436733,0.4423646,3.7627158,19.015065,71.548286,0.4552079,4.4400601,26.869789,119.30348,0.32406111,3.6807894,32.308222,118.91976,0.29704943,3.5252716,31.761878,111.96924,0.34422383,3.1790915,32.118466,102.10754
0b_baseline_best,file,13,baseline,2152,038.Great_Crested_Flycatcher/Great_Crested_Flycatcher_0136_29490.jpg,38,37,038.Great_Crested_Flycatcher,77,76,rotation,rotation,0,"{""angle"":-4.268931}",0.52371061,0.92176431,0.39805371,0.59231859,0.39781654,0.14828673,0.16753727,0.44403186,0.23027927,-0.2137526,0.76422248,1.8385334,66.348108,121.98322,False,0.98740387,True,True,True,0.76422248,1.8385334,66.348108,121.98322,0.75541667,1.8564799,64.558441,119.85145,0.97874517,1.4834138,15.306183,22.705403,0.80906801,2.3197169,19.015065,44.109568,0.61596944,1.8823385,26.869789,50.578039,0.735748,1.8313386,32.308222,59.167294,0.78039398,1.8894774,31.761878,60.013352,0.85087637,1.6351538,32.118466,52.518631
0b_baseline_best,file,13,baseline,2152,038.Great_Crested_Flycatcher/Great_Crested_Flycatcher_0136_29490.jpg,38,37,038.Great_Crested_Flycatcher,77,76,random_resized_crop,random_resized_crop,0,"{""area_fraction"":0.87308,""aspect"":0.882284,""fallback"":false,""height"":0.994771,""left"":0.099361,""top"":0.002423,""width"":0.87767}",0.52371061,1.7928472,1.2691365,0.59231859,0.16648549,0.14828673,0.030144429,0.44403186,0.13634106,-0.3076908,0.67070016,2.6113153,66.348108,173.25583,False,0.96651459,False,True,False,0.67070016,2.6113153,66.348108,173.25583,0.66299376,2.6432953,64.558441,170.64702,0.88517827,1.9569172,15.306183,29.952933,0.74106366,2.8539606,19.015065,54.268248,0.54105846,2.8274933,26.869789,75.97415,0.6569751,2.7979557,32.308222,90.396976,0.67874484,2.5840282,31.761878,82.073588,0.73358248,2.3080909,32.118466,74.132341
0b_baseline_best,file,13,baseline,2152,038.Great_Crested_Flycatcher/Great_Crested_Flycatcher_0136_29490.jpg,38,37,038.Great_Crested_Flycatcher,77,76,gaussian_blur,gaussian_blur,0,"{""sigma"":1.862236}",0.52371061,5.8078279,5.2841173,0.59231859,0.0030039479,0.14828673,0.0022703388,0.44403186,0.00073360908,-0.44329826,0.46764094,2.1921019,66.348108,145.44182,False,0.8246097,False,True,False,0.46764094,2.1921019,66.348108,145.44182,0.45435011,2.2089624,64.558441,142.60717,0.75374041,1.866877,15.306183,28.574762,0.57687291,1.7113732,19.015065,32.541874,0.3537639,2.2512853,26.869789,60.491563,0.41582679,2.2300413,32.308222,72.04867,0.46704765,2.2515227,31.761878,71.512587,0.52203808,2.2695369,32.118466,72.894043
0b_baseline_best,file,13,baseline,2152,038.Great_Crested_Flycatcher/Great_Crested_Flycatcher_0136_29490.jpg,38,37,038.Great_Crested_Flycatcher,77,76,random_erasing,random_erasing,0,"{""area_fraction"":0.054105,""erased"":true,""height"":0.265571,""left"":0.38321,""top"":0.489432,""width"":0.203729}",0.52371061,0.39937583,-0.12433478,0.59231859,0.67073858,0.14828673,0.15580784,0.44403186,0.51493074,0.070898876,0.90951194,0.75758038,66.348108,50.264025,False,0.98276109,True,True,True,0.90951194,0.75758038,66.348108,50.264025,0.90625917,0.75333243,64.558441,48.633967,0.96604103,0.82952298,15.306183,12.696831,0.95195124,0.64814232,19.015065,12.324469,0.91682352,0.73197128,26.869789,19.667914,0.90814301,0.72396591,32.308222,23.390051,0.89093284,0.7825897,31.761878,24.856518,0.90559485,0.80083625,32.118466,25.721632
0b_baseline_best,file,13,baseline,4699,081.Pied_Kingfisher/Pied_Kingfisher_0106_71404.jpg,81,80,081.Pied_Kingfisher,79,78,identity,identity,0,{},0.030479735,0.030479735,0,0.96998006,0.96998006,0.025095122,0.025095122,0.94488494,0.94488494,0,1,1,7.0047153,7.0047153,False,1.0000001,True,True,True,1,1,7.0047153,7.0047153,1,1,6.8936271,6.8936271,1,1,1.2425544,1.2425544,1,1,2.1128343,2.1128343,1,1,3.2972396,3.2972396,1,1,3.8187136,3.8187136,1,1,3.1860877,3.1860877,1,1,2.7299283,2.7299283
0b_baseline_best,file,13,baseline,4699,081.Pied_Kingfisher/Pied_Kingfisher_0106_71404.jpg,81,80,081.Pied_Kingfisher,79,78,horizontal_flip,horizontal_flip,0,"{""flipped"":true}",0.030479735,0.012320483,-0.018159252,0.96998006,0.98775512,0.025095122,0.0025035979,0.94488494,0.98525152,0.040366583,0.61802876,0.29681413,7.0047153,2.0790985,False,0.95057762,True,True,True,0.61802876,0.29681413,7.0047153,2.0790985,0.61194755,0.2975413,6.8936271,2.0511388,0.82380209,0.27348822,1.2425544,0.33982398,0.59586715,0.27707554,2.1128343,0.58541471,0.62181569,0.28430059,3.2972396,0.93740717,0.68322244,0.2714793,3.8187136,1.0367017,0.53948248,0.30030709,3.1860877,0.95680472,0.60374379,0.36548521,2.7299283,0.99774842
0b_baseline_best,file,13,baseline,4699,081.Pied_Kingfisher/Pied_Kingfisher_0106_71404.jpg,81,80,081.Pied_Kingfisher,79,78,color_jitter,color_jitter,0,"{""brightness"":1.227911,""contrast"":1.201977,""hue"":0.044913,""saturation"":0.656793}",0.030479735,0.017057499,-0.013422236,0.96998006,0.98308718,0.025095122,0.0091760242,0.94488494,0.97391116,0.029026219,0.86478816,0.47784736,7.0047153,3.3471847,False,0.97655195,True,True,True,0.86478816,0.47784736,7.0047153,3.3471847,0.86194379,0.47826027,6.8936271,3.296948,0.95517509,0.46495852,1.2425544,0.57773624,0.86398368,0.4178477,2.1128343,0.88284295,0.85478251,0.45510901,3.2972396,1.5006035,0.87934987,0.45880725,3.8187136,1.7520535,0.86588523,0.5137759,3.1860877,1.6369351,0.84893944,0.52949163,2.7299283,1.4454742
0b_baseline_best,file,13,baseline,4699,081.Pied_Kingfisher/Pied_Kingfisher_0106_71404.jpg,81,80,081.Pied_Kingfisher,79,78,rotation,rotation,0,"{""angle"":-7.596268}",0.030479735,0.0071594114,-0.023320323,0.96998006,0.99286616,0.025095122,0.0017760514,0.94488494,0.99109011,0.046205168,0.76839818,0.21160869,7.0047153,1.4822586,False,0.96529269,True,True,True,0.76839818,0.21160869,7.0047153,1.4822586,0.76627881,0.21246003,6.8936271,1.4646202,0.85198277,0.18348261,1.2425544,0.22798712,0.76394364,0.20183932,2.1128343,0.42645303,0.80939094,0.21084612,3.2972396,0.69521018,0.79122247,0.21104518,3.8187136,0.80592109,0.71892727,0.21641983,3.1860877,0.68953255,0.72464805,0.21824487,2.7299283,0.59579287
0b_baseline_best,file,13,baseline,4699,081.Pied_Kingfisher/Pied_Kingfisher_0106_71404.jpg,81,80,081.Pied_Kingfisher,79,78,random_resized_crop,random_resized_crop,0,"{""area_fraction"":0.804252,""aspect"":0.862595,""fallback"":false,""height"":0.965589,""left"":0.149111,""top"":0.020984,""width"":0.832913}",0.030479735,0.0076490608,-0.022830674,0.96998006,0.99238014,0.025095122,0.0032691313,0.94488494,0.98911101,0.044226072,0.74660051,0.21527721,7.0047153,1.5079555,False,0.9609434,True,True,True,0.74660051,0.21527721,7.0047153,1.5079555,0.74196103,0.21610255,6.8936271,1.4897304,0.91764859,0.18811068,1.2425544,0.23373774,0.7412792,0.23118962,2.1128343,0.48846537,0.78517742,0.23052936,3.2972396,0.76011054,0.75936261,0.19568506,3.8187136,0.74726519,0.68099843,0.21339923,3.1860877,0.67990865,0.73743671,0.22647589,2.7299283,0.61826296
0b_baseline_best,file,13,baseline,4699,081.Pied_Kingfisher/Pied_Kingfisher_0106_71404.jpg,81,80,081.Pied_Kingfisher,79,78,gaussian_blur,gaussian_blur,0,"{""sigma"":1.382606}",0.030479735,0.0041518924,-0.026327842,0.96998006,0.9958567,0.025095122,0.00064207998,0.94488494,0.99521462,0.050329683,0.52950137,0.13875856,7.0047153,0.97196421,False,0.91697079,True,True,True,0.52950137,0.13875856,7.0047153,0.97196421,0.52446346,0.13969713,6.8936271,0.96301995,0.75407683,0.10587553,1.2425544,0.1315561,0.51735907,0.15305506,2.1128343,0.32337999,0.42944466,0.12843753,3.2972396,0.42348931,0.58648056,0.13574002,3.8187136,0.51835227,0.51483736,0.15058253,3.1860877,0.47976913,0.55938993,0.13930481,2.7299283,0.38029214
0b_baseline_best,file,13,baseline,4699,081.Pied_Kingfisher/Pied_Kingfisher_0106_71404.jpg,81,80,081.Pied_Kingfisher,79,78,random_erasing,random_erasing,0,"{""area_fraction"":0.101314,""erased"":true,""height"":0.340453,""left"":0.034378,""top"":0.062981,""width"":0.297587}",0.030479735,0.057177268,0.026697533,0.96998006,0.94442666,0.025095122,0.050024815,0.94488494,0.89440184,-0.050483098,0.88951347,2.0252689,7.0047153,14.186432,False,0.97063076,True,True,True,0.88951347,2.0252689,7.0047153,14.186432,0.88701803,2.0273638,6.8936271,13.97589,0.96947178,1.9596944,1.2425544,2.4350269,0.94509018,2.378057,2.1128343,5.0244405,0.89123038,2.0352939,3.2972396,6.7108516,0.89863391,1.9174049,3.8187136,7.3220201,0.86819922,2.0121653,3.1860877,6.4109352,0.85438837,2.0174637,2.7299283,5.5075312
0b_baseline_best,file,13,baseline,1229,022.Chuck_will_Widow/Chuck_Will_Widow_0050_22750.jpg,22,21,022.Chuck_will_Widow,105,104,identity,identity,0,{},0.57573968,0.57573968,0,0.56228882,0.56228882,0.39746296,0.39746296,0.16482586,0.16482586,0,1,1,93.0665,93.0665,False,1,True,True,True,1,1,93.0665,93.0665,1,1,90.841318,90.841318,1,1,20.229394,20.229394,1,1,13.838574,13.838574,1,1,39.414964,39.414964,1,1,53.083422,53.083422,1,1,46.702086,46.702086,1,1,38.835101,38.835101
0b_baseline_best,file,13,baseline,1229,022.Chuck_will_Widow/Chuck_Will_Widow_0050_22750.jpg,22,21,022.Chuck_will_Widow,105,104,horizontal_flip,horizontal_flip,0,"{""flipped"":true}",0.57573968,1.0851716,0.5094319,0.56228882,0.33784384,0.39746296,0.53863347,0.16482586,-0.20078963,-0.36561549,0.77537493,1.4696448,93.0665,136.7747,False,0.97226417,False,True,False,0.77537493,1.4696448,93.0665,136.7747,0.76572009,1.4685683,90.841318,133.40668,0.96719929,1.4911873,20.229394,30.165814,0.63439413,1.5152974,13.838574,20.969555,0.71302718,1.5429979,39.414964,60.817209,0.77182174,1.4530993,53.083422,77.135485,0.78846187,1.4228447,46.702086,66.449817,0.79830019,1.477745,38.835101,57.388375
0b_baseline_best,file,13,baseline,1229,022.Chuck_will_Widow/Chuck_Will_Widow_0050_22750.jpg,22,21,022.Chuck_will_Widow,105,104,color_jitter,color_jitter,0,"{""brightness"":1.260525,""contrast"":1.196604,""hue"":0.024364,""saturation"":0.72662}",0.57573968,1.0806663,0.50492662,0.56228882,0.33936936,0.39746296,0.5536446,0.16482586,-0.21427524,-0.3791011,0.80191236,1.3328858,93.0665,124.04701,False,0.94463658,False,True,False,0.80191236,1.3328858,93.0665,124.04701,0.79483271,1.3324169,90.841318,121.03851,0.94364364,1.3423051,20.229394,27.154018,0.62090874,1.5534742,13.838574,21.497866,0.75580149,1.2115248,39.414964,47.752208,0.80673581,1.3453329,53.083422,71.414873,0.81127155,1.3454753,46.702086,62.836504,0.81532035,1.3769286,38.835101,53.473159
0b_baseline_best,file,13,baseline,1229,022.Chuck_will_Widow/Chuck_Will_Widow_0050_22750.jpg,22,21,022.Chuck_will_Widow,105,104,rotation,rotation,0,"{""angle"":12.05653}",0.57573968,0.39905179,-0.1766879,0.56228882,0.67095596,0.39746296,0.3112027,0.16482586,0.35975325,0.19492739,0.79355357,0.98954625,93.0665,92.093606,False,0.94544584,True,True,True,0.79355357,0.98954625,93.0665,92.093606,0.79040827,1.002387,90.841318,91.05816,0.94507062,0.68074804,20.229394,13.77112,0.69115304,1.1447033,13.838574,15.841061,0.78253,1.1514369,39.414964,45.383845,0.8093857,1.0217862,53.083422,54.239908,0.80008733,0.95159549,46.702086,44.441494,0.78613825,0.83991338,38.835101,32.618121
0b_baseline_best,file,13,baseline,1229,022.Chuck_will_Widow/Chuck_Will_Widow_0050_22750.jpg,22,21,022.Chuck_will_Widow,105,104,random_resized_crop,random_resized_crop,0,"{""area_fraction"":0.855308,""aspect"":1.098054,""fallback"":false,""height"":0.88257,""left"":0.022576,""top"":0.032202,""width"":0.96911}",0.57573968,1.4758102,0.90007049,0.56228882,0.22859345,0.39746296,0.72471398,0.16482586,-0.49612053,-0.66094638,0.85566797,1.9493254,93.0665,181.41689,False,0.97230321,False,True,False,0.85566797,1.9493254,93.0665,181.41689,0.8509546,1.9603716,90.841318,178.08274,0.97211228,1.7114301,20.229394,34.621193,0.70382921,2.6123575,13.838574,36.151302,0.81416047,2.0963932,39.414964,82.629264,0.8733314,1.9686202,53.083422,104.5011,0.86485942,1.8708028,46.702086,87.370392,0.86776814,1.8253183,38.835101,70.886419
0b_baseline_best,file,13,baseline,1229,022.Chuck_will_Widow/Chuck_Will_Widow_0050_22750.jpg,22,21,022.Chuck_will_Widow,105,104,gaussian_blur,gaussian_blur,0,"{""sigma"":1.186888}",0.57573968,0.46243253,-0.11330715,0.56228882,0.62974989,0.39746296,0.33091286,0.16482586,0.29883704,0.13401118,0.71053346,1.0475446,93.0665,97.491309,False,0.93420511,True,True,True,0.71053346,1.0475446,93.0665,97.491309,0.70332234,1.0585785,90.841318,96.162671,0.93344182,0.79292812,20.229394,16.040455,0.62029245,1.146126,13.838574,15.860749,0.64728255,1.0894293,39.414964,42.939818,0.70598503,1.0820939,53.083422,57.441244,0.71161795,1.0560236,46.702086,49.318503,0.76567174,0.97034995,38.835101,37.683638
0b_baseline_best,file,13,baseline,1229,022.Chuck_will_Widow/Chuck_Will_Widow_0050_22750.jpg,22,21,022.Chuck_will_Widow,105,104,random_erasing,random_erasing,0,"{""area_fraction"":0.156698,""erased"":true,""height"":0.374163,""left"":0.438357,""top"":0.310344,""width"":0.418796}",0.57573968,2.0765064,1.5007667,0.56228882,0.12536742,0.39746296,0.83836573,0.16482586,-0.71299832,-0.87782417,0.84465155,1.8089404,93.0665,168.35175,False,0.94277418,False,True,False,0.84465155,1.8089404,93.0665,168.35175,0.8398477,1.8093522,90.841318,164.36394,0.94200134,1.8006161,20.229394,36.425372,0.79087237,1.8061403,13.838574,24.994405,0.81896487,1.7227779,39.414964,67.903228,0.88524204,1.8129446,53.083422,96.237303,0.83808863,1.7730302,46.702086,82.804208,0.79086399,1.9375462,38.835101,75.244802
0b_baseline_best,file,13,baseline,4770,082.Ringed_Kingfisher/Ringed_Kingfisher_0077_72872.jpg,82,81,082.Ringed_Kingfisher,80,79,identity,identity,0,{},0.30366325,0.30366325,0,0.73810941,0.73810941,0.19735366,0.19735366,0.54075575,0.54075575,0,1,1,42.57183,42.57183,False,1,True,True,True,1,1,42.57183,42.57183,1,1,41.432705,41.432705,1,1,9.7822093,9.7822093,1,1,8.9041215,8.9041215,1,1,17.514943,17.514943,1,1,22.612362,22.612362,1,1,20.235825,20.235825,1,1,20.24364,20.24364
0b_baseline_best,file,13,baseline,4770,082.Ringed_Kingfisher/Ringed_Kingfisher_0077_72872.jpg,82,81,082.Ringed_Kingfisher,80,79,horizontal_flip,horizontal_flip,0,"{""flipped"":true}",0.30366325,0.34326962,0.039606363,0.73810941,0.70944691,0.19735366,0.23299077,0.54075575,0.47645614,-0.064299613,0.62407385,1.1766503,42.57183,50.092158,False,0.95935619,True,True,True,0.62407385,1.1766503,42.57183,50.092158,0.60602732,1.1785979,41.432705,48.832499,0.95875483,1.1411475,9.7822093,11.162944,0.32351922,1.2611319,8.9041215,11.229271,0.58742767,1.2300083,17.514943,21.543524,0.64311059,1.1436142,22.612362,25.859818,0.57107452,1.2087049,20.235825,24.45914,0.67419116,1.1344541,20.24364,22.96548
0b_baseline_best,file,13,baseline,4770,082.Ringed_Kingfisher/Ringed_Kingfisher_0077_72872.jpg,82,81,082.Ringed_Kingfisher,80,79,color_jitter,color_jitter,0,"{""brightness"":1.100598,""contrast"":0.995812,""hue"":-0.078499,""saturation"":0.962092}",0.30366325,1.9208937,1.6172304,0.73810941,0.146476,0.19735366,0.60618466,0.54075575,-0.45970866,-1.0004644,0.80866818,2.7602751,42.57183,117.50996,False,0.95224118,False,True,False,0.80866818,2.7602751,42.57183,117.50996,0.80062622,2.7565027,41.432705,114.20936,0.94957976,2.8270958,9.7822093,27.655243,0.73084264,2.5987114,8.9041215,23.139242,0.74643067,2.463374,17.514943,43.145855,0.84424035,2.5842551,22.612362,58.436111,0.79474539,2.8548382,20.235825,57.770007,0.81472096,3.0827967,20.24364,62.407025
0b_baseline_best,file,13,baseline,4770,082.Ringed_Kingfisher/Ringed_Kingfisher_0077_72872.jpg,82,81,082.Ringed_Kingfisher,80,79,rotation,rotation,0,"{""angle"":-2.850121}",0.30366325,0.51303947,0.20937622,0.73810941,0.59867316,0.19735366,0.29162923,0.54075575,0.30704394,-0.23371181,0.84884785,1.5317846,42.57183,65.210873,False,0.967637,True,True,True,0.84884785,1.5317846,42.57183,65.210873,0.84214817,1.5290069,41.432705,63.350894,0.96554575,1.5807856,9.7822093,15.463576,0.7250696,1.7487354,8.9041215,15.570952,0.83568424,1.500935,17.514943,26.288791,0.84270672,1.4811076,22.612362,33.491341,0.84549814,1.5555789,20.235825,31.478422,0.87102651,1.5362928,20.24364,31.100157
0b_baseline_best,file,13,baseline,4770,082.Ringed_Kingfisher/Ringed_Kingfisher_0077_72872.jpg,82,81,082.Ringed_Kingfisher,80,79,random_resized_crop,random_resized_crop,0,"{""area_fraction"":0.529916,""aspect"":1.210782,""fallback"":false,""height"":0.661562,""left"":0.114154,""top"":0.067301,""width"":0.801007}",0.30366325,3.555228,3.2515647,0.73810941,0.028574858,0.19735366,0.27522945,0.54075575,-0.2466546,-0.78741034,0.58090295,3.3499481,42.57183,142.61342,False,0.85287917,False,True,False,0.58090295,3.3499481,42.57183,142.61342,0.57160071,3.3724152,41.432705,139.72828,0.77961453,2.917654,9.7822093,28.541102,0.61038693,4.7915743,8.9041215,42.664759,0.58372406,3.3505122,17.514943,58.68403,0.62579314,3.5763815,22.612362,80.870431,0.54093684,3.3919227,20.235825,68.638355,0.52379341,2.7095486,20.24364,54.851125
0b_baseline_best,file,13,baseline,4770,082.Ringed_Kingfisher/Ringed_Kingfisher_0077_72872.jpg,82,81,082.Ringed_Kingfisher,80,79,gaussian_blur,gaussian_blur,0,"{""sigma"":1.851029}",0.30366325,4.9763303,4.672667,0.73810941,0.0068993364,0.19735366,0.025076836,0.54075575,-0.0181775,-0.55893325,0.33541621,4.3152978,42.57183,183.71012,False,0.73652756,False,True,False,0.33541621,4.3152978,42.57183,183.71012,0.32966528,4.3784688,41.432705,181.41181,0.51295488,2.9613325,9.7822093,28.968374,0.38713474,5.9951727,8.9041215,53.381745,0.26955823,4.4128509,17.514943,77.290833,0.3724025,5.0865339,22.612362,115.01854,0.3457681,4.0156208,20.235825,81.2594,0.296758,3.2220389,20.24364,65.225795
0b_baseline_best,file,13,baseline,4770,082.Ringed_Kingfisher/Ringed_Kingfisher_0077_72872.jpg,82,81,082.Ringed_Kingfisher,80,79,random_erasing,random_erasing,0,"{""area_fraction"":0.143203,""erased"":true,""height"":0.433551,""left"":0.519548,""top"":0.370094,""width"":0.330302}",0.30366325,4.0945535,3.7908902,0.73810941,0.016663183,0.19735366,0.19191304,0.54075575,-0.17524986,-0.7160056,0.49221815,2.5080854,42.57183,106.77378,False,0.88108432,False,True,False,0.49221815,2.5080854,42.57183,106.77378,0.47472688,2.4659106,41.432705,102.16935,0.75082772,3.1707754,9.7822093,31.017188,0.50956219,3.1231371,8.9041215,27.808792,0.39223453,2.1634357,17.514943,37.892453,0.45885265,2.1099902,22.612362,47.711862,0.46192107,2.5410358,20.235825,51.419957,0.55596134,2.8415684,20.24364,57.523686
0b_baseline_best,file,13,baseline,822,015.Lazuli_Bunting/Lazuli_Bunting_0105_15017.jpg,15,14,015.Lazuli_Bunting,164,163,identity,identity,0,{},0.0067507531,0.0067507531,0,0.99327201,0.99327201,0.0016715617,0.0016715617,0.99160044,0.99160044,0,1,1,0.86575598,0.86575598,False,0.99999994,True,True,True,1,1,0.86575598,0.86575598,1,1,0.84350254,0.84350254,1,1,0.19503047,0.19503047,1,1,0.14565666,0.14565666,1,1,0.27535244,0.27535244,1,1,0.3964072,0.3964072,1,1,0.44335937,0.44335937,1,1,0.51064225,0.51064225
0b_baseline_best,file,13,baseline,822,015.Lazuli_Bunting/Lazuli_Bunting_0105_15017.jpg,15,14,015.Lazuli_Bunting,164,163,horizontal_flip,horizontal_flip,0,"{""flipped"":true}",0.0067507531,0.005645996,-0.0011047572,0.99327201,0.99436992,0.0016715617,0.002113719,0.99160044,0.99225621,0.00065576029,0.50554451,0.80296046,0.86575598,0.69516782,False,0.96561939,True,True,True,0.50554451,0.80296046,0.86575598,0.69516782,0.47910027,0.79860463,0.84350254,0.67362503,0.95647558,0.88047571,0.19503047,0.17171959,0.090573248,1.0056931,0.14565666,0.14648591,0.07988808,0.91096597,0.27535244,0.2508367,0.29846586,0.78571696,0.3964072,0.31146386,0.51971441,0.78151884,0.44335937,0.3464937,0.74304148,0.76431102,0.51064225,0.3902895
0b_baseline_best,file,13,baseline,822,015.Lazuli_Bunting/Lazuli_Bunting_0105_15017.jpg,15,14,015.Lazuli_Bunting,164,163,color_jitter,color_jitter,0,"{""brightness"":1.229233,""contrast"":0.602735,""hue"":-0.078445,""saturation"":0.774179}",0.0067507531,1.427928,1.4211772,0.99327201,0.2398053,0.0016715617,0.039908227,0.99160044,0.19989707,-0.79170338,0.43283116,148.01309,0.86575598,128.14322,False,0.82637763,True,True,True,0.43283116,148.01309,0.86575598,128.14322,0.4234975,150.57658,0.84350254,127.01173,0.79887437,87.121443,0.19503047,16.991336,0.36812156,241.61734,0.14565666,35.193175,0.24138041,224.30679,0.27535244,61.763423,0.37230025,181.47159,0.3964072,71.936646,0.50360331,129.6699,0.44335937,57.490364,0.61181704,99.829609,0.51064225,50.977216
0b_baseline_best,file,13,baseline,822,015.Lazuli_Bunting/Lazuli_Bunting_0105_15017.jpg,15,14,015.Lazuli_Bunting,164,163,rotation,rotation,0,"{""angle"":-14.717126}",0.0067507531,0.01544315,0.0086923968,0.99327201,0.98467547,0.0016715617,0.0045936895,0.99160044,0.98008178,-0.011518667,0.73297663,2.1414011,0.86575598,1.8539308,False,0.98061562,True,True,True,0.73297663,2.1414011,0.86575598,1.8539308,0.71898249,2.1323484,0.84350254,1.7986413,0.97730328,2.3041911,0.19503047,0.44938746,0.69095714,2.1061797,0.14565666,0.3067791,0.58478551,2.0498944,0.27535244,0.56444341,0.59733744,1.9962228,0.3964072,0.79131709,0.72498622,2.2239768,0.44335937,0.98602095,0.82262623,2.166559,0.51064225,1.1063365
0b_baseline_best,file,13,baseline,822,015.Lazuli_Bunting/Lazuli_Bunting_0105_15017.jpg,15,14,015.Lazuli_Bunting,164,163,random_resized_crop,random_resized_crop,0,"{""area_fraction"":0.793131,""aspect"":1.158802,""fallback"":false,""height"":0.827309,""left"":0.02984,""top"":0.030755,""width"":0.958688}",0.0067507531,0.0056043882,-0.001146365,0.99327201,0.99441129,0.0016715617,0.0024241298,0.99160044,0.99198716,0.00038671517,0.77457835,0.96654576,0.86575598,0.83679277,False,0.98353845,True,True,True,0.77457835,0.96654576,0.86575598,0.83679277,0.76494562,0.96941894,0.84350254,0.81770733,0.9677075,0.91113339,0.19503047,0.17769877,0.84489344,1.6113676,0.14565666,0.23470642,0.64003808,1.1559255,0.27535244,0.3182869,0.69889851,0.94723935,0.3964072,0.3754925,0.77219405,0.93855634,0.44335937,0.41611774,0.86300012,0.87162329,0.51064225,0.44508768
0b_baseline_best,file,13,baseline,822,015.Lazuli_Bunting/Lazuli_Bunting_0105_15017.jpg,15,14,015.Lazuli_Bunting,164,163,gaussian_blur,gaussian_blur,0,"{""sigma"":1.667147}",0.0067507531,0.036907177,0.030156424,0.99327201,0.96376562,0.0016715617,0.024582706,0.99160044,0.93918291,-0.05241753,0.511816,7.7506984,0.86575598,6.7102135,False,0.94891512,True,True,True,0.511816,7.7506984,0.86575598,6.7102135,0.49600403,7.8183247,0.84350254,6.5947767,0.88629759,6.3544331,0.19503047,1.2393081,0.67682975,10.955574,0.14565666,1.5957524,0.47781876,11.641793,0.27535244,3.2055962,0.36874585,8.590278,0.3964072,3.405248,0.49574143,7.4165196,0.44335937,3.2881834,0.65380868,5.62857,0.51064225,2.8741856
0b_baseline_best,file,13,baseline,822,015.Lazuli_Bunting/Lazuli_Bunting_0105_15017.jpg,15,14,015.Lazuli_Bunting,164,163,random_erasing,random_erasing,0,"{""area_fraction"":0.137876,""erased"":true,""height"":0.397129,""left"":0.397477,""top"":0.086227,""width"":0.347181}",0.0067507531,3.0684297,3.061679,0.99327201,0.046494104,0.0016715617,0.027079612,0.99160044,0.019414492,-0.97218595,0.33768902,133.52876,0.86575598,115.60333,False,0.75959432,False,True,False,0.33768902,133.52876,0.86575598,115.60333,0.31846019,134.08412,0.84350254,113.10029,0.73208703,122.6782,0.19503047,23.925987,0.20939778,138.65111,0.14565666,20.195458,0.13607825,182.09731,0.27535244,50.14094,0.2307603,150.44063,0.3964072,59.63575,0.37174192,127.31857,0.44335937,56.447881,0.45974654,109.50693,0.51064225,55.918867
0b_baseline_best,file,13,baseline,11174,190.Red_cockaded_Woodpecker/Red_Cockaded_Woodpecker_0029_794724.jpg,190,189,190.Red_cockaded_Woodpecker,28,27,identity,identity,0,{},2.9687743,2.9687743,0,0.05136624,0.05136624,0.34057882,0.34057882,-0.28921258,-0.28921258,0,1,1,116.06468,116.06468,False,1,True,False,False,1,1,116.06468,116.06468,1,1,113.66048,113.66048,1,1,23.501221,23.501221,1,1,33.182761,33.182761,1,1,46.042016,46.042016,1,1,63.352705,63.352705,1,1,50.14512,50.14512,1,1,56.299579,56.299579
0b_baseline_best,file,13,baseline,11174,190.Red_cockaded_Woodpecker/Red_Cockaded_Woodpecker_0029_794724.jpg,190,189,190.Red_cockaded_Woodpecker,28,27,horizontal_flip,horizontal_flip,0,"{""flipped"":true}",2.9687743,2.8143494,-0.15442491,0.05136624,0.05994371,0.34057882,0.15749949,-0.28921258,-0.097555783,0.1916568,0.75215162,0.99218388,116.06468,115.15751,False,0.94554317,True,False,False,0.75215162,0.99218388,116.06468,115.15751,0.74569235,0.99670704,113.66048,113.2862,0.92896698,0.87977672,23.501221,20.675827,0.76820286,0.89064603,33.182761,29.554095,0.78044961,1.0703136,46.042016,49.279395,0.78684684,1.0070324,63.352705,63.798227,0.6716214,1.0438641,50.14512,52.344691,0.72667739,0.92664475,56.299579,52.169709
0b_baseline_best,file,13,baseline,11174,190.Red_cockaded_Woodpecker/Red_Cockaded_Woodpecker_0029_794724.jpg,190,189,190.Red_cockaded_Woodpecker,28,27,color_jitter,color_jitter,0,"{""brightness"":0.970499,""contrast"":1.001765,""hue"":-0.002398,""saturation"":1.223477}",2.9687743,2.9781184,0.009344101,0.05136624,0.050888497,0.34057882,0.36496201,-0.28921258,-0.31407351,-0.02486093,0.9600506,0.99490869,116.06468,115.47376,False,0.99155283,True,False,False,0.9600506,0.99490869,116.06468,115.47376,0.95870442,0.99405062,113.66048,112.98427,0.99109126,1.0147723,23.501221,23.848388,0.97416916,0.90973036,33.182761,30.187365,0.95436239,1.0085371,46.042016,46.43508,0.96521939,0.96622201,63.352705,61.212777,0.94956891,1.0186601,50.14512,51.080831,0.95863916,1.0267821,56.299579,57.807399
0b_baseline_best,file,13,baseline,11174,190.Red_cockaded_Woodpecker/Red_Cockaded_Woodpecker_0029_794724.jpg,190,189,190.Red_cockaded_Woodpecker,28,27,rotation,rotation,0,"{""angle"":10.108824}",2.9687743,3.2629209,0.29414654,0.05136624,0.03827643,0.34057882,0.15244105,-0.28921258,-0.11416462,0.17504796,0.72620867,1.0745717,116.06468,124.71983,False,0.91407609,False,False,False,0.72620867,1.0745717,116.06468,124.71983,0.72010161,1.0787531,113.66048,122.61159,0.8886274,0.97164822,23.501221,22.834919,0.78256409,0.92886095,33.182761,30.822171,0.70304526,1.1542261,46.042016,53.142897,0.75763903,1.0608195,63.352705,67.205783,0.65546127,1.1139261,50.14512,55.85796,0.72392045,1.0690819,56.299579,60.188863
0b_baseline_best,file,13,baseline,11174,190.Red_cockaded_Woodpecker/Red_Cockaded_Woodpecker_0029_794724.jpg,190,189,190.Red_cockaded_Woodpecker,28,27,random_resized_crop,random_resized_crop,0,"{""area_fraction"":0.604787,""aspect"":0.972892,""fallback"":false,""height"":0.78844,""left"":0.054034,""top"":0.201384,""width"":0.767067}",2.9687743,2.3887467,-0.58002758,0.05136624,0.091744587,0.34057882,0.069754213,-0.28921258,0.021990374,0.31120296,0.64326518,1.0041216,116.06468,116.54305,False,0.87426084,False,False,True,0.64326518,1.0041216,116.06468,116.54305,0.63797744,1.0133883,113.66048,115.1822,0.83617026,0.75561753,23.501221,17.757934,0.75221373,1.1777276,33.182761,39.080254,0.65438874,1.0950165,46.042016,50.416766,0.67057483,1.0349796,63.352705,65.568758,0.54424967,0.98509581,50.14512,49.397748,0.61760214,0.88069017,56.299579,49.582486
0b_baseline_best,file,13,baseline,11174,190.Red_cockaded_Woodpecker/Red_Cockaded_Woodpecker_0029_794724.jpg,190,189,190.Red_cockaded_Woodpecker,28,27,gaussian_blur,gaussian_blur,0,"{""sigma"":1.539283}",2.9687743,2.7667303,-0.20204401,0.05136624,0.062867232,0.34057882,0.049585983,-0.28921258,0.013281249,0.30249383,0.56354606,1.2208839,116.06468,141.7015,False,0.82153654,False,False,False,0.56354606,1.2208839,116.06468,141.7015,0.55790308,1.2336988,113.66048,140.22279,0.78492786,0.86879473,23.501221,20.417737,0.72387067,1.2114311,33.182761,40.19863,0.53209542,1.5963875,46.042016,73.500899,0.5838947,1.1478611,63.352705,72.720105,0.47665875,1.2088344,50.14512,60.617145,0.58156039,1.0777186,56.299579,60.675101
0b_baseline_best,file,13,baseline,11174,190.Red_cockaded_Woodpecker/Red_Cockaded_Woodpecker_0029_794724.jpg,190,189,190.Red_cockaded_Woodpecker,28,27,random_erasing,random_erasing,0,"{""area_fraction"":0.191985,""erased"":true,""height"":0.631527,""left"":0.317307,""top"":0.228515,""width"":0.304001}",2.9687743,3.9497516,0.9809773,0.05136624,0.019259484,0.34057882,0.030430127,-0.28921258,-0.011170642,0.27804194,0.64040695,1.1808556,116.06468,137.05563,False,0.85863429,False,False,False,0.64040695,1.1808556,116.06468,137.05563,0.63616649,1.1902241,113.66048,135.28144,0.78469628,0.9353253,23.501221,21.981286,0.60175492,0.88603488,33.182761,29.401084,0.7261799,1.321718,46.042016,60.854562,0.73740136,1.2124067,63.352705,76.809241,0.49576562,1.2653851,50.14512,63.452889,0.57409097,1.0960018,56.299579,61.704442
0b_baseline_best,file,13,baseline,1877,034.Gray_crowned_Rosy_Finch/Gray_Crowned_Rosy_Finch_0074_27156.jpg,34,33,034.Gray_crowned_Rosy_Finch,120,119,identity,identity,0,{},0.001106127,0.001106127,0,0.99889451,0.99889451,0.00050359993,0.00050359993,0.99839091,0.99839091,0,1,1,0.21464223,0.21464223,False,1,True,True,True,1,1,0.21464223,0.21464223,1,1,0.21096677,0.21096677,1,1,0.039551334,0.039551334,1,1,0.041863938,0.041863938,1,1,0.093291291,0.093291291,1,1,0.12338033,0.12338033,1,1,0.096703208,0.096703208,1,1,0.097349416,0.097349416
0b_baseline_best,file,13,baseline,1877,034.Gray_crowned_Rosy_Finch/Gray_Crowned_Rosy_Finch_0074_27156.jpg,34,33,034.Gray_crowned_Rosy_Finch,120,119,horizontal_flip,horizontal_flip,0,"{""flipped"":true}",0.001106127,0.0024733925,0.0013672655,0.99889451,0.99752969,0.00050359993,0.0015486964,0.99839091,0.99598099,-0.0024099236,0.71874159,2.1641959,0.21464223,0.46452783,False,0.97120768,True,True,True,0.71874159,2.1641959,0.21464223,0.46452783,0.70926526,2.153502,0.21096677,0.45431737,0.96154814,2.448966,0.039551334,0.096859869,0.6337273,2.1011812,0.041863938,0.087963718,0.68923175,2.1007565,0.093291291,0.19598229,0.72087898,2.0930008,0.12338033,0.25823512,0.68923893,2.2782958,0.096703208,0.22031851,0.74509187,2.1798527,0.097349416,0.21220738
0b_baseline_best,file,13,baseline,1877,034.Gray_crowned_Rosy_Finch/Gray_Crowned_Rosy_Finch_0074_27156.jpg,34,33,034.Gray_crowned_Rosy_Finch,120,119,color_jitter,color_jitter,0,"{""brightness"":0.972889,""contrast"":0.89855,""hue"":0.088717,""saturation"":1.07667}",0.001106127,0.099037856,0.097931729,0.99889451,0.90570843,0.00050359993,0.00090795301,0.99839091,0.90480048,-0.093590434,0.40742106,86.054014,0.21464223,18.470825,False,0.88341111,True,True,True,0.40742106,86.054014,0.21464223,18.470825,0.39720313,86.105391,0.21096677,18.165376,0.70344588,84.579165,0.039551334,3.3452188,0.39061319,76.066897,0.041863938,3.1844599,0.27347007,101.21311,0.093291291,9.4423013,0.47089631,87.35348,0.12338033,10.777701,0.36367894,82.608744,0.096703208,7.9885306,0.46464864,73.148123,0.097349416,7.1209271
0b_baseline_best,file,13,baseline,1877,034.Gray_crowned_Rosy_Finch/Gray_Crowned_Rosy_Finch_0074_27156.jpg,34,33,034.Gray_crowned_Rosy_Finch,120,119,rotation,rotation,0,"{""angle"":-10.600415}",0.001106127,0.020053618,0.018947491,0.99889451,0.98014611,0.00050359993,0.00098234089,0.99839091,0.97916377,-0.019227144,0.6404735,16.161461,0.21464223,3.468932,False,0.9392494,True,True,True,0.6404735,16.161461,0.21464223,3.468932,0.63358613,16.221045,0.21096677,3.4221015,0.86638059,14.363,0.039551334,0.56807579,0.43840968,16.962193,0.041863938,0.71010421,0.53657902,17.348786,0.093291291,1.6184906,0.68727726,15.336871,0.12338033,1.8922682,0.61090988,16.247236,0.096703208,1.5711599,0.7098736,16.364211,0.097349416,1.5930463
0b_baseline_best,file,13,baseline,1877,034.Gray_crowned_Rosy_Finch/Gray_Crowned_Rosy_Finch_0074_27156.jpg,34,33,034.Gray_crowned_Rosy_Finch,120,119,random_resized_crop,random_resized_crop,0,"{""area_fraction"":0.898268,""aspect"":1.050512,""fallback"":false,""height"":0.924703,""left"":0.002584,""top"":0.028716,""width"":0.971412}",0.001106127,0.004567191,0.003461064,0.99889451,0.99544322,0.00050359993,0.0025023241,0.99839091,0.9929409,-0.0054500119,0.83299232,4.2159086,0.21464223,0.90491202,False,0.97591329,True,True,True,0.83299232,4.2159086,0.21464223,0.90491202,0.8283219,4.2213091,0.21096677,0.89055596,0.97179561,4.0592454,0.039551334,0.16054857,0.79918594,4.4350153,0.041863938,0.18566721,0.81017023,3.9736796,0.093291291,0.3707097,0.84910957,4.3711844,0.12338033,0.53931816,0.79391625,4.3021167,0.096703208,0.41602849,0.85358542,4.0734223,0.097349416,0.39654528
0b_baseline_best,file,13,baseline,1877,034.Gray_crowned_Rosy_Finch/Gray_Crowned_Rosy_Finch_0074_27156.jpg,34,33,034.Gray_crowned_Rosy_Finch,120,119,gaussian_blur,gaussian_blur,0,"{""sigma"":1.788655}",0.001106127,4.319685,4.3185789,0.99889451,0.013304071,0.00050359993,0.0069362349,0.99839091,0.0063678357,-0.99202308,0.25561481,944.7641,0.21464223,202.78627,False,0.5881778,False,True,False,0.25561481,944.7641,0.21464223,202.78627,0.25075671,955.37712,0.21096677,201.55283,0.5248716,564.64032,0.039551334,22.332278,0.28644167,1127.6982,0.041863938,47.209886,0.27898623,1192.2599,0.093291291,111.22746,0.19049652,928.85964,0.12338033,114.60301,0.26280094,918.80565,0.096703208,88.851454,0.32699718,725.98099,0.097349416,70.673825
0b_baseline_best,file,13,baseline,1877,034.Gray_crowned_Rosy_Finch/Gray_Crowned_Rosy_Finch_0074_27156.jpg,34,33,034.Gray_crowned_Rosy_Finch,120,119,random_erasing,random_erasing,0,"{""area_fraction"":0.135059,""erased"":true,""height"":0.337935,""left"":0.300782,""top"":0.602033,""width"":0.399659}",0.001106127,0.071324177,0.07021805,0.99889451,0.93115997,0.00050359993,0.013269635,0.99839091,0.91789034,-0.080500574,0.76999172,49.130567,0.21464223,10.545494,False,0.94852388,True,True,True,0.76999172,49.130567,0.21464223,10.545494,0.76493132,49.191861,0.21096677,10.377848,0.92009801,47.353416,0.039551334,1.8728908,0.83563642,55.906784,0.041863938,2.3404781,0.72017246,48.330955,0.093291291,4.5088571,0.81254251,47.594574,0.12338033,5.8722341,0.73589283,49.243615,0.096703208,4.7620156,0.74842243,51.08552,0.097349416,4.9731455
0b_baseline_best,file,13,baseline,605,012.Yellow_headed_Blackbird/Yellow_Headed_Blackbird_0074_8452.jpg,12,11,012.Yellow_headed_Blackbird,10,9,identity,identity,0,{},0.23639224,0.23639224,0,0.78947097,0.78947097,0.032363016,0.032363016,0.75710795,0.75710795,0,1,1,28.81015,28.81015,False,1,True,True,True,1,1,28.81015,28.81015,1,1,28.282267,28.282267,1,1,5.489818,5.489818,1,1,8.8277296,8.8277296,1,1,13.875144,13.875144,1,1,14.921384,14.921384,1,1,12.129381,12.129381,1,1,12.636004,12.636004
0b_baseline_best,file,13,baseline,605,012.Yellow_headed_Blackbird/Yellow_Headed_Blackbird_0074_8452.jpg,12,11,012.Yellow_headed_Blackbird,10,9,horizontal_flip,horizontal_flip,0,"{""flipped"":true}",0.23639224,0.92597497,0.68958272,0.78947097,0.39614499,0.032363016,0.037175804,0.75710795,0.35896918,-0.39813877,0.62296582,2.5645331,28.81015,73.884583,False,0.96408999,True,True,True,0.62296582,2.5645331,28.81015,73.884583,0.60934025,2.5543337,28.282267,72.242347,0.95328919,2.8217914,5.489818,15.491121,0.52827893,1.8698366,8.8277296,16.506412,0.61246573,2.387461,13.875144,33.126365,0.62901874,2.536263,14.921384,37.844555,0.57263168,2.7772138,12.129381,33.685885,0.65713101,2.8337817,12.636004,35.807679
0b_baseline_best,file,13,baseline,605,012.Yellow_headed_Blackbird/Yellow_Headed_Blackbird_0074_8452.jpg,12,11,012.Yellow_headed_Blackbird,10,9,color_jitter,color_jitter,0,"{""brightness"":1.077875,""contrast"":1.390794,""hue"":0.045298,""saturation"":1.097854}",0.23639224,0.018564403,-0.21782784,0.78947097,0.98160684,0.032363016,0.0022618517,0.75710795,0.97934499,0.22223703,0.56678017,0.080994791,28.81015,2.3334721,False,0.94237649,True,True,True,0.56678017,0.080994791,28.81015,2.3334721,0.55025347,0.080238298,28.282267,2.269321,0.93432367,0.098981674,5.489818,0.54339137,0.27089898,0.048418614,8.8277296,0.42742643,0.41232031,0.057038151,13.875144,0.79141255,0.54042633,0.076007785,14.921384,1.1341414,0.59452854,0.094119335,12.129381,1.1416093,0.74084318,0.10472812,12.636004,1.323345
0b_baseline_best,file,13,baseline,605,012.Yellow_headed_Blackbird/Yellow_Headed_Blackbird_0074_8452.jpg,12,11,012.Yellow_headed_Blackbird,10,9,rotation,rotation,0,"{""angle"":5.92086}",0.23639224,0.25233898,0.015946731,0.78947097,0.77698129,0.032363016,0.021318633,0.75710795,0.75566266,-0.0014452934,0.80341007,1.1335917,28.81015,32.658947,False,0.96572721,True,True,True,0.80341007,1.1335917,28.81015,32.658947,0.79762919,1.1332751,28.282267,32.05159,0.95569436,1.1419616,5.489818,6.2691612,0.75094937,1.0309709,8.8277296,9.1011323,0.79722908,1.0152072,13.875144,14.086146,0.82074368,1.1397552,14.921384,17.006726,0.777112,1.2069387,12.129381,14.63942,0.81630052,1.2324171,12.636004,15.572828
0b_baseline_best,file,13,baseline,605,012.Yellow_headed_Blackbird/Yellow_Headed_Blackbird_0074_8452.jpg,12,11,012.Yellow_headed_Blackbird,10,9,random_resized_crop,random_resized_crop,0,"{""area_fraction"":0.697006,""aspect"":0.768017,""fallback"":false,""height"":0.952649,""left"":0.144847,""top"":0.024399,""width"":0.73165}",0.23639224,0.47961587,0.24322362,0.78947097,0.61902112,0.032363016,0.028538462,0.75710795,0.59048266,-0.1666253,0.68178556,1.8821536,28.81015,54.225128,False,0.95584559,True,True,True,0.68178556,1.8821536,28.81015,54.225128,0.67114807,1.8764421,28.282267,53.070037,0.94500355,2.0278709,5.489818,11.132642,0.35840052,1.8376306,8.8277296,16.222106,0.58721819,1.7465483,13.875144,24.233608,0.7529071,1.8694331,14.921384,27.89453,0.70963699,1.8789991,12.129381,22.791096,0.76225229,2.0461134,12.636004,25.854698
0b_baseline_best,file,13,baseline,605,012.Yellow_headed_Blackbird/Yellow_Headed_Blackbird_0074_8452.jpg,12,11,012.Yellow_headed_Blackbird,10,9,gaussian_blur,gaussian_blur,0,"{""sigma"":1.735111}",0.23639224,0.81089377,0.57450153,0.78947097,0.44446066,0.032363016,0.0099833412,0.75710795,0.43447732,-0.32263064,0.64013667,3.7068499,28.81015,106.7949,False,0.91408473,True,True,True,0.64013667,3.7068499,28.81015,106.7949,0.63361,3.7288681,28.282267,105.46084,0.86282471,3.0652034,5.489818,16.827409,0.52864884,3.9938967,8.8277296,35.25704,0.68014228,3.8514371,13.875144,53.439243,0.65288125,3.8639251,14.921384,57.655112,0.61633354,3.7526981,12.129381,45.517905,0.6259446,3.192338,12.636004,40.338397
0b_baseline_best,file,13,baseline,605,012.Yellow_headed_Blackbird/Yellow_Headed_Blackbird_0074_8452.jpg,12,11,012.Yellow_headed_Blackbird,10,9,random_erasing,random_erasing,0,"{""area_fraction"":0.15166,""erased"":true,""height"":0.510526,""left"":0.190906,""top"":0.103115,""width"":0.297067}",0.23639224,0.1430873,-0.093304947,0.78947097,0.86667842,0.032363016,0.026113555,0.75710795,0.84056486,0.083456907,0.92681492,0.60730344,28.81015,17.496503,False,0.98671877,True,True,True,0.92681492,0.60730344,28.81015,17.496503,0.92460758,0.60653459,28.282267,17.154173,0.98396282,0.62736497,5.489818,3.4441195,0.89915177,0.53907969,8.8277296,4.7588497,0.94870295,0.58697381,13.875144,8.144346,0.94424957,0.59507483,14.921384,8.8793403,0.91413456,0.63154456,12.129381,7.6602446,0.89943789,0.65147552,12.636004,8.2320476
0b_baseline_best,file,13,baseline,5342,092.Nighthawk/Nighthawk_0073_83540.jpg,92,91,092.Nighthawk,194,193,identity,identity,0,{},0.019027447,0.019027447,0,0.98115242,0.98115242,0.015089534,0.015089534,0.96606288,0.96606288,0,1,1,3.429108,3.429108,False,1,True,True,True,1,1,3.429108,3.429108,1,1,3.338791,3.338791,1,1,0.78182876,0.78182876,1,1,0.53488913,0.53488913,1,1,1.3433242,1.3433242,1,1,1.7829433,1.7829433,1,1,1.6905138,1.6905138,1,1,1.7378651,1.7378651
0b_baseline_best,file,13,baseline,5342,092.Nighthawk/Nighthawk_0073_83540.jpg,92,91,092.Nighthawk,194,193,horizontal_flip,horizontal_flip,0,"{""flipped"":true}",0.019027447,0.0061545135,-0.012872934,0.98115242,0.99386436,0.015089534,0.0036548751,0.96606288,0.99020948,0.024146601,0.71692982,0.23924758,3.429108,0.8204058,False,0.97652632,True,True,True,0.71692982,0.23924758,3.429108,0.8204058,0.70114901,0.23517757,3.338791,0.78520875,0.96171541,0.304062,0.78182876,0.23772442,0.54824446,0.23914241,0.53488913,0.12791468,0.6941551,0.25442091,1.3433242,0.34176977,0.69623082,0.20879047,1.7829433,0.37226157,0.64239563,0.2244451,1.6905138,0.37942755,0.78041609,0.25787494,1.7378651,0.44815187
0b_baseline_best,file,13,baseline,5342,092.Nighthawk/Nighthawk_0073_83540.jpg,92,91,092.Nighthawk,194,193,color_jitter,color_jitter,0,"{""brightness"":0.830967,""contrast"":1.026568,""hue"":-0.076719,""saturation"":0.841806}",0.019027447,0.07856746,0.059540013,0.98115242,0.92443967,0.015089534,0.013836121,0.96606288,0.91060355,-0.055459334,0.36350261,4.0038613,3.429108,13.729673,False,0.93570966,True,True,True,0.36350261,4.0038613,3.429108,13.729673,0.34817776,4.0463851,3.338791,13.510034,0.73656974,3.1285554,0.78182876,2.4459946,0.46399665,3.8427308,0.53488913,2.0554349,0.2444495,4.7268288,1.3433242,6.3496637,0.16945821,3.8017191,1.7829433,6.7782496,0.36964387,4.1476284,1.6905138,7.011623,0.58711937,3.7675842,1.7378651,6.5475533
0b_baseline_best,file,13,baseline,5342,092.Nighthawk/Nighthawk_0073_83540.jpg,92,91,092.Nighthawk,194,193,rotation,rotation,0,"{""angle"":-11.499185}",0.019027447,0.094213419,0.075185971,0.98115242,0.91008854,0.015089534,0.0076804836,0.96606288,0.90240806,-0.063654826,0.24142649,5.1996549,3.429108,17.830178,False,0.92670524,True,True,True,0.24142649,5.1996549,3.429108,17.830178,0.22387592,5.2418365,3.338791,17.501397,0.63022259,4.3593682,0.78182876,3.4082794,0.25919171,6.1553501,0.53488913,3.2924298,0.028413467,5.9241756,1.3433242,7.9580886,0.042014909,4.7459467,1.7829433,8.4617538,0.27958438,5.3347838,1.6905138,9.0185256,0.48012335,5.1206613,1.7378651,8.8990188
0b_baseline_best,file,13,baseline,5342,092.Nighthawk/Nighthawk_0073_83540.jpg,92,91,092.Nighthawk,194,193,random_resized_crop,random_resized_crop,0,"{""area_fraction"":0.524453,""aspect"":0.953857,""fallback"":false,""height"":0.741501,""left"":0.230687,""top"":0.076168,""width"":0.707285}",0.019027447,0.023518998,0.0044915508,0.98115242,0.97675544,0.015089534,0.003705546,0.96606288,0.97304989,0.0069870132,0.3026113,1.4840518,3.429108,5.0889738,False,0.93693388,True,True,True,0.3026113,1.4840518,3.429108,5.0889738,0.28669162,1.502888,3.338791,5.0178288,0.72051765,1.0845948,0.78182876,0.84796739,0.3510388,1.7778368,0.53488913,0.9509456,0.25102707,1.8198338,1.3433242,2.4446269,0.10584493,1.5206603,1.7829433,2.7112511,0.28905568,1.4356061,1.6905138,2.426912,0.53799751,1.2940299,1.7378651,2.2488494
0b_baseline_best,file,13,baseline,5342,092.Nighthawk/Nighthawk_0073_83540.jpg,92,91,092.Nighthawk,194,193,gaussian_blur,gaussian_blur,0,"{""sigma"":1.134602}",0.019027447,0.066953219,0.047925772,0.98115242,0.93523896,0.015089534,0.024350006,0.96606288,0.91088895,-0.05517393,0.33216659,3.3677596,3.429108,11.548411,False,0.89147222,True,True,True,0.33216659,3.3677596,3.429108,11.548411,0.31076453,3.3923395,3.338791,11.326313,0.79564821,2.882964,0.78182876,2.2539842,0.26252308,5.7228292,0.53488913,3.0610791,0.076049226,3.8895797,1.3433242,5.2249666,0.13007396,3.1293674,1.7829433,5.5794847,0.38028292,3.3070367,1.6905138,5.5905912,0.62798298,3.1109623,1.7378651,5.406433
0b_baseline_best,file,13,baseline,5342,092.Nighthawk/Nighthawk_0073_83540.jpg,92,91,092.Nighthawk,194,193,random_erasing,random_erasing,0,"{""area_fraction"":0.062268,""erased"":true,""height"":0.199013,""left"":0.046389,""top"":0.510886,""width"":0.312884}",0.019027447,0.040002681,0.020975234,0.98115242,0.96078688,0.015089534,0.011781071,0.96606288,0.94900581,-0.017057073,0.56104647,1.5929126,3.429108,5.4622693,False,0.97844434,True,True,True,0.56104647,1.5929126,3.429108,5.4622693,0.54330979,1.5889048,3.338791,5.3050212,0.87042666,1.6643104,0.78182876,1.3012057,0.48072874,1.7962347,0.53488913,0.96078642,0.37152441,1.3694616,1.3433242,1.839631,0.41407964,1.4334519,1.7829433,2.5557634,0.58374648,1.7342004,1.6905138,2.9316897,0.71717894,1.698135,1.7378651,2.9511296
0b_baseline_best,file,13,baseline,4858,084.Red_legged_Kittiwake/Red_Legged_Kittiwake_0032_795399.jpg,84,83,084.Red_legged_Kittiwake,141,140,identity,identity,0,{},0.0048157657,0.0048157657,0,0.99519581,0.99519581,0.00075015507,0.00075015507,0.99444565,0.99444565,0,1,1,0.70718584,0.70718584,False,1,True,True,True,1,1,0.70718584,0.70718584,1,1,0.6912429,0.6912429,1,1,0.14931532,0.14931532,1,1,0.16690303,0.16690303,1,1,0.27958195,0.27958195,1,1,0.31479497,0.31479497,1,1,0.33708739,0.33708739,1,1,0.39883615,0.39883615
0b_baseline_best,file,13,baseline,4858,084.Red_legged_Kittiwake/Red_Legged_Kittiwake_0032_795399.jpg,84,83,084.Red_legged_Kittiwake,141,140,horizontal_flip,horizontal_flip,0,"{""flipped"":true}",0.0048157657,0.0062201479,0.0014043823,0.99519581,0.99379915,0.00075015507,0.0011233715,0.99444565,0.99267578,-0.0017698725,0.74344395,1.3389582,0.70718584,0.94689225,False,0.98007959,True,True,True,0.74344395,1.3389582,0.70718584,0.94689225,0.73324228,1.3421772,0.6912429,0.92777043,0.97602049,1.2680075,0.14931532,0.18933295,0.69400992,1.5037163,0.16690303,0.2509748,0.60970185,1.2909322,0.27958195,0.36092134,0.69947732,1.3598366,0.31479497,0.42806973,0.70875986,1.3293347,0.33708739,0.44810198,0.8398039,1.334923,0.39883615,0.53241556
0b_baseline_best,file,13,baseline,4858,084.Red_legged_Kittiwake/Red_Legged_Kittiwake_0032_795399.jpg,84,83,084.Red_legged_Kittiwake,141,140,color_jitter,color_jitter,0,"{""brightness"":1.195491,""contrast"":0.77937,""hue"":0.049782,""saturation"":0.866767}",0.0048157657,0.24696809,0.24215232,0.99519581,0.7811656,0.00075015507,0.0021969141,0.99444565,0.77896869,-0.21547697,0.65178498,61.72306,0.70718584,43.649674,False,0.91498148,True,True,True,0.65178498,61.72306,0.70718584,43.649674,0.64565676,62.178719,0.6912429,42.980598,0.82434161,50.988022,0.14931532,7.6132929,0.76537373,46.358451,0.16690303,7.7373658,0.53601489,74.042326,0.27958195,20.700898,0.6370992,66.301109,0.31479497,20.871256,0.64367115,63.155052,0.33708739,21.288772,0.72700848,54.363614,0.39883615,21.682174
0b_baseline_best,file,13,baseline,4858,084.Red_legged_Kittiwake/Red_Legged_Kittiwake_0032_795399.jpg,84,83,084.Red_legged_Kittiwake,141,140,rotation,rotation,0,"{""angle"":12.712716}",0.0048157657,0.012955894,0.0081401281,0.99519581,0.98712766,0.00075015507,0.000835802,0.99444565,0.98629186,-0.0081537912,0.78088242,2.9619007,0.70718584,2.0946142,False,0.96822608,True,True,True,0.78088242,2.9619007,0.70718584,2.0946142,0.77420849,2.9784821,0.6912429,2.0588546,0.95364687,2.5810584,0.14931532,0.38539157,0.80826093,2.7478786,0.16690303,0.45862925,0.74311935,3.100833,0.27958195,0.86693694,0.75592941,3.1734383,0.31479497,0.99898243,0.73610528,2.9708934,0.33708739,1.0014507,0.82928946,2.8323474,0.39883615,1.1296425
0b_baseline_best,file,13,baseline,4858,084.Red_legged_Kittiwake/Red_Legged_Kittiwake_0032_795399.jpg,84,83,084.Red_legged_Kittiwake,141,140,random_resized_crop,random_resized_crop,0,"{""area_fraction"":0.770285,""aspect"":1.14521,""fallback"":false,""height"":0.820131,""left"":0.003542,""top"":0.082429,""width"":0.939222}",0.0048157657,0.028427498,0.023611733,0.99519581,0.97197276,0.00075015507,0.00095835025,0.99444565,0.97101441,-0.023431238,0.73223304,6.7587994,0.70718584,4.7797272,False,0.95769894,True,True,True,0.73223304,6.7587994,0.70718584,4.7797272,0.72407481,6.7928183,0.6912429,4.6954874,0.93639585,5.9834091,0.14931532,0.89341466,0.40980496,5.1257866,0.16690303,0.8555093,0.72750986,7.7398396,0.27958195,2.1639195,0.74095978,6.9130577,0.31479497,2.1761958,0.70660777,6.9806185,0.33708739,2.3530785,0.77885801,6.3233332,0.39883615,2.5219738
0b_baseline_best,file,13,baseline,4858,084.Red_legged_Kittiwake/Red_Legged_Kittiwake_0032_795399.jpg,84,83,084.Red_legged_Kittiwake,141,140,gaussian_blur,gaussian_blur,0,"{""sigma"":1.626236}",0.0048157657,0.015503365,0.010687599,0.99519581,0.98461622,0.00075015507,0.0011697976,0.99444565,0.98344642,-0.010999229,0.64032972,4.059921,0.70718584,2.8711186,False,0.93595278,True,True,True,0.64032972,4.059921,0.70718584,2.8711186,0.63074113,4.0893199,0.6912429,2.8267134,0.90140078,3.3687415,0.14931532,0.50300473,0.71294894,5.398872,0.16690303,0.90108809,0.55183557,4.6531624,0.27958195,1.3009402,0.54118409,4.2164697,0.31479497,1.3273235,0.6293256,3.8237873,0.33708739,1.2889505,0.74183809,3.6010228,0.39883615,1.4362181
0b_baseline_best,file,13,baseline,4858,084.Red_legged_Kittiwake/Red_Legged_Kittiwake_0032_795399.jpg,84,83,084.Red_legged_Kittiwake,141,140,random_erasing,random_erasing,0,"{""area_fraction"":0.05822,""erased"":true,""height"":0.146856,""left"":0.060459,""top"":0.712671,""width"":0.396445}",0.0048157657,0.0073338575,0.0025180918,0.99519581,0.99269295,0.00075015507,0.0010393802,0.99444565,0.99165357,-0.0027920838,0.95024905,1.5543889,0.70718584,1.0992418,False,0.99595839,True,True,True,0.95024905,1.5543889,0.70718584,1.0992418,0.94830672,1.5573054,0.6912429,1.0764763,0.99461559,1.490512,0.14931532,0.22255629,0.97328464,1.5782771,0.16690303,0.26341923,0.93105221,1.6669172,0.27958195,0.46603995,0.92786253,1.539435,0.31479497,0.48460642,0.94278916,1.5545851,0.33708739,0.52403103,0.97183,1.5101462,0.39883615,0.6023009
0b_baseline_best,file,13,baseline,10803,184.Louisiana_Waterthrush/Louisiana_Waterthrush_0077_795247.jpg,184,183,184.Louisiana_Waterthrush,183,182,identity,identity,0,{},0.16057219,0.16057219,0,0.85165632,0.85165632,0.12013262,0.12013262,0.7315237,0.7315237,0,1,1,27.465413,27.465413,False,1,True,True,True,1,1,27.465413,27.465413,1,1,26.741873,26.741873,1,1,6.2626784,6.2626784,1,1,6.1976472,6.1976472,1,1,10.513395,10.513395,1,1,15.255147,15.255147,1,1,13.286538,13.286538,1,1,12.527325,12.527325
0b_baseline_best,file,13,baseline,10803,184.Louisiana_Waterthrush/Louisiana_Waterthrush_0077_795247.jpg,184,183,184.Louisiana_Waterthrush,183,182,horizontal_flip,horizontal_flip,0,"{""flipped"":true}",0.16057219,0.1526265,-0.0079456866,0.85165632,0.85845029,0.12013262,0.13110186,0.7315237,0.72734843,-0.0041752681,0.71087718,1.218847,27.465413,33.476136,False,0.97428042,True,True,True,0.71087718,1.218847,27.465413,33.476136,0.69778075,1.2235263,26.741873,32.719384,0.97153345,1.1301369,6.2626784,7.0776843,0.43243102,1.3162788,6.1976472,8.1578314,0.66210029,1.4046361,10.513395,14.767495,0.74873728,1.2210643,15.255147,18.627515,0.66821489,1.1975847,13.286538,15.911755,0.77222499,1.0879741,12.527325,13.629405
0b_baseline_best,file,13,baseline,10803,184.Louisiana_Waterthrush/Louisiana_Waterthrush_0077_795247.jpg,184,183,184.Louisiana_Waterthrush,183,182,color_jitter,color_jitter,0,"{""brightness"":0.78065,""contrast"":0.77429,""hue"":-0.024293,""saturation"":0.931744}",0.16057219,0.37781304,0.21724086,0.85165632,0.68535864,0.12013262,0.11787795,0.7315237,0.56748069,-0.16404301,0.60365784,1.7953422,27.465413,49.309816,False,0.94348538,True,True,True,0.60365784,1.7953422,27.465413,49.309816,0.58913404,1.7991158,26.741873,48.111725,0.88034291,1.7250919,6.2626784,10.803696,0.4089969,1.4756007,6.1976472,9.1452524,0.32562628,2.1673704,10.513395,22.786422,0.64673176,1.6834375,15.255147,25.681086,0.66165061,1.6995469,13.286538,22.581095,0.70229307,1.859193,12.527325,23.290714
0b_baseline_best,file,13,baseline,10803,184.Louisiana_Waterthrush/Louisiana_Waterthrush_0077_795247.jpg,184,183,184.Louisiana_Waterthrush,183,182,rotation,rotation,0,"{""angle"":-13.215343}",0.16057219,0.81702119,0.65644901,0.85165632,0.44174558,0.12013262,0.038248908,0.7315237,0.40349667,-0.32802703,0.34136071,3.2290321,27.465413,88.6867,False,0.93235356,True,True,True,0.34136071,3.2290321,27.465413,88.6867,0.3243479,3.2617433,26.741873,87.225126,0.74617166,2.5603407,6.2626784,16.034591,0.17642166,3.0983553,6.1976472,19.202513,0.10868688,3.9596148,10.513395,41.628996,0.36899572,2.9390364,15.255147,44.835431,0.38758775,3.0714149,13.286538,40.80847,0.4206094,3.4157161,12.527325,42.789784
0b_baseline_best,file,13,baseline,10803,184.Louisiana_Waterthrush/Louisiana_Waterthrush_0077_795247.jpg,184,183,184.Louisiana_Waterthrush,183,182,random_resized_crop,random_resized_crop,0,"{""area_fraction"":0.74538,""aspect"":0.765832,""fallback"":false,""height"":0.986557,""left"":0.056128,""top"":0.010781,""width"":0.755537}",0.16057219,0.6684159,0.50784372,0.85165632,0.51251984,0.12013262,0.049209785,0.7315237,0.46331005,-0.26821365,0.4428474,3.0611305,27.465413,84.075214,False,0.93921661,True,True,True,0.4428474,3.0611305,27.465413,84.075214,0.42874153,3.0893666,26.741873,82.61545,0.77172012,2.4907883,6.2626784,15.599006,0.33687099,2.6250926,6.1976472,16.269398,0.35020634,3.373464,10.513395,35.466561,0.39284546,2.9077911,15.255147,44.35878,0.45139532,3.1213968,13.286538,41.472557,0.53252021,3.20802,12.527325,40.187907
0b_baseline_best,file,13,baseline,10803,184.Louisiana_Waterthrush/Louisiana_Waterthrush_0077_795247.jpg,184,183,184.Louisiana_Waterthrush,183,182,gaussian_blur,gaussian_blur,0,"{""sigma"":1.020971}",0.16057219,0.31755462,0.15698244,0.85165632,0.72792691,0.12013262,0.046934184,0.7315237,0.68099273,-0.050530974,0.33717231,1.7614932,27.465413,48.380138,False,0.96289831,True,True,True,0.33717231,1.7614932,27.465413,48.380138,0.31628095,1.7777135,26.741873,47.539389,0.81689712,1.4339253,6.2626784,8.9802131,-0.029251943,1.7457682,6.1976472,10.819655,0.087000084,2.277121,10.513395,23.940273,0.29736312,1.6070347,15.255147,24.515551,0.41016686,1.6828743,13.286538,22.359573,0.5496327,1.7284187,12.527325,21.652462
0b_baseline_best,file,13,baseline,10803,184.Louisiana_Waterthrush/Louisiana_Waterthrush_0077_795247.jpg,184,183,184.Louisiana_Waterthrush,183,182,random_erasing,random_erasing,0,"{""area_fraction"":0.084304,""erased"":true,""height"":0.184746,""left"":0.078936,""top"":0.214102,""width"":0.456326}",0.16057219,0.1200797,-0.040492482,0.85165632,0.88684976,0.12013262,0.075097516,0.7315237,0.81175224,0.080228545,0.88037805,0.6658065,27.465413,18.28665,False,0.97886527,True,True,True,0.88037805,0.6658065,27.465413,18.28665,0.87547973,0.66707014,26.741873,17.838705,0.97372723,0.64233046,6.2626784,4.0227092,0.89392961,0.63522179,6.1976472,3.9368806,0.82445628,0.62954898,10.513395,6.6186974,0.89691763,0.6632114,15.255147,10.117387,0.87311823,0.67777582,13.286538,9.0052943,0.87813324,0.6934092,12.527325,8.6865621
0b_baseline_best,file,13,baseline,5691,098.Scott_Oriole/Scott_Oriole_0003_92247.jpg,98,97,098.Scott_Oriole,55,54,identity,identity,0,{},0.20845112,0.20845112,0,0.81184071,0.81184071,0.016855748,0.016855748,0.79498496,0.79498496,0,1,1,30.082942,30.082942,False,1,True,True,True,1,1,30.082942,30.082942,1,1,29.72702,29.72702,1,1,4.6138564,4.6138564,1,1,8.808703,8.808703,1,1,13.733561,13.733561,1,1,14.501826,14.501826,1,1,14.596318,14.596318,1,1,13.933281,13.933281
0b_baseline_best,file,13,baseline,5691,098.Scott_Oriole/Scott_Oriole_0003_92247.jpg,98,97,098.Scott_Oriole,55,54,horizontal_flip,horizontal_flip,0,"{""flipped"":true}",0.20845112,0.08288981,-0.12556131,0.81184071,0.92045259,0.016855748,0.0071680984,0.79498496,0.9132845,0.11829953,0.62633266,0.42619894,30.082942,12.821318,False,0.96532249,True,True,True,0.62633266,0.42619894,30.082942,12.821318,0.61725233,0.42455467,29.72702,12.620745,0.95939529,0.48960743,4.6138564,2.2589784,0.67950515,0.44995296,8.808703,3.963502,0.61492008,0.37265003,13.733561,5.1178119,0.57710432,0.41257928,14.501826,5.983153,0.54285214,0.42714509,14.596318,6.2347457,0.71557087,0.46905091,13.933281,6.5354179
0b_baseline_best,file,13,baseline,5691,098.Scott_Oriole/Scott_Oriole_0003_92247.jpg,98,97,098.Scott_Oriole,55,54,color_jitter,color_jitter,0,"{""brightness"":0.730415,""contrast"":0.722274,""hue"":0.037556,""saturation"":0.755163}",0.20845112,1.5776823,1.3692311,0.81184071,0.20645306,0.016855748,0.049984023,0.79498496,0.15646903,-0.63851593,0.72036899,4.124031,30.082942,124.06299,False,0.91387177,True,True,True,0.72036899,4.124031,30.082942,124.06299,0.71609522,4.1287093,29.72702,122.73423,0.90789711,3.9249058,4.6138564,18.108951,0.70781242,4.9396992,8.808703,43.512343,0.72179838,4.3951012,13.733561,60.36039,0.70997474,4.2987851,14.501826,62.340234,0.71418978,3.7069691,14.596318,54.108101,0.74014218,3.7382759,13.933281,52.086448
0b_baseline_best,file,13,baseline,5691,098.Scott_Oriole/Scott_Oriole_0003_92247.jpg,98,97,098.Scott_Oriole,55,54,rotation,rotation,0,"{""angle"":1.071774}",0.20845112,0.1108994,-0.097551718,0.81184071,0.89502877,0.016855748,0.005312629,0.79498496,0.88971614,0.094731176,0.89919082,0.60825469,30.082942,18.298091,False,0.98475212,True,True,True,0.89919082,0.60825469,30.082942,18.298091,0.89727866,0.60851797,29.72702,18.089426,0.9802238,0.59722324,4.6138564,2.7555022,0.90958929,0.6648023,8.808703,5.856046,0.91649627,0.62855933,13.733561,8.6323579,0.87016396,0.60443003,14.501826,8.7653392,0.88436957,0.58831498,14.596318,8.5872327,0.91904709,0.59115943,13.933281,8.2367902
0b_baseline_best,file,13,baseline,5691,098.Scott_Oriole/Scott_Oriole_0003_92247.jpg,98,97,098.Scott_Oriole,55,54,random_resized_crop,random_resized_crop,0,"{""area_fraction"":0.511947,""aspect"":0.781663,""fallback"":false,""height"":0.809287,""left"":0.211085,""top"":0.158099,""width"":0.63259}",0.20845112,0.065454796,-0.14299633,0.81184071,0.9366414,0.016855748,0.00094345061,0.79498496,0.93569794,0.14071298,0.56640547,0.43140438,30.082942,12.977913,False,0.91861939,True,True,True,0.56640547,0.43140438,30.082942,12.977913,0.55784965,0.43090051,29.72702,12.809388,0.90574774,0.45182571,4.6138564,2.0846589,0.60403719,0.49257225,8.808703,4.3389226,0.58976345,0.41594758,13.733561,5.7124415,0.5046646,0.46112409,14.501826,6.6871414,0.48956015,0.42736186,14.596318,6.2379098,0.66047278,0.3864486,13.933281,5.3844968
0b_baseline_best,file,13,baseline,5691,098.Scott_Oriole/Scott_Oriole_0003_92247.jpg,98,97,098.Scott_Oriole,55,54,gaussian_blur,gaussian_blur,0,"{""sigma"":1.505872}",0.20845112,0.030832924,-0.1776182,0.81184071,0.96963757,0.016855748,0.00040384883,0.79498496,0.96923372,0.17424876,0.40493604,0.21170253,30.082942,6.368635,False,0.89289892,True,True,True,0.40493604,0.21170253,30.082942,6.368635,0.39381599,0.21180505,29.72702,6.296333,0.87643952,0.20740218,4.6138564,0.95692385,0.052875509,0.20011332,8.808703,1.7627388,0.22853535,0.21463854,13.733561,2.9477514,0.38434376,0.23859586,14.501826,3.4600757,0.49604313,0.21241761,14.596318,3.1005151,0.62821697,0.17959876,13.933281,2.5023999
0b_baseline_best,file,13,baseline,5691,098.Scott_Oriole/Scott_Oriole_0003_92247.jpg,98,97,098.Scott_Oriole,55,54,random_erasing,random_erasing,0,"{""area_fraction"":0.121425,""erased"":true,""height"":0.286358,""left"":0.118681,""top"":0.201858,""width"":0.424031}",0.20845112,0.76482385,0.55637273,0.81184071,0.46541592,0.016855748,0.0070204763,0.79498496,0.45839545,-0.33658952,0.74114658,2.469122,30.082942,74.278454,False,0.90032518,True,True,True,0.74114658,2.469122,30.082942,74.278454,0.73722958,2.4646193,29.72702,73.265788,0.89430151,2.6492946,4.6138564,12.223465,0.88440625,2.0609604,8.808703,18.154388,0.79202489,2.3171561,13.733561,31.822805,0.72234479,2.5421469,14.501826,36.865772,0.68515084,2.4141416,14.596318,35.237579,0.72158221,2.7091202,13.933281,37.746932
0b_baseline_best,file,13,baseline,11484,195.Carolina_Wren/Carolina_Wren_0033_186848.jpg,195,194,195.Carolina_Wren,181,180,identity,identity,0,{},0.00055345474,0.00055345474,0,0.99944669,0.99944669,0.00015606364,0.00015606364,0.99929063,0.99929063,0,1,1,0.10779211,0.10779211,False,1,True,True,True,1,1,0.10779211,0.10779211,1,1,0.10576721,0.10576721,1,1,0.020795104,0.020795104,1,1,0.024005294,0.024005294,1,1,0.052914212,0.052914212,1,1,0.060065949,0.060065949,1,1,0.045140724,0.045140724,1,1,0.046528833,0.046528833
0b_baseline_best,file,13,baseline,11484,195.Carolina_Wren/Carolina_Wren_0033_186848.jpg,195,194,195.Carolina_Wren,181,180,horizontal_flip,horizontal_flip,0,"{""flipped"":true}",0.00055345474,0.0049206349,0.0043671802,0.99944669,0.99509144,0.00015606364,0.00075774465,0.99929063,0.99433369,-0.0049569328,0.74587884,9.9083022,0.10779211,1.0680368,False,0.96988505,True,True,True,0.74587884,9.9083022,0.10779211,1.0680368,0.74014046,9.9810414,0.10576721,1.0556669,0.95822184,7.7941518,0.020795104,0.1620802,0.58077603,9.8101092,0.024005294,0.23549455,0.75805101,10.564007,0.052914212,0.5589861,0.78832069,10.540048,0.060065949,0.633098,0.67249534,9.7354444,0.045140724,0.43946501,0.74922687,8.3947569,0.046528833,0.39059824
0b_baseline_best,file,13,baseline,11484,195.Carolina_Wren/Carolina_Wren_0033_186848.jpg,195,194,195.Carolina_Wren,181,180,color_jitter,color_jitter,0,"{""brightness"":1.028562,""contrast"":1.160893,""hue"":-0.065388,""saturation"":0.68143}",0.00055345474,0.0056288075,0.0050753527,0.99944669,0.99438703,0.00015606364,0.00027252189,0.99929063,0.99411451,-0.0051761177,0.59194691,11.22771,0.10779211,1.2102586,False,0.93201953,True,True,True,0.59194691,11.22771,0.10779211,1.2102586,0.58284935,11.287004,0.10576721,1.193795,0.87745463,9.5669622,0.020795104,0.19894597,0.31591686,10.565745,0.024005294,0.25363381,0.46826442,10.307698,0.052914212,0.54542373,0.58506881,11.278133,0.060065949,0.67743177,0.61630252,12.324316,0.045140724,0.55632853,0.74684213,11.67147,0.046528833,0.5430599
0b_baseline_best,file,13,baseline,11484,195.Carolina_Wren/Carolina_Wren_0033_186848.jpg,195,194,195.Carolina_Wren,181,180,rotation,rotation,0,"{""angle"":5.067808}",0.00055345474,0.00046838279,-8.5071952e-05,0.99944669,0.99953175,0.00015606364,0.00011755199,0.99929063,0.99941419,0.00012356749,0.84769331,0.83823351,0.10779211,0.090354962,False,0.97813284,True,True,True,0.84769331,0.83823351,0.10779211,0.090354962,0.84285514,0.83883056,0.10576721,0.088720771,0.97547084,0.82263792,0.020795104,0.017106841,0.88465363,0.70057801,0.024005294,0.016817581,0.80540546,0.83398272,0.052914212,0.044129539,0.85688741,0.85851025,0.060065949,0.051567233,0.82702264,0.85580425,0.045140724,0.038631624,0.87703437,0.8294779,0.046528833,0.038594639
0b_baseline_best,file,13,baseline,11484,195.Carolina_Wren/Carolina_Wren_0033_186848.jpg,195,194,195.Carolina_Wren,181,180,random_resized_crop,random_resized_crop,0,"{""area_fraction"":0.742408,""aspect"":0.858846,""fallback"":false,""height"":0.929745,""left"":0.05451,""top"":0.003065,""width"":0.798508}",0.00055345474,0.00052021322,-3.3241522e-05,0.99944669,0.99947995,0.00015606364,0.00013183651,0.99929063,0.99934811,5.7486526e-05,0.79800498,1.0759577,0.10779211,0.11597976,False,0.9734509,True,True,True,0.79800498,1.0759577,0.10779211,0.11597976,0.79279931,1.0817939,0.10576721,0.11441832,0.96900058,0.91209518,0.020795104,0.018967114,0.71039514,1.0287923,0.024005294,0.024696462,0.76722936,1.0644461,0.052914212,0.056324327,0.81274287,1.101665,0.060065949,0.066172553,0.78055641,1.1344829,0.045140724,0.05121138,0.82837502,1.0324678,0.046528833,0.048039522
0b_baseline_best,file,13,baseline,11484,195.Carolina_Wren/Carolina_Wren_0033_186848.jpg,195,194,195.Carolina_Wren,181,180,gaussian_blur,gaussian_blur,0,"{""sigma"":1.851218}",0.00055345474,0.97697854,0.97642509,0.99944669,0.37644681,0.00015606364,0.13582665,0.99929063,0.24062017,-0.75867046,0.54160909,1115.5371,0.10779211,120.2461,False,0.77778053,True,True,True,0.54160909,1115.5371,0.10779211,120.2461,0.53521766,1122.8915,0.10576721,118.7651,0.7591127,904.74411,0.020795104,18.814248,0.35088695,1072.5232,0.024005294,25.746234,0.60332292,1137.5349,0.052914212,60.191762,0.60427309,1052.3645,0.060065949,63.211274,0.44230211,1290.3256,0.045140724,58.246232,0.49143684,1059.657,0.046528833,49.304604
0b_baseline_best,file,13,baseline,11484,195.Carolina_Wren/Carolina_Wren_0033_186848.jpg,195,194,195.Carolina_Wren,181,180,random_erasing,random_erasing,0,"{""area_fraction"":0.064713,""erased"":true,""height"":0.199651,""left"":0.103511,""top"":0.024797,""width"":0.324128}",0.00055345474,0.00069665478,0.00014320004,0.99944669,0.99930358,0.00015606364,0.00018981524,0.99929063,0.99911376,-0.00017686235,0.96106359,1.2317928,0.10779211,0.13277755,False,0.99344617,True,True,True,0.96106359,1.2317928,0.10779211,0.13277755,0.95985333,1.2323256,0.10576721,0.13033964,0.99280566,1.2179291,0.020795104,0.025326961,0.95919853,1.1560333,0.024005294,0.027750918,0.97468438,1.2862033,0.052914212,0.068058437,0.964687,1.2224153,0.060065949,0.073425538,0.93835389,1.2083084,0.045140724,0.054543916,0.95373538,1.2195691,0.046528833,0.056745127
0b_baseline_best,file,13,baseline,1299,024.Red_faced_Cormorant/Red_Faced_Cormorant_0050_796276.jpg,24,23,024.Red_faced_Cormorant,5,4,identity,identity,0,{},0.0017977281,0.0017977281,0,0.99820387,0.99820387,0.0017497557,0.0017497557,0.99645412,0.99645412,0,1,1,0.40843881,0.40843881,False,0.99999988,True,True,True,1,1,0.40843881,0.40843881,1,1,0.39700326,0.39700326,1,1,0.095972224,0.095972224,1,1,0.10280924,0.10280924,1,1,0.18203987,0.18203987,1,1,0.18026573,0.18026573,1,1,0.19608986,0.19608986,1,1,0.20725919,0.20725919
0b_baseline_best,file,13,baseline,1299,024.Red_faced_Cormorant/Red_Faced_Cormorant_0050_796276.jpg,24,23,024.Red_faced_Cormorant,5,4,horizontal_flip,horizontal_flip,0,"{""flipped"":true}",0.0017977281,0.00069248537,-0.0011052428,0.99820387,0.99930775,0.0017497557,0.00068527629,0.99645412,0.99862248,0.0021683574,0.74942213,0.40099683,0.40843881,0.16378267,False,0.98666501,True,True,True,0.74942213,0.40099683,0.40843881,0.16378267,0.73486162,0.39975289,0.39700326,0.1587032,0.98661372,0.42171461,0.095972224,0.040472889,0.53991815,0.35831787,0.10280924,0.036838388,0.74255477,0.38156172,0.18203987,0.069459448,0.70844434,0.42062878,0.18026573,0.075824952,0.68999355,0.39902712,0.19608986,0.078245171,0.83384601,0.40750345,0.20725919,0.084458835
0b_baseline_best,file,13,baseline,1299,024.Red_faced_Cormorant/Red_Faced_Cormorant_0050_796276.jpg,24,23,024.Red_faced_Cormorant,5,4,color_jitter,color_jitter,0,"{""brightness"":0.837954,""contrast"":1.121685,""hue"":0.070191,""saturation"":1.219592}",0.0017977281,0.00094083382,-0.0008568943,0.99820387,0.99905962,0.0017497557,0.00075592264,0.99645412,0.99830369,0.0018495769,0.79861896,0.39094872,0.40843881,0.15967863,False,0.96961939,True,True,True,0.79861896,0.39094872,0.40843881,0.15967863,0.78808263,0.38712688,0.39700326,0.15369064,0.96208119,0.45136017,0.095972224,0.04331804,0.77617921,0.36699967,0.10280924,0.037730957,0.78661663,0.34269792,0.18203987,0.062384686,0.76048211,0.35057068,0.18026573,0.063195879,0.76399504,0.3806036,0.19608986,0.074632506,0.84100673,0.45110937,0.20725919,0.093496563
0b_baseline_best,file,13,baseline,1299,024.Red_faced_Cormorant/Red_Faced_Cormorant_0050_796276.jpg,24,23,024.Red_faced_Cormorant,5,4,rotation,rotation,0,"{""angle"":-14.41069}",0.0017977281,0.0013969911,-0.00040073704,0.99820387,0.998604,0.0017497557,0.0012538953,0.99645412,0.9973501,0.00089598633,0.71740417,0.66981955,0.40843881,0.2735803,False,0.96508813,True,True,True,0.71740417,0.66981955,0.40843881,0.2735803,0.70263751,0.66886611,0.39700326,0.26554203,0.9640181,0.68592935,0.095972224,0.065830165,0.60722716,0.76591156,0.10280924,0.078742786,0.69056951,0.63976681,0.18203987,0.11646307,0.63317851,0.70519272,0.18026573,0.12712208,0.69303283,0.63134884,0.19608986,0.1238011,0.80592696,0.6696289,0.20725919,0.13878674
0b_baseline_best,file,13,baseline,1299,024.Red_faced_Cormorant/Red_Faced_Cormorant_0050_796276.jpg,24,23,024.Red_faced_Cormorant,5,4,random_resized_crop,random_resized_crop,0,"{""area_fraction"":0.698534,""aspect"":0.855228,""fallback"":false,""height"":0.903759,""left"":0.199,""top"":0.065217,""width"":0.772921}",0.0017977281,0.00035720645,-0.0014405217,0.99820387,0.99964285,0.0017497557,0.00032138126,0.99645412,0.99932147,0.0028673498,0.74959105,0.17898063,0.40843881,0.073102635,False,0.98575342,True,True,True,0.74959105,0.17898063,0.40843881,0.073102635,0.73463249,0.17787666,0.39700326,0.070617613,0.98445434,0.19691488,0.095972224,0.018898359,0.50875811,0.19188763,0.10280924,0.019727821,0.67460573,0.14477781,0.18203987,0.026355334,0.69939424,0.18597557,0.18026573,0.033525022,0.74316987,0.17083972,0.19608986,0.033499936,0.85565456,0.19639583,0.20725919,0.040704839
0b_baseline_best,file,13,baseline,1299,024.Red_faced_Cormorant/Red_Faced_Cormorant_0050_796276.jpg,24,23,024.Red_faced_Cormorant,5,4,gaussian_blur,gaussian_blur,0,"{""sigma"":1.08898}",0.0017977281,0.0026016932,0.00080396503,0.99820387,0.99740171,0.0017497557,0.0024974188,0.99645412,0.9949043,-0.0015498224,0.81143,1.3535935,0.40843881,0.5528601,False,0.99118185,True,True,True,0.81143,1.3535935,0.40843881,0.5528601,0.80070353,1.3519091,0.39700326,0.53671231,0.99115715,1.3820989,0.095972224,0.1326431,0.52425906,1.0847564,0.10280924,0.11152298,0.73368059,1.1983125,0.18203987,0.21814065,0.76564156,1.3906679,0.18026573,0.25068976,0.82064411,1.3740104,0.19608986,0.26942951,0.91183664,1.4682201,0.20725919,0.3043021
0b_baseline_best,file,13,baseline,1299,024.Red_faced_Cormorant/Red_Faced_Cormorant_0050_796276.jpg,24,23,024.Red_faced_Cormorant,5,4,random_erasing,random_erasing,0,"{""area_fraction"":0.190004,""erased"":true,""height"":0.565373,""left"":0.619556,""top"":0.411361,""width"":0.336069}",0.0017977281,0.015707694,0.013909966,0.99820387,0.98441505,0.0017497557,0.014979411,0.99645412,0.96943564,-0.027018475,0.86765676,7.8877341,0.40843881,3.2216567,False,0.9704656,True,True,True,0.86765676,7.8877341,0.40843881,3.2216567,0.86212569,7.914463,0.39700326,3.1420676,0.97041807,7.4154389,0.095972224,0.71167616,0.68366264,5.9030391,0.10280924,0.60688696,0.85422863,7.2604951,0.18203987,1.3216996,0.87449853,8.4052184,0.18026573,1.5151728,0.89671363,8.4805436,0.19608986,1.6629486,0.86969318,7.9225601,0.20725919,1.6420234
0b_baseline_best,file,13,baseline,9021,154.Red_eyed_Vireo/Red_Eyed_Vireo_0038_156963.jpg,154,153,154.Red_eyed_Vireo,181,180,identity,identity,0,{},1.7857102,1.7857102,0,0.16767791,0.16767791,0.66158593,0.66158593,-0.49390802,-0.49390802,0,1,1,192.80945,192.80945,False,1,True,False,False,1,1,192.80945,192.80945,1,1,189.63346,189.63346,1,1,34.851612,34.851612,1,1,40.058856,40.058856,1,1,87.023266,87.023266,1,1,103.03938,103.03938,1,1,94.703537,94.703537,1,1,84.836398,84.836398
0b_baseline_best,file,13,baseline,9021,154.Red_eyed_Vireo/Red_Eyed_Vireo_0038_156963.jpg,154,153,154.Red_eyed_Vireo,181,180,horizontal_flip,horizontal_flip,0,"{""flipped"":true}",1.7857102,0.86766171,-0.9180485,0.16767791,0.41993231,0.66158593,0.48794648,-0.49390802,-0.068014175,0.42589384,0.6748598,0.74529328,192.80945,143.69959,False,0.96790969,True,False,False,0.6748598,0.74529328,192.80945,143.69959,0.66645379,0.74824689,189.63346,141.89265,0.9668004,0.65181191,34.851612,22.716696,0.74175057,0.8362945,40.058856,33.501001,0.58889548,0.82222052,87.023266,71.552315,0.65680368,0.7110984,103.03938,73.27114,0.66725015,0.74188767,94.703537,70.259386,0.76208639,0.70590951,84.836398,59.88682
0b_baseline_best,file,13,baseline,9021,154.Red_eyed_Vireo/Red_Eyed_Vireo_0038_156963.jpg,154,153,154.Red_eyed_Vireo,181,180,color_jitter,color_jitter,0,"{""brightness"":1.118374,""contrast"":1.060825,""hue"":-0.0171,""saturation"":1.26072}",1.7857102,3.1097255,1.3240153,0.16767791,0.044613205,0.66158593,0.82888871,-0.49390802,-0.78427551,-0.29036749,0.92561735,1.2131733,192.80945,233.91128,False,0.99071306,True,False,False,0.92561735,1.2131733,192.80945,233.91128,0.92352498,1.2140503,189.63346,230.22455,0.98920994,1.1869168,34.851612,41.365962,0.91308445,1.3362572,40.058856,53.528936,0.89839009,1.2361512,87.023266,107.57392,0.93049485,1.230023,103.03938,126.74081,0.93034953,1.191695,94.703537,112.85773,0.93707593,1.1648515,84.836398,98.821803
0b_baseline_best,file,13,baseline,9021,154.Red_eyed_Vireo/Red_Eyed_Vireo_0038_156963.jpg,154,153,154.Red_eyed_Vireo,181,180,rotation,rotation,0,"{""angle"":-8.253871}",1.7857102,3.8285828,2.0428725,0.16767791,0.021740409,0.66158593,0.82416517,-0.49390802,-0.80242476,-0.30851674,0.79905778,1.2024983,192.80945,231.85304,False,0.97653949,True,False,False,0.79905778,1.2024983,192.80945,231.85304,0.79321187,1.2032456,189.63346,228.17562,0.97566414,1.1801607,34.851612,41.130503,0.77003104,1.1224376,40.058856,44.963566,0.78914045,1.2980152,87.023266,112.95753,0.7657793,1.1301014,103.03938,116.44495,0.79101621,1.2062282,94.703537,114.23407,0.84795292,1.2178231,84.836398,103.31572
0b_baseline_best,file,13,baseline,9021,154.Red_eyed_Vireo/Red_Eyed_Vireo_0038_156963.jpg,154,153,154.Red_eyed_Vireo,181,180,random_resized_crop,random_resized_crop,0,"{""area_fraction"":0.755279,""aspect"":1.287379,""fallback"":false,""height"":0.76595,""left"":0.012874,""top"":0.037383,""width"":0.986068}",1.7857102,2.3517795,0.56606925,0.16767791,0.095199592,0.66158593,0.78315979,-0.49390802,-0.6879602,-0.19405218,0.78527881,1.1354227,192.80945,218.92022,False,0.96541774,True,False,False,0.78527881,1.1354227,192.80945,218.92022,0.77981873,1.138287,189.63346,215.8573,0.96367089,1.0470762,34.851612,36.492293,0.72821651,1.0125235,40.058856,40.560533,0.75937879,1.1538289,87.023266,100.40996,0.77261495,1.0941161,103.03938,112.73705,0.78633641,1.1932108,94.703537,113.00128,0.81657053,1.1421083,84.836398,96.892354
0b_baseline_best,file,13,baseline,9021,154.Red_eyed_Vireo/Red_Eyed_Vireo_0038_156963.jpg,154,153,154.Red_eyed_Vireo,181,180,gaussian_blur,gaussian_blur,0,"{""sigma"":1.140322}",1.7857102,5.7622576,3.9765474,0.16767791,0.0031440062,0.66158593,0.51999265,-0.49390802,-0.51684864,-0.022940625,0.6462781,1.0162449,192.80945,195.94163,False,0.95322144,True,False,False,0.6462781,1.0162449,192.80945,195.94163,0.636772,1.0123037,189.63346,191.96665,0.90271568,1.1267026,34.851612,39.267402,0.53561631,0.93921511,40.058856,37.623883,0.48844285,0.92294229,87.023266,80.317453,0.58765654,1.0353497,103.03938,106.68179,0.71077933,1.0311433,94.703537,97.652913,0.77772312,1.0587447,84.836398,89.820086
0b_baseline_best,file,13,baseline,9021,154.Red_eyed_Vireo/Red_Eyed_Vireo_0038_156963.jpg,154,153,154.Red_eyed_Vireo,181,180,random_erasing,random_erasing,0,"{""area_fraction"":0.058909,""erased"":true,""height"":0.266697,""left"":0.05416,""top"":0.070723,""width"":0.220884}",1.7857102,1.6667426,-0.11896765,0.16767791,0.18886128,0.66158593,0.70153379,-0.49390802,-0.51267251,-0.018764496,0.93788874,1.0061759,192.80945,194.00022,False,0.99556166,True,False,False,0.93788874,1.0061759,192.80945,194.00022,0.93617094,1.0078408,189.63346,191.12035,0.99281744,0.95557006,34.851612,33.303157,0.9523676,1.0090434,40.058856,40.421126,0.93918026,1.0640686,87.023266,92.598727,0.93337275,1.003724,103.03938,103.42311,0.92187405,0.97426272,94.703537,92.266125,0.95306194,0.99386798,84.836398,84.316179
0b_baseline_best,file,13,baseline,11412,194.Cactus_Wren/Cactus_Wren_0069_186033.jpg,194,193,194.Cactus_Wren,198,197,identity,identity,0,{},0.62077063,0.62077063,0,0.53753006,0.53753006,0.17502135,0.17502135,0.36250871,0.36250871,0,1,1,89.238285,89.238285,False,0.99999988,True,True,True,1,1,89.238285,89.238285,1,1,87.970959,87.970959,1,1,14.986059,14.986059,1,1,18.677061,18.677061,1,1,40.684662,40.684662,1,1,53.683148,53.683148,1,1,40.259376,40.259376,1,1,35.101531,35.101531
0b_baseline_best,file,13,baseline,11412,194.Cactus_Wren/Cactus_Wren_0069_186033.jpg,194,193,194.Cactus_Wren,198,197,horizontal_flip,horizontal_flip,0,"{""flipped"":true}",0.62077063,1.6042215,0.98345083,0.53753006,0.20104602,0.17502135,0.064793848,0.36250871,0.13625217,-0.22625654,0.67678949,1.5366365,89.238285,137.1268,False,0.93887854,True,True,True,0.67678949,1.5366365,89.238285,137.1268,0.67129366,1.5417441,87.970959,135.6287,0.89915304,1.3488698,14.986059,20.214241,0.65056581,1.3872525,18.677061,25.909799,0.62149193,1.6587583,40.684662,67.48602,0.69920493,1.4155751,53.683148,75.992525,0.67533561,1.6029464,40.259376,64.533623,0.69237906,1.6191087,35.101531,56.833195
0b_baseline_best,file,13,baseline,11412,194.Cactus_Wren/Cactus_Wren_0069_186033.jpg,194,193,194.Cactus_Wren,198,197,color_jitter,color_jitter,0,"{""brightness"":0.849269,""contrast"":1.250635,""hue"":0.065662,""saturation"":1.387006}",0.62077063,0.28122848,-0.33954215,0.53753006,0.75485581,0.17502135,0.014322449,0.36250871,0.74053336,0.37802465,0.67889979,0.44215042,89.238285,39.456745,False,0.93295032,True,True,True,0.67889979,0.44215042,89.238285,39.456745,0.67298304,0.44111071,87.970959,38.804932,0.8695769,0.47659405,14.986059,7.1422665,0.64424944,0.39759376,18.677061,7.4258828,0.60092437,0.44143001,40.684662,17.959431,0.68944218,0.41714991,53.683148,22.39392,0.69580622,0.45603873,40.259376,18.359835,0.7128522,0.48478393,35.101531,17.016658
0b_baseline_best,file,13,baseline,11412,194.Cactus_Wren/Cactus_Wren_0069_186033.jpg,194,193,194.Cactus_Wren,198,197,rotation,rotation,0,"{""angle"":8.84951}",0.62077063,1.0766635,0.45589286,0.53753006,0.34073046,0.17502135,0.37897548,0.36250871,-0.038245022,-0.40075374,0.84491401,1.3919401,89.238285,124.21434,False,0.96030796,False,True,False,0.84491401,1.3919401,89.238285,124.21434,0.84177904,1.3869349,87.970959,122.00999,0.94662498,1.5546009,14.986059,23.29734,0.81370937,1.2667977,18.677061,23.660057,0.86324782,1.4588177,40.684662,59.351504,0.86175218,1.3144159,53.683148,70.561982,0.81711737,1.4077672,40.259376,56.675831,0.81497655,1.4562465,35.101531,51.116483
0b_baseline_best,file,13,baseline,11412,194.Cactus_Wren/Cactus_Wren_0069_186033.jpg,194,193,194.Cactus_Wren,198,197,random_resized_crop,random_resized_crop,0,"{""area_fraction"":0.626245,""aspect"":0.986831,""fallback"":false,""height"":0.796619,""left"":0.036494,""top"":0.133448,""width"":0.786129}",0.62077063,0.27264199,-0.34812865,0.53753006,0.76136529,0.17502135,0.028329086,0.36250871,0.73303621,0.37052749,0.72256348,0.51354622,89.238285,45.827984,False,0.9486506,True,True,True,0.72256348,0.51354622,89.238285,45.827984,0.7176628,0.51504392,87.970959,45.308908,0.91675792,0.45896026,14.986059,6.8780054,0.8122306,0.46706591,18.677061,8.7234183,0.70528673,0.49447692,40.684662,20.117626,0.71795749,0.49438242,53.683148,26.540004,0.70411296,0.52971615,40.259376,21.326042,0.73390192,0.57889628,35.101531,20.320146
0b_baseline_best,file,13,baseline,11412,194.Cactus_Wren/Cactus_Wren_0069_186033.jpg,194,193,194.Cactus_Wren,198,197,gaussian_blur,gaussian_blur,0,"{""sigma"":1.016594}",0.62077063,1.358771,0.73800033,0.53753006,0.25697643,0.17502135,0.27594748,0.36250871,-0.018971056,-0.38147977,0.80536681,1.5915996,89.238285,142.03162,False,0.95066094,False,True,False,0.80536681,1.5915996,89.238285,142.03162,0.80120082,1.5908036,87.970959,139.94452,0.94656058,1.618788,14.986059,24.259252,0.79277155,1.4994989,18.677061,28.006231,0.76702069,1.7705463,40.684662,72.03408,0.82496524,1.5565077,53.683148,83.558233,0.79182176,1.5232176,40.259376,61.323791,0.82213812,1.5258466,35.101531,53.559552
0b_baseline_best,file,13,baseline,11412,194.Cactus_Wren/Cactus_Wren_0069_186033.jpg,194,193,194.Cactus_Wren,198,197,random_erasing,random_erasing,0,"{""area_fraction"":0.116646,""erased"":true,""height"":0.408744,""left"":0.494371,""top"":0.271463,""width"":0.285376}",0.62077063,0.97861445,0.35784382,0.53753006,0.37583145,0.17502135,0.12089104,0.36250871,0.25494041,-0.1075683,0.8734557,1.3311024,89.238285,118.78529,False,0.96580946,True,True,True,0.8734557,1.3311024,89.238285,118.78529,0.87148931,1.3297864,87.970959,116.98259,0.9394434,1.375679,14.986059,20.616007,0.92264971,1.3273841,18.677061,24.791634,0.90477377,1.320881,40.684662,53.739599,0.88880502,1.3207038,53.683148,70.899538,0.83407391,1.3522378,40.259376,54.440251,0.82282885,1.3337715,35.101531,46.81742
0b_baseline_best,file,13,baseline,10931,186.Cedar_Waxwing/Cedar_Waxwing_0125_178921.jpg,186,185,186.Cedar_Waxwing,185,184,identity,identity,0,{},0.06826704,0.06826704,0,0.93401104,0.93401104,0.020754592,0.020754592,0.91325645,0.91325645,0,1,1,10.959841,10.959841,False,0.99999988,True,True,True,1,1,10.959841,10.959841,1,1,10.77707,10.77707,1,1,1.9932072,1.9932072,1,1,1.8529094,1.8529094,1,1,5.7784023,5.7784023,1,1,5.6681864,5.6681864,1,1,4.7862474,4.7862474,1,1,4.9280344,4.9280344
0b_baseline_best,file,13,baseline,10931,186.Cedar_Waxwing/Cedar_Waxwing_0125_178921.jpg,186,185,186.Cedar_Waxwing,185,184,horizontal_flip,horizontal_flip,0,"{""flipped"":true}",0.06826704,0.014132655,-0.054134385,0.93401104,0.98596674,0.020754592,0.0071416819,0.91325645,0.97882506,0.065568611,0.75416243,0.27280074,10.959841,2.9898527,False,0.9701516,True,True,True,0.75416243,0.27280074,10.959841,2.9898527,0.74880536,0.27412576,10.77707,2.9542725,0.95114638,0.23072566,1.9932072,0.45988404,0.74132632,0.30038017,1.8529094,0.55657725,0.8595515,0.30586181,5.7784023,1.7673926,0.72515475,0.2836723,5.6681864,1.6079075,0.61893884,0.25834532,4.7862474,1.2365046,0.75206174,0.2204246,4.9280344,1.08626
0b_baseline_best,file,13,baseline,10931,186.Cedar_Waxwing/Cedar_Waxwing_0125_178921.jpg,186,185,186.Cedar_Waxwing,185,184,color_jitter,color_jitter,0,"{""brightness"":1.07693,""contrast"":0.750954,""hue"":-0.073864,""saturation"":0.965869}",0.06826704,0.12763612,0.05936908,0.93401104,0.88017362,0.020754592,0.020734807,0.91325645,0.85943882,-0.053817634,0.86010581,2.6321473,10.959841,28.847915,False,0.96049243,True,True,True,0.86010581,2.6321473,10.959841,28.847915,0.85958817,2.6557601,10.77707,28.621312,0.9446991,1.8104961,1.9932072,3.6086939,0.79281475,2.8763088,1.8529094,5.3295397,0.91644268,3.1049824,5.7784023,17.941837,0.8629558,2.6785506,5.6681864,15.182524,0.82088481,2.4047126,4.7862474,11.50955,0.84435743,2.0880843,4.9280344,10.290151
0b_baseline_best,file,13,baseline,10931,186.Cedar_Waxwing/Cedar_Waxwing_0125_178921.jpg,186,185,186.Cedar_Waxwing,185,184,rotation,rotation,0,"{""angle"":-11.84185}",0.06826704,0.56552368,0.49725664,0.93401104,0.5680626,0.020754592,0.0085353097,0.91325645,0.55952729,-0.35372916,0.78847293,7.6149986,10.959841,83.459171,False,0.94689941,True,True,True,0.78847293,7.6149986,10.959841,83.459171,0.78633285,7.6700531,10.77707,82.660697,0.90254679,5.7781489,1.9932072,11.517048,0.80156366,11.010263,1.8529094,20.401021,0.85503115,7.628099,5.7784023,44.078225,0.78721309,8.0371445,5.6681864,45.556034,0.71683372,7.6534517,4.7862474,36.631313,0.77078858,6.5956828,4.9280344,32.503752
0b_baseline_best,file,13,baseline,10931,186.Cedar_Waxwing/Cedar_Waxwing_0125_178921.jpg,186,185,186.Cedar_Waxwing,185,184,random_resized_crop,random_resized_crop,0,"{""area_fraction"":0.545411,""aspect"":1.062674,""fallback"":false,""height"":0.71641,""left"":0.238689,""top"":0.187522,""width"":0.76131}",0.06826704,0.054929245,-0.013337795,0.93401104,0.9465521,0.020754592,0.020869674,0.91325645,0.92568242,0.012425974,0.72775155,0.82461998,10.959841,9.0377035,False,0.9569819,True,True,True,0.72775155,0.82461998,10.959841,9.0377035,0.7204348,0.8254033,10.77707,8.8954288,0.94837242,0.80138169,1.9932072,1.5973197,0.64033694,0.77152065,1.8529094,1.4295579,0.71863917,0.71212694,5.7784023,4.1149559,0.73019667,0.93814291,5.6681864,5.3175689,0.68364285,0.86062082,4.7862474,4.1191442,0.77753788,0.78350157,4.9280344,3.8611227
0b_baseline_best,file,13,baseline,10931,186.Cedar_Waxwing/Cedar_Waxwing_0125_178921.jpg,186,185,186.Cedar_Waxwing,185,184,gaussian_blur,gaussian_blur,0,"{""sigma"":1.289475}",0.06826704,0.91110849,0.84284145,0.93401104,0.40207827,0.020754592,0.0030830328,0.91325645,0.39899524,-0.51426121,0.48391571,10.042665,10.959841,110.06601,False,0.87858284,False,True,False,0.48391571,10.042665,10.959841,110.06601,0.47571574,10.031003,10.77707,108.10482,0.71589698,10.377819,1.9932072,20.685144,0.40023205,9.5613166,1.8529094,17.716254,0.39373269,8.2949918,5.7784023,47.9318,0.53402295,11.265501,5.6681864,63.854958,0.4561473,11.035638,4.7862474,52.819293,0.53307693,9.5351022,4.9280344,46.989312
0b_baseline_best,file,13,baseline,10931,186.Cedar_Waxwing/Cedar_Waxwing_0125_178921.jpg,186,185,186.Cedar_Waxwing,185,184,random_erasing,random_erasing,0,"{""area_fraction"":0.093084,""erased"":true,""height"":0.321335,""left"":0.341527,""top"":0.09567,""width"":0.289679}",0.06826704,0.41698775,0.34872071,0.93401104,0.65902901,0.020754592,0.0067868833,0.91325645,0.65224212,-0.26101433,0.54754771,6.4143865,10.959841,70.300654,False,0.90757012,True,True,True,0.54754771,6.4143865,10.959841,70.300654,0.54019039,6.4512469,10.77707,69.525538,0.82513516,5.2230618,1.9932072,10.410644,0.33391882,10.732338,1.8529094,19.886051,0.60275642,6.3470538,5.7784023,36.67583,0.51193331,6.5606183,5.6681864,37.186808,0.46878161,6.1675574,4.7862474,29.519456,0.63451367,5.8775995,4.9280344,28.965012
0b_baseline_best,file,13,baseline,9559,163.Cape_May_Warbler/Cape_May_Warbler_0028_163177.jpg,163,162,163.Cape_May_Warbler,182,181,identity,identity,0,{},0.016223203,0.016223203,0,0.9839077,0.9839077,0.0053824764,0.0053824764,0.97852522,0.97852522,0,1,1,1.9215244,1.9215244,False,1,True,True,True,1,1,1.9215244,1.9215244,1,1,1.8572144,1.8572144,1,1,0.49296122,0.49296122,1,1,0.2873116,0.2873116,1,1,0.73353747,0.73353747,1,1,0.88453025,0.88453025,1,1,0.91078798,0.91078798,1,1,1.1030374,1.1030374
0b_baseline_best,file,13,baseline,9559,163.Cape_May_Warbler/Cape_May_Warbler_0028_163177.jpg,163,162,163.Cape_May_Warbler,182,181,horizontal_flip,horizontal_flip,0,"{""flipped"":true}",0.016223203,0.017805029,0.0015818253,0.9839077,0.98235255,0.0053824764,0.0039221188,0.97852522,0.97843044,-9.4787218e-05,0.68481735,1.1329808,1.9215244,2.1770502,False,0.98318487,True,True,True,0.68481735,1.1329808,1.9215244,2.1770502,0.66691855,1.1411949,1.8572144,2.1194436,0.97696937,1.0092075,0.49296122,0.49750018,0.45017745,1.087675,0.2873116,0.31250165,0.59538736,1.0622012,0.73353747,0.77916438,0.65074408,1.0955055,0.88453025,0.96900771,0.6089524,1.1797487,0.91078798,1.0745009,0.75981356,1.1798738,1.1030374,1.3014449
0b_baseline_best,file,13,baseline,9559,163.Cape_May_Warbler/Cape_May_Warbler_0028_163177.jpg,163,162,163.Cape_May_Warbler,182,181,color_jitter,color_jitter,0,"{""brightness"":0.881315,""contrast"":1.372822,""hue"":-0.002184,""saturation"":0.665514}",0.016223203,0.16169596,0.14547275,0.9839077,0.85069984,0.0053824764,0.0097371265,0.97852522,0.84096272,-0.13756251,0.74754757,12.599702,1.9215244,24.210635,False,0.9717555,True,True,True,0.74754757,12.599702,1.9215244,24.210635,0.74463241,12.887785,1.8572144,23.93538,0.93373878,7.3847468,0.49296122,3.6403938,0.54949608,14.549216,0.2873116,4.1801586,0.74703509,15.334923,0.73353747,11.248741,0.73843034,14.208167,0.88453025,12.567554,0.71649332,12.757078,0.91078798,11.618993,0.8153472,10.570597,1.1030374,11.659764
0b_baseline_best,file,13,baseline,9559,163.Cape_May_Warbler/Cape_May_Warbler_0028_163177.jpg,163,162,163.Cape_May_Warbler,182,181,rotation,rotation,0,"{""angle"":-7.306411}",0.016223203,0.018213058,0.0019898545,0.9839077,0.98195177,0.0053824764,0.0052962271,0.97852522,0.97665555,-0.0018696771,0.81476711,1.199932,1.9215244,2.3056986,False,0.97989088,True,True,True,0.81476711,1.199932,1.9215244,2.3056986,0.8044532,1.2063995,1.8572144,2.2405425,0.97774039,1.1040551,0.49296122,0.54425636,0.73813558,1.3041379,0.2873116,0.37469396,0.80840776,1.2107263,0.73353747,0.88811314,0.77808346,1.2588922,0.88453025,1.1135282,0.77547724,1.2291247,0.91078798,1.119472,0.84941686,1.1459381,1.1030374,1.2640125
0b_baseline_best,file,13,baseline,9559,163.Cape_May_Warbler/Cape_May_Warbler_0028_163177.jpg,163,162,163.Cape_May_Warbler,182,181,random_resized_crop,random_resized_crop,0,"{""area_fraction"":0.676734,""aspect"":1.297213,""fallback"":false,""height"":0.722276,""left"":0.038563,""top"":0.082352,""width"":0.936946}",0.016223203,0.037261203,0.021038,0.9839077,0.96342444,0.0053824764,0.011213894,0.97852522,0.95221055,-0.026314673,0.77042004,2.7088172,1.9215244,5.2050583,False,0.97880799,True,True,True,0.77042004,2.7088172,1.9215244,5.2050583,0.75878013,2.7344776,1.8572144,5.0785111,0.97579338,2.314118,0.49296122,1.1407704,0.58742993,3.1640766,0.2873116,0.90907591,0.71822218,2.7239534,0.73353747,1.9981219,0.74968612,3.0194911,0.88453025,2.6708312,0.72770553,2.7368897,0.91078798,2.4927263,0.82975506,2.5034528,1.1030374,2.761402
0b_baseline_best,file,13,baseline,9559,163.Cape_May_Warbler/Cape_May_Warbler_0028_163177.jpg,163,162,163.Cape_May_Warbler,182,181,gaussian_blur,gaussian_blur,0,"{""sigma"":1.154656}",0.016223203,0.11867062,0.10244742,0.9839077,0.88810027,0.0053824764,0.004424687,0.97852522,0.88367558,-0.094849644,0.63878125,9.627871,1.9215244,18.500189,False,0.9455148,True,True,True,0.63878125,9.627871,1.9215244,18.500189,0.62936748,9.7969271,1.8572144,18.194994,0.8729855,6.7886066,0.49296122,3.3465198,0.43304462,15.552194,0.2873116,4.4683259,0.58596249,10.723137,0.73353747,7.8658229,0.64433125,11.372099,0.88453025,10.058965,0.61472703,9.5193523,0.91078798,8.6701117,0.71619508,7.7388318,1.1030374,8.5362208
0b_baseline_best,file,13,baseline,9559,163.Cape_May_Warbler/Cape_May_Warbler_0028_163177.jpg,163,162,163.Cape_May_Warbler,182,181,random_erasing,random_erasing,0,"{""area_fraction"":0.100135,""erased"":true,""height"":0.571268,""left"":0.352376,""top"":0.033467,""width"":0.175286}",0.016223203,0.0065058572,-0.0097173462,0.9839077,0.99351525,0.0053824764,0.0017970782,0.97852522,0.99171817,0.013192952,0.91390753,0.42390548,1.9215244,0.81454472,False,0.99046135,True,True,True,0.91390753,0.42390548,1.9215244,0.81454472,0.90917957,0.42549059,1.8572144,0.79022723,0.98670212,0.40073133,0.49296122,0.197545,0.89543995,0.42338392,0.2873116,0.12164311,0.90403432,0.45023275,0.73353747,0.33026259,0.91254635,0.43549958,0.88453025,0.38521255,0.89575931,0.42623109,0.91078798,0.38820616,0.92171728,0.40695172,1.1030374,0.44888296
0b_baseline_best,file,13,baseline,72,002.Laysan_Albatross/Laysan_Albatross_0065_809.jpg,2,1,002.Laysan_Albatross,3,2,identity,identity,0,{},0.035884019,0.035884019,0,0.9647522,0.9647522,0.0099203279,0.0099203279,0.95483187,0.95483187,0,1,1,5.3755921,5.3755921,False,0.99999994,True,True,True,1,1,5.3755921,5.3755921,1,1,5.2534677,5.2534677,1,1,1.1393275,1.1393275,1,1,1.1697896,1.1697896,1,1,2.0966942,2.0966942,1,1,2.8256429,2.8256429,1,1,2.5311699,2.5311699,1,1,2.728243,2.728243
0b_baseline_best,file,13,baseline,72,002.Laysan_Albatross/Laysan_Albatross_0065_809.jpg,2,1,002.Laysan_Albatross,3,2,horizontal_flip,horizontal_flip,0,"{""flipped"":true}",0.035884019,0.066484854,0.030600835,0.9647522,0.93567711,0.0099203279,0.011961712,0.95483187,0.9237154,-0.03111647,0.61366551,1.8749173,5.3755921,10.078791,False,0.94283247,True,True,True,0.61366551,1.8749173,5.3755921,10.078791,0.60248905,1.8902564,5.2534677,9.9304013,0.92542424,1.5124036,1.1393275,1.723123,0.67879843,2.4670434,1.1697896,2.8859218,0.53930363,1.9911334,2.0966942,4.1747979,0.5920366,1.9114761,2.8256429,5.4011489,0.57554627,1.8436428,2.5311699,4.6665732,0.6723379,1.7155335,2.728243,4.6803923
0b_baseline_best,file,13,baseline,72,002.Laysan_Albatross/Laysan_Albatross_0065_809.jpg,2,1,002.Laysan_Albatross,3,2,color_jitter,color_jitter,0,"{""brightness"":0.933377,""contrast"":1.08273,""hue"":0.047213,""saturation"":1.219032}",0.035884019,0.046993442,0.011109423,0.9647522,0.95409364,0.0099203279,0.026912116,0.95483187,0.92718152,-0.02765035,0.77633242,1.4222592,5.3755921,7.6454855,False,0.98301291,True,True,True,0.77633242,1.4222592,5.3755921,7.6454855,0.76878223,1.4230712,5.2534677,7.4760588,0.93900073,1.404884,1.1393275,1.6006231,0.83611499,1.5646985,1.1697896,1.8303681,0.66489712,1.3699158,2.0966942,2.8722945,0.74612096,1.4887669,2.8256429,4.2067235,0.76928301,1.4248123,2.5311699,3.6064421,0.84601724,1.3511316,2.728243,3.6862155
0b_baseline_best,file,13,baseline,72,002.Laysan_Albatross/Laysan_Albatross_0065_809.jpg,2,1,002.Laysan_Albatross,3,2,rotation,rotation,0,"{""angle"":6.252144}",0.035884019,0.078427494,0.042543475,0.9647522,0.92456907,0.0099203279,0.0071331835,0.95483187,0.91743589,-0.037395983,0.74629318,2.1724072,5.3755921,11.677975,False,0.95583272,True,True,True,0.74629318,2.1724072,5.3755921,11.677975,0.73819386,2.177012,5.2534677,11.436862,0.92808932,2.072082,1.1393275,2.36078,0.76638641,3.3407021,1.1697896,3.9079187,0.73256277,2.139135,2.0966942,4.485112,0.75318368,2.0144755,2.8256429,5.6921884,0.70778554,2.1378842,2.5311699,5.4113481,0.76691505,2.1287543,2.728243,5.8077592
0b_baseline_best,file,13,baseline,72,002.Laysan_Albatross/Laysan_Albatross_0065_809.jpg,2,1,002.Laysan_Albatross,3,2,random_resized_crop,random_resized_crop,0,"{""area_fraction"":0.607132,""aspect"":0.80262,""fallback"":false,""height"":0.869735,""left"":0.106402,""top"":0.070265,""width"":0.698066}",0.035884019,1.7964919,1.7606078,0.9647522,0.1658798,0.0099203279,0.14377671,0.95483187,0.022103086,-0.93272878,0.60018999,17.937232,5.3755921,96.423245,False,0.8433255,True,True,True,0.60018999,17.937232,5.3755921,96.423245,0.58956942,17.912313,5.2534677,94.101761,0.81956978,18.459088,1.1393275,21.030947,0.57621454,17.180529,1.1697896,20.097605,0.54418761,18.299617,2.0966942,38.368701,0.61040798,18.380543,2.8256429,51.936852,0.54798168,16.916059,2.5311699,42.817417,0.63087766,18.136334,2.728243,49.480326
0b_baseline_best,file,13,baseline,72,002.Laysan_Albatross/Laysan_Albatross_0065_809.jpg,2,1,002.Laysan_Albatross,3,2,gaussian_blur,gaussian_blur,0,"{""sigma"":1.157677}",0.035884019,0.15638027,0.12049625,0.9647522,0.85523391,0.0099203279,0.0084803468,0.95483187,0.84675356,-0.10807831,0.68870251,3.8784947,5.3755921,20.849205,False,0.94253606,True,True,True,0.68870251,3.8784947,5.3755921,20.849205,0.67800747,3.8740105,5.2534677,20.351989,0.91065798,3.9726366,1.1393275,4.5261343,0.74395217,5.0640293,1.1697896,5.923849,0.61179035,4.0766967,2.0966942,8.5475864,0.61756454,3.5830562,2.8256429,10.124437,0.67427054,3.7496816,2.5311699,9.4910809,0.77444055,3.9043494,2.728243,10.652014
0b_baseline_best,file,13,baseline,72,002.Laysan_Albatross/Laysan_Albatross_0065_809.jpg,2,1,002.Laysan_Albatross,3,2,random_erasing,random_erasing,0,"{""area_fraction"":0.085696,""erased"":true,""height"":0.328741,""left"":0.166532,""top"":0.387126,""width"":0.260681}",0.035884019,0.030897766,-0.0049862526,0.9647522,0.96957469,0.0099203279,0.0053483043,0.95483187,0.96422639,0.0093945162,0.86642133,0.88627348,5.3755921,4.7642447,False,0.96145415,True,True,True,0.86642133,0.88627348,5.3755921,4.7642447,0.86282152,0.88910289,5.2534677,4.6708734,0.95143959,0.82381916,1.1393275,0.93859985,0.89189839,1.1177642,1.1697896,1.307549,0.78661735,0.92060004,2.0966942,1.9302168,0.89272298,0.84182968,2.8256429,2.3787101,0.8681898,0.86270496,2.5311699,2.1836528,0.87499369,0.89445631,2.728243,2.4402942
0b_baseline_best,file,13,baseline,7761,133.White_throated_Sparrow/White_Throated_Sparrow_0015_129138.jpg,133,132,133.White_throated_Sparrow,132,131,identity,identity,0,{},0.0077285557,0.0077285557,0,0.99230123,0.99230123,0.0034153354,0.0034153354,0.98888589,0.98888589,0,1,1,0.91465024,0.91465024,False,1,True,True,True,1,1,0.91465024,0.91465024,1,1,0.87993876,0.87993876,1,1,0.24958535,0.24958535,1,1,0.14131324,0.14131324,1,1,0.3228143,0.3228143,1,1,0.45284681,0.45284681,1,1,0.4384344,0.4384344,1,1,0.50281086,0.50281086
0b_baseline_best,file,13,baseline,7761,133.White_throated_Sparrow/White_Throated_Sparrow_0015_129138.jpg,133,132,133.White_throated_Sparrow,132,131,horizontal_flip,horizontal_flip,0,"{""flipped"":true}",0.0077285557,0.01326686,0.0055383039,0.99230123,0.98682076,0.0034153354,0.0019094994,0.98888589,0.98491126,-0.0039746322,0.6348849,1.951252,0.91465024,1.7847131,False,0.97352207,True,True,True,0.6348849,1.951252,0.91465024,1.7847131,0.61534187,1.9668126,0.87993876,1.7306746,0.91267013,1.7463005,0.24958535,0.43585101,0.46722039,1.6383649,0.14131324,0.23152265,0.469912,2.066192,0.3228143,0.66699634,0.61540331,2.1036256,0.45284681,0.95262013,0.58971661,1.8384607,0.4384344,0.80604441,0.71145413,1.9277757,0.50281086,0.96930655
0b_baseline_best,file,13,baseline,7761,133.White_throated_Sparrow/White_Throated_Sparrow_0015_129138.jpg,133,132,133.White_throated_Sparrow,132,131,color_jitter,color_jitter,0,"{""brightness"":1.332589,""contrast"":0.92955,""hue"":0.00875,""saturation"":0.625515}",0.0077285557,0.011553993,0.0038254377,0.99230123,0.98851252,0.0034153354,0.0046156091,0.98888589,0.98389691,-0.0049889833,0.79648255,1.8122116,0.91465024,1.6575397,False,0.97745275,True,True,True,0.79648255,1.8122116,0.91465024,1.6575397,0.78469644,1.8237767,0.87993876,1.6048118,0.96047978,1.6617541,0.24958535,0.41474946,0.54193997,1.9439298,0.14131324,0.27470301,0.72250976,2.2370423,0.3228143,0.72214926,0.7824605,1.8604418,0.45284681,0.84249512,0.80752676,1.7346903,0.4384344,0.76054793,0.83984679,1.6523109,0.50281086,0.83079988
0b_baseline_best,file,13,baseline,7761,133.White_throated_Sparrow/White_Throated_Sparrow_0015_129138.jpg,133,132,133.White_throated_Sparrow,132,131,rotation,rotation,0,"{""angle"":9.685247}",0.0077285557,0.011513809,0.003785253,0.99230123,0.98855221,0.0034153354,0.0058786678,0.98888589,0.98267354,-0.0062123453,0.75047699,1.5782233,0.91465024,1.4435223,False,0.97096324,True,True,True,0.75047699,1.5782233,0.91465024,1.4435223,0.73267245,1.5766069,0.87993876,1.3873175,0.96886225,1.5981776,0.24958535,0.3988817,0.5414697,1.3634335,0.14131324,0.19267119,0.6708341,1.6013798,0.3228143,0.51694829,0.72767721,1.5168531,0.45284681,0.68690208,0.73061583,1.5919804,0.4384344,0.69797898,0.77721388,1.6172944,0.50281086,0.81319317
0b_baseline_best,file,13,baseline,7761,133.White_throated_Sparrow/White_Throated_Sparrow_0015_129138.jpg,133,132,133.White_throated_Sparrow,132,131,random_resized_crop,random_resized_crop,0,"{""area_fraction"":0.71191,""aspect"":0.847743,""fallback"":false,""height"":0.91639,""left"":0.074671,""top"":0.027429,""width"":0.776864}",0.0077285557,0.036944054,0.029215498,0.99230123,0.96373004,0.0034153354,0.022190753,0.98888589,0.94153928,-0.047346606,0.65973012,6.4473605,0.91465024,5.8970799,False,0.96058881,True,True,True,0.65973012,6.4473605,0.91465024,5.8970799,0.64096845,6.5218437,0.87993876,5.7388231,0.94971925,5.4370352,0.24958535,1.3570043,0.51593305,8.054845,0.14131324,1.1382562,0.59065891,7.8547234,0.3228143,2.5356171,0.59988584,6.3992327,0.45284681,2.8978721,0.66708566,6.8912025,0.4384344,3.0213402,0.71710062,5.5126364,0.50281086,2.7718134
0b_baseline_best,file,13,baseline,7761,133.White_throated_Sparrow/White_Throated_Sparrow_0015_129138.jpg,133,132,133.White_throated_Sparrow,132,131,gaussian_blur,gaussian_blur,0,"{""sigma"":1.480895}",0.0077285557,0.92806482,0.92033627,0.99230123,0.39531797,0.0034153354,0.080192655,0.98888589,0.31512532,-0.67376057,0.45194788,108.95333,0.91465024,99.654191,False,0.87048191,True,True,True,0.45194788,108.95333,0.91465024,99.654191,0.43684253,111.65304,0.87993876,98.247836,0.82341031,66.84263,0.24958535,16.682941,-0.027102465,156.27643,0.14131324,22.083929,0.35169408,160.63891,0.3228143,51.856537,0.4185893,119.23094,0.45284681,53.993351,0.48648473,102.01316,0.4384344,44.72608,0.61371973,78.555416,0.50281086,39.498516
0b_baseline_best,file,13,baseline,7761,133.White_throated_Sparrow/White_Throated_Sparrow_0015_129138.jpg,133,132,133.White_throated_Sparrow,132,131,random_erasing,random_erasing,0,"{""area_fraction"":0.186605,""erased"":true,""height"":0.260102,""left"":0.252586,""top"":0.661065,""width"":0.717431}",0.0077285557,0.076169685,0.068441129,0.99230123,0.92665893,0.0034153354,0.011961544,0.98888589,0.91469738,-0.074188506,0.72445887,8.7858734,0.91465024,8.0360013,False,0.95150745,True,True,True,0.72445887,8.7858734,0.91465024,8.0360013,0.71117649,8.8121862,0.87993876,7.7541842,0.8971793,8.4519749,0.24958535,2.1094891,0.38311189,7.3848127,0.14131324,1.0435718,0.6930386,8.7983176,0.3228143,2.8402228,0.70958504,8.5965289,0.45284681,3.8929107,0.69453104,8.6847912,0.4384344,3.8077112,0.75388817,9.1826717,0.50281086,4.617147
0b_baseline_best,file,13,baseline,5287,091.Mockingbird/Mockingbird_0008_81226.jpg,91,90,091.Mockingbird,63,62,identity,identity,0,{},2.698493,2.698493,0,0.067306861,0.067306861,0.55780506,0.55780506,-0.4904982,-0.4904982,0,1,1,183.24027,183.24027,False,0.99999988,True,False,False,1,1,183.24027,183.24027,1,1,181.11765,181.11765,1,1,27.809978,27.809978,1,1,43.72756,43.72756,1,1,82.069991,82.069991,1,1,102.51104,102.51104,1,1,84.421284,84.421284,1,1,80.749946,80.749946
0b_baseline_best,file,13,baseline,5287,091.Mockingbird/Mockingbird_0008_81226.jpg,91,90,091.Mockingbird,63,62,horizontal_flip,horizontal_flip,0,"{""flipped"":true}",2.698493,3.9981899,1.2996969,0.067306861,0.018348821,0.55780506,0.63251817,-0.4904982,-0.61416935,-0.12367115,0.58040092,0.96944068,183.24027,177.64058,False,0.96132827,True,False,False,0.58040092,0.96944068,183.24027,177.64058,0.57012803,0.96539857,181.11765,174.85072,0.96026741,1.1276242,27.809978,31.359205,0.47257542,0.90367484,43.72756,39.515495,0.37585304,0.93948706,82.069991,77.103695,0.54729038,0.95476883,102.51104,97.874346,0.63101515,0.9866101,84.421284,83.290891,0.75471989,1.0022218,80.749946,80.929355
0b_baseline_best,file,13,baseline,5287,091.Mockingbird/Mockingbird_0008_81226.jpg,91,90,091.Mockingbird,63,62,color_jitter,color_jitter,0,"{""brightness"":1.116187,""contrast"":0.722566,""hue"":0.077037,""saturation"":0.629283}",2.698493,3.4456272,0.74713421,0.067306861,0.03188476,0.55780506,0.39991304,-0.4904982,-0.36802828,0.12246992,0.79173133,1.0589489,183.24027,194.04209,False,0.92289412,True,False,False,0.79173133,1.0589489,183.24027,194.04209,0.78911121,1.0601427,181.11765,192.01056,0.90975127,1.0070107,27.809978,28.004946,0.82578071,0.92280679,43.72756,40.352089,0.71781503,1.0845501,82.069991,89.009014,0.80409421,1.0749323,102.51104,110.19243,0.80356372,1.0461137,84.421284,88.314258,0.81729292,1.0635304,80.749946,85.880024
0b_baseline_best,file,13,baseline,5287,091.Mockingbird/Mockingbird_0008_81226.jpg,91,90,091.Mockingbird,63,62,rotation,rotation,0,"{""angle"":4.784959}",2.698493,3.9317687,1.2332757,0.067306861,0.01960896,0.55780506,0.62761796,-0.4904982,-0.608009,-0.1175108,0.83477275,0.97017943,183.24027,177.77595,False,0.96231425,True,False,False,0.83477275,0.97017943,183.24027,177.77595,0.83164387,0.96817354,181.11765,175.35332,0.95973036,1.051743,27.809978,29.24895,0.80597419,1.0219655,43.72756,44.688057,0.82232945,1.0394024,82.069991,85.303745,0.83412484,0.93540869,102.51104,95.889719,0.81955203,0.93443554,84.421284,78.886248,0.8629819,0.96381159,80.749946,77.827734
0b_baseline_best,file,13,baseline,5287,091.Mockingbird/Mockingbird_0008_81226.jpg,91,90,091.Mockingbird,63,62,random_resized_crop,random_resized_crop,0,"{""area_fraction"":0.80552,""aspect"":0.847438,""fallback"":false,""height"":0.974954,""left"":0.103579,""top"":0.010221,""width"":0.826213}",2.698493,3.075479,0.37698603,0.067306861,0.046167511,0.55780506,0.59955066,-0.4904982,-0.55338315,-0.062884953,0.79596778,0.93012902,183.24027,170.4371,False,0.94283378,True,False,False,0.79596778,0.93012902,183.24027,170.4371,0.7923097,0.92700486,181.11765,167.89694,0.93882252,1.05415,27.809978,29.315887,0.84584375,1.0276773,43.72756,44.937821,0.73731688,0.94129162,82.069991,77.251795,0.80587362,0.89917984,102.51104,92.175862,0.77639694,0.91060042,84.421284,76.874056,0.83011729,0.94281536,80.749946,76.132289
0b_baseline_best,file,13,baseline,5287,091.Mockingbird/Mockingbird_0008_81226.jpg,91,90,091.Mockingbird,63,62,gaussian_blur,gaussian_blur,0,"{""sigma"":1.123438}",2.698493,4.8611069,2.1626139,0.067306861,0.0077419104,0.55780506,0.7446996,-0.4904982,-0.73695769,-0.24645949,0.61909858,1.0835104,183.24027,198.54275,False,0.88173902,True,False,False,0.61909858,1.0835104,183.24027,198.54275,0.61292048,1.0828563,181.11765,196.12439,0.87472555,1.1108994,27.809978,30.894086,0.64287541,1.2212692,43.72756,53.403124,0.57639181,1.2280673,82.069991,100.78747,0.62754868,1.0551648,102.51104,108.16604,0.55566982,0.99033002,84.421284,83.604931,0.69600356,1.0185789,80.749946,82.250187
0b_baseline_best,file,13,baseline,5287,091.Mockingbird/Mockingbird_0008_81226.jpg,91,90,091.Mockingbird,63,62,random_erasing,random_erasing,0,"{""area_fraction"":0.19292,""erased"":true,""height"":0.270191,""left"":0.18326,""top"":0.615727,""width"":0.714012}",2.698493,3.5187581,0.82026505,0.067306861,0.029636221,0.55780506,0.11788989,-0.4904982,-0.088253668,0.40224453,0.65195858,0.62268483,183.24027,114.10094,False,0.86877084,True,False,False,0.65195858,0.62268483,183.24027,114.10094,0.64866493,0.61589012,181.11765,111.54857,0.78787208,0.86295478,27.809978,23.998753,0.78605683,0.63023129,43.72756,27.558476,0.6310318,0.56327349,82.069991,46.227851,0.69718969,0.57040057,102.51104,58.472356,0.60125144,0.61310314,84.421284,51.758954,0.62372434,0.72724178,80.749946,58.724735
0b_baseline_best,file,13,baseline,4209,073.Blue_Jay/Blue_Jay_0066_61490.jpg,73,72,073.Blue_Jay,164,163,identity,identity,0,{},0.22728981,0.22728981,0,0.79668987,0.79668987,0.10874979,0.10874979,0.68794008,0.68794008,0,1,1,41.79601,41.79601,False,1,True,True,True,1,1,41.79601,41.79601,1,1,41.282601,41.282601,1,1,6.5309465,6.5309465,1,1,12.773891,12.773891,1,1,17.283119,17.283119,1,1,21.631832,21.631832,1,1,19.902645,19.902645,1,1,19.450533,19.450533
0b_baseline_best,file,13,baseline,4209,073.Blue_Jay/Blue_Jay_0066_61490.jpg,73,72,073.Blue_Jay,164,163,horizontal_flip,horizontal_flip,0,"{""flipped"":true}",0.22728981,0.1658975,-0.061392307,0.79668987,0.84713304,0.10874979,0.093641616,0.68794008,0.75349142,0.065551348,0.59785319,0.64786991,41.79601,27.078377,False,0.96372974,True,True,True,0.59785319,0.64786991,41.79601,27.078377,0.58734688,0.64401792,41.282601,26.586735,0.9532183,0.78649235,6.5309465,5.1365395,0.53851084,0.46455009,12.773891,5.9341124,0.58166873,0.66751779,17.283119,11.536789,0.54198161,0.64673648,21.631832,13.990095,0.53938285,0.6378162,19.902645,12.694229,0.71541248,0.69297656,19.450533,13.478763
0b_baseline_best,file,13,baseline,4209,073.Blue_Jay/Blue_Jay_0066_61490.jpg,73,72,073.Blue_Jay,164,163,color_jitter,color_jitter,0,"{""brightness"":1.022806,""contrast"":1.046611,""hue"":0.074077,""saturation"":0.801406}",0.22728981,0.15383354,-0.073456272,0.79668987,0.85741472,0.10874979,0.060522284,0.68794008,0.79689244,0.10895236,0.79870508,0.61861103,41.79601,25.855472,False,0.96078134,True,True,True,0.79870508,0.61861103,41.79601,25.855472,0.79462224,0.61680368,41.282601,25.463261,0.94969281,0.68694543,6.5309465,4.4864038,0.7819669,0.4918403,12.773891,6.2827145,0.75429284,0.61118682,17.283119,10.563214,0.79052404,0.60291686,21.631832,13.042196,0.79885854,0.64047734,19.902645,12.747193,0.83772508,0.65987228,19.450533,12.834867
0b_baseline_best,file,13,baseline,4209,073.Blue_Jay/Blue_Jay_0066_61490.jpg,73,72,073.Blue_Jay,164,163,rotation,rotation,0,"{""angle"":8.596013}",0.22728981,0.051697206,-0.17559261,0.79668987,0.94961637,0.10874979,0.018845618,0.68794008,0.93077075,0.24283068,0.65889273,0.20533601,41.79601,8.582226,False,0.96741742,True,True,True,0.65889273,0.20533601,41.79601,8.582226,0.65100025,0.20369795,41.282601,8.4091811,0.92421449,0.26255359,6.5309465,1.7147235,0.53404649,0.15682083,12.773891,2.0032122,0.56705422,0.19747619,17.283119,3.4130044,0.59043479,0.19532727,21.631832,4.2252868,0.67542926,0.21513954,19.902645,4.2818458,0.79727339,0.22330785,19.450533,4.3434567
0b_baseline_best,file,13,baseline,4209,073.Blue_Jay/Blue_Jay_0066_61490.jpg,73,72,073.Blue_Jay,164,163,random_resized_crop,random_resized_crop,0,"{""area_fraction"":0.540131,""aspect"":0.86047,""fallback"":false,""height"":0.792286,""left"":0.092337,""top"":0.06526,""width"":0.681738}",0.22728981,0.090831138,-0.13645867,0.79668987,0.91317189,0.10874979,0.025070943,0.68794008,0.88810094,0.20016087,0.55097631,0.38007957,41.79601,15.885809,False,0.95543015,True,True,True,0.55097631,0.38007957,41.79601,15.885809,0.54113026,0.37897914,41.282601,15.645245,0.90758715,0.42170528,6.5309465,2.7541346,0.32668235,0.34241836,12.773891,4.374015,0.50306114,0.38346352,17.283119,6.6274456,0.4567759,0.3751907,21.631832,8.1160624,0.56988941,0.38365285,19.902645,7.6357064,0.72402306,0.39000407,19.450533,7.5857868
0b_baseline_best,file,13,baseline,4209,073.Blue_Jay/Blue_Jay_0066_61490.jpg,73,72,073.Blue_Jay,164,163,gaussian_blur,gaussian_blur,0,"{""sigma"":1.736657}",0.22728981,1.3325987,1.1053089,0.79668987,0.26379088,0.10874979,0.12035703,0.68794008,0.14343385,-0.54450623,0.35276179,3.4403487,41.79601,143.79285,False,0.76735234,True,True,True,0.35276179,3.4403487,41.79601,143.79285,0.34564754,3.4521538,41.282601,142.51389,0.69233066,2.9300018,6.5309465,19.135685,0.49563135,3.2793918,12.773891,41.890594,0.3597019,4.1055284,17.283119,70.956337,0.27983758,4.0610277,21.631832,87.847471,0.31394406,2.9722049,19.902645,59.154739,0.45609723,2.467865,19.450533,48.001289
0b_baseline_best,file,13,baseline,4209,073.Blue_Jay/Blue_Jay_0066_61490.jpg,73,72,073.Blue_Jay,164,163,random_erasing,random_erasing,0,"{""area_fraction"":0.075574,""erased"":true,""height"":0.371697,""left"":0.460814,""top"":0.563389,""width"":0.203321}",0.22728981,0.22455162,-0.0027381927,0.79668987,0.79887432,0.10874979,0.099881008,0.68794008,0.69899331,0.011053234,0.87640188,0.8094237,41.79601,33.830681,False,0.98262781,True,True,True,0.87640188,0.8094237,41.79601,33.830681,0.87373963,0.80634542,41.282601,33.288037,0.97714495,0.92406682,6.5309465,6.035031,0.9249634,0.58594599,12.773891,7.4848105,0.84152841,0.78853516,17.283119,13.628347,0.84269817,0.79204601,21.631832,17.133407,0.88722195,0.84059805,19.902645,16.730124,0.92019092,0.87987229,19.450533,17.113985
0b_baseline_best,file,13,baseline,8378,143.Caspian_Tern/Caspian_Tern_0078_146824.jpg,143,142,143.Caspian_Tern,146,145,identity,identity,0,{},0.80349684,0.80349684,0,0.44776046,0.44776046,0.20120245,0.20120245,0.24655801,0.24655801,0,1,1,97.347311,97.347311,False,1,True,True,True,1,1,97.347311,97.347311,1,1,95.91044,95.91044,1,1,16.663928,16.663928,1,1,19.099937,19.099937,1,1,38.512624,38.512624,1,1,49.447817,49.447817,1,1,48.738262,48.738262,1,1,50.301867,50.301867
0b_baseline_best,file,13,baseline,8378,143.Caspian_Tern/Caspian_Tern_0078_146824.jpg,143,142,143.Caspian_Tern,146,145,horizontal_flip,horizontal_flip,0,"{""flipped"":true}",0.80349684,1.403873,0.60037613,0.44776046,0.24564375,0.20120245,0.28157428,0.24655801,-0.035930529,-0.28248854,0.61328738,1.2642614,97.347311,123.07245,False,0.9633128,False,True,False,0.61328738,1.2642614,97.347311,123.07245,0.60345421,1.2665117,95.91044,121.47169,0.9620004,1.187309,16.663928,19.785231,0.59925738,1.4612041,19.099937,27.908907,0.45644528,1.2481126,38.512624,48.068093,0.59107973,1.2198788,49.447817,60.320343,0.59880523,1.3080286,48.738262,63.75104,0.708147,1.2515208,50.301867,62.953833
0b_baseline_best,file,13,baseline,8378,143.Caspian_Tern/Caspian_Tern_0078_146824.jpg,143,142,143.Caspian_Tern,146,145,color_jitter,color_jitter,0,"{""brightness"":1.345036,""contrast"":1.092987,""hue"":0.034865,""saturation"":1.35294}",0.80349684,1.604349,0.80085218,0.44776046,0.20102037,0.20120245,0.209971,0.24655801,-0.0089506209,-0.25550863,0.81731491,1.359183,97.347311,132.31281,False,0.97905755,False,True,False,0.81731491,1.359183,97.347311,132.31281,0.81240559,1.3560224,95.91044,130.05671,0.97052192,1.4600216,16.663928,24.329695,0.47973602,1.7241116,19.099937,32.930422,0.67114074,1.3033187,38.512624,50.194224,0.8492247,1.2474655,49.447817,61.684446,0.85339868,1.3921268,48.738262,67.84984,0.88652132,1.3919253,50.301867,70.016441
0b_baseline_best,file,13,baseline,8378,143.Caspian_Tern/Caspian_Tern_0078_146824.jpg,143,142,143.Caspian_Tern,146,145,rotation,rotation,0,"{""angle"":10.317199}",0.80349684,2.9222283,2.1187315,0.44776046,0.05381364,0.20120245,0.7358619,0.24655801,-0.68204826,-0.92860627,0.71332377,1.9169096,97.347311,186.606,False,0.93641365,False,True,False,0.71332377,1.9169096,97.347311,186.606,0.7082557,1.9115074,95.91044,183.33351,0.86971617,2.087983,16.663928,34.794,0.7649692,2.1355405,19.099937,40.78869,0.77506468,1.8095128,38.512624,69.689086,0.69238795,1.7886888,49.447817,88.446755,0.65862312,1.9531564,48.738262,95.19345,0.72683689,2.0083963,50.301867,101.02608
0b_baseline_best,file,13,baseline,8378,143.Caspian_Tern/Caspian_Tern_0078_146824.jpg,143,142,143.Caspian_Tern,146,145,random_resized_crop,random_resized_crop,0,"{""area_fraction"":0.891425,""aspect"":0.941605,""fallback"":false,""height"":0.972989,""left"":0.067937,""top"":0.001227,""width"":0.916172}",0.80349684,0.53406596,-0.26943088,0.44776046,0.58621657,0.20120245,0.1916438,0.24655801,0.39457276,0.14801475,0.79238493,0.70651293,97.347311,68.777134,False,0.97107327,True,True,True,0.79238493,0.70651293,97.347311,68.777134,0.78729796,0.70325591,95.91044,67.449584,0.94649605,0.8070107,16.663928,13.447968,0.77234208,0.67794237,19.099937,12.948657,0.76991526,0.64808941,38.512624,24.959624,0.78446154,0.65013903,49.447817,32.147956,0.76563672,0.74778569,48.738262,36.445775,0.82707854,0.74304598,50.301867,37.3766
0b_baseline_best,file,13,baseline,8378,143.Caspian_Tern/Caspian_Tern_0078_146824.jpg,143,142,143.Caspian_Tern,146,145,gaussian_blur,gaussian_blur,0,"{""sigma"":1.422008}",0.80349684,0.90961742,0.10612059,0.44776046,0.40267825,0.20120245,0.07197497,0.24655801,0.33070328,0.08414527,0.58137161,0.79768238,97.347311,77.652235,False,0.9234252,True,True,True,0.58137161,0.79768238,97.347311,77.652235,0.57339794,0.78803203,95.91044,75.580499,0.80222867,1.0692164,16.663928,17.817345,0.24157309,0.81007287,19.099937,15.472341,0.35963325,0.75708449,38.512624,29.15731,0.67237321,0.80001222,49.447817,39.558858,0.58768461,0.75799773,48.738262,36.943492,0.63190056,0.81801817,50.301867,41.147841
0b_baseline_best,file,13,baseline,8378,143.Caspian_Tern/Caspian_Tern_0078_146824.jpg,143,142,143.Caspian_Tern,146,145,random_erasing,random_erasing,0,"{""area_fraction"":0.075364,""erased"":true,""height"":0.15059,""left"":0.353672,""top"":0.533881,""width"":0.500456}",0.80349684,0.89920449,0.095707655,0.44776046,0.40689319,0.20120245,0.093862586,0.24655801,0.31303061,0.066472597,0.73526159,1.0373868,97.347311,100.98682,False,0.95221382,True,True,True,0.73526159,1.0373868,97.347311,100.98682,0.73008537,1.0384701,95.91044,99.600119,0.913666,1.0008409,16.663928,16.677941,0.81816829,1.2623648,19.099937,24.111088,0.5450109,1.0302824,38.512624,39.678879,0.77256129,1.0828015,49.447817,53.542172,0.72269787,1.0159456,48.738262,49.515423,0.79396771,0.98318189,50.301867,49.455884
0b_baseline_best,file,13,baseline,1548,028.Brown_Creeper/Brown_Creeper_0007_24902.jpg,28,27,028.Brown_Creeper,187,186,identity,identity,0,{},0.01404779,0.01404779,0,0.98605043,0.98605043,0.011769732,0.011769732,0.9742807,0.9742807,0,1,1,3.3283608,3.3283608,False,1,True,True,True,1,1,3.3283608,3.3283608,1,1,3.2835526,3.2835526,1,1,0.54430547,0.54430547,1,1,0.7275336,0.7275336,1,1,1.4439977,1.4439977,1,1,1.8999916,1.8999916,1,1,1.6442428,1.6442428,1,1,1.3615361,1.3615361
0b_baseline_best,file,13,baseline,1548,028.Brown_Creeper/Brown_Creeper_0007_24902.jpg,28,27,028.Brown_Creeper,187,186,horizontal_flip,horizontal_flip,0,"{""flipped"":true}",0.01404779,0.050471373,0.036423583,0.98605043,0.95078117,0.011769732,0.031533293,0.9742807,0.91924787,-0.055032822,0.62453243,2.9384527,3.3283608,9.7802308,False,0.97039652,True,True,True,0.62453243,2.9384527,3.3283608,9.7802308,0.61591591,2.9431784,3.2835526,9.6640809,0.96003898,2.7609773,0.54430547,1.5028151,0.53410892,3.4799749,0.7275336,2.5317987,0.49186408,3.135473,1.4439977,4.5276156,0.62251548,2.8117033,1.8999916,5.3422126,0.64446744,2.8890303,1.6442428,4.7502674,0.74773468,2.8804569,1.3615361,3.9218461
0b_baseline_best,file,13,baseline,1548,028.Brown_Creeper/Brown_Creeper_0007_24902.jpg,28,27,028.Brown_Creeper,187,186,color_jitter,color_jitter,0,"{""brightness"":1.295459,""contrast"":1.342565,""hue"":0.00702,""saturation"":0.695413}",0.01404779,0.0027818098,-0.011265981,0.98605043,0.99722207,0.011769732,0.0014945361,0.9742807,0.99572753,0.021446834,0.70394517,0.14875163,3.3283608,0.4950991,False,0.9565677,True,True,True,0.70394517,0.14875163,3.3283608,0.4950991,0.69680263,0.14799889,3.2835526,0.48596214,0.93401846,0.17394271,0.54430547,0.09467797,0.64382809,0.12906539,0.7275336,0.09389941,0.61784737,0.14392863,1.4439977,0.2078326,0.68779217,0.13322779,1.8999916,0.25313168,0.71892503,0.15418122,1.6442428,0.25351137,0.78351637,0.17350167,1.3615361,0.2362288
0b_baseline_best,file,13,baseline,1548,028.Brown_Creeper/Brown_Creeper_0007_24902.jpg,28,27,028.Brown_Creeper,187,186,rotation,rotation,0,"{""angle"":-13.295623}",0.01404779,0.16504534,0.15099755,0.98605043,0.84785527,0.011769732,0.11099733,0.9742807,0.73685794,-0.23742275,0.80918086,10.060481,3.3283608,33.484911,False,0.94806147,True,True,True,0.80918086,10.060481,3.3283608,33.484911,0.80584615,10.080616,3.2835526,33.100232,0.94332705,9.298122,0.54430547,5.0610187,0.86936095,12.945612,0.7275336,9.4183677,0.78427312,10.204521,1.4439977,14.735305,0.80688475,10.127744,1.8999916,19.242628,0.80218365,9.5491382,1.6442428,15.701102,0.82255857,9.6600141,1.3615361,13.152458
0b_baseline_best,file,13,baseline,1548,028.Brown_Creeper/Brown_Creeper_0007_24902.jpg,28,27,028.Brown_Creeper,187,186,random_resized_crop,random_resized_crop,0,"{""area_fraction"":0.800564,""aspect"":1.22314,""fallback"":false,""height"":0.809021,""left"":0.001383,""top"":0.149483,""width"":0.989546}",0.01404779,0.032639001,0.01859121,0.98605043,0.96788788,0.011769732,0.0216107,0.9742807,0.94627718,-0.028003517,0.8397589,1.9798363,3.3283608,6.5896096,False,0.97693354,True,True,True,0.8397589,1.9798363,3.3283608,6.5896096,0.83640274,1.9828082,3.2835526,6.5106548,0.9708135,1.8684716,0.54430547,1.0170193,0.88364026,2.4190697,0.7275336,1.7599545,0.80849404,2.0136315,1.4439977,2.9076791,0.84178984,1.9404571,1.8999916,3.6868522,0.83065892,1.9212713,1.6442428,3.1590366,0.85656494,1.9795417,1.3615361,2.6952175
0b_baseline_best,file,13,baseline,1548,028.Brown_Creeper/Brown_Creeper_0007_24902.jpg,28,27,028.Brown_Creeper,187,186,gaussian_blur,gaussian_blur,0,"{""sigma"":1.747634}",0.01404779,0.44916779,0.43512,0.98605043,0.63815904,0.011769732,0.037382603,0.9742807,0.60077643,-0.37350426,0.49187221,19.744113,3.3283608,65.715533,False,0.85152781,True,True,True,0.49187221,19.744113,3.3283608,65.715533,0.48822697,19.869912,3.2835526,65.243901,0.69920883,14.438667,0.54430547,7.8590453,0.65398122,20.068834,0.7275336,14.600751,0.4388745,19.42769,1.4439977,28.053539,0.47793819,19.061382,1.8999916,36.216466,0.46679746,20.932968,1.6442428,34.418882,0.54774286,20.251677,1.3615361,27.57339
0b_baseline_best,file,13,baseline,1548,028.Brown_Creeper/Brown_Creeper_0007_24902.jpg,28,27,028.Brown_Creeper,187,186,random_erasing,random_erasing,0,"{""area_fraction"":0.169239,""erased"":true,""height"":0.293238,""left"":0.291447,""top"":0.65692,""width"":0.57714}",0.01404779,0.056136221,0.04208843,0.98605043,0.94541037,0.011769732,0.017764306,0.9742807,0.92764607,-0.04663463,0.84848766,2.6243209,3.3283608,8.7346869,False,0.95609933,True,True,True,0.84848766,2.6243209,3.3283608,8.7346869,0.84771242,2.6252629,3.2835526,8.6201888,0.87716272,2.5898064,0.54430547,1.4096458,0.85497952,2.4465958,0.7275336,1.7799807,0.84064341,2.3892637,1.4439977,3.4500912,0.87626633,2.5141488,1.8999916,4.7768615,0.83963784,2.7255338,1.6442428,4.4814395,0.82853185,2.968408,1.3615361,4.0415947
0b_baseline_best,file,13,baseline,9783,167.Hooded_Warbler/Hooded_Warbler_0039_164928.jpg,167,166,167.Hooded_Warbler,180,179,identity,identity,0,{},4.3637934,4.3637934,0,0.012730004,0.012730004,0.96586925,0.96586925,-0.95313924,-0.95313924,0,1,1,188.1162,188.1162,False,0.99999994,True,False,False,1,1,188.1162,188.1162,1,1,185.02239,185.02239,1,1,33.97677,33.97677,1,1,35.528979,35.528979,1,1,73.357115,73.357115,1,1,106.7038,106.7038,1,1,97.291946,97.291946,1,1,82.087063,82.087063
0b_baseline_best,file,13,baseline,9783,167.Hooded_Warbler/Hooded_Warbler_0039_164928.jpg,167,166,167.Hooded_Warbler,180,179,horizontal_flip,horizontal_flip,0,"{""flipped"":true}",4.3637934,2.9875801,-1.3762133,0.012730004,0.050409276,0.96586925,0.9190436,-0.95313924,-0.86863432,0.084504919,0.69321541,1.0182563,188.1162,191.55052,False,0.97009701,True,False,False,0.69321541,1.0182563,188.1162,191.55052,0.68480808,1.021119,185.02239,188.92988,0.97012313,0.92936755,33.97677,31.576907,0.48135951,1.0426086,35.528979,37.042817,0.48724329,1.0317459,73.357115,75.685904,0.7180904,1.0664547,106.7038,113.79477,0.71714997,0.9885018,97.291946,96.173264,0.78755647,0.97422669,82.087063,79.971407
0b_baseline_best,file,13,baseline,9783,167.Hooded_Warbler/Hooded_Warbler_0039_164928.jpg,167,166,167.Hooded_Warbler,180,179,color_jitter,color_jitter,0,"{""brightness"":1.210807,""contrast"":1.178529,""hue"":0.00686,""saturation"":0.79498}",4.3637934,3.0354772,-1.3283162,0.012730004,0.048051726,0.96586925,0.93171787,-0.95313924,-0.88366615,0.069473097,0.87474609,0.93933558,188.1162,176.70424,False,0.97926319,True,False,False,0.87474609,0.93933558,188.1162,176.70424,0.8711508,0.93866218,185.02239,173.67352,0.97928638,0.95908971,33.97677,32.58677,0.71759491,0.85472204,35.528979,30.367402,0.81838386,0.95552359,73.357115,70.094453,0.88709504,0.98839021,106.7038,105.465,0.87024671,0.86981897,97.291946,84.62638,0.91878457,0.94697145,82.087063,77.734105
0b_baseline_best,file,13,baseline,9783,167.Hooded_Warbler/Hooded_Warbler_0039_164928.jpg,167,166,167.Hooded_Warbler,180,179,rotation,rotation,0,"{""angle"":-4.80561}",4.3637934,3.4276068,-0.93618655,0.012730004,0.032464541,0.96586925,0.95249528,-0.95313924,-0.92003074,0.033108508,0.84712431,1.1465601,188.1162,215.68653,False,0.98557913,True,False,False,0.84712431,1.1465601,188.1162,215.68653,0.84328282,1.1510796,185.02239,212.9755,0.98559268,1.0033265,33.97677,34.089794,0.78437473,1.3780234,35.528979,48.959766,0.77482211,1.3120749,73.357115,96.250032,0.83907356,1.147927,106.7038,122.48817,0.87634301,1.1038199,97.291946,107.39279,0.90285131,1.0308804,82.087063,84.621946
0b_baseline_best,file,13,baseline,9783,167.Hooded_Warbler/Hooded_Warbler_0039_164928.jpg,167,166,167.Hooded_Warbler,180,179,random_resized_crop,random_resized_crop,0,"{""area_fraction"":0.56813,""aspect"":1.027501,""fallback"":false,""height"":0.743588,""left"":0.04976,""top"":0.106986,""width"":0.764038}",4.3637934,3.9604642,-0.40332913,0.012730004,0.019054268,0.96586925,0.96370888,-0.95313924,-0.94465461,0.0084846336,0.75079787,1.077697,188.1162,202.73228,False,0.97046334,True,False,False,0.75079787,1.077697,188.1162,202.73228,0.74361358,1.0787013,185.02239,199.58389,0.97050515,1.0474798,33.97677,35.589981,0.74044172,1.2315969,35.528979,43.757379,0.7042363,1.2666483,73.357115,92.917664,0.77383412,1.0837691,106.7038,115.64229,0.73998801,0.97638406,97.291946,94.994306,0.75161426,1.0110681,82.087063,82.995607
0b_baseline_best,file,13,baseline,9783,167.Hooded_Warbler/Hooded_Warbler_0039_164928.jpg,167,166,167.Hooded_Warbler,180,179,gaussian_blur,gaussian_blur,0,"{""sigma"":1.101679}",4.3637934,2.5284417,-1.8353517,0.012730004,0.079783261,0.96586925,0.85885608,-0.95313924,-0.77907282,0.17406642,0.78062912,0.9871203,188.1162,185.69332,False,0.97378486,True,False,False,0.78062912,0.9871203,188.1162,185.69332,0.77480417,0.98986961,185.02239,183.14804,0.97352467,0.90179063,33.97677,30.639933,0.57439493,1.0468409,35.528979,37.193188,0.65867666,1.1654277,73.357115,85.492415,0.80716397,1.0302693,106.7038,109.93365,0.79873682,0.87944156,97.291946,85.562581,0.86644862,0.89888993,82.087063,73.787234
0b_baseline_best,file,13,baseline,9783,167.Hooded_Warbler/Hooded_Warbler_0039_164928.jpg,167,166,167.Hooded_Warbler,180,179,random_erasing,random_erasing,0,"{""area_fraction"":0.163117,""erased"":true,""height"":0.227321,""left"":0.033203,""top"":0.224578,""width"":0.717563}",4.3637934,3.8891258,-0.47466755,0.012730004,0.020463228,0.96586925,0.039155636,-0.95313924,-0.018692408,0.93444684,0.17103359,0.56082097,188.1162,105.49951,False,0.71115297,False,False,False,0.17103359,0.56082097,188.1162,105.49951,0.15729949,0.55701058,185.02239,103.05943,0.51525012,0.66394871,33.97677,22.558832,0.082141187,0.54564595,35.528979,19.386243,0.27178538,0.59451966,73.357115,43.612247,0.21774585,0.4646852,106.7038,49.583679,0.046937959,0.55333497,97.291946,53.835036,0.15056671,0.66575841,82.087063,54.650153
0b_baseline_best,file,13,baseline,4267,074.Florida_Jay/Florida_Jay_0039_64576.jpg,74,73,074.Florida_Jay,54,53,identity,identity,0,{},0.035448622,0.035448622,0,0.96517235,0.96517235,0.022269396,0.022269396,0.94290295,0.94290295,0,1,1,6.5573204,6.5573204,False,1,True,True,True,1,1,6.5573204,6.5573204,1,1,6.4379073,6.4379073,1,1,1.2457127,1.2457127,1,1,1.9417778,1.9417778,1,1,3.3958804,3.3958804,1,1,3.408953,3.408953,1,1,2.6173656,2.6173656,1,1,2.7699427,2.7699427
0b_baseline_best,file,13,baseline,4267,074.Florida_Jay/Florida_Jay_0039_64576.jpg,74,73,074.Florida_Jay,54,53,horizontal_flip,horizontal_flip,0,"{""flipped"":true}",0.035448622,0.022393454,-0.013055168,0.96517235,0.97785544,0.022269396,0.019839499,0.94290295,0.95801594,0.015112991,0.62628708,0.67725916,6.5573204,4.4410053,False,0.96763617,True,True,True,0.62628708,0.67725916,6.5573204,4.4410053,0.61194812,0.67166236,6.4379073,4.3241,0.95373737,0.81260183,1.2457127,1.0122684,0.34379089,0.46347656,1.9417778,0.89996848,0.59126255,0.5703789,3.3958804,1.9369385,0.61939632,0.70151423,3.408953,2.391429,0.61076445,0.76254053,2.6173656,1.9958474,0.73819712,0.76018377,2.7699427,2.1056655
0b_baseline_best,file,13,baseline,4267,074.Florida_Jay/Florida_Jay_0039_64576.jpg,74,73,074.Florida_Jay,54,53,color_jitter,color_jitter,0,"{""brightness"":0.618385,""contrast"":1.131219,""hue"":-0.031222,""saturation"":1.125346}",0.035448622,0.88084722,0.84539859,0.96517235,0.41443166,0.022269396,0.10778624,0.94290295,0.30664542,-0.63625753,0.8111582,17.524861,6.5573204,114.91613,False,0.92502522,True,True,True,0.8111582,17.524861,6.5573204,114.91613,0.81114016,17.677733,6.4379073,113.8076,0.85367693,12.782325,1.2457127,15.923103,0.80219069,22.10209,1.9417778,42.917347,0.83574984,16.830465,3.3958804,57.154246,0.85200883,17.544214,3.408953,59.807401,0.77257656,17.840443,2.6173656,46.694963,0.76759525,16.489961,2.7699427,45.676247
0b_baseline_best,file,13,baseline,4267,074.Florida_Jay/Florida_Jay_0039_64576.jpg,74,73,074.Florida_Jay,54,53,rotation,rotation,0,"{""angle"":13.598705}",0.035448622,0.10138116,0.065932538,0.96517235,0.90358853,0.022269396,0.038118653,0.94290295,0.86546988,-0.077433074,0.83721726,2.8977997,6.5573204,19.001801,False,0.92361534,True,True,True,0.83721726,2.8977997,6.5573204,19.001801,0.83530788,2.9098036,6.4379073,18.733046,0.90206691,2.5564172,1.2457127,3.1845612,0.88938508,2.8097009,1.9417778,5.4558148,0.88371936,2.8279204,3.3958804,9.6032797,0.85327217,2.9312257,3.408953,9.9924105,0.76673679,3.0617578,2.6173656,8.0137396,0.77769458,2.9077065,2.7699427,8.0541804
0b_baseline_best,file,13,baseline,4267,074.Florida_Jay/Florida_Jay_0039_64576.jpg,74,73,074.Florida_Jay,54,53,random_resized_crop,random_resized_crop,0,"{""area_fraction"":0.792101,""aspect"":0.895506,""fallback"":false,""height"":0.940494,""left"":0.141479,""top"":0.036345,""width"":0.842218}",0.035448622,0.11257388,0.077125255,0.96517235,0.89353132,0.022269396,0.090201616,0.94290295,0.80332971,-0.13957325,0.74428627,3.4539348,6.5573204,22.648557,False,0.96692306,True,True,True,0.74428627,3.4539348,6.5573204,22.648557,0.73554233,3.4379103,6.4379073,22.132948,0.95716804,3.8573739,1.2457127,4.8051795,0.69293321,3.340404,1.9417778,6.4863223,0.71485236,2.9684496,3.3958804,10.0805,0.71396364,3.5451349,3.408953,12.085198,0.75058432,3.8821771,2.6173656,10.161077,0.81548287,3.5534003,2.7699427,9.8427151
0b_baseline_best,file,13,baseline,4267,074.Florida_Jay/Florida_Jay_0039_64576.jpg,74,73,074.Florida_Jay,54,53,gaussian_blur,gaussian_blur,0,"{""sigma"":1.998963}",0.035448622,1.1075017,1.0720531,0.96517235,0.3303833,0.022269396,0.14166024,0.94290295,0.18872306,-0.7541799,0.35331184,20.343621,6.5573204,133.39964,False,0.83516896,True,True,True,0.35331184,20.343621,6.5573204,133.39964,0.34171062,20.502464,6.4379073,131.99296,0.77634778,15.510441,1.2457127,19.321553,0.0015924712,21.446079,1.9417778,41.64352,0.30115081,22.824955,3.3958804,77.510818,0.31167716,19.191502,3.408953,65.42293,0.44614904,21.192546,2.6173656,55.468642,0.57442923,17.400568,2.7699427,48.198575
0b_baseline_best,file,13,baseline,4267,074.Florida_Jay/Florida_Jay_0039_64576.jpg,74,73,074.Florida_Jay,54,53,random_erasing,random_erasing,0,"{""area_fraction"":0.103798,""erased"":true,""height"":0.335995,""left"":0.400503,""top"":0.31819,""width"":0.308928}",0.035448622,0.31460354,0.27915492,0.96517235,0.73007828,0.022269396,0.034934107,0.94290295,0.69514417,-0.24775878,0.50268963,7.9662262,6.5573204,52.237098,False,0.92446971,True,True,True,0.50268963,7.9662262,6.5573204,52.237098,0.49403818,7.9858621,6.4379073,51.41224,0.75259474,7.4225793,1.2457127,9.246401,0.45242936,5.5404471,1.9417778,10.758317,0.45516036,7.6050432,3.3958804,25.825817,0.49338689,8.6301869,3.408953,29.419901,0.50603403,8.6814086,2.6173656,22.722421,0.57049586,7.8985095,2.7699427,21.878419
0b_baseline_best,file,13,baseline,5492,094.White_breasted_Nuthatch/White_Breasted_Nuthatch_0131_86416.jpg,94,93,094.White_breasted_Nuthatch,73,72,identity,identity,0,{},0.0054791989,0.0054791989,0,0.9945358,0.9945358,0.0020903477,0.0020903477,0.99244546,0.99244546,0,1,1,0.84609682,0.84609682,False,1,True,True,True,1,1,0.84609682,0.84609682,1,1,0.8296476,0.8296476,1,1,0.16602619,0.16602619,1,1,0.20766588,0.20766588,1,1,0.31658278,0.31658278,1,1,0.43345326,0.43345326,1,1,0.40844498,0.40844498,1,1,0.43618383,0.43618383
0b_baseline_best,file,13,baseline,5492,094.White_breasted_Nuthatch/White_Breasted_Nuthatch_0131_86416.jpg,94,93,094.White_breasted_Nuthatch,73,72,horizontal_flip,horizontal_flip,0,"{""flipped"":true}",0.0054791989,0.004624268,-0.00085493084,0.9945358,0.99538642,0.0020903477,0.00067386538,0.99244546,0.99471256,0.0022671002,0.66777588,0.81601122,0.84609682,0.6904245,False,0.97617888,True,True,True,0.66777588,0.81601122,0.84609682,0.6904245,0.6565814,0.81641027,0.8296476,0.67733282,0.9509817,0.80598247,0.16602619,0.1338142,0.74806832,0.90695162,0.20766588,0.18834291,0.55192012,0.93416284,0.31658278,0.29573987,0.64282945,0.74540384,0.43345326,0.32309772,0.58994088,0.76219976,0.40844498,0.31131666,0.76874855,0.84090543,0.43618383,0.36678935
0b_baseline_best,file,13,baseline,5492,094.White_breasted_Nuthatch/White_Breasted_Nuthatch_0131_86416.jpg,94,93,094.White_breasted_Nuthatch,73,72,color_jitter,color_jitter,0,"{""brightness"":0.836836,""contrast"":0.836261,""hue"":0.066684,""saturation"":0.632963}",0.0054791989,0.015226791,0.0097475918,0.9945358,0.98488855,0.0020903477,0.0031156903,0.99244546,0.98177286,-0.010672593,0.73392676,3.1082847,0.84609682,2.6299098,False,0.96936101,True,True,True,0.73392676,3.1082847,0.84609682,2.6299098,0.72715093,3.1183535,0.8296476,2.5871344,0.922335,2.8453293,0.16602619,0.47239918,0.56594049,2.5332198,0.20766588,0.52606333,0.63769692,3.2707643,0.31658278,1.0354676,0.69526398,3.3206261,0.43345326,1.4393362,0.75453309,3.0880622,0.40844498,1.2613035,0.82632418,2.9731144,0.43618383,1.2968244
0b_baseline_best,file,13,baseline,5492,094.White_breasted_Nuthatch/White_Breasted_Nuthatch_0131_86416.jpg,94,93,094.White_breasted_Nuthatch,73,72,rotation,rotation,0,"{""angle"":0.351687}",0.0054791989,0.0038788097,-0.0016003891,0.9945358,0.99612868,0.0020903477,0.0019803536,0.99244546,0.99414832,0.0017028686,0.92242123,0.77625985,0.84609682,0.65679099,False,0.99551708,True,True,True,0.92242123,0.77625985,0.84609682,0.65679099,0.91968094,0.77564722,0.8296476,0.64351385,0.98966563,0.79140387,0.16602619,0.13139377,0.90445758,0.92648867,0.20766588,0.19240009,0.89614901,0.79921273,0.31658278,0.25301699,0.90980923,0.7817967,0.43345326,0.33887233,0.92216641,0.75638581,0.40844498,0.30894199,0.95165197,0.73504955,0.43618383,0.32061673
0b_baseline_best,file,13,baseline,5492,094.White_breasted_Nuthatch/White_Breasted_Nuthatch_0131_86416.jpg,94,93,094.White_breasted_Nuthatch,73,72,random_resized_crop,random_resized_crop,0,"{""area_fraction"":0.877978,""aspect"":1.131212,""fallback"":false,""height"":0.880987,""left"":0.000364,""top"":0.071769,""width"":0.996583}",0.0054791989,0.0091926428,0.0037134439,0.9945358,0.99084949,0.0020903477,0.0044326163,0.99244546,0.98641688,-0.0060285775,0.81547977,1.8055693,0.84609682,1.5276865,False,0.9839977,True,True,True,0.81547977,1.8055693,0.84609682,1.5276865,0.80912639,1.8075193,0.8296476,1.499604,0.97909351,1.7561759,0.16602619,0.29157119,0.81349511,2.101602,0.20766588,0.43643104,0.70998897,1.8143607,0.31658278,0.57439536,0.83194314,1.8974292,0.43345326,0.82244685,0.79102936,1.7975007,0.40844498,0.73418011,0.86440858,1.6420137,0.43618383,0.71621984
0b_baseline_best,file,13,baseline,5492,094.White_breasted_Nuthatch/White_Breasted_Nuthatch_0131_86416.jpg,94,93,094.White_breasted_Nuthatch,73,72,gaussian_blur,gaussian_blur,0,"{""sigma"":1.985565}",0.0054791989,0.25922832,0.25374912,0.9945358,0.7716468,0.0020903477,0.18060653,0.99244546,0.59104027,-0.40140519,0.58734996,46.101618,0.84609682,39.006432,False,0.90884769,True,True,True,0.58734996,46.101618,0.84609682,39.006432,0.57709279,46.174353,0.8296476,38.308441,0.85515449,44.246593,0.16602619,7.3460933,0.50702883,44.904832,0.20766588,9.3252017,0.53448653,47.788503,0.31658278,15.129017,0.57916834,48.93773,0.43345326,21.212218,0.58257234,49.20023,0.40844498,20.095587,0.623334,39.569921,0.43618383,17.25976
0b_baseline_best,file,13,baseline,5492,094.White_breasted_Nuthatch/White_Breasted_Nuthatch_0131_86416.jpg,94,93,094.White_breasted_Nuthatch,73,72,random_erasing,random_erasing,0,"{""area_fraction"":0.053251,""erased"":true,""height"":0.37736,""left"":0.353379,""top"":0.279539,""width"":0.141114}",0.0054791989,0.034638863,0.029159664,0.9945358,0.96595418,0.0020903477,0.020274309,0.99244546,0.94567988,-0.046765581,0.71960971,8.6242629,0.84609682,7.2969614,False,0.96453345,True,True,True,0.71960971,8.6242629,0.84609682,7.2969614,0.71373672,8.6933448,0.8296476,7.2124126,0.93531838,6.6711625,0.16602619,1.1075877,0.75470819,9.7344179,0.20766588,2.0215065,0.70692041,9.3590414,0.31658278,2.9629113,0.70271559,9.5485198,0.43345326,4.138837,0.67726738,8.6677088,0.40844498,3.5402821,0.78209879,7.0625806,0.43618383,3.0805835
0b_baseline_best,file,13,baseline,6081,104.American_Pipit/American_Pipit_0062_100000.jpg,104,103,104.American_Pipit,150,149,identity,identity,0,{},0.018519819,0.018519819,0,0.98165059,0.98165059,0.0053831325,0.0053831325,0.97626746,0.97626746,0,1,1,3.0076852,3.0076852,False,1,True,True,True,1,1,3.0076852,3.0076852,1,1,2.9546813,2.9546813,1,1,0.56216427,0.56216427,1,1,0.45713281,0.45713281,1,1,1.2442338,1.2442338,1,1,1.819242,1.819242,1,1,1.3443741,1.3443741,1,1,1.3623767,1.3623767
0b_baseline_best,file,13,baseline,6081,104.American_Pipit/American_Pipit_0062_100000.jpg,104,103,104.American_Pipit,150,149,horizontal_flip,horizontal_flip,0,"{""flipped"":true}",0.018519819,0.026274322,0.0077545028,0.98165059,0.97406787,0.0053831325,0.0022934317,0.97626746,0.97177444,-0.0044930233,0.69953302,1.6086594,3.0076852,4.838341,False,0.96583754,True,True,True,0.69953302,1.6086594,3.0076852,4.838341,0.69269476,1.6144149,2.9546813,4.7700817,0.91562936,1.440602,0.56216427,0.80985496,0.62330219,1.6240164,0.45713281,0.74239119,0.64805543,1.795062,1.2442338,2.2334767,0.72175592,1.6129989,1.819242,2.9344354,0.65174453,1.6017534,1.3443741,2.1533559,0.74104481,1.4618189,1.3623767,1.991548
0b_baseline_best,file,13,baseline,6081,104.American_Pipit/American_Pipit_0062_100000.jpg,104,103,104.American_Pipit,150,149,color_jitter,color_jitter,0,"{""brightness"":0.831428,""contrast"":1.122786,""hue"":-0.09607,""saturation"":1.114831}",0.018519819,0.2772975,0.25877768,0.98165059,0.75782901,0.0053831325,0.086175181,0.97626746,0.67165383,-0.30461363,0.72011353,13.932038,3.0076852,41.903185,False,0.94817489,True,True,True,0.72011353,13.932038,3.0076852,41.903185,0.71241218,13.950524,2.9546813,41.219351,0.94195396,13.411318,0.56216427,7.5393641,0.40924908,14.858842,0.45713281,6.7924641,0.50776588,15.65686,1.2442338,19.480793,0.76004484,13.207385,1.819242,24.027429,0.76745792,13.929751,1.3443741,18.726797,0.8152781,13.641276,1.3623767,18.584557
0b_baseline_best,file,13,baseline,6081,104.American_Pipit/American_Pipit_0062_100000.jpg,104,103,104.American_Pipit,150,149,rotation,rotation,0,"{""angle"":-4.586376}",0.018519819,0.17892502,0.1604052,0.98165059,0.83616859,0.0053831325,0.038195755,0.97626746,0.79797283,-0.17829463,0.8339257,9.4262164,3.0076852,28.351092,False,0.96428436,True,True,True,0.8339257,9.4262164,3.0076852,28.351092,0.8305551,9.4761546,2.9546813,27.999017,0.95828289,7.9232186,0.56216427,4.4541504,0.7325362,9.7813208,0.45713281,4.4713626,0.71995443,9.2573543,1.2442338,11.518313,0.8775235,9.7520705,1.819242,17.741376,0.82070799,9.5935445,1.3443741,12.897313,0.85902083,8.9952551,1.3623767,12.254926
0b_baseline_best,file,13,baseline,6081,104.American_Pipit/American_Pipit_0062_100000.jpg,104,103,104.American_Pipit,150,149,random_resized_crop,random_resized_crop,0,"{""area_fraction"":0.82896,""aspect"":1.106566,""fallback"":false,""height"":0.865522,""left"":0.04005,""top"":0.0316,""width"":0.957757}",0.018519819,0.087538086,0.069018267,0.98165059,0.91618401,0.0053831325,0.01507307,0.97626746,0.90111094,-0.075156521,0.81212906,5.2621147,3.0076852,15.826785,False,0.97231936,True,True,True,0.81212906,5.2621147,3.0076852,15.826785,0.8083429,5.2952109,2.9546813,15.645661,0.96180189,4.2470755,0.56216427,2.3875541,0.67660565,5.3978163,0.45713281,2.4675189,0.7549659,5.836086,1.2442338,7.2614553,0.84538313,5.5426117,1.819242,10.083352,0.79378311,4.9596838,1.3443741,6.6676705,0.83273912,4.6328562,1.3623767,6.3116954
0b_baseline_best,file,13,baseline,6081,104.American_Pipit/American_Pipit_0062_100000.jpg,104,103,104.American_Pipit,150,149,gaussian_blur,gaussian_blur,0,"{""sigma"":1.471948}",0.018519819,0.31559598,0.29707617,0.98165059,0.72935402,0.0053831325,0.0092662256,0.97626746,0.7200878,-0.25617966,0.60568612,22.741115,3.0076852,68.398115,False,0.89430845,True,True,True,0.60568612,22.741115,3.0076852,68.398115,0.603024,22.98735,2.9546813,67.920293,0.79020289,14.356452,0.56216427,8.0706841,0.46201023,24.902941,0.45713281,11.383951,0.46866966,25.834892,1.2442338,32.144645,0.68181915,24.69487,1.819242,44.925944,0.61201802,21.416691,1.3443741,28.792046,0.611356,18.023996,1.3623767,24.555473
0b_baseline_best,file,13,baseline,6081,104.American_Pipit/American_Pipit_0062_100000.jpg,104,103,104.American_Pipit,150,149,random_erasing,random_erasing,0,"{""area_fraction"":0.196839,""erased"":true,""height"":0.297784,""left"":0.201585,""top"":0.133381,""width"":0.661012}",0.018519819,4.7708654,4.7523456,0.98165059,0.0084730461,0.0053831325,0.011429954,0.97626746,-0.0029569082,-0.97922437,0.53543549,41.252535,3.0076852,124.07464,False,0.75333637,False,True,False,0.53543549,41.252535,3.0076852,124.07464,0.52937705,41.248092,2.9546813,121.87496,0.70228576,41.375099,0.56216427,23.259602,0.51718667,36.679209,0.45713281,16.76727,0.56885032,46.565391,1.2442338,57.938232,0.53898263,35.31477,1.819242,64.246113,0.49971638,41.640772,1.3443741,55.980776,0.5259057,46.155932,1.3623767,62.881768
0b_baseline_best,file,13,baseline,7469,128.Seaside_Sparrow/Seaside_Sparrow_0039_796530.jpg,128,127,128.Seaside_Sparrow,125,124,identity,identity,0,{},6.0780125,6.0780125,0,0.0022927288,0.0022927288,0.36134052,0.36134052,-0.35904779,-0.35904779,0,1,1,228.05532,228.05532,False,1,True,False,False,1,1,228.05532,228.05532,1,1,226.66493,226.66493,1,1,25.144338,25.144338,1,1,76.30434,76.30434,1,1,118.20326,118.20326,1,1,128.62058,128.62058,1,1,94.615301,94.615301,1,1,78.021267,78.021267
0b_baseline_best,file,13,baseline,7469,128.Seaside_Sparrow/Seaside_Sparrow_0039_796530.jpg,128,127,128.Seaside_Sparrow,125,124,horizontal_flip,horizontal_flip,0,"{""flipped"":true}",6.0780125,6.7661247,0.68811226,0.0022927288,0.0011521513,0.36134052,0.4220067,-0.35904779,-0.42085455,-0.061806751,0.70936573,1.14247,228.05532,260.54636,False,0.93356448,True,False,False,0.70936573,1.14247,228.05532,260.54636,0.7067593,1.1414244,226.66493,258.72088,0.90853386,1.2244591,25.144338,30.788214,0.85449309,1.1143981,76.30434,85.033412,0.68516094,1.1393618,118.20326,134.67627,0.71134249,1.0847998,128.62058,139.52758,0.62848865,1.1900727,94.615301,112.59909,0.73066758,1.2440838,78.021267,97.064995
0b_baseline_best,file,13,baseline,7469,128.Seaside_Sparrow/Seaside_Sparrow_0039_796530.jpg,128,127,128.Seaside_Sparrow,125,124,color_jitter,color_jitter,0,"{""brightness"":1.296,""contrast"":0.744336,""hue"":-0.009277,""saturation"":1.111399}",6.0780125,6.7258487,0.64783621,0.0022927288,0.001199502,0.36134052,0.054236311,-0.35904779,-0.053036809,0.30601098,0.75362154,0.74419077,228.05532,169.71666,False,0.94708407,False,False,False,0.75362154,0.74419077,228.05532,169.71666,0.75182112,0.74045054,226.66493,167.83417,0.89596148,1.002527,25.144338,25.207877,0.75826024,0.68295384,76.30434,52.112342,0.78835403,0.74312049,118.20326,87.839262,0.72167241,0.65954157,128.62058,84.830622,0.74897421,0.78006173,94.615301,73.805775,0.77152219,0.91472118,78.021267,71.367705
0b_baseline_best,file,13,baseline,7469,128.Seaside_Sparrow/Seaside_Sparrow_0039_796530.jpg,128,127,128.Seaside_Sparrow,125,124,rotation,rotation,0,"{""angle"":-14.073563}",6.0780125,5.1126919,-0.96532059,0.0022927288,0.0060198554,0.36134052,0.21945162,-0.35904779,-0.21343177,0.14561603,0.7899702,1.0162042,228.05532,231.75077,False,0.93247247,False,False,False,0.7899702,1.0162042,228.05532,231.75077,0.78851591,1.016016,226.66493,230.29519,0.90647688,1.0313825,25.144338,25.933429,0.76249643,0.8911424,76.30434,67.998032,0.81103067,0.97750624,118.20326,115.54442,0.81811832,1.0386751,128.62058,133.595,0.76096827,1.07096,94.615301,101.3292,0.73414526,1.0682352,78.021267,83.345067
0b_baseline_best,file,13,baseline,7469,128.Seaside_Sparrow/Seaside_Sparrow_0039_796530.jpg,128,127,128.Seaside_Sparrow,125,124,random_resized_crop,random_resized_crop,0,"{""area_fraction"":0.604923,""aspect"":0.918749,""fallback"":false,""height"":0.811431,""left"":0.011375,""top"":0.054472,""width"":0.745501}",6.0780125,5.3415389,-0.73647356,0.0022927288,0.0047884961,0.36134052,0.30328426,-0.35904779,-0.29849576,0.060552032,0.8049568,1.0537107,228.05532,240.30433,False,0.93002737,True,False,False,0.8049568,1.0537107,228.05532,240.30433,0.80341259,1.0532946,226.66493,238.74494,0.92694624,1.0869943,25.144338,27.331752,0.77093529,0.91111807,76.30434,69.522263,0.83342619,1.0890398,118.20326,128.72805,0.82162993,1.0770957,128.62058,138.53668,0.77577158,1.0468936,94.615301,99.05215,0.75696998,1.0405612,78.021267,81.185901
0b_baseline_best,file,13,baseline,7469,128.Seaside_Sparrow/Seaside_Sparrow_0039_796530.jpg,128,127,128.Seaside_Sparrow,125,124,gaussian_blur,gaussian_blur,0,"{""sigma"":1.745012}",6.0780125,4.3235235,-1.7544889,0.0022927288,0.013253099,0.36134052,0.0071782731,-0.35904779,0.0060748262,0.36512262,0.43170132,0.89703481,228.05532,204.57356,False,0.77097392,False,False,False,0.43170132,0.89703481,228.05532,204.57356,0.42834658,0.89661947,226.66493,203.23219,0.69477021,0.93016628,25.144338,23.388415,0.55381389,0.78803105,76.30434,60.130189,0.47786005,0.86777395,118.20326,102.57371,0.33378661,0.82487484,128.62058,106.09588,0.42137361,1.0140089,94.615301,95.940755,0.47227635,1.0495371,78.021267,81.886218
0b_baseline_best,file,13,baseline,7469,128.Seaside_Sparrow/Seaside_Sparrow_0039_796530.jpg,128,127,128.Seaside_Sparrow,125,124,random_erasing,random_erasing,0,"{""area_fraction"":0.088625,""erased"":true,""height"":0.294985,""left"":0.65038,""top"":0.104646,""width"":0.300439}",6.0780125,6.9101839,0.83217144,0.0022927288,0.00099757407,0.36134052,0.18670867,-0.35904779,-0.1857111,0.17333669,0.87842393,0.89377051,228.05532,203.82912,False,0.9411366,False,False,False,0.87842393,0.89377051,228.05532,203.82912,0.87810656,0.8907531,226.66493,201.90249,0.92044485,1.111932,25.144338,27.958794,0.91113938,1.0362682,76.30434,79.071757,0.91227738,0.88443908,118.20326,104.54358,0.87167342,0.80109793,128.62058,103.03768,0.84850244,0.87942586,94.615301,83.207143,0.85458642,0.99632997,78.021267,77.734927
0b_baseline_best,file,13,baseline,8975,153.Philadelphia_Vireo/Philadelphia_Vireo_0071_794796.jpg,153,152,153.Philadelphia_Vireo,155,154,identity,identity,0,{},0.22062345,0.22062345,0,0.80201864,0.80201864,0.17076655,0.17076655,0.6312521,0.6312521,0,1,1,31.184655,31.184655,False,1,True,True,True,1,1,31.184655,31.184655,1,1,30.265463,30.265463,1,1,7.515614,7.515614,1,1,6.4993416,6.4993416,1,1,13.409335,13.409335,1,1,17.628621,17.628621,1,1,13.849776,13.849776,1,1,13.833364,13.833364
0b_baseline_best,file,13,baseline,8975,153.Philadelphia_Vireo/Philadelphia_Vireo_0071_794796.jpg,153,152,153.Philadelphia_Vireo,155,154,horizontal_flip,horizontal_flip,0,"{""flipped"":true}",0.22062345,0.66237569,0.44175224,0.80201864,0.51562494,0.17076655,0.45596981,0.6312521,0.05965513,-0.57159697,0.72966473,2.6185663,31.184655,81.659086,False,0.95657766,True,True,True,0.72966473,2.6185663,31.184655,81.659086,0.71561978,2.6169892,30.265463,79.204388,0.95513769,2.6440111,7.515614,19.871366,0.71471333,2.3951686,6.4993416,15.567019,0.67632986,2.6465012,13.409335,35.487822,0.75444304,2.7279339,17.628621,48.089712,0.67503178,2.5838598,13.849776,35.785881,0.73105608,2.4814908,13.833364,34.327364
0b_baseline_best,file,13,baseline,8975,153.Philadelphia_Vireo/Philadelphia_Vireo_0071_794796.jpg,153,152,153.Philadelphia_Vireo,155,154,color_jitter,color_jitter,0,"{""brightness"":1.282592,""contrast"":1.185852,""hue"":0.050155,""saturation"":1.042697}",0.22062345,0.48903823,0.26841478,0.80201864,0.61321586,0.17076655,0.11676872,0.6312521,0.49644715,-0.13480495,0.58908395,1.7472,31.184655,54.485829,False,0.91937566,True,True,True,0.58908395,1.7472,31.184655,54.485829,0.57797326,1.7650183,30.265463,53.419097,0.82453791,1.4275255,7.515614,10.728731,0.48751374,2.265407,6.4993416,14.723654,0.55071567,1.9181928,13.409335,25.721691,0.60340787,1.6845066,17.628621,29.695527,0.5555294,1.6856342,13.849776,23.345656,0.62462876,1.6928048,13.833364,23.417184
0b_baseline_best,file,13,baseline,8975,153.Philadelphia_Vireo/Philadelphia_Vireo_0071_794796.jpg,153,152,153.Philadelphia_Vireo,155,154,rotation,rotation,0,"{""angle"":-12.60683}",0.22062345,0.89450449,0.67388104,0.80201864,0.40881014,0.17076655,0.57234198,0.6312521,-0.16353184,-0.79478393,0.77447531,3.3232399,31.184655,103.63409,False,0.95614004,False,True,False,0.77447531,3.3232399,31.184655,103.63409,0.76279565,3.3108808,30.265463,100.20534,0.95408462,3.5176076,7.515614,26.436981,0.78712842,2.8515712,6.4993416,18.533335,0.7773887,3.4039182,13.409335,45.644281,0.77989423,3.2292344,17.628621,56.926948,0.72941228,3.4083189,13.849776,47.204455,0.75419307,3.3482273,13.833364,46.317246
0b_baseline_best,file,13,baseline,8975,153.Philadelphia_Vireo/Philadelphia_Vireo_0071_794796.jpg,153,152,153.Philadelphia_Vireo,155,154,random_resized_crop,random_resized_crop,0,"{""area_fraction"":0.67394,""aspect"":1.185953,""fallback"":false,""height"":0.753836,""left"":0.081598,""top"":0.149825,""width"":0.894014}",0.22062345,0.22473064,0.0041071922,0.80201864,0.79873133,0.17076655,0.13824327,0.6312521,0.66048805,0.029235959,0.80468031,0.91720792,31.184655,28.602812,False,0.95265329,True,True,True,0.80468031,0.91720792,31.184655,28.602812,0.79639671,0.91928734,30.265463,27.822657,0.94518869,0.88280279,7.515614,6.634805,0.62182455,0.71154278,6.4993416,4.6245596,0.78612468,0.95488345,13.409335,12.804352,0.86325749,0.94322485,17.628621,16.627753,0.76010539,0.91287363,13.849776,12.643096,0.7659229,0.89250481,13.833364,12.346344
0b_baseline_best,file,13,baseline,8975,153.Philadelphia_Vireo/Philadelphia_Vireo_0071_794796.jpg,153,152,153.Philadelphia_Vireo,155,154,gaussian_blur,gaussian_blur,0,"{""sigma"":1.65964}",0.22062345,1.817166,1.5965425,0.80201864,0.16248558,0.17076655,0.064586937,0.6312521,0.097898647,-0.53335345,0.20855834,5.7224182,31.184655,178.45164,False,0.84742558,False,True,False,0.20855834,5.7224182,31.184655,178.45164,0.19567642,5.818293,30.265463,176.09333,0.54183053,3.8474348,7.515614,28.915835,-0.016535572,5.8110044,6.4993416,37.767702,0.19622617,5.9757228,13.409335,80.13047,0.21283518,5.7462729,17.628621,101.29887,0.21697951,6.4506667,13.849776,89.340292,0.19329988,5.0697328,13.833364,70.131457
0b_baseline_best,file,13,baseline,8975,153.Philadelphia_Vireo/Philadelphia_Vireo_0071_794796.jpg,153,152,153.Philadelphia_Vireo,155,154,random_erasing,random_erasing,0,"{""area_fraction"":0.190822,""erased"":true,""height"":0.450458,""left"":0.038209,""top"":0.446257,""width"":0.423617}",0.22062345,1.6460617,1.4254382,0.80201864,0.19280778,0.17076655,0.56101966,0.6312521,-0.36821188,-0.99946398,0.6122442,3.9387114,31.184655,122.82735,False,0.89826638,False,True,False,0.6122442,3.9387114,31.184655,122.82735,0.59732437,3.9645875,30.265463,119.99008,0.89158207,3.49242,7.515614,26.247681,0.60414529,3.146469,6.4993416,20.449977,0.51031362,4.8092845,13.409335,64.489308,0.62649041,3.6086508,17.628621,63.615536,0.62284357,3.9299839,13.849776,54.429399,0.64834428,3.8327147,13.833364,53.019336
0b_baseline_best,file,13,baseline,7079,121.Grasshopper_Sparrow/Grasshopper_Sparrow_0115_115914.jpg,121,120,121.Grasshopper_Sparrow,119,118,identity,identity,0,{},3.8805463,3.8805463,0,0.020639548,0.020639548,0.31100887,0.31100887,-0.29036932,-0.29036932,0,1,1,143.15968,143.15968,False,0.99999994,True,False,False,1,1,143.15968,143.15968,1,1,139.71432,139.71432,1,1,31.218633,31.218633,1,1,24.639819,24.639819,1,1,61.055824,61.055824,1,1,78.06311,78.06311,1,1,64.910193,64.910193,1,1,69.842497,69.842497
0b_baseline_best,file,13,baseline,7079,121.Grasshopper_Sparrow/Grasshopper_Sparrow_0115_115914.jpg,121,120,121.Grasshopper_Sparrow,119,118,horizontal_flip,horizontal_flip,0,"{""flipped"":true}",3.8805463,3.2036099,-0.67693639,0.020639548,0.040615328,0.31100887,0.43217599,-0.29036932,-0.39156067,-0.10119134,0.56576436,1.0565547,143.15968,151.25604,False,0.96316826,True,False,False,0.56576436,1.0565547,143.15968,151.25604,0.5475755,1.059166,139.71432,147.98065,0.95133949,1.0028238,31.218633,31.306789,0.39603577,1.0843214,24.639819,26.717481,0.40089904,1.2237005,61.055824,74.71404,0.52445992,1.0354449,78.06311,80.830051,0.57406807,1.0585987,64.910193,68.713843,0.73006263,0.94402539,69.842497,65.933091
0b_baseline_best,file,13,baseline,7079,121.Grasshopper_Sparrow/Grasshopper_Sparrow_0115_115914.jpg,121,120,121.Grasshopper_Sparrow,119,118,color_jitter,color_jitter,0,"{""brightness"":1.015779,""contrast"":0.944496,""hue"":0.072567,""saturation"":1.222904}",3.8805463,6.0106478,2.1301014,0.020639548,0.0024524983,0.31100887,0.0067532146,-0.29036932,-0.0043007163,0.28606861,0.71984684,1.5774398,143.15968,225.82577,False,0.90599871,False,False,False,0.71984684,1.5774398,143.15968,225.82577,0.7202809,1.6005195,139.71432,223.6155,0.78135056,1.009591,31.218633,31.51805,0.58174859,1.7498076,24.639819,43.114943,0.62069333,1.6688706,61.055824,101.89427,0.78773072,1.6293547,78.06311,127.1925,0.71165988,1.6496442,64.910193,107.07872,0.74810962,1.4402703,69.842497,100.59208
0b_baseline_best,file,13,baseline,7079,121.Grasshopper_Sparrow/Grasshopper_Sparrow_0115_115914.jpg,121,120,121.Grasshopper_Sparrow,119,118,rotation,rotation,0,"{""angle"":-8.021096}",3.8805463,4.480372,0.59982562,0.020639548,0.0113292,0.31100887,0.57363492,-0.29036932,-0.56230572,-0.2719364,0.69182094,0.98428549,143.15968,140.91,False,0.95227528,True,False,False,0.69182094,0.98428549,143.15968,140.91,0.67997494,0.98058015,139.71432,137.00109,0.91397792,1.0557637,31.218633,32.9595,0.69528271,1.1109248,24.639819,27.372985,0.6539679,1.1633594,61.055824,71.029868,0.70423099,0.93132974,78.06311,72.702496,0.62830888,0.93807201,64.910193,60.890435,0.73297928,0.9034464,69.842497,63.098952
0b_baseline_best,file,13,baseline,7079,121.Grasshopper_Sparrow/Grasshopper_Sparrow_0115_115914.jpg,121,120,121.Grasshopper_Sparrow,119,118,random_resized_crop,random_resized_crop,0,"{""area_fraction"":0.641859,""aspect"":1.004703,""fallback"":false,""height"":0.799284,""left"":0.152703,""top"":0.093844,""width"":0.803043}",3.8805463,3.6118197,-0.26872659,0.020639548,0.027002664,0.31100887,0.25570601,-0.29036932,-0.22870335,0.061665975,0.70027324,0.91650429,143.15968,131.20646,False,0.94154751,True,False,False,0.70027324,0.91650429,143.15968,131.20646,0.68862435,0.91384657,139.71432,127.67745,0.92159869,0.96819992,31.218633,30.225878,0.63053036,0.97438188,24.639819,24.008593,0.65708242,0.93182793,61.055824,56.893522,0.70208755,0.85191908,78.06311,66.503453,0.65296717,0.9231619,64.910193,59.922617,0.73710725,0.95778467,69.842497,66.894073
0b_baseline_best,file,13,baseline,7079,121.Grasshopper_Sparrow/Grasshopper_Sparrow_0115_115914.jpg,121,120,121.Grasshopper_Sparrow,119,118,gaussian_blur,gaussian_blur,0,"{""sigma"":1.045506}",3.8805463,5.3257165,1.4451702,0.020639548,0.0048648641,0.31100887,0.066293083,-0.29036932,-0.061428219,0.2289411,0.70969933,1.0946934,143.15968,156.71596,False,0.95370245,False,False,False,0.70969933,1.0946934,143.15968,156.71596,0.70088779,1.1000889,139.71432,153.69817,0.91224217,0.98039544,31.218633,30.606606,0.63969069,1.3899222,24.639819,34.24743,0.591101,1.0867261,61.055824,66.35096,0.71608694,1.1386286,78.06311,88.884892,0.69990334,1.052775,64.910193,68.335827,0.78217759,1.0596702,69.842497,74.010014
0b_baseline_best,file,13,baseline,7079,121.Grasshopper_Sparrow/Grasshopper_Sparrow_0115_115914.jpg,121,120,121.Grasshopper_Sparrow,119,118,random_erasing,random_erasing,0,"{""area_fraction"":0.121792,""erased"":true,""height"":0.246654,""left"":0.080385,""top"":0.57264,""width"":0.493774}",3.8805463,3.9667909,0.086244583,0.020639548,0.018934095,0.31100887,0.46537027,-0.29036932,-0.44643617,-0.15606685,0.93522337,1.0297095,143.15968,147.41289,False,0.98179805,True,False,False,0.93522337,1.0297095,143.15968,147.41289,0.93356587,1.0286978,139.71432,143.72381,0.96793763,1.0497688,31.218633,32.772348,0.89696711,1.1747815,24.639819,28.946402,0.94505379,1.0583098,61.055824,64.615974,0.94582862,1.0108605,78.06311,78.910914,0.92267258,1.0169003,64.910193,66.007196,0.92564635,1.0184399,69.842497,71.130388
0b_baseline_best,file,13,baseline,7290,125.Lincoln_Sparrow/Lincoln_Sparrow_0014_117883.jpg,125,124,125.Lincoln_Sparrow,129,128,identity,identity,0,{},0.14051379,0.14051379,0,0.86891168,0.86891168,0.06692338,0.06692338,0.8019883,0.8019883,0,1,1,24.769661,24.769661,False,0.99999988,True,True,True,1,1,24.769661,24.769661,1,1,24.450725,24.450725,1,1,3.9620871,3.9620871,1,1,5.6504201,5.6504201,1,1,10.145615,10.145615,1,1,15.496232,15.496232,1,1,11.117796,11.117796,1,1,9.9618587,9.9618587
0b_baseline_best,file,13,baseline,7290,125.Lincoln_Sparrow/Lincoln_Sparrow_0014_117883.jpg,125,124,125.Lincoln_Sparrow,129,128,horizontal_flip,horizontal_flip,0,"{""flipped"":true}",0.14051379,0.030751199,-0.10976259,0.86891168,0.96971679,0.06692338,0.010977071,0.8019883,0.95873972,0.15675141,0.69811891,0.18428388,24.769661,4.5646492,False,0.95938885,True,True,True,0.69811891,0.18428388,24.769661,4.5646492,0.69049023,0.18318004,24.450725,4.4788848,0.95023833,0.22227907,3.9620871,0.88068902,0.52314279,0.12018079,5.6504201,0.67907198,0.58890455,0.18614697,10.145615,1.8885755,0.74567196,0.16725273,15.496232,2.591787,0.66217957,0.18785626,11.117796,2.0885475,0.76684425,0.22340914,9.9618587,2.2255702
0b_baseline_best,file,13,baseline,7290,125.Lincoln_Sparrow/Lincoln_Sparrow_0014_117883.jpg,125,124,125.Lincoln_Sparrow,129,128,color_jitter,color_jitter,0,"{""brightness"":1.365975,""contrast"":0.787487,""hue"":0.094464,""saturation"":1.02068}",0.14051379,0.42827171,0.28775792,0.86891168,0.65163434,0.06692338,0.0048192414,0.8019883,0.64681509,-0.15517321,0.40970853,2.2334042,24.769661,55.320665,False,0.76967376,True,True,True,0.40970853,2.2334042,24.769661,55.320665,0.40282772,2.2300939,24.450725,54.527413,0.65834922,2.3560149,3.9620871,9.3347363,0.14639742,2.2185906,5.6504201,12.535969,0.27639426,2.0919109,10.145615,21.223722,0.43768517,1.9134998,15.496232,29.652037,0.39186505,2.4882178,11.117796,27.663497,0.54405983,2.6956671,9.9618587,26.853855
0b_baseline_best,file,13,baseline,7290,125.Lincoln_Sparrow/Lincoln_Sparrow_0014_117883.jpg,125,124,125.Lincoln_Sparrow,129,128,rotation,rotation,0,"{""angle"":-12.509004}",0.14051379,0.08937867,-0.051135123,0.86891168,0.91449922,0.06692338,0.055208035,0.8019883,0.85929119,0.057302885,0.76215917,0.68666813,24.769661,17.008537,False,0.94939232,True,True,True,0.76215917,0.68666813,24.769661,17.008537,0.75697275,0.68422165,24.450725,16.729716,0.94238577,0.77410539,3.9620871,3.067073,0.52322704,0.71763962,5.6504201,4.0549653,0.6832849,0.77406063,10.145615,7.8533209,0.81359102,0.64703754,15.496232,10.026644,0.7590344,0.67938948,11.117796,7.5533134,0.80132937,0.66722421,9.9618587,6.6467933
0b_baseline_best,file,13,baseline,7290,125.Lincoln_Sparrow/Lincoln_Sparrow_0014_117883.jpg,125,124,125.Lincoln_Sparrow,129,128,random_resized_crop,random_resized_crop,0,"{""area_fraction"":0.74627,""aspect"":0.802433,""fallback"":false,""height"":0.96437,""left"":0.151663,""top"":0.009903,""width"":0.773842}",0.14051379,0.33810693,0.19759314,0.86891168,0.71311903,0.06692338,0.049087521,0.8019883,0.66403151,-0.13795679,0.79334209,2.4841801,24.769661,61.532297,False,0.95832646,True,True,True,0.79334209,2.4841801,24.769661,61.532297,0.79140831,2.4945903,24.450725,60.994542,0.89811496,2.048727,3.9620871,8.1172347,0.72344329,2.8393242,5.6504201,16.043375,0.69304515,2.5000405,10.145615,25.364448,0.85183988,2.6584977,15.496232,41.196697,0.78460446,2.2883243,11.117796,25.441121,0.78568341,2.1881868,9.9618587,21.798408
0b_baseline_best,file,13,baseline,7290,125.Lincoln_Sparrow/Lincoln_Sparrow_0014_117883.jpg,125,124,125.Lincoln_Sparrow,129,128,gaussian_blur,gaussian_blur,0,"{""sigma"":1.547664}",0.14051379,3.8481681,3.7076543,0.86891168,0.021318752,0.06692338,0.0087164436,0.8019883,0.012602309,-0.78938599,0.33473813,10.114902,24.769661,250.5427,False,0.68408698,False,True,False,0.33473813,10.114902,24.769661,250.5427,0.33074381,10.125766,24.450725,247.58232,0.49397428,9.6921199,3.9620871,38.401023,0.32151906,14.16517,5.6504201,80.03916,0.23033836,12.826567,10.145615,130.13341,0.41471103,9.4340698,15.496232,146.19253,0.34302594,8.9978747,11.117796,100.03653,0.28674556,8.1405926,9.9618587,81.095433
0b_baseline_best,file,13,baseline,7290,125.Lincoln_Sparrow/Lincoln_Sparrow_0014_117883.jpg,125,124,125.Lincoln_Sparrow,129,128,random_erasing,random_erasing,0,"{""area_fraction"":0.055244,""erased"":true,""height"":0.375548,""left"":0.33511,""top"":0.331354,""width"":0.147102}",0.14051379,0.35040739,0.2098936,0.86891168,0.70440108,0.06692338,0.060488045,0.8019883,0.64391303,-0.15807527,0.81509883,2.0463131,24.769661,50.686481,False,0.95535767,True,True,True,0.81509883,2.0463131,24.769661,50.686481,0.81256673,2.0479181,24.450725,50.073081,0.91502188,1.9842251,3.9620871,7.8616728,0.65597936,1.7984019,5.6504201,10.161726,0.76431862,2.1836696,10.145615,22.15467,0.85621678,1.9773504,15.496232,30.641481,0.79737539,2.0609812,11.117796,22.913568,0.83206474,2.1277653,9.9618587,21.196497
0b_baseline_best,file,13,baseline,6478,111.Loggerhead_Shrike/Loggerhead_Shrike_0128_105238.jpg,111,110,111.Loggerhead_Shrike,78,77,identity,identity,0,{},1.5665407,1.5665407,0,0.20876612,0.20876612,0.44362819,0.44362819,-0.23486207,-0.23486207,0,1,1,142.86339,142.86339,False,1,True,False,False,1,1,142.86339,142.86339,1,1,140.04738,140.04738,1,1,28.225523,28.225523,1,1,38.880537,38.880537,1,1,68.66482,68.66482,1,1,77.503379,77.503379,1,1,65.004534,65.004534,1,1,56.16362,56.16362
0b_baseline_best,file,13,baseline,6478,111.Loggerhead_Shrike/Loggerhead_Shrike_0128_105238.jpg,111,110,111.Loggerhead_Shrike,78,77,horizontal_flip,horizontal_flip,0,"{""flipped"":true}",1.5665407,0.82399118,-0.74254954,0.20876612,0.43867731,0.44362819,0.17229722,-0.23486207,0.26638009,0.50124216,0.70388973,0.60105469,142.86339,85.868713,False,0.97032344,False,False,True,0.70388973,0.60105469,142.86339,85.868713,0.69379505,0.59887763,140.04738,83.871244,0.93450004,0.6523641,28.225523,18.413318,0.61377769,0.55849332,38.880537,21.71452,0.75482767,0.65104313,68.66482,44.703759,0.69258399,0.57479288,77.503379,44.54839,0.61918985,0.56615954,65.004534,36.802937,0.73319503,0.62328701,56.16362,35.006055
0b_baseline_best,file,13,baseline,6478,111.Loggerhead_Shrike/Loggerhead_Shrike_0128_105238.jpg,111,110,111.Loggerhead_Shrike,78,77,color_jitter,color_jitter,0,"{""brightness"":0.664645,""contrast"":1.122925,""hue"":-0.042477,""saturation"":0.977502}",1.5665407,3.0845084,1.5179677,0.20876612,0.045752518,0.44362819,0.24688485,-0.23486207,-0.20113233,0.033729739,0.74950759,1.1313036,142.86339,161.62187,False,0.97511196,False,False,False,0.74950759,1.1313036,142.86339,161.62187,0.74214104,1.12599,140.04738,157.69196,0.91643922,1.2550424,28.225523,35.424229,0.0075864091,0.92784569,38.880537,36.075139,0.7466893,1.1055345,68.66482,75.911327,0.81236954,1.1417751,77.503379,88.491428,0.7956695,1.1309383,65.004534,73.516119,0.82014693,1.2033226,56.16362,67.582955
0b_baseline_best,file,13,baseline,6478,111.Loggerhead_Shrike/Loggerhead_Shrike_0128_105238.jpg,111,110,111.Loggerhead_Shrike,78,77,rotation,rotation,0,"{""angle"":-6.332662}",1.5665407,1.7789104,0.21236968,0.20876612,0.16882199,0.44362819,0.66920477,-0.23486207,-0.50038278,-0.26552071,0.81813116,1.2289603,142.86339,175.57344,False,0.97853577,True,False,False,0.81813116,1.2289603,142.86339,175.57344,0.81434739,1.2360784,140.04738,173.10954,0.94104402,1.0384493,28.225523,29.310773,0.88882744,1.2873172,38.880537,50.051585,0.83337908,1.1857461,68.66482,81.41904,0.80242018,1.2331561,77.503379,95.573765,0.77885062,1.2895123,65.004534,83.824147,0.82477764,1.2169978,56.16362,68.351003
0b_baseline_best,file,13,baseline,6478,111.Loggerhead_Shrike/Loggerhead_Shrike_0128_105238.jpg,111,110,111.Loggerhead_Shrike,78,77,random_resized_crop,random_resized_crop,0,"{""area_fraction"":0.528589,""aspect"":0.772437,""fallback"":false,""height"":0.827233,""left"":0.138458,""top"":0.115787,""width"":0.638985}",1.5665407,3.9245834,2.3580427,0.20876612,0.01975036,0.44362819,0.090219162,-0.23486207,-0.070468802,0.16439327,0.59212542,0.80260229,142.86339,114.66249,False,0.83595413,False,False,False,0.59212542,0.80260229,142.86339,114.66249,0.58463551,0.80024091,140.04738,112.07164,0.76537676,0.85869118,28.225523,24.237007,0.43351722,0.53875439,38.880537,20.94706,0.58691126,0.71940992,68.66482,49.398152,0.67980756,0.75734097,77.503379,58.696484,0.55749583,0.84210141,65.004534,54.74041,0.54930705,1.0133768,56.16362,56.914909
0b_baseline_best,file,13,baseline,6478,111.Loggerhead_Shrike/Loggerhead_Shrike_0128_105238.jpg,111,110,111.Loggerhead_Shrike,78,77,gaussian_blur,gaussian_blur,0,"{""sigma"":1.887027}",1.5665407,3.4093571,1.8428164,0.20876612,0.033062447,0.44362819,0.1223949,-0.23486207,-0.08933245,0.14552962,0.52438822,1.0302335,142.86339,147.18265,False,0.87045157,False,False,False,0.52438822,1.0302335,142.86339,147.18265,0.51211649,1.0245958,140.04738,143.49195,0.79502944,1.1604217,28.225523,32.75351,0.45634743,0.66427645,38.880537,25.827425,0.35133328,0.96755593,68.66482,66.437053,0.59101386,1.1126678,77.503379,86.235514,0.51992269,1.0301447,65.004534,66.964076,0.59954303,1.0665626,56.16362,59.902016
0b_baseline_best,file,13,baseline,6478,111.Loggerhead_Shrike/Loggerhead_Shrike_0128_105238.jpg,111,110,111.Loggerhead_Shrike,78,77,random_erasing,random_erasing,0,"{""area_fraction"":0.115725,""erased"":true,""height"":0.215064,""left"":0.421602,""top"":0.324289,""width"":0.538095}",1.5665407,0.73423493,-0.83230579,0.20876612,0.47987244,0.44362819,0.11688125,-0.23486207,0.36299118,0.59785326,0.79178751,0.5810283,142.86339,83.007675,False,0.94596756,False,False,True,0.79178751,0.5810283,142.86339,83.007675,0.78735515,0.57866237,140.04738,81.040149,0.89443248,0.63650731,28.225523,17.965752,0.77685471,0.53566467,38.880537,20.82693,0.79695694,0.49329817,68.66482,33.87223,0.82906219,0.58450382,77.503379,45.301021,0.76928646,0.61300841,65.004534,39.848326,0.75208116,0.65331574,56.16362,36.692577
0b_baseline_best,file,13,baseline,7254,124.Le_Conte_Sparrow/Le_Conte_Sparrow_0016_795223.jpg,124,123,124.Le_Conte_Sparrow,126,125,identity,identity,0,{},0.35359958,0.35359958,0,0.70215607,0.70215607,0.10787274,0.10787274,0.59428333,0.59428333,0,1,1,57.681537,57.681537,False,0.99999994,True,True,True,1,1,57.681537,57.681537,1,1,57.007298,57.007298,1,1,8.7936179,8.7936179,1,1,8.8489632,8.8489632,1,1,24.775208,24.775208,1,1,36.924964,36.924964,1,1,26.889108,26.889108,1,1,21.708057,21.708057
0b_baseline_best,file,13,baseline,7254,124.Le_Conte_Sparrow/Le_Conte_Sparrow_0016_795223.jpg,124,123,124.Le_Conte_Sparrow,126,125,horizontal_flip,horizontal_flip,0,"{""flipped"":true}",0.35359958,0.22070882,-0.13289076,0.70215607,0.80195016,0.10787274,0.092597663,0.59428333,0.70935249,0.11506917,0.71169558,0.5884834,57.681537,33.944627,False,0.95461696,True,True,True,0.71169558,0.5884834,57.681537,33.944627,0.70608207,0.58663053,57.007298,33.442221,0.92588334,0.66167888,8.7936179,5.8185513,0.40139873,0.5325346,8.8489632,4.7123791,0.61249321,0.55358774,24.775208,13.715252,0.77416002,0.58822374,36.924964,21.720141,0.67017098,0.59913455,26.889108,16.110194,0.72778487,0.61245865,21.708057,13.295287
0b_baseline_best,file,13,baseline,7254,124.Le_Conte_Sparrow/Le_Conte_Sparrow_0016_795223.jpg,124,123,124.Le_Conte_Sparrow,126,125,color_jitter,color_jitter,0,"{""brightness"":0.846321,""contrast"":0.744189,""hue"":-0.04135,""saturation"":1.116882}",0.35359958,1.6385703,1.2849707,0.70215607,0.19425756,0.10787274,0.1062307,0.59428333,0.088026859,-0.50625647,0.79985966,2.6939503,57.681537,155.3912,False,0.92312419,False,True,False,0.79985966,2.6939503,57.681537,155.3912,0.7979552,2.6948363,57.007298,153.62533,0.88113482,2.6564492,8.7936179,23.359799,0.6283264,2.7530402,8.8489632,24.361551,0.75779173,2.8566321,24.775208,70.773654,0.85434596,2.6392813,36.924964,97.455366,0.78409296,2.6345241,26.889108,70.840005,0.74638977,2.7184678,21.708057,59.012656
0b_baseline_best,file,13,baseline,7254,124.Le_Conte_Sparrow/Le_Conte_Sparrow_0016_795223.jpg,124,123,124.Le_Conte_Sparrow,126,125,rotation,rotation,0,"{""angle"":-7.788469}",0.35359958,0.2637341,-0.089865476,0.70215607,0.76817775,0.10787274,0.1234077,0.59428333,0.64477005,0.050486721,0.83908479,0.72570632,57.681537,41.859856,False,0.96838677,True,True,True,0.83908479,0.72570632,57.681537,41.859856,0.83624937,0.72381018,57.007298,41.262463,0.95095455,0.80134827,8.7936179,7.0467505,0.71485574,0.62946656,8.8489632,5.5701265,0.83223239,0.72532817,24.775208,17.970157,0.8687792,0.71486525,36.924964,26.396374,0.80659742,0.73070023,26.889108,19.647878,0.8148321,0.75107155,21.708057,16.304304
0b_baseline_best,file,13,baseline,7254,124.Le_Conte_Sparrow/Le_Conte_Sparrow_0016_795223.jpg,124,123,124.Le_Conte_Sparrow,126,125,random_resized_crop,random_resized_crop,0,"{""area_fraction"":0.509397,""aspect"":0.834876,""fallback"":false,""height"":0.78112,""left"":0.211175,""top"":0.029678,""width"":0.652138}",0.35359958,0.54595602,0.19235644,0.70215607,0.57928771,0.10787274,0.0741769,0.59428333,0.50511081,-0.08917252,0.62952277,1.3503496,57.681537,77.890242,False,0.88261056,True,True,True,0.62952277,1.3503496,57.681537,77.890242,0.62494862,1.349058,57.007298,76.906151,0.81477644,1.4035582,8.7936179,12.342354,0.41371502,1.4241856,8.8489632,12.602566,0.63839079,1.4454654,24.775208,35.811706,0.66886647,1.2493931,36.924964,46.133795,0.58535758,1.3703825,26.889108,36.848362,0.59816861,1.4473213,21.708057,31.418534
0b_baseline_best,file,13,baseline,7254,124.Le_Conte_Sparrow/Le_Conte_Sparrow_0016_795223.jpg,124,123,124.Le_Conte_Sparrow,126,125,gaussian_blur,gaussian_blur,0,"{""sigma"":1.061366}",0.35359958,0.17271693,-0.18088265,0.70215607,0.84137577,0.10787274,0.074067265,0.59428333,0.7673085,0.17302518,0.74815654,0.50906813,57.681537,29.363832,False,0.91235018,True,True,True,0.74815654,0.50906813,57.681537,29.363832,0.74494206,0.50726963,57.007298,28.918071,0.87287021,0.57962931,8.7936179,5.0970387,0.45963683,0.50333393,8.8489632,4.4539834,0.69141793,0.48963521,24.775208,12.130814,0.80067351,0.49172738,36.924964,18.157016,0.72886809,0.5273553,26.889108,14.180114,0.7336413,0.54214497,21.708057,11.768914
0b_baseline_best,file,13,baseline,7254,124.Le_Conte_Sparrow/Le_Conte_Sparrow_0016_795223.jpg,124,123,124.Le_Conte_Sparrow,126,125,random_erasing,random_erasing,0,"{""area_fraction"":0.128842,""erased"":true,""height"":0.331475,""left"":0.560666,""top"":0.098523,""width"":0.388691}",0.35359958,0.82327378,0.4696742,0.70215607,0.43899214,0.10787274,0.32760075,0.59428333,0.1113914,-0.48289193,0.88136939,1.9472474,57.681537,112.32022,False,0.9735958,True,True,True,0.88136939,1.9472474,57.681537,112.32022,0.87970462,1.946663,57.007298,110.974,0.95051754,1.9716501,8.7936179,17.337938,0.84547772,1.9609309,8.8489632,17.352206,0.85748531,1.9517295,24.775208,48.354506,0.90715915,1.964803,36.924964,72.550282,0.86069404,1.8980535,26.889108,51.036965,0.86337036,1.9585601,21.708057,42.516534
0b_baseline_best,file,13,baseline,1704,031.Black_billed_Cuckoo/Black_Billed_Cuckoo_0028_26165.jpg,31,30,031.Black_billed_Cuckoo,33,32,identity,identity,0,{},0.31200305,0.31200305,0,0.73197931,0.73197931,0.20517349,0.20517349,0.52680582,0.52680582,0,1,1,51.28436,51.28436,False,1,True,True,True,1,1,51.28436,51.28436,1,1,50.08369,50.08369,1,1,11.03221,11.03221,1,1,10.445937,10.445937,1,1,26.162417,26.162417,1,1,26.925512,26.925512,1,1,23.819475,23.819475,1,1,20.553242,20.553242
0b_baseline_best,file,13,baseline,1704,031.Black_billed_Cuckoo/Black_Billed_Cuckoo_0028_26165.jpg,31,30,031.Black_billed_Cuckoo,33,32,horizontal_flip,horizontal_flip,0,"{""flipped"":true}",0.31200305,1.5000333,1.1880302,0.73197931,0.22312273,0.20517349,0.088595591,0.52680582,0.13452714,-0.39227868,0.43635398,2.8395404,51.28436,145.62401,False,0.92665398,False,True,False,0.43635398,2.8395404,51.28436,145.62401,0.4242779,2.8618728,50.08369,143.33315,0.75059002,2.3321343,11.03221,25.728594,0.34218689,2.9378863,10.445937,30.688975,0.3769878,2.4899661,26.162417,65.14353,0.40063787,2.869483,26.925512,77.262301,0.47545774,3.1315062,23.819475,74.590832,0.48403507,3.0093448,20.553242,61.851793
0b_baseline_best,file,13,baseline,1704,031.Black_billed_Cuckoo/Black_Billed_Cuckoo_0028_26165.jpg,31,30,031.Black_billed_Cuckoo,33,32,color_jitter,color_jitter,0,"{""brightness"":0.616855,""contrast"":1.379674,""hue"":-0.07347,""saturation"":0.85542}",0.31200305,2.694396,2.382393,0.73197931,0.067583181,0.20517349,0.18596748,0.52680582,-0.11838429,-0.64519011,0.5254088,3.3791622,51.28436,173.29817,False,0.81459761,False,True,False,0.5254088,3.3791622,51.28436,173.29817,0.52040804,3.4169041,50.08369,171.13117,0.69412319,2.4763812,11.03221,27.319957,0.3233316,4.0437684,10.445937,42.240949,0.61470674,3.0763938,26.162417,80.485896,0.45539382,3.5343504,26.925512,95.164195,0.56434948,3.5404611,23.819475,84.331924,0.50467578,3.3902888,20.553242,69.681427
0b_baseline_best,file,13,baseline,1704,031.Black_billed_Cuckoo/Black_Billed_Cuckoo_0028_26165.jpg,31,30,031.Black_billed_Cuckoo,33,32,rotation,rotation,0,"{""angle"":12.161824}",0.31200305,0.95578527,0.64378223,0.73197931,0.38451007,0.20517349,0.37010944,0.52680582,0.014400631,-0.51240519,0.75460139,1.8884897,51.28436,96.849987,False,0.93325233,True,True,True,0.75460139,1.8884897,51.28436,96.849987,0.74633345,1.8885103,50.08369,94.583562,0.92503958,1.8880663,11.03221,20.829544,0.6977893,2.218225,10.445937,23.171438,0.82073509,1.781022,26.162417,46.595839,0.71613334,1.8351842,26.925512,49.413274,0.71994909,1.9467401,23.819475,46.370327,0.74114881,1.973993,20.553242,40.571956
0b_baseline_best,file,13,baseline,1704,031.Black_billed_Cuckoo/Black_Billed_Cuckoo_0028_26165.jpg,31,30,031.Black_billed_Cuckoo,33,32,random_resized_crop,random_resized_crop,0,"{""area_fraction"":0.708188,""aspect"":1.237974,""fallback"":false,""height"":0.756342,""left"":0.003611,""top"":0.036649,""width"":0.936332}",0.31200305,1.5610623,1.2490593,0.73197931,0.20991294,0.20517349,0.62718028,0.52680582,-0.41726734,-0.94407316,0.75627982,3.1272218,51.28436,160.37757,False,0.92832601,False,True,False,0.75627982,3.1272218,51.28436,160.37757,0.74847005,3.1345751,50.08369,156.99109,0.92709191,2.9716249,11.03221,32.783589,0.76113633,3.8342476,10.445937,40.052308,0.78684146,3.23265,26.162417,84.573936,0.73545823,2.9177908,26.925512,78.563011,0.70728575,3.0459688,23.819475,72.553376,0.76370408,3.246774,20.553242,66.731733
0b_baseline_best,file,13,baseline,1704,031.Black_billed_Cuckoo/Black_Billed_Cuckoo_0028_26165.jpg,31,30,031.Black_billed_Cuckoo,33,32,gaussian_blur,gaussian_blur,0,"{""sigma"":1.541832}",0.31200305,0.6562646,0.34426156,0.73197931,0.5187856,0.20517349,0.13385811,0.52680582,0.38492748,-0.14187834,0.65512783,1.4832293,51.28436,76.066465,False,0.8970331,True,True,True,0.65512783,1.4832293,51.28436,76.066465,0.64826555,1.4885668,50.08369,74.55292,0.8111686,1.3685971,11.03221,15.09865,0.70866882,1.491365,10.445937,15.578705,0.74854442,1.4193724,26.162417,37.134211,0.59838168,1.4412727,26.925512,38.807006,0.60944584,1.5305332,23.819475,36.456496,0.62089407,1.614725,20.553242,33.187834
0b_baseline_best,file,13,baseline,1704,031.Black_billed_Cuckoo/Black_Billed_Cuckoo_0028_26165.jpg,31,30,031.Black_billed_Cuckoo,33,32,random_erasing,random_erasing,0,"{""area_fraction"":0.180305,""erased"":true,""height"":0.458628,""left"":0.117899,""top"":0.1761,""width"":0.39314}",0.31200305,1.1217878,0.80978474,0.73197931,0.32569697,0.20517349,0.13158405,0.52680582,0.19411293,-0.33269289,0.49050701,2.3020429,51.28436,118.0588,False,0.91985953,True,True,True,0.49050701,2.3020429,51.28436,118.0588,0.47852988,2.3132881,50.08369,115.858,0.77140814,2.0566385,11.03221,22.689267,0.48357581,1.8766789,10.445937,19.603669,0.50618947,1.9272913,26.162417,50.422598,0.4242444,2.2368274,26.925512,60.227725,0.50967418,2.5807964,23.819475,61.473215,0.50385575,2.7045739,20.553242,55.587762
0b_baseline_best,file,13,baseline,3415,059.California_Gull/California_Gull_0074_41358.jpg,59,58,059.California_Gull,64,63,identity,identity,0,{},1.7515574,1.7515574,0,0.17350352,0.17350352,0.43555182,0.43555182,-0.2620483,-0.2620483,0,1,1,117.59414,117.59414,False,1,True,False,False,1,1,117.59414,117.59414,1,1,114.74657,114.74657,1,1,25.721708,25.721708,1,1,19.267913,19.267913,1,1,50.132935,50.132935,1,1,63.863984,63.863984,1,1,56.681362,56.681362,1,1,54.688447,54.688447
0b_baseline_best,file,13,baseline,3415,059.California_Gull/California_Gull_0074_41358.jpg,59,58,059.California_Gull,64,63,horizontal_flip,horizontal_flip,0,"{""flipped"":true}",1.7515574,1.2097816,-0.5417757,0.17350352,0.29826242,0.43555182,0.3719824,-0.2620483,-0.073719978,0.18832833,0.69738321,0.80943148,117.59414,95.184398,False,0.95483595,True,False,False,0.69738321,0.80943148,117.59414,95.184398,0.68397628,0.80571284,114.74657,92.452785,0.94420929,0.88017544,25.721708,22.639615,0.56883659,1.0410533,19.267913,20.058924,0.61139328,0.72200589,50.132935,36.196274,0.70530884,0.80172128,63.863984,51.201115,0.69028004,0.82461016,56.681362,46.740027,0.72736523,0.82361506,54.688447,45.042228
0b_baseline_best,file,13,baseline,3415,059.California_Gull/California_Gull_0074_41358.jpg,59,58,059.California_Gull,64,63,color_jitter,color_jitter,0,"{""brightness"":0.9296,""contrast"":1.269933,""hue"":-0.06085,""saturation"":0.929382}",1.7515574,4.5876837,2.8361263,0.17350352,0.010176402,0.43555182,0.0013540232,-0.2620483,0.0088223784,0.27087068,0.37977043,1.3704316,117.59414,161.15472,False,0.76041281,False,False,False,0.37977043,1.3704316,117.59414,161.15472,0.37112004,1.381319,114.74657,158.50161,0.59703979,1.1321897,25.721708,29.121853,0.41705428,1.6555975,19.267913,31.899909,0.30110445,1.2997336,50.132935,65.159461,0.37791773,1.2550555,63.863984,80.152843,0.36082804,1.4535419,56.681362,82.388735,0.42394897,1.4907948,54.688447,81.529254
0b_baseline_best,file,13,baseline,3415,059.California_Gull/California_Gull_0074_41358.jpg,59,58,059.California_Gull,64,63,rotation,rotation,0,"{""angle"":2.973216}",1.7515574,1.3462956,-0.40526175,0.17350352,0.26020235,0.43555182,0.39568815,-0.2620483,-0.1354858,0.12656251,0.86100317,0.97793286,117.59414,114.99917,False,0.98122597,True,False,False,0.86100317,0.97793286,117.59414,114.99917,0.85524511,0.97732569,114.74657,112.14477,0.97420295,0.98993876,25.721708,25.462915,0.85481895,1.0231859,19.267913,19.714657,0.82504196,0.88079192,50.132935,44.156684,0.83972625,0.96174361,63.863984,61.420779,0.86664726,1.0181634,56.681362,57.710888,0.89012162,1.0238044,54.688447,55.99027
0b_baseline_best,file,13,baseline,3415,059.California_Gull/California_Gull_0074_41358.jpg,59,58,059.California_Gull,64,63,random_resized_crop,random_resized_crop,0,"{""area_fraction"":0.712111,""aspect"":1.144127,""fallback"":false,""height"":0.788927,""left"":0.097184,""top"":0.002431,""width"":0.902633}",1.7515574,1.7421012,-0.0094561577,0.17350352,0.175152,0.43555182,0.27013049,-0.2620483,-0.094978482,0.16706982,0.6787198,0.77024538,117.59414,90.576342,False,0.95605779,True,False,False,0.6787198,0.77024538,117.59414,90.576342,0.66442646,0.76438277,114.74657,87.710301,0.93238651,0.87882173,25.721708,22.604796,0.48541455,1.109355,19.267913,21.374955,0.60233046,0.67421095,50.132935,33.800174,0.66846101,0.76880139,63.863984,49.09872,0.70768285,0.74814455,56.681362,42.405852,0.70315003,0.79385078,54.688447,43.414466
0b_baseline_best,file,13,baseline,3415,059.California_Gull/California_Gull_0074_41358.jpg,59,58,059.California_Gull,64,63,gaussian_blur,gaussian_blur,0,"{""sigma"":1.525829}",1.7515574,4.5523729,2.8008156,0.17350352,0.010542162,0.43555182,0.019619558,-0.2620483,-0.0090773962,0.25297091,0.59445516,1.6649329,117.59414,195.78634,False,0.8770287,False,False,False,0.59445516,1.6649329,117.59414,195.78634,0.59067449,1.6787161,114.74657,192.62691,0.69972778,1.3619213,25.721708,35.030942,0.51852503,2.0244907,19.267913,39.00771,0.50480271,1.6134586,50.132935,80.887414,0.60152182,1.5519356,63.863984,99.112794,0.63121184,1.7647428,56.681362,100.02802,0.61590298,1.7549981,54.688447,95.978119
0b_baseline_best,file,13,baseline,3415,059.California_Gull/California_Gull_0074_41358.jpg,59,58,059.California_Gull,64,63,random_erasing,random_erasing,0,"{""area_fraction"":0.139524,""erased"":true,""height"":0.669304,""left"":0.368285,""top"":0.245401,""width"":0.208462}",1.7515574,4.4998021,2.7482448,0.17350352,0.011111195,0.43555182,0.037955314,-0.2620483,-0.026844119,0.23520419,0.58846445,0.93145756,117.59414,109.53395,False,0.89779651,False,False,False,0.58846445,0.93145756,117.59414,109.53395,0.57694179,0.9203501,114.74657,105.60702,0.7869384,1.1300262,25.721708,29.066203,0.61887554,0.990842,19.267913,19.091458,0.56474965,0.90558657,50.132935,45.399713,0.64038533,0.88430279,63.863984,56.4751,0.55122019,0.89812471,56.681362,50.906932,0.531636,0.99252352,54.688447,54.27957
0b_baseline_best,file,13,baseline,9006,154.Red_eyed_Vireo/Red_Eyed_Vireo_0029_156777.jpg,154,153,154.Red_eyed_Vireo,31,30,identity,identity,0,{},0.30886912,0.30886912,0,0.73427689,0.73427689,0.023295978,0.023295978,0.71098091,0.71098091,0,1,1,50.761531,50.761531,False,1,True,True,True,1,1,50.761531,50.761531,1,1,50.225106,50.225106,1,1,7.3601444,7.3601444,1,1,11.811818,11.811818,1,1,20.395141,20.395141,1,1,27.665262,27.665262,1,1,27.134564,27.134564,1,1,21.573808,21.573808
0b_baseline_best,file,13,baseline,9006,154.Red_eyed_Vireo/Red_Eyed_Vireo_0029_156777.jpg,154,153,154.Red_eyed_Vireo,31,30,horizontal_flip,horizontal_flip,0,"{""flipped"":true}",0.30886912,0.37957281,0.070703685,0.73427689,0.68415362,0.023295978,0.023198495,0.71098091,0.66095512,-0.050025791,0.54389625,1.1202494,50.761531,56.865577,False,0.94503772,True,True,True,0.54389625,1.1202494,50.761531,56.865577,0.53408091,1.1155662,50.225106,56.029429,0.93768365,1.3200566,7.3601444,9.7158075,0.37278897,0.89207494,11.811818,10.537027,0.40167075,1.1613757,20.395141,23.686421,0.53568426,1.0914904,27.665262,30.196368,0.51319335,1.1274731,27.134564,30.59349,0.72443799,1.1536459,21.573808,24.888535
0b_baseline_best,file,13,baseline,9006,154.Red_eyed_Vireo/Red_Eyed_Vireo_0029_156777.jpg,154,153,154.Red_eyed_Vireo,31,30,color_jitter,color_jitter,0,"{""brightness"":0.967766,""contrast"":0.714152,""hue"":-0.05023,""saturation"":0.913367}",0.30886912,4.6344943,4.3256252,0.73427689,0.009711015,0.023295978,0.012925276,0.71098091,-0.0032142606,-0.71419517,0.70202161,3.7029423,50.761531,187.96702,False,0.88159025,False,True,False,0.70202161,3.7029423,50.761531,187.96702,0.69884282,3.7012271,50.225106,185.89452,0.84704595,3.7819512,7.3601444,27.835707,0.69148408,3.3390957,11.811818,39.440792,0.60540678,4.1361021,20.395141,84.356385,0.70854174,3.893493,27.665262,107.7145,0.74986018,3.4354734,27.134564,93.220075,0.71457775,3.4664736,21.573808,74.785035
0b_baseline_best,file,13,baseline,9006,154.Red_eyed_Vireo/Red_Eyed_Vireo_0029_156777.jpg,154,153,154.Red_eyed_Vireo,31,30,rotation,rotation,0,"{""angle"":-5.627052}",0.30886912,0.6131137,0.30424458,0.73427689,0.54166168,0.023295978,0.028204162,0.71098091,0.51345752,-0.19752339,0.75850901,1.6836496,50.761531,85.464631,False,0.9560709,True,True,True,0.75850901,1.6836496,50.761531,85.464631,0.7547176,1.6858003,50.225106,84.669501,0.94840561,1.5802599,7.3601444,11.630941,0.74257981,1.7044767,11.811818,20.132969,0.7146767,1.9202962,20.395141,39.164711,0.70466919,1.6664927,27.665262,46.103957,0.79717434,1.6461333,27.134564,44.667111,0.83100471,1.5436064,21.573808,33.301468
0b_baseline_best,file,13,baseline,9006,154.Red_eyed_Vireo/Red_Eyed_Vireo_0029_156777.jpg,154,153,154.Red_eyed_Vireo,31,30,random_resized_crop,random_resized_crop,0,"{""area_fraction"":0.821958,""aspect"":1.180348,""fallback"":false,""height"":0.834487,""left"":0.013045,""top"":0.106935,""width"":0.984986}",0.30886912,0.7124663,0.40359718,0.73427689,0.49043316,0.023295978,0.0047392682,0.71098091,0.48569389,-0.22528702,0.62117028,1.9227278,50.761531,97.600605,False,0.94731796,True,True,True,0.62117028,1.9227278,50.761531,97.600605,0.61485942,1.9147825,50.225106,96.170153,0.87836162,2.2620095,7.3601444,16.648717,0.39382809,2.0766958,11.811818,24.529554,0.62346466,2.5079844,20.395141,51.150694,0.58157835,1.7863727,27.665262,49.420469,0.66297989,1.6817829,27.134564,45.634448,0.70387771,1.7986445,21.573808,38.803611
0b_baseline_best,file,13,baseline,9006,154.Red_eyed_Vireo/Red_Eyed_Vireo_0029_156777.jpg,154,153,154.Red_eyed_Vireo,31,30,gaussian_blur,gaussian_blur,0,"{""sigma"":1.992912}",0.30886912,5.7951784,5.4863093,0.73427689,0.0030421873,0.023295978,0.0058986475,0.71098091,-0.0028564602,-0.71383737,0.37975262,2.3629843,50.761531,119.9487,False,0.72457016,False,True,False,0.37975262,2.3629843,50.761531,119.9487,0.37105177,2.3466461,50.225106,117.86055,0.70583696,3.0276728,7.3601444,22.284109,0.28775833,2.1137388,11.811818,24.967099,0.4276354,2.2233797,20.395141,45.346142,0.38994908,2.1588203,27.665262,59.724329,0.29584237,2.2789038,27.134564,61.837063,0.43149073,2.8651181,21.573808,61.811508
0b_baseline_best,file,13,baseline,9006,154.Red_eyed_Vireo/Red_Eyed_Vireo_0029_156777.jpg,154,153,154.Red_eyed_Vireo,31,30,random_erasing,random_erasing,0,"{""area_fraction"":0.127666,""erased"":true,""height"":0.285705,""left"":0.084539,""top"":0.27057,""width"":0.446846}",0.30886912,4.2296391,3.9207699,0.73427689,0.014557642,0.023295978,0.019839888,0.71098091,-0.0052822465,-0.71626316,0.42025005,1.9672631,50.761531,99.861287,False,0.80810106,False,True,False,0.42025005,1.9672631,50.761531,99.861287,0.40843935,1.9217451,50.225106,96.51985,0.797153,3.4804082,7.3601444,25.616307,0.31117453,1.1695671,11.811818,13.814714,0.24169652,1.6602141,20.395141,33.860299,0.43366772,1.5878856,27.665262,43.92927,0.39267236,1.8562612,27.134564,50.368839,0.54641502,2.7469146,21.573808,59.261408
0b_baseline_best,file,13,baseline,6037,104.American_Pipit/American_Pipit_0074_100154.jpg,104,103,104.American_Pipit,152,151,identity,identity,0,{},0.13845038,0.13845038,0,0.87070644,0.87070644,0.019861134,0.019861134,0.85084531,0.85084531,0,1,1,20.530171,20.530171,False,0.99999994,True,True,True,1,1,20.530171,20.530171,1,1,20.163693,20.163693,1,1,3.8617902,3.8617902,1,1,4.5269177,4.5269177,1,1,9.6452745,9.6452745,1,1,11.284353,11.284353,1,1,9.1581236,9.1581236,1,1,9.0466774,9.0466774
0b_baseline_best,file,13,baseline,6037,104.American_Pipit/American_Pipit_0074_100154.jpg,104,103,104.American_Pipit,152,151,horizontal_flip,horizontal_flip,0,"{""flipped"":true}",0.13845038,0.025086543,-0.11336384,0.87070644,0.97522551,0.019861134,0.0015970201,0.85084531,0.97362849,0.12278318,0.64172243,0.17464828,20.530171,3.5855591,False,0.96611029,True,True,True,0.64172243,0.17464828,20.530171,3.5855591,0.62843243,0.17345783,20.163693,3.4975503,0.95744431,0.20444956,3.8617902,0.78954131,0.65611427,0.16675627,4.5269177,0.75489192,0.43383274,0.15011062,9.6452745,1.4478582,0.66518217,0.16818097,11.284353,1.8978133,0.6461784,0.18378107,9.1581236,1.6830897,0.73782448,0.19563061,9.0466774,1.769807
0b_baseline_best,file,13,baseline,6037,104.American_Pipit/American_Pipit_0074_100154.jpg,104,103,104.American_Pipit,152,151,color_jitter,color_jitter,0,"{""brightness"":0.988939,""contrast"":1.12325,""hue"":0.006684,""saturation"":0.759221}",0.13845038,0.26504156,0.12659118,0.87070644,0.76717407,0.019861134,0.052562978,0.85084531,0.71461109,-0.13623422,0.9396854,1.8392183,20.530171,37.759466,False,0.99356461,True,True,True,0.9396854,1.8392183,20.530171,37.759466,0.93789521,1.8409435,20.163693,37.12022,0.99017153,1.7915441,3.8617902,6.9185676,0.91894505,1.6577605,4.5269177,7.5045453,0.93923893,1.7659654,9.6452745,17.033221,0.93719478,1.8415292,11.284353,20.780465,0.93588222,1.9186551,9.1581236,17.571281,0.9469012,1.885259,9.0466774,17.05533
0b_baseline_best,file,13,baseline,6037,104.American_Pipit/American_Pipit_0074_100154.jpg,104,103,104.American_Pipit,152,151,rotation,rotation,0,"{""angle"":-14.833224}",0.13845038,0.33868256,0.20023218,0.87070644,0.71270865,0.019861134,0.0095205558,0.85084531,0.7031881,-0.14765721,0.68845286,1.9593605,20.530171,40.226007,False,0.96840638,True,True,True,0.68845286,1.9593605,20.530171,40.226007,0.67796771,1.9542045,20.163693,39.403979,0.95669073,2.0950428,3.8617902,8.090616,0.68845613,2.2347492,4.5269177,10.116526,0.58251212,1.9622912,9.6452745,18.926837,0.72678938,1.8402984,11.284353,20.766576,0.66350749,1.9524434,9.1581236,17.880718,0.72912939,2.0416116,9.0466774,18.469801
0b_baseline_best,file,13,baseline,6037,104.American_Pipit/American_Pipit_0074_100154.jpg,104,103,104.American_Pipit,152,151,random_resized_crop,random_resized_crop,0,"{""area_fraction"":0.725082,""aspect"":1.145897,""fallback"":false,""height"":0.795464,""left"":0.063106,""top"":0.119545,""width"":0.91152}",0.13845038,0.071584553,-0.066865832,0.87070644,0.93091756,0.019861134,0.0038473513,0.85084531,0.92707021,0.076224905,0.77961473,0.55244614,20.530171,11.341814,False,0.96114326,True,True,True,0.77961473,0.55244614,20.530171,11.341814,0.7738003,0.55385949,20.163693,11.167853,0.95323205,0.51241545,3.8617902,1.978841,0.80853566,0.61906107,4.5269177,2.8024385,0.80513004,0.52753552,9.6452745,5.088225,0.77773264,0.58532823,11.284353,6.6050501,0.7293484,0.53065256,9.1581236,4.8597818,0.7725767,0.53850272,9.0466774,4.8716604
0b_baseline_best,file,13,baseline,6037,104.American_Pipit/American_Pipit_0074_100154.jpg,104,103,104.American_Pipit,152,151,gaussian_blur,gaussian_blur,0,"{""sigma"":1.967347}",0.13845038,2.6416011,2.5031507,0.87070644,0.071247123,0.019861134,0.0068460871,0.85084531,0.064401036,-0.78644427,0.57572252,7.7224947,20.530171,158.54414,False,0.82854211,False,True,False,0.57572252,7.7224947,20.530171,158.54414,0.56954296,7.7739266,20.163693,156.75107,0.80370867,6.156995,3.8617902,23.777023,0.73505154,9.9709686,4.5269177,45.137754,0.61934458,7.5518117,9.6452745,72.839297,0.58491385,8.0497466,11.284353,90.836178,0.47265298,7.2403906,9.1581236,66.308392,0.53614612,7.4806454,9.0466774,67.674986
0b_baseline_best,file,13,baseline,6037,104.American_Pipit/American_Pipit_0074_100154.jpg,104,103,104.American_Pipit,152,151,random_erasing,random_erasing,0,"{""area_fraction"":0.186681,""erased"":true,""height"":0.354079,""left"":0.148622,""top"":0.277203,""width"":0.52723}",0.13845038,0.52198231,0.38353193,0.87070644,0.5933432,0.019861134,0.04863283,0.85084531,0.54471037,-0.30613494,0.71359837,2.3552881,20.530171,48.354469,False,0.88369393,True,True,True,0.71359837,2.3552881,20.530171,48.354469,0.70704938,2.3398007,20.163693,47.179023,0.87454149,2.7440399,3.8617902,10.596906,0.59672665,1.6294539,4.5269177,7.3764035,0.75362776,2.3053961,9.6452745,22.236178,0.71876196,2.1684049,11.284353,24.469045,0.67941597,2.4071118,9.1581236,22.044627,0.70595312,2.6901861,9.0466774,24.337245
0b_baseline_best,file,13,baseline,6111,105.Whip_poor_Will/Whip_Poor_Will_0006_22800.jpg,105,104,105.Whip_poor_Will,92,91,identity,identity,0,{},3.1909926,3.1909926,0,0.041131027,0.041131027,0.86594087,0.86594087,-0.82480984,-0.82480984,0,1,1,164.31512,164.31512,False,0.99999994,True,False,False,1,1,164.31512,164.31512,1,1,160.91289,160.91289,1,1,33.264114,33.264114,1,1,43.320365,43.320365,1,1,67.927216,67.927216,1,1,87.106005,87.106005,1,1,80.345434,80.345434,1,1,73.207594,73.207594
0b_baseline_best,file,13,baseline,6111,105.Whip_poor_Will/Whip_Poor_Will_0006_22800.jpg,105,104,105.Whip_poor_Will,92,91,horizontal_flip,horizontal_flip,0,"{""flipped"":true}",3.1909926,4.2279477,1.0369551,0.041131027,0.014582289,0.86594087,0.90322071,-0.82480984,-0.88863842,-0.063828582,0.64790226,0.94453283,164.31512,155.20103,False,0.96298599,True,False,False,0.64790226,0.94453283,164.31512,155.20103,0.63265905,0.93809558,160.91289,150.95167,0.96299097,1.084313,33.264114,36.068712,0.6540308,0.85459856,43.320365,37.021522,0.52997784,0.83367923,67.927216,56.629509,0.59469067,0.86946624,87.106005,75.735731,0.6366117,0.99719644,80.345434,80.12018,0.74763123,1.0628127,73.207594,77.805962
0b_baseline_best,file,13,baseline,6111,105.Whip_poor_Will/Whip_Poor_Will_0006_22800.jpg,105,104,105.Whip_poor_Will,92,91,color_jitter,color_jitter,0,"{""brightness"":1.187967,""contrast"":0.706245,""hue"":-0.066291,""saturation"":0.790184}",3.1909926,2.0598609,-1.1311316,0.041131027,0.1274717,0.86594087,0.44675183,-0.82480984,-0.31928013,0.50552971,0.78490021,0.87305553,164.31512,143.45622,False,0.95068169,True,False,False,0.78490021,0.87305553,164.31512,143.45622,0.7808442,0.87904732,160.91289,141.45004,0.91640928,0.7187205,33.264114,23.907601,0.78418768,0.84250066,43.320365,36.497436,0.64635507,0.969619,67.927216,65.863519,0.82499522,0.88266085,87.106005,76.88506,0.81561432,0.80954375,80.345434,65.043144,0.81266797,0.88484685,73.207594,64.777509
0b_baseline_best,file,13,baseline,6111,105.Whip_poor_Will/Whip_Poor_Will_0006_22800.jpg,105,104,105.Whip_poor_Will,92,91,rotation,rotation,0,"{""angle"":14.117454}",3.1909926,0.77219301,-2.4187996,0.041131027,0.46199879,0.86594087,0.14543638,-0.82480984,0.31656241,1.1413723,0.61887365,0.46938207,164.31512,77.126571,False,0.85207653,False,False,True,0.61887365,0.46938207,164.31512,77.126571,0.61432381,0.47229768,160.91289,75.998784,0.75570962,0.39505834,33.264114,13.141266,0.71925031,0.37506696,43.320365,16.248038,0.55858998,0.44644099,67.927216,30.325494,0.66720171,0.45278992,87.106005,39.440721,0.58834032,0.47260122,80.345434,37.97135,0.60497245,0.54550056,73.207594,39.934784
0b_baseline_best,file,13,baseline,6111,105.Whip_poor_Will/Whip_Poor_Will_0006_22800.jpg,105,104,105.Whip_poor_Will,92,91,random_resized_crop,random_resized_crop,0,"{""area_fraction"":0.702996,""aspect"":0.835311,""fallback"":false,""height"":0.917386,""left"":0.110809,""top"":0.014467,""width"":0.766303}",3.1909926,1.7142519,-1.4767407,0.041131027,0.1800984,0.86594087,0.6237216,-0.82480984,-0.4436232,0.38118664,0.7858329,0.86590262,164.31512,142.28089,False,0.95340586,True,False,False,0.7858329,0.86590262,164.31512,142.28089,0.77945671,0.86853776,160.91289,139.75892,0.94988558,0.80176974,33.264114,26.67016,0.79331336,0.88818188,43.320365,38.476364,0.80156599,0.84683351,67.927216,57.523043,0.78559346,0.85610438,87.106005,74.571833,0.74123695,0.85952457,80.345434,69.058874,0.793525,0.90743937,73.207594,66.431453
0b_baseline_best,file,13,baseline,6111,105.Whip_poor_Will/Whip_Poor_Will_0006_22800.jpg,105,104,105.Whip_poor_Will,92,91,gaussian_blur,gaussian_blur,0,"{""sigma"":1.039361}",3.1909926,2.1680298,-1.0229628,0.041131027,0.11440281,0.86594087,0.43267244,-0.82480984,-0.31826963,0.50654021,0.69831627,0.81632601,164.31512,134.13471,False,0.92105764,True,False,False,0.69831627,0.81632601,164.31512,134.13471,0.69260634,0.82251917,160.91289,132.35393,0.88374218,0.65488884,33.264114,21.784297,0.75013631,0.80591182,43.320365,34.912395,0.70861881,0.85859033,67.927216,58.321651,0.6890656,0.76399427,87.106005,66.548489,0.65224111,0.81604082,80.345434,65.565154,0.71471633,0.88206498,73.207594,64.573855
0b_baseline_best,file,13,baseline,6111,105.Whip_poor_Will/Whip_Poor_Will_0006_22800.jpg,105,104,105.Whip_poor_Will,92,91,random_erasing,random_erasing,0,"{""area_fraction"":0.146737,""erased"":true,""height"":0.399022,""left"":0.32666,""top"":0.023452,""width"":0.367743}",3.1909926,3.5749409,0.38394833,0.041131027,0.028017079,0.86594087,0.64670485,-0.82480984,-0.61868777,0.20612207,0.77063875,0.80327282,164.31512,131.98987,False,0.93939507,True,False,False,0.77063875,0.80327282,164.31512,131.98987,0.763364,0.79963938,160.91289,128.67228,0.92832738,0.88404494,33.264114,29.406971,0.8261235,0.72932004,43.320365,31.594411,0.72436459,0.71847698,67.927216,48.804141,0.7699738,0.75703316,87.106005,65.942134,0.74684757,0.81293648,80.345434,65.315735,0.7950839,0.92261657,73.207594,67.54254
0b_baseline_best,file,13,baseline,5035,087.Mallard/Mallard_0061_76378.jpg,87,86,087.Mallard,46,45,identity,identity,0,{},0.026424682,0.026424682,0,0.97392142,0.97392142,0.0092696287,0.0092696287,0.96465179,0.96465179,0,1,1,3.8107797,3.8107797,False,1,True,True,True,1,1,3.8107797,3.8107797,1,1,3.7178365,3.7178365,1,1,0.83650105,0.83650105,1,1,0.71305356,0.71305356,1,1,1.8156617,1.8156617,1,1,1.9526337,1.9526337,1,1,1.7216985,1.7216985,1,1,1.8000587,1.8000587
0b_baseline_best,file,13,baseline,5035,087.Mallard/Mallard_0061_76378.jpg,87,86,087.Mallard,46,45,horizontal_flip,horizontal_flip,0,"{""flipped"":true}",0.026424682,0.086041339,0.059616657,0.97392142,0.91755629,0.0092696287,0.039306149,0.96465179,0.87825014,-0.086401653,0.72725278,3.6858985,3.8107797,14.046147,False,0.96149153,True,True,True,0.72725278,3.6858985,3.8107797,14.046147,0.71755046,3.7080226,3.7178365,13.785822,0.95511823,3.2178346,0.83650105,2.691722,0.76539826,4.1184283,0.71305356,2.93666,0.77410999,4.0899051,1.8156617,7.425884,0.73744533,3.8599964,1.9526337,7.537159,0.61975114,3.3920078,1.7216985,5.8400147,0.71483843,3.3037724,1.8000587,5.9469842
0b_baseline_best,file,13,baseline,5035,087.Mallard/Mallard_0061_76378.jpg,87,86,087.Mallard,46,45,color_jitter,color_jitter,0,"{""brightness"":0.604357,""contrast"":0.632768,""hue"":0.040273,""saturation"":0.649192}",0.026424682,0.67619509,0.6497704,0.97392142,0.50854832,0.0092696287,0.067859225,0.96465179,0.44068909,-0.5239627,0.59084887,20.919936,3.8107797,79.72127,False,0.92132103,True,True,True,0.59084887,20.919936,3.8107797,79.72127,0.57832842,21.0695,3.7178365,78.332955,0.89369263,17.70845,0.83650105,14.813137,0.46156507,34.86859,0.71305356,24.863172,0.61041449,20.387492,1.8156617,37.016788,0.6166444,21.666612,1.9526337,42.306956,0.49097269,20.085682,1.7216985,34.581489,0.63634161,18.936201,1.8000587,34.086273
0b_baseline_best,file,13,baseline,5035,087.Mallard/Mallard_0061_76378.jpg,87,86,087.Mallard,46,45,rotation,rotation,0,"{""angle"":8.43279}",0.026424682,0.11611048,0.0896858,0.97392142,0.89037687,0.0092696287,0.014625445,0.96465179,0.87575142,-0.088900369,0.73912153,4.1169266,3.8107797,15.6887,False,0.95978379,True,True,True,0.73912153,4.1169266,3.8107797,15.6887,0.73142878,4.1470232,3.7178365,15.417954,0.93208235,3.4692954,0.83650105,2.9020693,0.66176287,4.8342399,0.71305356,3.4470719,0.77583117,4.2442678,1.8156617,7.7061545,0.75404937,4.2204322,1.9526337,8.240958,0.65810345,3.9764872,1.7216985,6.8463121,0.73841556,3.9929507,1.8000587,7.1875456
0b_baseline_best,file,13,baseline,5035,087.Mallard/Mallard_0061_76378.jpg,87,86,087.Mallard,46,45,random_resized_crop,random_resized_crop,0,"{""area_fraction"":0.739645,""aspect"":0.990165,""fallback"":false,""height"":0.864287,""left"":0.028265,""top"":0.069353,""width"":0.855787}",0.026424682,0.057123002,0.03069832,0.97392142,0.94447792,0.0092696287,0.011237585,0.96465179,0.93324033,-0.031411459,0.66939848,1.852427,3.8107797,7.0591913,False,0.96831489,True,True,True,0.66939848,1.852427,3.8107797,7.0591913,0.65523414,1.8532616,3.7178365,6.8901235,0.95187584,1.8358638,0.83650105,1.535702,0.63594177,2.1582383,0.71305356,1.5389395,0.56873148,1.6763718,1.8156617,3.0437241,0.67480824,1.8257126,1.9526337,3.5649479,0.6415158,1.8444845,1.7216985,3.1756462,0.7288406,2.0066846,1.8000587,3.6121501
0b_baseline_best,file,13,baseline,5035,087.Mallard/Mallard_0061_76378.jpg,87,86,087.Mallard,46,45,gaussian_blur,gaussian_blur,0,"{""sigma"":1.367875}",0.026424682,0.12007304,0.093648361,0.97392142,0.88685566,0.0092696287,0.021088095,0.96465179,0.86576757,-0.098884223,0.69632928,5.5248437,3.8107797,21.053962,False,0.94237888,True,True,True,0.69632928,5.5248437,3.8107797,21.053962,0.68882537,5.5858206,3.7178365,20.767168,0.92662028,4.1401571,0.83650105,3.4632458,0.65686959,9.1604625,0.71305356,6.5319004,0.70498925,5.7891046,1.8156617,10.511056,0.70026551,5.879517,1.9526337,11.480543,0.64819546,5.0797079,1.7216985,8.7457254,0.7453002,4.6425338,1.8000587,8.3568334
0b_baseline_best,file,13,baseline,5035,087.Mallard/Mallard_0061_76378.jpg,87,86,087.Mallard,46,45,random_erasing,random_erasing,0,"{""area_fraction"":0.071401,""erased"":true,""height"":0.313441,""left"":0.166515,""top"":0.167967,""width"":0.227798}",0.026424682,0.025263816,-0.0011608656,0.97392142,0.97505265,0.0092696287,0.0093153948,0.96465179,0.96573726,0.0010854704,0.95557953,0.96638852,3.8107797,3.6826938,False,0.99116331,True,True,True,0.95557953,0.96638852,3.8107797,3.6826938,0.95407222,0.96837287,3.7178365,3.600252,0.98760463,0.9263194,0.83650105,0.77486715,0.97271121,0.9514658,0.71305356,0.67844608,0.9740611,1.0059141,1.8156617,1.8263997,0.958645,0.95165445,1.9526337,1.8582325,0.94201948,0.95965748,1.7216985,1.6522408,0.93654628,0.95946665,1.8000587,1.7270963
0b_baseline_best,file,13,baseline,9757,166.Golden_winged_Warbler/Golden_Winged_Warbler_0016_794841.jpg,166,165,166.Golden_winged_Warbler,168,167,identity,identity,0,{},0.17303672,0.17303672,0,0.84110671,0.84110671,0.04333929,0.04333929,0.79776742,0.79776742,0,1,1,27.01861,27.01861,False,1,True,True,True,1,1,27.01861,27.01861,1,1,26.649252,26.649252,1,1,4.4522659,4.4522659,1,1,7.2226675,7.2226675,1,1,11.461413,11.461413,1,1,13.870139,13.870139,1,1,12.720048,12.720048,1,1,13.132834,13.132834
0b_baseline_best,file,13,baseline,9757,166.Golden_winged_Warbler/Golden_Winged_Warbler_0016_794841.jpg,166,165,166.Golden_winged_Warbler,168,167,horizontal_flip,horizontal_flip,0,"{""flipped"":true}",0.17303672,0.05542516,-0.11761156,0.84110671,0.94608283,0.04333929,0.01747513,0.79776742,0.9286077,0.13084028,0.65627724,0.3001861,27.01861,8.1106111,False,0.9506883,True,True,True,0.65627724,0.3001861,27.01861,8.1106111,0.64758377,0.29915081,26.649252,7.9721452,0.93837974,0.33517418,4.4522659,1.4922846,0.75505103,0.28936888,7.2226675,2.0900152,0.56192487,0.26078595,11.461413,2.9889755,0.64118315,0.29910198,13.870139,4.1485859,0.61493457,0.2950004,12.720048,3.7524194,0.71145915,0.33157242,13.132834,4.3544855
0b_baseline_best,file,13,baseline,9757,166.Golden_winged_Warbler/Golden_Winged_Warbler_0016_794841.jpg,166,165,166.Golden_winged_Warbler,168,167,color_jitter,color_jitter,0,"{""brightness"":0.748592,""contrast"":0.84733,""hue"":0.090782,""saturation"":0.909227}",0.17303672,4.1034613,3.9304245,0.84110671,0.016515408,0.04333929,0.12179726,0.79776742,-0.10528186,-0.90304928,0.41716392,4.9479773,27.01861,133.68747,False,0.76373726,False,True,False,0.41716392,4.9479773,27.01861,133.68747,0.40652628,4.9107314,26.649252,130.86732,0.73224768,6.1349773,4.4522659,27.31455,0.18258389,3.3988651,7.2226675,24.548873,0.24798296,5.0563462,11.461413,57.952872,0.51523905,5.4934019,13.870139,76.194247,0.39207979,4.5142199,12.720048,57.421096,0.46567163,4.8532089,13.132834,63.736386
0b_baseline_best,file,13,baseline,9757,166.Golden_winged_Warbler/Golden_Winged_Warbler_0016_794841.jpg,166,165,166.Golden_winged_Warbler,168,167,rotation,rotation,0,"{""angle"":9.547414}",0.17303672,0.30082059,0.12778386,0.84110671,0.74021059,0.04333929,0.062823191,0.79776742,0.6773874,-0.12038002,0.73371556,1.5310601,27.01861,41.367117,False,0.9461695,True,True,True,0.73371556,1.5310601,27.01861,41.367117,0.72773292,1.5287318,26.649252,40.739558,0.93795849,1.6122613,4.4522659,7.1782161,0.74054854,1.369154,7.2226675,9.888944,0.76277627,1.5504355,11.461413,17.770182,0.71398147,1.4695566,13.870139,20.382954,0.68422316,1.6670404,12.720048,21.204834,0.76234326,1.4863524,13.132834,19.52002
0b_baseline_best,file,13,baseline,9757,166.Golden_winged_Warbler/Golden_Winged_Warbler_0016_794841.jpg,166,165,166.Golden_winged_Warbler,168,167,random_resized_crop,random_resized_crop,0,"{""area_fraction"":0.748256,""aspect"":0.778531,""fallback"":false,""height"":0.980363,""left"":0.132324,""top"":0.016441,""width"":0.763243}",0.17303672,0.084241599,-0.088795125,0.84110671,0.91920912,0.04333929,0.032206777,0.79776742,0.88700235,0.089234922,0.74944958,0.47212514,27.01861,12.756165,False,0.9801982,True,True,True,0.74944958,0.47212514,27.01861,12.756165,0.74260587,0.46986611,26.649252,12.52158,0.9684743,0.54693799,4.4522659,2.4351134,0.7053998,0.46234676,7.2226675,3.3393769,0.72571028,0.42407009,11.461413,4.8604424,0.71281868,0.42472444,13.870139,5.8909869,0.72945973,0.50300011,12.720048,6.3981858,0.81344609,0.5185366,13.132834,6.809855
0b_baseline_best,file,13,baseline,9757,166.Golden_winged_Warbler/Golden_Winged_Warbler_0016_794841.jpg,166,165,166.Golden_winged_Warbler,168,167,gaussian_blur,gaussian_blur,0,"{""sigma"":1.436875}",0.17303672,0.18088737,0.007850647,0.84110671,0.83452934,0.04333929,0.01527937,0.79776742,0.81924997,0.021482547,0.51084598,1.0705281,27.01861,28.924181,False,0.94473767,True,True,True,0.51084598,1.0705281,27.01861,28.924181,0.50060755,1.0727196,26.649252,28.587175,0.91043477,0.98881287,4.4522659,4.4024578,0.61722147,1.5010492,7.2226675,10.841579,0.33544152,1.0285136,11.461413,11.788219,0.39051585,1.068946,13.870139,14.82643,0.51689585,1.111416,12.720048,14.137266,0.73390651,0.90429822,13.132834,11.875998
0b_baseline_best,file,13,baseline,9757,166.Golden_winged_Warbler/Golden_Winged_Warbler_0016_794841.jpg,166,165,166.Golden_winged_Warbler,168,167,random_erasing,random_erasing,0,"{""area_fraction"":0.079747,""erased"":true,""height"":0.469113,""left"":0.690525,""top"":0.463198,""width"":0.169995}",0.17303672,0.13549665,-0.037540078,0.84110671,0.87328207,0.04333929,0.0299474,0.79776742,0.84333467,0.045567252,0.97527696,0.82958929,27.01861,22.41435,False,0.99313676,True,True,True,0.97527696,0.82958929,27.01861,22.41435,0.9749183,0.83113739,26.649252,22.14919,0.99169261,0.77208089,4.4522659,3.4375094,0.99141586,0.84008789,7.2226675,6.0676755,0.98512108,0.87417389,11.461413,10.019268,0.97558852,0.82037627,13.870139,11.378733,0.9699434,0.81018034,12.720048,10.305533,0.96687634,0.82611078,13.132834,10.849176
0b_baseline_best,file,13,baseline,8411,144.Common_Tern/Common_Tern_0043_147753.jpg,144,143,144.Common_Tern,141,140,identity,identity,0,{},5.7936463,5.7936463,0,0.0030468518,0.0030468518,0.98280787,0.98280787,-0.97976102,-0.97976102,0,1,1,185.34254,185.34254,False,1,True,False,False,1,1,185.34254,185.34254,1,1,180.80693,180.80693,1,1,40.751825,40.751825,1,1,29.45926,29.45926,1,1,86.304754,86.304754,1,1,91.541094,91.541094,1,1,85.929102,85.929102,1,1,92.796569,92.796569
0b_baseline_best,file,13,baseline,8411,144.Common_Tern/Common_Tern_0043_147753.jpg,144,143,144.Common_Tern,141,140,horizontal_flip,horizontal_flip,0,"{""flipped"":true}",5.7936463,5.2329359,-0.56071043,0.0030468518,0.0053378297,0.98280787,0.95523989,-0.97976102,-0.94990206,0.029858961,0.70927156,0.9717165,185.34254,180.1004,False,0.9756465,True,False,False,0.70927156,0.9717165,185.34254,180.1004,0.69532081,0.97016156,180.80693,175.41193,0.9755582,1.0018343,40.751825,40.826574,0.54708633,1.0896055,29.45926,32.098971,0.68273577,0.95677158,86.304754,82.573936,0.66145895,0.98815096,91.541094,90.45642,0.63760881,0.93483923,85.929102,80.329896,0.80402198,0.98089368,92.796569,91.023568
0b_baseline_best,file,13,baseline,8411,144.Common_Tern/Common_Tern_0043_147753.jpg,144,143,144.Common_Tern,141,140,color_jitter,color_jitter,0,"{""brightness"":1.068584,""contrast"":1.238488,""hue"":0.098584,""saturation"":0.888986}",5.7936463,5.4822717,-0.31137466,0.0030468518,0.0041598696,0.98280787,0.92004925,-0.97976102,-0.91588938,0.063871642,0.78967999,0.87722871,185.34254,162.58779,False,0.94979548,True,False,False,0.78967999,0.87722871,185.34254,162.58779,0.78091626,0.87234404,180.80693,157.72584,0.94916593,0.96838021,40.751825,39.46326,0.76799239,1.0581591,29.45926,31.172583,0.668784,0.76478604,86.304754,66.004671,0.79591078,0.84028121,91.541094,76.920261,0.77141804,0.87936054,85.929102,75.562661,0.86467055,0.95918724,92.796569,89.009284
0b_baseline_best,file,13,baseline,8411,144.Common_Tern/Common_Tern_0043_147753.jpg,144,143,144.Common_Tern,141,140,rotation,rotation,0,"{""angle"":-11.367454}",5.7936463,6.43855,0.64490366,0.0030468518,0.0015987233,0.98280787,0.97721577,-0.97976102,-0.97561704,0.0041439793,0.77427249,0.95057821,185.34254,176.18257,False,0.9608922,True,False,False,0.77427249,0.95057821,185.34254,176.18257,0.76478586,0.95055541,180.80693,171.867,0.96092461,0.95102675,40.751825,38.756075,0.65165545,0.87174132,29.45926,25.680854,0.74977774,0.95087902,86.304754,82.06538,0.7511726,0.9566611,91.541094,87.573804,0.73982598,0.94176461,85.929102,80.924987,0.82256921,0.95939038,92.796569,89.028135
0b_baseline_best,file,13,baseline,8411,144.Common_Tern/Common_Tern_0043_147753.jpg,144,143,144.Common_Tern,141,140,random_resized_crop,random_resized_crop,0,"{""area_fraction"":0.766033,""aspect"":0.796312,""fallback"":false,""height"":0.980803,""left"":0.083171,""top"":0.006883,""width"":0.781026}",5.7936463,5.5162568,-0.27738953,0.0030468518,0.0040208702,0.98280787,0.96637183,-0.97976102,-0.96235096,0.017410059,0.81585984,0.9807999,185.34254,181.78394,False,0.97439718,True,False,False,0.81585984,0.9807999,185.34254,181.78394,0.80814869,0.98260913,180.80693,177.66254,0.97439137,0.94447985,40.751825,38.489277,0.68253583,1.0639065,29.45926,31.341898,0.8204179,1.0242116,86.304754,88.394327,0.77447099,1.0014972,91.541094,91.678148,0.78223147,0.93676097,85.929102,80.495029,0.86906344,0.95683074,92.796569,88.79061
0b_baseline_best,file,13,baseline,8411,144.Common_Tern/Common_Tern_0043_147753.jpg,144,143,144.Common_Tern,141,140,gaussian_blur,gaussian_blur,0,"{""sigma"":1.936892}",5.7936463,4.5908384,-1.2028079,0.0030468518,0.010144352,0.98280787,0.30154282,-0.97976102,-0.29139847,0.68836256,0.3939324,0.55195894,185.34254,102.30147,False,0.8196553,True,False,False,0.3939324,0.55195894,185.34254,102.30147,0.37855217,0.55392,180.80693,100.15257,0.72276687,0.51182801,40.751825,20.857925,0.44020105,0.5606387,29.45926,16.516001,0.24221123,0.47128564,86.304754,40.674192,0.33958124,0.61590489,91.541094,56.380607,0.42138036,0.58127419,85.929102,49.94837,0.48736522,0.53118953,92.796569,49.292565
0b_baseline_best,file,13,baseline,8411,144.Common_Tern/Common_Tern_0043_147753.jpg,144,143,144.Common_Tern,141,140,random_erasing,random_erasing,0,"{""area_fraction"":0.076059,""erased"":true,""height"":0.435877,""left"":0.463733,""top"":0.071306,""width"":0.174497}",5.7936463,4.9564767,-0.83716965,0.0030468518,0.0070376792,0.98280787,0.81983286,-0.97976102,-0.81279518,0.16696584,0.85111917,0.91335831,185.34254,169.28414,False,0.96505857,True,False,False,0.85111917,0.91335831,185.34254,169.28414,0.84612811,0.91642247,180.80693,165.69553,0.9591916,0.85079634,40.751825,34.671503,0.68409187,0.85649732,29.45926,25.231777,0.85220996,0.92525724,86.304754,79.854099,0.85763041,0.88160136,91.541094,80.702753,0.82904511,0.94422249,85.929102,81.136191,0.86145411,0.9235999,92.796569,85.706901
0b_baseline_best,file,13,baseline,10264,175.Pine_Warbler/Pine_Warbler_0091_171627.jpg,175,174,175.Pine_Warbler,157,156,identity,identity,0,{},1.7568504,1.7568504,0,0.1725876,0.1725876,0.70151514,0.70151514,-0.52892753,-0.52892753,0,1,1,148.69489,148.69489,False,0.99999988,True,False,False,1,1,148.69489,148.69489,1,1,146.19167,146.19167,1,1,27.169216,27.169216,1,1,26.670314,26.670314,1,1,74.998756,74.998756,1,1,83.885577,83.885577,1,1,69.434677,69.434677,1,1,56.37306,56.37306
0b_baseline_best,file,13,baseline,10264,175.Pine_Warbler/Pine_Warbler_0091_171627.jpg,175,174,175.Pine_Warbler,157,156,horizontal_flip,horizontal_flip,0,"{""flipped"":true}",1.7568504,1.671263,-0.085587382,0.1725876,0.18800946,0.70151514,0.58552426,-0.52892753,-0.39751481,0.13141273,0.66025193,0.70952861,148.69489,105.50328,False,0.95741689,True,False,False,0.66025193,0.70952861,148.69489,105.50328,0.64885488,0.70587666,146.19167,103.19329,0.95429422,0.80813855,27.169216,21.956491,0.63121336,0.86805695,26.670314,23.151351,0.59934561,0.63369259,74.998756,47.526156,0.66724767,0.68046113,83.885577,57.080875,0.66409732,0.7384551,69.434677,51.274391,0.68128608,0.7867078,56.37306,44.349126
0b_baseline_best,file,13,baseline,10264,175.Pine_Warbler/Pine_Warbler_0091_171627.jpg,175,174,175.Pine_Warbler,157,156,color_jitter,color_jitter,0,"{""brightness"":1.261781,""contrast"":0.969826,""hue"":-0.059535,""saturation"":1.32133}",1.7568504,3.6687257,1.9118754,0.1725876,0.025508957,0.70151514,0.013661939,-0.52892753,0.011847018,0.54077455,0.32150356,1.1298438,148.69489,168.00201,False,0.834764,False,False,False,0.32150356,1.1298438,148.69489,168.00201,0.31374412,1.1338641,146.19167,165.76149,0.57680477,1.0065072,27.169216,27.346011,0.34106447,1.1336287,26.670314,30.234234,0.27207676,1.0997702,74.998756,82.481397,0.31082559,1.1783054,83.885577,98.842829,0.34197058,1.1031031,69.434677,76.593607,0.34503826,1.1390429,56.37306,64.211333
0b_baseline_best,file,13,baseline,10264,175.Pine_Warbler/Pine_Warbler_0091_171627.jpg,175,174,175.Pine_Warbler,157,156,rotation,rotation,0,"{""angle"":-7.932238}",1.7568504,2.4976141,0.74076378,0.1725876,0.082281068,0.70151514,0.7456345,-0.52892753,-0.66335343,-0.13442589,0.81091499,1.074329,148.69489,159.74724,False,0.93732452,True,False,False,0.81091499,1.074329,148.69489,159.74724,0.80707619,1.077495,146.19167,157.5208,0.93701224,0.9782301,27.169216,26.577745,0.7699679,1.041711,26.670314,27.782758,0.84464031,1.0677342,74.998756,80.078733,0.8197173,1.0502867,83.885577,88.103904,0.77721409,1.1180536,69.434677,77.631687,0.77142078,1.0991495,56.37306,61.96242
0b_baseline_best,file,13,baseline,10264,175.Pine_Warbler/Pine_Warbler_0091_171627.jpg,175,174,175.Pine_Warbler,157,156,random_resized_crop,random_resized_crop,0,"{""area_fraction"":0.579886,""aspect"":1.255029,""fallback"":false,""height"":0.679743,""left"":0.135211,""top"":0.123369,""width"":0.853097}",1.7568504,2.5229952,0.76614487,0.1725876,0.080218971,0.70151514,0.77791172,-0.52892753,-0.69769275,-0.16876522,0.73617956,1.1734564,148.69489,174.48697,False,0.89585781,True,False,False,0.73617956,1.1734564,148.69489,174.48697,0.73131952,1.1770148,146.19167,172.06977,0.89520292,1.0652863,27.169216,28.942992,0.53553548,1.5257886,26.670314,40.693262,0.79906426,1.1527377,74.998756,86.45389,0.74843835,1.0881603,83.885577,91.280954,0.7089371,1.2206286,69.434677,84.753954,0.68777765,1.2496023,56.37306,70.443904
0b_baseline_best,file,13,baseline,10264,175.Pine_Warbler/Pine_Warbler_0091_171627.jpg,175,174,175.Pine_Warbler,157,156,gaussian_blur,gaussian_blur,0,"{""sigma"":1.460794}",1.7568504,4.3757954,2.618945,0.1725876,0.012578131,0.70151514,0.53549808,-0.52892753,-0.52291995,0.0060075829,0.60813099,0.7855683,148.69489,116.80999,False,0.82394403,True,False,False,0.60813099,0.7855683,148.69489,116.80999,0.6005434,0.7807614,146.19167,114.14081,0.80307408,0.9138429,27.169216,24.828395,0.18071263,0.97791396,26.670314,26.081272,0.62394364,0.75864146,74.998756,56.897165,0.62282269,0.72052596,83.885577,60.441736,0.61693473,0.79492847,69.434677,55.195601,0.61796853,0.8709902,56.37306,49.100383
0b_baseline_best,file,13,baseline,10264,175.Pine_Warbler/Pine_Warbler_0091_171627.jpg,175,174,175.Pine_Warbler,157,156,random_erasing,random_erasing,0,"{""area_fraction"":0.100848,""erased"":true,""height"":0.277672,""left"":0.553312,""top"":0.143755,""width"":0.36319}",1.7568504,2.6036377,0.84678733,0.1725876,0.074003875,0.70151514,0.1643949,-0.52892753,-0.090391025,0.43853651,0.5439994,0.93298538,148.69489,138.73016,False,0.82733464,True,False,False,0.5439994,0.93298538,148.69489,138.73016,0.53831407,0.93253713,146.19167,136.32916,0.70633831,0.94587117,27.169216,25.698578,0.6693196,1.0211146,26.670314,27.233446,0.63993366,0.97678865,74.998756,73.257933,0.53811552,0.90059558,83.885577,75.54698,0.47225683,0.88127054,69.434677,61.190735,0.42243357,0.9757406,56.37306,55.005483
0b_baseline_best,file,13,baseline,955,018.Spotted_Catbird/Spotted_Catbird_0012_796802.jpg,18,17,018.Spotted_Catbird,70,69,identity,identity,0,{},0.012930593,0.012930593,0,0.98715264,0.98715264,0.0048426911,0.0048426911,0.98230994,0.98230994,0,1,1,2.6830454,2.6830454,False,1,True,True,True,1,1,2.6830454,2.6830454,1,1,2.6482626,2.6482626,1,1,0.43062501,0.43062501,1,1,0.74654837,0.74654837,1,1,1.3721736,1.3721736,1,1,1.3648979,1.3648979,1,1,1.1652227,1.1652227,1,1,1.1629316,1.1629316
0b_baseline_best,file,13,baseline,955,018.Spotted_Catbird/Spotted_Catbird_0012_796802.jpg,18,17,018.Spotted_Catbird,70,69,horizontal_flip,horizontal_flip,0,"{""flipped"":true}",0.012930593,0.004714801,-0.0082157925,0.98715264,0.9952963,0.0048426911,0.00096615142,0.98230994,0.99433015,0.012020203,0.73255594,0.42714441,2.6830454,1.1460479,False,0.96184182,True,True,True,0.73255594,0.42714441,2.6830454,1.1460479,0.728126,0.42829096,2.6482626,1.1342269,0.92561255,0.38125877,0.43062501,0.16417957,0.81274617,0.42835472,0.74654837,0.31978752,0.69320525,0.42146988,1.3721736,0.57832982,0.72632626,0.45741577,1.3648979,0.62432583,0.69957064,0.43911274,1.1652227,0.51166412,0.78608127,0.3827825,1.1629316,0.44514986
0b_baseline_best,file,13,baseline,955,018.Spotted_Catbird/Spotted_Catbird_0012_796802.jpg,18,17,018.Spotted_Catbird,70,69,color_jitter,color_jitter,0,"{""brightness"":0.761649,""contrast"":0.967532,""hue"":-0.000669,""saturation"":1.202638}",0.012930593,0.038024198,0.025093605,0.98715264,0.96268964,0.0048426911,0.0079280306,0.98230994,0.95476161,-0.027548337,0.90323384,3.0072585,2.6830454,8.068611,False,0.99060142,True,True,True,0.90323384,3.0072585,2.6830454,8.068611,0.90178628,3.0174186,2.6482626,7.9909168,0.97703468,2.5939485,0.43062501,1.1170191,0.93104154,3.813873,0.74654837,2.8472407,0.90389632,3.0414971,1.3721736,4.1734619,0.89394363,3.0075437,1.3648979,4.1049902,0.89439658,2.93297,1.1652227,3.4175632,0.92238528,2.6918318,1.1629316,3.1304162
0b_baseline_best,file,13,baseline,955,018.Spotted_Catbird/Spotted_Catbird_0012_796802.jpg,18,17,018.Spotted_Catbird,70,69,rotation,rotation,0,"{""angle"":-13.22607}",0.012930593,0.019372545,0.0064419517,0.98715264,0.98081392,0.0048426911,0.0049203364,0.98230994,0.97589358,-0.0064163608,0.76768645,1.3176615,2.6830454,3.5353457,False,0.96264225,True,True,True,0.76768645,1.3176615,2.6830454,3.5353457,0.76283636,1.3152198,2.6482626,3.4830475,0.94086019,1.4068995,0.43062501,0.60584614,0.78615201,1.3288909,0.74654837,0.9920813,0.76291849,1.1647299,1.3721736,1.5982116,0.73677373,1.2935558,1.3648979,1.7655716,0.74277312,1.4454478,1.1652227,1.6842685,0.81930359,1.3969299,1.1629316,1.624534
0b_baseline_best,file,13,baseline,955,018.Spotted_Catbird/Spotted_Catbird_0012_796802.jpg,18,17,018.Spotted_Catbird,70,69,random_resized_crop,random_resized_crop,0,"{""area_fraction"":0.658072,""aspect"":0.837313,""fallback"":false,""height"":0.886529,""left"":0.113121,""top"":0.005005,""width"":0.742302}",0.012930593,0.016987883,0.0040572891,0.98715264,0.98315561,0.0048426911,0.001377964,0.98230994,0.98177764,-0.00053230079,0.68033998,1.4016041,2.6830454,3.7605675,False,0.94144273,True,True,True,0.68033998,1.4016041,2.6830454,3.7605675,0.6753405,1.4042706,2.6482626,3.7188773,0.88720932,1.2967388,0.43062501,0.55840818,0.63765635,1.2392498,0.74654837,0.92515993,0.62148346,1.2331995,1.3721736,1.6921637,0.68187899,1.6130131,1.3648979,2.2015982,0.69666867,1.5178621,1.1652227,1.7686473,0.75489508,1.2566139,1.1629316,1.461356
0b_baseline_best,file,13,baseline,955,018.Spotted_Catbird/Spotted_Catbird_0012_796802.jpg,18,17,018.Spotted_Catbird,70,69,gaussian_blur,gaussian_blur,0,"{""sigma"":1.562137}",0.012930593,0.41323131,0.40030072,0.98715264,0.66150922,0.0048426911,0.015604265,0.98230994,0.64590495,-0.33640499,0.46871358,23.687857,2.6830454,63.555596,False,0.89416885,True,True,True,0.46871358,23.687857,2.6830454,63.555596,0.4606125,23.761474,2.6482626,62.926622,0.82452641,20.712466,0.43062501,8.9193062,0.22408748,19.589243,0.74654837,14.624317,0.27803332,19.127096,1.3721736,26.245695,0.51107527,26.303566,1.3648979,35.901682,0.5395224,27.729006,1.1652227,32.310467,0.60533052,23.139916,1.1629316,26.91014
0b_baseline_best,file,13,baseline,955,018.Spotted_Catbird/Spotted_Catbird_0012_796802.jpg,18,17,018.Spotted_Catbird,70,69,random_erasing,random_erasing,0,"{""area_fraction"":0.099204,""erased"":true,""height"":0.372502,""left"":0.195717,""top"":0.302084,""width"":0.266318}",0.012930593,0.023086801,0.010156208,0.98715264,0.97717768,0.0048426911,0.010826928,0.98230994,0.96635075,-0.015959193,0.90292447,1.8044421,2.6830454,4.8414001,False,0.98623776,True,True,True,0.90292447,1.8044421,2.6830454,4.8414001,0.90092947,1.8036709,2.6482626,4.7765942,0.97727079,1.8333696,0.43062501,0.7894948,0.90535366,1.5851385,0.74654837,1.1833826,0.9267746,1.7379632,1.3721736,2.3847871,0.89129939,1.8551189,1.3648979,2.532048,0.87565326,1.8379497,1.1652227,2.1416206,0.90870979,1.8702374,1.1629316,2.1749581
0b_baseline_best,file,13,baseline,762,014.Indigo_Bunting/Indigo_Bunting_0026_11964.jpg,14,13,014.Indigo_Bunting,54,53,identity,identity,0,{},1.0182413,1.0182413,0,0.36122966,0.36122966,0.51152027,0.51152027,-0.15029061,-0.15029061,0,1,1,119.70553,119.70553,False,1.0000002,True,False,False,1,1,119.70553,119.70553,1,1,117.67196,117.67196,1,1,21.970959,21.970959,1,1,17.641084,17.641084,1,1,41.941189,41.941189,1,1,71.569624,71.569624,1,1,61.349983,61.349983,1,1,53.762322,53.762322
0b_baseline_best,file,13,baseline,762,014.Indigo_Bunting/Indigo_Bunting_0026_11964.jpg,14,13,014.Indigo_Bunting,54,53,horizontal_flip,horizontal_flip,0,"{""flipped"":true}",1.0182413,0.45405826,-0.56418303,0.36122966,0.63504571,0.51152027,0.35041085,-0.15029061,0.28463486,0.43492547,0.70807074,0.64412995,119.70553,77.105915,False,0.9681676,False,False,True,0.70807074,0.64412995,119.70553,77.105915,0.69902958,0.64328752,117.67196,75.696903,0.95835627,0.66784247,21.970959,14.673139,0.70639795,0.69439572,17.641084,12.249893,0.58076784,0.66898804,41.941189,28.058154,0.71633565,0.63170642,71.569624,45.210991,0.67999616,0.63668565,61.349983,39.060654,0.76754041,0.65046403,53.762322,34.970457
0b_baseline_best,file,13,baseline,762,014.Indigo_Bunting/Indigo_Bunting_0026_11964.jpg,14,13,014.Indigo_Bunting,54,53,color_jitter,color_jitter,0,"{""brightness"":1.020566,""contrast"":0.800532,""hue"":0.012295,""saturation"":0.750448}",1.0182413,1.7593324,0.74109113,0.36122966,0.17215976,0.51152027,0.74671417,-0.15029061,-0.57455441,-0.42426381,0.90683961,1.2080102,119.70553,144.60549,False,0.96561599,True,False,False,0.90683961,1.2080102,119.70553,144.60549,0.90504759,1.2024041,117.67196,141.48925,0.95886552,1.3590077,21.970959,29.858702,0.77887552,1.0390688,17.641084,18.330301,0.85150811,1.2796549,41.941189,53.670249,0.9382351,1.2216862,71.569624,87.435621,0.90589519,1.1612142,61.349983,71.240472,0.8935023,1.1884641,53.762322,63.89459
0b_baseline_best,file,13,baseline,762,014.Indigo_Bunting/Indigo_Bunting_0026_11964.jpg,14,13,014.Indigo_Bunting,54,53,rotation,rotation,0,"{""angle"":2.490916}",1.0182413,1.4772673,0.45902598,0.36122966,0.22826059,0.51152027,0.49568141,-0.15029061,-0.26742081,-0.11713021,0.82614503,1.1219293,119.70553,134.30114,False,0.98688602,True,False,False,0.82614503,1.1219293,119.70553,134.30114,0.82097565,1.1214977,117.67196,131.96883,0.97281145,1.1342401,21.970959,24.920342,0.64596266,1.1965204,17.641084,21.107916,0.63324928,1.0314648,41.941189,43.260859,0.83691777,1.1192562,71.569624,80.104742,0.84588206,1.1342653,61.349983,69.587158,0.88556507,1.1525614,53.762322,61.964377
0b_baseline_best,file,13,baseline,762,014.Indigo_Bunting/Indigo_Bunting_0026_11964.jpg,14,13,014.Indigo_Bunting,54,53,random_resized_crop,random_resized_crop,0,"{""area_fraction"":0.688435,""aspect"":0.934372,""fallback"":false,""height"":0.858364,""left"":0.114885,""top"":0.126212,""width"":0.802032}",1.0182413,0.70524448,-0.3129968,0.36122966,0.49398777,0.51152027,0.37773353,-0.15029061,0.11625424,0.26654485,0.74697726,0.75977844,119.70553,90.949679,False,0.95878869,False,False,True,0.74697726,0.75977844,119.70553,90.949679,0.73973654,0.76013827,117.67196,89.44696,0.95772825,0.7493833,21.970959,16.464669,0.59072011,1.0960225,17.641084,19.335026,0.54854029,0.77766962,41.941189,32.616388,0.79123052,0.77703203,71.569624,55.611891,0.7535262,0.72070756,61.349983,44.215397,0.78405601,0.72407915,53.762322,38.928177
0b_baseline_best,file,13,baseline,762,014.Indigo_Bunting/Indigo_Bunting_0026_11964.jpg,14,13,014.Indigo_Bunting,54,53,gaussian_blur,gaussian_blur,0,"{""sigma"":1.110462}",1.0182413,0.68440098,-0.33384031,0.36122966,0.50439227,0.51152027,0.2392112,-0.15029061,0.26518106,0.41547167,0.61007668,0.7158408,119.70553,85.6901,False,0.96123743,False,False,True,0.61007668,0.7158408,119.70553,85.6901,0.5986054,0.71167513,117.67196,83.744207,0.89999518,0.82643958,21.970959,18.15767,0.15844467,0.8294884,17.641084,14.633075,0.35156196,0.82682274,41.941189,34.677928,0.60864368,0.67103028,71.569624,48.025385,0.64496814,0.70325897,61.349983,43.144926,0.76155031,0.70300712,53.762322,37.795296
0b_baseline_best,file,13,baseline,762,014.Indigo_Bunting/Indigo_Bunting_0026_11964.jpg,14,13,014.Indigo_Bunting,54,53,random_erasing,random_erasing,0,"{""area_fraction"":0.114216,""erased"":true,""height"":0.38592,""left"":0.092885,""top"":0.3331,""width"":0.295957}",1.0182413,0.87378806,-0.14445323,0.36122966,0.41736755,0.51152027,0.046221763,-0.15029061,0.37114578,0.52143639,0.48181202,0.92340526,119.70553,110.53671,False,0.90798485,False,False,False,0.48181202,0.92340526,119.70553,110.53671,0.47574874,0.92105612,117.67196,108.38248,0.6450391,0.98841524,21.970959,21.71643,0.03644756,0.99872933,17.641084,17.618668,0.14502239,1.0511627,41.941189,44.087012,0.57633875,0.86633299,71.569624,62.003127,0.52760389,0.91882556,61.349983,56.369933,0.52608749,0.92455758,53.762322,49.706363
0b_baseline_best,file,13,baseline,9402,160.Black_throated_Blue_Warbler/Black_Throated_Blue_Warbler_0108_161714.jpg,160,159,160.Black_throated_Blue_Warbler,76,75,identity,identity,0,{},0.0049521886,0.0049521886,0,0.99506003,0.99506003,0.0007547508,0.0007547508,0.99430528,0.99430528,0,1,1,0.85772304,0.85772304,False,1,True,True,True,1,1,0.85772304,0.85772304,1,1,0.84205166,0.84205166,1,1,0.16321094,0.16321094,1,1,0.16632963,0.16632963,1,1,0.3564131,0.3564131,1,1,0.45577168,0.45577168,1,1,0.43840689,0.43840689,1,1,0.39297167,0.39297167
0b_baseline_best,file,13,baseline,9402,160.Black_throated_Blue_Warbler/Black_Throated_Blue_Warbler_0108_161714.jpg,160,159,160.Black_throated_Blue_Warbler,76,75,horizontal_flip,horizontal_flip,0,"{""flipped"":true}",0.0049521886,0.023957292,0.019005103,0.99506003,0.97632742,0.0007547508,0.00012056228,0.99430528,0.97620686,-0.018098419,0.41673987,6.830641,0.85772304,5.8587982,False,0.94441205,True,True,True,0.41673987,6.830641,0.85772304,5.8587982,0.40400625,6.8733512,0.84205166,5.7877168,0.84353607,5.5747679,0.16321094,0.90986311,0.33908575,6.6921456,0.16632963,1.1131021,0.28062447,6.5055437,0.3564131,2.318661,0.41072848,7.8274095,0.45577168,3.5675116,0.39796582,6.650013,0.43840689,2.9154115,0.5326306,6.0517725,0.39297167,2.3781752
0b_baseline_best,file,13,baseline,9402,160.Black_throated_Blue_Warbler/Black_Throated_Blue_Warbler_0108_161714.jpg,160,159,160.Black_throated_Blue_Warbler,76,75,color_jitter,color_jitter,0,"{""brightness"":0.736361,""contrast"":0.849802,""hue"":0.033549,""saturation"":1.25954}",0.0049521886,0.010062207,0.005110018,0.99506003,0.98998827,0.0007547508,0.0012005041,0.99430528,0.98878776,-0.0055175126,0.72143006,2.5275583,0.85772304,2.1679449,False,0.96503842,True,True,True,0.72143006,2.5275583,0.85772304,2.1679449,0.71492285,2.5332108,0.84205166,2.1330944,0.90790496,2.3721511,0.16321094,0.38716102,0.70310137,2.4596421,0.16632963,0.40911136,0.64632601,2.5241228,0.3564131,0.89963041,0.71636403,2.7744922,0.45577168,1.264535,0.7268028,2.5376664,0.43840689,1.1125304,0.77588533,2.1840278,0.39297167,0.85826104
0b_baseline_best,file,13,baseline,9402,160.Black_throated_Blue_Warbler/Black_Throated_Blue_Warbler_0108_161714.jpg,160,159,160.Black_throated_Blue_Warbler,76,75,rotation,rotation,0,"{""angle"":-14.373268}",0.0049521886,0.010791043,0.0058388542,0.99506003,0.98926699,0.0007547508,9.5537005e-05,0.99430528,0.98917145,-0.0051338212,0.54233144,2.3914482,0.85772304,2.0512003,False,0.94487268,True,True,True,0.54233144,2.3914482,0.85772304,2.0512003,0.5296686,2.3967064,0.84205166,2.0181506,0.90294622,2.2469683,0.16321094,0.36672981,0.40653308,2.2375034,0.16632963,0.37216311,0.41276002,2.4855798,0.3564131,0.8858932,0.51467971,2.524106,0.45577168,1.150416,0.54803591,2.2325334,0.43840689,0.97875801,0.65436238,2.3710869,0.39297167,0.93176999
0b_baseline_best,file,13,baseline,9402,160.Black_throated_Blue_Warbler/Black_Throated_Blue_Warbler_0108_161714.jpg,160,159,160.Black_throated_Blue_Warbler,76,75,random_resized_crop,random_resized_crop,0,"{""area_fraction"":0.674418,""aspect"":0.927387,""fallback"":false,""height"":0.852774,""left"":0.098423,""top"":0.035605,""width"":0.790852}",0.0049521886,0.0013336582,-0.0036185303,0.99506003,0.99866724,0.0007547508,7.3523064e-05,0.99430528,0.99859372,0.0042884412,0.64602619,0.26453185,0.85772304,0.22689506,False,0.96239364,True,True,True,0.64602619,0.26453185,0.85772304,0.22689506,0.63444849,0.26358298,0.84205166,0.22195049,0.93000715,0.28864467,0.16321094,0.047109969,0.54747878,0.29720667,0.16632963,0.049434275,0.61562022,0.25056922,0.3564131,0.089306151,0.64651661,0.26374495,0.45577168,0.12020748,0.59110009,0.24941036,0.43840689,0.10934322,0.70101137,0.28378859,0.39297167,0.11152088
0b_baseline_best,file,13,baseline,9402,160.Black_throated_Blue_Warbler/Black_Throated_Blue_Warbler_0108_161714.jpg,160,159,160.Black_throated_Blue_Warbler,76,75,gaussian_blur,gaussian_blur,0,"{""sigma"":1.836938}",0.0049521886,1.5390702,1.5341181,0.99506003,0.21458052,0.0007547508,0.0045482498,0.99430528,0.21003227,-0.784273,0.35733068,163.56602,0.85772304,140.29435,False,0.73074162,False,True,False,0.35733068,163.56602,0.85772304,140.29435,0.34719655,164.60012,0.84205166,138.6018,0.69871502,133.11965,0.16321094,21.726584,-0.2817438,251.81704,0.16632963,41.884634,0.29571041,168.9112,0.3564131,60.202163,0.38055712,173.59914,0.45577168,79.12157,0.41159445,164.3341,0.43840689,72.045201,0.49100786,124.17318,0.39297167,48.796542
0b_baseline_best,file,13,baseline,9402,160.Black_throated_Blue_Warbler/Black_Throated_Blue_Warbler_0108_161714.jpg,160,159,160.Black_throated_Blue_Warbler,76,75,random_erasing,random_erasing,0,"{""area_fraction"":0.086616,""erased"":true,""height"":0.497371,""left"":0.777019,""top"":0.401858,""width"":0.174147}",0.0049521886,0.0028257938,-0.0021263948,0.99506003,0.9971782,0.0007547508,0.00022615325,0.99430528,0.99695204,0.0026467678,0.8983742,0.59866755,0.85772304,0.51349095,False,0.99017537,True,True,True,0.8983742,0.59866755,0.85772304,0.51349095,0.89539499,0.59904864,0.84205166,0.5044299,0.97924454,0.58843294,0.16321094,0.096038694,0.92877158,0.6558515,0.16632963,0.10908754,0.91201878,0.57536451,0.3564131,0.20506745,0.88871523,0.63319776,0.45577168,0.2885936,0.87955428,0.58455892,0.43840689,0.25627466,0.90908892,0.57767674,0.39297167,0.22701059
0b_baseline_best,file,13,baseline,11244,191.Red_headed_Woodpecker/Red_Headed_Woodpecker_0022_183010.jpg,191,190,191.Red_headed_Woodpecker,83,82,identity,identity,0,{},0.0025399826,0.0025399826,0,0.99746323,0.99746323,0.00044571017,0.00044571017,0.99701752,0.99701752,0,1,1,0.37716126,0.37716126,False,1,True,True,True,1,1,0.37716126,0.37716126,1,1,0.36963739,0.36963739,1,1,0.074958797,0.074958797,1,1,0.066804306,0.066804306,1,1,0.12231516,0.12231516,1,1,0.16849703,0.16849703,1,1,0.19429225,0.19429225,1,1,0.22598066,0.22598066
0b_baseline_best,file,13,baseline,11244,191.Red_headed_Woodpecker/Red_Headed_Woodpecker_0022_183010.jpg,191,190,191.Red_headed_Woodpecker,83,82,horizontal_flip,horizontal_flip,0,"{""flipped"":true}",0.0025399826,0.002918035,0.00037805247,0.99746323,0.99708623,0.00044571017,0.00036283809,0.99701752,0.99672339,-0.0002941273,0.60013515,1.2043483,0.37716126,0.45423353,False,0.96377242,True,True,True,0.60013515,1.2043483,0.37716126,0.45423353,0.58650419,1.2074378,0.36963739,0.44631417,0.95676284,1.1266157,0.074958797,0.084449757,0.30443768,1.5198826,0.066804306,0.1015347,0.41110677,1.2824128,0.12231516,0.15685853,0.55129723,1.2701787,0.16849703,0.21402134,0.54519189,1.2042602,0.19429225,0.23397843,0.73866744,1.1171345,0.22598066,0.25245079
0b_baseline_best,file,13,baseline,11244,191.Red_headed_Woodpecker/Red_Headed_Woodpecker_0022_183010.jpg,191,190,191.Red_headed_Woodpecker,83,82,color_jitter,color_jitter,0,"{""brightness"":0.927866,""contrast"":1.353297,""hue"":0.056768,""saturation"":1.23454}",0.0025399826,0.048364282,0.045824299,0.99746323,0.95278662,0.00044571017,0.016534124,0.99701752,0.9362525,-0.060765015,0.73459587,16.275408,0.37716126,6.1384533,False,0.90817547,True,True,True,0.73459587,16.275408,0.37716126,6.1384533,0.72753864,16.183231,0.36963739,5.9819274,0.89140336,18.375053,0.074958797,1.3773719,0.74290783,20.475203,0.066804306,1.3678318,0.51099579,16.201084,0.12231516,1.9816381,0.72070455,16.066913,0.16849703,2.7072271,0.74338533,15.833759,0.19429225,3.0763765,0.78443741,16.072785,0.22598066,3.6321386
0b_baseline_best,file,13,baseline,11244,191.Red_headed_Woodpecker/Red_Headed_Woodpecker_0022_183010.jpg,191,190,191.Red_headed_Woodpecker,83,82,rotation,rotation,0,"{""angle"":14.505536}",0.0025399826,0.0069086961,0.0043687136,0.99746323,0.99311513,0.00044571017,0.0012686995,0.99701752,0.99184643,-0.0051710886,0.7433346,3.113515,0.37716126,1.1742973,False,0.96841764,True,True,True,0.7433346,3.113515,0.37716126,1.1742973,0.73592691,3.1309331,0.36963739,1.1573099,0.96553795,2.6550199,0.074958797,0.1990171,0.72952695,4.1664632,0.066804306,0.27833768,0.59378563,3.5672276,0.12231516,0.43632601,0.73071802,3.2696537,0.16849703,0.55092695,0.71492846,3.1518873,0.19429225,0.61238727,0.82356304,2.7740314,0.22598066,0.62687743
0b_baseline_best,file,13,baseline,11244,191.Red_headed_Woodpecker/Red_Headed_Woodpecker_0022_183010.jpg,191,190,191.Red_headed_Woodpecker,83,82,random_resized_crop,random_resized_crop,0,"{""area_fraction"":0.71796,""aspect"":1.018028,""fallback"":false,""height"":0.839789,""left"":0.114459,""top"":0.059998,""width"":0.854929}",0.0025399826,0.014804738,0.012264755,0.99746323,0.9853043,0.00044571017,0.0020553106,0.99701752,0.98324899,-0.013768531,0.67806867,6.6239443,0.37716126,2.4982952,False,0.97158819,True,True,True,0.67806867,6.6239443,0.37716126,2.4982952,0.6693868,6.675263,0.36963739,2.4674268,0.96773991,5.2230697,0.074958797,0.39151502,0.68519709,10.192125,0.066804306,0.68087787,0.38453389,8.2364787,0.12231516,1.0074462,0.6106353,7.0737443,0.16849703,1.1919049,0.71154296,6.4122863,0.19429225,1.2458575,0.82005557,5.6615289,0.22598066,1.279396
0b_baseline_best,file,13,baseline,11244,191.Red_headed_Woodpecker/Red_Headed_Woodpecker_0022_183010.jpg,191,190,191.Red_headed_Woodpecker,83,82,gaussian_blur,gaussian_blur,0,"{""sigma"":1.75277}",0.0025399826,0.038314849,0.035774867,0.99746323,0.96240985,0.00044571017,0.00011994346,0.99701752,0.96228991,-0.034727606,0.37952369,18.535811,0.37716126,6.99099,False,0.883959,True,True,True,0.37952369,18.535811,0.37716126,6.99099,0.36567555,18.712117,0.36963739,6.916698,0.86345272,13.560501,0.074958797,1.0164789,0.34072717,41.052786,0.066804306,2.7425029,0.20738969,27.210021,0.12231516,3.328198,0.24003018,20.21151,0.16849703,3.4055794,0.42922113,16.264644,0.19429225,3.1600943,0.6184968,12.246036,0.22598066,2.7673672
0b_baseline_best,file,13,baseline,11244,191.Red_headed_Woodpecker/Red_Headed_Woodpecker_0022_183010.jpg,191,190,191.Red_headed_Woodpecker,83,82,random_erasing,random_erasing,0,"{""area_fraction"":0.188488,""erased"":true,""height"":0.542711,""left"":0.437391,""top"":0.104569,""width"":0.347308}",0.0025399826,2.6470048,2.6444649,0.99746323,0.070863143,0.00044571017,0.0069249761,0.99701752,0.063938166,-0.93307935,0.32945008,311.80293,0.37716126,117.59999,False,0.73238748,False,True,False,0.32945008,311.80293,0.37716126,117.59999,0.31238061,310.64437,0.36963739,114.82577,0.71126183,338.75815,0.074958797,25.392903,0.34801129,311.26867,0.066804306,20.794087,0.13879005,421.06104,0.12231516,51.502148,0.2934761,351.98005,0.16849703,59.307594,0.33444655,291.00095,0.19429225,56.539228,0.40261124,257.49769,0.22598066,58.189497
0b_baseline_best,file,13,baseline,617,012.Yellow_headed_Blackbird/Yellow_Headed_Blackbird_0017_8511.jpg,12,11,012.Yellow_headed_Blackbird,96,95,identity,identity,0,{},1.004154,1.004154,0,0.36635444,0.36635444,0.046433773,0.046433773,0.31992066,0.31992066,0,1,1,78.293466,78.293466,False,1,True,True,True,1,1,78.293466,78.293466,1,1,76.896856,76.896856,1,1,14.722101,14.722101,1,1,14.653607,14.653607,1,1,30.667139,30.667139,1,1,38.17278,38.17278,1,1,38.970462,38.970462,1,1,42.214534,42.214534
0b_baseline_best,file,13,baseline,617,012.Yellow_headed_Blackbird/Yellow_Headed_Blackbird_0017_8511.jpg,12,11,012.Yellow_headed_Blackbird,96,95,horizontal_flip,horizontal_flip,0,"{""flipped"":true}",1.004154,0.45799005,-0.54616392,0.36635444,0.63255376,0.046433773,0.024131423,0.31992066,0.60842233,0.28850167,0.53227576,0.66360681,78.293466,51.956077,False,0.92465037,True,True,True,0.53227576,0.66360681,78.293466,51.956077,0.51920353,0.66476669,76.896856,51.118469,0.9086073,0.6311411,14.722101,9.2917232,0.39923062,0.82782686,14.653607,12.130649,0.45783443,0.66112494,30.667139,20.274811,0.48184763,0.71425025,38.17278,27.264918,0.47773916,0.62333271,38.970462,24.291564,0.64516954,0.63625693,42.214534,26.85929
0b_baseline_best,file,13,baseline,617,012.Yellow_headed_Blackbird/Yellow_Headed_Blackbird_0017_8511.jpg,12,11,012.Yellow_headed_Blackbird,96,95,color_jitter,color_jitter,0,"{""brightness"":1.237863,""contrast"":1.326028,""hue"":-0.094601,""saturation"":0.8988}",1.004154,6.2639775,5.2598236,0.36635444,0.0019036592,0.046433773,0.0018336432,0.31992066,7.0016016e-05,-0.31985065,0.32222452,2.4350063,78.293466,190.64508,False,0.77858126,False,True,False,0.32222452,2.4350063,78.293466,190.64508,0.31354412,2.4457642,76.896856,188.07158,0.59854628,2.1205565,14.722101,31.219047,0.21798041,3.204361,14.653607,46.955446,0.25892875,2.3810655,30.667139,73.020468,0.26022182,2.530489,38.17278,96.595799,0.35861875,2.4241959,38.970462,94.472035,0.36908503,2.3183796,42.214534,97.869314
0b_baseline_best,file,13,baseline,617,012.Yellow_headed_Blackbird/Yellow_Headed_Blackbird_0017_8511.jpg,12,11,012.Yellow_headed_Blackbird,96,95,rotation,rotation,0,"{""angle"":2.508772}",1.004154,0.88260478,-0.12154919,0.36635444,0.41370392,0.046433773,0.071231432,0.31992066,0.34247249,0.022551823,0.79198278,1.0224637,78.293466,80.052225,False,0.96696436,True,True,True,0.79198278,1.0224637,78.293466,80.052225,0.78589683,1.0229886,76.896856,78.664606,0.96056567,1.0080378,14.722101,14.840435,0.65318892,0.99165077,14.653607,14.531261,0.81697224,1.1490123,30.667139,35.236919,0.75384888,1.0266982,38.17278,39.191925,0.7656842,0.99911045,38.970462,38.935796,0.8328015,0.97189919,42.214534,41.028271
0b_baseline_best,file,13,baseline,617,012.Yellow_headed_Blackbird/Yellow_Headed_Blackbird_0017_8511.jpg,12,11,012.Yellow_headed_Blackbird,96,95,random_resized_crop,random_resized_crop,0,"{""area_fraction"":0.679459,""aspect"":1.104992,""fallback"":false,""height"":0.784156,""left"":0.062756,""top"":0.185621,""width"":0.866485}",1.004154,4.0525894,3.0484354,0.36635444,0.017377317,0.046433773,0.028160883,0.31992066,-0.010783566,-0.33070423,0.59141262,1.8225919,78.293466,142.69704,False,0.90548331,False,True,False,0.59141262,1.8225919,78.293466,142.69704,0.58132065,1.8274769,76.896856,140.52723,0.89214255,1.6838611,14.722101,24.789974,0.52082242,2.359819,14.653607,34.57986,0.60117119,2.1904379,30.667139,67.174464,0.53248557,1.8904726,38.17278,72.164594,0.58298139,1.7207006,38.970462,67.0565,0.64367732,1.5597457,42.214534,65.843939
0b_baseline_best,file,13,baseline,617,012.Yellow_headed_Blackbird/Yellow_Headed_Blackbird_0017_8511.jpg,12,11,012.Yellow_headed_Blackbird,96,95,gaussian_blur,gaussian_blur,0,"{""sigma"":1.972415}",1.004154,2.1144657,1.1103117,0.36635444,0.12069776,0.046433773,0.071514711,0.31992066,0.049183048,-0.27073761,0.50166673,2.149007,78.293466,168.25321,False,0.84778702,True,True,True,0.50166673,2.149007,78.293466,168.25321,0.49294512,2.1660575,76.896856,166.56301,0.84173708,1.6158533,14.722101,23.788756,0.53716212,3.4124814,14.653607,50.005161,0.48364607,2.3563105,30.667139,72.261301,0.4221222,2.4126284,38.17278,92.096732,0.49760813,2.1442811,38.970462,83.563626,0.61198601,1.5989907,42.214534,67.500647
0b_baseline_best,file,13,baseline,617,012.Yellow_headed_Blackbird/Yellow_Headed_Blackbird_0017_8511.jpg,12,11,012.Yellow_headed_Blackbird,96,95,random_erasing,random_erasing,0,"{""area_fraction"":0.182272,""erased"":true,""height"":0.335969,""left"":0.116338,""top"":0.407113,""width"":0.542528}",1.004154,1.3063011,0.30214715,0.36635444,0.27081993,0.046433773,0.069992147,0.31992066,0.20082778,-0.11909288,0.62828942,1.0708337,78.293466,83.839285,False,0.89689112,True,True,True,0.62828942,1.0708337,78.293466,83.839285,0.61780833,1.0670149,76.896856,82.050094,0.89159285,1.1702208,14.722101,17.228109,0.52907101,0.84937596,14.653607,12.446421,0.60915724,1.0073276,30.667139,30.891856,0.58673488,1.0429348,38.17278,39.811719,0.59665759,1.1189871,38.970462,43.607443,0.67587224,1.0949162,42.214534,46.221377
0b_baseline_best,file,13,baseline,10429,178.Swainson_Warbler/Swainson_Warbler_0025_794881.jpg,178,177,178.Swainson_Warbler,181,180,identity,identity,0,{},3.5424223,3.5424223,0,0.028943134,0.028943134,0.57928985,0.57928985,-0.55034672,-0.55034672,0,1,1,141.1564,141.1564,False,1,True,False,False,1,1,141.1564,141.1564,1,1,137.19166,137.19166,1,1,33.220161,33.220161,1,1,28.148841,28.148841,1,1,62.738373,62.738373,1,1,77.433945,77.433945,1,1,62.833941,62.833941,1,1,64.412494,64.412494
0b_baseline_best,file,13,baseline,10429,178.Swainson_Warbler/Swainson_Warbler_0025_794881.jpg,178,177,178.Swainson_Warbler,181,180,horizontal_flip,horizontal_flip,0,"{""flipped"":true}",3.5424223,3.1832473,-0.35917497,0.028943134,0.041450836,0.57928985,0.15576443,-0.55034672,-0.11431359,0.43603312,0.6671307,1.2528234,141.1564,176.84404,False,0.95297658,False,False,False,0.6671307,1.2528234,141.1564,176.84404,0.6598533,1.2682047,137.19166,173.9871,0.8585359,0.95301149,33.220161,31.659196,0.69116273,1.4095318,28.148841,39.676686,0.63648471,1.4641352,62.738373,91.857461,0.72429023,1.2524542,77.433945,96.98247,0.61012129,1.2104278,62.833941,76.055951,0.64444322,1.1053681,64.412494,71.199515
0b_baseline_best,file,13,baseline,10429,178.Swainson_Warbler/Swainson_Warbler_0025_794881.jpg,178,177,178.Swainson_Warbler,181,180,color_jitter,color_jitter,0,"{""brightness"":1.223365,""contrast"":0.836123,""hue"":-0.045924,""saturation"":1.163952}",3.5424223,3.3151848,-0.22723746,0.028943134,0.036327332,0.57928985,0.3297565,-0.55034672,-0.29342917,0.25691755,0.86167705,1.0528585,141.1564,148.61771,False,0.97875214,True,False,False,0.86167705,1.0528585,141.1564,148.61771,0.85715345,1.0590314,137.19166,145.29027,0.95415612,0.94136749,33.220161,31.27238,0.70351406,1.1659611,28.148841,32.820453,0.86335743,1.0599804,62.738373,66.501443,0.88644584,1.0831236,77.433945,83.870535,0.83732004,1.0578037,62.833941,66.465976,0.86181826,1.001045,64.412494,64.479804
0b_baseline_best,file,13,baseline,10429,178.Swainson_Warbler/Swainson_Warbler_0025_794881.jpg,178,177,178.Swainson_Warbler,181,180,rotation,rotation,0,"{""angle"":10.982608}",3.5424223,4.2789097,0.73648739,0.028943134,0.013857765,0.57928985,0.568259,-0.55034672,-0.55440124,-0.0040545166,0.72410372,0.87064193,141.1564,122.89668,False,0.95071507,True,False,False,0.72410372,0.87064193,141.1564,122.89668,0.70938411,0.8634897,137.19166,118.46358,0.95011307,0.98465686,33.220161,32.71046,0.5765469,1.0004795,28.148841,28.162338,0.66199866,0.76718576,62.738373,48.131987,0.7602495,0.79777759,77.433945,61.775067,0.68817466,0.92112308,62.833941,57.877794,0.74296564,0.95169478,64.412494,61.301034
0b_baseline_best,file,13,baseline,10429,178.Swainson_Warbler/Swainson_Warbler_0025_794881.jpg,178,177,178.Swainson_Warbler,181,180,random_resized_crop,random_resized_crop,0,"{""area_fraction"":0.512389,""aspect"":0.775215,""fallback"":false,""height"":0.812997,""left"":0.213095,""top"":0.002451,""width"":0.630247}",3.5424223,3.1936183,-0.348804,0.028943134,0.041023169,0.57928985,0.076006785,-0.55034672,-0.034983616,0.5153631,0.54752638,0.72753048,141.1564,102.69558,False,0.88455963,False,False,False,0.54752638,0.72753048,141.1564,102.69558,0.53495805,0.73080261,137.19166,100.26002,0.78359977,0.66926579,33.220161,22.233117,0.44818592,0.55721258,28.148841,15.684888,0.53985523,0.61372531,62.738373,38.504128,0.62690132,0.74360407,77.433945,57.580197,0.46859181,0.76542311,62.833941,48.094551,0.49196672,0.80594067,64.412494,51.912649
0b_baseline_best,file,13,baseline,10429,178.Swainson_Warbler/Swainson_Warbler_0025_794881.jpg,178,177,178.Swainson_Warbler,181,180,gaussian_blur,gaussian_blur,0,"{""sigma"":1.974932}",3.5424223,4.8426437,1.3002214,0.028943134,0.0078861751,0.57928985,0.31767547,-0.55034672,-0.3097893,0.24055742,0.64534733,0.8136537,141.1564,114.85243,False,0.90393567,True,False,False,0.64534733,0.8136537,141.1564,114.85243,0.63140353,0.81306815,137.19166,111.54617,0.8801749,0.82357621,33.220161,27.359335,0.65640188,0.9614328,28.148841,27.063219,0.48512162,0.61373768,62.738373,38.504903,0.70337995,0.81502632,77.433945,63.110704,0.61980991,0.89695641,62.833941,56.359306,0.66096786,0.85994274,64.412494,55.391057
0b_baseline_best,file,13,baseline,10429,178.Swainson_Warbler/Swainson_Warbler_0025_794881.jpg,178,177,178.Swainson_Warbler,181,180,random_erasing,random_erasing,0,"{""area_fraction"":0.164736,""erased"":true,""height"":0.266116,""left"":0.010131,""top"":0.723755,""width"":0.619038}",3.5424223,3.5787978,0.036375523,0.028943134,0.02790923,0.57928985,0.5641045,-0.55034672,-0.53619527,0.014151452,0.94533747,0.95718838,141.1564,135.11327,False,0.98995364,True,False,False,0.94533747,0.95718838,141.1564,135.11327,0.94269519,0.95505507,137.19166,131.02559,0.98935711,0.99286655,33.220161,32.983187,0.91596836,0.80502634,28.148841,22.660558,0.94362809,0.93493194,62.738373,58.656109,0.95866714,0.91715766,77.433945,71.019137,0.93207886,0.98437113,62.833941,61.851918,0.94082988,1.0232673,64.412494,65.911202
0b_baseline_best,file,13,baseline,7544,129.Song_Sparrow/Song_Sparrow_0007_121133.jpg,129,128,129.Song_Sparrow,125,124,identity,identity,0,{},0.067733116,0.067733116,0,0.93450987,0.93450987,0.038128741,0.038128741,0.89638113,0.89638113,0,1,1,11.336072,11.336072,False,1,True,True,True,1,1,11.336072,11.336072,1,1,11.0874,11.0874,1,1,2.3613756,2.3613756,1,1,2.1170837,2.1170837,1,1,5.1846226,5.1846226,1,1,6.4580179,6.4580179,1,1,5.3571683,5.3571683,1,1,4.6003077,4.6003077
0b_baseline_best,file,13,baseline,7544,129.Song_Sparrow/Song_Sparrow_0007_121133.jpg,129,128,129.Song_Sparrow,125,124,horizontal_flip,horizontal_flip,0,"{""flipped"":true}",0.067733116,0.015763318,-0.051969798,0.93450987,0.98436028,0.038128741,0.012059426,0.89638113,0.97230085,0.075919719,0.69603685,0.26161603,11.336072,2.9656981,False,0.95380825,True,True,True,0.69603685,0.26161603,11.336072,2.9656981,0.68473999,0.26060941,11.0874,2.8894807,0.92769922,0.28289948,2.3613756,0.66803194,0.66092455,0.2583126,2.1170837,0.5468694,0.71584867,0.26645036,5.1846226,1.3814446,0.68857653,0.26098439,6.4580179,1.6854419,0.63010718,0.24872531,5.3571683,1.3324634,0.7131248,0.26848192,4.6003077,1.2350994
0b_baseline_best,file,13,baseline,7544,129.Song_Sparrow/Song_Sparrow_0007_121133.jpg,129,128,129.Song_Sparrow,125,124,color_jitter,color_jitter,0,"{""brightness"":0.73791,""contrast"":1.374197,""hue"":0.098769,""saturation"":0.64796}",0.067733116,1.1530867,1.0853535,0.93450987,0.31566092,0.038128741,0.39779952,0.89638113,-0.082138598,-0.97851973,0.70616547,8.0124998,11.336072,90.830274,False,0.89217842,False,True,False,0.70616547,8.0124998,11.336072,90.830274,0.69789828,7.959804,11.0874,88.253529,0.87163375,9.0970133,2.3613756,21.481465,0.63362906,9.6917513,2.1170837,20.518249,0.6264275,7.6603207,5.1846226,39.715872,0.7111224,7.5806435,6.4580179,48.955932,0.7082636,7.8291882,5.3571683,41.942279,0.76572492,8.78831,4.6003077,40.42893
0b_baseline_best,file,13,baseline,7544,129.Song_Sparrow/Song_Sparrow_0007_121133.jpg,129,128,129.Song_Sparrow,125,124,rotation,rotation,0,"{""angle"":-11.949574}",0.067733116,0.013440479,-0.054292638,0.93450987,0.98664945,0.038128741,0.004571883,0.89638113,0.98207757,0.085696438,0.74775345,0.19425622,11.336072,2.2021025,False,0.95140123,True,True,True,0.74775345,0.19425622,11.336072,2.2021025,0.74038689,0.19488938,11.0874,2.1608165,0.92620637,0.17973172,2.3613756,0.42441409,0.69755835,0.18647918,2.1170837,0.39479203,0.76578616,0.20736496,5.1846226,1.0751091,0.74491139,0.19081529,6.4580179,1.2322885,0.71202485,0.18847073,5.3571683,1.0096694,0.74612031,0.19677584,4.6003077,0.9052294
0b_baseline_best,file,13,baseline,7544,129.Song_Sparrow/Song_Sparrow_0007_121133.jpg,129,128,129.Song_Sparrow,125,124,random_resized_crop,random_resized_crop,0,"{""area_fraction"":0.652178,""aspect"":1.007823,""fallback"":false,""height"":0.804435,""left"":0.072411,""top"":0.021163,""width"":0.810728}",0.067733116,0.0033434702,-0.064389646,0.93450987,0.99666214,0.038128741,2.5756592e-05,0.89638113,0.99663638,0.10025525,0.34652428,0.050853177,11.336072,0.57647528,False,0.9237355,True,True,True,0.34652428,0.050853177,11.336072,0.57647528,0.32513827,0.050622878,11.0874,0.56127609,0.77661146,0.055688932,2.3613756,0.13150248,0.48301011,0.046337526,2.1170837,0.098100421,0.23253369,0.050310867,5.1846226,0.26084286,0.24256626,0.052073428,6.4580179,0.33629113,0.35021608,0.046685326,5.3571683,0.25010115,0.5359445,0.054006577,4.6003077,0.24844687
0b_baseline_best,file,13,baseline,7544,129.Song_Sparrow/Song_Sparrow_0007_121133.jpg,129,128,129.Song_Sparrow,125,124,gaussian_blur,gaussian_blur,0,"{""sigma"":1.266566}",0.067733116,0.41846922,0.3507361,0.93450987,0.6580534,0.038128741,0.096839964,0.89638113,0.56121343,-0.3351677,0.37239911,6.1021576,11.336072,69.174498,False,0.83634162,True,True,True,0.37239911,6.1021576,11.336072,69.174498,0.35882675,6.1395777,11.0874,68.071953,0.72989549,5.2093513,2.3613756,12.301235,0.4554797,5.9964742,2.1170837,12.695038,0.26481859,7.0651684,5.1846226,36.630232,0.32295686,6.2140848,6.4580179,40.130671,0.40811115,5.3606622,5.3571683,28.71797,0.50934395,5.7333935,4.6003077,26.375374
0b_baseline_best,file,13,baseline,7544,129.Song_Sparrow/Song_Sparrow_0007_121133.jpg,129,128,129.Song_Sparrow,125,124,random_erasing,random_erasing,0,"{""area_fraction"":0.096135,""erased"":true,""height"":0.333328,""left"":0.037072,""top"":0.100741,""width"":0.288411}",0.067733116,0.035430558,-0.032302558,0.93450987,0.96518975,0.038128741,0.017555214,0.89638113,0.94763454,0.051253408,0.92173647,0.51008422,11.336072,5.7823514,False,0.99205458,True,True,True,0.92173647,0.51008422,11.336072,5.7823514,0.91866569,0.50848475,11.0874,5.6377737,0.98701812,0.54415311,2.3613756,1.2849499,0.9512638,0.50391595,2.1170837,1.0668322,0.92376257,0.50914211,5.1846226,2.6397097,0.89910514,0.50538586,6.4580179,3.263791,0.918352,0.49897165,5.3571683,2.6730751,0.94402091,0.52713896,4.6003077,2.4250014
0b_baseline_best,file,13,baseline,6861,118.House_Sparrow/House_Sparrow_0006_111034.jpg,118,117,118.House_Sparrow,130,129,identity,identity,0,{},2.2918656,2.2918656,0,0.10107771,0.10107771,0.78945357,0.78945357,-0.68837586,-0.68837586,0,1,1,160.16147,160.16147,False,1,True,False,False,1,1,160.16147,160.16147,1,1,155.43697,155.43697,1,1,38.614036,38.614036,1,1,25.509072,25.509072,1,1,69.578806,69.578806,1,1,78.886831,78.886831,1,1,78.530824,78.530824,1,1,79.23703,79.23703
0b_baseline_best,file,13,baseline,6861,118.House_Sparrow/House_Sparrow_0006_111034.jpg,118,117,118.House_Sparrow,130,129,horizontal_flip,horizontal_flip,0,"{""flipped"":true}",2.2918656,2.6949346,0.40306902,0.10107771,0.0675468,0.78945357,0.78610986,-0.68837586,-0.71856306,-0.030187204,0.72428895,1.0032603,160.16147,160.68364,False,0.98396969,True,False,False,0.72428895,1.0032603,160.16147,160.68364,0.70769878,1.0008461,155.43697,155.56848,0.98313767,1.0416001,38.614036,40.220385,0.63320577,0.9467742,25.509072,24.151331,0.65278142,0.99814757,69.578806,69.449916,0.69777553,1.0722221,78.886831,84.584201,0.69484442,0.96681371,78.530824,75.924678,0.78524807,0.96740906,79.23703,76.65462
0b_baseline_best,file,13,baseline,6861,118.House_Sparrow/House_Sparrow_0006_111034.jpg,118,117,118.House_Sparrow,130,129,color_jitter,color_jitter,0,"{""brightness"":1.222253,""contrast"":0.849341,""hue"":0.046402,""saturation"":1.330313}",2.2918656,3.6741328,1.3822672,0.10107771,0.025371393,0.78945357,0.11523413,-0.68837586,-0.089862736,0.59851312,0.60241478,0.94351411,160.16147,151.11461,False,0.90659457,False,False,False,0.60241478,0.94351411,160.16147,151.11461,0.59908901,0.94795273,155.43697,147.3469,0.66342908,0.86843494,38.614036,33.533778,0.46958317,0.95826336,25.509072,24.444409,0.59571389,0.83356091,69.578806,57.998173,0.65062494,0.96829331,78.886831,76.385591,0.62453641,0.9829133,78.530824,77.188992,0.54253835,0.97405108,79.23703,77.180914
0b_baseline_best,file,13,baseline,6861,118.House_Sparrow/House_Sparrow_0006_111034.jpg,118,117,118.House_Sparrow,130,129,rotation,rotation,0,"{""angle"":-14.68755}",2.2918656,1.2987027,-0.99316287,0.10107771,0.27288556,0.78945357,0.49206588,-0.68837586,-0.21918032,0.46919554,0.73589657,0.7727618,160.16147,123.76666,False,0.96294022,True,False,False,0.73589657,0.7727618,160.16147,123.76666,0.72394926,0.77639693,155.43697,120.68079,0.94988831,0.71127388,38.614036,27.465155,0.77975828,0.93410092,25.509072,23.828047,0.6436171,0.71912413,69.578806,50.035798,0.756774,0.81650484,78.886831,64.41148,0.73155639,0.79079929,78.530824,62.10212,0.73782256,0.74524104,79.23703,59.050687
0b_baseline_best,file,13,baseline,6861,118.House_Sparrow/House_Sparrow_0006_111034.jpg,118,117,118.House_Sparrow,130,129,random_resized_crop,random_resized_crop,0,"{""area_fraction"":0.515204,""aspect"":1.141103,""fallback"":false,""height"":0.671935,""left"":0.187562,""top"":0.122732,""width"":0.766747}",2.2918656,3.1282232,0.83635759,0.10107771,0.043795548,0.78945357,0.6989674,-0.68837586,-0.65517185,0.033204012,0.66897888,1.1353704,160.16147,181.84259,False,0.91799194,True,False,False,0.66897888,1.1353704,160.16147,181.84259,0.65805598,1.1480334,155.43697,178.44684,0.91127619,0.9058343,38.614036,34.977918,0.5421174,1.3254763,25.509072,33.811669,0.63738104,1.190491,69.578806,82.832941,0.67664234,1.2890706,78.886831,101.69069,0.65348601,1.1282066,78.530824,88.598995,0.69467616,0.94845779,79.23703,75.152979
0b_baseline_best,file,13,baseline,6861,118.House_Sparrow/House_Sparrow_0006_111034.jpg,118,117,118.House_Sparrow,130,129,gaussian_blur,gaussian_blur,0,"{""sigma"":1.513366}",2.2918656,5.0480814,2.7562158,0.10107771,0.006421641,0.78945357,0.89605731,-0.68837586,-0.88963567,-0.20125981,0.63511979,1.0157192,160.16147,162.67909,False,0.92746985,True,False,False,0.63511979,1.0157192,160.16147,162.67909,0.61847229,1.0197301,155.43697,158.50375,0.92675329,0.94836724,38.614036,36.620287,0.61704371,1.2722825,25.509072,32.454745,0.50126975,0.90458605,69.578806,62.940017,0.62883208,1.1435733,78.886831,90.212876,0.6231406,1.0097012,78.530824,79.292664,0.69911823,0.95139401,79.23703,75.385636
0b_baseline_best,file,13,baseline,6861,118.House_Sparrow/House_Sparrow_0006_111034.jpg,118,117,118.House_Sparrow,130,129,random_erasing,random_erasing,0,"{""area_fraction"":0.182583,""erased"":true,""height"":0.239084,""left"":0.026037,""top"":0.284609,""width"":0.763679}",2.2918656,3.1896281,0.89776254,0.10107771,0.041187182,0.78945357,0.033647995,-0.68837586,0.0075391866,0.69591505,0.31778018,0.67059339,160.16147,107.40322,False,0.84399623,False,False,False,0.31778018,0.67059339,160.16147,107.40322,0.29758476,0.67056339,155.43697,104.23034,0.64477235,0.67107935,38.614036,25.913082,0.11663914,0.67251339,25.509072,17.155192,0.34060142,0.68629744,69.578806,47.751756,0.21116605,0.69086606,78.886831,54.500234,0.29972133,0.62217803,78.530824,48.860154,0.36841116,0.68334842,79.23703,54.146499
0b_baseline_best,file,13,baseline,9382,160.Black_throated_Blue_Warbler/Black_Throated_Blue_Warbler_0060_161644.jpg,160,159,160.Black_throated_Blue_Warbler,57,56,identity,identity,0,{},0.01276077,0.01276077,0,0.9873203,0.9873203,0.0023351265,0.0023351265,0.98498518,0.98498518,0,1,1,2.2414376,2.2414376,False,1,True,True,True,1,1,2.2414376,2.2414376,1,1,2.2107624,2.2107624,1,1,0.36955698,0.36955698,1,1,0.77364016,0.77364016,1,1,0.96874997,0.96874997,1,1,1.1732955,1.1732955,1,1,1.0242621,1.0242621,1,1,0.96163372,0.96163372
0b_baseline_best,file,13,baseline,9382,160.Black_throated_Blue_Warbler/Black_Throated_Blue_Warbler_0060_161644.jpg,160,159,160.Black_throated_Blue_Warbler,57,56,horizontal_flip,horizontal_flip,0,"{""flipped"":true}",0.01276077,0.0026271373,-0.010133632,0.9873203,0.99737632,0.0023351265,0.00055634958,0.98498518,0.99681997,0.011834796,0.70478314,0.168242,2.2414376,0.37710394,False,0.97663939,True,True,True,0.70478314,0.168242,2.2414376,0.37710394,0.6960733,0.1658904,2.2107624,0.36674424,0.96655096,0.23753862,0.36955698,0.087784057,0.88949691,0.13562509,0.77364016,0.10492502,0.60385358,0.14187437,0.96874997,0.13744079,0.69469971,0.15183733,1.1732955,0.17815005,0.62991104,0.17505681,1.0242621,0.17930405,0.77751365,0.20982926,0.96163372,0.2017789
0b_baseline_best,file,13,baseline,9382,160.Black_throated_Blue_Warbler/Black_Throated_Blue_Warbler_0060_161644.jpg,160,159,160.Black_throated_Blue_Warbler,57,56,color_jitter,color_jitter,0,"{""brightness"":0.742525,""contrast"":1.064009,""hue"":-0.001621,""saturation"":0.805106}",0.01276077,0.020313092,0.007552322,0.9873203,0.97989184,0.0023351265,0.0035780589,0.98498518,0.97631378,-0.0086713997,0.87502799,1.590796,2.2414376,3.5656699,False,0.98614722,True,True,True,0.87502799,1.590796,2.2414376,3.5656699,0.87213153,1.5912601,2.2107624,3.5178981,0.97986334,1.5740941,0.36955698,0.58171748,0.85376469,1.6451009,0.77364016,1.2727161,0.81629114,1.5953438,0.96874997,1.5454892,0.86855994,1.5553227,1.1732955,1.8248532,0.89904197,1.6351267,1.0242621,1.6747983,0.91740794,1.5536719,0.96163372,1.4940632
0b_baseline_best,file,13,baseline,9382,160.Black_throated_Blue_Warbler/Black_Throated_Blue_Warbler_0060_161644.jpg,160,159,160.Black_throated_Blue_Warbler,57,56,rotation,rotation,0,"{""angle"":-13.907652}",0.01276077,0.068386391,0.055625621,0.9873203,0.93389958,0.0023351265,0.039808765,0.98498518,0.89409082,-0.090894361,0.67554885,5.7271647,2.2414376,12.837082,False,0.95370728,True,True,True,0.67554885,5.7271647,2.2414376,12.837082,0.66953346,5.721007,2.2107624,12.647787,0.88324437,5.9433294,0.36955698,2.1963989,0.80659033,5.55322,0.77364016,4.296194,0.67998325,5.9823364,0.96874997,5.7953882,0.62559529,5.4969144,1.1732955,6.4495051,0.6220188,6.019554,1.0242621,6.1656011,0.69582139,5.5331858,0.96163372,5.320898
0b_baseline_best,file,13,baseline,9382,160.Black_throated_Blue_Warbler/Black_Throated_Blue_Warbler_0060_161644.jpg,160,159,160.Black_throated_Blue_Warbler,57,56,random_resized_crop,random_resized_crop,0,"{""area_fraction"":0.806718,""aspect"":0.855393,""fallback"":false,""height"":0.971132,""left"":0.127585,""top"":0.014316,""width"":0.830699}",0.01276077,0.024256712,0.011495942,0.9873203,0.97603512,0.0023351265,0.0092647132,0.98498518,0.9667704,-0.018214772,0.758154,1.8519492,2.2414376,4.1510285,False,0.97278678,True,True,True,0.758154,1.8519492,2.2414376,4.1510285,0.75248331,1.8472473,2.2107624,4.0838249,0.94709747,2.0129954,0.36955698,0.74391652,0.88602509,1.7541753,0.77364016,1.3571005,0.63278235,1.8174915,0.96874997,1.7606949,0.7375138,1.752046,1.1732955,2.0556677,0.75417561,1.9199328,1.0242621,1.9665145,0.809756,1.9847896,0.96163372,1.9086406
0b_baseline_best,file,13,baseline,9382,160.Black_throated_Blue_Warbler/Black_Throated_Blue_Warbler_0060_161644.jpg,160,159,160.Black_throated_Blue_Warbler,57,56,gaussian_blur,gaussian_blur,0,"{""sigma"":1.865611}",0.01276077,1.4390998,1.426339,0.9873203,0.23714115,0.0023351265,0.015361262,0.98498518,0.22177988,-0.76320529,0.46493838,69.113451,2.2414376,154.91349,False,0.77802396,True,True,True,0.46493838,69.113451,2.2414376,154.91349,0.45832399,69.365307,2.2107624,153.35021,0.74681876,59.401591,0.36955698,21.952273,0.59248059,56.586448,0.77364016,43.777549,0.18279185,67.039706,0.96874997,64.944713,0.50998069,78.177265,1.1732955,91.725035,0.51552947,74.397081,1.0242621,76.202112,0.53064042,58.472858,0.96163372,56.229472
0b_baseline_best,file,13,baseline,9382,160.Black_throated_Blue_Warbler/Black_Throated_Blue_Warbler_0060_161644.jpg,160,159,160.Black_throated_Blue_Warbler,57,56,random_erasing,random_erasing,0,"{""area_fraction"":0.069281,""erased"":true,""height"":0.243293,""left"":0.303273,""top"":0.286732,""width"":0.284763}",0.01276077,2.7591813,2.7464205,0.9873203,0.063343614,0.0023351265,0.0014638848,0.98498518,0.06187973,-0.92310545,0.46244614,62.448157,2.2414376,139.97365,False,0.74414766,False,True,False,0.46244614,62.448157,2.2414376,139.97365,0.45698165,62.290261,2.2107624,137.70897,0.64360385,67.857317,0.36955698,25.077145,0.74487255,40.391545,0.77364016,31.248522,0.30982076,57.21332,0.96874997,55.425402,0.54908725,68.239789,1.1732955,80.065439,0.4172713,64.631776,1.0242621,66.19988,0.39853505,66.767663,0.96163372,64.206036
0b_baseline_best,file,13,baseline,1415,026.Bronzed_Cowbird/Bronzed_Cowbird_0052_796216.jpg,26,25,026.Bronzed_Cowbird,49,48,identity,identity,0,{},2.4374843,2.4374843,0,0.087380394,0.087380394,0.36231694,0.36231694,-0.27493654,-0.27493654,0,1,1,122.07237,122.07237,False,1,True,False,False,1,1,122.07237,122.07237,1,1,118.65991,118.65991,1,1,28.661649,28.661649,1,1,30.38689,30.38689,1,1,63.024786,63.024786,1,1,57.824249,57.824249,1,1,55.148905,55.148905,1,1,52.91164,52.91164
0b_baseline_best,file,13,baseline,1415,026.Bronzed_Cowbird/Bronzed_Cowbird_0052_796216.jpg,26,25,026.Bronzed_Cowbird,49,48,horizontal_flip,horizontal_flip,0,"{""flipped"":true}",2.4374843,1.6556556,-0.78182864,0.087380394,0.19096683,0.36231694,0.13026382,-0.27493654,0.060703009,0.33563955,0.56876359,0.96463798,122.07237,117.75565,False,0.96634042,False,False,False,0.56876359,0.96463798,122.07237,117.75565,0.55012447,0.96888705,118.65991,114.96805,0.9190947,0.88865689,28.661649,25.470372,0.27849674,1.1669336,30.38689,35.459484,0.62440022,1.0334915,63.024786,65.135578,0.49872567,0.95567774,57.824249,55.261348,0.49839966,0.88354547,55.148905,48.726566,0.67484327,0.90432138,52.91164,47.849127
0b_baseline_best,file,13,baseline,1415,026.Bronzed_Cowbird/Bronzed_Cowbird_0052_796216.jpg,26,25,026.Bronzed_Cowbird,49,48,color_jitter,color_jitter,0,"{""brightness"":0.871978,""contrast"":1.01534,""hue"":0.053105,""saturation"":0.844938}",2.4374843,4.6604762,2.2229919,0.087380394,0.0094619561,0.36231694,0.35178137,-0.27493654,-0.34231941,-0.06738287,0.80898177,1.0355197,122.07237,126.40834,False,0.94169927,True,False,False,0.80898177,1.0355197,122.07237,126.40834,0.80171401,1.0310511,118.65991,122.34443,0.92679933,1.1093154,28.661649,31.794807,0.86423877,1.2955977,30.38689,39.369185,0.85371923,1.0229763,63.024786,64.472861,0.78500741,1.0258006,57.824249,59.316147,0.75273641,0.98523088,55.148905,54.334405,0.78269879,0.99842752,52.91164,52.828437
0b_baseline_best,file,13,baseline,1415,026.Bronzed_Cowbird/Bronzed_Cowbird_0052_796216.jpg,26,25,026.Bronzed_Cowbird,49,48,rotation,rotation,0,"{""angle"":4.136004}",2.4374843,1.7528348,-0.68464947,0.087380394,0.17328204,0.36231694,0.11044984,-0.27493654,0.062832206,0.33776875,0.70567258,1.0546557,122.07237,128.74432,False,0.96714962,False,False,False,0.70567258,1.0546557,122.07237,128.74432,0.69639987,1.0648104,118.65991,126.3503,0.9170064,0.86221032,28.661649,24.712369,0.77774507,1.4339077,30.38689,43.571995,0.64591887,0.99488232,63.024786,62.702245,0.64537233,1.0831036,57.824249,62.629651,0.72841525,1.0791022,55.148905,59.511304,0.77930881,0.97661616,52.91164,51.674363
0b_baseline_best,file,13,baseline,1415,026.Bronzed_Cowbird/Bronzed_Cowbird_0052_796216.jpg,26,25,026.Bronzed_Cowbird,49,48,random_resized_crop,random_resized_crop,0,"{""area_fraction"":0.540552,""aspect"":0.838546,""fallback"":false,""height"":0.802889,""left"":0.20602,""top"":0.134134,""width"":0.673259}",2.4374843,0.17107849,-2.2664058,0.087380394,0.84275544,0.36231694,0.037213504,-0.27493654,0.80554193,1.0804785,0.59048487,0.24514824,122.07237,29.925827,False,0.92302072,False,False,True,0.59048487,0.24514824,122.07237,29.925827,0.57918697,0.24843478,118.65991,29.479248,0.88813291,0.17970483,28.661649,5.1506368,0.56537214,0.28608955,30.38689,8.6933715,0.61519329,0.24931408,63.024786,15.712967,0.5092146,0.26570128,57.824249,15.363977,0.58240614,0.24777972,55.148905,13.66478,0.63894607,0.21026502,52.91164,11.125467
0b_baseline_best,file,13,baseline,1415,026.Bronzed_Cowbird/Bronzed_Cowbird_0052_796216.jpg,26,25,026.Bronzed_Cowbird,49,48,gaussian_blur,gaussian_blur,0,"{""sigma"":1.694529}",2.4374843,5.5105171,3.0730329,0.087380394,0.004044015,0.36231694,0.038185704,-0.27493654,-0.03414169,0.24079485,0.3858081,1.5350557,122.07237,187.38789,False,0.82114631,False,False,False,0.3858081,1.5350557,122.07237,187.38789,0.37450968,1.5602739,118.65991,185.14196,0.7209942,1.0092018,28.661649,28.925387,0.48057056,2.0871465,30.38689,63.421891,0.36187058,1.4636592,63.024786,92.246805,0.29804228,1.6942625,57.824249,97.969455,0.39562164,1.5222034,55.148905,83.947854,0.44394028,1.3497527,52.91164,71.41763
0b_baseline_best,file,13,baseline,1415,026.Bronzed_Cowbird/Bronzed_Cowbird_0052_796216.jpg,26,25,026.Bronzed_Cowbird,49,48,random_erasing,random_erasing,0,"{""area_fraction"":0.131674,""erased"":true,""height"":0.471381,""left"":0.363886,""top"":0.395953,""width"":0.279336}",2.4374843,7.2944751,4.8569908,0.087380394,0.00067928137,0.36231694,0.0016865869,-0.27493654,-0.0010073055,0.27392924,0.64465918,1.1502412,122.07237,140.41268,False,0.73471963,False,False,False,0.64465918,1.1502412,122.07237,140.41268,0.64430858,1.1581695,118.65991,137.42829,0.65779757,1.0046728,28.661649,28.795578,0.53848698,0.92310317,30.38689,28.050234,0.82857635,1.0323445,63.024786,65.063294,0.68225192,1.2360494,57.824249,71.473628,0.59440592,1.1831307,55.148905,65.248361,0.47656723,1.2679053,52.91164,67.086947
0b_baseline_best,file,13,baseline,1897,034.Gray_crowned_Rosy_Finch/Gray_Crowned_Rosy_Finch_0006_797284.jpg,34,33,034.Gray_crowned_Rosy_Finch,35,34,identity,identity,0,{},0.052166775,0.052166775,0,0.94917053,0.94917053,0.022943329,0.022943329,0.9262272,0.9262272,0,1,1,10.62818,10.62818,False,0.99999982,True,True,True,1,1,10.62818,10.62818,1,1,10.470049,10.470049,1,1,1.8265497,1.8265497,1,1,1.5614889,1.5614889,1,1,5.2031288,5.2031288,1,1,5.8797093,5.8797093,1,1,4.9257371,4.9257371,1,1,4.6127289,4.6127289
0b_baseline_best,file,13,baseline,1897,034.Gray_crowned_Rosy_Finch/Gray_Crowned_Rosy_Finch_0006_797284.jpg,34,33,034.Gray_crowned_Rosy_Finch,35,34,horizontal_flip,horizontal_flip,0,"{""flipped"":true}",0.052166775,0.038859773,-0.013307001,0.94917053,0.96188557,0.022943329,0.015520588,0.9262272,0.94636498,0.020137783,0.64095042,0.68853023,10.62818,7.3178234,False,0.96426797,True,True,True,0.64095042,0.68853023,10.62818,7.3178234,0.630819,0.68775312,10.470049,7.2008091,0.96221159,0.71359347,1.8265497,1.3034139,0.48762281,0.77113703,1.5614889,1.2041219,0.65601883,0.66412135,5.2031288,3.4555089,0.59861932,0.69220598,5.8797093,4.06997,0.60597227,0.68856713,4.9257371,3.3917007,0.69928014,0.69889296,4.6127289,3.2238038
0b_baseline_best,file,13,baseline,1897,034.Gray_crowned_Rosy_Finch/Gray_Crowned_Rosy_Finch_0006_797284.jpg,34,33,034.Gray_crowned_Rosy_Finch,35,34,color_jitter,color_jitter,0,"{""brightness"":1.249358,""contrast"":1.123096,""hue"":-0.05926,""saturation"":1.31431}",0.052166775,4.1024127,4.0502459,0.94917053,0.016532741,0.022943329,0.78138584,0.9262272,-0.7648531,-1.6910803,0.59629112,17.786746,10.62818,189.04075,False,0.88653052,False,True,False,0.59629112,17.786746,10.62818,189.04075,0.58811743,17.759165,10.470049,185.93933,0.85247425,18.670356,1.8265497,34.102334,0.44802551,19.214867,1.5614889,30.003802,0.5061183,15.965398,5.2031288,83.070022,0.63714015,16.675781,5.8797093,98.048744,0.60365719,18.053243,4.9257371,88.925531,0.61638447,20.851764,4.6127289,96.183535
0b_baseline_best,file,13,baseline,1897,034.Gray_crowned_Rosy_Finch/Gray_Crowned_Rosy_Finch_0006_797284.jpg,34,33,034.Gray_crowned_Rosy_Finch,35,34,rotation,rotation,0,"{""angle"":3.267078}",0.052166775,0.19355808,0.14139131,0.94917053,0.824022,0.022943329,0.11391643,0.9262272,0.71010557,-0.21612163,0.80742764,3.9802816,10.62818,42.30315,False,0.97154367,True,True,True,0.80742764,3.9802816,10.62818,42.30315,0.80320209,3.9862752,10.470049,41.736497,0.95504996,3.7780622,1.8265497,6.9008183,0.70517563,5.3899247,1.5614889,8.4163076,0.82056457,4.0814541,5.2031288,21.236331,0.77317218,3.8543749,5.8797093,22.662604,0.80834385,4.0493521,4.9257371,19.946044,0.84654414,3.8088771,4.6127289,17.569318
0b_baseline_best,file,13,baseline,1897,034.Gray_crowned_Rosy_Finch/Gray_Crowned_Rosy_Finch_0006_797284.jpg,34,33,034.Gray_crowned_Rosy_Finch,35,34,random_resized_crop,random_resized_crop,0,"{""area_fraction"":0.637421,""aspect"":0.950917,""fallback"":false,""height"":0.818732,""left"":0.073358,""top"":0.140191,""width"":0.778547}",0.052166775,3.2951605,3.2429938,0.94917053,0.037062094,0.022943329,0.55016232,0.9262272,-0.51310022,-1.4393274,0.55977544,16.566527,10.62818,176.07203,False,0.84567797,False,True,False,0.55977544,16.566527,10.62818,176.07203,0.55047265,16.492117,10.470049,172.67328,0.8320567,18.848745,1.8265497,34.428169,0.4302644,16.131336,1.5614889,25.188903,0.40709403,14.293186,5.2031288,74.36929,0.60387941,17.780874,5.8797093,104.54637,0.58811553,16.104758,4.9257371,79.327802,0.59417006,17.381137,4.6127289,80.174473
0b_baseline_best,file,13,baseline,1897,034.Gray_crowned_Rosy_Finch/Gray_Crowned_Rosy_Finch_0006_797284.jpg,34,33,034.Gray_crowned_Rosy_Finch,35,34,gaussian_blur,gaussian_blur,0,"{""sigma"":1.990788}",0.052166775,1.0996236,1.0474568,0.94917053,0.33299643,0.022943329,0.045280181,0.9262272,0.28771625,-0.63851095,0.53144359,14.515358,10.62818,154.27184,False,0.81170154,True,True,True,0.53144359,14.515358,10.62818,154.27184,0.5267913,14.592703,10.470049,152.78632,0.73499817,11.692795,1.8265497,21.357472,0.36117894,17.504698,1.5614889,27.333391,0.54671998,14.576454,5.2031288,75.843167,0.54786644,16.268929,5.8797093,95.656574,0.50084911,13.740379,4.9257371,67.681496,0.5300443,12.096485,4.6127289,55.797806
0b_baseline_best,file,13,baseline,1897,034.Gray_crowned_Rosy_Finch/Gray_Crowned_Rosy_Finch_0006_797284.jpg,34,33,034.Gray_crowned_Rosy_Finch,35,34,random_erasing,random_erasing,0,"{""area_fraction"":0.065573,""erased"":true,""height"":0.200776,""left"":0.598716,""top"":0.607293,""width"":0.326596}",0.052166775,0.077728361,0.025561586,0.94917053,0.92521572,0.022943329,0.0066396673,0.9262272,0.91857605,-0.007651147,0.86679307,1.2487649,10.62818,13.272098,False,0.97783536,True,True,True,0.86679307,1.2487649,10.62818,13.272098,0.86541468,1.2452292,10.470049,13.037611,0.91151992,1.3598342,1.8265497,2.4838048,0.85187542,1.2609471,1.5614889,1.9689549,0.89697975,1.3932673,5.2031288,7.2493492,0.866861,1.1934836,5.8797093,7.0173364,0.8425273,1.1807588,4.9257371,5.8161073,0.85512304,1.1968641,4.6127289,5.5208096
0b_baseline_best,file,13,baseline,8323,142.Black_Tern/Black_Tern_0069_144359.jpg,142,141,142.Black_Tern,27,26,identity,identity,0,{},0.24033764,0.24033764,0,0.78636229,0.78636229,0.043375686,0.043375686,0.7429866,0.7429866,0,1,1,30.119386,30.119386,False,1,True,True,True,1,1,30.119386,30.119386,1,1,29.508714,29.508714,1,1,6.0343358,6.0343358,1,1,5.1708695,5.1708695,1,1,13.329024,13.329024,1,1,16.545351,16.545351,1,1,13.775883,13.775883,1,1,14.242185,14.242185
0b_baseline_best,file,13,baseline,8323,142.Black_Tern/Black_Tern_0069_144359.jpg,142,141,142.Black_Tern,27,26,horizontal_flip,horizontal_flip,0,"{""flipped"":true}",0.24033764,0.10608064,-0.134257,0.78636229,0.89935213,0.043375686,0.030605946,0.7429866,0.86874619,0.12575958,0.72531782,0.51593069,30.119386,15.539515,False,0.97158432,True,True,True,0.72531782,0.51593069,30.119386,15.539515,0.71512854,0.51532143,29.508714,15.206473,0.96238469,0.53029175,6.0343358,3.1999585,0.66178136,0.57841653,5.1708695,2.9909164,0.7339348,0.5165096,13.329024,6.8845686,0.74617024,0.52880851,16.545351,8.7493224,0.62481047,0.51338226,13.775883,7.0722939,0.7516758,0.48810539,14.242185,6.9516873
0b_baseline_best,file,13,baseline,8323,142.Black_Tern/Black_Tern_0069_144359.jpg,142,141,142.Black_Tern,27,26,color_jitter,color_jitter,0,"{""brightness"":0.803408,""contrast"":1.200296,""hue"":0.078943,""saturation"":1.262644}",0.24033764,0.39915544,0.1588178,0.78636229,0.6708864,0.043375686,0.19085672,0.7429866,0.48002967,-0.26295693,0.73694745,1.6283229,30.119386,49.044085,False,0.97026861,True,True,True,0.73694745,1.6283229,30.119386,49.044085,0.72924271,1.6239527,29.508714,47.920757,0.91134597,1.7295419,6.0343358,10.436637,0.57515558,1.6710363,5.1708695,8.6407106,0.67503829,1.6867265,13.329024,22.482418,0.74263711,1.5575325,16.545351,25.769921,0.73149951,1.685008,13.775883,23.212473,0.78299509,1.5908847,14.242185,22.657675
0b_baseline_best,file,13,baseline,8323,142.Black_Tern/Black_Tern_0069_144359.jpg,142,141,142.Black_Tern,27,26,rotation,rotation,0,"{""angle"":-6.889023}",0.24033764,0.53274488,0.29240724,0.78636229,0.58699155,0.043375686,0.017782085,0.7429866,0.56920946,-0.17377714,0.72246878,2.2448797,30.119386,67.614397,False,0.93788725,True,True,True,0.72246878,2.2448797,30.119386,67.614397,0.71610995,2.2576799,29.508714,66.621231,0.91145436,1.9134421,6.0343358,11.546352,0.54197394,2.1865848,5.1708695,11.306545,0.69176163,1.8883668,13.329024,25.170085,0.73984007,2.3426589,16.545351,38.760114,0.68057859,2.3982492,13.775883,33.038,0.76766682,2.3108404,14.242185,32.911416
0b_baseline_best,file,13,baseline,8323,142.Black_Tern/Black_Tern_0069_144359.jpg,142,141,142.Black_Tern,27,26,random_resized_crop,random_resized_crop,0,"{""area_fraction"":0.508045,""aspect"":0.918262,""fallback"":false,""height"":0.74382,""left"":0.267907,""top"":0.160293,""width"":0.683021}",0.24033764,0.39478257,0.15444493,0.78636229,0.67382652,0.043375686,0.010386783,0.7429866,0.66343973,-0.079546872,0.52294012,1.5596044,30.119386,46.974327,False,0.90985477,True,True,True,0.52294012,1.5596044,30.119386,46.974327,0.50865422,1.5603267,29.508714,46.043235,0.8686074,1.5422309,6.0343358,9.3063389,0.089258557,1.9162056,5.1708695,9.9084489,0.29973428,1.6296033,13.329024,21.721021,0.61561963,1.6284791,16.545351,26.943758,0.51311658,1.4772219,13.775883,20.350037,0.62929657,1.4215667,14.242185,20.246216
0b_baseline_best,file,13,baseline,8323,142.Black_Tern/Black_Tern_0069_144359.jpg,142,141,142.Black_Tern,27,26,gaussian_blur,gaussian_blur,0,"{""sigma"":1.713942}",0.24033764,1.866551,1.6262134,0.78636229,0.15465614,0.043375686,0.0042933156,0.7429866,0.15036283,-0.59262378,0.55949159,5.0544185,30.119386,152.23598,False,0.84125745,False,True,False,0.55949159,5.0544185,30.119386,152.23598,0.55276457,5.0960078,29.508714,150.37664,0.78639146,3.9309203,6.0343358,23.720493,0.40922877,4.812765,5.1708695,24.88618,0.59710153,5.5307138,13.329024,73.719015,0.60153857,5.3530385,16.545351,88.567901,0.43784325,4.9872151,13.775883,68.703292,0.57498673,4.437889,14.242185,63.205237
0b_baseline_best,file,13,baseline,8323,142.Black_Tern/Black_Tern_0069_144359.jpg,142,141,142.Black_Tern,27,26,random_erasing,random_erasing,0,"{""area_fraction"":0.1585,""erased"":true,""height"":0.294121,""left"":0.347322,""top"":0.0623,""width"":0.538893}",0.24033764,0.40341994,0.1630823,0.78636229,0.66803151,0.043375686,0.0058931001,0.7429866,0.66213841,-0.080848191,0.72763959,1.7136243,30.119386,51.613311,False,0.89448738,True,True,True,0.72763959,1.7136243,30.119386,51.613311,0.72296916,1.7228803,29.508714,50.839982,0.86657276,1.4750808,6.0343358,8.9011328,0.63682226,1.6427518,5.1708695,8.4944551,0.71909132,1.5260057,13.329024,20.340166,0.75750213,1.7159772,16.545351,28.391445,0.68730909,1.8765081,13.775883,25.850557,0.73358643,1.7546466,14.242185,24.990002
0b_baseline_best,file,13,baseline,4275,074.Florida_Jay/Florida_Jay_0029_65114.jpg,74,73,074.Florida_Jay,111,110,identity,identity,0,{},1.3615196,1.3615196,0,0.25627106,0.25627106,0.13718966,0.13718966,0.11908141,0.11908141,0,1,1,144.66157,144.66157,False,1,True,True,True,1,1,144.66157,144.66157,1,1,143.20294,143.20294,1,1,20.491156,20.491156,1,1,33.317655,33.317655,1,1,66.218937,66.218937,1,1,77.596155,77.596155,1,1,69.905538,69.905538,1,1,64.063423,64.063423
0b_baseline_best,file,13,baseline,4275,074.Florida_Jay/Florida_Jay_0029_65114.jpg,74,73,074.Florida_Jay,111,110,horizontal_flip,horizontal_flip,0,"{""flipped"":true}",1.3615196,0.55752665,-0.80399293,0.25627106,0.57262361,0.13718966,0.021831265,0.11908141,0.55079235,0.43171094,0.63281836,0.52570423,144.66157,76.049201,False,0.95519733,True,True,True,0.63281836,0.52570423,144.66157,76.049201,0.62597779,0.52469,143.20294,75.137154,0.94111797,0.57305803,20.491156,11.742621,0.55926434,0.59269554,33.317655,19.747225,0.62115554,0.55088243,66.218937,36.478849,0.58967513,0.48184442,77.596155,37.389274,0.61126077,0.527847,69.905538,36.899428,0.722215,0.53287905,64.063423,34.138056
0b_baseline_best,file,13,baseline,4275,074.Florida_Jay/Florida_Jay_0029_65114.jpg,74,73,074.Florida_Jay,111,110,color_jitter,color_jitter,0,"{""brightness"":0.871275,""contrast"":0.644102,""hue"":0.031096,""saturation"":0.639211}",1.3615196,2.8055418,1.4440222,0.25627106,0.060473997,0.13718966,0.012758353,0.11908141,0.047715644,-0.071365763,0.41784074,1.3002451,144.66157,188.0955,False,0.86503929,False,True,False,0.41784074,1.3002451,144.66157,188.0955,0.40951942,1.2936777,143.20294,185.25846,0.75747311,1.5882792,20.491156,32.545678,0.088185049,0.97660606,33.317655,32.538224,0.46230004,1.3372287,66.218937,88.549865,0.34362542,1.2710699,77.596155,98.630136,0.3887122,1.2943271,69.905538,90.48063,0.53500516,1.3523868,64.063423,86.638529
0b_baseline_best,file,13,baseline,4275,074.Florida_Jay/Florida_Jay_0029_65114.jpg,74,73,074.Florida_Jay,111,110,rotation,rotation,0,"{""angle"":10.539079}",1.3615196,1.1520971,-0.20942247,0.25627106,0.31597343,0.13718966,0.049023591,0.11908141,0.26694984,0.14786843,0.75147102,0.8770557,144.66157,126.87626,False,0.94420707,True,True,True,0.75147102,0.8770557,144.66157,126.87626,0.74784441,0.87713927,143.20294,125.60893,0.92944812,0.87296441,20.491156,17.88805,0.73134636,1.0561771,33.317655,35.189345,0.79363263,0.91576947,66.218937,60.64128,0.72599478,0.89293381,77.596155,69.28823,0.71213066,0.81903986,69.905538,57.255422,0.78529509,0.8234535,64.063423,52.75325
0b_baseline_best,file,13,baseline,4275,074.Florida_Jay/Florida_Jay_0029_65114.jpg,74,73,074.Florida_Jay,111,110,random_resized_crop,random_resized_crop,0,"{""area_fraction"":0.722378,""aspect"":0.785988,""fallback"":false,""height"":0.958681,""left"":0.018867,""top"":0.020301,""width"":0.753513}",1.3615196,1.833492,0.47197247,0.25627106,0.15985438,0.13718966,0.072863042,0.11908141,0.08699134,-0.032090068,0.74562211,1.127551,144.66157,163.1133,False,0.94121116,False,True,False,0.74562211,1.127551,144.66157,163.1133,0.74210898,1.1271126,143.20294,161.40584,0.9141006,1.1487574,20.491156,23.539367,0.67894828,1.1456048,33.317655,38.168866,0.78089525,1.20624,66.218937,79.875931,0.73189483,1.1567584,77.596155,89.760003,0.69646123,1.0771614,69.905538,75.299547,0.79114863,1.045715,64.063423,66.992083
0b_baseline_best,file,13,baseline,4275,074.Florida_Jay/Florida_Jay_0029_65114.jpg,74,73,074.Florida_Jay,111,110,gaussian_blur,gaussian_blur,0,"{""sigma"":1.683897}",1.3615196,5.5482883,4.1867688,0.25627106,0.0038941177,0.13718966,0.13672234,0.11908141,-0.13282822,-0.25190963,0.5687636,1.8410563,144.66157,266.3301,False,0.87573272,False,True,False,0.5687636,1.8410563,144.66157,266.3301,0.56534514,1.844821,143.20294,264.1838,0.75940744,1.6467474,20.491156,33.743759,0.68287225,2.7059616,33.317655,90.156296,0.62275625,2.119792,66.218937,140.37037,0.54018794,1.773639,77.596155,137.62757,0.51864478,1.7296155,69.905538,120.9097,0.5783075,1.4306864,64.063423,91.654669
0b_baseline_best,file,13,baseline,4275,074.Florida_Jay/Florida_Jay_0029_65114.jpg,74,73,074.Florida_Jay,111,110,random_erasing,random_erasing,0,"{""area_fraction"":0.136745,""erased"":true,""height"":0.341425,""left"":0.328039,""top"":0.087012,""width"":0.400512}",1.3615196,2.639343,1.2778234,0.25627106,0.071408175,0.13718966,0.003992484,0.11908141,0.067415691,-0.051665717,0.36791822,0.66066175,144.66157,95.572368,False,0.74783158,False,True,False,0.36791822,0.66066175,144.66157,95.572368,0.35735413,0.63968145,143.20294,91.604267,0.71436471,1.3299972,20.491156,27.253179,-0.035816012,0.61051963,33.317655,20.341083,0.30347301,0.48783921,66.218937,32.304194,0.35678363,0.55577104,77.596155,43.125696,0.38441058,0.62106344,69.905538,43.415774,0.47050806,0.88152622,64.063423,56.473588
0b_baseline_best,file,13,baseline,4612,079.Belted_Kingfisher/Belted_Kingfisher_0084_70399.jpg,79,78,079.Belted_Kingfisher,82,81,identity,identity,0,{},0.21104001,0.21104001,0,0.80974168,0.80974168,0.13672002,0.13672002,0.67302166,0.67302166,0,1,1,24.563026,24.563026,False,0.99999994,True,True,True,1,1,24.563026,24.563026,1,1,23.53041,23.53041,1,1,7.0471317,7.0471317,1,1,4.1758123,4.1758123,1,1,8.1672687,8.1672687,1,1,10.372299,10.372299,1,1,12.485779,12.485779,1,1,14.354764,14.354764
0b_baseline_best,file,13,baseline,4612,079.Belted_Kingfisher/Belted_Kingfisher_0084_70399.jpg,79,78,079.Belted_Kingfisher,82,81,horizontal_flip,horizontal_flip,0,"{""flipped"":true}",0.21104001,0.049847569,-0.16119244,0.80974168,0.95137441,0.13672002,0.028482372,0.67302166,0.92289204,0.24987038,0.62719921,0.24223193,24.563026,5.9499493,False,0.96754557,True,True,True,0.62719921,0.24223193,24.563026,5.9499493,0.59697428,0.24188616,23.53041,5.6916806,0.9585517,0.24605397,7.0471317,1.7339747,0.55377284,0.2341985,4.1758123,0.97796897,0.43925997,0.24752568,8.1672687,2.0216087,0.4927409,0.23570596,10.372299,2.4448127,0.56464613,0.23270171,12.485779,2.9054621,0.72560913,0.25052726,14.354764,3.5962597
0b_baseline_best,file,13,baseline,4612,079.Belted_Kingfisher/Belted_Kingfisher_0084_70399.jpg,79,78,079.Belted_Kingfisher,82,81,color_jitter,color_jitter,0,"{""brightness"":1.339146,""contrast"":0.96765,""hue"":0.047005,""saturation"":0.919483}",0.21104001,2.0931907,1.8821507,0.80974168,0.12329312,0.13672002,0.093648948,0.67302166,0.029644176,-0.64337748,0.42179466,4.9911202,24.563026,122.59702,False,0.90556246,False,True,False,0.42179466,4.9911202,24.563026,122.59702,0.40120606,5.095419,23.53041,119.8973,0.76688193,3.6307614,7.0471317,25.586453,0.33145473,6.3235662,4.1758123,26.406026,0.33258093,6.4347479,8.1672687,52.554315,0.37130992,6.2313928,10.372299,64.633869,0.37840445,4.8161722,12.485779,60.13366,0.52304689,3.8927589,14.354764,55.879636
0b_baseline_best,file,13,baseline,4612,079.Belted_Kingfisher/Belted_Kingfisher_0084_70399.jpg,79,78,079.Belted_Kingfisher,82,81,rotation,rotation,0,"{""angle"":-4.701342}",0.21104001,0.40336165,0.19232164,0.80974168,0.66807044,0.13672002,0.27257681,0.67302166,0.39549363,-0.27752803,0.76969801,1.8609417,24.563026,45.710361,False,0.97264296,True,True,True,0.76969801,1.8609417,24.563026,45.710361,0.75128644,1.8568101,23.53041,43.691504,0.96987326,1.9063983,7.0471317,13.43464,0.66877183,1.8823993,4.1758123,7.8605462,0.67242462,1.8522053,8.1672687,15.127458,0.64892251,1.9555684,10.372299,20.283741,0.74577862,1.8303371,12.485779,22.853184,0.84672139,1.8227584,14.354764,26.165267
0b_baseline_best,file,13,baseline,4612,079.Belted_Kingfisher/Belted_Kingfisher_0084_70399.jpg,79,78,079.Belted_Kingfisher,82,81,random_resized_crop,random_resized_crop,0,"{""area_fraction"":0.679085,""aspect"":0.976634,""fallback"":false,""height"":0.833866,""left"":0.012645,""top"":0.045154,""width"":0.814382}",0.21104001,0.34190089,0.13086088,0.80974168,0.71041858,0.13672002,0.022600224,0.67302166,0.68781836,0.014796698,0.40065337,1.8672111,24.563026,45.864354,False,0.95423853,True,True,True,0.40065337,1.8672111,24.563026,45.864354,0.37749967,1.9078361,23.53041,44.892166,0.79459493,1.3329126,7.0471317,9.3932103,0.22855015,2.0474221,4.1758123,8.5496505,0.19015352,2.236048,8.1672687,18.262405,0.28105693,2.2820427,10.372299,23.670029,0.39441331,1.9271855,12.485779,24.062412,0.56185081,1.5093394,14.354764,21.666211
0b_baseline_best,file,13,baseline,4612,079.Belted_Kingfisher/Belted_Kingfisher_0084_70399.jpg,79,78,079.Belted_Kingfisher,82,81,gaussian_blur,gaussian_blur,0,"{""sigma"":1.32843}",0.21104001,0.65200579,0.44096579,0.80974168,0.52099973,0.13672002,0.060783628,0.67302166,0.4602161,-0.21280556,0.30665451,4.1825827,24.563026,102.73689,False,0.90284234,True,True,True,0.30665451,4.1825827,24.563026,102.73689,0.2890873,4.3074057,23.53041,101.35502,0.71315462,2.3830523,7.0471317,16.793684,0.21290742,6.8776612,4.1758123,28.719822,0.16702266,5.763126,8.1672687,47.068998,0.27297701,5.5446545,10.372299,57.510814,0.30373791,4.0200527,12.485779,50.193489,0.45805642,2.6118081,14.354764,37.49189
0b_baseline_best,file,13,baseline,4612,079.Belted_Kingfisher/Belted_Kingfisher_0084_70399.jpg,79,78,079.Belted_Kingfisher,82,81,random_erasing,random_erasing,0,"{""area_fraction"":0.070826,""erased"":true,""height"":0.233382,""left"":0.157637,""top"":0.066079,""width"":0.303475}",0.21104001,0.23576894,0.024728939,0.80974168,0.78996319,0.13672002,0.13333416,0.67302166,0.65662903,-0.016392633,0.94407982,1.0619199,24.563026,26.083967,False,0.99245298,True,True,True,0.94407982,1.0619199,24.563026,26.083967,0.9398957,1.0617209,23.53041,24.982727,0.99062472,1.0641368,7.0471317,7.4991118,0.89539898,0.99871482,4.1758123,4.1704456,0.92664202,1.1225711,8.1672687,9.1683395,0.93042599,1.0921908,10.372299,11.32853,0.93907806,1.0498151,12.485779,13.107759,0.95509162,1.0392134,14.354764,14.917663
0b_baseline_best,file,13,baseline,5800,099.Ovenbird/Ovenbird_0096_93131.jpg,99,98,099.Ovenbird,183,182,identity,identity,0,{},0.13074775,0.13074775,0,0.87743908,0.87743908,0.021126324,0.021126324,0.85631276,0.85631276,0,1,1,20.702071,20.702071,False,1,True,True,True,1,1,20.702071,20.702071,1,1,20.432671,20.432671,1,1,3.3289169,3.3289169,1,1,4.3694058,4.3694058,1,1,10.841724,10.841724,1,1,11.045358,11.045358,1,1,9.1321319,9.1321319,1,1,8.686978,8.686978
0b_baseline_best,file,13,baseline,5800,099.Ovenbird/Ovenbird_0096_93131.jpg,99,98,099.Ovenbird,183,182,horizontal_flip,horizontal_flip,0,"{""flipped"":true}",0.13074775,0.045249131,-0.08549862,0.87743908,0.95575935,0.021126324,0.0052470053,0.85631276,0.95051234,0.094199584,0.76658336,0.41211089,20.702071,8.5315487,False,0.97432464,True,True,True,0.76658336,0.41211089,20.702071,8.5315487,0.7620076,0.41328112,20.432671,8.444437,0.96732261,0.36530257,3.3289169,1.2160619,0.82600944,0.36319414,4.3694058,1.5869426,0.81171162,0.39460536,10.841724,4.2782026,0.72509737,0.42256057,11.045358,4.6673326,0.71992075,0.43485274,9.1321319,3.9711325,0.7878493,0.41398508,8.686978,3.5962793
0b_baseline_best,file,13,baseline,5800,099.Ovenbird/Ovenbird_0096_93131.jpg,99,98,099.Ovenbird,183,182,color_jitter,color_jitter,0,"{""brightness"":0.971668,""contrast"":1.371322,""hue"":-0.072608,""saturation"":1.236482}",0.13074775,0.066432208,-0.064315543,0.87743908,0.93572634,0.021126324,0.025910459,0.85631276,0.90981589,0.053503128,0.72985901,0.52594514,20.702071,10.888153,False,0.91821277,True,True,True,0.72985901,0.52594514,20.702071,10.888153,0.72543399,0.52478352,20.432671,10.722729,0.8861099,0.56798002,3.3289169,1.8907583,0.80732764,0.52340831,4.3694058,2.2869834,0.75156158,0.45154674,10.841724,4.8955453,0.72204138,0.54574044,11.045358,6.0278983,0.69018303,0.54338005,9.1321319,4.9622183,0.73085917,0.57351095,8.686978,4.982077
0b_baseline_best,file,13,baseline,5800,099.Ovenbird/Ovenbird_0096_93131.jpg,99,98,099.Ovenbird,183,182,rotation,rotation,0,"{""angle"":13.980667}",0.13074775,0.29005152,0.15930377,0.87743908,0.74822503,0.021126324,0.021401688,0.85631276,0.72682334,-0.12948941,0.81824164,2.1637065,20.702071,44.793205,False,0.97077596,True,True,True,0.81824164,2.1637065,20.702071,44.793205,0.81528746,2.1674593,20.432671,44.286983,0.93988641,2.0172426,3.3289169,6.7152328,0.79205598,1.914945,4.3694058,8.3671718,0.88210849,2.1928986,10.841724,23.774802,0.80774191,2.0699628,11.045358,22.86348,0.75607029,2.2393465,9.1321319,20.450007,0.79916691,2.2591401,8.686978,19.625101
0b_baseline_best,file,13,baseline,5800,099.Ovenbird/Ovenbird_0096_93131.jpg,99,98,099.Ovenbird,183,182,random_resized_crop,random_resized_crop,0,"{""area_fraction"":0.80001,""aspect"":0.816794,""fallback"":false,""height"":0.989672,""left"":0.142054,""top"":0.002141,""width"":0.808358}",0.13074775,0.93705261,0.80630486,0.87743908,0.39178085,0.021126324,0.044906359,0.85631276,0.34687449,-0.50943826,0.85012644,5.4689719,20.702071,113.21904,False,0.97004348,True,True,True,0.85012644,5.4689719,20.702071,113.21904,0.84767103,5.484291,20.432671,112.05871,0.96072387,4.8567629,3.3289169,16.16776,0.88258546,6.0506712,4.3694058,26.437838,0.84550548,5.4157344,10.841724,58.715899,0.8540465,5.5530004,11.045358,61.334875,0.82659167,5.8228227,9.1321319,53.174785,0.86511939,4.9124697,8.686978,42.674516
0b_baseline_best,file,13,baseline,5800,099.Ovenbird/Ovenbird_0096_93131.jpg,99,98,099.Ovenbird,183,182,gaussian_blur,gaussian_blur,0,"{""sigma"":1.690463}",0.13074775,1.5529019,1.4221541,0.87743908,0.21163295,0.021126324,0.024567023,0.85631276,0.18706593,-0.66924683,0.62712987,7.7373961,20.702071,160.18012,False,0.87386036,True,True,True,0.62712987,7.7373961,20.702071,160.18012,0.62380605,7.7867084,20.432671,159.10325,0.83702178,5.5701514,3.3289169,18.542571,0.48277218,10.18666,4.3694058,44.509652,0.53331038,5.9846117,10.841724,64.88351,0.70193652,9.021978,11.045358,99.650973,0.65118317,8.4615466,9.1321319,77.271959,0.6627258,6.5338118,8.686978,56.759079
0b_baseline_best,file,13,baseline,5800,099.Ovenbird/Ovenbird_0096_93131.jpg,99,98,099.Ovenbird,183,182,random_erasing,random_erasing,0,"{""area_fraction"":0.193169,""erased"":true,""height"":0.688624,""left"":0.514024,""top"":0.201351,""width"":0.280515}",0.13074775,1.0899769,0.95922916,0.87743908,0.33622426,0.021126324,0.25498876,0.85631276,0.081235498,-0.77507726,0.42865472,4.2287696,20.702071,87.544286,False,0.82702708,True,True,True,0.42865472,4.2287696,20.702071,87.544286,0.41627432,4.1870512,20.432671,85.552638,0.79592092,5.5776081,3.3289169,18.567394,0.43359795,4.1454457,4.3694058,18.113135,0.39497754,3.6091216,10.841724,39.129101,0.40151834,3.9871522,11.045358,44.039521,0.39696438,4.438645,9.1321319,40.534292,0.48761568,4.9880379,8.686978,43.330975
0b_baseline_best,file,13,baseline,7074,121.Grasshopper_Sparrow/Grasshopper_Sparrow_0110_115644.jpg,121,120,121.Grasshopper_Sparrow,113,112,identity,identity,0,{},1.8020984,1.8020984,0,0.1649524,0.1649524,0.19284263,0.19284263,-0.027890235,-0.027890235,0,1,1,111.25362,111.25362,False,1,True,False,False,1,1,111.25362,111.25362,1,1,108.83193,108.83193,1,1,23.086351,23.086351,1,1,36.312273,36.312273,1,1,46.290521,46.290521,1,1,52.488437,52.488437,1,1,50.008111,50.008111,1,1,55.920911,55.920911
0b_baseline_best,file,13,baseline,7074,121.Grasshopper_Sparrow/Grasshopper_Sparrow_0110_115644.jpg,121,120,121.Grasshopper_Sparrow,113,112,horizontal_flip,horizontal_flip,0,"{""flipped"":true}",1.8020984,0.86104381,-0.94105458,0.1649524,0.42272061,0.19284263,0.069972552,-0.027890235,0.35274806,0.38063829,0.52658617,0.77386386,111.25362,86.095158,False,0.94133276,False,False,True,0.52658617,0.77386386,111.25362,86.095158,0.51284898,0.77972364,108.83193,84.858829,0.91622126,0.62972559,23.086351,14.538066,0.4911764,0.62517898,36.312273,22.70167,0.48469109,0.82683891,46.290521,38.274803,0.43689548,0.85506009,52.488437,44.880768,0.51833712,0.78600253,50.008111,39.306502,0.62500576,0.72889366,55.920911,40.760398
0b_baseline_best,file,13,baseline,7074,121.Grasshopper_Sparrow/Grasshopper_Sparrow_0110_115644.jpg,121,120,121.Grasshopper_Sparrow,113,112,color_jitter,color_jitter,0,"{""brightness"":1.367194,""contrast"":1.01985,""hue"":-0.094538,""saturation"":0.825622}",1.8020984,2.5810976,0.77899921,0.1649524,0.075690888,0.19284263,0.37400579,-0.027890235,-0.29831491,-0.27042467,0.74928776,1.3245366,111.25362,147.3595,False,0.93292046,True,False,False,0.74928776,1.3245366,111.25362,147.3595,0.74391665,1.3348983,108.83193,145.27956,0.9163502,1.0686511,23.086351,24.671256,0.82378895,1.3997741,36.312273,50.82898,0.76282915,1.3324568,46.290521,61.68012,0.76040214,1.4548346,52.488437,76.361994,0.71974017,1.3649937,50.008111,68.260756,0.70378801,1.1626919,55.920911,65.018793
0b_baseline_best,file,13,baseline,7074,121.Grasshopper_Sparrow/Grasshopper_Sparrow_0110_115644.jpg,121,120,121.Grasshopper_Sparrow,113,112,rotation,rotation,0,"{""angle"":-2.212399}",1.8020984,2.1216316,0.31953323,0.1649524,0.11983595,0.19284263,0.1708007,-0.027890235,-0.05096475,-0.023074515,0.87428722,1.0996414,111.25362,122.33909,False,0.98180819,False,False,False,0.87428722,1.0996414,111.25362,122.33909,0.8699855,1.1021835,108.83193,119.95276,0.97679238,1.041548,23.086351,24.045544,0.93668135,1.2660814,36.312273,45.974294,0.86448682,1.1570409,46.290521,53.560024,0.85876941,1.0699073,52.488437,56.157763,0.85013836,1.0729853,50.008111,53.65797,0.8737072,1.0386397,55.920911,58.081677
0b_baseline_best,file,13,baseline,7074,121.Grasshopper_Sparrow/Grasshopper_Sparrow_0110_115644.jpg,121,120,121.Grasshopper_Sparrow,113,112,random_resized_crop,random_resized_crop,0,"{""area_fraction"":0.505722,""aspect"":0.823918,""fallback"":false,""height"":0.783455,""left"":0.327887,""top"":0.211254,""width"":0.645503}",1.8020984,0.59194994,-1.2101485,0.1649524,0.55324745,0.19284263,0.13661192,-0.027890235,0.41663553,0.44452576,0.69249732,0.72760776,111.25362,80.949,False,0.94077259,False,False,True,0.69249732,0.72760776,111.25362,80.949,0.68436247,0.73273954,108.83193,79.745458,0.92524675,0.60238723,23.086351,13.906923,0.73640557,0.69763263,36.312273,25.332626,0.7373021,0.86728712,46.290521,40.147172,0.64774791,0.78506696,52.488437,41.206938,0.65514895,0.7072164,50.008111,35.366556,0.70033767,0.6082633,55.920911,34.014638
0b_baseline_best,file,13,baseline,7074,121.Grasshopper_Sparrow/Grasshopper_Sparrow_0110_115644.jpg,121,120,121.Grasshopper_Sparrow,113,112,gaussian_blur,gaussian_blur,0,"{""sigma"":1.601891}",1.8020984,3.3212552,1.5191568,0.1649524,0.036107484,0.19284263,0.018869622,-0.027890235,0.017237863,0.045128098,0.45830924,1.1558504,111.25362,128.59254,False,0.84851903,False,False,False,0.45830924,1.1558504,111.25362,128.59254,0.44378204,1.1596976,108.83193,126.21213,0.81080208,1.0667791,23.086351,24.628037,0.56176253,1.5699258,36.312273,57.007574,0.42813028,1.1691267,46.290521,54.119484,0.3541036,1.0969746,52.488437,57.578485,0.40675778,1.0646525,50.008111,53.241261,0.50873766,1.0730639,55.920911,60.006711
0b_baseline_best,file,13,baseline,7074,121.Grasshopper_Sparrow/Grasshopper_Sparrow_0110_115644.jpg,121,120,121.Grasshopper_Sparrow,113,112,random_erasing,random_erasing,0,"{""area_fraction"":0.105016,""erased"":true,""height"":0.231139,""left"":0.119805,""top"":0.440562,""width"":0.454338}",1.8020984,1.5503302,-0.25176823,0.1649524,0.2121779,0.19284263,0.26621854,-0.027890235,-0.054040641,-0.026150405,0.83694075,1.1958724,111.25362,133.04513,False,0.96038568,True,False,False,0.83694075,1.1958724,111.25362,133.04513,0.83260393,1.2018557,108.83193,130.80027,0.95374759,1.0541782,23.086351,24.337129,0.94396931,1.0451091,36.312273,37.950288,0.84176461,1.200456,46.290521,55.569734,0.84514922,1.3759754,52.488437,72.222799,0.79694555,1.2225127,50.008111,61.135549,0.81533902,1.0769308,55.920911,60.222952
0b_baseline_best,file,13,baseline,2325,041.Scissor_tailed_Flycatcher/Scissor_Tailed_Flycatcher_0110_42136.jpg,41,40,041.Scissor_tailed_Flycatcher,32,31,identity,identity,0,{},6.3014131,6.3014131,0,0.0018337115,0.0018337115,0.76907396,0.76907396,-0.76724025,-0.76724025,0,1,1,185.54017,185.54017,False,1,True,False,False,1,1,185.54017,185.54017,1,1,180.80695,180.80695,1,1,41.641356,41.641356,1,1,30.390679,30.390679,1,1,66.125037,66.125037,1,1,101.3454,101.3454,1,1,90.849796,90.849796,1,1,94.183135,94.183135
0b_baseline_best,file,13,baseline,2325,041.Scissor_tailed_Flycatcher/Scissor_Tailed_Flycatcher_0110_42136.jpg,41,40,041.Scissor_tailed_Flycatcher,32,31,horizontal_flip,horizontal_flip,0,"{""flipped"":true}",6.3014131,4.6446738,-1.6567392,0.0018337115,0.0096126674,0.76907396,0.11683181,-0.76724025,-0.10721914,0.66002111,0.40977249,1.0735001,185.54017,199.17739,False,0.92906165,False,False,False,0.40977249,1.0735001,185.54017,199.17739,0.39661733,1.0803679,180.80695,195.33802,0.70058213,0.93462331,41.641356,38.918982,0.25570042,0.98074334,30.390679,29.805456,0.36586595,1.2669332,66.125037,83.776002,0.35322831,1.0596813,101.3454,107.39383,0.35196632,1.0706747,90.849796,97.270574,0.52917094,1.021454,94.183135,96.203743
0b_baseline_best,file,13,baseline,2325,041.Scissor_tailed_Flycatcher/Scissor_Tailed_Flycatcher_0110_42136.jpg,41,40,041.Scissor_tailed_Flycatcher,32,31,color_jitter,color_jitter,0,"{""brightness"":1.311285,""contrast"":1.055811,""hue"":0.0578,""saturation"":1.047535}",6.3014131,7.3142467,1.0128336,0.0018337115,0.00066598295,0.76907396,0.69003791,-0.76724025,-0.68937192,0.077868328,0.69832756,0.87207911,185.54017,161.80571,False,0.92688322,True,False,False,0.69832756,0.87207911,185.54017,161.80571,0.68538962,0.86803227,180.80695,156.94627,0.92473951,0.94513701,41.641356,39.356786,0.66365025,0.85627402,30.390679,26.022749,0.56740183,0.85922576,66.125037,56.816335,0.69427274,0.84557948,101.3454,85.695593,0.65825289,0.89980775,90.849796,81.74735,0.76196807,0.8691206,94.183135,81.856503
0b_baseline_best,file,13,baseline,2325,041.Scissor_tailed_Flycatcher/Scissor_Tailed_Flycatcher_0110_42136.jpg,41,40,041.Scissor_tailed_Flycatcher,32,31,rotation,rotation,0,"{""angle"":-12.416296}",6.3014131,6.9340391,0.63262606,0.0018337115,0.00097405858,0.76907396,0.68043554,-0.76724025,-0.67946148,0.087778772,0.62746606,0.89191916,185.54017,165.48684,False,0.93572289,True,False,False,0.62746606,0.89191916,185.54017,165.48684,0.61334209,0.89694173,180.80695,162.1733,0.93401378,0.7912848,41.641356,32.950172,0.38246996,0.9033727,30.390679,27.45411,0.48550399,0.82579746,66.125037,54.605888,0.60766079,0.8625351,101.3454,87.413968,0.60606851,0.96895429,90.849796,88.029299,0.71226093,0.89932419,94.183135,84.701171
0b_baseline_best,file,13,baseline,2325,041.Scissor_tailed_Flycatcher/Scissor_Tailed_Flycatcher_0110_42136.jpg,41,40,041.Scissor_tailed_Flycatcher,32,31,random_resized_crop,random_resized_crop,0,"{""area_fraction"":0.650257,""aspect"":1.156319,""fallback"":false,""height"":0.7499,""left"":0.08327,""top"":0.243917,""width"":0.867124}",6.3014131,6.6861653,0.38475227,0.0018337115,0.0012480597,0.76907396,0.58033335,-0.76724025,-0.57908529,0.18815496,0.56004675,0.59595792,185.54017,110.57414,False,0.8935945,True,False,False,0.56004675,0.59595792,185.54017,110.57414,0.54133725,0.59269987,180.80695,107.16426,0.88213497,0.65435308,41.641356,27.248149,0.42498007,0.50590535,30.390679,15.374807,0.35123957,0.48159903,66.125037,31.845754,0.52337813,0.56934727,101.3454,57.700728,0.53260905,0.61142552,90.849796,55.547884,0.65331819,0.65612201,94.183135,61.795628
0b_baseline_best,file,13,baseline,2325,041.Scissor_tailed_Flycatcher/Scissor_Tailed_Flycatcher_0110_42136.jpg,41,40,041.Scissor_tailed_Flycatcher,32,31,gaussian_blur,gaussian_blur,0,"{""sigma"":1.694904}",6.3014131,6.444334,0.14292097,0.0018337115,0.001589503,0.76907396,0.92178476,-0.76724025,-0.92019526,-0.152955,0.57495748,0.92372895,185.54017,171.38883,False,0.88875961,True,False,False,0.57495748,0.92372895,185.54017,171.38883,0.56017513,0.92704861,180.80695,167.61683,0.87742169,0.85874514,41.641356,35.759312,0.48042933,1.0159779,30.390679,30.876257,0.36888186,0.91235561,66.125037,60.329549,0.55084179,0.88599668,101.3454,89.791691,0.54474145,0.92850462,90.849796,84.354455,0.68278045,0.96871866,94.183135,91.23696
0b_baseline_best,file,13,baseline,2325,041.Scissor_tailed_Flycatcher/Scissor_Tailed_Flycatcher_0110_42136.jpg,41,40,041.Scissor_tailed_Flycatcher,32,31,random_erasing,random_erasing,0,"{""area_fraction"":0.167342,""erased"":true,""height"":0.51238,""left"":0.627215,""top"":0.346478,""width"":0.326598}",6.3014131,5.9848142,-0.31659889,0.0018337115,0.0025166813,0.76907396,0.71863925,-0.76724025,-0.71612257,0.051117678,0.9200957,0.96732754,185.54017,179.47812,False,0.98754084,True,False,False,0.9200957,0.96732754,185.54017,179.47812,0.91664677,0.96843011,180.80695,175.09889,0.98687267,0.94630044,41.641356,39.405233,0.94171086,0.9953735,30.390679,30.250076,0.89048679,1.0266561,66.125037,67.887674,0.92716026,0.94031279,101.3454,95.296379,0.91075393,0.96272733,90.849796,87.463581,0.92256329,0.97338326,94.183135,91.676286
0b_baseline_best,file,13,baseline,8526,146.Forsters_Tern/Forsters_Tern_0118_151564.jpg,146,145,146.Forsters_Tern,145,144,identity,identity,0,{},1.1896846,1.1896846,0,0.30431724,0.30431724,0.38173318,0.38173318,-0.077415943,-0.077415943,0,1,1,151.10239,151.10239,False,1,True,False,False,1,1,151.10239,151.10239,1,1,148.94036,148.94036,1,1,25.469596,25.469596,1,1,48.107673,48.107673,1,1,71.289744,71.289744,1,1,71.594184,71.594184,1,1,68.379144,68.379144,1,1,70.6061,70.6061
0b_baseline_best,file,13,baseline,8526,146.Forsters_Tern/Forsters_Tern_0118_151564.jpg,146,145,146.Forsters_Tern,145,144,horizontal_flip,horizontal_flip,0,"{""flipped"":true}",1.1896846,0.12002811,-1.0696565,0.30431724,0.88689548,0.38173318,0.087570973,-0.077415943,0.79932451,0.87674045,0.65938908,0.18041177,151.10239,27.26065,False,0.95750576,False,False,True,0.65938908,0.18041177,151.10239,27.26065,0.65228004,0.18061368,148.94036,26.900667,0.91319425,0.17336585,25.469596,4.4155582,0.78727032,0.20248519,48.107673,9.7410914,0.58004547,0.17114479,71.289744,12.200868,0.58414391,0.18572751,71.594184,13.297009,0.63678814,0.18189618,68.379144,12.437905,0.74678074,0.17252465,70.6061,12.181293
0b_baseline_best,file,13,baseline,8526,146.Forsters_Tern/Forsters_Tern_0118_151564.jpg,146,145,146.Forsters_Tern,145,144,color_jitter,color_jitter,0,"{""brightness"":0.817424,""contrast"":0.71577,""hue"":0.034309,""saturation"":1.015935}",1.1896846,1.1562684,-0.033416271,0.30431724,0.31465822,0.38173318,0.63348114,-0.077415943,-0.31882292,-0.24140698,0.61877562,1.1859624,151.10239,179.20175,False,0.92234313,True,False,False,0.61877562,1.1859624,151.10239,179.20175,0.61174285,1.1855376,148.94036,176.57439,0.85634002,1.2003998,25.469596,30.573699,0.68168295,0.97252861,48.107673,46.786088,0.47107019,1.2479754,71.289744,88.967848,0.56413738,1.2986706,71.594184,92.977263,0.67462728,1.1960248,68.379144,81.783152,0.75483909,1.0731323,70.6061,75.769687
0b_baseline_best,file,13,baseline,8526,146.Forsters_Tern/Forsters_Tern_0118_151564.jpg,146,145,146.Forsters_Tern,145,144,rotation,rotation,0,"{""angle"":-9.291813}",1.1896846,0.71239191,-0.47729272,0.30431724,0.49046963,0.38173318,0.18884194,-0.077415943,0.3016277,0.37904364,0.76091603,0.72772737,151.10239,109.96134,False,0.96008474,False,False,True,0.76091603,0.72772737,151.10239,109.96134,0.75540178,0.72647245,148.94036,108.20107,0.94017744,0.76941035,25.469596,19.596571,0.81034557,0.76234774,48.107673,36.674775,0.73702328,0.7367266,71.289744,52.521051,0.71752795,0.73568953,71.594184,52.671091,0.7319146,0.72697017,68.379144,49.709598,0.81385749,0.68784823,70.6061,48.566281
0b_baseline_best,file,13,baseline,8526,146.Forsters_Tern/Forsters_Tern_0118_151564.jpg,146,145,146.Forsters_Tern,145,144,random_resized_crop,random_resized_crop,0,"{""area_fraction"":0.833495,""aspect"":0.878243,""fallback"":false,""height"":0.974191,""left"":0.14105,""top"":0.002878,""width"":0.855576}",1.1896846,0.49938309,-0.69030154,0.30431724,0.60690492,0.38173318,0.29148501,-0.077415943,0.31541991,0.39283586,0.7913493,0.58261785,151.10239,88.034948,False,0.98632801,False,False,True,0.7913493,0.58261785,151.10239,88.034948,0.78590351,0.5814146,148.94036,86.596102,0.96710035,0.62236617,25.469596,15.851415,0.8858254,0.64203381,48.107673,30.886752,0.74978901,0.4938994,71.289744,35.209962,0.71665136,0.56628911,71.594184,40.543007,0.78134523,0.62284619,68.379144,42.589689,0.85090197,0.60877121,70.6061,42.982961
0b_baseline_best,file,13,baseline,8526,146.Forsters_Tern/Forsters_Tern_0118_151564.jpg,146,145,146.Forsters_Tern,145,144,gaussian_blur,gaussian_blur,0,"{""sigma"":1.108618}",1.1896846,0.82293075,-0.36675388,0.30431724,0.43914276,0.38173318,0.46936691,-0.077415943,-0.030224144,0.047191799,0.67713538,0.93178093,151.10239,140.79432,False,0.94003844,True,False,False,0.67713538,0.93178093,151.10239,140.79432,0.67155194,0.93407864,148.94036,139.12201,0.89005961,0.84947556,25.469596,21.635799,0.81695327,1.0539988,48.107673,50.705428,0.61157516,0.92488732,71.289744,65.93498,0.58920751,0.95333078,71.594184,68.252939,0.65525493,0.93950336,68.379144,64.242435,0.77118258,0.85577343,70.6061,60.422824
0b_baseline_best,file,13,baseline,8526,146.Forsters_Tern/Forsters_Tern_0118_151564.jpg,146,145,146.Forsters_Tern,145,144,random_erasing,random_erasing,0,"{""area_fraction"":0.097624,""erased"":true,""height"":0.395004,""left"":0.72787,""top"":0.425833,""width"":0.247148}",1.1896846,1.588419,0.39873433,0.30431724,0.20424829,0.38173318,0.27643362,-0.077415943,-0.072185323,0.0052306205,0.89549391,0.96069542,151.10239,145.16337,False,0.98689198,False,False,False,0.89549391,0.96069542,151.10239,145.16337,0.89338107,0.95809062,148.94036,142.69836,0.96501761,1.0458734,25.469596,26.637972,0.89745135,0.85980462,48.107673,41.363199,0.91123032,0.89151031,71.289744,63.555542,0.89286992,0.9593805,71.594184,68.686064,0.87348127,0.98739594,68.379144,67.517289,0.90149047,1.0346073,70.6061,73.049589
0b_baseline_best,file,13,baseline,6685,115.Brewer_Sparrow/Brewer_Sparrow_0069_796709.jpg,115,114,115.Brewer_Sparrow,131,130,identity,identity,0,{},7.0145035,7.0145035,0,0.00089875178,0.00089875178,0.96644461,0.96644461,-0.96554586,-0.96554586,0,1,1,189.86012,189.86012,False,0.99999988,True,False,False,1,1,189.86012,189.86012,1,1,184.23957,184.23957,1,1,45.854627,45.854627,1,1,30.093579,30.093579,1,1,82.984001,82.984001,1,1,102.01332,102.01332,1,1,89.255139,89.255139,1,1,88.198946,88.198946
0b_baseline_best,file,13,baseline,6685,115.Brewer_Sparrow/Brewer_Sparrow_0069_796709.jpg,115,114,115.Brewer_Sparrow,131,130,horizontal_flip,horizontal_flip,0,"{""flipped"":true}",7.0145035,6.1578274,-0.8566761,0.00089875178,0.0021168476,0.96644461,0.94869941,-0.96554586,-0.94658257,0.018963293,0.63840569,1.0182319,189.86012,193.32164,False,0.96604204,True,False,False,0.63840569,1.0182319,189.86012,193.32164,0.62044114,1.0241751,184.23957,188.69358,0.9660227,0.91697316,45.854627,42.047463,0.60975527,1.0917945,30.093579,32.856004,0.53753296,1.2104289,82.984001,100.44624,0.59099671,1.0110573,102.01332,103.14131,0.60956112,0.92766102,89.255139,82.798513,0.78418863,0.94470687,88.198946,83.32215
0b_baseline_best,file,13,baseline,6685,115.Brewer_Sparrow/Brewer_Sparrow_0069_796709.jpg,115,114,115.Brewer_Sparrow,131,130,color_jitter,color_jitter,0,"{""brightness"":0.742607,""contrast"":1.152806,""hue"":0.002673,""saturation"":1.27489}",7.0145035,6.0046668,-1.0098367,0.00089875178,0.0024672116,0.96644461,0.90215051,-0.96554586,-0.8996833,0.06586256,0.89739596,1.0698975,189.86012,203.13087,False,0.98542821,True,False,False,0.89739596,1.0698975,189.86012,203.13087,0.89376145,1.0800605,184.23957,198.98988,0.98465918,0.88991201,45.854627,40.806584,0.59823822,0.98550185,30.093579,29.657278,0.86053685,1.1500354,82.984001,95.434535,0.91586035,1.1165738,102.01332,113.9054,0.91033669,1.0820772,89.255139,96.580953,0.91893728,0.96920694,88.198946,85.48303
0b_baseline_best,file,13,baseline,6685,115.Brewer_Sparrow/Brewer_Sparrow_0069_796709.jpg,115,114,115.Brewer_Sparrow,131,130,rotation,rotation,0,"{""angle"":10.203433}",7.0145035,3.7283731,-3.2861304,0.00089875178,0.024031902,0.96644461,0.84759939,-0.96554586,-0.82356749,0.14197837,0.79662949,0.90647708,189.86012,172.10385,False,0.94478977,True,False,False,0.79662949,0.90647708,189.86012,172.10385,0.7896134,0.91438764,184.23957,168.46638,0.94318234,0.76757271,45.854627,35.19676,0.78419681,1.1234467,30.093579,33.808534,0.82456279,0.98824257,82.984001,82.008323,0.80791254,0.92509122,102.01332,94.371623,0.75491797,0.88451601,89.255139,78.9476,0.77355037,0.83114716,88.198946,73.306303
0b_baseline_best,file,13,baseline,6685,115.Brewer_Sparrow/Brewer_Sparrow_0069_796709.jpg,115,114,115.Brewer_Sparrow,131,130,random_resized_crop,random_resized_crop,0,"{""area_fraction"":0.797705,""aspect"":1.153926,""fallback"":false,""height"":0.831442,""left"":0.021714,""top"":0.093866,""width"":0.959423}",7.0145035,5.9277916,-1.0867119,0.00089875178,0.0026643595,0.96644461,0.92613035,-0.96554586,-0.92346599,0.042079865,0.80450909,1.0313101,189.86012,195.80466,False,0.9712702,True,False,False,0.80450909,1.0313101,189.86012,195.80466,0.79591931,1.0386414,184.23957,191.35885,0.97097259,0.9047734,45.854627,41.488047,0.75805525,1.2776669,30.093579,38.449571,0.80061455,1.1385355,82.984001,94.480232,0.80771456,1.0874707,102.01332,110.93649,0.78294729,0.93347876,89.255139,83.317776,0.80744931,0.94620165,88.198946,83.453988
0b_baseline_best,file,13,baseline,6685,115.Brewer_Sparrow/Brewer_Sparrow_0069_796709.jpg,115,114,115.Brewer_Sparrow,131,130,gaussian_blur,gaussian_blur,0,"{""sigma"":1.297887}",7.0145035,4.9133158,-2.1011877,0.00089875178,0.0073480853,0.96644461,0.13917102,-0.96554586,-0.13182293,0.83372293,0.27688188,0.96886787,189.86012,183.94937,False,0.84044349,False,False,False,0.27688188,0.96886787,189.86012,183.94937,0.26197183,0.98456823,184.23957,181.39643,0.65323584,0.66602352,45.854627,30.54026,0.43853859,1.1613779,30.093579,34.950019,0.13808638,0.92042536,82.984001,76.38058,0.29876249,1.0238146,102.01332,104.44272,0.24683883,1.0421717,89.255139,93.01918,0.31257508,0.89909133,88.198946,79.298907
0b_baseline_best,file,13,baseline,6685,115.Brewer_Sparrow/Brewer_Sparrow_0069_796709.jpg,115,114,115.Brewer_Sparrow,131,130,random_erasing,random_erasing,0,"{""area_fraction"":0.100198,""erased"":true,""height"":0.488455,""left"":0.533594,""top"":0.359104,""width"":0.205133}",7.0145035,4.4230671,-2.5914364,0.00089875178,0.01199738,0.96644461,0.94416577,-0.96554586,-0.93216839,0.033377474,0.82786957,0.97606414,189.86012,185.31566,False,0.95896196,True,False,False,0.82786957,0.97606414,189.86012,185.31566,0.82011842,0.97833588,184.23957,180.24818,0.95896489,0.93862961,45.854627,43.040511,0.86666359,1.0554371,30.093579,31.76188,0.8117163,0.99644989,82.984001,82.6894,0.85855306,0.98199288,102.01332,100.17635,0.78532426,0.97367104,89.255139,86.905144,0.80605529,0.95234156,88.198946,83.995521
0b_baseline_best,file,13,baseline,15,001.Black_footed_Albatross/Black_Footed_Albatross_0040_796066.jpg,1,0,001.Black_footed_Albatross,2,1,identity,identity,0,{},0.0096985335,0.0096985335,0,0.99034834,0.99034834,0.0074270307,0.0074270307,0.98292131,0.98292131,0,1,1,1.8695121,1.8695121,False,0.99999994,True,True,True,1,1,1.8695121,1.8695121,1,1,1.818369,1.818369,1,1,0.43429219,0.43429219,1,1,0.42080321,0.42080321,1,1,0.98932377,0.98932377,1,1,0.87853479,0.87853479,1,1,0.83831331,0.83831331,1,1,0.82221423,0.82221423
0b_baseline_best,file,13,baseline,15,001.Black_footed_Albatross/Black_Footed_Albatross_0040_796066.jpg,1,0,001.Black_footed_Albatross,2,1,horizontal_flip,horizontal_flip,0,"{""flipped"":true}",0.0096985335,0.0023154612,-0.0073830723,0.99034834,0.99768722,0.0074270307,0.0011216699,0.98292131,0.99656555,0.013644242,0.64146233,0.22610524,1.8695121,0.42270647,False,0.965886,True,True,True,0.64146233,0.22610524,1.8695121,0.42270647,0.62558265,0.22571355,1.818369,0.41043051,0.91159019,0.23286489,0.43429219,0.1011314,0.2272042,0.25187903,0.42080321,0.1059915,0.60273337,0.20790831,0.98932377,0.20568863,0.67231567,0.2430385,0.87853479,0.21351778,0.59860721,0.21390106,0.83831331,0.17931611,0.74439651,0.23447376,0.82221423,0.19278766
0b_baseline_best,file,13,baseline,15,001.Black_footed_Albatross/Black_Footed_Albatross_0040_796066.jpg,1,0,001.Black_footed_Albatross,2,1,color_jitter,color_jitter,0,"{""brightness"":1.122856,""contrast"":1.118432,""hue"":0.083745,""saturation"":0.771533}",0.0096985335,2.0856309,2.0759324,0.99034834,0.1242287,0.0074270307,0.036987778,0.98292131,0.087240923,-0.89568039,0.40853842,44.784074,1.8695121,83.724367,False,0.76691347,False,True,False,0.40853842,44.784074,1.8695121,83.724367,0.3941163,44.081182,1.818369,80.155853,0.61912937,55.683299,0.43429219,24.182822,0.52426746,56.187354,0.42080321,23.643818,0.54901618,35.230523,0.98932377,34.854394,0.2383975,42.362819,0.87853479,37.21721,0.34191695,42.559107,0.83831331,35.677866,0.41613182,54.29707,0.82221423,44.643823
0b_baseline_best,file,13,baseline,15,001.Black_footed_Albatross/Black_Footed_Albatross_0040_796066.jpg,1,0,001.Black_footed_Albatross,2,1,rotation,rotation,0,"{""angle"":-5.987525}",0.0096985335,0.061128594,0.051430061,0.99034834,0.94070226,0.0074270307,0.015948972,0.98292131,0.92475329,-0.058168021,0.69594638,6.5325638,1.8695121,12.212707,False,0.96609074,True,True,True,0.69594638,6.5325638,1.8695121,12.212707,0.69207321,6.6433652,1.818369,12.080089,0.88207949,4.1329248,0.43429219,1.7948969,0.62908965,8.8538829,0.42080321,3.7257423,0.77396936,7.575774,0.98932377,7.4948933,0.64171775,6.8121187,0.87853479,5.9846833,0.64476079,5.7265647,0.83831331,4.8006554,0.73960366,5.016295,0.82221423,4.1244691
0b_baseline_best,file,13,baseline,15,001.Black_footed_Albatross/Black_Footed_Albatross_0040_796066.jpg,1,0,001.Black_footed_Albatross,2,1,random_resized_crop,random_resized_crop,0,"{""area_fraction"":0.712036,""aspect"":0.966101,""fallback"":false,""height"":0.858499,""left"":0.01579,""top"":0.062356,""width"":0.829397}",0.0096985335,0.018824615,0.0091260811,0.99034834,0.98135144,0.0074270307,0.0036323825,0.98292131,0.97771905,-0.0052022557,0.66788719,2.0348541,1.8695121,3.8041843,False,0.97072983,True,True,True,0.66788719,2.0348541,1.8695121,3.8041843,0.66335136,2.0651948,1.818369,3.755286,0.83433744,1.3999428,0.43429219,0.60798423,0.39503704,2.9073442,0.42080321,1.2234198,0.74262988,2.193591,0.98932377,2.1701717,0.67430366,2.1604362,0.87853479,1.8980183,0.62968531,1.8597147,0.83831331,1.5590236,0.69912213,1.659937,0.82221423,1.3648238
0b_baseline_best,file,13,baseline,15,001.Black_footed_Albatross/Black_Footed_Albatross_0040_796066.jpg,1,0,001.Black_footed_Albatross,2,1,gaussian_blur,gaussian_blur,0,"{""sigma"":1.362482}",0.0096985335,1.2675437,1.2578451,0.99034834,0.28152227,0.0074270307,0.017455028,0.98292131,0.26406725,-0.71885406,0.37107774,80.08725,1.8695121,149.72408,False,0.83703327,False,True,False,0.37107774,80.08725,1.8695121,149.72408,0.36434608,81.512832,1.818369,148.2204,0.6168604,48.737463,0.43429219,21.166299,0.070892862,119.0211,0.42080321,50.08446,0.46279347,78.91547,0.98932377,78.072951,0.3450769,94.862598,0.87853479,83.340093,0.32859185,75.982423,0.83831331,63.697076,0.45406512,59.116199,0.82221423,48.60618
0b_baseline_best,file,13,baseline,15,001.Black_footed_Albatross/Black_Footed_Albatross_0040_796066.jpg,1,0,001.Black_footed_Albatross,2,1,random_erasing,random_erasing,0,"{""area_fraction"":0.087228,""erased"":true,""height"":0.235182,""left"":0.041144,""top"":0.621674,""width"":0.370898}",0.0096985335,0.017316461,0.0076179272,0.99034834,0.98283261,0.0074270307,0.012195168,0.98292131,0.97063744,-0.012283866,0.93863747,1.7309123,1.8695121,3.2359614,False,0.99075389,True,True,True,0.93863747,1.7309123,1.8695121,3.2359614,0.93597167,1.7353868,1.818369,3.1555735,0.98889421,1.6505019,0.43429219,0.71680007,0.9262528,1.8204904,0.42080321,0.76606822,0.96649276,1.7191623,0.98932377,1.7008081,0.92652338,1.7736045,0.87853479,1.5581733,0.91607835,1.7133171,0.83831331,1.4362965,0.9269598,1.7144863,0.82221423,1.409675
0b_baseline_best,file,13,baseline,2402,042.Vermilion_Flycatcher/Vermilion_Flycatcher_0065_42467.jpg,42,41,042.Vermilion_Flycatcher,17,16,identity,identity,0,{},0.00088592852,0.00088592852,0,0.99911445,0.99911445,0.00053819979,0.00053819979,0.99857625,0.99857625,0,1,1,0.13891129,0.13891129,False,1,True,True,True,1,1,0.13891129,0.13891129,1,1,0.13545192,0.13545192,1,1,0.030807844,0.030807844,1,1,0.025169016,0.025169016,1,1,0.058599849,0.058599849,1,1,0.061965241,0.061965241,1,1,0.070649552,0.070649552,1,1,0.073815654,0.073815654
0b_baseline_best,file,13,baseline,2402,042.Vermilion_Flycatcher/Vermilion_Flycatcher_0065_42467.jpg,42,41,042.Vermilion_Flycatcher,17,16,horizontal_flip,horizontal_flip,0,"{""flipped"":true}",0.00088592852,0.0013590157,0.00047308719,0.99911445,0.99864191,0.00053819979,0.00086162839,0.99857625,0.99778028,-0.00079597422,0.72825787,1.7244776,0.13891129,0.2395494,False,0.98692405,True,True,True,0.72825787,1.7244776,0.13891129,0.2395494,0.71661801,1.7334852,0.13545192,0.2348039,0.98640809,1.5400351,0.030807844,0.047445163,0.37882641,1.9951044,0.025169016,0.050214814,0.62450058,1.7128312,0.058599849,0.10037165,0.68902843,1.803903,0.061965241,0.11177929,0.75342255,1.8164571,0.070649552,0.12833188,0.81819695,1.578311,0.073815654,0.11650406
0b_baseline_best,file,13,baseline,2402,042.Vermilion_Flycatcher/Vermilion_Flycatcher_0065_42467.jpg,42,41,042.Vermilion_Flycatcher,17,16,color_jitter,color_jitter,0,"{""brightness"":1.386032,""contrast"":1.144564,""hue"":-0.032338,""saturation"":1.340892}",0.00088592852,1.0467975,1.0459116,0.99911445,0.35106021,0.00053819979,0.63877296,0.99857625,-0.28771275,-1.286289,0.65174204,1021.04,0.13891129,141.83398,False,0.88727021,False,True,False,0.65174204,1021.04,0.13891129,141.83398,0.6443825,1031.6769,0.13545192,139.74262,0.86102601,787.68304,0.030807844,24.266817,0.46376585,1049.6528,0.025169016,26.418729,0.53601876,1014.2543,0.058599849,59.43515,0.66679326,1135.4635,0.061965241,70.35927,0.71616218,1078.542,0.070649552,76.198509,0.65526476,912.89589,0.073815654,67.386007
0b_baseline_best,file,13,baseline,2402,042.Vermilion_Flycatcher/Vermilion_Flycatcher_0065_42467.jpg,42,41,042.Vermilion_Flycatcher,17,16,rotation,rotation,0,"{""angle"":-8.105696}",0.00088592852,0.0016968151,0.00081088662,0.99911445,0.99830461,0.00053819979,0.00058947422,0.99857625,0.99771513,-0.00086112274,0.80530642,1.7662178,0.13891129,0.24534759,False,0.98084736,True,True,True,0.80530642,1.7662178,0.13891129,0.24534759,0.79842802,1.7732056,0.13545192,0.2401841,0.95329585,1.6252451,0.030807844,0.050070298,0.70855434,2.165979,0.025169016,0.054515562,0.77792885,1.73397,0.058599849,0.10161038,0.74378908,1.7097873,0.061965241,0.10594738,0.80451298,1.7529602,0.070649552,0.12384585,0.85722646,1.8089092,0.073815654,0.13352582
0b_baseline_best,file,13,baseline,2402,042.Vermilion_Flycatcher/Vermilion_Flycatcher_0065_42467.jpg,42,41,042.Vermilion_Flycatcher,17,16,random_resized_crop,random_resized_crop,0,"{""area_fraction"":0.509267,""aspect"":1.05073,""fallback"":false,""height"":0.696189,""left"":0.010545,""top"":0.008869,""width"":0.731507}",0.00088592852,0.011382286,0.010496357,0.99911445,0.98868227,0.00053819979,0.0076906802,0.99857625,0.98099159,-0.017584664,0.73339437,15.040125,0.13891129,2.0892431,False,0.96171373,True,True,True,0.73339437,15.040125,0.13891129,2.0892431,0.72549059,15.196453,0.13545192,2.0583887,0.95901864,11.611736,0.030807844,0.35773256,0.62808837,21.387907,0.025169016,0.53831258,0.67603615,17.763908,0.058599849,1.0409623,0.74778689,15.586476,0.061965241,0.96581972,0.74495561,14.399401,0.070649552,1.0173112,0.7762409,12.822405,0.073815654,0.94649418
0b_baseline_best,file,13,baseline,2402,042.Vermilion_Flycatcher/Vermilion_Flycatcher_0065_42467.jpg,42,41,042.Vermilion_Flycatcher,17,16,gaussian_blur,gaussian_blur,0,"{""sigma"":1.601276}",0.00088592852,0.041154239,0.040268311,0.99911445,0.95968109,0.00053819979,0.037072606,0.99857625,0.92260849,-0.075967767,0.69105675,66.957827,0.13891129,9.3011981,False,0.95844853,True,True,True,0.69105675,66.957827,0.13891129,9.3011981,0.68291502,67.729901,0.13545192,9.1741452,0.93739354,49.731001,0.030807844,1.5321049,0.48161823,77.291109,0.025169016,1.9453412,0.65627313,78.576529,0.058599849,4.6045728,0.66815349,75.044517,0.061965241,4.6501516,0.72882044,67.748823,0.070649552,4.786424,0.73981164,51.843255,0.073815654,3.8268438
0b_baseline_best,file,13,baseline,2402,042.Vermilion_Flycatcher/Vermilion_Flycatcher_0065_42467.jpg,42,41,042.Vermilion_Flycatcher,17,16,random_erasing,random_erasing,0,"{""area_fraction"":0.189881,""erased"":true,""height"":0.524434,""left"":0.450953,""top"":0.084591,""width"":0.362069}",0.00088592852,0.0024157171,0.0015297886,0.99911445,0.9975872,0.00053819979,0.0018139537,0.99857625,0.99577325,-0.0028030038,0.77604359,3.002104,0.13891129,0.41702613,False,0.97581196,True,True,True,0.77604359,3.002104,0.13891129,0.41702613,0.76646671,3.0083944,0.13545192,0.4074928,0.97030048,2.8778052,0.030807844,0.088658975,0.6629647,3.0324885,0.025169016,0.076324753,0.70815621,2.9518487,0.058599849,0.17297789,0.72028393,3.1954883,0.061965241,0.1980092,0.78643519,3.0899259,0.070649552,0.21830188,0.83764527,2.8235629,0.073815654,0.20842314
0b_baseline_best,file,13,baseline,8836,151.Black_capped_Vireo/Black_Capped_Vireo_0022_797459.jpg,151,150,151.Black_capped_Vireo,57,56,identity,identity,0,{},0.0010871936,0.0010871936,0,0.99891341,0.99891341,0.00011842483,0.00011842483,0.99879498,0.99879498,0,1,1,0.17037093,0.17037093,False,0.99999994,True,True,True,1,1,0.17037093,0.17037093,1,1,0.16664539,0.16664539,1,1,0.035433977,0.035433977,1,1,0.038644298,0.038644298,1,1,0.073966326,0.073966326,1,1,0.081779678,0.081779678,1,1,0.079429237,0.079429237,1,1,0.088370623,0.088370623
0b_baseline_best,file,13,baseline,8836,151.Black_capped_Vireo/Black_Capped_Vireo_0022_797459.jpg,151,150,151.Black_capped_Vireo,57,56,horizontal_flip,horizontal_flip,0,"{""flipped"":true}",0.0010871936,0.0028708456,0.001783652,0.99891341,0.99713326,0.00011842483,0.00020760071,0.99879498,0.99692565,-0.0018693282,0.54753782,2.9309508,0.17037093,0.49934881,False,0.96803546,True,True,True,0.54753782,2.9309508,0.17037093,0.49934881,0.53091227,2.941314,0.16664539,0.49015641,0.95145607,2.691557,0.035433977,0.095372566,0.53334045,3.3460242,0.038644298,0.12930475,0.37754468,3.2640747,0.073966326,0.24143162,0.52490558,3.0138802,0.081779678,0.24647415,0.54235309,3.0094763,0.079429237,0.23904041,0.68023096,2.4624809,0.088370623,0.21761097
0b_baseline_best,file,13,baseline,8836,151.Black_capped_Vireo/Black_Capped_Vireo_0022_797459.jpg,151,150,151.Black_capped_Vireo,57,56,color_jitter,color_jitter,0,"{""brightness"":0.967618,""contrast"":1.177042,""hue"":-0.015572,""saturation"":0.952661}",0.0010871936,0.0018308082,0.00074361463,0.99891341,0.99817085,0.00011842483,0.00022784904,0.99879498,0.997943,-0.00085197888,0.93502462,1.737469,0.17037093,0.29601421,False,0.9953481,True,True,True,0.93502462,1.737469,0.17037093,0.29601421,0.93261293,1.7416194,0.16664539,0.29023283,0.99309282,1.6429939,0.035433977,0.058217808,0.94087082,1.9315083,0.038644298,0.074641782,0.92306091,1.7207449,0.073966326,0.12727718,0.91586129,1.7588989,0.081779678,0.14384219,0.93252517,1.7690977,0.079429237,0.14051808,0.9546527,1.6795106,0.088370623,0.1484194
0b_baseline_best,file,13,baseline,8836,151.Black_capped_Vireo/Black_Capped_Vireo_0022_797459.jpg,151,150,151.Black_capped_Vireo,57,56,rotation,rotation,0,"{""angle"":13.892045}",0.0010871936,0.0041428697,0.0030556761,0.99891341,0.9958657,0.00011842483,0.00045001536,0.99879498,0.99541569,-0.0033792952,0.59082072,3.7688899,0.17037093,0.64210927,False,0.95894963,True,True,True,0.59082072,3.7688899,0.17037093,0.64210927,0.57555981,3.7777131,0.16664539,0.62953847,0.94910821,3.5681645,0.035433977,0.12643426,0.51952562,4.1668775,0.038644298,0.16102606,0.50288739,3.8347282,0.073966326,0.28364076,0.48051692,3.7470236,0.081779678,0.30643038,0.57507809,3.9137019,0.079429237,0.31086235,0.73065423,3.567715,0.088370623,0.3152812
0b_baseline_best,file,13,baseline,8836,151.Black_capped_Vireo/Black_Capped_Vireo_0022_797459.jpg,151,150,151.Black_capped_Vireo,57,56,random_resized_crop,random_resized_crop,0,"{""area_fraction"":0.669157,""aspect"":1.000385,""fallback"":false,""height"":0.817863,""left"":0.039502,""top"":0.041995,""width"":0.818178}",0.0010871936,0.019371608,0.018284415,0.99891341,0.98081481,0.00011842483,0.00037149416,0.99879498,0.98044332,-0.018351662,0.59689631,21.05663,0.17037093,3.5874376,False,0.94837356,True,True,True,0.59689631,21.05663,0.17037093,3.5874376,0.58611474,21.219912,0.16664539,3.5362005,0.90752155,17.049956,0.035433977,0.60414773,0.26948119,23.278668,0.038644298,0.89958776,0.58829161,19.917401,0.073966326,1.473217,0.5852803,24.993488,0.081779678,2.0439594,0.57786595,22.097748,0.079429237,1.7552073,0.70295919,17.036335,0.088370623,1.5055115
0b_baseline_best,file,13,baseline,8836,151.Black_capped_Vireo/Black_Capped_Vireo_0022_797459.jpg,151,150,151.Black_capped_Vireo,57,56,gaussian_blur,gaussian_blur,0,"{""sigma"":1.038091}",0.0010871936,0.0035676421,0.0024804485,0.99891341,0.99643874,0.00011842483,0.00042351891,0.99879498,0.99601522,-0.0027797597,0.74185516,3.4799948,0.17037093,0.59288994,False,0.98229676,True,True,True,0.74185516,3.4799948,0.17037093,0.59288994,0.7323731,3.4941672,0.16664539,0.58228684,0.97830299,3.1502712,0.035433977,0.11162664,0.74210251,4.6682168,0.038644298,0.18039996,0.54253945,3.4651095,0.073966326,0.25630142,0.6874146,3.644448,0.081779678,0.29804179,0.77856368,3.5235523,0.079429237,0.27987307,0.89826451,3.0713149,0.088370623,0.27141401
0b_baseline_best,file,13,baseline,8836,151.Black_capped_Vireo/Black_Capped_Vireo_0022_797459.jpg,151,150,151.Black_capped_Vireo,57,56,random_erasing,random_erasing,0,"{""area_fraction"":0.070747,""erased"":true,""height"":0.153515,""left"":0.369628,""top"":0.305093,""width"":0.46085}",0.0010871936,0.87929618,0.87820899,0.99891341,0.41507494,0.00011842483,0.034617949,0.99879498,0.380457,-0.61833799,0.61080551,627.80103,0.17037093,106.95904,False,0.87368429,True,True,True,0.61080551,627.80103,0.17037093,106.95904,0.60548389,635.32803,0.16664539,105.87449,0.83157645,428.77156,0.035433977,15.193081,0.62938588,865.24313,0.038644298,33.436713,0.6982733,651.78872,0.073966326,48.210417,0.59994959,667.06151,0.081779678,54.552076,0.57097495,669.76929,0.079429237,53.199264,0.58526443,501.11493,0.088370623,44.283838
0b_baseline_best,file,13,baseline,11647,198.Rock_Wren/Rock_Wren_0080_189340.jpg,198,197,198.Rock_Wren,150,149,identity,identity,0,{},1.1134899,1.1134899,0,0.32841083,0.32841083,0.28009546,0.28009546,0.048315376,0.048315376,0,1,1,124.05315,124.05315,False,1,True,True,True,1,1,124.05315,124.05315,1,1,122.59355,122.59355,1,1,18.973782,18.973782,1,1,51.377227,51.377227,1,1,61.683445,61.683445,1,1,62.537399,62.537399,1,1,51.930468,51.930468,1,1,44.463607,44.463607
0b_baseline_best,file,13,baseline,11647,198.Rock_Wren/Rock_Wren_0080_189340.jpg,198,197,198.Rock_Wren,150,149,horizontal_flip,horizontal_flip,0,"{""flipped"":true}",1.1134899,2.4767838,1.3632939,0.32841083,0.084012985,0.28009546,0.57071722,0.048315376,-0.48670423,-0.53501961,0.66118221,1.8001145,124.05315,223.30987,False,0.95038164,False,True,False,0.66118221,1.8001145,124.05315,223.30987,0.65578367,1.8059549,122.59355,221.39843,0.934529,1.5366127,18.973782,29.155354,0.74690701,1.6385832,51.377227,84.185861,0.62886789,1.8535303,61.683445,114.33214,0.64643417,1.8440459,62.537399,115.32183,0.616124,1.8993654,51.930468,98.634932,0.6821094,1.7172625,44.463607,76.355685
0b_baseline_best,file,13,baseline,11647,198.Rock_Wren/Rock_Wren_0080_189340.jpg,198,197,198.Rock_Wren,150,149,color_jitter,color_jitter,0,"{""brightness"":0.851351,""contrast"":1.177205,""hue"":-0.024933,""saturation"":1.345069}",1.1134899,2.5764756,1.4629858,0.32841083,0.076041527,0.28009546,0.40259075,0.048315376,-0.32654922,-0.3748646,0.8224505,1.5046028,124.05315,186.65071,False,0.9287042,False,True,False,0.8224505,1.5046028,124.05315,186.65071,0.82044824,1.5079686,122.59355,184.86723,0.91986695,1.3566582,18.973782,25.740938,0.83779035,1.6843739,51.377227,86.538459,0.80924469,1.4872336,61.683445,91.73769,0.82560614,1.5492274,62.537399,96.884653,0.81946729,1.412227,51.930468,73.337608,0.8230356,1.3317114,44.463607,59.212691
0b_baseline_best,file,13,baseline,11647,198.Rock_Wren/Rock_Wren_0080_189340.jpg,198,197,198.Rock_Wren,150,149,rotation,rotation,0,"{""angle"":10.627642}",1.1134899,2.5992455,1.4857557,0.32841083,0.07432963,0.28009546,0.025203947,0.048315376,0.049125683,0.00081030652,0.65270152,1.1899862,124.05315,147.62153,False,0.88530076,False,True,False,0.65270152,1.1899862,124.05315,147.62153,0.64874428,1.1861668,122.59355,145.4164,0.80368254,1.339754,18.973782,25.420201,0.75873656,1.1985965,51.377227,61.580565,0.67553834,1.159012,61.683445,71.491854,0.60617162,1.1315712,62.537399,70.765518,0.60091102,1.205149,51.930468,62.583952,0.60521312,1.2955215,44.463607,57.603558
0b_baseline_best,file,13,baseline,11647,198.Rock_Wren/Rock_Wren_0080_189340.jpg,198,197,198.Rock_Wren,150,149,random_resized_crop,random_resized_crop,0,"{""area_fraction"":0.611122,""aspect"":1.217711,""fallback"":false,""height"":0.708422,""left"":0.081593,""top"":0.134095,""width"":0.862653}",1.1134899,2.2017226,1.0882328,0.32841083,0.11061246,0.28009546,0.062912121,0.048315376,0.047700338,-0.00061503798,0.6036832,1.1419674,124.05315,141.66465,False,0.86434782,False,True,False,0.6036832,1.1419674,124.05315,141.66465,0.59859152,1.1382145,122.59355,139.53776,0.79594113,1.2889266,18.973782,24.455814,0.74648473,1.0895802,51.377227,55.979607,0.59267159,1.2321191,61.683445,76.001351,0.49912237,1.0157936,62.537399,63.525087,0.58302929,1.1227114,51.930468,58.302928,0.63001512,1.2574868,44.463607,55.912398
0b_baseline_best,file,13,baseline,11647,198.Rock_Wren/Rock_Wren_0080_189340.jpg,198,197,198.Rock_Wren,150,149,gaussian_blur,gaussian_blur,0,"{""sigma"":1.627343}",1.1134899,6.8908868,5.7773969,0.32841083,0.0010170116,0.28009546,0.0046644742,0.048315376,-0.0036474626,-0.051962839,0.34885549,1.0777513,124.05315,133.69844,False,0.69297612,False,True,False,0.34885549,1.0777513,124.05315,133.69844,0.34083328,1.0678126,122.59355,130.90694,0.61319476,1.4323992,18.973782,27.178031,0.56034963,0.92187879,51.377227,47.363576,0.15185468,0.83353341,61.683445,51.415212,0.33997285,1.0196481,62.537399,63.766138,0.36222915,1.2388597,51.930468,64.334563,0.3744015,1.4303441,44.463607,63.598259
0b_baseline_best,file,13,baseline,11647,198.Rock_Wren/Rock_Wren_0080_189340.jpg,198,197,198.Rock_Wren,150,149,random_erasing,random_erasing,0,"{""area_fraction"":0.094417,""erased"":true,""height"":0.214597,""left"":0.170978,""top"":0.187552,""width"":0.439975}",1.1134899,1.0358567,-0.077633142,0.32841083,0.35492218,0.28009546,0.093124032,0.048315376,0.26179814,0.21348277,0.79655719,0.76836033,124.05315,95.317517,False,0.95415026,True,True,True,0.79655719,0.76836033,124.05315,95.317517,0.79395586,0.7638929,122.59355,93.648344,0.90121351,0.93602709,18.973782,17.759974,0.79709373,0.52148542,51.377227,26.792475,0.82448917,0.73624081,61.683445,45.413869,0.79883364,0.77335791,62.537399,48.363792,0.79069341,0.8466728,51.930468,43.968115,0.80687346,0.93206083,44.463607,41.442787
0b_baseline_best,file,13,baseline,9326,159.Black_and_white_Warbler/Black_And_White_Warbler_0081_110906.jpg,159,158,159.Black_and_white_Warbler,99,98,identity,identity,0,{},0.025202908,0.025202908,0,0.97511202,0.97511202,0.0061686155,0.0061686155,0.96894341,0.96894341,0,1,1,3.875701,3.875701,False,0.99999994,True,True,True,1,1,3.875701,3.875701,1,1,3.8133718,3.8133718,1,1,0.69228194,0.69228194,1,1,0.68664934,0.68664934,1,1,1.6998636,1.6998636,1,1,2.0264146,2.0264146,1,1,1.8558245,1.8558245,1,1,1.9053452,1.9053452
0b_baseline_best,file,13,baseline,9326,159.Black_and_white_Warbler/Black_And_White_Warbler_0081_110906.jpg,159,158,159.Black_and_white_Warbler,99,98,horizontal_flip,horizontal_flip,0,"{""flipped"":true}",0.025202908,0.031470314,0.006267406,0.97511202,0.96901971,0.0061686155,0.0064510559,0.96894341,0.96256866,-0.0063747503,0.62724499,1.4262577,3.875701,5.5277484,False,0.96614325,True,True,True,0.62724499,1.4262577,3.875701,5.5277484,0.61641846,1.4262497,3.8133718,5.4388203,0.95569177,1.4265007,0.69228194,0.9875407,0.51560825,1.2812181,0.68664934,0.87974753,0.58497155,1.5643891,1.6998636,2.6592481,0.58085258,1.4337629,2.0264146,2.9053979,0.56037429,1.3990236,1.8558245,2.5963422,0.76045278,1.3435148,1.9053452,2.5598594
0b_baseline_best,file,13,baseline,9326,159.Black_and_white_Warbler/Black_And_White_Warbler_0081_110906.jpg,159,158,159.Black_and_white_Warbler,99,98,color_jitter,color_jitter,0,"{""brightness"":1.303172,""contrast"":1.065247,""hue"":0.01558,""saturation"":0.870441}",0.025202908,0.024586052,-0.00061685592,0.97511202,0.97571373,0.0061686155,0.0055830441,0.96894341,0.97013069,0.0011872803,0.8931144,1.000786,3.875701,3.8787474,False,0.98829412,True,True,True,0.8931144,1.000786,3.875701,3.8787474,0.89030947,1.0023232,3.8133718,3.822231,0.98373544,0.95296582,0.69228194,0.65972102,0.81931689,1.1074594,0.68664934,0.76043627,0.87671674,1.0493414,1.6998636,1.7837372,0.88101359,0.9626626,2.0264146,1.9507535,0.88721863,0.98978472,1.8558245,1.8368667,0.92697797,1.0054405,1.9053452,1.9157112
0b_baseline_best,file,13,baseline,9326,159.Black_and_white_Warbler/Black_And_White_Warbler_0081_110906.jpg,159,158,159.Black_and_white_Warbler,99,98,rotation,rotation,0,"{""angle"":-11.799102}",0.025202908,0.049108755,0.023905847,0.97511202,0.95207757,0.0061686155,0.010371107,0.96894341,0.94170646,-0.027236945,0.77089551,1.9383871,3.875701,7.5126089,False,0.96279329,True,True,True,0.77089551,1.9383871,3.875701,7.5126089,0.7655083,1.9441647,3.8133718,7.4138228,0.95604093,1.754054,0.69228194,1.2142999,0.6588137,1.7853239,0.68664934,1.2258914,0.76544886,1.8968299,1.6998636,3.2243521,0.75386738,1.9456048,2.0264146,3.942602,0.74405813,2.0291758,1.8558245,3.7657941,0.81466621,1.9169353,1.9053452,3.6524234
0b_baseline_best,file,13,baseline,9326,159.Black_and_white_Warbler/Black_And_White_Warbler_0081_110906.jpg,159,158,159.Black_and_white_Warbler,99,98,random_resized_crop,random_resized_crop,0,"{""area_fraction"":0.739945,""aspect"":0.979522,""fallback"":false,""height"":0.869146,""left"":0.127575,""top"":0.038829,""width"":0.851348}",0.025202908,0.057275999,0.032073092,0.97511202,0.94433337,0.0061686155,0.0075713997,0.96894341,0.93676197,-0.032181431,0.77017763,2.4277305,3.875701,9.4091577,False,0.96613091,True,True,True,0.77017763,2.4277305,3.875701,9.4091577,0.76540809,2.4343673,3.8133718,9.2831476,0.93236758,2.2169259,0.69228194,1.5347377,0.65831547,2.3818156,0.68664934,1.6354721,0.72715619,2.3829408,1.6998636,4.0506744,0.77270163,2.4703097,2.0264146,5.0058715,0.76602261,2.5523302,1.8558245,4.7366769,0.80346919,2.3235175,1.9053452,4.4271028
0b_baseline_best,file,13,baseline,9326,159.Black_and_white_Warbler/Black_And_White_Warbler_0081_110906.jpg,159,158,159.Black_and_white_Warbler,99,98,gaussian_blur,gaussian_blur,0,"{""sigma"":1.793537}",0.025202908,0.010699643,-0.014503265,0.97511202,0.98935741,0.0061686155,0.00075972604,0.96894341,0.98859769,0.01965428,0.54739653,0.4083186,3.875701,1.5825208,False,0.90923834,True,True,True,0.54739653,0.4083186,3.875701,1.5825208,0.53658752,0.40543559,3.8133718,1.5460766,0.82903362,0.48775989,0.69228194,0.33766736,0.33926427,0.31750661,0.68664934,0.2180157,0.35730734,0.35647429,1.6998636,0.60595767,0.61232261,0.42965842,2.0264146,0.87066607,0.51398689,0.42406096,1.8558245,0.78698272,0.62003328,0.40594078,1.9053452,0.77345729
0b_baseline_best,file,13,baseline,9326,159.Black_and_white_Warbler/Black_And_White_Warbler_0081_110906.jpg,159,158,159.Black_and_white_Warbler,99,98,random_erasing,random_erasing,0,"{""area_fraction"":0.140876,""erased"":true,""height"":0.512077,""left"":0.224834,""top"":0.4683,""width"":0.275106}",0.025202908,0.11661983,0.091416925,0.97511202,0.88992345,0.0061686155,0.011353759,0.96894341,0.87856969,-0.090373711,0.73963884,4.5467588,3.875701,17.621878,False,0.95402992,True,True,True,0.73963884,4.5467588,3.875701,17.621878,0.73449371,4.5479502,3.8133718,17.343025,0.89707726,4.5104598,0.69228194,3.1225099,0.82822635,4.7975914,0.68664934,3.294263,0.79730168,4.3102129,1.6998636,7.3267741,0.7387765,4.6452358,2.0264146,9.4131734,0.65456838,4.6171737,1.8558245,8.568664,0.74760684,4.5214496,1.9053452,8.6149221
0b_baseline_best,file,13,baseline,533,010.Red_winged_Blackbird/Red_Winged_Blackbird_0020_4050.jpg,10,9,010.Red_winged_Blackbird,26,25,identity,identity,0,{},0.0040136981,0.0040136981,0,0.99599433,0.99599433,0.00085847953,0.00085847953,0.99513585,0.99513585,0,1,1,0.50571529,0.50571529,False,1,True,True,True,1,1,0.50571529,0.50571529,1,1,0.49118826,0.49118826,1,1,0.12034139,0.12034139,1,1,0.093222325,0.093222325,1,1,0.17461719,0.17461719,1,1,0.21112552,0.21112552,1,1,0.23231954,0.23231954,1,1,0.32177318,0.32177318
0b_baseline_best,file,13,baseline,533,010.Red_winged_Blackbird/Red_Winged_Blackbird_0020_4050.jpg,10,9,010.Red_winged_Blackbird,26,25,horizontal_flip,horizontal_flip,0,"{""flipped"":true}",0.0040136981,0.0024554362,-0.0015582619,0.99599433,0.99754757,0.00085847953,0.00087036309,0.99513585,0.9966772,0.0015413539,0.61195052,0.69023347,0.50571529,0.34906162,False,0.97348344,True,True,True,0.61195052,0.69023347,0.50571529,0.34906162,0.59200002,0.69049439,0.49118826,0.33916273,0.94657179,0.68587217,0.12034139,0.082538809,0.14891003,0.88995056,0.093222325,0.08296326,0.51713613,0.7417341,0.17461719,0.12951952,0.59899027,0.77266808,0.21112552,0.16312995,0.50350519,0.67319829,0.23231954,0.15639712,0.72528791,0.62389555,0.32177318,0.20075286
0b_baseline_best,file,13,baseline,533,010.Red_winged_Blackbird/Red_Winged_Blackbird_0020_4050.jpg,10,9,010.Red_winged_Blackbird,26,25,color_jitter,color_jitter,0,"{""brightness"":1.391096,""contrast"":1.026073,""hue"":-0.053413,""saturation"":1.28437}",0.0040136981,0.084068999,0.080055301,0.99599433,0.91936779,0.00085847953,0.029669143,0.99513585,0.88969865,-0.1054372,0.64539151,25.016277,0.50571529,12.651114,False,0.9302243,True,True,True,0.64539151,25.016277,0.50571529,12.651114,0.63390502,25.158138,0.49118826,12.357382,0.8629078,22.521861,0.12034139,2.710312,0.43841123,30.921285,0.093222325,2.8825541,0.55349633,25.632789,0.17461719,4.4759255,0.59822651,27.616939,0.21112552,5.8306407,0.59260893,26.89355,0.23231954,6.2478974,0.73771683,22.265513,0.32177318,7.1644449
0b_baseline_best,file,13,baseline,533,010.Red_winged_Blackbird/Red_Winged_Blackbird_0020_4050.jpg,10,9,010.Red_winged_Blackbird,26,25,rotation,rotation,0,"{""angle"":1.729979}",0.0040136981,0.0031478875,-0.00086581055,0.99599433,0.99685705,0.00085847953,0.00076249224,0.99513585,0.99609455,0.00095870491,0.88640925,0.7893345,0.50571529,0.39917852,False,0.9941982,True,True,True,0.88640925,0.7893345,0.50571529,0.39917852,0.87982651,0.78787162,0.49118826,0.38699329,0.99306609,0.8133185,0.12034139,0.097875879,0.59956812,0.94901406,0.093222325,0.088469298,0.83074699,0.79064999,0.17461719,0.13806108,0.85983326,0.80998623,0.21112552,0.17100877,0.86615821,0.77552051,0.23231954,0.18016857,0.94206046,0.76864253,0.32177318,0.24732855
0b_baseline_best,file,13,baseline,533,010.Red_winged_Blackbird/Red_Winged_Blackbird_0020_4050.jpg,10,9,010.Red_winged_Blackbird,26,25,random_resized_crop,random_resized_crop,0,"{""area_fraction"":0.629987,""aspect"":1.18147,""fallback"":false,""height"":0.730221,""left"":0.093061,""top"":0.075679,""width"":0.862734}",0.0040136981,0.040680267,0.036666569,0.99599433,0.96013606,0.00085847953,0.0020054902,0.99513585,0.95813057,-0.037005284,0.6937498,10.725547,0.50571529,5.4240731,False,0.95783305,True,True,True,0.6937498,10.725547,0.50571529,5.4240731,0.68278731,10.841844,0.49118826,5.3253866,0.943694,8.5586911,0.12034139,1.0299648,0.70368627,12.228475,0.093222325,1.1399669,0.62955226,10.600049,0.17461719,1.8509507,0.64439611,10.346459,0.21112552,2.1844015,0.58551933,11.155288,0.23231954,2.5915915,0.76513542,10.831064,0.32177318,3.485146
0b_baseline_best,file,13,baseline,533,010.Red_winged_Blackbird/Red_Winged_Blackbird_0020_4050.jpg,10,9,010.Red_winged_Blackbird,26,25,gaussian_blur,gaussian_blur,0,"{""sigma"":1.375235}",0.0040136981,0.020430949,0.016417251,0.99599433,0.97977632,0.00085847953,0.002930023,0.99513585,0.9768463,-0.01828955,0.72251496,5.9834135,0.50571529,3.0259037,False,0.9717328,True,True,True,0.72251496,5.9834135,0.50571529,3.0259037,0.71259033,6.0573639,0.49118826,2.975306,0.96844655,4.5789885,0.12034139,0.55104183,0.52763294,8.0746921,0.093222325,0.75274157,0.64325918,7.0058287,0.17461719,1.2233381,0.65263681,6.6979193,0.21112552,1.4141017,0.69754391,6.307308,0.23231954,1.4653109,0.83099946,5.0518861,0.32177318,1.6255615
0b_baseline_best,file,13,baseline,533,010.Red_winged_Blackbird/Red_Winged_Blackbird_0020_4050.jpg,10,9,010.Red_winged_Blackbird,26,25,random_erasing,random_erasing,0,"{""area_fraction"":0.099651,""erased"":true,""height"":0.56287,""left"":0.776913,""top"":0.421578,""width"":0.177041}",0.0040136981,0.0096189594,0.0056052613,0.99599433,0.99042714,0.00085847953,0.0020210128,0.99513585,0.98840612,-0.0067297263,0.82792015,2.4323307,0.50571529,1.2300668,False,0.98551023,True,True,True,0.82792015,2.4323307,0.50571529,1.2300668,0.81849697,2.4295865,0.49118826,1.1933844,0.98201422,2.4776007,0.12034139,0.29815791,0.64886516,3.1708636,0.093222325,0.29559528,0.76986337,2.4802826,0.17461719,0.43309998,0.77197558,2.4864826,0.21112552,0.52495994,0.79638775,2.5098112,0.23231954,0.58307819,0.89441977,2.2702768,0.32177318,0.73051419
0b_baseline_best,file,13,baseline,11755,200.Common_Yellowthroat/Common_Yellowthroat_0009_190578.jpg,200,199,200.Common_Yellowthroat,153,152,identity,identity,0,{},0.051657699,0.051657699,0,0.94965386,0.94965386,0.0061756885,0.0061756885,0.94347818,0.94347818,0,1,1,7.0528748,7.0528748,False,1,True,True,True,1,1,7.0528748,7.0528748,1,1,6.9229326,6.9229326,1,1,1.3476079,1.3476079,1,1,1.2316575,1.2316575,1,1,2.7664416,2.7664416,1,1,3.5861996,3.5861996,1,1,3.5648399,3.5648399,1,1,3.6315156,3.6315156
0b_baseline_best,file,13,baseline,11755,200.Common_Yellowthroat/Common_Yellowthroat_0009_190578.jpg,200,199,200.Common_Yellowthroat,153,152,horizontal_flip,horizontal_flip,0,"{""flipped"":true}",0.051657699,0.10662523,0.05496753,0.94965386,0.89886248,0.0061756885,0.014893213,0.94347818,0.88396927,-0.059508908,0.58448526,2.2432564,7.0528748,15.821406,False,0.94699633,True,True,True,0.58448526,2.2432564,7.0528748,15.821406,0.57208111,2.2484311,6.9229326,15.565737,0.93590904,2.1020916,1.3476079,2.8327951,0.37285167,2.6100781,1.2316575,3.2147223,0.47673053,2.6881415,2.7664416,7.4365865,0.59747317,2.2414877,3.5861996,8.0384223,0.56191141,2.1507064,3.5648399,7.666924,0.67098652,2.0095565,3.6315156,7.2977359
0b_baseline_best,file,13,baseline,11755,200.Common_Yellowthroat/Common_Yellowthroat_0009_190578.jpg,200,199,200.Common_Yellowthroat,153,152,color_jitter,color_jitter,0,"{""brightness"":1.324882,""contrast"":1.116773,""hue"":-0.053219,""saturation"":1.387447}",0.051657699,2.5259216,2.4742639,0.94965386,0.079984561,0.0061756885,0.021756286,0.94347818,0.058228275,-0.8852499,0.59765711,19.0328,7.0528748,134.23595,False,0.85429353,False,True,False,0.59765711,19.0328,7.0528748,134.23595,0.58985526,19.108674,6.9229326,132.28806,0.8346904,16.907797,1.3476079,22.78508,0.52656606,16.763158,1.2316575,20.646469,0.59494635,18.549954,2.7664416,51.317364,0.61030911,20.519077,3.5861996,73.585508,0.55486932,19.670926,3.5648399,70.123701,0.61258465,17.64977,3.6315156,64.095413
0b_baseline_best,file,13,baseline,11755,200.Common_Yellowthroat/Common_Yellowthroat_0009_190578.jpg,200,199,200.Common_Yellowthroat,153,152,rotation,rotation,0,"{""angle"":-10.326624}",0.051657699,0.057709988,0.0060522892,0.94965386,0.94392365,0.0061756885,0.0021344537,0.94347818,0.9417892,-0.001688977,0.70119353,1.0496003,7.0528748,7.4026995,False,0.97227824,True,True,True,0.70119353,1.0496003,7.0528748,7.4026995,0.69120684,1.0496339,6.9229326,7.2665449,0.96498247,1.0487126,1.3476079,1.4132533,0.73674374,1.0368017,1.2316575,1.2769846,0.68421133,0.99654751,2.7664416,2.7568905,0.65837159,1.016269,3.5861996,3.6445436,0.66727198,1.1036007,3.5648399,3.9341598,0.74637981,1.0597603,3.6315156,3.8485359
0b_baseline_best,file,13,baseline,11755,200.Common_Yellowthroat/Common_Yellowthroat_0009_190578.jpg,200,199,200.Common_Yellowthroat,153,152,random_resized_crop,random_resized_crop,0,"{""area_fraction"":0.78148,""aspect"":0.807258,""fallback"":false,""height"":0.983904,""left"":0.006955,""top"":0.00777,""width"":0.794264}",0.051657699,0.6112088,0.5595511,0.94965386,0.54269445,0.0061756885,0.069359399,0.94347818,0.47333505,-0.47014313,0.70087295,8.0258964,7.0528748,56.605642,False,0.93904281,True,True,True,0.70087295,8.0258964,7.0528748,56.605642,0.69130811,7.9968465,6.9229326,55.361629,0.93414632,8.7577885,1.3476079,11.802065,0.60505891,7.2528983,1.2316575,8.9330865,0.66096418,7.7079978,2.7664416,21.323726,0.69746482,7.9178817,3.5861996,28.395104,0.67105671,8.3582863,3.5648399,29.795952,0.73323155,7.9634344,3.6315156,28.919336
0b_baseline_best,file,13,baseline,11755,200.Common_Yellowthroat/Common_Yellowthroat_0009_190578.jpg,200,199,200.Common_Yellowthroat,153,152,gaussian_blur,gaussian_blur,0,"{""sigma"":1.916883}",0.051657699,1.5956801,1.5440224,0.94965386,0.20277058,0.0061756885,0.032606721,0.94347818,0.17016385,-0.77331432,0.37737248,18.232459,7.0528748,128.59125,False,0.78996491,True,True,True,0.37737248,18.232459,7.0528748,128.59125,0.36583288,18.361456,6.9229326,127.11512,0.77600505,14.41681,1.3476079,19.428206,0.025511492,30.125773,1.2316575,37.104634,0.24103454,20.222414,2.7664416,55.944126,0.34802096,20.442694,3.5861996,73.311582,0.44788407,17.981924,3.5648399,64.102679,0.53001094,12.821626,3.6315156,46.561934
0b_baseline_best,file,13,baseline,11755,200.Common_Yellowthroat/Common_Yellowthroat_0009_190578.jpg,200,199,200.Common_Yellowthroat,153,152,random_erasing,random_erasing,0,"{""area_fraction"":0.15454,""erased"":true,""height"":0.615275,""left"":0.264928,""top"":0.081822,""width"":0.251172}",0.051657699,0.053010747,0.0013530478,0.94965386,0.9483698,0.0061756885,0.0011534055,0.94347818,0.9472164,0.0037382201,0.85370666,0.90013766,7.0528748,6.3485582,False,0.96579123,True,True,True,0.85370666,0.90013766,7.0528748,6.3485582,0.84943991,0.89671473,6.9229326,6.2078956,0.95980281,0.98618709,1.3476079,1.3289935,0.80550234,0.89345182,1.2316575,1.1004266,0.78317536,0.80696804,2.7664416,2.23243,0.85836519,0.88854963,3.5861996,3.1865164,0.85269357,0.91330963,3.5648399,3.2558026,0.87942183,0.93742786,3.6315156,3.4042839
0b_baseline_best,file,13,baseline,5637,097.Orchard_Oriole/Orchard_Oriole_0005_91682.jpg,97,96,097.Orchard_Oriole,82,81,identity,identity,0,{},0.73627245,0.73627245,0,0.47889569,0.47889569,0.086511143,0.086511143,0.39238455,0.39238455,0,1,1,61.80843,61.80843,False,1,True,True,True,1,1,61.80843,61.80843,1,1,60.705894,60.705894,1,1,11.622239,11.622239,1,1,14.553384,14.553384,1,1,22.480944,22.480944,1,1,29.202659,29.202659,1,1,30.513166,30.513166,1,1,34.411671,34.411671
0b_baseline_best,file,13,baseline,5637,097.Orchard_Oriole/Orchard_Oriole_0005_91682.jpg,97,96,097.Orchard_Oriole,82,81,horizontal_flip,horizontal_flip,0,"{""flipped"":true}",0.73627245,0.15668537,-0.57958709,0.47889569,0.85497302,0.086511143,0.0093057295,0.39238455,0.84566729,0.45328274,0.6844529,0.28036958,61.80843,17.329204,False,0.96373099,True,True,True,0.6844529,0.28036958,61.80843,17.329204,0.67318432,0.27850525,60.705894,16.90691,0.95468787,0.32715947,11.622239,3.8023255,0.52275091,0.23336936,14.553384,3.3963139,0.54865141,0.2666434,22.480944,5.9943953,0.693585,0.27265602,29.202659,7.9622808,0.63245575,0.27681318,30.513166,8.4464465,0.76180892,0.29583432,34.411671,10.180153
0b_baseline_best,file,13,baseline,5637,097.Orchard_Oriole/Orchard_Oriole_0005_91682.jpg,97,96,097.Orchard_Oriole,82,81,color_jitter,color_jitter,0,"{""brightness"":1.058519,""contrast"":0.827197,""hue"":-0.094598,""saturation"":0.762045}",0.73627245,4.4473472,3.7110747,0.47889569,0.011709589,0.086511143,0.040520132,0.39238455,-0.028810543,-0.42119509,0.33998979,1.6579603,61.80843,102.47592,False,0.76043153,False,True,False,0.33998979,1.6579603,61.80843,102.47592,0.32493245,1.6374621,60.705894,99.403598,0.6657028,2.1428411,11.622239,24.904611,0.27775722,1.3329612,14.553384,19.399097,0.18655305,1.6232745,22.480944,36.492742,0.37448175,1.6657349,29.202659,48.643889,0.36901371,1.6584507,30.513166,50.604584,0.32008542,1.6556443,34.411671,56.973487
0b_baseline_best,file,13,baseline,5637,097.Orchard_Oriole/Orchard_Oriole_0005_91682.jpg,97,96,097.Orchard_Oriole,82,81,rotation,rotation,0,"{""angle"":-12.24497}",0.73627245,0.84398431,0.10771185,0.47889569,0.4299939,0.086511143,0.10646497,0.39238455,0.32352893,-0.068855621,0.75758306,1.0574238,61.80843,65.357707,False,0.95825517,True,True,True,0.75758306,1.0574238,61.80843,65.357707,0.75008707,1.0521725,60.705894,63.873074,0.94378557,1.1917981,11.622239,13.851362,0.74150943,0.86893885,14.553384,12.646001,0.5920543,0.96190389,22.480944,21.624507,0.71887689,1.0122331,29.202659,29.559899,0.7607963,1.1134366,30.513166,33.974477,0.82771699,1.0966704,34.411671,37.73826
0b_baseline_best,file,13,baseline,5637,097.Orchard_Oriole/Orchard_Oriole_0005_91682.jpg,97,96,097.Orchard_Oriole,82,81,random_resized_crop,random_resized_crop,0,"{""area_fraction"":0.524403,""aspect"":0.799085,""fallback"":false,""height"":0.810096,""left"":0.132067,""top"":0.103706,""width"":0.647335}",0.73627245,0.29891002,-0.43736243,0.47889569,0.74162614,0.086511143,0.034803081,0.39238455,0.70682306,0.31443851,0.69088876,0.51023677,61.80843,31.536934,False,0.95323634,True,True,True,0.69088876,0.51023677,61.80843,31.536934,0.68025231,0.50611706,60.705894,30.724288,0.94283413,0.61202556,11.622239,7.1131072,0.55724087,0.40795383,14.553384,5.9371087,0.54089025,0.52699004,22.480944,11.847234,0.64579041,0.49797456,29.202659,14.542182,0.70585044,0.50299225,30.513166,15.347886,0.76476242,0.52092918,34.411671,17.926044
0b_baseline_best,file,13,baseline,5637,097.Orchard_Oriole/Orchard_Oriole_0005_91682.jpg,97,96,097.Orchard_Oriole,82,81,gaussian_blur,gaussian_blur,0,"{""sigma"":1.45218}",0.73627245,2.1136489,1.3773764,0.47889569,0.12079639,0.086511143,0.040488336,0.39238455,0.080308054,-0.3120765,0.49320572,2.6223527,61.80843,162.0835,False,0.90386522,False,True,False,0.49320572,2.6223527,61.80843,162.0835,0.48350689,2.6354142,60.705894,159.98517,0.81141829,2.2367692,11.622239,25.996266,0.4455382,2.5205417,14.553384,36.682411,0.40612903,3.175825,22.480944,71.395544,0.48114715,3.0585905,29.202659,89.318975,0.49605006,2.6071188,30.513166,79.551449,0.56231748,2.022958,34.411671,69.613366
0b_baseline_best,file,13,baseline,5637,097.Orchard_Oriole/Orchard_Oriole_0005_91682.jpg,97,96,097.Orchard_Oriole,82,81,random_erasing,random_erasing,0,"{""area_fraction"":0.17666,""erased"":true,""height"":0.39581,""left"":0.112804,""top"":0.58169,""width"":0.446325}",0.73627245,0.72464973,-0.011622727,0.47889569,0.48449424,0.086511143,0.22502901,0.39238455,0.25946523,-0.13291932,0.84357326,1.0853996,61.80843,67.086843,False,0.95162851,True,True,True,0.84357326,1.0853996,61.80843,67.086843,0.84088866,1.0835381,60.705894,65.777152,0.91436933,1.1350064,11.622239,13.191315,0.84446702,1.2642394,14.553384,18.398961,0.83734869,1.139332,22.480944,25.613259,0.8447176,1.0762333,29.202659,31.428875,0.84499062,1.0885274,30.513166,33.214419,0.83954526,1.0237592,34.411671,35.229264
0b_baseline_best,file,13,baseline,2487,044.Frigatebird/Frigatebird_0080_43064.jpg,44,43,044.Frigatebird,23,22,identity,identity,0,{},0.0021500108,0.0021500108,0,0.99785233,0.99785233,0.00034705535,0.00034705535,0.99750527,0.99750527,0,1,1,0.43300678,0.43300678,False,0.99999994,True,True,True,1,1,0.43300678,0.43300678,1,1,0.42757316,0.42757316,1,1,0.068381724,0.068381724,1,1,0.073451746,0.073451746,1,1,0.19643285,0.19643285,1,1,0.20715967,0.20715967,1,1,0.21219549,0.21219549,1,1,0.22560082,0.22560082
0b_baseline_best,file,13,baseline,2487,044.Frigatebird/Frigatebird_0080_43064.jpg,44,43,044.Frigatebird,23,22,horizontal_flip,horizontal_flip,0,"{""flipped"":true}",0.0021500108,0.0024273712,0.00027736044,0.99785233,0.99757558,0.00034705535,0.00093616633,0.99750527,0.99663941,-0.00086585534,0.70819479,1.0952194,0.43300678,0.47423744,False,0.97021866,True,True,True,0.70819479,1.0952194,0.43300678,0.47423744,0.70135451,1.0903782,0.42757316,0.46621646,0.94580262,1.2701132,0.068381724,0.086852527,0.53241787,1.392274,0.073451746,0.10226495,0.73145862,1.0835757,0.19643285,0.21284985,0.72843473,1.0940904,0.20715967,0.22665142,0.61871472,1.0262633,0.21219549,0.21776846,0.75057676,1.1108141,0.22560082,0.25060056
0b_baseline_best,file,13,baseline,2487,044.Frigatebird/Frigatebird_0080_43064.jpg,44,43,044.Frigatebird,23,22,color_jitter,color_jitter,0,"{""brightness"":1.076325,""contrast"":0.91505,""hue"":-0.01049,""saturation"":1.158916}",0.0021500108,0.0066501023,0.0045000915,0.99785233,0.99337196,0.00034705535,0.00091826019,0.99750527,0.9924537,-0.0050515668,0.94557595,3.2358068,0.43300678,1.4011263,False,0.99176961,True,True,True,0.94557595,3.2358068,0.43300678,1.4011263,0.9446643,3.2416523,0.42757316,1.3860435,0.98692358,2.9983493,0.068381724,0.20503229,0.88817453,3.429145,0.073451746,0.25187669,0.92915513,3.2944715,0.19643285,0.64714244,0.95118665,3.4070676,0.20715967,0.70580701,0.94604336,3.1924261,0.21219549,0.67741844,0.95932946,3.0768244,0.22560082,0.6941341
0b_baseline_best,file,13,baseline,2487,044.Frigatebird/Frigatebird_0080_43064.jpg,44,43,044.Frigatebird,23,22,rotation,rotation,0,"{""angle"":5.921578}",0.0021500108,0.0019534808,-0.00019653002,0.99785233,0.99804842,0.00034705535,0.00039749511,0.99750527,0.99765093,0.00014565952,0.8495079,0.93137498,0.43300678,0.40329168,False,0.98295116,True,True,True,0.8495079,0.93137498,0.43300678,0.40329168,0.84612189,0.93087647,0.42757316,0.39801779,0.979318,0.95066021,0.068381724,0.065007784,0.76905911,0.94290562,0.073451746,0.069258064,0.85577625,0.91148566,0.19643285,0.17904573,0.84519375,0.99682757,0.20715967,0.20650247,0.81722473,0.92809413,0.21219549,0.19693739,0.87785344,0.88803303,0.22560082,0.20034098
0b_baseline_best,file,13,baseline,2487,044.Frigatebird/Frigatebird_0080_43064.jpg,44,43,044.Frigatebird,23,22,random_resized_crop,random_resized_crop,0,"{""area_fraction"":0.662676,""aspect"":1.158102,""fallback"":false,""height"":0.756445,""left"":0.042753,""top"":0.179115,""width"":0.87604}",0.0021500108,0.0066267732,0.0044767624,0.99785233,0.99339515,0.00034705535,0.0015093593,0.99750527,0.99188579,-0.0056194797,0.73099974,3.2430775,0.43300678,1.4042745,False,0.9494338,True,True,True,0.73099974,3.2430775,0.43300678,1.4042745,0.72551515,3.2422921,0.42757316,1.3863171,0.94340931,3.2736378,0.068381724,0.22385699,0.58822885,3.773771,0.073451746,0.27719007,0.71054985,3.567815,0.19643285,0.70083607,0.71713683,3.0758521,0.20715967,0.63719251,0.70403222,3.1917686,0.21219549,0.6772789,0.78849833,3.1001285,0.22560082,0.69939152
0b_baseline_best,file,13,baseline,2487,044.Frigatebird/Frigatebird_0080_43064.jpg,44,43,044.Frigatebird,23,22,gaussian_blur,gaussian_blur,0,"{""sigma"":1.033653}",0.0021500108,0.0083117997,0.0061617889,0.99785233,0.99172264,0.00034705535,0.00020176994,0.99750527,0.99152087,-0.0059843967,0.72490564,4.2718698,0.43300678,1.8497486,False,0.9524461,True,True,True,0.72490564,4.2718698,0.43300678,1.8497486,0.72058109,4.2884432,0.42757316,1.8336232,0.94053402,3.5639979,0.068381724,0.24371232,0.54367902,4.7330857,0.073451746,0.34765341,0.69211352,4.3759897,0.19643285,0.85958813,0.69945495,4.5531191,0.20715967,0.94322266,0.71223098,4.3408472,0.21219549,0.9211082,0.80267674,3.8752003,0.22560082,0.87424834
0b_baseline_best,file,13,baseline,2487,044.Frigatebird/Frigatebird_0080_43064.jpg,44,43,044.Frigatebird,23,22,random_erasing,random_erasing,0,"{""area_fraction"":0.123997,""erased"":true,""height"":0.43299,""left"":0.336634,""top"":0.519832,""width"":0.286374}",0.0021500108,0.010965328,0.0088153169,0.99785233,0.98909456,0.00034705535,0.0011840418,0.99750527,0.98791051,-0.0095947566,0.85213564,4.4210889,0.43300678,1.9143615,False,0.97850335,True,True,True,0.85213564,4.4210889,0.43300678,1.9143615,0.84882133,4.4145893,0.42757316,1.8875599,0.97597076,4.6681137,0.068381724,0.31921366,0.81715866,4.5175486,0.073451746,0.33182183,0.86261017,4.2855037,0.19643285,0.84181371,0.83078261,4.2377519,0.20715967,0.87789129,0.83540164,4.4959349,0.21219549,0.95401711,0.86959718,4.5707146,0.22560082,1.0311569
0b_baseline_best,file,13,baseline,7243,124.Le_Conte_Sparrow/Le_Conte_Sparrow_0078_117052.jpg,124,123,124.Le_Conte_Sparrow,123,122,identity,identity,0,{},0.031924073,0.031924073,0,0.96858013,0.96858013,0.012319688,0.012319688,0.95626044,0.95626044,0,1,1,5.6569607,5.6569607,False,0.99999994,True,True,True,1,1,5.6569607,5.6569607,1,1,5.5726089,5.5726089,1,1,0.97325943,0.97325943,1,1,1.1603537,1.1603537,1,1,3.0302044,3.0302044,1,1,3.2534087,3.2534087,1,1,2.3863187,2.3863187,1,1,2.0606372,2.0606372
0b_baseline_best,file,13,baseline,7243,124.Le_Conte_Sparrow/Le_Conte_Sparrow_0078_117052.jpg,124,123,124.Le_Conte_Sparrow,123,122,horizontal_flip,horizontal_flip,0,"{""flipped"":true}",0.031924073,0.058908895,0.026984822,0.96858013,0.94279265,0.012319688,0.01877301,0.95626044,0.92401964,-0.032240795,0.6780383,1.3657749,5.6569607,7.726135,False,0.97627717,True,True,True,0.6780383,1.3657749,5.6569607,7.726135,0.66916872,1.3490478,5.5726089,7.5177159,0.92286109,1.8314181,0.97325943,1.7824449,0.70648357,1.1772473,1.1603537,1.3660232,0.7336083,1.3044404,3.0302044,3.9527209,0.65038609,1.2084171,3.2534087,3.9314746,0.59874239,1.4167652,2.3863187,3.3808533,0.6932991,1.6908165,2.0606372,3.4841595
0b_baseline_best,file,13,baseline,7243,124.Le_Conte_Sparrow/Le_Conte_Sparrow_0078_117052.jpg,124,123,124.Le_Conte_Sparrow,123,122,color_jitter,color_jitter,0,"{""brightness"":1.139963,""contrast"":0.882691,""hue"":0.024947,""saturation"":0.977952}",0.031924073,0.21609111,0.18416704,0.96858013,0.80566192,0.012319688,0.025287854,0.95626044,0.78037406,-0.17588638,0.84651108,7.7263258,5.6569607,43.707521,False,0.98673397,True,True,True,0.84651108,7.7263258,5.6569607,43.707521,0.84547405,7.7604071,5.5726089,43.245714,0.89978159,6.5109546,0.97325943,6.3368479,0.9118968,7.5705944,1.1603537,8.7845671,0.88195265,8.2671847,3.0302044,25.051259,0.86252915,7.6036144,3.2534087,24.737665,0.80239137,7.7177268,2.3863187,18.416956,0.75663579,7.1044592,2.0606372,14.639713
0b_baseline_best,file,13,baseline,7243,124.Le_Conte_Sparrow/Le_Conte_Sparrow_0078_117052.jpg,124,123,124.Le_Conte_Sparrow,123,122,rotation,rotation,0,"{""angle"":-11.10264}",0.031924073,0.033959936,0.0020358637,0.96858013,0.96661025,0.012319688,0.0092428569,0.95626044,0.9573674,0.001106957,0.84838748,1.0528015,5.6569607,5.9556568,False,0.98050797,True,True,True,0.84838748,1.0528015,5.6569607,5.9556568,0.84449726,1.0519918,5.5726089,5.8623387,0.97299445,1.0790121,0.97325943,1.0501587,0.87160217,1.1479545,1.1603537,1.3320332,0.88005272,1.0565783,3.0302044,3.2016482,0.85538006,1.0429524,3.2534087,3.3931503,0.79139822,1.0520434,2.3863187,2.510511,0.80279571,1.0324204,2.0606372,2.1274438
0b_baseline_best,file,13,baseline,7243,124.Le_Conte_Sparrow/Le_Conte_Sparrow_0078_117052.jpg,124,123,124.Le_Conte_Sparrow,123,122,random_resized_crop,random_resized_crop,0,"{""area_fraction"":0.787148,""aspect"":1.090784,""fallback"":false,""height"":0.849491,""left"":0.0268,""top"":0.073604,""width"":0.926611}",0.031924073,0.080772921,0.048848849,0.96858013,0.92240316,0.012319688,0.048939474,0.95626044,0.87346368,-0.082796756,0.80691575,2.8421877,5.6569607,16.078144,False,0.97628999,True,True,True,0.80691575,2.8421877,5.6569607,16.078144,0.80293187,2.8469807,5.5726089,15.86511,0.94707191,2.6803123,0.97325943,2.6086393,0.73214751,2.8247855,1.1603537,3.2777503,0.84407211,2.7203502,3.0302044,8.2432172,0.82104153,3.0027092,3.2534087,9.7690402,0.74445996,2.8298907,2.3863187,6.7530212,0.77477468,2.7439095,2.0606372,5.6542022
0b_baseline_best,file,13,baseline,7243,124.Le_Conte_Sparrow/Le_Conte_Sparrow_0078_117052.jpg,124,123,124.Le_Conte_Sparrow,123,122,gaussian_blur,gaussian_blur,0,"{""sigma"":1.121187}",0.031924073,0.070931703,0.03900763,0.96858013,0.93152553,0.012319688,0.037944704,0.95626044,0.89358082,-0.062679615,0.76420134,2.6960447,5.6569607,15.251419,False,0.96553218,True,True,True,0.76420134,2.6960447,5.6569607,15.251419,0.75990936,2.707602,5.5726089,15.088407,0.94168294,2.2850048,0.97325943,2.2239025,0.81071115,2.5629855,1.1603537,2.9739697,0.80834908,2.6041547,3.0302044,7.8911209,0.76165353,2.9555285,3.2534087,9.615542,0.67748215,2.6462366,2.3863187,6.314764,0.76256521,2.3878304,2.0606372,4.9204523
0b_baseline_best,file,13,baseline,7243,124.Le_Conte_Sparrow/Le_Conte_Sparrow_0078_117052.jpg,124,123,124.Le_Conte_Sparrow,123,122,random_erasing,random_erasing,0,"{""area_fraction"":0.182002,""erased"":true,""height"":0.446789,""left"":0.502944,""top"":0.231008,""width"":0.407355}",0.031924073,0.050055094,0.018131021,0.96858013,0.951177,0.012319688,0.0075918925,0.95626044,0.94358511,-0.012675331,0.9221897,1.391028,5.6569607,7.8689908,False,0.99025428,True,True,True,0.9221897,1.391028,5.6569607,7.8689908,0.92092797,1.3899898,5.5726089,7.7458693,0.96281896,1.4246475,0.97325943,1.3865516,0.94283949,1.3303589,1.1603537,1.5436869,0.95383186,1.4260445,3.0302044,4.3212062,0.93237951,1.3598201,3.2534087,4.4240506,0.88263944,1.3328141,2.3863187,3.1805193,0.87005082,1.4763228,2.0606372,3.0421657
0b_baseline_best,file,13,baseline,3438,060.Glaucous_winged_Gull/Glaucous_Winged_Gull_0093_44724.jpg,60,59,060.Glaucous_winged_Gull,64,63,identity,identity,0,{},1.0062616,1.0062616,0,0.36558315,0.36558315,0.26948372,0.26948372,0.096099436,0.096099436,0,1,1,104.37381,104.37381,False,1,True,True,True,1,1,104.37381,104.37381,1,1,102.29479,102.29479,1,1,20.728447,20.728447,1,1,14.333863,14.333863,1,1,36.196942,36.196942,1,1,59.271314,59.271314,1,1,53.497449,53.497449,1,1,50.72948,50.72948
0b_baseline_best,file,13,baseline,3438,060.Glaucous_winged_Gull/Glaucous_Winged_Gull_0093_44724.jpg,60,59,060.Glaucous_winged_Gull,64,63,horizontal_flip,horizontal_flip,0,"{""flipped"":true}",1.0062616,0.60075217,-0.40550941,0.36558315,0.54839897,0.26948372,0.28930995,0.096099436,0.25908902,0.16298959,0.77631692,0.86570186,104.37381,90.356603,False,0.96548891,True,True,True,0.77631692,0.86570186,104.37381,90.356603,0.7694368,0.86674402,102.29479,88.663397,0.9495963,0.8399218,20.728447,17.410274,0.70071711,1.0170743,14.333863,14.578604,0.67167316,0.8833175,36.196942,31.973392,0.81721277,0.87801017,59.271314,52.040817,0.76369499,0.86328985,53.497449,46.183805,0.7685364,0.8328751,50.72948,42.251321
0b_baseline_best,file,13,baseline,3438,060.Glaucous_winged_Gull/Glaucous_Winged_Gull_0093_44724.jpg,60,59,060.Glaucous_winged_Gull,64,63,color_jitter,color_jitter,0,"{""brightness"":0.804989,""contrast"":0.934494,""hue"":-0.017592,""saturation"":1.345848}",1.0062616,2.4399028,1.4336412,0.36558315,0.087169349,0.26948372,0.086385809,0.096099436,0.00078354031,-0.095315896,0.780392,1.3417306,104.37381,140.04153,False,0.9544065,False,True,False,0.780392,1.3417306,104.37381,140.04153,0.77558978,1.3450953,102.29479,137.59624,0.90726658,1.2570076,20.728447,26.055814,0.58358922,1.1950835,14.333863,17.130164,0.78278754,1.5165157,36.196942,54.89323,0.8038697,1.3297023,59.271314,78.813205,0.7625285,1.3102215,53.497449,70.093507,0.7649443,1.3225533,50.72948,67.09244
0b_baseline_best,file,13,baseline,3438,060.Glaucous_winged_Gull/Glaucous_Winged_Gull_0093_44724.jpg,60,59,060.Glaucous_winged_Gull,64,63,rotation,rotation,0,"{""angle"":11.224906}",1.0062616,1.068166,0.06190443,0.36558315,0.34363815,0.26948372,0.066483833,0.096099436,0.27715432,0.18105488,0.67729979,0.9580165,104.37381,99.991834,False,0.94808686,False,True,False,0.67729979,0.9580165,104.37381,99.991834,0.66853463,0.9556071,102.29479,97.753628,0.87946811,1.014931,20.728447,21.037944,0.65393999,1.4156603,14.333863,20.291882,0.49224548,1.0605628,36.196942,38.38913,0.69818862,0.89768349,59.271314,53.206881,0.70809743,0.96925289,53.497449,51.852557,0.69916576,0.91415967,50.72948,46.374845
0b_baseline_best,file,13,baseline,3438,060.Glaucous_winged_Gull/Glaucous_Winged_Gull_0093_44724.jpg,60,59,060.Glaucous_winged_Gull,64,63,random_resized_crop,random_resized_crop,0,"{""area_fraction"":0.522138,""aspect"":0.824865,""fallback"":false,""height"":0.795612,""left"":0.056322,""top"":0.200215,""width"":0.656272}",1.0062616,1.9761219,0.96986032,0.36558315,0.13860571,0.26948372,0.24959406,0.096099436,-0.11098835,-0.20708779,0.53894057,1.4366107,104.37381,149.94453,False,0.85457408,False,True,False,0.53894057,1.4366107,104.37381,149.94453,0.53152304,1.4509555,102.29479,148.42519,0.82565155,1.0271615,20.728447,21.291463,0.29567603,2.2022421,14.333863,31.566638,0.46794943,1.6344604,36.196942,59.162469,0.58473391,1.5448643,59.271314,91.566135,0.50435754,1.3322223,53.497449,71.270493,0.56788391,1.2575132,50.72948,63.79299
0b_baseline_best,file,13,baseline,3438,060.Glaucous_winged_Gull/Glaucous_Winged_Gull_0093_44724.jpg,60,59,060.Glaucous_winged_Gull,64,63,gaussian_blur,gaussian_blur,0,"{""sigma"":1.128844}",1.0062616,0.94006211,-0.066199481,0.36558315,0.39060357,0.26948372,0.048945762,0.096099436,0.34165781,0.24555837,0.64753111,1.0636409,104.37381,111.01625,False,0.90980303,True,True,True,0.64753111,1.0636409,104.37381,111.01625,0.64345665,1.0741801,102.29479,109.88303,0.82423332,0.7632878,20.728447,15.821771,0.53569405,1.1655802,14.333863,16.707268,0.60006282,1.2809942,36.196942,46.368071,0.67850998,1.0860624,59.271314,64.372348,0.62694136,1.0049322,53.497449,53.761309,0.65788534,1.0072771,50.72948,51.098644
0b_baseline_best,file,13,baseline,3438,060.Glaucous_winged_Gull/Glaucous_Winged_Gull_0093_44724.jpg,60,59,060.Glaucous_winged_Gull,64,63,random_erasing,random_erasing,0,"{""area_fraction"":0.13252,""erased"":true,""height"":0.204326,""left"":0.263823,""top"":0.435674,""width"":0.648573}",1.0062616,2.3599482,1.3536866,0.36558315,0.094425119,0.26948372,0.43855205,0.096099436,-0.34412693,-0.44022637,0.72859391,1.4993544,104.37381,156.49333,False,0.8787691,False,True,False,0.72859391,1.4993544,104.37381,156.49333,0.72340691,1.5052981,102.29479,153.98416,0.87418471,1.3465231,20.728447,27.911331,0.59782787,1.4061134,14.333863,20.155038,0.72180459,1.7367801,36.196942,62.866129,0.74967359,1.4600266,59.271314,86.537694,0.72380391,1.4718042,53.497449,78.737768,0.70341599,1.4835907,50.72948,75.261787
0b_baseline_best,file,13,baseline,2254,040.Olive_sided_Flycatcher/Olive_Sided_Flycatcher_0086_30553.jpg,40,39,040.Olive_sided_Flycatcher,33,32,identity,identity,0,{},1.0608623,1.0608623,0,0.34615719,0.34615719,0.10222035,0.10222035,0.24393684,0.24393684,0,1,1,128.29095,128.29095,False,1.0000001,True,True,True,1,1,128.29095,128.29095,1,1,126.86215,126.86215,1,1,19.093535,19.093535,1,1,38.284542,38.284542,1,1,66.527254,66.527254,1,1,62.752459,62.752459,1,1,60.45234,60.45234,1,1,51.088815,51.088815
0b_baseline_best,file,13,baseline,2254,040.Olive_sided_Flycatcher/Olive_Sided_Flycatcher_0086_30553.jpg,40,39,040.Olive_sided_Flycatcher,33,32,horizontal_flip,horizontal_flip,0,"{""flipped"":true}",1.0608623,0.27774265,-0.78311965,0.34615719,0.75749171,0.10222035,0.0014836788,0.24393684,0.75600803,0.51207118,0.49048406,0.35120754,128.29095,45.056749,False,0.93779111,True,True,True,0.49048406,0.35120754,128.29095,45.056749,0.47941235,0.34932417,126.86215,44.316016,0.90061114,0.42613504,19.093535,8.1364245,0.27548186,0.39501917,38.284542,15.123128,0.50720089,0.30821696,66.527254,20.504828,0.46567308,0.36177932,62.752459,22.702542,0.44050916,0.35620005,60.45234,21.533127,0.64853806,0.35861736,51.088815,18.321336
0b_baseline_best,file,13,baseline,2254,040.Olive_sided_Flycatcher/Olive_Sided_Flycatcher_0086_30553.jpg,40,39,040.Olive_sided_Flycatcher,33,32,color_jitter,color_jitter,0,"{""brightness"":0.643702,""contrast"":0.993171,""hue"":0.020503,""saturation"":0.960713}",1.0608623,1.4959023,0.43504,0.34615719,0.22404636,0.10222035,0.0039774072,0.24393684,0.22006896,-0.023867887,0.65718479,1.2004936,128.29095,154.01247,False,0.9205817,True,True,True,0.65718479,1.2004936,128.29095,154.01247,0.65230808,1.1996001,126.86215,152.18385,0.86591653,1.2392974,19.093535,23.662568,0.48829057,1.3493876,38.284542,51.660686,0.61548082,1.2300335,66.527254,81.830753,0.63735881,1.2059037,62.752459,75.67342,0.73054614,1.0918975,60.45234,66.007758,0.75041207,1.1924474,51.088815,60.920724
0b_baseline_best,file,13,baseline,2254,040.Olive_sided_Flycatcher/Olive_Sided_Flycatcher_0086_30553.jpg,40,39,040.Olive_sided_Flycatcher,33,32,rotation,rotation,0,"{""angle"":10.942002}",1.0608623,2.8074675,1.7466052,0.34615719,0.060357649,0.10222035,0.022143167,0.24393684,0.038214482,-0.20572236,0.59050046,1.9614684,128.29095,251.63864,False,0.8966009,False,True,False,0.59050046,1.9614684,128.29095,251.63864,0.5866546,1.9712756,126.86215,250.08026,0.84485886,1.4644725,19.093535,27.961957,0.55606685,2.2143956,38.284542,84.777119,0.657989,2.1260878,66.527254,141.44278,0.54691424,2.0695661,62.752459,129.87036,0.54206408,1.8111333,60.45234,109.48725,0.62445614,1.5772545,51.088815,80.580063
0b_baseline_best,file,13,baseline,2254,040.Olive_sided_Flycatcher/Olive_Sided_Flycatcher_0086_30553.jpg,40,39,040.Olive_sided_Flycatcher,33,32,random_resized_crop,random_resized_crop,0,"{""area_fraction"":0.513642,""aspect"":1.244153,""fallback"":false,""height"":0.64253,""left"":0.014955,""top"":0.00017,""width"":0.799405}",1.0608623,1.5802975,0.51943517,0.34615719,0.20591383,0.10222035,0.0088107083,0.24393684,0.19710312,-0.046833726,0.61485845,1.4814824,128.29095,190.06079,False,0.89124209,True,True,True,0.61485845,1.4814824,128.29095,190.06079,0.61048061,1.4871853,126.86215,188.66752,0.86737762,1.2030816,19.093535,22.971081,0.5831958,1.6680164,38.284542,63.859244,0.647234,1.4206712,66.527254,94.513353,0.5792767,1.6265119,62.752459,102.06762,0.62444991,1.4824728,60.45234,89.618948,0.61575152,1.2587159,51.088815,64.306303
0b_baseline_best,file,13,baseline,2254,040.Olive_sided_Flycatcher/Olive_Sided_Flycatcher_0086_30553.jpg,40,39,040.Olive_sided_Flycatcher,33,32,gaussian_blur,gaussian_blur,0,"{""sigma"":1.46837}",1.0608623,2.2351551,1.1742928,0.34615719,0.10697555,0.10222035,0.043292452,0.24393684,0.063683096,-0.18025375,0.50152482,0.96299538,128.29095,123.54359,False,0.81466782,False,True,False,0.50152482,0.96299538,128.29095,123.54359,0.49402485,0.95846776,126.86215,121.59328,0.78639112,1.1451703,19.093535,21.86535,0.17697258,0.72411953,38.284542,27.722584,0.5406915,0.84015462,66.527254,55.89318,0.49481999,0.99892685,62.752459,62.685116,0.49406469,0.98104565,60.45234,59.306505,0.56837565,1.148973,51.088815,58.699671
0b_baseline_best,file,13,baseline,2254,040.Olive_sided_Flycatcher/Olive_Sided_Flycatcher_0086_30553.jpg,40,39,040.Olive_sided_Flycatcher,33,32,random_erasing,random_erasing,0,"{""area_fraction"":0.1027,""erased"":true,""height"":0.326037,""left"":0.059625,""top"":0.388679,""width"":0.314994}",1.0608623,0.98347425,-0.077388048,0.34615719,0.37400943,0.10222035,0.036940642,0.24393684,0.33706879,0.093131945,0.89195479,0.90749485,128.29095,116.42338,False,0.97614616,True,True,True,0.89195479,0.90749485,128.29095,116.42338,0.8902501,0.90680457,126.86215,115.03918,0.96523115,0.93746151,19.093535,17.899455,0.92935277,0.84431628,38.284542,32.324262,0.91362782,0.824295,66.527254,54.838082,0.88736857,0.95409666,62.752459,59.871911,0.88069665,0.94007163,60.45234,56.82953,0.8647247,0.95243936,51.088815,48.658998
0b_baseline_best,file,13,baseline,368,007.Parakeet_Auklet/Parakeet_Auklet_0019_795987.jpg,7,6,007.Parakeet_Auklet,6,5,identity,identity,0,{},0.15778551,0.15778551,0,0.85403293,0.85403293,0.11001402,0.11001402,0.74401891,0.74401891,0,1,1,27.555845,27.555845,False,1,True,True,True,1,1,27.555845,27.555845,1,1,27.04218,27.04218,1,1,5.295762,5.295762,1,1,6.6477057,6.6477057,1,1,12.907064,12.907064,1,1,13.933189,13.933189,1,1,13.078618,13.078618,1,1,12.46239,12.46239
0b_baseline_best,file,13,baseline,368,007.Parakeet_Auklet/Parakeet_Auklet_0019_795987.jpg,7,6,007.Parakeet_Auklet,6,5,horizontal_flip,horizontal_flip,0,"{""flipped"":true}",0.15778551,0.13503359,-0.022751912,0.85403293,0.87368655,0.11001402,0.095015734,0.74401891,0.77867082,0.034651905,0.73506266,0.87495885,27.555845,24.11023,False,0.96322745,True,True,True,0.73506266,0.87495885,27.555845,24.11023,0.72604093,0.87387131,27.04218,23.631385,0.96313029,0.90285419,5.295762,4.781301,0.72953775,0.95731187,6.6477057,6.3639276,0.70743177,0.7911258,12.907064,10.211112,0.7285294,0.89843207,13.933189,12.518024,0.69861419,0.87374857,13.078618,11.427424,0.77365782,0.90209726,12.46239,11.242288
0b_baseline_best,file,13,baseline,368,007.Parakeet_Auklet/Parakeet_Auklet_0019_795987.jpg,7,6,007.Parakeet_Auklet,6,5,color_jitter,color_jitter,0,"{""brightness"":1.013106,""contrast"":1.094264,""hue"":-0.068649,""saturation"":0.866313}",0.15778551,0.60500634,0.44722083,0.85403293,0.54607099,0.11001402,0.31480283,0.74401891,0.23126817,-0.51275074,0.85364025,3.1609241,27.555845,87.101935,False,0.97217828,True,True,True,0.85364025,3.1609241,27.555845,87.101935,0.84956573,3.1694498,27.04218,85.708831,0.97111908,2.9298718,5.295762,15.515904,0.89949829,3.3374229,6.6477057,22.186205,0.8678177,2.790718,12.907064,36.019977,0.81763861,3.1551497,13.933189,43.961297,0.83985459,3.2625453,13.078618,42.669586,0.87578756,3.4072367,12.46239,42.462314
0b_baseline_best,file,13,baseline,368,007.Parakeet_Auklet/Parakeet_Auklet_0019_795987.jpg,7,6,007.Parakeet_Auklet,6,5,rotation,rotation,0,"{""angle"":-3.514447}",0.15778551,0.18300265,0.025217146,0.85403293,0.83276594,0.11001402,0.15038165,0.74401891,0.68238428,-0.06163463,0.84314968,1.3031181,27.555845,35.90852,False,0.9827832,True,True,True,0.84314968,1.3031181,27.555845,35.90852,0.83813373,1.3044625,27.04218,35.275511,0.97808378,1.2675584,5.295762,6.7126874,0.81628037,1.5226423,6.6477057,10.122078,0.82147775,1.1825538,12.907064,15.263298,0.82675198,1.2484374,13.933189,17.394715,0.84148487,1.3854841,13.078618,18.120218,0.88048147,1.3379365,12.46239,16.673887
0b_baseline_best,file,13,baseline,368,007.Parakeet_Auklet/Parakeet_Auklet_0019_795987.jpg,7,6,007.Parakeet_Auklet,6,5,random_resized_crop,random_resized_crop,0,"{""area_fraction"":0.703309,""aspect"":0.766194,""fallback"":false,""height"":0.958084,""left"":0.002007,""top"":0.024647,""width"":0.734079}",0.15778551,2.0293031,1.8715176,0.85403293,0.13142709,0.11001402,0.54277402,0.74401891,-0.41134693,-1.1553658,0.73212911,4.756679,27.555845,131.07431,False,0.93240744,False,True,False,0.73212911,4.756679,27.555845,131.07431,0.72401442,4.7391422,27.04218,128.15673,0.92816578,5.1930905,5.295762,27.501372,0.63341012,6.3547347,6.6477057,42.244406,0.75172184,4.6477112,12.907064,59.988307,0.7113132,4.242029,13.933189,59.104991,0.71079352,4.5165985,13.078618,59.070869,0.77381975,5.1116966,12.46239,63.703959
0b_baseline_best,file,13,baseline,368,007.Parakeet_Auklet/Parakeet_Auklet_0019_795987.jpg,7,6,007.Parakeet_Auklet,6,5,gaussian_blur,gaussian_blur,0,"{""sigma"":1.29122}",0.15778551,0.22429055,0.066505045,0.85403293,0.79908293,0.11001402,0.12944332,0.74401891,0.66963962,-0.074379295,0.7802361,1.3551951,27.555845,37.343547,False,0.96797878,True,True,True,0.7802361,1.3551951,27.555845,37.343547,0.7734238,1.3562596,27.04218,36.676216,0.96194279,1.3271373,5.295762,7.0282034,0.67915468,1.4496601,6.6477057,9.6369135,0.72613795,1.3084569,12.907064,16.888337,0.76599906,1.2986408,13.933189,18.094208,0.79357456,1.408715,13.078618,18.424046,0.83803044,1.3903155,12.46239,17.326655
0b_baseline_best,file,13,baseline,368,007.Parakeet_Auklet/Parakeet_Auklet_0019_795987.jpg,7,6,007.Parakeet_Auklet,6,5,random_erasing,random_erasing,0,"{""area_fraction"":0.162265,""erased"":true,""height"":0.237624,""left"":0.282477,""top"":0.730193,""width"":0.682864}",0.15778551,0.1752723,0.017486796,0.85403293,0.83922845,0.11001402,0.025198694,0.74401891,0.81402976,0.070010845,0.55356484,1.0865104,27.555845,29.939712,False,0.96478677,True,True,True,0.55356484,1.0865104,27.555845,29.939712,0.54571243,1.0949753,27.04218,29.610518,0.84140644,0.83606303,5.295762,4.4275908,0.50733188,1.2014357,6.6477057,7.9867911,0.61264121,1.1079244,12.907064,14.300052,0.48313407,1.2159796,13.933189,16.942474,0.50807978,0.99455761,13.078618,13.00744,0.62735159,0.9901336,12.46239,12.339431
0b_baseline_best,file,13,baseline,11657,198.Rock_Wren/Rock_Wren_0123_189405.jpg,198,197,198.Rock_Wren,193,192,identity,identity,0,{},0.0058941836,0.0058941836,0,0.99412316,0.99412316,0.0012895936,0.0012895936,0.99283357,0.99283357,0,1,1,0.80895033,0.80895033,False,1,True,True,True,1,1,0.80895033,0.80895033,1,1,0.78560008,0.78560008,1,1,0.19295895,0.19295895,1,1,0.19167245,0.19167245,1,1,0.35896086,0.35896086,1,1,0.39730088,0.39730088,1,1,0.36498278,0.36498278,1,1,0.40064427,0.40064427
0b_baseline_best,file,13,baseline,11657,198.Rock_Wren/Rock_Wren_0123_189405.jpg,198,197,198.Rock_Wren,193,192,horizontal_flip,horizontal_flip,0,"{""flipped"":true}",0.0058941836,0.0028538473,-0.0030403363,0.99412316,0.99715024,0.0012895936,0.00038872618,0.99283357,0.99676152,0.0039279489,0.7022263,0.51670422,0.80895033,0.41798805,False,0.97052664,True,True,True,0.7022263,0.51670422,0.80895033,0.41798805,0.68596795,0.51577492,0.78560008,0.40519282,0.96387679,0.53187167,0.19295895,0.1026294,0.5750661,0.4481411,0.19167245,0.085896301,0.67793429,0.52993204,0.35896086,0.19022486,0.66307493,0.49590279,0.39730088,0.19702261,0.66181312,0.53246569,0.36498278,0.19434081,0.75830814,0.52374724,0.40064427,0.20983633
0b_baseline_best,file,13,baseline,11657,198.Rock_Wren/Rock_Wren_0123_189405.jpg,198,197,198.Rock_Wren,193,192,color_jitter,color_jitter,0,"{""brightness"":0.691464,""contrast"":1.347342,""hue"":-0.005414,""saturation"":1.328342}",0.0058941836,0.041087311,0.035193127,0.99412316,0.95974535,0.0012895936,0.0080605242,0.99283357,0.95168482,-0.041148744,0.86005039,6.7128315,0.80895033,5.4303473,False,0.97919834,True,True,True,0.86005039,6.7128315,0.80895033,5.4303473,0.85385585,6.7381067,0.78560008,5.2934572,0.97226342,6.279074,0.19295895,1.2116035,0.66358782,6.1214854,0.19167245,1.1733201,0.84344624,6.9284872,0.35896086,2.4870558,0.86799741,7.1029208,0.39730088,2.8219967,0.85888607,6.5281967,0.36498278,2.3826794,0.88753644,6.5172015,0.40064427,2.6110794
0b_baseline_best,file,13,baseline,11657,198.Rock_Wren/Rock_Wren_0123_189405.jpg,198,197,198.Rock_Wren,193,192,rotation,rotation,0,"{""angle"":10.79544}",0.0058941836,0.031283043,0.02538886,0.99412316,0.96920121,0.0012895936,0.008202129,0.99283357,0.96099908,-0.031834489,0.68119353,5.636185,0.80895033,4.5593937,False,0.95528662,True,True,True,0.68119353,5.636185,0.80895033,4.5593937,0.66740866,5.6450006,0.78560008,4.4347129,0.91648092,5.4879971,0.19295895,1.0589582,0.52964978,5.2729288,0.19167245,1.0106752,0.61994936,5.7525358,0.35896086,2.0649352,0.65617324,5.4187763,0.39730088,2.1528846,0.68128149,5.8188469,0.36498278,2.123779,0.73489372,5.7113274,0.40064427,2.2882106
0b_baseline_best,file,13,baseline,11657,198.Rock_Wren/Rock_Wren_0123_189405.jpg,198,197,198.Rock_Wren,193,192,random_resized_crop,random_resized_crop,0,"{""area_fraction"":0.628893,""aspect"":1.292149,""fallback"":false,""height"":0.697641,""left"":0.038569,""top"":0.169418,""width"":0.901456}",0.0058941836,0.010394602,0.0045004184,0.99412316,0.98965925,0.0012895936,0.00085665751,0.99283357,0.98880259,-0.0040309749,0.72692358,1.7276018,0.80895033,1.3975441,False,0.94451493,True,True,True,0.72692358,1.7276018,0.80895033,1.3975441,0.71520227,1.7230128,0.78560008,1.353599,0.91338665,1.8019664,0.19295895,0.34770554,0.68748949,1.6634525,0.19167245,0.31883802,0.75566965,1.6456156,0.35896086,0.59071159,0.70907742,1.6718952,0.39730088,0.66424545,0.66161361,1.7919442,0.36498278,0.6540288,0.74330794,1.7871228,0.40064427,0.71600053
0b_baseline_best,file,13,baseline,11657,198.Rock_Wren/Rock_Wren_0123_189405.jpg,198,197,198.Rock_Wren,193,192,gaussian_blur,gaussian_blur,0,"{""sigma"":1.977907}",0.0058941836,2.9096251,2.9037309,0.99412316,0.054496158,0.0012895936,0.0069593927,0.99283357,0.047536765,-0.9452968,0.39283966,197.84791,0.80895033,160.04913,False,0.7165485,False,True,False,0.39283966,197.84791,0.80895033,160.04913,0.38314168,201.21862,0.78560008,158.07736,0.6789081,129.79656,0.19295895,25.045408,0.32274649,206.13589,0.19167245,39.510571,0.39405703,229.34384,0.35896086,82.325463,0.3085417,206.28891,0.39730088,81.958766,0.39595737,196.34388,0.36498278,71.662136,0.47165855,172.87581,0.40064427,69.261705
0b_baseline_best,file,13,baseline,11657,198.Rock_Wren/Rock_Wren_0123_189405.jpg,198,197,198.Rock_Wren,193,192,random_erasing,random_erasing,0,"{""area_fraction"":0.054517,""erased"":true,""height"":0.243935,""left"":0.211161,""top"":0.24944,""width"":0.223488}",0.0058941836,0.1349085,0.12901431,0.99412316,0.87379587,0.0012895936,0.0054936311,0.99283357,0.86830224,-0.12453133,0.75383528,26.646944,0.80895033,21.556055,False,0.95448256,True,True,True,0.75383528,26.646944,0.80895033,21.556055,0.74935222,27.091768,0.78560008,21.283295,0.93379376,17.715208,0.19295895,3.4183078,0.71565363,22.708824,0.19167245,4.3526558,0.75303834,31.308049,0.35896086,11.238364,0.73733137,30.03088,0.39730088,11.931295,0.7456018,25.852186,0.36498278,9.4356028,0.80883377,21.808896,0.40064427,8.7376092
0b_baseline_best,file,13,baseline,8625,147.Least_Tern/Least_Tern_0056_153965.jpg,147,146,147.Least_Tern,141,140,identity,identity,0,{},5.4109344,5.4109344,0,0.0044674631,0.0044674631,0.55247843,0.55247843,-0.54801097,-0.54801097,0,1,1,161.7101,161.7101,False,1,True,False,False,1,1,161.7101,161.7101,1,1,158.58505,158.58505,1,1,31.637589,31.637589,1,1,28.929683,28.929683,1,1,82.961293,82.961293,1,1,85.433129,85.433129,1,1,71.398223,71.398223,1,1,70.944983,70.944983
0b_baseline_best,file,13,baseline,8625,147.Least_Tern/Least_Tern_0056_153965.jpg,147,146,147.Least_Tern,141,140,horizontal_flip,horizontal_flip,0,"{""flipped"":true}",5.4109344,5.4543419,0.04340744,0.0044674631,0.0042776912,0.55247843,0.14877331,-0.54801097,-0.14449562,0.40351535,0.53357865,0.75123308,161.7101,121.48198,False,0.94490117,True,False,False,0.53357865,0.75123308,161.7101,121.48198,0.51776582,0.74583194,158.58505,118.2778,0.8784343,0.87607862,31.637589,27.717016,0.4479112,0.7767142,28.929683,22.470096,0.50510796,0.7088622,82.961293,58.808125,0.52633327,0.72630754,85.433129,62.050725,0.46844917,0.76133086,71.398223,54.357671,0.58313316,0.80000568,70.944983,56.756389
0b_baseline_best,file,13,baseline,8625,147.Least_Tern/Least_Tern_0056_153965.jpg,147,146,147.Least_Tern,141,140,color_jitter,color_jitter,0,"{""brightness"":0.75817,""contrast"":1.336678,""hue"":-0.034907,""saturation"":0.777869}",5.4109344,6.2242584,0.81332397,0.0044674631,0.0019807925,0.55247843,0.42395115,-0.54801097,-0.42197036,0.12604061,0.74270041,0.81301404,161.7101,131.47258,False,0.95892489,True,False,False,0.74270041,0.81301404,161.7101,131.47258,0.73375941,0.80992531,158.58505,128.44205,0.95075527,0.88709783,31.637589,28.065637,0.34904959,0.92936974,28.929683,26.886372,0.61289689,0.70759225,82.961293,58.702768,0.78634381,0.78097277,85.433129,66.720947,0.79003242,0.84899603,71.398223,60.616808,0.82366526,0.9137476,70.944983,64.825808
0b_baseline_best,file,13,baseline,8625,147.Least_Tern/Least_Tern_0056_153965.jpg,147,146,147.Least_Tern,141,140,rotation,rotation,0,"{""angle"":-7.401531}",5.4109344,7.6825166,2.2715821,0.0044674631,0.00046081372,0.55247843,0.73493618,-0.54801097,-0.73447536,-0.18646439,0.68017929,1.0685298,161.7101,172.79206,False,0.91215205,True,False,False,0.68017929,1.0685298,161.7101,172.79206,0.67124844,1.0664889,158.58505,169.1292,0.89486471,1.1185866,31.637589,35.389383,0.58239349,1.3426412,28.929683,38.842186,0.67930531,0.93425485,82.961293,77.50699,0.67342192,0.9900034,85.433129,84.579088,0.65507231,1.1580516,71.398223,82.682826,0.71071428,1.1875821,70.944983,84.252995
0b_baseline_best,file,13,baseline,8625,147.Least_Tern/Least_Tern_0056_153965.jpg,147,146,147.Least_Tern,141,140,random_resized_crop,random_resized_crop,0,"{""area_fraction"":0.763694,""aspect"":1.234169,""fallback"":false,""height"":0.786633,""left"":0.00615,""top"":0.017086,""width"":0.970839}",5.4109344,5.7747555,0.36382103,0.0044674631,0.0031049573,0.55247843,0.083896823,-0.54801097,-0.080791866,0.4672191,0.56681583,0.65345683,161.7101,105.67057,False,0.91495651,False,False,False,0.56681583,0.65345683,161.7101,105.67057,0.55443159,0.6453482,158.58505,102.34258,0.82569575,0.83163556,31.637589,26.310944,0.50595783,0.68692586,28.929683,19.872547,0.58046394,0.5373251,82.961293,44.577185,0.54835124,0.62066688,85.433129,53.025513,0.5138009,0.67031879,71.398223,47.85957,0.59834716,0.7707141,70.944983,54.678299
0b_baseline_best,file,13,baseline,8625,147.Least_Tern/Least_Tern_0056_153965.jpg,147,146,147.Least_Tern,141,140,gaussian_blur,gaussian_blur,0,"{""sigma"":1.698991}",5.4109344,5.4806061,0.069671631,0.0044674631,0.0041668029,0.55247843,0.43113622,-0.54801097,-0.42696942,0.12104155,0.64435727,0.98118712,161.7101,158.66787,False,0.90694463,True,False,False,0.64435727,0.98118712,161.7101,158.66787,0.63500992,0.98330884,158.58505,155.93808,0.89478304,0.92628387,31.637589,29.305389,0.4452479,1.0701402,28.929683,30.958818,0.57989244,0.86691729,82.961293,71.920579,0.69226122,1.0767394,85.433129,91.989216,0.62144689,1.0270321,71.398223,73.328267,0.67360069,0.9292959,70.944983,65.928882
0b_baseline_best,file,13,baseline,8625,147.Least_Tern/Least_Tern_0056_153965.jpg,147,146,147.Least_Tern,141,140,random_erasing,random_erasing,0,"{""area_fraction"":0.093079,""erased"":true,""height"":0.536958,""left"":0.719333,""top"":0.319452,""width"":0.173345}",5.4109344,4.3008814,-1.1100531,0.0044674631,0.013556605,0.55247843,0.28846782,-0.54801097,-0.27491122,0.27309975,0.7346204,0.80978439,161.7101,130.95031,False,0.95377243,True,False,False,0.7346204,0.80978439,161.7101,130.95031,0.72658395,0.80585816,158.58505,127.79706,0.91939585,0.90284691,31.637589,28.5639,0.55679589,0.94816589,28.929683,27.430139,0.7602278,0.74848595,82.961293,62.095362,0.74068717,0.7552359,85.433129,64.522166,0.69690812,0.83338227,71.398223,59.502014,0.73887634,0.89372607,70.944983,63.405381
0b_baseline_best,file,13,baseline,6663,114.Black_throated_Sparrow/Black_Throated_Sparrow_0066_106974.jpg,114,113,114.Black_throated_Sparrow,85,84,identity,identity,0,{},0.005689261,0.005689261,0,0.99432689,0.99432689,0.002842803,0.002842803,0.99148409,0.99148409,0,1,1,0.83634107,0.83634107,False,1,True,True,True,1,1,0.83634107,0.83634107,1,1,0.81674979,0.81674979,1,1,0.17996157,0.17996157,1,1,0.16447395,0.16447395,1,1,0.35134867,0.35134867,1,1,0.42645353,0.42645353,1,1,0.40481455,0.40481455,1,1,0.41333426,0.41333426
0b_baseline_best,file,13,baseline,6663,114.Black_throated_Sparrow/Black_Throated_Sparrow_0066_106974.jpg,114,113,114.Black_throated_Sparrow,85,84,horizontal_flip,horizontal_flip,0,"{""flipped"":true}",0.005689261,0.0053140339,-0.00037522707,0.99432689,0.99470007,0.002842803,0.0029586675,0.99148409,0.99174141,0.00025732024,0.71270039,0.88862509,0.83634107,0.74319366,False,0.97523475,True,True,True,0.71270039,0.88862509,0.83634107,0.74319366,0.69887515,0.88368331,0.81674979,0.72174815,0.97217911,0.98491451,0.17996157,0.17724676,0.70071416,0.90858299,0.16447395,0.14943823,0.66894368,0.85859519,0.35134867,0.30166628,0.72481783,0.92929735,0.42645353,0.39630214,0.64780831,0.81246755,0.40481455,0.32889868,0.73808609,0.9128239,0.41333426,0.3773014
0b_baseline_best,file,13,baseline,6663,114.Black_throated_Sparrow/Black_Throated_Sparrow_0066_106974.jpg,114,113,114.Black_throated_Sparrow,85,84,color_jitter,color_jitter,0,"{""brightness"":1.15368,""contrast"":1.293051,""hue"":-0.093387,""saturation"":0.679787}",0.005689261,0.010293609,0.0046043475,0.99432689,0.98975921,0.002842803,0.0057192142,0.99148409,0.98403999,-0.0074440939,0.76014083,1.9595609,0.83634107,1.6388612,False,0.95844293,True,True,True,0.76014083,1.9595609,0.83634107,1.6388612,0.75050286,1.9582943,0.81674979,1.5994364,0.9560124,1.9854697,0.17996157,0.35730825,0.7099501,1.8140254,0.16447395,0.29835992,0.73297768,2.2584577,0.35134867,0.79350611,0.72262842,1.8834537,0.42645353,0.80320546,0.76796556,1.8596495,0.40481455,0.75281316,0.79294583,1.9167289,0.41333426,0.79224974
0b_baseline_best,file,13,baseline,6663,114.Black_throated_Sparrow/Black_Throated_Sparrow_0066_106974.jpg,114,113,114.Black_throated_Sparrow,85,84,rotation,rotation,0,"{""angle"":-0.863333}",0.005689261,0.016335914,0.010646653,0.99432689,0.98379678,0.002842803,0.0077739786,0.99148409,0.9760228,-0.01546129,0.86349026,2.6646999,0.83634107,2.2285979,False,0.98838687,True,True,True,0.86349026,2.6646999,0.83634107,2.2285979,0.85738929,2.6634541,0.81674979,2.1753756,0.98794637,2.6902315,0.17996157,0.48413828,0.76028595,2.4766003,0.16447395,0.40733623,0.77084818,2.4569506,0.35134867,0.86324632,0.85499356,2.7210295,0.42645353,1.1603926,0.87400427,2.6781607,0.40481455,1.0841584,0.91680578,2.7576672,0.41333426,1.1398383
0b_baseline_best,file,13,baseline,6663,114.Black_throated_Sparrow/Black_Throated_Sparrow_0066_106974.jpg,114,113,114.Black_throated_Sparrow,85,84,random_resized_crop,random_resized_crop,0,"{""area_fraction"":0.514911,""aspect"":0.932464,""fallback"":false,""height"":0.743105,""left"":0.228544,""top"":0.207043,""width"":0.692918}",0.005689261,0.0070791612,0.0013899002,0.99432689,0.99294585,0.002842803,0.0033664361,0.99148409,0.98957941,-0.0019046727,0.6234314,1.4280076,0.83634107,1.1943014,False,0.94524002,True,True,True,0.6234314,1.4280076,0.83634107,1.1943014,0.60973522,1.4347246,0.81674979,1.171811,0.94298279,1.2818469,0.17996157,0.23068318,0.48919536,1.7773798,0.16447395,0.29233268,0.5676899,1.6367857,0.35134867,0.57508247,0.61119167,1.3869,0.42645353,0.59144841,0.61431707,1.4054801,0.40481455,0.5689588,0.68023474,1.2880337,0.41333426,0.53238848
0b_baseline_best,file,13,baseline,6663,114.Black_throated_Sparrow/Black_Throated_Sparrow_0066_106974.jpg,114,113,114.Black_throated_Sparrow,85,84,gaussian_blur,gaussian_blur,0,"{""sigma"":1.827235}",0.005689261,0.078682721,0.07299346,0.99432689,0.92433316,0.002842803,0.021550426,0.99148409,0.90278273,-0.088701358,0.52864197,16.737133,0.83634107,13.997951,False,0.90494728,True,True,True,0.52864197,16.737133,0.83634107,13.997951,0.51704994,16.924754,0.81674979,13.823289,0.88545222,12.249206,0.17996157,2.2043863,0.42833276,19.841155,0.16447395,3.2633532,0.38231043,19.627145,0.35134867,6.8959712,0.54731022,18.885374,0.42645353,8.0537343,0.53247492,15.311118,0.40481455,6.1981633,0.65172914,13.162588,0.41333426,5.4405486
0b_baseline_best,file,13,baseline,6663,114.Black_throated_Sparrow/Black_Throated_Sparrow_0066_106974.jpg,114,113,114.Black_throated_Sparrow,85,84,random_erasing,random_erasing,0,"{""area_fraction"":0.136088,""erased"":true,""height"":0.23681,""left"":0.095228,""top"":0.739354,""width"":0.574671}",0.005689261,0.0033880235,-0.0023012375,0.99432689,0.99661773,0.002842803,0.0016301532,0.99148409,0.99498758,0.0035034948,0.95292037,0.60883727,0.83634107,0.50919561,False,0.9756788,True,True,True,0.95292037,0.60883727,0.83634107,0.50919561,0.95186577,0.60736232,0.81674979,0.49606305,0.97471535,0.63846034,0.17996157,0.11489833,0.96595583,0.5999756,0.16447395,0.098680357,0.94268501,0.58976249,0.35134867,0.20721226,0.96299983,0.61983033,0.42645353,0.26432883,0.95716806,0.60532664,0.40481455,0.24504503,0.93950937,0.6095945,0.41333426,0.25196629
0b_baseline_best,file,13,baseline,7200,123.Henslow_Sparrow/Henslow_Sparrow_0006_796607.jpg,123,122,123.Henslow_Sparrow,113,112,identity,identity,0,{},0.0030122879,0.0030122879,0,0.99699223,0.99699223,0.0024718305,0.0024718305,0.9945204,0.9945204,0,1,1,0.43624339,0.43624339,False,0.99999994,True,True,True,1,1,0.43624339,0.43624339,1,1,0.41718466,0.41718466,1,1,0.12753532,0.12753532,1,1,0.063706021,0.063706021,1,1,0.19126909,0.19126909,1,1,0.22739346,0.22739346,1,1,0.19265393,0.19265393,1,1,0.2111336,0.2111336
0b_baseline_best,file,13,baseline,7200,123.Henslow_Sparrow/Henslow_Sparrow_0006_796607.jpg,123,122,123.Henslow_Sparrow,113,112,horizontal_flip,horizontal_flip,0,"{""flipped"":true}",0.0030122879,0.00053343846,-0.0024788494,0.99699223,0.99946672,0.0024718305,0.00044190313,0.9945204,0.99902481,0.0045044142,0.69710428,0.17091971,0.43624339,0.074562596,False,0.97589624,True,True,True,0.69710428,0.17091971,0.43624339,0.074562596,0.66842626,0.16912244,0.41718466,0.070555286,0.97550235,0.18908474,0.12753532,0.024114982,0.64257043,0.15547684,0.063706021,0.0099048108,0.61054733,0.14798363,0.19126909,0.028304693,0.66450024,0.16988684,0.22739346,0.038631156,0.62343556,0.17334422,0.19265393,0.033395447,0.75519058,0.18166589,0.2111336,0.038355773
0b_baseline_best,file,13,baseline,7200,123.Henslow_Sparrow/Henslow_Sparrow_0006_796607.jpg,123,122,123.Henslow_Sparrow,113,112,color_jitter,color_jitter,0,"{""brightness"":1.115831,""contrast"":0.990554,""hue"":-0.071082,""saturation"":0.819826}",0.0030122879,0.030013518,0.027001231,0.99699223,0.9704324,0.0024718305,0.01617662,0.9945204,0.95425578,-0.04026462,0.80200878,8.8719289,0.43624339,3.8703204,False,0.95935154,True,True,True,0.80200878,8.8719289,0.43624339,3.8703204,0.79216372,8.9811529,0.41718466,3.7467992,0.93669396,7.6056371,0.12753532,0.96998735,0.76237794,9.620514,0.063706021,0.61288467,0.73109705,7.5063221,0.19126909,1.4357274,0.82407157,9.2562273,0.22739346,2.1048055,0.79041967,9.6073994,0.19265393,1.8509033,0.81112334,9.166391,0.2111336,1.9353331
0b_baseline_best,file,13,baseline,7200,123.Henslow_Sparrow/Henslow_Sparrow_0006_796607.jpg,123,122,123.Henslow_Sparrow,113,112,rotation,rotation,0,"{""angle"":-4.353912}",0.0030122879,0.0018973221,-0.0011149658,0.99699223,0.99810445,0.0024718305,0.0011152423,0.9945204,0.99698921,0.0024688109,0.83899274,0.61076822,0.43624339,0.2664436,False,0.9839986,True,True,True,0.83899274,0.61076822,0.43624339,0.2664436,0.82831517,0.61275681,0.41718466,0.25563274,0.95843847,0.58906964,0.12753532,0.075127183,0.80403395,0.63762365,0.063706021,0.040620466,0.84236061,0.58394663,0.19126909,0.11169094,0.82737131,0.62397206,0.22739346,0.14188717,0.80151751,0.62918534,0.19265393,0.12121503,0.84509189,0.60651312,0.2111336,0.1280553
0b_baseline_best,file,13,baseline,7200,123.Henslow_Sparrow/Henslow_Sparrow_0006_796607.jpg,123,122,123.Henslow_Sparrow,113,112,random_resized_crop,random_resized_crop,0,"{""area_fraction"":0.632126,""aspect"":1.083037,""fallback"":false,""height"":0.763977,""left"":0.134526,""top"":0.122357,""width"":0.827415}",0.0030122879,0.0087597622,0.0057474743,0.99699223,0.99127847,0.0024718305,0.006581299,0.9945204,0.98469717,-0.0098232294,0.72727625,3.2065216,0.43624339,1.3988239,False,0.97534806,True,True,True,0.72727625,3.2065216,0.43624339,1.3988239,0.7073975,3.2362224,0.41718466,1.3501024,0.97202711,2.8695345,0.12753532,0.365967,0.67588998,3.2268268,0.063706021,0.20556829,0.66919749,3.0812711,0.19126909,0.58935192,0.70645762,3.2725447,0.22739346,0.74415527,0.67603568,3.3617543,0.19265393,0.64765519,0.76997885,3.2121941,0.2111336,0.67820209
0b_baseline_best,file,13,baseline,7200,123.Henslow_Sparrow/Henslow_Sparrow_0006_796607.jpg,123,122,123.Henslow_Sparrow,113,112,gaussian_blur,gaussian_blur,0,"{""sigma"":1.936141}",0.0030122879,0.17540495,0.17239266,0.99699223,0.83911717,0.0024718305,0.029709173,0.9945204,0.809408,-0.1851124,0.38339463,70.229709,0.43624339,30.637247,False,0.88846582,True,True,True,0.38339463,70.229709,0.43624339,30.637247,0.36923297,72.329627,0.41718466,30.174811,0.70396655,41.580535,0.12753532,5.3029868,0.32034406,83.894046,0.063706021,5.3445559,0.34907664,82.467377,0.19126909,15.77346,0.34594432,77.515941,0.22739346,17.626618,0.34250847,68.411071,0.19265393,13.179662,0.47749332,57.766185,0.2111336,12.196382
0b_baseline_best,file,13,baseline,7200,123.Henslow_Sparrow/Henslow_Sparrow_0006_796607.jpg,123,122,123.Henslow_Sparrow,113,112,random_erasing,random_erasing,0,"{""area_fraction"":0.060394,""erased"":true,""height"":0.240965,""left"":0.398183,""top"":0.525722,""width"":0.250635}",0.0030122879,0.003298915,0.0002866271,0.99699223,0.99670655,0.0024718305,0.0029299818,0.9945204,0.99377656,-0.0007438364,0.93583662,1.1948944,0.43624339,0.52126477,False,0.99260437,True,True,True,0.93583662,1.1948944,0.43624339,0.52126477,0.93075812,1.1963155,0.41718466,0.49908448,0.99103397,1.1795805,0.12753532,0.15043817,0.94077278,1.222388,0.063706021,0.077873474,0.9400547,1.1884898,0.19126909,0.22732136,0.93454498,1.1967067,0.22739346,0.27212327,0.91898171,1.2188041,0.19265393,0.2348074,0.92805852,1.1808637,0.2111336,0.24931999
0b_baseline_best,file,13,baseline,9896,169.Magnolia_Warbler/Magnolia_Warbler_0018_165958.jpg,169,168,169.Magnolia_Warbler,171,170,identity,identity,0,{},0.0069327289,0.0069327289,0,0.99309123,0.99309123,0.001902443,0.001902443,0.99118878,0.99118878,0,1,1,0.861559,0.861559,False,1,True,True,True,1,1,0.861559,0.861559,1,1,0.83571942,0.83571942,1,1,0.20942057,0.20942057,1,1,0.12990443,0.12990443,1,1,0.28264662,0.28264662,1,1,0.38167959,0.38167959,1,1,0.39774145,0.39774145,1,1,0.54569689,0.54569689
0b_baseline_best,file,13,baseline,9896,169.Magnolia_Warbler/Magnolia_Warbler_0018_165958.jpg,169,168,169.Magnolia_Warbler,171,170,horizontal_flip,horizontal_flip,0,"{""flipped"":true}",0.0069327289,0.010754012,0.0038212826,0.99309123,0.98930359,0.001902443,0.0010653354,0.99118878,0.98823825,-0.0029505291,0.65000413,1.8817903,0.861559,1.6212734,False,0.97225058,True,True,True,0.65000413,1.8817903,0.861559,1.6212734,0.63751248,1.9081608,0.83571942,1.5946871,0.95239793,1.3962566,0.20942057,0.29240485,0.6098262,2.559512,0.12990443,0.33249196,0.57989284,2.5464861,0.28264662,0.7197557,0.61660446,2.0935768,0.38167959,0.79907554,0.5092732,1.8347382,0.39774145,0.72975144,0.78520168,1.5799767,0.54569689,0.86218835
0b_baseline_best,file,13,baseline,9896,169.Magnolia_Warbler/Magnolia_Warbler_0018_165958.jpg,169,168,169.Magnolia_Warbler,171,170,color_jitter,color_jitter,0,"{""brightness"":1.206629,""contrast"":0.83245,""hue"":-0.085639,""saturation"":0.94517}",0.0069327289,3.7011852,3.6942525,0.99309123,0.024694242,0.001902443,0.0085128387,0.99118878,0.016181403,-0.97500738,0.26869444,228.92079,0.861559,197.22876,False,0.71292126,False,True,False,0.26869444,228.92079,0.861559,197.22876,0.25877661,233.63395,0.83571942,195.25242,0.58833423,132.99059,0.20942057,27.850965,-0.074458886,326.19361,0.12990443,42.373996,0.11104952,302.47591,0.28264662,85.493796,0.34220912,316.41721,0.38167959,120.76999,0.20470354,219.3807,0.39774145,87.256799,0.37888054,151.3313,0.54569689,82.581019
0b_baseline_best,file,13,baseline,9896,169.Magnolia_Warbler/Magnolia_Warbler_0018_165958.jpg,169,168,169.Magnolia_Warbler,171,170,rotation,rotation,0,"{""angle"":-8.443509}",0.0069327289,0.011968704,0.005035975,0.99309123,0.98810261,0.001902443,0.0032052037,0.99118878,0.98489741,-0.0062913714,0.77602356,1.7881212,0.861559,1.5405719,False,0.98179996,True,True,True,0.77602356,1.7881212,0.861559,1.5405719,0.76439005,1.794149,0.83571942,1.4994051,0.97412554,1.6892318,0.20942057,0.35375988,0.63741817,2.2370907,0.12990443,0.29060799,0.64871917,2.0491757,0.28264662,0.5791926,0.69456409,1.8789546,0.38167959,0.71715861,0.73042754,1.8334144,0.39774145,0.7292249,0.88184687,1.6207316,0.54569689,0.88442817
0b_baseline_best,file,13,baseline,9896,169.Magnolia_Warbler/Magnolia_Warbler_0018_165958.jpg,169,168,169.Magnolia_Warbler,171,170,random_resized_crop,random_resized_crop,0,"{""area_fraction"":0.774704,""aspect"":0.82598,""fallback"":false,""height"":0.968463,""left"":0.082642,""top"":0.015873,""width"":0.799931}",0.0069327289,0.005897976,-0.0010347529,0.99309123,0.99411941,0.001902443,0.00083895901,0.99118878,0.99328045,0.0020916641,0.78623206,0.9493486,0.861559,0.81791983,False,0.98272043,True,True,True,0.78623206,0.9493486,0.861559,0.81791983,0.77646418,0.95566792,0.83571942,0.79867024,0.96865416,0.84234776,0.20942057,0.17640495,0.48047365,1.1784217,0.12990443,0.1530822,0.59826477,1.1084363,0.28264662,0.31329579,0.76173273,1.0558758,0.38167959,0.40300624,0.76488678,0.95046058,0.39774145,0.37803757,0.8919211,0.84168166,0.54569689,0.45930307
0b_baseline_best,file,13,baseline,9896,169.Magnolia_Warbler/Magnolia_Warbler_0018_165958.jpg,169,168,169.Magnolia_Warbler,171,170,gaussian_blur,gaussian_blur,0,"{""sigma"":1.311954}",0.0069327289,0.0056968471,-0.0012358818,0.99309123,0.99431932,0.001902443,0.00040421335,0.99118878,0.99391511,0.0027263238,0.63156957,0.95079139,0.861559,0.81916289,False,0.95854098,True,True,True,0.63156957,0.95079139,0.861559,0.81916289,0.61808555,0.95947927,0.83571942,0.80185545,0.89913398,0.79981758,0.20942057,0.16749825,0.70303655,1.8051446,0.12990443,0.23449629,0.56412934,1.1642509,0.28264662,0.32907159,0.52987449,1.0708958,0.38167959,0.40873908,0.54704438,0.96085395,0.39774145,0.38217144,0.78346492,0.74791234,0.54569689,0.40813344
0b_baseline_best,file,13,baseline,9896,169.Magnolia_Warbler/Magnolia_Warbler_0018_165958.jpg,169,168,169.Magnolia_Warbler,171,170,random_erasing,random_erasing,0,"{""area_fraction"":0.077165,""erased"":true,""height"":0.329364,""left"":0.108924,""top"":0.053535,""width"":0.234286}",0.0069327289,0.0071921963,0.0002594674,0.99309123,0.99283361,0.001902443,0.0022288726,0.99118878,0.99060474,-0.00058404088,0.96282144,1.0355047,0.861559,0.89214842,False,0.99383104,True,True,True,0.96282144,1.0355047,0.861559,0.89214842,0.96115399,1.0370407,0.83571942,0.86667505,0.99036662,1.0107297,0.20942057,0.21166759,0.94353061,1.0799119,0.12990443,0.14028534,0.95889323,1.0809039,0.28264662,0.30551383,0.96457249,1.0411927,0.38167959,0.39740202,0.94957189,1.0294177,0.39774145,0.40944211,0.9676996,1.0244679,0.54569689,0.55904897
0b_baseline_best,file,13,baseline,3746,065.Slaty_backed_Gull/Slaty_Backed_Gull_0033_796023.jpg,65,64,065.Slaty_backed_Gull,60,59,identity,identity,0,{},0.23315378,0.23315378,0,0.79203176,0.79203176,0.068230979,0.068230979,0.72380079,0.72380079,0,1,1,31.066301,31.066301,False,1.0000001,True,True,True,1,1,31.066301,31.066301,1,1,30.204621,30.204621,1,1,7.2660795,7.2660795,1,1,5.6608424,5.6608424,1,1,13.214843,13.214843,1,1,15.363471,15.363471,1,1,15.084775,15.084775,1,1,15.558125,15.558125
0b_baseline_best,file,13,baseline,3746,065.Slaty_backed_Gull/Slaty_Backed_Gull_0033_796023.jpg,65,64,065.Slaty_backed_Gull,60,59,horizontal_flip,horizontal_flip,0,"{""flipped"":true}",0.23315378,0.16621234,-0.06694144,0.79203176,0.84686637,0.068230979,0.016220096,0.72380079,0.83064627,0.10684549,0.64649775,0.70739852,31.066301,21.976255,False,0.96061778,True,True,True,0.64649775,0.70739852,31.066301,21.976255,0.63105737,0.7082059,30.204621,21.391091,0.91918475,0.69329845,7.2660795,5.0375617,0.30147393,0.73329468,5.6608424,4.1510657,0.44626214,0.65160483,13.214843,8.6108554,0.62994058,0.71196934,15.363471,10.93832,0.6790946,0.72106867,15.084775,10.877158,0.75250166,0.72787442,15.558125,11.324361
0b_baseline_best,file,13,baseline,3746,065.Slaty_backed_Gull/Slaty_Backed_Gull_0033_796023.jpg,65,64,065.Slaty_backed_Gull,60,59,color_jitter,color_jitter,0,"{""brightness"":0.953877,""contrast"":1.020955,""hue"":0.039549,""saturation"":1.391941}",0.23315378,0.38777596,0.15462218,0.79203176,0.67856437,0.068230979,0.061311323,0.72380079,0.61725305,-0.10654774,0.90180255,1.5414561,31.066301,47.887338,False,0.98874712,True,True,True,0.90180255,1.5414561,31.066301,47.887338,0.89767457,1.5434645,30.204621,46.61976,0.97514641,1.5063274,7.2660795,10.945095,0.89700478,1.5410925,5.6608424,8.7238816,0.85422885,1.6059169,13.214843,21.22194,0.89160593,1.562746,15.363471,24.009204,0.91446503,1.5229212,15.084775,22.972924,0.92261075,1.4973865,15.558125,23.296526
0b_baseline_best,file,13,baseline,3746,065.Slaty_backed_Gull/Slaty_Backed_Gull_0033_796023.jpg,65,64,065.Slaty_backed_Gull,60,59,rotation,rotation,0,"{""angle"":-3.924376}",0.23315378,0.88038397,0.64723019,0.79203176,0.41462368,0.068230979,0.044787448,0.72380079,0.36983623,-0.35396456,0.73723226,2.8739545,31.066301,89.283136,False,0.96247721,True,True,True,0.73723226,2.8739545,31.066301,89.283136,0.72927455,2.9019099,30.204621,87.651089,0.92431252,2.3386869,7.2660795,16.993085,0.33542604,3.052754,5.6608424,17.281159,0.73403531,3.0608064,13.214843,40.448076,0.73481662,3.1318306,15.363471,48.115789,0.74077857,2.8368045,15.084775,42.792556,0.77761404,2.5723663,15.558125,40.021196
0b_baseline_best,file,13,baseline,3746,065.Slaty_backed_Gull/Slaty_Backed_Gull_0033_796023.jpg,65,64,065.Slaty_backed_Gull,60,59,random_resized_crop,random_resized_crop,0,"{""area_fraction"":0.540734,""aspect"":0.950559,""fallback"":false,""height"":0.754227,""left"":0.182728,""top"":0.093016,""width"":0.716938}",0.23315378,1.818522,1.5853682,0.79203176,0.16226541,0.068230979,0.016322196,0.72380079,0.14594321,-0.57785758,0.56766777,4.0761803,31.066301,126.63184,False,0.90882123,False,True,False,0.56766777,4.0761803,31.066301,126.63184,0.55288589,4.0966856,30.204621,123.73883,0.85292448,3.703961,7.2660795,26.913275,0.20601727,4.4322458,5.6608424,25.090245,0.52435455,3.9939566,13.214843,52.779508,0.53253322,4.1687464,15.363471,64.046415,0.58210252,4.196341,15.084775,63.300859,0.6178746,3.9554836,15.558125,61.539908
0b_baseline_best,file,13,baseline,3746,065.Slaty_backed_Gull/Slaty_Backed_Gull_0033_796023.jpg,65,64,065.Slaty_backed_Gull,60,59,gaussian_blur,gaussian_blur,0,"{""sigma"":1.327994}",0.23315378,1.2958949,1.0627411,0.79203176,0.27365288,0.068230979,0.023944724,0.72380079,0.24970816,-0.47409263,0.56702767,3.9247952,31.066301,121.92887,False,0.92337483,True,True,True,0.56702767,3.9247952,31.066301,121.92887,0.55400493,3.9699103,30.204621,119.90964,0.88015135,3.0412753,7.2660795,22.098148,0.109813,5.1137682,5.6608424,28.948236,0.19897229,3.601167,13.214843,47.588855,0.5953908,4.3091976,15.363471,66.204233,0.68135826,4.0537408,15.084775,61.149766,0.72029356,3.6093354,15.558125,56.15449
0b_baseline_best,file,13,baseline,3746,065.Slaty_backed_Gull/Slaty_Backed_Gull_0033_796023.jpg,65,64,065.Slaty_backed_Gull,60,59,random_erasing,random_erasing,0,"{""area_fraction"":0.099806,""erased"":true,""height"":0.433058,""left"":0.182385,""top"":0.020856,""width"":0.230468}",0.23315378,0.82415587,0.59100209,0.79203176,0.43860507,0.068230979,0.034710668,0.72380079,0.4038944,-0.31990638,0.70677427,2.4818642,31.066301,77.102341,False,0.94189513,True,True,True,0.70677427,2.4818642,31.066301,77.102341,0.69609238,2.4884081,30.204621,75.161424,0.90176769,2.3659283,7.2660795,17.191023,0.42398377,1.9533799,5.6608424,11.057776,0.59667897,2.2172435,13.214843,29.300524,0.66455725,2.6642991,15.363471,40.932883,0.75852308,2.518543,15.084775,37.991654,0.76755587,2.5301686,15.558125,39.364679
0b_baseline_best,file,13,baseline,5003,086.Pacific_Loon/Pacific_Loon_0019_75422.jpg,86,85,086.Pacific_Loon,23,22,identity,identity,0,{},0.36674234,0.36674234,0,0.69298816,0.69298816,0.06767045,0.06767045,0.62531771,0.62531771,0,1,1,72.434294,72.434294,False,1,True,True,True,1,1,72.434294,72.434294,1,1,71.806648,71.806648,1,1,9.5148383,9.5148383,1,1,27.144372,27.144372,1,1,31.321566,31.321566,1,1,37.820038,37.820038,1,1,32.249962,32.249962,1,1,31.111444,31.111444
0b_baseline_best,file,13,baseline,5003,086.Pacific_Loon/Pacific_Loon_0019_75422.jpg,86,85,086.Pacific_Loon,23,22,horizontal_flip,horizontal_flip,0,"{""flipped"":true}",0.36674234,0.011136517,-0.35560583,0.69298816,0.98892528,0.06767045,0.0001557389,0.62531771,0.98876954,0.36345183,0.66467082,0.028646859,72.434294,2.075015,False,0.93880689,True,True,True,0.66467082,0.028646859,72.434294,2.075015,0.65956918,0.028442848,71.806648,2.0423856,0.90928885,0.038522533,9.5148383,0.36653568,0.8491388,0.023522471,27.144372,0.63850269,0.60973752,0.026539224,31.321566,0.83125005,0.63973582,0.027719725,37.820038,1.0483611,0.5665091,0.029504095,32.249962,0.95150594,0.72737763,0.033221307,31.111444,1.0335628
0b_baseline_best,file,13,baseline,5003,086.Pacific_Loon/Pacific_Loon_0019_75422.jpg,86,85,086.Pacific_Loon,23,22,color_jitter,color_jitter,0,"{""brightness"":1.125449,""contrast"":1.061656,""hue"":0.053947,""saturation"":1.147959}",0.36674234,0.3271347,-0.039607644,0.69298816,0.7209866,0.06767045,0.0094076404,0.62531771,0.71157896,0.086261257,0.83501846,0.85568584,72.434294,61.980999,False,0.94910318,True,True,True,0.83501846,0.85568584,72.434294,61.980999,0.83393852,0.8539206,71.806648,61.317176,0.89499308,0.95083062,9.5148383,9.0469996,0.91999091,0.90910801,27.144372,24.677166,0.81813477,0.88077774,31.321566,27.587338,0.79798471,0.78034852,37.820038,29.512811,0.8219711,0.86148515,32.249962,27.782864,0.84852501,0.87842543,31.111444,27.329084
0b_baseline_best,file,13,baseline,5003,086.Pacific_Loon/Pacific_Loon_0019_75422.jpg,86,85,086.Pacific_Loon,23,22,rotation,rotation,0,"{""angle"":3.823216}",0.36674234,1.2254579,0.85871556,0.69298816,0.29362321,0.06767045,0.19918245,0.62531771,0.094440758,-0.53087695,0.81411206,2.586179,72.434294,187.32805,False,0.93899965,True,True,True,0.81411206,2.586179,72.434294,187.32805,0.81253655,2.5885772,71.806648,185.87705,0.91037626,2.4457177,9.5148383,23.270608,0.93122139,2.8860175,27.144372,78.339132,0.8471683,2.7879303,31.321566,87.322342,0.7681589,2.6241249,37.820038,99.244505,0.75761485,2.3877942,32.249962,77.006274,0.80982827,2.2747791,31.111444,70.771664
0b_baseline_best,file,13,baseline,5003,086.Pacific_Loon/Pacific_Loon_0019_75422.jpg,86,85,086.Pacific_Loon,23,22,random_resized_crop,random_resized_crop,0,"{""area_fraction"":0.545423,""aspect"":1.263113,""fallback"":false,""height"":0.657121,""left"":0.085346,""top"":0.313164,""width"":0.830019}",0.36674234,3.4407077,3.0739653,0.69298816,0.032042008,0.06767045,0.11287265,0.62531771,-0.080830637,-0.70614835,0.62690866,2.7963577,72.434294,202.5522,False,0.87220335,False,True,False,0.62690866,2.7963577,72.434294,202.5522,0.6230524,2.7887701,71.806648,200.25224,0.82417182,3.1989386,9.5148383,30.437384,0.87330109,3.008673,27.144372,81.668538,0.66018131,3.0787447,31.321566,96.431106,0.53937414,2.4899929,37.820038,94.171626,0.51397816,2.6807063,32.249962,86.452676,0.61005004,2.8369096,31.111444,88.260353
0b_baseline_best,file,13,baseline,5003,086.Pacific_Loon/Pacific_Loon_0019_75422.jpg,86,85,086.Pacific_Loon,23,22,gaussian_blur,gaussian_blur,0,"{""sigma"":1.933606}",0.36674234,5.1917539,4.8250115,0.69298816,0.0055622426,0.06767045,0.022540934,0.62531771,-0.016978692,-0.6422964,0.13513502,3.4480501,72.434294,249.75707,False,0.57494181,False,True,False,0.13513502,3.4480501,72.434294,249.75707,0.12909395,3.4544677,71.806648,248.05374,0.52447919,3.060411,9.5148383,29.119316,0.22003437,3.0559991,27.144372,82.953176,0.0083219524,3.7887117,31.321566,118.66839,0.039078151,3.6308142,37.820038,137.31753,0.17757504,3.5086792,32.249962,113.15477,0.31403038,3.0335342,31.111444,94.377631
0b_baseline_best,file,13,baseline,5003,086.Pacific_Loon/Pacific_Loon_0019_75422.jpg,86,85,086.Pacific_Loon,23,22,random_erasing,random_erasing,0,"{""area_fraction"":0.148613,""erased"":true,""height"":0.599177,""left"":0.313375,""top"":0.062436,""width"":0.248029}",0.36674234,2.1155212,1.7487788,0.69298816,0.12057043,0.06767045,0.015683014,0.62531771,0.10488741,-0.52043029,0.51030077,1.759088,72.434294,127.41829,False,0.84547615,False,True,False,0.51030077,1.759088,72.434294,127.41829,0.5039631,1.7473867,71.806648,125.47398,0.80175022,2.3305012,9.5148383,22.174342,0.77009212,1.8919057,27.144372,51.354592,0.4324321,1.7195901,31.321566,53.860256,0.46336861,1.5995991,37.820038,60.4969,0.38366639,1.7182624,32.249962,55.413898,0.54079294,1.8947525,31.111444,58.948486
0b_baseline_best,file,13,baseline,5946,102.Western_Wood_Pewee/Western_Wood_Pewee_0041_795048.jpg,102,101,102.Western_Wood_Pewee,40,39,identity,identity,0,{},0.61268461,0.61268461,0,0.54189414,0.54189414,0.25062105,0.25062105,0.29127309,0.29127309,0,1,1,48.789416,48.789416,False,1,True,True,True,1,1,48.789416,48.789416,1,1,46.654715,46.654715,1,1,14.273917,14.273917,1,1,11.826286,11.826286,1,1,17.254945,17.254945,1,1,23.25838,23.25838,1,1,23.514042,23.514042,1,1,25.400903,25.400903
0b_baseline_best,file,13,baseline,5946,102.Western_Wood_Pewee/Western_Wood_Pewee_0041_795048.jpg,102,101,102.Western_Wood_Pewee,40,39,horizontal_flip,horizontal_flip,0,"{""flipped"":true}",0.61268461,0.69873524,0.08605063,0.54189414,0.49721378,0.25062105,0.15395504,0.29127309,0.34325874,0.051985651,0.59972372,1.2131302,48.789416,59.187916,False,0.97178078,True,True,True,0.59972372,1.2131302,48.789416,59.187916,0.57044718,1.2194378,46.654715,56.892523,0.9343793,1.1435758,14.273917,16.323306,0.56191396,1.5623183,11.826286,18.476424,0.44049374,1.161953,17.254945,20.049436,0.58000671,1.2583114,23.25838,29.266285,0.55510855,1.1720944,23.514042,27.560676,0.64387358,1.1660673,25.400903,29.619161
0b_baseline_best,file,13,baseline,5946,102.Western_Wood_Pewee/Western_Wood_Pewee_0041_795048.jpg,102,101,102.Western_Wood_Pewee,40,39,color_jitter,color_jitter,0,"{""brightness"":0.728994,""contrast"":0.943487,""hue"":-0.009053,""saturation"":0.672137}",0.61268461,0.25841123,-0.35427338,0.54189414,0.77227759,0.25062105,0.081627287,0.29127309,0.69065031,0.39937722,0.70304278,0.5187793,48.789416,25.310939,False,0.96365106,True,True,True,0.70304278,0.5187793,48.789416,25.310939,0.6834568,0.52382013,46.654715,24.438679,0.94575452,0.46150321,14.273917,6.5874583,0.60852126,0.38064581,11.826286,4.5016264,0.54294197,0.65117034,17.254945,11.235908,0.67559891,0.55809839,23.25838,12.980464,0.71412535,0.49089408,23.514042,11.542904,0.78631753,0.48056834,25.400903,12.20687
0b_baseline_best,file,13,baseline,5946,102.Western_Wood_Pewee/Western_Wood_Pewee_0041_795048.jpg,102,101,102.Western_Wood_Pewee,40,39,rotation,rotation,0,"{""angle"":14.359811}",0.61268461,1.2026012,0.58991659,0.54189414,0.30041179,0.25062105,0.36311081,0.29127309,-0.06269902,-0.35397211,0.6909433,1.5951253,48.789416,77.825233,False,0.96411777,False,True,False,0.6909433,1.5951253,48.789416,77.825233,0.66655836,1.5992786,46.654715,74.613885,0.96003585,1.5500609,14.273917,22.12544,0.70426506,1.6871904,11.826286,19.953197,0.61518654,1.6326319,17.254945,28.170974,0.62487654,1.6310298,23.25838,37.935111,0.6514359,1.5917058,23.514042,37.427436,0.73387218,1.5427361,25.400903,39.186891
0b_baseline_best,file,13,baseline,5946,102.Western_Wood_Pewee/Western_Wood_Pewee_0041_795048.jpg,102,101,102.Western_Wood_Pewee,40,39,random_resized_crop,random_resized_crop,0,"{""area_fraction"":0.899811,""aspect"":0.947411,""fallback"":false,""height"":0.974555,""left"":0.005581,""top"":0.009754,""width"":0.923304}",0.61268461,0.60744351,-0.005241096,0.54189414,0.54474175,0.25062105,0.21579376,0.29127309,0.32894799,0.037674904,0.80775194,1.0347006,48.789416,50.482437,False,0.98212677,True,True,True,0.80775194,1.0347006,48.789416,50.482437,0.79255399,1.0388433,46.654715,48.466938,0.97911985,0.98936062,14.273917,14.122051,0.83578108,1.0080705,11.826286,11.921731,0.72240957,1.2351279,17.254945,21.312064,0.79478521,1.0536754,23.25838,24.506782,0.78271566,0.9790183,23.514042,23.020677,0.83954984,0.98199284,25.400903,24.943505
0b_baseline_best,file,13,baseline,5946,102.Western_Wood_Pewee/Western_Wood_Pewee_0041_795048.jpg,102,101,102.Western_Wood_Pewee,40,39,gaussian_blur,gaussian_blur,0,"{""sigma"":1.697541}",0.61268461,1.1390815,0.52639687,0.54189414,0.32011294,0.25062105,0.23165791,0.29127309,0.088455036,-0.20281805,0.36617617,1.9613423,48.789416,95.692748,False,0.82307231,True,True,True,0.36617617,1.9613423,48.789416,95.692748,0.34523165,2.0192024,46.654715,94.205313,0.80145529,1.1774326,14.273917,16.806575,-0.077491541,2.3019708,11.826286,27.223766,0.17367248,2.8248042,17.254945,48.741842,0.39350349,2.0260043,23.25838,47.121577,0.41855485,1.8524737,23.514042,43.559145,0.52132141,1.5942606,25.400903,40.495659
0b_baseline_best,file,13,baseline,5946,102.Western_Wood_Pewee/Western_Wood_Pewee_0041_795048.jpg,102,101,102.Western_Wood_Pewee,40,39,random_erasing,random_erasing,0,"{""area_fraction"":0.07206,""erased"":true,""height"":0.27661,""left"":0.217483,""top"":0.221,""width"":0.260512}",0.61268461,0.84906662,0.23638201,0.54189414,0.42781407,0.25062105,0.12603578,0.29127309,0.30177829,0.010505199,0.65942547,1.3837004,48.789416,67.509935,False,0.94052172,True,True,True,0.65942547,1.3837004,48.789416,67.509935,0.64317655,1.4007067,46.654715,65.349571,0.872682,1.1869067,14.273917,16.941808,0.39483631,0.80674645,11.826286,9.5408146,0.56472314,1.390376,17.254945,23.990862,0.65742515,1.4495873,23.25838,33.715052,0.64349092,1.4515126,23.514042,34.130927,0.70982151,1.4207419,25.400903,36.088128
0b_baseline_best,file,13,baseline,7141,122.Harris_Sparrow/Harris_Sparrow_0039_116409.jpg,122,121,122.Harris_Sparrow,99,98,identity,identity,0,{},2.1436167,2.1436167,0,0.1172301,0.1172301,0.41774148,0.41774148,-0.30051138,-0.30051138,0,1,1,142.4082,142.4082,False,1,True,False,False,1,1,142.4082,142.4082,1,1,140.43146,140.43146,1,1,23.645306,23.645306,1,1,34.593451,34.593451,1,1,72.625751,72.625751,1,1,76.802172,76.802172,1,1,63.379273,63.379273,1,1,57.743249,57.743249
0b_baseline_best,file,13,baseline,7141,122.Harris_Sparrow/Harris_Sparrow_0039_116409.jpg,122,121,122.Harris_Sparrow,99,98,horizontal_flip,horizontal_flip,0,"{""flipped"":true}",2.1436167,1.2242173,-0.91939938,0.1172301,0.29398772,0.41774148,0.2805765,-0.30051138,0.013411224,0.3139226,0.66097716,0.90323244,142.4082,128.62771,False,0.9541676,False,False,True,0.66097716,0.90323244,142.4082,128.62771,0.65355251,0.90468247,140.43146,127.04588,0.94077457,0.85050581,23.645306,20.11047,0.68252576,0.8034207,34.593451,27.793094,0.57949681,0.76988583,72.625751,55.913537,0.6793795,0.95393021,76.802172,73.263912,0.646561,1.0030655,63.379273,63.573559,0.72329043,0.92171654,57.743249,53.222908
0b_baseline_best,file,13,baseline,7141,122.Harris_Sparrow/Harris_Sparrow_0039_116409.jpg,122,121,122.Harris_Sparrow,99,98,color_jitter,color_jitter,0,"{""brightness"":1.167494,""contrast"":1.296765,""hue"":0.084174,""saturation"":0.698681}",2.1436167,4.525877,2.3822603,0.1172301,0.010825214,0.41774148,0.13179813,-0.30051138,-0.12097292,0.17953846,0.69118053,0.90181857,142.4082,128.42636,False,0.89226902,False,False,False,0.69118053,0.90181857,142.4082,128.42636,0.68825181,0.89302338,140.43146,125.40858,0.79452387,1.1705088,23.645306,27.67704,0.48145934,0.72858919,34.593451,25.204414,0.73458539,0.76280114,72.625751,55.399006,0.7180675,0.84317879,76.802172,64.757963,0.68324684,0.96897715,63.379273,61.413067,0.68372169,1.1031797,57.743249,63.701183
0b_baseline_best,file,13,baseline,7141,122.Harris_Sparrow/Harris_Sparrow_0039_116409.jpg,122,121,122.Harris_Sparrow,99,98,rotation,rotation,0,"{""angle"":-3.429972}",2.1436167,1.7183517,-0.42526495,0.1172301,0.17936155,0.41774148,0.31793147,-0.30051138,-0.13856992,0.16194145,0.7825511,0.97578188,142.4082,138.95934,False,0.96469015,True,False,False,0.7825511,0.97578188,142.4082,138.95934,0.77749332,0.97546303,140.43146,136.9857,0.95892639,0.98696248,23.645306,23.33703,0.69436761,0.94371513,34.593451,32.646363,0.78290315,0.93873341,72.625751,68.176219,0.77905237,1.0091619,76.802172,77.505824,0.77228009,1.0023214,63.379273,63.526403,0.80490234,0.94989787,57.743249,54.85019
0b_baseline_best,file,13,baseline,7141,122.Harris_Sparrow/Harris_Sparrow_0039_116409.jpg,122,121,122.Harris_Sparrow,99,98,random_resized_crop,random_resized_crop,0,"{""area_fraction"":0.648505,""aspect"":1.127072,""fallback"":false,""height"":0.758544,""left"":0.14225,""top"":0.106214,""width"":0.854934}",2.1436167,2.9135981,0.76998138,0.1172301,0.054280084,0.41774148,0.56760079,-0.30051138,-0.5133207,-0.21280933,0.73624896,1.0777694,142.4082,153.48321,False,0.94382858,True,False,False,0.73624896,1.0777694,142.4082,153.48321,0.72990896,1.0728828,140.43146,150.6665,0.93737821,1.2378559,23.645306,29.269481,0.68950916,1.1013944,34.593451,38.101033,0.73534094,0.93809272,72.625751,68.129688,0.78076155,1.0316862,76.802172,79.235739,0.71297654,1.1227252,63.379273,71.157507,0.69919339,1.2566452,57.743249,72.562776
0b_baseline_best,file,13,baseline,7141,122.Harris_Sparrow/Harris_Sparrow_0039_116409.jpg,122,121,122.Harris_Sparrow,99,98,gaussian_blur,gaussian_blur,0,"{""sigma"":1.950042}",2.1436167,4.7315731,2.5879564,0.1172301,0.008812598,0.41774148,0.0027392514,-0.30051138,0.0060733466,0.30658472,0.225155,1.2888798,142.4082,183.54706,False,0.71426022,False,False,False,0.225155,1.2888798,142.4082,183.54706,0.21545647,1.2929805,140.43146,181.57514,0.61680592,1.1347997,23.645306,26.832687,-0.021370385,1.2416074,34.593451,42.951484,0.09584245,1.0992089,72.625751,79.830872,0.22410947,1.4224274,76.802172,109.24551,0.30078848,1.3775589,63.379273,87.308683,0.34245934,1.2481424,57.743249,72.071797
0b_baseline_best,file,13,baseline,7141,122.Harris_Sparrow/Harris_Sparrow_0039_116409.jpg,122,121,122.Harris_Sparrow,99,98,random_erasing,random_erasing,0,"{""area_fraction"":0.084899,""erased"":true,""height"":0.28968,""left"":0.586878,""top"":0.263616,""width"":0.293077}",2.1436167,6.4591608,4.3155441,0.1172301,0.001566109,0.41774148,0.0091693019,-0.30051138,-0.0076031929,0.29290818,0.18628054,0.65845391,142.4082,93.769238,False,0.74777627,False,False,False,0.18628054,0.65845391,142.4082,93.769238,0.16466558,0.64019131,140.43146,89.903001,0.64840492,1.1269925,23.645306,26.648083,0.098016872,0.52439329,34.593451,18.140573,-0.059490766,0.45721997,72.625751,33.205944,0.18659741,0.57791111,76.802172,44.384829,0.21575443,0.68343636,63.379273,43.315699,0.30493952,0.91713242,57.743249,52.958206
0b_baseline_best,file,13,baseline,3375,059.California_Gull/California_Gull_0111_41033.jpg,59,58,059.California_Gull,66,65,identity,identity,0,{},0.03447764,0.03447764,0,0.96610993,0.96610993,0.019161517,0.019161517,0.94694841,0.94694841,0,1,1,4.8501051,4.8501051,False,1.0000001,True,True,True,1,1,4.8501051,4.8501051,1,1,4.7006964,4.7006964,1,1,1.1945597,1.1945597,1,1,1.1203496,1.1203496,1,1,2.3607775,2.3607775,1,1,2.403694,2.403694,1,1,2.0779187,2.0779187,1,1,2.2743355,2.2743355
0b_baseline_best,file,13,baseline,3375,059.California_Gull/California_Gull_0111_41033.jpg,59,58,059.California_Gull,66,65,horizontal_flip,horizontal_flip,0,"{""flipped"":true}",0.03447764,0.031447671,-0.0030299686,0.96610993,0.96904165,0.019161517,0.015154082,0.94694841,0.95388756,0.0069391485,0.62779291,0.8580615,4.8501051,4.1616885,False,0.97825056,True,True,True,0.62779291,0.8580615,4.8501051,4.1616885,0.60411882,0.8538584,4.7006964,4.0137291,0.96943758,0.92070035,1.1945597,1.0998316,0.47429686,0.74543079,1.1203496,0.83514309,0.50136213,0.7158844,2.3607775,1.6900438,0.5956872,0.89733751,2.403694,2.1569248,0.61864207,0.93966491,2.0779187,1.9525473,0.72941399,0.88938352,2.2743355,2.0227565
0b_baseline_best,file,13,baseline,3375,059.California_Gull/California_Gull_0111_41033.jpg,59,58,059.California_Gull,66,65,color_jitter,color_jitter,0,"{""brightness"":1.268139,""contrast"":0.663428,""hue"":0.072114,""saturation"":1.015485}",0.03447764,0.64271158,0.60823394,0.96610993,0.5258646,0.019161517,0.26674467,0.94694841,0.25911993,-0.68782849,0.74954488,16.478091,4.8501051,79.920474,False,0.93229616,True,True,True,0.74954488,16.478091,4.8501051,79.920474,0.74271471,16.70646,4.7006964,78.531998,0.92353836,12.416836,1.1945597,14.832652,0.76669394,26.815386,1.1203496,30.042607,0.7515069,16.269471,2.3607775,38.408602,0.76330211,16.632821,2.403694,39.980212,0.71421911,16.506907,2.0779187,34.300011,0.77262068,14.00523,2.2743355,31.852592
0b_baseline_best,file,13,baseline,3375,059.California_Gull/California_Gull_0111_41033.jpg,59,58,059.California_Gull,66,65,rotation,rotation,0,"{""angle"":-9.06972}",0.03447764,0.24766095,0.21318331,0.96610993,0.78062457,0.019161517,0.096507035,0.94694841,0.68411753,-0.26283088,0.7115149,6.0986265,4.8501051,29.57898,False,0.95991421,True,True,True,0.7115149,6.0986265,4.8501051,29.57898,0.69923633,6.1524639,4.7006964,28.920865,0.94641376,5.1942183,1.1945597,6.204804,0.7674849,6.072132,1.1203496,6.8029107,0.69336902,5.490034,2.3607775,12.960749,0.65145924,6.1840676,2.403694,14.864606,0.68652236,6.8980725,2.0779187,14.333634,0.76275828,6.1516583,2.2743355,13.990935
0b_baseline_best,file,13,baseline,3375,059.California_Gull/California_Gull_0111_41033.jpg,59,58,059.California_Gull,66,65,random_resized_crop,random_resized_crop,0,"{""area_fraction"":0.533129,""aspect"":1.020321,""fallback"":false,""height"":0.722849,""left"":0.176217,""top"":0.264465,""width"":0.737538}",0.03447764,0.24854349,0.21406585,0.96610993,0.77993596,0.019161517,0.006458919,0.94694841,0.77347704,-0.17347138,0.57609802,8.0494514,4.8501051,39.040686,False,0.90711379,True,True,True,0.57609802,8.0494514,4.8501051,39.040686,0.56898698,8.1558171,4.7006964,38.33802,0.74302183,6.1727266,1.1945597,7.3736907,0.51150472,7.4057833,1.1203496,8.2970665,0.61067091,7.7498446,2.3607775,18.295659,0.5880875,8.4833508,2.403694,20.39138,0.54243158,8.7202022,2.0779187,18.119871,0.54293151,7.8910771,2.2743355,17.946957
0b_baseline_best,file,13,baseline,3375,059.California_Gull/California_Gull_0111_41033.jpg,59,58,059.California_Gull,66,65,gaussian_blur,gaussian_blur,0,"{""sigma"":1.107158}",0.03447764,0.049611304,0.015133664,0.96610993,0.95159924,0.019161517,0.028383514,0.94694841,0.92321573,-0.023732688,0.71623929,1.5464583,4.8501051,7.5004852,False,0.9738425,True,True,True,0.71623929,1.5464583,4.8501051,7.5004852,0.70081624,1.5509452,4.7006964,7.2905227,0.96816525,1.4752374,1.1945597,1.7622592,0.53983436,1.3391641,1.1203496,1.500332,0.70711289,1.5132389,2.3607775,3.5724205,0.61077875,1.5703825,2.403694,3.7747189,0.71283114,1.695311,2.0779187,3.5227185,0.82879023,1.489792,2.2743355,3.3882869
0b_baseline_best,file,13,baseline,3375,059.California_Gull/California_Gull_0111_41033.jpg,59,58,059.California_Gull,66,65,random_erasing,random_erasing,0,"{""area_fraction"":0.133995,""erased"":true,""height"":0.641898,""left"":0.161636,""top"":0.144172,""width"":0.208748}",0.03447764,0.12512864,0.090651002,0.96610993,0.88238341,0.019161517,0.083720677,0.94694841,0.79866273,-0.14828569,0.90274866,3.6137801,4.8501051,17.527214,False,0.98678738,True,True,True,0.90274866,3.6137801,4.8501051,17.527214,0.89789021,3.6155055,4.7006964,16.995394,0.97860676,3.5869577,1.1945597,4.2848352,0.94998564,3.8771021,1.1203496,4.3437098,0.89379385,3.5064771,2.3607775,8.2780125,0.90051489,3.662567,2.403694,8.8036903,0.88072493,3.6022041,2.0779187,7.4850873,0.90101597,3.6235966,2.2743355,8.2412744
0b_baseline_best,file,13,baseline,1165,021.Eastern_Towhee/Eastern_Towhee_0082_22330.jpg,21,20,021.Eastern_Towhee,158,157,identity,identity,0,{},0.015888751,0.015888751,0,0.98423684,0.98423684,0.0099207163,0.0099207163,0.97431612,0.97431612,0,1,1,2.7073928,2.7073928,False,1,True,True,True,1,1,2.7073928,2.7073928,1,1,2.6397574,2.6397574,1,1,0.60137886,0.60137886,1,1,0.42038154,0.42038154,1,1,1.1669977,1.1669977,1,1,1.5148998,1.5148998,1,1,1.2617719,1.2617719,1,1,1.242065,1.242065
0b_baseline_best,file,13,baseline,1165,021.Eastern_Towhee/Eastern_Towhee_0082_22330.jpg,21,20,021.Eastern_Towhee,158,157,horizontal_flip,horizontal_flip,0,"{""flipped"":true}",0.015888751,0.0051975842,-0.010691166,0.98423684,0.99481589,0.0099207163,0.0028168042,0.97431612,0.99199908,0.017682962,0.64291709,0.30127269,2.7073928,0.81566351,False,0.97237867,True,True,True,0.64291709,0.30127269,2.7073928,0.81566351,0.62497878,0.30026238,2.6397574,0.79261985,0.96836042,0.3201171,0.60137886,0.19251165,0.51827193,0.31322642,0.42038154,0.13167461,0.52054027,0.31784079,1.1669977,0.37091948,0.67725458,0.28486611,1.5148998,0.4315436,0.58667831,0.30162426,1.2617719,0.38058101,0.70265318,0.30366128,1.242065,0.37716705
0b_baseline_best,file,13,baseline,1165,021.Eastern_Towhee/Eastern_Towhee_0082_22330.jpg,21,20,021.Eastern_Towhee,158,157,color_jitter,color_jitter,0,"{""brightness"":1.318748,""contrast"":0.678232,""hue"":-0.083126,""saturation"":1.066382}",0.015888751,0.041774452,0.025885701,0.98423684,0.95908606,0.0099207163,0.0047262353,0.97431612,0.95435983,-0.019956295,0.44512477,3.0465545,2.7073928,8.2482199,False,0.91614115,True,True,True,0.44512477,3.0465545,2.7073928,8.2482199,0.4325499,3.082382,2.6397574,8.1367409,0.7990071,2.2473515,0.60137886,1.3515096,0.1632556,3.1845907,0.42038154,1.3387431,0.31436548,3.5061611,1.1669977,4.0916821,0.3766116,3.09701,1.5148998,4.6916597,0.47630258,2.9453869,1.2617719,3.7164063,0.65198162,2.7713959,1.242065,3.4422538
0b_baseline_best,file,13,baseline,1165,021.Eastern_Towhee/Eastern_Towhee_0082_22330.jpg,21,20,021.Eastern_Towhee,158,157,rotation,rotation,0,"{""angle"":6.394969}",0.015888751,0.059723385,0.043834634,0.98423684,0.94202507,0.0099207163,0.025576077,0.97431612,0.91644899,-0.057867132,0.77961242,3.4286169,2.7073928,9.2826128,False,0.97358167,True,True,True,0.77961242,3.4286169,2.7073928,9.2826128,0.77147871,3.4454486,2.6397574,9.0951486,0.9590745,3.0864362,0.60137886,1.8561175,0.62361876,4.0565672,0.42038154,1.705306,0.70964313,3.3865356,1.1669977,3.9520793,0.79472714,3.3600824,1.5148998,5.0901881,0.76455166,3.5099947,1.2617719,4.4288125,0.82017586,3.4788181,1.242065,4.3209182
0b_baseline_best,file,13,baseline,1165,021.Eastern_Towhee/Eastern_Towhee_0082_22330.jpg,21,20,021.Eastern_Towhee,158,157,random_resized_crop,random_resized_crop,0,"{""area_fraction"":0.570504,""aspect"":1.039273,""fallback"":false,""height"":0.740908,""left"":0.101343,""top"":0.257888,""width"":0.770006}",0.015888751,0.29475787,0.27886912,0.98423684,0.74471188,0.0099207163,0.23463084,0.97431612,0.51008104,-0.46423508,0.70268641,19.691469,2.7073928,53.312543,False,0.93731666,True,True,True,0.70268641,19.691469,2.7073928,53.312543,0.69122437,19.653142,2.6397574,51.879527,0.91576659,20.415916,0.60137886,12.2777,0.53270894,20.953042,0.42038154,8.8082721,0.72680005,21.587285,1.1669977,25.192312,0.71826572,19.543973,1.5148998,29.60716,0.62613172,18.729526,1.2617719,23.632389,0.70534064,18.781241,1.242065,23.327522
0b_baseline_best,file,13,baseline,1165,021.Eastern_Towhee/Eastern_Towhee_0082_22330.jpg,21,20,021.Eastern_Towhee,158,157,gaussian_blur,gaussian_blur,0,"{""sigma"":1.037438}",0.015888751,0.15123439,0.13534564,0.98423684,0.8596462,0.0099207163,0.062839337,0.97431612,0.79680686,-0.17750926,0.74657265,10.098729,2.7073928,27.341225,False,0.95252132,True,True,True,0.74657265,10.098729,2.7073928,27.341225,0.73950878,10.193471,2.6397574,26.908291,0.93861804,8.0586173,0.60137886,4.8462821,0.66238906,13.450715,0.42038154,5.6544323,0.73431077,10.164395,1.1669977,11.861826,0.7245917,10.684445,1.5148998,16.185863,0.74783737,10.260095,1.2617719,12.945899,0.78831982,8.8855273,1.242065,11.036402
0b_baseline_best,file,13,baseline,1165,021.Eastern_Towhee/Eastern_Towhee_0082_22330.jpg,21,20,021.Eastern_Towhee,158,157,random_erasing,random_erasing,0,"{""area_fraction"":0.079862,""erased"":true,""height"":0.352416,""left"":0.158393,""top"":0.421289,""width"":0.226612}",0.015888751,0.43047991,0.41459116,0.98423684,0.65019697,0.0099207163,0.0064611635,0.97431612,0.64373581,-0.33058031,0.27470942,23.314376,2.7073928,63.121175,False,0.86538249,True,True,True,0.27470942,23.314376,2.7073928,63.121175,0.25684565,23.518603,2.6397574,62.083408,0.70794272,18.954483,0.60137886,11.398825,0.10343541,28.201889,0.42038154,11.855554,0.12416111,23.285264,1.1669977,27.173851,0.20958377,23.664961,1.5148998,35.850044,0.25042858,24.568825,1.2617719,31.000252,0.49084507,21.740019,1.242065,27.002517
0b_baseline_best,file,13,baseline,1171,021.Eastern_Towhee/Eastern_Towhee_0027_22372.jpg,21,20,021.Eastern_Towhee,195,194,identity,identity,0,{},6.0446372,6.0446372,0,0.0023705412,0.0023705412,0.7792415,0.7792415,-0.77687096,-0.77687096,0,1,1,291.31376,291.31376,False,1,True,False,False,1,1,291.31376,291.31376,1,1,288.87247,288.87247,1,1,37.635117,37.635117,1,1,124.02528,124.02528,1,1,151.11605,151.11605,1,1,141.19738,141.19738,1,1,120.08292,120.08292,1,1,104.27063,104.27063
0b_baseline_best,file,13,baseline,1171,021.Eastern_Towhee/Eastern_Towhee_0027_22372.jpg,21,20,021.Eastern_Towhee,195,194,horizontal_flip,horizontal_flip,0,"{""flipped"":true}",6.0446372,3.0061047,-3.0385325,0.0023705412,0.049484059,0.7792415,0.39324737,-0.77687096,-0.34376331,0.43310765,0.65258669,0.66882327,291.31376,194.83742,False,0.93225771,True,False,False,0.65258669,0.66882327,291.31376,194.83742,0.64816129,0.66785034,288.87247,192.92358,0.89521963,0.72383895,37.635117,27.241763,0.77095333,0.60115058,124.02528,74.557869,0.666461,0.68650456,151.11605,103.74186,0.5848978,0.69380109,141.19738,97.962895,0.57692639,0.65448152,120.08292,78.592054,0.67116033,0.68655794,104.27063,71.587827
0b_baseline_best,file,13,baseline,1171,021.Eastern_Towhee/Eastern_Towhee_0027_22372.jpg,21,20,021.Eastern_Towhee,195,194,color_jitter,color_jitter,0,"{""brightness"":1.354355,""contrast"":1.34858,""hue"":-0.044754,""saturation"":1.067687}",6.0446372,6.3786077,0.33397055,0.0023705412,0.0016974851,0.7792415,0.74177688,-0.77687096,-0.7400794,0.036791563,0.78582545,0.65454106,291.31376,190.67682,False,0.910339,True,False,False,0.78582545,0.65454106,291.31376,190.67682,0.7838879,0.64952404,288.87247,187.62961,0.90979343,0.90215082,37.635117,33.952551,0.89557954,0.52924642,124.02528,65.639935,0.81286052,0.57128375,151.11605,86.330146,0.75114991,0.67714142,141.19738,95.610594,0.76824479,0.73254574,120.08292,87.966233,0.75007397,0.77699833,104.27063,81.018103
0b_baseline_best,file,13,baseline,1171,021.Eastern_Towhee/Eastern_Towhee_0027_22372.jpg,21,20,021.Eastern_Towhee,195,194,rotation,rotation,0,"{""angle"":-6.062127}",6.0446372,4.0611663,-1.9834709,0.0023705412,0.017228918,0.7792415,0.77377397,-0.77687096,-0.75654505,0.020325911,0.83141846,0.94457848,291.31376,275.16871,False,0.9543463,True,False,False,0.83141846,0.94457848,291.31376,275.16871,0.82934576,0.94450094,288.87247,272.84032,0.95294503,0.94913557,37.635117,35.720828,0.85123646,0.80023702,124.02528,99.249619,0.84479825,0.92044525,151.11605,139.09405,0.82075449,0.95776787,141.19738,135.23431,0.81934615,1.0556692,120.08292,126.76784,0.82596047,1.0006173,104.27063,104.335
0b_baseline_best,file,13,baseline,1171,021.Eastern_Towhee/Eastern_Towhee_0027_22372.jpg,21,20,021.Eastern_Towhee,195,194,random_resized_crop,random_resized_crop,0,"{""area_fraction"":0.639816,""aspect"":1.210304,""fallback"":false,""height"":0.727077,""left"":0.058668,""top"":0.184615,""width"":0.879984}",6.0446372,3.5185633,-2.5260739,0.0023705412,0.029641993,0.7792415,0.39873752,-0.77687096,-0.36909553,0.40777543,0.70931015,0.7969275,291.31376,232.15595,False,0.93107295,True,False,False,0.70931015,0.7969275,291.31376,232.15595,0.70619945,0.79705908,288.87247,230.24843,0.89445133,0.78913671,37.635117,29.699252,0.74961187,0.64232146,124.02528,79.664098,0.72495034,0.82367006,151.11605,124.46977,0.66744267,0.80209524,141.19738,113.25375,0.69381415,0.84858163,120.08292,101.90016,0.72703479,0.85592584,104.27063,89.247925
0b_baseline_best,file,13,baseline,1171,021.Eastern_Towhee/Eastern_Towhee_0027_22372.jpg,21,20,021.Eastern_Towhee,195,194,gaussian_blur,gaussian_blur,0,"{""sigma"":1.222764}",6.0446372,1.9356678,-4.1089694,0.0023705412,0.14432785,0.7792415,0.23701365,-0.77687096,-0.092685804,0.68418516,0.57032771,0.57619107,291.31376,167.85239,False,0.87612081,True,False,False,0.57032771,0.57619107,291.31376,167.85239,0.56575855,0.57425335,288.87247,165.88598,0.80552859,0.68068464,37.635117,25.617646,0.65246784,0.38780896,124.02528,48.098115,0.55647793,0.46795435,151.11605,70.715416,0.52770274,0.61381831,141.19738,86.669537,0.57555706,0.70789124,120.08292,85.005649,0.64069402,0.7090753,104.27063,73.935727
0b_baseline_best,file,13,baseline,1171,021.Eastern_Towhee/Eastern_Towhee_0027_22372.jpg,21,20,021.Eastern_Towhee,195,194,random_erasing,random_erasing,0,"{""area_fraction"":0.071621,""erased"":true,""height"":0.274167,""left"":0.223438,""top"":0.394712,""width"":0.261232}",6.0446372,4.8282332,-1.216404,0.0023705412,0.008000643,0.7792415,0.41461846,-0.77687096,-0.40661782,0.37025314,0.8031541,0.69249112,291.31376,201.73219,False,0.9066236,True,False,False,0.8031541,0.69249112,291.31376,201.73219,0.80303214,0.68770909,288.87247,198.66022,0.84495566,0.93187604,37.635117,35.071263,0.89804343,0.61469983,124.02528,76.238318,0.84117769,0.65731309,151.11605,99.330561,0.77714709,0.69794299,141.19738,98.547722,0.76094064,0.71030772,120.08292,85.295826,0.73948318,0.79084764,104.27063,82.46218
0b_baseline_best,file,13,baseline,6988,120.Fox_Sparrow/Fox_Sparrow_0116_115311.jpg,120,119,120.Fox_Sparrow,131,130,identity,identity,0,{},0.011884833,0.011884833,0,0.98818552,0.98818552,0.0031146128,0.0031146128,0.98507091,0.98507091,0,1,1,2.0013839,2.0013839,False,1,True,True,True,1,1,2.0013839,2.0013839,1,1,1.9700162,1.9700162,1,1,0.35295003,0.35295003,1,1,0.35731936,0.35731936,1,1,0.8471595,0.8471595,1,1,1.1878522,1.1878522,1,1,0.90235437,0.90235437,1,1,0.90020607,0.90020607
0b_baseline_best,file,13,baseline,6988,120.Fox_Sparrow/Fox_Sparrow_0116_115311.jpg,120,119,120.Fox_Sparrow,131,130,horizontal_flip,horizontal_flip,0,"{""flipped"":true}",0.011884833,0.0033301632,-0.0085546696,0.98818552,0.99667537,0.0031146128,0.0001931923,0.98507091,0.99648218,0.011411268,0.71517649,0.23367238,2.0013839,0.46766812,False,0.96215582,True,True,True,0.71517649,0.23367238,2.0013839,0.46766812,0.70716974,0.23189218,1.9700162,0.45683134,0.93312459,0.28358964,0.35295003,0.10009297,0.61300011,0.27435215,0.35731936,0.098031335,0.63154749,0.22036432,0.8471595,0.18668373,0.76155565,0.21928795,1.1878522,0.26048168,0.65524897,0.22464313,0.90235437,0.20270771,0.75390703,0.26121151,0.90020607,0.23514418
0b_baseline_best,file,13,baseline,6988,120.Fox_Sparrow/Fox_Sparrow_0116_115311.jpg,120,119,120.Fox_Sparrow,131,130,color_jitter,color_jitter,0,"{""brightness"":1.299544,""contrast"":1.215251,""hue"":-0.082303,""saturation"":1.38902}",0.011884833,0.83367538,0.82179055,0.98818552,0.43444958,0.0031146128,0.018965086,0.98507091,0.4154845,-0.56958641,0.459855,40.481857,2.0013839,81.019734,False,0.79547012,True,True,True,0.459855,40.481857,2.0013839,81.019734,0.45132581,40.605576,1.9700162,79.993642,0.75878095,36.41758,0.35295003,12.853586,0.23491576,45.967208,0.35731936,16.424974,0.31703046,44.930631,0.8471595,38.063411,0.51571589,39.851841,1.1878522,47.338098,0.41852013,38.198774,0.90235437,34.468831,0.54972878,39.296452,0.90020607,35.374905
0b_baseline_best,file,13,baseline,6988,120.Fox_Sparrow/Fox_Sparrow_0116_115311.jpg,120,119,120.Fox_Sparrow,131,130,rotation,rotation,0,"{""angle"":-8.45198}",0.011884833,0.019006746,0.0071219131,0.98818552,0.98117274,0.0031146128,0.0016165883,0.98507091,0.97955615,-0.00551476,0.73644435,1.4371271,2.0013839,2.876243,False,0.97189695,True,True,True,0.73644435,1.4371271,2.0013839,2.876243,0.73010169,1.4408273,1.9700162,2.838453,0.95558579,1.3166552,0.35295003,0.4647135,0.50650703,1.6971518,0.35731936,0.60642519,0.63895225,1.5869804,0.8471595,1.3444255,0.77514857,1.4014591,1.1878522,1.6647263,0.71637538,1.2974679,0.90235437,1.1707758,0.80473489,1.465133,0.90020607,1.3189216
0b_baseline_best,file,13,baseline,6988,120.Fox_Sparrow/Fox_Sparrow_0116_115311.jpg,120,119,120.Fox_Sparrow,131,130,random_resized_crop,random_resized_crop,0,"{""area_fraction"":0.807465,""aspect"":0.974315,""fallback"":false,""height"":0.910357,""left"":0.046351,""top"":0.035056,""width"":0.886975}",0.011884833,0.017974816,0.0060899835,0.98818552,0.98218578,0.0031146128,0.0029206031,0.98507091,0.97926518,-0.0058057343,0.78012246,1.4791651,2.0013839,2.9603773,False,0.96854079,True,True,True,0.78012246,1.4791651,2.0013839,2.9603773,0.7747655,1.4819583,1.9700162,2.9194817,0.95971635,1.389339,0.35295003,0.49036725,0.460338,1.9678099,0.35731936,0.70313657,0.70007423,1.5546877,0.8471595,1.3170684,0.81691177,1.4791707,1.1878522,1.7570362,0.77328944,1.3870988,0.90235437,1.2516546,0.85071508,1.4228023,0.90020607,1.2808153
0b_baseline_best,file,13,baseline,6988,120.Fox_Sparrow/Fox_Sparrow_0116_115311.jpg,120,119,120.Fox_Sparrow,131,130,gaussian_blur,gaussian_blur,0,"{""sigma"":1.701216}",0.011884833,0.93696398,0.92507914,0.98818552,0.3918156,0.0031146128,0.046726141,0.98507091,0.34508946,-0.63998145,0.3838853,58.639513,2.0013839,117.36017,False,0.78889513,True,True,True,0.3838853,58.639513,2.0013839,117.36017,0.37639738,59.154193,1.9700162,116.53472,0.7659718,39.368145,0.35295003,13.894988,-0.041120841,114.50295,0.35731936,40.914122,0.27749031,65.885093,0.8471595,55.815182,0.4264303,53.198573,1.1878522,63.192043,0.41637601,59.251556,0.90235437,53.4659,0.54978669,48.918115,0.90020607,44.036384
0b_baseline_best,file,13,baseline,6988,120.Fox_Sparrow/Fox_Sparrow_0116_115311.jpg,120,119,120.Fox_Sparrow,131,130,random_erasing,random_erasing,0,"{""area_fraction"":0.1762,""erased"":true,""height"":0.230471,""left"":0.207084,""top"":0.59406,""width"":0.764523}",0.011884833,0.17928162,0.16739679,0.98818552,0.83587044,0.0031146128,0.06767147,0.98507091,0.76819897,-0.21687194,0.76976395,13.512005,2.0013839,27.042709,False,0.93298161,True,True,True,0.76976395,13.512005,2.0013839,27.042709,0.76532319,13.529918,1.9700162,26.654157,0.91513938,12.941532,0.35295003,4.5677141,0.66942857,15.947341,0.35731936,5.6982939,0.71436848,15.026016,0.8471595,12.729432,0.79761386,13.402628,1.1878522,15.920342,0.77103186,13.097146,0.90235437,11.818267,0.78324638,12.310295,0.90020607,11.081803
0b_baseline_best,file,13,baseline,1860,033.Yellow_billed_Cuckoo/Yellow_Billed_Cuckoo_0121_26807.jpg,33,32,033.Yellow_billed_Cuckoo,31,30,identity,identity,0,{},0.10016053,0.10016053,0,0.90469217,0.90469217,0.023709685,0.023709685,0.88098249,0.88098249,0,1,1,15.883633,15.883633,False,1.0000001,True,True,True,1,1,15.883633,15.883633,1,1,15.528416,15.528416,1,1,3.3403714,3.3403714,1,1,2.5910712,2.5910712,1,1,5.2011135,5.2011135,1,1,9.127384,9.127384,1,1,7.99986,7.99986,1,1,7.7498112,7.7498112
0b_baseline_best,file,13,baseline,1860,033.Yellow_billed_Cuckoo/Yellow_Billed_Cuckoo_0121_26807.jpg,33,32,033.Yellow_billed_Cuckoo,31,30,horizontal_flip,horizontal_flip,0,"{""flipped"":true}",0.10016053,0.072402984,-0.027757548,0.90469217,0.93015599,0.023709685,0.036899142,0.88098249,0.89325685,0.012274362,0.60334998,0.70085945,15.883633,11.132194,False,0.96503305,True,True,True,0.60334998,0.70085945,15.883633,11.132194,0.58709531,0.69800617,15.528416,10.83893,0.92808193,0.75990724,3.3403714,2.5383724,0.4645275,0.89577308,2.5910712,2.3210119,0.5140282,0.76979073,5.2011135,4.0037689,0.59324568,0.64063058,9.127384,5.8472813,0.54875413,0.70276886,7.99986,5.6220525,0.67958554,0.7098938,7.7498112,5.501543
0b_baseline_best,file,13,baseline,1860,033.Yellow_billed_Cuckoo/Yellow_Billed_Cuckoo_0121_26807.jpg,33,32,033.Yellow_billed_Cuckoo,31,30,color_jitter,color_jitter,0,"{""brightness"":1.234838,""contrast"":0.987202,""hue"":0.084384,""saturation"":1.072909}",0.10016053,1.3141105,1.21395,0.90469217,0.26871321,0.023709685,0.33237815,0.88098249,-0.063664943,-0.94464743,0.54228965,6.8167296,15.883633,108.27443,False,0.86567742,False,True,False,0.54228965,6.8167296,15.883633,108.27443,0.52747399,6.7852883,15.528416,105.36478,0.83569927,7.463903,3.3403714,24.932208,0.12873975,8.4874859,2.5910712,21.991681,0.32669383,7.2215176,5.2011135,37.559933,0.54253467,6.1892581,9.127384,56.491735,0.54324043,7.0092711,7.99986,56.073188,0.64636456,6.9149442,7.7498112,53.589513
0b_baseline_best,file,13,baseline,1860,033.Yellow_billed_Cuckoo/Yellow_Billed_Cuckoo_0121_26807.jpg,33,32,033.Yellow_billed_Cuckoo,31,30,rotation,rotation,0,"{""angle"":-0.994648}",0.10016053,0.16743596,0.067275427,0.90469217,0.8458308,0.023709685,0.029109649,0.88098249,0.81672115,-0.06426134,0.84356161,1.701731,15.883633,27.02967,False,0.9870739,True,True,True,0.84356161,1.701731,15.883633,27.02967,0.83816688,1.7082438,15.528416,26.526321,0.97529932,1.5543327,3.3403714,5.1920486,0.77111433,2.4918587,2.5910712,6.4565834,0.70714388,1.8152019,5.2011135,9.4410712,0.86531431,1.7080898,9.127384,15.590392,0.83844212,1.6858033,7.99986,13.48619,0.89167561,1.5691829,7.7498112,12.160871
0b_baseline_best,file,13,baseline,1860,033.Yellow_billed_Cuckoo/Yellow_Billed_Cuckoo_0121_26807.jpg,33,32,033.Yellow_billed_Cuckoo,31,30,random_resized_crop,random_resized_crop,0,"{""area_fraction"":0.565807,""aspect"":1.130473,""fallback"":false,""height"":0.707464,""left"":0.136074,""top"":0.045859,""width"":0.799769}",0.10016053,0.33179015,0.23162962,0.90469217,0.7176379,0.023709685,0.11878231,0.88098249,0.59885558,-0.2821269,0.58499234,2.712724,15.883633,43.087912,False,0.92283303,True,True,True,0.58499234,2.712724,15.883633,43.087912,0.56896867,2.6925939,15.528416,41.811719,0.89014017,3.1161352,3.3403714,10.409049,0.5869515,4.585332,2.5910712,11.880922,0.45296335,3.5715207,5.2011135,18.575885,0.61275062,2.4277284,9.127384,22.158809,0.54447585,2.4829384,7.99986,19.86316,0.64599438,2.5035598,7.7498112,19.402116
0b_baseline_best,file,13,baseline,1860,033.Yellow_billed_Cuckoo/Yellow_Billed_Cuckoo_0121_26807.jpg,33,32,033.Yellow_billed_Cuckoo,31,30,gaussian_blur,gaussian_blur,0,"{""sigma"":1.692276}",0.10016053,2.5315578,2.4313973,0.90469217,0.07953503,0.023709685,0.13127889,0.88098249,-0.051743858,-0.93272635,0.45100047,7.50155,15.883633,119.15186,False,0.73092836,False,True,False,0.45100047,7.50155,15.883633,119.15186,0.43939585,7.478089,15.528416,116.12288,0.68661214,7.9917458,3.3403714,26.695399,0.14215752,7.3660541,2.5910712,19.085971,0.24907667,7.9347156,5.2011135,41.269356,0.49753892,7.1324997,9.127384,65.101063,0.43326838,7.7946999,7.99986,62.356508,0.49499667,7.4019613,7.7498112,57.363803
0b_baseline_best,file,13,baseline,1860,033.Yellow_billed_Cuckoo/Yellow_Billed_Cuckoo_0121_26807.jpg,33,32,033.Yellow_billed_Cuckoo,31,30,random_erasing,random_erasing,0,"{""area_fraction"":0.182632,""erased"":true,""height"":0.427291,""left"":0.327372,""top"":0.112202,""width"":0.427419}",0.10016053,1.4513602,1.3511997,0.90469217,0.23425144,0.023709685,0.04032642,0.88098249,0.19392502,-0.68705747,0.47016008,7.697209,15.883633,122.25964,False,0.84838074,True,True,True,0.47016008,7.697209,15.883633,122.25964,0.45711684,7.7458788,15.528416,120.28123,0.80938427,6.5577686,3.3403714,21.905383,0.30543734,7.5477759,2.5910712,19.556825,0.16767768,8.2903415,5.2011135,43.119007,0.43357494,7.0820517,9.127384,64.640605,0.49066559,8.1846836,7.99986,65.476323,0.60579281,7.9126155,7.7498112,61.321276
0b_baseline_best,file,13,baseline,7022,120.Fox_Sparrow/Fox_Sparrow_0036_115581.jpg,120,119,120.Fox_Sparrow,11,10,identity,identity,0,{},3.2399426,3.2399426,0,0.039166141,0.039166141,0.32790118,0.32790118,-0.28873504,-0.28873504,0,1,1,145.57293,145.57293,False,1,True,False,False,1,1,145.57293,145.57293,1,1,143.30625,143.30625,1,1,25.588995,25.588995,1,1,32.745401,32.745401,1,1,72.352718,72.352718,1,1,82.447837,82.447837,1,1,63.823494,63.823494,1,1,57.951879,57.951879
0b_baseline_best,file,13,baseline,7022,120.Fox_Sparrow/Fox_Sparrow_0036_115581.jpg,120,119,120.Fox_Sparrow,11,10,horizontal_flip,horizontal_flip,0,"{""flipped"":true}",3.2399426,3.1829534,-0.056989193,0.039166141,0.041463021,0.32790118,0.061588515,-0.28873504,-0.020125493,0.26860955,0.63157672,1.0032843,145.57293,146.05104,False,0.93582213,False,False,False,0.63157672,1.0032843,145.57293,146.05104,0.624582,1.00757,143.30625,144.39109,0.89712274,0.85807272,25.588995,21.957218,0.71766821,1.0421028,32.745401,34.124075,0.61599037,0.93818055,72.352718,67.879913,0.64907626,1.0595741,82.447837,87.359589,0.57183079,1.046007,63.823494,66.759821,0.62666567,0.94325372,57.951879,54.663325
0b_baseline_best,file,13,baseline,7022,120.Fox_Sparrow/Fox_Sparrow_0036_115581.jpg,120,119,120.Fox_Sparrow,11,10,color_jitter,color_jitter,0,"{""brightness"":0.848299,""contrast"":0.768084,""hue"":0.092421,""saturation"":1.083921}",3.2399426,7.1469612,3.9070187,0.039166141,0.00078725273,0.32790118,0.014616877,-0.28873504,-0.013829624,0.27490542,0.45878355,1.2705298,145.57293,184.95474,False,0.72949344,False,False,False,0.45878355,1.2705298,145.57293,184.95474,0.45339413,1.2758378,143.30625,182.83553,0.66192635,1.0910225,25.588995,27.91817,0.23323226,0.88845583,32.745401,29.092842,0.43705236,1.4353695,72.352718,103.85288,0.43914885,1.2313362,82.447837,101.52101,0.4992524,1.2850419,63.823494,82.015864,0.52107886,1.1910056,57.951879,69.021015
0b_baseline_best,file,13,baseline,7022,120.Fox_Sparrow/Fox_Sparrow_0036_115581.jpg,120,119,120.Fox_Sparrow,11,10,rotation,rotation,0,"{""angle"":12.386214}",3.2399426,3.7364786,0.49653602,0.039166141,0.0238379,0.32790118,0.26797378,-0.28873504,-0.24413588,0.044599162,0.7741836,0.97841884,145.57293,142.4313,False,0.90323693,True,False,False,0.7741836,0.97841884,145.57293,142.4313,0.7702232,0.97766621,143.30625,140.10568,0.89563264,1.0017368,25.588995,25.633439,0.85801513,0.97858538,32.745401,32.04417,0.79720604,0.94543578,72.352718,68.404848,0.77681624,0.96886188,82.447837,79.880566,0.72708031,1.0212278,63.823494,65.178328,0.74496777,0.99042736,57.951879,57.397126
0b_baseline_best,file,13,baseline,7022,120.Fox_Sparrow/Fox_Sparrow_0036_115581.jpg,120,119,120.Fox_Sparrow,11,10,random_resized_crop,random_resized_crop,0,"{""area_fraction"":0.713361,""aspect"":1.179634,""fallback"":false,""height"":0.777644,""left"":0.075122,""top"":0.113495,""width"":0.917336}",3.2399426,2.509654,-0.73028851,0.039166141,0.081296347,0.32790118,0.13264275,-0.28873504,-0.051346399,0.23738864,0.75836329,1.0188025,145.57293,148.31007,False,0.95492768,True,False,False,0.75836329,1.0188025,145.57293,148.31007,0.75366209,1.0220672,143.30625,146.46862,0.92881086,0.91048723,25.588995,23.298453,0.73483693,1.1024542,32.745401,36.100305,0.7380994,1.0806782,72.352718,78.190007,0.78120633,1.0212047,82.447837,84.196119,0.73892631,1.004511,63.823494,64.1114,0.75436458,0.91908095,57.951879,53.262468
0b_baseline_best,file,13,baseline,7022,120.Fox_Sparrow/Fox_Sparrow_0036_115581.jpg,120,119,120.Fox_Sparrow,11,10,gaussian_blur,gaussian_blur,0,"{""sigma"":1.885981}",3.2399426,6.9311686,3.691226,0.039166141,0.00097685901,0.32790118,0.0046893423,-0.28873504,-0.0037124833,0.28502256,0.35283767,0.64542943,145.57293,93.957053,False,0.67850101,False,False,False,0.35283767,0.64542943,145.57293,93.957053,0.34062954,0.63001885,143.30625,90.285639,0.62918606,1.0163858,25.588995,26.008291,0.26040168,0.58075339,32.745401,19.017002,0.25430719,0.48614789,72.352718,35.174121,0.39500981,0.55099022,82.447837,45.427952,0.32266092,0.66934411,63.823494,42.71988,0.41411268,0.89062539,57.951879,51.613415
0b_baseline_best,file,13,baseline,7022,120.Fox_Sparrow/Fox_Sparrow_0036_115581.jpg,120,119,120.Fox_Sparrow,11,10,random_erasing,random_erasing,0,"{""area_fraction"":0.099718,""erased"":true,""height"":0.292947,""left"":0.486663,""top"":0.039723,""width"":0.340398}",3.2399426,3.1517353,-0.088207245,0.039166141,0.042777825,0.32790118,0.19433846,-0.28873504,-0.15156063,0.13717441,0.92562592,0.93744019,145.57293,136.46592,False,0.98059064,False,False,False,0.92562592,0.93744019,145.57293,136.46592,0.92421685,0.93644349,143.30625,134.19821,0.96886835,0.96817964,25.588995,24.774744,0.96219091,0.8841501,32.745401,28.951849,0.95357016,0.90426722,72.352718,65.426191,0.92628411,0.93744796,82.447837,77.290557,0.90262242,0.96747132,63.823494,61.7474,0.89450234,0.96134372,57.951879,55.711675
0b_baseline_best,file,13,baseline,9421,161.Blue_winged_Warbler/Blue_Winged_Warbler_0012_162086.jpg,161,160,161.Blue_winged_Warbler,177,176,identity,identity,0,{},0.00081660773,0.00081660773,0,0.99918371,0.99918371,0.00023045251,0.00023045251,0.99895326,0.99895326,0,1,1,0.14227142,0.14227142,False,1,True,True,True,1,1,0.14227142,0.14227142,1,1,0.13984523,0.13984523,1,1,0.026162326,0.026162326,1,1,0.021071875,0.021071875,1,1,0.055064958,0.055064958,1,1,0.073796038,0.073796038,1,1,0.071153566,0.071153566,1,1,0.074644695,0.074644695
0b_baseline_best,file,13,baseline,9421,161.Blue_winged_Warbler/Blue_Winged_Warbler_0012_162086.jpg,161,160,161.Blue_winged_Warbler,177,176,horizontal_flip,horizontal_flip,0,"{""flipped"":true}",0.00081660773,0.0034759361,0.0026593284,0.99918371,0.99653012,0.00023045251,0.00073054997,0.99895326,0.99579957,-0.0031536962,0.70442191,4.3044733,0.14227142,0.61240353,False,0.97774327,True,True,True,0.70442191,4.3044733,0.14227142,0.61240353,0.69605029,4.3181334,0.13984523,0.60387038,0.97332418,3.8939823,0.026162326,0.10187563,0.41377923,5.4497262,0.021071875,0.11483595,0.57898821,3.6736965,0.055064958,0.20229194,0.68407879,4.6008103,0.073796038,0.33952157,0.68547048,4.3971284,0.071153566,0.31287137,0.8126417,4.1807184,0.074644695,0.31206845
0b_baseline_best,file,13,baseline,9421,161.Blue_winged_Warbler/Blue_Winged_Warbler_0012_162086.jpg,161,160,161.Blue_winged_Warbler,177,176,color_jitter,color_jitter,0,"{""brightness"":0.798626,""contrast"":0.988833,""hue"":-0.024235,""saturation"":1.317508}",0.00081660773,0.011269369,0.010452761,0.99918371,0.98879391,0.00023045251,0.0051691607,0.99895326,0.98362475,-0.015328513,0.75158566,18.015819,0.14227142,2.5631361,False,0.9491812,True,True,True,0.75158566,18.015819,0.14227142,2.5631361,0.74803842,18.151452,0.13984523,2.5383941,0.91809389,13.579727,0.026162326,0.35527725,0.3721173,22.949281,0.021071875,0.48358438,0.65144212,19.874427,0.055064958,1.0943845,0.78929467,20.435904,0.073796038,1.5080887,0.76120065,17.501371,0.071153566,1.245285,0.82639763,14.594809,0.074644695,1.0894251
0b_baseline_best,file,13,baseline,9421,161.Blue_winged_Warbler/Blue_Winged_Warbler_0012_162086.jpg,161,160,161.Blue_winged_Warbler,177,176,rotation,rotation,0,"{""angle"":-0.084254}",0.00081660773,0.00083435525,1.7747516e-05,0.99918371,0.99916601,0.00023045251,0.00023092363,0.99895326,0.99893509,-1.8173698e-05,0.98928391,1.0096374,0.14227142,0.14364254,False,0.99953461,True,True,True,0.98928391,1.0096374,0.14227142,0.14364254,0.98892945,1.0095497,0.13984523,0.14118071,0.99938896,1.0121405,0.026162326,0.02647995,0.97268462,1.0514725,0.021071875,0.022156496,0.98261574,1.0194023,0.055064958,0.056133347,0.98925344,1.0147129,0.073796038,0.074881789,0.98817729,0.99474479,0.071153566,0.07077964,0.99430796,1.0090458,0.074644695,0.075319914
0b_baseline_best,file,13,baseline,9421,161.Blue_winged_Warbler/Blue_Winged_Warbler_0012_162086.jpg,161,160,161.Blue_winged_Warbler,177,176,random_resized_crop,random_resized_crop,0,"{""area_fraction"":0.841649,""aspect"":0.843328,""fallback"":false,""height"":0.999004,""left"":0.092345,""top"":0.000377,""width"":0.842488}",0.00081660773,0.0014788893,0.00066228153,0.99918371,0.99852222,0.00023045251,0.00048430578,0.99895326,0.99803792,-0.00091534562,0.85429934,1.9349141,0.14227142,0.27528298,False,0.98870736,True,True,True,0.85429934,1.9349141,0.14227142,0.27528298,0.85007845,1.9388372,0.13984523,0.27113714,0.98450326,1.819254,0.026162326,0.047595916,0.72607153,2.4579376,0.021071875,0.051793354,0.80813112,1.9294781,0.055064958,0.10624663,0.84665216,1.9603411,0.073796038,0.1446654,0.83860766,1.9699261,0.071153566,0.14016727,0.90555739,1.8451389,0.074644695,0.13772983
0b_baseline_best,file,13,baseline,9421,161.Blue_winged_Warbler/Blue_Winged_Warbler_0012_162086.jpg,161,160,161.Blue_winged_Warbler,177,176,gaussian_blur,gaussian_blur,0,"{""sigma"":1.051212}",0.00081660773,0.0030465163,0.0022299086,0.99918371,0.99695814,0.00023045251,0.00017593203,0.99895326,0.9967822,-0.0021710573,0.72474036,3.9385657,0.14227142,0.56034533,False,0.95275128,True,True,True,0.72474036,3.9385657,0.14227142,0.56034533,0.71977266,3.9542698,0.13984523,0.55298578,0.89324033,3.4598819,0.026162326,0.090518559,0.66651581,5.4041772,0.021071875,0.11387615,0.73130783,4.2547678,0.055064958,0.23428861,0.70023563,4.3126773,0.073796038,0.3182585,0.6723042,3.7814489,0.071153566,0.26906358,0.80920253,3.3957826,0.074644695,0.25347716
0b_baseline_best,file,13,baseline,9421,161.Blue_winged_Warbler/Blue_Winged_Warbler_0012_162086.jpg,161,160,161.Blue_winged_Warbler,177,176,random_erasing,random_erasing,0,"{""area_fraction"":0.179257,""erased"":true,""height"":0.431162,""left"":0.091231,""top"":0.010642,""width"":0.415754}",0.00081660773,0.000644357,-0.00017225073,0.99918371,0.99935585,0.00023045251,4.0810239e-05,0.99895326,0.99931504,0.00036178049,0.71013237,0.73159128,0.14227142,0.10408453,False,0.96672559,True,True,True,0.71013237,0.73159128,0.14227142,0.10408453,0.70210008,0.72708837,0.13984523,0.10167984,0.91475772,0.85023313,0.026162326,0.022244077,0.4517348,0.62273244,0.021071875,0.01312214,0.61926592,0.64170193,0.055064958,0.03533529,0.69916556,0.65330788,0.073796038,0.048211533,0.65432766,0.7584345,0.071153566,0.05396532,0.80671107,0.8128457,0.074644695,0.060674619
0b_baseline_best,file,13,baseline,7272,125.Lincoln_Sparrow/Lincoln_Sparrow_0110_117264.jpg,125,124,125.Lincoln_Sparrow,131,130,identity,identity,0,{},0.1758543,0.1758543,0,0.83874017,0.83874017,0.12625864,0.12625864,0.71248153,0.71248153,0,1,1,40.311431,40.311431,False,1,True,True,True,1,1,40.311431,40.311431,1,1,39.768742,39.768742,1,1,6.5923149,6.5923149,1,1,8.5253757,8.5253757,1,1,15.654653,15.654653,1,1,26.739546,26.739546,1,1,18.087726,18.087726,1,1,14.88736,14.88736
0b_baseline_best,file,13,baseline,7272,125.Lincoln_Sparrow/Lincoln_Sparrow_0110_117264.jpg,125,124,125.Lincoln_Sparrow,131,130,horizontal_flip,horizontal_flip,0,"{""flipped"":true}",0.1758543,0.067660257,-0.10819404,0.83874017,0.93457794,0.12625864,0.016594354,0.71248153,0.91798359,0.20550206,0.62075505,0.31552814,40.311431,12.719391,False,0.9696753,True,True,True,0.62075505,0.31552814,40.311431,12.719391,0.61478899,0.31458419,39.768742,12.510618,0.82004103,0.34814331,6.5923149,2.2950703,0.24844782,0.34584765,8.5253757,2.9484811,0.50274072,0.32784985,15.654653,5.1323756,0.69560761,0.29157188,26.739546,7.7964997,0.60560778,0.33030074,18.087726,5.9743891,0.65526987,0.33586883,14.88736,5.0002
0b_baseline_best,file,13,baseline,7272,125.Lincoln_Sparrow/Lincoln_Sparrow_0110_117264.jpg,125,124,125.Lincoln_Sparrow,131,130,color_jitter,color_jitter,0,"{""brightness"":1.354612,""contrast"":1.261651,""hue"":-0.083641,""saturation"":1.032076}",0.1758543,1.8097211,1.6338668,0.83874017,0.16369978,0.12625864,0.49246538,0.71248153,-0.3287656,-1.0412471,0.72868025,3.0860181,40.311431,124.40181,False,0.88599336,False,True,False,0.72868025,3.0860181,40.311431,124.40181,0.7244407,3.0571972,39.768742,121.58089,0.8720748,3.9958536,6.5923149,26.341925,0.76933499,3.074562,8.5253757,26.211796,0.66479329,3.0965295,15.654653,48.475095,0.81892939,2.7238842,26.739546,72.835428,0.67717822,3.1531455,18.087726,57.033231,0.63397297,3.7921808,14.88736,56.455559
0b_baseline_best,file,13,baseline,7272,125.Lincoln_Sparrow/Lincoln_Sparrow_0110_117264.jpg,125,124,125.Lincoln_Sparrow,131,130,rotation,rotation,0,"{""angle"":8.820121}",0.1758543,0.027755005,-0.14809929,0.83874017,0.97262663,0.12625864,0.015486408,0.71248153,0.95714022,0.24465869,0.83550465,0.15111355,40.311431,6.0916036,False,0.97403538,True,True,True,0.83550465,0.15111355,40.311431,6.0916036,0.83248416,0.15145606,39.768742,6.0232169,0.95957285,0.1380722,6.5923149,0.91021544,0.63472299,0.15468211,8.5253757,1.3187231,0.74699782,0.16067762,15.654653,2.5153524,0.89482086,0.14393867,26.739546,3.8488546,0.82630844,0.15244658,18.087726,2.7574119,0.82460126,0.16171514,14.88736,2.4075115
0b_baseline_best,file,13,baseline,7272,125.Lincoln_Sparrow/Lincoln_Sparrow_0110_117264.jpg,125,124,125.Lincoln_Sparrow,131,130,random_resized_crop,random_resized_crop,0,"{""area_fraction"":0.816,""aspect"":0.930921,""fallback"":false,""height"":0.936244,""left"":0.124903,""top"":0.015406,""width"":0.871568}",0.1758543,0.49709752,0.32124323,0.83874017,0.60829365,0.12625864,0.21719034,0.71248153,0.39110331,-0.32137822,0.87854616,2.128872,40.311431,85.817877,False,0.98064899,True,True,True,0.87854616,2.128872,40.311431,85.817877,0.876548,2.1345511,39.768742,84.88841,0.96504526,1.9107494,6.5923149,12.596262,0.79578363,2.0468069,8.5253757,17.449798,0.81176152,2.1784866,15.654653,34.103452,0.92412481,2.1468277,26.739546,57.405199,0.84915481,2.0506453,18.087726,37.09151,0.86178994,2.1945156,14.88736,32.670543
0b_baseline_best,file,13,baseline,7272,125.Lincoln_Sparrow/Lincoln_Sparrow_0110_117264.jpg,125,124,125.Lincoln_Sparrow,131,130,gaussian_blur,gaussian_blur,0,"{""sigma"":1.56501}",0.1758543,1.3730006,1.1971463,0.83874017,0.25334561,0.12625864,0.020782923,0.71248153,0.23256269,-0.47991884,0.51843681,3.796507,40.311431,153.04263,False,0.81130672,True,True,True,0.51843681,3.796507,40.311431,153.04263,0.5158162,3.8024394,39.768742,151.21823,0.6208753,3.5739203,6.5923149,23.560408,0.34838748,5.1444217,8.5253757,43.858128,0.35538238,4.6659107,15.654653,73.043212,0.61734627,3.4492209,26.739546,92.230601,0.52585059,3.5788139,18.087726,64.732605,0.53177501,3.6243218,14.88736,53.956582
0b_baseline_best,file,13,baseline,7272,125.Lincoln_Sparrow/Lincoln_Sparrow_0110_117264.jpg,125,124,125.Lincoln_Sparrow,131,130,random_erasing,random_erasing,0,"{""area_fraction"":0.129623,""erased"":true,""height"":0.221842,""left"":0.187381,""top"":0.58664,""width"":0.584305}",0.1758543,0.038672507,-0.13718179,0.83874017,0.96206576,0.12625864,0.025915481,0.71248153,0.93615028,0.22366875,0.85281636,0.18649365,40.311431,7.5178258,False,0.95395821,True,True,True,0.85281636,0.18649365,40.311431,7.5178258,0.85002596,0.18542667,39.768742,7.3741853,0.95100582,0.22185908,6.5923149,1.4625649,0.7002523,0.16502574,8.5253757,1.4069064,0.81858275,0.19675854,15.654653,3.0801867,0.92249951,0.17904666,26.739546,4.7876265,0.79482617,0.17928511,18.087726,3.2428598,0.80070494,0.20675346,14.88736,3.0780131
0b_baseline_best,file,13,baseline,32,001.Black_footed_Albatross/Black_Footed_Albatross_0017_796098.jpg,1,0,001.Black_footed_Albatross,3,2,identity,identity,0,{},1.7493927,1.7493927,0,0.17387949,0.17387949,0.81863314,0.81863314,-0.64475365,-0.64475365,0,1,1,181.10035,181.10035,False,1,True,False,False,1,1,181.10035,181.10035,1,1,175.70637,175.70637,1,1,43.870364,43.870364,1,1,44.671731,44.671731,1,1,85.085462,85.085462,1,1,87.672251,87.672251,1,1,82.532435,82.532435,1,1,84.496165,84.496165
0b_baseline_best,file,13,baseline,32,001.Black_footed_Albatross/Black_Footed_Albatross_0017_796098.jpg,1,0,001.Black_footed_Albatross,3,2,horizontal_flip,horizontal_flip,0,"{""flipped"":true}",1.7493927,0.78269207,-0.96670067,0.17387949,0.45717359,0.81863314,0.5314607,-0.64475365,-0.074287117,0.57046653,0.80003367,0.65109366,181.10035,117.91329,False,0.98263884,True,False,False,0.80003367,0.65109366,181.10035,117.91329,0.78871241,0.65129619,175.70637,114.43689,0.98261903,0.6478363,43.870364,28.420814,0.81578534,0.69735812,44.671731,31.152194,0.81439912,0.67172908,85.085462,57.154379,0.78123901,0.65655948,87.672251,57.562048,0.73318356,0.62858379,82.532435,51.878551,0.81554025,0.63224566,84.496165,53.422334
0b_baseline_best,file,13,baseline,32,001.Black_footed_Albatross/Black_Footed_Albatross_0017_796098.jpg,1,0,001.Black_footed_Albatross,3,2,color_jitter,color_jitter,0,"{""brightness"":0.684288,""contrast"":1.118105,""hue"":0.058529,""saturation"":1.244216}",1.7493927,4.2376347,2.4882419,0.17387949,0.014441714,0.81863314,0.975344,-0.64475365,-0.96090229,-0.31614864,0.70735185,0.99481865,181.10035,180.16201,False,0.94856155,True,False,False,0.70735185,0.99481865,181.10035,180.16201,0.69087325,0.98790283,175.70637,173.58082,0.94859795,1.0998279,43.870364,48.24985,0.54228661,1.0749925,44.671731,48.021776,0.58922976,0.96444782,85.085462,82.060488,0.67135538,0.93520742,87.672251,81.99174,0.73686175,0.94314634,82.532435,77.840164,0.80939238,1.0787619,84.496165,91.151244
0b_baseline_best,file,13,baseline,32,001.Black_footed_Albatross/Black_Footed_Albatross_0017_796098.jpg,1,0,001.Black_footed_Albatross,3,2,rotation,rotation,0,"{""angle"":8.790477}",1.7493927,1.5114566,-0.23793614,0.17387949,0.22058842,0.81863314,0.76195419,-0.64475365,-0.54136577,0.10338788,0.83564514,0.97137235,181.10035,175.91587,False,0.95972371,True,False,False,0.83564514,0.97137235,181.10035,175.91587,0.82917147,0.97777119,175.70637,171.80062,0.9596669,0.86226247,43.870364,37.827768,0.88094624,1.1793063,44.671731,52.681653,0.87239465,0.92375784,85.085462,78.598362,0.82545294,0.97333649,87.672251,85.334602,0.77508461,0.98867574,82.532435,81.597816,0.83288661,0.96308377,84.496165,81.376885
0b_baseline_best,file,13,baseline,32,001.Black_footed_Albatross/Black_Footed_Albatross_0017_796098.jpg,1,0,001.Black_footed_Albatross,3,2,random_resized_crop,random_resized_crop,0,"{""area_fraction"":0.672895,""aspect"":0.90666,""fallback"":false,""height"":0.861493,""left"":0.07213,""top"":0.131843,""width"":0.781081}",1.7493927,1.8919978,0.14260507,0.17387949,0.15077031,0.81863314,0.84460944,-0.64475365,-0.69383913,-0.049085483,0.79021613,1.1551369,181.10035,209.19569,False,0.97391659,True,False,False,0.79021613,1.1551369,181.10035,209.19569,0.78033274,1.1623491,175.70637,204.23214,0.97393168,1.0325825,43.870364,45.299768,0.70491959,1.3929793,44.671731,62.226798,0.78851356,1.1417295,85.085462,97.144581,0.79986173,1.2048398,87.672251,105.63102,0.76404341,1.1518443,82.532435,95.064512,0.79993593,1.0721068,84.496165,90.588915
0b_baseline_best,file,13,baseline,32,001.Black_footed_Albatross/Black_Footed_Albatross_0017_796098.jpg,1,0,001.Black_footed_Albatross,3,2,gaussian_blur,gaussian_blur,0,"{""sigma"":1.229452}",1.7493927,2.874105,1.1247122,0.17387949,0.05646665,0.81863314,0.93350536,-0.64475365,-0.87703871,-0.23228506,0.69857244,1.1702224,181.10035,211.92768,False,0.93932545,True,False,False,0.69857244,1.1702224,181.10035,211.92768,0.68634132,1.1800456,175.70637,207.34153,0.93936601,0.99953833,43.870364,43.85011,0.68414262,1.3529124,44.671731,60.436939,0.69563984,1.2064166,85.085462,102.64852,0.64593501,1.2755723,87.672251,111.8323,0.66554213,1.1094768,82.532435,91.567825,0.76097701,1.0525731,84.496165,88.938393
0b_baseline_best,file,13,baseline,32,001.Black_footed_Albatross/Black_Footed_Albatross_0017_796098.jpg,1,0,001.Black_footed_Albatross,3,2,random_erasing,random_erasing,0,"{""area_fraction"":0.118919,""erased"":true,""height"":0.237305,""left"":0.352433,""top"":0.645865,""width"":0.501122}",1.7493927,1.5340214,-0.21537137,0.17387949,0.21566664,0.81863314,0.76653099,-0.64475365,-0.55086435,0.093889296,0.89398517,0.86905376,181.10035,157.38594,False,0.97646445,True,False,False,0.89398517,0.86905376,181.10035,157.38594,0.88894373,0.8699512,175.70637,152.85597,0.97644938,0.85452915,43.870364,37.488505,0.84690274,0.95262997,44.671731,42.55563,0.87872174,0.82709875,85.085462,70.374079,0.90217525,0.87254549,87.672251,76.498027,0.88878919,0.86480461,82.532435,71.37443,0.89974665,0.8899935,84.496165,75.201038
0b_baseline_best,file,13,baseline,8997,154.Red_eyed_Vireo/Red_Eyed_Vireo_0034_157219.jpg,154,153,154.Red_eyed_Vireo,117,116,identity,identity,0,{},1.4261407,1.4261407,0,0.24023427,0.24023427,0.21429457,0.21429457,0.025939703,0.025939703,0,1,1,101.29831,101.29831,False,1.0000001,True,True,True,1,1,101.29831,101.29831,1,1,98.839588,98.839588,1,1,22.182941,22.182941,1,1,23.50292,23.50292,1,1,42.578945,42.578945,1,1,54.618442,54.618442,1,1,49.347134,49.347134,1,1,44.560034,44.560034
0b_baseline_best,file,13,baseline,8997,154.Red_eyed_Vireo/Red_Eyed_Vireo_0034_157219.jpg,154,153,154.Red_eyed_Vireo,117,116,horizontal_flip,horizontal_flip,0,"{""flipped"":true}",1.4261407,2.8041844,1.3780438,0.24023427,0.060556147,0.21429457,0.060112506,0.025939703,0.0004436411,-0.025496062,0.57641845,1.4846917,101.29831,150.39675,False,0.94563311,False,True,False,0.57641845,1.4846917,101.29831,150.39675,0.56170118,1.4853588,98.839588,146.81225,0.87139818,1.4713848,22.182941,32.639641,0.57592805,1.4091101,23.50292,33.118201,0.6058998,1.5853349,42.578945,67.501886,0.59878248,1.5258612,54.618442,83.340162,0.4732327,1.4115664,49.347134,69.656756,0.56363751,1.4374688,44.560034,64.053657
0b_baseline_best,file,13,baseline,8997,154.Red_eyed_Vireo/Red_Eyed_Vireo_0034_157219.jpg,154,153,154.Red_eyed_Vireo,117,116,color_jitter,color_jitter,0,"{""brightness"":0.750073,""contrast"":0.78525,""hue"":-0.010601,""saturation"":1.277163}",1.4261407,2.3257618,0.89962113,0.24023427,0.097708993,0.21429457,0.16702306,0.025939703,-0.06931407,-0.095253773,0.84993787,1.2272316,101.29831,124.31648,False,0.95868444,False,True,False,0.84993787,1.2272316,101.29831,124.31648,0.84576958,1.2336113,98.839588,121.92963,0.9493196,1.0928936,22.182941,24.243594,0.76330086,1.332508,23.50292,31.317828,0.83378418,1.4441745,42.578945,61.491425,0.87673589,1.1914758,54.618442,65.076554,0.85429255,1.1424867,49.347134,56.378443,0.84565509,1.1642314,44.560034,51.87819
0b_baseline_best,file,13,baseline,8997,154.Red_eyed_Vireo/Red_Eyed_Vireo_0034_157219.jpg,154,153,154.Red_eyed_Vireo,117,116,rotation,rotation,0,"{""angle"":-14.325443}",1.4261407,0.83823705,-0.58790362,0.24023427,0.43247229,0.21429457,0.13524532,0.025939703,0.29722697,0.27128726,0.64722341,0.77039393,101.29831,78.039601,False,0.93146789,True,True,True,0.64722341,0.77039393,101.29831,78.039601,0.6346784,0.77218696,98.839588,76.322642,0.91007338,0.73389082,22.182941,16.279857,0.53961643,0.76677531,23.50292,18.021459,0.6145406,0.82771491,42.578945,35.243228,0.63262712,0.79582873,54.618442,43.466925,0.63839245,0.7277264,49.347134,35.911212,0.68572908,0.73726791,44.560034,32.852683
0b_baseline_best,file,13,baseline,8997,154.Red_eyed_Vireo/Red_Eyed_Vireo_0034_157219.jpg,154,153,154.Red_eyed_Vireo,117,116,random_resized_crop,random_resized_crop,0,"{""area_fraction"":0.761988,""aspect"":0.971571,""fallback"":false,""height"":0.885598,""left"":0.096491,""top"":0.076637,""width"":0.860421}",1.4261407,0.59539956,-0.83074111,0.24023427,0.55134225,0.21429457,0.096301667,0.025939703,0.45504058,0.42910088,0.72557133,0.53078675,101.29831,53.767799,False,0.96298611,True,True,True,0.72557133,0.53078675,101.29831,53.767799,0.71302414,0.52900272,98.839588,52.286411,0.96027794,0.56504004,22.182941,12.53425,0.78390125,0.5515647,23.50292,12.963381,0.64976564,0.49896779,42.578945,21.245522,0.65797413,0.50201527,54.618442,27.419292,0.7395382,0.5481211,49.347134,27.048205,0.79133096,0.5637383,44.560034,25.120198
0b_baseline_best,file,13,baseline,8997,154.Red_eyed_Vireo/Red_Eyed_Vireo_0034_157219.jpg,154,153,154.Red_eyed_Vireo,117,116,gaussian_blur,gaussian_blur,0,"{""sigma"":1.836182}",1.4261407,6.3307443,4.9046036,0.24023427,0.0017807079,0.21429457,0.0035474584,0.025939703,-0.0017667506,-0.027706454,0.347081,0.95884726,101.29831,97.129605,False,0.73608005,False,True,False,0.347081,0.95884726,101.29831,97.129605,0.32911844,0.95776455,98.839588,94.665054,0.69565245,0.98009471,22.182941,21.741383,0.29271015,0.83891644,23.50292,19.716986,0.18024489,0.88741668,42.578945,37.785266,0.35542876,0.87669012,54.618442,47.883448,0.36044626,0.9815723,49.347134,48.43778,0.38674565,1.1234147,44.560034,50.059398
0b_baseline_best,file,13,baseline,8997,154.Red_eyed_Vireo/Red_Eyed_Vireo_0034_157219.jpg,154,153,154.Red_eyed_Vireo,117,116,random_erasing,random_erasing,0,"{""area_fraction"":0.194987,""erased"":true,""height"":0.571824,""left"":0.404559,""top"":0.25368,""width"":0.340991}",1.4261407,2.0342891,0.60814846,0.24023427,0.13077341,0.21429457,0.050814737,0.025939703,0.079958674,0.054018971,0.65296515,1.2153562,101.29831,123.11353,False,0.93197006,False,True,False,0.65296515,1.2153562,101.29831,123.11353,0.64353467,1.2237216,98.839588,120.95214,0.88300787,1.0353823,22.182941,22.967825,0.58506608,1.3028598,23.50292,30.62101,0.52379599,1.2036719,42.578945,51.251079,0.64920003,1.2805247,54.618442,69.940265,0.69941876,1.2333962,49.347134,60.864565,0.69942035,1.1150951,44.560034,49.688675
0b_baseline_best,file,13,baseline,3145,055.Evening_Grosbeak/Evening_Grosbeak_0133_37976.jpg,55,54,055.Evening_Grosbeak,168,167,identity,identity,0,{},0.0008655616,0.0008655616,0,0.99913484,0.99913484,0.0001101033,0.0001101033,0.99902474,0.99902474,0,1,1,0.12688014,0.12688014,False,1,True,True,True,1,1,0.12688014,0.12688014,1,1,0.12347275,0.12347275,1,1,0.029206995,0.029206995,1,1,0.022256901,0.022256901,1,1,0.046219932,0.046219932,1,1,0.055637448,0.055637448,1,1,0.061037551,0.061037551,1,1,0.076110189,0.076110189
0b_baseline_best,file,13,baseline,3145,055.Evening_Grosbeak/Evening_Grosbeak_0133_37976.jpg,55,54,055.Evening_Grosbeak,168,167,horizontal_flip,horizontal_flip,0,"{""flipped"":true}",0.0008655616,0.0017484629,0.00088290131,0.99913484,0.99825305,0.0001101033,0.00015625275,0.99902474,0.99809679,-0.00092794056,0.65346067,1.9330951,0.12688014,0.24527137,False,0.97693741,True,True,True,0.65346067,1.9330951,0.12688014,0.24527137,0.63722335,1.9416973,0.12347275,0.23974671,0.97397262,1.772332,0.029206995,0.051764491,0.49899651,1.8547829,0.022256901,0.041281719,0.61329955,1.8914489,0.046219932,0.087422641,0.49513514,2.0070573,0.055637448,0.11166755,0.55288939,1.9926536,0.061037551,0.1216267,0.79544139,1.8980466,0.076110189,0.14446069
0b_baseline_best,file,13,baseline,3145,055.Evening_Grosbeak/Evening_Grosbeak_0133_37976.jpg,55,54,055.Evening_Grosbeak,168,167,color_jitter,color_jitter,0,"{""brightness"":0.607725,""contrast"":1.009349,""hue"":-0.0572,""saturation"":1.138937}",0.0008655616,0.69520652,0.69434096,0.99913484,0.49897137,0.0001101033,0.00031880438,0.99902474,0.49865257,-0.50037217,0.40207967,944.74286,0.12688014,119.8691,False,0.8787328,True,True,True,0.40207967,944.74286,0.12688014,119.8691,0.38961494,957.7671,0.12347275,118.25814,0.74505494,670.59532,0.029206995,19.586074,0.26997502,1348.8309,0.022256901,30.020795,0.5342749,1279.6,0.046219932,59.143024,0.34255798,1152.6988,0.055637448,64.13322,0.37021887,869.74513,0.061037551,53.087113,0.41470488,676.94143,0.076110189,51.52214
0b_baseline_best,file,13,baseline,3145,055.Evening_Grosbeak/Evening_Grosbeak_0133_37976.jpg,55,54,055.Evening_Grosbeak,168,167,rotation,rotation,0,"{""angle"":-10.648684}",0.0008655616,0.0040601213,0.0031945597,0.99913484,0.99594814,0.0001101033,0.0003531774,0.99902474,0.99559496,-0.0034297768,0.73740521,4.7573824,0.12688014,0.60361733,False,0.97444499,True,True,True,0.73740521,4.7573824,0.12688014,0.60361733,0.72776033,4.7999681,0.12347275,0.59266528,0.96306381,3.919022,0.029206995,0.11446286,0.54053097,4.1570238,0.022256901,0.092522469,0.66486958,4.5041452,0.046219932,0.20818128,0.65907104,5.5114733,0.055637448,0.30664431,0.69640462,4.9802998,0.061037551,0.3039853,0.84377719,4.4150134,0.076110189,0.3360275
0b_baseline_best,file,13,baseline,3145,055.Evening_Grosbeak/Evening_Grosbeak_0133_37976.jpg,55,54,055.Evening_Grosbeak,168,167,random_resized_crop,random_resized_crop,0,"{""area_fraction"":0.666407,""aspect"":0.929335,""fallback"":false,""height"":0.846806,""left"":0.164184,""top"":0.014786,""width"":0.786966}",0.0008655616,0.0015981533,0.00073259167,0.99913484,0.99840313,0.0001101033,2.7410431e-05,0.99902474,0.99837572,-0.00064901375,0.60380807,2.199419,0.12688014,0.27906259,False,0.96414268,True,True,True,0.60380807,2.199419,0.12688014,0.27906259,0.58859937,2.2118485,0.12347275,0.27310303,0.91397063,1.9640613,0.029206995,0.057364328,0.36439068,2.9513495,0.022256901,0.065687894,0.36459306,2.1857471,0.046219932,0.10102508,0.49383081,2.4680122,0.055637448,0.1373139,0.59184014,2.2696605,0.061037551,0.13853452,0.78236827,1.9495752,0.076110189,0.14838253
0b_baseline_best,file,13,baseline,3145,055.Evening_Grosbeak/Evening_Grosbeak_0133_37976.jpg,55,54,055.Evening_Grosbeak,168,167,gaussian_blur,gaussian_blur,0,"{""sigma"":1.877227}",0.0008655616,3.858356,3.8574904,0.99913484,0.021102661,0.0001101033,0.0055570197,0.99902474,0.015545642,-0.98347909,0.31203851,1405.6379,0.12688014,178.34753,False,0.68431455,False,True,False,0.31203851,1405.6379,0.12688014,178.34753,0.30206377,1428.4738,0.12347275,176.37759,0.62526617,905.07617,0.029206995,26.434555,-0.11053077,1824.8998,0.022256901,40.616615,0.16065166,1647.5718,0.046219932,76.150655,0.31678287,1953.8674,0.055637448,108.7082,0.37780999,1466.679,0.061037551,89.522493,0.45278378,812.98296,0.076110189,61.876286
0b_baseline_best,file,13,baseline,3145,055.Evening_Grosbeak/Evening_Grosbeak_0133_37976.jpg,55,54,055.Evening_Grosbeak,168,167,random_erasing,random_erasing,0,"{""area_fraction"":0.050215,""erased"":true,""height"":0.216666,""left"":0.063862,""top"":0.690221,""width"":0.23176}",0.0008655616,0.00072810362,-0.00013745797,0.99913484,0.99927217,0.0001101033,8.5582382e-05,0.99902474,0.99918659,0.00016185002,0.97835959,0.8321511,0.12688014,0.10558345,False,0.99780977,True,True,True,0.97835959,0.8321511,0.12688014,0.10558345,0.9773072,0.83202949,0.12347275,0.10273297,0.99711957,0.83432139,0.029206995,0.024368021,0.96954652,0.86162612,0.022256901,0.019177127,0.98365778,0.85069434,0.046219932,0.039319034,0.97286991,0.83150555,0.055637448,0.046262847,0.97196733,0.82536485,0.061037551,0.050378249,0.98158363,0.82702702,0.076110189,0.062945182
0b_baseline_best,file,13,baseline,2386,042.Vermilion_Flycatcher/Vermilion_Flycatcher_0004_42395.jpg,42,41,042.Vermilion_Flycatcher,139,138,identity,identity,0,{},0.17300484,0.17300484,0,0.84113353,0.84113353,0.019096276,0.019096276,0.82203726,0.82203726,0,1,1,20.678364,20.678364,False,0.99999988,True,True,True,1,1,20.678364,20.678364,1,1,20.390637,20.390637,1,1,3.4375359,3.4375359,1,1,5.0634735,5.0634735,1,1,9.1489948,9.1489948,1,1,9.4444215,9.4444215,1,1,10.117495,10.117495,1,1,10.717947,10.717947
0b_baseline_best,file,13,baseline,2386,042.Vermilion_Flycatcher/Vermilion_Flycatcher_0004_42395.jpg,42,41,042.Vermilion_Flycatcher,139,138,horizontal_flip,horizontal_flip,0,"{""flipped"":true}",0.17300484,0.14313245,-0.029872388,0.84113353,0.86663926,0.019096276,0.004612694,0.82203726,0.86202656,0.039989303,0.65573219,0.81289553,20.678364,16.809349,False,0.95479822,True,True,True,0.65573219,0.81289553,20.678364,16.809349,0.64705362,0.81191253,20.390637,16.555414,0.94909084,0.84675691,3.4375359,2.9107572,0.56892406,0.73955268,5.0634735,3.7447054,0.65528582,0.76645486,9.1489948,7.0122916,0.61212932,0.78955665,9.4444215,7.4569058,0.61186428,0.78955824,10.117495,7.9883517,0.7125478,0.89232219,10.717947,9.5638621
0b_baseline_best,file,13,baseline,2386,042.Vermilion_Flycatcher/Vermilion_Flycatcher_0004_42395.jpg,42,41,042.Vermilion_Flycatcher,139,138,color_jitter,color_jitter,0,"{""brightness"":1.247546,""contrast"":1.013123,""hue"":0.029354,""saturation"":0.720215}",0.17300484,1.5488724,1.3758675,0.84113353,0.21248746,0.019096276,0.018705759,0.82203726,0.1937817,-0.62825556,0.75175964,4.325913,20.678364,89.452801,False,0.91727877,True,True,True,0.75175964,4.325913,20.678364,89.452801,0.74689005,4.3037949,20.390637,87.757118,0.90714261,5.0427701,3.4375359,17.334703,0.71084827,4.3742931,5.0634735,22.149117,0.65889146,4.0619224,9.1489948,37.162507,0.74649061,4.4081554,9.4444215,41.632477,0.76194071,4.2183449,10.117495,42.679084,0.80248087,4.4501065,10.717947,47.696007
0b_baseline_best,file,13,baseline,2386,042.Vermilion_Flycatcher/Vermilion_Flycatcher_0004_42395.jpg,42,41,042.Vermilion_Flycatcher,139,138,rotation,rotation,0,"{""angle"":4.018812}",0.17300484,0.35280633,0.17980149,0.84113353,0.70271325,0.019096276,0.049632072,0.82203726,0.65308118,-0.16895608,0.82922533,1.8900106,20.678364,39.082326,False,0.97813576,True,True,True,0.82922533,1.8900106,20.678364,39.082326,0.82505901,1.8903013,20.390637,38.544448,0.97665572,1.8797525,3.4375359,6.4617167,0.88396168,2.1985336,5.0634735,11.132217,0.81439383,1.9412558,9.1489948,17.760539,0.79674258,1.882917,9.4444215,17.783061,0.81087515,1.8459331,10.117495,18.676219,0.85654922,1.821824,10.717947,19.526213
0b_baseline_best,file,13,baseline,2386,042.Vermilion_Flycatcher/Vermilion_Flycatcher_0004_42395.jpg,42,41,042.Vermilion_Flycatcher,139,138,random_resized_crop,random_resized_crop,0,"{""area_fraction"":0.658956,""aspect"":1.153209,""fallback"":false,""height"":0.755917,""left"":0.030001,""top"":0.051961,""width"":0.87173}",0.17300484,1.0814745,0.90846971,0.84113353,0.33909518,0.019096276,0.017147547,0.82203726,0.32194763,-0.50008963,0.71409107,4.6204958,20.678364,95.544293,False,0.86987174,True,True,True,0.71409107,4.6204958,20.678364,95.544293,0.71020679,4.6231522,20.390637,94.269018,0.85385172,4.5260353,3.4375359,15.558409,0.83834059,6.5211747,5.0634735,33.019796,0.77515495,5.043951,9.1489948,46.147081,0.70613757,4.4242901,9.4444215,41.78486,0.67761051,4.4949454,10.117495,45.477589,0.66608718,4.0158684,10.717947,43.041865
0b_baseline_best,file,13,baseline,2386,042.Vermilion_Flycatcher/Vermilion_Flycatcher_0004_42395.jpg,42,41,042.Vermilion_Flycatcher,139,138,gaussian_blur,gaussian_blur,0,"{""sigma"":1.530583}",0.17300484,0.3139531,0.14094827,0.84113353,0.73055327,0.019096276,0.013346795,0.82203726,0.71720647,-0.10483078,0.70732873,1.6762709,20.678364,34.66254,False,0.92992163,True,True,True,0.70732873,1.6762709,20.678364,34.66254,0.70103396,1.6738747,20.390637,34.131371,0.91899092,1.7585065,3.4375359,6.0449293,0.64740998,1.7173234,5.0634735,8.6956215,0.65667594,1.6242171,9.1489948,14.859954,0.67039391,1.7043665,9.4444215,16.096755,0.70550587,1.7291599,10.117495,17.494767,0.76773823,1.6250156,10.717947,17.416832
0b_baseline_best,file,13,baseline,2386,042.Vermilion_Flycatcher/Vermilion_Flycatcher_0004_42395.jpg,42,41,042.Vermilion_Flycatcher,139,138,random_erasing,random_erasing,0,"{""area_fraction"":0.088706,""erased"":true,""height"":0.222878,""left"":0.263799,""top"":0.734678,""width"":0.398003}",0.17300484,0.21150786,0.038503021,0.84113353,0.80936295,0.019096276,0.032346271,0.82203726,0.77701668,-0.045020582,0.94380884,1.2205882,20.678364,25.239766,False,0.98523939,True,True,True,0.94380884,1.2205882,20.678364,25.239766,0.94268921,1.2207914,20.390637,24.892714,0.98346033,1.2134158,3.4375359,4.1711603,0.96257287,1.3070223,5.0634735,6.6180728,0.95596549,1.2942219,9.1489948,11.840829,0.94817103,1.2001406,9.4444215,11.334634,0.93266787,1.2213995,10.117495,12.357504,0.93510955,1.1595731,10.717947,12.428244
0b_baseline_best,file,13,baseline,11332,193.Bewick_Wren/Bewick_Wren_0015_184981.jpg,193,192,193.Bewick_Wren,178,177,identity,identity,0,{},0.073385373,0.073385373,0,0.92924267,0.92924267,0.018800544,0.018800544,0.91044213,0.91044213,0,1,1,12.223354,12.223354,False,1.0000001,True,True,True,1,1,12.223354,12.223354,1,1,12.043385,12.043385,1,1,2.0898,2.0898,1,1,3.3393474,3.3393474,1,1,6.2214715,6.2214715,1,1,6.3743379,6.3743379,1,1,5.4605439,5.4605439,1,1,4.9734743,4.9734743
0b_baseline_best,file,13,baseline,11332,193.Bewick_Wren/Bewick_Wren_0015_184981.jpg,193,192,193.Bewick_Wren,178,177,horizontal_flip,horizontal_flip,0,"{""flipped"":true}",0.073385373,0.24467987,0.1712945,0.92924267,0.78295517,0.018800544,0.027611913,0.91044213,0.75534326,-0.15509887,0.62887025,3.4976804,12.223354,42.753386,False,0.94395757,True,True,True,0.62887025,3.4976804,12.223354,42.753386,0.62232444,3.5178549,12.043385,42.36688,0.92652302,2.7446658,2.0898,5.7358024,0.51313196,2.6899845,3.3393474,8.9827929,0.68348978,4.3458086,6.2214715,27.037324,0.61168712,3.3174801,6.3743379,21.146739,0.56913433,3.1162545,5.4605439,17.016444,0.66382727,3.1568182,4.9734743,15.700354
0b_baseline_best,file,13,baseline,11332,193.Bewick_Wren/Bewick_Wren_0015_184981.jpg,193,192,193.Bewick_Wren,178,177,color_jitter,color_jitter,0,"{""brightness"":0.770884,""contrast"":1.167958,""hue"":-0.096431,""saturation"":1.137268}",0.073385373,2.2793379,2.2059525,0.92924267,0.10235196,0.018800544,0.01614501,0.91044213,0.086206947,-0.82423518,0.62577495,10.805062,12.223354,132.0741,False,0.83773375,False,True,False,0.62577495,10.805062,12.223354,132.0741,0.62099709,10.793463,12.043385,129.98982,0.77930323,11.183468,2.0898,23.371212,0.82350032,9.7502694,3.3393474,32.559537,0.64380998,11.297446,6.2214715,70.286741,0.58379733,10.230615,6.3743379,65.213396,0.57584319,10.539788,5.4605439,57.552975,0.61816858,11.606047,4.9734743,57.722378
0b_baseline_best,file,13,baseline,11332,193.Bewick_Wren/Bewick_Wren_0015_184981.jpg,193,192,193.Bewick_Wren,178,177,rotation,rotation,0,"{""angle"":-7.213928}",0.073385373,0.018109106,-0.055276267,0.92924267,0.98205388,0.018800544,0.0024325275,0.91044213,0.97962135,0.069179222,0.68159341,0.23537761,12.223354,2.8771039,False,0.94587761,True,True,True,0.68159341,0.23537761,12.223354,2.8771039,0.67375706,0.23379401,12.043385,2.8156713,0.90863363,0.2829807,2.0898,0.59137307,0.46796378,0.16034349,3.3393474,0.53544263,0.72794891,0.25334431,6.2214715,1.5761744,0.64117507,0.23987608,6.3743379,1.5290512,0.64315713,0.21803093,5.4605439,1.1905675,0.7543527,0.23803541,4.9734743,1.183863
0b_baseline_best,file,13,baseline,11332,193.Bewick_Wren/Bewick_Wren_0015_184981.jpg,193,192,193.Bewick_Wren,178,177,random_resized_crop,random_resized_crop,0,"{""area_fraction"":0.635733,""aspect"":0.980041,""fallback"":false,""height"":0.805407,""left"":0.149305,""top"":0.092773,""width"":0.789332}",0.073385373,0.051249389,-0.022135984,0.92924267,0.95004171,0.018800544,0.015615602,0.91044213,0.93442611,0.023983982,0.73712343,0.65116285,12.223354,7.959394,False,0.95984238,True,True,True,0.73712343,0.65116285,12.223354,7.959394,0.72992853,0.64848962,12.043385,7.81001,0.95364018,0.7344377,2.0898,1.5348279,0.62586319,0.41347156,3.3393474,1.3807252,0.74252076,0.68688657,6.2214715,4.2734452,0.75026445,0.67747794,6.3743379,4.3184733,0.69822798,0.61392504,5.4605439,3.3523646,0.76563425,0.66504034,4.9734743,3.307561
0b_baseline_best,file,13,baseline,11332,193.Bewick_Wren/Bewick_Wren_0015_184981.jpg,193,192,193.Bewick_Wren,178,177,gaussian_blur,gaussian_blur,0,"{""sigma"":1.141895}",0.073385373,2.3457947,2.2724093,0.92924267,0.095771089,0.018800544,0.27999592,0.91044213,-0.18422483,-1.094667,0.72110159,15.018343,12.223354,183.57452,False,0.88605714,False,True,False,0.72110159,15.018343,12.223354,183.57452,0.71771415,15.094462,12.043385,181.78842,0.87573605,12.223927,2.0898,25.545563,0.8381697,16.806647,3.3393474,56.123232,0.73917473,15.66184,6.2214715,97.43969,0.73656053,15.977742,6.3743379,101.84753,0.64424827,14.753988,5.4605439,80.564798,0.69128606,11.961546,4.9734743,59.490443
0b_baseline_best,file,13,baseline,11332,193.Bewick_Wren/Bewick_Wren_0015_184981.jpg,193,192,193.Bewick_Wren,178,177,random_erasing,random_erasing,0,"{""area_fraction"":0.158113,""erased"":true,""height"":0.315036,""left"":0.181794,""top"":0.547988,""width"":0.501889}",0.073385373,0.16452558,0.091140211,0.92924267,0.84829605,0.018800544,0.092085615,0.91044213,0.75621043,-0.1542317,0.77311624,2.389208,12.223354,29.204135,False,0.92384326,True,True,True,0.77311624,2.389208,12.223354,29.204135,0.7698632,2.3815025,12.043385,28.681351,0.87461371,2.6323351,2.0898,5.5010538,0.84543057,1.8222015,3.3393474,6.0849638,0.86387476,2.3156206,6.2214715,14.406568,0.7533901,2.5832955,6.3743379,16.466798,0.70374202,2.3772983,5.4605439,12.981342,0.72395015,2.3651907,4.9734743,11.763215
0b_baseline_best,file,13,baseline,5359,092.Nighthawk/Nighthawk_0068_82368.jpg,92,91,092.Nighthawk,194,193,identity,identity,0,{},0.48489362,0.48489362,0,0.61576271,0.61576271,0.074314997,0.074314997,0.54144771,0.54144771,0,1,1,66.190054,66.190054,False,0.99999994,True,True,True,1,1,66.190054,66.190054,1,1,65.169699,65.169699,1,1,11.577289,11.577289,1,1,12.090671,12.090671,1,1,27.918579,27.918579,1,1,39.909535,39.909535,1,1,31.257765,31.257765,1,1,27.416043,27.416043
0b_baseline_best,file,13,baseline,5359,092.Nighthawk/Nighthawk_0068_82368.jpg,92,91,092.Nighthawk,194,193,horizontal_flip,horizontal_flip,0,"{""flipped"":true}",0.48489362,0.0682225,-0.41667112,0.61576271,0.93405265,0.074314997,0.029492918,0.54144771,0.90455973,0.36311201,0.49999568,0.14728135,66.190054,9.7485605,False,0.94605935,True,True,True,0.49999568,0.14728135,66.190054,9.7485605,0.48343874,0.14561087,65.169699,9.4894166,0.91516114,0.1928605,11.577289,2.2328018,0.032103177,0.14713025,12.090671,1.7789034,0.27001244,0.15321844,27.918579,4.277641,0.48737462,0.12431019,39.909535,4.9611618,0.5659866,0.14861651,31.257765,4.6454201,0.67327878,0.17260522,27.416043,4.7321521
0b_baseline_best,file,13,baseline,5359,092.Nighthawk/Nighthawk_0068_82368.jpg,92,91,092.Nighthawk,194,193,color_jitter,color_jitter,0,"{""brightness"":1.003955,""contrast"":1.062647,""hue"":0.087225,""saturation"":1.196495}",0.48489362,0.45145947,-0.033434153,0.61576271,0.63669825,0.074314997,0.034953423,0.54144771,0.60174482,0.060297109,0.75926249,0.83723754,66.190054,55.416798,False,0.91677326,True,True,True,0.75926249,0.83723754,66.190054,55.416798,0.75498233,0.83361014,65.169699,54.326122,0.88467271,0.9449946,11.577289,10.940476,0.77092825,0.73168157,12.090671,8.8465209,0.71824403,0.772016,27.918579,21.55359,0.76456453,0.82530325,39.909535,32.937469,0.75473046,0.8346122,31.257765,26.088112,0.77357679,0.92494351,27.416043,25.358291
0b_baseline_best,file,13,baseline,5359,092.Nighthawk/Nighthawk_0068_82368.jpg,92,91,092.Nighthawk,194,193,rotation,rotation,0,"{""angle"":-7.413541}",0.48489362,0.21994497,-0.26494865,0.61576271,0.80256295,0.074314997,0.03688243,0.54144771,0.76568052,0.22423281,0.76352408,0.44753665,66.190054,29.622475,False,0.92483664,True,True,True,0.76352408,0.44753665,66.190054,29.622475,0.75857082,0.44543766,65.169699,29.029038,0.90739751,0.50958921,11.577289,5.8996617,0.66470979,0.37665572,12.090671,4.5540203,0.79851201,0.44811585,27.918579,12.510758,0.80884013,0.43692774,39.909535,17.437583,0.69472303,0.44124481,31.257765,13.792326,0.71705294,0.47715274,27.416043,13.08164
0b_baseline_best,file,13,baseline,5359,092.Nighthawk/Nighthawk_0068_82368.jpg,92,91,092.Nighthawk,194,193,random_resized_crop,random_resized_crop,0,"{""area_fraction"":0.550048,""aspect"":1.238034,""fallback"":false,""height"":0.666552,""left"":0.096688,""top"":0.194588,""width"":0.825214}",0.48489362,2.0824285,1.5975348,0.61576271,0.12462719,0.074314997,0.33052719,0.54144771,-0.2059,-0.74734771,0.58967343,2.2717923,66.190054,150.37005,False,0.87940627,False,True,False,0.58967343,2.2717923,66.190054,150.37005,0.58050979,2.2586731,65.169699,147.19705,0.84419099,2.6541231,11.577289,30.727551,0.38742745,1.6918117,12.090671,20.455138,0.56680347,2.2248822,27.918579,62.11555,0.60499679,2.1634779,39.909535,86.343396,0.56206204,2.3763025,31.257765,74.277904,0.60375985,2.4243739,27.416043,66.466738
0b_baseline_best,file,13,baseline,5359,092.Nighthawk/Nighthawk_0068_82368.jpg,92,91,092.Nighthawk,194,193,gaussian_blur,gaussian_blur,0,"{""sigma"":1.929455}",0.48489362,3.6062999,3.1214063,0.61576271,0.027152127,0.074314997,0.007600016,0.54144771,0.019552111,-0.5218956,0.42953435,2.5696501,66.190054,170.08528,False,0.79903591,False,True,False,0.42953435,2.5696501,66.190054,170.08528,0.42001772,2.5777608,65.169699,167.99189,0.77057768,2.2978726,11.577289,26.603136,0.29381848,2.2945742,12.090671,27.742942,0.26475907,2.898971,27.918579,80.935151,0.43958365,2.4540022,39.909535,97.938085,0.47558036,2.4788754,31.257765,77.484106,0.51654495,2.6567849,27.416043,72.83853
0b_baseline_best,file,13,baseline,5359,092.Nighthawk/Nighthawk_0068_82368.jpg,92,91,092.Nighthawk,194,193,random_erasing,random_erasing,0,"{""area_fraction"":0.170171,""erased"":true,""height"":0.691518,""left"":0.476663,""top"":0.243085,""width"":0.246084}",0.48489362,1.3746481,0.88975447,0.61576271,0.25292861,0.074314997,0.061430793,0.54144771,0.19149782,-0.34994989,0.75084698,1.8644033,66.190054,123.40496,False,0.95053196,False,True,False,0.75084698,1.8644033,66.190054,123.40496,0.7456806,1.8589578,65.169699,121.14772,0.90359825,2.0294018,11.577289,23.494972,0.80076223,1.8647027,12.090671,22.545506,0.7212977,2.025144,27.918579,56.539143,0.79452221,1.6782524,39.909535,66.978275,0.70460419,1.8587567,31.257765,58.100581,0.73710632,2.0341239,27.416043,55.767628
0b_baseline_best,file,13,baseline,2598,046.Gadwall/Gadwall_0017_30979.jpg,46,45,046.Gadwall,87,86,identity,identity,0,{},0.0099398168,0.0099398168,0,0.99010944,0.99010944,0.0013815562,0.0013815562,0.98872789,0.98872789,0,1,1,1.5887295,1.5887295,False,0.99999988,True,True,True,1,1,1.5887295,1.5887295,1,1,1.5627374,1.5627374,1,1,0.28620475,0.28620475,1,1,0.29858614,0.29858614,1,1,0.73186458,0.73186458,1,1,0.80656189,0.80656189,1,1,0.74782194,0.74782194,1,1,0.77948002,0.77948002
0b_baseline_best,file,13,baseline,2598,046.Gadwall/Gadwall_0017_30979.jpg,46,45,046.Gadwall,87,86,horizontal_flip,horizontal_flip,0,"{""flipped"":true}",0.0099398168,0.07727804,0.067338224,0.99010944,0.92563248,0.0013815562,0.0076740365,0.98872789,0.91795844,-0.070769447,0.62798405,7.4158585,1.5887295,11.781793,False,0.95828658,True,True,True,0.62798405,7.4158585,1.5887295,11.781793,0.61710469,7.4047535,1.5627374,11.571686,0.93889953,7.7396242,0.28620475,2.2151172,0.38047289,7.1896709,0.29858614,2.1467361,0.57285397,7.1521642,0.73186458,5.2344157,0.54736392,7.2404759,0.80656189,5.839892,0.63775133,7.8616765,0.74782194,5.8791342,0.74309813,7.3951261,0.77948002,5.7643531
0b_baseline_best,file,13,baseline,2598,046.Gadwall/Gadwall_0017_30979.jpg,46,45,046.Gadwall,87,86,color_jitter,color_jitter,0,"{""brightness"":0.608497,""contrast"":0.779492,""hue"":-0.018978,""saturation"":0.64082}",0.0099398168,0.079513647,0.06957383,0.99010944,0.92356545,0.0013815562,0.00075884536,0.98872789,0.9228066,-0.065921286,0.61731543,12.588761,1.5887295,20.000136,False,0.89842957,True,True,True,0.61731543,12.588761,1.5887295,20.000136,0.61415869,12.725794,1.5627374,19.887075,0.86886852,7.4198493,0.28620475,2.1235961,0.034522277,14.811348,0.29858614,4.4224633,0.65823854,17.304818,0.73186458,12.664784,0.61834416,13.086611,0.80656189,10.555162,0.68386457,10.454168,0.74782194,7.817856,0.71946719,8.4136103,0.77948002,6.5582412
0b_baseline_best,file,13,baseline,2598,046.Gadwall/Gadwall_0017_30979.jpg,46,45,046.Gadwall,87,86,rotation,rotation,0,"{""angle"":-1.337926}",0.0099398168,0.021501884,0.011562067,0.99010944,0.97872764,0.0013815562,0.00256427,0.98872789,0.97616337,-0.012564519,0.81504111,2.3569103,1.5887295,3.744493,False,0.9777087,True,True,True,0.81504111,2.3569103,1.5887295,3.744493,0.81045426,2.3645145,1.5627374,3.6951154,0.97254441,2.1176951,0.28620475,0.60609438,0.55768704,2.6790458,0.29858614,0.79992594,0.76179151,2.3813678,0.73186458,1.7428387,0.80827853,2.4389981,0.80656189,1.9672029,0.84164878,2.3362028,0.74782194,1.7470637,0.87573648,2.2421119,0.77948002,1.7476814
0b_baseline_best,file,13,baseline,2598,046.Gadwall/Gadwall_0017_30979.jpg,46,45,046.Gadwall,87,86,random_resized_crop,random_resized_crop,0,"{""area_fraction"":0.737058,""aspect"":1.325009,""fallback"":false,""height"":0.745833,""left"":0.007832,""top"":0.039155,""width"":0.988235}",0.0099398168,0.20973331,0.19979349,0.99010944,0.81080043,0.0013815562,0.030898055,0.98872789,0.77990238,-0.20882551,0.71033118,19.091179,1.5887295,30.330719,False,0.92496288,True,True,True,0.71033118,19.091179,1.5887295,30.330719,0.70356761,19.112228,1.5627374,29.867394,0.9196121,18.452601,0.28620475,5.281222,0.49439854,27.964662,0.29858614,8.3498604,0.74618335,20.252132,0.73186458,14.821818,0.69005317,18.84641,0.80656189,15.200796,0.70349205,18.605293,0.74782194,13.913446,0.74348553,17.116422,0.77948002,13.341909
0b_baseline_best,file,13,baseline,2598,046.Gadwall/Gadwall_0017_30979.jpg,46,45,046.Gadwall,87,86,gaussian_blur,gaussian_blur,0,"{""sigma"":1.109984}",0.0099398168,0.7988624,0.78892258,0.99010944,0.44984043,0.0013815562,0.01294098,0.98872789,0.43689945,-0.55182844,0.57041726,71.86594,1.5887295,114.17554,False,0.8950389,True,True,True,0.57041726,71.86594,1.5887295,114.17554,0.56312537,72.341479,1.5627374,113.05074,0.87065094,55.858663,0.28620475,15.987014,0.25810948,70.812472,0.29858614,21.143623,0.45279884,75.8139,0.73186458,55.485508,0.58300404,82.623398,0.80656189,66.640884,0.62133496,69.400434,0.74782194,51.899167,0.66919002,59.072849,0.77948002,46.046106
0b_baseline_best,file,13,baseline,2598,046.Gadwall/Gadwall_0017_30979.jpg,46,45,046.Gadwall,87,86,random_erasing,random_erasing,0,"{""area_fraction"":0.068942,""erased"":true,""height"":0.158256,""left"":0.496084,""top"":0.001697,""width"":0.435637}",0.0099398168,0.019410426,0.009470609,0.99010944,0.98077673,0.0013815562,0.0030764681,0.98872789,0.97770026,-0.011027628,0.88826464,1.9404592,1.5887295,3.0828647,False,0.98993146,True,True,True,0.88826464,1.9404592,1.5887295,3.0828647,0.88494858,1.9411725,1.5627374,3.0335429,0.98832429,1.9190717,0.28620475,0.54924741,0.80481341,1.8273475,0.29858614,0.54562063,0.86880008,1.8943942,0.73186458,1.38644,0.88426221,1.9739925,0.80656189,1.5921472,0.88160538,2.0329677,0.74782194,1.5202978,0.91697999,1.8750751,0.77948002,1.4615836
0b_baseline_best,file,13,baseline,388,008.Rhinoceros_Auklet/Rhinoceros_Auklet_0016_2114.jpg,8,7,008.Rhinoceros_Auklet,25,24,identity,identity,0,{},2.6051402,2.6051402,0,0.073892765,0.073892765,0.55499202,0.55499202,-0.48109926,-0.48109926,0,1,1,150.27219,150.27219,False,1,True,False,False,1,1,150.27219,150.27219,1,1,147.11531,147.11531,1,1,30.640099,30.640099,1,1,26.68553,26.68553,1,1,61.642068,61.642068,1,1,83.79122,83.79122,1,1,71.114593,71.114593,1,1,71.083049,71.083049
0b_baseline_best,file,13,baseline,388,008.Rhinoceros_Auklet/Rhinoceros_Auklet_0016_2114.jpg,8,7,008.Rhinoceros_Auklet,25,24,horizontal_flip,horizontal_flip,0,"{""flipped"":true}",2.6051402,1.2650024,-1.3401378,0.073892765,0.2822386,0.55499202,0.24088746,-0.48109926,0.04135114,0.52245039,0.68163471,0.8039375,150.27219,120.80945,False,0.93545282,False,False,True,0.68163471,0.8039375,150.27219,120.80945,0.67382569,0.80821613,147.11531,118.90097,0.8971291,0.69806687,30.640099,21.388838,0.53513159,0.94525561,26.68553,25.224647,0.60313334,0.9079825,61.642068,55.969919,0.75759091,0.8096959,83.79122,67.845408,0.66033517,0.78584185,71.114593,55.884823,0.66077624,0.72315986,71.083049,51.404408
0b_baseline_best,file,13,baseline,388,008.Rhinoceros_Auklet/Rhinoceros_Auklet_0016_2114.jpg,8,7,008.Rhinoceros_Auklet,25,24,color_jitter,color_jitter,0,"{""brightness"":0.610309,""contrast"":0.669512,""hue"":-0.040844,""saturation"":0.766573}",2.6051402,2.89921,0.29406977,0.073892765,0.055066705,0.55499202,0.5654512,-0.48109926,-0.5103845,-0.029285245,0.72568879,1.1525114,150.27219,173.19041,False,0.90558773,True,False,False,0.72568879,1.1525114,150.27219,173.19041,0.72071605,1.1623263,147.11531,170.996,0.89795102,0.89694497,30.640099,27.482482,0.59272451,1.9050451,26.68553,50.837138,0.74751396,1.3342874,61.642068,82.248235,0.75379199,1.0680788,83.79122,89.495626,0.70898959,1.0680137,71.114593,75.951362,0.72954957,1.0998634,71.083049,78.181646
0b_baseline_best,file,13,baseline,388,008.Rhinoceros_Auklet/Rhinoceros_Auklet_0016_2114.jpg,8,7,008.Rhinoceros_Auklet,25,24,rotation,rotation,0,"{""angle"":-11.804865}",2.6051402,1.7370765,-0.86806369,0.073892765,0.17603429,0.55499202,0.57365495,-0.48109926,-0.39762066,0.083478592,0.79685525,1.0507012,150.27219,157.89117,False,0.93669033,True,False,False,0.79685525,1.0507012,150.27219,157.89117,0.79316601,1.0594147,147.11531,155.85613,0.93040703,0.82468286,30.640099,25.268364,0.75137625,1.3898423,26.68553,37.088677,0.83279165,1.1598413,61.642068,71.495018,0.82184892,1.0804139,83.79122,90.529202,0.7561394,1.0186699,71.114593,72.442292,0.77608723,0.92898175,71.083049,66.034855
0b_baseline_best,file,13,baseline,388,008.Rhinoceros_Auklet/Rhinoceros_Auklet_0016_2114.jpg,8,7,008.Rhinoceros_Auklet,25,24,random_resized_crop,random_resized_crop,0,"{""area_fraction"":0.581922,""aspect"":1.243993,""fallback"":false,""height"":0.683949,""left"":0.040722,""top"":0.109411,""width"":0.850827}",2.6051402,1.4860109,-1.1191293,0.073892765,0.22627349,0.55499202,0.17503887,-0.48109926,0.051234618,0.53233387,0.62421301,0.81981465,150.27219,123.19534,False,0.85432506,False,False,True,0.62421301,0.81981465,150.27219,123.19534,0.61801865,0.82248662,147.11531,121.00038,0.78181533,0.75560144,30.640099,23.151703,0.63652541,0.98777601,26.68553,26.359326,0.62895902,0.87094259,61.642068,53.686703,0.64188479,0.74521062,83.79122,62.442107,0.57552901,0.83276507,71.114593,59.221749,0.6256928,0.85083024,71.083049,60.479608
0b_baseline_best,file,13,baseline,388,008.Rhinoceros_Auklet/Rhinoceros_Auklet_0016_2114.jpg,8,7,008.Rhinoceros_Auklet,25,24,gaussian_blur,gaussian_blur,0,"{""sigma"":1.527974}",2.6051402,1.790529,-0.8146112,0.073892765,0.16687186,0.55499202,0.15726553,-0.48109926,0.0096063316,0.49070559,0.52077091,0.87993305,150.27219,132.22947,False,0.84512877,False,False,True,0.52077091,0.87993305,150.27219,132.22947,0.51253801,0.88696519,147.11531,130.48616,0.77622833,0.69845679,30.640099,21.400785,0.48521904,1.6339715,26.68553,43.603395,0.57194036,1.0277589,61.642068,63.353182,0.48721922,0.71684013,83.79122,60.064909,0.47804455,0.85873927,71.114593,61.068894,0.57533341,0.86430449,71.083049,61.437399
0b_baseline_best,file,13,baseline,388,008.Rhinoceros_Auklet/Rhinoceros_Auklet_0016_2114.jpg,8,7,008.Rhinoceros_Auklet,25,24,random_erasing,random_erasing,0,"{""area_fraction"":0.074026,""erased"":true,""height"":0.223687,""left"":0.330107,""top"":0.273183,""width"":0.330936}",2.6051402,2.6962628,0.091122627,0.073892765,0.067457147,0.55499202,0.30526531,-0.48109926,-0.23780816,0.24329109,0.82771058,0.77586155,150.27219,116.59042,False,0.97936571,True,False,False,0.82771058,0.77586155,150.27219,116.59042,0.82196235,0.77238279,147.11531,113.62934,0.95164106,0.85213032,30.640099,26.109357,0.80840899,1.0385738,26.68553,27.714892,0.85484647,0.82843546,61.642068,51.066475,0.82285583,0.70747639,83.79122,59.28031,0.80591754,0.73859862,71.114593,52.525141,0.82605801,0.80356543,71.083049,57.119881
0b_baseline_best,file,13,baseline,7936,136.Barn_Swallow/Barn_Swallow_0094_132154.jpg,136,135,136.Barn_Swallow,137,136,identity,identity,0,{},0.066561706,0.066561706,0,0.93560517,0.93560517,0.051061828,0.051061828,0.88454334,0.88454334,0,1,1,11.26353,11.26353,False,0.99999994,True,True,True,1,1,11.26353,11.26353,1,1,11.012834,11.012834,1,1,2.3631749,2.3631749,1,1,2.4387135,2.4387135,1,1,5.1344538,5.1344538,1,1,6.1731099,6.1731099,1,1,5.1053221,5.1053221,1,1,4.9800575,4.9800575
0b_baseline_best,file,13,baseline,7936,136.Barn_Swallow/Barn_Swallow_0094_132154.jpg,136,135,136.Barn_Swallow,137,136,horizontal_flip,horizontal_flip,0,"{""flipped"":true}",0.066561706,0.13335305,0.066791348,0.93560517,0.87515604,0.051061828,0.106098,0.88454334,0.76905804,-0.1154853,0.75714932,1.8991834,11.26353,21.391509,False,0.97736931,True,True,True,0.75714932,1.8991834,11.26353,21.391509,0.7465346,1.8944888,11.012834,20.863691,0.9767143,1.9984181,2.3631749,4.7226115,0.77474043,1.9646603,2.4387135,4.7912436,0.76605715,1.8635116,5.1344538,9.5681143,0.78807197,1.902816,6.1731099,11.746292,0.67145966,1.8801827,5.1053221,9.5989381,0.73372096,1.9120821,4.9800575,9.5222788
0b_baseline_best,file,13,baseline,7936,136.Barn_Swallow/Barn_Swallow_0094_132154.jpg,136,135,136.Barn_Swallow,137,136,color_jitter,color_jitter,0,"{""brightness"":0.914389,""contrast"":1.101688,""hue"":0.053389,""saturation"":0.624214}",0.066561706,2.6717143,2.6051526,0.93560517,0.06913361,0.051061828,0.53034586,0.88454334,-0.46121225,-1.3457556,0.74803209,15.218971,11.26353,171.41934,False,0.89096367,False,True,False,0.74803209,15.218971,11.26353,171.41934,0.74308057,15.259497,11.012834,168.05031,0.86417462,14.310579,2.3631749,33.818402,0.66394268,17.910822,2.4387135,43.679363,0.76812442,17.544923,5.1344538,90.083595,0.77442104,15.029261,6.1731099,92.777281,0.73201069,13.901975,5.1053221,70.974059,0.71398866,13.578988,4.9800575,67.624142
0b_baseline_best,file,13,baseline,7936,136.Barn_Swallow/Barn_Swallow_0094_132154.jpg,136,135,136.Barn_Swallow,137,136,rotation,rotation,0,"{""angle"":-11.492894}",0.066561706,0.023066184,-0.043495523,0.93560517,0.97719783,0.051061828,0.017811604,0.88454334,0.95938622,0.074842881,0.80149898,0.38458247,11.26353,4.3317562,False,0.96335375,True,True,True,0.80149898,0.38458247,11.26353,4.3317562,0.79405319,0.3845759,11.012834,4.2352705,0.9631388,0.38472516,2.3631749,0.90917284,0.83731537,0.39384615,2.4387135,0.96047791,0.7589066,0.37256983,5.1344538,1.9129426,0.84841279,0.41461686,6.1731099,2.5594755,0.75032996,0.35848962,5.1053221,1.830205,0.7783986,0.37324583,4.9800575,1.8587857
0b_baseline_best,file,13,baseline,7936,136.Barn_Swallow/Barn_Swallow_0094_132154.jpg,136,135,136.Barn_Swallow,137,136,random_resized_crop,random_resized_crop,0,"{""area_fraction"":0.779965,""aspect"":0.935105,""fallback"":false,""height"":0.913287,""left"":0.009509,""top"":0.026543,""width"":0.854019}",0.066561706,0.019412415,-0.047149291,0.93560517,0.98077482,0.051061828,0.0092494413,0.88454334,0.97152538,0.086982038,0.75899753,0.26264545,11.26353,2.9583149,False,0.96727741,True,True,True,0.75899753,0.26264545,11.26353,2.9583149,0.75058013,0.26220928,11.012834,2.8876672,0.93573768,0.27194549,2.3631749,0.64265476,0.76691355,0.26459632,2.4387135,0.6452746,0.6878351,0.25318523,5.1344538,1.2999679,0.82697371,0.26937913,6.1731099,1.662907,0.69539961,0.2486828,5.1053221,1.2696058,0.74819696,0.27349993,4.9800575,1.3620454
0b_baseline_best,file,13,baseline,7936,136.Barn_Swallow/Barn_Swallow_0094_132154.jpg,136,135,136.Barn_Swallow,137,136,gaussian_blur,gaussian_blur,0,"{""sigma"":1.564613}",0.066561706,0.64057451,0.57401281,0.93560517,0.52698958,0.051061828,0.28727058,0.88454334,0.239719,-0.64482434,0.60988498,7.7664944,11.26353,87.478142,False,0.88999873,True,True,True,0.60988498,7.7664944,11.26353,87.478142,0.60011546,7.8227527,11.012834,86.150676,0.87966739,6.4243136,2.3631749,15.181777,0.3627659,8.2724894,2.4387135,20.174231,0.54246478,8.1184712,5.1344538,41.683916,0.65228782,7.9235307,6.1731099,48.912826,0.58660902,7.9062131,5.1053221,40.363765,0.66629219,7.1155308,4.9800575,35.435753
0b_baseline_best,file,13,baseline,7936,136.Barn_Swallow/Barn_Swallow_0094_132154.jpg,136,135,136.Barn_Swallow,137,136,random_erasing,random_erasing,0,"{""area_fraction"":0.161532,""erased"":true,""height"":0.705967,""left"":0.353031,""top"":0.224552,""width"":0.22881}",0.066561706,1.0197376,0.95317589,0.93560517,0.36068958,0.051061828,0.54907799,0.88454334,-0.18838841,-1.0729317,0.71336267,10.681258,11.26353,120.30866,False,0.89756978,False,True,False,0.71336267,10.681258,11.26353,120.30866,0.70489899,10.678578,11.012834,117.6014,0.89614301,10.739294,2.3631749,25.378831,0.59288618,12.333565,2.4387135,30.078031,0.70762698,11.036762,5.1344538,56.667744,0.71498461,9.8270475,6.1731099,60.663444,0.70337703,10.572063,5.1053221,53.973789,0.72601287,11.217826,4.9800575,55.86542
0b_baseline_best,file,13,baseline,9947,169.Magnolia_Warbler/Magnolia_Warbler_0102_165884.jpg,169,168,169.Magnolia_Warbler,163,162,identity,identity,0,{},0.0096501289,0.0096501289,0,0.99039626,0.99039626,0.0050722938,0.0050722938,0.98532397,0.98532397,0,1,1,1.6459471,1.6459471,False,0.99999994,True,True,True,1,1,1.6459471,1.6459471,1,1,1.6144374,1.6144374,1,1,0.32052104,0.32052104,1,1,0.35406,0.35406,1,1,0.65501449,0.65501449,1,1,0.77623004,0.77623004,1,1,0.82685768,0.82685768,1,1,0.87508794,0.87508794
0b_baseline_best,file,13,baseline,9947,169.Magnolia_Warbler/Magnolia_Warbler_0102_165884.jpg,169,168,169.Magnolia_Warbler,163,162,horizontal_flip,horizontal_flip,0,"{""flipped"":true}",0.0096501289,0.047489095,0.037838967,0.99039626,0.95362085,0.0050722938,0.039863706,0.98532397,0.91375715,-0.071566822,0.67676396,6.8150231,1.6459471,11.217167,False,0.97557676,True,True,True,0.67676396,6.8150231,1.6459471,11.217167,0.66825428,6.8510154,1.6144374,11.060535,0.93913643,5.8279916,0.32052104,1.8679939,0.60528803,6.2170704,0.35406,2.201216,0.61337423,7.4711105,0.65501449,4.8936857,0.60663222,7.3898595,0.77623004,5.736231,0.66754706,6.9930152,0.82685768,5.7822283,0.78921671,5.9601896,0.87508794,5.21569
0b_baseline_best,file,13,baseline,9947,169.Magnolia_Warbler/Magnolia_Warbler_0102_165884.jpg,169,168,169.Magnolia_Warbler,163,162,color_jitter,color_jitter,0,"{""brightness"":0.848225,""contrast"":1.207927,""hue"":0.017482,""saturation"":1.193324}",0.0096501289,0.007530516,-0.0021196129,0.99039626,0.99249774,0.0050722938,0.0018097718,0.98532397,0.99068797,0.005364003,0.84946664,0.61633008,1.6459471,1.0144467,False,0.99278527,True,True,True,0.84946664,0.61633008,1.6459471,1.0144467,0.84496817,0.61245094,1.6144374,0.98876369,0.95673494,0.70766825,0.32052104,0.22682256,0.83321083,0.48128837,0.35406,0.17040496,0.82041069,0.47072969,0.65501449,0.30833477,0.79489256,0.58085706,0.77623004,0.4508787,0.84553908,0.62291726,0.82685768,0.51506392,0.91086081,0.70901889,0.87508794,0.62045388
0b_baseline_best,file,13,baseline,9947,169.Magnolia_Warbler/Magnolia_Warbler_0102_165884.jpg,169,168,169.Magnolia_Warbler,163,162,rotation,rotation,0,"{""angle"":14.239524}",0.0096501289,0.0062727476,-0.0033773812,0.99039626,0.99374688,0.0050722938,0.0042307405,0.98532397,0.98951614,0.0041921688,0.78569066,0.75860097,1.6459471,1.2486171,False,0.98182106,True,True,True,0.78569066,0.75860097,1.6459471,1.2486171,0.77850343,0.7596169,1.6144374,1.2263539,0.97532781,0.73235503,0.32052104,0.23473519,0.70019695,0.76957674,0.35406,0.27247634,0.72808938,0.75169437,0.65501449,0.49237071,0.74596069,0.76064933,0.77623004,0.59043886,0.78733295,0.78641681,0.82685768,0.65025478,0.83956348,0.73688924,0.87508794,0.64484289
0b_baseline_best,file,13,baseline,9947,169.Magnolia_Warbler/Magnolia_Warbler_0102_165884.jpg,169,168,169.Magnolia_Warbler,163,162,random_resized_crop,random_resized_crop,0,"{""area_fraction"":0.668119,""aspect"":0.888958,""fallback"":false,""height"":0.866935,""left"":0.156795,""top"":0.007974,""width"":0.770669}",0.0096501289,0.014312587,0.0046624579,0.99039626,0.98578936,0.0050722938,0.012141164,0.98532397,0.97364819,-0.011675773,0.80053122,1.9943203,1.6459471,3.2825457,False,0.97979921,True,True,True,0.80053122,1.9943203,1.6459471,3.2825457,0.79552459,2.0007298,1.6144374,3.2300531,0.94314393,1.8241895,0.32052104,0.58469111,0.82779483,2.1997622,0.35406,0.7788478,0.77394379,2.1123852,0.65501449,1.383643,0.77192875,2.0017105,0.77623004,1.5537879,0.78828481,2.0560635,0.82685768,1.7000719,0.83475658,1.8453324,0.87508794,1.6148281
0b_baseline_best,file,13,baseline,9947,169.Magnolia_Warbler/Magnolia_Warbler_0102_165884.jpg,169,168,169.Magnolia_Warbler,163,162,gaussian_blur,gaussian_blur,0,"{""sigma"":1.098606}",0.0096501289,0.015914211,0.0062640822,0.99039626,0.98421174,0.0050722938,0.01300863,0.98532397,0.97120311,-0.014120854,0.76453348,2.1573561,1.6459471,3.550894,False,0.9785167,True,True,True,0.76453348,2.1573561,1.6459471,3.550894,0.75792321,2.1643266,1.6144374,3.4941697,0.95175651,1.9722875,0.32052104,0.63215963,0.7095376,3.0118234,0.35406,1.0663662,0.70636405,2.424318,0.65501449,1.5879634,0.73191685,2.1947969,0.77623004,1.7036673,0.7676552,2.0879178,0.82685768,1.7264109,0.84604047,1.8663752,0.87508794,1.6332425
0b_baseline_best,file,13,baseline,9947,169.Magnolia_Warbler/Magnolia_Warbler_0102_165884.jpg,169,168,169.Magnolia_Warbler,163,162,random_erasing,random_erasing,0,"{""area_fraction"":0.138465,""erased"":true,""height"":0.418604,""left"":0.42851,""top"":0.159823,""width"":0.330777}",0.0096501289,1.3309066,1.3212565,0.99039626,0.26423761,0.0050722938,0.028841406,0.98532397,0.23539621,-0.74992776,0.22001777,65.171699,1.6459471,107.26917,False,0.79688704,True,True,True,0.22001777,65.171699,1.6459471,107.26917,0.20535521,65.576328,1.6144374,105.86888,0.67671498,53.89933,0.32052104,17.275869,-0.23317736,72.759332,0.35406,25.761169,0.070635282,68.571908,0.65501449,44.915593,0.11618364,75.987585,0.77623004,58.983846,0.25067262,66.323245,0.82685768,54.839885,0.46701542,51.621899,0.87508794,45.173701
0b_baseline_best,file,13,baseline,5267,091.Mockingbird/Mockingbird_0096_79878.jpg,91,90,091.Mockingbird,112,111,identity,identity,0,{},0.66470087,0.66470087,0,0.51442736,0.51442736,0.11028363,0.11028363,0.40414374,0.40414374,0,1,1,59.162394,59.162394,False,1,True,True,True,1,1,59.162394,59.162394,1,1,57.532365,57.532365,1,1,13.791877,13.791877,1,1,10.413336,10.413336,1,1,21.832294,21.832294,1,1,29.046937,29.046937,1,1,30.221381,30.221381,1,1,31.109964,31.109964
0b_baseline_best,file,13,baseline,5267,091.Mockingbird/Mockingbird_0096_79878.jpg,91,90,091.Mockingbird,112,111,horizontal_flip,horizontal_flip,0,"{""flipped"":true}",0.66470087,0.7878812,0.12318033,0.51442736,0.4548074,0.11028363,0.064996779,0.40414374,0.38981062,-0.014333114,0.6320304,1.2860326,59.162394,76.084765,False,0.96267176,True,True,True,0.6320304,1.2860326,59.162394,76.084765,0.61814776,1.2992128,57.532365,74.746785,0.95309427,1.0300244,13.791877,14.20597,0.62862836,1.5270971,10.413336,15.902175,0.49940269,1.3984566,21.832294,30.531516,0.61004797,1.3273869,29.046937,38.556525,0.60223332,1.2905743,30.221381,39.002939,0.71295988,1.2002236,31.109964,37.338913
0b_baseline_best,file,13,baseline,5267,091.Mockingbird/Mockingbird_0096_79878.jpg,91,90,091.Mockingbird,112,111,color_jitter,color_jitter,0,"{""brightness"":1.134433,""contrast"":0.663395,""hue"":-0.048728,""saturation"":0.602842}",0.66470087,0.24697721,-0.41772366,0.51442736,0.78115851,0.11028363,0.015619292,0.40414374,0.76553921,0.36139548,0.80161908,0.52108811,59.162394,30.82882,False,0.95538604,True,True,True,0.80161908,0.52108811,59.162394,30.82882,0.79478331,0.52350626,57.532365,30.118553,0.93544365,0.47705103,13.791877,6.5794289,0.79103181,0.5369238,10.413336,5.5911681,0.76685095,0.50617965,21.832294,11.051063,0.77680428,0.54608395,29.046937,15.862066,0.78920717,0.52746545,30.221381,15.940734,0.83276223,0.50623339,31.109964,15.748903
0b_baseline_best,file,13,baseline,5267,091.Mockingbird/Mockingbird_0096_79878.jpg,91,90,091.Mockingbird,112,111,rotation,rotation,0,"{""angle"":-0.795145}",0.66470087,1.0346382,0.3699373,0.51442736,0.35535493,0.11028363,0.097713552,0.40414374,0.25764138,-0.14650235,0.85595034,1.3923519,59.162394,82.374874,False,0.98713696,True,True,True,0.85595034,1.3923519,59.162394,82.374874,0.84920267,1.3969231,57.532365,80.368292,0.98280038,1.310257,13.791877,18.070903,0.85874152,1.5934406,10.413336,16.593033,0.74408808,1.4255193,21.832294,31.122356,0.84099552,1.4222558,29.046937,41.312175,0.87033136,1.4340356,30.221381,43.338538,0.89440299,1.2978424,31.109964,40.375832
0b_baseline_best,file,13,baseline,5267,091.Mockingbird/Mockingbird_0096_79878.jpg,91,90,091.Mockingbird,112,111,random_resized_crop,random_resized_crop,0,"{""area_fraction"":0.817071,""aspect"":0.980977,""fallback"":false,""height"":0.912642,""left"":0.067384,""top"":0.067646,""width"":0.895281}",0.66470087,0.65895236,-0.0057485104,0.51442736,0.51739311,0.11028363,0.058908235,0.40414374,0.45848488,0.054341141,0.76203692,1.024442,59.162394,60.60844,False,0.9705168,True,True,True,0.76203692,1.024442,59.162394,60.60844,0.75113238,1.026821,57.532365,59.075438,0.96113973,0.98212303,13.791877,13.54532,0.76210554,1.2108828,10.413336,12.609329,0.70666068,0.98502688,21.832294,21.505397,0.76953002,1.0720284,29.046937,31.139142,0.7384374,1.027032,30.221381,31.038325,0.76969513,0.98310665,31.109964,30.584413
0b_baseline_best,file,13,baseline,5267,091.Mockingbird/Mockingbird_0096_79878.jpg,91,90,091.Mockingbird,112,111,gaussian_blur,gaussian_blur,0,"{""sigma"":1.467799}",0.66470087,4.0248041,3.3601032,0.51442736,0.017866923,0.11028363,0.015596694,0.40414374,0.0022702282,-0.40187351,0.42629176,2.6228221,59.162394,155.17243,False,0.8580991,False,True,False,0.42629176,2.6228221,59.162394,155.17243,0.41156749,2.6607775,57.532365,153.08082,0.82467037,1.8410719,13.791877,25.391837,0.28588892,2.4015121,10.413336,25.007753,0.21085714,3.1455852,21.832294,68.675341,0.32709695,2.6192634,29.046937,76.08158,0.48851545,2.7868971,30.221381,84.223881,0.56459378,2.3201629,31.109964,72.180186
0b_baseline_best,file,13,baseline,5267,091.Mockingbird/Mockingbird_0096_79878.jpg,91,90,091.Mockingbird,112,111,random_erasing,random_erasing,0,"{""area_fraction"":0.114908,""erased"":true,""height"":0.522254,""left"":0.217847,""top"":0.219818,""width"":0.220022}",0.66470087,3.3764641,2.7117633,0.51442736,0.034168061,0.11028363,0.057356402,0.40414374,-0.023188341,-0.42733208,0.70449226,1.6523606,59.162394,97.757609,False,0.88916063,False,True,False,0.70449226,1.6523606,59.162394,97.757609,0.69586218,1.6534188,57.532365,95.125096,0.85651263,1.6338365,13.791877,22.533672,0.73796312,1.3906436,10.413336,14.48124,0.67103878,1.5925025,21.832294,34.767982,0.72534752,1.6390443,29.046937,47.609216,0.68721563,1.6141488,30.221381,48.781806,0.68932172,1.7558895,31.109964,54.625661
0b_baseline_best,file,13,baseline,9223,157.Yellow_throated_Vireo/Yellow_Throated_Vireo_0070_159602.jpg,157,156,157.Yellow_throated_Vireo,171,170,identity,identity,0,{},0.18494384,0.18494384,0,0.83115095,0.83115095,0.027839372,0.027839372,0.80331158,0.80331158,0,1,1,43.235638,43.235638,False,1,True,True,True,1,1,43.235638,43.235638,1,1,42.982868,42.982868,1,1,4.6683412,4.6683412,1,1,8.0554793,8.0554793,1,1,25.673399,25.673399,1,1,25.473855,25.473855,1,1,17.238309,17.238309,1,1,13.32052,13.32052
0b_baseline_best,file,13,baseline,9223,157.Yellow_throated_Vireo/Yellow_Throated_Vireo_0070_159602.jpg,157,156,157.Yellow_throated_Vireo,171,170,horizontal_flip,horizontal_flip,0,"{""flipped"":true}",0.18494384,0.22626273,0.041318893,0.83115095,0.79750854,0.027839372,0.0024891333,0.80331158,0.7950194,-0.0082921726,0.60515071,0.77994924,43.235638,33.721603,False,0.92864996,True,True,True,0.60515071,0.77994924,43.235638,33.721603,0.60078825,0.77622341,42.982868,33.364309,0.90603809,1.0487355,4.6683412,4.8958553,0.31102722,0.64928666,8.0554793,5.2303153,0.68895843,0.63627468,25.673399,16.335333,0.5949581,0.72225979,25.473855,18.398741,0.53910339,0.96185779,17.238309,16.580802,0.66295526,1.0762872,13.32052,14.336705
0b_baseline_best,file,13,baseline,9223,157.Yellow_throated_Vireo/Yellow_Throated_Vireo_0070_159602.jpg,157,156,157.Yellow_throated_Vireo,171,170,color_jitter,color_jitter,0,"{""brightness"":1.170761,""contrast"":1.001684,""hue"":-0.003639,""saturation"":0.604719}",0.18494384,1.3542907,1.1693469,0.83115095,0.25813034,0.027839372,0.03458894,0.80331158,0.2235414,-0.57977018,0.84596178,4.966886,43.235638,214.74649,False,0.9345504,True,True,True,0.84596178,4.966886,43.235638,214.74649,0.84547113,4.9748957,42.982868,213.83529,0.90578616,4.2331178,4.6683412,19.761638,0.59445467,5.4874954,8.0554793,44.204405,0.89491352,5.2388108,25.673399,134.49808,0.85531291,4.8231422,25.473855,122.86402,0.79982782,4.8066877,17.238309,82.859167,0.79961978,4.5791292,13.32052,60.996382
0b_baseline_best,file,13,baseline,9223,157.Yellow_throated_Vireo/Yellow_Throated_Vireo_0070_159602.jpg,157,156,157.Yellow_throated_Vireo,171,170,rotation,rotation,0,"{""angle"":13.370073}",0.18494384,0.052967332,-0.13197651,0.83115095,0.94841099,0.027839372,0.0057269447,0.80331158,0.94268404,0.13937247,0.80799267,0.26191769,43.235638,11.324178,False,0.96490479,True,True,True,0.80799267,0.26191769,43.235638,11.324178,0.80614208,0.26076423,42.982868,11.208394,0.95824567,0.34599278,4.6683412,1.6152124,0.70020942,0.2682239,8.0554793,2.160672,0.83589776,0.20876457,25.673399,5.3596961,0.8433634,0.26972451,25.473855,6.8709232,0.76613339,0.30183859,17.238309,5.2031869,0.79443996,0.31806608,13.32052,4.2368055
0b_baseline_best,file,13,baseline,9223,157.Yellow_throated_Vireo/Yellow_Throated_Vireo_0070_159602.jpg,157,156,157.Yellow_throated_Vireo,171,170,random_resized_crop,random_resized_crop,0,"{""area_fraction"":0.763465,""aspect"":1.242127,""fallback"":false,""height"":0.783992,""left"":0.003756,""top"":0.088913,""width"":0.973818}",0.18494384,0.57854062,0.39359678,0.83115095,0.56071609,0.027839372,0.06997066,0.80331158,0.49074543,-0.31256614,0.85203055,2.1189085,43.235638,91.612359,False,0.97031331,True,True,True,0.85203055,2.1189085,43.235638,91.612359,0.85066236,2.1135346,42.982868,90.84578,0.96262344,2.533363,4.6683412,11.826603,0.75660782,1.8569504,8.0554793,14.958625,0.87836211,1.8698291,25.673399,48.004867,0.87024189,2.1441613,25.473855,54.620055,0.81457919,2.3223717,17.238309,40.033761,0.83422722,2.5332546,13.32052,33.744268
0b_baseline_best,file,13,baseline,9223,157.Yellow_throated_Vireo/Yellow_Throated_Vireo_0070_159602.jpg,157,156,157.Yellow_throated_Vireo,171,170,gaussian_blur,gaussian_blur,0,"{""sigma"":1.1772}",0.18494384,1.2196257,1.0346819,0.83115095,0.29534069,0.027839372,0.130347,0.80331158,0.16499369,-0.63831789,0.7872257,5.1319706,43.235638,221.88402,False,0.93229777,True,True,True,0.7872257,5.1319706,43.235638,221.88402,0.78587672,5.138239,42.982868,220.85625,0.92118956,4.5694028,4.6683412,21.331531,0.78811949,6.4066951,8.0554793,51.609,0.79222782,4.8043734,25.673399,123.34459,0.80668537,5.3902339,25.473855,137.31004,0.7538965,5.1829157,17.238309,89.344703,0.75515419,4.7855679,13.32052,63.746252
0b_baseline_best,file,13,baseline,9223,157.Yellow_throated_Vireo/Yellow_Throated_Vireo_0070_159602.jpg,157,156,157.Yellow_throated_Vireo,171,170,random_erasing,random_erasing,0,"{""area_fraction"":0.068049,""erased"":true,""height"":0.410622,""left"":0.254088,""top"":0.46882,""width"":0.165721}",0.18494384,0.031060262,-0.15388358,0.83115095,0.96941715,0.027839372,0.00016563787,0.80331158,0.96925152,0.16593994,0.74018392,0.11749361,43.235638,5.0799112,False,0.93535811,True,True,True,0.74018392,0.11749361,43.235638,5.0799112,0.73870307,0.11631773,42.982868,4.9996696,0.9102448,0.19264535,4.6683412,0.89933421,0.66264443,0.13342774,8.0554793,1.0748244,0.79843265,0.089993269,25.673399,2.3104331,0.75552878,0.10935426,25.473855,2.7856745,0.70098657,0.13690864,17.238309,2.3600734,0.7762055,0.17075272,13.32052,2.2745151
0b_baseline_best,file,13,baseline,10306,175.Pine_Warbler/Pine_Warbler_0041_171477.jpg,175,174,175.Pine_Warbler,157,156,identity,identity,0,{},0.012710629,0.012710629,0,0.98736984,0.98736984,0.0069337497,0.0069337497,0.98043609,0.98043609,0,1,1,2.6214339,2.6214339,False,1,True,True,True,1,1,2.6214339,2.6214339,1,1,2.5751177,2.5751177,1,1,0.49059574,0.49059574,1,1,0.60610151,0.60610151,1,1,1.2103209,1.2103209,1,1,1.4312321,1.4312321,1,1,1.2221939,1.2221939,1,1,1.1210764,1.1210764
0b_baseline_best,file,13,baseline,10306,175.Pine_Warbler/Pine_Warbler_0041_171477.jpg,175,174,175.Pine_Warbler,157,156,horizontal_flip,horizontal_flip,0,"{""flipped"":true}",0.012710629,0.0067292028,-0.0059814262,0.98736984,0.9932934,0.0069337497,0.0028424656,0.98043609,0.99045094,0.010014853,0.72158393,0.59062757,2.6214339,1.5482911,False,0.95573568,True,True,True,0.72158393,0.59062757,2.6214339,1.5482911,0.71458122,0.59294806,2.5751177,1.5269111,0.94603974,0.52265797,0.49059574,0.25641377,0.80805657,0.5679399,0.60610151,0.34422923,0.7481064,0.57809794,1.2103209,0.69968402,0.69963232,0.60870238,1.4312321,0.87119441,0.6597424,0.61703085,1.2221939,0.75413137,0.74750694,0.56111835,1.1210764,0.62905652
0b_baseline_best,file,13,baseline,10306,175.Pine_Warbler/Pine_Warbler_0041_171477.jpg,175,174,175.Pine_Warbler,157,156,color_jitter,color_jitter,0,"{""brightness"":0.78944,""contrast"":0.882009,""hue"":-0.035932,""saturation"":0.656521}",0.012710629,0.28893515,0.27622453,0.98736984,0.74906075,0.0069337497,0.013584702,0.98043609,0.73547605,-0.24496004,0.49045035,18.707551,2.6214339,49.040607,False,0.88845789,True,True,True,0.49045035,18.707551,2.6214339,49.040607,0.48153733,18.791255,2.5751177,48.389695,0.77983095,16.232474,0.49059574,7.9635824,0.56307798,22.179401,0.60610151,13.442968,0.54603133,22.582303,1.2103209,27.331833,0.37425219,17.526694,1.4312321,25.084768,0.46832754,16.203726,1.2221939,19.804096,0.56654852,17.66908,1.1210764,19.808388
0b_baseline_best,file,13,baseline,10306,175.Pine_Warbler/Pine_Warbler_0041_171477.jpg,175,174,175.Pine_Warbler,157,156,rotation,rotation,0,"{""angle"":-4.429966}",0.012710629,0.01068891,-0.0020217188,0.98736984,0.98936802,0.0069337497,0.0062152361,0.98043609,0.98315279,0.0027166996,0.86974808,0.89110135,2.6214339,2.3359633,False,0.97707117,True,True,True,0.86974808,0.89110135,2.6214339,2.3359633,0.86598381,0.89180027,2.5751177,2.2964907,0.97608045,0.87162442,0.49059574,0.42761523,0.81249722,0.90301512,0.60610151,0.54731883,0.87322263,0.87811148,1.2103209,1.0627967,0.86245551,0.87189663,1.4312321,1.2478865,0.86328997,0.93184845,1.2221939,1.1388995,0.88409409,0.88773579,1.1210764,0.9952196
0b_baseline_best,file,13,baseline,10306,175.Pine_Warbler/Pine_Warbler_0041_171477.jpg,175,174,175.Pine_Warbler,157,156,random_resized_crop,random_resized_crop,0,"{""area_fraction"":0.510528,""aspect"":1.298555,""fallback"":false,""height"":0.627017,""left"":0.177887,""top"":0.324121,""width"":0.814216}",0.012710629,0.027604263,0.014893634,0.98736984,0.97277325,0.0069337497,0.024363013,0.98043609,0.94841024,-0.032025845,0.71240757,2.438602,2.6214339,6.3926339,False,0.91036069,True,True,True,0.71240757,2.438602,2.6214339,6.3926339,0.70607333,2.4348656,2.5751177,6.2700656,0.88034948,2.5393841,0.49059574,1.245811,0.7840844,2.4472691,0.60610151,1.4832935,0.72968608,2.2769578,1.2103209,2.7558497,0.73536604,2.4682774,1.4312321,3.5326779,0.66297052,2.5792865,1.2221939,3.1523884,0.66584928,2.3770567,1.1210764,2.6648621
0b_baseline_best,file,13,baseline,10306,175.Pine_Warbler/Pine_Warbler_0041_171477.jpg,175,174,175.Pine_Warbler,157,156,gaussian_blur,gaussian_blur,0,"{""sigma"":1.656528}",0.012710629,0.057435054,0.044724425,0.98736984,0.94418323,0.0069337497,0.012311059,0.98043609,0.93187217,-0.048563914,0.53037884,4.7877887,2.6214339,12.550871,False,0.89532202,True,True,True,0.53037884,4.7877887,2.6214339,12.550871,0.52135722,4.8078299,2.5751177,12.380728,0.81976856,4.1981561,0.49059574,2.0595975,0.52209534,6.4088571,0.60610151,3.8844179,0.55692249,5.0669076,1.2103209,6.1325842,0.39679455,4.1965046,1.4312321,6.0061722,0.55071336,5.2290231,1.2221939,6.3908804,0.65024675,4.3395298,1.1210764,4.8649443
0b_baseline_best,file,13,baseline,10306,175.Pine_Warbler/Pine_Warbler_0041_171477.jpg,175,174,175.Pine_Warbler,157,156,random_erasing,random_erasing,0,"{""area_fraction"":0.122362,""erased"":true,""height"":0.555628,""left"":0.051117,""top"":0.280895,""width"":0.220223}",0.012710629,0.0092535894,-0.0034570396,0.98736984,0.99078912,0.0069337497,0.0057653985,0.98043609,0.98502372,0.0045876312,0.87616406,0.69806818,2.6214339,1.8299396,False,0.95122063,True,True,True,0.87616406,0.69806818,2.6214339,1.8299396,0.87349674,0.69492149,2.5751177,1.7895047,0.94724895,0.77978585,0.49059574,0.38255962,0.85842682,0.67552997,0.60610151,0.40943974,0.87872288,0.66570583,1.2103209,0.80571768,0.88011143,0.65817879,1.4312321,0.94200664,0.86485209,0.72005043,1.2221939,0.88004127,0.87921197,0.7588062,1.1210764,0.85067969
0b_baseline_best,file,13,baseline,4853,084.Red_legged_Kittiwake/Red_Legged_Kittiwake_0001_795394.jpg,84,83,084.Red_legged_Kittiwake,45,44,identity,identity,0,{},0.45150739,0.45150739,0,0.63666773,0.63666773,0.067105211,0.067105211,0.56956252,0.56956252,0,1,1,57.200056,57.200056,False,1,True,True,True,1,1,57.200056,57.200056,1,1,56.354143,56.354143,1,1,9.8008694,9.8008694,1,1,11.410632,11.410632,1,1,28.296209,28.296209,1,1,26.859256,26.859256,1,1,27.509267,27.509267,1,1,27.689927,27.689927
0b_baseline_best,file,13,baseline,4853,084.Red_legged_Kittiwake/Red_Legged_Kittiwake_0001_795394.jpg,84,83,084.Red_legged_Kittiwake,45,44,horizontal_flip,horizontal_flip,0,"{""flipped"":true}",0.45150739,0.74136752,0.28986013,0.63666773,0.47646189,0.067105211,0.057574868,0.56956252,0.41888702,-0.1506755,0.72870443,1.5166437,57.200056,86.752106,False,0.96508598,True,True,True,0.72870443,1.5166437,57.200056,86.752106,0.72219152,1.517389,56.354143,85.511159,0.94782806,1.4917923,9.8008694,14.620861,0.74393445,1.3989318,11.410632,15.962695,0.72797131,1.3126652,28.296209,37.143449,0.70578164,1.7028275,26.859256,45.736679,0.69051075,1.5235598,27.509267,41.912013,0.77379767,1.5445971,27.689927,42.769781
0b_baseline_best,file,13,baseline,4853,084.Red_legged_Kittiwake/Red_Legged_Kittiwake_0001_795394.jpg,84,83,084.Red_legged_Kittiwake,45,44,color_jitter,color_jitter,0,"{""brightness"":0.893047,""contrast"":0.888535,""hue"":-0.042392,""saturation"":1.227125}",0.45150739,0.53310436,0.081596971,0.63666773,0.58678055,0.067105211,0.060921218,0.56956252,0.52585933,-0.043703187,0.9147642,1.2748287,57.200056,72.920274,False,0.98565525,True,True,True,0.9147642,1.2748287,57.200056,72.920274,0.91329808,1.2796729,56.354143,72.11487,0.98089855,1.102755,9.8008694,10.807958,0.87031013,1.2780564,11.410632,14.583431,0.91980706,1.2257764,28.296209,34.684825,0.89677163,1.4262294,26.859256,38.307461,0.91995093,1.2743202,27.509267,35.055615,0.9350252,1.1914863,27.689927,32.992168
0b_baseline_best,file,13,baseline,4853,084.Red_legged_Kittiwake/Red_Legged_Kittiwake_0001_795394.jpg,84,83,084.Red_legged_Kittiwake,45,44,rotation,rotation,0,"{""angle"":-8.244065}",0.45150739,0.16070822,-0.29079917,0.63666773,0.85154051,0.067105211,0.045171268,0.56956252,0.80636924,0.23680672,0.79245149,0.426146,57.200056,24.375575,False,0.92838848,True,True,True,0.79245149,0.426146,57.200056,24.375575,0.78915314,0.42694457,56.354143,24.060095,0.9109695,0.39884483,9.8008694,3.9090261,0.83347901,0.42375739,11.410632,4.8353395,0.8551455,0.447903,28.296209,12.673957,0.77678323,0.46012139,26.859256,12.358518,0.73116261,0.40603497,27.509267,11.169724,0.78275413,0.39127345,27.689927,10.834333
0b_baseline_best,file,13,baseline,4853,084.Red_legged_Kittiwake/Red_Legged_Kittiwake_0001_795394.jpg,84,83,084.Red_legged_Kittiwake,45,44,random_resized_crop,random_resized_crop,0,"{""area_fraction"":0.584087,""aspect"":1.199537,""fallback"":false,""height"":0.697802,""left"":0.144844,""top"":0.123093,""width"":0.837039}",0.45150739,0.18665509,-0.2648523,0.63666773,0.82972986,0.067105211,0.12123699,0.56956252,0.70849287,0.13893035,0.69075423,0.54682846,57.200056,31.278619,False,0.92236114,True,True,True,0.69075423,0.54682846,57.200056,31.278619,0.68639087,0.54411876,56.354143,30.663346,0.82253116,0.62988558,9.8008694,6.1734263,0.81660112,0.62326441,11.410632,7.1118406,0.78706417,0.59266421,28.296209,16.770151,0.6471709,0.52063057,26.859256,13.98375,0.62962685,0.51441128,27.509267,14.151077,0.63936872,0.52660711,27.689927,14.581712
0b_baseline_best,file,13,baseline,4853,084.Red_legged_Kittiwake/Red_Legged_Kittiwake_0001_795394.jpg,84,83,084.Red_legged_Kittiwake,45,44,gaussian_blur,gaussian_blur,0,"{""sigma"":1.554033}",0.45150739,0.020744385,-0.430763,0.63666773,0.9794693,0.067105211,0.01261884,0.56956252,0.96685046,0.39728794,0.56943193,0.07758734,57.200056,4.4380002,False,0.87092787,True,True,True,0.56943193,0.07758734,57.200056,4.4380002,0.56258819,0.077627532,56.354143,4.374633,0.79988312,0.07624661,9.8008694,0.74728306,0.65363114,0.06068147,11.410632,0.6924139,0.60431583,0.084635744,28.296209,2.3948707,0.47532363,0.083487182,26.859256,2.2424036,0.55570842,0.076387791,27.509267,2.1013721,0.61625841,0.067355023,27.689927,1.8650556
0b_baseline_best,file,13,baseline,4853,084.Red_legged_Kittiwake/Red_Legged_Kittiwake_0001_795394.jpg,84,83,084.Red_legged_Kittiwake,45,44,random_erasing,random_erasing,0,"{""area_fraction"":0.152399,""erased"":true,""height"":0.56243,""left"":0.244667,""top"":0.321882,""width"":0.270966}",0.45150739,3.9618568,3.5103495,0.63666773,0.019027753,0.067105211,0.019940296,0.56956252,-0.00091254339,-0.57047506,0.68486242,2.429692,57.200056,138.97852,False,0.85014313,False,True,False,0.68486242,2.429692,57.200056,138.97852,0.6813285,2.4112393,56.354143,135.88332,0.79419413,2.9760262,9.8008694,29.167644,0.74785792,2.0548389,11.410632,23.44701,0.8255228,2.1956813,28.296209,62.129458,0.64895311,2.434296,26.859256,65.383378,0.6638073,2.4844416,27.509267,68.345168,0.59535417,2.5811932,27.689927,71.473051
0b_baseline_best,file,13,baseline,10599,180.Wilson_Warbler/Wilson_Warbler_0076_175780.jpg,180,179,180.Wilson_Warbler,182,181,identity,identity,0,{},0.0040429058,0.0040429058,0,0.99596524,0.99596524,0.0031295472,0.0031295472,0.9928357,0.9928357,0,1,1,0.76988289,0.76988289,False,1,True,True,True,1,1,0.76988289,0.76988289,1,1,0.75145625,0.75145625,1,1,0.16743111,0.16743111,1,1,0.13950375,0.13950375,1,1,0.27604032,0.27604032,1,1,0.39715153,0.39715153,1,1,0.40886806,0.40886806,1,1,0.37963734,0.37963734
0b_baseline_best,file,13,baseline,10599,180.Wilson_Warbler/Wilson_Warbler_0076_175780.jpg,180,179,180.Wilson_Warbler,182,181,horizontal_flip,horizontal_flip,0,"{""flipped"":true}",0.0040429058,0.0052735982,0.0012306925,0.99596524,0.99474031,0.0031295472,0.0043823393,0.9928357,0.99035797,-0.0024777271,0.69604094,1.5198097,0.76988289,1.1700755,False,0.98508453,True,True,True,0.69604094,1.5198097,0.76988289,1.1700755,0.68452144,1.5305885,0.75145625,1.1501703,0.98311891,1.2835533,0.16743111,0.21490676,0.57930314,1.6937728,0.13950375,0.23628765,0.63280903,1.6464743,0.27604032,0.45449328,0.6462478,1.6121851,0.39715153,0.64028177,0.68305392,1.5090827,0.40886806,0.61701573,0.79357085,1.3682752,0.37963734,0.51944835
0b_baseline_best,file,13,baseline,10599,180.Wilson_Warbler/Wilson_Warbler_0076_175780.jpg,180,179,180.Wilson_Warbler,182,181,color_jitter,color_jitter,0,"{""brightness"":0.789353,""contrast"":0.902499,""hue"":-0.079816,""saturation"":0.677698}",0.0040429058,6.0164971,6.0124542,0.99596524,0.0024381957,0.0031295472,0.0011826498,0.9928357,0.001255546,-0.99158015,0.21568241,284.97689,0.76988289,219.39884,False,0.63216496,False,True,False,0.21568241,284.97689,0.76988289,219.39884,0.20975178,289.74951,0.75145625,217.73408,0.46763034,161.11861,0.16743111,26.976268,0.17974609,602.84309,0.13950375,84.09887,0.14652069,418.79757,0.27604032,115.60501,0.25277522,300.52203,0.39715153,119.35278,0.23567418,213.34949,0.40886806,87.231791,0.26319317,188.41625,0.37963734,71.529845
0b_baseline_best,file,13,baseline,10599,180.Wilson_Warbler/Wilson_Warbler_0076_175780.jpg,180,179,180.Wilson_Warbler,182,181,rotation,rotation,0,"{""angle"":6.146694}",0.0040429058,0.0036952088,-0.00034769694,0.99596524,0.9963116,0.0031295472,0.002019691,0.9928357,0.99429191,0.0014562188,0.78854169,0.77351605,0.76988289,0.59551678,False,0.98871362,True,True,True,0.78854169,0.77351605,0.76988289,0.59551678,0.77977442,0.77515374,0.75145625,0.58249412,0.97441852,0.73975553,0.16743111,0.12385809,0.67449221,0.89164311,0.13950375,0.12438756,0.6780089,0.79928666,0.27604032,0.22063534,0.75120099,0.73549152,0.39715153,0.29210158,0.79290927,0.77389964,0.40886806,0.31642285,0.86714452,0.78891162,0.37963734,0.29950031
0b_baseline_best,file,13,baseline,10599,180.Wilson_Warbler/Wilson_Warbler_0076_175780.jpg,180,179,180.Wilson_Warbler,182,181,random_resized_crop,random_resized_crop,0,"{""area_fraction"":0.658415,""aspect"":0.859835,""fallback"":false,""height"":0.875069,""left"":0.148905,""top"":0.065072,""width"":0.752415}",0.0040429058,0.0047582253,0.00071531953,0.99596524,0.99525309,0.0031295472,0.0014339846,0.9928357,0.9938191,0.00098340632,0.63152603,0.93548515,0.76988289,0.72021401,False,0.98001128,True,True,True,0.63152603,0.93548515,0.76988289,0.72021401,0.61856926,0.93106368,0.75145625,0.69965362,0.87217212,1.0204777,0.16743111,0.17085971,0.54141643,1.2631364,0.13950375,0.17621227,0.44857935,0.952386,0.27604032,0.26289693,0.55700152,0.86535872,0.39715153,0.34367854,0.66066101,0.87178333,0.40886806,0.35644436,0.74257957,1.0001998,0.37963734,0.37971318
0b_baseline_best,file,13,baseline,10599,180.Wilson_Warbler/Wilson_Warbler_0076_175780.jpg,180,179,180.Wilson_Warbler,182,181,gaussian_blur,gaussian_blur,0,"{""sigma"":1.328431}",0.0040429058,0.022743801,0.018700895,0.99596524,0.9775129,0.0031295472,0.0077243159,0.9928357,0.96978858,-0.023047115,0.61873029,4.6139463,0.76988289,3.5521983,False,0.96004802,True,True,True,0.61873029,4.6139463,0.76988289,3.5521983,0.60735221,4.6432232,0.75145625,3.4891791,0.89330637,3.9785897,0.16743111,0.66613971,0.28798735,5.0071454,0.13950375,0.69851555,0.43454037,5.5450163,0.27604032,1.5306481,0.54816711,4.7284473,0.39715153,1.8779101,0.68313974,4.2743446,0.40886806,1.747643,0.76672945,4.3782721,0.37963734,1.6621556
0b_baseline_best,file,13,baseline,10599,180.Wilson_Warbler/Wilson_Warbler_0076_175780.jpg,180,179,180.Wilson_Warbler,182,181,random_erasing,random_erasing,0,"{""area_fraction"":0.066636,""erased"":true,""height"":0.261695,""left"":0.511527,""top"":0.101176,""width"":0.254634}",0.0040429058,0.0020109448,-0.002031961,0.99596524,0.99799109,0.0031295472,0.0013878592,0.9928357,0.99660323,0.0037675307,0.96474982,0.47770401,0.76988289,0.36777615,False,0.99212265,True,True,True,0.96474982,0.47770401,0.76988289,0.36777615,0.96349447,0.47786952,0.75145625,0.35909804,0.99024901,0.47435784,0.16743111,0.079422261,0.95998321,0.46577006,0.13950375,0.06497667,0.96467873,0.46715257,0.27604032,0.12895294,0.97004325,0.48077022,0.39715153,0.19093863,0.96445811,0.47624575,0.40886806,0.19472168,0.9553883,0.4837451,0.37963734,0.1836477
0b_baseline_best,file,13,baseline,912,017.Cardinal/Cardinal_0051_17223.jpg,17,16,017.Cardinal,42,41,identity,identity,0,{},0.22233918,0.22233918,0,0.80064374,0.80064374,0.030923799,0.030923799,0.76971994,0.76971994,0,1,1,33.151866,33.151866,False,1,True,True,True,1,1,33.151866,33.151866,1,1,32.732919,32.732919,1,1,5.2537837,5.2537837,1,1,10.967585,10.967585,1,1,14.802002,14.802002,1,1,15.860422,15.860422,1,1,16.532807,16.532807,1,1,14.393405,14.393405
0b_baseline_best,file,13,baseline,912,017.Cardinal/Cardinal_0051_17223.jpg,17,16,017.Cardinal,42,41,horizontal_flip,horizontal_flip,0,"{""flipped"":true}",0.22233918,0.11904501,-0.10329417,0.80064374,0.88776785,0.030923799,0.0063675363,0.76971994,0.88140032,0.11168037,0.57264643,0.49854624,33.151866,16.527738,False,0.94370341,True,True,True,0.57264643,0.49854624,33.151866,16.527738,0.56221179,0.49684433,32.732919,16.263165,0.93566984,0.56063105,5.2537837,2.9454342,-0.066376461,0.41448902,10.967585,4.5459437,0.58025568,0.4691871,14.802002,6.9449083,0.61683706,0.49344712,15.860422,7.8262795,0.62271535,0.50725522,16.532807,8.3863524,0.69506437,0.55586062,14.393405,8.0007269
0b_baseline_best,file,13,baseline,912,017.Cardinal/Cardinal_0051_17223.jpg,17,16,017.Cardinal,42,41,color_jitter,color_jitter,0,"{""brightness"":1.38731,""contrast"":0.673878,""hue"":-0.073368,""saturation"":0.981854}",0.22233918,0.045949131,-0.17639005,0.80064374,0.95509052,0.030923799,0.0016689018,0.76971994,0.95342162,0.18370168,0.60830481,0.20432464,33.151866,6.7737429,False,0.9100318,True,True,True,0.60830481,0.20432464,33.151866,6.7737429,0.60008848,0.20370076,32.732919,6.6677205,0.89775922,0.22722181,5.2537837,1.1937742,0.53673942,0.1828691,10.967585,2.0056325,0.54233844,0.22220618,14.802002,3.2890963,0.58043117,0.18953078,15.860422,3.0060382,0.60282946,0.19136704,16.532807,3.1638342,0.71702004,0.22589583,14.393405,3.2514101
0b_baseline_best,file,13,baseline,912,017.Cardinal/Cardinal_0051_17223.jpg,17,16,017.Cardinal,42,41,rotation,rotation,0,"{""angle"":-2.479329}",0.22233918,0.16400252,-0.05833666,0.80064374,0.84873986,0.030923799,0.0053417208,0.76971994,0.84339814,0.073678198,0.80386304,0.66920321,33.151866,22.185335,False,0.96341419,True,True,True,0.80386304,0.66920321,33.151866,22.185335,0.79978666,0.6678843,32.732919,21.861803,0.95303396,0.71853127,5.2537837,3.7750078,0.58645812,0.40652733,10.967585,4.4586232,0.80272845,0.5958521,14.802002,8.8198038,0.82390164,0.70185106,15.860422,11.131654,0.8270516,0.70670438,16.532807,11.683807,0.8480837,0.76058294,14.393405,10.947378
0b_baseline_best,file,13,baseline,912,017.Cardinal/Cardinal_0051_17223.jpg,17,16,017.Cardinal,42,41,random_resized_crop,random_resized_crop,0,"{""area_fraction"":0.861522,""aspect"":0.868313,""fallback"":false,""height"":0.996082,""left"":0.104911,""top"":0.002515,""width"":0.864911}",0.22233918,0.17625165,-0.046087533,0.80064374,0.83840698,0.030923799,0.01094886,0.76971994,0.82745812,0.057738177,0.7725881,0.80747781,33.151866,26.769396,False,0.97679299,True,True,True,0.7725881,0.80747781,33.151866,26.769396,0.76728771,0.80677561,32.732919,26.40812,0.97197511,0.8342789,5.2537837,4.3831208,0.68135274,0.61044018,10.967585,6.6950548,0.73450738,0.79829989,14.802002,11.816436,0.78419367,0.86716857,15.860422,13.75366,0.78801301,0.79777775,16.532807,13.189505,0.80522151,0.85036988,14.393405,12.239718
0b_baseline_best,file,13,baseline,912,017.Cardinal/Cardinal_0051_17223.jpg,17,16,017.Cardinal,42,41,gaussian_blur,gaussian_blur,0,"{""sigma"":1.820997}",0.22233918,0.69529599,0.47295681,0.80064374,0.49892673,0.030923799,0.0072079264,0.76971994,0.4917188,-0.27800114,0.24335664,3.031703,33.151866,100.50661,False,0.77629483,True,True,True,0.24335664,3.031703,33.151866,100.50661,0.2332538,3.0468439,32.732919,99.732095,0.75499423,2.3703781,5.2537837,12.453454,0.039839899,3.5335826,10.967585,38.754868,-0.05028595,2.9625997,14.802002,43.852406,0.23602093,3.2511434,15.860422,51.564506,0.35871889,2.8582688,16.532807,47.255205,0.52301843,2.8046087,14.393405,40.367869
0b_baseline_best,file,13,baseline,912,017.Cardinal/Cardinal_0051_17223.jpg,17,16,017.Cardinal,42,41,random_erasing,random_erasing,0,"{""area_fraction"":0.08433,""erased"":true,""height"":0.172859,""left"":0.156151,""top"":0.746239,""width"":0.487855}",0.22233918,1.2664793,1.0441401,0.80064374,0.28182212,0.030923799,0.020669805,0.76971994,0.26115231,-0.50856763,0.70358847,2.9004468,33.151866,96.155224,False,0.93668377,True,True,True,0.70358847,2.9004468,33.151866,96.155224,0.69740428,2.88977,32.732919,94.590608,0.92026361,3.2882075,5.2537837,17.275531,0.66004164,2.1257543,10.967585,23.314392,0.61838147,2.6040935,14.802002,38.545797,0.72952592,2.8481393,15.860422,45.172692,0.71883043,3.0449063,16.532807,50.340848,0.74171482,3.3631612,14.393405,48.407341
0b_baseline_best,file,13,baseline,9503,162.Canada_Warbler/Canada_Warbler_0076_162393.jpg,162,161,162.Canada_Warbler,167,166,identity,identity,0,{},0.05194509,0.05194509,0,0.94938099,0.94938099,0.03089568,0.03089568,0.91848531,0.91848531,0,1,1,9.2643969,9.2643969,False,1,True,True,True,1,1,9.2643969,9.2643969,1,1,9.1071859,9.1071859,1,1,1.6994748,1.6994748,1,1,1.265793,1.265793,1,1,3.8880551,3.8880551,1,1,4.6279217,4.6279217,1,1,4.7494306,4.7494306,1,1,4.7166599,4.7166599
0b_baseline_best,file,13,baseline,9503,162.Canada_Warbler/Canada_Warbler_0076_162393.jpg,162,161,162.Canada_Warbler,167,166,horizontal_flip,horizontal_flip,0,"{""flipped"":true}",0.05194509,0.12395236,0.072007269,0.94938099,0.8834219,0.03089568,0.0093022119,0.91848531,0.87411969,-0.044365628,0.55406233,3.0614863,9.2643969,28.362824,False,0.95365417,True,True,True,0.55406233,3.0614863,9.2643969,28.362824,0.55015327,3.0851016,9.1071859,28.096594,0.73065094,2.281299,1.6994748,3.8770102,0.5155353,4.1625522,1.265793,5.2689294,0.54390768,3.3459329,3.8880551,13.009171,0.5413501,3.6019807,4.6279217,16.669685,0.52464293,2.870866,4.7494306,13.634979,0.63720489,2.404541,4.7166599,11.341402
0b_baseline_best,file,13,baseline,9503,162.Canada_Warbler/Canada_Warbler_0076_162393.jpg,162,161,162.Canada_Warbler,167,166,color_jitter,color_jitter,0,"{""brightness"":0.823534,""contrast"":1.340126,""hue"":0.058094,""saturation"":1.16448}",0.05194509,0.044657517,-0.0072875731,0.94938099,0.95632493,0.03089568,0.021792274,0.91848531,0.93453266,0.016047347,0.84481864,0.86654915,9.2643969,8.0280553,False,0.96927983,True,True,True,0.84481864,0.86654915,9.2643969,8.0280553,0.84137612,0.86963712,9.1071859,7.919947,0.96182924,0.77262353,1.6994748,1.3130542,0.63968386,1.1681285,1.265793,1.4786089,0.83805802,0.8796743,3.8880551,3.4202221,0.84848575,0.91794736,4.6279217,4.2481885,0.83590458,0.85341603,4.7494306,4.0532402,0.87107811,0.80357373,4.7166599,3.790184
0b_baseline_best,file,13,baseline,9503,162.Canada_Warbler/Canada_Warbler_0076_162393.jpg,162,161,162.Canada_Warbler,167,166,rotation,rotation,0,"{""angle"":9.379519}",0.05194509,0.08833342,0.03638833,0.94938099,0.91545558,0.03089568,0.040070489,0.91848531,0.87538509,-0.043100223,0.83046482,1.5242235,9.2643969,14.121012,False,0.96813363,True,True,True,0.83046482,1.5242235,9.2643969,14.121012,0.82650861,1.5287494,9.1071859,13.922605,0.95935753,1.387972,1.6994748,2.3588234,0.76510138,1.5241268,1.265793,1.9292289,0.85057398,1.556797,3.8880551,6.0529126,0.79964326,1.5441847,4.6279217,7.1463659,0.80793347,1.5064968,4.7494306,7.1550021,0.85944506,1.5172689,4.7166599,7.1564411
0b_baseline_best,file,13,baseline,9503,162.Canada_Warbler/Canada_Warbler_0076_162393.jpg,162,161,162.Canada_Warbler,167,166,random_resized_crop,random_resized_crop,0,"{""area_fraction"":0.602086,""aspect"":0.815303,""fallback"":false,""height"":0.859349,""left"":0.045366,""top"":0.139187,""width"":0.70063}",0.05194509,0.060417596,0.008472506,0.94938099,0.94137132,0.03089568,0.016428612,0.91848531,0.92494271,0.0064573959,0.68245649,1.0306961,9.2643969,9.5487779,False,0.95504642,True,True,True,0.68245649,1.0306961,9.2643969,9.5487779,0.67520416,1.0335149,9.1071859,9.4124121,0.91252629,0.94617336,1.6994748,1.6079978,0.51789923,1.5794941,1.265793,1.9993126,0.68878293,1.1609699,3.8880551,4.513915,0.67781223,1.0221375,4.6279217,4.7303724,0.64728524,0.9447691,4.7494306,4.4871153,0.72106992,0.98786433,4.7166599,4.6594201
0b_baseline_best,file,13,baseline,9503,162.Canada_Warbler/Canada_Warbler_0076_162393.jpg,162,161,162.Canada_Warbler,167,166,gaussian_blur,gaussian_blur,0,"{""sigma"":1.152841}",0.05194509,0.85277116,0.80082607,0.94938099,0.42623213,0.03089568,0.34204665,0.91848531,0.084185481,-0.83429983,0.73148727,11.605549,9.2643969,107.51841,False,0.89258206,True,True,True,0.73148727,11.605549,9.2643969,107.51841,0.72694277,11.645628,9.1071859,106.0589,0.88241016,10.388836,1.6994748,17.655565,0.46816593,12.408919,1.265793,15.707122,0.77561088,12.751675,3.8880551,49.579215,0.74818657,12.438937,4.6279217,57.566427,0.68163018,11.278592,4.7494306,53.566891,0.74444273,10.300437,4.7166599,48.583657
0b_baseline_best,file,13,baseline,9503,162.Canada_Warbler/Canada_Warbler_0076_162393.jpg,162,161,162.Canada_Warbler,167,166,random_erasing,random_erasing,0,"{""area_fraction"":0.17819,""erased"":true,""height"":0.376659,""left"":0.186084,""top"":0.324496,""width"":0.47308}",0.05194509,3.9621935,3.9102484,0.94938099,0.019021347,0.03089568,0.0004324404,0.91848531,0.018588907,-0.89989641,0.22525154,12.96931,9.2643969,120.15283,False,0.56602031,False,True,False,0.22525154,12.96931,9.2643969,120.15283,0.21484513,12.852033,9.1071859,117.04585,0.47081057,15.9739,1.6994748,27.14724,0.29684761,13.876109,1.265793,17.564282,0.38558036,12.479325,3.8880551,48.520304,0.17132112,13.17756,4.6279217,60.984716,0.095648856,11.921541,4.7494306,56.620533,0.24996403,13.595378,4.7166599,64.124775
0b_baseline_best,file,13,baseline,8233,141.Artic_Tern/Artic_Tern_0012_143410.jpg,141,140,141.Artic_Tern,144,143,identity,identity,0,{},0.71181118,0.71181118,0,0.49075454,0.49075454,0.13510433,0.13510433,0.35565022,0.35565022,0,1,1,73.451383,73.451383,False,0.99999994,True,True,True,1,1,73.451383,73.451383,1,1,71.73284,71.73284,1,1,15.795738,15.795738,1,1,12.512087,12.512087,1,1,30.945001,30.945001,1,1,38.581704,38.581704,1,1,35.320772,35.320772,1,1,35.990973,35.990973
0b_baseline_best,file,13,baseline,8233,141.Artic_Tern/Artic_Tern_0012_143410.jpg,141,140,141.Artic_Tern,144,143,horizontal_flip,horizontal_flip,0,"{""flipped"":true}",0.71181118,1.763586,1.0517749,0.49075454,0.17142902,0.13510433,0.053075403,0.35565022,0.11835362,-0.2372966,0.69308731,1.4559013,73.451383,106.93796,False,0.96589041,False,True,False,0.69308731,1.4559013,73.451383,106.93796,0.68033106,1.4532246,71.73284,104.24392,0.94674836,1.5100461,15.795738,23.852291,0.39790262,1.5869826,12.512087,19.856464,0.66844765,1.3123655,30.945001,40.61115,0.670681,1.3489213,38.581704,52.043683,0.65714726,1.4652399,35.320772,51.753404,0.75860175,1.6287387,35.990973,58.619889
0b_baseline_best,file,13,baseline,8233,141.Artic_Tern/Artic_Tern_0012_143410.jpg,141,140,141.Artic_Tern,144,143,color_jitter,color_jitter,0,"{""brightness"":1.187026,""contrast"":0.693034,""hue"":0.052414,""saturation"":1.146399}",0.71181118,2.7084327,1.9966215,0.49075454,0.066641167,0.13510433,0.017772177,0.35565022,0.04886899,-0.30678123,0.56491941,2.8559994,73.451383,209.77711,False,0.92953688,False,True,False,0.56491941,2.8559994,73.451383,209.77711,0.55791961,2.8801416,71.73284,206.60074,0.75919051,2.3023393,15.795738,36.367147,0.41625946,3.1252389,12.512087,39.10326,0.54962179,2.8433693,30.945001,87.988067,0.55550754,2.9704402,38.581704,114.60464,0.54000133,3.0354019,35.320772,107.21274,0.61279542,2.604085,35.990973,93.723552
0b_baseline_best,file,13,baseline,8233,141.Artic_Tern/Artic_Tern_0012_143410.jpg,141,140,141.Artic_Tern,144,143,rotation,rotation,0,"{""angle"":4.614843}",0.71181118,1.3634918,0.65168059,0.49075454,0.25576615,0.13510433,0.13130397,0.35565022,0.12446219,-0.23118803,0.8363785,1.5885715,73.451383,116.68277,False,0.97897321,True,True,True,0.8363785,1.5885715,73.451383,116.68277,0.8307551,1.5943845,71.73284,114.36973,0.96565529,1.4635501,15.795738,23.117853,0.78882571,2.012921,12.512087,25.185842,0.85498366,1.6415844,30.945001,50.798831,0.83267505,1.5859106,38.581704,61.187132,0.80635421,1.5528379,35.320772,54.847434,0.8441043,1.5503491,35.990973,55.798573
0b_baseline_best,file,13,baseline,8233,141.Artic_Tern/Artic_Tern_0012_143410.jpg,141,140,141.Artic_Tern,144,143,random_resized_crop,random_resized_crop,0,"{""area_fraction"":0.649806,""aspect"":1.287725,""fallback"":false,""height"":0.710363,""left"":0.050824,""top"":0.156729,""width"":0.914752}",0.71181118,0.60412693,-0.10768425,0.49075454,0.54655141,0.13510433,0.071021475,0.35565022,0.47552993,0.11987972,0.70711442,1.2313898,73.451383,90.447287,False,0.93285906,True,True,True,0.70711442,1.2313898,73.451383,90.447287,0.69912071,1.2372652,71.73284,88.752549,0.89645057,1.1032658,15.795738,17.426897,0.50899088,1.3769532,12.512087,17.228558,0.71101466,1.4561821,30.945001,45.061556,0.7609945,1.2755549,38.581704,49.213083,0.65724155,1.129747,35.320772,39.903535,0.69382985,1.0887325,35.990973,39.184541
0b_baseline_best,file,13,baseline,8233,141.Artic_Tern/Artic_Tern_0012_143410.jpg,141,140,141.Artic_Tern,144,143,gaussian_blur,gaussian_blur,0,"{""sigma"":1.948686}",0.71181118,1.3327253,0.6209141,0.49075454,0.26375747,0.13510433,0.060470875,0.35565022,0.20328659,-0.15236362,0.72758142,1.5359879,73.451383,112.82043,False,0.93772042,True,True,True,0.72758142,1.5359879,73.451383,112.82043,0.72008071,1.5462243,71.73284,110.91506,0.92044756,1.3071274,15.795738,20.647041,0.48522361,1.2896723,12.512087,16.136492,0.66524884,1.5753903,30.945001,48.750455,0.73857449,1.6102724,38.581704,62.127052,0.72739908,1.5263184,35.320772,53.910745,0.75969106,1.4960009,35.990973,53.842527
0b_baseline_best,file,13,baseline,8233,141.Artic_Tern/Artic_Tern_0012_143410.jpg,141,140,141.Artic_Tern,144,143,random_erasing,random_erasing,0,"{""area_fraction"":0.115162,""erased"":true,""height"":0.340818,""left"":0.01351,""top"":0.441816,""width"":0.337897}",0.71181118,1.7212192,1.009408,0.49075454,0.17884797,0.13510433,0.16933846,0.35565022,0.0095095038,-0.34614071,0.79185765,1.634327,73.451383,120.04358,False,0.98310947,False,True,False,0.79185765,1.634327,73.451383,120.04358,0.7836098,1.6306041,71.73284,116.96786,0.95496091,1.7092983,15.795738,26.999627,0.51269555,1.3668139,12.512087,17.101694,0.63522229,1.4100314,30.945001,43.633423,0.75987414,1.5473338,38.581704,59.698776,0.83851725,1.7878866,35.320772,63.149535,0.88024898,1.7425553,35.990973,62.716259
0b_baseline_best,file,13,baseline,444,009.Brewer_Blackbird/Brewer_Blackbird_0078_2659.jpg,9,8,009.Brewer_Blackbird,11,10,identity,identity,0,{},0.25222024,0.25222024,0,0.77707356,0.77707356,0.12180094,0.12180094,0.65527262,0.65527262,0,1,1,29.515681,29.515681,False,1,True,True,True,1,1,29.515681,29.515681,1,1,28.763096,28.763096,1,1,6.6226687,6.6226687,1,1,6.2438996,6.2438996,1,1,15.795947,15.795947,1,1,13.416074,13.416074,1,1,12.898943,12.898943,1,1,13.872407,13.872407
0b_baseline_best,file,13,baseline,444,009.Brewer_Blackbird/Brewer_Blackbird_0078_2659.jpg,9,8,009.Brewer_Blackbird,11,10,horizontal_flip,horizontal_flip,0,"{""flipped"":true}",0.25222024,0.14160372,-0.11061652,0.77707356,0.86796516,0.12180094,0.076673955,0.65527262,0.79129121,0.13601859,0.69744935,0.57290514,29.515681,16.909685,False,0.97045082,True,True,True,0.69744935,0.57290514,29.515681,16.909685,0.68171804,0.56986524,28.763096,16.391088,0.96999315,0.62749331,6.6226687,4.1556803,0.4638156,0.68122985,6.2438996,4.2535308,0.76597994,0.51301716,15.795947,8.1035918,0.64874771,0.59201024,13.416074,7.9424531,0.60645085,0.56802378,12.898943,7.3269065,0.73870395,0.59504829,13.872407,8.2547523
0b_baseline_best,file,13,baseline,444,009.Brewer_Blackbird/Brewer_Blackbird_0078_2659.jpg,9,8,009.Brewer_Blackbird,11,10,color_jitter,color_jitter,0,"{""brightness"":1.130795,""contrast"":1.210593,""hue"":-0.047305,""saturation"":0.823496}",0.25222024,0.28104201,0.028821766,0.77707356,0.7549966,0.12180094,0.084658869,0.65527262,0.67033773,0.015065111,0.84056963,1.1316407,29.515681,33.401146,False,0.98118353,True,True,True,0.84056963,1.1316407,29.515681,33.401146,0.83488228,1.1351695,28.763096,32.650989,0.95687811,1.0628861,6.6226687,7.0391424,0.73668058,1.2780016,6.2438996,7.9797135,0.84894985,0.99925094,15.795947,15.784115,0.81098165,1.1705679,13.416074,15.704425,0.84003523,1.2001641,12.898943,15.480848,0.86951412,1.1778595,13.872407,16.339747
0b_baseline_best,file,13,baseline,444,009.Brewer_Blackbird/Brewer_Blackbird_0078_2659.jpg,9,8,009.Brewer_Blackbird,11,10,rotation,rotation,0,"{""angle"":-12.421798}",0.25222024,1.2082641,0.95604387,0.77707356,0.29871538,0.12180094,0.13835458,0.65527262,0.1603608,-0.49491182,0.53854914,3.9512522,29.515681,116.6239,False,0.94257414,False,True,False,0.53854914,3.9512522,29.515681,116.6239,0.52681037,3.9901951,28.763096,114.77036,0.83651326,3.1271144,6.6226687,20.709842,0.61368159,4.4913241,6.2438996,28.043376,0.42701546,3.4267205,15.795947,54.128295,0.49684549,4.7272204,13.416074,63.420738,0.57694324,4.2654938,12.898943,55.020362,0.63821113,3.5362368,13.872407,49.056117
0b_baseline_best,file,13,baseline,444,009.Brewer_Blackbird/Brewer_Blackbird_0078_2659.jpg,9,8,009.Brewer_Blackbird,11,10,random_resized_crop,random_resized_crop,0,"{""area_fraction"":0.582276,""aspect"":0.935658,""fallback"":false,""height"":0.788871,""left"":0.016007,""top"":0.198078,""width"":0.738113}",0.25222024,2.1731522,1.920932,0.77707356,0.11381827,0.12180094,0.27364659,0.65527262,-0.15982833,-0.81510095,0.67768582,4.0098034,29.515681,118.35208,False,0.89175916,False,True,False,0.67768582,4.0098034,29.515681,118.35208,0.66889451,4.0248514,28.763096,115.76719,0.8594469,3.7145541,6.6226687,24.600261,0.66383696,5.5401684,6.2438996,34.592255,0.74817778,3.8940037,15.795947,61.509477,0.62763559,3.7644133,13.416074,50.503647,0.61024491,4.0217183,12.898943,51.875916,0.66901659,4.0651853,13.872407,56.393906
0b_baseline_best,file,13,baseline,444,009.Brewer_Blackbird/Brewer_Blackbird_0078_2659.jpg,9,8,009.Brewer_Blackbird,11,10,gaussian_blur,gaussian_blur,0,"{""sigma"":1.786257}",0.25222024,2.2132249,1.9610046,0.77707356,0.10934746,0.12180094,0.10088,0.65527262,0.0084674582,-0.64680516,0.35323453,5.2873579,29.515681,156.05997,False,0.85837817,False,True,False,0.35323453,5.2873579,29.515681,156.05997,0.33835768,5.3571873,28.763096,154.08929,0.77838673,3.7330187,6.6226687,24.722546,0.30139087,8.2192257,6.2438996,51.32002,0.2751868,5.065626,15.795947,80.016361,0.25240209,5.6473044,13.416074,75.764653,0.37003859,5.4953735,12.898943,70.884511,0.52850977,4.5260599,13.872407,62.787347
0b_baseline_best,file,13,baseline,444,009.Brewer_Blackbird/Brewer_Blackbird_0078_2659.jpg,9,8,009.Brewer_Blackbird,11,10,random_erasing,random_erasing,0,"{""area_fraction"":0.146156,""erased"":true,""height"":0.497789,""left"":0.539711,""top"":0.0736,""width"":0.293611}",0.25222024,0.1652815,-0.086938739,0.77707356,0.84765506,0.12180094,0.085182033,0.65527262,0.76247302,0.10720041,0.91006394,0.59261182,29.515681,17.491341,False,0.98083335,True,True,True,0.91006394,0.59261182,29.515681,17.491341,0.90664436,0.58524465,28.763096,16.833448,0.98047143,0.7175442,6.6226687,4.7520575,0.89888892,0.6803697,6.2438996,4.2481601,0.94576201,0.52701716,15.795947,8.3247351,0.89473214,0.57263643,13.416074,7.6825326,0.89085681,0.59106353,12.898943,7.624095,0.90053314,0.6401779,13.872407,8.8808086
0b_baseline_best,file,13,baseline,2198,039.Least_Flycatcher/Least_Flycatcher_0019_30358.jpg,39,38,039.Least_Flycatcher,43,42,identity,identity,0,{},2.8479476,2.8479476,0,0.057963159,0.057963159,0.13975547,0.13975547,-0.081792314,-0.081792314,0,1,1,136.51859,136.51859,False,1,True,False,False,1,1,136.51859,136.51859,1,1,133.66241,133.66241,1,1,27.779215,27.779215,1,1,33.330972,33.330972,1,1,59.658956,59.658956,1,1,75.860324,75.860324,1,1,61.406203,61.406203,1,1,60.580394,60.580394
0b_baseline_best,file,13,baseline,2198,039.Least_Flycatcher/Least_Flycatcher_0019_30358.jpg,39,38,039.Least_Flycatcher,43,42,horizontal_flip,horizontal_flip,0,"{""flipped"":true}",2.8479476,3.9470997,1.0991521,0.057963159,0.019310623,0.13975547,0.031981327,-0.081792314,-0.012670703,0.06912161,0.62516515,1.1201236,136.51859,152.91769,False,0.89311457,False,False,False,0.62516515,1.1201236,136.51859,152.91769,0.61742411,1.1286266,133.66241,150.85495,0.86500528,0.90110697,27.779215,25.032045,0.37849552,0.94352721,33.330972,31.448679,0.52926503,1.1425072,59.658956,68.160786,0.72428036,1.1263391,75.860324,85.444449,0.58793453,1.1662687,61.406203,71.616133,0.63141759,1.1307807,60.580394,68.503139
0b_baseline_best,file,13,baseline,2198,039.Least_Flycatcher/Least_Flycatcher_0019_30358.jpg,39,38,039.Least_Flycatcher,43,42,color_jitter,color_jitter,0,"{""brightness"":0.620793,""contrast"":0.964919,""hue"":-0.013121,""saturation"":0.922432}",2.8479476,3.9906783,1.1427307,0.057963159,0.018487167,0.13975547,0.027980665,-0.081792314,-0.0094934981,0.072298815,0.6928096,1.3096945,136.51859,178.79764,False,0.94370401,False,False,False,0.6928096,1.3096945,136.51859,178.79764,0.68578757,1.3208049,133.66241,176.54197,0.92614645,1.019154,27.779215,28.311298,0.52638612,1.8245286,33.330972,60.813312,0.55234043,1.4300394,59.658956,85.314659,0.73704344,1.2756435,75.860324,96.770728,0.74190706,1.2422267,61.406203,76.280428,0.79746291,1.1680301,60.580394,70.759722
0b_baseline_best,file,13,baseline,2198,039.Least_Flycatcher/Least_Flycatcher_0019_30358.jpg,39,38,039.Least_Flycatcher,43,42,rotation,rotation,0,"{""angle"":-7.743597}",2.8479476,3.0744004,0.22645283,0.057963159,0.046217322,0.13975547,0.052089985,-0.081792314,-0.0058726631,0.07591965,0.79290164,1.1651405,136.51859,159.06333,False,0.96154511,False,False,False,0.79290164,1.1651405,136.51859,159.06333,0.78765054,1.1722938,133.66241,156.69161,0.94917507,0.98511509,27.779215,27.365724,0.65372222,1.3384753,33.330972,44.612683,0.8076872,1.2361929,59.658956,73.749976,0.80782862,1.1985001,75.860324,90.918608,0.77288666,1.1283762,61.406203,69.289298,0.80622613,1.0512388,60.580394,63.684463
0b_baseline_best,file,13,baseline,2198,039.Least_Flycatcher/Least_Flycatcher_0019_30358.jpg,39,38,039.Least_Flycatcher,43,42,random_resized_crop,random_resized_crop,0,"{""area_fraction"":0.577546,""aspect"":0.87989,""fallback"":false,""height"":0.810176,""left"":0.168768,""top"":0.096368,""width"":0.712865}",2.8479476,3.3487074,0.50075984,0.057963159,0.035129733,0.13975547,0.21598712,-0.081792314,-0.18085738,-0.099065069,0.7227475,1.0833821,136.51859,147.9018,False,0.9442879,True,False,False,0.7227475,1.0833821,136.51859,147.9018,0.71373331,1.0844745,133.66241,144.95348,0.9369219,1.0577767,27.779215,29.384207,0.71849267,1.1731411,33.330972,39.101933,0.64285432,1.1097935,59.658956,66.209121,0.72604702,1.0869145,75.860324,82.453682,0.72035984,1.0669194,61.406203,65.515472,0.7596186,1.0450392,60.580394,63.308884
0b_baseline_best,file,13,baseline,2198,039.Least_Flycatcher/Least_Flycatcher_0019_30358.jpg,39,38,039.Least_Flycatcher,43,42,gaussian_blur,gaussian_blur,0,"{""sigma"":1.529503}",2.8479476,5.0733042,2.2253566,0.057963159,0.0062616966,0.13975547,0.030603498,-0.081792314,-0.024341802,0.057450512,0.44001072,1.3707761,136.51859,187.13642,False,0.81965643,False,False,False,0.44001072,1.3707761,136.51859,187.13642,0.4313978,1.3877717,133.66241,185.49291,0.7933413,0.89084975,27.779215,24.747107,-0.18493402,1.7330235,33.330972,57.763358,0.39355707,1.3237122,59.658956,78.971286,0.45779227,1.3868374,75.860324,105.20594,0.50936823,1.4519335,61.406203,89.157723,0.59633873,1.2589933,60.580394,76.27031
0b_baseline_best,file,13,baseline,2198,039.Least_Flycatcher/Least_Flycatcher_0019_30358.jpg,39,38,039.Least_Flycatcher,43,42,random_erasing,random_erasing,0,"{""area_fraction"":0.059515,""erased"":true,""height"":0.202258,""left"":0.041325,""top"":0.759926,""width"":0.294253}",2.8479476,2.7142637,-0.13368392,0.057963159,0.066253722,0.13975547,0.11160987,-0.081792314,-0.045356147,0.036436167,0.98522553,0.96509586,136.51859,131.75352,False,0.99482459,False,False,False,0.98522553,0.96509586,136.51859,131.75352,0.98485048,0.96543358,133.66241,129.04218,0.99401702,0.95724367,27.779215,26.591478,0.98430972,0.93670819,33.330972,31.221395,0.98888238,0.98453795,59.658956,58.736507,0.99129633,0.95768699,75.860324,72.650445,0.98205974,0.96624527,61.406203,59.333453,0.97424707,0.96655234,60.580394,58.554121
0b_baseline_best,file,13,baseline,10347,176.Prairie_Warbler/Prairie_Warbler_0053_173290.jpg,176,175,176.Prairie_Warbler,163,162,identity,identity,0,{},0.0085081477,0.0085081477,0,0.99152792,0.99152792,0.0042268387,0.0042268387,0.98730108,0.98730108,0,1,1,1.304534,1.304534,False,1,True,True,True,1,1,1.304534,1.304534,1,1,1.2773343,1.2773343,1,1,0.26500207,0.26500207,1,1,0.24466273,0.24466273,1,1,0.43038337,0.43038337,1,1,0.7168826,0.7168826,1,1,0.62920442,0.62920442,1,1,0.69041599,0.69041599
0b_baseline_best,file,13,baseline,10347,176.Prairie_Warbler/Prairie_Warbler_0053_173290.jpg,176,175,176.Prairie_Warbler,163,162,horizontal_flip,horizontal_flip,0,"{""flipped"":true}",0.0085081477,0.01305603,0.0045478819,0.99152792,0.98702884,0.0042268387,0.0074246442,0.98730108,0.97960419,-0.0076968833,0.74844817,2.1214912,1.304534,2.7675574,False,0.98330998,True,True,True,0.74844817,2.1214912,1.304534,2.7675574,0.74159397,2.1396833,1.2773343,2.7330908,0.9812227,1.6430734,0.26500207,0.43541785,0.58538154,2.0772364,0.24466273,0.50822234,0.59264602,2.5424807,0.43038337,1.0942414,0.77577869,2.2087421,0.7168826,1.5834088,0.74362481,2.26014,0.62920442,1.4220901,0.82150881,1.7647979,0.69041599,1.2184447
0b_baseline_best,file,13,baseline,10347,176.Prairie_Warbler/Prairie_Warbler_0053_173290.jpg,176,175,176.Prairie_Warbler,163,162,color_jitter,color_jitter,0,"{""brightness"":1.091331,""contrast"":1.053816,""hue"":-0.046824,""saturation"":0.70254}",0.0085081477,0.063720055,0.055211907,0.99152792,0.93826765,0.0042268387,0.010649215,0.98730108,0.92761843,-0.059682644,0.66063429,6.8579656,1.304534,8.9464491,False,0.94965243,True,True,True,0.66063429,6.8579656,1.304534,8.9464491,0.65172936,6.8847737,1.2773343,8.7941573,0.89374471,6.2025923,0.26500207,1.6436998,0.29506326,7.8824456,0.24466273,1.9285407,0.38141103,8.9820474,0.43038337,3.8657238,0.70756097,7.2912873,0.7168826,5.226997,0.68920444,6.2154493,0.62920442,3.9107882,0.7951314,5.8041634,0.69041599,4.0072872
0b_baseline_best,file,13,baseline,10347,176.Prairie_Warbler/Prairie_Warbler_0053_173290.jpg,176,175,176.Prairie_Warbler,163,162,rotation,rotation,0,"{""angle"":-0.775637}",0.0085081477,0.0069206534,-0.0015874943,0.99152792,0.99310327,0.0042268387,0.002833016,0.98730108,0.99027025,0.0029691735,0.93556627,0.77796707,1.304534,1.0148845,False,0.99580204,True,True,True,0.93556627,0.77796707,1.304534,1.0148845,0.93306087,0.77724542,1.2773343,0.99280221,0.99272454,0.79454879,0.26500207,0.21055707,0.92152892,0.71059318,0.24466273,0.17385567,0.85618007,0.74728588,0.43038337,0.32161941,0.93582829,0.78288573,0.7168826,0.56123715,0.93669209,0.77979128,0.62920442,0.49064813,0.95755298,0.78837348,0.69041599,0.54430566
0b_baseline_best,file,13,baseline,10347,176.Prairie_Warbler/Prairie_Warbler_0053_173290.jpg,176,175,176.Prairie_Warbler,163,162,random_resized_crop,random_resized_crop,0,"{""area_fraction"":0.779037,""aspect"":0.84804,""fallback"":false,""height"":0.958453,""left"":0.186388,""top"":0.028726,""width"":0.812806}",0.0085081477,0.075523242,0.067015095,0.99152792,0.92725819,0.0042268387,0.053021632,0.98730108,0.87423656,-0.11306451,0.83978076,9.5128423,1.304534,12.409826,False,0.97996432,True,True,True,0.83978076,9.5128423,1.304534,12.409826,0.83453753,9.518996,1.2773343,12.15894,0.96365409,9.3687337,0.26500207,2.4827338,0.79021352,9.1769182,0.24466273,2.2452499,0.745588,10.576254,0.43038337,4.5518438,0.84808148,9.8576611,0.7168826,7.0667857,0.83541738,9.7940365,0.62920442,6.1624511,0.87493657,8.4659224,0.69041599,5.8450082
0b_baseline_best,file,13,baseline,10347,176.Prairie_Warbler/Prairie_Warbler_0053_173290.jpg,176,175,176.Prairie_Warbler,163,162,gaussian_blur,gaussian_blur,0,"{""sigma"":1.080015}",0.0085081477,0.021716539,0.013208391,0.99152792,0.97851759,0.0042268387,0.011910363,0.98730108,0.96660723,-0.020693847,0.85301959,2.9171644,1.304534,3.80554,False,0.98721385,True,True,True,0.85301959,2.9171644,1.304534,3.80554,0.84858721,2.9334015,1.2773343,3.7469342,0.98333005,2.5105322,0.26500207,0.66529624,0.78890083,3.3639582,0.24466273,0.8230352,0.754527,3.4921482,0.43038337,1.5029625,0.8566265,3.0195769,0.7168826,2.1646821,0.85215826,2.9779223,0.62920442,1.8737219,0.9179633,2.4693239,0.69041599,1.7048607
0b_baseline_best,file,13,baseline,10347,176.Prairie_Warbler/Prairie_Warbler_0053_173290.jpg,176,175,176.Prairie_Warbler,163,162,random_erasing,random_erasing,0,"{""area_fraction"":0.188545,""erased"":true,""height"":0.444159,""left"":0.083753,""top"":0.04793,""width"":0.424499}",0.0085081477,2.8780761,2.8695679,0.99152792,0.056242865,0.0042268387,0.65942121,0.98730108,-0.60317834,-1.5904794,0.62060278,110.63534,1.304534,144.32756,False,0.82354403,False,True,False,0.62060278,110.63534,1.304534,144.32756,0.6133085,111.06554,1.2773343,141.86782,0.81181445,100.12143,0.26500207,26.532386,0.73217967,126.91716,0.24466273,31.051898,0.61239812,157.3673,0.43038337,67.72827,0.67402966,108.69371,0.7168826,77.920628,0.63605239,108.63457,0.62920442,68.353351,0.53162449,89.652857,0.69041599,61.897766
0b_baseline_best,file,13,baseline,5285,091.Mockingbird/Mockingbird_0056_81986.jpg,91,90,091.Mockingbird,103,102,identity,identity,0,{},0.69550079,0.69550079,0,0.49882457,0.49882457,0.14421564,0.14421564,0.35460892,0.35460892,0,1,1,87.961452,87.961452,False,1,True,True,True,1,1,87.961452,87.961452,1,1,86.580754,86.580754,1,1,15.523853,15.523853,1,1,17.44894,17.44894,1,1,37.67412,37.67412,1,1,42.193858,42.193858,1,1,42.489539,42.489539,1,1,46.762587,46.762587
0b_baseline_best,file,13,baseline,5285,091.Mockingbird/Mockingbird_0056_81986.jpg,91,90,091.Mockingbird,103,102,horizontal_flip,horizontal_flip,0,"{""flipped"":true}",0.69550079,1.3518623,0.65636152,0.49882457,0.25875792,0.14421564,0.1792278,0.35460892,0.07953012,-0.2750788,0.61668064,1.5582511,87.961452,137.06603,False,0.95459354,True,True,True,0.61668064,1.5582511,87.961452,137.06603,0.60672695,1.5613605,86.580754,135.18377,0.94959625,1.4582257,15.523853,22.637281,0.31141821,2.7969796,17.44894,48.804328,0.67717507,1.8029643,37.67412,67.925092,0.58767315,1.5095559,42.193858,63.693985,0.58538234,1.3633448,42.489539,57.927893,0.71638058,1.3297045,46.762587,62.180425
0b_baseline_best,file,13,baseline,5285,091.Mockingbird/Mockingbird_0056_81986.jpg,91,90,091.Mockingbird,103,102,color_jitter,color_jitter,0,"{""brightness"":0.919269,""contrast"":1.079295,""hue"":-0.053763,""saturation"":0.731039}",0.69550079,0.6240406,-0.071460187,0.49882457,0.53577524,0.14421564,0.068057343,0.35460892,0.4677179,0.11310898,0.80941734,0.88007799,87.961452,77.412937,False,0.96392727,True,True,True,0.80941734,0.88007799,87.961452,77.412937,0.80480106,0.87919776,86.580754,76.121605,0.94898513,0.9070319,15.523853,14.08063,0.60432758,0.86109553,17.44894,15.025204,0.77588103,0.92228731,37.67412,34.746362,0.78355973,0.88562968,42.193858,37.368133,0.8106187,0.85870722,42.489539,36.486074,0.86656325,0.86437807,46.762587,40.420555
0b_baseline_best,file,13,baseline,5285,091.Mockingbird/Mockingbird_0056_81986.jpg,91,90,091.Mockingbird,103,102,rotation,rotation,0,"{""angle"":-3.653079}",0.69550079,0.49774486,-0.19775593,0.49882457,0.60790002,0.14421564,0.053871758,0.35460892,0.55402827,0.19941934,0.75232771,0.76074318,87.961452,66.916074,False,0.977669,True,True,True,0.75232771,0.76074318,87.961452,66.916074,0.74517537,0.75925584,86.580754,65.736943,0.96327883,0.80563832,15.523853,12.506611,0.60514035,0.92245001,17.44894,16.095775,0.6528757,0.69128811,37.67412,26.043671,0.65395737,0.74869193,42.193858,31.590201,0.78616475,0.7839876,42.489539,33.311272,0.86567776,0.76400782,46.762587,35.726983
0b_baseline_best,file,13,baseline,5285,091.Mockingbird/Mockingbird_0056_81986.jpg,91,90,091.Mockingbird,103,102,random_resized_crop,random_resized_crop,0,"{""area_fraction"":0.701249,""aspect"":0.880164,""fallback"":false,""height"":0.892594,""left"":0.010075,""top"":0.023105,""width"":0.78563}",0.69550079,1.338668,0.6431672,0.49882457,0.26219466,0.14421564,0.19195066,0.35460892,0.070243999,-0.28436492,0.71621386,1.5051778,87.961452,132.39762,False,0.95771438,True,True,True,0.71621386,1.5051778,87.961452,132.39762,0.70932324,1.5087949,86.580754,130.6326,0.951638,1.3879638,15.523853,21.546546,0.72962588,1.7010933,17.44894,29.682274,0.61379106,1.389656,37.67412,52.354065,0.65246869,1.5758563,42.193858,66.491455,0.73157094,1.5883332,42.489539,67.487547,0.80173198,1.4292875,46.762587,66.837182
0b_baseline_best,file,13,baseline,5285,091.Mockingbird/Mockingbird_0056_81986.jpg,91,90,091.Mockingbird,103,102,gaussian_blur,gaussian_blur,0,"{""sigma"":1.909201}",0.69550079,2.4608278,1.765327,0.49882457,0.085364252,0.14421564,0.0076078139,0.35460892,0.077756438,-0.27685248,0.39172617,1.8567294,87.961452,163.32061,False,0.78743672,False,True,False,0.39172617,1.8567294,87.961452,163.32061,0.38143411,1.8612546,86.580754,161.14882,0.74155619,1.7099987,15.523853,26.545769,0.20494013,2.1841864,17.44894,38.111736,0.19580641,1.6527248,37.67412,62.264953,0.32821526,2.0205467,42.193858,85.25466,0.45607189,2.0039155,42.489539,85.145445,0.51813092,1.6731206,46.762587,78.239447
0b_baseline_best,file,13,baseline,5285,091.Mockingbird/Mockingbird_0056_81986.jpg,91,90,091.Mockingbird,103,102,random_erasing,random_erasing,0,"{""area_fraction"":0.095725,""erased"":true,""height"":0.172436,""left"":0.152341,""top"":0.665326,""width"":0.555134}",0.69550079,1.0585548,0.36305398,0.49882457,0.34695688,0.14421564,0.04028111,0.35460892,0.30667577,-0.047933154,0.83911398,1.2507045,87.961452,110.01378,False,0.96712887,True,True,True,0.83911398,1.2507045,87.961452,110.01378,0.8361323,1.2527407,86.580754,108.46323,0.93834722,1.1856222,15.523853,18.405425,0.8140342,1.4241601,17.44894,24.850083,0.77949771,1.3331669,37.67412,50.225888,0.85071692,1.2338303,42.193858,52.060061,0.8419717,1.2311329,42.489539,52.31027,0.86644655,1.2054347,46.762587,56.369247
0b_baseline_best,file,13,baseline,361,007.Parakeet_Auklet/Parakeet_Auklet_0025_795975.jpg,7,6,007.Parakeet_Auklet,6,5,identity,identity,0,{},0.0027314043,0.0027314043,0,0.99727231,0.99727231,0.0014555581,0.0014555581,0.99581675,0.99581675,0,1,1,0.38574599,0.38574599,False,1,True,True,True,1,1,0.38574599,0.38574599,1,1,0.3757212,0.3757212,1,1,0.08737019,0.08737019,1,1,0.0793415,0.0793415,1,1,0.17795604,0.17795604,1,1,0.18706976,0.18706976,1,1,0.16837102,0.16837102,1,1,0.19964743,0.19964743
0b_baseline_best,file,13,baseline,361,007.Parakeet_Auklet/Parakeet_Auklet_0025_795975.jpg,7,6,007.Parakeet_Auklet,6,5,horizontal_flip,horizontal_flip,0,"{""flipped"":true}",0.0027314043,0.00039367078,-0.0023377335,0.99727231,0.99960643,0.0014555581,0.00032121508,0.99581675,0.99928522,0.0034684609,0.70975883,0.15073502,0.38574599,0.058145429,False,0.98121971,True,True,True,0.70975883,0.15073502,0.38574599,0.058145429,0.69357397,0.14708134,0.3757212,0.055261576,0.96123897,0.20698708,0.08737019,0.0180845,0.78412029,0.12879536,0.0793415,0.010218817,0.72422123,0.13296936,0.17795604,0.0236627,0.69305217,0.15184515,0.18706976,0.028405636,0.61104372,0.15374639,0.16837102,0.025886436,0.72447625,0.15130534,0.19964743,0.030207722
0b_baseline_best,file,13,baseline,361,007.Parakeet_Auklet/Parakeet_Auklet_0025_795975.jpg,7,6,007.Parakeet_Auklet,6,5,color_jitter,color_jitter,0,"{""brightness"":1.211306,""contrast"":0.703078,""hue"":0.047907,""saturation"":1.275592}",0.0027314043,0.017697284,0.01496588,0.99727231,0.98245841,0.0014555581,0.0025063069,0.99581675,0.97995211,-0.015864649,0.70828946,6.7471209,0.38574599,2.6026748,False,0.95545447,True,True,True,0.70828946,6.7471209,0.38574599,2.6026748,0.70141726,6.8168915,0.3757212,2.5612507,0.89378605,5.2936319,0.08737019,0.46250563,0.58692505,6.3923215,0.0793415,0.50717638,0.74576416,7.0943728,0.17795604,1.2624865,0.69137693,7.0528075,0.18706976,1.319367,0.62560562,6.6416928,0.16837102,1.1182686,0.7467267,6.5645314,0.19964743,1.3105918
0b_baseline_best,file,13,baseline,361,007.Parakeet_Auklet/Parakeet_Auklet_0025_795975.jpg,7,6,007.Parakeet_Auklet,6,5,rotation,rotation,0,"{""angle"":-13.764008}",0.0027314043,0.0012641305,-0.0014672738,0.99727231,0.99873668,0.0014555581,0.00075508212,0.99581675,0.9979816,0.0021648429,0.78425119,0.4827142,0.38574599,0.18620507,False,0.97612292,True,True,True,0.78425119,0.4827142,0.38574599,0.18620507,0.77313542,0.48004883,0.3757212,0.18036452,0.97415585,0.5295922,0.08737019,0.046270571,0.76705784,0.4391928,0.0793415,0.034846216,0.83346238,0.473549,0.17795604,0.084270902,0.75520678,0.47950154,0.18706976,0.089700239,0.71708233,0.49735659,0.16837102,0.083740438,0.78463406,0.47930402,0.19964743,0.095691815
0b_baseline_best,file,13,baseline,361,007.Parakeet_Auklet/Parakeet_Auklet_0025_795975.jpg,7,6,007.Parakeet_Auklet,6,5,random_resized_crop,random_resized_crop,0,"{""area_fraction"":0.525366,""aspect"":0.987776,""fallback"":false,""height"":0.729292,""left"":0.073744,""top"":0.136048,""width"":0.720377}",0.0027314043,0.01123106,0.0084996559,0.99727231,0.98883176,0.0014555581,0.010746183,0.99581675,0.97808558,-0.017731179,0.72639303,6.1206351,0.38574599,2.3610105,False,0.96493751,True,True,True,0.72639303,6.1206351,0.38574599,2.3610105,0.7155811,6.1202262,0.3757212,2.2994987,0.92607755,6.1281929,0.08737019,0.53542137,0.42470266,5.4806619,0.0793415,0.43484393,0.82622862,6.388406,0.17795604,1.1368554,0.76160056,6.3841551,0.18706976,1.1942824,0.65478425,6.410805,0.16837102,1.0793938,0.66932831,5.5205473,0.19964743,1.1021631
0b_baseline_best,file,13,baseline,361,007.Parakeet_Auklet/Parakeet_Auklet_0025_795975.jpg,7,6,007.Parakeet_Auklet,6,5,gaussian_blur,gaussian_blur,0,"{""sigma"":1.85247}",0.0027314043,1.6391997,1.6364683,0.99727231,0.19413537,0.0014555581,0.036788315,0.99581675,0.15734705,-0.8384697,0.40173926,536.2079,0.38574599,206.84005,False,0.7976687,False,True,False,0.40173926,536.2079,0.38574599,206.84005,0.39769794,547.05693,0.3757212,205.54088,0.66321231,264.92196,0.08737019,23.146282,0.72165592,755.25134,0.0793415,59.922774,0.48861156,554.6039,0.17795604,98.695111,0.30237541,606.4714,0.18706976,113.45246,0.3442192,577.92844,0.16837102,97.306403,0.4103263,406.1662,0.19964743,81.090038
0b_baseline_best,file,13,baseline,361,007.Parakeet_Auklet/Parakeet_Auklet_0025_795975.jpg,7,6,007.Parakeet_Auklet,6,5,random_erasing,random_erasing,0,"{""area_fraction"":0.134297,""erased"":true,""height"":0.475152,""left"":0.690762,""top"":0.434618,""width"":0.282639}",0.0027314043,0.0027593416,2.7937349e-05,0.99727231,0.99724448,0.0014555581,0.0010950221,0.99581675,0.99614946,0.00033270067,0.89413396,0.95325826,0.38574599,0.36771555,False,0.98568165,True,True,True,0.89413396,0.95325826,0.38574599,0.36771555,0.88945018,0.95212164,0.3757212,0.35773228,0.97902109,0.97403864,0.08737019,0.085101941,0.88854636,0.96901459,0.0793415,0.076883071,0.90519386,0.96070867,0.17795604,0.17096391,0.89316638,0.93689082,0.18706976,0.17526394,0.84097366,0.92378077,0.16837102,0.15553791,0.9074714,0.97541387,0.19964743,0.19473887
0b_baseline_best,file,13,baseline,8848,151.Black_capped_Vireo/Black_Capped_Vireo_0012_797473.jpg,151,150,151.Black_capped_Vireo,43,42,identity,identity,0,{},0.28974715,0.28974715,0,0.74845278,0.74845278,0.037249848,0.037249848,0.71120293,0.71120293,0,1,1,52.258995,52.258995,False,0.99999994,True,True,True,1,1,52.258995,52.258995,1,1,51.712364,51.712364,1,1,7.5388316,7.5388316,1,1,16.644469,16.644469,1,1,25.160494,25.160494,1,1,26.966578,26.966578,1,1,24.206735,24.206735,1,1,21.234816,21.234816
0b_baseline_best,file,13,baseline,8848,151.Black_capped_Vireo/Black_Capped_Vireo_0012_797473.jpg,151,150,151.Black_capped_Vireo,43,42,horizontal_flip,horizontal_flip,0,"{""flipped"":true}",0.28974715,0.28031662,-0.0094305277,0.74845278,0.75554448,0.037249848,0.011288661,0.71120293,0.74425582,0.033052889,0.72875288,0.83357898,52.258995,43.562,False,0.95788884,True,True,True,0.72875288,0.83357898,52.258995,43.562,0.7235481,0.83068268,51.712364,42.956565,0.9481145,0.96002897,7.5388316,7.2374967,0.85732471,0.64376631,16.644469,10.715148,0.7409827,0.80736677,25.160494,20.313747,0.70385559,0.8796328,26.966578,23.720687,0.67488359,0.84121456,24.206735,20.363058,0.74716795,0.86895329,21.234816,18.452063
0b_baseline_best,file,13,baseline,8848,151.Black_capped_Vireo/Black_Capped_Vireo_0012_797473.jpg,151,150,151.Black_capped_Vireo,43,42,color_jitter,color_jitter,0,"{""brightness"":0.900221,""contrast"":1.364669,""hue"":0.062319,""saturation"":1.112761}",0.28974715,0.33632508,0.04657793,0.74845278,0.71439081,0.037249848,0.037423424,0.71120293,0.67696739,-0.034235545,0.80985034,1.0355743,52.258995,54.11807,False,0.94038433,True,True,True,0.80985034,1.0355743,52.258995,54.11807,0.80725213,1.0359194,51.712364,53.569841,0.93421202,1.0192022,7.5388316,7.6835938,0.89109784,1.0428078,16.644469,17.356982,0.78854535,0.85058067,25.160494,21.40103,0.79102454,1.0469914,26.966578,28.233776,0.80994405,1.1502545,24.206735,27.843906,0.82440184,1.0923321,21.234816,23.19547
0b_baseline_best,file,13,baseline,8848,151.Black_capped_Vireo/Black_Capped_Vireo_0012_797473.jpg,151,150,151.Black_capped_Vireo,43,42,rotation,rotation,0,"{""angle"":13.794358}",0.28974715,0.48600376,0.19625661,0.74845278,0.61507952,0.037249848,0.01375867,0.71120293,0.60132085,-0.10988208,0.73266949,1.3735584,52.258995,71.780784,False,0.96032864,True,True,True,0.73266949,1.3735584,52.258995,71.780784,0.72806568,1.3737385,51.712364,71.039265,0.9506808,1.3650601,7.5388316,10.290959,0.81726377,1.2980405,16.644469,21.605194,0.6687425,1.3709394,25.160494,34.493512,0.71267601,1.3449365,26.966578,36.268336,0.73636317,1.4095148,24.206735,34.119752,0.77278683,1.4209452,21.234816,30.173509
0b_baseline_best,file,13,baseline,8848,151.Black_capped_Vireo/Black_Capped_Vireo_0012_797473.jpg,151,150,151.Black_capped_Vireo,43,42,random_resized_crop,random_resized_crop,0,"{""area_fraction"":0.653357,""aspect"":1.09296,""fallback"":false,""height"":0.773167,""left"":0.125057,""top"":0.204798,""width"":0.845041}",0.28974715,2.5757847,2.2860375,0.74845278,0.076094098,0.037249848,0.15519963,0.71120293,-0.079105534,-0.79030847,0.748429,3.0681802,52.258995,160.34001,False,0.92682767,False,True,False,0.748429,3.0681802,52.258995,160.34001,0.7443365,3.0571698,51.712364,158.09348,0.92246446,3.5478248,7.5388316,26.746454,0.77047363,2.6882016,16.644469,44.743689,0.7792491,3.4165147,25.160494,85.961198,0.72969717,2.7892545,26.966578,75.216651,0.71719238,2.9934604,24.206735,72.461904,0.74783502,3.2264186,21.234816,68.512405
0b_baseline_best,file,13,baseline,8848,151.Black_capped_Vireo/Black_Capped_Vireo_0012_797473.jpg,151,150,151.Black_capped_Vireo,43,42,gaussian_blur,gaussian_blur,0,"{""sigma"":1.737572}",0.28974715,1.783579,1.4938318,0.74845278,0.16803567,0.037249848,0.039408036,0.71120293,0.12862764,-0.5825753,0.77431093,2.8495247,52.258995,148.9133,False,0.94817185,True,True,True,0.77431093,2.8495247,52.258995,148.9133,0.7706488,2.8446819,51.712364,147.10523,0.93621772,3.0687602,7.5388316,23.134866,0.82975647,3.012703,16.644469,50.144842,0.71488092,2.9986109,25.160494,75.446533,0.75232805,2.7639296,26.966578,74.533724,0.79928635,2.8073081,24.206735,67.955765,0.81318512,2.6888118,21.234816,57.096423
0b_baseline_best,file,13,baseline,8848,151.Black_capped_Vireo/Black_Capped_Vireo_0012_797473.jpg,151,150,151.Black_capped_Vireo,43,42,random_erasing,random_erasing,0,"{""area_fraction"":0.06528,""erased"":true,""height"":0.308341,""left"":0.131498,""top"":0.569816,""width"":0.211714}",0.28974715,0.42422631,0.13447917,0.74845278,0.65427577,0.037249848,0.047531929,0.71120293,0.60674385,-0.10445909,0.9413481,1.2516775,52.258995,65.411409,False,0.98063093,True,True,True,0.9413481,1.2516775,52.258995,65.411409,0.94065388,1.2475737,51.712364,64.514988,0.97852017,1.4315308,7.5388316,10.79207,0.95072105,1.2249417,16.644469,20.388504,0.94360965,1.1912568,25.160494,29.97261,0.94566639,1.2324726,26.966578,33.235568,0.93913273,1.2922301,24.206735,31.280672,0.92846577,1.3025575,21.234816,27.659568
0b_baseline_best,file,13,baseline,2931,051.Horned_Grebe/Horned_Grebe_0033_34736.jpg,51,50,051.Horned_Grebe,8,7,identity,identity,0,{},2.1704357,2.1704357,0,0.11412789,0.11412789,0.40496865,0.40496865,-0.29084076,-0.29084076,0,1,1,165.18617,165.18617,False,1,True,False,False,1,1,165.18617,165.18617,1,1,162.8731,162.8731,1,1,27.546773,27.546773,1,1,38.748555,38.748555,1,1,73.180261,73.180261,1,1,85.754813,85.754813,1,1,80.733846,80.733846,1,1,76.151191,76.151191
0b_baseline_best,file,13,baseline,2931,051.Horned_Grebe/Horned_Grebe_0033_34736.jpg,51,50,051.Horned_Grebe,8,7,horizontal_flip,horizontal_flip,0,"{""flipped"":true}",2.1704357,1.3854932,-0.78494251,0.11412789,0.25020036,0.40496865,0.11943041,-0.29084076,0.13076995,0.42161071,0.53665504,0.70052916,165.18617,115.71773,False,0.95299661,False,False,False,0.53665504,0.70052916,165.18617,115.71773,0.52485864,0.69623975,162.8731,113.39873,0.88857557,0.83677392,27.546773,23.050422,0.51329162,0.6161661,38.748555,23.875546,0.27619108,0.64564298,73.180261,47.248322,0.52941115,0.72227151,85.754813,61.938259,0.5532887,0.72041755,80.733846,58.16208,0.70357265,0.69952419,76.151191,53.269601
0b_baseline_best,file,13,baseline,2931,051.Horned_Grebe/Horned_Grebe_0033_34736.jpg,51,50,051.Horned_Grebe,8,7,color_jitter,color_jitter,0,"{""brightness"":0.729421,""contrast"":0.604905,""hue"":-0.087535,""saturation"":0.785009}",2.1704357,2.5414901,0.37105441,0.11412789,0.078748964,0.40496865,0.010744475,-0.29084076,0.068004489,0.35884525,0.32847346,1.1329726,165.18617,187.15141,False,0.89594251,False,False,False,0.32847346,1.1329726,165.18617,187.15141,0.31793049,1.1303678,162.8731,184.1065,0.67075142,1.2205456,27.546773,33.622092,0.22639992,1.1855714,38.748555,45.939179,0.10179483,1.1679519,73.180261,85.471024,0.33577972,1.1312167,85.754813,97.007273,0.41437994,1.0334322,80.733846,83.432956,0.42427324,1.1824451,76.151191,90.044607
0b_baseline_best,file,13,baseline,2931,051.Horned_Grebe/Horned_Grebe_0033_34736.jpg,51,50,051.Horned_Grebe,8,7,rotation,rotation,0,"{""angle"":-11.334958}",2.1704357,3.2938199,1.1233842,0.11412789,0.037111819,0.40496865,0.43121025,-0.29084076,-0.39409843,-0.10325767,0.73018793,0.93834729,165.18617,155.002,False,0.94392943,True,False,False,0.73018793,0.93834729,165.18617,155.002,0.72363567,0.93492914,162.8731,152.27481,0.93881417,1.0508767,27.546773,28.948263,0.72964455,0.92405562,38.748555,35.80582,0.63591777,0.89437779,73.180261,65.4508,0.68757796,0.91937881,85.754813,78.841158,0.75532922,0.97174333,80.733846,78.452577,0.80755023,0.95157949,76.151191,72.463911
0b_baseline_best,file,13,baseline,2931,051.Horned_Grebe/Horned_Grebe_0033_34736.jpg,51,50,051.Horned_Grebe,8,7,random_resized_crop,random_resized_crop,0,"{""area_fraction"":0.684846,""aspect"":1.24809,""fallback"":false,""height"":0.740753,""left"":0.073038,""top"":0.224356,""width"":0.924527}",2.1704357,1.3636098,-0.80682588,0.11412789,0.25573596,0.40496865,0.16481978,-0.29084076,0.090916187,0.38175695,0.49247922,0.74521835,165.18617,123.09977,False,0.94720864,False,False,False,0.49247922,0.74521835,165.18617,123.09977,0.47980786,0.73955837,162.8731,120.45417,0.859542,0.9214867,27.546773,25.383985,0.3134023,0.80618726,38.748555,31.238591,0.3399209,0.63253041,73.180261,46.288741,0.42662354,0.71947157,85.754813,61.698151,0.56723589,0.72395699,80.733846,58.447833,0.59975602,0.8477774,76.151191,64.559259
0b_baseline_best,file,13,baseline,2931,051.Horned_Grebe/Horned_Grebe_0033_34736.jpg,51,50,051.Horned_Grebe,8,7,gaussian_blur,gaussian_blur,0,"{""sigma"":1.729686}",2.1704357,7.4668465,5.2964108,0.11412789,0.00057172863,0.40496865,0.30885687,-0.29084076,-0.30828515,-0.017444386,0.46237256,1.0667595,165.18617,176.21392,False,0.84360993,True,False,False,0.46237256,1.0667595,165.18617,176.21392,0.45152348,1.0629068,162.8731,173.11893,0.80311778,1.1936557,27.546773,32.881364,0.31305689,0.75048632,38.748555,29.08026,0.32053057,1.0202275,73.180261,74.660514,0.42163321,1.0595712,85.754813,90.863333,0.49508357,1.0830868,80.733846,87.441763,0.57764179,1.1484184,76.151191,87.453429
0b_baseline_best,file,13,baseline,2931,051.Horned_Grebe/Horned_Grebe_0033_34736.jpg,51,50,051.Horned_Grebe,8,7,random_erasing,random_erasing,0,"{""area_fraction"":0.055,""erased"":true,""height"":0.350191,""left"":0.088073,""top"":0.532218,""width"":0.157056}",2.1704357,3.1956859,1.0252502,0.11412789,0.040938444,0.40496865,0.40919259,-0.29084076,-0.36825415,-0.077413388,0.90079454,1.0002258,165.18617,165.22347,False,0.9762488,True,False,False,0.90079454,1.0002258,165.18617,165.22347,0.89878693,0.99738482,162.8731,162.44716,0.96853011,1.0949194,27.546773,30.161498,0.86710161,0.91233768,38.748555,35.351767,0.8960932,0.98171224,73.180261,71.841958,0.89632593,0.96618953,85.754813,82.855403,0.89590437,1.0311036,80.733846,83.244962,0.91710918,1.0326052,76.151191,78.634112
0b_baseline_best,file,13,baseline,2071,037.Acadian_Flycatcher/Acadian_Flycatcher_0054_29113.jpg,37,36,037.Acadian_Flycatcher,43,42,identity,identity,0,{},5.768146,5.768146,0,0.003125547,0.003125547,0.75985605,0.75985605,-0.7567305,-0.7567305,0,1,1,110.82552,110.82552,False,0.99999988,True,False,False,1,1,110.82552,110.82552,1,1,105.25564,105.25564,1,1,34.692144,34.692144,1,1,24.062706,24.062706,1,1,42.226669,42.226669,1,1,55.5877,55.5877,1,1,50.580901,50.580901,1,1,55.391559,55.391559
0b_baseline_best,file,13,baseline,2071,037.Acadian_Flycatcher/Acadian_Flycatcher_0054_29113.jpg,37,36,037.Acadian_Flycatcher,43,42,horizontal_flip,horizontal_flip,0,"{""flipped"":true}",5.768146,5.6859493,-0.082196712,0.003125547,0.0033933104,0.75985605,0.95933461,-0.7567305,-0.9559413,-0.1992108,0.69822454,1.1094865,110.82552,122.95941,False,0.96612632,True,False,False,0.69822454,1.1094865,110.82552,122.95941,0.66853755,1.1006887,105.25564,115.8537,0.95333553,1.187413,34.692144,41.193904,0.65313055,1.1206164,24.062706,26.965063,0.57890885,1.0994778,42.226669,46.427285,0.67097499,1.0392596,55.5877,57.770049,0.61464401,1.1354393,50.580901,57.431543,0.76668821,1.1279641,55.391559,62.479689
0b_baseline_best,file,13,baseline,2071,037.Acadian_Flycatcher/Acadian_Flycatcher_0054_29113.jpg,37,36,037.Acadian_Flycatcher,43,42,color_jitter,color_jitter,0,"{""brightness"":1.378881,""contrast"":0.974926,""hue"":-0.008765,""saturation"":1.246512}",5.768146,6.0121183,0.2439723,0.003125547,0.0024488957,0.75985605,0.81293392,-0.7567305,-0.81048503,-0.053754528,0.84880938,1.0180703,110.82552,112.82816,False,0.9721911,True,False,False,0.84880938,1.0180703,110.82552,112.82816,0.83683289,1.0238053,105.25564,107.76129,0.96734367,0.96367702,34.692144,33.432022,0.83144644,1.1702739,24.062706,28.159956,0.79557902,0.97034218,42.226669,40.974318,0.83937377,1.0223013,55.5877,56.827377,0.82484386,1.0418261,50.580901,52.696501,0.87123156,1.0107175,55.391559,55.985219
0b_baseline_best,file,13,baseline,2071,037.Acadian_Flycatcher/Acadian_Flycatcher_0054_29113.jpg,37,36,037.Acadian_Flycatcher,43,42,rotation,rotation,0,"{""angle"":-13.551335}",5.768146,4.7759085,-0.99223757,0.003125547,0.0084304223,0.75985605,0.86880314,-0.7567305,-0.86037272,-0.10364222,0.78418572,1.155018,110.82552,128.00547,False,0.96545172,True,False,False,0.78418572,1.155018,110.82552,128.00547,0.7655146,1.158145,105.25564,121.90129,0.96127306,1.1258264,34.692144,39.057332,0.76129159,0.9407023,24.062706,22.635843,0.74530788,1.1520039,42.226669,48.645288,0.78984762,1.2031474,55.5877,66.880196,0.73577084,1.188369,50.580901,60.108776,0.78191217,1.1267271,55.391559,62.411171
0b_baseline_best,file,13,baseline,2071,037.Acadian_Flycatcher/Acadian_Flycatcher_0054_29113.jpg,37,36,037.Acadian_Flycatcher,43,42,random_resized_crop,random_resized_crop,0,"{""area_fraction"":0.538229,""aspect"":0.778934,""fallback"":false,""height"":0.831253,""left"":0.276755,""top"":0.029652,""width"":0.647491}",5.768146,6.4216347,0.65348864,0.003125547,0.0016259962,0.75985605,0.98278219,-0.7567305,-0.98115619,-0.22442569,0.63514187,1.4242047,110.82552,157.83822,False,0.93253988,True,False,False,0.63514187,1.4242047,110.82552,157.83822,0.61119458,1.4479848,105.25564,152.40856,0.91688177,1.1830646,34.692144,41.043048,0.40822685,1.585251,24.062706,38.14543,0.56266551,1.6184932,42.226669,68.343575,0.60428388,1.5378899,55.5877,85.487764,0.61602018,1.3692396,50.580901,69.25737,0.70906379,1.2762683,55.391559,70.694492
0b_baseline_best,file,13,baseline,2071,037.Acadian_Flycatcher/Acadian_Flycatcher_0054_29113.jpg,37,36,037.Acadian_Flycatcher,43,42,gaussian_blur,gaussian_blur,0,"{""sigma"":1.099726}",5.768146,5.4140682,-0.35407782,0.003125547,0.0044534858,0.75985605,0.92694688,-0.7567305,-0.92249339,-0.16576289,0.76986016,1.002202,110.82552,111.06956,False,0.95729756,True,False,False,0.76986016,1.002202,110.82552,111.06956,0.74992356,0.99852384,105.25564,105.10027,0.94729064,1.0354466,34.692144,35.921862,0.66558792,0.90649498,24.062706,21.812723,0.72732937,0.95941317,42.226669,40.512823,0.73539446,0.98335221,55.5877,54.662287,0.72672324,1.0439989,50.580901,52.806407,0.81243522,1.0136406,55.391559,56.147132
0b_baseline_best,file,13,baseline,2071,037.Acadian_Flycatcher/Acadian_Flycatcher_0054_29113.jpg,37,36,037.Acadian_Flycatcher,43,42,random_erasing,random_erasing,0,"{""area_fraction"":0.11551,""erased"":true,""height"":0.239431,""left"":0.229723,""top"":0.359392,""width"":0.482437}",5.768146,2.831373,-2.9367731,0.003125547,0.058931898,0.75985605,0.89499468,-0.7567305,-0.83606278,-0.07933228,0.62837855,1.306637,110.82552,144.80872,False,0.89135301,True,False,False,0.62837855,1.306637,110.82552,144.80872,0.60794767,1.3306879,105.25564,140.06241,0.87950915,1.0599159,34.692144,36.770757,0.57198576,1.3490475,24.062706,32.461735,0.57695484,1.4388266,42.226669,60.756854,0.64117287,1.3711876,55.5877,76.221165,0.60486593,1.3167168,50.580901,66.600721,0.60547394,1.2280215,55.391559,68.022025
0b_baseline_best,file,13,baseline,662,013.Bobolink/Bobolink_0104_10273.jpg,13,12,013.Bobolink,108,107,identity,identity,0,{},0.0028269824,0.0028269824,0,0.997177,0.997177,0.00032562023,0.00032562023,0.99685138,0.99685138,0,1,1,0.44084435,0.44084435,False,1,True,True,True,1,1,0.44084435,0.44084435,1,1,0.43325242,0.43325242,1,1,0.08146213,0.08146213,1,1,0.079303524,0.079303524,1,1,0.18613323,0.18613323,1,1,0.23944611,0.23944611,1,1,0.20929693,0.20929693,1,1,0.21361972,0.21361972
0b_baseline_best,file,13,baseline,662,013.Bobolink/Bobolink_0104_10273.jpg,13,12,013.Bobolink,108,107,horizontal_flip,horizontal_flip,0,"{""flipped"":true}",0.0028269824,0.0012921088,-0.0015348736,0.997177,0.99870872,0.00032562023,0.00027646826,0.99685138,0.99843226,0.0015808721,0.61890931,0.48713828,0.44084435,0.21475215,False,0.97951424,True,True,True,0.61890931,0.48713828,0.44084435,0.21475215,0.60590796,0.48630683,0.43325242,0.21069361,0.9701948,0.51009548,0.08146213,0.041553464,0.41768183,0.54144607,0.079303524,0.042938581,0.48754268,0.53547199,0.18613323,0.099669132,0.61505098,0.46781465,0.23944611,0.1120164,0.56970897,0.48695996,0.20929693,0.10191923,0.77049212,0.46054546,0.21361972,0.09838159
0b_baseline_best,file,13,baseline,662,013.Bobolink/Bobolink_0104_10273.jpg,13,12,013.Bobolink,108,107,color_jitter,color_jitter,0,"{""brightness"":1.297703,""contrast"":0.940069,""hue"":-0.023862,""saturation"":1.182763}",0.0028269824,0.0040507419,0.0012237595,0.997177,0.99595743,0.00032562023,0.0010490258,0.99685138,0.99490841,-0.0019429762,0.77198953,1.5644396,0.44084435,0.68967434,False,0.96813452,True,True,True,0.77198953,1.5644396,0.44084435,0.68967434,0.76602068,1.5665511,0.43325242,0.67871207,0.94853667,1.5034843,0.08146213,0.12247704,0.60441257,1.97683,0.079303524,0.15676959,0.73820916,1.5002145,0.18613323,0.27923977,0.7824428,1.6550571,0.23944611,0.39629699,0.75206746,1.6098526,0.20929693,0.33693722,0.8241652,1.3848847,0.21361972,0.29583868
0b_baseline_best,file,13,baseline,662,013.Bobolink/Bobolink_0104_10273.jpg,13,12,013.Bobolink,108,107,rotation,rotation,0,"{""angle"":-4.302917}",0.0028269824,0.0054586879,0.0026317055,0.997177,0.99455619,0.00032562023,0.00092664862,0.99685138,0.99362954,-0.0032218446,0.78226369,1.9531686,0.44084435,0.86104332,False,0.97830558,True,True,True,0.78226369,1.9531686,0.44084435,0.86104332,0.775529,1.9534134,0.43325242,0.84632108,0.97346888,1.9462307,0.08146213,0.15854409,0.64852157,2.7830137,0.079303524,0.2207028,0.72350014,1.955878,0.18613323,0.3640539,0.74217567,1.9272662,0.23944611,0.46147639,0.80103475,1.8743597,0.20929693,0.39229775,0.86995471,1.9196205,0.21361972,0.41006879
0b_baseline_best,file,13,baseline,662,013.Bobolink/Bobolink_0104_10273.jpg,13,12,013.Bobolink,108,107,random_resized_crop,random_resized_crop,0,"{""area_fraction"":0.834053,""aspect"":0.847023,""fallback"":false,""height"":0.992314,""left"":0.141082,""top"":0.006746,""width"":0.840513}",0.0028269824,0.0053912248,0.0025642423,0.997177,0.9946233,0.00032562023,0.00036463744,0.99685138,0.99425867,-0.0025927186,0.76291675,1.9498979,0.44084435,0.85960147,False,0.97575331,True,True,True,0.76291675,1.9498979,0.44084435,0.85960147,0.75582528,1.95148,0.43325242,0.84548342,0.96866042,1.9046033,0.08146213,0.15515304,0.57147568,2.4011336,0.079303524,0.19041835,0.73144464,1.9074479,0.18613323,0.35503944,0.75662932,1.8650496,0.23944611,0.44657887,0.73840693,1.9947972,0.20929693,0.41750493,0.8244228,1.9793685,0.21361972,0.42283213
0b_baseline_best,file,13,baseline,662,013.Bobolink/Bobolink_0104_10273.jpg,13,12,013.Bobolink,108,107,gaussian_blur,gaussian_blur,0,"{""sigma"":1.861875}",0.0028269824,0.2138254,0.21099842,0.997177,0.80748934,0.00032562023,0.0087493462,0.99685138,0.79873999,-0.1981114,0.3934782,82.457941,0.44084435,36.351117,False,0.83870089,True,True,True,0.3934782,82.457941,0.44084435,36.351117,0.38259094,83.090362,0.43325242,35.9991,0.82315253,61.950656,0.08146213,5.0466324,0.1684168,101.90408,0.079303524,8.0813525,0.27548716,89.293045,0.18613323,16.620403,0.34579463,85.532977,0.23944611,20.480539,0.40075993,86.016933,0.20929693,18.00308,0.58068971,67.970513,0.21361972,14.519842
0b_baseline_best,file,13,baseline,662,013.Bobolink/Bobolink_0104_10273.jpg,13,12,013.Bobolink,108,107,random_erasing,random_erasing,0,"{""area_fraction"":0.163423,""erased"":true,""height"":0.4057,""left"":0.253315,""top"":0.429117,""width"":0.402818}",0.0028269824,0.11217137,0.10934438,0.997177,0.89389104,0.00032562023,0.0055100503,0.99685138,0.88838099,-0.1084704,0.59106373,35.306481,0.44084435,15.564662,False,0.87934959,True,True,True,0.59106373,35.306481,0.44084435,15.564662,0.581482,35.312359,0.43325242,15.299165,0.86342973,35.139797,0.08146213,2.8625627,0.52423275,33.08608,0.079303524,2.6238428,0.51250692,36.256148,0.18613323,6.748474,0.61217832,35.019148,0.23944611,8.3851988,0.55452702,36.226398,0.20929693,7.5820741,0.63309368,34.34832,0.21361972,7.3374783
0b_baseline_best,file,13,baseline,3271,057.Rose_breasted_Grosbeak/Rose_Breasted_Grosbeak_0012_39149.jpg,57,56,057.Rose_breasted_Grosbeak,192,191,identity,identity,0,{},0.037825529,0.037825529,0,0.96288091,0.96288091,0.0069579412,0.0069579412,0.95592297,0.95592297,0,1,1,5.4226669,5.4226669,False,0.99999994,True,True,True,1,1,5.4226669,5.4226669,1,1,5.3521897,5.3521897,1,1,0.87142486,0.87142486,1,1,0.93359364,0.93359364,1,1,1.8152834,1.8152834,1,1,2.2972994,2.2972994,1,1,2.6874486,2.6874486,1,1,3.4610865,3.4610865
0b_baseline_best,file,13,baseline,3271,057.Rose_breasted_Grosbeak/Rose_Breasted_Grosbeak_0012_39149.jpg,57,56,057.Rose_breasted_Grosbeak,192,191,horizontal_flip,horizontal_flip,0,"{""flipped"":true}",0.037825529,0.06253273,0.024707202,0.96288091,0.93938231,0.0069579412,0.015972164,0.95592297,0.92341015,-0.032512817,0.63523337,1.4953152,5.4226669,8.1085961,False,0.96882844,True,True,True,0.63523337,1.4953152,5.4226669,8.1085961,0.62523569,1.4883074,5.3521897,7.9657034,0.96546266,1.7391666,0.87142486,1.515553,0.30322113,1.4487322,0.93359364,1.3525272,0.52457487,1.4353782,1.8152834,2.6056182,0.53326975,1.520621,2.2972994,3.4933218,0.53197207,1.5559175,2.6874486,4.1814483,0.77982601,1.4488466,3.4610865,5.0145835
0b_baseline_best,file,13,baseline,3271,057.Rose_breasted_Grosbeak/Rose_Breasted_Grosbeak_0012_39149.jpg,57,56,057.Rose_breasted_Grosbeak,192,191,color_jitter,color_jitter,0,"{""brightness"":1.082803,""contrast"":0.996411,""hue"":-0.03532,""saturation"":0.835634}",0.037825529,0.028183566,-0.0096419621,0.96288091,0.97220987,0.0069579412,0.010269014,0.95592297,0.96194086,0.0060178884,0.82285386,0.77836976,5.4226669,4.2208399,False,0.97802114,True,True,True,0.82285386,0.77836976,5.4226669,4.2208399,0.81888528,0.77649313,5.3521897,4.1559386,0.96319009,0.84612663,0.87142486,0.73733578,0.55696188,0.93360163,0.93359364,0.87160455,0.69417677,0.78191095,1.8152834,1.41939,0.73275151,0.81280504,2.2972994,1.8672565,0.82543018,0.79893408,2.6874486,2.1470943,0.92123716,0.73097876,3.4610865,2.5299807
0b_baseline_best,file,13,baseline,3271,057.Rose_breasted_Grosbeak/Rose_Breasted_Grosbeak_0012_39149.jpg,57,56,057.Rose_breasted_Grosbeak,192,191,rotation,rotation,0,"{""angle"":5.135754}",0.037825529,0.071225151,0.033399623,0.96288091,0.93125218,0.0069579412,0.01611395,0.95592297,0.91513823,-0.040784737,0.84594958,1.6891073,5.4226669,9.159466,False,0.98406982,True,True,True,0.84594958,1.6891073,5.4226669,9.159466,0.84205468,1.6838617,5.3521897,9.0123471,0.9826217,1.8763049,0.87142486,1.6350587,0.57437898,1.9574611,0.93359364,1.8274732,0.75529981,1.5371845,1.8152834,2.7904255,0.79830854,1.6391884,2.2972994,3.7657065,0.82644454,1.7151165,2.6874486,4.6092873,0.91601625,1.7012403,3.4610865,5.88814
0b_baseline_best,file,13,baseline,3271,057.Rose_breasted_Grosbeak/Rose_Breasted_Grosbeak_0012_39149.jpg,57,56,057.Rose_breasted_Grosbeak,192,191,random_resized_crop,random_resized_crop,0,"{""area_fraction"":0.772684,""aspect"":0.814334,""fallback"":false,""height"":0.974092,""left"":0.038485,""top"":0.018829,""width"":0.793236}",0.037825529,0.017720474,-0.020105055,0.96288091,0.98243558,0.0069579412,0.0020537141,0.95592297,0.98038187,0.024458902,0.78984124,0.49745006,5.4226669,2.697506,False,0.97959816,True,True,True,0.78984124,0.49745006,5.4226669,2.697506,0.7848475,0.49726712,5.3521897,2.661468,0.97566681,0.50430286,0.87142486,0.43946205,0.23927439,0.52847879,0.93359364,0.49338444,0.65507122,0.47873065,1.8152834,0.86903182,0.76294429,0.52039488,2.2972994,1.1955028,0.76655747,0.50306809,2.6874486,1.3519696,0.88585151,0.48585381,3.4610865,1.6815821
0b_baseline_best,file,13,baseline,3271,057.Rose_breasted_Grosbeak/Rose_Breasted_Grosbeak_0012_39149.jpg,57,56,057.Rose_breasted_Grosbeak,192,191,gaussian_blur,gaussian_blur,0,"{""sigma"":1.563467}",0.037825529,0.21402147,0.17619595,0.96288091,0.80733103,0.0069579412,0.070185579,0.95592297,0.73714545,-0.21877752,0.51589709,5.6941927,5.4226669,30.87771,False,0.9015075,True,True,True,0.51589709,5.6941927,5.4226669,30.87771,0.50433854,5.6613918,5.3521897,30.300843,0.88664213,6.8172246,0.87142486,5.940699,0.39267332,7.6643925,0.93359364,7.1554281,0.31502618,6.8549796,1.8152834,12.443731,0.3607694,6.4204905,2.2972994,14.749789,0.51480349,5.893273,2.6874486,15.837868,0.70174792,4.5104041,3.4610865,15.610899
0b_baseline_best,file,13,baseline,3271,057.Rose_breasted_Grosbeak/Rose_Breasted_Grosbeak_0012_39149.jpg,57,56,057.Rose_breasted_Grosbeak,192,191,random_erasing,random_erasing,0,"{""area_fraction"":0.161053,""erased"":true,""height"":0.251683,""left"":0.123222,""top"":0.665813,""width"":0.639902}",0.037825529,0.023305893,-0.014519636,0.96288091,0.97696358,0.0069579412,0.0050726947,0.95592297,0.97189088,0.015967917,0.92365253,0.62380601,5.4226669,3.3826922,False,0.987243,True,True,True,0.92365253,0.62380601,5.4226669,3.3826922,0.92194744,0.62313029,5.3521897,3.3351115,0.98616131,0.64878222,0.87142486,0.56536495,0.92045605,0.64435577,0.93359364,0.60156645,0.88279221,0.63744138,1.8152834,1.1571368,0.89571034,0.63085443,2.2972994,1.4492615,0.91343053,0.63051165,2.6874486,1.6944676,0.95100614,0.60952847,3.4610865,2.1096307
0b_baseline_best,file,13,baseline,11283,192.Downy_Woodpecker/Downy_Woodpecker_0041_184528.jpg,192,191,192.Downy_Woodpecker,57,56,identity,identity,0,{},0.0022897711,0.0022897711,0,0.99771285,0.99771285,0.00023914399,0.00023914399,0.99747371,0.99747371,0,1,1,0.35787575,0.35787575,False,1,True,True,True,1,1,0.35787575,0.35787575,1,1,0.35294191,0.35294191,1,1,0.059220468,0.059220468,1,1,0.068938609,0.068938609,1,1,0.14816999,0.14816999,1,1,0.19428219,0.19428219,1,1,0.16557019,0.16557019,1,1,0.1808371,0.1808371
0b_baseline_best,file,13,baseline,11283,192.Downy_Woodpecker/Downy_Woodpecker_0041_184528.jpg,192,191,192.Downy_Woodpecker,57,56,horizontal_flip,horizontal_flip,0,"{""flipped"":true}",0.0022897711,0.0046496606,0.0023598894,0.99771285,0.99536115,0.00023914399,0.00032683322,0.99747371,0.99503432,-0.0024393905,0.66177365,1.6984213,0.35787575,0.60782379,False,0.97945493,True,True,True,0.66177365,1.6984213,0.35787575,0.60782379,0.65158866,1.6877436,0.35294191,0.59567545,0.97244313,2.0417828,0.059220468,0.12091533,0.40970614,1.4173956,0.068938609,0.097713283,0.60210469,1.3653893,0.14816999,0.20230972,0.6393368,1.5729865,0.19428219,0.30560326,0.61101105,1.7635791,0.16557019,0.29199612,0.75929575,1.9605368,0.1808371,0.3545378
0b_baseline_best,file,13,baseline,11283,192.Downy_Woodpecker/Downy_Woodpecker_0041_184528.jpg,192,191,192.Downy_Woodpecker,57,56,color_jitter,color_jitter,0,"{""brightness"":1.210089,""contrast"":1.194211,""hue"":0.081648,""saturation"":0.715344}",0.0022897711,0.069159605,0.066869834,0.99771285,0.93317771,0.00023914399,0.00090648094,0.99747371,0.93227123,-0.065202478,0.77041206,33.120999,0.35787575,11.853202,False,0.90707374,True,True,True,0.77041206,33.120999,0.35787575,11.853202,0.76833039,33.310717,0.35294191,11.756748,0.89428195,25.482185,0.059220468,1.5090669,0.60041463,40.393141,0.068938609,2.784647,0.74689158,31.757841,0.14816999,4.7055591,0.81972343,33.103767,0.19428219,6.4314722,0.74626098,36.891706,0.16557019,6.1081667,0.78516578,30.111505,0.1808371,5.4452773
0b_baseline_best,file,13,baseline,11283,192.Downy_Woodpecker/Downy_Woodpecker_0041_184528.jpg,192,191,192.Downy_Woodpecker,57,56,rotation,rotation,0,"{""angle"":0.257276}",0.0022897711,0.0012065044,-0.0010832667,0.99771285,0.9987942,0.00023914399,0.00010749231,0.99747371,0.99868671,0.0012129991,0.96195993,0.52945401,0.35787575,0.18947875,False,0.99681473,True,True,True,0.96195993,0.52945401,0.35787575,0.18947875,0.96097415,0.52892836,0.35294191,0.18668099,0.99634233,0.5477978,0.059220468,0.032440842,0.95504186,0.50577627,0.068938609,0.034867512,0.95618254,0.52814085,0.14816999,0.078254626,0.96177129,0.52346922,0.19428219,0.10170074,0.95232428,0.5272218,0.16557019,0.087292213,0.97152113,0.54032179,0.1808371,0.097710227
0b_baseline_best,file,13,baseline,11283,192.Downy_Woodpecker/Downy_Woodpecker_0041_184528.jpg,192,191,192.Downy_Woodpecker,57,56,random_resized_crop,random_resized_crop,0,"{""area_fraction"":0.882293,""aspect"":1.101069,""fallback"":false,""height"":0.895157,""left"":0.012921,""top"":0.009798,""width"":0.98563}",0.0022897711,0.0016151728,-0.00067459827,0.99771285,0.99838614,0.00023914399,0.00015489341,0.99747371,0.99823125,0.00075754465,0.84776102,0.68949464,0.35787575,0.24675341,False,0.99129081,True,True,True,0.84776102,0.68949464,0.35787575,0.24675341,0.8436213,0.68872413,0.35294191,0.24307961,0.98977057,0.71632507,0.059220468,0.042421106,0.71424154,0.68517601,0.068938609,0.047235081,0.82228517,0.66505367,0.14816999,0.098540999,0.83337693,0.67605829,0.19428219,0.13134608,0.82921763,0.70506388,0.16557019,0.11673756,0.89972109,0.7052824,0.1808371,0.12754122
0b_baseline_best,file,13,baseline,11283,192.Downy_Woodpecker/Downy_Woodpecker_0041_184528.jpg,192,191,192.Downy_Woodpecker,57,56,gaussian_blur,gaussian_blur,0,"{""sigma"":1.741237}",0.0022897711,0.0085014105,0.0062116394,0.99771285,0.99153465,0.00023914399,0.00033640055,0.99747371,0.99119825,-0.0062754568,0.56981555,4.0743495,0.35787575,1.4581109,False,0.94043171,True,True,True,0.56981555,4.0743495,0.35787575,1.4581109,0.5611348,4.0889018,0.35294191,1.4431448,0.93440561,3.5186449,0.059220468,0.2083758,0.29715357,6.29421,0.068938609,0.43391408,0.41684211,3.7874807,0.14816999,0.561191,0.59515651,4.2730361,0.19428219,0.83017479,0.5440096,4.2770022,0.16557019,0.70814405,0.73153705,3.4480307,0.1808371,0.62353188
0b_baseline_best,file,13,baseline,11283,192.Downy_Woodpecker/Downy_Woodpecker_0041_184528.jpg,192,191,192.Downy_Woodpecker,57,56,random_erasing,random_erasing,0,"{""area_fraction"":0.167944,""erased"":true,""height"":0.519787,""left"":0.648056,""top"":0.395558,""width"":0.323102}",0.0022897711,0.013157215,0.010867444,0.99771285,0.98692894,0.00023914399,0.0010075823,0.99747371,0.98592136,-0.011552349,0.89768828,5.8027082,0.35787575,2.0766486,False,0.97691089,True,True,True,0.89768828,5.8027082,0.35787575,2.0766486,0.89583574,5.8164012,0.35294191,2.0528517,0.97387735,5.2934219,0.059220468,0.31347892,0.86883392,5.8636845,0.068938609,0.40423425,0.91808322,5.5539652,0.14816999,0.822931,0.91850855,6.11922,0.19428219,1.1888554,0.8610756,6.0009832,0.16557019,0.99358391,0.89194814,5.4546562,0.1808371,0.98640422
0b_baseline_best,file,13,baseline,9371,160.Black_throated_Blue_Warbler/Black_Throated_Blue_Warbler_0133_161539.jpg,160,159,160.Black_throated_Blue_Warbler,183,182,identity,identity,0,{},3.2950275,3.2950275,0,0.037067026,0.037067026,0.11552653,0.11552653,-0.078459509,-0.078459509,0,1,1,147.82934,147.82934,False,1,True,False,False,1,1,147.82934,147.82934,1,1,146.22083,146.22083,1,1,21.748159,21.748159,1,1,39.421249,39.421249,1,1,77.3527,77.3527,1,1,70.773495,70.773495,1,1,66.592636,66.592636,1,1,66.3294,66.3294
0b_baseline_best,file,13,baseline,9371,160.Black_throated_Blue_Warbler/Black_Throated_Blue_Warbler_0133_161539.jpg,160,159,160.Black_throated_Blue_Warbler,183,182,horizontal_flip,horizontal_flip,0,"{""flipped"":true}",3.2950275,3.663734,0.36870646,0.037067026,0.025636612,0.11552653,0.019101469,-0.078459509,0.0065351427,0.084994651,0.54614396,1.3088054,147.82934,193.47983,False,0.89126623,False,False,False,0.54614396,1.3088054,147.82934,193.47983,0.54014075,1.3082587,146.22083,191.29467,0.81251354,1.3332838,21.748159,28.996468,0.59995094,1.3263923,39.421249,52.288039,0.57989566,1.3694867,77.3527,105.93349,0.49255964,1.4015601,70.773495,99.193308,0.49883988,1.2682395,66.592636,84.455413,0.57214697,1.1348013,66.3294,75.270687
0b_baseline_best,file,13,baseline,9371,160.Black_throated_Blue_Warbler/Black_Throated_Blue_Warbler_0133_161539.jpg,160,159,160.Black_throated_Blue_Warbler,183,182,color_jitter,color_jitter,0,"{""brightness"":0.894678,""contrast"":1.325492,""hue"":-0.018487,""saturation"":0.98298}",3.2950275,4.1279554,0.83292794,0.037067026,0.016115792,0.11552653,0.23894382,-0.078459509,-0.22282802,-0.14436851,0.88226088,0.87894872,147.82934,129.93441,False,0.97718155,True,False,False,0.88226088,0.87894872,147.82934,129.93441,0.88039827,0.87412327,146.22083,127.81503,0.9691281,1.0746835,21.748159,23.372387,0.88129589,0.8364852,39.421249,32.975291,0.90432251,0.764912,77.3527,59.168008,0.8584062,0.83431406,70.773495,59.047322,0.87892723,0.91145894,66.592636,60.696454,0.89789611,1.0200535,66.3294,67.659539
0b_baseline_best,file,13,baseline,9371,160.Black_throated_Blue_Warbler/Black_Throated_Blue_Warbler_0133_161539.jpg,160,159,160.Black_throated_Blue_Warbler,183,182,rotation,rotation,0,"{""angle"":-1.11968}",3.2950275,2.8547902,-0.44023728,0.037067026,0.057567898,0.11552653,0.094054222,-0.078459509,-0.036486324,0.041973185,0.87561707,0.96735079,147.82934,143.00283,False,0.97713763,True,False,False,0.87561707,0.96735079,147.82934,143.00283,0.87337077,0.96679031,146.22083,141.36488,0.97483351,0.99235605,21.748159,21.581917,0.88439988,1.0387295,39.421249,40.948015,0.86863996,0.81810613,77.3527,63.282718,0.86405494,1.0770745,70.773495,76.22833,0.88092428,1.003115,66.592636,66.80007,0.90085933,0.95702616,66.3294,63.478971
0b_baseline_best,file,13,baseline,9371,160.Black_throated_Blue_Warbler/Black_Throated_Blue_Warbler_0133_161539.jpg,160,159,160.Black_throated_Blue_Warbler,183,182,random_resized_crop,random_resized_crop,0,"{""area_fraction"":0.660576,""aspect"":1.035726,""fallback"":false,""height"":0.798618,""left"":0.006191,""top"":0.166462,""width"":0.827149}",3.2950275,3.1669261,-0.12810135,0.037067026,0.042132914,0.11552653,0.030362779,-0.078459509,0.011770135,0.090229644,0.77765046,1.0735103,147.82934,158.69632,False,0.92566383,False,False,False,0.77765046,1.0735103,147.82934,158.69632,0.77475433,1.0748743,146.22083,157.16901,0.91846446,1.0099326,21.748159,21.964174,0.86344639,1.3222458,39.421249,52.124582,0.83526954,1.0619727,77.3527,82.146453,0.73788331,1.1550526,70.773495,81.747113,0.74833057,1.013093,66.592636,67.464531,0.73682114,0.95386849,66.3294,63.269525
0b_baseline_best,file,13,baseline,9371,160.Black_throated_Blue_Warbler/Black_Throated_Blue_Warbler_0133_161539.jpg,160,159,160.Black_throated_Blue_Warbler,183,182,gaussian_blur,gaussian_blur,0,"{""sigma"":1.339855}",3.2950275,3.3923743,0.097346783,0.037067026,0.033628743,0.11552653,0.044092022,-0.078459509,-0.010463279,0.06799623,0.70176699,0.93868598,147.82934,138.76533,False,0.90399557,False,False,False,0.70176699,0.93868598,147.82934,138.76533,0.69723518,0.93738215,146.22083,137.0648,0.8958506,0.99584267,21.748159,21.657744,0.70135499,1.1721807,39.421249,46.208828,0.7126442,0.84551257,77.3527,65.40268,0.66363879,1.0060471,70.773495,71.201471,0.69767696,0.9229486,66.592636,61.461581,0.73396778,0.89533463,66.3294,59.387009
0b_baseline_best,file,13,baseline,9371,160.Black_throated_Blue_Warbler/Black_Throated_Blue_Warbler_0133_161539.jpg,160,159,160.Black_throated_Blue_Warbler,183,182,random_erasing,random_erasing,0,"{""area_fraction"":0.056667,""erased"":true,""height"":0.22031,""left"":0.387898,""top"":0.509398,""width"":0.257215}",3.2950275,3.7568181,0.46179056,0.037067026,0.023357946,0.11552653,0.029147001,-0.078459509,-0.0057890546,0.072670454,0.83817915,1.0582822,147.82934,156.44516,False,0.93325388,False,False,False,0.83817915,1.0582822,147.82934,156.44516,0.83652171,1.0561127,146.22083,154.42568,0.9099578,1.1520917,21.748159,25.055873,0.89529923,1.0190548,39.421249,40.172411,0.9064441,0.96391401,77.3527,74.561351,0.82164193,1.1285198,70.773495,79.869289,0.79969822,1.0966864,66.592636,73.031239,0.793965,1.0619312,66.3294,70.437259
0b_baseline_best,file,13,baseline,511,010.Red_winged_Blackbird/Red_Winged_Blackbird_0012_6015.jpg,10,9,010.Red_winged_Blackbird,12,11,identity,identity,0,{},0.0085336789,0.0085336789,0,0.99150264,0.99150264,0.0013429301,0.0013429301,0.99015971,0.99015971,0,1,1,1.0606702,1.0606702,False,1.0000001,True,True,True,1,1,1.0606702,1.0606702,1,1,1.0336622,1.0336622,1,1,0.23783137,0.23783137,1,1,0.18995096,0.18995096,1,1,0.42562319,0.42562319,1,1,0.50372982,0.50372982,1,1,0.43411842,0.43411842,1,1,0.63954552,0.63954552
0b_baseline_best,file,13,baseline,511,010.Red_winged_Blackbird/Red_Winged_Blackbird_0012_6015.jpg,10,9,010.Red_winged_Blackbird,12,11,horizontal_flip,horizontal_flip,0,"{""flipped"":true}",0.0085336789,0.0057842014,-0.0027494775,0.99150264,0.99423248,0.0013429301,0.00080869457,0.99015971,0.99342378,0.0032640687,0.61856732,0.73603649,1.0606702,0.78069195,False,0.97913438,True,True,True,0.61856732,0.73603649,1.0606702,0.78069195,0.59978767,0.73520772,1.0336622,0.7599564,0.96574583,0.75151969,0.23783137,0.17873496,0.081080641,0.99229476,0.18995096,0.18848734,0.43582133,0.76395643,0.42562319,0.32515757,0.61107878,0.71509088,0.50372982,0.3602126,0.56202752,0.72142741,0.43411842,0.31318492,0.75566755,0.71387145,0.63954552,0.45655329
0b_baseline_best,file,13,baseline,511,010.Red_winged_Blackbird/Red_Winged_Blackbird_0012_6015.jpg,10,9,010.Red_winged_Blackbird,12,11,color_jitter,color_jitter,0,"{""brightness"":1.353972,""contrast"":1.022883,""hue"":-0.024788,""saturation"":0.745023}",0.0085336789,0.015105383,0.0065717045,0.99150264,0.98500812,0.0013429301,0.0017497856,0.99015971,0.98325833,-0.0069013776,0.84838761,1.8575191,1.0606702,1.9702151,False,0.97976148,True,True,True,0.84838761,1.8575191,1.0606702,1.9702151,0.84194444,1.8620207,1.0336622,1.9247003,0.97742835,1.7703384,0.23783137,0.421042,0.73949851,2.1430772,0.18995096,0.40707957,0.8021942,1.877866,0.42562319,0.79926332,0.85039749,1.9886694,0.50372982,1.0017521,0.80048258,1.9411024,0.43411842,0.84266831,0.89437666,1.7030715,0.63954552,1.0891917
0b_baseline_best,file,13,baseline,511,010.Red_winged_Blackbird/Red_Winged_Blackbird_0012_6015.jpg,10,9,010.Red_winged_Blackbird,12,11,rotation,rotation,0,"{""angle"":-13.467804}",0.0085336789,0.0032549517,-0.0052787273,0.99150264,0.99675035,0.0013429301,0.00052914064,0.99015971,0.99622121,0.0060615016,0.70649432,0.34789097,1.0606702,0.36899757,False,0.97251177,True,True,True,0.70649432,0.34789097,1.0606702,0.36899757,0.69092981,0.34467383,1.0336622,0.35627629,0.96577414,0.4038753,0.23783137,0.096054214,0.61481787,0.35233785,0.18995096,0.066926911,0.7368016,0.31285723,0.42562319,0.13315929,0.63859417,0.3041251,0.50372982,0.15319688,0.55852116,0.36723354,0.43411842,0.15942284,0.77379415,0.36947972,0.63954552,0.2362991
0b_baseline_best,file,13,baseline,511,010.Red_winged_Blackbird/Red_Winged_Blackbird_0012_6015.jpg,10,9,010.Red_winged_Blackbird,12,11,random_resized_crop,random_resized_crop,0,"{""area_fraction"":0.645879,""aspect"":1.20752,""fallback"":false,""height"":0.731355,""left"":0.044774,""top"":0.042326,""width"":0.883126}",0.0085336789,0.010580988,0.0020473087,0.99150264,0.98947477,0.0013429301,0.001526371,0.99015971,0.9879484,-0.0022113101,0.61120207,1.283305,1.0606702,1.3611633,False,0.95084387,True,True,True,0.61120207,1.283305,1.0606702,1.3611633,0.59532007,1.2885024,1.0336622,1.3318762,0.94077743,1.1808386,0.23783137,0.28084045,0.46231078,2.4331933,0.18995096,0.4621874,0.50221597,1.4038092,0.42562319,0.59749376,0.63732874,1.1272311,0.50372982,0.56781992,0.51886349,1.3199685,0.43411842,0.57302262,0.71503573,1.1622411,0.63954552,0.74330606
0b_baseline_best,file,13,baseline,511,010.Red_winged_Blackbird/Red_Winged_Blackbird_0012_6015.jpg,10,9,010.Red_winged_Blackbird,12,11,gaussian_blur,gaussian_blur,0,"{""sigma"":1.813627}",0.0085336789,0.020439124,0.011905445,0.99150264,0.97976834,0.0013429301,0.00090448331,0.99015971,0.97886385,-0.01129586,0.49507882,3.403045,1.0606702,3.6095083,False,0.90331388,True,True,True,0.49507882,3.403045,1.0606702,3.6095083,0.48168591,3.4355891,1.0336622,3.5512384,0.82826556,2.7160154,0.23783137,0.64595366,0.087135613,4.8416575,0.18995096,0.91967748,0.44193357,3.7736187,0.42562319,1.6061396,0.49536683,3.4991008,0.50372982,1.7626014,0.43210278,4.119128,0.43411842,1.7881893,0.62229598,2.6541881,0.63954552,1.6974741
0b_baseline_best,file,13,baseline,511,010.Red_winged_Blackbird/Red_Winged_Blackbird_0012_6015.jpg,10,9,010.Red_winged_Blackbird,12,11,random_erasing,random_erasing,0,"{""area_fraction"":0.072553,""erased"":true,""height"":0.18441,""left"":0.260706,""top"":0.17823,""width"":0.393433}",0.0085336789,0.015309559,0.0067758802,0.99150264,0.98480701,0.0013429301,0.0023856096,0.99015971,0.9824214,-0.0077383076,0.88561215,1.8268254,1.0606702,1.9376592,False,0.98885703,True,True,True,0.88561215,1.8268254,1.0606702,1.9376592,0.88047613,1.8307021,1.0336622,1.8923274,0.98780186,1.7519862,0.23783137,0.41667727,0.85000597,2.2851915,0.18995096,0.43407431,0.90339599,1.9612356,0.42562319,0.83474734,0.89249391,1.8490718,0.50372982,0.93143259,0.82132539,1.9216487,0.43411842,0.83422307,0.90372914,1.6637466,0.63954552,1.0640417
0b_baseline_best,file,13,baseline,7106,122.Harris_Sparrow/Harris_Sparrow_0074_116539.jpg,122,121,122.Harris_Sparrow,131,130,identity,identity,0,{},0.45436919,0.45436919,0,0.6348483,0.6348483,0.074758157,0.074758157,0.56009014,0.56009014,0,1,1,81.544916,81.544916,False,1,True,True,True,1,1,81.544916,81.544916,1,1,80.724251,80.724251,1,1,11.539873,11.539873,1,1,18.296302,18.296302,1,1,37.490547,37.490547,1,1,48.931598,48.931598,1,1,38.000694,38.000694,1,1,30.622783,30.622783
0b_baseline_best,file,13,baseline,7106,122.Harris_Sparrow/Harris_Sparrow_0074_116539.jpg,122,121,122.Harris_Sparrow,131,130,horizontal_flip,horizontal_flip,0,"{""flipped"":true}",0.45436919,0.32082886,-0.13354033,0.6348483,0.72554743,0.074758157,0.011389257,0.56009014,0.71415818,0.15406804,0.64911756,0.77397377,81.544916,63.113626,False,0.95536387,True,True,True,0.64911756,0.77397377,81.544916,63.113626,0.64342211,0.77376498,80.724251,62.461598,0.92419041,0.78412262,11.539873,9.0486754,0.67574223,0.8641241,18.296302,15.810276,0.64610963,0.7714196,37.490547,28.920943,0.66068873,0.77540049,48.931598,37.941585,0.57327566,0.76428901,38.000694,29.043513,0.69221244,0.75318448,30.622783,23.064605
0b_baseline_best,file,13,baseline,7106,122.Harris_Sparrow/Harris_Sparrow_0074_116539.jpg,122,121,122.Harris_Sparrow,131,130,color_jitter,color_jitter,0,"{""brightness"":1.17426,""contrast"":0.837486,""hue"":-0.013995,""saturation"":0.73838}",0.45436919,0.21163356,-0.24273562,0.6348483,0.8092612,0.074758157,0.05323549,0.56009014,0.75602571,0.19593557,0.9168399,0.51387799,81.544916,41.904137,False,0.98853767,True,True,True,0.9168399,0.51387799,81.544916,41.904137,0.91541598,0.51355239,80.724251,41.456132,0.98483354,0.52956604,11.539873,6.1111248,0.84508547,0.46914408,18.296302,8.5836018,0.90716141,0.52588475,37.490547,19.715707,0.92659721,0.50633489,48.931598,24.775775,0.9135091,0.52151174,38.000694,19.817808,0.92782491,0.51595467,30.622783,15.799968
0b_baseline_best,file,13,baseline,7106,122.Harris_Sparrow/Harris_Sparrow_0074_116539.jpg,122,121,122.Harris_Sparrow,131,130,rotation,rotation,0,"{""angle"":-3.74129}",0.45436919,0.49172634,0.037357152,0.6348483,0.6115697,0.074758157,0.040029954,0.56009014,0.57153975,0.011449609,0.79916925,1.1427998,81.544916,93.189516,False,0.97882956,True,True,True,0.79916925,1.1427998,81.544916,93.189516,0.79634005,1.1453322,80.724251,92.456085,0.96208238,1.0111629,11.539873,11.668691,0.83376018,1.1741237,18.296302,21.482121,0.80250775,1.2376096,37.490547,46.398659,0.79075681,1.1680979,48.931598,57.156899,0.76617441,1.0971975,38.000694,41.694267,0.85119768,0.99504649,30.622783,30.471093
0b_baseline_best,file,13,baseline,7106,122.Harris_Sparrow/Harris_Sparrow_0074_116539.jpg,122,121,122.Harris_Sparrow,131,130,random_resized_crop,random_resized_crop,0,"{""area_fraction"":0.816202,""aspect"":0.973521,""fallback"":false,""height"":0.915643,""left"":0.085631,""top"":0.021603,""width"":0.891398}",0.45436919,0.22573304,-0.22863615,0.6348483,0.79793108,0.074758157,0.01711116,0.56009014,0.78081992,0.22072978,0.78540348,0.49471896,81.544916,40.341816,False,0.96785223,True,True,True,0.78540348,0.49471896,81.544916,40.341816,0.78210593,0.49497453,80.724251,39.956448,0.95136129,0.48204713,11.539873,5.5627627,0.78915925,0.56611012,18.296302,10.357722,0.79296566,0.49038056,37.490547,18.384635,0.79334136,0.47570315,48.931598,23.276915,0.73628119,0.49707822,38.000694,18.889317,0.81040268,0.51902554,30.622783,15.894007
0b_baseline_best,file,13,baseline,7106,122.Harris_Sparrow/Harris_Sparrow_0074_116539.jpg,122,121,122.Harris_Sparrow,131,130,gaussian_blur,gaussian_blur,0,"{""sigma"":1.227515}",0.45436919,2.1121354,1.6577662,0.6348483,0.12097935,0.074758157,0.0052214274,0.56009014,0.11575793,-0.44433221,0.56940501,2.2548307,81.544916,183.86998,False,0.84522676,False,True,False,0.56940501,2.2548307,81.544916,183.86998,0.56453988,2.25473,80.724251,182.01139,0.80694451,2.2597549,11.539873,26.077284,0.62939642,3.1109583,18.296302,56.919032,0.58490133,2.2576879,37.490547,84.641952,0.55981653,2.0685718,48.931598,101.21852,0.51479294,2.3298791,38.000694,88.537023,0.61288793,2.2244352,30.622783,68.118398
0b_baseline_best,file,13,baseline,7106,122.Harris_Sparrow/Harris_Sparrow_0074_116539.jpg,122,121,122.Harris_Sparrow,131,130,random_erasing,random_erasing,0,"{""area_fraction"":0.186406,""erased"":true,""height"":0.574551,""left"":0.338231,""top"":0.021226,""width"":0.324437}",0.45436919,5.3835626,4.9291934,0.6348483,0.0045914357,0.074758157,0.032205611,0.56009014,-0.027614176,-0.58770432,0.32443479,1.4890146,81.544916,121.42157,False,0.69955182,False,True,False,0.32443479,1.4890146,81.544916,121.42157,0.31497266,1.457969,80.724251,117.69346,0.63812438,2.587301,11.539873,29.857125,0.31985054,0.76900915,18.296302,14.070024,0.33251228,1.2802787,37.490547,47.998347,0.31176675,1.3199406,48.931598,64.586801,0.31638382,1.473008,38.000694,55.975328,0.33553186,2.0769598,30.622783,63.602289
0b_baseline_best,file,13,baseline,6182,106.Horned_Puffin/Horned_Puffin_0067_100737.jpg,106,105,106.Horned_Puffin,84,83,identity,identity,0,{},0.0021983047,0.0021983047,0,0.99780411,0.99780411,0.00050214696,0.00050214696,0.99730196,0.99730196,0,1,1,0.27436075,0.27436075,False,1,True,True,True,1,1,0.27436075,0.27436075,1,1,0.26576723,0.26576723,1,1,0.068129291,0.068129291,1,1,0.049149767,0.049149767,1,1,0.096844972,0.096844972,1,1,0.12478411,0.12478411,1,1,0.13099472,0.13099472,1,1,0.16157624,0.16157624
0b_baseline_best,file,13,baseline,6182,106.Horned_Puffin/Horned_Puffin_0067_100737.jpg,106,105,106.Horned_Puffin,84,83,horizontal_flip,horizontal_flip,0,"{""flipped"":true}",0.0021983047,0.0017989181,-0.00039938663,0.99780411,0.99820268,0.00050214696,0.00046495965,0.99730196,0.99773772,0.00043576356,0.65876363,0.84358011,0.27436075,0.23144527,False,0.9814837,True,True,True,0.65876363,0.84358011,0.27436075,0.23144527,0.63978847,0.84773818,0.26576723,0.22530103,0.97589115,0.77756707,0.068129291,0.052975093,0.39429099,1.6259079,0.049149767,0.079912995,0.44407095,0.92790057,0.096844972,0.089862504,0.63824925,0.82125486,0.12478411,0.10247956,0.64614657,0.77039369,0.13099472,0.1009175,0.80201896,0.77332637,0.16157624,0.12495117
0b_baseline_best,file,13,baseline,6182,106.Horned_Puffin/Horned_Puffin_0067_100737.jpg,106,105,106.Horned_Puffin,84,83,color_jitter,color_jitter,0,"{""brightness"":1.340089,""contrast"":0.720285,""hue"":-0.076869,""saturation"":0.799579}",0.0021983047,0.81576306,0.81356475,0.99780411,0.44230169,0.00050214696,0.4433727,0.99730196,-0.0010710061,-0.99837296,0.5091237,372.84254,0.27436075,102.29336,False,0.84319991,False,True,False,0.5091237,372.84254,0.27436075,102.29336,0.50024892,378.92543,0.26576723,100.70596,0.73579,263.48523,0.068129291,17.951062,0.25822406,610.70399,0.049149767,30.015959,0.4322563,477.18971,0.096844972,46.213424,0.49617134,398.59907,0.12478411,49.73883,0.54797238,378.52734,0.13099472,49.585082,0.58883277,288.46589,0.16157624,46.609235
0b_baseline_best,file,13,baseline,6182,106.Horned_Puffin/Horned_Puffin_0067_100737.jpg,106,105,106.Horned_Puffin,84,83,rotation,rotation,0,"{""angle"":-9.185592}",0.0021983047,0.0014926969,-0.00070560782,0.99780411,0.99850839,0.00050214696,0.00026728449,0.99730196,0.99824111,0.00093915095,0.72239004,0.77260158,0.27436075,0.21197155,False,0.96643829,True,True,True,0.72239004,0.77260158,0.27436075,0.21197155,0.70963465,0.77887218,0.26576723,0.2069987,0.95580626,0.6699776,0.068129291,0.045645099,0.56256193,0.93502039,0.049149767,0.045956035,0.64095916,0.85087795,0.096844972,0.082403251,0.64862637,0.83709903,0.12478411,0.10445666,0.67734489,0.75611994,0.13099472,0.09904772,0.82938717,0.71172661,0.16157624,0.11499811
0b_baseline_best,file,13,baseline,6182,106.Horned_Puffin/Horned_Puffin_0067_100737.jpg,106,105,106.Horned_Puffin,84,83,random_resized_crop,random_resized_crop,0,"{""area_fraction"":0.545118,""aspect"":0.955851,""fallback"":false,""height"":0.755179,""left"":0.102107,""top"":0.007578,""width"":0.721839}",0.0021983047,0.00025364521,-0.0019446595,0.99780411,0.99974638,0.00050214696,3.7784921e-05,0.99730196,0.9997086,0.002406639,0.65358106,0.12791232,0.27436075,0.03509412,False,0.96144229,True,True,True,0.65358106,0.12791232,0.27436075,0.03509412,0.63471662,0.12831073,0.26576723,0.034100789,0.95713057,0.12168871,0.068129291,0.0082905655,0.43008959,0.18215242,0.049149767,0.0089527491,0.61699172,0.13626025,0.096844972,0.01319612,0.60786372,0.12709256,0.12478411,0.015859132,0.55845945,0.12197468,0.13099472,0.015978039,0.74191006,0.12405331,0.16157624,0.020044068
0b_baseline_best,file,13,baseline,6182,106.Horned_Puffin/Horned_Puffin_0067_100737.jpg,106,105,106.Horned_Puffin,84,83,gaussian_blur,gaussian_blur,0,"{""sigma"":1.099843}",0.0021983047,0.097827658,0.095629353,0.99780411,0.90680516,0.00050214696,0.0084520467,0.99730196,0.89835311,-0.098948847,0.52807072,64.368731,0.27436075,17.660253,False,0.91745394,True,True,True,0.52807072,64.368731,0.27436075,17.660253,0.51929217,65.782196,0.26576723,17.482752,0.8570906,36.65946,0.068129291,2.497583,0.39070396,75.409834,0.049149767,3.7063758,0.48080176,81.438311,0.096844972,7.8868909,0.47032207,83.520993,0.12478411,10.422093,0.52689588,63.30131,0.13099472,8.2921373,0.67625802,44.769739,0.16157624,7.2337263
0b_baseline_best,file,13,baseline,6182,106.Horned_Puffin/Horned_Puffin_0067_100737.jpg,106,105,106.Horned_Puffin,84,83,random_erasing,random_erasing,0,"{""area_fraction"":0.141363,""erased"":true,""height"":0.280976,""left"":0.432007,""top"":0.057248,""width"":0.503114}",0.0021983047,0.016585333,0.014387029,0.99780411,0.98355144,0.00050214696,0.0093575679,0.99730196,0.97419387,-0.023108084,0.66803583,9.2817243,0.27436075,2.5465409,False,0.95528197,True,True,True,0.66803583,9.2817243,0.27436075,2.5465409,0.65511636,9.3617191,0.26576723,2.4880382,0.90734412,7.9659134,0.068129291,0.54271203,0.3804308,12.901751,0.049149767,0.63411808,0.60946376,11.031541,0.096844972,1.0683493,0.66690827,9.7921959,0.12478411,1.2219105,0.66089327,9.2833554,0.13099472,1.2160705,0.72356974,8.0098691,0.16157624,1.2942046
0b_baseline_best,file,13,baseline,8405,144.Common_Tern/Common_Tern_0019_149769.jpg,144,143,144.Common_Tern,65,64,identity,identity,0,{},0.81015766,0.81015766,0,0.44478795,0.44478795,0.15084849,0.15084849,0.29393946,0.29393946,0,1,1,92.361273,92.361273,False,1,True,True,True,1,1,92.361273,92.361273,1,1,90.761693,90.761693,1,1,17.114901,17.114901,1,1,19.950268,19.950268,1,1,39.813904,39.813904,1,1,45.051412,45.051412,1,1,50.069246,50.069246,1,1,41.448351,41.448351
0b_baseline_best,file,13,baseline,8405,144.Common_Tern/Common_Tern_0019_149769.jpg,144,143,144.Common_Tern,65,64,horizontal_flip,horizontal_flip,0,"{""flipped"":true}",0.81015766,1.0341954,0.22403777,0.44478795,0.35551232,0.15084849,0.046645116,0.29393946,0.3088672,0.014927749,0.65986334,1.2273714,92.361273,113.36159,False,0.96900427,True,True,True,0.65986334,1.2273714,92.361273,113.36159,0.65021787,1.2279624,90.761693,111.45195,0.93506717,1.2106316,17.114901,20.71984,0.58500754,1.1507802,19.950268,22.958373,0.54923066,1.2306514,39.813904,48.997038,0.62576548,1.2160379,45.051412,54.784222,0.6950348,1.234294,50.069246,61.800169,0.71995704,1.2474006,41.448351,51.702696
0b_baseline_best,file,13,baseline,8405,144.Common_Tern/Common_Tern_0019_149769.jpg,144,143,144.Common_Tern,65,64,color_jitter,color_jitter,0,"{""brightness"":0.911421,""contrast"":1.11013,""hue"":-0.068575,""saturation"":1.38346}",0.81015766,0.83819062,0.028032959,0.44478795,0.43249238,0.15084849,0.050452773,0.29393946,0.3820396,0.088100147,0.55123433,0.81870653,92.361273,75.616777,False,0.90081036,True,True,True,0.55123433,0.81870653,92.361273,75.616777,0.54012102,0.81798271,90.761693,74.241496,0.85617931,0.83880638,17.114901,14.356089,0.36453396,0.49677843,19.950268,9.9108627,0.4373508,0.7558681,39.813904,30.09406,0.4481619,0.86057339,45.051412,38.770046,0.61525866,0.81412981,50.069246,40.762866,0.66151994,0.88422377,41.448351,36.649617
0b_baseline_best,file,13,baseline,8405,144.Common_Tern/Common_Tern_0019_149769.jpg,144,143,144.Common_Tern,65,64,rotation,rotation,0,"{""angle"":-10.085863}",0.81015766,0.82233185,0.012174189,0.44478795,0.43940583,0.15084849,0.055323813,0.29393946,0.38408202,0.090142559,0.72161541,1.0013607,92.361273,92.48695,False,0.95617139,True,True,True,0.72161541,1.0013607,92.361273,92.48695,0.71424243,1.0028071,90.761693,91.016473,0.93892684,0.95979137,17.114901,16.426735,0.68490618,1.2168093,19.950268,24.275672,0.63677872,1.0526625,39.813904,41.910602,0.68745237,0.98124978,45.051412,44.206688,0.76825704,0.9699771,50.069246,48.566022,0.75925959,0.97265708,41.448351,40.315032
0b_baseline_best,file,13,baseline,8405,144.Common_Tern/Common_Tern_0019_149769.jpg,144,143,144.Common_Tern,65,64,random_resized_crop,random_resized_crop,0,"{""area_fraction"":0.645514,""aspect"":0.843438,""fallback"":false,""height"":0.874835,""left"":0.248148,""top"":0.119377,""width"":0.737869}",0.81015766,2.4525084,1.6423508,0.44478795,0.086077392,0.15084849,0.011562075,0.29393946,0.074515317,-0.21942414,0.57912074,1.3721273,92.361273,126.73142,False,0.91017652,False,True,False,0.57912074,1.3721273,92.361273,126.73142,0.56903995,1.3710715,90.761693,124.44077,0.85660002,1.4014938,17.114901,23.986429,0.67960544,1.7234308,19.950268,34.382906,0.45183452,1.2711036,39.813904,50.607596,0.51405522,1.4465056,45.051412,65.167118,0.62984851,1.3206123,50.069246,66.12206,0.6285593,1.3483431,41.448351,55.886597
0b_baseline_best,file,13,baseline,8405,144.Common_Tern/Common_Tern_0019_149769.jpg,144,143,144.Common_Tern,65,64,gaussian_blur,gaussian_blur,0,"{""sigma"":1.831831}",0.81015766,1.7221837,0.91202605,0.44478795,0.17867555,0.15084849,0.038487624,0.29393946,0.14018792,-0.15375153,0.44461047,1.4675261,92.361273,135.54258,False,0.84288049,True,True,True,0.44461047,1.4675261,92.361273,135.54258,0.43303616,1.4704517,90.761693,133.46068,0.79157798,1.382719,17.114901,23.6651,0.53653037,1.6505744,19.950268,32.9294,0.21534628,1.563613,39.813904,62.253537,0.41775309,1.5541707,45.051412,70.017583,0.51413155,1.35899,50.069246,68.043606,0.54012528,1.3900481,41.448351,57.615201
0b_baseline_best,file,13,baseline,8405,144.Common_Tern/Common_Tern_0019_149769.jpg,144,143,144.Common_Tern,65,64,random_erasing,random_erasing,0,"{""area_fraction"":0.15354,""erased"":true,""height"":0.512375,""left"":0.202447,""top"":0.11665,""width"":0.299663}",0.81015766,1.3194897,0.50933206,0.44478795,0.26727164,0.15084849,0.055078257,0.29393946,0.21219338,-0.081746075,0.71373517,1.1309676,92.361273,104.45761,False,0.93423104,True,True,True,0.71373517,1.1309676,92.361273,104.45761,0.70758235,1.1349102,90.761693,103.00637,0.91184024,1.0138315,17.114901,17.351625,0.5770624,1.0307122,19.950268,20.562983,0.68645159,1.1590754,39.813904,46.147316,0.64946018,1.14844,45.051412,51.738841,0.77031862,1.110736,50.069246,55.613716,0.73560472,1.1540671,41.448351,47.834179
0b_baseline_best,file,13,baseline,2439,043.Yellow_bellied_Flycatcher/Yellow_Bellied_Flycatcher_0018_795494.jpg,43,42,043.Yellow_bellied_Flycatcher,174,173,identity,identity,0,{},2.9045663,2.9045663,0,0.054772541,0.054772541,0.72936857,0.72936857,-0.67459603,-0.67459603,0,1,1,155.26779,155.26779,False,1,True,False,False,1,1,155.26779,155.26779,1,1,150.66714,150.66714,1,1,37.516659,37.516659,1,1,30.948098,30.948098,1,1,65.54172,65.54172,1,1,76.014024,76.014024,1,1,72.849918,72.849918,1,1,79.761155,79.761155
0b_baseline_best,file,13,baseline,2439,043.Yellow_bellied_Flycatcher/Yellow_Bellied_Flycatcher_0018_795494.jpg,43,42,043.Yellow_bellied_Flycatcher,174,173,horizontal_flip,horizontal_flip,0,"{""flipped"":true}",2.9045663,3.700341,0.7957747,0.054772541,0.024715096,0.72936857,0.61701185,-0.67459603,-0.59229675,0.082299277,0.64036861,0.99631208,155.26779,154.69517,False,0.95912778,True,False,False,0.64036861,0.99631208,155.26779,154.69517,0.62381674,1.003524,150.66714,151.19809,0.95368418,0.87179405,37.516659,32.7068,0.61627804,1.0814831,30.948098,33.469845,0.60346069,1.020125,65.54172,66.860745,0.56259622,1.0077881,76.014024,76.606027,0.589612,1.0395715,72.849918,75.732698,0.7326829,0.94375692,79.761155,75.275142
0b_baseline_best,file,13,baseline,2439,043.Yellow_bellied_Flycatcher/Yellow_Bellied_Flycatcher_0018_795494.jpg,43,42,043.Yellow_bellied_Flycatcher,174,173,color_jitter,color_jitter,0,"{""brightness"":1.397309,""contrast"":0.839768,""hue"":-0.044579,""saturation"":1.122826}",2.9045663,3.9751923,1.070626,0.054772541,0.018775692,0.72936857,0.011603502,-0.67459603,0.0071721906,0.68176822,0.30720189,1.3039698,155.26779,202.46451,False,0.84768015,False,False,False,0.30720189,1.3039698,155.26779,202.46451,0.29742607,1.3241559,150.66714,199.50678,0.55418877,0.91907955,37.516659,34.480794,0.33736813,1.8595459,30.948098,57.54941,0.4680461,1.3637593,65.54172,89.38313,0.23455512,1.5564075,76.014024,118.3088,0.22337727,1.2279229,72.849918,89.454086,0.31599813,1.0110076,79.761155,80.639134
0b_baseline_best,file,13,baseline,2439,043.Yellow_bellied_Flycatcher/Yellow_Bellied_Flycatcher_0018_795494.jpg,43,42,043.Yellow_bellied_Flycatcher,174,173,rotation,rotation,0,"{""angle"":8.788985}",2.9045663,3.0641322,0.15956593,0.054772541,0.046694342,0.72936857,0.54720515,-0.67459603,-0.50051081,0.17408522,0.69621359,0.77567857,155.26779,120.43789,False,0.96198267,True,False,False,0.69621359,0.77567857,155.26779,120.43789,0.67912708,0.770957,150.66714,116.15788,0.94966556,0.84820693,37.516659,31.82189,0.66776072,0.60859556,30.948098,18.834875,0.56904791,0.59172379,65.54172,38.782595,0.62872607,0.75844436,76.014024,57.652408,0.66303283,0.80151788,72.849918,58.390512,0.80129959,0.8776703,79.761155,70.003997
0b_baseline_best,file,13,baseline,2439,043.Yellow_bellied_Flycatcher/Yellow_Bellied_Flycatcher_0018_795494.jpg,43,42,043.Yellow_bellied_Flycatcher,174,173,random_resized_crop,random_resized_crop,0,"{""area_fraction"":0.58293,""aspect"":0.835986,""fallback"":false,""height"":0.835043,""left"":0.070096,""top"":0.08733,""width"":0.698084}",2.9045663,2.7447083,-0.15985799,0.054772541,0.064267047,0.72936857,0.23538448,-0.67459603,-0.17111743,0.50347859,0.55310308,0.84766062,155.26779,131.61439,False,0.94990599,False,False,False,0.55310308,0.84766062,155.26779,131.61439,0.53438825,0.84248252,150.66714,126.93443,0.82974383,0.92718882,37.516659,34.785026,0.72003934,0.83514625,30.948098,25.846188,0.49848854,0.70427258,65.54172,46.159236,0.45281398,0.83783205,76.014024,63.686986,0.48819041,0.85383585,72.849918,62.201872,0.6373574,0.92033147,79.761155,73.406701
0b_baseline_best,file,13,baseline,2439,043.Yellow_bellied_Flycatcher/Yellow_Bellied_Flycatcher_0018_795494.jpg,43,42,043.Yellow_bellied_Flycatcher,174,173,gaussian_blur,gaussian_blur,0,"{""sigma"":1.838697}",2.9045663,2.784533,-0.12003326,0.054772541,0.061757911,0.72936857,0.013969271,-0.67459603,0.04778864,0.72238467,0.39939903,0.79780457,155.26779,123.87335,False,0.87740541,False,False,False,0.39939903,0.79780457,155.26779,123.87335,0.38377436,0.8032309,150.66714,121.0205,0.68995845,0.70453772,37.516659,26.431901,0.27906429,0.89346415,30.948098,27.651016,0.33906074,0.69807208,65.54172,45.752845,0.3720315,0.87271034,76.014024,66.338225,0.32077481,0.82336634,72.849918,59.982171,0.50191856,0.77178446,79.761155,61.558419
0b_baseline_best,file,13,baseline,2439,043.Yellow_bellied_Flycatcher/Yellow_Bellied_Flycatcher_0018_795494.jpg,43,42,043.Yellow_bellied_Flycatcher,174,173,random_erasing,random_erasing,0,"{""area_fraction"":0.160821,""erased"":true,""height"":0.279425,""left"":0.193021,""top"":0.610421,""width"":0.575543}",2.9045663,2.8185368,-0.08602953,0.054772541,0.059693221,0.72936857,0.68416625,-0.67459603,-0.62447303,0.050122995,0.82488107,1.0092362,155.26779,156.70187,False,0.96637213,True,False,False,0.82488107,1.0092362,155.26779,156.70187,0.81664125,1.011969,150.66714,152.47047,0.96529011,0.96409104,37.516659,36.169474,0.84532324,0.95857764,30.948098,29.666154,0.78348811,0.99824934,65.54172,65.426979,0.84277439,1.0701767,76.014024,81.348436,0.78684366,1.0087602,72.849918,73.488098,0.83696982,0.97666548,79.761155,77.899966
0b_baseline_best,file,13,baseline,9446,161.Blue_winged_Warbler/Blue_Winged_Warbler_0023_161774.jpg,161,160,161.Blue_winged_Warbler,163,162,identity,identity,0,{},4.5044217,4.5044217,0,0.011059983,0.011059983,0.17794041,0.17794041,-0.16688043,-0.16688043,0,1,1,132.24587,132.24587,False,1,True,False,False,1,1,132.24587,132.24587,1,1,129.31574,129.31574,1,1,27.684091,27.684091,1,1,48.424993,48.424993,1,1,58.727973,58.727973,1,1,58.336459,58.336459,1,1,59.729135,59.729135,1,1,62.911798,62.911798
0b_baseline_best,file,13,baseline,9446,161.Blue_winged_Warbler/Blue_Winged_Warbler_0023_161774.jpg,161,160,161.Blue_winged_Warbler,163,162,horizontal_flip,horizontal_flip,0,"{""flipped"":true}",4.5044217,4.5379109,0.033489227,0.011059983,0.010695727,0.17794041,0.028559824,-0.16688043,-0.017864098,0.14901633,0.7180431,0.84187825,132.24587,111.33492,False,0.95000374,False,False,False,0.7180431,0.84187825,132.24587,111.33492,0.70722678,0.83857249,129.31574,108.44062,0.93762872,0.91102655,27.684091,25.220942,0.84361909,0.88547468,48.424993,42.879105,0.72101794,0.74934928,58.727973,44.007764,0.71536836,0.81385987,58.336459,47.477703,0.60548313,0.83583831,59.729135,49.923899,0.70272075,0.90443105,62.911798,56.899384
0b_baseline_best,file,13,baseline,9446,161.Blue_winged_Warbler/Blue_Winged_Warbler_0023_161774.jpg,161,160,161.Blue_winged_Warbler,163,162,color_jitter,color_jitter,0,"{""brightness"":0.780612,""contrast"":1.252088,""hue"":0.082417,""saturation"":1.000192}",4.5044217,5.6524034,1.1479816,0.011059983,0.0035090738,0.17794041,0.0032996745,-0.16688043,0.00020939927,0.16708983,0.41587939,0.9264577,132.24587,122.5202,False,0.75989699,False,False,False,0.41587939,0.9264577,132.24587,122.5202,0.40310995,0.92946845,129.31574,120.1949,0.71893215,0.85813939,27.684091,23.756809,0.12700627,1.0503019,48.424993,50.860864,0.37392908,0.82834637,58.727973,48.647103,0.38137893,0.92239316,58.336459,53.809151,0.46890618,0.86864523,59.729135,51.883428,0.56821798,0.99343929,62.911798,62.499052
0b_baseline_best,file,13,baseline,9446,161.Blue_winged_Warbler/Blue_Winged_Warbler_0023_161774.jpg,161,160,161.Blue_winged_Warbler,163,162,rotation,rotation,0,"{""angle"":4.690157}",4.5044217,4.8315525,0.32713079,0.011059983,0.007974132,0.17794041,0.22307552,-0.16688043,-0.21510139,-0.048220961,0.79068135,1.1814646,132.24587,156.24381,False,0.94472653,True,False,False,0.79068135,1.1814646,132.24587,156.24381,0.78516146,1.1881132,129.31574,153.64175,0.93841779,1.0257207,27.684091,28.396146,0.73685272,1.4864785,48.424993,71.982714,0.8306397,1.1182506,58.727973,65.672593,0.73888955,1.2009802,58.336459,70.060934,0.79211541,1.0972039,59.729135,65.535037,0.84111774,1.113578,62.911798,70.057192
0b_baseline_best,file,13,baseline,9446,161.Blue_winged_Warbler/Blue_Winged_Warbler_0023_161774.jpg,161,160,161.Blue_winged_Warbler,163,162,random_resized_crop,random_resized_crop,0,"{""area_fraction"":0.703438,""aspect"":1.055142,""fallback"":false,""height"":0.816503,""left"":0.018689,""top"":0.101136,""width"":0.861526}",4.5044217,4.5884109,0.083989143,0.011059983,0.010169004,0.17794041,0.048692394,-0.16688043,-0.03852339,0.12835704,0.74897314,1.0315298,132.24587,136.41556,False,0.9604376,False,False,False,0.74897314,1.0315298,132.24587,136.41556,0.7396674,1.0310932,129.31574,133.33659,0.95011696,1.0410104,27.684091,28.819426,0.67984306,0.84748951,48.424993,41.039674,0.62704414,0.97082442,58.727973,57.01455,0.74053123,1.0906938,58.336459,63.627215,0.77713887,1.0851488,59.729135,64.815001,0.83152156,1.0774045,62.911798,67.781452
0b_baseline_best,file,13,baseline,9446,161.Blue_winged_Warbler/Blue_Winged_Warbler_0023_161774.jpg,161,160,161.Blue_winged_Warbler,163,162,gaussian_blur,gaussian_blur,0,"{""sigma"":1.538356}",4.5044217,5.6540065,1.1495848,0.011059983,0.0035034525,0.17794041,0.041977957,-0.16688043,-0.038474504,0.12840593,0.63888294,0.96459262,132.24587,127.56339,False,0.85919571,False,False,False,0.63888294,0.96459262,132.24587,127.56339,0.63052908,0.96803691,129.31574,125.18241,0.84040922,0.88611385,27.684091,24.531256,0.2892521,0.69904209,48.424993,33.851109,0.61505569,0.96257836,58.727973,56.530276,0.66849454,1.024236,58.336459,59.750302,0.66497167,1.0312882,59.729135,61.59795,0.73569246,1.0008544,62.911798,62.965549
0b_baseline_best,file,13,baseline,9446,161.Blue_winged_Warbler/Blue_Winged_Warbler_0023_161774.jpg,161,160,161.Blue_winged_Warbler,163,162,random_erasing,random_erasing,0,"{""area_fraction"":0.075971,""erased"":true,""height"":0.275957,""left"":0.093193,""top"":0.008907,""width"":0.275302}",4.5044217,4.429678,-0.074743748,0.011059983,0.011918331,0.17794041,0.13017716,-0.16688043,-0.11825882,0.048621606,0.93906839,0.96831594,132.24587,128.05578,False,0.97597873,True,False,False,0.93906839,0.96831594,132.24587,128.05578,0.93754705,0.9698072,129.31574,125.41134,0.97408629,0.93518567,27.684091,25.889765,0.96367851,0.84019272,48.424993,40.686327,0.95832617,0.96536533,58.727973,56.693949,0.94137011,1.0306989,58.336459,60.127327,0.93259628,0.9976414,59.729135,59.588257,0.91402552,0.96587364,62.911798,60.764848
0b_baseline_best,file,13,baseline,3497,061.Heermann_Gull/Heermann_Gull_0128_45663.jpg,61,60,061.Heermann_Gull,66,65,identity,identity,0,{},0.86499494,0.86499494,0,0.42105368,0.42105368,0.19276512,0.19276512,0.22828856,0.22828856,0,1,1,102.05565,102.05565,False,0.99999988,True,True,True,1,1,102.05565,102.05565,1,1,100.24791,100.24791,1,1,19.123606,19.123606,1,1,24.674379,24.674379,1,1,44.382049,44.382049,1,1,56.029247,56.029247,1,1,46.69663,46.69663,1,1,46.381044,46.381044
0b_baseline_best,file,13,baseline,3497,061.Heermann_Gull/Heermann_Gull_0128_45663.jpg,61,60,061.Heermann_Gull,66,65,horizontal_flip,horizontal_flip,0,"{""flipped"":true}",0.86499494,0.27124947,-0.59374547,0.42105368,0.76242626,0.19276512,0.040948424,0.22828856,0.72147783,0.49318927,0.65909618,0.37128151,102.05565,37.891378,False,0.97252142,True,True,True,0.65909618,0.37128151,102.05565,37.891378,0.64719572,0.36871405,100.24791,36.962814,0.94456113,0.43595741,19.123606,8.3370776,0.62798813,0.33857144,24.674379,8.3540399,0.59224055,0.36893563,44.382049,16.374119,0.70505587,0.34719304,56.029247,19.452964,0.54523366,0.37683617,46.69663,17.596979,0.72678304,0.39771811,46.381044,18.446581
0b_baseline_best,file,13,baseline,3497,061.Heermann_Gull/Heermann_Gull_0128_45663.jpg,61,60,061.Heermann_Gull,66,65,color_jitter,color_jitter,0,"{""brightness"":1.231701,""contrast"":0.819628,""hue"":-0.073444,""saturation"":1.101559}",0.86499494,0.7257489,-0.13924605,0.42105368,0.483962,0.19276512,0.29721108,0.22828856,0.18675092,-0.041537642,0.66330273,0.73934816,102.05565,75.45466,False,0.90618616,True,True,True,0.66330273,0.73934816,102.05565,75.45466,0.65536971,0.73328597,100.24791,73.510388,0.85486695,0.88991991,19.123606,17.018477,0.56707171,0.76120561,24.674379,18.782276,0.61211593,0.6930486,44.382049,30.758917,0.71358821,0.67003632,56.029247,37.54163,0.62948758,0.773957,46.69663,36.141184,0.67550525,0.8036421,46.381044,37.27376
0b_baseline_best,file,13,baseline,3497,061.Heermann_Gull/Heermann_Gull_0128_45663.jpg,61,60,061.Heermann_Gull,66,65,rotation,rotation,0,"{""angle"":-6.461883}",0.86499494,0.98340946,0.11841452,0.42105368,0.37403366,0.19276512,0.064079165,0.22828856,0.30995449,0.081665933,0.6811988,1.2247634,102.05565,124.99403,False,0.9564333,False,True,False,0.6811988,1.2247634,102.05565,124.99403,0.67596154,1.2246536,100.24791,122.76897,0.82475294,1.2277777,19.123606,23.479537,0.60987896,1.1219316,24.674379,27.682964,0.63111137,1.1748666,44.382049,52.142989,0.7392,1.2579619,56.029247,70.482657,0.62509372,1.2684526,46.69663,59.232461,0.69352051,1.2025082,46.381044,55.773584
0b_baseline_best,file,13,baseline,3497,061.Heermann_Gull/Heermann_Gull_0128_45663.jpg,61,60,061.Heermann_Gull,66,65,random_resized_crop,random_resized_crop,0,"{""area_fraction"":0.506981,""aspect"":1.099329,""fallback"":false,""height"":0.679097,""left"":0.053106,""top"":0.070414,""width"":0.746551}",0.86499494,3.7892833,2.9242883,0.42105368,0.022611802,0.19276512,0.0068606399,0.22828856,0.015751163,-0.2125374,0.56188377,1.5879938,102.05565,162.06375,False,0.82477713,False,True,False,0.56188377,1.5879938,102.05565,162.06375,0.55493895,1.5712023,100.24791,157.50975,0.72756338,1.9948576,19.123606,38.148871,0.36410846,2.0071676,24.674379,49.525614,0.58172257,1.4072119,44.382049,62.454948,0.6309813,1.5097861,56.029247,84.592179,0.5010662,1.5060157,46.69663,70.325857,0.55960206,1.7186804,46.381044,79.714189
0b_baseline_best,file,13,baseline,3497,061.Heermann_Gull/Heermann_Gull_0128_45663.jpg,61,60,061.Heermann_Gull,66,65,gaussian_blur,gaussian_blur,0,"{""sigma"":1.425802}",0.86499494,0.87337786,0.0083829165,0.42105368,0.41753879,0.19276512,0.070709459,0.22828856,0.34682933,0.11854077,0.70682511,1.1142725,102.05565,113.71781,False,0.94392931,True,True,True,0.70682511,1.1142725,102.05565,113.71781,0.70153356,1.1203604,100.24791,112.3138,0.89342616,0.93153627,19.123606,17.814332,0.51512257,1.2968194,24.674379,31.998213,0.70463507,1.0675649,44.382049,47.380718,0.73273388,1.1240307,56.029247,62.978594,0.65926768,1.1854531,46.69663,55.356667,0.77100005,1.0373523,46.381044,48.113481
0b_baseline_best,file,13,baseline,3497,061.Heermann_Gull/Heermann_Gull_0128_45663.jpg,61,60,061.Heermann_Gull,66,65,random_erasing,random_erasing,0,"{""area_fraction"":0.151807,""erased"":true,""height"":0.394227,""left"":0.332443,""top"":0.479186,""width"":0.385074}",0.86499494,1.3653305,0.50033551,0.42105368,0.25529629,0.19276512,0.11038261,0.22828856,0.14491368,-0.08337488,0.66474454,1.0762603,102.05565,109.83845,False,0.92165309,True,True,True,0.66474454,1.0762603,102.05565,109.83845,0.65683048,1.0736385,100.24791,107.63002,0.86985519,1.1459618,19.123606,21.914921,0.80738056,1.0556269,24.674379,26.046937,0.53274668,1.050852,44.382049,46.638966,0.71359874,1.0116827,56.029247,56.68382,0.60654349,1.0904822,46.69663,50.921846,0.70037862,1.1659634,46.381044,54.078601
0b_baseline_best,file,13,baseline,8172,140.Summer_Tanager/Summer_Tanager_0018_139290.jpg,140,139,140.Summer_Tanager,16,15,identity,identity,0,{},0.17189543,0.17189543,0,0.84206724,0.84206724,0.073735744,0.073735744,0.7683315,0.7683315,0,1,1,25.486123,25.486123,False,0.99999994,True,True,True,1,1,25.486123,25.486123,1,1,25.049927,25.049927,1,1,4.6950619,4.6950619,1,1,6.4708678,6.4708678,1,1,11.40362,11.40362,1,1,13.165593,13.165593,1,1,12.481865,12.481865,1,1,11.245193,11.245193
0b_baseline_best,file,13,baseline,8172,140.Summer_Tanager/Summer_Tanager_0018_139290.jpg,140,139,140.Summer_Tanager,16,15,horizontal_flip,horizontal_flip,0,"{""flipped"":true}",0.17189543,0.098049343,-0.073846087,0.84206724,0.90660417,0.073735744,0.013641122,0.7683315,0.89296305,0.12463155,0.61129048,0.50004493,25.486123,12.744207,False,0.94706643,True,True,True,0.61129048,0.50004493,25.486123,12.744207,0.60150332,0.50033842,25.049927,12.533441,0.89492818,0.49161703,4.6950619,2.3081724,0.49055047,0.41886241,6.4708678,2.7104033,0.52639538,0.46755006,11.40362,5.3317635,0.62238366,0.53907711,13.165593,7.09727,0.58759041,0.48614643,12.481865,6.0680142,0.69390303,0.51945114,11.245193,5.8413282
0b_baseline_best,file,13,baseline,8172,140.Summer_Tanager/Summer_Tanager_0018_139290.jpg,140,139,140.Summer_Tanager,16,15,color_jitter,color_jitter,0,"{""brightness"":1.279586,""contrast"":1.267794,""hue"":-0.088703,""saturation"":1.091817}",0.17189543,5.2000256,5.0281301,0.84206724,0.0055164224,0.073735744,0.00057048898,0.7683315,0.0049459335,-0.76338556,0.24858577,6.2285151,25.486123,158.7407,False,0.67804956,False,True,False,0.24858577,6.2285151,25.486123,158.7407,0.23767994,6.2512339,25.049927,156.59296,0.60045307,5.5428784,4.6950619,26.024157,-0.0066447591,4.8767808,6.4708678,31.557004,0.0359923,6.2269071,11.40362,71.009285,0.30449451,7.1095609,13.165593,93.601587,0.27629825,6.0124873,12.481865,75.047056,0.37612825,5.6870625,11.245193,63.952114
0b_baseline_best,file,13,baseline,8172,140.Summer_Tanager/Summer_Tanager_0018_139290.jpg,140,139,140.Summer_Tanager,16,15,rotation,rotation,0,"{""angle"":-9.414898}",0.17189543,0.16178164,-0.010113791,0.84206724,0.85062695,0.073735744,0.067514524,0.7683315,0.78311242,0.014780924,0.778278,0.979319,25.486123,24.959044,False,0.95582402,True,True,True,0.778278,0.979319,25.486123,24.959044,0.7735973,0.98475841,25.049927,24.668127,0.95501779,0.80928906,4.6950619,3.7996622,0.76400308,0.98291828,6.4708678,6.3603343,0.77008868,1.1450977,11.40362,13.05826,0.79927021,1.0061872,13.165593,13.247052,0.74914298,0.88399726,12.481865,11.033935,0.79324984,0.89065672,11.245193,10.015607
0b_baseline_best,file,13,baseline,8172,140.Summer_Tanager/Summer_Tanager_0018_139290.jpg,140,139,140.Summer_Tanager,16,15,random_resized_crop,random_resized_crop,0,"{""area_fraction"":0.831375,""aspect"":0.904709,""fallback"":false,""height"":0.958615,""left"":0.099914,""top"":0.025659,""width"":0.867267}",0.17189543,0.029328894,-0.14256654,0.84206724,0.97109705,0.073735744,0.0054522539,0.7683315,0.9656448,0.1973133,0.72113242,0.14480486,25.486123,3.6905144,False,0.95940351,True,True,True,0.72113242,0.14480486,25.486123,3.6905144,0.71355825,0.14418133,25.049927,3.6117317,0.91805381,0.16154823,4.6950619,0.75847893,0.77038024,0.14395102,6.4708678,0.93148804,0.72407683,0.12907014,11.40362,1.4718669,0.67927736,0.1447215,13.165593,1.9053444,0.68025555,0.13859214,12.481865,1.7298884,0.77465455,0.16367604,11.245193,1.8405686
0b_baseline_best,file,13,baseline,8172,140.Summer_Tanager/Summer_Tanager_0018_139290.jpg,140,139,140.Summer_Tanager,16,15,gaussian_blur,gaussian_blur,0,"{""sigma"":1.856666}",0.17189543,1.4065484,1.234653,0.84206724,0.24498744,0.073735744,0.013524473,0.7683315,0.23146297,-0.53686853,0.13121262,4.0516084,25.486123,103.25979,False,0.75360012,False,True,False,0.13121262,4.0516084,25.486123,103.25979,0.11353237,4.0526407,25.049927,101.51835,0.6383269,4.0221113,4.6950619,18.884062,-0.061426591,3.3349906,6.4708678,21.580283,-0.067815183,4.1042028,11.40362,46.80277,0.1059096,4.5699071,13.165593,60.165538,0.12244633,3.841285,12.481865,47.946401,0.37685521,3.699849,11.245193,41.605516
0b_baseline_best,file,13,baseline,8172,140.Summer_Tanager/Summer_Tanager_0018_139290.jpg,140,139,140.Summer_Tanager,16,15,random_erasing,random_erasing,0,"{""area_fraction"":0.058474,""erased"":true,""height"":0.189497,""left"":0.295096,""top"":0.208196,""width"":0.308577}",0.17189543,0.13086322,-0.04103221,0.84206724,0.87733775,0.073735744,0.08146739,0.7683315,0.79587036,0.027538866,0.88792352,0.92416182,25.486123,23.553302,False,0.98734665,True,True,True,0.88792352,0.92416182,25.486123,23.553302,0.88533039,0.92727725,25.049927,23.228228,0.97555696,0.83059045,4.6950619,3.8996736,0.91690523,0.93807356,6.4708678,6.07015,0.89128264,0.99214705,11.40362,11.314068,0.8855526,0.96538299,13.165593,12.70984,0.8679841,0.88136546,12.481865,11.001085,0.89649408,0.85356751,11.245193,9.5985312
0b_baseline_best,file,13,baseline,1658,030.Fish_Crow/Fish_Crow_0033_25915.jpg,30,29,030.Fish_Crow,4,3,identity,identity,0,{},4.7695842,4.7695842,0,0.0084839072,0.0084839072,0.23384956,0.23384956,-0.22536565,-0.22536565,0,1,1,162.42926,162.42926,False,1,True,False,False,1,1,162.42926,162.42926,1,1,159.3603,159.3603,1,1,31.425453,31.425453,1,1,29.685475,29.685475,1,1,67.70368,67.70368,1,1,99.046111,99.046111,1,1,71.797164,71.797164,1,1,70.467905,70.467905
0b_baseline_best,file,13,baseline,1658,030.Fish_Crow/Fish_Crow_0033_25915.jpg,30,29,030.Fish_Crow,4,3,horizontal_flip,horizontal_flip,0,"{""flipped"":true}",4.7695842,4.9594455,0.1898613,0.0084839072,0.0070168185,0.23384956,0.096894823,-0.22536565,-0.089878005,0.13548764,0.70551871,1.1581286,162.42926,188.11397,False,0.9655562,False,False,False,0.70551871,1.1581286,162.42926,188.11397,0.69701215,1.1621603,159.3603,185.20222,0.95140515,1.0491414,31.425453,32.969745,0.16548461,1.7450744,29.685475,51.803362,0.61397622,1.2254678,67.70368,82.968679,0.78997633,1.0645386,99.046111,105.43841,0.69648982,1.1996371,71.797164,86.130541,0.77718549,1.1170959,70.467905,78.719406
0b_baseline_best,file,13,baseline,1658,030.Fish_Crow/Fish_Crow_0033_25915.jpg,30,29,030.Fish_Crow,4,3,color_jitter,color_jitter,0,"{""brightness"":1.363897,""contrast"":1.356895,""hue"":0.028062,""saturation"":1.22008}",4.7695842,3.8891516,-0.88043261,0.0084839072,0.020462703,0.23384956,0.11145326,-0.22536565,-0.090990562,0.13437509,0.75387769,1.0392887,162.42926,168.81089,False,0.90410006,False,False,False,0.75387769,1.0392887,162.42926,168.81089,0.75006499,1.043723,159.3603,166.32801,0.87137908,0.91792906,31.425453,28.846337,0.6579823,1.4006256,29.685475,41.578238,0.6540396,1.0668651,67.70368,72.230692,0.8135759,0.97765216,99.046111,96.832644,0.76791901,1.0829917,71.797164,77.755731,0.73721925,1.0327659,70.467905,72.776848
0b_baseline_best,file,13,baseline,1658,030.Fish_Crow/Fish_Crow_0033_25915.jpg,30,29,030.Fish_Crow,4,3,rotation,rotation,0,"{""angle"":1.154446}",4.7695842,4.4190979,-0.35048628,0.0084839072,0.012045094,0.23384956,0.056592934,-0.22536565,-0.04454784,0.18081781,0.84408045,1.234657,162.42926,200.54443,False,0.9658494,False,False,False,0.84408045,1.234657,162.42926,200.54443,0.84169294,1.2436078,159.3603,198.18172,0.94626421,0.97670033,31.425453,30.693251,0.43437108,1.5610851,29.685475,46.341553,0.79497282,1.3642927,67.70368,92.367639,0.90026059,1.1772272,99.046111,116.59977,0.85800015,1.2495081,71.797164,89.711137,0.86629194,1.1833064,70.467905,83.385122
0b_baseline_best,file,13,baseline,1658,030.Fish_Crow/Fish_Crow_0033_25915.jpg,30,29,030.Fish_Crow,4,3,random_resized_crop,random_resized_crop,0,"{""area_fraction"":0.504532,""aspect"":0.890983,""fallback"":false,""height"":0.752505,""left"":0.187618,""top"":0.114232,""width"":0.67047}",4.7695842,6.3430271,1.5734429,0.0084839072,0.0017589694,0.23384956,0.015584152,-0.22536565,-0.013825183,0.21154047,0.58005138,1.3109862,162.42926,212.94252,False,0.89895725,False,False,False,0.58005138,1.3109862,162.42926,212.94252,0.57212265,1.3200392,159.3603,210.36184,0.85053387,1.0517485,31.425453,33.051673,0.40508503,1.6671589,29.685475,49.490404,0.50763111,1.47098,67.70368,99.590761,0.6374234,1.1758218,99.046111,116.46058,0.5472309,1.3207552,71.797164,94.826475,0.59990423,1.3706751,70.467905,96.588602
0b_baseline_best,file,13,baseline,1658,030.Fish_Crow/Fish_Crow_0033_25915.jpg,30,29,030.Fish_Crow,4,3,gaussian_blur,gaussian_blur,0,"{""sigma"":1.561083}",4.7695842,7.4482985,2.6787143,0.0084839072,0.00058243168,0.23384956,0.0030601011,-0.22536565,-0.0024776694,0.22288798,0.50737792,1.1740774,162.42926,190.70452,False,0.85160613,False,False,False,0.50737792,1.1740774,162.42926,190.70452,0.49680722,1.1729065,159.3603,186.91474,0.77239997,1.2037952,31.425453,37.829811,0.11191712,1.3250882,29.685475,39.335874,0.39774821,1.3131658,67.70368,88.906155,0.51083028,0.98644882,99.046111,97.703919,0.55457882,1.2361305,71.797164,88.750665,0.59995799,1.2742386,70.467905,89.792926
0b_baseline_best,file,13,baseline,1658,030.Fish_Crow/Fish_Crow_0033_25915.jpg,30,29,030.Fish_Crow,4,3,random_erasing,random_erasing,0,"{""area_fraction"":0.106085,""erased"":true,""height"":0.419347,""left"":0.539901,""top"":0.25535,""width"":0.252977}",4.7695842,2.6756442,-2.09394,0.0084839072,0.068862453,0.23384956,0.66421491,-0.22536565,-0.59535246,-0.36998681,0.68247762,1.0466732,162.42926,170.01036,False,0.92127067,True,False,False,0.68247762,1.0466732,162.42926,170.01036,0.67611859,1.0436339,159.3603,166.31382,0.8362998,1.1220059,31.425453,35.259543,0.5522803,1.4691987,29.685475,43.613861,0.67509302,1.0496422,67.70368,71.064641,0.71319768,0.90610733,99.046111,89.746407,0.65483951,1.080313,71.797164,77.563407,0.69155615,1.1561356,70.467905,81.47045
0b_baseline_best,file,13,baseline,3706,064.Ring_billed_Gull/Ring_Billed_Gull_0028_51454.jpg,64,63,064.Ring_billed_Gull,63,62,identity,identity,0,{},1.1535212,1.1535212,0,0.3155238,0.3155238,0.20591961,0.20591961,0.10960419,0.10960419,0,1,1,75.594502,75.594502,False,1,True,True,True,1,1,75.594502,75.594502,1,1,73.000359,73.000359,1,1,19.633549,19.633549,1,1,21.115321,21.115321,1,1,33.164081,33.164081,1,1,33.700674,33.700674,1,1,33.679146,33.679146,1,1,38.901402,38.901402
0b_baseline_best,file,13,baseline,3706,064.Ring_billed_Gull/Ring_Billed_Gull_0028_51454.jpg,64,63,064.Ring_billed_Gull,63,62,horizontal_flip,horizontal_flip,0,"{""flipped"":true}",1.1535212,0.89328063,-0.26024055,0.3155238,0.40931076,0.20591961,0.2999967,0.10960419,0.10931405,-0.00029014051,0.70036535,1.0702996,75.594502,80.908768,False,0.94776344,True,True,True,0.70036535,1.0702996,75.594502,80.908768,0.68562619,1.0765028,73.000359,78.585095,0.92693875,0.9805297,19.633549,19.251278,0.74780958,1.1325729,21.115321,23.91464,0.58802063,0.93044718,33.164081,30.857425,0.67632612,1.1231417,33.700674,37.850632,0.66351032,1.1190157,33.679146,37.687493,0.75707091,1.090162,38.901402,42.408831
0b_baseline_best,file,13,baseline,3706,064.Ring_billed_Gull/Ring_Billed_Gull_0028_51454.jpg,64,63,064.Ring_billed_Gull,63,62,color_jitter,color_jitter,0,"{""brightness"":0.757662,""contrast"":0.890901,""hue"":-0.075168,""saturation"":1.293454}",1.1535212,4.0049376,2.8514165,0.3155238,0.018225428,0.20591961,0.0069398549,0.10960419,0.011285573,-0.098318622,0.5176969,1.5757103,75.594502,119.11504,False,0.86162263,False,True,False,0.5176969,1.5757103,75.594502,119.11504,0.4975633,1.577174,73.000359,115.13427,0.79999083,1.5553353,19.633549,30.536752,0.3385709,0.89257447,21.115321,18.846996,0.4242859,1.5141913,33.164081,50.216762,0.54300519,1.7353502,33.700674,58.482472,0.48517357,1.6008592,33.679146,53.91557,0.56109156,1.6363,38.901402,63.654366
0b_baseline_best,file,13,baseline,3706,064.Ring_billed_Gull/Ring_Billed_Gull_0028_51454.jpg,64,63,064.Ring_billed_Gull,63,62,rotation,rotation,0,"{""angle"":-2.783046}",1.1535212,0.91743326,-0.23608792,0.3155238,0.39954326,0.20591961,0.2080193,0.10960419,0.19152395,0.08191976,0.85160104,1.0647946,75.594502,80.492617,False,0.97289121,True,True,True,0.85160104,1.0647946,75.594502,80.492617,0.84366876,1.0672783,73.000359,77.911702,0.96575503,1.0298443,19.633549,20.219499,0.89169538,0.98887486,21.115321,20.88041,0.84427612,1.0181308,33.164081,33.765371,0.84423071,1.1382991,33.700674,38.361447,0.81231061,1.0906863,33.679146,36.733382,0.8568693,1.0514984,38.901402,40.904761
0b_baseline_best,file,13,baseline,3706,064.Ring_billed_Gull/Ring_Billed_Gull_0028_51454.jpg,64,63,064.Ring_billed_Gull,63,62,random_resized_crop,random_resized_crop,0,"{""area_fraction"":0.501396,""aspect"":1.039164,""fallback"":false,""height"":0.694622,""left"":0.074128,""top"":0.029971,""width"":0.721826}",1.1535212,5.52455,4.3710288,0.3155238,0.003987663,0.20591961,0.0029329639,0.10960419,0.0010546991,-0.1085495,0.24943902,1.5895763,75.594502,120.16323,False,0.81111419,False,True,False,0.24943902,1.5895763,75.594502,120.16323,0.21557354,1.5946845,73.000359,116.41254,0.74181613,1.5171967,19.633549,29.787957,-0.19077328,1.1926396,21.115321,25.182969,0.19253191,1.3999933,33.164081,46.429492,0.13816205,1.7287586,33.700674,58.260331,0.19325196,1.6040065,33.679146,54.021568,0.39080524,1.7146901,38.901402,66.70385
0b_baseline_best,file,13,baseline,3706,064.Ring_billed_Gull/Ring_Billed_Gull_0028_51454.jpg,64,63,064.Ring_billed_Gull,63,62,gaussian_blur,gaussian_blur,0,"{""sigma"":1.199131}",1.1535212,2.560745,1.4072238,0.3155238,0.077247173,0.20591961,0.72434324,0.10960419,-0.64709607,-0.75670026,0.56241387,1.9411805,75.594502,146.74257,False,0.92061305,False,True,False,0.56241387,1.9411805,75.594502,146.74257,0.54703947,1.9641106,73.000359,143.38078,0.83671035,1.5906614,19.633549,31.230329,0.63894677,1.6964392,21.115321,35.820858,0.49876323,2.0759025,33.164081,68.845396,0.46748563,2.1449141,33.700674,72.28505,0.53084612,1.9317146,33.679146,65.058498,0.64999113,1.8317208,38.901402,71.256507
0b_baseline_best,file,13,baseline,3706,064.Ring_billed_Gull/Ring_Billed_Gull_0028_51454.jpg,64,63,064.Ring_billed_Gull,63,62,random_erasing,random_erasing,0,"{""area_fraction"":0.133257,""erased"":true,""height"":0.351574,""left"":0.618894,""top"":0.402828,""width"":0.379029}",1.1535212,1.1578901,0.0043689013,0.3155238,0.31414834,0.20591961,0.34440055,0.10960419,-0.030252218,-0.13985641,0.8737257,1.1359241,75.594502,85.869619,False,0.97810292,False,True,False,0.8737257,1.1359241,75.594502,85.869619,0.86842745,1.1422079,73.000359,83.381586,0.95700097,1.0451897,19.633549,20.520784,0.90714102,1.1973846,21.115321,25.283161,0.90552012,1.2364597,33.164081,41.006049,0.82680175,1.1372522,33.700674,38.326164,0.8425976,1.1032771,33.679146,37.157429,0.88166623,1.0852034,38.901402,42.215935
0b_baseline_best,file,13,baseline,5096,088.Western_Meadowlark/Western_Meadowlark_0050_77864.jpg,88,87,088.Western_Meadowlark,174,173,identity,identity,0,{},0.02230031,0.02230031,0,0.97794652,0.97794652,0.0040550278,0.0040550278,0.97389149,0.97389149,0,1,1,3.3509177,3.3509177,False,1.0000001,True,True,True,1,1,3.3509177,3.3509177,1,1,3.2881598,3.2881598,1,1,0.64548805,0.64548805,1,1,0.7236894,0.7236894,1,1,1.2630562,1.2630562,1,1,1.7930369,1.7930369,1,1,1.5760647,1.5760647,1,1,1.7303168,1.7303168
0b_baseline_best,file,13,baseline,5096,088.Western_Meadowlark/Western_Meadowlark_0050_77864.jpg,88,87,088.Western_Meadowlark,174,173,horizontal_flip,horizontal_flip,0,"{""flipped"":true}",0.02230031,0.24663912,0.22433881,0.97794652,0.78142262,0.0040550278,0.11944221,0.97389149,0.66198041,-0.31191109,0.62804154,9.8182575,3.3509177,32.900173,False,0.93765438,True,True,True,0.62804154,9.8182575,3.3509177,32.900173,0.61827355,9.7914244,3.2881598,32.195768,0.86605792,10.490593,0.64548805,6.7715523,0.55668512,7.2585742,0.7236894,5.2529532,0.47892629,8.4105812,1.2630562,10.623037,0.65940578,9.530114,1.7930369,17.087846,0.57581928,10.202793,1.5760647,16.080262,0.68752418,10.743194,1.7303168,18.589129
0b_baseline_best,file,13,baseline,5096,088.Western_Meadowlark/Western_Meadowlark_0050_77864.jpg,88,87,088.Western_Meadowlark,174,173,color_jitter,color_jitter,0,"{""brightness"":0.673422,""contrast"":0.96586,""hue"":0.037273,""saturation"":0.663149}",0.02230031,0.25908214,0.23678183,0.97794652,0.77175963,0.0040550278,0.046182308,0.97389149,0.72557732,-0.24831417,0.77282595,11.087402,3.3509177,37.152971,False,0.94195545,True,True,True,0.77282595,11.087402,3.3509177,37.152971,0.76776633,11.138154,3.2881598,36.62403,0.93132918,9.6777902,0.64548805,6.2468979,0.74686499,13.714246,0.7236894,9.9248547,0.69945739,13.224362,1.2630562,16.703112,0.81340516,11.320436,1.7930369,20.29796,0.76187811,10.674622,1.5760647,16.823895,0.79431215,9.4747243,1.7303168,16.394274
0b_baseline_best,file,13,baseline,5096,088.Western_Meadowlark/Western_Meadowlark_0050_77864.jpg,88,87,088.Western_Meadowlark,174,173,rotation,rotation,0,"{""angle"":-4.162125}",0.02230031,0.019326359,-0.0029739514,0.97794652,0.98085922,0.0040550278,0.0033071388,0.97389149,0.97755208,0.0036605892,0.84009144,0.89828086,3.3509177,3.0100652,False,0.9847461,True,True,True,0.84009144,0.89828086,3.3509177,3.0100652,0.83474276,0.89864717,3.2881598,2.9548955,0.98048688,0.88872258,0.64548805,0.57365981,0.87434844,0.95379244,0.7236894,0.69024947,0.78368093,0.96046316,1.2630562,1.213119,0.81550322,0.87075461,1.7930369,1.5612951,0.83023115,0.90969511,1.5760647,1.4337383,0.88369832,0.87457597,1.7303168,1.5132935
0b_baseline_best,file,13,baseline,5096,088.Western_Meadowlark/Western_Meadowlark_0050_77864.jpg,88,87,088.Western_Meadowlark,174,173,random_resized_crop,random_resized_crop,0,"{""area_fraction"":0.735378,""aspect"":1.083293,""fallback"":false,""height"":0.823915,""left"":0.010308,""top"":0.170196,""width"":0.892541}",0.02230031,0.0040348321,-0.018265478,0.97794652,0.99597329,0.0040550278,0.00011850744,0.97389149,0.99585478,0.02196329,0.710079,0.17809635,3.3509177,0.59678621,False,0.94580758,True,True,True,0.710079,0.17809635,3.3509177,0.59678621,0.70151023,0.17774863,3.2881598,0.58446589,0.92241335,0.18689351,0.64548805,0.12063753,0.59600344,0.16764455,0.7236894,0.12132259,0.64407965,0.18622053,1.2630562,0.235207,0.71812669,0.16962779,1.7930369,0.30414888,0.69504059,0.18160025,1.5760647,0.28621374,0.74052049,0.18011923,1.7303168,0.31166333
0b_baseline_best,file,13,baseline,5096,088.Western_Meadowlark/Western_Meadowlark_0050_77864.jpg,88,87,088.Western_Meadowlark,174,173,gaussian_blur,gaussian_blur,0,"{""sigma"":1.526602}",0.02230031,0.5167293,0.49442898,0.97794652,0.59646821,0.0040550278,0.0056416597,0.97389149,0.59082655,-0.38306494,0.37691607,31.990624,3.3509177,107.19795,False,0.78597677,True,True,True,0.37691607,31.990624,3.3509177,107.19795,0.36954259,32.358788,3.2881598,106.40086,0.72464446,20.214487,0.64548805,13.04821,0.32520945,43.178987,0.7236894,31.248175,0.19676987,43.157614,1.2630562,54.510492,0.4221127,34.239905,1.7930369,61.393413,0.39033828,30.652132,1.5760647,48.309744,0.52213927,20.598273,1.7303168,35.641538
0b_baseline_best,file,13,baseline,5096,088.Western_Meadowlark/Western_Meadowlark_0050_77864.jpg,88,87,088.Western_Meadowlark,174,173,random_erasing,random_erasing,0,"{""area_fraction"":0.102552,""erased"":true,""height"":0.243985,""left"":0.236495,""top"":0.151519,""width"":0.420322}",0.02230031,0.031661011,0.0093607008,0.97794652,0.96883494,0.0040550278,0.0015854319,0.97389149,0.9672495,-0.0066419872,0.83854169,1.2940054,3.3509177,4.3361055,False,0.9748314,True,True,True,0.83854169,1.2940054,3.3509177,4.3361055,0.83416607,1.2964262,3.2881598,4.2628564,0.95940154,1.2295205,0.64548805,0.7936408,0.84437783,1.1541369,0.7236894,0.83523661,0.75847651,1.1571224,1.2630562,1.4615107,0.84941074,1.2322939,1.7930369,2.2095484,0.8177291,1.3853865,1.5760647,2.1834588,0.87296947,1.3784196,1.7303168,2.3851026
0b_baseline_best,file,13,baseline,5432,093.Clark_Nutcracker/Clark_Nutcracker_0066_85390.jpg,93,92,093.Clark_Nutcracker,102,101,identity,identity,0,{},4.3322639,4.3322639,0,0.013137773,0.013137773,0.59825683,0.59825683,-0.58511905,-0.58511905,0,1,1,214.81317,214.81317,False,1,True,False,False,1,1,214.81317,214.81317,1,1,211.3058,211.3058,1,1,38.659512,38.659512,1,1,68.863526,68.863526,1,1,109.59291,109.59291,1,1,106.17932,106.17932,1,1,97.682774,97.682774,1,1,84.150919,84.150919
0b_baseline_best,file,13,baseline,5432,093.Clark_Nutcracker/Clark_Nutcracker_0066_85390.jpg,93,92,093.Clark_Nutcracker,102,101,horizontal_flip,horizontal_flip,0,"{""flipped"":true}",4.3322639,4.48528,0.15301609,0.013137773,0.011273733,0.59825683,0.48872724,-0.58511905,-0.47745351,0.10766555,0.60372181,0.87888668,214.81317,188.79643,False,0.93775886,True,False,False,0.60372181,0.87888668,214.81317,188.79643,0.59358983,0.88050873,211.3058,186.0566,0.92630216,0.82896506,38.659512,32.047385,0.45432987,1.0094596,68.863526,69.514945,0.62956056,0.83288679,109.59291,91.278489,0.57519834,0.87922399,106.17932,93.355403,0.59304993,0.87339185,97.682774,85.315339,0.67876214,0.87800886,84.150919,73.885252
0b_baseline_best,file,13,baseline,5432,093.Clark_Nutcracker/Clark_Nutcracker_0066_85390.jpg,93,92,093.Clark_Nutcracker,102,101,color_jitter,color_jitter,0,"{""brightness"":1.313213,""contrast"":1.209043,""hue"":0.059724,""saturation"":1.02514}",4.3322639,3.9445543,-0.38770962,0.013137773,0.019359846,0.59825683,0.052090839,-0.58511905,-0.032730993,0.55238806,0.56657252,0.59998426,214.81317,128.88452,False,0.89033306,False,False,False,0.56657252,0.59998426,214.81317,128.88452,0.55872021,0.59732767,211.3058,126.2188,0.77834682,0.67454192,38.659512,26.077462,0.73997636,0.46855279,68.863526,32.266197,0.50476369,0.50550184,109.59291,55.399418,0.48284236,0.59646493,106.17932,63.33224,0.61192804,0.65107043,97.682774,63.598366,0.60890915,0.72918631,84.150919,61.361698
0b_baseline_best,file,13,baseline,5432,093.Clark_Nutcracker/Clark_Nutcracker_0066_85390.jpg,93,92,093.Clark_Nutcracker,102,101,rotation,rotation,0,"{""angle"":9.03203}",4.3322639,2.1877866,-2.1444774,0.013137773,0.11216477,0.59825683,0.29173514,-0.58511905,-0.17957038,0.40554868,0.69215101,0.76649136,214.81317,164.65244,False,0.94364846,True,False,False,0.69215101,0.76649136,214.81317,164.65244,0.68438853,0.76358369,211.3058,161.34966,0.9045157,0.84877683,38.659512,32.813298,0.67482737,0.71425666,68.863526,49.186232,0.65644482,0.69644677,109.59291,76.32563,0.66030095,0.78016868,106.17932,82.837779,0.7045679,0.80260725,97.682774,78.400903,0.74823566,0.82159221,84.150919,69.13774
0b_baseline_best,file,13,baseline,5432,093.Clark_Nutcracker/Clark_Nutcracker_0066_85390.jpg,93,92,093.Clark_Nutcracker,102,101,random_resized_crop,random_resized_crop,0,"{""area_fraction"":0.569616,""aspect"":0.816097,""fallback"":false,""height"":0.83545,""left"":0.317999,""top"":0.10739,""width"":0.681808}",4.3322639,3.0321929,-1.300071,0.013137773,0.048209801,0.59825683,0.23063786,-0.58511905,-0.18242806,0.40269099,0.57306793,0.84220162,214.81317,180.916,False,0.88399047,True,False,False,0.57306793,0.84220162,214.81317,180.916,0.56534526,0.84334559,211.3058,178.20381,0.81462244,0.80727803,38.659512,31.208975,0.52647294,1.0528774,68.863526,72.504848,0.62189927,0.72392177,109.59291,79.336696,0.5204807,0.87599396,106.17932,93.012441,0.56907791,0.85071991,97.682774,83.10068,0.60877299,0.81019227,84.150919,68.178424
0b_baseline_best,file,13,baseline,5432,093.Clark_Nutcracker/Clark_Nutcracker_0066_85390.jpg,93,92,093.Clark_Nutcracker,102,101,gaussian_blur,gaussian_blur,0,"{""sigma"":1.811399}",4.3322639,6.0105472,1.6782832,0.013137773,0.0024527456,0.59825683,0.078431569,-0.58511905,-0.075978823,0.50914023,0.43549408,0.69852273,214.81317,150.05188,False,0.81092203,False,False,False,0.43549408,0.69852273,214.81317,150.05188,0.42585147,0.689798,211.3058,145.75832,0.66868769,0.92184796,38.659512,35.638192,0.27619425,0.5819486,68.863526,40.075032,0.47275578,0.54398714,109.59291,59.617135,0.48114041,0.67577856,106.17932,71.753707,0.39613205,0.75969933,97.682774,74.209538,0.43991066,0.875641,84.150919,73.685995
0b_baseline_best,file,13,baseline,5432,093.Clark_Nutcracker/Clark_Nutcracker_0066_85390.jpg,93,92,093.Clark_Nutcracker,102,101,random_erasing,random_erasing,0,"{""area_fraction"":0.099487,""erased"":true,""height"":0.523496,""left"":0.804894,""top"":0.211842,""width"":0.190043}",4.3322639,4.12536,-0.20690393,0.013137773,0.016157677,0.59825683,0.61392117,-0.58511905,-0.59776349,-0.012644434,0.96747754,0.99500243,214.81317,213.73963,False,0.99475288,True,False,False,0.96747754,0.99500243,214.81317,213.73963,0.96659131,0.99518562,211.3058,210.28849,0.9941209,0.98951409,38.659512,38.254132,0.97628038,0.94970179,68.863526,65.399813,0.97814936,1.0289923,109.59291,112.77026,0.96659219,0.98825375,106.17932,104.93211,0.9622371,0.98049394,97.682774,95.777368,0.94775224,0.99728165,84.150919,83.922167
0b_baseline_best,file,13,baseline,6880,118.House_Sparrow/House_Sparrow_0055_111393.jpg,118,117,118.House_Sparrow,193,192,identity,identity,0,{},3.4456835,3.4456835,0,0.031882968,0.031882968,0.4657627,0.4657627,-0.43387974,-0.43387974,0,1,1,192.98691,192.98691,False,1,True,False,False,1,1,192.98691,192.98691,1,1,189.89294,189.89294,1,1,34.418309,34.418309,1,1,45.570624,45.570624,1,1,93.444812,93.444812,1,1,106.05672,106.05672,1,1,85.541,85.541,1,1,81.76443,81.76443
0b_baseline_best,file,13,baseline,6880,118.House_Sparrow/House_Sparrow_0055_111393.jpg,118,117,118.House_Sparrow,193,192,horizontal_flip,horizontal_flip,0,"{""flipped"":true}",3.4456835,3.1476312,-0.29805231,0.031882968,0.042953752,0.4657627,0.21473275,-0.43387974,-0.171779,0.26210074,0.59422256,0.78339438,192.98691,151.18486,False,0.92788601,True,False,False,0.59422256,0.78339438,192.98691,151.18486,0.58454837,0.78371185,189.89294,148.82135,0.89257132,0.77366812,34.418309,26.628349,0.34714716,0.79474271,45.570624,36.216921,0.6317247,0.71603537,93.444812,66.90979,0.55706858,0.81680237,106.05672,86.627384,0.58455948,0.7824037,85.541,66.927595,0.65304271,0.80901106,81.76443,66.148328
0b_baseline_best,file,13,baseline,6880,118.House_Sparrow/House_Sparrow_0055_111393.jpg,118,117,118.House_Sparrow,193,192,color_jitter,color_jitter,0,"{""brightness"":0.995619,""contrast"":0.757055,""hue"":-0.097707,""saturation"":1.350233}",3.4456835,5.0562205,1.6105371,0.031882968,0.0063695875,0.4657627,0.026518602,-0.43387974,-0.020149014,0.41373072,0.56539094,0.94198363,192.98691,181.79051,False,0.83503294,False,False,False,0.56539094,0.94198363,192.98691,181.79051,0.56054304,0.94440893,189.89294,179.33659,0.72864599,0.86491033,34.418309,29.768751,0.51189825,0.76473317,45.570624,34.849368,0.51919126,0.98870601,93.444812,92.389447,0.63361765,0.98761855,106.05672,104.74359,0.54197359,0.89338841,85.541,76.421338,0.52498533,0.91521907,81.76443,74.832366
0b_baseline_best,file,13,baseline,6880,118.House_Sparrow/House_Sparrow_0055_111393.jpg,118,117,118.House_Sparrow,193,192,rotation,rotation,0,"{""angle"":9.194747}",3.4456835,3.7558663,0.31018281,0.031882968,0.023380185,0.4657627,0.67141795,-0.43387974,-0.64803777,-0.21415803,0.80990862,1.0762483,192.98691,207.70183,False,0.94291699,True,False,False,0.80990862,1.0762483,192.98691,207.70183,0.80617312,1.0758818,189.89294,204.30235,0.922461,1.0873459,34.418309,37.424607,0.68115791,1.3173399,45.570624,60.032001,0.85583393,1.0739589,93.444812,100.35589,0.83167896,1.0301864,106.05672,109.25819,0.77190093,1.078406,85.541,92.247928,0.7929388,1.0674198,81.76443,87.276975
0b_baseline_best,file,13,baseline,6880,118.House_Sparrow/House_Sparrow_0055_111393.jpg,118,117,118.House_Sparrow,193,192,random_resized_crop,random_resized_crop,0,"{""area_fraction"":0.509946,""aspect"":0.799458,""fallback"":false,""height"":0.798664,""left"":0.33322,""top"":0.1641,""width"":0.638498}",3.4456835,4.9626942,1.5170107,0.031882968,0.0069940593,0.4657627,0.06316454,-0.43387974,-0.05617048,0.37770926,0.54090495,0.82241202,192.98691,158.71476,False,0.87576759,False,False,False,0.54090495,0.82241202,192.98691,158.71476,0.53312926,0.81754322,189.89294,155.24568,0.74934357,0.95885864,34.418309,33.002293,0.48786723,1.1504025,45.570624,52.424558,0.5555631,0.83628555,93.444812,78.146546,0.56268724,0.72308747,106.05672,76.688288,0.50878342,0.78984526,85.541,67.564153,0.52555993,0.8473368,81.76443,69.282011
0b_baseline_best,file,13,baseline,6880,118.House_Sparrow/House_Sparrow_0055_111393.jpg,118,117,118.House_Sparrow,193,192,gaussian_blur,gaussian_blur,0,"{""sigma"":1.219052}",3.4456835,6.879683,3.4339995,0.031882968,0.00102847,0.4657627,0.63267195,-0.43387974,-0.63164348,-0.19776375,0.70023156,1.2928687,192.98691,249.50673,False,0.88186014,True,False,False,0.70023156,1.2928687,192.98691,249.50673,0.6968457,1.3003794,189.89294,246.93286,0.84658571,1.0385735,34.418309,35.745945,0.61983944,1.2601833,45.570624,57.42734,0.69262247,1.2817587,93.444812,119.7737,0.73901807,1.3807022,106.05672,146.43275,0.67854345,1.3220107,85.541,113.08612,0.67440375,1.1667676,81.76443,95.400085
0b_baseline_best,file,13,baseline,6880,118.House_Sparrow/House_Sparrow_0055_111393.jpg,118,117,118.House_Sparrow,193,192,random_erasing,random_erasing,0,"{""area_fraction"":0.173605,""erased"":true,""height"":0.26982,""left"":0.038152,""top"":0.501848,""width"":0.643411}",3.4456835,4.3087411,0.86305761,0.031882968,0.013450473,0.4657627,0.3843033,-0.43387974,-0.37085283,0.063026908,0.79556019,0.98570096,192.98691,190.22738,False,0.92158192,True,False,False,0.79556019,0.98570096,192.98691,190.22738,0.79238988,0.98581529,189.89294,187.19936,0.8924221,0.98221447,34.418309,33.806162,0.85479332,0.99314852,45.570624,45.258397,0.7775591,1.0329179,93.444812,96.520822,0.83248689,0.93599506,106.05672,99.26857,0.77705337,0.9889279,85.541,84.593881,0.74946987,0.99874377,81.76443,81.661716
0b_baseline_best,file,13,baseline,2034,036.Northern_Flicker/Northern_Flicker_0138_28476.jpg,36,35,036.Northern_Flicker,194,193,identity,identity,0,{},0.039240621,0.039240621,0,0.9615193,0.9615193,0.010701591,0.010701591,0.95081771,0.95081771,0,1,1,5.7805633,5.7805633,False,1,True,True,True,1,1,5.7805633,5.7805633,1,1,5.6671307,5.6671307,1,1,1.1395359,1.1395359,1,1,0.84795895,0.84795895,1,1,1.8288816,1.8288816,1,1,2.7229825,2.7229825,1,1,3.0184995,3.0184995,1,1,3.395078,3.395078
0b_baseline_best,file,13,baseline,2034,036.Northern_Flicker/Northern_Flicker_0138_28476.jpg,36,35,036.Northern_Flicker,194,193,horizontal_flip,horizontal_flip,0,"{""flipped"":true}",0.039240621,0.015996102,-0.023244519,0.9615193,0.98413116,0.010701591,0.0019613984,0.95081771,0.98216976,0.031352049,0.74660858,0.4756901,5.7805633,2.7497567,False,0.98307943,True,True,True,0.74660858,0.4756901,5.7805633,2.7497567,0.73877801,0.47753517,5.6671307,2.7062542,0.96734326,0.42753032,1.1395359,0.48718615,0.45842811,0.48203394,0.84795895,0.408745,0.63589832,0.53739446,1.8288816,0.98283086,0.7350799,0.48751041,2.7229825,1.3274823,0.72658291,0.46675812,3.0184995,1.4089092,0.8067252,0.46042694,3.395078,1.5631854
0b_baseline_best,file,13,baseline,2034,036.Northern_Flicker/Northern_Flicker_0138_28476.jpg,36,35,036.Northern_Flicker,194,193,color_jitter,color_jitter,0,"{""brightness"":1.228991,""contrast"":0.797741,""hue"":-0.014827,""saturation"":1.101409}",0.039240621,0.070752345,0.031511724,0.9615193,0.9316926,0.010701591,0.013382553,0.95081771,0.91831005,-0.032507663,0.93044411,1.9453075,5.7805633,11.244973,False,0.99440992,True,True,True,0.93044411,1.9453075,5.7805633,11.244973,0.92862738,1.9461754,5.6671307,11.02923,0.97596148,1.923717,1.1395359,2.1921447,0.80289924,1.8406138,0.84795895,1.560765,0.90688457,2.1478514,1.8288816,3.928166,0.91703921,2.0574496,2.7229825,5.6023993,0.93484726,1.9356315,3.0184995,5.8427028,0.95190462,1.8217351,3.395078,6.1849329
0b_baseline_best,file,13,baseline,2034,036.Northern_Flicker/Northern_Flicker_0138_28476.jpg,36,35,036.Northern_Flicker,194,193,rotation,rotation,0,"{""angle"":0.250216}",0.039240621,0.022019897,-0.017220724,0.9615193,0.97822076,0.010701591,0.0056700767,0.95081771,0.97255068,0.021732974,0.96146339,0.58075892,5.7805633,3.3571137,False,0.99784195,True,True,True,0.96146339,0.58075892,5.7805633,3.3571137,0.96001328,0.58087,5.6671307,3.2918662,0.99751751,0.57800496,1.1395359,0.65865742,0.91944415,0.62013401,0.84795895,0.52584818,0.92910721,0.63736281,1.8288816,1.1656611,0.95799351,0.57214505,2.7229825,1.5579409,0.96134388,0.57503717,3.0184995,1.7357494,0.97473318,0.57122523,3.395078,1.9393542
0b_baseline_best,file,13,baseline,2034,036.Northern_Flicker/Northern_Flicker_0138_28476.jpg,36,35,036.Northern_Flicker,194,193,random_resized_crop,random_resized_crop,0,"{""area_fraction"":0.709651,""aspect"":0.938633,""fallback"":false,""height"":0.86951,""left"":0.066321,""top"":0.020309,""width"":0.816151}",0.039240621,0.047094546,0.0078539252,0.9615193,0.95399719,0.010701591,0.0060061039,0.95081771,0.94799109,-0.002826619,0.80653428,1.1725917,5.7805633,6.7782406,False,0.97391671,True,True,True,0.80653428,1.1725917,5.7805633,6.7782406,0.80078001,1.1755688,5.6671307,6.6621018,0.9610202,1.0963917,1.1395359,1.2493777,0.69329371,1.3084682,0.84795895,1.1095273,0.70258176,1.1507888,1.8288816,2.1046564,0.79018911,1.1639603,2.7229825,3.1694434,0.80018922,1.2038127,3.0184995,3.6337081,0.84465512,1.1586393,3.395078,3.9336707
0b_baseline_best,file,13,baseline,2034,036.Northern_Flicker/Northern_Flicker_0138_28476.jpg,36,35,036.Northern_Flicker,194,193,gaussian_blur,gaussian_blur,0,"{""sigma"":1.970555}",0.039240621,1.1024815,1.0632409,0.9615193,0.33204609,0.010701591,0.0017109764,0.95081771,0.33033512,-0.62048259,0.2718464,22.626629,5.7805633,130.79466,False,0.75403702,False,True,False,0.2718464,22.626629,5.7805633,130.79466,0.26208737,22.811792,5.6671307,129.2774,0.59729217,17.432067,1.1395359,19.864467,0.12786541,36.391219,0.84795895,30.858259,0.1988193,31.667922,1.8288816,57.916881,0.17213684,28.965922,2.7229825,78.873698,0.36087946,18.791531,3.0184995,56.722226,0.37226443,16.04543,3.395078,54.475487
0b_baseline_best,file,13,baseline,2034,036.Northern_Flicker/Northern_Flicker_0138_28476.jpg,36,35,036.Northern_Flicker,194,193,random_erasing,random_erasing,0,"{""area_fraction"":0.141689,""erased"":true,""height"":0.580346,""left"":0.652026,""top"":0.068146,""width"":0.244146}",0.039240621,0.034666728,-0.0045738928,0.9615193,0.9659273,0.010701591,0.0073066265,0.95081771,0.95862068,0.0078029665,0.95188509,0.89654611,5.7805633,5.1825415,False,0.99405485,True,True,True,0.95188509,0.89654611,5.7805633,5.1825415,0.95048146,0.89900811,5.6671307,5.0947964,0.99197647,0.83334294,1.1395359,0.94962422,0.91122139,1.0500775,0.84795895,0.89042264,0.91160401,0.92418174,1.8288816,1.690219,0.95435002,0.91847117,2.7229825,2.5009809,0.95425413,0.89447317,3.0184995,2.6999668,0.96128616,0.8718967,3.395078,2.9601573
0b_baseline_best,file,13,baseline,8949,153.Philadelphia_Vireo/Philadelphia_Vireo_0070_794758.jpg,153,152,153.Philadelphia_Vireo,170,169,identity,identity,0,{},0.88916785,0.88916785,0,0.41099763,0.41099763,0.20021883,0.20021883,0.2107788,0.2107788,0,1,1,115.92132,115.92132,False,1.0000001,True,True,True,1,1,115.92132,115.92132,1,1,114.04303,114.04303,1,1,20.783149,20.783149,1,1,27.382225,27.382225,1,1,57.113668,57.113668,1,1,61.37317,61.37317,1,1,53.829746,53.829746,1,1,48.267468,48.267468
0b_baseline_best,file,13,baseline,8949,153.Philadelphia_Vireo/Philadelphia_Vireo_0070_794758.jpg,153,152,153.Philadelphia_Vireo,170,169,horizontal_flip,horizontal_flip,0,"{""flipped"":true}",0.88916785,0.9765085,0.087340653,0.41099763,0.37662378,0.20021883,0.090985589,0.2107788,0.28563819,0.074859388,0.70453496,0.95306653,115.92132,110.48073,False,0.96095419,True,True,True,0.70453496,0.95306653,115.92132,110.48073,0.69648607,0.94784967,114.04303,108.09565,0.92103425,1.0986053,20.783149,22.832476,0.63786548,0.74972942,27.382225,20.52926,0.72998884,1.0140068,57.113668,57.913645,0.71662689,0.95232683,61.37317,58.447317,0.64310099,0.87617021,53.829746,47.16402,0.70008782,0.98681009,48.267468,47.630824
0b_baseline_best,file,13,baseline,8949,153.Philadelphia_Vireo/Philadelphia_Vireo_0070_794758.jpg,153,152,153.Philadelphia_Vireo,170,169,color_jitter,color_jitter,0,"{""brightness"":0.687831,""contrast"":1.126441,""hue"":-0.042827,""saturation"":0.966725}",0.88916785,0.60389632,-0.28527153,0.41099763,0.54667747,0.20021883,0.015980111,0.2107788,0.53069736,0.31991856,0.64703056,0.58138373,115.92132,67.39477,False,0.91839933,True,True,True,0.64703056,0.58138373,115.92132,67.39477,0.64020839,0.57531125,114.04303,65.610239,0.82648174,0.74128393,20.783149,15.406214,0.45239452,0.5166076,27.382225,14.145866,0.68109632,0.63533589,57.113668,36.286363,0.63410408,0.51770571,61.37317,31.773241,0.62976856,0.52080063,53.829746,28.034565,0.66858524,0.65267011,48.267468,31.502733
0b_baseline_best,file,13,baseline,8949,153.Philadelphia_Vireo/Philadelphia_Vireo_0070_794758.jpg,153,152,153.Philadelphia_Vireo,170,169,rotation,rotation,0,"{""angle"":-8.813803}",0.88916785,1.0881678,0.19899994,0.41099763,0.33683309,0.20021883,0.45798856,0.2107788,-0.12115547,-0.33193427,0.72407919,1.1894231,115.92132,137.8795,False,0.9627918,False,True,False,0.72407919,1.1894231,115.92132,137.8795,0.71794384,1.1879673,114.04303,135.47939,0.90262121,1.2324528,20.783149,25.614249,0.81814009,1.3267721,27.382225,36.329974,0.68631158,1.0279214,57.113668,58.708364,0.69489936,1.1878565,61.37317,72.902519,0.71864098,1.2439595,53.829746,66.962024,0.76664991,1.2753601,48.267468,61.558404
0b_baseline_best,file,13,baseline,8949,153.Philadelphia_Vireo/Philadelphia_Vireo_0070_794758.jpg,153,152,153.Philadelphia_Vireo,170,169,random_resized_crop,random_resized_crop,0,"{""area_fraction"":0.837286,""aspect"":0.991515,""fallback"":false,""height"":0.91894,""left"":0.069121,""top"":0.064025,""width"":0.911143}",0.88916785,1.1811862,0.29201835,0.41099763,0.30691445,0.20021883,0.40079525,0.2107788,-0.093880802,-0.30465961,0.78278151,1.2404954,115.92132,143.79987,False,0.96566486,False,True,False,0.78278151,1.2404954,115.92132,143.79987,0.77756874,1.2398697,114.04303,141.3985,0.93742172,1.2591899,20.783149,26.169932,0.84303231,1.1254462,27.382225,30.817222,0.74396429,1.0881876,57.113668,62.150383,0.78481803,1.3027106,61.37317,79.951479,0.77451273,1.2720395,53.829746,68.473565,0.80262799,1.3266403,48.267468,64.033568
0b_baseline_best,file,13,baseline,8949,153.Philadelphia_Vireo/Philadelphia_Vireo_0070_794758.jpg,153,152,153.Philadelphia_Vireo,170,169,gaussian_blur,gaussian_blur,0,"{""sigma"":1.374693}",0.88916785,1.5973769,0.7082091,0.41099763,0.20242681,0.20021883,0.39453375,0.2107788,-0.19210695,-0.40288575,0.61145191,1.2248757,115.92132,141.98921,False,0.92934996,False,True,False,0.61145191,1.2248757,115.92132,141.98921,0.60046727,1.2170016,114.04303,138.79055,0.8990823,1.4419664,20.783149,29.968602,0.34404546,0.97842292,27.382225,26.791397,0.61336669,1.1231769,57.113668,64.148751,0.54889118,1.1955814,61.37317,73.376618,0.6309517,1.2596389,53.829746,67.80604,0.6926624,1.3817743,48.267468,66.694749
0b_baseline_best,file,13,baseline,8949,153.Philadelphia_Vireo/Philadelphia_Vireo_0070_794758.jpg,153,152,153.Philadelphia_Vireo,170,169,random_erasing,random_erasing,0,"{""area_fraction"":0.195372,""erased"":true,""height"":0.566613,""left"":0.479756,""top"":0.343284,""width"":0.344807}",0.88916785,1.3941692,0.50500137,0.41099763,0.24803901,0.20021883,0.082408123,0.2107788,0.16563088,-0.045147918,0.76587525,0.97679677,115.92132,113.23157,False,0.94181842,True,True,True,0.76587525,0.97679677,115.92132,113.23157,0.76035214,0.96991891,114.04303,110.61249,0.91672845,1.1650259,20.783149,24.212906,0.66228715,0.67671255,27.382225,18.529896,0.78333525,0.92488408,57.113668,52.823522,0.7920276,0.95809192,61.37317,58.801138,0.72522986,0.96801803,53.829746,52.108164,0.76555424,1.1211819,48.267468,54.116613
0b_baseline_best,file,13,baseline,10877,185.Bohemian_Waxwing/Bohemian_Waxwing_0117_177858.jpg,185,184,185.Bohemian_Waxwing,186,185,identity,identity,0,{},6.6323738,6.6323738,0,0.001317033,0.001317033,0.99227846,0.99227846,-0.99096142,-0.99096142,0,1,1,170.00581,170.00581,False,1,True,False,False,1,1,170.00581,170.00581,1,1,165.61315,165.61315,1,1,38.396097,38.396097,1,1,35.390932,35.390932,1,1,78.355254,78.355254,1,1,91.781642,91.781642,1,1,76.215982,76.215982,1,1,76.176798,76.176798
0b_baseline_best,file,13,baseline,10877,185.Bohemian_Waxwing/Bohemian_Waxwing_0117_177858.jpg,185,184,185.Bohemian_Waxwing,186,185,horizontal_flip,horizontal_flip,0,"{""flipped"":true}",6.6323738,6.7127719,0.080398083,0.001317033,0.0012152907,0.99227846,0.99670994,-0.99096142,-0.99549465,-0.0045332283,0.6918567,1.0603559,170.00581,180.26667,False,0.97073328,True,False,False,0.6918567,1.0603559,170.00581,180.26667,0.6775537,1.0626751,165.61315,175.99296,0.97076945,1.0162453,38.396097,39.019851,0.55336471,1.0454435,35.390932,36.999219,0.68378928,1.1007768,78.355254,86.251648,0.69949385,1.0600111,91.781642,97.289561,0.61932101,1.0723718,76.215982,81.73187,0.72730849,1.0185235,76.176798,77.587863
0b_baseline_best,file,13,baseline,10877,185.Bohemian_Waxwing/Bohemian_Waxwing_0117_177858.jpg,185,184,185.Bohemian_Waxwing,186,185,color_jitter,color_jitter,0,"{""brightness"":0.780591,""contrast"":0.864937,""hue"":-0.039339,""saturation"":1.11368}",6.6323738,7.4886756,0.85630178,0.001317033,0.00055938319,0.99227846,0.9922272,-0.99096142,-0.99166781,-0.00070638978,0.77561831,1.0141951,170.00581,172.41905,False,0.95599264,True,False,False,0.77561831,1.0141951,170.00581,172.41905,0.76589456,1.0140587,165.61315,167.94146,0.95605032,1.0167283,38.396097,39.038399,0.61786286,1.0481652,35.390932,37.095543,0.73555858,1.0742598,78.355254,84.173895,0.77905754,0.97420554,91.781642,89.414184,0.7649838,1.0095819,76.215982,76.94628,0.81853367,1.0021069,76.176798,76.337292
0b_baseline_best,file,13,baseline,10877,185.Bohemian_Waxwing/Bohemian_Waxwing_0117_177858.jpg,185,184,185.Bohemian_Waxwing,186,185,rotation,rotation,0,"{""angle"":3.871884}",6.6323738,6.8887534,0.2563796,0.001317033,0.0010191834,0.99227846,0.99577457,-0.99096142,-0.99475538,-0.00379396,0.86553284,1.1240596,170.00581,191.09666,False,0.97992164,True,False,False,0.86553284,1.1240596,170.00581,191.09666,0.86007001,1.1287771,165.61315,186.94032,0.97994592,1.0323704,38.396097,39.638995,0.838769,1.0245884,35.390932,36.261137,0.86837859,1.1397539,78.355254,89.305704,0.87981392,1.1795233,91.781642,108.25858,0.82565516,1.1173439,76.215982,85.159461,0.86283456,1.0732568,76.176798,81.757267
0b_baseline_best,file,13,baseline,10877,185.Bohemian_Waxwing/Bohemian_Waxwing_0117_177858.jpg,185,184,185.Bohemian_Waxwing,186,185,random_resized_crop,random_resized_crop,0,"{""area_fraction"":0.791813,""aspect"":1.030855,""fallback"":false,""height"":0.876421,""left"":0.03716,""top"":0.046112,""width"":0.903462}",6.6323738,7.3270922,0.69471836,0.001317033,0.00065748271,0.99227846,0.99137247,-0.99096142,-0.99071498,0.00024644035,0.8421645,1.0401828,170.00581,176.83712,False,0.9847523,True,False,False,0.8421645,1.0401828,170.00581,176.83712,0.83447765,1.0400314,165.61315,172.24287,0.98477047,1.0429965,38.396097,40.046996,0.75351578,1.1568383,35.390932,40.941586,0.85161309,1.0436613,78.355254,81.776343,0.85069383,1.0691945,91.781642,98.132431,0.80884698,0.99974254,76.215982,76.19636,0.83903756,1.0056073,76.176798,76.603941
0b_baseline_best,file,13,baseline,10877,185.Bohemian_Waxwing/Bohemian_Waxwing_0117_177858.jpg,185,184,185.Bohemian_Waxwing,186,185,gaussian_blur,gaussian_blur,0,"{""sigma"":1.769557}",6.6323738,5.283618,-1.3487558,0.001317033,0.0050740405,0.99227846,0.11532865,-0.99096142,-0.11025461,0.88070681,0.24165445,0.61938974,170.00581,105.29985,False,0.84077358,False,False,False,0.24165445,0.61938974,170.00581,105.29985,0.21955738,0.61895519,165.61315,102.50712,0.64723219,0.62741942,38.396097,24.090457,0.13377525,0.65159333,35.390932,23.060495,0.19509658,0.58449935,78.355254,45.798595,0.20605788,0.52985444,91.781642,48.63091,0.22244662,0.68811066,76.215982,52.44503,0.27700036,0.69002519,76.176798,52.563909
0b_baseline_best,file,13,baseline,10877,185.Bohemian_Waxwing/Bohemian_Waxwing_0117_177858.jpg,185,184,185.Bohemian_Waxwing,186,185,random_erasing,random_erasing,0,"{""area_fraction"":0.144747,""erased"":true,""height"":0.291106,""left"":0.0562,""top"":0.02073,""width"":0.497233}",6.6323738,6.8318543,0.19948053,0.001317033,0.0010788558,0.99227846,0.9873634,-0.99096142,-0.98628454,0.0046768815,0.88156175,0.92074122,170.00581,156.53135,False,0.97323024,True,False,False,0.88156175,0.92074122,170.00581,156.53135,0.87644734,0.91843285,165.61315,152.10455,0.973263,0.96267825,38.396097,36.963088,0.81154767,0.95795874,35.390932,33.903053,0.87215683,0.83440898,78.355254,65.380327,0.89878236,0.90156397,91.781642,82.747021,0.85716677,0.94974169,76.215982,72.385496,0.88943036,0.98455712,76.176798,75.000409
0b_baseline_best,file,13,baseline,11558,197.Marsh_Wren/Marsh_Wren_0008_188533.jpg,197,196,197.Marsh_Wren,196,195,identity,identity,0,{},0.00081958552,0.00081958552,0,0.99918073,0.99918073,0.00018448723,0.00018448723,0.99899625,0.99899625,0,1,1,0.13051226,0.13051226,False,1.0000001,True,True,True,1,1,0.13051226,0.13051226,1,1,0.12689385,0.12689385,1,1,0.030518847,0.030518847,1,1,0.024509033,0.024509033,1,1,0.055329761,0.055329761,1,1,0.061763818,0.061763818,1,1,0.059328519,0.059328519,1,1,0.071451607,0.071451607
0b_baseline_best,file,13,baseline,11558,197.Marsh_Wren/Marsh_Wren_0008_188533.jpg,197,196,197.Marsh_Wren,196,195,horizontal_flip,horizontal_flip,0,"{""flipped"":true}",0.00081958552,0.0018296184,0.0010100328,0.99918073,0.99817204,0.00018448723,0.00020530146,0.99899625,0.99796674,-0.0010295036,0.66115882,2.0673311,0.13051226,0.26981205,False,0.97412264,True,True,True,0.66115882,2.0673311,0.13051226,0.26981205,0.64413494,2.0698007,0.12689385,0.26264498,0.96225914,2.0241607,0.030518847,0.061775051,0.51945766,1.7864562,0.024509033,0.043784314,0.49497819,1.9209142,0.055329761,0.10628373,0.61615156,2.1534513,0.061763818,0.13300537,0.62239696,2.1000446,0.059328519,0.12459254,0.77693203,2.1019041,0.071451607,0.15018443
0b_baseline_best,file,13,baseline,11558,197.Marsh_Wren/Marsh_Wren_0008_188533.jpg,197,196,197.Marsh_Wren,196,195,color_jitter,color_jitter,0,"{""brightness"":1.350379,""contrast"":1.275284,""hue"":0.075675,""saturation"":0.730537}",0.00081958552,0.26344177,0.26262219,0.99918073,0.7684024,0.00018448723,0.00076619058,0.99899625,0.76763621,-0.23136004,0.49743442,378.81205,0.13051226,49.439616,False,0.85212386,True,True,True,0.49743442,378.81205,0.13051226,49.439616,0.48521629,383.00701,0.12689385,48.601235,0.78520866,297.06806,0.030518847,9.0661747,0.35739253,403.04545,0.024509033,9.8782541,0.52060762,423.16283,0.055329761,23.413498,0.45119149,457.39335,0.061763818,28.250359,0.45406569,372.39256,0.059328519,22.093499,0.57296117,290.25126,0.071451607,20.738919
0b_baseline_best,file,13,baseline,11558,197.Marsh_Wren/Marsh_Wren_0008_188533.jpg,197,196,197.Marsh_Wren,196,195,rotation,rotation,0,"{""angle"":-7.002569}",0.00081958552,0.0039738035,0.003154218,0.99918073,0.99603409,0.00018448723,0.0016165432,0.99899625,0.99441754,-0.0045787043,0.69040754,4.6083503,0.13051226,0.60144621,False,0.96320254,True,True,True,0.69040754,4.6083503,0.13051226,0.60144621,0.6748523,4.5872016,0.12689385,0.58208769,0.94110936,4.9597341,0.030518847,0.15136536,0.55738631,4.4887034,0.024509033,0.11001378,0.48037861,3.9475585,0.055329761,0.21841747,0.60784391,4.7692669,0.061763818,0.29456813,0.71682055,4.7998784,0.059328519,0.28476968,0.81308467,4.6660351,0.071451607,0.33339571
0b_baseline_best,file,13,baseline,11558,197.Marsh_Wren/Marsh_Wren_0008_188533.jpg,197,196,197.Marsh_Wren,196,195,random_resized_crop,random_resized_crop,0,"{""area_fraction"":0.800848,""aspect"":1.076082,""fallback"":false,""height"":0.862685,""left"":0.064373,""top"":0.039999,""width"":0.92832}",0.00081958552,0.0018421124,0.0010225269,0.99918073,0.99815959,0.00018448723,0.00043690196,0.99899625,0.99772269,-0.0012735615,0.78381824,2.3772943,0.13051226,0.31026605,False,0.97552681,True,True,True,0.78381824,2.3772943,0.13051226,0.31026605,0.77527305,2.3958647,0.12689385,0.3040205,0.96851566,2.0295652,0.030518847,0.061939988,0.82842651,2.6755804,0.024509033,0.065575887,0.77712433,2.3933815,0.055329761,0.13242523,0.75717899,2.6833046,0.061763818,0.16573114,0.72474549,2.2663182,0.059328519,0.1344573,0.82696147,2.2149266,0.071451607,0.15826007
0b_baseline_best,file,13,baseline,11558,197.Marsh_Wren/Marsh_Wren_0008_188533.jpg,197,196,197.Marsh_Wren,196,195,gaussian_blur,gaussian_blur,0,"{""sigma"":1.551466}",0.00081958552,0.043490816,0.04267123,0.99918073,0.95744133,0.00018448723,0.0020321843,0.99899625,0.95540915,-0.043587101,0.38604903,67.635306,0.13051226,8.8272365,False,0.85479903,True,True,True,0.38604903,67.635306,0.13051226,8.8272365,0.37271821,68.800053,0.12689385,8.7303038,0.79990195,42.746342,0.030518847,1.3045691,0.028396614,77.431303,0.024509033,1.8977664,0.0035120588,72.554252,0.055329761,4.0144094,0.37377881,79.980926,0.061763818,4.9399273,0.51879201,70.389406,0.059328519,4.1760992,0.61493918,53.583739,0.071451607,3.8286443
0b_baseline_best,file,13,baseline,11558,197.Marsh_Wren/Marsh_Wren_0008_188533.jpg,197,196,197.Marsh_Wren,196,195,random_erasing,random_erasing,0,"{""area_fraction"":0.130477,""erased"":true,""height"":0.322762,""left"":0.045123,""top"":0.281877,""width"":0.404251}",0.00081958552,0.0037386776,0.0029190921,0.99918073,0.99626833,0.00018448723,0.00045257114,0.99899625,0.99581576,-0.0031804861,0.67806101,5.2332341,0.13051226,0.6830012,False,0.93936872,True,True,True,0.67806101,5.2332341,0.13051226,0.6830012,0.66859967,5.2929363,0.12689385,0.67164108,0.91379307,4.0647684,0.030518847,0.12405204,0.83872748,5.706849,0.024509033,0.13986935,0.70127251,6.0221162,0.055329761,0.33320225,0.62838984,5.7897362,0.061763818,0.35759621,0.60221077,5.0999449,0.059328519,0.30257218,0.72584836,4.4498074,0.071451607,0.31794589
0b_baseline_best,file,13,baseline,10353,176.Prairie_Warbler/Prairie_Warbler_0020_173359.jpg,176,175,176.Prairie_Warbler,182,181,identity,identity,0,{},0.040306609,0.040306609,0,0.96049488,0.96049488,0.0046539675,0.0046539675,0.95584091,0.95584091,0,1,1,5.9616791,5.9616791,False,1,True,True,True,1,1,5.9616791,5.9616791,1,1,5.8808023,5.8808023,1,1,0.97866349,0.97866349,1,1,1.1029773,1.1029773,1,1,2.4905524,2.4905524,1,1,3.1621692,3.1621692,1,1,2.9149073,2.9149073,1,1,2.9442191,2.9442191
0b_baseline_best,file,13,baseline,10353,176.Prairie_Warbler/Prairie_Warbler_0020_173359.jpg,176,175,176.Prairie_Warbler,182,181,horizontal_flip,horizontal_flip,0,"{""flipped"":true}",0.040306609,0.074091643,0.033785034,0.96049488,0.9285866,0.0046539675,0.0094583714,0.95584091,0.91912823,-0.036712678,0.76669036,1.8899953,5.9616791,11.267546,False,0.97520256,True,True,True,0.76669036,1.8899953,5.9616791,11.267546,0.76173869,1.895259,5.8808023,11.145644,0.97229637,1.6889768,0.97866349,1.6529399,0.72987173,1.9925218,1.1029773,2.1977063,0.80397814,1.9517489,2.4905524,4.860933,0.78044325,1.8821916,3.1621692,5.9518084,0.69740363,1.8279337,2.9149073,5.3282572,0.77546794,1.9199146,2.9442191,5.6526492
0b_baseline_best,file,13,baseline,10353,176.Prairie_Warbler/Prairie_Warbler_0020_173359.jpg,176,175,176.Prairie_Warbler,182,181,color_jitter,color_jitter,0,"{""brightness"":1.207866,""contrast"":0.655979,""hue"":-0.034457,""saturation"":1.082705}",0.040306609,0.12532037,0.085013766,0.96049488,0.88221419,0.0046539675,0.010033942,0.95584091,0.87218025,-0.083660662,0.79885628,3.2464201,5.9616791,19.354115,False,0.9639616,True,True,True,0.79885628,3.2464201,5.9616791,19.354115,0.79503359,3.2558353,5.8808023,19.146924,0.9602544,2.8859473,0.97866349,2.8243713,0.77941877,3.3832482,1.1029773,3.7316459,0.78361352,3.6336235,2.4905524,9.0497299,0.8140275,3.6550454,3.1621692,11.557872,0.77120358,2.9078294,2.9149073,8.4760533,0.83378231,2.7457814,2.9442191,8.0841822
0b_baseline_best,file,13,baseline,10353,176.Prairie_Warbler/Prairie_Warbler_0020_173359.jpg,176,175,176.Prairie_Warbler,182,181,rotation,rotation,0,"{""angle"":13.513442}",0.040306609,0.046392843,0.006086234,0.96049488,0.95466685,0.0046539675,0.0012481452,0.95584091,0.95341871,-0.0024222007,0.79617246,1.1168171,5.9616791,6.6581051,False,0.97158325,True,True,True,0.79617246,1.1168171,5.9616791,6.6581051,0.79227411,1.1151532,5.8808023,6.5579957,0.93079741,1.1753186,0.97866349,1.1502414,0.72574835,1.1493522,1.1029773,1.2677094,0.82052804,1.0650568,2.4905524,2.6525797,0.80998818,1.1439329,3.1621692,3.6173093,0.75016544,1.1008869,2.9149073,3.2089834,0.80329674,1.1255415,2.9442191,3.3138408
0b_baseline_best,file,13,baseline,10353,176.Prairie_Warbler/Prairie_Warbler_0020_173359.jpg,176,175,176.Prairie_Warbler,182,181,random_resized_crop,random_resized_crop,0,"{""area_fraction"":0.805724,""aspect"":0.930156,""fallback"":false,""height"":0.930712,""left"":0.089473,""top"":0.007155,""width"":0.865707}",0.040306609,0.148221,0.10791439,0.96049488,0.86224055,0.0046539675,0.01324827,0.95584091,0.84899228,-0.10684863,0.85891073,3.6013927,5.9616791,21.470348,False,0.9733789,True,True,True,0.85891073,3.6013927,5.9616791,21.470348,0.85589405,3.6045582,5.8808023,21.197694,0.97204393,3.4851654,0.97866349,3.4108041,0.86145226,4.2975321,1.1029773,4.7400803,0.89650191,4.1922446,2.4905524,10.441005,0.86631313,3.6750661,3.1621692,11.621181,0.82704609,3.3671015,2.9149073,9.8147887,0.85401907,3.1585018,2.9442191,9.2993215
0b_baseline_best,file,13,baseline,10353,176.Prairie_Warbler/Prairie_Warbler_0020_173359.jpg,176,175,176.Prairie_Warbler,182,181,gaussian_blur,gaussian_blur,0,"{""sigma"":1.36334}",0.040306609,0.1365855,0.096278895,0.96049488,0.87233174,0.0046539675,0.017749015,0.95584091,0.85458272,-0.10125819,0.83941573,3.4111391,5.9616791,20.336117,False,0.96456659,True,True,True,0.83941573,3.4111391,5.9616791,20.336117,0.8364526,3.4172711,5.8808023,20.096296,0.95641286,3.1818158,0.97866349,3.113927,0.75164489,4.3496401,1.1029773,4.7975543,0.83547381,3.9528434,2.4905524,9.8447637,0.87034282,3.3888887,3.1621692,10.71624,0.81533565,3.3145107,2.9149073,9.6614916,0.8561198,2.9559773,2.9442191,8.703045
0b_baseline_best,file,13,baseline,10353,176.Prairie_Warbler/Prairie_Warbler_0020_173359.jpg,176,175,176.Prairie_Warbler,182,181,random_erasing,random_erasing,0,"{""area_fraction"":0.159329,""erased"":true,""height"":0.401449,""left"":0.141905,""top"":0.38848,""width"":0.396885}",0.040306609,0.81040156,0.77009495,0.96049488,0.44467947,0.0046539675,0.0071342927,0.95584091,0.43754518,-0.51829573,0.70186081,12.459351,5.9616791,74.278654,False,0.89447707,True,True,True,0.70186081,12.459351,5.9616791,74.278654,0.6965337,12.419688,5.8808023,73.03773,0.8786451,13.815439,0.97866349,13.520666,0.69839375,12.23038,1.1029773,13.489831,0.74367793,11.575213,2.4905524,28.828676,0.70018386,13.479434,3.1621692,42.624251,0.6505021,12.332084,2.9149073,35.946882,0.71064042,11.826587,2.9442191,34.820064
0b_baseline_best,file,13,baseline,5997,103.Sayornis/Sayornis_0098_98419.jpg,103,102,103.Sayornis,76,75,identity,identity,0,{},2.149909,2.149909,0,0.11649477,0.11649477,0.46178815,0.46178815,-0.34529338,-0.34529338,0,1,1,148.45306,148.45306,False,1,True,False,False,1,1,148.45306,148.45306,1,1,145.05558,145.05558,1,1,31.578329,31.578329,1,1,40.276623,40.276623,1,1,64.294868,64.294868,1,1,79.228214,79.228214,1,1,67.689386,67.689386,1,1,66.529096,66.529096
0b_baseline_best,file,13,baseline,5997,103.Sayornis/Sayornis_0098_98419.jpg,103,102,103.Sayornis,76,75,horizontal_flip,horizontal_flip,0,"{""flipped"":true}",2.149909,2.3439679,0.1940589,0.11649477,0.095946178,0.46178815,0.18448098,-0.34529338,-0.088534802,0.25675858,0.40860437,1.0445753,148.45306,155.0704,False,0.96534443,False,False,False,0.40860437,1.0445753,148.45306,155.0704,0.38589384,1.0420713,145.05558,151.15826,0.86469125,1.0960769,31.578329,34.612278,-0.14221185,0.74557188,40.276623,30.029117,0.21688702,1.1099107,64.294868,71.361563,0.47524845,1.1267608,79.228214,89.271248,0.39223172,1.0065004,67.689386,68.129391,0.56945254,0.97916769,66.529096,65.143142
0b_baseline_best,file,13,baseline,5997,103.Sayornis/Sayornis_0098_98419.jpg,103,102,103.Sayornis,76,75,color_jitter,color_jitter,0,"{""brightness"":1.26965,""contrast"":0.672296,""hue"":-0.039911,""saturation"":1.084101}",2.149909,3.1489267,0.99901772,0.11649477,0.042898141,0.46178815,0.67739439,-0.34529338,-0.63449625,-0.28920287,0.85004695,1.1849254,148.45306,175.9058,False,0.97667938,True,False,False,0.85004695,1.1849254,148.45306,175.9058,0.84482562,1.1865493,145.05558,172.11559,0.96410319,1.1501257,31.578329,36.319048,0.7893453,0.80077656,40.276623,32.252575,0.77685803,1.2702597,64.294868,81.671183,0.88274387,1.2361545,79.228214,97.938312,0.85818509,1.1381069,67.689386,77.037755,0.87698867,1.2012255,66.529096,79.916445
0b_baseline_best,file,13,baseline,5997,103.Sayornis/Sayornis_0098_98419.jpg,103,102,103.Sayornis,76,75,rotation,rotation,0,"{""angle"":3.268407}",2.149909,2.6050715,0.45516253,0.11649477,0.073897846,0.46178815,0.42854127,-0.34529338,-0.35464343,-0.0093500465,0.86452503,1.1476611,148.45306,170.37381,False,0.9775216,True,False,False,0.86452503,1.1476611,148.45306,170.37381,0.8599361,1.1500789,145.05558,166.82535,0.96716773,1.095402,31.578329,34.590964,0.827279,1.1249819,40.276623,45.310472,0.85153856,1.1210387,64.294868,72.077033,0.87224519,1.2140197,79.228214,96.18461,0.85614174,1.1503515,67.689386,77.866586,0.86858761,1.0909534,66.529096,72.580142
0b_baseline_best,file,13,baseline,5997,103.Sayornis/Sayornis_0098_98419.jpg,103,102,103.Sayornis,76,75,random_resized_crop,random_resized_crop,0,"{""area_fraction"":0.701176,""aspect"":0.820685,""fallback"":false,""height"":0.924326,""left"":0.052298,""top"":0.048903,""width"":0.758581}",2.149909,2.199322,0.049412966,0.11649477,0.11087831,0.46178815,0.54688913,-0.34529338,-0.43601082,-0.090717435,0.7719244,1.1974107,148.45306,177.75928,False,0.96305954,True,False,False,0.7719244,1.1974107,148.45306,177.75928,0.76492754,1.2053774,145.05558,174.84671,0.95829472,1.0148313,31.578329,32.046677,0.67935358,1.2197526,40.276623,49.127513,0.70566386,1.2967247,64.294868,83.372746,0.8107317,1.1740302,79.228214,93.016315,0.75040965,1.185344,67.689386,80.235208,0.81165367,1.1756062,66.529096,78.212019
0b_baseline_best,file,13,baseline,5997,103.Sayornis/Sayornis_0098_98419.jpg,103,102,103.Sayornis,76,75,gaussian_blur,gaussian_blur,0,"{""sigma"":1.830012}",2.149909,4.0888686,1.9389596,0.11649477,0.016758185,0.46178815,0.13087188,-0.34529338,-0.11411369,0.23117969,0.24970873,0.91895375,148.45306,136.4215,False,0.79813004,False,False,False,0.24970873,0.91895375,148.45306,136.4215,0.22689692,0.91799644,145.05558,133.1605,0.72037791,0.93892591,31.578329,29.649712,-0.41763423,0.95172764,40.276623,38.332375,0.033597194,1.0223939,64.294868,65.73468,0.36139881,0.84400235,79.228214,66.868798,0.28885707,0.88235296,67.689386,59.72593,0.43381531,0.93900886,66.529096,62.471411
0b_baseline_best,file,13,baseline,5997,103.Sayornis/Sayornis_0098_98419.jpg,103,102,103.Sayornis,76,75,random_erasing,random_erasing,0,"{""area_fraction"":0.09646,""erased"":true,""height"":0.250472,""left"":0.574652,""top"":0.260988,""width"":0.385115}",2.149909,3.2285755,1.0786664,0.11649477,0.039613891,0.46178815,0.76617128,-0.34529338,-0.72655739,-0.381264,0.88785156,1.1872262,148.45306,176.24736,False,0.96982121,True,False,False,0.88785156,1.1872262,148.45306,176.24736,0.8851206,1.1843793,145.05558,171.80082,0.94371607,1.2457802,31.578329,39.339659,0.95445991,1.058854,40.276623,42.647063,0.89402061,1.1988679,64.294868,77.081053,0.90991537,1.153514,79.228214,91.390857,0.86203265,1.2093056,67.689386,81.857153,0.84874659,1.2305603,66.529096,81.868061
0b_baseline_best,file,13,baseline,3787,066.Western_Gull/Western_Gull_0131_53349.jpg,66,65,066.Western_Gull,65,64,identity,identity,0,{},3.6362095,3.6362095,0,0.026352042,0.026352042,0.48329315,0.48329315,-0.4569411,-0.4569411,0,1,1,162.49544,162.49544,False,1,True,False,False,1,1,162.49544,162.49544,1,1,158.76587,158.76587,1,1,34.614545,34.614545,1,1,32.761274,32.761274,1,1,74.639356,74.639356,1,1,90.512483,90.512483,1,1,72.744693,72.744693,1,1,71.259858,71.259858
0b_baseline_best,file,13,baseline,3787,066.Western_Gull/Western_Gull_0131_53349.jpg,66,65,066.Western_Gull,65,64,horizontal_flip,horizontal_flip,0,"{""flipped"":true}",3.6362095,3.3555329,-0.2806766,0.026352042,0.034890771,0.48329315,0.41241729,-0.4569411,-0.37752652,0.079414582,0.71408619,0.95656087,162.49544,155.43678,False,0.96088749,True,False,False,0.71408619,0.95656087,162.49544,155.43678,0.70216198,0.9548778,158.76587,151.60201,0.95620187,0.99130648,34.614545,34.313623,0.52653731,1.1703506,32.761274,38.342175,0.7063105,0.97082853,74.639356,72.462016,0.72208959,0.92487167,90.512483,83.712431,0.67425869,0.93644801,72.744693,68.121623,0.74506636,0.95321898,71.259858,67.926249
0b_baseline_best,file,13,baseline,3787,066.Western_Gull/Western_Gull_0131_53349.jpg,66,65,066.Western_Gull,65,64,color_jitter,color_jitter,0,"{""brightness"":1.241338,""contrast"":1.129572,""hue"":-0.02736,""saturation"":1.13678}",3.6362095,5.2987132,1.6625037,0.026352042,0.0049980208,0.48329315,0.10075432,-0.4569411,-0.0957563,0.3611848,0.65631009,1.0594722,162.49544,172.15941,False,0.92382717,False,False,False,0.65631009,1.0594722,162.49544,172.15941,0.64960708,1.0679492,158.76587,169.55389,0.84556323,0.86202462,34.614545,29.83859,0.64023191,1.6385698,32.761274,53.681634,0.66776277,1.0934924,74.639356,81.617568,0.68818831,0.98625563,90.512483,89.268446,0.63197344,1.0616003,72.744693,77.225789,0.61501451,1.0189937,71.259858,72.613344
0b_baseline_best,file,13,baseline,3787,066.Western_Gull/Western_Gull_0131_53349.jpg,66,65,066.Western_Gull,65,64,rotation,rotation,0,"{""angle"":-9.637193}",3.6362095,4.201025,0.56481552,0.026352042,0.014980213,0.48329315,0.56271559,-0.4569411,-0.54773538,-0.090794274,0.72833201,1.120717,162.49544,182.1114,False,0.94847167,True,False,False,0.72833201,1.120717,162.49544,182.1114,0.71912714,1.1247612,158.76587,178.57369,0.94198156,1.0319691,34.614545,35.721139,0.11662672,1.5768153,32.761274,51.658479,0.73544293,1.0431547,74.639356,77.860396,0.79135811,1.083975,90.512483,98.113269,0.72763373,1.1697774,72.744693,85.095095,0.775877,1.1129918,71.259858,79.311636
0b_baseline_best,file,13,baseline,3787,066.Western_Gull/Western_Gull_0131_53349.jpg,66,65,066.Western_Gull,65,64,random_resized_crop,random_resized_crop,0,"{""area_fraction"":0.596148,""aspect"":1.265558,""fallback"":false,""height"":0.686335,""left"":0.009683,""top"":0.15204,""width"":0.868596}",3.6362095,5.2803698,1.6441603,0.026352042,0.0050905487,0.48329315,0.39160287,-0.4569411,-0.38651233,0.070428778,0.67836738,1.2130578,162.49544,197.11637,False,0.90718079,True,False,False,0.67836738,1.2130578,162.49544,197.11637,0.67153238,1.2225175,158.76587,194.09406,0.86944071,0.99338078,34.614545,34.385424,0.3244416,1.7409435,32.761274,57.035527,0.69172054,1.2074281,74.639356,90.121657,0.76880342,1.1987098,90.512483,108.4982,0.64792822,1.2184887,72.744693,88.638589,0.63695058,1.1459919,71.259858,81.663218
0b_baseline_best,file,13,baseline,3787,066.Western_Gull/Western_Gull_0131_53349.jpg,66,65,066.Western_Gull,65,64,gaussian_blur,gaussian_blur,0,"{""sigma"":1.87248}",3.6362095,4.308877,0.6726675,0.026352042,0.013448645,0.48329315,0.33681372,-0.4569411,-0.32336507,0.13357603,0.6029469,0.9714411,162.49544,157.85475,False,0.85682273,True,False,False,0.6029469,0.9714411,162.49544,157.85475,0.59357391,0.97756648,158.76587,155.20419,0.84210439,0.83219091,34.614545,28.80591,-0.1374803,1.444543,32.761274,47.325067,0.59590349,0.90264701,74.639356,67.372991,0.67863742,0.97417628,90.512483,88.175114,0.64365898,1.0242442,72.744693,74.508328,0.65327046,0.88567035,71.259858,63.112743
0b_baseline_best,file,13,baseline,3787,066.Western_Gull/Western_Gull_0131_53349.jpg,66,65,066.Western_Gull,65,64,random_erasing,random_erasing,0,"{""area_fraction"":0.085616,""erased"":true,""height"":0.347748,""left"":0.537862,""top"":0.147254,""width"":0.246201}",3.6362095,2.0864491,-1.5497603,0.026352042,0.1241271,0.48329315,0.29425871,-0.4569411,-0.17013162,0.28680949,0.74141678,0.86371266,162.49544,140.34937,False,0.93507224,False,False,False,0.74141678,0.86371266,162.49544,140.34937,0.7341334,0.86453792,158.76587,137.25912,0.89813249,0.84616464,34.614545,29.289604,0.45988618,1.0101445,32.761274,33.093619,0.66990929,0.76603071,74.639356,57.176039,0.80886584,0.8783868,90.512483,79.50497,0.72466404,0.88671173,72.744693,64.503572,0.75934108,0.88687115,71.259858,63.198312
0b_baseline_best,file,13,baseline,11232,191.Red_headed_Woodpecker/Red_Headed_Woodpecker_0013_182721.jpg,191,190,191.Red_headed_Woodpecker,188,187,identity,identity,0,{},0.49787834,0.49787834,0,0.6078189,0.6078189,0.31363633,0.31363633,0.29418257,0.29418257,0,1,1,57.408662,57.408662,False,1,True,True,True,1,1,57.408662,57.408662,1,1,56.338997,56.338997,1,1,11.030499,11.030499,1,1,13.300149,13.300149,1,1,26.319044,26.319044,1,1,25.903201,25.903201,1,1,25.794906,25.794906,1,1,31.115005,31.115005
0b_baseline_best,file,13,baseline,11232,191.Red_headed_Woodpecker/Red_Headed_Woodpecker_0013_182721.jpg,191,190,191.Red_headed_Woodpecker,188,187,horizontal_flip,horizontal_flip,0,"{""flipped"":true}",0.49787834,0.48820221,-0.0096761286,0.6078189,0.61372876,0.31363633,0.35467833,0.29418257,0.25905043,-0.03513214,0.70840315,1.1321236,57.408662,64.993699,False,0.96953034,True,True,True,0.70840315,1.1321236,57.408662,64.993699,0.69784371,1.1290702,56.338997,63.610683,0.96724042,1.209056,11.030499,13.33649,0.68885207,0.96241309,13.300149,12.800237,0.70263125,1.0981427,26.319044,28.902066,0.68223528,1.1364026,25.903201,29.436465,0.61748457,1.2265483,25.794906,31.6387,0.7720029,1.1038324,31.115005,34.345752
0b_baseline_best,file,13,baseline,11232,191.Red_headed_Woodpecker/Red_Headed_Woodpecker_0013_182721.jpg,191,190,191.Red_headed_Woodpecker,188,187,color_jitter,color_jitter,0,"{""brightness"":0.771749,""contrast"":1.385232,""hue"":0.043243,""saturation"":1.119682}",0.49787834,0.22479129,-0.27308705,0.6078189,0.79868287,0.31363633,0.10043569,0.29418257,0.69824718,0.40406461,0.78249046,0.42803216,57.408662,24.572754,False,0.97494668,True,True,True,0.78249046,0.42803216,57.408662,24.572754,0.77560875,0.42694639,56.338997,24.053732,0.95235212,0.45544328,11.030499,5.0237665,0.3930116,0.3882614,13.300149,5.1639344,0.75375741,0.410684,26.319044,10.80881,0.81939737,0.4312386,25.903201,11.17046,0.78273367,0.43557599,25.794906,11.235642,0.81894463,0.43603123,31.115005,13.567114
0b_baseline_best,file,13,baseline,11232,191.Red_headed_Woodpecker/Red_Headed_Woodpecker_0013_182721.jpg,191,190,191.Red_headed_Woodpecker,188,187,rotation,rotation,0,"{""angle"":-0.174229}",0.49787834,0.36476955,-0.13310879,0.6078189,0.69435662,0.31363633,0.23717441,0.29418257,0.45718221,0.16299964,0.96640042,0.80257967,57.408662,46.075025,False,0.99592978,True,True,True,0.96640042,0.80257967,57.408662,46.075025,0.9652998,0.80312027,56.338997,45.246991,0.99581107,0.78834601,11.030499,8.6958496,0.96652686,0.92063312,13.300149,12.244557,0.96997359,0.81417963,26.319044,21.42843,0.96334497,0.81547704,25.903201,21.123465,0.95630295,0.78021342,25.794906,20.125532,0.97199088,0.77862622,31.115005,24.226959
0b_baseline_best,file,13,baseline,11232,191.Red_headed_Woodpecker/Red_Headed_Woodpecker_0013_182721.jpg,191,190,191.Red_headed_Woodpecker,188,187,random_resized_crop,random_resized_crop,0,"{""area_fraction"":0.768216,""aspect"":1.286726,""fallback"":false,""height"":0.772678,""left"":0.003281,""top"":0.116914,""width"":0.994225}",0.49787834,0.22304571,-0.27483264,0.6078189,0.80007827,0.31363633,0.13060749,0.29418257,0.66947079,0.37528822,0.75708122,0.4954324,57.408662,28.442111,False,0.95895052,True,True,True,0.75708122,0.4954324,57.408662,28.442111,0.74875687,0.49254636,56.338997,27.749568,0.95314563,0.56554135,11.030499,6.238203,0.84514827,0.56114561,13.300149,7.4633201,0.74447325,0.47472356,26.319044,12.49427,0.73512159,0.52897673,25.903201,13.70219,0.70490011,0.4939717,25.794906,12.741954,0.7781347,0.46365007,31.115005,14.426475
0b_baseline_best,file,13,baseline,11232,191.Red_headed_Woodpecker/Red_Headed_Woodpecker_0013_182721.jpg,191,190,191.Red_headed_Woodpecker,188,187,gaussian_blur,gaussian_blur,0,"{""sigma"":1.725529}",0.49787834,0.29928198,-0.19859636,0.6078189,0.74135035,0.31363633,0.092815332,0.29418257,0.64853502,0.35435245,0.59300241,0.60069929,57.408662,34.485343,False,0.88353145,True,True,True,0.59300241,0.60069929,57.408662,34.485343,0.5841489,0.60152306,56.338997,33.889206,0.83345939,0.57879552,11.030499,6.3844031,0.37828404,0.64778147,13.300149,8.61559,0.55611902,0.5656078,26.319044,14.886257,0.58630813,0.63528528,25.903201,16.455922,0.55168272,0.6251664,25.794906,16.126109,0.67125472,0.57653207,31.115005,17.938798
0b_baseline_best,file,13,baseline,11232,191.Red_headed_Woodpecker/Red_Headed_Woodpecker_0013_182721.jpg,191,190,191.Red_headed_Woodpecker,188,187,random_erasing,random_erasing,0,"{""area_fraction"":0.16062,""erased"":true,""height"":0.609697,""left"":0.672729,""top"":0.018281,""width"":0.263443}",0.49787834,0.82247996,0.32460162,0.6078189,0.43934074,0.31363633,0.51666623,0.29418257,-0.077325493,-0.37150806,0.932371,1.6664068,57.408662,95.666185,False,0.97464418,False,True,False,0.932371,1.6664068,57.408662,95.666185,0.93089455,1.6679781,56.338997,93.972216,0.97221706,1.6248779,11.030499,17.923213,0.95169558,1.6937237,13.300149,22.526777,0.94647052,1.6701091,26.319044,43.955674,0.93642598,1.6948704,25.903201,43.902567,0.92290067,1.6468265,25.794906,42.479736,0.91749508,1.6573349,31.115005,51.567984
0b_baseline_best,file,13,baseline,4848,083.White_breasted_Kingfisher/White_Breasted_Kingfisher_0118_73511.jpg,83,82,083.White_breasted_Kingfisher,31,30,identity,identity,0,{},0.72699451,0.72699451,0,0.48335955,0.48335955,0.10532009,0.10532009,0.37803946,0.37803946,0,1,1,83.593396,83.593396,False,0.99999994,True,True,True,1,1,83.593396,83.593396,1,1,82.407827,82.407827,1,1,14.028752,14.028752,1,1,16.453555,16.453555,1,1,39.72924,39.72924,1,1,45.586474,45.586474,1,1,39.710658,39.710658,1,1,35.872761,35.872761
0b_baseline_best,file,13,baseline,4848,083.White_breasted_Kingfisher/White_Breasted_Kingfisher_0118_73511.jpg,83,82,083.White_breasted_Kingfisher,31,30,horizontal_flip,horizontal_flip,0,"{""flipped"":true}",0.72699451,0.089312933,-0.63768158,0.48335955,0.9145593,0.10532009,0.027928203,0.37803946,0.8866311,0.50859164,0.64548899,0.15094371,83.593396,12.617898,False,0.94653642,True,True,True,0.64548899,0.15094371,83.593396,12.617898,0.63635936,0.150463,82.407827,12.399329,0.93314154,0.16668427,14.028752,2.3383723,0.61473184,0.15819432,16.453555,2.602859,0.54721895,0.13404191,39.72924,5.3253833,0.68689228,0.15740625,45.586474,7.175596,0.62651807,0.14929593,39.710658,5.9286396,0.67019558,0.1576203,35.872761,5.6542753
0b_baseline_best,file,13,baseline,4848,083.White_breasted_Kingfisher/White_Breasted_Kingfisher_0118_73511.jpg,83,82,083.White_breasted_Kingfisher,31,30,color_jitter,color_jitter,0,"{""brightness"":1.289972,""contrast"":0.751762,""hue"":-0.020454,""saturation"":1.089121}",0.72699451,0.41755137,-0.30944315,0.48335955,0.65865767,0.10532009,0.057231333,0.37803946,0.60142634,0.22338688,0.87394332,0.59816126,83.593396,50.002331,False,0.97526932,True,True,True,0.87394332,0.59816126,83.593396,50.002331,0.87095149,0.5958455,82.407827,49.102333,0.97162917,0.6732072,14.028752,9.4442567,0.8038747,0.46102447,16.453555,7.5854914,0.86271651,0.56012252,39.72924,22.253242,0.87251664,0.58734232,45.586474,26.774865,0.87626516,0.60818999,39.710658,24.151625,0.89183494,0.65855269,35.872761,23.624103
0b_baseline_best,file,13,baseline,4848,083.White_breasted_Kingfisher/White_Breasted_Kingfisher_0118_73511.jpg,83,82,083.White_breasted_Kingfisher,31,30,rotation,rotation,0,"{""angle"":5.601364}",0.72699451,0.26104471,-0.4659498,0.48335955,0.77024645,0.10532009,0.062818885,0.37803946,0.70742756,0.3293881,0.84538498,0.47904876,83.593396,40.045313,False,0.96965641,True,True,True,0.84538498,0.47904876,83.593396,40.045313,0.84222655,0.47980518,82.407827,39.539702,0.96247902,0.45217291,14.028752,6.3434215,0.7878381,0.49842519,16.453555,8.2008662,0.87252753,0.50376587,39.72924,20.014235,0.84041019,0.47287546,45.586474,21.556725,0.8217884,0.47254185,39.710658,18.764948,0.84478436,0.46541625,35.872761,16.695766
0b_baseline_best,file,13,baseline,4848,083.White_breasted_Kingfisher/White_Breasted_Kingfisher_0118_73511.jpg,83,82,083.White_breasted_Kingfisher,31,30,random_resized_crop,random_resized_crop,0,"{""area_fraction"":0.540853,""aspect"":1.296774,""fallback"":false,""height"":0.645814,""left"":0.067774,""top"":0.337163,""width"":0.837475}",0.72699451,1.0883003,0.36130583,0.48335955,0.33678845,0.10532009,0.058523867,0.37803946,0.27826458,-0.099774878,0.64567496,1.6073113,83.593396,134.36061,False,0.88538134,True,True,True,0.64567496,1.6073113,83.593396,134.36061,0.64085926,1.6154702,82.407827,133.12739,0.86854689,1.2946536,14.028752,18.162374,0.32010298,1.8351887,16.453555,30.195378,0.66359565,1.6146635,39.72924,64.149355,0.66882842,1.6226335,45.586474,73.97014,0.63682274,1.6868623,39.710658,66.98641,0.65595824,1.4584503,35.872761,52.318641
0b_baseline_best,file,13,baseline,4848,083.White_breasted_Kingfisher/White_Breasted_Kingfisher_0118_73511.jpg,83,82,083.White_breasted_Kingfisher,31,30,gaussian_blur,gaussian_blur,0,"{""sigma"":1.383263}",0.72699451,0.85024822,0.1232537,0.48335955,0.42730886,0.10532009,0.029010523,0.37803946,0.39829833,0.020258877,0.58722892,1.3391553,83.593396,111.94454,False,0.92762536,True,True,True,0.58722892,1.3391553,83.593396,111.94454,0.57977914,1.3453133,82.407827,110.86435,0.9110083,1.1058553,14.028752,15.51377,0.35776915,2.0104011,16.453555,33.078245,0.50920235,1.504751,39.72924,59.782613,0.57712923,1.2779546,45.586474,58.257442,0.64721701,1.2642571,39.710658,50.204481,0.72148285,1.1521896,35.872761,41.332224
0b_baseline_best,file,13,baseline,4848,083.White_breasted_Kingfisher/White_Breasted_Kingfisher_0118_73511.jpg,83,82,083.White_breasted_Kingfisher,31,30,random_erasing,random_erasing,0,"{""area_fraction"":0.175254,""erased"":true,""height"":0.351846,""left"":0.185277,""top"":0.539982,""width"":0.498097}",0.72699451,0.45164314,-0.27535138,0.48335955,0.6365813,0.10532009,0.037316635,0.37803946,0.59926467,0.22122521,0.84194198,0.67876916,83.593396,56.740619,False,0.96691793,True,True,True,0.84194198,0.67876916,83.593396,56.740619,0.83834633,0.67750174,82.407827,55.831446,0.96009826,0.72114011,14.028752,10.116696,0.89619099,0.65115792,16.453555,10.713862,0.85429149,0.63497069,39.72924,25.226903,0.86324196,0.68836294,45.586474,31.380039,0.80554894,0.69781467,39.710658,27.710679,0.81231055,0.69039775,35.872761,24.766474
0b_baseline_best,file,13,baseline,9080,155.Warbling_Vireo/Warbling_Vireo_0132_158420.jpg,155,154,155.Warbling_Vireo,31,30,identity,identity,0,{},3.3829999,3.3829999,0,0.033945471,0.033945471,0.057836551,0.057836551,-0.02389108,-0.02389108,0,1,1,167.85743,167.85743,False,1,True,False,False,1,1,167.85743,167.85743,1,1,165.9734,165.9734,1,1,25.078849,25.078849,1,1,35.585849,35.585849,1,1,68.961064,68.961064,1,1,92.093583,92.093583,1,1,87.813253,87.813253,1,1,73.025977,73.025977
0b_baseline_best,file,13,baseline,9080,155.Warbling_Vireo/Warbling_Vireo_0132_158420.jpg,155,154,155.Warbling_Vireo,31,30,horizontal_flip,horizontal_flip,0,"{""flipped"":true}",3.3829999,2.4610202,-0.92197967,0.033945471,0.085347831,0.057836551,0.020380031,-0.02389108,0.0649678,0.08885888,0.4657576,1.2360143,167.85743,207.47418,False,0.92187548,False,False,False,0.4657576,1.2360143,167.85743,207.47418,0.45772848,1.2401948,165.9734,205.83935,0.89390935,1.0364971,25.078849,25.994154,0.32479453,1.4601746,35.585849,51.961552,0.23788953,1.4516183,68.961064,100.10514,0.44466047,1.2444119,92.093583,114.60235,0.55299052,1.1646493,87.813253,102.27165,0.65736969,1.065618,73.025977,77.817793
0b_baseline_best,file,13,baseline,9080,155.Warbling_Vireo/Warbling_Vireo_0132_158420.jpg,155,154,155.Warbling_Vireo,31,30,color_jitter,color_jitter,0,"{""brightness"":1.320927,""contrast"":0.712402,""hue"":-0.017408,""saturation"":1.365088}",3.3829999,4.8264828,1.4434829,0.033945471,0.0080146631,0.057836551,0.08029142,-0.02389108,-0.072276757,-0.048385677,0.78005773,0.91574944,167.85743,153.71535,False,0.94912553,False,False,False,0.78005773,0.91574944,167.85743,153.71535,0.77602966,0.9114313,165.9734,151.27335,0.93978308,1.0881958,25.078849,27.290698,0.43065934,0.85704514,35.585849,30.498678,0.76337065,0.99118172,68.961064,68.352946,0.77781229,0.8452085,92.093583,77.838279,0.81581608,0.90962945,87.813253,79.877521,0.81083663,0.95288444,73.025977,69.585317
0b_baseline_best,file,13,baseline,9080,155.Warbling_Vireo/Warbling_Vireo_0132_158420.jpg,155,154,155.Warbling_Vireo,31,30,rotation,rotation,0,"{""angle"":-4.547871}",3.3829999,3.6946979,0.31169796,0.033945471,0.02485496,0.057836551,0.021599742,-0.02389108,0.0032552183,0.027146298,0.77950033,1.1518888,167.85743,193.3531,False,0.95234036,False,False,False,0.77950033,1.1518888,167.85743,193.3531,0.77621812,1.1546925,165.9734,191.64823,0.94772906,1.0215717,25.078849,25.619843,0.74901253,1.2827,35.585849,45.645969,0.73506803,1.2365427,68.961064,85.273297,0.77014649,1.202506,92.093583,110.74309,0.79655536,1.0967392,87.813253,96.308235,0.81748442,1.0459958,73.025977,76.384867
0b_baseline_best,file,13,baseline,9080,155.Warbling_Vireo/Warbling_Vireo_0132_158420.jpg,155,154,155.Warbling_Vireo,31,30,random_resized_crop,random_resized_crop,0,"{""area_fraction"":0.724781,""aspect"":1.02078,""fallback"":false,""height"":0.842631,""left"":0.074697,""top"":0.091841,""width"":0.86014}",3.3829999,4.7799535,1.3969536,0.033945471,0.0083963918,0.057836551,0.012191401,-0.02389108,-0.0037950091,0.020096071,0.70708612,1.2731381,167.85743,213.7057,False,0.94918472,False,False,False,0.70708612,1.2731381,167.85743,213.7057,0.70254639,1.2767853,165.9734,211.91239,0.9451015,1.1016138,25.078849,27.627206,0.57588424,1.7308284,35.585849,61.592998,0.68847541,1.4792035,68.961064,102.00745,0.71494038,1.2613437,92.093583,116.16166,0.7201101,1.1474331,87.813253,100.75983,0.74710106,1.1507296,73.025977,84.033153
0b_baseline_best,file,13,baseline,9080,155.Warbling_Vireo/Warbling_Vireo_0132_158420.jpg,155,154,155.Warbling_Vireo,31,30,gaussian_blur,gaussian_blur,0,"{""sigma"":1.085472}",3.3829999,5.0730906,1.6900907,0.033945471,0.0062630349,0.057836551,0.0082026245,-0.02389108,-0.0019395896,0.021951491,0.69547871,1.2165919,167.85743,204.214,False,0.91195899,False,False,False,0.69547871,1.2165919,167.85743,204.214,0.69161364,1.2204769,165.9734,202.5667,0.90524451,1.0321871,25.078849,25.886066,0.60893653,1.3689693,35.585849,48.715933,0.57924107,1.346968,68.961064,92.888343,0.73521501,1.213606,92.093583,111.76532,0.71888782,1.1746865,87.813253,103.15304,0.72654508,1.1374679,73.025977,83.064705
0b_baseline_best,file,13,baseline,9080,155.Warbling_Vireo/Warbling_Vireo_0132_158420.jpg,155,154,155.Warbling_Vireo,31,30,random_erasing,random_erasing,0,"{""area_fraction"":0.167396,""erased"":true,""height"":0.520131,""left"":0.643079,""top"":0.195286,""width"":0.321835}",3.3829999,4.6343222,1.2513223,0.033945471,0.0097126896,0.057836551,0.022262817,-0.02389108,-0.012550128,0.011340952,0.86821408,1.0515053,167.85743,176.50299,False,0.97042298,False,False,False,0.86821408,1.0515053,167.85743,176.50299,0.86610221,1.0527426,165.9734,174.72727,0.96731352,0.99580768,25.078849,24.973711,0.87498647,1.111728,35.585849,39.561783,0.83765011,1.0323942,68.961064,71.195005,0.88562673,0.99749249,92.093583,91.862658,0.87054139,1.0891551,87.813253,95.642253,0.85660107,1.0877331,73.025977,79.432774
0b_baseline_best,file,13,baseline,5394,093.Clark_Nutcracker/Clark_Nutcracker_0098_85105.jpg,93,92,093.Clark_Nutcracker,19,18,identity,identity,0,{},0.026946997,0.026946997,0,0.97341281,0.97341281,0.0056873038,0.0056873038,0.96772551,0.96772551,0,1,1,6.4001839,6.4001839,False,0.99999994,True,True,True,1,1,6.4001839,6.4001839,1,1,6.3420899,6.3420899,1,1,0.86037715,0.86037715,1,1,1.2132649,1.2132649,1,1,4.0994949,4.0994949,1,1,3.0806625,3.0806625,1,1,2.5456126,2.5456126,1,1,2.4440969,2.4440969
0b_baseline_best,file,13,baseline,5394,093.Clark_Nutcracker/Clark_Nutcracker_0098_85105.jpg,93,92,093.Clark_Nutcracker,19,18,horizontal_flip,horizontal_flip,0,"{""flipped"":true}",0.026946997,0.022290519,-0.0046564788,0.97341281,0.97795606,0.0056873038,0.0060326764,0.96772551,0.97192338,0.0041978722,0.80435831,0.73069618,6.4001839,4.6765899,False,0.97953624,True,True,True,0.80435831,0.73069618,6.4001839,4.6765899,0.80089353,0.72852046,6.3420899,4.6203423,0.97560275,0.84049099,0.86037715,0.72313925,0.73807886,0.67605223,1.2132649,0.82023044,0.86959861,0.69899612,4.0994949,2.8655311,0.75630364,0.71455978,3.0806625,2.2013175,0.71592668,0.76177674,2.5456126,1.9391884,0.80317747,0.80356566,2.4440969,1.9639924
0b_baseline_best,file,13,baseline,5394,093.Clark_Nutcracker/Clark_Nutcracker_0098_85105.jpg,93,92,093.Clark_Nutcracker,19,18,color_jitter,color_jitter,0,"{""brightness"":1.27264,""contrast"":1.266901,""hue"":0.070474,""saturation"":1.103824}",0.026946997,0.059167918,0.032220921,0.97341281,0.94254851,0.0056873038,0.0049479138,0.96772551,0.9376006,-0.030124908,0.72619168,1.7849769,6.4001839,11.42418,False,0.9072305,True,True,True,0.72619168,1.7849769,6.4001839,11.42418,0.72315841,1.7827999,6.3420899,11.306677,0.88231262,1.8995187,0.86037715,1.6343025,0.56596908,1.8357366,1.2132649,2.2272348,0.83042643,1.4589372,4.0994949,5.9809056,0.65806096,1.8797881,3.0806625,5.7909928,0.6754765,2.1845634,2.5456126,5.561052,0.74485358,1.9471476,2.4440969,4.7590175
0b_baseline_best,file,13,baseline,5394,093.Clark_Nutcracker/Clark_Nutcracker_0098_85105.jpg,93,92,093.Clark_Nutcracker,19,18,rotation,rotation,0,"{""angle"":-13.294635}",0.026946997,0.52286237,0.49591538,0.97341281,0.59282124,0.0056873038,0.0095042763,0.96772551,0.58331696,-0.38440854,0.69937427,16.685017,6.4001839,106.78717,False,0.89423877,True,True,True,0.69937427,16.685017,6.4001839,106.78717,0.69788957,16.727515,6.3420899,106.08741,0.80387595,14.185686,0.86037715,12.20504,0.54677674,17.758719,1.2132649,21.546031,0.8425717,16.148868,4.0994949,66.202202,0.58551309,17.542543,3.0806625,54.042655,0.59064784,17.734347,2.5456126,45.144776,0.65814155,15.574103,2.4440969,38.064617
0b_baseline_best,file,13,baseline,5394,093.Clark_Nutcracker/Clark_Nutcracker_0098_85105.jpg,93,92,093.Clark_Nutcracker,19,18,random_resized_crop,random_resized_crop,0,"{""area_fraction"":0.561945,""aspect"":1.181277,""fallback"":false,""height"":0.689717,""left"":0.084827,""top"":0.213086,""width"":0.814747}",0.026946997,0.14062224,0.11367525,0.97341281,0.86881745,0.0056873038,0.001022532,0.96772551,0.86779492,-0.099930591,0.71847544,4.9018112,6.4001839,31.372493,False,0.88773954,True,True,True,0.71847544,4.9018112,6.4001839,31.372493,0.716309,4.904187,6.3420899,31.102795,0.83974659,4.7709457,0.86037715,4.1048127,0.75306407,6.023425,1.2132649,7.3080101,0.80187979,4.2002795,4.0994949,17.219024,0.69033977,5.4010143,3.0806625,16.638702,0.64789397,5.5685362,2.5456126,14.175336,0.66640499,4.8358491,2.4440969,11.819284
0b_baseline_best,file,13,baseline,5394,093.Clark_Nutcracker/Clark_Nutcracker_0098_85105.jpg,93,92,093.Clark_Nutcracker,19,18,gaussian_blur,gaussian_blur,0,"{""sigma"":1.433517}",0.026946997,0.48890418,0.46195718,0.97341281,0.61329812,0.0056873038,0.0066045537,0.96772551,0.60669356,-0.36103194,0.60514033,12.879561,6.4001839,82.431556,False,0.82821667,True,True,True,0.60514033,12.879561,6.4001839,82.431556,0.60157756,12.87166,6.3420899,81.633223,0.79278798,13.301808,0.86037715,11.444572,0.65387448,16.505492,1.2132649,20.025534,0.68282332,10.669536,4.0994949,43.739711,0.55782914,12.723112,3.0806625,39.195614,0.52228707,15.586421,2.5456126,39.676989,0.6162133,14.403205,2.4440969,35.202829
0b_baseline_best,file,13,baseline,5394,093.Clark_Nutcracker/Clark_Nutcracker_0098_85105.jpg,93,92,093.Clark_Nutcracker,19,18,random_erasing,random_erasing,0,"{""area_fraction"":0.108012,""erased"":true,""height"":0.181366,""left"":0.356726,""top"":0.660348,""width"":0.595546}",0.026946997,0.092217363,0.065270366,0.97341281,0.9119069,0.0056873038,0.01217058,0.96772551,0.89973632,-0.06798919,0.91813862,3.5140113,6.4001839,22.490319,False,0.96578932,True,True,True,0.91813862,3.5140113,6.4001839,22.490319,0.917652,3.520562,6.3420899,22.327721,0.95380439,3.1375772,0.86037715,2.6994998,0.85832409,3.3402023,1.2132649,4.0525503,0.96379382,3.7316465,4.0994949,15.297866,0.90264151,3.2644112,3.0806625,10.056549,0.87253714,3.5096654,2.5456126,8.9342483,0.87251946,3.3521345,2.4440969,8.1929415
0b_baseline_best,file,13,baseline,4994,086.Pacific_Loon/Pacific_Loon_0063_75865.jpg,86,85,086.Pacific_Loon,23,22,identity,identity,0,{},0.11747071,0.11747071,0,0.88916653,0.88916653,0.022930911,0.022930911,0.86623562,0.86623562,0,1,1,22.121086,22.121086,False,1,True,True,True,1,1,22.121086,22.121086,1,1,21.890022,21.890022,1,1,3.1889456,3.1889456,1,1,5.7174284,5.7174284,1,1,10.219464,10.219464,1,1,11.943282,11.943282,1,1,9.7853479,9.7853479,1,1,10.180943,10.180943
0b_baseline_best,file,13,baseline,4994,086.Pacific_Loon/Pacific_Loon_0063_75865.jpg,86,85,086.Pacific_Loon,23,22,horizontal_flip,horizontal_flip,0,"{""flipped"":true}",0.11747071,0.77576989,0.65829918,0.88916653,0.46034923,0.022930911,0.1071616,0.86623562,0.35318764,-0.51304799,0.6557,4.828824,22.121086,106.81883,False,0.94492787,True,True,True,0.6557,4.828824,22.121086,106.81883,0.64956991,4.8255824,21.890022,105.63211,0.93595043,4.9791717,3.1889456,15.878308,0.58057789,4.5069696,5.7174284,25.768276,0.64564192,4.7847664,10.219464,48.89775,0.61696969,4.7791334,11.943282,57.07854,0.62198811,5.0682905,9.7853479,49.594986,0.74685897,4.7973789,10.180943,48.841842
0b_baseline_best,file,13,baseline,4994,086.Pacific_Loon/Pacific_Loon_0063_75865.jpg,86,85,086.Pacific_Loon,23,22,color_jitter,color_jitter,0,"{""brightness"":0.88569,""contrast"":1.391165,""hue"":0.089943,""saturation"":1.105776}",0.11747071,0.39072189,0.27325118,0.88916653,0.67656833,0.022930911,0.065979227,0.86623562,0.6105891,-0.25564652,0.86721418,2.5492357,22.121086,56.391862,False,0.97548091,True,True,True,0.86721418,2.5492357,22.121086,56.391862,0.86483572,2.5447846,21.890022,55.705391,0.9734621,2.7508162,3.1889456,8.7722031,0.85782561,2.3524878,5.7174284,13.450181,0.82510649,2.52172,10.219464,25.770628,0.87795971,2.424389,11.943282,28.955163,0.85655442,2.5770587,9.7853479,25.217416,0.89932629,2.7497775,10.180943,27.995329
0b_baseline_best,file,13,baseline,4994,086.Pacific_Loon/Pacific_Loon_0063_75865.jpg,86,85,086.Pacific_Loon,23,22,rotation,rotation,0,"{""angle"":-13.902613}",0.11747071,1.1742721,1.0568013,0.88916653,0.30904388,0.022930911,0.019436831,0.86623562,0.28960705,-0.57662857,0.63269443,4.9585604,22.121086,109.68874,False,0.93134868,True,True,True,0.63269443,4.9585604,22.121086,109.68874,0.62654554,4.9524455,21.890022,108.40914,0.9075754,5.2386053,3.1889456,16.705627,0.67381402,4.4615906,5.7174284,25.508825,0.66532248,4.6103941,10.219464,47.115759,0.53561744,4.5321786,11.943282,54.129089,0.6125001,5.4924401,9.7853479,53.745437,0.70954857,5.4364454,10.180943,55.348142
0b_baseline_best,file,13,baseline,4994,086.Pacific_Loon/Pacific_Loon_0063_75865.jpg,86,85,086.Pacific_Loon,23,22,random_resized_crop,random_resized_crop,0,"{""area_fraction"":0.633082,""aspect"":0.830947,""fallback"":false,""height"":0.872858,""left"":0.205273,""top"":0.078432,""width"":0.725298}",0.11747071,0.97536445,0.85789374,0.88916653,0.3770549,0.022930911,0.10295805,0.86623562,0.27409685,-0.59213877,0.78365329,5.0702703,22.121086,112.15988,False,0.95526838,True,True,True,0.78365329,5.0702703,22.121086,112.15988,0.78002265,5.0650944,21.890022,110.87503,0.94772812,5.3084356,3.1889456,16.928312,0.82426249,6.1934737,5.7174284,35.410742,0.72794631,4.9858738,10.219464,50.952961,0.77004905,4.6115178,11.943282,55.076659,0.77493123,5.0926328,9.7853479,49.833184,0.84033377,5.3134433,10.180943,54.095865
0b_baseline_best,file,13,baseline,4994,086.Pacific_Loon/Pacific_Loon_0063_75865.jpg,86,85,086.Pacific_Loon,23,22,gaussian_blur,gaussian_blur,0,"{""sigma"":1.469112}",0.11747071,2.1951978,2.0777271,0.88916653,0.11133653,0.022930911,0.33982691,0.86623562,-0.22849038,-1.094726,0.70752908,8.9242908,22.121086,197.415,False,0.89753044,False,True,False,0.70752908,8.9242908,22.121086,197.415,0.70434863,8.9421583,21.890022,195.74404,0.87821018,8.0374849,3.1889456,25.631102,0.82472363,10.933338,5.7174284,62.51058,0.67417453,10.416268,10.219464,106.44868,0.68697041,8.2395275,11.943282,98.407003,0.69809287,8.6545126,9.7853479,84.687417,0.75213077,7.747114,10.180943,78.872928
0b_baseline_best,file,13,baseline,4994,086.Pacific_Loon/Pacific_Loon_0063_75865.jpg,86,85,086.Pacific_Loon,23,22,random_erasing,random_erasing,0,"{""area_fraction"":0.096601,""erased"":true,""height"":0.201831,""left"":0.140445,""top"":0.223434,""width"":0.478625}",0.11747071,0.61338902,0.4959183,0.88916653,0.54151255,0.022930911,0.011552248,0.86623562,0.5299603,-0.33627532,0.77656306,3.9351339,22.121086,87.049435,False,0.92213905,True,True,True,0.77656306,3.9351339,22.121086,87.049435,0.7743455,3.9432258,21.890022,86.317301,0.89779386,3.5328991,3.1889456,11.266223,0.82149404,3.3226784,5.7174284,18.997176,0.80191935,4.1471235,10.219464,42.381381,0.75793434,3.8333036,11.943282,45.782227,0.75433335,4.0841398,9.7853479,39.964728,0.778657,3.9294129,10.180943,40.00513
0b_baseline_best,file,13,baseline,11088,189.Red_bellied_Woodpecker/Red_Bellied_Woodpecker_0125_180780.jpg,189,188,189.Red_bellied_Woodpecker,36,35,identity,identity,0,{},0.004782903,0.004782903,0,0.99522853,0.99522853,0.0025487372,0.0025487372,0.99267979,0.99267979,0,1,1,0.69091389,0.69091389,False,0.99999988,True,True,True,1,1,0.69091389,0.69091389,1,1,0.67164034,0.67164034,1,1,0.16205326,0.16205326,1,1,0.15517516,0.15517516,1,1,0.23014906,0.23014906,1,1,0.3158977,0.3158977,1,1,0.32292983,0.32292983,1,1,0.41228363,0.41228363
0b_baseline_best,file,13,baseline,11088,189.Red_bellied_Woodpecker/Red_Bellied_Woodpecker_0125_180780.jpg,189,188,189.Red_bellied_Woodpecker,36,35,horizontal_flip,horizontal_flip,0,"{""flipped"":true}",0.004782903,0.0021079003,-0.0026750027,0.99522853,0.99789435,0.0025487372,0.00091954262,0.99267979,0.9969748,0.0042950123,0.64329547,0.39956171,0.69091389,0.27606274,False,0.97057199,True,True,True,0.64329547,0.39956171,0.69091389,0.27606274,0.62334417,0.39805241,0.67164034,0.26734806,0.96580868,0.42465087,0.16205326,0.068816059,-0.041813703,0.29803458,0.15517516,0.046247564,0.49185602,0.36919489,0.23014906,0.084969856,0.60583375,0.38050551,0.3158977,0.12020082,0.56586411,0.40651886,0.32292983,0.13127707,0.77326935,0.42314191,0.41228363,0.17445448
0b_baseline_best,file,13,baseline,11088,189.Red_bellied_Woodpecker/Red_Bellied_Woodpecker_0125_180780.jpg,189,188,189.Red_bellied_Woodpecker,36,35,color_jitter,color_jitter,0,"{""brightness"":0.86638,""contrast"":1.254693,""hue"":0.065738,""saturation"":0.705738}",0.004782903,0.19575094,0.19096803,0.99522853,0.82221699,0.0025487372,0.0055712429,0.99267979,0.81664574,-0.17603405,0.62207689,36.128647,0.69091389,24.961784,False,0.91347277,True,True,True,0.62207689,36.128647,0.69091389,24.961784,0.61293017,36.365576,0.67164034,24.424588,0.80721374,31.784272,0.16205326,5.150745,0.64114399,37.244939,0.15517516,5.7794894,0.52416878,40.591113,0.23014906,9.3420066,0.54166672,35.618871,0.3158977,11.25192,0.58108167,37.967864,0.32292983,12.260956,0.70964905,34.21164,0.41228363,14.104899
0b_baseline_best,file,13,baseline,11088,189.Red_bellied_Woodpecker/Red_Bellied_Woodpecker_0125_180780.jpg,189,188,189.Red_bellied_Woodpecker,36,35,rotation,rotation,0,"{""angle"":-1.730436}",0.004782903,0.0065193586,0.0017364556,0.99522853,0.99350184,0.0025487372,0.0046896101,0.99267979,0.98881223,-0.0038675598,0.86667182,1.5850467,0.69091389,1.0951307,False,0.98737937,True,True,True,0.86667182,1.5850467,0.69091389,1.0951307,0.86039118,1.5870636,0.67164034,1.0659359,0.97736658,1.549991,0.16205326,0.25118109,0.8720875,1.4647462,0.15517516,0.22729223,0.81739746,1.7452221,0.23014906,0.40166122,0.85679899,1.7788885,0.3158977,0.56194678,0.84885122,1.6341756,0.32292983,0.52772406,0.90035481,1.3911317,0.41228363,0.57354081
0b_baseline_best,file,13,baseline,11088,189.Red_bellied_Woodpecker/Red_Bellied_Woodpecker_0125_180780.jpg,189,188,189.Red_bellied_Woodpecker,36,35,random_resized_crop,random_resized_crop,0,"{""area_fraction"":0.764105,""aspect"":0.921248,""fallback"":false,""height"":0.910727,""left"":0.056838,""top"":0.062324,""width"":0.839006}",0.004782903,0.0038064898,-0.00097641326,0.99522853,0.99620074,0.0025487372,0.0024989822,0.99267979,0.99370176,0.0010219663,0.7008286,1.0000158,0.69091389,0.69092483,False,0.96586436,True,True,True,0.7008286,1.0000158,0.69091389,0.69092483,0.68867498,1.0083313,0.67164034,0.67723601,0.96062983,0.84448882,0.16205326,0.13685217,0.65242856,0.78865923,0.15517516,0.12238032,0.61890814,1.1793222,0.23014906,0.27141989,0.69456082,1.2017689,0.3158977,0.37963603,0.64927263,1.0222449,0.32292983,0.33011336,0.77812195,0.82931522,0.41228363,0.34191309
0b_baseline_best,file,13,baseline,11088,189.Red_bellied_Woodpecker/Red_Bellied_Woodpecker_0125_180780.jpg,189,188,189.Red_bellied_Woodpecker,36,35,gaussian_blur,gaussian_blur,0,"{""sigma"":1.757792}",0.004782903,2.8263144,2.8215315,0.99522853,0.059230749,0.0025487372,0.021946747,0.99267979,0.037284002,-0.95539579,0.24622384,205.73692,0.69091389,142.14649,False,0.72968495,False,True,False,0.24622384,205.73692,0.69091389,142.14649,0.22730991,205.92031,0.67164034,138.30438,0.57653635,202.56085,0.16205326,32.825646,0.47817577,257.3874,0.15517516,39.940131,0.27183469,267.83331,0.23014906,61.641585,0.20578603,229.81125,0.3158977,72.596847,0.12114998,199.42214,0.32292983,64.399359,0.26052459,159.34033,0.41228363,65.693408
0b_baseline_best,file,13,baseline,11088,189.Red_bellied_Woodpecker/Red_Bellied_Woodpecker_0125_180780.jpg,189,188,189.Red_bellied_Woodpecker,36,35,random_erasing,random_erasing,0,"{""area_fraction"":0.064196,""erased"":true,""height"":0.392672,""left"":0.679621,""top"":0.445084,""width"":0.163484}",0.004782903,0.0070752548,0.0022923518,0.99522853,0.99294972,0.0025487372,0.0026729773,0.99267979,0.99027675,-0.0024030448,0.87722968,1.4148415,0.69091389,0.97753367,False,0.99249893,True,True,True,0.87722968,1.4148415,0.69091389,0.97753367,0.87129737,1.417712,0.67164034,0.95219258,0.98370415,1.3645917,0.16205326,0.22113654,0.92414436,1.5722038,0.15517516,0.24396697,0.84738225,1.4010328,0.23014906,0.32244638,0.86559258,1.3959944,0.3158977,0.44099141,0.81664626,1.4301367,0.32292983,0.4618338,0.90869175,1.404738,0.41228363,0.57915048
0b_baseline_best,file,13,baseline,4716,081.Pied_Kingfisher/Pied_Kingfisher_0071_72576.jpg,81,80,081.Pied_Kingfisher,192,191,identity,identity,0,{},0.18279573,0.18279573,0,0.83293825,0.83293825,0.084772319,0.084772319,0.74816594,0.74816594,0,1,1,39.693003,39.693003,False,1,True,True,True,1,1,39.693003,39.693003,1,1,39.264896,39.264896,1,1,5.8139835,5.8139835,1,1,10.107787,10.107787,1,1,17.706682,17.706682,1,1,21.676952,21.676952,1,1,20.318101,20.318101,1,1,15.598803,15.598803
0b_baseline_best,file,13,baseline,4716,081.Pied_Kingfisher/Pied_Kingfisher_0071_72576.jpg,81,80,081.Pied_Kingfisher,192,191,horizontal_flip,horizontal_flip,0,"{""flipped"":true}",0.18279573,0.17627394,-0.0065217912,0.83293825,0.83838826,0.084772319,0.01641519,0.74816594,0.82197307,0.073807139,0.67909521,0.88215685,39.693003,35.015454,False,0.95114481,True,True,True,0.67909521,0.88215685,39.693003,35.015454,0.67489119,0.88122054,39.264896,34.601033,0.86273336,0.92385397,5.8139835,5.3712717,0.63178551,0.86997637,10.107787,8.7935358,0.68869422,0.88927672,17.706682,15.74614,0.65233282,0.84000112,21.676952,18.208664,0.66822874,0.88642336,20.318101,18.010439,0.727208,0.9422555,15.598803,14.698058
0b_baseline_best,file,13,baseline,4716,081.Pied_Kingfisher/Pied_Kingfisher_0071_72576.jpg,81,80,081.Pied_Kingfisher,192,191,color_jitter,color_jitter,0,"{""brightness"":1.335165,""contrast"":1.247795,""hue"":-0.043644,""saturation"":1.262387}",0.18279573,0.65023786,0.46744213,0.83293825,0.52192163,0.084772319,0.32429507,0.74816594,0.19762656,-0.55053937,0.75145609,2.557439,39.693003,101.51243,False,0.94777811,True,True,True,0.75145609,2.557439,39.693003,101.51243,0.74761127,2.5542179,39.264896,100.2911,0.91846916,2.7002698,5.8139835,15.699324,0.6242095,2.4080817,10.107787,24.340376,0.68176576,2.4347036,17.706682,43.110521,0.74741905,2.4609939,21.676952,53.346847,0.78931279,2.6383038,20.318101,53.605322,0.8056394,2.7854812,15.598803,43.450174
0b_baseline_best,file,13,baseline,4716,081.Pied_Kingfisher/Pied_Kingfisher_0071_72576.jpg,81,80,081.Pied_Kingfisher,192,191,rotation,rotation,0,"{""angle"":8.301379}",0.18279573,0.68702906,0.50423333,0.83293825,0.50306845,0.084772319,0.064374492,0.74816594,0.43869396,-0.30947198,0.77042036,2.6210501,39.693003,104.03735,False,0.94862783,True,True,True,0.77042036,2.6210501,39.693003,104.03735,0.76818265,2.6148293,39.264896,102.671,0.8665296,2.8905848,5.8139835,16.805812,0.65931826,2.3486253,10.107787,23.739404,0.80187831,2.5493673,17.706682,45.140835,0.76593246,2.5186549,21.676952,54.596763,0.77517407,2.6055412,20.318101,52.939649,0.76946491,2.9771473,15.598803,46.439934
0b_baseline_best,file,13,baseline,4716,081.Pied_Kingfisher/Pied_Kingfisher_0071_72576.jpg,81,80,081.Pied_Kingfisher,192,191,random_resized_crop,random_resized_crop,0,"{""area_fraction"":0.544328,""aspect"":1.207769,""fallback"":false,""height"":0.671334,""left"":0.14694,""top"":0.261248,""width"":0.810816}",0.18279573,1.8394883,1.6566925,0.83293825,0.15889871,0.084772319,0.012881101,0.74816594,0.14601761,-0.60214833,0.60727843,3.3852504,39.693003,134.37075,False,0.87960684,False,True,False,0.60727843,3.3852504,39.693003,134.37075,0.60299136,3.3633579,39.264896,132.0619,0.77820871,4.2659763,5.8139835,24.802316,0.74070978,4.0148543,10.107787,40.581292,0.72851407,3.8843758,17.706682,68.779404,0.46296199,3.0512419,21.676952,66.141625,0.59739156,2.9999274,20.318101,60.952827,0.62560288,3.4954368,15.598803,54.524631
0b_baseline_best,file,13,baseline,4716,081.Pied_Kingfisher/Pied_Kingfisher_0071_72576.jpg,81,80,081.Pied_Kingfisher,192,191,gaussian_blur,gaussian_blur,0,"{""sigma"":1.891798}",0.18279573,0.27011427,0.08731854,0.83293825,0.76329225,0.084772319,0.011949018,0.74816594,0.75134324,0.0031773001,0.66297297,1.1592766,39.693003,46.015168,False,0.92053652,True,True,True,0.66297297,1.1592766,39.693003,46.015168,0.65875877,1.1510761,39.264896,45.196883,0.83299214,1.4859515,5.8139835,8.6392973,0.5642284,1.3174842,10.107787,13.316849,0.6512381,1.0861924,17.706682,19.232862,0.64419026,1.1056288,21.676952,23.966663,0.66738006,1.1047916,20.318101,22.447267,0.72902002,1.3094823,15.598803,20.426357
0b_baseline_best,file,13,baseline,4716,081.Pied_Kingfisher/Pied_Kingfisher_0071_72576.jpg,81,80,081.Pied_Kingfisher,192,191,random_erasing,random_erasing,0,"{""area_fraction"":0.074585,""erased"":true,""height"":0.281305,""left"":0.683144,""top"":0.599256,""width"":0.265138}",0.18279573,0.21558629,0.032790557,0.83293825,0.80606872,0.084772319,0.080980346,0.74816594,0.72508837,-0.023077562,0.9721876,1.1688266,39.693003,46.394239,False,0.98937011,True,True,True,0.9721876,1.1688266,39.693003,46.394239,0.97196702,1.1695424,39.264896,45.92196,0.98295844,1.1357024,5.8139835,6.6029553,0.95986861,1.2016145,10.107787,12.145664,0.97633516,1.1627254,17.706682,20.588009,0.97567957,1.1808105,21.676952,25.596372,0.97406387,1.1652697,20.318101,23.676068,0.96103406,1.1498543,15.598803,17.936351
0b_baseline_best,file,13,baseline,10989,187.American_Three_toed_Woodpecker/American_Three_Toed_Woodpecker_0004_179908.jpg,187,186,187.American_Three_toed_Woodpecker,190,189,identity,identity,0,{},0.31419092,0.31419092,0,0.73037958,0.73037958,0.25937924,0.25937924,0.47100034,0.47100034,0,1,1,81.97709,81.97709,False,0.99999988,True,True,True,1,1,81.97709,81.97709,1,1,81.257783,81.257783,1,1,10.835865,10.835865,1,1,23.260484,23.260484,1,1,38.964551,38.964551,1,1,45.082692,45.082692,1,1,39.419148,39.419148,1,1,30.939015,30.939015
0b_baseline_best,file,13,baseline,10989,187.American_Three_toed_Woodpecker/American_Three_Toed_Woodpecker_0004_179908.jpg,187,186,187.American_Three_toed_Woodpecker,190,189,horizontal_flip,horizontal_flip,0,"{""flipped"":true}",0.31419092,0.058642495,-0.25554843,0.73037958,0.94304383,0.25937924,0.050962873,0.47100034,0.89208096,0.42108061,0.78620933,0.17532595,81.97709,14.372711,False,0.95859987,True,True,True,0.78620933,0.17532595,81.97709,14.372711,0.78283233,0.17474601,81.257783,14.199474,0.95786571,0.2053189,10.835865,2.224808,0.7362339,0.15692278,23.260484,3.6500997,0.80349617,0.17877435,38.964551,6.9658624,0.81253504,0.17338936,45.082692,7.8168591,0.73345921,0.16717786,39.419148,6.5900087,0.79363523,0.19189123,30.939015,5.9369256
0b_baseline_best,file,13,baseline,10989,187.American_Three_toed_Woodpecker/American_Three_Toed_Woodpecker_0004_179908.jpg,187,186,187.American_Three_toed_Woodpecker,190,189,color_jitter,color_jitter,0,"{""brightness"":1.25767,""contrast"":1.026582,""hue"":-0.04698,""saturation"":1.342738}",0.31419092,0.48342833,0.16923741,0.73037958,0.6166656,0.25937924,0.36309376,0.47100034,0.25357184,-0.21742851,0.93247221,1.3177491,81.97709,108.02523,False,0.98347306,True,True,True,0.93247221,1.3177491,81.97709,108.02523,0.93157573,1.3179836,81.257783,107.09643,0.98345483,1.3044907,10.835865,14.135286,0.92327405,1.4526533,23.260484,33.789419,0.91424431,1.266167,38.964551,49.33563,0.94110471,1.3084946,45.082692,58.990458,0.93533622,1.3090935,39.419148,51.60335,0.94105378,1.3525502,30.939015,41.846572
0b_baseline_best,file,13,baseline,10989,187.American_Three_toed_Woodpecker/American_Three_Toed_Woodpecker_0004_179908.jpg,187,186,187.American_Three_toed_Woodpecker,190,189,rotation,rotation,0,"{""angle"":13.073302}",0.31419092,0.60946786,0.29527694,0.73037958,0.54364008,0.25937924,0.44232816,0.47100034,0.10131192,-0.36968842,0.84293834,1.7282296,81.97709,141.67523,False,0.96538627,True,True,True,0.84293834,1.7282296,81.97709,141.67523,0.8408976,1.7297998,81.257783,140.5597,0.96541283,1.6375083,10.835865,17.743819,0.68291505,1.9256276,23.260484,44.791029,0.84953869,1.7960009,38.964551,69.980367,0.86260651,1.6649717,45.082692,75.061405,0.84990671,1.7038319,39.419148,67.163601,0.87396358,1.6820855,30.939015,52.042068
0b_baseline_best,file,13,baseline,10989,187.American_Three_toed_Woodpecker/American_Three_Toed_Woodpecker_0004_179908.jpg,187,186,187.American_Three_toed_Woodpecker,190,189,random_resized_crop,random_resized_crop,0,"{""area_fraction"":0.731268,""aspect"":0.781944,""fallback"":false,""height"":0.967053,""left"":0.030089,""top"":0.021292,""width"":0.756182}",0.31419092,0.066756196,-0.24743473,0.73037958,0.93542325,0.25937924,0.04469128,0.47100034,0.89073198,0.41973163,0.80581261,0.20729939,81.97709,16.9938,False,0.95572352,True,True,True,0.80581261,0.20729939,81.97709,16.9938,0.80331368,0.20718234,81.257783,16.835177,0.9423915,0.21377854,10.835865,2.3164755,0.72834483,0.20844681,23.260484,4.8485735,0.84192123,0.22730241,38.964551,8.8567362,0.81329849,0.20409737,45.082692,9.201259,0.77859195,0.18797953,39.419148,7.4099929,0.80611016,0.20922269,30.939015,6.473144
0b_baseline_best,file,13,baseline,10989,187.American_Three_toed_Woodpecker/American_Three_Toed_Woodpecker_0004_179908.jpg,187,186,187.American_Three_toed_Woodpecker,190,189,gaussian_blur,gaussian_blur,0,"{""sigma"":1.819365}",0.31419092,0.98468381,0.67049289,0.73037958,0.37355733,0.25937924,0.42336828,0.47100034,-0.049810946,-0.52081129,0.58309305,1.5569495,81.97709,127.63419,False,0.84749687,False,True,False,0.58309305,1.5569495,81.97709,127.63419,0.57773794,1.5435278,81.257783,125.42365,0.83051127,2.1827075,10.835865,23.651524,0.48582896,1.2915601,23.260484,30.042313,0.51032952,1.5250737,38.964551,59.423811,0.59020162,1.5114155,45.082692,68.138678,0.61082445,1.5910888,39.419148,62.719364,0.64678253,1.6859278,30.939015,52.160944
0b_baseline_best,file,13,baseline,10989,187.American_Three_toed_Woodpecker/American_Three_Toed_Woodpecker_0004_179908.jpg,187,186,187.American_Three_toed_Woodpecker,190,189,random_erasing,random_erasing,0,"{""area_fraction"":0.126165,""erased"":true,""height"":0.218425,""left"":0.312558,""top"":0.713179,""width"":0.577612}",0.31419092,1.3727207,1.0585298,0.73037958,0.25341654,0.25937924,0.59473687,0.47100034,-0.34132034,-0.81232068,0.91066015,1.7433896,81.97709,142.91801,False,0.94070053,False,True,False,0.91066015,1.7433896,81.97709,142.91801,0.91044701,1.7364614,81.257783,141.101,0.93645455,2.0964675,10.835865,22.71704,0.86397451,1.5827609,23.260484,36.815785,0.91766585,1.7148832,38.964551,66.819653,0.92947346,1.6274815,45.082692,73.371249,0.91155684,1.7925501,39.419148,70.660799,0.89970406,1.9694831,30.939015,60.933868
0b_baseline_best,file,13,baseline,8410,144.Common_Tern/Common_Tern_0100_149541.jpg,144,143,144.Common_Tern,145,144,identity,identity,0,{},6.4989619,6.4989619,0,0.0015050006,0.0015050006,0.76786619,0.76786619,-0.76636119,-0.76636119,0,1,1,249.51221,249.51221,False,1,True,False,False,1,1,249.51221,249.51221,1,1,246.82435,246.82435,1,1,36.52512,36.52512,1,1,61.068796,61.068796,1,1,107.74204,107.74204,1,1,124.49467,124.49467,1,1,130.828,130.828,1,1,113.88427,113.88427
0b_baseline_best,file,13,baseline,8410,144.Common_Tern/Common_Tern_0100_149541.jpg,144,143,144.Common_Tern,145,144,horizontal_flip,horizontal_flip,0,"{""flipped"":true}",6.4989619,5.2066016,-1.2923603,0.0015050006,0.0054802657,0.76786619,0.64581382,-0.76636119,-0.64033356,0.12602764,0.65284206,1.0285716,249.51221,256.64118,False,0.97404903,True,False,False,0.65284206,1.0285716,249.51221,256.64118,0.64690178,1.0311404,246.82435,254.51054,0.9680261,0.90351943,36.52512,33.001156,0.51100069,1.0254359,61.068796,62.622136,0.49998436,1.1516072,107.74204,124.07651,0.63065153,1.0918117,124.49467,135.92473,0.70007113,0.95045896,130.828,124.34664,0.81308573,0.94251983,113.88427,107.33818
0b_baseline_best,file,13,baseline,8410,144.Common_Tern/Common_Tern_0100_149541.jpg,144,143,144.Common_Tern,145,144,color_jitter,color_jitter,0,"{""brightness"":0.984268,""contrast"":0.748437,""hue"":-0.071721,""saturation"":0.949907}",6.4989619,6.1816716,-0.31729031,0.0015050006,0.0020669694,0.76786619,0.64284396,-0.76636119,-0.64077699,0.1255842,0.84466422,1.0148295,249.51221,253.21236,False,0.97113925,True,False,False,0.84466422,1.0148295,249.51221,253.21236,0.84219047,1.0148724,246.82435,250.49521,0.95785506,1.0128709,36.52512,36.995232,0.84994617,0.97456313,61.068796,59.515397,0.73168881,1.0784106,107.74204,116.19017,0.85156268,1.0427268,124.49467,129.81392,0.88376561,0.96917484,130.828,126.7952,0.88557359,0.99254371,113.88427,113.03511
0b_baseline_best,file,13,baseline,8410,144.Common_Tern/Common_Tern_0100_149541.jpg,144,143,144.Common_Tern,145,144,rotation,rotation,0,"{""angle"":-7.752798}",6.4989619,4.1841731,-2.3147888,0.0015050006,0.015234801,0.76786619,0.52658111,-0.76636119,-0.51134631,0.25501489,0.75504411,0.8001256,249.51221,199.64111,False,0.94440681,True,False,False,0.75504411,0.8001256,249.51221,199.64111,0.75122349,0.79912303,246.82435,197.24302,0.92124685,0.84464166,36.52512,30.850638,0.67586702,0.5851105,61.068796,35.731994,0.63404957,0.68216836,107.74204,73.498213,0.71194762,0.81559639,124.49467,101.5374,0.81170025,0.85982685,130.828,112.48942,0.83317285,0.84507734,113.88427,96.241014
0b_baseline_best,file,13,baseline,8410,144.Common_Tern/Common_Tern_0100_149541.jpg,144,143,144.Common_Tern,145,144,random_resized_crop,random_resized_crop,0,"{""area_fraction"":0.553108,""aspect"":0.959429,""fallback"":false,""height"":0.759274,""left"":0.067076,""top"":0.012052,""width"":0.72847}",6.4989619,5.2092505,-1.2897115,0.0015050006,0.0054657701,0.76786619,0.48739228,-0.76636119,-0.48192651,0.28443469,0.69945858,0.77795154,249.51221,194.10841,False,0.93846726,True,False,False,0.69945858,0.77795154,249.51221,194.10841,0.69492916,0.77774725,246.82435,191.96696,0.90385878,0.78722405,36.52512,28.753453,0.45662683,0.65345438,61.068796,39.905673,0.64676929,0.75977254,107.74204,81.859446,0.69718397,0.83879245,124.49467,104.42518,0.71884624,0.77117138,130.828,100.89081,0.76765583,0.75913975,113.88427,86.454074
0b_baseline_best,file,13,baseline,8410,144.Common_Tern/Common_Tern_0100_149541.jpg,144,143,144.Common_Tern,145,144,gaussian_blur,gaussian_blur,0,"{""sigma"":1.330394}",6.4989619,3.2286544,-3.2703075,0.0015050006,0.039610758,0.76786619,0.34579536,-0.76636119,-0.3061846,0.46017659,0.6553695,0.77015437,249.51221,192.16292,False,0.90938568,True,False,False,0.6553695,0.77015437,249.51221,192.16292,0.6512675,0.77053213,246.82435,190.18609,0.84730487,0.75270129,36.52512,27.492505,0.45902687,0.74862788,61.068796,45.717804,0.59536731,0.80809396,107.74204,87.065693,0.66464649,0.79718947,124.49467,99.245837,0.69074325,0.78929516,130.828,103.2619,0.69925186,0.67944896,113.88427,77.378547
0b_baseline_best,file,13,baseline,8410,144.Common_Tern/Common_Tern_0100_149541.jpg,144,143,144.Common_Tern,145,144,random_erasing,random_erasing,0,"{""area_fraction"":0.064762,""erased"":true,""height"":0.152629,""left"":0.41779,""top"":0.73667,""width"":0.42431}",6.4989619,5.9540248,-0.54493713,0.0015050006,0.0025953737,0.76786619,0.68112803,-0.76636119,-0.67853265,0.087828542,0.93752698,0.9094398,249.51221,226.91633,False,0.97972929,True,False,False,0.93752698,0.9094398,249.51221,226.91633,0.93674445,0.90797847,246.82435,224.11119,0.97309191,0.97383909,36.52512,35.56959,0.91124899,0.78911438,61.068796,48.190265,0.94331023,0.89890999,107.74204,96.850399,0.9395452,0.90049107,124.49467,112.10633,0.93989312,0.92127505,130.828,120.52857,0.93294811,0.9387112,113.88427,106.90444
0b_baseline_best,file,13,baseline,10124,172.Nashville_Warbler/Nashville_Warbler_0076_167389.jpg,172,171,172.Nashville_Warbler,16,15,identity,identity,0,{},0.078481056,0.078481056,0,0.9245196,0.9245196,0.052463822,0.052463822,0.87205578,0.87205578,0,1,1,12.226559,12.226559,False,0.99999994,True,True,True,1,1,12.226559,12.226559,1,1,11.985422,11.985422,1,1,2.4162771,2.4162771,1,1,1.9066633,1.9066633,1,1,5.196463,5.196463,1,1,6.7501603,6.7501603,1,1,5.9307624,5.9307624,1,1,5.6809455,5.6809455
0b_baseline_best,file,13,baseline,10124,172.Nashville_Warbler/Nashville_Warbler_0076_167389.jpg,172,171,172.Nashville_Warbler,16,15,horizontal_flip,horizontal_flip,0,"{""flipped"":true}",0.078481056,0.032541268,-0.045939788,0.9245196,0.96798253,0.052463822,0.0062601203,0.87205578,0.96172241,0.089666634,0.516752,0.38131496,12.226559,4.6621697,False,0.95085937,True,True,True,0.516752,0.38131496,12.226559,4.6621697,0.50435406,0.38291939,11.985422,4.5894505,0.86447447,0.33945844,2.4162771,0.82022566,0.4208968,0.40256668,1.9066633,0.76755911,0.50208138,0.36302593,5.196463,1.8864508,0.49362904,0.38693558,6.7501603,2.6118772,0.44088533,0.38380893,5.9307624,2.2762796,0.59965631,0.39012377,5.6809455,2.2162719
0b_baseline_best,file,13,baseline,10124,172.Nashville_Warbler/Nashville_Warbler_0076_167389.jpg,172,171,172.Nashville_Warbler,16,15,color_jitter,color_jitter,0,"{""brightness"":1.120106,""contrast"":0.846525,""hue"":0.045786,""saturation"":1.176093}",0.078481056,0.18980598,0.11132493,0.9245196,0.82711959,0.052463822,0.14027287,0.87205578,0.68684672,-0.18520906,0.86645248,2.712171,12.226559,33.160518,False,0.96412998,True,True,True,0.86645248,2.712171,12.226559,33.160518,0.86281261,2.7156492,11.985422,32.548201,0.959576,2.6251421,2.4162771,6.3430706,0.79033349,2.5762433,1.9066633,4.9120286,0.82199817,2.6695093,5.196463,13.872006,0.89960008,2.9691633,6.7501603,20.042328,0.86545506,2.6377412,5.9307624,15.643816,0.85321067,2.4668976,5.6809455,14.014311
0b_baseline_best,file,13,baseline,10124,172.Nashville_Warbler/Nashville_Warbler_0076_167389.jpg,172,171,172.Nashville_Warbler,16,15,rotation,rotation,0,"{""angle"":9.189832}",0.078481056,0.43984687,0.36136582,0.9245196,0.64413506,0.052463822,0.14614087,0.87205578,0.49799418,-0.37406159,0.73397067,4.9011262,12.226559,59.923907,False,0.93514258,True,True,True,0.73397067,4.9011262,12.226559,59.923907,0.72879968,4.9361829,11.985422,59.162236,0.91137185,3.9415549,2.4162771,9.5238887,0.7375368,4.9920127,1.9066633,9.5180875,0.66784982,4.7568556,5.196463,24.718824,0.74851924,5.3386818,6.7501603,36.036958,0.72550515,4.9574354,5.9307624,29.401371,0.76128441,4.4373232,5.6809455,25.208191
0b_baseline_best,file,13,baseline,10124,172.Nashville_Warbler/Nashville_Warbler_0076_167389.jpg,172,171,172.Nashville_Warbler,16,15,random_resized_crop,random_resized_crop,0,"{""area_fraction"":0.573164,""aspect"":1.258067,""fallback"":false,""height"":0.674975,""left"":0.010992,""top"":0.186353,""width"":0.849164}",0.078481056,0.1833818,0.10490074,0.9245196,0.83245027,0.052463822,0.074593768,0.87205578,0.7578565,-0.11419927,0.65410486,2.0357424,12.226559,24.890124,False,0.93210655,True,True,True,0.65410486,2.0357424,12.226559,24.890124,0.64527322,2.0444412,11.985422,24.50349,0.90448933,1.8085818,2.4162771,4.3700347,0.56837593,2.176577,1.9066633,4.1499996,0.5753864,2.0102694,5.196463,10.446291,0.71394583,2.101041,6.7501603,14.182364,0.60107452,2.0618896,5.9307624,12.228577,0.66291896,1.9553745,5.6809455,11.108376
0b_baseline_best,file,13,baseline,10124,172.Nashville_Warbler/Nashville_Warbler_0076_167389.jpg,172,171,172.Nashville_Warbler,16,15,gaussian_blur,gaussian_blur,0,"{""sigma"":1.814134}",0.078481056,3.8572578,3.7787768,0.9245196,0.021125851,0.052463822,0.0083622746,0.87205578,0.012763577,-0.8592922,0.26555508,8.6150854,12.226559,105.33285,False,0.62889844,False,True,False,0.26555508,8.6150854,12.226559,105.33285,0.25575007,8.6241861,11.985422,103.36451,0.51369142,8.3880594,2.4162771,20.267876,0.42888001,11.112548,1.9066633,21.187887,0.12076791,7.0085122,5.196463,36.419474,0.27807742,8.7148671,6.7501603,58.82675,0.25082174,9.2144367,5.9307624,54.648634,0.30135546,8.7339525,5.6809455,49.617108
0b_baseline_best,file,13,baseline,10124,172.Nashville_Warbler/Nashville_Warbler_0076_167389.jpg,172,171,172.Nashville_Warbler,16,15,random_erasing,random_erasing,0,"{""area_fraction"":0.178847,""erased"":true,""height"":0.329152,""left"":0.33184,""top"":0.290264,""width"":0.543357}",0.078481056,5.902144,5.8236629,0.9245196,0.0027335777,0.052463822,0.00044228084,0.87205578,0.0022912969,-0.86976448,0.069846687,7.2758972,12.226559,88.959184,False,0.54722536,False,True,False,0.069846687,7.2758972,12.226559,88.959184,0.051801533,7.2179147,11.985422,86.509754,0.44435206,8.5799733,2.4162771,20.731593,0.10831909,6.5084993,1.9066633,12.409517,-0.007406466,5.4369971,5.196463,28.253155,-0.066439928,6.465935,6.7501603,43.646098,0.077596202,7.3482165,5.9307624,43.580526,0.17443815,9.193022,5.6809455,52.225057
0b_baseline_best,file,13,baseline,9855,168.Kentucky_Warbler/Kentucky_Warbler_0066_165290.jpg,168,167,168.Kentucky_Warbler,166,165,identity,identity,0,{},1.2384934,1.2384934,0,0.28982052,0.28982052,0.30376914,0.30376914,-0.013948619,-0.013948619,0,1,1,139.26814,139.26814,False,0.99999994,True,False,False,1,1,139.26814,139.26814,1,1,137.03619,137.03619,1,1,24.833374,24.833374,1,1,35.772119,35.772119,1,1,62.671084,62.671084,1,1,76.950129,76.950129,1,1,64.7371,64.7371,1,1,58.816618,58.816618
0b_baseline_best,file,13,baseline,9855,168.Kentucky_Warbler/Kentucky_Warbler_0066_165290.jpg,168,167,168.Kentucky_Warbler,166,165,horizontal_flip,horizontal_flip,0,"{""flipped"":true}",1.2384934,2.6908946,1.4524012,0.28982052,0.067820236,0.30376914,0.31865045,-0.013948619,-0.25083022,-0.2368816,0.57303986,1.1200884,139.26814,155.99263,False,0.94114149,True,False,False,0.57303986,1.1200884,139.26814,155.99263,0.5598006,1.114738,137.03619,152.75946,0.93109765,1.2722832,24.833374,31.595084,0.11287753,1.0138428,35.772119,36.267307,0.5171585,1.1566863,62.671084,72.490785,0.54885479,1.0364475,76.950129,79.754768,0.59081197,1.1401005,64.7371,73.806799,0.7320353,1.1970366,58.816618,70.405642
0b_baseline_best,file,13,baseline,9855,168.Kentucky_Warbler/Kentucky_Warbler_0066_165290.jpg,168,167,168.Kentucky_Warbler,166,165,color_jitter,color_jitter,0,"{""brightness"":0.61918,""contrast"":1.395798,""hue"":0.006392,""saturation"":1.093456}",1.2384934,0.51333821,-0.72515523,0.28982052,0.59849435,0.30376914,0.0078206165,-0.013948619,0.59067373,0.60462235,0.36889876,0.53609031,139.26814,74.6603,False,0.81641555,False,False,True,0.36889876,0.53609031,139.26814,74.6603,0.35712751,0.5338648,137.03619,73.158801,0.69030001,0.59991838,24.833374,14.897998,0.04785898,0.41029572,35.772119,14.677147,0.24386537,0.53420877,62.671084,33.479442,0.2333809,0.50308227,76.950129,38.712246,0.5039925,0.54174914,64.7371,35.071269,0.57056788,0.61001086,58.816618,35.878776
0b_baseline_best,file,13,baseline,9855,168.Kentucky_Warbler/Kentucky_Warbler_0066_165290.jpg,168,167,168.Kentucky_Warbler,166,165,rotation,rotation,0,"{""angle"":-7.585658}",1.2384934,0.28624082,-0.95225263,0.28982052,0.75108171,0.30376914,0.071568675,-0.013948619,0.67951303,0.69346165,0.71906131,0.28644767,139.26814,39.893035,False,0.96033484,False,False,True,0.71906131,0.28644767,139.26814,39.893035,0.71069366,0.28446958,137.03619,38.982628,0.94295511,0.34123496,24.833374,8.4740155,0.64824405,0.21383467,35.772119,7.6493193,0.70265463,0.28405823,62.671084,17.802237,0.64536671,0.25285167,76.950129,19.456968,0.7447586,0.29646699,64.7371,19.192414,0.80491682,0.33888661,58.816618,19.932164
0b_baseline_best,file,13,baseline,9855,168.Kentucky_Warbler/Kentucky_Warbler_0066_165290.jpg,168,167,168.Kentucky_Warbler,166,165,random_resized_crop,random_resized_crop,0,"{""area_fraction"":0.589951,""aspect"":1.209275,""fallback"":false,""height"":0.698467,""left"":0.144419,""top"":0.020579,""width"":0.844638}",1.2384934,2.008183,0.76968956,0.28982052,0.13423234,0.30376914,0.061090767,-0.013948619,0.073141575,0.087090194,0.61694522,1.1161607,139.26814,155.44562,False,0.91897732,False,False,False,0.61694522,1.1161607,139.26814,155.44562,0.61014808,1.1209685,137.03619,153.61326,0.86645599,0.958276,24.833374,23.797227,0.59310731,1.0396509,35.772119,37.190516,0.68640792,1.139657,62.671084,71.423537,0.60807609,1.179647,76.950129,90.773985,0.53828491,1.1002379,64.7371,71.226209,0.62142311,1.0480029,58.816618,61.639985
0b_baseline_best,file,13,baseline,9855,168.Kentucky_Warbler/Kentucky_Warbler_0066_165290.jpg,168,167,168.Kentucky_Warbler,166,165,gaussian_blur,gaussian_blur,0,"{""sigma"":1.350842}",1.2384934,3.7395811,2.5010877,0.28982052,0.023764053,0.30376914,0.023608586,-0.013948619,0.00015546754,0.014104087,0.523469,1.3428263,139.26814,187.01293,False,0.91578603,False,False,False,0.523469,1.3428263,139.26814,187.01293,0.51385674,1.3333672,137.03619,182.71956,0.77536907,1.6043794,24.833374,39.842154,0.15093035,1.1979671,35.772119,42.85382,0.54576728,1.3307141,62.671084,83.397294,0.56396664,1.3096136,76.950129,100.77493,0.48297508,1.3899385,64.7371,89.980587,0.55418676,1.3540665,58.816618,79.641609
0b_baseline_best,file,13,baseline,9855,168.Kentucky_Warbler/Kentucky_Warbler_0066_165290.jpg,168,167,168.Kentucky_Warbler,166,165,random_erasing,random_erasing,0,"{""area_fraction"":0.109637,""erased"":true,""height"":0.484848,""left"":0.483504,""top"":0.351558,""width"":0.226126}",1.2384934,5.7134414,4.4749479,0.28982052,0.0033012924,0.30376914,0.0041262773,-0.013948619,-0.00082498486,0.013123635,0.55832721,2.3632538,139.26814,329.12595,False,0.80022985,False,False,False,0.55832721,2.3632538,139.26814,329.12595,0.55899718,2.3868553,137.03619,327.08557,0.59010981,1.473474,24.833374,36.591332,0.60236174,2.3295604,35.772119,83.333312,0.58728542,2.5609782,62.671084,160.49928,0.67452032,2.6308652,76.950129,202.44541,0.45985753,2.3053416,64.7371,149.24113,0.38897396,1.7850841,58.816618,104.99261
0b_baseline_best,file,13,baseline,1603,029.American_Crow/American_Crow_0068_25198.jpg,29,28,029.American_Crow,142,141,identity,identity,0,{},5.682899,5.682899,0,0.0034036764,0.0034036764,0.62263691,0.62263691,-0.61923324,-0.61923324,0,1,1,136.13229,136.13229,False,1,True,False,False,1,1,136.13229,136.13229,1,1,131.44202,131.44202,1,1,35.425927,35.425927,1,1,26.349479,26.349479,1,1,48.99564,48.99564,1,1,56.248001,56.248001,1,1,69.136718,69.136718,1,1,78.983624,78.983624
0b_baseline_best,file,13,baseline,1603,029.American_Crow/American_Crow_0068_25198.jpg,29,28,029.American_Crow,142,141,horizontal_flip,horizontal_flip,0,"{""flipped"":true}",5.682899,5.7738638,0.090964794,0.0034036764,0.0031077261,0.62263691,0.34075218,-0.61923324,-0.33764446,0.28158878,0.6277375,0.78769887,136.13229,107.23125,False,0.96767122,True,False,False,0.6277375,0.78769887,136.13229,107.23125,0.60239422,0.77636912,131.44202,102.04752,0.92847824,0.92974204,35.425927,32.936974,0.54580898,0.74478725,26.349479,19.624756,0.52673045,0.79113099,48.99564,38.761969,0.53522165,0.7874079,56.248001,44.29012,0.52095966,0.71548945,69.136718,49.466592,0.72658856,0.81242009,78.983624,64.167883
0b_baseline_best,file,13,baseline,1603,029.American_Crow/American_Crow_0068_25198.jpg,29,28,029.American_Crow,142,141,color_jitter,color_jitter,0,"{""brightness"":0.786598,""contrast"":1.205501,""hue"":-0.019579,""saturation"":1.018745}",5.682899,4.3856764,-1.2972226,0.0034036764,0.012454463,0.62263691,0.070480943,-0.61923324,-0.05802648,0.56120676,0.56933192,0.62364349,136.13229,84.898017,False,0.95489651,False,False,False,0.56933192,0.62364349,136.13229,84.898017,0.54642753,0.6062207,131.44202,79.682873,0.82560128,0.82699263,35.425927,29.296981,0.3986569,0.6936173,26.349479,18.276455,0.45318673,0.61911782,48.99564,30.334074,0.2876017,0.55454378,56.248001,31.191979,0.52514865,0.53398847,69.136718,36.91821,0.7261154,0.66506019,78.983624,52.528864
0b_baseline_best,file,13,baseline,1603,029.American_Crow/American_Crow_0068_25198.jpg,29,28,029.American_Crow,142,141,rotation,rotation,0,"{""angle"":-3.861072}",5.682899,5.7933731,0.11047411,0.0034036764,0.0030476842,0.62263691,0.4830443,-0.61923324,-0.47999661,0.13923663,0.79458103,0.91269042,136.13229,124.24664,False,0.9630276,True,False,False,0.79458103,0.91269042,136.13229,124.24664,0.78268362,0.90870503,131.44202,119.44202,0.9500453,0.96588552,35.425927,34.21739,0.80280561,0.83751054,26.349479,22.067966,0.70494061,0.79148766,48.99564,38.779445,0.72949524,0.9209057,56.248001,51.799105,0.78357013,0.9109911,69.136718,62.982935,0.83459926,0.94961112,78.983624,75.003727
0b_baseline_best,file,13,baseline,1603,029.American_Crow/American_Crow_0068_25198.jpg,29,28,029.American_Crow,142,141,random_resized_crop,random_resized_crop,0,"{""area_fraction"":0.894899,""aspect"":1.031814,""fallback"":false,""height"":0.931293,""left"":0.025722,""top"":0.022817,""width"":0.960921}",5.682899,6.1272621,0.44436312,0.0034036764,0.0021825486,0.62263691,0.44804353,-0.61923324,-0.44586098,0.17337226,0.80454083,0.89604212,136.13229,121.98027,False,0.97637403,True,False,False,0.80454083,0.89604212,136.13229,121.98027,0.79234535,0.89216237,131.44202,117.26762,0.96393766,0.9478402,35.425927,33.578118,0.64299647,1.0150654,26.349479,26.746445,0.73352764,0.83839188,48.99564,41.077547,0.75634142,0.93929936,56.248001,52.833711,0.76873945,0.82352453,69.136718,56.935783,0.86997777,0.92310322,78.983624,72.910038
0b_baseline_best,file,13,baseline,1603,029.American_Crow/American_Crow_0068_25198.jpg,29,28,029.American_Crow,142,141,gaussian_blur,gaussian_blur,0,"{""sigma"":1.61911}",5.682899,7.5658221,1.8829231,0.0034036764,0.0005178515,0.62263691,0.074819386,-0.61923324,-0.074301535,0.5449317,0.37853416,1.0176852,136.13229,138.53981,False,0.85802919,False,False,False,0.37853416,1.0176852,136.13229,138.53981,0.35802125,1.026519,131.44202,134.92774,0.70907575,0.88717678,35.425927,31.42906,0.083001795,1.1448352,26.349479,30.165811,0.20544985,0.91773361,48.99564,44.964946,0.29578363,1.1731794,56.248001,65.988998,0.32975545,0.97711567,69.136718,67.55457,0.50708789,1.009341,78.983624,79.72141
0b_baseline_best,file,13,baseline,1603,029.American_Crow/American_Crow_0068_25198.jpg,29,28,029.American_Crow,142,141,random_erasing,random_erasing,0,"{""area_fraction"":0.138137,""erased"":true,""height"":0.276789,""left"":0.338272,""top"":0.284021,""width"":0.499071}",5.682899,6.1543517,0.47145271,0.0034036764,0.0021242178,0.62263691,0.042168077,-0.61923324,-0.040043859,0.57918938,0.38691958,0.88358467,136.13229,120.2844,False,0.87904042,False,False,False,0.38691958,0.88358467,136.13229,120.2844,0.36433851,0.88917582,131.44202,116.87506,0.7331921,0.80266473,35.425927,28.435142,0.077501667,1.3076909,26.349479,34.456975,0.22492927,0.9150465,48.99564,44.833289,0.33530842,0.84356764,56.248001,47.448993,0.33054721,0.81111289,69.136718,56.077683,0.50804183,0.90117881,78.983624,71.178368
0b_baseline_best,file,13,baseline,10539,179.Tennessee_Warbler/Tennessee_Warbler_0044_174824.jpg,179,178,179.Tennessee_Warbler,154,153,identity,identity,0,{},0.037508443,0.037508443,0,0.96318626,0.96318626,0.01868034,0.01868034,0.94450592,0.94450592,0,1,1,5.5769381,5.5769381,False,1,True,True,True,1,1,5.5769381,5.5769381,1,1,5.441852,5.441852,1,1,1.2200351,1.2200351,1,1,1.4170789,1.4170789,1,1,2.0370268,2.0370268,1,1,2.8152078,2.8152078,1,1,2.678399,2.678399,1,1,2.8908384,2.8908384
0b_baseline_best,file,13,baseline,10539,179.Tennessee_Warbler/Tennessee_Warbler_0044_174824.jpg,179,178,179.Tennessee_Warbler,154,153,horizontal_flip,horizontal_flip,0,"{""flipped"":true}",0.037508443,0.013643937,-0.023864506,0.96318626,0.98644871,0.01868034,0.0037382229,0.94450592,0.98271048,0.038204558,0.5360171,0.41282313,5.5769381,2.302289,False,0.97052425,True,True,True,0.5360171,0.41282313,5.5769381,2.302289,0.51796485,0.4126641,5.441852,2.2456569,0.89232885,0.4159744,1.2200351,0.50750335,0.70887417,0.30655129,1.4170789,0.43440736,0.27998649,0.51906293,2.0370268,1.0573451,0.51133321,0.39240918,2.8152078,1.1047134,0.53154231,0.43288286,2.678399,1.159433,0.65497888,0.3744275,2.8908384,1.0824094
0b_baseline_best,file,13,baseline,10539,179.Tennessee_Warbler/Tennessee_Warbler_0044_174824.jpg,179,178,179.Tennessee_Warbler,154,153,color_jitter,color_jitter,0,"{""brightness"":0.70125,""contrast"":0.795166,""hue"":0.008051,""saturation"":0.882553}",0.037508443,0.25796548,0.22045703,0.96318626,0.77262193,0.01868034,0.032712132,0.94450592,0.7399098,-0.20459613,0.5124432,7.9886451,5.5769381,44.552179,False,0.9660247,True,True,True,0.5124432,7.9886451,5.5769381,44.552179,0.5002454,8.0605139,5.441852,43.864124,0.83170813,6.3930134,1.2200351,7.7997005,0.25681025,6.4373525,1.4170789,9.1222363,0.29475847,10.884881,2.0370268,22.172794,0.39526036,8.0481025,2.8152078,22.657081,0.59866954,7.831013,2.678399,20.974577,0.76375374,6.8831831,2.8908384,19.89817
0b_baseline_best,file,13,baseline,10539,179.Tennessee_Warbler/Tennessee_Warbler_0044_174824.jpg,179,178,179.Tennessee_Warbler,154,153,rotation,rotation,0,"{""angle"":14.096569}",0.037508443,0.06324771,0.025739267,0.96318626,0.93871093,0.01868034,0.030103868,0.94450592,0.90860706,-0.035898864,0.74117527,1.8656661,5.5769381,10.404705,False,0.96863627,True,True,True,0.74117527,1.8656661,5.5769381,10.404705,0.73179459,1.8740814,5.441852,10.198474,0.95200158,1.6895522,1.2200351,2.061313,0.8321359,2.1470544,1.4170789,3.0425455,0.72348984,2.2000933,2.0370268,4.481649,0.67861433,1.7651336,2.8152078,4.9692178,0.7198735,1.9118373,2.678399,5.1206631,0.78461069,1.6858888,2.8908384,4.8736321
0b_baseline_best,file,13,baseline,10539,179.Tennessee_Warbler/Tennessee_Warbler_0044_174824.jpg,179,178,179.Tennessee_Warbler,154,153,random_resized_crop,random_resized_crop,0,"{""area_fraction"":0.662043,""aspect"":0.833472,""fallback"":false,""height"":0.891246,""left"":0.106612,""top"":0.027203,""width"":0.742829}",0.037508443,0.15619715,0.1186887,0.96318626,0.85539055,0.01868034,0.0582841,0.94450592,0.79710645,-0.14739948,0.67408447,4.1312301,5.5769381,23.039615,False,0.94996911,True,True,True,0.67408447,4.1312301,5.5769381,23.039615,0.66247966,4.1549163,5.441852,22.610439,0.94444374,3.6279877,1.2200351,4.4262721,0.62078419,3.9806755,1.4170789,5.6409313,0.54929559,4.408519,2.0370268,8.9802713,0.68426081,4.4502298,2.8152078,12.528321,0.63818518,4.2183329,2.678399,11.298379,0.7464854,3.6959195,2.8908384,10.684306
0b_baseline_best,file,13,baseline,10539,179.Tennessee_Warbler/Tennessee_Warbler_0044_174824.jpg,179,178,179.Tennessee_Warbler,154,153,gaussian_blur,gaussian_blur,0,"{""sigma"":1.121881}",0.037508443,1.5921383,1.5546298,0.96318626,0.20349003,0.01868034,0.052386142,0.94450592,0.15110389,-0.79340203,0.38167178,23.224109,5.5769381,129.51942,False,0.86162633,False,True,False,0.38167178,23.224109,5.5769381,129.51942,0.36838701,23.460521,5.441852,127.66868,0.74204344,17.882383,1.2200351,21.817134,0.079165152,19.463514,1.4170789,27.581335,0.11439133,31.985024,2.0370268,65.154351,0.29504763,23.172004,2.8152078,65.234007,0.48568375,22.896781,2.678399,61.326714,0.62663625,19.80234,2.8908384,57.245366
0b_baseline_best,file,13,baseline,10539,179.Tennessee_Warbler/Tennessee_Warbler_0044_174824.jpg,179,178,179.Tennessee_Warbler,154,153,random_erasing,random_erasing,0,"{""area_fraction"":0.176337,""erased"":true,""height"":0.586976,""left"":0.067003,""top"":0.230548,""width"":0.300415}",0.037508443,0.047727,0.010218557,0.96318626,0.95339406,0.01868034,0.01257849,0.94450592,0.94081557,-0.0036903592,0.70989404,1.1896892,5.5769381,6.6348228,False,0.96723592,True,True,True,0.70989404,1.1896892,5.5769381,6.6348228,0.69873054,1.1887669,5.441852,6.4690937,0.92856393,1.2078907,1.2200351,1.473669,0.80741699,1.3004374,1.4170789,1.8428223,0.4648847,1.1329774,2.0370268,2.3079053,0.60639743,1.127134,2.8152078,3.1731164,0.72896172,1.2480579,2.678399,3.342797,0.83892679,1.1924872,2.8908384,3.4472877
0b_baseline_best,file,13,baseline,3160,055.Evening_Grosbeak/Evening_Grosbeak_0041_37928.jpg,55,54,055.Evening_Grosbeak,96,95,identity,identity,0,{},0.20184997,0.20184997,0,0.81721753,0.81721753,0.1076108,0.1076108,0.70960673,0.70960673,0,1,1,34.276219,34.276219,False,1,True,True,True,1,1,34.276219,34.276219,1,1,33.777385,33.777385,1,1,5.8264415,5.8264415,1,1,9.6514859,9.6514859,1,1,14.770575,14.770575,1,1,15.567836,15.567836,1,1,17.875545,17.875545,1,1,16.36148,16.36148
0b_baseline_best,file,13,baseline,3160,055.Evening_Grosbeak/Evening_Grosbeak_0041_37928.jpg,55,54,055.Evening_Grosbeak,96,95,horizontal_flip,horizontal_flip,0,"{""flipped"":true}",0.20184997,0.23805824,0.036208272,0.81721753,0.78815681,0.1076108,0.12867558,0.70960673,0.65948123,-0.050125502,0.73490243,1.1161147,34.276219,38.256191,False,0.97810507,True,True,True,0.73490243,1.1161147,34.276219,38.256191,0.72750684,1.1152003,33.777385,37.668551,0.97695803,1.1464206,5.8264415,6.6795525,0.81343093,0.99740698,9.6514859,9.6264594,0.69163864,1.1668421,14.770575,17.234929,0.62717057,1.0511548,15.567836,16.364206,0.73072023,1.1197761,17.875545,20.016609,0.81335723,1.1608723,16.36148,18.993589
0b_baseline_best,file,13,baseline,3160,055.Evening_Grosbeak/Evening_Grosbeak_0041_37928.jpg,55,54,055.Evening_Grosbeak,96,95,color_jitter,color_jitter,0,"{""brightness"":1.036399,""contrast"":1.078355,""hue"":-0.008983,""saturation"":1.313902}",0.20184997,1.1694882,0.96763822,0.81721753,0.31052583,0.1076108,0.47388488,0.70960673,-0.16335905,-0.87296578,0.86504208,3.294878,34.276219,112.93596,False,0.97283506,False,True,False,0.86504208,3.294878,34.276219,112.93596,0.86177219,3.2807636,33.777385,110.81562,0.96862667,3.7383744,5.8264415,21.78142,0.90799756,2.6433489,9.6514859,25.512244,0.79599295,3.0888924,14.770575,45.624717,0.85495843,3.261304,15.567836,50.771446,0.8830265,3.3334264,17.875545,59.586815,0.88776589,3.5739209,16.36148,58.474635
0b_baseline_best,file,13,baseline,3160,055.Evening_Grosbeak/Evening_Grosbeak_0041_37928.jpg,55,54,055.Evening_Grosbeak,96,95,rotation,rotation,0,"{""angle"":-3.83272}",0.20184997,0.18672808,-0.015121892,0.81721753,0.8296693,0.1076108,0.048757792,0.70960673,0.78091151,0.071304776,0.82068204,0.80313421,34.276219,27.528404,False,0.98077226,True,True,True,0.82068204,0.80313421,34.276219,27.528404,0.81737667,0.80113846,33.777385,27.060362,0.92578872,0.86754195,5.8264415,5.0546825,0.85952809,0.73147273,9.6514859,7.0597987,0.79171423,0.72004543,14.770575,10.635485,0.769831,0.82606942,15.567836,12.860114,0.8351076,0.83811905,17.875545,14.981835,0.85038224,0.81879383,16.36148,13.396679
0b_baseline_best,file,13,baseline,3160,055.Evening_Grosbeak/Evening_Grosbeak_0041_37928.jpg,55,54,055.Evening_Grosbeak,96,95,random_resized_crop,random_resized_crop,0,"{""area_fraction"":0.856971,""aspect"":0.909985,""fallback"":false,""height"":0.970434,""left"":0.088557,""top"":0.014921,""width"":0.88308}",0.20184997,0.41414359,0.21229362,0.81721753,0.66090602,0.1076108,0.079115167,0.70960673,0.58179085,-0.12781588,0.75320279,1.7082861,34.276219,58.553588,False,0.97200936,True,True,True,0.75320279,1.7082861,34.276219,58.553588,0.7488965,1.7051484,33.777385,57.595455,0.89081631,1.8105783,5.8264415,10.549229,0.84563207,1.644289,9.6514859,15.869832,0.65380255,1.4613829,14.770575,21.585466,0.67687058,1.8712729,15.567836,29.13167,0.78487577,1.7290312,17.875545,30.907376,0.81984461,1.7238773,16.36148,28.205184
0b_baseline_best,file,13,baseline,3160,055.Evening_Grosbeak/Evening_Grosbeak_0041_37928.jpg,55,54,055.Evening_Grosbeak,96,95,gaussian_blur,gaussian_blur,0,"{""sigma"":1.895932}",0.20184997,0.73448431,0.53263435,0.81721753,0.47975278,0.1076108,0.01982793,0.70960673,0.45992485,-0.24968188,0.47274315,2.4055408,34.276219,82.452842,False,0.88609207,True,True,True,0.47274315,2.4055408,34.276219,82.452842,0.46490257,2.4130503,33.777385,81.506529,0.77354823,2.1378752,5.8264415,12.456205,0.56001849,2.6069032,9.6514859,25.16049,0.37284184,2.147693,14.770575,31.722661,0.39304727,2.8235291,15.567836,43.95624,0.45405481,2.3674175,17.875545,42.318878,0.60927952,2.1874329,16.36148,35.789639
0b_baseline_best,file,13,baseline,3160,055.Evening_Grosbeak/Evening_Grosbeak_0041_37928.jpg,55,54,055.Evening_Grosbeak,96,95,random_erasing,random_erasing,0,"{""area_fraction"":0.051465,""erased"":true,""height"":0.214453,""left"":0.024562,""top"":0.572205,""width"":0.239981}",0.20184997,0.28215778,0.080307811,0.81721753,0.75415468,0.1076108,0.14762934,0.70960673,0.60652535,-0.10308138,0.97102515,1.2695497,34.276219,43.515363,False,0.99539614,True,True,True,0.97102515,1.2695497,34.276219,43.515363,0.97030232,1.2677449,33.777385,42.821106,0.99524358,1.3287828,5.8264415,7.7420751,0.98983737,1.2392282,9.6514859,11.960394,0.97204072,1.2048599,14.770575,17.796474,0.96922495,1.274969,15.567836,19.848508,0.96786612,1.2848598,17.875545,22.96757,0.96779518,1.2999992,16.36148,21.26991
0b_baseline_best,file,13,baseline,6513,112.Great_Grey_Shrike/Great_Grey_Shrike_0032_797021.jpg,112,111,112.Great_Grey_Shrike,111,110,identity,identity,0,{},0.10373737,0.10373737,0,0.90146202,0.90146202,0.097143188,0.097143188,0.80431883,0.80431883,0,1,1,18.667152,18.667152,False,0.99999994,True,True,True,1,1,18.667152,18.667152,1,1,18.075212,18.075212,1,1,4.6636125,4.6636125,1,1,6.5237808,6.5237808,1,1,8.6734976,8.6734976,1,1,8.7304033,8.7304033,1,1,7.9795985,7.9795985,1,1,8.3084343,8.3084343
0b_baseline_best,file,13,baseline,6513,112.Great_Grey_Shrike/Great_Grey_Shrike_0032_797021.jpg,112,111,112.Great_Grey_Shrike,111,110,horizontal_flip,horizontal_flip,0,"{""flipped"":true}",0.10373737,0.030786686,-0.072950684,0.90146202,0.9696824,0.097143188,0.029673269,0.80431883,0.94000913,0.1356903,0.70712868,0.33891557,18.667152,6.3265885,False,0.9750216,True,True,True,0.70712868,0.33891557,18.667152,6.3265885,0.69084559,0.34053568,18.075212,6.1552546,0.97503003,0.31357294,4.6636125,1.4623827,0.77910087,0.39015902,6.5237808,2.5453119,0.65257374,0.32440635,8.6734976,2.8137377,0.65473141,0.34857008,8.7304033,3.0431574,0.64046203,0.34025039,7.9795985,2.7150615,0.76877044,0.31521952,8.3084343,2.6189807
0b_baseline_best,file,13,baseline,6513,112.Great_Grey_Shrike/Great_Grey_Shrike_0032_797021.jpg,112,111,112.Great_Grey_Shrike,111,110,color_jitter,color_jitter,0,"{""brightness"":0.904001,""contrast"":1.154224,""hue"":0.068964,""saturation"":1.154194}",0.10373737,0.083809443,-0.019927926,0.90146202,0.91960651,0.097143188,0.078834623,0.80431883,0.84077188,0.036453053,0.85078287,0.81903833,18.667152,15.289113,False,0.97875464,True,True,True,0.85078287,0.81903833,18.667152,15.289113,0.84262481,0.82094941,18.075212,14.838835,0.97876826,0.78977415,4.6636125,3.6832006,0.87505302,0.87565465,6.5237808,5.712579,0.82469788,0.81601626,8.6734976,7.0777151,0.82353531,0.80418739,8.7304033,7.0208802,0.83628719,0.80747463,7.9795985,6.4433234,0.86854917,0.82210317,8.3084343,6.8303902
0b_baseline_best,file,13,baseline,6513,112.Great_Grey_Shrike/Great_Grey_Shrike_0032_797021.jpg,112,111,112.Great_Grey_Shrike,111,110,rotation,rotation,0,"{""angle"":2.637367}",0.10373737,0.055506021,-0.048231348,0.90146202,0.94600636,0.097143188,0.052950356,0.80431883,0.893056,0.088737171,0.8713922,0.5451882,18.667152,10.177111,False,0.98614264,True,True,True,0.8713922,0.5451882,18.667152,10.177111,0.86341047,0.54324105,18.075212,9.8191972,0.98614495,0.57364309,4.6636125,2.675249,0.8567564,0.52564808,6.5237808,3.4292128,0.85407276,0.48911377,8.6734976,4.2423271,0.84729913,0.54465804,8.7304033,4.7550843,0.85861666,0.57286798,7.9795985,4.5712565,0.904358,0.57913595,8.3084343,4.811713
0b_baseline_best,file,13,baseline,6513,112.Great_Grey_Shrike/Great_Grey_Shrike_0032_797021.jpg,112,111,112.Great_Grey_Shrike,111,110,random_resized_crop,random_resized_crop,0,"{""area_fraction"":0.82201,""aspect"":0.823506,""fallback"":false,""height"":0.999091,""left"":0.17436,""top"":0.000524,""width"":0.822758}",0.10373737,0.057688948,-0.046048421,0.90146202,0.9439435,0.097143188,0.054143265,0.80431883,0.88980024,0.085481405,0.85828448,0.55809881,18.667152,10.418115,False,0.98581582,True,True,True,0.85828448,0.55809881,18.667152,10.418115,0.85018374,0.55947904,18.075212,10.112702,0.9857628,0.53693851,4.6636125,2.5040731,0.90564981,0.53552815,6.5237808,3.4936682,0.84354757,0.52903769,8.6734976,4.5886071,0.80785789,0.57367267,8.7304033,5.0083938,0.84445018,0.58066793,7.9795985,4.633497,0.87999672,0.57031175,8.3084343,4.7383977
0b_baseline_best,file,13,baseline,6513,112.Great_Grey_Shrike/Great_Grey_Shrike_0032_797021.jpg,112,111,112.Great_Grey_Shrike,111,110,gaussian_blur,gaussian_blur,0,"{""sigma"":1.207273}",0.10373737,0.012427394,-0.091309975,0.90146202,0.9876495,0.097143188,0.010654846,0.80431883,0.97699465,0.17267582,0.70942795,0.13777036,18.667152,2.5717803,False,0.95989293,True,True,True,0.70942795,0.13777036,18.667152,2.5717803,0.69606232,0.1390213,18.075212,2.5128395,0.95683901,0.11738563,4.6636125,0.54744108,0.56724217,0.13300433,6.5237808,0.86769107,0.69966062,0.13139704,8.6734976,1.1396719,0.68660633,0.15042747,8.7304033,1.3132925,0.70762985,0.14930907,7.9795985,1.1914264,0.78396801,0.12728497,8.3084343,1.0575388
0b_baseline_best,file,13,baseline,6513,112.Great_Grey_Shrike/Great_Grey_Shrike_0032_797021.jpg,112,111,112.Great_Grey_Shrike,111,110,random_erasing,random_erasing,0,"{""area_fraction"":0.195374,""erased"":true,""height"":0.27382,""left"":0.185632,""top"":0.079105,""width"":0.713511}",0.10373737,4.2413268,4.1375894,0.90146202,0.01438849,0.097143188,0.020197073,0.80431883,-0.0058085825,-0.81012741,0.36184813,8.3978919,18.667152,156.76473,False,0.65041107,False,True,False,0.36184813,8.3978919,18.667152,156.76473,0.35968878,8.5745387,18.075212,154.98661,0.46681455,5.0484996,4.6636125,23.544246,0.45927571,9.8719705,6.5237808,64.402571,0.30067787,7.4610532,8.6734976,64.713428,0.39939518,9.3835521,8.7304033,81.922194,0.31186143,8.8804249,7.9795985,70.862225,0.35208202,7.5670009,8.3084343,62.86993
0b_baseline_best,file,13,baseline,7430,127.Savannah_Sparrow/Savannah_Sparrow_0118_118603.jpg,127,126,127.Savannah_Sparrow,128,127,identity,identity,0,{},0.14859548,0.14859548,0,0.86191767,0.86191767,0.034961037,0.034961037,0.82695664,0.82695664,0,1,1,16.553878,16.553878,False,0.99999994,True,True,True,1,1,16.553878,16.553878,1,1,16.138318,16.138318,1,1,3.6858576,3.6858576,1,1,2.9977855,2.9977855,1,1,6.2909235,6.2909235,1,1,8.4077189,8.4077189,1,1,7.8563742,7.8563742,1,1,8.9146247,8.9146247
0b_baseline_best,file,13,baseline,7430,127.Savannah_Sparrow/Savannah_Sparrow_0118_118603.jpg,127,126,127.Savannah_Sparrow,128,127,horizontal_flip,horizontal_flip,0,"{""flipped"":true}",0.14859548,0.20215972,0.053564236,0.86191767,0.81696445,0.034961037,0.049792703,0.82695664,0.76717174,-0.059784893,0.59103718,1.2426097,16.553878,20.570009,False,0.96677947,True,True,True,0.59103718,1.2426097,16.553878,20.570009,0.56865913,1.2314875,16.138318,19.874137,0.96488251,1.4393095,3.6858576,5.3050897,0.010206104,1.1917973,2.9977855,3.5727526,0.324643,1.2705468,6.2909235,7.9929124,0.58738482,1.2176491,8.4077189,10.237651,0.61207354,1.20469,7.8563742,9.4644956,0.7041516,1.2488479,8.9146247,11.13301
0b_baseline_best,file,13,baseline,7430,127.Savannah_Sparrow/Savannah_Sparrow_0118_118603.jpg,127,126,127.Savannah_Sparrow,128,127,color_jitter,color_jitter,0,"{""brightness"":1.083011,""contrast"":0.863319,""hue"":0.06326,""saturation"":0.699374}",0.14859548,0.98535776,0.83676228,0.86191767,0.37330565,0.034961037,0.043931548,0.82695664,0.3293741,-0.49758254,0.78109777,5.2383567,16.553878,86.715117,False,0.92757136,True,True,True,0.78109777,5.2383567,16.553878,86.715117,0.77672365,5.2869837,16.138318,85.323027,0.90669076,4.1986288,3.6858576,15.475548,0.68316947,5.0453908,2.9977855,15.125,0.63517182,5.9783199,6.2909235,37.609153,0.82715709,5.7035606,8.4077189,47.953934,0.82073012,5.2753914,7.8563742,41.445449,0.8014897,4.5142687,8.9146247,40.243011
0b_baseline_best,file,13,baseline,7430,127.Savannah_Sparrow/Savannah_Sparrow_0118_118603.jpg,127,126,127.Savannah_Sparrow,128,127,rotation,rotation,0,"{""angle"":10.661615}",0.14859548,0.11513308,-0.033462398,0.86191767,0.89124751,0.034961037,0.01392334,0.82695664,0.87732417,0.050367534,0.76184575,0.73959667,16.553878,12.243193,False,0.96740025,True,True,True,0.76184575,0.73959667,16.553878,12.243193,0.75122369,0.73772691,16.138318,11.905672,0.95665097,0.77456924,3.6858576,2.8549519,0.74928989,0.88692948,2.9977855,2.6588244,0.80225883,0.83700506,6.2909235,5.2655348,0.755514,0.69063621,8.4077189,5.8066751,0.7082902,0.70585349,7.8563742,5.5454492,0.75810568,0.73112377,8.9146247,6.517694
0b_baseline_best,file,13,baseline,7430,127.Savannah_Sparrow/Savannah_Sparrow_0118_118603.jpg,127,126,127.Savannah_Sparrow,128,127,random_resized_crop,random_resized_crop,0,"{""area_fraction"":0.511333,""aspect"":1.228866,""fallback"":false,""height"":0.645059,""left"":0.14723,""top"":0.174031,""width"":0.792691}",0.14859548,2.8407741,2.6921786,0.86191767,0.058380451,0.034961037,0.002037531,0.82695664,0.05634292,-0.77061372,0.55149231,10.111732,16.553878,167.38837,False,0.79322934,False,True,False,0.55149231,10.111732,16.553878,167.38837,0.54500776,10.222534,16.138318,164.9745,0.73860025,7.6846517,3.6858576,28.324532,0.62787655,21.433531,2.9977855,64.25313,0.52405854,12.705765,6.2909235,79.930997,0.64006531,9.9962714,8.4077189,84.04584,0.56072568,9.2782118,7.8563742,72.893104,0.50023521,7.3746567,8.9146247,65.742297
0b_baseline_best,file,13,baseline,7430,127.Savannah_Sparrow/Savannah_Sparrow_0118_118603.jpg,127,126,127.Savannah_Sparrow,128,127,gaussian_blur,gaussian_blur,0,"{""sigma"":1.710812}",0.14859548,1.113066,0.96447048,0.86191767,0.3285501,0.034961037,0.058544416,0.82695664,0.27000568,-0.55695095,0.4241541,7.9408943,16.553878,131.45259,False,0.86340928,True,True,True,0.4241541,7.9408943,16.553878,131.45259,0.41103561,8.0452749,16.138318,129.83721,0.81499683,5.5739184,3.6858576,20.54467,0.45896845,10.489402,2.9977855,31.444977,0.3399823,10.84304,6.2909235,68.212733,0.30881764,8.289392,8.4077189,69.694878,0.46840089,7.7473969,7.8563742,60.866449,0.58174965,5.7787517,8.9146247,51.515403
0b_baseline_best,file,13,baseline,7430,127.Savannah_Sparrow/Savannah_Sparrow_0118_118603.jpg,127,126,127.Savannah_Sparrow,128,127,random_erasing,random_erasing,0,"{""area_fraction"":0.129831,""erased"":true,""height"":0.634093,""left"":0.620787,""top"":0.22975,""width"":0.204751}",0.14859548,0.076896839,-0.071698643,0.86191767,0.9259854,0.034961037,0.0098866057,0.82695664,0.91609879,0.089142153,0.92357696,0.5749018,16.553878,9.5168542,False,0.98089826,True,True,True,0.92357696,0.5749018,16.553878,9.5168542,0.92132164,0.57699197,16.138318,9.3116802,0.97309926,0.53324995,3.6858576,1.9654834,0.92625706,0.57868709,2.9977855,1.7347798,0.91876853,0.67639995,6.2909235,4.2551803,0.93420032,0.59761586,8.4077189,5.0245862,0.91385443,0.54358422,7.8563742,4.2706011,0.92839064,0.5274248,8.9146247,4.7017941
0b_baseline_best,file,13,baseline,1772,032.Mangrove_Cuckoo/Mangrove_Cuckoo_0015_26380.jpg,32,31,032.Mangrove_Cuckoo,33,32,identity,identity,0,{},3.6414444,3.6414444,0,0.026214449,0.026214449,0.62992114,0.62992114,-0.60370669,-0.60370669,0,1,1,120.66344,120.66344,False,1.0000001,True,False,False,1,1,120.66344,120.66344,1,1,116.22236,116.22236,1,1,32.434981,32.434981,1,1,21.069544,21.069544,1,1,42.897125,42.897125,1,1,63.043699,63.043699,1,1,58.427786,58.427786,1,1,61.929271,61.929271
0b_baseline_best,file,13,baseline,1772,032.Mangrove_Cuckoo/Mangrove_Cuckoo_0015_26380.jpg,32,31,032.Mangrove_Cuckoo,33,32,horizontal_flip,horizontal_flip,0,"{""flipped"":true}",3.6414444,2.9766726,-0.6647718,0.026214449,0.050962117,0.62992114,0.49054822,-0.60370669,-0.43958611,0.16412058,0.64194751,1.1638228,120.66344,140.43087,False,0.94946498,True,False,False,0.64194751,1.1638228,120.66344,140.43087,0.62547012,1.1819362,116.22236,137.36742,0.94269951,0.89940695,32.434981,29.172247,0.43627745,1.2763174,21.069544,26.891426,0.50730289,1.3320838,42.897125,57.142565,0.63486194,1.2743416,63.043699,80.339206,0.62853559,1.1575178,58.427786,67.631203,0.72730169,1.0023159,61.929271,62.072693
0b_baseline_best,file,13,baseline,1772,032.Mangrove_Cuckoo/Mangrove_Cuckoo_0015_26380.jpg,32,31,032.Mangrove_Cuckoo,33,32,color_jitter,color_jitter,0,"{""brightness"":0.787935,""contrast"":0.633835,""hue"":0.075012,""saturation"":0.861509}",3.6414444,1.5655926,-2.0758518,0.026214449,0.20896414,0.62992114,0.079723172,-0.60370669,0.12924097,0.73294766,0.50793318,1.1995237,120.66344,144.73866,False,0.78725433,False,False,True,0.50793318,1.1995237,120.66344,144.73866,0.50291835,1.2286449,116.22236,142.79601,0.68408622,0.72866529,32.434981,23.634245,0.11452444,1.6282924,21.069544,34.307379,0.47992889,1.6639938,42.897125,71.380551,0.60517094,1.2756505,63.043699,80.421727,0.50404294,1.0543533,58.427786,61.603527,0.49710711,1.0026871,61.929271,62.095682
0b_baseline_best,file,13,baseline,1772,032.Mangrove_Cuckoo/Mangrove_Cuckoo_0015_26380.jpg,32,31,032.Mangrove_Cuckoo,33,32,rotation,rotation,0,"{""angle"":12.145537}",3.6414444,3.3735154,-0.26792908,0.026214449,0.03426896,0.62992114,0.71736509,-0.60370669,-0.68309613,-0.079389436,0.61509073,1.2613155,120.66344,152.19466,False,0.95507699,True,False,False,0.61509073,1.2613155,120.66344,152.19466,0.59452879,1.277044,116.22236,148.42108,0.95218121,1.0384116,32.434981,33.680862,0.45518684,1.3466044,21.069544,28.372342,0.42118445,1.4809522,42.897125,63.528593,0.54620932,1.3582754,63.043699,85.630706,0.63044987,1.288738,58.427786,75.29811,0.77704017,1.0446691,61.929271,64.695599
0b_baseline_best,file,13,baseline,1772,032.Mangrove_Cuckoo/Mangrove_Cuckoo_0015_26380.jpg,32,31,032.Mangrove_Cuckoo,33,32,random_resized_crop,random_resized_crop,0,"{""area_fraction"":0.822768,""aspect"":0.891508,""fallback"":false,""height"":0.960674,""left"":0.085782,""top"":0.026364,""width"":0.856448}",3.6414444,2.3667278,-1.2747166,0.026214449,0.093787104,0.62992114,0.55190665,-0.60370669,-0.45811954,0.14558715,0.70475904,1.0878781,120.66344,131.26712,False,0.95584404,True,False,False,0.70475904,1.0878781,120.66344,131.26712,0.68981394,1.1014821,116.22236,128.01685,0.95523344,0.89502151,32.434981,29.030006,0.53777713,1.3671569,21.069544,28.805372,0.53452623,1.1678422,42.897125,50.097071,0.68958854,1.1646055,63.043699,73.421038,0.71401341,1.1246449,58.427786,65.71051,0.79765627,0.93325139,61.929271,57.795579
0b_baseline_best,file,13,baseline,1772,032.Mangrove_Cuckoo/Mangrove_Cuckoo_0015_26380.jpg,32,31,032.Mangrove_Cuckoo,33,32,gaussian_blur,gaussian_blur,0,"{""sigma"":1.062001}",3.6414444,2.9219682,-0.71947622,0.026214449,0.05382764,0.62992114,0.40825713,-0.60370669,-0.35442949,0.2492772,0.62894574,1.1379651,120.66344,137.31078,False,0.90203846,True,False,False,0.62894574,1.1379651,120.66344,137.31078,0.61609453,1.1574499,116.22236,134.52156,0.88269196,0.84894268,32.434981,27.53544,0.485743,1.3291544,21.069544,28.004678,0.56166899,1.4310755,42.897125,61.389024,0.60096337,1.1700121,63.043699,73.761888,0.62722663,1.1598027,58.427786,67.764702,0.70548352,0.95670154,61.929271,59.247829
0b_baseline_best,file,13,baseline,1772,032.Mangrove_Cuckoo/Mangrove_Cuckoo_0015_26380.jpg,32,31,032.Mangrove_Cuckoo,33,32,random_erasing,random_erasing,0,"{""area_fraction"":0.106075,""erased"":true,""height"":0.423582,""left"":0.498486,""top"":0.081936,""width"":0.250425}",3.6414444,3.2700787,-0.37136579,0.026214449,0.038003437,0.62992114,0.56155568,-0.60370669,-0.52355225,0.080154443,0.7620809,1.2461898,120.66344,150.36955,False,0.9183827,True,False,False,0.7620809,1.2461898,120.66344,150.36955,0.75388864,1.263367,116.22236,146.8315,0.91473361,0.99975475,32.434981,32.427026,0.80996416,1.1536449,21.069544,24.306772,0.75098345,1.3369828,42.897125,57.352721,0.74542605,1.3461443,63.043699,84.865913,0.77087504,1.2572399,58.427786,73.457742,0.74890024,1.1510169,61.929271,71.281639
0b_baseline_best,file,13,baseline,5158,089.Hooded_Merganser/Hooded_Merganser_0089_796740.jpg,89,88,089.Hooded_Merganser,106,105,identity,identity,0,{},0.00022253898,0.00022253898,0,0.9997775,0.9997775,2.1998059e-05,2.1998059e-05,0.9997555,0.9997555,0,1,1,0.032180695,0.032180695,False,1,True,True,True,1,1,0.032180695,0.032180695,1,1,0.03146035,0.03146035,1,1,0.0067707802,0.0067707802,1,1,0.0056542918,0.0056542918,1,1,0.011895556,0.011895556,1,1,0.01439801,0.01439801,1,1,0.016183999,0.016183999,1,1,0.018629382,0.018629382
0b_baseline_best,file,13,baseline,5158,089.Hooded_Merganser/Hooded_Merganser_0089_796740.jpg,89,88,089.Hooded_Merganser,106,105,horizontal_flip,horizontal_flip,0,"{""flipped"":true}",0.00022253898,0.0028149763,0.0025924373,0.9997775,0.99718899,2.1998059e-05,0.00018155943,0.9997555,0.99700743,-0.0027480719,0.66127202,12.633367,0.032180695,0.40655053,False,0.9803949,True,True,True,0.66127202,12.633367,0.032180695,0.40655053,0.6490901,12.710483,0.03146035,0.39987625,0.97790861,10.835425,0.0067707802,0.073364281,0.1870462,13.866603,0.0056542918,0.078405822,0.52159414,12.266584,0.011895556,0.14591784,0.65926892,14.13373,0.01439801,0.20349759,0.62814702,12.83699,0.016183999,0.20775383,0.76869447,11.746747,0.018629382,0.21883464
0b_baseline_best,file,13,baseline,5158,089.Hooded_Merganser/Hooded_Merganser_0089_796740.jpg,89,88,089.Hooded_Merganser,106,105,color_jitter,color_jitter,0,"{""brightness"":1.075267,""contrast"":1.075833,""hue"":-0.013664,""saturation"":1.199768}",0.00022253898,0.00036638224,0.00014384327,0.9997775,0.99963367,2.1998059e-05,3.9792569e-05,0.9997555,0.99959388,-0.00016162052,0.92294312,1.6529605,0.032180695,0.053193417,False,0.99411619,True,True,True,0.92294312,1.6529605,0.032180695,0.053193417,0.91975887,1.6549028,0.03146035,0.052063821,0.99391527,1.6104557,0.0067707802,0.010904041,0.84004121,1.5655721,0.0056542918,0.0088522016,0.89506117,1.6430673,0.011895556,0.019545198,0.91056771,1.6563048,0.01439801,0.023847494,0.91905243,1.6391993,0.016183999,0.026528799,0.94265835,1.6785074,0.018629382,0.031269555
0b_baseline_best,file,13,baseline,5158,089.Hooded_Merganser/Hooded_Merganser_0089_796740.jpg,89,88,089.Hooded_Merganser,106,105,rotation,rotation,0,"{""angle"":8.195938}",0.00022253898,0.00073679956,0.00051426058,0.9997775,0.99926347,2.1998059e-05,4.3534143e-05,0.9997555,0.99921993,-0.00053556654,0.76864644,3.4158977,0.032180695,0.10992596,False,0.97381282,True,True,True,0.76864644,3.4158977,0.032180695,0.10992596,0.76025704,3.4274605,0.03146035,0.10782911,0.96786711,3.155944,0.0067707802,0.021368203,0.57978929,2.9973752,0.0056542918,0.016948034,0.67646618,3.2991385,0.011895556,0.039245086,0.77487081,3.7582297,0.01439801,0.05411103,0.7418524,3.50774,0.016183999,0.056769259,0.81967764,3.2425419,0.018629382,0.060406553
0b_baseline_best,file,13,baseline,5158,089.Hooded_Merganser/Hooded_Merganser_0089_796740.jpg,89,88,089.Hooded_Merganser,106,105,random_resized_crop,random_resized_crop,0,"{""area_fraction"":0.770013,""aspect"":0.941542,""fallback"":false,""height"":0.904335,""left"":0.038871,""top"":0.085664,""width"":0.851469}",0.00022253898,0.0011181538,0.00089561482,0.9997775,0.99888247,2.1998059e-05,6.506512e-05,0.9997555,0.99881741,-0.00093809041,0.77463505,5.0897158,0.032180695,0.16379059,False,0.9740873,True,True,True,0.77463505,5.0897158,0.032180695,0.16379059,0.7663527,5.1071402,0.03146035,0.16067242,0.97162555,4.6977916,0.0067707802,0.031807714,0.71610766,4.6650508,0.0056542918,0.026377558,0.69604408,5.1153367,0.011895556,0.060849774,0.78319769,5.5564621,0.01439801,0.080001999,0.74657756,4.9654305,0.016183999,0.080360519,0.80651752,4.9660793,0.018629382,0.09251499
0b_baseline_best,file,13,baseline,5158,089.Hooded_Merganser/Hooded_Merganser_0089_796740.jpg,89,88,089.Hooded_Merganser,106,105,gaussian_blur,gaussian_blur,0,"{""sigma"":1.866488}",0.00022253898,0.0023148665,0.0020923275,0.9997775,0.99768782,2.1998059e-05,0.00019208572,0.9997555,0.99749573,-0.0022597669,0.49772571,12.285942,0.032180695,0.39537016,False,0.92019266,True,True,True,0.49772571,12.285942,0.032180695,0.39537016,0.4825801,12.382431,0.03146035,0.38955562,0.91474659,9.977767,0.0067707802,0.067557267,-0.10313409,14.374104,0.0056542918,0.081275376,0.24205197,12.296513,0.011895556,0.14627386,0.51583021,15.165519,0.01439801,0.21835329,0.49745459,12.85737,0.016183999,0.20808366,0.66522982,9.7178926,0.018629382,0.18103833
0b_baseline_best,file,13,baseline,5158,089.Hooded_Merganser/Hooded_Merganser_0089_796740.jpg,89,88,089.Hooded_Merganser,106,105,random_erasing,random_erasing,0,"{""area_fraction"":0.150899,""erased"":true,""height"":0.503793,""left"":0.589024,""top"":0.346008,""width"":0.299526}",0.00022253898,0.00017975146,-4.278752e-05,0.9997775,0.99982029,2.1998059e-05,1.4400493e-05,0.9997555,0.99980589,5.0393702e-05,0.85774583,0.77085401,0.032180695,0.024806618,False,0.98397225,True,True,True,0.85774583,0.77085401,0.032180695,0.024806618,0.85166022,0.76768237,0.03146035,0.024151556,0.98134088,0.8364016,0.0067707802,0.0056630913,0.87222655,0.65970164,0.0056542918,0.0037301456,0.82481137,0.7688626,0.011895556,0.0091460479,0.84479495,0.77571776,0.01439801,0.011168792,0.82029915,0.73173926,0.016183999,0.011842467,0.88842302,0.79753454,0.018629382,0.014857576
0b_baseline_best,file,13,baseline,10638,181.Worm_eating_Warbler/Worm_Eating_Warbler_0006_176037.jpg,181,180,181.Worm_eating_Warbler,195,194,identity,identity,0,{},0.0018697176,0.0018697176,0,0.99813205,0.99813205,0.0011222513,0.0011222513,0.9970098,0.9970098,0,1,1,0.35471903,0.35471903,False,1,True,True,True,1,1,0.35471903,0.35471903,1,1,0.34794988,0.34794988,1,1,0.068967213,0.068967213,1,1,0.070533145,0.070533145,1,1,0.1822698,0.1822698,1,1,0.1987153,0.1987153,1,1,0.151903,0.151903,1,1,0.14251182,0.14251182
0b_baseline_best,file,13,baseline,10638,181.Worm_eating_Warbler/Worm_Eating_Warbler_0006_176037.jpg,181,180,181.Worm_eating_Warbler,195,194,horizontal_flip,horizontal_flip,0,"{""flipped"":true}",0.0018697176,0.0015989864,-0.00027073117,0.99813205,0.9984023,0.0011222513,0.00067932048,0.9970098,0.99772298,0.00071317825,0.78241212,0.67027268,0.35471903,0.23775848,False,0.98903662,True,True,True,0.78241212,0.67027268,0.35471903,0.23775848,0.77378681,0.66503125,0.34794988,0.23139754,0.97818908,0.79209344,0.068967213,0.054628477,0.79907397,0.63655675,0.070533145,0.04489835,0.80858309,0.61881501,0.1822698,0.11279129,0.79686993,0.63668808,0.1987153,0.12651967,0.71177186,0.68655224,0.151903,0.10428934,0.76067326,0.7662186,0.14251182,0.1091952
0b_baseline_best,file,13,baseline,10638,181.Worm_eating_Warbler/Worm_Eating_Warbler_0006_176037.jpg,181,180,181.Worm_eating_Warbler,195,194,color_jitter,color_jitter,0,"{""brightness"":1.015284,""contrast"":0.716122,""hue"":0.062165,""saturation"":0.914203}",0.0018697176,0.000473983,-0.0013957346,0.99813205,0.99952614,0.0011222513,5.7575471e-05,0.9970098,0.99946857,0.0024587688,0.40436229,0.20085385,0.35471903,0.071246684,False,0.96195197,True,True,True,0.40436229,0.20085385,0.35471903,0.071246684,0.38352339,0.1994667,0.34794988,0.069404415,0.86244472,0.23340244,0.068967213,0.016097116,0.21548844,0.14795852,0.070533145,0.01043598,0.24149471,0.17931866,0.1822698,0.032684377,0.24952505,0.17730866,0.1987153,0.035233945,0.48469395,0.20771376,0.151903,0.031552342,0.67339822,0.26281436,0.14251182,0.037454152
0b_baseline_best,file,13,baseline,10638,181.Worm_eating_Warbler/Worm_Eating_Warbler_0006_176037.jpg,181,180,181.Worm_eating_Warbler,195,194,rotation,rotation,0,"{""angle"":4.131689}",0.0018697176,0.00032121743,-0.0015485002,0.99813205,0.99967885,0.0011222513,0.0001597997,0.9970098,0.99951905,0.0025092517,0.81239327,0.14596862,0.35471903,0.051777847,False,0.98824787,True,True,True,0.81239327,0.14596862,0.35471903,0.051777847,0.80497118,0.14419415,0.34794988,0.050172338,0.98389171,0.1855059,0.068967213,0.012793825,0.74656578,0.12536434,0.070533145,0.0088423414,0.79956843,0.13761923,0.1822698,0.02508383,0.81324874,0.13599876,0.1987153,0.027025035,0.78596648,0.14868127,0.151903,0.02258513,0.84324333,0.16744496,0.14251182,0.023862886
0b_baseline_best,file,13,baseline,10638,181.Worm_eating_Warbler/Worm_Eating_Warbler_0006_176037.jpg,181,180,181.Worm_eating_Warbler,195,194,random_resized_crop,random_resized_crop,0,"{""area_fraction"":0.663564,""aspect"":0.963299,""fallback"":false,""height"":0.829967,""left"":0.126786,""top"":0.045853,""width"":0.799507}",0.0018697176,0.00070034771,-0.0011693699,0.99813205,0.99929988,0.0011222513,0.0002289026,0.9970098,0.99907098,0.0020611825,0.7818313,0.31500417,0.35471903,0.11173798,False,0.97791231,True,True,True,0.7818313,0.31500417,0.35471903,0.11173798,0.77516351,0.3126388,0.34794988,0.10878263,0.93585316,0.37015702,0.068967213,0.025528698,0.72473089,0.30134864,0.070533145,0.021255067,0.72648743,0.28529943,0.1822698,0.052001471,0.83780248,0.29827935,0.1987153,0.059272672,0.75149597,0.31820416,0.151903,0.048336166,0.78937964,0.37316091,0.14251182,0.053179839
0b_baseline_best,file,13,baseline,10638,181.Worm_eating_Warbler/Worm_Eating_Warbler_0006_176037.jpg,181,180,181.Worm_eating_Warbler,195,194,gaussian_blur,gaussian_blur,0,"{""sigma"":1.193176}",0.0018697176,0.00033241944,-0.0015372982,0.99813205,0.99966764,0.0011222513,0.00010452115,0.9970098,0.99956312,0.0025533246,0.34092261,0.14423228,0.35471903,0.051161933,False,0.94186705,True,True,True,0.34092261,0.14423228,0.35471903,0.051161933,0.31547909,0.14326847,0.34794988,0.049850246,0.90065425,0.16690114,0.068967213,0.011510707,-0.25585305,0.16734113,0.070533145,0.011803096,0.14132225,0.1247524,0.1822698,0.022738595,0.24690578,0.13458285,0.1987153,0.026743672,0.43714484,0.15297394,0.151903,0.0232372,0.65757492,0.16804105,0.14251182,0.023947835
0b_baseline_best,file,13,baseline,10638,181.Worm_eating_Warbler/Worm_Eating_Warbler_0006_176037.jpg,181,180,181.Worm_eating_Warbler,195,194,random_erasing,random_erasing,0,"{""area_fraction"":0.142728,""erased"":true,""height"":0.472785,""left"":0.172353,""top"":0.03404,""width"":0.301889}",0.0018697176,0.0031274478,0.0012577302,0.99813205,0.99687743,0.0011222513,0.0019095066,0.9970098,0.99496793,-0.0020418735,0.93261182,1.5495538,0.35471903,0.54965622,False,0.99287474,True,True,True,0.93261182,1.5495538,0.35471903,0.54965622,0.93017669,1.5465123,0.34794988,0.53810877,0.99269773,1.6250546,0.068967213,0.11207549,0.95163345,1.5564003,0.070533145,0.10977781,0.94542425,1.4879105,0.1822698,0.27120115,0.94605122,1.5636633,0.1987153,0.31072383,0.9024106,1.5570456,0.151903,0.2365199,0.90385117,1.5919204,0.14251182,0.22686747
0b_baseline_best,file,13,baseline,2832,050.Eared_Grebe/Eared_Grebe_0068_34052.jpg,50,49,050.Eared_Grebe,51,50,identity,identity,0,{},0.082185663,0.082185663,0,0.92110091,0.92110091,0.023479449,0.023479449,0.89762147,0.89762147,0,1,1,10.837345,10.837345,False,1,True,True,True,1,1,10.837345,10.837345,1,1,10.651499,10.651499,1,1,1.9984025,1.9984025,1,1,1.9523489,1.9523489,1,1,4.96477,4.96477,1,1,6.093459,6.093459,1,1,4.759461,4.759461,1,1,5.0210677,5.0210677
0b_baseline_best,file,13,baseline,2832,050.Eared_Grebe/Eared_Grebe_0068_34052.jpg,50,49,050.Eared_Grebe,51,50,horizontal_flip,horizontal_flip,0,"{""flipped"":true}",0.082185663,0.047822125,-0.034363538,0.92110091,0.95330334,0.023479449,0.0065334411,0.89762147,0.9467699,0.04914843,0.70655573,0.51075272,10.837345,5.5352036,False,0.96387815,True,True,True,0.70655573,0.51075272,10.837345,5.5352036,0.69717077,0.50889458,10.651499,5.4204904,0.9516512,0.56097526,1.9984025,1.1210543,0.59803371,0.56779097,1.9523489,1.1085261,0.69710382,0.5407177,4.96477,2.684539,0.74298828,0.44965408,6.093459,2.7399487,0.67596047,0.50639536,4.759461,2.410169,0.68553831,0.55012759,5.0210677,2.7622279
0b_baseline_best,file,13,baseline,2832,050.Eared_Grebe/Eared_Grebe_0068_34052.jpg,50,49,050.Eared_Grebe,51,50,color_jitter,color_jitter,0,"{""brightness"":1.036719,""contrast"":1.174383,""hue"":0.036896,""saturation"":1.120726}",0.082185663,0.03385219,-0.048333474,0.92110091,0.96671438,0.023479449,0.0046604672,0.89762147,0.96205392,0.064432449,0.87441816,0.37103176,10.837345,4.0209993,False,0.9790982,True,True,True,0.87441816,0.37103176,10.837345,4.0209993,0.8710846,0.36870517,10.651499,3.9272629,0.96579523,0.43192395,1.9984025,0.86315789,0.70387248,0.28869994,1.9523489,0.563643,0.84658438,0.32794151,4.96477,1.6281542,0.89090424,0.34913714,6.093459,2.1274528,0.87198941,0.37620175,4.759461,1.7905176,0.90181451,0.43281664,5.0210677,2.1732017
0b_baseline_best,file,13,baseline,2832,050.Eared_Grebe/Eared_Grebe_0068_34052.jpg,50,49,050.Eared_Grebe,51,50,rotation,rotation,0,"{""angle"":9.881167}",0.082185663,0.23542082,0.15323516,0.92110091,0.79023826,0.023479449,0.035406657,0.89762147,0.7548316,-0.14278986,0.75303061,2.5773485,10.837345,27.931616,False,0.94998693,True,True,True,0.75303061,2.5773485,10.837345,27.931616,0.74681742,2.5816963,10.651499,27.498937,0.93997204,2.450611,1.9984025,4.8973071,0.62273231,2.1215926,1.9523489,4.1420889,0.75430073,2.6040726,4.96477,12.928622,0.79182237,2.4508668,6.093459,14.934256,0.70764689,2.730915,4.759461,12.997684,0.73439656,2.6713815,5.0210677,13.413188
0b_baseline_best,file,13,baseline,2832,050.Eared_Grebe/Eared_Grebe_0068_34052.jpg,50,49,050.Eared_Grebe,51,50,random_resized_crop,random_resized_crop,0,"{""area_fraction"":0.64808,""aspect"":0.910228,""fallback"":false,""height"":0.8438,""left"":0.125355,""top"":0.117947,""width"":0.76805}",0.082185663,0.1527759,0.070590235,0.92110091,0.85832202,0.023479449,0.03044901,0.89762147,0.82787301,-0.069748452,0.68830814,1.9994418,10.837345,21.668641,False,0.94012231,True,True,True,0.68830814,1.9994418,10.837345,21.668641,0.68099733,2.0076567,10.651499,21.384554,0.93288276,1.7500304,1.9984025,3.4972651,0.48967101,3.5341627,1.9523489,6.8999186,0.70177924,2.1540964,4.96477,10.694593,0.75266803,1.9536894,6.093459,11.904726,0.64272785,1.8625656,4.759461,8.8648083,0.67931115,1.7248824,5.0210677,8.6607515
0b_baseline_best,file,13,baseline,2832,050.Eared_Grebe/Eared_Grebe_0068_34052.jpg,50,49,050.Eared_Grebe,51,50,gaussian_blur,gaussian_blur,0,"{""sigma"":1.648252}",0.082185663,1.2627916,1.180606,0.92110091,0.28286329,0.023479449,0.017891472,0.89762147,0.26497182,-0.63264965,0.48371792,12.200461,10.837345,132.22061,False,0.83915389,True,True,True,0.48371792,12.200461,10.837345,132.22061,0.47669899,12.304477,10.651499,131.06113,0.79214768,8.7429733,1.9984025,17.471979,0.16592016,15.126429,1.9523489,29.532067,0.41288222,14.661637,4.96477,72.791657,0.53352383,12.34818,6.093459,75.243126,0.49271299,11.477063,4.759461,54.624634,0.54916229,9.6769858,5.0210677,48.588802
0b_baseline_best,file,13,baseline,2832,050.Eared_Grebe/Eared_Grebe_0068_34052.jpg,50,49,050.Eared_Grebe,51,50,random_erasing,random_erasing,0,"{""area_fraction"":0.058235,""erased"":true,""height"":0.178584,""left"":0.623857,""top"":0.741301,""width"":0.32609}",0.082185663,0.1217258,0.039540134,0.92110091,0.88539112,0.023479449,0.024248585,0.89762147,0.86114253,-0.036478935,0.94945128,1.4373658,10.837345,15.57723,False,0.98812515,True,True,True,0.94945128,1.4373658,10.837345,15.57723,0.94828294,1.4390813,10.651499,15.328374,0.98447649,1.3877452,1.9984025,2.7732735,0.91816798,1.331745,1.9523489,2.6000309,0.95755956,1.4863768,4.96477,7.3795189,0.95548238,1.4030742,6.093459,8.5495752,0.9340482,1.4593832,4.759461,6.9458773,0.94718626,1.4416978,5.0210677,7.2388625
0b_baseline_best,file,13,baseline,10225,174.Palm_Warbler/Palm_Warbler_0126_170311.jpg,174,173,174.Palm_Warbler,156,155,identity,identity,0,{},2.3178504,2.3178504,0,0.09848506,0.09848506,0.17772652,0.17772652,-0.079241462,-0.079241462,0,1,1,162.54488,162.54488,False,1,True,False,False,1,1,162.54488,162.54488,1,1,160.51819,160.51819,1,1,25.588067,25.588067,1,1,51.571496,51.571496,1,1,80.072725,80.072725,1,1,85.836822,85.836822,1,1,71.971512,71.971512,1,1,64.396966,64.396966
0b_baseline_best,file,13,baseline,10225,174.Palm_Warbler/Palm_Warbler_0126_170311.jpg,174,173,174.Palm_Warbler,156,155,horizontal_flip,horizontal_flip,0,"{""flipped"":true}",2.3178504,2.2617178,-0.056132555,0.09848506,0.1041714,0.17772652,0.080149181,-0.079241462,0.024022214,0.10326368,0.56493147,1.0972862,162.54488,178.35824,False,0.97016871,False,False,False,0.56493147,1.0972862,162.54488,178.35824,0.55606127,1.0987088,160.51819,176.36274,0.93462718,1.0397571,25.588067,26.605374,0.33501032,0.85831384,51.571496,44.264528,0.48648094,1.1170351,80.072725,89.444048,0.5830465,1.1337713,85.836822,97.319322,0.57987338,1.1306604,71.971512,81.375341,0.70488929,1.103655,64.396966,71.072036
0b_baseline_best,file,13,baseline,10225,174.Palm_Warbler/Palm_Warbler_0126_170311.jpg,174,173,174.Palm_Warbler,156,155,color_jitter,color_jitter,0,"{""brightness"":1.286146,""contrast"":1.076523,""hue"":0.03349,""saturation"":1.188609}",2.3178504,2.4669528,0.14910245,0.09848506,0.084842987,0.17772652,0.061987616,-0.079241462,0.022855371,0.10209683,0.78061338,0.9803985,162.54488,159.35875,False,0.92613024,False,False,False,0.78061338,0.9803985,162.54488,159.35875,0.77791296,0.98033917,160.51819,157.36227,0.88662591,0.98273036,25.588067,25.14617,0.85519426,1.112479,51.571496,57.372204,0.78954626,0.93063981,80.072725,74.518865,0.75648876,1.0001565,85.836822,85.850253,0.76396214,0.98809218,71.971512,71.114488,0.7683699,0.91746986,64.396966,59.082275
0b_baseline_best,file,13,baseline,10225,174.Palm_Warbler/Palm_Warbler_0126_170311.jpg,174,173,174.Palm_Warbler,156,155,rotation,rotation,0,"{""angle"":9.913804}",2.3178504,3.1577976,0.83994722,0.09848506,0.042519286,0.17772652,0.13767307,-0.079241462,-0.095153779,-0.015912317,0.7975347,1.1058507,162.54488,179.75037,False,0.95148444,False,False,False,0.7975347,1.1058507,162.54488,179.75037,0.79405392,1.10436,160.51819,177.26986,0.92864588,1.1629982,25.588067,29.758876,0.79481464,1.0740691,51.571496,55.391348,0.80646515,1.0281121,80.072725,82.323736,0.78978906,1.1330175,85.836822,97.254618,0.77762568,1.135978,71.971512,81.758056,0.80859803,1.1449563,64.396966,73.731712
0b_baseline_best,file,13,baseline,10225,174.Palm_Warbler/Palm_Warbler_0126_170311.jpg,174,173,174.Palm_Warbler,156,155,random_resized_crop,random_resized_crop,0,"{""area_fraction"":0.851374,""aspect"":0.949617,""fallback"":false,""height"":0.946861,""left"":0.009272,""top"":0.001164,""width"":0.899155}",2.3178504,2.9932146,0.67536426,0.09848506,0.050126038,0.17772652,0.046814106,-0.079241462,0.0033119321,0.082553394,0.81160961,1.1760475,162.54488,191.16049,False,0.97903359,False,False,False,0.81160961,1.1760475,162.54488,191.16049,0.80830413,1.1783584,160.51819,189.14795,0.95631727,1.0811933,25.588067,27.665646,0.89387676,1.278874,51.571496,65.953447,0.82694896,1.1213866,80.072725,89.79248,0.79507188,1.2519695,85.836822,107.46509,0.76041689,1.166077,71.971512,83.924325,0.81558011,1.0727568,64.396966,69.082282
0b_baseline_best,file,13,baseline,10225,174.Palm_Warbler/Palm_Warbler_0126_170311.jpg,174,173,174.Palm_Warbler,156,155,gaussian_blur,gaussian_blur,0,"{""sigma"":1.698273}",2.3178504,3.6944633,1.3766129,0.09848506,0.024860794,0.17772652,0.032522462,-0.079241462,-0.0076616686,0.071579793,0.54430206,0.91987432,162.54488,149.52086,False,0.87630463,False,False,False,0.54430206,0.91987432,162.54488,149.52086,0.5351608,0.91352605,160.51819,146.63754,0.84525636,1.1420115,25.588067,29.221868,0.36250411,0.6702927,51.571496,34.567997,0.52070308,0.75448113,80.072725,60.41336,0.52724971,1.0156065,85.836822,87.176433,0.57810488,0.98457896,71.971512,70.861637,0.62025294,0.98662101,64.396966,63.5354
0b_baseline_best,file,13,baseline,10225,174.Palm_Warbler/Palm_Warbler_0126_170311.jpg,174,173,174.Palm_Warbler,156,155,random_erasing,random_erasing,0,"{""area_fraction"":0.053966,""erased"":true,""height"":0.273573,""left"":0.696414,""top"":0.0138,""width"":0.197263}",2.3178504,2.524791,0.20694065,0.09848506,0.080075048,0.17772652,0.14581388,-0.079241462,-0.065738834,0.013502628,0.98220828,0.98368436,162.54488,159.89285,False,0.99467218,False,False,False,0.98220828,0.98368436,162.54488,159.89285,0.98192352,0.98311078,160.51819,157.80716,0.99341276,1.0059967,25.588067,25.741511,0.99153971,0.95391239,51.571496,49.194689,0.98841739,0.96532574,80.072725,77.296262,0.98661688,0.99419757,85.836822,85.33876,0.9755277,0.98562878,71.971512,70.937194,0.96689891,1.0055922,64.396966,64.757089
0b_baseline_best,file,13,baseline,460,009.Brewer_Blackbird/Brewer_Blackbird_0018_2261.jpg,9,8,009.Brewer_Blackbird,11,10,identity,identity,0,{},0.082448386,0.082448386,0,0.92085898,0.92085898,0.046734672,0.046734672,0.87412431,0.87412431,0,1,1,9.8209633,9.8209633,False,1,True,True,True,1,1,9.8209633,9.8209633,1,1,9.3878092,9.3878092,1,1,2.884503,2.884503,1,1,2.5409159,2.5409159,1,1,3.6292858,3.6292858,1,1,3.8903626,3.8903626,1,1,4.6696141,4.6696141,1,1,5.6180758,5.6180758
0b_baseline_best,file,13,baseline,460,009.Brewer_Blackbird/Brewer_Blackbird_0018_2261.jpg,9,8,009.Brewer_Blackbird,11,10,horizontal_flip,horizontal_flip,0,"{""flipped"":true}",0.082448386,0.11485245,0.032404065,0.92085898,0.89149767,0.046734672,0.042865314,0.87412431,0.84863236,-0.025491949,0.64096292,1.5270986,9.8209633,14.997579,False,0.9772554,True,True,True,0.64096292,1.5270986,9.8209633,14.997579,0.61797369,1.5520064,9.3878092,14.56994,0.96340118,1.2327504,2.884503,3.5558723,0.55367835,1.9429137,2.5409159,4.9367802,0.53042097,1.699339,3.6292858,6.1673867,0.57637467,1.6983953,3.8903626,6.6073736,0.58450926,1.5506899,4.6696141,7.2411233,0.75552253,1.3053791,5.6180758,7.3337189
0b_baseline_best,file,13,baseline,460,009.Brewer_Blackbird/Brewer_Blackbird_0018_2261.jpg,9,8,009.Brewer_Blackbird,11,10,color_jitter,color_jitter,0,"{""brightness"":0.906213,""contrast"":0.73661,""hue"":0.072153,""saturation"":0.851419}",0.082448386,0.10330087,0.020852484,0.92085898,0.90185559,0.046734672,0.074932337,0.87412431,0.82692325,-0.047201056,0.69561486,1.3631632,9.8209633,13.387576,False,0.97536159,True,True,True,0.69561486,1.3631632,9.8209633,13.387576,0.67137326,1.3662709,9.3878092,12.826291,0.95966229,1.3298,2.884503,3.8358122,0.33904806,1.4938105,2.5409159,3.7956468,0.5066837,1.5551617,3.6292858,5.6441264,0.58233465,1.4045596,3.8903626,5.4642462,0.75710158,1.3555185,4.6696141,6.3297484,0.83047041,1.2373912,5.6180758,6.9517574
0b_baseline_best,file,13,baseline,460,009.Brewer_Blackbird/Brewer_Blackbird_0018_2261.jpg,9,8,009.Brewer_Blackbird,11,10,rotation,rotation,0,"{""angle"":-7.595293}",0.082448386,0.015402769,-0.067045617,0.92085898,0.98471522,0.046734672,0.012664382,0.87412431,0.97205084,0.097926534,0.7341283,0.21620065,9.8209633,2.1232987,False,0.97501516,True,True,True,0.7341283,0.21620065,9.8209633,2.1232987,0.711528,0.21429689,9.3878092,2.0117783,0.95497549,0.23542243,2.884503,0.67907671,0.70015075,0.23611764,2.5409159,0.59995506,0.67901036,0.23384632,3.6292858,0.84869514,0.60264032,0.22140418,3.8903626,0.86134256,0.69479613,0.2031995,4.6696141,0.94886326,0.80127864,0.20487202,5.6180758,1.1509865
0b_baseline_best,file,13,baseline,460,009.Brewer_Blackbird/Brewer_Blackbird_0018_2261.jpg,9,8,009.Brewer_Blackbird,11,10,random_resized_crop,random_resized_crop,0,"{""area_fraction"":0.615022,""aspect"":1.259652,""fallback"":false,""height"":0.698747,""left"":0.044695,""top"":0.012305,""width"":0.880178}",0.082448386,0.0078758178,-0.074572568,0.92085898,0.99215513,0.046734672,0.0026668143,0.87412431,0.98948832,0.11536401,0.50333685,0.10864334,9.8209633,1.0669823,False,0.894072,True,True,True,0.50333685,0.10864334,9.8209633,1.0669823,0.47788731,0.11053379,9.3878092,1.0376701,0.86405119,0.086107891,2.884503,0.24837847,0.33001905,0.14688774,2.5409159,0.37322938,0.40640575,0.13324507,3.6292858,0.48358445,0.44010571,0.10814767,3.8903626,0.42073365,0.42768138,0.098261514,4.6696141,0.45884335,0.63081017,0.10006705,5.6180758,0.5621843
0b_baseline_best,file,13,baseline,460,009.Brewer_Blackbird/Brewer_Blackbird_0018_2261.jpg,9,8,009.Brewer_Blackbird,11,10,gaussian_blur,gaussian_blur,0,"{""sigma"":1.587461}",0.082448386,0.48294377,0.40049539,0.92085898,0.61696452,0.046734672,0.18923223,0.87412431,0.42773229,-0.44639202,0.52498845,6.2809539,9.8209633,61.685018,False,0.90277833,True,True,True,0.52498845,6.2809539,9.8209633,61.685018,0.50239783,6.414926,9.3878092,60.222102,0.88287091,4.6297042,2.884503,13.354396,0.36974616,6.2886025,2.5409159,15.97881,0.34617683,7.0874441,3.6292858,25.72236,0.37329466,7.3390061,3.8903626,28.551395,0.55299951,6.9457981,4.6696141,32.434197,0.68363369,5.1667566,5.6180758,29.027231
0b_baseline_best,file,13,baseline,460,009.Brewer_Blackbird/Brewer_Blackbird_0018_2261.jpg,9,8,009.Brewer_Blackbird,11,10,random_erasing,random_erasing,0,"{""area_fraction"":0.152644,""erased"":true,""height"":0.286068,""left"":0.233308,""top"":0.461098,""width"":0.533593}",0.082448386,0.21303856,0.13059018,0.92085898,0.80812496,0.046734672,0.037868559,0.87412431,0.7702564,-0.10386791,0.59158029,2.5861353,9.8209633,25.39834,False,0.8583985,True,True,True,0.59158029,2.5861353,9.8209633,25.39834,0.58060062,2.6446932,9.3878092,24.827875,0.7924485,1.8557036,2.884503,5.3527828,0.73279634,2.3782816,2.5409159,6.0430134,0.67060133,3.1885023,3.6292858,11.571986,0.51993597,2.7963437,3.8903626,10.878791,0.48825198,2.4967679,4.6696141,11.658943,0.60835869,2.4645689,5.6180758,13.846135
0b_baseline_best,file,13,baseline,7417,127.Savannah_Sparrow/Savannah_Sparrow_0054_120057.jpg,127,126,127.Savannah_Sparrow,120,119,identity,identity,0,{},7.8736806,7.8736806,0,0.00038063084,0.00038063084,0.79829168,0.79829168,-0.79791105,-0.79791105,0,1,1,213.19797,213.19797,False,1.0000001,True,False,False,1,1,213.19797,213.19797,1,1,209.04618,209.04618,1,1,41.869681,41.869681,1,1,37.090101,37.090101,1,1,117.02166,117.02166,1,1,112.10477,112.10477,1,1,88.472671,88.472671,1,1,90.750566,90.750566
0b_baseline_best,file,13,baseline,7417,127.Savannah_Sparrow/Savannah_Sparrow_0054_120057.jpg,127,126,127.Savannah_Sparrow,120,119,horizontal_flip,horizontal_flip,0,"{""flipped"":true}",7.8736806,8.7088013,0.83512068,0.00038063084,0.00016512604,0.79829168,0.86945808,-0.79791105,-0.86929295,-0.071381901,0.79745368,0.96865602,213.19797,206.5155,False,0.98446667,True,False,False,0.79745368,0.96865602,213.19797,206.5155,0.78981874,0.96747503,209.04618,202.24696,0.98238217,0.9976437,41.869681,41.771024,0.77005203,1.0344227,37.090101,38.366843,0.8582241,0.93923501,117.02166,109.91084,0.76445458,0.97060868,112.10477,108.80987,0.70794142,0.98005708,88.472671,86.708268,0.80145205,0.98518888,90.750566,89.406449
0b_baseline_best,file,13,baseline,7417,127.Savannah_Sparrow/Savannah_Sparrow_0054_120057.jpg,127,126,127.Savannah_Sparrow,120,119,color_jitter,color_jitter,0,"{""brightness"":0.706581,""contrast"":1.20523,""hue"":-0.063935,""saturation"":0.639299}",7.8736806,6.2268028,-1.6468778,0.00038063084,0.0019757592,0.79829168,0.29977041,-0.79791105,-0.29779466,0.5001164,0.55428335,0.82967199,213.19797,176.88439,False,0.9584136,False,False,False,0.55428335,0.82967199,213.19797,176.88439,0.54321275,0.82919453,209.04618,173.33995,0.82627622,0.84148659,41.869681,35.232775,0.28879677,0.96599017,37.090101,35.828673,0.48370967,0.68070718,117.02166,79.657487,0.49953247,0.9067489,112.10477,101.65088,0.6233396,0.88196217,88.472671,78.029549,0.68240708,0.85327556,90.750566,77.43524
0b_baseline_best,file,13,baseline,7417,127.Savannah_Sparrow/Savannah_Sparrow_0054_120057.jpg,127,126,127.Savannah_Sparrow,120,119,rotation,rotation,0,"{""angle"":-11.314415}",7.8736806,6.3532896,-1.520391,0.00038063084,0.0017410108,0.79829168,0.46771058,-0.79791105,-0.46596957,0.33194148,0.78485457,0.70486133,213.19797,150.27501,False,0.95398271,True,False,False,0.78485457,0.70486133,213.19797,150.27501,0.77989708,0.69775056,209.04618,145.86209,0.90174437,0.86339533,41.869681,36.150087,0.78298419,0.67856919,37.090101,25.1682,0.86866985,0.6408998,117.02166,74.999162,0.74763457,0.66751697,112.10477,74.831839,0.72350167,0.74275547,88.472671,65.713561,0.7634459,0.78687998,90.750566,71.409803
0b_baseline_best,file,13,baseline,7417,127.Savannah_Sparrow/Savannah_Sparrow_0054_120057.jpg,127,126,127.Savannah_Sparrow,120,119,random_resized_crop,random_resized_crop,0,"{""area_fraction"":0.632398,""aspect"":0.968089,""fallback"":false,""height"":0.808235,""left"":0.021392,""top"":0.079469,""width"":0.782443}",7.8736806,5.8047562,-2.0689244,0.00038063084,0.003013189,0.79829168,0.72800845,-0.79791105,-0.72499526,0.072915792,0.68522017,0.89743838,213.19797,191.33204,False,0.93526071,True,False,False,0.68522017,0.89743838,213.19797,191.33204,0.6750288,0.89672241,209.04618,187.45639,0.93430163,0.91510504,41.869681,38.315156,0.74057814,1.0325648,37.090101,38.297932,0.64472393,0.77996029,117.02166,91.272252,0.66996598,0.86658715,112.10477,97.148557,0.65281458,1.0153916,88.472671,89.834405,0.75060016,0.97533945,90.750566,88.512607
0b_baseline_best,file,13,baseline,7417,127.Savannah_Sparrow/Savannah_Sparrow_0054_120057.jpg,127,126,127.Savannah_Sparrow,120,119,gaussian_blur,gaussian_blur,0,"{""sigma"":1.272303}",7.8736806,4.0479269,-3.8257537,0.00038063084,0.017458534,0.79829168,0.19213952,-0.79791105,-0.17468099,0.62323006,0.621917,0.76002036,213.19797,162.0348,False,0.90781003,False,False,False,0.621917,0.76002036,213.19797,162.0348,0.61648473,0.76167056,209.04618,159.22432,0.76669819,0.71765925,41.869681,30.048164,0.4910323,0.7752142,37.090101,28.752773,0.70649625,0.76642074,117.02166,89.687831,0.59238048,0.73995062,112.10477,82.951998,0.55160541,0.79509286,88.472671,70.34399,0.58797297,0.75160775,90.750566,68.208828
0b_baseline_best,file,13,baseline,7417,127.Savannah_Sparrow/Savannah_Sparrow_0054_120057.jpg,127,126,127.Savannah_Sparrow,120,119,random_erasing,random_erasing,0,"{""area_fraction"":0.156882,""erased"":true,""height"":0.459152,""left"":0.039021,""top"":0.077995,""width"":0.341677}",7.8736806,7.5478234,-0.32585716,0.00038063084,0.00052725652,0.79829168,0.74658072,-0.79791105,-0.74605346,0.051857589,0.96509856,0.93701098,213.19797,199.76884,False,0.98972535,True,False,False,0.96509856,0.93701098,213.19797,199.76884,0.96419022,0.93448946,209.04618,195.35145,0.98829438,0.99781006,41.869681,41.777989,0.96782176,0.87665502,37.090101,32.515223,0.97823327,0.9232605,117.02166,108.04148,0.96653233,0.91041241,112.10477,102.06158,0.94912933,0.96088727,88.472671,85.012264,0.95426552,0.97246289,90.750566,88.251558
0b_baseline_best,file,13,baseline,3546,061.Heermann_Gull/Heermann_Gull_0131_45548.jpg,61,60,061.Heermann_Gull,141,140,identity,identity,0,{},0.26266485,0.26266485,0,0.76899958,0.76899958,0.034924868,0.034924868,0.73407471,0.73407471,0,1,1,33.202045,33.202045,False,1,True,True,True,1,1,33.202045,33.202045,1,1,32.5596,32.5596,1,1,6.4998649,6.4998649,1,1,7.0191254,7.0191254,1,1,13.256648,13.256648,1,1,17.035243,17.035243,1,1,16.536047,16.536047,1,1,16.476661,16.476661
0b_baseline_best,file,13,baseline,3546,061.Heermann_Gull/Heermann_Gull_0131_45548.jpg,61,60,061.Heermann_Gull,141,140,horizontal_flip,horizontal_flip,0,"{""flipped"":true}",0.26266485,0.096900269,-0.16576459,0.76899958,0.90764654,0.034924868,0.0058210623,0.73407471,0.90182547,0.16775077,0.58577321,0.3518252,33.202045,11.681316,False,0.9621076,True,True,True,0.58577321,0.3518252,33.202045,11.681316,0.56816617,0.34757311,32.5596,11.316841,0.94774669,0.44542642,6.4998649,2.8952115,0.388837,0.24761514,7.0191254,1.7380417,0.46523314,0.3528166,13.256648,4.6771656,0.60191171,0.3340855,17.035243,5.6912276,0.51124359,0.32632769,16.536047,5.3961699,0.67498853,0.39175914,16.476661,6.4548825
0b_baseline_best,file,13,baseline,3546,061.Heermann_Gull/Heermann_Gull_0131_45548.jpg,61,60,061.Heermann_Gull,141,140,color_jitter,color_jitter,0,"{""brightness"":0.660713,""contrast"":1.317764,""hue"":-0.05499,""saturation"":0.658899}",0.26266485,0.42890888,0.16624403,0.76899958,0.65121925,0.034924868,0.0458919,0.73407471,0.60532735,-0.12874736,0.76732997,1.4197792,33.202045,47.139572,False,0.96733981,True,True,True,0.76732997,1.4197792,33.202045,47.139572,0.75934732,1.4172056,32.5596,46.143646,0.95952018,1.482897,6.4998649,9.6386301,0.42460291,1.2987665,7.0191254,9.1162047,0.67562954,1.521772,13.256648,20.173596,0.76024562,1.4060086,17.035243,23.951698,0.78684229,1.3284907,16.536047,21.967984,0.8471022,1.4652801,16.476661,24.142923
0b_baseline_best,file,13,baseline,3546,061.Heermann_Gull/Heermann_Gull_0131_45548.jpg,61,60,061.Heermann_Gull,141,140,rotation,rotation,0,"{""angle"":-9.802473}",0.26266485,0.47558534,0.21292049,0.76899958,0.62152112,0.034924868,0.02583359,0.73407471,0.59568753,-0.13838718,0.73387052,1.6309505,33.202045,54.150892,False,0.95069778,True,True,True,0.73387052,1.6309505,33.202045,54.150892,0.72542762,1.6291716,32.5596,53.045175,0.94020502,1.6749702,6.4998649,10.88708,0.79621918,1.8760932,7.0191254,13.168533,0.69384221,1.6650711,13.256648,22.073262,0.74019694,1.5995076,17.035243,27.247999,0.69553187,1.5993251,16.536047,26.446514,0.74762573,1.6186429,16.476661,26.669831
0b_baseline_best,file,13,baseline,3546,061.Heermann_Gull/Heermann_Gull_0131_45548.jpg,61,60,061.Heermann_Gull,141,140,random_resized_crop,random_resized_crop,0,"{""area_fraction"":0.891704,""aspect"":0.953686,""fallback"":false,""height"":0.966958,""left"":0.008995,""top"":0.019668,""width"":0.922175}",0.26266485,0.30975008,0.047085226,0.76899958,0.73363024,0.034924868,0.037122682,0.73407471,0.69650756,-0.03756715,0.86008992,1.2636741,33.202045,41.956563,False,0.98824096,True,True,True,0.86008992,1.2636741,33.202045,41.956563,0.85555058,1.2674698,32.5596,41.26831,0.98706616,1.1643838,6.4998649,7.5683375,0.79037502,1.4114888,7.0191254,9.9074171,0.81469756,1.5168331,13.256648,20.108124,0.87982961,1.2320222,17.035243,20.987797,0.85585161,1.2060568,16.536047,19.943412,0.89476584,1.1553044,16.476661,19.03556
0b_baseline_best,file,13,baseline,3546,061.Heermann_Gull/Heermann_Gull_0131_45548.jpg,61,60,061.Heermann_Gull,141,140,gaussian_blur,gaussian_blur,0,"{""sigma"":1.584108}",0.26266485,2.1107132,1.8480484,0.76899958,0.12115153,0.034924868,0.14975071,0.73407471,-0.02859918,-0.76267389,0.60768464,3.5553011,33.202045,118.04327,False,0.9049862,False,True,False,0.60768464,3.5553011,33.202045,118.04327,0.59665769,3.5558993,32.5596,115.77866,0.88560997,3.5402592,6.4998649,23.011206,0.64858242,4.3115286,7.0191254,30.26316,0.47063952,3.472547,13.256648,46.034335,0.56883088,3.2385528,17.035243,55.169533,0.59795573,3.653327,16.536047,60.411585,0.6929627,3.6799729,16.476661,60.633665
0b_baseline_best,file,13,baseline,3546,061.Heermann_Gull/Heermann_Gull_0131_45548.jpg,61,60,061.Heermann_Gull,141,140,random_erasing,random_erasing,0,"{""area_fraction"":0.172505,""erased"":true,""height"":0.454182,""left"":0.081766,""top"":0.030872,""width"":0.379815}",0.26266485,0.093328826,-0.16933603,0.76899958,0.91089392,0.034924868,0.0081469407,0.73407471,0.90274698,0.16867227,0.75180664,0.35497987,33.202045,11.786057,False,0.95491958,True,True,True,0.75180664,0.35497987,33.202045,11.786057,0.74324636,0.35251161,32.5596,11.477637,0.94432481,0.41210377,6.4998649,2.6786188,0.76952598,0.29621655,7.0191254,2.0791811,0.69676678,0.36786975,13.256648,4.8767199,0.70872088,0.33290133,17.035243,5.671055,0.72937509,0.34037306,16.536047,5.6284247,0.81905873,0.38284391,16.476661,6.3079894
0b_baseline_best,file,13,baseline,5772,099.Ovenbird/Ovenbird_0010_92957.jpg,99,98,099.Ovenbird,149,148,identity,identity,0,{},0.021793991,0.021793991,0,0.97844177,0.97844177,0.0080218669,0.0080218669,0.97041991,0.97041991,0,1,1,3.1912351,3.1912351,False,1,True,True,True,1,1,3.1912351,3.1912351,1,1,3.120274,3.120274,1,1,0.66923186,0.66923186,1,1,0.5746882,0.5746882,1,1,1.4549622,1.4549622,1,1,1.6387631,1.6387631,1,1,1.5232671,1.5232671,1,1,1.5109737,1.5109737
0b_baseline_best,file,13,baseline,5772,099.Ovenbird/Ovenbird_0010_92957.jpg,99,98,099.Ovenbird,149,148,horizontal_flip,horizontal_flip,0,"{""flipped"":true}",0.021793991,0.071557805,0.049763814,0.97844177,0.93094248,0.0080218669,0.021251017,0.97041991,0.90969146,-0.060728449,0.6961396,2.9133345,3.1912351,9.2971352,False,0.98724777,True,True,True,0.6961396,2.9133345,3.1912351,9.2971352,0.68279974,2.9130215,3.120274,9.0894254,0.98542585,2.9201302,0.66923186,1.9542442,0.69854293,2.9061973,0.5746882,1.6701573,0.6769024,2.6581867,1.4549622,3.8675611,0.64234557,2.9049397,1.6387631,4.7605079,0.64012685,2.9948298,1.5232671,4.5619256,0.77637931,3.0613675,1.5109737,4.6256457
0b_baseline_best,file,13,baseline,5772,099.Ovenbird/Ovenbird_0010_92957.jpg,99,98,099.Ovenbird,149,148,color_jitter,color_jitter,0,"{""brightness"":0.68096,""contrast"":1.015039,""hue"":-0.090969,""saturation"":0.617047}",0.021793991,0.13623676,0.11444277,0.97844177,0.87263602,0.0080218669,0.034895215,0.97041991,0.83774081,-0.1326791,0.80446495,5.9574592,3.1912351,19.011653,False,0.96550286,True,True,True,0.80446495,5.9574592,3.1912351,19.011653,0.79852853,5.9839615,3.120274,18.671599,0.95370036,5.3489804,0.66923186,3.5797081,0.68877072,8.9095061,0.5746882,5.120188,0.76886094,5.9055345,1.4549622,8.5923293,0.79583168,5.7386098,1.6387631,9.4042219,0.81504841,5.9088376,1.5232671,9.0007377,0.85146166,5.8873225,1.5109737,8.8955893
0b_baseline_best,file,13,baseline,5772,099.Ovenbird/Ovenbird_0010_92957.jpg,99,98,099.Ovenbird,149,148,rotation,rotation,0,"{""angle"":-7.215985}",0.021793991,0.047395535,0.025601543,0.97844177,0.95371008,0.0080218669,0.019206081,0.97041991,0.934504,-0.035915909,0.80453895,2.0605457,3.1912351,6.5756856,False,0.98370534,True,True,True,0.80453895,2.0605457,3.1912351,6.5756856,0.79702677,2.0637726,3.120274,6.4395361,0.97449704,1.9891028,0.66923186,1.331171,0.64447384,2.4456104,0.5746882,1.4054634,0.75695639,2.036184,1.4549622,2.9625707,0.78229253,2.0131968,1.6387631,3.2991526,0.80979621,2.0955969,1.5232671,3.1921537,0.86628459,2.0549869,1.5109737,3.1050312
0b_baseline_best,file,13,baseline,5772,099.Ovenbird/Ovenbird_0010_92957.jpg,99,98,099.Ovenbird,149,148,random_resized_crop,random_resized_crop,0,"{""area_fraction"":0.51447,""aspect"":1.148134,""fallback"":false,""height"":0.669397,""left"":0.213473,""top"":0.151533,""width"":0.768557}",0.021793991,0.38685977,0.36506578,0.97844177,0.67918634,0.0080218669,0.045719527,0.97041991,0.63346682,-0.33695309,0.5995083,15.153693,3.1912351,48.358997,False,0.90832037,True,True,True,0.5995083,15.153693,3.1912351,48.358997,0.59170088,15.305194,3.120274,47.756399,0.85367902,11.371922,0.66923186,7.6104526,0.49070323,17.44593,0.5746882,10.02597,0.59217422,15.433416,1.4549622,22.455036,0.57522157,15.414665,1.6387631,25.260984,0.56919864,15.47445,1.5232671,23.57172,0.65543978,14.53277,1.5109737,21.958634
0b_baseline_best,file,13,baseline,5772,099.Ovenbird/Ovenbird_0010_92957.jpg,99,98,099.Ovenbird,149,148,gaussian_blur,gaussian_blur,0,"{""sigma"":1.561288}",0.021793991,0.066966042,0.045172051,0.97844177,0.93522698,0.0080218669,0.018315438,0.97041991,0.91691154,-0.053508369,0.43955679,3.8551572,3.1912351,12.302713,False,0.89877301,True,True,True,0.43955679,3.8551572,3.1912351,12.302713,0.42494985,3.8851276,3.120274,12.122663,0.84307621,3.1335782,0.66923186,2.0970904,0.001775526,5.1868678,0.5746882,2.9808317,0.20219704,4.3394136,1.4549622,6.3136826,0.45410518,4.3270651,1.6387631,7.0910344,0.55288541,3.4872001,1.5232671,5.311937,0.66530187,2.9383507,1.5109737,4.4397706
0b_baseline_best,file,13,baseline,5772,099.Ovenbird/Ovenbird_0010_92957.jpg,99,98,099.Ovenbird,149,148,random_erasing,random_erasing,0,"{""area_fraction"":0.156825,""erased"":true,""height"":0.25514,""left"":0.025004,""top"":0.228554,""width"":0.614664}",0.021793991,3.5102515,3.4884575,0.97844177,0.029889392,0.0080218669,0.078786746,0.97041991,-0.048897354,-1.0193173,0.33534454,38.920979,3.1912351,124.20599,False,0.68388176,False,True,False,0.33534454,38.920979,3.1912351,124.20599,0.32268694,39.043899,3.120274,121.82766,0.63352314,36.145704,0.66923186,24.189857,0.34780455,47.787665,0.5746882,27.463007,0.26810443,35.292546,1.4549622,51.349318,0.34406769,37.851872,1.6387631,62.030251,0.28704333,39.559659,1.5232671,60.259925,0.37616692,41.710723,1.5109737,63.023805
0b_baseline_best,file,13,baseline,11034,188.Pileated_Woodpecker/Pileated_Woodpecker_0038_180300.jpg,188,187,188.Pileated_Woodpecker,191,190,identity,identity,0,{},0.010324285,0.010324285,0,0.98972881,0.98972881,0.0076651652,0.0076651652,0.98206364,0.98206364,0,1,1,2.0771563,2.0771563,False,0.99999994,True,True,True,1,1,2.0771563,2.0771563,1,1,2.0364952,2.0364952,1,1,0.4089813,0.4089813,1,1,0.56888717,0.56888717,1,1,0.83237569,0.83237569,1,1,1.059568,1.059568,1,1,0.99800128,0.99800128,1,1,1.0060515,1.0060515
0b_baseline_best,file,13,baseline,11034,188.Pileated_Woodpecker/Pileated_Woodpecker_0038_180300.jpg,188,187,188.Pileated_Woodpecker,191,190,horizontal_flip,horizontal_flip,0,"{""flipped"":true}",0.010324285,0.0066246418,-0.0036996435,0.98972881,0.99339724,0.0076651652,0.003221452,0.98206364,0.99017578,0.0081121407,0.56511545,0.48009836,2.0771563,0.99723933,False,0.95927751,True,True,True,0.56511545,0.48009836,2.0771563,0.99723933,0.54909448,0.47897688,2.0364952,0.9754341,0.94119501,0.5071128,0.4089813,0.20739965,0.60678513,0.36427049,0.56888717,0.20722881,0.38189333,0.46165276,0.83237569,0.38426854,0.55168947,0.48645504,1.059568,0.51543221,0.51863149,0.49314181,0.99800128,0.49215616,0.67397289,0.4999433,1.0060515,0.50296872
0b_baseline_best,file,13,baseline,11034,188.Pileated_Woodpecker/Pileated_Woodpecker_0038_180300.jpg,188,187,188.Pileated_Woodpecker,191,190,color_jitter,color_jitter,0,"{""brightness"":1.354319,""contrast"":1.029245,""hue"":0.077769,""saturation"":0.902529}",0.010324285,0.057472534,0.047148249,0.98972881,0.94414783,0.0076651652,0.02550856,0.98206364,0.91863927,-0.063424378,0.82341798,3.8968699,2.0771563,8.0944079,False,0.97992837,True,True,True,0.82341798,3.8968699,2.0771563,8.0944079,0.81804662,3.8780582,2.0364952,7.8976468,0.94743688,4.3372882,0.4089813,1.7738698,0.80495568,2.8418793,0.56888717,1.6167087,0.79651339,3.8697671,0.83237569,3.2211,0.83417689,3.8279765,1.059568,4.0560015,0.79331448,3.8934392,0.99800128,3.8856573,0.8519965,4.1976431,1.0060515,4.2230453
0b_baseline_best,file,13,baseline,11034,188.Pileated_Woodpecker/Pileated_Woodpecker_0038_180300.jpg,188,187,188.Pileated_Woodpecker,191,190,rotation,rotation,0,"{""angle"":-3.447597}",0.010324285,0.0088230995,-0.0015011858,0.98972881,0.99121571,0.0076651652,0.0058931885,0.98206364,0.98532252,0.0032588742,0.86713453,0.78855999,2.0771563,1.6379623,False,0.98622131,True,True,True,0.86713453,0.78855999,2.0771563,1.6379623,0.86223971,0.78725052,2.0364952,1.6032319,0.98430832,0.82035982,0.4089813,0.33551183,0.88169185,0.87606292,0.56888717,0.49838096,0.81380149,0.79817181,0.83237569,0.66437882,0.84084793,0.75848564,1.059568,0.80366714,0.85891005,0.74486665,0.99800128,0.74337788,0.91702251,0.82091244,1.0060515,0.82588021
0b_baseline_best,file,13,baseline,11034,188.Pileated_Woodpecker/Pileated_Woodpecker_0038_180300.jpg,188,187,188.Pileated_Woodpecker,191,190,random_resized_crop,random_resized_crop,0,"{""area_fraction"":0.625082,""aspect"":1.213754,""fallback"":false,""height"":0.717634,""left"":0.09183,""top"":0.018878,""width"":0.871031}",0.010324285,0.010625691,0.00030140579,0.98972881,0.98943055,0.0076651652,0.0062873592,0.98206364,0.98314319,0.0010795444,0.7311273,0.86431821,2.0771563,1.795324,False,0.96792608,True,True,True,0.7311273,0.86431821,2.0771563,1.795324,0.72125045,0.86169013,2.0364952,1.7548278,0.9606194,0.92710154,0.4089813,0.3791672,0.74269733,0.60627933,0.56888717,0.34490453,0.58755838,0.70148061,0.83237569,0.58389541,0.7635312,0.91535317,1.059568,0.96987897,0.69921316,0.8848481,0.99800128,0.88307954,0.78138138,0.94247005,1.0060515,0.94817344
0b_baseline_best,file,13,baseline,11034,188.Pileated_Woodpecker/Pileated_Woodpecker_0038_180300.jpg,188,187,188.Pileated_Woodpecker,191,190,gaussian_blur,gaussian_blur,0,"{""sigma"":1.917417}",0.010324285,0.033967886,0.023643601,0.98972881,0.96660256,0.0076651652,0.0036499747,0.98206364,0.96295259,-0.019111054,0.45705574,3.3886314,2.0771563,7.0387169,False,0.94153875,True,True,True,0.45705574,3.3886314,2.0771563,7.0387169,0.44745679,3.3983165,2.0364952,6.9206552,0.71611473,3.138948,0.4089813,1.283771,0.53237851,3.3936905,0.56888717,1.930627,0.48340322,4.1239052,0.83237569,3.4326384,0.39494208,3.1605304,1.059568,3.348797,0.34034575,3.2701351,0.99800128,3.263599,0.56100992,3.2238871,1.0060515,3.2433965
0b_baseline_best,file,13,baseline,11034,188.Pileated_Woodpecker/Pileated_Woodpecker_0038_180300.jpg,188,187,188.Pileated_Woodpecker,191,190,random_erasing,random_erasing,0,"{""area_fraction"":0.093215,""erased"":true,""height"":0.292762,""left"":0.645312,""top"":0.001931,""width"":0.318398}",0.010324285,0.018851288,0.0085270023,0.98972881,0.98132527,0.0076651652,0.013614818,0.98206364,0.96771045,-0.014353193,0.96633141,1.8059134,2.0771563,3.7511645,False,0.99535936,True,True,True,0.96633141,1.8059134,2.0771563,3.7511645,0.96518552,1.806905,2.0364952,3.6797532,0.99525003,1.7811529,0.4089813,0.72845822,0.98127104,1.8950175,0.56888717,1.0780512,0.96142363,1.7793732,0.83237569,1.481107,0.97079563,1.8467775,1.059568,1.9567864,0.96129705,1.7481828,0.99800128,1.7446886,0.9608804,1.8088776,1.0060515,1.8198241
0b_baseline_best,file,13,baseline,8042,137.Cliff_Swallow/Cliff_Swallow_0011_133033.jpg,137,136,137.Cliff_Swallow,118,117,identity,identity,0,{},2.3496466,2.3496466,0,0.095402859,0.095402859,0.16171192,0.16171192,-0.066309057,-0.066309057,0,1,1,128.86886,128.86886,False,0.99999994,True,False,False,1,1,128.86886,128.86886,1,1,126.71858,126.71858,1,1,23.443178,23.443178,1,1,27.792473,27.792473,1,1,59.67181,59.67181,1,1,63.471579,63.471579,1,1,60.788306,60.788306,1,1,63.250244,63.250244
0b_baseline_best,file,13,baseline,8042,137.Cliff_Swallow/Cliff_Swallow_0011_133033.jpg,137,136,137.Cliff_Swallow,118,117,horizontal_flip,horizontal_flip,0,"{""flipped"":true}",2.3496466,1.9733958,-0.37625074,0.095402859,0.13898408,0.16171192,0.21513854,-0.066309057,-0.076154456,-0.0098453984,0.55780126,0.90986476,128.86886,117.25323,False,0.9245851,True,False,False,0.55780126,0.90986476,128.86886,117.25323,0.54613281,0.91137613,126.71858,115.48829,0.9179493,0.86454027,23.443178,20.267572,0.38524851,1.3194268,27.792473,36.670134,0.50694559,0.91691117,59.67181,54.713749,0.57407854,0.86996198,63.471579,55.217861,0.53782508,0.90598831,60.788306,55.073495,0.6241155,0.85392005,63.250244,54.010652
0b_baseline_best,file,13,baseline,8042,137.Cliff_Swallow/Cliff_Swallow_0011_133033.jpg,137,136,137.Cliff_Swallow,118,117,color_jitter,color_jitter,0,"{""brightness"":1.391313,""contrast"":1.043276,""hue"":-0.099341,""saturation"":0.864569}",2.3496466,3.7326005,1.3829539,0.095402859,0.023930522,0.16171192,0.022857331,-0.066309057,0.0010731909,0.067382248,0.45403828,0.71418133,128.86886,92.035731,False,0.81098509,False,False,False,0.45403828,0.71418133,128.86886,92.035731,0.44014218,0.69526724,126.71858,88.10328,0.75526417,1.135322,23.443178,26.615557,0.16892013,0.7312191,27.792473,20.322387,0.43772003,0.56234002,59.67181,33.555847,0.45442897,0.65878131,63.471579,41.81389,0.46440249,0.69369211,60.788306,42.168368,0.47055354,0.82100867,63.250244,51.928999
0b_baseline_best,file,13,baseline,8042,137.Cliff_Swallow/Cliff_Swallow_0011_133033.jpg,137,136,137.Cliff_Swallow,118,117,rotation,rotation,0,"{""angle"":-2.945566}",2.3496466,3.5053492,1.1557026,0.095402859,0.030036286,0.16171192,0.1180682,-0.066309057,-0.088031918,-0.021722861,0.83573432,1.1200753,128.86886,144.34282,False,0.96881282,False,False,False,0.83573432,1.1200753,128.86886,144.34282,0.8315202,1.1180902,126.71858,141.68281,0.95378861,1.1765966,23.443178,27.583164,0.82095535,1.2103857,27.792473,33.639613,0.84333256,1.0951426,59.67181,65.349141,0.83148984,1.0874349,63.471579,69.021212,0.81358298,1.1164345,60.788306,67.86616,0.84110354,1.1512336,63.250244,72.815804
0b_baseline_best,file,13,baseline,8042,137.Cliff_Swallow/Cliff_Swallow_0011_133033.jpg,137,136,137.Cliff_Swallow,118,117,random_resized_crop,random_resized_crop,0,"{""area_fraction"":0.727925,""aspect"":0.982194,""fallback"":false,""height"":0.860884,""left"":0.061463,""top"":0.134891,""width"":0.845555}",2.3496466,3.1750445,0.82539797,0.095402859,0.04179224,0.16171192,0.041260719,-0.066309057,0.00053152069,0.066840578,0.66840832,1.1656355,128.86886,150.21411,False,0.90876615,False,False,False,0.66840832,1.1656355,128.86886,150.21411,0.662637,1.1655466,126.71858,147.69641,0.83664798,1.1682312,23.443178,27.387052,0.67398073,1.4462261,27.792473,40.1942,0.66446719,1.1578365,59.67181,69.090202,0.65007729,1.2035102,63.471579,76.388692,0.66013543,1.1433138,60.788306,69.500108,0.68031382,1.0907562,63.250244,68.990593
0b_baseline_best,file,13,baseline,8042,137.Cliff_Swallow/Cliff_Swallow_0011_133033.jpg,137,136,137.Cliff_Swallow,118,117,gaussian_blur,gaussian_blur,0,"{""sigma"":1.425312}",2.3496466,3.6095901,1.2599435,0.095402859,0.027062934,0.16171192,0.036507163,-0.066309057,-0.0094442293,0.056864828,0.61936997,1.1173152,128.86886,143.98714,False,0.90331674,False,False,False,0.61936997,1.1173152,128.86886,143.98714,0.61122481,1.1202327,126.71858,141.9543,0.88079434,1.0284272,23.443178,24.109601,0.48308075,1.338341,27.792473,37.195806,0.54280062,1.087328,59.67181,64.882829,0.64660917,1.2165491,63.471579,77.216294,0.61118279,1.1434037,60.788306,69.505574,0.68095078,0.97002244,63.250244,61.354156
0b_baseline_best,file,13,baseline,8042,137.Cliff_Swallow/Cliff_Swallow_0011_133033.jpg,137,136,137.Cliff_Swallow,118,117,random_erasing,random_erasing,0,"{""area_fraction"":0.084188,""erased"":true,""height"":0.477958,""left"":0.550981,""top"":0.387642,""width"":0.176141}",2.3496466,3.0332775,0.68363094,0.095402859,0.048157547,0.16171192,0.14044333,-0.066309057,-0.092285778,-0.025976721,0.83738915,0.80699031,128.86886,103.99592,False,0.95894545,True,False,False,0.83738915,0.80699031,128.86886,103.99592,0.83310098,0.80021118,126.71858,101.40163,0.95655132,0.98466951,23.443178,23.083783,0.79108296,0.76746024,27.792473,21.329618,0.88402439,0.74594217,59.67181,44.511719,0.84701224,0.79554034,63.471579,50.494202,0.81184326,0.82104218,60.788306,49.909764,0.80898593,0.83740359,63.250244,52.965981
0b_baseline_best,file,13,baseline,1670,030.Fish_Crow/Fish_Crow_0028_25968.jpg,30,29,030.Fish_Crow,27,26,identity,identity,0,{},5.595891,5.595891,0,0.0037130904,0.0037130904,0.89635682,0.89635682,-0.89264373,-0.89264373,0,1,1,179.97525,179.97525,False,1,True,False,False,1,1,179.97525,179.97525,1,1,175.22546,175.22546,1,1,41.074677,41.074677,1,1,28.319506,28.319506,1,1,76.766733,76.766733,1,1,96.807768,96.807768,1,1,89.085935,89.085935,1,1,81.85834,81.85834
0b_baseline_best,file,13,baseline,1670,030.Fish_Crow/Fish_Crow_0028_25968.jpg,30,29,030.Fish_Crow,27,26,horizontal_flip,horizontal_flip,0,"{""flipped"":true}",5.595891,5.6622138,0.066322803,0.0037130904,0.0034748162,0.89635682,0.93723911,-0.89264373,-0.93376429,-0.041120564,0.5838967,1.0237189,179.97525,184.24407,False,0.95477563,True,False,False,0.5838967,1.0237189,179.97525,184.24407,0.56361246,1.0239074,175.22546,179.41464,0.95436316,1.0202831,41.074677,41.9078,0.25680086,0.96853003,28.319506,27.428292,0.41732238,0.95351228,76.766733,73.198022,0.52059552,1.0699204,96.807768,103.5766,0.6038496,1.0518769,89.085935,93.70744,0.74051236,0.99020448,81.85834,81.056494
0b_baseline_best,file,13,baseline,1670,030.Fish_Crow/Fish_Crow_0028_25968.jpg,30,29,030.Fish_Crow,27,26,color_jitter,color_jitter,0,"{""brightness"":0.904451,""contrast"":0.777403,""hue"":0.013319,""saturation"":0.762716}",5.595891,5.0352898,-0.56060123,0.0037130904,0.006504314,0.89635682,0.21057439,-0.89264373,-0.20407007,0.68857366,0.49565174,1.0712651,179.97525,192.8012,False,0.9157095,True,False,False,0.49565174,1.0712651,179.97525,192.8012,0.48626711,1.0866151,175.22546,190.40263,0.78321747,0.73810317,41.074677,30.317349,0.26508155,1.1086842,28.319506,31.39739,0.42871954,0.98572976,76.766733,75.671253,0.46918861,1.1503612,96.807768,111.3639,0.52384093,1.1512042,89.085935,102.5561,0.54843125,0.99407023,81.85834,81.372939
0b_baseline_best,file,13,baseline,1670,030.Fish_Crow/Fish_Crow_0028_25968.jpg,30,29,030.Fish_Crow,27,26,rotation,rotation,0,"{""angle"":8.948775}",5.595891,5.0311623,-0.56472874,0.0037130904,0.0065312167,0.89635682,0.8277415,-0.89264373,-0.82121029,0.071433444,0.71825987,0.93805915,179.97525,168.82743,False,0.95321333,True,False,False,0.71825987,0.93805915,179.97525,168.82743,0.70539497,0.93802702,175.22546,164.36621,0.95223362,0.93864374,41.074677,38.554489,0.668165,1.0699169,28.319506,30.299519,0.67337177,0.96982639,76.766733,74.450403,0.65630519,0.93614185,96.807768,90.625804,0.70981878,0.91275001,89.085935,81.313188,0.80600561,0.92476576,81.85834,75.69979
0b_baseline_best,file,13,baseline,1670,030.Fish_Crow/Fish_Crow_0028_25968.jpg,30,29,030.Fish_Crow,27,26,random_resized_crop,random_resized_crop,0,"{""area_fraction"":0.785841,""aspect"":1.094799,""fallback"":false,""height"":0.847228,""left"":0.033299,""top"":0.06624,""width"":0.927544}",5.595891,5.1382713,-0.45761967,0.0037130904,0.0058678249,0.89635682,0.81574208,-0.89264373,-0.80987425,0.08276948,0.74073128,0.90758006,179.97525,163.34195,False,0.9656561,True,False,False,0.74073128,0.90758006,179.97525,163.34195,0.72855657,0.90805276,175.22546,159.11396,0.96458143,0.898934,41.074677,36.923424,0.57930301,1.1997683,28.319506,33.976844,0.71153813,1.01073,76.766733,77.590443,0.68605359,0.8714922,96.807768,84.367215,0.7432389,0.86719407,89.085935,77.254795,0.82439903,0.86867761,81.85834,71.108506
0b_baseline_best,file,13,baseline,1670,030.Fish_Crow/Fish_Crow_0028_25968.jpg,30,29,030.Fish_Crow,27,26,gaussian_blur,gaussian_blur,0,"{""sigma"":1.672264}",5.595891,3.4782948,-2.1175961,0.0037130904,0.030859984,0.89635682,0.039201707,-0.89264373,-0.0083417222,0.88430201,0.27766991,0.7814773,179.97525,140.64657,False,0.71049619,False,False,False,0.27766991,0.7814773,179.97525,140.64657,0.26647508,0.78897801,175.22546,138.24903,0.53980098,0.62954898,41.074677,25.858521,0.051037194,0.899815,28.319506,25.482316,0.21041891,0.71685047,76.766733,55.030268,0.31475777,0.844915,96.807768,81.794336,0.23446478,0.77352893,89.085935,68.910548,0.30877733,0.77224906,81.85834,63.215026
0b_baseline_best,file,13,baseline,1670,030.Fish_Crow/Fish_Crow_0028_25968.jpg,30,29,030.Fish_Crow,27,26,random_erasing,random_erasing,0,"{""area_fraction"":0.094769,""erased"":true,""height"":0.553087,""left"":0.670643,""top"":0.156196,""width"":0.171347}",5.595891,5.4595995,-0.1362915,0.0037130904,0.0042552603,0.89635682,0.79756701,-0.89264373,-0.79331175,0.099331981,0.8707537,0.95525911,179.97525,171.923,False,0.97851562,True,False,False,0.8707537,0.95525911,179.97525,171.923,0.86507374,0.95637527,175.22546,167.58129,0.97673545,0.93471339,41.074677,38.393051,0.8662925,0.92087764,28.319506,26.0788,0.82368971,0.90807133,76.766733,69.709669,0.8794295,0.98096708,96.807768,94.965234,0.86321581,0.98006026,89.085935,87.309584,0.88339929,0.93855204,81.85834,76.828312
0b_baseline_best,file,13,baseline,11448,195.Carolina_Wren/Carolina_Wren_0014_186525.jpg,195,194,195.Carolina_Wren,130,129,identity,identity,0,{},0.014040972,0.014040972,0,0.98605716,0.98605716,0.0091046384,0.0091046384,0.97695252,0.97695252,0,1,1,3.4109329,3.4109329,False,1.0000001,True,True,True,1,1,3.4109329,3.4109329,1,1,3.3655116,3.3655116,1,1,0.55479312,0.55479312,1,1,0.7144825,0.7144825,1,1,1.6897232,1.6897232,1,1,1.8531404,1.8531404,1,1,1.5477884,1.5477884,1,1,1.4598768,1.4598768
0b_baseline_best,file,13,baseline,11448,195.Carolina_Wren/Carolina_Wren_0014_186525.jpg,195,194,195.Carolina_Wren,130,129,horizontal_flip,horizontal_flip,0,"{""flipped"":true}",0.014040972,0.0023777804,-0.011663192,0.98605716,0.99762505,0.0091046384,0.0012190897,0.97695252,0.99640596,0.019453439,0.80467004,0.17552907,3.4109329,0.59871788,False,0.98016351,True,True,True,0.80467004,0.17552907,3.4109329,0.59871788,0.80032137,0.17575221,3.3655116,0.5914961,0.97397095,0.16711049,0.55479312,0.092711753,0.86136088,0.19699738,0.7144825,0.14075118,0.79171217,0.16948259,1.6897232,0.28637867,0.81386417,0.17709062,1.8531404,0.32817377,0.76199083,0.17668592,1.5477884,0.27347241,0.81855475,0.17538779,1.4598768,0.25604456
0b_baseline_best,file,13,baseline,11448,195.Carolina_Wren/Carolina_Wren_0014_186525.jpg,195,194,195.Carolina_Wren,130,129,color_jitter,color_jitter,0,"{""brightness"":0.906215,""contrast"":1.110091,""hue"":-0.096197,""saturation"":1.142543}",0.014040972,3.2271698,3.2131288,0.98605716,0.039669618,0.0091046384,0.0048246123,0.97695252,0.034845006,-0.94210752,0.43527852,40.335877,3.4109329,137.58297,False,0.68288702,False,True,False,0.43527852,40.335877,3.4109329,137.58297,0.43209057,40.314439,3.3655116,135.67871,0.55038534,41.117022,0.55479312,22.811441,0.27690271,31.7593,0.7144825,22.691464,0.35057531,34.299609,1.6897232,57.956846,0.48351348,39.717586,1.8531404,73.602262,0.47378595,43.373674,1.5477884,67.133268,0.4368493,46.511961,1.4598768,67.901732
0b_baseline_best,file,13,baseline,11448,195.Carolina_Wren/Carolina_Wren_0014_186525.jpg,195,194,195.Carolina_Wren,130,129,rotation,rotation,0,"{""angle"":-10.301891}",0.014040972,0.015317542,0.0012765704,0.98605716,0.98479915,0.0091046384,0.01047273,0.97695252,0.97432642,-0.0026261071,0.84832366,1.1737517,3.4109329,4.0035885,False,0.97305673,True,True,True,0.84832366,1.1737517,3.4109329,4.0035885,0.84520145,1.1754739,3.3655116,3.956071,0.97158163,1.1085185,0.55479312,0.61499842,0.86752848,1.4502179,0.7144825,1.0361553,0.88930925,1.1938111,1.6897232,2.0172103,0.83907631,1.1752545,1.8531404,2.1779117,0.79592302,1.1284979,1.5477884,1.7466759,0.84889047,1.1283765,1.4598768,1.6472907
0b_baseline_best,file,13,baseline,11448,195.Carolina_Wren/Carolina_Wren_0014_186525.jpg,195,194,195.Carolina_Wren,130,129,random_resized_crop,random_resized_crop,0,"{""area_fraction"":0.598362,""aspect"":1.045433,""fallback"":false,""height"":0.756543,""left"":0.043627,""top"":0.09178,""width"":0.790915}",0.014040972,0.219249,0.20520802,0.98605716,0.80312175,0.0091046384,0.11839289,0.97695252,0.68472885,-0.29222367,0.79702325,14.510358,3.4109329,49.493859,False,0.93385029,True,True,True,0.79702325,14.510358,3.4109329,49.493859,0.79377276,14.537912,3.3655116,48.927511,0.92856549,13.457223,0.55479312,7.4659747,0.87382725,18.813706,0.7144825,13.442064,0.79757391,14.965453,1.6897232,25.287474,0.83246487,14.757219,1.8531404,27.347198,0.74489653,13.690911,1.5477884,21.190633,0.76275514,13.297331,1.4598768,19.412464
0b_baseline_best,file,13,baseline,11448,195.Carolina_Wren/Carolina_Wren_0014_186525.jpg,195,194,195.Carolina_Wren,130,129,gaussian_blur,gaussian_blur,0,"{""sigma"":1.275532}",0.014040972,0.25038457,0.2363436,0.98605716,0.77850133,0.0091046384,0.012495604,0.97695252,0.76600573,-0.2109468,0.63922464,11.862143,3.4109329,40.460973,False,0.89917696,True,True,True,0.63922464,11.862143,3.4109329,40.460973,0.63592646,11.887849,3.3655116,40.008693,0.77439127,10.873985,0.55479312,6.0328121,0.67574078,12.437082,0.7144825,8.8860775,0.62612977,11.325651,1.6897232,19.137215,0.62964267,11.504968,1.8531404,21.320321,0.62776413,12.435715,1.5477884,19.247854,0.6598373,12.452197,1.4598768,18.178673
0b_baseline_best,file,13,baseline,11448,195.Carolina_Wren/Carolina_Wren_0014_186525.jpg,195,194,195.Carolina_Wren,130,129,random_erasing,random_erasing,0,"{""area_fraction"":0.116523,""erased"":true,""height"":0.449853,""left"":0.44943,""top"":0.328158,""width"":0.259025}",0.014040972,0.020466922,0.0064259497,0.98605716,0.9797411,0.0091046384,0.0074557802,0.97695252,0.97228532,-0.0046672076,0.81989096,1.2635326,3.4109329,4.3098249,False,0.97575688,True,True,True,0.81989096,1.2635326,3.4109329,4.3098249,0.81661312,1.2652841,3.3655116,4.2583282,0.94858207,1.1972981,0.55479312,0.66425275,0.61335878,1.130456,0.7144825,0.80769105,0.77659165,1.1588253,1.6897232,1.958094,0.84032175,1.2744742,1.8531404,2.3617796,0.82808907,1.3435948,1.5477884,2.0796004,0.86255096,1.3254359,1.4598768,1.9349731
0b_baseline_best,file,13,baseline,5979,103.Sayornis/Sayornis_0086_98829.jpg,103,102,103.Sayornis,39,38,identity,identity,0,{},0.15467428,0.15467428,0,0.85669416,0.85669416,0.036333822,0.036333822,0.82036034,0.82036034,0,1,1,22.349295,22.349295,False,1.0000001,True,True,True,1,1,22.349295,22.349295,1,1,21.960557,21.960557,1,1,4.1502898,4.1502898,1,1,4.2056049,4.2056049,1,1,10.221335,10.221335,1,1,11.698029,11.698029,1,1,11.051888,11.051888,1,1,10.055603,10.055603
0b_baseline_best,file,13,baseline,5979,103.Sayornis/Sayornis_0086_98829.jpg,103,102,103.Sayornis,39,38,horizontal_flip,horizontal_flip,0,"{""flipped"":true}",0.15467428,0.57743919,0.42276491,0.85669416,0.56133401,0.036333822,0.039517298,0.82036034,0.52181672,-0.29854362,0.66964572,3.1145218,22.349295,69.607366,False,0.9383496,True,True,True,0.66964572,3.1145218,22.349295,69.607366,0.66136094,3.1223458,21.960557,68.568453,0.92251873,2.8868693,4.1502898,11.981344,0.69675936,3.4278517,4.2056049,14.41619,0.64904009,2.9765332,10.221335,30.424144,0.66146943,3.4340787,11.698029,40.171953,0.63360882,2.95423,11.051888,32.649819,0.70840817,2.9640912,10.055603,29.805725
0b_baseline_best,file,13,baseline,5979,103.Sayornis/Sayornis_0086_98829.jpg,103,102,103.Sayornis,39,38,color_jitter,color_jitter,0,"{""brightness"":0.95238,""contrast"":0.702214,""hue"":-0.015011,""saturation"":0.661437}",0.15467428,0.64463377,0.48995949,0.85669416,0.52485472,0.036333822,0.039623391,0.82036034,0.48523133,-0.33512901,0.80979204,4.7521106,22.349295,106.20632,False,0.95771492,True,True,True,0.80979204,4.7521106,22.349295,106.20632,0.80811553,4.7922456,21.960557,105.24038,0.9186071,3.4434731,4.1502898,14.291411,0.78946538,4.2747212,4.2056049,17.977788,0.80541237,5.9052717,10.221335,60.359761,0.83827175,5.0466943,11.698029,59.036378,0.82579573,4.1752166,11.051888,46.144025,0.80007282,3.8444632,10.055603,38.658397
0b_baseline_best,file,13,baseline,5979,103.Sayornis/Sayornis_0086_98829.jpg,103,102,103.Sayornis,39,38,rotation,rotation,0,"{""angle"":9.949889}",0.15467428,0.70484269,0.55016841,0.85669416,0.49418631,0.036333822,0.053108945,0.82036034,0.44107737,-0.37928297,0.78874134,4.0807362,22.349295,91.201578,False,0.94301248,True,True,True,0.78874134,4.0807362,22.349295,91.201578,0.78489718,4.0978476,21.960557,89.991018,0.91966473,3.5684937,4.1502898,14.810283,0.74749605,4.5906841,4.2056049,19.306603,0.75402776,4.0276186,10.221335,41.16764,0.79816236,4.2908316,11.698029,50.194274,0.79069665,4.0679724,11.051888,44.958774,0.80283954,3.8388456,10.055603,38.601908
0b_baseline_best,file,13,baseline,5979,103.Sayornis/Sayornis_0086_98829.jpg,103,102,103.Sayornis,39,38,random_resized_crop,random_resized_crop,0,"{""area_fraction"":0.569971,""aspect"":0.986433,""fallback"":false,""height"":0.760138,""left"":0.06089,""top"":0.166978,""width"":0.749826}",0.15467428,0.19422258,0.039548308,0.85669416,0.82347459,0.036333822,0.0051959199,0.82036034,0.81827867,-0.0020816741,0.72270196,1.5319877,22.349295,34.238845,False,0.90740234,True,True,True,0.72270196,1.5319877,22.349295,34.238845,0.7182175,1.5390103,21.960557,33.797524,0.87731169,1.3202903,4.1502898,5.4795874,0.60154917,1.9253566,4.2056049,8.0972892,0.76907767,1.775592,10.221335,18.148921,0.72477189,1.5326777,11.698029,17.929309,0.70494444,1.4238417,11.051888,15.736139,0.70991498,1.327672,10.055603,13.350543
0b_baseline_best,file,13,baseline,5979,103.Sayornis/Sayornis_0086_98829.jpg,103,102,103.Sayornis,39,38,gaussian_blur,gaussian_blur,0,"{""sigma"":1.824236}",0.15467428,0.9498539,0.79517962,0.85669416,0.38679752,0.036333822,0.0042159124,0.82036034,0.38258161,-0.43777874,0.30885882,4.7808553,22.349295,106.84874,False,0.79964793,True,True,True,0.30885882,4.7808553,22.349295,106.84874,0.29409515,4.7901616,21.960557,105.19462,0.74818118,4.5125093,4.1502898,18.728221,0.13078082,5.4770792,4.2056049,23.034431,0.0034870394,5.1520801,10.221335,52.661137,0.29753788,4.8669392,11.698029,56.933598,0.42410226,4.4830003,11.051888,49.545616,0.51298856,4.5201113,10.055603,45.452447
0b_baseline_best,file,13,baseline,5979,103.Sayornis/Sayornis_0086_98829.jpg,103,102,103.Sayornis,39,38,random_erasing,random_erasing,0,"{""area_fraction"":0.05827,""erased"":true,""height"":0.382777,""left"":0.678247,""top"":0.097503,""width"":0.152229}",0.15467428,0.14743622,-0.0072380602,0.85669416,0.86291748,0.036333822,0.027039422,0.82036034,0.83587806,0.015517721,0.95787302,0.98302209,22.349295,21.969851,False,0.99256146,True,True,True,0.95787302,0.98302209,22.349295,21.969851,0.95683006,0.9841968,21.960557,21.61351,0.98873459,0.94954254,4.1502898,3.9408767,0.94691804,1.0342227,4.2056049,4.3495319,0.96171986,0.98683007,10.221335,10.086721,0.96689976,0.98696466,11.698029,11.545541,0.95670682,0.97909209,11.051888,10.820816,0.94019375,0.97485433,10.055603,9.8027485
0b_baseline_best,file,13,baseline,7152,123.Henslow_Sparrow/Henslow_Sparrow_0081_116755.jpg,123,122,123.Henslow_Sparrow,125,124,identity,identity,0,{},1.9848999,1.9848999,0,0.13739437,0.13739437,0.1570002,0.1570002,-0.01960583,-0.01960583,0,1,1,116.15954,116.15954,False,1,True,False,False,1,1,116.15954,116.15954,1,1,113.49663,113.49663,1,1,24.729628,24.729628,1,1,20.17572,20.17572,1,1,48.865143,48.865143,1,1,68.429301,68.429301,1,1,53.132454,53.132454,1,1,50.803509,50.803509
0b_baseline_best,file,13,baseline,7152,123.Henslow_Sparrow/Henslow_Sparrow_0081_116755.jpg,123,122,123.Henslow_Sparrow,125,124,horizontal_flip,horizontal_flip,0,"{""flipped"":true}",1.9848999,1.7111691,-0.27373075,0.13739437,0.18065447,0.1570002,0.73956329,-0.01960583,-0.55890882,-0.53930299,0.34530038,1.720132,116.15954,199.80975,False,0.91836333,True,False,False,0.34530038,1.720132,116.15954,199.80975,0.33056325,1.7370224,113.49663,197.14619,0.7683723,1.3148747,24.729628,32.516363,0.36511325,1.8631997,20.17572,37.591395,0.19773822,1.9980848,48.865143,97.636701,0.29820384,1.6839246,68.429301,115.22978,0.38676396,1.7832253,53.132454,94.747137,0.49104819,1.4816019,50.803509,75.270577
0b_baseline_best,file,13,baseline,7152,123.Henslow_Sparrow/Henslow_Sparrow_0081_116755.jpg,123,122,123.Henslow_Sparrow,125,124,color_jitter,color_jitter,0,"{""brightness"":1.278913,""contrast"":1.280889,""hue"":0.070787,""saturation"":0.833723}",1.9848999,2.4542532,0.46935332,0.13739437,0.085927345,0.1570002,0.044026181,-0.01960583,0.041901164,0.061506994,0.65395422,1.1537252,116.15954,134.0162,False,0.91399473,False,False,False,0.65395422,1.1537252,116.15954,134.0162,0.64352738,1.1574835,113.49663,131.37048,0.89307013,1.0715038,24.729628,26.497891,0.45491776,1.0453806,20.17572,21.091307,0.53334645,1.2043409,48.865143,58.850289,0.68697141,1.084974,68.429301,74.244011,0.63647293,1.1888821,53.132454,63.168223,0.71126413,1.2209604,50.803509,62.029074
0b_baseline_best,file,13,baseline,7152,123.Henslow_Sparrow/Henslow_Sparrow_0081_116755.jpg,123,122,123.Henslow_Sparrow,125,124,rotation,rotation,0,"{""angle"":0.87158}",1.9848999,1.3708345,-0.61406541,0.13739437,0.25389501,0.1570002,0.10593328,-0.01960583,0.14796174,0.16756757,0.8880054,0.93672105,116.15954,108.80909,False,0.98173314,False,False,True,0.8880054,0.93672105,116.15954,108.80909,0.8847301,0.94154937,113.49663,106.86268,0.97338813,0.82850682,24.729628,20.488665,0.85921262,0.96322122,20.17572,19.433682,0.86461077,0.91776982,48.865143,44.846954,0.89635132,0.95752805,68.429301,65.522975,0.87501682,0.9543629,53.132454,50.707643,0.89760673,0.91612469,50.803509,46.542348
0b_baseline_best,file,13,baseline,7152,123.Henslow_Sparrow/Henslow_Sparrow_0081_116755.jpg,123,122,123.Henslow_Sparrow,125,124,random_resized_crop,random_resized_crop,0,"{""area_fraction"":0.783266,""aspect"":0.89751,""fallback"":false,""height"":0.93419,""left"":0.041218,""top"":0.037057,""width"":0.838444}",1.9848999,1.6193464,-0.3655535,0.13739437,0.19802812,0.1570002,0.41317156,-0.01960583,-0.21514344,-0.19553761,0.72416124,1.2033755,116.15954,139.78354,False,0.96417326,True,False,False,0.72416124,1.2033755,116.15954,139.78354,0.71639805,1.2099202,113.49663,137.32187,0.91792498,1.0561365,24.729628,26.117862,0.69141889,1.5828262,20.17572,31.934657,0.66369551,1.2054873,48.865143,58.906308,0.74127477,1.2462887,68.429301,85.282664,0.71225374,1.2182527,53.132454,64.728756,0.74288456,1.0608347,50.803509,53.894122
0b_baseline_best,file,13,baseline,7152,123.Henslow_Sparrow/Henslow_Sparrow_0081_116755.jpg,123,122,123.Henslow_Sparrow,125,124,gaussian_blur,gaussian_blur,0,"{""sigma"":1.000359}",1.9848999,1.8594207,-0.12547922,0.13739437,0.15576285,0.1570002,0.035672627,-0.01960583,0.12009022,0.13969605,0.70334092,1.4094356,116.15954,163.7194,False,0.92378348,False,False,False,0.70334092,1.4094356,116.15954,163.7194,0.6991872,1.4272935,113.49663,161.993,0.88813892,0.95889119,24.729628,23.713022,0.64896161,1.6357921,20.17572,33.003283,0.64870769,1.6231458,48.865143,79.31525,0.74202887,1.472009,68.429301,100.72855,0.66645811,1.3657593,53.132454,72.566143,0.74549165,1.1560743,50.803509,58.732633
0b_baseline_best,file,13,baseline,7152,123.Henslow_Sparrow/Henslow_Sparrow_0081_116755.jpg,123,122,123.Henslow_Sparrow,125,124,random_erasing,random_erasing,0,"{""area_fraction"":0.116087,""erased"":true,""height"":0.378881,""left"":0.270533,""top"":0.134488,""width"":0.306394}",1.9848999,6.4685626,4.4836627,0.13739437,0.0015514544,0.1570002,0.0079150079,-0.01960583,-0.0063635535,0.013242277,0.48116392,1.0072246,116.15954,116.99875,False,0.79809213,False,False,False,0.48116392,1.0072246,116.15954,116.99875,0.46514449,0.99583272,113.49663,113.02366,0.76557678,1.2227587,24.729628,30.238368,0.45465919,0.69058395,20.17572,13.933028,0.47649024,0.91685487,48.865143,44.802244,0.48751432,0.88239667,68.429301,60.381788,0.41645008,0.97380063,53.132454,51.740417,0.49414678,1.2832108,50.803509,65.19161
0b_baseline_best,file,13,baseline,2554,045.Northern_Fulmar/Northern_Fulmar_0076_43893.jpg,45,44,045.Northern_Fulmar,63,62,identity,identity,0,{},0.95541894,0.95541894,0,0.38465098,0.38465098,0.44163561,0.44163561,-0.056984633,-0.056984633,0,1,1,93.483449,93.483449,False,0.99999994,True,False,False,1,1,93.483449,93.483449,1,1,91.312517,91.312517,1,1,20.029465,20.029465,1,1,16.84117,16.84117,1,1,37.165013,37.165013,1,1,47.018864,47.018864,1,1,45.857402,45.857402,1,1,48.574044,48.574044
0b_baseline_best,file,13,baseline,2554,045.Northern_Fulmar/Northern_Fulmar_0076_43893.jpg,45,44,045.Northern_Fulmar,63,62,horizontal_flip,horizontal_flip,0,"{""flipped"":true}",0.95541894,1.8895012,0.93408227,0.38465098,0.15114719,0.44163561,0.20074452,-0.056984633,-0.049597338,0.0073872954,0.43899134,1.1278943,93.483449,105.43945,False,0.94839752,False,False,False,0.43899134,1.1278943,93.483449,105.43945,0.41906129,1.1224857,91.312517,102.497,0.81738954,1.2349532,20.029465,24.735453,0.15407998,1.7978105,16.84117,30.277232,0.27307483,0.98616478,37.165013,36.650826,0.39319609,1.1137751,47.018864,52.368438,0.4071741,1.0484649,45.857402,48.079878,0.58512848,1.1630384,48.574044,56.493476
0b_baseline_best,file,13,baseline,2554,045.Northern_Fulmar/Northern_Fulmar_0076_43893.jpg,45,44,045.Northern_Fulmar,63,62,color_jitter,color_jitter,0,"{""brightness"":1.349508,""contrast"":0.713663,""hue"":0.00536,""saturation"":1.27447}",0.95541894,2.0694635,1.1140445,0.38465098,0.1262535,0.44163561,0.084936485,-0.056984633,0.041317016,0.098301649,0.51662193,1.2709475,93.483449,118.81256,False,0.89808953,False,False,False,0.51662193,1.2709475,93.483449,118.81256,0.50589531,1.2755266,91.312517,116.47154,0.76109135,1.1717341,20.029465,23.469208,0.22935461,1.1657684,16.84117,19.632905,0.42288334,1.2384712,37.165013,46.027799,0.60948984,1.3384918,47.018864,62.934362,0.45279003,1.2653419,45.857402,58.025294,0.52987553,1.2579968,48.574044,61.105992
0b_baseline_best,file,13,baseline,2554,045.Northern_Fulmar/Northern_Fulmar_0076_43893.jpg,45,44,045.Northern_Fulmar,63,62,rotation,rotation,0,"{""angle"":10.092686}",0.95541894,1.2559819,0.30056298,0.38465098,0.28479606,0.44163561,0.35744956,-0.056984633,-0.072653502,-0.015668869,0.64528726,0.90025243,93.483449,84.158703,False,0.94953626,True,False,False,0.64528726,0.90025243,93.483449,84.158703,0.6304007,0.89282401,91.312517,81.526008,0.91757583,1.0427305,20.029465,20.885335,0.63121566,1.2141599,16.84117,20.447874,0.45573651,0.84280802,37.165013,31.322971,0.58333351,0.82112696,47.018864,38.608457,0.63725711,0.86282446,45.857402,39.566889,0.76079137,0.96366543,48.574044,46.809127
0b_baseline_best,file,13,baseline,2554,045.Northern_Fulmar/Northern_Fulmar_0076_43893.jpg,45,44,045.Northern_Fulmar,63,62,random_resized_crop,random_resized_crop,0,"{""area_fraction"":0.805496,""aspect"":0.860579,""fallback"":false,""height"":0.967467,""left"":0.074983,""top"":0.001115,""width"":0.832582}",0.95541894,1.1994144,0.24399543,0.38465098,0.30137065,0.44163561,0.59483087,-0.056984633,-0.29346022,-0.23647559,0.80829709,1.2707215,93.483449,118.79143,False,0.97176248,True,False,False,0.80829709,1.2707215,93.483449,118.79143,0.80096704,1.2727342,91.312517,116.21657,0.9666649,1.228143,20.029465,24.599048,0.57958204,1.5772161,16.84117,26.562165,0.7526701,1.4081516,37.165013,52.333973,0.82633269,1.2433721,47.018864,58.461941,0.80804254,1.2296522,45.857402,56.388654,0.84496204,1.211744,48.574044,58.859309
0b_baseline_best,file,13,baseline,2554,045.Northern_Fulmar/Northern_Fulmar_0076_43893.jpg,45,44,045.Northern_Fulmar,63,62,gaussian_blur,gaussian_blur,0,"{""sigma"":1.469217}",0.95541894,1.3624883,0.40706933,0.38465098,0.25602293,0.44163561,0.14602293,-0.056984633,0.11,0.16698463,0.3145268,1.2041395,93.483449,112.56711,False,0.87715942,False,False,False,0.3145268,1.2041395,93.483449,112.56711,0.29646952,1.2076594,91.312517,110.27442,0.71684046,1.1285,20.029465,22.603252,0.32439156,1.8885852,16.84117,31.805984,0.1054712,1.2310458,37.165013,45.751833,0.22156813,1.1420718,47.018864,53.69892,0.26549042,1.1799834,45.857402,54.110972,0.51108449,1.1725676,48.574044,56.956351
0b_baseline_best,file,13,baseline,2554,045.Northern_Fulmar/Northern_Fulmar_0076_43893.jpg,45,44,045.Northern_Fulmar,63,62,random_erasing,random_erasing,0,"{""area_fraction"":0.050901,""erased"":true,""height"":0.145982,""left"":0.130899,""top"":0.784551,""width"":0.348678}",0.95541894,1.6727877,0.71736872,0.38465098,0.18772303,0.44163561,0.74026805,-0.056984633,-0.55254503,-0.49556039,0.87112791,1.6045157,93.483449,149.99566,False,0.98338759,True,False,False,0.87112791,1.6045157,93.483449,149.99566,0.86657456,1.6091735,91.312517,146.93769,0.97423895,1.5044482,20.029465,30.133294,0.40029399,1.8537688,16.84117,31.219636,0.86999797,1.6015289,37.165013,59.520842,0.88259261,1.5570423,47.018864,73.210359,0.88248863,1.6682075,45.857402,76.499662,0.90300969,1.5761368,48.574044,76.559339
0b_baseline_best,file,13,baseline,115,002.Laysan_Albatross/Laysan_Albatross_0018_492.jpg,2,1,002.Laysan_Albatross,3,2,identity,identity,0,{},0.026612284,0.026612284,0,0.97373873,0.97373873,0.0064526228,0.0064526228,0.96728611,0.96728611,0,1,1,4.7775504,4.7775504,False,1,True,True,True,1,1,4.7775504,4.7775504,1,1,4.7049959,4.7049959,1,1,0.82945813,0.82945813,1,1,1.1505012,1.1505012,1,1,2.3017975,2.3017975,1,1,2.5720238,2.5720238,1,1,2.1389541,2.1389541,1,1,2.0795747,2.0795747
0b_baseline_best,file,13,baseline,115,002.Laysan_Albatross/Laysan_Albatross_0018_492.jpg,2,1,002.Laysan_Albatross,3,2,horizontal_flip,horizontal_flip,0,"{""flipped"":true}",0.026612284,0.0086239763,-0.017988307,0.97373873,0.99141312,0.0064526228,0.001569054,0.96728611,0.98984406,0.022557955,0.61632642,0.28256323,4.7775504,1.34996,False,0.95710504,True,True,True,0.61632642,0.28256323,4.7775504,1.34996,0.60413817,0.28015654,4.7049959,1.3181354,0.94431602,0.35130797,0.82945813,0.29139525,0.29461363,0.2533161,1.1505012,0.29144048,0.66165069,0.27793721,2.3017975,0.63975518,0.64164336,0.25751699,2.5720238,0.66233982,0.49708474,0.27540037,2.1389541,0.58906876,0.67835632,0.32527435,2.0795747,0.6764323
0b_baseline_best,file,13,baseline,115,002.Laysan_Albatross/Laysan_Albatross_0018_492.jpg,2,1,002.Laysan_Albatross,3,2,color_jitter,color_jitter,0,"{""brightness"":1.146946,""contrast"":0.796996,""hue"":-0.009488,""saturation"":1.016171}",0.026612284,0.062084697,0.035472414,0.97373873,0.9398033,0.0064526228,0.012614744,0.96728611,0.92718856,-0.040097549,0.87588147,2.1505291,4.7775504,10.274261,False,0.98150426,True,True,True,0.87588147,2.1505291,4.7775504,10.274261,0.87306619,2.1510092,4.7049959,10.12049,0.96716743,2.1350241,0.82945813,1.7709131,0.70130424,1.7414681,1.1505012,2.0035612,0.88431358,2.1509458,2.3017975,4.9510416,0.88706816,2.1523073,2.5720238,5.5357856,0.86213894,2.1961781,2.1389541,4.6975241,0.89694272,2.2133277,2.0795747,4.6027803
0b_baseline_best,file,13,baseline,115,002.Laysan_Albatross/Laysan_Albatross_0018_492.jpg,2,1,002.Laysan_Albatross,3,2,rotation,rotation,0,"{""angle"":5.114174}",0.026612284,0.016328759,-0.010283524,0.97373873,0.98380381,0.0064526228,0.0043675913,0.96728611,0.97943622,0.01215011,0.80419256,0.6029976,4.7775504,2.8808514,False,0.97333622,True,True,True,0.80419256,0.6029976,4.7775504,2.8808514,0.79885523,0.60211145,4.7049959,2.8329319,0.96894959,0.63084606,0.82945813,0.5232604,0.71735889,0.50339825,1.1505012,0.5791603,0.78613426,0.56338713,2.3017975,1.2968031,0.81201408,0.61736606,2.5720238,1.5878802,0.78689104,0.6375678,2.1389541,1.3637283,0.83370999,0.6134144,2.0795747,1.2756411
0b_baseline_best,file,13,baseline,115,002.Laysan_Albatross/Laysan_Albatross_0018_492.jpg,2,1,002.Laysan_Albatross,3,2,random_resized_crop,random_resized_crop,0,"{""area_fraction"":0.669546,""aspect"":1.18967,""fallback"":false,""height"":0.7502,""left"":0.085022,""top"":0.210435,""width"":0.89249}",0.026612284,0.065362789,0.038750505,0.97373873,0.93672758,0.0064526228,0.013434713,0.96728611,0.92329287,-0.043993236,0.69168132,2.6702288,4.7775504,12.757152,False,0.95378006,True,True,True,0.69168132,2.6702288,4.7775504,12.757152,0.68469773,2.6738403,4.7049959,12.580408,0.92791646,2.5512965,0.82945813,2.1161936,0.70571595,3.1292194,1.1505012,3.6001708,0.70291271,2.8155492,2.3017975,6.480824,0.66892473,2.5915833,2.5720238,6.6656139,0.64447032,2.7014574,2.1389541,5.7782934,0.73207241,2.4275607,2.0795747,5.0482938
0b_baseline_best,file,13,baseline,115,002.Laysan_Albatross/Laysan_Albatross_0018_492.jpg,2,1,002.Laysan_Albatross,3,2,gaussian_blur,gaussian_blur,0,"{""sigma"":1.093346}",0.026612284,0.17493661,0.14832432,0.97373873,0.83951026,0.0064526228,0.090013236,0.96728611,0.74949703,-0.21778908,0.684499,5.7181953,4.7775504,27.318966,False,0.95810616,True,True,True,0.684499,5.7181953,4.7775504,27.318966,0.67686209,5.70794,4.7049959,26.855834,0.91780952,6.0388795,0.82945813,5.0089977,0.55902399,5.5332087,1.1505012,6.3659634,0.53583011,5.1480589,2.3017975,11.849789,0.70935452,5.7623263,2.5720238,14.82084,0.71781661,6.1808148,2.1389541,13.220479,0.77554116,5.8074484,2.0795747,12.077023
0b_baseline_best,file,13,baseline,115,002.Laysan_Albatross/Laysan_Albatross_0018_492.jpg,2,1,002.Laysan_Albatross,3,2,random_erasing,random_erasing,0,"{""area_fraction"":0.068379,""erased"":true,""height"":0.413485,""left"":0.608041,""top"":0.014925,""width"":0.165372}",0.026612284,0.12084325,0.094230963,0.97373873,0.88617283,0.0064526228,0.034952667,0.96728611,0.85122016,-0.11606594,0.81911326,3.5556207,4.7775504,16.987157,False,0.95550829,True,True,True,0.81911326,3.5556207,4.7775504,16.987157,0.81531591,3.5410532,4.7049959,16.660641,0.93317233,3.9960977,0.82945813,3.3145957,0.70253175,3.1788868,1.1505012,3.6573132,0.85832124,3.3202872,2.3017975,7.6426288,0.8507013,3.4247005,2.5720238,8.8084112,0.78499717,3.7270599,2.1389541,7.9720102,0.78925871,3.8664321,2.0795747,8.0405343
0b_baseline_best,file,13,baseline,9090,155.Warbling_Vireo/Warbling_Vireo_0003_158484.jpg,155,154,155.Warbling_Vireo,153,152,identity,identity,0,{},0.029391404,0.029391404,0,0.97103631,0.97103631,0.018436817,0.018436817,0.9525995,0.9525995,0,1,1,4.5603101,4.5603101,False,0.99999994,True,True,True,1,1,4.5603101,4.5603101,1,1,4.4315178,4.4315178,1,1,1.0761404,1.0761404,1,1,0.91255138,0.91255138,1,1,2.2753034,2.2753034,1,1,2.4946911,2.4946911,1,1,1.8736142,1.8736142,1,1,1.9734945,1.9734945
0b_baseline_best,file,13,baseline,9090,155.Warbling_Vireo/Warbling_Vireo_0003_158484.jpg,155,154,155.Warbling_Vireo,153,152,horizontal_flip,horizontal_flip,0,"{""flipped"":true}",0.029391404,0.092665896,0.063274492,0.97103631,0.91149801,0.018436817,0.049521979,0.9525995,0.86197603,-0.090623466,0.7641687,3.0173377,4.5603101,13.759996,False,0.97537321,True,True,True,0.7641687,3.0173377,4.5603101,13.759996,0.75284258,3.029137,4.4315178,13.423675,0.97328228,2.8097139,1.0761404,3.0236467,0.72201923,3.1186814,0.91255138,2.845957,0.78969138,2.8348875,2.2753034,6.4502291,0.76996514,3.040714,2.4946911,7.5856421,0.67399698,3.1911767,1.8736142,5.9790339,0.76422209,3.0905195,1.9734945,6.0991232
0b_baseline_best,file,13,baseline,9090,155.Warbling_Vireo/Warbling_Vireo_0003_158484.jpg,155,154,155.Warbling_Vireo,153,152,color_jitter,color_jitter,0,"{""brightness"":1.079123,""contrast"":0.783303,""hue"":0.084186,""saturation"":1.0774}",0.029391404,0.02244381,-0.0069475938,0.97103631,0.97780615,0.018436817,0.0029210181,0.9525995,0.97488513,0.022285635,0.53982725,0.85380551,4.5603101,3.8936179,False,0.94623572,True,True,True,0.53982725,0.85380551,4.5603101,3.8936179,0.52726355,0.86447236,4.4315178,3.8309246,0.84655843,0.64666269,1.0761404,0.69589987,0.54385504,0.93038202,0.91255138,0.84902139,0.36871293,0.85703847,2.2753034,1.9500226,0.52409877,0.8984219,2.4946911,2.2412851,0.58153451,0.88736118,1.8736142,1.6625725,0.70908337,0.77926366,1.9734945,1.5378725
0b_baseline_best,file,13,baseline,9090,155.Warbling_Vireo/Warbling_Vireo_0003_158484.jpg,155,154,155.Warbling_Vireo,153,152,rotation,rotation,0,"{""angle"":-11.628893}",0.029391404,0.02483156,-0.0045598447,0.97103631,0.97547418,0.018436817,0.021697275,0.9525995,0.9537769,0.0011774059,0.75953158,0.92433476,4.5603101,4.2152531,False,0.97258306,True,True,True,0.75953158,0.92433476,4.5603101,4.2152531,0.74685404,0.91764491,4.4315178,4.0665597,0.95569311,1.0311922,1.0761404,1.1097076,0.78586077,0.96446822,0.91255138,0.88012681,0.79113855,0.84775772,2.2753034,1.928906,0.72348244,0.87759472,2.4946911,2.1893278,0.66439056,0.97301638,1.8736142,1.8230573,0.80181698,1.0038737,1.9734945,1.9811392
0b_baseline_best,file,13,baseline,9090,155.Warbling_Vireo/Warbling_Vireo_0003_158484.jpg,155,154,155.Warbling_Vireo,153,152,random_resized_crop,random_resized_crop,0,"{""area_fraction"":0.710872,""aspect"":0.811738,""fallback"":false,""height"":0.93581,""left"":0.092508,""top"":0.000321,""width"":0.759632}",0.029391404,0.094440892,0.065049488,0.97103631,0.90988153,0.018436817,0.072111033,0.9525995,0.8377705,-0.114829,0.7613336,3.1355047,4.5603101,14.298874,False,0.96467352,True,True,True,0.7613336,3.1355047,4.5603101,14.298874,0.75044178,3.1409589,4.4315178,13.919215,0.9524447,3.0415263,1.0761404,3.2731094,0.80269816,2.7601285,0.91255138,2.5187591,0.83021293,2.8695161,2.2753034,6.5290198,0.75193867,2.9996412,2.4946911,7.4831782,0.63420115,3.3889238,1.8736142,6.3495357,0.76644523,3.5273266,1.9734945,6.9611595
0b_baseline_best,file,13,baseline,9090,155.Warbling_Vireo/Warbling_Vireo_0003_158484.jpg,155,154,155.Warbling_Vireo,153,152,gaussian_blur,gaussian_blur,0,"{""sigma"":1.356403}",0.029391404,0.091715656,0.062324252,0.97103631,0.91236454,0.018436817,0.078065582,0.9525995,0.83429896,-0.11830054,0.67683914,3.5144619,4.5603101,16.027036,False,0.9420653,True,True,True,0.67683914,3.5144619,4.5603101,16.027036,0.66382529,3.5314566,4.4315178,15.649713,0.92230457,3.2126114,1.0761404,3.457221,0.60584531,3.0473804,0.91255138,2.7808912,0.75924479,3.579195,2.2753034,8.1437546,0.60610065,3.4153572,2.4946911,8.5202614,0.57771585,3.7946209,1.8736142,7.1096556,0.72277306,3.5002758,1.9734945,6.907775
0b_baseline_best,file,13,baseline,9090,155.Warbling_Vireo/Warbling_Vireo_0003_158484.jpg,155,154,155.Warbling_Vireo,153,152,random_erasing,random_erasing,0,"{""area_fraction"":0.193063,""erased"":true,""height"":0.358399,""left"":0.05164,""top"":0.382306,""width"":0.538683}",0.029391404,6.04036,6.0109686,0.97103631,0.0023807017,0.018436817,0.035001438,0.9525995,-0.032620736,-0.98522023,0.32409828,30.419789,4.5603101,138.72367,False,0.6330449,False,True,False,0.32409828,30.419789,4.5603101,138.72367,0.31616253,30.867209,4.4315178,136.78859,0.53848779,21.456121,1.0761404,23.089799,0.31948984,21.66169,0.91255138,19.767405,0.21219243,26.104956,2.2753034,59.396695,0.36266149,32.191306,2.4946911,80.307365,0.331633,35.04151,1.8736142,65.65427,0.34918481,32.177999,1.9734945,63.503102
0b_baseline_best,file,13,baseline,313,006.Least_Auklet/Least_Auklet_0030_795116.jpg,6,5,006.Least_Auklet,7,6,identity,identity,0,{},0.0071233115,0.0071233115,0,0.99290198,0.99290198,0.0017364963,0.0017364963,0.99116548,0.99116548,0,1,1,1.4791132,1.4791132,False,1,True,True,True,1,1,1.4791132,1.4791132,1,1,1.4636289,1.4636289,1,1,0.21346252,0.21346252,1,1,0.41549371,0.41549371,1,1,0.6460535,0.6460535,1,1,0.77525876,0.77525876,1,1,0.73934636,0.73934636,1,1,0.63602701,0.63602701
0b_baseline_best,file,13,baseline,313,006.Least_Auklet/Least_Auklet_0030_795116.jpg,6,5,006.Least_Auklet,7,6,horizontal_flip,horizontal_flip,0,"{""flipped"":true}",0.0071233115,0.0028916472,-0.0042316644,0.99290198,0.99711251,0.0017364963,0.0016042426,0.99116548,0.99550827,0.0043427855,0.73738201,0.4780982,1.4791132,0.70716137,False,0.97903967,True,True,True,0.73738201,0.4780982,1.4791132,0.70716137,0.73290302,0.47782928,1.4636289,0.69936476,0.94273233,0.49057456,0.21346252,0.10471928,0.77419066,0.43161634,0.41549371,0.17933387,0.75084332,0.5621366,0.6460535,0.36317032,0.67822441,0.44951545,0.77525876,0.34849079,0.73546091,0.47158242,0.73934636,0.34866275,0.78782312,0.45035367,0.63602701,0.2864371
0b_baseline_best,file,13,baseline,313,006.Least_Auklet/Least_Auklet_0030_795116.jpg,6,5,006.Least_Auklet,7,6,color_jitter,color_jitter,0,"{""brightness"":0.944761,""contrast"":0.643839,""hue"":0.003654,""saturation"":0.923567}",0.0071233115,0.023037992,0.015914681,0.99290198,0.97722536,0.0017364963,0.010645968,0.99116548,0.9665794,-0.024586089,0.87559705,3.6740799,1.4791132,5.4343802,False,0.98141849,True,True,True,0.87559705,3.6740799,1.4791132,5.4343802,0.87406169,3.6814512,1.4636289,5.3882786,0.96079229,3.3090517,0.21346252,0.70635851,0.90382377,3.4826716,0.41549371,1.4470281,0.88060458,4.670521,0.6460535,3.0174065,0.8940776,3.7637996,0.77525876,2.9179186,0.88049325,3.1687164,0.73934636,2.3427789,0.87185794,3.0777981,0.63602701,1.9575627
0b_baseline_best,file,13,baseline,313,006.Least_Auklet/Least_Auklet_0030_795116.jpg,6,5,006.Least_Auklet,7,6,rotation,rotation,0,"{""angle"":-6.248952}",0.0071233115,0.011364843,0.0042415312,0.99290198,0.9886995,0.0017364963,0.0012563629,0.99116548,0.98744313,-0.0037223516,0.83353064,1.6375566,1.4791132,2.4221316,False,0.97672951,True,True,True,0.83353064,1.6375566,1.4791132,2.4221316,0.83127651,1.6420763,1.4636289,2.4033904,0.96667907,1.4087994,0.21346252,0.30072586,0.81889955,1.4452454,0.41549371,0.60049039,0.82289455,1.735684,0.6460535,1.1213447,0.80652893,1.660812,0.77525876,1.287559,0.83541875,1.62677,0.73934636,1.2027465,0.88176321,1.6140577,0.63602701,1.0265843
0b_baseline_best,file,13,baseline,313,006.Least_Auklet/Least_Auklet_0030_795116.jpg,6,5,006.Least_Auklet,7,6,random_resized_crop,random_resized_crop,0,"{""area_fraction"":0.578483,""aspect"":1.146605,""fallback"":false,""height"":0.710295,""left"":0.045917,""top"":0.007014,""width"":0.814427}",0.0071233115,0.079847626,0.072724315,0.99290198,0.92325699,0.0017364963,0.018561132,0.99116548,0.90469586,-0.086469623,0.71636338,9.8229793,1.4791132,14.529299,False,0.9185071,True,True,True,0.71636338,9.8229793,1.4791132,14.529299,0.71192499,9.805992,1.4636289,14.352334,0.91163834,10.590898,0.21346252,2.2607597,0.7312318,10.325625,0.41549371,4.2902324,0.72290633,10.681534,0.6460535,6.9008423,0.66403713,9.1158586,0.77525876,7.0671492,0.69979246,9.400865,0.73934636,6.9504954,0.7776761,10.153903,0.63602701,6.4581564
0b_baseline_best,file,13,baseline,313,006.Least_Auklet/Least_Auklet_0030_795116.jpg,6,5,006.Least_Auklet,7,6,gaussian_blur,gaussian_blur,0,"{""sigma"":1.906972}",0.0071233115,0.042022064,0.034898753,0.99290198,0.9588486,0.0017364963,0.016566399,0.99116548,0.9422822,-0.048883288,0.65585106,5.4825498,1.4791132,8.1093119,False,0.92938828,True,True,True,0.65585106,5.4825498,1.4791132,8.1093119,0.65039921,5.4844891,1.4636289,8.027257,0.91671967,5.3905892,0.21346252,1.1506887,0.62822788,5.0519594,0.41549371,2.0990573,0.53715286,6.1557072,0.6460535,3.9769162,0.62493988,5.051899,0.77525876,3.916529,0.70276899,5.3994429,0.73934636,3.9920584,0.76129056,5.6555978,0.63602701,3.597113
0b_baseline_best,file,13,baseline,313,006.Least_Auklet/Least_Auklet_0030_795116.jpg,6,5,006.Least_Auklet,7,6,random_erasing,random_erasing,0,"{""area_fraction"":0.132816,""erased"":true,""height"":0.6004,""left"":0.312528,""top"":0.380104,""width"":0.221213}",0.0071233115,1.217648,1.2105247,0.99290198,0.29592535,0.0017364963,0.29197133,0.99116548,0.0039540231,-0.98721146,0.63230703,87.292355,1.4791132,129.11528,False,0.82722777,True,True,True,0.63230703,87.292355,1.4791132,129.11528,0.62822968,87.135373,1.4636289,127.53385,0.8112562,94.378334,0.21346252,20.146237,0.51787792,90.107521,0.41549371,37.439108,0.64577736,90.071379,0.6460535,58.19093,0.6259745,95.171563,0.77525876,73.782588,0.65291246,82.064698,0.73934636,60.674236,0.64316276,76.246997,0.63602701,48.49515
0b_baseline_best,file,13,baseline,5206,090.Red_breasted_Merganser/Red_Breasted_Merganser_0080_79488.jpg,90,89,090.Red_breasted_Merganser,1,0,identity,identity,0,{},0.15809098,0.15809098,0,0.8537721,0.8537721,0.049159661,0.049159661,0.80461244,0.80461244,0,1,1,31.794057,31.794057,False,1,True,True,True,1,1,31.794057,31.794057,1,1,31.500714,31.500714,1,1,4.308953,4.308953,1,1,8.7900569,8.7900569,1,1,14.608132,14.608132,1,1,16.060718,16.060718,1,1,16.098418,16.098418,1,1,13.584059,13.584059
0b_baseline_best,file,13,baseline,5206,090.Red_breasted_Merganser/Red_Breasted_Merganser_0080_79488.jpg,90,89,090.Red_breasted_Merganser,1,0,horizontal_flip,horizontal_flip,0,"{""flipped"":true}",0.15809098,0.21835352,0.060262546,0.8537721,0.80384123,0.049159661,0.039003212,0.80461244,0.76483802,-0.039774422,0.65745102,1.0309991,31.794057,32.779643,False,0.97710913,True,True,True,0.65745102,1.0309991,31.794057,32.779643,0.65073534,1.0269386,31.500714,32.3493,0.96780761,1.2286342,4.308953,5.2941271,0.76469765,1.0118131,8.7900569,8.8938951,0.68203853,1.0080864,14.608132,14.726259,0.63894931,1.0172895,16.060718,16.3384,0.565454,0.98807674,16.098418,15.906472,0.69888313,1.1177811,13.584059,15.184004
0b_baseline_best,file,13,baseline,5206,090.Red_breasted_Merganser/Red_Breasted_Merganser_0080_79488.jpg,90,89,090.Red_breasted_Merganser,1,0,color_jitter,color_jitter,0,"{""brightness"":1.19882,""contrast"":1.101208,""hue"":-0.075349,""saturation"":1.270891}",0.15809098,1.7781101,1.6200192,0.8537721,0.16895714,0.049159661,0.025338385,0.80461244,0.14361876,-0.66099368,0.56683096,3.7301217,31.794057,118.5957,False,0.86029196,False,True,False,0.56683096,3.7301217,31.794057,118.5957,0.56172125,3.6995596,31.500714,116.53877,0.79361313,5.1038339,4.308953,21.99218,0.73306833,3.9870141,8.7900569,35.046081,0.50874851,3.1592166,14.608132,46.150254,0.54526963,3.8557846,16.060718,61.92667,0.53558278,3.6126508,16.098418,58.157963,0.60360082,4.0360945,13.584059,54.826545
0b_baseline_best,file,13,baseline,5206,090.Red_breasted_Merganser/Red_Breasted_Merganser_0080_79488.jpg,90,89,090.Red_breasted_Merganser,1,0,rotation,rotation,0,"{""angle"":-13.142848}",0.15809098,0.36445025,0.20635927,0.8537721,0.69457841,0.049159661,0.0189107,0.80461244,0.67566771,-0.12894473,0.67741881,1.7430208,31.794057,55.417705,False,0.95642388,True,True,True,0.67741881,1.7430208,31.794057,55.417705,0.67267557,1.7404897,31.500714,54.826669,0.91473685,1.8733263,4.308953,8.0720752,0.75440143,1.841897,8.7900569,16.19038,0.60364069,1.6358403,14.608132,23.896571,0.63827063,1.6461701,16.060718,26.438675,0.71893395,1.8277317,16.098418,29.42359,0.69296177,1.8152472,13.584059,24.658425
0b_baseline_best,file,13,baseline,5206,090.Red_breasted_Merganser/Red_Breasted_Merganser_0080_79488.jpg,90,89,090.Red_breasted_Merganser,1,0,random_resized_crop,random_resized_crop,0,"{""area_fraction"":0.512576,""aspect"":1.274299,""fallback"":false,""height"":0.634225,""left"":0.040736,""top"":0.10617,""width"":0.808192}",0.15809098,5.6254859,5.4673949,0.8537721,0.0036048105,0.049159661,0.80124551,0.80461244,-0.7976407,-1.6022531,0.57224853,7.8640693,31.794057,250.03067,False,0.87792158,False,True,False,0.57224853,7.8640693,31.794057,250.03067,0.56694048,7.8290046,31.500714,246.61924,0.81585526,9.5526023,4.308953,41.161714,0.52119263,6.1987617,8.7900569,54.487468,0.40835031,7.3275448,14.608132,107.04174,0.61755264,8.6917607,16.060718,139.59592,0.60479487,7.3697184,16.098418,118.64081,0.63463781,8.3389299,13.584059,113.27651
0b_baseline_best,file,13,baseline,5206,090.Red_breasted_Merganser/Red_Breasted_Merganser_0080_79488.jpg,90,89,090.Red_breasted_Merganser,1,0,gaussian_blur,gaussian_blur,0,"{""sigma"":1.13678}",0.15809098,1.8999854,1.7418945,0.8537721,0.14957081,0.049159661,0.3739225,0.80461244,-0.22435169,-1.0289641,0.71253432,5.6156083,31.794057,178.54297,False,0.91808355,False,True,False,0.71253432,5.6156083,31.794057,178.54297,0.70869022,5.6072944,31.500714,176.63378,0.90511385,6.0433201,4.308953,26.040382,0.74806436,5.7687174,8.7900569,50.707354,0.65750082,5.2404136,14.608132,76.552654,0.70170863,5.4770376,16.060718,87.965157,0.71643685,5.7301338,16.098418,92.24609,0.74683932,5.9445473,13.584059,80.75108
0b_baseline_best,file,13,baseline,5206,090.Red_breasted_Merganser/Red_Breasted_Merganser_0080_79488.jpg,90,89,090.Red_breasted_Merganser,1,0,random_erasing,random_erasing,0,"{""area_fraction"":0.061859,""erased"":true,""height"":0.204777,""left"":0.611012,""top"":0.387835,""width"":0.302079}",0.15809098,0.54242617,0.38433519,0.8537721,0.58133614,0.049159661,0.21180873,0.80461244,0.36952741,-0.43508503,0.95848291,3.0119373,31.794057,95.761706,False,0.98190844,True,True,True,0.95848291,3.0119373,31.794057,95.761706,0.95835194,3.0155337,31.500714,94.991465,0.9682632,2.8130498,4.308953,12.121299,0.97827583,2.9333118,8.7900569,25.783978,0.96909229,3.0264456,14.608132,44.210717,0.9578128,3.0528547,16.060718,49.031038,0.96089321,3.0603831,16.098418,49.267327,0.93506449,2.9193663,13.584059,39.656843
0b_baseline_best,file,13,baseline,10103,172.Nashville_Warbler/Nashville_Warbler_0023_167242.jpg,172,171,172.Nashville_Warbler,200,199,identity,identity,0,{},1.1251961,1.1251961,0,0.32458881,0.32458881,0.099567547,0.099567547,0.22502126,0.22502126,0,1,1,100.47306,100.47306,False,1,True,True,True,1,1,100.47306,100.47306,1,1,99.025191,99.025191,1,1,16.995535,16.995535,1,1,21.175957,21.175957,1,1,38.572077,38.572077,1,1,52.712572,52.712572,1,1,53.464844,53.464844,1,1,47.251004,47.251004
0b_baseline_best,file,13,baseline,10103,172.Nashville_Warbler/Nashville_Warbler_0023_167242.jpg,172,171,172.Nashville_Warbler,200,199,horizontal_flip,horizontal_flip,0,"{""flipped"":true}",1.1251961,1.4465877,0.32139158,0.32458881,0.23537208,0.099567547,0.11609241,0.22502126,0.11927967,-0.10574159,0.68791973,1.2347449,100.47306,124.0586,False,0.94053769,True,True,True,0.68791973,1.2347449,100.47306,124.0586,0.68088825,1.2357698,99.025191,122.37234,0.93415816,1.199433,16.995535,20.385005,0.75764937,1.1561108,21.175957,24.481752,0.67463295,1.2769476,38.572077,49.25452,0.68832029,1.3153178,52.712572,69.333781,0.65385684,1.1751237,53.464844,62.827807,0.69807581,1.1962789,47.251004,56.525377
0b_baseline_best,file,13,baseline,10103,172.Nashville_Warbler/Nashville_Warbler_0023_167242.jpg,172,171,172.Nashville_Warbler,200,199,color_jitter,color_jitter,0,"{""brightness"":1.111541,""contrast"":0.747833,""hue"":0.043867,""saturation"":0.963074}",1.1251961,2.9892061,1.86401,0.32458881,0.050327379,0.099567547,0.0076456,0.22502126,0.042681779,-0.18233948,0.72348233,1.4475814,100.47306,145.44294,False,0.87022752,False,True,False,0.72348233,1.4475814,100.47306,145.44294,0.71996572,1.4503767,99.025191,143.62383,0.85365387,1.3492513,16.995535,22.931248,0.60946995,1.8949908,21.175957,40.128242,0.66928184,1.6937896,38.572077,65.332981,0.73746708,1.4089353,52.712572,74.268605,0.76960359,1.3286644,53.464844,71.036834,0.72774496,1.369444,47.251004,64.707602
0b_baseline_best,file,13,baseline,10103,172.Nashville_Warbler/Nashville_Warbler_0023_167242.jpg,172,171,172.Nashville_Warbler,200,199,rotation,rotation,0,"{""angle"":-7.37826}",1.1251961,1.6139271,0.48873103,0.32458881,0.19910417,0.099567547,0.081637345,0.22502126,0.11746683,-0.10755443,0.77469631,1.1343549,100.47306,113.97211,False,0.95910847,True,True,True,0.77469631,1.1343549,100.47306,113.97211,0.76912542,1.131878,99.025191,112.08443,0.95272205,1.2154519,16.995535,20.657256,0.78361747,1.2295885,21.175957,26.037712,0.67047027,1.1140547,38.572077,42.971402,0.77165917,1.1516936,52.712572,60.708733,0.78153388,1.1089544,53.464844,59.290073,0.81306642,1.1273556,47.251004,53.268684
0b_baseline_best,file,13,baseline,10103,172.Nashville_Warbler/Nashville_Warbler_0023_167242.jpg,172,171,172.Nashville_Warbler,200,199,random_resized_crop,random_resized_crop,0,"{""area_fraction"":0.813486,""aspect"":0.899246,""fallback"":false,""height"":0.951121,""left"":0.066482,""top"":0.014998,""width"":0.855292}",1.1251961,0.92627668,-0.19891942,0.32458881,0.39602548,0.099567547,0.05842609,0.22502126,0.33759939,0.11257813,0.77055028,0.90082885,100.47306,90.509035,False,0.96236676,True,True,True,0.77055028,0.90082885,100.47306,90.509035,0.7648167,0.89875575,99.025191,88.999459,0.95325671,0.96857917,16.995535,16.461521,0.66163846,0.9751307,21.175957,20.649325,0.68595149,0.92090029,38.572077,35.521037,0.76501338,0.88297755,52.712572,46.544017,0.78919534,0.88813942,53.464844,47.484236,0.8108876,0.90079949,47.251004,42.56368
0b_baseline_best,file,13,baseline,10103,172.Nashville_Warbler/Nashville_Warbler_0023_167242.jpg,172,171,172.Nashville_Warbler,200,199,gaussian_blur,gaussian_blur,0,"{""sigma"":1.937111}",1.1251961,3.2956419,2.1704458,0.32458881,0.037044261,0.099567547,0.010573058,0.22502126,0.026471202,-0.19855006,0.46662434,1.0855253,100.47306,109.06606,False,0.77219725,False,True,False,0.46662434,1.0855253,100.47306,109.06606,0.45650575,1.0772476,99.025191,106.67465,0.75401045,1.336466,16.995535,22.713955,0.42114442,1.121243,21.175957,23.743393,0.24852177,1.0012327,38.572077,38.619625,0.48099052,1.0991757,52.712572,57.940377,0.4919007,1.0626825,53.464844,56.816153,0.516416,1.1076242,47.251004,52.336357
0b_baseline_best,file,13,baseline,10103,172.Nashville_Warbler/Nashville_Warbler_0023_167242.jpg,172,171,172.Nashville_Warbler,200,199,random_erasing,random_erasing,0,"{""area_fraction"":0.176675,""erased"":true,""height"":0.344861,""left"":0.018718,""top"":0.597886,""width"":0.512308}",1.1251961,0.55001855,-0.57517755,0.32458881,0.57693911,0.099567547,0.030673245,0.22502126,0.54626586,0.3212446,0.90261706,0.60612619,100.47306,60.899355,False,0.97302234,True,True,True,0.90261706,0.60612619,100.47306,60.899355,0.900614,0.60459788,99.025191,59.87042,0.9682017,0.65590104,16.995535,11.147389,0.92780175,0.56541963,21.175957,11.973301,0.89834142,0.57307872,38.572077,22.104837,0.91352282,0.59578143,52.712572,31.405171,0.89069795,0.61025065,53.464844,32.626956,0.89666876,0.63549959,47.251004,30.027994
0b_baseline_best,file,13,baseline,10552,180.Wilson_Warbler/Wilson_Warbler_0108_175179.jpg,180,179,180.Wilson_Warbler,16,15,identity,identity,0,{},0.019908957,0.019908957,0,0.98028791,0.98028791,0.0090037901,0.0090037901,0.97128412,0.97128412,0,1,1,3.0324707,3.0324707,False,1,True,True,True,1,1,3.0324707,3.0324707,1,1,2.9817679,2.9817679,1,1,0.55221264,0.55221264,1,1,0.76228337,0.76228337,1,1,1.3330951,1.3330951,1,1,1.4842476,1.4842476,1,1,1.4514898,1.4514898,1,1,1.4909419,1.4909419
0b_baseline_best,file,13,baseline,10552,180.Wilson_Warbler/Wilson_Warbler_0108_175179.jpg,180,179,180.Wilson_Warbler,16,15,horizontal_flip,horizontal_flip,0,"{""flipped"":true}",0.019908957,0.0094107836,-0.010498174,0.98028791,0.99063337,0.0090037901,0.0027662436,0.97128412,0.98786712,0.016583005,0.64553223,0.41145252,3.0324707,1.2477177,False,0.96288097,True,True,True,0.64553223,0.41145252,3.0324707,1.2477177,0.63370316,0.40890803,2.9817679,1.2192689,0.94743593,0.47974407,0.55221264,0.26492074,0.36315199,0.25822938,0.76228337,0.19684397,0.50371879,0.34338314,1.3330951,0.45776238,0.64633996,0.43079344,1.4842476,0.63940414,0.63539806,0.40944983,1.4514898,0.59431226,0.75852488,0.46288115,1.4909419,0.69012889
0b_baseline_best,file,13,baseline,10552,180.Wilson_Warbler/Wilson_Warbler_0108_175179.jpg,180,179,180.Wilson_Warbler,16,15,color_jitter,color_jitter,0,"{""brightness"":0.792673,""contrast"":0.963207,""hue"":-0.024715,""saturation"":0.650882}",0.019908957,0.7585535,0.73864455,0.98028791,0.46834338,0.0090037901,0.2141528,0.97128412,0.25419058,-0.71709354,0.69961757,32.030156,3.0324707,97.13051,False,0.91056329,True,True,True,0.69961757,32.030156,3.0324707,97.13051,0.69468583,32.243381,2.9817679,96.14228,0.90685208,25.026963,0.55221264,13.820206,0.70841299,29.069552,0.76228337,22.159236,0.64991856,39.391748,1.3330951,52.512947,0.66670908,35.558397,1.4842476,52.777467,0.72387327,28.736241,1.4514898,41.710362,0.79843443,25.71114,1.4909419,38.333815
0b_baseline_best,file,13,baseline,10552,180.Wilson_Warbler/Wilson_Warbler_0108_175179.jpg,180,179,180.Wilson_Warbler,16,15,rotation,rotation,0,"{""angle"":-6.99463}",0.019908957,0.1177647,0.097855747,0.98028791,0.88890517,0.0090037901,0.031560507,0.97128412,0.85734466,-0.11393946,0.79048787,5.9970411,3.0324707,18.185852,False,0.96565336,True,True,True,0.79048787,5.9970411,3.0324707,18.185852,0.78630721,6.0222722,2.9817679,17.957018,0.93955659,5.2079275,0.55221264,2.8758834,0.81308851,5.5697225,0.76228337,4.2457068,0.79539907,5.5633079,1.3330951,7.4164186,0.77066307,6.3360469,1.4842476,9.4042626,0.7607143,6.2935828,1.4514898,9.1350714,0.81979218,5.9059483,1.4909419,8.8054255
0b_baseline_best,file,13,baseline,10552,180.Wilson_Warbler/Wilson_Warbler_0108_175179.jpg,180,179,180.Wilson_Warbler,16,15,random_resized_crop,random_resized_crop,0,"{""area_fraction"":0.609593,""aspect"":1.172354,""fallback"":false,""height"":0.721092,""left"":0.017199,""top"":0.147744,""width"":0.845375}",0.019908957,0.058635749,0.038726792,0.98028791,0.94305021,0.0090037901,0.015639596,0.97128412,0.92741061,-0.043873509,0.66912661,2.4215626,3.0324707,7.3433178,False,0.92791861,True,True,True,0.66912661,2.4215626,3.0324707,7.3433178,0.6596267,2.3947597,2.9817679,7.1406177,0.90450055,3.1028724,0.55221264,1.7134454,0.68843416,2.1263804,0.76228337,1.6209044,0.6713312,2.2416333,1.3330951,2.9883105,0.61290647,2.2260083,1.4842476,3.3039475,0.6331782,2.4944943,1.4514898,3.6207331,0.71537384,2.6325375,1.4909419,3.9249603
0b_baseline_best,file,13,baseline,10552,180.Wilson_Warbler/Wilson_Warbler_0108_175179.jpg,180,179,180.Wilson_Warbler,16,15,gaussian_blur,gaussian_blur,0,"{""sigma"":1.669358}",0.019908957,0.023399524,0.0034905672,0.98028791,0.97687215,0.0090037901,0.0025000146,0.97128412,0.97437213,0.0030880121,0.53473751,1.0035126,3.0324707,3.0431226,False,0.93329191,True,True,True,0.53473751,1.0035126,3.0324707,3.0431226,0.52163198,0.99764275,2.9817679,2.9747392,0.86885778,1.1616897,0.55221264,0.64149974,0.40982088,0.97984427,0.76228337,0.74691899,0.29580937,0.8420056,1.3330951,1.1224736,0.49760575,1.0759812,1.4842476,1.5970225,0.56877049,1.0618592,1.4514898,1.5412778,0.69291272,0.97316852,1.4909419,1.4509377
0b_baseline_best,file,13,baseline,10552,180.Wilson_Warbler/Wilson_Warbler_0108_175179.jpg,180,179,180.Wilson_Warbler,16,15,random_erasing,random_erasing,0,"{""area_fraction"":0.051017,""erased"":true,""height"":0.138344,""left"":0.593519,""top"":0.33039,""width"":0.368768}",0.019908957,0.026333308,0.0064243507,0.98028791,0.97401041,0.0090037901,0.0034900333,0.97128412,0.97052037,-0.00076374481,0.6444404,1.2495439,3.0324707,3.7892052,False,0.94718456,True,True,True,0.6444404,1.2495439,3.0324707,3.7892052,0.63623426,1.2472675,2.9817679,3.7190622,0.87236937,1.3141829,0.55221264,0.72570843,0.74843184,1.0451091,0.76228337,0.79666927,0.4929296,0.99390733,1.3330951,1.324973,0.64074306,1.4223442,1.4842476,2.1111111,0.61973409,1.3218373,1.4514898,1.9186334,0.73684216,1.2190166,1.4909419,1.8174828
0b_baseline_best,file,13,baseline,345,007.Parakeet_Auklet/Parakeet_Auklet_0047_795956.jpg,7,6,007.Parakeet_Auklet,5,4,identity,identity,0,{},0.009726041,0.009726041,0,0.9903211,0.9903211,0.0074309432,0.0074309432,0.98289016,0.98289016,0,1,1,1.7407372,1.7407372,False,1,True,True,True,1,1,1.7407372,1.7407372,1,1,1.7017849,1.7017849,1,1,0.36618875,0.36618875,1,1,0.36954857,0.36954857,1,1,0.74024515,0.74024515,1,1,0.9283318,0.9283318,1,1,0.83072849,0.83072849,1,1,0.81217797,0.81217797
0b_baseline_best,file,13,baseline,345,007.Parakeet_Auklet/Parakeet_Auklet_0047_795956.jpg,7,6,007.Parakeet_Auklet,5,4,horizontal_flip,horizontal_flip,0,"{""flipped"":true}",0.009726041,0.096401021,0.08667498,0.9903211,0.90809977,0.0074309432,0.038380265,0.98289016,0.86971951,-0.11317065,0.6038471,8.6727263,1.7407372,15.096937,False,0.95499188,True,True,True,0.6038471,8.6727263,1.7407372,15.096937,0.59277923,8.7445648,1.7017849,14.881368,0.9205247,6.9421145,0.36618875,2.5421242,0.57645339,9.0995747,0.36954857,3.3627348,0.59792106,9.8147262,0.74024515,7.2653034,0.55288986,8.136353,0.9283318,7.5532353,0.55352445,8.6323774,0.83072849,7.1711618,0.68779436,8.6087315,0.81217797,6.991822
0b_baseline_best,file,13,baseline,345,007.Parakeet_Auklet/Parakeet_Auklet_0047_795956.jpg,7,6,007.Parakeet_Auklet,5,4,color_jitter,color_jitter,0,"{""brightness"":0.666193,""contrast"":1.323208,""hue"":0.054369,""saturation"":0.831128}",0.009726041,0.10477106,0.095045014,0.9903211,0.9005307,0.0074309432,0.045144301,0.98289016,0.8553864,-0.12750376,0.73219841,8.8539435,1.7407372,15.412389,False,0.92292047,True,True,True,0.73219841,8.8539435,1.7407372,15.412389,0.72513611,8.8625734,1.7017849,15.082194,0.88837154,8.6654645,0.36618875,3.1731957,0.57605593,10.424948,0.36954857,3.8525248,0.65336773,8.7328923,0.74024515,6.4644811,0.74992797,8.4435499,0.9283318,7.8384158,0.74666448,9.0165891,0.83072849,7.4903374,0.76942901,8.9886148,0.81217797,7.3003549
0b_baseline_best,file,13,baseline,345,007.Parakeet_Auklet/Parakeet_Auklet_0047_795956.jpg,7,6,007.Parakeet_Auklet,5,4,rotation,rotation,0,"{""angle"":-3.760086}",0.009726041,0.0085280053,-0.0011980357,0.9903211,0.99150825,0.0074309432,0.0051933108,0.98289016,0.98631493,0.0034247781,0.83017409,0.83237511,1.7407372,1.4489463,False,0.97992861,True,True,True,0.83017409,0.83237511,1.7407372,1.4489463,0.82382128,0.83324528,1.7017849,1.4180042,0.97096474,0.81335455,0.36618875,0.29784129,0.80420252,0.71836796,0.36954857,0.26547186,0.79514544,0.94141472,0.74024515,0.69687768,0.83526196,0.79916752,0.9283318,0.74189263,0.81147174,0.79581829,0.83072849,0.66110892,0.86106761,0.84154656,0.81217797,0.68348558
0b_baseline_best,file,13,baseline,345,007.Parakeet_Auklet/Parakeet_Auklet_0047_795956.jpg,7,6,007.Parakeet_Auklet,5,4,random_resized_crop,random_resized_crop,0,"{""area_fraction"":0.520532,""aspect"":0.977667,""fallback"":false,""height"":0.729673,""left"":0.049947,""top"":0.267107,""width"":0.713377}",0.009726041,0.082863584,0.073137543,0.9903211,0.92047673,0.0074309432,0.0059471969,0.98289016,0.91452954,-0.068360619,0.3706449,9.5780243,1.7407372,16.672823,False,0.91404384,True,True,True,0.3706449,9.5780243,1.7407372,16.672823,0.36064714,9.6086908,1.7017849,16.351925,0.6051016,8.8899353,0.36618875,3.2553943,0.17317086,8.964798,0.36954857,3.3129283,0.52275174,12.003923,0.74024515,8.885846,0.2642684,9.1159511,0.9283318,8.4626273,0.34268272,8.8963719,0.83072849,7.3904696,0.37942217,8.8115867,0.81217797,7.1565766
0b_baseline_best,file,13,baseline,345,007.Parakeet_Auklet/Parakeet_Auklet_0047_795956.jpg,7,6,007.Parakeet_Auklet,5,4,gaussian_blur,gaussian_blur,0,"{""sigma"":1.803179}",0.009726041,0.21354313,0.20381709,0.9903211,0.80771732,0.0074309432,0.077563897,0.98289016,0.73015343,-0.25273673,0.39627108,20.579347,1.7407372,35.823235,False,0.90495825,True,True,True,0.39627108,20.579347,1.7407372,35.823235,0.38237788,20.830681,1.7017849,35.449339,0.86927681,14.097174,0.36618875,5.1622265,0.28444506,14.675159,0.36954857,5.4231841,0.44011581,25.691976,0.74024515,19.018361,0.18369883,21.443817,0.9283318,19.906977,0.42396508,19.696308,0.83072849,16.362284,0.61960949,17.479281,0.81217797,14.196287
0b_baseline_best,file,13,baseline,345,007.Parakeet_Auklet/Parakeet_Auklet_0047_795956.jpg,7,6,007.Parakeet_Auklet,5,4,random_erasing,random_erasing,0,"{""area_fraction"":0.068584,""erased"":true,""height"":0.237375,""left"":0.417237,""top"":0.666858,""width"":0.288927}",0.009726041,0.027079972,0.017353931,0.9903211,0.97328341,0.0074309432,0.019958291,0.98289016,0.95332512,-0.029565038,0.90999171,2.5531194,1.7407372,4.4443099,False,0.98627573,True,True,True,0.90999171,2.5531194,1.7407372,4.4443099,0.90632957,2.5461098,1.7017849,4.3329312,0.98606952,2.7000703,0.36618875,0.98873539,0.92727505,2.0646765,0.36954857,0.76299825,0.90489621,2.4357105,0.74024515,1.8030228,0.90743705,2.6165642,0.9283318,2.4290398,0.89716243,2.531464,0.83072849,2.1029592,0.91681867,2.6460755,0.81217797,2.1490843
0b_baseline_best,file,13,baseline,9955,170.Mourning_Warbler/Mourning_Warbler_0008_166467.jpg,170,169,170.Mourning_Warbler,153,152,identity,identity,0,{},0.56400573,0.56400573,0,0.56892556,0.56892556,0.049813353,0.049813353,0.51911221,0.51911221,0,1,1,66.731264,66.731264,False,1,True,True,True,1,1,66.731264,66.731264,1,1,65.43707,65.43707,1,1,13.078665,13.078665,1,1,15.542129,15.542129,1,1,32.657335,32.657335,1,1,34.262469,34.262469,1,1,30.838664,30.838664,1,1,29.137792,29.137792
0b_baseline_best,file,13,baseline,9955,170.Mourning_Warbler/Mourning_Warbler_0008_166467.jpg,170,169,170.Mourning_Warbler,153,152,horizontal_flip,horizontal_flip,0,"{""flipped"":true}",0.56400573,0.44677502,-0.11723071,0.56892556,0.63968778,0.049813353,0.024085769,0.51911221,0.61560201,0.0964898,0.56746945,0.85010386,66.731264,56.728505,False,0.93998629,True,True,True,0.56746945,0.85010386,66.731264,56.728505,0.55468682,0.85282214,65.43707,55.806183,0.92004765,0.77897095,13.078665,10.1879,0.57172854,0.82405653,15.542129,12.807593,0.56558301,0.73626578,32.657335,24.044478,0.51786989,0.88058518,34.262469,30.171023,0.51551216,0.94607957,30.838664,29.17583,0.65068999,0.84807768,29.137792,24.711111
0b_baseline_best,file,13,baseline,9955,170.Mourning_Warbler/Mourning_Warbler_0008_166467.jpg,170,169,170.Mourning_Warbler,153,152,color_jitter,color_jitter,0,"{""brightness"":0.99608,""contrast"":1.001125,""hue"":-0.034681,""saturation"":1.065011}",0.56400573,1.1230102,0.55900443,0.56892556,0.32529914,0.049813353,0.062793881,0.51911221,0.26250526,-0.25660694,0.85571021,1.6639449,66.731264,111.03715,False,0.96411955,True,True,True,0.85571021,1.6639449,66.731264,111.03715,0.8518517,1.6669207,65.43707,109.07841,0.95810499,1.5876334,13.078665,20.764125,0.8648804,1.8244283,15.542129,28.3555,0.86264998,1.5639961,32.657335,51.075945,0.8533441,1.6913403,34.262469,57.949494,0.83217628,1.7243116,30.838664,53.175467,0.85975499,1.6457494,29.137792,47.953503
0b_baseline_best,file,13,baseline,9955,170.Mourning_Warbler/Mourning_Warbler_0008_166467.jpg,170,169,170.Mourning_Warbler,153,152,rotation,rotation,0,"{""angle"":-12.522956}",0.56400573,0.69094074,0.12693501,0.56892556,0.50110441,0.049813353,0.10026439,0.51911221,0.40084003,-0.11827218,0.68778005,1.3343746,66.731264,89.044507,False,0.93967426,True,True,True,0.68778005,1.3343746,66.731264,89.044507,0.68031395,1.3430882,65.43707,87.887757,0.93134501,1.0938551,13.078665,14.306164,0.85364369,1.6542025,15.542129,25.709829,0.74504811,1.4131173,32.657335,46.148644,0.63206005,1.362019,34.262469,46.666134,0.60476405,1.3234548,30.838664,40.81358,0.70354425,1.1331159,29.137792,33.016494
0b_baseline_best,file,13,baseline,9955,170.Mourning_Warbler/Mourning_Warbler_0008_166467.jpg,170,169,170.Mourning_Warbler,153,152,random_resized_crop,random_resized_crop,0,"{""area_fraction"":0.750514,""aspect"":0.810502,""fallback"":false,""height"":0.962282,""left"":0.177728,""top"":0.012382,""width"":0.779931}",0.56400573,2.9217987,2.357793,0.56892556,0.053836763,0.049813353,0.10316364,0.51911221,-0.049326882,-0.56843909,0.56823892,1.7157693,66.731264,114.49545,False,0.87165731,False,True,False,0.56823892,1.7157693,66.731264,114.49545,0.55557568,1.7095931,65.43707,111.87077,0.86105717,1.8637221,13.078665,24.374997,0.60407812,1.3464604,15.542129,20.92686,0.44144192,1.5683242,32.657335,51.217288,0.55119279,1.7127416,34.262469,58.682755,0.56380973,1.7751348,30.838664,54.742786,0.67031857,1.8839872,29.137792,54.895228
0b_baseline_best,file,13,baseline,9955,170.Mourning_Warbler/Mourning_Warbler_0008_166467.jpg,170,169,170.Mourning_Warbler,153,152,gaussian_blur,gaussian_blur,0,"{""sigma"":1.172648}",0.56400573,2.0886087,1.524603,0.56892556,0.12385934,0.049813353,0.12319601,0.51911221,0.00066332519,-0.51844888,0.63562278,1.6233046,66.731264,108.32517,False,0.88177156,False,True,False,0.63562278,1.6233046,66.731264,108.32517,0.62572803,1.6190954,65.43707,105.94886,0.8693021,1.7253318,13.078665,22.565036,0.65531303,1.9795786,15.542129,30.766867,0.65503627,1.5681281,32.657335,51.210883,0.55667263,1.5770048,34.262469,54.032077,0.60398872,1.5919385,30.838664,49.093257,0.70040055,1.6553312,29.137792,48.232694
0b_baseline_best,file,13,baseline,9955,170.Mourning_Warbler/Mourning_Warbler_0008_166467.jpg,170,169,170.Mourning_Warbler,153,152,random_erasing,random_erasing,0,"{""area_fraction"":0.105663,""erased"":true,""height"":0.194245,""left"":0.404531,""top"":0.500019,""width"":0.543967}",0.56400573,1.1330978,0.56909204,0.56892556,0.32203415,0.049813353,0.017796528,0.51911221,0.30423762,-0.21487458,0.85153544,1.4225663,66.731264,94.92965,False,0.94528258,True,True,True,0.85153544,1.4225663,66.731264,94.92965,0.8485878,1.425344,65.43707,93.270334,0.93054733,1.3511729,13.078665,17.671537,0.90632903,1.3901893,15.542129,21.606501,0.89520858,1.4951648,32.657335,48.828098,0.81229623,1.3351636,34.262469,45.746003,0.82931439,1.4020996,30.838664,43.238879,0.84428359,1.4904523,29.137792,43.42849
0b_baseline_best,file,13,baseline,7995,137.Cliff_Swallow/Cliff_Swallow_0044_133927.jpg,137,136,137.Cliff_Swallow,136,135,identity,identity,0,{},0.70024294,0.70024294,0,0.4964647,0.4964647,0.12514469,0.12514469,0.37132001,0.37132001,0,1,1,73.836402,73.836402,False,1,True,True,True,1,1,73.836402,73.836402,1,1,71.709127,71.709127,1,1,17.59589,17.59589,1,1,18.598647,18.598647,1,1,27.987951,27.987951,1,1,33.435782,33.435782,1,1,35.441292,35.441292,1,1,40.483664,40.483664
0b_baseline_best,file,13,baseline,7995,137.Cliff_Swallow/Cliff_Swallow_0044_133927.jpg,137,136,137.Cliff_Swallow,136,135,horizontal_flip,horizontal_flip,0,"{""flipped"":true}",0.70024294,0.99692172,0.29667878,0.4964647,0.36901361,0.12514469,0.17835405,0.37132001,0.19065955,-0.18066046,0.61777844,1.4494244,73.836402,107.02028,False,0.93749636,True,True,True,0.61777844,1.4494244,73.836402,107.02028,0.60296174,1.4616828,71.709127,104.816,0.91960678,1.2280693,17.59589,21.608971,0.39683816,1.6308821,18.598647,30.332199,0.6168616,1.6808071,27.987951,47.042347,0.56773092,1.5054219,33.435782,50.33496,0.59500222,1.4138037,35.441292,50.107032,0.69156245,1.3091806,40.483664,53.000428
0b_baseline_best,file,13,baseline,7995,137.Cliff_Swallow/Cliff_Swallow_0044_133927.jpg,137,136,137.Cliff_Swallow,136,135,color_jitter,color_jitter,0,"{""brightness"":0.652126,""contrast"":1.00219,""hue"":0.01277,""saturation"":0.794186}",0.70024294,1.2955979,0.59535497,0.4964647,0.27373415,0.12514469,0.0099365395,0.37132001,0.26379761,-0.1075224,0.50425566,1.4614201,73.836402,107.906,False,0.93119103,False,True,False,0.50425566,1.4614201,73.836402,107.906,0.48504685,1.4628485,71.709127,104.89959,0.82898325,1.4374889,17.59589,25.293895,0.14511307,1.4506109,18.598647,26.979399,0.36172463,1.7834408,27.987951,49.914852,0.44881378,1.5229342,33.435782,50.920496,0.52045267,1.3179156,35.441292,46.708631,0.65050054,1.3551888,40.483664,54.86301
0b_baseline_best,file,13,baseline,7995,137.Cliff_Swallow/Cliff_Swallow_0044_133927.jpg,137,136,137.Cliff_Swallow,136,135,rotation,rotation,0,"{""angle"":-3.634044}",0.70024294,2.7130868,2.0128439,0.4964647,0.066331729,0.12514469,0.20067093,0.37132001,-0.1343392,-0.50565921,0.73915094,2.2231322,73.836402,164.14808,False,0.93777311,False,True,False,0.73915094,2.2231322,73.836402,164.14808,0.73147415,2.2460664,71.709127,161.06346,0.91558785,1.8000016,17.59589,31.672629,0.69726729,2.0204729,18.598647,37.578061,0.73639771,2.6708241,27.987951,74.750895,0.69548356,2.405877,33.435782,80.442381,0.71941368,2.1381152,35.441292,75.777565,0.78827319,2.0261732,40.483664,82.026917
0b_baseline_best,file,13,baseline,7995,137.Cliff_Swallow/Cliff_Swallow_0044_133927.jpg,137,136,137.Cliff_Swallow,136,135,random_resized_crop,random_resized_crop,0,"{""area_fraction"":0.709159,""aspect"":0.963938,""fallback"":false,""height"":0.857724,""left"":0.126856,""top"":0.050425,""width"":0.826792}",0.70024294,1.6158458,0.91560286,0.4964647,0.19872253,0.12514469,0.10646211,0.37132001,0.09226042,-0.27905959,0.65519079,1.98721,73.836402,146.72844,False,0.93617368,True,True,True,0.65519079,1.98721,73.836402,146.72844,0.64526056,2.0161546,71.709127,144.57669,0.92740075,1.4228491,17.59589,25.036295,0.29723037,2.1844401,18.598647,40.62763,0.61167577,2.3209056,27.987951,64.957392,0.6347604,2.1960258,33.435782,73.425842,0.65328118,1.9549287,35.441292,69.285198,0.77772274,1.7185728,40.483664,69.574125
0b_baseline_best,file,13,baseline,7995,137.Cliff_Swallow/Cliff_Swallow_0044_133927.jpg,137,136,137.Cliff_Swallow,136,135,gaussian_blur,gaussian_blur,0,"{""sigma"":1.840743}",0.70024294,2.2907608,1.5905178,0.4964647,0.10118945,0.12514469,0.043338627,0.37132001,0.057850823,-0.31346919,0.49063652,1.8245926,73.836402,134.72135,False,0.82581031,False,True,False,0.49063652,1.8245926,73.836402,134.72135,0.47965704,1.8528307,71.709127,132.86487,0.79181543,1.2666779,17.59589,22.288325,0.42541357,1.9237457,18.598647,35.779067,0.452288,2.2520028,27.987951,63.028944,0.45927617,1.8612826,33.435782,62.233441,0.4834979,1.8213896,35.441292,64.5524,0.53389146,1.6310862,40.483664,66.032346
0b_baseline_best,file,13,baseline,7995,137.Cliff_Swallow/Cliff_Swallow_0044_133927.jpg,137,136,137.Cliff_Swallow,136,135,random_erasing,random_erasing,0,"{""area_fraction"":0.133331,""erased"":true,""height"":0.262684,""left"":0.120867,""top"":0.510679,""width"":0.507571}",0.70024294,0.82073641,0.12049347,0.4964647,0.44010743,0.12514469,0.052085008,0.37132001,0.38802243,0.016702417,0.78765285,1.2230783,73.836402,90.307703,False,0.95274204,True,True,True,0.78765285,1.2230783,73.836402,90.307703,0.78206818,1.2378148,71.709127,88.762616,0.93661264,0.94531599,17.59589,16.633676,0.8496487,1.2446044,18.598647,23.147957,0.7628325,1.3086933,27.987951,36.627645,0.72698928,1.2863392,33.435782,43.009757,0.7761901,1.2413484,35.441292,43.994992,0.82614293,1.1627978,40.483664,47.074316
0b_baseline_best,file,13,baseline,7867,135.Bank_Swallow/Bank_Swallow_0015_129853.jpg,135,134,135.Bank_Swallow,102,101,identity,identity,0,{},0.25525931,0.25525931,0,0.7747156,0.7747156,0.13342386,0.13342386,0.64129174,0.64129174,0,1,1,46.472598,46.472598,False,1,True,True,True,1,1,46.472598,46.472598,1,1,45.667728,45.667728,1,1,8.611677,8.611677,1,1,11.615467,11.615467,1,1,23.495574,23.495574,1,1,23.560374,23.560374,1,1,21.705153,21.705153,1,1,19.297032,19.297032
0b_baseline_best,file,13,baseline,7867,135.Bank_Swallow/Bank_Swallow_0015_129853.jpg,135,134,135.Bank_Swallow,102,101,horizontal_flip,horizontal_flip,0,"{""flipped"":true}",0.25525931,0.14373302,-0.11152628,0.7747156,0.86611897,0.13342386,0.055664655,0.64129174,0.81045431,0.16916258,0.74447386,0.52981574,46.472598,24.621914,False,0.97499704,True,True,True,0.74447386,0.52981574,46.472598,24.621914,0.73616765,0.52814163,45.667728,24.119029,0.96164124,0.57490201,8.611677,4.9508705,0.83563249,0.60727624,11.615467,7.0537972,0.74553633,0.5158457,23.495574,12.120091,0.70167851,0.5040311,23.560374,11.875161,0.70040204,0.52225609,21.705153,11.335648,0.77826392,0.55707087,19.297032,10.749814
0b_baseline_best,file,13,baseline,7867,135.Bank_Swallow/Bank_Swallow_0015_129853.jpg,135,134,135.Bank_Swallow,102,101,color_jitter,color_jitter,0,"{""brightness"":0.736237,""contrast"":1.082094,""hue"":0.082696,""saturation"":0.955616}",0.25525931,1.1125402,0.85728094,0.7747156,0.32872286,0.13342386,0.19026232,0.64129174,0.13846055,-0.50283119,0.74805937,2.6372627,46.472598,122.56045,False,0.93067425,True,True,True,0.74805937,2.6372627,46.472598,122.56045,0.74349323,2.6413667,45.667728,120.62522,0.88351195,2.519113,8.611677,21.693788,0.72931771,3.7979935,11.615467,44.115469,0.71858165,2.5128561,23.495574,59.040996,0.74086933,2.4799521,23.560374,58.428601,0.77038957,2.6238917,21.705153,56.951971,0.78651849,2.5707828,19.297032,49.608477
0b_baseline_best,file,13,baseline,7867,135.Bank_Swallow/Bank_Swallow_0015_129853.jpg,135,134,135.Bank_Swallow,102,101,rotation,rotation,0,"{""angle"":-10.973012}",0.25525931,0.017642707,-0.2376166,0.7747156,0.982512,0.13342386,0.008585114,0.64129174,0.97392688,0.33263515,0.84082916,0.09459789,46.472598,4.3962097,False,0.9657017,True,True,True,0.84082916,0.09459789,46.472598,4.3962097,0.8372889,0.094894369,45.667728,4.3336102,0.95498355,0.08584208,8.611677,0.73924427,0.91671462,0.12267915,11.615467,1.4249756,0.86708094,0.095473374,23.495574,2.2432017,0.84074679,0.095750033,23.560374,2.2559066,0.8106485,0.091667591,21.705153,1.989659,0.79723963,0.084673928,19.297032,1.6339555
0b_baseline_best,file,13,baseline,7867,135.Bank_Swallow/Bank_Swallow_0015_129853.jpg,135,134,135.Bank_Swallow,102,101,random_resized_crop,random_resized_crop,0,"{""area_fraction"":0.639915,""aspect"":1.275674,""fallback"":false,""height"":0.708258,""left"":0.023753,""top"":0.156135,""width"":0.903506}",0.25525931,0.20453826,-0.050721049,0.7747156,0.81502354,0.13342386,0.14584514,0.64129174,0.6691784,0.027886659,0.79573444,1.2641157,46.472598,58.746739,False,0.95068157,True,True,True,0.79573444,1.2641157,46.472598,58.746739,0.79287065,1.2739915,45.667728,58.180297,0.93912427,0.94503457,8.611677,8.1383325,0.79467139,1.514633,11.615467,17.59317,0.79721264,1.3614889,23.495574,31.988962,0.83270218,1.3148306,23.560374,30.977901,0.78226618,1.2204029,21.705153,26.489031,0.75371784,1.0244858,19.297032,19.769536
0b_baseline_best,file,13,baseline,7867,135.Bank_Swallow/Bank_Swallow_0015_129853.jpg,135,134,135.Bank_Swallow,102,101,gaussian_blur,gaussian_blur,0,"{""sigma"":1.02816}",0.25525931,0.62069166,0.36543235,0.7747156,0.5375725,0.13342386,0.41700006,0.64129174,0.12057245,-0.52071929,0.7445633,2.4599366,46.472598,114.31965,False,0.94516915,True,True,True,0.7445633,2.4599366,46.472598,114.31965,0.73819035,2.4593035,45.667728,112.3108,0.92247317,2.4776753,8.611677,21.33694,0.66720754,2.4950507,11.615467,28.981179,0.68446372,2.2054113,23.495574,51.817405,0.75871534,2.7088468,23.560374,63.821445,0.77624305,2.489589,21.705153,54.03691,0.76632657,2.3722674,19.297032,45.777719
0b_baseline_best,file,13,baseline,7867,135.Bank_Swallow/Bank_Swallow_0015_129853.jpg,135,134,135.Bank_Swallow,102,101,random_erasing,random_erasing,0,"{""area_fraction"":0.143796,""erased"":true,""height"":0.275193,""left"":0.447431,""top"":0.01032,""width"":0.522527}",0.25525931,0.32068923,0.065429926,0.7747156,0.7256487,0.13342386,0.037260104,0.64129174,0.6883886,0.04709686,0.79106594,1.1558158,46.472598,53.713765,False,0.96199387,True,True,True,0.79106594,1.1558158,46.472598,53.713765,0.78873023,1.1584487,45.667728,52.90372,0.86350303,1.0791478,8.611677,9.2932721,0.80689745,1.3130457,11.615467,15.251639,0.80717078,1.1129553,23.495574,26.149523,0.78817769,1.163746,23.560374,27.418292,0.78165303,1.1717525,21.705153,25.433067,0.76818527,1.1398243,19.297032,21.995225
0b_baseline_best,file,13,baseline,2741,048.European_Goldfinch/European_Goldfinch_0100_794685.jpg,48,47,048.European_Goldfinch,192,191,identity,identity,0,{},0.00033301531,0.00033301531,0,0.99966705,0.99966705,4.4733162e-05,4.4733162e-05,0.99962232,0.99962232,0,1,1,0.04933014,0.04933014,False,1,True,True,True,1,1,0.04933014,0.04933014,1,1,0.048173105,0.048173105,1,1,0.010621425,0.010621425,1,1,0.011129459,0.011129459,1,1,0.018815182,0.018815182,1,1,0.020734745,0.020734745,1,1,0.023372046,0.023372046,1,1,0.029437899,0.029437899
0b_baseline_best,file,13,baseline,2741,048.European_Goldfinch/European_Goldfinch_0100_794685.jpg,48,47,048.European_Goldfinch,192,191,horizontal_flip,horizontal_flip,0,"{""flipped"":true}",0.00033301531,0.00036626306,3.324775e-05,0.99966705,0.99963379,4.4733162e-05,3.4460565e-05,0.99962232,0.99959933,-2.2986795e-05,0.66501075,1.0067997,0.04933014,0.049665573,False,0.97883844,True,True,True,0.66501075,1.0067997,0.04933014,0.049665573,0.64863723,1.0017225,0.048173105,0.048256081,0.97314415,1.1060831,0.010621425,0.011748179,0.64536208,1.0509451,0.011129459,0.011696451,0.6001525,0.99362688,0.018815182,0.01869527,0.54681999,0.96048684,0.020734745,0.01991545,0.55744923,0.95191425,0.023372046,0.022248184,0.76796107,1.0474181,0.029437899,0.030833787
0b_baseline_best,file,13,baseline,2741,048.European_Goldfinch/European_Goldfinch_0100_794685.jpg,48,47,048.European_Goldfinch,192,191,color_jitter,color_jitter,0,"{""brightness"":0.847625,""contrast"":1.030867,""hue"":0.082629,""saturation"":1.288417}",0.00033301531,0.03415085,0.033817835,0.99966705,0.96642572,4.4733162e-05,0.00031903165,0.99962232,0.96610669,-0.03351563,0.52409407,105.3596,0.04933014,5.1974038,False,0.89740664,True,True,True,0.52409407,105.3596,0.04933014,5.1974038,0.51017489,106.07183,0.048173105,5.1098093,0.8709064,89.459441,0.010621425,0.95018674,0.46561001,93.906758,0.011129459,1.0451314,0.48405921,130.68676,0.018815182,2.4588951,0.37686902,126.24582,0.020734745,2.617675,0.49994094,104.46606,0.023372046,2.4415856,0.66784569,84.298023,0.029437899,2.4815567
0b_baseline_best,file,13,baseline,2741,048.European_Goldfinch/European_Goldfinch_0100_794685.jpg,48,47,048.European_Goldfinch,192,191,rotation,rotation,0,"{""angle"":-3.132641}",0.00033301531,0.0003566106,2.359529e-05,0.99966705,0.99964345,4.4733162e-05,4.9821239e-05,0.99962232,0.99959362,-2.8691516e-05,0.88339063,1.0984518,0.04933014,0.054186779,False,0.99318916,True,True,True,0.88339063,1.0984518,0.04933014,0.054186779,0.87825859,1.0997977,0.048173105,0.052980672,0.99216937,1.0703889,0.010621425,0.011369056,0.8849175,1.3221917,0.011129459,0.014715279,0.84450402,1.1693718,0.018815182,0.022001943,0.83274521,1.0670406,0.020734745,0.022124816,0.86141213,1.0569554,0.023372046,0.02470321,0.92898007,1.0777432,0.029437899,0.031726497
0b_baseline_best,file,13,baseline,2741,048.European_Goldfinch/European_Goldfinch_0100_794685.jpg,48,47,048.European_Goldfinch,192,191,random_resized_crop,random_resized_crop,0,"{""area_fraction"":0.551037,""aspect"":0.954111,""fallback"":false,""height"":0.759961,""left"":0.181181,""top"":0.065355,""width"":0.725087}",0.00033301531,0.0017536989,0.0014206836,0.99966705,0.99824786,4.4733162e-05,0.00059609092,0.99962232,0.99765177,-0.0019705443,0.67656956,6.1507971,0.04933014,0.30341968,False,0.95584679,True,True,True,0.67656956,6.1507971,0.04933014,0.30341968,0.66564871,6.1813267,0.048173105,0.2977737,0.93435931,5.4852187,0.010621425,0.058260839,0.50548608,5.6762114,0.011129459,0.063173164,0.69420799,6.9522129,0.018815182,0.13080715,0.66966382,7.396728,0.020734745,0.15336927,0.6215168,6.2579852,0.023372046,0.14626192,0.7290895,5.1127829,0.029437899,0.15050959
0b_baseline_best,file,13,baseline,2741,048.European_Goldfinch/European_Goldfinch_0100_794685.jpg,48,47,048.European_Goldfinch,192,191,gaussian_blur,gaussian_blur,0,"{""sigma"":1.567244}",0.00033301531,0.0021512003,0.001818185,0.99966705,0.99785113,4.4733162e-05,0.00010247596,0.99962232,0.99774866,-0.0018736579,0.37190428,8.365572,0.04933014,0.41267484,False,0.92807782,True,True,True,0.37190428,8.365572,0.04933014,0.41267484,0.35006377,8.4138739,0.048173105,0.40532243,0.89321752,7.3014285,0.010621425,0.077551575,-0.20646404,8.1317449,0.011129459,0.090501925,0.17413251,9.7776992,0.018815182,0.18396919,0.26873531,10.74451,0.020734745,0.22278469,0.38146372,8.6906842,0.023372046,0.20311907,0.64991854,6.0156927,0.029437899,0.17708936
0b_baseline_best,file,13,baseline,2741,048.European_Goldfinch/European_Goldfinch_0100_794685.jpg,48,47,048.European_Goldfinch,192,191,random_erasing,random_erasing,0,"{""area_fraction"":0.165469,""erased"":true,""height"":0.355377,""left"":0.032937,""top"":0.090149,""width"":0.465615}",0.00033301531,0.00039402826,6.101295e-05,0.99966705,0.99960607,4.4733162e-05,3.42897e-05,0.99962232,0.99957178,-5.053209e-05,0.83121939,1.1406477,0.04933014,0.05626831,False,0.98508024,True,True,True,0.83121939,1.1406477,0.04933014,0.05626831,0.82355643,1.1355767,0.048173105,0.054704255,0.97860906,1.2403694,0.010621425,0.013174491,0.85426822,0.96448818,0.011129459,0.010734232,0.78717385,1.006913,0.018815182,0.018945252,0.78873221,1.2014341,0.020734745,0.02491143,0.78791268,1.136212,0.023372046,0.0265556,0.8766435,1.1731297,0.029437899,0.034534475
0b_baseline_best,file,13,baseline,213,004.Groove_billed_Ani/Groove_Billed_Ani_0047_1706.jpg,4,3,004.Groove_billed_Ani,198,197,identity,identity,0,{},1.5095847,1.5095847,0,0.22100173,0.22100173,0.079671443,0.079671443,0.14133029,0.14133029,0,1,1,143.17551,143.17551,False,1.0000001,True,True,True,1,1,143.17551,143.17551,1,1,141.70291,141.70291,1,1,20.481948,20.481948,1,1,44.380685,44.380685,1,1,66.033392,66.033392,1,1,80.278291,80.278291,1,1,62.824325,62.824325,1,1,57.949646,57.949646
0b_baseline_best,file,13,baseline,213,004.Groove_billed_Ani/Groove_Billed_Ani_0047_1706.jpg,4,3,004.Groove_billed_Ani,198,197,horizontal_flip,horizontal_flip,0,"{""flipped"":true}",1.5095847,2.1600118,0.6504271,0.22100173,0.11532376,0.079671443,0.049568921,0.14133029,0.065754838,-0.075575449,0.76270983,1.0528351,143.17551,150.74019,False,0.97667384,True,True,True,0.76270983,1.0528351,143.17551,150.74019,0.75798742,1.0508588,141.70291,148.90976,0.97310485,1.1434389,20.481948,23.419856,0.73686197,0.89716172,44.380685,39.816652,0.75957801,1.0427757,66.033392,68.858015,0.79559233,1.0919359,80.278291,87.658749,0.7065588,1.0480675,62.824325,65.844135,0.75781076,1.06764,57.949646,61.869358
0b_baseline_best,file,13,baseline,213,004.Groove_billed_Ani/Groove_Billed_Ani_0047_1706.jpg,4,3,004.Groove_billed_Ani,198,197,color_jitter,color_jitter,0,"{""brightness"":0.853999,""contrast"":1.374562,""hue"":0.013893,""saturation"":0.895687}",1.5095847,2.3478184,0.83823371,0.22100173,0.095577441,0.079671443,0.043450955,0.14133029,0.052126486,-0.089203801,0.78778769,1.1411908,143.17551,163.39058,False,0.96362114,False,True,False,0.78778769,1.1411908,143.17551,163.39058,0.78437602,1.1400311,141.70291,161.54573,0.9443907,1.1953863,20.481948,24.48384,0.63448575,0.90069804,44.380685,39.973596,0.72964254,1.0080471,66.033392,66.564767,0.83906155,1.1216633,80.278291,90.045211,0.78856653,1.2933846,62.824325,81.256016,0.83268627,1.2630884,57.949646,73.195526
0b_baseline_best,file,13,baseline,213,004.Groove_billed_Ani/Groove_Billed_Ani_0047_1706.jpg,4,3,004.Groove_billed_Ani,198,197,rotation,rotation,0,"{""angle"":-13.35757}",1.5095847,0.24773781,-1.2618469,0.22100173,0.78056455,0.079671443,0.0063796523,0.14133029,0.77418489,0.63285461,0.82114627,0.34039533,143.17551,48.736274,False,0.96339047,True,True,True,0.82114627,0.34039533,143.17551,48.736274,0.8186345,0.34092537,141.70291,48.310117,0.95442037,0.31398078,20.481948,6.430938,0.86012367,0.37991075,44.380685,16.8607,0.81758114,0.34611312,66.033392,22.855023,0.8478076,0.35172861,80.278291,28.236172,0.76460178,0.31965848,62.824325,20.082328,0.80218209,0.31188259,57.949646,18.073485
0b_baseline_best,file,13,baseline,213,004.Groove_billed_Ani/Groove_Billed_Ani_0047_1706.jpg,4,3,004.Groove_billed_Ani,198,197,random_resized_crop,random_resized_crop,0,"{""area_fraction"":0.543035,""aspect"":1.072906,""fallback"":false,""height"":0.711432,""left"":0.149857,""top"":0.168549,""width"":0.763299}",1.5095847,1.2675934,-0.24199128,0.22100173,0.2815083,0.079671443,0.012730817,0.14133029,0.26877748,0.12744719,0.67551729,0.87962043,143.17551,125.9401,False,0.91327786,True,True,True,0.67551729,0.87962043,143.17551,125.9401,0.67018136,0.87612806,141.70291,124.1499,0.90108894,1.033066,20.481948,21.159204,0.49561946,0.86575756,44.380685,38.422914,0.63328973,0.88957013,66.033392,58.741333,0.75568615,0.84103967,80.278291,67.517227,0.65934259,0.87408014,62.824325,54.913495,0.67722762,0.93124645,57.949646,53.965402
0b_baseline_best,file,13,baseline,213,004.Groove_billed_Ani/Groove_Billed_Ani_0047_1706.jpg,4,3,004.Groove_billed_Ani,198,197,gaussian_blur,gaussian_blur,0,"{""sigma"":1.586503}",1.5095847,2.7578301,1.2482455,0.22100173,0.063429244,0.079671443,0.0031385792,0.14133029,0.060290665,-0.081039622,0.36995382,1.1675202,143.17551,167.1603,False,0.8214798,False,True,False,0.36995382,1.1675202,143.17551,167.1603,0.36097795,1.1655624,141.70291,165.16359,0.76916349,1.257669,20.481948,25.759511,0.20351862,1.0687688,44.380685,47.432691,0.201547,1.2009139,66.033392,79.300418,0.35519356,1.1183735,80.278291,89.781113,0.45974199,1.1875688,62.824325,74.608211,0.54286815,1.2339882,57.949646,71.509176
0b_baseline_best,file,13,baseline,213,004.Groove_billed_Ani/Groove_Billed_Ani_0047_1706.jpg,4,3,004.Groove_billed_Ani,198,197,random_erasing,random_erasing,0,"{""area_fraction"":0.083077,""erased"":true,""height"":0.288923,""left"":0.152028,""top"":0.666432,""width"":0.287541}",1.5095847,2.5219913,1.0124066,0.22100173,0.080299556,0.079671443,0.070149906,0.14133029,0.01014965,-0.13118064,0.87932746,1.3500034,143.17551,193.28742,False,0.96388423,False,True,False,0.87932746,1.3500034,143.17551,193.28742,0.87795412,1.3520609,141.70291,191.59097,0.95336071,1.2475593,20.481948,25.552445,0.86594806,1.4655675,44.380685,65.042889,0.8972367,1.4414468,66.033392,95.18362,0.90842748,1.347707,80.278291,108.19161,0.84641048,1.3106172,62.824325,82.338641,0.84236999,1.2118245,57.949646,70.224802
0b_baseline_best,file,13,baseline,5874,101.White_Pelican/White_Pelican_0035_96312.jpg,101,100,101.White_Pelican,100,99,identity,identity,0,{},0.0094458563,0.0094458563,0,0.99059862,0.99059862,0.0026034038,0.0026034038,0.98799522,0.98799522,0,1,1,1.6476011,1.6476011,False,1,True,True,True,1,1,1.6476011,1.6476011,1,1,1.6208557,1.6208557,1,1,0.29566244,0.29566244,1,1,0.46377845,0.46377845,1,1,0.66541137,0.66541137,1,1,0.8345905,0.8345905,1,1,0.74598593,0.74598593,1,1,0.84632973,0.84632973
0b_baseline_best,file,13,baseline,5874,101.White_Pelican/White_Pelican_0035_96312.jpg,101,100,101.White_Pelican,100,99,horizontal_flip,horizontal_flip,0,"{""flipped"":true}",0.0094458563,0.0033244602,-0.0061213961,0.99059862,0.99668103,0.0026034038,0.0011554962,0.98799522,0.99552554,0.0075303231,0.69131766,0.32525097,1.6476011,0.53588385,False,0.9733777,True,True,True,0.69131766,0.32525097,1.6476011,0.53588385,0.68076702,0.323219,1.6208557,0.52389135,0.96920511,0.38129889,0.29566244,0.11273576,0.63147356,0.33384946,0.46377845,0.15483218,0.63794292,0.31106015,0.66541137,0.20698296,0.6720265,0.29873924,0.8345905,0.24932493,0.60660587,0.31361013,0.74598593,0.23394874,0.78115873,0.3559501,0.84632973,0.30125115
0b_baseline_best,file,13,baseline,5874,101.White_Pelican/White_Pelican_0035_96312.jpg,101,100,101.White_Pelican,100,99,color_jitter,color_jitter,0,"{""brightness"":1.385088,""contrast"":1.226015,""hue"":-0.031861,""saturation"":0.632963}",0.0094458563,0.94979304,0.94034718,0.99059862,0.38682106,0.0026034038,0.085410737,0.98799522,0.30141032,-0.68658489,0.71063383,56.254322,1.6476011,92.684683,False,0.90659255,True,True,True,0.71063383,56.254322,1.6476011,92.684683,0.70513409,56.394257,1.6208557,91.406951,0.89273679,51.872922,0.29566244,15.336875,0.75693575,51.719652,0.46377845,23.98646,0.70565871,52.785393,0.66541137,35.124001,0.70217964,59.733123,0.8345905,49.852697,0.68438798,59.271811,0.74598593,44.215937,0.71498601,54.221752,0.84632973,45.889481
0b_baseline_best,file,13,baseline,5874,101.White_Pelican/White_Pelican_0035_96312.jpg,101,100,101.White_Pelican,100,99,rotation,rotation,0,"{""angle"":-12.640239}",0.0094458563,0.0077084461,-0.0017374102,0.99059862,0.99232119,0.0026034038,0.0016607881,0.98799522,0.99066041,0.0026651899,0.7890072,0.74384994,1.6476011,1.225568,False,0.9730494,True,True,True,0.7890072,0.74384994,1.6476011,1.225568,0.78274098,0.74184527,1.6208557,1.2024241,0.96555425,0.80176198,0.29566244,0.23705091,0.85387264,0.81011595,0.46377845,0.37571432,0.78230642,0.67326788,0.66541137,0.4480001,0.78964257,0.72626511,0.8345905,0.60613396,0.70706903,0.73817206,0.74598593,0.55066597,0.81422079,0.7778006,0.84632973,0.65827578
0b_baseline_best,file,13,baseline,5874,101.White_Pelican/White_Pelican_0035_96312.jpg,101,100,101.White_Pelican,100,99,random_resized_crop,random_resized_crop,0,"{""area_fraction"":0.834386,""aspect"":1.174046,""fallback"":false,""height"":0.843026,""left"":0.00729,""top"":0.131467,""width"":0.989751}",0.0094458563,0.0085324971,-0.00091335922,0.99059862,0.99150378,0.0026034038,0.0039965049,0.98799522,0.98750727,-0.00048794504,0.85529196,0.94260728,1.6476011,1.5530408,False,0.97922719,True,True,True,0.85529196,0.94260728,1.6476011,1.5530408,0.85174082,0.94248202,1.6208557,1.5276273,0.96158568,0.94636426,0.29566244,0.27980437,0.90028483,1.0723798,0.46377845,0.49734666,0.87837347,0.98917268,0.66541137,0.65820675,0.86664363,0.91038213,0.8345905,0.75979628,0.79009758,0.93279286,0.74598593,0.69585035,0.85554847,0.9087801,0.84632973,0.76912762
0b_baseline_best,file,13,baseline,5874,101.White_Pelican/White_Pelican_0035_96312.jpg,101,100,101.White_Pelican,100,99,gaussian_blur,gaussian_blur,0,"{""sigma"":1.382175}",0.0094458563,0.0086193671,-0.00082648918,0.99059862,0.99141765,0.0026034038,0.00030368523,0.98799522,0.99111396,0.003118746,0.6401095,0.93390194,1.6476011,1.5386978,False,0.93329674,True,True,True,0.6401095,0.93390194,1.6476011,1.5386978,0.63259824,0.93542964,1.6208557,1.5161964,0.87912481,0.8867617,0.29566244,0.26218213,0.75443807,1.1539246,0.46377845,0.53516537,0.57017744,0.93910965,0.66541137,0.62489424,0.63180218,0.95642282,0.8345905,0.79822141,0.54439522,0.89450813,0.74598593,0.66729048,0.70522698,0.86789125,0.84632973,0.73452217
0b_baseline_best,file,13,baseline,5874,101.White_Pelican/White_Pelican_0035_96312.jpg,101,100,101.White_Pelican,100,99,random_erasing,random_erasing,0,"{""area_fraction"":0.125969,""erased"":true,""height"":0.376905,""left"":0.109027,""top"":0.411816,""width"":0.33422}",0.0094458563,0.039895356,0.030449499,0.99059862,0.96089,0.0026034038,0.0021553282,0.98799522,0.95873467,-0.029260548,0.8510889,4.0163771,1.6476011,6.6173873,False,0.9692964,True,True,True,0.8510889,4.0163771,1.6476011,6.6173873,0.8484795,4.0275776,1.6208557,6.5281219,0.94100002,3.6638209,0.29566244,1.0832542,0.80852965,3.2794924,0.46377845,1.5209579,0.87405761,4.2119936,0.66541137,2.8027084,0.89057812,4.0678855,0.8345905,3.3950186,0.80312769,4.1203329,0.74598593,3.0737104,0.84154485,4.0023826,0.84632973,3.3873354
0b_baseline_best,file,13,baseline,11493,196.House_Wren/House_Wren_0087_187946.jpg,196,195,196.House_Wren,199,198,identity,identity,0,{},0.036645193,0.036645193,0,0.96401811,0.96401811,0.025161661,0.025161661,0.93885645,0.93885645,0,1,1,6.073237,6.073237,False,1,True,True,True,1,1,6.073237,6.073237,1,1,5.9195247,5.9195247,1,1,1.3577315,1.3577315,1,1,0.95899634,0.95899634,1,1,2.7571742,2.7571742,1,1,3.3428451,3.3428451,1,1,2.8523892,2.8523892,1,1,2.6848374,2.6848374
0b_baseline_best,file,13,baseline,11493,196.House_Wren/House_Wren_0087_187946.jpg,196,195,196.House_Wren,199,198,horizontal_flip,horizontal_flip,0,"{""flipped"":true}",0.036645193,0.054176562,0.017531369,0.96401811,0.94726485,0.025161661,0.028795844,0.93885645,0.91846901,-0.020387439,0.71995035,1.3697531,6.073237,8.3188353,False,0.95945764,True,True,True,0.71995035,1.3697531,6.073237,8.3188353,0.70725232,1.3643308,5.9195247,8.0761901,0.94598131,1.4690211,1.3577315,1.9945363,0.60354183,1.22917,0.95899634,1.1787695,0.66428614,1.2421207,2.7571742,3.4247431,0.75296912,1.3242783,3.3428451,4.4268572,0.67079887,1.4471546,2.8523892,4.1278481,0.74015488,1.4649784,2.6848374,3.9332288
0b_baseline_best,file,13,baseline,11493,196.House_Wren/House_Wren_0087_187946.jpg,196,195,196.House_Wren,199,198,color_jitter,color_jitter,0,"{""brightness"":0.899835,""contrast"":1.301611,""hue"":0.05887,""saturation"":0.632078}",0.036645193,0.076681122,0.04003593,0.96401811,0.92618513,0.025161661,0.0083182789,0.93885645,0.91786685,-0.020989593,0.42026512,2.3171515,6.073237,14.07261,False,0.9386946,True,True,True,0.42026512,2.3171515,6.073237,14.07261,0.40577177,2.3398499,5.9195247,13.850799,0.78402136,1.8329963,1.3577315,2.4887168,0.13840072,2.2911173,0.95899634,2.1971731,0.25127665,2.8520509,2.7571742,7.8636011,0.4045825,2.2618205,3.3428451,7.5609158,0.48562034,2.1475763,2.8523892,6.1257236,0.59485628,2.0566151,2.6848374,5.5216771
0b_baseline_best,file,13,baseline,11493,196.House_Wren/House_Wren_0087_187946.jpg,196,195,196.House_Wren,199,198,rotation,rotation,0,"{""angle"":4.974361}",0.036645193,0.0063418094,-0.030303383,0.96401811,0.99367827,0.025161661,0.0025923513,0.93885645,0.99108592,0.052229475,0.71257677,0.16545956,6.073237,1.0048751,False,0.96552283,True,True,True,0.71257677,0.16545956,6.073237,1.0048751,0.70025293,0.16491135,5.9195247,0.97619684,0.93395116,0.17555483,1.3577315,0.23835632,0.62121141,0.18840182,0.95899634,0.18067665,0.56239411,0.14603723,2.7571742,0.40265007,0.69077826,0.16391872,3.3428451,0.5479549,0.75384208,0.1716741,2.8523892,0.48968135,0.79446536,0.17396279,2.6848374,0.46706181
0b_baseline_best,file,13,baseline,11493,196.House_Wren/House_Wren_0087_187946.jpg,196,195,196.House_Wren,199,198,random_resized_crop,random_resized_crop,0,"{""area_fraction"":0.875265,""aspect"":0.883861,""fallback"":false,""height"":0.995125,""left"":0.028629,""top"":0.002037,""width"":0.879552}",0.036645193,0.024036897,-0.012608295,0.96401811,0.97624969,0.025161661,0.0054671741,0.93885645,0.97078252,0.031926075,0.58910034,0.59508709,6.073237,3.6141049,False,0.9697305,True,True,True,0.58910034,0.59508709,6.073237,3.6141049,0.57378464,0.59617196,5.9195247,3.5290547,0.89183302,0.57407563,1.3577315,0.77944058,0.59427716,0.55828462,0.95899634,0.53539291,0.40065596,0.60423945,2.7571742,1.6659934,0.52112564,0.59534798,3.3428451,1.9901561,0.6543787,0.59012449,2.8523892,1.6832648,0.74690803,0.60033968,2.6848374,1.6118144
0b_baseline_best,file,13,baseline,11493,196.House_Wren/House_Wren_0087_187946.jpg,196,195,196.House_Wren,199,198,gaussian_blur,gaussian_blur,0,"{""sigma"":1.535268}",0.036645193,0.50222731,0.46558211,0.96401811,0.60518128,0.025161661,0.0019540156,0.93885645,0.60322726,-0.33562918,0.16028951,10.745474,6.073237,65.259811,False,0.81921947,True,True,True,0.16028951,10.745474,6.073237,65.259811,0.13915576,10.823599,5.9195247,64.070562,0.63851988,9.1342459,1.3577315,12.401854,-0.18953831,14.329823,0.95899634,13.742248,-0.10900049,12.121371,2.7571742,33.42073,0.11201871,10.672523,3.3428451,35.676591,0.27026332,10.151803,2.8523892,28.956893,0.42086735,9.7690306,2.6848374,26.228258
0b_baseline_best,file,13,baseline,11493,196.House_Wren/House_Wren_0087_187946.jpg,196,195,196.House_Wren,199,198,random_erasing,random_erasing,0,"{""area_fraction"":0.140668,""erased"":true,""height"":0.621176,""left"":0.477641,""top"":0.207877,""width"":0.226454}",0.036645193,0.3657153,0.3290701,0.96401811,0.69370025,0.025161661,0.02570216,0.93885645,0.66799809,-0.27085835,0.49197563,7.485443,6.073237,45.46087,False,0.90624273,True,True,True,0.49197563,7.485443,6.073237,45.46087,0.47881713,7.4994475,5.9195247,44.393165,0.75234472,7.2140719,1.3577315,9.7947729,0.26945381,5.9537821,0.95899634,5.7096552,0.29572983,6.627833,2.7571742,18.27409,0.52432128,7.516744,3.3428451,25.127311,0.51021872,7.8215251,2.8523892,22.310034,0.56289775,8.1184011,2.6848374,21.796586
0b_baseline_best,file,13,baseline,2334,041.Scissor_tailed_Flycatcher/Scissor_Tailed_Flycatcher_0008_41670.jpg,41,40,041.Scissor_tailed_Flycatcher,135,134,identity,identity,0,{},0.048996273,0.048996273,0,0.95218468,0.95218468,0.03459315,0.03459315,0.91759153,0.91759153,0,1,1,8.9459708,8.9459708,False,0.99999988,True,True,True,1,1,8.9459708,8.9459708,1,1,8.7497149,8.7497149,1,1,1.8635672,1.8635672,1,1,2.1510622,2.1510622,1,1,4.0247384,4.0247384,1,1,4.6778755,4.6778755,1,1,4.1830337,4.1830337,1,1,4.0437152,4.0437152
0b_baseline_best,file,13,baseline,2334,041.Scissor_tailed_Flycatcher/Scissor_Tailed_Flycatcher_0008_41670.jpg,41,40,041.Scissor_tailed_Flycatcher,135,134,horizontal_flip,horizontal_flip,0,"{""flipped"":true}",0.048996273,0.075599179,0.026602905,0.95218468,0.92718774,0.03459315,0.054706987,0.91759153,0.87248075,-0.045110773,0.64052583,1.3883091,8.9459708,12.419773,False,0.9520362,True,True,True,0.64052583,1.3883091,8.9459708,12.419773,0.62567627,1.3841151,8.7497149,12.110613,0.94844402,1.4777425,1.8635672,2.7538725,0.67499584,1.3167484,2.1510622,2.8324076,0.68867998,1.3262583,4.0247384,5.3378425,0.60719182,1.3544726,4.6778755,6.3360543,0.53642116,1.4387535,4.1830337,6.0183545,0.67607115,1.4374267,4.0437152,5.8125442
0b_baseline_best,file,13,baseline,2334,041.Scissor_tailed_Flycatcher/Scissor_Tailed_Flycatcher_0008_41670.jpg,41,40,041.Scissor_tailed_Flycatcher,135,134,color_jitter,color_jitter,0,"{""brightness"":1.281673,""contrast"":0.611256,""hue"":-0.050239,""saturation"":0.747027}",0.048996273,0.079743721,0.030747447,0.95218468,0.92335296,0.03459315,0.060396232,0.91759153,0.86295673,-0.054634802,0.77730307,1.7880538,8.9459708,15.995877,False,0.95277315,True,True,True,0.77730307,1.7880538,8.9459708,15.995877,0.7706711,1.7972172,8.7497149,15.725138,0.95106295,1.5725487,1.8635672,2.9305501,0.68328285,1.5456421,2.1510622,3.3247722,0.72926732,1.92797,4.0247384,7.7595751,0.81650511,1.9199147,4.6778755,8.9811222,0.74781417,1.7808933,4.1830337,7.4495366,0.81350964,1.5612806,4.0437152,6.3133742
0b_baseline_best,file,13,baseline,2334,041.Scissor_tailed_Flycatcher/Scissor_Tailed_Flycatcher_0008_41670.jpg,41,40,041.Scissor_tailed_Flycatcher,135,134,rotation,rotation,0,"{""angle"":-13.418278}",0.048996273,0.11689668,0.067900408,0.95218468,0.88967711,0.03459315,0.073024653,0.91759153,0.81665245,-0.10093907,0.69772141,2.5512168,8.9459708,22.823111,False,0.95974219,True,True,True,0.69772141,2.5512168,8.9459708,22.823111,0.68598955,2.5464073,8.7497149,22.280338,0.94634382,2.6550274,1.8635672,4.947822,0.7002834,2.239169,2.1510622,4.8165918,0.71034655,2.465637,4.0247384,9.9235441,0.69548087,2.6240144,4.6778755,12.274813,0.61903903,2.5811523,4.1830337,10.797047,0.7206288,2.5639132,4.0437152,10.367735
0b_baseline_best,file,13,baseline,2334,041.Scissor_tailed_Flycatcher/Scissor_Tailed_Flycatcher_0008_41670.jpg,41,40,041.Scissor_tailed_Flycatcher,135,134,random_resized_crop,random_resized_crop,0,"{""area_fraction"":0.507582,""aspect"":0.838102,""fallback"":false,""height"":0.778224,""left"":0.276489,""top"":0.030372,""width"":0.652231}",0.048996273,1.9887182,1.9397219,0.95218468,0.13687077,0.03459315,0.25378153,0.91759153,-0.11691076,-1.0345023,0.43898112,11.569892,8.9459708,103.50391,False,0.85833472,False,True,False,0.43898112,11.569892,8.9459708,103.50391,0.42185239,11.457828,8.7497149,100.25273,0.75951311,13.811213,1.8635672,25.738124,0.39433441,10.392402,2.1510622,22.354702,0.43739099,10.425938,4.0247384,41.961675,0.42999997,10.038057,4.6778755,46.956782,0.34123729,11.298609,4.1830337,47.262463,0.49251163,14.31639,4.0437152,57.891403
0b_baseline_best,file,13,baseline,2334,041.Scissor_tailed_Flycatcher/Scissor_Tailed_Flycatcher_0008_41670.jpg,41,40,041.Scissor_tailed_Flycatcher,135,134,gaussian_blur,gaussian_blur,0,"{""sigma"":1.212829}",0.048996273,0.25952834,0.21053207,0.95218468,0.77141535,0.03459315,0.12240922,0.91759153,0.64900614,-0.26858539,0.67157164,4.0596327,8.9459708,36.317356,False,0.92923033,True,True,True,0.67157164,4.0596327,8.9459708,36.317356,0.66186445,4.0729285,8.7497149,35.636964,0.90583944,3.754595,1.8635672,6.99694,0.78378827,5.2577349,2.1510622,11.309715,0.65535612,3.8940793,4.0247384,15.672651,0.62969839,3.998592,4.6778755,18.704916,0.63069131,4.0320231,4.1830337,16.866089,0.70840098,4.0037182,4.0437152,16.189896
0b_baseline_best,file,13,baseline,2334,041.Scissor_tailed_Flycatcher/Scissor_Tailed_Flycatcher_0008_41670.jpg,41,40,041.Scissor_tailed_Flycatcher,135,134,random_erasing,random_erasing,0,"{""area_fraction"":0.086727,""erased"":true,""height"":0.219377,""left"":0.147108,""top"":0.359827,""width"":0.395334}",0.048996273,0.89165777,0.8426615,0.95218468,0.40997556,0.03459315,0.17945917,0.91759153,0.23051639,-0.68707514,0.60671203,10.075381,8.9459708,90.134069,False,0.8985014,True,True,True,0.60671203,10.075381,8.9459708,90.134069,0.59787053,10.113056,8.7497149,88.486353,0.82340111,9.2058024,1.8635672,17.155631,0.72082939,9.9107582,2.1510622,21.318657,0.62711427,10.043831,4.0247384,40.423794,0.56763895,9.5983958,4.6778755,44.900101,0.54025707,10.523166,4.1830337,44.018756,0.63813981,10.455726,4.0437152,42.279977
0b_baseline_best,file,13,baseline,409,008.Rhinoceros_Auklet/Rhinoceros_Auklet_0013_797537.jpg,8,7,008.Rhinoceros_Auklet,5,4,identity,identity,0,{},1.5786626,1.5786626,0,0.20625074,0.20625074,0.26323035,0.26323035,-0.056979612,-0.056979612,0,1,1,132.41649,132.41649,False,0.99999994,True,False,False,1,1,132.41649,132.41649,1,1,130.35319,130.35319,1,1,23.284625,23.284625,1,1,29.307375,29.307375,1,1,57.872301,57.872301,1,1,69.748656,69.748656,1,1,64.622813,64.622813,1,1,61.178798,61.178798
0b_baseline_best,file,13,baseline,409,008.Rhinoceros_Auklet/Rhinoceros_Auklet_0013_797537.jpg,8,7,008.Rhinoceros_Auklet,5,4,horizontal_flip,horizontal_flip,0,"{""flipped"":true}",1.5786626,1.8983823,0.31971967,0.20625074,0.14981078,0.26323035,0.3003968,-0.056979612,-0.15058602,-0.093606412,0.70429842,1.0622944,132.41649,140.66529,False,0.94727767,True,False,False,0.70429842,1.0622944,132.41649,140.66529,0.69669692,1.0624191,130.35319,138.48972,0.94344733,1.0583772,23.284625,24.643917,0.77286551,1.4354864,29.307375,42.070339,0.67387556,1.0364432,57.872301,59.981354,0.68633358,1.0396963,69.748656,72.517422,0.66176899,1.0286971,64.622813,66.477297,0.75523408,1.0509196,61.178798,64.293999
0b_baseline_best,file,13,baseline,409,008.Rhinoceros_Auklet/Rhinoceros_Auklet_0013_797537.jpg,8,7,008.Rhinoceros_Auklet,5,4,color_jitter,color_jitter,0,"{""brightness"":1.065965,""contrast"":1.113575,""hue"":0.077871,""saturation"":1.057693}",1.5786626,1.8228335,0.2441709,0.20625074,0.1615673,0.26323035,0.21105301,-0.056979612,-0.049485713,0.0074938983,0.80639168,1.1448258,132.41649,151.59382,False,0.94442856,False,False,False,0.80639168,1.1448258,132.41649,151.59382,0.80250961,1.1462575,130.35319,149.41832,0.93398112,1.0990119,23.284625,25.59008,0.61331952,1.2285419,29.307375,36.005338,0.74991941,1.0811157,57.872301,62.566653,0.82025719,1.1777237,69.748656,82.144642,0.82872835,1.1588703,64.622813,74.889455,0.84299845,1.1275682,61.178798,68.983267
0b_baseline_best,file,13,baseline,409,008.Rhinoceros_Auklet/Rhinoceros_Auklet_0013_797537.jpg,8,7,008.Rhinoceros_Auklet,5,4,rotation,rotation,0,"{""angle"":14.700169}",1.5786626,2.2021093,0.6234467,0.20625074,0.1105697,0.26323035,0.076246366,-0.056979612,0.034323335,0.091302946,0.66623162,1.0306671,132.41649,136.47732,False,0.93520284,False,False,True,0.66623162,1.0306671,132.41649,136.47732,0.65949105,1.0339225,130.35319,134.7751,0.90710126,0.92283812,23.284625,21.48794,0.82130001,1.4051377,29.307375,41.180899,0.72418553,1.0437448,57.872301,60.403912,0.62665138,0.97498739,69.748656,68.00406,0.58038827,0.97761795,64.622813,63.176421,0.68609597,1.0598179,61.178798,64.838386
0b_baseline_best,file,13,baseline,409,008.Rhinoceros_Auklet/Rhinoceros_Auklet_0013_797537.jpg,8,7,008.Rhinoceros_Auklet,5,4,random_resized_crop,random_resized_crop,0,"{""area_fraction"":0.605602,""aspect"":0.973765,""fallback"":false,""height"":0.788618,""left"":0.073897,""top"":0.03434,""width"":0.767928}",1.5786626,3.5213752,1.9427125,0.20625074,0.029558763,0.26323035,0.28294855,-0.056979612,-0.25338979,-0.19641018,0.65997946,1.2638931,132.41649,167.36029,False,0.92120361,True,False,False,0.65997946,1.2638931,132.41649,167.36029,0.65275893,1.2675318,130.35319,165.22682,0.914084,1.1440038,23.284625,26.6377,0.67618065,2.1305753,29.307375,62.44157,0.62697351,1.3733839,57.872301,79.480888,0.61219359,1.1437472,69.748656,79.77483,0.67731963,1.1678748,64.622813,75.471357,0.74440164,1.1585501,61.178798,70.878703
0b_baseline_best,file,13,baseline,409,008.Rhinoceros_Auklet/Rhinoceros_Auklet_0013_797537.jpg,8,7,008.Rhinoceros_Auklet,5,4,gaussian_blur,gaussian_blur,0,"{""sigma"":1.436906}",1.5786626,2.8844166,1.3057539,0.20625074,0.05588739,0.26323035,0.037184384,-0.056979612,0.018703006,0.075682618,0.47328699,1.2721255,132.41649,168.45039,False,0.87778968,False,False,False,0.47328699,1.2721255,132.41649,168.45039,0.46331573,1.2759832,130.35319,166.32848,0.82436171,1.1446533,23.284625,26.652822,0.50974203,1.8385628,29.307375,53.88345,0.49751288,1.5254356,57.872301,88.280472,0.43607451,1.1941847,69.748656,83.292776,0.36589897,1.1162626,64.622813,72.136031,0.57863882,1.1356323,61.178798,69.476618
0b_baseline_best,file,13,baseline,409,008.Rhinoceros_Auklet/Rhinoceros_Auklet_0013_797537.jpg,8,7,008.Rhinoceros_Auklet,5,4,random_erasing,random_erasing,0,"{""area_fraction"":0.194398,""erased"":true,""height"":0.389746,""left"":0.167401,""top"":0.050466,""width"":0.498781}",1.5786626,1.9666725,0.38800991,0.20625074,0.13992167,0.26323035,0.09747804,-0.056979612,0.042443626,0.099423237,0.68927874,1.002181,132.41649,132.70529,False,0.86256862,False,False,True,0.68927874,1.002181,132.41649,132.70529,0.68504746,1.0041713,130.35319,130.89693,0.83286583,0.93766741,23.284625,21.833234,0.75105237,0.97138516,29.307375,28.468749,0.71077132,1.0429355,57.872301,60.35708,0.68463725,1.038496,69.748656,72.433702,0.63647652,0.91477098,64.622813,59.115074,0.7003276,1.0259117,61.178798,62.764043
0b_baseline_best,file,13,baseline,10558,180.Wilson_Warbler/Wilson_Warbler_0010_175750.jpg,180,179,180.Wilson_Warbler,182,181,identity,identity,0,{},0.0031085524,0.0031085524,0,0.99689627,0.99689627,0.0017080504,0.0017080504,0.99518822,0.99518822,0,1,1,0.44359046,0.44359046,False,1,True,True,True,1,1,0.44359046,0.44359046,1,1,0.43217529,0.43217529,1,1,0.09998505,0.09998505,1,1,0.06646806,0.06646806,1,1,0.16513989,0.16513989,1,1,0.22238708,0.22238708,1,1,0.22157918,0.22157918,1,1,0.23776658,0.23776658
0b_baseline_best,file,13,baseline,10558,180.Wilson_Warbler/Wilson_Warbler_0010_175750.jpg,180,179,180.Wilson_Warbler,182,181,horizontal_flip,horizontal_flip,0,"{""flipped"":true}",0.0031085524,0.0017016944,-0.001406858,0.99689627,0.99829978,0.0017080504,0.00081058498,0.99518822,0.99748919,0.002300976,0.71649232,0.53865311,0.44359046,0.23894138,False,0.9855051,True,True,True,0.71649232,0.53865311,0.44359046,0.23894138,0.70131794,0.5366483,0.43217529,0.23192614,0.9827691,0.57482492,0.09998505,0.057473899,0.78297639,0.49419113,0.06646806,0.032847925,0.52097592,0.51946954,0.16513989,0.085785141,0.66423593,0.55052444,0.22238708,0.12242952,0.70692475,0.53815084,0.22157918,0.11924302,0.80906189,0.5343818,0.23776658,0.12705813
0b_baseline_best,file,13,baseline,10558,180.Wilson_Warbler/Wilson_Warbler_0010_175750.jpg,180,179,180.Wilson_Warbler,182,181,color_jitter,color_jitter,0,"{""brightness"":1.257739,""contrast"":0.802853,""hue"":-0.049657,""saturation"":1.119274}",0.0031085524,0.031780194,0.028671642,0.99689627,0.96871948,0.0017080504,0.02035322,0.99518822,0.94836626,-0.046821955,0.81651862,11.248584,0.44359046,4.9897647,False,0.96645737,True,True,True,0.81651862,11.248584,0.44359046,4.9897647,0.81084142,11.340341,0.43217529,4.9010152,0.95915453,9.3705081,0.09998505,0.93691072,0.78631917,12.815389,0.06646806,0.85181406,0.7235582,10.540694,0.16513989,1.7406891,0.81252429,12.094524,0.22238708,2.689666,0.81128963,11.775035,0.22157918,2.6091027,0.85969139,10.491478,0.23776658,2.4945229
0b_baseline_best,file,13,baseline,10558,180.Wilson_Warbler/Wilson_Warbler_0010_175750.jpg,180,179,180.Wilson_Warbler,182,181,rotation,rotation,0,"{""angle"":13.404096}",0.0031085524,0.0020359282,-0.0010726242,0.99689627,0.99796617,0.0017080504,0.00062580407,0.99518822,0.99734037,0.0021521497,0.7345817,0.54701124,0.44359046,0.24264897,False,0.98367798,True,True,True,0.7345817,0.54701124,0.44359046,0.24264897,0.72123984,0.54162139,0.43217529,0.23407538,0.95526274,0.63941061,0.09998505,0.063931502,0.66069562,0.51718843,0.06646806,0.034376512,0.64383017,0.5214678,0.16513989,0.086115133,0.67894927,0.51350253,0.22238708,0.11419633,0.70289042,0.53093465,0.22157918,0.11764406,0.80899221,0.58448282,0.23776658,0.13897048
0b_baseline_best,file,13,baseline,10558,180.Wilson_Warbler/Wilson_Warbler_0010_175750.jpg,180,179,180.Wilson_Warbler,182,181,random_resized_crop,random_resized_crop,0,"{""area_fraction"":0.54371,""aspect"":1.000609,""fallback"":false,""height"":0.737142,""left"":0.108955,""top"":0.065981,""width"":0.737591}",0.0031085524,0.0097346595,0.006626107,0.99689627,0.99031258,0.0017080504,0.0010522623,0.99518822,0.98926031,-0.0059279025,0.65666397,3.1243168,0.44359046,1.3859171,False,0.966631,True,True,True,0.65666397,3.1243168,0.44359046,1.3859171,0.64665933,3.1435076,0.43217529,1.3585463,0.8769081,2.7411772,0.09998505,0.27407675,0.4268858,3.4881023,0.06646806,0.23184739,0.62877125,3.2888698,0.16513989,0.54312358,0.6370391,3.2751988,0.22238708,0.7283619,0.60846426,3.1670615,0.22157918,0.70175489,0.72638942,2.8954175,0.23776658,0.68843353
0b_baseline_best,file,13,baseline,10558,180.Wilson_Warbler/Wilson_Warbler_0010_175750.jpg,180,179,180.Wilson_Warbler,182,181,gaussian_blur,gaussian_blur,0,"{""sigma"":1.787654}",0.0031085524,0.19698694,0.19387839,0.99689627,0.82120138,0.0017080504,0.080233887,0.99518822,0.7409675,-0.25422072,0.51398078,94.0296,0.44359046,41.710633,False,0.8814916,True,True,True,0.51398078,94.0296,0.44359046,41.710633,0.50468169,95.589711,0.43217529,41.311511,0.86769637,57.572443,0.09998505,5.7563836,0.08309726,128.03142,0.06646806,8.5099999,0.34586248,125.98591,0.16513989,20.805298,0.5140708,107.98304,0.22238708,24.014034,0.60375301,90.774262,0.22157918,20.113687,0.66305734,62.400066,0.23776658,14.836651
0b_baseline_best,file,13,baseline,10558,180.Wilson_Warbler/Wilson_Warbler_0010_175750.jpg,180,179,180.Wilson_Warbler,182,181,random_erasing,random_erasing,0,"{""area_fraction"":0.116935,""erased"":true,""height"":0.391052,""left"":0.476281,""top"":0.161436,""width"":0.299028}",0.0031085524,5.7959447,5.7928361,0.99689627,0.0030398567,0.0017080504,0.0031989829,0.99518822,-0.00015912624,-0.99534734,0.054890079,307.27908,0.44359046,136.30607,False,0.54528821,False,True,False,0.054890079,307.27908,0.44359046,136.30607,0.0348322,306.8037,0.43217529,132.59298,0.41871743,316.02922,0.09998505,31.598198,0.076724827,374.16333,0.06646806,24.86991,-0.10142963,298.2502,0.16513989,49.253003,-0.13061708,290.5365,0.22238708,64.611564,0.13239471,301.40771,0.22157918,66.785673,0.14298766,323.09639,0.23776658,76.821524
0b_baseline_best,file,13,baseline,9888,168.Kentucky_Warbler/Kentucky_Warbler_0020_795903.jpg,168,167,168.Kentucky_Warbler,162,161,identity,identity,0,{},0.0069996142,0.0069996142,0,0.99302483,0.99302483,0.0055992906,0.0055992906,0.98742554,0.98742554,0,1,1,1.2337714,1.2337714,False,0.99999994,True,True,True,1,1,1.2337714,1.2337714,1,1,1.2021902,1.2021902,1,1,0.2773638,0.2773638,1,1,0.22740556,0.22740556,1,1,0.47527224,0.47527224,1,1,0.58976958,0.58976958,1,1,0.61328015,0.61328015,1,1,0.66612572,0.66612572
0b_baseline_best,file,13,baseline,9888,168.Kentucky_Warbler/Kentucky_Warbler_0020_795903.jpg,168,167,168.Kentucky_Warbler,162,161,horizontal_flip,horizontal_flip,0,"{""flipped"":true}",0.0069996142,0.048098922,0.041099308,0.99302483,0.95303953,0.0055992906,0.04227021,0.98742554,0.91076932,-0.076656218,0.74005203,8.6501883,1.2337714,10.672355,False,0.97735053,True,True,True,0.74005203,8.6501883,1.2337714,10.672355,0.72975734,8.7102327,1.2021902,10.471356,0.97562316,7.4325446,0.2773638,2.0615188,0.54916025,7.7718424,0.22740556,1.7673602,0.72249449,9.9906078,0.47527224,4.7482585,0.70283441,9.1168952,0.58976958,5.3768674,0.71856611,8.8120611,0.61328015,5.4042622,0.80442359,7.63455,0.66612572,5.0855701
0b_baseline_best,file,13,baseline,9888,168.Kentucky_Warbler/Kentucky_Warbler_0020_795903.jpg,168,167,168.Kentucky_Warbler,162,161,color_jitter,color_jitter,0,"{""brightness"":1.003704,""contrast"":0.840652,""hue"":0.003878,""saturation"":1.238137}",0.0069996142,0.02220949,0.015209876,0.99302483,0.97803533,0.0055992906,0.016676549,0.98742554,0.96135878,-0.026066754,0.93683681,3.2490676,1.2337714,4.0086067,False,0.98750776,True,True,True,0.93683681,3.2490676,1.2337714,4.0086067,0.93477139,3.2666887,1.2021902,3.927181,0.98698741,2.8981829,0.2773638,0.80385102,0.91790383,3.4170859,0.22740556,0.77706435,0.928372,3.4314171,0.47527224,1.6308573,0.92020221,3.2690288,0.58976958,1.9279737,0.93888504,3.3049127,0.61328015,2.0268374,0.95048118,3.1253018,0.66612572,2.0818439
0b_baseline_best,file,13,baseline,9888,168.Kentucky_Warbler/Kentucky_Warbler_0020_795903.jpg,168,167,168.Kentucky_Warbler,162,161,rotation,rotation,0,"{""angle"":10.677477}",0.0069996142,0.0076461034,0.00064648921,0.99302483,0.99238306,0.0055992906,0.0042092977,0.98742554,0.98817377,0.00074822968,0.7859094,0.97752685,1.2337714,1.2060447,False,0.98353887,True,True,True,0.7859094,0.97752685,1.2337714,1.2060447,0.77738415,0.98179442,1.2021902,1.1803036,0.96520624,0.89357389,0.2773638,0.24784505,0.75659109,1.0250916,0.22740556,0.23311153,0.72556767,0.95698689,0.47527224,0.4548293,0.74665728,0.92740767,0.58976958,0.54695683,0.75464584,0.99356997,0.61328015,0.60933674,0.8469689,1.0197823,0.66612572,0.6793032
0b_baseline_best,file,13,baseline,9888,168.Kentucky_Warbler/Kentucky_Warbler_0020_795903.jpg,168,167,168.Kentucky_Warbler,162,161,random_resized_crop,random_resized_crop,0,"{""area_fraction"":0.544579,""aspect"":0.913095,""fallback"":false,""height"":0.772276,""left"":0.086791,""top"":0.144112,""width"":0.705161}",0.0069996142,0.1238363,0.11683669,0.99302483,0.88352448,0.0055992906,0.09881115,0.98742554,0.78471333,-0.20271221,0.77055951,19.257979,1.2337714,23.759943,False,0.95700645,True,True,True,0.77055951,19.257979,1.2337714,23.759943,0.76196005,19.357652,1.2021902,23.271579,0.9563002,17.278925,0.2773638,4.7925482,0.76904739,19.583919,0.22740556,4.4534921,0.80833351,22.469751,0.47527224,10.679249,0.77961157,20.498166,0.58976958,12.089195,0.72219944,18.952477,0.61328015,11.623178,0.76487583,16.880499,0.66612572,11.244534
0b_baseline_best,file,13,baseline,9888,168.Kentucky_Warbler/Kentucky_Warbler_0020_795903.jpg,168,167,168.Kentucky_Warbler,162,161,gaussian_blur,gaussian_blur,0,"{""sigma"":1.698196}",0.0069996142,0.038096841,0.031097227,0.99302483,0.96261972,0.0055992906,0.010288596,0.98742554,0.95233113,-0.03509441,0.52644113,6.5684691,1.2337714,8.1039893,False,0.92328727,True,True,True,0.52644113,6.5684691,1.2337714,8.1039893,0.51768184,6.6657735,1.2021902,8.0135272,0.82520265,4.3534399,0.2773638,1.2074866,0.53085481,8.4323182,0.22740556,1.9175561,0.38961435,8.0159558,0.47527224,3.8097613,0.49291994,7.6312379,0.58976958,4.5006719,0.56166359,6.5021884,0.61328015,3.9876631,0.65391392,4.7157875,0.66612572,3.1413073
0b_baseline_best,file,13,baseline,9888,168.Kentucky_Warbler/Kentucky_Warbler_0020_795903.jpg,168,167,168.Kentucky_Warbler,162,161,random_erasing,random_erasing,0,"{""area_fraction"":0.065433,""erased"":true,""height"":0.163437,""left"":0.405099,""top"":0.430195,""width"":0.400358}",0.0069996142,0.0045747859,-0.0024248282,0.99302483,0.99543566,0.0055992906,0.0025492264,0.98742554,0.99288643,0.0054608933,0.86936104,0.58536429,1.2337714,0.72220571,False,0.98199451,True,True,True,0.86936104,0.58536429,1.2337714,0.72220571,0.86434881,0.58606749,1.2021902,0.70456457,0.96608464,0.57199287,0.2773638,0.15865011,0.80527013,0.55749622,0.22740556,0.12677774,0.8547052,0.56535724,0.47527224,0.2686986,0.87192228,0.57852207,0.58976958,0.34119472,0.85708206,0.58577526,0.61328015,0.35924434,0.87645402,0.60547564,0.66612572,0.4033229
0b_baseline_best,file,13,baseline,11206,191.Red_headed_Woodpecker/Red_Headed_Woodpecker_0063_183358.jpg,191,190,191.Red_headed_Woodpecker,42,41,identity,identity,0,{},0.035128824,0.035128824,0,0.96548104,0.96548104,0.010021,0.010021,0.95546004,0.95546004,0,1,1,5.7153771,5.7153771,False,1,True,True,True,1,1,5.7153771,5.7153771,1,1,5.6262354,5.6262354,1,1,1.0054902,1.0054902,1,1,1.616277,1.616277,1,1,2.3387165,2.3387165,1,1,2.6658779,2.6658779,1,1,2.9439603,2.9439603,1,1,2.7926281,2.7926281
0b_baseline_best,file,13,baseline,11206,191.Red_headed_Woodpecker/Red_Headed_Woodpecker_0063_183358.jpg,191,190,191.Red_headed_Woodpecker,42,41,horizontal_flip,horizontal_flip,0,"{""flipped"":true}",0.035128824,0.026527194,-0.0086016301,0.96548104,0.97382158,0.010021,0.007327728,0.95546004,0.96649385,0.01103381,0.64527567,0.72707455,5.7153771,4.1555052,False,0.96822429,True,True,True,0.64527567,0.72707455,5.7153771,4.1555052,0.63485652,0.7266065,5.6262354,4.0880592,0.96504025,0.74157976,1.0054902,0.7456512,0.58891094,0.66525817,1.616277,1.0752415,0.45974828,0.66332611,2.3387165,1.5513317,0.60308837,0.74814112,2.6658779,1.9944529,0.65410551,0.73380438,2.9439603,2.1602909,0.76661473,0.76001552,2.7926281,2.1224407
0b_baseline_best,file,13,baseline,11206,191.Red_headed_Woodpecker/Red_Headed_Woodpecker_0063_183358.jpg,191,190,191.Red_headed_Woodpecker,42,41,color_jitter,color_jitter,0,"{""brightness"":1.336462,""contrast"":0.83752,""hue"":-0.004765,""saturation"":0.698015}",0.035128824,0.066802032,0.031673208,0.96548104,0.93538034,0.010021,0.0095827254,0.95546004,0.92579761,-0.029662428,0.86358536,1.9617896,5.7153771,11.212367,False,0.98218119,True,True,True,0.86358536,1.9617896,5.7153771,11.212367,0.86066946,1.9675148,5.6262354,11.069702,0.96942719,1.7732085,1.0054902,1.7829438,0.87079579,1.9837036,1.616277,3.2062144,0.80604168,1.9616297,2.3387165,4.5876956,0.85199634,2.1013542,2.6658779,5.6019535,0.87876834,1.9903224,2.9439603,5.8594301,0.89068958,1.8081277,2.7926281,5.0494284
0b_baseline_best,file,13,baseline,11206,191.Red_headed_Woodpecker/Red_Headed_Woodpecker_0063_183358.jpg,191,190,191.Red_headed_Woodpecker,42,41,rotation,rotation,0,"{""angle"":-2.978767}",0.035128824,0.030114159,-0.0050146654,0.96548104,0.97033477,0.010021,0.005990854,0.95546004,0.96434391,0.0088838716,0.84502588,0.8142729,5.7153771,4.6538766,False,0.98427653,True,True,True,0.84502588,0.8142729,5.7153771,4.6538766,0.84073331,0.81424253,5.6262354,4.5811201,0.97926415,0.81522311,1.0054902,0.81969887,0.84969377,0.86010161,1.616277,1.3901624,0.76987749,0.79984344,2.3387165,1.870607,0.80586115,0.78525325,2.6658779,2.0933893,0.85807786,0.80443731,2.9439603,2.3682315,0.89753847,0.84466779,2.7926281,2.358843
0b_baseline_best,file,13,baseline,11206,191.Red_headed_Woodpecker/Red_Headed_Woodpecker_0063_183358.jpg,191,190,191.Red_headed_Woodpecker,42,41,random_resized_crop,random_resized_crop,0,"{""area_fraction"":0.729041,""aspect"":1.178416,""fallback"":false,""height"":0.78655,""left"":0.018041,""top"":0.043831,""width"":0.926884}",0.035128824,0.054572843,0.019444019,0.96548104,0.94688952,0.010021,0.01315638,0.95546004,0.93373314,-0.021726903,0.76460401,1.4609323,5.7153771,8.349779,False,0.96849167,True,True,True,0.76460401,1.4609323,5.7153771,8.349779,0.75811457,1.4590642,5.6262354,8.2090386,0.96045023,1.51826,1.0054902,1.5265956,0.88777482,1.3987013,1.616277,2.2606887,0.73350815,1.5829798,2.3387165,3.7021409,0.69966983,1.4684038,2.6658779,3.9145851,0.74282269,1.3476621,2.9439603,3.9674638,0.80803641,1.4982797,2.7926281,4.1841379
0b_baseline_best,file,13,baseline,11206,191.Red_headed_Woodpecker/Red_Headed_Woodpecker_0063_183358.jpg,191,190,191.Red_headed_Woodpecker,42,41,gaussian_blur,gaussian_blur,0,"{""sigma"":1.847983}",0.035128824,0.54199827,0.50686944,0.96548104,0.58158493,0.010021,0.059504315,0.95546004,0.52208062,-0.43337943,0.49377393,12.702347,5.7153771,72.598705,False,0.83258605,True,True,True,0.49377393,12.702347,5.7153771,72.598705,0.48553031,12.756718,5.6262354,71.772296,0.80308486,10.863246,1.0054902,10.922888,0.44808866,13.919083,1.616277,22.497094,0.3218569,12.841852,2.3387165,30.033451,0.47474178,13.478089,2.6658779,35.930939,0.52326132,12.995413,2.9439603,38.257979,0.60082473,11.257963,2.7926281,31.439303
0b_baseline_best,file,13,baseline,11206,191.Red_headed_Woodpecker/Red_Headed_Woodpecker_0063_183358.jpg,191,190,191.Red_headed_Woodpecker,42,41,random_erasing,random_erasing,0,"{""area_fraction"":0.190398,""erased"":true,""height"":0.377097,""left"":0.287506,""top"":0.304547,""width"":0.504903}",0.035128824,2.1843688,2.14924,0.96548104,0.11254875,0.010021,0.1883609,0.95546004,-0.075812146,-1.0312722,0.45535936,19.178905,5.7153771,109.61467,False,0.81007248,False,True,False,0.45535936,19.178905,5.7153771,109.61467,0.44338358,19.057283,5.6262354,107.22076,0.77730497,22.659044,1.0054902,22.783448,0.2852177,9.0493139,1.616277,14.626198,0.32150741,17.113038,2.3387165,40.022544,0.39677513,18.568507,2.6658779,49.50137,0.48223406,20.465661,2.9439603,60.250093,0.55346553,21.485442,2.7926281,60.000851
0b_baseline_best,file,13,baseline,10180,173.Orange_crowned_Warbler/Orange_Crowned_Warbler_0030_168376.jpg,173,172,173.Orange_crowned_Warbler,179,178,identity,identity,0,{},0.14657454,0.14657454,0,0.86366135,0.86366135,0.039111808,0.039111808,0.82454954,0.82454954,0,1,1,21.63763,21.63763,False,0.99999988,True,True,True,1,1,21.63763,21.63763,1,1,21.301522,21.301522,1,1,3.7989759,3.7989759,1,1,4.3959851,4.3959851,1,1,12.789733,12.789733,1,1,11.096349,11.096349,1,1,8.4403227,8.4403227,1,1,8.7455633,8.7455633
0b_baseline_best,file,13,baseline,10180,173.Orange_crowned_Warbler/Orange_Crowned_Warbler_0030_168376.jpg,173,172,173.Orange_crowned_Warbler,179,178,horizontal_flip,horizontal_flip,0,"{""flipped"":true}",0.14657454,0.66216528,0.51559074,0.86366135,0.51573342,0.039111808,0.35227129,0.82454954,0.16346213,-0.66108741,0.72073231,3.9614633,21.63763,85.716678,False,0.94826388,True,True,True,0.72073231,3.9614633,21.63763,85.716678,0.7151287,3.9489401,21.301522,84.118435,0.88421406,4.3367932,3.7989759,16.475373,0.78645632,4.2850593,4.3959851,18.837057,0.83194792,3.782257,12.789733,48.374056,0.69917659,4.0621485,11.096349,45.075017,0.57043134,4.1827638,8.4403227,35.303876,0.62622057,3.7973576,8.7455633,33.210032
0b_baseline_best,file,13,baseline,10180,173.Orange_crowned_Warbler/Orange_Crowned_Warbler_0030_168376.jpg,173,172,173.Orange_crowned_Warbler,179,178,color_jitter,color_jitter,0,"{""brightness"":0.638599,""contrast"":0.727824,""hue"":-0.017373,""saturation"":0.608952}",0.14657454,4.011415,3.8648405,0.86366135,0.018107755,0.039111808,0.026268907,0.82454954,-0.0081611518,-0.83271069,0.5694587,11.425857,21.63763,247.22848,False,0.80321777,False,True,False,0.5694587,11.425857,21.63763,247.22848,0.56767063,11.503105,21.301522,245.03365,0.6668954,8.6523082,3.7989759,32.86991,0.23996446,10.641078,4.3959851,46.77802,0.65031579,10.860598,12.789733,138.90414,0.60716987,12.786898,11.096349,141.88788,0.53525696,12.648687,8.4403227,106.759,0.43653841,9.5866739,8.7455633,83.840863
0b_baseline_best,file,13,baseline,10180,173.Orange_crowned_Warbler/Orange_Crowned_Warbler_0030_168376.jpg,173,172,173.Orange_crowned_Warbler,179,178,rotation,rotation,0,"{""angle"":9.581008}",0.14657454,0.28137112,0.13479657,0.86366135,0.75474817,0.039111808,0.14240377,0.82454954,0.6123444,-0.21220514,0.8015901,1.8854169,21.63763,40.795953,False,0.95130646,True,True,True,0.8015901,1.8854169,21.63763,40.795953,0.79757027,1.8787451,21.301522,40.020131,0.91968771,2.0843164,3.7989759,7.9182678,0.8577697,2.0509095,4.3959851,9.0157677,0.89131883,1.7690802,12.789733,22.626064,0.77139137,1.9819595,11.096349,21.992515,0.71018584,1.9542091,8.4403227,16.494155,0.72565971,1.817526,8.7455633,15.895288
0b_baseline_best,file,13,baseline,10180,173.Orange_crowned_Warbler/Orange_Crowned_Warbler_0030_168376.jpg,173,172,173.Orange_crowned_Warbler,179,178,random_resized_crop,random_resized_crop,0,"{""area_fraction"":0.685897,""aspect"":1.304481,""fallback"":false,""height"":0.725121,""left"":0.035951,""top"":0.265839,""width"":0.945907}",0.14657454,0.78067994,0.6341054,0.86366135,0.45809445,0.039111808,0.062752791,0.82454954,0.39534166,-0.42920788,0.78922847,5.0161042,21.63763,108.53661,False,0.92756653,True,True,True,0.78922847,5.0161042,21.63763,108.53661,0.78737952,5.0535336,21.301522,107.64796,0.9110268,3.6484793,3.7989759,13.860485,0.86444939,5.2114755,4.3959851,22.909569,0.88337639,5.1897615,12.789733,66.375662,0.77336791,5.2722199,11.096349,58.502392,0.65904443,4.9224825,8.4403227,41.547341,0.6928967,4.4414749,8.7455633,38.8432
0b_baseline_best,file,13,baseline,10180,173.Orange_crowned_Warbler/Orange_Crowned_Warbler_0030_168376.jpg,173,172,173.Orange_crowned_Warbler,179,178,gaussian_blur,gaussian_blur,0,"{""sigma"":1.682771}",0.14657454,2.8522072,2.7056326,0.86366135,0.057716787,0.039111808,0.02774871,0.82454954,0.029968077,-0.79458146,0.51942777,6.6942822,21.63763,144.8484,False,0.81354618,False,True,False,0.51942777,6.6942822,21.63763,144.8484,0.51168605,6.7054463,21.301522,142.83621,0.77795719,6.333251,3.7989759,24.059868,0.38582516,8.8184698,4.3959851,38.765862,0.49753048,5.5755545,12.789733,71.309852,0.55009173,6.9740484,11.096349,77.386475,0.50340741,7.9326813,8.4403227,66.95439,0.55475384,6.6109437,8.7455633,57.816426
0b_baseline_best,file,13,baseline,10180,173.Orange_crowned_Warbler/Orange_Crowned_Warbler_0030_168376.jpg,173,172,173.Orange_crowned_Warbler,179,178,random_erasing,random_erasing,0,"{""area_fraction"":0.077146,""erased"":true,""height"":0.401826,""left"":0.210919,""top"":0.537337,""width"":0.191988}",0.14657454,0.26657188,0.11999734,0.86366135,0.76600093,0.039111808,0.11204001,0.82454954,0.65396092,-0.17058862,0.90521073,2.2378021,21.63763,48.420735,False,0.95861793,True,True,True,0.90521073,2.2378021,21.63763,48.420735,0.90468539,2.2481768,21.301522,47.889588,0.93884549,1.8826834,3.7989759,7.152269,0.94258101,2.3752405,4.3959851,10.441522,0.96130868,2.3167024,12.789733,29.630005,0.91113513,2.2866305,11.096349,25.37325,0.83903397,2.2704541,8.4403227,19.163365,0.81885257,1.965294,8.7455633,17.187603
0b_baseline_best,file,13,baseline,6068,104.American_Pipit/American_Pipit_0095_99959.jpg,104,103,104.American_Pipit,127,126,identity,identity,0,{},1.5840398,1.5840398,0,0.20514467,0.20514467,0.3015554,0.3015554,-0.096410722,-0.096410722,0,1,1,132.29304,132.29304,False,1,True,False,False,1,1,132.29304,132.29304,1,1,129.59891,129.59891,1,1,26.562577,26.562577,1,1,27.189831,27.189831,1,1,62.722088,62.722088,1,1,72.307693,72.307693,1,1,58.3136,58.3136,1,1,59.107127,59.107127
0b_baseline_best,file,13,baseline,6068,104.American_Pipit/American_Pipit_0095_99959.jpg,104,103,104.American_Pipit,127,126,horizontal_flip,horizontal_flip,0,"{""flipped"":true}",1.5840398,1.2892388,-0.294801,0.20514467,0.27548039,0.3015554,0.16040727,-0.096410722,0.11507311,0.21148384,0.71252623,0.98458592,132.29304,130.25387,False,0.97273988,False,False,True,0.71252623,0.98458592,132.29304,130.25387,0.70407967,0.99007292,129.59891,128.31237,0.95738051,0.84349676,26.562577,22.405448,0.64180578,1.1522593,27.189831,31.329736,0.66195309,1.0035466,62.722088,62.944537,0.76617,1.0723082,72.307693,77.536135,0.65851042,0.92322049,58.3136,53.836311,0.72364589,0.86438091,59.107127,51.091072
0b_baseline_best,file,13,baseline,6068,104.American_Pipit/American_Pipit_0095_99959.jpg,104,103,104.American_Pipit,127,126,color_jitter,color_jitter,0,"{""brightness"":0.754476,""contrast"":1.227499,""hue"":-0.086938,""saturation"":0.957592}",1.5840398,4.4537745,2.8697346,0.20514467,0.011634571,0.3015554,0.038513377,-0.096410722,-0.026878807,0.069531915,0.5429524,1.2191032,132.29304,161.27887,False,0.84254545,False,False,False,0.5429524,1.2191032,132.29304,161.27887,0.53650848,1.2289441,129.59891,159.26982,0.75702229,0.95537208,26.562577,25.377144,0.49567801,1.3363192,27.189831,36.334294,0.40026166,1.2332112,62.722088,77.349584,0.6441913,1.2773536,72.307693,92.362493,0.54205275,1.1997791,58.3136,69.963442,0.52886573,1.1521965,59.107127,68.103027
0b_baseline_best,file,13,baseline,6068,104.American_Pipit/American_Pipit_0095_99959.jpg,104,103,104.American_Pipit,127,126,rotation,rotation,0,"{""angle"":0.992698}",1.5840398,2.0166636,0.43262374,0.20514467,0.1330988,0.3015554,0.34315416,-0.096410722,-0.21005537,-0.11364464,0.90808532,1.2646915,132.29304,167.30989,False,0.98913813,True,False,False,0.90808532,1.2646915,132.29304,167.30989,0.90571386,1.2717203,129.59891,164.81356,0.98551531,1.0840025,26.562577,28.793899,0.90326189,1.3426654,27.189831,36.506847,0.88758213,1.3649196,62.722088,85.610609,0.91684906,1.279164,72.307693,92.4934,0.90424531,1.2285359,58.3136,71.640354,0.92015457,1.1738778,59.107127,69.384544
0b_baseline_best,file,13,baseline,6068,104.American_Pipit/American_Pipit_0095_99959.jpg,104,103,104.American_Pipit,127,126,random_resized_crop,random_resized_crop,0,"{""area_fraction"":0.888941,""aspect"":1.010009,""fallback"":false,""height"":0.938153,""left"":0.018383,""top"":0.011587,""width"":0.947543}",1.5840398,3.176538,1.5924982,0.20514467,0.041729867,0.3015554,0.55999476,-0.096410722,-0.51826489,-0.42185417,0.85135839,1.6415612,132.29304,217.16712,False,0.98323715,True,False,False,0.85135839,1.6415612,132.29304,217.16712,0.84786466,1.6522131,129.59891,214.12502,0.96732551,1.3636477,26.562577,36.221998,0.8596717,2.0433507,27.189831,55.55836,0.8372047,1.8684432,62.722088,117.19266,0.84622743,1.5980599,72.307693,115.55202,0.85380933,1.544686,58.3136,90.076204,0.87948933,1.4712893,59.107127,86.96368
0b_baseline_best,file,13,baseline,6068,104.American_Pipit/American_Pipit_0095_99959.jpg,104,103,104.American_Pipit,127,126,gaussian_blur,gaussian_blur,0,"{""sigma"":1.132478}",1.5840398,2.3363011,0.75226128,0.20514467,0.096684605,0.3015554,0.11860894,-0.096410722,-0.021924332,0.07448639,0.74115836,1.3457978,132.29304,178.03968,False,0.95211011,False,False,False,0.74115836,1.3457978,132.29304,178.03968,0.73642215,1.3523028,129.59891,175.25697,0.87693558,1.180412,26.562577,31.354785,0.71667547,1.4654955,27.189831,39.846577,0.76411249,1.5177188,62.722088,95.194493,0.77099176,1.4179869,72.307693,102.53136,0.66672568,1.2023146,58.3136,70.111296,0.73188021,1.1520683,59.107127,68.095447
0b_baseline_best,file,13,baseline,6068,104.American_Pipit/American_Pipit_0095_99959.jpg,104,103,104.American_Pipit,127,126,random_erasing,random_erasing,0,"{""area_fraction"":0.105356,""erased"":true,""height"":0.203799,""left"":0.452235,""top"":0.148785,""width"":0.516962}",1.5840398,1.7653123,0.18127251,0.20514467,0.17113332,0.3015554,0.26461482,-0.096410722,-0.093481496,0.0029292256,0.95291263,1.0212603,132.29304,135.10563,False,0.99219704,True,False,False,0.95291263,1.0212603,132.29304,135.10563,0.95143454,1.0229176,129.59891,132.56901,0.99040488,0.98098278,26.562577,26.057431,0.9701796,1.0869715,27.189831,29.554571,0.95667337,1.052263,62.722088,66.00013,0.96324772,1.0255693,72.307693,74.156551,0.9426157,0.98154409,58.3136,57.23737,0.93311053,1.0108309,59.107127,59.747308
0b_baseline_best,file,13,baseline,3310,058.Pigeon_Guillemot/Pigeon_Guillemot_0018_40195.jpg,58,57,058.Pigeon_Guillemot,25,24,identity,identity,0,{},0.004855271,0.004855271,0,0.99515653,0.99515653,0.00072762527,0.00072762527,0.9944289,0.9944289,0,1,1,0.71105324,0.71105324,False,0.99999988,True,True,True,1,1,0.71105324,0.71105324,1,1,0.68875912,0.68875912,1,1,0.1766567,0.1766567,1,1,0.16329717,0.16329717,1,1,0.25357404,0.25357404,1,1,0.33455773,0.33455773,1,1,0.34117375,0.34117375,1,1,0.39382098,0.39382098
0b_baseline_best,file,13,baseline,3310,058.Pigeon_Guillemot/Pigeon_Guillemot_0018_40195.jpg,58,57,058.Pigeon_Guillemot,25,24,horizontal_flip,horizontal_flip,0,"{""flipped"":true}",0.004855271,0.014994648,0.010139377,0.99515653,0.9851172,0.00072762527,0.0014146846,0.9944289,0.98370251,-0.010726389,0.68961971,3.0792076,0.71105324,2.1894805,False,0.97579575,True,True,True,0.68961971,3.0792076,0.71105324,2.1894805,0.67306318,3.096084,0.68875912,2.1324561,0.96995438,2.8102153,0.1766567,0.49644337,0.43226721,2.3847518,0.16329717,0.38942321,0.62232778,2.9292912,0.25357404,0.74279221,0.68207415,3.130708,0.33455773,1.0474026,0.65072682,3.253946,0.34117375,1.110161,0.73945357,3.1248654,0.39382098,1.2306375
0b_baseline_best,file,13,baseline,3310,058.Pigeon_Guillemot/Pigeon_Guillemot_0018_40195.jpg,58,57,058.Pigeon_Guillemot,25,24,color_jitter,color_jitter,0,"{""brightness"":1.012663,""contrast"":1.035331,""hue"":-0.018648,""saturation"":0.746452}",0.004855271,0.0040940763,-0.00076119462,0.99515653,0.99591428,0.00072762527,0.00056897372,0.9944289,0.99534531,0.00091640541,0.93498371,0.89111633,0.71105324,0.63363115,False,0.99626589,True,True,True,0.93498371,0.89111633,0.71105324,0.63363115,0.93135307,0.891336,0.68875912,0.6139158,0.99040209,0.88777036,0.1766567,0.15683058,0.85618171,0.78273151,0.16329717,0.12781784,0.90576239,0.91579756,0.25357404,0.23222249,0.93352285,0.91693589,0.33455773,0.30676799,0.93252586,0.89431758,0.34117375,0.30511768,0.95317547,0.87750158,0.39382098,0.34557853
0b_baseline_best,file,13,baseline,3310,058.Pigeon_Guillemot/Pigeon_Guillemot_0018_40195.jpg,58,57,058.Pigeon_Guillemot,25,24,rotation,rotation,0,"{""angle"":-12.288902}",0.004855271,0.012784309,0.0079290378,0.99515653,0.98729706,0.00072762527,0.0012841168,0.9944289,0.98601294,-0.00841596,0.71040413,2.5191753,0.71105324,1.7912678,False,0.96052039,True,True,True,0.71040413,2.5191753,0.71105324,1.7912678,0.69583824,2.5309866,0.68875912,1.7432401,0.95292615,2.3322773,0.1766567,0.41201241,0.7890282,2.3078023,0.16329717,0.37685757,0.69290386,2.615234,0.25357404,0.66315545,0.69366631,2.5414964,0.33455773,0.85027726,0.62827411,2.5201189,0.34117375,0.85979843,0.73515683,2.5326963,0.39382098,0.99742894
0b_baseline_best,file,13,baseline,3310,058.Pigeon_Guillemot/Pigeon_Guillemot_0018_40195.jpg,58,57,058.Pigeon_Guillemot,25,24,random_resized_crop,random_resized_crop,0,"{""area_fraction"":0.54379,""aspect"":1.060751,""fallback"":false,""height"":0.715993,""left"":0.034924,""top"":0.00723,""width"":0.759491}",0.004855271,0.52884632,0.52399105,0.99515653,0.58928442,0.00072762527,0.055262629,0.9944289,0.53402179,-0.46040711,0.54799542,89.543085,0.71105324,63.669901,False,0.87390316,True,True,True,0.54799542,89.543085,0.71105324,63.669901,0.53137535,90.096536,0.68875912,62.05481,0.83334972,80.663798,0.1766567,14.249801,0.61898605,117.00359,0.16329717,19.106354,0.47321597,104.35838,0.25357404,26.462576,0.61325393,100.31433,0.33455773,33.560935,0.48976207,84.084355,0.34117375,28.687375,0.52034029,73.426066,0.39382098,28.916725
0b_baseline_best,file,13,baseline,3310,058.Pigeon_Guillemot/Pigeon_Guillemot_0018_40195.jpg,58,57,058.Pigeon_Guillemot,25,24,gaussian_blur,gaussian_blur,0,"{""sigma"":1.429708}",0.004855271,0.070623502,0.065768231,0.99515653,0.93181264,0.00072762527,0.0094293049,0.9944289,0.92238334,-0.072045562,0.55341849,14.713011,0.71105324,10.461734,False,0.92891026,True,True,True,0.55341849,14.713011,0.71105324,10.461734,0.53450757,14.840881,0.68875912,10.221792,0.89868869,12.61059,0.1766567,2.2277452,0.41045689,16.062211,0.16329717,2.6229135,0.36087256,16.440864,0.25357404,4.1689762,0.49243556,16.523143,0.33455773,5.5279452,0.55563459,14.532343,0.34117375,4.9580539,0.68707925,12.717567,0.39382098,5.0084449
0b_baseline_best,file,13,baseline,3310,058.Pigeon_Guillemot/Pigeon_Guillemot_0018_40195.jpg,58,57,058.Pigeon_Guillemot,25,24,random_erasing,random_erasing,0,"{""area_fraction"":0.075978,""erased"":true,""height"":0.249271,""left"":0.172409,""top"":0.728137,""width"":0.304799}",0.004855271,0.0042406875,-0.00061458349,0.99515653,0.99576831,0.00072762527,0.0008851809,0.9944289,0.99488313,0.00045422645,0.95813942,0.88057545,0.71105324,0.62613603,False,0.99222255,True,True,True,0.95813942,0.88057545,0.71105324,0.62613603,0.95621755,0.87945211,0.68875912,0.60573066,0.98695195,0.89747841,0.1766567,0.15854558,0.97846105,0.83508769,0.16329717,0.13636745,0.96202202,0.89762794,0.25357404,0.22761514,0.95052829,0.90025628,0.33455773,0.30118769,0.94952822,0.86621036,0.34117375,0.29552824,0.95988784,0.87392846,0.39382098,0.34417136
0b_baseline_best,file,13,baseline,10086,172.Nashville_Warbler/Nashville_Warbler_0121_167078.jpg,172,171,172.Nashville_Warbler,173,172,identity,identity,0,{},0.09700641,0.09700641,0,0.90755022,0.90755022,0.019069994,0.019069994,0.88848022,0.88848022,0,1,1,9.8793381,9.8793381,False,1.0000001,True,True,True,1,1,9.8793381,9.8793381,1,1,9.6638227,9.6638227,1,1,2.0522798,2.0522798,1,1,1.4076114,1.4076114,1,1,3.348495,3.348495,1,1,4.4955178,4.4955178,1,1,4.9439993,4.9439993,1,1,5.9617843,5.9617843
0b_baseline_best,file,13,baseline,10086,172.Nashville_Warbler/Nashville_Warbler_0121_167078.jpg,172,171,172.Nashville_Warbler,173,172,horizontal_flip,horizontal_flip,0,"{""flipped"":true}",0.09700641,0.034705419,-0.062300991,0.90755022,0.96588993,0.019069994,0.0069253584,0.88848022,0.95896457,0.07048435,0.58866043,0.37130713,9.8793381,3.6682687,False,0.96851397,True,True,True,0.58866043,0.37130713,9.8793381,3.6682687,0.57009571,0.36964278,9.6638227,3.5721623,0.96553707,0.40646362,2.0522798,0.83417707,0.28759362,0.44547687,1.4076114,0.62705833,0.37250079,0.37679266,3.348495,1.2616883,0.47547467,0.36078147,4.4955178,1.6218995,0.54392711,0.36831668,4.9439993,1.8209574,0.72429684,0.36859137,5.9617843,2.1974622
0b_baseline_best,file,13,baseline,10086,172.Nashville_Warbler/Nashville_Warbler_0121_167078.jpg,172,171,172.Nashville_Warbler,173,172,color_jitter,color_jitter,0,"{""brightness"":0.839622,""contrast"":0.935103,""hue"":-0.019358,""saturation"":1.23317}",0.09700641,0.12304237,0.026035957,0.90755022,0.8842262,0.019069994,0.020336824,0.88848022,0.86388938,-0.024590842,0.8728495,1.2423603,9.8793381,12.273697,False,0.98821002,True,True,True,0.8728495,1.2423603,9.8793381,12.273697,0.867586,1.2405351,9.6638227,11.988311,0.98622222,1.2821635,2.0522798,2.6313583,0.7479043,1.6194385,1.4076114,2.27954,0.81036754,1.4371064,3.348495,4.8121435,0.83496097,1.249956,4.4955178,5.6191993,0.87026253,1.1627672,4.9439993,5.7487202,0.92370578,1.1948502,5.9617843,7.123439
0b_baseline_best,file,13,baseline,10086,172.Nashville_Warbler/Nashville_Warbler_0121_167078.jpg,172,171,172.Nashville_Warbler,173,172,rotation,rotation,0,"{""angle"":11.170346}",0.09700641,0.050248291,-0.046758119,0.90755022,0.9509933,0.019069994,0.008362418,0.88848022,0.94263088,0.05415066,0.68331732,0.60991846,9.8793381,6.0255907,False,0.96604496,True,True,True,0.68331732,0.60991846,9.8793381,6.0255907,0.67180544,0.61073705,9.6638227,5.9020545,0.94721824,0.59147692,2.0522798,1.2138761,0.6203507,0.80792251,1.4076114,1.1372409,0.70063017,0.71896626,3.348495,2.4074549,0.60127127,0.6408966,4.4955178,2.8811621,0.64553258,0.61873796,4.9439993,3.05904,0.74603873,0.5327078,5.9617843,3.175889
0b_baseline_best,file,13,baseline,10086,172.Nashville_Warbler/Nashville_Warbler_0121_167078.jpg,172,171,172.Nashville_Warbler,173,172,random_resized_crop,random_resized_crop,0,"{""area_fraction"":0.739751,""aspect"":0.807099,""fallback"":false,""height"":0.957369,""left"":0.090181,""top"":0.03229,""width"":0.772692}",0.09700641,0.052912835,-0.044093575,0.90755022,0.94846267,0.019069994,0.0080161048,0.88848022,0.94044656,0.051966338,0.7437092,0.59112948,9.8793381,5.839968,False,0.98111427,True,True,True,0.7437092,0.59112948,9.8793381,5.839968,0.7331327,0.59114099,9.6638227,5.7126817,0.97832802,0.59087421,2.0522798,1.2126392,0.61408756,0.69113483,1.4076114,0.97284927,0.66012363,0.66704305,3.348495,2.2335903,0.64836755,0.57541936,4.4955178,2.586808,0.70804934,0.58751084,4.9439993,2.9046531,0.83767096,0.57056506,5.9617843,3.4015858
0b_baseline_best,file,13,baseline,10086,172.Nashville_Warbler/Nashville_Warbler_0121_167078.jpg,172,171,172.Nashville_Warbler,173,172,gaussian_blur,gaussian_blur,0,"{""sigma"":1.026755}",0.09700641,0.16839813,0.071391717,0.90755022,0.84501731,0.019069994,0.011055674,0.88848022,0.83396164,-0.054518582,0.59425317,2.2968527,9.8793381,22.691384,False,0.94001603,True,True,True,0.59425317,2.2968527,9.8793381,22.691384,0.58520325,2.3234946,9.6638227,22.45384,0.9275817,1.5956646,2.0522798,3.2747503,0.38961407,4.9305412,1.4076114,6.940286,0.47287271,2.9907434,3.348495,10.014489,0.492526,2.5344151,4.4955178,11.393508,0.6267352,2.164937,4.9439993,10.703447,0.77776306,1.769915,5.9617843,10.551851
0b_baseline_best,file,13,baseline,10086,172.Nashville_Warbler/Nashville_Warbler_0121_167078.jpg,172,171,172.Nashville_Warbler,173,172,random_erasing,random_erasing,0,"{""area_fraction"":0.126084,""erased"":true,""height"":0.21137,""left"":0.203258,""top"":0.400192,""width"":0.596506}",0.09700641,3.109762,3.0127555,0.90755022,0.044611577,0.019069994,0.075755693,0.88848022,-0.031144116,-0.91962434,0.52426191,12.291033,9.8793381,121.42727,False,0.8455984,False,True,False,0.52426191,12.291033,9.8793381,121.42727,0.51302944,12.34848,9.6638227,119.33352,0.80908488,10.940028,2.0522798,22.451998,0.46710495,14.01462,1.4076114,19.727138,0.58145132,16.648731,3.348495,55.748193,0.53452177,13.740129,4.4955178,61.768996,0.47236741,11.904093,4.9439993,58.853828,0.52507553,9.8725791,5.9617843,58.858187
0b_baseline_best,file,13,baseline,4027,070.Green_Violetear/Green_Violetear_0013_795684.jpg,70,69,070.Green_Violetear,68,67,identity,identity,0,{},4.1475973,4.1475973,0,0.015802344,0.015802344,0.39946011,0.39946011,-0.38365776,-0.38365776,0,1,1,97.528925,97.528925,False,1,True,False,False,1,1,97.528925,97.528925,1,1,93.750938,93.750938,1,1,26.882202,26.882202,1,1,14.576583,14.576583,1,1,34.232966,34.232966,1,1,44.132811,44.132811,1,1,46.771602,46.771602,1,1,57.180223,57.180223
0b_baseline_best,file,13,baseline,4027,070.Green_Violetear/Green_Violetear_0013_795684.jpg,70,69,070.Green_Violetear,68,67,horizontal_flip,horizontal_flip,0,"{""flipped"":true}",4.1475973,4.4168167,0.2692194,0.015802344,0.012072599,0.39946011,0.63434976,-0.38365776,-0.62227716,-0.2386194,0.63524009,1.1521484,97.528925,112.3678,False,0.96593708,True,False,False,0.63524009,1.1521484,97.528925,112.3678,0.60714825,1.142334,93.750938,107.09488,0.94671951,1.265438,26.882202,34.01776,0.52595986,1.280184,14.576583,18.660708,0.49232776,1.2429439,34.232966,42.549655,0.61161191,1.1116642,44.132811,49.060864,0.55979878,1.0674628,46.771602,49.926946,0.68575689,1.1615027,57.180223,66.414984
0b_baseline_best,file,13,baseline,4027,070.Green_Violetear/Green_Violetear_0013_795684.jpg,70,69,070.Green_Violetear,68,67,color_jitter,color_jitter,0,"{""brightness"":0.834789,""contrast"":0.666478,""hue"":-0.009944,""saturation"":1.093518}",4.1475973,3.5617018,-0.58589554,0.015802344,0.028390469,0.39946011,0.11663914,-0.38365776,-0.088248676,0.29540909,0.73310992,1.0788532,97.528925,105.21939,False,0.95878839,False,False,False,0.73310992,1.0788532,97.528925,105.21939,0.72142224,1.0931666,93.750938,102.48539,0.92355138,0.88645692,26.882202,23.829914,0.51914209,1.5578523,14.576583,22.708163,0.67202264,1.342273,34.232966,45.949984,0.66920144,1.140588,44.132811,50.337354,0.74116367,1.0293336,46.771602,48.143583,0.80993991,0.96179795,57.180223,54.995822
0b_baseline_best,file,13,baseline,4027,070.Green_Violetear/Green_Violetear_0013_795684.jpg,70,69,070.Green_Violetear,68,67,rotation,rotation,0,"{""angle"":-4.556764}",4.1475973,5.2340879,1.0864906,0.015802344,0.0053316839,0.39946011,0.5903182,-0.38365776,-0.58498652,-0.20132876,0.7794433,1.1306897,97.528925,110.27495,False,0.97248155,True,False,False,0.7794433,1.1306897,97.528925,110.27495,0.76491904,1.1315333,93.750938,106.08231,0.95788814,1.120379,26.882202,30.118255,0.73675619,1.10065,14.576583,16.043716,0.75290588,1.0994348,34.232966,37.636914,0.73837575,1.1852412,44.132811,52.308025,0.73881079,1.1154881,46.771602,52.173164,0.80570017,1.1227262,57.180223,64.197735
0b_baseline_best,file,13,baseline,4027,070.Green_Violetear/Green_Violetear_0013_795684.jpg,70,69,070.Green_Violetear,68,67,random_resized_crop,random_resized_crop,0,"{""area_fraction"":0.625612,""aspect"":0.861481,""fallback"":false,""height"":0.852177,""left"":0.014404,""top"":0.014937,""width"":0.734134}",4.1475973,5.8140965,1.6664991,0.015802344,0.0029851771,0.39946011,0.16356003,-0.38365776,-0.16057486,0.22308291,0.48417789,1.1736189,97.528925,114.46179,False,0.90575469,True,False,False,0.48417789,1.1736189,97.528925,114.46179,0.46276313,1.1953065,93.750938,112.0611,0.86670888,0.86747911,26.882202,23.319749,0.55436438,1.8521238,14.576583,26.997636,0.36405708,1.4851328,34.232966,50.8405,0.43823989,1.2727459,44.132811,56.169853,0.44101367,1.1294471,46.771602,52.82605,0.55845056,1.0044007,57.180223,57.431859
0b_baseline_best,file,13,baseline,4027,070.Green_Violetear/Green_Violetear_0013_795684.jpg,70,69,070.Green_Violetear,68,67,gaussian_blur,gaussian_blur,0,"{""sigma"":1.307667}",4.1475973,5.6341987,1.4866014,0.015802344,0.0035735394,0.39946011,0.36309916,-0.38365776,-0.35952562,0.024132144,0.65800883,1.2256612,97.528925,119.53742,False,0.9292627,True,False,False,0.65800883,1.2256612,97.528925,119.53742,0.64295927,1.245036,93.750938,116.72329,0.91674668,0.95918547,26.882202,25.785018,0.56946744,1.6794615,14.576583,24.48081,0.54991467,1.2932762,34.232966,44.272679,0.63621764,1.3536386,44.132811,59.739875,0.62630331,1.2829472,46.771602,60.005497,0.71846341,1.091521,57.180223,62.413413
0b_baseline_best,file,13,baseline,4027,070.Green_Violetear/Green_Violetear_0013_795684.jpg,70,69,070.Green_Violetear,68,67,random_erasing,random_erasing,0,"{""area_fraction"":0.178615,""erased"":true,""height"":0.524151,""left"":0.056464,""top"":0.058857,""width"":0.340771}",4.1475973,2.7729545,-1.3746428,0.015802344,0.062477142,0.39946011,0.16266762,-0.38365776,-0.10019048,0.28346729,0.67577273,1.0317273,97.528925,100.62325,False,0.93144226,False,False,False,0.67577273,1.0317273,97.528925,100.62325,0.65889414,1.0362466,93.750938,97.149088,0.89509492,0.97508645,26.882202,26.212471,0.577409,1.2602034,14.576583,18.36946,0.58098524,1.1885011,34.232966,40.685919,0.65070683,1.1076255,44.132811,48.882628,0.68800533,1.0261242,46.771602,47.993474,0.69641588,0.91748803,57.180223,52.462171
0b_baseline_best,file,13,baseline,4929,085.Horned_Lark/Horned_Lark_0028_74408.jpg,85,84,085.Horned_Lark,118,117,identity,identity,0,{},0.0080949562,0.0080949562,0,0.9919377,0.9919377,0.0012487784,0.0012487784,0.99068892,0.99068892,0,1,1,1.5273938,1.5273938,False,1.0000001,True,True,True,1,1,1.5273938,1.5273938,1,1,1.507463,1.507463,1,1,0.24594122,0.24594122,1,1,0.22399287,0.22399287,1,1,0.64950985,0.64950985,1,1,0.91417141,0.91417141,1,1,0.74162739,0.74162739,1,1,0.643963,0.643963
0b_baseline_best,file,13,baseline,4929,085.Horned_Lark/Horned_Lark_0028_74408.jpg,85,84,085.Horned_Lark,118,117,horizontal_flip,horizontal_flip,0,"{""flipped"":true}",0.0080949562,0.063406266,0.05531131,0.9919377,0.9385621,0.0012487784,0.0033032689,0.99068892,0.93525883,-0.055430092,0.64482918,7.5313284,1.5273938,11.503304,False,0.95414376,True,True,True,0.64482918,7.5313284,1.5273938,11.503304,0.63762161,7.5444706,1.507463,11.37301,0.93748581,7.0197826,0.24594122,1.7264539,0.53258341,7.5646901,0.22399287,1.6944366,0.53260546,7.6251011,0.64950985,4.9525782,0.66842054,7.3749141,0.91417141,6.7419356,0.61369736,7.5688284,0.74162739,5.6132504,0.72753888,7.7619275,0.643963,4.9983941
0b_baseline_best,file,13,baseline,4929,085.Horned_Lark/Horned_Lark_0028_74408.jpg,85,84,085.Horned_Lark,118,117,color_jitter,color_jitter,0,"{""brightness"":1.214812,""contrast"":1.016537,""hue"":0.05374,""saturation"":1.078713}",0.0080949562,0.012116521,0.0040215645,0.9919377,0.98795658,0.0012487784,0.0013524423,0.99068892,0.98660414,-0.0040847773,0.85432134,1.4966749,1.5273938,2.286012,False,0.97170293,True,True,True,0.85432134,1.4966749,1.5273938,2.286012,0.85132178,1.4966343,1.507463,2.2561209,0.9668951,1.4981986,0.24594122,0.36846881,0.76208818,1.8903511,0.22399287,0.42342517,0.81041656,1.4934415,0.64950985,0.97000499,0.86334733,1.4457283,0.91417141,1.3216435,0.86138462,1.5210414,0.74162739,1.1280459,0.87400969,1.5140852,0.643963,0.97501488
0b_baseline_best,file,13,baseline,4929,085.Horned_Lark/Horned_Lark_0028_74408.jpg,85,84,085.Horned_Lark,118,117,rotation,rotation,0,"{""angle"":6.97826}",0.0080949562,0.033145972,0.025051015,0.9919377,0.96739733,0.0012487784,0.0046779136,0.99068892,0.96271942,-0.0279695,0.77170925,3.8996954,1.5273938,5.9563706,False,0.96334487,True,True,True,0.77170925,3.8996954,1.5273938,5.9563706,0.76675239,3.9003308,1.507463,5.8796044,0.95913,3.8757505,0.24594122,0.95320683,0.74778064,3.8833689,0.22399287,0.86984695,0.72761222,3.8738543,0.64950985,2.5161065,0.78511651,3.9184856,0.91417141,3.5821675,0.74308098,3.8745152,0.74162739,2.8734466,0.80242712,3.9265878,0.643963,2.5285773
0b_baseline_best,file,13,baseline,4929,085.Horned_Lark/Horned_Lark_0028_74408.jpg,85,84,085.Horned_Lark,118,117,random_resized_crop,random_resized_crop,0,"{""area_fraction"":0.647139,""aspect"":0.80586,""fallback"":false,""height"":0.896126,""left"":0.175046,""top"":0.011641,""width"":0.722152}",0.0080949562,0.023386832,0.015291876,0.9919377,0.97688454,0.0012487784,0.0043045045,0.99068892,0.97258004,-0.018108879,0.71705777,2.7917208,1.5273938,4.264057,False,0.96479452,True,True,True,0.71705777,2.7917208,1.5273938,4.264057,0.71063429,2.7928705,1.507463,4.210149,0.96239785,2.7481767,0.24594122,0.67588994,0.57454317,2.561294,0.22399287,0.57371159,0.59706238,2.6024768,0.64950985,1.6903343,0.72488964,2.7520163,0.91417141,2.5158146,0.72288305,2.8486714,0.74162739,2.1126528,0.78707192,3.0056854,0.643963,1.9355502
0b_baseline_best,file,13,baseline,4929,085.Horned_Lark/Horned_Lark_0028_74408.jpg,85,84,085.Horned_Lark,118,117,gaussian_blur,gaussian_blur,0,"{""sigma"":1.662825}",0.0080949562,0.51397824,0.50588329,0.9919377,0.59811139,0.0012487784,0.012068507,0.99068892,0.58604288,-0.40464603,0.53503545,62.134089,1.5273938,94.903222,False,0.87046534,True,True,True,0.53503545,62.134089,1.5273938,94.903222,0.52962628,62.486791,1.507463,94.196526,0.82659266,47.003532,0.24594122,11.560106,0.24395009,97.755816,0.22399287,21.896606,0.35522921,79.638235,0.64950985,51.725818,0.60727686,58.096525,0.91417141,53.110182,0.6049573,56.80446,0.74162739,42.127744,0.63450472,52.028013,0.643963,33.504116
0b_baseline_best,file,13,baseline,4929,085.Horned_Lark/Horned_Lark_0028_74408.jpg,85,84,085.Horned_Lark,118,117,random_erasing,random_erasing,0,"{""area_fraction"":0.172904,""erased"":true,""height"":0.557471,""left"":0.561291,""top"":0.030361,""width"":0.310157}",0.0080949562,0.0075121773,-0.00058277883,0.9919377,0.99251598,0.0012487784,0.00067785732,0.99068892,0.99183812,0.0011492054,0.63829454,0.72994821,1.5273938,1.1149184,False,0.93154132,True,True,True,0.63829454,0.72994821,1.5273938,1.1149184,0.62951673,0.72279293,1.507463,1.0895836,0.91149608,0.96090933,0.24594122,0.23632722,0.47160269,0.60296722,0.22399287,0.13506036,0.60959783,0.55853419,0.64950985,0.36277346,0.63557313,0.65042686,0.91417141,0.59460164,0.6146119,0.81012543,0.74162739,0.60081121,0.70172007,0.88230795,0.643963,0.56817368
0b_baseline_best,file,13,baseline,5875,101.White_Pelican/White_Pelican_0009_97340.jpg,101,100,101.White_Pelican,145,144,identity,identity,0,{},0.1284889,0.1284889,0,0.87942332,0.87942332,0.045206644,0.045206644,0.83421668,0.83421668,0,1,1,15.537971,15.537971,False,1,True,True,True,1,1,15.537971,15.537971,1,1,15.191302,15.191302,1,1,3.2638782,3.2638782,1,1,3.2324993,3.2324993,1,1,6.0911924,6.0911924,1,1,7.6266176,7.6266176,1,1,7.2867572,7.2867572,1,1,8.483033,8.483033
0b_baseline_best,file,13,baseline,5875,101.White_Pelican/White_Pelican_0009_97340.jpg,101,100,101.White_Pelican,145,144,horizontal_flip,horizontal_flip,0,"{""flipped"":true}",0.1284889,0.32840738,0.19991848,0.87942332,0.72006965,0.045206644,0.083154857,0.83421668,0.63691479,-0.19730189,0.69075124,2.4550262,15.537971,38.146127,False,0.97116023,True,True,True,0.69075124,2.4550262,15.537971,38.146127,0.67948697,2.4653484,15.191302,37.451851,0.9654376,2.2196641,3.2638782,7.2447134,0.79206917,2.6665339,3.2324993,8.6195691,0.65302814,2.5881714,6.0911924,15.76505,0.6334351,2.5926734,7.6266176,19.773329,0.62093086,2.4511983,7.2867572,17.861287,0.76915343,2.2668913,8.483033,19.230114
0b_baseline_best,file,13,baseline,5875,101.White_Pelican/White_Pelican_0009_97340.jpg,101,100,101.White_Pelican,145,144,color_jitter,color_jitter,0,"{""brightness"":1.18069,""contrast"":1.02802,""hue"":0.026122,""saturation"":0.838449}",0.1284889,0.13995823,0.011469334,0.87942332,0.86939454,0.045206644,0.064412951,0.83421668,0.80498159,-0.029235087,0.86983685,1.1937741,15.537971,18.548828,False,0.98550761,True,True,True,0.86983685,1.1937741,15.537971,18.548828,0.86503212,1.1958129,15.191302,18.165955,0.97886203,1.1487199,3.2638782,3.7492818,0.86452602,1.5766332,3.2324993,5.0964659,0.77346073,1.289084,6.0911924,7.8520587,0.87199132,1.0996154,7.6266176,8.3863461,0.86833608,1.2135049,7.2867572,8.8425159,0.92186897,1.1420132,8.483033,9.687736
0b_baseline_best,file,13,baseline,5875,101.White_Pelican/White_Pelican_0009_97340.jpg,101,100,101.White_Pelican,145,144,rotation,rotation,0,"{""angle"":-11.917265}",0.1284889,0.12237079,-0.0061181039,0.87942332,0.88482022,0.045206644,0.041693166,0.83421668,0.84312706,0.0089103803,0.7209402,0.8995684,15.537971,13.977468,False,0.95624804,True,True,True,0.7209402,0.8995684,15.537971,13.977468,0.71057429,0.90103009,15.191302,13.68782,0.9547348,0.8672991,3.2638782,2.8307586,0.65740085,0.71882961,3.2324993,2.3236162,0.59463791,0.89145295,6.0911924,5.4300114,0.72528247,0.85964336,7.6266176,6.5561712,0.69333457,0.90359751,7.2867572,6.5842956,0.77721718,0.95866615,8.483033,8.1323966
0b_baseline_best,file,13,baseline,5875,101.White_Pelican/White_Pelican_0009_97340.jpg,101,100,101.White_Pelican,145,144,random_resized_crop,random_resized_crop,0,"{""area_fraction"":0.616393,""aspect"":1.080355,""fallback"":false,""height"":0.755345,""left"":0.0613,""top"":0.23763,""width"":0.816041}",0.1284889,0.069504291,-0.058984607,0.87942332,0.93285614,0.045206644,0.010652311,0.83421668,0.92220383,0.087987155,0.68183146,0.58421479,15.537971,9.0775126,False,0.94774318,True,True,True,0.68183146,0.58421479,15.537971,9.0775126,0.67223948,0.58680942,15.191302,8.914399,0.91822457,0.52486767,3.2638782,1.7131041,0.66658913,0.60899823,3.2324993,1.9685863,0.64184036,0.63213469,6.0911924,3.850454,0.65731622,0.61181796,7.6266176,4.6661017,0.66045003,0.59697513,7.2867572,4.3500129,0.72134828,0.52810858,8.483033,4.4799626
0b_baseline_best,file,13,baseline,5875,101.White_Pelican/White_Pelican_0009_97340.jpg,101,100,101.White_Pelican,145,144,gaussian_blur,gaussian_blur,0,"{""sigma"":1.322799}",0.1284889,0.89817989,0.76969099,0.87942332,0.40731034,0.045206644,0.22845656,0.83421668,0.17885378,-0.6553629,0.5398682,5.5534349,15.537971,86.289113,False,0.88518906,True,True,True,0.5398682,5.5534349,15.537971,86.289113,0.52715763,5.5892556,15.191302,84.908069,0.87415688,4.7110543,3.2638782,15.376307,0.17788103,6.8406327,3.2324993,22.11234,0.41362427,6.6971653,6.0911924,40.793722,0.52101364,6.3626181,7.6266176,48.525255,0.5957711,5.122388,7.2867572,37.325598,0.68311352,4.2640125,8.483033,36.171759
0b_baseline_best,file,13,baseline,5875,101.White_Pelican/White_Pelican_0009_97340.jpg,101,100,101.White_Pelican,145,144,random_erasing,random_erasing,0,"{""area_fraction"":0.123722,""erased"":true,""height"":0.458857,""left"":0.23896,""top"":0.35547,""width"":0.269632}",0.1284889,1.4171346,1.2886457,0.87942332,0.24240761,0.045206644,0.1125304,0.83421668,0.1298772,-0.70433947,0.639334,6.2166754,15.537971,96.594525,False,0.88429981,True,True,True,0.639334,6.2166754,15.537971,96.594525,0.63068192,6.2497055,15.191302,94.941162,0.85991408,5.4522396,3.2638782,17.795446,0.75095984,6.1866496,3.2324993,19.99834,0.55083158,6.8531187,6.0911924,41.743664,0.64484035,6.4179041,7.6266176,48.946901,0.56990731,5.8704694,7.2867572,42.776685,0.69362509,6.063456,8.483033,51.436498
0b_baseline_best,file,13,baseline,6291,108.White_necked_Raven/White_Necked_Raven_0042_797356.jpg,108,107,108.White_necked_Raven,107,106,identity,identity,0,{},0.056450386,0.056450386,0,0.94511336,0.94511336,0.046757668,0.046757668,0.89835569,0.89835569,0,1,1,10.77039,10.77039,False,0.99999988,True,True,True,1,1,10.77039,10.77039,1,1,10.498081,10.498081,1,1,2.406573,2.406573,1,1,3.5960407,3.5960407,1,1,4.7788276,4.7788276,1,1,4.5560788,4.5560788,1,1,5.0954604,5.0954604,1,1,5.2649255,5.2649255
0b_baseline_best,file,13,baseline,6291,108.White_necked_Raven/White_Necked_Raven_0042_797356.jpg,108,107,108.White_necked_Raven,107,106,horizontal_flip,horizontal_flip,0,"{""flipped"":true}",0.056450386,0.55887574,0.50242535,0.94511336,0.57185161,0.046757668,0.37685686,0.89835569,0.19499475,-0.70336094,0.66399796,6.7642554,10.77039,72.853671,False,0.95565081,True,True,True,0.66399796,6.7642554,10.77039,72.853671,0.64750822,6.7341336,10.498081,70.695483,0.95505669,7.3138475,2.406573,17.601308,0.50327597,4.9182729,3.5960407,17.68631,0.58110554,5.6639805,4.7788276,27.067186,0.60212429,7.2867774,4.5560788,33.199132,0.66278166,7.3584431,5.0954604,37.494656,0.77804927,7.2185295,5.2649255,38.00502
0b_baseline_best,file,13,baseline,6291,108.White_necked_Raven/White_Necked_Raven_0042_797356.jpg,108,107,108.White_necked_Raven,107,106,color_jitter,color_jitter,0,"{""brightness"":0.974129,""contrast"":1.264171,""hue"":0.013059,""saturation"":0.748746}",0.056450386,0.18009129,0.12364091,0.94511336,0.83519399,0.046757668,0.10380444,0.89835569,0.73138955,-0.16696614,0.80992038,2.5927379,10.77039,27.924799,False,0.97655833,True,True,True,0.80992038,2.5927379,10.77039,27.924799,0.8026123,2.6010484,10.498081,27.306018,0.96063115,2.4291831,2.406573,5.8460066,0.74157502,1.4181424,3.5960407,5.0996979,0.72984646,2.3794529,4.7788276,11.370995,0.77008552,2.8435856,4.5560788,12.9556,0.8444687,2.8283982,5.0954604,14.411991,0.89880928,2.7834508,5.2649255,14.654661
0b_baseline_best,file,13,baseline,6291,108.White_necked_Raven/White_Necked_Raven_0042_797356.jpg,108,107,108.White_necked_Raven,107,106,rotation,rotation,0,"{""angle"":-7.691748}",0.056450386,0.020162743,-0.036287643,0.94511336,0.98003918,0.046757668,0.012998958,0.89835569,0.96704022,0.068684529,0.78857709,0.31858932,10.77039,3.4313314,False,0.9667815,True,True,True,0.78857709,0.31858932,10.77039,3.4313314,0.77956501,0.31824854,10.498081,3.3409991,0.95666972,0.32500611,2.406573,0.78215094,0.82615628,0.27599237,3.5960407,0.99247979,0.6915481,0.27688696,4.7788276,1.323195,0.76092881,0.32725871,4.5560788,1.4910165,0.7855252,0.33189398,5.0954604,1.6911526,0.83963399,0.34729181,5.2649255,1.8284655
0b_baseline_best,file,13,baseline,6291,108.White_necked_Raven/White_Necked_Raven_0042_797356.jpg,108,107,108.White_necked_Raven,107,106,random_resized_crop,random_resized_crop,0,"{""area_fraction"":0.577279,""aspect"":1.165035,""fallback"":false,""height"":0.70392,""left"":0.082175,""top"":0.151219,""width"":0.820092}",0.056450386,0.22258836,0.16613797,0.94511336,0.8004443,0.046757668,0.13444126,0.89835569,0.66600305,-0.23235264,0.63109114,3.6588747,10.77039,39.407509,False,0.92017013,True,True,True,0.63109114,3.6588747,10.77039,39.407509,0.61768505,3.6685721,10.498081,38.512969,0.90180075,3.4691784,2.406573,8.3488311,0.52981278,2.7700045,3.5960407,9.9610492,0.49254161,3.4317521,4.7788276,16.399751,0.55376992,3.8344675,4.5560788,17.470136,0.65717728,3.8373469,5.0954604,19.553049,0.75879163,3.9273511,5.2649255,20.677211
0b_baseline_best,file,13,baseline,6291,108.White_necked_Raven/White_Necked_Raven_0042_797356.jpg,108,107,108.White_necked_Raven,107,106,gaussian_blur,gaussian_blur,0,"{""sigma"":1.872182}",0.056450386,0.83394819,0.77749781,0.94511336,0.43433106,0.046757668,0.44107488,0.89835569,-0.0067438185,-0.90509951,0.54556143,9.7194103,10.77039,104.68184,False,0.88797569,False,True,False,0.54556143,9.7194103,10.77039,104.68184,0.52914883,9.7555507,10.498081,102.41457,0.88561921,9.0040837,2.406573,21.668985,0.54982053,6.6200644,3.5960407,23.806021,0.36942117,9.4654205,4.7788276,45.233612,0.39822852,11.161576,4.5560788,50.853021,0.58873911,10.401495,5.0954604,53.000405,0.72732787,9.4603949,5.2649255,49.808275
0b_baseline_best,file,13,baseline,6291,108.White_necked_Raven/White_Necked_Raven_0042_797356.jpg,108,107,108.White_necked_Raven,107,106,random_erasing,random_erasing,0,"{""area_fraction"":0.093687,""erased"":true,""height"":0.449477,""left"":0.224265,""top"":0.064966,""width"":0.208436}",0.056450386,3.5921888,3.5357384,0.94511336,0.027537987,0.046757668,0.13634121,0.89835569,-0.10880323,-1.0071589,0.48404393,14.014633,10.77039,150.94307,False,0.85662389,False,True,False,0.48404393,14.014633,10.77039,150.94307,0.47607384,14.091655,10.498081,147.93534,0.65910215,12.458558,2.406573,29.98243,0.59167016,10.541609,3.5960407,37.908056,0.31430545,12.364797,4.7788276,59.089235,0.43875925,15.636783,4.5560788,71.242414,0.50205393,14.379721,5.0954604,73.271299,0.56510334,15.327441,5.2649255,80.697838
0b_baseline_best,file,13,baseline,3867,067.Anna_Hummingbird/Anna_Hummingbird_0038_57036.jpg,67,66,067.Anna_Hummingbird,68,67,identity,identity,0,{},0.82433063,0.82433063,0,0.43852848,0.43852848,0.48287863,0.48287863,-0.044350147,-0.044350147,0,1,1,91.852805,91.852805,False,1,True,False,False,1,1,91.852805,91.852805,1,1,89.727588,89.727588,1,1,19.64428,19.64428,1,1,25.779486,25.779486,1,1,42.463051,42.463051,1,1,43.836104,43.836104,1,1,42.14851,42.14851,1,1,43.419425,43.419425
0b_baseline_best,file,13,baseline,3867,067.Anna_Hummingbird/Anna_Hummingbird_0038_57036.jpg,67,66,067.Anna_Hummingbird,68,67,horizontal_flip,horizontal_flip,0,"{""flipped"":true}",0.82433063,1.0340428,0.20971221,0.43852848,0.35556656,0.48287863,0.33623391,-0.044350147,0.019332647,0.063682795,0.58411474,1.0884402,91.852805,99.976289,False,0.93856329,False,False,True,0.58411474,1.0884402,91.852805,99.976289,0.57010481,1.0906749,89.727588,97.863632,0.89104895,1.0407234,19.64428,20.444262,0.44834643,1.1056216,25.779486,28.502357,0.55256579,1.0889622,42.463051,46.240657,0.54865644,1.1113077,43.836104,48.7154,0.57367094,1.1320224,42.14851,47.713059,0.6559707,1.0240408,43.419425,44.463262
0b_baseline_best,file,13,baseline,3867,067.Anna_Hummingbird/Anna_Hummingbird_0038_57036.jpg,67,66,067.Anna_Hummingbird,68,67,color_jitter,color_jitter,0,"{""brightness"":1.184639,""contrast"":1.019552,""hue"":-0.053089,""saturation"":1.159466}",0.82433063,0.26261473,-0.5617159,0.43852848,0.76903814,0.48287863,0.18724376,-0.044350147,0.58179438,0.62614453,0.86604052,0.40743529,91.852805,37.424075,False,0.97655326,False,False,True,0.86604052,0.40743529,91.852805,37.424075,0.86072949,0.40727328,89.727588,36.543649,0.9759246,0.41080083,19.64428,8.0698865,0.84718343,0.32584919,25.779486,8.4002246,0.86949412,0.40566597,42.463051,17.225815,0.85828696,0.4110906,43.836104,18.020611,0.85153294,0.40956357,42.14851,17.262495,0.87399231,0.42803885,43.419425,18.585201
0b_baseline_best,file,13,baseline,3867,067.Anna_Hummingbird/Anna_Hummingbird_0038_57036.jpg,67,66,067.Anna_Hummingbird,68,67,rotation,rotation,0,"{""angle"":-1.283507}",0.82433063,0.98885119,0.16452056,0.43852848,0.37200385,0.48287863,0.54451269,-0.044350147,-0.17250884,-0.12815869,0.89607787,1.1708634,91.852805,107.54709,False,0.9852984,True,False,False,0.89607787,1.1708634,91.852805,107.54709,0.89194396,1.1724038,89.727588,105.19696,0.98528604,1.138251,19.64428,22.36012,0.90733992,1.2125999,25.779486,31.260201,0.90355302,1.2364085,42.463051,52.501678,0.85049233,1.1182603,43.836104,49.020177,0.89427142,1.1635506,42.14851,49.041923,0.91557434,1.15723,43.419425,50.246263
0b_baseline_best,file,13,baseline,3867,067.Anna_Hummingbird/Anna_Hummingbird_0038_57036.jpg,67,66,067.Anna_Hummingbird,68,67,random_resized_crop,random_resized_crop,0,"{""area_fraction"":0.655561,""aspect"":1.121971,""fallback"":false,""height"":0.764391,""left"":0.080769,""top"":0.007108,""width"":0.857625}",0.82433063,0.69697255,-0.12735808,0.43852848,0.49809098,0.48287863,0.41509888,-0.044350147,0.082992107,0.12734225,0.72807388,1.2152327,91.852805,111.62253,False,0.96608901,False,False,True,0.72807388,1.2152327,91.852805,111.62253,0.72060445,1.2276116,89.727588,110.15063,0.96556158,0.91972328,19.64428,18.067302,0.7302651,1.4143558,25.779486,36.461365,0.75242992,1.5468854,42.463051,65.685472,0.73980251,1.2008026,43.836104,52.638507,0.69830886,1.0600808,42.14851,44.680828,0.72978075,0.95571308,43.419425,41.496512
0b_baseline_best,file,13,baseline,3867,067.Anna_Hummingbird/Anna_Hummingbird_0038_57036.jpg,67,66,067.Anna_Hummingbird,68,67,gaussian_blur,gaussian_blur,0,"{""sigma"":1.509554}",0.82433063,0.60714036,-0.21719027,0.43852848,0.54490685,0.48287863,0.13402915,-0.044350147,0.4108777,0.45522785,0.57707421,0.84736896,91.852805,77.833216,False,0.88561279,False,False,True,0.57707421,0.84736896,91.852805,77.833216,0.57045521,0.85689495,89.727588,76.887117,0.79987354,0.61589364,19.64428,12.098787,0.60921316,0.8070422,25.779486,20.805133,0.62417285,0.97582493,42.463051,41.436504,0.55473596,0.88761636,43.836104,38.909643,0.54424507,0.82326377,42.14851,34.699342,0.54774123,0.74408374,43.419425,32.307688
0b_baseline_best,file,13,baseline,3867,067.Anna_Hummingbird/Anna_Hummingbird_0038_57036.jpg,67,66,067.Anna_Hummingbird,68,67,random_erasing,random_erasing,0,"{""area_fraction"":0.187368,""erased"":true,""height"":0.562484,""left"":0.557215,""top"":0.265052,""width"":0.333108}",0.82433063,2.3917546,1.567424,0.43852848,0.091469049,0.48287863,0.15410031,-0.044350147,-0.062631264,-0.018281117,0.47515023,1.6763218,91.852805,153.97486,False,0.8726815,False,False,False,0.47515023,1.6763218,91.852805,153.97486,0.46924038,1.6931777,89.727588,151.92475,0.65749637,1.2747981,19.64428,25.04249,0.52150538,1.4764681,25.779486,38.06259,0.63776534,1.8286954,42.463051,77.651985,0.39391645,1.744175,43.836104,76.457837,0.41763493,1.6511324,42.14851,69.592773,0.40632766,1.6144148,43.419425,70.096962
0b_baseline_best,file,13,baseline,3363,058.Pigeon_Guillemot/Pigeon_Guillemot_0055_40171.jpg,58,57,058.Pigeon_Guillemot,25,24,identity,identity,0,{},1.3544534,1.3544534,0,0.25808829,0.25808829,0.23281641,0.23281641,0.025271878,0.025271878,0,1,1,112.76049,112.76049,False,0.99999988,True,True,True,1,1,112.76049,112.76049,1,1,110.88343,110.88343,1,1,20.488847,20.488847,1,1,22.05877,22.05877,1,1,41.204688,41.204688,1,1,61.776604,61.776604,1,1,57.311915,57.311915,1,1,54.860879,54.860879
0b_baseline_best,file,13,baseline,3363,058.Pigeon_Guillemot/Pigeon_Guillemot_0055_40171.jpg,58,57,058.Pigeon_Guillemot,25,24,horizontal_flip,horizontal_flip,0,"{""flipped"":true}",1.3544534,1.8773117,0.52285826,0.25808829,0.15300088,0.23281641,0.23137055,0.025271878,-0.078369677,-0.10364155,0.65495058,1.3020673,112.76049,146.82175,False,0.95314157,False,True,False,0.65495058,1.3020673,112.76049,146.82175,0.64702081,1.3087016,110.88343,145.11332,0.94447886,1.0899924,20.488847,22.332688,0.067459413,1.4457805,22.05877,31.892139,0.48084957,1.5401998,41.204688,63.463451,0.71200452,1.2363958,61.776604,76.380334,0.69181093,1.2698298,57.311915,72.776379,0.74631265,1.2737136,54.860879,69.877048
0b_baseline_best,file,13,baseline,3363,058.Pigeon_Guillemot/Pigeon_Guillemot_0055_40171.jpg,58,57,058.Pigeon_Guillemot,25,24,color_jitter,color_jitter,0,"{""brightness"":0.91344,""contrast"":1.168401,""hue"":-0.071393,""saturation"":0.929177}",1.3544534,1.6028819,0.24842846,0.25808829,0.20131549,0.23281641,0.35992247,0.025271878,-0.15860698,-0.18387885,0.89554199,1.1115011,112.76049,125.33341,False,0.99116892,False,True,False,0.89554199,1.1115011,112.76049,125.33341,0.89258987,1.1110317,110.88343,123.19501,0.98098839,1.1251629,20.488847,23.05329,0.86396382,1.4897445,22.05877,32.861931,0.82297043,1.163982,41.204688,47.961514,0.91593099,1.0260046,61.776604,63.38308,0.89434358,1.1124592,57.311915,63.75717,0.92296618,1.1109177,54.860879,60.945919
0b_baseline_best,file,13,baseline,3363,058.Pigeon_Guillemot/Pigeon_Guillemot_0055_40171.jpg,58,57,058.Pigeon_Guillemot,25,24,rotation,rotation,0,"{""angle"":8.589383}",1.3544534,2.0945497,0.74009621,0.25808829,0.12312568,0.23281641,0.28027865,0.025271878,-0.15715297,-0.18242485,0.72494268,1.0308198,112.76049,116.23575,False,0.94327331,False,True,False,0.72494268,1.0308198,112.76049,116.23575,0.71690268,1.0249953,110.88343,113.655,0.93565035,1.1888211,20.488847,24.357574,0.54536792,1.0845977,22.05877,23.924892,0.55598754,1.0402212,41.204688,42.861991,0.74509501,0.9234153,61.776604,57.045462,0.74852517,1.0499897,57.311915,60.17692,0.77353183,1.0985954,54.860879,60.26991
0b_baseline_best,file,13,baseline,3363,058.Pigeon_Guillemot/Pigeon_Guillemot_0055_40171.jpg,58,57,058.Pigeon_Guillemot,25,24,random_resized_crop,random_resized_crop,0,"{""area_fraction"":0.661608,""aspect"":0.997335,""fallback"":false,""height"":0.814479,""left"":0.060808,""top"":0.026432,""width"":0.812308}",1.3544534,1.9600966,0.60564315,0.25808829,0.14084482,0.23281641,0.24449204,0.025271878,-0.10364722,-0.12891909,0.71718437,1.2130116,112.76049,136.77979,False,0.92939234,False,True,False,0.71718437,1.2130116,112.76049,136.77979,0.71081937,1.2145939,110.88343,134.67835,0.91200876,1.1657154,20.488847,23.884164,0.45412709,1.3405294,22.05877,29.57043,0.57848372,1.3200405,41.204688,54.391857,0.734861,1.1138553,61.776604,68.810195,0.75391603,1.2315197,57.311915,70.580755,0.76658604,1.2347837,54.860879,67.741319
0b_baseline_best,file,13,baseline,3363,058.Pigeon_Guillemot/Pigeon_Guillemot_0055_40171.jpg,58,57,058.Pigeon_Guillemot,25,24,gaussian_blur,gaussian_blur,0,"{""sigma"":1.505107}",1.3544534,1.2444106,-0.11004281,0.25808829,0.28811064,0.23281641,0.032829314,0.025271878,0.25528133,0.23000945,0.61079126,0.90794677,112.76049,102.38053,False,0.88897008,True,True,True,0.61079126,0.90794677,112.76049,102.38053,0.60324287,0.90955713,110.88343,100.85482,0.84571449,0.85944429,20.488847,17.609022,0.38463714,0.76405205,22.05877,16.854049,0.415266,0.94220845,41.204688,38.823406,0.63037729,0.90492216,61.776604,55.903018,0.64907416,0.93413483,57.311915,53.537056,0.66018759,0.89093632,54.860879,48.877549
0b_baseline_best,file,13,baseline,3363,058.Pigeon_Guillemot/Pigeon_Guillemot_0055_40171.jpg,58,57,058.Pigeon_Guillemot,25,24,random_erasing,random_erasing,0,"{""area_fraction"":0.152075,""erased"":true,""height"":0.239877,""left"":0.144425,""top"":0.720941,""width"":0.633972}",1.3544534,1.9579931,0.60353971,0.25808829,0.14114138,0.23281641,0.12415808,0.025271878,0.0169833,-0.0082885772,0.8495788,1.0661594,112.76049,120.22066,False,0.97008938,False,True,False,0.8495788,1.0661594,112.76049,120.22066,0.84604718,1.0643612,110.88343,118.02003,0.94906758,1.1175426,20.488847,22.89716,0.6453872,1.0005605,22.05877,22.071134,0.76645039,0.97833234,41.204688,40.311879,0.86665775,1.008848,61.776604,62.323206,0.86891896,1.101389,57.311915,63.122713,0.87154539,1.1453007,54.860879,62.832201
0b_baseline_best,file,13,baseline,5957,102.Western_Wood_Pewee/Western_Wood_Pewee_0039_795063.jpg,102,101,102.Western_Wood_Pewee,40,39,identity,identity,0,{},0.19675539,0.19675539,0,0.82139152,0.82139152,0.046142839,0.046142839,0.77524868,0.77524868,0,1,1,29.935588,29.935588,False,1.0000002,True,True,True,1,1,29.935588,29.935588,1,1,29.276789,29.276789,1,1,6.2457275,6.2457275,1,1,5.3337149,5.3337149,1,1,13.181913,13.181913,1,1,17.260196,17.260196,1,1,13.70759,13.70759,1,1,13.0041,13.0041
0b_baseline_best,file,13,baseline,5957,102.Western_Wood_Pewee/Western_Wood_Pewee_0039_795063.jpg,102,101,102.Western_Wood_Pewee,40,39,horizontal_flip,horizontal_flip,0,"{""flipped"":true}",0.19675539,1.1844633,0.98770787,0.82139152,0.30591032,0.046142839,0.013123429,0.77524868,0.29278689,-0.48246179,0.56058105,4.2619462,29.935588,127.58387,False,0.93543696,False,True,False,0.56058105,4.2619462,29.935588,127.58387,0.54780291,4.2768742,29.276789,125.21314,0.86898893,3.9196183,6.2457275,24.480868,0.43624596,4.0358232,5.3337149,21.52593,0.52075628,4.3156187,13.181913,56.88811,0.54831794,4.1344328,17.260196,71.36112,0.50751719,4.3115387,13.70759,59.100805,0.63501013,4.4795747,13.0041,58.252837
0b_baseline_best,file,13,baseline,5957,102.Western_Wood_Pewee/Western_Wood_Pewee_0039_795063.jpg,102,101,102.Western_Wood_Pewee,40,39,color_jitter,color_jitter,0,"{""brightness"":1.050296,""contrast"":0.638006,""hue"":0.040824,""saturation"":0.958428}",0.19675539,0.64449096,0.44773556,0.82139152,0.5249297,0.046142839,0.22158353,0.77524868,0.30334617,-0.47190251,0.76026552,3.2288406,29.935588,96.657245,False,0.9503907,True,True,True,0.76026552,3.2288406,29.935588,96.657245,0.7552122,3.2533236,29.276789,95.246868,0.91380349,2.6340663,6.2457275,16.45166,0.47814763,3.074428,5.3337149,16.398123,0.72472608,3.1037678,13.181913,40.913598,0.77973685,3.3659163,17.260196,58.096375,0.73709811,3.3998118,13.70759,46.603226,0.81294239,3.0586941,13.0041,39.775564
0b_baseline_best,file,13,baseline,5957,102.Western_Wood_Pewee/Western_Wood_Pewee_0039_795063.jpg,102,101,102.Western_Wood_Pewee,40,39,rotation,rotation,0,"{""angle"":-3.361996}",0.19675539,0.48134327,0.28458788,0.82139152,0.61795276,0.046142839,0.11072972,0.77524868,0.50722305,-0.26802564,0.8150326,2.2147964,29.935588,66.301232,False,0.96803343,True,True,True,0.8150326,2.2147964,29.935588,66.301232,0.80816154,2.2101904,29.276789,64.707278,0.9600687,2.3136872,6.2457275,14.45066,0.63205956,2.9540461,5.3337149,15.75604,0.80323435,2.2161796,13.181913,29.213487,0.81106839,2.0715996,17.260196,35.756215,0.81623776,2.2676164,13.70759,31.083555,0.84930216,2.229611,13.0041,28.994084
0b_baseline_best,file,13,baseline,5957,102.Western_Wood_Pewee/Western_Wood_Pewee_0039_795063.jpg,102,101,102.Western_Wood_Pewee,40,39,random_resized_crop,random_resized_crop,0,"{""area_fraction"":0.547735,""aspect"":1.128515,""fallback"":false,""height"":0.696677,""left"":0.008372,""top"":0.292052,""width"":0.786211}",0.19675539,1.2381731,1.0414177,0.82139152,0.28991339,0.046142839,0.0071856845,0.77524868,0.2827277,-0.49252098,0.58974445,4.0759199,29.935588,122.01506,False,0.86213112,False,True,False,0.58974445,4.0759199,29.935588,122.01506,0.58250303,4.1038996,29.276789,120.149,0.7915709,3.4035691,6.2457275,21.257765,0.4305618,5.2595869,5.3337149,28.053137,0.57792903,5.1179437,13.181913,67.464288,0.64717585,3.8551704,17.260196,66.540996,0.53711555,3.6521413,13.70759,50.062055,0.59310435,3.576796,13.0041,46.513013
0b_baseline_best,file,13,baseline,5957,102.Western_Wood_Pewee/Western_Wood_Pewee_0039_795063.jpg,102,101,102.Western_Wood_Pewee,40,39,gaussian_blur,gaussian_blur,0,"{""sigma"":1.837896}",0.19675539,3.1759138,2.9791584,0.82139152,0.041755926,0.046142839,0.014046354,0.77524868,0.027709572,-0.74753911,0.50324018,7.3650871,29.935588,220.47822,False,0.75328678,False,True,False,0.50324018,7.3650871,29.935588,220.47822,0.49964091,7.4683308,29.276789,218.64874,0.69531677,4.5381124,6.2457275,28.343813,0.14777896,7.454389,5.3337149,39.759585,0.46652965,9.2195419,13.181913,121.5312,0.57060144,7.1661347,17.260196,123.68889,0.48411993,7.1249007,13.70759,97.665218,0.52301941,6.2563604,13.0041,81.358335
0b_baseline_best,file,13,baseline,5957,102.Western_Wood_Pewee/Western_Wood_Pewee_0039_795063.jpg,102,101,102.Western_Wood_Pewee,40,39,random_erasing,random_erasing,0,"{""area_fraction"":0.193447,""erased"":true,""height"":0.496611,""left"":0.136044,""top"":0.241847,""width"":0.389534}",0.19675539,3.672585,3.4758296,0.82139152,0.025410701,0.046142839,0.024365727,0.77524868,0.0010449737,-0.77420371,0.66525375,5.7265501,29.935588,171.42765,False,0.83258653,False,True,False,0.66525375,5.7265501,29.935588,171.42765,0.66108458,5.7505684,29.276789,168.35817,0.77074676,5.1707246,6.2457275,32.294937,0.3623149,5.5987937,5.3337149,29.862369,0.60013954,6.0308829,13.181913,79.498573,0.73364446,5.4978361,17.260196,94.893729,0.65839151,5.7388821,13.70759,78.666243,0.65882148,5.9264469,13.0041,77.068107
0b_baseline_best,file,13,baseline,1343,025.Pelagic_Cormorant/Pelagic_Cormorant_0054_23812.jpg,25,24,025.Pelagic_Cormorant,23,22,identity,identity,0,{},0.34214061,0.34214061,0,0.71024835,0.71024835,0.26419181,0.26419181,0.44605654,0.44605654,0,1,1,43.264932,43.264932,False,0.99999994,True,True,True,1,1,43.264932,43.264932,1,1,41.492295,41.492295,1,1,12.257398,12.257398,1,1,10.570276,10.570276,1,1,15.255371,15.255371,1,1,19.77176,19.77176,1,1,20.008537,20.008537,1,1,24.205153,24.205153
0b_baseline_best,file,13,baseline,1343,025.Pelagic_Cormorant/Pelagic_Cormorant_0054_23812.jpg,25,24,025.Pelagic_Cormorant,23,22,horizontal_flip,horizontal_flip,0,"{""flipped"":true}",0.34214061,0.44705468,0.10491407,0.71024835,0.6395089,0.26419181,0.33477238,0.44605654,0.30473652,-0.14132002,0.75753189,1.3816181,43.264932,59.775613,False,0.98001194,True,True,True,0.75753189,1.3816181,43.264932,59.775613,0.74080117,1.3939244,41.492295,57.837122,0.97984534,1.2318585,12.257398,15.09938,0.85440091,1.3265581,10.570276,14.022085,0.70465342,1.3816973,15.255371,21.078305,0.76442145,1.5147543,19.77176,29.949359,0.7028188,1.4282507,20.008537,28.577206,0.74824121,1.300292,24.205153,31.473767
0b_baseline_best,file,13,baseline,1343,025.Pelagic_Cormorant/Pelagic_Cormorant_0054_23812.jpg,25,24,025.Pelagic_Cormorant,23,22,color_jitter,color_jitter,0,"{""brightness"":0.831764,""contrast"":0.738592,""hue"":0.095722,""saturation"":1.377062}",0.34214061,0.11938117,-0.22275944,0.71024835,0.88746947,0.26419181,0.044702929,0.44605654,0.84276654,0.39671,0.50475452,0.35978029,43.264932,15.56587,False,0.89999872,True,True,True,0.50475452,0.35978029,43.264932,15.56587,0.48511313,0.36621027,41.492295,15.194905,0.82307182,0.27559215,12.257398,3.3780426,0.035037866,0.29785472,10.570276,3.1484066,0.33579293,0.42774846,15.255371,6.5254616,0.55675027,0.43948553,19.77176,8.6894025,0.4794291,0.33864488,20.008537,6.7757887,0.60538636,0.31183904,24.205153,7.5481115
0b_baseline_best,file,13,baseline,1343,025.Pelagic_Cormorant/Pelagic_Cormorant_0054_23812.jpg,25,24,025.Pelagic_Cormorant,23,22,rotation,rotation,0,"{""angle"":14.15864}",0.34214061,1.7353919,1.3932512,0.71024835,0.17633109,0.26419181,0.75796366,0.44605654,-0.58163257,-1.0276891,0.71931694,2.7315467,43.264932,118.18018,False,0.94098592,False,True,False,0.71931694,2.7315467,43.264932,118.18018,0.70083247,2.7403951,41.492295,113.70528,0.94076456,2.6280288,12.257398,32.212795,0.75554777,3.0020384,10.570276,31.732374,0.63067411,2.7359303,15.255371,41.737633,0.69589997,2.8410799,19.77176,56.173151,0.66897291,2.6861329,20.008537,53.745591,0.74465466,2.6569142,24.205153,64.311012
0b_baseline_best,file,13,baseline,1343,025.Pelagic_Cormorant/Pelagic_Cormorant_0054_23812.jpg,25,24,025.Pelagic_Cormorant,23,22,random_resized_crop,random_resized_crop,0,"{""area_fraction"":0.741616,""aspect"":0.759238,""fallback"":false,""height"":0.988327,""left"":0.228683,""top"":8.9e-05,""width"":0.750375}",0.34214061,0.57502675,0.23288614,0.71024835,0.56268984,0.26419181,0.15290052,0.44605654,0.40978932,-0.036267221,0.59623431,1.3044648,43.264932,56.43758,False,0.90607405,True,True,True,0.59623431,1.3044648,43.264932,56.43758,0.57959357,1.3163374,41.492295,54.617861,0.81710139,1.1597752,12.257398,14.215826,0.77486878,1.255864,10.570276,13.274829,0.38577148,1.2581867,15.255371,19.194106,0.60219941,1.5309854,19.77176,30.270277,0.56845963,1.2997298,20.008537,26.005692,0.61875408,1.2015703,24.205153,29.084193
0b_baseline_best,file,13,baseline,1343,025.Pelagic_Cormorant/Pelagic_Cormorant_0054_23812.jpg,25,24,025.Pelagic_Cormorant,23,22,gaussian_blur,gaussian_blur,0,"{""sigma"":1.674852}",0.34214061,0.36915201,0.027011395,0.71024835,0.6913203,0.26419181,0.12758027,0.44605654,0.56374003,0.11768349,0.36960381,0.97789554,43.264932,42.308584,False,0.88572627,True,True,True,0.36960381,0.97789554,43.264932,42.308584,0.34216562,0.99709819,41.492295,41.371892,0.82183293,0.72229099,12.257398,8.8534082,0.2813801,0.86006673,10.570276,9.0911426,0.12542564,1.1583714,15.255371,17.671387,0.30413546,1.1227631,19.77176,22.199003,0.31693351,0.97830545,20.008537,19.574461,0.52915155,0.86733936,24.205153,20.994081
0b_baseline_best,file,13,baseline,1343,025.Pelagic_Cormorant/Pelagic_Cormorant_0054_23812.jpg,25,24,025.Pelagic_Cormorant,23,22,random_erasing,random_erasing,0,"{""area_fraction"":0.19144,""erased"":true,""height"":0.438769,""left"":0.19966,""top"":0.518976,""width"":0.436312}",0.34214061,0.56559312,0.22345251,0.71024835,0.56802315,0.26419181,0.30963227,0.44605654,0.25839087,-0.18766567,0.70053139,1.3559026,43.264932,58.663036,False,0.95065486,True,True,True,0.70053139,1.3559026,43.264932,58.663036,0.68151422,1.3653093,41.492295,56.649814,0.9427366,1.2430436,12.257398,15.23648,0.69628596,1.1284569,10.570276,11.928101,0.64368858,1.6741667,15.255371,25.540036,0.65837521,1.4050128,19.77176,27.779575,0.65546603,1.2793029,20.008537,25.596979,0.74405756,1.2984007,24.205153,31.427986
0b_baseline_best,file,13,baseline,10014,171.Myrtle_Warbler/Myrtle_Warbler_0026_166680.jpg,171,170,171.Myrtle_Warbler,99,98,identity,identity,0,{},2.920687,2.920687,0,0.053896651,0.053896651,0.13892397,0.13892397,-0.085027322,-0.085027322,0,1,1,136.22851,136.22851,False,1,True,False,False,1,1,136.22851,136.22851,1,1,133.47733,133.47733,1,1,27.239848,27.239848,1,1,26.578239,26.578239,1,1,63.992157,63.992157,1,1,74.831644,74.831644,1,1,62.307878,62.307878,1,1,59.436961,59.436961
0b_baseline_best,file,13,baseline,10014,171.Myrtle_Warbler/Myrtle_Warbler_0026_166680.jpg,171,170,171.Myrtle_Warbler,99,98,horizontal_flip,horizontal_flip,0,"{""flipped"":true}",2.920687,3.5433183,0.62263131,0.053896651,0.028917212,0.13892397,0.096574575,-0.085027322,-0.067657363,0.01736996,0.5062393,0.79853237,136.22851,108.78288,False,0.95544732,False,False,False,0.5062393,0.79853237,136.22851,108.78288,0.4853905,0.79310687,133.47733,105.86179,0.94341474,0.91923736,27.239848,25.039886,0.3048126,0.68634506,26.578239,18.241843,0.15192237,0.69701896,63.992157,44.603747,0.54019282,0.80442025,74.831644,60.19609,0.59325852,0.81365823,62.307878,50.697318,0.63892854,0.87271769,59.436961,51.871687
0b_baseline_best,file,13,baseline,10014,171.Myrtle_Warbler/Myrtle_Warbler_0026_166680.jpg,171,170,171.Myrtle_Warbler,99,98,color_jitter,color_jitter,0,"{""brightness"":1.113618,""contrast"":1.15226,""hue"":-0.012283,""saturation"":0.975212}",2.920687,4.639823,1.719136,0.053896651,0.0096594105,0.13892397,0.21469064,-0.085027322,-0.20503123,-0.12000391,0.7791412,0.93178636,136.22851,126.93587,False,0.96197402,False,False,False,0.7791412,0.93178636,136.22851,126.93587,0.77205512,0.92858076,133.47733,123.94448,0.93861091,1.0056917,27.239848,27.394889,0.67623506,0.78618745,26.578239,20.895478,0.75047306,0.84844126,63.992157,54.293586,0.76637094,0.92370843,74.831644,69.12262,0.77545142,0.94443912,62.307878,58.845998,0.82081335,1.028506,59.436961,61.131269
0b_baseline_best,file,13,baseline,10014,171.Myrtle_Warbler/Myrtle_Warbler_0026_166680.jpg,171,170,171.Myrtle_Warbler,99,98,rotation,rotation,0,"{""angle"":-5.221658}",2.920687,3.0514488,0.13076186,0.053896651,0.047290366,0.13892397,0.23315699,-0.085027322,-0.18586663,-0.10083931,0.76126203,1.0618502,136.22851,144.65428,False,0.95287395,True,False,False,0.76126203,1.0618502,136.22851,144.65428,0.75430818,1.0643099,133.47733,142.06125,0.94017208,1.0009782,27.239848,27.266495,0.80581943,1.100008,26.578239,29.236276,0.77708596,0.99531149,63.992157,63.692129,0.74826322,1.1038919,74.831644,82.606043,0.725548,1.0603182,62.307878,66.066174,0.76310154,1.0748573,59.436961,63.886249
0b_baseline_best,file,13,baseline,10014,171.Myrtle_Warbler/Myrtle_Warbler_0026_166680.jpg,171,170,171.Myrtle_Warbler,99,98,random_resized_crop,random_resized_crop,0,"{""area_fraction"":0.66336,""aspect"":0.921368,""fallback"":false,""height"":0.848512,""left"":0.06134,""top"":0.111303,""width"":0.781792}",2.920687,3.9645042,1.0438173,0.053896651,0.018977443,0.13892397,0.054898005,-0.085027322,-0.035920562,0.04910676,0.72088456,1.2000059,136.22851,163.47502,False,0.91273856,False,False,False,0.72088456,1.2000059,136.22851,163.47502,0.71571366,1.2096419,133.47733,161.45977,0.90318147,0.9394155,27.239848,25.589535,0.71946559,1.1416904,26.578239,30.344121,0.73093794,1.2574614,63.992157,80.467669,0.74793451,1.2252187,74.831644,91.685128,0.68553499,1.2080773,62.307878,75.272733,0.6780335,1.1412574,59.436961,67.832871
0b_baseline_best,file,13,baseline,10014,171.Myrtle_Warbler/Myrtle_Warbler_0026_166680.jpg,171,170,171.Myrtle_Warbler,99,98,gaussian_blur,gaussian_blur,0,"{""sigma"":1.941389}",2.920687,4.5565572,1.6358702,0.053896651,0.010498141,0.13892397,0.031224562,-0.085027322,-0.020726421,0.064300901,0.19865986,0.83933923,136.22851,114.34193,False,0.77275956,False,False,False,0.19865986,0.83933923,136.22851,114.34193,0.17611844,0.83637161,133.47733,111.63665,0.69800975,0.90768541,27.239848,24.725213,-0.060458989,0.91830319,26.578239,24.406882,0.034685973,0.87564359,63.992157,56.034322,0.093340668,0.739943,74.831644,55.371151,0.24561559,0.81844556,62.307878,50.995606,0.41724031,0.93079209,59.436961,55.323453
0b_baseline_best,file,13,baseline,10014,171.Myrtle_Warbler/Myrtle_Warbler_0026_166680.jpg,171,170,171.Myrtle_Warbler,99,98,random_erasing,random_erasing,0,"{""area_fraction"":0.050277,""erased"":true,""height"":0.294443,""left"":0.729437,""top"":0.457297,""width"":0.170752}",2.920687,3.0800796,0.1593926,0.053896651,0.045955602,0.13892397,0.09957172,-0.085027322,-0.053616118,0.031411204,0.95630891,0.97244796,136.22851,132.47514,False,0.99585474,False,False,False,0.95630891,0.97244796,136.22851,132.47514,0.95474259,0.9719876,133.47733,129.73831,0.99354272,0.9834367,27.239848,26.788666,0.95935692,0.94243184,26.578239,25.048179,0.96137699,0.93724201,63.992157,59.976138,0.96129422,0.9675432,74.831644,72.402848,0.94414809,0.99698608,62.307878,62.120087,0.94962106,0.99626378,59.436961,59.214891
0b_baseline_best,file,13,baseline,3605,062.Herring_Gull/Herring_Gull_0065_48098.jpg,62,61,062.Herring_Gull,74,73,identity,identity,0,{},4.636477,4.636477,0,0.0096917804,0.0096917804,0.20383525,0.20383525,-0.19414347,-0.19414347,0,1,1,153.5893,153.5893,False,0.99999994,True,False,False,1,1,153.5893,153.5893,1,1,151.23959,151.23959,1,1,26.763024,26.763024,1,1,31.831293,31.831293,1,1,74.178162,74.178162,1,1,84.853058,84.853058,1,1,70.33794,70.33794,1,1,64.886937,64.886937
0b_baseline_best,file,13,baseline,3605,062.Herring_Gull/Herring_Gull_0065_48098.jpg,62,61,062.Herring_Gull,74,73,horizontal_flip,horizontal_flip,0,"{""flipped"":true}",4.636477,2.2922101,-2.3442669,0.0096917804,0.1010429,0.20383525,0.039390981,-0.19414347,0.061651923,0.25579539,0.62935126,0.98444797,153.5893,151.20067,False,0.94166493,False,False,False,0.62935126,0.98444797,153.5893,151.20067,0.6212041,0.98267507,151.23959,148.61937,0.87627187,1.039476,26.763024,27.81952,0.63384412,1.048786,31.831293,33.384215,0.59102905,0.94038565,74.178162,69.756079,0.61936436,1.0080472,84.853058,85.535886,0.62555216,1.0067682,70.33794,70.814002,0.65706002,0.9470555,64.886937,61.45153
0b_baseline_best,file,13,baseline,3605,062.Herring_Gull/Herring_Gull_0065_48098.jpg,62,61,062.Herring_Gull,74,73,color_jitter,color_jitter,0,"{""brightness"":1.068373,""contrast"":1.173033,""hue"":-0.062039,""saturation"":1.379359}",4.636477,4.9111891,0.27471209,0.0096917804,0.0073637282,0.20383525,0.39689592,-0.19414347,-0.38953219,-0.19538872,0.71780864,1.1550359,153.5893,177.40116,False,0.93634069,True,False,False,0.71780864,1.1550359,153.5893,177.40116,0.71214411,1.1576957,151.23959,175.08942,0.91649306,1.0666155,26.763024,28.545857,0.70919601,1.1888799,31.831293,37.843586,0.66828921,1.3033442,74.178162,96.679677,0.72959377,1.1176883,84.853058,94.839268,0.71005744,1.0784199,70.33794,75.853834,0.76418923,1.1037115,64.886937,71.616459
0b_baseline_best,file,13,baseline,3605,062.Herring_Gull/Herring_Gull_0065_48098.jpg,62,61,062.Herring_Gull,74,73,rotation,rotation,0,"{""angle"":4.608091}",4.636477,4.8703384,0.23386145,0.0096917804,0.0076707695,0.20383525,0.20806448,-0.19414347,-0.20039371,-0.0062502436,0.77520871,0.96377439,153.5893,148.02543,False,0.95516038,False,False,False,0.77520871,0.96377439,153.5893,148.02543,0.76975763,0.95733079,151.23959,144.78631,0.93270868,1.1507273,26.763024,30.796942,0.65610463,0.86265505,31.831293,27.459426,0.75344694,0.90526596,74.178162,67.150965,0.79058471,0.93123515,84.853058,79.018151,0.75985901,0.98703809,70.33794,69.426226,0.79623582,1.0493284,64.886937,68.087705
0b_baseline_best,file,13,baseline,3605,062.Herring_Gull/Herring_Gull_0065_48098.jpg,62,61,062.Herring_Gull,74,73,random_resized_crop,random_resized_crop,0,"{""area_fraction"":0.709805,""aspect"":1.1647,""fallback"":false,""height"":0.780661,""left"":0.070522,""top"":0.062,""width"":0.909236}",4.636477,4.2914586,-0.34501839,0.0096917804,0.013684951,0.20383525,0.18029259,-0.19414347,-0.16660764,0.027535828,0.69953763,0.85003361,153.5893,130.55606,False,0.94753581,True,False,False,0.69953763,0.85003361,153.5893,130.55606,0.69092721,0.84502827,151.23959,127.80173,0.94186959,0.99674533,26.763024,26.675919,0.63147419,0.95455005,31.831293,30.384563,0.6696279,0.85001781,74.178162,63.052759,0.72307818,0.78450716,84.853058,66.567831,0.67535383,0.83079163,70.33794,58.436172,0.70797399,0.92318756,64.886937,59.902813
0b_baseline_best,file,13,baseline,3605,062.Herring_Gull/Herring_Gull_0065_48098.jpg,62,61,062.Herring_Gull,74,73,gaussian_blur,gaussian_blur,0,"{""sigma"":1.575653}",4.636477,5.1510096,0.51453257,0.0096917804,0.0057935528,0.20383525,0.086386211,-0.19414347,-0.080592658,0.11355081,0.49578986,0.81700736,153.5893,125.48359,False,0.86686027,False,False,False,0.49578986,0.81700736,153.5893,125.48359,0.48227975,0.80903357,151.23959,122.3579,0.84651793,1.0399783,26.763024,27.832964,0.2964599,0.64007779,31.831293,20.374504,0.44075012,0.68089827,74.178162,50.507782,0.46216775,0.73974848,84.853058,62.769921,0.5018472,0.86774196,70.33794,61.035182,0.57668206,1.0152775,64.886937,65.878249
0b_baseline_best,file,13,baseline,3605,062.Herring_Gull/Herring_Gull_0065_48098.jpg,62,61,062.Herring_Gull,74,73,random_erasing,random_erasing,0,"{""area_fraction"":0.104814,""erased"":true,""height"":0.384989,""left"":0.074973,""top"":0.073773,""width"":0.272252}",4.636477,4.5363693,-0.10010767,0.0096917804,0.010712231,0.20383525,0.20386212,-0.19414347,-0.19314989,0.00099358335,0.93498383,0.95444576,153.5893,146.59265,False,0.98877978,True,False,False,0.93498383,0.95444576,153.5893,146.59265,0.93335825,0.95453411,151.23959,144.36335,0.98705942,0.9516199,26.763024,25.468226,0.9394184,0.95257726,31.831293,30.321766,0.941026,0.92226666,74.178162,68.412046,0.94300306,0.93143399,84.853058,79.035023,0.92166625,0.9704129,70.33794,68.256845,0.92386786,1.0147724,64.886937,65.845474
0b_baseline_best,file,13,baseline,11366,193.Bewick_Wren/Bewick_Wren_0067_184816.jpg,193,192,193.Bewick_Wren,178,177,identity,identity,0,{},0.15572441,0.15572441,0,0.85579503,0.85579503,0.027553326,0.027553326,0.8282417,0.8282417,0,1,1,22.404807,22.404807,False,1,True,True,True,1,1,22.404807,22.404807,1,1,22.020672,22.020672,1,1,4.1310311,4.1310311,1,1,4.2606135,4.2606135,1,1,11.879564,11.879564,1,1,11.143457,11.143457,1,1,9.9376981,9.9376981,1,1,10.134033,10.134033
0b_baseline_best,file,13,baseline,11366,193.Bewick_Wren/Bewick_Wren_0067_184816.jpg,193,192,193.Bewick_Wren,178,177,horizontal_flip,horizontal_flip,0,"{""flipped"":true}",0.15572441,0.17696472,0.021240309,0.85579503,0.83780932,0.027553326,0.013668834,0.8282417,0.82414049,-0.0041012103,0.67855092,1.1844368,22.404807,26.537079,False,0.96835184,True,True,True,0.67855092,1.1844368,22.404807,26.537079,0.66926448,1.1866735,22.020672,26.131348,0.9595093,1.1190151,4.1310311,4.6226861,0.62099359,1.1587525,4.2606135,4.9369963,0.73386527,1.1831702,11.879564,14.055547,0.63175089,1.3015509,11.143457,14.503776,0.62203068,1.1750806,9.9376981,11.677596,0.69465632,1.0544603,10.134033,10.685936
0b_baseline_best,file,13,baseline,11366,193.Bewick_Wren/Bewick_Wren_0067_184816.jpg,193,192,193.Bewick_Wren,178,177,color_jitter,color_jitter,0,"{""brightness"":1.33716,""contrast"":1.320027,""hue"":0.001226,""saturation"":0.774763}",0.15572441,0.4809804,0.32525599,0.85579503,0.61817706,0.027553326,0.011384923,0.8282417,0.60679213,-0.22144957,0.72625872,2.8426463,22.404807,63.688943,False,0.93707043,True,True,True,0.72625872,2.8426463,22.404807,63.688943,0.72046014,2.8511255,22.020672,62.783698,0.91087137,2.5901381,4.1310311,10.699941,0.77372789,4.2266214,4.2606135,18.008,0.75812444,2.5514306,11.879564,30.309884,0.72209931,2.9062551,11.143457,32.385727,0.65073018,2.9832747,9.9376981,29.646884,0.75127155,2.7400396,10.134033,27.767653
0b_baseline_best,file,13,baseline,11366,193.Bewick_Wren/Bewick_Wren_0067_184816.jpg,193,192,193.Bewick_Wren,178,177,rotation,rotation,0,"{""angle"":-1.477489}",0.15572441,0.54385573,0.38813132,0.85579503,0.58050567,0.027553326,0.14272729,0.8282417,0.43777838,-0.39046332,0.84328852,3.0167818,22.404807,67.590415,False,0.9556672,True,True,True,0.84328852,3.0167818,22.404807,67.590415,0.83972073,3.011723,22.020672,66.320163,0.94090125,3.1571411,4.1310311,13.042248,0.75210627,3.4836714,4.2606135,14.842577,0.86027114,2.6908122,11.879564,31.965677,0.85330659,3.2972454,11.143457,36.742711,0.8280926,3.038436,9.9376981,30.195059,0.83881898,2.9512443,10.134033,29.908008
0b_baseline_best,file,13,baseline,11366,193.Bewick_Wren/Bewick_Wren_0067_184816.jpg,193,192,193.Bewick_Wren,178,177,random_resized_crop,random_resized_crop,0,"{""area_fraction"":0.704724,""aspect"":1.217046,""fallback"":false,""height"":0.76095,""left"":0.037633,""top"":0.229882,""width"":0.926111}",0.15572441,1.6643693,1.5086449,0.85579503,0.18931003,0.027553326,0.077328563,0.8282417,0.11198147,-0.71626023,0.69937851,5.3668684,22.404807,120.24365,False,0.92250824,True,True,True,0.69937851,5.3668684,22.404807,120.24365,0.69194916,5.3700114,22.020672,118.25126,0.91431537,5.2767786,4.1310311,21.798537,0.44844059,5.1389432,4.2606135,21.895051,0.75984449,4.5089318,11.879564,53.564146,0.69047376,6.1352041,11.143457,68.367381,0.66929647,5.6050954,9.9376981,55.701746,0.70131745,5.2753804,10.134033,53.460881
0b_baseline_best,file,13,baseline,11366,193.Bewick_Wren/Bewick_Wren_0067_184816.jpg,193,192,193.Bewick_Wren,178,177,gaussian_blur,gaussian_blur,0,"{""sigma"":1.297187}",0.15572441,3.0143433,2.8586189,0.85579503,0.049078066,0.027553326,0.2037522,0.8282417,-0.15467414,-0.98291584,0.55295534,6.028722,22.404807,135.07236,False,0.79373431,False,True,False,0.55295534,6.028722,22.404807,135.07236,0.54492698,6.0120363,22.020672,132.38908,0.76597218,6.4849251,4.1310311,26.789427,0.62059805,8.1733745,4.2606135,34.823589,0.58598815,5.9394362,11.879564,70.557915,0.56510087,6.4877356,11.143457,72.2958,0.47072127,5.8039772,9.9376981,57.678173,0.52437112,5.2049978,10.134033,52.747621
0b_baseline_best,file,13,baseline,11366,193.Bewick_Wren/Bewick_Wren_0067_184816.jpg,193,192,193.Bewick_Wren,178,177,random_erasing,random_erasing,0,"{""area_fraction"":0.149571,""erased"":true,""height"":0.279604,""left"":0.450612,""top"":0.169981,""width"":0.534939}",0.15572441,0.24927746,0.093553051,0.85579503,0.77936369,0.027553326,0.042594314,0.8282417,0.73676938,-0.091472322,0.92851098,1.4774655,22.404807,33.102331,False,0.98193157,True,True,True,0.92851098,1.4774655,22.404807,33.102331,0.92670812,1.4780163,22.020672,32.546911,0.98036458,1.4617301,4.1310311,6.0384526,0.95847609,1.5193001,4.2606135,6.4731505,0.94917367,1.3178757,11.879564,15.65579,0.93047525,1.5592157,11.143457,17.375053,0.9096367,1.5349778,9.9376981,15.254146,0.9162512,1.5214075,10.134033,15.417995
0b_baseline_best,file,13,baseline,7676,131.Vesper_Sparrow/Vesper_Sparrow_0057_125649.jpg,131,130,131.Vesper_Sparrow,119,118,identity,identity,0,{},0.29790619,0.29790619,0,0.74237096,0.74237096,0.070212312,0.070212312,0.67215865,0.67215865,0,1,1,48.185741,48.185741,False,1,True,True,True,1,1,48.185741,48.185741,1,1,47.424722,47.424722,1,1,8.5300299,8.5300299,1,1,8.8880198,8.8880198,1,1,19.720225,19.720225,1,1,26.381307,26.381307,1,1,25.324008,25.324008,1,1,21.069915,21.069915
0b_baseline_best,file,13,baseline,7676,131.Vesper_Sparrow/Vesper_Sparrow_0057_125649.jpg,131,130,131.Vesper_Sparrow,119,118,horizontal_flip,horizontal_flip,0,"{""flipped"":true}",0.29790619,0.2264078,-0.071498394,0.74237096,0.79739285,0.070212312,0.14928335,0.67215865,0.6481095,-0.024049155,0.62317405,1.3121501,48.185741,63.226927,False,0.97077864,True,True,True,0.62317405,1.3121501,48.185741,63.226927,0.61758234,1.3216257,47.424722,62.677731,0.8858953,0.97484102,8.5300299,8.315423,0.67592354,1.1414059,8.8880198,10.144839,0.58312512,1.7747034,19.720225,34.99755,0.63576508,1.3566381,26.381307,35.789887,0.60838015,1.1572163,25.324008,29.305356,0.70860239,1.0190669,21.069915,21.471652
0b_baseline_best,file,13,baseline,7676,131.Vesper_Sparrow/Vesper_Sparrow_0057_125649.jpg,131,130,131.Vesper_Sparrow,119,118,color_jitter,color_jitter,0,"{""brightness"":1.3147,""contrast"":0.994582,""hue"":-0.090566,""saturation"":1.311035}",0.29790619,3.5596147,3.2617085,0.74237096,0.028449791,0.070212312,0.44569513,0.67215865,-0.41724534,-1.089404,0.63649457,3.3195654,48.185741,159.95572,False,0.83845776,False,True,False,0.63649457,3.3195654,48.185741,159.95572,0.63163677,3.328251,47.424722,157.84138,0.80351082,3.0388689,8.5300299,25.921642,0.63143037,3.3589682,8.8880198,29.854576,0.61258243,3.5527662,19.720225,70.061347,0.68951107,3.4288976,26.381307,90.4588,0.61587018,3.1367638,25.324008,79.435432,0.57940654,3.2263835,21.069915,67.979625
0b_baseline_best,file,13,baseline,7676,131.Vesper_Sparrow/Vesper_Sparrow_0057_125649.jpg,131,130,131.Vesper_Sparrow,119,118,rotation,rotation,0,"{""angle"":-7.955895}",0.29790619,0.82098997,0.52308378,0.74237096,0.43999586,0.070212312,0.45283729,0.67215865,-0.012841433,-0.68500008,0.75319046,3.0801321,48.185741,148.41845,False,0.96804273,False,True,False,0.75319046,3.0801321,48.185741,148.41845,0.75072715,3.0971008,47.424722,146.87914,0.86447105,2.4994348,8.5300299,21.320254,0.72501379,2.8063536,8.8880198,24.942926,0.76169835,3.7068818,19.720225,73.100543,0.74264368,3.2412509,26.381307,85.508435,0.75529876,2.8272209,25.324008,71.596566,0.78048117,2.6721378,21.069915,56.301715
0b_baseline_best,file,13,baseline,7676,131.Vesper_Sparrow/Vesper_Sparrow_0057_125649.jpg,131,130,131.Vesper_Sparrow,119,118,random_resized_crop,random_resized_crop,0,"{""area_fraction"":0.79489,""aspect"":1.233505,""fallback"":false,""height"":0.802755,""left"":0.004285,""top"":0.021426,""width"":0.990203}",0.29790619,0.34883448,0.050928295,0.74237096,0.7055099,0.070212312,0.098352447,0.67215865,0.60715745,-0.065001197,0.76803789,1.136513,48.185741,54.76372,False,0.95634657,True,True,True,0.76803789,1.136513,48.185741,54.76372,0.76269994,1.1388026,47.424722,54.007397,0.94650653,1.0633097,8.5300299,9.0700635,0.77111891,1.1157616,8.8880198,9.9169112,0.75597766,1.2539152,19.720225,24.72749,0.77329005,1.1593511,26.381307,30.585198,0.75530555,1.076541,25.324008,27.262333,0.76705216,1.0908978,21.069915,22.985124
0b_baseline_best,file,13,baseline,7676,131.Vesper_Sparrow/Vesper_Sparrow_0057_125649.jpg,131,130,131.Vesper_Sparrow,119,118,gaussian_blur,gaussian_blur,0,"{""sigma"":1.88675}",0.29790619,7.1576815,6.8597753,0.74237096,0.00077885843,0.070212312,0.58210993,0.67215865,-0.58133107,-1.2534897,0.38339258,4.8155666,48.185741,232.04164,False,0.77453971,False,True,False,0.38339258,4.8155666,48.185741,232.04164,0.37329858,4.8272087,47.424722,228.92903,0.7238611,4.440672,8.5300299,37.879064,0.22246071,5.2799337,8.8880198,46.928156,0.29006999,5.7408164,19.720225,113.21019,0.42817324,5.2814948,26.381307,139.33274,0.37742604,4.0795772,25.324008,103.31125,0.41718615,4.0558716,21.069915,85.456869
0b_baseline_best,file,13,baseline,7676,131.Vesper_Sparrow/Vesper_Sparrow_0057_125649.jpg,131,130,131.Vesper_Sparrow,119,118,random_erasing,random_erasing,0,"{""area_fraction"":0.139286,""erased"":true,""height"":0.371943,""left"":0.304832,""top"":0.317916,""width"":0.374481}",0.29790619,6.3557415,6.0578353,0.74237096,0.0017367471,0.070212312,0.011683194,0.67215865,-0.0099464469,-0.6821051,0.2875531,2.6271002,48.185741,126.58877,False,0.70061523,False,True,False,0.2875531,2.6271002,48.185741,126.58877,0.27523897,2.6118333,47.424722,123.86547,0.61576838,3.0616928,8.5300299,26.116331,0.42639029,2.323155,8.8880198,20.648248,0.43806964,2.8271112,19.720225,55.751268,0.21761345,2.3846083,26.381307,62.909084,0.21019312,2.3005959,25.324008,58.26031,0.2742082,3.1682804,21.069915,66.755397
0b_baseline_best,file,13,baseline,10852,185.Bohemian_Waxwing/Bohemian_Waxwing_0039_177702.jpg,185,184,185.Bohemian_Waxwing,112,111,identity,identity,0,{},0.0022518295,0.0022518295,0,0.9977507,0.9977507,0.00068302942,0.00068302942,0.99706767,0.99706767,0,1,1,0.35167792,0.35167792,False,1,True,True,True,1,1,0.35167792,0.35167792,1,1,0.34497201,0.34497201,1,1,0.068349632,0.068349632,1,1,0.072061003,0.072061003,1,1,0.13912691,0.13912691,1,1,0.16893503,0.16893503,1,1,0.17412476,0.17412476,1,1,0.18867466,0.18867466
0b_baseline_best,file,13,baseline,10852,185.Bohemian_Waxwing/Bohemian_Waxwing_0039_177702.jpg,185,184,185.Bohemian_Waxwing,112,111,horizontal_flip,horizontal_flip,0,"{""flipped"":true}",0.0022518295,0.0014092524,-0.00084257708,0.9977507,0.99859172,0.00068302942,9.1594855e-05,0.99706767,0.99850013,0.0014324561,0.53389391,0.61375065,0.35167792,0.21584255,False,0.96945518,True,True,True,0.53389391,0.61375065,0.35167792,0.21584255,0.51881742,0.61201097,0.34497201,0.21112665,0.89317913,0.65651444,0.068349632,0.04487252,0.49715965,0.66576772,0.072061003,0.047975889,0.2568068,0.63082946,0.13912691,0.087765351,0.46820769,0.58063708,0.16893503,0.09808994,0.52488467,0.601384,0.17412476,0.10471585,0.6993619,0.62673829,0.18867466,0.11824964
0b_baseline_best,file,13,baseline,10852,185.Bohemian_Waxwing/Bohemian_Waxwing_0039_177702.jpg,185,184,185.Bohemian_Waxwing,112,111,color_jitter,color_jitter,0,"{""brightness"":0.965562,""contrast"":1.389119,""hue"":-0.076927,""saturation"":1.122606}",0.0022518295,0.010331364,0.0080795349,0.9977507,0.98972183,0.00068302942,0.003068235,0.99706767,0.9866536,-0.01041407,0.80640812,4.8626178,0.35167792,1.7100753,False,0.97164315,True,True,True,0.80640812,4.8626178,0.35167792,1.7100753,0.80051196,4.8730916,0.34497201,1.6810802,0.967364,4.5877523,0.068349632,0.31357118,0.82241947,8.0906973,0.072061003,0.58302376,0.74944589,4.8680414,0.13912691,0.67727553,0.78833255,4.7026333,0.16893503,0.79443948,0.81512785,4.8143604,0.17412476,0.83829937,0.85461881,4.4138711,0.18867466,0.83278564
0b_baseline_best,file,13,baseline,10852,185.Bohemian_Waxwing/Bohemian_Waxwing_0039_177702.jpg,185,184,185.Bohemian_Waxwing,112,111,rotation,rotation,0,"{""angle"":-3.975545}",0.0022518295,0.00077896763,-0.0014728619,0.9977507,0.99922132,0.00068302942,0.00014396814,0.99706767,0.99907736,0.0020096867,0.83930105,0.33958666,0.35167792,0.11942513,False,0.9837749,True,True,True,0.83930105,0.33958666,0.35167792,0.11942513,0.83369318,0.33893837,0.34497201,0.11692425,0.97636191,0.35570299,0.068349632,0.024312169,0.82735657,0.44088469,0.072061003,0.031770593,0.77035697,0.29911953,0.13912691,0.041615575,0.81378218,0.32790737,0.16893503,0.05539504,0.82801351,0.3373985,0.17412476,0.058749434,0.89287851,0.35196796,0.18867466,0.066407435
0b_baseline_best,file,13,baseline,10852,185.Bohemian_Waxwing/Bohemian_Waxwing_0039_177702.jpg,185,184,185.Bohemian_Waxwing,112,111,random_resized_crop,random_resized_crop,0,"{""area_fraction"":0.804844,""aspect"":0.8363,""fallback"":false,""height"":0.981013,""left"":0.157683,""top"":0.015499,""width"":0.820422}",0.0022518295,0.0030416436,0.00078981416,0.9977507,0.99696296,0.00068302942,0.0020198319,0.99706767,0.99494313,-0.0021245375,0.79109871,1.5858968,0.35167792,0.5577249,False,0.98455167,True,True,True,0.79109871,1.5858968,0.35167792,0.5577249,0.78502387,1.5827431,0.34497201,0.54600207,0.93922972,1.6642202,0.068349632,0.11374884,0.74278857,1.4565931,0.072061003,0.10496356,0.75278602,1.665437,0.13912691,0.23170709,0.77580054,1.7018568,0.16893503,0.28750323,0.78089294,1.5243198,0.17412476,0.26542182,0.82681757,1.5019661,0.18867466,0.28338294
0b_baseline_best,file,13,baseline,10852,185.Bohemian_Waxwing/Bohemian_Waxwing_0039_177702.jpg,185,184,185.Bohemian_Waxwing,112,111,gaussian_blur,gaussian_blur,0,"{""sigma"":1.887641}",0.0022518295,0.090693094,0.088441264,0.9977507,0.91329795,0.00068302942,0.016454389,0.99706767,0.89684356,-0.10022411,0.50793203,54.841794,0.35167792,19.286648,False,0.88961518,True,True,True,0.50793203,54.841794,0.35167792,19.286648,0.49965912,55.380441,0.34497201,19.104702,0.84197243,38.66801,0.068349632,2.6429442,0.42869293,45.293444,0.072061003,3.263891,0.23528723,60.900375,0.13912691,8.4728807,0.52487767,68.290545,0.16893503,11.536665,0.54929422,55.966426,0.17412476,9.7451407,0.68919183,39.122184,0.18867466,7.3813649
0b_baseline_best,file,13,baseline,10852,185.Bohemian_Waxwing/Bohemian_Waxwing_0039_177702.jpg,185,184,185.Bohemian_Waxwing,112,111,random_erasing,random_erasing,0,"{""area_fraction"":0.13115,""erased"":true,""height"":0.588371,""left"":0.688986,""top"":0.331127,""width"":0.222904}",0.0022518295,0.0061979941,0.0039461646,0.9977507,0.9938212,0.00068302942,0.0015251877,0.99706767,0.99229602,-0.0047716541,0.91009005,2.7481074,0.35167792,0.96644871,False,0.99038219,True,True,True,0.91009005,2.7481074,0.35167792,0.96644871,0.90717906,2.7519058,0.34497201,0.94933048,0.98774039,2.6495119,0.068349632,0.18109316,0.93245649,3.0464764,0.072061003,0.21953214,0.87057811,2.4475746,0.13912691,0.34052348,0.9166523,2.8837394,0.16893503,0.48716459,0.8988524,2.8196156,0.17412476,0.4909649,0.92551103,2.695791,0.18867466,0.50862746
0b_baseline_best,file,13,baseline,2635,046.Gadwall/Gadwall_0012_30920.jpg,46,45,046.Gadwall,65,64,identity,identity,0,{},0.85473645,0.85473645,0,0.42539528,0.42539528,0.15077622,0.15077622,0.27461906,0.27461906,0,1,1,101.5613,101.5613,False,1.0000001,True,True,True,1,1,101.5613,101.5613,1,1,99.898411,99.898411,1,1,18.303171,18.303171,1,1,23.856255,23.856255,1,1,40.63085,40.63085,1,1,52.044492,52.044492,1,1,49.773322,49.773322,1,1,50.731576,50.731576
0b_baseline_best,file,13,baseline,2635,046.Gadwall/Gadwall_0012_30920.jpg,46,45,046.Gadwall,65,64,horizontal_flip,horizontal_flip,0,"{""flipped"":true}",0.85473645,0.16702983,-0.68770662,0.42539528,0.84617436,0.15077622,0.017505968,0.27461906,0.82866839,0.55404933,0.61863387,0.2325718,101.5613,23.620295,False,0.94487703,True,True,True,0.61863387,0.2325718,101.5613,23.620295,0.60676768,0.23032679,99.898411,23.00928,0.91440792,0.29162863,18.303171,5.3377289,0.63071892,0.21397187,23.856255,5.1045676,0.46387086,0.23980903,40.63085,9.7436449,0.61663109,0.217845,52.044492,11.337633,0.59891831,0.221118,49.773322,11.005778,0.69197571,0.24836814,50.731576,12.600107
0b_baseline_best,file,13,baseline,2635,046.Gadwall/Gadwall_0012_30920.jpg,46,45,046.Gadwall,65,64,color_jitter,color_jitter,0,"{""brightness"":0.848759,""contrast"":1.364889,""hue"":-0.042545,""saturation"":1.222407}",0.85473645,1.501857,0.64712059,0.42539528,0.22271618,0.15077622,0.00564289,0.27461906,0.21707329,-0.057545765,0.64249768,1.2621566,101.5613,128.18627,False,0.89798689,False,True,False,0.64249768,1.2621566,101.5613,128.18627,0.63705488,1.2596204,99.898411,125.83408,0.79648543,1.3355027,18.303171,24.443935,0.75914358,1.4624902,23.856255,34.889538,0.6074389,1.3520191,40.63085,54.933687,0.61036022,1.2966555,52.044492,67.483777,0.63223285,1.2259866,49.773322,61.021426,0.66919155,1.1360359,50.731576,57.63289
0b_baseline_best,file,13,baseline,2635,046.Gadwall/Gadwall_0012_30920.jpg,46,45,046.Gadwall,65,64,rotation,rotation,0,"{""angle"":-3.237533}",0.85473645,1.1766858,0.32194936,0.42539528,0.3082988,0.15077622,0.23517631,0.27461906,0.073122486,-0.20149657,0.79181726,1.3414432,101.5613,136.23873,False,0.96723127,True,True,True,0.79181726,1.3414432,101.5613,136.23873,0.78650661,1.3443529,99.898411,134.29871,0.96369368,1.2516691,18.303171,22.909514,0.59404621,0.93583588,23.856255,22.32554,0.68476375,1.3380247,40.63085,54.365082,0.78327801,1.3875773,52.044492,72.215757,0.82724345,1.398257,49.773322,69.595897,0.85389045,1.3257342,50.731576,67.256584
0b_baseline_best,file,13,baseline,2635,046.Gadwall/Gadwall_0012_30920.jpg,46,45,046.Gadwall,65,64,random_resized_crop,random_resized_crop,0,"{""area_fraction"":0.76441,""aspect"":0.900083,""fallback"":false,""height"":0.921556,""left"":0.124859,""top"":0.020906,""width"":0.829477}",0.85473645,0.54035431,-0.31438214,0.42539528,0.58254182,0.15077622,0.048309144,0.27461906,0.53423268,0.25961362,0.76990226,0.71007247,101.5613,72.115886,False,0.94569886,True,True,True,0.76990226,0.71007247,101.5613,72.115886,0.7645979,0.71042534,99.898411,70.970363,0.93047954,0.699479,18.303171,12.802684,0.86165456,0.71494339,23.856255,17.055872,0.72668305,0.77711547,40.63085,31.574862,0.73344809,0.71162445,52.044492,37.036133,0.76832738,0.68442303,49.773322,34.066008,0.80327997,0.68757844,50.731576,34.881938
0b_baseline_best,file,13,baseline,2635,046.Gadwall/Gadwall_0012_30920.jpg,46,45,046.Gadwall,65,64,gaussian_blur,gaussian_blur,0,"{""sigma"":1.579205}",0.85473645,4.5759273,3.7211908,0.42539528,0.010296748,0.15077622,0.038035464,0.27461906,-0.027738716,-0.30235777,0.45927211,2.093198,101.5613,212.58792,False,0.84241295,False,True,False,0.45927211,2.093198,101.5613,212.58792,0.45192574,2.1049061,99.898411,210.27678,0.7387655,1.7079985,18.303171,31.26179,0.071213482,1.7819287,23.856255,42.510145,0.3975841,2.2904416,40.63085,93.062589,0.43429097,2.007765,52.044492,104.49311,0.50413615,2.1782964,49.773322,108.42105,0.53108757,2.0743704,50.731576,105.23608
0b_baseline_best,file,13,baseline,2635,046.Gadwall/Gadwall_0012_30920.jpg,46,45,046.Gadwall,65,64,random_erasing,random_erasing,0,"{""area_fraction"":0.16055,""erased"":true,""height"":0.223008,""left"":0.161092,""top"":0.385557,""width"":0.719929}",0.85473645,0.54716748,-0.30756897,0.42539528,0.57858634,0.15077622,0.06512963,0.27461906,0.51345671,0.23883765,0.781846,0.71743797,101.5613,72.863936,False,0.93934238,True,True,True,0.781846,0.71743797,101.5613,72.863936,0.77661192,0.71521083,99.898411,71.448426,0.92756651,0.78087566,18.303171,14.292501,0.87635871,0.65528634,23.856255,15.632678,0.74531796,0.67943482,40.63085,27.606015,0.78220744,0.7072149,52.044492,36.80664,0.75423864,0.74454663,49.773322,37.058559,0.79378579,0.72968547,50.731576,37.018094
0b_baseline_best,file,13,baseline,7837,134.Cape_Glossy_Starling/Cape_Glossy_Starling_0096_129388.jpg,134,133,134.Cape_Glossy_Starling,9,8,identity,identity,0,{},0.72964162,0.72964162,0,0.48208174,0.48208174,0.18234345,0.18234345,0.29973829,0.29973829,0,1,1,76.413909,76.413909,False,0.99999988,True,True,True,1,1,76.413909,76.413909,1,1,75.530879,75.530879,1,1,11.583257,11.583257,1,1,20.421553,20.421553,1,1,37.561662,37.561662,1,1,40.00087,40.00087,1,1,31.673472,31.673472,1,1,35.689172,35.689172
0b_baseline_best,file,13,baseline,7837,134.Cape_Glossy_Starling/Cape_Glossy_Starling_0096_129388.jpg,134,133,134.Cape_Glossy_Starling,9,8,horizontal_flip,horizontal_flip,0,"{""flipped"":true}",0.72964162,0.84287792,0.11323631,0.48208174,0.4304699,0.18234345,0.23596585,0.29973829,0.19450405,-0.10523424,0.81424693,1.0818381,76.413909,82.66748,False,0.97837061,True,True,True,0.81424693,1.0818381,76.413909,82.66748,0.8101532,1.0793483,75.530879,81.524125,0.97640832,1.1828656,11.583257,13.701437,0.81017512,0.85559228,20.421553,17.472523,0.83768516,1.0715492,37.561662,40.249168,0.83346513,1.1540302,40.00087,46.162212,0.73937266,1.1550055,31.673472,36.583034,0.82157068,0.99129187,35.689172,35.378386
0b_baseline_best,file,13,baseline,7837,134.Cape_Glossy_Starling/Cape_Glossy_Starling_0096_129388.jpg,134,133,134.Cape_Glossy_Starling,9,8,color_jitter,color_jitter,0,"{""brightness"":0.744449,""contrast"":1.111917,""hue"":-0.049103,""saturation"":1.038802}",0.72964162,0.062885523,-0.66675609,0.48208174,0.93905097,0.18234345,0.020767454,0.29973829,0.91828352,0.61854523,0.85312791,0.15424112,76.413909,11.786167,False,0.93263805,True,True,True,0.85312791,0.15424112,76.413909,11.786167,0.85178808,0.15464752,75.530879,11.680663,0.92501936,0.13584126,11.583257,1.5734843,0.85963902,0.16772496,20.421553,3.4252041,0.86604901,0.17119341,37.561662,6.4303088,0.88682494,0.14975835,40.00087,5.9904642,0.81335124,0.15291862,31.673472,4.8434636,0.82855146,0.1373028,35.689172,4.9002232
0b_baseline_best,file,13,baseline,7837,134.Cape_Glossy_Starling/Cape_Glossy_Starling_0096_129388.jpg,134,133,134.Cape_Glossy_Starling,9,8,rotation,rotation,0,"{""angle"":-2.497212}",0.72964162,0.75759733,0.027955711,0.48208174,0.46879143,0.18234345,0.19851433,0.29973829,0.2702771,-0.02946119,0.88642756,1.255242,76.413909,95.917946,False,0.95954168,True,True,True,0.88642756,1.255242,76.413909,95.917946,0.88502136,1.2579905,75.530879,95.017127,0.95768003,1.1322203,11.583257,13.114799,0.84638957,1.1130677,20.421553,22.730571,0.91214321,1.3290441,37.561662,49.921105,0.90590882,1.3510213,40.00087,54.042028,0.85570288,1.2760132,31.673472,40.415767,0.87434871,1.0726401,35.689172,38.281638
0b_baseline_best,file,13,baseline,7837,134.Cape_Glossy_Starling/Cape_Glossy_Starling_0096_129388.jpg,134,133,134.Cape_Glossy_Starling,9,8,random_resized_crop,random_resized_crop,0,"{""area_fraction"":0.681901,""aspect"":1.022498,""fallback"":false,""height"":0.816637,""left"":0.096433,""top"":0.115036,""width"":0.83501}",0.72964162,2.7039497,1.9743081,0.48208174,0.066940598,0.18234345,0.39679605,0.29973829,-0.32985545,-0.62959374,0.77290023,2.1053203,76.413909,160.87576,False,0.91774273,False,True,False,0.77290023,2.1053203,76.413909,160.87576,0.76950154,2.1026002,75.530879,158.81124,0.91097336,2.217895,11.583257,25.690448,0.66358483,2.0308258,20.421553,41.472617,0.83596145,2.318943,37.561662,87.103352,0.82907482,2.1935717,40.00087,87.744777,0.70616821,2.0284073,31.673472,64.246704,0.69523081,1.7913453,35.689172,63.931631
0b_baseline_best,file,13,baseline,7837,134.Cape_Glossy_Starling/Cape_Glossy_Starling_0096_129388.jpg,134,133,134.Cape_Glossy_Starling,9,8,gaussian_blur,gaussian_blur,0,"{""sigma"":1.426822}",0.72964162,2.8491788,2.1195372,0.48208174,0.057891842,0.18234345,0.090969607,0.29973829,-0.033077765,-0.33281605,0.64475086,1.6121812,76.413909,123.19307,False,0.92070603,False,True,False,0.64475086,1.6121812,76.413909,123.19307,0.63834066,1.6030905,75.530879,121.08283,0.88037369,1.9600857,11.583257,22.704176,0.35206023,1.4248588,20.421553,29.097829,0.56401762,1.7261471,37.561662,64.836954,0.71097662,1.6663684,40.00087,66.656186,0.67689199,1.5960977,31.673472,50.553958,0.69937601,1.4319654,35.689172,51.105659
0b_baseline_best,file,13,baseline,7837,134.Cape_Glossy_Starling/Cape_Glossy_Starling_0096_129388.jpg,134,133,134.Cape_Glossy_Starling,9,8,random_erasing,random_erasing,0,"{""area_fraction"":0.08688,""erased"":true,""height"":0.481393,""left"":0.647247,""top"":0.015837,""width"":0.180476}",0.72964162,0.7251851,-0.0044565201,0.48208174,0.48423493,0.18234345,0.090888351,0.29973829,0.39334658,0.09360829,0.88916587,0.94721708,76.413909,72.38056,False,0.97637743,True,True,True,0.88916587,0.94721708,76.413909,72.38056,0.88741022,0.94668433,75.530879,71.5039,0.96229935,0.96959881,11.583257,11.231112,0.93327338,0.85682505,20.421553,17.497698,0.89157564,0.93510333,37.561662,35.124035,0.90512363,0.94370355,40.00087,37.748963,0.84966122,0.97065036,31.673472,30.743867,0.87969178,0.97175094,35.689172,34.680986
0b_baseline_best,file,13,baseline,9657,165.Chestnut_sided_Warbler/Chestnut_Sided_Warbler_0081_163854.jpg,165,164,165.Chestnut_sided_Warbler,166,165,identity,identity,0,{},0.0090122595,0.0090122595,0,0.99102825,0.99102825,0.0058680978,0.0058680978,0.98516015,0.98516015,0,1,1,1.7198955,1.7198955,False,1.0000001,True,True,True,1,1,1.7198955,1.7198955,1,1,1.6896698,1.6896698,1,1,0.32102383,0.32102383,1,1,0.49451008,0.49451008,1,1,0.69451829,0.69451829,1,1,0.98698785,0.98698785,1,1,0.81389526,0.81389526,1,1,0.70108325,0.70108325
0b_baseline_best,file,13,baseline,9657,165.Chestnut_sided_Warbler/Chestnut_Sided_Warbler_0081_163854.jpg,165,164,165.Chestnut_sided_Warbler,166,165,horizontal_flip,horizontal_flip,0,"{""flipped"":true}",0.0090122595,0.0034575225,-0.0055547371,0.99102825,0.99654847,0.0058680978,0.0020381969,0.98516015,0.99451028,0.0093501254,0.71086762,0.29383899,1.7198955,0.50537234,False,0.97425884,True,True,True,0.71086762,0.29383899,1.7198955,0.50537234,0.69962836,0.28945981,1.6896698,0.48909151,0.97195206,0.39636522,0.32102383,0.12724268,0.69305023,0.2067227,0.49451008,0.10222646,0.6222902,0.25786604,0.69451829,0.17909268,0.75502123,0.27631795,0.98698785,0.27272246,0.66024989,0.30264611,0.81389526,0.24632224,0.74769819,0.3541116,0.70108325,0.24826171
0b_baseline_best,file,13,baseline,9657,165.Chestnut_sided_Warbler/Chestnut_Sided_Warbler_0081_163854.jpg,165,164,165.Chestnut_sided_Warbler,166,165,color_jitter,color_jitter,0,"{""brightness"":1.149382,""contrast"":0.663842,""hue"":0.092628,""saturation"":0.631627}",0.0090122595,0.070762008,0.061749749,0.99102825,0.9316836,0.0058680978,0.0066059488,0.98516015,0.92507765,-0.0600825,0.5786152,7.5243456,1.7198955,12.941088,False,0.88371515,True,True,True,0.5786152,7.5243456,1.7198955,12.941088,0.57316966,7.5654086,1.6896698,12.783043,0.7700756,6.2809297,0.32102383,2.0163281,0.72911967,5.8324077,0.49451008,2.8841844,0.54232271,9.567133,0.69451829,6.6445489,0.6132864,6.567002,0.98698785,6.4815512,0.54443457,7.4978445,0.81389526,6.1024601,0.55998072,8.0291888,0.70108325,5.6291298
0b_baseline_best,file,13,baseline,9657,165.Chestnut_sided_Warbler/Chestnut_Sided_Warbler_0081_163854.jpg,165,164,165.Chestnut_sided_Warbler,166,165,rotation,rotation,0,"{""angle"":6.046282}",0.0090122595,0.029235585,0.020223325,0.99102825,0.97118765,0.0058680978,0.0096901534,0.98516015,0.9614975,-0.023662654,0.83165252,2.7250968,1.7198955,4.6868816,False,0.96655959,True,True,True,0.83165252,2.7250968,1.7198955,4.6868816,0.82830766,2.7256895,1.6896698,4.6055152,0.92491522,2.7086255,0.32102383,0.86953335,0.87276586,2.35766,0.49451008,1.1658867,0.81347137,2.7515526,0.69451829,1.9110036,0.83792405,2.6091651,0.98698785,2.5752143,0.81486746,2.852753,0.81389526,2.3218421,0.83278257,2.9151144,0.70108325,2.0437379
0b_baseline_best,file,13,baseline,9657,165.Chestnut_sided_Warbler/Chestnut_Sided_Warbler_0081_163854.jpg,165,164,165.Chestnut_sided_Warbler,166,165,random_resized_crop,random_resized_crop,0,"{""area_fraction"":0.698655,""aspect"":1.221483,""fallback"":false,""height"":0.756289,""left"":0.024305,""top"":0.101167,""width"":0.923794}",0.0090122595,0.011303905,0.0022916459,0.99102825,0.98875976,0.0058680978,0.0062736715,0.98516015,0.98248608,-0.0026740669,0.71886393,1.3321439,1.7198955,2.2911483,False,0.96363437,True,True,True,0.71886393,1.3321439,1.7198955,2.2911483,0.71105625,1.3357749,1.6896698,2.2570186,0.95677787,1.2272909,0.32102383,0.39398964,0.60878856,1.2664917,0.49451008,0.6262929,0.59165513,1.3384606,0.69451829,0.92958537,0.73927834,1.3385296,0.98698785,1.3211125,0.72414974,1.3505709,0.81389526,1.0992232,0.80299025,1.3411853,0.70108325,0.94028254
0b_baseline_best,file,13,baseline,9657,165.Chestnut_sided_Warbler/Chestnut_Sided_Warbler_0081_163854.jpg,165,164,165.Chestnut_sided_Warbler,166,165,gaussian_blur,gaussian_blur,0,"{""sigma"":1.267565}",0.0090122595,0.87368214,0.86466988,0.99102825,0.41741177,0.0058680978,0.52959806,0.98516015,-0.11218628,-1.0973464,0.68072181,94.935792,1.7198955,163.27964,False,0.90835238,False,True,False,0.68072181,94.935792,1.7198955,163.27964,0.6757606,95.683445,1.6896698,161.67343,0.89475517,71.166262,0.32102383,22.846066,0.57566616,116.19846,0.49451008,57.46131,0.56720283,98.257817,0.69451829,68.241851,0.73088732,95.356644,0.98698785,94.115849,0.71843985,99.271814,0.81389526,80.796859,0.70765672,75.390055,0.70108325,52.854705
0b_baseline_best,file,13,baseline,9657,165.Chestnut_sided_Warbler/Chestnut_Sided_Warbler_0081_163854.jpg,165,164,165.Chestnut_sided_Warbler,166,165,random_erasing,random_erasing,0,"{""area_fraction"":0.158685,""erased"":true,""height"":0.534361,""left"":0.676311,""top"":0.22675,""width"":0.296963}",0.0090122595,0.0086760949,-0.00033616461,0.99102825,0.99136144,0.0058680978,0.0040084538,0.98516015,0.98735299,0.0021928339,0.93942218,0.88853072,1.7198955,1.52818,False,0.98933488,True,True,True,0.93942218,0.88853072,1.7198955,1.52818,0.93808899,0.88924641,1.6896698,1.5025328,0.97749301,0.86846932,0.32102383,0.27879935,0.98136161,0.85168828,0.49451008,0.42116844,0.9386954,0.90608277,0.69451829,0.62929106,0.9495188,0.89365123,0.98698785,0.8820229,0.92274156,0.88159451,0.81389526,0.71752559,0.91534033,0.89236997,0.70108325,0.62562564
0b_baseline_best,file,13,baseline,4392,076.Dark_eyed_Junco/Dark_Eyed_Junco_0013_66332.jpg,76,75,076.Dark_eyed_Junco,26,25,identity,identity,0,{},0.46418872,0.46418872,0,0.62864488,0.62864488,0.16340713,0.16340713,0.46523775,0.46523775,0,1,1,62.524643,62.524643,False,1,True,True,True,1,1,62.524643,62.524643,1,1,61.365977,61.365977,1,1,11.981142,11.981142,1,1,21.12055,21.12055,1,1,30.384054,30.384054,1,1,31.541305,31.541305,1,1,26.627524,26.627524,1,1,26.317977,26.317977
0b_baseline_best,file,13,baseline,4392,076.Dark_eyed_Junco/Dark_Eyed_Junco_0013_66332.jpg,76,75,076.Dark_eyed_Junco,26,25,horizontal_flip,horizontal_flip,0,"{""flipped"":true}",0.46418872,0.24619851,-0.21799022,0.62864488,0.78176701,0.16340713,0.16554439,0.46523775,0.61622262,0.15098487,0.5969447,0.56808686,62.524643,35.519428,False,0.96145463,True,True,True,0.5969447,0.56808686,62.524643,35.519428,0.58166865,0.56240662,61.365977,34.512632,0.93237941,0.70084336,11.981142,8.3969038,0.4129957,0.47109049,21.12055,9.9496904,0.61364358,0.48191495,30.384054,14.64253,0.62215553,0.53343681,31.541305,16.825293,0.51822194,0.6386636,26.627524,17.00603,0.66808165,0.6640498,26.317977,17.476447
0b_baseline_best,file,13,baseline,4392,076.Dark_eyed_Junco/Dark_Eyed_Junco_0013_66332.jpg,76,75,076.Dark_eyed_Junco,26,25,color_jitter,color_jitter,0,"{""brightness"":1.320244,""contrast"":0.856666,""hue"":0.099813,""saturation"":0.90191}",0.46418872,1.9068918,1.4427031,0.62864488,0.14854136,0.16340713,0.0034864557,0.46523775,0.14505491,-0.32018285,0.52916009,2.1213652,62.524643,132.6376,False,0.86543,False,True,False,0.52916009,2.1213652,62.524643,132.6376,0.52109333,2.1227231,61.365977,130.26298,0.74464572,2.0854263,11.981142,24.985788,0.51220487,1.7139586,21.12055,36.199748,0.54437859,1.8949119,30.384054,57.575106,0.55457533,2.2978812,31.541305,72.47817,0.49972966,2.2295756,26.627524,59.368076,0.48601603,2.2688522,26.317977,59.711601
0b_baseline_best,file,13,baseline,4392,076.Dark_eyed_Junco/Dark_Eyed_Junco_0013_66332.jpg,76,75,076.Dark_eyed_Junco,26,25,rotation,rotation,0,"{""angle"":-1.712629}",0.46418872,0.51771152,0.053522795,0.62864488,0.59588265,0.16340713,0.14852227,0.46523775,0.44736038,-0.01787737,0.86408919,1.1117094,62.524643,69.50923,False,0.98543143,True,True,True,0.86408919,1.1117094,62.524643,69.50923,0.85983894,1.1132707,61.365977,68.316947,0.98076221,1.069935,11.981142,12.819043,0.81959503,1.1844431,21.12055,25.01609,0.85994819,1.0762665,30.384054,32.70134,0.87305327,1.1667742,31.541305,36.801579,0.85261592,1.0800589,26.627524,28.759295,0.87963539,1.0683598,26.317977,28.117069
0b_baseline_best,file,13,baseline,4392,076.Dark_eyed_Junco/Dark_Eyed_Junco_0013_66332.jpg,76,75,076.Dark_eyed_Junco,26,25,random_resized_crop,random_resized_crop,0,"{""area_fraction"":0.642871,""aspect"":1.160644,""fallback"":false,""height"":0.744239,""left"":0.031685,""top"":0.045999,""width"":0.863797}",0.46418872,0.14545178,-0.31873694,0.62864488,0.86463159,0.16340713,0.084225446,0.46523775,0.78040615,0.3151684,0.74553943,0.44780492,62.524643,27.998842,False,0.92339367,True,True,True,0.74553943,0.44780492,62.524643,27.998842,0.73970715,0.44893309,61.365977,27.549218,0.91215638,0.41712011,11.981142,4.9975752,0.76616793,0.4035236,21.12055,8.5226406,0.72439166,0.44686374,30.384054,13.577532,0.79273818,0.48584221,31.541305,15.324097,0.68378391,0.44235508,26.627524,11.77882,0.72481338,0.43056655,26.317977,11.331641
0b_baseline_best,file,13,baseline,4392,076.Dark_eyed_Junco/Dark_Eyed_Junco_0013_66332.jpg,76,75,076.Dark_eyed_Junco,26,25,gaussian_blur,gaussian_blur,0,"{""sigma"":1.599354}",0.46418872,3.1617002,2.6975115,0.62864488,0.04235366,0.16340713,0.017002944,0.46523775,0.025350716,-0.43988704,0.50760788,3.3866059,62.524643,211.74632,False,0.84042609,False,True,False,0.50760788,3.3866059,62.524643,211.74632,0.50412879,3.431233,61.365977,210.56097,0.77002845,1.8674126,11.981142,22.373736,0.71197689,3.9106281,21.12055,82.594618,0.39894742,3.6378732,30.384054,110.53333,0.51315712,3.5888491,31.541305,113.19698,0.49003149,3.2877851,26.627524,87.545574,0.52419409,2.6376067,26.317977,69.416473
0b_baseline_best,file,13,baseline,4392,076.Dark_eyed_Junco/Dark_Eyed_Junco_0013_66332.jpg,76,75,076.Dark_eyed_Junco,26,25,random_erasing,random_erasing,0,"{""area_fraction"":0.183178,""erased"":true,""height"":0.417124,""left"":0.052776,""top"":0.054672,""width"":0.439145}",0.46418872,0.19946091,-0.26472782,0.62864488,0.81917226,0.16340713,0.09374819,0.46523775,0.72542407,0.26018632,0.90368559,0.46451174,62.524643,29.043431,False,0.97150582,True,True,True,0.90368559,0.46451174,62.524643,29.043431,0.90118386,0.4624804,61.365977,28.380562,0.96763799,0.51494668,11.981142,6.1696493,0.94553991,0.37388059,21.12055,7.8965638,0.91946448,0.45831,30.384054,13.925316,0.91477046,0.47128339,31.541305,14.864893,0.88762317,0.47902756,26.627524,12.755318,0.86356995,0.48885119,26.317977,12.865574
0b_baseline_best,file,13,baseline,225,004.Groove_billed_Ani/Groove_Billed_Ani_0027_1754.jpg,4,3,004.Groove_billed_Ani,54,53,identity,identity,0,{},0.051378943,0.051378943,0,0.94991863,0.94991863,0.016367463,0.016367463,0.93355116,0.93355116,0,1,1,8.6592205,8.6592205,False,1,True,True,True,1,1,8.6592205,8.6592205,1,1,8.5123008,8.5123008,1,1,1.588343,1.588343,1,1,1.9272319,1.9272319,1,1,3.3260964,3.3260964,1,1,4.2494442,4.2494442,1,1,4.5209158,4.5209158,1,1,4.3801449,4.3801449
0b_baseline_best,file,13,baseline,225,004.Groove_billed_Ani/Groove_Billed_Ani_0027_1754.jpg,4,3,004.Groove_billed_Ani,54,53,horizontal_flip,horizontal_flip,0,"{""flipped"":true}",0.051378943,0.18951458,0.13813563,0.94991863,0.82736063,0.016367463,0.0085359337,0.93355116,0.8188247,-0.11472647,0.41806811,4.3281283,8.6592205,37.478217,False,0.95556873,True,True,True,0.41806811,4.3281283,8.6592205,37.478217,0.40468531,4.3543607,8.5123008,37.065628,0.9073756,3.4915685,1.588343,5.5458083,0.10806136,6.4321183,1.9272319,12.396183,0.12257885,4.657725,3.3260964,15.492043,0.3940297,4.548328,4.2494442,19.327866,0.45536139,4.1651648,4.5209158,18.830359,0.68534705,3.6245074,4.3801449,15.875868
0b_baseline_best,file,13,baseline,225,004.Groove_billed_Ani/Groove_Billed_Ani_0027_1754.jpg,4,3,004.Groove_billed_Ani,54,53,color_jitter,color_jitter,0,"{""brightness"":1.325757,""contrast"":0.770317,""hue"":0.065775,""saturation"":1.18766}",0.051378943,0.35023651,0.29885756,0.94991863,0.70452148,0.016367463,0.0067408513,0.93355116,0.69778063,-0.23577054,0.60327697,6.7179696,8.6592205,58.17238,False,0.91256523,True,True,True,0.60327697,6.7179696,8.6592205,58.17238,0.59713992,6.7715459,8.5123008,57.641436,0.87463926,4.9369658,1.588343,7.841595,0.41209737,5.5670414,1.9272319,10.72898,0.41628645,8.1418299,3.3260964,27.080511,0.57956018,7.6314627,4.2494442,32.429475,0.66644512,6.2650055,4.5209158,28.323562,0.74964732,5.6854999,4.3801449,24.903314
0b_baseline_best,file,13,baseline,225,004.Groove_billed_Ani/Groove_Billed_Ani_0027_1754.jpg,4,3,004.Groove_billed_Ani,54,53,rotation,rotation,0,"{""angle"":-4.932019}",0.051378943,0.14297168,0.091592737,0.94991863,0.86677861,0.016367463,0.033601653,0.93355116,0.83317696,-0.10037421,0.7756232,2.8629444,8.6592205,24.790867,False,0.9733628,True,True,True,0.7756232,2.8629444,8.6592205,24.790867,0.77011267,2.8759384,8.5123008,24.480853,0.96978433,2.460623,1.588343,3.9083133,0.84548261,3.5229481,1.9272319,6.7895378,0.61451703,2.7577767,3.3260964,9.1726314,0.74740082,3.0758713,4.2494442,13.070743,0.78470618,2.771017,4.5209158,12.527534,0.85882824,2.7137694,4.3801449,11.886703
0b_baseline_best,file,13,baseline,225,004.Groove_billed_Ani/Groove_Billed_Ani_0027_1754.jpg,4,3,004.Groove_billed_Ani,54,53,random_resized_crop,random_resized_crop,0,"{""area_fraction"":0.712608,""aspect"":0.752465,""fallback"":false,""height"":0.973156,""left"":0.108466,""top"":0.024411,""width"":0.732265}",0.051378943,0.30416632,0.25278737,0.94991863,0.73773813,0.016367463,0.075426891,0.93355116,0.66231124,-0.27123992,0.68166794,5.9571639,8.6592205,51.584395,False,0.94024068,True,True,True,0.68166794,5.9571639,8.6592205,51.584395,0.67451986,5.9874846,8.5123008,50.96727,0.93767731,5.0085697,1.588343,7.9553265,0.66496839,6.8533089,1.9272319,13.207915,0.5473041,6.9536972,3.3260964,23.128668,0.6332648,6.3092807,4.2494442,26.810937,0.70912157,5.6063934,4.5209158,25.346032,0.79761546,5.2411847,4.3801449,22.957148
0b_baseline_best,file,13,baseline,225,004.Groove_billed_Ani/Groove_Billed_Ani_0027_1754.jpg,4,3,004.Groove_billed_Ani,54,53,gaussian_blur,gaussian_blur,0,"{""sigma"":1.734615}",0.051378943,0.080640405,0.029261462,0.94991863,0.92252535,0.016367463,0.0019235836,0.93355116,0.92060176,-0.012949402,0.31383535,1.7398459,8.6592205,15.065709,False,0.81353813,True,True,True,0.31383535,1.7398459,8.6592205,15.065709,0.30171128,1.7485531,8.5123008,14.88421,0.73331727,1.4678793,1.588343,2.3314957,0.034777593,1.914426,1.9272319,3.6895427,0.042240098,1.9756895,3.3260964,6.5713339,0.33762077,2.0153115,4.2494442,8.5639537,0.29408549,1.5608106,4.5209158,7.0562931,0.54459616,1.4727218,4.3801449,6.4507349
0b_baseline_best,file,13,baseline,225,004.Groove_billed_Ani/Groove_Billed_Ani_0027_1754.jpg,4,3,004.Groove_billed_Ani,54,53,random_erasing,random_erasing,0,"{""area_fraction"":0.099445,""erased"":true,""height"":0.233044,""left"":0.122276,""top"":0.553844,""width"":0.426722}",0.051378943,0.03767205,-0.013706893,0.94991863,0.96302873,0.016367463,0.0069386647,0.93355116,0.95609006,0.0225389,0.86206393,0.72995215,8.6592205,6.3208166,False,0.97796726,True,True,True,0.86206393,0.72995215,8.6592205,6.3208166,0.85823638,0.72859028,8.5123008,6.2019797,0.96750641,0.76803689,1.588343,1.219906,0.85442155,0.63632308,1.9272319,1.2263421,0.81015498,0.71326317,3.3260964,2.3723821,0.87149365,0.73987995,4.2494442,3.1440786,0.86183258,0.75140467,4.5209158,3.3970372,0.87165222,0.71860499,4.3801449,3.147594
0b_baseline_best,file,13,baseline,55,001.Black_footed_Albatross/Black_Footed_Albatross_0007_796138.jpg,1,0,001.Black_footed_Albatross,31,30,identity,identity,0,{},0.28166321,0.28166321,0,0.75452775,0.75452775,0.10188325,0.10188325,0.65264449,0.65264449,0,1,1,50.195475,50.195475,False,1,True,True,True,1,1,50.195475,50.195475,1,1,49.643653,49.643653,1,1,7.4224909,7.4224909,1,1,9.1180609,9.1180609,1,1,22.299594,22.299594,1,1,28.942015,28.942015,1,1,24.326911,24.326911,1,1,21.322348,21.322348
0b_baseline_best,file,13,baseline,55,001.Black_footed_Albatross/Black_Footed_Albatross_0007_796138.jpg,1,0,001.Black_footed_Albatross,31,30,horizontal_flip,horizontal_flip,0,"{""flipped"":true}",0.28166321,1.083683,0.8020198,0.75452775,0.33834711,0.10188325,0.21295632,0.65264449,0.12539078,-0.52725371,0.71540041,2.1254188,50.195475,106.68641,False,0.96734375,True,True,True,0.71540041,2.1254188,50.195475,106.68641,0.70946414,2.1209902,49.643653,105.2937,0.96137971,2.3148741,7.4224909,17.182132,0.73913693,2.2040442,9.1180609,20.096609,0.55621938,2.0174954,22.299594,44.989329,0.72692582,2.0790192,28.942015,60.171007,0.72041364,2.1293398,24.326911,51.800259,0.81302975,2.2759542,21.322348,48.528686
0b_baseline_best,file,13,baseline,55,001.Black_footed_Albatross/Black_Footed_Albatross_0007_796138.jpg,1,0,001.Black_footed_Albatross,31,30,color_jitter,color_jitter,0,"{""brightness"":0.881096,""contrast"":0.75422,""hue"":-0.073489,""saturation"":1.352048}",0.28166321,3.5415359,3.2598726,0.75452775,0.028968796,0.10188325,0.055966772,0.65264449,-0.026997976,-0.67964247,0.70470592,3.4754264,50.195475,174.45068,False,0.82294929,False,True,False,0.70470592,3.4754264,50.195475,174.45068,0.70356132,3.4794533,49.643653,172.73277,0.75993061,3.2902544,7.4224909,24.421883,0.40537044,2.5772417,9.1180609,23.499447,0.66505556,3.3415556,22.299594,74.515334,0.75854534,3.5754214,28.942015,103.4799,0.733719,3.4866453,24.326911,84.819309,0.64829652,3.5807883,21.322348,76.350813
0b_baseline_best,file,13,baseline,55,001.Black_footed_Albatross/Black_Footed_Albatross_0007_796138.jpg,1,0,001.Black_footed_Albatross,31,30,rotation,rotation,0,"{""angle"":11.78078}",0.28166321,0.16092899,-0.12073421,0.75452775,0.85135251,0.10188325,0.031892203,0.65264449,0.81946031,0.16681582,0.76099584,0.53993983,50.195475,27.102536,False,0.92760879,True,True,True,0.76099584,0.53993983,50.195475,27.102536,0.75759666,0.53859881,49.643653,26.738012,0.90212967,0.59685379,7.4224909,4.4301418,0.62671279,0.51610508,9.1180609,4.7058775,0.73230447,0.55374926,22.299594,12.348384,0.78378007,0.5212389,28.942015,15.085704,0.74368067,0.53622974,24.326911,13.044813,0.78116603,0.55994487,21.322348,11.939339
0b_baseline_best,file,13,baseline,55,001.Black_footed_Albatross/Black_Footed_Albatross_0007_796138.jpg,1,0,001.Black_footed_Albatross,31,30,random_resized_crop,random_resized_crop,0,"{""area_fraction"":0.80516,""aspect"":0.866365,""fallback"":false,""height"":0.96403,""left"":0.034694,""top"":0.03165,""width"":0.835202}",0.28166321,0.19387954,-0.087783664,0.75452775,0.82375711,0.10188325,0.083314821,0.65264449,0.74044229,0.087797798,0.78770704,0.71569603,50.195475,35.924702,False,0.97340816,True,True,True,0.78770704,0.71569603,50.195475,35.924702,0.78335809,0.71438268,49.643653,35.464566,0.97001868,0.77216447,7.4224909,5.7313837,0.61412891,0.66054744,9.1180609,6.0229118,0.66301467,0.67504248,22.299594,15.053173,0.81325174,0.73764624,28.942015,21.348969,0.80922595,0.72722888,24.326911,17.691232,0.8487441,0.70521069,21.322348,15.036748
0b_baseline_best,file,13,baseline,55,001.Black_footed_Albatross/Black_Footed_Albatross_0007_796138.jpg,1,0,001.Black_footed_Albatross,31,30,gaussian_blur,gaussian_blur,0,"{""sigma"":1.325562}",0.28166321,3.0317788,2.7501156,0.75452775,0.048229776,0.10188325,0.13566571,0.65264449,-0.087435938,-0.74008043,0.53624145,3.8783352,50.195475,194.67488,False,0.78508246,False,True,False,0.53624145,3.8783352,50.195475,194.67488,0.53163737,3.8757488,49.643653,192.40633,0.73641225,3.9923218,7.4224909,29.632972,0.38926894,3.5597383,9.1180609,32.457911,0.48410205,4.0242236,22.299594,89.738553,0.52292654,4.1721537,28.942015,120.75054,0.55687059,3.6183661,24.326911,88.02367,0.61134799,3.5048487,21.322348,74.731603
0b_baseline_best,file,13,baseline,55,001.Black_footed_Albatross/Black_Footed_Albatross_0007_796138.jpg,1,0,001.Black_footed_Albatross,31,30,random_erasing,random_erasing,0,"{""area_fraction"":0.175614,""erased"":true,""height"":0.65705,""left"":0.268868,""top"":0.059909,""width"":0.267276}",0.28166321,0.43804675,0.15638354,0.75452775,0.64529562,0.10188325,0.010951089,0.65264449,0.63434453,-0.018299961,0.46445859,1.2167292,50.195475,61.074299,False,0.8646524,True,True,True,0.46445859,1.2167292,50.195475,61.074299,0.4569623,1.2160792,49.643653,60.370615,0.79200958,1.2454573,7.4224909,9.2443956,0.31113023,1.1510946,9.1180609,10.49575,0.24273183,1.3354068,22.299594,29.77903,0.52992919,1.1978563,28.942015,34.668376,0.47879724,1.093387,24.326911,26.598729,0.58173695,1.2743036,21.322348,27.171144
0b_baseline_best,file,13,baseline,4845,083.White_breasted_Kingfisher/White_Breasted_Kingfisher_0018_71137.jpg,83,82,083.White_breasted_Kingfisher,69,68,identity,identity,0,{},0.0076561589,0.0076561589,0,0.99237305,0.99237305,0.00078450295,0.00078450295,0.99158855,0.99158855,0,1,1,1.2972134,1.2972134,False,1,True,True,True,1,1,1.2972134,1.2972134,1,1,1.2801516,1.2801516,1,1,0.20970115,0.20970115,1,1,0.17263854,0.17263854,1,1,0.52481162,0.52481162,1,1,0.67482809,0.67482809,1,1,0.65556076,0.65556076,1,1,0.66962965,0.66962965
0b_baseline_best,file,13,baseline,4845,083.White_breasted_Kingfisher/White_Breasted_Kingfisher_0018_71137.jpg,83,82,083.White_breasted_Kingfisher,69,68,horizontal_flip,horizontal_flip,0,"{""flipped"":true}",0.0076561589,0.057634369,0.04997821,0.99237305,0.94399506,0.00078450295,0.012860505,0.99158855,0.93113455,-0.060453993,0.68761921,7.4563437,1.2972134,9.672469,False,0.96887326,True,True,True,0.68761921,7.4563437,1.2972134,9.672469,0.68045221,7.4592914,1.2801516,9.5490235,0.95892063,7.345651,0.20970115,1.5403915,0.67700198,8.5836156,0.17263854,1.4818629,0.66782977,7.0972505,0.52481162,3.7247195,0.63676176,7.1395217,0.67482809,4.8179498,0.64412522,7.9755229,0.65556076,5.2284398,0.77171752,7.4015937,0.66962965,4.9563266
0b_baseline_best,file,13,baseline,4845,083.White_breasted_Kingfisher/White_Breasted_Kingfisher_0018_71137.jpg,83,82,083.White_breasted_Kingfisher,69,68,color_jitter,color_jitter,0,"{""brightness"":1.096269,""contrast"":1.364652,""hue"":0.012824,""saturation"":1.096295}",0.0076561589,0.023006538,0.015350379,0.99237305,0.97725612,0.00078450295,0.002683555,0.99158855,0.97457256,-0.017015982,0.88939739,2.6239826,1.2972134,3.4038654,False,0.98834765,True,True,True,0.88939739,2.6239826,1.2972134,3.4038654,0.88669004,2.6213942,1.2801516,3.3557819,0.98725535,2.7186873,0.20970115,0.57011186,0.69590769,2.6267866,0.17263854,0.45348461,0.84408276,2.200937,0.52481162,1.1550773,0.88558668,2.5645567,0.67482809,1.7306349,0.89239264,2.7589326,0.65556076,1.808648,0.92441779,2.7758541,0.66962965,1.8587942
0b_baseline_best,file,13,baseline,4845,083.White_breasted_Kingfisher/White_Breasted_Kingfisher_0018_71137.jpg,83,82,083.White_breasted_Kingfisher,69,68,rotation,rotation,0,"{""angle"":-4.124921}",0.0076561589,0.048225701,0.040569542,0.99237305,0.95291871,0.00078450295,0.0022034228,0.99158855,0.95071529,-0.040873261,0.87611362,5.8063215,1.2972134,7.532038,False,0.98219168,True,True,True,0.87611362,5.8063215,1.2972134,7.532038,0.87345471,5.8122022,1.2801516,7.4404998,0.97996782,5.5827486,0.20970115,1.1707088,0.74713589,5.7697809,0.17263854,0.99608657,0.82379365,5.5526475,0.52481162,2.9140939,0.86958941,5.9167831,0.67482809,3.9928114,0.87744673,5.9276413,0.65556076,3.885929,0.91232264,5.7516607,0.66962965,3.8514826
0b_baseline_best,file,13,baseline,4845,083.White_breasted_Kingfisher/White_Breasted_Kingfisher_0018_71137.jpg,83,82,083.White_breasted_Kingfisher,69,68,random_resized_crop,random_resized_crop,0,"{""area_fraction"":0.639922,""aspect"":0.908645,""fallback"":false,""height"":0.839202,""left"":0.202775,""top"":0.040803,""width"":0.762537}",0.0076561589,0.05779269,0.050136531,0.99237305,0.94384557,0.00078450295,0.0054789623,0.99158855,0.93836661,-0.053221939,0.74007486,7.2035429,1.2972134,9.3445324,False,0.94505358,True,True,True,0.74007486,7.2035429,1.2972134,9.3445324,0.73467239,7.203348,1.2801516,9.2213771,0.94119967,7.2108057,0.20970115,1.5121143,0.57317173,9.8216396,0.17263854,1.6955935,0.64303746,7.0942437,0.52481162,3.7231415,0.70831538,7.4305572,0.67482809,5.0143487,0.75578772,7.1949835,0.65556076,4.7167489,0.82129991,6.8280433,0.66962965,4.5722602
0b_baseline_best,file,13,baseline,4845,083.White_breasted_Kingfisher/White_Breasted_Kingfisher_0018_71137.jpg,83,82,083.White_breasted_Kingfisher,69,68,gaussian_blur,gaussian_blur,0,"{""sigma"":1.889049}",0.0076561589,0.24554826,0.2378921,0.99237305,0.7822755,0.00078450295,0.030442599,0.99158855,0.7518329,-0.23975565,0.5488859,30.733695,1.2972134,39.868161,False,0.8917737,True,True,True,0.5488859,30.733695,1.2972134,39.868161,0.54138299,30.848028,1.2801516,39.490151,0.88657661,26.118417,0.20970115,5.4770621,0.15232289,48.22404,0.17263854,8.3253279,0.2792136,30.172707,0.52481162,15.834987,0.54383123,31.950233,0.67482809,21.560915,0.60568399,32.523225,0.65556076,21.32095,0.70554743,26.712339,0.66962965,17.887374
0b_baseline_best,file,13,baseline,4845,083.White_breasted_Kingfisher/White_Breasted_Kingfisher_0018_71137.jpg,83,82,083.White_breasted_Kingfisher,69,68,random_erasing,random_erasing,0,"{""area_fraction"":0.144528,""erased"":true,""height"":0.317972,""left"":0.082802,""top"":0.578213,""width"":0.454532}",0.0076561589,0.0059473929,-0.001708766,0.99237305,0.99407023,0.00078450295,0.00070909888,0.99158855,0.99336113,0.0017725867,0.92105466,0.72838025,1.2972134,0.94486462,False,0.97928303,True,True,True,0.92105466,0.72838025,1.2972134,0.94486462,0.91948108,0.72712668,1.2801516,0.93083235,0.97789302,0.77364976,0.20970115,0.16223524,0.80767547,0.80543998,0.17263854,0.13904998,0.9467427,0.75249358,0.52481162,0.39491737,0.94127529,0.7007317,0.67482809,0.47287343,0.90213607,0.73284527,0.65556076,0.4804246,0.90713968,0.72660527,0.66962965,0.48655643
0b_baseline_best,file,13,baseline,3657,063.Ivory_Gull/Ivory_Gull_0027_48974.jpg,63,62,063.Ivory_Gull,60,59,identity,identity,0,{},0.41871983,0.41871983,0,0.65788853,0.65788853,0.11907149,0.11907149,0.53881704,0.53881704,0,1,1,65.886513,65.886513,False,0.99999988,True,True,True,1,1,65.886513,65.886513,1,1,64.87298,64.87298,1,1,11.512125,11.512125,1,1,19.064624,19.064624,1,1,27.22171,27.22171,1,1,32.72296,32.72296,1,1,32.234051,32.234051,1,1,31.530875,31.530875
0b_baseline_best,file,13,baseline,3657,063.Ivory_Gull/Ivory_Gull_0027_48974.jpg,63,62,063.Ivory_Gull,60,59,horizontal_flip,horizontal_flip,0,"{""flipped"":true}",0.41871983,0.37612858,-0.042591244,0.65788853,0.68651408,0.11907149,0.088901013,0.53881704,0.59761307,0.058796026,0.70181474,0.9083199,65.886513,59.846031,False,0.95208681,True,True,True,0.70181474,0.9083199,65.886513,59.846031,0.69446091,0.90787203,64.87298,58.896364,0.93173879,0.92242917,11.512125,10.619119,0.71833165,0.90938339,19.064624,17.337053,0.68834437,0.83324129,27.22171,22.682253,0.67500475,0.8447318,32.72296,27.642124,0.65204534,0.94587976,32.234051,30.489536,0.75698572,0.9826644,31.530875,30.984268
0b_baseline_best,file,13,baseline,3657,063.Ivory_Gull/Ivory_Gull_0027_48974.jpg,63,62,063.Ivory_Gull,60,59,color_jitter,color_jitter,0,"{""brightness"":1.346363,""contrast"":0.795211,""hue"":0.011671,""saturation"":1.001502}",0.41871983,0.68819648,0.26947665,0.65788853,0.50248152,0.11907149,0.22523074,0.53881704,0.27725078,-0.26156626,0.80170912,1.3508034,65.886513,88.999726,False,0.94650221,True,True,True,0.80170912,1.3508034,65.886513,88.999726,0.79738278,1.3503836,64.87298,87.603406,0.93775474,1.3640688,11.512125,15.70333,0.81352273,1.0701139,19.064624,20.401318,0.81966061,1.2682597,27.22171,34.524197,0.76709205,1.2886702,32.72296,42.169102,0.78791275,1.4290844,32.234051,46.065178,0.82892554,1.4760195,31.530875,46.540186
0b_baseline_best,file,13,baseline,3657,063.Ivory_Gull/Ivory_Gull_0027_48974.jpg,63,62,063.Ivory_Gull,60,59,rotation,rotation,0,"{""angle"":-10.569024}",0.41871983,2.5787959,2.1600761,0.65788853,0.075865291,0.11907149,0.043735884,0.53881704,0.032129407,-0.50668763,0.74624829,2.1532893,65.886513,141.87272,False,0.9386332,False,True,False,0.74624829,2.1532893,65.886513,141.87272,0.74227918,2.1400933,64.87298,138.83423,0.8630032,2.53688,11.512125,29.204879,0.88116809,1.7476513,19.064624,33.318315,0.79941885,1.9312825,27.22171,52.572811,0.75262678,2.1569536,32.72296,70.581907,0.68631498,2.2302538,32.234051,71.890116,0.72342779,2.2981717,31.530875,72.463364
0b_baseline_best,file,13,baseline,3657,063.Ivory_Gull/Ivory_Gull_0027_48974.jpg,63,62,063.Ivory_Gull,60,59,random_resized_crop,random_resized_crop,0,"{""area_fraction"":0.880452,""aspect"":1.037342,""fallback"":false,""height"":0.921281,""left"":0.008616,""top"":0.054617,""width"":0.955683}",0.41871983,0.6580658,0.23934597,0.65788853,0.51785201,0.11907149,0.11131115,0.53881704,0.40654086,-0.13227618,0.8272368,1.3270816,65.886513,87.43678,False,0.97507596,True,True,True,0.8272368,1.3270816,65.886513,87.43678,0.82309478,1.3283863,64.87298,86.176379,0.96365648,1.2849614,11.512125,14.792636,0.87786907,1.0778228,19.064624,20.548287,0.78944424,1.3761539,27.22171,37.461262,0.80360608,1.3579666,32.72296,44.436685,0.81263704,1.3671781,32.234051,44.069689,0.87305332,1.3014856,31.530875,41.036979
0b_baseline_best,file,13,baseline,3657,063.Ivory_Gull/Ivory_Gull_0027_48974.jpg,63,62,063.Ivory_Gull,60,59,gaussian_blur,gaussian_blur,0,"{""sigma"":1.423505}",0.41871983,5.0425639,4.6238441,0.65788853,0.0064571719,0.11907149,0.011352312,0.53881704,-0.00489514,-0.54371218,0.49545548,3.7524281,65.886513,247.2344,False,0.85406005,False,True,False,0.49545548,3.7524281,65.886513,247.2344,0.49037455,3.7640956,64.87298,244.1881,0.67925325,3.3609202,11.512125,38.691332,0.54509616,3.3147812,19.064624,63.195059,0.54699077,4.0639587,27.22171,110.6279,0.46563343,3.8249866,32.72296,125.16488,0.45864192,3.7969532,32.234051,122.39118,0.49085701,3.581098,31.530875,112.91515
0b_baseline_best,file,13,baseline,3657,063.Ivory_Gull/Ivory_Gull_0027_48974.jpg,63,62,063.Ivory_Gull,60,59,random_erasing,random_erasing,0,"{""area_fraction"":0.14152,""erased"":true,""height"":0.224618,""left"":0.349406,""top"":0.415128,""width"":0.630048}",0.41871983,1.1007073,0.68198746,0.65788853,0.33263576,0.11907149,0.090235062,0.53881704,0.2424007,-0.29641634,0.70619381,1.6464057,65.886513,108.47593,False,0.90685636,True,True,True,0.70619381,1.6464057,65.886513,108.47593,0.70118752,1.6507447,64.87298,107.08873,0.88395853,1.5021133,11.512125,17.292516,0.79482051,1.3789963,19.064624,26.290046,0.72585889,1.7150654,27.22171,46.687012,0.71662176,1.7644611,32.72296,57.738388,0.6525517,1.6086306,32.234051,51.852681,0.69111986,1.6092736,31.530875,50.741804
0b_baseline_best,file,13,baseline,8870,151.Black_capped_Vireo/Black_Capped_Vireo_0018_155868.jpg,151,150,151.Black_capped_Vireo,152,151,identity,identity,0,{},0.065244861,0.065244861,0,0.93683803,0.93683803,0.0065172892,0.0065172892,0.93032074,0.93032074,0,1,1,7.7940707,7.7940707,False,0.99999988,True,True,True,1,1,7.7940707,7.7940707,1,1,7.6316287,7.6316287,1,1,1.5829656,1.5829656,1,1,1.6421554,1.6421554,1,1,2.5632125,2.5632125,1,1,3.9438209,3.9438209,1,1,3.9282922,3.9282922,1,1,4.241441,4.241441
0b_baseline_best,file,13,baseline,8870,151.Black_capped_Vireo/Black_Capped_Vireo_0018_155868.jpg,151,150,151.Black_capped_Vireo,152,151,horizontal_flip,horizontal_flip,0,"{""flipped"":true}",0.065244861,0.30305612,0.23781126,0.93683803,0.73855764,0.0065172892,0.0072202925,0.93032074,0.73133734,-0.1989834,0.62429661,4.2318622,7.7940707,32.983433,False,0.95542365,True,True,True,0.62429661,4.2318622,7.7940707,32.983433,0.61122795,4.2428571,7.6316287,32.37991,0.95046237,3.9677349,1.5829656,6.2807878,0.6277072,4.0212025,1.6421554,6.6034391,0.38159008,5.111411,2.5632125,13.101633,0.63291119,4.2711904,3.9438209,16.84481,0.58424127,4.1422874,3.9282922,16.272116,0.72703241,3.9779397,4.241441,16.872197
0b_baseline_best,file,13,baseline,8870,151.Black_capped_Vireo/Black_Capped_Vireo_0018_155868.jpg,151,150,151.Black_capped_Vireo,152,151,color_jitter,color_jitter,0,"{""brightness"":0.887125,""contrast"":1.196324,""hue"":-0.051744,""saturation"":1.188154}",0.065244861,0.26958546,0.2043406,0.93683803,0.76369601,0.0065172892,0.0095210699,0.93032074,0.75417494,-0.1761458,0.78197877,3.7813795,7.7940707,29.472339,False,0.95295298,True,True,True,0.78197877,3.7813795,7.7940707,29.472339,0.77528048,3.7888866,7.6316287,28.915376,0.94667855,3.6024859,1.5829656,5.7026113,0.78720866,4.7810426,1.6421554,7.8512147,0.62699386,4.3413627,2.5632125,11.127835,0.78315544,3.6505068,3.9438209,14.396945,0.76422395,3.7611552,3.9282922,14.774917,0.85221926,3.5369937,4.241441,15.00195
0b_baseline_best,file,13,baseline,8870,151.Black_capped_Vireo/Black_Capped_Vireo_0018_155868.jpg,151,150,151.Black_capped_Vireo,152,151,rotation,rotation,0,"{""angle"":14.955795}",0.065244861,0.030839397,-0.034405464,0.93683803,0.96963131,0.0065172892,0.0036508918,0.93032074,0.96598042,0.035659681,0.68838136,0.56004061,7.7940707,4.3649961,False,0.9551478,True,True,True,0.68838136,0.56004061,7.7940707,4.3649961,0.6776503,0.56105626,7.6316287,4.2817731,0.95021169,0.53589189,1.5829656,0.84829843,0.74797479,0.66050408,1.6421554,1.0846503,0.56133309,0.6651785,2.5632125,1.7049939,0.70246643,0.57994967,3.9438209,2.2872176,0.63906521,0.54608712,3.9282922,2.1451898,0.7444699,0.49550231,4.241441,2.1016438
0b_baseline_best,file,13,baseline,8870,151.Black_capped_Vireo/Black_Capped_Vireo_0018_155868.jpg,151,150,151.Black_capped_Vireo,152,151,random_resized_crop,random_resized_crop,0,"{""area_fraction"":0.703254,""aspect"":1.107263,""fallback"":false,""height"":0.796949,""left"":0.034792,""top"":0.02299,""width"":0.882433}",0.065244861,0.27409503,0.20885017,0.93683803,0.76025981,0.0065172892,0.014539116,0.93032074,0.74572069,-0.18460005,0.76416055,3.7425307,7.7940707,29.169549,False,0.95599091,True,True,True,0.76416055,3.7425307,7.7940707,29.169549,0.7559778,3.7359033,7.6316287,28.511027,0.94728206,3.8933957,1.5829656,6.1631114,0.68455556,2.894963,1.6421554,4.753979,0.58213247,3.7517005,2.5632125,9.6164058,0.76260264,3.9025129,3.9438209,15.390812,0.75819645,3.8392773,3.9282922,15.081803,0.82688036,3.6024473,4.241441,15.279568
0b_baseline_best,file,13,baseline,8870,151.Black_capped_Vireo/Black_Capped_Vireo_0018_155868.jpg,151,150,151.Black_capped_Vireo,152,151,gaussian_blur,gaussian_blur,0,"{""sigma"":1.956634}",0.065244861,0.38683766,0.3215928,0.93683803,0.67920136,0.0065172892,0.016829439,0.93032074,0.66237193,-0.26794882,0.53997535,6.8266405,7.7940707,53.207318,False,0.89520699,True,True,True,0.53997535,6.8266405,7.7940707,53.207318,0.52682627,6.8525082,7.6316287,52.295799,0.88068018,6.1950402,1.5829656,9.8065355,0.46241506,5.6020281,1.6421554,9.1994004,0.30966408,8.3044797,2.5632125,21.286146,0.54181724,7.4953898,3.9438209,29.560475,0.53512803,7.1562067,3.9282922,28.111671,0.65474943,5.4433212,4.241441,23.087526
0b_baseline_best,file,13,baseline,8870,151.Black_capped_Vireo/Black_Capped_Vireo_0018_155868.jpg,151,150,151.Black_capped_Vireo,152,151,random_erasing,random_erasing,0,"{""area_fraction"":0.189666,""erased"":true,""height"":0.40196,""left"":0.172366,""top"":0.257131,""width"":0.471853}",0.065244861,0.22121403,0.15596917,0.93683803,0.80154508,0.0065172892,0.004986641,0.93032074,0.79655844,-0.1337623,0.51783981,2.8526068,7.7940707,22.233419,False,0.91664165,True,True,True,0.51783981,2.8526068,7.7940707,22.233419,0.49930676,2.8373993,7.6316287,21.653978,0.90482228,3.1856858,1.5829656,5.0428309,0.5331631,2.5096403,1.6421554,4.1212193,0.24554227,3.0927572,2.5632125,7.9273939,0.40430816,2.772864,3.9438209,10.935679,0.5188031,2.856986,3.9282922,11.223076,0.66136392,2.8245102,4.241441,11.979993
0b_baseline_best,file,13,baseline,9664,165.Chestnut_sided_Warbler/Chestnut_Sided_Warbler_0073_163868.jpg,165,164,165.Chestnut_sided_Warbler,158,157,identity,identity,0,{},0.0056830975,0.0056830975,0,0.99433303,0.99433303,0.0012299357,0.0012299357,0.99310309,0.99310309,0,1,1,0.9694308,0.9694308,False,1,True,True,True,1,1,0.9694308,0.9694308,1,1,0.95143519,0.95143519,1,1,0.18592247,0.18592247,1,1,0.15648305,0.15648305,1,1,0.51818588,0.51818588,1,1,0.49977398,0.49977398,1,1,0.42614122,0.42614122,1,1,0.42527049,0.42527049
0b_baseline_best,file,13,baseline,9664,165.Chestnut_sided_Warbler/Chestnut_Sided_Warbler_0073_163868.jpg,165,164,165.Chestnut_sided_Warbler,158,157,horizontal_flip,horizontal_flip,0,"{""flipped"":true}",0.0056830975,0.0026337956,-0.0030493019,0.99433303,0.99736965,0.0012299357,0.00056996854,0.99310309,0.99679968,0.0036965854,0.69280487,0.41063362,0.9694308,0.39808088,False,0.97456634,True,True,True,0.69280487,0.41063362,0.9694308,0.39808088,0.68083619,0.40785808,0.95143519,0.38805053,0.96873989,0.4776105,0.18592247,0.088798521,0.59388259,0.42263704,0.15648305,0.066135534,0.69763334,0.38071647,0.51818588,0.1972819,0.68681761,0.40819235,0.49977398,0.20400392,0.62293789,0.40578811,0.42614122,0.17292304,0.72080598,0.44472263,0.42527049,0.18912741
0b_baseline_best,file,13,baseline,9664,165.Chestnut_sided_Warbler/Chestnut_Sided_Warbler_0073_163868.jpg,165,164,165.Chestnut_sided_Warbler,158,157,color_jitter,color_jitter,0,"{""brightness"":1.158866,""contrast"":1.352215,""hue"":0.043837,""saturation"":1.09693}",0.0056830975,0.70901811,0.70333501,0.99433303,0.49212718,0.0012299357,0.023177691,0.99310309,0.46894949,-0.5241536,0.70336418,100.08157,0.9694308,97.022154,False,0.92408562,True,True,True,0.70336418,100.08157,0.9694308,97.022154,0.69842138,100.67353,0.95143519,95.784335,0.87278803,83.091673,0.18592247,15.448609,0.65243014,138.27609,0.15648305,21.637865,0.67443873,97.00858,0.51818588,50.268477,0.73956126,98.159573,0.49977398,49.0576,0.69412271,111.29204,0.42614122,47.426125,0.70548895,91.785783,0.42527049,39.033785
0b_baseline_best,file,13,baseline,9664,165.Chestnut_sided_Warbler/Chestnut_Sided_Warbler_0073_163868.jpg,165,164,165.Chestnut_sided_Warbler,158,157,rotation,rotation,0,"{""angle"":13.686927}",0.0056830975,0.0085924203,0.0029093227,0.99433303,0.99144441,0.0012299357,0.00024133729,0.99310309,0.99120307,-0.0019000215,0.68488647,1.5782592,0.9694308,1.5300131,False,0.96165574,True,True,True,0.68488647,1.5782592,0.9694308,1.5300131,0.67558301,1.574296,0.95143519,1.4978406,0.91472369,1.6787194,0.18592247,0.31211166,0.54034124,2.252133,0.15648305,0.35242064,0.71309894,1.3922905,0.51818588,0.7214653,0.67048387,1.5571841,0.49977398,0.7782401,0.637445,1.6453171,0.42614122,0.70113745,0.71432206,1.6653185,0.42527049,0.7082108
0b_baseline_best,file,13,baseline,9664,165.Chestnut_sided_Warbler/Chestnut_Sided_Warbler_0073_163868.jpg,165,164,165.Chestnut_sided_Warbler,158,157,random_resized_crop,random_resized_crop,0,"{""area_fraction"":0.787784,""aspect"":1.079418,""fallback"":false,""height"":0.854297,""left"":0.056549,""top"":0.138167,""width"":0.922143}",0.0056830975,0.0027446004,-0.0029384971,0.99433303,0.99725914,0.0012299357,0.00099251559,0.99310309,0.99626662,0.0031635313,0.76025634,0.37730706,0.9694308,0.36577309,False,0.96780807,True,True,True,0.76025634,0.37730706,0.9694308,0.36577309,0.75188571,0.37081843,0.95143519,0.3528097,0.95800936,0.51911767,0.18592247,0.096515637,0.70067052,0.39744899,0.15648305,0.062194032,0.8093674,0.28535123,0.51818588,0.14786498,0.76166028,0.36024106,0.49977398,0.18003911,0.73577226,0.39007824,0.42614122,0.16622842,0.75191065,0.46256309,0.42527049,0.19671443
0b_baseline_best,file,13,baseline,9664,165.Chestnut_sided_Warbler/Chestnut_Sided_Warbler_0073_163868.jpg,165,164,165.Chestnut_sided_Warbler,158,157,gaussian_blur,gaussian_blur,0,"{""sigma"":1.549934}",0.0056830975,2.2764609,2.2707778,0.99433303,0.10264683,0.0012299357,0.0073458953,0.99310309,0.095300932,-0.89780216,0.33403238,248.48404,0.9694308,240.88808,False,0.77886844,False,True,False,0.33403238,248.48404,0.9694308,240.88808,0.32774685,251.98947,0.95143519,239.75165,0.74632525,125.70395,0.18592247,23.371188,0.28522721,417.92746,0.15648305,65.398565,0.25900157,243.99792,0.51818588,126.43628,0.36701371,286.62063,0.49977398,143.24553,0.30341069,251.89311,0.42614122,107.34204,0.48110789,169.17583,0.42527049,71.945488
0b_baseline_best,file,13,baseline,9664,165.Chestnut_sided_Warbler/Chestnut_Sided_Warbler_0073_163868.jpg,165,164,165.Chestnut_sided_Warbler,158,157,random_erasing,random_erasing,0,"{""area_fraction"":0.054517,""erased"":true,""height"":0.216667,""left"":0.653178,""top"":0.701857,""width"":0.251614}",0.0056830975,0.007530753,0.0018476555,0.99433303,0.9924975,0.0012299357,0.001693603,0.99310309,0.9908039,-0.0022991924,0.94788489,1.280288,0.9694308,1.2411507,False,0.99131167,True,True,True,0.94788489,1.280288,0.9694308,1.2411507,0.94634166,1.2787947,0.95143519,1.2166903,0.98750536,1.3187932,0.18592247,0.24519329,0.89121266,1.4136853,0.15648305,0.22121779,0.97499116,1.228342,0.51818588,0.6365095,0.95493943,1.314458,0.49977398,0.65693192,0.91622008,1.2826142,0.42614122,0.54657477,0.93418825,1.2792162,0.42527049,0.54401289
0b_baseline_best,file,13,baseline,5922,102.Western_Wood_Pewee/Western_Wood_Pewee_0046_98113.jpg,102,101,102.Western_Wood_Pewee,39,38,identity,identity,0,{},2.2350953,2.2350953,0,0.10698193,0.10698193,0.60561675,0.60561675,-0.49863482,-0.49863482,0,1,1,188.12552,188.12552,False,0.99999994,True,False,False,1,1,188.12552,188.12552,1,1,184.64436,184.64436,1,1,36.023205,36.023205,1,1,46.285287,46.285287,1,1,97.62405,97.62405,1,1,103.07974,103.07974,1,1,79.1203,79.1203,1,1,74.399607,74.399607
0b_baseline_best,file,13,baseline,5922,102.Western_Wood_Pewee/Western_Wood_Pewee_0046_98113.jpg,102,101,102.Western_Wood_Pewee,39,38,horizontal_flip,horizontal_flip,0,"{""flipped"":true}",2.2350953,1.6474546,-0.58764064,0.10698193,0.19253936,0.60561675,0.68798232,-0.49863482,-0.49544296,0.0031918585,0.74957013,0.96384078,188.12552,181.32305,False,0.97503877,True,False,False,0.74957013,0.96384078,188.12552,181.32305,0.74120398,0.9631355,184.64436,177.83754,0.96524733,0.98218926,36.023205,35.381604,0.480202,1.0799163,46.285287,49.984235,0.78141696,0.92739015,97.62405,90.535582,0.7716198,0.9926553,103.07974,102.32265,0.7026277,0.94330311,79.1203,74.634425,0.77521927,0.93998647,74.399607,69.934624
0b_baseline_best,file,13,baseline,5922,102.Western_Wood_Pewee/Western_Wood_Pewee_0046_98113.jpg,102,101,102.Western_Wood_Pewee,39,38,color_jitter,color_jitter,0,"{""brightness"":0.796604,""contrast"":1.122091,""hue"":-0.046134,""saturation"":1.226896}",2.2350953,4.3488483,2.1137531,0.10698193,0.012921684,0.60561675,0.032667298,-0.49863482,-0.019745613,0.4788892,0.55720287,1.311739,188.12552,246.77158,False,0.92683256,False,False,False,0.55720287,1.311739,188.12552,246.77158,0.5541702,1.321522,184.64436,244.01158,0.67827469,1.0216853,36.023205,36.804379,-0.10333085,1.017305,46.285287,47.086253,0.67819322,1.5286413,97.62405,149.23216,0.59852237,1.1806264,103.07974,121.69867,0.47897131,1.313908,79.1203,103.9568,0.53481771,1.3056893,74.399607,97.14277
0b_baseline_best,file,13,baseline,5922,102.Western_Wood_Pewee/Western_Wood_Pewee_0046_98113.jpg,102,101,102.Western_Wood_Pewee,39,38,rotation,rotation,0,"{""angle"":-0.479798}",2.2350953,2.5133953,0.27830005,0.10698193,0.080992766,0.60561675,0.53548896,-0.49863482,-0.4544962,0.044138618,0.94588125,1.1111196,188.12552,209.02995,False,0.99311447,True,False,False,0.94588125,1.1111196,188.12552,209.02995,0.94461726,1.1149915,184.64436,205.87689,0.98778473,1.0040594,36.023205,36.169436,0.91659453,1.0858545,46.285287,50.259086,0.95602649,1.1620661,97.62405,113.4456,0.94619879,1.131769,103.07974,116.66246,0.93405444,1.0797026,79.1203,85.426394,0.94736727,1.0481869,74.399607,77.984697
0b_baseline_best,file,13,baseline,5922,102.Western_Wood_Pewee/Western_Wood_Pewee_0046_98113.jpg,102,101,102.Western_Wood_Pewee,39,38,random_resized_crop,random_resized_crop,0,"{""area_fraction"":0.586513,""aspect"":0.864658,""fallback"":false,""height"":0.823601,""left"":0.003538,""top"":0.00771,""width"":0.712133}",2.2350953,2.9329858,0.69789052,0.10698193,0.053237848,0.60561675,0.09879569,-0.49863482,-0.045557842,0.45307697,0.68627157,0.85237968,188.12552,160.35437,False,0.92051023,False,False,False,0.68627157,0.85237968,188.12552,160.35437,0.68284499,0.85412507,184.64436,157.70938,0.78292563,0.805169,36.023205,29.004768,0.41328636,0.7139074,46.285287,33.043409,0.75625167,0.8785362,97.62405,85.766262,0.72693747,0.81444494,103.07974,83.952776,0.63143127,0.88163769,79.1203,69.755439,0.62935949,0.90271031,74.399607,67.161292
0b_baseline_best,file,13,baseline,5922,102.Western_Wood_Pewee/Western_Wood_Pewee_0046_98113.jpg,102,101,102.Western_Wood_Pewee,39,38,gaussian_blur,gaussian_blur,0,"{""sigma"":1.316923}",2.2350953,1.6389153,-0.59617996,0.10698193,0.19419058,0.60561675,0.12468495,-0.49863482,0.069505624,0.56814044,0.69008996,0.91276105,188.12552,171.71365,False,0.91627765,False,False,True,0.69008996,0.91276105,188.12552,171.71365,0.68715601,0.91898827,184.64436,169.686,0.80482406,0.73037393,36.023205,26.31041,0.3749578,0.77010353,46.285287,35.644463,0.81795989,0.96854281,97.62405,94.553072,0.68721674,0.87266904,103.07974,89.954501,0.61841827,0.96317059,79.1203,76.206346,0.64024454,0.9198261,74.399607,68.4347
0b_baseline_best,file,13,baseline,5922,102.Western_Wood_Pewee/Western_Wood_Pewee_0046_98113.jpg,102,101,102.Western_Wood_Pewee,39,38,random_erasing,random_erasing,0,"{""area_fraction"":0.059974,""erased"":true,""height"":0.423313,""left"":0.347304,""top"":0.39021,""width"":0.141677}",2.2350953,4.0340338,1.7989385,0.10698193,0.017702775,0.60561675,0.015851052,-0.49863482,0.0018517226,0.50048654,0.58351695,2.064302,188.12552,388.34789,False,0.90526909,False,False,False,0.58351695,2.064302,188.12552,388.34789,0.58482593,2.0865351,184.64436,385.26694,0.58435333,1.3552579,36.023205,48.820733,0.27660063,1.5738493,46.285287,72.846067,0.70044994,2.4856762,97.62405,242.66178,0.65013767,1.9728436,103.07974,203.36021,0.46030976,1.9850446,79.1203,157.05733,0.47089201,1.8141249,74.399607,134.97018
0b_baseline_best,file,13,baseline,2094,037.Acadian_Flycatcher/Acadian_Flycatcher_0039_795606.jpg,37,36,037.Acadian_Flycatcher,39,38,identity,identity,0,{},2.0022321,2.0022321,0,0.13503356,0.13503356,0.60188365,0.60188365,-0.46685009,-0.46685009,0,1,1,162.61876,162.61876,False,0.99999988,True,False,False,1,1,162.61876,162.61876,1,1,159.89802,159.89802,1,1,29.622376,29.622376,1,1,37.766674,37.766674,1,1,73.961573,73.961573,1,1,84.190632,84.190632,1,1,80.519204,80.519204,1,1,71.409638,71.409638
0b_baseline_best,file,13,baseline,2094,037.Acadian_Flycatcher/Acadian_Flycatcher_0039_795606.jpg,37,36,037.Acadian_Flycatcher,39,38,horizontal_flip,horizontal_flip,0,"{""flipped"":true}",2.0022321,3.2659721,1.2637401,0.13503356,0.038159825,0.60188365,0.57195538,-0.46685009,-0.53379556,-0.066945471,0.66067585,1.0179787,162.61876,165.54244,False,0.9588697,True,False,False,0.66067585,1.0179787,162.61876,165.54244,0.6498267,1.0143811,159.89802,162.19753,0.95055798,1.1177308,29.622376,33.109843,0.39592502,1.2286469,37.766674,46.401908,0.62307404,1.0164903,73.961573,75.181222,0.65994957,0.96545813,84.190632,81.28253,0.64785801,0.99999143,80.519204,80.518514,0.75726776,1.0302587,71.409638,73.570401
0b_baseline_best,file,13,baseline,2094,037.Acadian_Flycatcher/Acadian_Flycatcher_0039_795606.jpg,37,36,037.Acadian_Flycatcher,39,38,color_jitter,color_jitter,0,"{""brightness"":1.313111,""contrast"":1.154352,""hue"":0.068053,""saturation"":1.394604}",2.0022321,0.63063157,-1.3716005,0.13503356,0.53225553,0.60188365,0.055449985,-0.46685009,0.47680555,0.94365563,0.63226939,0.45258121,162.61876,73.598196,False,0.94583374,False,False,True,0.63226939,0.45258121,162.61876,73.598196,0.62736955,0.44981211,159.89802,71.924066,0.76176696,0.52691365,29.622376,15.608434,0.35286684,0.40768045,37.766674,15.396735,0.5760098,0.45754395,73.961573,33.84067,0.64155821,0.45040511,84.190632,37.919891,0.68250637,0.44187983,80.519204,35.579812,0.66461709,0.46169363,71.409638,32.969375
0b_baseline_best,file,13,baseline,2094,037.Acadian_Flycatcher/Acadian_Flycatcher_0039_795606.jpg,37,36,037.Acadian_Flycatcher,39,38,rotation,rotation,0,"{""angle"":11.496396}",2.0022321,2.6239433,0.62171125,0.13503356,0.072516352,0.60188365,0.70256317,-0.46685009,-0.63004681,-0.16319673,0.79077887,1.1134658,162.61876,181.07044,False,0.95639271,True,False,False,0.79077887,1.1134658,162.61876,181.07044,0.78542297,1.1147977,159.89802,178.25394,0.95330585,1.073935,29.622376,31.812505,0.81503172,1.0228092,37.766674,38.628103,0.79071987,1.1049743,73.961573,81.725635,0.76616596,1.1256791,84.190632,94.771633,0.78472747,1.1444481,80.519204,92.150052,0.80168967,1.0964078,71.409638,78.294082
0b_baseline_best,file,13,baseline,2094,037.Acadian_Flycatcher/Acadian_Flycatcher_0039_795606.jpg,37,36,037.Acadian_Flycatcher,39,38,random_resized_crop,random_resized_crop,0,"{""area_fraction"":0.661735,""aspect"":0.900605,""fallback"":false,""height"":0.857186,""left"":0.044172,""top"":0.084033,""width"":0.771986}",2.0022321,0.94336301,-1.0588691,0.13503356,0.38931638,0.60188365,0.028019479,-0.46685009,0.3612969,0.82814699,0.53623067,0.58512043,162.61876,95.151561,False,0.91018349,False,False,False,0.53623067,0.58512043,162.61876,95.151561,0.53022923,0.58084852,159.89802,92.876529,0.69044482,0.69820863,29.622376,20.682599,0.65128489,0.4696845,37.766674,17.738421,0.46066772,0.52234258,73.961573,38.633279,0.49355827,0.5667027,84.190632,47.711059,0.56344914,0.60920262,80.519204,49.05251,0.57980877,0.64726452,71.409638,46.220925
0b_baseline_best,file,13,baseline,2094,037.Acadian_Flycatcher/Acadian_Flycatcher_0039_795606.jpg,37,36,037.Acadian_Flycatcher,39,38,gaussian_blur,gaussian_blur,0,"{""sigma"":1.229786}",2.0022321,1.2416441,-0.76058793,0.13503356,0.28890881,0.60188365,0.089851864,-0.46685009,0.19905695,0.66590703,0.62505951,0.71069819,162.61876,115.57286,False,0.9328683,False,False,False,0.62505951,0.71069819,162.61876,115.57286,0.62011955,0.7092107,159.89802,113.40139,0.76174108,0.75274991,29.622376,22.298241,0.64608138,0.83485084,37.766674,31.52954,0.66131728,0.71529974,73.961573,52.904694,0.60475009,0.74565858,84.190632,62.777467,0.59288368,0.65326774,80.519204,52.600599,0.62855846,0.6801571,71.409638,48.569772
0b_baseline_best,file,13,baseline,2094,037.Acadian_Flycatcher/Acadian_Flycatcher_0039_795606.jpg,37,36,037.Acadian_Flycatcher,39,38,random_erasing,random_erasing,0,"{""area_fraction"":0.176063,""erased"":true,""height"":0.546682,""left"":0.151839,""top"":0.138635,""width"":0.322057}",2.0022321,0.75095415,-1.2512779,0.13503356,0.47191605,0.60188365,0.12728877,-0.46685009,0.34462728,0.81147736,0.72003004,0.50036006,162.61876,81.367934,False,0.93266833,False,False,True,0.72003004,0.50036006,162.61876,81.367934,0.71509048,0.49889841,159.89802,79.772869,0.85500265,0.54121789,29.622376,16.03216,0.74761725,0.37583719,37.766674,14.194121,0.72380942,0.53184017,73.961573,39.335736,0.71457343,0.48614628,84.190632,40.928962,0.69598718,0.49135416,80.519204,39.563446,0.73101612,0.51917546,71.409638,37.074132
0b_baseline_best,file,13,baseline,9063,155.Warbling_Vireo/Warbling_Vireo_0104_158800.jpg,155,154,155.Warbling_Vireo,153,152,identity,identity,0,{},0.57212681,0.57212681,0,0.56432396,0.56432396,0.41471979,0.41471979,0.14960417,0.14960417,0,1,1,82.728443,82.728443,False,1,True,True,True,1,1,82.728443,82.728443,1,1,79.706959,79.706959,1,1,22.153917,22.153917,1,1,19.062819,19.062819,1,1,37.809194,37.809194,1,1,44.982071,44.982071,1,1,36.827282,36.827282,1,1,34.360408,34.360408
0b_baseline_best,file,13,baseline,9063,155.Warbling_Vireo/Warbling_Vireo_0104_158800.jpg,155,154,155.Warbling_Vireo,153,152,horizontal_flip,horizontal_flip,0,"{""flipped"":true}",0.57212681,1.0692923,0.4971655,0.56432396,0.34325135,0.41471979,0.63739073,0.14960417,-0.29413939,-0.44374356,0.69118296,1.6793967,82.728443,138.93387,False,0.9696449,False,True,False,0.69118296,1.6793967,82.728443,138.93387,0.67412767,1.698678,79.706959,135.39646,0.96952048,1.4061418,22.153917,31.151549,0.69440476,1.4989317,19.062819,28.573864,0.59007337,1.6999777,37.809194,64.274788,0.70460332,1.7587188,44.982071,79.110814,0.65161057,1.7557041,36.827282,64.65781,0.75291424,1.5794612,34.360408,54.270931
0b_baseline_best,file,13,baseline,9063,155.Warbling_Vireo/Warbling_Vireo_0104_158800.jpg,155,154,155.Warbling_Vireo,153,152,color_jitter,color_jitter,0,"{""brightness"":0.746179,""contrast"":0.780782,""hue"":0.059317,""saturation"":0.632511}",0.57212681,0.032959938,-0.53916687,0.56432396,0.96757734,0.41471979,0.025724627,0.14960417,0.94185271,0.79224854,0.63229508,0.060879492,82.728443,5.0364656,False,0.92402661,True,True,True,0.63229508,0.060879492,82.728443,5.0364656,0.6114016,0.061111412,79.706959,4.8710047,0.91920015,0.057793438,22.153917,1.280351,0.32569148,0.070161302,19.062819,1.3374722,0.59054606,0.054188237,37.809194,2.0488136,0.63030994,0.05717457,44.982071,2.5718305,0.63796803,0.06563706,36.827282,2.4172346,0.67892197,0.066892464,34.360408,2.2984523
0b_baseline_best,file,13,baseline,9063,155.Warbling_Vireo/Warbling_Vireo_0104_158800.jpg,155,154,155.Warbling_Vireo,153,152,rotation,rotation,0,"{""angle"":9.109154}",0.57212681,0.12596789,-0.44615892,0.56432396,0.88164318,0.41471979,0.11097441,0.14960417,0.77066877,0.6210646,0.82123337,0.29900576,82.728443,24.736281,False,0.94215041,True,True,True,0.82123337,0.29900576,82.728443,24.736281,0.81429631,0.30234335,79.706959,24.098869,0.94195559,0.25184059,22.153917,5.5792555,0.79003913,0.25496644,19.062819,4.8603791,0.83480364,0.32467989,37.809194,12.275885,0.8388738,0.29765839,44.982071,13.389291,0.77788434,0.30391295,36.827282,11.192288,0.80038487,0.2937764,34.360408,10.094277
0b_baseline_best,file,13,baseline,9063,155.Warbling_Vireo/Warbling_Vireo_0104_158800.jpg,155,154,155.Warbling_Vireo,153,152,random_resized_crop,random_resized_crop,0,"{""area_fraction"":0.551137,""aspect"":0.873386,""fallback"":false,""height"":0.794377,""left"":0.109882,""top"":0.006046,""width"":0.693798}",0.57212681,0.78166246,0.20953566,0.56432396,0.45764455,0.41471979,0.52049869,0.14960417,-0.062854141,-0.21245831,0.69201574,1.4219868,82.728443,117.63875,False,0.9141072,False,True,False,0.69201574,1.4219868,82.728443,117.63875,0.68036507,1.4437922,79.706959,115.08029,0.91377026,1.1014258,22.153917,24.400897,0.64834662,1.2743977,19.062819,24.293613,0.62803848,1.4993808,37.809194,56.690382,0.71274601,1.4874915,44.982071,66.91045,0.66507236,1.4409212,36.827282,53.065211,0.72204655,1.3483856,34.360408,46.331078
0b_baseline_best,file,13,baseline,9063,155.Warbling_Vireo/Warbling_Vireo_0104_158800.jpg,155,154,155.Warbling_Vireo,153,152,gaussian_blur,gaussian_blur,0,"{""sigma"":1.573986}",0.57212681,1.3877509,0.81562406,0.56432396,0.24963613,0.41471979,0.48144504,0.14960417,-0.23180892,-0.38141309,0.55011737,1.4878994,82.728443,123.0916,False,0.84801584,False,True,False,0.55011737,1.4878994,82.728443,123.0916,0.53682275,1.5157652,79.706959,120.81703,0.82857827,1.0631942,22.153917,23.553916,0.28974314,1.6170262,19.062819,30.825078,0.56980533,1.5201652,37.809194,57.476222,0.51061064,1.5592826,44.982071,70.13976,0.54058416,1.5263332,36.827282,56.210703,0.6306447,1.3847238,34.360408,47.579674
0b_baseline_best,file,13,baseline,9063,155.Warbling_Vireo/Warbling_Vireo_0104_158800.jpg,155,154,155.Warbling_Vireo,153,152,random_erasing,random_erasing,0,"{""area_fraction"":0.061194,""erased"":true,""height"":0.307701,""left"":0.241675,""top"":0.096538,""width"":0.198874}",0.57212681,2.4140198,1.841893,0.56432396,0.089454986,0.41471979,0.86823016,0.14960417,-0.77877518,-0.92837935,0.81649272,2.3200939,82.728443,191.93776,False,0.96263433,False,True,False,0.81649272,2.3200939,82.728443,191.93776,0.80864685,2.3506344,79.706959,187.36192,0.96265596,1.8805121,22.153917,41.66071,0.81877285,1.9889679,19.062819,37.915335,0.83033298,2.1549589,37.809194,81.477259,0.81644442,2.5472557,44.982071,114.58084,0.77937224,2.460505,36.827282,90.613713,0.81719465,2.1950805,34.360408,75.42386
0b_baseline_best,file,13,baseline,7197,123.Henslow_Sparrow/Henslow_Sparrow_0098_796601.jpg,123,122,123.Henslow_Sparrow,124,123,identity,identity,0,{},0.16727492,0.16727492,0,0.84596699,0.84596699,0.056721732,0.056721732,0.78924526,0.78924526,0,1,1,20.551944,20.551944,False,1,True,True,True,1,1,20.551944,20.551944,1,1,20.036741,20.036741,1,1,4.5729034,4.5729034,1,1,2.5723308,2.5723308,1,1,7.8351545,7.8351545,1,1,11.208885,11.208885,1,1,9.8701426,9.8701426,1,1,10.507408,10.507408
0b_baseline_best,file,13,baseline,7197,123.Henslow_Sparrow/Henslow_Sparrow_0098_796601.jpg,123,122,123.Henslow_Sparrow,124,123,horizontal_flip,horizontal_flip,0,"{""flipped"":true}",0.16727492,0.25969157,0.092416644,0.84596699,0.77128947,0.056721732,0.075623207,0.78924526,0.69566626,-0.093579002,0.68967254,1.3017199,20.551944,26.752874,False,0.98410952,True,True,True,0.68967254,1.3017199,20.551944,26.752874,0.67270057,1.2927652,20.036741,25.9028,0.9825781,1.4630494,4.5729034,6.6903836,0.510719,1.1341952,2.5723308,2.9175253,0.55523377,1.2352048,7.8351545,9.6780204,0.64207369,1.1567865,11.208885,12.966286,0.64233173,1.3872277,9.8701426,13.692135,0.80224649,1.3895606,10.507408,14.600681
0b_baseline_best,file,13,baseline,7197,123.Henslow_Sparrow/Henslow_Sparrow_0098_796601.jpg,123,122,123.Henslow_Sparrow,124,123,color_jitter,color_jitter,0,"{""brightness"":0.919516,""contrast"":1.214919,""hue"":0.075511,""saturation"":1.149618}",0.16727492,0.55111814,0.38384321,0.84596699,0.57630509,0.056721732,0.0045100437,0.78924526,0.57179505,-0.21745022,0.55334821,2.8469746,20.551944,58.510864,False,0.92910028,True,True,True,0.55334821,2.8469746,20.551944,58.510864,0.5399559,2.8380862,20.036741,56.865997,0.79650614,3.012539,4.5729034,13.77605,0.46064159,3.3430475,2.5723308,8.5994243,0.38948374,3.0061664,7.8351545,23.553778,0.50728878,2.7330532,11.208885,30.634478,0.55055243,2.8944527,9.8701426,28.568661,0.66489108,2.7752923,10.507408,29.161129
0b_baseline_best,file,13,baseline,7197,123.Henslow_Sparrow/Henslow_Sparrow_0098_796601.jpg,123,122,123.Henslow_Sparrow,124,123,rotation,rotation,0,"{""angle"":-14.781661}",0.16727492,0.24896348,0.081688553,0.84596699,0.77960843,0.056721732,0.031093614,0.78924526,0.74851481,-0.040730448,0.68510733,1.2637984,20.551944,25.973514,False,0.96552682,True,True,True,0.68510733,1.2637984,20.551944,25.973514,0.67168169,1.2627798,20.036741,25.301991,0.93884363,1.2831975,4.5729034,5.8679382,0.4668265,1.1841432,2.5723308,3.046008,0.61841346,1.4356763,7.8351545,11.248745,0.6451101,1.1935219,11.208885,13.37805,0.63973172,1.197577,9.8701426,11.820256,0.77515483,1.2968683,10.507408,13.626725
0b_baseline_best,file,13,baseline,7197,123.Henslow_Sparrow/Henslow_Sparrow_0098_796601.jpg,123,122,123.Henslow_Sparrow,124,123,random_resized_crop,random_resized_crop,0,"{""area_fraction"":0.647335,""aspect"":1.28419,""fallback"":false,""height"":0.709986,""left"":0.020117,""top"":0.128161,""width"":0.911757}",0.16727492,0.7693162,0.60204127,0.84596699,0.46332979,0.056721732,0.40410331,0.78924526,0.059226483,-0.73001878,0.6444692,4.4254298,20.551944,90.951186,False,0.93624204,True,True,True,0.6444692,4.4254298,20.551944,90.951186,0.63221835,4.429193,20.036741,88.746591,0.88390371,4.3525495,4.5729034,19.903789,0.44796813,5.6485295,2.5723308,14.529886,0.64543507,4.8884424,7.8351545,38.301701,0.606833,4.4272608,11.208885,49.624656,0.63412866,4.5595972,9.8701426,45.003875,0.67792258,3.9353667,10.507408,41.350505
0b_baseline_best,file,13,baseline,7197,123.Henslow_Sparrow/Henslow_Sparrow_0098_796601.jpg,123,122,123.Henslow_Sparrow,124,123,gaussian_blur,gaussian_blur,0,"{""sigma"":1.524623}",0.16727492,1.4726415,1.3053665,0.84596699,0.22931893,0.056721732,0.62130415,0.78924526,-0.39198522,-1.1812305,0.52200989,8.1906977,20.551944,168.33476,False,0.93307579,False,True,False,0.52200989,8.1906977,20.551944,168.33476,0.51134859,8.3027264,20.036741,166.35957,0.86300213,5.6225925,4.5729034,25.711573,0.30971425,11.039037,2.5723308,28.396055,0.40776665,10.253365,7.8351545,80.336696,0.49955158,8.8388863,11.208885,99.074057,0.52712198,7.9339973,9.8701426,78.309685,0.65928937,6.3608887,10.507408,66.836455
0b_baseline_best,file,13,baseline,7197,123.Henslow_Sparrow/Henslow_Sparrow_0098_796601.jpg,123,122,123.Henslow_Sparrow,124,123,random_erasing,random_erasing,0,"{""area_fraction"":0.071842,""erased"":true,""height"":0.395977,""left"":0.613364,""top"":0.393968,""width"":0.181431}",0.16727492,0.13433532,-0.032939598,0.84596699,0.87429684,0.056721732,0.032892141,0.78924526,0.8414047,0.05215944,0.94847916,0.80885525,20.551944,16.623548,False,0.99025208,True,True,True,0.94847916,0.80885525,20.551944,16.623548,0.94688091,0.81005575,20.036741,16.230877,0.98055398,0.78545162,4.5729034,3.5917944,0.89113841,0.916528,2.5723308,2.3576132,0.94469528,0.81649346,7.8351545,6.3973524,0.95376047,0.82027087,11.208885,9.1943215,0.94639567,0.79419958,9.8701426,7.8388631,0.9451625,0.80177545,10.507408,8.4245821
0b_baseline_best,file,13,baseline,4604,079.Belted_Kingfisher/Belted_Kingfisher_0111_70375.jpg,79,78,079.Belted_Kingfisher,112,111,identity,identity,0,{},0.93182385,0.93182385,0,0.39383477,0.39383477,0.057839856,0.057839856,0.33599491,0.33599491,0,1,1,99.793446,99.793446,False,1,True,True,True,1,1,99.793446,99.793446,1,1,98.40463,98.40463,1,1,16.590981,16.590981,1,1,23.926054,23.926054,1,1,41.380323,41.380323,1,1,47.012146,47.012146,1,1,49.75605,49.75605,1,1,52.085292,52.085292
0b_baseline_best,file,13,baseline,4604,079.Belted_Kingfisher/Belted_Kingfisher_0111_70375.jpg,79,78,079.Belted_Kingfisher,112,111,horizontal_flip,horizontal_flip,0,"{""flipped"":true}",0.93182385,1.7977525,0.86592865,0.39383477,0.16567081,0.057839856,0.082196526,0.33599491,0.083474286,-0.25252063,0.60138859,1.2796499,99.793446,127.70068,False,0.94442654,True,True,True,0.60138859,1.2796499,99.793446,127.70068,0.5912701,1.2779253,98.40463,125.75377,0.94177178,1.3389078,16.590981,22.213795,0.36316216,0.89952084,23.926054,21.521985,0.50825032,1.3074834,41.380323,54.104087,0.59240964,1.3791955,47.012146,64.838941,0.5893857,1.3053452,49.75605,64.948822,0.69248286,1.2144396,52.085292,63.254442
0b_baseline_best,file,13,baseline,4604,079.Belted_Kingfisher/Belted_Kingfisher_0111_70375.jpg,79,78,079.Belted_Kingfisher,112,111,color_jitter,color_jitter,0,"{""brightness"":1.126413,""contrast"":1.247611,""hue"":-0.016252,""saturation"":1.293936}",0.93182385,2.3060207,1.3741969,0.39383477,0.099657036,0.057839856,0.0036179314,0.33599491,0.096039105,-0.23995581,0.62360751,1.5089931,99.793446,150.58762,False,0.89427346,False,True,False,0.62360751,1.5089931,99.793446,150.58762,0.61773173,1.5074177,98.40463,148.33688,0.82331396,1.5634033,16.590981,25.938394,0.57417445,1.1009589,23.926054,26.341603,0.48726657,1.3566705,41.380323,56.139462,0.64196091,1.6644413,47.012146,78.248959,0.64496612,1.6664669,49.75605,82.916808,0.66838835,1.3791731,52.085292,71.834633
0b_baseline_best,file,13,baseline,4604,079.Belted_Kingfisher/Belted_Kingfisher_0111_70375.jpg,79,78,079.Belted_Kingfisher,112,111,rotation,rotation,0,"{""angle"":-12.911794}",0.93182385,0.47009045,-0.4617334,0.39383477,0.62494576,0.057839856,0.035840977,0.33599491,0.58910478,0.25310987,0.69294601,0.62605817,99.793446,62.476503,False,0.95135105,True,True,True,0.69294601,0.62605817,99.793446,62.476503,0.68623268,0.62713996,98.40463,61.713476,0.94687779,0.58673388,16.590981,9.7344909,0.71685995,0.8782725,23.926054,21.013596,0.64313569,0.56485614,41.380323,23.373929,0.65828126,0.61628998,47.012146,28.973115,0.6608383,0.64762866,49.75605,32.223444,0.7683114,0.58953026,52.085292,30.705855
0b_baseline_best,file,13,baseline,4604,079.Belted_Kingfisher/Belted_Kingfisher_0111_70375.jpg,79,78,079.Belted_Kingfisher,112,111,random_resized_crop,random_resized_crop,0,"{""area_fraction"":0.566552,""aspect"":1.052221,""fallback"":false,""height"":0.733781,""left"":0.210099,""top"":0.058402,""width"":0.7721}",0.93182385,1.2783066,0.34648275,0.39383477,0.27850854,0.057839856,0.013279519,0.33599491,0.26522902,-0.070765889,0.68764614,1.1755636,99.793446,117.31354,False,0.93109709,True,True,True,0.68764614,1.1755636,99.793446,117.31354,0.68104176,1.1752182,98.40463,115.64692,0.91758846,1.1876491,16.590981,19.704264,0.38840831,0.91566296,23.926054,21.908202,0.68460761,1.2214976,41.380323,50.545967,0.69112425,1.3116078,47.012146,61.661497,0.68537392,1.1620443,49.75605,57.818736,0.72686898,1.0850903,52.085292,56.517243
0b_baseline_best,file,13,baseline,4604,079.Belted_Kingfisher/Belted_Kingfisher_0111_70375.jpg,79,78,079.Belted_Kingfisher,112,111,gaussian_blur,gaussian_blur,0,"{""sigma"":1.080834}",0.93182385,1.0469661,0.11514223,0.39383477,0.35100102,0.057839856,0.092254214,0.33599491,0.25874681,-0.077248104,0.67026768,1.342119,99.793446,133.93468,False,0.92239088,True,True,True,0.67026768,1.342119,99.793446,133.93468,0.66467622,1.3451057,98.40463,132.36463,0.88745169,1.2324514,16.590981,20.447578,0.53149805,1.4023338,23.926054,33.552315,0.61916937,1.4028476,41.380323,58.050286,0.67125124,1.5668235,47.012146,73.659738,0.67710205,1.3118937,49.75605,65.274646,0.73770348,1.1092907,52.085292,57.777729
0b_baseline_best,file,13,baseline,4604,079.Belted_Kingfisher/Belted_Kingfisher_0111_70375.jpg,79,78,079.Belted_Kingfisher,112,111,random_erasing,random_erasing,0,"{""area_fraction"":0.122481,""erased"":true,""height"":0.357738,""left"":0.120786,""top"":0.441158,""width"":0.342377}",0.93182385,0.93780392,0.0059800744,0.39383477,0.39148664,0.057839856,0.012175643,0.33599491,0.379311,0.043316088,0.8548583,1.1214694,99.793446,111.9153,False,0.94210696,True,True,True,0.8548583,1.1214694,99.793446,111.9153,0.85301653,1.1238448,98.40463,110.59154,0.92811416,1.0344391,16.590981,17.16236,0.90113472,1.0353237,23.926054,24.771212,0.86300415,1.1666921,41.380323,48.278094,0.8453992,1.1503211,47.012146,54.079066,0.85280494,1.1713958,49.75605,58.284026,0.84718391,1.0453522,52.085292,54.447474
0b_baseline_best,file,13,baseline,10665,182.Yellow_Warbler/Yellow_Warbler_0121_176402.jpg,182,181,182.Yellow_Warbler,180,179,identity,identity,0,{},0.080220111,0.080220111,0,0.92291319,0.92291319,0.038193833,0.038193833,0.88471936,0.88471936,0,1,1,14.050372,14.050372,False,1.0000001,True,True,True,1,1,14.050372,14.050372,1,1,13.82744,13.82744,1,1,2.492961,2.492961,1,1,3.501332,3.501332,1,1,6.7325094,6.7325094,1,1,7.6665261,7.6665261,1,1,6.3325716,6.3325716,1,1,5.8936409,5.8936409
0b_baseline_best,file,13,baseline,10665,182.Yellow_Warbler/Yellow_Warbler_0121_176402.jpg,182,181,182.Yellow_Warbler,180,179,horizontal_flip,horizontal_flip,0,"{""flipped"":true}",0.080220111,0.052405834,-0.027814277,0.92291319,0.94894367,0.038193833,0.012958899,0.88471936,0.93598478,0.051265415,0.69712907,0.77042461,14.050372,10.824752,False,0.98639697,True,True,True,0.69712907,0.77042461,14.050372,10.824752,0.69023709,0.77288092,13.82744,10.686965,0.93871658,0.69060101,2.492961,1.7216414,0.38945111,0.75504875,3.501332,2.6436764,0.62148331,0.79453616,6.7325094,5.3492221,0.75344352,0.80923129,7.6665261,6.2039929,0.70563958,0.75676031,6.3325716,4.7922388,0.76862812,0.70272514,5.8936409,4.1416096
0b_baseline_best,file,13,baseline,10665,182.Yellow_Warbler/Yellow_Warbler_0121_176402.jpg,182,181,182.Yellow_Warbler,180,179,color_jitter,color_jitter,0,"{""brightness"":0.998509,""contrast"":0.995471,""hue"":0.093625,""saturation"":0.839551}",0.080220111,3.467679,3.3874589,0.92291319,0.031189337,0.038193833,0.085749619,0.88471936,-0.054560281,-0.93927964,0.66713033,10.268625,14.050372,144.278,False,0.87259698,False,True,False,0.66713033,10.268625,14.050372,144.278,0.6625371,10.173766,13.82744,140.67714,0.7965518,12.849193,2.492961,32.032538,0.59770184,8.5392661,3.501332,29.898806,0.71720584,9.7507291,6.7325094,65.646875,0.70862554,9.706835,7.6665261,74.417704,0.61166517,10.125757,6.3325716,64.122082,0.61954129,11.921931,5.8936409,70.26358
0b_baseline_best,file,13,baseline,10665,182.Yellow_Warbler/Yellow_Warbler_0121_176402.jpg,182,181,182.Yellow_Warbler,180,179,rotation,rotation,0,"{""angle"":8.216679}",0.080220111,0.034069397,-0.046150714,0.92291319,0.96650445,0.038193833,0.0082902489,0.88471936,0.95821421,0.073494845,0.82094616,0.39548122,14.050372,5.5566583,False,0.97466826,True,True,True,0.82094616,0.39548122,14.050372,5.5566583,0.81701489,0.39489427,13.82744,5.4603769,0.93736085,0.41313135,2.492961,1.0299203,0.86886968,0.48564763,3.501332,1.7004136,0.83935361,0.3700847,6.7325094,2.4915987,0.82014946,0.40707146,7.6665261,3.120824,0.7685096,0.37883541,6.3325716,2.3990024,0.82691378,0.38771585,5.8936409,2.285058
0b_baseline_best,file,13,baseline,10665,182.Yellow_Warbler/Yellow_Warbler_0121_176402.jpg,182,181,182.Yellow_Warbler,180,179,random_resized_crop,random_resized_crop,0,"{""area_fraction"":0.520994,""aspect"":1.329838,""fallback"":false,""height"":0.625917,""left"":0.020693,""top"":0.065192,""width"":0.832369}",0.080220111,0.089186892,0.0089667812,0.92291319,0.91467464,0.038193833,0.016143974,0.88471936,0.89853067,0.013811305,0.66216345,0.93599118,14.050372,13.151024,False,0.9506042,True,True,True,0.66216345,0.93599118,14.050372,13.151024,0.65479605,0.9325942,13.82744,12.89539,0.86985624,1.0350651,2.492961,2.580377,0.63120266,0.86621614,3.501332,3.0329103,0.62258205,0.79610487,6.7325094,5.3597835,0.71441194,0.90875314,7.6665261,6.9669797,0.60389418,1.0084988,6.3325716,6.3863911,0.6790738,1.0601659,5.8936409,6.2482373
0b_baseline_best,file,13,baseline,10665,182.Yellow_Warbler/Yellow_Warbler_0121_176402.jpg,182,181,182.Yellow_Warbler,180,179,gaussian_blur,gaussian_blur,0,"{""sigma"":1.365622}",0.080220111,2.7736897,2.6934696,0.92291319,0.06243122,0.038193833,0.8810398,0.88471936,-0.81860858,-1.7033279,0.57694283,12.032193,14.050372,169.05678,False,0.89904821,False,True,False,0.57694283,12.032193,14.050372,169.05678,0.56673393,11.933439,13.82744,165.00891,0.84352995,14.750739,2.492961,36.773017,0.53509715,11.067361,3.501332,38.750506,0.5858636,11.554377,6.7325094,77.789951,0.51476071,11.142282,7.6665261,85.422598,0.56111139,12.611432,6.3325716,79.862798,0.64130952,13.142897,5.8936409,77.459517
0b_baseline_best,file,13,baseline,10665,182.Yellow_Warbler/Yellow_Warbler_0121_176402.jpg,182,181,182.Yellow_Warbler,180,179,random_erasing,random_erasing,0,"{""area_fraction"":0.142267,""erased"":true,""height"":0.221345,""left"":0.321126,""top"":0.266941,""width"":0.64274}",0.080220111,6.0362186,5.9559985,0.92291319,0.0023905823,0.038193833,0.026330875,0.88471936,-0.023940293,-0.90865965,0.43161407,7.6041904,14.050372,106.8417,False,0.66569066,False,True,False,0.43161407,7.6041904,14.050372,106.8417,0.42548701,7.4993309,13.82744,103.69655,0.58980341,10.322172,2.492961,25.732772,0.75522467,6.0216175,3.501332,21.083682,0.49149363,6.0176426,6.7325094,40.513835,0.42794089,6.9408939,7.6665261,53.212545,0.37903526,7.8568591,6.3325716,49.754122,0.36961887,9.8353124,5.8936409,57.9658
0b_baseline_best,file,13,baseline,8730,149.Brown_Thrasher/Brown_Thrasher_0052_155254.jpg,149,148,149.Brown_Thrasher,120,119,identity,identity,0,{},0.076186806,0.076186806,0,0.92664307,0.92664307,0.032558259,0.032558259,0.89408481,0.89408481,0,1,1,10.773144,10.773144,False,1,True,True,True,1,1,10.773144,10.773144,1,1,10.512221,10.512221,1,1,2.3566565,2.3566565,1,1,1.8875134,1.8875134,1,1,4.9757251,4.9757251,1,1,5.0128577,5.0128577,1,1,5.3129548,5.3129548,1,1,5.3693591,5.3693591
0b_baseline_best,file,13,baseline,8730,149.Brown_Thrasher/Brown_Thrasher_0052_155254.jpg,149,148,149.Brown_Thrasher,120,119,horizontal_flip,horizontal_flip,0,"{""flipped"":true}",0.076186806,0.052835833,-0.023350973,0.92664307,0.94853574,0.032558259,0.017018501,0.89408481,0.93151724,0.037432425,0.717641,0.63365775,10.773144,6.826486,False,0.98037469,True,True,True,0.717641,0.63365775,10.773144,6.826486,0.70405497,0.63103885,10.512221,6.63362,0.96933767,0.68368466,2.3566565,1.6112099,0.63321791,0.75588627,1.8875134,1.4267455,0.76146314,0.57820891,4.9757251,2.8770086,0.68478849,0.62548287,5.0128577,3.1354566,0.63492874,0.64227325,5.3129548,3.4123687,0.75751771,0.65096255,5.3693591,3.4952517
0b_baseline_best,file,13,baseline,8730,149.Brown_Thrasher/Brown_Thrasher_0052_155254.jpg,149,148,149.Brown_Thrasher,120,119,color_jitter,color_jitter,0,"{""brightness"":0.947663,""contrast"":0.837021,""hue"":-0.025181,""saturation"":0.937766}",0.076186806,0.12577923,0.04959242,0.92664307,0.88180953,0.032558259,0.04190892,0.89408481,0.83990061,-0.054184202,0.89959142,1.4688734,10.773144,15.824384,False,0.99106836,True,True,True,0.89959142,1.4688734,10.773144,15.824384,0.8952239,1.4688931,10.512221,15.441329,0.98651809,1.4684819,2.3566565,3.4607075,0.85626666,1.4067298,1.8875134,2.6552215,0.86107697,1.492682,4.9757251,7.4271751,0.88456865,1.4764947,5.0128577,7.4014581,0.90249981,1.4361162,5.3129548,7.6300204,0.93216083,1.4808604,5.3693591,7.951271
0b_baseline_best,file,13,baseline,8730,149.Brown_Thrasher/Brown_Thrasher_0052_155254.jpg,149,148,149.Brown_Thrasher,120,119,rotation,rotation,0,"{""angle"":-2.787799}",0.076186806,0.07030198,-0.0058848262,0.92664307,0.93211228,0.032558259,0.035443883,0.89408481,0.89666839,0.0025835782,0.88910908,0.94220846,10.773144,10.150547,False,0.9913677,True,True,True,0.88910908,0.94220846,10.773144,10.150547,0.88381625,0.93752336,10.512221,9.8554529,0.98868182,1.0310131,2.3566565,2.4297438,0.81399071,1.0799159,1.8875134,2.0383557,0.89824724,0.97168618,4.9757251,4.8348433,0.85261813,0.93575254,5.0128577,4.6907943,0.87788552,0.9110996,5.3129548,4.8406309,0.91682335,0.91550932,5.3693591,4.9156983
0b_baseline_best,file,13,baseline,8730,149.Brown_Thrasher/Brown_Thrasher_0052_155254.jpg,149,148,149.Brown_Thrasher,120,119,random_resized_crop,random_resized_crop,0,"{""area_fraction"":0.880193,""aspect"":0.968382,""fallback"":false,""height"":0.953379,""left"":0.047516,""top"":0.007952,""width"":0.923235}",0.076186806,0.044751678,-0.031435128,0.92664307,0.95623493,0.032558259,0.018270221,0.89408481,0.93796471,0.043879896,0.85342615,0.55563502,10.773144,5.9859359,False,0.99020278,True,True,True,0.85342615,0.55563502,10.773144,5.9859359,0.84628801,0.55406009,10.512221,5.8244022,0.98897412,0.58609278,2.3566565,1.3812194,0.68807613,0.57961929,1.8875134,1.0940392,0.82302946,0.50690625,4.9757251,2.5222261,0.82634499,0.55201763,5.0128577,2.7671858,0.84131035,0.5572411,5.3129548,2.9605968,0.90782851,0.587258,5.3693591,3.153199
0b_baseline_best,file,13,baseline,8730,149.Brown_Thrasher/Brown_Thrasher_0052_155254.jpg,149,148,149.Brown_Thrasher,120,119,gaussian_blur,gaussian_blur,0,"{""sigma"":1.445181}",0.076186806,0.055614952,-0.020571854,0.92664307,0.9459033,0.032558259,0.0069216094,0.89408481,0.93898169,0.044896877,0.48633745,0.83037918,10.773144,8.9457942,False,0.92840636,True,True,True,0.48633745,0.83037918,10.773144,8.9457942,0.47137036,0.83744943,10.512221,8.8034537,0.86709655,0.67446269,2.3566565,1.5894769,-0.03835441,1.0762522,1.8875134,2.0314405,0.34168835,0.71567892,4.9757251,3.5610216,0.44581334,0.96842053,5.0128577,4.8545543,0.49878583,0.84873609,5.3129548,4.5092965,0.67792976,0.76319949,5.3693591,4.0978921
0b_baseline_best,file,13,baseline,8730,149.Brown_Thrasher/Brown_Thrasher_0052_155254.jpg,149,148,149.Brown_Thrasher,120,119,random_erasing,random_erasing,0,"{""area_fraction"":0.089423,""erased"":true,""height"":0.447423,""left"":0.077817,""top"":0.467148,""width"":0.199863}",0.076186806,0.064805306,-0.011381499,0.92664307,0.9372499,0.032558259,0.033024356,0.89408481,0.90422554,0.010140728,0.97337572,0.88069042,10.773144,9.4878044,False,0.99617279,True,True,True,0.97337572,0.88069042,10.773144,9.4878044,0.97240977,0.88095792,10.512221,9.2608245,0.99273756,0.87535085,2.3566565,2.0629013,0.9456741,0.86244608,1.8875134,1.6278786,0.97984452,0.86801728,4.9757251,4.3190153,0.97258553,0.89309758,5.0128577,4.4769711,0.96974391,0.8915231,5.3129548,4.7366219,0.97214087,0.87315772,5.3693591,4.6882973
0b_baseline_best,file,13,baseline,6794,117.Clay_colored_Sparrow/Clay_Colored_Sparrow_0002_110606.jpg,117,116,117.Clay_colored_Sparrow,119,118,identity,identity,0,{},0.0067466092,0.0067466092,0,0.99327612,0.99327612,0.0015524802,0.0015524802,0.99172364,0.99172364,0,1,1,1.3547094,1.3547094,False,1,True,True,True,1,1,1.3547094,1.3547094,1,1,1.3372638,1.3372638,1,1,0.2167097,0.2167097,1,1,0.29192227,0.29192227,1,1,0.60253062,0.60253062,1,1,0.76042146,0.76042146,1,1,0.64015467,0.64015467,1,1,0.59327396,0.59327396
0b_baseline_best,file,13,baseline,6794,117.Clay_colored_Sparrow/Clay_Colored_Sparrow_0002_110606.jpg,117,116,117.Clay_colored_Sparrow,119,118,horizontal_flip,horizontal_flip,0,"{""flipped"":true}",0.0067466092,0.0032517435,-0.0034948657,0.99327612,0.99675351,0.0015524802,0.00075135147,0.99172364,0.99600216,0.0042785233,0.71007896,0.48100351,1.3547094,0.65161999,False,0.97631794,True,True,True,0.71007896,0.48100351,1.3547094,0.65161999,0.70255247,0.47948919,1.3372638,0.64120355,0.97091611,0.53548929,0.2167097,0.11604573,0.68877338,0.43843689,0.29192227,0.12798949,0.67089337,0.40994852,0.60253062,0.24700653,0.71636833,0.48275107,0.76042146,0.36709427,0.65667556,0.51362846,0.64015467,0.32880166,0.77514806,0.50813395,0.59327396,0.30146264
0b_baseline_best,file,13,baseline,6794,117.Clay_colored_Sparrow/Clay_Colored_Sparrow_0002_110606.jpg,117,116,117.Clay_colored_Sparrow,119,118,color_jitter,color_jitter,0,"{""brightness"":1.024999,""contrast"":1.148055,""hue"":0.05493,""saturation"":1.285229}",0.0067466092,0.089803964,0.083057355,0.99327612,0.91411036,0.0015524802,0.0012479258,0.99172364,0.91286244,-0.078861202,0.4271135,10.353936,1.3547094,14.026575,False,0.89521527,True,True,True,0.4271135,10.353936,1.3547094,14.026575,0.4157636,10.333793,1.3372638,13.819008,0.83073786,11.093773,0.2167097,2.4041282,0.16272442,9.1160697,0.29192227,2.6611838,0.087916319,9.1401462,0.60253062,5.507218,0.38202974,10.356115,0.76042146,7.8750123,0.51677269,10.554333,0.64015467,6.7564055,0.68232123,11.418211,0.59327396,6.7741271
0b_baseline_best,file,13,baseline,6794,117.Clay_colored_Sparrow/Clay_Colored_Sparrow_0002_110606.jpg,117,116,117.Clay_colored_Sparrow,119,118,rotation,rotation,0,"{""angle"":-10.606434}",0.0067466092,0.029936586,0.023189976,0.99327612,0.97050709,0.0015524802,0.0053656986,0.99172364,0.96514139,-0.026582252,0.80845394,3.9680691,1.3547094,5.3755807,False,0.97206295,True,True,True,0.80845394,3.9680691,1.3547094,5.3755807,0.80439321,3.9664928,1.3372638,5.3042474,0.96082425,4.0276341,0.2167097,0.8728274,0.83431771,3.6207041,0.29192227,1.0569642,0.79127136,4.1396754,0.60253062,2.4942812,0.81039458,3.8498473,0.76042146,2.9275065,0.77641713,3.9567783,0.64015467,2.5329501,0.83639275,4.0629727,0.59327396,2.4104559
0b_baseline_best,file,13,baseline,6794,117.Clay_colored_Sparrow/Clay_Colored_Sparrow_0002_110606.jpg,117,116,117.Clay_colored_Sparrow,119,118,random_resized_crop,random_resized_crop,0,"{""area_fraction"":0.69397,""aspect"":1.105285,""fallback"":false,""height"":0.79238,""left"":0.033361,""top"":0.134557,""width"":0.875805}",0.0067466092,0.0058006761,-0.00094593316,0.99327612,0.99421614,0.0015524802,0.0012642769,0.99172364,0.99295187,0.0012282281,0.78040556,0.9035473,1.3547094,1.2240441,False,0.97003269,True,True,True,0.78040556,0.9035473,1.3547094,1.2240441,0.77575921,0.904267,1.3372638,1.2092435,0.96349369,0.87570257,0.2167097,0.18977324,0.81499498,0.99421176,0.29192227,0.29023255,0.73463908,0.92331122,0.60253062,0.55632329,0.7886408,0.87147054,0.76042146,0.6626849,0.75924829,0.91434598,0.64015467,0.58532284,0.8097265,0.90265787,0.59327396,0.53552341
0b_baseline_best,file,13,baseline,6794,117.Clay_colored_Sparrow/Clay_Colored_Sparrow_0002_110606.jpg,117,116,117.Clay_colored_Sparrow,119,118,gaussian_blur,gaussian_blur,0,"{""sigma"":1.405211}",0.0067466092,0.0077089192,0.00096231,0.99327612,0.99232072,0.0015524802,0.0013708522,0.99172364,0.99094986,-0.00077377493,0.75686503,1.1083507,1.3547094,1.5014931,False,0.95659113,True,True,True,0.75686503,1.1083507,1.3547094,1.5014931,0.75182525,1.1083216,1.3372638,1.4821184,0.94857521,1.1094568,0.2167097,0.24043005,0.79650518,1.0562106,0.29192227,0.30833139,0.71723066,1.2073491,0.60253062,0.72746479,0.76106885,1.1015666,0.76042146,0.83765487,0.72928434,1.0641982,0.64015467,0.68125142,0.79618901,1.0748448,0.59327396,0.63767745
0b_baseline_best,file,13,baseline,6794,117.Clay_colored_Sparrow/Clay_Colored_Sparrow_0002_110606.jpg,117,116,117.Clay_colored_Sparrow,119,118,random_erasing,random_erasing,0,"{""area_fraction"":0.153727,""erased"":true,""height"":0.314139,""left"":0.01517,""top"":0.665426,""width"":0.489359}",0.0067466092,0.021677811,0.014931201,0.99327612,0.97855544,0.0015524802,0.0030443068,0.99172364,0.97551113,-0.016212505,0.92096343,3.0358294,1.3547094,4.1126667,False,0.96791279,True,True,True,0.92096343,3.0358294,1.3547094,4.1126667,0.9200958,3.0376669,1.3372638,4.0621621,0.95507417,2.9650117,0.2167097,0.64254681,0.93883479,2.9604854,0.29192227,0.86423163,0.90869482,3.1234424,0.60253062,1.8819697,0.93267233,3.0439656,0.76042146,2.3146967,0.92033006,3.0618646,0.64015467,1.9600669,0.90743237,2.9256866,0.59327396,1.7357337
0b_baseline_best,file,13,baseline,11456,195.Carolina_Wren/Carolina_Wren_0128_186581.jpg,195,194,195.Carolina_Wren,199,198,identity,identity,0,{},0.0022479044,0.0022479044,0,0.99775463,0.99775463,0.00062757358,0.00062757358,0.99712706,0.99712706,0,1,1,0.46297275,0.46297275,False,0.99999994,True,True,True,1,1,0.46297275,0.46297275,1,1,0.45647321,0.45647321,1,1,0.077304453,0.077304453,1,1,0.098614328,0.098614328,1,1,0.24309575,0.24309575,1,1,0.26666277,0.26666277,1,1,0.18390562,0.18390562,1,1,0.18605684,0.18605684
0b_baseline_best,file,13,baseline,11456,195.Carolina_Wren/Carolina_Wren_0128_186581.jpg,195,194,195.Carolina_Wren,199,198,horizontal_flip,horizontal_flip,0,"{""flipped"":true}",0.0022479044,0.01320251,0.010954605,0.99775463,0.98688424,0.00062757358,0.0016163373,0.99712706,0.9852679,-0.011859161,0.75430565,6.3323795,0.46297275,2.9317192,False,0.96742594,True,True,True,0.75430565,6.3323795,0.46297275,2.9317192,0.75003461,6.3463308,0.45647321,2.89693,0.91925342,5.825077,0.077304453,0.45030439,0.62576229,5.86242,0.098614328,0.57811861,0.75250461,6.903169,0.24309575,1.678131,0.79251319,6.0749829,0.26666277,1.6199718,0.68535614,6.3864407,0.18390562,1.1745024,0.76694716,5.9804127,0.18605684,1.1126967
0b_baseline_best,file,13,baseline,11456,195.Carolina_Wren/Carolina_Wren_0128_186581.jpg,195,194,195.Carolina_Wren,199,198,color_jitter,color_jitter,0,"{""brightness"":1.065531,""contrast"":1.390322,""hue"":-0.082845,""saturation"":1.261563}",0.0022479044,6.6558671,6.6536192,0.99775463,0.0012864519,0.00062757358,0.0020060826,0.99712706,-0.00071963063,-0.99784669,0.12369276,282.60471,0.46297275,130.83828,False,0.62817657,False,True,False,0.12369276,282.60471,0.46297275,130.83828,0.10915358,278.97627,0.45647321,127.34519,0.49431863,388.47602,0.077304453,30.030926,-0.090827391,257.72283,0.098614328,25.415164,0.049622102,211.44095,0.24309575,51.400397,0.09646287,211.58847,0.26666277,56.422769,0.13892198,307.57923,0.18390562,56.56555,0.20302472,434.84216,0.18605684,80.905357
0b_baseline_best,file,13,baseline,11456,195.Carolina_Wren/Carolina_Wren_0128_186581.jpg,195,194,195.Carolina_Wren,199,198,rotation,rotation,0,"{""angle"":-12.625443}",0.0022479044,0.0022281599,-1.9744504e-05,0.99775463,0.9977743,0.00062757358,0.00031117041,0.99712706,0.99746313,0.0003360727,0.7528383,0.99269343,0.46297275,0.45959001,False,0.97425413,True,True,True,0.7528383,0.99269343,0.46297275,0.45959001,0.74741259,0.99453798,0.45647321,0.45397994,0.95786829,0.92608405,0.077304453,0.071590421,0.57015095,1.1975785,0.098614328,0.1180984,0.7706279,1.0426076,0.24309575,0.25345348,0.76567678,0.94154499,0.26666277,0.251075,0.68902985,0.98899174,0.18390562,0.18188114,0.7974052,0.95833332,0.18605684,0.17830447
0b_baseline_best,file,13,baseline,11456,195.Carolina_Wren/Carolina_Wren_0128_186581.jpg,195,194,195.Carolina_Wren,199,198,random_resized_crop,random_resized_crop,0,"{""area_fraction"":0.822587,""aspect"":1.028865,""fallback"":false,""height"":0.894153,""left"":0.019459,""top"":0.092701,""width"":0.919962}",0.0022479044,0.0027134526,0.00046554813,0.99775463,0.99729025,0.00062757358,0.00020488548,0.99712706,0.99708537,-4.1691688e-05,0.80343418,1.2729157,0.46297275,0.58932527,False,0.97825235,True,True,True,0.80343418,1.2729157,0.46297275,0.58932527,0.79979471,1.2733965,0.45647321,0.5812714,0.93216139,1.2560342,0.077304453,0.097097037,0.79684237,1.451229,0.098614328,0.14311198,0.83297708,1.2322686,0.24309575,0.29955926,0.8059405,1.2523263,0.26666277,0.33394881,0.730526,1.3239149,0.18390562,0.2434754,0.80757815,1.2815883,0.18605684,0.23844827
0b_baseline_best,file,13,baseline,11456,195.Carolina_Wren/Carolina_Wren_0128_186581.jpg,195,194,195.Carolina_Wren,199,198,gaussian_blur,gaussian_blur,0,"{""sigma"":1.767032}",0.0022479044,2.1028848,2.1006369,0.99775463,0.12210365,0.00062757358,0.0028857645,0.99712706,0.11921789,-0.87790917,0.4424273,287.38846,0.46297275,133.05302,False,0.76737428,False,True,False,0.4424273,287.38846,0.46297275,133.05302,0.43464816,287.26966,0.45647321,131.1309,0.70977617,291.50033,0.077304453,22.534273,0.55310405,317.38625,0.098614328,31.298832,0.48990226,277.65859,0.24309575,67.497622,0.39940576,261.62938,0.26666277,69.766815,0.35663348,312.54327,0.18390562,57.478465,0.46144185,317.45271,0.18605684,59.064247
0b_baseline_best,file,13,baseline,11456,195.Carolina_Wren/Carolina_Wren_0128_186581.jpg,195,194,195.Carolina_Wren,199,198,random_erasing,random_erasing,0,"{""area_fraction"":0.150062,""erased"":true,""height"":0.233917,""left"":0.231985,""top"":0.432723,""width"":0.641516}",0.0022479044,1.0484437,1.0461958,0.99775463,0.35048279,0.00062757358,0.040601294,0.99712706,0.3098815,-0.68724556,0.64872037,220.67244,0.46297275,102.16533,False,0.81629658,True,True,True,0.64872037,220.67244,0.46297275,102.16533,0.64512021,220.84343,0.45647321,100.80911,0.77814353,214.62526,0.077304453,16.591488,0.6828184,217.96531,0.098614328,21.494503,0.72185737,207.30415,0.24309575,50.394757,0.67416234,206.52159,0.26666277,55.071621,0.53089386,239.19169,0.18390562,43.988697,0.59686454,251.69115,0.18605684,46.82886
0b_baseline_best,file,13,baseline,10255,175.Pine_Warbler/Pine_Warbler_0032_172080.jpg,175,174,175.Pine_Warbler,157,156,identity,identity,0,{},0.0074289967,0.0074289967,0,0.99259853,0.99259853,0.0044611935,0.0044611935,0.98813734,0.98813734,0,1,1,1.4708013,1.4708013,False,0.99999994,True,True,True,1,1,1.4708013,1.4708013,1,1,1.4491304,1.4491304,1,1,0.25155053,0.25155053,1,1,0.31239932,0.31239932,1,1,0.83219837,0.83219837,1,1,0.78136243,0.78136243,1,1,0.62519034,0.62519034,1,1,0.55537484,0.55537484
0b_baseline_best,file,13,baseline,10255,175.Pine_Warbler/Pine_Warbler_0032_172080.jpg,175,174,175.Pine_Warbler,157,156,horizontal_flip,horizontal_flip,0,"{""flipped"":true}",0.0074289967,0.0043806308,-0.0030483659,0.99259853,0.99562895,0.0044611935,0.0034238913,0.98813734,0.99220506,0.0040677215,0.76292754,0.61450685,1.4708013,0.9038175,False,0.97078723,True,True,True,0.76292754,0.61450685,1.4708013,0.9038175,0.75636218,0.61232468,1.4491304,0.88733831,0.96267484,0.68298219,0.25155053,0.17180453,0.67736801,0.64408921,0.31239932,0.20121303,0.84716505,0.62633668,0.83219837,0.52123637,0.72818491,0.5968911,0.78136243,0.46638828,0.66550791,0.61057327,0.62519034,0.38172451,0.744428,0.60249333,0.55537484,0.33460963
0b_baseline_best,file,13,baseline,10255,175.Pine_Warbler/Pine_Warbler_0032_172080.jpg,175,174,175.Pine_Warbler,157,156,color_jitter,color_jitter,0,"{""brightness"":0.846744,""contrast"":0.714196,""hue"":0.070807,""saturation"":0.696061}",0.0074289967,1.1277021,1.1202731,0.99259853,0.32377639,0.0044611935,0.10687253,0.98813734,0.21690387,-0.77123347,0.64463658,65.276463,1.4708013,96.008709,False,0.8613559,True,True,True,0.64463658,65.276463,1.4708013,96.008709,0.63995594,65.065523,1.4491304,94.288426,0.78829142,71.926821,0.25155053,18.09323,0.46954939,41.983933,0.31239932,13.115752,0.7343816,68.407497,0.83219837,56.928608,0.62058167,59.035868,0.78136243,46.128409,0.57015725,64.143871,0.62519034,40.102129,0.60679286,75.138748,0.55537484,41.73017
0b_baseline_best,file,13,baseline,10255,175.Pine_Warbler/Pine_Warbler_0032_172080.jpg,175,174,175.Pine_Warbler,157,156,rotation,rotation,0,"{""angle"":-11.100921}",0.0074289967,0.010378203,0.0029492066,0.99259853,0.98967546,0.0044611935,0.0061868611,0.98813734,0.9834886,-0.004648739,0.8435728,1.2595076,1.4708013,1.8524854,False,0.97619075,True,True,True,0.8435728,1.2595076,1.4708013,1.8524854,0.83928266,1.2545234,1.4491304,1.8179679,0.97571872,1.414993,0.25155053,0.35594223,0.85623655,1.2923485,0.31239932,0.40372877,0.87662123,1.1677255,0.83219837,0.97177924,0.83705313,1.2100665,0.78136243,0.94550051,0.79696409,1.3325483,0.62519034,0.83309631,0.83169385,1.4058815,0.55537484,0.7807912
0b_baseline_best,file,13,baseline,10255,175.Pine_Warbler/Pine_Warbler_0032_172080.jpg,175,174,175.Pine_Warbler,157,156,random_resized_crop,random_resized_crop,0,"{""area_fraction"":0.579163,""aspect"":1.113368,""fallback"":false,""height"":0.721242,""left"":0.104927,""top"":0.237509,""width"":0.803008}",0.0074289967,0.15847389,0.1510449,0.99259853,0.85344523,0.0044611935,0.13111769,0.98813734,0.72232755,-0.26580979,0.69102246,25.956056,1.4708013,38.176201,False,0.94462723,True,True,True,0.69102246,25.956056,1.4708013,38.176201,0.68462431,26.019635,1.4491304,37.705843,0.92645378,23.749726,0.25155053,5.974256,0.71631562,32.612595,0.31239932,10.188152,0.76804722,25.257186,0.83219837,21.018989,0.64419574,26.845385,0.78136243,20.975975,0.62845085,26.40675,0.62519034,16.509245,0.65448886,23.029734,0.55537484,12.790135
0b_baseline_best,file,13,baseline,10255,175.Pine_Warbler/Pine_Warbler_0032_172080.jpg,175,174,175.Pine_Warbler,157,156,gaussian_blur,gaussian_blur,0,"{""sigma"":1.828317}",0.0074289967,0.091606781,0.084177784,0.99259853,0.9124639,0.0044611935,0.013403245,0.98813734,0.89906066,-0.089076682,0.53483132,11.925241,1.4708013,17.539661,False,0.86792195,True,True,True,0.53483132,11.925241,1.4708013,17.539661,0.52883257,11.950472,1.4491304,17.317793,0.75160846,11.055285,0.25155053,2.7809626,0.67834603,8.8276853,0.31239932,2.7577629,0.62969199,11.832254,0.83219837,9.8467826,0.45876113,11.262274,0.78136243,8.7999178,0.42717324,13.411699,0.62519034,8.3848649,0.55677762,12.422351,0.55537484,6.8990613
0b_baseline_best,file,13,baseline,10255,175.Pine_Warbler/Pine_Warbler_0032_172080.jpg,175,174,175.Pine_Warbler,157,156,random_erasing,random_erasing,0,"{""area_fraction"":0.174928,""erased"":true,""height"":0.275955,""left"":0.092622,""top"":0.656271,""width"":0.633902}",0.0074289967,0.0057680826,-0.0016609142,0.99259853,0.99424851,0.0044611935,0.0034604149,0.98813734,0.99078809,0.0026507543,0.97107674,0.79584707,1.4708013,1.1705329,False,0.9852041,True,True,True,0.97107674,0.79584707,1.4708013,1.1705329,0.97065825,0.79542879,1.4491304,1.15268,0.98486881,0.80960592,0.25155053,0.2036568,0.97651752,0.80179338,0.31239932,0.2504797,0.984229,0.80413996,0.83219837,0.66920396,0.9770213,0.79038413,0.78136243,0.61757646,0.95683405,0.78584059,0.62519034,0.49129995,0.94305743,0.79577109,0.55537484,0.44195124
0b_baseline_best,file,13,baseline,10426,177.Prothonotary_Warbler/Prothonotary_Warbler_0045_173536.jpg,177,176,177.Prothonotary_Warbler,182,181,identity,identity,0,{},0.0023921703,0.0023921703,0,0.99761069,0.99761069,0.00090794981,0.00090794981,0.99670274,0.99670274,0,1,1,0.41746966,0.41746966,False,0.99999988,True,True,True,1,1,0.41746966,0.41746966,1,1,0.4099781,0.4099781,1,1,0.078732883,0.078732883,1,1,0.085940573,0.085940573,1,1,0.18487918,0.18487918,1,1,0.21771742,0.21771742,1,1,0.19981236,0.19981236,1,1,0.19796488,0.19796488
0b_baseline_best,file,13,baseline,10426,177.Prothonotary_Warbler/Prothonotary_Warbler_0045_173536.jpg,177,176,177.Prothonotary_Warbler,182,181,horizontal_flip,horizontal_flip,0,"{""flipped"":true}",0.0023921703,0.0026988294,0.00030665915,0.99761069,0.9973048,0.00090794981,0.0011663859,0.99670274,0.99613841,-0.00056432717,0.68654196,1.1423222,0.41746966,0.47688487,False,0.97189438,True,True,True,0.68654196,1.1423222,0.41746966,0.47688487,0.67572819,1.1405415,0.4099781,0.46759704,0.96825305,1.1895916,0.078732883,0.093659977,0.82956148,1.400782,0.085940573,0.12038401,0.5878372,1.073543,0.18487918,0.19847576,0.65942812,1.1354735,0.21771742,0.24721237,0.64287699,1.1421805,0.19981236,0.22822178,0.76923556,1.1470453,0.19796488,0.22707469
0b_baseline_best,file,13,baseline,10426,177.Prothonotary_Warbler/Prothonotary_Warbler_0045_173536.jpg,177,176,177.Prothonotary_Warbler,182,181,color_jitter,color_jitter,0,"{""brightness"":1.245903,""contrast"":0.876054,""hue"":-0.072632,""saturation"":1.250753}",0.0023921703,1.0954938,1.0931016,0.99761069,0.33437446,0.00090794981,0.0010245894,0.99670274,0.33334987,-0.66335287,0.341709,315.86825,0.41746966,131.86541,False,0.8386851,False,True,False,0.341709,315.86825,0.41746966,131.86541,0.33358274,317.01417,0.4099781,129.96887,0.59063449,283.03377,0.078732883,22.284065,0.56510597,378.26496,0.085940573,32.508307,0.39923008,287.80764,0.18487918,53.209642,0.23589656,312.5182,0.21771742,68.040657,0.27915567,330.72405,0.19981236,66.082754,0.40601015,319.77361,0.19796488,63.303945
0b_baseline_best,file,13,baseline,10426,177.Prothonotary_Warbler/Prothonotary_Warbler_0045_173536.jpg,177,176,177.Prothonotary_Warbler,182,181,rotation,rotation,0,"{""angle"":3.480026}",0.0023921703,0.0031306564,0.00073848618,0.99761069,0.99687421,0.00090794981,0.00064674031,0.99670274,0.99622747,-0.00047526549,0.70602747,1.3417894,0.41746966,0.56015637,False,0.98605508,True,True,True,0.70602747,1.3417894,0.41746966,0.56015637,0.69731889,1.3403012,0.4099781,0.54949416,0.93542524,1.3815311,0.078732883,0.10877192,0.64447654,1.2998253,0.085940573,0.11170773,0.6191215,1.3009991,0.18487918,0.24052765,0.65658876,1.3716523,0.21771742,0.2986326,0.70094206,1.3451169,0.19981236,0.26877099,0.82063033,1.3383104,0.19796488,0.26493845
0b_baseline_best,file,13,baseline,10426,177.Prothonotary_Warbler/Prothonotary_Warbler_0045_173536.jpg,177,176,177.Prothonotary_Warbler,182,181,random_resized_crop,random_resized_crop,0,"{""area_fraction"":0.628804,""aspect"":1.244191,""fallback"":false,""height"":0.710909,""left"":0.049089,""top"":0.172166,""width"":0.884507}",0.0023921703,0.0021757043,-0.00021646591,0.99761069,0.99782664,0.00090794981,0.00034031237,0.99670274,0.99748632,0.00078358507,0.719413,0.86026436,0.41746966,0.35913427,False,0.96848595,True,True,True,0.719413,0.86026436,0.41746966,0.35913427,0.71111091,0.85832377,0.4099781,0.35189395,0.93267761,0.91130944,0.078732883,0.071750019,0.79358303,0.90250528,0.085940573,0.077561821,0.68355139,0.74534176,0.18487918,0.13779818,0.73839894,0.83097305,0.21771742,0.18091731,0.6555359,0.9009598,0.19981236,0.18002291,0.74922693,0.9271194,0.19796488,0.18353708
0b_baseline_best,file,13,baseline,10426,177.Prothonotary_Warbler/Prothonotary_Warbler_0045_173536.jpg,177,176,177.Prothonotary_Warbler,182,181,gaussian_blur,gaussian_blur,0,"{""sigma"":1.726642}",0.0023921703,0.75810808,0.75571591,0.99761069,0.46855208,0.00090794981,0.00093743473,0.99670274,0.46761465,-0.52908809,0.38118008,372.51495,0.41746966,155.51369,False,0.86688292,False,True,False,0.38118008,372.51495,0.41746966,155.51369,0.37386984,376.10317,0.4099781,154.19406,0.69890699,256.77031,0.078732883,20.216267,0.53412963,533.47354,0.085940573,45.847022,0.34976913,447.58365,0.18487918,82.7489,0.35982433,401.01458,0.21771742,87.307862,0.35513469,325.62828,0.19981236,65.064556,0.43769193,275.30925,0.19796488,54.501564
0b_baseline_best,file,13,baseline,10426,177.Prothonotary_Warbler/Prothonotary_Warbler_0045_173536.jpg,177,176,177.Prothonotary_Warbler,182,181,random_erasing,random_erasing,0,"{""area_fraction"":0.168951,""erased"":true,""height"":0.311737,""left"":0.022278,""top"":0.233723,""width"":0.541968}",0.0023921703,5.250741,5.2483488,0.99761069,0.0052436325,0.00090794981,0.0020933093,0.99670274,0.0031503232,-0.99355242,0.10151895,308.14486,0.41746966,128.64113,False,0.59229159,False,True,False,0.10151895,308.14486,0.41746966,128.64113,0.085457838,307.24681,0.4099781,125.96447,0.50535226,331.56964,0.078732883,26.105434,-0.41995954,308.15861,0.085940573,26.483327,-0.13495816,258.65931,0.18487918,47.820723,0.066073943,306.29679,0.21771742,66.686149,0.18757768,319.98032,0.19981236,63.936024,0.24576138,332.93297,0.19796488,65.909035
0b_baseline_best,file,13,baseline,7265,124.Le_Conte_Sparrow/Le_Conte_Sparrow_0067_117146.jpg,124,123,124.Le_Conte_Sparrow,123,122,identity,identity,0,{},0.045602839,0.045602839,0,0.95542133,0.95542133,0.021805855,0.021805855,0.93361547,0.93361547,0,1,1,6.8579664,6.8579664,False,0.99999988,True,True,True,1,1,6.8579664,6.8579664,1,1,6.6827115,6.6827115,1,1,1.5404771,1.5404771,1,1,1.0886917,1.0886917,1,1,3.228436,3.228436,1,1,3.623499,3.623499,1,1,3.1563332,3.1563332,1,1,3.1556933,3.1556933
0b_baseline_best,file,13,baseline,7265,124.Le_Conte_Sparrow/Le_Conte_Sparrow_0067_117146.jpg,124,123,124.Le_Conte_Sparrow,123,122,horizontal_flip,horizontal_flip,0,"{""flipped"":true}",0.045602839,0.37113765,0.32553481,0.95542133,0.68994898,0.021805855,0.29889712,0.93361547,0.39105186,-0.54256362,0.5165697,10.321642,6.8579664,70.785477,False,0.94142973,True,True,True,0.5165697,10.321642,6.8579664,70.785477,0.50194191,10.388191,6.6827115,69.421282,0.84036292,8.9777477,1.5404771,13.830014,0.26557724,9.997226,1.0886917,10.883897,0.43963812,10.083507,3.228436,32.553956,0.47666169,11.234028,3.623499,40.706489,0.52823342,10.318374,3.1563332,32.568225,0.61424763,9.6293556,3.1556933,30.387293
0b_baseline_best,file,13,baseline,7265,124.Le_Conte_Sparrow/Le_Conte_Sparrow_0067_117146.jpg,124,123,124.Le_Conte_Sparrow,123,122,color_jitter,color_jitter,0,"{""brightness"":1.265562,""contrast"":0.924737,""hue"":-0.017519,""saturation"":1.234563}",0.045602839,0.031722452,-0.013880387,0.95542133,0.96877545,0.021805855,0.016551087,0.93361547,0.95222436,0.01860889,0.8615902,0.63780893,6.8579664,4.3740722,False,0.9847011,True,True,True,0.8615902,0.63780893,6.8579664,4.3740722,0.85459434,0.63294708,6.6827115,4.2298027,0.9840399,0.72323429,1.5404771,1.1141258,0.6559402,0.75578005,1.0886917,0.82281147,0.77971633,0.56814276,3.228436,1.8342125,0.87469925,0.59467797,3.623499,2.154815,0.88136554,0.65421394,3.1563332,2.0649172,0.90903834,0.70451499,3.1556933,2.2232332
0b_baseline_best,file,13,baseline,7265,124.Le_Conte_Sparrow/Le_Conte_Sparrow_0067_117146.jpg,124,123,124.Le_Conte_Sparrow,123,122,rotation,rotation,0,"{""angle"":4.934949}",0.045602839,0.032778949,-0.012823891,0.95542133,0.96775246,0.021805855,0.0063972585,0.93361547,0.9613552,0.027739724,0.73857187,0.69235943,6.8579664,4.7481777,False,0.98253292,True,True,True,0.73857187,0.69235943,6.8579664,4.7481777,0.72778333,0.68985187,6.6827115,4.6100811,0.92995333,0.73796179,1.5404771,1.1368132,0.68808984,0.6661561,1.0886917,0.72523862,0.71138071,0.5809452,3.228436,1.8755444,0.66295065,0.74892727,3.623499,2.7137372,0.77085891,0.69132501,3.1563332,2.1820521,0.80711232,0.71447352,3.1556933,2.2546593
0b_baseline_best,file,13,baseline,7265,124.Le_Conte_Sparrow/Le_Conte_Sparrow_0067_117146.jpg,124,123,124.Le_Conte_Sparrow,123,122,random_resized_crop,random_resized_crop,0,"{""area_fraction"":0.795922,""aspect"":1.183201,""fallback"":false,""height"":0.820174,""left"":0.012967,""top"":0.090368,""width"":0.970431}",0.045602839,0.017420262,-0.028182577,0.95542133,0.98273057,0.021805855,0.0025227729,0.93361547,0.98020779,0.046592321,0.58056278,0.45575434,6.8579664,3.125548,False,0.97255373,True,True,True,0.58056278,0.45575434,6.8579664,3.125548,0.56452109,0.45656426,6.6827115,3.0510872,0.89401436,0.44023479,1.5404771,0.6781716,0.57387146,0.53890258,1.0886917,0.58669877,0.48460017,0.41573056,3.228436,1.3421595,0.4903094,0.51103737,3.623499,1.8517434,0.61306419,0.44505094,3.1563332,1.4047291,0.72489224,0.42055511,3.1556933,1.327143
0b_baseline_best,file,13,baseline,7265,124.Le_Conte_Sparrow/Le_Conte_Sparrow_0067_117146.jpg,124,123,124.Le_Conte_Sparrow,123,122,gaussian_blur,gaussian_blur,0,"{""sigma"":1.133593}",0.045602839,0.17337207,0.12776924,0.95542133,0.84082472,0.021805855,0.064490303,0.93361547,0.77633442,-0.15728105,0.71319015,3.7457556,6.8579664,25.688266,False,0.93841416,True,True,True,0.71319015,3.7457556,6.8579664,25.688266,0.70326542,3.7693563,6.6827115,25.18952,0.93537899,3.2700049,1.5404771,5.0373675,0.59687635,5.3496779,1.0886917,5.82415,0.70662747,3.6876581,3.228436,11.905368,0.70955576,4.0360635,3.623499,14.624672,0.67454194,3.6028416,3.1563332,11.371768,0.75512223,3.4079086,3.1556933,10.754314
0b_baseline_best,file,13,baseline,7265,124.Le_Conte_Sparrow/Le_Conte_Sparrow_0067_117146.jpg,124,123,124.Le_Conte_Sparrow,123,122,random_erasing,random_erasing,0,"{""area_fraction"":0.114682,""erased"":true,""height"":0.412966,""left"":0.009668,""top"":0.333016,""width"":0.277702}",0.045602839,0.041873917,-0.0037289225,0.95542133,0.95899069,0.021805855,0.014269262,0.93361547,0.94472143,0.011105957,0.92161738,0.91417781,6.8579664,6.2694007,False,0.99707222,True,True,True,0.92161738,0.91417781,6.8579664,6.2694007,0.91830222,0.91195321,6.6827115,6.0943202,0.98212028,0.95507666,1.5404771,1.4712737,0.91159439,0.91333874,1.0886917,0.99434431,0.90851534,0.83709903,3.228436,2.7025207,0.91216611,0.92463588,3.623499,3.3504172,0.92294893,0.94362525,3.1563332,2.9783957,0.93567935,0.93748734,3.1556933,2.9584226
0b_baseline_best,file,13,baseline,10209,174.Palm_Warbler/Palm_Warbler_0095_170610.jpg,174,173,174.Palm_Warbler,195,194,identity,identity,0,{},0.03838896,0.03838896,0,0.96233857,0.96233857,0.009181153,0.009181153,0.95315741,0.95315741,0,1,1,7.7800035,7.7800035,False,1,True,True,True,1,1,7.7800035,7.7800035,1,1,7.6737949,7.6737949,1,1,1.2811426,1.2811426,1,1,2.2033304,2.2033304,1,1,3.7018909,3.7018909,1,1,4.4703797,4.4703797,1,1,3.3437009,3.3437009,1,1,3.0271827,3.0271827
0b_baseline_best,file,13,baseline,10209,174.Palm_Warbler/Palm_Warbler_0095_170610.jpg,174,173,174.Palm_Warbler,195,194,horizontal_flip,horizontal_flip,0,"{""flipped"":true}",0.03838896,0.11049666,0.072107695,0.96233857,0.89538932,0.009181153,0.040287025,0.95315741,0.85510229,-0.098055121,0.62524075,2.7600046,7.7800035,21.472845,False,0.98064506,True,True,True,0.62524075,2.7600046,7.7800035,21.472845,0.61526093,2.7553042,7.6737949,21.143639,0.96374584,2.9236488,1.2811426,3.7456111,0.37653878,2.5822727,2.2033304,5.6896,0.51906649,2.774231,3.7018909,10.269901,0.65941958,2.7766092,4.4703797,12.412498,0.64190071,2.8098216,3.3437009,9.3952031,0.75208566,2.7013493,3.0271827,8.1774778
0b_baseline_best,file,13,baseline,10209,174.Palm_Warbler/Palm_Warbler_0095_170610.jpg,174,173,174.Palm_Warbler,195,194,color_jitter,color_jitter,0,"{""brightness"":1.126635,""contrast"":0.970923,""hue"":-0.008472,""saturation"":0.877487}",0.03838896,0.027710829,-0.010678131,0.96233857,0.9726696,0.009181153,0.0057455297,0.95315741,0.96692407,0.013766658,0.91425867,0.63756094,7.7800035,4.9602263,False,0.99057549,True,True,True,0.91425867,0.63756094,7.7800035,4.9602263,0.91314254,0.63348922,7.6737949,4.8612663,0.9640034,0.76952214,1.2811426,0.98586763,0.92075612,0.62065536,2.2033304,1.3675089,0.88228335,0.55592531,3.7018909,2.0579749,0.9310985,0.62865196,4.4703797,2.810313,0.91114219,0.6622657,3.3437009,2.2144185,0.93071588,0.7180672,3.0271827,2.1737206
0b_baseline_best,file,13,baseline,10209,174.Palm_Warbler/Palm_Warbler_0095_170610.jpg,174,173,174.Palm_Warbler,195,194,rotation,rotation,0,"{""angle"":-12.788114}",0.03838896,0.29503334,0.25664438,0.96233857,0.74450678,0.009181153,0.057924956,0.95315741,0.68658182,-0.26657559,0.75357812,7.2927285,7.7800035,56.737453,False,0.96102238,True,True,True,0.75357812,7.2927285,7.7800035,56.737453,0.74933495,7.3151017,7.6737949,56.13459,0.93252766,6.4388033,1.2811426,8.2490255,0.82231639,8.6249418,2.2033304,19.003597,0.73083323,7.4443184,3.7018909,27.558055,0.7656227,6.9895708,4.4703797,31.246036,0.70808834,7.4309728,3.3437009,24.846951,0.75908827,6.9042152,3.0271827,20.900321
0b_baseline_best,file,13,baseline,10209,174.Palm_Warbler/Palm_Warbler_0095_170610.jpg,174,173,174.Palm_Warbler,195,194,random_resized_crop,random_resized_crop,0,"{""area_fraction"":0.886271,""aspect"":0.981018,""fallback"":false,""height"":0.950484,""left"":0.029189,""top"":0.037288,""width"":0.932442}",0.03838896,0.043008246,0.0046192855,0.96233857,0.9579035,0.009181153,0.010887753,0.95315741,0.94701575,-0.0061416626,0.85578869,1.3320842,7.7800035,10.36362,False,0.98020959,True,True,True,0.85578869,1.3320842,7.7800035,10.36362,0.85338743,1.3362124,7.6737949,10.25382,0.9607771,1.1744098,1.2811426,1.5045865,0.91536193,1.5129426,2.2033304,3.3335126,0.85051066,1.370381,3.7018909,5.0730009,0.84831112,1.3015166,4.4703797,5.8182733,0.82706146,1.3310211,3.3437009,4.4505366,0.87060077,1.2636798,3.0271827,3.8253896
0b_baseline_best,file,13,baseline,10209,174.Palm_Warbler/Palm_Warbler_0095_170610.jpg,174,173,174.Palm_Warbler,195,194,gaussian_blur,gaussian_blur,0,"{""sigma"":1.549081}",0.03838896,3.6495397,3.6111507,0.96233857,0.026003096,0.009181153,0.12053922,0.95315741,-0.094536122,-1.0476935,0.44543279,18.281016,7.7800035,142.22637,False,0.85839689,False,True,False,0.44543279,18.281016,7.7800035,142.22637,0.43327524,18.090276,7.6737949,138.82107,0.79022762,24.147394,1.2811426,30.936256,0.56146671,17.115073,2.2033304,37.710162,0.32675707,17.757298,3.7018909,65.73558,0.41923724,16.045465,4.4703797,71.729321,0.43663458,19.642824,3.3437009,65.67973,0.54412761,21.072345,3.0271827,63.789839
0b_baseline_best,file,13,baseline,10209,174.Palm_Warbler/Palm_Warbler_0095_170610.jpg,174,173,174.Palm_Warbler,195,194,random_erasing,random_erasing,0,"{""area_fraction"":0.07086,""erased"":true,""height"":0.241028,""left"":0.017435,""top"":0.45736,""width"":0.29399}",0.03838896,0.36626533,0.32787637,0.96233857,0.69331884,0.009181153,0.028465547,0.95315741,0.6648533,-0.28830412,0.79395658,9.0231079,7.7800035,70.199811,False,0.96385533,True,True,True,0.79395658,9.0231079,7.7800035,70.199811,0.79059233,9.0499637,7.6737949,69.447565,0.93639382,8.0001607,1.2811426,10.249347,0.88080965,10.91081,2.2033304,24.04012,0.77769237,10.108156,3.7018909,37.419291,0.81024405,8.8177633,4.4703797,39.41875,0.7335896,8.0351824,3.3437009,26.867247,0.80676262,7.8808578,3.0271827,23.856797
0b_baseline_best,file,13,baseline,7740,132.White_crowned_Sparrow/White_Crowned_Sparrow_0057_127927.jpg,132,131,132.White_crowned_Sparrow,133,132,identity,identity,0,{},0.50708669,0.50708669,0,0.60224754,0.60224754,0.054548312,0.054548312,0.54769922,0.54769922,0,1,1,66.38039,66.38039,False,1,True,True,True,1,1,66.38039,66.38039,1,1,65.464972,65.464972,1,1,10.98607,10.98607,1,1,10.511515,10.511515,1,1,29.943321,29.943321,1,1,36.183116,36.183116,1,1,32.473775,32.473775,1,1,30.245729,30.245729
0b_baseline_best,file,13,baseline,7740,132.White_crowned_Sparrow/White_Crowned_Sparrow_0057_127927.jpg,132,131,132.White_crowned_Sparrow,133,132,horizontal_flip,horizontal_flip,0,"{""flipped"":true}",0.50708669,0.2353985,-0.27168819,0.60224754,0.7902559,0.054548312,0.020670358,0.54769922,0.76958555,0.22188632,0.67894105,0.48408857,66.38039,32.133988,False,0.96498621,True,True,True,0.67894105,0.48408857,66.38039,32.133988,0.6705657,0.483334,65.464972,31.641447,0.9616621,0.51015924,10.98607,5.6046449,0.54873993,0.45377515,10.511515,4.7698642,0.63860649,0.41428954,29.943321,12.405205,0.69402849,0.46136724,36.183116,16.693704,0.62580999,0.51041449,32.473775,16.575085,0.73937915,0.54440551,30.245729,16.465942
0b_baseline_best,file,13,baseline,7740,132.White_crowned_Sparrow/White_Crowned_Sparrow_0057_127927.jpg,132,131,132.White_crowned_Sparrow,133,132,color_jitter,color_jitter,0,"{""brightness"":1.053063,""contrast"":1.049389,""hue"":0.064114,""saturation"":1.298848}",0.50708669,2.5210261,2.0139394,0.60224754,0.080377094,0.054548312,0.034785628,0.54769922,0.045591466,-0.50210776,0.76685981,2.2214679,66.38039,147.46191,False,0.89656383,False,True,False,0.76685981,2.2214679,66.38039,147.46191,0.76368475,2.2208003,65.464972,145.38463,0.87842814,2.2450446,10.98607,24.664216,0.75840463,2.7280354,10.511515,28.675784,0.74616412,2.0915477,29.943321,62.627883,0.76384549,2.190495,36.183116,79.258937,0.78216421,2.3032069,32.473775,74.793821,0.76270313,2.2218513,30.245729,67.201514
0b_baseline_best,file,13,baseline,7740,132.White_crowned_Sparrow/White_Crowned_Sparrow_0057_127927.jpg,132,131,132.White_crowned_Sparrow,133,132,rotation,rotation,0,"{""angle"":-11.232876}",0.50708669,0.057620864,-0.44946583,0.60224754,0.94400781,0.054548312,0.0067626038,0.54769922,0.93724521,0.38954599,0.76906644,0.1290143,66.38039,8.5640196,False,0.93782467,True,True,True,0.76906644,0.1290143,66.38039,8.5640196,0.76422426,0.1288011,65.464972,8.4319605,0.93268124,0.13636873,10.98607,1.4981563,0.64270504,0.12661062,10.511515,1.3308694,0.80098144,0.12151671,29.943321,3.6386139,0.75827132,0.12227453,36.183116,4.4242734,0.74968405,0.13509707,32.473775,4.3871119,0.77497985,0.13738377,30.245729,4.1552723
0b_baseline_best,file,13,baseline,7740,132.White_crowned_Sparrow/White_Crowned_Sparrow_0057_127927.jpg,132,131,132.White_crowned_Sparrow,133,132,random_resized_crop,random_resized_crop,0,"{""area_fraction"":0.890556,""aspect"":1.069239,""fallback"":false,""height"":0.912627,""left"":0.020383,""top"":0.023591,""width"":0.975816}",0.50708669,0.15191983,-0.35516687,0.60224754,0.85905713,0.054548312,0.023711529,0.54769922,0.8353456,0.28764638,0.81805897,0.32428924,66.38039,21.526446,False,0.97040343,True,True,True,0.81805897,0.32428924,66.38039,21.526446,0.81372479,0.32363832,65.464972,21.186974,0.96362737,0.34661079,10.98607,3.8078902,0.63784667,0.38358724,10.511515,4.032083,0.82692688,0.31283455,29.943321,9.3673053,0.77591683,0.31268977,36.183116,11.31409,0.82402863,0.32459559,32.473775,10.540844,0.86786338,0.34002308,30.245729,10.284246
0b_baseline_best,file,13,baseline,7740,132.White_crowned_Sparrow/White_Crowned_Sparrow_0057_127927.jpg,132,131,132.White_crowned_Sparrow,133,132,gaussian_blur,gaussian_blur,0,"{""sigma"":1.222784}",0.50708669,1.0617566,0.55466992,0.60224754,0.34584776,0.054548312,0.015708003,0.54769922,0.33013975,-0.21755947,0.65763911,1.6093243,66.38039,106.82757,False,0.88502651,True,True,True,0.65763911,1.6093243,66.38039,106.82757,0.65226124,1.6108991,65.464972,105.45747,0.85623826,1.552368,10.98607,17.054422,0.36593407,1.9320644,10.511515,20.308923,0.58495402,1.7485455,29.943321,52.35726,0.63359125,1.5530546,36.183116,56.194355,0.70489727,1.5797307,32.473775,51.29982,0.74054271,1.5430193,30.245729,46.669745
0b_baseline_best,file,13,baseline,7740,132.White_crowned_Sparrow/White_Crowned_Sparrow_0057_127927.jpg,132,131,132.White_crowned_Sparrow,133,132,random_erasing,random_erasing,0,"{""area_fraction"":0.123744,""erased"":true,""height"":0.409495,""left"":0.500673,""top"":0.397379,""width"":0.302188}",0.50708669,0.23544005,-0.27164665,0.60224754,0.79022306,0.054548312,0.014912549,0.54769922,0.77531051,0.22761129,0.92675069,0.54168174,66.38039,35.957046,False,0.97777969,True,True,True,0.92675069,0.54168174,66.38039,35.957046,0.92552933,0.54165104,65.464972,35.45917,0.97003196,0.54277073,10.98607,5.962917,0.91756597,0.48606094,10.511515,5.1092367,0.94358037,0.58071534,29.943321,17.388546,0.942122,0.54699158,36.183116,19.79186,0.90987822,0.51240353,32.473775,16.639677,0.90487216,0.53341471,30.245729,16.133517
0b_baseline_best,file,13,baseline,1974,035.Purple_Finch/Purple_Finch_0053_27543.jpg,35,34,035.Purple_Finch,67,66,identity,identity,0,{},0.010934435,0.010934435,0,0.98912513,0.98912513,0.0014605946,0.0014605946,0.98766454,0.98766454,0,1,1,2.0424587,2.0424587,False,1,True,True,True,1,1,2.0424587,2.0424587,1,1,2.0206705,2.0206705,1,1,0.29753694,0.29753694,1,1,0.46732242,0.46732242,1,1,0.97619928,0.97619928,1,1,1.0632105,1.0632105,1,1,0.98171168,0.98171168,1,1,0.9042011,0.9042011
0b_baseline_best,file,13,baseline,1974,035.Purple_Finch/Purple_Finch_0053_27543.jpg,35,34,035.Purple_Finch,67,66,horizontal_flip,horizontal_flip,0,"{""flipped"":true}",0.010934435,0.013278859,0.0023444239,0.98912513,0.9868089,0.0014605946,0.00089884031,0.98766454,0.98591006,-0.0017544822,0.74229996,1.0871603,2.0424587,2.22048,False,0.96644962,True,True,True,0.74229996,1.0871603,2.0424587,2.22048,0.73730016,1.0848337,2.0206705,2.1920915,0.95568383,1.1895329,0.29753694,0.35392997,0.78268627,1.0203815,0.46732242,0.47684715,0.73573482,1.0262149,0.97619928,1.0017902,0.70279323,1.0461051,1.0632105,1.1122299,0.72140517,1.1080251,0.98171168,1.0877611,0.79323382,1.1880681,0.9042011,1.0742525
0b_baseline_best,file,13,baseline,1974,035.Purple_Finch/Purple_Finch_0053_27543.jpg,35,34,035.Purple_Finch,67,66,color_jitter,color_jitter,0,"{""brightness"":0.74166,""contrast"":0.956686,""hue"":0.044735,""saturation"":1.393986}",0.010934435,0.010112952,-0.00082148239,0.98912513,0.98993802,0.0014605946,0.00025376244,0.98766454,0.98968426,0.0020197203,0.78173464,1.0394612,2.0424587,2.1230566,False,0.96953827,True,True,True,0.78173464,1.0394612,2.0424587,2.1230566,0.77843443,1.0417118,2.0206705,2.1049562,0.9572369,0.92975909,0.29753694,0.27663767,0.79328585,1.31708,0.46732242,0.61550103,0.76947003,1.1129624,0.97619928,1.0864731,0.726248,1.0194915,1.0632105,1.0839341,0.79906936,0.99896104,0.98171168,0.98069172,0.85203483,0.94809286,0.9042011,0.8572666
0b_baseline_best,file,13,baseline,1974,035.Purple_Finch/Purple_Finch_0053_27543.jpg,35,34,035.Purple_Finch,67,66,rotation,rotation,0,"{""angle"":13.594469}",0.010934435,0.027602408,0.016667973,0.98912513,0.97277504,0.0014605946,0.0011796004,0.98766454,0.97159544,-0.016069096,0.82780641,2.6643904,2.0424587,5.4419073,False,0.97360599,True,True,True,0.82780641,2.6643904,2.0424587,5.4419073,0.82535004,2.6694619,2.0206705,5.3941029,0.95677688,2.418954,0.29753694,0.71972815,0.83731535,2.694792,0.46732242,1.2593367,0.85420548,2.8352032,0.97619928,2.7677233,0.82641871,2.6781057,1.0632105,2.8473901,0.79987058,2.6408078,0.98171168,2.5925118,0.81816029,2.4782572,0.9042011,2.2408429
0b_baseline_best,file,13,baseline,1974,035.Purple_Finch/Purple_Finch_0053_27543.jpg,35,34,035.Purple_Finch,67,66,random_resized_crop,random_resized_crop,0,"{""area_fraction"":0.59411,""aspect"":0.959104,""fallback"":false,""height"":0.787047,""left"":0.163259,""top"":0.009283,""width"":0.75486}",0.010934435,0.18803287,0.17709843,0.98912513,0.82858747,0.0014605946,0.035159551,0.98766454,0.79342792,-0.19423662,0.80416278,16.627322,2.0424587,33.960618,False,0.93193191,True,True,True,0.80416278,16.627322,2.0424587,33.960618,0.80190665,16.639793,2.0206705,33.623538,0.91262885,16.041597,0.29753694,4.7729675,0.83065574,17.866953,0.46732242,8.3496278,0.84451,18.741556,0.97619928,18.295494,0.80181176,16.529718,1.0632105,17.57457,0.79525811,15.673545,0.98171168,15.386902,0.7544122,14.857575,0.9042011,13.434235
0b_baseline_best,file,13,baseline,1974,035.Purple_Finch/Purple_Finch_0053_27543.jpg,35,34,035.Purple_Finch,67,66,gaussian_blur,gaussian_blur,0,"{""sigma"":1.955943}",0.010934435,3.4267087,3.4157743,0.98912513,0.032493718,0.0014605946,0.058495473,0.98766454,-0.026001755,-1.0136663,0.50752926,72.160332,2.0424587,147.3845,False,0.75801361,False,True,False,0.50752926,72.160332,2.0424587,147.3845,0.50247463,72.148513,2.0206705,145.78837,0.7388948,72.703361,0.29753694,21.631935,0.37222864,89.623883,0.46732242,41.88325,0.52601927,76.135855,0.97619928,74.323767,0.47305816,71.491743,1.0632105,76.010773,0.57848305,71.512093,0.98171168,70.204257,0.47334342,63.240012,0.9042011,57.181688
0b_baseline_best,file,13,baseline,1974,035.Purple_Finch/Purple_Finch_0053_27543.jpg,35,34,035.Purple_Finch,67,66,random_erasing,random_erasing,0,"{""area_fraction"":0.151967,""erased"":true,""height"":0.292872,""left"":0.478599,""top"":0.07843,""width"":0.518886}",0.010934435,0.16373214,0.15279771,0.98912513,0.8489694,0.0014605946,0.035822365,0.98766454,0.81314703,-0.1745175,0.79315038,11.920097,2.0424587,24.346306,False,0.95099139,True,True,True,0.79315038,11.920097,2.0424587,24.346306,0.78983633,11.895605,2.0206705,24.037098,0.93607328,12.999686,0.29753694,3.8678869,0.83516556,10.567401,0.46732242,4.9383836,0.81329656,11.462428,0.97619928,11.189614,0.74423514,11.83328,1.0632105,12.581267,0.79246539,12.174813,0.98171168,11.952156,0.81421406,12.4656,0.9042011,11.271409
0b_baseline_best,file,13,baseline,10503,179.Tennessee_Warbler/Tennessee_Warbler_0063_168561.jpg,179,178,179.Tennessee_Warbler,173,172,identity,identity,0,{},2.4417164,2.4417164,0,0.087011367,0.087011367,0.66947007,0.66947007,-0.5824587,-0.5824587,0,1,1,160.26831,160.26831,False,1,True,False,False,1,1,160.26831,160.26831,1,1,156.79725,156.79725,1,1,33.174561,33.174561,1,1,46.129831,46.129831,1,1,72.781573,72.781573,1,1,85.703591,85.703591,1,1,72.819109,72.819109,1,1,67.175381,67.175381
0b_baseline_best,file,13,baseline,10503,179.Tennessee_Warbler/Tennessee_Warbler_0063_168561.jpg,179,178,179.Tennessee_Warbler,173,172,horizontal_flip,horizontal_flip,0,"{""flipped"":true}",2.4417164,1.6080362,-0.83368027,0.087011367,0.20028055,0.66947007,0.21462908,-0.5824587,-0.014348537,0.56811017,0.61115202,0.82315822,160.26831,131.92617,False,0.94280589,False,False,False,0.61115202,0.82315822,160.26831,131.92617,0.60110993,0.82354171,156.79725,129.12908,0.83799699,0.81454424,33.174561,27.022147,0.67463,0.68224977,46.129831,31.472067,0.67681176,0.79606894,72.781573,57.93915,0.60810074,0.86607482,85.703591,74.225722,0.52866108,0.840813,72.819109,61.227254,0.56751078,0.82463815,67.175381,55.395381
0b_baseline_best,file,13,baseline,10503,179.Tennessee_Warbler/Tennessee_Warbler_0063_168561.jpg,179,178,179.Tennessee_Warbler,173,172,color_jitter,color_jitter,0,"{""brightness"":1.311657,""contrast"":0.816626,""hue"":-0.079538,""saturation"":1.236466}",2.4417164,4.3761868,1.9344704,0.087011367,0.012573212,0.66947007,0.0091701662,-0.5824587,0.0034030462,0.58586175,0.14831889,1.0316684,160.26831,165.34376,False,0.70227313,False,False,False,0.14831889,1.0316684,160.26831,165.34376,0.13394663,1.0384638,156.79725,162.82828,0.53565086,0.86607544,33.174561,28.731672,-0.29338796,0.70694424,46.129831,32.611218,-0.0071885532,0.91289396,72.781573,66.441858,0.10854319,1.0810386,85.703591,92.648892,0.23248015,1.1290221,72.819109,82.214384,0.32403578,1.1231114,67.175381,75.445438
0b_baseline_best,file,13,baseline,10503,179.Tennessee_Warbler/Tennessee_Warbler_0063_168561.jpg,179,178,179.Tennessee_Warbler,173,172,rotation,rotation,0,"{""angle"":-14.478511}",2.4417164,1.2147233,-1.2269931,0.087011367,0.29679212,0.66947007,0.3761338,-0.5824587,-0.07934168,0.50311702,0.76776092,0.66489942,160.26831,106.5623,False,0.92843843,True,False,False,0.76776092,0.66489942,160.26831,106.5623,0.76167498,0.66703849,156.79725,104.5898,0.91759289,0.61517856,33.174561,20.408279,0.89344178,0.58104661,46.129831,26.803582,0.82095948,0.65421276,72.781573,47.614633,0.74366085,0.68154958,85.703591,58.411246,0.71429563,0.64697999,72.819109,47.112507,0.73153928,0.71733012,67.175381,48.186924
0b_baseline_best,file,13,baseline,10503,179.Tennessee_Warbler/Tennessee_Warbler_0063_168561.jpg,179,178,179.Tennessee_Warbler,173,172,random_resized_crop,random_resized_crop,0,"{""area_fraction"":0.782367,""aspect"":0.908209,""fallback"":false,""height"":0.928137,""left"":0.045826,""top"":0.0001,""width"":0.842943}",2.4417164,2.7998204,0.35810399,0.087011367,0.060820986,0.66947007,0.2566534,-0.5824587,-0.19583241,0.38662629,0.63260897,0.96173344,160.26831,154.13539,False,0.95480251,True,False,False,0.63260897,0.96173344,160.26831,154.13539,0.62330718,0.96701126,156.79725,151.62471,0.87975393,0.83518162,33.174561,27.706783,0.48638759,0.99701985,46.129831,45.992358,0.57983844,0.8602597,72.781573,62.611054,0.67774925,1.0483379,85.703591,89.846319,0.62177109,1.0199218,72.819109,74.269795,0.65761319,0.86370001,67.175381,58.019377
0b_baseline_best,file,13,baseline,10503,179.Tennessee_Warbler/Tennessee_Warbler_0063_168561.jpg,179,178,179.Tennessee_Warbler,173,172,gaussian_blur,gaussian_blur,0,"{""sigma"":1.003323}",2.4417164,2.2030492,-0.23866725,0.087011367,0.11046583,0.66947007,0.48493823,-0.5824587,-0.3744724,0.2079863,0.83204118,0.89635014,160.26831,143.65652,False,0.9676311,True,False,False,0.83204118,0.89635014,160.26831,143.65652,0.82636583,0.89602991,156.79725,140.49503,0.9578062,0.90347407,33.174561,29.972356,0.65015024,0.80533517,46.129831,37.149975,0.7828645,0.88909535,72.781573,64.709758,0.84074403,0.88935772,85.703591,76.22115,0.8634808,0.93072883,72.819109,67.774845,0.88498039,0.91382244,67.175381,61.38637
0b_baseline_best,file,13,baseline,10503,179.Tennessee_Warbler/Tennessee_Warbler_0063_168561.jpg,179,178,179.Tennessee_Warbler,173,172,random_erasing,random_erasing,0,"{""area_fraction"":0.110482,""erased"":true,""height"":0.434161,""left"":0.281345,""top"":0.005947,""width"":0.254472}",2.4417164,3.9759207,1.5342042,0.087011367,0.018762019,0.66947007,0.34808663,-0.5824587,-0.32932461,0.2531341,0.64863368,0.77919007,160.26831,124.87947,False,0.88573563,True,False,False,0.64863368,0.77919007,160.26831,124.87947,0.63928027,0.77618401,156.79725,121.70352,0.84303688,0.84355491,33.174561,27.984564,0.47564254,0.52196751,46.129831,24.078273,0.55645418,0.68315182,72.781573,49.720864,0.7342524,0.8187644,85.703591,70.171049,0.64450892,0.81248743,72.819109,59.164611,0.63532388,0.85973242,67.175381,57.752852
0b_baseline_best,file,13,baseline,8679,148.Green_tailed_Towhee/Green_Tailed_Towhee_0094_797396.jpg,148,147,148.Green_tailed_Towhee,116,115,identity,identity,0,{},0.0070586833,0.0070586833,0,0.99296618,0.99296618,0.0020894026,0.0020894026,0.99087677,0.99087677,0,1,1,1.3195414,1.3195414,False,0.99999988,True,True,True,1,1,1.3195414,1.3195414,1,1,1.2968895,1.2968895,1,1,0.24344823,0.24344823,1,1,0.27319303,0.27319303,1,1,0.57487762,0.57487762,1,1,0.7105654,0.7105654,1,1,0.62922915,0.62922915,1,1,0.61316488,0.61316488
0b_baseline_best,file,13,baseline,8679,148.Green_tailed_Towhee/Green_Tailed_Towhee_0094_797396.jpg,148,147,148.Green_tailed_Towhee,116,115,horizontal_flip,horizontal_flip,0,"{""flipped"":true}",0.0070586833,0.018147269,0.011088586,0.99296618,0.98201638,0.0020894026,0.0090468703,0.99087677,0.97296951,-0.017907258,0.68689175,2.7070663,1.3195414,3.572086,False,0.96028304,True,True,True,0.68689175,2.7070663,1.3195414,3.572086,0.67836944,2.7080216,1.2968895,3.5120047,0.93132593,2.6798155,0.24344823,0.65239635,0.55113613,2.7571243,0.27319303,0.75322714,0.59424785,2.699446,0.57487762,1.5518511,0.73140278,2.7707537,0.7105654,1.9688017,0.67577689,2.7666088,0.62922915,1.7408309,0.71111757,2.5537311,0.61316488,1.5658583
0b_baseline_best,file,13,baseline,8679,148.Green_tailed_Towhee/Green_Tailed_Towhee_0094_797396.jpg,148,147,148.Green_tailed_Towhee,116,115,color_jitter,color_jitter,0,"{""brightness"":0.777529,""contrast"":1.335707,""hue"":0.004733,""saturation"":0.649047}",0.0070586833,0.0097446935,0.0026860102,0.99296618,0.99030262,0.0020894026,0.0010476372,0.99087677,0.98925499,-0.0016217873,0.78136995,1.3212017,1.3195414,1.7433803,False,0.97793245,True,True,True,0.78136995,1.3212017,1.3195414,1.7433803,0.77510406,1.3214344,1.2968895,1.7137544,0.96012512,1.3145806,0.24344823,0.32003234,0.67423415,1.8039597,0.27319303,0.49282922,0.73109247,1.264552,0.57487762,0.72696263,0.75207439,1.2205626,0.7105654,0.86728953,0.79221492,1.353185,0.62922915,0.85146346,0.86187328,1.3531586,0.61316488,0.82970936
0b_baseline_best,file,13,baseline,8679,148.Green_tailed_Towhee/Green_Tailed_Towhee_0094_797396.jpg,148,147,148.Green_tailed_Towhee,116,115,rotation,rotation,0,"{""angle"":-3.790317}",0.0070586833,0.025346341,0.018287657,0.99296618,0.97497219,0.0020894026,0.0045422823,0.99087677,0.97042991,-0.020446866,0.81209719,3.7506527,1.3195414,4.9491414,False,0.98038697,True,True,True,0.81209719,3.7506527,1.3195414,4.9491414,0.80757597,3.7636943,1.2968895,4.8810956,0.96092588,3.3595115,0.24344823,0.81786715,0.61654921,3.5268378,0.27319303,0.96350751,0.77458284,3.7689376,0.57487762,2.1666779,0.82605501,3.9748861,0.7105654,2.8244165,0.81177962,3.834379,0.62922915,2.412703,0.85085276,3.4224414,0.61316488,2.0985209
0b_baseline_best,file,13,baseline,8679,148.Green_tailed_Towhee/Green_Tailed_Towhee_0094_797396.jpg,148,147,148.Green_tailed_Towhee,116,115,random_resized_crop,random_resized_crop,0,"{""area_fraction"":0.717698,""aspect"":0.878193,""fallback"":false,""height"":0.904015,""left"":0.080141,""top"":0.091095,""width"":0.7939}",0.0070586833,0.034522898,0.027464215,0.99296618,0.96606624,0.0020894026,0.0008946989,0.99087677,0.96517154,-0.02570523,0.71141308,5.0060079,1.3195414,6.6056345,False,0.95409477,True,True,True,0.71141308,5.0060079,1.3195414,6.6056345,0.70578729,5.0252426,1.2968895,6.5171844,0.89828486,4.4254358,0.24344823,1.0773645,0.50721596,4.2858955,0.27319303,1.1708768,0.69889244,4.9255854,0.57487762,2.8316088,0.7326222,5.3075653,0.7105654,3.7713722,0.69990852,5.2144634,0.62922915,3.2810924,0.72057168,4.6404032,0.61316488,2.8453323
0b_baseline_best,file,13,baseline,8679,148.Green_tailed_Towhee/Green_Tailed_Towhee_0094_797396.jpg,148,147,148.Green_tailed_Towhee,116,115,gaussian_blur,gaussian_blur,0,"{""sigma"":1.628219}",0.0070586833,1.548691,1.5416324,0.99296618,0.21252598,0.0020894026,0.059313834,0.99087677,0.15321214,-0.83766463,0.5546938,111.86237,1.3195414,147.60703,False,0.81029022,False,True,False,0.5546938,111.86237,1.3195414,147.60703,0.5496314,112.6575,1.2968895,146.10433,0.76153992,86.295862,0.24344823,21.008575,0.51188875,132.76132,0.27319303,36.269467,0.53942885,110.40557,0.57487762,63.469689,0.56599068,121.26872,0.7105654,86.169353,0.53009406,112.51136,0.62922915,70.79543,0.57688737,97.382267,0.61316488,59.711386
0b_baseline_best,file,13,baseline,8679,148.Green_tailed_Towhee/Green_Tailed_Towhee_0094_797396.jpg,148,147,148.Green_tailed_Towhee,116,115,random_erasing,random_erasing,0,"{""area_fraction"":0.064077,""erased"":true,""height"":0.301483,""left"":0.493958,""top"":0.247726,""width"":0.212539}",0.0070586833,0.0039051713,-0.003153512,0.99296618,0.99610245,0.0020894026,0.00093456364,0.99087677,0.99516789,0.0042911162,0.77462277,0.44636907,1.3195414,0.58900245,False,0.96967196,True,True,True,0.77462277,0.44636907,1.3195414,0.58900245,0.76768956,0.44327077,1.2968895,0.57487321,0.95128828,0.5267519,0.24344823,0.12823682,0.7950083,0.52487626,0.27319303,0.14339254,0.71621629,0.34092499,0.57487762,0.19599014,0.76450564,0.41635334,0.7105654,0.29584628,0.75680803,0.46267214,0.62922915,0.29112679,0.83438529,0.51373017,0.61316488,0.3150013
0b_baseline_best,file,13,baseline,5721,098.Scott_Oriole/Scott_Oriole_0077_795831.jpg,98,97,098.Scott_Oriole,16,15,identity,identity,0,{},5.0816989,5.0816989,0,0.0062093521,0.0062093521,0.3534084,0.3534084,-0.34719904,-0.34719904,0,1,1,116.02566,116.02566,False,0.99999994,True,False,False,1,1,116.02566,116.02566,1,1,112.56968,112.56968,1,1,28.107323,28.107323,1,1,27.169226,27.169226,1,1,45.694458,45.694458,1,1,57.803767,57.803767,1,1,54.221416,54.221416,1,1,59.703803,59.703803
0b_baseline_best,file,13,baseline,5721,098.Scott_Oriole/Scott_Oriole_0077_795831.jpg,98,97,098.Scott_Oriole,16,15,horizontal_flip,horizontal_flip,0,"{""flipped"":true}",5.0816989,5.1576757,0.075976849,0.0062093521,0.005755059,0.3534084,0.35486779,-0.34719904,-0.34911273,-0.001913683,0.62712849,1.0307324,116.02566,119.5914,False,0.95458806,True,False,False,0.62712849,1.0307324,116.02566,119.5914,0.60776166,1.0331327,112.56968,116.29942,0.95133875,0.99143682,28.107323,27.866635,0.42653085,1.0218248,27.169226,27.762189,0.53197829,0.93477206,45.694458,42.713903,0.59868155,1.0212826,57.803767,59.033981,0.62278626,1.0920321,54.221416,59.211526,0.68163213,1.0512566,59.703803,62.764015
0b_baseline_best,file,13,baseline,5721,098.Scott_Oriole/Scott_Oriole_0077_795831.jpg,98,97,098.Scott_Oriole,16,15,color_jitter,color_jitter,0,"{""brightness"":1.126136,""contrast"":1.359718,""hue"":-0.055675,""saturation"":0.705377}",5.0816989,5.437839,0.35614014,0.0062093521,0.0043488713,0.3534084,0.069061704,-0.34719904,-0.064712833,0.28248621,0.60897123,0.96617444,116.02566,112.10103,False,0.90922379,False,False,False,0.60897123,0.96617444,116.02566,112.10103,0.59499154,0.97143331,112.56968,109.35393,0.86018302,0.87752589,28.107323,24.664903,0.59084853,0.90178228,27.169226,24.500727,0.57832894,0.92236466,45.694458,42.146953,0.62749531,0.94370782,57.803767,54.549867,0.54216211,1.0186487,54.221416,55.232573,0.62218659,0.99870334,59.703803,59.626387
0b_baseline_best,file,13,baseline,5721,098.Scott_Oriole/Scott_Oriole_0077_795831.jpg,98,97,098.Scott_Oriole,16,15,rotation,rotation,0,"{""angle"":-14.710288}",5.0816989,3.4392936,-1.6424053,0.0062093521,0.032087345,0.3534084,0.070313379,-0.34719904,-0.038226034,0.30897301,0.49629942,0.95811506,116.02566,111.16593,False,0.92035353,False,False,False,0.49629942,0.95811506,116.02566,111.16593,0.47279538,0.95704396,112.56968,107.73413,0.86639133,0.97513472,28.107323,27.408426,0.12633299,0.98767232,27.169226,26.834293,0.43312845,0.96214531,45.694458,43.964709,0.50064185,0.95808731,57.803767,55.381055,0.44139645,0.96883445,54.221416,52.531576,0.57260511,0.93662274,59.703803,55.91994
0b_baseline_best,file,13,baseline,5721,098.Scott_Oriole/Scott_Oriole_0077_795831.jpg,98,97,098.Scott_Oriole,16,15,random_resized_crop,random_resized_crop,0,"{""area_fraction"":0.757712,""aspect"":0.973485,""fallback"":false,""height"":0.882241,""left"":0.11036,""top"":0.00782,""width"":0.858849}",5.0816989,4.2378378,-0.8438611,0.0062093521,0.014438778,0.3534084,0.17081207,-0.34719904,-0.15637329,0.19082575,0.69341348,0.98489109,116.02566,114.27264,False,0.95065719,False,False,False,0.69341348,0.98489109,116.02566,114.27264,0.67901455,0.98525119,112.56968,110.90941,0.92583648,0.97909703,28.107323,27.519796,0.70058455,0.88060746,27.169226,23.925423,0.66522749,1.0133163,45.694458,46.30294,0.7132508,0.95094238,57.803767,54.968052,0.63204544,1.0134091,54.221416,54.948476,0.69364259,0.99707003,59.703803,59.528873
0b_baseline_best,file,13,baseline,5721,098.Scott_Oriole/Scott_Oriole_0077_795831.jpg,98,97,098.Scott_Oriole,16,15,gaussian_blur,gaussian_blur,0,"{""sigma"":1.346334}",5.0816989,4.0953665,-0.98633242,0.0062093521,0.016649647,0.3534084,0.017773185,-0.34719904,-0.0011235382,0.34607551,0.47978404,0.99786615,116.02566,115.77808,False,0.89294136,False,False,False,0.47978404,0.99786615,116.02566,115.77808,0.45801301,0.99933802,112.56968,112.49516,0.83824206,0.97395352,28.107323,27.375226,0.30545251,1.0612738,27.169226,28.833989,0.49334769,0.93097634,45.694458,42.54046,0.39900579,1.0203974,57.803767,58.982811,0.39910684,1.0324914,54.221416,55.983146,0.58300562,0.97678826,59.703803,58.317974
0b_baseline_best,file,13,baseline,5721,098.Scott_Oriole/Scott_Oriole_0077_795831.jpg,98,97,098.Scott_Oriole,16,15,random_erasing,random_erasing,0,"{""area_fraction"":0.130891,""erased"":true,""height"":0.23593,""left"":0.133783,""top"":0.378792,""width"":0.554786}",5.0816989,4.919404,-0.16229486,0.0062093521,0.0073034819,0.3534084,0.10886625,-0.34719904,-0.10156277,0.24563627,0.49923781,0.69076039,116.02566,80.145929,False,0.88594592,True,False,False,0.49923781,0.69076039,116.02566,80.145929,0.47159849,0.6776514,112.56968,76.282999,0.85784834,0.87457586,28.107323,24.581986,0.21778267,0.59881511,27.169226,16.269343,0.45011748,0.68117786,45.694458,31.126054,0.43107945,0.6341125,57.803767,36.654091,0.47042106,0.66374938,54.221416,35.989432,0.56254197,0.73902642,59.703803,44.122688
0b_baseline_best,file,13,baseline,545,011.Rusty_Blackbird/Rusty_Blackbird_0113_6664.jpg,11,10,011.Rusty_Blackbird,9,8,identity,identity,0,{},0.14068128,0.14068128,0,0.86876619,0.86876619,0.025353674,0.025353674,0.84341251,0.84341251,0,1,1,20.951823,20.951823,False,1,True,True,True,1,1,20.951823,20.951823,1,1,20.65214,20.65214,1,1,3.5310026,3.5310026,1,1,3.9857717,3.9857717,1,1,8.3039463,8.3039463,1,1,10.922861,10.922861,1,1,10.88888,10.88888,1,1,10.187855,10.187855
0b_baseline_best,file,13,baseline,545,011.Rusty_Blackbird/Rusty_Blackbird_0113_6664.jpg,11,10,011.Rusty_Blackbird,9,8,horizontal_flip,horizontal_flip,0,"{""flipped"":true}",0.14068128,0.046978656,-0.093702625,0.86876619,0.95410776,0.025353674,0.012070407,0.84341251,0.94203735,0.098624839,0.6204199,0.31950472,20.951823,6.6942064,False,0.96048069,True,True,True,0.6204199,0.31950472,20.951823,6.6942064,0.60895881,0.31745081,20.65214,6.5560388,0.95586518,0.38319251,3.5310026,1.3530538,0.23773262,0.23316564,3.9857717,0.92934501,0.52929375,0.30130171,8.3039463,2.5019932,0.54288907,0.31629213,10.922861,3.454815,0.62452987,0.31491927,10.88888,3.4291183,0.75334045,0.34232973,10.187855,3.4876058
0b_baseline_best,file,13,baseline,545,011.Rusty_Blackbird/Rusty_Blackbird_0113_6664.jpg,11,10,011.Rusty_Blackbird,9,8,color_jitter,color_jitter,0,"{""brightness"":1.026822,""contrast"":0.627654,""hue"":-0.084024,""saturation"":0.761505}",0.14068128,1.4500258,1.3093445,0.86876619,0.23456423,0.025353674,0.054080408,0.84341251,0.18048382,-0.66292869,0.62345324,5.5260504,20.951823,115.78083,False,0.91338003,False,True,False,0.62345324,5.5260504,20.951823,115.78083,0.61535625,5.5158982,20.65214,113.9151,0.88517616,5.8627655,3.5310026,20.70144,0.66980385,5.7833821,3.9857717,23.051241,0.41515187,6.599332,8.3039463,54.800499,0.59461857,5.3238937,10.922861,58.152152,0.68796602,5.1454921,10.88888,56.028648,0.7260709,5.3052565,10.187855,54.049186
0b_baseline_best,file,13,baseline,545,011.Rusty_Blackbird/Rusty_Blackbird_0113_6664.jpg,11,10,011.Rusty_Blackbird,9,8,rotation,rotation,0,"{""angle"":9.64582}",0.14068128,0.13821754,-0.0024637431,0.86876619,0.87090921,0.025353674,0.023073183,0.84341251,0.84783603,0.0044235159,0.72026674,1.0599568,20.951823,22.208026,False,0.94889051,True,True,True,0.72026674,1.0599568,20.951823,22.208026,0.71406989,1.0614824,20.65214,21.921884,0.94485599,1.0063738,3.5310026,3.5535087,0.65060276,1.2114942,3.9857717,4.8287393,0.69984583,1.2468684,8.3039463,10.353928,0.70285484,1.1226543,10.922861,12.262597,0.70587628,0.95695085,10.88888,10.420123,0.78525432,0.93685451,10.187855,9.5445382
0b_baseline_best,file,13,baseline,545,011.Rusty_Blackbird/Rusty_Blackbird_0113_6664.jpg,11,10,011.Rusty_Blackbird,9,8,random_resized_crop,random_resized_crop,0,"{""area_fraction"":0.63208,""aspect"":0.960454,""fallback"":false,""height"":0.811237,""left"":0.034285,""top"":0.017346,""width"":0.779156}",0.14068128,0.3877525,0.24707122,0.86876619,0.67858028,0.025353674,0.038184024,0.84341251,0.64039626,-0.20301626,0.68419074,2.7244208,20.951823,57.081583,False,0.94388741,True,True,True,0.68419074,2.7244208,20.951823,57.081583,0.67748357,2.7299276,20.65214,56.378849,0.93382976,2.5288297,3.5310026,8.9293043,0.68839984,3.4381288,3.9857717,13.703597,0.63310267,3.0134441,8.3039463,25.023478,0.67717022,2.8592118,10.922861,31.230773,0.65765021,2.5514936,10.88888,27.782909,0.74944617,2.4388586,10.187855,24.846739
0b_baseline_best,file,13,baseline,545,011.Rusty_Blackbird/Rusty_Blackbird_0113_6664.jpg,11,10,011.Rusty_Blackbird,9,8,gaussian_blur,gaussian_blur,0,"{""sigma"":1.727212}",0.14068128,3.0567753,2.916094,0.86876619,0.047039136,0.025353674,0.02735842,0.84341251,0.019680716,-0.8237318,0.43906619,5.6273875,20.951823,117.90403,False,0.79636663,False,True,False,0.43906619,5.6273875,20.951823,117.90403,0.42814537,5.5902935,20.65214,115.45153,0.75517589,6.7750971,3.5310026,23.922885,0.42779395,6.7166312,3.9857717,26.770958,0.31979919,6.0651049,8.3039463,50.364305,0.397676,5.7464215,10.922861,62.767365,0.45967072,5.2034556,10.88888,56.659806,0.51753998,5.3092662,10.187855,54.090036
0b_baseline_best,file,13,baseline,545,011.Rusty_Blackbird/Rusty_Blackbird_0113_6664.jpg,11,10,011.Rusty_Blackbird,9,8,random_erasing,random_erasing,0,"{""area_fraction"":0.073776,""erased"":true,""height"":0.24817,""left"":0.617278,""top"":0.107916,""width"":0.297281}",0.14068128,0.081519149,-0.059162132,0.86876619,0.92171508,0.025353674,0.010105026,0.84341251,0.91161005,0.06819754,0.87956893,0.61657165,20.951823,12.9183,False,0.98272884,True,True,True,0.87956893,0.61657165,20.951823,12.9183,0.87692627,0.61661034,20.65214,12.734323,0.9701729,0.61524653,3.5310026,2.1724371,0.8756629,0.66406491,3.9857717,2.6468111,0.84673057,0.64394768,8.3039463,5.347307,0.84781,0.6216091,10.922861,6.7897499,0.89508829,0.59864438,10.88888,6.5185671,0.91397704,0.604846,10.187855,6.1620836
0b_baseline_best,file,13,baseline,8129,139.Scarlet_Tanager/Scarlet_Tanager_0083_138500.jpg,139,138,139.Scarlet_Tanager,42,41,identity,identity,0,{},0.013255566,0.013255566,0,0.9868319,0.9868319,0.0027066141,0.0027066141,0.98412529,0.98412529,0,1,1,1.4762504,1.4762504,False,1,True,True,True,1,1,1.4762504,1.4762504,1,1,1.4403524,1.4403524,1,1,0.32357424,0.32357424,1,1,0.27198825,0.27198825,1,1,0.43229874,0.43229874,1,1,0.54507179,0.54507179,1,1,0.73977575,0.73977575,1,1,0.98457291,0.98457291
0b_baseline_best,file,13,baseline,8129,139.Scarlet_Tanager/Scarlet_Tanager_0083_138500.jpg,139,138,139.Scarlet_Tanager,42,41,horizontal_flip,horizontal_flip,0,"{""flipped"":true}",0.013255566,0.024870515,0.011614949,0.9868319,0.97543621,0.0027066141,0.011415211,0.98412529,0.964021,-0.02010429,0.62652875,2.1652635,1.4762504,3.1964712,False,0.97535849,True,True,True,0.62652875,2.1652635,1.4762504,3.1964712,0.61211991,2.1752615,1.4403524,3.1331431,0.9473005,1.9566499,0.32357424,0.63312151,0.69173311,2.8670611,0.27198825,0.77980693,0.49373172,2.9171141,0.43229874,1.2610648,0.39364336,2.3979759,0.54507179,1.307069,0.58174605,2.1806311,0.73977575,1.613178,0.76613085,1.8471298,0.98457291,1.818634
0b_baseline_best,file,13,baseline,8129,139.Scarlet_Tanager/Scarlet_Tanager_0083_138500.jpg,139,138,139.Scarlet_Tanager,42,41,color_jitter,color_jitter,0,"{""brightness"":1.01463,""contrast"":0.745723,""hue"":-0.082753,""saturation"":1.041389}",0.013255566,0.88127357,0.868018,0.9868319,0.41425499,0.0027066141,0.026816677,0.98412529,0.38743832,-0.59668697,0.43806547,65.071796,1.4762504,96.062267,False,0.85611129,True,True,True,0.43806547,65.071796,1.4762504,96.062267,0.42672711,65.835885,1.4403524,94.826875,0.7725492,47.459049,0.32357424,15.356526,0.23700554,72.803039,0.27198825,19.801571,0.40492546,92.000428,0.43229874,39.771669,0.3321158,85.611219,0.54507179,46.66426,0.45444948,69.768281,0.73977575,51.612882,0.52782542,47.387297,0.98457291,46.656249
0b_baseline_best,file,13,baseline,8129,139.Scarlet_Tanager/Scarlet_Tanager_0083_138500.jpg,139,138,139.Scarlet_Tanager,42,41,rotation,rotation,0,"{""angle"":0.887943}",0.013255566,0.014127013,0.00087144691,0.9868319,0.98597229,0.0027066141,0.002960643,0.98412529,0.98301164,-0.0011136471,0.88533624,1.0888349,1.4762504,1.6073929,False,0.99475867,True,True,True,0.88533624,1.0888349,1.4762504,1.6073929,0.87997272,1.0899913,1.4403524,1.5699716,0.9942546,1.0656618,0.32357424,0.34482071,0.71331955,0.95283317,0.27198825,0.25915942,0.74812272,1.1736406,0.43229874,0.50736335,0.80156675,1.1698775,0.54507179,0.6376672,0.88218096,1.1047326,0.73977575,0.81725441,0.9480159,1.0485054,0.98457291,1.03233
0b_baseline_best,file,13,baseline,8129,139.Scarlet_Tanager/Scarlet_Tanager_0083_138500.jpg,139,138,139.Scarlet_Tanager,42,41,random_resized_crop,random_resized_crop,0,"{""area_fraction"":0.527432,""aspect"":1.103704,""fallback"":false,""height"":0.691285,""left"":0.037992,""top"":0.255719,""width"":0.762974}",0.013255566,0.16971456,0.15645899,0.9868319,0.84390569,0.0027066141,0.044296537,0.98412529,0.79960915,-0.18451614,0.58019495,16.589455,1.4762504,24.490191,False,0.92443407,True,True,True,0.58019495,16.589455,1.4762504,24.490191,0.57007158,16.803117,1.4403524,24.20241,0.91101448,11.568808,0.32357424,3.7433681,-0.087831096,19.844131,0.27198825,5.3973705,0.4142841,21.050924,0.43229874,9.1002881,0.57516451,21.710288,0.54507179,11.833665,0.58308547,17.318416,0.73977575,12.811744,0.71240951,13.228413,0.98457291,13.024337
0b_baseline_best,file,13,baseline,8129,139.Scarlet_Tanager/Scarlet_Tanager_0083_138500.jpg,139,138,139.Scarlet_Tanager,42,41,gaussian_blur,gaussian_blur,0,"{""sigma"":1.535705}",0.013255566,0.052064825,0.038809258,0.9868319,0.94926733,0.0027066141,0.0061125802,0.98412529,0.94315475,-0.040970542,0.50582176,5.6557769,1.4762504,8.349343,False,0.94112307,True,True,True,0.50582176,5.6557769,1.4762504,8.349343,0.49290219,5.72947,1.4403524,8.2524559,0.91565078,3.9195555,0.32357424,1.2682672,-0.038201998,6.2684687,0.27198825,1.7049498,0.20036934,8.0590093,0.43229874,3.4838996,0.4206379,7.7243972,0.54507179,4.210351,0.5359487,6.0404816,0.73977575,4.4686018,0.73533283,3.981002,0.98457291,3.9195867
0b_baseline_best,file,13,baseline,8129,139.Scarlet_Tanager/Scarlet_Tanager_0083_138500.jpg,139,138,139.Scarlet_Tanager,42,41,random_erasing,random_erasing,0,"{""area_fraction"":0.067621,""erased"":true,""height"":0.275534,""left"":0.048717,""top"":0.463919,""width"":0.245419}",0.013255566,0.053017527,0.039761961,0.9868319,0.94836336,0.0027066141,0.0056266771,0.98412529,0.94273669,-0.041388603,0.86202261,4.0896597,1.4762504,6.0373619,False,0.9807691,True,True,True,0.86202261,4.0896597,1.4762504,6.0373619,0.85761858,4.1165255,1.4403524,5.9292473,0.97453632,3.5152308,0.32357424,1.1374381,0.90464896,4.6306447,0.27198825,1.2594809,0.81793536,4.667928,0.43229874,2.0179394,0.81683773,4.5257341,0.54507179,2.46685,0.83096434,4.1351851,0.73977575,3.0591096,0.90000624,3.8076206,0.98457291,3.7488801
0b_baseline_best,file,13,baseline,2176,039.Least_Flycatcher/Least_Flycatcher_0024_30230.jpg,39,38,039.Least_Flycatcher,37,36,identity,identity,0,{},1.6364589,1.6364589,0,0.19466817,0.19466817,0.19116533,0.19116533,0.0035028458,0.0035028458,0,1,1,131.14334,131.14334,False,1.0000001,True,True,True,1,1,131.14334,131.14334,1,1,129.22138,129.22138,1,1,22.369857,22.369857,1,1,26.046224,26.046224,1,1,64.913425,64.913425,1,1,74.210862,74.210862,1,1,57.602701,57.602701,1,1,54.59564,54.59564
0b_baseline_best,file,13,baseline,2176,039.Least_Flycatcher/Least_Flycatcher_0024_30230.jpg,39,38,039.Least_Flycatcher,37,36,horizontal_flip,horizontal_flip,0,"{""flipped"":true}",1.6364589,1.3754767,-0.26098216,0.19466817,0.2527191,0.19116533,0.24665712,0.0035028458,0.0060619861,0.0025591403,0.74086647,0.91515348,131.14334,120.01629,False,0.9642731,True,True,True,0.74086647,0.91515348,131.14334,120.01629,0.73378208,0.91200262,129.22138,117.85024,0.95742455,1.0146992,22.369857,22.698676,0.78045385,0.82937982,26.046224,21.602213,0.78636471,0.9222976,64.913425,59.869496,0.73246387,0.88829174,74.210862,65.920896,0.65476406,0.91596991,57.602701,52.76234,0.74129142,0.95320305,54.59564,52.04073
0b_baseline_best,file,13,baseline,2176,039.Least_Flycatcher/Least_Flycatcher_0024_30230.jpg,39,38,039.Least_Flycatcher,37,36,color_jitter,color_jitter,0,"{""brightness"":1.235014,""contrast"":0.817958,""hue"":-0.024196,""saturation"":1.202647}",1.6364589,1.4072258,-0.22923303,0.19466817,0.2448215,0.19116533,0.07756903,0.0035028458,0.16725247,0.16374963,0.87088963,0.78829079,131.14334,103.37909,False,0.97332913,True,True,True,0.87088963,0.78829079,131.14334,103.37909,0.86800507,0.78500545,129.22138,101.43949,0.96245731,0.89099976,22.369857,19.931538,0.79061513,0.64476467,26.046224,16.793685,0.83784914,0.70381835,64.913425,45.68726,0.89000467,0.78304835,74.210862,58.110693,0.87503239,0.82423144,57.602701,47.477957,0.88658498,0.8764407,54.59564,47.849841
0b_baseline_best,file,13,baseline,2176,039.Least_Flycatcher/Least_Flycatcher_0024_30230.jpg,39,38,039.Least_Flycatcher,37,36,rotation,rotation,0,"{""angle"":-11.297233}",1.6364589,0.7931689,-0.84328997,0.19466817,0.45240888,0.19116533,0.095018007,0.0035028458,0.35739087,0.35388803,0.75601831,0.59985674,131.14334,78.667217,False,0.939574,True,True,True,0.75601831,0.59985674,131.14334,78.667217,0.75127536,0.59655959,129.22138,77.088255,0.90022718,0.70104249,22.369857,15.68222,0.7963261,0.61920892,26.046224,16.128054,0.8165155,0.58585716,64.913425,38.029995,0.75569733,0.57022725,74.210862,42.317055,0.68704951,0.62903976,57.602701,36.234389,0.72191538,0.61640883,54.59564,33.653234
0b_baseline_best,file,13,baseline,2176,039.Least_Flycatcher/Least_Flycatcher_0024_30230.jpg,39,38,039.Least_Flycatcher,37,36,random_resized_crop,random_resized_crop,0,"{""area_fraction"":0.574322,""aspect"":1.072263,""fallback"":false,""height"":0.731858,""left"":0.160136,""top"":0.103312,""width"":0.784744}",1.6364589,3.9873257,2.3508668,0.19466817,0.018549256,0.19116533,0.076380596,0.0035028458,-0.05783134,-0.061334185,0.53521023,0.93411989,131.14334,122.5036,False,0.90875936,False,True,False,0.53521023,0.93411989,131.14334,122.5036,0.52565358,0.92341485,129.22138,119.32494,0.79522811,1.2394034,22.369857,27.725278,0.54534942,0.87978108,26.046224,22.914975,0.52647629,0.82696777,64.913425,53.681311,0.54573346,0.9043252,74.210862,67.110752,0.46575021,0.94570675,57.602701,54.475263,0.55793004,1.0617645,54.59564,57.967711
0b_baseline_best,file,13,baseline,2176,039.Least_Flycatcher/Least_Flycatcher_0024_30230.jpg,39,38,039.Least_Flycatcher,37,36,gaussian_blur,gaussian_blur,0,"{""sigma"":1.264156}",1.6364589,3.1989789,1.56252,0.19466817,0.040803853,0.19116533,0.045025766,0.0035028458,-0.0042219125,-0.0077247582,0.58509332,1.3735538,131.14334,180.13243,False,0.86624891,False,True,False,0.58509332,1.3735538,131.14334,180.13243,0.57944808,1.3814178,129.22138,178.50871,0.84388743,1.0787534,22.369857,24.13156,0.61082928,1.7110167,26.046224,44.565525,0.61123968,1.612067,64.913425,104.64479,0.52264798,1.2957899,74.210862,96.161689,0.57435217,1.3100493,57.602701,75.462377,0.66101749,1.1565667,54.59564,63.143498
0b_baseline_best,file,13,baseline,2176,039.Least_Flycatcher/Least_Flycatcher_0024_30230.jpg,39,38,039.Least_Flycatcher,37,36,random_erasing,random_erasing,0,"{""area_fraction"":0.183594,""erased"":true,""height"":0.288027,""left"":0.160563,""top"":0.458431,""width"":0.637419}",1.6364589,2.4379873,0.80152845,0.19466817,0.087336443,0.19116533,0.080802329,0.0035028458,0.0065341145,0.0030312687,0.79363374,0.9362315,131.14334,122.78053,False,0.94115055,False,True,False,0.79363374,0.9362315,131.14334,122.78053,0.7895612,0.93357902,129.22138,120.63837,0.92098581,1.0207972,22.369857,22.835089,0.79553103,0.81683096,26.046224,21.275362,0.81248283,0.91625582,64.913425,59.477304,0.81045057,0.88454681,74.210862,65.642981,0.76290386,0.9675817,57.602701,55.735319,0.76176176,1.0276834,54.59564,56.107032
0b_baseline_best,file,13,baseline,1034,019.Gray_Catbird/Gray_Catbird_0050_20763.jpg,19,18,019.Gray_Catbird,155,154,identity,identity,0,{},0.0013500871,0.0013500871,0,0.99865085,0.99865085,0.00019374532,0.00019374532,0.9984571,0.9984571,0,1,1,0.18843154,0.18843154,False,1.0000001,True,True,True,1,1,0.18843154,0.18843154,1,1,0.18367835,0.18367835,1,1,0.042056045,0.042056045,1,1,0.03623619,0.03623619,1,1,0.07267884,0.07267884,1,1,0.096562952,0.096562952,1,1,0.090265914,0.090265914,1,1,0.098336776,0.098336776
0b_baseline_best,file,13,baseline,1034,019.Gray_Catbird/Gray_Catbird_0050_20763.jpg,19,18,019.Gray_Catbird,155,154,horizontal_flip,horizontal_flip,0,"{""flipped"":true}",0.0013500871,0.00034040379,-0.0010096833,0.99865085,0.99965966,0.00019374532,2.603655e-05,0.9984571,0.99963362,0.0011765174,0.52603149,0.24241251,0.18843154,0.045678163,False,0.96438491,True,True,True,0.52603149,0.24241251,0.18843154,0.045678163,0.49992728,0.23929404,0.18367835,0.043953134,0.94011579,0.29566481,0.042056045,0.012434492,0.43336273,0.2193063,0.03623619,0.0079468246,0.3744583,0.27462011,0.07267884,0.019959071,0.4926225,0.22340729,0.096562952,0.021572867,0.42648892,0.2298255,0.090265914,0.020745409,0.65467274,0.24376266,0.098336776,0.023970834
0b_baseline_best,file,13,baseline,1034,019.Gray_Catbird/Gray_Catbird_0050_20763.jpg,19,18,019.Gray_Catbird,155,154,color_jitter,color_jitter,0,"{""brightness"":1.071847,""contrast"":0.750333,""hue"":-0.000886,""saturation"":0.859879}",0.0013500871,0.0016468308,0.0002967437,0.99865085,0.99835455,0.00019374532,0.00017641785,0.9984571,0.99817814,-0.00027896721,0.87070216,1.3191415,0.18843154,0.24856788,False,0.98919839,True,True,True,0.87070216,1.3191415,0.18843154,0.24856788,0.86526719,1.3236644,0.18367835,0.24312849,0.98454803,1.229688,0.042056045,0.051715816,0.84616836,1.2707416,0.03623619,0.046046832,0.75191158,1.4085591,0.07267884,0.10237244,0.86973242,1.3765469,0.096562952,0.13292343,0.87413235,1.2853655,0.090265914,0.11602469,0.92787412,1.2611642,0.098336776,0.12401882
0b_baseline_best,file,13,baseline,1034,019.Gray_Catbird/Gray_Catbird_0050_20763.jpg,19,18,019.Gray_Catbird,155,154,rotation,rotation,0,"{""angle"":-1.733731}",0.0013500871,0.0019099343,0.00055984722,0.99865085,0.99809188,0.00019374532,0.00042217533,0.9984571,0.9976697,-0.00078740237,0.84539459,1.4294528,0.18843154,0.26935401,False,0.98685789,True,True,True,0.84539459,1.4294528,0.18843154,0.26935401,0.83871909,1.432159,0.18367835,0.2630566,0.97847147,1.3768156,0.042056045,0.057903419,0.65969176,1.3371274,0.03623619,0.048452402,0.75327539,1.2890095,0.07267884,0.093683713,0.84809962,1.4694496,0.096562952,0.14189439,0.83900255,1.4860257,0.090265914,0.13413747,0.89704475,1.4362485,0.098336776,0.14123605
0b_baseline_best,file,13,baseline,1034,019.Gray_Catbird/Gray_Catbird_0050_20763.jpg,19,18,019.Gray_Catbird,155,154,random_resized_crop,random_resized_crop,0,"{""area_fraction"":0.782665,""aspect"":1.252645,""fallback"":false,""height"":0.790449,""left"":0.007688,""top"":0.195365,""width"":0.990152}",0.0013500871,0.0005161622,-0.00083392492,0.99865085,0.99948394,0.00019374532,1.3857832e-05,0.9984571,0.99947009,0.0010129816,0.70019489,0.41031262,0.18843154,0.07731584,False,0.96511173,True,True,True,0.70019489,0.41031262,0.18843154,0.07731584,0.68694341,0.40931227,0.18367835,0.075181803,0.94212181,0.42894751,0.042056045,0.018039836,0.64925006,0.40748182,0.03623619,0.014765589,0.60566413,0.40674309,0.07267884,0.029561616,0.69575542,0.41729415,0.096562952,0.040295155,0.65020132,0.40380097,0.090265914,0.036449464,0.7584933,0.40779738,0.098336776,0.04010148
0b_baseline_best,file,13,baseline,1034,019.Gray_Catbird/Gray_Catbird_0050_20763.jpg,19,18,019.Gray_Catbird,155,154,gaussian_blur,gaussian_blur,0,"{""sigma"":1.572358}",0.0013500871,0.35443032,0.35308023,0.99865085,0.70157301,0.00019374532,0.057613406,0.9984571,0.64395961,-0.3544975,0.35544933,357.67588,0.18843154,67.397419,False,0.81905043,True,True,True,0.35544933,357.67588,0.18843154,67.397419,0.34501966,364.09585,0.18367835,66.876525,0.7846927,198.85748,0.042056045,8.3631593,0.41926927,550.34464,0.03623619,19.942393,0.061008526,469.20847,0.07267884,34.101527,0.38191266,397.91077,0.096562952,38.423439,0.42318088,336.81972,0.090265914,30.40334,0.54226759,229.9063,0.098336776,22.608244
0b_baseline_best,file,13,baseline,1034,019.Gray_Catbird/Gray_Catbird_0050_20763.jpg,19,18,019.Gray_Catbird,155,154,random_erasing,random_erasing,0,"{""area_fraction"":0.180931,""erased"":true,""height"":0.749105,""left"":0.109504,""top"":0.166539,""width"":0.24153}",0.0013500871,0.10570726,0.10435717,0.99865085,0.89968801,0.00019374532,0.00061961176,0.9984571,0.89906839,-0.09938871,0.55965383,79.358958,0.18843154,14.953731,False,0.87621772,True,True,True,0.55965383,79.358958,0.18843154,14.953731,0.54744076,79.934972,0.18367835,14.682324,0.84355709,67.436109,0.042056045,2.8360961,0.38368116,67.220731,0.03623619,2.4358232,0.41672212,82.417461,0.07267884,5.9900055,0.57264852,80.655994,0.096562952,7.7883809,0.53730777,83.362117,0.090265914,7.5247577,0.62981884,76.421829,0.098336776,7.5150763
0b_baseline_best,file,13,baseline,4167,072.Pomarine_Jaeger/Pomarine_Jaeger_0006_795775.jpg,72,71,072.Pomarine_Jaeger,92,91,identity,identity,0,{},0.31802163,0.31802163,0,0.72758704,0.72758704,0.055925779,0.055925779,0.67166127,0.67166127,0,1,1,48.978727,48.978727,False,1,True,True,True,1,1,48.978727,48.978727,1,1,48.26692,48.26692,1,1,8.3198662,8.3198662,1,1,13.044787,13.044787,1,1,20.56812,20.56812,1,1,26.423807,26.423807,1,1,23.635555,23.635555,1,1,21.900329,21.900329
0b_baseline_best,file,13,baseline,4167,072.Pomarine_Jaeger/Pomarine_Jaeger_0006_795775.jpg,72,71,072.Pomarine_Jaeger,92,91,horizontal_flip,horizontal_flip,0,"{""flipped"":true}",0.31802163,0.075060204,-0.24296142,0.72758704,0.92768764,0.055925779,0.018703677,0.67166127,0.90898397,0.2373227,0.66364108,0.2663452,48.978727,13.045249,False,0.96278989,True,True,True,0.66364108,0.2663452,48.978727,13.045249,0.65462637,0.26612331,48.26692,12.844952,0.95888934,0.27370824,8.3198662,2.2772159,0.52107375,0.25264665,13.044787,3.2957217,0.54322455,0.28689389,20.56812,5.9008681,0.69025246,0.26161873,26.423807,6.9129628,0.66179231,0.25289301,23.635555,5.9772668,0.74752441,0.27318351,21.900329,5.982809
0b_baseline_best,file,13,baseline,4167,072.Pomarine_Jaeger/Pomarine_Jaeger_0006_795775.jpg,72,71,072.Pomarine_Jaeger,92,91,color_jitter,color_jitter,0,"{""brightness"":1.108384,""contrast"":1.214189,""hue"":-0.058694,""saturation"":1.012552}",0.31802163,1.4556401,1.1376185,0.72758704,0.23325102,0.055925779,0.037833907,0.67166127,0.19541711,-0.47624415,0.76823892,2.9542851,48.978727,144.69712,False,0.93883562,True,True,True,0.76823892,2.9542851,48.978727,144.69712,0.76453897,2.9621781,48.26692,142.97521,0.91002067,2.6750879,8.3198662,22.256373,0.77502838,3.919625,13.044787,51.130672,0.64999714,2.8560674,20.56812,58.743939,0.79523652,2.805427,26.423807,74.130062,0.78620687,2.96022,23.635555,69.966442,0.80705421,2.882876,21.900329,63.135933
0b_baseline_best,file,13,baseline,4167,072.Pomarine_Jaeger/Pomarine_Jaeger_0006_795775.jpg,72,71,072.Pomarine_Jaeger,92,91,rotation,rotation,0,"{""angle"":-8.048789}",0.31802163,0.60033542,0.28231379,0.72758704,0.54862761,0.055925779,0.037039455,0.67166127,0.51158816,-0.16007311,0.78009887,1.8633982,48.978727,91.266871,False,0.94944,True,True,True,0.78009887,1.8633982,48.978727,91.266871,0.77662847,1.8712715,48.26692,90.320512,0.93009387,1.5756308,8.3198662,13.109038,0.84725691,2.2879271,13.044787,29.845521,0.7715124,1.9027069,20.56812,39.135104,0.78277147,1.7399054,26.423807,45.974924,0.75319132,1.8417837,23.635555,43.531581,0.77900013,1.8974453,21.900329,41.554677
0b_baseline_best,file,13,baseline,4167,072.Pomarine_Jaeger/Pomarine_Jaeger_0006_795775.jpg,72,71,072.Pomarine_Jaeger,92,91,random_resized_crop,random_resized_crop,0,"{""area_fraction"":0.76018,""aspect"":1.060252,""fallback"":false,""height"":0.846747,""left"":0.097834,""top"":0.097424,""width"":0.897765}",0.31802163,0.53472626,0.21670464,0.72758704,0.58582962,0.055925779,0.05075242,0.67166127,0.5350772,-0.13658407,0.68729451,1.7261266,48.978727,84.543482,False,0.94082344,True,True,True,0.68729451,1.7261266,48.978727,84.543482,0.68199728,1.7317191,48.26692,83.584745,0.89497725,1.5259974,8.3198662,12.696095,0.42669769,1.713466,13.044787,22.351799,0.59167179,1.8677818,20.56812,38.416761,0.72720623,1.6908065,26.423807,44.677545,0.72441224,1.7177042,23.635555,40.598892,0.748356,1.6879945,21.900329,36.967635
0b_baseline_best,file,13,baseline,4167,072.Pomarine_Jaeger/Pomarine_Jaeger_0006_795775.jpg,72,71,072.Pomarine_Jaeger,92,91,gaussian_blur,gaussian_blur,0,"{""sigma"":1.865901}",0.31802163,0.33653864,0.018517017,0.72758704,0.71423829,0.055925779,0.014871633,0.67166127,0.69936665,0.027705388,0.41616584,1.0958983,48.978727,53.675703,False,0.85516357,True,True,True,0.41616584,1.0958983,48.978727,53.675703,0.40562069,1.098598,48.26692,53.025944,0.80752264,1.0007955,8.3198662,8.3264843,0.10829865,1.0938558,13.044787,14.269115,0.23892902,1.066258,20.56812,21.930924,0.36275598,0.98623646,26.423807,26.060122,0.50193476,1.2311304,23.635555,29.098451,0.58693053,1.1197085,21.900329,24.521986
0b_baseline_best,file,13,baseline,4167,072.Pomarine_Jaeger/Pomarine_Jaeger_0006_795775.jpg,72,71,072.Pomarine_Jaeger,92,91,random_erasing,random_erasing,0,"{""area_fraction"":0.140998,""erased"":true,""height"":0.262845,""left"":0.451983,""top"":0.32393,""width"":0.536432}",0.31802163,0.034936137,-0.28308549,0.72758704,0.96566707,0.055925779,0.0068106833,0.67166127,0.95885639,0.28719512,0.72666178,0.12898868,48.978727,6.3177013,False,0.93601096,True,True,True,0.72666178,0.12898868,48.978727,6.3177013,0.72116403,0.12867614,48.26692,6.210801,0.89996786,0.1390986,8.3198662,1.1572817,0.69572888,0.11560218,13.044787,1.5080058,0.61626909,0.12358689,20.56812,2.5419499,0.76658308,0.12021198,26.423807,3.1764582,0.72339339,0.13887537,23.635555,3.2823965,0.75931699,0.13678962,21.900329,2.9957377
0b_baseline_best,file,13,baseline,5465,094.White_breasted_Nuthatch/White_Breasted_Nuthatch_0094_86156.jpg,94,93,094.White_breasted_Nuthatch,112,111,identity,identity,0,{},0.087754093,0.087754093,0,0.91598612,0.91598612,0.039377417,0.039377417,0.8766087,0.8766087,0,1,1,15.910524,15.910524,False,1,True,True,True,1,1,15.910524,15.910524,1,1,15.720915,15.720915,1,1,2.4489982,2.4489982,1,1,2.8323186,2.8323186,1,1,8.5709549,8.5709549,1,1,8.8574673,8.8574673,1,1,6.7757048,6.7757048,1,1,6.4264281,6.4264281
0b_baseline_best,file,13,baseline,5465,094.White_breasted_Nuthatch/White_Breasted_Nuthatch_0094_86156.jpg,94,93,094.White_breasted_Nuthatch,112,111,horizontal_flip,horizontal_flip,0,"{""flipped"":true}",0.087754093,0.059216682,-0.028537411,0.91598612,0.9425025,0.039377417,0.013772426,0.8766087,0.92873007,0.052121369,0.67810587,0.61008953,15.910524,9.7068441,False,0.93755049,True,True,True,0.67810587,0.61008953,15.910524,9.7068441,0.67227586,0.60985305,15.720915,9.5874481,0.91459451,0.61975613,2.4489982,1.5177817,0.60840911,0.5885143,2.8323186,1.66686,0.72113397,0.57520166,8.5709549,4.9300274,0.6737312,0.6172215,8.8574673,5.4670192,0.61852022,0.61486048,6.7757048,4.1661131,0.66408618,0.65263863,6.4264281,4.1941352
0b_baseline_best,file,13,baseline,5465,094.White_breasted_Nuthatch/White_Breasted_Nuthatch_0094_86156.jpg,94,93,094.White_breasted_Nuthatch,112,111,color_jitter,color_jitter,0,"{""brightness"":0.792148,""contrast"":0.842138,""hue"":-0.022783,""saturation"":1.27878}",0.087754093,0.075431935,-0.012322158,0.91598612,0.92734283,0.039377417,0.037639029,0.8766087,0.8897038,0.013095099,0.92429054,0.97122054,15.910524,15.452627,False,0.98656595,True,True,True,0.92429054,0.97122054,15.910524,15.452627,0.9229636,0.9728086,15.720915,15.293442,0.98565525,0.90335543,2.4489982,2.2123158,0.88472003,1.0071554,2.8323186,2.852585,0.91680199,1.0310822,8.5709549,8.837359,0.94176024,0.95732437,8.8574673,8.4794693,0.91333783,0.93733159,6.7757048,6.3510821,0.92244574,0.92603493,6.4264281,5.9510969
0b_baseline_best,file,13,baseline,5465,094.White_breasted_Nuthatch/White_Breasted_Nuthatch_0094_86156.jpg,94,93,094.White_breasted_Nuthatch,112,111,rotation,rotation,0,"{""angle"":4.976136}",0.087754093,0.045169145,-0.042584948,0.91598612,0.95583582,0.039377417,0.015769569,0.8766087,0.94006625,0.063457547,0.8492385,0.47304763,15.910524,7.5264356,False,0.97193563,True,True,True,0.8492385,0.47304763,15.910524,7.5264356,0.84622485,0.47151329,15.720915,7.4126205,0.96532401,0.53244278,2.4489982,1.3039514,0.75771333,0.5224111,2.8323186,1.4796347,0.86923196,0.45928929,8.5709549,3.9365477,0.86150773,0.44849926,8.8574673,3.9725675,0.80650646,0.48662662,6.7757048,3.2972383,0.84936151,0.50681567,6.4264281,3.2570145
0b_baseline_best,file,13,baseline,5465,094.White_breasted_Nuthatch/White_Breasted_Nuthatch_0094_86156.jpg,94,93,094.White_breasted_Nuthatch,112,111,random_resized_crop,random_resized_crop,0,"{""area_fraction"":0.731683,""aspect"":1.260157,""fallback"":false,""height"":0.76199,""left"":0.012713,""top"":0.223077,""width"":0.960227}",0.087754093,0.29876989,0.2110158,0.91598612,0.74173003,0.039377417,0.13122007,0.8766087,0.61050996,-0.26609874,0.7881769,3.4430085,15.910524,54.780068,False,0.96153498,True,True,True,0.7881769,3.4430085,15.910524,54.780068,0.78447722,3.4503371,15.720915,54.242457,0.96020257,3.1261073,2.4489982,7.6558312,0.43858251,3.3287182,2.8323186,9.4279903,0.81178266,3.9137582,8.5709549,33.544645,0.81239612,3.2850728,8.8574673,29.097425,0.76418037,3.3290247,6.7757048,22.556489,0.78734311,3.003903,6.4264281,19.304367
0b_baseline_best,file,13,baseline,5465,094.White_breasted_Nuthatch/White_Breasted_Nuthatch_0094_86156.jpg,94,93,094.White_breasted_Nuthatch,112,111,gaussian_blur,gaussian_blur,0,"{""sigma"":1.092889}",0.087754093,0.10499787,0.017243773,0.91598612,0.90032643,0.039377417,0.037333909,0.8766087,0.86299252,-0.013616182,0.8668355,1.2918114,15.910524,20.553396,False,0.96974003,True,True,True,0.8668355,1.2918114,15.910524,20.553396,0.86467024,1.2939712,15.720915,20.342412,0.96553504,1.1994305,2.4489982,2.9374031,0.75894804,1.251637,2.8323186,3.5450346,0.86065889,1.2808072,8.5709549,10.97774,0.89499449,1.3017305,8.8574673,11.530035,0.8459853,1.348164,6.7757048,9.1347612,0.856582,1.2482598,6.4264281,8.0218521
0b_baseline_best,file,13,baseline,5465,094.White_breasted_Nuthatch/White_Breasted_Nuthatch_0094_86156.jpg,94,93,094.White_breasted_Nuthatch,112,111,random_erasing,random_erasing,0,"{""area_fraction"":0.16529,""erased"":true,""height"":0.504085,""left"":0.44461,""top"":0.011164,""width"":0.327902}",0.087754093,0.085373558,-0.002380535,0.91598612,0.9181692,0.039377417,0.022536971,0.8766087,0.89563223,0.019023526,0.8443792,0.84239549,15.910524,13.402953,False,0.94582176,True,True,True,0.8443792,0.84239549,15.910524,13.402953,0.84219693,0.84063288,15.720915,13.215518,0.93000002,0.91207105,2.4489982,2.2336604,0.82953941,0.77402491,2.8323186,2.1922852,0.90040722,0.83127196,8.5709549,7.1247945,0.83909092,0.81835809,8.8574673,7.24858,0.7909764,0.84336844,6.7757048,5.7144155,0.8110576,0.90579911,6.4264281,5.8210529
0b_baseline_best,file,13,baseline,6768,116.Chipping_Sparrow/Chipping_Sparrow_0037_109851.jpg,116,115,116.Chipping_Sparrow,130,129,identity,identity,0,{},0.10628325,0.10628325,0,0.89916992,0.89916992,0.050838526,0.050838526,0.8483314,0.8483314,0,1,1,17.304914,17.304914,False,1,True,True,True,1,1,17.304914,17.304914,1,1,16.898356,16.898356,1,1,3.729025,3.729025,1,1,2.8304336,2.8304336,1,1,8.1326161,8.1326161,1,1,9.0301558,9.0301558,1,1,7.8463263,7.8463263,1,1,8.2640841,8.2640841
0b_baseline_best,file,13,baseline,6768,116.Chipping_Sparrow/Chipping_Sparrow_0037_109851.jpg,116,115,116.Chipping_Sparrow,130,129,horizontal_flip,horizontal_flip,0,"{""flipped"":true}",0.10628325,0.074502014,-0.031781234,0.89916992,0.92820561,0.050838526,0.04253941,0.8483314,0.8856662,0.037334803,0.75361199,0.72019225,17.304914,12.462865,False,0.97375798,True,True,True,0.75361199,0.72019225,17.304914,12.462865,0.74300973,0.72000975,16.898356,12.166981,0.97016274,0.72392973,3.729025,2.6995521,0.70660697,0.71203815,2.8304336,2.0153767,0.77713271,0.69380193,8.1326161,5.6424247,0.73603951,0.74242868,9.0301558,6.7042467,0.68206507,0.721918,7.8463263,5.6644042,0.78013469,0.71694463,8.2640841,5.9248907
0b_baseline_best,file,13,baseline,6768,116.Chipping_Sparrow/Chipping_Sparrow_0037_109851.jpg,116,115,116.Chipping_Sparrow,130,129,color_jitter,color_jitter,0,"{""brightness"":1.263151,""contrast"":0.831041,""hue"":0.078689,""saturation"":0.79458}",0.10628325,1.9126469,1.8063636,0.89916992,0.14768896,0.050838526,0.0053675626,0.8483314,0.14232139,-0.70601,0.47311868,7.608942,17.304914,131.67209,False,0.81222087,False,True,False,0.47311868,7.608942,17.304914,131.67209,0.46411515,7.6716693,16.898356,129.6386,0.71322493,6.1816504,3.729025,23.051529,0.25406063,11.096551,2.8304336,31.408051,0.33544101,8.8159912,8.1326161,71.697072,0.44226862,7.2887967,9.0301558,65.81897,0.56772073,7.2890887,7.8463263,57.192568,0.6128989,6.7112865,8.2640841,55.462636
0b_baseline_best,file,13,baseline,6768,116.Chipping_Sparrow/Chipping_Sparrow_0037_109851.jpg,116,115,116.Chipping_Sparrow,130,129,rotation,rotation,0,"{""angle"":2.561204}",0.10628325,0.16341229,0.05712904,0.89916992,0.84924096,0.050838526,0.054440267,0.8483314,0.79480069,-0.053530704,0.87188674,1.5433861,17.304914,26.708164,False,0.9866668,True,True,True,0.87188674,1.5433861,17.304914,26.708164,0.86732985,1.5458805,16.898356,26.12284,0.96943115,1.4912398,3.729025,5.5608705,0.69892798,1.5932353,2.8304336,4.5095468,0.88635045,1.5441616,8.1326161,12.558073,0.85090241,1.5643888,9.0301558,14.126675,0.86378169,1.5857793,7.8463263,12.442542,0.8946765,1.4819191,8.2640841,12.246704
0b_baseline_best,file,13,baseline,6768,116.Chipping_Sparrow/Chipping_Sparrow_0037_109851.jpg,116,115,116.Chipping_Sparrow,130,129,random_resized_crop,random_resized_crop,0,"{""area_fraction"":0.890666,""aspect"":0.943882,""fallback"":false,""height"":0.971401,""left"":0.079262,""top"":0.008919,""width"":0.916888}",0.10628325,0.40867567,0.30239242,0.89916992,0.66452974,0.050838526,0.061596286,0.8483314,0.60293346,-0.24539794,0.79379668,4.0277969,17.304914,69.700681,False,0.97749496,True,True,True,0.79379668,4.0277969,17.304914,69.700681,0.78972344,4.0595174,16.898356,68.599171,0.91234657,3.3098613,3.729025,12.342556,0.64515516,4.1109571,2.8304336,11.635791,0.81973311,4.2043783,8.1326161,34.192595,0.77499688,4.3103136,9.0301558,38.922803,0.78420123,4.1252933,7.8463263,32.368397,0.81356301,3.5041987,8.2640841,28.958993
0b_baseline_best,file,13,baseline,6768,116.Chipping_Sparrow/Chipping_Sparrow_0037_109851.jpg,116,115,116.Chipping_Sparrow,130,129,gaussian_blur,gaussian_blur,0,"{""sigma"":1.929024}",0.10628325,0.68958592,0.58330268,0.89916992,0.50178379,0.050838526,0.24091555,0.8483314,0.26086824,-0.58746316,0.71551145,4.631343,17.304914,80.144994,False,0.93892276,True,True,True,0.71551145,4.631343,17.304914,80.144994,0.70559312,4.6423609,16.898356,78.448268,0.93144602,4.39899,3.729025,16.403944,0.50909476,4.8395478,2.8304336,13.698019,0.72732446,4.4773448,8.1326161,36.412527,0.70579891,4.5057076,9.0301558,40.687241,0.67268945,4.9616677,7.8463263,38.930864,0.74319339,4.6387269,8.2640841,38.33483
0b_baseline_best,file,13,baseline,6768,116.Chipping_Sparrow/Chipping_Sparrow_0037_109851.jpg,116,115,116.Chipping_Sparrow,130,129,random_erasing,random_erasing,0,"{""area_fraction"":0.127007,""erased"":true,""height"":0.22867,""left"":0.109577,""top"":0.098618,""width"":0.555417}",0.10628325,4.7234731,4.6171898,0.89916992,0.0088842679,0.050838526,0.0030461305,0.8483314,0.0058381374,-0.84249326,0.34443813,6.5223729,17.304914,112.86911,False,0.7052629,False,True,False,0.34443813,6.5223729,17.304914,112.86911,0.33109597,6.5119923,16.898356,110.04196,0.60964866,6.7320016,3.729025,25.103803,0.1181412,8.2097234,2.8304336,23.237077,0.24826397,6.5560656,8.1326161,53.317965,0.28504926,5.5401877,9.0301558,50.028759,0.38945107,6.725889,7.8463263,52.77352,0.43380644,7.095658,8.2640841,58.639115
0b_baseline_best,file,13,baseline,984,018.Spotted_Catbird/Spotted_Catbird_0013_19428.jpg,18,17,018.Spotted_Catbird,174,173,identity,identity,0,{},0.01609488,0.01609488,0,0.98403394,0.98403394,0.002239075,0.002239075,0.98179487,0.98179487,0,1,1,3.2068567,3.2068567,False,1,True,True,True,1,1,3.2068567,3.2068567,1,1,3.1780768,3.1780768,1,1,0.42866987,0.42866987,1,1,0.81445198,0.81445198,1,1,1.6205129,1.6205129,1,1,1.6083162,1.6083162,1,1,1.4385628,1.4385628,1,1,1.4678672,1.4678672
0b_baseline_best,file,13,baseline,984,018.Spotted_Catbird/Spotted_Catbird_0013_19428.jpg,18,17,018.Spotted_Catbird,174,173,horizontal_flip,horizontal_flip,0,"{""flipped"":true}",0.01609488,0.0036633781,-0.012431502,0.98403394,0.99634331,0.002239075,0.00079459383,0.98179487,0.99554872,0.013753854,0.68321372,0.21801903,3.2068567,0.69915577,False,0.97056234,True,True,True,0.68321372,0.21801903,3.2068567,0.69915577,0.67729857,0.21712638,3.1780768,0.6900443,0.96423531,0.26245433,0.42866987,0.11250626,0.51709182,0.24029986,0.81445198,0.1957127,0.71048372,0.22120973,1.6205129,0.35847322,0.67625165,0.21612666,1.6083162,0.3476,0.63158361,0.20667893,1.4385628,0.29732063,0.73625841,0.21557274,1.4678672,0.31643216
0b_baseline_best,file,13,baseline,984,018.Spotted_Catbird/Spotted_Catbird_0013_19428.jpg,18,17,018.Spotted_Catbird,174,173,color_jitter,color_jitter,0,"{""brightness"":0.817799,""contrast"":1.01149,""hue"":0.06853,""saturation"":1.199451}",0.01609488,0.0031649994,-0.012929881,0.98403394,0.99684,0.002239075,0.00017193159,0.98179487,0.99666807,0.014873201,0.65806533,0.20059521,3.2068567,0.64328011,False,0.95237935,True,True,True,0.65806533,0.20059521,3.2068567,0.64328011,0.65282728,0.200597,3.1780768,0.63751266,0.94611567,0.20049731,0.42866987,0.085947156,0.50392772,0.269685,0.81445198,0.21964548,0.56870378,0.18983738,1.6205129,0.30763393,0.60740709,0.19354313,1.6083162,0.31127854,0.70665157,0.20644066,1.4385628,0.29697786,0.83433866,0.19081308,1.4678672,0.28008826
0b_baseline_best,file,13,baseline,984,018.Spotted_Catbird/Spotted_Catbird_0013_19428.jpg,18,17,018.Spotted_Catbird,174,173,rotation,rotation,0,"{""angle"":14.697701}",0.01609488,0.023271885,0.0071770046,0.98403394,0.97699684,0.002239075,0.001819665,0.98179487,0.97517717,-0.0066176931,0.77043229,1.3232945,3.2068567,4.243616,False,0.96596831,True,True,True,0.77043229,1.3232945,3.2068567,4.243616,0.76700149,1.3234976,3.1780768,4.2061771,0.96067366,1.3120836,0.42866987,0.56245069,0.71843648,1.5093561,0.81445198,1.2292981,0.7785639,1.2612425,1.6205129,2.0438598,0.74776206,1.3093737,1.6083162,2.1058869,0.73804887,1.290463,1.4385628,1.856412,0.82250882,1.3832045,1.4678672,2.0303606
0b_baseline_best,file,13,baseline,984,018.Spotted_Catbird/Spotted_Catbird_0013_19428.jpg,18,17,018.Spotted_Catbird,174,173,random_resized_crop,random_resized_crop,0,"{""area_fraction"":0.789653,""aspect"":1.117926,""fallback"":false,""height"":0.840449,""left"":0.009471,""top"":0.107469,""width"":0.93956}",0.01609488,0.0074317185,-0.0086631617,0.98403394,0.99259585,0.002239075,0.0015168237,0.98179487,0.99107903,0.0092841606,0.76806396,0.4500926,3.2068567,1.4433825,False,0.96251303,True,True,True,0.76806396,0.4500926,3.2068567,1.4433825,0.7643681,0.44944489,3.1780768,1.4283704,0.95867016,0.48436333,0.42866987,0.20763196,0.77995637,0.50488839,0.81445198,0.41120735,0.73713282,0.44535469,1.6205129,0.72170303,0.75467084,0.44974137,1.6083162,0.72332632,0.76005034,0.46358228,1.4385628,0.66689223,0.81464613,0.42125317,1.4678672,0.61834372
0b_baseline_best,file,13,baseline,984,018.Spotted_Catbird/Spotted_Catbird_0013_19428.jpg,18,17,018.Spotted_Catbird,174,173,gaussian_blur,gaussian_blur,0,"{""sigma"":1.044385}",0.01609488,0.0606235,0.04452862,0.98403394,0.94117755,0.002239075,0.001851038,0.98179487,0.93932651,-0.042468358,0.7562942,4.0125093,3.2068567,12.867542,False,0.95644313,True,True,True,0.7562942,4.0125093,3.2068567,12.867542,0.7536769,4.0246918,3.1780768,12.79078,0.94908215,3.2739046,0.42866987,1.4034243,0.7481909,5.8540973,0.81445198,4.7678811,0.71983162,4.0408475,1.6205129,6.5482455,0.73974233,3.9608096,1.6083162,6.3702341,0.78861397,3.9979368,1.4385628,5.7512832,0.82717039,3.3606724,1.4678672,4.9330208
0b_baseline_best,file,13,baseline,984,018.Spotted_Catbird/Spotted_Catbird_0013_19428.jpg,18,17,018.Spotted_Catbird,174,173,random_erasing,random_erasing,0,"{""area_fraction"":0.135519,""erased"":true,""height"":0.380383,""left"":0.238558,""top"":0.14462,""width"":0.356269}",0.01609488,0.062509552,0.046414671,0.98403394,0.93940407,0.002239075,0.0013541926,0.98179487,0.93804988,-0.043744989,0.52709395,3.1733695,3.2068567,10.176541,False,0.91017199,True,True,True,0.52709395,3.1733695,3.2068567,10.176541,0.51936264,3.1627249,3.1780768,10.051383,0.89580756,3.7117899,0.42866987,1.5911325,0.13947745,2.2091888,0.81445198,1.7992782,0.44664025,2.5353724,1.6205129,4.1086037,0.4978969,3.4063145,1.6083162,5.4784307,0.55728303,3.6943504,1.4385628,5.3145552,0.68199426,3.2425831,1.4678672,4.7596814
0b_baseline_best,file,13,baseline,10060,171.Myrtle_Warbler/Myrtle_Warbler_0037_166690.jpg,171,170,171.Myrtle_Warbler,162,161,identity,identity,0,{},0.25718403,0.25718403,0,0.7732259,0.7732259,0.036711153,0.036711153,0.73651475,0.73651475,0,1,1,35.063269,35.063269,False,1,True,True,True,1,1,35.063269,35.063269,1,1,34.356429,34.356429,1,1,7.004901,7.004901,1,1,9.3518699,9.3518699,1,1,15.980506,15.980506,1,1,16.642203,16.642203,1,1,16.449894,16.449894,1,1,17.028454,17.028454
0b_baseline_best,file,13,baseline,10060,171.Myrtle_Warbler/Myrtle_Warbler_0037_166690.jpg,171,170,171.Myrtle_Warbler,162,161,horizontal_flip,horizontal_flip,0,"{""flipped"":true}",0.25718403,0.18942769,-0.06775634,0.7732259,0.82743257,0.036711153,0.0079833549,0.73651475,0.81944922,0.082934467,0.69591047,0.70156928,35.063269,24.599313,False,0.97382796,True,True,True,0.69591047,0.70156928,35.063269,24.599313,0.68486781,0.70126275,34.356429,24.092884,0.95872201,0.70890313,7.004901,4.9657963,0.86008045,0.69418443,9.3518699,6.4919225,0.68767832,0.65419437,15.980506,10.454357,0.61615634,0.72572507,16.642203,12.077664,0.62777882,0.71192426,16.449894,11.711079,0.75332613,0.70960182,17.028454,12.083422
0b_baseline_best,file,13,baseline,10060,171.Myrtle_Warbler/Myrtle_Warbler_0037_166690.jpg,171,170,171.Myrtle_Warbler,162,161,color_jitter,color_jitter,0,"{""brightness"":1.017565,""contrast"":0.946623,""hue"":0.053503,""saturation"":0.711178}",0.25718403,0.90988773,0.6527037,0.7732259,0.40256941,0.036711153,0.23891641,0.73651475,0.163653,-0.57286175,0.66314673,3.4826806,35.063269,122.11417,False,0.9284147,True,True,True,0.66314673,3.4826806,35.063269,122.11417,0.65636705,3.5079512,34.356429,120.52068,0.88296031,2.8070441,7.004901,19.663066,0.86044495,4.1839075,9.3518699,39.127359,0.56439669,4.0018135,15.980506,63.951005,0.63377299,3.67444,16.642203,61.150776,0.64707798,3.1523433,16.449894,51.855712,0.74254907,2.9222047,17.028454,49.760628
0b_baseline_best,file,13,baseline,10060,171.Myrtle_Warbler/Myrtle_Warbler_0037_166690.jpg,171,170,171.Myrtle_Warbler,162,161,rotation,rotation,0,"{""angle"":8.435712}",0.25718403,0.21569765,-0.041486382,0.7732259,0.80597895,0.036711153,0.012455846,0.73651475,0.79352311,0.057008357,0.73197574,0.85816942,35.063269,30.090225,False,0.97166061,True,True,True,0.73197574,0.85816942,35.063269,30.090225,0.72321991,0.85904439,34.356429,29.513698,0.94842888,0.83684587,7.004901,5.8620225,0.71541366,0.80905948,9.3518699,7.566219,0.69363092,0.75494622,15.980506,12.064423,0.67457199,0.91770583,16.642203,15.272647,0.72416983,0.90704067,16.449894,14.920723,0.8050643,0.8558157,17.028454,14.573218
0b_baseline_best,file,13,baseline,10060,171.Myrtle_Warbler/Myrtle_Warbler_0037_166690.jpg,171,170,171.Myrtle_Warbler,162,161,random_resized_crop,random_resized_crop,0,"{""area_fraction"":0.654372,""aspect"":1.288789,""fallback"":false,""height"":0.71256,""left"":0.072134,""top"":0.16326,""width"":0.91834}",0.25718403,0.056827746,-0.20035628,0.7732259,0.94475681,0.036711153,0.00054364814,0.73651475,0.94421316,0.20769841,0.55802555,0.25836698,35.063269,9.0591911,False,0.94884074,True,True,True,0.55802555,0.25836698,35.063269,9.0591911,0.54437766,0.25952393,34.356429,8.9163156,0.93473357,0.22877961,7.004901,1.6025785,0.46745907,0.28734945,9.3518699,2.6872547,0.34825616,0.23959637,15.980506,3.8288713,0.52712497,0.28003734,16.642203,4.6604382,0.58694443,0.25798006,16.449894,4.2437446,0.71984199,0.24838789,17.028454,4.2296617
0b_baseline_best,file,13,baseline,10060,171.Myrtle_Warbler/Myrtle_Warbler_0037_166690.jpg,171,170,171.Myrtle_Warbler,162,161,gaussian_blur,gaussian_blur,0,"{""sigma"":1.694767}",0.25718403,2.4996002,2.2424161,0.7732259,0.082117833,0.036711153,0.21404505,0.73651475,-0.13192721,-0.86844197,0.53390282,4.1133513,35.063269,144.22754,False,0.89699954,False,True,False,0.53390282,4.1133513,35.063269,144.22754,0.52237675,4.1372842,34.356429,142.14231,0.87025101,3.4885038,7.004901,24.436624,0.14240864,4.1467391,9.3518699,38.779765,0.59228605,3.7772848,15.980506,60.362923,0.536604,4.4705079,16.642203,74.3991,0.4892029,4.4053128,16.449894,72.466928,0.61152271,3.8375052,17.028454,65.346781
0b_baseline_best,file,13,baseline,10060,171.Myrtle_Warbler/Myrtle_Warbler_0037_166690.jpg,171,170,171.Myrtle_Warbler,162,161,random_erasing,random_erasing,0,"{""area_fraction"":0.088983,""erased"":true,""height"":0.419517,""left"":0.145771,""top"":0.099155,""width"":0.212109}",0.25718403,0.49624729,0.23906326,0.7732259,0.60881108,0.036711153,0.03432614,0.73651475,0.57448494,-0.16202981,0.91093827,1.6738326,35.063269,58.690044,False,0.98192954,True,True,True,0.91093827,1.6738326,35.063269,58.690044,0.90819202,1.673789,34.356429,57.505411,0.97695743,1.6748826,7.004901,11.732387,0.96472822,1.5364976,9.3518699,14.369126,0.92634989,1.6891434,15.980506,26.993366,0.9064804,1.6395377,16.642203,27.285518,0.8836476,1.6980244,16.449894,27.932322,0.90278075,1.7091411,17.028454,29.104031
0b_baseline_best,file,13,baseline,8280,141.Artic_Tern/Artic_Tern_0052_143244.jpg,141,140,141.Artic_Tern,144,143,identity,identity,0,{},2.4878516,2.4878516,0,0.083088294,0.083088294,0.40875325,0.40875325,-0.32566495,-0.32566495,0,1,1,138.31008,138.31008,False,1,True,False,False,1,1,138.31008,138.31008,1,1,134.52978,134.52978,1,1,32.115654,32.115654,1,1,31.553446,31.553446,1,1,54.051259,54.051259,1,1,70.002633,70.002633,1,1,66.566108,66.566108,1,1,69.639706,69.639706
0b_baseline_best,file,13,baseline,8280,141.Artic_Tern/Artic_Tern_0052_143244.jpg,141,140,141.Artic_Tern,144,143,horizontal_flip,horizontal_flip,0,"{""flipped"":true}",2.4878516,2.1855016,-0.30235004,0.083088294,0.11242133,0.40875325,0.61750883,-0.32566495,-0.5050875,-0.17942255,0.70088975,0.99486505,138.31008,137.59986,False,0.97193974,True,False,False,0.70088975,0.99486505,138.31008,137.59986,0.68624299,0.99039417,134.52978,133.23751,0.9407008,1.070281,32.115654,34.372775,0.70592919,1.0123909,31.553446,31.944422,0.60106655,1.001679,54.051259,54.142013,0.69466669,0.99058224,70.002633,69.343364,0.65788604,0.95025269,66.566108,63.254623,0.74959445,1.0144423,69.639706,70.645463
0b_baseline_best,file,13,baseline,8280,141.Artic_Tern/Artic_Tern_0052_143244.jpg,141,140,141.Artic_Tern,144,143,color_jitter,color_jitter,0,"{""brightness"":0.863991,""contrast"":1.344464,""hue"":0.001178,""saturation"":1.189461}",2.4878516,2.1563182,-0.33153343,0.083088294,0.11575052,0.40875325,0.51525891,-0.32566495,-0.39950839,-0.073843434,0.89260629,0.84659305,138.31008,117.09235,False,0.98617387,True,False,False,0.89260629,0.84659305,138.31008,117.09235,0.88820403,0.8397443,134.52978,112.97062,0.96763798,0.95884068,32.115654,30.793796,0.86236045,0.73740543,31.553446,23.267682,0.85689852,0.81817387,54.051259,44.223328,0.89560841,0.81062283,70.002633,56.745732,0.88957572,0.83441446,66.566108,55.543722,0.90606848,0.90364028,69.639706,62.929244
0b_baseline_best,file,13,baseline,8280,141.Artic_Tern/Artic_Tern_0052_143244.jpg,141,140,141.Artic_Tern,144,143,rotation,rotation,0,"{""angle"":-4.46107}",2.4878516,2.5524163,0.064564705,0.083088294,0.077893212,0.40875325,0.36673513,-0.32566495,-0.28884192,0.036823034,0.8339363,1.0581043,138.31008,146.34648,False,0.9815231,False,False,False,0.8339363,1.0581043,138.31008,146.34648,0.82584777,1.058938,134.52978,142.4587,0.97807072,1.0433668,32.115654,33.508408,0.83532822,0.95692214,31.553446,30.194191,0.79519095,1.0411417,54.051259,56.275019,0.81781472,1.0080096,70.002633,70.563325,0.80676318,1.0969747,66.566108,73.021333,0.86925121,1.103415,69.639706,76.841494
0b_baseline_best,file,13,baseline,8280,141.Artic_Tern/Artic_Tern_0052_143244.jpg,141,140,141.Artic_Tern,144,143,random_resized_crop,random_resized_crop,0,"{""area_fraction"":0.844602,""aspect"":1.148058,""fallback"":false,""height"":0.857717,""left"":0.010646,""top"":0.114432,""width"":0.984709}",2.4878516,2.7311714,0.24331975,0.083088294,0.065142944,0.40875325,0.3075535,-0.32566495,-0.24241056,0.083254397,0.83996823,1.1467307,138.31008,158.60442,False,0.98112601,False,False,False,0.83996823,1.1467307,138.31008,158.60442,0.83370882,1.1521156,134.52978,154.99386,0.96434552,1.0477486,32.115654,33.649131,0.83369342,1.1921935,31.553446,37.617814,0.83103891,1.2177731,54.051259,65.822169,0.83664469,1.093079,70.002633,76.518405,0.82174669,1.1924043,66.566108,79.373713,0.84699087,1.1233767,69.639706,78.231621
0b_baseline_best,file,13,baseline,8280,141.Artic_Tern/Artic_Tern_0052_143244.jpg,141,140,141.Artic_Tern,144,143,gaussian_blur,gaussian_blur,0,"{""sigma"":1.945791}",2.4878516,1.9728942,-0.51495743,0.083088294,0.13905382,0.40875325,0.11563307,-0.32566495,0.023420751,0.3490857,0.63749951,1.2277075,138.31008,169.80432,False,0.92180175,False,False,False,0.63749951,1.2277075,138.31008,169.80432,0.6282135,1.2401494,134.52978,166.83704,0.85920432,0.98411583,32.115654,31.605524,0.4489102,0.83185459,31.553446,26.247879,0.49131991,1.2337915,54.051259,66.687984,0.68829967,1.2307593,70.002633,86.156389,0.63879795,1.4142948,66.566108,94.144101,0.68191096,1.1498754,69.639706,80.076984
0b_baseline_best,file,13,baseline,8280,141.Artic_Tern/Artic_Tern_0052_143244.jpg,141,140,141.Artic_Tern,144,143,random_erasing,random_erasing,0,"{""area_fraction"":0.126353,""erased"":true,""height"":0.259809,""left"":0.21206,""top"":0.254798,""width"":0.486328}",2.4878516,2.0476522,-0.44019938,0.083088294,0.12903748,0.40875325,0.38665277,-0.32566495,-0.25761528,0.068049669,0.76217256,0.86817573,138.31008,120.07745,False,0.94183439,True,False,False,0.76217256,0.86817573,138.31008,120.07745,0.75363732,0.8649639,134.52978,116.36341,0.90406797,0.9227162,32.115654,29.633634,0.80380496,0.85681209,31.553446,27.035374,0.81074671,0.88947936,54.051259,48.077479,0.74621589,0.85493155,70.002633,59.84746,0.70999057,0.83651202,66.566108,55.683349,0.75486231,0.88701725,69.639706,61.771621
0b_baseline_best,file,13,baseline,7704,132.White_crowned_Sparrow/White_Crowned_Sparrow_0021_127092.jpg,132,131,132.White_crowned_Sparrow,119,118,identity,identity,0,{},3.6526992,3.6526992,0,0.025921067,0.025921067,0.56276077,0.56276077,-0.5368397,-0.5368397,0,1,1,174.75024,174.75024,False,1.0000001,True,False,False,1,1,174.75024,174.75024,1,1,172.77062,172.77062,1,1,26.228978,26.228978,1,1,28.634032,28.634032,1,1,77.487798,77.487798,1,1,98.4182,98.4182,1,1,88.046948,88.046948,1,1,74.746322,74.746322
0b_baseline_best,file,13,baseline,7704,132.White_crowned_Sparrow/White_Crowned_Sparrow_0021_127092.jpg,132,131,132.White_crowned_Sparrow,119,118,horizontal_flip,horizontal_flip,0,"{""flipped"":true}",3.6526992,6.901463,3.2487638,0.025921067,0.0010063122,0.56276077,0.90814,-0.5368397,-0.90713369,-0.37029399,0.53400227,1.0163719,174.75024,177.61122,False,0.92020553,True,False,False,0.53400227,1.0163719,174.75024,177.61122,0.52330276,1.006166,172.77062,173.83592,0.89743388,1.388751,26.228978,36.425519,0.15358394,0.99262935,28.634032,28.422981,0.51341965,0.98402861,77.487798,76.250211,0.47819393,0.93026266,98.4182,91.554776,0.53530066,0.98054229,88.046948,86.333756,0.63483005,1.1786202,74.746322,88.097522
0b_baseline_best,file,13,baseline,7704,132.White_crowned_Sparrow/White_Crowned_Sparrow_0021_127092.jpg,132,131,132.White_crowned_Sparrow,119,118,color_jitter,color_jitter,0,"{""brightness"":1.049829,""contrast"":1.097562,""hue"":0.039454,""saturation"":0.644303}",3.6526992,3.9486017,0.29590249,0.025921067,0.019281646,0.56276077,0.030552329,-0.5368397,-0.011270683,0.52556902,0.5990971,0.79520859,174.75024,138.96289,False,0.92479676,False,False,False,0.5990971,0.79520859,174.75024,138.96289,0.59408915,0.79409874,172.77062,137.19693,0.80503683,0.84195586,26.228978,22.083641,0.54223909,1.1179826,28.634032,32.012349,0.4204094,0.84881733,77.487798,65.772986,0.64439936,0.73169441,98.4182,72.012046,0.66196166,0.76947039,88.046948,67.74952,0.64400024,0.81339038,74.746322,60.79794
0b_baseline_best,file,13,baseline,7704,132.White_crowned_Sparrow/White_Crowned_Sparrow_0021_127092.jpg,132,131,132.White_crowned_Sparrow,119,118,rotation,rotation,0,"{""angle"":8.766807}",3.6526992,3.9472432,0.29454398,0.025921067,0.019307856,0.56276077,0.34968856,-0.5368397,-0.3303807,0.206459,0.76665277,1.0868899,174.75024,189.93427,False,0.93975365,True,False,False,0.76665277,1.0868899,174.75024,189.93427,0.7639457,1.0895119,172.77062,188.23564,0.90450254,0.96629997,26.228978,25.34506,0.72662398,1.2611394,28.634032,36.111505,0.79733579,1.235366,77.487798,95.725795,0.76873356,1.0386808,98.4182,102.22509,0.74688444,1.0512733,88.046948,92.561405,0.75602168,1.031766,74.746322,77.120711
0b_baseline_best,file,13,baseline,7704,132.White_crowned_Sparrow/White_Crowned_Sparrow_0021_127092.jpg,132,131,132.White_crowned_Sparrow,119,118,random_resized_crop,random_resized_crop,0,"{""area_fraction"":0.770652,""aspect"":1.017924,""fallback"":false,""height"":0.870105,""left"":0.010887,""top"":0.090291,""width"":0.8857}",3.6526992,2.9906354,-0.66206384,0.025921067,0.0502555,0.56276077,0.26358634,-0.5368397,-0.21333084,0.32350886,0.72642883,1.0397559,174.75024,181.6976,False,0.93327385,True,False,False,0.72642883,1.0397559,174.75024,181.6976,0.72350133,1.0436592,172.77062,180.31365,0.89626302,0.85337393,26.228978,22.383126,0.55668935,1.4339363,28.634032,41.059379,0.74397721,1.2272572,77.487798,95.097462,0.7737359,1.0244035,98.4182,100.81994,0.71676213,0.93128947,88.046948,81.997196,0.67884796,0.9360623,74.746322,69.967214
0b_baseline_best,file,13,baseline,7704,132.White_crowned_Sparrow/White_Crowned_Sparrow_0021_127092.jpg,132,131,132.White_crowned_Sparrow,119,118,gaussian_blur,gaussian_blur,0,"{""sigma"":1.883853}",3.6526992,4.8548369,1.2021377,0.025921067,0.0077906023,0.56276077,0.48193696,-0.5368397,-0.47414636,0.062693344,0.52661415,1.0332415,174.75024,180.55919,False,0.85896325,True,False,False,0.52661415,1.0332415,174.75024,180.55919,0.51910984,1.0312313,172.77062,178.16647,0.82886043,1.1169818,26.228978,29.29729,0.30077104,1.2505964,28.634032,35.809617,0.45800889,1.2107222,77.487798,93.816195,0.55545271,0.98960501,98.4182,97.395144,0.5439008,0.94974057,88.046948,83.621758,0.55991101,0.96298589,74.746322,71.979654
0b_baseline_best,file,13,baseline,7704,132.White_crowned_Sparrow/White_Crowned_Sparrow_0021_127092.jpg,132,131,132.White_crowned_Sparrow,119,118,random_erasing,random_erasing,0,"{""area_fraction"":0.181757,""erased"":true,""height"":0.354866,""left"":0.257979,""top"":0.546445,""width"":0.512184}",3.6526992,4.5891666,0.93646741,0.025921067,0.010161324,0.56276077,0.50636226,-0.5368397,-0.49620093,0.040638768,0.80961626,0.81025764,174.75024,141.59272,False,0.87038064,True,False,False,0.80961626,0.81025764,174.75024,141.59272,0.80852489,0.80572043,172.77062,139.20482,0.86456643,0.98724139,26.228978,25.894332,0.73262499,0.75933304,28.634032,21.742767,0.78866928,0.9374808,77.487798,72.643323,0.85134616,0.74501406,98.4182,73.322942,0.83660529,0.77735141,88.046948,68.443419,0.7536784,0.79907511,74.746322,59.727925
0b_baseline_best,file,13,baseline,2932,051.Horned_Grebe/Horned_Grebe_0066_34738.jpg,51,50,051.Horned_Grebe,50,49,identity,identity,0,{},0.068333954,0.068333954,0,0.93394852,0.93394852,0.056086712,0.056086712,0.87786181,0.87786181,0,1,1,14.322343,14.322343,False,1,True,True,True,1,1,14.322343,14.322343,1,1,14.123009,14.123009,1,1,2.3812063,2.3812063,1,1,2.1039393,2.1039393,1,1,5.4039845,5.4039845,1,1,8.2758702,8.2758702,1,1,7.5192052,7.5192052,1,1,6.3875887,6.3875887
0b_baseline_best,file,13,baseline,2932,051.Horned_Grebe/Horned_Grebe_0066_34738.jpg,51,50,051.Horned_Grebe,50,49,horizontal_flip,horizontal_flip,0,"{""flipped"":true}",0.068333954,0.17919144,0.11085749,0.93394852,0.83594584,0.056086712,0.1357235,0.87786181,0.70022234,-0.17763946,0.71056322,2.6004989,14.322343,37.245237,False,0.97146112,True,True,True,0.71056322,2.6004989,14.322343,37.245237,0.70334827,2.6021311,14.123009,36.74992,0.97051206,2.5424155,2.3812063,6.054016,0.63767036,3.0356772,2.1039393,6.3868806,0.55536657,2.7782406,5.4039845,15.013569,0.74323461,2.6079005,8.2758702,21.582646,0.70348031,2.5401205,7.5192052,19.099687,0.76305025,2.4938179,6.3875887,15.929483
0b_baseline_best,file,13,baseline,2932,051.Horned_Grebe/Horned_Grebe_0066_34738.jpg,51,50,051.Horned_Grebe,50,49,color_jitter,color_jitter,0,"{""brightness"":0.637344,""contrast"":0.871301,""hue"":0.017751,""saturation"":1.125079}",0.068333954,0.78478193,0.71644798,0.93394852,0.45621917,0.056086712,0.46407846,0.87786181,-0.0078592896,-0.88572109,0.85549853,8.5425754,14.322343,122.3497,False,0.96098399,False,True,False,0.85549853,8.5425754,14.322343,122.3497,0.85266346,8.5528553,14.123009,120.79205,0.96072756,8.1727341,2.3812063,19.460966,0.66741858,13.858744,2.1039393,29.157956,0.83444532,9.7161731,5.4039845,52.506049,0.89363335,8.6876009,8.2758702,71.897458,0.8602491,7.5711735,7.5192052,56.929207,0.85460019,7.9418648,6.3875887,50.729366
0b_baseline_best,file,13,baseline,2932,051.Horned_Grebe/Horned_Grebe_0066_34738.jpg,51,50,051.Horned_Grebe,50,49,rotation,rotation,0,"{""angle"":-14.790007}",0.068333954,0.068652876,0.0003189221,0.93394852,0.93365073,0.056086712,0.041724265,0.87786181,0.89192647,0.014064662,0.67690907,0.85609001,14.322343,12.261215,False,0.96168351,True,True,True,0.67690907,0.85609001,14.322343,12.261215,0.66906768,0.85557277,14.123009,12.083262,0.94705401,0.87409025,2.3812063,2.0813892,0.442702,0.93582741,2.1039393,1.9689241,0.50652501,0.84464093,5.4039845,4.5644265,0.65401023,0.80195362,8.2758702,6.6368641,0.70866568,0.86804319,7.5192052,6.5269949,0.77526939,0.92147363,6.3875887,5.8859946
0b_baseline_best,file,13,baseline,2932,051.Horned_Grebe/Horned_Grebe_0066_34738.jpg,51,50,051.Horned_Grebe,50,49,random_resized_crop,random_resized_crop,0,"{""area_fraction"":0.858537,""aspect"":1.120545,""fallback"":false,""height"":0.875316,""left"":0.012434,""top"":0.106847,""width"":0.980831}",0.068333954,0.02056771,-0.047766244,0.93394852,0.97964239,0.056086712,0.017580761,0.87786181,0.96206163,0.084199825,0.82051235,0.27949827,14.322343,4.0030701,False,0.98306662,True,True,True,0.82051235,0.27949827,14.322343,4.0030701,0.81544734,0.27732657,14.123009,3.9166855,0.98292328,0.34735779,2.3812063,0.82713059,0.74628477,0.2820733,2.1039393,0.59346512,0.73240305,0.26301567,5.4039845,1.4213326,0.84214009,0.26180544,8.2758702,2.1666678,0.83016266,0.28439825,7.5192052,2.1384488,0.82199041,0.30116231,6.3875887,1.923701
0b_baseline_best,file,13,baseline,2932,051.Horned_Grebe/Horned_Grebe_0066_34738.jpg,51,50,051.Horned_Grebe,50,49,gaussian_blur,gaussian_blur,0,"{""sigma"":1.199319}",0.068333954,1.8858539,1.8175199,0.93394852,0.15169945,0.056086712,0.83269173,0.87786181,-0.68099228,-1.5588541,0.75851268,16.141112,14.322343,231.17854,False,0.9237507,False,True,False,0.75851268,16.141112,14.322343,231.17854,0.75418574,16.164644,14.123009,228.2934,0.92056809,15.290295,2.3812063,36.409347,0.60450382,20.6557,2.1039393,43.458339,0.68140674,16.102752,5.4039845,87.019023,0.77419034,16.341027,8.2758702,135.23622,0.77506587,16.507507,7.5192052,124.12333,0.77079646,14.820182,6.3875887,94.665229
0b_baseline_best,file,13,baseline,2932,051.Horned_Grebe/Horned_Grebe_0066_34738.jpg,51,50,051.Horned_Grebe,50,49,random_erasing,random_erasing,0,"{""area_fraction"":0.156896,""erased"":true,""height"":0.33804,""left"":0.335304,""top"":0.048207,""width"":0.464135}",0.068333954,0.36011055,0.2917766,0.93394852,0.69759917,0.056086712,0.18756169,0.87786181,0.51003748,-0.36782432,0.85046065,3.6028401,14.322343,51.601112,False,0.9652822,True,True,True,0.85046065,3.6028401,14.322343,51.601112,0.84753666,3.5985843,14.123009,50.822838,0.94987558,3.749472,2.3812063,8.9282665,0.86229588,3.5290906,2.1039393,7.4249924,0.83545797,3.5726646,5.4039845,19.306624,0.84212405,3.4334404,8.2758702,28.414707,0.85688507,3.6137419,7.5192052,27.172467,0.85361577,3.8645154,6.3875887,24.684935
0b_baseline_best,file,13,baseline,9308,159.Black_and_white_Warbler/Black_And_White_Warbler_0080_160375.jpg,159,158,159.Black_and_white_Warbler,114,113,identity,identity,0,{},0.0057133231,0.0057133231,0,0.99430299,0.99430299,0.00085833162,0.00085833162,0.99344466,0.99344466,0,1,1,0.93933207,0.93933207,False,1,True,True,True,1,1,0.93933207,0.93933207,1,1,0.92322231,0.92322231,1,1,0.17322039,0.17322039,1,1,0.14445965,0.14445965,1,1,0.40921614,0.40921614,1,1,0.50087061,0.50087061,1,1,0.42525283,0.42525283,1,1,0.48197683,0.48197683
0b_baseline_best,file,13,baseline,9308,159.Black_and_white_Warbler/Black_And_White_Warbler_0080_160375.jpg,159,158,159.Black_and_white_Warbler,114,113,horizontal_flip,horizontal_flip,0,"{""flipped"":true}",0.0057133231,0.031389564,0.025676241,0.99430299,0.96909797,0.00085833162,0.0099135302,0.99344466,0.95918444,-0.034260215,0.68259094,4.9170973,0.93933207,4.6187872,False,0.96909302,True,True,True,0.68259094,4.9170973,0.93933207,4.6187872,0.67268557,4.9090071,0.92322231,4.5321048,0.95194275,5.1415974,0.17322039,0.89062952,0.43417102,5.9971405,0.14445965,0.86634483,0.67946513,4.4675365,0.40921614,1.828188,0.6368648,4.5288297,0.50087061,2.2683577,0.62355883,5.1916397,0.42525283,2.2077595,0.77168012,5.2601112,0.48197683,2.5352517
0b_baseline_best,file,13,baseline,9308,159.Black_and_white_Warbler/Black_And_White_Warbler_0080_160375.jpg,159,158,159.Black_and_white_Warbler,114,113,color_jitter,color_jitter,0,"{""brightness"":0.953528,""contrast"":1.124128,""hue"":-0.097532,""saturation"":1.333691}",0.0057133231,0.45608568,0.45037236,0.99430299,0.63375956,0.00085833162,0.0249954,0.99344466,0.60876416,-0.3846805,0.74778735,63.324672,0.93933207,59.482895,False,0.92020386,True,True,True,0.74778735,63.324672,0.93933207,59.482895,0.74405997,63.724412,0.92322231,58.831799,0.90014222,50.669066,0.17322039,8.7769156,0.58765346,70.896926,0.14445965,10.241745,0.77781173,76.718884,0.40921614,31.394606,0.76795005,62.226769,0.50087061,31.16756,0.67842881,60.200964,0.42525283,25.60063,0.77419837,56.587245,0.48197683,27.273741
0b_baseline_best,file,13,baseline,9308,159.Black_and_white_Warbler/Black_And_White_Warbler_0080_160375.jpg,159,158,159.Black_and_white_Warbler,114,113,rotation,rotation,0,"{""angle"":-0.698883}",0.0057133231,0.0053652581,-0.00034806505,0.99430299,0.99464911,0.00085833162,0.00044189594,0.99344466,0.99420722,0.00076255985,0.89479268,0.93732726,0.93933207,0.88046156,False,0.99387974,True,True,True,0.89479268,0.93732726,0.93933207,0.88046156,0.89143257,0.93749672,0.92322231,0.86551789,0.99076469,0.93250071,0.17322039,0.16152814,0.77831477,1.0316689,0.14445965,0.14903453,0.88591664,0.95099506,0.40921614,0.38916253,0.87840685,0.92086529,0.50087061,0.46123436,0.87446436,0.94294505,0.42525283,0.40099005,0.93463677,0.93234521,0.48197683,0.44936879
0b_baseline_best,file,13,baseline,9308,159.Black_and_white_Warbler/Black_And_White_Warbler_0080_160375.jpg,159,158,159.Black_and_white_Warbler,114,113,random_resized_crop,random_resized_crop,0,"{""area_fraction"":0.656495,""aspect"":0.901019,""fallback"":false,""height"":0.853589,""left"":0.12425,""top"":0.050497,""width"":0.7691}",0.0057133231,0.0026177445,-0.0030955786,0.99430299,0.99738568,0.00085833162,9.9791265e-05,0.99344466,0.99728589,0.003841233,0.71067021,0.43781381,0.93933207,0.41125255,False,0.96654028,True,True,True,0.71067021,0.43781381,0.93933207,0.41125255,0.7016949,0.43707888,0.92322231,0.40352097,0.95463729,0.45819845,0.17322039,0.079369316,0.52043745,0.47757864,0.14445965,0.068990844,0.71562146,0.35824026,0.40921614,0.1465977,0.67795635,0.42030636,0.50087061,0.2105191,0.62691146,0.44354451,0.42525283,0.18861855,0.79757046,0.49397095,0.48197683,0.23808255
0b_baseline_best,file,13,baseline,9308,159.Black_and_white_Warbler/Black_And_White_Warbler_0080_160375.jpg,159,158,159.Black_and_white_Warbler,114,113,gaussian_blur,gaussian_blur,0,"{""sigma"":1.426273}",0.0057133231,0.039557502,0.033844179,0.99430299,0.96121466,0.00085833162,0.0008439708,0.99344466,0.96037069,-0.033073966,0.61160298,7.5739482,0.93933207,7.1144525,False,0.92098022,True,True,True,0.61160298,7.5739482,0.93933207,7.1144525,0.60474048,7.630113,0.92322231,7.0442906,0.89397755,5.7539222,0.17322039,0.99669666,0.39725796,10.281862,0.14445965,1.4853142,0.53299246,6.7421278,0.40921614,2.7589875,0.5758335,8.0734085,0.50087061,4.0437331,0.60328651,8.3584509,0.42525283,3.5544549,0.73661441,6.8241094,0.48197683,3.2890626
0b_baseline_best,file,13,baseline,9308,159.Black_and_white_Warbler/Black_And_White_Warbler_0080_160375.jpg,159,158,159.Black_and_white_Warbler,114,113,random_erasing,random_erasing,0,"{""area_fraction"":0.171709,""erased"":true,""height"":0.335602,""left"":0.358709,""top"":0.421059,""width"":0.511644}",0.0057133231,0.069479495,0.063766172,0.99430299,0.93287927,0.00085833162,0.00040786574,0.99344466,0.9324714,-0.060973253,0.48167506,10.271179,0.93933207,9.6480482,False,0.88660336,True,True,True,0.48167506,10.271179,0.93933207,9.6480482,0.46707006,10.226138,0.92322231,9.4409989,0.85441948,11.477043,0.17322039,1.988058,0.37482588,11.408989,0.14445965,1.6481385,0.44864086,8.6864904,0.40921614,3.5546521,0.39476534,10.310396,0.50087061,5.1641742,0.37804482,10.810508,0.42525283,4.5971991,0.63871809,10.574832,0.48197683,5.0968239
0b_baseline_best,file,13,baseline,3289,057.Rose_breasted_Grosbeak/Rose_Breasted_Grosbeak_0062_39234.jpg,57,56,057.Rose_breasted_Grosbeak,6,5,identity,identity,0,{},0.34580275,0.34580275,0,0.70765203,0.70765203,0.027665965,0.027665965,0.67998607,0.67998607,0,1,1,48.465713,48.465713,False,1,True,True,True,1,1,48.465713,48.465713,1,1,47.880757,47.880757,1,1,7.5072233,7.5072233,1,1,9.7326088,9.7326088,1,1,21.242744,21.242744,1,1,25.786729,25.786729,1,1,23.134436,23.134436,1,1,23.375875,23.375875
0b_baseline_best,file,13,baseline,3289,057.Rose_breasted_Grosbeak/Rose_Breasted_Grosbeak_0062_39234.jpg,57,56,057.Rose_breasted_Grosbeak,6,5,horizontal_flip,horizontal_flip,0,"{""flipped"":true}",0.34580275,0.47619331,0.13039055,0.70765203,0.6211434,0.027665965,0.051821791,0.67998607,0.56932161,-0.11066446,0.74956256,1.2189371,48.465713,59.076654,False,0.97138309,True,True,True,0.74956256,1.2189371,48.465713,59.076654,0.74379316,1.2162155,47.880757,58.233318,0.96767379,1.3249165,7.5072233,9.9464439,0.75282946,1.1264867,9.7326088,10.963655,0.75673867,1.186655,21.242744,25.207808,0.7159494,1.1803453,25.786729,30.437245,0.7037265,1.2326703,23.134436,28.517133,0.80344974,1.2803987,23.375875,29.930441
0b_baseline_best,file,13,baseline,3289,057.Rose_breasted_Grosbeak/Rose_Breasted_Grosbeak_0062_39234.jpg,57,56,057.Rose_breasted_Grosbeak,6,5,color_jitter,color_jitter,0,"{""brightness"":1.088985,""contrast"":0.877263,""hue"":-0.094176,""saturation"":1.258627}",0.34580275,4.3089609,3.9631582,0.70765203,0.013447517,0.027665965,0.080004886,0.67998607,-0.066557369,-0.74654344,0.5501851,3.1706181,48.465713,153.66627,False,0.82016665,False,True,False,0.5501851,3.1706181,48.465713,153.66627,0.54316762,3.1545611,47.880757,151.04277,0.7976989,3.766198,7.5072233,28.273689,0.47851844,2.7678859,9.7326088,26.938751,0.49781499,3.0288073,21.242744,64.340177,0.51373525,3.4757561,25.786729,89.628381,0.55218996,3.2616123,23.134436,75.455562,0.63935463,2.7795836,23.375875,64.975199
0b_baseline_best,file,13,baseline,3289,057.Rose_breasted_Grosbeak/Rose_Breasted_Grosbeak_0062_39234.jpg,57,56,057.Rose_breasted_Grosbeak,6,5,rotation,rotation,0,"{""angle"":6.839368}",0.34580275,0.13572899,-0.21007377,0.70765203,0.87307924,0.027665965,0.012080478,0.67998607,0.86099876,0.1810127,0.8129993,0.40841323,48.465713,19.794038,False,0.96257985,True,True,True,0.8129993,0.40841323,48.465713,19.794038,0.80942263,0.40674498,47.880757,19.475257,0.94715476,0.47129551,7.5072233,3.5381206,0.74595784,0.36086379,9.7326088,3.5121461,0.76633105,0.37665961,21.242744,8.0012835,0.79367266,0.43096766,25.786729,11.113246,0.81693615,0.4050917,23.134436,9.3715681,0.86921284,0.40942887,23.375875,9.570758
0b_baseline_best,file,13,baseline,3289,057.Rose_breasted_Grosbeak/Rose_Breasted_Grosbeak_0062_39234.jpg,57,56,057.Rose_breasted_Grosbeak,6,5,random_resized_crop,random_resized_crop,0,"{""area_fraction"":0.743678,""aspect"":1.01242,""fallback"":false,""height"":0.857062,""left"":0.043628,""top"":0.086418,""width"":0.867707}",0.34580275,0.98642415,0.64062139,0.70765203,0.37290776,0.027665965,0.16018362,0.67998607,0.21272413,-0.46726193,0.7174281,2.448496,48.465713,118.6681,False,0.9522593,True,True,True,0.7174281,2.448496,48.465713,118.6681,0.71266075,2.4543428,47.880757,117.51579,0.93831437,2.1975075,7.5072233,16.497179,0.63211785,2.9239416,9.7326088,28.45758,0.74818324,2.4038738,21.242744,51.064876,0.66629704,2.4798687,25.786729,63.947703,0.69012436,2.6060317,23.134436,60.289075,0.79667919,2.2098338,23.375875,51.6568
0b_baseline_best,file,13,baseline,3289,057.Rose_breasted_Grosbeak/Rose_Breasted_Grosbeak_0062_39234.jpg,57,56,057.Rose_breasted_Grosbeak,6,5,gaussian_blur,gaussian_blur,0,"{""sigma"":1.041032}",0.34580275,1.0249244,0.67912164,0.70765203,0.3588236,0.027665965,0.19573443,0.67998607,0.16308917,-0.5168969,0.57563408,2.7498237,48.465713,133.27217,False,0.87430447,True,True,True,0.57563408,2.7498237,48.465713,133.27217,0.56951631,2.7557665,47.880757,131.94819,0.85314153,2.496113,7.5072233,18.738877,0.27912407,3.1988218,9.7326088,31.132881,0.59462771,2.7413263,21.242744,58.233292,0.50685901,2.8789484,25.786729,74.238663,0.5796043,2.9362407,23.134436,67.928273,0.70941735,2.3133682,23.375875,54.077007
0b_baseline_best,file,13,baseline,3289,057.Rose_breasted_Grosbeak/Rose_Breasted_Grosbeak_0062_39234.jpg,57,56,057.Rose_breasted_Grosbeak,6,5,random_erasing,random_erasing,0,"{""area_fraction"":0.120144,""erased"":true,""height"":0.335129,""left"":0.546466,""top"":0.117644,""width"":0.358501}",0.34580275,0.19549763,-0.15030512,0.70765203,0.82242531,0.027665965,0.010853565,0.67998607,0.81157174,0.13158567,0.86835587,0.58301354,48.465713,28.256167,False,0.97200757,True,True,True,0.86835587,0.58301354,48.465713,28.256167,0.86589002,0.58137897,47.880757,27.836865,0.96332727,0.64600849,7.5072233,4.84973,0.91549987,0.5953679,9.7326088,5.7944829,0.81014387,0.54931126,21.242744,11.668878,0.87312268,0.58934694,25.786729,15.19733,0.86476765,0.59326215,23.134436,13.724785,0.89410524,0.58315329,23.375875,13.631718
0b_baseline_best,file,13,baseline,3205,056.Pine_Grosbeak/Pine_Grosbeak_0036_38968.jpg,56,55,056.Pine_Grosbeak,34,33,identity,identity,0,{},0.24157323,0.24157323,0,0.78539127,0.78539127,0.062990405,0.062990405,0.72240087,0.72240087,0,1,1,30.049097,30.049097,False,0.99999988,True,True,True,1,1,30.049097,30.049097,1,1,29.476416,29.476416,1,1,5.8385918,5.8385918,1,1,3.9038926,3.9038926,1,1,14.392645,14.392645,1,1,14.070101,14.070101,1,1,14.363676,14.363676,1,1,15.562377,15.562377
0b_baseline_best,file,13,baseline,3205,056.Pine_Grosbeak/Pine_Grosbeak_0036_38968.jpg,56,55,056.Pine_Grosbeak,34,33,horizontal_flip,horizontal_flip,0,"{""flipped"":true}",0.24157323,0.37441546,0.13284223,0.78539127,0.68769115,0.062990405,0.1744772,0.72240087,0.51321395,-0.20918692,0.66181538,1.8299451,30.049097,54.988197,False,0.95304024,True,True,True,0.66181538,1.8299451,30.049097,54.988197,0.65229369,1.8351177,29.476416,54.092691,0.92699208,1.6927796,5.8385918,9.883449,0.55453539,2.1684533,3.9038926,8.4654089,0.71751617,1.6751512,14.392645,24.109856,0.61992929,2.0636721,14.070101,29.036075,0.59140274,1.8605178,14.363676,26.723875,0.7024338,1.7191885,15.562377,26.754659
0b_baseline_best,file,13,baseline,3205,056.Pine_Grosbeak/Pine_Grosbeak_0036_38968.jpg,56,55,056.Pine_Grosbeak,34,33,color_jitter,color_jitter,0,"{""brightness"":0.866551,""contrast"":1.162596,""hue"":-0.013922,""saturation"":1.256149}",0.24157323,0.15744571,-0.084127516,0.78539127,0.85432321,0.062990405,0.011358725,0.72240087,0.84296448,0.12056362,0.83907208,0.59848465,30.049097,17.983924,False,0.98234165,True,True,True,0.83907208,0.59848465,30.049097,17.983924,0.83411086,0.59701928,29.476416,17.597988,0.95952542,0.63469295,5.8385918,3.7057131,0.56757086,0.68588501,3.9038926,2.6776214,0.81493106,0.52216304,14.392645,7.5153071,0.78521086,0.56505339,14.070101,7.950358,0.85071021,0.61511501,14.363676,8.8353126,0.89645593,0.65771836,15.562377,10.235661
0b_baseline_best,file,13,baseline,3205,056.Pine_Grosbeak/Pine_Grosbeak_0036_38968.jpg,56,55,056.Pine_Grosbeak,34,33,rotation,rotation,0,"{""angle"":7.808209}",0.24157323,0.24970223,0.0081290007,0.78539127,0.77903271,0.062990405,0.047314819,0.72240087,0.73171789,0.0093170218,0.81543637,1.051805,30.049097,31.60579,False,0.96525085,True,True,True,0.81543637,1.051805,30.049097,31.60579,0.81000804,1.0517384,29.476416,31.001477,0.95356234,1.0535011,5.8385918,6.1509629,0.76485124,1.2130347,3.9038926,4.7355571,0.85770256,1.0652366,14.392645,15.331572,0.7981024,1.0163123,14.070101,14.299616,0.77837443,1.0339406,14.363676,14.851187,0.80916899,1.0724893,15.562377,16.690483
0b_baseline_best,file,13,baseline,3205,056.Pine_Grosbeak/Pine_Grosbeak_0036_38968.jpg,56,55,056.Pine_Grosbeak,34,33,random_resized_crop,random_resized_crop,0,"{""area_fraction"":0.777664,""aspect"":1.040975,""fallback"":false,""height"":0.864323,""left"":0.080467,""top"":0.051963,""width"":0.899739}",0.24157323,0.3074556,0.06588237,0.78539127,0.7353155,0.062990405,0.038695902,0.72240087,0.6966196,-0.025781266,0.75679689,1.3405062,30.049097,40.281,False,0.96461427,True,True,True,0.75679689,1.3405062,30.049097,40.281,0.75036888,1.3468328,29.476416,39.699804,0.95322204,1.1677399,5.8385918,6.8179566,0.43816127,1.7229839,3.9038926,6.7263442,0.79758201,1.3192291,14.392645,18.987196,0.71604689,1.3801503,14.070101,19.418853,0.72162097,1.3683128,14.363676,19.654001,0.79398972,1.2962603,15.562377,20.172891
0b_baseline_best,file,13,baseline,3205,056.Pine_Grosbeak/Pine_Grosbeak_0036_38968.jpg,56,55,056.Pine_Grosbeak,34,33,gaussian_blur,gaussian_blur,0,"{""sigma"":1.615378}",0.24157323,1.4704785,1.2289053,0.78539127,0.22981548,0.062990405,0.0031242403,0.72240087,0.22669124,-0.49570962,0.54536263,4.390082,30.049097,131.918,False,0.78432173,True,True,True,0.54536263,4.390082,30.049097,131.918,0.54010648,4.4266209,29.476416,130.48092,0.74544987,3.3259326,5.8385918,19.418763,0.30700605,5.8353704,3.9038926,22.780659,0.53261042,4.8995736,14.392645,70.517822,0.51999678,4.5946697,14.070101,64.647465,0.54176059,4.4524229,14.363676,63.95316,0.60597075,3.6712638,15.562377,57.133592
0b_baseline_best,file,13,baseline,3205,056.Pine_Grosbeak/Pine_Grosbeak_0036_38968.jpg,56,55,056.Pine_Grosbeak,34,33,random_erasing,random_erasing,0,"{""area_fraction"":0.148754,""erased"":true,""height"":0.21586,""left"":0.179713,""top"":0.339496,""width"":0.689121}",0.24157323,0.65391487,0.41234164,0.78539127,0.52000606,0.062990405,0.0089952508,0.72240087,0.51101081,-0.21139006,0.52101441,2.329536,30.049097,70.000454,False,0.87353218,True,True,True,0.52101441,2.329536,30.049097,70.000454,0.5100668,2.3378783,29.476416,68.912272,0.8335524,2.1057834,5.8385918,12.29481,0.25216408,2.6913352,3.9038926,10.506684,0.48424239,2.2814557,14.392645,32.836181,0.36910538,2.4929704,14.070101,35.076344,0.54456555,2.3568495,14.363676,33.853022,0.65350812,2.2109814,15.562377,34.408125
0b_baseline_best,file,13,baseline,9290,158.Bay_breasted_Warbler/Bay_Breasted_Warbler_0079_159998.jpg,158,157,158.Bay_breasted_Warbler,21,20,identity,identity,0,{},0.0081240442,0.0081240442,0,0.99190885,0.99190885,0.0026913949,0.0026913949,0.98921745,0.98921745,0,1,1,1.2190071,1.2190071,False,1,True,True,True,1,1,1.2190071,1.2190071,1,1,1.1892707,1.1892707,1,1,0.2676068,0.2676068,1,1,0.24440564,0.24440564,1,1,0.50861607,0.50861607,1,1,0.61118366,0.61118366,1,1,0.56634413,0.56634413,1,1,0.63375811,0.63375811
0b_baseline_best,file,13,baseline,9290,158.Bay_breasted_Warbler/Bay_Breasted_Warbler_0079_159998.jpg,158,157,158.Bay_breasted_Warbler,21,20,horizontal_flip,horizontal_flip,0,"{""flipped"":true}",0.0081240442,0.012683204,0.0045591602,0.99190885,0.9873969,0.0026913949,0.0028733171,0.98921745,0.98452358,-0.0046938746,0.7359813,1.3971618,1.2190071,1.7031501,False,0.97980654,True,True,True,0.7359813,1.3971618,1.2190071,1.7031501,0.72439866,1.3987604,1.1892707,1.6635048,0.97056784,1.3652052,0.2676068,0.36533819,0.63263512,1.1010592,0.24440564,0.26910507,0.76271917,1.430383,0.50861607,0.72751577,0.72671534,1.4285086,0.61118366,0.87308114,0.6784995,1.3508291,0.56634413,0.76503413,0.74586468,1.427099,0.63375811,0.90443558
0b_baseline_best,file,13,baseline,9290,158.Bay_breasted_Warbler/Bay_Breasted_Warbler_0079_159998.jpg,158,157,158.Bay_breasted_Warbler,21,20,color_jitter,color_jitter,0,"{""brightness"":1.153359,""contrast"":0.893274,""hue"":-0.070227,""saturation"":0.657351}",0.0081240442,1.0746105,1.0664864,0.99190885,0.34143075,0.0026913949,0.0088811144,0.98921745,0.33254964,-0.65666781,0.37682009,90.383037,1.2190071,110.17756,False,0.87226105,False,True,False,0.37682009,90.383037,1.2190071,110.17756,0.36273017,91.213022,1.1892707,108.47698,0.73917875,72.057852,0.2676068,19.283171,0.25165401,81.84258,0.24440564,20.002788,0.20278755,97.855425,0.50861607,49.770842,0.34875265,103.3944,0.61118366,63.192971,0.3685958,96.162758,0.56634413,54.461214,0.55995861,69.33079,0.63375811,43.938951
0b_baseline_best,file,13,baseline,9290,158.Bay_breasted_Warbler/Bay_Breasted_Warbler_0079_159998.jpg,158,157,158.Bay_breasted_Warbler,21,20,rotation,rotation,0,"{""angle"":-8.983297}",0.0081240442,0.049111478,0.040987434,0.99190885,0.952075,0.0026913949,0.0092259711,0.98921745,0.94284903,-0.04636842,0.77064001,5.5567642,1.2190071,6.773735,False,0.96798074,True,True,True,0.77064001,5.5567642,1.2190071,6.773735,0.76202066,5.5762585,1.1892707,6.6316811,0.95697706,5.156674,0.2676068,1.379961,0.65230064,5.6039512,0.24440564,1.3696373,0.74420987,5.4066669,0.50861607,2.7499177,0.78934775,5.8473562,0.61118366,3.5738086,0.73052498,5.6017151,0.56634413,3.1724985,0.7905286,5.3982226,0.63375811,3.4211674
0b_baseline_best,file,13,baseline,9290,158.Bay_breasted_Warbler/Bay_Breasted_Warbler_0079_159998.jpg,158,157,158.Bay_breasted_Warbler,21,20,random_resized_crop,random_resized_crop,0,"{""area_fraction"":0.552064,""aspect"":1.093265,""fallback"":false,""height"":0.710611,""left"":0.084173,""top"":0.160993,""width"":0.776886}",0.0081240442,0.013353791,0.0052297469,0.99190885,0.98673499,0.0026913949,0.002781868,0.98921745,0.98395312,-0.0052643351,0.64010027,1.2613303,1.2190071,1.5375705,False,0.96855265,True,True,True,0.64010027,1.2613303,1.2190071,1.5375705,0.62363662,1.2583641,1.1892707,1.4965357,0.95108004,1.3185446,0.2676068,0.3528515,0.35258736,0.97022316,0.24440564,0.23712801,0.58249762,1.1677094,0.50861607,0.59391577,0.60103517,1.1882926,0.61118366,0.72626501,0.59127587,1.2448727,0.56634413,0.70502636,0.72171686,1.4167039,0.63375811,0.89784761
0b_baseline_best,file,13,baseline,9290,158.Bay_breasted_Warbler/Bay_Breasted_Warbler_0079_159998.jpg,158,157,158.Bay_breasted_Warbler,21,20,gaussian_blur,gaussian_blur,0,"{""sigma"":1.200911}",0.0081240442,0.14191698,0.13379293,0.99190885,0.86769331,0.0026913949,0.008507438,0.98921745,0.85918587,-0.13003159,0.43372736,23.840183,1.2190071,29.061352,False,0.94340181,True,True,True,0.43372736,23.840183,1.2190071,29.061352,0.42249237,24.160236,1.1892707,28.733062,0.79618228,16.277009,0.2676068,4.3558382,0.28425621,35.884354,0.24440564,8.7703384,0.32424334,25.895823,0.50861607,13.171032,0.41443082,25.728549,0.61118366,15.724869,0.41553453,24.215176,0.56634413,13.714123,0.59313669,18.659517,0.63375811,11.82562
0b_baseline_best,file,13,baseline,9290,158.Bay_breasted_Warbler/Bay_Breasted_Warbler_0079_159998.jpg,158,157,158.Bay_breasted_Warbler,21,20,random_erasing,random_erasing,0,"{""area_fraction"":0.05637,""erased"":true,""height"":0.204192,""left"":0.668221,""top"":0.422896,""width"":0.276064}",0.0081240442,0.0091795307,0.0010554865,0.99190885,0.99086249,0.0026913949,0.0026694832,0.98921745,0.98819301,-0.0010244478,0.96843365,1.0693561,1.2190071,1.3035527,False,0.99048722,True,True,True,0.96843365,1.0693561,1.2190071,1.3035527,0.96738598,1.0688461,1.1892707,1.2711474,0.98896744,1.0793801,0.2676068,0.28884946,0.95986233,0.93456889,0.24440564,0.2284139,0.96685446,1.0005355,0.50861607,0.50888843,0.97281382,1.0646014,0.61118366,0.65066698,0.96924474,1.1006482,0.56634413,0.62334562,0.96558677,1.1076153,0.63375811,0.70196015
0b_baseline_best,file,13,baseline,9869,168.Kentucky_Warbler/Kentucky_Warbler_0071_165342.jpg,168,167,168.Kentucky_Warbler,200,199,identity,identity,0,{},0.17734566,0.17734566,0,0.83749026,0.83749026,0.045595065,0.045595065,0.7918952,0.7918952,0,1,1,26.650363,26.650363,False,1,True,True,True,1,1,26.650363,26.650363,1,1,26.321299,26.321299,1,1,4.1750534,4.1750534,1,1,6.990888,6.990888,1,1,11.453677,11.453677,1,1,14.102456,14.102456,1,1,12.668487,12.668487,1,1,12.384737,12.384737
0b_baseline_best,file,13,baseline,9869,168.Kentucky_Warbler/Kentucky_Warbler_0071_165342.jpg,168,167,168.Kentucky_Warbler,200,199,horizontal_flip,horizontal_flip,0,"{""flipped"":true}",0.17734566,0.65315223,0.47580656,0.83749026,0.52040279,0.045595065,0.16848455,0.7918952,0.35191824,-0.43997696,0.55877054,2.8363989,26.650363,75.591061,False,0.9409489,True,True,True,0.55877054,2.8363989,26.650363,75.591061,0.54870308,2.8311505,26.321299,74.519559,0.93305471,3.0376673,4.1750534,12.682423,0.34741888,2.1539266,6.990888,15.05786,0.49381648,3.0261726,11.453677,34.660803,0.51614362,2.8776592,14.102456,40.582062,0.53713594,2.8946077,12.668487,36.670301,0.71643189,2.7183939,12.384737,33.666594
0b_baseline_best,file,13,baseline,9869,168.Kentucky_Warbler/Kentucky_Warbler_0071_165342.jpg,168,167,168.Kentucky_Warbler,200,199,color_jitter,color_jitter,0,"{""brightness"":0.966313,""contrast"":0.705359,""hue"":-0.089358,""saturation"":0.63546}",0.17734566,3.762784,3.5854383,0.83749026,0.02321901,0.045595065,0.0035605752,0.7918952,0.019658435,-0.77223676,0.59179189,5.3594171,26.650363,142.83041,False,0.79102075,False,True,False,0.59179189,5.3594171,26.650363,142.83041,0.58784154,5.3597154,26.321299,141.07467,0.74916022,5.3475454,4.1750534,22.326287,0.71542775,3.9165997,6.990888,27.380509,0.58978515,6.0301601,11.453677,69.067506,0.59824097,5.3464047,14.102456,75.397437,0.59040635,5.3311817,12.668487,67.538009,0.54998398,5.192756,12.384737,64.310918
0b_baseline_best,file,13,baseline,9869,168.Kentucky_Warbler/Kentucky_Warbler_0071_165342.jpg,168,167,168.Kentucky_Warbler,200,199,rotation,rotation,0,"{""angle"":1.85594}",0.17734566,0.15537483,-0.021970838,0.83749026,0.85609424,0.045595065,0.085179098,0.7918952,0.77091514,-0.020980053,0.79777705,0.8886386,26.650363,23.682541,False,0.98087311,True,True,True,0.79777705,0.8886386,26.650363,23.682541,0.79378346,0.88373306,26.321299,23.261002,0.94300784,1.0654789,4.1750534,4.4484311,0.80503115,0.78633787,6.990888,5.4972,0.73974691,0.81327943,11.453677,9.3150398,0.79197545,0.91554685,14.102456,12.911459,0.79437147,0.9047584,12.668487,11.46192,0.83863315,0.90636843,12.384737,11.225135
0b_baseline_best,file,13,baseline,9869,168.Kentucky_Warbler/Kentucky_Warbler_0071_165342.jpg,168,167,168.Kentucky_Warbler,200,199,random_resized_crop,random_resized_crop,0,"{""area_fraction"":0.57704,""aspect"":0.879121,""fallback"":false,""height"":0.810175,""left"":0.207731,""top"":0.133498,""width"":0.712242}",0.17734566,0.22759189,0.050246224,0.83749026,0.79644924,0.045595065,0.089604594,0.7918952,0.70684465,-0.085050546,0.73398334,1.1378736,26.650363,30.324746,False,0.95717674,True,True,True,0.73398334,1.1378736,26.650363,30.324746,0.72788804,1.131173,26.321299,29.773943,0.9467621,1.3780615,4.1750534,5.7534801,0.7901647,1.2188533,6.990888,8.5208667,0.74291757,1.1915407,11.453677,13.647522,0.72329297,1.0634897,14.102456,14.997816,0.69921776,1.138453,12.668487,14.422478,0.7320708,1.126626,12.384737,13.952966
0b_baseline_best,file,13,baseline,9869,168.Kentucky_Warbler/Kentucky_Warbler_0071_165342.jpg,168,167,168.Kentucky_Warbler,200,199,gaussian_blur,gaussian_blur,0,"{""sigma"":1.68089}",0.17734566,1.2705039,1.0931582,0.83749026,0.28069016,0.045595065,0.20487839,0.7918952,0.075811774,-0.71608342,0.66582697,4.4560027,26.650363,118.75409,False,0.86850488,True,True,True,0.66582697,4.4560027,26.650363,118.75409,0.6605975,4.4408626,26.321299,116.88927,0.85454769,5.0209263,4.1750534,20.962635,0.72488064,4.9352769,6.990888,34.501968,0.61310861,4.5542541,11.453677,52.162955,0.67343464,4.4720248,14.102456,63.066532,0.63374105,4.5224657,12.668487,57.2928,0.69937,4.0306737,12.384737,49.918834
0b_baseline_best,file,13,baseline,9869,168.Kentucky_Warbler/Kentucky_Warbler_0071_165342.jpg,168,167,168.Kentucky_Warbler,200,199,random_erasing,random_erasing,0,"{""area_fraction"":0.056008,""erased"":true,""height"":0.429159,""left"":0.335766,""top"":0.415342,""width"":0.130506}",0.17734566,0.63448322,0.45713755,0.83749026,0.53020942,0.045595065,0.17026621,0.7918952,0.35994321,-0.43195198,0.88266251,2.9506786,26.650363,78.636656,False,0.96783417,True,True,True,0.88266251,2.9506786,26.650363,78.636656,0.88102944,2.9581745,26.321299,77.862997,0.96127837,2.6355395,4.1750534,11.003518,0.88343656,2.7223924,6.990888,19.03194,0.88014827,2.8455745,11.453677,32.592292,0.90707954,3.0763621,14.102456,43.384261,0.86547134,3.1195814,12.668487,39.520378,0.86746049,2.7902116,12.384737,34.556036
0b_baseline_best,file,13,baseline,4485,077.Tropical_Kingbird/Tropical_Kingbird_0003_69852.jpg,77,76,077.Tropical_Kingbird,38,37,identity,identity,0,{},0.0036700293,0.0036700293,0,0.9963367,0.9963367,0.0013693125,0.0013693125,0.99496739,0.99496739,0,1,1,0.58155133,0.58155133,False,1,True,True,True,1,1,0.58155133,0.58155133,1,1,0.5621257,0.5621257,1,1,0.14905247,0.14905247,1,1,0.15838576,0.15838576,1,1,0.27738301,0.27738301,1,1,0.27750865,0.27750865,1,1,0.2592887,0.2592887,1,1,0.26403833,0.26403833
0b_baseline_best,file,13,baseline,4485,077.Tropical_Kingbird/Tropical_Kingbird_0003_69852.jpg,77,76,077.Tropical_Kingbird,38,37,horizontal_flip,horizontal_flip,0,"{""flipped"":true}",0.0036700293,0.0057767346,0.0021067052,0.9963367,0.99423993,0.0013693125,0.0013340971,0.99496739,0.99290583,-0.0020615568,0.60218286,1.475381,0.58155133,0.85800975,False,0.97583151,True,True,True,0.60218286,1.475381,0.58155133,0.85800975,0.57872212,1.4817639,0.5621257,0.83293757,0.96149417,1.381408,0.14905247,0.20590227,0.3671395,1.288139,0.15838576,0.20402288,0.52565101,1.4322719,0.27738301,0.39728789,0.57863043,1.5466625,0.27750865,0.42921222,0.5478089,1.5045377,0.2592887,0.39010964,0.7323703,1.5050205,0.26403833,0.3973831
0b_baseline_best,file,13,baseline,4485,077.Tropical_Kingbird/Tropical_Kingbird_0003_69852.jpg,77,76,077.Tropical_Kingbird,38,37,color_jitter,color_jitter,0,"{""brightness"":0.838966,""contrast"":0.779843,""hue"":0.012559,""saturation"":0.602918}",0.0036700293,1.3040268,1.3003568,0.9963367,0.27143654,0.0013693125,0.0087123672,0.99496739,0.26272418,-0.73224321,0.61965159,317.03089,0.58155133,184.36973,False,0.92914784,False,True,False,0.61965159,317.03089,0.58155133,184.36973,0.61682882,323.08103,0.5621257,181.61215,0.73239172,213.13516,0.14905247,31.768322,0.72080332,309.62225,0.15838576,49.039757,0.64350766,353.78592,0.27738301,98.134204,0.60505929,364.72707,0.27750865,101.21492,0.60926356,308.6639,0.2592887,80.033063,0.5902791,248.29408,0.26403833,65.559154
0b_baseline_best,file,13,baseline,4485,077.Tropical_Kingbird/Tropical_Kingbird_0003_69852.jpg,77,76,077.Tropical_Kingbird,38,37,rotation,rotation,0,"{""angle"":-9.298587}",0.0036700293,0.0026321311,-0.0010378982,0.9963367,0.99737132,0.0013693125,0.00099807722,0.99496739,0.99637324,0.0014058527,0.78975183,0.70560102,0.58155133,0.41034321,False,0.9800868,True,True,True,0.78975183,0.70560102,0.58155133,0.41034321,0.77801767,0.70295749,0.5621257,0.39515048,0.94890951,0.74218099,0.14905247,0.11062391,0.88250731,0.81278372,0.15838576,0.12873337,0.8116015,0.68430247,0.27738301,0.18981388,0.70814227,0.70830734,0.27750865,0.19656141,0.73851218,0.6833705,0.2592887,0.17719025,0.81793141,0.69329366,0.26403833,0.1830561
0b_baseline_best,file,13,baseline,4485,077.Tropical_Kingbird/Tropical_Kingbird_0003_69852.jpg,77,76,077.Tropical_Kingbird,38,37,random_resized_crop,random_resized_crop,0,"{""area_fraction"":0.787453,""aspect"":1.255661,""fallback"":false,""height"":0.791911,""left"":0.00279,""top"":0.107863,""width"":0.994371}",0.0036700293,0.020026626,0.016356597,0.9963367,0.98017257,0.0013693125,0.010069727,0.99496739,0.97010285,-0.024864538,0.77842079,5.773491,0.58155133,3.3575814,False,0.98140895,True,True,True,0.77842079,5.773491,0.58155133,3.3575814,0.76837598,5.8334554,0.5621257,3.2791352,0.96340596,4.8408673,0.14905247,0.7215432,0.87109875,6.0473883,0.15838576,0.95782022,0.80101415,6.791641,0.27738301,1.8838858,0.72828932,5.7851358,0.27750865,1.6054252,0.73033648,5.2829484,0.2592887,1.3698088,0.78825377,5.1269246,0.26403833,1.3537046
0b_baseline_best,file,13,baseline,4485,077.Tropical_Kingbird/Tropical_Kingbird_0003_69852.jpg,77,76,077.Tropical_Kingbird,38,37,gaussian_blur,gaussian_blur,0,"{""sigma"":1.473537}",0.0036700293,0.0012276978,-0.0024423315,0.9963367,0.99877304,0.0013693125,0.0001539712,0.99496739,0.99861907,0.0036516812,0.55799036,0.37101802,0.58155133,0.21576602,False,0.92701304,True,True,True,0.55799036,0.37101802,0.58155133,0.21576602,0.54127292,0.375792,0.5621257,0.21124235,0.87663295,0.29486599,0.14905247,0.043950502,0.62696516,0.45377302,0.15838576,0.071871187,0.47663717,0.37653142,0.27738301,0.10444342,0.48366975,0.40378251,0.27750865,0.11205314,0.53756222,0.34843782,0.2592887,0.09034599,0.67170798,0.33515463,0.26403833,0.08849367
0b_baseline_best,file,13,baseline,4485,077.Tropical_Kingbird/Tropical_Kingbird_0003_69852.jpg,77,76,077.Tropical_Kingbird,38,37,random_erasing,random_erasing,0,"{""area_fraction"":0.12504,""erased"":true,""height"":0.234598,""left"":0.456656,""top"":0.589446,""width"":0.532998}",0.0036700293,0.0097835325,0.0061135031,0.9963367,0.99026418,0.0013693125,0.0014655651,0.99496739,0.98879861,-0.0061687737,0.86271697,2.8118732,0.58155133,1.6352486,False,0.97378063,True,True,True,0.86271697,2.8118732,0.58155133,1.6352486,0.85836901,2.8368584,0.5621257,1.5946711,0.94477325,2.4288433,0.14905247,0.36202508,0.91493595,2.7630311,0.15838576,0.43762479,0.90080833,3.0301356,0.27738301,0.84050812,0.8512821,2.8246142,0.27750865,0.78385487,0.81729404,2.8385171,0.2592887,0.73599543,0.8388577,2.6481221,0.26403833,0.69920574
0b_baseline_best,file,13,baseline,8564,146.Forsters_Tern/Forsters_Tern_0045_151227.jpg,146,145,146.Forsters_Tern,147,146,identity,identity,0,{},0.59798908,0.59798908,0,0.54991639,0.54991639,0.34048754,0.34048754,0.20942885,0.20942885,0,1,1,67.526926,67.526926,False,1.0000001,True,True,True,1,1,67.526926,67.526926,1,1,65.602941,65.602941,1,1,16.004369,16.004369,1,1,10.338596,10.338596,1,1,26.346459,26.346459,1,1,33.026028,33.026028,1,1,34.136741,34.136741,1,1,35.308466,35.308466
0b_baseline_best,file,13,baseline,8564,146.Forsters_Tern/Forsters_Tern_0045_151227.jpg,146,145,146.Forsters_Tern,147,146,horizontal_flip,horizontal_flip,0,"{""flipped"":true}",0.59798908,0.55338734,-0.044601738,0.54991639,0.5749988,0.34048754,0.33564717,0.20942885,0.23935163,0.029922783,0.70773667,0.97320874,67.526926,65.717795,False,0.97261405,True,True,True,0.70773667,0.97320874,67.526926,65.717795,0.69215522,0.97375464,65.602941,63.881168,0.97222716,0.96399025,16.004369,15.428056,0.4384532,1.1152713,10.338596,11.530339,0.67371476,0.93626582,26.346459,24.667289,0.67285022,0.93164814,33.026028,30.768638,0.67405769,1.0107997,34.136741,34.505406,0.76204336,0.98193329,35.308466,34.670559
0b_baseline_best,file,13,baseline,8564,146.Forsters_Tern/Forsters_Tern_0045_151227.jpg,146,145,146.Forsters_Tern,147,146,color_jitter,color_jitter,0,"{""brightness"":1.003183,""contrast"":1.36076,""hue"":-0.095743,""saturation"":0.851851}",0.59798908,4.153254,3.5552649,0.54991639,0.015713202,0.34048754,0.00048514389,0.20942885,0.015228058,-0.19420079,0.22269667,1.7290614,67.526926,116.7582,False,0.75257474,False,True,False,0.22269667,1.7290614,67.526926,116.7582,0.20182907,1.7160625,65.602941,112.57875,0.53523597,1.9344533,16.004369,30.959703,0.013598404,1.6536748,10.338596,17.096675,0.050744076,1.4774895,26.346459,38.926616,0.18524087,1.6197153,33.026028,53.492765,0.21020437,1.8039064,34.136741,61.579487,0.29105623,1.8382776,35.308466,64.906764
0b_baseline_best,file,13,baseline,8564,146.Forsters_Tern/Forsters_Tern_0045_151227.jpg,146,145,146.Forsters_Tern,147,146,rotation,rotation,0,"{""angle"":12.152352}",0.59798908,0.28958163,-0.30840746,0.54991639,0.7485767,0.34048754,0.12916091,0.20942885,0.61941579,0.40998694,0.66816303,0.49920093,67.526926,33.709504,False,0.95808357,True,True,True,0.66816303,0.49920093,67.526926,33.709504,0.65161842,0.49790269,65.602941,32.663881,0.93468815,0.5205303,16.004369,8.3307589,0.30126705,0.49890594,10.338596,5.1579868,0.51678574,0.41759437,26.346459,11.002133,0.63240866,0.46785878,33.026028,15.451517,0.65095442,0.51835788,34.136741,17.695049,0.760238,0.54287338,35.308466,19.168026
0b_baseline_best,file,13,baseline,8564,146.Forsters_Tern/Forsters_Tern_0045_151227.jpg,146,145,146.Forsters_Tern,147,146,random_resized_crop,random_resized_crop,0,"{""area_fraction"":0.570954,""aspect"":1.179196,""fallback"":false,""height"":0.695837,""left"":0.140422,""top"":0.088483,""width"":0.820528}",0.59798908,0.038978104,-0.55901098,0.54991639,0.96177179,0.34048754,0.0079469113,0.20942885,0.95382487,0.74439603,0.40666719,0.085317082,67.526926,5.7612003,False,0.91228998,True,True,True,0.40666719,0.085317082,67.526926,5.7612003,0.38644421,0.085560365,65.602941,5.6130116,0.76560534,0.081120317,16.004369,1.2982795,0.0074926838,0.095305803,10.338596,0.98532817,0.24750254,0.075053114,26.346459,1.9773838,0.2656337,0.079414129,33.026028,2.6227333,0.42288384,0.093741864,34.136741,3.2000417,0.55230986,0.087321199,35.308466,3.0831776
0b_baseline_best,file,13,baseline,8564,146.Forsters_Tern/Forsters_Tern_0045_151227.jpg,146,145,146.Forsters_Tern,147,146,gaussian_blur,gaussian_blur,0,"{""sigma"":1.453149}",0.59798908,0.23406327,-0.36392581,0.54991639,0.79131174,0.34048754,0.083311349,0.20942885,0.70800039,0.49857154,0.57246813,0.44070455,67.526926,29.759424,False,0.95189977,True,True,True,0.57246813,0.44070455,67.526926,29.759424,0.55479247,0.4435316,65.602941,29.096978,0.91457234,0.39015172,16.004369,6.244132,0.24400969,0.51560354,10.338596,5.3306166,0.26565166,0.38425688,26.346459,10.123808,0.46835283,0.40900102,33.026028,13.507679,0.61244934,0.48940321,34.136741,16.706631,0.73990044,0.4515161,35.308466,15.942341
0b_baseline_best,file,13,baseline,8564,146.Forsters_Tern/Forsters_Tern_0045_151227.jpg,146,145,146.Forsters_Tern,147,146,random_erasing,random_erasing,0,"{""area_fraction"":0.095227,""erased"":true,""height"":0.343393,""left"":0.101787,""top"":0.439228,""width"":0.277312}",0.59798908,0.36498681,-0.23300228,0.54991639,0.69420582,0.34048754,0.21216892,0.20942885,0.4820369,0.27260806,0.90821901,0.63617718,67.526926,42.95909,False,0.99050462,True,True,True,0.90821901,0.63617718,67.526926,42.95909,0.9032523,0.6350127,65.602941,41.658701,0.98949993,0.65543384,16.004369,10.489805,0.85409161,0.66812723,10.338596,6.9074974,0.92998429,0.64158919,26.346459,16.903603,0.91086766,0.62364163,33.026028,20.596406,0.88181216,0.62804112,34.136741,21.439277,0.90629456,0.64468541,35.308466,22.762853
0b_baseline_best,file,13,baseline,8881,152.Blue_headed_Vireo/Blue_Headed_Vireo_0020_155994.jpg,152,151,152.Blue_headed_Vireo,172,171,identity,identity,0,{},0.0020273624,0.0020273624,0,0.99797469,0.99797469,0.0010677547,0.0010677547,0.99690694,0.99690694,0,1,1,0.4012994,0.4012994,False,0.99999994,True,True,True,1,1,0.4012994,0.4012994,1,1,0.39331712,0.39331712,1,1,0.079642042,0.079642042,1,1,0.094147014,0.094147014,1,1,0.18285553,0.18285553,1,1,0.21792748,0.21792748,1,1,0.18337367,0.18337367,1,1,0.17686227,0.17686227
0b_baseline_best,file,13,baseline,8881,152.Blue_headed_Vireo/Blue_Headed_Vireo_0020_155994.jpg,152,151,152.Blue_headed_Vireo,172,171,horizontal_flip,horizontal_flip,0,"{""flipped"":true}",0.0020273624,0.0039058838,0.0018785214,0.99797469,0.99610174,0.0010677547,0.0026130215,0.99690694,0.99348872,-0.0034182236,0.62169317,2.4090417,0.4012994,0.966747,False,0.96392351,True,True,True,0.62169317,2.4090417,0.4012994,0.966747,0.61120878,2.4261484,0.39331712,0.9542457,0.95523011,1.9457999,0.079642042,0.15496748,0.57369928,2.708356,0.094147014,0.25498363,0.53522158,2.5431579,0.18285553,0.46503049,0.60891664,2.5868275,0.21792748,0.56374078,0.61284758,2.3602711,0.18337367,0.43281156,0.74877173,1.9925075,0.17686227,0.35239939
0b_baseline_best,file,13,baseline,8881,152.Blue_headed_Vireo/Blue_Headed_Vireo_0020_155994.jpg,152,151,152.Blue_headed_Vireo,172,171,color_jitter,color_jitter,0,"{""brightness"":0.682814,""contrast"":0.711775,""hue"":-0.016283,""saturation"":1.374779}",0.0020273624,0.91954964,0.91752228,0.99797469,0.39869854,0.0010677547,0.52225602,0.99690694,-0.12355748,-1.1204644,0.71510235,397.7174,0.4012994,159.60375,False,0.92895043,False,True,False,0.71510235,397.7174,0.4012994,159.60375,0.70911623,399.97862,0.39331712,157.31844,0.89776169,337.91484,0.079642042,26.912228,0.66369516,672.24716,0.094147014,63.290062,0.68351689,449.1163,0.18285553,82.123399,0.76840438,369.49952,0.21792748,80.524099,0.72082719,355.39172,0.18337367,65.169483,0.74773153,323.22634,0.17686227,57.166542
0b_baseline_best,file,13,baseline,8881,152.Blue_headed_Vireo/Blue_Headed_Vireo_0020_155994.jpg,152,151,152.Blue_headed_Vireo,172,171,rotation,rotation,0,"{""angle"":-14.532204}",0.0020273624,0.084122047,0.082094684,0.99797469,0.91931903,0.0010677547,0.0087737348,0.99690694,0.9105453,-0.08636164,0.58211463,33.042605,0.4012994,13.259978,False,0.9404344,True,True,True,0.58211463,33.042605,0.4012994,13.259978,0.57298838,33.207184,0.39331712,13.060954,0.84519226,28.73828,0.079642042,2.2887753,0.365069,30.10602,0.094147014,2.8343919,0.5385827,34.098671,0.18285553,6.2351306,0.57270528,34.179927,0.21792748,7.4487452,0.5672942,32.529379,0.18337367,5.9650316,0.67507733,32.289157,0.17686227,5.7107334
0b_baseline_best,file,13,baseline,8881,152.Blue_headed_Vireo/Blue_Headed_Vireo_0020_155994.jpg,152,151,152.Blue_headed_Vireo,172,171,random_resized_crop,random_resized_crop,0,"{""area_fraction"":0.58654,""aspect"":0.996072,""fallback"":false,""height"":0.767367,""left"":0.174556,""top"":0.166314,""width"":0.764353}",0.0020273624,0.050682392,0.04865503,0.99797469,0.95058054,0.0010677547,0.028704615,0.99690694,0.92187592,-0.075031017,0.76528206,28.866241,0.4012994,11.584005,False,0.93824685,True,True,True,0.76528206,28.866241,0.4012994,11.584005,0.76068185,29.097228,0.39331712,11.444438,0.93486415,22.510335,0.079642042,1.792769,0.84047379,32.535489,0.094147014,3.0631191,0.75407765,29.777275,0.18285553,5.4449394,0.80920822,30.272574,0.21792748,6.5972257,0.70228084,29.079587,0.18337367,5.3324304,0.73449998,25.277692,0.17686227,4.4706699
0b_baseline_best,file,13,baseline,8881,152.Blue_headed_Vireo/Blue_Headed_Vireo_0020_155994.jpg,152,151,152.Blue_headed_Vireo,172,171,gaussian_blur,gaussian_blur,0,"{""sigma"":1.375724}",0.0020273624,0.14466277,0.14263541,0.99797469,0.86531407,0.0010677547,0.017743925,0.99690694,0.84757014,-0.1493368,0.61841682,62.093017,0.4012994,24.917891,False,0.92299837,True,True,True,0.61841682,62.093017,0.4012994,24.917891,0.6104315,62.405394,0.39331712,24.54511,0.85022998,53.916866,0.079642042,4.2940493,0.53124643,62.191803,0.094147014,5.8551725,0.47262732,59.124421,0.18285553,10.811227,0.6506503,66.717064,0.21792748,14.539481,0.61974839,61.930467,0.18337367,11.356417,0.70523598,59.551573,0.17686227,10.532426
0b_baseline_best,file,13,baseline,8881,152.Blue_headed_Vireo/Blue_Headed_Vireo_0020_155994.jpg,152,151,152.Blue_headed_Vireo,172,171,random_erasing,random_erasing,0,"{""area_fraction"":0.079101,""erased"":true,""height"":0.211949,""left"":0.40814,""top"":0.755069,""width"":0.373205}",0.0020273624,0.0010787388,-0.00094862352,0.99797469,0.99892187,0.0010677547,0.0004933154,0.99690694,0.99842856,0.0015216167,0.96418619,0.52051333,0.4012994,0.20888169,False,0.99407274,True,True,True,0.96418619,0.52051333,0.4012994,0.20888169,0.96304416,0.52047496,0.39331712,0.20471171,0.99198911,0.52144824,0.079642042,0.041529202,0.96479038,0.49505833,0.094147014,0.046608264,0.97665384,0.51956903,0.18285553,0.095006071,0.97238754,0.52945136,0.21792748,0.115382,0.95129086,0.51325689,0.18337367,0.094117798,0.94679159,0.52242438,0.17686227,0.09239716
0b_baseline_best,file,13,baseline,1058,020.Yellow_breasted_Chat/Yellow_Breasted_Chat_0090_21931.jpg,20,19,020.Yellow_breasted_Chat,170,169,identity,identity,0,{},0.21335161,0.21335161,0,0.80787206,0.80787206,0.073890604,0.073890604,0.73398145,0.73398145,0,1,1,33.432231,33.432231,False,1.0000001,True,True,True,1,1,33.432231,33.432231,1,1,32.881168,32.881168,1,1,6.0450708,6.0450708,1,1,8.859858,8.859858,1,1,14.271391,14.271391,1,1,17.489318,17.489318,1,1,16.446063,16.446063,1,1,14.921537,14.921537
0b_baseline_best,file,13,baseline,1058,020.Yellow_breasted_Chat/Yellow_Breasted_Chat_0090_21931.jpg,20,19,020.Yellow_breasted_Chat,170,169,horizontal_flip,horizontal_flip,0,"{""flipped"":true}",0.21335161,0.050446209,-0.1629054,0.80787206,0.95080507,0.073890604,0.0090774735,0.73398145,0.94172759,0.20774614,0.64435489,0.20455475,33.432231,6.8387216,False,0.97608185,True,True,True,0.64435489,0.20455475,33.432231,6.8387216,0.63269088,0.20246118,32.881168,6.6571599,0.93295606,0.25894729,6.0450708,1.5653547,0.67367294,0.13881403,8.859858,1.2298726,0.61750302,0.18178235,14.271391,2.594287,0.60715898,0.18600823,17.489318,3.2531571,0.59046311,0.21705556,16.446063,3.5697095,0.73351401,0.23929006,14.921537,3.5705756
0b_baseline_best,file,13,baseline,1058,020.Yellow_breasted_Chat/Yellow_Breasted_Chat_0090_21931.jpg,20,19,020.Yellow_breasted_Chat,170,169,color_jitter,color_jitter,0,"{""brightness"":0.889825,""contrast"":1.311191,""hue"":-0.010543,""saturation"":1.220858}",0.21335161,0.081151105,-0.1322005,0.80787206,0.92205435,0.073890604,0.0084298011,0.73398145,0.91362455,0.1796431,0.84945423,0.37168283,33.432231,12.426186,False,0.98235357,True,True,True,0.84945423,0.37168283,33.432231,12.426186,0.84646042,0.37108145,32.881168,12.201591,0.934856,0.38905496,6.0450708,2.3518648,0.87559586,0.38767692,8.859858,3.4347624,0.83719278,0.39348282,14.271391,5.6155472,0.83740412,0.34990901,17.489318,6.1196699,0.83071208,0.36026795,16.446063,5.9249896,0.87845743,0.38493219,14.921537,5.7437801
0b_baseline_best,file,13,baseline,1058,020.Yellow_breasted_Chat/Yellow_Breasted_Chat_0090_21931.jpg,20,19,020.Yellow_breasted_Chat,170,169,rotation,rotation,0,"{""angle"":5.931647}",0.21335161,0.25520796,0.041856349,0.80787206,0.77475536,0.073890604,0.11668167,0.73398145,0.65807369,-0.075907767,0.82187905,1.3779276,33.432231,46.067196,False,0.98676854,True,True,True,0.82187905,1.3779276,33.432231,46.067196,0.81711954,1.381014,32.881168,45.409354,0.9755709,1.2832588,6.0450708,7.7573903,0.74226433,1.1468942,8.859858,10.16132,0.81475102,1.4570001,14.271391,20.793418,0.81226091,1.4353342,17.489318,25.103017,0.8181453,1.4079243,16.446063,23.154813,0.85920726,1.2717107,14.921537,18.975878
0b_baseline_best,file,13,baseline,1058,020.Yellow_breasted_Chat/Yellow_Breasted_Chat_0090_21931.jpg,20,19,020.Yellow_breasted_Chat,170,169,random_resized_crop,random_resized_crop,0,"{""area_fraction"":0.743372,""aspect"":0.755841,""fallback"":false,""height"":0.991717,""left"":0.128355,""top"":0.001251,""width"":0.74958}",0.21335161,0.1164349,-0.096916705,0.80787206,0.89008802,0.073890604,0.039581563,0.73398145,0.85050646,0.11652501,0.78211407,0.5422714,33.432231,18.129343,False,0.96941364,True,True,True,0.78211407,0.5422714,33.432231,18.129343,0.77566496,0.53991166,32.881168,17.752926,0.95687734,0.60795737,6.0450708,3.6751453,0.64825156,0.42259129,8.859858,3.7440988,0.75682509,0.52672324,14.271391,7.5170732,0.76890435,0.52506693,17.489318,9.1830624,0.78381957,0.57219123,16.446063,9.4102933,0.83300174,0.56770927,14.921537,8.4710951
0b_baseline_best,file,13,baseline,1058,020.Yellow_breasted_Chat/Yellow_Breasted_Chat_0090_21931.jpg,20,19,020.Yellow_breasted_Chat,170,169,gaussian_blur,gaussian_blur,0,"{""sigma"":1.708897}",0.21335161,1.0947616,0.88141,0.80787206,0.33461934,0.073890604,0.24477428,0.73398145,0.089845061,-0.64413639,0.58714978,4.0000494,33.432231,133.73058,False,0.89752102,True,True,True,0.58714978,4.0000494,33.432231,133.73058,0.57810526,4.0082111,32.881168,131.79466,0.8743846,3.7505481,6.0450708,22.672329,0.47355303,3.9174459,8.859858,34.708014,0.39147046,3.7684291,14.271391,53.780725,0.60065079,4.3135854,17.489318,75.441666,0.63075554,4.0854771,16.446063,67.190016,0.68937929,3.7113731,14.921537,55.379392
0b_baseline_best,file,13,baseline,1058,020.Yellow_breasted_Chat/Yellow_Breasted_Chat_0090_21931.jpg,20,19,020.Yellow_breasted_Chat,170,169,random_erasing,random_erasing,0,"{""area_fraction"":0.171383,""erased"":true,""height"":0.702453,""left"":0.38624,""top"":0.254263,""width"":0.243977}",0.21335161,0.072123855,-0.14122775,0.80787206,0.93041563,0.073890604,0.0011904221,0.73398145,0.92922521,0.19524376,0.31621056,0.33323417,33.432231,11.140762,False,0.88690364,True,True,True,0.31621056,0.33323417,33.432231,11.140762,0.29826666,0.33086979,32.881168,10.879385,0.76386107,0.39686438,6.0450708,2.3990733,0.19692033,0.2751527,8.859858,2.4378138,0.10365177,0.34786107,14.271391,4.9644613,0.21658237,0.33216244,17.489318,5.8092944,0.36212155,0.33105254,16.446063,5.444511,0.55200865,0.33091584,14.921537,4.9377731
0b_baseline_best,file,13,baseline,929,017.Cardinal/Cardinal_0028_18054.jpg,17,16,017.Cardinal,137,136,identity,identity,0,{},0.65780407,0.65780407,0,0.51798755,0.51798755,0.06546858,0.06546858,0.45251897,0.45251897,0,1,1,62.705187,62.705187,False,1,True,True,True,1,1,62.705187,62.705187,1,1,61.419508,61.419508,1,1,12.632675,12.632675,1,1,9.9974093,9.9974093,1,1,25.328568,25.328568,1,1,30.203475,30.203475,1,1,31.647511,31.647511,1,1,33.422397,33.422397
0b_baseline_best,file,13,baseline,929,017.Cardinal/Cardinal_0028_18054.jpg,17,16,017.Cardinal,137,136,horizontal_flip,horizontal_flip,0,"{""flipped"":true}",0.65780407,0.99232709,0.33452302,0.51798755,0.370713,0.06546858,0.023578381,0.45251897,0.34713461,-0.10538436,0.66287882,1.1931488,62.705187,74.816621,False,0.95880604,True,True,True,0.66287882,1.1931488,62.705187,74.816621,0.64981952,1.188142,61.419508,72.975096,0.94657127,1.305926,12.632675,16.49734,0.46786682,1.2987989,9.9974093,12.984624,0.62472442,1.2631715,25.328568,31.994327,0.63982273,1.1986116,30.203475,36.202234,0.63957078,1.1673833,31.647511,36.944776,0.70387756,1.1423072,33.422397,38.178645
0b_baseline_best,file,13,baseline,929,017.Cardinal/Cardinal_0028_18054.jpg,17,16,017.Cardinal,137,136,color_jitter,color_jitter,0,"{""brightness"":0.764917,""contrast"":1.325137,""hue"":-0.000672,""saturation"":0.626528}",0.65780407,1.8910643,1.2332602,0.51798755,0.15091111,0.06546858,0.10500541,0.45251897,0.045905694,-0.40661328,0.8451467,1.7428347,62.705187,109.28478,False,0.9734084,False,True,False,0.8451467,1.7428347,62.705187,109.28478,0.8398767,1.7418459,61.419508,106.98332,0.96809216,1.7660494,12.632675,22.309929,0.82305284,2.5197695,9.9974093,25.191168,0.77219599,1.7727969,25.328568,44.902408,0.82902998,1.8173572,30.203475,54.890502,0.85807163,1.6793287,31.647511,53.146572,0.88888385,1.6270249,33.422397,54.379071
0b_baseline_best,file,13,baseline,929,017.Cardinal/Cardinal_0028_18054.jpg,17,16,017.Cardinal,137,136,rotation,rotation,0,"{""angle"":14.216495}",0.65780407,0.58716291,-0.07064116,0.51798755,0.55590218,0.06546858,0.014367661,0.45251897,0.54153452,0.089015552,0.72166412,1.0087417,62.705187,63.253339,False,0.95752406,True,True,True,0.72166412,1.0087417,62.705187,63.253339,0.71409575,1.0142462,61.419508,62.294502,0.93897957,0.86852397,12.632675,10.971781,0.56013369,1.2087044,9.9974093,12.083912,0.72372751,1.0705516,25.328568,27.115538,0.68079616,1.0852072,30.203475,32.777027,0.71104398,0.97696009,31.647511,30.918355,0.76675641,0.93140005,33.422397,31.129622
0b_baseline_best,file,13,baseline,929,017.Cardinal/Cardinal_0028_18054.jpg,17,16,017.Cardinal,137,136,random_resized_crop,random_resized_crop,0,"{""area_fraction"":0.570403,""aspect"":1.205403,""fallback"":false,""height"":0.687899,""left"":0.033567,""top"":0.310594,""width"":0.829196}",0.65780407,0.25903615,-0.39876792,0.51798755,0.77179509,0.06546858,0.052249022,0.45251897,0.71954607,0.2670271,0.62929068,0.45220545,62.705187,28.355627,False,0.92381406,True,True,True,0.62929068,0.45220545,62.705187,28.355627,0.61587811,0.44625044,61.419508,27.408483,0.89456523,0.57529444,12.632675,7.2675079,0.33629064,0.58052196,9.9974093,5.8037157,0.59247897,0.41898455,25.328568,10.612279,0.55602611,0.43770339,30.203475,13.220163,0.60977734,0.43356784,31.647511,13.721343,0.71412815,0.46532505,33.422397,15.552278
0b_baseline_best,file,13,baseline,929,017.Cardinal/Cardinal_0028_18054.jpg,17,16,017.Cardinal,137,136,gaussian_blur,gaussian_blur,0,"{""sigma"":1.465875}",0.65780407,0.47046542,-0.18733865,0.51798755,0.62471145,0.06546858,0.031353317,0.45251897,0.59335814,0.14083917,0.56002252,0.84019468,62.705187,52.684565,False,0.89342487,True,True,True,0.56002252,0.84019468,62.705187,52.684565,0.54915873,0.84592812,61.419508,51.956489,0.88554898,0.69094581,12.632675,8.7284942,0.43621414,1.2055622,9.9974093,12.052499,0.44410494,0.78283632,25.328568,19.828123,0.47347378,0.88786145,30.203475,26.816501,0.55003229,0.81832862,31.647511,25.898064,0.69226717,0.83090809,33.422397,27.77094
0b_baseline_best,file,13,baseline,929,017.Cardinal/Cardinal_0028_18054.jpg,17,16,017.Cardinal,137,136,random_erasing,random_erasing,0,"{""area_fraction"":0.055448,""erased"":true,""height"":0.422085,""left"":0.275701,""top"":0.473306,""width"":0.131368}",0.65780407,0.76904708,0.11124301,0.51798755,0.46345448,0.06546858,0.035873473,0.45251897,0.42758101,-0.024937958,0.9019758,1.0583564,62.705187,66.364439,False,0.9863975,True,True,True,0.9019758,1.0583564,62.705187,66.364439,0.89843383,1.053959,61.419508,64.733647,0.98199998,1.1574498,12.632675,14.621687,0.92124299,0.97084797,9.9974093,9.7059646,0.90190433,0.9162307,25.328568,23.206812,0.89835299,1.0449076,30.203475,31.559841,0.88743134,1.1079677,31.647511,35.06442,0.91112524,1.0920394,33.422397,36.498576
0b_baseline_best,file,13,baseline,10633,181.Worm_eating_Warbler/Worm_Eating_Warbler_0065_795551.jpg,181,180,181.Worm_eating_Warbler,184,183,identity,identity,0,{},0.58191502,0.58191502,0,0.55882716,0.55882716,0.091413699,0.091413699,0.46741346,0.46741346,0,1,1,68.940667,68.940667,False,1.0000001,True,True,True,1,1,68.940667,68.940667,1,1,67.595968,67.595968,1,1,13.549934,13.549934,1,1,12.535872,12.535872,1,1,29.234975,29.234975,1,1,36.613726,36.613726,1,1,34.176105,34.176105,1,1,32.385366,32.385366
0b_baseline_best,file,13,baseline,10633,181.Worm_eating_Warbler/Worm_Eating_Warbler_0065_795551.jpg,181,180,181.Worm_eating_Warbler,184,183,horizontal_flip,horizontal_flip,0,"{""flipped"":true}",0.58191502,1.032181,0.450266,0.55882716,0.35622919,0.091413699,0.057623308,0.46741346,0.29860588,-0.16880758,0.62229171,1.716251,68.940667,118.31949,False,0.96924973,True,True,True,0.62229171,1.716251,68.940667,118.31949,0.61127701,1.7241701,67.595968,116.54695,0.94168009,1.5058156,13.549934,20.403702,0.38337593,1.8745488,12.535872,23.499105,0.57430881,2.0023269,29.234975,58.537975,0.57189762,1.7345182,36.613726,63.507173,0.64800216,1.6496044,34.176105,56.377052,0.72062869,1.5104291,32.385366,48.915798
0b_baseline_best,file,13,baseline,10633,181.Worm_eating_Warbler/Worm_Eating_Warbler_0065_795551.jpg,181,180,181.Worm_eating_Warbler,184,183,color_jitter,color_jitter,0,"{""brightness"":0.775232,""contrast"":0.877648,""hue"":0.026748,""saturation"":1.197888}",0.58191502,0.33256039,-0.24935463,0.55882716,0.71708536,0.091413699,0.01495893,0.46741346,0.70212643,0.23471297,0.8033817,0.65250203,68.940667,44.983925,False,0.97159064,True,True,True,0.8033817,0.65250203,68.940667,44.983925,0.7978058,0.65246591,67.595968,44.104065,0.94194962,0.65340024,13.549934,8.85353,0.5418859,0.7445325,12.535872,9.3333645,0.77332565,0.71137124,29.234975,20.79692,0.79403533,0.65222371,36.613726,23.88034,0.81697222,0.61171138,34.176105,20.905912,0.85597632,0.63146908,32.385366,20.450357
0b_baseline_best,file,13,baseline,10633,181.Worm_eating_Warbler/Worm_Eating_Warbler_0065_795551.jpg,181,180,181.Worm_eating_Warbler,184,183,rotation,rotation,0,"{""angle"":14.062701}",0.58191502,1.8809297,1.2990147,0.55882716,0.15244831,0.091413699,0.053330947,0.46741346,0.099117365,-0.3682961,0.6753789,2.2001356,68.940667,151.67882,False,0.94171816,False,True,False,0.6753789,2.2001356,68.940667,151.67882,0.6676089,2.2126349,67.595968,149.5652,0.91486342,1.862239,13.549934,25.233215,0.5704328,2.5292739,12.535872,31.706655,0.64413551,2.5284556,29.234975,73.919335,0.67583487,2.2167978,36.613726,81.165226,0.68572234,2.1781948,34.176105,74.442214,0.69281106,1.8961623,32.385366,61.407911
0b_baseline_best,file,13,baseline,10633,181.Worm_eating_Warbler/Worm_Eating_Warbler_0065_795551.jpg,181,180,181.Worm_eating_Warbler,184,183,random_resized_crop,random_resized_crop,0,"{""area_fraction"":0.590783,""aspect"":0.906645,""fallback"":false,""height"":0.807226,""left"":0.151128,""top"":0.054899,""width"":0.731867}",0.58191502,1.1603417,0.57842672,0.55882716,0.31337908,0.091413699,0.058886718,0.46741346,0.25449236,-0.2129211,0.64558426,2.1435039,68.940667,147.77459,False,0.94127727,False,True,False,0.64558426,2.1435039,68.940667,147.77459,0.63798086,2.1585135,67.595968,145.90681,0.89738085,1.7284772,13.549934,23.420751,0.63204997,2.6839381,12.535872,33.645505,0.60282495,2.6031264,29.234975,76.102335,0.64004948,2.1722084,36.613726,79.532644,0.65451434,2.027687,34.176105,69.298443,0.68948374,1.7569354,32.385366,56.898997
0b_baseline_best,file,13,baseline,10633,181.Worm_eating_Warbler/Worm_Eating_Warbler_0065_795551.jpg,181,180,181.Worm_eating_Warbler,184,183,gaussian_blur,gaussian_blur,0,"{""sigma"":1.749073}",0.58191502,1.4213052,0.83939016,0.55882716,0.24139874,0.091413699,0.021248614,0.46741346,0.22015012,-0.24726334,0.54730587,1.4763006,68.940667,101.77715,False,0.87949306,True,True,True,0.54730587,1.4763006,68.940667,101.77715,0.53489309,1.4764968,67.595968,99.805232,0.85729037,1.4714077,13.549934,19.937477,0.26795783,1.6897197,12.535872,21.18211,0.35448535,1.526474,29.234975,44.626429,0.58838652,1.5657117,36.613726,57.326539,0.56900493,1.4108038,34.176105,48.215777,0.63759762,1.3494107,32.385366,43.701158
0b_baseline_best,file,13,baseline,10633,181.Worm_eating_Warbler/Worm_Eating_Warbler_0065_795551.jpg,181,180,181.Worm_eating_Warbler,184,183,random_erasing,random_erasing,0,"{""area_fraction"":0.19272,""erased"":true,""height"":0.440732,""left"":0.010305,""top"":0.351578,""width"":0.437273}",0.58191502,1.2984991,0.71658409,0.55882716,0.27294114,0.091413699,0.034709167,0.46741346,0.23823198,-0.22918149,0.8150533,1.6936161,68.940667,116.75902,False,0.94968867,True,True,True,0.8150533,1.6936161,68.940667,116.75902,0.81140646,1.7005984,67.595968,114.95359,0.92290008,1.5094814,13.549934,20.453373,0.82599074,1.7258846,12.535872,21.635469,0.80548266,1.783013,29.234975,52.12634,0.81542616,1.7601809,36.613726,64.446782,0.79816798,1.6166898,34.176105,55.252159,0.82651248,1.6405832,32.385366,53.130888
0b_baseline_best,file,13,baseline,6757,116.Chipping_Sparrow/Chipping_Sparrow_0079_110449.jpg,116,115,116.Chipping_Sparrow,130,129,identity,identity,0,{},1.1960565,1.1960565,0,0.30238432,0.30238432,0.46983325,0.46983325,-0.16744894,-0.16744894,0,1,1,148.33965,148.33965,False,1.0000001,True,False,False,1,1,148.33965,148.33965,1,1,145.63748,145.63748,1,1,28.184695,28.184695,1,1,31.502767,31.502767,1,1,75.346186,75.346186,1,1,72.671219,72.671219,1,1,67.708286,67.708286,1,1,68.376059,68.376059
0b_baseline_best,file,13,baseline,6757,116.Chipping_Sparrow/Chipping_Sparrow_0079_110449.jpg,116,115,116.Chipping_Sparrow,130,129,horizontal_flip,horizontal_flip,0,"{""flipped"":true}",1.1960565,1.5545869,0.3585304,0.30238432,0.21127665,0.46983325,0.083787285,-0.16744894,0.12748937,0.2949383,0.54681912,1.3727895,148.33965,203.63912,False,0.96040326,False,False,False,0.54681912,1.3727895,148.33965,203.63912,0.53858112,1.3732039,145.63748,199.98995,0.7686582,1.3616801,28.184695,38.378539,0.60997184,1.7377208,31.502767,54.743014,0.42718078,1.3195898,75.346186,99.426059,0.5592602,1.3728473,72.671219,99.766485,0.49786686,1.3285654,67.708286,89.954888,0.66769085,1.3927125,68.376059,95.228191
0b_baseline_best,file,13,baseline,6757,116.Chipping_Sparrow/Chipping_Sparrow_0079_110449.jpg,116,115,116.Chipping_Sparrow,130,129,color_jitter,color_jitter,0,"{""brightness"":0.662308,""contrast"":1.344436,""hue"":0.047843,""saturation"":1.148447}",1.1960565,1.1092241,-0.086832404,0.30238432,0.32981479,0.46983325,0.13352753,-0.16744894,0.19628726,0.3637362,0.48153333,0.77473812,148.33965,114.92438,False,0.91468573,False,False,True,0.48153333,0.77473812,148.33965,114.92438,0.47020386,0.77828027,145.63748,113.34678,0.83610272,0.67330478,28.184695,18.97689,0.32973142,1.1473102,31.502767,36.143445,0.2087812,0.71122158,75.346186,53.587834,0.47618969,0.77383657,72.671219,56.235647,0.60431801,0.78900588,67.708286,53.422235,0.68472067,0.75330887,68.376059,51.508291
0b_baseline_best,file,13,baseline,6757,116.Chipping_Sparrow/Chipping_Sparrow_0079_110449.jpg,116,115,116.Chipping_Sparrow,130,129,rotation,rotation,0,"{""angle"":-8.01915}",1.1960565,2.5487509,1.3526944,0.30238432,0.078179255,0.46983325,0.54923832,-0.16744894,-0.47105907,-0.30361013,0.81950918,1.3088089,148.33965,194.14826,False,0.97813135,True,False,False,0.81950918,1.3088089,148.33965,194.14826,0.81374179,1.3085889,145.63748,190.57959,0.9727976,1.314669,28.184695,37.053544,0.84796698,1.4224176,31.502767,44.810091,0.84734058,1.27065,75.346186,95.73863,0.80682483,1.3736635,72.671219,99.825798,0.76480613,1.3081969,67.708286,88.575768,0.82586972,1.2526291,68.376059,85.64984
0b_baseline_best,file,13,baseline,6757,116.Chipping_Sparrow/Chipping_Sparrow_0079_110449.jpg,116,115,116.Chipping_Sparrow,130,129,random_resized_crop,random_resized_crop,0,"{""area_fraction"":0.614188,""aspect"":1.179252,""fallback"":false,""height"":0.721684,""left"":0.143926,""top"":0.128449,""width"":0.851047}",1.1960565,3.3067567,2.1107002,0.30238432,0.036634799,0.46983325,0.93220139,-0.16744894,-0.89556659,-0.72811765,0.67093415,1.6346886,148.33965,242.48914,False,0.95654666,True,False,False,0.67093415,1.6346886,148.33965,242.48914,0.66156445,1.6344665,145.63748,238.03958,0.92017801,1.6406069,28.184695,46.240006,0.43373549,1.6753512,31.502767,52.778199,0.66024496,1.4396305,75.346186,108.47066,0.65653646,1.8340925,72.671219,133.28574,0.67777917,1.7155427,67.708286,116.15645,0.71982409,1.5236704,68.376059,104.18258
0b_baseline_best,file,13,baseline,6757,116.Chipping_Sparrow/Chipping_Sparrow_0079_110449.jpg,116,115,116.Chipping_Sparrow,130,129,gaussian_blur,gaussian_blur,0,"{""sigma"":1.981728}",1.1960565,4.1300712,2.9340147,0.30238432,0.016081734,0.46983325,0.042013478,-0.16744894,-0.025931744,0.14151719,0.35138952,1.2989951,148.33965,192.69248,False,0.79784435,False,False,False,0.35138952,1.2989951,148.33965,192.69248,0.34029209,1.2998051,145.63748,189.30034,0.65299812,1.277179,28.184695,35.9969,0.039848712,1.3642788,31.502767,42.978558,0.15095258,1.158072,75.346186,87.256306,0.41026924,1.5614375,72.671219,113.47157,0.40546846,1.2959538,67.708286,87.74681,0.48843243,1.1136628,68.376059,76.147874
0b_baseline_best,file,13,baseline,6757,116.Chipping_Sparrow/Chipping_Sparrow_0079_110449.jpg,116,115,116.Chipping_Sparrow,130,129,random_erasing,random_erasing,0,"{""area_fraction"":0.171729,""erased"":true,""height"":0.725382,""left"":0.439446,""top"":0.125581,""width"":0.236743}",1.1960565,2.6232767,1.4272202,0.30238432,0.072564691,0.46983325,0.0051098079,-0.16744894,0.067454883,0.23490382,0.23093471,0.89709978,148.33965,133.07547,False,0.77327633,False,False,False,0.23093471,0.89709978,148.33965,133.07547,0.21698479,0.89898469,145.63748,130.92587,0.62752256,0.84521875,28.184695,23.822233,0.25443506,0.68591701,31.502767,21.608284,-0.0087342667,0.84388424,75.346186,63.583459,0.23667964,0.88290606,72.671219,64.16186,0.2580868,0.89540626,67.708286,60.626423,0.38746609,1.0174105,68.376059,69.566519
0b_baseline_best,file,13,baseline,3123,054.Blue_Grosbeak/Blue_Grosbeak_0065_36847.jpg,54,53,054.Blue_Grosbeak,14,13,identity,identity,0,{},0.012488733,0.012488733,0,0.98758894,0.98758894,0.0064901835,0.0064901835,0.98109876,0.98109876,0,1,1,2.3953131,2.3953131,False,1,True,True,True,1,1,2.3953131,2.3953131,1,1,2.3599976,2.3599976,1,1,0.40979968,0.40979968,1,1,0.51402999,0.51402999,1,1,1.0390715,1.0390715,1,1,1.4494761,1.4494761,1,1,1.0781641,1.0781641,1,1,0.98095542,0.98095542
0b_baseline_best,file,13,baseline,3123,054.Blue_Grosbeak/Blue_Grosbeak_0065_36847.jpg,54,53,054.Blue_Grosbeak,14,13,horizontal_flip,horizontal_flip,0,"{""flipped"":true}",0.012488733,0.08812277,0.075634037,0.98758894,0.91564846,0.0064901835,0.043526929,0.98109876,0.87212153,-0.10897723,0.75722324,6.9314109,2.3953131,16.602899,False,0.95622152,True,True,True,0.75722324,6.9314109,2.3953131,16.602899,0.75143104,6.9337865,2.3599976,16.36372,0.95166135,6.8521598,0.40979968,2.8080129,0.6685482,7.1817319,0.51402999,3.6916256,0.72025158,6.4609285,1.0390715,6.7133668,0.79268768,6.6813385,1.4494761,9.6844408,0.70671409,7.2592927,1.0781641,7.8267088,0.78155231,7.4930882,0.98095542,7.3503854
0b_baseline_best,file,13,baseline,3123,054.Blue_Grosbeak/Blue_Grosbeak_0065_36847.jpg,54,53,054.Blue_Grosbeak,14,13,color_jitter,color_jitter,0,"{""brightness"":1.258002,""contrast"":1.02642,""hue"":-0.035516,""saturation"":0.742101}",0.012488733,2.0299363,2.0174476,0.98758894,0.13134389,0.0064901835,0.6793738,0.98109876,-0.54802991,-1.5291287,0.71374004,69.235534,2.3953131,165.84078,False,0.84997141,False,True,False,0.71374004,69.235534,2.3953131,165.84078,0.71094111,69.239506,2.3599976,163.40507,0.80675022,69.103663,0.40979968,28.318659,0.56610147,61.374209,0.51402999,31.548184,0.60826094,67.643299,1.0390715,70.286225,0.76917329,71.236374,1.4494761,103.25542,0.73967929,70.480043,1.0781641,75.989052,0.69469326,67.078369,0.98095542,65.800889
0b_baseline_best,file,13,baseline,3123,054.Blue_Grosbeak/Blue_Grosbeak_0065_36847.jpg,54,53,054.Blue_Grosbeak,14,13,rotation,rotation,0,"{""angle"":2.531972}",0.012488733,0.019223575,0.0067348415,0.98758894,0.98096001,0.0064901835,0.0087530576,0.98109876,0.97220695,-0.0088918046,0.91221262,1.5279626,2.3953131,3.6599488,False,0.9901861,True,True,True,0.91221262,1.5279626,2.3953131,3.6599488,0.91001854,1.5279451,2.3599976,3.6059469,0.98495087,1.5285417,0.40979968,0.62639591,0.86208809,1.7837822,0.51402999,0.91691756,0.89510429,1.5128115,1.0390715,1.5719193,0.92963408,1.4886038,1.4494761,2.1576957,0.89901207,1.5345388,1.0781641,1.6544846,0.91777222,1.5454182,0.98095542,1.5159864
0b_baseline_best,file,13,baseline,3123,054.Blue_Grosbeak/Blue_Grosbeak_0065_36847.jpg,54,53,054.Blue_Grosbeak,14,13,random_resized_crop,random_resized_crop,0,"{""area_fraction"":0.730197,""aspect"":0.835674,""fallback"":false,""height"":0.934763,""left"":0.028084,""top"":0.047504,""width"":0.781158}",0.012488733,0.036689896,0.024201163,0.98758894,0.96397501,0.0064901835,0.031941283,0.98109876,0.93203373,-0.04906503,0.82336962,3.3736166,2.3953131,8.0808679,False,0.9785338,True,True,True,0.82336962,3.3736166,2.3953131,8.0808679,0.82007368,3.3669697,2.3599976,7.9460405,0.9275717,3.5870914,0.40979968,1.4699889,0.85564185,3.4519484,0.51402999,1.774405,0.80531739,3.1176774,1.0390715,3.2394898,0.86192677,3.2761458,1.4494761,4.7486952,0.77988017,3.4881324,1.0781641,3.7607791,0.79555695,3.6476215,0.98095542,3.578154
0b_baseline_best,file,13,baseline,3123,054.Blue_Grosbeak/Blue_Grosbeak_0065_36847.jpg,54,53,054.Blue_Grosbeak,14,13,gaussian_blur,gaussian_blur,0,"{""sigma"":1.302208}",0.012488733,0.20794746,0.19545873,0.98758894,0.81224972,0.0064901835,0.15928729,0.98109876,0.65296243,-0.32813633,0.7500307,15.483374,2.3953131,37.087527,False,0.95839751,True,True,True,0.7500307,15.483374,2.3953131,37.087527,0.74483552,15.453728,2.3599976,36.470763,0.91341003,16.436297,0.40979968,6.7355892,0.62385814,18.609845,0.51402999,9.5660182,0.69467845,15.06626,1.0390715,15.654922,0.78257149,14.568558,1.4494761,21.116777,0.73804621,16.112697,1.0781641,17.372131,0.77790131,15.983105,0.98095542,15.678713
0b_baseline_best,file,13,baseline,3123,054.Blue_Grosbeak/Blue_Grosbeak_0065_36847.jpg,54,53,054.Blue_Grosbeak,14,13,random_erasing,random_erasing,0,"{""area_fraction"":0.074782,""erased"":true,""height"":0.182573,""left"":0.491234,""top"":0.811196,""width"":0.409601}",0.012488733,0.01843041,0.0059416769,0.98758894,0.98173839,0.0064901835,0.010329438,0.98109876,0.97140895,-0.0096898084,0.99084379,1.4616973,2.3953131,3.5012226,False,0.99632406,True,True,True,0.99084379,1.4616973,2.3953131,3.5012226,0.99072365,1.4623939,2.3599976,3.4512463,0.99502619,1.438401,0.40979968,0.58945625,0.9913443,1.4585606,0.51402999,0.74974387,0.99304047,1.4437403,1.0390715,1.5001494,0.99427121,1.4629343,1.4494761,2.1204883,0.98846103,1.4733603,1.0781641,1.5885242,0.98316837,1.4697455,0.98095542,1.4417548
0b_baseline_best,file,13,baseline,6283,108.White_necked_Raven/White_Necked_Raven_0025_797346.jpg,108,107,108.White_necked_Raven,23,22,identity,identity,0,{},0.037702587,0.037702587,0,0.96299928,0.96299928,0.021712314,0.021712314,0.94128697,0.94128697,0,1,1,8.4012254,8.4012254,False,1.0000001,True,True,True,1,1,8.4012254,8.4012254,1,1,8.2517099,8.2517099,1,1,1.5779326,1.5779326,1,1,3.1536825,3.1536825,1,1,3.6762621,3.6762621,1,1,3.5936004,3.5936004,1,1,3.6836563,3.6836563,1,1,4.2599076,4.2599076
0b_baseline_best,file,13,baseline,6283,108.White_necked_Raven/White_Necked_Raven_0025_797346.jpg,108,107,108.White_necked_Raven,23,22,horizontal_flip,horizontal_flip,0,"{""flipped"":true}",0.037702587,0.020863943,-0.016838644,0.96299928,0.97935218,0.021712314,0.0071295332,0.94128697,0.97222264,0.030935673,0.68373667,0.60452287,8.4012254,5.0787329,False,0.97589803,True,True,True,0.68373667,0.60452287,8.4012254,5.0787329,0.67641406,0.60834301,8.2517099,5.01987,0.94907228,0.48861058,1.5779326,0.77099455,0.48190026,0.4653946,3.1536825,1.4677068,0.6201656,0.6632042,3.6762621,2.4381125,0.70811635,0.66121505,3.5936004,2.3761427,0.68642134,0.64636837,3.6836563,2.3809989,0.79664235,0.56462992,4.2599076,2.4052713
0b_baseline_best,file,13,baseline,6283,108.White_necked_Raven/White_Necked_Raven_0025_797346.jpg,108,107,108.White_necked_Raven,23,22,color_jitter,color_jitter,0,"{""brightness"":0.939109,""contrast"":1.111321,""hue"":-0.055499,""saturation"":0.651}",0.037702587,0.022262188,-0.015440399,0.96299928,0.97798377,0.021712314,0.010578504,0.94128697,0.96740527,0.026118299,0.81091411,0.53400339,8.4012254,4.4862828,False,0.96908772,True,True,True,0.81091411,0.53400339,8.4012254,4.4862828,0.80523209,0.5330529,8.2517099,4.3985979,0.95989695,0.5593709,1.5779326,0.88264955,0.90434933,0.45994919,3.1536825,1.4505337,0.64062836,0.44773731,3.6762621,1.6459997,0.70351112,0.52383691,3.5936004,1.8824605,0.84349657,0.59316146,3.6836563,2.1850029,0.90997307,0.58528779,4.2599076,2.4932719
0b_baseline_best,file,13,baseline,6283,108.White_necked_Raven/White_Necked_Raven_0025_797346.jpg,108,107,108.White_necked_Raven,23,22,rotation,rotation,0,"{""angle"":9.412112}",0.037702587,0.20897466,0.17127207,0.96299928,0.81141579,0.021712314,0.062231235,0.94128697,0.74918456,-0.19210241,0.7956639,4.2766791,8.4012254,35.929345,False,0.97287953,True,True,True,0.7956639,4.2766791,8.4012254,35.929345,0.79061095,4.2860327,8.2517099,35.367098,0.94494353,4.0124434,1.5779326,6.3313651,0.86676454,4.2104427,3.1536825,13.278399,0.76608905,4.1272237,3.6762621,15.172756,0.76373529,4.550164,3.5936004,16.351471,0.74323237,4.4442293,3.6836563,16.371013,0.82813049,4.1259563,4.2599076,17.576193
0b_baseline_best,file,13,baseline,6283,108.White_necked_Raven/White_Necked_Raven_0025_797346.jpg,108,107,108.White_necked_Raven,23,22,random_resized_crop,random_resized_crop,0,"{""area_fraction"":0.683811,""aspect"":1.088437,""fallback"":false,""height"":0.792623,""left"":0.107528,""top"":0.049146,""width"":0.86272}",0.037702587,0.10894251,0.071239922,0.96299928,0.89678198,0.021712314,0.011696069,0.94128697,0.88508591,-0.056201058,0.57980476,2.9692876,8.4012254,24.945654,False,0.95762658,True,True,True,0.57980476,2.9692876,8.4012254,24.945654,0.57394815,2.997723,8.2517099,24.73634,0.85672218,2.0436684,1.5779326,3.224771,0.083877995,2.5410418,3.1536825,8.013639,0.50077442,3.4321068,3.6762621,12.617324,0.66498403,3.296032,3.5936004,11.844622,0.66912595,3.0361469,3.6836563,11.184121,0.76028367,2.6044381,4.2599076,11.094666
0b_baseline_best,file,13,baseline,6283,108.White_necked_Raven/White_Necked_Raven_0025_797346.jpg,108,107,108.White_necked_Raven,23,22,gaussian_blur,gaussian_blur,0,"{""sigma"":1.57232}",0.037702587,0.44934607,0.41164348,0.96299928,0.63804525,0.021712314,0.29898456,0.94128697,0.33906069,-0.60222628,0.68641821,10.973356,8.4012254,92.189635,False,0.9378221,True,True,True,0.68641821,10.973356,8.4012254,92.189635,0.67852076,11.000827,8.2517099,90.775631,0.92142626,10.193449,1.5779326,16.084576,0.708932,6.7550184,3.1536825,21.303183,0.53959156,10.613136,3.6762621,39.01667,0.62888557,12.672331,3.5936004,45.539294,0.73564447,11.987277,3.6836563,44.157007,0.79672456,11.111293,4.2599076,47.33308
0b_baseline_best,file,13,baseline,6283,108.White_necked_Raven/White_Necked_Raven_0025_797346.jpg,108,107,108.White_necked_Raven,23,22,random_erasing,random_erasing,0,"{""area_fraction"":0.059527,""erased"":true,""height"":0.163151,""left"":0.358281,""top"":0.36735,""width"":0.364857}",0.037702587,0.62476754,0.58706496,0.96299928,0.53538591,0.021712314,0.11994749,0.94128697,0.41543842,-0.52584855,0.83670682,9.0023054,8.4012254,75.630396,False,0.95598018,True,True,True,0.83670682,9.0023054,8.4012254,75.630396,0.83381298,9.0024268,8.2517099,74.285414,0.91587533,8.9989841,1.5779326,14.19979,0.85134865,5.4158421,3.1536825,17.079846,0.85234251,8.3620428,3.6762621,30.741061,0.88403501,10.474579,3.5936004,37.641451,0.8172149,9.6495995,3.6836563,35.545808,0.83504824,9.3934118,4.2599076,40.015066
0b_baseline_best,file,13,baseline,3114,054.Blue_Grosbeak/Blue_Grosbeak_0037_36794.jpg,54,53,054.Blue_Grosbeak,15,14,identity,identity,0,{},0.0032574469,0.0032574469,0,0.99674785,0.99674785,0.0011116794,0.0011116794,0.99563617,0.99563617,0,1,1,0.54584937,0.54584937,False,1,True,True,True,1,1,0.54584937,0.54584937,1,1,0.53603352,0.53603352,1,1,0.10305144,0.10305144,1,1,0.14393682,0.14393682,1,1,0.22937442,0.22937442,1,1,0.29860916,0.29860916,1,1,0.24871193,0.24871193,1,1,0.25095109,0.25095109
0b_baseline_best,file,13,baseline,3114,054.Blue_Grosbeak/Blue_Grosbeak_0037_36794.jpg,54,53,054.Blue_Grosbeak,15,14,horizontal_flip,horizontal_flip,0,"{""flipped"":true}",0.0032574469,0.0023762344,-0.00088121253,0.99674785,0.9976266,0.0011116794,0.00066966837,0.99563617,0.99695693,0.0013207623,0.71485521,0.73917465,0.54584937,0.40347802,False,0.98440742,True,True,True,0.71485521,0.73917465,0.54584937,0.40347802,0.70512873,0.73904036,0.53603352,0.39615041,0.97669948,0.74279898,0.10305144,0.076546509,0.87670599,0.67463128,0.14393682,0.09710428,0.63115009,0.69640084,0.22937442,0.15973654,0.6731169,0.71984289,0.29860916,0.21495168,0.65811562,0.77461823,0.24871193,0.19265679,0.80278462,0.78359912,0.25095109,0.19664505
0b_baseline_best,file,13,baseline,3114,054.Blue_Grosbeak/Blue_Grosbeak_0037_36794.jpg,54,53,054.Blue_Grosbeak,15,14,color_jitter,color_jitter,0,"{""brightness"":1.295927,""contrast"":0.93154,""hue"":-0.024923,""saturation"":0.990467}",0.0032574469,0.033567965,0.030310518,0.99674785,0.96698916,0.0011116794,0.0088545792,0.99563617,0.95813458,-0.037501592,0.81839006,11.799746,0.54584937,6.4408841,False,0.96396595,True,True,True,0.81839006,11.799746,0.54584937,6.4408841,0.81492866,11.840497,0.53603352,6.3469032,0.92717545,10.638083,0.10305144,1.0962698,0.77790653,9.1233654,0.14393682,1.3131882,0.75629878,11.609829,0.22937442,2.6629977,0.86424854,12.954488,0.29860916,3.8683289,0.81271134,12.368946,0.24871193,3.0763044,0.81610399,10.572633,0.25095109,2.6532137
0b_baseline_best,file,13,baseline,3114,054.Blue_Grosbeak/Blue_Grosbeak_0037_36794.jpg,54,53,054.Blue_Grosbeak,15,14,rotation,rotation,0,"{""angle"":11.16861}",0.0032574469,0.014024986,0.010767539,0.99674785,0.9860729,0.0011116794,0.0023009544,0.99563617,0.98377194,-0.011864229,0.83294673,4.1210406,0.54584937,2.2494674,False,0.98196566,True,True,True,0.83294673,4.1210406,0.54584937,2.2494674,0.82852572,4.1325548,0.53603352,2.2151879,0.96606437,3.7962697,0.10305144,0.39121108,0.90496565,4.9262247,0.14393682,0.70906511,0.81976257,4.1880537,0.22937442,0.9606324,0.825832,3.8292705,0.29860916,1.1434553,0.79508232,4.2148494,0.24871193,1.0482833,0.85142024,4.1317275,0.25095109,1.0368615
0b_baseline_best,file,13,baseline,3114,054.Blue_Grosbeak/Blue_Grosbeak_0037_36794.jpg,54,53,054.Blue_Grosbeak,15,14,random_resized_crop,random_resized_crop,0,"{""area_fraction"":0.562091,""aspect"":0.951448,""fallback"":false,""height"":0.768618,""left"":0.201622,""top"":0.145309,""width"":0.7313}",0.0032574469,0.033751693,0.030494246,0.99674785,0.96681154,0.0011116794,0.013668031,0.99563617,0.95314351,-0.042492665,0.79621418,11.311685,0.54584937,6.1744759,False,0.95967817,True,True,True,0.79621418,11.311685,0.54584937,6.1744759,0.79130255,11.358633,0.53603352,6.0886078,0.95449223,9.9577624,0.10305144,1.0261618,0.89409698,10.917658,0.14393682,1.5714529,0.80637816,11.919129,0.22937442,2.7339432,0.80391652,11.396913,0.29860916,3.4032225,0.72459679,10.937484,0.24871193,2.7202828,0.7922945,11.372774,0.25095109,2.8540101
0b_baseline_best,file,13,baseline,3114,054.Blue_Grosbeak/Blue_Grosbeak_0037_36794.jpg,54,53,054.Blue_Grosbeak,15,14,gaussian_blur,gaussian_blur,0,"{""sigma"":1.500641}",0.0032574469,0.031374663,0.028117216,0.99674785,0.9691124,0.0011116794,0.0060974672,0.99563617,0.96301493,-0.032621243,0.66886901,10.308395,0.54584937,5.6268307,False,0.9420079,True,True,True,0.66886901,10.308395,0.54584937,5.6268307,0.66109003,10.320466,0.53603352,5.5321155,0.88697669,9.9762468,0.10305144,1.0280666,0.7915966,8.4989472,0.14393682,1.2233114,0.60628139,10.337748,0.22937442,2.371215,0.6480074,10.471288,0.29860916,3.1268226,0.66496484,10.94134,0.24871193,2.7212417,0.69228835,10.004231,0.25095109,2.5105726
0b_baseline_best,file,13,baseline,3114,054.Blue_Grosbeak/Blue_Grosbeak_0037_36794.jpg,54,53,054.Blue_Grosbeak,15,14,random_erasing,random_erasing,0,"{""area_fraction"":0.113738,""erased"":true,""height"":0.277576,""left"":0.42695,""top"":0.454968,""width"":0.409756}",0.0032574469,0.5003683,0.49711085,0.99674785,0.60630733,0.0011116794,0.032253254,0.99563617,0.57405407,-0.4215821,0.6862817,134.70967,0.54584937,73.531191,False,0.89911246,True,True,True,0.6862817,134.70967,0.54584937,73.531191,0.68175922,134.91407,0.53603352,72.318463,0.81485209,129.05665,0.10305144,13.299474,0.8280875,114.02351,0.14393682,16.412182,0.6839956,142.47397,0.22937442,32.679885,0.73765597,139.34451,0.29860916,41.609547,0.64415663,141.23137,0.24871193,35.125927,0.59564941,121.35395,0.25095109,30.453905
0b_baseline_best,file,13,baseline,11057,188.Pileated_Woodpecker/Pileated_Woodpecker_0124_180168.jpg,188,187,188.Pileated_Woodpecker,191,190,identity,identity,0,{},0.025103632,0.025103632,0,0.97520882,0.97520882,0.010642314,0.010642314,0.9645665,0.9645665,0,1,1,3.9490792,3.9490792,False,0.99999994,True,True,True,1,1,3.9490792,3.9490792,1,1,3.8526549,3.8526549,1,1,0.86733881,0.86733881,1,1,0.74171416,0.74171416,1,1,1.4951401,1.4951401,1,1,2.001011,2.001011,1,1,1.9750891,1.9750891,1,1,2.0377301,2.0377301
0b_baseline_best,file,13,baseline,11057,188.Pileated_Woodpecker/Pileated_Woodpecker_0124_180168.jpg,188,187,188.Pileated_Woodpecker,191,190,horizontal_flip,horizontal_flip,0,"{""flipped"":true}",0.025103632,0.03549568,0.010392047,0.97520882,0.96512693,0.010642314,0.0041433773,0.9645665,0.96098355,-0.0035829502,0.55857864,1.6469251,3.9490792,6.5038377,False,0.97145438,True,True,True,0.55857864,1.6469251,3.9490792,6.5038377,0.54576057,1.6575712,3.8526549,6.3860498,0.86004538,1.4206468,0.86733881,1.2321821,0.571324,2.0669575,0.74171416,1.5330916,0.45201762,1.4698348,1.4951401,2.1976089,0.52208733,1.7690983,2.001011,3.5399852,0.51362022,1.7291671,1.9750891,3.415259,0.6608024,1.50509,2.0377301,3.0669672
0b_baseline_best,file,13,baseline,11057,188.Pileated_Woodpecker/Pileated_Woodpecker_0124_180168.jpg,188,187,188.Pileated_Woodpecker,191,190,color_jitter,color_jitter,0,"{""brightness"":0.677637,""contrast"":1.284596,""hue"":-0.085468,""saturation"":0.97085}",0.025103632,0.77124596,0.74614232,0.97520882,0.46243653,0.010642314,0.030522007,0.9645665,0.43191452,-0.53265199,0.57683712,26.427963,3.9490792,104.36612,False,0.90910482,True,True,True,0.57683712,26.427963,3.9490792,104.36612,0.56825128,26.70752,3.8526549,102.89486,0.82387258,20.133268,0.86733881,17.462365,0.50004737,48.685494,0.74171416,36.11072,0.57072753,30.410017,1.4951401,45.467235,0.55585179,25.114113,2.001011,50.253616,0.54461917,24.66911,1.9750891,48.72369,0.66036117,23.620325,2.0377301,48.131846
0b_baseline_best,file,13,baseline,11057,188.Pileated_Woodpecker/Pileated_Woodpecker_0124_180168.jpg,188,187,188.Pileated_Woodpecker,191,190,rotation,rotation,0,"{""angle"":-7.908669}",0.025103632,0.088295981,0.063192349,0.97520882,0.91548985,0.010642314,0.028502123,0.9645665,0.88698773,-0.077578776,0.75755359,3.645986,3.9490792,14.398288,False,0.96900964,True,True,True,0.75755359,3.645986,3.9490792,14.398288,0.74828834,3.6619841,3.8526549,14.108361,0.96312468,3.314579,0.86733881,2.874863,0.82011026,4.6555944,0.74171416,3.4531203,0.74320896,4.2992834,1.4951401,6.428031,0.71576818,3.562595,2.001011,7.1287919,0.71407022,3.3847338,1.9750891,6.6851508,0.81593305,3.4801648,2.0377301,7.0916366
0b_baseline_best,file,13,baseline,11057,188.Pileated_Woodpecker/Pileated_Woodpecker_0124_180168.jpg,188,187,188.Pileated_Woodpecker,191,190,random_resized_crop,random_resized_crop,0,"{""area_fraction"":0.539862,""aspect"":0.986635,""fallback"":false,""height"":0.739713,""left"":0.005676,""top"":0.022931,""width"":0.729827}",0.025103632,0.049245849,0.024142217,0.97520882,0.95194709,0.010642314,0.0018190782,0.9645665,0.95012801,-0.01443849,0.58089029,2.6926677,3.9490792,10.633558,False,0.95491856,True,True,True,0.58089029,2.6926677,3.9490792,10.633558,0.56998355,2.7126241,3.8526549,10.450804,0.84798569,2.263207,0.86733881,1.9629672,0.42834913,3.2668909,0.74171416,2.4230992,0.53526586,3.1251464,1.4951401,4.6725317,0.51869869,2.7085377,2.001011,5.4198138,0.556141,2.5513237,1.9750891,5.0390916,0.69074899,2.538068,2.0377301,5.1718976
0b_baseline_best,file,13,baseline,11057,188.Pileated_Woodpecker/Pileated_Woodpecker_0124_180168.jpg,188,187,188.Pileated_Woodpecker,191,190,gaussian_blur,gaussian_blur,0,"{""sigma"":1.888614}",0.025103632,0.034710255,0.0096066222,0.97520882,0.96588522,0.010642314,0.0082115941,0.9645665,0.95767363,-0.0068928767,0.56038461,1.4022464,3.9490792,5.5375822,False,0.9257766,True,True,True,0.56038461,1.4022464,3.9490792,5.5375822,0.54773325,1.4151152,3.8526549,5.4519505,0.89118704,1.1184537,0.86733881,0.97007833,0.49031134,2.0862598,0.74171416,1.5474084,0.4074559,1.5270385,1.4951401,2.2831365,0.50059275,1.4877656,2.001011,2.9770352,0.58381545,1.391606,1.9750891,2.7485457,0.69887251,1.1715626,2.0377301,2.3873283
0b_baseline_best,file,13,baseline,11057,188.Pileated_Woodpecker/Pileated_Woodpecker_0124_180168.jpg,188,187,188.Pileated_Woodpecker,191,190,random_erasing,random_erasing,0,"{""area_fraction"":0.06842,""erased"":true,""height"":0.360733,""left"":0.534814,""top"":0.635506,""width"":0.18967}",0.025103632,0.011339501,-0.013764131,0.97520882,0.98872453,0.010642314,0.0070589222,0.9645665,0.98166561,0.017099103,0.92093438,0.45037954,3.9490792,1.7785845,False,0.98502529,True,True,True,0.92093438,0.45037954,3.9490792,1.7785845,0.9192954,0.44927905,3.8526549,1.7309171,0.95276928,0.47156808,0.86733881,0.4090093,0.89407492,0.4061154,0.74171416,0.30122154,0.9204716,0.45720157,1.4951401,0.6835804,0.9108051,0.44516527,2.001011,0.89078061,0.92364576,0.44695201,1.9750891,0.88277003,0.92640974,0.45649161,2.0377301,0.93020669
0b_baseline_best,file,13,baseline,1103,020.Yellow_breasted_Chat/Yellow_Breasted_Chat_0012_21961.jpg,20,19,020.Yellow_breasted_Chat,200,199,identity,identity,0,{},0.04506864,0.04506864,0,0.95593184,0.95593184,0.021298226,0.021298226,0.93463362,0.93463362,0,1,1,5.4358438,5.4358438,False,1,True,True,True,1,1,5.4358438,5.4358438,1,1,5.2671179,5.2671179,1,1,1.3438256,1.3438256,1,1,1.1663972,1.1663972,1,1,1.9361856,1.9361856,1,1,2.6854408,2.6854408,1,1,2.6402994,2.6402994,1,1,2.9069676,2.9069676
0b_baseline_best,file,13,baseline,1103,020.Yellow_breasted_Chat/Yellow_Breasted_Chat_0012_21961.jpg,20,19,020.Yellow_breasted_Chat,200,199,horizontal_flip,horizontal_flip,0,"{""flipped"":true}",0.04506864,0.03309869,-0.01196995,0.95593184,0.96744311,0.021298226,0.0070479396,0.93463362,0.96039517,0.025761553,0.53791703,0.75529795,5.4358438,4.1056817,False,0.95971203,True,True,True,0.53791703,0.75529795,5.4358438,4.1056817,0.51644979,0.76147702,5.2671179,4.0107892,0.92847134,0.65306524,1.3438256,0.87760579,0.026405866,0.7303608,1.1663972,0.85189078,0.37297487,0.83955822,1.9361856,1.6255405,0.50571759,0.73442534,2.6854408,1.9722558,0.50856622,0.76871015,2.6402994,2.0296249,0.68263351,0.74650298,2.9069676,2.17006
0b_baseline_best,file,13,baseline,1103,020.Yellow_breasted_Chat/Yellow_Breasted_Chat_0012_21961.jpg,20,19,020.Yellow_breasted_Chat,200,199,color_jitter,color_jitter,0,"{""brightness"":1.134761,""contrast"":1.029855,""hue"":-0.053014,""saturation"":1.291177}",0.04506864,0.32343915,0.27837051,0.95593184,0.723656,0.021298226,0.032884795,0.93463362,0.6907712,-0.24386241,0.53856868,6.3453898,5.4358438,34.492548,False,0.92300493,True,True,True,0.53856868,6.3453898,5.4358438,34.492548,0.52276025,6.4197414,5.2671179,33.813535,0.8605848,5.0678738,1.3438256,6.8103385,0.51451095,5.3331625,1.1663972,6.2205858,0.37911133,7.6930263,1.9361856,14.895127,0.47692429,7.0061432,2.6854408,18.814583,0.53501862,6.2378377,2.6402994,16.469759,0.66609265,5.5206886,2.9069676,16.048463
0b_baseline_best,file,13,baseline,1103,020.Yellow_breasted_Chat/Yellow_Breasted_Chat_0012_21961.jpg,20,19,020.Yellow_breasted_Chat,200,199,rotation,rotation,0,"{""angle"":-6.691356}",0.04506864,0.01094717,-0.034121471,0.95593184,0.98911256,0.021298226,0.0024262115,0.93463362,0.98668634,0.052052728,0.72559503,0.2468308,5.4358438,1.3417337,False,0.97431958,True,True,True,0.72559503,0.2468308,5.4358438,1.3417337,0.71191162,0.2474613,5.2671179,1.3034078,0.94579116,0.23693402,1.3438256,0.318398,0.78924727,0.25161326,1.1663972,0.293481,0.68285619,0.26451598,1.9361856,0.51215202,0.67750903,0.24678159,2.6854408,0.66271736,0.66139087,0.2414703,2.6402994,0.63755388,0.78487286,0.24440348,2.9069676,0.710473
0b_baseline_best,file,13,baseline,1103,020.Yellow_breasted_Chat/Yellow_Breasted_Chat_0012_21961.jpg,20,19,020.Yellow_breasted_Chat,200,199,random_resized_crop,random_resized_crop,0,"{""area_fraction"":0.75131,""aspect"":0.940853,""fallback"":false,""height"":0.893611,""left"":0.019701,""top"":0.096733,""width"":0.840757}",0.04506864,0.040790826,-0.0042778142,0.95593184,0.9600299,0.021298226,0.0039027191,0.93463362,0.95612718,0.021493565,0.70444925,0.92807528,5.4358438,5.0448723,False,0.96556735,True,True,True,0.70444925,0.92807528,5.4358438,5.0448723,0.69246995,0.92946318,5.2671179,4.8955921,0.89335267,0.90648667,1.3438256,1.21816,0.77179236,0.93339082,1.1663972,1.0887044,0.71910564,0.94408576,1.9361856,1.8279252,0.69221623,0.98129436,2.6854408,2.6352079,0.65563577,0.92682511,2.6402994,2.4470957,0.70067027,0.87754913,2.9069676,2.5510069
0b_baseline_best,file,13,baseline,1103,020.Yellow_breasted_Chat/Yellow_Breasted_Chat_0012_21961.jpg,20,19,020.Yellow_breasted_Chat,200,199,gaussian_blur,gaussian_blur,0,"{""sigma"":1.452352}",0.04506864,0.10780001,0.062731367,0.95593184,0.89780712,0.021298226,0.039735757,0.93463362,0.85807136,-0.076562252,0.65073595,2.4063294,5.4358438,13.080431,False,0.93544722,True,True,True,0.65073595,2.4063294,5.4358438,13.080431,0.6334772,2.4140077,5.2671179,12.714863,0.93174806,2.2851326,1.3438256,3.0708197,0.68454595,1.9864174,1.1663972,2.3169517,0.541483,2.7390585,1.9361856,5.3033256,0.59140918,2.5886871,2.6854408,6.951766,0.60819602,2.4095088,2.6402994,6.3618246,0.7542193,2.1585718,2.9069676,6.2748983
0b_baseline_best,file,13,baseline,1103,020.Yellow_breasted_Chat/Yellow_Breasted_Chat_0012_21961.jpg,20,19,020.Yellow_breasted_Chat,200,199,random_erasing,random_erasing,0,"{""area_fraction"":0.142048,""erased"":true,""height"":0.543548,""left"":0.363769,""top"":0.379684,""width"":0.261336}",0.04506864,0.02454127,-0.02052737,0.95593184,0.97575742,0.021298226,0.019183153,0.93463362,0.95657427,0.02194065,0.64027902,0.60686769,5.4358438,3.298838,False,0.97207397,True,True,True,0.64027902,0.60686769,5.4358438,3.298838,0.62007845,0.60404806,5.2671179,3.1815923,0.93079125,0.64864539,1.3438256,0.87166628,0.55007854,0.42996866,1.1663972,0.50151423,0.35294154,0.64876251,1.9361856,1.2561246,0.54640626,0.57625316,2.6854408,1.5474937,0.65784236,0.63549271,2.6402994,1.677891,0.78874362,0.6040241,2.9069676,1.7558785
0b_baseline_best,file,13,baseline,9607,164.Cerulean_Warbler/Cerulean_Warbler_0060_797209.jpg,164,163,164.Cerulean_Warbler,171,170,identity,identity,0,{},0.0055902814,0.0055902814,0,0.9944253,0.9944253,0.0015483533,0.0015483533,0.99287694,0.99287694,0,1,1,0.9523761,0.9523761,False,1.0000001,True,True,True,1,1,0.9523761,0.9523761,1,1,0.93221112,0.93221112,1,1,0.19494274,0.19494274,1,1,0.18530055,0.18530055,1,1,0.49347323,0.49347323,1,1,0.46041209,0.46041209,1,1,0.4156691,0.4156691,1,1,0.45431855,0.45431855
0b_baseline_best,file,13,baseline,9607,164.Cerulean_Warbler/Cerulean_Warbler_0060_797209.jpg,164,163,164.Cerulean_Warbler,171,170,horizontal_flip,horizontal_flip,0,"{""flipped"":true}",0.0055902814,0.0020905323,-0.0034997491,0.9944253,0.99791163,0.0015483533,7.863564e-05,0.99287694,0.997833,0.004956053,0.66311035,0.32696942,0.9523761,0.31139787,False,0.96171319,True,True,True,0.66311035,0.32696942,0.9523761,0.31139787,0.65160839,0.32656817,0.93221112,0.30443048,0.91899264,0.33601426,0.19494274,0.065503539,0.56657124,0.32958427,0.18530055,0.061072147,0.69943991,0.25863661,0.49347323,0.12763024,0.5879189,0.33278373,0.46041209,0.15321766,0.61587646,0.34671032,0.4156691,0.14411677,0.73243355,0.37102285,0.45431855,0.16856257
0b_baseline_best,file,13,baseline,9607,164.Cerulean_Warbler/Cerulean_Warbler_0060_797209.jpg,164,163,164.Cerulean_Warbler,171,170,color_jitter,color_jitter,0,"{""brightness"":1.178304,""contrast"":1.191064,""hue"":-0.00968,""saturation"":0.675595}",0.0055902814,0.020926518,0.015336237,0.9944253,0.9792909,0.0015483533,0.00091160589,0.99287694,0.9783793,-0.014497647,0.72058475,4.0895099,0.9523761,3.8947515,False,0.97368753,True,True,True,0.72058475,4.0895099,0.9523761,3.8947515,0.7142618,4.081667,0.93221112,3.8049754,0.85962557,4.264921,0.19494274,0.83141538,0.56834557,3.2497612,0.18530055,0.60218253,0.75886933,3.4035357,0.49347323,1.6795538,0.66501127,4.2041147,0.46041209,1.9356253,0.70501778,4.5775945,0.4156691,1.9027646,0.76735964,4.3619284,0.45431855,1.981705
0b_baseline_best,file,13,baseline,9607,164.Cerulean_Warbler/Cerulean_Warbler_0060_797209.jpg,164,163,164.Cerulean_Warbler,171,170,rotation,rotation,0,"{""angle"":-6.393326}",0.0055902814,0.00038544854,-0.0052048329,0.9944253,0.9996146,0.0015483533,2.9596238e-05,0.99287694,0.999585,0.0067080567,0.74972676,0.056941663,0.9523761,0.054229879,False,0.96199119,True,True,True,0.74972676,0.056941663,0.9523761,0.054229879,0.74103105,0.056251438,0.93221112,0.052438216,0.92659456,0.070915038,0.19494274,0.013824372,0.68920252,0.051557258,0.18530055,0.0095535883,0.78110094,0.0456607,0.49347323,0.022532333,0.71859865,0.057353771,0.46041209,0.02640637,0.69838054,0.055052361,0.4156691,0.022883565,0.78963996,0.067118553,0.45431855,0.030493204
0b_baseline_best,file,13,baseline,9607,164.Cerulean_Warbler/Cerulean_Warbler_0060_797209.jpg,164,163,164.Cerulean_Warbler,171,170,random_resized_crop,random_resized_crop,0,"{""area_fraction"":0.701648,""aspect"":1.015097,""fallback"":false,""height"":0.831392,""left"":0.056309,""top"":0.012136,""width"":0.843943}",0.0055902814,0.0035803521,-0.0020099294,0.9944253,0.99642605,0.0015483533,0.00077903713,0.99287694,0.99564701,0.0027700653,0.8108635,0.70947994,0.9523761,0.67569174,False,0.97201008,True,True,True,0.8108635,0.70947994,0.9523761,0.67569174,0.80509891,0.71140289,0.93221112,0.66317769,0.95395056,0.66398917,0.19494274,0.12943987,0.68742485,0.87056526,0.18530055,0.16131622,0.85103787,0.74396832,0.49347323,0.36712845,0.81221557,0.72902705,0.46041209,0.33565287,0.75337218,0.66280745,0.4156691,0.27550858,0.81396575,0.66190739,0.45431855,0.30071681
0b_baseline_best,file,13,baseline,9607,164.Cerulean_Warbler/Cerulean_Warbler_0060_797209.jpg,164,163,164.Cerulean_Warbler,171,170,gaussian_blur,gaussian_blur,0,"{""sigma"":1.882026}",0.0055902814,0.009006707,0.0034164255,0.9944253,0.99103373,0.0015483533,7.5094489e-05,0.99287694,0.99095864,-0.001918305,0.48900824,2.1295321,0.9523761,2.0281155,False,0.91419256,True,True,True,0.48900824,2.1295321,0.9523761,2.0281155,0.47794567,2.1461121,0.93221112,2.0006295,0.81948531,1.7069993,0.19494274,0.33276711,0.12977414,2.581924,0.18530055,0.47843193,0.52696982,2.0609479,0.49347323,1.0170226,0.44233441,2.2860679,0.46041209,1.0525333,0.42749759,2.3575459,0.4156691,0.97995897,0.60964421,1.8032097,0.45431855,0.81923163
0b_baseline_best,file,13,baseline,9607,164.Cerulean_Warbler/Cerulean_Warbler_0060_797209.jpg,164,163,164.Cerulean_Warbler,171,170,random_erasing,random_erasing,0,"{""area_fraction"":0.192889,""erased"":true,""height"":0.264931,""left"":0.091809,""top"":0.382862,""width"":0.728073}",0.0055902814,0.19905567,0.19346539,0.9944253,0.81950426,0.0015483533,0.0097876247,0.99287694,0.80971664,-0.18316031,0.4966744,27.028511,0.9523761,25.741308,False,0.87870085,True,True,True,0.4966744,27.028511,0.9523761,25.741308,0.48182185,27.001763,0.93221112,25.171344,0.8286791,27.633095,0.19494274,5.3868711,0.27776349,24.135725,0.18530055,4.4723631,0.54175255,20.752606,0.49347323,10.240856,0.42443581,30.247989,0.46041209,13.92654,0.41426085,30.698053,0.4156691,12.760232,0.61055421,27.13227,0.45431855,12.326694
0b_baseline_best,file,13,baseline,1186,022.Chuck_will_Widow/Chuck_Will_Widow_0007_796958.jpg,22,21,022.Chuck_will_Widow,105,104,identity,identity,0,{},0.038815856,0.038815856,0,0.96192783,0.96192783,0.0098585272,0.0098585272,0.9520693,0.9520693,0,1,1,6.4188161,6.4188161,False,0.99999988,True,True,True,1,1,6.4188161,6.4188161,1,1,6.3385478,6.3385478,1,1,1.0119344,1.0119344,1,1,0.93177847,0.93177847,1,1,2.5453975,2.5453975,1,1,3.6701833,3.6701833,1,1,3.1842434,3.1842434,1,1,3.036491,3.036491
0b_baseline_best,file,13,baseline,1186,022.Chuck_will_Widow/Chuck_Will_Widow_0007_796958.jpg,22,21,022.Chuck_will_Widow,105,104,horizontal_flip,horizontal_flip,0,"{""flipped"":true}",0.038815856,0.032850355,-0.0059655011,0.96192783,0.96768337,0.0098585272,0.0066279322,0.9520693,0.96105544,0.0089861387,0.78334459,0.95016186,6.4188161,6.0989142,False,0.97768909,True,True,True,0.78334459,0.95016186,6.4188161,6.0989142,0.77893639,0.95214521,6.3385478,6.0352179,0.97611311,0.86877826,1.0119344,0.87914665,0.70136179,1.0068308,0.93177847,0.93814327,0.67152488,1.0231889,2.5453975,2.6044225,0.78306271,0.95239333,3.6701833,3.4954581,0.79083827,0.94763596,3.1842434,3.0175035,0.85599484,0.89811489,3.036491,2.7271178
0b_baseline_best,file,13,baseline,1186,022.Chuck_will_Widow/Chuck_Will_Widow_0007_796958.jpg,22,21,022.Chuck_will_Widow,105,104,color_jitter,color_jitter,0,"{""brightness"":0.889117,""contrast"":1.107581,""hue"":-0.06314,""saturation"":1.145098}",0.038815856,0.29340357,0.25458771,0.96192783,0.7457211,0.0098585272,0.017650632,0.9520693,0.72807047,-0.22399883,0.81931042,8.2363264,6.4188161,52.867464,False,0.89670318,True,True,True,0.81931042,8.2363264,6.4188161,52.867464,0.81878976,8.2666299,6.3385478,52.398429,0.85585568,6.9437533,1.0119344,7.0266232,0.82951205,9.8080077,0.93177847,9.1388904,0.77785305,8.8427322,2.5453975,22.508268,0.84983984,8.7325388,3.6701833,32.050018,0.81147326,7.6110589,3.1842434,24.235464,0.81743076,7.6592013,3.036491,23.257096
0b_baseline_best,file,13,baseline,1186,022.Chuck_will_Widow/Chuck_Will_Widow_0007_796958.jpg,22,21,022.Chuck_will_Widow,105,104,rotation,rotation,0,"{""angle"":4.176394}",0.038815856,0.0642474,0.025431544,0.96192783,0.93777299,0.0098585272,0.011525029,0.9520693,0.92624796,-0.025821344,0.8218422,1.6913546,6.4188161,10.856494,False,0.98410702,True,True,True,0.8218422,1.6913546,6.4188161,10.856494,0.81824303,1.6949677,6.3385478,10.743634,0.98052008,1.5429304,1.0119344,1.5613444,0.72822723,2.0636633,0.93177847,1.922877,0.7886358,1.760004,2.5453975,4.4799098,0.80436792,1.6969924,3.6701833,6.2282733,0.80923891,1.6591032,3.1842434,5.2829884,0.88491021,1.6452296,3.036491,4.995725
0b_baseline_best,file,13,baseline,1186,022.Chuck_will_Widow/Chuck_Will_Widow_0007_796958.jpg,22,21,022.Chuck_will_Widow,105,104,random_resized_crop,random_resized_crop,0,"{""area_fraction"":0.772384,""aspect"":0.993756,""fallback"":false,""height"":0.88161,""left"":0.027801,""top"":0.039309,""width"":0.876106}",0.038815856,0.083851203,0.045035347,0.96192783,0.91956806,0.0098585272,0.0060210172,0.9520693,0.91354704,-0.038522259,0.7802088,2.3242923,6.4188161,14.919204,False,0.94516158,True,True,True,0.7802088,2.3242923,6.4188161,14.919204,0.77691415,2.3292729,6.3385478,14.764207,0.92565047,2.11966,1.0119344,2.1449569,0.73320419,2.8090961,0.93177847,2.6174553,0.73340342,2.380455,2.5453975,6.0592041,0.79584614,2.4336546,3.6701833,8.9319584,0.75665716,2.1332806,3.1842434,6.7928846,0.81109622,2.2933501,3.036491,6.963737
0b_baseline_best,file,13,baseline,1186,022.Chuck_will_Widow/Chuck_Will_Widow_0007_796958.jpg,22,21,022.Chuck_will_Widow,105,104,gaussian_blur,gaussian_blur,0,"{""sigma"":1.364274}",0.038815856,0.52288485,0.48406899,0.96192783,0.59280795,0.0098585272,0.07859803,0.9520693,0.51420992,-0.43785939,0.67247645,10.536699,6.4188161,67.633131,False,0.89831126,True,True,True,0.67247645,10.536699,6.4188161,67.633131,0.66752978,10.553417,6.3385478,66.893339,0.88176712,9.8584002,1.0119344,9.9760548,0.71811935,12.962752,0.93177847,12.078413,0.66024698,11.72781,2.5453975,29.851937,0.66093731,10.424312,3.6701833,38.259136,0.63020457,10.164713,3.1842434,32.366921,0.72526979,10.023214,3.036491,30.435399
0b_baseline_best,file,13,baseline,1186,022.Chuck_will_Widow/Chuck_Will_Widow_0007_796958.jpg,22,21,022.Chuck_will_Widow,105,104,random_erasing,random_erasing,0,"{""area_fraction"":0.109667,""erased"":true,""height"":0.472554,""left"":0.104591,""top"":0.477517,""width"":0.232073}",0.038815856,0.1005071,0.061691239,0.96192783,0.90437871,0.0098585272,0.0359319,0.9520693,0.86844681,-0.083622492,0.90664139,2.2966862,6.4188161,14.742006,False,0.97829032,True,True,True,0.90664139,2.2966862,6.4188161,14.742006,0.90505427,2.2851814,6.3385478,14.484732,0.97196356,2.7097935,1.0119344,2.7421333,0.90806554,2.4681239,0.93177847,2.2997447,0.92263789,2.4871917,2.5453975,6.3308915,0.91647416,2.193775,3.6701833,8.0515563,0.88868486,2.2571858,3.1842434,7.1874289,0.89693987,2.2805007,3.036491,6.9247198
0b_baseline_best,file,13,baseline,7585,130.Tree_Sparrow/Tree_Sparrow_0041_123497.jpg,130,129,130.Tree_Sparrow,31,30,identity,identity,0,{},3.918843,3.918843,0,0.019864062,0.019864062,0.13504899,0.13504899,-0.11518492,-0.11518492,0,1,1,142.83762,142.83762,False,1,True,False,False,1,1,142.83762,142.83762,1,1,140.26862,140.26862,1,1,26.968496,26.968496,1,1,29.30661,29.30661,1,1,74.65656,74.65656,1,1,77.531785,77.531785,1,1,63.163003,63.163003,1,1,56.939128,56.939128
0b_baseline_best,file,13,baseline,7585,130.Tree_Sparrow/Tree_Sparrow_0041_123497.jpg,130,129,130.Tree_Sparrow,31,30,horizontal_flip,horizontal_flip,0,"{""flipped"":true}",3.918843,4.0522294,0.13338637,0.019864062,0.017383577,0.13504899,0.2938621,-0.11518492,-0.27647853,-0.1612936,0.74646159,1.0177882,142.83762,145.37844,False,0.9700138,True,False,False,0.74646159,1.0177882,142.83762,145.37844,0.73850835,1.0161269,140.26862,142.53072,0.9530658,1.0617446,26.968496,28.633656,0.78612576,1.1146372,29.30661,32.666237,0.82846763,0.94442397,74.65656,70.507444,0.72188411,1.0226451,77.531785,79.287496,0.66254121,1.0477888,63.163003,66.18149,0.71437221,1.0552378,56.939128,60.084323
0b_baseline_best,file,13,baseline,7585,130.Tree_Sparrow/Tree_Sparrow_0041_123497.jpg,130,129,130.Tree_Sparrow,31,30,color_jitter,color_jitter,0,"{""brightness"":1.314646,""contrast"":1.053178,""hue"":0.051403,""saturation"":1.109298}",3.918843,6.5201497,2.6013067,0.019864062,0.0014734487,0.13504899,0.017242262,-0.11518492,-0.015768813,0.09941611,0.6782648,0.81058287,142.83762,115.78173,False,0.91563803,False,False,False,0.6782648,0.81058287,142.83762,115.78173,0.66901507,0.8006209,140.26862,112.30199,0.89305798,1.044633,26.968496,28.172182,0.67824224,0.94053336,29.30661,27.563845,0.68051193,0.75056377,74.65656,56.034509,0.66886781,0.75121621,77.531785,58.243134,0.65116026,0.79230508,63.163003,50.044368,0.68357769,0.93187903,56.939128,53.06038
0b_baseline_best,file,13,baseline,7585,130.Tree_Sparrow/Tree_Sparrow_0041_123497.jpg,130,129,130.Tree_Sparrow,31,30,rotation,rotation,0,"{""angle"":-10.755425}",3.918843,2.8710651,-1.0477779,0.019864062,0.056638565,0.13504899,0.087198369,-0.11518492,-0.030559804,0.084625119,0.75424104,1.3035459,142.83762,186.1954,False,0.93950081,False,False,False,0.75424104,1.3035459,142.83762,186.1954,0.75022259,1.3132895,140.26862,184.21331,0.9227885,1.0047211,26.968496,27.095817,0.78776568,1.4511378,29.30661,42.52793,0.78943263,1.3162933,74.65656,98.269932,0.74529967,1.3448986,77.531785,104.27239,0.70827755,1.3213628,63.163003,83.46124,0.7362511,1.1950879,56.939128,68.047264
0b_baseline_best,file,13,baseline,7585,130.Tree_Sparrow/Tree_Sparrow_0041_123497.jpg,130,129,130.Tree_Sparrow,31,30,random_resized_crop,random_resized_crop,0,"{""area_fraction"":0.505761,""aspect"":0.822109,""fallback"":false,""height"":0.784346,""left"":0.164283,""top"":0.057344,""width"":0.644818}",3.918843,5.0262494,1.1074064,0.019864062,0.0065633799,0.13504899,0.038405623,-0.11518492,-0.031842243,0.08334268,0.55374852,0.93856359,142.83762,134.06219,False,0.88562107,False,False,False,0.55374852,0.93856359,142.83762,134.06219,0.54246853,0.93211378,140.26862,130.74632,0.81980894,1.0987738,26.968496,29.632276,0.64672146,1.3367249,29.30661,39.174876,0.57465362,0.94678514,74.65656,70.683721,0.52279098,0.8111586,77.531785,62.890574,0.49366454,0.87760083,63.163003,55.431904,0.56003439,1.0443215,56.939128,59.462757
0b_baseline_best,file,13,baseline,7585,130.Tree_Sparrow/Tree_Sparrow_0041_123497.jpg,130,129,130.Tree_Sparrow,31,30,gaussian_blur,gaussian_blur,0,"{""sigma"":1.032966}",3.918843,4.4493995,0.53055644,0.019864062,0.011685583,0.13504899,0.12860216,-0.11518492,-0.11691658,-0.0017316556,0.61712931,1.0711952,142.83762,153.00697,False,0.93961644,False,False,False,0.61712931,1.0711952,142.83762,153.00697,0.60709393,1.0683747,140.26862,149.85944,0.87189319,1.1448643,26.968496,30.875269,0.64641959,1.4648926,29.30661,42.931037,0.50616975,1.0291518,74.65656,76.832932,0.63507978,1.0363,77.531785,80.346191,0.6123479,1.0729128,63.163003,67.768394,0.71596927,1.0629972,56.939128,60.526132
0b_baseline_best,file,13,baseline,7585,130.Tree_Sparrow/Tree_Sparrow_0041_123497.jpg,130,129,130.Tree_Sparrow,31,30,random_erasing,random_erasing,0,"{""area_fraction"":0.185863,""erased"":true,""height"":0.728269,""left"":0.737709,""top"":0.061896,""width"":0.255213}",3.918843,4.2517724,0.33292937,0.019864062,0.014238976,0.13504899,0.12300604,-0.11518492,-0.10876706,0.0064178612,0.93484996,0.96813275,142.83762,138.28578,False,0.97483736,False,False,False,0.93484996,0.96813275,142.83762,138.28578,0.93347854,0.96574088,140.26862,135.46314,0.97151915,1.0307349,26.968496,27.79737,0.92919925,1.0516412,29.30661,30.820037,0.93150041,0.90834989,74.65656,67.814278,0.95316626,0.98171521,77.531785,76.114132,0.93237483,0.97626787,63.163003,61.664011,0.9074766,0.99439159,56.939128,56.61979
0b_baseline_best,file,13,baseline,1286,023.Brandt_Cormorant/Brandt_Cormorant_0063_22865.jpg,23,22,023.Brandt_Cormorant,7,6,identity,identity,0,{},2.5684257,2.5684257,0,0.076656133,0.076656133,0.16741204,0.16741204,-0.09075591,-0.09075591,0,1,1,123.59863,123.59863,False,1,True,False,False,1,1,123.59863,123.59863,1,1,121.38963,121.38963,1,1,23.263228,23.263228,1,1,24.151372,24.151372,1,1,52.219859,52.219859,1,1,61.79118,61.79118,1,1,60.091145,60.091145,1,1,63.215064,63.215064
0b_baseline_best,file,13,baseline,1286,023.Brandt_Cormorant/Brandt_Cormorant_0063_22865.jpg,23,22,023.Brandt_Cormorant,7,6,horizontal_flip,horizontal_flip,0,"{""flipped"":true}",2.5684257,2.4435976,-0.1248281,0.076656133,0.086847849,0.16741204,0.40320805,-0.09075591,-0.3163602,-0.22560429,0.62143069,1.2593496,123.59863,155.65388,False,0.94865763,True,False,False,0.62143069,1.2593496,123.59863,155.65388,0.61115127,1.2614056,121.38963,153.12156,0.91585094,1.2020161,23.263228,27.962774,0.41358256,1.506641,24.151372,36.387446,0.43938154,1.2023289,52.219859,62.785443,0.6672378,1.3207215,61.79118,81.608937,0.62157151,1.2833711,60.091145,77.119237,0.70151516,1.1809039,63.215064,74.650913
0b_baseline_best,file,13,baseline,1286,023.Brandt_Cormorant/Brandt_Cormorant_0063_22865.jpg,23,22,023.Brandt_Cormorant,7,6,color_jitter,color_jitter,0,"{""brightness"":1.187783,""contrast"":1.007096,""hue"":0.099264,""saturation"":0.640056}",2.5684257,3.3204348,0.75200915,0.076656133,0.036137115,0.16741204,0.23110668,-0.09075591,-0.19496957,-0.10421366,0.83305056,0.93402521,123.59863,115.44423,False,0.97363603,True,False,False,0.83305056,0.93402521,123.59863,115.44423,0.82761946,0.92932114,121.38963,112.80995,0.9697811,1.0540725,23.263228,24.521129,0.7790589,1.0400666,24.151372,25.119035,0.77068116,0.77865786,52.219859,40.661403,0.81732701,0.81640382,61.79118,50.446556,0.84250464,1.0165155,60.091145,61.083579,0.87845448,1.0209958,63.215064,64.542316
0b_baseline_best,file,13,baseline,1286,023.Brandt_Cormorant/Brandt_Cormorant_0063_22865.jpg,23,22,023.Brandt_Cormorant,7,6,rotation,rotation,0,"{""angle"":3.888311}",2.5684257,2.4678869,-0.10053873,0.076656133,0.084763773,0.16741204,0.12578155,-0.09075591,-0.041017778,0.049738131,0.82146257,1.0093929,123.59863,124.75958,False,0.96733636,False,False,False,0.82146257,1.0093929,123.59863,124.75958,0.81632656,1.0100037,121.38963,122.60397,0.96387706,0.99261884,23.263228,23.091519,0.78079727,1.0904057,24.151372,26.334793,0.77549336,1.0023108,52.219859,52.340527,0.80042394,0.98975517,61.79118,61.15814,0.82596722,1.0663389,60.091145,64.077528,0.8593862,0.96902718,63.215064,61.257115
0b_baseline_best,file,13,baseline,1286,023.Brandt_Cormorant/Brandt_Cormorant_0063_22865.jpg,23,22,023.Brandt_Cormorant,7,6,random_resized_crop,random_resized_crop,0,"{""area_fraction"":0.629938,""aspect"":1.007303,""fallback"":false,""height"":0.790804,""left"":0.036089,""top"":0.060395,""width"":0.796579}",2.5684257,2.6281352,0.059709549,0.076656133,0.072213002,0.16741204,0.15025756,-0.09075591,-0.078044556,0.012711354,0.65061033,1.0527314,123.59863,130.11616,False,0.92406404,True,False,False,0.65061033,1.0527314,123.59863,130.11616,0.64080006,1.0517085,121.38963,127.66651,0.91090498,1.0802114,23.263228,25.129205,0.3808134,1.4152481,24.151372,34.180183,0.57983355,1.1111891,52.219859,58.026139,0.60797221,1.0225275,61.79118,63.183181,0.69440567,1.0344529,60.091145,62.161461,0.73186556,0.98881591,63.215064,62.508062
0b_baseline_best,file,13,baseline,1286,023.Brandt_Cormorant/Brandt_Cormorant_0063_22865.jpg,23,22,023.Brandt_Cormorant,7,6,gaussian_blur,gaussian_blur,0,"{""sigma"":1.95878}",2.5684257,2.8409531,0.27252746,0.076656133,0.058370005,0.16741204,0.0095219882,-0.09075591,0.048848017,0.13960393,0.29404062,1.4391203,123.59863,177.87329,False,0.7692101,False,False,False,0.29404062,1.4391203,123.59863,177.87329,0.28293918,1.442427,121.38963,175.09568,0.61866,1.3459668,23.263228,31.311533,-0.034332196,2.1079233,24.151372,50.909238,0.28213296,1.5413235,52.219859,80.487696,0.26656585,1.4630415,61.79118,90.403058,0.2854014,1.368605,60.091145,82.24104,0.38222392,1.2902125,63.215064,81.560869
0b_baseline_best,file,13,baseline,1286,023.Brandt_Cormorant/Brandt_Cormorant_0063_22865.jpg,23,22,023.Brandt_Cormorant,7,6,random_erasing,random_erasing,0,"{""area_fraction"":0.158468,""erased"":true,""height"":0.445117,""left"":0.116659,""top"":0.475086,""width"":0.356013}",2.5684257,3.4049046,0.83647895,0.076656133,0.033209987,0.16741204,0.25675675,-0.09075591,-0.22354677,-0.13279086,0.82538477,1.0279471,123.59863,127.05284,False,0.96349204,True,False,False,0.82538477,1.0279471,123.59863,127.05284,0.82034032,1.0241565,121.38963,124.32198,0.95387003,1.1262662,23.263228,26.200588,0.78808236,1.1044902,24.151372,26.674954,0.82462138,0.97122867,52.219859,50.717424,0.83653332,1.0138042,61.79118,62.644158,0.80253892,1.0430641,60.091145,62.678919,0.82502007,1.0396363,63.215064,65.720673
0b_baseline_best,file,13,baseline,4426,076.Dark_eyed_Junco/Dark_Eyed_Junco_0096_68514.jpg,76,75,076.Dark_eyed_Junco,160,159,identity,identity,0,{},0.29724401,0.29724401,0,0.7428627,0.7428627,0.062211622,0.062211622,0.68065108,0.68065108,0,1,1,40.157299,40.157299,False,1,True,True,True,1,1,40.157299,40.157299,1,1,39.417994,39.417994,1,1,7.6701001,7.6701001,1,1,7.2982618,7.2982618,1,1,16.963237,16.963237,1,1,22.812654,22.812654,1,1,19.655393,19.655393,1,1,17.493157,17.493157
0b_baseline_best,file,13,baseline,4426,076.Dark_eyed_Junco/Dark_Eyed_Junco_0096_68514.jpg,76,75,076.Dark_eyed_Junco,160,159,horizontal_flip,horizontal_flip,0,"{""flipped"":true}",0.29724401,0.24905938,-0.048184633,0.7428627,0.77953368,0.062211622,0.012150901,0.68065108,0.76738278,0.086731703,0.55315558,0.80592146,40.157299,32.363629,False,0.95444709,True,True,True,0.55315558,0.80592146,40.157299,32.363629,0.53785872,0.8021929,39.417994,31.620835,0.91716713,0.89881546,7.6701001,6.8940046,0.46280501,0.77564756,7.2982618,5.660879,0.51996913,0.72593111,16.963237,12.314142,0.52337091,0.76830455,22.812654,17.527065,0.48513402,0.83129186,19.655393,16.339369,0.65259993,0.88931977,17.493157,15.557011
0b_baseline_best,file,13,baseline,4426,076.Dark_eyed_Junco/Dark_Eyed_Junco_0096_68514.jpg,76,75,076.Dark_eyed_Junco,160,159,color_jitter,color_jitter,0,"{""brightness"":1.250656,""contrast"":1.00047,""hue"":0.07384,""saturation"":0.69346}",0.29724401,2.0732265,1.7759824,0.7428627,0.1257793,0.062211622,0.03026399,0.68065108,0.095515311,-0.58513577,0.42438365,2.7686694,40.157299,111.18229,False,0.89250618,True,True,True,0.42438365,2.7686694,40.157299,111.18229,0.4060416,2.7546791,39.417994,108.58393,0.85579812,3.1155107,7.6701001,23.896279,0.17624265,2.4968929,7.2982618,18.222978,0.10280411,2.4842296,16.963237,42.140575,0.3502102,2.5275813,22.812654,57.660836,0.48355711,2.8998395,19.655393,56.997487,0.65470061,3.1874812,17.493157,55.759109
0b_baseline_best,file,13,baseline,4426,076.Dark_eyed_Junco/Dark_Eyed_Junco_0096_68514.jpg,76,75,076.Dark_eyed_Junco,160,159,rotation,rotation,0,"{""angle"":8.12498}",0.29724401,0.76044363,0.46319962,0.7428627,0.46745902,0.062211622,0.0057754591,0.68065108,0.46168356,-0.21896752,0.49129162,1.6975971,40.157299,68.170914,False,0.90642738,True,True,True,0.49129162,1.6975971,40.157299,68.170914,0.47605475,1.6911301,39.417994,66.660955,0.85926825,1.8602777,7.6701001,14.268517,0.51363656,1.3622339,7.2982618,9.9419395,0.39537619,1.3507232,16.963237,22.912638,0.47216952,1.5497714,22.812654,35.354399,0.45635653,1.811459,19.655393,35.604939,0.56992531,2.0628694,17.493157,36.0861
0b_baseline_best,file,13,baseline,4426,076.Dark_eyed_Junco/Dark_Eyed_Junco_0096_68514.jpg,76,75,076.Dark_eyed_Junco,160,159,random_resized_crop,random_resized_crop,0,"{""area_fraction"":0.708024,""aspect"":0.806838,""fallback"":false,""height"":0.936766,""left"":0.040268,""top"":0.04859,""width"":0.755818}",0.29724401,0.83789814,0.54065412,0.7428627,0.43261889,0.062211622,0.010446588,0.68065108,0.4221723,-0.25847878,0.45627368,1.9336877,40.157299,77.651677,False,0.9363969,True,True,True,0.45627368,1.9336877,40.157299,77.651677,0.43788915,1.9201892,39.417994,75.690008,0.87444862,2.2612156,7.6701001,17.34375,0.43645456,1.9198693,7.2982618,14.011709,0.12943328,1.7887647,16.963237,30.34324,0.47153453,1.8851087,22.812654,43.004331,0.46144401,1.9002464,19.655393,37.350091,0.60883152,2.113981,17.493157,36.980203
0b_baseline_best,file,13,baseline,4426,076.Dark_eyed_Junco/Dark_Eyed_Junco_0096_68514.jpg,76,75,076.Dark_eyed_Junco,160,159,gaussian_blur,gaussian_blur,0,"{""sigma"":1.703614}",0.29724401,3.2931614,2.9959174,0.7428627,0.037136268,0.062211622,0.0082577979,0.68065108,0.02887847,-0.65177261,0.2269002,2.7564303,40.157299,110.6908,False,0.74720252,False,True,False,0.2269002,2.7564303,40.157299,110.6908,0.2069605,2.7455984,39.417994,108.22598,0.7053807,3.0285226,7.6701001,23.229072,0.12496052,2.30696,7.2982618,16.836798,-0.02769773,2.5100459,16.963237,42.578503,0.10840247,2.6455276,22.812654,60.351504,0.2676289,2.7580041,19.655393,54.209656,0.47017286,3.1495205,17.493157,55.095058
0b_baseline_best,file,13,baseline,4426,076.Dark_eyed_Junco/Dark_Eyed_Junco_0096_68514.jpg,76,75,076.Dark_eyed_Junco,160,159,random_erasing,random_erasing,0,"{""area_fraction"":0.082677,""erased"":true,""height"":0.283205,""left"":0.399249,""top"":0.533503,""width"":0.291932}",0.29724401,0.44201776,0.14477375,0.7428627,0.64273822,0.062211622,0.068212725,0.68065108,0.5745255,-0.10612558,0.94171376,1.273122,40.157299,51.125143,False,0.97854966,True,True,True,0.94171376,1.273122,40.157299,51.125143,0.94045632,1.2727811,39.417994,50.170477,0.97470699,1.2820944,7.6701001,9.8337926,0.95631098,1.2638022,7.2982618,9.2235591,0.94900317,1.276359,16.963237,21.651181,0.94840126,1.2508794,22.812654,28.535878,0.9328888,1.2649837,19.655393,24.863753,0.92716682,1.3169437,17.493157,23.037504
0b_baseline_best,file,13,baseline,3621,063.Ivory_Gull/Ivory_Gull_0089_49699.jpg,63,62,063.Ivory_Gull,178,177,identity,identity,0,{},0.83666688,0.83666688,0,0.43315187,0.43315187,0.061135262,0.061135262,0.37201661,0.37201661,0,1,1,104.3717,104.3717,False,1,True,True,True,1,1,104.3717,104.3717,1,1,103.34154,103.34154,1,1,14.627952,14.627952,1,1,32.510607,32.510607,1,1,50.246502,50.246502,1,1,55.836141,55.836141,1,1,45.542812,45.542812,1,1,43.657778,43.657778
0b_baseline_best,file,13,baseline,3621,063.Ivory_Gull/Ivory_Gull_0089_49699.jpg,63,62,063.Ivory_Gull,178,177,horizontal_flip,horizontal_flip,0,"{""flipped"":true}",0.83666688,0.72527468,-0.1113922,0.43315187,0.48419157,0.061135262,0.076723352,0.37201661,0.40746821,0.035451606,0.63611675,0.74942711,104.3717,78.21898,False,0.95340025,True,True,True,0.63611675,0.74942711,104.3717,78.21898,0.62898163,0.74645353,103.34154,77.13966,0.94545176,0.88523673,14.627952,12.9492,0.095859828,0.52633494,32.510607,17.111468,0.66553976,0.68135837,50.246502,34.235875,0.66408784,0.77252473,55.836141,43.1348,0.63996277,0.79431834,45.542812,36.175491,0.73363567,0.83104488,43.657778,36.281573
0b_baseline_best,file,13,baseline,3621,063.Ivory_Gull/Ivory_Gull_0089_49699.jpg,63,62,063.Ivory_Gull,178,177,color_jitter,color_jitter,0,"{""brightness"":1.132275,""contrast"":1.170446,""hue"":-0.088355,""saturation"":1.029595}",0.83666688,1.7685637,0.93189687,0.43315187,0.17057779,0.061135262,0.21089983,0.37201661,-0.040322036,-0.41233864,0.79917602,1.1654375,104.3717,121.63869,False,0.94740868,False,True,False,0.79917602,1.1654375,104.3717,121.63869,0.79625661,1.1596994,103.34154,119.84513,0.93429335,1.4227182,14.627952,20.811453,0.87701136,1.0431151,32.510607,33.912306,0.8307725,1.0980705,50.246502,55.1742,0.77461108,1.1697758,55.836141,65.315764,0.74126715,1.1648883,45.542812,53.052287,0.81431444,1.2728335,43.657778,55.569085
0b_baseline_best,file,13,baseline,3621,063.Ivory_Gull/Ivory_Gull_0089_49699.jpg,63,62,063.Ivory_Gull,178,177,rotation,rotation,0,"{""angle"":1.575944}",0.83666688,0.59202802,-0.24463886,0.43315187,0.55320424,0.061135262,0.053482328,0.37201661,0.49972191,0.1277053,0.87961498,0.78492884,104.3717,81.924356,False,0.9624055,True,True,True,0.87961498,0.78492884,104.3717,81.924356,0.87816652,0.78565741,103.34154,81.191049,0.95664073,0.7476646,14.627952,10.936802,0.93273449,0.73903216,32.510607,24.026384,0.89700483,0.78977361,50.246502,39.683362,0.86970296,0.82313672,55.836141,45.960778,0.84464707,0.7754262,45.542812,35.315089,0.87849061,0.75288902,43.657778,32.869462
0b_baseline_best,file,13,baseline,3621,063.Ivory_Gull/Ivory_Gull_0089_49699.jpg,63,62,063.Ivory_Gull,178,177,random_resized_crop,random_resized_crop,0,"{""area_fraction"":0.681789,""aspect"":1.268379,""fallback"":false,""height"":0.733163,""left"":0.017402,""top"":0.258509,""width"":0.929928}",0.83666688,1.4998693,0.66320246,0.43315187,0.22315931,0.061135262,0.36880898,0.37201661,-0.14564967,-0.51766628,0.7189473,1.2277538,104.3717,128.14275,False,0.93064892,False,True,False,0.7189473,1.2277538,104.3717,128.14275,0.71549298,1.2197279,103.34154,126.04857,0.87554296,1.5772629,14.627952,23.072126,0.84076791,1.2455382,32.510607,40.493204,0.77346287,1.1900775,50.246502,59.797233,0.71450007,1.1185204,55.836141,62.453863,0.62286815,1.2840582,45.542812,58.479621,0.68785654,1.3262383,43.657778,57.900618
0b_baseline_best,file,13,baseline,3621,063.Ivory_Gull/Ivory_Gull_0089_49699.jpg,63,62,063.Ivory_Gull,178,177,gaussian_blur,gaussian_blur,0,"{""sigma"":1.944306}",0.83666688,1.39382,0.55715317,0.43315187,0.24812564,0.061135262,0.079557747,0.37201661,0.1685679,-0.20344871,0.5580684,1.2505632,104.3717,130.52341,False,0.79602766,True,True,True,0.5580684,1.2505632,104.3717,130.52341,0.55363816,1.25134,103.34154,129.3154,0.7868056,1.2111638,14.627952,17.716846,0.71165581,1.0698914,32.510607,34.782817,0.53727534,1.1430638,50.246502,57.434956,0.5271369,1.2910067,55.836141,72.084831,0.52429369,1.4011725,45.542812,63.813337,0.58999394,1.2431317,43.657778,54.272368
0b_baseline_best,file,13,baseline,3621,063.Ivory_Gull/Ivory_Gull_0089_49699.jpg,63,62,063.Ivory_Gull,178,177,random_erasing,random_erasing,0,"{""area_fraction"":0.102621,""erased"":true,""height"":0.198628,""left"":0.177156,""top"":0.36699,""width"":0.516652}",0.83666688,0.95506454,0.11839765,0.43315187,0.38478732,0.061135262,0.023155654,0.37201661,0.36163167,-0.010384941,0.59605901,0.91809296,104.3717,95.822921,False,0.93742597,True,True,True,0.59605901,0.91809296,104.3717,95.822921,0.58901388,0.91353547,103.34154,94.406165,0.89463517,1.1222833,14.627952,16.416706,0.59478988,0.52837229,32.510607,17.177703,0.62787002,0.85875884,50.246502,43.149628,0.52283522,0.9532566,55.836141,53.22617,0.57167589,0.96761405,45.542812,44.067864,0.69577087,1.0193708,43.657778,44.503464
0b_baseline_best,file,13,baseline,3866,067.Anna_Hummingbird/Anna_Hummingbird_0127_56520.jpg,67,66,067.Anna_Hummingbird,35,34,identity,identity,0,{},0.022951201,0.022951201,0,0.97731018,0.97731018,0.00512174,0.00512174,0.97218844,0.97218844,0,1,1,3.9351844,3.9351844,False,1,True,True,True,1,1,3.9351844,3.9351844,1,1,3.8673039,3.8673039,1,1,0.72776139,0.72776139,1,1,0.6531453,0.6531453,1,1,1.56276,1.56276,1,1,2.0508252,2.0508252,1,1,2.1335217,2.1335217,1,1,1.8246708,1.8246708
0b_baseline_best,file,13,baseline,3866,067.Anna_Hummingbird/Anna_Hummingbird_0127_56520.jpg,67,66,067.Anna_Hummingbird,35,34,horizontal_flip,horizontal_flip,0,"{""flipped"":true}",0.022951201,0.20263447,0.17968327,0.97731018,0.81657666,0.00512174,0.10737967,0.97218844,0.70919698,-0.26299146,0.54789343,9.7804987,3.9351844,38.488066,False,0.95187879,True,True,True,0.54789343,9.7804987,3.9351844,38.488066,0.53644625,9.8043088,3.8673039,37.916242,0.89838741,9.0824106,0.72776139,6.6098277,0.50861886,9.7838548,0.6531453,6.3902788,0.42019737,9.9807006,1.56276,15.597439,0.53292631,10.052323,2.0508252,20.615557,0.52353269,9.6289843,2.1335217,20.543647,0.65169661,9.5944187,1.8246708,17.506656
0b_baseline_best,file,13,baseline,3866,067.Anna_Hummingbird/Anna_Hummingbird_0127_56520.jpg,67,66,067.Anna_Hummingbird,35,34,color_jitter,color_jitter,0,"{""brightness"":0.609444,""contrast"":1.389755,""hue"":0.030631,""saturation"":0.602028}",0.022951201,0.35149524,0.32854404,0.97731018,0.70363522,0.00512174,0.024885107,0.97218844,0.67875011,-0.29343833,0.68817476,13.91378,3.9351844,54.753292,False,0.95455891,True,True,True,0.68817476,13.91378,3.9351844,54.753292,0.68156188,13.94879,3.8673039,53.944212,0.89240719,12.885955,0.72776139,9.3779006,0.64835465,24.885519,0.6531453,16.25386,0.52479889,15.174292,1.56276,23.713776,0.68035036,14.563726,2.0508252,29.867656,0.75352761,11.976908,2.1335217,25.552993,0.78179441,12.716683,1.8246708,23.20376
0b_baseline_best,file,13,baseline,3866,067.Anna_Hummingbird/Anna_Hummingbird_0127_56520.jpg,67,66,067.Anna_Hummingbird,35,34,rotation,rotation,0,"{""angle"":-4.439626}",0.022951201,0.05298768,0.030036479,0.97731018,0.94839168,0.00512174,0.020609833,0.97218844,0.92778184,-0.044406598,0.79557524,2.6542085,3.9351844,10.4448,False,0.9792369,True,True,True,0.79557524,2.6542085,3.9351844,10.4448,0.79060448,2.6645595,3.8673039,10.304661,0.9615814,2.3431112,0.72776139,1.7052259,0.70528349,3.1027343,0.6531453,2.0265363,0.72376741,2.8618919,1.56276,4.47245,0.77428032,2.7115528,2.0508252,5.5609207,0.80965697,2.5483531,2.1335217,5.4369666,0.8600575,2.5466036,1.8246708,4.6467133
0b_baseline_best,file,13,baseline,3866,067.Anna_Hummingbird/Anna_Hummingbird_0127_56520.jpg,67,66,067.Anna_Hummingbird,35,34,random_resized_crop,random_resized_crop,0,"{""area_fraction"":0.642209,""aspect"":0.854108,""fallback"":false,""height"":0.867125,""left"":0.182549,""top"":0.032522,""width"":0.740619}",0.022951201,0.36985925,0.34690805,0.97731018,0.69083154,0.00512174,0.10224196,0.97218844,0.58858958,-0.38359886,0.6822034,15.245685,3.9351844,59.994584,False,0.9373185,True,True,True,0.6822034,15.245685,3.9351844,59.994584,0.67600356,15.329871,3.8673039,59.28527,0.90693162,12.63903,0.72776139,9.1981983,0.58496844,19.421965,0.6531453,12.685365,0.63429905,19.087702,1.56276,29.829496,0.69918604,15.20693,2.0508252,31.186754,0.68967382,13.735447,2.1335217,29.304874,0.71327807,13.784551,1.8246708,25.152269
0b_baseline_best,file,13,baseline,3866,067.Anna_Hummingbird/Anna_Hummingbird_0127_56520.jpg,67,66,067.Anna_Hummingbird,35,34,gaussian_blur,gaussian_blur,0,"{""sigma"":1.643896}",0.022951201,2.4673848,2.4444336,0.97731018,0.08480636,0.00512174,0.50553948,0.97218844,-0.42073312,-1.3929216,0.53825843,39.508313,3.9351844,155.4725,False,0.84488189,False,True,False,0.53825843,39.508313,3.9351844,155.4725,0.52895872,39.450567,3.8673039,152.56733,0.79073197,41.105482,0.72776139,29.914982,0.30471667,31.461583,0.6531453,20.548985,0.43676061,44.065491,1.56276,68.863785,0.53696883,41.534492,2.0508252,85.179981,0.55445694,36.782753,2.1335217,78.4768,0.59463201,37.564302,1.8246708,68.542487
0b_baseline_best,file,13,baseline,3866,067.Anna_Hummingbird/Anna_Hummingbird_0127_56520.jpg,67,66,067.Anna_Hummingbird,35,34,random_erasing,random_erasing,0,"{""area_fraction"":0.080488,""erased"":true,""height"":0.163582,""left"":0.4999,""top"":0.387143,""width"":0.492033}",0.022951201,0.22207257,0.19912137,0.97731018,0.80085725,0.00512174,0.069818839,0.97218844,0.73103841,-0.24115003,0.76716833,7.81447,3.9351844,30.751381,False,0.95665544,True,True,True,0.76716833,7.81447,3.9351844,30.751381,0.76101422,7.8172551,3.8673039,30.231702,0.94282965,7.7354099,0.72776139,5.6295326,0.75315178,8.6064013,0.6531453,5.6212305,0.69020137,7.6672897,1.56276,11.982133,0.72760066,7.3745965,2.0508252,15.124008,0.7827885,7.7361572,2.1335217,16.505259,0.8230939,8.4481809,1.8246708,15.41515
0b_baseline_best,file,13,baseline,9639,164.Cerulean_Warbler/Cerulean_Warbler_0078_163271.jpg,164,163,164.Cerulean_Warbler,152,151,identity,identity,0,{},3.5533917,3.5533917,0,0.028627383,0.028627383,0.22698069,0.22698069,-0.1983533,-0.1983533,0,1,1,148.3133,148.3133,False,1,True,False,False,1,1,148.3133,148.3133,1,1,145.54089,145.54089,1,1,28.54269,28.54269,1,1,25.374925,25.374925,1,1,71.360181,71.360181,1,1,81.78086,81.78086,1,1,66.276223,66.276223,1,1,66.070738,66.070738
0b_baseline_best,file,13,baseline,9639,164.Cerulean_Warbler/Cerulean_Warbler_0078_163271.jpg,164,163,164.Cerulean_Warbler,152,151,horizontal_flip,horizontal_flip,0,"{""flipped"":true}",3.5533917,3.3601041,-0.19328761,0.028627383,0.034731645,0.22698069,0.058495089,-0.1983533,-0.023763444,0.17458986,0.60549548,0.98424406,148.3133,145.97649,False,0.953511,False,False,False,0.60549548,0.98424406,148.3133,145.97649,0.59373717,0.98667365,145.54089,143.60136,0.93527723,0.91882147,28.54269,26.225636,0.32009367,0.93314786,25.374925,23.678557,0.39426417,0.93317641,71.360181,66.591637,0.65980117,1.0050409,81.78086,82.19311,0.63223603,1.0050325,66.276223,66.609758,0.70851071,1.0077951,66.070738,66.585764
0b_baseline_best,file,13,baseline,9639,164.Cerulean_Warbler/Cerulean_Warbler_0078_163271.jpg,164,163,164.Cerulean_Warbler,152,151,color_jitter,color_jitter,0,"{""brightness"":0.697682,""contrast"":0.930653,""hue"":0.073765,""saturation"":1.153727}",3.5533917,4.5311632,0.97777152,0.028627383,0.010768142,0.22698069,0.075881615,-0.1983533,-0.065113474,0.13323983,0.68349828,0.80462791,148.3133,119.33702,False,0.92535847,False,False,False,0.68349828,0.80462791,148.3133,119.33702,0.67392172,0.80003483,145.54089,116.43778,0.90697568,0.91600116,28.54269,26.145137,0.38947398,0.97951563,25.374925,24.855135,0.60114295,0.62136491,71.360181,44.340712,0.68206206,0.75010535,81.78086,61.34426,0.71568613,0.87029008,66.276223,57.679539,0.75655611,0.94323766,66.070738,62.320408
0b_baseline_best,file,13,baseline,9639,164.Cerulean_Warbler/Cerulean_Warbler_0078_163271.jpg,164,163,164.Cerulean_Warbler,152,151,rotation,rotation,0,"{""angle"":-13.005491}",3.5533917,1.8394947,-1.713897,0.028627383,0.15889771,0.22698069,0.044908531,-0.1983533,0.11398918,0.31234249,0.67516316,0.87372469,148.3133,129.585,False,0.92219269,False,False,False,0.67516316,0.87372469,148.3133,129.585,0.66798666,0.87612967,145.54089,127.51269,0.87940919,0.80868764,28.54269,23.08212,0.58860148,0.82219021,25.374925,20.863015,0.72683459,0.97010292,71.360181,69.22672,0.65630867,0.83100425,81.78086,67.960242,0.62596537,0.85481472,66.276223,56.65389,0.66757007,0.8566663,66.070738,56.600574
0b_baseline_best,file,13,baseline,9639,164.Cerulean_Warbler/Cerulean_Warbler_0078_163271.jpg,164,163,164.Cerulean_Warbler,152,151,random_resized_crop,random_resized_crop,0,"{""area_fraction"":0.896385,""aspect"":1.014273,""fallback"":false,""height"":0.940091,""left"":0.021816,""top"":0.050298,""width"":0.953509}",3.5533917,4.1671824,0.61379075,0.028627383,0.015495857,0.22698069,0.60854936,-0.1983533,-0.5930535,-0.3947002,0.72092969,1.3709206,148.3133,203.32576,False,0.94783318,True,False,False,0.72092969,1.3709206,148.3133,203.32576,0.71553857,1.3761959,145.54089,200.29278,0.88296864,1.2258154,28.54269,34.988068,0.62072694,1.3719936,25.374925,34.814235,0.71114113,1.461568,71.360181,104.29776,0.7330782,1.4136219,81.78086,115.60721,0.67918143,1.3355066,66.276223,88.512335,0.7514052,1.2506263,66.070738,82.629804
0b_baseline_best,file,13,baseline,9639,164.Cerulean_Warbler/Cerulean_Warbler_0078_163271.jpg,164,163,164.Cerulean_Warbler,152,151,gaussian_blur,gaussian_blur,0,"{""sigma"":1.740528}",3.5533917,2.9657431,-0.58764863,0.028627383,0.051522166,0.22698069,0.001381465,-0.1983533,0.050140701,0.248494,0.40110537,1.7302913,148.3133,256.62522,False,0.8561275,False,False,False,0.40110537,1.7302913,148.3133,256.62522,0.39460607,1.745808,145.54089,254.08645,0.65571796,1.2615504,28.54269,36.008042,0.21433454,2.438961,25.374925,61.888452,0.40353936,1.6102505,71.360181,114.90777,0.41417218,1.8444912,81.78086,150.84408,0.38649625,1.8056588,66.276223,119.67224,0.41043734,1.547251,66.070738,102.22802
0b_baseline_best,file,13,baseline,9639,164.Cerulean_Warbler/Cerulean_Warbler_0078_163271.jpg,164,163,164.Cerulean_Warbler,152,151,random_erasing,random_erasing,0,"{""area_fraction"":0.097249,""erased"":true,""height"":0.179964,""left"":0.253876,""top"":0.747144,""width"":0.540382}",3.5533917,2.3914504,-1.1619413,0.028627383,0.091496877,0.22698069,0.3249892,-0.1983533,-0.23349232,-0.035139019,0.84718413,0.9370295,148.3133,138.97394,False,0.95459032,True,False,False,0.84718413,0.9370295,148.3133,138.97394,0.84348492,0.93537349,145.54089,136.13509,0.93991971,0.97910384,28.54269,27.946257,0.81826951,0.91038672,25.374925,23.100995,0.8527955,0.93408616,71.360181,66.656557,0.86349941,0.93502041,81.78086,76.466774,0.81853464,0.92072575,66.276223,61.022225,0.83093235,0.95545924,66.070738,63.127897
0b_baseline_best,file,13,baseline,8083,138.Tree_Swallow/Tree_Swallow_0017_135062.jpg,138,137,138.Tree_Swallow,111,110,identity,identity,0,{},0.021997506,0.021997506,0,0.9782427,0.9782427,0.011087848,0.011087848,0.96715485,0.96715485,0,1,1,3.3467639,3.3467639,False,1,True,True,True,1,1,3.3467639,3.3467639,1,1,3.2804591,3.2804591,1,1,0.66288494,0.66288494,1,1,0.81720663,0.81720663,1,1,1.6792213,1.6792213,1,1,1.816829,1.816829,1,1,1.4420239,1.4420239,1,1,1.3760453,1.3760453
0b_baseline_best,file,13,baseline,8083,138.Tree_Swallow/Tree_Swallow_0017_135062.jpg,138,137,138.Tree_Swallow,111,110,horizontal_flip,horizontal_flip,0,"{""flipped"":true}",0.021997506,0.023721114,0.001723608,0.9782427,0.97655803,0.011087848,0.0090103224,0.96715485,0.96754771,0.0003928598,0.61487011,1.0716101,3.3467639,3.5864259,False,0.97130406,True,True,True,0.61487011,1.0716101,3.3467639,3.5864259,0.60245737,1.0762925,3.2804591,3.5307336,0.96400875,0.94975737,0.66288494,0.62957986,0.55564991,0.9621828,0.81720663,0.78630216,0.51711403,1.0479145,1.6792213,1.7596803,0.58306718,1.121406,1.816829,2.037403,0.64208033,1.0810539,1.4420239,1.5589056,0.73562317,1.0705594,1.3760453,1.4731382
0b_baseline_best,file,13,baseline,8083,138.Tree_Swallow/Tree_Swallow_0017_135062.jpg,138,137,138.Tree_Swallow,111,110,color_jitter,color_jitter,0,"{""brightness"":0.63462,""contrast"":0.906647,""hue"":0.012937,""saturation"":0.692295}",0.021997506,0.122899,0.10090149,0.9782427,0.88435298,0.011087848,0.044830397,0.96715485,0.83952259,-0.12763226,0.79455905,6.1815703,3.3467639,20.688256,False,0.95565772,True,True,True,0.79455905,6.1815703,3.3467639,20.688256,0.79012003,6.2227195,3.2804591,20.413377,0.94414012,5.0706355,0.66288494,3.3612479,0.76360997,7.8678925,0.81720663,6.4296939,0.78078895,6.8094663,1.6792213,11.434601,0.81368575,6.0858633,1.816829,11.056973,0.79639523,5.8149515,1.4420239,8.385299,0.79887326,5.2427215,1.3760453,7.2142221
0b_baseline_best,file,13,baseline,8083,138.Tree_Swallow/Tree_Swallow_0017_135062.jpg,138,137,138.Tree_Swallow,111,110,rotation,rotation,0,"{""angle"":-8.236464}",0.021997506,0.12006988,0.098072371,0.9782427,0.88685846,0.011087848,0.043009631,0.96715485,0.84384883,-0.12330602,0.81050639,5.0652022,3.3467639,16.952036,False,0.96042961,True,True,True,0.81050639,5.0652022,3.3467639,16.952036,0.8051989,5.0803987,3.2804591,16.66604,0.95434501,4.6776544,0.66288494,3.1007467,0.82931361,4.7433403,0.81720663,3.8762891,0.84779304,5.2891245,1.6792213,8.8816105,0.81295699,5.117758,1.816829,9.2980911,0.74548907,5.0644216,1.4420239,7.303017,0.78463183,4.8237868,1.3760453,6.637749
0b_baseline_best,file,13,baseline,8083,138.Tree_Swallow/Tree_Swallow_0017_135062.jpg,138,137,138.Tree_Swallow,111,110,random_resized_crop,random_resized_crop,0,"{""area_fraction"":0.747511,""aspect"":0.860153,""fallback"":false,""height"":0.932225,""left"":0.086591,""top"":0.034763,""width"":0.801856}",0.021997506,0.065970182,0.043972677,0.9782427,0.93615878,0.011087848,0.027071372,0.96715485,0.9090874,-0.058067443,0.79075503,2.7302741,3.3467639,9.1375827,False,0.97210354,True,True,True,0.79075503,2.7302741,3.3467639,9.1375827,0.78320309,2.7236394,3.2804591,8.9347878,0.96647928,2.888005,0.66288494,1.9144151,0.81301642,2.7071279,0.81720663,2.2122828,0.77180071,2.6936265,1.6792213,4.523195,0.802735,2.7830849,1.816829,5.0563893,0.75788365,2.7409521,1.4420239,3.9525184,0.78345424,2.6490395,1.3760453,3.6451983
0b_baseline_best,file,13,baseline,8083,138.Tree_Swallow/Tree_Swallow_0017_135062.jpg,138,137,138.Tree_Swallow,111,110,gaussian_blur,gaussian_blur,0,"{""sigma"":1.853621}",0.021997506,0.21129452,0.18929701,0.9782427,0.80953562,0.011087848,0.042127483,0.96715485,0.76740814,-0.19974671,0.64184798,10.017336,3.3467639,33.525657,False,0.92524123,True,True,True,0.64184798,10.017336,3.3467639,33.525657,0.63496376,10.099878,3.2804591,33.132236,0.88474361,7.7253174,0.66288494,5.1209966,0.57031204,10.484468,0.81720663,8.5679768,0.57210317,9.782789,1.6792213,16.427468,0.68042032,10.72566,1.816829,19.48669,0.63996015,10.343235,1.4420239,14.915193,0.67045745,8.9678302,1.3760453,12.34014
0b_baseline_best,file,13,baseline,8083,138.Tree_Swallow/Tree_Swallow_0017_135062.jpg,138,137,138.Tree_Swallow,111,110,random_erasing,random_erasing,0,"{""area_fraction"":0.180795,""erased"":true,""height"":0.341799,""left"":0.358473,""top"":0.124289,""width"":0.52895}",0.021997506,4.1918569,4.1698594,0.9782427,0.015118186,0.011087848,0.0059883152,0.96715485,0.0091298711,-0.95802498,0.12348974,26.120343,3.3467639,87.418621,False,0.6875056,False,True,False,0.12348974,26.120343,3.3467639,87.418621,0.09946637,25.845627,3.2804591,84.785524,0.5996431,32.123076,0.66288494,21.293903,-0.021779957,14.089891,0.81720663,11.514352,-0.086620016,21.89056,1.6792213,36.759096,0.095453507,21.294902,1.816829,38.689195,0.12588082,27.157127,1.4420239,39.161226,0.27260294,37.581475,1.3760453,51.71381
0b_baseline_best,file,13,baseline,1436,026.Bronzed_Cowbird/Bronzed_Cowbird_0002_796244.jpg,26,25,026.Bronzed_Cowbird,108,107,identity,identity,0,{},4.3305416,4.3305416,0,0.013160416,0.013160416,0.42688954,0.42688954,-0.41372912,-0.41372912,0,1,1,218.40143,218.40143,False,0.99999988,True,False,False,1,1,218.40143,218.40143,1,1,215.48533,215.48533,1,1,35.570442,35.570442,1,1,72.093848,72.093848,1,1,111.33014,111.33014,1,1,105.36403,105.36403,1,1,98.323191,98.323191,1,1,89.849735,89.849735
0b_baseline_best,file,13,baseline,1436,026.Bronzed_Cowbird/Bronzed_Cowbird_0002_796244.jpg,26,25,026.Bronzed_Cowbird,108,107,horizontal_flip,horizontal_flip,0,"{""flipped"":true}",4.3305416,4.4136753,0.083133698,0.013160416,0.012110589,0.42688954,0.2248468,-0.41372912,-0.21273621,0.20099292,0.62187251,0.90588671,218.40143,197.84695,False,0.95908856,False,False,False,0.62187251,0.90588671,218.40143,197.84695,0.61368664,0.9050415,215.48533,195.02316,0.91258422,0.93637756,35.570442,33.307364,0.46045243,0.74488635,72.093848,53.701723,0.62561308,0.76742265,111.33014,85.437273,0.60600104,0.9639045,105.36403,101.56086,0.60264763,0.9934516,98.323191,97.679332,0.71995575,0.99514468,89.849735,89.413486
0b_baseline_best,file,13,baseline,1436,026.Bronzed_Cowbird/Bronzed_Cowbird_0002_796244.jpg,26,25,026.Bronzed_Cowbird,108,107,color_jitter,color_jitter,0,"{""brightness"":1.2226,""contrast"":0.67149,""hue"":-0.000587,""saturation"":0.936647}",4.3305416,5.0077615,0.67721987,0.013160416,0.0066858521,0.42688954,0.30698204,-0.41372912,-0.30029619,0.11343293,0.7921902,0.9226857,218.40143,201.51587,False,0.95766008,True,False,False,0.7921902,0.9226857,218.40143,201.51587,0.78787282,0.9199226,215.48533,198.22982,0.93926017,1.0189189,35.570442,36.243396,0.50349148,0.72971873,72.093848,52.608231,0.80392672,1.0546081,111.33014,117.40966,0.83629207,0.87029289,105.36403,91.697565,0.82716648,0.8822035,98.323191,86.741064,0.82296783,0.91844941,89.849735,82.522436
0b_baseline_best,file,13,baseline,1436,026.Bronzed_Cowbird/Bronzed_Cowbird_0002_796244.jpg,26,25,026.Bronzed_Cowbird,108,107,rotation,rotation,0,"{""angle"":-14.728203}",4.3305416,3.6938574,-0.63668418,0.013160416,0.024875861,0.42688954,0.41604716,-0.41372912,-0.3911713,0.022557828,0.72219021,0.65417848,218.40143,142.87351,False,0.92459363,True,False,False,0.72219021,0.65417848,218.40143,142.87351,0.71627728,0.64764467,215.48533,139.55792,0.91381539,0.86029529,35.570442,30.601084,0.78382226,0.57187263,72.093848,41.228498,0.73072019,0.50955696,111.33014,56.729048,0.67253271,0.58712626,105.36403,61.861988,0.71453564,0.73661263,98.323191,72.426105,0.76991179,0.82434852,89.849735,74.067496
0b_baseline_best,file,13,baseline,1436,026.Bronzed_Cowbird/Bronzed_Cowbird_0002_796244.jpg,26,25,026.Bronzed_Cowbird,108,107,random_resized_crop,random_resized_crop,0,"{""area_fraction"":0.532486,""aspect"":1.196501,""fallback"":false,""height"":0.66711,""left"":0.195945,""top"":0.062146,""width"":0.798198}",4.3305416,5.7131476,1.382606,0.013160416,0.0033022615,0.42688954,0.43938962,-0.41372912,-0.43608735,-0.022358232,0.68107714,0.9794836,218.40143,213.92062,False,0.88788861,True,False,False,0.68107714,0.9794836,218.40143,213.92062,0.67533053,0.97699751,215.48533,210.52863,0.87678898,1.0667206,35.570442,37.943722,0.60625267,1.0406727,72.093848,75.026102,0.57501816,0.87262891,111.33014,97.1499,0.71077226,0.94918681,105.36403,100.01015,0.73537294,1.0140517,98.323191,99.704804,0.74271635,1.0740129,89.849735,96.499779
0b_baseline_best,file,13,baseline,1436,026.Bronzed_Cowbird/Bronzed_Cowbird_0002_796244.jpg,26,25,026.Bronzed_Cowbird,108,107,gaussian_blur,gaussian_blur,0,"{""sigma"":1.447722}",4.3305416,3.060688,-1.2698536,0.013160416,0.046855446,0.42688954,0.20307891,-0.41372912,-0.15622346,0.25750566,0.75780794,0.80134105,218.40143,175.01403,False,0.95312297,False,False,False,0.75780794,0.80134105,218.40143,175.01403,0.75289251,0.79845726,215.48533,172.05583,0.92305735,0.90080984,35.570442,32.042205,0.42474211,0.72991396,72.093848,52.622306,0.7562919,0.70937581,111.33014,78.974909,0.8128321,0.87600783,105.36403,92.299715,0.78585232,0.82375345,98.323191,80.994069,0.82255732,0.82673375,89.849735,74.281809
0b_baseline_best,file,13,baseline,1436,026.Bronzed_Cowbird/Bronzed_Cowbird_0002_796244.jpg,26,25,026.Bronzed_Cowbird,108,107,random_erasing,random_erasing,0,"{""area_fraction"":0.137293,""erased"":true,""height"":0.62907,""left"":0.197765,""top"":0.221933,""width"":0.218247}",4.3305416,4.5363708,0.20582914,0.013160416,0.010712214,0.42688954,0.11887486,-0.41372912,-0.10816265,0.30556647,0.71243795,0.64482069,218.40143,140.82976,False,0.90440834,False,False,False,0.71243795,0.64482069,218.40143,140.82976,0.70827246,0.64152206,215.48533,138.23859,0.85148439,0.75598591,35.570442,26.890753,0.69302026,0.45098108,72.093848,32.512962,0.7982892,0.53645722,111.33014,59.723859,0.74426767,0.67523003,105.36403,71.144957,0.65747314,0.7108761,98.323191,69.895607,0.67211107,0.74982053,89.849735,67.371176
0b_baseline_best,file,13,baseline,5050,087.Mallard/Mallard_0053_75985.jpg,87,86,087.Mallard,137,136,identity,identity,0,{},1.2367359,1.2367359,0,0.29033032,0.29033032,0.05864295,0.05864295,0.23168737,0.23168737,0,1,1,83.027762,83.027762,False,1,True,True,True,1,1,83.027762,83.027762,1,1,81.059648,81.059648,1,1,17.970609,17.970609,1,1,19.546794,19.546794,1,1,28.192327,28.192327,1,1,39.513766,39.513766,1,1,41.245744,41.245744,1,1,46.165278,46.165278
0b_baseline_best,file,13,baseline,5050,087.Mallard/Mallard_0053_75985.jpg,87,86,087.Mallard,137,136,horizontal_flip,horizontal_flip,0,"{""flipped"":true}",1.2367359,0.89496666,-0.34176928,0.29033032,0.40862122,0.05864295,0.036179338,0.23168737,0.37244188,0.14075451,0.57869456,0.71964659,83.027762,59.750646,False,0.95790231,True,True,True,0.57869456,0.71964659,83.027762,59.750646,0.55662011,0.71117815,81.059648,57.64785,0.95569624,0.87431316,17.970609,15.71194,0.38174204,0.55838102,19.546794,10.914559,0.32661339,0.74297173,28.192327,20.946102,0.54073505,0.66925915,39.513766,26.44495,0.56519186,0.69019422,41.245744,28.467574,0.67123198,0.76757752,46.165278,35.43543
0b_baseline_best,file,13,baseline,5050,087.Mallard/Mallard_0053_75985.jpg,87,86,087.Mallard,137,136,color_jitter,color_jitter,0,"{""brightness"":1.008479,""contrast"":0.637498,""hue"":0.019003,""saturation"":1.049454}",1.2367359,2.6897998,1.4530638,0.29033032,0.067894526,0.05864295,0.044613197,0.23168737,0.023281328,-0.20840604,0.75292515,1.3710068,83.027762,113.83162,False,0.95029777,False,True,False,0.75292515,1.3710068,83.027762,113.83162,0.74339518,1.3694821,81.059648,111.00974,0.94256502,1.4016674,17.970609,25.188817,0.7350441,1.2593894,19.546794,24.617025,0.64070208,1.7211425,28.192327,48.523011,0.72335362,1.4909674,39.513766,58.913739,0.77203529,1.2730293,41.245744,52.507039,0.81373425,1.2128131,46.165278,55.989856
0b_baseline_best,file,13,baseline,5050,087.Mallard/Mallard_0053_75985.jpg,87,86,087.Mallard,137,136,rotation,rotation,0,"{""angle"":12.539001}",1.2367359,1.2139471,-0.022788882,0.29033032,0.29702258,0.05864295,0.013956175,0.23168737,0.28306641,0.051379035,0.59046805,0.89489273,83.027762,74.30094,False,0.93354136,True,True,True,0.59046805,0.89489273,83.027762,74.30094,0.57271975,0.89145533,81.059648,72.261055,0.92667419,0.96216775,17.970609,17.29074,0.46985662,0.86290135,19.546794,16.866955,0.32480748,0.9002448,28.192327,25.379995,0.57489589,0.85495277,39.513766,33.782404,0.5591877,0.90474884,41.245744,37.317039,0.69166141,0.90853847,46.165278,41.942931
0b_baseline_best,file,13,baseline,5050,087.Mallard/Mallard_0053_75985.jpg,87,86,087.Mallard,137,136,random_resized_crop,random_resized_crop,0,"{""area_fraction"":0.585484,""aspect"":1.168541,""fallback"":false,""height"":0.707841,""left"":0.074277,""top"":0.069504,""width"":0.827141}",1.2367359,2.4683948,1.2316588,0.29033032,0.084720731,0.05864295,0.040436003,0.23168737,0.044284727,-0.18740264,0.52405976,1.2471546,83.027762,103.54845,False,0.89287591,False,True,False,0.52405976,1.2471546,83.027762,103.54845,0.50532779,1.2430163,81.059648,100.75847,0.88174891,1.3285555,17.970609,23.874951,0.27533784,0.91511546,19.546794,17.887573,0.20245435,1.4531091,28.192327,40.966526,0.51159324,1.1550542,39.513766,45.640543,0.54016378,1.2620701,41.245744,52.055022,0.6406748,1.2558442,46.165278,57.976398
0b_baseline_best,file,13,baseline,5050,087.Mallard/Mallard_0053_75985.jpg,87,86,087.Mallard,137,136,gaussian_blur,gaussian_blur,0,"{""sigma"":1.702987}",1.2367359,3.7484803,2.5117444,0.29033032,0.023553511,0.05864295,0.052761719,0.23168737,-0.029208208,-0.26089558,0.54560012,1.1684088,83.027762,97.010371,False,0.8991822,False,True,False,0.54560012,1.1684088,83.027762,97.010371,0.52969693,1.1721347,81.059648,95.012828,0.8949864,1.0898384,17.970609,19.58506,0.32407049,1.7282555,19.546794,33.781854,0.45357153,1.3218806,28.192327,37.266889,0.55207116,1.0955762,39.513766,43.290343,0.52804641,1.1305866,41.245744,46.631883,0.62554129,1.0719207,46.165278,49.485518
0b_baseline_best,file,13,baseline,5050,087.Mallard/Mallard_0053_75985.jpg,87,86,087.Mallard,137,136,random_erasing,random_erasing,0,"{""area_fraction"":0.07991,""erased"":true,""height"":0.428923,""left"":0.134195,""top"":0.134532,""width"":0.186303}",1.2367359,1.7091944,0.47245848,0.29033032,0.18101154,0.05864295,0.065490268,0.23168737,0.11552127,-0.1161661,0.91831577,1.0922965,83.027762,90.690933,False,0.99248731,True,True,True,0.91831577,1.0922965,83.027762,90.690933,0.91461218,1.0908741,81.059648,88.425869,0.99197598,1.120845,17.970609,20.142267,0.88261738,0.97019719,19.546794,18.964245,0.8799009,1.0839093,28.192327,30.557926,0.91936855,1.1013558,39.513766,43.518715,0.91087451,1.0801946,41.245744,44.553431,0.93290651,1.1144141,46.165278,51.447237
0b_baseline_best,file,13,baseline,6935,119.Field_Sparrow/Field_Sparrow_0102_113595.jpg,119,118,119.Field_Sparrow,118,117,identity,identity,0,{},2.2345247,2.2345247,0,0.10704299,0.10704299,0.16260298,0.16260298,-0.055559985,-0.055559985,0,1,1,111.15561,111.15561,False,0.99999994,True,False,False,1,1,111.15561,111.15561,1,1,109.50592,109.50592,1,1,19.07939,19.07939,1,1,16.09228,16.09228,1,1,45.726788,45.726788,1,1,62.148509,62.148509,1,1,54.889555,54.889555,1,1,52.596056,52.596056
0b_baseline_best,file,13,baseline,6935,119.Field_Sparrow/Field_Sparrow_0102_113595.jpg,119,118,119.Field_Sparrow,118,117,horizontal_flip,horizontal_flip,0,"{""flipped"":true}",2.2345247,2.5331597,0.29863501,0.10704299,0.079407737,0.16260298,0.10463616,-0.055559985,-0.025228418,0.030331567,0.5685052,1.3156696,111.15561,146.24406,False,0.90609777,False,False,False,0.5685052,1.3156696,111.15561,146.24406,0.56084394,1.3219859,109.50592,144.76528,0.88598716,1.0872759,19.07939,20.744562,0.16599463,2.000557,16.09228,32.193524,0.53525672,1.3708941,45.726788,62.686583,0.58594198,1.3680479,62.148509,85.022135,0.56973063,1.3265482,54.889555,72.81364,0.61326497,1.1184277,52.596056,58.824886
0b_baseline_best,file,13,baseline,6935,119.Field_Sparrow/Field_Sparrow_0102_113595.jpg,119,118,119.Field_Sparrow,118,117,color_jitter,color_jitter,0,"{""brightness"":1.095902,""contrast"":0.875034,""hue"":0.048434,""saturation"":1.375828}",2.2345247,5.5052266,3.2707019,0.10704299,0.0040654675,0.16260298,0.0016011982,-0.055559985,0.0024642693,0.058024255,0.32614055,1.1817121,111.15561,131.35393,False,0.76718497,False,False,False,0.32614055,1.1817121,111.15561,131.35393,0.3143587,1.1755794,109.50592,128.73291,0.66319427,1.3684537,19.07939,26.109262,0.26119563,1.5415921,16.09228,24.807733,0.28045348,1.4368003,45.726788,65.700265,0.24066477,1.2328871,62.148509,76.622096,0.36078521,0.97935727,54.889555,53.756484,0.4514307,1.0202484,52.596056,53.661042
0b_baseline_best,file,13,baseline,6935,119.Field_Sparrow/Field_Sparrow_0102_113595.jpg,119,118,119.Field_Sparrow,118,117,rotation,rotation,0,"{""angle"":12.315759}",2.2345247,2.2905562,0.056031466,0.10704299,0.10121015,0.16260298,0.22174507,-0.055559985,-0.12053492,-0.064974934,0.70415834,1.1174085,111.15561,124.20623,False,0.95130956,True,False,False,0.70415834,1.1174085,111.15561,124.20623,0.69698059,1.1183349,109.50592,122.46429,0.94783072,1.0864515,19.07939,20.728833,0.41106247,1.1496251,16.09228,18.50009,0.69421707,1.2056482,45.726788,55.130418,0.71387037,1.1282137,62.148509,70.116796,0.68761502,1.1236478,54.889555,61.676528,0.7193129,1.0230823,52.596056,53.810095
0b_baseline_best,file,13,baseline,6935,119.Field_Sparrow/Field_Sparrow_0102_113595.jpg,119,118,119.Field_Sparrow,118,117,random_resized_crop,random_resized_crop,0,"{""area_fraction"":0.581775,""aspect"":0.8779,""fallback"":false,""height"":0.814057,""left"":0.268803,""top"":0.087489,""width"":0.714661}",2.2345247,1.9794213,-0.25510347,0.10704299,0.13814917,0.16260298,0.056117468,-0.055559985,0.082031704,0.13759169,0.61562985,1.2778791,111.15561,142.04342,False,0.91023028,False,False,True,0.61562985,1.2778791,111.15561,142.04342,0.60891804,1.2838985,109.50592,140.59448,0.89425005,1.0606595,19.07939,20.236737,0.29487367,1.6587512,16.09228,26.693089,0.54944218,1.403326,45.726788,64.169592,0.61415786,1.2927949,62.148509,80.345277,0.62957427,1.2841113,54.889555,70.4843,0.68438782,1.1269256,52.596056,59.271844
0b_baseline_best,file,13,baseline,6935,119.Field_Sparrow/Field_Sparrow_0102_113595.jpg,119,118,119.Field_Sparrow,118,117,gaussian_blur,gaussian_blur,0,"{""sigma"":1.392647}",2.2345247,2.9909787,0.75645399,0.10704299,0.050238252,0.16260298,0.01266853,-0.055559985,0.037569722,0.093129708,0.4684355,0.86024205,111.15561,95.620728,False,0.86498225,False,False,False,0.4684355,0.86024205,111.15561,95.620728,0.45416941,0.84917558,109.50592,92.989751,0.83319932,1.167554,19.07939,22.276218,0.29723181,0.9669424,16.09228,15.560308,0.33049818,0.89212164,45.726788,40.793857,0.38984961,0.75892443,62.148509,47.166022,0.50923899,0.86769858,54.889555,47.627588,0.58540948,0.90141903,52.596056,47.411086
0b_baseline_best,file,13,baseline,6935,119.Field_Sparrow/Field_Sparrow_0102_113595.jpg,119,118,119.Field_Sparrow,118,117,random_erasing,random_erasing,0,"{""area_fraction"":0.113024,""erased"":true,""height"":0.333873,""left"":0.403589,""top"":0.012028,""width"":0.338523}",2.2345247,3.5567179,1.3221931,0.10704299,0.028532319,0.16260298,0.29888946,-0.055559985,-0.27035714,-0.21479715,0.65491934,0.87595427,111.15561,97.367229,False,0.89087594,True,False,False,0.65491934,0.87595427,111.15561,97.367229,0.64696046,0.86520535,109.50592,94.745106,0.8776382,1.1763585,19.07939,22.444203,0.4406566,0.83330835,16.09228,13.409831,0.65401779,0.7923982,45.726788,36.233825,0.64537582,0.82296425,62.148509,51.146001,0.63185544,0.91373193,54.889555,50.154339,0.68313189,0.92218125,52.596056,48.503097
0b_baseline_best,file,13,baseline,11423,194.Cactus_Wren/Cactus_Wren_0098_185637.jpg,194,193,194.Cactus_Wren,195,194,identity,identity,0,{},0.051441222,0.051441222,0,0.9498595,0.9498595,0.040466603,0.040466603,0.9093929,0.9093929,0,1,1,12.207558,12.207558,False,0.99999988,True,True,True,1,1,12.207558,12.207558,1,1,12.017056,12.017056,1,1,2.1482154,2.1482154,1,1,1.8642187,1.8642187,1,1,5.2620336,5.2620336,1,1,7.494601,7.494601,1,1,5.6084954,5.6084954,1,1,5.0617249,5.0617249
0b_baseline_best,file,13,baseline,11423,194.Cactus_Wren/Cactus_Wren_0098_185637.jpg,194,193,194.Cactus_Wren,195,194,horizontal_flip,horizontal_flip,0,"{""flipped"":true}",0.051441222,0.020143116,-0.031298107,0.9498595,0.98005843,0.040466603,0.012779817,0.9093929,0.96727861,0.057885718,0.7522536,0.3794072,12.207558,4.6316352,False,0.95608932,True,True,True,0.7522536,0.3794072,12.207558,4.6316352,0.74668618,0.38052201,12.017056,4.5727543,0.94971465,0.34269436,2.1482154,0.73618131,0.72619719,0.4572324,1.8642187,0.85238118,0.62859956,0.36657533,5.2620336,1.9289317,0.81352604,0.38150364,7.494601,2.8592176,0.72095197,0.39166395,5.6084954,2.1966454,0.7625403,0.36761099,5.0617249,1.8607457
0b_baseline_best,file,13,baseline,11423,194.Cactus_Wren/Cactus_Wren_0098_185637.jpg,194,193,194.Cactus_Wren,195,194,color_jitter,color_jitter,0,"{""brightness"":0.844975,""contrast"":1.251949,""hue"":0.062354,""saturation"":0.948702}",0.051441222,0.033940807,-0.017500415,0.9498595,0.96662873,0.040466603,0.00063786213,0.9093929,0.96599087,0.056597971,0.36606,0.58500841,12.207558,7.1415239,False,0.88020861,True,True,True,0.36606,0.58500841,12.207558,7.1415239,0.35786469,0.58519672,12.017056,7.0323417,0.62523787,0.57908485,2.1482154,1.243999,0.2455479,0.74412644,1.8642187,1.3872144,0.10712407,0.62971054,5.2620336,3.313558,0.48531054,0.5895034,7.494601,4.4180927,0.32652663,0.55381938,5.6084954,3.1060934,0.43494646,0.53678629,5.0617249,2.7170645
0b_baseline_best,file,13,baseline,11423,194.Cactus_Wren/Cactus_Wren_0098_185637.jpg,194,193,194.Cactus_Wren,195,194,rotation,rotation,0,"{""angle"":4.987698}",0.051441222,0.035998903,-0.015442319,0.9498595,0.96464133,0.040466603,0.015055167,0.9093929,0.94958617,0.040193268,0.82721374,0.59961658,12.207558,7.3198539,False,0.98101521,True,True,True,0.82721374,0.59961658,12.207558,7.3198539,0.82406755,0.60131195,12.017056,7.2259994,0.94010912,0.54390035,2.1482154,1.1684151,0.72656251,0.75282495,1.8642187,1.4034303,0.85194234,0.68525092,5.2620336,3.6058134,0.84496054,0.58512142,7.494601,4.3852516,0.78627384,0.55150137,5.6084954,3.0930929,0.82135131,0.57414894,5.0617249,2.906184
0b_baseline_best,file,13,baseline,11423,194.Cactus_Wren/Cactus_Wren_0098_185637.jpg,194,193,194.Cactus_Wren,195,194,random_resized_crop,random_resized_crop,0,"{""area_fraction"":0.710097,""aspect"":0.895407,""fallback"":false,""height"":0.89053,""left"":0.090924,""top"":0.094002,""width"":0.797387}",0.051441222,0.051077683,-0.0003635399,0.9498595,0.95020485,0.040466603,0.013329997,0.9093929,0.93687485,0.027481955,0.75217368,0.84777125,12.207558,10.349216,False,0.94068813,True,True,True,0.75217368,0.84777125,12.207558,10.349216,0.74917753,0.84863416,12.017056,10.198084,0.84958851,0.82031002,2.1482154,1.7622027,0.69728144,1.0618407,1.8642187,1.9795034,0.76224426,0.80320713,5.2620336,4.2265029,0.80922012,0.88902774,7.494601,6.6629082,0.68474806,0.80932772,5.6084954,4.5391107,0.68772068,0.81984977,5.0617249,4.149854
0b_baseline_best,file,13,baseline,11423,194.Cactus_Wren/Cactus_Wren_0098_185637.jpg,194,193,194.Cactus_Wren,195,194,gaussian_blur,gaussian_blur,0,"{""sigma"":1.922994}",0.051441222,3.6096363,3.5581951,0.9498595,0.027061692,0.040466603,0.061837405,0.9093929,-0.034775713,-0.94416861,0.42873174,13.443796,12.207558,164.11591,False,0.72106475,False,True,False,0.42873174,13.443796,12.207558,164.11591,0.42452763,13.480833,12.017056,161.99992,0.57574725,12.22826,2.1482154,26.268938,0.32661386,19.450958,1.8642187,36.260839,0.33237146,15.163156,5.2620336,79.789034,0.56403293,12.546697,7.494601,94.032486,0.34799482,13.679958,5.6084954,76.723979,0.37517827,12.233101,5.0617249,61.92059
0b_baseline_best,file,13,baseline,11423,194.Cactus_Wren/Cactus_Wren_0098_185637.jpg,194,193,194.Cactus_Wren,195,194,random_erasing,random_erasing,0,"{""area_fraction"":0.117565,""erased"":true,""height"":0.504376,""left"":0.391734,""top"":0.244309,""width"":0.23309}",0.051441222,0.1766142,0.12517297,0.9498595,0.83810306,0.040466603,0.0064100265,0.9093929,0.83169303,-0.077699868,0.40918819,2.3218125,12.207558,28.343659,False,0.89287311,True,True,True,0.40918819,2.3218125,12.207558,28.343659,0.40063819,2.3182927,12.017056,27.859053,0.66493875,2.4293794,2.1482154,5.2188304,0.27919284,3.4973223,1.8642187,6.5197736,0.33576985,2.4797868,5.2620336,13.048722,0.4218342,2.1582652,7.494601,16.175336,0.39050716,2.2262374,5.6084954,12.485842,0.47765202,2.3856067,5.0617249,12.075285
0b_baseline_best,file,13,baseline,11347,193.Bewick_Wren/Bewick_Wren_0010_185142.jpg,193,192,193.Bewick_Wren,195,194,identity,identity,0,{},0.023519812,0.023519812,0,0.97675461,0.97675461,0.012575588,0.012575588,0.96417902,0.96417902,0,1,1,3.6191386,3.6191386,False,1,True,True,True,1,1,3.6191386,3.6191386,1,1,3.5284699,3.5284699,1,1,0.8050241,0.8050241,1,1,0.70017271,0.70017271,1,1,1.7023202,1.7023202,1,1,1.7393174,1.7393174,1,1,1.706241,1.706241,1,1,1.767903,1.767903
0b_baseline_best,file,13,baseline,11347,193.Bewick_Wren/Bewick_Wren_0010_185142.jpg,193,192,193.Bewick_Wren,195,194,horizontal_flip,horizontal_flip,0,"{""flipped"":true}",0.023519812,0.016984366,-0.0065354463,0.97675461,0.98315907,0.012575588,0.005428541,0.96417902,0.97773052,0.013551507,0.61399238,0.62536109,3.6191386,2.2632684,False,0.9751128,True,True,True,0.61399238,0.62536109,3.6191386,2.2632684,0.59515713,0.62361976,3.5284699,2.2004236,0.95781039,0.65792011,0.8050241,0.52964154,0.31186632,0.59111636,0.70017271,0.41388354,0.48661012,0.59484814,1.7023202,1.012622,0.56124952,0.60251919,1.7393174,1.0479721,0.61180718,0.63391482,1.706241,1.0816114,0.74211304,0.66376386,1.767903,1.1734701
0b_baseline_best,file,13,baseline,11347,193.Bewick_Wren/Bewick_Wren_0010_185142.jpg,193,192,193.Bewick_Wren,195,194,color_jitter,color_jitter,0,"{""brightness"":0.654146,""contrast"":1.036709,""hue"":-0.044732,""saturation"":0.760377}",0.023519812,0.026620293,0.0031004809,0.97675461,0.97373092,0.012575588,0.007222991,0.96417902,0.96650793,0.0023289132,0.71017272,0.99032529,3.6191386,3.5841245,False,0.97473079,True,True,True,0.71017272,0.99032529,3.6191386,3.5841245,0.69838492,0.98860614,3.5284699,3.4882671,0.92945111,1.0227915,0.8050241,0.8233718,0.64958855,0.97085776,0.70017271,0.6797681,0.60104272,0.85813806,1.7023202,1.4608257,0.61156298,1.0102208,1.7393174,1.7570947,0.74743613,1.0158461,1.706241,1.7332783,0.82245977,1.055233,1.767903,1.8655496
0b_baseline_best,file,13,baseline,11347,193.Bewick_Wren/Bewick_Wren_0010_185142.jpg,193,192,193.Bewick_Wren,195,194,rotation,rotation,0,"{""angle"":9.612734}",0.023519812,0.061758179,0.038238367,0.97675461,0.94011021,0.012575588,0.032542996,0.96417902,0.90756721,-0.056611807,0.8124206,2.7579915,3.6191386,9.9815533,False,0.97419363,True,True,True,0.8124206,2.7579915,3.6191386,9.9815533,0.80439591,2.7602713,3.5284699,9.7395345,0.96933471,2.7138203,0.8050241,2.1846907,0.72015385,2.7243125,0.70017271,1.9074892,0.81284715,3.0840955,1.7023202,5.250118,0.79528947,2.8649056,1.7393174,4.9829802,0.80055355,2.5914537,1.706241,4.4216445,0.83545823,2.4833705,1.767903,4.3903582
0b_baseline_best,file,13,baseline,11347,193.Bewick_Wren/Bewick_Wren_0010_185142.jpg,193,192,193.Bewick_Wren,195,194,random_resized_crop,random_resized_crop,0,"{""area_fraction"":0.600123,""aspect"":0.771721,""fallback"":false,""height"":0.88184,""left"":0.173564,""top"":0.057496,""width"":0.680535}",0.023519812,0.10974397,0.086224156,0.97675461,0.89606351,0.012575588,0.067377523,0.96417902,0.82868598,-0.13549303,0.71884883,5.4147713,3.6191386,19.596808,False,0.95811462,True,True,True,0.71884883,5.4147713,3.6191386,19.596808,0.70987734,5.4607772,3.5284699,19.268188,0.94569417,4.4393266,0.8050241,3.5737649,0.5934576,8.0970148,0.70017271,5.6693087,0.68318121,5.6739635,1.7023202,9.6589025,0.70529775,5.863767,1.7393174,10.198952,0.73081546,5.0328518,1.706241,8.587258,0.78530813,4.6667339,1.767903,8.2503329
0b_baseline_best,file,13,baseline,11347,193.Bewick_Wren/Bewick_Wren_0010_185142.jpg,193,192,193.Bewick_Wren,195,194,gaussian_blur,gaussian_blur,0,"{""sigma"":1.814638}",0.023519812,0.98248953,0.95896971,0.97675461,0.37437791,0.012575588,0.10098877,0.96417902,0.27338914,-0.69078988,0.4476589,22.91335,3.6191386,82.926588,False,0.84736514,True,True,True,0.4476589,22.91335,3.6191386,82.926588,0.43215227,23.01356,3.5284699,81.202654,0.77775783,20.895096,0.8050241,16.821056,0.38648485,32.909597,0.70017271,23.042401,0.33230944,24.097321,1.7023202,41.021355,0.43385724,23.171612,1.7393174,40.302788,0.43444612,21.077623,1.706241,35.963504,0.55182038,21.631486,1.767903,38.24237
0b_baseline_best,file,13,baseline,11347,193.Bewick_Wren/Bewick_Wren_0010_185142.jpg,193,192,193.Bewick_Wren,195,194,random_erasing,random_erasing,0,"{""area_fraction"":0.092513,""erased"":true,""height"":0.169239,""left"":0.306907,""top"":0.550321,""width"":0.546642}",0.023519812,0.099344008,0.075824196,0.97675461,0.90543115,0.012575588,0.024565477,0.96417902,0.88086567,-0.083313343,0.75913903,4.0443941,3.6191386,14.637223,False,0.91888392,True,True,True,0.75913903,4.0443941,3.6191386,14.637223,0.75377016,4.0662312,3.5284699,14.347575,0.88106962,3.5992448,0.8050241,2.8974788,0.7611616,5.0730632,0.70017271,3.5520204,0.79398837,4.5742059,1.7023202,7.786763,0.7560042,4.1344562,1.7393174,7.1911316,0.74291215,3.661145,1.706241,6.2467957,0.73148293,3.6599935,1.767903,6.4705135
0b_baseline_best,file,13,baseline,10212,174.Palm_Warbler/Palm_Warbler_0054_169175.jpg,174,173,174.Palm_Warbler,173,172,identity,identity,0,{},0.40172377,0.40172377,0,0.66916555,0.66916555,0.19630896,0.19630896,0.4728566,0.4728566,0,1,1,61.89643,61.89643,False,0.99999994,True,True,True,1,1,61.89643,61.89643,1,1,61.035157,61.035157,1,1,10.289682,10.289682,1,1,13.088796,13.088796,1,1,31.359653,31.359653,1,1,35.977278,35.977278,1,1,25.155679,25.155679,1,1,25.364805,25.364805
0b_baseline_best,file,13,baseline,10212,174.Palm_Warbler/Palm_Warbler_0054_169175.jpg,174,173,174.Palm_Warbler,173,172,horizontal_flip,horizontal_flip,0,"{""flipped"":true}",0.40172377,0.15693922,-0.24478455,0.66916555,0.854756,0.19630896,0.10093194,0.4728566,0.75382406,0.28096747,0.56577136,0.53531411,61.89643,33.134032,False,0.9567489,True,True,True,0.56577136,0.53531411,61.89643,33.134032,0.55533395,0.53595992,61.035157,32.712398,0.95071356,0.51207342,10.289682,5.2690728,0.058192361,0.57112559,13.088796,7.4753463,0.44656353,0.56878418,31.359653,17.836875,0.5753001,0.51147838,35.977278,18.4016,0.6477167,0.56400577,25.155679,14.187948,0.76115559,0.49265005,25.364805,12.495972
0b_baseline_best,file,13,baseline,10212,174.Palm_Warbler/Palm_Warbler_0054_169175.jpg,174,173,174.Palm_Warbler,173,172,color_jitter,color_jitter,0,"{""brightness"":0.96123,""contrast"":1.331492,""hue"":-0.093745,""saturation"":1.055467}",0.40172377,0.97987008,0.57814631,0.66916555,0.37535986,0.19630896,0.096068367,0.4728566,0.2792915,-0.1935651,0.58699388,1.348078,61.89643,83.441214,False,0.89742279,True,True,True,0.58699388,1.348078,61.89643,83.441214,0.57947519,1.3440093,61.035157,82.031818,0.82936024,1.4841515,10.289682,15.271447,0.63307988,1.7596102,13.088796,23.031178,0.60653256,1.1342182,31.359653,35.568689,0.60089407,1.2875751,35.977278,46.323448,0.50170395,1.4917754,25.155679,37.526622,0.59323732,1.4643204,25.364805,37.142202
0b_baseline_best,file,13,baseline,10212,174.Palm_Warbler/Palm_Warbler_0054_169175.jpg,174,173,174.Palm_Warbler,173,172,rotation,rotation,0,"{""angle"":-8.743628}",0.40172377,0.21691579,-0.18480799,0.66916555,0.80499774,0.19630896,0.060103074,0.4728566,0.74489467,0.27203807,0.75130182,0.45680842,61.89643,28.27481,False,0.96202403,True,True,True,0.75130182,0.45680842,61.89643,28.27481,0.74563392,0.45397666,61.035157,27.708537,0.9294548,0.5471928,10.289682,5.6304401,0.72595377,0.38273828,13.088796,5.0095833,0.78035495,0.43314853,31.359653,13.583388,0.72436563,0.41064557,35.977278,14.77391,0.7175199,0.49835867,25.155679,12.536551,0.78660617,0.53292692,25.364805,13.517587
0b_baseline_best,file,13,baseline,10212,174.Palm_Warbler/Palm_Warbler_0054_169175.jpg,174,173,174.Palm_Warbler,173,172,random_resized_crop,random_resized_crop,0,"{""area_fraction"":0.726663,""aspect"":0.964088,""fallback"":false,""height"":0.868176,""left"":0.001696,""top"":0.101583,""width"":0.836999}",0.40172377,0.084220782,-0.31750299,0.66916555,0.91922826,0.19630896,0.059652768,0.4728566,0.85957549,0.38671889,0.84094988,0.25047621,61.89643,15.503583,False,0.96502781,True,True,True,0.84094988,0.25047621,61.89643,15.503583,0.83741495,0.24919163,61.035157,15.209451,0.95734597,0.29209963,10.289682,3.0056124,0.8051958,0.21966833,13.088796,2.875194,0.86494314,0.2730869,31.359653,8.5639106,0.84803429,0.23872503,35.977278,8.5886766,0.80627223,0.24221139,25.155679,6.092992,0.81722849,0.24567055,25.364805,6.2313856
0b_baseline_best,file,13,baseline,10212,174.Palm_Warbler/Palm_Warbler_0054_169175.jpg,174,173,174.Palm_Warbler,173,172,gaussian_blur,gaussian_blur,0,"{""sigma"":1.588977}",0.40172377,2.3396339,1.9379102,0.66916555,0.096362896,0.19630896,0.012623038,0.4728566,0.083739858,-0.38911674,0.42084718,2.2546493,61.89643,139.55474,False,0.79660797,False,True,False,0.42084718,2.2546493,61.89643,139.55474,0.41415363,2.2595021,61.035157,137.90907,0.67855061,2.0766978,10.289682,21.368561,0.23402606,3.2025627,13.088796,41.91769,0.49642374,2.3353705,31.359653,73.236409,0.41469841,2.003355,35.977278,72.075257,0.32069283,2.281283,25.155679,57.387223,0.45856991,2.3022512,25.364805,58.396153
0b_baseline_best,file,13,baseline,10212,174.Palm_Warbler/Palm_Warbler_0054_169175.jpg,174,173,174.Palm_Warbler,173,172,random_erasing,random_erasing,0,"{""area_fraction"":0.147506,""erased"":true,""height"":0.574717,""left"":0.382874,""top"":0.235509,""width"":0.256659}",0.40172377,4.9198332,4.5181094,0.66916555,0.007300348,0.19630896,0.0099847838,0.4728566,-0.0026844358,-0.47554103,0.34465131,2.74962,61.89643,170.19166,False,0.70919544,False,True,False,0.34465131,2.74962,61.89643,170.19166,0.33865297,2.7620773,61.035157,168.58382,0.60821594,2.2681682,10.289682,23.33873,0.51839587,2.4629554,13.088796,32.237121,0.40065813,2.8735705,31.359653,90.114175,0.28656171,2.6832764,35.977278,96.536981,0.28665786,2.8087077,25.155679,70.654948,0.35240589,2.7735495,25.364805,70.350541
0b_baseline_best,file,13,baseline,6587,113.Baird_Sparrow/Baird_Sparrow_0045_794571.jpg,113,112,113.Baird_Sparrow,123,122,identity,identity,0,{},0.0037494851,0.0037494851,0,0.99625754,0.99625754,0.0027658939,0.0027658939,0.99349165,0.99349165,0,1,1,0.59233252,0.59233252,False,1,True,True,True,1,1,0.59233252,0.59233252,1,1,0.57137164,0.57137164,1,1,0.15618025,0.15618025,1,1,0.10964333,0.10964333,1,1,0.27781885,0.27781885,1,1,0.31111044,0.31111044,1,1,0.26020104,0.26020104,1,1,0.26975226,0.26975226
0b_baseline_best,file,13,baseline,6587,113.Baird_Sparrow/Baird_Sparrow_0045_794571.jpg,113,112,113.Baird_Sparrow,123,122,horizontal_flip,horizontal_flip,0,"{""flipped"":true}",0.0037494851,0.0066424049,0.0028929198,0.99625754,0.99337959,0.0027658939,0.0018813314,0.99349165,0.99149826,-0.0019933882,0.3673957,1.5936855,0.59233252,0.94399178,False,0.97632182,True,True,True,0.3673957,1.5936855,0.59233252,0.94399178,0.33467257,1.6083587,0.57137164,0.91897055,0.88091561,1.3823888,0.15618025,0.21590183,0.32704933,1.7435466,0.10964333,0.19116826,0.2024802,1.5057704,0.27781885,0.41833139,0.24384276,1.6510027,0.31111044,0.51364417,0.3374651,1.6599968,0.26020104,0.4319329,0.59385503,1.5839539,0.26975226,0.42727514
0b_baseline_best,file,13,baseline,6587,113.Baird_Sparrow/Baird_Sparrow_0045_794571.jpg,113,112,113.Baird_Sparrow,123,122,color_jitter,color_jitter,0,"{""brightness"":1.318976,""contrast"":1.293288,""hue"":-0.057275,""saturation"":1.073505}",0.0037494851,0.0097832968,0.0060338117,0.99625754,0.99026442,0.0027658939,0.0019320518,0.99349165,0.98833236,-0.0051592857,0.32812687,2.0236497,0.59233252,1.1986735,False,0.94564718,True,True,True,0.32812687,2.0236497,0.59233252,1.1986735,0.28962118,2.0068135,0.57137164,1.1466363,0.79227743,2.2368204,0.15618025,0.34934717,0.22838713,2.4766133,0.10964333,0.27154414,0.19334048,1.6243354,0.27781885,0.451271,0.17275005,2.0252703,0.31111044,0.63008276,0.31170664,2.18491,0.26020104,0.56851586,0.51825765,2.0877898,0.26975226,0.56318602
0b_baseline_best,file,13,baseline,6587,113.Baird_Sparrow/Baird_Sparrow_0045_794571.jpg,113,112,113.Baird_Sparrow,123,122,rotation,rotation,0,"{""angle"":5.522332}",0.0037494851,0.0060782107,0.0023287255,0.99625754,0.99394023,0.0027658939,0.004711898,0.99349165,0.98922834,-0.0042633135,0.83604347,1.6756055,0.59233252,0.99251562,False,0.98768455,True,True,True,0.83604347,1.6756055,0.59233252,0.99251562,0.82524574,1.6796523,0.57137164,0.95970566,0.98633961,1.6204709,0.15618025,0.25308556,0.81936099,1.8683649,0.10964333,0.20485376,0.81866083,1.631694,0.27781885,0.45331536,0.808146,1.7303631,0.31111044,0.53833403,0.81450243,1.6611974,0.26020104,0.43224529,0.86927401,1.6451176,0.26975226,0.4437742
0b_baseline_best,file,13,baseline,6587,113.Baird_Sparrow/Baird_Sparrow_0045_794571.jpg,113,112,113.Baird_Sparrow,123,122,random_resized_crop,random_resized_crop,0,"{""area_fraction"":0.720446,""aspect"":0.978835,""fallback"":false,""height"":0.857918,""left"":0.147278,""top"":0.079225,""width"":0.839761}",0.0037494851,0.0028949755,-0.00085450965,0.99625754,0.99710923,0.0027658939,0.0022812043,0.99349165,0.99482803,0.0013363804,0.72039141,0.88119755,0.59233252,0.52196197,False,0.97327352,True,True,True,0.72039141,0.88119755,0.59233252,0.52196197,0.70461593,0.88885441,0.57137164,0.5078662,0.97046573,0.77143733,0.15618025,0.12048328,0.62266742,0.81959654,0.10964333,0.089863296,0.61560687,0.89599726,0.27781885,0.24892493,0.72096644,0.92719454,0.31111044,0.28845991,0.71900285,0.91726871,0.26020104,0.23867427,0.78751976,0.80976718,0.26975226,0.21843653
0b_baseline_best,file,13,baseline,6587,113.Baird_Sparrow/Baird_Sparrow_0045_794571.jpg,113,112,113.Baird_Sparrow,123,122,gaussian_blur,gaussian_blur,0,"{""sigma"":1.667431}",0.0037494851,0.4803735,0.47662402,0.99625754,0.61855233,0.0027658939,0.18965957,0.99349165,0.42889276,-0.56459889,0.47422593,96.412075,0.59233252,57.108008,False,0.83239222,True,True,True,0.47422593,96.412075,0.59233252,57.108008,0.45839221,98.214944,0.57137164,56.117233,0.8123698,67.816124,0.15618025,10.591539,0.61373419,137.90464,0.10964333,15.120324,0.35638701,98.11205,0.27781885,27.257377,0.43661253,103.24944,0.31111044,32.12198,0.47973536,95.383066,0.26020104,24.818773,0.56697061,85.324802,0.26975226,23.016558
0b_baseline_best,file,13,baseline,6587,113.Baird_Sparrow/Baird_Sparrow_0045_794571.jpg,113,112,113.Baird_Sparrow,123,122,random_erasing,random_erasing,0,"{""area_fraction"":0.087091,""erased"":true,""height"":0.421125,""left"":0.621093,""top"":0.528867,""width"":0.206805}",0.0037494851,0.0047005629,0.00095107779,0.99625754,0.99531049,0.0027658939,0.0019088001,0.99349165,0.99340169,-8.9964364e-05,0.66717516,1.0194362,0.59233252,0.60384522,False,0.9875865,True,True,True,0.66717516,1.0194362,0.59233252,0.60384522,0.64511609,1.012675,0.57137164,0.57861374,0.93990727,1.1059569,0.15618025,0.17272863,0.66114039,1.1000965,0.10964333,0.12061825,0.61866049,0.90754796,0.27781885,0.25213393,0.55516716,1.0203965,0.31111044,0.31745602,0.65503627,1.030606,0.26020104,0.26816476,0.7759853,1.0743119,0.26975226,0.28979807
0b_baseline_best,file,13,baseline,6137,105.Whip_poor_Will/Whip_Poor_Will_0003_796409.jpg,105,104,105.Whip_poor_Will,22,21,identity,identity,0,{},0.56982017,0.56982017,0,0.56562716,0.56562716,0.39068383,0.39068383,0.17494333,0.17494333,0,1,1,122.92507,122.92507,False,1,True,True,True,1,1,122.92507,122.92507,1,1,121.67168,121.67168,1,1,17.509295,17.509295,1,1,23.617979,23.617979,1,1,58.899843,58.899843,1,1,76.552845,76.552845,1,1,56.280329,56.280329,1,1,41.823252,41.823252
0b_baseline_best,file,13,baseline,6137,105.Whip_poor_Will/Whip_Poor_Will_0003_796409.jpg,105,104,105.Whip_poor_Will,22,21,horizontal_flip,horizontal_flip,0,"{""flipped"":true}",0.56982017,0.16223644,-0.40758373,0.56562716,0.85024017,0.39068383,0.06468419,0.17494333,0.78555598,0.61061265,0.74117331,0.32917338,122.92507,40.463662,False,0.95800734,True,True,True,0.74117331,0.32917338,122.92507,40.463662,0.73923897,0.32956028,121.67168,40.098154,0.84187339,0.30991626,17.509295,5.426415,0.65611347,0.36805134,23.617979,8.692629,0.72854672,0.31749037,58.899843,18.700133,0.78517893,0.32387089,76.552845,24.793238,0.70888925,0.33432076,56.280329,18.815682,0.70060192,0.3496695,41.823252,14.624316
0b_baseline_best,file,13,baseline,6137,105.Whip_poor_Will/Whip_Poor_Will_0003_796409.jpg,105,104,105.Whip_poor_Will,22,21,color_jitter,color_jitter,0,"{""brightness"":0.965609,""contrast"":0.790348,""hue"":-0.049851,""saturation"":1.152035}",0.56982017,2.7882509,2.2184308,0.56562716,0.061528746,0.39068383,0.91480267,0.17494333,-0.85327392,-1.0282173,0.79796294,1.8841854,122.92507,231.61362,False,0.91792864,False,True,False,0.79796294,1.8841854,122.92507,231.61362,0.79537019,1.8807613,121.67168,228.83539,0.91590044,2.0427095,17.509295,35.766403,0.72415055,1.6504892,23.617979,38.98122,0.77120014,1.9439044,58.899843,114.49566,0.81312792,1.760996,76.552845,134.80925,0.80669699,1.9037712,56.280329,107.14487,0.80363068,2.1496915,41.823252,89.907091
0b_baseline_best,file,13,baseline,6137,105.Whip_poor_Will/Whip_Poor_Will_0003_796409.jpg,105,104,105.Whip_poor_Will,22,21,rotation,rotation,0,"{""angle"":-7.557303}",0.56982017,0.35570785,-0.21411231,0.56562716,0.70067728,0.39068383,0.27783784,0.17494333,0.42283943,0.24789611,0.87842525,0.60548954,122.92507,74.429846,False,0.94863129,True,True,True,0.87842525,0.60548954,122.92507,74.429846,0.87694822,0.60480156,121.67168,73.587223,0.94727068,0.6378283,17.509295,11.167924,0.86368234,0.65733385,23.617979,15.524897,0.89277341,0.61309292,58.899843,36.111077,0.89707812,0.57731686,76.552845,44.195248,0.85530569,0.60651612,56.280329,34.134927,0.83547446,0.65551916,41.823252,27.415943
0b_baseline_best,file,13,baseline,6137,105.Whip_poor_Will/Whip_Poor_Will_0003_796409.jpg,105,104,105.Whip_poor_Will,22,21,random_resized_crop,random_resized_crop,0,"{""area_fraction"":0.519549,""aspect"":1.077687,""fallback"":false,""height"":0.694331,""left"":0.090847,""top"":0.025079,""width"":0.748272}",0.56982017,0.070966572,-0.49885359,0.56562716,0.93149304,0.39068383,0.045044012,0.17494333,0.88644903,0.7115057,0.66438298,0.13301656,122.92507,16.35107,False,0.90132165,True,True,True,0.66438298,0.13301656,122.92507,16.35107,0.66013301,0.13322212,121.67168,16.209359,0.8894555,0.12268135,17.509295,2.1480639,0.58042164,0.14327895,23.617979,3.3839593,0.65818897,0.12471047,58.899843,7.3454274,0.65508362,0.12577206,76.552845,9.628209,0.65441869,0.14111351,56.280329,7.9419146,0.72482111,0.15414243,41.823252,6.4467375
0b_baseline_best,file,13,baseline,6137,105.Whip_poor_Will/Whip_Poor_Will_0003_796409.jpg,105,104,105.Whip_poor_Will,22,21,gaussian_blur,gaussian_blur,0,"{""sigma"":1.302931}",0.56982017,0.082333885,-0.48748628,0.56562716,0.92096442,0.39068383,0.022370014,0.17494333,0.89859441,0.72365108,0.47344948,0.10879064,122.92507,13.373097,False,0.86504734,True,True,True,0.47344948,0.10879064,122.92507,13.373097,0.466201,0.10827948,121.67168,13.174546,0.7709729,0.13112344,17.509295,2.2958789,0.33787456,0.092257989,23.617979,2.1789473,0.38156048,0.092043492,58.899843,5.4213473,0.50456124,0.093203856,76.552845,7.1350203,0.46288988,0.11733406,56.280329,6.6035996,0.57244534,0.16024044,41.823252,6.7017762
0b_baseline_best,file,13,baseline,6137,105.Whip_poor_Will/Whip_Poor_Will_0003_796409.jpg,105,104,105.Whip_poor_Will,22,21,random_erasing,random_erasing,0,"{""area_fraction"":0.17098,""erased"":true,""height"":0.424277,""left"":0.232784,""top"":0.297023,""width"":0.402992}",0.56982017,0.20234016,-0.36748001,0.56562716,0.81681705,0.39068383,0.1418757,0.17494333,0.67494135,0.49999802,0.64018675,0.28676794,122.92507,35.25097,False,0.8626225,True,True,True,0.64018675,0.28676794,122.92507,35.25097,0.63484701,0.28441655,121.67168,34.605441,0.85942604,0.38352402,17.509295,6.715235,0.55969194,0.26406063,23.617979,6.2365784,0.52677627,0.24445421,58.899843,14.398314,0.67227445,0.2679324,76.552845,20.510987,0.67898591,0.29413573,56.280329,16.554056,0.6801593,0.38300499,41.823252,16.018514
0b_baseline_best,file,13,baseline,11074,189.Red_bellied_Woodpecker/Red_Bellied_Woodpecker_0066_182253.jpg,189,188,189.Red_bellied_Woodpecker,36,35,identity,identity,0,{},0.00047660436,0.00047660436,0,0.99952352,0.99952352,4.6806217e-05,4.6806217e-05,0.99947671,0.99947671,0,1,1,0.065963147,0.065963147,False,1.0000001,True,True,True,1,1,0.065963147,0.065963147,1,1,0.064300542,0.064300542,1,1,0.014716557,0.014716557,1,1,0.012615157,0.012615157,1,1,0.023040324,0.023040324,1,1,0.027851994,0.027851994,1,1,0.027571408,0.027571408,1,1,0.04368804,0.04368804
0b_baseline_best,file,13,baseline,11074,189.Red_bellied_Woodpecker/Red_Bellied_Woodpecker_0066_182253.jpg,189,188,189.Red_bellied_Woodpecker,36,35,horizontal_flip,horizontal_flip,0,"{""flipped"":true}",0.00047660436,0.00077908678,0.00030248243,0.99952352,0.99922121,4.6806217e-05,0.00014305566,0.99947671,0.99907815,-0.0003985642,0.62140881,1.5778282,0.065963147,0.10407852,False,0.97922432,True,True,True,0.62140881,1.5778282,0.065963147,0.10407852,0.60236699,1.5747264,0.064300542,0.10125576,0.97175755,1.6359164,0.014716557,0.024075057,0.5750452,1.078133,0.012615157,0.013600817,0.59420784,1.6816304,0.023040324,0.03874531,0.53371787,1.5947355,0.027851994,0.044416565,0.44452539,1.7237254,0.027571408,0.047525535,0.71269276,1.507072,0.04368804,0.065841021
0b_baseline_best,file,13,baseline,11074,189.Red_bellied_Woodpecker/Red_Bellied_Woodpecker_0066_182253.jpg,189,188,189.Red_bellied_Woodpecker,36,35,color_jitter,color_jitter,0,"{""brightness"":1.069032,""contrast"":1.172644,""hue"":-0.016749,""saturation"":1.374802}",0.00047660436,0.0016002957,0.0011236913,0.99952352,0.99840099,4.6806217e-05,0.00012669798,0.99947671,0.99827429,-0.001202426,0.89863871,3.1469392,0.065963147,0.20758201,False,0.99227095,True,True,True,0.89863871,3.1469392,0.065963147,0.20758201,0.89380412,3.1480705,0.064300542,0.20242264,0.9916295,3.1252649,0.014716557,0.04599314,0.91165669,2.9196821,0.012615157,0.036832248,0.82711594,2.855399,0.023040324,0.065789317,0.86342252,3.1030136,0.027851994,0.086425117,0.85914731,3.3615851,0.027571408,0.092683636,0.93794903,3.1741901,0.04368804,0.13867414
0b_baseline_best,file,13,baseline,11074,189.Red_bellied_Woodpecker/Red_Bellied_Woodpecker_0066_182253.jpg,189,188,189.Red_bellied_Woodpecker,36,35,rotation,rotation,0,"{""angle"":13.552226}",0.00047660436,0.00022861728,-0.00024798707,0.99952352,0.99977142,4.6806217e-05,4.4530065e-05,0.99947671,0.99972689,0.00025017187,0.73665726,0.48620327,0.065963147,0.032071498,False,0.97876298,True,True,True,0.73665726,0.48620327,0.065963147,0.032071498,0.72429715,0.48613996,0.064300542,0.031259063,0.97200513,0.48741021,0.014716557,0.0071730002,0.74921977,0.39980357,0.012615157,0.0050435847,0.63357134,0.4823078,0.023040324,0.011112528,0.63260745,0.50796333,0.027851994,0.014147792,0.625638,0.52572146,0.027571408,0.014494881,0.83595288,0.46794536,0.04368804,0.020443616
0b_baseline_best,file,13,baseline,11074,189.Red_bellied_Woodpecker/Red_Bellied_Woodpecker_0066_182253.jpg,189,188,189.Red_bellied_Woodpecker,36,35,random_resized_crop,random_resized_crop,0,"{""area_fraction"":0.878776,""aspect"":0.91881,""fallback"":false,""height"":0.977972,""left"":0.050017,""top"":0.006348,""width"":0.89857}",0.00047660436,0.00059146073,0.00011485638,0.99952352,0.99940872,4.6806217e-05,5.5140554e-05,0.99947671,0.99935358,-0.00012313288,0.88268973,1.201213,0.065963147,0.079235791,False,0.99638373,True,True,True,0.88268973,1.201213,0.065963147,0.079235791,0.87661951,1.1990522,0.064300542,0.077099705,0.99510139,1.2417438,0.014716557,0.018274194,0.88377836,1.2016646,0.012615157,0.015159188,0.8083146,1.1604806,0.023040324,0.026737849,0.81703834,1.164056,0.027851994,0.032421281,0.81984471,1.2332787,0.027571408,0.034003232,0.94106533,1.2095333,0.04368804,0.052842139
0b_baseline_best,file,13,baseline,11074,189.Red_bellied_Woodpecker/Red_Bellied_Woodpecker_0066_182253.jpg,189,188,189.Red_bellied_Woodpecker,36,35,gaussian_blur,gaussian_blur,0,"{""sigma"":1.964457}",0.00047660436,0.023716575,0.02323997,0.99952352,0.97656244,4.6806217e-05,0.0017739794,0.99947671,0.97478846,-0.024688253,0.31577185,68.659907,0.065963147,4.5290235,False,0.88799721,True,True,True,0.31577185,68.659907,0.065963147,4.5290235,0.29600933,69.553673,0.064300542,4.4723388,0.87630459,48.537871,0.014716557,0.71431035,-0.29280566,117.14413,0.012615157,1.4777916,0.042763516,96.262748,0.023040324,2.2179249,0.28653014,83.615112,0.027851994,2.3288476,0.37315601,73.356981,0.027571408,2.0225553,0.60970502,42.109916,0.04368804,1.8396997
0b_baseline_best,file,13,baseline,11074,189.Red_bellied_Woodpecker/Red_Bellied_Woodpecker_0066_182253.jpg,189,188,189.Red_bellied_Woodpecker,36,35,random_erasing,random_erasing,0,"{""area_fraction"":0.108165,""erased"":true,""height"":0.248075,""left"":0.541419,""top"":0.648575,""width"":0.436018}",0.00047660436,0.00047731926,7.1490649e-07,0.99952352,0.99952281,4.6806217e-05,5.7718156e-05,0.99947671,0.99946509,-1.1627195e-05,0.96931442,0.99350953,0.065963147,0.065535015,False,0.99222487,True,True,True,0.96931442,0.99350953,0.065963147,0.065535015,0.96814956,0.99163613,0.064300542,0.063762741,0.99136904,1.0286196,0.014716557,0.015137739,0.9629922,0.93883143,0.012615157,0.011843506,0.96023317,0.93932841,0.023040324,0.021642431,0.96438666,0.98154604,0.027851994,0.027338015,0.95730411,1.0191883,0.027571408,0.028100456,0.97721365,1.0029757,0.04368804,0.043818044
0b_baseline_best,file,13,baseline,7561,129.Song_Sparrow/Song_Sparrow_0135_121261.jpg,129,128,129.Song_Sparrow,131,130,identity,identity,0,{},0.0087475907,0.0087475907,0,0.99129057,0.99129057,0.0058585899,0.0058585899,0.98543198,0.98543198,0,1,1,2.2627753,2.2627753,False,0.99999988,True,True,True,1,1,2.2627753,2.2627753,1,1,2.2316209,2.2316209,1,1,0.37419291,0.37419291,1,1,0.41435908,0.41435908,1,1,1.1438258,1.1438258,1,1,1.3693476,1.3693476,1,1,0.95446845,0.95446845,1,1,0.84497212,0.84497212
0b_baseline_best,file,13,baseline,7561,129.Song_Sparrow/Song_Sparrow_0135_121261.jpg,129,128,129.Song_Sparrow,131,130,horizontal_flip,horizontal_flip,0,"{""flipped"":true}",0.0087475907,0.019457193,0.010709602,0.99129057,0.98073089,0.0058585899,0.0049033388,0.98543198,0.97582755,-0.009604427,0.68201258,2.4410577,2.2627753,5.523565,False,0.96375322,True,True,True,0.68201258,2.4410577,2.2627753,5.523565,0.67878074,2.4435021,2.2316209,5.4529703,0.8018874,2.3524639,0.37419291,0.88027534,0.60681076,2.1577505,0.41435908,0.89408352,0.69997093,2.7629809,1.1438258,3.1603689,0.72350874,2.34148,1.3693476,3.2063,0.58962509,2.3621578,0.95446845,2.2546051,0.66232176,2.2404718,0.84497212,1.8931362
0b_baseline_best,file,13,baseline,7561,129.Song_Sparrow/Song_Sparrow_0135_121261.jpg,129,128,129.Song_Sparrow,131,130,color_jitter,color_jitter,0,"{""brightness"":0.984724,""contrast"":0.669906,""hue"":0.054646,""saturation"":0.659232}",0.0087475907,1.5802423,1.5714947,0.99129057,0.20592521,0.0058585899,0.54628205,0.98543198,-0.34035684,-1.3257888,0.7671056,92.21584,2.2627753,208.66372,False,0.88801455,False,True,False,0.7671056,92.21584,2.2627753,208.66372,0.76482736,92.641783,2.2316209,206.74133,0.8822155,75.519834,0.37419291,28.258987,0.79204773,87.294345,0.41435908,36.171205,0.63013205,88.356836,1.1438258,101.06483,0.83205107,97.429185,1.3693476,133.41442,0.80496032,93.534505,0.95446845,89.275734,0.7623225,87.368377,0.84497212,73.823843
0b_baseline_best,file,13,baseline,7561,129.Song_Sparrow/Song_Sparrow_0135_121261.jpg,129,128,129.Song_Sparrow,131,130,rotation,rotation,0,"{""angle"":0.751179}",0.0087475907,0.0043966537,-0.004350937,0.99129057,0.99561298,0.0058585899,0.0027483294,0.98543198,0.99286465,0.0074326701,0.94482761,0.50334105,2.2627753,1.1389477,False,0.99304074,True,True,True,0.94482761,0.50334105,2.2627753,1.1389477,0.94348587,0.50276368,2.2316209,1.1219779,0.9914097,0.52346269,0.37419291,0.19587603,0.93623137,0.51063181,0.41435908,0.21158493,0.94990766,0.53577346,1.1438258,0.61283152,0.94948898,0.48980178,1.3693476,0.67070888,0.93072101,0.49164272,0.95446845,0.46925747,0.93853111,0.48572915,0.84497212,0.41042759
0b_baseline_best,file,13,baseline,7561,129.Song_Sparrow/Song_Sparrow_0135_121261.jpg,129,128,129.Song_Sparrow,131,130,random_resized_crop,random_resized_crop,0,"{""area_fraction"":0.654366,""aspect"":0.974766,""fallback"":false,""height"":0.819333,""left"":0.071243,""top"":0.098038,""width"":0.798658}",0.0087475907,0.0010327726,-0.0077148181,0.99129057,0.99896777,0.0058585899,0.00053782953,0.98543198,0.99842994,0.012997958,0.83911427,0.10542328,2.2627753,0.23854919,False,0.97745144,True,True,True,0.83911427,0.10542328,2.2627753,0.23854919,0.83522605,0.10486345,2.2316209,0.23401547,0.96745381,0.12369789,0.37419291,0.046286873,0.79697059,0.10353784,0.41435908,0.042901845,0.86833307,0.11479445,1.1438258,0.13130486,0.84382085,0.098902758,1.3693476,0.13543225,0.79973388,0.097041833,0.95446845,0.092623368,0.81440247,0.11077139,0.84497212,0.09359874
0b_baseline_best,file,13,baseline,7561,129.Song_Sparrow/Song_Sparrow_0135_121261.jpg,129,128,129.Song_Sparrow,131,130,gaussian_blur,gaussian_blur,0,"{""sigma"":1.494257}",0.0087475907,1.5481263,1.5393787,0.99129057,0.21264604,0.0058585899,0.33184817,0.98543198,-0.11920214,-1.1046341,0.70777118,96.511907,2.2627753,218.38476,False,0.86802912,False,True,False,0.70777118,96.511907,2.2627753,218.38476,0.70530691,97.049765,2.2316209,216.57828,0.84466312,74.911251,0.37419291,28.031259,0.70259556,101.29251,0.41435908,41.971473,0.65511373,88.164761,1.1438258,100.84513,0.77131669,104.92011,1.3693476,143.67209,0.65716831,97.43634,0.95446845,92.999912,0.67534515,89.225802,0.84497212,75.393315
0b_baseline_best,file,13,baseline,7561,129.Song_Sparrow/Song_Sparrow_0135_121261.jpg,129,128,129.Song_Sparrow,131,130,random_erasing,random_erasing,0,"{""area_fraction"":0.104664,""erased"":true,""height"":0.414773,""left"":0.093213,""top"":0.326643,""width"":0.252341}",0.0087475907,0.0041155647,-0.004632026,0.99129057,0.99589288,0.0058585899,0.0026719945,0.98543198,0.99322089,0.0077889084,0.97460961,0.51112105,2.2627753,1.1565521,False,0.99384069,True,True,True,0.97460961,0.51112105,2.2627753,1.1565521,0.9741637,0.51197523,2.2316209,1.1425346,0.99354175,0.47975194,0.37419291,0.17951977,0.97828308,0.53777917,0.41435908,0.22283368,0.98685453,0.54310306,1.1438258,0.6212153,0.98110618,0.50236389,1.3693476,0.68791077,0.95932879,0.50600727,0.95446845,0.48296797,0.95419678,0.47830788,0.84497212,0.40415683
0b_baseline_best,file,13,baseline,5796,099.Ovenbird/Ovenbird_0054_92594.jpg,99,98,099.Ovenbird,125,124,identity,identity,0,{},0.068804011,0.068804011,0,0.93350965,0.93350965,0.011940993,0.011940993,0.92156865,0.92156865,0,1,1,9.7737373,9.7737373,False,1,True,True,True,1,1,9.7737373,9.7737373,1,1,9.6330705,9.6330705,1,1,1.652239,1.652239,1,1,1.6069135,1.6069135,1,1,4.8987127,4.8987127,1,1,5.3175037,5.3175037,1,1,4.1302753,4.1302753,1,1,4.5696249,4.5696249
0b_baseline_best,file,13,baseline,5796,099.Ovenbird/Ovenbird_0054_92594.jpg,99,98,099.Ovenbird,125,124,horizontal_flip,horizontal_flip,0,"{""flipped"":true}",0.068804011,0.026287675,-0.042516336,0.93350965,0.97405481,0.011940993,0.0018843975,0.92156865,0.97217042,0.050601761,0.64849133,0.39081323,9.7737373,3.8197059,False,0.96667713,True,True,True,0.64849133,0.39081323,9.7737373,3.8197059,0.63905101,0.39028132,9.6330705,3.7596074,0.95574681,0.40848258,1.652239,0.67491085,0.43911785,0.36870901,1.6069135,0.59248348,0.60979655,0.39926776,4.8987127,1.9558981,0.623247,0.35861245,5.3175037,1.906923,0.58026942,0.41270986,4.1302753,1.7046053,0.76704395,0.40446495,4.5696249,1.8482531
0b_baseline_best,file,13,baseline,5796,099.Ovenbird/Ovenbird_0054_92594.jpg,99,98,099.Ovenbird,125,124,color_jitter,color_jitter,0,"{""brightness"":0.957141,""contrast"":1.027234,""hue"":-0.069727,""saturation"":1.121134}",0.068804011,0.03400591,-0.034798101,0.93350965,0.96656579,0.011940993,0.003931249,0.92156865,0.96263454,0.041065884,0.77798407,0.44551322,9.7737373,4.3543292,False,0.95669585,True,True,True,0.77798407,0.44551322,9.7737373,4.3543292,0.77296203,0.44310618,9.6330705,4.2684731,0.93306369,0.52075919,1.652239,0.86041863,0.65536384,0.43308706,1.6069135,0.69593345,0.72916096,0.42615411,4.8987127,2.0876066,0.77213488,0.41671398,5.3175037,2.2158781,0.76266669,0.46900694,4.1302753,1.9371278,0.84589792,0.47517519,4.5696249,2.1713724
0b_baseline_best,file,13,baseline,5796,099.Ovenbird/Ovenbird_0054_92594.jpg,99,98,099.Ovenbird,125,124,rotation,rotation,0,"{""angle"":-14.427927}",0.068804011,0.089257002,0.020452991,0.93350965,0.91461051,0.011940993,0.013384079,0.92156865,0.90122643,-0.020342228,0.73663344,1.3187236,9.7737373,12.888858,False,0.96440101,True,True,True,0.73663344,1.3187236,9.7737373,12.888858,0.73015349,1.3192687,9.6330705,12.708609,0.96023557,1.3000573,1.652239,2.1480054,0.6582519,1.3448349,1.6069135,2.1610334,0.80347045,1.2474552,4.8987127,6.1109246,0.71138225,1.305084,5.3175037,6.9397892,0.65329723,1.4554374,4.1302753,6.0113569,0.75900496,1.2983135,4.5696249,5.9328059
0b_baseline_best,file,13,baseline,5796,099.Ovenbird/Ovenbird_0054_92594.jpg,99,98,099.Ovenbird,125,124,random_resized_crop,random_resized_crop,0,"{""area_fraction"":0.536305,""aspect"":0.846949,""fallback"":false,""height"":0.795751,""left"":0.014704,""top"":0.045989,""width"":0.67396}",0.068804011,1.1040759,1.0352719,0.93350965,0.3315171,0.011940993,0.081920184,0.92156865,0.24959692,-0.67197174,0.55479826,7.8619745,9.7737373,76.840874,False,0.90244114,True,True,True,0.55479826,7.8619745,9.7737373,76.840874,0.5425655,7.7789697,9.6330705,74.935364,0.89012186,10.292828,1.652239,17.006211,0.63732061,8.7950956,1.6069135,14.132958,0.65284012,6.2494543,4.8987127,30.614281,0.47594737,7.55718,5.3175037,40.185332,0.44925871,8.1696171,4.1302753,33.742768,0.60573477,9.0886891,4.5696249,41.5319
0b_baseline_best,file,13,baseline,5796,099.Ovenbird/Ovenbird_0054_92594.jpg,99,98,099.Ovenbird,125,124,gaussian_blur,gaussian_blur,0,"{""sigma"":1.001581}",0.068804011,0.066204511,-0.0025995001,0.93350965,0.93593943,0.011940993,0.007063861,0.92156865,0.92887557,0.0073069157,0.7745871,1.1777182,9.7737373,11.510709,False,0.95063376,True,True,True,0.7745871,1.1777182,9.7737373,11.510709,0.77089635,1.1832488,9.6330705,11.39832,0.94224218,0.97116314,1.652239,1.6045936,0.76880667,1.4162677,1.6069135,2.2758197,0.79770949,1.15318,4.8987127,5.6490977,0.75589632,1.2894685,5.3175037,6.8567535,0.72631593,1.1993454,4.1302753,4.9536267,0.82252863,1.0094156,4.5696249,4.6126504
0b_baseline_best,file,13,baseline,5796,099.Ovenbird/Ovenbird_0054_92594.jpg,99,98,099.Ovenbird,125,124,random_erasing,random_erasing,0,"{""area_fraction"":0.19646,""erased"":true,""height"":0.488408,""left"":0.57647,""top"":0.234272,""width"":0.402246}",0.068804011,5.7471952,5.6783912,0.93350965,0.0031917195,0.011940993,0.0011361643,0.92156865,0.0020555552,-0.9195131,0.23471515,10.896807,9.7737373,106.50253,False,0.68329561,False,True,False,0.23471515,10.896807,9.7737373,106.50253,0.21648746,10.590597,9.6330705,102.01997,0.62487699,18.504058,1.652239,30.573125,0.30681143,9.1645207,1.6069135,14.726592,0.20533249,6.8969527,4.8987127,33.78619,0.2245606,8.6958071,5.3175037,46.239986,0.13582963,11.57174,4.1302753,47.79447,0.2878714,14.886094,4.5696249,68.023867
0b_baseline_best,file,13,baseline,2455,043.Yellow_bellied_Flycatcher/Yellow_Bellied_Flycatcher_0049_42593.jpg,43,42,043.Yellow_bellied_Flycatcher,102,101,identity,identity,0,{},2.8149776,2.8149776,0,0.059906058,0.059906058,0.43152434,0.43152434,-0.37161828,-0.37161828,0,1,1,209.55912,209.55912,False,0.99999988,True,False,False,1,1,209.55912,209.55912,1,1,207.07101,207.07101,1,1,32.196603,32.196603,1,1,57.94017,57.94017,1,1,100.89304,100.89304,1,1,116.18789,116.18789,1,1,95.290274,95.290274,1,1,82.23181,82.23181
0b_baseline_best,file,13,baseline,2455,043.Yellow_bellied_Flycatcher/Yellow_Bellied_Flycatcher_0049_42593.jpg,43,42,043.Yellow_bellied_Flycatcher,102,101,horizontal_flip,horizontal_flip,0,"{""flipped"":true}",2.8149776,2.9023304,0.087352753,0.059906058,0.054895148,0.43152434,0.15316735,-0.37161828,-0.098272204,0.27334607,0.43720123,0.63340136,209.55912,132.73503,False,0.93106544,True,False,False,0.43720123,0.63340136,209.55912,132.73503,0.4236495,0.62808896,207.07101,130.05901,0.88031299,0.82364852,32.196603,26.518684,-0.19539077,0.78566032,57.94017,45.521292,0.17641036,0.52889338,100.89304,53.361661,0.60282182,0.60378855,116.18789,70.152918,0.5448413,0.62561148,95.290274,59.614689,0.60800048,0.7215277,82.23181,59.332529
0b_baseline_best,file,13,baseline,2455,043.Yellow_bellied_Flycatcher/Yellow_Bellied_Flycatcher_0049_42593.jpg,43,42,043.Yellow_bellied_Flycatcher,102,101,color_jitter,color_jitter,0,"{""brightness"":0.624555,""contrast"":0.995681,""hue"":-0.095893,""saturation"":0.767727}",2.8149776,7.6171312,4.8021536,0.059906058,0.00049195124,0.43152434,0.87344849,-0.37161828,-0.87295654,-0.50133826,0.59677058,1.0528095,209.55912,220.62582,False,0.91672695,True,False,False,0.59677058,1.0528095,209.55912,220.62582,0.58899537,1.0441105,207.07101,216.20501,0.86366923,1.3648902,32.196603,43.944827,0.6481766,1.5880935,57.94017,92.014407,0.49680951,1.0220644,100.89304,103.11918,0.58767451,0.93319473,116.18789,108.42593,0.62541483,0.94709926,95.290274,90.249347,0.68585096,1.0700945,82.23181,87.995808
0b_baseline_best,file,13,baseline,2455,043.Yellow_bellied_Flycatcher/Yellow_Bellied_Flycatcher_0049_42593.jpg,43,42,043.Yellow_bellied_Flycatcher,102,101,rotation,rotation,0,"{""angle"":-2.28612}",2.8149776,2.3488693,-0.46610832,0.059906058,0.095477067,0.43152434,0.36440435,-0.37161828,-0.26892728,0.10269099,0.86195994,0.9832624,209.55912,206.0516,False,0.98113787,True,False,False,0.86195994,0.9832624,209.55912,206.0516,0.85917854,0.9832181,207.07101,203.59596,0.97679111,0.9850933,32.196603,31.716657,0.91345673,1.0452023,57.94017,60.559202,0.84586067,0.99666623,100.89304,100.55669,0.8493419,0.96078577,116.18789,111.63167,0.84950115,0.98705279,95.290274,94.056531,0.88493404,0.97011875,82.23181,79.77462
0b_baseline_best,file,13,baseline,2455,043.Yellow_bellied_Flycatcher/Yellow_Bellied_Flycatcher_0049_42593.jpg,43,42,043.Yellow_bellied_Flycatcher,102,101,random_resized_crop,random_resized_crop,0,"{""area_fraction"":0.624082,""aspect"":1.285854,""fallback"":false,""height"":0.696666,""left"":0.096464,""top"":0.215546,""width"":0.895812}",2.8149776,4.4596667,1.6446891,0.059906058,0.011566214,0.43152434,0.79335791,-0.37161828,-0.78179169,-0.41017342,0.73378536,1.1796435,209.55912,247.20504,False,0.91748929,True,False,False,0.73378536,1.1796435,209.55912,247.20504,0.73040936,1.1804565,207.07101,244.43831,0.87801308,1.1455101,32.196603,36.881532,0.75187498,1.2954414,57.94017,75.058097,0.74738154,1.228011,100.89304,123.89776,0.7440107,1.1802765,116.18789,137.13384,0.70550598,1.1048994,95.290274,105.28617,0.70033929,1.14562,82.23181,94.206402
0b_baseline_best,file,13,baseline,2455,043.Yellow_bellied_Flycatcher/Yellow_Bellied_Flycatcher_0049_42593.jpg,43,42,043.Yellow_bellied_Flycatcher,102,101,gaussian_blur,gaussian_blur,0,"{""sigma"":1.861429}",2.8149776,3.9056652,1.0906875,0.059906058,0.020127563,0.43152434,0.082662627,-0.37161828,-0.062535064,0.30908321,0.49144695,0.83382467,209.55912,174.73556,False,0.80125237,False,False,False,0.49144695,0.83382467,209.55912,174.73556,0.48562692,0.83512554,207.07101,172.93029,0.75102526,0.77811286,32.196603,25.052591,0.59985838,0.59686633,57.94017,34.582537,0.4603004,0.74079228,100.89304,74.740785,0.49022637,0.85460973,116.18789,99.295302,0.46025596,0.88912571,95.290274,84.725032,0.5215012,0.94860502,82.23181,78.005507
0b_baseline_best,file,13,baseline,2455,043.Yellow_bellied_Flycatcher/Yellow_Bellied_Flycatcher_0049_42593.jpg,43,42,043.Yellow_bellied_Flycatcher,102,101,random_erasing,random_erasing,0,"{""area_fraction"":0.171891,""erased"":true,""height"":0.746484,""left"":0.695711,""top"":0.090595,""width"":0.230267}",2.8149776,2.3850379,-0.42993975,0.059906058,0.092085496,0.43152434,0.34776542,-0.37161828,-0.25567992,0.11593836,0.95539799,0.90232453,209.55912,189.09033,False,0.9854604,True,False,False,0.95539799,0.90232453,209.55912,189.09033,0.95479036,0.90102965,207.07101,186.57712,0.98066742,0.95434737,32.196603,30.726743,0.94917498,0.97635185,57.94017,56.569992,0.96247463,0.89078797,100.89304,89.874306,0.96608841,0.87590515,116.18789,101.76957,0.94890619,0.91026387,95.290274,86.739293,0.93537806,0.91429994,82.23181,75.184538
0b_baseline_best,file,13,baseline,10437,178.Swainson_Warbler/Swainson_Warbler_0034_794890.jpg,178,177,178.Swainson_Warbler,195,194,identity,identity,0,{},1.1720401,1.1720401,0,0.3097344,0.3097344,0.11878388,0.11878388,0.19095052,0.19095052,0,1,1,175.74629,175.74629,False,1,True,True,True,1,1,175.74629,175.74629,1,1,174.71163,174.71163,1,1,19.042197,19.042197,1,1,40.614417,40.614417,1,1,90.705788,90.705788,1,1,101.15464,101.15464,1,1,76.693806,76.693806,1,1,67.326678,67.326678
0b_baseline_best,file,13,baseline,10437,178.Swainson_Warbler/Swainson_Warbler_0034_794890.jpg,178,177,178.Swainson_Warbler,195,194,horizontal_flip,horizontal_flip,0,"{""flipped"":true}",1.1720401,0.12984298,-1.0421971,0.3097344,0.87823331,0.11878388,0.023964612,0.19095052,0.8542687,0.66331818,0.75737093,0.18282437,175.74629,32.130704,False,0.9339509,True,True,True,0.75737093,0.18282437,175.74629,32.130704,0.75535894,0.18270723,174.71163,31.921079,0.91918865,0.19242909,19.042197,3.6642727,0.87421701,0.14945799,40.614417,6.0701491,0.82093854,0.18551098,90.705788,16.82692,0.74161421,0.18653807,101.15464,18.869192,0.64475335,0.1838934,76.693806,14.103484,0.78121726,0.1782408,67.326678,12.000361
0b_baseline_best,file,13,baseline,10437,178.Swainson_Warbler/Swainson_Warbler_0034_794890.jpg,178,177,178.Swainson_Warbler,195,194,color_jitter,color_jitter,0,"{""brightness"":0.694304,""contrast"":1.263476,""hue"":-0.012129,""saturation"":0.639959}",1.1720401,0.32726043,-0.84477967,0.3097344,0.72089601,0.11878388,0.021623423,0.19095052,0.69927258,0.50832206,0.84860027,0.46416004,175.74629,81.574405,False,0.94303858,True,True,True,0.84860027,0.46416004,175.74629,81.574405,0.84786461,0.46476902,174.71163,81.200554,0.92555544,0.40966245,19.042197,7.8008732,0.80227082,0.67711894,40.614417,27.500791,0.82728643,0.49681512,90.705788,45.064007,0.8897333,0.43976927,101.15464,44.484702,0.85072882,0.42745421,76.693806,32.78309,0.8705111,0.40753752,67.326678,27.438147
0b_baseline_best,file,13,baseline,10437,178.Swainson_Warbler/Swainson_Warbler_0034_794890.jpg,178,177,178.Swainson_Warbler,195,194,rotation,rotation,0,"{""angle"":-5.939162}",1.1720401,1.2146175,0.042577386,0.3097344,0.29682353,0.11878388,0.073345698,0.19095052,0.22347783,0.032527313,0.88907227,0.96429451,175.74629,169.47118,False,0.96066844,True,True,True,0.88907227,0.96429451,175.74629,169.47118,0.88838015,0.96526424,174.71163,168.64289,0.95693774,0.87883529,19.042197,16.734955,0.84942852,1.0029798,40.614417,40.73544,0.90564902,1.0376855,90.705788,94.124086,0.89891561,0.96021575,101.15464,97.130279,0.86115173,0.90676615,76.693806,69.543347,0.88804156,0.89748421,67.326678,60.424631
0b_baseline_best,file,13,baseline,10437,178.Swainson_Warbler/Swainson_Warbler_0034_794890.jpg,178,177,178.Swainson_Warbler,195,194,random_resized_crop,random_resized_crop,0,"{""area_fraction"":0.871476,""aspect"":0.987211,""fallback"":false,""height"":0.939556,""left"":0.002911,""top"":0.057836,""width"":0.92754}",1.1720401,1.3845437,0.21250355,0.3097344,0.25043806,0.11878388,0.15748493,0.19095052,0.092953131,-0.09799739,0.92389508,1.069643,175.74629,187.98579,False,0.98618948,True,True,True,0.92389508,1.069643,175.74629,187.98579,0.92319705,1.0698967,174.71163,186.9234,0.98407282,1.0480665,19.042197,19.957488,0.90931359,1.063338,40.614417,43.186853,0.92851195,1.0898018,90.705788,98.851333,0.92632765,1.0472702,101.15464,105.93624,0.90914028,1.08449,76.693806,83.173664,0.9308589,1.0672776,67.326678,71.856256
0b_baseline_best,file,13,baseline,10437,178.Swainson_Warbler/Swainson_Warbler_0034_794890.jpg,178,177,178.Swainson_Warbler,195,194,gaussian_blur,gaussian_blur,0,"{""sigma"":1.6368}",1.1720401,2.7853298,1.6132897,0.3097344,0.061708745,0.11878388,0.065100998,0.19095052,-0.0033922531,-0.19434277,0.77762493,1.0881679,175.74629,191.24147,False,0.91241306,False,True,False,0.77762493,1.0881679,175.74629,191.24147,0.77608444,1.0869675,174.71163,189.90587,0.89944549,1.1848617,19.042197,22.562371,0.68398045,1.0241602,40.614417,41.595668,0.78661163,1.0564741,90.705788,95.828312,0.79196887,1.0182272,101.15464,102.99841,0.75891616,1.1796637,76.693806,90.472898,0.78975648,1.1842337,67.326678,79.730523
0b_baseline_best,file,13,baseline,10437,178.Swainson_Warbler/Swainson_Warbler_0034_794890.jpg,178,177,178.Swainson_Warbler,195,194,random_erasing,random_erasing,0,"{""area_fraction"":0.151889,""erased"":true,""height"":0.352855,""left"":0.201184,""top"":0.400526,""width"":0.430456}",1.1720401,1.4909991,0.318959,0.3097344,0.2251476,0.11878388,0.015894542,0.19095052,0.20925306,0.018302543,0.69886736,0.85877566,175.74629,150.92664,False,0.8655259,True,True,True,0.69886736,0.85877566,175.74629,150.92664,0.69693564,0.85667717,174.71163,149.67147,0.84595799,1.020065,19.042197,19.424279,0.75745564,0.76326553,40.614417,30.999584,0.67348463,0.72384036,90.705788,65.65651,0.71085928,0.87494311,101.15464,88.504557,0.67545911,0.89535804,76.693806,68.668415,0.73260355,1.0053363,67.326678,67.685953
0b_baseline_best,file,13,baseline,5857,100.Brown_Pelican/Brown_Pelican_0011_94683.jpg,100,99,100.Brown_Pelican,23,22,identity,identity,0,{},0.095281266,0.095281266,0,0.90911722,0.90911722,0.02925322,0.02925322,0.879864,0.879864,0,1,1,13.179191,13.179191,False,1,True,True,True,1,1,13.179191,13.179191,1,1,12.885438,12.885438,1,1,2.7670492,2.7670492,1,1,3.4603832,3.4603832,1,1,5.5005702,5.5005702,1,1,6.5333677,6.5333677,1,1,6.2564471,6.2564471,1,1,6.4788862,6.4788862
0b_baseline_best,file,13,baseline,5857,100.Brown_Pelican/Brown_Pelican_0011_94683.jpg,100,99,100.Brown_Pelican,23,22,horizontal_flip,horizontal_flip,0,"{""flipped"":true}",0.095281266,0.45630944,0.36102817,0.90911722,0.63361776,0.02925322,0.06825199,0.879864,0.56536577,-0.31449823,0.65902891,3.9658579,13.179191,52.266799,False,0.95273733,True,True,True,0.65902891,3.9658579,13.179191,52.266799,0.64676624,3.9750892,12.885438,51.220766,0.94112848,3.7601046,2.7670492,10.404395,0.77251878,3.6502841,3.4603832,12.631382,0.60673994,4.0764314,5.5005702,22.422697,0.63805024,4.022453,6.5333677,26.280165,0.57909139,3.9302512,6.2564471,24.589409,0.71549112,3.9830981,6.4788862,25.806039
0b_baseline_best,file,13,baseline,5857,100.Brown_Pelican/Brown_Pelican_0011_94683.jpg,100,99,100.Brown_Pelican,23,22,color_jitter,color_jitter,0,"{""brightness"":1.049924,""contrast"":0.824736,""hue"":0.096753,""saturation"":0.868464}",0.095281266,2.5192485,2.4239672,0.90911722,0.080520108,0.02925322,0.010203235,0.879864,0.070316873,-0.80954713,0.58425977,8.7116692,13.179191,114.81275,False,0.86198866,False,True,False,0.58425977,8.7116692,13.179191,114.81275,0.57463712,8.7469364,12.885438,112.70811,0.81790872,7.9083008,2.7670492,21.882658,0.71974767,6.6572402,3.4603832,23.036602,0.44199319,9.4630681,5.5005702,52.052271,0.52384807,9.3466073,6.5333677,61.064822,0.61486855,8.5615739,6.2564471,53.565034,0.67929046,8.2613681,6.4788862,53.524464
0b_baseline_best,file,13,baseline,5857,100.Brown_Pelican/Brown_Pelican_0011_94683.jpg,100,99,100.Brown_Pelican,23,22,rotation,rotation,0,"{""angle"":-3.363344}",0.095281266,0.3278223,0.23254103,0.90911722,0.72049105,0.02925322,0.073696941,0.879864,0.64679411,-0.23306989,0.84407817,2.7924886,13.179191,36.80274,False,0.97735167,True,True,True,0.84407817,2.7924886,13.179191,36.80274,0.83786514,2.7878329,12.885438,35.922448,0.97451229,2.8916056,2.7670492,8.0012149,0.87246853,2.6974633,3.4603832,9.3342566,0.84589863,2.7714007,5.5005702,15.244284,0.8097419,2.6622531,6.5333677,17.393478,0.82335775,2.836444,6.2564471,17.746062,0.86436767,2.901774,6.4788862,18.800264
0b_baseline_best,file,13,baseline,5857,100.Brown_Pelican/Brown_Pelican_0011_94683.jpg,100,99,100.Brown_Pelican,23,22,random_resized_crop,random_resized_crop,0,"{""area_fraction"":0.717751,""aspect"":0.772737,""fallback"":false,""height"":0.963765,""left"":0.042468,""top"":0.031551,""width"":0.744737}",0.095281266,0.64280546,0.54752419,0.90911722,0.52581519,0.02925322,0.11855329,0.879864,0.4072619,-0.4726021,0.77132209,4.8841309,13.179191,64.368894,False,0.96653378,True,True,True,0.77132209,4.8841309,13.179191,64.368894,0.76328651,4.8999793,12.885438,63.138379,0.9622616,4.5268283,2.7670492,12.525957,0.77012313,4.1131299,3.4603832,14.233006,0.76211623,4.7712831,5.5005702,26.244778,0.77798911,5.2834408,6.5333677,34.518661,0.7203294,5.0465696,6.2564471,31.573595,0.79599715,4.6475219,6.4788862,30.110766
0b_baseline_best,file,13,baseline,5857,100.Brown_Pelican/Brown_Pelican_0011_94683.jpg,100,99,100.Brown_Pelican,23,22,gaussian_blur,gaussian_blur,0,"{""sigma"":1.858462}",0.095281266,3.3532729,3.2579916,0.90911722,0.034969714,0.02925322,0.34075558,0.879864,-0.30578587,-1.1856499,0.5364797,11.589015,13.179191,152.73385,False,0.81335843,False,True,False,0.5364797,11.589015,13.179191,152.73385,0.52666466,11.664633,12.885438,150.30391,0.79743057,9.8068464,2.7670492,27.136027,0.55875867,8.8939197,3.4603832,30.77637,0.49272427,11.98932,5.5005702,65.948095,0.53847926,12.088794,6.5333677,78.980533,0.52190473,12.780909,6.2564471,79.963078,0.54881538,10.539698,6.4788862,68.285503
0b_baseline_best,file,13,baseline,5857,100.Brown_Pelican/Brown_Pelican_0011_94683.jpg,100,99,100.Brown_Pelican,23,22,random_erasing,random_erasing,0,"{""area_fraction"":0.1362,""erased"":true,""height"":0.249001,""left"":0.099169,""top"":0.386937,""width"":0.546984}",0.095281266,0.41618115,0.32089988,0.90911722,0.6595608,0.02925322,0.04335393,0.879864,0.61620687,-0.26365713,0.72541574,3.6864854,13.179191,48.584896,False,0.93370265,True,True,True,0.72541574,3.6864854,13.179191,48.584896,0.71793759,3.6982325,12.885438,47.653346,0.90277972,3.4218416,2.7670492,9.4684043,0.85030034,3.4555559,3.4603832,11.957548,0.76072239,3.9108343,5.5005702,21.511819,0.68801458,3.6357335,6.5333677,23.753584,0.67109437,3.5946444,6.2564471,22.489703,0.72408654,3.7651957,6.4788862,24.394275
0b_baseline_best,file,13,baseline,3092,054.Blue_Grosbeak/Blue_Grosbeak_0067_36965.jpg,54,53,054.Blue_Grosbeak,14,13,identity,identity,0,{},0.044810042,0.044810042,0,0.95617908,0.95617908,0.03788317,0.03788317,0.91829591,0.91829591,0,1,1,8.7221328,8.7221328,False,0.99999988,True,True,True,1,1,8.7221328,8.7221328,1,1,8.5684821,8.5684821,1,1,1.6299431,1.6299431,1,1,1.7077099,1.7077099,1,1,3.7566141,3.7566141,1,1,5.3407148,5.3407148,1,1,4.0060812,4.0060812,1,1,3.4378106,3.4378106
0b_baseline_best,file,13,baseline,3092,054.Blue_Grosbeak/Blue_Grosbeak_0067_36965.jpg,54,53,054.Blue_Grosbeak,14,13,horizontal_flip,horizontal_flip,0,"{""flipped"":true}",0.044810042,0.082660779,0.037850738,0.95617908,0.92066342,0.03788317,0.072971113,0.91829591,0.8476923,-0.070603609,0.75697764,1.6662583,8.7221328,14.533326,False,0.97319561,True,True,True,0.75697764,1.6662583,8.7221328,14.533326,0.74833486,1.6576013,8.5684821,14.203127,0.97272683,1.8898715,1.6299431,3.0803831,0.76957417,1.5006902,1.7077099,2.5627434,0.67989922,1.4258418,3.7566141,5.3563374,0.77177546,1.6544739,5.3407148,8.8360732,0.74745067,1.75852,4.0060812,7.0447737,0.77122641,1.8110994,3.4378106,6.2262168
0b_baseline_best,file,13,baseline,3092,054.Blue_Grosbeak/Blue_Grosbeak_0067_36965.jpg,54,53,054.Blue_Grosbeak,14,13,color_jitter,color_jitter,0,"{""brightness"":1.155167,""contrast"":1.0139,""hue"":0.042887,""saturation"":0.97532}",0.044810042,0.019573396,-0.025236646,0.95617908,0.98061693,0.03788317,0.015971351,0.91829591,0.96464558,0.046349663,0.86373259,0.38471063,8.7221328,3.3554972,False,0.98629963,True,True,True,0.86373259,0.38471063,8.7221328,3.3554972,0.85898459,0.38265724,8.5684821,3.2787917,0.98594472,0.43766121,1.6299431,0.71336288,0.79913912,0.38245023,1.7077099,0.65311402,0.69069402,0.40361505,3.7566141,1.516226,0.90886013,0.34918827,5.3407148,1.864915,0.90800488,0.38731272,4.0060812,1.5516062,0.91693033,0.42548373,3.4378106,1.4627325
0b_baseline_best,file,13,baseline,3092,054.Blue_Grosbeak/Blue_Grosbeak_0067_36965.jpg,54,53,054.Blue_Grosbeak,14,13,rotation,rotation,0,"{""angle"":2.257111}",0.044810042,0.10304087,0.058230832,0.95617908,0.90209007,0.03788317,0.091770776,0.91829591,0.8103193,-0.10797662,0.91569368,2.3846687,8.7221328,20.799397,False,0.98655546,True,True,True,0.91569368,2.3846687,8.7221328,20.799397,0.91314744,2.3842009,8.5684821,20.428983,0.98568137,2.3975594,1.6299431,3.9078854,0.85946315,2.4871584,1.7077099,4.2473449,0.84976693,2.3148975,3.7566141,8.6961765,0.93841339,2.4017103,5.3407148,12.82685,0.92486399,2.3897086,4.0060812,9.5733667,0.9237854,2.3898904,3.4378106,8.2159905
0b_baseline_best,file,13,baseline,3092,054.Blue_Grosbeak/Blue_Grosbeak_0067_36965.jpg,54,53,054.Blue_Grosbeak,14,13,random_resized_crop,random_resized_crop,0,"{""area_fraction"":0.650784,""aspect"":1.236987,""fallback"":false,""height"":0.725331,""left"":0.082799,""top"":0.031776,""width"":0.897225}",0.044810042,0.15353452,0.10872447,0.95617908,0.85767114,0.03788317,0.13549115,0.91829591,0.72217999,-0.19611592,0.8215615,3.5807156,8.7221328,31.231477,False,0.95805597,True,True,True,0.8215615,3.5807156,8.7221328,31.231477,0.81664732,3.5802838,8.5684821,30.677598,0.9569038,3.592627,1.6299431,5.8557776,0.73610504,3.6291297,1.7077099,6.1975007,0.80146942,3.9414099,3.7566141,14.806356,0.86157334,3.5706832,5.3407148,19.07,0.79659518,3.2818167,4.0060812,13.147224,0.78197821,3.5263276,3.4378106,12.122846
0b_baseline_best,file,13,baseline,3092,054.Blue_Grosbeak/Blue_Grosbeak_0067_36965.jpg,54,53,054.Blue_Grosbeak,14,13,gaussian_blur,gaussian_blur,0,"{""sigma"":1.285089}",0.044810042,0.2627382,0.21792816,0.95617908,0.76894319,0.03788317,0.21931511,0.91829591,0.54962808,-0.36866783,0.77739548,5.5225272,8.7221328,48.168216,False,0.97072923,True,True,True,0.77739548,5.5225272,8.7221328,48.168216,0.77011828,5.5123825,8.5684821,47.232751,0.96960818,5.7958563,1.6299431,9.4469161,0.5639356,6.168693,1.7077099,10.534338,0.64509723,5.3784651,3.7566141,20.204818,0.81518174,5.2674311,5.3407148,28.131847,0.80600857,5.7330664,4.0060812,22.96713,0.82087022,5.7653233,3.4378106,19.82009
0b_baseline_best,file,13,baseline,3092,054.Blue_Grosbeak/Blue_Grosbeak_0067_36965.jpg,54,53,054.Blue_Grosbeak,14,13,random_erasing,random_erasing,0,"{""area_fraction"":0.188963,""erased"":true,""height"":0.54598,""left"":0.163131,""top"":0.261636,""width"":0.346099}",0.044810042,6.994957,6.9501469,0.95617908,0.00091649225,0.03788317,0.013154231,0.91829591,-0.012237739,-0.93053365,0.082955748,11.056632,8.7221328,96.43741,False,0.5453074,False,True,False,0.082955748,11.056632,8.7221328,96.43741,0.065756973,10.835508,8.5684821,92.843853,0.41086307,16.000872,1.6299431,26.080511,-0.15877158,12.749338,1.7077099,21.77217,-0.027864587,10.545754,3.7566141,39.616329,0.065480412,8.3206161,5.3407148,44.438038,0.12596602,9.8222864,4.0060812,39.348877,0.14194474,16.07355,3.4378106,55.257821
0b_baseline_best,file,13,baseline,275,005.Crested_Auklet/Crested_Auklet_0075_785259.jpg,5,4,005.Crested_Auklet,89,88,identity,identity,0,{},5.5696888,5.5696888,0,0.003811666,0.003811666,0.30867225,0.30867225,-0.30486058,-0.30486058,0,1,1,129.69315,129.69315,False,1,True,False,False,1,1,129.69315,129.69315,1,1,126.59482,126.59482,1,1,28.179118,28.179118,1,1,28.293185,28.293185,1,1,60.176125,60.176125,1,1,64.83908,64.83908,1,1,58.741721,58.741721,1,1,62.848096,62.848096
0b_baseline_best,file,13,baseline,275,005.Crested_Auklet/Crested_Auklet_0075_785259.jpg,5,4,005.Crested_Auklet,89,88,horizontal_flip,horizontal_flip,0,"{""flipped"":true}",5.5696888,5.9609504,0.39126158,0.003811666,0.0025774611,0.30867225,0.37053108,-0.30486058,-0.36795362,-0.063093038,0.72806664,0.83039791,129.69315,107.69692,False,0.96908271,True,False,False,0.72806664,0.83039791,129.69315,107.69692,0.71495196,0.81921116,126.59482,103.70789,0.95659086,1.0305366,28.179118,29.039614,0.51488972,0.68241537,28.293185,19.307704,0.73412081,0.75792371,60.176125,45.608912,0.67235486,0.82785646,64.83908,53.677451,0.71286595,0.83216186,58.741721,48.88262,0.78123296,0.87607831,62.848096,55.059854
0b_baseline_best,file,13,baseline,275,005.Crested_Auklet/Crested_Auklet_0075_785259.jpg,5,4,005.Crested_Auklet,89,88,color_jitter,color_jitter,0,"{""brightness"":0.943497,""contrast"":1.264143,""hue"":-0.007123,""saturation"":0.697073}",5.5696888,5.7464013,0.17671251,0.003811666,0.0031942555,0.30867225,0.4476431,-0.30486058,-0.44444885,-0.13958826,0.87040386,0.96496905,129.69315,125.14987,False,0.96977901,True,False,False,0.87040386,0.96496905,129.69315,125.14987,0.86643541,0.96651311,126.59482,122.35556,0.95386053,0.93326007,28.179118,26.298446,0.85414405,0.85248298,28.293185,24.119459,0.89074755,0.96413376,60.176125,58.017833,0.86551082,0.99913368,64.83908,64.782909,0.84666564,0.9691826,58.741721,56.931454,0.86657753,0.95269842,62.848096,59.875282
0b_baseline_best,file,13,baseline,275,005.Crested_Auklet/Crested_Auklet_0075_785259.jpg,5,4,005.Crested_Auklet,89,88,rotation,rotation,0,"{""angle"":13.39445}",5.5696888,4.4839578,-1.085731,0.003811666,0.011288646,0.30867225,0.039065942,-0.30486058,-0.027777296,0.27708329,0.56746629,0.87494231,129.69315,113.47402,False,0.83383512,False,False,False,0.56746629,0.87494231,129.69315,113.47402,0.55638647,0.87040246,126.59482,110.18845,0.77248895,0.96199953,28.179118,27.108298,0.75830997,0.91361744,28.293185,25.849147,0.6743913,0.9177528,60.176125,55.226807,0.51657693,0.91266291,64.83908,59.176224,0.44555181,0.77673753,58.741721,45.626899,0.53421505,0.84789534,62.848096,53.288608
0b_baseline_best,file,13,baseline,275,005.Crested_Auklet/Crested_Auklet_0075_785259.jpg,5,4,005.Crested_Auklet,89,88,random_resized_crop,random_resized_crop,0,"{""area_fraction"":0.515796,""aspect"":1.27259,""fallback"":false,""height"":0.636641,""left"":0.013303,""top"":0.345703,""width"":0.810183}",5.5696888,4.4957604,-1.0739284,0.003811666,0.011156196,0.30867225,0.049344871,-0.30486058,-0.038188675,0.26667191,0.38356477,1.036886,129.69315,134.47701,False,0.84758109,False,False,False,0.38356477,1.036886,129.69315,134.47701,0.36642493,1.0378586,126.59482,131.38753,0.73664099,1.0170579,28.179118,28.659795,0.28254428,0.97587482,28.293185,27.610606,0.32013042,0.92559447,60.176125,55.698688,0.3262061,1.1240237,64.83908,72.880666,0.37007574,1.0443206,58.741721,61.345189,0.46607271,1.0461862,62.848096,65.750813
0b_baseline_best,file,13,baseline,275,005.Crested_Auklet/Crested_Auklet_0075_785259.jpg,5,4,005.Crested_Auklet,89,88,gaussian_blur,gaussian_blur,0,"{""sigma"":1.778084}",5.5696888,5.1579642,-0.41172457,0.003811666,0.0057534017,0.30867225,0.010635225,-0.30486058,-0.0048818234,0.29997876,0.48196492,1.774876,129.69315,230.18925,False,0.77803433,False,False,False,0.48196492,1.774876,129.69315,230.18925,0.47511099,1.7982435,126.59482,227.64832,0.72445901,1.2103871,28.179118,34.107642,0.48087768,1.7829922,28.293185,50.446527,0.5366816,1.8848087,60.176125,113.42048,0.43827861,2.041205,64.83908,132.34986,0.43559727,1.755933,58.741721,103.14653,0.51520031,1.4460119,62.848096,90.879095
0b_baseline_best,file,13,baseline,275,005.Crested_Auklet/Crested_Auklet_0075_785259.jpg,5,4,005.Crested_Auklet,89,88,random_erasing,random_erasing,0,"{""area_fraction"":0.061261,""erased"":true,""height"":0.288666,""left"":0.775103,""top"":0.266327,""width"":0.212222}",5.5696888,5.5059533,-0.063735485,0.003811666,0.0040625143,0.30867225,0.32311612,-0.30486058,-0.31905361,-0.014193026,0.96700397,0.96870229,129.69315,125.63405,False,0.99255472,True,False,False,0.96700397,0.96870229,129.69315,125.63405,0.96580108,0.9684534,126.59482,122.60119,0.99116382,0.97371191,28.179118,27.438343,0.98103866,0.93334533,28.293185,26.407312,0.97135348,0.97045708,60.176125,58.398346,0.97085108,0.9837236,64.83908,63.783733,0.96077397,0.95645207,58.741721,56.183641,0.95691744,0.96763859,62.848096,60.814243
0b_baseline_best,file,13,baseline,823,015.Lazuli_Bunting/Lazuli_Bunting_0031_15018.jpg,15,14,015.Lazuli_Bunting,14,13,identity,identity,0,{},0.0052522533,0.0052522533,0,0.99476153,0.99476153,0.0006295545,0.0006295545,0.99413197,0.99413197,0,1,1,0.72168221,0.72168221,False,1,True,True,True,1,1,0.72168221,0.72168221,1,1,0.70634632,0.70634632,1,1,0.14798679,0.14798679,1,1,0.13361837,0.13361837,1,1,0.24589752,0.24589752,1,1,0.32357327,0.32357327,1,1,0.37298674,0.37298674,1,1,0.42046033,0.42046033
0b_baseline_best,file,13,baseline,823,015.Lazuli_Bunting/Lazuli_Bunting_0031_15018.jpg,15,14,015.Lazuli_Bunting,14,13,horizontal_flip,horizontal_flip,0,"{""flipped"":true}",0.0052522533,0.0032367718,-0.0020154815,0.99476153,0.99676847,0.0006295545,0.00060114026,0.99413197,0.99616733,0.0020353622,0.6125442,0.67235905,0.72168221,0.48522957,False,0.97868085,True,True,True,0.6125442,0.67235905,0.72168221,0.48522957,0.5973979,0.67368399,0.70634632,0.4758542,0.97566193,0.64143359,0.14798679,0.094923699,0.17515796,0.72587323,0.13361837,0.096989994,0.34135195,0.77963741,0.24589752,0.19171091,0.5957318,0.72841488,0.32357327,0.23569559,0.59683042,0.61679818,0.37298674,0.23005754,0.76145525,0.63728219,0.42046033,0.26795188
0b_baseline_best,file,13,baseline,823,015.Lazuli_Bunting/Lazuli_Bunting_0031_15018.jpg,15,14,015.Lazuli_Bunting,14,13,color_jitter,color_jitter,0,"{""brightness"":1.083719,""contrast"":0.841983,""hue"":0.044877,""saturation"":1.028267}",0.0052522533,0.0059362534,0.00068400009,0.99476153,0.99408132,0.0006295545,0.0013223168,0.99413197,0.992759,-0.0013729705,0.57171784,1.2562987,0.72168221,0.90664843,False,0.95310414,True,True,True,0.57171784,1.2562987,0.72168221,0.90664843,0.5569534,1.2572486,0.70634632,0.88805293,0.91438044,1.2344601,0.14798679,0.18268379,0.40746446,1.3698054,0.13361837,0.18303115,0.21931406,1.4937028,0.24589752,0.36729783,0.55772134,1.4566069,0.32357327,0.47131905,0.5566167,1.1539745,0.37298674,0.4304172,0.74842259,1.0972123,0.42046033,0.46133427
0b_baseline_best,file,13,baseline,823,015.Lazuli_Bunting/Lazuli_Bunting_0031_15018.jpg,15,14,015.Lazuli_Bunting,14,13,rotation,rotation,0,"{""angle"":2.888723}",0.0052522533,0.019573981,0.014321728,0.99476153,0.98061633,0.0006295545,0.00368669,0.99413197,0.97692964,-0.017202331,0.83691305,3.5838434,0.72168221,2.5863961,False,0.98649824,True,True,True,0.83691305,3.5838434,0.72168221,2.5863961,0.83065382,3.5874922,0.70634632,2.5340119,0.98333417,3.4996876,0.14798679,0.51790754,0.66462376,4.1978911,0.13361837,0.56091535,0.71879289,3.6109831,0.24589752,0.88793179,0.79499596,3.6038622,0.32357327,1.1661135,0.84061312,3.4675951,0.37298674,1.293367,0.90385041,3.5955903,0.42046033,1.5118031
0b_baseline_best,file,13,baseline,823,015.Lazuli_Bunting/Lazuli_Bunting_0031_15018.jpg,15,14,015.Lazuli_Bunting,14,13,random_resized_crop,random_resized_crop,0,"{""area_fraction"":0.542099,""aspect"":1.206668,""fallback"":false,""height"":0.670264,""left"":0.145236,""top"":0.240508,""width"":0.808785}",0.0052522533,0.50889325,0.503641,0.99476153,0.60116053,0.0006295545,0.039442029,0.99413197,0.5617185,-0.43241347,0.46807777,98.464631,0.72168221,71.060172,False,0.86563027,True,True,True,0.46807777,98.464631,0.72168221,71.060172,0.45529183,99.254624,0.70634632,70.108138,0.84986349,78.337899,0.14798679,11.592974,0.46940689,139.66729,0.13361837,18.662115,0.12832215,128.7023,0.24589752,31.647577,0.5053926,122.60244,0.32357327,39.670872,0.47440336,86.257433,0.37298674,32.172879,0.63037232,73.553397,0.42046033,30.926286
0b_baseline_best,file,13,baseline,823,015.Lazuli_Bunting/Lazuli_Bunting_0031_15018.jpg,15,14,015.Lazuli_Bunting,14,13,gaussian_blur,gaussian_blur,0,"{""sigma"":1.176957}",0.0052522533,0.011152197,0.0058999434,0.99476153,0.98890978,0.0006295545,0.00092853321,0.99413197,0.98798125,-0.0061507243,0.67184631,2.3602083,0.72168221,1.7033203,False,0.97061908,True,True,True,0.67184631,2.3602083,0.72168221,1.7033203,0.66032736,2.3696523,0.70634632,1.6737952,0.96683687,2.1337613,0.14798679,0.31576849,0.64987532,2.4744721,0.13361837,0.33063492,0.53899377,2.7084069,0.24589752,0.66599055,0.58281936,2.7074351,0.32357327,0.87605363,0.65054885,2.2957625,0.37298674,0.85628896,0.7994675,2.0569965,0.42046033,0.86488542
0b_baseline_best,file,13,baseline,823,015.Lazuli_Bunting/Lazuli_Bunting_0031_15018.jpg,15,14,015.Lazuli_Bunting,14,13,random_erasing,random_erasing,0,"{""area_fraction"":0.119295,""erased"":true,""height"":0.244338,""left"":0.214245,""top"":0.319971,""width"":0.488237}",0.0052522533,5.6803331,5.6750809,0.99476153,0.0034124209,0.0006295545,0.98394531,0.99413197,-0.98053289,-1.9746649,0.28657081,219.93125,0.72168221,158.72047,False,0.76367712,False,True,False,0.28657081,219.93125,0.72168221,158.72047,0.26988742,217.32235,0.70634632,153.50484,0.5965009,272.68699,0.14798679,40.354073,0.110677,186.79007,0.13361837,24.958584,0.18651179,282.1241,0.24589752,69.373617,0.37011455,251.63182,0.32357327,81.421331,0.25272931,190.9515,0.37298674,71.222377,0.27437208,190.65444,0.42046033,80.16263
0b_baseline_best,file,13,baseline,10795,184.Louisiana_Waterthrush/Louisiana_Waterthrush_0026_177503.jpg,184,183,184.Louisiana_Waterthrush,183,182,identity,identity,0,{},0.2416148,0.2416148,0,0.78535861,0.78535861,0.080210425,0.080210425,0.70514818,0.70514818,0,1,1,29.936728,29.936728,False,0.99999994,True,True,True,1,1,29.936728,29.936728,1,1,29.193236,29.193236,1,1,6.6304318,6.6304318,1,1,4.8679484,4.8679484,1,1,12.811778,12.811778,1,1,15.888334,15.888334,1,1,14.457748,14.457748,1,1,14.24573,14.24573
0b_baseline_best,file,13,baseline,10795,184.Louisiana_Waterthrush/Louisiana_Waterthrush_0026_177503.jpg,184,183,184.Louisiana_Waterthrush,183,182,horizontal_flip,horizontal_flip,0,"{""flipped"":true}",0.2416148,0.49270323,0.25108843,0.78535861,0.61097258,0.080210425,0.11086197,0.70514818,0.50011061,-0.20503757,0.68028161,1.9770929,29.936728,59.187692,False,0.96640491,True,True,True,0.68028161,1.9770929,29.936728,59.187692,0.66794641,1.9887055,29.193236,58.05675,0.96009026,1.7366993,6.6304318,11.515066,0.49331834,2.267915,4.8679484,11.040093,0.63247423,2.0422866,12.811778,26.165323,0.67792679,2.0790846,15.888334,33.033189,0.63796997,1.9050131,14.457748,27.5422,0.74513305,1.8761168,14.24573,26.726654
0b_baseline_best,file,13,baseline,10795,184.Louisiana_Waterthrush/Louisiana_Waterthrush_0026_177503.jpg,184,183,184.Louisiana_Waterthrush,183,182,color_jitter,color_jitter,0,"{""brightness"":0.850765,""contrast"":0.86375,""hue"":-0.02542,""saturation"":0.810981}",0.2416148,0.17816219,-0.063452616,0.78535861,0.83680671,0.080210425,0.029452316,0.70514818,0.8073544,0.10220622,0.79856635,0.82064672,29.936728,24.567477,False,0.96909976,True,True,True,0.79856635,0.82064672,29.936728,24.567477,0.79158068,0.82306521,29.193236,24.027937,0.94444189,0.77226754,6.6304318,5.1204673,0.53846284,0.85222243,4.8679484,4.1485748,0.69258516,0.87179758,12.811778,11.169277,0.79461456,0.7954951,15.888334,12.639092,0.82406955,0.80484756,14.457748,11.636284,0.87179712,0.83125371,14.24573,11.841816
0b_baseline_best,file,13,baseline,10795,184.Louisiana_Waterthrush/Louisiana_Waterthrush_0026_177503.jpg,184,183,184.Louisiana_Waterthrush,183,182,rotation,rotation,0,"{""angle"":12.844021}",0.2416148,0.1866173,-0.054997504,0.78535861,0.82976121,0.080210425,0.020130731,0.70514818,0.80963048,0.10448229,0.60895252,1.0711788,29.936728,32.067587,False,0.95104229,True,True,True,0.60895252,1.0711788,29.936728,32.067587,0.59855007,1.0783243,29.193236,31.479776,0.85204727,0.92177723,6.6304318,6.1117811,0.54239293,1.3112344,4.8679484,6.3830212,0.58498306,1.1866188,12.811778,15.202698,0.61415019,1.1029045,15.888334,17.523315,0.55023653,1.0064261,14.457748,14.550655,0.65730202,0.99352977,14.24573,14.153557
0b_baseline_best,file,13,baseline,10795,184.Louisiana_Waterthrush/Louisiana_Waterthrush_0026_177503.jpg,184,183,184.Louisiana_Waterthrush,183,182,random_resized_crop,random_resized_crop,0,"{""area_fraction"":0.561433,""aspect"":0.768149,""fallback"":false,""height"":0.854922,""left"":0.190878,""top"":0.088328,""width"":0.656707}",0.2416148,0.189621,-0.051993802,0.78535861,0.82727259,0.080210425,0.015158729,0.70514818,0.81211387,0.10696568,0.63898911,0.82762309,29.936728,24.776327,False,0.94859374,True,True,True,0.63898911,0.82762309,29.936728,24.776327,0.62575784,0.82833279,29.193236,24.181715,0.90018117,0.81374275,6.6304318,5.3954658,0.34208857,0.88063587,4.8679484,4.28689,0.60620566,0.84891565,12.811778,10.876119,0.59741254,0.79236544,15.888334,12.589366,0.63007248,0.79564953,14.457748,11.503301,0.70446903,0.88031491,14.24573,12.540728
0b_baseline_best,file,13,baseline,10795,184.Louisiana_Waterthrush/Louisiana_Waterthrush_0026_177503.jpg,184,183,184.Louisiana_Waterthrush,183,182,gaussian_blur,gaussian_blur,0,"{""sigma"":1.617197}",0.2416148,0.81234932,0.57073452,0.78535861,0.44381416,0.080210425,0.009528067,0.70514818,0.43428609,-0.27086209,0.44277455,3.4194544,29.936728,102.36728,False,0.84813595,True,True,True,0.44277455,3.4194544,29.936728,102.36728,0.42861662,3.4473573,29.193236,100.63952,0.78620588,2.8245892,6.6304318,18.728246,0.32597689,5.1143339,4.8679484,24.896313,0.27944333,4.2304475,12.811778,54.199557,0.43339975,3.3341633,15.888334,52.974299,0.46001901,3.042588,14.457748,43.988972,0.60455063,3.0025615,14.24573,42.773679
0b_baseline_best,file,13,baseline,10795,184.Louisiana_Waterthrush/Louisiana_Waterthrush_0026_177503.jpg,184,183,184.Louisiana_Waterthrush,183,182,random_erasing,random_erasing,0,"{""area_fraction"":0.199789,""erased"":true,""height"":0.529908,""left"":0.208854,""top"":0.43362,""width"":0.377025}",0.2416148,5.4119673,5.1703525,0.78535861,0.0044628517,0.080210425,0.0084522702,0.70514818,-0.0039894185,-0.7091376,0.38638093,4.1117547,29.936728,123.09248,False,0.78445208,False,True,False,0.38638093,4.1117547,29.936728,123.09248,0.36976745,4.0935494,29.193236,119.50395,0.68392346,4.4499849,6.6304318,29.505321,0.38453217,4.8089434,4.8679484,23.409688,0.20142575,3.7834028,12.811778,48.472119,0.40614948,3.9076327,15.888334,62.085771,0.40772253,4.0440556,14.457748,58.467939,0.41146442,4.5005151,14.24573,64.113122
0b_baseline_best,file,13,baseline,7766,133.White_throated_Sparrow/White_Throated_Sparrow_0108_129184.jpg,133,132,133.White_throated_Sparrow,132,131,identity,identity,0,{},0.22819801,0.22819801,0,0.79596663,0.79596663,0.048201852,0.048201852,0.74776477,0.74776477,0,1,1,42.218663,42.218663,False,1,True,True,True,1,1,42.218663,42.218663,1,1,41.555368,41.555368,1,1,7.4543157,7.4543157,1,1,8.6304653,8.6304653,1,1,20.345349,20.345349,1,1,24.752677,24.752677,1,1,18.843251,18.843251,1,1,16.451971,16.451971
0b_baseline_best,file,13,baseline,7766,133.White_throated_Sparrow/White_Throated_Sparrow_0108_129184.jpg,133,132,133.White_throated_Sparrow,132,131,horizontal_flip,horizontal_flip,0,"{""flipped"":true}",0.22819801,1.321363,1.093165,0.79596663,0.26677147,0.048201852,0.088049956,0.74776477,0.17872151,-0.56904326,0.67165743,3.4836293,42.218663,147.07417,False,0.95506752,True,True,True,0.67165743,3.4836293,42.218663,147.07417,0.66395066,3.4855045,41.555368,144.84142,0.91550291,3.4248425,7.4543157,25.529857,0.22396186,4.3060076,8.6304653,37.162849,0.60711874,3.6024379,20.345349,73.292856,0.73610254,3.3229627,24.752677,82.252223,0.69224695,3.4800439,18.843251,65.57534,0.71906963,3.4171528,16.451971,56.2189
0b_baseline_best,file,13,baseline,7766,133.White_throated_Sparrow/White_Throated_Sparrow_0108_129184.jpg,133,132,133.White_throated_Sparrow,132,131,color_jitter,color_jitter,0,"{""brightness"":1.266744,""contrast"":1.210813,""hue"":0.021015,""saturation"":1.184675}",0.22819801,0.037456084,-0.19074192,0.79596663,0.96323669,0.048201852,0.011930472,0.74776477,0.95130622,0.20354144,0.76197369,0.15720207,42.218663,6.6368611,False,0.95786071,True,True,True,0.76197369,0.15720207,42.218663,6.6368611,0.75588454,0.15595532,41.555368,6.4807807,0.93157562,0.19195272,7.4543157,1.4308762,0.42526623,0.13995733,8.6304653,1.2078969,0.6780775,0.12682613,20.345349,2.5803219,0.79965378,0.14317759,24.752677,3.5440286,0.79473158,0.17675598,18.843251,3.3306573,0.82687758,0.19441082,16.451971,3.1984412
0b_baseline_best,file,13,baseline,7766,133.White_throated_Sparrow/White_Throated_Sparrow_0108_129184.jpg,133,132,133.White_throated_Sparrow,132,131,rotation,rotation,0,"{""angle"":-5.167259}",0.22819801,1.2672287,1.0390307,0.79596663,0.28161097,0.048201852,0.054942288,0.74776477,0.22666868,-0.5210961,0.7866625,3.7844625,42.218663,159.77495,False,0.95434409,False,True,False,0.7866625,3.7844625,42.218663,159.77495,0.78353866,3.7867922,41.555368,157.36154,0.88587039,3.7113357,7.4543157,27.665468,0.57148214,3.4415103,8.6304653,29.701835,0.77406051,3.6902725,20.345349,75.079882,0.82022739,3.6495407,24.752677,90.335901,0.78180421,4.1688608,18.843251,78.55489,0.78086278,3.8017426,16.451971,62.546161
0b_baseline_best,file,13,baseline,7766,133.White_throated_Sparrow/White_Throated_Sparrow_0108_129184.jpg,133,132,133.White_throated_Sparrow,132,131,random_resized_crop,random_resized_crop,0,"{""area_fraction"":0.534237,""aspect"":1.22274,""fallback"":false,""height"":0.660998,""left"":0.112416,""top"":0.065292,""width"":0.808228}",0.22819801,0.22928415,0.0010861456,0.79596663,0.7951026,0.048201852,0.01068315,0.74776477,0.78441945,0.036654673,0.57848236,1.0802039,42.218663,45.604765,False,0.89668727,True,True,True,0.57848236,1.0802039,42.218663,45.604765,0.57094817,1.0841022,41.555368,45.050265,0.85017962,0.9511284,7.4543157,7.0900113,0.082918678,1.5466593,8.6304653,13.34839,0.50561964,1.0328806,20.345349,21.014316,0.66390983,1.0397744,24.752677,25.7372,0.59266096,1.0449267,18.843251,19.689816,0.64195171,1.1527202,16.451971,18.96452
0b_baseline_best,file,13,baseline,7766,133.White_throated_Sparrow/White_Throated_Sparrow_0108_129184.jpg,133,132,133.White_throated_Sparrow,132,131,gaussian_blur,gaussian_blur,0,"{""sigma"":1.040608}",0.22819801,3.3322749,3.1040769,0.79596663,0.035711769,0.048201852,0.043947533,0.74776477,-0.0082357638,-0.75600054,0.73684545,5.3604842,42.218663,226.31248,False,0.93739671,False,True,False,0.73684545,5.3604842,42.218663,226.31248,0.73226952,5.3795447,41.555368,223.54896,0.9045191,4.7300121,7.4543157,35.259003,0.30219403,5.9381355,8.6304653,51.248873,0.72504502,5.2415339,20.345349,106.64084,0.79007027,5.3336776,24.752677,132.0228,0.72248141,5.5845608,18.843251,105.23128,0.76034806,5.2540496,16.451971,86.439473
0b_baseline_best,file,13,baseline,7766,133.White_throated_Sparrow/White_Throated_Sparrow_0108_129184.jpg,133,132,133.White_throated_Sparrow,132,131,random_erasing,random_erasing,0,"{""area_fraction"":0.165065,""erased"":true,""height"":0.663351,""left"":0.688802,""top"":0.215332,""width"":0.248835}",0.22819801,0.35678944,0.12859143,0.79596663,0.69991988,0.048201852,0.048782498,0.74776477,0.65113738,-0.096627392,0.93523928,1.3800531,42.218663,58.263995,False,0.98340738,True,True,True,0.93523928,1.3800531,42.218663,58.263995,0.93441055,1.375082,41.555368,57.14204,0.96336973,1.5264912,7.4543157,11.378948,0.89008618,1.2084508,8.6304653,10.429492,0.94352114,1.3541243,20.345349,27.550131,0.95356493,1.324113,24.752677,32.77534,0.92723839,1.412719,18.843251,26.620219,0.90992589,1.5068417,16.451971,24.790516
0b_baseline_best,file,13,baseline,744,014.Indigo_Bunting/Indigo_Bunting_0056_12637.jpg,14,13,014.Indigo_Bunting,54,53,identity,identity,0,{},1.4336681,1.4336681,0,0.23843275,0.23843275,0.56243044,0.56243044,-0.32399769,-0.32399769,0,1,1,180.49477,180.49477,False,1,True,False,False,1,1,180.49477,180.49477,1,1,178.75774,178.75774,1,1,24.980662,24.980662,1,1,34.166713,34.166713,1,1,75.768908,75.768908,1,1,110.23334,110.23334,1,1,84.314302,84.314302,1,1,76.064093,76.064093
0b_baseline_best,file,13,baseline,744,014.Indigo_Bunting/Indigo_Bunting_0056_12637.jpg,14,13,014.Indigo_Bunting,54,53,horizontal_flip,horizontal_flip,0,"{""flipped"":true}",1.4336681,0.54373652,-0.88993162,0.23843275,0.58057487,0.56243044,0.13680775,-0.32399769,0.44376712,0.76776481,0.72541025,0.56332373,180.49477,101.67699,False,0.96637982,False,False,True,0.72541025,0.56332373,180.49477,101.67699,0.72231729,0.56330151,178.75774,100.6945,0.88346528,0.5644602,24.980662,14.100589,0.74850728,0.49578824,34.166713,16.939455,0.72153823,0.55084762,75.768908,41.737122,0.75851565,0.563581,110.23334,62.125416,0.63661155,0.55046433,84.314302,46.412016,0.74674503,0.60200437,76.064093,45.790916
0b_baseline_best,file,13,baseline,744,014.Indigo_Bunting/Indigo_Bunting_0056_12637.jpg,14,13,014.Indigo_Bunting,54,53,color_jitter,color_jitter,0,"{""brightness"":1.076127,""contrast"":1.065191,""hue"":-0.052806,""saturation"":1.110463}",1.4336681,0.050750833,-1.3829173,0.23843275,0.95051545,0.56243044,0.0021501798,-0.32399769,0.94836527,1.272363,0.23787383,0.03832829,180.49477,6.9180559,False,0.80099547,False,False,True,0.23787383,0.03832829,180.49477,6.9180559,0.2272667,0.038051322,178.75774,6.8019682,0.65633892,0.0505204,24.980662,1.262033,0.23721904,0.033242375,34.166713,1.1357827,0.17692571,0.032286666,75.768908,2.4463254,0.1620329,0.027200715,110.23334,2.9984257,0.19697638,0.0431329,84.314302,3.6367203,0.38639569,0.053847323,76.064093,4.0958478
0b_baseline_best,file,13,baseline,744,014.Indigo_Bunting/Indigo_Bunting_0056_12637.jpg,14,13,014.Indigo_Bunting,54,53,rotation,rotation,0,"{""angle"":5.864084}",1.4336681,1.3727133,-0.060954809,0.23843275,0.25341842,0.56243044,0.62036616,-0.32399769,-0.36694774,-0.042950049,0.89541912,1.0613297,180.49477,191.56446,False,0.98599911,True,False,False,0.89541912,1.0613297,180.49477,191.56446,0.89367601,1.0610354,178.75774,189.66828,0.98350128,1.0762944,24.980662,26.886547,0.87540968,1.3862928,34.166713,47.365067,0.86822613,1.1179518,75.768908,84.705984,0.91887341,1.0362423,110.23334,114.22845,0.87657158,1.0083241,84.314302,85.016147,0.90536082,1.0418064,76.064093,79.244055
0b_baseline_best,file,13,baseline,744,014.Indigo_Bunting/Indigo_Bunting_0056_12637.jpg,14,13,014.Indigo_Bunting,54,53,random_resized_crop,random_resized_crop,0,"{""area_fraction"":0.537907,""aspect"":0.907401,""fallback"":false,""height"":0.769935,""left"":0.251881,""top"":0.154868,""width"":0.698639}",1.4336681,0.73152894,-0.7021392,0.23843275,0.48117277,0.56243044,0.1637468,-0.32399769,0.31742597,0.64142366,0.7130841,0.50642286,180.49477,91.406677,False,0.90894651,False,False,True,0.7130841,0.50642286,180.49477,91.406677,0.7100064,0.50468819,178.75774,90.216918,0.85648267,0.58845285,24.980662,14.699942,0.73564697,0.51410695,34.166713,17.565345,0.67379016,0.45659139,75.768908,34.595431,0.7858507,0.46576684,110.23334,51.343034,0.65348055,0.50039422,84.314302,42.190389,0.68965143,0.61909756,76.064093,47.091094
0b_baseline_best,file,13,baseline,744,014.Indigo_Bunting/Indigo_Bunting_0056_12637.jpg,14,13,014.Indigo_Bunting,54,53,gaussian_blur,gaussian_blur,0,"{""sigma"":1.311377}",1.4336681,0.28290325,-1.1507649,0.23843275,0.75359267,0.56243044,0.089869194,-0.32399769,0.66372348,0.98772117,0.55560325,0.24989292,180.49477,45.104365,False,0.9053905,False,False,True,0.55560325,0.24989292,180.49477,45.104365,0.54882782,0.24912673,178.75774,44.533331,0.86268401,0.2863995,24.980662,7.154449,0.23415259,0.25912715,34.166713,8.8535231,0.36772962,0.23150235,75.768908,17.54068,0.60883426,0.22712158,110.23334,25.03637,0.54800146,0.26928184,84.314302,22.704311,0.66584521,0.28038529,76.064093,21.327253
0b_baseline_best,file,13,baseline,744,014.Indigo_Bunting/Indigo_Bunting_0056_12637.jpg,14,13,014.Indigo_Bunting,54,53,random_erasing,random_erasing,0,"{""area_fraction"":0.115779,""erased"":true,""height"":0.250593,""left"":0.044387,""top"":0.022051,""width"":0.46202}",1.4336681,1.9357255,0.50205731,0.23843275,0.14431952,0.56243044,0.29684147,-0.32399769,-0.15252195,0.17147574,0.85016229,0.81431476,180.49477,146.97955,False,0.96637297,True,False,False,0.85016229,0.81431476,180.49477,146.97955,0.84915635,0.81154685,178.75774,145.07028,0.9040731,0.94527664,24.980662,23.613636,0.8549544,0.7208472,34.166713,24.62898,0.84439239,0.69316553,75.768908,52.520395,0.89686182,0.79202931,110.23334,87.308035,0.80160556,0.82260898,84.314302,69.357702,0.83881141,0.95232477,76.064093,72.43772
0b_baseline_best,file,13,baseline,11685,199.Winter_Wren/Winter_Wren_0081_190049.jpg,199,198,199.Winter_Wren,195,194,identity,identity,0,{},0.029592337,0.029592337,0,0.97084123,0.97084123,0.017922824,0.017922824,0.9529184,0.9529184,0,1,1,6.4280626,6.4280626,False,1,True,True,True,1,1,6.4280626,6.4280626,1,1,6.298417,6.298417,1,1,1.2844969,1.2844969,1,1,2.0018088,2.0018088,1,1,3.5576652,3.5576652,1,1,3.4312866,3.4312866,1,1,2.4335424,2.4335424,1,1,2.3043394,2.3043394
0b_baseline_best,file,13,baseline,11685,199.Winter_Wren/Winter_Wren_0081_190049.jpg,199,198,199.Winter_Wren,195,194,horizontal_flip,horizontal_flip,0,"{""flipped"":true}",0.029592337,0.045622543,0.016030205,0.97084123,0.95540249,0.017922824,0.014823183,0.9529184,0.94057931,-0.012339095,0.68050948,1.5302696,6.4280626,9.8366686,False,0.98388243,True,True,True,0.68050948,1.5302696,6.4280626,9.8366686,0.6699016,1.5288965,6.298417,9.629628,0.9301657,1.5629186,1.2844969,2.007564,0.74210154,1.5525139,2.0018088,3.107836,0.66605085,1.4482888,3.5576652,5.1525267,0.64751379,1.526389,3.4312866,5.2374781,0.62149635,1.6714561,2.4335424,4.0675594,0.73702373,1.5371355,2.3043394,3.5420818
0b_baseline_best,file,13,baseline,11685,199.Winter_Wren/Winter_Wren_0081_190049.jpg,199,198,199.Winter_Wren,195,194,color_jitter,color_jitter,0,"{""brightness"":0.795686,""contrast"":1.171552,""hue"":0.034854,""saturation"":0.949657}",0.029592337,0.035629246,0.0060369093,0.97084123,0.96499801,0.017922824,0.0024210294,0.9529184,0.96257698,0.0096585727,0.58992967,1.2571172,6.4280626,8.0808283,False,0.98404813,True,True,True,0.58992967,1.2571172,6.4280626,8.0808283,0.58054332,1.2561086,6.298417,7.9114958,0.81131238,1.2811293,1.2844969,1.6456066,0.86040848,1.3015121,2.0018088,2.6053784,0.60458737,1.1353577,3.5576652,4.0392225,0.5030954,1.2812182,3.4312866,4.3962268,0.47450492,1.4128408,2.4335424,3.4382081,0.63017003,1.2532742,2.3043394,2.8879692
0b_baseline_best,file,13,baseline,11685,199.Winter_Wren/Winter_Wren_0081_190049.jpg,199,198,199.Winter_Wren,195,194,rotation,rotation,0,"{""angle"":14.220542}",0.029592337,0.32886702,0.29927468,0.97084123,0.71973872,0.017922824,0.20351668,0.9529184,0.51622204,-0.43669636,0.86814887,9.1718747,6.4280626,58.957385,False,0.97274321,True,True,True,0.86814887,9.1718747,6.4280626,58.957385,0.86474056,9.199942,6.298417,57.945071,0.96003413,8.4690833,1.2844969,10.878511,0.939881,9.7598013,2.0018088,19.537256,0.89561288,9.3059874,3.5576652,33.107588,0.87855094,9.2872266,3.4312866,31.867136,0.76910121,8.7695872,2.4335424,21.341162,0.80139413,8.7748193,2.3043394,20.220162
0b_baseline_best,file,13,baseline,11685,199.Winter_Wren/Winter_Wren_0081_190049.jpg,199,198,199.Winter_Wren,195,194,random_resized_crop,random_resized_crop,0,"{""area_fraction"":0.601561,""aspect"":0.789204,""fallback"":false,""height"":0.873062,""left"":0.072531,""top"":0.096992,""width"":0.689025}",0.029592337,1.6523539,1.6227615,0.97084123,0.19159839,0.017922824,0.78356421,0.9529184,-0.59196582,-1.5448842,0.78245608,42.717682,6.4280626,274.59194,False,0.94331199,False,True,False,0.78245608,42.717682,6.4280626,274.59194,0.78045209,43.119699,6.298417,271.58585,0.88568481,31.545322,1.2844969,40.519868,0.86482399,44.572538,2.0018088,89.225699,0.83346094,46.944126,3.5576652,167.01148,0.77861078,43.259894,3.4312866,148.4371,0.66420898,39.016201,2.4335424,94.947579,0.70901198,35.933142,2.3043394,82.802154
0b_baseline_best,file,13,baseline,11685,199.Winter_Wren/Winter_Wren_0081_190049.jpg,199,198,199.Winter_Wren,195,194,gaussian_blur,gaussian_blur,0,"{""sigma"":1.725656}",0.029592337,5.1938262,5.1642339,0.97084123,0.0055507277,0.017922824,0.95268947,0.9529184,-0.94713874,-1.9000571,0.54991695,31.009799,6.4280626,199.33293,False,0.81209207,False,True,False,0.54991695,31.009799,6.4280626,199.33293,0.54064957,30.93536,6.298417,194.8438,0.76125387,32.748674,1.2844969,42.065569,0.63865601,24.396181,2.0018088,48.83649,0.55849258,26.671556,3.5576652,94.888469,0.5717413,32.648693,3.4312866,112.02703,0.46997818,35.192121,2.4335424,85.641518,0.50290624,35.496961,2.3043394,81.797045
0b_baseline_best,file,13,baseline,11685,199.Winter_Wren/Winter_Wren_0081_190049.jpg,199,198,199.Winter_Wren,195,194,random_erasing,random_erasing,0,"{""area_fraction"":0.16069,""erased"":true,""height"":0.428611,""left"":0.380512,""top"":0.259973,""width"":0.374909}",0.029592337,2.8502324,2.82064,0.97084123,0.057830878,0.017922824,0.15593137,0.9529184,-0.098100491,-1.0510189,0.51109168,27.409825,6.4280626,176.19207,False,0.89968991,False,True,False,0.51109168,27.409825,6.4280626,176.19207,0.49777909,27.221163,6.298417,171.45024,0.79219536,31.60867,1.2844969,40.601238,0.4518771,18.362078,2.0018088,36.75737,0.46168159,22.751985,3.5576652,80.943947,0.5224514,29.106896,3.4312866,99.874103,0.51323472,33.109989,2.4335424,80.574564,0.56109979,30.762684,2.3043394,70.887664
0b_baseline_best,file,13,baseline,10734,183.Northern_Waterthrush/Northern_Waterthrush_0044_176961.jpg,183,182,183.Northern_Waterthrush,184,183,identity,identity,0,{},0.029435275,0.029435275,0,0.9709937,0.9709937,0.026510466,0.026510466,0.94448323,0.94448323,0,1,1,5.6542552,5.6542552,False,1,True,True,True,1,1,5.6542552,5.6542552,1,1,5.526326,5.526326,1,1,1.1959611,1.1959611,1,1,1.4159901,1.4159901,1,1,2.5191989,2.5191989,1,1,3.205981,3.205981,1,1,2.4883951,2.4883951,1,1,2.3913309,2.3913309
0b_baseline_best,file,13,baseline,10734,183.Northern_Waterthrush/Northern_Waterthrush_0044_176961.jpg,183,182,183.Northern_Waterthrush,184,183,horizontal_flip,horizontal_flip,0,"{""flipped"":true}",0.029435275,0.20149589,0.17206061,0.9709937,0.81750697,0.026510466,0.17266865,0.94448323,0.64483832,-0.29964491,0.76678218,6.3941436,5.6542552,36.15412,False,0.96638507,True,True,True,0.76678218,6.3941436,5.6542552,36.15412,0.75869276,6.4243845,5.526326,35.503243,0.96622013,5.7103496,1.1959611,6.829356,0.69747444,5.3329274,1.4159901,7.5513725,0.76862944,6.929734,2.5191989,17.457378,0.76625244,6.5766679,3.205981,21.084672,0.73390203,6.4225415,2.4883951,15.981821,0.78948396,5.894889,2.3913309,14.09663
0b_baseline_best,file,13,baseline,10734,183.Northern_Waterthrush/Northern_Waterthrush_0044_176961.jpg,183,182,183.Northern_Waterthrush,184,183,color_jitter,color_jitter,0,"{""brightness"":1.104506,""contrast"":0.955575,""hue"":0.018551,""saturation"":1.196918}",0.029435275,0.016989758,-0.012445517,0.9709937,0.98315376,0.026510466,0.013832993,0.94448323,0.96932077,0.024837536,0.95420089,0.52736532,5.6542552,2.9818581,False,0.9950074,True,True,True,0.95420089,0.52736532,5.6542552,2.9818581,0.95233126,0.52680478,5.526326,2.9112949,0.99344997,0.539195,1.1959611,0.64485625,0.94204268,0.48538614,1.4159901,0.68730198,0.93816142,0.49079963,2.5191989,1.2364219,0.96183407,0.51652728,3.205981,1.6559766,0.95430582,0.54860425,2.4883951,1.3651441,0.9589291,0.57164038,2.3913309,1.3669813
0b_baseline_best,file,13,baseline,10734,183.Northern_Waterthrush/Northern_Waterthrush_0044_176961.jpg,183,182,183.Northern_Waterthrush,184,183,rotation,rotation,0,"{""angle"":1.603631}",0.029435275,0.14435109,0.11491582,0.9709937,0.86558378,0.026510466,0.1163291,0.94448323,0.74925467,-0.19522856,0.88369716,4.1265418,5.6542552,23.332521,False,0.98219371,True,True,True,0.88369716,4.1265418,5.6542552,23.332521,0.87948741,4.1382661,5.526326,22.869408,0.98180666,3.8677323,1.1959611,4.6256574,0.87985133,4.2098731,1.4159901,5.9611387,0.81626764,3.8888454,2.5191989,9.796775,0.89602279,4.1663658,3.205981,13.35729,0.88467408,4.2532277,2.4883951,10.583711,0.91142229,4.2039954,2.3913309,10.053144
0b_baseline_best,file,13,baseline,10734,183.Northern_Waterthrush/Northern_Waterthrush_0044_176961.jpg,183,182,183.Northern_Waterthrush,184,183,random_resized_crop,random_resized_crop,0,"{""area_fraction"":0.655388,""aspect"":1.16684,""fallback"":false,""height"":0.749452,""left"":0.093077,""top"":0.183334,""width"":0.87449}",0.029435275,0.15050478,0.12106951,0.9709937,0.8602736,0.026510466,0.11929344,0.94448323,0.74098016,-0.20350308,0.75594427,4.3045973,5.6542552,24.339292,False,0.95291698,True,True,True,0.75594427,4.3045973,5.6542552,24.339292,0.74775395,4.3218459,5.526326,23.883929,0.95232625,3.9182279,1.1959611,4.6860481,0.67239146,4.0323013,1.4159901,5.7096989,0.66446046,4.3042641,2.5191989,10.843297,0.79259935,4.4791188,3.205981,14.35997,0.74325764,4.2523822,2.4883951,10.581607,0.78840989,4.2251457,2.3913309,10.103721
0b_baseline_best,file,13,baseline,10734,183.Northern_Waterthrush/Northern_Waterthrush_0044_176961.jpg,183,182,183.Northern_Waterthrush,184,183,gaussian_blur,gaussian_blur,0,"{""sigma"":1.613726}",0.029435275,1.7905771,1.7611418,0.9709937,0.16686386,0.026510466,0.71008801,0.94448323,-0.54322416,-1.4877074,0.62595426,32.634557,5.6542552,184.52411,False,0.87851101,False,True,False,0.62595426,32.634557,5.6542552,184.52411,0.61908801,33.019211,5.526326,182.47492,0.87777922,22.930117,1.1959611,27.423528,0.58972683,40.923018,1.4159901,57.94659,0.58086237,41.235642,2.5191989,103.88078,0.64014113,29.933848,3.205981,95.967347,0.63847344,30.732052,2.4883951,76.473489,0.68950168,26.74421,2.3913309,63.954255
0b_baseline_best,file,13,baseline,10734,183.Northern_Waterthrush/Northern_Waterthrush_0044_176961.jpg,183,182,183.Northern_Waterthrush,184,183,random_erasing,random_erasing,0,"{""area_fraction"":0.155072,""erased"":true,""height"":0.375776,""left"":0.551634,""top"":0.113532,""width"":0.412672}",0.029435275,0.073072717,0.043637441,0.9709937,0.92953324,0.026510466,0.061359666,0.94448323,0.86817358,-0.076309655,0.91396075,2.1872501,5.6542552,12.36727,False,0.97302198,True,True,True,0.91396075,2.1872501,5.6542552,12.36727,0.9111447,2.1802618,5.526326,12.048837,0.97214675,2.3314713,1.1959611,2.7883489,0.92010735,2.3488951,1.4159901,3.3260122,0.92459041,2.060222,2.5191989,5.1901089,0.93336584,2.1003357,3.205981,6.7336363,0.88633413,2.2517002,2.4883951,5.6031198,0.88982917,2.3071136,2.3913309,5.5170721
0b_baseline_best,file,13,baseline,3690,064.Ring_billed_Gull/Ring_Billed_Gull_0118_51322.jpg,64,63,064.Ring_billed_Gull,62,61,identity,identity,0,{},0.011240019,0.011240019,0,0.98882294,0.98882294,0.0089250701,0.0089250701,0.97989787,0.97989787,0,1,1,2.0880976,2.0880976,False,1,True,True,True,1,1,2.0880976,2.0880976,1,1,2.0233957,2.0233957,1,1,0.51577291,0.51577291,1,1,0.39211353,0.39211353,1,1,1.0042373,1.0042373,1,1,1.0432356,1.0432356,1,1,0.95332689,0.95332689,1,1,0.96680489,0.96680489
0b_baseline_best,file,13,baseline,3690,064.Ring_billed_Gull/Ring_Billed_Gull_0118_51322.jpg,64,63,064.Ring_billed_Gull,62,61,horizontal_flip,horizontal_flip,0,"{""flipped"":true}",0.011240019,0.014772084,0.0035320651,0.98882294,0.98533648,0.0089250701,0.005434481,0.97989787,0.979902,4.1346066e-06,0.62019189,1.0294151,2.0880976,2.1495193,False,0.97028345,True,True,True,0.62019189,1.0294151,2.0880976,2.1495193,0.60114332,1.023087,2.0233957,2.0701097,0.88991563,1.122316,0.51577291,0.5788602,0.41982892,1.08034,0.39211353,0.42361593,0.64238208,0.955252,1.0042373,0.95929973,0.55469056,1.0249235,1.0432356,1.0692367,0.55921504,1.0546781,0.95332689,1.005453,0.68707988,1.0504713,0.96680489,1.0156008
0b_baseline_best,file,13,baseline,3690,064.Ring_billed_Gull/Ring_Billed_Gull_0118_51322.jpg,64,63,064.Ring_billed_Gull,62,61,color_jitter,color_jitter,0,"{""brightness"":1.226954,""contrast"":1.199259,""hue"":0.011173,""saturation"":0.631252}",0.011240019,0.0036646845,-0.007575334,0.98882294,0.996342,0.0089250701,0.0016649528,0.97989787,0.99467705,0.014779184,0.80336571,0.24478238,2.0880976,0.51112951,False,0.9808771,True,True,True,0.80336571,0.24478238,2.0880976,0.51112951,0.7940727,0.24176889,2.0233957,0.48919412,0.93484197,0.28719998,0.51577291,0.14812997,0.7252979,0.25308743,0.39211353,0.099239007,0.82401904,0.21329211,1.0042373,0.21419591,0.77851872,0.22858984,1.0432356,0.23847305,0.7649558,0.25091028,0.95332689,0.23919951,0.83338882,0.27267393,0.96680489,0.26362249
0b_baseline_best,file,13,baseline,3690,064.Ring_billed_Gull/Ring_Billed_Gull_0118_51322.jpg,64,63,064.Ring_billed_Gull,62,61,rotation,rotation,0,"{""angle"":-8.24946}",0.011240019,0.039306413,0.028066395,0.98882294,0.96145606,0.0089250701,0.030750826,0.97989787,0.93070523,-0.049192633,0.77709002,3.4982604,2.0880976,7.3047092,False,0.96303141,True,True,True,0.77709002,3.4982604,2.0880976,7.3047092,0.76576822,3.5088602,2.0233957,7.0998125,0.9616377,3.3308752,0.51577291,1.7179752,0.75789456,3.7214775,0.39211353,1.4592417,0.78897347,3.6683857,1.0042373,3.6839299,0.76251144,3.5073293,1.0432356,3.6589707,0.70812982,3.3794114,0.95332689,3.2216838,0.8014573,3.4210224,0.96680489,3.3074612
0b_baseline_best,file,13,baseline,3690,064.Ring_billed_Gull/Ring_Billed_Gull_0118_51322.jpg,64,63,064.Ring_billed_Gull,62,61,random_resized_crop,random_resized_crop,0,"{""area_fraction"":0.560723,""aspect"":0.771289,""fallback"":false,""height"":0.85264,""left"":0.238382,""top"":0.116214,""width"":0.657632}",0.011240019,0.027641952,0.016401934,0.98882294,0.9727366,0.0089250701,0.020094134,0.97989787,0.95264246,-0.027255404,0.71865138,2.6176254,2.0880976,5.4658573,False,0.97187388,True,True,True,0.71865138,2.6176254,2.0880976,5.4658573,0.7044301,2.6347048,2.0233957,5.3310502,0.96999646,2.339094,0.51577291,1.2064413,0.343278,2.8635816,0.39211353,1.1228491,0.70453456,2.7317005,1.0042373,2.7432756,0.68248673,2.5629583,1.0432356,2.6737693,0.71751874,2.6553106,0.95332689,2.531379,0.78515517,2.5497609,0.96680489,2.4651213
0b_baseline_best,file,13,baseline,3690,064.Ring_billed_Gull/Ring_Billed_Gull_0118_51322.jpg,64,63,064.Ring_billed_Gull,62,61,gaussian_blur,gaussian_blur,0,"{""sigma"":1.177585}",0.011240019,0.21669956,0.20545954,0.98882294,0.80517185,0.0089250701,0.16678871,0.97989787,0.63838314,-0.34151473,0.75321895,18.758408,2.0880976,39.169388,False,0.95393717,True,True,True,0.75321895,18.758408,2.0880976,39.169388,0.7429449,18.926715,2.0233957,38.296234,0.9514102,15.945623,0.51577291,8.2243206,0.63339885,19.769378,0.39211353,7.7518405,0.71631554,20.540516,1.0042373,20.627554,0.71561623,18.134523,1.0432356,18.91858,0.75495446,18.595879,0.95332689,17.727951,0.81948286,18.176698,0.96680489,17.573321
0b_baseline_best,file,13,baseline,3690,064.Ring_billed_Gull/Ring_Billed_Gull_0118_51322.jpg,64,63,064.Ring_billed_Gull,62,61,random_erasing,random_erasing,0,"{""area_fraction"":0.094205,""erased"":true,""height"":0.225286,""left"":0.33422,""top"":0.075603,""width"":0.418159}",0.011240019,0.0098977974,-0.0013422212,0.98882294,0.99015105,0.0089250701,0.0085458374,0.97989787,0.98160521,0.0017073434,0.93606778,0.90057439,2.0880976,1.8804872,False,0.98910946,True,True,True,0.93606778,0.90057439,2.0880976,1.8804872,0.93264813,0.89871722,2.0233957,1.8184605,0.98747044,0.92868833,0.51577291,0.47899229,0.85632078,0.96606162,0.39211353,0.37880583,0.94373609,0.82386085,1.0042373,0.82735183,0.92884915,0.92622385,1.0432356,0.96626966,0.93356341,0.89722008,0.95332689,0.85534403,0.94353964,0.93291228,0.96680489,0.90194416
0b_baseline_best,file,13,baseline,9269,158.Bay_breasted_Warbler/Bay_Breasted_Warbler_0045_797135.jpg,158,157,158.Bay_breasted_Warbler,165,164,identity,identity,0,{},0.0021359741,0.0021359741,0,0.99786633,0.99786633,0.00060239265,0.00060239265,0.99726394,0.99726394,0,1,1,0.34995355,0.34995355,False,0.99999994,True,True,True,1,1,0.34995355,0.34995355,1,1,0.34315471,0.34315471,1,1,0.068646403,0.068646403,1,1,0.055725774,0.055725774,1,1,0.13004758,0.13004758,1,1,0.17993531,0.17993531,1,1,0.17217997,0.17217997,1,1,0.1889835,0.1889835
0b_baseline_best,file,13,baseline,9269,158.Bay_breasted_Warbler/Bay_Breasted_Warbler_0045_797135.jpg,158,157,158.Bay_breasted_Warbler,165,164,horizontal_flip,horizontal_flip,0,"{""flipped"":true}",0.0021359741,0.00041929036,-0.0017166838,0.99786633,0.9995808,0.00060239265,5.6819361e-05,0.99726394,0.99952398,0.0022600413,0.64653062,0.16924724,0.34995355,0.059228671,False,0.97677845,True,True,True,0.64653062,0.16924724,0.34995355,0.059228671,0.63181283,0.16631096,0.34315471,0.057070391,0.94468555,0.23079387,0.068646403,0.015843169,0.38401635,0.13926041,0.055725774,0.0077603941,0.5159165,0.15416821,0.13004758,0.020049203,0.58717271,0.15307871,0.17993531,0.027544265,0.59659775,0.1615813,0.17217997,0.027821064,0.75874782,0.18798768,0.1889835,0.035526569
0b_baseline_best,file,13,baseline,9269,158.Bay_breasted_Warbler/Bay_Breasted_Warbler_0045_797135.jpg,158,157,158.Bay_breasted_Warbler,165,164,color_jitter,color_jitter,0,"{""brightness"":1.254824,""contrast"":1.233826,""hue"":0.041824,""saturation"":0.728653}",0.0021359741,0.0051765931,0.003040619,0.99786633,0.99483681,0.00060239265,0.00090562948,0.99726394,0.99393118,-0.0033327621,0.73408311,2.3790407,0.34995355,0.83255371,False,0.96537399,True,True,True,0.73408311,2.3790407,0.34995355,0.83255371,0.7251459,2.378879,0.34315471,0.81632352,0.95702043,2.3830779,0.068646403,0.16358973,0.31799026,1.956332,0.055725774,0.10901812,0.52744001,2.420112,0.13004758,0.31472971,0.69249503,2.3288126,0.17993531,0.41903562,0.74815103,2.4315726,0.17217997,0.41866809,0.8594993,2.3933028,0.1889835,0.45229473
0b_baseline_best,file,13,baseline,9269,158.Bay_breasted_Warbler/Bay_Breasted_Warbler_0045_797135.jpg,158,157,158.Bay_breasted_Warbler,165,164,rotation,rotation,0,"{""angle"":1.090161}",0.0021359741,0.0033641432,0.0012281691,0.99786633,0.99664152,0.00060239265,0.0020948397,0.99726394,0.99454668,-0.0027172629,0.88547501,1.8895339,0.34995355,0.66124909,False,0.9921695,True,True,True,0.88547501,1.8895339,0.34995355,0.66124909,0.88324189,1.8927873,0.34315471,0.64951889,0.94488095,1.8063326,0.068646403,0.12399823,0.87586023,2.3336983,0.055725774,0.13004715,0.88579428,2.1130964,0.13004758,0.27480308,0.89948924,2.0107571,0.17993531,0.3618062,0.87017446,1.8437294,0.17217997,0.31745327,0.89248312,1.6545082,0.1889835,0.31267474
0b_baseline_best,file,13,baseline,9269,158.Bay_breasted_Warbler/Bay_Breasted_Warbler_0045_797135.jpg,158,157,158.Bay_breasted_Warbler,165,164,random_resized_crop,random_resized_crop,0,"{""area_fraction"":0.550582,""aspect"":1.153202,""fallback"":false,""height"":0.690969,""left"":0.077743,""top"":0.104182,""width"":0.796827}",0.0021359741,0.043778282,0.041642308,0.99786633,0.95716614,0.00060239265,0.034302715,0.99726394,0.92286342,-0.07440052,0.65640933,22.370498,0.34995355,7.8286349,False,0.96156782,True,True,True,0.65640933,22.370498,0.34995355,7.8286349,0.64695012,22.259523,0.34315471,7.63846,0.87119815,24.98407,0.068646403,1.7150666,0.64739627,31.801738,0.055725774,1.7721765,0.65984851,24.260372,0.13004758,3.1550027,0.66209964,22.388979,0.17993531,4.0285678,0.62747719,22.470034,0.17217997,3.8688898,0.65375366,19.836831,0.1889835,3.7488336
0b_baseline_best,file,13,baseline,9269,158.Bay_breasted_Warbler/Bay_Breasted_Warbler_0045_797135.jpg,158,157,158.Bay_breasted_Warbler,165,164,gaussian_blur,gaussian_blur,0,"{""sigma"":1.688188}",0.0021359741,0.1326226,0.13048663,0.99786633,0.87579554,0.00060239265,0.057556733,0.99726394,0.81823881,-0.17902513,0.59195961,76.581314,0.34995355,26.799902,False,0.89922249,True,True,True,0.59195961,76.581314,0.34995355,26.799902,0.58467968,77.276999,0.34315471,26.517966,0.86933921,56.479906,0.068646403,3.8771424,0.62848618,114.62221,0.055725774,6.3874115,0.60148291,101.32996,0.13004758,13.177716,0.63679611,85.643811,0.17993531,15.410346,0.52050307,70.135007,0.17217997,12.075844,0.62762133,54.336586,0.1889835,10.268718
0b_baseline_best,file,13,baseline,9269,158.Bay_breasted_Warbler/Bay_Breasted_Warbler_0045_797135.jpg,158,157,158.Bay_breasted_Warbler,165,164,random_erasing,random_erasing,0,"{""area_fraction"":0.078911,""erased"":true,""height"":0.459246,""left"":0.687305,""top"":0.318608,""width"":0.171826}",0.0021359741,0.0019202856,-0.00021568849,0.99786633,0.99808156,0.00060239265,0.00065911334,0.99726394,0.99742245,0.00015851168,0.93576921,0.92151902,0.34995355,0.32248885,False,0.99090475,True,True,True,0.93576921,0.92151902,0.34995355,0.32248885,0.93380129,0.92019922,0.34315471,0.3157707,0.98378898,0.95390642,0.068646403,0.065482245,0.93810111,1.0124746,0.055725774,0.056420931,0.93808791,0.95390069,0.13004758,0.12405248,0.94962393,0.9695914,0.17993531,0.17446373,0.91489108,0.88484111,0.17217997,0.15235192,0.934823,0.87733255,0.1889835,0.16580137
0b_baseline_best,file,13,baseline,5852,100.Brown_Pelican/Brown_Pelican_0007_94078.jpg,100,99,100.Brown_Pelican,101,100,identity,identity,0,{},0.11522593,0.11522593,0,0.89116478,0.89116478,0.020664888,0.020664888,0.87049989,0.87049989,0,1,1,20.302972,20.302972,False,1,True,True,True,1,1,20.302972,20.302972,1,1,20.002466,20.002466,1,1,3.4802338,3.4802338,1,1,6.6410642,6.6410642,1,1,7.7954396,7.7954396,1,1,9.5305908,9.5305908,1,1,10.16066,10.16066,1,1,10.057577,10.057577
0b_baseline_best,file,13,baseline,5852,100.Brown_Pelican/Brown_Pelican_0007_94078.jpg,100,99,100.Brown_Pelican,101,100,horizontal_flip,horizontal_flip,0,"{""flipped"":true}",0.11522593,0.17398971,0.05876378,0.89116478,0.84030557,0.020664888,0.011259188,0.87049989,0.82904638,-0.041453513,0.60018179,1.693747,20.302972,34.388097,False,0.94236028,True,True,True,0.60018179,1.693747,20.302972,34.388097,0.59242492,1.7022601,20.002466,34.0494,0.9281203,1.3833898,3.4802338,4.8145201,0.42694432,1.5860373,6.6410642,10.532976,0.33627395,1.9901659,7.7954396,15.514218,0.62215507,1.7179667,9.5305908,16.373237,0.65681115,1.6846794,10.16066,17.117455,0.77004453,1.5614773,10.057577,15.704678
0b_baseline_best,file,13,baseline,5852,100.Brown_Pelican/Brown_Pelican_0007_94078.jpg,100,99,100.Brown_Pelican,101,100,color_jitter,color_jitter,0,"{""brightness"":0.656106,""contrast"":0.621677,""hue"":-0.015946,""saturation"":1.385882}",0.11522593,0.96345198,0.84822605,0.89116478,0.38157344,0.020664888,0.036623273,0.87049989,0.34495017,-0.52554973,0.79002151,6.1552567,20.302972,124.97,False,0.93141001,True,True,True,0.79002151,6.1552567,20.302972,124.97,0.78714241,6.1761788,20.002466,123.53881,0.90501026,5.4189143,3.4802338,18.859089,0.83870752,5.8048933,6.6410642,38.550669,0.70865294,6.3867233,7.7954396,49.787316,0.80487331,6.7854346,9.5305908,64.6692,0.78875572,6.0830884,10.16066,61.808195,0.80360527,5.7069559,10.057577,57.398149
0b_baseline_best,file,13,baseline,5852,100.Brown_Pelican/Brown_Pelican_0007_94078.jpg,100,99,100.Brown_Pelican,101,100,rotation,rotation,0,"{""angle"":7.824522}",0.11522593,0.43963939,0.32441346,0.89116478,0.64426869,0.020664888,0.088459373,0.87049989,0.55580932,-0.31469057,0.83764646,2.6242057,20.302972,53.279175,False,0.97436607,True,True,True,0.83764646,2.6242057,20.302972,53.279175,0.83354742,2.6146618,20.002466,52.299684,0.96381699,2.9219993,3.4802338,10.169241,0.88033697,2.658085,6.6410642,17.652513,0.78890899,2.6170771,7.7954396,20.401266,0.80897281,2.4875867,9.5305908,23.708171,0.8262807,2.5948947,10.16066,26.365843,0.86824098,2.7232963,10.057577,27.389762
0b_baseline_best,file,13,baseline,5852,100.Brown_Pelican/Brown_Pelican_0007_94078.jpg,100,99,100.Brown_Pelican,101,100,random_resized_crop,random_resized_crop,0,"{""area_fraction"":0.687535,""aspect"":1.100348,""fallback"":false,""height"":0.790464,""left"":0.068977,""top"":0.047469,""width"":0.869786}",0.11522593,0.46252787,0.34730194,0.89116478,0.62968987,0.020664888,0.078979231,0.87049989,0.55071064,-0.31978925,0.74134054,3.3324267,20.302972,67.658166,False,0.94048154,True,True,True,0.74134054,3.3324267,20.302972,67.658166,0.73551371,3.3273487,20.002466,66.55518,0.92541122,3.4960237,3.4802338,12.16698,0.79911129,3.7539634,6.6410642,24.930312,0.6335685,3.3349624,7.7954396,25.997498,0.71040572,3.2804593,9.5305908,31.264715,0.7282915,3.1611406,10.16066,32.119275,0.7983957,3.3320407,10.057577,33.512256
0b_baseline_best,file,13,baseline,5852,100.Brown_Pelican/Brown_Pelican_0007_94078.jpg,100,99,100.Brown_Pelican,101,100,gaussian_blur,gaussian_blur,0,"{""sigma"":1.237207}",0.11522593,2.170506,2.0552801,0.89116478,0.11411986,0.020664888,0.066975892,0.87049989,0.047143966,-0.82335593,0.50833309,6.337044,20.302972,128.66083,False,0.82330531,False,True,False,0.50833309,6.337044,20.302972,128.66083,0.49887896,6.3190042,20.002466,126.39567,0.79601244,6.9065192,3.4802338,24.036302,0.53769172,4.9117799,6.6410642,32.619445,0.33443714,6.9896317,7.7954396,54.487252,0.40400712,6.1006294,9.5305908,58.142603,0.54835659,6.543634,10.16066,66.487642,0.63099336,6.3988444,10.057577,64.356871
0b_baseline_best,file,13,baseline,5852,100.Brown_Pelican/Brown_Pelican_0007_94078.jpg,100,99,100.Brown_Pelican,101,100,random_erasing,random_erasing,0,"{""area_fraction"":0.164397,""erased"":true,""height"":0.293921,""left"":0.113425,""top"":0.118177,""width"":0.559324}",0.11522593,3.2900767,3.1748508,0.89116478,0.037250988,0.020664888,0.018984068,0.87049989,0.01826692,-0.85223297,0.6249922,8.2972629,20.302972,168.4591,False,0.81447136,False,True,False,0.6249922,8.2972629,20.302972,168.4591,0.62088712,8.3306444,20.002466,166.63343,0.79164728,7.1069716,3.4802338,24.733923,0.63095102,6.9004717,6.6410642,45.826476,0.52283565,9.3464582,7.7954396,72.859751,0.68625795,9.0250797,9.5305908,86.014341,0.60479228,8.0005925,10.16066,81.291303,0.64672025,7.9239113,10.057577,79.695349
0b_baseline_best,file,13,baseline,2966,052.Pied_billed_Grebe/Pied_Billed_Grebe_0032_35931.jpg,52,51,052.Pied_billed_Grebe,50,49,identity,identity,0,{},0.0097823525,0.0097823525,0,0.99026531,0.99026531,0.0040642614,0.0040642614,0.98620105,0.98620105,0,1,1,1.6450063,1.6450063,False,1,True,True,True,1,1,1.6450063,1.6450063,1,1,1.6184107,1.6184107,1,1,0.29460565,0.29460565,1,1,0.46893109,0.46893109,1,1,0.80581258,0.80581258,1,1,0.83454047,0.83454047,1,1,0.74573075,0.74573075,1,1,0.70530184,0.70530184
0b_baseline_best,file,13,baseline,2966,052.Pied_billed_Grebe/Pied_Billed_Grebe_0032_35931.jpg,52,51,052.Pied_billed_Grebe,50,49,horizontal_flip,horizontal_flip,0,"{""flipped"":true}",0.0097823525,0.049554922,0.039772569,0.99026531,0.95165288,0.0040642614,0.013536057,0.98620105,0.93811683,-0.04808422,0.66851209,5.5620931,1.6450063,9.149678,False,0.95927882,True,True,True,0.66851209,5.5620931,1.6450063,9.149678,0.66153378,5.5931343,1.6184107,9.0519883,0.94337676,4.526254,0.29460565,1.33346,0.68326461,4.1095976,0.46893109,1.9271181,0.6777565,5.5597415,0.80581258,4.4801096,0.63672556,5.7048971,0.83454047,4.7609675,0.62695339,6.1024497,0.74573075,4.5507844,0.72645943,5.4502484,0.70530184,3.8440702
0b_baseline_best,file,13,baseline,2966,052.Pied_billed_Grebe/Pied_Billed_Grebe_0032_35931.jpg,52,51,052.Pied_billed_Grebe,50,49,color_jitter,color_jitter,0,"{""brightness"":0.835658,""contrast"":0.76432,""hue"":-0.006499,""saturation"":1.056878}",0.0097823525,0.018422568,0.0086402157,0.99026531,0.98174608,0.0040642614,0.0051269867,0.98620105,0.97661909,-0.0095819575,0.88261594,1.8594007,1.6450063,3.0587258,False,0.99153185,True,True,True,0.88261594,1.8594007,1.6450063,3.0587258,0.87968781,1.86389,1.6184107,3.0165395,0.98129225,1.7184117,0.29460565,0.5062538,0.9423933,2.1097009,0.46893109,0.98930435,0.83865779,1.8951789,0.80581258,1.527159,0.86282055,1.8901642,0.83454047,1.5774185,0.89768002,1.7882584,0.74573075,1.3335593,0.91578505,1.7491386,0.70530184,1.2336707
0b_baseline_best,file,13,baseline,2966,052.Pied_billed_Grebe/Pied_Billed_Grebe_0032_35931.jpg,52,51,052.Pied_billed_Grebe,50,49,rotation,rotation,0,"{""angle"":8.468802}",0.0097823525,0.0264854,0.016703048,0.99026531,0.97386229,0.0040642614,0.0072466633,0.98620105,0.96661563,-0.019585421,0.77539353,2.9987861,1.6450063,4.9330218,False,0.96906543,True,True,True,0.77539353,2.9987861,1.6450063,4.9330218,0.77059564,3.0131378,1.6184107,4.8764944,0.95967062,2.5276226,0.29460565,0.74465191,0.88515371,3.1373205,0.46893109,1.4711871,0.76541793,3.029034,0.80581258,2.4408337,0.76648502,3.0590314,0.83454047,2.5528855,0.73885379,3.1273096,0.74573075,2.3321309,0.77196124,2.7280214,0.70530184,1.9240785
0b_baseline_best,file,13,baseline,2966,052.Pied_billed_Grebe/Pied_Billed_Grebe_0032_35931.jpg,52,51,052.Pied_billed_Grebe,50,49,random_resized_crop,random_resized_crop,0,"{""area_fraction"":0.790701,""aspect"":1.012162,""fallback"":false,""height"":0.883855,""left"":0.012038,""top"":0.099548,""width"":0.894604}",0.0097823525,0.068865992,0.05908364,0.99026531,0.93345177,0.0040642614,0.018838629,0.98620105,0.91461314,-0.071587906,0.77880515,7.1104125,1.6450063,11.696673,False,0.9641034,True,True,True,0.77880515,7.1104125,1.6450063,11.696673,0.77419953,7.1435574,1.6184107,11.56121,0.95461028,6.0249748,0.29460565,1.7749916,0.90144584,7.4530359,0.46893109,3.4949602,0.69629351,7.114116,0.80581258,5.7326442,0.78779908,7.4469247,0.83454047,6.21476,0.78956773,7.098256,0.74573075,5.2933878,0.78377948,6.6412125,0.70530184,4.6840594
0b_baseline_best,file,13,baseline,2966,052.Pied_billed_Grebe/Pied_Billed_Grebe_0032_35931.jpg,52,51,052.Pied_billed_Grebe,50,49,gaussian_blur,gaussian_blur,0,"{""sigma"":1.301579}",0.0097823525,1.1916959,1.1819136,0.99026531,0.30370575,0.0040642614,0.094329193,0.98620105,0.20937656,-0.77682449,0.54633891,108.5886,1.6450063,178.62892,False,0.85606194,True,True,True,0.54633891,108.5886,1.6450063,178.62892,0.54234602,109.62044,1.6184107,177.41089,0.78547604,70.686681,0.29460565,20.824696,0.578773,163.82025,0.46893109,76.820407,0.56169046,127.74862,0.80581258,102.94144,0.5309734,98.936031,0.83454047,82.566122,0.53816998,92.681942,0.74573075,69.115775,0.5839686,82.455892,0.70530184,58.156292
0b_baseline_best,file,13,baseline,2966,052.Pied_billed_Grebe/Pied_Billed_Grebe_0032_35931.jpg,52,51,052.Pied_billed_Grebe,50,49,random_erasing,random_erasing,0,"{""area_fraction"":0.173582,""erased"":true,""height"":0.256425,""left"":0.23428,""top"":0.71654,""width"":0.676931}",0.0097823525,0.0077561173,-0.0020262352,0.99026531,0.99227387,0.0040642614,0.0016302685,0.98620105,0.9906436,0.0044425502,0.89319363,0.72614568,1.6450063,1.1945142,False,0.97904825,True,True,True,0.89319363,0.72614568,1.6450063,1.1945142,0.89121279,0.7239414,1.6184107,1.1716345,0.95125616,0.78977815,0.29460565,0.23267311,0.95440878,0.59216404,0.46893109,0.27768413,0.86243217,0.6315554,0.80581258,0.50891529,0.89938833,0.74445661,0.83454047,0.62127917,0.90413937,0.78796734,0.74573075,0.58761148,0.89660319,0.78347167,0.70530184,0.55258401
0b_baseline_best,file,13,baseline,2953,052.Pied_billed_Grebe/Pied_Billed_Grebe_0082_35356.jpg,52,51,052.Pied_billed_Grebe,50,49,identity,identity,0,{},0.040236648,0.040236648,0,0.96056211,0.96056211,0.030712131,0.030712131,0.92984998,0.92984998,0,1,1,6.3587545,6.3587545,False,0.99999994,True,True,True,1,1,6.3587545,6.3587545,1,1,6.1720406,6.1720406,1,1,1.5295991,1.5295991,1,1,1.1377089,1.1377089,1,1,2.540629,2.540629,1,1,3.3069874,3.3069874,1,1,3.0613384,3.0613384,1,1,3.1681145,3.1681145
0b_baseline_best,file,13,baseline,2953,052.Pied_billed_Grebe/Pied_Billed_Grebe_0082_35356.jpg,52,51,052.Pied_billed_Grebe,50,49,horizontal_flip,horizontal_flip,0,"{""flipped"":true}",0.040236648,0.093046129,0.052809481,0.96056211,0.91115147,0.030712131,0.075573884,0.92984998,0.83557758,-0.094272394,0.69475225,2.3925641,6.3587545,15.213727,False,0.96931332,True,True,True,0.69475225,2.3925641,6.3587545,15.213727,0.67918681,2.401703,6.1720406,14.823409,0.96828727,2.2385223,1.5295991,3.4240416,0.64594258,2.6038241,1.1377089,2.962394,0.63473085,2.5270319,2.540629,6.4202506,0.69527957,2.4574552,3.3069874,8.1267734,0.61495178,2.3638708,3.0613384,7.2366086,0.76220339,2.2613304,3.1681145,7.1641537
0b_baseline_best,file,13,baseline,2953,052.Pied_billed_Grebe/Pied_Billed_Grebe_0082_35356.jpg,52,51,052.Pied_billed_Grebe,50,49,color_jitter,color_jitter,0,"{""brightness"":1.334162,""contrast"":1.138341,""hue"":-0.047535,""saturation"":1.319156}",0.040236648,1.9933652,1.9531285,0.96056211,0.13623621,0.030712131,0.1912916,0.92984998,-0.055055395,-0.98490537,0.49689269,16.488783,6.3587545,104.84812,False,0.79073656,False,True,False,0.49689269,16.488783,6.3587545,104.84812,0.48469799,16.504897,6.1720406,101.8689,0.69894897,16.224157,1.5295991,24.816456,0.57825268,18.504387,1.1377089,21.052607,0.48495608,15.930493,2.540629,40.473473,0.48487908,16.725011,3.3069874,55.309402,0.48005973,15.833162,3.0613384,48.470668,0.47644831,16.96111,3.1681145,53.734737
0b_baseline_best,file,13,baseline,2953,052.Pied_billed_Grebe/Pied_Billed_Grebe_0082_35356.jpg,52,51,052.Pied_billed_Grebe,50,49,rotation,rotation,0,"{""angle"":5.419836}",0.040236648,0.13470797,0.094471324,0.96056211,0.8739711,0.030712131,0.091375522,0.92984998,0.78259558,-0.1472544,0.84728918,3.2466252,6.3587545,20.644492,False,0.97220933,True,True,True,0.84728918,3.2466252,6.3587545,20.644492,0.84023929,3.2576681,6.1720406,20.10646,0.97098966,3.0612276,1.5295991,4.6824509,0.83807926,3.0184611,1.1377089,3.4341302,0.82534912,3.6385574,2.540629,9.2442244,0.85359052,3.2227902,3.3069874,10.657727,0.82576048,3.1851271,3.0613384,9.750752,0.85548904,3.1304058,3.1681145,9.917484
0b_baseline_best,file,13,baseline,2953,052.Pied_billed_Grebe/Pied_Billed_Grebe_0082_35356.jpg,52,51,052.Pied_billed_Grebe,50,49,random_resized_crop,random_resized_crop,0,"{""area_fraction"":0.848028,""aspect"":0.976269,""fallback"":false,""height"":0.93201,""left"":0.080387,""top"":0.02815,""width"":0.909892}",0.040236648,0.076649323,0.036412675,0.96056211,0.92621458,0.030712131,0.058341451,0.92984998,0.86787312,-0.061976854,0.8611965,1.9317182,6.3587545,12.283322,False,0.98432487,True,True,True,0.8611965,1.9317182,6.3587545,12.283322,0.85421691,1.938481,6.1720406,11.964383,0.98403777,1.8180727,1.5295991,2.7809224,0.86027902,1.8539155,1.1377089,2.1092162,0.81222532,1.9829631,2.540629,5.0379737,0.8635813,1.9681938,3.3069874,6.508792,0.85421488,1.9198369,3.0613384,5.8772703,0.87156502,1.9046202,3.1681145,6.0340549
0b_baseline_best,file,13,baseline,2953,052.Pied_billed_Grebe/Pied_Billed_Grebe_0082_35356.jpg,52,51,052.Pied_billed_Grebe,50,49,gaussian_blur,gaussian_blur,0,"{""sigma"":1.618922}",0.040236648,3.2856126,3.2453759,0.96056211,0.037417665,0.030712131,0.14727363,0.92984998,-0.10985596,-1.0397059,0.43503477,28.050785,6.3587545,178.36805,False,0.78775781,False,True,False,0.43503477,28.050785,6.3587545,178.36805,0.42815754,28.563575,6.1720406,176.29555,0.66400381,17.724698,1.5295991,27.111682,0.40162967,41.861967,1.1377089,47.626734,0.3675383,38.154369,2.540629,96.936095,0.43586055,26.192244,3.3069874,86.61742,0.48241557,27.056461,3.0613384,82.828984,0.4726253,22.43522,3.1681145,71.077345
0b_baseline_best,file,13,baseline,2953,052.Pied_billed_Grebe/Pied_Billed_Grebe_0082_35356.jpg,52,51,052.Pied_billed_Grebe,50,49,random_erasing,random_erasing,0,"{""area_fraction"":0.185938,""erased"":true,""height"":0.524278,""left"":0.157153,""top"":0.154888,""width"":0.354656}",0.040236648,2.9666007,2.926364,0.96056211,0.051478006,0.030712131,0.083540723,0.92984998,-0.032062717,-0.9619127,0.45600028,21.546345,6.3587545,137.00792,False,0.82112634,False,True,False,0.45600028,21.546345,6.3587545,137.00792,0.44469603,21.729591,6.1720406,134.11592,0.68085311,18.306494,1.5295991,28.001597,0.56054904,24.851293,1.1377089,28.273539,0.3944062,20.642739,2.540629,52.445541,0.48969219,21.141076,3.3069874,69.913274,0.41428254,21.307869,3.0613384,65.230596,0.44063762,22.966859,3.1681145,72.761638
0b_baseline_best,file,13,baseline,6638,114.Black_throated_Sparrow/Black_Throated_Sparrow_0011_107115.jpg,114,113,114.Black_throated_Sparrow,85,84,identity,identity,0,{},0.010503016,0.010503016,0,0.98955196,0.98955196,0.004309617,0.004309617,0.98524234,0.98524234,0,1,1,1.56359,1.56359,False,1,True,True,True,1,1,1.56359,1.56359,1,1,1.5290918,1.5290918,1,1,0.32663724,0.32663724,1,1,0.30531273,0.30531273,1,1,0.69970148,0.69970148,1,1,0.79047248,0.79047248,1,1,0.72268773,0.72268773,1,1,0.77987148,0.77987148
0b_baseline_best,file,13,baseline,6638,114.Black_throated_Sparrow/Black_Throated_Sparrow_0011_107115.jpg,114,113,114.Black_throated_Sparrow,85,84,horizontal_flip,horizontal_flip,0,"{""flipped"":true}",0.010503016,0.0015513778,-0.0089516386,0.98955196,0.9984498,0.004309617,0.00030279867,0.98524234,0.998147,0.012904659,0.54601538,0.14097846,1.56359,0.22043251,False,0.96247756,True,True,True,0.54601538,0.14097846,1.56359,0.22043251,0.52678926,0.14040763,1.5290918,0.21469616,0.93469557,0.15295397,0.32663724,0.049960464,0.44457345,0.1396457,0.30531273,0.04263561,0.38433399,0.13335369,0.69970148,0.093307771,0.46470194,0.1337482,0.79047248,0.10572427,0.52209496,0.14358013,0.72268773,0.1037636,0.70383575,0.149678,0.77987148,0.11672961
0b_baseline_best,file,13,baseline,6638,114.Black_throated_Sparrow/Black_Throated_Sparrow_0011_107115.jpg,114,113,114.Black_throated_Sparrow,85,84,color_jitter,color_jitter,0,"{""brightness"":0.919932,""contrast"":1.098295,""hue"":0.071976,""saturation"":1.22421}",0.010503016,0.092214644,0.081711628,0.98955196,0.9119094,0.004309617,0.0088470802,0.98524234,0.90306232,-0.082180023,0.63624059,8.648359,1.56359,13.522488,False,0.89237666,True,True,True,0.63624059,8.648359,1.56359,13.522488,0.62941499,8.722235,1.5290918,13.337098,0.84563043,6.8316629,0.32663724,2.2314755,0.37899536,9.6837778,0.30531273,2.9565807,0.5308262,8.4554468,0.69970148,5.9162887,0.63191912,9.4465572,0.79047248,7.4672435,0.67742537,9.0364873,0.72268773,6.5305585,0.72282432,7.6642875,0.77987148,5.9771592
0b_baseline_best,file,13,baseline,6638,114.Black_throated_Sparrow/Black_Throated_Sparrow_0011_107115.jpg,114,113,114.Black_throated_Sparrow,85,84,rotation,rotation,0,"{""angle"":4.040347}",0.010503016,0.020130146,0.0096271299,0.98955196,0.98007113,0.004309617,0.0096215894,0.98524234,0.97044954,-0.014792806,0.82785133,2.1457275,1.56359,3.3550381,False,0.97815615,True,True,True,0.82785133,2.1457275,1.56359,3.3550381,0.82191794,2.1542621,1.5290918,3.2940646,0.97552415,1.949335,0.32663724,0.63672541,0.64591914,2.515718,0.30531273,0.76808074,0.83617129,2.2214944,0.69970148,1.5543829,0.82033144,2.2991356,0.79047248,1.8174034,0.80588417,2.0991308,0.72268773,1.5170161,0.87124511,1.9193351,0.77987148,1.4968347
0b_baseline_best,file,13,baseline,6638,114.Black_throated_Sparrow/Black_Throated_Sparrow_0011_107115.jpg,114,113,114.Black_throated_Sparrow,85,84,random_resized_crop,random_resized_crop,0,"{""area_fraction"":0.68525,""aspect"":0.931228,""fallback"":false,""height"":0.857821,""left"":0.007065,""top"":0.001079,""width"":0.798827}",0.010503016,0.062761821,0.052258804,0.98955196,0.93916714,0.004309617,0.027903361,0.98524234,0.91126378,-0.073978564,0.72611121,6.7139809,1.56359,10.497913,False,0.95395768,True,True,True,0.72611121,6.7139809,1.56359,10.497913,0.71805393,6.7599137,1.5290918,10.336529,0.95083829,5.6137903,0.32663724,1.833673,0.35106079,8.9863698,0.30531273,2.7436531,0.7111916,7.0008749,0.69970148,4.8985225,0.75650385,7.1019523,0.79047248,5.6138979,0.73416761,6.6453202,0.72268773,4.8024914,0.76367694,5.8397033,0.77987148,4.5542181
0b_baseline_best,file,13,baseline,6638,114.Black_throated_Sparrow/Black_Throated_Sparrow_0011_107115.jpg,114,113,114.Black_throated_Sparrow,85,84,gaussian_blur,gaussian_blur,0,"{""sigma"":1.363179}",0.010503016,0.048571203,0.038068186,0.98955196,0.95258951,0.004309617,0.014488731,0.98524234,0.93810078,-0.047141563,0.65146994,5.3750328,1.56359,8.4043477,False,0.92941701,True,True,True,0.65146994,5.3750328,1.56359,8.4043477,0.64218116,5.4157838,1.5290918,8.2812309,0.91667013,4.3879699,0.32663724,1.4332744,0.53796761,6.523313,0.30531273,1.9916505,0.52818126,5.6455694,0.69970148,3.9502132,0.67275395,6.2155436,0.79047248,4.9132161,0.66844257,5.0709188,0.72268773,3.6646908,0.74373393,4.3366788,0.77987148,3.3820521
0b_baseline_best,file,13,baseline,6638,114.Black_throated_Sparrow/Black_Throated_Sparrow_0011_107115.jpg,114,113,114.Black_throated_Sparrow,85,84,random_erasing,random_erasing,0,"{""area_fraction"":0.103919,""erased"":true,""height"":0.571897,""left"":0.605938,""top"":0.05689,""width"":0.18171}",0.010503016,0.031656854,0.021153837,0.98955196,0.96883899,0.004309617,0.014612203,0.98524234,0.95422679,-0.031015557,0.87606203,3.0913278,1.56359,4.8335694,False,0.98721033,True,True,True,0.87606203,3.0913278,1.56359,4.8335694,0.87136914,3.0975738,1.5290918,4.7364748,0.98499335,2.9511324,0.32663724,0.96394975,0.87001062,3.627251,0.30531273,1.1074459,0.87240571,2.953397,0.69970148,2.0664962,0.87263638,3.1641926,0.79047248,2.5012072,0.85347913,3.1567469,0.72268773,2.2813423,0.88918088,3.0008206,0.77987148,2.3402544
0b_baseline_best,file,13,baseline,8966,153.Philadelphia_Vireo/Philadelphia_Vireo_0015_794778.jpg,153,152,153.Philadelphia_Vireo,179,178,identity,identity,0,{},0.31884187,0.31884187,0,0.72699046,0.72699046,0.10396887,0.10396887,0.62302159,0.62302159,0,1,1,46.278191,46.278191,False,1,True,True,True,1,1,46.278191,46.278191,1,1,45.33693,45.33693,1,1,9.2862139,9.2862139,1,1,6.5907007,6.5907007,1,1,18.905106,18.905106,1,1,28.324781,28.324781,1,1,21.385119,21.385119,1,1,19.874112,19.874112
0b_baseline_best,file,13,baseline,8966,153.Philadelphia_Vireo/Philadelphia_Vireo_0015_794778.jpg,153,152,153.Philadelphia_Vireo,179,178,horizontal_flip,horizontal_flip,0,"{""flipped"":true}",0.31884187,0.31968045,0.00083857775,0.72699046,0.72638112,0.10396887,0.078562282,0.62302159,0.64781884,0.024797253,0.73264698,0.89023631,46.278191,41.198526,False,0.97778547,True,True,True,0.73264698,0.89023631,46.278191,41.198526,0.72207198,0.8879428,45.33693,40.256601,0.97120919,0.94325437,9.2862139,8.7592618,0.31887775,1.0036606,6.5907007,6.6148265,0.68640584,0.86766034,18.905106,16.403211,0.77528103,0.84227053,28.324781,23.857128,0.67421135,0.89646707,21.385119,19.171055,0.75957122,0.9692738,19.874112,19.263456
0b_baseline_best,file,13,baseline,8966,153.Philadelphia_Vireo/Philadelphia_Vireo_0015_794778.jpg,153,152,153.Philadelphia_Vireo,179,178,color_jitter,color_jitter,0,"{""brightness"":0.685656,""contrast"":1.094621,""hue"":0.022547,""saturation"":0.809781}",0.31884187,0.55426848,0.2354266,0.72699046,0.57449234,0.10396887,0.11029953,0.62302159,0.46419281,-0.15882878,0.76152235,1.9238898,46.278191,89.034143,False,0.98181427,True,True,True,0.76152235,1.9238898,46.278191,89.034143,0.75526794,1.9320948,45.33693,87.595247,0.93443138,1.7167518,9.2862139,15.942124,0.29703841,3.7807901,6.5907007,24.918056,0.74155044,2.3249414,18.905106,43.953264,0.80103362,1.8260952,28.324781,51.723745,0.77477521,1.7257984,21.385119,36.906405,0.84009046,1.6556414,19.874112,32.904403
0b_baseline_best,file,13,baseline,8966,153.Philadelphia_Vireo/Philadelphia_Vireo_0015_794778.jpg,153,152,153.Philadelphia_Vireo,179,178,rotation,rotation,0,"{""angle"":3.451549}",0.31884187,0.38308445,0.064242572,0.72699046,0.6817553,0.10396887,0.090445727,0.62302159,0.59130958,-0.031712011,0.88440291,1.2117024,46.278191,56.075396,False,0.98402798,True,True,True,0.88440291,1.2117024,46.278191,56.075396,0.88101449,1.2146403,45.33693,55.068065,0.97223748,1.1394347,9.2862139,10.581034,0.84820156,1.4627079,6.5907007,9.6402701,0.88415601,1.5209234,18.905106,28.753218,0.91393873,1.1642152,28.324781,32.97614,0.85582086,1.0701481,21.385119,22.885244,0.88188312,1.1269699,19.874112,22.397526
0b_baseline_best,file,13,baseline,8966,153.Philadelphia_Vireo/Philadelphia_Vireo_0015_794778.jpg,153,152,153.Philadelphia_Vireo,179,178,random_resized_crop,random_resized_crop,0,"{""area_fraction"":0.512688,""aspect"":0.990105,""fallback"":false,""height"":0.719591,""left"":0.059282,""top"":0.095269,""width"":0.712471}",0.31884187,0.94014025,0.62129837,0.72699046,0.39057305,0.10396887,0.19644412,0.62302159,0.19412893,-0.42889266,0.70798375,2.38449,46.278191,110.34989,False,0.91167569,True,True,True,0.70798375,2.38449,46.278191,110.34989,0.7021786,2.3978522,45.33693,108.71126,0.87953757,2.0402532,9.2862139,18.946227,0.61388936,3.1481453,6.5907007,20.748484,0.69375578,2.8522927,18.905106,53.922896,0.75446892,2.3756295,28.324781,67.289185,0.66390998,2.2165398,21.385119,47.400968,0.68068284,2.0778265,19.874112,41.294956
0b_baseline_best,file,13,baseline,8966,153.Philadelphia_Vireo/Philadelphia_Vireo_0015_794778.jpg,153,152,153.Philadelphia_Vireo,179,178,gaussian_blur,gaussian_blur,0,"{""sigma"":1.316071}",0.31884187,0.66197276,0.34313089,0.72699046,0.51583272,0.10396887,0.044170283,0.62302159,0.47166244,-0.15135915,0.72994926,1.7996956,46.278191,83.286655,False,0.93841356,True,True,True,0.72994926,1.7996956,46.278191,83.286655,0.72415432,1.8021984,45.33693,81.706143,0.87354488,1.7389728,9.2862139,16.148473,0.56278445,2.5934126,6.5907007,17.092406,0.74504222,2.3384954,18.905106,44.209504,0.77010023,1.6364541,28.324781,46.352202,0.67601862,1.6010843,21.385119,34.239379,0.74105609,1.6751774,19.874112,33.292663
0b_baseline_best,file,13,baseline,8966,153.Philadelphia_Vireo/Philadelphia_Vireo_0015_794778.jpg,153,152,153.Philadelphia_Vireo,179,178,random_erasing,random_erasing,0,"{""area_fraction"":0.199315,""erased"":true,""height"":0.674039,""left"":0.395359,""top"":0.318501,""width"":0.295703}",0.31884187,5.473403,5.1545611,0.72699046,0.0041969246,0.10396887,0.026425706,0.62302159,-0.022228782,-0.64525037,0.3305258,3.7448605,46.278191,173.30537,False,0.69382024,False,True,False,0.3305258,3.7448605,46.278191,173.30537,0.32156614,3.7713106,45.33693,170.97964,0.60212481,3.0471912,9.2862139,28.29687,0.29729412,4.2960125,6.5907007,28.313732,0.2444861,4.4769709,18.905106,84.63761,0.33001514,2.9722884,28.324781,84.189418,0.37532271,4.0298134,21.385119,86.17804,0.34735031,4.1352666,19.874112,82.184752
0b_baseline_best,file,13,baseline,5646,097.Orchard_Oriole/Orchard_Oriole_0006_91724.jpg,97,96,097.Orchard_Oriole,30,29,identity,identity,0,{},0.11846489,0.11846489,0,0.88828301,0.88828301,0.026182842,0.026182842,0.86210017,0.86210017,0,1,1,21.853611,21.853611,False,1,True,True,True,1,1,21.853611,21.853611,1,1,21.527273,21.527273,1,1,3.7625534,3.7625534,1,1,5.822768,5.822768,1,1,10.436085,10.436085,1,1,11.161942,11.161942,1,1,9.983628,9.983628,1,1,9.8155602,9.8155602
0b_baseline_best,file,13,baseline,5646,097.Orchard_Oriole/Orchard_Oriole_0006_91724.jpg,97,96,097.Orchard_Oriole,30,29,horizontal_flip,horizontal_flip,0,"{""flipped"":true}",0.11846489,0.017576763,-0.10088813,0.88828301,0.98257679,0.026182842,0.0018102659,0.86210017,0.98076652,0.11866635,0.64208735,0.14799473,21.853611,3.2342193,False,0.9470697,True,True,True,0.64208735,0.14799473,21.853611,3.2342193,0.63329498,0.14800067,21.527273,3.1860508,0.93029643,0.1478003,3.7625534,0.55610654,0.69942452,0.12843685,5.822768,0.747858,0.70359295,0.14663935,10.436085,1.5303408,0.61493768,0.14084884,11.161942,1.5721465,0.54080397,0.1551463,9.983628,1.548923,0.66048549,0.15713431,9.8155602,1.5423612
0b_baseline_best,file,13,baseline,5646,097.Orchard_Oriole/Orchard_Oriole_0006_91724.jpg,97,96,097.Orchard_Oriole,30,29,color_jitter,color_jitter,0,"{""brightness"":0.752195,""contrast"":1.275139,""hue"":0.001791,""saturation"":0.863526}",0.11846489,0.28750059,0.1690357,0.88828301,0.75013614,0.026182842,0.083769172,0.86210017,0.66636696,-0.19573321,0.81082349,2.1944577,21.853611,47.956823,False,0.97423816,True,True,True,0.81082349,2.1944577,21.853611,47.956823,0.80638442,2.1949701,21.527273,47.251721,0.95731935,2.1776172,3.7625534,8.1934011,0.82268723,2.0295639,5.822768,11.81768,0.74499353,2.1344655,10.436085,22.275464,0.82798687,2.2224972,11.161942,24.807384,0.79101933,2.2825943,9.983628,22.788572,0.85882561,2.1901531,9.8155602,21.49758
0b_baseline_best,file,13,baseline,5646,097.Orchard_Oriole/Orchard_Oriole_0006_91724.jpg,97,96,097.Orchard_Oriole,30,29,rotation,rotation,0,"{""angle"":-1.652569}",0.11846489,0.089147747,-0.029317148,0.88828301,0.9147104,0.026182842,0.015336116,0.86210017,0.89937429,0.037274114,0.82534687,0.74002234,21.853611,16.17216,False,0.97130108,True,True,True,0.82534687,0.74002234,21.853611,16.17216,0.8217221,0.74115563,21.527273,15.95506,0.95182436,0.70191464,3.7625534,2.6409913,0.81119484,0.83936799,5.822768,4.8874451,0.8398766,0.73943492,10.436085,7.716806,0.82108595,0.71529307,11.161942,7.9840595,0.77769699,0.73701948,9.983628,7.3581283,0.85463507,0.74337133,9.8155602,7.296606
0b_baseline_best,file,13,baseline,5646,097.Orchard_Oriole/Orchard_Oriole_0006_91724.jpg,97,96,097.Orchard_Oriole,30,29,random_resized_crop,random_resized_crop,0,"{""area_fraction"":0.850149,""aspect"":0.911927,""fallback"":false,""height"":0.965534,""left"":0.048761,""top"":0.002165,""width"":0.880497}",0.11846489,0.018630281,-0.099834614,0.88828301,0.98154217,0.026182842,0.00097129721,0.86210017,0.98057087,0.1184707,0.72755834,0.13808486,21.853611,3.0176528,False,0.95524079,True,True,True,0.72755834,0.13808486,21.853611,3.0176528,0.72135126,0.13769604,21.527273,2.9642204,0.91644475,0.15025824,3.7625534,0.56535467,0.71478547,0.11524159,5.822768,0.67102505,0.72664629,0.12384249,10.436085,1.2924308,0.74027992,0.13723166,11.161942,1.5317718,0.65893147,0.14338355,9.983628,1.431488,0.76826371,0.15351209,9.8155602,1.5068071
0b_baseline_best,file,13,baseline,5646,097.Orchard_Oriole/Orchard_Oriole_0006_91724.jpg,97,96,097.Orchard_Oriole,30,29,gaussian_blur,gaussian_blur,0,"{""sigma"":1.999554}",0.11846489,6.0577841,5.9393192,0.88828301,0.0023395799,0.026182842,0.014835235,0.86210017,-0.012495655,-0.87459583,0.25859457,4.1695666,21.853611,91.120085,False,0.63911831,False,True,False,0.25859457,4.1695666,21.853611,91.120085,0.24631024,4.1447064,21.527273,89.224228,0.60136878,4.9144097,3.7625534,18.490729,0.35316829,4.7532331,5.822768,27.676974,0.12708261,3.5308711,10.436085,36.848473,0.28987536,3.7082259,11.161942,41.391001,0.18343284,3.9861746,9.983628,39.796485,0.32446054,5.1347073,9.8155602,50.400028
0b_baseline_best,file,13,baseline,5646,097.Orchard_Oriole/Orchard_Oriole_0006_91724.jpg,97,96,097.Orchard_Oriole,30,29,random_erasing,random_erasing,0,"{""area_fraction"":0.083563,""erased"":true,""height"":0.168329,""left"":0.069177,""top"":0.461864,""width"":0.496424}",0.11846489,0.95599782,0.83753293,0.88828301,0.38442835,0.026182842,0.049179908,0.86210017,0.33524844,-0.52685173,0.5661137,4.1385394,21.853611,90.442029,False,0.91227108,True,True,True,0.5661137,4.1385394,21.853611,90.442029,0.55538903,4.1266851,21.527273,88.836278,0.8895453,4.5094162,3.7625534,16.966919,0.48227399,4.6528235,5.822768,27.092312,0.54430734,3.6567726,10.436085,38.162391,0.49554167,3.9288657,11.161942,43.85377,0.53823439,4.2192198,9.983628,42.123121,0.68354757,4.5607379,9.8155602,44.766197
0b_baseline_best,file,13,baseline,2734,048.European_Goldfinch/European_Goldfinch_0014_794672.jpg,48,47,048.European_Goldfinch,191,190,identity,identity,0,{},0.00062041107,0.00062041107,0,0.99937975,0.99937975,8.0693237e-05,8.0693237e-05,0.99929906,0.99929906,0,1,1,0.088635538,0.088635538,False,1,True,True,True,1,1,0.088635538,0.088635538,1,1,0.086718823,0.086718823,1,1,0.01833315,0.01833315,1,1,0.011728798,0.011728798,1,1,0.031528237,0.031528237,1,1,0.039152715,0.039152715,1,1,0.043396328,0.043396328,1,1,0.054519569,0.054519569
0b_baseline_best,file,13,baseline,2734,048.European_Goldfinch/European_Goldfinch_0014_794672.jpg,48,47,048.European_Goldfinch,191,190,horizontal_flip,horizontal_flip,0,"{""flipped"":true}",0.00062041107,0.0006650858,4.4674729e-05,0.99937975,0.99933511,8.0693237e-05,0.00019501816,0.99929906,0.99914009,-0.0001589688,0.57386609,0.98851109,0.088635538,0.087617212,False,0.97394359,True,True,True,0.57386609,0.98851109,0.088635538,0.087617212,0.55449013,0.98241735,0.086718823,0.085194076,0.95989119,1.1161894,0.01833315,0.020463268,0.27757709,0.93961312,0.011728798,0.011020532,0.38481162,0.87855525,0.031528237,0.027699298,0.4563575,0.92854429,0.039152715,0.03635503,0.50287026,1.0294687,0.043396328,0.04467516,0.69728174,1.0132659,0.054519569,0.05524282
0b_baseline_best,file,13,baseline,2734,048.European_Goldfinch/European_Goldfinch_0014_794672.jpg,48,47,048.European_Goldfinch,191,190,color_jitter,color_jitter,0,"{""brightness"":0.995157,""contrast"":0.852607,""hue"":-0.047259,""saturation"":0.763313}",0.00062041107,0.0013183006,0.00069788954,0.99937975,0.99868256,8.0693237e-05,0.00031455088,0.99929906,0.99836801,-0.00093105318,0.79210876,2.1064708,0.088635538,0.18670817,False,0.97294509,True,True,True,0.79210876,2.1064708,0.088635538,0.18670817,0.78412217,2.0980065,0.086718823,0.18193666,0.95881915,2.2876791,0.01833315,0.041940364,0.54974928,2.4847775,0.011728798,0.029143452,0.63034552,2.3289928,0.031528237,0.073429036,0.75613897,2.2059014,0.039152715,0.086367031,0.79444154,2.0501698,0.043396328,0.088969843,0.87286942,1.9656715,0.054519569,0.10716756
0b_baseline_best,file,13,baseline,2734,048.European_Goldfinch/European_Goldfinch_0014_794672.jpg,48,47,048.European_Goldfinch,191,190,rotation,rotation,0,"{""angle"":-3.084932}",0.00062041107,0.00066484755,4.4436485e-05,0.99937975,0.99933535,8.0693237e-05,0.00013118288,0.99929906,0.99920417,-9.4895106e-05,0.83196633,1.0947333,0.088635538,0.097032274,False,0.98778701,True,True,True,0.83196633,1.0947333,0.088635538,0.097032274,0.82512611,1.0945694,0.086718823,0.09491977,0.98448456,1.0983938,0.01833315,0.020137019,0.58747793,1.3331722,0.011728798,0.015636507,0.75644902,1.1874758,0.031528237,0.037439016,0.7705884,1.205344,0.039152715,0.04719249,0.82797999,1.0610264,0.043396328,0.046044649,0.90605071,1.0073673,0.054519569,0.054921231
0b_baseline_best,file,13,baseline,2734,048.European_Goldfinch/European_Goldfinch_0014_794672.jpg,48,47,048.European_Goldfinch,191,190,random_resized_crop,random_resized_crop,0,"{""area_fraction"":0.761399,""aspect"":1.031298,""fallback"":false,""height"":0.859239,""left"":0.001067,""top"":0.070402,""width"":0.886131}",0.00062041107,0.00049900479,-0.00012140628,0.99937975,0.99950111,8.0693237e-05,4.4313059e-05,0.99929906,0.9994568,0.00015773523,0.73938819,0.77428825,0.088635538,0.068629456,False,0.96620858,True,True,True,0.73938819,0.77428825,0.088635538,0.068629456,0.72877469,0.77087731,0.086718823,0.066849573,0.95864043,0.84702204,0.01833315,0.015528582,0.54765491,0.70481747,0.011728798,0.0082666613,0.6920276,0.76886776,0.031528237,0.024241044,0.67217752,0.74873495,0.039152715,0.029315006,0.67800843,0.74776856,0.043396328,0.03245041,0.80634787,0.79961625,0.054519569,0.043594733
0b_baseline_best,file,13,baseline,2734,048.European_Goldfinch/European_Goldfinch_0014_794672.jpg,48,47,048.European_Goldfinch,191,190,gaussian_blur,gaussian_blur,0,"{""sigma"":1.407859}",0.00062041107,0.027227543,0.026607132,0.99937975,0.97313976,8.0693237e-05,0.001614713,0.99929906,0.97152505,-0.027774011,0.30547899,66.216135,0.088635538,5.8691028,False,0.88383698,True,True,True,0.30547899,66.216135,0.088635538,5.8691028,0.29221964,67.199454,0.086718823,5.8274575,0.87847303,38.069286,0.01833315,0.69792994,0.24330613,124.17633,0.011728798,1.456439,0.23593416,77.69009,0.031528237,2.4494315,0.1531615,87.94695,0.039152715,3.4433619,0.28304223,71.545845,0.043396328,3.104827,0.58548631,38.218574,0.054519569,2.0836602
0b_baseline_best,file,13,baseline,2734,048.European_Goldfinch/European_Goldfinch_0014_794672.jpg,48,47,048.European_Goldfinch,191,190,random_erasing,random_erasing,0,"{""area_fraction"":0.175577,""erased"":true,""height"":0.381219,""left"":0.319149,""top"":0.242969,""width"":0.460566}",0.00062041107,1.9794612,1.9788408,0.99937975,0.13814366,8.0693237e-05,0.00042728591,0.99929906,0.13771637,-0.86158269,0.3460116,1387.2101,0.088635538,122.95612,False,0.70369482,False,True,False,0.3460116,1387.2101,0.088635538,122.95612,0.33242398,1392.9381,0.086718823,120.79395,0.68608012,1252.2163,0.01833315,22.95707,0.45741711,1916.9675,0.011728798,22.483723,0.42657356,1845.3198,0.031528237,58.179679,0.27652505,1586.9649,0.039152715,62.133984,0.2563643,1361.2936,0.043396328,59.075142,0.3958433,1061.6669,0.054519569,57.88162
0b_baseline_best,file,13,baseline,3949,068.Ruby_throated_Hummingbird/Ruby_Throated_Hummingbird_0055_57781.jpg,68,67,068.Ruby_throated_Hummingbird,69,68,identity,identity,0,{},0.093701534,0.093701534,0,0.91055447,0.91055447,0.037722223,0.037722223,0.87283225,0.87283225,0,1,1,12.765115,12.765115,False,1,True,True,True,1,1,12.765115,12.765115,1,1,12.435853,12.435853,1,1,2.8805789,2.8805789,1,1,2.4643234,2.4643234,1,1,4.923262,4.923262,1,1,6.7011349,6.7011349,1,1,6.028547,6.028547,1,1,6.5643317,6.5643317
0b_baseline_best,file,13,baseline,3949,068.Ruby_throated_Hummingbird/Ruby_Throated_Hummingbird_0055_57781.jpg,68,67,068.Ruby_throated_Hummingbird,69,68,horizontal_flip,horizontal_flip,0,"{""flipped"":true}",0.093701534,0.034897,-0.058804534,0.91055447,0.96570486,0.037722223,0.019563656,0.87283225,0.9461412,0.073308956,0.66336285,0.39131124,12.765115,4.9951332,False,0.9518137,True,True,True,0.66336285,0.39131124,12.765115,4.9951332,0.64784093,0.39034093,12.435853,4.8542224,0.94015742,0.4089746,2.8805789,1.1780836,0.52811531,0.49476115,2.4643234,1.2192515,0.56412418,0.43935737,4.923262,2.1630715,0.70762997,0.37948396,6.7011349,2.5429732,0.61115996,0.36377961,6.028547,2.1930625,0.70034509,0.37691947,6.5643317,2.4742244
0b_baseline_best,file,13,baseline,3949,068.Ruby_throated_Hummingbird/Ruby_Throated_Hummingbird_0055_57781.jpg,68,67,068.Ruby_throated_Hummingbird,69,68,color_jitter,color_jitter,0,"{""brightness"":1.063103,""contrast"":0.739581,""hue"":0.072666,""saturation"":0.966558}",0.093701534,0.18722644,0.093524911,0.91055447,0.82925594,0.037722223,0.047962159,0.87283225,0.78129378,-0.091538467,0.78221186,1.9489747,12.765115,24.878887,False,0.94091332,True,True,True,0.78221186,1.9489747,12.765115,24.878887,0.77458097,1.9491258,12.435853,24.239042,0.92465194,1.9461549,2.8805789,5.6060528,0.5097675,1.6191583,2.4643234,3.9901298,0.70571004,2.0191919,4.923262,9.9410106,0.81142341,1.8961148,6.7011349,12.706121,0.79383118,1.9848792,6.028547,11.965937,0.79389697,1.9754552,6.5643317,12.967543
0b_baseline_best,file,13,baseline,3949,068.Ruby_throated_Hummingbird/Ruby_Throated_Hummingbird_0055_57781.jpg,68,67,068.Ruby_throated_Hummingbird,69,68,rotation,rotation,0,"{""angle"":-6.756088}",0.093701534,0.030988378,-0.062713156,0.91055447,0.96948683,0.037722223,0.018059747,0.87283225,0.95142709,0.078594839,0.82484836,0.34306657,12.765115,4.3792844,False,0.97696054,True,True,True,0.82484836,0.34306657,12.765115,4.3792844,0.8166644,0.34079226,12.435853,4.2380425,0.96587811,0.3829908,2.8805789,1.1032352,0.76834388,0.29680276,2.4643234,0.73141798,0.78452637,0.33426935,4.923262,1.6456956,0.83501179,0.3237415,6.7011349,2.1694355,0.79671508,0.35495327,6.028547,2.1398525,0.84204445,0.35505964,6.5643317,2.3307293
0b_baseline_best,file,13,baseline,3949,068.Ruby_throated_Hummingbird/Ruby_Throated_Hummingbird_0055_57781.jpg,68,67,068.Ruby_throated_Hummingbird,69,68,random_resized_crop,random_resized_crop,0,"{""area_fraction"":0.503449,""aspect"":0.90861,""fallback"":false,""height"":0.74437,""left"":0.103326,""top"":0.056495,""width"":0.676342}",0.093701534,0.1575067,0.06380517,0.91055447,0.85427105,0.037722223,0.0251089,0.87283225,0.82916215,-0.043670092,0.67601599,1.7554353,12.765115,22.408334,False,0.95349753,True,True,True,0.67601599,1.7554353,12.765115,22.408334,0.66524903,1.7672089,12.435853,21.97675,0.91680421,1.5193968,2.8805789,4.3767423,0.24387515,1.940023,2.4643234,4.780844,0.58731105,1.9436965,4.923262,9.5693271,0.71227898,1.6434323,6.7011349,11.012861,0.671041,1.8111297,6.028547,10.918481,0.7341544,1.7238676,6.5643317,11.316039
0b_baseline_best,file,13,baseline,3949,068.Ruby_throated_Hummingbird/Ruby_Throated_Hummingbird_0055_57781.jpg,68,67,068.Ruby_throated_Hummingbird,69,68,gaussian_blur,gaussian_blur,0,"{""sigma"":1.032735}",0.093701534,0.28128365,0.18758211,0.91055447,0.75481421,0.037722223,0.061124761,0.87283225,0.69368945,-0.1791428,0.78486349,3.0765956,12.765115,39.273098,False,0.96539491,True,True,True,0.78486349,3.0765956,12.765115,39.273098,0.77825727,3.0992806,12.435853,38.542198,0.9413291,2.6180722,2.8805789,7.5415635,0.56896293,3.1208665,2.4643234,7.6908245,0.65212557,3.2411457,4.923262,15.95701,0.80334287,3.0755516,6.7011349,20.609686,0.78769624,3.1809954,6.028547,19.176781,0.8526561,2.9665657,6.5643317,19.473521
0b_baseline_best,file,13,baseline,3949,068.Ruby_throated_Hummingbird/Ruby_Throated_Hummingbird_0055_57781.jpg,68,67,068.Ruby_throated_Hummingbird,69,68,random_erasing,random_erasing,0,"{""area_fraction"":0.177466,""erased"":true,""height"":0.504292,""left"":0.369822,""top"":0.464309,""width"":0.351912}",0.093701534,0.15423903,0.060537495,0.91055447,0.85706711,0.037722223,0.010836182,0.87283225,0.84623093,-0.02660132,0.76298601,1.7750488,12.765115,22.658703,False,0.95929801,True,True,True,0.76298601,1.7750488,12.765115,22.658703,0.75775199,1.7911342,12.435853,22.274281,0.90124872,1.4428031,2.8805789,4.1561082,0.57795565,1.992852,2.4643234,4.9110317,0.73622332,1.927451,4.923262,9.4893465,0.77540691,1.7055082,6.7011349,11.428841,0.7429241,1.8323617,6.028547,11.046479,0.79899202,1.7324742,6.5643317,11.372536
0b_baseline_best,file,13,baseline,8324,142.Black_Tern/Black_Tern_0082_144372.jpg,142,141,142.Black_Tern,30,29,identity,identity,0,{},1.8229656,1.8229656,0,0.16154596,0.16154596,0.34867355,0.34867355,-0.18712759,-0.18712759,0,1,1,145.68167,145.68167,False,1,True,False,False,1,1,145.68167,145.68167,1,1,143.47811,143.47811,1,1,25.242422,25.242422,1,1,52.336776,52.336776,1,1,69.494249,69.494249,1,1,70.83269,70.83269,1,1,63.697121,63.697121,1,1,62.791605,62.791605
0b_baseline_best,file,13,baseline,8324,142.Black_Tern/Black_Tern_0082_144372.jpg,142,141,142.Black_Tern,30,29,horizontal_flip,horizontal_flip,0,"{""flipped"":true}",1.8229656,2.0685031,0.24553752,0.16154596,0.1263748,0.34867355,0.037866123,-0.18712759,0.088508673,0.27563626,0.55351251,1.1417389,145.68167,166.33042,False,0.9309966,False,False,False,0.55351251,1.1417389,145.68167,166.33042,0.54623042,1.1443811,143.47811,164.19364,0.81111718,1.0528127,25.242422,26.575541,0.77928945,1.1598095,52.336776,60.700692,0.67568093,1.2738987,69.494249,88.528632,0.36335856,1.0539639,70.83269,74.655097,0.4394376,1.1518078,63.697121,73.366841,0.53775755,1.0661395,62.791605,66.944613
0b_baseline_best,file,13,baseline,8324,142.Black_Tern/Black_Tern_0082_144372.jpg,142,141,142.Black_Tern,30,29,color_jitter,color_jitter,0,"{""brightness"":0.747842,""contrast"":1.047949,""hue"":-0.089632,""saturation"":0.978746}",1.8229656,3.4357829,1.6128173,0.16154596,0.032200187,0.34867355,0.051307321,-0.18712759,-0.019107133,0.16802046,0.58468728,0.85461983,145.68167,124.50244,False,0.83650088,False,False,False,0.58468728,0.85461983,145.68167,124.50244,0.57801352,0.84669049,143.47811,121.48155,0.77045876,1.0799158,25.242422,27.259689,0.83310983,0.86365373,52.336776,45.200851,0.56238087,0.76394631,69.494249,53.089875,0.49329975,0.78366861,70.83269,55.509356,0.57572912,0.88055046,63.697121,56.088529,0.53439905,0.96464286,62.791605,60.571474
0b_baseline_best,file,13,baseline,8324,142.Black_Tern/Black_Tern_0082_144372.jpg,142,141,142.Black_Tern,30,29,rotation,rotation,0,"{""angle"":13.823643}",1.8229656,0.94014227,-0.88282335,0.16154596,0.39057228,0.34867355,0.037856754,-0.18712759,0.35271553,0.53984312,0.551473,0.72357327,145.68167,105.41136,False,0.92873335,False,False,True,0.551473,0.72357327,145.68167,105.41136,0.54234143,0.72287654,143.47811,103.71696,0.83771153,0.74573312,25.242422,18.82411,0.7783905,0.73852372,52.336776,38.65195,0.69144051,0.71479963,69.494249,49.674463,0.31115387,0.67353973,70.83269,47.708631,0.45731578,0.75880547,63.697121,48.333724,0.56224685,0.74416117,62.791605,46.727075
0b_baseline_best,file,13,baseline,8324,142.Black_Tern/Black_Tern_0082_144372.jpg,142,141,142.Black_Tern,30,29,random_resized_crop,random_resized_crop,0,"{""area_fraction"":0.712307,""aspect"":0.921615,""fallback"":false,""height"":0.879142,""left"":0.153929,""top"":0.079526,""width"":0.81023}",1.8229656,1.9997249,0.17675924,0.16154596,0.13537253,0.34867355,0.030814998,-0.18712759,0.10455754,0.29168513,0.52282894,1.1086505,145.68167,161.51005,False,0.91322517,False,False,False,0.52282894,1.1086505,145.68167,161.51005,0.51510975,1.1117689,143.47811,159.5145,0.80206267,1.0026959,25.242422,25.310472,0.59821559,0.80817568,52.336776,42.297309,0.58819278,1.2005942,69.494249,83.434389,0.40579497,1.1016757,70.83269,78.034654,0.4691293,1.1646489,63.697121,74.18478,0.57853126,1.1375147,62.791605,71.426377
0b_baseline_best,file,13,baseline,8324,142.Black_Tern/Black_Tern_0082_144372.jpg,142,141,142.Black_Tern,30,29,gaussian_blur,gaussian_blur,0,"{""sigma"":1.379313}",1.8229656,2.8402462,1.0172806,0.16154596,0.058411285,0.34867355,0.0019790314,-0.18712759,0.056432254,0.24355984,0.59164575,1.4539776,145.68167,211.81787,False,0.7857669,False,False,False,0.59164575,1.4539776,145.68167,211.81787,0.59080999,1.4619236,143.47811,209.75403,0.63996778,1.1685382,25.242422,29.496734,0.81297634,1.4316138,52.336776,74.926049,0.71187451,1.5928928,69.494249,110.69689,0.57142095,1.3772518,70.83269,97.554453,0.45025523,1.5014426,63.697121,95.637573,0.44692541,1.3760413,62.791605,86.403844
0b_baseline_best,file,13,baseline,8324,142.Black_Tern/Black_Tern_0082_144372.jpg,142,141,142.Black_Tern,30,29,random_erasing,random_erasing,0,"{""area_fraction"":0.115111,""erased"":true,""height"":0.393405,""left"":0.352204,""top"":0.095975,""width"":0.292601}",1.8229656,3.7742331,1.9512675,0.16154596,0.022954689,0.34867355,0.67639405,-0.18712759,-0.65343936,-0.46631177,0.79392128,1.173725,145.68167,170.99022,False,0.95614153,True,False,False,0.79392128,1.173725,145.68167,170.99022,0.78925792,1.1685902,143.47811,167.66712,0.93275255,1.3289875,25.242422,33.546863,0.84995551,1.0414606,52.336776,54.506687,0.80000345,1.0741965,69.494249,74.65048,0.80728762,1.2552035,70.83269,88.909441,0.74537084,1.1429955,63.697121,72.805523,0.77287999,1.2703731,62.791605,79.768768
0b_baseline_best,file,13,baseline,8209,140.Summer_Tanager/Summer_Tanager_0058_139427.jpg,140,139,140.Summer_Tanager,139,138,identity,identity,0,{},0.0014981724,0.0014981724,0,0.99850297,0.99850297,0.00070449157,0.00070449157,0.99779848,0.99779848,0,1,1,0.16386995,0.16386995,False,1,True,True,True,1,1,0.16386995,0.16386995,1,1,0.15737197,0.15737197,1,1,0.045688359,0.045688359,1,1,0.03089843,0.03089843,1,1,0.065837845,0.065837845,1,1,0.069098346,0.069098346,1,1,0.071364235,0.071364235,1,1,0.098026349,0.098026349
0b_baseline_best,file,13,baseline,8209,140.Summer_Tanager/Summer_Tanager_0058_139427.jpg,140,139,140.Summer_Tanager,139,138,horizontal_flip,horizontal_flip,0,"{""flipped"":true}",0.0014981724,0.0019079116,0.00040973921,0.99850297,0.9980939,0.00070449157,0.00071876636,0.99779848,0.99737514,-0.00042334147,0.73277756,1.4593697,0.16386995,0.23914684,False,0.98544705,True,True,True,0.73277756,1.4593697,0.16386995,0.23914684,0.71658268,1.4785913,0.15737197,0.23268882,0.98193892,1.2082026,0.045688359,0.055200793,0.73124692,1.4684868,0.03089843,0.045373937,0.70082136,1.5372402,0.065837845,0.10120858,0.65690671,1.5695402,0.069098346,0.10845263,0.6195511,1.5525731,0.071364235,0.11079819,0.81986907,1.3611775,0.098026349,0.13343126
0b_baseline_best,file,13,baseline,8209,140.Summer_Tanager/Summer_Tanager_0058_139427.jpg,140,139,140.Summer_Tanager,139,138,color_jitter,color_jitter,0,"{""brightness"":1.156802,""contrast"":0.997757,""hue"":-0.035248,""saturation"":1.130596}",0.0014981724,0.0035331938,0.0020350214,0.99850297,0.99647301,0.00070449157,0.0017473949,0.99779848,0.99472562,-0.0030728587,0.88750012,2.7103327,0.16386995,0.4441421,False,0.99113512,True,True,True,0.88750012,2.7103327,0.16386995,0.4441421,0.88125339,2.7432456,0.15737197,0.43170995,0.99047315,2.2839309,0.045688359,0.10434906,0.81474608,3.2552628,0.03089843,0.10058251,0.86433876,3.1070198,0.065837845,0.20455949,0.88017444,2.9443188,0.069098346,0.20344756,0.85806934,2.7704272,0.071364235,0.19770942,0.9320683,2.3690866,0.098026349,0.23223292
0b_baseline_best,file,13,baseline,8209,140.Summer_Tanager/Summer_Tanager_0058_139427.jpg,140,139,140.Summer_Tanager,139,138,rotation,rotation,0,"{""angle"":10.831409}",0.0014981724,0.0017269235,0.0002287511,0.99850297,0.99827456,0.00070449157,0.00089843717,0.99779848,0.99737613,-0.0004223506,0.81406507,1.3591219,0.16386995,0.22271925,False,0.98365927,True,True,True,0.81406507,1.3591219,0.16386995,0.22271925,0.80206491,1.3709937,0.15737197,0.21575597,0.98142503,1.2094107,0.045688359,0.055255992,0.76109168,1.8424556,0.03089843,0.056928984,0.8285546,1.6194857,0.065837845,0.10662345,0.76542886,1.3824498,0.069098346,0.095524995,0.74875414,1.3414408,0.071364235,0.095730897,0.86528776,1.1919312,0.098026349,0.11684066
0b_baseline_best,file,13,baseline,8209,140.Summer_Tanager/Summer_Tanager_0058_139427.jpg,140,139,140.Summer_Tanager,139,138,random_resized_crop,random_resized_crop,0,"{""area_fraction"":0.745387,""aspect"":1.278505,""fallback"":false,""height"":0.763554,""left"":0.005137,""top"":0.012431,""width"":0.976207}",0.0014981724,0.0015758965,7.7724108e-05,0.99850297,0.99842536,0.00070449157,0.00062709802,0.99779848,0.99779827,-2.1170126e-07,0.81401129,1.113642,0.16386995,0.18249247,False,0.97863239,True,True,True,0.81401129,1.113642,0.16386995,0.18249247,0.80114838,1.1180603,0.15737197,0.17595135,0.97608696,1.0598172,0.045688359,0.04842131,0.77992949,1.067714,0.03089843,0.032990686,0.80777596,1.1714737,0.065837845,0.077127302,0.76410863,1.1021029,0.069098346,0.076153491,0.73175212,1.1475469,0.071364235,0.081893808,0.85829085,1.0899653,0.098026349,0.10684532
0b_baseline_best,file,13,baseline,8209,140.Summer_Tanager/Summer_Tanager_0058_139427.jpg,140,139,140.Summer_Tanager,139,138,gaussian_blur,gaussian_blur,0,"{""sigma"":1.044195}",0.0014981724,0.0039664418,0.0024682694,0.99850297,0.99604142,0.00070449157,0.0012223083,0.99779848,0.99481911,-0.0029793693,0.83823263,2.8076528,0.16386995,0.46008993,False,0.98957813,True,True,True,0.83823263,2.8076528,0.16386995,0.46008993,0.82942297,2.843031,0.15737197,0.44741338,0.97921671,2.3475731,0.045688359,0.10725676,0.78271988,3.0417385,0.03089843,0.093984942,0.81936478,2.9653136,0.065837845,0.19522985,0.76904293,3.0791446,0.069098346,0.2127638,0.78371447,2.9048006,0.071364235,0.20729887,0.90816538,2.6006334,0.098026349,0.2549306
0b_baseline_best,file,13,baseline,8209,140.Summer_Tanager/Summer_Tanager_0058_139427.jpg,140,139,140.Summer_Tanager,139,138,random_erasing,random_erasing,0,"{""area_fraction"":0.071879,""erased"":true,""height"":0.248827,""left"":0.11625,""top"":0.659231,""width"":0.288872}",0.0014981724,0.0015611377,6.2965322e-05,0.99850297,0.99844009,0.00070449157,0.00075852853,0.99779848,0.99768156,-0.00011691987,0.9728521,1.0602624,0.16386995,0.17374515,False,0.99679339,True,True,True,0.9728521,1.0602624,0.16386995,0.17374515,0.97084152,1.0599756,0.15737197,0.16681045,0.99662909,1.0636585,0.045688359,0.04859681,0.97794354,1.0917752,0.03089843,0.033734139,0.97822835,1.0860666,0.065837845,0.071504283,0.96636737,1.0220437,0.069098346,0.070621528,0.95579822,1.0713818,0.071364235,0.07645834,0.97743749,1.0572837,0.098026349,0.10364166
0b_baseline_best,file,13,baseline,11708,199.Winter_Wren/Winter_Wren_0051_189990.jpg,199,198,199.Winter_Wren,11,10,identity,identity,0,{},4.3091688,4.3091688,0,0.013444717,0.013444717,0.24648754,0.24648754,-0.23304283,-0.23304283,0,1,1,133.52254,133.52254,False,1,True,False,False,1,1,133.52254,133.52254,1,1,130.68472,130.68472,1,1,27.381967,27.381967,1,1,30.248359,30.248359,1,1,52.36116,52.36116,1,1,73.008591,73.008591,1,1,63.167763,63.167763,1,1,64.042336,64.042336
0b_baseline_best,file,13,baseline,11708,199.Winter_Wren/Winter_Wren_0051_189990.jpg,199,198,199.Winter_Wren,11,10,horizontal_flip,horizontal_flip,0,"{""flipped"":true}",4.3091688,4.337369,0.02820015,0.013444717,0.013070873,0.24648754,0.21495761,-0.23304283,-0.20188674,0.031156089,0.62168657,1.0349469,133.52254,138.18874,False,0.94513917,True,False,False,0.62168657,1.0349469,133.52254,138.18874,0.6090557,1.0388438,130.68472,135.76101,0.94190838,0.94182552,27.381967,25.789036,0.59385585,1.0068536,30.248359,30.455668,0.50524004,1.2434634,52.36116,65.109185,0.62814174,1.0293233,73.008591,75.149443,0.5839102,0.9622974,63.167763,60.786174,0.71007542,0.97787011,64.042336,62.625086
0b_baseline_best,file,13,baseline,11708,199.Winter_Wren/Winter_Wren_0051_189990.jpg,199,198,199.Winter_Wren,11,10,color_jitter,color_jitter,0,"{""brightness"":0.954295,""contrast"":0.876032,""hue"":-0.037438,""saturation"":1.060713}",4.3091688,4.1296353,-0.17953348,0.013444717,0.016088743,0.24648754,0.21745028,-0.23304283,-0.20136153,0.031681293,0.82106768,1.0276514,133.52254,137.21462,False,0.95234907,True,False,False,0.82106768,1.0276514,133.52254,137.21462,0.81585701,1.0303314,130.68472,134.64857,0.94956149,0.96459087,27.381967,26.412395,0.77093692,0.94110887,30.248359,28.466999,0.76215186,1.1009908,52.36116,57.649153,0.84256766,1.025303,73.008591,74.855928,0.81003818,1.0111483,63.167763,63.871978,0.8366052,1.0255171,64.042336,65.676509
0b_baseline_best,file,13,baseline,11708,199.Winter_Wren/Winter_Wren_0051_189990.jpg,199,198,199.Winter_Wren,11,10,rotation,rotation,0,"{""angle"":-13.473958}",4.3091688,3.3966217,-0.91254711,0.013444717,0.033486199,0.24648754,0.10371643,-0.23304283,-0.070230234,0.16281259,0.71539998,1.2345671,133.52254,164.84253,False,0.94095665,False,False,False,0.71539998,1.2345671,133.52254,164.84253,0.70861721,1.2439317,130.68472,162.56287,0.92489254,0.9977321,27.381967,27.319868,0.72594081,1.4471251,30.248359,43.773158,0.68991077,1.4258122,52.36116,74.657178,0.75480124,1.2755767,73.008591,93.12806,0.66407168,1.2004412,63.167763,75.829188,0.71655595,1.0490922,64.042336,67.186314
0b_baseline_best,file,13,baseline,11708,199.Winter_Wren/Winter_Wren_0051_189990.jpg,199,198,199.Winter_Wren,11,10,random_resized_crop,random_resized_crop,0,"{""area_fraction"":0.870972,""aspect"":0.871993,""fallback"":false,""height"":0.999414,""left"":0.02819,""top"":0.000371,""width"":0.871483}",4.3091688,4.2435751,-0.065593719,0.013444717,0.014356179,0.24648754,0.44538778,-0.23304283,-0.4310316,-0.19798878,0.75518613,1.1439538,133.52254,152.74361,False,0.96888626,True,False,False,0.75518613,1.1439538,133.52254,152.74361,0.74809945,1.1499289,130.68472,150.27814,0.94843496,0.99821219,27.381967,27.333013,0.6477572,1.1200762,30.248359,33.880466,0.7235402,1.2563581,52.36116,65.784367,0.76498401,1.1974003,73.008591,87.420506,0.72703776,1.1303935,63.167763,71.404428,0.79725203,1.0318819,64.042336,66.08413
0b_baseline_best,file,13,baseline,11708,199.Winter_Wren/Winter_Wren_0051_189990.jpg,199,198,199.Winter_Wren,11,10,gaussian_blur,gaussian_blur,0,"{""sigma"":1.902126}",4.3091688,6.9070368,2.597868,0.013444717,0.0010007188,0.24648754,0.025694318,-0.23304283,-0.024693599,0.20834923,0.35641789,0.73661852,133.52254,98.355174,False,0.73739862,False,False,False,0.35641789,0.73661852,133.52254,98.355174,0.34089339,0.73617162,130.68472,96.206382,0.70507527,0.74672566,27.381967,20.446818,0.18994701,0.59789349,30.248359,18.085297,0.21010339,0.75665366,52.36116,39.619263,0.32965563,0.68860511,73.008591,50.274088,0.37687535,0.75055918,63.167763,47.411145,0.432386,0.79368056,64.042336,50.829158
0b_baseline_best,file,13,baseline,11708,199.Winter_Wren/Winter_Wren_0051_189990.jpg,199,198,199.Winter_Wren,11,10,random_erasing,random_erasing,0,"{""area_fraction"":0.149216,""erased"":true,""height"":0.304911,""left"":0.156512,""top"":0.216249,""width"":0.489375}",4.3091688,5.5872979,1.2781291,0.013444717,0.003745134,0.24648754,0.0024125201,-0.23304283,0.0013326139,0.23437544,0.60437712,0.78717589,133.52254,105.10572,False,0.86816955,False,False,False,0.60437712,0.78717589,133.52254,105.10572,0.59279913,0.77997997,130.68472,101.93146,0.83368339,0.93622598,27.381967,25.635709,0.6599426,0.52405959,30.248359,15.851942,0.56848403,0.70527515,52.36116,36.929025,0.60706315,0.7236055,73.008591,52.829418,0.55238259,0.82253524,63.167763,51.957712,0.63388608,0.89487665,64.042336,57.309992
0b_baseline_best,file,13,baseline,515,010.Red_winged_Blackbird/Red_Winged_Blackbird_0046_4242.jpg,10,9,010.Red_winged_Blackbird,109,108,identity,identity,0,{},0.040035781,0.040035781,0,0.96075505,0.96075505,0.0042371741,0.0042371741,0.95651788,0.95651788,0,1,1,4.5711158,4.5711158,False,1,True,True,True,1,1,4.5711158,4.5711158,1,1,4.4812245,4.4812245,1,1,0.90206785,0.90206785,1,1,1.4678216,1.4678216,1,1,1.8167039,1.8167039,1,1,2.0031287,2.0031287,1,1,2.126076,2.126076,1,1,2.4685494,2.4685494
0b_baseline_best,file,13,baseline,515,010.Red_winged_Blackbird/Red_Winged_Blackbird_0046_4242.jpg,10,9,010.Red_winged_Blackbird,109,108,horizontal_flip,horizontal_flip,0,"{""flipped"":true}",0.040035781,0.018594475,-0.021441305,0.96075505,0.98157734,0.0042371741,0.0012866673,0.95651788,0.98029067,0.023772793,0.54378337,0.47831217,4.5711158,2.1864203,False,0.97381985,True,True,True,0.54378337,0.47831217,4.5711158,2.1864203,0.52565627,0.47734722,4.4812245,2.1391001,0.97019005,0.50153754,0.90206785,0.4524209,0.14912736,0.31776705,1.4678216,0.46642533,0.48394182,0.50152176,1.8167039,0.91111654,0.49737578,0.53649476,2.0031287,1.0746681,0.49601314,0.48451052,2.126076,1.0301062,0.69978235,0.46401344,2.4685494,1.1454401
0b_baseline_best,file,13,baseline,515,010.Red_winged_Blackbird/Red_Winged_Blackbird_0046_4242.jpg,10,9,010.Red_winged_Blackbird,109,108,color_jitter,color_jitter,0,"{""brightness"":0.697069,""contrast"":0.759818,""hue"":0.043924,""saturation"":0.785219}",0.040035781,2.1363442,2.0963084,0.96075505,0.11808576,0.0042371741,0.026246618,0.95651788,0.091839138,-0.86467874,0.70261927,27.87596,4.5711158,127.42424,False,0.85599244,False,True,False,0.70261927,27.87596,4.5711158,127.42424,0.69854769,28.075279,4.4812245,125.81163,0.84595284,22.402077,0.90206785,20.208194,0.82081912,35.073963,1.4678216,51.48232,0.68014646,32.253843,1.8167039,58.595683,0.70644108,30.49138,2.0031287,61.078159,0.69174003,27.388502,2.126076,58.230038,0.69074388,20.748696,2.4685494,51.21918
0b_baseline_best,file,13,baseline,515,010.Red_winged_Blackbird/Red_Winged_Blackbird_0046_4242.jpg,10,9,010.Red_winged_Blackbird,109,108,rotation,rotation,0,"{""angle"":9.513422}",0.040035781,0.012706157,-0.027329624,0.96075505,0.98737425,0.0042371741,0.00057514285,0.95651788,0.9867991,0.030281227,0.59353198,0.29616972,4.5711158,1.3538261,False,0.94602132,True,True,True,0.59353198,0.29616972,4.5711158,1.3538261,0.57711777,0.29353058,4.4812245,1.3153765,0.93863216,0.35513844,0.90206785,0.32035897,0.58470767,0.18849388,1.4678216,0.27667538,0.40884631,0.2441054,1.8167039,0.44346724,0.50436049,0.29140415,2.0031287,0.58372002,0.54249766,0.29876997,2.126076,0.63520767,0.72577777,0.34200892,2.4685494,0.84426591
0b_baseline_best,file,13,baseline,515,010.Red_winged_Blackbird/Red_Winged_Blackbird_0046_4242.jpg,10,9,010.Red_winged_Blackbird,109,108,random_resized_crop,random_resized_crop,0,"{""area_fraction"":0.848832,""aspect"":0.882818,""fallback"":false,""height"":0.980563,""left"":0.089876,""top"":0.010859,""width"":0.865658}",0.040035781,0.072491691,0.03245591,0.96075505,0.9300735,0.0042371741,0.0068685184,0.95651788,0.92320498,-0.033312895,0.80190374,1.7731336,4.5711158,8.1051991,False,0.98375201,True,True,True,0.80190374,1.7731336,4.5711158,8.1051991,0.79490889,1.7758165,4.4812245,7.9578325,0.98226087,1.7055879,0.90206785,1.538556,0.93645121,1.9109329,1.4678216,2.8049085,0.78966861,1.8700835,1.8167039,3.3973881,0.72160962,1.7295559,2.0031287,3.464523,0.74612109,1.7702734,2.126076,3.7637358,0.83073014,1.7066388,2.4685494,4.2129222
0b_baseline_best,file,13,baseline,515,010.Red_winged_Blackbird/Red_Winged_Blackbird_0046_4242.jpg,10,9,010.Red_winged_Blackbird,109,108,gaussian_blur,gaussian_blur,0,"{""sigma"":1.475936}",0.040035781,0.28657132,0.24653554,0.96075505,0.75083351,0.0042371741,0.0073059397,0.95651788,0.74352757,-0.2129903,0.59958254,8.0154262,4.5711158,36.639441,False,0.91528666,True,True,True,0.59958254,8.0154262,4.5711158,36.639441,0.5913554,8.0897647,4.4812245,36.252052,0.90793119,5.8907833,0.90206785,5.3138862,0.80683094,7.2766855,1.4678216,10.680876,0.57156329,9.3125707,1.8167039,16.918184,0.48115141,9.2366688,2.0031287,18.502237,0.53272217,8.2008475,2.126076,17.435625,0.70013364,6.6264062,2.4685494,16.357611
0b_baseline_best,file,13,baseline,515,010.Red_winged_Blackbird/Red_Winged_Blackbird_0046_4242.jpg,10,9,010.Red_winged_Blackbird,109,108,random_erasing,random_erasing,0,"{""area_fraction"":0.184621,""erased"":true,""height"":0.27494,""left"":0.022839,""top"":0.346072,""width"":0.671495}",0.040035781,0.29393059,0.25389481,0.96075505,0.74532825,0.0042371741,0.033011548,0.95651788,0.7123167,-0.24420118,0.62142,6.4856182,4.5711158,29.646512,False,0.90195012,True,True,True,0.62142,6.4856182,4.5711158,29.646512,0.6100508,6.4840016,4.4812245,29.056267,0.90022514,6.5253853,0.90206785,5.8863403,0.71909183,5.1128884,1.4678216,7.504808,0.55560443,7.1023341,1.8167039,12.902838,0.46847032,6.5051589,2.0031287,13.030671,0.60283517,6.7479354,2.126076,14.346624,0.72012887,6.3515842,2.4685494,15.679199
0b_baseline_best,file,13,baseline,3542,061.Heermann_Gull/Heermann_Gull_0079_45468.jpg,61,60,061.Heermann_Gull,102,101,identity,identity,0,{},0.044186231,0.044186231,0,0.95677578,0.95677578,0.0047734608,0.0047734608,0.95200232,0.95200232,0,1,1,6.652171,6.652171,False,1,True,True,True,1,1,6.652171,6.652171,1,1,6.5278604,6.5278604,1,1,1.2800067,1.2800067,1,1,1.5090358,1.5090358,1,1,2.749109,2.749109,1,1,3.4044125,3.4044125,1,1,3.2338767,3.2338767,1,1,3.2756969,3.2756969
0b_baseline_best,file,13,baseline,3542,061.Heermann_Gull/Heermann_Gull_0079_45468.jpg,61,60,061.Heermann_Gull,102,101,horizontal_flip,horizontal_flip,0,"{""flipped"":true}",0.044186231,0.031131793,-0.013054438,0.95677578,0.96934783,0.0047734608,0.0046301438,0.95200232,0.96471769,0.012715367,0.6432539,0.69185159,6.652171,4.6023151,False,0.96777588,True,True,True,0.6432539,0.69185159,6.652171,4.6023151,0.62963578,0.68867527,6.5278604,4.495576,0.96392015,0.7698741,1.2800067,0.98544403,0.54755603,0.88224435,1.5090358,1.3313383,0.24830263,0.61330459,2.749109,1.6860412,0.70627858,0.68555185,3.4044125,2.3339013,0.69134983,0.68308477,3.2338767,2.2090119,0.75494293,0.70069102,3.2756969,2.2952514
0b_baseline_best,file,13,baseline,3542,061.Heermann_Gull/Heermann_Gull_0079_45468.jpg,61,60,061.Heermann_Gull,102,101,color_jitter,color_jitter,0,"{""brightness"":0.901015,""contrast"":1.008505,""hue"":0.021131,""saturation"":0.764685}",0.044186231,0.045499645,0.0013134144,0.95677578,0.95551991,0.0047734608,0.0058789016,0.95200232,0.94964101,-0.0023613106,0.93482055,1.0780719,6.652171,7.1715184,False,0.99289608,True,True,True,0.93482055,1.0780719,6.652171,7.1715184,0.93272433,1.0785852,6.5278604,7.0408536,0.99013108,1.0646342,1.2800067,1.3627389,0.92564363,1.1802853,1.5090358,1.7810927,0.92003689,1.1334324,2.749109,3.1159291,0.93644102,1.1135139,3.4044125,3.7908606,0.93269023,1.0361258,3.2338767,3.3507031,0.94483039,1.0168333,3.2756969,3.3308375
0b_baseline_best,file,13,baseline,3542,061.Heermann_Gull/Heermann_Gull_0079_45468.jpg,61,60,061.Heermann_Gull,102,101,rotation,rotation,0,"{""angle"":-4.230178}",0.044186231,0.044745181,0.00055895001,0.95677578,0.95624113,0.0047734608,0.0046551274,0.95200232,0.951586,-0.00041632028,0.845744,1.1333898,6.652171,7.5395031,False,0.97413063,True,True,True,0.845744,1.1333898,6.652171,7.5395031,0.84097812,1.1329992,6.5278604,7.3960606,0.9685941,1.1435034,1.2800067,1.4636921,0.87092599,1.2209457,1.5090358,1.8424507,0.83828634,1.1017029,2.749109,3.0287014,0.85076887,1.1757105,3.4044125,4.0026036,0.82059918,1.1380535,3.2338767,3.6803245,0.84750143,1.082273,3.2756969,3.5451983
0b_baseline_best,file,13,baseline,3542,061.Heermann_Gull/Heermann_Gull_0079_45468.jpg,61,60,061.Heermann_Gull,102,101,random_resized_crop,random_resized_crop,0,"{""area_fraction"":0.815719,""aspect"":1.156602,""fallback"":false,""height"":0.839805,""left"":0.00972,""top"":0.061139,""width"":0.97132}",0.044186231,0.034900337,-0.0092858933,0.95677578,0.96570164,0.0047734608,0.0028133944,0.95200232,0.96288825,0.010885922,0.77646158,0.77658605,6.652171,5.1659832,False,0.97098905,True,True,True,0.77646158,0.77658605,6.652171,5.1659832,0.76894449,0.77369696,6.5278604,5.0505858,0.95793814,0.84827826,1.2800067,1.0858019,0.76725393,0.72179995,1.5090358,1.0892219,0.75872814,0.88206909,2.749109,2.4249041,0.79160311,0.72123914,3.4044125,2.4553955,0.74373653,0.75370769,3.2338767,2.4373977,0.78638021,0.77663113,3.2756969,2.5440081
0b_baseline_best,file,13,baseline,3542,061.Heermann_Gull/Heermann_Gull_0079_45468.jpg,61,60,061.Heermann_Gull,102,101,gaussian_blur,gaussian_blur,0,"{""sigma"":1.797587}",0.044186231,0.40657243,0.3623862,0.95677578,0.66592884,0.0047734608,0.012443775,0.95200232,0.65348507,-0.29851726,0.51766414,7.7498031,6.652171,51.553015,False,0.89482707,True,True,True,0.51766414,7.7498031,6.652171,51.553015,0.50399051,7.7408504,6.5278604,50.531191,0.8629052,7.9791232,1.2800067,10.213331,0.20802523,6.5386871,1.5090358,9.8671127,0.40201706,6.6470357,2.749109,18.273426,0.52407952,7.6913221,3.4044125,26.184433,0.50952074,8.7335719,3.2338767,28.243295,0.60027727,7.7158514,3.2756969,25.27479
0b_baseline_best,file,13,baseline,3542,061.Heermann_Gull/Heermann_Gull_0079_45468.jpg,61,60,061.Heermann_Gull,102,101,random_erasing,random_erasing,0,"{""area_fraction"":0.089768,""erased"":true,""height"":0.465451,""left"":0.213843,""top"":0.196349,""width"":0.192862}",0.044186231,0.056557074,0.012370843,0.95677578,0.94501257,0.0047734608,0.0022510786,0.95200232,0.94276149,-0.0092408329,0.81627589,1.165269,6.652171,7.7515686,False,0.95918679,True,True,True,0.81627589,1.165269,6.652171,7.7515686,0.81065158,1.1607775,6.5278604,7.5773938,0.95283173,1.276547,1.2800067,1.6339887,0.80237331,0.8871637,1.5090358,1.3387618,0.79617878,1.1361676,2.749109,3.1234487,0.81299608,1.0402957,3.4044125,3.5415957,0.8007818,1.1967272,3.2338767,3.8700682,0.84212964,1.30766,3.2756969,4.2834978
0b_baseline_best,file,13,baseline,11652,198.Rock_Wren/Rock_Wren_0063_189121.jpg,198,197,198.Rock_Wren,104,103,identity,identity,0,{},0.10580775,0.10580775,0,0.89959759,0.89959759,0.054056495,0.054056495,0.84554109,0.84554109,0,1,1,19.561733,19.561733,False,1,True,True,True,1,1,19.561733,19.561733,1,1,19.267236,19.267236,1,1,3.3815677,3.3815677,1,1,4.5274653,4.5274653,1,1,9.8904297,9.8904297,1,1,11.309862,11.309862,1,1,8.1738628,8.1738628,1,1,7.6277679,7.6277679
0b_baseline_best,file,13,baseline,11652,198.Rock_Wren/Rock_Wren_0063_189121.jpg,198,197,198.Rock_Wren,104,103,horizontal_flip,horizontal_flip,0,"{""flipped"":true}",0.10580775,0.032690112,-0.07311764,0.89959759,0.96783841,0.054056495,0.0082861083,0.84554109,0.9595523,0.11401121,0.53353858,0.28035278,19.561733,5.4841863,False,0.96738791,True,True,True,0.53353858,0.28035278,19.561733,5.4841863,0.52175193,0.27661332,19.267236,5.3295741,0.83737621,0.3823773,3.3815677,1.2930347,0.60991049,0.21795933,4.5274653,0.98680331,0.52480011,0.2649152,9.8904297,2.6201252,0.48981845,0.25775359,11.309862,2.9151576,0.49951775,0.29907458,8.1738628,2.4445946,0.59075569,0.32356301,7.6277679,2.4680635
0b_baseline_best,file,13,baseline,11652,198.Rock_Wren/Rock_Wren_0063_189121.jpg,198,197,198.Rock_Wren,104,103,color_jitter,color_jitter,0,"{""brightness"":1.38571,""contrast"":1.221433,""hue"":-0.075618,""saturation"":1.001625}",0.10580775,3.7276969,3.6218891,0.89959759,0.024048161,0.054056495,0.020492621,0.84554109,0.00355554,-0.84198555,0.34803826,7.0563483,19.561733,138.0344,False,0.74059117,False,True,False,0.34803826,7.0563483,19.561733,138.0344,0.33937854,7.0442464,19.267236,135.72316,0.61476613,7.4385391,3.3815677,25.153923,0.13270325,7.4996176,4.5274653,33.954258,0.35288503,5.7667521,9.8904297,57.035656,0.37395563,6.7570097,11.309862,76.420849,0.32991657,8.1474255,8.1738628,66.595938,0.35418195,8.017117,7.6277679,61.152708
0b_baseline_best,file,13,baseline,11652,198.Rock_Wren/Rock_Wren_0063_189121.jpg,198,197,198.Rock_Wren,104,103,rotation,rotation,0,"{""angle"":-0.004473}",0.10580775,0.12085793,0.01505018,0.89959759,0.88615984,0.054056495,0.060733117,0.84554109,0.82542672,-0.02011437,0.99265732,1.1084994,19.561733,21.68417,False,0.99985629,True,True,True,0.99265732,1.1084994,19.561733,21.68417,0.99243574,1.108038,19.267236,21.34883,0.99984358,1.1233774,3.3815677,3.7987768,0.98867085,1.1379535,4.5274653,5.1520449,0.99150397,1.1122151,9.8904297,11.000285,0.99293731,1.0987853,11.309862,12.427111,0.99231057,1.106703,8.1738628,9.0460385,0.99463527,1.1121016,7.6277679,8.4828532
0b_baseline_best,file,13,baseline,11652,198.Rock_Wren/Rock_Wren_0063_189121.jpg,198,197,198.Rock_Wren,104,103,random_resized_crop,random_resized_crop,0,"{""area_fraction"":0.604187,""aspect"":0.757093,""fallback"":false,""height"":0.893328,""left"":0.29539,""top"":0.080307,""width"":0.676332}",0.10580775,1.9955189,1.8897112,0.89959759,0.1359431,0.054056495,0.057045821,0.84554109,0.078897279,-0.76664381,0.60696076,10.008642,19.561733,195.78638,False,0.91441822,False,True,False,0.60696076,10.008642,19.561733,195.78638,0.60352161,10.038155,19.267236,193.4075,0.73505074,8.9981153,3.3815677,30.427736,0.75914478,11.266922,4.5274653,51.010598,0.73323301,10.376862,9.8904297,102.63163,0.58928736,10.203971,11.309862,115.40551,0.50399824,9.7875753,8.1738628,80.002297,0.44815557,8.8454396,7.6277679,67.47096
0b_baseline_best,file,13,baseline,11652,198.Rock_Wren/Rock_Wren_0063_189121.jpg,198,197,198.Rock_Wren,104,103,gaussian_blur,gaussian_blur,0,"{""sigma"":1.470657}",0.10580775,1.6604934,1.5546856,0.89959759,0.19004518,0.054056495,0.15937886,0.84554109,0.030666322,-0.81487477,0.62769776,7.5168722,19.561733,147.04305,False,0.84244406,True,True,True,0.62769776,7.5168722,19.561733,147.04305,0.62386565,7.5535449,19.267236,145.53594,0.79080538,6.2097784,3.3815677,20.998786,0.68104464,7.6487336,4.5274653,34.629376,0.58952782,8.6375733,9.8904297,85.429312,0.67798789,6.8608708,11.309862,77.595503,0.60180248,7.7107703,8.1738628,63.026778,0.60526449,6.7994136,7.6277679,51.864349
0b_baseline_best,file,13,baseline,11652,198.Rock_Wren/Rock_Wren_0063_189121.jpg,198,197,198.Rock_Wren,104,103,random_erasing,random_erasing,0,"{""area_fraction"":0.076819,""erased"":true,""height"":0.330699,""left"":0.02628,""top"":0.225648,""width"":0.232294}",0.10580775,0.11166786,0.0058601052,0.89959759,0.89434123,0.054056495,0.041876595,0.84554109,0.85246463,0.0069235452,0.97011453,0.97348611,19.561733,19.043075,False,0.99198693,True,True,True,0.97011453,0.97348611,19.561733,19.043075,0.96976535,0.97191392,19.267236,18.726095,0.9821253,1.0232143,3.3815677,3.4600685,0.98623341,0.99705298,4.5274653,4.5141227,0.97714235,1.0258264,9.8904297,10.145864,0.97686597,0.93764878,11.309862,10.604678,0.96049882,0.93985753,8.1738628,7.6822665,0.95069715,0.97996109,7.6277679,7.4749158
0b_baseline_best,file,13,baseline,4289,074.Florida_Jay/Florida_Jay_0092_64924.jpg,74,73,074.Florida_Jay,72,71,identity,identity,0,{},4.7243543,4.7243543,0,0.0088764457,0.0088764457,0.17275445,0.17275445,-0.16387801,-0.16387801,0,1,1,164.44132,164.44132,False,1,True,False,False,1,1,164.44132,164.44132,1,1,162.04048,162.04048,1,1,27.996972,27.996972,1,1,66.441536,66.441536,1,1,85.825572,85.825572,1,1,72.209236,72.209236,1,1,66.571536,66.571536,1,1,69.503007,69.503007
0b_baseline_best,file,13,baseline,4289,074.Florida_Jay/Florida_Jay_0092_64924.jpg,74,73,074.Florida_Jay,72,71,horizontal_flip,horizontal_flip,0,"{""flipped"":true}",4.7243543,5.0887327,0.36437845,0.0088764457,0.0061658295,0.17275445,0.053224817,-0.16387801,-0.047058987,0.11681902,0.71720707,1.1440141,164.44132,188.12318,False,0.9559173,False,False,False,0.71720707,1.1440141,164.44132,188.12318,0.71203162,1.1466582,162.04048,185.80504,0.90886218,1.0516064,27.996972,29.441795,0.85650436,1.2203919,66.441536,81.08471,0.79993973,1.2332113,85.825572,105.84106,0.63300572,1.1313673,72.209236,81.695168,0.55899431,1.0995242,66.571536,73.197012,0.64934684,0.98790789,69.503007,68.662568
0b_baseline_best,file,13,baseline,4289,074.Florida_Jay/Florida_Jay_0092_64924.jpg,74,73,074.Florida_Jay,72,71,color_jitter,color_jitter,0,"{""brightness"":1.071455,""contrast"":1.188049,""hue"":-0.06786,""saturation"":0.755207}",4.7243543,5.4299946,0.70564032,0.0088764457,0.0043831207,0.17275445,0.10719617,-0.16387801,-0.10281305,0.061064952,0.842598,0.79611005,164.44132,130.91339,False,0.97691488,False,False,False,0.842598,0.79611005,164.44132,130.91339,0.83878481,0.79000982,162.04048,128.01357,0.96441012,0.97872992,27.996972,27.401474,0.91400796,0.7589906,66.441536,50.428501,0.82213673,0.70850661,85.825572,60.807986,0.80459183,0.78202211,72.209236,56.469219,0.82188862,0.82507366,66.571536,54.92642,0.86175754,0.9032493,69.503007,62.778542
0b_baseline_best,file,13,baseline,4289,074.Florida_Jay/Florida_Jay_0092_64924.jpg,74,73,074.Florida_Jay,72,71,rotation,rotation,0,"{""angle"":-10.623782}",4.7243543,5.6682425,0.94388819,0.0088764457,0.0034539308,0.17275445,0.0065307803,-0.16387801,-0.0030768495,0.16080116,0.68027068,1.3471822,164.44132,221.53242,False,0.92711604,False,False,False,0.68027068,1.3471822,164.44132,221.53242,0.67779955,1.349756,162.04048,218.71511,0.77073612,1.2579256,27.996972,35.218108,0.86346629,1.2874608,66.441536,85.540871,0.74446793,1.3248952,85.825572,113.70989,0.65056629,1.4620185,72.209236,105.57124,0.52738849,1.3723812,66.571536,91.361523,0.58869768,1.2946605,69.503007,89.982799
0b_baseline_best,file,13,baseline,4289,074.Florida_Jay/Florida_Jay_0092_64924.jpg,74,73,074.Florida_Jay,72,71,random_resized_crop,random_resized_crop,0,"{""area_fraction"":0.730329,""aspect"":1.30093,""fallback"":false,""height"":0.749259,""left"":0.018677,""top"":0.169334,""width"":0.974734}",4.7243543,4.5226955,-0.20165873,0.0088764457,0.010859713,0.17275445,0.096429035,-0.16387801,-0.085569322,0.078308684,0.80578776,1.1753099,164.44132,193.26951,False,0.95271921,False,False,False,0.80578776,1.1753099,164.44132,193.26951,0.80206184,1.1781708,162.04048,190.91137,0.94585904,1.075083,27.996972,30.099069,0.87412386,0.98757238,66.441536,65.615826,0.86342119,1.2984131,85.825572,111.43705,0.7748405,1.2725301,72.209236,91.888424,0.71692961,1.1522346,66.571536,76.706028,0.77193008,1.0569159,69.503007,73.458831
0b_baseline_best,file,13,baseline,4289,074.Florida_Jay/Florida_Jay_0092_64924.jpg,74,73,074.Florida_Jay,72,71,gaussian_blur,gaussian_blur,0,"{""sigma"":1.59884}",4.7243543,6.5377021,1.8133478,0.0088764457,0.0014478115,0.17275445,0.083502024,-0.16387801,-0.082054213,0.081823793,0.50109528,0.65333099,164.44132,107.43461,False,0.84768033,False,False,False,0.50109528,0.65333099,164.44132,107.43461,0.48915582,0.64523446,162.04048,104.5541,0.81727407,0.88263266,27.996972,24.711042,0.35739395,0.31327293,66.441536,20.814335,0.56457258,0.63535451,85.825572,54.529664,0.46180193,0.70902554,72.209236,51.198192,0.44410491,0.66887282,66.571536,44.527891,0.56627037,0.77759086,69.503007,54.044903
0b_baseline_best,file,13,baseline,4289,074.Florida_Jay/Florida_Jay_0092_64924.jpg,74,73,074.Florida_Jay,72,71,random_erasing,random_erasing,0,"{""area_fraction"":0.139348,""erased"":true,""height"":0.350658,""left"":0.456862,""top"":0.263532,""width"":0.39739}",4.7243543,4.5460982,-0.17825603,0.0088764457,0.010608516,0.17275445,0.27176175,-0.16387801,-0.26115323,-0.097275224,0.92158642,1.0443673,164.44132,171.73714,False,0.95084333,True,False,False,0.92158642,1.0443673,164.44132,171.73714,0.92119133,1.0468895,162.04048,169.63848,0.93977799,0.95603987,27.996972,26.766221,0.97978432,0.93003962,66.441536,61.793261,0.95084054,1.0463908,85.825572,89.807093,0.92031266,1.1035175,72.209236,79.684159,0.88690755,1.0964117,66.571536,72.989809,0.86966316,1.0391603,69.503007,72.224768
0b_baseline_best,file,13,baseline,4332,075.Green_Jay/Green_Jay_0075_65701.jpg,75,74,075.Green_Jay,168,167,identity,identity,0,{},0.031176629,0.031176629,0,0.96930432,0.96930432,0.0099306023,0.0099306023,0.95937372,0.95937372,0,1,1,4.9790315,4.9790315,False,1,True,True,True,1,1,4.9790315,4.9790315,1,1,4.890102,4.890102,1,1,0.93683342,0.93683342,1,1,1.0041289,1.0041289,1,1,2.2030049,2.2030049,1,1,2.7611051,2.7611051,1,1,2.3164938,2.3164938,1,1,2.2498327,2.2498327
0b_baseline_best,file,13,baseline,4332,075.Green_Jay/Green_Jay_0075_65701.jpg,75,74,075.Green_Jay,168,167,horizontal_flip,horizontal_flip,0,"{""flipped"":true}",0.031176629,0.021458246,-0.0097183827,0.96930432,0.97877032,0.0099306023,0.0074889637,0.95937372,0.97128135,0.011907631,0.59679869,0.68627182,4.9790315,3.416969,False,0.95023978,True,True,True,0.59679869,0.68627182,4.9790315,3.416969,0.58302305,0.6841772,4.890102,3.3456963,0.94515464,0.74106806,0.93683342,0.69425733,0.60603778,0.67586904,1.0041289,0.67865963,0.5353076,0.70169329,2.2030049,1.5458337,0.57662168,0.66652752,2.7611051,1.8403525,0.53449209,0.65733016,2.3164938,1.5227013,0.68069777,0.72191496,2.2498327,1.6241879
0b_baseline_best,file,13,baseline,4332,075.Green_Jay/Green_Jay_0075_65701.jpg,75,74,075.Green_Jay,168,167,color_jitter,color_jitter,0,"{""brightness"":0.894317,""contrast"":0.849661,""hue"":-0.094086,""saturation"":0.921917}",0.031176629,2.3622036,2.331027,0.96930432,0.094212398,0.0099306023,0.020656375,0.95937372,0.073556023,-0.8858177,0.56426544,39.289735,4.9790315,195.62483,False,0.81574059,False,True,False,0.56426544,39.289735,4.9790315,195.62483,0.5613889,39.696567,4.890102,194.12026,0.73607453,25.848398,0.93683342,24.215643,0.52844848,45.771002,1.0041289,45.959986,0.53816656,42.529717,2.2030049,93.693175,0.56056615,42.264835,2.7611051,116.69765,0.59790118,40.152178,2.3164938,93.012272,0.58158296,29.890311,2.2498327,67.2482
0b_baseline_best,file,13,baseline,4332,075.Green_Jay/Green_Jay_0075_65701.jpg,75,74,075.Green_Jay,168,167,rotation,rotation,0,"{""angle"":6.457788}",0.031176629,0.018910829,-0.0122658,0.96930432,0.98126686,0.0099306023,0.0032958672,0.95937372,0.97797099,0.018597268,0.74872232,0.64580271,4.9790315,3.215472,False,0.96457899,True,True,True,0.74872232,0.64580271,4.9790315,3.215472,0.74159759,0.64658944,4.890102,3.1618883,0.95033666,0.62398537,0.93683342,0.58457035,0.69183788,0.78848131,1.0041289,0.79173686,0.68141795,0.67688564,2.2030049,1.4911824,0.76425825,0.64091528,2.7611051,1.7696344,0.73122928,0.60612175,2.3164938,1.4040773,0.7975545,0.63546705,2.2498327,1.4296946
0b_baseline_best,file,13,baseline,4332,075.Green_Jay/Green_Jay_0075_65701.jpg,75,74,075.Green_Jay,168,167,random_resized_crop,random_resized_crop,0,"{""area_fraction"":0.875714,""aspect"":0.963583,""fallback"":false,""height"":0.953315,""left"":0.060685,""top"":0.031301,""width"":0.918599}",0.031176629,0.069242813,0.038066184,0.96930432,0.9331001,0.0099306023,0.032253265,0.95937372,0.90084684,-0.058526882,0.7632208,2.633586,4.9790315,13.112707,False,0.97725415,True,True,True,0.7632208,2.633586,4.9790315,13.112707,0.75726273,2.6471707,4.890102,12.944935,0.9665704,2.2318546,0.93683342,2.090876,0.62898536,3.9206689,1.0041289,3.9368569,0.77269871,3.1035773,2.2030049,6.8371959,0.77684934,2.5453221,2.7611051,7.0279016,0.74139337,2.4645759,2.3164938,5.7091749,0.82172927,2.1472985,2.2498327,4.8310624
0b_baseline_best,file,13,baseline,4332,075.Green_Jay/Green_Jay_0075_65701.jpg,75,74,075.Green_Jay,168,167,gaussian_blur,gaussian_blur,0,"{""sigma"":1.001463}",0.031176629,0.025320305,-0.005856324,0.96930432,0.97499758,0.0099306023,0.016148545,0.95937372,0.95884904,-0.00052468572,0.64305812,1.0013583,4.9790315,4.9857944,False,0.96195751,True,True,True,0.64305812,1.0013583,4.9790315,4.9857944,0.63279315,1.0012755,4.890102,4.8963394,0.92209368,1.0036108,0.93683342,0.94021612,0.26060053,1.5784429,1.0041289,1.5849601,0.596724,1.1033414,2.2030049,2.4306665,0.66353047,0.9766606,2.7611051,2.6966625,0.65423018,0.93691501,2.3164938,2.1703578,0.77886108,0.83998706,2.2498327,1.8898304
0b_baseline_best,file,13,baseline,4332,075.Green_Jay/Green_Jay_0075_65701.jpg,75,74,075.Green_Jay,168,167,random_erasing,random_erasing,0,"{""area_fraction"":0.106652,""erased"":true,""height"":0.228926,""left"":0.058844,""top"":0.013868,""width"":0.46588}",0.031176629,0.024423547,-0.0067530815,0.96930432,0.97587228,0.0099306023,0.0085913986,0.95937372,0.96728088,0.0079071587,0.89707466,0.78035362,4.9790315,3.8854052,False,0.98077214,True,True,True,0.89707466,0.78035362,4.9790315,3.8854052,0.89401376,0.77921994,4.890102,3.810465,0.97791666,0.81063251,0.93683342,0.75942763,0.83316261,0.83347098,1.0041289,0.83691229,0.90007491,0.74950949,2.2030049,1.6511731,0.9131051,0.77585767,2.7611051,2.1422245,0.87750005,0.77974597,2.3164938,1.8062767,0.89173023,0.80019368,2.2498327,1.8003019
0b_baseline_best,file,13,baseline,4183,072.Pomarine_Jaeger/Pomarine_Jaeger_0039_61348.jpg,72,71,072.Pomarine_Jaeger,23,22,identity,identity,0,{},0.076224469,0.076224469,0,0.9266082,0.9266082,0.015876938,0.015876938,0.91073127,0.91073127,0,1,1,12.789902,12.789902,False,1,True,True,True,1,1,12.789902,12.789902,1,1,12.611155,12.611155,1,1,2.1308108,2.1308108,1,1,3.4768252,3.4768252,1,1,5.7812617,5.7812617,1,1,5.8587948,5.8587948,1,1,6.2545648,6.2545648,1,1,6.3312616,6.3312616
0b_baseline_best,file,13,baseline,4183,072.Pomarine_Jaeger/Pomarine_Jaeger_0039_61348.jpg,72,71,072.Pomarine_Jaeger,23,22,horizontal_flip,horizontal_flip,0,"{""flipped"":true}",0.076224469,0.13710064,0.060876168,0.9266082,0.8718825,0.015876938,0.026087388,0.91073127,0.84579511,-0.064936157,0.72226451,1.7968666,12.789902,22.981747,False,0.95955783,True,True,True,0.72226451,1.7968666,12.789902,22.981747,0.71620693,1.800217,12.611155,22.702816,0.95209563,1.6752852,2.1308108,3.5697158,0.79166618,1.9684474,3.4768252,6.8439475,0.71167363,1.8286271,5.7812617,10.571772,0.6834092,1.8077915,5.8587948,10.591479,0.67566471,1.8060712,6.2545648,11.296189,0.76762861,1.7086892,6.3312616,10.818158
0b_baseline_best,file,13,baseline,4183,072.Pomarine_Jaeger/Pomarine_Jaeger_0039_61348.jpg,72,71,072.Pomarine_Jaeger,23,22,color_jitter,color_jitter,0,"{""brightness"":1.164731,""contrast"":1.196514,""hue"":0.025807,""saturation"":1.261414}",0.076224469,0.18223,0.10600553,0.9266082,0.83340961,0.015876938,0.046295557,0.91073127,0.78711405,-0.12361722,0.83153352,2.2778752,12.789902,29.133799,False,0.96380836,True,True,True,0.83153352,2.2778752,12.789902,29.133799,0.82792822,2.2777112,12.611155,28.724569,0.95749758,2.2836123,2.1308108,4.8659457,0.83064951,2.3768531,3.4768252,8.2639028,0.78255516,2.0525363,5.7812617,11.86625,0.81442397,2.3349885,5.8587948,13.680218,0.8390316,2.3933623,6.2545648,14.96944,0.86683242,2.2601704,6.3312616,14.30973
0b_baseline_best,file,13,baseline,4183,072.Pomarine_Jaeger/Pomarine_Jaeger_0039_61348.jpg,72,71,072.Pomarine_Jaeger,23,22,rotation,rotation,0,"{""angle"":4.005578}",0.076224469,0.20417219,0.12794773,0.9266082,0.81532198,0.015876938,0.062361002,0.91073127,0.75296098,-0.15777029,0.79382779,2.6592065,12.789902,34.01099,False,0.95497841,True,True,True,0.79382779,2.6592065,12.789902,34.01099,0.78974038,2.6579487,12.611155,33.519803,0.93473049,2.7028949,2.1308108,5.7593576,0.71187512,2.6759899,3.4768252,9.3039491,0.79026878,2.5911219,5.7812617,14.979954,0.77324794,2.863606,5.8587948,16.77728,0.79367822,2.5965918,6.2545648,16.240551,0.82826335,2.5827116,6.3312616,16.351822
0b_baseline_best,file,13,baseline,4183,072.Pomarine_Jaeger/Pomarine_Jaeger_0039_61348.jpg,72,71,072.Pomarine_Jaeger,23,22,random_resized_crop,random_resized_crop,0,"{""area_fraction"":0.521982,""aspect"":1.01696,""fallback"":false,""height"":0.716433,""left"":0.033465,""top"":0.092924,""width"":0.728584}",0.076224469,0.27194497,0.1957205,0.9266082,0.76189619,0.015876938,0.036516212,0.91073127,0.72537998,-0.18535129,0.63270012,3.7072869,12.789902,47.415835,False,0.91567767,True,True,True,0.63270012,3.7072869,12.789902,47.415835,0.6263874,3.7221466,12.611155,46.940567,0.90345407,3.1427508,2.1308108,6.6966072,0.50764277,3.4214996,3.4768252,11.895956,0.56779255,3.6851054,5.7812617,21.304559,0.61943706,4.3499031,5.8587948,25.48519,0.65432541,3.6817358,6.2545648,23.027655,0.71091942,3.2685788,6.3312616,20.694227
0b_baseline_best,file,13,baseline,4183,072.Pomarine_Jaeger/Pomarine_Jaeger_0039_61348.jpg,72,71,072.Pomarine_Jaeger,23,22,gaussian_blur,gaussian_blur,0,"{""sigma"":1.726714}",0.076224469,0.23886612,0.16264165,0.9266082,0.78752029,0.015876938,0.0071343868,0.91073127,0.7803859,-0.13034536,0.45397625,2.8188638,12.789902,36.052991,False,0.84579295,True,True,True,0.45397625,2.8188638,12.789902,36.052991,0.44482747,2.826858,12.611155,35.649945,0.81591954,2.5229038,2.1308108,5.3758307,0.39890735,2.2889122,3.4768252,7.9581477,0.43767997,2.7024093,5.7812617,15.623336,0.3331074,2.9286895,5.8587948,17.158591,0.44092792,3.0263968,6.2545648,18.928795,0.57098649,2.7844357,6.3312616,17.628991
0b_baseline_best,file,13,baseline,4183,072.Pomarine_Jaeger/Pomarine_Jaeger_0039_61348.jpg,72,71,072.Pomarine_Jaeger,23,22,random_erasing,random_erasing,0,"{""area_fraction"":0.145536,""erased"":true,""height"":0.57801,""left"":0.162684,""top"":0.069911,""width"":0.251787}",0.076224469,0.24297468,0.16675021,0.9266082,0.78429139,0.015876938,0.011589604,0.91073127,0.77270178,-0.13802949,0.68557154,2.4498639,12.789902,31.333519,False,0.93710363,True,True,True,0.68557154,2.4498639,12.789902,31.333519,0.67919279,2.4532885,12.611155,30.938802,0.92209889,2.3267272,2.1308108,4.9578154,0.78438338,2.3489213,3.4768252,8.1667889,0.59410436,2.2717037,5.7812617,13.133314,0.620531,2.3771495,5.8587948,13.927231,0.67486232,2.4787988,6.2545648,15.503808,0.76471436,2.6603223,6.3312616,16.843197
0b_baseline_best,file,13,baseline,5357,092.Nighthawk/Nighthawk_0034_82578.jpg,92,91,092.Nighthawk,105,104,identity,identity,0,{},3.6471875,3.6471875,0,0.026064334,0.026064334,0.97156334,0.97156334,-0.945499,-0.945499,0,1,1,230.76991,230.76991,False,1,True,False,False,1,1,230.76991,230.76991,1,1,226.17662,226.17662,1,1,45.813611,45.813611,1,1,34.159206,34.159206,1,1,98.849108,98.849108,1,1,112.76957,112.76957,1,1,123.29593,123.29593,1,1,110.90086,110.90086
0b_baseline_best,file,13,baseline,5357,092.Nighthawk/Nighthawk_0034_82578.jpg,92,91,092.Nighthawk,105,104,horizontal_flip,horizontal_flip,0,"{""flipped"":true}",3.6471875,2.0877218,-1.5594656,0.026064334,0.12396924,0.97156334,0.87260616,-0.945499,-0.74863692,0.19686209,0.75358296,0.8101564,230.76991,186.95972,False,0.97366405,True,False,False,0.75358296,0.8101564,230.76991,186.95972,0.74368384,0.80614106,226.17662,182.33026,0.97368724,0.90251463,45.813611,41.347454,0.66353636,0.77725904,34.159206,26.550552,0.65151763,0.7382804,98.849108,72.978359,0.71036924,0.82901875,112.76957,93.488091,0.7624478,0.81771505,123.29593,100.82094,0.83095025,0.82192221,110.90086,91.151883
0b_baseline_best,file,13,baseline,5357,092.Nighthawk/Nighthawk_0034_82578.jpg,92,91,092.Nighthawk,105,104,color_jitter,color_jitter,0,"{""brightness"":0.609393,""contrast"":1.068935,""hue"":-0.097521,""saturation"":0.837828}",3.6471875,5.1204686,1.4732811,0.026064334,0.0059732222,0.97156334,0.95408225,-0.945499,-0.94810903,-0.0026100236,0.69882794,1.0486674,230.76991,242.00088,False,0.90571195,True,False,False,0.69882794,1.0486674,230.76991,242.00088,0.69179717,1.0540687,226.17662,238.4057,0.90556418,0.90713145,45.813611,41.558968,0.55344493,1.9886341,34.159206,67.930162,0.69522479,1.1019455,98.849108,108.92633,0.75042996,1.1602045,112.76957,130.83577,0.69739826,0.89969695,123.29593,110.92897,0.68317366,0.94290158,110.90086,104.5686
0b_baseline_best,file,13,baseline,5357,092.Nighthawk/Nighthawk_0034_82578.jpg,92,91,092.Nighthawk,105,104,rotation,rotation,0,"{""angle"":6.119156}",3.6471875,3.9799173,0.33272982,0.026064334,0.018687187,0.97156334,0.97402442,-0.945499,-0.95533723,-0.0098382235,0.85644326,1.0704082,230.76991,247.018,False,0.97146869,True,False,False,0.85644326,1.0704082,230.76991,247.018,0.8527438,1.0760492,226.17662,243.37718,0.97148826,0.92231346,45.813611,42.25451,0.8460256,1.1012664,34.159206,37.618388,0.81966127,1.1414649,98.849108,112.83279,0.85274595,1.1349862,112.76957,127.99192,0.86212191,1.0223372,123.29593,126.05001,0.87651705,1.0207829,110.90086,113.20571
0b_baseline_best,file,13,baseline,5357,092.Nighthawk/Nighthawk_0034_82578.jpg,92,91,092.Nighthawk,105,104,random_resized_crop,random_resized_crop,0,"{""area_fraction"":0.677633,""aspect"":1.295466,""fallback"":false,""height"":0.723243,""left"":0.035229,""top"":0.079053,""width"":0.936937}",3.6471875,4.992147,1.3449595,0.026064334,0.0067910696,0.97156334,0.98992562,-0.945499,-0.98313455,-0.037635549,0.76340092,1.053318,230.76991,243.07409,False,0.95810831,True,False,False,0.76340092,1.053318,230.76991,243.07409,0.75642556,1.0575041,226.17662,239.18269,0.95814599,0.94557849,45.813611,43.320365,0.53730047,1.0913661,34.159206,37.280201,0.7035324,1.0054688,98.849108,99.389696,0.74724483,1.202884,112.76957,135.64871,0.77976798,1.0086489,123.29593,124.3623,0.81549745,0.99079743,110.90086,109.88029
0b_baseline_best,file,13,baseline,5357,092.Nighthawk/Nighthawk_0034_82578.jpg,92,91,092.Nighthawk,105,104,gaussian_blur,gaussian_blur,0,"{""sigma"":1.092196}",3.6471875,4.9249811,1.2777936,0.026064334,0.0072628646,0.97156334,0.98197711,-0.945499,-0.97471424,-0.029215236,0.69260088,1.1248847,230.76991,259.58953,False,0.9318428,True,False,False,0.69260088,1.1248847,230.76991,259.58953,0.68455643,1.1310634,226.17662,255.82009,0.93187673,0.96210064,45.813611,44.077304,0.60752507,1.113907,34.159206,38.050178,0.55448904,1.0786127,98.849108,106.61991,0.68857866,1.3509649,112.76957,152.34773,0.71769231,1.0622699,123.29593,130.97356,0.77804197,0.99859196,110.90086,110.74471
0b_baseline_best,file,13,baseline,5357,092.Nighthawk/Nighthawk_0034_82578.jpg,92,91,092.Nighthawk,105,104,random_erasing,random_erasing,0,"{""area_fraction"":0.059739,""erased"":true,""height"":0.178131,""left"":0.409815,""top"":0.340461,""width"":0.335364}",3.6471875,2.0552385,-1.591949,0.026064334,0.12806228,0.97156334,0.82829744,-0.945499,-0.70023516,0.24526385,0.84912581,0.72089101,230.76991,166.35995,False,0.97327387,True,False,False,0.84912581,0.72089101,230.76991,166.35995,0.84393936,0.72024917,226.17662,162.90352,0.97296799,0.73636141,45.813611,33.735375,0.84148213,0.66908343,34.159206,22.855359,0.84054465,0.71934664,98.849108,71.106773,0.81948024,0.73263272,112.76957,82.61868,0.84384099,0.66899513,123.29593,82.484377,0.87556539,0.77197313,110.90086,85.612486
0b_baseline_best,file,13,baseline,10491,179.Tennessee_Warbler/Tennessee_Warbler_0084_174891.jpg,179,178,179.Tennessee_Warbler,152,151,identity,identity,0,{},0.40583792,0.40583792,0,0.66641819,0.66641819,0.083823897,0.083823897,0.5825943,0.5825943,0,1,1,57.952908,57.952908,False,1,True,True,True,1,1,57.952908,57.952908,1,1,57.006918,57.006918,1,1,10.428362,10.428362,1,1,11.863132,11.863132,1,1,24.230707,24.230707,1,1,33.347949,33.347949,1,1,27.019153,27.019153,1,1,26.073115,26.073115
0b_baseline_best,file,13,baseline,10491,179.Tennessee_Warbler/Tennessee_Warbler_0084_174891.jpg,179,178,179.Tennessee_Warbler,152,151,horizontal_flip,horizontal_flip,0,"{""flipped"":true}",0.40583792,0.65343279,0.24759486,0.66641819,0.52025682,0.083823897,0.068220489,0.5825943,0.45203633,-0.13055797,0.68179662,1.4361758,57.952908,83.230563,False,0.95528597,True,True,True,0.68179662,1.4361758,57.952908,83.230563,0.67397524,1.4405375,57.006918,82.120606,0.94450761,1.2990938,10.428362,13.547421,0.59802403,1.3302193,11.863132,15.780567,0.65595322,1.5498323,24.230707,37.553532,0.67895534,1.4208473,33.347949,47.382344,0.63026737,1.4434007,27.019153,38.999465,0.74930135,1.3926428,26.073115,36.310538
0b_baseline_best,file,13,baseline,10491,179.Tennessee_Warbler/Tennessee_Warbler_0084_174891.jpg,179,178,179.Tennessee_Warbler,152,151,color_jitter,color_jitter,0,"{""brightness"":1.216994,""contrast"":1.067889,""hue"":0.026686,""saturation"":0.870209}",0.40583792,1.5888709,1.183033,0.66641819,0.20415601,0.083823897,0.29703885,0.5825943,-0.092882842,-0.67547714,0.84674352,2.3145347,57.952908,134.13402,False,0.96451646,False,True,False,0.84674352,2.3145347,57.952908,134.13402,0.84332388,2.3090417,57.006918,131.63135,0.94408032,2.4730573,10.428362,25.789938,0.72738489,2.1056364,11.863132,24.979444,0.81843537,2.2520897,24.230707,54.569725,0.86682319,2.3185829,33.347949,77.319986,0.83535445,2.3721454,27.019153,64.093358,0.85759033,2.3135401,26.073115,60.321198
0b_baseline_best,file,13,baseline,10491,179.Tennessee_Warbler/Tennessee_Warbler_0084_174891.jpg,179,178,179.Tennessee_Warbler,152,151,rotation,rotation,0,"{""angle"":14.233955}",0.40583792,1.7778919,1.372054,0.66641819,0.16899402,0.083823897,0.115857,0.5825943,0.053137027,-0.52945727,0.66625317,2.022455,57.952908,117.20715,False,0.93591392,False,True,False,0.66625317,2.022455,57.952908,117.20715,0.65778781,2.0180964,57.006918,115.04546,0.90511856,2.1486272,10.428362,22.406663,0.58388504,1.7969093,11.863132,21.316973,0.59726657,1.8427618,24.230707,44.651422,0.6609889,1.8836418,33.347949,62.815592,0.66732881,2.2434672,27.019153,60.616584,0.71053858,2.1584387,26.073115,56.277221
0b_baseline_best,file,13,baseline,10491,179.Tennessee_Warbler/Tennessee_Warbler_0084_174891.jpg,179,178,179.Tennessee_Warbler,152,151,random_resized_crop,random_resized_crop,0,"{""area_fraction"":0.680658,""aspect"":1.256012,""fallback"":false,""height"":0.736152,""left"":0.036356,""top"":0.229526,""width"":0.924616}",0.40583792,3.2452388,2.8394009,0.66641819,0.038959254,0.083823897,0.035968732,0.5825943,0.0029905215,-0.57960378,0.63033678,3.0100265,57.952908,174.43979,False,0.89759362,False,True,False,0.63033678,3.0100265,57.952908,174.43979,0.62355296,3.0148904,57.006918,171.86961,0.84481133,2.8608668,10.428362,29.834156,0.5622544,2.923524,11.863132,34.682152,0.59310367,3.0497243,24.230707,73.896976,0.62854285,3.0463479,33.347949,101.58945,0.60586974,3.1333886,27.019153,84.661505,0.67970461,2.8151606,26.073115,73.400008
0b_baseline_best,file,13,baseline,10491,179.Tennessee_Warbler/Tennessee_Warbler_0084_174891.jpg,179,178,179.Tennessee_Warbler,152,151,gaussian_blur,gaussian_blur,0,"{""sigma"":1.700942}",0.40583792,3.9847841,3.5789462,0.66641819,0.018596455,0.083823897,0.0053160773,0.5825943,0.013280378,-0.56931392,0.36693156,1.8779504,57.952908,108.83269,False,0.72925186,False,True,False,0.36693156,1.8779504,57.952908,108.83269,0.35605242,1.8775162,57.006918,107.03142,0.68974349,1.890879,10.428362,19.718772,0.30752777,2.0904297,11.863132,24.799045,0.2639248,2.2310117,24.230707,54.05899,0.34744304,1.7116709,33.347949,57.080716,0.32646586,1.7050713,27.019153,46.069582,0.50899303,1.9321055,26.073115,50.376009
0b_baseline_best,file,13,baseline,10491,179.Tennessee_Warbler/Tennessee_Warbler_0084_174891.jpg,179,178,179.Tennessee_Warbler,152,151,random_erasing,random_erasing,0,"{""area_fraction"":0.084665,""erased"":true,""height"":0.437403,""left"":0.360142,""top"":0.350074,""width"":0.193563}",0.40583792,0.70240963,0.2965717,0.66641819,0.49539015,0.083823897,0.22315854,0.5825943,0.27223161,-0.31036269,0.79961266,1.7405181,57.952908,100.86809,False,0.97533,True,True,True,0.79961266,1.7405181,57.952908,100.86809,0.79504578,1.745588,57.006918,99.510592,0.95402335,1.5815352,10.428362,16.492822,0.75526376,1.2753528,11.863132,15.129679,0.74731047,1.6593213,24.230707,40.206528,0.81860602,1.7655699,33.347949,58.878137,0.78040833,1.840572,27.019153,49.730696,0.8257153,1.7647316,26.073115,46.012049
0b_baseline_best,file,13,baseline,1357,025.Pelagic_Cormorant/Pelagic_Cormorant_0017_23875.jpg,25,24,025.Pelagic_Cormorant,72,71,identity,identity,0,{},3.7203369,3.7203369,0,0.024225801,0.024225801,0.65903294,0.65903294,-0.63480714,-0.63480714,0,1,1,245.06335,245.06335,False,1.0000001,True,False,False,1,1,245.06335,245.06335,1,1,241.80659,241.80659,1,1,39.819796,39.819796,1,1,70.832296,70.832296,1,1,107.92319,107.92319,1,1,126.83231,126.83231,1,1,116.25496,116.25496,1,1,110.47239,110.47239
0b_baseline_best,file,13,baseline,1357,025.Pelagic_Cormorant/Pelagic_Cormorant_0017_23875.jpg,25,24,025.Pelagic_Cormorant,72,71,horizontal_flip,horizontal_flip,0,"{""flipped"":true}",3.7203369,2.6971896,-1.0231473,0.024225801,0.067394659,0.65903294,0.52706212,-0.63480714,-0.45966746,0.17513968,0.71941535,0.8743319,245.06335,214.2667,False,0.95652556,True,False,False,0.71941535,0.8743319,245.06335,214.2667,0.71294402,0.87273595,241.80659,211.03331,0.94452238,0.9312757,39.819796,37.083209,0.66301285,1.0652481,70.832296,75.453971,0.74112942,0.86928139,107.92319,93.815619,0.73064288,0.84585579,126.83231,107.28184,0.67291498,0.83172519,116.25496,96.692179,0.73947151,0.86737265,110.47239,95.820731
0b_baseline_best,file,13,baseline,1357,025.Pelagic_Cormorant/Pelagic_Cormorant_0017_23875.jpg,25,24,025.Pelagic_Cormorant,72,71,color_jitter,color_jitter,0,"{""brightness"":0.669818,""contrast"":1.277357,""hue"":0.038264,""saturation"":0.628735}",3.7203369,1.9493589,-1.770978,0.024225801,0.14236531,0.65903294,0.25389922,-0.63480714,-0.11153391,0.52327323,0.73905251,0.82626772,245.06335,202.48793,False,0.94144821,False,False,False,0.73905251,0.82626772,245.06335,202.48793,0.73550727,0.82655773,241.80659,199.86711,0.87162272,0.81550157,39.819796,32.473107,0.70524666,0.67965462,70.832296,48.141497,0.76878361,0.86385789,107.92319,93.230298,0.72826424,0.83916839,126.83231,106.43366,0.72400545,0.85536844,116.25496,99.440823,0.74229651,0.79538329,110.47239,87.867893
0b_baseline_best,file,13,baseline,1357,025.Pelagic_Cormorant/Pelagic_Cormorant_0017_23875.jpg,25,24,025.Pelagic_Cormorant,72,71,rotation,rotation,0,"{""angle"":6.155899}",3.7203369,5.0680447,1.3477077,0.024225801,0.0062947148,0.65903294,0.7131837,-0.63480714,-0.70688899,-0.072081847,0.82411382,0.89656013,245.06335,219.71403,False,0.94642699,True,False,False,0.82411382,0.89656013,245.06335,219.71403,0.82074618,0.89412364,241.80659,216.20499,0.9406959,0.98219523,39.819796,39.110814,0.82309361,0.96581822,70.832296,68.411122,0.79603003,0.80149165,107.92319,86.499534,0.83276163,0.86714844,126.83231,109.98244,0.82280663,0.89927116,116.25496,104.54473,0.83126289,0.97310892,110.47239,107.50167
0b_baseline_best,file,13,baseline,1357,025.Pelagic_Cormorant/Pelagic_Cormorant_0017_23875.jpg,25,24,025.Pelagic_Cormorant,72,71,random_resized_crop,random_resized_crop,0,"{""area_fraction"":0.872877,""aspect"":1.031603,""fallback"":false,""height"":0.919857,""left"":0.015918,""top"":0.016395,""width"":0.948927}",3.7203369,3.5573087,-0.16302824,0.024225801,0.028515464,0.65903294,0.6214456,-0.63480714,-0.59293013,0.041877007,0.86571087,0.94958352,245.06335,232.70812,False,0.98070002,True,False,False,0.86571087,0.94958352,245.06335,232.70812,0.86264728,0.94991486,241.80659,229.69567,0.98028032,0.93728352,39.819796,37.322439,0.883206,1.201317,70.832296,85.092038,0.8223747,0.86196435,107.92319,93.025941,0.87831282,0.95220844,126.83231,120.7708,0.8528966,0.92318711,116.25496,107.32508,0.89337003,0.93903096,110.47239,103.737
0b_baseline_best,file,13,baseline,1357,025.Pelagic_Cormorant/Pelagic_Cormorant_0017_23875.jpg,25,24,025.Pelagic_Cormorant,72,71,gaussian_blur,gaussian_blur,0,"{""sigma"":1.193672}",3.7203369,8.7195187,4.9991817,0.024225801,0.00016336572,0.65903294,0.96393424,-0.63480714,-0.96377088,-0.32896374,0.63304244,1.0084622,245.06335,247.13713,False,0.88083917,True,False,False,0.63304244,1.0084622,245.06335,247.13713,0.62688871,1.0076276,241.80659,243.651,0.85344672,1.0387712,39.819796,41.363658,0.8076462,1.2598372,70.832296,89.237164,0.56463405,0.95431047,107.92319,102.99223,0.63685248,0.95643193,126.83231,121.30647,0.57084165,1.0308797,116.25496,119.84488,0.65238659,0.97984193,110.47239,108.24548
0b_baseline_best,file,13,baseline,1357,025.Pelagic_Cormorant/Pelagic_Cormorant_0017_23875.jpg,25,24,025.Pelagic_Cormorant,72,71,random_erasing,random_erasing,0,"{""area_fraction"":0.190369,""erased"":true,""height"":0.694829,""left"":0.485391,""top"":0.16762,""width"":0.273979}",3.7203369,6.6917224,2.9713855,0.024225801,0.0012411432,0.65903294,0.20035489,-0.63480714,-0.19911375,0.43569339,0.63239732,0.73574323,245.06335,180.3037,False,0.884624,False,False,False,0.63239732,0.73574323,245.06335,180.3037,0.62853786,0.73138391,241.80659,176.85345,0.76117981,0.88156799,39.819796,35.103858,0.7412127,0.88713295,70.832296,62.837664,0.61661621,0.59933878,107.92319,64.682551,0.65980454,0.61113628,126.83231,77.511825,0.59632201,0.74682172,116.25496,86.821729,0.62550175,0.88685204,110.47239,97.972666
0b_baseline_best,file,13,baseline,9675,165.Chestnut_sided_Warbler/Chestnut_Sided_Warbler_0069_163921.jpg,165,164,165.Chestnut_sided_Warbler,156,155,identity,identity,0,{},0.086822674,0.086822674,0,0.91683966,0.91683966,0.029864348,0.029864348,0.88697531,0.88697531,0,1,1,13.010779,13.010779,False,1,True,True,True,1,1,13.010779,13.010779,1,1,12.721578,12.721578,1,1,2.7279689,2.7279689,1,1,2.0980378,2.0980378,1,1,5.4623336,5.4623336,1,1,7.5334592,7.5334592,1,1,5.9466595,5.9466595,1,1,5.9568395,5.9568395
0b_baseline_best,file,13,baseline,9675,165.Chestnut_sided_Warbler/Chestnut_Sided_Warbler_0069_163921.jpg,165,164,165.Chestnut_sided_Warbler,156,155,horizontal_flip,horizontal_flip,0,"{""flipped"":true}",0.086822674,0.28844884,0.20162617,0.91683966,0.74942517,0.029864348,0.10480136,0.88697531,0.64462382,-0.24235149,0.72228352,3.0580036,13.010779,39.787009,False,0.97275954,True,True,True,0.72228352,3.0580036,13.010779,39.787009,0.71263071,3.0727305,12.721578,39.089982,0.96482189,2.7180695,2.7279689,7.4148091,0.41300402,2.7574833,2.0980378,5.7853042,0.63026046,2.8510124,5.4623336,15.573181,0.78803006,3.2560314,7.5334592,24.52918,0.66984789,3.1304557,5.9466595,18.615754,0.73180608,2.9260535,5.9568395,17.430031
0b_baseline_best,file,13,baseline,9675,165.Chestnut_sided_Warbler/Chestnut_Sided_Warbler_0069_163921.jpg,165,164,165.Chestnut_sided_Warbler,156,155,color_jitter,color_jitter,0,"{""brightness"":1.072768,""contrast"":1.143154,""hue"":-0.06986,""saturation"":1.166089}",0.086822674,1.5103022,1.4234795,0.91683966,0.22084323,0.029864348,0.021014862,0.88697531,0.19982836,-0.68714695,0.58159629,9.8610909,13.010779,128.30047,False,0.89420211,True,True,True,0.58159629,9.8610909,13.010779,128.30047,0.57169624,9.9049457,12.721578,126.00654,0.82597385,8.8538048,2.7279689,24.152904,0.26695013,14.733628,2.0980378,30.911708,0.52899658,12.805351,5.4623336,69.947097,0.64129564,8.9137427,7.5334592,67.151316,0.58969182,9.3407767,5.9466595,55.546418,0.60488989,8.2835609,5.9568395,49.343843
0b_baseline_best,file,13,baseline,9675,165.Chestnut_sided_Warbler/Chestnut_Sided_Warbler_0069_163921.jpg,165,164,165.Chestnut_sided_Warbler,156,155,rotation,rotation,0,"{""angle"":-0.357886}",0.086822674,0.047824968,-0.038997706,0.91683966,0.95330065,0.029864348,0.015607961,0.88697531,0.93769269,0.050717384,0.92690845,0.61234968,13.010779,7.9671463,False,0.9914338,True,True,True,0.92690845,0.61234968,13.010779,7.9671463,0.92425178,0.61208523,12.721578,7.7866902,0.98416588,0.61807271,2.7279689,1.6860832,0.90782029,0.60184135,2.0980378,1.2626859,0.90874441,0.6430542,5.4623336,3.5125766,0.94075488,0.61681044,7.5334592,4.6467163,0.91618581,0.60344394,5.9466595,3.5884756,0.92315321,0.58710033,5.9568395,3.4972625
0b_baseline_best,file,13,baseline,9675,165.Chestnut_sided_Warbler/Chestnut_Sided_Warbler_0069_163921.jpg,165,164,165.Chestnut_sided_Warbler,156,155,random_resized_crop,random_resized_crop,0,"{""area_fraction"":0.837367,""aspect"":0.872588,""fallback"":false,""height"":0.97961,""left"":0.134008,""top"":0.020365,""width"":0.854796}",0.086822674,0.047155503,-0.03966717,0.91683966,0.95393902,0.029864348,0.010996218,0.88697531,0.9429428,0.055967492,0.803126,0.62717798,13.010779,8.1600741,False,0.97324896,True,True,True,0.803126,0.62717798,13.010779,8.1600741,0.79728306,0.63029605,12.721578,8.0183605,0.95366326,0.55505309,2.7279689,1.5141676,0.71807426,0.67739385,2.0980378,1.4211979,0.78499182,0.71710577,5.4623336,3.917071,0.82627637,0.6153045,7.5334592,4.6353713,0.77521882,0.61772638,5.9466595,3.6734084,0.80625316,0.58032702,5.9568395,3.4569149
0b_baseline_best,file,13,baseline,9675,165.Chestnut_sided_Warbler/Chestnut_Sided_Warbler_0069_163921.jpg,165,164,165.Chestnut_sided_Warbler,156,155,gaussian_blur,gaussian_blur,0,"{""sigma"":1.422357}",0.086822674,0.083059981,-0.0037626922,0.91683966,0.92029595,0.029864348,0.024243481,0.88697531,0.89605247,0.0090771616,0.56467357,1.0620573,13.010779,13.818193,False,0.90926254,True,True,True,0.56467357,1.0620573,13.010779,13.818193,0.55241909,1.0700305,12.721578,13.612476,0.9037407,0.87079008,2.7279689,2.3754883,0.39638723,1.4498101,2.0980378,3.0417563,0.44184764,1.0031249,5.4623336,5.4794029,0.54413421,1.0884412,7.5334592,8.1997271,0.57542522,1.0906703,5.9466595,6.4858451,0.66772714,1.0172911,5.9568395,6.05984
0b_baseline_best,file,13,baseline,9675,165.Chestnut_sided_Warbler/Chestnut_Sided_Warbler_0069_163921.jpg,165,164,165.Chestnut_sided_Warbler,156,155,random_erasing,random_erasing,0,"{""area_fraction"":0.060476,""erased"":true,""height"":0.206054,""left"":0.020283,""top"":0.569287,""width"":0.293495}",0.086822674,0.069090523,-0.017732151,0.91683966,0.9332422,0.029864348,0.018144971,0.88697531,0.91509723,0.02812192,0.93914136,0.84907938,13.010779,11.047184,False,0.99307024,True,True,True,0.93914136,0.84907938,13.010779,11.047184,0.93707144,0.851268,12.721578,10.829473,0.98877783,0.80000347,2.7279689,2.1823846,0.8116161,0.77737869,2.0980378,1.6309698,0.93503831,0.92612437,5.4623336,5.0588003,0.95617373,0.8403704,7.5334592,6.3308961,0.92472956,0.84158454,5.9466595,5.0046167,0.93950134,0.82068913,5.9568395,4.8887135
0b_baseline_best,file,13,baseline,570,011.Rusty_Blackbird/Rusty_Blackbird_0114_6760.jpg,11,10,011.Rusty_Blackbird,9,8,identity,identity,0,{},1.8643229,1.8643229,0,0.1550011,0.1550011,0.81612694,0.81612694,-0.66112584,-0.66112584,0,1,1,189.79362,189.79362,False,0.99999994,True,False,False,1,1,189.79362,189.79362,1,1,186.14863,186.14863,1,1,37.01762,37.01762,1,1,74.576617,74.576617,1,1,103.79883,103.79883,1,1,83.161398,83.161398,1,1,73.724769,73.724769,1,1,77.228775,77.228775
0b_baseline_best,file,13,baseline,570,011.Rusty_Blackbird/Rusty_Blackbird_0114_6760.jpg,11,10,011.Rusty_Blackbird,9,8,horizontal_flip,horizontal_flip,0,"{""flipped"":true}",1.8643229,0.74836808,-1.1159548,0.1550011,0.47313806,0.81612694,0.36539254,-0.66112584,0.10774553,0.76887137,0.65765695,0.48695167,189.79362,92.420317,False,0.9523319,False,False,True,0.65765695,0.48695167,189.79362,92.420317,0.64623803,0.48638346,186.14863,90.539614,0.93820811,0.50110598,37.01762,18.549751,0.5572826,0.31845924,74.576617,23.749613,0.69337656,0.49755441,103.79883,51.645566,0.6144625,0.4894138,83.161398,40.700336,0.6124326,0.53560658,73.724769,39.487472,0.71953695,0.54172826,77.228775,41.837009
0b_baseline_best,file,13,baseline,570,011.Rusty_Blackbird/Rusty_Blackbird_0114_6760.jpg,11,10,011.Rusty_Blackbird,9,8,color_jitter,color_jitter,0,"{""brightness"":1.082484,""contrast"":1.207176,""hue"":0.096548,""saturation"":1.143911}",1.8643229,3.9735017,2.1091788,0.1550011,0.01880746,0.81612694,0.97243989,-0.66112584,-0.95363243,-0.29250659,0.78197571,0.99206201,189.79362,188.28704,False,0.9597373,True,False,False,0.78197571,0.99206201,189.79362,188.28704,0.77418639,0.98529882,186.14863,183.41203,0.9596849,1.1499395,37.01762,42.568024,0.88090312,0.7108356,74.576617,53.011714,0.78872916,0.99580743,103.79883,103.36365,0.7016629,0.99232764,83.161398,82.523354,0.74000468,1.0447694,73.724769,77.025383,0.82317302,1.1140768,77.228775,86.038786
0b_baseline_best,file,13,baseline,570,011.Rusty_Blackbird/Rusty_Blackbird_0114_6760.jpg,11,10,011.Rusty_Blackbird,9,8,rotation,rotation,0,"{""angle"":14.657863}",1.8643229,3.1501074,1.2857845,0.1550011,0.042847525,0.81612694,0.84282213,-0.66112584,-0.79997461,-0.13884877,0.80752889,1.0127839,189.79362,192.21991,False,0.9446671,True,False,False,0.80752889,1.0127839,189.79362,192.21991,0.80234331,1.0140106,186.14863,188.75669,0.94345512,0.98125235,37.01762,36.323627,0.95092618,0.81423763,74.576617,60.723088,0.86984657,1.1361142,103.79883,117.92732,0.70444951,0.9540156,83.161398,79.337271,0.72038402,1.0336857,73.724769,76.20824,0.76366472,0.99736079,77.228775,77.024952
0b_baseline_best,file,13,baseline,570,011.Rusty_Blackbird/Rusty_Blackbird_0114_6760.jpg,11,10,011.Rusty_Blackbird,9,8,random_resized_crop,random_resized_crop,0,"{""area_fraction"":0.650055,""aspect"":1.250525,""fallback"":false,""height"":0.720989,""left"":0.065246,""top"":0.049766,""width"":0.901615}",1.8643229,5.1105709,3.246248,0.1550011,0.0060326383,0.81612694,0.87743908,-0.66112584,-0.87140644,-0.2102806,0.77961065,1.0284917,189.79362,195.20116,False,0.92716259,True,False,False,0.77961065,1.0284917,189.79362,195.20116,0.7733715,1.0236394,186.14863,190.54907,0.9253812,1.1443759,37.01762,42.362073,0.82379883,0.76037489,74.576617,56.706187,0.82753163,1.1281614,103.79883,117.10184,0.72794069,1.0010843,83.161398,83.251573,0.7241954,1.0432581,73.724769,76.913961,0.75978773,1.0466663,77.228775,80.832757
0b_baseline_best,file,13,baseline,570,011.Rusty_Blackbird/Rusty_Blackbird_0114_6760.jpg,11,10,011.Rusty_Blackbird,9,8,gaussian_blur,gaussian_blur,0,"{""sigma"":1.365255}",1.8643229,1.8160682,-0.048254728,0.1550011,0.16266409,0.81612694,0.71083802,-0.66112584,-0.54817393,0.1129519,0.77339297,0.91388687,189.79362,173.44989,False,0.96979833,True,False,False,0.77339297,0.91388687,189.79362,173.44989,0.76562762,0.91344731,186.14863,170.03696,0.96737769,0.92493274,37.01762,34.238809,0.71380316,0.7252123,74.576617,54.08388,0.7293936,0.83235857,103.79883,86.397846,0.72504875,0.92671276,83.161398,77.066729,0.8245145,1.0909133,73.724769,80.427332,0.87391277,1.0125626,77.228775,78.198971
0b_baseline_best,file,13,baseline,570,011.Rusty_Blackbird/Rusty_Blackbird_0114_6760.jpg,11,10,011.Rusty_Blackbird,9,8,random_erasing,random_erasing,0,"{""area_fraction"":0.175081,""erased"":true,""height"":0.571013,""left"":0.305979,""top"":0.170892,""width"":0.306615}",1.8643229,3.1035378,1.2392149,0.1550011,0.044890113,0.81612694,0.82509035,-0.66112584,-0.78020024,-0.1190744,0.70879078,0.77903594,189.79362,147.85605,False,0.92551661,True,False,False,0.70879078,0.77903594,189.79362,147.85605,0.69894746,0.76742558,186.14863,142.85522,0.9235709,1.0300146,37.01762,38.128689,0.83372163,0.60554362,74.576617,45.159394,0.71520315,0.65242241,103.79883,67.720683,0.66400341,0.77838024,83.161398,64.731189,0.64954713,0.88064608,73.724769,64.925429,0.71833335,0.9494658,77.228775,73.32608
0b_baseline_best,file,13,baseline,862,016.Painted_Bunting/Painted_Bunting_0034_15207.jpg,16,15,016.Painted_Bunting,14,13,identity,identity,0,{},0.0016755126,0.0016755126,0,0.99832588,0.99832588,0.00059873704,0.00059873704,0.99772715,0.99772715,0,1,1,0.22930214,0.22930214,False,1,True,True,True,1,1,0.22930214,0.22930214,1,1,0.22294537,0.22294537,1,1,0.053617464,0.053617464,1,1,0.036151312,0.036151312,1,1,0.08047101,0.08047101,1,1,0.11380062,0.11380062,1,1,0.10518537,0.10518537,1,1,0.13381926,0.13381926
0b_baseline_best,file,13,baseline,862,016.Painted_Bunting/Painted_Bunting_0034_15207.jpg,16,15,016.Painted_Bunting,14,13,horizontal_flip,horizontal_flip,0,"{""flipped"":true}",0.0016755126,0.0014006814,-0.0002748312,0.99832588,0.9986003,0.00059873704,0.00024961279,0.99772715,0.99835069,0.00062354404,0.66516656,0.90009072,0.22930214,0.20639273,False,0.97816312,True,True,True,0.66516656,0.90009072,0.22930214,0.20639273,0.65047526,0.90577503,0.22294537,0.20193835,0.95976481,0.79541438,0.053617464,0.042648102,0.58970196,0.97527483,0.036151312,0.035257464,0.51003335,0.93483949,0.08047101,0.075227478,0.59373608,0.90220124,0.11380062,0.10267106,0.60006455,0.92995497,0.10518537,0.097817656,0.78557514,0.87680717,0.13381926,0.11733369
0b_baseline_best,file,13,baseline,862,016.Painted_Bunting/Painted_Bunting_0034_15207.jpg,16,15,016.Painted_Bunting,14,13,color_jitter,color_jitter,0,"{""brightness"":0.894402,""contrast"":0.895358,""hue"":-0.015454,""saturation"":1.176656}",0.0016755126,0.0014944825,-0.00018103013,0.99832588,0.99850661,0.00059873704,0.00058939226,0.99772715,0.99791721,0.00019006606,0.85542323,1.0154911,0.22930214,0.23285429,False,0.9882043,True,True,True,0.85542323,1.0154911,0.22930214,0.23285429,0.84900866,1.0209398,0.22294537,0.22761382,0.98378101,0.91617534,0.053617464,0.049122998,0.62261665,1.0635901,0.036151312,0.038450178,0.75663821,1.248444,0.08047101,0.10046355,0.84721057,1.1123482,0.11380062,0.12658592,0.87102628,0.9728539,0.10518537,0.10233,0.92568515,0.8759817,0.13381926,0.11722322
0b_baseline_best,file,13,baseline,862,016.Painted_Bunting/Painted_Bunting_0034_15207.jpg,16,15,016.Painted_Bunting,14,13,rotation,rotation,0,"{""angle"":4.303533}",0.0016755126,0.0022508781,0.0005753655,0.99832588,0.99775165,0.00059873704,0.00045680901,0.99772715,0.99729484,-0.00043230312,0.82823752,1.4053617,0.22930214,0.32225245,False,0.98863924,True,True,True,0.82823752,1.4053617,0.22930214,0.32225245,0.82032359,1.4073408,0.22294537,0.31376013,0.96899748,1.3706918,0.053617464,0.07349302,0.64162856,1.7013427,0.036151312,0.061505772,0.72217898,1.4283435,0.08047101,0.11494024,0.79296062,1.4258332,0.11380062,0.16226071,0.81029711,1.4033673,0.10518537,0.1476137,0.90262656,1.3643244,0.13381926,0.18257288
0b_baseline_best,file,13,baseline,862,016.Painted_Bunting/Painted_Bunting_0034_15207.jpg,16,15,016.Painted_Bunting,14,13,random_resized_crop,random_resized_crop,0,"{""area_fraction"":0.605371,""aspect"":1.028735,""fallback"":false,""height"":0.767113,""left"":0.023369,""top"":0.056961,""width"":0.789155}",0.0016755126,0.00044967554,-0.0012258371,0.99832588,0.9995504,0.00059873704,0.0001584564,0.99772715,0.99939195,0.0016647985,0.74766429,0.31464753,0.22930214,0.072149352,False,0.98016781,True,True,True,0.74766429,0.31464753,0.22930214,0.072149352,0.73440608,0.31446007,0.22294537,0.070107418,0.97447433,0.31787114,0.053617464,0.017043444,0.71374683,0.4294305,0.036151312,0.015524476,0.65939575,0.35101156,0.08047101,0.028246255,0.7080339,0.3134925,0.11380062,0.035675642,0.70023306,0.31120927,0.10518537,0.032734662,0.81981891,0.29247839,0.13381926,0.039139242
0b_baseline_best,file,13,baseline,862,016.Painted_Bunting/Painted_Bunting_0034_15207.jpg,16,15,016.Painted_Bunting,14,13,gaussian_blur,gaussian_blur,0,"{""sigma"":1.075982}",0.0016755126,0.0044554016,0.0027798889,0.99832588,0.99555451,0.00059873704,0.001834187,0.99772715,0.99372032,-0.0040068275,0.67831526,3.2991369,0.22930214,0.75649916,False,0.96623409,True,True,True,0.67831526,3.2991369,0.22930214,0.75649916,0.66432342,3.3190541,0.22294537,0.73996776,0.9569519,2.9334733,0.053617464,0.1572854,0.44210241,4.398243,0.036151312,0.15900225,0.51801955,4.205296,0.08047101,0.33840442,0.63937361,3.5257181,0.11380062,0.40122892,0.6960616,3.298229,0.10518537,0.34692543,0.80609836,2.6568926,0.13381926,0.35554341
0b_baseline_best,file,13,baseline,862,016.Painted_Bunting/Painted_Bunting_0034_15207.jpg,16,15,016.Painted_Bunting,14,13,random_erasing,random_erasing,0,"{""area_fraction"":0.195512,""erased"":true,""height"":0.26477,""left"":0.085608,""top"":0.069767,""width"":0.738423}",0.0016755126,0.017582854,0.015907342,0.99832588,0.98257083,0.00059873704,0.0034918427,0.99772715,0.97907898,-0.018648163,0.70383725,10.617845,0.22930214,2.4346945,False,0.93578672,True,True,True,0.70383725,10.617845,0.22930214,2.4346945,0.69416449,10.711708,0.22294537,2.3881258,0.91895318,8.8387582,0.053617464,0.4739118,0.58927148,13.595066,0.036151312,0.49147945,0.68152327,11.959208,0.08047101,0.96236956,0.69288742,10.282129,0.11380062,1.1701126,0.66173666,11.092117,0.10518537,1.1667285,0.73900789,10.039735,0.13381926,1.3435099
0b_baseline_best,file,13,baseline,8466,145.Elegant_Tern/Elegant_Tern_0032_150488.jpg,145,144,145.Elegant_Tern,143,142,identity,identity,0,{},0.24395756,0.24395756,0,0.78352088,0.78352088,0.12538719,0.12538719,0.65813369,0.65813369,0,1,1,28.023334,28.023334,False,1,True,True,True,1,1,28.023334,28.023334,1,1,26.934767,26.934767,1,1,7.7347003,7.7347003,1,1,5.5651378,5.5651378,1,1,13.730445,13.730445,1,1,12.657841,12.657841,1,1,12.061061,12.061061,1,1,14.152585,14.152585
0b_baseline_best,file,13,baseline,8466,145.Elegant_Tern/Elegant_Tern_0032_150488.jpg,145,144,145.Elegant_Tern,143,142,horizontal_flip,horizontal_flip,0,"{""flipped"":true}",0.24395756,0.22446238,-0.019495189,0.78352088,0.79894567,0.12538719,0.082334206,0.65813369,0.71661146,0.058477774,0.67519126,0.95626441,28.023334,26.797717,False,0.97807252,True,True,True,0.67519126,0.95626441,28.023334,26.797717,0.65585182,0.96730624,26.934767,26.054168,0.96499497,0.8104785,7.7347003,6.2688083,0.60769026,0.77494948,5.5651378,4.3127006,0.7024656,0.88387325,13.730445,12.135973,0.63634534,1.0214436,12.657841,12.92927,0.56416794,1.0557724,12.061061,12.733736,0.7186691,0.95747935,14.152585,13.550808
0b_baseline_best,file,13,baseline,8466,145.Elegant_Tern/Elegant_Tern_0032_150488.jpg,145,144,145.Elegant_Tern,143,142,color_jitter,color_jitter,0,"{""brightness"":0.614174,""contrast"":1.33129,""hue"":-0.050594,""saturation"":1.083633}",0.24395756,2.0639453,1.8199877,0.78352088,0.1269521,0.12538719,0.79574949,0.65813369,-0.66879739,-1.3269311,0.59429405,4.4730826,28.023334,125.35069,False,0.83923841,False,True,False,0.59429405,4.4730826,28.023334,125.35069,0.57924186,4.4996311,26.934767,121.19651,0.79474125,4.1376039,7.7347003,32.003126,0.54165467,5.6818398,5.5651378,31.620221,0.65138185,4.5905731,13.730445,63.030611,0.55234855,4.4819961,12.657841,56.732393,0.51143144,4.5727141,12.061061,55.151785,0.59496842,4.1536213,14.152585,58.784478
0b_baseline_best,file,13,baseline,8466,145.Elegant_Tern/Elegant_Tern_0032_150488.jpg,145,144,145.Elegant_Tern,143,142,rotation,rotation,0,"{""angle"":-14.886423}",0.24395756,0.35914326,0.11518569,0.78352088,0.69827431,0.12538719,0.057207219,0.65813369,0.6410671,-0.01706659,0.62937607,1.472375,28.023334,41.260858,False,0.94800079,True,True,True,0.62937607,1.472375,28.023334,41.260858,0.61282115,1.4890824,26.934767,40.108087,0.87697347,1.2521527,7.7347003,9.6850255,0.64255582,1.3635459,5.5651378,7.5883211,0.65464603,1.42124,13.730445,19.514257,0.53870113,1.4271862,12.657841,18.065095,0.5821522,1.5968584,12.061061,19.259807,0.65329335,1.536691,14.152585,21.748149
0b_baseline_best,file,13,baseline,8466,145.Elegant_Tern/Elegant_Tern_0032_150488.jpg,145,144,145.Elegant_Tern,143,142,random_resized_crop,random_resized_crop,0,"{""area_fraction"":0.513507,""aspect"":0.939065,""fallback"":false,""height"":0.739478,""left"":0.153667,""top"":0.187863,""width"":0.694418}",0.24395756,0.32585505,0.081897482,0.78352088,0.72190982,0.12538719,0.10550839,0.65813369,0.61640143,-0.041732252,0.64332564,1.3325316,28.023334,37.341979,False,0.91648805,True,True,True,0.64332564,1.3325316,28.023334,37.341979,0.62939443,1.3547136,26.934767,36.488895,0.88987793,1.0260567,7.7347003,7.9362408,0.63533049,1.3764364,5.5651378,7.6600583,0.65679314,1.3316134,13.730445,18.283645,0.6215294,1.5001085,12.657841,18.988134,0.57087928,1.3712783,12.061061,16.539072,0.66157815,1.2327446,14.152585,17.446523
0b_baseline_best,file,13,baseline,8466,145.Elegant_Tern/Elegant_Tern_0032_150488.jpg,145,144,145.Elegant_Tern,143,142,gaussian_blur,gaussian_blur,0,"{""sigma"":1.77781}",0.24395756,0.40741926,0.1634617,0.78352088,0.66536516,0.12538719,0.17454356,0.65813369,0.4908216,-0.16731209,0.57142316,1.7039216,28.023334,47.749563,False,0.91299635,True,True,True,0.57142316,1.7039216,28.023334,47.749563,0.5554248,1.7390306,26.934767,46.840383,0.89057104,1.1989578,7.7347003,9.273579,0.60876618,1.8743998,5.5651378,10.431293,0.48092408,1.6012255,13.730445,21.985539,0.53002337,1.9666255,12.657841,24.893233,0.52367432,1.8782417,12.061061,22.653588,0.68562467,1.5301885,14.152585,21.656122
0b_baseline_best,file,13,baseline,8466,145.Elegant_Tern/Elegant_Tern_0032_150488.jpg,145,144,145.Elegant_Tern,143,142,random_erasing,random_erasing,0,"{""area_fraction"":0.182623,""erased"":true,""height"":0.592672,""left"":0.027593,""top"":0.134812,""width"":0.308134}",0.24395756,0.74213427,0.49817671,0.78352088,0.47609672,0.12538719,0.3226375,0.65813369,0.15345922,-0.50467446,0.7230402,2.8473585,28.023334,79.792479,False,0.87681085,True,True,True,0.7230402,2.8473585,28.023334,79.792479,0.71556603,2.8878023,26.934767,77.782282,0.85435495,2.3010133,7.7347003,17.797648,0.69646561,2.5595631,5.5651378,14.244321,0.78577485,2.6804735,13.730445,36.804095,0.71963746,3.2498739,12.657841,41.136386,0.65308339,2.9937786,12.061061,36.108146,0.70814923,2.7335249,14.152585,38.686442
0b_baseline_best,file,13,baseline,2787,049.Boat_tailed_Grackle/Boat_Tailed_Grackle_0030_33615.jpg,49,48,049.Boat_tailed_Grackle,11,10,identity,identity,0,{},0.66449344,0.66449344,0,0.51453412,0.51453412,0.18318309,0.18318309,0.33135103,0.33135103,0,1,1,64.800169,64.800169,False,1.0000001,True,True,True,1,1,64.800169,64.800169,1,1,63.244653,63.244653,1,1,14.112962,14.112962,1,1,19.420095,19.420095,1,1,27.447551,27.447551,1,1,27.606187,27.606187,1,1,30.57552,30.57552,1,1,34.240533,34.240533
0b_baseline_best,file,13,baseline,2787,049.Boat_tailed_Grackle/Boat_Tailed_Grackle_0030_33615.jpg,49,48,049.Boat_tailed_Grackle,11,10,horizontal_flip,horizontal_flip,0,"{""flipped"":true}",0.66449344,0.54103345,-0.12345999,0.51453412,0.58214635,0.18318309,0.23781522,0.33135103,0.34433113,0.012980103,0.62830564,0.9725062,64.800169,63.018566,False,0.96405447,True,True,True,0.62830564,0.9725062,64.800169,63.018566,0.61212797,0.97229474,63.244653,61.492444,0.95171562,0.97674297,14.112962,13.784737,0.5859935,1.1001765,19.420095,21.365532,0.66443282,0.99589887,27.447551,27.334984,0.53092814,0.98870557,27.606187,27.294391,0.53645959,0.94222372,30.57552,28.80898,0.70682472,0.92479039,34.240533,31.665316
0b_baseline_best,file,13,baseline,2787,049.Boat_tailed_Grackle/Boat_Tailed_Grackle_0030_33615.jpg,49,48,049.Boat_tailed_Grackle,11,10,color_jitter,color_jitter,0,"{""brightness"":0.850935,""contrast"":0.82149,""hue"":-0.070851,""saturation"":1.112576}",0.66449344,1.7726032,1.1081097,0.51453412,0.16989017,0.18318309,0.23803996,0.33135103,-0.06814979,-0.39950082,0.73194746,1.7017924,64.800169,110.27644,False,0.92658496,False,True,False,0.73194746,1.7017924,64.800169,110.27644,0.72402624,1.7109566,63.244653,108.20886,0.91838761,1.5059965,14.112962,21.254072,0.85430857,1.5683529,19.420095,30.457562,0.66238403,1.8104381,27.447551,49.692091,0.69259988,1.7980555,27.606187,49.637455,0.71066955,1.6936797,30.57552,51.785137,0.76390564,1.6434517,34.240533,56.272663
0b_baseline_best,file,13,baseline,2787,049.Boat_tailed_Grackle/Boat_Tailed_Grackle_0030_33615.jpg,49,48,049.Boat_tailed_Grackle,11,10,rotation,rotation,0,"{""angle"":6.787145}",0.66449344,0.6300981,-0.034395337,0.51453412,0.53253955,0.18318309,0.29552576,0.33135103,0.23701379,-0.09433724,0.73488377,1.2957563,64.800169,83.965224,False,0.95488942,True,True,True,0.73488377,1.2957563,64.800169,83.965224,0.72647884,1.3030494,63.244653,82.410907,0.93425241,1.1394548,14.112962,16.081083,0.62138964,1.2086931,19.420095,23.472935,0.75196821,1.5117005,27.447551,41.492477,0.68391596,1.4493547,27.606187,40.011156,0.71015651,1.2264411,30.57552,37.499075,0.80904387,1.1355811,34.240533,38.882902
0b_baseline_best,file,13,baseline,2787,049.Boat_tailed_Grackle/Boat_Tailed_Grackle_0030_33615.jpg,49,48,049.Boat_tailed_Grackle,11,10,random_resized_crop,random_resized_crop,0,"{""area_fraction"":0.817665,""aspect"":1.164103,""fallback"":false,""height"":0.838093,""left"":0.013023,""top"":0.124974,""width"":0.975626}",0.66449344,0.93053138,0.26603794,0.51453412,0.39434412,0.18318309,0.29938442,0.33135103,0.094959706,-0.23639132,0.74238671,1.5220136,64.800169,98.626737,False,0.96576601,True,True,True,0.74238671,1.5220136,64.800169,98.626737,0.73355975,1.531996,63.244653,96.890558,0.95954088,1.3054843,14.112962,18.424251,0.5343738,1.2016681,19.420095,23.336509,0.73431231,1.6313684,27.447551,44.777067,0.70749422,1.792444,27.606187,49.482544,0.75731102,1.5383288,30.57552,47.035202,0.81045009,1.3627794,34.240533,46.662293
0b_baseline_best,file,13,baseline,2787,049.Boat_tailed_Grackle/Boat_Tailed_Grackle_0030_33615.jpg,49,48,049.Boat_tailed_Grackle,11,10,gaussian_blur,gaussian_blur,0,"{""sigma"":1.014402}",0.66449344,0.29899508,-0.36549836,0.51453412,0.74156308,0.18318309,0.021881629,0.33135103,0.71968145,0.38833043,0.57707347,0.62557767,64.800169,40.537539,False,0.94350547,True,True,True,0.57707347,0.62557767,64.800169,40.537539,0.56526534,0.63123147,63.244653,39.922015,0.89275404,0.49864676,14.112962,7.0373829,0.18953061,0.6760408,19.420095,13.128776,0.46897019,0.66130576,27.447551,18.151223,0.56310648,0.74689339,27.606187,20.618878,0.63757891,0.57319224,30.57552,17.525651,0.74392637,0.55385865,34.240533,18.964415
0b_baseline_best,file,13,baseline,2787,049.Boat_tailed_Grackle/Boat_Tailed_Grackle_0030_33615.jpg,49,48,049.Boat_tailed_Grackle,11,10,random_erasing,random_erasing,0,"{""area_fraction"":0.173714,""erased"":true,""height"":0.744558,""left"":0.450821,""top"":0.12632,""width"":0.233312}",0.66449344,3.848779,3.1842855,0.51453412,0.021305738,0.18318309,0.020360705,0.33135103,0.00094503351,-0.33040599,0.41186719,1.9600329,64.800169,127.01046,False,0.83574557,False,True,False,0.41186719,1.9600329,64.800169,127.01046,0.39916787,1.9809198,63.244653,125.28259,0.77037616,1.4794179,14.112962,20.87897,0.54563321,1.9280343,19.420095,37.442609,0.24686406,2.1026342,27.447551,57.712159,0.34553111,2.0904227,27.606187,57.7086,0.34915971,1.8665463,30.57552,57.070623,0.53653554,1.931904,34.240533,66.149422
0b_baseline_best,file,13,baseline,2661,047.American_Goldfinch/American_Goldfinch_0053_32359.jpg,47,46,047.American_Goldfinch,55,54,identity,identity,0,{},0.00794678,0.00794678,0,0.99208474,0.99208474,0.0029711153,0.0029711153,0.98911363,0.98911363,0,1,1,1.2360425,1.2360425,False,1,True,True,True,1,1,1.2360425,1.2360425,1,1,1.2148466,1.2148466,1,1,0.227923,0.227923,1,1,0.25848282,0.25848282,1,1,0.47378661,0.47378661,1,1,0.61564568,0.61564568,1,1,0.59556428,0.59556428,1,1,0.6714527,0.6714527
0b_baseline_best,file,13,baseline,2661,047.American_Goldfinch/American_Goldfinch_0053_32359.jpg,47,46,047.American_Goldfinch,55,54,horizontal_flip,horizontal_flip,0,"{""flipped"":true}",0.00794678,0.011652385,0.0037056049,0.99208474,0.98841524,0.0029711153,0.0015984084,0.98911363,0.98681683,-0.0022967935,0.56880602,1.3013201,1.2360425,1.608487,False,0.96972179,True,True,True,0.56880602,1.3013201,1.2360425,1.608487,0.5558345,1.3003487,1.2148466,1.5797243,0.92960873,1.3286184,0.227923,0.3028227,0.34685667,1.3074559,0.25848282,0.33795489,0.47431672,1.2766838,0.47378661,0.60487568,0.45387273,1.3412769,0.61564568,0.82575131,0.5503608,1.3180964,0.59556428,0.78501111,0.72524803,1.2613772,0.6714527,0.84695511
0b_baseline_best,file,13,baseline,2661,047.American_Goldfinch/American_Goldfinch_0053_32359.jpg,47,46,047.American_Goldfinch,55,54,color_jitter,color_jitter,0,"{""brightness"":0.707977,""contrast"":1.087143,""hue"":-0.073238,""saturation"":0.907021}",0.00794678,3.1444225,3.1364758,0.99208474,0.043091796,0.0029711153,0.044166993,0.98911363,-0.001075197,-0.99018882,0.50674342,178.60654,1.2360425,220.76528,False,0.76077724,False,True,False,0.50674342,178.60654,1.2360425,220.76528,0.50469843,180.52624,1.2148466,219.31169,0.66108381,110.96768,0.227923,25.292087,0.26997679,245.11983,0.25848282,63.359264,0.53634483,232.60966,0.47378661,110.20734,0.66362059,206.78209,0.61564568,127.3045,0.4686659,150.69765,0.59556428,89.750137,0.42459719,130.48278,0.6714527,87.613015
0b_baseline_best,file,13,baseline,2661,047.American_Goldfinch/American_Goldfinch_0053_32359.jpg,47,46,047.American_Goldfinch,55,54,rotation,rotation,0,"{""angle"":13.407675}",0.00794678,0.012690855,0.0047440752,0.99208474,0.98738933,0.0029711153,0.00020888503,0.98911363,0.98718044,-0.0019331852,0.49143782,2.0049264,1.2360425,2.4781744,False,0.947855,True,True,True,0.49143782,2.0049264,1.2360425,2.4781744,0.48166018,2.0079113,1.2148466,2.4393042,0.78270795,1.9181874,0.227923,0.43719904,0.22783344,1.7778664,0.25848282,0.45954791,0.30578308,1.9673908,0.47378661,0.93212343,0.45862577,2.1980098,0.61564568,1.3531953,0.53507882,2.2504187,0.59556428,1.340269,0.60927661,1.6602336,0.6714527,1.1147683
0b_baseline_best,file,13,baseline,2661,047.American_Goldfinch/American_Goldfinch_0053_32359.jpg,47,46,047.American_Goldfinch,55,54,random_resized_crop,random_resized_crop,0,"{""area_fraction"":0.576205,""aspect"":0.817467,""fallback"":false,""height"":0.839563,""left"":0.304673,""top"":0.004961,""width"":0.686316}",0.00794678,5.0834908,5.0755441,0.99208474,0.0061982339,0.0029711153,0.0040011154,0.98911363,0.0021971185,-0.98691651,0.28566075,101.05285,1.2360425,124.90562,False,0.67107129,False,True,False,0.28566075,101.05285,1.2360425,124.90562,0.27448965,100.74274,1.2148466,122.38697,0.57861118,109.49674,0.227923,24.956826,0.16397378,82.968124,0.25848282,21.445834,0.1325721,93.301397,0.47378661,44.204952,0.34035027,112.19567,0.61564568,69.072779,0.2834251,97.67999,0.59556428,58.174713,0.28782802,98.893012,0.6714527,66.40198
0b_baseline_best,file,13,baseline,2661,047.American_Goldfinch/American_Goldfinch_0053_32359.jpg,47,46,047.American_Goldfinch,55,54,gaussian_blur,gaussian_blur,0,"{""sigma"":1.068318}",0.00794678,0.0026963328,-0.0052504472,0.99208474,0.9973073,0.0029711153,0.00077588926,0.98911363,0.99653141,0.007417785,0.7165489,0.3329059,1.2360425,0.41148586,False,0.9691757,True,True,True,0.7165489,0.3329059,1.2360425,0.41148586,0.70787154,0.33299987,1.2148466,0.40454377,0.96516591,0.33022497,0.227923,0.075265867,0.41737148,0.32775559,0.25848282,0.084719187,0.59184392,0.32008913,0.47378661,0.15165394,0.6392147,0.33056669,0.61564568,0.20351196,0.73231948,0.35305681,0.59556428,0.21026803,0.84716841,0.32577962,0.6714527,0.21874561
0b_baseline_best,file,13,baseline,2661,047.American_Goldfinch/American_Goldfinch_0053_32359.jpg,47,46,047.American_Goldfinch,55,54,random_erasing,random_erasing,0,"{""area_fraction"":0.100963,""erased"":true,""height"":0.327403,""left"":0.118412,""top"":0.250872,""width"":0.308374}",0.00794678,0.92735702,0.91941024,0.99208474,0.39559788,0.0029711153,0.006971343,0.98911363,0.38862653,-0.60048709,0.5439597,81.545414,1.2360425,100.7936,False,0.81131983,True,True,True,0.5439597,81.545414,1.2360425,100.7936,0.53887642,81.760138,1.2148466,99.326026,0.70284445,75.189431,0.227923,17.137401,0.57919952,75.60212,0.25848282,19.541849,0.47933778,79.860054,0.47378661,37.836624,0.57334083,83.626599,0.61564568,51.484355,0.57985671,96.380705,0.59556428,57.400905,0.50326314,68.356858,0.6714527,45.898397
0b_baseline_best,file,13,baseline,10932,186.Cedar_Waxwing/Cedar_Waxwing_0031_178929.jpg,186,185,186.Cedar_Waxwing,111,110,identity,identity,0,{},3.8054757,3.8054757,0,0.022248615,0.022248615,0.52588189,0.52588189,-0.50363327,-0.50363327,0,1,1,260.79043,260.79043,False,1,True,False,False,1,1,260.79043,260.79043,1,1,258.77494,258.77494,1,1,32.360182,32.360182,1,1,55.888393,55.888393,1,1,134.26832,134.26832,1,1,145.97714,145.97714,1,1,123.17306,123.17306,1,1,96.602519,96.602519
0b_baseline_best,file,13,baseline,10932,186.Cedar_Waxwing/Cedar_Waxwing_0031_178929.jpg,186,185,186.Cedar_Waxwing,111,110,horizontal_flip,horizontal_flip,0,"{""flipped"":true}",3.8054757,6.6653771,2.8599014,0.022248615,0.0012742758,0.52588189,0.58669317,-0.50363327,-0.58541889,-0.08178562,0.62744507,0.94256428,260.79043,245.81175,False,0.91083461,True,False,False,0.62744507,0.94256428,260.79043,245.81175,0.62261409,0.94085024,258.77494,243.46846,0.90870952,1.0463581,32.360182,33.860339,0.62858824,0.97588612,55.888393,54.540707,0.60991023,0.84583258,134.26832,113.56852,0.60726613,0.99482519,145.97714,145.22174,0.60894272,0.95046799,123.17306,117.07205,0.70911445,0.96048901,96.602519,92.785657
0b_baseline_best,file,13,baseline,10932,186.Cedar_Waxwing/Cedar_Waxwing_0031_178929.jpg,186,185,186.Cedar_Waxwing,111,110,color_jitter,color_jitter,0,"{""brightness"":0.903293,""contrast"":0.692247,""hue"":0.086033,""saturation"":0.664529}",3.8054757,6.9892974,3.1838217,0.022248615,0.00092169392,0.52588189,0.0084151197,-0.50363327,-0.0074934258,0.49613985,0.34650609,0.53807419,260.79043,140.3246,False,0.7837984,False,False,False,0.34650609,0.53807419,260.79043,140.3246,0.33998521,0.52608878,258.77494,136.13859,0.63866174,1.0512544,32.360182,34.018784,0.21829469,0.40707391,55.888393,22.750707,0.37211697,0.52772373,134.26832,70.856579,0.35915818,0.53398269,145.97714,77.949265,0.27284127,0.45563937,123.17306,56.122493,0.3686868,0.63556757,96.602519,61.397428
0b_baseline_best,file,13,baseline,10932,186.Cedar_Waxwing/Cedar_Waxwing_0031_178929.jpg,186,185,186.Cedar_Waxwing,111,110,rotation,rotation,0,"{""angle"":-0.881884}",3.8054757,4.3632765,0.55780077,0.022248615,0.012736587,0.52588189,0.32544827,-0.50363327,-0.31271169,0.19092158,0.91948838,0.73185388,260.79043,190.86049,False,0.98202193,True,False,False,0.91948838,0.73185388,260.79043,190.86049,0.91904177,0.72889983,258.77494,188.62101,0.96290325,0.90086159,32.360182,29.152045,0.89962597,0.75786967,55.888393,42.356118,0.92304429,0.71068259,134.26832,95.422158,0.93074414,0.71893575,145.97714,104.94818,0.91460966,0.70536796,123.17306,86.882326,0.9075445,0.80953949,96.602519,78.203554
0b_baseline_best,file,13,baseline,10932,186.Cedar_Waxwing/Cedar_Waxwing_0031_178929.jpg,186,185,186.Cedar_Waxwing,111,110,random_resized_crop,random_resized_crop,0,"{""area_fraction"":0.575741,""aspect"":0.797099,""fallback"":false,""height"":0.84988,""left"":0.016217,""top"":0.09193,""width"":0.677438}",3.8054757,6.1956139,2.3901381,0.022248615,0.0020383513,0.52588189,0.36658505,-0.50363327,-0.36454669,0.13908658,0.70995687,0.87943655,260.79043,229.34864,False,0.91952354,False,False,False,0.70995687,0.87943655,260.79043,229.34864,0.70722695,0.87640278,258.77494,226.79107,0.86698629,1.0554827,32.360182,34.155613,0.54561685,0.80375957,55.888393,44.920831,0.74793999,0.84253059,134.26832,113.12517,0.72199732,0.87655397,145.97714,127.95684,0.68119964,0.90654957,123.17306,111.66248,0.69490198,0.91292014,96.602519,88.190385
0b_baseline_best,file,13,baseline,10932,186.Cedar_Waxwing/Cedar_Waxwing_0031_178929.jpg,186,185,186.Cedar_Waxwing,111,110,gaussian_blur,gaussian_blur,0,"{""sigma"":1.421682}",3.8054757,5.8191466,2.0136709,0.022248615,0.0029701393,0.52588189,0.061310209,-0.50363327,-0.05834007,0.4452932,0.54925473,0.51618547,260.79043,134.61623,False,0.87125963,False,False,False,0.54925473,0.51618547,260.79043,134.61623,0.54513851,0.50974705,258.77494,131.90976,0.77573344,0.8299662,32.360182,26.857858,0.49811559,0.59707956,55.888393,33.369817,0.61844687,0.4362344,134.26832,58.572461,0.52797249,0.47430803,145.97714,69.23813,0.48898122,0.52549287,123.17306,64.726563,0.59566135,0.64417678,96.602519,62.2291
0b_baseline_best,file,13,baseline,10932,186.Cedar_Waxwing/Cedar_Waxwing_0031_178929.jpg,186,185,186.Cedar_Waxwing,111,110,random_erasing,random_erasing,0,"{""area_fraction"":0.133673,""erased"":true,""height"":0.345793,""left"":0.387989,""top"":0.503623,""width"":0.386571}",3.8054757,3.3772078,-0.42826796,0.022248615,0.034142662,0.52588189,0.4359532,-0.50363327,-0.40181054,0.10182273,0.76553966,0.84358476,260.79043,219.99883,False,0.88167888,True,False,False,0.76553966,0.84358476,260.79043,219.99883,0.76381111,0.84318074,258.77494,218.19404,0.87313115,0.86903098,32.360182,28.122001,0.83526643,0.74996054,55.888393,41.91409,0.79531011,0.74640688,134.26832,100.2188,0.7911269,0.88457219,145.97714,129.12732,0.73821169,0.88738137,123.17306,109.30147,0.68593912,0.8775996,96.602519,84.778332
0b_baseline_best,file,13,baseline,7598,130.Tree_Sparrow/Tree_Sparrow_0039_124140.jpg,130,129,130.Tree_Sparrow,133,132,identity,identity,0,{},3.2121768,3.2121768,0,0.040268857,0.040268857,0.77007765,0.77007765,-0.72980879,-0.72980879,0,1,1,214.83617,214.83617,False,1.0000001,True,False,False,1,1,214.83617,214.83617,1,1,212.24942,212.24942,1,1,33.237962,33.237962,1,1,42.35122,42.35122,1,1,100.49215,100.49215,1,1,113.8327,113.8327,1,1,103.94813,103.94813,1,1,96.92483,96.92483
0b_baseline_best,file,13,baseline,7598,130.Tree_Sparrow/Tree_Sparrow_0039_124140.jpg,130,129,130.Tree_Sparrow,133,132,horizontal_flip,horizontal_flip,0,"{""flipped"":true}",3.2121768,0.6723541,-2.5398227,0.040268857,0.51050538,0.77007765,0.1591064,-0.72980879,0.35139897,1.0812078,0.60927962,0.36908882,214.83617,79.293628,False,0.95943415,False,False,True,0.60927962,0.36908882,214.83617,79.293628,0.60223518,0.36538079,212.24942,77.551862,0.84855058,0.49727496,33.237962,16.528406,0.66664367,0.35556552,42.35122,15.058634,0.65195054,0.34323178,100.49215,34.492099,0.51968018,0.35987185,113.8327,40.965185,0.58154861,0.35790683,103.94813,37.203745,0.6728861,0.40429483,96.92483,39.186207
0b_baseline_best,file,13,baseline,7598,130.Tree_Sparrow/Tree_Sparrow_0039_124140.jpg,130,129,130.Tree_Sparrow,133,132,color_jitter,color_jitter,0,"{""brightness"":0.912241,""contrast"":0.924698,""hue"":0.051104,""saturation"":1.274153}",3.2121768,6.8318672,3.6196904,0.040268857,0.0010788417,0.77007765,0.43961096,-0.72980879,-0.43853212,0.29127667,0.63250824,0.64858449,214.83617,139.33941,False,0.82853466,True,False,False,0.63250824,0.64858449,214.83617,139.33941,0.63059618,0.63512711,212.24942,134.80536,0.76066928,1.0607145,33.237962,35.255988,0.4815302,0.63977584,42.35122,27.095287,0.71450034,0.60279166,100.49215,60.57583,0.66966866,0.62878737,113.8327,71.576566,0.5892289,0.61479405,103.94813,63.90669,0.57594515,0.69682707,96.92483,67.539845
0b_baseline_best,file,13,baseline,7598,130.Tree_Sparrow/Tree_Sparrow_0039_124140.jpg,130,129,130.Tree_Sparrow,133,132,rotation,rotation,0,"{""angle"":-2.282451}",3.2121768,3.047482,-0.16469479,0.040268857,0.047478329,0.77007765,0.66863495,-0.72980879,-0.62115662,0.10865217,0.86603533,0.96225203,214.83617,206.72654,False,0.97795093,True,False,False,0.86603533,0.96225203,214.83617,206.72654,0.86359322,0.96382129,212.24942,204.57051,0.97542633,0.89592302,33.237962,29.778655,0.86488579,1.1357845,42.35122,48.101861,0.85393619,1.0566028,100.49215,106.18029,0.86040191,0.93417304,113.8327,106.33944,0.8597894,0.95076825,103.94813,98.830579,0.89770728,0.87456723,96.92483,84.76728
0b_baseline_best,file,13,baseline,7598,130.Tree_Sparrow/Tree_Sparrow_0039_124140.jpg,130,129,130.Tree_Sparrow,133,132,random_resized_crop,random_resized_crop,0,"{""area_fraction"":0.583443,""aspect"":1.202625,""fallback"":false,""height"":0.696521,""left"":0.026281,""top"":0.178893,""width"":0.837653}",3.2121768,2.3310857,-0.88109112,0.040268857,0.097190179,0.77007765,0.55219513,-0.72980879,-0.45500495,0.27480384,0.72797481,0.97474392,214.83617,209.41025,False,0.90515029,True,False,False,0.72797481,0.97474392,214.83617,209.41025,0.72437233,0.97613457,212.24942,207.184,0.88590645,0.91623992,33.237962,30.453948,0.6661015,1.0923266,42.35122,46.261363,0.76052474,0.992907,100.49215,99.779358,0.71177177,0.97363079,113.8327,110.83103,0.70405856,1.0053399,103.94813,104.5032,0.74381113,0.90090192,96.92483,87.319765
0b_baseline_best,file,13,baseline,7598,130.Tree_Sparrow/Tree_Sparrow_0039_124140.jpg,130,129,130.Tree_Sparrow,133,132,gaussian_blur,gaussian_blur,0,"{""sigma"":1.952207}",3.2121768,4.3179498,1.105773,0.040268857,0.013327181,0.77007765,0.017512629,-0.72980879,-0.0041854475,0.72562334,0.33896732,0.48286263,214.83617,103.73636,False,0.80045152,False,False,False,0.33896732,0.48286263,214.83617,103.73636,0.3300169,0.47622303,212.24942,101.07806,0.61146827,0.70201656,33.237962,23.3336,0.13056324,0.50371873,42.35122,21.333103,0.33941841,0.44948344,100.49215,45.169557,0.30746557,0.4556305,113.8327,51.865652,0.34158971,0.48320193,103.94813,50.227935,0.37546982,0.51673925,96.92483,50.084864
0b_baseline_best,file,13,baseline,7598,130.Tree_Sparrow/Tree_Sparrow_0039_124140.jpg,130,129,130.Tree_Sparrow,133,132,random_erasing,random_erasing,0,"{""area_fraction"":0.129329,""erased"":true,""height"":0.353103,""left"":0.013885,""top"":0.165811,""width"":0.366265}",3.2121768,3.2973709,0.085194111,0.040268857,0.036980268,0.77007765,0.7237348,-0.72980879,-0.68675453,0.04305426,0.93306837,0.91889757,214.83617,197.41243,False,0.97362942,True,False,False,0.93306837,0.91889757,214.83617,197.41243,0.93209582,0.91742211,212.24942,194.72231,0.97211242,0.97716775,33.237962,32.479064,0.95332793,0.89807818,42.35122,38.034707,0.94006804,0.86488922,100.49215,86.914576,0.94161484,0.92674239,113.8327,105.49359,0.92181047,0.93652758,103.94813,97.350288,0.92140702,0.94051561,96.92483,91.159315
0b_baseline_best,file,13,baseline,5609,096.Hooded_Oriole/Hooded_Oriole_0079_89978.jpg,96,95,096.Hooded_Oriole,95,94,identity,identity,0,{},0.022120761,0.022120761,0,0.97812212,0.97812212,0.0028666442,0.0028666442,0.97525547,0.97525547,0,1,1,3.1708792,3.1708792,False,1,True,True,True,1,1,3.1708792,3.1708792,1,1,3.1181924,3.1181924,1,1,0.57563111,0.57563111,1,1,0.73560615,0.73560615,1,1,1.166685,1.166685,1,1,1.5816876,1.5816876,1,1,1.5940111,1.5940111,1,1,1.6668072,1.6668072
0b_baseline_best,file,13,baseline,5609,096.Hooded_Oriole/Hooded_Oriole_0079_89978.jpg,96,95,096.Hooded_Oriole,95,94,horizontal_flip,horizontal_flip,0,"{""flipped"":true}",0.022120761,0.0081628282,-0.013957933,0.97812212,0.9918704,0.0028666442,0.00063745014,0.97525547,0.99123295,0.015977482,0.61919738,0.34865216,3.1708792,1.1055339,False,0.97648621,True,True,True,0.61919738,0.34865216,3.1708792,1.1055339,0.60580666,0.34721503,3.1181924,1.0826833,0.97417131,0.38846324,0.57563111,0.22361153,0.1117476,0.27132616,0.73560615,0.19958919,0.47683382,0.32218972,1.166685,0.37589393,0.56869979,0.31511395,1.5816876,0.49841184,0.6096262,0.36411338,1.5940111,0.58040077,0.76038038,0.3821784,1.6668072,0.6370177
0b_baseline_best,file,13,baseline,5609,096.Hooded_Oriole/Hooded_Oriole_0079_89978.jpg,96,95,096.Hooded_Oriole,95,94,color_jitter,color_jitter,0,"{""brightness"":1.017525,""contrast"":1.348068,""hue"":-0.048601,""saturation"":1.235321}",0.022120761,0.15537196,0.1332512,0.97812212,0.85609668,0.0028666442,0.010767698,0.97525547,0.84532899,-0.12992648,0.61451434,6.7417599,3.1708792,21.377306,False,0.93159676,True,True,True,0.61451434,6.7417599,3.1708792,21.377306,0.60550933,6.7677619,3.1181924,21.103184,0.92141925,5.9282021,0.57563111,3.4124576,0.1845265,5.102407,0.73560615,3.753362,0.37223977,6.6286722,1.166685,7.7335726,0.62226318,7.0515182,1.5816876,11.153299,0.63719454,7.1583339,1.5940111,11.410464,0.74424584,6.4853873,1.6668072,10.80989
0b_baseline_best,file,13,baseline,5609,096.Hooded_Oriole/Hooded_Oriole_0079_89978.jpg,96,95,096.Hooded_Oriole,95,94,rotation,rotation,0,"{""angle"":-3.416476}",0.022120761,0.012261018,-0.0098597426,0.97812212,0.98781383,0.0028666442,0.0017165679,0.97525547,0.98609726,0.010841792,0.84659054,0.53010621,3.1708792,1.6809028,False,0.98878545,True,True,True,0.84659054,0.53010621,3.1708792,1.6809028,0.84161515,0.5289155,3.1181924,1.6492603,0.98520189,0.56392808,0.57563111,0.32461455,0.77018409,0.53930754,0.73560615,0.39671795,0.77274426,0.52645407,1.166685,0.61420609,0.82455101,0.51898705,1.5816876,0.8208754,0.83595956,0.52493091,1.5940111,0.83674569,0.9085305,0.54043604,1.6668072,0.90080267
0b_baseline_best,file,13,baseline,5609,096.Hooded_Oriole/Hooded_Oriole_0079_89978.jpg,96,95,096.Hooded_Oriole,95,94,random_resized_crop,random_resized_crop,0,"{""area_fraction"":0.720612,""aspect"":1.062383,""fallback"":false,""height"":0.823588,""left"":0.016411,""top"":0.125471,""width"":0.874967}",0.022120761,0.08481957,0.062698809,0.97812212,0.91867805,0.0028666442,0.0039684614,0.97525547,0.91470958,-0.060545887,0.76256976,3.7944901,3.1708792,12.03187,False,0.976973,True,True,True,0.76256976,3.7944901,3.1708792,12.03187,0.75620474,3.8054798,3.1181924,11.866218,0.9716265,3.456488,0.57563111,1.989662,0.72005361,3.4937425,0.73560615,2.5700185,0.72920605,4.1793038,1.166685,4.8759311,0.76472009,3.9668926,1.5816876,6.2743849,0.73568085,3.6880056,1.5940111,5.8787218,0.79323146,3.6246158,1.6668072,6.0415357
0b_baseline_best,file,13,baseline,5609,096.Hooded_Oriole/Hooded_Oriole_0079_89978.jpg,96,95,096.Hooded_Oriole,95,94,gaussian_blur,gaussian_blur,0,"{""sigma"":1.839995}",0.022120761,1.1941967,1.1720759,0.97812212,0.30294719,0.0028666442,0.052088477,0.97525547,0.25085872,-0.72439675,0.43608903,45.221389,3.1708792,143.39156,False,0.86095285,True,True,True,0.43608903,45.221389,3.1708792,143.39156,0.42933353,45.723094,3.1181924,142.5734,0.84163607,26.572376,0.57563111,15.295886,0.17077081,46.567905,0.73560615,34.255637,0.31309407,58.025662,1.166685,67.697671,0.41930567,52.277656,1.5816876,82.686922,0.49883099,45.308108,1.5940111,72.221626,0.59272522,30.103245,1.6668072,50.176306
0b_baseline_best,file,13,baseline,5609,096.Hooded_Oriole/Hooded_Oriole_0079_89978.jpg,96,95,096.Hooded_Oriole,95,94,random_erasing,random_erasing,0,"{""area_fraction"":0.052371,""erased"":true,""height"":0.260197,""left"":0.075919,""top"":0.017121,""width"":0.201274}",0.022120761,0.025784183,0.0036634225,0.97812212,0.97454542,0.0028666442,0.0040442077,0.97525547,0.97050121,-0.0047542595,0.97271682,1.1123686,3.1708792,3.5271866,False,0.99655038,True,True,True,0.97271682,1.1123686,3.1708792,3.5271866,0.97192878,1.1107272,3.1181924,3.463461,0.99573588,1.1595012,0.57563111,0.66744497,0.96714485,0.95432318,0.73560615,0.702006,0.9723278,1.1003815,1.166685,1.2837987,0.97664998,1.1272063,1.5816876,1.7828882,0.96919234,1.130383,1.5940111,1.8018431,0.97290088,1.1110056,1.6668072,1.8518321
0b_baseline_best,file,13,baseline,7001,120.Fox_Sparrow/Fox_Sparrow_0113_114389.jpg,120,119,120.Fox_Sparrow,34,33,identity,identity,0,{},0.0094976956,0.0094976956,0,0.99054724,0.99054724,0.0016779267,0.0016779267,0.98886931,0.98886931,0,1,1,1.3496214,1.3496214,False,0.99999994,True,True,True,1,1,1.3496214,1.3496214,1,1,1.3225432,1.3225432,1,1,0.26899375,0.26899375,1,1,0.21291349,0.21291349,1,1,0.54870438,0.54870438,1,1,0.60864576,0.60864576,1,1,0.6381428,0.6381428,1,1,0.79059209,0.79059209
0b_baseline_best,file,13,baseline,7001,120.Fox_Sparrow/Fox_Sparrow_0113_114389.jpg,120,119,120.Fox_Sparrow,34,33,horizontal_flip,horizontal_flip,0,"{""flipped"":true}",0.0094976956,0.0071530202,-0.0023446754,0.99054724,0.99287248,0.0016779267,0.0010740478,0.98886931,0.99179843,0.0029291158,0.65983833,0.81698209,1.3496214,1.1026165,False,0.97090292,True,True,True,0.65983833,0.81698209,1.3496214,1.1026165,0.64861543,0.82026536,1.3225432,1.0848363,0.9673808,0.73315453,0.26899375,0.19721399,0.29179964,0.81082618,0.21291349,0.17263583,0.52934712,0.96909627,0.54870438,0.53174737,0.55625138,0.80267025,0.60864576,0.48854184,0.65123372,0.8025627,0.6381428,0.5121496,0.81246676,0.76243851,0.79059209,0.60277786
0b_baseline_best,file,13,baseline,7001,120.Fox_Sparrow/Fox_Sparrow_0113_114389.jpg,120,119,120.Fox_Sparrow,34,33,color_jitter,color_jitter,0,"{""brightness"":0.798991,""contrast"":1.093315,""hue"":0.004048,""saturation"":1.150317}",0.0094976956,0.011948679,0.002450983,0.99054724,0.9881224,0.0016779267,0.001695011,0.98886931,0.98642739,-0.0024419205,0.89198583,1.2587938,1.3496214,1.6988951,False,0.99119329,True,True,True,0.89198583,1.2587938,1.3496214,1.6988951,0.88811934,1.2601543,1.3225432,1.6666084,0.98843319,1.2254468,0.26899375,0.32963754,0.76398993,1.2133211,0.21291349,0.25833244,0.85570827,1.3665268,0.54870438,0.74981922,0.8461564,1.2274243,0.60864576,0.74706656,0.87708963,1.2472661,0.6381428,0.79593385,0.9480598,1.2373812,0.79059209,0.97826378
0b_baseline_best,file,13,baseline,7001,120.Fox_Sparrow/Fox_Sparrow_0113_114389.jpg,120,119,120.Fox_Sparrow,34,33,rotation,rotation,0,"{""angle"":10.771701}",0.0094976956,0.010356495,0.00085879955,0.99054724,0.98969692,0.0016779267,0.00036038089,0.98886931,0.98933654,0.000467226,0.6905168,1.107512,1.3496214,1.4947219,False,0.95040286,True,True,True,0.6905168,1.107512,1.3496214,1.4947219,0.68135057,1.1102082,1.3225432,1.4682983,0.92841479,1.0402109,0.26899375,0.27981025,0.72905559,1.2465232,0.21291349,0.2654016,0.64794602,1.0541424,0.54870438,0.57841258,0.55521226,1.1766688,0.60864576,0.71617444,0.64782132,1.192103,0.6381428,0.76073192,0.809686,1.0270299,0.79059209,0.81196169
0b_baseline_best,file,13,baseline,7001,120.Fox_Sparrow/Fox_Sparrow_0113_114389.jpg,120,119,120.Fox_Sparrow,34,33,random_resized_crop,random_resized_crop,0,"{""area_fraction"":0.6966,""aspect"":1.090783,""fallback"":false,""height"":0.79914,""left"":0.031707,""top"":0.038585,""width"":0.871688}",0.0094976956,0.0025761295,-0.0069215661,0.99054724,0.99742717,0.0016779267,9.6650998e-05,0.98886931,0.99733051,0.0084612015,0.71747127,0.30607211,1.3496214,0.41308148,False,0.9474057,True,True,True,0.71747127,0.30607211,1.3496214,0.41308148,0.70887893,0.30514505,1.3225432,0.4035675,0.91263422,0.32768509,0.26899375,0.088145243,0.65443571,0.33179672,0.21291349,0.070643999,0.73593766,0.3251865,0.54870438,0.17843126,0.62076601,0.31397134,0.60864576,0.19109732,0.6707995,0.32165811,0.6381428,0.2052638,0.79249961,0.27534503,0.79059209,0.2176856
0b_baseline_best,file,13,baseline,7001,120.Fox_Sparrow/Fox_Sparrow_0113_114389.jpg,120,119,120.Fox_Sparrow,34,33,gaussian_blur,gaussian_blur,0,"{""sigma"":1.067545}",0.0094976956,0.085294642,0.075796946,0.99054724,0.91824168,0.0016779267,0.00084249408,0.98886931,0.91739919,-0.071470127,0.54255141,10.204721,1.3496214,13.77251,False,0.91020477,True,True,True,0.54255141,10.204721,1.3496214,13.77251,0.53203157,10.283129,1.3225432,13.599882,0.88146874,8.0810961,0.26899375,2.1737644,0.22378265,15.76476,0.21291349,3.3565301,0.44354819,12.767336,0.54870438,7.0054931,0.39192814,11.105894,0.60864576,6.7595555,0.58099486,9.7858714,0.6381428,6.2447833,0.75602786,7.9922324,0.79059209,6.3185957
0b_baseline_best,file,13,baseline,7001,120.Fox_Sparrow/Fox_Sparrow_0113_114389.jpg,120,119,120.Fox_Sparrow,34,33,random_erasing,random_erasing,0,"{""area_fraction"":0.188297,""erased"":true,""height"":0.661532,""left"":0.146965,""top"":0.055495,""width"":0.284638}",0.0094976956,0.017895663,0.0083979676,0.99054724,0.98226351,0.0016779267,0.0014438682,0.98886931,0.98081964,-0.0080496757,0.76204493,1.9070631,1.3496214,2.5738133,False,0.97022462,True,True,True,0.76204493,1.9070631,1.3496214,2.5738133,0.75422129,1.9109285,1.3225432,2.5272854,0.96264582,1.8111171,0.26899375,0.4871792,0.62948818,1.8710282,0.21291349,0.39836715,0.77270536,2.0232342,0.54870438,1.1101574,0.64872523,2.0757511,0.60864576,1.2633971,0.71175276,1.9582245,0.6381428,1.2496268,0.86801327,1.7149602,0.79059209,1.355834
0b_baseline_best,file,13,baseline,7653,131.Vesper_Sparrow/Vesper_Sparrow_0070_125555.jpg,131,130,131.Vesper_Sparrow,104,103,identity,identity,0,{},0.00082172954,0.00082172954,0,0.99917859,0.99917859,0.00018588998,0.00018588998,0.9989927,0.9989927,0,1,1,0.11415481,0.11415481,False,1,True,True,True,1,1,0.11415481,0.11415481,1,1,0.10993224,0.10993224,1,1,0.030760758,0.030760758,1,1,0.025963549,0.025963549,1,1,0.044475678,0.044475678,1,1,0.056468853,0.056468853,1,1,0.05309419,0.05309419,1,1,0.058525043,0.058525043
0b_baseline_best,file,13,baseline,7653,131.Vesper_Sparrow/Vesper_Sparrow_0070_125555.jpg,131,130,131.Vesper_Sparrow,104,103,horizontal_flip,horizontal_flip,0,"{""flipped"":true}",0.00082172954,0.00099883252,0.00017710298,0.99917859,0.99900168,0.00018588998,0.00032009353,0.9989927,0.99868159,-0.00031111014,0.64098521,1.2548893,0.11415481,0.14325165,False,0.96927631,True,True,True,0.64098521,1.2548893,0.11415481,0.14325165,0.6165626,1.2547462,0.10993224,0.13793705,0.95242049,1.256716,0.030760758,0.038657536,0.74202891,1.6017822,0.025963549,0.041587951,0.44260877,1.4025168,0.044475678,0.062377885,0.61816743,1.2122164,0.056468853,0.068452468,0.5606591,1.1056629,0.05309419,0.058704279,0.74895296,1.2408923,0.058525043,0.072623272
0b_baseline_best,file,13,baseline,7653,131.Vesper_Sparrow/Vesper_Sparrow_0070_125555.jpg,131,130,131.Vesper_Sparrow,104,103,color_jitter,color_jitter,0,"{""brightness"":1.376602,""contrast"":1.380312,""hue"":0.083627,""saturation"":0.851764}",0.00082172954,0.058257721,0.057435992,0.99917859,0.94340676,0.00018588998,0.0027710327,0.9989927,0.94063573,-0.05835697,0.41287909,94.768118,0.11415481,10.818237,False,0.86907434,True,True,True,0.41287909,94.768118,0.11415481,10.818237,0.39530827,96.988514,0.10993224,10.662164,0.82630719,59.523315,0.030760758,1.8309823,0.32729611,105.87856,0.025963549,2.7489832,0.3035724,120.03305,0.044475678,5.3385513,0.32015002,104.07672,0.056468853,5.877093,0.41413906,86.994549,0.05309419,4.6189051,0.58655479,79.687449,0.058525043,4.6637114
0b_baseline_best,file,13,baseline,7653,131.Vesper_Sparrow/Vesper_Sparrow_0070_125555.jpg,131,130,131.Vesper_Sparrow,104,103,rotation,rotation,0,"{""angle"":-12.769417}",0.00082172954,0.011637066,0.010815337,0.99917859,0.98843038,0.00018588998,0.00092153851,0.9989927,0.98750884,-0.011483856,0.52873465,14.695145,0.11415481,1.6775215,False,0.9213022,True,True,True,0.52873465,14.695145,0.11415481,1.6775215,0.50757445,14.897935,0.10993224,1.6377633,0.88342282,11.802569,0.030760758,0.36305596,0.38805873,9.6650707,0.025963549,0.25093954,0.41974251,16.39554,0.044475678,0.72920278,0.43329078,15.557164,0.056468853,0.87849523,0.47478208,14.88859,0.05309419,0.79049761,0.69526173,14.20275,0.058525043,0.83121656
0b_baseline_best,file,13,baseline,7653,131.Vesper_Sparrow/Vesper_Sparrow_0070_125555.jpg,131,130,131.Vesper_Sparrow,104,103,random_resized_crop,random_resized_crop,0,"{""area_fraction"":0.74787,""aspect"":0.86262,""fallback"":false,""height"":0.931115,""left"":0.196211,""top"":0.0494,""width"":0.803198}",0.00082172954,0.0016242181,0.00080248853,0.99917859,0.99837708,0.00018588998,0.00026820452,0.9989927,0.99810888,-0.0008838182,0.60076124,2.1305064,0.11415481,0.24320756,False,0.96627736,True,True,True,0.60076124,2.1305064,0.11415481,0.24320756,0.57828523,2.1533791,0.10993224,0.23672578,0.95003298,1.8131786,0.030760758,0.055774749,0.6336344,1.8192943,0.025963549,0.047235337,0.53084071,2.2296905,0.044475678,0.099166998,0.49780944,2.4459413,0.056468853,0.1381195,0.52936069,2.1104545,0.05309419,0.11205287,0.75348398,1.8981612,0.058525043,0.11108997
0b_baseline_best,file,13,baseline,7653,131.Vesper_Sparrow/Vesper_Sparrow_0070_125555.jpg,131,130,131.Vesper_Sparrow,104,103,gaussian_blur,gaussian_blur,0,"{""sigma"":1.859299}",0.00082172954,2.2956493,2.2948276,0.99917859,0.10069598,0.00018588998,0.00076140795,0.9989927,0.099934567,-0.89905813,0.20951637,1763.4459,0.11415481,201.30584,False,0.73886919,False,True,False,0.20951637,1763.4459,0.11415481,201.30584,0.19226974,1805.6315,0.10993224,198.49711,0.60062996,1089.3838,0.030760758,33.510273,0.27369933,1997.0801,0.025963549,51.851286,0.24638296,2353.3493,0.044475678,104.6668,0.1421666,2028.788,0.056468853,114.56333,0.13270436,1565.7729,0.05309419,83.133446,0.26535632,1292.4461,0.058525043,75.640463
0b_baseline_best,file,13,baseline,7653,131.Vesper_Sparrow/Vesper_Sparrow_0070_125555.jpg,131,130,131.Vesper_Sparrow,104,103,random_erasing,random_erasing,0,"{""area_fraction"":0.052725,""erased"":true,""height"":0.351067,""left"":0.021232,""top"":0.156581,""width"":0.150186}",0.00082172954,0.0012286503,0.00040692079,0.99917859,0.99877208,0.00018588998,0.00017078267,0.9989927,0.9986013,-0.00039139637,0.95818274,1.5338803,0.11415481,0.17509981,False,0.99644721,True,True,True,0.95818274,1.5338803,0.11415481,0.17509981,0.95611595,1.5411222,0.10993224,0.16941901,0.98860329,1.4381838,0.030760758,0.044239623,0.97534363,1.5524629,0.025963549,0.040307448,0.94098608,1.5585511,0.044475678,0.069317616,0.95499383,1.5567895,0.056468853,0.087910118,0.95658994,1.5722874,0.05309419,0.083479324,0.96286515,1.4872492,0.058525043,0.087041323
0b_baseline_best,file,13,baseline,9715,166.Golden_winged_Warbler/Golden_Winged_Warbler_0083_794801.jpg,166,165,166.Golden_winged_Warbler,165,164,identity,identity,0,{},0.014014994,0.014014994,0,0.98608273,0.98608273,0.0028519686,0.0028519686,0.98323076,0.98323076,0,1,1,2.3925153,2.3925153,False,1,True,True,True,1,1,2.3925153,2.3925153,1,1,2.3529658,2.3529658,1,1,0.43322234,0.43322234,1,1,0.48348227,0.48348227,1,1,0.93888132,0.93888132,1,1,1.1978699,1.1978699,1,1,1.184916,1.184916,1,1,1.2578858,1.2578858
0b_baseline_best,file,13,baseline,9715,166.Golden_winged_Warbler/Golden_Winged_Warbler_0083_794801.jpg,166,165,166.Golden_winged_Warbler,165,164,horizontal_flip,horizontal_flip,0,"{""flipped"":true}",0.014014994,0.025059454,0.01104446,0.98608273,0.97525191,0.0028519686,0.0041743494,0.98323076,0.97107756,-0.0121532,0.70171641,1.607591,2.3925153,3.8461862,False,0.97515798,True,True,True,0.70171641,1.607591,2.3925153,3.8461862,0.69168107,1.600463,2.3529658,3.7658346,0.96907366,1.8052457,0.43322234,0.78207278,0.64331178,1.7408605,0.48348227,0.84167517,0.5947179,1.4976061,0.93888132,1.4060744,0.71482216,1.5879446,1.1978699,1.9021511,0.65786505,1.6172527,1.184916,1.9163086,0.7595959,1.6303257,1.2578858,2.0507635
0b_baseline_best,file,13,baseline,9715,166.Golden_winged_Warbler/Golden_Winged_Warbler_0083_794801.jpg,166,165,166.Golden_winged_Warbler,165,164,color_jitter,color_jitter,0,"{""brightness"":0.778533,""contrast"":0.949162,""hue"":0.014529,""saturation"":0.900504}",0.014014994,0.024720153,0.010705159,0.98608273,0.9755829,0.0028519686,0.0033983046,0.98323076,0.97218459,-0.011046171,0.9032465,1.9032549,2.3925153,4.5535666,False,0.98766941,True,True,True,0.9032465,1.9032549,2.3925153,4.5535666,0.90095041,1.90927,2.3529658,4.492447,0.98356859,1.7163594,0.43322234,0.74356522,0.80992503,2.4816616,0.48348227,1.1998394,0.88879659,2.1118533,0.93888132,1.9827796,0.91308604,1.8995932,1.1978699,2.2754655,0.90290575,1.8555433,1.184916,2.1986629,0.92829362,1.741577,1.2578858,2.190705
0b_baseline_best,file,13,baseline,9715,166.Golden_winged_Warbler/Golden_Winged_Warbler_0083_794801.jpg,166,165,166.Golden_winged_Warbler,165,164,rotation,rotation,0,"{""angle"":14.180254}",0.014014994,0.014090576,7.5582415e-05,0.98608273,0.98600823,0.0028519686,0.0050659846,0.98323076,0.98094224,-0.0022885217,0.77309736,1.1951901,2.3925153,2.8595107,False,0.96543729,True,True,True,0.77309736,1.1951901,2.3925153,2.8595107,0.76857307,1.2011749,2.3529658,2.8263235,0.94526947,1.0027014,0.43322234,0.43439264,0.79249588,1.3853464,0.48348227,0.6697904,0.75637597,1.3398998,0.93888132,1.2580069,0.7786522,1.3078361,1.1978699,1.5666175,0.74946101,1.1574272,1.184916,1.371454,0.80034216,1.0123896,1.2578858,1.2734705
0b_baseline_best,file,13,baseline,9715,166.Golden_winged_Warbler/Golden_Winged_Warbler_0083_794801.jpg,166,165,166.Golden_winged_Warbler,165,164,random_resized_crop,random_resized_crop,0,"{""area_fraction"":0.52486,""aspect"":1.053218,""fallback"":false,""height"":0.705932,""left"":0.092062,""top"":0.256346,""width"":0.7435}",0.014014994,0.26823261,0.25421762,0.98608273,0.76472986,0.0028519686,0.0058111087,0.98323076,0.75891875,-0.22431202,0.5517587,17.04851,2.3925153,40.788821,False,0.87818772,True,True,True,0.5517587,17.04851,2.3925153,40.788821,0.54237868,17.069626,2.3529658,40.164247,0.83993554,16.413369,0.43322234,7.110638,0.52839763,24.80869,0.48348227,11.994562,0.50609288,18.675034,0.93888132,17.533641,0.55067664,16.123337,1.1978699,19.31366,0.51739412,16.451901,1.184916,19.49412,0.59647612,16.07424,1.2578858,20.219558
0b_baseline_best,file,13,baseline,9715,166.Golden_winged_Warbler/Golden_Winged_Warbler_0083_794801.jpg,166,165,166.Golden_winged_Warbler,165,164,gaussian_blur,gaussian_blur,0,"{""sigma"":1.333722}",0.014014994,0.01377869,-0.00023630355,0.98608273,0.98631579,0.0028519686,0.0011826954,0.98323076,0.98513309,0.0019023274,0.56863379,1.2144208,2.3925153,2.9055204,False,0.91541135,True,True,True,0.56863379,1.2144208,2.3925153,2.9055204,0.56044415,1.2216915,2.3529658,2.8745984,0.88510376,0.97586933,0.43322234,0.42276839,0.31706285,2.1984137,0.48348227,1.0628941,0.46396885,1.2185537,0.93888132,1.1440774,0.57324183,1.2558113,1.1978699,1.5042986,0.5815368,1.2263331,1.184916,1.4531017,0.72298555,0.95736766,1.2578858,1.2042592
0b_baseline_best,file,13,baseline,9715,166.Golden_winged_Warbler/Golden_Winged_Warbler_0083_794801.jpg,166,165,166.Golden_winged_Warbler,165,164,random_erasing,random_erasing,0,"{""area_fraction"":0.075751,""erased"":true,""height"":0.423708,""left"":0.128099,""top"":0.079528,""width"":0.178781}",0.014014994,0.019909423,0.0058944291,0.98608273,0.98028743,0.0028519686,0.0025817184,0.98323076,0.97770571,-0.0055250498,0.90354801,1.3154343,2.3925153,3.1471969,False,0.98420757,True,True,True,0.90354801,1.3154343,2.3925153,3.1471969,0.90109369,1.3164887,2.3529658,3.0976529,0.97805758,1.2839419,0.43322234,0.55623233,0.82981216,1.5799313,0.48348227,0.76386877,0.88237036,1.3682967,0.93888132,1.2846682,0.90717249,1.2882736,1.1978699,1.5431842,0.90351905,1.2618518,1.184916,1.4951883,0.92103798,1.3170333,1.2578858,1.6566775
0b_baseline_best,file,13,baseline,7616,130.Tree_Sparrow/Tree_Sparrow_0046_125344.jpg,130,129,130.Tree_Sparrow,133,132,identity,identity,0,{},4.9699917,4.9699917,0,0.0069432068,0.0069432068,0.2099762,0.2099762,-0.20303299,-0.20303299,0,1,1,146.56373,146.56373,False,1,True,False,False,1,1,146.56373,146.56373,1,1,144.37166,144.37166,1,1,25.253734,25.253734,1,1,36.317638,36.317638,1,1,72.634724,72.634724,1,1,82.348961,82.348961,1,1,64.895257,64.895257,1,1,57.058363,57.058363
0b_baseline_best,file,13,baseline,7616,130.Tree_Sparrow/Tree_Sparrow_0046_125344.jpg,130,129,130.Tree_Sparrow,133,132,horizontal_flip,horizontal_flip,0,"{""flipped"":true}",4.9699917,4.0979815,-0.87201023,0.0069432068,0.016606158,0.2099762,0.47062853,-0.20303299,-0.45402237,-0.25098938,0.67012656,1.1529883,146.56373,168.98626,False,0.95258927,True,False,False,0.67012656,1.1529883,146.56373,168.98626,0.66266922,1.1540265,144.37166,166.60873,0.92190317,1.1185247,25.253734,28.246925,0.5888232,1.1107544,36.317638,40.339976,0.64624071,1.1040383,72.634724,80.191515,0.70007563,1.161994,82.348961,95.689,0.63948626,1.2096282,64.895257,78.499135,0.67209747,1.1601543,57.058363,66.196504
0b_baseline_best,file,13,baseline,7616,130.Tree_Sparrow/Tree_Sparrow_0046_125344.jpg,130,129,130.Tree_Sparrow,133,132,color_jitter,color_jitter,0,"{""brightness"":1.148133,""contrast"":1.19798,""hue"":0.096655,""saturation"":1.111826}",4.9699917,8.5780411,3.6080494,0.0069432068,0.00018819328,0.2099762,0.0037266375,-0.20303299,-0.0035384442,0.19949455,0.33896684,0.67958253,146.56373,99.602153,False,0.8146714,False,False,False,0.33896684,0.67958253,146.56373,99.602153,0.319214,0.66011622,144.37166,95.302075,0.76080286,1.1463657,25.253734,28.950015,0.22765367,0.67190385,36.317638,24.401961,0.2112647,0.5430058,72.634724,39.441076,0.29990058,0.59088864,82.348961,48.659066,0.42386453,0.68973345,64.895257,44.76043,0.39906538,0.88678885,57.058363,50.59872
0b_baseline_best,file,13,baseline,7616,130.Tree_Sparrow/Tree_Sparrow_0046_125344.jpg,130,129,130.Tree_Sparrow,133,132,rotation,rotation,0,"{""angle"":0.954478}",4.9699917,4.1749048,-0.79508686,0.0069432068,0.015376655,0.2099762,0.16421662,-0.20303299,-0.14883997,0.054193022,0.91030127,1.1260977,146.56373,165.04508,False,0.98415428,True,False,False,0.91030127,1.1260977,146.56373,165.04508,0.90889177,1.131372,144.37166,163.33806,0.98161308,0.93752917,25.253734,23.676112,0.88443705,1.0997435,36.317638,39.940087,0.91022798,1.1928988,72.634724,86.645874,0.92435641,1.1602924,82.348961,95.548877,0.90106169,1.0956996,64.895257,71.10571,0.90002841,1.0205731,57.058363,58.232229
0b_baseline_best,file,13,baseline,7616,130.Tree_Sparrow/Tree_Sparrow_0046_125344.jpg,130,129,130.Tree_Sparrow,133,132,random_resized_crop,random_resized_crop,0,"{""area_fraction"":0.615323,""aspect"":1.062526,""fallback"":false,""height"":0.760995,""left"":0.013192,""top"":0.068071,""width"":0.808577}",4.9699917,4.1590347,-0.81095695,0.0069432068,0.015622629,0.2099762,0.12254888,-0.20303299,-0.10692625,0.09610674,0.72327355,0.945803,146.56373,138.62042,False,0.92083681,False,False,False,0.72327355,0.945803,146.56373,138.62042,0.71742498,0.94501953,144.37166,136.43404,0.90955149,0.97106065,25.253734,24.522908,0.69826797,0.78199934,36.317638,28.400369,0.76633595,0.95655892,72.634724,69.479393,0.75153325,0.88923014,82.348961,73.227178,0.66322825,0.97569899,64.895257,63.318236,0.66707049,1.0528483,57.058363,60.073801
0b_baseline_best,file,13,baseline,7616,130.Tree_Sparrow/Tree_Sparrow_0046_125344.jpg,130,129,130.Tree_Sparrow,133,132,gaussian_blur,gaussian_blur,0,"{""sigma"":1.081601}",4.9699917,3.0222139,-1.9477777,0.0069432068,0.048693296,0.2099762,0.059346717,-0.20303299,-0.010653421,0.19237957,0.73655055,1.4538607,146.56373,213.08325,False,0.91447765,False,False,False,0.73655055,1.4538607,146.56373,213.08325,0.73508296,1.4673597,144.37166,211.84516,0.89872384,0.90825642,25.253734,22.936866,0.73276352,1.7232936,36.317638,62.585953,0.7082641,1.5750947,72.634724,114.40657,0.76714097,1.4991945,82.348961,123.45711,0.73421202,1.3800319,64.895257,89.557525,0.73940772,1.1899952,57.058363,67.89918
0b_baseline_best,file,13,baseline,7616,130.Tree_Sparrow/Tree_Sparrow_0046_125344.jpg,130,129,130.Tree_Sparrow,133,132,random_erasing,random_erasing,0,"{""area_fraction"":0.18872,""erased"":true,""height"":0.770948,""left"":0.530306,""top"":0.082567,""width"":0.244789}",4.9699917,6.8454647,1.875473,0.0069432068,0.0010642719,0.2099762,0.0090368064,-0.20303299,-0.0079725345,0.19506046,0.51347586,0.81612477,146.56373,119.61429,False,0.90842617,False,False,False,0.51347586,0.81612477,146.56373,119.61429,0.50034559,0.80576482,144.37166,116.3296,0.85152538,1.1023659,25.253734,27.838855,0.33685329,0.54271763,36.317638,19.710222,0.45013283,0.73078266,72.634724,53.080197,0.52807716,0.74590836,82.348961,61.424779,0.48003916,0.79107411,64.895257,51.336958,0.60369749,1.0970285,57.058363,62.594649
0b_baseline_best,file,13,baseline,1905,034.Gray_crowned_Rosy_Finch/Gray_Crowned_Rosy_Finch_0056_797293.jpg,34,33,034.Gray_crowned_Rosy_Finch,172,171,identity,identity,0,{},0.0035733439,0.0035733439,0,0.99643302,0.99643302,0.00039144396,0.00039144396,0.99604158,0.99604158,0,1,1,0.57107969,0.57107969,False,0.99999994,True,True,True,1,1,0.57107969,0.57107969,1,1,0.55886295,0.55886295,1,1,0.11749133,0.11749133,1,1,0.096999542,0.096999542,1,1,0.25222722,0.25222722,1,1,0.29040125,0.29040125,1,1,0.26550133,0.26550133,1,1,0.29064836,0.29064836
0b_baseline_best,file,13,baseline,1905,034.Gray_crowned_Rosy_Finch/Gray_Crowned_Rosy_Finch_0056_797293.jpg,34,33,034.Gray_crowned_Rosy_Finch,172,171,horizontal_flip,horizontal_flip,0,"{""flipped"":true}",0.0035733439,0.0015143604,-0.0020589834,0.99643302,0.99848676,0.00039144396,0.0003104831,0.99604158,0.99817627,0.0021346985,0.64208055,0.4604093,0.57107969,0.2629304,False,0.96522045,True,True,True,0.64208055,0.4604093,0.57107969,0.2629304,0.62871736,0.46088233,0.55886295,0.25757006,0.95222534,0.44957374,0.11749133,0.052821017,0.43675406,0.62300887,0.096999542,0.060431575,0.66814193,0.45844107,0.25222722,0.11563132,0.57469512,0.45959057,0.29040125,0.13346568,0.56901171,0.44967956,0.26550133,0.11939052,0.7372014,0.45191743,0.29064836,0.13134906
0b_baseline_best,file,13,baseline,1905,034.Gray_crowned_Rosy_Finch/Gray_Crowned_Rosy_Finch_0056_797293.jpg,34,33,034.Gray_crowned_Rosy_Finch,172,171,color_jitter,color_jitter,0,"{""brightness"":1.291902,""contrast"":0.676346,""hue"":-0.061413,""saturation"":0.899046}",0.0035733439,1.2411337,1.2375603,0.99643302,0.28905633,0.00039144396,0.00079155649,0.99604158,0.28826477,-0.7077768,0.47112354,262.49929,0.57107969,149.90801,False,0.87697947,False,True,False,0.47112354,262.49929,0.57107969,149.90801,0.46224315,264.94045,0.55886295,148.0654,0.75654552,199.43414,0.11749133,23.431782,0.20775743,381.89846,0.096999542,37.043975,0.44916553,266.39308,0.25222722,67.191586,0.44327743,274.33873,0.29040125,79.668313,0.46908463,266.9798,0.26550133,70.883493,0.54442129,234.99182,0.29064836,68.299988
0b_baseline_best,file,13,baseline,1905,034.Gray_crowned_Rosy_Finch/Gray_Crowned_Rosy_Finch_0056_797293.jpg,34,33,034.Gray_crowned_Rosy_Finch,172,171,rotation,rotation,0,"{""angle"":-1.939992}",0.0035733439,0.0055809161,0.0020075722,0.99643302,0.99443465,0.00039144396,0.00062005932,0.99604158,0.9938146,-0.0022269803,0.78847743,2.016965,0.57107969,1.1518478,False,0.97592336,True,True,True,0.78847743,2.016965,0.57107969,1.1518478,0.78293564,2.0318929,0.55886295,1.1355497,0.96070882,1.6433627,0.11749133,0.19308086,0.50454949,2.5280808,0.096999542,0.24522268,0.79645582,2.2724109,0.25222722,0.57316387,0.76441321,2.1186369,0.29040125,0.61525481,0.79173023,1.9787791,0.26550133,0.52536849,0.85073695,1.7074155,0.29064836,0.49625752
0b_baseline_best,file,13,baseline,1905,034.Gray_crowned_Rosy_Finch/Gray_Crowned_Rosy_Finch_0056_797293.jpg,34,33,034.Gray_crowned_Rosy_Finch,172,171,random_resized_crop,random_resized_crop,0,"{""area_fraction"":0.714499,""aspect"":1.082821,""fallback"":false,""height"":0.812311,""left"":0.022904,""top"":0.005487,""width"":0.879588}",0.0035733439,0.0039254767,0.00035213283,0.99643302,0.99608225,0.00039144396,0.00071087532,0.99604158,0.99537137,-0.0006702047,0.79427631,1.2194691,0.57107969,0.69641402,False,0.9744392,True,True,True,0.79427631,1.2194691,0.57107969,0.69641402,0.78770641,1.2249171,0.55886295,0.68456077,0.9667809,1.0889446,0.11749133,0.12794154,0.56811917,1.4857529,0.096999542,0.14411735,0.80776313,1.3544416,0.25222722,0.34162705,0.78635259,1.2928503,0.29040125,0.37544535,0.76634502,1.120212,0.26550133,0.29741779,0.8366845,1.0973685,0.29064836,0.31894834
0b_baseline_best,file,13,baseline,1905,034.Gray_crowned_Rosy_Finch/Gray_Crowned_Rosy_Finch_0056_797293.jpg,34,33,034.Gray_crowned_Rosy_Finch,172,171,gaussian_blur,gaussian_blur,0,"{""sigma"":1.798872}",0.0035733439,3.3260422,3.3224688,0.99643302,0.035935052,0.00039144396,0.0012897247,0.99604158,0.034645327,-0.96139625,0.4745617,342.08821,0.57107969,195.35963,False,0.69915569,False,True,False,0.4745617,342.08821,0.57107969,195.35963,0.47036522,346.52225,0.55886295,193.65844,0.67426801,218.95476,0.11749133,25.725286,0.29377407,511.06713,0.096999542,49.573277,0.65511321,428.88126,0.25222722,108.17553,0.52280302,388.26919,0.29040125,112.75386,0.340779,303.07622,0.26550133,80.467141,0.38537375,221.79747,0.29064836,64.465071
0b_baseline_best,file,13,baseline,1905,034.Gray_crowned_Rosy_Finch/Gray_Crowned_Rosy_Finch_0056_797293.jpg,34,33,034.Gray_crowned_Rosy_Finch,172,171,random_erasing,random_erasing,0,"{""area_fraction"":0.185311,""erased"":true,""height"":0.418088,""left"":0.212609,""top"":0.269952,""width"":0.443234}",0.0035733439,0.080424614,0.07685127,0.99643302,0.92272449,0.00039144396,0.001771602,0.99604158,0.92095288,-0.075088692,0.59267939,18.167528,0.57107969,10.375106,False,0.90282655,True,True,True,0.59267939,18.167528,0.57107969,10.375106,0.57913869,18.120749,0.55886295,10.127015,0.88283209,19.195482,0.11749133,2.2553027,0.42233678,18.698922,0.096999542,1.8137869,0.46094575,16.262646,0.25222722,4.1018821,0.58364163,18.021651,0.29040125,5.2335102,0.58872012,18.358065,0.26550133,4.8740906,0.66276887,19.247225,0.29064836,5.5941745
0b_baseline_best,file,13,baseline,5621,096.Hooded_Oriole/Hooded_Oriole_0075_90788.jpg,96,95,096.Hooded_Oriole,55,54,identity,identity,0,{},0.040708881,0.040708881,0,0.96010858,0.96010858,0.01367355,0.01367355,0.94643503,0.94643503,0,1,1,5.6877055,5.6877055,False,1,True,True,True,1,1,5.6877055,5.6877055,1,1,5.568453,5.568453,1,1,1.1585878,1.1585878,1,1,1.089871,1.089871,1,1,2.3447521,2.3447521,1,1,2.5131373,2.5131373,1,1,2.9104621,2.9104621,1,1,3.0879342,3.0879342
0b_baseline_best,file,13,baseline,5621,096.Hooded_Oriole/Hooded_Oriole_0075_90788.jpg,96,95,096.Hooded_Oriole,55,54,horizontal_flip,horizontal_flip,0,"{""flipped"":true}",0.040708881,0.038551733,-0.002157148,0.96010858,0.96218193,0.01367355,0.006690762,0.94643503,0.95549116,0.009056136,0.60332594,1.0005995,5.6877055,5.6911151,False,0.97838169,True,True,True,0.60332594,1.0005995,5.6877055,5.6911151,0.59003658,1.0051073,5.568453,5.5968929,0.95425198,0.89013585,1.1585878,1.0313005,0.32098911,1.0560369,1.089871,1.1509441,0.5962568,1.0693236,2.3447521,2.5072988,0.46232071,1.0317493,2.5131373,2.5929275,0.5623297,1.0002855,2.9104621,2.911293,0.7439609,0.94498864,3.0879342,2.9180628
0b_baseline_best,file,13,baseline,5621,096.Hooded_Oriole/Hooded_Oriole_0075_90788.jpg,96,95,096.Hooded_Oriole,55,54,color_jitter,color_jitter,0,"{""brightness"":0.872195,""contrast"":0.816462,""hue"":-0.029811,""saturation"":0.609636}",0.040708881,5.9154091,5.8747002,0.96010858,0.0026975565,0.01367355,0.0033947106,0.94643503,-0.00069715409,-0.94713218,0.39229177,36.806676,5.6877055,209.34553,False,0.78671229,False,True,False,0.39229177,36.806676,5.6877055,209.34553,0.38447968,36.931628,5.568453,205.65203,0.59100794,33.791926,1.1585878,39.150913,0.48238647,46.346554,1.089871,50.511766,0.57088431,45.620219,2.3447521,106.96811,0.36148201,42.787225,2.5131373,107.53017,0.35638911,30.627432,2.9104621,89.13998,0.27771519,30.362534,3.0879342,93.757508
0b_baseline_best,file,13,baseline,5621,096.Hooded_Oriole/Hooded_Oriole_0075_90788.jpg,96,95,096.Hooded_Oriole,55,54,rotation,rotation,0,"{""angle"":-6.376053}",0.040708881,0.034114905,-0.0065939762,0.96010858,0.96646047,0.01367355,0.0088711921,0.94643503,0.95758927,0.011154247,0.80966325,0.89720483,5.6877055,5.1030368,False,0.98952913,True,True,True,0.80966325,0.89720483,5.6877055,5.1030368,0.80277322,0.89936192,5.568453,5.0080545,0.98035682,0.84584631,1.1585878,0.97998721,0.75585769,0.84676116,1.089871,0.92286045,0.7526272,0.95785698,2.3447521,2.2459372,0.75531379,0.97730283,2.5131373,2.4560962,0.8004509,0.87363754,2.9104621,2.542689,0.88632865,0.83743008,3.0879342,2.585929
0b_baseline_best,file,13,baseline,5621,096.Hooded_Oriole/Hooded_Oriole_0075_90788.jpg,96,95,096.Hooded_Oriole,55,54,random_resized_crop,random_resized_crop,0,"{""area_fraction"":0.540717,""aspect"":1.3012,""fallback"":false,""height"":0.644634,""left"":0.015665,""top"":0.13912,""width"":0.838798}",0.040708881,0.017186871,-0.02352201,0.96010858,0.98295999,0.01367355,0.0063572368,0.94643503,0.97660275,0.030167721,0.6419448,0.45889489,5.6877055,2.610059,False,0.95379728,True,True,True,0.6419448,0.45889489,5.6877055,2.610059,0.6288446,0.45726477,5.568453,2.5462574,0.92339103,0.49505877,1.1585878,0.57356905,0.51663704,0.47502415,1.089871,0.51771506,0.60131104,0.48826965,2.3447521,1.1448713,0.6124411,0.48419643,2.5131373,1.2168521,0.58104705,0.43872555,2.9104621,1.2768941,0.72018019,0.43369079,3.0879342,1.3392087
0b_baseline_best,file,13,baseline,5621,096.Hooded_Oriole/Hooded_Oriole_0075_90788.jpg,96,95,096.Hooded_Oriole,55,54,gaussian_blur,gaussian_blur,0,"{""sigma"":1.664934}",0.040708881,0.56738657,0.52667769,0.96010858,0.56700534,0.01367355,0.016798394,0.94643503,0.55020694,-0.39622809,0.52501125,13.300827,5.6877055,75.651189,False,0.89375806,True,True,True,0.52501125,13.300827,5.6877055,75.651189,0.51671818,13.451136,5.568453,74.902016,0.84404652,9.1665708,1.1585878,10.620277,0.22826922,18.226309,1.089871,19.864326,0.44292649,12.819299,2.3447521,30.05808,0.52356562,16.884828,2.5131373,42.43389,0.52188196,13.494826,2.9104621,39.27618,0.66443139,10.080664,3.0879342,31.128428
0b_baseline_best,file,13,baseline,5621,096.Hooded_Oriole/Hooded_Oriole_0075_90788.jpg,96,95,096.Hooded_Oriole,55,54,random_erasing,random_erasing,0,"{""area_fraction"":0.183816,""erased"":true,""height"":0.655242,""left"":0.225746,""top"":0.322343,""width"":0.280531}",0.040708881,0.2438127,0.20310381,0.96010858,0.78363442,0.01367355,0.012338767,0.94643503,0.77129566,-0.17513937,0.67320357,6.0183792,5.6877055,34.230769,False,0.92269301,True,True,True,0.67320357,6.0183792,5.6877055,34.230769,0.66588415,6.0456462,5.568453,33.664896,0.8691179,5.3499704,1.1585878,6.1984103,0.60146473,6.6969333,1.089871,7.2987935,0.67992834,6.0210532,2.3447521,14.117877,0.70126335,6.7211513,2.5131373,16.891176,0.65469753,6.2679566,2.9104621,18.24265,0.65955607,5.2481471,3.0879342,16.205933
0b_baseline_last,file,19,baseline,3891,067.Anna_Hummingbird/Anna_Hummingbird_0118_55773.jpg,67,66,067.Anna_Hummingbird,68,67,identity,identity,0,{},0.40480313,0.40480313,0,0.66710812,0.66710812,0.21598129,0.21598129,0.45112683,0.45112683,0,1,1,56.483579,56.483579,False,1,True,True,True,1,1,56.483579,56.483579,1,1,54.976745,54.976745,1,1,12.959634,12.959634,1,1,13.455331,13.455331,1,1,26.433464,26.433464,1,1,28.257,28.257,1,1,24.235565,24.235565,1,1,27.510869,27.510869
0b_baseline_last,file,19,baseline,3891,067.Anna_Hummingbird/Anna_Hummingbird_0118_55773.jpg,67,66,067.Anna_Hummingbird,68,67,horizontal_flip,horizontal_flip,0,"{""flipped"":true}",0.40480313,2.0260935,1.6212904,0.66710812,0.1318496,0.21598129,0.27791497,0.45112683,-0.14606537,-0.5971922,0.60833321,2.5428751,56.483579,143.63069,False,0.95555282,False,True,False,0.60833321,2.5428751,56.483579,143.63069,0.59397537,2.5516142,54.976745,140.27945,0.88673101,2.3801296,12.959634,30.845608,0.67493324,2.0795634,13.455331,27.981214,0.56007706,2.5934643,26.433464,68.554246,0.60214672,2.6502816,28.257,74.889007,0.52270339,2.5355179,24.235565,61.44971,0.65981628,2.5213033,27.510869,69.363244
0b_baseline_last,file,19,baseline,3891,067.Anna_Hummingbird/Anna_Hummingbird_0118_55773.jpg,67,66,067.Anna_Hummingbird,68,67,color_jitter,color_jitter,0,"{""brightness"":0.675779,""contrast"":0.930573,""hue"":-0.018551,""saturation"":0.613646}",0.40480313,0.69533527,0.29053214,0.66710812,0.49890715,0.21598129,0.1420894,0.45112683,0.35681775,-0.094309077,0.73280396,1.5554384,56.483579,87.856728,False,0.94363379,True,True,True,0.73280396,1.5554384,56.483579,87.856728,0.72646228,1.570336,54.976745,86.331962,0.89268836,1.2575312,12.959634,16.297144,0.42424102,1.4761131,13.455331,19.86159,0.72500487,1.6844231,26.433464,44.525138,0.73760107,1.5600525,28.257,44.082405,0.74243002,1.6348854,24.235565,39.622372,0.78111535,1.4370822,27.510869,39.53538
0b_baseline_last,file,19,baseline,3891,067.Anna_Hummingbird/Anna_Hummingbird_0118_55773.jpg,67,66,067.Anna_Hummingbird,68,67,rotation,rotation,0,"{""angle"":-12.795946}",0.40480313,0.44689637,0.042093247,0.66710812,0.63961017,0.21598129,0.16609785,0.45112683,0.47351232,0.022385493,0.70429872,1.144554,56.483579,64.648503,False,0.93804872,True,True,True,0.70429872,1.144554,56.483579,64.648503,0.69438297,1.1527225,54.976745,63.372929,0.92111543,0.98605568,12.959634,12.778921,0.75821832,1.2134805,13.455331,16.327781,0.68942126,1.2934223,26.433464,34.189633,0.68176597,1.1319963,28.257,31.986819,0.64935345,1.1334444,24.235565,27.469665,0.74545875,1.0299498,27.510869,28.334813
0b_baseline_last,file,19,baseline,3891,067.Anna_Hummingbird/Anna_Hummingbird_0118_55773.jpg,67,66,067.Anna_Hummingbird,68,67,random_resized_crop,random_resized_crop,0,"{""area_fraction"":0.5383,""aspect"":1.218286,""fallback"":false,""height"":0.664718,""left"":0.074977,""top"":0.165915,""width"":0.809817}",0.40480313,0.22200593,-0.18279719,0.66710812,0.80091059,0.21598129,0.1769302,0.45112683,0.62398039,0.17285356,0.66604924,0.70098193,56.483579,39.593968,False,0.94252658,True,True,True,0.66604924,0.70098193,56.483579,39.593968,0.65258128,0.70212725,54.976745,38.600671,0.91661107,0.68004118,12.959634,8.8130849,0.68128748,0.69700784,13.455331,9.3784712,0.62420378,0.64933528,26.433464,17.164181,0.66945803,0.74440294,28.257,21.034594,0.612333,0.74584513,24.235565,18.075978,0.6908105,0.66852212,27.510869,18.391624
0b_baseline_last,file,19,baseline,3891,067.Anna_Hummingbird/Anna_Hummingbird_0118_55773.jpg,67,66,067.Anna_Hummingbird,68,67,gaussian_blur,gaussian_blur,0,"{""sigma"":1.766447}",0.40480313,4.9032478,4.4984447,0.66710812,0.0074224384,0.21598129,0.019808851,0.45112683,-0.012386413,-0.46351324,0.30491837,4.3122151,56.483579,243.56934,False,0.71072882,False,True,False,0.30491837,4.3122151,56.483579,243.56934,0.3006273,4.4027206,54.976745,242.04725,0.5521038,2.0978484,12.959634,27.187348,0.33652911,4.502912,13.455331,60.588172,0.3105043,4.3625368,26.433464,115.31696,0.29823221,5.1006389,28.257,144.12875,0.27786325,4.7399172,24.235565,114.87457,0.32893522,3.1789881,27.510869,87.456723
0b_baseline_last,file,19,baseline,3891,067.Anna_Hummingbird/Anna_Hummingbird_0118_55773.jpg,67,66,067.Anna_Hummingbird,68,67,random_erasing,random_erasing,0,"{""area_fraction"":0.197925,""erased"":true,""height"":0.732068,""left"":0.283798,""top"":0.16117,""width"":0.270365}",0.40480313,2.8639164,2.4591133,0.66710812,0.057044927,0.21598129,0.067481741,0.45112683,-0.010436814,-0.46156364,0.26588858,1.8820738,56.483579,106.30626,False,0.7306996,False,True,False,0.26588858,1.8820738,56.483579,106.30626,0.24654258,1.8836088,54.976745,103.55468,0.61958311,1.8542327,12.959634,24.030178,-0.041167914,1.2775018,13.455331,17.18921,0.17348198,1.4028089,26.433464,37.081098,0.2187021,1.7918193,28.257,50.631438,0.26854954,2.1881824,24.235565,53.031836,0.35067766,2.2042099,27.510869,60.639728
0b_baseline_last,file,19,baseline,5405,093.Clark_Nutcracker/Clark_Nutcracker_0011_85698.jpg,93,92,093.Clark_Nutcracker,19,18,identity,identity,0,{},0.0086576585,0.0086576585,0,0.99137974,0.99137974,0.0057629319,0.0057629319,0.98561681,0.98561681,0,1,1,1.3008129,1.3008129,False,1,True,True,True,1,1,1.3008129,1.3008129,1,1,1.2667588,1.2667588,1,1,0.29569665,0.29569665,1,1,0.32379978,0.32379978,1,1,0.53635002,0.53635002,1,1,0.60065293,0.60065293,1,1,0.64696166,0.64696166,1,1,0.65788814,0.65788814
0b_baseline_last,file,19,baseline,5405,093.Clark_Nutcracker/Clark_Nutcracker_0011_85698.jpg,93,92,093.Clark_Nutcracker,19,18,horizontal_flip,horizontal_flip,0,"{""flipped"":true}",0.0086576585,0.0073095979,-0.0013480606,0.99137974,0.99271703,0.0057629319,0.0047209081,0.98561681,0.98799612,0.0023793136,0.64054724,0.82498644,1.3008129,1.073153,False,0.97624838,True,True,True,0.64054724,0.82498644,1.3008129,1.073153,0.62266932,0.82584595,1.2667588,1.0461476,0.97559147,0.80905014,0.29569665,0.23923341,0.75507565,0.90220382,0.32379978,0.2921334,0.60057584,0.81853484,0.53635002,0.43902118,0.53439333,0.81945781,0.60065293,0.49220973,0.55498424,0.81041434,0.64696166,0.52430701,0.73944157,0.83140114,0.65788814,0.54696894
0b_baseline_last,file,19,baseline,5405,093.Clark_Nutcracker/Clark_Nutcracker_0011_85698.jpg,93,92,093.Clark_Nutcracker,19,18,color_jitter,color_jitter,0,"{""brightness"":0.713279,""contrast"":0.711295,""hue"":-0.014537,""saturation"":0.768784}",0.0086576585,0.034333669,0.02567601,0.99137974,0.96624905,0.0057629319,0.021581812,0.98561681,0.94466724,-0.040949569,0.71728918,4.2095174,1.3008129,5.4757946,False,0.96713918,True,True,True,0.71728918,4.2095174,1.3008129,5.4757946,0.7061675,4.2396537,1.2667588,5.3706184,0.96567618,3.6120639,0.29569665,1.0680752,0.36356684,4.4204346,0.32379978,1.4313358,0.5324412,4.8735297,0.53635002,2.6139178,0.76579681,4.3910983,0.60065293,2.637526,0.77083579,3.9656424,0.64696166,2.5656186,0.8376088,3.8523652,0.65788814,2.5344254
0b_baseline_last,file,19,baseline,5405,093.Clark_Nutcracker/Clark_Nutcracker_0011_85698.jpg,93,92,093.Clark_Nutcracker,19,18,rotation,rotation,0,"{""angle"":2.525267}",0.0086576585,0.012293166,0.0036355071,0.99137974,0.98778206,0.0057629319,0.0083718598,0.98561681,0.9794102,-0.0062066047,0.85243991,1.4469509,1.3008129,1.8822125,False,0.98878205,True,True,True,0.85243991,1.4469509,1.3008129,1.8822125,0.84480711,1.4444731,1.2667588,1.829799,0.98850397,1.4916947,0.29569665,0.44108911,0.87146227,1.5316343,0.32379978,0.49594286,0.79118464,1.326402,0.53635002,0.71141573,0.82319239,1.5202729,0.60065293,0.91315637,0.85147173,1.44669,0.64696166,0.93595296,0.88684522,1.4309393,0.65788814,0.94139797
0b_baseline_last,file,19,baseline,5405,093.Clark_Nutcracker/Clark_Nutcracker_0011_85698.jpg,93,92,093.Clark_Nutcracker,19,18,random_resized_crop,random_resized_crop,0,"{""area_fraction"":0.897887,""aspect"":1.073875,""fallback"":false,""height"":0.914395,""left"":0.012036,""top"":0.048697,""width"":0.981946}",0.0086576585,0.0088717807,0.00021412224,0.99137974,0.99116749,0.0057629319,0.0066132131,0.98561681,0.98455427,-0.0010625334,0.84549269,1.0638529,1.3008129,1.3838736,False,0.98574889,True,True,True,0.84549269,1.0638529,1.3008129,1.3838736,0.83760795,1.0605134,1.2667588,1.3434146,0.98342529,1.1233788,0.29569665,0.33217934,0.87708515,1.1466629,0.32379978,0.3712892,0.78611463,1.0890309,0.53635002,0.58410177,0.79980822,1.0841836,0.60065293,0.65121807,0.84372685,1.0307073,0.64696166,0.66682813,0.89234551,1.0275434,0.65788814,0.67600862
0b_baseline_last,file,19,baseline,5405,093.Clark_Nutcracker/Clark_Nutcracker_0011_85698.jpg,93,92,093.Clark_Nutcracker,19,18,gaussian_blur,gaussian_blur,0,"{""sigma"":1.805659}",0.0086576585,0.23278861,0.22413095,0.99137974,0.79232103,0.0057629319,0.0075786295,0.98561681,0.7847424,-0.20087441,0.25798814,34.728313,1.3008129,45.175039,False,0.85595238,True,True,True,0.25798814,34.728313,1.3008129,45.175039,0.2443994,35.243068,1.2667588,44.644465,0.65584962,23.345973,0.29569665,6.903326,-0.061701392,63.38568,0.32379978,20.524269,0.29281773,36.092802,0.53635002,19.358375,0.21900216,35.536433,0.60065293,21.345063,0.26422566,30.366903,0.64696166,19.646222,0.40509337,28.661467,0.65788814,18.856039
0b_baseline_last,file,19,baseline,5405,093.Clark_Nutcracker/Clark_Nutcracker_0011_85698.jpg,93,92,093.Clark_Nutcracker,19,18,random_erasing,random_erasing,0,"{""area_fraction"":0.19254,""erased"":true,""height"":0.247108,""left"":0.049182,""top"":0.597006,""width"":0.779174}",0.0086576585,0.11231596,0.1036583,0.99137974,0.89376181,0.0057629319,0.071837768,0.98561681,0.82192405,-0.16369276,0.71404734,13.008998,1.3008129,16.922273,False,0.94271809,True,True,True,0.71404734,13.008998,1.3008129,16.922273,0.70379378,13.09915,1.2667588,16.593463,0.94174194,11.226667,0.29569665,3.3196879,0.68607031,11.118565,0.32379978,3.6001888,0.6848267,13.337774,0.53635002,7.1537155,0.67818272,13.320503,0.60065293,8.0009991,0.69891167,12.952276,0.64696166,8.379626,0.74811926,13.335644,0.65788814,8.7733619
0b_baseline_last,file,19,baseline,920,017.Cardinal/Cardinal_0079_19044.jpg,17,16,017.Cardinal,139,138,identity,identity,0,{},0.46556056,0.46556056,0,0.62778312,0.62778312,0.17076614,0.17076614,0.45701697,0.45701697,0,1,1,83.08451,83.08451,False,0.99999988,True,True,True,1,1,83.08451,83.08451,1,1,82.553049,82.553049,1,1,9.3824255,9.3824255,1,1,17.065805,17.065805,1,1,41.391881,41.391881,1,1,43.582398,43.582398,1,1,41.750442,41.750442,1,1,34.175306,34.175306
0b_baseline_last,file,19,baseline,920,017.Cardinal/Cardinal_0079_19044.jpg,17,16,017.Cardinal,139,138,horizontal_flip,horizontal_flip,0,"{""flipped"":true}",0.46556056,0.079046831,-0.38651372,0.62778312,0.92399663,0.17076614,0.020268613,0.45701697,0.90372801,0.44671104,0.6330447,0.17758289,83.08451,14.754388,False,0.96433818,True,True,True,0.6330447,0.17758289,83.08451,14.754388,0.62853525,0.17691694,82.553049,14.605033,0.92666023,0.22318652,9.3824255,2.0940309,0.43423678,0.16489481,17.065805,2.8140626,0.59702716,0.17323392,41.391881,7.1704778,0.58061392,0.17413632,43.582398,7.5892784,0.64873906,0.17310984,41.750442,7.2274122,0.75739489,0.19440259,34.175306,6.6437681
0b_baseline_last,file,19,baseline,920,017.Cardinal/Cardinal_0079_19044.jpg,17,16,017.Cardinal,139,138,color_jitter,color_jitter,0,"{""brightness"":0.687248,""contrast"":1.173776,""hue"":0.097519,""saturation"":1.253802}",0.46556056,2.1992319,1.7336713,0.62778312,0.1108883,0.17076614,0.024823746,0.45701697,0.086064557,-0.37095242,0.65920052,1.7726604,83.08451,147.28062,False,0.87363946,False,True,False,0.65920052,1.7726604,83.08451,147.28062,0.65788768,1.7635027,82.553049,145.58252,0.76367291,2.3768322,9.3824255,22.300451,0.65644387,1.9363062,17.065805,33.044625,0.67485552,1.6220212,41.391881,67.138508,0.67313785,1.9293875,43.582398,84.087334,0.6566975,1.6922435,41.750442,70.651913,0.61891171,1.7390849,34.175306,59.433758
0b_baseline_last,file,19,baseline,920,017.Cardinal/Cardinal_0079_19044.jpg,17,16,017.Cardinal,139,138,rotation,rotation,0,"{""angle"":-14.175184}",0.46556056,0.8056438,0.34008324,0.62778312,0.44680017,0.17076614,0.14688402,0.45701697,0.29991615,-0.15710083,0.74199358,1.383371,83.08451,114.9367,False,0.93434805,True,True,True,0.74199358,1.383371,83.08451,114.9367,0.73983645,1.3832191,82.553049,114.18896,0.90759924,1.3950787,9.3824255,13.089222,0.79965771,1.3101526,17.065805,22.35881,0.77358878,1.3525317,41.391881,55.983833,0.72489097,1.4537104,43.582398,63.356186,0.7072312,1.3743264,41.750442,57.378733,0.75408999,1.3404831,34.175306,45.811421
0b_baseline_last,file,19,baseline,920,017.Cardinal/Cardinal_0079_19044.jpg,17,16,017.Cardinal,139,138,random_resized_crop,random_resized_crop,0,"{""area_fraction"":0.664229,""aspect"":1.166553,""fallback"":false,""height"":0.754582,""left"":0.098057,""top"":0.214585,""width"":0.88026}",0.46556056,0.21156941,-0.25399114,0.62778312,0.80931312,0.17076614,0.035910584,0.45701697,0.77340253,0.31638556,0.69596233,0.34660172,83.08451,28.797234,False,0.927845,True,True,True,0.69596233,0.34660172,83.08451,28.797234,0.69354614,0.34412656,82.553049,28.408697,0.87356489,0.50248341,9.3824255,4.7145132,0.67938237,0.30486708,17.065805,5.2028021,0.68690594,0.28871483,41.391881,11.95045,0.66395632,0.32325009,43.582398,14.088014,0.70818784,0.35748707,41.750442,14.925243,0.75161644,0.42998246,34.175306,14.694782
0b_baseline_last,file,19,baseline,920,017.Cardinal/Cardinal_0079_19044.jpg,17,16,017.Cardinal,139,138,gaussian_blur,gaussian_blur,0,"{""sigma"":1.298166}",0.46556056,0.17795329,-0.28760727,0.62778312,0.83698153,0.17076614,0.0037928091,0.45701697,0.83318873,0.37617175,0.58529902,0.29867218,83.08451,24.815032,False,0.86247349,True,True,True,0.58529902,0.29867218,83.08451,24.815032,0.5823231,0.29733364,82.553049,24.545798,0.78232053,0.38854418,9.3824255,3.6454868,0.65260564,0.32772364,17.065805,5.5928678,0.5765648,0.26876284,41.391881,11.124599,0.55652611,0.29382841,43.582398,12.805747,0.55312772,0.29186854,41.750442,12.18564,0.6553073,0.33995864,34.175306,11.618191
0b_baseline_last,file,19,baseline,920,017.Cardinal/Cardinal_0079_19044.jpg,17,16,017.Cardinal,139,138,random_erasing,random_erasing,0,"{""area_fraction"":0.156477,""erased"":true,""height"":0.411616,""left"":0.546314,""top"":0.473501,""width"":0.380152}",0.46556056,1.0956606,0.63010001,0.62778312,0.33431867,0.17076614,0.16848867,0.45701697,0.16583,-0.29118697,0.89459738,1.5496603,83.08451,128.75277,False,0.95283902,True,True,True,0.89459738,1.5496603,83.08451,128.75277,0.89411907,1.5469164,82.553049,127.70266,0.93400511,1.7490698,9.3824255,16.410517,0.94504682,1.5690361,17.065805,26.776864,0.93746454,1.5493183,41.391881,64.129199,0.91885233,1.5747686,43.582398,68.632193,0.85492519,1.4741719,41.750442,61.547327,0.83644113,1.5973243,34.175306,54.589046
0b_baseline_last,file,19,baseline,5043,087.Mallard/Mallard_0071_76940.jpg,87,86,087.Mallard,134,133,identity,identity,0,{},0.019714249,0.019714249,0,0.98047882,0.98047882,0.0024125606,0.0024125606,0.97806626,0.97806626,0,1,1,2.3091549,2.3091549,False,1,True,True,True,1,1,2.3091549,2.3091549,1,1,2.248041,2.248041,1,1,0.52773851,0.52773851,1,1,0.36765369,0.36765369,1,1,0.72248022,0.72248022,1,1,0.90541177,0.90541177,1,1,1.2006366,1.2006366,1,1,1.4612469,1.4612469
0b_baseline_last,file,19,baseline,5043,087.Mallard/Mallard_0071_76940.jpg,87,86,087.Mallard,134,133,horizontal_flip,horizontal_flip,0,"{""flipped"":true}",0.019714249,0.045947082,0.026232833,0.98047882,0.95509249,0.0024125606,0.0025451975,0.97806626,0.95254729,-0.02551897,0.59889516,2.19936,2.3091549,5.0786627,False,0.95871532,True,True,True,0.59889516,2.19936,2.3091549,5.0786627,0.5799463,2.2019713,2.248041,4.9501218,0.95096478,2.1514247,0.52773851,1.1353897,0.51151547,2.5682698,0.36765369,0.94423387,0.38787163,2.3500019,0.72248022,1.6978299,0.51890781,2.3641324,0.90541177,2.1405133,0.56128716,2.159283,1.2006366,2.5925143,0.67928541,2.101132,1.4612469,3.0702726
0b_baseline_last,file,19,baseline,5043,087.Mallard/Mallard_0071_76940.jpg,87,86,087.Mallard,134,133,color_jitter,color_jitter,0,"{""brightness"":1.181324,""contrast"":1.253952,""hue"":0.092556,""saturation"":0.636442}",0.019714249,0.33443773,0.31472348,0.98047882,0.71574044,0.0024125606,0.020382678,0.97806626,0.69535776,-0.2827085,0.64157322,16.918193,2.3091549,39.066728,False,0.92210019,True,True,True,0.64157322,16.918193,2.3091549,39.066728,0.6316695,16.959452,2.248041,38.125544,0.83100161,16.151224,0.52773851,8.5236227,0.55044573,19.555515,0.36765369,7.1896571,0.56028076,19.125225,0.72248022,13.817597,0.54250543,18.067882,0.90541177,16.358873,0.66630904,17.896454,1.2006366,21.487139,0.68184442,15.01873,1.4612469,21.946073
0b_baseline_last,file,19,baseline,5043,087.Mallard/Mallard_0071_76940.jpg,87,86,087.Mallard,134,133,rotation,rotation,0,"{""angle"":-11.349628}",0.019714249,0.074590422,0.054876173,0.98047882,0.92812353,0.0024125606,0.0098642744,0.97806626,0.91825926,-0.059807003,0.6596002,3.2085693,2.3091549,7.4090835,False,0.96643972,True,True,True,0.6596002,3.2085693,2.3091549,7.4090835,0.64252296,3.2027001,2.248041,7.1998011,0.95949551,3.3132646,0.52773851,1.7485373,0.52624827,3.5417033,0.36765369,1.3021203,0.52299321,3.0592289,0.72248022,2.2102324,0.55995208,3.1518653,0.90541177,2.853736,0.61314335,3.1577529,1.2006366,3.7913139,0.72827909,3.263311,1.4612469,4.768503
0b_baseline_last,file,19,baseline,5043,087.Mallard/Mallard_0071_76940.jpg,87,86,087.Mallard,134,133,random_resized_crop,random_resized_crop,0,"{""area_fraction"":0.7046,""aspect"":0.782526,""fallback"":false,""height"":0.948903,""left"":0.056551,""top"":0.041886,""width"":0.742542}",0.019714249,0.73759842,0.71788417,0.98047882,0.47826111,0.0024125606,0.018685246,0.97806626,0.45957587,-0.5184904,0.50890502,25.722545,2.3091549,59.39734,False,0.90863597,True,True,True,0.50890502,25.722545,2.3091549,59.39734,0.48967525,25.827565,2.248041,58.061424,0.89031002,23.736329,0.52773851,12.526575,0.27313068,39.608499,0.36765369,14.562211,0.34530201,28.980634,0.72248022,20.937935,0.39082518,27.799169,0.90541177,25.169695,0.51616031,24.56036,1.2006366,29.488069,0.58930022,23.87983,1.4612469,34.894328
0b_baseline_last,file,19,baseline,5043,087.Mallard/Mallard_0071_76940.jpg,87,86,087.Mallard,134,133,gaussian_blur,gaussian_blur,0,"{""sigma"":1.518487}",0.019714249,0.10468785,0.084973605,0.98047882,0.90060562,0.0024125606,0.0093899583,0.97806626,0.89121566,-0.086850602,0.56744968,5.9357305,2.3091549,13.706521,False,0.94277501,True,True,True,0.56744968,5.9357305,2.3091549,13.706521,0.55063427,5.9495163,2.248041,13.374756,0.88764646,5.6797715,0.52773851,2.9974341,0.53115844,7.3289791,0.36765369,2.6945262,0.34259847,6.8726634,0.72248022,4.9653634,0.41796358,6.8284125,0.90541177,6.182525,0.56659368,6.154413,1.2006366,7.3892138,0.69142065,5.0356369,1.4612469,7.3583088
0b_baseline_last,file,19,baseline,5043,087.Mallard/Mallard_0071_76940.jpg,87,86,087.Mallard,134,133,random_erasing,random_erasing,0,"{""area_fraction"":0.062126,""erased"":true,""height"":0.181624,""left"":0.278698,""top"":0.198106,""width"":0.342059}",0.019714249,0.029769626,0.010055376,0.98047882,0.97066915,0.0024125606,0.0017515578,0.97806626,0.96891759,-0.00914867,0.89106728,1.427772,2.3091549,3.2969466,False,0.98822635,True,True,True,0.89106728,1.427772,2.3091549,3.2969466,0.88602378,1.4297938,2.248041,3.2142351,0.98549275,1.3905738,0.52773851,0.73385934,0.89342047,1.6094376,0.36765369,0.59171567,0.85559547,1.4535615,0.72248022,1.0501694,0.86286773,1.4132261,0.90541177,1.2795516,0.87359752,1.3761384,1.2006366,1.6522422,0.9105519,1.4535195,1.4612469,2.1239508
0b_baseline_last,file,19,baseline,11743,200.Common_Yellowthroat/Common_Yellowthroat_0106_190989.jpg,200,199,200.Common_Yellowthroat,168,167,identity,identity,0,{},0.022537524,0.022537524,0,0.97771454,0.97771454,0.018318813,0.018318813,0.95939573,0.95939573,0,1,1,4.5493226,4.5493226,False,1,True,True,True,1,1,4.5493226,4.5493226,1,1,4.4599758,4.4599758,1,1,0.89719138,0.89719138,1,1,0.78842396,0.78842396,1,1,1.8131244,1.8131244,1,1,2.2107096,2.2107096,1,1,2.4057048,2.4057048,1,1,2.3038444,2.3038444
0b_baseline_last,file,19,baseline,11743,200.Common_Yellowthroat/Common_Yellowthroat_0106_190989.jpg,200,199,200.Common_Yellowthroat,168,167,horizontal_flip,horizontal_flip,0,"{""flipped"":true}",0.022537524,0.0011779282,-0.021359596,0.97771454,0.99882275,0.018318813,0.00087049394,0.95939573,0.99795225,0.038556529,0.57862326,0.054055229,4.5493226,0.24591468,False,0.96003813,True,True,True,0.57862326,0.054055229,4.5493226,0.24591468,0.56329529,0.054060121,4.4599758,0.24110683,0.95828267,0.053934195,0.89719138,0.048389295,0.34358641,0.06384589,0.78842396,0.05033763,0.42177773,0.05662081,1.8131244,0.10266057,0.53199005,0.055798542,2.2107096,0.12335437,0.56643494,0.052310236,2.4057048,0.12584299,0.72261277,0.051370572,2.3038444,0.11834981
0b_baseline_last,file,19,baseline,11743,200.Common_Yellowthroat/Common_Yellowthroat_0106_190989.jpg,200,199,200.Common_Yellowthroat,168,167,color_jitter,color_jitter,0,"{""brightness"":1.03304,""contrast"":0.655468,""hue"":-0.028749,""saturation"":1.383961}",0.022537524,0.037309211,0.014771687,0.97771454,0.96337819,0.018318813,0.012962125,0.95939573,0.95041607,-0.0089796595,0.61064443,1.2279634,4.5493226,5.5864015,False,0.93359494,True,True,True,0.61064443,1.2279634,4.5493226,5.5864015,0.60005063,1.227823,4.4599758,5.4760607,0.87166653,1.2314279,0.89719138,1.1048265,0.29120817,1.1355212,0.78842396,0.89527213,0.45980364,1.2177326,1.8131244,2.2079007,0.57055399,1.2044032,2.2107096,2.6625858,0.61491439,1.2085028,2.4057048,2.9073009,0.72551415,1.2853618,2.3038444,2.9612735
0b_baseline_last,file,19,baseline,11743,200.Common_Yellowthroat/Common_Yellowthroat_0106_190989.jpg,200,199,200.Common_Yellowthroat,168,167,rotation,rotation,0,"{""angle"":1.262044}",0.022537524,0.077846922,0.055309398,0.97771454,0.92510605,0.018318813,0.069878459,0.95939573,0.85522759,-0.10416814,0.89255089,3.8193563,4.5493226,17.375484,False,0.99372053,True,True,True,0.89255089,3.8193563,4.5493226,17.375484,0.88880326,3.8268714,4.4599758,17.067754,0.99143223,3.6287071,0.89719138,3.2556447,0.82174462,4.0688655,0.78842396,3.2079911,0.81142353,3.9768204,1.8131244,7.2104699,0.87921256,4.0802413,2.2107096,9.0202287,0.91537647,3.7779075,2.4057048,9.0885301,0.93765186,3.5011012,2.3038444,8.0659926
0b_baseline_last,file,19,baseline,11743,200.Common_Yellowthroat/Common_Yellowthroat_0106_190989.jpg,200,199,200.Common_Yellowthroat,168,167,random_resized_crop,random_resized_crop,0,"{""area_fraction"":0.814598,""aspect"":0.92015,""fallback"":false,""height"":0.940898,""left"":0.030684,""top"":0.050525,""width"":0.865767}",0.022537524,0.14431353,0.12177601,0.97771454,0.86561632,0.018318813,0.12475988,0.95939573,0.74085645,-0.21853928,0.74944167,6.6366343,4.5493226,30.192191,False,0.97880441,True,True,True,0.74944167,6.6366343,4.5493226,30.192191,0.74100416,6.6549859,4.4599758,29.681076,0.97659096,6.1658146,0.89719138,5.5319157,0.68743263,7.0697554,0.78842396,5.5739646,0.74565235,6.7997118,1.8131244,12.328723,0.71005159,7.1628705,2.2107096,15.835027,0.73046478,6.7525339,2.4057048,16.244603,0.80158026,5.8760585,2.3038444,13.537525
0b_baseline_last,file,19,baseline,11743,200.Common_Yellowthroat/Common_Yellowthroat_0106_190989.jpg,200,199,200.Common_Yellowthroat,168,167,gaussian_blur,gaussian_blur,0,"{""sigma"":1.048772}",0.022537524,0.19433253,0.171795,0.97771454,0.82338405,0.018318813,0.1586183,0.95939573,0.66476575,-0.29462998,0.77799812,8.8657499,4.5493226,40.333157,False,0.97948146,True,True,True,0.77799812,8.8657499,4.5493226,40.333157,0.77081393,8.897627,4.4599758,39.683201,0.97839282,8.0379657,0.89719138,7.2115936,0.60232107,11.737629,0.78842396,9.2542283,0.64673516,9.6750522,1.8131244,17.542073,0.77580205,9.8024544,2.2107096,21.67038,0.80504855,8.3188066,2.4057048,20.012593,0.87420087,7.6581512,2.3038444,17.643189
0b_baseline_last,file,19,baseline,11743,200.Common_Yellowthroat/Common_Yellowthroat_0106_190989.jpg,200,199,200.Common_Yellowthroat,168,167,random_erasing,random_erasing,0,"{""area_fraction"":0.123088,""erased"":true,""height"":0.263315,""left"":0.271654,""top"":0.170867,""width"":0.467458}",0.022537524,2.9453843,2.9228467,0.97771454,0.05258185,0.018318813,0.47325394,0.95939573,-0.42067209,-1.3800678,0.46266119,27.113291,4.5493226,123.34711,False,0.76732218,False,True,False,0.46266119,27.113291,4.5493226,123.34711,0.44950665,26.907148,4.4599758,120.00523,0.743978,31.785433,0.89719138,28.517616,0.42231733,26.495059,0.78842396,20.889339,0.41754081,26.645399,1.8131244,48.311422,0.44546837,27.356121,2.2107096,60.476439,0.41275064,24.933507,2.4057048,59.982658,0.51142058,28.712074,2.3038444,66.148151
0b_baseline_last,file,19,baseline,3563,062.Herring_Gull/Herring_Gull_0129_46708.jpg,62,61,062.Herring_Gull,65,64,identity,identity,0,{},2.3870285,2.3870285,0,0.091902375,0.091902375,0.68132311,0.68132311,-0.58942074,-0.58942074,0,1,1,143.74631,143.74631,False,0.99999988,True,False,False,1,1,143.74631,143.74631,1,1,139.94477,139.94477,1,1,32.839949,32.839949,1,1,24.650194,24.650194,1,1,61.363039,61.363039,1,1,70.160733,70.160733,1,1,67.949601,67.949601,1,1,75.311398,75.311398
0b_baseline_last,file,19,baseline,3563,062.Herring_Gull/Herring_Gull_0129_46708.jpg,62,61,062.Herring_Gull,65,64,horizontal_flip,horizontal_flip,0,"{""flipped"":true}",2.3870285,2.3554807,-0.031547785,0.091902375,0.09484791,0.68132311,0.43739432,-0.58942074,-0.34254641,0.24687432,0.63776479,1.0966645,143.74631,157.64147,False,0.95384717,True,False,False,0.63776479,1.0966645,143.74631,157.64147,0.62423886,1.1033402,139.94477,154.40668,0.92315187,0.96745641,32.839949,31.771219,0.38766326,1.2582308,24.650194,31.015634,0.49168744,1.0760982,61.363039,66.032654,0.63175029,1.2090916,70.160733,84.830751,0.61767262,1.0421016,67.949601,70.810388,0.74695082,1.0546585,75.311398,79.427803
0b_baseline_last,file,19,baseline,3563,062.Herring_Gull/Herring_Gull_0129_46708.jpg,62,61,062.Herring_Gull,65,64,color_jitter,color_jitter,0,"{""brightness"":0.749589,""contrast"":0.716231,""hue"":0.056657,""saturation"":1.065315}",2.3870285,1.0610161,-1.3260124,0.091902375,0.34610397,0.68132311,0.3964887,-0.58942074,-0.05038473,0.53903601,0.71648022,0.86039614,143.74631,123.67877,False,0.95428312,True,False,False,0.71648022,0.86039614,143.74631,123.67877,0.70749348,0.86946371,139.94477,121.6769,0.94889584,0.67485948,32.839949,22.16235,0.4469512,1.1807429,24.650194,29.105541,0.53079921,0.94158769,61.363039,57.778682,0.7474509,0.92666021,70.160733,65.01516,0.76219523,0.82652129,67.949601,56.161792,0.8228034,0.75565,75.311398,56.909058
0b_baseline_last,file,19,baseline,3563,062.Herring_Gull/Herring_Gull_0129_46708.jpg,62,61,062.Herring_Gull,65,64,rotation,rotation,0,"{""angle"":-0.15022}",2.3870285,2.5078115,0.12078309,0.091902375,0.081446283,0.68132311,0.68419284,-0.58942074,-0.60274655,-0.013325818,0.96525657,1.0375729,143.74631,149.14727,False,0.99789691,True,False,False,0.96525657,1.0375729,143.74631,149.14727,0.96364063,1.0404922,139.94477,145.61145,0.99779591,0.98305075,32.839949,32.283336,0.93446538,0.96950062,24.650194,23.898379,0.96016601,1.1033221,61.363039,67.703198,0.9634859,1.0675692,70.160733,74.901438,0.96175972,1.0299304,67.949601,69.983361,0.97412028,0.98830701,75.311398,74.430783
0b_baseline_last,file,19,baseline,3563,062.Herring_Gull/Herring_Gull_0129_46708.jpg,62,61,062.Herring_Gull,65,64,random_resized_crop,random_resized_crop,0,"{""area_fraction"":0.67415,""aspect"":0.876754,""fallback"":false,""height"":0.876878,""left"":0.219499,""top"":0.071454,""width"":0.768807}",2.3870285,4.073873,1.6868446,0.091902375,0.017011378,0.68132311,0.8411926,-0.58942074,-0.82418123,-0.23476049,0.77356911,1.162014,143.74631,167.03521,False,0.96403784,True,False,False,0.77356911,1.162014,143.74631,167.03521,0.76338712,1.1630191,139.94477,162.75844,0.96171322,1.1436076,32.839949,37.556013,0.65551888,1.3126867,24.650194,32.357981,0.71148053,1.1345032,61.363039,69.616563,0.75757947,1.2026541,70.160733,84.379095,0.76046795,1.1539001,67.949601,78.407054,0.82032867,1.136765,75.311398,85.611365
0b_baseline_last,file,19,baseline,3563,062.Herring_Gull/Herring_Gull_0129_46708.jpg,62,61,062.Herring_Gull,65,64,gaussian_blur,gaussian_blur,0,"{""sigma"":1.745595}",2.3870285,2.591722,0.20469356,0.091902375,0.074890949,0.68132311,0.082137398,-0.58942074,-0.0072464496,0.58217429,0.46103374,1.000858,143.74631,143.86964,False,0.80598485,False,False,False,0.46103374,1.000858,143.74631,143.86964,0.45254616,1.011296,139.94477,141.52558,0.67282081,0.787599,32.839949,25.864711,0.29595111,1.3236834,24.650194,32.629052,0.45523658,1.1591126,61.363039,71.126673,0.50212486,0.98245912,70.160733,68.930052,0.43835032,0.97297988,67.949601,66.113594,0.44933628,0.91835558,75.311398,69.162643
0b_baseline_last,file,19,baseline,3563,062.Herring_Gull/Herring_Gull_0129_46708.jpg,62,61,062.Herring_Gull,65,64,random_erasing,random_erasing,0,"{""area_fraction"":0.151001,""erased"":true,""height"":0.505682,""left"":0.210486,""top"":0.316971,""width"":0.298609}",2.3870285,1.3205639,-1.0664645,0.091902375,0.2669847,0.68132311,0.38589332,-0.58942074,-0.11890861,0.47051212,0.75221067,0.66670861,143.74631,95.8369,False,0.93917394,True,False,False,0.75221067,0.66670861,143.74631,95.8369,0.7423169,0.66527222,139.94477,93.101366,0.92543366,0.69227475,32.839949,22.734267,0.62643451,0.59660942,24.650194,14.706538,0.65476701,0.53455243,61.363039,32.801762,0.77313037,0.68085573,70.160733,47.769337,0.74253607,0.68314899,67.949601,46.419701,0.78216089,0.71983637,75.311398,54.211884
0b_baseline_last,file,19,baseline,956,018.Spotted_Catbird/Spotted_Catbird_0016_796803.jpg,18,17,018.Spotted_Catbird,22,21,identity,identity,0,{},0.075294293,0.075294293,0,0.92747051,0.92747051,0.031870149,0.031870149,0.89560036,0.89560036,0,1,1,12.950058,12.950058,False,0.99999994,True,True,True,1,1,12.950058,12.950058,1,1,12.728557,12.728557,1,1,2.3849209,2.3849209,1,1,2.7291405,2.7291405,1,1,4.9056239,4.9056239,1,1,6.8707476,6.8707476,1,1,6.3692292,6.3692292,1,1,6.5367077,6.5367077
0b_baseline_last,file,19,baseline,956,018.Spotted_Catbird/Spotted_Catbird_0016_796803.jpg,18,17,018.Spotted_Catbird,22,21,horizontal_flip,horizontal_flip,0,"{""flipped"":true}",0.075294293,0.042446271,-0.032848023,0.92747051,0.95844197,0.031870149,0.012072215,0.89560036,0.94636976,0.050769402,0.71342875,0.58154518,12.950058,7.5310438,False,0.96114367,True,True,True,0.71342875,0.58154518,12.950058,7.5310438,0.70546336,0.58135259,12.728557,7.3997794,0.9381675,0.58700442,2.3849209,1.3999591,0.69867356,0.55283293,2.7291405,1.5087587,0.53784263,0.5762741,4.9056239,2.826984,0.74054511,0.61577494,6.8707476,4.2308342,0.69295285,0.56717192,6.3692292,3.612448,0.77499498,0.56289982,6.5367077,3.6795116
0b_baseline_last,file,19,baseline,956,018.Spotted_Catbird/Spotted_Catbird_0016_796803.jpg,18,17,018.Spotted_Catbird,22,21,color_jitter,color_jitter,0,"{""brightness"":0.649776,""contrast"":1.013893,""hue"":-0.0164,""saturation"":1.198283}",0.075294293,0.42136282,0.34606852,0.92747051,0.65615201,0.031870149,0.14276621,0.89560036,0.5133858,-0.38221455,0.83857725,4.8532995,12.950058,62.85051,False,0.96622276,True,True,True,0.83857725,4.8532995,12.950058,62.85051,0.83469602,4.8646608,12.728557,61.92011,0.95984724,4.5176958,2.3849209,10.774347,0.73048947,5.8709984,2.7291405,16.02278,0.70342072,5.1498711,4.9056239,25.263331,0.85819194,5.2327773,6.8707476,35.953092,0.87381854,4.5708219,6.3692292,29.112613,0.89153998,4.3241923,6.5367077,28.265981
0b_baseline_last,file,19,baseline,956,018.Spotted_Catbird/Spotted_Catbird_0016_796803.jpg,18,17,018.Spotted_Catbird,22,21,rotation,rotation,0,"{""angle"":12.335611}",0.075294293,0.15469511,0.079400815,0.92747051,0.85667634,0.031870149,0.034758933,0.89560036,0.82191741,-0.073682949,0.71381487,1.9620717,12.950058,25.408942,False,0.95101255,True,True,True,0.71381487,1.9620717,12.950058,25.408942,0.70742007,1.9652449,12.728557,25.014731,0.90616797,1.8694243,2.3849209,4.4584291,0.57147285,1.8529004,2.7291405,5.0568256,0.55863093,2.1273473,4.9056239,10.435966,0.76844234,2.0400355,6.8707476,14.016569,0.70379596,1.9782503,6.3692292,12.59993,0.76433119,1.7842831,6.5367077,11.663337
0b_baseline_last,file,19,baseline,956,018.Spotted_Catbird/Spotted_Catbird_0016_796803.jpg,18,17,018.Spotted_Catbird,22,21,random_resized_crop,random_resized_crop,0,"{""area_fraction"":0.795291,""aspect"":0.985035,""fallback"":false,""height"":0.898539,""left"":0.068166,""top"":0.048556,""width"":0.885093}",0.075294293,0.35095215,0.27565785,0.92747051,0.70401746,0.031870149,0.082490288,0.89560036,0.62152717,-0.27407318,0.78162387,4.097354,12.950058,53.060972,False,0.97264326,True,True,True,0.78162387,4.097354,12.950058,53.060972,0.77579748,4.1033699,12.728557,52.229976,0.95602762,3.9221213,2.3849209,9.3539491,0.52575013,4.0563455,2.7291405,11.070337,0.61614345,4.1056112,4.9056239,20.140584,0.78927153,4.2487717,6.8707476,29.192238,0.80842517,4.1274799,6.3692292,26.288866,0.86773166,3.9197007,6.5367077,25.621938
0b_baseline_last,file,19,baseline,956,018.Spotted_Catbird/Spotted_Catbird_0016_796803.jpg,18,17,018.Spotted_Catbird,22,21,gaussian_blur,gaussian_blur,0,"{""sigma"":1.133587}",0.075294293,0.17524599,0.099951692,0.92747051,0.83925056,0.031870149,0.061812762,0.89560036,0.7774378,-0.11816255,0.78573338,2.1605232,12.950058,27.978901,False,0.97020894,True,True,True,0.78573338,2.1605232,12.950058,27.978901,0.7794192,2.1616276,12.728557,27.514399,0.96845046,2.1288262,2.3849209,5.0770822,0.57076776,2.2595969,2.7291405,6.1667574,0.64910401,2.2476294,4.9056239,11.026025,0.76970121,2.1619262,6.8707476,14.854049,0.8203629,2.1808941,6.3692292,13.890614,0.87008817,2.0742948,6.5367077,13.559059
0b_baseline_last,file,19,baseline,956,018.Spotted_Catbird/Spotted_Catbird_0016_796803.jpg,18,17,018.Spotted_Catbird,22,21,random_erasing,random_erasing,0,"{""area_fraction"":0.150601,""erased"":true,""height"":0.223208,""left"":0.146523,""top"":0.428636,""width"":0.674714}",0.075294293,1.1739774,1.0986831,0.92747051,0.30913496,0.031870149,0.079511851,0.89560036,0.22962311,-0.66597725,0.68048181,10.16282,12.950058,131.60911,False,0.90441144,True,True,True,0.68048181,10.16282,12.950058,131.60911,0.6758364,10.21261,12.728557,129.99179,0.84662467,8.6246813,2.3849209,20.569183,0.80748405,10.815734,2.7291405,29.517658,0.6351675,12.109591,4.9056239,59.405099,0.68462368,10.276719,6.8707476,70.608739,0.6572366,9.6381994,6.3692292,61.387901,0.69755853,9.360135,6.5367077,61.184467
0b_baseline_last,file,19,baseline,11179,190.Red_cockaded_Woodpecker/Red_Cockaded_Woodpecker_0060_182377.jpg,190,189,190.Red_cockaded_Woodpecker,192,191,identity,identity,0,{},0.34146339,0.34146339,0,0.71072948,0.71072948,0.1660278,0.1660278,0.54470168,0.54470168,0,1,1,57.065517,57.065517,False,1,True,True,True,1,1,57.065517,57.065517,1,1,56.395377,56.395377,1,1,8.7197849,8.7197849,1,1,14.047269,14.047269,1,1,26.851217,26.851217,1,1,32.463582,32.463582,1,1,26.236254,26.236254,1,1,22.80131,22.80131
0b_baseline_last,file,19,baseline,11179,190.Red_cockaded_Woodpecker/Red_Cockaded_Woodpecker_0060_182377.jpg,190,189,190.Red_cockaded_Woodpecker,192,191,horizontal_flip,horizontal_flip,0,"{""flipped"":true}",0.34146339,0.26840508,-0.073058307,0.71072948,0.76459801,0.1660278,0.12712339,0.54470168,0.63747463,0.092772946,0.77449299,0.95875838,57.065517,54.712043,False,0.97297418,True,True,True,0.77449299,0.95875838,57.065517,54.712043,0.77113893,0.96267762,56.395377,54.290568,0.96568446,0.77731764,8.7197849,6.7780426,0.71720328,0.95687088,14.047269,13.441423,0.77191148,0.91655023,26.851217,24.610489,0.78259472,0.9886356,32.463582,32.094653,0.75990661,1.0137378,26.236254,26.596683,0.78806589,0.9027193,22.80131,20.583183
0b_baseline_last,file,19,baseline,11179,190.Red_cockaded_Woodpecker/Red_Cockaded_Woodpecker_0060_182377.jpg,190,189,190.Red_cockaded_Woodpecker,192,191,color_jitter,color_jitter,0,"{""brightness"":1.00288,""contrast"":0.645759,""hue"":0.020285,""saturation"":0.777821}",0.34146339,0.38342208,0.04195869,0.71072948,0.68152517,0.1660278,0.075898811,0.54470168,0.60562636,0.060924679,0.81553487,1.3202509,57.065517,75.3408,False,0.97198927,True,True,True,0.81553487,1.3202509,57.065517,75.3408,0.81464058,1.3259158,56.395377,74.775523,0.88322592,1.0564259,8.7197849,9.2118067,0.83321615,1.1213853,14.047269,15.752401,0.8167385,1.5459554,26.851217,41.510786,0.85380989,1.3373468,32.463582,43.415067,0.7833273,1.2511233,26.236254,32.824789,0.7911407,1.1247969,22.80131,25.646843
0b_baseline_last,file,19,baseline,11179,190.Red_cockaded_Woodpecker/Red_Cockaded_Woodpecker_0060_182377.jpg,190,189,190.Red_cockaded_Woodpecker,192,191,rotation,rotation,0,"{""angle"":-3.712897}",0.34146339,0.15572542,-0.18573797,0.71072948,0.85579413,0.1660278,0.084213965,0.54470168,0.77158017,0.22687849,0.87428435,0.51635729,57.065517,29.466196,False,0.97600424,True,True,True,0.87428435,0.51635729,57.065517,29.466196,0.87222312,0.51746611,56.395377,29.182697,0.97408449,0.46762746,8.7197849,4.0776109,0.88552362,0.43180464,14.047269,6.065676,0.87239181,0.48579291,26.851217,13.044131,0.86344281,0.55946826,32.463582,18.162344,0.87833164,0.52395741,26.236254,13.74668,0.8936748,0.49199424,22.80131,11.218113
0b_baseline_last,file,19,baseline,11179,190.Red_cockaded_Woodpecker/Red_Cockaded_Woodpecker_0060_182377.jpg,190,189,190.Red_cockaded_Woodpecker,192,191,random_resized_crop,random_resized_crop,0,"{""area_fraction"":0.839997,""aspect"":0.890794,""fallback"":false,""height"":0.97107,""left"":0.131266,""top"":0.011668,""width"":0.865023}",0.34146339,0.37959677,0.038133383,0.71072948,0.68413723,0.1660278,0.070174284,0.54470168,0.61396294,0.06926126,0.82817719,0.98949968,57.065517,56.466311,False,0.97255206,True,True,True,0.82817719,0.98949968,57.065517,56.466311,0.82616338,0.98960838,56.395377,55.809338,0.91282062,0.98494229,8.7197849,8.588485,0.84576178,1.0000687,14.047269,14.048234,0.83541975,0.94838371,26.851217,25.465257,0.83473209,0.99063552,32.463582,32.159578,0.80348056,1.0146797,26.236254,26.621393,0.82130251,1.0057664,22.80131,22.932793
0b_baseline_last,file,19,baseline,11179,190.Red_cockaded_Woodpecker/Red_Cockaded_Woodpecker_0060_182377.jpg,190,189,190.Red_cockaded_Woodpecker,192,191,gaussian_blur,gaussian_blur,0,"{""sigma"":1.811277}",0.34146339,0.2493266,-0.092136785,0.71072948,0.77932543,0.1660278,0.0072964104,0.54470168,0.77202902,0.22732733,0.46293954,0.86457708,57.065517,49.337538,False,0.86849165,True,True,True,0.46293954,0.86457708,57.065517,49.337538,0.45706547,0.86718183,56.395377,48.905046,0.75297776,0.7475377,8.7197849,6.5183679,0.43360725,0.77288636,14.047269,10.856943,0.40003673,0.8314298,26.851217,22.324902,0.39844966,0.88921282,32.463582,28.867034,0.51739444,0.93595489,26.236254,24.55595,0.59045637,0.80764873,22.80131,18.415449
0b_baseline_last,file,19,baseline,11179,190.Red_cockaded_Woodpecker/Red_Cockaded_Woodpecker_0060_182377.jpg,190,189,190.Red_cockaded_Woodpecker,192,191,random_erasing,random_erasing,0,"{""area_fraction"":0.093645,""erased"":true,""height"":0.228926,""left"":0.401273,""top"":0.645586,""width"":0.409063}",0.34146339,0.35228106,0.010817677,0.71072948,0.7030825,0.1660278,0.22097826,0.54470168,0.48210424,-0.062597439,0.95484298,1.1697737,57.065517,66.753742,False,0.97967005,True,True,True,0.95484298,1.1697737,57.065517,66.753742,0.95474613,1.1724463,56.395377,66.120552,0.96486332,1.0519179,8.7197849,9.1724976,0.96782256,1.1751533,14.047269,16.507695,0.960256,1.1742728,26.851217,31.530654,0.95909833,1.2118652,32.463582,39.341487,0.95183348,1.1574604,26.236254,30.367425,0.9386457,1.1054329,22.80131,25.205319
0b_baseline_last,file,19,baseline,4184,072.Pomarine_Jaeger/Pomarine_Jaeger_0075_61349.jpg,72,71,072.Pomarine_Jaeger,92,91,identity,identity,0,{},0.00059574976,0.00059574976,0,0.99940443,0.99940443,0.00019992996,0.00019992996,0.9992045,0.9992045,0,1,1,0.11151179,0.11151179,False,0.99999988,True,True,True,1,1,0.11151179,0.11151179,1,1,0.10889553,0.10889553,1,1,0.024013422,0.024013422,1,1,0.031635487,0.031635487,1,1,0.044107533,0.044107533,1,1,0.049896803,0.049896803,1,1,0.055905501,0.055905501,1,1,0.057418128,0.057418128
0b_baseline_last,file,19,baseline,4184,072.Pomarine_Jaeger/Pomarine_Jaeger_0075_61349.jpg,72,71,072.Pomarine_Jaeger,92,91,horizontal_flip,horizontal_flip,0,"{""flipped"":true}",0.00059574976,0.0034375642,0.0028418145,0.99940443,0.99656832,0.00019992996,0.00031585782,0.9992045,0.99625246,-0.0029520361,0.53597674,5.8604019,0.11151179,0.65350394,False,0.97084677,True,True,True,0.53597674,5.8604019,0.11151179,0.65350394,0.52183152,5.900913,0.10889553,0.64258303,0.89032067,4.9544153,0.024013422,0.11897246,0.54799133,5.4103212,0.031635487,0.17115814,0.52712006,6.0172876,0.044107533,0.26540771,0.37709122,6.1286936,0.049896803,0.30580221,0.49148179,5.9937816,0.055905501,0.33508536,0.65989592,5.7070469,0.057418128,0.32768795
0b_baseline_last,file,19,baseline,4184,072.Pomarine_Jaeger/Pomarine_Jaeger_0075_61349.jpg,72,71,072.Pomarine_Jaeger,92,91,color_jitter,color_jitter,0,"{""brightness"":0.878992,""contrast"":1.254021,""hue"":-0.035923,""saturation"":1.322681}",0.00059574976,0.11759695,0.1170012,0.99940443,0.8890543,0.00019992996,0.0019557637,0.9992045,0.88709853,-0.11210597,0.47201568,237.03033,0.11151179,26.431678,False,0.89816582,True,True,True,0.47201568,237.03033,0.11151179,26.431678,0.46279711,239.33589,0.10889553,26.062608,0.73582257,183.29745,0.024013422,4.4015989,0.35635205,290.79405,0.031635487,9.1994114,0.35323848,250.37861,0.044107533,11.043583,0.38954782,242.2666,0.049896803,12.088329,0.51562185,244.36688,0.055905501,13.661453,0.60210646,206.00138,0.057418128,11.828214
0b_baseline_last,file,19,baseline,4184,072.Pomarine_Jaeger/Pomarine_Jaeger_0075_61349.jpg,72,71,072.Pomarine_Jaeger,92,91,rotation,rotation,0,"{""angle"":-5.6273}",0.00059574976,0.00070070504,0.00010495528,0.99940443,0.99929953,0.00019992996,5.291749e-05,0.9992045,0.99924661,4.2108291e-05,0.66807395,1.1943101,0.11151179,0.13317966,False,0.96323621,True,True,True,0.66807395,1.1943101,0.11151179,0.13317966,0.65797804,1.2011125,0.10889553,0.13079578,0.91303575,1.0446483,0.024013422,0.02508558,0.69601839,1.7010293,0.031635487,0.053812891,0.55791981,1.249342,0.044107533,0.055105395,0.57364215,1.101777,0.049896803,0.054975152,0.68028595,1.1506421,0.055905501,0.064327222,0.77254361,1.103533,0.057418128,0.063362802
0b_baseline_last,file,19,baseline,4184,072.Pomarine_Jaeger/Pomarine_Jaeger_0075_61349.jpg,72,71,072.Pomarine_Jaeger,92,91,random_resized_crop,random_resized_crop,0,"{""area_fraction"":0.715197,""aspect"":1.265809,""fallback"":false,""height"":0.751672,""left"":0.039362,""top"":0.022234,""width"":0.951474}",0.00059574976,0.00036352224,-0.00023222752,0.99940443,0.99963653,0.00019992996,4.8765291e-05,0.9992045,0.99958777,0.00038326515,0.684586,0.55475913,0.11151179,0.061862186,False,0.97314298,True,True,True,0.684586,0.55475913,0.11151179,0.061862186,0.67117878,0.55236788,0.10889553,0.060150391,0.94002734,0.60183043,0.024013422,0.014452008,0.64826054,0.71191573,0.031635487,0.022521801,0.57148264,0.55434431,0.044107533,0.02445076,0.63645921,0.49855229,0.049896803,0.024876165,0.65340398,0.5362001,0.055905501,0.029976536,0.79101423,0.5495276,0.057418128,0.031552846
0b_baseline_last,file,19,baseline,4184,072.Pomarine_Jaeger/Pomarine_Jaeger_0075_61349.jpg,72,71,072.Pomarine_Jaeger,92,91,gaussian_blur,gaussian_blur,0,"{""sigma"":1.239142}",0.00059574976,0.0055991719,0.0050034221,0.99940443,0.99441648,0.00019992996,0.00010083514,0.9992045,0.99431564,-0.0048888603,0.37267824,12.410206,0.11151179,1.3838843,False,0.90648347,True,True,True,0.37267824,12.410206,0.11151179,1.3838843,0.35654516,12.528383,0.10889553,1.3642849,0.81489997,9.6647329,0.024013422,0.23208331,0.1461833,17.068069,0.031635487,0.53995668,0.13197055,13.721771,0.044107533,0.60523345,0.36260212,12.245863,0.049896803,0.61102939,0.41243342,12.672937,0.055905501,0.70848688,0.59469152,9.9759741,0.057418128,0.57280176
0b_baseline_last,file,19,baseline,4184,072.Pomarine_Jaeger/Pomarine_Jaeger_0075_61349.jpg,72,71,072.Pomarine_Jaeger,92,91,random_erasing,random_erasing,0,"{""area_fraction"":0.06879,""erased"":true,""height"":0.292988,""left"":0.394767,""top"":0.353976,""width"":0.234787}",0.00059574976,0.0048231212,0.0042273715,0.99940443,0.99518847,0.00019992996,0.0007635004,0.9992045,0.99442497,-0.0047795262,0.71112154,8.145105,0.11151179,0.90827527,False,0.96665645,True,True,True,0.71112154,8.145105,0.11151179,0.90827527,0.70280175,8.1803663,0.10889553,0.8908053,0.90428369,7.3827364,0.024013422,0.17728476,0.72658115,8.9152988,0.031635487,0.28203982,0.64576873,8.0234176,0.044107533,0.35389316,0.63467861,8.3801054,0.049896803,0.41814046,0.71885031,8.4130009,0.055905501,0.47033303,0.77242338,7.6451065,0.057418128,0.43896771
0b_baseline_last,file,19,baseline,881,016.Painted_Bunting/Painted_Bunting_0086_16540.jpg,16,15,016.Painted_Bunting,42,41,identity,identity,0,{},0.0021181309,0.0021181309,0,0.99788409,0.99788409,0.00035239241,0.00035239241,0.9975317,0.9975317,0,1,1,0.31576372,0.31576372,False,1,True,True,True,1,1,0.31576372,0.31576372,1,1,0.30894871,0.30894871,1,1,0.065248944,0.065248944,1,1,0.062371377,0.062371377,1,1,0.12767981,0.12767981,1,1,0.15684803,0.15684803,1,1,0.14432768,0.14432768,1,1,0.17269974,0.17269974
0b_baseline_last,file,19,baseline,881,016.Painted_Bunting/Painted_Bunting_0086_16540.jpg,16,15,016.Painted_Bunting,42,41,horizontal_flip,horizontal_flip,0,"{""flipped"":true}",0.0021181309,0.0041127154,0.0019945845,0.99788409,0.99589574,0.00035239241,0.00026173526,0.9975317,0.99563401,-0.0018976942,0.62813091,2.142935,0.31576372,0.67666114,False,0.97358096,True,True,True,0.62813091,2.142935,0.31576372,0.67666114,0.61543384,2.1533949,0.30894871,0.66528856,0.95690815,1.8933202,0.065248944,0.12353714,0.49051023,1.8216344,0.062371377,0.11361784,0.49262228,2.4179294,0.12767981,0.30872075,0.60849768,2.1798887,0.15684803,0.34191125,0.55521997,2.131031,0.14432768,0.30756676,0.76515442,2.0298685,0.17269974,0.35055775
0b_baseline_last,file,19,baseline,881,016.Painted_Bunting/Painted_Bunting_0086_16540.jpg,16,15,016.Painted_Bunting,42,41,color_jitter,color_jitter,0,"{""brightness"":1.344469,""contrast"":0.683746,""hue"":0.092923,""saturation"":1.342968}",0.0021181309,0.33299738,0.33087925,0.99788409,0.71677208,0.00035239241,0.0012317952,0.9975317,0.71554028,-0.28199142,0.47596926,162.06653,0.31576372,51.174731,False,0.83165556,True,True,True,0.47596926,162.06653,0.31576372,51.174731,0.46519866,163.51702,0.30894871,50.518373,0.80779794,125.21098,0.065248944,8.1698844,0.38343,153.13628,0.062371377,9.5513208,0.39188351,207.46372,0.12767981,26.488928,0.39478012,171.27613,0.15684803,26.864324,0.49372017,163.61336,0.14432768,23.613937,0.62398013,126.8487,0.17269974,21.906736
0b_baseline_last,file,19,baseline,881,016.Painted_Bunting/Painted_Bunting_0086_16540.jpg,16,15,016.Painted_Bunting,42,41,rotation,rotation,0,"{""angle"":-12.28768}",0.0021181309,0.0036254886,0.0015073577,0.99788409,0.9963811,0.00035239241,0.00018951821,0.9975317,0.99619159,-0.0013401165,0.70698155,1.9316369,0.31576372,0.60994085,False,0.95557791,True,True,True,0.70698155,1.9316369,0.31576372,0.60994085,0.6976571,1.9392034,0.30894871,0.59911437,0.94162465,1.7534491,0.065248944,0.1144107,0.60721845,2.0505646,0.062371377,0.12789654,0.6925076,1.9956844,0.12767981,0.2548086,0.64584874,1.9948096,0.15684803,0.31288195,0.64338801,1.9818535,0.14432768,0.28603631,0.804915,1.812137,0.17269974,0.31295557
0b_baseline_last,file,19,baseline,881,016.Painted_Bunting/Painted_Bunting_0086_16540.jpg,16,15,016.Painted_Bunting,42,41,random_resized_crop,random_resized_crop,0,"{""area_fraction"":0.651155,""aspect"":0.993842,""fallback"":false,""height"":0.809438,""left"":0.129139,""top"":0.131749,""width"":0.804454}",0.0021181309,0.031133065,0.029014934,0.99788409,0.96934658,0.00035239241,0.0010325128,0.9975317,0.96831407,-0.029217632,0.7069633,18.106355,0.31576372,5.7173301,False,0.93914199,True,True,True,0.7069633,18.106355,0.31576372,5.7173301,0.70052702,18.276713,0.30894871,5.6465668,0.92682269,13.743404,0.065248944,0.89674261,0.65820237,21.389581,0.062371377,1.3340976,0.71226341,19.320126,0.12767981,2.4667899,0.67219653,19.070116,0.15684803,2.9911101,0.66815385,19.34055,0.14432768,2.7913768,0.76918472,15.623692,0.17269974,2.6982074
0b_baseline_last,file,19,baseline,881,016.Painted_Bunting/Painted_Bunting_0086_16540.jpg,16,15,016.Painted_Bunting,42,41,gaussian_blur,gaussian_blur,0,"{""sigma"":1.336476}",0.0021181309,0.1107767,0.10865857,0.99788409,0.89513862,0.00035239241,0.00098367827,0.9975317,0.89415494,-0.10337676,0.50333443,58.45186,0.31576372,18.456977,False,0.89378703,True,True,True,0.50333443,58.45186,0.31576372,18.456977,0.49052006,58.841218,0.30894871,18.178918,0.85722435,48.91567,0.065248944,3.1916958,0.15019065,62.300885,0.062371377,3.885792,0.40325845,76.013918,0.12767981,9.7054422,0.45422943,62.515424,0.15684803,9.8054211,0.53392817,56.861732,0.14432768,8.2067219,0.6768834,43.977107,0.17269974,7.5948348
0b_baseline_last,file,19,baseline,881,016.Painted_Bunting/Painted_Bunting_0086_16540.jpg,16,15,016.Painted_Bunting,42,41,random_erasing,random_erasing,0,"{""area_fraction"":0.145185,""erased"":true,""height"":0.221506,""left"":0.290515,""top"":0.773309,""width"":0.655446}",0.0021181309,0.0054423264,0.0033241955,0.99788409,0.99457246,0.00035239241,0.0003760189,0.9975317,0.99419644,-0.0033352606,0.90192257,2.6923768,0.31576372,0.85015491,False,0.98775929,True,True,True,0.90192257,2.6923768,0.31576372,0.85015491,0.89903983,2.7029183,0.30894871,0.83506311,0.97778907,2.4441351,0.065248944,0.15947723,0.9210306,2.7556817,0.062371377,0.17187566,0.91072938,2.8632413,0.12767981,0.36557809,0.89054493,2.8143382,0.15684803,0.44142341,0.87675067,2.7081418,0.14432768,0.39085983,0.91766712,2.500726,0.17269974,0.43187472
0b_baseline_last,file,19,baseline,2199,039.Least_Flycatcher/Least_Flycatcher_0049_30361.jpg,39,38,039.Least_Flycatcher,102,101,identity,identity,0,{},0.036267035,0.036267035,0,0.96438271,0.96438271,0.011396924,0.011396924,0.95298578,0.95298578,0,1,1,5.5593799,5.5593799,False,1,True,True,True,1,1,5.5593799,5.5593799,1,1,5.4498192,5.4498192,1,1,1.0982606,1.0982606,1,1,1.2236789,1.2236789,1,1,2.5895638,2.5895638,1,1,2.7623513,2.7623513,1,1,2.6731917,2.6731917,1,1,2.5924428,2.5924428
0b_baseline_last,file,19,baseline,2199,039.Least_Flycatcher/Least_Flycatcher_0049_30361.jpg,39,38,039.Least_Flycatcher,102,101,horizontal_flip,horizontal_flip,0,"{""flipped"":true}",0.036267035,0.065517433,0.029250398,0.96438271,0.93658274,0.011396924,0.0092870584,0.95298578,0.92729569,-0.025690098,0.53326629,1.8828626,5.5593799,10.467549,False,0.95827407,True,True,True,0.53326629,1.8828626,5.5593799,10.467549,0.51726795,1.8835084,5.4498192,10.26478,0.9307314,1.8668908,1.0982606,2.0503325,0.04153864,1.8500563,1.2236789,2.2638748,0.47190726,1.9469552,2.5895638,5.0417647,0.4842668,1.9064734,2.7623513,5.2663493,0.51432752,1.863058,2.6731917,4.9803112,0.71647845,1.8208751,2.5924428,4.7205146
0b_baseline_last,file,19,baseline,2199,039.Least_Flycatcher/Least_Flycatcher_0049_30361.jpg,39,38,039.Least_Flycatcher,102,101,color_jitter,color_jitter,0,"{""brightness"":1.081852,""contrast"":1.142514,""hue"":0.032865,""saturation"":0.817336}",0.036267035,0.016952369,-0.019314665,0.96438271,0.98319054,0.011396924,0.0077422727,0.95298578,0.97544826,0.02246248,0.81297613,0.45141433,5.5593799,2.5095838,False,0.97730631,True,True,True,0.81297613,0.45141433,5.5593799,2.5095838,0.80629609,0.44840242,5.4498192,2.4437121,0.96334274,0.520105,1.0982606,0.57121081,0.61027469,0.47055405,1.2236789,0.57580705,0.67867417,0.41772061,2.5895638,1.0817142,0.82871598,0.43796326,2.7623513,1.2098084,0.8512538,0.45078958,2.6731917,1.2050469,0.89582552,0.48090306,2.5924428,1.2467137
0b_baseline_last,file,19,baseline,2199,039.Least_Flycatcher/Least_Flycatcher_0049_30361.jpg,39,38,039.Least_Flycatcher,102,101,rotation,rotation,0,"{""angle"":-12.689207}",0.036267035,0.053381495,0.01711446,0.96438271,0.94801825,0.011396924,0.026715612,0.95298578,0.92130264,-0.031683143,0.63794298,1.5667818,5.5593799,8.7103351,False,0.95886916,True,True,True,0.63794298,1.5667818,5.5593799,8.7103351,0.62482034,1.5615756,5.4498192,8.5103048,0.93843704,1.6899239,1.0982606,1.8559768,0.32390217,1.4733502,1.2236789,1.8029075,0.57660665,1.5052122,2.5895638,3.8978431,0.62931609,1.6868927,2.7623513,4.6597903,0.63152448,1.6037556,2.6731917,4.287146,0.73553388,1.4375282,2.5924428,3.7267097
0b_baseline_last,file,19,baseline,2199,039.Least_Flycatcher/Least_Flycatcher_0049_30361.jpg,39,38,039.Least_Flycatcher,102,101,random_resized_crop,random_resized_crop,0,"{""area_fraction"":0.681325,""aspect"":1.0758,""fallback"":false,""height"":0.795814,""left"":0.08712,""top"":0.188744,""width"":0.856136}",0.036267035,0.40714297,0.37087593,0.96438271,0.66554904,0.011396924,0.044583604,0.95298578,0.62096544,-0.33202035,0.69375018,10.130875,5.5593799,56.321382,False,0.93097866,True,True,True,0.69375018,10.130875,5.5593799,56.321382,0.68701208,10.191945,5.4498192,55.544257,0.9041712,8.4896203,1.0982606,9.3238152,0.61470584,14.830715,1.2236789,18.148032,0.68065537,10.105116,2.5895638,26.167842,0.6930482,10.146143,2.7623513,28.027212,0.68122298,9.7956163,2.6731917,26.18556,0.73782039,9.4473912,2.5924428,24.491822
0b_baseline_last,file,19,baseline,2199,039.Least_Flycatcher/Least_Flycatcher_0049_30361.jpg,39,38,039.Least_Flycatcher,102,101,gaussian_blur,gaussian_blur,0,"{""sigma"":1.660073}",0.036267035,2.474555,2.438288,0.96438271,0.084200457,0.011396924,0.11438338,0.95298578,-0.03018292,-0.9831687,0.45991856,33.461445,5.5593799,186.02489,False,0.80938077,False,True,False,0.45991856,33.461445,5.5593799,186.02489,0.45112503,33.78439,5.4498192,184.11882,0.78757042,24.185175,1.0982606,26.561624,0.59417401,32.566273,1.2236789,39.85066,0.29669677,37.009844,2.5895638,95.839351,0.4559902,37.265516,2.7623513,102.94045,0.51062264,33.249723,2.6731917,88.882882,0.56162926,26.245908,2.5924428,68.041017
0b_baseline_last,file,19,baseline,2199,039.Least_Flycatcher/Least_Flycatcher_0049_30361.jpg,39,38,039.Least_Flycatcher,102,101,random_erasing,random_erasing,0,"{""area_fraction"":0.113396,""erased"":true,""height"":0.495414,""left"":0.598594,""top"":0.288368,""width"":0.228891}",0.036267035,0.025675669,-0.010591365,0.96438271,0.97465116,0.011396924,0.0056190868,0.95298578,0.96903207,0.016046287,0.86083282,0.67268622,5.5593799,3.7397183,False,0.98242778,True,True,True,0.86083282,0.67268622,5.5593799,3.7397183,0.85600058,0.67168753,5.4498192,3.6605756,0.97608558,0.69682635,1.0982606,0.7652969,0.87339478,0.82184941,1.2236789,1.0056798,0.8478555,0.68766885,2.5895638,1.7807623,0.84493736,0.64407668,2.7623513,1.7791661,0.84164801,0.64546724,2.6731917,1.7254576,0.89257623,0.67637906,2.5924428,1.7534741
0b_baseline_last,file,19,baseline,4531,078.Gray_Kingbird/Gray_Kingbird_0037_70050.jpg,78,77,078.Gray_Kingbird,112,111,identity,identity,0,{},0.12652288,0.12652288,0,0.881154,0.881154,0.051911417,0.051911417,0.82924258,0.82924258,0,1,1,21.068304,21.068304,False,1,True,True,True,1,1,21.068304,21.068304,1,1,20.675023,20.675023,1,1,4.0517752,4.0517752,1,1,5.6482657,5.6482657,1,1,8.4210641,8.4210641,1,1,10.198582,10.198582,1,1,11.037738,11.037738,1,1,9.9396481,9.9396481
0b_baseline_last,file,19,baseline,4531,078.Gray_Kingbird/Gray_Kingbird_0037_70050.jpg,78,77,078.Gray_Kingbird,112,111,horizontal_flip,horizontal_flip,0,"{""flipped"":true}",0.12652288,0.086554095,-0.039968789,0.881154,0.91708595,0.051911417,0.052763876,0.82924258,0.86432207,0.035079487,0.58696618,0.78687679,21.068304,16.57816,False,0.95099056,True,True,True,0.58696618,0.78687679,21.068304,16.57816,0.57606267,0.78981319,20.675023,16.329406,0.9080725,0.70613472,4.0517752,2.8610992,0.51612462,0.78831858,5.6482657,4.4526328,0.55486342,0.79795169,8.4210641,6.7196023,0.52262577,0.84587248,10.198582,8.6266995,0.56262269,0.7776034,11.037738,8.5829825,0.69854744,0.73644842,9.9396481,7.3200381
0b_baseline_last,file,19,baseline,4531,078.Gray_Kingbird/Gray_Kingbird_0037_70050.jpg,78,77,078.Gray_Kingbird,112,111,color_jitter,color_jitter,0,"{""brightness"":0.855864,""contrast"":1.238648,""hue"":0.041369,""saturation"":0.616595}",0.12652288,0.17753893,0.051016048,0.881154,0.83732843,0.051911417,0.12624069,0.82924258,0.71108775,-0.11815483,0.80247047,1.5082789,21.068304,31.776878,False,0.97543848,True,True,True,0.80247047,1.5082789,21.068304,31.776878,0.79724304,1.5004563,20.675023,31.021967,0.92861464,1.6993326,4.0517752,6.8853136,0.76427318,1.2635398,5.6482657,7.1368085,0.74541907,1.550954,8.4210641,13.060683,0.76381812,1.4163904,10.198582,14.445173,0.81800672,1.5282824,11.037738,16.86878,0.85485167,1.5831754,9.9396481,15.736206
0b_baseline_last,file,19,baseline,4531,078.Gray_Kingbird/Gray_Kingbird_0037_70050.jpg,78,77,078.Gray_Kingbird,112,111,rotation,rotation,0,"{""angle"":-8.470536}",0.12652288,0.26056531,0.13404243,0.881154,0.77061582,0.051911417,0.09623865,0.82924258,0.67437717,-0.15486542,0.75615283,1.900728,21.068304,40.045116,False,0.95643079,True,True,True,0.75615283,1.900728,21.068304,40.045116,0.75001389,1.9078394,20.675023,39.444623,0.93961126,1.7051563,4.0517752,6.90891,0.80502577,1.8983356,5.6482657,10.722304,0.69540104,1.8414823,8.4210641,15.507241,0.75043374,2.0854958,10.198582,21.2691,0.73644723,1.8939503,11.037738,20.904927,0.79506391,1.7743564,9.9396481,17.636478
0b_baseline_last,file,19,baseline,4531,078.Gray_Kingbird/Gray_Kingbird_0037_70050.jpg,78,77,078.Gray_Kingbird,112,111,random_resized_crop,random_resized_crop,0,"{""area_fraction"":0.735615,""aspect"":1.039745,""fallback"":false,""height"":0.841128,""left"":0.08145,""top"":0.158179,""width"":0.874559}",0.12652288,0.037320465,-0.089202419,0.881154,0.96336734,0.051911417,0.011909065,0.82924258,0.95145828,0.12221569,0.7190646,0.30420744,21.068304,6.4091349,False,0.96116245,True,True,True,0.7190646,0.30420744,21.068304,6.4091349,0.71082014,0.30490864,20.675023,6.303993,0.9499762,0.285344,4.0517752,1.1561498,0.70600617,0.29753172,5.6482657,1.6805382,0.61426531,0.31963268,8.4210641,2.6916473,0.69930412,0.33075202,10.198582,3.3732015,0.73620119,0.28412666,11.037738,3.1361156,0.77764308,0.29258265,9.9396481,2.9081686
0b_baseline_last,file,19,baseline,4531,078.Gray_Kingbird/Gray_Kingbird_0037_70050.jpg,78,77,078.Gray_Kingbird,112,111,gaussian_blur,gaussian_blur,0,"{""sigma"":1.8439}",0.12652288,0.13340031,0.0068774223,0.881154,0.87511468,0.051911417,0.054971192,0.82924258,0.82014349,-0.0090990961,0.58890243,0.97091502,21.068304,20.455533,False,0.88277078,True,True,True,0.58890243,0.97091502,21.068304,20.455533,0.57826225,0.96673208,20.675023,19.987207,0.84138677,1.0741101,4.0517752,4.3520529,0.33083134,0.95147461,5.6482657,5.3741814,0.5215061,0.94997281,8.4210641,7.9997819,0.60743495,0.961067,10.198582,9.8015202,0.57930104,0.9589462,11.037738,10.584597,0.66278141,0.99853141,9.9396481,9.9250509
0b_baseline_last,file,19,baseline,4531,078.Gray_Kingbird/Gray_Kingbird_0037_70050.jpg,78,77,078.Gray_Kingbird,112,111,random_erasing,random_erasing,0,"{""area_fraction"":0.101067,""erased"":true,""height"":0.536581,""left"":0.148791,""top"":0.41282,""width"":0.188354}",0.12652288,0.076103732,-0.050419152,0.881154,0.92672008,0.051911417,0.027239712,0.82924258,0.89948037,0.070237787,0.81764099,0.55465625,21.068304,11.685667,False,0.96604604,True,True,True,0.81764099,0.55465625,21.068304,11.685667,0.81181219,0.55348508,20.675023,11.443316,0.96255428,0.58432529,4.0517752,2.3675547,0.82623537,0.52481848,5.6482657,2.9643142,0.79003462,0.57412569,8.4210641,4.8347492,0.81893348,0.5449111,10.198582,5.5573204,0.79770074,0.53337141,11.037738,5.8872139,0.83437216,0.58008076,9.9396481,5.7657986
0b_baseline_last,file,19,baseline,782,015.Lazuli_Bunting/Lazuli_Bunting_0102_14605.jpg,15,14,015.Lazuli_Bunting,164,163,identity,identity,0,{},0.0050560944,0.0050560944,0,0.99495667,0.99495667,0.00049144361,0.00049144361,0.99446523,0.99446523,0,1,1,0.67072749,0.67072749,False,0.99999994,True,True,True,1,1,0.67072749,0.67072749,1,1,0.65819786,0.65819786,1,1,0.12903854,0.12903854,1,1,0.10036418,0.10036418,1,1,0.25109184,0.25109184,1,1,0.26386812,0.26386812,1,1,0.33256517,0.33256517,1,1,0.4241207,0.4241207
0b_baseline_last,file,19,baseline,782,015.Lazuli_Bunting/Lazuli_Bunting_0102_14605.jpg,15,14,015.Lazuli_Bunting,164,163,horizontal_flip,horizontal_flip,0,"{""flipped"":true}",0.0050560944,0.0075230622,0.0024669678,0.99495667,0.99250519,0.00049144361,0.00034017101,0.99446523,0.99216502,-0.0023002068,0.64421717,1.4595911,0.67072749,0.97898786,False,0.9745369,True,True,True,0.64421717,1.4595911,0.67072749,0.97898786,0.6315622,1.4592843,0.65819786,0.9604978,0.97162962,1.4675505,0.12903854,0.18937057,0.57248734,1.4618157,0.10036418,0.14671393,0.67255343,1.5610663,0.25109184,0.39197102,0.48522497,1.6227535,0.26386812,0.4281929,0.54429583,1.3929284,0.33256517,0.46323946,0.74176603,1.3938079,0.4241207,0.59114279
0b_baseline_last,file,19,baseline,782,015.Lazuli_Bunting/Lazuli_Bunting_0102_14605.jpg,15,14,015.Lazuli_Bunting,164,163,color_jitter,color_jitter,0,"{""brightness"":0.915665,""contrast"":1.368227,""hue"":0.002614,""saturation"":0.711481}",0.0050560944,0.0049578822,-9.8212156e-05,0.99495667,0.99505436,0.00049144361,0.00061999826,0.99446523,0.99443437,-3.0862633e-05,0.88105833,1.01514,0.67072749,0.68088231,False,0.9925406,True,True,True,0.88105833,1.01514,0.67072749,0.68088231,0.87691183,1.0158113,0.65819786,0.66860481,0.99106091,0.99751591,0.12903854,0.128718,0.80434871,1.2455508,0.10036418,0.12500868,0.81174223,0.97886484,0.25109184,0.24578498,0.80244798,1.0097427,0.26386812,0.2664389,0.87576124,1.0783397,0.33256517,0.35861823,0.93888253,0.97614363,0.4241207,0.41400272
0b_baseline_last,file,19,baseline,782,015.Lazuli_Bunting/Lazuli_Bunting_0102_14605.jpg,15,14,015.Lazuli_Bunting,164,163,rotation,rotation,0,"{""angle"":-8.015346}",0.0050560944,0.0065172268,0.0014611324,0.99495667,0.99350399,0.00049144361,0.00055087777,0.99446523,0.99295311,-0.0015121186,0.75013311,1.2955801,0.67072749,0.8689812,False,0.97494411,True,True,True,0.75013311,1.2955801,0.67072749,0.8689812,0.74143205,1.2946957,0.65819786,0.85216592,0.97256852,1.3183831,0.12903854,0.17012222,0.57848583,1.3482276,0.10036418,0.13531375,0.69082751,1.3093491,0.25109184,0.32876689,0.63982773,1.3235495,0.26386812,0.34924252,0.70560113,1.2905213,0.33256517,0.42918244,0.83242629,1.2776278,0.4241207,0.54186841
0b_baseline_last,file,19,baseline,782,015.Lazuli_Bunting/Lazuli_Bunting_0102_14605.jpg,15,14,015.Lazuli_Bunting,164,163,random_resized_crop,random_resized_crop,0,"{""area_fraction"":0.661815,""aspect"":0.839069,""fallback"":false,""height"":0.888115,""left"":0.163624,""top"":0.088331,""width"":0.74519}",0.0050560944,0.090239972,0.085183877,0.99495667,0.91371191,0.00049144361,0.0067845727,0.99446523,0.90692733,-0.087537896,0.54843355,16.241058,0.67072749,10.893324,False,0.93867087,True,True,True,0.54843355,16.241058,0.67072749,10.893324,0.53493135,16.292714,0.65819786,10.72383,0.93661279,14.833967,0.12903854,1.9141535,-0.0097781211,27.452426,0.10036418,2.7552402,0.45996419,16.206535,0.25109184,4.0693289,0.41607498,18.350311,0.26386812,4.8420619,0.52990829,16.223794,0.33256517,5.3954689,0.69576231,14.590518,0.4241207,6.1881408
0b_baseline_last,file,19,baseline,782,015.Lazuli_Bunting/Lazuli_Bunting_0102_14605.jpg,15,14,015.Lazuli_Bunting,164,163,gaussian_blur,gaussian_blur,0,"{""sigma"":1.356664}",0.0050560944,0.0059119598,0.00085586542,0.99495667,0.99410546,0.00049144361,0.00034396752,0.99446523,0.99376149,-0.00070373784,0.60379808,1.3795469,0.67072749,0.9253,False,0.94276679,True,True,True,0.60379808,1.3795469,0.67072749,0.9253,0.59200795,1.3835322,0.65819786,0.91063794,0.93967055,1.2714726,0.12903854,0.16406896,0.41577817,1.736588,0.10036418,0.17429122,0.57833241,1.7665891,0.25109184,0.44357612,0.50315348,1.6254524,0.26386812,0.42890507,0.5691356,1.3782261,0.33256517,0.45835,0.72081314,1.0755378,0.4241207,0.45615783
0b_baseline_last,file,19,baseline,782,015.Lazuli_Bunting/Lazuli_Bunting_0102_14605.jpg,15,14,015.Lazuli_Bunting,164,163,random_erasing,random_erasing,0,"{""area_fraction"":0.161227,""erased"":true,""height"":0.484442,""left"":0.141327,""top"":0.118094,""width"":0.332811}",0.0050560944,5.8307543,5.8256982,0.99495667,0.0029358619,0.00049144361,0.028072916,0.99446523,-0.025137054,-1.0196023,0.18969078,143.75792,0.67072749,96.422387,False,0.57405949,False,True,False,0.18969078,143.75792,0.67072749,96.422387,0.17096654,141.84218,0.65819786,93.36022,0.56645629,186.81992,0.12903854,24.10697,0.37499157,121.51987,0.10036418,12.196241,-0.056481211,140.92644,0.25109184,35.385479,0.060872321,173.11959,0.26386812,45.680741,0.20569869,140.30541,0.33256517,46.660693,0.28269458,130.24258,0.4241207,55.238573
0b_baseline_last,file,19,baseline,3068,053.Western_Grebe/Western_Grebe_0007_36074.jpg,53,52,053.Western_Grebe,144,143,identity,identity,0,{},0.1812731,0.1812731,0,0.83420753,0.83420753,0.060858749,0.060858749,0.77334879,0.77334879,0,1,1,23.462739,23.462739,False,0.99999994,True,True,True,1,1,23.462739,23.462739,1,1,22.73123,22.73123,1,1,5.8130296,5.8130296,1,1,5.9843177,5.9843177,1,1,9.5269458,9.5269458,1,1,11.13295,11.13295,1,1,10.987707,10.987707,1,1,12.060754,12.060754
0b_baseline_last,file,19,baseline,3068,053.Western_Grebe/Western_Grebe_0007_36074.jpg,53,52,053.Western_Grebe,144,143,horizontal_flip,horizontal_flip,0,"{""flipped"":true}",0.1812731,0.093116403,-0.0881567,0.83420753,0.91108745,0.060858749,0.040960539,0.77334879,0.87012691,0.096778128,0.65782451,0.5638817,23.462739,13.230209,False,0.97453517,True,True,True,0.65782451,0.5638817,23.462739,13.230209,0.63855248,0.56541299,22.73123,12.852533,0.967086,0.53992587,5.8130296,3.1386051,0.7891306,0.57880742,5.9843177,3.4637675,0.56735755,0.52858838,9.5269458,5.0358329,0.65308759,0.56107373,11.13295,6.2464058,0.58580071,0.5646254,10.987707,6.2039382,0.67357722,0.58818308,12.060754,7.0939314
0b_baseline_last,file,19,baseline,3068,053.Western_Grebe/Western_Grebe_0007_36074.jpg,53,52,053.Western_Grebe,144,143,color_jitter,color_jitter,0,"{""brightness"":1.314602,""contrast"":1.051328,""hue"":-0.062143,""saturation"":0.601164}",0.1812731,0.89214951,0.71087641,0.83420753,0.40977401,0.060858749,0.14685367,0.77334879,0.26292033,-0.51042845,0.76076163,3.7777696,23.462739,88.636823,False,0.954005,True,True,True,0.76076163,3.7777696,23.462739,88.636823,0.75091169,3.799884,22.73123,86.376037,0.9319654,3.4218594,5.8130296,19.89137,0.72716553,3.2030169,5.9843177,19.16787,0.65683236,4.4399217,9.5269458,42.298893,0.77690538,3.8614479,11.13295,42.989307,0.74952321,3.528373,10.987707,38.768727,0.81640926,3.6642928,12.060754,44.194134
0b_baseline_last,file,19,baseline,3068,053.Western_Grebe/Western_Grebe_0007_36074.jpg,53,52,053.Western_Grebe,144,143,rotation,rotation,0,"{""angle"":4.8813}",0.1812731,0.32667676,0.14540365,0.83420753,0.72131687,0.060858749,0.051294483,0.77334879,0.67002239,-0.1033264,0.77190584,1.6407887,23.462739,38.497397,False,0.97056919,True,True,True,0.77190584,1.6407887,23.462739,38.497397,0.76190749,1.6528838,22.73123,37.572082,0.95371982,1.4432699,5.8130296,8.3897709,0.83579558,1.4341794,5.9843177,8.5825849,0.770872,1.5943447,9.5269458,15.189236,0.75732729,1.762464,11.13295,19.621423,0.72198961,1.681224,10.987707,18.472796,0.78264442,1.6184999,12.060754,19.520329
0b_baseline_last,file,19,baseline,3068,053.Western_Grebe/Western_Grebe_0007_36074.jpg,53,52,053.Western_Grebe,144,143,random_resized_crop,random_resized_crop,0,"{""area_fraction"":0.830422,""aspect"":0.906255,""fallback"":false,""height"":0.957248,""left"":0.073564,""top"":0.032015,""width"":0.86751}",0.1812731,0.39871854,0.21744543,0.83420753,0.67117959,0.060858749,0.059773866,0.77334879,0.61140573,-0.16194306,0.76480669,1.7790654,23.462739,41.741748,False,0.97226471,True,True,True,0.76480669,1.7790654,23.462739,41.741748,0.75273734,1.781693,22.73123,40.500073,0.95417565,1.7383925,5.8130296,10.105327,0.71627936,1.3859502,5.9843177,8.2939665,0.71428448,1.6695968,9.5269458,15.906159,0.77545545,1.8396584,11.13295,20.480825,0.71271608,1.7660023,10.987707,19.404315,0.79955011,1.8952023,12.060754,22.857569
0b_baseline_last,file,19,baseline,3068,053.Western_Grebe/Western_Grebe_0007_36074.jpg,53,52,053.Western_Grebe,144,143,gaussian_blur,gaussian_blur,0,"{""sigma"":1.716247}",0.1812731,1.3832614,1.2019883,0.83420753,0.25075936,0.060858749,0.19309075,0.77334879,0.057668611,-0.71568017,0.5831523,5.1570013,23.462739,120.99738,False,0.90234184,True,True,True,0.5831523,5.1570013,23.462739,120.99738,0.57012082,5.2355308,22.73123,119.01005,0.89175101,3.7570225,5.8130296,21.839683,0.51042407,6.4277169,5.9843177,38.4655,0.48785022,5.5509447,9.5269458,52.883549,0.53491718,5.4425347,11.13295,60.591467,0.56822423,5.0917134,10.987707,55.946252,0.69987495,4.6058608,12.060754,55.550154
0b_baseline_last,file,19,baseline,3068,053.Western_Grebe/Western_Grebe_0007_36074.jpg,53,52,053.Western_Grebe,144,143,random_erasing,random_erasing,0,"{""area_fraction"":0.068597,""erased"":true,""height"":0.217862,""left"":0.296,""top"":0.007416,""width"":0.314865}",0.1812731,0.30269268,0.12141958,0.83420753,0.7388261,0.060858749,0.072004542,0.77334879,0.66682155,-0.10652723,0.96501058,1.546036,23.462739,36.274238,False,0.99481308,True,True,True,0.96501058,1.546036,23.462739,36.274238,0.96352317,1.5458537,22.73123,35.139156,0.98771303,1.5488201,5.8130296,9.0033369,0.9901959,1.4604725,5.9843177,8.7399312,0.96284114,1.5130152,9.5269458,14.414414,0.96732499,1.5734324,11.13295,17.516945,0.95923121,1.5741823,10.987707,17.296654,0.95881705,1.5391155,12.060754,18.562893
0b_baseline_last,file,19,baseline,1464,027.Shiny_Cowbird/Shiny_Cowbird_0019_24323.jpg,27,26,027.Shiny_Cowbird,128,127,identity,identity,0,{},6.5244789,6.5244789,0,0.0014670838,0.0014670838,0.62548822,0.62548822,-0.62402114,-0.62402114,0,1,1,170.5787,170.5787,False,1,True,False,False,1,1,170.5787,170.5787,1,1,166.94377,166.94377,1,1,35.026718,35.026718,1,1,38.154741,38.154741,1,1,77.545813,77.545813,1,1,89.148368,89.148368,1,1,74.649886,74.649886,1,1,82.952072,82.952072
0b_baseline_last,file,19,baseline,1464,027.Shiny_Cowbird/Shiny_Cowbird_0019_24323.jpg,27,26,027.Shiny_Cowbird,128,127,horizontal_flip,horizontal_flip,0,"{""flipped"":true}",6.5244789,5.6144123,-0.9100666,0.0014670838,0.0036449516,0.62548822,0.47865954,-0.62402114,-0.47501459,0.14900655,0.63211456,0.80466499,170.5787,137.2587,False,0.95000261,True,False,False,0.63211456,0.80466499,170.5787,137.2587,0.61743082,0.80142554,166.94377,133.793,0.93994932,0.8750293,35.026718,30.649405,0.65646813,0.69872448,38.154741,26.659652,0.53327396,0.66036416,77.545813,51.208475,0.64395716,0.7824923,89.148368,69.757912,0.56029366,0.89230897,74.649886,66.610763,0.70028749,0.87467274,82.952072,72.555917
0b_baseline_last,file,19,baseline,1464,027.Shiny_Cowbird/Shiny_Cowbird_0019_24323.jpg,27,26,027.Shiny_Cowbird,128,127,color_jitter,color_jitter,0,"{""brightness"":0.649759,""contrast"":0.880847,""hue"":-0.026788,""saturation"":0.601111}",6.5244789,7.8851166,1.3606377,0.0014670838,0.00037630269,0.62548822,0.069730178,-0.62402114,-0.069353875,0.55466726,0.33260215,0.96838863,170.5787,165.18647,False,0.90641093,False,False,False,0.33260215,0.96838863,170.5787,165.18647,0.31544713,0.95966345,166.94377,160.20983,0.66324945,1.148881,35.026718,40.24153,0.49332792,0.87451151,38.154741,33.366761,0.20307417,0.82969176,77.545813,64.339122,0.19247929,0.93940174,89.148368,83.746133,0.30606735,0.99948073,74.649886,74.611122,0.4976756,1.0670066,82.952072,88.510405
0b_baseline_last,file,19,baseline,1464,027.Shiny_Cowbird/Shiny_Cowbird_0019_24323.jpg,27,26,027.Shiny_Cowbird,128,127,rotation,rotation,0,"{""angle"":2.439543}",6.5244789,4.7351422,-1.7893367,0.0014670838,0.0087811993,0.62548822,0.18121377,-0.62402114,-0.17243257,0.45158857,0.69106762,0.74581268,170.5787,127.21975,False,0.94979221,False,False,False,0.69106762,0.74581268,170.5787,127.21975,0.68252484,0.73966579,166.94377,123.48259,0.86447542,0.8738779,35.026718,30.609075,0.64376674,0.73228049,38.154741,27.939973,0.583191,0.69494489,77.545813,53.890066,0.69284743,0.66415982,89.148368,59.208765,0.70268458,0.78935236,74.649886,58.925063,0.74746116,0.81631537,82.952072,67.715052
0b_baseline_last,file,19,baseline,1464,027.Shiny_Cowbird/Shiny_Cowbird_0019_24323.jpg,27,26,027.Shiny_Cowbird,128,127,random_resized_crop,random_resized_crop,0,"{""area_fraction"":0.667987,""aspect"":0.965547,""fallback"":false,""height"":0.831758,""left"":0.165941,""top"":0.073894,""width"":0.803102}",6.5244789,5.3897657,-1.1347132,0.0014670838,0.004563041,0.62548822,0.12980683,-0.62402114,-0.12524379,0.49877735,0.60372354,0.75684728,170.5787,129.10202,False,0.92687535,False,False,False,0.60372354,0.75684728,170.5787,129.10202,0.59377411,0.75709897,166.94377,126.39295,0.83156106,0.75110707,35.026718,26.308815,0.65362519,0.76509933,38.154741,29.192167,0.66796253,0.72742251,77.545813,56.408569,0.55813372,0.72747952,89.148368,64.853612,0.52998485,0.77831278,74.649886,58.10096,0.61229683,0.79594665,82.952072,66.025424
0b_baseline_last,file,19,baseline,1464,027.Shiny_Cowbird/Shiny_Cowbird_0019_24323.jpg,27,26,027.Shiny_Cowbird,128,127,gaussian_blur,gaussian_blur,0,"{""sigma"":1.2294}",6.5244789,4.4545193,-2.0699596,0.0014670838,0.011625906,0.62548822,0.076778278,-0.62402114,-0.065152371,0.55886877,0.57123943,0.82926692,170.5787,141.45527,False,0.87047911,False,False,False,0.57123943,0.82926692,170.5787,141.45527,0.56326504,0.83059145,166.94377,138.66206,0.76007274,0.79858669,35.026718,27.971871,0.60348522,0.93204554,38.154741,35.561956,0.61007381,0.84486962,77.545813,65.516101,0.55720642,0.84014337,89.148368,74.897411,0.53260714,0.8511509,74.649886,63.538317,0.5461916,0.76466324,82.952072,63.4304
0b_baseline_last,file,19,baseline,1464,027.Shiny_Cowbird/Shiny_Cowbird_0019_24323.jpg,27,26,027.Shiny_Cowbird,128,127,random_erasing,random_erasing,0,"{""area_fraction"":0.190243,""erased"":true,""height"":0.771653,""left"":0.400241,""top"":0.023522,""width"":0.24654}",6.5244789,4.9885941,-1.5358849,0.0014670838,0.0068152412,0.62548822,0.14820215,-0.62402114,-0.14138691,0.48263423,0.49174981,0.67676703,170.5787,115.44204,False,0.89444864,True,False,False,0.49174981,0.67676703,170.5787,115.44204,0.47726671,0.67626681,166.94377,112.89853,0.81519903,0.68803236,35.026718,24.099515,0.41448879,0.63495504,38.154741,24.226545,0.58728135,0.66011902,77.545813,51.189466,0.33959943,0.62243716,89.148368,55.489258,0.44476002,0.69879974,74.649886,52.165321,0.56568519,0.73709279,82.952072,61.143374
0b_baseline_last,file,19,baseline,11718,199.Winter_Wren/Winter_Wren_0126_190342.jpg,199,198,199.Winter_Wren,35,34,identity,identity,0,{},6.9681678,6.9681678,0,0.00094137614,0.00094137614,0.29469153,0.29469153,-0.29375016,-0.29375016,0,1,1,164.80713,164.80713,False,1,True,False,False,1,1,164.80713,164.80713,1,1,162.62151,162.62151,1,1,26.751341,26.751341,1,1,52.442232,52.442232,1,1,77.236599,77.236599,1,1,86.678674,86.678674,1,1,70.808369,70.808369,1,1,72.13222,72.13222
0b_baseline_last,file,19,baseline,11718,199.Winter_Wren/Winter_Wren_0126_190342.jpg,199,198,199.Winter_Wren,35,34,horizontal_flip,horizontal_flip,0,"{""flipped"":true}",6.9681678,6.4978867,-0.47028112,0.00094137614,0.0015066195,0.29469153,0.17987731,-0.29375016,-0.17837069,0.11537947,0.41695102,1.0103428,164.80713,166.5117,False,0.94551557,False,False,False,0.41695102,1.0103428,164.80713,166.5117,0.40308235,1.0098308,162.62151,164.2202,0.91994008,1.0290875,26.751341,27.52947,0.054106601,1.3880637,52.442232,72.79316,0.24073326,1.0346114,77.236599,79.909867,0.47008616,0.89214109,86.678674,77.329606,0.51586343,0.94387545,70.808369,66.834281,0.69368778,0.96419678,72.13222,69.549654
0b_baseline_last,file,19,baseline,11718,199.Winter_Wren/Winter_Wren_0126_190342.jpg,199,198,199.Winter_Wren,35,34,color_jitter,color_jitter,0,"{""brightness"":0.857128,""contrast"":1.185306,""hue"":0.024741,""saturation"":1.287992}",6.9681678,5.3542728,-1.6138949,0.00094137614,0.0047279065,0.29469153,0.21006405,-0.29375016,-0.20533615,0.08841401,0.83550672,0.8115179,164.80713,133.74393,False,0.95809209,True,False,False,0.83550672,0.8115179,164.80713,133.74393,0.83248198,0.80870825,162.62151,131.51336,0.94049668,0.90927812,26.751341,24.324409,0.87033784,0.95540397,52.442232,50.103516,0.81524888,0.81151573,77.236599,62.678715,0.82380122,0.76295353,86.678674,66.131801,0.82703372,0.78781275,70.808369,55.783736,0.85516031,0.80497943,72.13222,58.064953
0b_baseline_last,file,19,baseline,11718,199.Winter_Wren/Winter_Wren_0126_190342.jpg,199,198,199.Winter_Wren,35,34,rotation,rotation,0,"{""angle"":-6.059028}",6.9681678,6.8244705,-0.14369726,0.00094137614,0.0010868512,0.29469153,0.34849727,-0.29375016,-0.34741042,-0.053660264,0.79688624,0.93549116,164.80713,154.17561,False,0.96157098,True,False,False,0.79688624,0.93549116,164.80713,154.17561,0.79227781,0.9321881,162.62151,151.59383,0.95354526,1.0502936,26.751341,28.096761,0.77011643,0.78976682,52.442232,41.417134,0.82368548,0.94629494,77.236599,73.088603,0.76832889,0.9358843,86.678674,81.12121,0.75898214,0.92187628,70.808369,65.276555,0.83594981,0.98826794,72.13222,71.285961
0b_baseline_last,file,19,baseline,11718,199.Winter_Wren/Winter_Wren_0126_190342.jpg,199,198,199.Winter_Wren,35,34,random_resized_crop,random_resized_crop,0,"{""area_fraction"":0.73994,""aspect"":0.930532,""fallback"":false,""height"":0.891728,""left"":0.069668,""top"":0.038466,""width"":0.829782}",6.9681678,7.4654021,0.49723434,0.00094137614,0.00057255483,0.29469153,0.53230155,-0.29375016,-0.53172899,-0.23797883,0.77122986,0.96286975,164.80713,158.6878,False,0.97958356,True,False,False,0.77122986,0.96286975,164.80713,158.6878,0.76566761,0.9589124,162.62151,155.93978,0.9575303,1.0991641,26.751341,29.404113,0.72360302,0.90629058,52.442232,47.527901,0.78248196,0.90796324,77.236599,70.127993,0.75481833,0.89634249,86.678674,77.693778,0.73127972,0.99559772,70.808369,70.49665,0.82153044,1.0858064,72.13222,78.321627
0b_baseline_last,file,19,baseline,11718,199.Winter_Wren/Winter_Wren_0126_190342.jpg,199,198,199.Winter_Wren,35,34,gaussian_blur,gaussian_blur,0,"{""sigma"":1.640341}",6.9681678,7.5975685,0.62940073,0.00094137614,0.00050166965,0.29469153,0.030016026,-0.29375016,-0.029514356,0.2642358,0.49267289,1.3218106,164.80713,217.84381,False,0.82510066,False,False,False,0.49267289,1.3218106,164.80713,217.84381,0.48680853,1.3221443,162.62151,215.0091,0.71151466,1.3094185,26.751341,35.028701,0.22950412,0.9592452,52.442232,50.304959,0.43437413,1.2324249,77.236599,95.18831,0.50613557,1.3245358,86.678674,114.809,0.51527868,1.4671431,70.808369,103.88601,0.59003896,1.4316366,72.13222,103.26713
0b_baseline_last,file,19,baseline,11718,199.Winter_Wren/Winter_Wren_0126_190342.jpg,199,198,199.Winter_Wren,35,34,random_erasing,random_erasing,0,"{""area_fraction"":0.197824,""erased"":true,""height"":0.269817,""left"":0.259406,""top"":0.427989,""width"":0.73318}",6.9681678,6.4587188,-0.50944901,0.00094137614,0.0015668015,0.29469153,0.030348197,-0.29375016,-0.028781395,0.26496876,0.74745069,0.99674097,164.80713,164.27002,False,0.8834976,False,False,False,0.74745069,0.99674097,164.80713,164.27002,0.74575852,0.99462972,162.62151,161.74818,0.80750966,1.0718484,26.751341,28.673384,0.89420464,0.99304097,52.442232,52.077284,0.77307898,0.9806287,77.236599,75.740426,0.7465443,0.96949979,86.678674,84.034956,0.71083651,0.99673349,70.808369,70.577073,0.67405996,1.0439837,72.13222,75.304862
0b_baseline_last,file,19,baseline,736,014.Indigo_Bunting/Indigo_Bunting_0059_11596.jpg,14,13,014.Indigo_Bunting,54,53,identity,identity,0,{},1.9671286,1.9671286,0,0.13985786,0.13985786,0.41706577,0.41706577,-0.27720791,-0.27720791,0,1,1,203.06152,203.06152,False,1,True,False,False,1,1,203.06152,203.06152,1,1,200.72476,200.72476,1,1,30.717248,30.717248,1,1,45.725817,45.725817,1,1,81.284291,81.284291,1,1,122.67244,122.67244,1,1,93.834559,93.834559,1,1,87.971545,87.971545
0b_baseline_last,file,19,baseline,736,014.Indigo_Bunting/Indigo_Bunting_0059_11596.jpg,14,13,014.Indigo_Bunting,54,53,horizontal_flip,horizontal_flip,0,"{""flipped"":true}",1.9671286,2.5749962,0.6078676,0.13985786,0.076154113,0.41706577,0.67292511,-0.27720791,-0.596771,-0.31956309,0.79872464,1.075665,203.06152,218.42617,False,0.97344095,True,False,False,0.79872464,1.075665,203.06152,218.42617,0.79563632,1.0759336,200.72476,215.96652,0.93210855,1.0641325,30.717248,32.687223,0.83181272,0.99989959,45.725817,45.721225,0.72336314,1.2057058,81.284291,98.004939,0.84598416,1.0799074,122.67244,132.47487,0.76272267,1.0125876,93.834559,95.01571,0.80033874,1.0398799,87.971545,91.479842
0b_baseline_last,file,19,baseline,736,014.Indigo_Bunting/Indigo_Bunting_0059_11596.jpg,14,13,014.Indigo_Bunting,54,53,color_jitter,color_jitter,0,"{""brightness"":0.644507,""contrast"":1.299525,""hue"":-0.05439,""saturation"":1.196095}",1.9671286,0.90726161,-1.059867,0.13985786,0.40362799,0.41706577,0.0077563813,-0.27720791,0.39587161,0.67307952,0.27009248,0.48914429,203.06152,99.326382,False,0.80231643,False,False,True,0.27009248,0.48914429,203.06152,99.326382,0.26025043,0.48841951,200.72476,98.03789,0.66597099,0.51914982,30.717248,15.946854,-0.025375921,0.4837821,45.725817,22.121331,0.31852809,0.48388073,81.284291,39.331902,0.15796167,0.43623571,122.67244,53.514098,0.32645181,0.48559295,93.834559,45.5654,0.37554935,0.58352209,87.971545,51.33334
0b_baseline_last,file,19,baseline,736,014.Indigo_Bunting/Indigo_Bunting_0059_11596.jpg,14,13,014.Indigo_Bunting,54,53,rotation,rotation,0,"{""angle"":-5.411018}",1.9671286,1.2208196,-0.74630904,0.13985786,0.2949883,0.41706577,0.26101387,-0.27720791,0.033974439,0.31118235,0.85828015,0.80717914,203.06152,163.90702,False,0.96193016,False,False,True,0.85828015,0.80717914,203.06152,163.90702,0.85623873,0.80833664,200.72476,162.25318,0.95334758,0.75610148,30.717248,23.225356,0.82096718,0.71172855,45.725817,32.544369,0.783428,0.78796712,81.284291,64.049349,0.89798636,0.83143531,122.67244,101.9942,0.85356639,0.82265779,93.834559,77.193731,0.84759434,0.78779256,87.971545,69.303328
0b_baseline_last,file,19,baseline,736,014.Indigo_Bunting/Indigo_Bunting_0059_11596.jpg,14,13,014.Indigo_Bunting,54,53,random_resized_crop,random_resized_crop,0,"{""area_fraction"":0.682384,""aspect"":1.21879,""fallback"":false,""height"":0.748256,""left"":0.045426,""top"":0.183602,""width"":0.911967}",1.9671286,0.82129681,-1.1458318,0.13985786,0.43986088,0.41706577,0.10046846,-0.27720791,0.33939242,0.61660033,0.6987132,0.57283224,203.06152,116.32018,False,0.93140912,False,False,True,0.6987132,0.57283224,203.06152,116.32018,0.69404666,0.57275205,200.72476,114.96552,0.89678304,0.57624582,30.717248,17.700686,0.60350677,0.59129383,45.725817,27.037393,0.52491667,0.60120335,81.284291,48.868388,0.7333952,0.55414876,122.67244,67.978778,0.73992297,0.59016155,93.834559,55.377549,0.74653777,0.55805785,87.971545,49.093211
0b_baseline_last,file,19,baseline,736,014.Indigo_Bunting/Indigo_Bunting_0059_11596.jpg,14,13,014.Indigo_Bunting,54,53,gaussian_blur,gaussian_blur,0,"{""sigma"":1.854564}",1.9671286,1.3129398,-0.65418887,0.13985786,0.26902801,0.41706577,0.030834652,-0.27720791,0.23819336,0.51540127,0.25500787,0.9621242,203.06152,195.3704,False,0.83940929,False,False,True,0.25500787,0.9621242,203.06152,195.3704,0.24801149,0.96859926,200.72476,194.42186,0.74157342,0.62598346,30.717248,19.228489,0.25279064,1.4975809,45.725817,68.478108,0.094354846,1.4680175,81.284291,119.32676,0.26825885,0.80731093,122.67244,99.034799,0.35766669,0.78626871,93.834559,73.779177,0.42257684,0.68397531,87.971545,60.170365
0b_baseline_last,file,19,baseline,736,014.Indigo_Bunting/Indigo_Bunting_0059_11596.jpg,14,13,014.Indigo_Bunting,54,53,random_erasing,random_erasing,0,"{""area_fraction"":0.063855,""erased"":true,""height"":0.205564,""left"":0.096077,""top"":0.234274,""width"":0.310631}",1.9671286,0.85159028,-1.1155384,0.13985786,0.42673579,0.41706577,0.2441659,-0.27720791,0.18256989,0.4597778,0.93821685,0.6587301,203.06152,133.76273,False,0.98097134,False,False,True,0.93821685,0.6587301,203.06152,133.76273,0.93735677,0.6591491,200.72476,132.30755,0.97638202,0.64058251,30.717248,19.676932,0.95558984,0.63259323,45.725817,28.925842,0.93271186,0.62687808,81.284291,50.95534,0.95027488,0.65983965,122.67244,80.944138,0.9255493,0.67478944,93.834559,63.318569,0.92692491,0.67354958,87.971545,59.253197
0b_baseline_last,file,19,baseline,10670,182.Yellow_Warbler/Yellow_Warbler_0018_176674.jpg,182,181,182.Yellow_Warbler,180,179,identity,identity,0,{},1.0865519,1.0865519,0,0.33737782,0.33737782,0.22715606,0.22715606,0.11022176,0.11022176,0,1,1,107.08445,107.08445,False,0.99999994,True,True,True,1,1,107.08445,107.08445,1,1,105.63755,105.63755,1,1,17.5439,17.5439,1,1,19.02224,19.02224,1,1,49.914031,49.914031,1,1,63.246872,63.246872,1,1,49.180883,49.180883,1,1,43.440868,43.440868
0b_baseline_last,file,19,baseline,10670,182.Yellow_Warbler/Yellow_Warbler_0018_176674.jpg,182,181,182.Yellow_Warbler,180,179,horizontal_flip,horizontal_flip,0,"{""flipped"":true}",1.0865519,2.1007113,1.0141594,0.33737782,0.12236936,0.22715606,0.04382091,0.11022176,0.078548454,-0.031673305,0.66968807,1.6033518,107.08445,171.69405,False,0.94753152,False,True,False,0.66968807,1.6033518,107.08445,171.69405,0.66388724,1.6056383,105.63755,169.61569,0.89315313,1.5181308,17.5439,26.633934,0.66683942,1.516709,19.02224,28.851204,0.5988771,1.6014601,49.914031,79.935327,0.73054282,1.6365441,63.246872,103.5063,0.64025061,1.5907943,49.180883,78.236667,0.63508492,1.5803226,43.440868,68.650586
0b_baseline_last,file,19,baseline,10670,182.Yellow_Warbler/Yellow_Warbler_0018_176674.jpg,182,181,182.Yellow_Warbler,180,179,color_jitter,color_jitter,0,"{""brightness"":1.080209,""contrast"":0.777715,""hue"":-0.011995,""saturation"":1.202656}",1.0865519,0.882258,-0.20429391,0.33737782,0.41384739,0.22715606,0.18916178,0.11022176,0.22468561,0.11446385,0.94425668,0.84299492,107.08445,90.271648,False,0.98122072,True,True,True,0.94425668,0.84299492,107.08445,90.271648,0.9432817,0.84098667,105.63755,88.839768,0.97990572,0.91282758,17.5439,16.014556,0.87058198,0.8196531,19.02224,15.591638,0.94360435,0.82653238,49.914031,41.255563,0.9632814,0.8434783,63.246872,53.347364,0.93507903,0.8365496,49.180883,41.142248,0.92549604,0.86401184,43.440868,37.533425
0b_baseline_last,file,19,baseline,10670,182.Yellow_Warbler/Yellow_Warbler_0018_176674.jpg,182,181,182.Yellow_Warbler,180,179,rotation,rotation,0,"{""angle"":11.592071}",1.0865519,1.9457395,0.8591876,0.33737782,0.14288153,0.22715606,0.028147168,0.11022176,0.11473436,0.0045126006,0.74928982,1.5627887,107.08445,167.35037,False,0.94721377,False,True,False,0.74928982,1.5627887,107.08445,167.35037,0.74593944,1.5647451,105.63755,165.29584,0.87771768,1.490122,17.5439,26.142551,0.7632408,1.430765,19.02224,27.216355,0.7934962,1.6133194,49.914031,80.527277,0.79823653,1.6140045,63.246872,102.08073,0.68018141,1.4906754,49.180883,73.31273,0.64385226,1.5098792,43.440868,65.590464
0b_baseline_last,file,19,baseline,10670,182.Yellow_Warbler/Yellow_Warbler_0018_176674.jpg,182,181,182.Yellow_Warbler,180,179,random_resized_crop,random_resized_crop,0,"{""area_fraction"":0.680407,""aspect"":0.810441,""fallback"":false,""height"":0.91627,""left"":0.03398,""top"":0.08337,""width"":0.742583}",1.0865519,1.423429,0.33687711,0.33737782,0.24088657,0.22715606,0.042287622,0.11022176,0.19859895,0.088377189,0.74546651,1.2972404,107.08445,138.91428,False,0.94544971,False,True,False,0.74546651,1.2972404,107.08445,138.91428,0.74143484,1.294263,105.63755,136.72277,0.88278206,1.4009248,17.5439,24.577685,0.59005886,1.0588679,19.02224,20.14204,0.68097267,1.211894,49.914031,60.490515,0.81225877,1.3170057,63.246872,83.296494,0.7329536,1.2854657,49.180883,63.220336,0.7077078,1.3989512,43.440868,60.771653
0b_baseline_last,file,19,baseline,10670,182.Yellow_Warbler/Yellow_Warbler_0018_176674.jpg,182,181,182.Yellow_Warbler,180,179,gaussian_blur,gaussian_blur,0,"{""sigma"":1.114237}",1.0865519,1.5402986,0.45374668,0.33737782,0.2143171,0.22715606,0.085311256,0.11022176,0.12900584,0.018784083,0.719829,1.2835859,107.08445,137.45209,False,0.94024861,False,True,False,0.719829,1.2835859,107.08445,137.45209,0.71517089,1.2847309,105.63755,135.71582,0.89502923,1.24136,17.5439,21.778295,0.47514486,1.5141467,19.02224,28.802463,0.63879187,1.2262914,49.914031,61.209147,0.77494862,1.3079942,63.246872,82.72654,0.71016137,1.2366149,49.180883,60.817813,0.74628687,1.3224176,43.440868,57.44697
0b_baseline_last,file,19,baseline,10670,182.Yellow_Warbler/Yellow_Warbler_0018_176674.jpg,182,181,182.Yellow_Warbler,180,179,random_erasing,random_erasing,0,"{""area_fraction"":0.170231,""erased"":true,""height"":0.65362,""left"":0.573182,""top"":0.097843,""width"":0.260444}",1.0865519,0.94073415,-0.14581776,0.33737782,0.39034116,0.22715606,0.26883775,0.11022176,0.12150341,0.011281654,0.92038489,0.92216153,107.08445,98.749161,False,0.96309,True,True,True,0.92038489,0.92216153,107.08445,98.749161,0.91934961,0.9195949,105.63755,97.143749,0.95853163,1.0108262,17.5439,17.733834,0.92857415,0.90300562,19.02224,17.17719,0.93182793,0.90313038,49.914031,45.078878,0.94059898,0.90888964,63.246872,57.484426,0.89355209,0.9282006,49.180883,45.649725,0.8924204,0.95508312,43.440868,41.48964
0b_baseline_last,file,19,baseline,7916,135.Bank_Swallow/Bank_Swallow_0007_129514.jpg,135,134,135.Bank_Swallow,118,117,identity,identity,0,{},0.98177564,0.98177564,0,0.37464526,0.37464526,0.14822316,0.14822316,0.2264221,0.2264221,0,1,1,119.54893,119.54893,False,1.0000001,True,True,True,1,1,119.54893,119.54893,1,1,118.12348,118.12348,1,1,18.406271,18.406271,1,1,21.967002,21.967002,1,1,61.754799,61.754799,1,1,63.174013,63.174013,1,1,56.777461,56.777461,1,1,49.419791,49.419791
0b_baseline_last,file,19,baseline,7916,135.Bank_Swallow/Bank_Swallow_0007_129514.jpg,135,134,135.Bank_Swallow,118,117,horizontal_flip,horizontal_flip,0,"{""flipped"":true}",0.98177564,1.4558227,0.47404706,0.37464526,0.23320843,0.14822316,0.11650107,0.2264221,0.11670736,-0.10971474,0.69596439,1.2402625,119.54893,148.27206,False,0.94728714,True,True,True,0.69596439,1.2402625,119.54893,148.27206,0.69050269,1.2422693,118.12348,146.74117,0.93981169,1.1545881,18.406271,21.251661,0.63449003,1.3903805,21.967002,30.542491,0.68211382,1.2044197,61.754799,74.378697,0.67904155,1.2914569,63.174013,81.586516,0.69307025,1.231485,56.777461,69.920593,0.73598148,1.2009811,49.419791,59.352236
0b_baseline_last,file,19,baseline,7916,135.Bank_Swallow/Bank_Swallow_0007_129514.jpg,135,134,135.Bank_Swallow,118,117,color_jitter,color_jitter,0,"{""brightness"":0.865098,""contrast"":0.73174,""hue"":0.054085,""saturation"":0.991629}",0.98177564,4.1765556,3.19478,0.37464526,0.015351292,0.14822316,0.022801932,0.2264221,-0.0074506402,-0.23387274,0.67977076,2.1115272,119.54893,252.43082,False,0.88676393,False,True,False,0.67977076,2.1115272,119.54893,252.43082,0.67704181,2.1201781,118.12348,250.44282,0.83330455,1.7178001,18.406271,31.618293,0.51486993,2.1166283,21.967002,46.495978,0.61006084,2.1606358,61.754799,133.42963,0.73992195,2.3917716,63.174013,151.09781,0.70939105,1.9623798,56.777461,111.41894,0.68308282,1.7537325,49.419791,86.669094
0b_baseline_last,file,19,baseline,7916,135.Bank_Swallow/Bank_Swallow_0007_129514.jpg,135,134,135.Bank_Swallow,118,117,rotation,rotation,0,"{""angle"":-8.631514}",0.98177564,2.0329852,1.0512096,0.37464526,0.13094406,0.14822316,0.16140831,0.2264221,-0.030464247,-0.25688635,0.80687577,1.2373081,119.54893,147.91886,False,0.95474404,False,True,False,0.80687577,1.2373081,119.54893,147.91886,0.80313662,1.2340228,118.12348,145.76706,0.95006391,1.3657654,18.406271,25.138648,0.74149687,1.1546429,21.967002,25.364043,0.82514098,1.1474222,61.754799,70.858828,0.81056321,1.2669752,63.174013,80.039911,0.77797405,1.22284,56.777461,69.429751,0.8091876,1.3356277,49.419791,66.006443
0b_baseline_last,file,19,baseline,7916,135.Bank_Swallow/Bank_Swallow_0007_129514.jpg,135,134,135.Bank_Swallow,118,117,random_resized_crop,random_resized_crop,0,"{""area_fraction"":0.674097,""aspect"":0.751646,""fallback"":false,""height"":0.947011,""left"":0.246113,""top"":0.001952,""width"":0.711816}",0.98177564,0.58048964,-0.40128601,0.37464526,0.55962431,0.14822316,0.024349608,0.2264221,0.53527471,0.30885261,0.66386863,0.57796997,119.54893,69.095691,False,0.95141053,True,True,True,0.66386863,0.57796997,119.54893,69.095691,0.65680206,0.5732527,118.12348,67.714602,0.90989776,0.74680021,18.406271,13.745807,0.46743651,0.56111171,21.967002,12.325942,0.63276846,0.49711793,61.754799,30.699418,0.69102975,0.57006654,63.174013,36.013391,0.64702596,0.5967551,56.777461,33.882239,0.69480227,0.65440565,49.419791,32.340591
0b_baseline_last,file,19,baseline,7916,135.Bank_Swallow/Bank_Swallow_0007_129514.jpg,135,134,135.Bank_Swallow,118,117,gaussian_blur,gaussian_blur,0,"{""sigma"":1.923996}",0.98177564,2.1059608,1.1241852,0.37464526,0.12172867,0.14822316,0.010379956,0.2264221,0.11134871,-0.11507339,0.47153429,1.4904405,119.54893,178.18057,False,0.78792214,False,True,False,0.47153429,1.4904405,119.54893,178.18057,0.46587145,1.4946317,118.12348,176.5511,0.7426035,1.3061955,18.406271,24.042189,0.33260752,1.6824718,21.967002,36.958861,0.59163967,1.482729,61.754799,91.565634,0.3901157,1.6088043,63.174013,101.63462,0.41540952,1.4409271,56.777461,81.81218,0.50828986,1.341804,49.419791,66.311674
0b_baseline_last,file,19,baseline,7916,135.Bank_Swallow/Bank_Swallow_0007_129514.jpg,135,134,135.Bank_Swallow,118,117,random_erasing,random_erasing,0,"{""area_fraction"":0.131602,""erased"":true,""height"":0.243537,""left"":0.120415,""top"":0.670999,""width"":0.54038}",0.98177564,2.5762658,1.5944902,0.37464526,0.076057486,0.14822316,0.14919157,0.2264221,-0.073134087,-0.29955619,0.80956517,1.3813637,119.54893,165.14056,False,0.94528913,False,True,False,0.80956517,1.3813637,119.54893,165.14056,0.80648512,1.3822262,118.12348,163.27337,0.9401822,1.3453613,18.406271,24.763084,0.70837012,1.3982525,21.967002,30.715415,0.87560894,1.3676317,61.754799,84.457822,0.82543235,1.3629951,63.174013,86.105868,0.7387061,1.3774749,56.777461,78.209527,0.77987133,1.4380505,49.419791,71.068157
0b_baseline_last,file,19,baseline,8376,143.Caspian_Tern/Caspian_Tern_0013_145553.jpg,143,142,143.Caspian_Tern,137,136,identity,identity,0,{},2.486603,2.486603,0,0.08319208,0.08319208,0.1608614,0.1608614,-0.077669322,-0.077669322,0,1,1,91.711534,91.711534,False,1,True,False,False,1,1,91.711534,91.711534,1,1,89.415625,89.415625,1,1,20.392434,20.392434,1,1,21.717571,21.717571,1,1,33.892435,33.892435,1,1,39.875287,39.875287,1,1,45.676164,45.676164,1,1,51.946642,51.946642
0b_baseline_last,file,19,baseline,8376,143.Caspian_Tern/Caspian_Tern_0013_145553.jpg,143,142,143.Caspian_Tern,137,136,horizontal_flip,horizontal_flip,0,"{""flipped"":true}",2.486603,2.0565438,-0.43005919,0.08319208,0.12789522,0.1608614,0.19974533,-0.077669322,-0.071850106,0.0058192164,0.79993519,0.95437849,91.711534,87.527515,False,0.98500627,True,False,False,0.79993519,0.95437849,91.711534,87.527515,0.79066619,0.95549439,89.415625,85.436129,0.98272571,0.93266457,20.392434,19.0193,0.48293712,0.63698056,21.717571,13.83367,0.7566051,0.95957963,33.892435,32.52249,0.73870891,0.99572805,39.875287,39.704941,0.80999279,0.96990825,45.676164,44.301689,0.86530532,0.96466581,51.946642,50.111149
0b_baseline_last,file,19,baseline,8376,143.Caspian_Tern/Caspian_Tern_0013_145553.jpg,143,142,143.Caspian_Tern,137,136,color_jitter,color_jitter,0,"{""brightness"":1.215998,""contrast"":0.754233,""hue"":0.064796,""saturation"":0.663104}",2.486603,3.8015432,1.3149402,0.08319208,0.022336273,0.1608614,0.12668777,-0.077669322,-0.10435149,-0.02668217,0.57761087,0.99006398,91.711534,90.800286,False,0.79131508,True,False,False,0.57761087,0.99006398,91.711534,90.800286,0.56685741,0.98937465,89.415625,88.465553,0.7815556,1.003225,20.392434,20.4582,0.77494098,1.4592764,21.717571,31.691938,0.47760754,0.99629542,33.892435,33.766877,0.5649773,0.98224254,39.875287,39.167203,0.52347571,0.91079837,45.676164,41.601776,0.59790474,0.9463733,51.946642,49.160915
0b_baseline_last,file,19,baseline,8376,143.Caspian_Tern/Caspian_Tern_0013_145553.jpg,143,142,143.Caspian_Tern,137,136,rotation,rotation,0,"{""angle"":-1.000696}",2.486603,3.2236776,0.73707461,0.08319208,0.039808393,0.1608614,0.13675737,-0.077669322,-0.096948981,-0.019279659,0.84667864,1.1637734,91.711534,106.73144,False,0.963467,True,False,False,0.84667864,1.1637734,91.711534,106.73144,0.84125289,1.1678419,89.415625,104.42331,0.96153109,1.082584,20.392434,22.076523,0.78275793,1.0859438,21.717571,23.584062,0.80516066,1.1931838,33.892435,40.439904,0.83396206,1.2192583,39.875287,48.618274,0.85599233,1.1382126,45.676164,51.989184,0.86107324,1.1623908,51.946642,60.382299
0b_baseline_last,file,19,baseline,8376,143.Caspian_Tern/Caspian_Tern_0013_145553.jpg,143,142,143.Caspian_Tern,137,136,random_resized_crop,random_resized_crop,0,"{""area_fraction"":0.686864,""aspect"":1.314098,""fallback"":false,""height"":0.722972,""left"":0.023231,""top"":0.276424,""width"":0.950056}",2.486603,3.2657743,0.77917123,0.08319208,0.038167372,0.1608614,0.27912632,-0.077669322,-0.24095894,-0.16328962,0.67671049,1.2452356,91.711534,114.20247,False,0.92170012,True,False,False,0.67671049,1.2452356,91.711534,114.20247,0.66646431,1.2521312,89.415625,111.96009,0.9051807,1.1043222,20.392434,22.519818,0.79184035,1.0151626,21.717571,22.046866,0.66550279,1.3055231,33.892435,44.247355,0.68760471,1.4787488,39.875287,58.965533,0.6353801,1.1994547,45.676164,54.78649,0.66876193,1.157063,51.946642,60.105537
0b_baseline_last,file,19,baseline,8376,143.Caspian_Tern/Caspian_Tern_0013_145553.jpg,143,142,143.Caspian_Tern,137,136,gaussian_blur,gaussian_blur,0,"{""sigma"":1.042971}",2.486603,2.6381662,0.15156317,0.08319208,0.071492255,0.1608614,0.09856829,-0.077669322,-0.027076036,0.050593287,0.81419145,1.0292232,91.711534,94.391637,False,0.96385396,True,False,False,0.81419145,1.0292232,91.711534,94.391637,0.80849287,1.0369324,89.415625,92.717959,0.95750598,0.8677906,20.392434,17.696362,0.80925316,1.0858226,21.717571,23.581429,0.77496717,1.0767386,33.892435,36.493293,0.76741515,1.0583363,39.875287,42.201465,0.80698108,1.0389254,45.676164,47.454127,0.85191929,0.99581558,51.946642,51.729275
0b_baseline_last,file,19,baseline,8376,143.Caspian_Tern/Caspian_Tern_0013_145553.jpg,143,142,143.Caspian_Tern,137,136,random_erasing,random_erasing,0,"{""area_fraction"":0.067213,""erased"":true,""height"":0.224103,""left"":0.279665,""top"":0.421473,""width"":0.299922}",2.486603,3.4376116,0.95100856,0.08319208,0.032141365,0.1608614,0.10417358,-0.077669322,-0.072032213,0.0056371093,0.72587246,1.0903559,91.711534,99.998212,False,0.95125353,False,False,False,0.72587246,1.0903559,91.711534,99.998212,0.71469725,1.0919756,89.415625,97.63968,0.94780293,1.0587343,20.392434,21.590169,0.41257334,0.76084574,21.717571,16.523721,0.64609997,0.9991155,33.892435,33.862457,0.717741,1.127247,39.875287,44.949296,0.73796863,1.1091994,45.676164,50.663972,0.76370117,1.1431845,51.946642,59.384597
0b_baseline_last,file,19,baseline,4061,070.Green_Violetear/Green_Violetear_0027_60841.jpg,70,69,070.Green_Violetear,67,66,identity,identity,0,{},0.0040816106,0.0040816106,0,0.99592674,0.99592674,0.00088600034,0.00088600034,0.99504074,0.99504074,0,1,1,0.52038036,0.52038036,False,1,True,True,True,1,1,0.52038036,0.52038036,1,1,0.50825247,0.50825247,1,1,0.11169218,0.11169218,1,1,0.082315013,0.082315013,1,1,0.19405002,0.19405002,1,1,0.22427491,0.22427491,1,1,0.251434,0.251434,1,1,0.316814,0.316814
0b_baseline_last,file,19,baseline,4061,070.Green_Violetear/Green_Violetear_0027_60841.jpg,70,69,070.Green_Violetear,67,66,horizontal_flip,horizontal_flip,0,"{""flipped"":true}",0.0040816106,0.001249129,-0.0028324816,0.99592674,0.99875164,0.00088600034,0.000402262,0.99504074,0.99834938,0.0033086409,0.64792072,0.31507452,0.52038036,0.16395859,False,0.98383486,True,True,True,0.64792072,0.31507452,0.52038036,0.16395859,0.63107217,0.31409675,0.50825247,0.15964045,0.97658602,0.3346797,0.11169218,0.037381105,0.33994882,0.28969988,0.082315013,0.023846649,0.5234158,0.3386349,0.19405002,0.065712108,0.55177048,0.30818712,0.22427491,0.06911864,0.54102474,0.299106,0.251434,0.075205416,0.78512873,0.31823738,0.316814,0.10082206
0b_baseline_last,file,19,baseline,4061,070.Green_Violetear/Green_Violetear_0027_60841.jpg,70,69,070.Green_Violetear,67,66,color_jitter,color_jitter,0,"{""brightness"":0.931341,""contrast"":0.826553,""hue"":0.053613,""saturation"":0.880607}",0.0040816106,0.03315001,0.029068399,0.99592674,0.96739346,0.00088600034,0.020139864,0.99504074,0.94725359,-0.047787143,0.7014549,11.77932,0.52038036,6.1297269,False,0.96673495,True,True,True,0.7014549,11.77932,0.52038036,6.1297269,0.694292,11.884195,0.50825247,6.0401715,0.90961266,9.3468778,0.11169218,1.0439731,0.59758012,13.535093,0.082315013,1.1141414,0.687584,15.779705,0.19405002,3.0620521,0.72705131,15.247009,0.22427491,3.4195218,0.69789536,11.059462,0.251434,2.7807248,0.77427673,8.0105084,0.316814,2.5378412
0b_baseline_last,file,19,baseline,4061,070.Green_Violetear/Green_Violetear_0027_60841.jpg,70,69,070.Green_Violetear,67,66,rotation,rotation,0,"{""angle"":-3.257868}",0.0040816106,0.0093222102,0.0052405996,0.99592674,0.99072111,0.00088600034,0.0043627638,0.99504074,0.98635834,-0.0086823947,0.76699519,2.5432762,0.52038036,1.323471,False,0.97403491,True,True,True,0.76699519,2.5432762,0.52038036,1.323471,0.7584298,2.5424017,0.50825247,1.2921819,0.94306732,2.5613188,0.11169218,0.28607927,0.49916432,2.5576615,0.082315013,0.21053394,0.73721475,3.0660086,0.19405002,0.59495902,0.71593067,2.8419359,0.22427491,0.63737494,0.75287519,2.444534,0.251434,0.61463895,0.83934754,2.2036411,0.316814,0.69814434
0b_baseline_last,file,19,baseline,4061,070.Green_Violetear/Green_Violetear_0027_60841.jpg,70,69,070.Green_Violetear,67,66,random_resized_crop,random_resized_crop,0,"{""area_fraction"":0.796788,""aspect"":0.996977,""fallback"":false,""height"":0.893982,""left"":0.063334,""top"":0.082166,""width"":0.89128}",0.0040816106,0.0028736985,-0.0012079121,0.99592674,0.99713045,0.00088600034,0.00090397126,0.99504074,0.99622648,0.0011857449,0.7977374,0.82347158,0.52038036,0.42851843,False,0.98619497,True,True,True,0.7977374,0.82347158,0.52038036,0.42851843,0.78942337,0.82485861,0.50825247,0.41923643,0.97708547,0.79420622,0.11169218,0.088706622,0.79762899,1.0828444,0.082315013,0.089134354,0.73499488,0.97925997,0.19405002,0.19002541,0.76147545,0.94464429,0.22427491,0.21186002,0.78127834,0.77056356,0.251434,0.19374588,0.86750561,0.70071566,0.316814,0.22199653
0b_baseline_last,file,19,baseline,4061,070.Green_Violetear/Green_Violetear_0027_60841.jpg,70,69,070.Green_Violetear,67,66,gaussian_blur,gaussian_blur,0,"{""sigma"":1.222638}",0.0040816106,0.019265905,0.015184294,0.99592674,0.98091847,0.00088600034,0.0033436911,0.99504074,0.97757478,-0.017465962,0.70500287,6.3891941,0.52038036,3.3248111,False,0.95270169,True,True,True,0.70500287,6.3891941,0.52038036,3.3248111,0.69712409,6.4495646,0.50825247,3.2780071,0.93934735,4.9771797,0.11169218,0.55591204,0.51971163,10.669835,0.082315013,0.87828764,0.6288559,8.2916896,0.19405002,1.6090025,0.73084549,7.8553736,0.22427491,1.7617632,0.73580578,5.8075909,0.251434,1.4602258,0.79367217,4.627135,0.316814,1.4659411
0b_baseline_last,file,19,baseline,4061,070.Green_Violetear/Green_Violetear_0027_60841.jpg,70,69,070.Green_Violetear,67,66,random_erasing,random_erasing,0,"{""area_fraction"":0.151491,""erased"":true,""height"":0.413985,""left"":0.531704,""top"":0.42787,""width"":0.365934}",0.0040816106,0.0086994944,0.0046178838,0.99592674,0.99133825,0.00088600034,0.0015005579,0.99504074,0.9898377,-0.0052030423,0.82305943,2.6190756,0.52038036,1.3629155,False,0.97064996,True,True,True,0.82305943,2.6190756,0.52038036,1.3629155,0.81738028,2.6335025,0.50825247,1.3384841,0.96494827,2.3000927,0.11169218,0.25690236,0.81804957,2.4669457,0.082315013,0.20306667,0.82028674,2.7912851,0.19405002,0.54164893,0.79346733,3.0980248,0.22427491,0.69480924,0.79837536,2.8107802,0.251434,0.70672569,0.87342078,2.1747274,0.316814,0.68898409
0b_baseline_last,file,19,baseline,6612,113.Baird_Sparrow/Baird_Sparrow_0049_787324.jpg,113,112,113.Baird_Sparrow,115,114,identity,identity,0,{},0.008161054,0.008161054,0,0.99187213,0.99187213,0.0034773818,0.0034773818,0.98839475,0.98839475,0,1,1,1.6340724,1.6340724,False,1,True,True,True,1,1,1.6340724,1.6340724,1,1,1.6121259,1.6121259,1,1,0.2669133,0.2669133,1,1,0.34870264,0.34870264,1,1,0.89092279,0.89092279,1,1,0.90102775,0.90102775,1,1,0.69699091,0.69699091,1,1,0.62126138,0.62126138
0b_baseline_last,file,19,baseline,6612,113.Baird_Sparrow/Baird_Sparrow_0049_787324.jpg,113,112,113.Baird_Sparrow,115,114,horizontal_flip,horizontal_flip,0,"{""flipped"":true}",0.008161054,0.011810026,0.0036489721,0.99187213,0.98825943,0.0034773818,0.0075696278,0.98839475,0.98068981,-0.0077049432,0.77939556,1.8941872,1.6340724,3.095239,False,0.98606724,True,True,True,0.77939556,1.8941872,1.6340724,3.095239,0.77489401,1.8993721,1.6121259,3.0620269,0.96847171,1.6942273,0.2669133,0.45221179,0.84009158,1.6771182,0.34870264,0.58481555,0.81220705,1.7593522,0.89092279,1.567447,0.75100319,2.1267555,0.90102775,1.9162658,0.73339757,1.9137208,0.69699091,1.333846,0.82084884,1.707944,0.62126138,1.0610796
0b_baseline_last,file,19,baseline,6612,113.Baird_Sparrow/Baird_Sparrow_0049_787324.jpg,113,112,113.Baird_Sparrow,115,114,color_jitter,color_jitter,0,"{""brightness"":1.134451,""contrast"":0.988913,""hue"":0.047093,""saturation"":0.78984}",0.008161054,0.0057322877,-0.0024287663,0.99187213,0.99428409,0.0034773818,0.0033991979,0.98839475,0.9908849,0.0024901454,0.85949059,0.74801733,1.6340724,1.2223145,False,0.98239565,True,True,True,0.85949059,0.74801733,1.6340724,1.2223145,0.85669334,0.74770118,1.6121259,1.2053884,0.96005664,0.75946078,0.2669133,0.20271018,0.85448351,0.9304765,0.34870264,0.32445961,0.85273086,0.65591403,0.89092279,0.58436876,0.85609621,0.7948397,0.90102775,0.71617263,0.85405726,0.7643578,0.69699091,0.53275044,0.89528314,0.73670034,0.62126138,0.45768347
0b_baseline_last,file,19,baseline,6612,113.Baird_Sparrow/Baird_Sparrow_0049_787324.jpg,113,112,113.Baird_Sparrow,115,114,rotation,rotation,0,"{""angle"":10.671567}",0.008161054,0.050713327,0.042552273,0.99187213,0.95055115,0.0034773818,0.015744895,0.98839475,0.93480626,-0.053588493,0.80002383,7.2108321,1.6340724,11.783022,False,0.94640386,True,True,True,0.80002383,7.2108321,1.6340724,11.783022,0.79718731,7.2361088,1.6121259,11.665519,0.92941123,6.218889,0.2669133,1.6599042,0.87811025,7.0079181,0.34870264,2.4436795,0.82923385,6.8407204,0.89092279,6.0945537,0.79754745,7.8526891,0.90102775,7.0754908,0.74610473,7.2735769,0.69699091,5.0696169,0.78403942,6.6766763,0.62126138,4.1479611
0b_baseline_last,file,19,baseline,6612,113.Baird_Sparrow/Baird_Sparrow_0049_787324.jpg,113,112,113.Baird_Sparrow,115,114,random_resized_crop,random_resized_crop,0,"{""area_fraction"":0.544253,""aspect"":0.992194,""fallback"":false,""height"":0.740631,""left"":0.221777,""top"":0.051728,""width"":0.73485}",0.008161054,0.012838918,0.0046778638,0.99187213,0.98724318,0.0034773818,0.0015882321,0.98839475,0.98565494,-0.0027398067,0.57639529,1.0537124,1.6340724,1.7218424,False,0.94103742,True,True,True,0.57639529,1.0537124,1.6340724,1.7218424,0.5665632,1.031424,1.6121259,1.6627854,0.8632484,1.6750242,0.2669133,0.44708624,0.68810364,0.83854972,0.34870264,0.2924045,0.5760793,0.87481887,0.89092279,0.77939607,0.55042396,0.9452064,0.90102775,0.8516572,0.53468015,1.1438754,0.69699091,0.79727076,0.62819553,1.3571907,0.62126138,0.84317019
0b_baseline_last,file,19,baseline,6612,113.Baird_Sparrow/Baird_Sparrow_0049_787324.jpg,113,112,113.Baird_Sparrow,115,114,gaussian_blur,gaussian_blur,0,"{""sigma"":1.268001}",0.008161054,0.98853868,0.98037763,0.99187213,0.37212008,0.0034773818,0.15879929,0.98839475,0.21332079,-0.77507396,0.59184038,113.53345,1.6340724,185.52187,False,0.87147534,False,True,False,0.59184038,113.53345,1.6340724,185.52187,0.58817687,114.09203,1.6121259,183.93072,0.77480617,90.837551,0.2669133,24.24575,0.80486377,141.55634,0.34870264,49.361069,0.51559775,117.98886,0.89092279,105.11896,0.60604813,115.7592,0.90102775,104.30226,0.5909177,105.87666,0.69699091,73.795066,0.63258758,102.04747,0.62126138,63.398153
0b_baseline_last,file,19,baseline,6612,113.Baird_Sparrow/Baird_Sparrow_0049_787324.jpg,113,112,113.Baird_Sparrow,115,114,random_erasing,random_erasing,0,"{""area_fraction"":0.17484,""erased"":true,""height"":0.412235,""left"":0.318219,""top"":0.201218,""width"":0.424126}",0.008161054,2.3489311,2.34077,0.99187213,0.095471181,0.0034773818,0.01172552,0.98839475,0.083745661,-0.90464909,0.41904525,91.770144,1.6340724,149.95906,False,0.70316643,False,True,False,0.41904525,91.770144,1.6340724,149.95906,0.41316415,91.667226,1.6121259,147.77911,0.62542186,95.44878,0.2669133,25.476549,0.52231427,61.693944,0.34870264,21.512841,0.56469591,89.104929,0.89092279,79.385612,0.29551874,88.485774,0.90102775,79.728138,0.34689104,95.80476,0.69699091,66.775047,0.42427287,105.03742,0.62126138,65.255689
0b_baseline_last,file,19,baseline,6151,106.Horned_Puffin/Horned_Puffin_0029_100888.jpg,106,105,106.Horned_Puffin,8,7,identity,identity,0,{},0.4191052,0.4191052,0,0.65763503,0.65763503,0.12109138,0.12109138,0.53654365,0.53654365,0,1,1,51.772838,51.772838,False,1,True,True,True,1,1,51.772838,51.772838,1,1,50.859291,50.859291,1,1,9.6829379,9.6829379,1,1,10.97755,10.97755,1,1,22.013712,22.013712,1,1,27.976482,27.976482,1,1,23.549404,23.549404,1,1,25.383054,25.383054
0b_baseline_last,file,19,baseline,6151,106.Horned_Puffin/Horned_Puffin_0029_100888.jpg,106,105,106.Horned_Puffin,8,7,horizontal_flip,horizontal_flip,0,"{""flipped"":true}",0.4191052,0.42541277,0.0063075721,0.65763503,0.65349996,0.12109138,0.070264898,0.53654365,0.58323506,0.04669141,0.71102285,1.107051,51.772838,57.31517,False,0.96051037,True,True,True,0.71102285,1.107051,51.772838,57.31517,0.70393154,1.1116333,50.859291,56.536883,0.94093339,0.97215025,9.6829379,9.4132706,0.54571159,1.4539652,10.97755,15.960976,0.76818498,1.2217272,22.013712,26.894752,0.72638027,1.0347961,27.976482,28.949954,0.64862415,1.071195,23.549404,25.226004,0.72230105,1.0745083,25.383054,27.274302
0b_baseline_last,file,19,baseline,6151,106.Horned_Puffin/Horned_Puffin_0029_100888.jpg,106,105,106.Horned_Puffin,8,7,color_jitter,color_jitter,0,"{""brightness"":1.349409,""contrast"":1.26693,""hue"":-0.05496,""saturation"":1.088734}",0.4191052,3.7097144,3.2906092,0.65763503,0.024484517,0.12109138,0.016035225,0.53654365,0.0084492918,-0.52809436,0.49159719,3.5721147,51.772838,184.93852,False,0.82152843,False,True,False,0.49159719,3.5721147,51.772838,184.93852,0.48751336,3.5889637,50.859291,182.53215,0.62906577,3.0710382,9.6829379,29.736672,0.36326098,3.9904972,10.97755,43.805882,0.43616573,3.2217519,22.013712,70.92272,0.55541597,3.3119631,27.976482,92.657074,0.48775911,4.178908,23.549404,98.41079,0.48154171,3.5454497,25.383054,89.994339
0b_baseline_last,file,19,baseline,6151,106.Horned_Puffin/Horned_Puffin_0029_100888.jpg,106,105,106.Horned_Puffin,8,7,rotation,rotation,0,"{""angle"":5.047163}",0.4191052,0.26730552,-0.15179968,0.65763503,0.76543921,0.12109138,0.052693784,0.53654365,0.71274543,0.17620178,0.82044281,0.68398711,51.772838,35.411954,False,0.96151298,True,True,True,0.82044281,0.68398711,51.772838,35.411954,0.81591449,0.6853682,50.859291,34.857341,0.95473184,0.64471948,9.6829379,6.2427787,0.80699682,0.7615157,10.97755,8.3595765,0.83896822,0.71287408,22.013712,15.693005,0.82715946,0.64749825,27.976482,18.114723,0.78248135,0.70357122,23.549404,16.568683,0.81965164,0.67804888,25.383054,17.210951
0b_baseline_last,file,19,baseline,6151,106.Horned_Puffin/Horned_Puffin_0029_100888.jpg,106,105,106.Horned_Puffin,8,7,random_resized_crop,random_resized_crop,0,"{""area_fraction"":0.576102,""aspect"":0.861076,""fallback"":false,""height"":0.817954,""left"":0.249279,""top"":0.167927,""width"":0.70432}",0.4191052,0.68357939,0.26447418,0.65763503,0.50480688,0.12109138,0.22415271,0.53654365,0.28065416,-0.25588949,0.70479866,1.6829353,51.772838,87.130338,False,0.94318706,True,True,True,0.70479866,1.6829353,51.772838,87.130338,0.69782697,1.6889239,50.859291,85.897472,0.92452639,1.5083732,9.6829379,14.605485,0.68419967,2.719528,10.97755,29.853754,0.71094594,1.9375764,22.013712,42.65325,0.74362077,1.5032182,27.976482,42.054756,0.66847551,1.6218192,23.549404,38.192876,0.70653082,1.4952625,25.383054,37.954328
0b_baseline_last,file,19,baseline,6151,106.Horned_Puffin/Horned_Puffin_0029_100888.jpg,106,105,106.Horned_Puffin,8,7,gaussian_blur,gaussian_blur,0,"{""sigma"":1.806686}",0.4191052,2.227994,1.8088888,0.65763503,0.10774436,0.12109138,0.36602426,0.53654365,-0.2582799,-0.79482355,0.52396277,3.2392615,51.772838,167.70576,False,0.82088208,False,True,False,0.52396277,3.2392615,51.772838,167.70576,0.51628642,3.2578872,50.859291,165.69384,0.79183877,2.6747375,9.6829379,25.899317,0.48336974,5.4903401,10.97755,60.270482,0.54634617,3.3738795,22.013712,74.271613,0.52069823,3.1536991,27.976482,88.229404,0.48616572,3.4020274,23.549404,80.115717,0.57520937,2.5234248,25.383054,64.052227
0b_baseline_last,file,19,baseline,6151,106.Horned_Puffin/Horned_Puffin_0029_100888.jpg,106,105,106.Horned_Puffin,8,7,random_erasing,random_erasing,0,"{""area_fraction"":0.178382,""erased"":true,""height"":0.291834,""left"":0.148907,""top"":0.428872,""width"":0.611244}",0.4191052,3.6431837,3.2240785,0.65763503,0.026168898,0.12109138,0.18543316,0.53654365,-0.15926427,-0.69580792,0.52787349,1.9304907,51.772838,99.946982,False,0.80612111,False,True,False,0.52787349,1.9304907,51.772838,99.946982,0.51747208,1.8995086,50.859291,96.607662,0.76169832,2.6458395,9.6829379,25.6195,0.62140092,1.7830631,10.97755,19.573663,0.62194004,2.1810793,22.013712,48.013653,0.55277404,1.5348452,27.976482,42.939568,0.42147706,1.9383839,23.549404,45.647786,0.47957987,2.0535576,25.383054,52.125564
0b_baseline_last,file,19,baseline,4937,085.Horned_Lark/Horned_Lark_0046_73950.jpg,85,84,085.Horned_Lark,132,131,identity,identity,0,{},0.0094608534,0.0094608534,0,0.99058378,0.99058378,0.0059112194,0.0059112194,0.98467256,0.98467256,0,1,1,1.4587874,1.4587874,False,1,True,True,True,1,1,1.4587874,1.4587874,1,1,1.4192119,1.4192119,1,1,0.33748811,0.33748811,1,1,0.36928154,0.36928154,1,1,0.6073147,0.6073147,1,1,0.65181752,0.65181752,1,1,0.6788369,0.6788369,1,1,0.7894789,0.7894789
0b_baseline_last,file,19,baseline,4937,085.Horned_Lark/Horned_Lark_0046_73950.jpg,85,84,085.Horned_Lark,132,131,horizontal_flip,horizontal_flip,0,"{""flipped"":true}",0.0094608534,0.0014863883,-0.0079744651,0.99058378,0.99851471,0.0059112194,0.0008979782,0.98467256,0.99761673,0.012944176,0.73475664,0.16760429,1.4587874,0.24449903,False,0.97966862,True,True,True,0.73475664,0.16760429,1.4587874,0.24449903,0.72041031,0.16720567,1.4192119,0.23730028,0.97847915,0.17450308,0.33748811,0.058892713,0.71892316,0.19779453,0.36928154,0.073041868,0.6979485,0.15593938,0.6073147,0.094704279,0.65727269,0.17054679,0.65181752,0.11116538,0.69722113,0.16177639,0.6788369,0.10981978,0.79730991,0.16799003,0.7894789,0.13262459
0b_baseline_last,file,19,baseline,4937,085.Horned_Lark/Horned_Lark_0046_73950.jpg,85,84,085.Horned_Lark,132,131,color_jitter,color_jitter,0,"{""brightness"":1.103198,""contrast"":0.979275,""hue"":-0.095119,""saturation"":0.904012}",0.0094608534,0.89612734,0.88666649,0.99058378,0.40814722,0.0059112194,0.32753971,0.98467256,0.080607504,-0.90406505,0.60656441,50.324227,1.4587874,73.412349,False,0.88121706,True,True,True,0.60656441,50.324227,1.4587874,73.412349,0.59061934,49.795194,1.4192119,70.669934,0.85297989,58.899748,0.33748811,19.877965,0.6132917,46.287386,0.36928154,17.093077,0.60663439,47.183413,0.6073147,28.655181,0.60345879,51.555645,0.65181752,33.604873,0.59458718,52.298379,0.6788369,35.502069,0.56614979,48.914377,0.7894789,38.616868
0b_baseline_last,file,19,baseline,4937,085.Horned_Lark/Horned_Lark_0046_73950.jpg,85,84,085.Horned_Lark,132,131,rotation,rotation,0,"{""angle"":-9.795632}",0.0094608534,0.0048845727,-0.0045762807,0.99058378,0.99512732,0.0059112194,0.0032970591,0.98467256,0.99183026,0.0071577032,0.75245053,0.51393878,1.4587874,0.74972743,False,0.97629607,True,True,True,0.75245053,0.51393878,1.4587874,0.74972743,0.73899412,0.51144362,1.4192119,0.7258469,0.97375437,0.55621671,0.33748811,0.18771652,0.44753056,0.49950844,0.36928154,0.18445925,0.70575348,0.51077956,0.6073147,0.31020394,0.74100066,0.51753208,0.65181752,0.33733647,0.74145168,0.5007351,0.6788369,0.33991746,0.81701405,0.5180342,0.7894789,0.40897707
0b_baseline_last,file,19,baseline,4937,085.Horned_Lark/Horned_Lark_0046_73950.jpg,85,84,085.Horned_Lark,132,131,random_resized_crop,random_resized_crop,0,"{""area_fraction"":0.579066,""aspect"":0.926672,""fallback"":false,""height"":0.790498,""left"":0.096422,""top"":0.072578,""width"":0.732533}",0.0094608534,0.0041971221,-0.0052637313,0.99058378,0.9958117,0.0059112194,0.0023468756,0.98467256,0.99346483,0.0087922672,0.74419734,0.47027544,1.4587874,0.6860319,False,0.97445798,True,True,True,0.74419734,0.47027544,1.4587874,0.6860319,0.73148847,0.4705677,1.4192119,0.6678353,0.97164143,0.46507682,0.33748811,0.1569579,0.63504652,0.47800262,0.36928154,0.17651754,0.70780274,0.51363606,0.6073147,0.31193873,0.74147757,0.49962137,0.65181752,0.32566196,0.70127818,0.43362681,0.6788369,0.29436188,0.78975246,0.44753593,0.7894789,0.35332017
0b_baseline_last,file,19,baseline,4937,085.Horned_Lark/Horned_Lark_0046_73950.jpg,85,84,085.Horned_Lark,132,131,gaussian_blur,gaussian_blur,0,"{""sigma"":1.178856}",0.0094608534,0.0071919598,-0.0022688936,0.99058378,0.99283385,0.0059112194,0.0053289388,0.98467256,0.98750491,0.0028323559,0.72918704,0.96877435,1.4587874,1.4132358,False,0.9631986,True,True,True,0.72918704,0.96877435,1.4587874,1.4132358,0.71814639,0.97446048,1.4192119,1.382966,0.95511113,0.86204744,0.33748811,0.29093076,0.58432268,1.0694053,0.36928154,0.39491162,0.67623667,1.1102248,0.6073147,0.67425583,0.72538695,1.1381546,0.65181752,0.74186912,0.74375489,0.90040036,0.6788369,0.61122499,0.79936658,0.77881767,0.7894789,0.61486011
0b_baseline_last,file,19,baseline,4937,085.Horned_Lark/Horned_Lark_0046_73950.jpg,85,84,085.Horned_Lark,132,131,random_erasing,random_erasing,0,"{""area_fraction"":0.103239,""erased"":true,""height"":0.458984,""left"":0.483842,""top"":0.221659,""width"":0.224929}",0.0094608534,0.019632779,0.010171926,0.99058378,0.98055869,0.0059112194,0.0083522489,0.98467256,0.97220644,-0.012466114,0.75434037,1.7481172,1.4587874,2.5501314,False,0.95850742,True,True,True,0.75434037,1.7481172,1.4587874,2.5501314,0.74327361,1.7444225,1.4192119,2.4757053,0.94324109,1.8122085,0.33748811,0.61159882,0.84436085,2.0521916,0.36928154,0.75783646,0.7021846,1.6240309,0.6073147,0.98629783,0.7028346,1.6046864,0.65181752,1.0459627,0.71605556,1.7602078,0.6788369,1.194894,0.78949206,1.8180883,0.7894789,1.4353423
0b_baseline_last,file,19,baseline,6726,115.Brewer_Sparrow/Brewer_Sparrow_0023_107489.jpg,115,114,115.Brewer_Sparrow,198,197,identity,identity,0,{},0.24801479,0.24801479,0,0.78034842,0.78034842,0.033497531,0.033497531,0.74685089,0.74685089,0,1,1,29.891853,29.891853,False,0.99999988,True,True,True,1,1,29.891853,29.891853,1,1,29.387038,29.387038,1,1,5.470363,5.470363,1,1,8.0114824,8.0114824,1,1,14.096522,14.096522,1,1,14.977457,14.977457,1,1,12.988199,12.988199,1,1,14.411269,14.411269
0b_baseline_last,file,19,baseline,6726,115.Brewer_Sparrow/Brewer_Sparrow_0023_107489.jpg,115,114,115.Brewer_Sparrow,198,197,horizontal_flip,horizontal_flip,0,"{""flipped"":true}",0.24801479,0.4059833,0.15796851,0.78034842,0.66632128,0.033497531,0.030270522,0.74685089,0.63605076,-0.11080013,0.63817467,1.9088422,29.891853,57.058831,False,0.96410161,True,True,True,0.63817467,1.9088422,29.891853,57.058831,0.62927873,1.9183535,29.387038,56.374728,0.95352897,1.6103313,5.470363,8.809097,0.55090081,2.629183,8.0114824,21.063654,0.53872054,1.8270077,14.096522,25.754455,0.63066906,2.0547368,14.977457,30.774732,0.63452557,1.8758376,12.988199,24.363752,0.79082349,1.5981801,14.411269,23.031803
0b_baseline_last,file,19,baseline,6726,115.Brewer_Sparrow/Brewer_Sparrow_0023_107489.jpg,115,114,115.Brewer_Sparrow,198,197,color_jitter,color_jitter,0,"{""brightness"":0.736783,""contrast"":0.848047,""hue"":-0.069942,""saturation"":1.189983}",0.24801479,2.8484302,2.6004154,0.78034842,0.057935201,0.033497531,0.032487866,0.74685089,0.025447335,-0.72140355,0.70833513,5.336458,29.891853,159.51662,False,0.85947508,False,True,False,0.70833513,5.336458,29.891853,159.51662,0.70572135,5.3725281,29.387038,157.88269,0.82823465,4.1629707,5.470363,22.772961,0.76076534,6.5811488,8.0114824,52.724758,0.69611342,5.2599096,14.096522,74.146434,0.74563717,5.8500412,14.977457,87.618741,0.67775377,5.3663278,12.988199,69.698934,0.68516383,4.4509135,14.411269,64.143311
0b_baseline_last,file,19,baseline,6726,115.Brewer_Sparrow/Brewer_Sparrow_0023_107489.jpg,115,114,115.Brewer_Sparrow,198,197,rotation,rotation,0,"{""angle"":-4.942738}",0.24801479,0.1314846,-0.11653019,0.78034842,0.87679279,0.033497531,0.0023928769,0.74685089,0.87439991,0.12754902,0.38290796,0.79270275,29.891853,23.695354,False,0.958341,True,True,True,0.38290796,0.79270275,29.891853,23.695354,0.3686394,0.79682335,29.387038,23.416278,0.88423923,0.66284081,5.470363,3.6259799,0.014956935,0.8168065,8.0114824,6.5438309,0.052191602,0.8745727,14.096522,12.328434,0.40446521,0.8686563,14.977457,13.010262,0.54283219,0.77901893,12.988199,10.118053,0.71834619,0.6278491,14.411269,9.0481021
0b_baseline_last,file,19,baseline,6726,115.Brewer_Sparrow/Brewer_Sparrow_0023_107489.jpg,115,114,115.Brewer_Sparrow,198,197,random_resized_crop,random_resized_crop,0,"{""area_fraction"":0.590107,""aspect"":1.224485,""fallback"":false,""height"":0.694206,""left"":0.032682,""top"":0.006394,""width"":0.850045}",0.24801479,0.6115936,0.36357881,0.78034842,0.54248565,0.033497531,0.00025385438,0.74685089,0.5422318,-0.20461909,0.18773963,4.5957142,29.891853,137.37441,False,0.88031352,True,True,True,0.18773963,4.5957142,29.891853,137.37441,0.17474975,4.6328498,29.387038,136.14573,0.71566739,3.3511804,5.470363,18.332174,0.04179799,3.8073702,8.0114824,30.50268,0.011438018,6.3155137,14.096522,89.02678,0.22235483,4.9371924,14.977457,73.946588,0.30985128,3.9060691,12.988199,50.732802,0.38437036,2.8079992,14.411269,40.466831
0b_baseline_last,file,19,baseline,6726,115.Brewer_Sparrow/Brewer_Sparrow_0023_107489.jpg,115,114,115.Brewer_Sparrow,198,197,gaussian_blur,gaussian_blur,0,"{""sigma"":1.431589}",0.24801479,1.0602975,0.8122827,0.78034842,0.34635276,0.033497531,0.0031749227,0.74685089,0.34317783,-0.40367306,0.4408606,3.4936848,29.891853,104.43271,False,0.87379855,True,True,True,0.4408606,3.4936848,29.891853,104.43271,0.42695406,3.4953076,29.387038,102.71674,0.84791034,3.4465234,5.470363,18.853734,0.16746858,3.8178508,8.0114824,30.586645,0.10032144,3.4590356,14.096522,48.760373,0.50762309,3.4944926,14.977457,52.338613,0.5618554,3.7012743,12.988199,48.072887,0.63806176,3.2452622,14.411269,46.768347
0b_baseline_last,file,19,baseline,6726,115.Brewer_Sparrow/Brewer_Sparrow_0023_107489.jpg,115,114,115.Brewer_Sparrow,198,197,random_erasing,random_erasing,0,"{""area_fraction"":0.095422,""erased"":true,""height"":0.548106,""left"":0.783492,""top"":0.195483,""width"":0.174093}",0.24801479,0.20472245,-0.043292344,0.78034842,0.81487346,0.033497531,0.01744858,0.74685089,0.79742488,0.050573988,0.95979011,0.82125465,29.891853,24.548823,False,0.99267113,True,True,True,0.95979011,0.82125465,29.891853,24.548823,0.95875156,0.82008259,29.387038,24.099798,0.98933588,0.85438667,5.470363,4.6738052,0.97906347,0.83475353,8.0114824,6.6876132,0.95354901,0.79533664,14.096522,11.211481,0.96521214,0.81603285,14.977457,12.222097,0.95239567,0.83158815,12.988199,10.800832,0.95620884,0.83366752,14.411269,12.014207
0b_baseline_last,file,19,baseline,8770,150.Sage_Thrasher/Sage_Thrasher_0095_796446.jpg,150,149,150.Sage_Thrasher,194,193,identity,identity,0,{},0.0017206162,0.0017206162,0,0.99828088,0.99828088,0.00095140177,0.00095140177,0.99732948,0.99732948,0,1,1,0.27478137,0.27478137,False,1,True,True,True,1,1,0.27478137,0.27478137,1,1,0.26548075,0.26548075,1,1,0.070885642,0.070885642,1,1,0.038249361,0.038249361,1,1,0.10214399,0.10214399,1,1,0.14107537,0.14107537,1,1,0.13362154,0.13362154,1,1,0.14431441,0.14431441
0b_baseline_last,file,19,baseline,8770,150.Sage_Thrasher/Sage_Thrasher_0095_796446.jpg,150,149,150.Sage_Thrasher,194,193,horizontal_flip,horizontal_flip,0,"{""flipped"":true}",0.0017206162,0.006212566,0.0044919498,0.99828088,0.99380672,0.00095140177,0.0007039191,0.99732948,0.9931028,-0.0042266804,0.49565787,3.7761636,0.27478137,1.0376194,False,0.97916394,True,True,True,0.49565787,3.7761636,0.27478137,1.0376194,0.47403096,3.8138663,0.26548075,1.0125081,0.86429798,3.200863,0.070885642,0.22689523,-0.16831746,3.8340992,0.038249361,0.14665185,0.21474717,3.8383306,0.10214399,0.39206239,0.3922434,4.0451511,0.14107537,0.57067117,0.53091423,3.7581522,0.13362154,0.50217006,0.69820057,3.6146366,0.14431441,0.52164413
0b_baseline_last,file,19,baseline,8770,150.Sage_Thrasher/Sage_Thrasher_0095_796446.jpg,150,149,150.Sage_Thrasher,194,193,color_jitter,color_jitter,0,"{""brightness"":0.611351,""contrast"":0.664039,""hue"":-0.087459,""saturation"":0.749623}",0.0017206162,0.011656626,0.0099360099,0.99828088,0.98841107,0.00095140177,0.0026839585,0.99732948,0.98572711,-0.011602371,0.49158824,8.4061019,0.27478137,2.3098402,False,0.94080186,True,True,True,0.49158824,8.4061019,0.27478137,2.3098402,0.47726471,8.5903984,0.26548075,2.2805854,0.88737092,5.1697166,0.070885642,0.36645868,-0.03217624,10.103667,0.038249361,0.3864588,0.28905356,10.502661,0.10214399,1.0727837,0.44310865,9.7758916,0.14107537,1.3791375,0.54872206,7.5024047,0.13362154,1.0024828,0.68149216,6.9080185,0.14431441,0.99692659
0b_baseline_last,file,19,baseline,8770,150.Sage_Thrasher/Sage_Thrasher_0095_796446.jpg,150,149,150.Sage_Thrasher,194,193,rotation,rotation,0,"{""angle"":8.468398}",0.0017206162,0.0065555992,0.0048349829,0.99828088,0.99346584,0.00095140177,0.0026035048,0.99732948,0.99086234,-0.0064671451,0.6547595,4.3985928,0.27478137,1.2086514,False,0.94164181,True,True,True,0.6547595,4.3985928,0.27478137,1.2086514,0.64235063,4.4643275,0.26548075,1.185193,0.91334996,3.3430158,0.070885642,0.23697182,0.39648199,5.1309579,0.038249361,0.19625586,0.55870155,5.1985808,0.10214399,0.53100376,0.57145986,4.5586965,0.14107537,0.64311979,0.66151398,4.3710635,0.13362154,0.58406822,0.78902336,3.9773447,0.14431441,0.57398813
0b_baseline_last,file,19,baseline,8770,150.Sage_Thrasher/Sage_Thrasher_0095_796446.jpg,150,149,150.Sage_Thrasher,194,193,random_resized_crop,random_resized_crop,0,"{""area_fraction"":0.561565,""aspect"":0.872588,""fallback"":false,""height"":0.802223,""left"":0.108634,""top"":0.196663,""width"":0.70001}",0.0017206162,0.27894971,0.27722909,0.99828088,0.75657797,0.00095140177,0.24025613,0.99732948,0.51632184,-0.48100764,0.68226383,279.39241,0.27478137,76.771831,False,0.93606687,True,True,True,0.68226383,279.39241,0.27478137,76.771831,0.6767134,285.42861,0.26548075,75.775802,0.89179184,173.89237,0.070885642,12.326472,0.56109801,403.43555,0.038249361,15.431152,0.70035653,341.83982,0.10214399,34.916882,0.71393252,308.89391,0.14107537,43.577321,0.65750757,272.8804,0.13362154,36.462698,0.68057096,225.19228,0.14431441,32.49849
0b_baseline_last,file,19,baseline,8770,150.Sage_Thrasher/Sage_Thrasher_0095_796446.jpg,150,149,150.Sage_Thrasher,194,193,gaussian_blur,gaussian_blur,0,"{""sigma"":1.209348}",0.0017206162,0.067116648,0.065396032,0.99828088,0.93508613,0.00095140177,0.037882492,0.99732948,0.89720364,-0.10012584,0.68127995,45.959468,0.27478137,12.628806,False,0.96215773,True,True,True,0.68127995,45.959468,0.27478137,12.628806,0.67115964,46.854157,0.26548075,12.438877,0.9555216,30.781831,0.070885642,2.1819898,0.56796637,60.749254,0.038249361,2.3236202,0.50527303,55.941607,0.10214399,5.7140987,0.64712284,50.917,0.14107537,7.1831344,0.72646348,44.575524,0.13362154,5.95625,0.81131469,37.700306,0.14431441,5.4406973
0b_baseline_last,file,19,baseline,8770,150.Sage_Thrasher/Sage_Thrasher_0095_796446.jpg,150,149,150.Sage_Thrasher,194,193,random_erasing,random_erasing,0,"{""area_fraction"":0.117303,""erased"":true,""height"":0.319999,""left"":0.109435,""top"":0.361748,""width"":0.366573}",0.0017206162,0.1235798,0.12185918,0.99828088,0.88375109,0.00095140177,0.018710464,0.99732948,0.86504063,-0.13228885,0.62302339,75.176578,0.27478137,20.657123,False,0.92159426,True,True,True,0.62302339,75.176578,0.27478137,20.657123,0.61323878,76.470243,0.26548075,20.301378,0.85472458,53.849753,0.070885642,3.8171743,0.49500531,80.836015,0.038249361,3.091926,0.58103497,83.148524,0.10214399,8.4931218,0.56881166,84.341759,0.14107537,11.898545,0.63524625,75.516553,0.13362154,10.090638,0.69156727,64.653323,0.14431441,9.3304058
0b_baseline_last,file,19,baseline,4112,071.Long_tailed_Jaeger/Long_Tailed_Jaeger_0054_797088.jpg,71,70,071.Long_tailed_Jaeger,61,60,identity,identity,0,{},2.0439508,2.0439508,0,0.12951601,0.12951601,0.1272126,0.1272126,0.0023034066,0.0023034066,0,1,1,134.54731,134.54731,False,1,True,True,True,1,1,134.54731,134.54731,1,1,131.39812,131.39812,1,1,28.939831,28.939831,1,1,41.874183,41.874183,1,1,55.825579,55.825579,1,1,63.181964,63.181964,1,1,64.497731,64.497731,1,1,65.142959,65.142959
0b_baseline_last,file,19,baseline,4112,071.Long_tailed_Jaeger/Long_Tailed_Jaeger_0054_797088.jpg,71,70,071.Long_tailed_Jaeger,61,60,horizontal_flip,horizontal_flip,0,"{""flipped"":true}",2.0439508,2.3061349,0.26218414,0.12951601,0.099645637,0.1272126,0.04209597,0.0023034066,0.057549667,0.05524626,0.60856021,0.84382467,134.54731,113.53434,False,0.95645493,False,True,False,0.60856021,0.84382467,134.54731,113.53434,0.59073151,0.83739801,131.39812,110.03252,0.93285593,0.96683992,28.939831,27.980184,0.39147409,0.71021494,41.874183,29.73967,0.56665039,0.80837351,55.825579,45.127919,0.58911791,0.77498731,63.181964,48.965221,0.60107208,0.86562588,64.497731,55.830905,0.66851445,0.93015228,65.142959,60.592872
0b_baseline_last,file,19,baseline,4112,071.Long_tailed_Jaeger/Long_Tailed_Jaeger_0054_797088.jpg,71,70,071.Long_tailed_Jaeger,61,60,color_jitter,color_jitter,0,"{""brightness"":0.702273,""contrast"":0.912562,""hue"":0.000702,""saturation"":1.132793}",2.0439508,2.4944451,0.45049429,0.12951601,0.082542241,0.1272126,0.050145503,0.0023034066,0.032396737,0.030093331,0.8223022,1.1425853,134.54731,153.73178,False,0.96727908,False,True,False,0.8223022,1.1425853,134.54731,153.73178,0.81699484,1.1478287,131.39812,150.82253,0.9491497,1.028552,28.939831,29.766122,0.80029181,1.2550289,41.874183,52.553308,0.7982996,1.2663112,55.825579,70.692556,0.79551178,1.0950994,63.181964,69.190532,0.83473277,1.1103069,64.497731,71.612277,0.85057293,1.0933107,65.142959,71.221496
0b_baseline_last,file,19,baseline,4112,071.Long_tailed_Jaeger/Long_Tailed_Jaeger_0054_797088.jpg,71,70,071.Long_tailed_Jaeger,61,60,rotation,rotation,0,"{""angle"":-10.704844}",2.0439508,2.9796143,0.93566346,0.12951601,0.050812438,0.1272126,0.27523315,0.0023034066,-0.22442071,-0.22672412,0.70820204,1.1226867,134.54731,151.05448,False,0.97059649,False,True,False,0.70820204,1.1226867,134.54731,151.05448,0.69573099,1.1197336,131.39812,147.13089,0.9527515,1.1819224,28.939831,34.204634,0.51285374,1.1503451,41.874183,48.169762,0.63721462,1.0588861,55.825579,59.112932,0.73550331,1.1685973,63.181964,73.834272,0.72325721,1.0721772,64.497731,69.152995,0.75004494,1.1486702,65.142959,74.827778
0b_baseline_last,file,19,baseline,4112,071.Long_tailed_Jaeger/Long_Tailed_Jaeger_0054_797088.jpg,71,70,071.Long_tailed_Jaeger,61,60,random_resized_crop,random_resized_crop,0,"{""area_fraction"":0.889469,""aspect"":0.965564,""fallback"":false,""height"":0.959787,""left"":0.065306,""top"":0.02981,""width"":0.926736}",2.0439508,2.1393557,0.095404863,0.12951601,0.11773067,0.1272126,0.12241212,0.0023034066,-0.0046814531,-0.0069848597,0.81415446,0.99488786,134.54731,133.85949,False,0.97583908,False,True,False,0.81415446,0.99488786,134.54731,133.85949,0.80640771,0.99216198,131.39812,130.36822,0.96635167,1.0495059,28.939831,30.372524,0.8452786,1.1798828,41.874183,49.406628,0.80197167,0.98652325,55.825579,55.073232,0.79174264,0.94037918,63.181964,59.415003,0.77491111,0.9420405,64.497731,60.759475,0.84054201,1.0066157,65.142959,65.573927
0b_baseline_last,file,19,baseline,4112,071.Long_tailed_Jaeger/Long_Tailed_Jaeger_0054_797088.jpg,71,70,071.Long_tailed_Jaeger,61,60,gaussian_blur,gaussian_blur,0,"{""sigma"":1.825447}",2.0439508,0.80269331,-1.2412575,0.12951601,0.44812042,0.1272126,0.03666196,0.0023034066,0.41145846,0.40915505,0.52693881,0.60785551,134.54731,81.785325,False,0.90889543,True,True,True,0.52693881,0.60785551,134.54731,81.785325,0.51169012,0.61102562,131.39812,80.287616,0.88777792,0.53836015,28.939831,15.580052,0.32746381,0.59942033,41.874183,25.100236,0.48345955,0.53357963,55.825579,29.787392,0.45234923,0.6057915,63.181964,38.275097,0.53326183,0.6453602,64.497731,41.624269,0.63622734,0.63871872,65.142959,41.608027
0b_baseline_last,file,19,baseline,4112,071.Long_tailed_Jaeger/Long_Tailed_Jaeger_0054_797088.jpg,71,70,071.Long_tailed_Jaeger,61,60,random_erasing,random_erasing,0,"{""area_fraction"":0.154992,""erased"":true,""height"":0.268895,""left"":0.212282,""top"":0.433465,""width"":0.576402}",2.0439508,1.3912079,-0.65274286,0.12951601,0.24877463,0.1272126,0.026127333,0.0023034066,0.2226473,0.22034389,0.66694955,0.76765027,134.54731,103.28528,False,0.91656995,True,True,True,0.66694955,0.76765027,134.54731,103.28528,0.65576025,0.76619765,131.39812,100.67693,0.88919539,0.79700664,28.939831,23.065238,0.53989149,0.62949,41.874183,26.359379,0.65578291,0.71599224,55.825579,39.970681,0.74270718,0.78730971,63.181964,49.743774,0.61381516,0.75315344,64.497731,48.576688,0.65993084,0.84209389,65.142959,54.856488
0b_baseline_last,file,19,baseline,6465,111.Loggerhead_Shrike/Loggerhead_Shrike_0119_105138.jpg,111,110,111.Loggerhead_Shrike,112,111,identity,identity,0,{},0.08514379,0.08514379,0,0.9183802,0.9183802,0.038067777,0.038067777,0.88031242,0.88031242,0,1,1,11.705325,11.705325,False,1,True,True,True,1,1,11.705325,11.705325,1,1,11.441355,11.441355,1,1,2.4718491,2.4718491,1,1,3.013866,3.013866,1,1,5.1835104,5.1835104,1,1,5.8883308,5.8883308,1,1,5.4661431,5.4661431,1,1,5.5137345,5.5137345
0b_baseline_last,file,19,baseline,6465,111.Loggerhead_Shrike/Loggerhead_Shrike_0119_105138.jpg,111,110,111.Loggerhead_Shrike,112,111,horizontal_flip,horizontal_flip,0,"{""flipped"":true}",0.08514379,0.31395355,0.22880976,0.9183802,0.73055297,0.038067777,0.19357856,0.88031242,0.53697442,-0.34333801,0.63837318,4.6542809,11.705325,54.47987,False,0.94254011,True,True,True,0.63837318,4.6542809,11.705325,54.47987,0.62543941,4.6584416,11.441355,53.298883,0.92132008,4.5642277,2.4718491,11.282082,0.70553337,5.0829348,3.013866,15.319284,0.66633781,5.3622906,5.1835104,27.795489,0.59603686,4.9145104,5.8883308,28.938263,0.56251126,4.359528,5.4661431,23.829804,0.68349969,3.7530721,5.5137345,20.693443
0b_baseline_last,file,19,baseline,6465,111.Loggerhead_Shrike/Loggerhead_Shrike_0119_105138.jpg,111,110,111.Loggerhead_Shrike,112,111,color_jitter,color_jitter,0,"{""brightness"":1.015257,""contrast"":1.125734,""hue"":-0.096999,""saturation"":0.82247}",0.08514379,0.28380218,0.19865839,0.9183802,0.75291556,0.038067777,0.11900165,0.88031242,0.63391391,-0.24639851,0.81055356,3.5973303,11.705325,42.10792,False,0.96302289,True,True,True,0.81055356,3.5973303,11.705325,42.10792,0.80400313,3.6047284,11.441355,41.242975,0.95873015,3.4350058,2.4718491,8.4908162,0.78383508,4.0596414,3.013866,12.235215,0.79750445,3.7426559,5.1835104,19.400095,0.8105991,3.6224088,5.8883308,21.329941,0.79803369,3.6408863,5.4661431,19.901605,0.82299015,3.2639631,5.5137345,17.996626
0b_baseline_last,file,19,baseline,6465,111.Loggerhead_Shrike/Loggerhead_Shrike_0119_105138.jpg,111,110,111.Loggerhead_Shrike,112,111,rotation,rotation,0,"{""angle"":6.177638}",0.08514379,0.65300989,0.5678661,0.9183802,0.52047682,0.038067777,0.12401512,0.88031242,0.3964617,-0.48385073,0.70307834,8.1255301,11.705325,95.111971,False,0.93625921,True,True,True,0.70307834,8.1255301,11.705325,95.111971,0.6976621,8.1759402,11.441355,93.543831,0.84823257,6.9583384,2.4718491,17.199963,0.57217428,9.168336,3.013866,27.632136,0.7135487,8.4009904,5.1835104,43.546621,0.7227559,8.4532519,5.8883308,49.775544,0.68858267,8.0844317,5.4661431,44.19066,0.71132135,7.3897974,5.5137345,40.74538
0b_baseline_last,file,19,baseline,6465,111.Loggerhead_Shrike/Loggerhead_Shrike_0119_105138.jpg,111,110,111.Loggerhead_Shrike,112,111,random_resized_crop,random_resized_crop,0,"{""area_fraction"":0.662642,""aspect"":1.024553,""fallback"":false,""height"":0.804215,""left"":0.112333,""top"":0.116177,""width"":0.823961}",0.08514379,0.64747936,0.56233557,0.9183802,0.52336329,0.038067777,0.13128725,0.88031242,0.39207605,-0.48823638,0.67156484,6.9462261,11.705325,81.307833,False,0.9455024,True,True,True,0.67156484,6.9462261,11.705325,81.307833,0.66030847,6.946758,11.441355,79.480321,0.91314328,6.9348206,2.4718491,17.14183,0.36660558,7.041201,3.013866,21.221236,0.65966738,7.0590561,5.1835104,36.59069,0.6768088,6.9788458,5.8883308,41.093752,0.66002764,7.1528644,5.4661431,39.09858,0.73678808,6.5655898,5.5137345,36.200919
0b_baseline_last,file,19,baseline,6465,111.Loggerhead_Shrike/Loggerhead_Shrike_0119_105138.jpg,111,110,111.Loggerhead_Shrike,112,111,gaussian_blur,gaussian_blur,0,"{""sigma"":1.028513}",0.08514379,1.2232351,1.1380913,0.9183802,0.2942766,0.038067777,0.66767895,0.88031242,-0.37340236,-1.2537148,0.62643609,14.381519,11.705325,168.34035,False,0.92323172,False,True,False,0.62643609,14.381519,11.705325,168.34035,0.61747164,14.472591,11.441355,165.58604,0.86122677,12.269019,2.4718491,30.327163,0.73597296,22.356108,3.013866,67.378313,0.56903978,14.528509,5.1835104,75.308676,0.63780878,14.870747,5.8883308,87.563879,0.59456173,13.177546,5.4661431,72.030349,0.64685597,11.964198,5.5137345,65.967409
0b_baseline_last,file,19,baseline,6465,111.Loggerhead_Shrike/Loggerhead_Shrike_0119_105138.jpg,111,110,111.Loggerhead_Shrike,112,111,random_erasing,random_erasing,0,"{""area_fraction"":0.191309,""erased"":true,""height"":0.335971,""left"":0.126665,""top"":0.147326,""width"":0.569422}",0.08514379,1.4179279,1.3327841,0.9183802,0.24221539,0.038067777,0.087161057,0.88031242,0.15505434,-0.72525809,0.55918111,11.065791,11.705325,129.52868,False,0.87648958,True,True,True,0.55918111,11.065791,11.705325,129.52868,0.55191702,11.198597,11.441355,128.12711,0.82462386,7.6878384,2.4718491,19.003177,0.29140129,7.696984,3.013866,23.197678,0.60243671,13.889766,5.1835104,71.997745,0.5194208,11.192153,5.8883308,65.903099,0.57447069,10.879014,5.4661431,59.466249,0.6001599,9.6231275,5.5137345,53.05937
0b_baseline_last,file,19,baseline,2001,036.Northern_Flicker/Northern_Flicker_0037_28751.jpg,36,35,036.Northern_Flicker,189,188,identity,identity,0,{},0.1168253,0.1168253,0,0.88974065,0.88974065,0.10692421,0.10692421,0.78281643,0.78281643,0,1,1,26.626927,26.626927,False,1,True,True,True,1,1,26.626927,26.626927,1,1,26.264051,26.264051,1,1,4.3809686,4.3809686,1,1,3.8427411,3.8427411,1,1,10.804661,10.804661,1,1,16.29987,16.29987,1,1,12.575388,12.575388,1,1,11.595985,11.595985
0b_baseline_last,file,19,baseline,2001,036.Northern_Flicker/Northern_Flicker_0037_28751.jpg,36,35,036.Northern_Flicker,189,188,horizontal_flip,horizontal_flip,0,"{""flipped"":true}",0.1168253,0.1185893,0.0017640069,0.88974065,0.88817251,0.10692421,0.10810181,0.78281643,0.78007069,-0.0027457401,0.77974066,1.0022708,26.626927,26.687393,False,0.97076744,True,True,True,0.77974066,1.0022708,26.626927,26.687393,0.77425036,1.0012985,26.264051,26.298155,0.97079792,1.0366113,4.3809686,4.5413615,0.65161004,0.97886255,3.8427411,3.7615154,0.73972518,0.94376283,10.804661,10.197037,0.81408003,0.94945888,16.29987,15.476056,0.7355894,1.0759207,12.575388,13.530121,0.7956695,1.0593155,11.595985,12.283807
0b_baseline_last,file,19,baseline,2001,036.Northern_Flicker/Northern_Flicker_0037_28751.jpg,36,35,036.Northern_Flicker,189,188,color_jitter,color_jitter,0,"{""brightness"":0.87569,""contrast"":0.849528,""hue"":-0.025919,""saturation"":1.303166}",0.1168253,0.0033867166,-0.11343858,0.88974065,0.99661899,0.10692421,0.002996248,0.78281643,0.99362274,0.21080631,0.89214833,0.027936663,26.626927,0.74386748,False,0.96800172,True,True,True,0.89214833,0.027936663,26.626927,0.74386748,0.88999576,0.027834585,26.264051,0.73104897,0.96700194,0.031385743,4.3809686,0.13749996,0.78405384,0.027539163,3.8427411,0.10582587,0.8809172,0.029981873,10.804661,0.32394396,0.91938669,0.026683139,16.29987,0.4349317,0.87299045,0.026704787,12.575388,0.33582307,0.88017881,0.029415589,11.595985,0.34110272
0b_baseline_last,file,19,baseline,2001,036.Northern_Flicker/Northern_Flicker_0037_28751.jpg,36,35,036.Northern_Flicker,189,188,rotation,rotation,0,"{""angle"":-11.595545}",0.1168253,0.1212183,0.0043930039,0.88974065,0.88584054,0.10692421,0.11111671,0.78281643,0.77472382,-0.008092612,0.84073261,1.024412,26.626927,27.276943,False,0.97569537,True,True,True,0.84073261,1.024412,26.626927,27.276943,0.83679959,1.0227902,26.264051,26.862613,0.97571956,1.0810858,4.3809686,4.7362028,0.74876633,1.0693554,3.8427411,4.1092559,0.7622427,1.0429932,10.804661,11.269188,0.87342054,0.9894177,16.29987,16.12738,0.83600195,1.0398269,12.575388,13.076227,0.8451347,1.0442816,11.595985,12.109473
0b_baseline_last,file,19,baseline,2001,036.Northern_Flicker/Northern_Flicker_0037_28751.jpg,36,35,036.Northern_Flicker,189,188,random_resized_crop,random_resized_crop,0,"{""area_fraction"":0.539865,""aspect"":0.842723,""fallback"":false,""height"":0.800388,""left"":0.309179,""top"":0.054185,""width"":0.674505}",0.1168253,0.11530359,-0.0015217066,0.88974065,0.89109558,0.10692421,0.090202518,0.78281643,0.80089306,0.018076628,0.7177222,0.93165723,26.626927,24.807169,False,0.91561425,True,True,True,0.7177222,0.93165723,26.626927,24.807169,0.71281925,0.93369161,26.264051,24.522524,0.91276969,0.85533472,4.3809686,3.7471946,0.68144338,1.0652946,3.8427411,4.0936515,0.71509038,1.1530681,10.804661,12.45851,0.75156951,0.88695224,16.29987,14.457206,0.67286386,0.89020737,12.575388,11.194703,0.71018747,0.84075089,11.595985,9.7493345
0b_baseline_last,file,19,baseline,2001,036.Northern_Flicker/Northern_Flicker_0037_28751.jpg,36,35,036.Northern_Flicker,189,188,gaussian_blur,gaussian_blur,0,"{""sigma"":1.23262}",0.1168253,0.038847849,-0.077977449,0.88974065,0.96189708,0.10692421,0.036628366,0.78281643,0.92526871,0.14245228,0.77559702,0.31950045,26.626927,8.5073151,False,0.96795475,True,True,True,0.77559702,0.31950045,26.626927,8.5073151,0.76962169,0.31783169,26.264051,8.3475478,0.96797351,0.37457304,4.3809686,1.6409927,0.59194914,0.33672633,3.8427411,1.2939521,0.70494019,0.3454099,10.804661,3.7320367,0.80201294,0.29374473,16.29987,4.7880009,0.74768507,0.3119937,12.575388,3.9234419,0.82286251,0.34235873,11.595985,3.9699866
0b_baseline_last,file,19,baseline,2001,036.Northern_Flicker/Northern_Flicker_0037_28751.jpg,36,35,036.Northern_Flicker,189,188,random_erasing,random_erasing,0,"{""area_fraction"":0.099457,""erased"":true,""height"":0.244929,""left"":0.552922,""top"":0.308787,""width"":0.406065}",0.1168253,0.57175714,0.45493184,0.88974065,0.56453264,0.10692421,0.42629457,0.78281643,0.13823807,-0.64457836,0.91105396,3.7445483,26.626927,99.705815,False,0.98557013,True,True,True,0.91105396,3.7445483,26.626927,99.705815,0.90889322,3.7359345,26.264051,98.120774,0.98557484,4.0419632,4.3809686,17.707714,0.90267329,3.8403273,3.8427411,14.757384,0.89816471,3.7307978,10.804661,40.310004,0.92882711,3.6712505,16.29987,59.840906,0.89740352,3.8314253,12.575388,48.181661,0.89473138,3.741724,11.595985,43.388974
0b_baseline_last,file,19,baseline,7827,134.Cape_Glossy_Starling/Cape_Glossy_Starling_0043_129358.jpg,134,133,134.Cape_Glossy_Starling,9,8,identity,identity,0,{},0.0017439409,0.0017439409,0,0.99825758,0.99825758,0.00024592673,0.00024592673,0.99801165,0.99801165,0,1,1,0.21396985,0.21396985,False,1,True,True,True,1,1,0.21396985,0.21396985,1,1,0.20776316,0.20776316,1,1,0.051162131,0.051162131,1,1,0.02322904,0.02322904,1,1,0.084011491,0.084011491,1,1,0.082829478,0.082829478,1,1,0.096718916,0.096718916,1,1,0.13911413,0.13911413
0b_baseline_last,file,19,baseline,7827,134.Cape_Glossy_Starling/Cape_Glossy_Starling_0043_129358.jpg,134,133,134.Cape_Glossy_Starling,9,8,horizontal_flip,horizontal_flip,0,"{""flipped"":true}",0.0017439409,0.0052680247,0.0035240839,0.99825758,0.99474585,0.00024592673,0.0012209251,0.99801165,0.99352493,-0.0044867253,0.65046992,2.9404853,0.21396985,0.62917518,False,0.96257311,True,True,True,0.65046992,2.9404853,0.21396985,0.62917518,0.63213316,2.9396411,0.20776316,0.61074913,0.95135633,2.9543719,0.051162131,0.15115196,0.39242883,4.5311287,0.02322904,0.10525377,0.62170323,2.6498351,0.084011491,0.2226166,0.48454983,3.3596892,0.082829478,0.2782813,0.56392928,3.053386,0.096718916,0.29532019,0.75463418,2.7628261,0.13911413,0.38434815
0b_baseline_last,file,19,baseline,7827,134.Cape_Glossy_Starling/Cape_Glossy_Starling_0043_129358.jpg,134,133,134.Cape_Glossy_Starling,9,8,color_jitter,color_jitter,0,"{""brightness"":0.943933,""contrast"":0.609591,""hue"":0.020459,""saturation"":1.042706}",0.0017439409,0.0068561304,0.0051121896,0.99825758,0.99316734,0.00024592673,0.0018041491,0.99801165,0.99136319,-0.0066484591,0.70887627,4.7065136,0.21396985,1.007052,False,0.95978415,True,True,True,0.70887627,4.7065136,0.21396985,1.007052,0.69702426,4.7461478,0.20776316,0.98607467,0.95096202,3.9966289,0.051162131,0.20447605,0.38957643,8.3742899,0.02322904,0.19452671,0.70206903,6.1807656,0.084011491,0.51925533,0.64231368,5.8872955,0.082829478,0.48764161,0.66775367,4.5534342,0.096718916,0.44040322,0.83409838,3.4707649,0.13911413,0.48283245
0b_baseline_last,file,19,baseline,7827,134.Cape_Glossy_Starling/Cape_Glossy_Starling_0043_129358.jpg,134,133,134.Cape_Glossy_Starling,9,8,rotation,rotation,0,"{""angle"":12.826031}",0.0017439409,0.002542004,0.00079806312,0.99825758,0.9974612,0.00024592673,0.0002218617,0.99801165,0.99723934,-0.00077231263,0.71951746,1.5363389,0.21396985,0.3287302,False,0.9779399,True,True,True,0.71951746,1.5363389,0.21396985,0.3287302,0.70614287,1.5461837,0.20776316,0.32124,0.97496019,1.3637815,0.051162131,0.069773966,0.49551165,2.3941713,0.02322904,0.055614299,0.71864581,1.2967129,0.084011491,0.10893879,0.59615139,1.7081778,0.082829478,0.14148748,0.64729972,1.6188282,0.096718916,0.15657131,0.79511441,1.5027117,0.13911413,0.20904844
0b_baseline_last,file,19,baseline,7827,134.Cape_Glossy_Starling/Cape_Glossy_Starling_0043_129358.jpg,134,133,134.Cape_Glossy_Starling,9,8,random_resized_crop,random_resized_crop,0,"{""area_fraction"":0.747031,""aspect"":1.120724,""fallback"":false,""height"":0.816432,""left"":0.038608,""top"":0.008278,""width"":0.914995}",0.0017439409,0.0011849533,-0.00055898761,0.99825758,0.99881577,0.00024592673,0.00032795817,0.99801165,0.99848782,0.00047616605,0.82799276,0.76364707,0.21396985,0.16339745,False,0.98313725,True,True,True,0.82799276,0.76364707,0.21396985,0.16339745,0.8195792,0.76549349,0.20776316,0.15904135,0.97374091,0.7325273,0.051162131,0.037477658,0.66163254,1.0765745,0.02322904,0.025007791,0.83628849,0.84031689,0.084011491,0.070596275,0.72516616,0.81331517,0.082829478,0.067366471,0.7837033,0.76696075,0.096718916,0.074179612,0.88334484,0.70592561,0.13911413,0.098204228
0b_baseline_last,file,19,baseline,7827,134.Cape_Glossy_Starling/Cape_Glossy_Starling_0043_129358.jpg,134,133,134.Cape_Glossy_Starling,9,8,gaussian_blur,gaussian_blur,0,"{""sigma"":1.675276}",0.0017439409,0.0029250477,0.0011811068,0.99825758,0.99707925,0.00024592673,0.00019615283,0.99801165,0.9968831,-0.0011285503,0.60362971,2.8245127,0.21396985,0.60436054,False,0.9368962,True,True,True,0.60362971,2.8245127,0.21396985,0.60436054,0.59423973,2.8691626,0.20776316,0.59610629,0.87620169,1.9456525,0.051162131,0.099543731,0.46317765,7.163412,0.02322904,0.16639918,0.60054699,3.4488719,0.084011491,0.28974487,0.60571999,3.9901603,0.082829478,0.33050289,0.58610249,2.7292611,0.096718916,0.26397117,0.72414065,1.8296978,0.13911413,0.25453683
0b_baseline_last,file,19,baseline,7827,134.Cape_Glossy_Starling/Cape_Glossy_Starling_0043_129358.jpg,134,133,134.Cape_Glossy_Starling,9,8,random_erasing,random_erasing,0,"{""area_fraction"":0.061941,""erased"":true,""height"":0.301767,""left"":0.367351,""top"":0.545842,""width"":0.20526}",0.0017439409,0.0018675759,0.00012363505,0.99825758,0.9981342,0.00024592673,0.00030011989,0.99801165,0.99783408,-0.00017757478,0.92608407,1.1048099,0.21396985,0.236396,False,0.99260551,True,True,True,0.92608407,1.1048099,0.21396985,0.236396,0.92218828,1.1056645,0.20776316,0.22971635,0.99129679,1.0906198,0.051162131,0.055798434,0.8286082,1.1643203,0.02322904,0.027046042,0.91952585,1.1536818,0.084011491,0.096922528,0.88313606,1.2183337,0.082829478,0.10091395,0.91089866,1.0763324,0.096718916,0.1041017,0.95087769,1.0570371,0.13911413,0.1470488
0b_baseline_last,file,19,baseline,11579,197.Marsh_Wren/Marsh_Wren_0094_188710.jpg,197,196,197.Marsh_Wren,193,192,identity,identity,0,{},0.1900218,0.1900218,0,0.82694113,0.82694113,0.0317754,0.0317754,0.79516573,0.79516573,0,1,1,25.980984,25.980984,False,0.99999988,True,True,True,1,1,25.980984,25.980984,1,1,25.612275,25.612275,1,1,4.3615274,4.3615274,1,1,6.8269324,6.8269324,1,1,12.231684,12.231684,1,1,14.665413,14.665413,1,1,10.656856,10.656856,1,1,11.450966,11.450966
0b_baseline_last,file,19,baseline,11579,197.Marsh_Wren/Marsh_Wren_0094_188710.jpg,197,196,197.Marsh_Wren,193,192,horizontal_flip,horizontal_flip,0,"{""flipped"":true}",0.1900218,0.47134429,0.28132249,0.82694113,0.62416267,0.0317754,0.1480366,0.79516573,0.47612607,-0.31903966,0.5692114,2.1553499,25.980984,55.998112,False,0.95410466,True,True,True,0.5692114,2.1553499,25.980984,55.998112,0.55792628,2.1500079,25.612275,55.066593,0.92980908,2.3320888,4.3615274,10.171469,0.60790985,1.5186868,6.8269324,10.367972,0.48158072,2.0087145,12.231684,24.569961,0.56852334,2.180551,14.665413,31.97868,0.49403576,2.4463596,10.656856,26.070502,0.68540511,2.1724449,11.450966,24.876592
0b_baseline_last,file,19,baseline,11579,197.Marsh_Wren/Marsh_Wren_0094_188710.jpg,197,196,197.Marsh_Wren,193,192,color_jitter,color_jitter,0,"{""brightness"":0.741961,""contrast"":0.607853,""hue"":0.062997,""saturation"":0.77137}",0.1900218,5.479495,5.2894733,0.82694113,0.0041714362,0.0317754,0.0010180791,0.79516573,0.0031533571,-0.79201238,0.43122225,15.049073,25.980984,390.98973,False,0.81848609,False,True,False,0.43122225,15.049073,25.980984,390.98973,0.43008346,15.204707,25.612275,389.42714,0.59604051,8.0066037,4.3615274,34.921022,0.53132539,14.69985,6.8269324,100.35489,0.43463329,18.316601,12.231684,224.04287,0.51333975,17.472843,14.665413,256.24645,0.33245665,12.066532,10.656856,128.5913,0.31876095,8.3713829,11.450966,95.860418
0b_baseline_last,file,19,baseline,11579,197.Marsh_Wren/Marsh_Wren_0094_188710.jpg,197,196,197.Marsh_Wren,193,192,rotation,rotation,0,"{""angle"":-4.841934}",0.1900218,0.18758196,-0.0024398416,0.82694113,0.82896119,0.0317754,0.038650386,0.79516573,0.79031081,-0.004854925,0.82727202,1.0529648,25.980984,27.357063,False,0.95340526,True,True,True,0.82727202,1.0529648,25.980984,27.357063,0.82369917,1.0514818,25.612275,26.930842,0.94565088,1.1028858,4.3615274,4.8102666,0.85455275,0.92038417,6.8269324,6.2834005,0.77035731,1.0782233,12.231684,13.188486,0.85453936,1.1065768,14.665413,16.228405,0.80072336,1.0300231,10.656856,10.976808,0.85046786,0.98801935,11.450966,11.313776
0b_baseline_last,file,19,baseline,11579,197.Marsh_Wren/Marsh_Wren_0094_188710.jpg,197,196,197.Marsh_Wren,193,192,random_resized_crop,random_resized_crop,0,"{""area_fraction"":0.550486,""aspect"":1.079411,""fallback"":false,""height"":0.714134,""left"":0.213234,""top"":0.139145,""width"":0.770844}",0.1900218,0.64129919,0.45127739,0.82694113,0.52660781,0.0317754,0.022889681,0.79516573,0.50371813,-0.2914476,0.76577931,2.7108219,25.980984,70.429822,False,0.93814176,True,True,True,0.76577931,2.7108219,25.980984,70.429822,0.76131876,2.7137918,25.612275,69.506381,0.92654717,2.6063394,4.3615274,11.367621,0.75061444,3.0599055,6.8269324,20.889768,0.77224758,2.8751204,12.231684,35.167563,0.81397171,2.6017502,14.665413,38.15574,0.6919915,2.6603785,10.656856,28.351272,0.73286087,2.617452,11.450966,29.972354
0b_baseline_last,file,19,baseline,11579,197.Marsh_Wren/Marsh_Wren_0094_188710.jpg,197,196,197.Marsh_Wren,193,192,gaussian_blur,gaussian_blur,0,"{""sigma"":1.064016}",0.1900218,1.4547712,1.2647494,0.82694113,0.23345378,0.0317754,0.01529888,0.79516573,0.2181549,-0.57701083,0.63222281,5.2097479,25.980984,135.35438,False,0.89487779,True,True,True,0.63222281,5.2097479,25.980984,135.35438,0.62750246,5.2407329,25.612275,134.22709,0.86848966,3.9969026,4.3615274,17.4326,0.42354396,4.0147793,6.8269324,27.408627,0.48045308,5.6125555,12.231684,68.651003,0.69703741,5.6003844,14.665413,82.131948,0.67464243,5.3835651,10.656856,57.371879,0.73566432,4.3799846,11.450966,50.155054
0b_baseline_last,file,19,baseline,11579,197.Marsh_Wren/Marsh_Wren_0094_188710.jpg,197,196,197.Marsh_Wren,193,192,random_erasing,random_erasing,0,"{""area_fraction"":0.167045,""erased"":true,""height"":0.70258,""left"":0.402744,""top"":0.259077,""width"":0.23776}",0.1900218,6.1909094,6.0008876,0.82694113,0.0020479634,0.0317754,0.0015005213,0.79516573,0.00054744212,-0.79461829,0.28182353,5.3166821,25.980984,138.13263,False,0.59194767,False,True,False,0.28182353,5.3166821,25.980984,138.13263,0.27255623,5.2893261,25.612275,135.47167,0.55840657,6.1864594,4.3615274,26.982412,0.42811167,4.9389842,6.8269324,33.718112,0.27079685,5.7427775,12.231684,70.243838,0.26742867,4.3534788,14.665413,63.845564,0.22955174,5.2829998,10.656856,56.300169,0.27856624,6.1969679,11.450966,70.961267
0b_baseline_last,file,19,baseline,7688,132.White_crowned_Sparrow/White_Crowned_Sparrow_0087_128008.jpg,132,131,132.White_crowned_Sparrow,159,158,identity,identity,0,{},0.061002765,0.061002765,0,0.94082063,0.94082063,0.010152373,0.010152373,0.93066826,0.93066826,0,1,1,9.2361152,9.2361152,False,0.99999994,True,True,True,1,1,9.2361152,9.2361152,1,1,9.0816997,9.0816997,1,1,1.6818304,1.6818304,1,1,1.6984504,1.6984504,1,1,3.4947335,3.4947335,1,1,4.5070666,4.5070666,1,1,4.5218501,4.5218501,1,1,5.1593212,5.1593212
0b_baseline_last,file,19,baseline,7688,132.White_crowned_Sparrow/White_Crowned_Sparrow_0087_128008.jpg,132,131,132.White_crowned_Sparrow,159,158,horizontal_flip,horizontal_flip,0,"{""flipped"":true}",0.061002765,0.14005576,0.079052996,0.94082063,0.86930978,0.010152373,0.019142186,0.93066826,0.8501676,-0.080500665,0.63792381,2.0964372,9.2361152,19.362936,False,0.9744159,True,True,True,0.63792381,2.0964372,9.2361152,19.362936,0.62595222,2.0929957,9.0816997,19.007958,0.97155695,2.1944171,1.6818304,3.6906375,0.46491427,1.8442727,1.6984504,3.1324056,0.61216506,2.6667055,3.4947335,9.319425,0.63495627,2.0096891,4.5070666,9.0578028,0.54365211,1.9230226,4.5218501,8.6956202,0.71857094,2.0047546,5.1593212,10.343173
0b_baseline_last,file,19,baseline,7688,132.White_crowned_Sparrow/White_Crowned_Sparrow_0087_128008.jpg,132,131,132.White_crowned_Sparrow,159,158,color_jitter,color_jitter,0,"{""brightness"":0.71096,""contrast"":0.969036,""hue"":-0.007463,""saturation"":0.623073}",0.061002765,0.38275385,0.32175108,0.94082063,0.68198073,0.010152373,0.10684264,0.93066826,0.57513808,-0.35553018,0.75323956,6.6769629,9.2361152,61.669198,False,0.96349382,True,True,True,0.75323956,6.6769629,9.2361152,61.669198,0.74861624,6.720923,9.0816997,61.037405,0.94930744,5.2352725,1.6818304,8.8048406,0.78337083,9.0227931,1.6984504,15.324766,0.68265248,9.4096235,3.4947335,32.884127,0.79258875,7.1359298,4.5070666,32.162111,0.77650154,5.9884748,4.5218501,27.078986,0.8123096,4.9098238,5.1593212,25.331358
0b_baseline_last,file,19,baseline,7688,132.White_crowned_Sparrow/White_Crowned_Sparrow_0087_128008.jpg,132,131,132.White_crowned_Sparrow,159,158,rotation,rotation,0,"{""angle"":-0.160633}",0.061002765,0.057733282,-0.0032694824,0.94082063,0.94390166,0.010152373,0.0095979823,0.93066826,0.93430368,0.0036354139,0.9729717,0.92395253,9.2361152,8.533732,False,0.99918741,True,True,True,0.9729717,0.92395253,9.2361152,8.533732,0.97206382,0.92289737,9.0816997,8.3814768,0.99909854,0.95420672,1.6818304,1.6048139,0.95418587,0.84192399,1.6984504,1.4299661,0.958511,0.88193281,3.4947335,3.0821202,0.97366638,0.9402656,4.5070666,4.2378397,0.9710615,0.91982284,4.5218501,4.1593011,0.98027554,0.93851259,5.1593212,4.8420879
0b_baseline_last,file,19,baseline,7688,132.White_crowned_Sparrow/White_Crowned_Sparrow_0087_128008.jpg,132,131,132.White_crowned_Sparrow,159,158,random_resized_crop,random_resized_crop,0,"{""area_fraction"":0.624229,""aspect"":1.007171,""fallback"":false,""height"":0.787264,""left"":0.038183,""top"":0.163319,""width"":0.792909}",0.061002765,0.12296657,0.061963808,0.94082063,0.8842932,0.010152373,0.013543027,0.93066826,0.87075017,-0.05991809,0.64135859,1.6790433,9.2361152,15.507837,False,0.93794739,True,True,True,0.64135859,1.6790433,9.2361152,15.507837,0.62976994,1.6655429,9.0816997,15.12596,0.93041233,2.0336677,1.6818304,3.4202842,0.28674321,1.4700276,1.6984504,2.4967689,0.56380478,1.6685981,3.4947335,5.8313057,0.66238077,1.6449552,4.5070666,7.4139225,0.59366893,1.6815794,4.5218501,7.6038503,0.69604371,1.6871805,5.1593212,8.7047062
0b_baseline_last,file,19,baseline,7688,132.White_crowned_Sparrow/White_Crowned_Sparrow_0087_128008.jpg,132,131,132.White_crowned_Sparrow,159,158,gaussian_blur,gaussian_blur,0,"{""sigma"":1.494734}",0.061002765,0.29085574,0.22985297,0.94082063,0.7476235,0.010152373,0.0084739178,0.93066826,0.73914959,-0.19151868,0.55381526,4.1937972,9.2361152,38.734394,False,0.92235935,True,True,True,0.55381526,4.1937972,9.2361152,38.734394,0.54174596,4.1941314,9.0816997,38.089842,0.90659191,4.1840424,1.6818304,7.0368498,0.30551667,4.2603833,1.6984504,7.2360495,0.42161013,4.1132465,3.4947335,14.3747,0.53239989,4.6017261,4.5070666,20.740286,0.50101176,4.1596822,4.5218501,18.80946,0.67261619,3.9145163,5.1593212,20.196247
0b_baseline_last,file,19,baseline,7688,132.White_crowned_Sparrow/White_Crowned_Sparrow_0087_128008.jpg,132,131,132.White_crowned_Sparrow,159,158,random_erasing,random_erasing,0,"{""area_fraction"":0.155934,""erased"":true,""height"":0.655972,""left"":0.315334,""top"":0.110228,""width"":0.237715}",0.061002765,0.62719482,0.56619206,0.94082063,0.5340879,0.010152373,0.043702118,0.93066826,0.49038578,-0.44028248,0.64466875,6.0478763,9.2361152,55.858882,False,0.91541958,True,True,True,0.64466875,6.0478763,9.2361152,55.858882,0.63418607,5.9966217,9.0816997,54.459517,0.90627975,7.3876657,1.6818304,12.424801,0.57951825,6.1598244,1.6984504,10.462156,0.58363748,6.3185412,3.4947335,22.081618,0.55105314,5.5728677,4.5070666,25.117286,0.62408245,5.9011777,4.5218501,26.684241,0.73003621,6.2079897,5.1593212,32.029013
0b_baseline_last,file,19,baseline,6623,114.Black_throated_Sparrow/Black_Throated_Sparrow_0033_107042.jpg,114,113,114.Black_throated_Sparrow,85,84,identity,identity,0,{},0.0041696997,0.0041696997,0,0.995839,0.995839,0.001453975,0.001453975,0.99438502,0.99438502,0,1,1,0.52091715,0.52091715,False,0.99999988,True,True,True,1,1,0.52091715,0.52091715,1,1,0.50489548,0.50489548,1,1,0.12819995,0.12819995,1,1,0.13818792,0.13818792,1,1,0.22514703,0.22514703,1,1,0.22306658,0.22306658,1,1,0.23684229,0.23684229,1,1,0.28156596,0.28156596
0b_baseline_last,file,19,baseline,6623,114.Black_throated_Sparrow/Black_Throated_Sparrow_0033_107042.jpg,114,113,114.Black_throated_Sparrow,85,84,horizontal_flip,horizontal_flip,0,"{""flipped"":true}",0.0041696997,0.0047711572,0.00060145743,0.995839,0.99524021,0.001453975,0.0012424982,0.99438502,0.99399771,-0.00038731145,0.67964685,1.1653163,0.52091715,0.60703324,False,0.97529387,True,True,True,0.67964685,1.1653163,0.52091715,0.60703324,0.66238762,1.170165,0.50489548,0.59081104,0.96946528,1.0873448,0.12819995,0.13939754,0.65016722,0.73755959,0.13818792,0.10192183,0.68190347,1.3242388,0.22514703,0.29814844,0.54436658,1.1583465,0.22306658,0.2583884,0.60930833,1.1292609,0.23684229,0.26745675,0.77315106,1.1858159,0.28156596,0.33388539
0b_baseline_last,file,19,baseline,6623,114.Black_throated_Sparrow/Black_Throated_Sparrow_0033_107042.jpg,114,113,114.Black_throated_Sparrow,85,84,color_jitter,color_jitter,0,"{""brightness"":0.773013,""contrast"":1.314996,""hue"":0.05536,""saturation"":0.866379}",0.0041696997,0.013387903,0.0092182029,0.995839,0.98670131,0.001453975,0.0053202254,0.99438502,0.98138108,-0.01300394,0.6862457,3.25372,0.52091715,1.6949185,False,0.96219176,True,True,True,0.6862457,3.25372,0.52091715,1.6949185,0.66995628,3.266163,0.50489548,1.649071,0.95789181,3.0542367,0.12819995,0.39155299,0.44196456,2.0590595,0.13818792,0.28453715,0.59257846,3.0667725,0.22514703,0.69047473,0.53364151,3.4240476,0.22306658,0.76379059,0.6960362,3.5254657,0.23684229,0.83497939,0.83140796,3.3338433,0.28156596,0.9386968
0b_baseline_last,file,19,baseline,6623,114.Black_throated_Sparrow/Black_Throated_Sparrow_0033_107042.jpg,114,113,114.Black_throated_Sparrow,85,84,rotation,rotation,0,"{""angle"":5.838589}",0.0041696997,0.0049184998,0.00074880011,0.995839,0.99509358,0.001453975,0.00067240879,0.99438502,0.99442118,3.6150508e-05,0.73060758,1.2916687,0.52091715,0.6728524,False,0.96690875,True,True,True,0.73060758,1.2916687,0.52091715,0.6728524,0.72021618,1.3055171,0.50489548,0.65914967,0.94625894,1.0538243,0.12819995,0.13510023,0.77813797,1.2894609,0.13818792,0.17818792,0.72755102,1.3450134,0.22514703,0.30282577,0.6127026,1.3509224,0.22306658,0.30134564,0.67403888,1.3277719,0.23684229,0.31447254,0.81098207,1.2370554,0.28156596,0.34831268
0b_baseline_last,file,19,baseline,6623,114.Black_throated_Sparrow/Black_Throated_Sparrow_0033_107042.jpg,114,113,114.Black_throated_Sparrow,85,84,random_resized_crop,random_resized_crop,0,"{""area_fraction"":0.531905,""aspect"":1.051333,""fallback"":false,""height"":0.71129,""left"":0.141862,""top"":0.214555,""width"":0.747803}",0.0041696997,0.016501145,0.012331446,0.995839,0.98363423,0.001453975,0.0013138325,0.99438502,0.9823204,-0.012064624,0.66310734,4.3973977,0.52091715,2.2906799,False,0.9486258,True,True,True,0.66310734,4.3973977,0.52091715,2.2906799,0.65132668,4.4487788,0.50489548,2.2461683,0.91301229,3.5053023,0.12819995,0.44937958,0.72702178,4.5260464,0.13818792,0.62544494,0.73163992,4.4024183,0.22514703,0.99119142,0.56000807,4.481408,0.22306658,0.99965237,0.58404254,4.7568775,0.23684229,1.1266298,0.69510664,4.2068156,0.28156596,1.1844961
0b_baseline_last,file,19,baseline,6623,114.Black_throated_Sparrow/Black_Throated_Sparrow_0033_107042.jpg,114,113,114.Black_throated_Sparrow,85,84,gaussian_blur,gaussian_blur,0,"{""sigma"":1.028333}",0.0041696997,0.010215851,0.0060461517,0.995839,0.98983616,0.001453975,0.0030522232,0.99438502,0.98678393,-0.0076010916,0.64482883,2.9785244,0.52091715,1.5515644,False,0.96775997,True,True,True,0.64482883,2.9785244,0.52091715,1.5515644,0.62953321,3.0138679,0.50489548,1.5216883,0.9655475,2.3635965,0.12819995,0.30301295,0.69344121,2.0985514,0.13818792,0.28999446,0.60472424,3.033154,0.22514703,0.68290562,0.48888308,3.6496189,0.22306658,0.81410802,0.63069784,3.2139204,0.23684229,0.76119228,0.78786992,2.5681845,0.28156596,0.72311334
0b_baseline_last,file,19,baseline,6623,114.Black_throated_Sparrow/Black_Throated_Sparrow_0033_107042.jpg,114,113,114.Black_throated_Sparrow,85,84,random_erasing,random_erasing,0,"{""area_fraction"":0.136197,""erased"":true,""height"":0.309951,""left"":0.5174,""top"":0.575129,""width"":0.439415}",0.0041696997,0.0062284409,0.0020587412,0.995839,0.99379092,0.001453975,0.0013406872,0.99438502,0.99245024,-0.0019347874,0.83977275,1.5056613,0.52091715,0.7843248,False,0.98168063,True,True,True,0.83977275,1.5056613,0.52091715,0.7843248,0.83198737,1.5126088,0.50489548,0.76370934,0.97352077,1.393474,0.12819995,0.1786433,0.8812098,1.3268056,0.13818792,0.18334851,0.87291524,1.5492791,0.22514703,0.34881558,0.77731373,1.5136793,0.22306658,0.33765126,0.79664462,1.5362353,0.23684229,0.36384549,0.85624902,1.5133632,0.28156596,0.42611155
0b_baseline_last,file,19,baseline,2550,045.Northern_Fulmar/Northern_Fulmar_0083_43618.jpg,45,44,045.Northern_Fulmar,72,71,identity,identity,0,{},2.9097321,2.9097321,0,0.054490328,0.054490328,0.56709266,0.56709266,-0.51260233,-0.51260233,0,1,1,243.79148,243.79148,False,0.99999994,True,False,False,1,1,243.79148,243.79148,1,1,240.50539,240.50539,1,1,39.892912,39.892912,1,1,50.755748,50.755748,1,1,107.27161,107.27161,1,1,133.36177,133.36177,1,1,111.43388,111.43388,1,1,116.43293,116.43293
0b_baseline_last,file,19,baseline,2550,045.Northern_Fulmar/Northern_Fulmar_0083_43618.jpg,45,44,045.Northern_Fulmar,72,71,horizontal_flip,horizontal_flip,0,"{""flipped"":true}",2.9097321,4.6856427,1.7759106,0.054490328,0.0092268037,0.56709266,0.83179867,-0.51260233,-0.82257187,-0.30996954,0.66852372,1.0667578,243.79148,260.06648,False,0.95516467,True,False,False,0.66852372,1.0667578,243.79148,260.06648,0.66045202,1.063601,240.50539,255.80177,0.93717581,1.1757586,39.892912,46.904433,0.62644267,1.4183088,50.755748,71.987326,0.62586314,0.94444485,107.27161,101.31212,0.69069368,0.95051391,133.36177,126.76221,0.58800006,1.1101302,111.43388,123.70612,0.74022693,1.1718488,116.43293,136.44179
0b_baseline_last,file,19,baseline,2550,045.Northern_Fulmar/Northern_Fulmar_0083_43618.jpg,45,44,045.Northern_Fulmar,72,71,color_jitter,color_jitter,0,"{""brightness"":0.681194,""contrast"":0.899841,""hue"":0.02548,""saturation"":1.396315}",2.9097321,5.0273705,2.1176383,0.054490328,0.0065560266,0.56709266,0.50310403,-0.51260233,-0.496548,0.016054325,0.76699408,1.1324632,243.79148,276.08487,False,0.93192935,True,False,False,0.76699408,1.1324632,243.79148,276.08487,0.76386589,1.1370655,240.50539,273.47039,0.91517248,0.95017311,39.892912,37.905172,0.59213197,1.271919,50.755748,64.557199,0.66623562,1.1351856,107.27161,121.77318,0.78321352,1.2326078,133.36177,164.38275,0.80731231,1.0895689,111.43388,121.4149,0.83429684,1.0171805,116.43293,118.43331
0b_baseline_last,file,19,baseline,2550,045.Northern_Fulmar/Northern_Fulmar_0083_43618.jpg,45,44,045.Northern_Fulmar,72,71,rotation,rotation,0,"{""angle"":-10.501813}",2.9097321,4.5092683,1.5995362,0.054490328,0.01100651,0.56709266,0.82532662,-0.51260233,-0.81432011,-0.30171778,0.75413859,1.0408192,243.79148,253.74287,False,0.92516506,True,False,False,0.75413859,1.0408192,243.79148,253.74287,0.74978541,1.0387274,240.50539,249.81955,0.90344619,1.1141861,39.892912,44.448127,0.69943004,1.0811821,50.755748,54.876208,0.74930974,1.0679687,107.27161,114.56273,0.78417779,0.960019,133.36177,128.02983,0.69785214,1.0670107,111.43388,118.90115,0.77052315,1.0776828,116.43293,125.47776
0b_baseline_last,file,19,baseline,2550,045.Northern_Fulmar/Northern_Fulmar_0083_43618.jpg,45,44,045.Northern_Fulmar,72,71,random_resized_crop,random_resized_crop,0,"{""area_fraction"":0.654157,""aspect"":0.792817,""fallback"":false,""height"":0.908353,""left"":0.186437,""top"":0.035654,""width"":0.720157}",2.9097321,3.6087031,0.69897103,0.054490328,0.027086956,0.56709266,0.22614481,-0.51260233,-0.19905785,0.31354448,0.65309092,0.80392656,243.79148,195.99045,False,0.90892738,True,False,False,0.65309092,0.80392656,243.79148,195.99045,0.64781499,0.80239854,240.50539,192.98117,0.83390919,0.85761829,39.892912,34.212891,0.50338013,0.82957348,50.755748,42.105622,0.60991099,0.82331528,107.27161,88.318357,0.69003978,0.78838154,133.36177,105.13995,0.61530028,0.78904942,111.43388,87.926842,0.68423552,0.80948419,116.43293,94.250615
0b_baseline_last,file,19,baseline,2550,045.Northern_Fulmar/Northern_Fulmar_0083_43618.jpg,45,44,045.Northern_Fulmar,72,71,gaussian_blur,gaussian_blur,0,"{""sigma"":1.615922}",2.9097321,6.6471634,3.7374313,0.054490328,0.0012976981,0.56709266,0.79559177,-0.51260233,-0.79429407,-0.28169174,0.67670803,1.0465362,243.79148,255.13661,False,0.89177763,True,False,False,0.67670803,1.0465362,243.79148,255.13661,0.67163241,1.0480408,240.50539,252.05947,0.87300331,0.99029861,39.892912,39.505895,0.55475587,1.1816083,50.755748,59.973411,0.52344963,0.98278968,107.27161,105.42543,0.73272084,1.0119707,133.36177,134.9582,0.67900563,1.0981073,111.43388,122.36636,0.73223392,1.0739367,116.43293,125.0416
0b_baseline_last,file,19,baseline,2550,045.Northern_Fulmar/Northern_Fulmar_0083_43618.jpg,45,44,045.Northern_Fulmar,72,71,random_erasing,random_erasing,0,"{""area_fraction"":0.08655,""erased"":true,""height"":0.343346,""left"":0.365974,""top"":0.21389,""width"":0.252079}",2.9097321,4.6515799,1.7418478,0.054490328,0.0095465062,0.56709266,0.74902242,-0.51260233,-0.73947592,-0.22687359,0.80686595,0.9522759,243.79148,232.15675,False,0.95555818,True,False,False,0.80686595,0.9522759,243.79148,232.15675,0.80267705,0.94901685,240.50539,228.24367,0.94778804,1.0639762,39.892912,42.445108,0.79927165,0.98013049,50.755748,49.747256,0.75647581,0.84852347,107.27161,91.02248,0.83601366,0.88172825,133.36177,117.58884,0.78443475,0.99089198,111.43388,110.41894,0.82552448,1.0629044,116.43293,123.75707
0b_baseline_last,file,19,baseline,6381,109.American_Redstart/American_Redstart_0031_102890.jpg,109,108,109.American_Redstart,166,165,identity,identity,0,{},0.01524628,0.01524628,0,0.98486936,0.98486936,0.0019497658,0.0019497658,0.9829196,0.9829196,0,1,1,2.172858,2.172858,False,1,True,True,True,1,1,2.172858,2.172858,1,1,2.1354685,2.1354685,1,1,0.40135556,0.40135556,1,1,0.35553916,0.35553916,1,1,0.81319572,0.81319572,1,1,0.99825513,0.99825513,1,1,1.0624137,1.0624137,1,1,1.2834695,1.2834695
0b_baseline_last,file,19,baseline,6381,109.American_Redstart/American_Redstart_0031_102890.jpg,109,108,109.American_Redstart,166,165,horizontal_flip,horizontal_flip,0,"{""flipped"":true}",0.01524628,0.028986406,0.013740126,0.98486936,0.97142965,0.0019497658,0.0030193827,0.9829196,0.96841026,-0.014509332,0.64131573,1.9655538,2.172858,4.2708692,False,0.96461856,True,True,True,0.64131573,1.9655538,2.172858,4.2708692,0.63018782,1.9669,2.1354685,4.200253,0.96298221,1.9270515,0.40135556,0.77343284,0.67216096,2.6769374,0.35553916,0.95175608,0.61013417,2.0663996,0.81319572,1.6803873,0.59072141,2.1228402,0.99825513,2.1191361,0.55091979,1.8774824,1.0624137,1.994663,0.7260746,1.8177754,1.2834695,2.3330593
0b_baseline_last,file,19,baseline,6381,109.American_Redstart/American_Redstart_0031_102890.jpg,109,108,109.American_Redstart,166,165,color_jitter,color_jitter,0,"{""brightness"":0.935355,""contrast"":1.341865,""hue"":-0.03961,""saturation"":1.201679}",0.01524628,0.016496221,0.0012499411,0.98486936,0.98363912,0.0019497658,7.216497e-05,0.9829196,0.98356696,0.000647361,0.5952349,0.99369237,2.172858,2.1591524,False,0.92286026,True,True,True,0.5952349,0.99369237,2.172858,2.1591524,0.58363592,0.989432,2.1354685,2.1129008,0.89222454,1.1075219,0.40135556,0.44451007,0.088029918,0.72713932,0.35553916,0.2585265,0.39726816,0.82275941,0.81319572,0.66906444,0.4553214,0.89186864,0.99825513,0.89031245,0.55550311,1.0060243,1.0624137,1.068814,0.75401876,1.10595,1.2834695,1.4194531
0b_baseline_last,file,19,baseline,6381,109.American_Redstart/American_Redstart_0031_102890.jpg,109,108,109.American_Redstart,166,165,rotation,rotation,0,"{""angle"":-2.668414}",0.01524628,0.0090045799,-0.0062416997,0.98486936,0.99103582,0.0019497658,0.00096626644,0.9829196,0.99006955,0.0071499575,0.81940897,0.61781444,2.172858,1.342423,False,0.9843446,True,True,True,0.81940897,0.61781444,2.172858,1.342423,0.8137568,0.61827997,2.1354685,1.3203174,0.98327008,0.6044869,0.40135556,0.24261418,0.71281076,0.68116208,0.35553916,0.24217979,0.71423544,0.62837879,0.81319572,0.51099495,0.79047891,0.62527852,0.99825513,0.62418749,0.80560135,0.60950622,1.0624137,0.64754778,0.88401034,0.61078809,1.2834695,0.78392788
0b_baseline_last,file,19,baseline,6381,109.American_Redstart/American_Redstart_0031_102890.jpg,109,108,109.American_Redstart,166,165,random_resized_crop,random_resized_crop,0,"{""area_fraction"":0.635039,""aspect"":0.990949,""fallback"":false,""height"":0.800525,""left"":0.134106,""top"":0.034881,""width"":0.793279}",0.01524628,0.31450528,0.299259,0.98486936,0.73014998,0.0019497658,0.011345387,0.9829196,0.7188046,-0.264115,0.64477925,17.757834,2.172858,38.585251,False,0.92700016,True,True,True,0.64477925,17.757834,2.172858,38.585251,0.63543886,17.768899,2.1354685,37.944922,0.91426655,17.441693,0.40135556,7.0003205,0.58822029,27.066466,0.35553916,9.6231887,0.61796809,19.241874,0.81319572,15.64741,0.61477848,17.379987,0.99825513,17.349661,0.58783979,17.857166,1.0624137,18.971698,0.70896154,16.369947,1.2834695,21.010328
0b_baseline_last,file,19,baseline,6381,109.American_Redstart/American_Redstart_0031_102890.jpg,109,108,109.American_Redstart,166,165,gaussian_blur,gaussian_blur,0,"{""sigma"":1.238248}",0.01524628,0.0080495477,-0.0071967319,0.98486936,0.99198276,0.0019497658,0.0014560072,0.9829196,0.99052675,0.0076071557,0.62493468,0.63324821,2.172858,1.3759584,False,0.93574232,True,True,True,0.62493468,0.63324821,2.172858,1.3759584,0.61427376,0.63308762,2.1354685,1.3519386,0.92453402,0.63777747,0.40135556,0.25597553,0.48852274,0.90413791,0.35553916,0.32145643,0.44081857,0.64571712,0.81319572,0.52509441,0.57085371,0.6889305,0.99825513,0.68772841,0.60665528,0.62409932,1.0624137,0.66305168,0.75565362,0.57046099,1.2834695,0.73216927
0b_baseline_last,file,19,baseline,6381,109.American_Redstart/American_Redstart_0031_102890.jpg,109,108,109.American_Redstart,166,165,random_erasing,random_erasing,0,"{""area_fraction"":0.138871,""erased"":true,""height"":0.217889,""left"":0.046172,""top"":0.311348,""width"":0.637349}",0.01524628,0.11190025,0.096653968,0.98486936,0.89413345,0.0019497658,0.025782496,0.9829196,0.86835095,-0.11456864,0.81250448,7.2612563,2.172858,15.777679,False,0.96004003,True,True,True,0.81250448,7.2612563,2.172858,15.777679,0.8083479,7.2890531,2.1354685,15.565543,0.95229124,6.4246499,0.40135556,2.578569,0.81099647,6.5004669,0.35553916,2.3111705,0.8145053,7.557404,0.81319572,6.1456487,0.7987265,7.4058487,0.99825513,7.3929265,0.77599495,7.6051212,1.0624137,8.0797851,0.83821257,6.9355255,1.2834695,8.9015353
0b_baseline_last,file,19,baseline,10708,182.Yellow_Warbler/Yellow_Warbler_0067_176856.jpg,182,181,182.Yellow_Warbler,175,174,identity,identity,0,{},0.018408524,0.018408524,0,0.98175991,0.98175991,0.016478853,0.016478853,0.96528105,0.96528105,0,1,1,3.9614669,3.9614669,False,1,True,True,True,1,1,3.9614669,3.9614669,1,1,3.8870898,3.8870898,1,1,0.76403736,0.76403736,1,1,1.1829875,1.1829875,1,1,1.8892876,1.8892876,1,1,2.0075715,2.0075715,1,1,1.7939071,1.7939071,1,1,1.7006335,1.7006335
0b_baseline_last,file,19,baseline,10708,182.Yellow_Warbler/Yellow_Warbler_0067_176856.jpg,182,181,182.Yellow_Warbler,175,174,horizontal_flip,horizontal_flip,0,"{""flipped"":true}",0.018408524,0.099620715,0.081212191,0.98175991,0.90518069,0.016478853,0.085929938,0.96528105,0.81925076,-0.1460303,0.72076742,5.1091329,3.9614669,20.239661,False,0.97804511,True,True,True,0.72076742,5.1091329,3.9614669,20.239661,0.7104069,5.1003687,3.8870898,19.825591,0.97800966,5.3309688,0.76403736,4.0730593,0.61444732,4.5843485,1.1829875,5.4232269,0.66849714,5.014206,1.8892876,9.4732774,0.69418092,5.1692054,2.0075715,10.37755,0.71929535,5.249569,1.7939071,9.4172389,0.81652292,5.1772736,1.7006335,8.8046447
0b_baseline_last,file,19,baseline,10708,182.Yellow_Warbler/Yellow_Warbler_0067_176856.jpg,182,181,182.Yellow_Warbler,175,174,color_jitter,color_jitter,0,"{""brightness"":0.770891,""contrast"":1.276105,""hue"":-0.005714,""saturation"":1.142387}",0.018408524,0.020606713,0.0021981895,0.98175991,0.97960413,0.016478853,0.018695546,0.96528105,0.96090858,-0.0043724738,0.91113886,1.0859522,3.9614669,4.3019639,False,0.9866339,True,True,True,0.91113886,1.0859522,3.9614669,4.3019639,0.90813724,1.0840344,3.8870898,4.213739,0.98628258,1.1344652,0.76403736,0.86677376,0.82154151,0.90500474,1.1829875,1.0706093,0.9038875,1.063215,1.8892876,2.0087189,0.91142712,1.1154981,2.0075715,2.2394423,0.92354263,1.1320904,1.7939071,2.0308649,0.93324876,1.089803,1.7006335,1.8533555
0b_baseline_last,file,19,baseline,10708,182.Yellow_Warbler/Yellow_Warbler_0067_176856.jpg,182,181,182.Yellow_Warbler,175,174,rotation,rotation,0,"{""angle"":-6.37114}",0.018408524,0.031138958,0.012730435,0.98175991,0.96934086,0.016478853,0.023577547,0.96528105,0.94576331,-0.019517738,0.80595262,1.7049177,3.9614669,6.7539751,False,0.98056072,True,True,True,0.80595262,1.7049177,3.9614669,6.7539751,0.80006884,1.7097684,3.8870898,6.6460235,0.97402055,1.5741726,0.76403736,1.2027266,0.8550622,1.8377328,1.1829875,2.1740149,0.781334,1.6936546,1.8892876,3.1998007,0.75136544,1.7635919,2.0075715,3.5405369,0.80072195,1.6871068,1.7939071,3.0265129,0.87081715,1.6113554,1.7006335,2.740325
0b_baseline_last,file,19,baseline,10708,182.Yellow_Warbler/Yellow_Warbler_0067_176856.jpg,182,181,182.Yellow_Warbler,175,174,random_resized_crop,random_resized_crop,0,"{""area_fraction"":0.551418,""aspect"":1.132765,""fallback"":false,""height"":0.697703,""left"":0.044502,""top"":0.059599,""width"":0.790333}",0.018408524,0.068869889,0.050461365,0.98175991,0.93344814,0.016478853,0.059354257,0.96528105,0.87409388,-0.091187174,0.74444903,3.9571077,3.9614669,15.675951,False,0.96485823,True,True,True,0.74444903,3.9571077,3.9614669,15.675951,0.7365158,3.9658573,3.8870898,15.415643,0.96458154,3.7234951,0.76403736,2.8448894,0.83466644,2.9280473,1.1829875,3.4638433,0.72101448,3.5285476,1.8892876,6.6664413,0.72486311,4.3640031,2.0075715,8.7610484,0.71021901,4.2719244,1.7939071,7.6634354,0.79306106,3.9758853,1.7006335,6.7615235
0b_baseline_last,file,19,baseline,10708,182.Yellow_Warbler/Yellow_Warbler_0067_176856.jpg,182,181,182.Yellow_Warbler,175,174,gaussian_blur,gaussian_blur,0,"{""sigma"":1.217901}",0.018408524,0.020716479,0.0023079552,0.98175991,0.97949666,0.016478853,0.0025626367,0.96528105,0.97693402,0.011652969,0.31617918,1.216144,3.9614669,4.8177141,False,0.95373523,True,True,True,0.31617918,1.216144,3.9614669,4.8177141,0.3060982,1.2277219,3.8870898,4.7722652,0.70608504,0.86408427,0.76403736,0.66019266,0.20932714,0.91097434,1.1829875,1.0776712,0.11281036,1.1403531,1.8892876,2.1544549,0.35257122,1.4543886,2.0075715,2.9197891,0.35251237,1.2852976,1.7939071,2.3057045,0.47442245,1.0403105,1.7006335,1.7691869
0b_baseline_last,file,19,baseline,10708,182.Yellow_Warbler/Yellow_Warbler_0067_176856.jpg,182,181,182.Yellow_Warbler,175,174,random_erasing,random_erasing,0,"{""area_fraction"":0.097871,""erased"":true,""height"":0.306374,""left"":0.204553,""top"":0.135379,""width"":0.319449}",0.018408524,0.52270448,0.50429596,0.98175991,0.59291488,0.016478853,0.010135049,0.96528105,0.58277983,-0.38250122,0.16182487,19.936588,3.9614669,78.978135,False,0.90835321,True,True,True,0.16182487,19.936588,3.9614669,78.978135,0.1482152,20.059881,3.8870898,77.974559,0.59514712,16.426495,0.76403736,12.550456,-0.18000662,20.455945,1.1829875,24.199127,-0.013599576,18.570101,1.8892876,35.084261,0.26140184,20.587745,2.0075715,41.331371,0.16343259,20.323113,1.7939071,36.457776,0.31233279,20.589612,1.7006335,35.015384
0b_baseline_last,file,19,baseline,479,009.Brewer_Blackbird/Brewer_Blackbird_0116_2327.jpg,9,8,009.Brewer_Blackbird,26,25,identity,identity,0,{},0.25727519,0.25727519,0,0.77315545,0.77315545,0.1043897,0.1043897,0.66876575,0.66876575,0,1,1,38.431108,38.431108,False,0.99999988,True,True,True,1,1,38.431108,38.431108,1,1,37.526729,37.526729,1,1,8.2882273,8.2882273,1,1,10.67188,10.67188,1,1,14.786542,14.786542,1,1,17.669586,17.669586,1,1,19.794728,19.794728,1,1,19.278978,19.278978
0b_baseline_last,file,19,baseline,479,009.Brewer_Blackbird/Brewer_Blackbird_0116_2327.jpg,9,8,009.Brewer_Blackbird,26,25,horizontal_flip,horizontal_flip,0,"{""flipped"":true}",0.25727519,0.65470648,0.39743128,0.77315545,0.51959455,0.1043897,0.18959236,0.66876575,0.33000219,-0.33876356,0.66928091,2.121668,38.431108,81.538053,False,0.97417456,True,True,True,0.66928091,2.121668,38.431108,81.538053,0.65408361,2.118069,37.526729,79.484201,0.97042277,2.194148,8.2882273,18.185597,0.3116574,1.725563,10.67188,18.415001,0.55934959,2.3193123,14.786542,34.294608,0.62394223,2.1356108,17.669586,37.735358,0.6998554,2.0192214,19.794728,39.969938,0.78214177,2.1889819,19.278978,42.201334
0b_baseline_last,file,19,baseline,479,009.Brewer_Blackbird/Brewer_Blackbird_0116_2327.jpg,9,8,009.Brewer_Blackbird,26,25,color_jitter,color_jitter,0,"{""brightness"":1.235766,""contrast"":1.088629,""hue"":0.062965,""saturation"":1.044742}",0.25727519,0.56063014,0.30335495,0.77315545,0.57084924,0.1043897,0.25375113,0.66876575,0.31709811,-0.35166764,0.83447064,1.8130601,38.431108,69.67791,False,0.97786635,True,True,True,0.83447064,1.8130601,38.431108,69.67791,0.82859414,1.811034,37.526729,67.962182,0.95236099,1.8541085,8.2882273,15.367272,0.89390437,1.7535149,10.67188,18.7133,0.77024759,1.7116301,14.786542,25.309091,0.77633333,1.7799257,17.669586,31.45055,0.83493105,1.8032043,19.794728,35.693939,0.87767044,1.9163312,19.278978,36.944907
0b_baseline_last,file,19,baseline,479,009.Brewer_Blackbird/Brewer_Blackbird_0116_2327.jpg,9,8,009.Brewer_Blackbird,26,25,rotation,rotation,0,"{""angle"":-2.157986}",0.25727519,0.70255369,0.4452785,0.77315545,0.4953188,0.1043897,0.29109147,0.66876575,0.20422733,-0.46453843,0.81310847,2.4972961,38.431108,95.973854,False,0.97942126,True,True,True,0.81310847,2.4972961,38.431108,95.973854,0.80748939,2.5133896,37.526729,94.31929,0.95840785,2.140877,8.2882273,17.744075,0.8068048,2.5417822,10.67188,27.125594,0.75878987,2.6693525,14.786542,39.470493,0.74083901,2.6286756,17.669586,46.447609,0.82417516,2.4816417,19.794728,49.123422,0.88864765,2.3381334,19.278978,45.076822
0b_baseline_last,file,19,baseline,479,009.Brewer_Blackbird/Brewer_Blackbird_0116_2327.jpg,9,8,009.Brewer_Blackbird,26,25,random_resized_crop,random_resized_crop,0,"{""area_fraction"":0.590801,""aspect"":1.25144,""fallback"":false,""height"":0.687093,""left"":0.055265,""top"":0.295973,""width"":0.859856}",0.25727519,1.8213332,1.564058,0.77315545,0.16180989,0.1043897,0.12206717,0.66876575,0.039742723,-0.62902303,0.37920389,3.514203,38.431108,135.05471,False,0.8860684,False,True,False,0.37920389,3.514203,38.431108,135.05471,0.35863224,3.5235611,37.526729,132.22772,0.82791504,3.3165458,8.2882273,27.488285,0.11985166,4.5855927,10.67188,48.936894,0.2689115,3.8325983,14.786542,56.670876,0.2663299,3.1643304,17.669586,55.912407,0.3443986,3.0674462,19.794728,60.719263,0.59369718,3.6914281,19.278978,71.16696
0b_baseline_last,file,19,baseline,479,009.Brewer_Blackbird/Brewer_Blackbird_0116_2327.jpg,9,8,009.Brewer_Blackbird,26,25,gaussian_blur,gaussian_blur,0,"{""sigma"":1.902511}",0.25727519,4.2508216,3.9935464,0.77315545,0.01425252,0.1043897,0.063441865,0.66876575,-0.049189345,-0.7179551,0.28266731,4.1933679,38.431108,161.15578,False,0.78718388,False,True,False,0.28266731,4.1933679,38.431108,161.15578,0.26610156,4.2040215,37.526729,157.76317,0.64285616,3.968671,8.2882273,32.893248,-0.087759791,3.3326576,10.67188,35.565722,-0.0062349221,4.5959006,14.786542,67.957476,0.29065982,4.3936441,17.669586,77.633872,0.34566293,4.2026,19.794728,83.189324,0.43119818,4.0374025,19.278978,77.836995
0b_baseline_last,file,19,baseline,479,009.Brewer_Blackbird/Brewer_Blackbird_0116_2327.jpg,9,8,009.Brewer_Blackbird,26,25,random_erasing,random_erasing,0,"{""area_fraction"":0.074533,""erased"":true,""height"":0.201513,""left"":0.586803,""top"":0.263875,""width"":0.369868}",0.25727519,0.53681779,0.2795426,0.77315545,0.58460563,0.1043897,0.11193696,0.66876575,0.47266867,-0.19609708,0.54422358,1.5560911,38.431108,59.802306,False,0.90858686,True,True,True,0.54422358,1.5560911,38.431108,59.802306,0.53006503,1.5623288,37.526729,58.629088,0.86537694,1.4222017,8.2882273,11.787531,0.61208186,1.0019104,10.67188,10.692267,0.31937959,1.4784059,14.786542,21.860511,0.45400152,1.6575058,17.669586,29.287442,0.53100213,1.5661639,19.794728,31.001789,0.70001375,1.6617006,19.278978,32.035889
0b_baseline_last,file,19,baseline,4952,085.Horned_Lark/Horned_Lark_0138_74083.jpg,85,84,085.Horned_Lark,48,47,identity,identity,0,{},0.45667878,0.45667878,0,0.63338375,0.63338375,0.08112029,0.08112029,0.55226346,0.55226346,0,1,1,60.47646,60.47646,False,1,True,True,True,1,1,60.47646,60.47646,1,1,59.493139,59.493139,1,1,10.861334,10.861334,1,1,12.220089,12.220089,1,1,26.721001,26.721001,1,1,33.50638,33.50638,1,1,29.066941,29.066941,1,1,26.618162,26.618162
0b_baseline_last,file,19,baseline,4952,085.Horned_Lark/Horned_Lark_0138_74083.jpg,85,84,085.Horned_Lark,48,47,horizontal_flip,horizontal_flip,0,"{""flipped"":true}",0.45667878,0.2870377,-0.16964108,0.63338375,0.75048339,0.08112029,0.039915435,0.55226346,0.71056796,0.1583045,0.55377241,0.70637691,60.47646,42.719175,False,0.95133531,True,True,True,0.55377241,0.70637691,60.47646,42.719175,0.54015264,0.70503069,59.493139,41.944489,0.94099357,0.74563814,10.861334,8.0986248,-0.025781736,0.72317869,12.220089,8.8373082,0.35651646,0.6889739,26.721001,18.410072,0.59856838,0.71871824,33.50638,24.081647,0.58319857,0.69046352,29.066941,20.069663,0.6975759,0.71240726,26.618162,18.962972
0b_baseline_last,file,19,baseline,4952,085.Horned_Lark/Horned_Lark_0138_74083.jpg,85,84,085.Horned_Lark,48,47,color_jitter,color_jitter,0,"{""brightness"":0.809392,""contrast"":1.313244,""hue"":0.099762,""saturation"":0.979307}",0.45667878,0.49430472,0.037625939,0.63338375,0.60999489,0.08112029,0.0052480483,0.55226346,0.60474684,0.052483379,0.61576504,1.2036446,60.47646,72.792167,False,0.89208531,True,True,True,0.61576504,1.2036446,60.47646,72.792167,0.60894805,1.2084827,59.493139,71.896432,0.85765496,1.0481509,10.861334,11.384316,0.62486627,1.3301358,12.220089,16.254378,0.52727675,1.1023935,26.721001,29.457058,0.61035139,1.2106862,33.50638,40.565712,0.60938337,1.3109364,29.066941,38.104912,0.68754437,1.1515858,26.618162,30.653099
0b_baseline_last,file,19,baseline,4952,085.Horned_Lark/Horned_Lark_0138_74083.jpg,85,84,085.Horned_Lark,48,47,rotation,rotation,0,"{""angle"":10.160309}",0.45667878,0.37939492,-0.077283859,0.63338375,0.68427533,0.08112029,0.098174192,0.55226346,0.58610114,0.033837676,0.65180884,0.93300026,60.47646,56.424553,False,0.90202141,True,True,True,0.65180884,0.93300026,60.47646,56.424553,0.64401226,0.93212132,59.493139,55.454823,0.87943021,0.95899691,10.861334,10.415986,0.68338234,1.0306439,12.220089,12.594561,0.60075241,0.98178743,26.721001,26.234343,0.63165353,0.85477574,33.50638,28.640441,0.64314374,0.93547343,29.066941,27.191351,0.70303085,0.97150962,26.618162,25.859801
0b_baseline_last,file,19,baseline,4952,085.Horned_Lark/Horned_Lark_0138_74083.jpg,85,84,085.Horned_Lark,48,47,random_resized_crop,random_resized_crop,0,"{""area_fraction"":0.750462,""aspect"":1.143151,""fallback"":false,""height"":0.810238,""left"":0.029279,""top"":0.060217,""width"":0.926224}",0.45667878,0.13991429,-0.31676449,0.63338375,0.86943275,0.08112029,0.026486352,0.55226346,0.8429464,0.29068293,0.74740975,0.39241451,60.47646,23.73184,False,0.95302957,True,True,True,0.74740975,0.39241451,60.47646,23.73184,0.74128557,0.39195177,59.493139,23.318441,0.92522498,0.40605311,10.861334,4.4102784,0.7406903,0.38949473,12.220089,4.7596604,0.76973546,0.39029651,26.721001,10.429113,0.74231043,0.39532134,33.50638,13.245787,0.71449781,0.38647532,29.066941,11.233656,0.74287244,0.39524141,26.618162,10.5206
0b_baseline_last,file,19,baseline,4952,085.Horned_Lark/Horned_Lark_0138_74083.jpg,85,84,085.Horned_Lark,48,47,gaussian_blur,gaussian_blur,0,"{""sigma"":1.233468}",0.45667878,1.2914339,0.83475515,0.63338375,0.27487636,0.08112029,0.055084344,0.55226346,0.21979201,-0.33247145,0.61772055,1.9444427,60.47646,117.59301,False,0.88707203,False,True,False,0.61772055,1.9444427,60.47646,117.59301,0.61090264,1.9378121,59.493139,115.28653,0.8062572,2.13382,10.861334,23.176132,0.57332494,1.8891757,12.220089,23.085896,0.58510781,1.7789542,26.721001,47.535436,0.6164992,1.8753405,33.50638,62.835873,0.60673172,2.0386952,29.066941,59.258632,0.64203942,2.0708553,26.618162,55.122362
0b_baseline_last,file,19,baseline,4952,085.Horned_Lark/Horned_Lark_0138_74083.jpg,85,84,085.Horned_Lark,48,47,random_erasing,random_erasing,0,"{""area_fraction"":0.187036,""erased"":true,""height"":0.598173,""left"":0.454635,""top"":0.102315,""width"":0.312678}",0.45667878,7.2025828,6.7459041,0.63338375,0.00074466004,0.08112029,0.0015979398,0.55226346,-0.00085327972,-0.55311674,0.36732825,2.800399,60.47646,169.35822,False,0.7304275,False,True,False,0.36732825,2.800399,60.47646,169.35822,0.35788841,2.78574,59.493139,165.73242,0.61672706,3.2092222,10.861334,34.856434,0.27727491,1.6913275,12.220089,20.668174,0.26866299,2.4502727,26.721001,65.473738,0.41975265,2.5994916,33.50638,87.099556,0.33367771,2.8130081,29.066941,81.765542,0.39596183,3.45982,26.618162,92.09405
0b_baseline_last,file,19,baseline,10656,181.Worm_eating_Warbler/Worm_Eating_Warbler_0074_176093.jpg,181,180,181.Worm_eating_Warbler,168,167,identity,identity,0,{},0.024977488,0.024977488,0,0.97533184,0.97533184,0.0097983098,0.0097983098,0.96553353,0.96553353,0,1,1,4.5819081,4.5819081,False,0.99999994,True,True,True,1,1,4.5819081,4.5819081,1,1,4.5192691,4.5192691,1,1,0.75504208,0.75504208,1,1,1.2247216,1.2247216,1,1,2.1092666,2.1092666,1,1,2.5024996,2.5024996,1,1,2.1113283,2.1113283,1,1,1.9376876,1.9376876
0b_baseline_last,file,19,baseline,10656,181.Worm_eating_Warbler/Worm_Eating_Warbler_0074_176093.jpg,181,180,181.Worm_eating_Warbler,168,167,horizontal_flip,horizontal_flip,0,"{""flipped"":true}",0.024977488,0.0049986867,-0.019978802,0.97533184,0.99501377,0.0097983098,0.0011103848,0.96553353,0.99390339,0.028369855,0.60793284,0.19689706,4.5819081,0.90216424,False,0.97679955,True,True,True,0.60793284,0.19689706,4.5819081,0.90216424,0.59776793,0.19663375,4.5192691,0.88864082,0.95601045,0.20610864,0.75504208,0.1556207,0.64859059,0.20798448,1.2247216,0.25472308,0.39563543,0.17916039,2.1092666,0.37789702,0.60534217,0.19456205,2.5024996,0.48689146,0.61700226,0.20401166,2.1113283,0.43073559,0.75522994,0.20604166,1.9376876,0.39924438
0b_baseline_last,file,19,baseline,10656,181.Worm_eating_Warbler/Worm_Eating_Warbler_0074_176093.jpg,181,180,181.Worm_eating_Warbler,168,167,color_jitter,color_jitter,0,"{""brightness"":0.961048,""contrast"":1.181156,""hue"":0.034143,""saturation"":1.288441}",0.024977488,0.77661115,0.75163366,0.97533184,0.45996213,0.0097983098,0.41066244,0.96553353,0.049299687,-0.91623385,0.77156555,23.550123,4.5819081,107.9045,False,0.96336234,True,True,True,0.77156555,23.550123,4.5819081,107.9045,0.76726806,23.544983,4.5192691,106.40611,0.92432681,23.733543,0.75504208,17.919824,0.74956542,22.018549,1.2247216,26.966593,0.74716056,22.617101,2.1092666,47.705496,0.77203203,23.229188,2.5024996,58.131034,0.75520896,25.216903,2.1113283,53.241162,0.80780503,23.680162,1.9376876,45.884757
0b_baseline_last,file,19,baseline,10656,181.Worm_eating_Warbler/Worm_Eating_Warbler_0074_176093.jpg,181,180,181.Worm_eating_Warbler,168,167,rotation,rotation,0,"{""angle"":9.257764}",0.024977488,0.023034496,-0.0019429922,0.97533184,0.97722876,0.0097983098,0.0080085462,0.96553353,0.96922021,0.0036866814,0.83451737,0.97050761,4.5819081,4.4467766,False,0.98124868,True,True,True,0.83451737,0.97050761,4.5819081,4.4467766,0.83069295,0.97135466,4.5192691,4.3898131,0.97659849,0.93965768,0.75504208,0.70948109,0.91008617,1.1508903,1.2247216,1.4095201,0.82786448,0.91071823,2.1092666,1.9209475,0.83979255,0.99196961,2.5024996,2.4824035,0.78367678,0.96837648,2.1113283,2.0445607,0.84567143,0.93053462,1.9376876,1.8030854
0b_baseline_last,file,19,baseline,10656,181.Worm_eating_Warbler/Worm_Eating_Warbler_0074_176093.jpg,181,180,181.Worm_eating_Warbler,168,167,random_resized_crop,random_resized_crop,0,"{""area_fraction"":0.548915,""aspect"":1.085638,""fallback"":false,""height"":0.711066,""left"":0.025508,""top"":0.272541,""width"":0.771961}",0.024977488,0.0079878168,-0.016989672,0.97533184,0.99204397,0.0097983098,0.00094942481,0.96553353,0.99109455,0.025561014,0.64638579,0.27352891,4.5819081,1.2532843,False,0.9568001,True,True,True,0.64638579,0.27352891,4.5819081,1.2532843,0.63817557,0.27230995,4.5192691,1.2306419,0.90778376,0.31409356,0.75504208,0.23715385,0.64979129,0.23005326,1.2247216,0.28175119,0.55263399,0.2752369,2.1092666,0.58054798,0.68337046,0.23813145,2.5024996,0.59592385,0.63510295,0.28215914,2.1113283,0.59573057,0.68797079,0.32148028,1.9376876,0.62292836
0b_baseline_last,file,19,baseline,10656,181.Worm_eating_Warbler/Worm_Eating_Warbler_0074_176093.jpg,181,180,181.Worm_eating_Warbler,168,167,gaussian_blur,gaussian_blur,0,"{""sigma"":1.52381}",0.024977488,1.1419823,1.1170048,0.97533184,0.31918567,0.0097983098,0.12763068,0.96553353,0.19155499,-0.77397854,0.68604075,34.787067,4.5819081,159.39114,False,0.87443304,True,True,True,0.68604075,34.787067,4.5819081,159.39114,0.68372618,35.021494,4.5192691,158.27156,0.84107905,24.977017,0.75504208,18.858699,0.7906409,43.312201,1.2247216,53.045387,0.64016848,36.257925,2.1092666,76.477628,0.69928047,35.419486,2.5024996,88.637249,0.66422773,34.92495,2.1113283,73.738036,0.70425076,28.703392,1.9376876,55.618209
0b_baseline_last,file,19,baseline,10656,181.Worm_eating_Warbler/Worm_Eating_Warbler_0074_176093.jpg,181,180,181.Worm_eating_Warbler,168,167,random_erasing,random_erasing,0,"{""area_fraction"":0.053791,""erased"":true,""height"":0.312134,""left"":0.060763,""top"":0.615467,""width"":0.172334}",0.024977488,0.06144568,0.036468191,0.97533184,0.94040406,0.0097983098,0.023992155,0.96553353,0.9164119,-0.04912163,0.96762492,2.4436869,4.5819081,11.196749,False,0.99214113,True,True,True,0.96762492,2.4436869,4.5819081,11.196749,0.96700538,2.4461035,4.5192691,11.0546,0.99134604,2.3554771,0.75504208,1.7784843,0.97251301,2.3383253,1.2247216,2.8637975,0.9750587,2.565857,2.1092666,5.4120764,0.97753578,2.4469281,2.5024996,6.1234365,0.95251918,2.4051904,2.1113283,5.0781465,0.9561525,2.3889623,1.9376876,4.6290628
0b_baseline_last,file,19,baseline,3630,063.Ivory_Gull/Ivory_Gull_0117_49227.jpg,63,62,063.Ivory_Gull,62,61,identity,identity,0,{},0.005076258,0.005076258,0,0.99493659,0.99493659,0.0030343561,0.0030343561,0.99190223,0.99190223,0,1,1,0.99429885,0.99429885,False,1,True,True,True,1,1,0.99429885,0.99429885,1,1,0.97809207,0.97809207,1,1,0.17879066,0.17879066,1,1,0.32442864,0.32442864,1,1,0.46077546,0.46077546,1,1,0.42973564,0.42973564,1,1,0.46154654,0.46154654,1,1,0.49132292,0.49132292
0b_baseline_last,file,19,baseline,3630,063.Ivory_Gull/Ivory_Gull_0117_49227.jpg,63,62,063.Ivory_Gull,62,61,horizontal_flip,horizontal_flip,0,"{""flipped"":true}",0.005076258,0.0057082265,0.00063196849,0.99493659,0.99430805,0.0030343561,0.0033097465,0.99190223,0.99099831,-0.00090392143,0.69421488,1.0440517,0.99429885,1.0380994,False,0.97951162,True,True,True,0.69421488,1.0440517,0.99429885,1.0380994,0.68399079,1.0408173,0.97809207,1.0180152,0.97700831,1.1365961,0.17879066,0.20321276,0.44155907,0.94300048,0.32442864,0.30593636,0.65739814,0.94101573,0.46077546,0.43359695,0.65988779,1.02752,0.42973564,0.44156197,0.67687934,1.1093135,0.46154654,0.51199979,0.82343933,1.1103807,0.49132292,0.5455555
0b_baseline_last,file,19,baseline,3630,063.Ivory_Gull/Ivory_Gull_0117_49227.jpg,63,62,063.Ivory_Gull,62,61,color_jitter,color_jitter,0,"{""brightness"":1.088348,""contrast"":1.369909,""hue"":0.097231,""saturation"":0.611034}",0.005076258,0.0032648139,-0.0018114441,0.99493659,0.99674052,0.0030343561,0.0005767984,0.99190223,0.99616372,0.0042614922,0.70702458,0.60195946,0.99429885,0.5985276,False,0.953044,True,True,True,0.70702458,0.60195946,0.99429885,0.5985276,0.70170292,0.60107699,0.97809207,0.58790864,0.86015633,0.62779553,0.17879066,0.11224397,0.62115462,0.56552062,0.32442864,0.18347109,0.67221657,0.51926892,0.46077546,0.23926638,0.69786256,0.65184073,0.42973564,0.2801192,0.69217806,0.6255492,0.46154654,0.28872007,0.77574855,0.62035743,0.49132292,0.30479582
0b_baseline_last,file,19,baseline,3630,063.Ivory_Gull/Ivory_Gull_0117_49227.jpg,63,62,063.Ivory_Gull,62,61,rotation,rotation,0,"{""angle"":-9.03164}",0.005076258,0.012081894,0.0070056361,0.99493659,0.9879908,0.0030343561,0.0042348243,0.99190223,0.98375597,-0.0081462571,0.76375761,2.2393728,0.99429885,2.2266058,False,0.96948218,True,True,True,0.76375761,2.2393728,0.99429885,2.2266058,0.75835416,2.2458834,0.97809207,2.1966807,0.94584396,2.0349123,0.17879066,0.36382331,0.79389588,1.6984737,0.32442864,0.5510335,0.78677736,2.3371377,0.46077546,1.0768957,0.73028797,2.6848002,0.42973564,1.1537544,0.72656849,2.16547,0.46154654,0.9994652,0.80098604,2.0676141,0.49132292,1.0158662
0b_baseline_last,file,19,baseline,3630,063.Ivory_Gull/Ivory_Gull_0117_49227.jpg,63,62,063.Ivory_Gull,62,61,random_resized_crop,random_resized_crop,0,"{""area_fraction"":0.773942,""aspect"":0.942347,""fallback"":false,""height"":0.906252,""left"":0.10235,""top"":0.073981,""width"":0.854004}",0.005076258,0.0023903865,-0.0026858714,0.99493659,0.99761248,0.0030343561,0.00077884452,0.99190223,0.99683363,0.0049314025,0.74473164,0.37768707,0.99429885,0.37553382,False,0.98354799,True,True,True,0.74473164,0.37768707,0.99429885,0.37553382,0.73752412,0.37519488,0.97809207,0.36697514,0.9369336,0.44587124,0.17879066,0.079717611,0.71246549,0.21628511,0.32442864,0.070169083,0.72858298,0.34258098,0.46077546,0.15785291,0.67809307,0.40661879,0.42973564,0.17473859,0.75040766,0.39649303,0.46154654,0.18299998,0.81823463,0.41114973,0.49132292,0.20200728
0b_baseline_last,file,19,baseline,3630,063.Ivory_Gull/Ivory_Gull_0117_49227.jpg,63,62,063.Ivory_Gull,62,61,gaussian_blur,gaussian_blur,0,"{""sigma"":1.60767}",0.005076258,0.063771054,0.058694796,0.99493659,0.93821979,0.0030343561,0.023122007,0.99190223,0.91509778,-0.076804451,0.55215709,14.254491,0.99429885,14.173224,False,0.91819715,True,True,True,0.55215709,14.254491,0.99429885,14.173224,0.54467434,14.367409,0.97809207,14.052649,0.89377322,10.318308,0.17879066,1.8448171,0.27899041,8.7407273,0.32442864,2.8357422,0.49410977,13.626171,0.46077546,6.2786054,0.46129457,16.927925,0.42973564,7.2745328,0.62816715,16.16251,0.46154654,7.4597507,0.69406675,13.103408,0.49132292,6.4380045
0b_baseline_last,file,19,baseline,3630,063.Ivory_Gull/Ivory_Gull_0117_49227.jpg,63,62,063.Ivory_Gull,62,61,random_erasing,random_erasing,0,"{""area_fraction"":0.09999,""erased"":true,""height"":0.20659,""left"":0.05704,""top"":0.117532,""width"":0.484004}",0.005076258,0.23520337,0.23012711,0.99493659,0.7904101,0.0030343561,0.080296457,0.99190223,0.71011364,-0.28178858,0.75390635,33.559451,0.99429885,33.368124,False,0.92893302,True,True,True,0.75390635,33.559451,0.99429885,33.368124,0.74920462,33.575627,0.97809207,32.840055,0.896845,33.071694,0.17879066,5.91291,0.84290918,32.146613,0.32442864,10.429282,0.67120216,29.207872,0.46077546,13.458271,0.74365705,34.898705,0.42973564,14.997217,0.76722123,35.979713,0.46154654,16.606312,0.76500575,34.533837,0.49132292,16.967266
0b_baseline_last,file,19,baseline,10772,183.Northern_Waterthrush/Northern_Waterthrush_0055_177114.jpg,183,182,183.Northern_Waterthrush,184,183,identity,identity,0,{},0.10006271,0.10006271,0,0.90478069,0.90478069,0.022066969,0.022066969,0.88271372,0.88271372,0,1,1,17.833546,17.833546,False,1.0000001,True,True,True,1,1,17.833546,17.833546,1,1,17.652106,17.652106,1,1,2.5374178,2.5374178,1,1,4.4079385,4.4079385,1,1,7.5705515,7.5705515,1,1,10.040228,10.040228,1,1,8.0637261,8.0637261,1,1,8.3080575,8.3080575
0b_baseline_last,file,19,baseline,10772,183.Northern_Waterthrush/Northern_Waterthrush_0055_177114.jpg,183,182,183.Northern_Waterthrush,184,183,horizontal_flip,horizontal_flip,0,"{""flipped"":true}",0.10006271,0.055718236,-0.044344477,0.90478069,0.94580561,0.022066969,0.0081229499,0.88271372,0.93768266,0.054968943,0.74156227,0.50344681,17.833546,8.9782415,False,0.96736604,True,True,True,0.74156227,0.50344681,17.833546,8.9782415,0.73674788,0.50164524,17.652106,8.8550951,0.95007887,0.58403009,2.5374178,1.4819284,0.84958944,0.47236498,4.4079385,2.0821558,0.53350551,0.4583495,7.5705515,3.4699585,0.7902001,0.50474922,10.040228,5.0677974,0.72322639,0.51383052,8.0637261,4.1433885,0.79630986,0.52722769,8.3080575,4.380238
0b_baseline_last,file,19,baseline,10772,183.Northern_Waterthrush/Northern_Waterthrush_0055_177114.jpg,183,182,183.Northern_Waterthrush,184,183,color_jitter,color_jitter,0,"{""brightness"":1.349743,""contrast"":1.298996,""hue"":-0.053558,""saturation"":1.269305}",0.10006271,0.22343914,0.12337643,0.90478069,0.79976356,0.022066969,0.0099496115,0.88271372,0.78981395,-0.092899768,0.45441243,1.8859892,17.833546,33.633874,False,0.83442229,True,True,True,0.45441243,1.8859892,17.833546,33.633874,0.44740519,1.8833213,17.652106,33.244588,0.77297783,2.0108759,2.5374178,5.1024323,0.66349226,1.7372069,4.4079385,7.6575012,0.30705806,1.9524798,7.5705515,14.781349,0.40246533,1.7714578,10.040228,17.785841,0.42323499,2.038128,8.0637261,16.434906,0.60271675,1.8710278,8.3080575,15.544606
0b_baseline_last,file,19,baseline,10772,183.Northern_Waterthrush/Northern_Waterthrush_0055_177114.jpg,183,182,183.Northern_Waterthrush,184,183,rotation,rotation,0,"{""angle"":-0.640202}",0.10006271,0.055233639,-0.044829074,0.90478069,0.94626403,0.022066969,0.011782388,0.88271372,0.93448164,0.051767924,0.93287279,0.59206728,17.833546,10.558659,False,0.99274111,True,True,True,0.93287279,0.59206728,17.833546,10.558659,0.9317141,0.59239967,17.652106,10.457102,0.99094187,0.57575155,2.5374178,1.4609222,0.92233368,0.53286576,4.4079385,2.3488395,0.88873344,0.60396358,7.5705515,4.5723374,0.93658803,0.60382922,10.040228,6.0625833,0.93477647,0.58976923,8.0637261,4.7557375,0.96259869,0.58418259,8.3080575,4.8534225
0b_baseline_last,file,19,baseline,10772,183.Northern_Waterthrush/Northern_Waterthrush_0055_177114.jpg,183,182,183.Northern_Waterthrush,184,183,random_resized_crop,random_resized_crop,0,"{""area_fraction"":0.651181,""aspect"":1.05979,""fallback"":false,""height"":0.783864,""left"":0.000955,""top"":0.002365,""width"":0.830732}",0.10006271,0.20363797,0.10357526,0.90478069,0.81575763,0.022066969,0.032416739,0.88271372,0.78334089,-0.099372823,0.75594147,2.0172234,17.833546,35.974244,False,0.96943092,True,True,True,0.75594147,2.0172234,17.833546,35.974244,0.75185499,2.0192204,17.652106,35.643493,0.96511636,1.9180924,2.5374178,4.867002,0.81554384,1.7544225,4.4079385,7.7333866,0.6142884,2.1435396,7.5705515,16.227777,0.7996232,2.0697546,10.040228,20.780809,0.74347523,2.0251281,8.0637261,16.330078,0.80161112,1.8985624,8.3080575,15.773365
0b_baseline_last,file,19,baseline,10772,183.Northern_Waterthrush/Northern_Waterthrush_0055_177114.jpg,183,182,183.Northern_Waterthrush,184,183,gaussian_blur,gaussian_blur,0,"{""sigma"":1.348945}",0.10006271,0.10351232,0.0034496039,0.90478069,0.90166491,0.022066969,0.066607021,0.88271372,0.83505789,-0.047655825,0.61668349,1.2414923,17.833546,22.14021,False,0.95608866,True,True,True,0.61668349,1.2414923,17.833546,22.14021,0.61147351,1.2423754,17.652106,21.930543,0.87857075,1.1979768,2.5374178,3.0397677,0.69086298,1.1524628,4.4079385,5.079985,0.42117359,1.4158011,7.5705515,10.718395,0.6196006,1.2798374,10.040228,12.84986,0.65567217,1.244554,8.0637261,10.035742,0.75439145,1.0383777,8.3080575,8.6269013
0b_baseline_last,file,19,baseline,10772,183.Northern_Waterthrush/Northern_Waterthrush_0055_177114.jpg,183,182,183.Northern_Waterthrush,184,183,random_erasing,random_erasing,0,"{""area_fraction"":0.196883,""erased"":true,""height"":0.567506,""left"":0.358141,""top"":0.385185,""width"":0.346927}",0.10006271,3.5725746,3.4725119,0.90478069,0.028083459,0.022066969,0.063419774,0.88271372,-0.035336316,-0.91805003,0.6701725,9.7717399,17.833546,174.26477,False,0.84409106,False,True,False,0.6701725,9.7717399,17.833546,174.26477,0.66761444,9.7566014,17.652106,172.22457,0.78711613,10.47827,2.5374178,26.587749,0.76248769,8.4729753,4.4079385,37.348354,0.67364278,9.7923389,7.5705515,74.133406,0.72813362,9.922301,10.040228,99.622169,0.6065254,10.04924,8.0637261,81.034321,0.60971042,9.538127,8.3080575,79.243307
0b_baseline_last,file,19,baseline,4129,071.Long_tailed_Jaeger/Long_Tailed_Jaeger_0060_60886.jpg,71,70,071.Long_tailed_Jaeger,72,71,identity,identity,0,{},3.5192506,3.5192506,0,0.029621625,0.029621625,0.67688191,0.67688191,-0.64726028,-0.64726028,0,1,1,131.66991,131.66991,False,1,True,False,False,1,1,131.66991,131.66991,1,1,128.09197,128.09197,1,1,30.486307,30.486307,1,1,30.781657,30.781657,1,1,52.066385,52.066385,1,1,63.404755,63.404755,1,1,66.602565,66.602565,1,1,65.521508,65.521508
0b_baseline_last,file,19,baseline,4129,071.Long_tailed_Jaeger/Long_Tailed_Jaeger_0060_60886.jpg,71,70,071.Long_tailed_Jaeger,72,71,horizontal_flip,horizontal_flip,0,"{""flipped"":true}",3.5192506,2.5568662,-0.96238446,0.029621625,0.077547379,0.67688191,0.21605849,-0.64726028,-0.13851111,0.50874917,0.39527514,1.0109646,131.66991,133.11363,False,0.93964577,False,False,False,0.39527514,1.0109646,131.66991,133.11363,0.37383618,1.0176066,128.09197,130.34723,0.83383739,0.88554505,30.486307,26.996999,0.31241752,0.82559949,30.781657,25.41332,0.32063923,0.96535873,52.066385,50.26274,0.36968979,1.0159027,63.404755,64.413065,0.28564176,1.0756322,66.602565,71.639866,0.51785833,1.0280069,65.521508,67.35656
0b_baseline_last,file,19,baseline,4129,071.Long_tailed_Jaeger/Long_Tailed_Jaeger_0060_60886.jpg,71,70,071.Long_tailed_Jaeger,72,71,color_jitter,color_jitter,0,"{""brightness"":0.882586,""contrast"":1.042012,""hue"":0.087416,""saturation"":0.953581}",3.5192506,2.546407,-0.97284365,0.029621625,0.078362718,0.67688191,0.25645915,-0.64726028,-0.17809643,0.46916386,0.62099251,0.88260453,131.66991,116.21246,False,0.93714821,False,False,False,0.62099251,0.88260453,131.66991,116.21246,0.60850739,0.88607541,128.09197,113.49914,0.86131101,0.8189122,30.486307,24.965609,0.53441821,0.8350673,30.781657,25.704755,0.4949622,0.94393762,52.066385,49.14742,0.62355575,0.95550449,63.404755,60.583528,0.6179358,0.84612556,66.602565,56.354132,0.68526703,0.83030936,65.521508,54.403122
0b_baseline_last,file,19,baseline,4129,071.Long_tailed_Jaeger/Long_Tailed_Jaeger_0060_60886.jpg,71,70,071.Long_tailed_Jaeger,72,71,rotation,rotation,0,"{""angle"":-9.083321}",3.5192506,4.673995,1.1547444,0.029621625,0.0093349023,0.67688191,0.77876067,-0.64726028,-0.76942577,-0.12216549,0.71594046,1.1417674,131.66991,150.33642,False,0.93444908,True,False,False,0.71594046,1.1417674,131.66991,150.33642,0.7028512,1.1366342,128.09197,145.59371,0.93172519,1.2288614,30.486307,37.463445,0.67632495,1.3720908,30.781657,42.235229,0.64861662,1.0946468,52.066385,56.994304,0.68219873,1.1287848,63.404755,71.570326,0.69113377,1.0675485,66.602565,71.10147,0.77614164,1.1809831,65.521508,77.379792
0b_baseline_last,file,19,baseline,4129,071.Long_tailed_Jaeger/Long_Tailed_Jaeger_0060_60886.jpg,71,70,071.Long_tailed_Jaeger,72,71,random_resized_crop,random_resized_crop,0,"{""area_fraction"":0.504417,""aspect"":0.805537,""fallback"":false,""height"":0.79132,""left"":0.298639,""top"":0.185229,""width"":0.637438}",3.5192506,4.3958545,0.87660384,0.029621625,0.012328343,0.67688191,0.83770275,-0.64726028,-0.82537441,-0.17811412,0.57626487,1.2259871,131.66991,161.42562,False,0.93026018,True,False,False,0.57626487,1.2259871,131.66991,161.42562,0.55467502,1.2178327,128.09197,155.99458,0.92047064,1.3619266,30.486307,41.520112,0.59134556,1.1104341,30.781657,34.181002,0.50118772,1.1215901,52.066385,58.397143,0.48803838,1.1655127,63.404755,73.899049,0.51521577,1.2395613,66.602565,82.557964,0.67373216,1.3198777,65.521508,86.480379
0b_baseline_last,file,19,baseline,4129,071.Long_tailed_Jaeger/Long_Tailed_Jaeger_0060_60886.jpg,71,70,071.Long_tailed_Jaeger,72,71,gaussian_blur,gaussian_blur,0,"{""sigma"":1.080479}",3.5192506,4.0959883,0.57673764,0.029621625,0.01663929,0.67688191,0.82015353,-0.64726028,-0.80351424,-0.15625396,0.6457657,1.2447948,131.66991,163.90202,False,0.92414653,True,False,False,0.6457657,1.2447948,131.66991,163.90202,0.63183742,1.2503114,128.09197,160.15484,0.91720015,1.1430309,30.486307,34.846792,0.48960773,1.7636844,30.781657,54.289127,0.59040753,1.314249,52.066385,68.428197,0.62409435,1.1542782,63.404755,73.186725,0.63985817,1.2379772,66.602565,82.452457,0.72347074,1.1688408,65.521508,76.58421
0b_baseline_last,file,19,baseline,4129,071.Long_tailed_Jaeger/Long_Tailed_Jaeger_0060_60886.jpg,71,70,071.Long_tailed_Jaeger,72,71,random_erasing,random_erasing,0,"{""area_fraction"":0.138608,""erased"":true,""height"":0.21373,""left"":0.16795,""top"":0.025296,""width"":0.648517}",3.5192506,3.2079349,-0.31131577,0.029621625,0.040440045,0.67688191,0.79282373,-0.64726028,-0.75238369,-0.1051234,0.87344508,1.1014134,131.66991,145.02301,False,0.971439,True,False,False,0.87344508,1.1014134,131.66991,145.02301,0.86877926,1.1045378,128.09197,141.48241,0.96181532,1.0447192,30.486307,31.849632,0.79145587,1.148113,30.781657,35.340821,0.84425826,1.0228381,52.066385,53.255482,0.87998912,1.0894886,63.404755,69.078755,0.87632869,1.1340558,66.602565,75.531026,0.88440228,1.1272679,65.521508,73.860294
0b_baseline_last,file,19,baseline,11036,188.Pileated_Woodpecker/Pileated_Woodpecker_0004_180307.jpg,188,187,188.Pileated_Woodpecker,44,43,identity,identity,0,{},0.0097301733,0.0097301733,0,0.99031699,0.99031699,0.0020434533,0.0020434533,0.98827353,0.98827353,0,1,1,1.8419263,1.8419263,False,1,True,True,True,1,1,1.8419263,1.8419263,1,1,1.8161678,1.8161678,1,1,0.30696413,0.30696413,1,1,0.55759005,0.55759005,1,1,0.8587019,0.8587019,1,1,0.85907119,0.85907119,1,1,0.84297156,0.84297156,1,1,0.89531309,0.89531309
0b_baseline_last,file,19,baseline,11036,188.Pileated_Woodpecker/Pileated_Woodpecker_0004_180307.jpg,188,187,188.Pileated_Woodpecker,44,43,horizontal_flip,horizontal_flip,0,"{""flipped"":true}",0.0097301733,0.013257802,0.0035276283,0.99031699,0.9868297,0.0020434533,0.00034777535,0.98827353,0.98648192,-0.001791611,0.62002584,1.4285925,1.8419263,2.6313621,False,0.93473667,True,True,True,0.62002584,1.4285925,1.8419263,2.6313621,0.61230954,1.4309874,1.8161678,2.5989133,0.90927836,1.3420672,0.30696413,0.4119665,0.67672611,1.351501,0.55759005,0.75358348,0.66185564,1.34719,0.8587019,1.1568346,0.61932138,1.581626,0.85907119,1.3587293,0.50595463,1.4955537,0.84297156,1.2607092,0.64627019,1.3275299,0.89531309,1.1885549
0b_baseline_last,file,19,baseline,11036,188.Pileated_Woodpecker/Pileated_Woodpecker_0004_180307.jpg,188,187,188.Pileated_Woodpecker,44,43,color_jitter,color_jitter,0,"{""brightness"":0.734814,""contrast"":0.840095,""hue"":0.007586,""saturation"":1.248845}",0.0097301733,0.045056563,0.03532639,0.99031699,0.95594341,0.0020434533,0.0063156285,0.98827353,0.94962778,-0.038645757,0.82752592,4.638999,1.8419263,8.5446942,False,0.97287118,True,True,True,0.82752592,4.638999,1.8419263,8.5446942,0.82394556,4.6505994,1.8161678,8.446269,0.96982692,4.2128352,0.30696413,1.2931893,0.86632082,4.6531651,0.55759005,2.5945585,0.73392221,4.0632762,0.8587019,3.489143,0.83231468,5.2218915,0.85907119,4.4859765,0.82794641,4.8268351,0.84297156,4.0688847,0.88349726,4.4332039,0.89531309,3.9691055
0b_baseline_last,file,19,baseline,11036,188.Pileated_Woodpecker/Pileated_Woodpecker_0004_180307.jpg,188,187,188.Pileated_Woodpecker,44,43,rotation,rotation,0,"{""angle"":-8.468376}",0.0097301733,0.43278959,0.42305942,0.99031699,0.64869696,0.0020434533,0.091759078,0.98827353,0.55693788,-0.43133565,0.72400591,29.647589,1.8419263,54.608674,False,0.94441134,True,True,True,0.72400591,29.647589,1.8419263,54.608674,0.71774832,29.641841,1.8161678,53.834557,0.94155937,29.848119,0.30696413,9.1623021,0.73977514,29.783919,0.55759005,16.607217,0.71340466,25.990744,0.8587019,22.318301,0.73344418,31.749598,0.85907119,27.275165,0.66553596,30.928044,0.84297156,26.071461,0.75285984,29.563741,0.89531309,26.468805
0b_baseline_last,file,19,baseline,11036,188.Pileated_Woodpecker/Pileated_Woodpecker_0004_180307.jpg,188,187,188.Pileated_Woodpecker,44,43,random_resized_crop,random_resized_crop,0,"{""area_fraction"":0.537295,""aspect"":0.752509,""fallback"":false,""height"":0.844988,""left"":0.06194,""top"":0.107238,""width"":0.635861}",0.0097301733,4.1217566,4.1120264,0.99031699,0.016216001,0.0020434533,0.022645958,0.98827353,-0.0064299572,-0.99470349,0.463883,84.564615,1.8419263,155.76179,False,0.77686751,False,True,False,0.463883,84.564615,1.8419263,155.76179,0.45549835,84.461619,1.8161678,153.39647,0.74568866,88.094176,0.30696413,27.041752,0.73286465,82.074743,0.55759005,45.76406,0.4447526,77.707989,0.8587019,66.727997,0.40480816,95.617355,0.85907119,82.142115,0.38540657,85.028494,0.84297156,71.676603,0.48274218,79.753965,0.89531309,71.404769
0b_baseline_last,file,19,baseline,11036,188.Pileated_Woodpecker/Pileated_Woodpecker_0004_180307.jpg,188,187,188.Pileated_Woodpecker,44,43,gaussian_blur,gaussian_blur,0,"{""sigma"":1.807002}",0.0097301733,0.12621716,0.11648698,0.99031699,0.88142341,0.0020434533,0.01824886,0.98827353,0.86317455,-0.12509898,0.5920362,13.137672,1.8419263,24.198624,False,0.91249371,True,True,True,0.5920362,13.137672,1.8419263,24.198624,0.58513162,13.203011,1.8161678,23.978884,0.90711065,10.599593,0.30696413,3.2536949,0.41150845,11.640432,0.55759005,6.4905889,0.51324669,11.678588,0.8587019,10.028426,0.5435423,14.625161,0.85907119,12.564054,0.62733468,14.621179,0.84297156,12.325238,0.72537656,12.363278,0.89531309,11.069005
0b_baseline_last,file,19,baseline,11036,188.Pileated_Woodpecker/Pileated_Woodpecker_0004_180307.jpg,188,187,188.Pileated_Woodpecker,44,43,random_erasing,random_erasing,0,"{""area_fraction"":0.126508,""erased"":true,""height"":0.40504,""left"":0.157497,""top"":0.197853,""width"":0.312333}",0.0097301733,0.23158219,0.22185202,0.99031699,0.7932775,0.0020434533,0.082580231,0.98827353,0.71069727,-0.27757626,0.87716457,19.635488,1.8419263,36.167121,False,0.96427929,True,True,True,0.87716457,19.635488,1.8419263,36.167121,0.87506002,19.580985,1.8161678,35.562354,0.94795612,21.456315,0.30696413,6.5863192,0.92220763,16.235307,0.55759005,9.0526458,0.87183174,16.951665,0.8587019,14.556427,0.89912587,20.783247,0.85907119,17.854289,0.87835587,21.150728,0.84297156,17.829462,0.85372918,20.417967,0.89531309,18.280473
0b_baseline_last,file,19,baseline,5450,094.White_breasted_Nuthatch/White_Breasted_Nuthatch_0068_86033.jpg,94,93,094.White_breasted_Nuthatch,93,92,identity,identity,0,{},0.0035877165,0.0035877165,0,0.99641871,0.99641871,0.0011006746,0.0011006746,0.99531804,0.99531804,0,1,1,0.56767762,0.56767762,False,1,True,True,True,1,1,0.56767762,0.56767762,1,1,0.55665263,0.55665263,1,1,0.11133607,0.11133607,1,1,0.09631101,0.09631101,1,1,0.26453379,0.26453379,1,1,0.30309039,0.30309039,1,1,0.24327634,0.24327634,1,1,0.28206569,0.28206569
0b_baseline_last,file,19,baseline,5450,094.White_breasted_Nuthatch/White_Breasted_Nuthatch_0068_86033.jpg,94,93,094.White_breasted_Nuthatch,93,92,horizontal_flip,horizontal_flip,0,"{""flipped"":true}",0.0035877165,0.00047803417,-0.0031096823,0.99641871,0.99952209,0.0011006746,0.00018747903,0.99531804,0.99933461,0.004016571,0.64615438,0.11908297,0.56767762,0.067600735,False,0.96045232,True,True,True,0.64615438,0.11908297,0.56767762,0.067600735,0.6313471,0.11759211,0.55665263,0.06545796,0.95313062,0.15166102,0.11133607,0.016885342,0.43311556,0.085420606,0.09631101,0.0082269448,0.56918193,0.10900247,0.26453379,0.028834835,0.65855193,0.10675654,0.30309039,0.03235688,0.55086807,0.11965244,0.24327634,0.029108607,0.73080114,0.13691071,0.28206569,0.038617813
0b_baseline_last,file,19,baseline,5450,094.White_breasted_Nuthatch/White_Breasted_Nuthatch_0068_86033.jpg,94,93,094.White_breasted_Nuthatch,93,92,color_jitter,color_jitter,0,"{""brightness"":0.941272,""contrast"":1.032435,""hue"":0.076144,""saturation"":0.663586}",0.0035877165,0.013349556,0.0097618399,0.99641871,0.98673916,0.0011006746,0.0024510866,0.99531804,0.98428807,-0.011029968,0.81262303,4.4579068,0.56767762,2.5306539,False,0.97455072,True,True,True,0.81262303,4.4579068,0.56767762,2.5306539,0.80884408,4.4931819,0.55665263,2.5011415,0.96223105,3.4612058,0.11133607,0.38535705,0.81238588,5.4093014,0.09631101,0.52097528,0.79632044,5.5728226,0.26453379,1.4741999,0.81368732,4.2627763,0.30309039,1.2920065,0.80549885,4.1844988,0.24327634,1.0179896,0.86557842,3.7275054,0.28206569,1.0514014
0b_baseline_last,file,19,baseline,5450,094.White_breasted_Nuthatch/White_Breasted_Nuthatch_0068_86033.jpg,94,93,094.White_breasted_Nuthatch,93,92,rotation,rotation,0,"{""angle"":-5.427792}",0.0035877165,0.00095548265,-0.0026322338,0.99641871,0.99904495,0.0011006746,9.4851523e-05,0.99531804,0.9989501,0.0036320634,0.81620663,0.27750258,0.56767762,0.157532,False,0.97379756,True,True,True,0.81620663,0.27750258,0.56767762,0.157532,0.81096392,0.27778901,0.55665263,0.15463198,0.9512181,0.27024393,0.11133607,0.030087897,0.75222804,0.29858041,0.09631101,0.028756581,0.83312298,0.27712503,0.26453379,0.073308935,0.80841682,0.26313401,0.30309039,0.079753391,0.76476301,0.29226811,0.24327634,0.071101917,0.83991658,0.28125938,0.28206569,0.079333622
0b_baseline_last,file,19,baseline,5450,094.White_breasted_Nuthatch/White_Breasted_Nuthatch_0068_86033.jpg,94,93,094.White_breasted_Nuthatch,93,92,random_resized_crop,random_resized_crop,0,"{""area_fraction"":0.679052,""aspect"":0.90362,""fallback"":false,""height"":0.866879,""left"":0.076136,""top"":0.036833,""width"":0.783329}",0.0035877165,0.0033921816,-0.0001955349,0.99641871,0.99661356,0.0011006746,0.00064950832,0.99531804,0.99596405,0.00064601388,0.75966105,1.0125783,0.56767762,0.57481803,False,0.9712252,True,True,True,0.75966105,1.0125783,0.56767762,0.57481803,0.75294431,1.0178019,0.55665263,0.5665621,0.96447008,0.8718912,0.11133607,0.097072939,0.84945299,1.1282293,0.09631101,0.1086609,0.73600683,1.1216724,0.26453379,0.29672026,0.75154252,0.97081721,0.30309039,0.29424537,0.70137364,1.001065,0.24327634,0.24353542,0.80415324,0.97254721,0.28206569,0.2743222
0b_baseline_last,file,19,baseline,5450,094.White_breasted_Nuthatch/White_Breasted_Nuthatch_0068_86033.jpg,94,93,094.White_breasted_Nuthatch,93,92,gaussian_blur,gaussian_blur,0,"{""sigma"":1.713847}",0.0035877165,0.094874449,0.091286733,0.99641871,0.90948713,0.0011006746,0.00059263117,0.99531804,0.9088945,-0.086423543,0.48506984,24.846105,0.56767762,14.104577,False,0.86072421,True,True,True,0.48506984,24.846105,0.56767762,14.104577,0.47372015,24.837764,0.55665263,13.826007,0.76635604,25.053691,0.11133607,2.7893795,0.47631614,28.163926,0.09631101,2.7124962,0.58342479,23.818374,0.26453379,6.3007646,0.45102826,24.870164,0.30309039,7.5379076,0.36220108,27.205852,0.24327634,6.6185402,0.50293382,23.376251,0.28206569,6.5936385
0b_baseline_last,file,19,baseline,5450,094.White_breasted_Nuthatch/White_Breasted_Nuthatch_0068_86033.jpg,94,93,094.White_breasted_Nuthatch,93,92,random_erasing,random_erasing,0,"{""area_fraction"":0.06968,""erased"":true,""height"":0.353859,""left"":0.421398,""top"":0.402704,""width"":0.196915}",0.0035877165,0.01259492,0.0090072032,0.99641871,0.98748404,0.0011006746,0.0038732155,0.99531804,0.98361082,-0.011707218,0.84570808,4.0392481,0.56767762,2.2929907,False,0.9708454,True,True,True,0.84570808,4.0392481,0.56767762,2.2929907,0.84179786,4.0592491,0.55665263,2.2595917,0.96791097,3.5023541,0.11133607,0.38993834,0.8140762,3.5826181,0.09631101,0.34504557,0.86066465,3.9960598,0.26453379,1.0570928,0.86471185,4.315678,0.30309039,1.3080405,0.79521149,4.3524678,0.24327634,1.0588524,0.84745262,3.6104643,0.28206569,1.0183881
0b_baseline_last,file,19,baseline,4776,082.Ringed_Kingfisher/Ringed_Kingfisher_0017_73145.jpg,82,81,082.Ringed_Kingfisher,80,79,identity,identity,0,{},1.4087074,1.4087074,0,0.24445908,0.24445908,0.62041008,0.62041008,-0.37595101,-0.37595101,0,1,1,120.19028,120.19028,False,1,True,False,False,1,1,120.19028,120.19028,1,1,117.22364,117.22364,1,1,26.539072,26.539072,1,1,22.791533,22.791533,1,1,43.524747,43.524747,1,1,60.93802,60.93802,1,1,62.45085,62.45085,1,1,60.942375,60.942375
0b_baseline_last,file,19,baseline,4776,082.Ringed_Kingfisher/Ringed_Kingfisher_0017_73145.jpg,82,81,082.Ringed_Kingfisher,80,79,horizontal_flip,horizontal_flip,0,"{""flipped"":true}",1.4087074,0.83683974,-0.57186764,0.24445908,0.43307701,0.62041008,0.19406638,-0.37595101,0.23901063,0.61496164,0.42402103,0.58178944,120.19028,69.925437,False,0.96727329,False,False,True,0.42402103,0.58178944,120.19028,69.925437,0.39912418,0.57792029,117.22364,67.745919,0.85707752,0.65270406,26.539072,17.32216,0.2361774,0.40748017,22.791533,9.2870979,0.065872705,0.55706087,43.524747,24.245933,0.24074428,0.53418113,60.93802,32.55194,0.47802705,0.57510801,62.45085,35.915984,0.62216205,0.64930656,60.942375,39.570284
0b_baseline_last,file,19,baseline,4776,082.Ringed_Kingfisher/Ringed_Kingfisher_0017_73145.jpg,82,81,082.Ringed_Kingfisher,80,79,color_jitter,color_jitter,0,"{""brightness"":0.740578,""contrast"":0.770521,""hue"":0.058531,""saturation"":0.78607}",1.4087074,2.696243,1.2875357,0.24445908,0.067458473,0.62041008,0.39716667,-0.37595101,-0.3297082,0.046242811,0.67544237,0.97646277,120.19028,117.36134,False,0.93921959,True,False,False,0.67544237,0.97646277,120.19028,117.36134,0.66384621,0.97039525,117.22364,113.75326,0.88140146,1.0880922,26.539072,28.876956,0.5664596,1.1491923,22.791533,26.191854,0.49467094,0.96379064,43.524747,41.948744,0.6944405,0.93873679,60.93802,57.204761,0.6879417,0.94295586,62.45085,58.888395,0.71239939,1.0053564,60.942375,61.268805
0b_baseline_last,file,19,baseline,4776,082.Ringed_Kingfisher/Ringed_Kingfisher_0017_73145.jpg,82,81,082.Ringed_Kingfisher,80,79,rotation,rotation,0,"{""angle"":2.882188}",1.4087074,2.0308809,0.62217355,0.24445908,0.13121985,0.62041008,0.6651293,-0.37595101,-0.53390945,-0.15795845,0.88509243,1.276997,120.19028,153.48263,False,0.98462987,True,False,False,0.88509243,1.276997,120.19028,153.48263,0.88052492,1.2806385,117.22364,150.1211,0.98151614,1.2037487,26.539072,31.946375,0.90257751,1.3177326,22.791533,30.033146,0.81485086,1.3441304,43.524747,58.502938,0.87739225,1.3022647,60.93802,79.357434,0.88356823,1.2642075,62.45085,78.950833,0.91504519,1.2367735,60.942375,75.371914
0b_baseline_last,file,19,baseline,4776,082.Ringed_Kingfisher/Ringed_Kingfisher_0017_73145.jpg,82,81,082.Ringed_Kingfisher,80,79,random_resized_crop,random_resized_crop,0,"{""area_fraction"":0.846854,""aspect"":1.161809,""fallback"":false,""height"":0.853762,""left"":0.001646,""top"":0.026988,""width"":0.991909}",1.4087074,1.8962073,0.48749995,0.24445908,0.15013695,0.62041008,0.40764913,-0.37595101,-0.25751218,0.11843883,0.63761048,0.99870791,120.19028,120.03499,False,0.95624149,True,False,False,0.63761048,0.99870791,120.19028,120.03499,0.62449121,0.99517671,117.22364,116.65824,0.87812861,1.0652626,26.539072,28.27108,0.56594962,0.89634779,22.791533,20.42914,0.45584145,1.0279566,43.524747,44.74155,0.63220854,1.0327182,60.93802,62.931802,0.62366243,0.91759348,62.45085,57.304493,0.71376803,1.0307339,60.942375,62.815374
0b_baseline_last,file,19,baseline,4776,082.Ringed_Kingfisher/Ringed_Kingfisher_0017_73145.jpg,82,81,082.Ringed_Kingfisher,80,79,gaussian_blur,gaussian_blur,0,"{""sigma"":1.836883}",1.4087074,4.047946,2.6392386,0.24445908,0.017458195,0.62041008,0.061823223,-0.37595101,-0.044365028,0.33158598,0.36817811,0.97364011,120.19028,117.02208,False,0.7163108,False,False,False,0.36817811,0.97364011,120.19028,117.02208,0.35787733,0.96574473,117.22364,113.20811,0.54566619,1.1165647,26.539072,29.632591,0.051367213,0.83441462,22.791533,19.017588,0.35792889,1.1180885,43.524747,48.66452,0.52304815,0.9975796,60.93802,60.790525,0.29444006,0.85915441,62.45085,53.654923,0.28925926,0.97240593,60.942375,59.260727
0b_baseline_last,file,19,baseline,4776,082.Ringed_Kingfisher/Ringed_Kingfisher_0017_73145.jpg,82,81,082.Ringed_Kingfisher,80,79,random_erasing,random_erasing,0,"{""area_fraction"":0.058605,""erased"":true,""height"":0.39652,""left"":0.845498,""top"":0.342943,""width"":0.147799}",1.4087074,1.3551955,-0.053511858,0.24445908,0.25789687,0.62041008,0.61560786,-0.37595101,-0.35771099,0.01824002,0.98204769,1.0144995,120.19028,121.93298,False,0.99749851,True,False,False,0.98204769,1.0144995,120.19028,121.93298,0.98127014,1.0149272,117.22364,118.97346,0.99738607,1.0061182,26.539072,26.701442,0.98773161,1.0264673,22.791533,23.394763,0.97813583,0.98172256,43.524747,42.729226,0.98223747,1.0311922,60.93802,62.838809,0.98252203,1.0108591,62.45085,63.12901,0.98002908,1.0178301,60.942375,62.028984
0b_baseline_last,file,19,baseline,6166,106.Horned_Puffin/Horned_Puffin_0082_100876.jpg,106,105,106.Horned_Puffin,89,88,identity,identity,0,{},0.079183407,0.079183407,0,0.92387044,0.92387044,0.010460795,0.010460795,0.91340965,0.91340965,0,1,1,11.088754,11.088754,False,0.99999988,True,True,True,1,1,11.088754,11.088754,1,1,10.93223,10.93223,1,1,1.8565608,1.8565608,1,1,2.6914782,2.6914782,1,1,4.3285212,4.3285212,1,1,5.3893201,5.3893201,1,1,5.6253991,5.6253991,1,1,5.7309355,5.7309355
0b_baseline_last,file,19,baseline,6166,106.Horned_Puffin/Horned_Puffin_0082_100876.jpg,106,105,106.Horned_Puffin,89,88,horizontal_flip,horizontal_flip,0,"{""flipped"":true}",0.079183407,0.05389015,-0.025293257,0.92387044,0.94753617,0.010460795,0.0056163352,0.91340965,0.94191984,0.028510186,0.65178546,0.63207409,11.088754,7.0089144,False,0.96678054,True,True,True,0.65178546,0.63207409,11.088754,7.0089144,0.64158892,0.62916954,10.93223,6.8782263,0.96476457,0.72563012,1.8565608,1.3471764,0.75140904,0.67513019,2.6914782,1.8170982,0.50478792,0.57190013,4.3285212,2.4754818,0.63798815,0.59451146,5.3893201,3.2040125,0.61706445,0.6243208,5.6253991,3.5120537,0.71210203,0.68207962,5.7309355,3.9089543
0b_baseline_last,file,19,baseline,6166,106.Horned_Puffin/Horned_Puffin_0082_100876.jpg,106,105,106.Horned_Puffin,89,88,color_jitter,color_jitter,0,"{""brightness"":1.056539,""contrast"":0.763708,""hue"":0.039869,""saturation"":0.709897}",0.079183407,0.056512237,-0.022671171,0.92387044,0.94505495,0.010460795,0.0068680742,0.91340965,0.93818687,0.024777225,0.73462305,0.67408098,11.088754,7.4747185,False,0.95352864,True,True,True,0.73462305,0.67408098,11.088754,7.4747185,0.72809727,0.67151629,10.93223,7.3411707,0.9403573,0.75765754,1.8565608,1.4066373,0.64865703,0.54120401,2.6914782,1.4566388,0.5609921,0.63594397,4.3285212,2.752697,0.71217282,0.67660359,5.3893201,3.6464333,0.74706005,0.66251231,5.6253991,3.7268962,0.82712329,0.71960422,5.7309355,4.1240053
0b_baseline_last,file,19,baseline,6166,106.Horned_Puffin/Horned_Puffin_0082_100876.jpg,106,105,106.Horned_Puffin,89,88,rotation,rotation,0,"{""angle"":-12.371478}",0.079183407,0.13705418,0.057870768,0.92387044,0.87192297,0.010460795,0.0058040004,0.91340965,0.86611897,-0.04729068,0.6089798,1.5536441,11.088754,17.227978,False,0.93195355,True,True,True,0.6089798,1.5536441,11.088754,17.227978,0.59903779,1.547986,10.93223,16.92294,0.91990883,1.7384788,1.8565608,3.2275916,0.24141613,1.4886522,2.6914782,4.0066749,0.52463008,1.3776699,4.3285212,5.9632732,0.57375121,1.5048409,5.3893201,8.1100695,0.62144805,1.5636941,5.6253991,8.7964037,0.70824119,1.6702215,5.7309355,9.5719315
0b_baseline_last,file,19,baseline,6166,106.Horned_Puffin/Horned_Puffin_0082_100876.jpg,106,105,106.Horned_Puffin,89,88,random_resized_crop,random_resized_crop,0,"{""area_fraction"":0.636703,""aspect"":0.857805,""fallback"":false,""height"":0.861538,""left"":0.065693,""top"":0.09046,""width"":0.739031}",0.079183407,0.046258546,-0.032924861,0.92387044,0.95479506,0.010460795,0.0056898938,0.91340965,0.94910517,0.035695519,0.71381215,0.67174867,11.088754,7.4488561,False,0.95094264,True,True,True,0.71381215,0.67174867,11.088754,7.4488561,0.70688984,0.67132253,10.93223,7.3390525,0.94874515,0.68636073,1.8565608,1.2742704,0.65313463,0.62108335,2.6914782,1.6716323,0.67871911,0.69884457,4.3285212,3.0249635,0.68988866,0.64685545,5.3893201,3.4861111,0.69489386,0.69815937,5.6253991,3.9274251,0.76381403,0.66075183,5.7309355,3.7867261
0b_baseline_last,file,19,baseline,6166,106.Horned_Puffin/Horned_Puffin_0082_100876.jpg,106,105,106.Horned_Puffin,89,88,gaussian_blur,gaussian_blur,0,"{""sigma"":1.619048}",0.079183407,2.0672538,1.9880704,0.92387044,0.12653278,0.010460795,0.016043957,0.91340965,0.11048882,-0.80292083,0.59574288,14.288192,11.088754,158.43826,False,0.85022426,True,True,True,0.59574288,14.288192,11.088754,158.43826,0.5911201,14.376648,10.93223,157.16883,0.83379162,10.781242,1.8565608,20.016031,0.52193385,18.277377,2.6914782,49.193162,0.60135056,15.283958,4.3285212,66.156936,0.59797304,15.551014,5.3893201,83.80939,0.58680667,14.538927,5.6253991,81.787265,0.63139481,11.29779,5.7309355,64.746908
0b_baseline_last,file,19,baseline,6166,106.Horned_Puffin/Horned_Puffin_0082_100876.jpg,106,105,106.Horned_Puffin,89,88,random_erasing,random_erasing,0,"{""area_fraction"":0.13114,""erased"":true,""height"":0.555552,""left"":0.620961,""top"":0.408831,""width"":0.236054}",0.079183407,0.18056828,0.10138487,0.92387044,0.83479565,0.010460795,0.016692681,0.91340965,0.81810297,-0.095306677,0.89016012,2.1924582,11.088754,24.31163,False,0.94407761,True,True,True,0.89016012,2.1924582,11.088754,24.31163,0.88874143,2.1927232,10.93223,23.971354,0.93957297,2.1832498,1.8565608,4.053336,0.93182649,2.2046494,2.6914782,5.9337659,0.90501811,2.2917037,4.3285212,9.9196881,0.88520322,2.2533642,5.3893201,12.144101,0.88607034,2.1979071,5.6253991,12.364105,0.87683392,2.0695155,5.7309355,11.86026
0b_baseline_last,file,19,baseline,6776,116.Chipping_Sparrow/Chipping_Sparrow_0010_109760.jpg,116,115,116.Chipping_Sparrow,174,173,identity,identity,0,{},3.9750187,3.9750187,0,0.018778948,0.018778948,0.32620633,0.32620633,-0.30742738,-0.30742738,0,1,1,179.23637,179.23637,False,0.99999994,True,False,False,1,1,179.23637,179.23637,1,1,175.65375,175.65375,1,1,35.657166,35.657166,1,1,28.276942,28.276942,1,1,86.213701,86.213701,1,1,101.91482,101.91482,1,1,78.137117,78.137117,1,1,78.293126,78.293126
0b_baseline_last,file,19,baseline,6776,116.Chipping_Sparrow/Chipping_Sparrow_0010_109760.jpg,116,115,116.Chipping_Sparrow,174,173,horizontal_flip,horizontal_flip,0,"{""flipped"":true}",3.9750187,4.9394922,0.96447349,0.018778948,0.0071582342,0.32620633,0.42175868,-0.30742738,-0.41460045,-0.10717307,0.55823927,1.0815613,179.23637,193.85511,False,0.91731751,True,False,False,0.55823927,1.0815613,179.23637,193.85511,0.54712597,1.0872753,175.65375,190.98399,0.87917955,0.93222027,35.657166,33.240333,0.54872994,1.060155,28.276942,29.97794,0.5569471,1.0526439,86.213701,90.75233,0.53966434,1.0589553,101.91482,107.92324,0.45128735,1.1405085,78.137117,89.116049,0.64609592,1.1244983,78.293126,88.040484
0b_baseline_last,file,19,baseline,6776,116.Chipping_Sparrow/Chipping_Sparrow_0010_109760.jpg,116,115,116.Chipping_Sparrow,174,173,color_jitter,color_jitter,0,"{""brightness"":1.064627,""contrast"":1.008562,""hue"":-0.088131,""saturation"":1.017984}",3.9750187,7.5164928,3.5414741,0.018778948,0.00054403715,0.32620633,0.0021912742,-0.30742738,-0.001647237,0.30578014,0.27413869,1.0070816,179.23637,180.50565,False,0.79191983,False,False,False,0.27413869,1.0070816,179.23637,180.50565,0.25883071,1.0032967,175.65375,176.23283,0.61553607,1.0949278,35.657166,39.042023,0.076783743,0.82673831,28.276942,23.377631,0.095417178,0.86874642,86.213701,74.897844,0.27783669,0.95832518,101.91482,97.667541,0.25672858,1.1475536,78.137117,89.666534,0.41512161,1.092985,78.293126,85.573212
0b_baseline_last,file,19,baseline,6776,116.Chipping_Sparrow/Chipping_Sparrow_0010_109760.jpg,116,115,116.Chipping_Sparrow,174,173,rotation,rotation,0,"{""angle"":-9.110071}",3.9750187,3.5387731,-0.43624568,0.018778948,0.029048949,0.32620633,0.25745517,-0.30742738,-0.22840622,0.079021158,0.73863697,0.9097378,179.23637,163.0581,False,0.92548323,True,False,False,0.73863697,0.9097378,179.23637,163.0581,0.73225824,0.91310319,175.65375,160.39,0.91396733,0.82386498,35.657166,29.376691,0.64956,0.80289254,28.276942,22.703345,0.77028352,0.88752456,86.213701,76.516777,0.71883381,0.89429227,101.91482,91.141639,0.68834005,0.96662444,78.137117,75.529247,0.76746642,0.93363741,78.293126,73.097392
0b_baseline_last,file,19,baseline,6776,116.Chipping_Sparrow/Chipping_Sparrow_0010_109760.jpg,116,115,116.Chipping_Sparrow,174,173,random_resized_crop,random_resized_crop,0,"{""area_fraction"":0.597984,""aspect"":1.092636,""fallback"":false,""height"":0.739788,""left"":0.102527,""top"":0.076169,""width"":0.808318}",3.9750187,4.1712117,0.19619298,0.018778948,0.015433548,0.32620633,0.36007616,-0.30742738,-0.34464261,-0.037215233,0.59469731,1.1941356,179.23637,214.03253,False,0.91792166,False,False,False,0.59469731,1.1941356,179.23637,214.03253,0.58569853,1.1993975,175.65375,210.67867,0.84664064,1.0584559,35.657166,37.741539,0.45844086,1.3373718,28.276942,37.816784,0.56516298,1.358577,86.213701,117.12795,0.58937847,1.1438165,101.91482,116.57186,0.56577359,1.2016944,78.137117,93.896936,0.66828387,1.0556311,78.293126,82.648659
0b_baseline_last,file,19,baseline,6776,116.Chipping_Sparrow/Chipping_Sparrow_0010_109760.jpg,116,115,116.Chipping_Sparrow,174,173,gaussian_blur,gaussian_blur,0,"{""sigma"":1.129808}",3.9750187,6.0880737,2.113055,0.018778948,0.0022697772,0.32620633,0.070677273,-0.30742738,-0.068407496,0.23901988,0.53305636,0.88539086,179.23637,158.69424,False,0.83213806,False,False,False,0.53305636,0.88539086,179.23637,158.69424,0.5250528,0.89205701,175.65375,156.69316,0.79340895,0.70454271,35.657166,25.121997,0.13757066,1.2480841,28.276942,35.292,0.4554429,0.86354748,86.213701,74.449624,0.54200304,0.82141646,101.91482,83.714513,0.51162725,0.95710863,78.137117,74.785709,0.67133617,0.91779672,78.293126,71.857175
0b_baseline_last,file,19,baseline,6776,116.Chipping_Sparrow/Chipping_Sparrow_0010_109760.jpg,116,115,116.Chipping_Sparrow,174,173,random_erasing,random_erasing,0,"{""area_fraction"":0.090279,""erased"":true,""height"":0.398557,""left"":0.372398,""top"":0.511901,""width"":0.226515}",3.9750187,6.3138437,2.338825,0.018778948,0.0018110591,0.32620633,0.026533391,-0.30742738,-0.024722332,0.28270505,0.57499685,0.77974549,179.23637,139.75875,False,0.85161948,False,False,False,0.57499685,0.77974549,179.23637,139.75875,0.56530392,0.77822211,175.65375,136.69764,0.79998579,0.81584213,35.657166,29.090618,0.53263921,0.717389,28.276942,20.285567,0.59749679,0.65321641,86.213701,56.316204,0.54062989,0.7256601,101.91482,73.95552,0.54155577,0.86519393,78.137117,67.60376,0.61597695,0.90887336,78.293126,71.158537
0b_baseline_last,file,19,baseline,5910,101.White_Pelican/White_Pelican_0047_97190.jpg,101,100,101.White_Pelican,145,144,identity,identity,0,{},5.7814836e-05,5.7814836e-05,0,0.99994218,0.99994218,1.4037259e-05,1.4037259e-05,0.99992815,0.99992815,0,1,1,0.0099692287,0.0099692287,False,1,True,True,True,1,1,0.0099692287,0.0099692287,1,1,0.009707187,0.009707187,1,1,0.0022706918,0.0022706918,1,1,0.0023486742,0.0023486742,1,1,0.0040688136,0.0040688136,1,1,0.0046030593,0.0046030593,1,1,0.0044078361,0.0044078361,1,1,0.0056161187,0.0056161187
0b_baseline_last,file,19,baseline,5910,101.White_Pelican/White_Pelican_0047_97190.jpg,101,100,101.White_Pelican,145,144,horizontal_flip,horizontal_flip,0,"{""flipped"":true}",5.7814836e-05,0.0001386308,8.0815964e-05,0.99994218,0.99986136,1.4037259e-05,1.6866768e-05,0.99992815,0.99984449,-8.3653407e-05,0.62837002,2.3398246,0.0099692287,0.023326246,False,0.98427403,True,True,True,0.62837002,2.3398246,0.0099692287,0.023326246,0.61063978,2.3460611,0.009707187,0.022773653,0.9712437,2.2227699,0.0022706918,0.0050472255,-0.035079373,1.9163029,0.0023486742,0.0045007711,0.55815935,2.3436605,0.0040688136,0.0095359178,0.60685718,2.5034893,0.0046030593,0.01152371,0.55555713,2.3478163,0.0044078361,0.010348789,0.77272713,2.3048507,0.0056161187,0.012944315
0b_baseline_last,file,19,baseline,5910,101.White_Pelican/White_Pelican_0047_97190.jpg,101,100,101.White_Pelican,145,144,color_jitter,color_jitter,0,"{""brightness"":1.356112,""contrast"":0.703897,""hue"":-0.036751,""saturation"":0.828766}",5.7814836e-05,0.010186469,0.010128654,0.99994218,0.98986524,1.4037259e-05,0.0037878575,0.99992815,0.98607739,-0.01385076,0.63083225,205.30188,0.0099692287,2.0467014,False,0.92989248,True,True,True,0.63083225,205.30188,0.0099692287,2.0467014,0.62102923,207.7836,0.009707187,2.0169943,0.90269401,153.01465,0.0022706918,0.3474491,0.30143111,191.76664,0.0023486742,0.45039736,0.60811793,227.68559,0.0040688136,0.92641023,0.55316503,237.11372,0.0046030593,1.0914485,0.6044746,202.81726,0.0044078361,0.89398525,0.77473411,179.53978,0.0056161187,1.0083167
0b_baseline_last,file,19,baseline,5910,101.White_Pelican/White_Pelican_0047_97190.jpg,101,100,101.White_Pelican,145,144,rotation,rotation,0,"{""angle"":7.568571}",5.7814836e-05,0.00041714549,0.00035933066,0.99994218,0.99958295,1.4037259e-05,0.00010589544,0.99992815,0.99947705,-0.00045109537,0.79406043,6.7771028,0.0099692287,0.067562487,False,0.98185575,True,True,True,0.79406043,6.7771028,0.0099692287,0.067562487,0.78439999,6.7942156,0.009707187,0.065952721,0.98083046,6.4563727,0.0022706918,0.014660433,0.62287499,5.2569187,0.0023486742,0.012346789,0.78991978,6.6089005,0.0040688136,0.026890384,0.7782165,6.9376824,0.0046030593,0.031934564,0.72875828,7.377427,0.0044078361,0.032518489,0.85200949,6.6551097,0.0056161187,0.037375886
0b_baseline_last,file,19,baseline,5910,101.White_Pelican/White_Pelican_0047_97190.jpg,101,100,101.White_Pelican,145,144,random_resized_crop,random_resized_crop,0,"{""area_fraction"":0.829884,""aspect"":1.168867,""fallback"":false,""height"":0.842609,""left"":0.005293,""top"":0.01767,""width"":0.984898}",5.7814836e-05,0.00051818771,0.00046037287,0.99994218,0.99948198,1.4037259e-05,9.4900621e-05,0.99992815,0.99938708,-0.00054107082,0.78674601,8.0712889,0.0099692287,0.080464524,False,0.97898167,True,True,True,0.78674601,8.0712889,0.0099692287,0.080464524,0.77672705,8.0771953,0.009707187,0.078406845,0.97256,7.9625744,0.0022706918,0.018080552,0.76991031,7.0996176,0.0023486742,0.016674689,0.73222289,7.9863739,0.0040688136,0.032495067,0.79822979,8.1508297,0.0046030593,0.037518753,0.71296172,8.2078018,0.0044078361,0.036178645,0.82687249,8.1540631,0.0056161187,0.045794187
0b_baseline_last,file,19,baseline,5910,101.White_Pelican/White_Pelican_0047_97190.jpg,101,100,101.White_Pelican,145,144,gaussian_blur,gaussian_blur,0,"{""sigma"":1.697148}",5.7814836e-05,0.033281121,0.033223307,0.99994218,0.96726662,1.4037259e-05,0.0027911046,0.99992815,0.96447551,-0.035452632,0.63123934,557.25856,0.0099692287,5.555438,False,0.90063584,True,True,True,0.63123934,557.25856,0.0099692287,5.555438,0.62170664,563.22443,0.009707187,5.4673249,0.87798763,434.01756,0.0022706918,0.98552012,0.48472208,560.47849,0.0023486742,1.3163814,0.67916666,608.56127,0.0040688136,2.4761224,0.58713492,602.16543,0.0046030593,2.7718032,0.55562092,608.56602,0.0044078361,2.6824593,0.70547211,476.091,0.0056161187,2.6737836
0b_baseline_last,file,19,baseline,5910,101.White_Pelican/White_Pelican_0047_97190.jpg,101,100,101.White_Pelican,145,144,random_erasing,random_erasing,0,"{""area_fraction"":0.170357,""erased"":true,""height"":0.686867,""left"":0.310335,""top"":0.046378,""width"":0.248021}",5.7814836e-05,0.00052497908,0.00046716425,0.99994218,0.99947518,1.4037259e-05,1.6091315e-05,0.99992815,0.99945909,-0.00046905645,0.79450413,9.0839964,0.0099692287,0.090560437,False,0.97274399,True,True,True,0.79450413,9.0839964,0.0099692287,0.090560437,0.78723101,9.1319778,0.009707187,0.088645815,0.94812852,8.1575517,0.0022706918,0.018523286,0.83198752,9.0543235,0.0023486742,0.021265656,0.85999326,10.070712,0.0040688136,0.040975851,0.75812508,9.1077623,0.0046030593,0.04192357,0.6978299,9.125339,0.0044078361,0.040222999,0.81685818,8.6342174,0.0056161187,0.04849079
0b_baseline_last,file,19,baseline,2998,052.Pied_billed_Grebe/Pied_Billed_Grebe_0052_35937.jpg,52,51,052.Pied_billed_Grebe,46,45,identity,identity,0,{},0.0021412082,0.0021412082,0,0.99786109,0.99786109,0.0003228873,0.0003228873,0.9975382,0.9975382,0,1,1,0.35669273,0.35669273,False,0.99999988,True,True,True,1,1,0.35669273,0.35669273,1,1,0.35032399,0.35032399,1,1,0.067102926,0.067102926,1,1,0.060777631,0.060777631,1,1,0.14614206,0.14614206,1,1,0.19641002,0.19641002,1,1,0.17277992,0.17277992,1,1,0.17101369,0.17101369
0b_baseline_last,file,19,baseline,2998,052.Pied_billed_Grebe/Pied_Billed_Grebe_0052_35937.jpg,52,51,052.Pied_billed_Grebe,46,45,horizontal_flip,horizontal_flip,0,"{""flipped"":true}",0.0021412082,0.0010956482,-0.00104556,0.99786109,0.99890494,0.0003228873,0.00036555115,0.9975382,0.99853939,0.0010011923,0.75427741,0.49712397,0.35669273,0.17732051,False,0.97686541,True,True,True,0.75427741,0.49712397,0.35669273,0.17732051,0.74596757,0.49429153,0.35032399,0.17316218,0.95822288,0.56891971,0.067102926,0.038176177,0.60161808,0.48511703,0.060777631,0.029484264,0.7126732,0.46760389,0.14614206,0.068336595,0.77620823,0.50267187,0.19641002,0.098729794,0.70721001,0.48251533,0.17277992,0.08336896,0.78510451,0.51471069,0.17101369,0.088022572
0b_baseline_last,file,19,baseline,2998,052.Pied_billed_Grebe/Pied_Billed_Grebe_0052_35937.jpg,52,51,052.Pied_billed_Grebe,46,45,color_jitter,color_jitter,0,"{""brightness"":0.951998,""contrast"":1.185879,""hue"":0.084998,""saturation"":0.620447}",0.0021412082,0.50461209,0.50247088,0.99786109,0.60373974,0.0003228873,0.013045174,0.9975382,0.59069456,-0.40684364,0.69851773,193.02455,0.35669273,68.850452,False,0.87706065,True,True,True,0.69851773,193.02455,0.35669273,68.850452,0.69405839,194.00568,0.35032399,67.964846,0.85182043,164.0387,0.067102926,11.007477,0.32978062,210.84783,0.060777631,12.814832,0.62053793,198.92862,0.14614206,29.071837,0.72838608,198.05287,0.19641002,38.899568,0.7235856,198.22282,0.17277992,34.248922,0.72827564,177.71579,0.17101369,30.391833
0b_baseline_last,file,19,baseline,2998,052.Pied_billed_Grebe/Pied_Billed_Grebe_0052_35937.jpg,52,51,052.Pied_billed_Grebe,46,45,rotation,rotation,0,"{""angle"":-1.847791}",0.0021412082,0.0070269592,0.0048857511,0.99786109,0.99299765,0.0003228873,0.00032289344,0.9975382,0.99267475,-0.0048634471,0.85830147,3.5035965,0.35669273,1.2497074,False,0.98196024,True,True,True,0.85830147,3.5035965,0.35669273,1.2497074,0.85489344,3.5188943,0.35032399,1.2327531,0.97344855,3.0573105,0.067102926,0.20515448,0.77173903,3.1645393,0.060777631,0.1923332,0.81480558,3.8781936,0.14614206,0.5667672,0.86845524,3.6667505,0.19641002,0.72018656,0.85726945,3.3736119,0.17277992,0.58289239,0.88702327,3.2189376,0.17101369,0.55048238
0b_baseline_last,file,19,baseline,2998,052.Pied_billed_Grebe/Pied_Billed_Grebe_0052_35937.jpg,52,51,052.Pied_billed_Grebe,46,45,random_resized_crop,random_resized_crop,0,"{""area_fraction"":0.533397,""aspect"":0.850831,""fallback"":false,""height"":0.791779,""left"":0.05268,""top"":0.139806,""width"":0.67367}",0.0021412082,0.008995601,0.0068543928,0.99786109,0.99104476,0.0003228873,0.00021755781,0.9975382,0.9908272,-0.0067109981,0.73652933,4.6549776,0.35669273,1.6603967,False,0.93735427,True,True,True,0.73652933,4.6549776,0.35669273,1.6603967,0.73139124,4.680957,0.35032399,1.6398515,0.91806362,3.8804869,0.067102926,0.26039202,0.40126865,4.8391598,0.060777631,0.29411267,0.70727448,5.7360376,0.14614206,0.83827634,0.80004321,4.630999,0.19641002,0.90957462,0.71412668,4.3604653,0.17277992,0.75340085,0.74440428,4.1552741,0.17101369,0.71060873
0b_baseline_last,file,19,baseline,2998,052.Pied_billed_Grebe/Pied_Billed_Grebe_0052_35937.jpg,52,51,052.Pied_billed_Grebe,46,45,gaussian_blur,gaussian_blur,0,"{""sigma"":1.820548}",0.0021412082,4.826416,4.8242748,0.99786109,0.008015194,0.0003228873,0.0016056738,0.9975382,0.0064095202,-0.99112868,0.43598545,493.69862,0.35669273,176.09871,False,0.6309191,False,True,False,0.43598545,493.69862,0.35669273,176.09871,0.43336275,499.37819,0.35032399,174.94416,0.61147398,300.01587,0.067102926,20.131942,0.23942378,645.15863,0.060777631,39.211214,0.49910116,671.39707,0.14614206,98.119351,0.50957955,484.20117,0.19641002,95.101963,0.37164857,460.15622,0.17277992,79.505756,0.38550091,373.27776,0.17101369,63.835606
0b_baseline_last,file,19,baseline,2998,052.Pied_billed_Grebe/Pied_Billed_Grebe_0052_35937.jpg,52,51,052.Pied_billed_Grebe,46,45,random_erasing,random_erasing,0,"{""area_fraction"":0.132681,""erased"":true,""height"":0.270652,""left"":0.291816,""top"":0.645819,""width"":0.490227}",0.0021412082,0.068181857,0.066040649,0.99786109,0.93409061,0.0003228873,0.0081702154,0.9975382,0.9259204,-0.071617801,0.85257723,33.433405,0.35669273,11.925453,False,0.96162868,True,True,True,0.85257723,33.433405,0.35669273,11.925453,0.85011553,33.650305,0.35032399,11.788509,0.95780201,26.85535,0.067102926,1.8020726,0.82315857,32.276875,0.060777631,1.961712,0.85267174,38.412777,0.14614206,5.6137224,0.88108666,34.946446,0.19641002,6.8638323,0.83386343,32.63035,0.17277992,5.6378694,0.83879214,29.066764,0.17101369,4.9708144
0b_baseline_last,file,19,baseline,3365,058.Pigeon_Guillemot/Pigeon_Guillemot_0058_40184.jpg,58,57,058.Pigeon_Guillemot,8,7,identity,identity,0,{},0.056230437,0.056230437,0,0.94532126,0.94532126,0.023951311,0.023951311,0.92136995,0.92136995,0,1,1,8.9565929,8.9565929,False,0.99999994,True,True,True,1,1,8.9565929,8.9565929,1,1,8.7659352,8.7659352,1,1,1.8381881,1.8381881,1,1,2.2299698,2.2299698,1,1,3.7249014,3.7249014,1,1,4.6281333,4.6281333,1,1,4.1471836,4.1471836,1,1,4.4017286,4.4017286
0b_baseline_last,file,19,baseline,3365,058.Pigeon_Guillemot/Pigeon_Guillemot_0058_40184.jpg,58,57,058.Pigeon_Guillemot,8,7,horizontal_flip,horizontal_flip,0,"{""flipped"":true}",0.056230437,0.088190012,0.031959575,0.94532126,0.91558689,0.023951311,0.034764107,0.92136995,0.88082278,-0.04054717,0.65284342,1.6352998,8.9565929,14.646715,False,0.96689689,True,True,True,0.65284342,1.6352998,8.9565929,14.646715,0.64018674,1.6399227,8.7659352,14.375456,0.96369637,1.526393,1.8381881,2.8057974,0.54758981,1.3841357,2.2299698,3.0865809,0.59147793,1.8668455,3.7249014,6.9538154,0.63954533,1.6581122,4.6281333,7.6739642,0.62578811,1.6436282,4.1471836,6.8164281,0.73019209,1.4969615,4.4017286,6.5892184
0b_baseline_last,file,19,baseline,3365,058.Pigeon_Guillemot/Pigeon_Guillemot_0058_40184.jpg,58,57,058.Pigeon_Guillemot,8,7,color_jitter,color_jitter,0,"{""brightness"":0.930273,""contrast"":0.708554,""hue"":-0.096304,""saturation"":1.211491}",0.056230437,0.75729519,0.70106475,0.94532126,0.46893308,0.023951311,0.14747317,0.92136995,0.3214599,-0.59991005,0.63540596,11.33514,8.9565929,101.52424,False,0.90037471,True,True,True,0.63540596,11.33514,8.9565929,101.52424,0.62671999,11.409182,8.7659352,100.01215,0.88305759,9.4967479,1.8381881,17.456809,0.66372936,9.7623188,2.2299698,21.769676,0.49942298,12.586438,3.7249014,46.883239,0.63308433,11.943636,4.6281333,55.276738,0.65451665,11.274301,4.1471836,46.756598,0.70153802,10.382996,4.4017286,45.703132
0b_baseline_last,file,19,baseline,3365,058.Pigeon_Guillemot/Pigeon_Guillemot_0058_40184.jpg,58,57,058.Pigeon_Guillemot,8,7,rotation,rotation,0,"{""angle"":2.834544}",0.056230437,0.060429715,0.0041992776,0.94532126,0.94135994,0.023951311,0.029687552,0.92136995,0.91167239,-0.0096975658,0.81879441,1.1446955,8.9565929,10.252572,False,0.97991669,True,True,True,0.81879441,1.1446955,8.9565929,10.252572,0.81201971,1.1455639,8.7659352,10.041939,0.97584113,1.124765,1.8381881,2.0675297,0.79909384,1.506929,2.2299698,3.3604061,0.73922271,1.1134932,3.7249014,4.1476522,0.81019572,1.1314373,4.6281333,5.2364426,0.82064674,1.1183401,4.1471836,4.6379619,0.87567242,1.0992998,4.4017286,4.8388195
0b_baseline_last,file,19,baseline,3365,058.Pigeon_Guillemot/Pigeon_Guillemot_0058_40184.jpg,58,57,058.Pigeon_Guillemot,8,7,random_resized_crop,random_resized_crop,0,"{""area_fraction"":0.608079,""aspect"":0.986413,""fallback"":false,""height"":0.785147,""left"":0.024088,""top"":0.082795,""width"":0.774479}",0.056230437,1.3561805,1.2999501,0.94532126,0.25764295,0.023951311,0.19225891,0.92136995,0.065384045,-0.85598591,0.67511135,14.090268,8.9565929,126.20079,False,0.91187954,True,True,True,0.67511135,14.090268,8.9565929,126.20079,0.66685476,14.148585,8.7659352,124.02558,0.88826411,12.691934,1.8381881,23.330162,0.75443011,17.182735,2.2299698,38.31698,0.62758795,15.403135,3.7249014,57.375159,0.66888389,14.443157,4.6281333,66.844856,0.65548077,13.498509,4.1471836,55.980797,0.6916334,12.485089,4.4017286,54.955975
0b_baseline_last,file,19,baseline,3365,058.Pigeon_Guillemot/Pigeon_Guillemot_0058_40184.jpg,58,57,058.Pigeon_Guillemot,8,7,gaussian_blur,gaussian_blur,0,"{""sigma"":1.86946}",0.056230437,1.5681463,1.5119159,0.94532126,0.20843118,0.023951311,0.36180678,0.92136995,-0.1533756,-1.0747455,0.5728229,16.711055,8.9565929,149.67411,False,0.8443048,False,True,False,0.5728229,16.711055,8.9565929,149.67411,0.56366315,16.829353,8.7659352,147.52502,0.83913912,13.748692,1.8381881,25.272682,0.55319162,18.265271,2.2299698,40.731004,0.42899482,17.760286,3.7249014,66.155314,0.62341933,16.731742,4.6281333,77.436733,0.57089656,17.512373,4.1471836,72.627028,0.60432667,15.166872,4.4017286,66.760454
0b_baseline_last,file,19,baseline,3365,058.Pigeon_Guillemot/Pigeon_Guillemot_0058_40184.jpg,58,57,058.Pigeon_Guillemot,8,7,random_erasing,random_erasing,0,"{""area_fraction"":0.111611,""erased"":true,""height"":0.248114,""left"":0.419842,""top"":0.329809,""width"":0.449839}",0.056230437,0.30460334,0.2483729,0.94532126,0.73741585,0.023951311,0.048443314,0.92136995,0.68897254,-0.23239741,0.78141822,4.9996825,8.9565929,44.78012,False,0.95252264,True,True,True,0.78141822,4.9996825,8.9565929,44.78012,0.77694348,5.0364543,8.7659352,44.149232,0.92418865,4.0748253,1.8381881,7.4902953,0.82088626,6.2006218,2.2299698,13.827199,0.80768908,5.8624982,3.7249014,21.837227,0.80016555,5.1210081,4.6281333,23.700708,0.7409855,4.6434198,4.1471836,19.257115,0.76331773,4.2413317,4.4017286,18.669191
0b_baseline_last,file,19,baseline,10968,187.American_Three_toed_Woodpecker/American_Three_Toed_Woodpecker_0008_179850.jpg,187,186,187.American_Three_toed_Woodpecker,56,55,identity,identity,0,{},0.79118681,0.79118681,0,0.4533065,0.4533065,0.17453764,0.17453764,0.27876885,0.27876885,0,1,1,121.45638,121.45638,False,1,True,True,True,1,1,121.45638,121.45638,1,1,120.28185,120.28185,1,1,16.850167,16.850167,1,1,21.798319,21.798319,1,1,61.221704,61.221704,1,1,75.1996,75.1996,1,1,52.637465,52.637465,1,1,42.647127,42.647127
0b_baseline_last,file,19,baseline,10968,187.American_Three_toed_Woodpecker/American_Three_Toed_Woodpecker_0008_179850.jpg,187,186,187.American_Three_toed_Woodpecker,56,55,horizontal_flip,horizontal_flip,0,"{""flipped"":true}",0.79118681,0.67663109,-0.11455572,0.4533065,0.50832659,0.17453764,0.05381399,0.27876885,0.4545126,0.17574375,0.79431525,0.95308797,121.45638,115.75861,False,0.96956861,True,True,True,0.79431525,0.95308797,121.45638,115.75861,0.79180315,0.95251168,120.28185,114.56987,0.9188384,0.98200542,16.850167,16.546955,0.80237457,1.0176488,21.798319,22.183033,0.79657262,0.90632747,61.221704,55.486912,0.81138466,0.96981658,75.1996,72.929819,0.7663016,0.96887119,52.637465,50.998924,0.75988062,0.94834186,42.647127,40.444055
0b_baseline_last,file,19,baseline,10968,187.American_Three_toed_Woodpecker/American_Three_Toed_Woodpecker_0008_179850.jpg,187,186,187.American_Three_toed_Woodpecker,56,55,color_jitter,color_jitter,0,"{""brightness"":0.818365,""contrast"":1.243664,""hue"":0.088741,""saturation"":1.148367}",0.79118681,3.0680189,2.2768321,0.4533065,0.046513207,0.17453764,0.016394954,0.27876885,0.030118253,-0.2486506,0.64775891,2.2097919,121.45638,268.39332,False,0.86954159,False,True,False,0.64775891,2.2097919,121.45638,268.39332,0.64787996,2.2059347,120.28185,265.33391,0.64429927,2.3981381,16.850167,40.409027,0.45948768,1.8483876,21.798319,40.291744,0.65161339,1.9248391,61.221704,117.84193,0.77486382,2.1047993,75.1996,158.28006,0.60708784,2.4499329,52.637465,128.95826,0.45466909,2.6949291,42.647127,114.93098
0b_baseline_last,file,19,baseline,10968,187.American_Three_toed_Woodpecker/American_Three_Toed_Woodpecker_0008_179850.jpg,187,186,187.American_Three_toed_Woodpecker,56,55,rotation,rotation,0,"{""angle"":12.595579}",0.79118681,0.73956037,-0.051626444,0.4533065,0.47732371,0.17453764,0.011721362,0.27876885,0.46560235,0.1868335,0.75411004,1.0156814,121.45638,123.36098,False,0.93574548,True,True,True,0.75411004,1.0156814,121.45638,123.36098,0.75194002,1.0177927,120.28185,122.422,0.8843931,0.90157471,16.850167,15.191684,0.75491393,1.0832023,21.798319,23.61199,0.71016755,0.9742365,61.221704,59.644418,0.78267181,1.0433404,75.1996,78.458779,0.7570842,1.0099153,52.637465,53.159381,0.73041969,1.0195165,42.647127,43.479451
0b_baseline_last,file,19,baseline,10968,187.American_Three_toed_Woodpecker/American_Three_Toed_Woodpecker_0008_179850.jpg,187,186,187.American_Three_toed_Woodpecker,56,55,random_resized_crop,random_resized_crop,0,"{""area_fraction"":0.619586,""aspect"":0.904162,""fallback"":false,""height"":0.827804,""left"":0.241872,""top"":0.007224,""width"":0.748469}",0.79118681,0.73116082,-0.06002599,0.4533065,0.48134992,0.17453764,0.035676103,0.27876885,0.44567381,0.16690496,0.76832659,0.80875808,121.45638,98.228827,False,0.94988716,True,True,True,0.76832659,0.80875808,121.45638,98.228827,0.76516174,0.80665054,120.28185,97.025421,0.91676342,0.90970848,16.850167,15.32874,0.75219077,1.0025155,21.798319,21.853154,0.74767223,0.79180946,61.221704,48.475924,0.79463123,0.76700976,75.1996,57.678828,0.75022434,0.80236129,52.637465,42.234265,0.75563656,0.90081421,42.647127,38.417138
0b_baseline_last,file,19,baseline,10968,187.American_Three_toed_Woodpecker/American_Three_Toed_Woodpecker_0008_179850.jpg,187,186,187.American_Three_toed_Woodpecker,56,55,gaussian_blur,gaussian_blur,0,"{""sigma"":1.931163}",0.79118681,4.161643,3.3704562,0.4533065,0.015581937,0.17453764,0.0058328267,0.27876885,0.0097491099,-0.26901974,0.43049852,1.9689067,121.45638,239.13628,False,0.71342635,False,True,False,0.43049852,1.9689067,121.45638,239.13628,0.42720939,1.9760089,120.28185,237.67801,0.65370779,1.5649093,16.850167,26.368983,0.29094702,1.9655558,21.798319,42.845813,0.45146375,1.9377053,61.221704,118.62962,0.4480868,2.0119663,75.1996,151.29907,0.37825311,1.9961988,52.637465,105.07485,0.42337426,1.9121398,42.647127,81.547267
0b_baseline_last,file,19,baseline,10968,187.American_Three_toed_Woodpecker/American_Three_Toed_Woodpecker_0008_179850.jpg,187,186,187.American_Three_toed_Woodpecker,56,55,random_erasing,random_erasing,0,"{""area_fraction"":0.164532,""erased"":true,""height"":0.547697,""left"":0.623611,""top"":0.155398,""width"":0.300407}",0.79118681,0.52642626,-0.26476055,0.4533065,0.59071225,0.17453764,0.049522713,0.27876885,0.54118954,0.26242068,0.77557178,0.84121026,121.45638,102.17035,False,0.92934191,True,True,True,0.77557178,0.84121026,121.45638,102.17035,0.77362083,0.84337353,120.28185,101.44253,0.90077257,0.72245568,16.850167,12.173499,0.75481595,0.76710233,21.798319,16.721542,0.75599704,0.84023371,61.221704,51.44054,0.80183246,0.8567315,75.1996,64.425866,0.76364664,0.8189998,52.637465,43.110074,0.74250846,0.86335288,42.647127,36.81952
0b_baseline_last,file,19,baseline,10980,187.American_Three_toed_Woodpecker/American_Three_Toed_Woodpecker_0013_179833.jpg,187,186,187.American_Three_toed_Woodpecker,190,189,identity,identity,0,{},0.024491949,0.024491949,0,0.97580552,0.97580552,0.01595567,0.01595567,0.95984985,0.95984985,0,1,1,6.2528375,6.2528375,False,1,True,True,True,1,1,6.2528375,6.2528375,1,1,6.2032956,6.2032956,1,1,0.7855574,0.7855574,1,1,1.9592007,1.9592007,1,1,2.8853596,2.8853596,1,1,3.4464425,3.4464425,1,1,3.0269341,3.0269341,1,1,2.2971313,2.2971313
0b_baseline_last,file,19,baseline,10980,187.American_Three_toed_Woodpecker/American_Three_Toed_Woodpecker_0013_179833.jpg,187,186,187.American_Three_toed_Woodpecker,190,189,horizontal_flip,horizontal_flip,0,"{""flipped"":true}",0.024491949,0.010600686,-0.013891263,0.97580552,0.98945528,0.01595567,0.0092854062,0.95984985,0.98016988,0.020320025,0.7725211,0.46970841,6.2528375,2.9370103,False,0.96985906,True,True,True,0.7725211,0.46970841,6.2528375,2.9370103,0.76920152,0.46823393,6.2032956,2.9045935,0.95822776,0.55395383,0.7855574,0.43516253,0.89018974,0.43346195,1.9592007,0.84923898,0.72865817,0.46889562,2.8853596,1.3529325,0.78243401,0.46866271,3.4464425,1.6152191,0.74472831,0.45835183,3.0269341,1.3874008,0.76801201,0.50603046,2.2971313,1.1624184
0b_baseline_last,file,19,baseline,10980,187.American_Three_toed_Woodpecker/American_Three_Toed_Woodpecker_0013_179833.jpg,187,186,187.American_Three_toed_Woodpecker,190,189,color_jitter,color_jitter,0,"{""brightness"":0.605468,""contrast"":0.828856,""hue"":-0.047042,""saturation"":0.814021}",0.024491949,0.0034954185,-0.020996531,0.97580552,0.99651068,0.01595567,0.0026689135,0.95984985,0.99384177,0.03399192,0.82521212,0.16266927,6.2528375,1.0171445,False,0.95733762,True,True,True,0.82521212,0.16266927,6.2528375,1.0171445,0.82305807,0.16246927,6.2032956,1.0078449,0.95227171,0.17468897,0.7855574,0.13722822,0.86225416,0.25316095,1.9592007,0.49599311,0.83086057,0.18074843,2.8853596,0.5215242,0.85302766,0.13635597,3.4464425,0.46994301,0.83729548,0.13505856,3.0269341,0.40881336,0.84069527,0.14423664,2.2971313,0.33133051
0b_baseline_last,file,19,baseline,10980,187.American_Three_toed_Woodpecker/American_Three_Toed_Woodpecker_0013_179833.jpg,187,186,187.American_Three_toed_Woodpecker,190,189,rotation,rotation,0,"{""angle"":5.639044}",0.024491949,0.11442045,0.089928502,0.97580552,0.8918829,0.01595567,0.089263909,0.95984985,0.80261899,-0.15723086,0.86497118,5.3953158,6.2528375,33.736033,False,0.94663304,True,True,True,0.86497118,5.3953158,6.2528375,33.736033,0.86393163,5.4022191,6.2032956,33.511562,0.93909868,4.9458503,0.7855574,3.8852493,0.92425136,6.0525251,1.9592007,11.858112,0.85067136,5.2486369,2.8853596,15.144205,0.86151441,5.5226961,3.4464425,19.033654,0.86356896,5.3140288,3.0269341,16.085215,0.84827446,5.0024357,2.2971313,11.491252
0b_baseline_last,file,19,baseline,10980,187.American_Three_toed_Woodpecker/American_Three_Toed_Woodpecker_0013_179833.jpg,187,186,187.American_Three_toed_Woodpecker,190,189,random_resized_crop,random_resized_crop,0,"{""area_fraction"":0.747538,""aspect"":0.930792,""fallback"":false,""height"":0.89617,""left"":0.077531,""top"":0.033457,""width"":0.834148}",0.024491949,0.091943599,0.06745165,0.97580552,0.91215658,0.01595567,0.066112936,0.95984985,0.84604365,-0.1138062,0.86998128,4.0730705,6.2528375,25.468248,False,0.97703505,True,True,True,0.86998128,4.0730705,6.2528375,25.468248,0.86841586,4.0765653,6.2032956,25.288139,0.97478766,3.8488778,0.7855574,3.0235144,0.86734618,3.4040127,1.9592007,6.6691441,0.87359464,4.0786764,2.8853596,11.768448,0.86807278,4.2390493,3.4464425,14.60964,0.86088114,4.1027438,3.0269341,12.418735,0.88495167,4.1033814,2.2971313,9.4260059
0b_baseline_last,file,19,baseline,10980,187.American_Three_toed_Woodpecker/American_Three_Toed_Woodpecker_0013_179833.jpg,187,186,187.American_Three_toed_Woodpecker,190,189,gaussian_blur,gaussian_blur,0,"{""sigma"":1.736971}",0.024491949,0.01641437,-0.0080775786,0.97580552,0.98371959,0.01595567,0.0027999398,0.95984985,0.98091965,0.021069796,0.5078775,0.54033139,6.2528375,3.3786044,False,0.87931615,True,True,True,0.5078775,0.54033139,6.2528375,3.3786044,0.50285855,0.53843296,6.2032956,3.3400588,0.77654699,0.64781484,0.7855574,0.50889574,0.61396986,0.41521838,1.9592007,0.81349615,0.60743798,0.51464012,2.8853596,1.4849218,0.4280225,0.52555446,3.4464425,1.8112932,0.4524832,0.57371526,3.0269341,1.7365983,0.5511907,0.61451366,2.2971313,1.4116186
0b_baseline_last,file,19,baseline,10980,187.American_Three_toed_Woodpecker/American_Three_Toed_Woodpecker_0013_179833.jpg,187,186,187.American_Three_toed_Woodpecker,190,189,random_erasing,random_erasing,0,"{""area_fraction"":0.182388,""erased"":true,""height"":0.43929,""left"":0.333187,""top"":0.235824,""width"":0.415189}",0.024491949,0.1983446,0.17385265,0.97580552,0.82008719,0.01595567,0.017016824,0.95984985,0.80307037,-0.15677948,0.60817881,4.6938396,6.2528375,29.349816,False,0.86179852,True,True,True,0.60817881,4.6938396,6.2528375,29.349816,0.60552939,4.6728091,6.2032956,28.986816,0.75525802,5.8579596,0.7855574,4.6017635,0.6784602,2.6716768,1.9592007,5.2343511,0.63457494,4.4760034,2.8853596,12.914879,0.60361498,4.7438481,3.4464425,16.3494,0.60379257,4.5711504,3.0269341,13.836571,0.60367061,5.957592,2.2971313,13.685371
0b_baseline_last,file,19,baseline,9585,163.Cape_May_Warbler/Cape_May_Warbler_0040_163036.jpg,163,162,163.Cape_May_Warbler,182,181,identity,identity,0,{},0.061917976,0.061917976,0,0.93996,0.93996,0.02546883,0.02546883,0.91449117,0.91449117,0,1,1,8.4224709,8.4224709,False,0.99999988,True,True,True,1,1,8.4224709,8.4224709,1,1,8.2648251,8.2648251,1,1,1.6219378,1.6219378,1,1,1.6792337,1.6792337,1,1,3.7582667,3.7582667,1,1,4.3583338,4.3583338,1,1,3.8517393,3.8517393,1,1,4.1871197,4.1871197
0b_baseline_last,file,19,baseline,9585,163.Cape_May_Warbler/Cape_May_Warbler_0040_163036.jpg,163,162,163.Cape_May_Warbler,182,181,horizontal_flip,horizontal_flip,0,"{""flipped"":true}",0.061917976,0.009539024,-0.052378952,0.93996,0.99050635,0.02546883,0.0071391091,0.91449117,0.98336724,0.068876069,0.72751436,0.18488675,8.4224709,1.5572033,False,0.97465545,True,True,True,0.72751436,0.18488675,8.4224709,1.5572033,0.71812679,0.18322133,8.2648251,1.5142923,0.94100786,0.22383345,1.6219378,0.36304394,0.63910369,0.15496934,1.6792337,0.26022973,0.7067006,0.16804906,3.7582667,0.63157318,0.71033404,0.18098946,4.3583338,0.78881247,0.6845158,0.18705181,3.8517393,0.72047479,0.77591985,0.19768928,4.1871197,0.82774868
0b_baseline_last,file,19,baseline,9585,163.Cape_May_Warbler/Cape_May_Warbler_0040_163036.jpg,163,162,163.Cape_May_Warbler,182,181,color_jitter,color_jitter,0,"{""brightness"":0.739245,""contrast"":1.133355,""hue"":0.09251,""saturation"":0.999682}",0.061917976,0.56646752,0.50454955,0.93996,0.5675267,0.02546883,0.061398659,0.91449117,0.50612804,-0.40836313,0.51644734,8.2508859,8.4224709,69.492847,False,0.88461858,True,True,True,0.51644734,8.2508859,8.4224709,69.492847,0.5077613,8.3158479,8.2648251,68.729029,0.83118083,6.3350363,1.6219378,10.275035,0.11153932,6.5750933,1.6792337,11.041118,0.41550079,8.7634302,3.7582667,32.935308,0.50476198,8.690811,4.3583338,37.877455,0.50756237,8.446112,3.8517393,32.532221,0.65677114,7.6424538,4.1871197,31.999869
0b_baseline_last,file,19,baseline,9585,163.Cape_May_Warbler/Cape_May_Warbler_0040_163036.jpg,163,162,163.Cape_May_Warbler,182,181,rotation,rotation,0,"{""angle"":9.799704}",0.061917976,0.11708099,0.055163018,0.93996,0.88951313,0.02546883,0.073721513,0.91449117,0.81579162,-0.098699551,0.83963908,1.8918209,8.4224709,15.933806,False,0.97804528,True,True,True,0.83963908,1.8918209,8.4224709,15.933806,0.83478946,1.8829902,8.2648251,15.562585,0.95725217,2.108204,1.6219378,3.4193758,0.78821559,1.7165156,1.6792337,2.8824308,0.84218286,1.8370386,3.7582667,6.9040812,0.84140992,1.8388964,4.3583338,8.0145242,0.81195872,1.9152215,3.8517393,7.3769338,0.84965267,1.9631511,4.1871197,8.2199488
0b_baseline_last,file,19,baseline,9585,163.Cape_May_Warbler/Cape_May_Warbler_0040_163036.jpg,163,162,163.Cape_May_Warbler,182,181,random_resized_crop,random_resized_crop,0,"{""area_fraction"":0.571277,""aspect"":1.248873,""fallback"":false,""height"":0.676339,""left"":0.087056,""top"":0.099264,""width"":0.844661}",0.061917976,0.17700097,0.11508299,0.93996,0.83777899,0.02546883,0.047894806,0.91449117,0.78988418,-0.12460699,0.79337101,3.0322103,8.4224709,25.538703,False,0.95566827,True,True,True,0.79337101,3.0322103,8.4224709,25.538703,0.78842377,3.0441405,8.2648251,25.159289,0.94337282,2.7040704,1.6219378,4.385834,0.74064303,2.7919443,1.6792337,4.6883268,0.83608926,3.3095089,3.7582667,12.438017,0.79522032,3.0971989,4.3583338,13.498627,0.74034461,3.1350837,3.8517393,12.075525,0.79729143,2.7049161,4.1871197,11.325807
0b_baseline_last,file,19,baseline,9585,163.Cape_May_Warbler/Cape_May_Warbler_0040_163036.jpg,163,162,163.Cape_May_Warbler,182,181,gaussian_blur,gaussian_blur,0,"{""sigma"":1.899014}",0.061917976,1.0030694,0.94115143,0.93996,0.36675197,0.02546883,0.10436539,0.91449117,0.26238658,-0.65210459,0.51304294,14.86102,8.4224709,125.16651,False,0.80287218,True,True,True,0.51304294,14.86102,8.4224709,125.16651,0.50759018,15.011088,8.2648251,124.06402,0.75836486,10.22008,1.6219378,16.576334,0.34566324,21.319416,1.6792337,35.800281,0.49483299,13.819051,3.7582667,51.935679,0.52690496,16.801813,4.3583338,73.227911,0.50056595,16.42387,3.8517393,63.260465,0.59607998,10.809933,4.1871197,45.262484
0b_baseline_last,file,19,baseline,9585,163.Cape_May_Warbler/Cape_May_Warbler_0040_163036.jpg,163,162,163.Cape_May_Warbler,182,181,random_erasing,random_erasing,0,"{""area_fraction"":0.169377,""erased"":true,""height"":0.417994,""left"":0.454695,""top"":0.397946,""width"":0.405213}",0.061917976,0.3563256,0.29440762,0.93996,0.70024461,0.02546883,0.0025225035,0.91449117,0.6977221,-0.21676907,0.63636756,5.9176948,8.4224709,49.841613,False,0.87756354,True,True,True,0.63636756,5.9176948,8.4224709,49.841613,0.63290002,5.9719081,8.2648251,49.356776,0.79698062,4.2757856,1.6219378,6.9350583,0.56211838,6.117831,1.6792337,10.273268,0.71952818,6.1618728,3.7582667,23.157961,0.64906875,6.0213017,4.3583338,26.242843,0.56379808,6.2830832,3.8517393,24.200798,0.61865167,5.4455572,4.1871197,22.8012
0b_baseline_last,file,19,baseline,5511,095.Baltimore_Oriole/Baltimore_Oriole_0020_87066.jpg,95,94,095.Baltimore_Oriole,96,95,identity,identity,0,{},0.20241338,0.20241338,0,0.8167572,0.8167572,0.057188317,0.057188317,0.75956888,0.75956888,0,1,1,31.88608,31.88608,False,1,True,True,True,1,1,31.88608,31.88608,1,1,31.33655,31.33655,1,1,5.8942984,5.8942984,1,1,6.3076117,6.3076117,1,1,13.696144,13.696144,1,1,17.549613,17.549613,1,1,15.068021,15.068021,1,1,14.818057,14.818057
0b_baseline_last,file,19,baseline,5511,095.Baltimore_Oriole/Baltimore_Oriole_0020_87066.jpg,95,94,095.Baltimore_Oriole,96,95,horizontal_flip,horizontal_flip,0,"{""flipped"":true}",0.20241338,0.33611026,0.13369688,0.8167572,0.7145443,0.057188317,0.21608236,0.75956888,0.49846193,-0.26110695,0.57482251,1.6614531,31.88608,52.977225,False,0.9431383,True,True,True,0.57482251,1.6614531,31.88608,52.977225,0.56237197,1.6505498,31.33655,51.722535,0.88095652,1.9445045,5.8942984,11.46149,0.48581878,1.7150718,6.3076117,10.818007,0.56512286,1.7560748,13.696144,24.051454,0.55885887,1.5312381,17.549613,26.872636,0.49366203,1.6137563,15.068021,24.316114,0.64772007,1.741991,14.818057,25.812922
0b_baseline_last,file,19,baseline,5511,095.Baltimore_Oriole/Baltimore_Oriole_0020_87066.jpg,95,94,095.Baltimore_Oriole,96,95,color_jitter,color_jitter,0,"{""brightness"":1.240933,""contrast"":1.115647,""hue"":-0.021031,""saturation"":1.149328}",0.20241338,0.24918436,0.046770975,0.8167572,0.77943629,0.057188317,0.10114079,0.75956888,0.6782955,-0.081273384,0.67412823,1.1223456,31.88608,35.787202,False,0.96169293,True,True,True,0.67412823,1.1223456,31.88608,35.787202,0.66507008,1.1219134,31.33655,35.156896,0.92735212,1.1344926,5.8942984,6.6870377,0.11211243,1.0610356,6.3076117,6.6926004,0.4591054,1.0510175,13.696144,14.394887,0.67981571,1.0503948,17.549613,18.434023,0.74266353,1.2510599,15.068021,18.850997,0.82030072,1.1469122,14.818057,16.995011
0b_baseline_last,file,19,baseline,5511,095.Baltimore_Oriole/Baltimore_Oriole_0020_87066.jpg,95,94,095.Baltimore_Oriole,96,95,rotation,rotation,0,"{""angle"":-1.036821}",0.20241338,0.34480506,0.14239168,0.8167572,0.70835847,0.057188317,0.10318173,0.75956888,0.60517673,-0.15439215,0.88393329,1.4744031,31.88608,47.012936,False,0.98779571,True,True,True,0.88393329,1.4744031,31.88608,47.012936,0.88072597,1.4734595,31.33655,46.173136,0.97307728,1.5008298,5.8942984,8.8463387,0.74143891,1.3620057,6.3076117,8.5910033,0.83996074,1.4782662,13.696144,20.246547,0.90136215,1.4099295,17.549613,24.743717,0.88256119,1.5042632,15.068021,22.666271,0.91072639,1.5421802,14.818057,22.852114
0b_baseline_last,file,19,baseline,5511,095.Baltimore_Oriole/Baltimore_Oriole_0020_87066.jpg,95,94,095.Baltimore_Oriole,96,95,random_resized_crop,random_resized_crop,0,"{""area_fraction"":0.544803,""aspect"":1.327849,""fallback"":false,""height"":0.640539,""left"":0.133008,""top"":0.11893,""width"":0.850539}",0.20241338,0.34138745,0.13897407,0.8167572,0.71078342,0.057188317,0.18466225,0.75956888,0.52612117,-0.23344772,0.69619987,1.8085678,31.88608,57.668138,False,0.93268037,True,True,True,0.69619987,1.8085678,31.88608,57.668138,0.68938849,1.8081424,31.33655,56.660943,0.88742206,1.8205516,5.8942984,10.730874,0.7065466,1.7470578,6.3076117,11.019762,0.61496654,1.9046004,13.696144,26.085682,0.72827049,1.7767016,17.549613,31.180426,0.66303922,1.7630162,15.068021,26.565165,0.72730029,1.8241465,14.818057,27.030308
0b_baseline_last,file,19,baseline,5511,095.Baltimore_Oriole/Baltimore_Oriole_0020_87066.jpg,95,94,095.Baltimore_Oriole,96,95,gaussian_blur,gaussian_blur,0,"{""sigma"":1.324853}",0.20241338,1.4186476,1.2162343,0.8167572,0.24204113,0.057188317,0.0091857277,0.75956888,0.2328554,-0.52671349,0.60301994,4.836829,31.88608,154.22752,False,0.91329789,True,True,True,0.60301994,4.836829,31.88608,154.22752,0.59728638,4.8707592,31.33655,152.63279,0.83338879,3.7530266,5.8942984,22.121459,0.559457,5.3360622,6.3076117,33.657808,0.48141942,4.5635481,13.696144,62.503013,0.56323893,4.7559565,17.549613,83.465197,0.64370874,5.4851585,15.068021,82.650486,0.70660564,4.506756,14.818057,66.781369
0b_baseline_last,file,19,baseline,5511,095.Baltimore_Oriole/Baltimore_Oriole_0020_87066.jpg,95,94,095.Baltimore_Oriole,96,95,random_erasing,random_erasing,0,"{""area_fraction"":0.065563,""erased"":true,""height"":0.401873,""left"":0.817643,""top"":0.103269,""width"":0.163145}",0.20241338,0.45216867,0.24975529,0.8167572,0.63624686,0.057188317,0.082188725,0.75956888,0.55405813,-0.20551075,0.93739088,1.9811801,31.88608,63.172067,False,0.98626626,True,True,True,0.93739088,1.9811801,31.88608,63.172067,0.9359872,1.9858303,31.33655,62.229071,0.98255512,1.8449038,5.8942984,10.874413,0.89285515,1.9271491,6.3076117,12.155708,0.93200851,1.932979,13.696144,26.474359,0.95154924,2.021341,17.549613,35.473754,0.9309444,2.0195045,15.068021,30.429937,0.9307002,1.9552511,14.818057,28.973023
0b_baseline_last,file,19,baseline,1671,030.Fish_Crow/Fish_Crow_0003_25970.jpg,30,29,030.Fish_Crow,29,28,identity,identity,0,{},0.16671941,0.16671941,0,0.8464371,0.8464371,0.11114778,0.11114778,0.73528931,0.73528931,0,1,1,33.639734,33.639734,False,1,True,True,True,1,1,33.639734,33.639734,1,1,32.996879,32.996879,1,1,6.5450493,6.5450493,1,1,9.7531021,9.7531021,1,1,15.183731,15.183731,1,1,17.15021,17.15021,1,1,16.103315,16.103315,1,1,14.480292,14.480292
0b_baseline_last,file,19,baseline,1671,030.Fish_Crow/Fish_Crow_0003_25970.jpg,30,29,030.Fish_Crow,29,28,horizontal_flip,horizontal_flip,0,"{""flipped"":true}",0.16671941,1.4362559,1.2695365,0.8464371,0.2378165,0.11114778,0.12627065,0.73528931,0.11154585,-0.62374347,0.46037922,4.7278716,33.639734,159.04434,False,0.95234287,False,True,False,0.46037922,4.7278716,33.639734,159.04434,0.44915226,4.732963,32.996879,156.17301,0.75438865,4.5965727,6.5450493,30.084795,0.62886045,4.5068242,9.7531021,43.955516,0.40265214,4.3429446,15.183731,65.942104,0.47614583,5.1310039,17.15021,87.997792,0.38995888,4.5521704,16.103315,73.305034,0.45245136,4.8794838,14.480292,70.656352
0b_baseline_last,file,19,baseline,1671,030.Fish_Crow/Fish_Crow_0003_25970.jpg,30,29,030.Fish_Crow,29,28,color_jitter,color_jitter,0,"{""brightness"":1.206129,""contrast"":0.671023,""hue"":-0.027485,""saturation"":1.248787}",0.16671941,0.88198555,0.71526614,0.8464371,0.41396016,0.11114778,0.29379931,0.73528931,0.12016085,-0.61512846,0.80144668,3.3645802,33.639734,113.18358,False,0.94328606,True,True,True,0.80144668,3.3645802,33.639734,113.18358,0.79681791,3.3630942,32.996879,110.97161,0.91779628,3.402133,6.5450493,22.267128,0.78154564,2.627388,9.7531021,25.625183,0.78190132,3.3644167,15.183731,51.084398,0.83429834,3.7446537,17.15021,64.221596,0.79469428,3.1510253,16.103315,50.741954,0.78029139,3.3472599,14.480292,48.469302
0b_baseline_last,file,19,baseline,1671,030.Fish_Crow/Fish_Crow_0003_25970.jpg,30,29,030.Fish_Crow,29,28,rotation,rotation,0,"{""angle"":0.91661}",0.16671941,0.3377983,0.17107889,0.8464371,0.71333915,0.11114778,0.098685496,0.73528931,0.61465365,-0.12063566,0.7861392,1.8899412,33.639734,63.57712,False,0.98309541,True,True,True,0.7861392,1.8899412,33.639734,63.57712,0.78218434,1.9006892,32.996879,62.716812,0.91803426,1.5925952,6.5450493,10.423614,0.7699855,2.1887176,9.7531021,21.346786,0.72134189,1.9462066,15.183731,29.550678,0.79512711,1.8866359,17.15021,32.356201,0.79886547,1.8440102,16.103315,29.694678,0.82752015,1.7952423,14.480292,25.995634
0b_baseline_last,file,19,baseline,1671,030.Fish_Crow/Fish_Crow_0003_25970.jpg,30,29,030.Fish_Crow,29,28,random_resized_crop,random_resized_crop,0,"{""area_fraction"":0.529105,""aspect"":0.901039,""fallback"":false,""height"":0.7663,""left"":0.00844,""top"":0.12147,""width"":0.690467}",0.16671941,1.8280418,1.6613224,0.8464371,0.16072801,0.11114778,0.079139665,0.73528931,0.081588343,-0.65370097,0.54580947,5.1041312,33.639734,171.70162,False,0.91010875,False,True,False,0.54580947,5.1041312,33.639734,171.70162,0.5423422,5.1530734,32.996879,170.03534,0.7024425,3.6459176,6.5450493,23.862711,0.47652079,6.1096685,9.7531021,59.588221,0.41596095,5.1192719,15.183731,77.729647,0.61355676,5.1321217,17.15021,88.016963,0.57899799,4.956499,16.103315,79.816065,0.57897209,4.9807909,14.480292,72.123308
0b_baseline_last,file,19,baseline,1671,030.Fish_Crow/Fish_Crow_0003_25970.jpg,30,29,030.Fish_Crow,29,28,gaussian_blur,gaussian_blur,0,"{""sigma"":1.223101}",0.16671941,1.4655896,1.2988702,0.8464371,0.23094177,0.11114778,0.10357905,0.73528931,0.12736272,-0.60792659,0.51125119,5.7382092,33.639734,193.03183,False,0.93879509,False,True,False,0.51125119,5.7382092,33.639734,193.03183,0.50605655,5.8069498,32.996879,191.61122,0.78597408,3.5715236,6.5450493,23.375798,0.21892287,5.2291646,9.7531021,51.000576,0.33077732,5.9862016,15.183731,90.892875,0.5630448,6.5603703,17.15021,112.51173,0.59670615,5.4777032,16.103315,88.209181,0.65720682,5.0806952,14.480292,73.569951
0b_baseline_last,file,19,baseline,1671,030.Fish_Crow/Fish_Crow_0003_25970.jpg,30,29,030.Fish_Crow,29,28,random_erasing,random_erasing,0,"{""area_fraction"":0.146178,""erased"":true,""height"":0.568657,""left"":0.256392,""top"":0.314574,""width"":0.257059}",0.16671941,0.033977102,-0.1327423,0.8464371,0.96659362,0.11114778,0.0045334012,0.73528931,0.96206022,0.22677091,0.55890801,0.20081362,33.639734,6.7553169,False,0.92231345,True,True,True,0.55890801,0.20081362,33.639734,6.7553169,0.55128936,0.20180409,32.996879,6.6589052,0.78987422,0.1737539,6.5450493,1.1372279,0.62451926,0.18809767,9.7531021,1.8345358,0.39877352,0.1957458,15.183731,2.9721515,0.64100005,0.20688686,17.15021,3.548153,0.52950621,0.20309724,16.103315,3.2705388,0.58172696,0.20551401,14.480292,2.9759029
0b_baseline_last,file,19,baseline,3774,065.Slaty_backed_Gull/Slaty_Backed_Gull_0002_53238.jpg,65,64,065.Slaty_backed_Gull,66,65,identity,identity,0,{},0.0065484932,0.0065484932,0,0.99347287,0.99347287,0.004821456,0.004821456,0.98865142,0.98865142,0,1,1,1.5484645,1.5484645,False,1.0000001,True,True,True,1,1,1.5484645,1.5484645,1,1,1.5259489,1.5259489,1,1,0.26310105,0.26310105,1,1,0.40391707,0.40391707,1,1,0.71096978,0.71096978,1,1,0.79978184,0.79978184,1,1,0.74140441,0.74140441,1,1,0.68597486,0.68597486
0b_baseline_last,file,19,baseline,3774,065.Slaty_backed_Gull/Slaty_Backed_Gull_0002_53238.jpg,65,64,065.Slaty_backed_Gull,66,65,horizontal_flip,horizontal_flip,0,"{""flipped"":true}",0.0065484932,0.11942836,0.11287987,0.99347287,0.88742757,0.004821456,0.098034337,0.98865142,0.78939323,-0.19925819,0.70152154,17.049186,1.5484645,26.400059,False,0.97137803,True,True,True,0.70152154,17.049186,1.5484645,26.400059,0.69372092,17.055371,1.5259489,26.025624,0.96733532,16.839834,0.26310105,4.430578,0.67166898,14.888829,0.40391707,6.0138521,0.65962539,16.434342,0.71096978,11.684321,0.72361074,17.270989,0.79978184,13.813023,0.64570366,17.649979,0.74140441,13.085772,0.75448261,17.408491,0.68597486,11.941787
0b_baseline_last,file,19,baseline,3774,065.Slaty_backed_Gull/Slaty_Backed_Gull_0002_53238.jpg,65,64,065.Slaty_backed_Gull,66,65,color_jitter,color_jitter,0,"{""brightness"":0.97745,""contrast"":1.127241,""hue"":-0.067152,""saturation"":0.831871}",0.0065484932,0.0056069959,-0.00094149727,0.99347287,0.99440867,0.004821456,0.0037750909,0.98865142,0.99063358,0.001982158,0.89833367,0.80841107,1.5484645,1.2517958,False,0.97607362,True,True,True,0.89833367,0.80841107,1.5484645,1.2517958,0.89601454,0.8067562,1.5259489,1.2310687,0.97325214,0.8622297,0.26310105,0.22685354,0.72813741,0.77286758,0.40391707,0.31217441,0.89743108,0.80925825,0.71096978,0.57535816,0.90702769,0.80716705,0.79978184,0.64555755,0.9131021,0.81193593,0.74140441,0.60197288,0.9154324,0.8089355,0.68597486,0.55490941
0b_baseline_last,file,19,baseline,3774,065.Slaty_backed_Gull/Slaty_Backed_Gull_0002_53238.jpg,65,64,065.Slaty_backed_Gull,66,65,rotation,rotation,0,"{""angle"":-12.281201}",0.0065484932,0.058259968,0.051711475,0.99347287,0.94340467,0.004821456,0.03982785,0.98865142,0.90357682,-0.085074593,0.76850397,7.3307115,1.5484645,11.351346,False,0.95896584,True,True,True,0.76850397,7.3307115,1.5484645,11.351346,0.76278057,7.32677,1.5259489,11.180277,0.95766353,7.4620862,0.26310105,1.9632827,0.58622016,8.2834188,0.40391707,3.3458143,0.81995985,6.9125486,0.71096978,4.9146132,0.79704953,7.1901319,0.79978184,5.7505369,0.74292077,7.4296171,0.74140441,5.5083509,0.75595338,7.4674859,0.68597486,5.1225076
0b_baseline_last,file,19,baseline,3774,065.Slaty_backed_Gull/Slaty_Backed_Gull_0002_53238.jpg,65,64,065.Slaty_backed_Gull,66,65,random_resized_crop,random_resized_crop,0,"{""area_fraction"":0.703077,""aspect"":1.232404,""fallback"":false,""height"":0.75531,""left"":0.037779,""top"":0.200712,""width"":0.930846}",0.0065484932,0.0014846028,-0.0050638904,0.99347287,0.9985165,0.004821456,0.00068558735,0.98865142,0.99783091,0.0091794945,0.73982611,0.19395718,1.5484645,0.3003358,False,0.96432436,True,True,True,0.73982611,0.19395718,1.5484645,0.3003358,0.73341574,0.19325876,1.5259489,0.29490299,0.93711942,0.21614012,0.26310105,0.056866694,0.21239388,0.23388034,0.40391707,0.09446826,0.79721966,0.17983589,0.71096978,0.12785789,0.77782963,0.18185558,0.79978184,0.14544479,0.76800647,0.19486167,0.74140441,0.1444713,0.79750009,0.20445187,0.68597486,0.14024884
0b_baseline_last,file,19,baseline,3774,065.Slaty_backed_Gull/Slaty_Backed_Gull_0002_53238.jpg,65,64,065.Slaty_backed_Gull,66,65,gaussian_blur,gaussian_blur,0,"{""sigma"":1.165511}",0.0065484932,0.0060048648,-0.00054362835,0.99347287,0.99401313,0.004821456,0.0019158258,0.98865142,0.9920973,0.0034458868,0.65565789,0.69518241,1.5484645,1.0764653,False,0.9523325,True,True,True,0.65565789,0.69518241,1.5484645,1.0764653,0.64818199,0.69343635,1.5259489,1.0581484,0.8897458,0.75155731,0.26310105,0.19773552,0.2208016,0.818772,0.40391707,0.33071599,0.70620646,0.6265713,0.71096978,0.44547326,0.62671018,0.63220493,0.79978184,0.50562603,0.66761941,0.7162954,0.74140441,0.53106457,0.77158804,0.76331333,0.68597486,0.52361375
0b_baseline_last,file,19,baseline,3774,065.Slaty_backed_Gull/Slaty_Backed_Gull_0002_53238.jpg,65,64,065.Slaty_backed_Gull,66,65,random_erasing,random_erasing,0,"{""area_fraction"":0.098039,""erased"":true,""height"":0.385061,""left"":0.026255,""top"":0.587547,""width"":0.254607}",0.0065484932,0.0095790513,0.0030305581,0.99347287,0.99046665,0.004821456,0.0076798205,0.98865142,0.98278683,-0.0058645844,0.92464566,1.4850015,1.5484645,2.299472,False,0.99006414,True,True,True,0.92464566,1.4850015,1.5484645,2.299472,0.92268405,1.482604,1.5259489,2.262378,0.98848227,1.563507,0.26310105,0.41136034,0.90440135,1.4243958,0.40391707,0.57533779,0.93883249,1.4943343,0.71096978,1.0624265,0.9379786,1.5110664,0.79978184,1.2085235,0.90461538,1.466859,0.74140441,1.0875357,0.91148849,1.468909,0.68597486,1.0076346
0b_baseline_last,file,19,baseline,10791,184.Louisiana_Waterthrush/Louisiana_Waterthrush_0015_177515.jpg,184,183,184.Louisiana_Waterthrush,183,182,identity,identity,0,{},2.4947672,2.4947672,0,0.082515649,0.082515649,0.70784193,0.70784193,-0.62532628,-0.62532628,0,1,1,179.5951,179.5951,False,1,True,False,False,1,1,179.5951,179.5951,1,1,176.83997,176.83997,1,1,31.337317,31.337317,1,1,42.90764,42.90764,1,1,79.670251,79.670251,1,1,104.34665,104.34665,1,1,82.585266,82.585266,1,1,73.317191,73.317191
0b_baseline_last,file,19,baseline,10791,184.Louisiana_Waterthrush/Louisiana_Waterthrush_0015_177515.jpg,184,183,184.Louisiana_Waterthrush,183,182,horizontal_flip,horizontal_flip,0,"{""flipped"":true}",2.4947672,2.7004964,0.20572925,0.082515649,0.067172155,0.70784193,0.71964318,-0.62532628,-0.65247102,-0.027144738,0.7348591,1.2352935,179.5951,221.85266,False,0.96583307,True,False,False,0.7348591,1.2352935,179.5951,221.85266,0.72852967,1.2391813,176.83997,219.13679,0.9657743,1.1043505,31.337317,34.60738,0.84369374,1.6742698,42.90764,71.838966,0.72240057,1.3864601,79.670251,110.45963,0.73405977,1.2290308,104.34665,128.24525,0.68591969,1.1181846,82.585266,92.345573,0.76340258,1.0283229,73.317191,75.393746
0b_baseline_last,file,19,baseline,10791,184.Louisiana_Waterthrush/Louisiana_Waterthrush_0015_177515.jpg,184,183,184.Louisiana_Waterthrush,183,182,color_jitter,color_jitter,0,"{""brightness"":1.279065,""contrast"":1.310881,""hue"":0.097289,""saturation"":0.964848}",2.4947672,6.0714903,3.5767231,0.082515649,0.0023077317,0.70784193,0.023246618,-0.62532628,-0.020938886,0.6043874,0.18626402,1.4897913,179.5951,267.55922,False,0.63928652,False,False,False,0.18626402,1.4897913,179.5951,267.55922,0.18126061,1.5025704,176.83997,265.7145,0.44071864,1.0008717,31.337317,31.364633,-0.016265822,1.4498037,42.90764,62.207654,0.051900929,1.6017419,79.670251,127.61118,0.27154785,1.4683608,104.34665,153.21853,0.17707904,1.5385353,82.585266,127.06035,0.24029389,1.4193815,73.317191,104.06506
0b_baseline_last,file,19,baseline,10791,184.Louisiana_Waterthrush/Louisiana_Waterthrush_0015_177515.jpg,184,183,184.Louisiana_Waterthrush,183,182,rotation,rotation,0,"{""angle"":12.106259}",2.4947672,0.94933546,-1.5454317,0.082515649,0.38699812,0.70784193,0.58130324,-0.62532628,-0.19430512,0.43102116,0.80254111,0.82474005,179.5951,148.11928,False,0.95703387,True,False,False,0.80254111,0.82474005,179.5951,148.11928,0.79836323,0.82592739,176.83997,146.05697,0.94330147,0.78599232,31.337317,24.63089,0.88205728,1.1359478,42.90764,48.740837,0.80059306,0.88288778,79.670251,70.339891,0.80240086,0.80522472,104.34665,84.022502,0.76439033,0.75973307,82.585266,62.742758,0.81843923,0.74865527,73.317191,54.889301
0b_baseline_last,file,19,baseline,10791,184.Louisiana_Waterthrush/Louisiana_Waterthrush_0015_177515.jpg,184,183,184.Louisiana_Waterthrush,183,182,random_resized_crop,random_resized_crop,0,"{""area_fraction"":0.52865,""aspect"":1.237877,""fallback"":false,""height"":0.6535,""left"":0.181818,""top"":0.314792,""width"":0.808952}",2.4947672,1.3661652,-1.128602,0.082515649,0.25508329,0.70784193,0.021157147,-0.62532628,0.23392615,0.85925243,0.42167283,0.7349018,179.5951,131.98477,False,0.86131358,False,False,True,0.42167283,0.7349018,179.5951,131.98477,0.41476401,0.73797441,176.83997,130.50337,0.6849187,0.62925743,31.337317,19.719239,0.52970332,0.62354054,42.90764,26.754653,0.39453395,0.76629249,79.670251,61.050715,0.4620326,0.69221931,104.34665,72.230766,0.35263558,0.7515401,82.585266,62.066139,0.40355152,0.80906157,73.317191,59.318121
0b_baseline_last,file,19,baseline,10791,184.Louisiana_Waterthrush/Louisiana_Waterthrush_0015_177515.jpg,184,183,184.Louisiana_Waterthrush,183,182,gaussian_blur,gaussian_blur,0,"{""sigma"":1.639604}",2.4947672,2.7352319,0.24046469,0.082515649,0.064878948,0.70784193,0.0012663876,-0.62532628,0.06361256,0.68893884,0.073176347,0.97836857,179.5951,175.71021,False,0.63009214,False,False,False,0.073176347,0.97836857,179.5951,175.71021,0.061359,0.9803364,176.83997,173.36266,0.47721183,0.91348946,31.337317,28.626308,-0.085109469,0.99251849,42.90764,42.586626,-0.065655827,1.0277562,79.670251,81.881595,0.054900155,0.93413877,104.34665,97.474251,0.11648662,0.98944993,82.585266,81.713986,0.20877794,0.99837827,73.317191,73.19829
0b_baseline_last,file,19,baseline,10791,184.Louisiana_Waterthrush/Louisiana_Waterthrush_0015_177515.jpg,184,183,184.Louisiana_Waterthrush,183,182,random_erasing,random_erasing,0,"{""area_fraction"":0.096233,""erased"":true,""height"":0.37735,""left"":0.567201,""top"":0.555427,""width"":0.255023}",2.4947672,3.3755798,0.88081264,0.082515649,0.034198284,0.70784193,0.15289545,-0.62532628,-0.11869717,0.50662912,0.65697337,1.1891233,179.5951,213.56072,False,0.94464397,False,False,False,0.65697337,1.1891233,179.5951,213.56072,0.65440711,1.1937176,176.83997,211.09697,0.75825645,1.0321798,31.337317,32.345746,0.71903616,0.95029524,42.90764,40.774926,0.67482546,1.1270891,79.670251,89.795472,0.70117996,1.1988974,104.34665,125.10093,0.58241195,1.2337529,82.585266,101.88981,0.62355,1.2798011,73.317191,93.831419
0b_baseline_last,file,19,baseline,269,005.Crested_Auklet/Crested_Auklet_0066_785251.jpg,5,4,005.Crested_Auklet,7,6,identity,identity,0,{},0.037855372,0.037855372,0,0.96285218,0.96285218,0.031054772,0.031054772,0.93179741,0.93179741,0,1,1,12.394217,12.394217,False,1.0000001,True,True,True,1,1,12.394217,12.394217,1,1,12.276603,12.276603,1,1,1.7034122,1.7034122,1,1,2.7108701,2.7108701,1,1,6.8878659,6.8878659,1,1,7.1382548,7.1382548,1,1,5.0940457,5.0940457,1,1,4.3611346,4.3611346
0b_baseline_last,file,19,baseline,269,005.Crested_Auklet/Crested_Auklet_0066_785251.jpg,5,4,005.Crested_Auklet,7,6,horizontal_flip,horizontal_flip,0,"{""flipped"":true}",0.037855372,0.020842111,-0.017013261,0.96285218,0.97937357,0.031054772,0.014641203,0.93179741,0.96473237,0.032934964,0.78229754,0.48392987,12.394217,5.9979317,False,0.96784437,True,True,True,0.78229754,0.48392987,12.394217,5.9979317,0.77895029,0.4842856,12.276603,5.9453823,0.96396868,0.46507872,1.7034122,0.79222078,0.7644437,0.48166768,2.7108701,1.3057385,0.79928383,0.4725636,6.8878659,3.2549547,0.79155917,0.48694815,7.1382548,3.4759599,0.72429678,0.49386629,5.0940457,2.5157775,0.77808647,0.49373449,4.3611346,2.1532425
0b_baseline_last,file,19,baseline,269,005.Crested_Auklet/Crested_Auklet_0066_785251.jpg,5,4,005.Crested_Auklet,7,6,color_jitter,color_jitter,0,"{""brightness"":1.286411,""contrast"":1.332077,""hue"":-0.085454,""saturation"":1.37967}",0.037855372,1.9184551,1.8805998,0.96285218,0.14683363,0.031054772,0.55297756,0.93179741,-0.40614393,-1.3379413,0.69592905,12.22488,12.394217,151.51781,False,0.85312736,False,True,False,0.69592905,12.22488,12.394217,151.51781,0.69329893,12.083729,12.276603,148.34715,0.84305841,18.101645,1.7034122,30.834564,0.62504949,15.01236,2.7108701,40.696558,0.68096525,8.6825179,6.8878659,59.804018,0.7859864,11.382601,7.1382548,81.251903,0.69137473,14.207895,5.0940457,72.375669,0.66072264,16.106522,4.3611346,70.242709
0b_baseline_last,file,19,baseline,269,005.Crested_Auklet/Crested_Auklet_0066_785251.jpg,5,4,005.Crested_Auklet,7,6,rotation,rotation,0,"{""angle"":10.470037}",0.037855372,0.087260738,0.049405366,0.96285218,0.9164381,0.031054772,0.040286962,0.93179741,0.87615114,-0.055646267,0.797355,1.5993678,12.394217,19.822911,False,0.95829588,True,True,True,0.797355,1.5993678,12.394217,19.822911,0.79498608,1.5977466,12.276603,19.614901,0.91529536,1.6814315,1.7034122,2.8641711,0.68178187,1.7253233,2.7108701,4.6771273,0.81694623,1.5722969,6.8878659,10.82977,0.8225955,1.5502486,7.1382548,11.066069,0.75357545,1.6256647,5.0940457,8.2812102,0.77876872,1.6935272,4.3611346,7.3857
0b_baseline_last,file,19,baseline,269,005.Crested_Auklet/Crested_Auklet_0066_785251.jpg,5,4,005.Crested_Auklet,7,6,random_resized_crop,random_resized_crop,0,"{""area_fraction"":0.563263,""aspect"":0.939579,""fallback"":false,""height"":0.774264,""left"":0.163622,""top"":0.132688,""width"":0.727482}",0.037855372,0.10409784,0.066242471,0.96285218,0.90113711,0.031054772,0.019138021,0.93179741,0.88199909,-0.049798315,0.67799032,2.0668998,12.394217,25.617603,False,0.92183924,True,True,True,0.67799032,2.0668998,12.394217,25.617603,0.67679144,2.0585185,12.276603,25.271615,0.74073579,2.4633361,1.7034122,4.1960768,0.65736729,2.0123427,2.7108701,5.4551995,0.73048534,1.8403594,6.8878659,12.676149,0.7085805,2.036114,7.1382548,14.5343,0.62664244,2.2543915,5.0940457,11.483973,0.58827979,2.3505357,4.3611346,10.251003
0b_baseline_last,file,19,baseline,269,005.Crested_Auklet/Crested_Auklet_0066_785251.jpg,5,4,005.Crested_Auklet,7,6,gaussian_blur,gaussian_blur,0,"{""sigma"":1.405414}",0.037855372,0.082051471,0.044196099,0.96285218,0.92122453,0.031054772,0.062023044,0.93179741,0.85920149,-0.072595917,0.76152719,2.3411052,12.394217,29.016165,False,0.91314071,True,True,True,0.76152719,2.3411052,12.394217,29.016165,0.75882959,2.3437309,12.276603,28.773055,0.91226069,2.2004189,1.7034122,3.7482204,0.67816574,2.2233562,2.7108701,6.0272299,0.78986166,2.5104268,6.8878659,17.291483,0.75980492,2.2508616,7.1382548,16.067224,0.72635918,2.2980805,5.0940457,11.706527,0.7536543,2.2625965,4.3611346,9.867488
0b_baseline_last,file,19,baseline,269,005.Crested_Auklet/Crested_Auklet_0066_785251.jpg,5,4,005.Crested_Auklet,7,6,random_erasing,random_erasing,0,"{""area_fraction"":0.184267,""erased"":true,""height"":0.772213,""left"":0.326448,""top"":0.150845,""width"":0.238622}",0.037855372,0.57811928,0.54026391,0.96285218,0.56095237,0.031054772,0.14435838,0.93179741,0.41659398,-0.51520342,0.64846464,7.6701645,12.394217,95.065679,False,0.91859543,True,True,True,0.64846464,7.6701645,12.394217,95.065679,0.64439524,7.6423348,12.276603,93.821913,0.83646214,8.9981112,1.7034122,15.327493,0.76900605,7.9615722,2.7108701,21.582788,0.68669352,6.0899592,6.8878659,41.946822,0.63392848,7.0984711,7.1382548,50.670695,0.6180192,9.091228,5.0940457,46.311131,0.65700891,9.9022778,4.3611346,43.185166
0b_baseline_last,file,19,baseline,4032,070.Green_Violetear/Green_Violetear_0089_795698.jpg,70,69,070.Green_Violetear,67,66,identity,identity,0,{},0.0046615261,0.0046615261,0,0.99534935,0.99534935,0.0028330844,0.0028330844,0.99251626,0.99251626,0,1,1,1.1564564,1.1564564,False,1,True,True,True,1,1,1.1564564,1.1564564,1,1,1.1443336,1.1443336,1,1,0.16700846,0.16700846,1,1,0.26147567,0.26147567,1,1,0.70207687,0.70207687,1,1,0.63179886,0.63179886,1,1,0.45972849,0.45972849,1,1,0.37107672,0.37107672
0b_baseline_last,file,19,baseline,4032,070.Green_Violetear/Green_Violetear_0089_795698.jpg,70,69,070.Green_Violetear,67,66,horizontal_flip,horizontal_flip,0,"{""flipped"":true}",0.0046615261,0.0110468,0.0063852738,0.99534935,0.98901397,0.0028330844,0.0020231497,0.99251626,0.98699082,-0.005525443,0.67162172,2.3567761,1.1564564,2.7255087,False,0.97171998,True,True,True,0.67162172,2.3567761,1.1564564,2.7255087,0.66822518,2.3570015,1.1443336,2.6971961,0.83182995,2.3461675,0.16700846,0.39182982,0.70810505,2.2040664,0.26147567,0.57630975,0.75324798,2.1384353,0.70207687,1.5013459,0.67384434,2.3890542,0.63179886,1.5094017,0.51858159,2.5042057,0.45972849,1.1512547,0.63314228,2.8070737,0.37107672,1.0416397
0b_baseline_last,file,19,baseline,4032,070.Green_Violetear/Green_Violetear_0089_795698.jpg,70,69,070.Green_Violetear,67,66,color_jitter,color_jitter,0,"{""brightness"":0.953645,""contrast"":0.641371,""hue"":-0.060168,""saturation"":0.694816}",0.0046615261,0.41232175,0.40766022,0.99534935,0.66211122,0.0028330844,0.28065568,0.99251626,0.38145554,-0.61106072,0.80564837,80.833245,1.1564564,93.48012,False,0.92485023,True,True,True,0.80564837,80.833245,1.1564564,93.48012,0.80342715,80.841999,1.1443336,92.510219,0.91048971,80.421177,0.16700846,13.431017,0.69328811,71.886479,0.26147567,18.796565,0.80479849,77.414933,0.70207687,54.351234,0.84761959,87.474107,0.63179886,55.266042,0.78165121,79.519909,0.45972849,36.557567,0.7537344,79.027999,0.37107672,29.32545
0b_baseline_last,file,19,baseline,4032,070.Green_Violetear/Green_Violetear_0089_795698.jpg,70,69,070.Green_Violetear,67,66,rotation,rotation,0,"{""angle"":13.02281}",0.0046615261,0.089905843,0.085244317,0.99534935,0.91401726,0.0028330844,0.05667102,0.99251626,0.85734624,-0.13517002,0.87246516,18.151479,1.1564564,20.991393,False,0.95848799,True,True,True,0.87246516,18.151479,1.1564564,20.991393,0.8707041,18.161497,1.1443336,20.782812,0.95773813,17.674716,0.16700846,2.9518271,0.8905972,21.987059,0.26147567,5.749081,0.90517912,17.594806,0.70207687,12.352906,0.87795673,18.524624,0.63179886,11.703836,0.8155776,17.53692,0.45972849,8.0622219,0.81117851,17.936489,0.37107672,6.6558134
0b_baseline_last,file,19,baseline,4032,070.Green_Violetear/Green_Violetear_0089_795698.jpg,70,69,070.Green_Violetear,67,66,random_resized_crop,random_resized_crop,0,"{""area_fraction"":0.740914,""aspect"":0.847613,""fallback"":false,""height"":0.934943,""left"":0.113563,""top"":0.036219,""width"":0.79247}",0.0046615261,0.21204609,0.20738456,0.99534935,0.80892742,0.0028330844,0.12547046,0.99251626,0.68345696,-0.30905931,0.88060116,46.173891,1.1564564,53.39809,False,0.96558034,True,True,True,0.88060116,46.173891,1.1564564,53.39809,0.87904498,46.246316,1.1443336,52.921215,0.96270636,42.635318,0.16700846,7.1204588,0.89081441,53.396384,0.26147567,13.961855,0.90746136,46.268968,0.70207687,32.484372,0.87995302,47.668765,0.63179886,30.117072,0.82389448,42.590403,0.45972849,19.580021,0.85665669,43.459332,0.37107672,16.126746
0b_baseline_last,file,19,baseline,4032,070.Green_Violetear/Green_Violetear_0089_795698.jpg,70,69,070.Green_Violetear,67,66,gaussian_blur,gaussian_blur,0,"{""sigma"":1.255945}",0.0046615261,0.035137113,0.030475587,0.99534935,0.96547306,0.0028330844,0.0090015614,0.99251626,0.95647149,-0.036044769,0.80705842,7.8574527,1.1564564,9.0868011,False,0.96405339,True,True,True,0.80705842,7.8574527,1.1564564,9.0868011,0.80551655,7.8884366,1.1443336,9.0270033,0.92084474,6.2317333,0.16700846,1.0407522,0.73443293,8.7075508,0.26147567,2.2768127,0.80536465,7.9402353,0.70207687,5.5746556,0.81254675,7.8745395,0.63179886,4.9751251,0.81343279,7.792346,0.45972849,3.5823634,0.81687146,7.4491961,0.37107672,2.7642232
0b_baseline_last,file,19,baseline,4032,070.Green_Violetear/Green_Violetear_0089_795698.jpg,70,69,070.Green_Violetear,67,66,random_erasing,random_erasing,0,"{""area_fraction"":0.082124,""erased"":true,""height"":0.182351,""left"":0.239162,""top"":0.319365,""width"":0.450364}",0.0046615261,0.16626997,0.16160845,0.99534935,0.84681755,0.0028330844,0.010020002,0.99251626,0.83679755,-0.15571871,0.59517387,21.709337,1.1564564,25.105901,False,0.92898303,True,True,True,0.59517387,21.709337,1.1564564,25.105901,0.59019453,21.655499,1.1443336,24.781116,0.80855376,24.102009,0.16700846,4.0252395,0.67284869,15.722134,0.26147567,4.1109555,0.66392933,16.379858,0.70207687,11.49992,0.61171327,22.121989,0.63179886,13.976647,0.49919023,26.087284,0.45972849,11.993068,0.600476,30.222743,0.37107672,11.214956
0b_baseline_last,file,19,baseline,5581,096.Hooded_Oriole/Hooded_Oriole_0091_90821.jpg,96,95,096.Hooded_Oriole,139,138,identity,identity,0,{},2.1677186,2.1677186,0,0.11443841,0.11443841,0.82964623,0.82964623,-0.71520782,-0.71520782,0,1,1,179.65396,179.65396,False,1,True,False,False,1,1,179.65396,179.65396,1,1,176.34846,176.34846,1,1,34.304011,34.304011,1,1,35.489707,35.489707,1,1,68.35333,68.35333,1,1,83.508891,83.508891,1,1,89.754154,89.754154,1,1,100.68535,100.68535
0b_baseline_last,file,19,baseline,5581,096.Hooded_Oriole/Hooded_Oriole_0091_90821.jpg,96,95,096.Hooded_Oriole,139,138,horizontal_flip,horizontal_flip,0,"{""flipped"":true}",2.1677186,2.7777288,0.61001015,0.11443841,0.062179577,0.82964623,0.86159247,-0.71520782,-0.79941289,-0.084205072,0.72738141,1.0446892,179.65396,187.68255,False,0.97141784,True,False,False,0.72738141,1.0446892,179.65396,187.68255,0.71835606,1.0455031,176.34846,184.37286,0.97132365,1.0229469,34.304011,35.091181,0.44835614,1.1031009,35.489707,39.148729,0.6668998,1.0449464,68.35333,71.425569,0.71144711,1.0592311,83.508891,88.455212,0.71431001,1.0448774,89.754154,93.782089,0.78680813,1.0292717,100.68535,103.63257
0b_baseline_last,file,19,baseline,5581,096.Hooded_Oriole/Hooded_Oriole_0091_90821.jpg,96,95,096.Hooded_Oriole,139,138,color_jitter,color_jitter,0,"{""brightness"":1.07579,""contrast"":0.887901,""hue"":0.083326,""saturation"":1.106252}",2.1677186,0.44512096,-1.7225977,0.11443841,0.64074677,0.82964623,0.0012455368,-0.71520782,0.63950124,1.3547091,0.31529332,0.38059025,179.65396,68.374544,False,0.704171,False,False,True,0.31529332,0.38059025,179.65396,68.374544,0.31078745,0.38389979,176.34846,67.700136,0.49465197,0.27925762,34.304011,9.5796567,-0.0025022586,0.53678742,35.489707,19.050428,0.4839186,0.52767539,68.35333,36.06837,0.2751521,0.38661237,83.508891,32.28557,0.29583269,0.36751871,89.754154,32.986331,0.31871047,0.27898057,100.68535,28.089255
0b_baseline_last,file,19,baseline,5581,096.Hooded_Oriole/Hooded_Oriole_0091_90821.jpg,96,95,096.Hooded_Oriole,139,138,rotation,rotation,0,"{""angle"":-7.926842}",2.1677186,2.7015064,0.53378773,0.11443841,0.067104355,0.82964623,0.86393827,-0.71520782,-0.79683392,-0.081626095,0.80001852,1.0084555,179.65396,181.17302,False,0.95832103,True,False,False,0.80001852,1.0084555,179.65396,181.17302,0.79395722,1.0080078,176.34846,177.76062,0.95834156,1.020216,34.304011,34.9975,0.76514154,1.4228231,35.489707,50.495575,0.75828706,1.0062182,68.35333,68.778363,0.77019577,0.99091884,83.508891,82.750533,0.7962205,1.0010706,89.754154,89.850249,0.84105901,0.96282651,100.68535,96.94252
0b_baseline_last,file,19,baseline,5581,096.Hooded_Oriole/Hooded_Oriole_0091_90821.jpg,96,95,096.Hooded_Oriole,139,138,random_resized_crop,random_resized_crop,0,"{""area_fraction"":0.774769,""aspect"":0.778511,""fallback"":false,""height"":0.997594,""left"":0.1694,""top"":0.00057,""width"":0.776638}",2.1677186,2.9768777,0.80915904,0.11443841,0.050951667,0.82964623,0.88562936,-0.71520782,-0.83467769,-0.11946987,0.83675722,1.1140352,179.65396,200.14083,False,0.96155083,True,False,False,0.83675722,1.1140352,179.65396,200.14083,0.83244449,1.116815,176.34846,196.94861,0.96157274,1.037876,34.304011,35.603311,0.71954357,1.3071157,35.489707,46.389154,0.86182853,1.2140988,68.35333,82.987694,0.83359192,1.1757764,83.508891,98.187783,0.81963661,1.1005513,89.754154,98.779053,0.85287996,1.0105077,100.68535,101.74332
0b_baseline_last,file,19,baseline,5581,096.Hooded_Oriole/Hooded_Oriole_0091_90821.jpg,96,95,096.Hooded_Oriole,139,138,gaussian_blur,gaussian_blur,0,"{""sigma"":1.015856}",2.1677186,1.0384631,-1.1292555,0.11443841,0.3539983,0.82964623,0.37967846,-0.71520782,-0.025680155,0.68952767,0.80984209,0.69665182,179.65396,125.15626,False,0.94137752,True,False,False,0.80984209,0.69665182,179.65396,125.15626,0.80722793,0.70117919,176.34846,123.65187,0.91443045,0.56398442,34.304011,19.346928,0.84368396,0.84348956,35.489707,29.935197,0.79657819,0.81800906,68.35333,55.913643,0.78848665,0.6994546,83.508891,58.410677,0.80732676,0.70676184,89.754154,63.434811,0.83738195,0.61478185,100.68535,61.899523
0b_baseline_last,file,19,baseline,5581,096.Hooded_Oriole/Hooded_Oriole_0091_90821.jpg,96,95,096.Hooded_Oriole,139,138,random_erasing,random_erasing,0,"{""area_fraction"":0.110215,""erased"":true,""height"":0.434475,""left"":0.518887,""top"":0.48465,""width"":0.253675}",2.1677186,1.7155119,-0.45220673,0.11443841,0.17987163,0.82964623,0.75166833,-0.71520782,-0.5717967,0.14341112,0.89073855,0.95787788,179.65396,172.08655,False,0.98778027,True,False,False,0.89073855,0.95787788,179.65396,172.08655,0.88698685,0.95697782,176.34846,168.76156,0.98769376,0.98136509,34.304011,33.664759,0.89643223,1.0730599,35.489707,38.082582,0.89518688,0.92929074,68.35333,63.520117,0.88313864,0.94769667,83.508891,79.141097,0.86349163,0.95237801,89.754154,85.479882,0.90411775,0.96422913,100.68535,97.083743
0b_baseline_last,file,19,baseline,9536,163.Cape_May_Warbler/Cape_May_Warbler_0108_163108.jpg,163,162,163.Cape_May_Warbler,176,175,identity,identity,0,{},0.02517036,0.02517036,0,0.97514379,0.97514379,0.005665801,0.005665801,0.96947799,0.96947799,0,1,1,4.7891211,4.7891211,False,0.99999988,True,True,True,1,1,4.7891211,4.7891211,1,1,4.7354774,4.7354774,1,1,0.71479661,0.71479661,1,1,0.87409108,0.87409108,1,1,1.938834,1.938834,1,1,2.9796829,2.9796829,1,1,2.2966411,2.2966411,1,1,1.9361207,1.9361207
0b_baseline_last,file,19,baseline,9536,163.Cape_May_Warbler/Cape_May_Warbler_0108_163108.jpg,163,162,163.Cape_May_Warbler,176,175,horizontal_flip,horizontal_flip,0,"{""flipped"":true}",0.02517036,0.02538237,0.00021201,0.97514379,0.97493708,0.005665801,0.00097459072,0.96947799,0.97396249,0.0044845014,0.6453716,0.95107674,4.7891211,4.5548217,False,0.95928037,True,True,True,0.6453716,0.95107674,4.7891211,4.5548217,0.63893829,0.95002546,4.7354774,4.4988241,0.91536825,0.99612483,0.71479661,0.71202665,0.41827947,1.2411782,0.87409108,1.0849028,0.6068249,1.0416927,1.938834,2.0196693,0.69763599,0.91582738,2.9796829,2.7288752,0.59387383,0.8636641,2.2966411,1.9835265,0.66976692,0.98028348,1.9361207,1.8979471
0b_baseline_last,file,19,baseline,9536,163.Cape_May_Warbler/Cape_May_Warbler_0108_163108.jpg,163,162,163.Cape_May_Warbler,176,175,color_jitter,color_jitter,0,"{""brightness"":1.248592,""contrast"":0.932182,""hue"":-0.037895,""saturation"":1.34661}",0.02517036,1.2910346,1.2658642,0.97514379,0.27498615,0.005665801,0.010111989,0.96947799,0.26487416,-0.70460383,0.75243658,29.765682,4.7891211,142.55145,False,0.84492564,True,True,True,0.75243658,29.765682,4.7891211,142.55145,0.75211718,29.899927,4.7354774,141.59043,0.79515932,23.118149,0.71479661,16.524774,0.71141109,38.619732,0.87409108,33.757163,0.76014312,31.556373,1.938834,61.182568,0.81588582,29.181771,2.9796829,86.952424,0.71744744,29.1218,2.2966411,66.882322,0.6603461,28.900875,1.9361207,55.955581
0b_baseline_last,file,19,baseline,9536,163.Cape_May_Warbler/Cape_May_Warbler_0108_163108.jpg,163,162,163.Cape_May_Warbler,176,175,rotation,rotation,0,"{""angle"":2.085275}",0.02517036,0.026739497,0.001569137,0.97514379,0.97361481,0.005665801,0.010213452,0.96947799,0.96340136,-0.0060766297,0.85655775,1.0717036,4.7891211,5.1325181,False,0.97847158,True,True,True,0.85655775,1.0717036,4.7891211,5.1325181,0.85416961,1.0703556,4.7354774,5.0686448,0.95710469,1.129281,0.71479661,0.80720621,0.8150565,1.0793978,0.87409108,0.94349203,0.77475923,1.120603,1.938834,2.1726631,0.8801395,1.0710315,2.9796829,3.1913344,0.86648263,1.023522,2.2966411,2.3506626,0.86946395,1.0797485,1.9361207,2.0905235
0b_baseline_last,file,19,baseline,9536,163.Cape_May_Warbler/Cape_May_Warbler_0108_163108.jpg,163,162,163.Cape_May_Warbler,176,175,random_resized_crop,random_resized_crop,0,"{""area_fraction"":0.775896,""aspect"":1.09925,""fallback"":false,""height"":0.840143,""left"":0.02383,""top"":0.032254,""width"":0.923528}",0.02517036,0.021550419,-0.003619941,0.97514379,0.97868013,0.005665801,0.0090746302,0.96947799,0.9696055,0.00012751436,0.80560744,0.9641161,4.7891211,4.6172687,False,0.94332039,True,True,True,0.80560744,0.9641161,4.7891211,4.6172687,0.80353059,0.96484947,4.7354774,4.5690228,0.90052931,0.93136031,0.71479661,0.66573319,0.8131319,1.1105238,0.87409108,0.97069893,0.76252701,1.0047838,1.938834,1.948109,0.86657775,0.97650112,2.9796829,2.9096637,0.76834821,0.91099251,2.2966411,2.0922229,0.74276869,0.93755833,1.9361207,1.815226
0b_baseline_last,file,19,baseline,9536,163.Cape_May_Warbler/Cape_May_Warbler_0108_163108.jpg,163,162,163.Cape_May_Warbler,176,175,gaussian_blur,gaussian_blur,0,"{""sigma"":1.495811}",0.02517036,0.21066685,0.18549649,0.97514379,0.81004387,0.005665801,0.0064731482,0.96947799,0.80357072,-0.16590727,0.62228654,11.098608,4.7891211,53.152577,False,0.88737488,True,True,True,0.62228654,11.098608,4.7891211,53.152577,0.61883,11.149688,4.7354774,52.799095,0.84130297,8.561606,0.71479661,6.1198069,0.38760302,18.309892,0.87409108,16.004514,0.47909538,13.225819,1.938834,25.642668,0.71852649,11.152419,2.9796829,33.230672,0.6578484,9.8270573,2.2966411,22.569224,0.64779071,8.3347615,1.9361207,16.137104
0b_baseline_last,file,19,baseline,9536,163.Cape_May_Warbler/Cape_May_Warbler_0108_163108.jpg,163,162,163.Cape_May_Warbler,176,175,random_erasing,random_erasing,0,"{""area_fraction"":0.141956,""erased"":true,""height"":0.332323,""left"":0.508605,""top"":0.491203,""width"":0.427164}",0.02517036,4.8849087,4.8597383,0.97514379,0.0075598159,0.005665801,0.0051025548,0.96947799,0.0024572611,-0.96702073,0.61257977,19.382304,4.7891211,92.824202,False,0.7154001,False,True,False,0.61257977,19.382304,4.7891211,92.824202,0.61149613,19.184269,4.7354774,90.846671,0.67923327,26.66241,0.71479661,19.0582,0.59964394,19.659719,0.87409108,17.184385,0.58858257,19.202031,1.938834,37.22955,0.73565771,16.356416,2.9796829,48.736933,0.56655741,19.35961,2.2966411,44.462076,0.51404603,24.333576,1.9361207,47.112739
0b_baseline_last,file,19,baseline,2615,046.Gadwall/Gadwall_0030_31855.jpg,46,45,046.Gadwall,87,86,identity,identity,0,{},0.018219847,0.018219847,0,0.98194516,0.98194516,0.0033847247,0.0033847247,0.97856043,0.97856043,0,1,1,2.9730222,2.9730222,False,1,True,True,True,1,1,2.9730222,2.9730222,1,1,2.9237814,2.9237814,1,1,0.53885363,0.53885363,1,1,0.68386603,0.68386603,1,1,1.3927888,1.3927888,1,1,1.3469538,1.3469538,1,1,1.430751,1.430751,1,1,1.5098448,1.5098448
0b_baseline_last,file,19,baseline,2615,046.Gadwall/Gadwall_0030_31855.jpg,46,45,046.Gadwall,87,86,horizontal_flip,horizontal_flip,0,"{""flipped"":true}",0.018219847,0.0087076481,-0.0095121991,0.98194516,0.99133015,0.0033847247,0.0027775601,0.97856043,0.98855259,0.0099921543,0.7643892,0.45005095,2.9730222,1.3380115,False,0.97806263,True,True,True,0.7643892,0.45005095,2.9730222,1.3380115,0.75668808,0.4474359,2.9237814,1.3082048,0.96760477,0.52119332,0.53885363,0.28084691,0.76471579,0.5289364,0.68386603,0.36172164,0.82243377,0.4481564,1.3927888,0.62418722,0.73362372,0.41604357,1.3469538,0.56039149,0.70986596,0.43574796,1.430751,0.62344681,0.76129675,0.46278234,1.5098448,0.69872952
0b_baseline_last,file,19,baseline,2615,046.Gadwall/Gadwall_0030_31855.jpg,46,45,046.Gadwall,87,86,color_jitter,color_jitter,0,"{""brightness"":0.985318,""contrast"":0.838442,""hue"":0.031137,""saturation"":1.134698}",0.018219847,0.01742366,-0.00079618767,0.98194516,0.98272723,0.0033847247,0.0051405481,0.97856043,0.97758668,-0.00097375084,0.93215524,0.97388977,2.9730222,2.8953959,False,0.99294698,True,True,True,0.93215524,0.97388977,2.9730222,2.8953959,0.93029683,0.97328139,2.9237814,2.8456621,0.98601287,0.99163375,0.53885363,0.53434545,0.94028404,1.0094511,0.68386603,0.69032932,0.94193827,0.9850199,1.3927888,1.3719247,0.90900585,1.0059149,1.3469538,1.354921,0.9263466,0.96452407,1.430751,1.3799937,0.94088281,0.93639618,1.5098448,1.4138129
0b_baseline_last,file,19,baseline,2615,046.Gadwall/Gadwall_0030_31855.jpg,46,45,046.Gadwall,87,86,rotation,rotation,0,"{""angle"":-0.488865}",0.018219847,0.035931055,0.017711207,0.98194516,0.96470678,0.0033847247,0.0052699465,0.97856043,0.95943683,-0.0191236,0.88944849,1.8623948,2.9730222,5.536941,False,0.98348892,True,True,True,0.88944849,1.8623948,2.9730222,5.536941,0.88648203,1.8636174,2.9237814,5.4488099,0.97875933,1.8260331,0.53885363,0.98396458,0.90887365,2.0223312,0.68386603,1.3830036,0.89710627,1.8480366,1.3927888,2.5739248,0.86629229,1.8305142,1.3469538,2.4656181,0.87566621,1.8707099,1.430751,2.6765199,0.89887401,1.8626039,1.5098448,2.8122428
0b_baseline_last,file,19,baseline,2615,046.Gadwall/Gadwall_0030_31855.jpg,46,45,046.Gadwall,87,86,random_resized_crop,random_resized_crop,0,"{""area_fraction"":0.526591,""aspect"":1.190576,""fallback"":false,""height"":0.665056,""left"":0.069676,""top"":0.054826,""width"":0.7918}",0.018219847,0.76561379,0.74739395,0.98194516,0.4650484,0.0033847247,0.0063071116,0.97856043,0.45874129,-0.51981914,0.63645509,26.364797,2.9730222,78.383127,False,0.89151907,True,True,True,0.63645509,26.364797,2.9730222,78.383127,0.6285096,26.354875,2.9237814,77.055894,0.86777932,26.655249,0.53885363,14.363278,0.18900478,23.759224,0.68386603,16.248126,0.69455732,22.162371,1.3927888,30.867502,0.63767876,28.39591,1.3469538,38.247981,0.62545016,28.619092,1.430751,40.946794,0.6686556,26.337171,1.5098448,39.765042
0b_baseline_last,file,19,baseline,2615,046.Gadwall/Gadwall_0030_31855.jpg,46,45,046.Gadwall,87,86,gaussian_blur,gaussian_blur,0,"{""sigma"":1.212445}",0.018219847,0.6105594,0.59233956,0.98194516,0.54304701,0.0033847247,0.14491795,0.97856043,0.39812906,-0.58043137,0.49054142,31.518163,2.9730222,93.704198,False,0.85274833,True,True,True,0.49054142,31.518163,2.9730222,93.704198,0.48247156,31.720296,2.9237814,92.743212,0.80826505,24.840822,0.53885363,13.385567,0.3789795,39.429691,0.68386603,26.964626,0.46182469,37.181878,1.3927888,51.786505,0.45930337,33.596557,1.3469538,45.253011,0.5325264,29.060155,1.430751,41.577844,0.54308905,24.92134,1.5098448,37.627357
0b_baseline_last,file,19,baseline,2615,046.Gadwall/Gadwall_0030_31855.jpg,46,45,046.Gadwall,87,86,random_erasing,random_erasing,0,"{""area_fraction"":0.150917,""erased"":true,""height"":0.580169,""left"":0.570638,""top"":0.106826,""width"":0.260126}",0.018219847,0.016986124,-0.001233723,0.98194516,0.98315734,0.0033847247,0.0014100744,0.97856043,0.98174726,0.00318683,0.90012936,0.94430747,2.9730222,2.8074471,False,0.968225,True,True,True,0.90012936,0.94430747,2.9730222,2.8074471,0.89821113,0.94559234,2.9237814,2.7647053,0.95990475,0.90566363,0.53885363,0.48802014,0.84247907,0.74731061,0.68386603,0.51106034,0.93301807,0.97034295,1.3927888,1.3514828,0.88357592,0.94561756,1.3469538,1.2737032,0.889193,0.95526642,1.430751,1.3667483,0.90103807,0.95189564,1.5098448,1.4372147
0b_baseline_last,file,19,baseline,2793,049.Boat_tailed_Grackle/Boat_Tailed_Grackle_0043_33595.jpg,49,48,049.Boat_tailed_Grackle,54,53,identity,identity,0,{},1.9498382,1.9498382,0,0.1422971,0.1422971,0.11934702,0.11934702,0.022950083,0.022950083,0,1,1,114.98766,114.98766,False,1,True,True,True,1,1,114.98766,114.98766,1,1,112.5399,112.5399,1,1,23.599434,23.599434,1,1,24.690617,24.690617,1,1,52.575392,52.575392,1,1,59.037353,59.037353,1,1,53.219527,53.219527,1,1,54.531679,54.531679
0b_baseline_last,file,19,baseline,2793,049.Boat_tailed_Grackle/Boat_Tailed_Grackle_0043_33595.jpg,49,48,049.Boat_tailed_Grackle,54,53,horizontal_flip,horizontal_flip,0,"{""flipped"":true}",1.9498382,1.313599,-0.63623917,0.1422971,0.26885071,0.11934702,0.070525639,0.022950083,0.19832508,0.17537499,0.6076508,0.77476635,114.98766,89.088573,False,0.95086408,True,True,True,0.6076508,0.77476635,114.98766,89.088573,0.59143039,0.77055348,112.5399,86.718014,0.94010279,0.86505039,23.599434,20.4147,0.14552564,0.71464305,24.690617,17.644978,0.50483483,0.62148572,52.575392,32.674856,0.6348494,0.7412004,59.037353,43.75851,0.58737606,0.81782658,53.219527,43.524344,0.69898435,0.88552564,54.531679,48.2892
0b_baseline_last,file,19,baseline,2793,049.Boat_tailed_Grackle/Boat_Tailed_Grackle_0043_33595.jpg,49,48,049.Boat_tailed_Grackle,54,53,color_jitter,color_jitter,0,"{""brightness"":1.298512,""contrast"":0.630882,""hue"":0.099472,""saturation"":1.014343}",1.9498382,6.2150908,4.2652526,0.1422971,0.0019990355,0.11934702,0.0013472923,0.022950083,0.00065174315,-0.02229834,0.47702479,1.6675497,114.98766,191.74764,False,0.78908092,False,True,False,0.47702479,1.6675497,114.98766,191.74764,0.46924333,1.6822275,112.5399,189.31772,0.72429537,1.2894202,23.599434,30.429588,0.35980075,1.5830733,24.690617,39.087057,0.56898527,2.1304235,52.575392,112.00785,0.44037004,1.5559156,59.037353,91.85714,0.44263437,1.511859,53.219527,80.460419,0.44652237,1.5184042,54.531679,82.801131
0b_baseline_last,file,19,baseline,2793,049.Boat_tailed_Grackle/Boat_Tailed_Grackle_0043_33595.jpg,49,48,049.Boat_tailed_Grackle,54,53,rotation,rotation,0,"{""angle"":-12.607152}",1.9498382,2.1820502,0.23221207,0.1422971,0.11281003,0.11934702,0.022000121,0.022950083,0.09080991,0.067859827,0.71145228,1.2873775,114.98766,148.03254,False,0.91172296,False,True,False,0.71145228,1.2873775,114.98766,148.03254,0.70541687,1.2963143,112.5399,145.88708,0.89207968,1.0640753,23.599434,25.111575,0.72548926,1.27691,24.690617,31.527697,0.77531635,1.4740048,52.575392,77.496379,0.68997553,1.342979,59.037353,79.285925,0.66943797,1.1837912,53.219527,63.000807,0.68874981,1.1638464,54.531679,63.4665
0b_baseline_last,file,19,baseline,2793,049.Boat_tailed_Grackle/Boat_Tailed_Grackle_0043_33595.jpg,49,48,049.Boat_tailed_Grackle,54,53,random_resized_crop,random_resized_crop,0,"{""area_fraction"":0.881589,""aspect"":1.07873,""fallback"":false,""height"":0.904017,""left"":0.010486,""top"":0.025884,""width"":0.97519}",1.9498382,2.1988218,0.24898362,0.1422971,0.1109338,0.11934702,0.06666448,0.022950083,0.044269316,0.021319233,0.8461437,1.05168,114.98766,120.93023,False,0.97702807,False,True,False,0.8461437,1.05168,114.98766,120.93023,0.84081552,1.0497975,112.5399,118.14411,0.96313365,1.093615,23.599434,25.808694,0.80982422,0.90937391,24.690617,22.453003,0.82632078,1.0166208,52.575392,53.449237,0.87083688,1.089823,59.037353,64.340267,0.83616611,1.0384963,53.219527,55.268283,0.83026518,1.0697212,54.531679,58.333694
0b_baseline_last,file,19,baseline,2793,049.Boat_tailed_Grackle/Boat_Tailed_Grackle_0043_33595.jpg,49,48,049.Boat_tailed_Grackle,54,53,gaussian_blur,gaussian_blur,0,"{""sigma"":1.1124}",1.9498382,2.6127505,0.66291237,0.1422971,0.073332563,0.11934702,0.057150293,0.022950083,0.01618227,-0.0067678131,0.56186322,1.3010848,114.98766,149.6087,False,0.91756231,False,True,False,0.56186322,1.3010848,114.98766,149.6087,0.54898686,1.2971946,112.5399,145.98615,0.83699515,1.3866083,23.599434,32.723172,0.53911322,1.2275191,24.690617,30.308205,0.46405847,1.2242454,52.575392,64.365182,0.59095289,1.3013569,59.037353,76.82867,0.54079115,1.3325838,53.219527,70.919482,0.58441462,1.3373237,54.531679,72.926508
0b_baseline_last,file,19,baseline,2793,049.Boat_tailed_Grackle/Boat_Tailed_Grackle_0043_33595.jpg,49,48,049.Boat_tailed_Grackle,54,53,random_erasing,random_erasing,0,"{""area_fraction"":0.157534,""erased"":true,""height"":0.580326,""left"":0.3332,""top"":0.023641,""width"":0.271457}",1.9498382,2.9567666,1.0069284,0.1422971,0.051986732,0.11934702,0.034030829,0.022950083,0.017955903,-0.0049941801,0.61855978,1.2026717,114.98766,138.29241,False,0.8156237,False,True,False,0.61855978,1.2026717,114.98766,138.29241,0.61198824,1.207763,112.5399,135.92153,0.78931219,1.0804336,23.599434,25.497622,0.55186028,1.2299121,24.690617,30.367288,0.65782338,1.1100896,52.575392,58.363395,0.63417318,1.2157552,59.037353,71.774969,0.59550911,1.2174773,53.219527,64.793565,0.57943466,1.2700085,54.531679,69.255696
0b_baseline_last,file,19,baseline,8764,150.Sage_Thrasher/Sage_Thrasher_0025_155661.jpg,150,149,150.Sage_Thrasher,194,193,identity,identity,0,{},0.074532777,0.074532777,0,0.92817706,0.92817706,0.03973018,0.03973018,0.88844688,0.88844688,0,1,1,14.526213,14.526213,False,1.0000001,True,True,True,1,1,14.526213,14.526213,1,1,14.329133,14.329133,1,1,2.3846991,2.3846991,1,1,2.3955271,2.3955271,1,1,6.6404497,6.6404497,1,1,8.8852005,8.8852005,1,1,6.2030221,6.2030221,1,1,6.169738,6.169738
0b_baseline_last,file,19,baseline,8764,150.Sage_Thrasher/Sage_Thrasher_0025_155661.jpg,150,149,150.Sage_Thrasher,194,193,horizontal_flip,horizontal_flip,0,"{""flipped"":true}",0.074532777,0.23768489,0.16315211,0.92817706,0.78845108,0.03973018,0.15451892,0.88844688,0.63393216,-0.25451472,0.75270694,3.2484072,14.526213,47.187054,False,0.97217625,True,True,True,0.75270694,3.2484072,14.526213,47.187054,0.74756127,3.2565796,14.329133,46.663964,0.96251949,2.938151,2.3846991,7.0066062,0.5174512,3.1095975,2.3955271,7.4491251,0.65661623,2.9637487,6.6404497,19.680624,0.78600021,3.2955817,8.8852005,29.281904,0.72567987,3.3945689,6.2030221,21.056586,0.82115009,3.376197,6.169738,20.830251
0b_baseline_last,file,19,baseline,8764,150.Sage_Thrasher/Sage_Thrasher_0025_155661.jpg,150,149,150.Sage_Thrasher,194,193,color_jitter,color_jitter,0,"{""brightness"":1.311212,""contrast"":1.139836,""hue"":0.02354,""saturation"":1.222101}",0.074532777,0.038930062,-0.035602715,0.92817706,0.96181798,0.03973018,0.015807847,0.88844688,0.94601013,0.057563255,0.86899719,0.48502446,14.526213,7.0455684,False,0.97089541,True,True,True,0.86899719,0.48502446,14.526213,7.0455684,0.86653198,0.48426445,14.329133,6.9390898,0.95451372,0.51170957,2.3846991,1.2202734,0.71730927,0.53027379,2.3955271,1.2702852,0.87149492,0.47741336,6.6404497,3.1702394,0.89214904,0.46410595,8.8852005,4.1236744,0.83190885,0.50012135,6.2030221,3.1022638,0.87417308,0.5088994,6.169738,3.1397759
0b_baseline_last,file,19,baseline,8764,150.Sage_Thrasher/Sage_Thrasher_0025_155661.jpg,150,149,150.Sage_Thrasher,194,193,rotation,rotation,0,"{""angle"":-11.047634}",0.074532777,0.64628756,0.57175478,0.92817706,0.52398741,0.03973018,0.3742429,0.88844688,0.14974451,-0.73870237,0.81870114,7.0976383,14.526213,103.1018,False,0.9509958,True,True,True,0.81870114,7.0976383,14.526213,103.1018,0.81553183,7.1030334,14.329133,101.78031,0.93683241,6.9000214,2.3846991,16.454475,0.64951486,7.0701203,2.3955271,16.936665,0.81714795,7.6867457,6.6404497,51.043448,0.85912271,6.5020318,8.8852005,57.771856,0.76918352,7.2428884,6.2030221,44.927797,0.81387348,7.4466738,6.169738,45.944027
0b_baseline_last,file,19,baseline,8764,150.Sage_Thrasher/Sage_Thrasher_0025_155661.jpg,150,149,150.Sage_Thrasher,194,193,random_resized_crop,random_resized_crop,0,"{""area_fraction"":0.625524,""aspect"":0.751578,""fallback"":false,""height"":0.912294,""left"":0.250507,""top"":0.004634,""width"":0.68566}",0.074532777,0.30959031,0.23505753,0.92817706,0.73374748,0.03973018,0.19652495,0.88844688,0.53722253,-0.35122434,0.7726203,3.6910179,14.526213,53.61651,False,0.9395417,True,True,True,0.7726203,3.6910179,14.526213,53.61651,0.76794422,3.679787,14.329133,52.728158,0.92896627,4.0758374,2.3846991,9.7196458,0.62479737,3.773767,2.3955271,9.040161,0.7259213,3.4986279,6.6404497,23.232463,0.83124012,3.546835,8.8852005,31.51434,0.7203303,3.8332111,6.2030221,23.777493,0.76540063,3.9710416,6.169738,24.500286
0b_baseline_last,file,19,baseline,8764,150.Sage_Thrasher/Sage_Thrasher_0025_155661.jpg,150,149,150.Sage_Thrasher,194,193,gaussian_blur,gaussian_blur,0,"{""sigma"":1.422196}",0.074532777,1.3223782,1.2478454,0.92817706,0.26650074,0.03973018,0.11535359,0.88844688,0.15114715,-0.73729973,0.36012867,11.267447,14.526213,163.67332,False,0.8455016,True,True,True,0.36012867,11.267447,14.526213,163.67332,0.34981901,11.294859,14.329133,161.84555,0.77289486,10.228595,2.3846991,24.392122,0.090962493,9.2650484,2.3955271,22.194674,0.11393186,12.586586,6.6404497,83.580593,0.32717824,9.8728921,8.8852005,87.722626,0.49922064,12.682502,6.2030221,78.66984,0.57028966,11.26607,6.169738,69.508697
0b_baseline_last,file,19,baseline,8764,150.Sage_Thrasher/Sage_Thrasher_0025_155661.jpg,150,149,150.Sage_Thrasher,194,193,random_erasing,random_erasing,0,"{""area_fraction"":0.100382,""erased"":true,""height"":0.364172,""left"":0.282788,""top"":0.252926,""width"":0.275644}",0.074532777,0.39551279,0.32098001,0.92817706,0.67333466,0.03973018,0.012813406,0.88844688,0.66052125,-0.22792563,0.40164041,3.6114531,14.526213,52.460735,False,0.93682778,True,True,True,0.40164041,3.6114531,14.526213,52.460735,0.38871129,3.5874362,14.329133,51.404852,0.79095101,4.3914725,2.3846991,10.472341,0.4073364,3.8970233,2.3955271,9.335425,0.29846195,3.56924,6.6404497,23.701358,0.29218978,2.9928548,8.8852005,26.592115,0.45122406,4.0765431,6.2030221,25.286887,0.57618032,4.1226935,6.169738,25.435939
0b_baseline_last,file,19,baseline,2169,038.Great_Crested_Flycatcher/Great_Crested_Flycatcher_0069_29603.jpg,38,37,038.Great_Crested_Flycatcher,39,38,identity,identity,0,{},0.49266881,0.49266881,0,0.61099362,0.61099362,0.27546874,0.27546874,0.33552489,0.33552489,0,1,1,98.089883,98.089883,False,1,True,True,True,1,1,98.089883,98.089883,1,1,97.039604,97.039604,1,1,14.315737,14.315737,1,1,20.030443,20.030443,1,1,47.797194,47.797194,1,1,55.906874,55.906874,1,1,45.799916,45.799916,1,1,38.828898,38.828898
0b_baseline_last,file,19,baseline,2169,038.Great_Crested_Flycatcher/Great_Crested_Flycatcher_0069_29603.jpg,38,37,038.Great_Crested_Flycatcher,39,38,horizontal_flip,horizontal_flip,0,"{""flipped"":true}",0.49266881,1.2247782,0.73210937,0.61099362,0.29382288,0.27546874,0.41095489,0.33552489,-0.11713201,-0.45265689,0.67851686,1.7224076,98.089883,168.95076,False,0.96455628,False,True,False,0.67851686,1.7224076,98.089883,168.95076,0.67226367,1.719575,97.039604,166.86688,0.94760877,1.8478806,14.315737,26.453773,0.71855751,2.1849224,20.030443,43.764964,0.68110049,1.8006884,47.797194,86.067852,0.69583514,1.6806014,55.906874,93.957173,0.59580016,1.6094178,45.799916,73.711199,0.70526964,1.6809734,38.828898,65.270343
0b_baseline_last,file,19,baseline,2169,038.Great_Crested_Flycatcher/Great_Crested_Flycatcher_0069_29603.jpg,38,37,038.Great_Crested_Flycatcher,39,38,color_jitter,color_jitter,0,"{""brightness"":0.620934,""contrast"":1.072884,""hue"":-0.043088,""saturation"":0.970894}",0.49266881,0.47842228,-0.014246523,0.61099362,0.61976045,0.27546874,0.047406685,0.33552489,0.57235377,0.23682888,0.69329976,1.0487583,98.089883,102.87258,False,0.93661129,True,True,True,0.69329976,1.0487583,98.089883,102.87258,0.69209789,1.052025,97.039604,102.08809,0.76898729,0.88575907,14.315737,12.680294,0.50696667,1.804192,20.030443,36.138766,0.68031268,1.1593391,47.797194,55.413156,0.75206322,0.9824176,55.906874,54.923897,0.71963814,0.93414821,45.799916,42.78391,0.72022013,0.89149518,38.828898,34.615776
0b_baseline_last,file,19,baseline,2169,038.Great_Crested_Flycatcher/Great_Crested_Flycatcher_0069_29603.jpg,38,37,038.Great_Crested_Flycatcher,39,38,rotation,rotation,0,"{""angle"":-0.860567}",0.49266881,0.3249909,-0.16767791,0.61099362,0.72253394,0.27546874,0.22709426,0.33552489,0.49543968,0.15991479,0.9045729,0.77057281,98.089883,75.585396,False,0.98687375,True,True,True,0.9045729,0.77057281,98.089883,75.585396,0.90291588,0.77086529,97.039604,74.804463,0.98224919,0.75701172,14.315737,10.837181,0.81293498,0.91386335,20.030443,18.305088,0.89903589,0.76887636,47.797194,36.750133,0.91570303,0.77463101,55.906874,43.307199,0.90489623,0.75070002,45.799916,34.381998,0.91295586,0.75192193,38.828898,29.1963
0b_baseline_last,file,19,baseline,2169,038.Great_Crested_Flycatcher/Great_Crested_Flycatcher_0069_29603.jpg,38,37,038.Great_Crested_Flycatcher,39,38,random_resized_crop,random_resized_crop,0,"{""area_fraction"":0.780824,""aspect"":0.932508,""fallback"":false,""height"":0.915062,""left"":0.121245,""top"":0.006931,""width"":0.853302}",0.49266881,0.5952372,0.10256839,0.61099362,0.55143172,0.27546874,0.36401612,0.33552489,0.1874156,-0.14810929,0.77245284,1.1000405,98.089883,107.90285,False,0.95836127,True,True,True,0.77245284,1.1000405,98.089883,107.90285,0.76831442,1.0985019,97.039604,106.59819,0.95265041,1.1685547,14.315737,16.728722,0.6868415,1.2513878,20.030443,25.065852,0.78057313,1.0201944,47.797194,48.762431,0.77701903,1.0828995,55.906874,60.541525,0.75168469,1.1167534,45.799916,51.147213,0.78723548,1.1733742,38.828898,45.560826
0b_baseline_last,file,19,baseline,2169,038.Great_Crested_Flycatcher/Great_Crested_Flycatcher_0069_29603.jpg,38,37,038.Great_Crested_Flycatcher,39,38,gaussian_blur,gaussian_blur,0,"{""sigma"":1.776278}",0.49266881,1.0716145,0.5789457,0.61099362,0.34245518,0.27546874,0.067257106,0.33552489,0.27519807,-0.060326815,0.41808682,1.7330135,98.089883,169.99109,False,0.89534545,True,True,True,0.41808682,1.7330135,98.089883,169.99109,0.41224157,1.7370466,97.039604,168.56232,0.72485449,1.5363189,14.315737,21.993538,0.22113848,3.5192061,20.030443,70.491258,0.29374573,1.7262902,47.797194,82.511829,0.4927275,1.6294666,55.906874,91.098384,0.46615795,1.5424712,45.799916,70.645053,0.55857389,1.4898193,38.828898,57.848044
0b_baseline_last,file,19,baseline,2169,038.Great_Crested_Flycatcher/Great_Crested_Flycatcher_0069_29603.jpg,38,37,038.Great_Crested_Flycatcher,39,38,random_erasing,random_erasing,0,"{""area_fraction"":0.119418,""erased"":true,""height"":0.21092,""left"":0.37848,""top"":0.122547,""width"":0.566175}",0.49266881,0.8652299,0.3725611,0.61099362,0.42095476,0.27546874,0.026685417,0.33552489,0.39426935,0.05874446,0.53038164,0.78389802,98.089883,76.892464,False,0.83826905,True,True,True,0.53038164,0.78389802,98.089883,76.892464,0.52618458,0.77687471,97.039604,75.387614,0.69672581,1.057437,14.315737,15.137991,0.62501532,0.85465656,20.030443,17.11915,0.50051251,0.70791379,47.797194,33.836293,0.57381376,0.68606359,55.906874,38.355671,0.49884265,0.75884047,45.799916,34.75483,0.52128656,1.0192463,38.828898,39.576213
0b_baseline_last,file,19,baseline,2664,047.American_Goldfinch/American_Goldfinch_0048_32885.jpg,47,46,047.American_Goldfinch,161,160,identity,identity,0,{},0.90439385,0.90439385,0,0.40478715,0.40478715,0.49671626,0.49671626,-0.091929108,-0.091929108,0,1,1,141.98176,141.98176,False,1,True,False,False,1,1,141.98176,141.98176,1,1,140.15163,140.15163,1,1,22.723104,22.723104,1,1,30.645948,30.645948,1,1,60.424207,60.424207,1,1,72.025376,72.025376,1,1,72.834653,72.834653,1,1,67.525398,67.525398
0b_baseline_last,file,19,baseline,2664,047.American_Goldfinch/American_Goldfinch_0048_32885.jpg,47,46,047.American_Goldfinch,161,160,horizontal_flip,horizontal_flip,0,"{""flipped"":true}",0.90439385,0.4131273,-0.49126655,0.40478715,0.66157806,0.49671626,0.30879718,-0.091929108,0.35278088,0.44470999,0.69777359,0.72124504,141.98176,102.40364,False,0.97744739,False,False,True,0.69777359,0.72124504,141.98176,102.40364,0.69122892,0.7228942,140.15163,101.3148,0.97564292,0.65543375,22.723104,14.893489,0.60152662,0.93668733,30.645948,28.705671,0.67764698,0.74234223,60.424207,44.855441,0.69845879,0.76656873,72.025376,55.212401,0.65774051,0.6553597,72.834653,47.732896,0.77039988,0.67893948,67.525398,45.845659
0b_baseline_last,file,19,baseline,2664,047.American_Goldfinch/American_Goldfinch_0048_32885.jpg,47,46,047.American_Goldfinch,161,160,color_jitter,color_jitter,0,"{""brightness"":0.900341,""contrast"":0.80785,""hue"":0.031143,""saturation"":1.167431}",0.90439385,2.5973394,1.6929455,0.40478715,0.074471459,0.49671626,0.82482636,-0.091929108,-0.7503549,-0.65842579,0.86142177,1.4085021,141.98176,199.98161,False,0.9597193,True,False,False,0.86142177,1.4085021,141.98176,199.98161,0.85873131,1.4036982,140.15163,196.73059,0.95821575,1.5804466,22.723104,35.912652,0.78595713,1.2812862,30.645948,39.26623,0.83763207,1.3980332,60.424207,84.475046,0.86361125,1.3346263,72.025376,96.126962,0.87525072,1.4481058,72.834653,105.47228,0.86678364,1.4555503,67.525398,98.286615
0b_baseline_last,file,19,baseline,2664,047.American_Goldfinch/American_Goldfinch_0048_32885.jpg,47,46,047.American_Goldfinch,161,160,rotation,rotation,0,"{""angle"":-9.825487}",0.90439385,1.5058715,0.60147768,0.40478715,0.2218239,0.49671626,0.65566111,-0.091929108,-0.43383721,-0.3419081,0.81651054,1.3474302,141.98176,191.31051,False,0.97937769,True,False,False,0.81651054,1.3474302,141.98176,191.31051,0.81209776,1.3461673,140.15163,188.66754,0.97904483,1.3946243,22.723104,31.690192,0.86008672,1.1873034,30.645948,36.38604,0.76372633,1.2109987,60.424207,73.173635,0.77558272,1.3700418,72.025376,98.677777,0.8268007,1.4022174,72.834653,102.13002,0.86684651,1.3852202,67.525398,93.537546
0b_baseline_last,file,19,baseline,2664,047.American_Goldfinch/American_Goldfinch_0048_32885.jpg,47,46,047.American_Goldfinch,161,160,random_resized_crop,random_resized_crop,0,"{""area_fraction"":0.794349,""aspect"":0.996906,""fallback"":false,""height"":0.892644,""left"":0.018539,""top"":0.071653,""width"":0.889882}",0.90439385,1.8775828,0.97318894,0.40478715,0.15295941,0.49671626,0.56632251,-0.091929108,-0.4133631,-0.32143399,0.75081075,1.105735,141.98176,156.9942,False,0.97654736,True,False,False,0.75081075,1.105735,141.98176,156.9942,0.74448185,1.099577,140.15163,154.10751,0.96360937,1.3188142,22.723104,29.967551,0.78914637,0.77945811,30.645948,23.887233,0.65484518,1.0196905,60.424207,61.613992,0.67253608,1.0592963,72.025376,76.296213,0.7698486,1.1303803,72.834653,82.330855,0.85444779,1.2196523,67.525398,82.357504
0b_baseline_last,file,19,baseline,2664,047.American_Goldfinch/American_Goldfinch_0048_32885.jpg,47,46,047.American_Goldfinch,161,160,gaussian_blur,gaussian_blur,0,"{""sigma"":1.255684}",0.90439385,3.3146911,2.4102972,0.40478715,0.036345277,0.49671626,0.67576832,-0.091929108,-0.63942304,-0.54749393,0.62126522,1.2166747,141.98176,172.74561,False,0.90414631,True,False,False,0.62126522,1.2166747,141.98176,172.74561,0.61269096,1.2089121,140.15163,169.43101,0.89985486,1.4820851,22.723104,33.677574,0.29106697,1.0061602,30.645948,30.834733,0.33891683,1.0934394,60.424207,66.070211,0.59799502,1.2551334,72.025376,90.401457,0.70546547,1.2620611,72.834653,91.921782,0.77474298,1.2183944,67.525398,82.272568
0b_baseline_last,file,19,baseline,2664,047.American_Goldfinch/American_Goldfinch_0048_32885.jpg,47,46,047.American_Goldfinch,161,160,random_erasing,random_erasing,0,"{""area_fraction"":0.164291,""erased"":true,""height"":0.348917,""left"":0.34436,""top"":0.138482,""width"":0.47086}",0.90439385,2.2469609,1.342567,0.40478715,0.10572003,0.49671626,0.10618238,-0.091929108,-0.00046235323,0.091466755,0.43810193,1.117263,141.98176,158.63096,False,0.88588697,False,False,False,0.43810193,1.117263,141.98176,158.63096,0.43126859,1.114109,140.15163,156.1442,0.67544993,1.2312605,22.723104,27.97806,0.46113764,0.84401861,30.645948,25.865751,0.43758353,1.0971842,60.424207,66.296484,0.37660043,1.1709262,72.025376,84.336397,0.43404868,1.107259,72.834653,80.646822,0.48688422,1.118094,67.525398,75.499744
0b_baseline_last,file,19,baseline,6240,107.Common_Raven/Common_Raven_0079_101100.jpg,107,106,107.Common_Raven,30,29,identity,identity,0,{},4.5210414,4.5210414,0,0.01087769,0.01087769,0.95829636,0.95829636,-0.94741867,-0.94741867,0,1,1,209.42331,209.42331,False,0.99999988,True,False,False,1,1,209.42331,209.42331,1,1,204.49903,204.49903,1,1,45.147196,45.147196,1,1,93.106493,93.106493,1,1,90.573557,90.573557,1,1,91.930027,91.930027,1,1,86.755838,86.755838,1,1,94.708808,94.708808
0b_baseline_last,file,19,baseline,6240,107.Common_Raven/Common_Raven_0079_101100.jpg,107,106,107.Common_Raven,30,29,horizontal_flip,horizontal_flip,0,"{""flipped"":true}",4.5210414,3.7627335,-0.75830793,0.01087769,0.023220181,0.95829636,0.93611091,-0.94741867,-0.91289073,0.034527936,0.41045891,0.90086413,209.42331,188.66194,False,0.96989286,True,False,False,0.41045891,0.90086413,209.42331,188.66194,0.38421028,0.9023818,204.49903,184.5362,0.9698844,0.86914075,45.147196,39.239268,-0.53698328,0.71213214,93.106493,66.304127,0.19916272,0.86994399,90.573557,78.793922,0.61808753,0.96569622,91.930027,88.77648,0.61994239,1.0036325,86.755838,87.070978,0.78752531,0.94358636,94.708808,89.365939
0b_baseline_last,file,19,baseline,6240,107.Common_Raven/Common_Raven_0079_101100.jpg,107,106,107.Common_Raven,30,29,color_jitter,color_jitter,0,"{""brightness"":1.046725,""contrast"":0.830243,""hue"":-0.012248,""saturation"":0.947987}",4.5210414,3.8030312,-0.71801019,0.01087769,0.022303063,0.95829636,0.90235519,-0.94741867,-0.88005213,0.067366538,0.92413603,0.94191872,209.42331,197.25973,False,0.99338281,True,False,False,0.92413603,0.94191872,209.42331,197.25973,0.92076727,0.94169522,204.49903,192.57576,0.99291505,0.94649265,45.147196,42.731489,0.95744689,0.62779082,93.106493,58.451402,0.90670058,0.99409049,90.573557,90.038312,0.92907885,1.0377763,91.930027,95.402802,0.93090842,1.0280002,86.755838,89.185016,0.95081045,0.97382268,94.708808,92.229586
0b_baseline_last,file,19,baseline,6240,107.Common_Raven/Common_Raven_0079_101100.jpg,107,106,107.Common_Raven,30,29,rotation,rotation,0,"{""angle"":9.468617}",4.5210414,6.5370021,2.0159607,0.01087769,0.0014488258,0.95829636,0.98436755,-0.94741867,-0.98291872,-0.035500055,0.80593826,1.1003972,209.42331,230.44881,False,0.97562546,True,False,False,0.80593826,1.1003972,209.42331,230.44881,0.79798198,1.1021602,204.49903,225.39068,0.97559001,1.0635802,45.147196,48.017664,0.85061098,1.0038651,93.106493,93.466362,0.78357546,1.1561313,90.573557,104.71493,0.78199868,1.2299879,91.930027,113.07282,0.75885598,1.1113552,86.755838,96.41655,0.83060169,1.0026949,94.708808,94.964035
0b_baseline_last,file,19,baseline,6240,107.Common_Raven/Common_Raven_0079_101100.jpg,107,106,107.Common_Raven,30,29,random_resized_crop,random_resized_crop,0,"{""area_fraction"":0.584507,""aspect"":1.24499,""fallback"":false,""height"":0.685192,""left"":0.081369,""top"":0.221643,""width"":0.853057}",4.5210414,4.1284785,-0.39256287,0.01087769,0.016107367,0.95829636,0.94052505,-0.94741867,-0.92441769,0.023000981,0.74133026,1.0628565,209.42331,222.58692,False,0.9529382,True,False,False,0.74133026,1.0628565,209.42331,222.58692,0.73197375,1.0667452,204.49903,218.14836,0.952938,0.97966829,45.147196,44.229277,0.80724527,0.97167709,93.106493,90.469446,0.6889551,1.0320492,90.573557,93.476371,0.68288268,1.1382101,91.930027,104.63568,0.6992142,1.1574427,86.755838,100.41491,0.79188473,1.0363856,94.708808,98.154846
0b_baseline_last,file,19,baseline,6240,107.Common_Raven/Common_Raven_0079_101100.jpg,107,106,107.Common_Raven,30,29,gaussian_blur,gaussian_blur,0,"{""sigma"":1.276016}",4.5210414,1.0264847,-3.4945567,0.01087769,0.35826415,0.95829636,0.27928394,-0.94741867,0.078980207,1.0263989,0.50099094,0.71448302,209.42331,149.6294,False,0.89557791,False,False,True,0.50099094,0.71448302,209.42331,149.6294,0.4925883,0.72267327,204.49903,147.78598,0.76807367,0.51863597,45.147196,23.41496,0.58896068,0.5809202,93.106493,54.087443,0.4016754,0.84847961,90.573557,76.849817,0.44451184,0.82181306,91.930027,75.549297,0.52147011,0.7431385,86.755838,64.471603,0.58765444,0.59214018,94.708808,56.080891
0b_baseline_last,file,19,baseline,6240,107.Common_Raven/Common_Raven_0079_101100.jpg,107,106,107.Common_Raven,30,29,random_erasing,random_erasing,0,"{""area_fraction"":0.083437,""erased"":true,""height"":0.305689,""left"":0.151624,""top"":0.44314,""width"":0.272947}",4.5210414,3.4036479,-1.1173935,0.01087769,0.033251747,0.95829636,0.89924538,-0.94741867,-0.86599363,0.081425034,0.93018883,0.97820508,209.42331,204.85894,False,0.98230737,True,False,False,0.93018883,0.97820508,209.42331,204.85894,0.9279191,0.98097468,204.49903,200.60837,0.98172983,0.91954078,45.147196,41.514688,0.97736417,0.86774113,93.106493,80.792334,0.93313315,0.97464083,90.573557,88.276687,0.90992557,1.0432467,91.930027,95.905699,0.90290621,1.0499993,86.755838,91.093572,0.9311912,0.96930756,94.708808,91.801963
0b_baseline_last,file,19,baseline,10156,173.Orange_crowned_Warbler/Orange_Crowned_Warbler_0120_167587.jpg,173,172,173.Orange_crowned_Warbler,175,174,identity,identity,0,{},0.49207187,0.49207187,0,0.6113584,0.6113584,0.14114219,0.14114219,0.47021621,0.47021621,0,1,1,71.969329,71.969329,False,0.99999988,True,True,True,1,1,71.969329,71.969329,1,1,70.923591,70.923591,1,1,12.224095,12.224095,1,1,21.763118,21.763118,1,1,36.483725,36.483725,1,1,34.180088,34.180088,1,1,32.29836,32.29836,1,1,31.843333,31.843333
0b_baseline_last,file,19,baseline,10156,173.Orange_crowned_Warbler/Orange_Crowned_Warbler_0120_167587.jpg,173,172,173.Orange_crowned_Warbler,175,174,horizontal_flip,horizontal_flip,0,"{""flipped"":true}",0.49207187,0.64724541,0.15517354,0.6113584,0.52348578,0.14114219,0.045376487,0.47021621,0.47810929,0.007893078,0.55544787,1.0833107,71.969329,77.965147,False,0.94852954,True,True,True,0.55544787,1.0833107,71.969329,77.965147,0.54602775,1.0828106,70.923591,76.796814,0.86766128,1.100015,12.224095,13.446688,0.49583257,0.92567873,21.763118,20.145655,0.44858648,0.86893077,36.483725,31.701831,0.58259868,1.1535752,34.180088,39.429303,0.55245788,1.2373415,32.29836,39.964101,0.63562352,1.1474613,31.843333,36.538991
0b_baseline_last,file,19,baseline,10156,173.Orange_crowned_Warbler/Orange_Crowned_Warbler_0120_167587.jpg,173,172,173.Orange_crowned_Warbler,175,174,color_jitter,color_jitter,0,"{""brightness"":1.008859,""contrast"":1.002707,""hue"":0.019934,""saturation"":1.374866}",0.49207187,1.174902,0.6828301,0.6113584,0.30884928,0.14114219,0.27848467,0.47021621,0.030364603,-0.43985161,0.73305636,1.5112052,71.969329,108.76042,False,0.97434103,True,True,True,0.73305636,1.5112052,71.969329,108.76042,0.7255109,1.5026141,70.923591,106.57079,0.95785457,1.7763244,12.224095,21.713958,0.80046534,1.2699474,21.763118,27.638015,0.57470812,1.4027948,36.483725,51.17918,0.72863386,1.531902,34.180088,52.360546,0.7695051,1.5711518,32.29836,50.745628,0.83085477,1.6188684,31.843333,51.550166
0b_baseline_last,file,19,baseline,10156,173.Orange_crowned_Warbler/Orange_Crowned_Warbler_0120_167587.jpg,173,172,173.Orange_crowned_Warbler,175,174,rotation,rotation,0,"{""angle"":11.205647}",0.49207187,0.89587277,0.4038009,0.6113584,0.40825114,0.14114219,0.13038617,0.47021621,0.27786496,-0.19235125,0.70682798,1.4471532,71.969329,104.15065,False,0.95812958,True,True,True,0.70682798,1.4471532,71.969329,104.15065,0.70066515,1.451271,70.923591,102.92935,0.94237436,1.3009564,12.224095,15.903014,0.71918002,1.1739444,21.763118,25.54869,0.68387225,1.560319,36.483725,56.926248,0.65313471,1.4365458,34.180088,49.101262,0.70037147,1.4886072,32.29836,48.079571,0.7843687,1.396863,31.843333,44.480772
0b_baseline_last,file,19,baseline,10156,173.Orange_crowned_Warbler/Orange_Crowned_Warbler_0120_167587.jpg,173,172,173.Orange_crowned_Warbler,175,174,random_resized_crop,random_resized_crop,0,"{""area_fraction"":0.529967,""aspect"":0.857419,""fallback"":false,""height"":0.786191,""left"":0.157297,""top"":0.165814,""width"":0.674095}",0.49207187,1.1117631,0.61969125,0.6113584,0.32897845,0.14114219,0.085007958,0.47021621,0.24397049,-0.22624572,0.56894107,1.8298118,71.969329,131.69033,False,0.90360337,True,True,True,0.56894107,1.8298118,71.969329,131.69033,0.56158388,1.8349475,70.923591,130.14106,0.84797723,1.6476206,12.224095,20.140671,0.69261545,1.5046335,21.763118,32.745516,0.57917235,1.6773519,36.483725,61.196044,0.4728089,2.0177514,34.180088,68.96692,0.53056607,1.9639248,32.29836,63.431552,0.64952566,1.8147655,31.843333,57.788181
0b_baseline_last,file,19,baseline,10156,173.Orange_crowned_Warbler/Orange_Crowned_Warbler_0120_167587.jpg,173,172,173.Orange_crowned_Warbler,175,174,gaussian_blur,gaussian_blur,0,"{""sigma"":1.915397}",0.49207187,4.798965,4.3068931,0.6113584,0.008238269,0.14114219,0.0052386695,0.47021621,0.0029995996,-0.46721662,0.28582213,2.7389145,71.969329,197.11784,False,0.74232632,False,True,False,0.28582213,2.7389145,71.969329,197.11784,0.27798505,2.7488035,70.923591,194.95501,0.59309855,2.3821926,12.224095,29.120149,0.18103434,2.3086917,21.763118,50.244329,0.29101941,2.7922541,36.483725,101.87183,0.19352662,3.1817439,34.180088,108.75228,0.30587801,2.6775313,32.29836,86.479871,0.40840262,2.3914872,31.843333,76.152924
0b_baseline_last,file,19,baseline,10156,173.Orange_crowned_Warbler/Orange_Crowned_Warbler_0120_167587.jpg,173,172,173.Orange_crowned_Warbler,175,174,random_erasing,random_erasing,0,"{""area_fraction"":0.091518,""erased"":true,""height"":0.332727,""left"":0.234355,""top"":0.517301,""width"":0.275053}",0.49207187,3.1928225,2.7007506,0.6113584,0.041055821,0.14114219,0.46669108,0.47021621,-0.42563526,-0.89585147,0.65354339,2.2352993,71.969329,160.87299,False,0.91810668,False,True,False,0.65354339,2.2352993,71.969329,160.87299,0.64603615,2.2329779,70.923591,158.37081,0.89799454,2.3120861,12.224095,28.26316,0.73651363,1.9068555,21.763118,41.49912,0.65409545,2.0755099,36.483725,75.722332,0.5730112,2.3759978,34.180088,81.211814,0.60929006,2.3148181,32.29836,74.764828,0.73332152,2.3162529,31.843333,73.757213
0b_baseline_last,file,19,baseline,9794,167.Hooded_Warbler/Hooded_Warbler_0057_164137.jpg,167,166,167.Hooded_Warbler,180,179,identity,identity,0,{},0.00012468515,0.00012468515,0,0.99987531,0.99987531,4.0248247e-05,4.0248247e-05,0.99983506,0.99983506,0,1,1,0.017034129,0.017034129,False,0.99999994,True,True,True,1,1,0.017034129,0.017034129,1,1,0.016369815,0.016369815,1,1,0.0047106996,0.0047106996,1,1,0.0026024109,0.0026024109,1,1,0.0057284337,0.0057284337,1,1,0.0075109183,0.0075109183,1,1,0.0079967913,0.0079967913,1,1,0.010393305,0.010393305
0b_baseline_last,file,19,baseline,9794,167.Hooded_Warbler/Hooded_Warbler_0057_164137.jpg,167,166,167.Hooded_Warbler,180,179,horizontal_flip,horizontal_flip,0,"{""flipped"":true}",0.00012468515,4.9232225e-05,-7.5452921e-05,0.99987531,0.99995077,4.0248247e-05,1.1330888e-05,0.99983506,0.99993944,0.00010437684,0.65454701,0.36951719,0.017034129,0.0062944033,False,0.98375833,True,True,True,0.65454701,0.36951719,0.017034129,0.0062944033,0.62776967,0.36817635,0.016369815,0.0060269787,0.96412734,0.38534078,0.0047106996,0.0018152247,0.38653051,0.31412565,0.0026024109,0.00081748403,0.32734755,0.316772,0.0057284337,0.0018146074,0.5543158,0.3501016,0.0075109183,0.0026295845,0.58310725,0.34539265,0.0079967913,0.0027620329,0.7722972,0.40616115,0.010393305,0.0042213566
0b_baseline_last,file,19,baseline,9794,167.Hooded_Warbler/Hooded_Warbler_0057_164137.jpg,167,166,167.Hooded_Warbler,180,179,color_jitter,color_jitter,0,"{""brightness"":1.043897,""contrast"":1.278162,""hue"":0.001775,""saturation"":0.880803}",0.00012468515,0.00021181247,8.7127322e-05,0.99987531,0.99978822,4.0248247e-05,2.6713535e-05,0.99983506,0.99976151,-7.3547673e-05,0.78584706,1.9365436,0.017034129,0.032987332,False,0.99253356,True,True,True,0.78584706,1.9365436,0.017034129,0.032987332,0.77501271,1.960554,0.016369815,0.032093907,0.95784378,1.6187194,0.0047106996,0.0076253006,0.68908429,2.432816,0.0026024109,0.0063311868,0.67733349,2.1058827,0.0057284337,0.01206341,0.72948865,2.1800416,0.0075109183,0.016374114,0.7509271,1.9895246,0.0079967913,0.015909813,0.87643747,1.7296786,0.010393305,0.017977077
0b_baseline_last,file,19,baseline,9794,167.Hooded_Warbler/Hooded_Warbler_0057_164137.jpg,167,166,167.Hooded_Warbler,180,179,rotation,rotation,0,"{""angle"":-13.090669}",0.00012468515,0.00095691183,0.00083222668,0.99987531,0.99904352,4.0248247e-05,0.00031517964,0.99983506,0.99872834,-0.0011067142,0.64730063,8.8168458,0.017034129,0.15018728,False,0.96993721,True,True,True,0.64730063,8.8168458,0.017034129,0.15018728,0.62815197,8.9506437,0.016369815,0.14652038,0.96128257,7.0021064,0.0047106996,0.03298482,0.51189825,9.0390421,0.0026024109,0.023523302,0.56219827,9.5521697,0.0057284337,0.05471897,0.55709053,10.567831,0.0075109183,0.079374115,0.59598616,9.5945412,0.0079967913,0.076725543,0.7640187,7.2855441,0.010393305,0.07572088
0b_baseline_last,file,19,baseline,9794,167.Hooded_Warbler/Hooded_Warbler_0057_164137.jpg,167,166,167.Hooded_Warbler,180,179,random_resized_crop,random_resized_crop,0,"{""area_fraction"":0.512979,""aspect"":1.186122,""fallback"":false,""height"":0.657635,""left"":0.219431,""top"":0.093851,""width"":0.780036}",0.00012468515,0.0011768566,0.0010521714,0.99987531,0.99882382,4.0248247e-05,0.00042272196,0.99983506,0.9984011,-0.0014339593,0.64124133,9.2917732,0.017034129,0.15827726,False,0.96998596,True,True,True,0.64124133,9.2917732,0.017034129,0.15827726,0.61663552,9.3443728,0.016369815,0.15296565,0.96480127,8.6313198,0.0047106996,0.040659555,0.4283763,13.751878,0.0026024109,0.035788038,0.56483896,11.384869,0.0057284337,0.065217466,0.53253071,9.5694672,0.0075109183,0.071875486,0.58226026,9.0809716,0.0079967913,0.072618635,0.74537847,8.290674,0.010393305,0.086167503
0b_baseline_last,file,19,baseline,9794,167.Hooded_Warbler/Hooded_Warbler_0057_164137.jpg,167,166,167.Hooded_Warbler,180,179,gaussian_blur,gaussian_blur,0,"{""sigma"":1.95486}",0.00012468515,0.20878254,0.20865785,0.99987531,0.81157172,4.0248247e-05,0.003650429,0.99983506,0.80792129,-0.19191377,0.39300599,2957.4345,0.017034129,50.377319,False,0.85323846,True,True,True,0.39300599,2957.4345,0.017034129,50.377319,0.38512922,3050.0358,0.016369815,49.928521,0.71117543,1424.3048,0.0047106996,6.7094719,0.20716812,4374.359,0.0026024109,11.38388,0.36579993,4424.784,0.0057284337,25.347082,0.41999907,3973.701,0.0075109183,29.846144,0.39507721,2834.4756,0.0079967913,22.66671,0.48565704,1710.959,0.010393305,17.782518
0b_baseline_last,file,19,baseline,9794,167.Hooded_Warbler/Hooded_Warbler_0057_164137.jpg,167,166,167.Hooded_Warbler,180,179,random_erasing,random_erasing,0,"{""area_fraction"":0.095989,""erased"":true,""height"":0.180748,""left"":0.268365,""top"":0.108535,""width"":0.531064}",0.00012468515,0.00021920186,9.4516712e-05,0.99987531,0.99978083,4.0248247e-05,9.9800214e-05,0.99983506,0.99968103,-0.00015402533,0.82145161,1.7100014,0.017034129,0.029128383,False,0.98859727,True,True,True,0.82145161,1.7100014,0.017034129,0.029128383,0.80892622,1.7090231,0.016369815,0.027976391,0.97160693,1.7217717,0.0047106996,0.0081107491,0.64918233,1.382521,0.0026024109,0.0035978879,0.61040248,1.5436689,0.0057284337,0.0088428047,0.77612967,1.7467222,0.0075109183,0.013119488,0.80987065,1.7863283,0.0079967913,0.014284895,0.89111007,1.7086344,0.010393305,0.017758358
0b_baseline_last,file,19,baseline,9937,169.Magnolia_Warbler/Magnolia_Warbler_0032_165960.jpg,169,168,169.Magnolia_Warbler,172,171,identity,identity,0,{},3.8604763,3.8604763,0,0.021057967,0.021057967,0.56666499,0.56666499,-0.54560703,-0.54560703,0,1,1,133.20207,133.20207,False,1,True,False,False,1,1,133.20207,133.20207,1,1,130.46278,130.46278,1,1,26.874776,26.874776,1,1,24.431364,24.431364,1,1,54.690627,54.690627,1,1,66.55061,66.55061,1,1,66.934658,66.934658,1,1,67.255849,67.255849
0b_baseline_last,file,19,baseline,9937,169.Magnolia_Warbler/Magnolia_Warbler_0032_165960.jpg,169,168,169.Magnolia_Warbler,172,171,horizontal_flip,horizontal_flip,0,"{""flipped"":true}",3.8604763,3.3081968,-0.55227947,0.021057967,0.036582079,0.56666499,0.53538227,-0.54560703,-0.49880019,0.046806835,0.65885278,1.0500804,133.20207,139.87288,False,0.96731055,True,False,False,0.65885278,1.0500804,133.20207,139.87288,0.64592686,1.0498752,130.46278,136.96964,0.96201847,1.0549042,26.874776,28.350314,0.61865407,0.77687316,24.431364,18.980071,0.52868255,0.87982349,54.690627,48.118098,0.61867288,1.0590849,66.55061,70.482745,0.650416,1.1523794,66.934658,77.134118,0.74546443,1.068844,67.255849,71.886008
0b_baseline_last,file,19,baseline,9937,169.Magnolia_Warbler/Magnolia_Warbler_0032_165960.jpg,169,168,169.Magnolia_Warbler,172,171,color_jitter,color_jitter,0,"{""brightness"":0.642229,""contrast"":1.125032,""hue"":0.05201,""saturation"":0.618737}",3.8604763,5.6702938,1.8098176,0.021057967,0.0034468523,0.56666499,0.1754259,-0.54560703,-0.17197905,0.37362798,0.60624106,0.79942331,133.20207,106.48484,False,0.89373189,False,False,False,0.60624106,0.79942331,133.20207,106.48484,0.59605102,0.79079595,130.46278,103.16944,0.81323901,0.9810133,26.874776,26.364513,0.33502215,0.81782327,24.431364,19.980538,0.51815161,0.86606592,54.690627,47.365688,0.64756489,0.78516235,66.55061,52.253033,0.60614327,0.70775823,66.934658,47.373555,0.63323542,0.8179849,67.255849,55.014269
0b_baseline_last,file,19,baseline,9937,169.Magnolia_Warbler/Magnolia_Warbler_0032_165960.jpg,169,168,169.Magnolia_Warbler,172,171,rotation,rotation,0,"{""angle"":4.956194}",3.8604763,3.5486712,-0.31180501,0.021057967,0.02876283,0.56666499,0.66621423,-0.54560703,-0.6374514,-0.091844371,0.8523249,1.0991824,133.20207,146.41337,False,0.98082727,True,False,False,0.8523249,1.0991824,133.20207,146.41337,0.84712043,1.0999741,130.46278,143.50568,0.97733224,1.0803576,26.874776,29.034369,0.83492397,0.95793583,24.431364,23.403679,0.87402761,1.0805837,54.690627,59.097798,0.83642463,1.1702017,66.55061,77.87764,0.82843526,1.0982661,66.934658,73.512067,0.8645564,1.0602307,67.255849,71.306713
0b_baseline_last,file,19,baseline,9937,169.Magnolia_Warbler/Magnolia_Warbler_0032_165960.jpg,169,168,169.Magnolia_Warbler,172,171,random_resized_crop,random_resized_crop,0,"{""area_fraction"":0.714162,""aspect"":1.263547,""fallback"":false,""height"":0.751801,""left"":0.047954,""top"":0.196271,""width"":0.949935}",3.8604763,2.6005204,-1.2599559,0.021057967,0.07423494,0.56666499,0.37044644,-0.54560703,-0.2962115,0.24939552,0.74694984,1.2600833,133.20207,167.8457,False,0.95226908,True,False,False,0.74694984,1.2600833,133.20207,167.8457,0.74008815,1.2655118,130.46278,165.1022,0.93393471,1.1245943,26.874776,30.22322,0.70113555,1.5472029,24.431364,37.800278,0.73374011,1.3552297,54.690627,74.118363,0.74509753,1.3861788,66.55061,92.251045,0.7305138,1.2124829,66.934658,81.157131,0.77578036,1.0762652,67.255849,72.38513
0b_baseline_last,file,19,baseline,9937,169.Magnolia_Warbler/Magnolia_Warbler_0032_165960.jpg,169,168,169.Magnolia_Warbler,172,171,gaussian_blur,gaussian_blur,0,"{""sigma"":1.093201}",3.8604763,4.5993743,0.73889804,0.021057967,0.010058129,0.56666499,0.5833984,-0.54560703,-0.57334027,-0.027733246,0.72266034,1.0150346,133.20207,135.2047,False,0.95099252,True,False,False,0.72266034,1.0150346,133.20207,135.2047,0.71307631,1.01463,130.46278,132.37146,0.9463684,1.0245211,26.874776,27.533775,0.52809659,0.86007601,24.431364,21.01283,0.53811735,1.061022,54.690627,58.027959,0.72811664,1.0607192,66.55061,70.59151,0.75149091,0.98708799,66.934658,66.070397,0.80829469,0.98233619,67.255849,66.067854
0b_baseline_last,file,19,baseline,9937,169.Magnolia_Warbler/Magnolia_Warbler_0032_165960.jpg,169,168,169.Magnolia_Warbler,172,171,random_erasing,random_erasing,0,"{""area_fraction"":0.060415,""erased"":true,""height"":0.183251,""left"":0.249099,""top"":0.689605,""width"":0.329682}",3.8604763,4.0505524,0.19007611,0.021057967,0.01741275,0.56666499,0.38012618,-0.54560703,-0.36271343,0.1828936,0.81759131,0.69758212,133.20207,92.919382,False,0.9657107,True,False,False,0.81759131,0.69758212,133.20207,92.919382,0.8116687,0.68804301,130.46278,89.764005,0.95163596,0.89336774,26.874776,24.009058,0.88374192,0.65076888,24.431364,15.899171,0.84932166,0.70406276,54.690627,38.505634,0.78655899,0.65798384,66.55061,43.789226,0.78020297,0.63968911,66.934658,42.817372,0.83428687,0.75395443,67.255849,50.707845
0b_baseline_last,file,19,baseline,9237,158.Bay_breasted_Warbler/Bay_Breasted_Warbler_0062_159783.jpg,158,157,158.Bay_breasted_Warbler,165,164,identity,identity,0,{},0.0049122125,0.0049122125,0,0.99509984,0.99509984,0.0034313167,0.0034313167,0.99166853,0.99166853,0,1,1,0.86143612,0.86143612,False,1,True,True,True,1,1,0.86143612,0.86143612,1,1,0.84009613,0.84009613,1,1,0.19055361,0.19055361,1,1,0.14934084,0.14934084,1,1,0.35094989,0.35094989,1,1,0.42787683,0.42787683,1,1,0.41393861,0.41393861,1,1,0.45372816,0.45372816
0b_baseline_last,file,19,baseline,9237,158.Bay_breasted_Warbler/Bay_Breasted_Warbler_0062_159783.jpg,158,157,158.Bay_breasted_Warbler,165,164,horizontal_flip,horizontal_flip,0,"{""flipped"":true}",0.0049122125,0.0033173312,-0.0015948813,0.99509984,0.99668819,0.0034313167,0.0025736839,0.99166853,0.9941145,0.0024459774,0.74304181,0.7319721,0.86143612,0.63054721,False,0.98739237,True,True,True,0.74304181,0.7319721,0.86143612,0.63054721,0.73130146,0.73356579,0.84009613,0.61626578,0.98284799,0.70027603,0.19055361,0.13344013,0.80467971,0.78048931,0.14934084,0.11655893,0.70781416,0.70083786,0.35094989,0.24595897,0.72640222,0.76693938,0.42787683,0.32815559,0.67982755,0.74337744,0.41393861,0.30771262,0.78792988,0.70845858,0.45372816,0.32144761
0b_baseline_last,file,19,baseline,9237,158.Bay_breasted_Warbler/Bay_Breasted_Warbler_0062_159783.jpg,158,157,158.Bay_breasted_Warbler,165,164,color_jitter,color_jitter,0,"{""brightness"":1.296523,""contrast"":0.851232,""hue"":0.096889,""saturation"":0.704018}",0.0049122125,0.42948133,0.42456912,0.99509984,0.6508466,0.0034313167,0.30233943,0.99166853,0.34850717,-0.64316136,0.7187466,82.177732,0.86143612,70.790867,False,0.9025622,True,True,True,0.7187466,82.177732,0.86143612,70.790867,0.71185319,82.821433,0.84009613,69.577966,0.89331051,68.474821,0.19055361,13.048124,0.4930006,77.871855,0.14934084,11.629449,0.68064869,92.193777,0.35094989,32.355396,0.76243483,88.780919,0.42787683,37.987299,0.70681696,81.833133,0.41393861,33.873894,0.72285545,72.043026,0.45372816,32.687949
0b_baseline_last,file,19,baseline,9237,158.Bay_breasted_Warbler/Bay_Breasted_Warbler_0062_159783.jpg,158,157,158.Bay_breasted_Warbler,165,164,rotation,rotation,0,"{""angle"":10.586473}",0.0049122125,0.012507923,0.0075957105,0.99509984,0.98756999,0.0034313167,0.010070835,0.99166853,0.97749915,-0.014169373,0.80453438,2.9691516,0.86143612,2.5577344,False,0.9809227,True,True,True,0.80453438,2.9691516,0.86143612,2.5577344,0.79745649,2.988972,0.84009613,2.5110238,0.97513486,2.553532,0.19055361,0.48658474,0.84079836,3.4298081,0.14934084,0.51221044,0.79785626,3.5853805,0.35094989,1.2582889,0.80504182,3.171451,0.42787683,1.3569904,0.77719015,2.7438228,0.41393861,1.1357742,0.82762858,2.5399981,0.45372816,1.1524687
0b_baseline_last,file,19,baseline,9237,158.Bay_breasted_Warbler/Bay_Breasted_Warbler_0062_159783.jpg,158,157,158.Bay_breasted_Warbler,165,164,random_resized_crop,random_resized_crop,0,"{""area_fraction"":0.652229,""aspect"":0.913432,""fallback"":false,""height"":0.84501,""left"":0.108658,""top"":0.12209,""width"":0.771859}",0.0049122125,0.0058594602,0.00094724772,0.99509984,0.99415767,0.0034313167,0.0041359663,0.99166853,0.99002171,-0.0016468202,0.77862317,1.2862241,0.86143612,1.1079999,False,0.98060787,True,True,True,0.77862317,1.2862241,0.86143612,1.1079999,0.76982566,1.2935382,0.84009613,1.0866965,0.9799469,1.1347363,0.19055361,0.2162281,0.76088133,1.3302389,0.14934084,0.198659,0.76669504,1.3724991,0.35094989,0.48167841,0.76908817,1.3408686,0.42787683,0.57372661,0.74522772,1.2593365,0.41393861,0.521288,0.79758925,1.2241944,0.45372816,0.55545146
0b_baseline_last,file,19,baseline,9237,158.Bay_breasted_Warbler/Bay_Breasted_Warbler_0062_159783.jpg,158,157,158.Bay_breasted_Warbler,165,164,gaussian_blur,gaussian_blur,0,"{""sigma"":1.868029}",0.0049122125,1.2594941,1.2545819,0.99509984,0.28379756,0.0034313167,0.33108464,0.99166853,-0.047287077,-1.0389556,0.45003957,154.63038,0.86143612,133.20419,False,0.79475021,False,True,False,0.45003957,154.63038,0.86143612,133.20419,0.43747634,156.15085,0.84009613,131.18173,0.77807499,121.35067,0.19055361,23.123808,0.52089743,239.69743,0.14934084,35.796616,0.35954322,184.14224,0.35094989,64.624699,0.45171936,167.43235,0.42787683,71.640424,0.42459035,144.77744,0.41393861,59.928973,0.51649775,121.25932,0.45372816,55.018766
0b_baseline_last,file,19,baseline,9237,158.Bay_breasted_Warbler/Bay_Breasted_Warbler_0062_159783.jpg,158,157,158.Bay_breasted_Warbler,165,164,random_erasing,random_erasing,0,"{""area_fraction"":0.051625,""erased"":true,""height"":0.147436,""left"":0.532613,""top"":0.364444,""width"":0.350152}",0.0049122125,0.012232992,0.0073207794,0.99509984,0.98784155,0.0034313167,0.0061102267,0.99166853,0.98173132,-0.0099372061,0.80734432,1.9693119,0.86143612,1.6964364,False,0.98909777,True,True,True,0.80734432,1.9693119,0.86143612,1.6964364,0.79832403,1.9551933,0.84009613,1.6425503,0.96776378,2.2260181,0.19055361,0.42417578,0.75336779,2.0065711,0.14934084,0.29966302,0.80549151,1.8250379,0.35094989,0.64049687,0.76327748,1.9332816,0.42787683,0.82720643,0.77490906,1.9314561,0.41393861,0.79950427,0.84899728,2.060982,0.45372816,0.93512556
0b_baseline_last,file,19,baseline,8240,141.Artic_Tern/Artic_Tern_0080_140889.jpg,141,140,141.Artic_Tern,144,143,identity,identity,0,{},0.014998876,0.014998876,0,0.98511302,0.98511302,0.0063568507,0.0063568507,0.97875617,0.97875617,0,1,1,2.572974,2.572974,False,1,True,True,True,1,1,2.572974,2.572974,1,1,2.5234032,2.5234032,1,1,0.50262458,0.50262458,1,1,0.70024807,0.70024807,1,1,1.3456499,1.3456499,1,1,1.2341275,1.2341275,1,1,1.1284446,1.1284446,1,1,1.1269359,1.1269359
0b_baseline_last,file,19,baseline,8240,141.Artic_Tern/Artic_Tern_0080_140889.jpg,141,140,141.Artic_Tern,144,143,horizontal_flip,horizontal_flip,0,"{""flipped"":true}",0.014998876,0.041802693,0.026803818,0.98511302,0.959059,0.0063568507,0.015968218,0.97875617,0.94309078,-0.035665392,0.72167581,2.8925948,2.572974,7.4425712,False,0.98287296,True,True,True,0.72167581,2.8925948,2.572974,7.4425712,0.71324643,2.9061884,2.5234032,7.3334851,0.97299265,2.5259233,0.50262458,1.2695912,0.80912176,4.0305869,0.70024807,2.8224107,0.76883737,2.7730502,1.3456499,3.7315549,0.69567321,2.7529357,1.2341275,3.3974737,0.61849182,2.8403134,1.1284446,3.2051363,0.72277989,2.8164166,1.1269359,3.1739208
0b_baseline_last,file,19,baseline,8240,141.Artic_Tern/Artic_Tern_0080_140889.jpg,141,140,141.Artic_Tern,144,143,color_jitter,color_jitter,0,"{""brightness"":1.081502,""contrast"":0.651572,""hue"":0.053877,""saturation"":1.363877}",0.014998876,0.073450506,0.05845163,0.98511302,0.92918211,0.0063568507,0.016278371,0.97875617,0.91290374,-0.065852433,0.79530568,5.1707111,2.572974,13.304105,False,0.93789822,True,True,True,0.79530568,5.1707111,2.572974,13.304105,0.79227908,5.2068116,2.5234032,13.138885,0.91037268,4.1585627,0.50262458,2.0901958,0.77341231,5.3132382,0.70024807,3.7205848,0.809675,5.33309,1.3456499,7.1764723,0.79480372,5.5312897,1.2341275,6.826317,0.74656145,4.840219,1.1284446,5.461919,0.82054959,4.9290241,1.1269359,5.554694
0b_baseline_last,file,19,baseline,8240,141.Artic_Tern/Artic_Tern_0080_140889.jpg,141,140,141.Artic_Tern,144,143,rotation,rotation,0,"{""angle"":8.34874}",0.014998876,0.061523139,0.046524264,0.98511302,0.94033116,0.0063568507,0.022679871,0.97875617,0.91765129,-0.061104884,0.82473031,3.8424795,2.572974,9.8865997,False,0.96997565,True,True,True,0.82473031,3.8424795,2.572974,9.8865997,0.8197305,3.840364,2.5234032,9.6907868,0.94904952,3.8954203,0.50262458,1.957934,0.89735831,3.8595572,0.70024807,2.7026475,0.86645643,3.6583012,1.3456499,4.9227929,0.79159122,3.8213022,1.2341275,4.7159742,0.76267929,3.8996253,1.1284446,4.400511,0.82035549,4.0439028,1.1269359,4.5572191
0b_baseline_last,file,19,baseline,8240,141.Artic_Tern/Artic_Tern_0080_140889.jpg,141,140,141.Artic_Tern,144,143,random_resized_crop,random_resized_crop,0,"{""area_fraction"":0.644905,""aspect"":1.309138,""fallback"":false,""height"":0.701867,""left"":0.061033,""top"":0.0029,""width"":0.918841}",0.014998876,0.41271207,0.39771319,0.98511302,0.66185284,0.0063568507,0.056976464,0.97875617,0.60487637,-0.3738798,0.67722926,18.561837,2.572974,47.759124,False,0.90111339,True,True,True,0.67722926,18.561837,2.572974,47.759124,0.67006542,18.598587,2.5234032,46.931733,0.86890054,17.610249,0.50262458,8.851344,0.4196345,14.33655,0.70024807,10.039142,0.78680967,19.221817,1.3456499,25.865837,0.68285609,19.188706,1.2341275,23.681311,0.56034731,18.069493,1.1284446,20.390422,0.67171748,18.95277,1.1269359,21.358556
0b_baseline_last,file,19,baseline,8240,141.Artic_Tern/Artic_Tern_0080_140889.jpg,141,140,141.Artic_Tern,144,143,gaussian_blur,gaussian_blur,0,"{""sigma"":1.011583}",0.014998876,0.036273472,0.021274596,0.98511302,0.96437651,0.0063568507,0.013303281,0.97875617,0.95107323,-0.027682946,0.84697523,2.3929465,2.572974,6.156989,False,0.9707967,True,True,True,0.84697523,2.3929465,2.572974,6.156989,0.84236323,2.3964942,2.5234032,6.0473211,0.96867121,2.301721,0.50262458,1.1569015,0.81597252,2.4946258,0.70024807,1.7468569,0.88988888,2.2041333,1.3456499,2.9659918,0.83383944,2.4705471,1.2341275,3.0489702,0.79943477,2.4793004,1.1284446,2.7977531,0.85084771,2.4459395,1.1269359,2.756417
0b_baseline_last,file,19,baseline,8240,141.Artic_Tern/Artic_Tern_0080_140889.jpg,141,140,141.Artic_Tern,144,143,random_erasing,random_erasing,0,"{""area_fraction"":0.167406,""erased"":true,""height"":0.405551,""left"":0.063437,""top"":0.00498,""width"":0.412787}",0.014998876,0.31769121,0.30269233,0.98511302,0.72782749,0.0063568507,0.052358761,0.97875617,0.67546873,-0.30328745,0.77994644,16.007268,2.572974,41.186283,False,0.94147754,True,True,True,0.77994644,16.007268,2.572974,41.186283,0.77587523,15.999074,2.5234032,40.372114,0.8812766,16.212423,0.50262458,8.1487621,0.75118557,18.169205,0.70024807,12.722951,0.85416459,13.522413,1.3456499,18.196435,0.8094609,15.310038,1.2341275,18.894539,0.71818576,17.397708,1.1284446,19.632349,0.7438186,17.624606,1.1269359,19.861801
0b_baseline_last,file,19,baseline,2115,038.Great_Crested_Flycatcher/Great_Crested_Flycatcher_0084_29716.jpg,38,37,038.Great_Crested_Flycatcher,39,38,identity,identity,0,{},2.2766402,2.2766402,0,0.10262843,0.10262843,0.72827506,0.72827506,-0.62564663,-0.62564663,0,1,1,167.99038,167.99038,False,1,True,False,False,1,1,167.99038,167.99038,1,1,164.20446,164.20446,1,1,35.46353,35.46353,1,1,33.326033,33.326033,1,1,69.164666,69.164666,1,1,85.95925,85.95925,1,1,83.637976,83.637976,1,1,81.758339,81.758339
0b_baseline_last,file,19,baseline,2115,038.Great_Crested_Flycatcher/Great_Crested_Flycatcher_0084_29716.jpg,38,37,038.Great_Crested_Flycatcher,39,38,horizontal_flip,horizontal_flip,0,"{""flipped"":true}",2.2766402,0.82472795,-1.4519122,0.10262843,0.43835422,0.72827506,0.48493055,-0.62564663,-0.046576321,0.57907031,0.59918328,0.71542521,167.99038,120.18455,False,0.94394332,True,False,False,0.59918328,0.71542521,167.99038,120.18455,0.58376287,0.71640668,164.20446,117.63717,0.94072013,0.69404972,35.46353,24.613453,0.54417219,0.81078847,33.326033,27.020363,0.45272876,0.7884532,69.164666,54.533103,0.58543541,0.73968859,85.95925,63.583076,0.57758859,0.69161586,83.637976,57.84535,0.72000488,0.64090074,81.758339,52.39898
0b_baseline_last,file,19,baseline,2115,038.Great_Crested_Flycatcher/Great_Crested_Flycatcher_0084_29716.jpg,38,37,038.Great_Crested_Flycatcher,39,38,color_jitter,color_jitter,0,"{""brightness"":1.226767,""contrast"":1.208678,""hue"":0.094967,""saturation"":1.311673}",2.2766402,1.8077296,-0.46891057,0.10262843,0.16402613,0.72827506,0.41513821,-0.62564663,-0.25111209,0.37453454,0.55787334,0.80714607,167.99038,135.59277,False,0.84305143,True,False,False,0.55787334,0.80714607,167.99038,135.59277,0.54664793,0.80773753,164.20446,132.63411,0.80266302,0.79435996,35.46353,28.170808,0.10979151,1.0281705,33.326033,34.264844,0.50304385,0.68838662,69.164666,47.612031,0.57088116,0.84813924,85.95925,72.905413,0.56697738,0.76821062,83.637976,64.251581,0.62377899,0.83918258,81.758339,68.610174
0b_baseline_last,file,19,baseline,2115,038.Great_Crested_Flycatcher/Great_Crested_Flycatcher_0084_29716.jpg,38,37,038.Great_Crested_Flycatcher,39,38,rotation,rotation,0,"{""angle"":7.826897}",2.2766402,1.1108158,-1.1658244,0.10262843,0.32929021,0.72827506,0.49083278,-0.62564663,-0.16154256,0.46410406,0.73406385,0.75123199,167.99038,126.19975,False,0.97259831,True,False,False,0.73406385,0.75123199,167.99038,126.19975,0.72366902,0.75233016,164.20446,123.53597,0.96499476,0.72728949,35.46353,25.792253,0.55003817,0.81778939,33.326033,27.253676,0.6104116,0.84036126,69.164666,58.123306,0.73109212,0.7769245,85.95925,66.783847,0.75409726,0.69416594,83.637976,58.058634,0.82230836,0.70360234,81.758339,57.525358
0b_baseline_last,file,19,baseline,2115,038.Great_Crested_Flycatcher/Great_Crested_Flycatcher_0084_29716.jpg,38,37,038.Great_Crested_Flycatcher,39,38,random_resized_crop,random_resized_crop,0,"{""area_fraction"":0.727526,""aspect"":0.980724,""fallback"":false,""height"":0.861293,""left"":0.031725,""top"":0.016575,""width"":0.84469}",2.2766402,0.35952869,-1.9171115,0.10262843,0.69800526,0.72827506,0.19411542,-0.62564663,0.50388984,1.1295365,0.71813725,0.30958423,167.99038,52.007173,False,0.95297712,False,False,True,0.71813725,0.30958423,167.99038,52.007173,0.70799341,0.31006899,164.20446,50.914712,0.94411468,0.29900251,35.46353,10.603685,0.52091685,0.29197464,33.326033,9.7303564,0.62735917,0.31653794,69.164666,21.893241,0.73609761,0.31535318,85.95925,27.107523,0.71056277,0.30426777,83.637976,25.448341,0.76279198,0.30842879,81.758339,25.216625
0b_baseline_last,file,19,baseline,2115,038.Great_Crested_Flycatcher/Great_Crested_Flycatcher_0084_29716.jpg,38,37,038.Great_Crested_Flycatcher,39,38,gaussian_blur,gaussian_blur,0,"{""sigma"":1.007066}",2.2766402,0.27638248,-2.0002577,0.10262843,0.75852275,0.72827506,0.12364996,-0.62564663,0.63487279,1.2605194,0.70134875,0.29091206,167.99038,48.870427,False,0.93345273,False,False,True,0.70134875,0.29091206,167.99038,48.870427,0.69325952,0.29197887,164.20446,47.944234,0.89367431,0.26701734,35.46353,9.4693772,0.73793257,0.29256971,33.326033,9.7501876,0.64041167,0.27574003,69.164666,19.071467,0.7137016,0.31909218,85.95925,27.428925,0.66596612,0.29013507,83.637976,24.26631,0.73334478,0.27313128,81.758339,22.330759
0b_baseline_last,file,19,baseline,2115,038.Great_Crested_Flycatcher/Great_Crested_Flycatcher_0084_29716.jpg,38,37,038.Great_Crested_Flycatcher,39,38,random_erasing,random_erasing,0,"{""area_fraction"":0.188378,""erased"":true,""height"":0.673864,""left"":0.409293,""top"":0.062893,""width"":0.279549}",2.2766402,1.0896271,-1.187013,0.10262843,0.33634189,0.72827506,0.20769979,-0.62564663,0.1286421,0.75428873,0.54672549,0.62236745,167.99038,104.55174,False,0.86621135,False,False,True,0.54672549,0.62236745,167.99038,104.55174,0.53540513,0.62200478,164.20446,102.13596,0.78635182,0.63009242,35.46353,22.345301,0.72917059,0.83883563,33.326033,27.955063,0.50335662,0.65925369,69.164666,45.597061,0.58044757,0.63551734,85.95925,54.628594,0.45143599,0.55915167,83.637976,46.766314,0.55457677,0.59917814,81.758339,48.987809
0b_baseline_last,file,19,baseline,2563,045.Northern_Fulmar/Northern_Fulmar_0041_44013.jpg,45,44,045.Northern_Fulmar,72,71,identity,identity,0,{},1.5530915,1.5530915,0,0.21159282,0.21159282,0.23521522,0.23521522,-0.023622394,-0.023622394,0,1,1,129.15949,129.15949,False,0.99999988,True,False,False,1,1,129.15949,129.15949,1,1,127.18603,127.18603,1,1,22.491957,22.491957,1,1,22.676758,22.676758,1,1,56.552684,56.552684,1,1,71.979478,71.979478,1,1,60.213939,60.213939,1,1,60.473807,60.473807
0b_baseline_last,file,19,baseline,2563,045.Northern_Fulmar/Northern_Fulmar_0041_44013.jpg,45,44,045.Northern_Fulmar,72,71,horizontal_flip,horizontal_flip,0,"{""flipped"":true}",1.5530915,1.347386,-0.20570552,0.21159282,0.25991878,0.23521522,0.25536308,-0.023622394,0.0045557022,0.028178096,0.72436649,1.1672823,129.15949,150.7656,False,0.96235055,False,False,True,0.72436649,1.1672823,129.15949,150.7656,0.71853561,1.1722671,127.18603,149.096,0.9536006,0.99480687,22.491957,22.375153,0.57555699,1.1317382,22.676758,25.664154,0.74924152,1.310264,56.552684,74.098945,0.75257464,1.1702827,71.979478,84.236339,0.6514061,1.1433335,60.213939,68.844614,0.73284488,1.0773831,60.473807,65.153459
0b_baseline_last,file,19,baseline,2563,045.Northern_Fulmar/Northern_Fulmar_0041_44013.jpg,45,44,045.Northern_Fulmar,72,71,color_jitter,color_jitter,0,"{""brightness"":1.040027,""contrast"":1.186635,""hue"":0.021552,""saturation"":1.235431}",1.5530915,3.7495117,2.1964202,0.21159282,0.02352923,0.23521522,0.27300555,-0.023622394,-0.24947632,-0.22585392,0.85285919,1.1607606,129.15949,149.92325,False,0.96442068,True,False,False,0.85285919,1.1607606,129.15949,149.92325,0.84966333,1.1591144,127.18603,147.42316,0.95140188,1.2122217,22.491957,27.265239,0.7502518,1.4455327,22.676758,32.779995,0.80605216,1.0852589,56.552684,61.374301,0.87702304,1.1574328,71.979478,83.31141,0.85071943,1.1778683,60.213939,70.924089,0.86828916,1.1600316,60.473807,70.151526
0b_baseline_last,file,19,baseline,2563,045.Northern_Fulmar/Northern_Fulmar_0041_44013.jpg,45,44,045.Northern_Fulmar,72,71,rotation,rotation,0,"{""angle"":-0.334819}",1.5530915,1.6425055,0.089414001,0.21159282,0.19349466,0.23521522,0.26970387,-0.023622394,-0.076209202,-0.052586809,0.93424208,1.1058229,129.15949,142.82753,False,0.99182749,True,False,False,0.93424208,1.1058229,129.15949,142.82753,0.93264793,1.1071535,127.18603,140.81446,0.98813613,1.0623989,22.491957,23.89543,0.85104589,1.1402203,22.676758,25.8565,0.93317773,1.1835993,56.552684,66.935718,0.94039842,1.1236701,71.979478,80.881189,0.92965796,1.0640095,60.213939,64.0682,0.94014739,1.0501731,60.473807,63.507964
0b_baseline_last,file,19,baseline,2563,045.Northern_Fulmar/Northern_Fulmar_0041_44013.jpg,45,44,045.Northern_Fulmar,72,71,random_resized_crop,random_resized_crop,0,"{""area_fraction"":0.593548,""aspect"":0.885678,""fallback"":false,""height"":0.818634,""left"":0.002778,""top"":0.143269,""width"":0.725046}",1.5530915,1.8638229,0.31073141,0.21159282,0.15507865,0.23521522,0.23303393,-0.023622394,-0.077955276,-0.054332882,0.70755269,0.99578162,129.15949,128.61465,False,0.91030967,True,False,False,0.70755269,0.99578162,129.15949,128.61465,0.70152628,0.99478895,127.18603,126.52326,0.89455475,1.0270175,22.491957,23.099633,0.65011045,1.3545607,22.676758,30.717045,0.66341123,1.060609,56.552684,59.980285,0.7654412,0.9934759,71.979478,71.509877,0.66973709,0.90857678,60.213939,54.708987,0.69593247,0.95855502,60.473807,57.967471
0b_baseline_last,file,19,baseline,2563,045.Northern_Fulmar/Northern_Fulmar_0041_44013.jpg,45,44,045.Northern_Fulmar,72,71,gaussian_blur,gaussian_blur,0,"{""sigma"":1.686723}",1.5530915,3.1774607,1.6243691,0.21159282,0.041691389,0.23521522,0.76101643,-0.023622394,-0.71932504,-0.69570265,0.55902352,1.7904092,129.15949,231.24835,False,0.84882885,True,False,False,0.55902352,1.7904092,129.15949,231.24835,0.55427833,1.8016917,127.18603,229.15002,0.77616113,1.3819007,22.491957,31.081651,0.53374102,2.8467381,22.676758,64.554791,0.5193842,1.9007216,56.552684,107.49091,0.61000899,1.6970346,71.979478,122.15166,0.52344948,1.8457982,60.213939,111.14278,0.56776549,1.6129565,60.473807,97.541617
0b_baseline_last,file,19,baseline,2563,045.Northern_Fulmar/Northern_Fulmar_0041_44013.jpg,45,44,045.Northern_Fulmar,72,71,random_erasing,random_erasing,0,"{""area_fraction"":0.170842,""erased"":true,""height"":0.444004,""left"":0.320294,""top"":0.305367,""width"":0.384776}",1.5530915,5.0366664,3.4835749,0.21159282,0.0064953659,0.23521522,0.1667193,-0.023622394,-0.16022394,-0.13660154,0.56817871,1.0489581,129.15949,135.4829,False,0.76132882,True,False,False,0.56817871,1.0489581,129.15949,135.4829,0.56253299,1.0477663,127.18603,133.26123,0.74264996,1.0863807,22.491957,24.434826,0.37067622,1.0535588,22.676758,23.891299,0.64771523,1.0770964,56.552684,60.91269,0.61669738,1.0337262,71.979478,74.407076,0.48601174,1.007381,60.213939,60.658377,0.51275849,1.0794852,60.473807,65.280579
0b_baseline_last,file,19,baseline,2526,044.Frigatebird/Frigatebird_0082_42989.jpg,44,43,044.Frigatebird,72,71,identity,identity,0,{},1.110393,1.110393,0,0.32942945,0.32942945,0.35958859,0.35958859,-0.030159146,-0.030159146,0,1,1,132.896,132.896,False,1.0000001,True,False,False,1,1,132.896,132.896,1,1,131.6652,131.6652,1,1,18.045015,18.045015,1,1,42.036892,42.036892,1,1,58.064223,58.064223,1,1,66.26362,66.26362,1,1,65.482616,65.482616,1,1,59.315506,59.315506
0b_baseline_last,file,19,baseline,2526,044.Frigatebird/Frigatebird_0082_42989.jpg,44,43,044.Frigatebird,72,71,horizontal_flip,horizontal_flip,0,"{""flipped"":true}",1.110393,0.98346627,-0.12692678,0.32942945,0.37401241,0.35958859,0.30848753,-0.030159146,0.065524876,0.095684022,0.73819501,0.90233794,132.896,119.9171,False,0.94780231,False,False,True,0.73819501,0.90233794,132.896,119.9171,0.73404777,0.90097614,131.6652,118.6272,0.94492561,0.9720879,18.045015,17.54134,0.84057741,0.87507704,42.036892,36.785519,0.76754234,0.88037761,58.064223,51.118442,0.73612777,0.84804119,66.26362,56.194279,0.67156202,0.93300445,65.482616,61.095572,0.73116538,0.95602219,59.315506,56.70694
0b_baseline_last,file,19,baseline,2526,044.Frigatebird/Frigatebird_0082_42989.jpg,44,43,044.Frigatebird,72,71,color_jitter,color_jitter,0,"{""brightness"":1.154491,""contrast"":0.617929,""hue"":-0.047442,""saturation"":1.252719}",1.110393,3.3554783,2.2450852,0.32942945,0.034892682,0.35958859,0.062592678,-0.030159146,-0.027699996,0.0024591498,0.52021432,1.1848363,132.896,157.46,False,0.82241213,False,False,False,0.52021432,1.1848363,132.896,157.46,0.51559895,1.1817614,131.6652,155.59685,0.74112668,1.3383774,18.045015,24.15104,0.38854886,1.0201847,42.036892,42.885393,0.32696701,1.1008621,58.064223,63.920701,0.62064836,1.3039722,66.26362,86.405921,0.57664605,1.1513097,65.482616,75.390771,0.52898313,1.2081698,59.315506,71.663201
0b_baseline_last,file,19,baseline,2526,044.Frigatebird/Frigatebird_0082_42989.jpg,44,43,044.Frigatebird,72,71,rotation,rotation,0,"{""angle"":2.39386}",1.110393,1.838522,0.72812891,0.32942945,0.15905233,0.35958859,0.32746178,-0.030159146,-0.16840945,-0.13825031,0.83308267,1.1615729,132.896,154.36838,False,0.93527281,True,False,False,0.83308267,1.1615729,132.896,154.36838,0.83124313,1.1587163,131.6652,152.56261,0.9258091,1.304654,18.045015,23.542501,0.73736347,1.1110423,42.036892,46.704763,0.85373897,1.0665473,58.064223,61.928238,0.84782466,1.1600522,66.26362,76.869257,0.83176921,1.1562099,65.482616,75.71165,0.84068324,1.263612,59.315506,74.951786
0b_baseline_last,file,19,baseline,2526,044.Frigatebird/Frigatebird_0082_42989.jpg,44,43,044.Frigatebird,72,71,random_resized_crop,random_resized_crop,0,"{""area_fraction"":0.848549,""aspect"":1.124569,""fallback"":false,""height"":0.868651,""left"":0.006257,""top"":0.052996,""width"":0.976858}",1.110393,1.1275607,0.017167687,0.32942945,0.32382217,0.35958859,0.42714036,-0.030159146,-0.10331818,-0.073159039,0.83932782,1.0262423,132.896,136.38349,False,0.98299599,True,False,False,0.83932782,1.0262423,132.896,136.38349,0.83655344,1.0249982,131.6652,134.95659,0.9797456,1.0904271,18.045015,19.676774,0.89823949,0.92693138,42.036892,38.965314,0.83056363,0.9166173,58.064223,53.222671,0.81366669,1.0005897,66.26362,66.302694,0.82282749,1.0799687,65.482616,70.719173,0.86830271,1.1265398,59.315506,66.821281
0b_baseline_last,file,19,baseline,2526,044.Frigatebird/Frigatebird_0082_42989.jpg,44,43,044.Frigatebird,72,71,gaussian_blur,gaussian_blur,0,"{""sigma"":1.013345}",1.110393,4.4193954,3.3090024,0.32942945,0.012041511,0.35958859,0.3158665,-0.030159146,-0.30382499,-0.27366584,0.67717473,1.072474,132.896,142.52751,False,0.86084121,True,False,False,0.67717473,1.072474,132.896,142.52751,0.67394483,1.063041,131.6652,139.9655,0.83785699,1.4908604,18.045015,26.902598,0.66552729,0.91651784,42.036892,38.527561,0.71586481,0.99116125,58.064223,57.551008,0.72028713,1.0385437,66.26362,68.817665,0.63570902,1.0576055,65.482616,69.254773,0.64664838,1.2229173,59.315506,72.537956
0b_baseline_last,file,19,baseline,2526,044.Frigatebird/Frigatebird_0082_42989.jpg,44,43,044.Frigatebird,72,71,random_erasing,random_erasing,0,"{""area_fraction"":0.053908,""erased"":true,""height"":0.283494,""left"":0.441931,""top"":0.637241,""width"":0.190157}",1.110393,0.70726842,-0.40312463,0.32942945,0.492989,0.35958859,0.079152562,-0.030159146,0.41383644,0.44399559,0.86035346,0.62010757,132.896,82.409815,False,0.9520759,False,False,True,0.86035346,0.62010757,132.896,82.409815,0.85975386,0.61984966,131.6652,81.612627,0.891784,0.63368693,18.045015,11.43489,0.86991478,0.625773,42.036892,26.305552,0.90360002,0.61055864,58.064223,35.451613,0.88673422,0.59771428,66.26362,39.606712,0.84130901,0.61334562,65.482616,40.163475,0.80885106,0.65944882,59.315506,39.115541
0b_baseline_last,file,19,baseline,6959,119.Field_Sparrow/Field_Sparrow_0027_113353.jpg,119,118,119.Field_Sparrow,130,129,identity,identity,0,{},0.12145376,0.12145376,0,0.88563198,0.88563198,0.027155662,0.027155662,0.85847632,0.85847632,0,1,1,17.321765,17.321765,False,1,True,True,True,1,1,17.321765,17.321765,1,1,16.849517,16.849517,1,1,4.0171266,4.0171266,1,1,2.6558695,2.6558695,1,1,8.3587556,8.3587556,1,1,8.2463166,8.2463166,1,1,7.9258878,7.9258878,1,1,8.7271051,8.7271051
0b_baseline_last,file,19,baseline,6959,119.Field_Sparrow/Field_Sparrow_0027_113353.jpg,119,118,119.Field_Sparrow,130,129,horizontal_flip,horizontal_flip,0,"{""flipped"":true}",0.12145376,0.10476923,-0.016684532,0.88563198,0.90053231,0.027155662,0.0038585379,0.85847632,0.89667377,0.038197451,0.65351991,1.0158663,17.321765,17.596597,False,0.96155202,True,True,True,0.65351991,1.0158663,17.321765,17.596597,0.64011676,1.022808,16.849517,17.233822,0.93262487,0.88487713,4.0171266,3.5546635,0.58115793,1.240031,2.6558695,3.2933606,0.53732515,0.93290786,8.3587556,7.7979488,0.65512056,1.0941585,8.2463166,9.0227773,0.64458674,1.0857746,7.9258878,8.6057273,0.72732381,0.95787833,8.7271051,8.3595049
0b_baseline_last,file,19,baseline,6959,119.Field_Sparrow/Field_Sparrow_0027_113353.jpg,119,118,119.Field_Sparrow,130,129,color_jitter,color_jitter,0,"{""brightness"":1.18375,""contrast"":0.958964,""hue"":-0.00081,""saturation"":1.332677}",0.12145376,0.20037296,0.078919202,0.88563198,0.81842548,0.027155662,0.026089493,0.85847632,0.79233598,-0.066140333,0.87255808,1.494286,17.321765,25.883671,False,0.97900307,True,True,True,0.87255808,1.494286,17.321765,25.883671,0.86773786,1.4961116,16.849517,25.208758,0.95957445,1.4617952,4.0171266,5.8722165,0.68950104,1.7552083,2.6558695,4.6616041,0.87346898,1.3377879,8.3587556,11.182242,0.8508718,1.5423238,8.2463166,12.71849,0.86666531,1.5190871,7.9258878,12.040114,0.90420852,1.5457756,8.7271051,13.490147
0b_baseline_last,file,19,baseline,6959,119.Field_Sparrow/Field_Sparrow_0027_113353.jpg,119,118,119.Field_Sparrow,130,129,rotation,rotation,0,"{""angle"":5.080577}",0.12145376,0.13372836,0.012274593,0.88563198,0.87482768,0.027155662,0.0189096,0.85847632,0.85591808,-0.0025582332,0.83019313,1.1347701,17.321765,19.656221,False,0.98126096,True,True,True,0.83019313,1.1347701,17.321765,19.656221,0.82265145,1.1373623,16.849517,19.164005,0.96964495,1.088157,4.0171266,4.3712646,0.77108808,1.3663575,2.6558695,3.6288672,0.87742292,1.0723737,8.3587556,8.9637095,0.78803524,1.2084891,8.2463166,9.9655837,0.7776612,1.1319114,7.9258878,8.9714026,0.85601708,1.1106135,8.7271051,9.6924403
0b_baseline_last,file,19,baseline,6959,119.Field_Sparrow/Field_Sparrow_0027_113353.jpg,119,118,119.Field_Sparrow,130,129,random_resized_crop,random_resized_crop,0,"{""area_fraction"":0.638827,""aspect"":1.200821,""fallback"":false,""height"":0.729378,""left"":0.109624,""top"":0.019136,""width"":0.875852}",0.12145376,0.7681008,0.64664704,0.88563198,0.46389326,0.027155662,0.047358543,0.85847632,0.41653472,-0.44194159,0.6858583,4.7785794,17.321765,82.773429,False,0.93045628,True,True,True,0.6858583,4.7785794,17.321765,82.773429,0.67584669,4.8121086,16.849517,81.081707,0.89766614,4.1445657,4.0171266,16.649245,0.63392533,6.1989427,2.6558695,16.463583,0.68044617,4.1731972,8.3587556,34.882735,0.65247573,4.8621133,8.2463166,40.094525,0.67460141,5.2914957,7.9258878,41.939801,0.71075347,4.7520136,8.7271051,41.471322
0b_baseline_last,file,19,baseline,6959,119.Field_Sparrow/Field_Sparrow_0027_113353.jpg,119,118,119.Field_Sparrow,130,129,gaussian_blur,gaussian_blur,0,"{""sigma"":1.846619}",0.12145376,2.2685177,2.147064,0.88563198,0.10346543,0.027155662,0.015726214,0.85847632,0.087739216,-0.7707371,0.29655303,10.584078,17.321765,183.33491,False,0.78964788,False,True,False,0.29655303,10.584078,17.321765,183.33491,0.28319135,10.742381,16.849517,181.00393,0.66690967,7.2544784,4.0171266,29.142158,0.36119297,15.904816,2.6558695,42.241116,0.24123044,9.3833637,8.3587556,78.433244,0.1765798,11.501944,8.2463166,94.848675,0.29490899,12.189622,7.9258878,96.613577,0.42803954,9.2352552,8.7271051,80.597042
0b_baseline_last,file,19,baseline,6959,119.Field_Sparrow/Field_Sparrow_0027_113353.jpg,119,118,119.Field_Sparrow,130,129,random_erasing,random_erasing,0,"{""area_fraction"":0.07261,""erased"":true,""height"":0.178638,""left"":0.136446,""top"":0.586407,""width"":0.406466}",0.12145376,0.3414472,0.21999344,0.88563198,0.71074098,0.027155662,0.048246786,0.85847632,0.6624942,-0.19598212,0.80267916,2.705811,17.321765,46.869422,False,0.97668022,True,True,True,0.80267916,2.705811,17.321765,46.869422,0.79569266,2.7242223,16.849517,45.901831,0.95261395,2.3585071,4.0171266,9.4744215,0.72206258,2.5944121,2.6558695,6.8904199,0.70985278,2.7966568,8.3587556,23.376571,0.79286585,2.8565507,8.2463166,23.556022,0.83993412,2.7364834,7.9258878,21.68906,0.85654003,2.5305888,8.7271051,22.084715
0b_baseline_last,file,19,baseline,10368,177.Prothonotary_Warbler/Prothonotary_Warbler_0112_174594.jpg,177,176,177.Prothonotary_Warbler,180,179,identity,identity,0,{},0.060606107,0.060606107,0,0.94119388,0.94119388,0.046999615,0.046999615,0.89419426,0.89419426,0,1,1,14.04216,14.04216,False,1,True,True,True,1,1,14.04216,14.04216,1,1,13.876163,13.876163,1,1,2.1527507,2.1527507,1,1,3.879023,3.879023,1,1,7.208414,7.208414,1,1,7.1733819,7.1733819,1,1,6.4574093,6.4574093,1,1,5.6907218,5.6907218
0b_baseline_last,file,19,baseline,10368,177.Prothonotary_Warbler/Prothonotary_Warbler_0112_174594.jpg,177,176,177.Prothonotary_Warbler,180,179,horizontal_flip,horizontal_flip,0,"{""flipped"":true}",0.060606107,0.39270246,0.33209635,0.94119388,0.67522961,0.046999615,0.18572375,0.89419426,0.48950586,-0.40468841,0.6695211,5.1895378,14.04216,72.872318,False,0.96209359,True,True,True,0.6695211,5.1895378,14.04216,72.872318,0.66326166,5.1869457,13.876163,71.974906,0.92436969,5.2961147,2.1527507,11.401215,0.55364654,5.1840757,3.879023,20.109149,0.65316732,4.9438442,7.208414,35.637276,0.63631636,5.2982595,7.1733819,38.006438,0.6756302,5.3851299,6.4574093,34.773988,0.75993644,5.1300585,5.6907218,29.193735
0b_baseline_last,file,19,baseline,10368,177.Prothonotary_Warbler/Prothonotary_Warbler_0112_174594.jpg,177,176,177.Prothonotary_Warbler,180,179,color_jitter,color_jitter,0,"{""brightness"":0.611577,""contrast"":1.358545,""hue"":-0.051668,""saturation"":0.901554}",0.060606107,0.043023322,-0.017582785,0.94119388,0.95788908,0.046999615,0.0026177664,0.89419426,0.95527131,0.06107705,0.31894484,0.51023269,14.04216,7.1647689,False,0.89565659,True,True,True,0.31894484,0.51023269,14.04216,7.1647689,0.30899055,0.50969079,13.876163,7.0725527,0.71528166,0.53226017,2.1527507,1.1458235,0.25820225,0.53820623,3.879023,2.0877143,0.13689076,0.46052963,7.208414,3.3196883,0.22640561,0.49752456,7.1733819,3.5689337,0.39770986,0.48641634,6.4574093,3.1409894,0.56188951,0.60971684,5.6907218,3.4697289
0b_baseline_last,file,19,baseline,10368,177.Prothonotary_Warbler/Prothonotary_Warbler_0112_174594.jpg,177,176,177.Prothonotary_Warbler,180,179,rotation,rotation,0,"{""angle"":-1.515146}",0.060606107,0.030657673,-0.029948434,0.94119388,0.96980751,0.046999615,0.025130123,0.89419426,0.94467738,0.050483119,0.93448817,0.50009004,14.04216,7.0223441,False,0.99031365,True,True,True,0.93448817,0.50009004,14.04216,7.0223441,0.93313161,0.49954528,13.876163,6.9317718,0.9893018,0.52222189,2.1527507,1.1242136,0.9165085,0.49307948,3.879023,1.9126666,0.93253643,0.48521502,7.208414,3.4976307,0.92872198,0.49051791,7.1733819,3.5186723,0.94101461,0.51637008,6.4574093,3.3344129,0.93998089,0.517072,5.6907218,2.9425129
0b_baseline_last,file,19,baseline,10368,177.Prothonotary_Warbler/Prothonotary_Warbler_0112_174594.jpg,177,176,177.Prothonotary_Warbler,180,179,random_resized_crop,random_resized_crop,0,"{""area_fraction"":0.574496,""aspect"":0.93944,""fallback"":false,""height"":0.782004,""left"":0.169073,""top"":0.113389,""width"":0.734646}",0.060606107,0.17909876,0.11849265,0.94119388,0.83602333,0.046999615,0.14448397,0.89419426,0.69153936,-0.2026549,0.78833497,3.2669142,14.04216,45.87453,False,0.93702614,True,True,True,0.78833497,3.2669142,14.04216,45.87453,0.7850113,3.2701736,13.876163,45.377462,0.93343693,3.1284916,2.1527507,6.7348627,0.82412028,3.1284573,3.879023,12.135358,0.84122376,3.3054928,7.208414,23.827361,0.75644224,3.4615411,7.1733819,24.830956,0.76289026,3.2079479,6.4574093,20.715033,0.75505793,3.0355896,5.6907218,17.274696
0b_baseline_last,file,19,baseline,10368,177.Prothonotary_Warbler/Prothonotary_Warbler_0112_174594.jpg,177,176,177.Prothonotary_Warbler,180,179,gaussian_blur,gaussian_blur,0,"{""sigma"":1.459461}",0.060606107,0.11429031,0.053684205,0.94119388,0.89199895,0.046999615,0.096653417,0.89419426,0.79534553,-0.098848734,0.77986807,1.8813268,14.04216,26.41789,False,0.95129037,True,True,True,0.77986807,1.8813268,14.04216,26.41789,0.77591487,1.8821573,13.876163,26.117122,0.9474285,1.8464885,2.1527507,3.9750294,0.80237725,1.7352675,3.879023,6.7311426,0.7265488,1.6700038,7.208414,12.038079,0.75651784,2.0201632,7.1733819,14.491402,0.80927581,1.9852352,6.4574093,12.819477,0.83577867,1.9051399,5.6907218,10.841621
0b_baseline_last,file,19,baseline,10368,177.Prothonotary_Warbler/Prothonotary_Warbler_0112_174594.jpg,177,176,177.Prothonotary_Warbler,180,179,random_erasing,random_erasing,0,"{""area_fraction"":0.173642,""erased"":true,""height"":0.686149,""left"":0.199487,""top"":0.130158,""width"":0.253068}",0.060606107,2.0474191,1.986813,0.94119388,0.1290676,0.046999615,0.0085922936,0.89419426,0.12047531,-0.77371896,0.45209774,9.0681437,14.04216,127.33632,False,0.70184988,False,True,False,0.45209774,9.0681437,14.04216,127.33632,0.45007275,9.0244456,13.876163,125.22468,0.52945817,10.727517,2.1527507,23.093671,0.57705288,5.8738946,3.879023,22.784972,0.47912599,6.6902808,7.208414,48.226314,0.44778195,9.1126286,7.1733819,65.368365,0.46443899,10.385214,6.4574093,67.061574,0.42276138,11.20513,5.6907218,63.765278
0b_baseline_last,file,19,baseline,6810,117.Clay_colored_Sparrow/Clay_Colored_Sparrow_0064_110664.jpg,117,116,117.Clay_colored_Sparrow,115,114,identity,identity,0,{},0.16620396,0.16620396,0,0.84687352,0.84687352,0.087741144,0.087741144,0.75913238,0.75913238,0,1,1,25.693346,25.693346,False,1,True,True,True,1,1,25.693346,25.693346,1,1,25.248063,25.248063,1,1,4.7627005,4.7627005,1,1,8.2386452,8.2386452,1,1,13.576648,13.576648,1,1,12.375325,12.375325,1,1,10.526487,10.526487,1,1,11.014012,11.014012
0b_baseline_last,file,19,baseline,6810,117.Clay_colored_Sparrow/Clay_Colored_Sparrow_0064_110664.jpg,117,116,117.Clay_colored_Sparrow,115,114,horizontal_flip,horizontal_flip,0,"{""flipped"":true}",0.16620396,0.56849802,0.40229405,0.84687352,0.56637549,0.087741144,0.33275127,0.75913238,0.23362422,-0.52550816,0.69156902,3.1576479,25.693346,81.130538,False,0.95103991,True,True,True,0.69156902,3.1576479,25.693346,81.130538,0.68270993,3.1581854,25.248063,79.738064,0.9417848,3.1425043,4.7627005,14.966807,0.80918249,2.9034951,8.2386452,23.920866,0.69636565,3.0292975,13.576648,41.127704,0.63648679,3.3560382,12.375325,41.532063,0.62833716,3.2936617,10.526487,34.670685,0.71663543,3.102286,11.014012,34.168616
0b_baseline_last,file,19,baseline,6810,117.Clay_colored_Sparrow/Clay_Colored_Sparrow_0064_110664.jpg,117,116,117.Clay_colored_Sparrow,115,114,color_jitter,color_jitter,0,"{""brightness"":0.891745,""contrast"":1.127771,""hue"":0.035881,""saturation"":1.367818}",0.16620396,0.63015294,0.46394898,0.84687352,0.53251034,0.087741144,0.004372437,0.75913238,0.5281379,-0.23099447,0.5126453,2.6504118,25.693346,68.097945,False,0.88157225,True,True,True,0.5126453,2.6504118,25.693346,68.097945,0.50523603,2.656712,25.248063,67.076831,0.73826372,2.4667872,4.7627005,11.748569,0.61752777,2.0924725,8.2386452,17.239139,0.54490166,2.504708,13.576648,34.005538,0.35917808,2.731778,12.375325,33.806641,0.455367,2.7112325,10.526487,28.539752,0.6310694,2.995262,11.014012,32.989852
0b_baseline_last,file,19,baseline,6810,117.Clay_colored_Sparrow/Clay_Colored_Sparrow_0064_110664.jpg,117,116,117.Clay_colored_Sparrow,115,114,rotation,rotation,0,"{""angle"":-1.412195}",0.16620396,0.23682272,0.070618764,0.84687352,0.78913116,0.087741144,0.13342299,0.75913238,0.65570818,-0.1034242,0.87344696,1.2975452,25.693346,33.338276,False,0.98217404,True,True,True,0.87344696,1.2975452,25.693346,33.338276,0.86942637,1.2943214,25.248063,32.679109,0.98096618,1.3850764,4.7627005,6.596704,0.89940885,1.4041745,8.2386452,11.568495,0.87568676,1.1551528,13.576648,15.683103,0.86082054,1.3591206,12.375325,16.81956,0.85575456,1.3289422,10.526487,13.989092,0.87798735,1.3142866,11.014012,14.475568
0b_baseline_last,file,19,baseline,6810,117.Clay_colored_Sparrow/Clay_Colored_Sparrow_0064_110664.jpg,117,116,117.Clay_colored_Sparrow,115,114,random_resized_crop,random_resized_crop,0,"{""area_fraction"":0.638628,""aspect"":0.814004,""fallback"":false,""height"":0.885749,""left"":0.095559,""top"":0.08097,""width"":0.721003}",0.16620396,0.40104109,0.23483713,0.84687352,0.66962254,0.087741144,0.12318692,0.75913238,0.54643562,-0.21269675,0.72564037,1.9192594,25.693346,49.312195,False,0.94369769,True,True,True,0.72564037,1.9192594,25.693346,49.312195,0.71777736,1.9118109,25.248063,48.269523,0.92877173,2.1178964,4.7627005,10.086906,0.81809661,1.8662691,8.2386452,15.375529,0.73362856,1.6688911,13.576648,22.657946,0.69970133,2.0699706,12.375325,25.616559,0.68466454,2.0160731,10.526487,21.222167,0.71214699,1.975814,11.014012,21.76164
0b_baseline_last,file,19,baseline,6810,117.Clay_colored_Sparrow/Clay_Colored_Sparrow_0064_110664.jpg,117,116,117.Clay_colored_Sparrow,115,114,gaussian_blur,gaussian_blur,0,"{""sigma"":1.987829}",0.16620396,0.15305805,-0.013145909,0.84687352,0.85807991,0.087741144,0.011003776,0.75913238,0.84707613,0.087943756,0.51070875,0.8576816,25.693346,22.03671,False,0.86799234,True,True,True,0.51070875,0.8576816,25.693346,22.03671,0.50296516,0.85994159,25.248063,21.711859,0.74883182,0.79153532,4.7627005,3.7698457,0.60814202,0.85374008,8.2386452,7.0336616,0.57166823,0.82148259,13.576648,11.15298,0.42478591,0.85574253,12.375325,10.590092,0.42010628,0.89104505,10.526487,9.3795737,0.52217372,0.89613183,11.014012,9.8700069
0b_baseline_last,file,19,baseline,6810,117.Clay_colored_Sparrow/Clay_Colored_Sparrow_0064_110664.jpg,117,116,117.Clay_colored_Sparrow,115,114,random_erasing,random_erasing,0,"{""area_fraction"":0.075462,""erased"":true,""height"":0.17074,""left"":0.244738,""top"":0.75478,""width"":0.441972}",0.16620396,0.24923053,0.083026573,0.84687352,0.77940029,0.087741144,0.13903202,0.75913238,0.64036827,-0.11876411,0.97489612,1.4746422,25.693346,37.888492,False,0.98440254,True,True,True,0.97489612,1.4746422,25.693346,37.888492,0.97459717,1.4744199,25.248063,37.226247,0.9832698,1.4808757,4.7627005,7.0529673,0.99218274,1.4818009,8.2386452,12.208032,0.98606385,1.4173563,13.576648,19.242948,0.97682858,1.5027957,12.375325,18.597586,0.96468873,1.5227365,10.526487,16.029066,0.95625534,1.4742832,11.014012,16.237773
0b_baseline_last,file,19,baseline,1601,029.American_Crow/American_Crow_0132_25704.jpg,29,28,029.American_Crow,27,26,identity,identity,0,{},0.12133636,0.12133636,0,0.88573599,0.88573599,0.046089031,0.046089031,0.83964696,0.83964696,0,1,1,18.837319,18.837319,False,1,True,True,True,1,1,18.837319,18.837319,1,1,18.415088,18.415088,1,1,3.9659932,3.9659932,1,1,5.7291288,5.7291288,1,1,8.3643347,8.3643347,1,1,9.9611572,9.9611572,1,1,8.2913633,8.2913633,1,1,8.2679561,8.2679561
0b_baseline_last,file,19,baseline,1601,029.American_Crow/American_Crow_0132_25704.jpg,29,28,029.American_Crow,27,26,horizontal_flip,horizontal_flip,0,"{""flipped"":true}",0.12133636,0.023845438,-0.097490918,0.88573599,0.97643661,0.046089031,0.0068776673,0.83964696,0.96955895,0.12991199,0.6506004,0.17228939,18.837319,3.2454702,False,0.96297526,True,True,True,0.6506004,0.17228939,18.837319,3.2454702,0.63554621,0.17037277,18.415088,3.1374296,0.92781385,0.20938738,3.9659932,0.83042895,0.70176941,0.15388333,5.7291288,0.88161742,0.63015468,0.16234378,8.3643347,1.3578977,0.6178513,0.16052399,9.9611572,1.5990047,0.55564519,0.17931896,8.2913633,1.4867987,0.71995943,0.18950581,8.2679561,1.5668257
0b_baseline_last,file,19,baseline,1601,029.American_Crow/American_Crow_0132_25704.jpg,29,28,029.American_Crow,27,26,color_jitter,color_jitter,0,"{""brightness"":0.67593,""contrast"":0.852742,""hue"":-0.073279,""saturation"":0.697542}",0.12133636,0.31191593,0.19057958,0.88573599,0.73204303,0.046089031,0.22679669,0.83964696,0.50524634,-0.33440062,0.75409153,2.9854734,18.837319,56.238314,False,0.95232129,True,True,True,0.75409153,2.9854734,18.837319,56.238314,0.74938559,3.001581,18.415088,55.274378,0.87751675,2.6141726,3.9659932,10.367791,0.63461572,3.2805682,5.7291288,18.794798,0.67853898,2.8939778,8.3643347,24.206199,0.81094146,2.8625282,9.9611572,28.514093,0.76082698,3.2187417,8.2913633,26.687757,0.78811732,2.9397855,8.2679561,24.306017
0b_baseline_last,file,19,baseline,1601,029.American_Crow/American_Crow_0132_25704.jpg,29,28,029.American_Crow,27,26,rotation,rotation,0,"{""angle"":6.637665}",0.12133636,0.69177759,0.57044123,0.88573599,0.50068527,0.046089031,0.085738286,0.83964696,0.41494699,-0.42469997,0.70416427,5.4261848,18.837319,102.21477,False,0.95886123,True,True,True,0.70416427,5.4261848,18.837319,102.21477,0.69665649,5.4492504,18.415088,100.34843,0.88785973,4.9025763,3.9659932,19.443584,0.74367064,5.4477878,5.7291288,31.211078,0.69493367,5.8012977,8.3643347,48.523995,0.71844745,5.2900784,9.9611572,52.695303,0.62575223,5.4853996,8.2913633,45.48144,0.72015673,5.2661268,8.2679561,43.540105
0b_baseline_last,file,19,baseline,1601,029.American_Crow/American_Crow_0132_25704.jpg,29,28,029.American_Crow,27,26,random_resized_crop,random_resized_crop,0,"{""area_fraction"":0.531327,""aspect"":0.775487,""fallback"":false,""height"":0.827739,""left"":0.056098,""top"":0.032987,""width"":0.641901}",0.12133636,0.56680375,0.4454674,0.88573599,0.5673359,0.046089031,0.18124114,0.83964696,0.38609476,-0.45355219,0.7186955,3.8217286,18.837319,71.991119,False,0.94891387,True,True,True,0.7186955,3.8217286,18.837319,71.991119,0.70919655,3.8357395,18.415088,70.635481,0.945533,3.5060663,3.9659932,13.905035,0.52001339,4.3070982,5.7291288,24.675921,0.70110606,4.1511286,8.3643347,34.721429,0.77434286,3.7897519,9.9611572,37.750314,0.70070696,3.6108506,8.2913633,29.938874,0.74621149,3.533426,8.2679561,29.214211
0b_baseline_last,file,19,baseline,1601,029.American_Crow/American_Crow_0132_25704.jpg,29,28,029.American_Crow,27,26,gaussian_blur,gaussian_blur,0,"{""sigma"":1.628452}",0.12133636,1.3729354,1.2515991,0.88573599,0.25336215,0.046089031,0.11527542,0.83964696,0.13808673,-0.70156023,0.57235129,6.2948962,18.837319,118.57896,False,0.89774942,True,True,True,0.57235129,6.2948962,18.837319,118.57896,0.56082626,6.3307324,18.415088,116.58099,0.86612085,5.4654274,3.9659932,21.675848,0.46413687,6.6920845,5.7291288,38.339814,0.48764433,6.8035357,8.3643347,56.90705,0.55425054,6.2218069,9.9611572,61.976397,0.5757466,6.1363877,8.2913633,50.87902,0.69571872,5.9903602,8.2679561,49.528035
0b_baseline_last,file,19,baseline,1601,029.American_Crow/American_Crow_0132_25704.jpg,29,28,029.American_Crow,27,26,random_erasing,random_erasing,0,"{""area_fraction"":0.059431,""erased"":true,""height"":0.183959,""left"":0.595372,""top"":0.264205,""width"":0.323068}",0.12133636,0.92611051,0.80477415,0.88573599,0.39609131,0.046089031,0.094399437,0.83964696,0.30169187,-0.53795508,0.60492852,5.0708617,18.837319,95.521437,False,0.96448278,False,True,False,0.60492852,5.0708617,18.837319,95.521437,0.5911788,5.0560521,18.415088,93.107645,0.88462015,5.3802473,3.9659932,21.338024,0.35889656,4.6835995,5.7291288,26.832945,0.54506475,4.724815,8.3643347,39.519934,0.62924256,4.8237004,9.9611572,48.049638,0.54860605,5.3478612,8.2913633,44.34106,0.72477505,5.5587875,8.2679561,45.959811
0b_baseline_last,file,19,baseline,10767,183.Northern_Waterthrush/Northern_Waterthrush_0016_177345.jpg,183,182,183.Northern_Waterthrush,125,124,identity,identity,0,{},0.060687676,0.060687676,0,0.94111711,0.94111711,0.029806606,0.029806606,0.9113105,0.9113105,0,1,1,10.379767,10.379767,False,0.99999988,True,True,True,1,1,10.379767,10.379767,1,1,10.223389,10.223389,1,1,1.794962,1.794962,1,1,1.8069287,1.8069287,1,1,4.4699195,4.4699195,1,1,6.2435692,6.2435692,1,1,4.7234195,4.7234195,1,1,4.4698609,4.4698609
0b_baseline_last,file,19,baseline,10767,183.Northern_Waterthrush/Northern_Waterthrush_0016_177345.jpg,183,182,183.Northern_Waterthrush,125,124,horizontal_flip,horizontal_flip,0,"{""flipped"":true}",0.060687676,0.016674671,-0.044013005,0.94111711,0.98346359,0.029806606,0.005824639,0.9113105,0.97763895,0.066328445,0.69259841,0.24486971,10.379767,2.5416905,False,0.96938562,True,True,True,0.69259841,0.24486971,10.379767,2.5416905,0.68324031,0.24295821,10.223389,2.4838562,0.95321683,0.30035109,1.794962,0.53911881,0.52679243,0.21545924,1.8069287,0.38931949,0.62787858,0.23278248,4.4699195,1.0405189,0.70245373,0.22826711,6.2435692,1.4252015,0.66144939,0.25506526,4.7234195,1.2047803,0.75069363,0.26963648,4.4698609,1.2052375
0b_baseline_last,file,19,baseline,10767,183.Northern_Waterthrush/Northern_Waterthrush_0016_177345.jpg,183,182,183.Northern_Waterthrush,125,124,color_jitter,color_jitter,0,"{""brightness"":0.993896,""contrast"":0.991549,""hue"":0.022081,""saturation"":1.172955}",0.060687676,0.058939237,-0.0017484389,0.94111711,0.94276404,0.029806606,0.024978302,0.9113105,0.91778574,0.00647524,0.95062986,0.97414299,10.379767,10.111377,False,0.9956367,True,True,True,0.95062986,0.97414299,10.379767,10.111377,0.94933647,0.97461761,10.223389,9.9638946,0.99341402,0.95861907,1.794962,1.7206848,0.87801607,1.0305299,1.8069287,1.862094,0.9350139,1.0001192,4.4699195,4.4704522,0.95522918,0.96214952,6.2435692,6.0072471,0.94881567,0.97905878,4.7234195,4.6245054,0.96675419,0.95844874,4.4698609,4.2841325
0b_baseline_last,file,19,baseline,10767,183.Northern_Waterthrush/Northern_Waterthrush_0016_177345.jpg,183,182,183.Northern_Waterthrush,125,124,rotation,rotation,0,"{""angle"":5.497094}",0.060687676,0.038823538,-0.021864139,0.94111711,0.96192044,0.029806606,0.010702392,0.9113105,0.95121805,0.039907547,0.78811797,0.57440748,10.379767,5.9622159,False,0.98701596,True,True,True,0.78811797,0.57440748,10.379767,5.9622159,0.78230703,0.57294207,10.223389,5.8574094,0.96468079,0.62006983,1.794962,1.1130018,0.72604945,0.60877011,1.8069287,1.1000042,0.77754181,0.51614956,4.4699195,2.307147,0.77374606,0.55315844,6.2435692,3.453683,0.76273363,0.6122023,4.7234195,2.8916883,0.84073722,0.61213334,4.4698609,2.7361508
0b_baseline_last,file,19,baseline,10767,183.Northern_Waterthrush/Northern_Waterthrush_0016_177345.jpg,183,182,183.Northern_Waterthrush,125,124,random_resized_crop,random_resized_crop,0,"{""area_fraction"":0.624601,""aspect"":0.855949,""fallback"":false,""height"":0.854235,""left"":0.146682,""top"":0.083072,""width"":0.731182}",0.060687676,0.10504948,0.044361807,0.94111711,0.90028,0.029806606,0.024845675,0.9113105,0.87543432,-0.035876177,0.60244783,1.5579129,10.379767,16.170773,False,0.93853736,True,True,True,0.60244783,1.5579129,10.379767,16.170773,0.59424241,1.5617027,10.223389,15.965894,0.895534,1.4295301,1.794962,2.5659523,0.58341526,2.2258758,1.8069287,4.0219989,0.54873837,1.6566584,4.4699195,7.4051298,0.62782287,1.3545584,6.2435692,8.4572791,0.53444671,1.5928822,4.7234195,7.5238511,0.67251134,1.670632,4.4698609,7.4674925
0b_baseline_last,file,19,baseline,10767,183.Northern_Waterthrush/Northern_Waterthrush_0016_177345.jpg,183,182,183.Northern_Waterthrush,125,124,gaussian_blur,gaussian_blur,0,"{""sigma"":1.101429}",0.060687676,0.26443732,0.20374964,0.94111711,0.76763773,0.029806606,0.048619218,0.9113105,0.71901851,-0.19229199,0.63341913,4.6074724,10.379767,47.82449,False,0.9150728,True,True,True,0.63341913,4.6074724,10.379767,47.82449,0.62802748,4.633094,10.223389,47.365921,0.87000781,3.6808121,1.794962,6.6069181,0.57249132,5.4661432,1.8069287,9.8769312,0.60891079,4.6720799,4.4699195,20.883821,0.59660598,4.9512042,6.2435692,30.913186,0.64627201,4.5510026,4.7234195,21.496295,0.73677387,3.8237705,4.4698609,17.091722
0b_baseline_last,file,19,baseline,10767,183.Northern_Waterthrush/Northern_Waterthrush_0016_177345.jpg,183,182,183.Northern_Waterthrush,125,124,random_erasing,random_erasing,0,"{""area_fraction"":0.059889,""erased"":true,""height"":0.296326,""left"":0.490047,""top"":0.621613,""width"":0.202105}",0.060687676,0.055207353,-0.005480323,0.94111711,0.94628888,0.029806606,0.023295427,0.9113105,0.92299346,0.011682956,0.95899841,0.92719009,10.379767,9.6240171,False,0.98316848,True,True,True,0.95899841,0.92719009,10.379767,9.6240171,0.95837688,0.92828096,10.223389,9.490177,0.98078173,0.8910783,1.794962,1.5994517,0.93808621,1.020803,1.8069287,1.8445182,0.95402292,0.95749569,4.4699195,4.2799286,0.96839131,0.91905412,6.2435692,5.738178,0.95602535,0.91602909,4.7234195,4.3267897,0.95120077,0.91412878,4.4698609,4.0860284
0b_baseline_last,file,19,baseline,138,003.Sooty_Albatross/Sooty_Albatross_0055_1160.jpg,3,2,003.Sooty_Albatross,2,1,identity,identity,0,{},0.58844262,0.58844262,0,0.55519128,0.55519128,0.079119436,0.079119436,0.47607184,0.47607184,0,1,1,65.024752,65.024752,False,1,True,True,True,1,1,65.024752,65.024752,1,1,63.733694,63.733694,1,1,12.893203,12.893203,1,1,10.952157,10.952157,1,1,25.184385,25.184385,1,1,34.98796,34.98796,1,1,32.644088,32.644088,1,1,31.905908,31.905908
0b_baseline_last,file,19,baseline,138,003.Sooty_Albatross/Sooty_Albatross_0055_1160.jpg,3,2,003.Sooty_Albatross,2,1,horizontal_flip,horizontal_flip,0,"{""flipped"":true}",0.58844262,0.63627398,0.047831357,0.55519128,0.52926081,0.079119436,0.051547047,0.47607184,0.47771377,0.0016419254,0.6288727,1.105866,65.024752,71.90866,False,0.95144916,True,True,True,0.6288727,1.105866,65.024752,71.90866,0.61770475,1.1100486,63.733694,70.7475,0.93575453,0.99822986,12.893203,12.87038,0.33607716,1.4930662,10.952157,16.352295,0.52577754,1.1862878,25.184385,29.875928,0.59438757,1.1179957,34.98796,39.116388,0.65054652,1.0421395,32.644088,34.019692,0.73090202,1.0664667,31.905908,34.026589
0b_baseline_last,file,19,baseline,138,003.Sooty_Albatross/Sooty_Albatross_0055_1160.jpg,3,2,003.Sooty_Albatross,2,1,color_jitter,color_jitter,0,"{""brightness"":0.863765,""contrast"":0.689232,""hue"":0.021901,""saturation"":1.316295}",0.58844262,0.28819105,-0.30025157,0.55519128,0.74961835,0.079119436,0.052179575,0.47607184,0.69743878,0.22136693,0.82354935,0.66695891,65.024752,43.368838,False,0.95196551,True,True,True,0.82354935,0.66695891,65.024752,43.368838,0.8193866,0.66891928,63.733694,42.632696,0.93638266,0.61712482,12.893203,7.9567156,0.47491074,0.83649664,10.952157,9.1614424,0.79400919,0.76979581,25.184385,19.386834,0.83374839,0.62051047,34.98796,21.710395,0.84274425,0.6466309,32.644088,21.108676,0.8613633,0.65807186,31.905908,20.99638
0b_baseline_last,file,19,baseline,138,003.Sooty_Albatross/Sooty_Albatross_0055_1160.jpg,3,2,003.Sooty_Albatross,2,1,rotation,rotation,0,"{""angle"":-12.48523}",0.58844262,0.81560576,0.22716314,0.55519128,0.44237128,0.079119436,0.012639501,0.47607184,0.42973178,-0.046340064,0.67081883,1.3082143,65.024752,85.066313,False,0.91562939,True,True,True,0.67081883,1.3082143,65.024752,85.066313,0.66271949,1.3113526,63.733694,83.577348,0.88334035,1.2290414,12.893203,15.84628,0.54738995,1.3759358,10.952157,15.069464,0.56757268,1.2658458,25.184385,31.879548,0.66852335,1.3314231,34.98796,46.583777,0.66904739,1.3089489,32.644088,42.729442,0.72101963,1.3096092,31.905908,41.78427
0b_baseline_last,file,19,baseline,138,003.Sooty_Albatross/Sooty_Albatross_0055_1160.jpg,3,2,003.Sooty_Albatross,2,1,random_resized_crop,random_resized_crop,0,"{""area_fraction"":0.856663,""aspect"":0.882063,""fallback"":false,""height"":0.985497,""left"":0.042104,""top"":0.001554,""width"":0.86927}",0.58844262,0.85687292,0.26843029,0.55519128,0.42448741,0.079119436,0.044825397,0.47607184,0.37966201,-0.096409827,0.83395664,1.3788511,65.024752,89.659451,False,0.96608049,True,True,True,0.83395664,1.3788511,65.024752,89.659451,0.82970719,1.3848599,63.733694,88.262238,0.95778056,1.2228834,12.893203,15.766884,0.7546768,1.7007693,10.952157,18.627092,0.76796796,1.4043821,25.184385,35.3685,0.83753399,1.4388193,34.98796,50.34135,0.83371621,1.3276405,32.644088,43.339612,0.87265591,1.3222341,31.905908,42.18708
0b_baseline_last,file,19,baseline,138,003.Sooty_Albatross/Sooty_Albatross_0055_1160.jpg,3,2,003.Sooty_Albatross,2,1,gaussian_blur,gaussian_blur,0,"{""sigma"":1.825239}",0.58844262,0.47078922,-0.1176534,0.55519128,0.62450922,0.079119436,0.002268095,0.47607184,0.62224112,0.14616928,0.50989133,1.080412,65.024752,70.253525,False,0.78188771,True,True,True,0.50989133,1.080412,65.024752,70.253525,0.50272957,1.0894194,63.733694,69.432724,0.75776199,0.83049129,12.893203,10.707693,0.015848912,1.545922,10.952157,16.93118,0.3580972,1.1408665,25.184385,28.732021,0.56943296,1.1002231,34.98796,38.494562,0.49834194,1.0334416,32.644088,33.735758,0.61443988,1.0341851,31.905908,32.996614
0b_baseline_last,file,19,baseline,138,003.Sooty_Albatross/Sooty_Albatross_0055_1160.jpg,3,2,003.Sooty_Albatross,2,1,random_erasing,random_erasing,0,"{""area_fraction"":0.103842,""erased"":true,""height"":0.264268,""left"":0.142619,""top"":0.392669,""width"":0.39294}",0.58844262,0.63823265,0.049790025,0.55519128,0.52822518,0.079119436,0.066663042,0.47607184,0.46156214,-0.0145097,0.87193702,1.192129,65.024752,77.517891,False,0.96048516,True,True,True,0.87193702,1.192129,65.024752,77.517891,0.86891803,1.1965413,63.733694,76.259996,0.95828607,1.0787187,12.893203,13.908139,0.77620223,1.4451532,10.952157,15.827544,0.88046463,1.2993368,25.184385,32.722997,0.90115314,1.1909919,34.98796,41.670377,0.85588388,1.1832066,32.644088,38.624699,0.85451383,1.1151792,31.905908,35.580805
0b_baseline_last,file,19,baseline,11555,197.Marsh_Wren/Marsh_Wren_0103_188483.jpg,197,196,197.Marsh_Wren,193,192,identity,identity,0,{},0.28189057,0.28189057,0,0.75435621,0.75435621,0.16881779,0.16881779,0.58553842,0.58553842,0,1,1,46.163701,46.163701,False,1,True,True,True,1,1,46.163701,46.163701,1,1,45.331481,45.331481,1,1,8.7260578,8.7260578,1,1,10.446988,10.446988,1,1,22.368539,22.368539,1,1,23.630988,23.630988,1,1,22.028172,22.028172,1,1,20.044653,20.044653
0b_baseline_last,file,19,baseline,11555,197.Marsh_Wren/Marsh_Wren_0103_188483.jpg,197,196,197.Marsh_Wren,193,192,horizontal_flip,horizontal_flip,0,"{""flipped"":true}",0.28189057,0.31526658,0.033376008,0.75435621,0.72959435,0.16881779,0.15350126,0.58553842,0.57609309,-0.0094453245,0.67925184,0.99400621,46.163701,45.887005,False,0.96521664,True,True,True,0.67925184,0.99400621,46.163701,45.887005,0.66932924,0.99558252,45.331481,45.13123,0.96045136,0.95047861,8.7260578,8.2939313,0.59225965,1.070661,10.446988,11.185182,0.70699211,0.93085192,22.368539,20.821798,0.63491403,1.023084,23.630988,24.176487,0.64514468,0.99876851,22.028172,22.001044,0.72831303,1.0097041,20.044653,20.239168
0b_baseline_last,file,19,baseline,11555,197.Marsh_Wren/Marsh_Wren_0103_188483.jpg,197,196,197.Marsh_Wren,193,192,color_jitter,color_jitter,0,"{""brightness"":1.331881,""contrast"":0.838661,""hue"":-0.081779,""saturation"":1.315849}",0.28189057,5.7260532,5.4441627,0.75435621,0.0032599182,0.16881779,0.0040578214,0.58553842,-0.00079790317,-0.58633632,0.37226713,3.2595399,46.163701,150.47242,False,0.70946425,False,True,False,0.37226713,3.2595399,46.163701,150.47242,0.36586061,3.2558414,45.331481,147.59211,0.54008334,3.3578148,8.7260578,29.300486,0.13638697,2.6640542,10.446988,27.831341,0.29267881,2.6165003,22.368539,58.527291,0.38146565,3.1829764,23.630988,75.216878,0.44393627,3.5551519,22.028172,78.313497,0.38091161,3.7970521,20.044653,76.110591
0b_baseline_last,file,19,baseline,11555,197.Marsh_Wren/Marsh_Wren_0103_188483.jpg,197,196,197.Marsh_Wren,193,192,rotation,rotation,0,"{""angle"":8.510225}",0.28189057,0.18736413,-0.09452644,0.75435621,0.8291418,0.16881779,0.084917709,0.58553842,0.74422409,0.15868567,0.73695346,0.59170093,46.163701,27.315105,False,0.93914181,True,True,True,0.73695346,0.59170093,46.163701,27.315105,0.72989766,0.59159422,45.331481,26.817842,0.92642717,0.59457379,8.7260578,5.1882852,0.7433398,0.56635553,10.446988,5.9167092,0.7282226,0.48426388,22.368539,10.832276,0.7152887,0.60025762,23.630988,14.184681,0.72116684,0.63756209,22.028172,14.044327,0.77680673,0.64740492,20.044653,12.977007
0b_baseline_last,file,19,baseline,11555,197.Marsh_Wren/Marsh_Wren_0103_188483.jpg,197,196,197.Marsh_Wren,193,192,random_resized_crop,random_resized_crop,0,"{""area_fraction"":0.747957,""aspect"":1.199595,""fallback"":false,""height"":0.789625,""left"":0.011788,""top"":0.022305,""width"":0.94723}",0.28189057,0.14001586,-0.14187472,0.75435621,0.86934447,0.16881779,0.082377777,0.58553842,0.7869667,0.20142828,0.79961785,0.49038735,46.163701,22.638095,False,0.92332745,True,True,True,0.79961785,0.49038735,46.163701,22.638095,0.79492245,0.48903672,45.331481,22.168759,0.91952847,0.52552826,8.7260578,4.5857899,0.81414971,0.61285725,10.446988,6.4025121,0.80776072,0.44505491,22.368539,9.9552282,0.80988015,0.48414598,23.630988,11.440848,0.77582675,0.48773291,22.028172,10.743864,0.78835166,0.5112829,20.044653,10.248488
0b_baseline_last,file,19,baseline,11555,197.Marsh_Wren/Marsh_Wren_0103_188483.jpg,197,196,197.Marsh_Wren,193,192,gaussian_blur,gaussian_blur,0,"{""sigma"":1.638991}",0.28189057,0.8873955,0.60550493,0.75435621,0.41172671,0.16881779,0.014032946,0.58553842,0.39769377,-0.18784465,0.40239593,2.7786158,46.163701,128.27119,False,0.79889417,True,True,True,0.40239593,2.7786158,46.163701,128.27119,0.39791552,2.8046127,45.331481,127.13725,0.60243346,1.9502666,8.7260578,17.018139,0.39297844,5.2580602,10.446988,54.930889,0.19050299,2.6397513,22.368539,59.047381,0.46469088,2.6566659,23.630988,62.779639,0.50977438,2.6504208,22.028172,58.383925,0.4890869,2.3977273,20.044653,48.061611
0b_baseline_last,file,19,baseline,11555,197.Marsh_Wren/Marsh_Wren_0103_188483.jpg,197,196,197.Marsh_Wren,193,192,random_erasing,random_erasing,0,"{""area_fraction"":0.19873,""erased"":true,""height"":0.717979,""left"":0.586287,""top"":0.025374,""width"":0.276791}",0.28189057,0.82718992,0.54529935,0.75435621,0.43727633,0.16881779,0.33666644,0.58553842,0.1006099,-0.48492852,0.89816194,2.2356501,46.163701,103.20588,False,0.95008361,True,True,True,0.89816194,2.2356501,46.163701,103.20588,0.89634855,2.2351332,45.331481,101.3219,0.94680515,2.2495576,8.7260578,19.62977,0.93141295,2.1892288,10.446988,22.870845,0.92948708,2.3256798,22.368539,52.022061,0.89997818,2.2410538,23.630988,52.958314,0.8726382,2.172334,22.028172,47.852547,0.8679066,2.1986717,20.044653,44.071611
0b_baseline_last,file,19,baseline,5018,086.Pacific_Loon/Pacific_Loon_0023_75476.jpg,86,85,086.Pacific_Loon,46,45,identity,identity,0,{},0.0024380742,0.0024380742,0,0.99756491,0.99756491,0.0004100654,0.0004100654,0.99715485,0.99715485,0,1,1,0.35360576,0.35360576,False,0.99999994,True,True,True,1,1,0.35360576,0.35360576,1,1,0.34694913,0.34694913,1,1,0.06828865,0.06828865,1,1,0.064484679,0.064484679,1,1,0.17562634,0.17562634,1,1,0.17659382,0.17659382,1,1,0.13953305,0.13953305,1,1,0.1863222,0.1863222
0b_baseline_last,file,19,baseline,5018,086.Pacific_Loon/Pacific_Loon_0023_75476.jpg,86,85,086.Pacific_Loon,46,45,horizontal_flip,horizontal_flip,0,"{""flipped"":true}",0.0024380742,0.016127255,0.013689181,0.99756491,0.98400211,0.0004100654,0.0085362941,0.99715485,0.97546582,-0.021689027,0.66893681,6.8935328,0.35360576,2.4375929,False,0.96931416,True,True,True,0.66893681,6.8935328,0.35360576,2.4375929,0.65944312,6.8851602,0.34694913,2.3888003,0.90669248,7.1062405,0.06828865,0.48527557,0.72418728,7.697981,0.064484679,0.49640184,0.67122302,6.1460599,0.17562634,1.07941,0.67817112,6.7113522,0.17659382,1.1851833,0.56324922,7.7185663,0.13953305,1.0769951,0.69172643,7.0597547,0.1863222,1.315389
0b_baseline_last,file,19,baseline,5018,086.Pacific_Loon/Pacific_Loon_0023_75476.jpg,86,85,086.Pacific_Loon,46,45,color_jitter,color_jitter,0,"{""brightness"":1.384971,""contrast"":0.610954,""hue"":0.009436,""saturation"":1.201139}",0.0024380742,0.0036986531,0.0012605789,0.99756491,0.99630821,0.0004100654,0.00048048046,0.99715485,0.99582773,-0.0013271194,0.76801523,1.6456811,0.35360576,0.58192231,False,0.9804545,True,True,True,0.76801523,1.6456811,0.35360576,0.58192231,0.76071595,1.650634,0.34694913,0.57268604,0.97652057,1.5122273,0.06828865,0.10326796,0.34275668,2.6717348,0.064484679,0.17228596,0.76837063,1.731285,0.17562634,0.30405925,0.75778342,1.6288124,0.17659382,0.28763819,0.75182249,1.6211776,0.13953305,0.22620785,0.88226328,1.4394206,0.1863222,0.26819601
0b_baseline_last,file,19,baseline,5018,086.Pacific_Loon/Pacific_Loon_0023_75476.jpg,86,85,086.Pacific_Loon,46,45,rotation,rotation,0,"{""angle"":-11.972653}",0.0024380742,0.15947206,0.15703399,0.99756491,0.85259378,0.0004100654,0.0024853111,0.99715485,0.85010847,-0.14704638,0.63421475,81.497623,0.35360576,28.818029,False,0.89502698,True,True,True,0.63421475,81.497623,0.35360576,28.818029,0.62879172,82.142672,0.34694913,28.499328,0.84083567,62.587296,0.06828865,4.274002,0.62555653,86.850918,0.064484679,5.6005536,0.69967372,90.695549,0.17562634,15.928528,0.5913656,87.35921,0.17659382,15.427096,0.53193649,85.059201,0.13953305,11.86857,0.67972987,65.352315,0.1863222,12.176587
0b_baseline_last,file,19,baseline,5018,086.Pacific_Loon/Pacific_Loon_0023_75476.jpg,86,85,086.Pacific_Loon,46,45,random_resized_crop,random_resized_crop,0,"{""area_fraction"":0.649689,""aspect"":1.315534,""fallback"":false,""height"":0.702751,""left"":0.016702,""top"":0.278897,""width"":0.924493}",0.0024380742,0.030221034,0.02778296,0.99756491,0.97023106,0.0004100654,0.00025657922,0.99715485,0.96997448,-0.027180369,0.53833467,17.597684,0.35360576,6.2226425,False,0.94539678,True,True,True,0.53833467,17.597684,0.35360576,6.2226425,0.52971938,17.693979,0.34694913,6.1389106,0.81017917,14.898187,0.06828865,1.0173771,0.3920671,18.182971,0.064484679,1.1725231,0.54747887,18.298205,0.17562634,3.2136469,0.46957593,18.765324,0.17659382,3.3138402,0.48504101,19.710258,0.13953305,2.7502324,0.64677291,14.637946,0.1863222,2.7273744
0b_baseline_last,file,19,baseline,5018,086.Pacific_Loon/Pacific_Loon_0023_75476.jpg,86,85,086.Pacific_Loon,46,45,gaussian_blur,gaussian_blur,0,"{""sigma"":1.512441}",0.0024380742,0.060284156,0.057846082,0.99756491,0.94149697,0.0004100654,0.002943709,0.99715485,0.93855326,-0.058601587,0.58394906,29.528007,0.35360576,10.441273,False,0.8951019,True,True,True,0.58394906,29.528007,0.35360576,10.441273,0.57628465,29.765754,0.34694913,10.327202,0.86728537,22.539355,0.06828865,1.5391821,0.59601371,28.834299,0.064484679,1.8593705,0.59545458,33.929769,0.17562634,5.9589613,0.54675199,28.816301,0.17659382,5.0887806,0.50712647,32.403973,0.13953305,4.5214251,0.64928054,24.796487,0.1863222,4.6201359
0b_baseline_last,file,19,baseline,5018,086.Pacific_Loon/Pacific_Loon_0023_75476.jpg,86,85,086.Pacific_Loon,46,45,random_erasing,random_erasing,0,"{""area_fraction"":0.165955,""erased"":true,""height"":0.290027,""left"":0.075227,""top"":0.499288,""width"":0.572204}",0.0024380742,0.0077685374,0.0053304632,0.99756491,0.99226159,0.0004100654,0.0014235636,0.99715485,0.99083802,-0.0063168214,0.85718055,3.1681402,0.35360576,1.1202726,False,0.98500162,True,True,True,0.85718055,3.1681402,0.35360576,1.1202726,0.85261304,3.173814,0.34694913,1.101152,0.98221558,3.0179961,0.06828865,0.20609488,0.925063,3.458514,0.064484679,0.22302117,0.9045633,3.1396353,0.17562634,0.55140267,0.83665799,3.1989252,0.17659382,0.56491042,0.76144925,3.2238572,0.13953305,0.44983462,0.8647681,3.1169441,0.1863222,0.58075589
0b_baseline_last,file,19,baseline,10036,171.Myrtle_Warbler/Myrtle_Warbler_0084_166747.jpg,171,170,171.Myrtle_Warbler,166,165,identity,identity,0,{},1.261127,1.261127,0,0.28333452,0.28333452,0.33440045,0.33440045,-0.051065922,-0.051065922,0,1,1,114.12581,114.12581,False,1,True,False,False,1,1,114.12581,114.12581,1,1,112.4323,112.4323,1,1,19.587701,19.587701,1,1,24.919651,24.919651,1,1,42.657322,42.657322,1,1,60.697988,60.697988,1,1,58.359013,58.359013,1,1,55.770653,55.770653
0b_baseline_last,file,19,baseline,10036,171.Myrtle_Warbler/Myrtle_Warbler_0084_166747.jpg,171,170,171.Myrtle_Warbler,166,165,horizontal_flip,horizontal_flip,0,"{""flipped"":true}",1.261127,0.50153726,-0.75958973,0.28333452,0.60559899,0.33440045,0.14495252,-0.051065922,0.46064647,0.51171239,0.62263585,0.62605148,114.12581,71.448631,False,0.93804586,False,False,True,0.62263585,0.62605148,114.12581,71.448631,0.61474157,0.62714737,112.4323,70.511621,0.90086975,0.58880574,19.587701,11.533351,0.50842578,0.66902132,24.919651,16.671778,0.56153831,0.70862157,42.657322,30.227898,0.61015298,0.61528621,60.697988,37.346635,0.6010485,0.63618582,58.359013,37.127176,0.70788248,0.56900035,55.770653,31.733521
0b_baseline_last,file,19,baseline,10036,171.Myrtle_Warbler/Myrtle_Warbler_0084_166747.jpg,171,170,171.Myrtle_Warbler,166,165,color_jitter,color_jitter,0,"{""brightness"":0.860943,""contrast"":1.170567,""hue"":0.030823,""saturation"":1.044687}",1.261127,2.5393894,1.2782624,0.28333452,0.078914575,0.33440045,0.16693139,-0.051065922,-0.088016815,-0.036950894,0.79928569,1.1734518,114.12581,133.92114,False,0.95460629,False,False,False,0.79928569,1.1734518,114.12581,133.92114,0.79578902,1.171478,112.4323,131.71196,0.90955048,1.2367246,19.587701,24.224593,0.8035609,1.3881216,24.919651,34.591507,0.75803419,1.227291,42.657322,52.352949,0.81091319,1.1234698,60.697988,68.192358,0.78950442,1.1527871,58.359013,67.275517,0.81089596,1.1667894,55.770653,65.072608
0b_baseline_last,file,19,baseline,10036,171.Myrtle_Warbler/Myrtle_Warbler_0084_166747.jpg,171,170,171.Myrtle_Warbler,166,165,rotation,rotation,0,"{""angle"":1.009462}",1.261127,1.4914389,0.23031187,0.28333452,0.22504859,0.33440045,0.46798193,-0.051065922,-0.24293335,-0.19186743,0.91258179,1.1156809,114.12581,127.32799,False,0.99006271,True,False,False,0.91258179,1.1156809,114.12581,127.32799,0.91038688,1.1144707,112.4323,125.3025,0.98292961,1.1548451,19.587701,22.62076,0.90057471,1.0910601,24.919651,27.188837,0.8809375,1.1546005,42.657322,49.252166,0.91608669,1.1256045,60.697988,68.321926,0.91108658,1.104093,58.359013,64.433777,0.92347814,1.0930465,55.770653,60.959919
0b_baseline_last,file,19,baseline,10036,171.Myrtle_Warbler/Myrtle_Warbler_0084_166747.jpg,171,170,171.Myrtle_Warbler,166,165,random_resized_crop,random_resized_crop,0,"{""area_fraction"":0.867004,""aspect"":1.055274,""fallback"":false,""height"":0.906416,""left"":0.01427,""top"":0.041374,""width"":0.956518}",1.261127,0.42253199,-0.838595,0.28333452,0.65538532,0.33440045,0.16788314,-0.051065922,0.48750217,0.53856809,0.80092578,0.4428664,114.12581,50.542485,False,0.96343106,False,False,True,0.80092578,0.4428664,114.12581,50.542485,0.79576299,0.44108665,112.4323,49.592387,0.95729793,0.49795888,19.587701,9.7538699,0.70426064,0.44770596,24.919651,11.156677,0.74964528,0.43558032,42.657322,18.58069,0.81751596,0.44392386,60.697988,26.945285,0.7758887,0.43319808,58.359013,25.281012,0.83606289,0.44808989,55.770653,24.990266
0b_baseline_last,file,19,baseline,10036,171.Myrtle_Warbler/Myrtle_Warbler_0084_166747.jpg,171,170,171.Myrtle_Warbler,166,165,gaussian_blur,gaussian_blur,0,"{""sigma"":1.883336}",1.261127,2.1632807,0.90215373,0.28333452,0.11494738,0.33440045,0.059685357,-0.051065922,0.055262022,0.10632794,0.4158357,0.81822461,114.12581,93.380544,False,0.84325886,False,False,True,0.4158357,0.81822461,114.12581,93.380544,0.40295972,0.81380989,112.4323,91.498517,0.7833349,0.95229899,19.587701,18.653348,0.47233989,0.91681127,24.919651,22.846617,0.20533537,0.8149723,42.657322,34.764535,0.4086823,0.72908515,60.697988,44.254002,0.40121522,0.82395611,58.359013,48.085265,0.49651851,0.87306048,55.770653,48.691153
0b_baseline_last,file,19,baseline,10036,171.Myrtle_Warbler/Myrtle_Warbler_0084_166747.jpg,171,170,171.Myrtle_Warbler,166,165,random_erasing,random_erasing,0,"{""area_fraction"":0.172055,""erased"":true,""height"":0.434814,""left"":0.066602,""top"":0.285848,""width"":0.395699}",1.261127,2.1754966,0.91436958,0.28333452,0.11355177,0.33440045,0.59241039,-0.051065922,-0.47885862,-0.4277927,0.65340118,1.0268457,114.12581,117.1896,False,0.91733122,True,False,False,0.65340118,1.0268457,114.12581,117.1896,0.64453073,1.0127011,112.4323,113.86031,0.89792495,1.4159418,19.587701,27.735045,0.81014205,0.91652735,24.919651,22.839542,0.64943633,0.93981,42.657322,40.089777,0.62232441,0.86402075,60.697988,52.444322,0.59381751,0.99165375,58.359013,57.871934,0.70160797,1.2339269,55.770653,68.816911
0b_baseline_last,file,19,baseline,6388,110.Geococcyx/Geococcyx_0107_104534.jpg,110,109,110.Geococcyx,71,70,identity,identity,0,{},0.0018405655,0.0018405655,0,0.99816114,0.99816114,0.00023300284,0.00023300284,0.99792813,0.99792813,0,1,1,0.26571647,0.26571647,False,1,True,True,True,1,1,0.26571647,0.26571647,1,1,0.25885421,0.25885421,1,1,0.059997805,0.059997805,1,1,0.035502377,0.035502377,1,1,0.12749491,0.12749491,1,1,0.13289872,0.13289872,1,1,0.1163359,0.1163359,1,1,0.1352554,0.1352554
0b_baseline_last,file,19,baseline,6388,110.Geococcyx/Geococcyx_0107_104534.jpg,110,109,110.Geococcyx,71,70,horizontal_flip,horizontal_flip,0,"{""flipped"":true}",0.0018405655,0.00171419,-0.00012637547,0.99816114,0.99828726,0.00023300284,0.00017772139,0.99792813,0.99810954,0.00018140487,0.74463349,0.96800024,0.26571647,0.2572136,False,0.97772205,True,True,True,0.74463349,0.96800024,0.26571647,0.2572136,0.73245671,0.9675261,0.25885421,0.25044821,0.969176,0.97678388,0.059997805,0.058604888,0.72470073,0.91258417,0.035502377,0.032398907,0.80284153,0.8527132,0.12749491,0.10871659,0.71666188,0.95751665,0.13289872,0.12725274,0.65619901,1.0011975,0.1163359,0.11647522,0.75685065,1.048083,0.1352554,0.14175889
0b_baseline_last,file,19,baseline,6388,110.Geococcyx/Geococcyx_0107_104534.jpg,110,109,110.Geococcyx,71,70,color_jitter,color_jitter,0,"{""brightness"":0.735807,""contrast"":0.789395,""hue"":-0.088327,""saturation"":0.910334}",0.0018405655,0.040193364,0.038352799,0.99816114,0.96060365,0.00023300284,0.0010894614,0.99792813,0.95951419,-0.038413941,0.65623606,34.045296,0.26571647,9.0463957,False,0.93251419,True,True,True,0.65623606,34.045296,0.26571647,9.0463957,0.6513659,34.647559,0.25885421,8.9686667,0.91902138,19.723054,0.059997805,1.1833399,0.47502595,39.842353,0.035502377,1.4144982,0.66509837,35.424448,0.12749491,4.5164366,0.68080205,43.05758,0.13289872,5.7222972,0.61179543,33.272169,0.1163359,3.8707479,0.71867736,23.740365,0.1352554,3.2110126
0b_baseline_last,file,19,baseline,6388,110.Geococcyx/Geococcyx_0107_104534.jpg,110,109,110.Geococcyx,71,70,rotation,rotation,0,"{""angle"":-9.451384}",0.0018405655,0.016660837,0.014820272,0.99816114,0.98347718,0.00023300284,0.0020295912,0.99792813,0.98144758,-0.01648055,0.68033155,11.088362,0.26571647,2.9463604,False,0.93279707,True,True,True,0.68033155,11.088362,0.26571647,2.9463604,0.67144273,11.214542,0.25885421,2.9029316,0.92867919,8.4005016,0.059997805,0.50401165,0.5485157,14.101167,0.035502377,0.50062495,0.70534917,10.511636,0.12749491,1.3401801,0.63459534,12.298408,0.13289872,1.6344426,0.65377037,12.343893,0.1163359,1.436038,0.73294008,9.4875071,0.1352554,1.2832366
0b_baseline_last,file,19,baseline,6388,110.Geococcyx/Geococcyx_0107_104534.jpg,110,109,110.Geococcyx,71,70,random_resized_crop,random_resized_crop,0,"{""area_fraction"":0.71338,""aspect"":1.159082,""fallback"":false,""height"":0.784519,""left"":0.029508,""top"":0.160117,""width"":0.909322}",0.0018405655,0.0039496995,0.002109134,0.99816114,0.99605811,0.00023300284,0.00055156543,0.99792813,0.99550654,-0.0024215933,0.60743407,2.1093158,0.26571647,0.56047994,False,0.95358348,True,True,True,0.60743407,2.1093158,0.26571647,0.56047994,0.59075647,2.1135419,0.25885421,0.54709922,0.93127947,2.0290454,0.059997805,0.12173827,0.23772132,1.8982474,0.035502377,0.067392293,0.45369947,1.9508937,0.12749491,0.24872902,0.55341411,2.109518,0.13289872,0.28035224,0.60826303,2.2954921,0.1163359,0.26704815,0.74909967,2.1299932,0.1352554,0.28809307
0b_baseline_last,file,19,baseline,6388,110.Geococcyx/Geococcyx_0107_104534.jpg,110,109,110.Geococcyx,71,70,gaussian_blur,gaussian_blur,0,"{""sigma"":1.944216}",0.0018405655,2.2883193,2.2864788,0.99816114,0.10143681,0.00023300284,0.52692032,0.99792813,-0.42548351,-1.4234116,0.27297049,650.2878,0.26571647,172.79218,False,0.74545145,False,True,False,0.27297049,650.2878,0.26571647,172.79218,0.25855415,658.99711,0.25885421,170.58418,0.67568919,458.93264,0.059997805,27.534951,-0.14571069,987.57,0.035502377,35.061083,0.1381663,648.4037,0.12749491,82.668169,0.29156778,722.58746,0.13289872,96.030947,0.30109592,674.53775,0.1163359,78.472958,0.36100649,556.01808,0.1352554,75.204447
0b_baseline_last,file,19,baseline,6388,110.Geococcyx/Geococcyx_0107_104534.jpg,110,109,110.Geococcyx,71,70,random_erasing,random_erasing,0,"{""area_fraction"":0.179874,""erased"":true,""height"":0.508421,""left"":0.506738,""top"":0.461931,""width"":0.353789}",0.0018405655,0.18821786,0.1863773,0.99816114,0.82843423,0.00023300284,0.010236936,0.99792813,0.81819729,-0.17973084,0.73182517,103.99637,0.26571647,27.633549,False,0.93673486,True,True,True,0.73182517,103.99637,0.26571647,27.633549,0.72437163,105.06028,0.25885421,27.195296,0.93254403,81.701786,0.059997805,4.9019278,0.80654691,95.806545,0.035502377,3.4013601,0.73278902,108.65183,0.12749491,13.852555,0.72300579,117.36015,0.13289872,15.597014,0.69263346,104.95751,0.1163359,12.210326,0.75546249,88.647913,0.1352554,11.990109
0b_baseline_last,file,19,baseline,5211,090.Red_breasted_Merganser/Red_Breasted_Merganser_0081_79396.jpg,90,89,090.Red_breasted_Merganser,25,24,identity,identity,0,{},0.0011582817,0.0011582817,0,0.99884242,0.99884242,0.00018319314,0.00018319314,0.99865923,0.99865923,0,1,1,0.1838901,0.1838901,False,0.99999994,True,True,True,1,1,0.1838901,0.1838901,1,1,0.18081152,0.18081152,1,1,0.0335077,0.0335077,1,1,0.027647238,0.027647238,1,1,0.075383971,0.075383971,1,1,0.085958426,0.085958426,1,1,0.091949628,0.091949628,1,1,0.10199072,0.10199072
0b_baseline_last,file,19,baseline,5211,090.Red_breasted_Merganser/Red_Breasted_Merganser_0081_79396.jpg,90,89,090.Red_breasted_Merganser,25,24,horizontal_flip,horizontal_flip,0,"{""flipped"":true}",0.0011582817,0.00062184071,-0.00053644099,0.99884242,0.99937832,0.00018319314,0.00010796244,0.99865923,0.99927036,0.00061113606,0.64323064,0.48246779,0.1838901,0.088721052,False,0.98645961,True,True,True,0.64323064,0.48246779,0.1838901,0.088721052,0.62984662,0.47948363,0.18081152,0.086696162,0.98334555,0.56246077,0.0335077,0.018846767,0.22775299,0.56908035,0.027647238,0.0157335,0.56796171,0.47180585,0.075383971,0.035566599,0.56564544,0.43112098,0.085958426,0.037058481,0.60217048,0.46554967,0.091949628,0.042807119,0.7561573,0.51862907,0.10199072,0.052895351
0b_baseline_last,file,19,baseline,5211,090.Red_breasted_Merganser/Red_Breasted_Merganser_0081_79396.jpg,90,89,090.Red_breasted_Merganser,25,24,color_jitter,color_jitter,0,"{""brightness"":0.692614,""contrast"":1.335003,""hue"":0.04763,""saturation"":1.257185}",0.0011582817,1.1098412,1.1086829,0.99884242,0.3296113,0.00018319314,0.038341366,0.99865923,0.29126994,-0.70738929,0.5814363,656.20964,0.1838901,120.67046,False,0.8295294,True,True,True,0.5814363,656.20964,0.1838901,120.67046,0.57627507,659.43166,0.18081152,119.23284,0.7687995,554.23692,0.0335077,18.571205,0.52425165,1079.1114,0.027647238,29.834449,0.57766961,677.63546,0.075383971,51.082852,0.57408526,737.12349,0.085958426,63.361974,0.600318,665.13702,0.091949628,61.159102,0.58807363,533.59651,0.10199072,54.42189
0b_baseline_last,file,19,baseline,5211,090.Red_breasted_Merganser/Red_Breasted_Merganser_0081_79396.jpg,90,89,090.Red_breasted_Merganser,25,24,rotation,rotation,0,"{""angle"":-12.263558}",0.0011582817,0.010400855,0.0092425733,0.99884242,0.98965305,0.00018319314,0.0013053892,0.99865923,0.98834766,-0.010311563,0.75303145,9.4328463,0.1838901,1.7346071,False,0.93988943,True,True,True,0.75303145,9.4328463,0.1838901,1.7346071,0.74802149,9.4777086,0.18081152,1.7136789,0.93575645,8.0172098,0.0335077,0.26863826,0.59926406,12.392491,0.027647238,0.34261815,0.7875777,10.052959,0.075383971,0.75783197,0.7094211,9.520465,0.085958426,0.81836418,0.72126578,9.7266174,0.091949628,0.89435885,0.80045415,8.6338113,0.10199072,0.8805686
0b_baseline_last,file,19,baseline,5211,090.Red_breasted_Merganser/Red_Breasted_Merganser_0081_79396.jpg,90,89,090.Red_breasted_Merganser,25,24,random_resized_crop,random_resized_crop,0,"{""area_fraction"":0.877207,""aspect"":1.00423,""fallback"":false,""height"":0.934619,""left"":0.048777,""top"":0.032366,""width"":0.938572}",0.0011582817,0.00054225523,-0.00061602646,0.99884242,0.9994579,0.00018319314,6.29473e-05,0.99865923,0.99939495,0.00073572341,0.82586479,0.44754524,0.1838901,0.08229914,False,0.98819184,True,True,True,0.82586479,0.44754524,0.1838901,0.08229914,0.82002624,0.44612666,0.18081152,0.080664837,0.98465616,0.48704324,0.0335077,0.016319699,0.49990564,0.46696593,0.027647238,0.012910318,0.80499575,0.43115741,0.075383971,0.032502358,0.77604265,0.43742659,0.085958426,0.037600501,0.79968669,0.42867589,0.091949628,0.039416588,0.89696564,0.47188271,0.10199072,0.048127655
0b_baseline_last,file,19,baseline,5211,090.Red_breasted_Merganser/Red_Breasted_Merganser_0081_79396.jpg,90,89,090.Red_breasted_Merganser,25,24,gaussian_blur,gaussian_blur,0,"{""sigma"":1.84761}",0.0011582817,0.098240189,0.097081908,0.99884242,0.90643114,0.00018319314,0.027816271,0.99865923,0.87861487,-0.12004436,0.41012724,141.43091,0.1838901,26.007745,False,0.8756963,True,True,True,0.41012724,141.43091,0.1838901,26.007745,0.40254047,142.92055,0.18081152,25.841682,0.8197624,87.571819,0.0335077,2.9343303,0.44318748,356.54087,0.027647238,9.8573704,0.30461234,152.72208,0.075383971,11.512797,0.32467034,156.31769,0.085958426,13.436822,0.481652,142.33535,0.091949628,13.087682,0.57127253,91.055346,0.10199072,9.2868
0b_baseline_last,file,19,baseline,5211,090.Red_breasted_Merganser/Red_Breasted_Merganser_0081_79396.jpg,90,89,090.Red_breasted_Merganser,25,24,random_erasing,random_erasing,0,"{""area_fraction"":0.086478,""erased"":true,""height"":0.245297,""left"":0.177003,""top"":0.180737,""width"":0.352544}",0.0011582817,0.004285913,0.0031276313,0.99884242,0.99572325,0.00018319314,0.00066213834,0.99865923,0.99506111,-0.0035981159,0.89787305,3.968976,0.1838901,0.7298554,False,0.98417163,True,True,True,0.89787305,3.968976,0.1838901,0.7298554,0.8956424,3.9859156,0.18081152,0.72069944,0.98264791,3.4393344,0.0335077,0.11524419,0.79740818,5.1548752,0.027647238,0.14251806,0.89020595,4.2565501,0.075383971,0.32087565,0.88236473,4.1678144,0.085958426,0.35825876,0.89809678,3.8775342,0.091949628,0.35653782,0.92599381,3.6773483,0.10199072,0.37505539
0b_baseline_last,file,19,baseline,7367,126.Nelson_Sharp_tailed_Sparrow/Nelson_Sharp_Tailed_Sparrow_0074_796901.jpg,126,125,126.Nelson_Sharp_tailed_Sparrow,128,127,identity,identity,0,{},3.9196184,3.9196184,0,0.019848669,0.019848669,0.87828106,0.87828106,-0.85843239,-0.85843239,0,1,1,190.20698,190.20698,False,0.99999988,True,False,False,1,1,190.20698,190.20698,1,1,186.4176,186.4176,1,1,37.777931,37.777931,1,1,27.677733,27.677733,1,1,93.306337,93.306337,1,1,104.42416,104.42416,1,1,85.190337,85.190337,1,1,84.365827,84.365827
0b_baseline_last,file,19,baseline,7367,126.Nelson_Sharp_tailed_Sparrow/Nelson_Sharp_Tailed_Sparrow_0074_796901.jpg,126,125,126.Nelson_Sharp_tailed_Sparrow,128,127,horizontal_flip,horizontal_flip,0,"{""flipped"":true}",3.9196184,3.3520374,-0.56758094,0.019848669,0.035012946,0.87828106,0.93448019,-0.85843239,-0.89946724,-0.041034857,0.7193579,0.92358568,190.20698,175.67244,False,0.95892823,True,False,False,0.7193579,0.92358568,190.20698,175.67244,0.70851,0.91854464,186.4176,171.23289,0.95813158,1.0388118,37.777931,39.24416,0.54898377,0.76992395,27.677733,21.309749,0.56879216,0.79274781,93.306337,73.968395,0.74749681,0.91422893,104.42416,95.467591,0.70844592,0.97545527,85.190337,83.099363,0.8142463,1.0179707,84.365827,85.881942
0b_baseline_last,file,19,baseline,7367,126.Nelson_Sharp_tailed_Sparrow/Nelson_Sharp_Tailed_Sparrow_0074_796901.jpg,126,125,126.Nelson_Sharp_tailed_Sparrow,128,127,color_jitter,color_jitter,0,"{""brightness"":1.243766,""contrast"":1.050318,""hue"":-0.069495,""saturation"":0.733363}",3.9196184,3.7202663,-0.19935203,0.019848669,0.024227513,0.87828106,0.65980315,-0.85843239,-0.63557564,0.22285675,0.74087911,0.74040773,190.20698,140.83071,False,0.90541559,True,False,False,0.74087911,0.74040773,190.20698,140.83071,0.73387463,0.73586588,186.4176,137.17835,0.89627642,0.84348674,37.777931,31.865184,0.56448447,0.80667899,27.677733,22.327045,0.63073233,0.6790988,93.306337,63.364222,0.80803085,0.73340092,104.42416,76.584777,0.74649795,0.75513679,85.190337,64.330358,0.74754565,0.77733069,84.365827,65.580147
0b_baseline_last,file,19,baseline,7367,126.Nelson_Sharp_tailed_Sparrow/Nelson_Sharp_Tailed_Sparrow_0074_796901.jpg,126,125,126.Nelson_Sharp_tailed_Sparrow,128,127,rotation,rotation,0,"{""angle"":-0.534034}",3.9196184,3.529125,-0.39049339,0.019848669,0.02933057,0.87828106,0.77881944,-0.85843239,-0.74948887,0.10894352,0.89194797,0.93374711,190.20698,177.60521,False,0.98371023,True,False,False,0.89194797,0.93374711,190.20698,177.60521,0.88868147,0.93669598,186.4176,174.61662,0.98193882,0.85882286,37.777931,32.444551,0.82098337,0.95223956,27.677733,26.355832,0.86146081,0.94804943,93.306337,88.45902,0.90251784,0.97091582,104.42416,101.38707,0.88804683,0.91928598,85.190337,78.314283,0.91236776,0.88374441,84.365827,74.557828
0b_baseline_last,file,19,baseline,7367,126.Nelson_Sharp_tailed_Sparrow/Nelson_Sharp_Tailed_Sparrow_0074_796901.jpg,126,125,126.Nelson_Sharp_tailed_Sparrow,128,127,random_resized_crop,random_resized_crop,0,"{""area_fraction"":0.65423,""aspect"":0.999634,""fallback"":false,""height"":0.808993,""left"":0.025923,""top"":0.17572,""width"":0.808697}",3.9196184,3.9607415,0.041123152,0.019848669,0.019048983,0.87828106,0.93652928,-0.85843239,-0.9174803,-0.059047908,0.74920943,0.95117077,190.20698,180.91932,False,0.93978262,True,False,False,0.74920943,0.95117077,190.20698,180.91932,0.74074891,0.94708067,186.4176,176.55251,0.93929677,1.0458392,37.777931,39.509642,0.70734673,1.0250365,27.677733,28.370686,0.73480374,0.88527237,93.306337,82.601523,0.77693953,1.0081824,104.42416,105.2786,0.68809209,0.94201908,85.190337,80.250923,0.75100048,0.91959943,84.365827,77.582767
0b_baseline_last,file,19,baseline,7367,126.Nelson_Sharp_tailed_Sparrow/Nelson_Sharp_Tailed_Sparrow_0074_796901.jpg,126,125,126.Nelson_Sharp_tailed_Sparrow,128,127,gaussian_blur,gaussian_blur,0,"{""sigma"":1.081895}",3.9196184,1.6484141,-2.2712042,0.019848669,0.19235471,0.87828106,0.18288438,-0.85843239,0.0094703287,0.86790272,0.59240605,0.67782093,190.20698,128.92627,False,0.84544086,False,False,False,0.59240605,0.67782093,190.20698,128.92627,0.58814895,0.68080372,186.4176,126.9138,0.71439357,0.60063575,37.777931,22.690776,0.53802232,0.7119372,27.677733,19.704808,0.56925144,0.58788423,93.306337,54.853324,0.69317298,0.75063102,104.42416,78.384017,0.55408734,0.72066617,85.190337,61.393794,0.47882815,0.62683875,84.365827,52.88377
0b_baseline_last,file,19,baseline,7367,126.Nelson_Sharp_tailed_Sparrow/Nelson_Sharp_Tailed_Sparrow_0074_796901.jpg,126,125,126.Nelson_Sharp_tailed_Sparrow,128,127,random_erasing,random_erasing,0,"{""area_fraction"":0.066735,""erased"":true,""height"":0.395615,""left"":0.419033,""top"":0.549208,""width"":0.168686}",3.9196184,3.3658655,-0.5537529,0.019848669,0.034532119,0.87828106,0.80433547,-0.85843239,-0.76980336,0.088629032,0.85763019,0.9203745,190.20698,175.06165,False,0.94934797,True,False,False,0.85763019,0.9203745,190.20698,175.06165,0.85380514,0.91935615,186.4176,171.38417,0.948566,0.94483244,37.777931,35.693815,0.8823654,0.9183657,27.677733,25.418281,0.87146974,0.86769885,93.306337,80.961801,0.87088384,0.92880946,104.42416,96.990151,0.80080658,0.92479731,85.190337,78.783794,0.86053209,0.9598596,84.365827,80.979349
0b_baseline_last,file,19,baseline,290,006.Least_Auklet/Least_Auklet_0026_795066.jpg,6,5,006.Least_Auklet,7,6,identity,identity,0,{},0.34103137,0.34103137,0,0.71103662,0.71103662,0.23403463,0.23403463,0.47700199,0.47700199,0,1,1,51.704038,51.704038,False,1,True,True,True,1,1,51.704038,51.704038,1,1,50.831728,50.831728,1,1,9.4574291,9.4574291,1,1,9.0135591,9.0135591,1,1,23.177197,23.177197,1,1,27.637462,27.637462,1,1,25.930942,25.930942,1,1,23.004233,23.004233
0b_baseline_last,file,19,baseline,290,006.Least_Auklet/Least_Auklet_0026_795066.jpg,6,5,006.Least_Auklet,7,6,horizontal_flip,horizontal_flip,0,"{""flipped"":true}",0.34103137,0.07090994,-0.27012143,0.71103662,0.93154579,0.23403463,0.061570387,0.47700199,0.86997541,0.39297341,0.66755814,0.26239334,51.704038,13.566795,False,0.95949483,True,True,True,0.66755814,0.26239334,51.704038,13.566795,0.65652727,0.26138245,50.831728,13.286522,0.95818843,0.29007931,9.4574291,2.7434045,0.38517174,0.24958881,9.0135591,2.2496835,0.63278548,0.23767407,23.177197,5.5086187,0.63535107,0.2719585,27.637462,7.5162429,0.66245289,0.25204596,25.930942,6.5357892,0.74226915,0.28143513,23.004233,6.4741993
0b_baseline_last,file,19,baseline,290,006.Least_Auklet/Least_Auklet_0026_795066.jpg,6,5,006.Least_Auklet,7,6,color_jitter,color_jitter,0,"{""brightness"":0.662184,""contrast"":1.306548,""hue"":-0.0216,""saturation"":0.750981}",0.34103137,0.64811951,0.30708814,0.71103662,0.52302843,0.23403463,0.34129503,0.47700199,0.1817334,-0.2952686,0.86074834,1.5478275,51.704038,80.02893,False,0.97960949,True,True,True,0.86074834,1.5478275,51.704038,80.02893,0.85700181,1.5509397,50.831728,78.836945,0.97781051,1.4550492,9.4574291,13.761025,0.48409774,1.5090618,9.0135591,13.602018,0.81227579,1.5485425,23.177197,35.890875,0.86823677,1.523834,27.637462,42.114906,0.89253042,1.5788946,25.930942,40.942225,0.89628966,1.562611,23.004233,35.946668
0b_baseline_last,file,19,baseline,290,006.Least_Auklet/Least_Auklet_0026_795066.jpg,6,5,006.Least_Auklet,7,6,rotation,rotation,0,"{""angle"":-6.366214}",0.34103137,0.31951547,-0.021515906,0.71103662,0.72650099,0.23403463,0.12831967,0.47700199,0.59818132,0.12117933,0.69378951,0.90443507,51.704038,46.762945,False,0.96804667,True,True,True,0.69378951,0.90443507,51.704038,46.762945,0.68629543,0.90422747,50.831728,45.963444,0.90882645,0.91041206,9.4574291,8.6101575,0.50704933,1.0890903,9.0135591,9.8165801,0.68576073,0.88323836,23.177197,20.470989,0.65726536,0.93086221,27.637462,25.726669,0.70469695,0.86797924,25.930942,22.507519,0.74445291,0.90011956,23.004233,20.70656
0b_baseline_last,file,19,baseline,290,006.Least_Auklet/Least_Auklet_0026_795066.jpg,6,5,006.Least_Auklet,7,6,random_resized_crop,random_resized_crop,0,"{""area_fraction"":0.649353,""aspect"":1.047842,""fallback"":false,""height"":0.787213,""left"":0.125622,""top"":0.151153,""width"":0.824875}",0.34103137,0.47914582,0.13811445,0.71103662,0.61931217,0.23403463,0.35478061,0.47700199,0.26453155,-0.21247044,0.75507958,1.5542584,51.704038,80.361432,False,0.95812094,True,True,True,0.75507958,1.5542584,51.704038,80.361432,0.74799517,1.5529948,50.831728,78.94141,0.95513863,1.590326,9.4574291,15.040396,0.61761552,1.7307033,9.0135591,15.599796,0.74218422,1.5195278,23.177197,35.218395,0.76906216,1.5754957,27.637462,43.542702,0.74011179,1.5911084,25.930942,41.25894,0.75830759,1.4740138,23.004233,33.908557
0b_baseline_last,file,19,baseline,290,006.Least_Auklet/Least_Auklet_0026_795066.jpg,6,5,006.Least_Auklet,7,6,gaussian_blur,gaussian_blur,0,"{""sigma"":1.83898}",0.34103137,1.0471898,0.70615846,0.71103662,0.3509225,0.23403463,0.27310985,0.47700199,0.077812642,-0.39918935,0.61097935,2.5786998,51.704038,133.32919,False,0.83165836,True,True,True,0.61097935,2.5786998,51.704038,133.32919,0.60613818,2.5931329,50.831728,131.81343,0.79417466,2.119739,9.4574291,20.047282,0.39967673,3.1545686,9.0135591,28.43389,0.52961877,2.9533994,23.177197,68.451521,0.67221385,2.5983389,27.637462,71.811494,0.63248267,2.4723424,25.930942,64.110167,0.62328849,2.2223799,23.004233,51.124147
0b_baseline_last,file,19,baseline,290,006.Least_Auklet/Least_Auklet_0026_795066.jpg,6,5,006.Least_Auklet,7,6,random_erasing,random_erasing,0,"{""area_fraction"":0.177175,""erased"":true,""height"":0.676281,""left"":0.10315,""top"":0.300039,""width"":0.261984}",0.34103137,2.0994406,1.7584092,0.71103662,0.12252494,0.23403463,0.77100444,0.47700199,-0.6484795,-1.1254815,0.75321207,2.9417085,51.704038,152.09821,False,0.91973585,False,True,False,0.75321207,2.9417085,51.704038,152.09821,0.74700596,2.9289762,50.831728,148.88492,0.91776469,3.2883109,9.4574291,31.098967,0.45135106,2.9428642,9.0135591,26.52568,0.71047216,2.8306674,23.177197,65.606936,0.77575135,2.9022346,27.637462,80.210398,0.77063396,2.9810186,25.930942,77.30062,0.75736559,2.9959001,23.004233,68.918384
0b_baseline_last,file,19,baseline,8666,148.Green_tailed_Towhee/Green_Tailed_Towhee_0064_154771.jpg,148,147,148.Green_tailed_Towhee,166,165,identity,identity,0,{},0.013543742,0.013543742,0,0.98654759,0.98654759,0.002357821,0.002357821,0.98418977,0.98418977,0,1,1,2.0703584,2.0703584,False,1,True,True,True,1,1,2.0703584,2.0703584,1,1,2.0311677,2.0311677,1,1,0.40092593,0.40092593,1,1,0.42373943,0.42373943,1,1,0.82500353,0.82500353,1,1,1.1153531,1.1153531,1,1,0.98914221,0.98914221,1,1,1.0212939,1.0212939
0b_baseline_last,file,19,baseline,8666,148.Green_tailed_Towhee/Green_Tailed_Towhee_0064_154771.jpg,148,147,148.Green_tailed_Towhee,166,165,horizontal_flip,horizontal_flip,0,"{""flipped"":true}",0.013543742,0.010371714,-0.0031720279,0.98654759,0.9896819,0.002357821,0.0017056534,0.98418977,0.98797625,0.0037864778,0.64965867,0.72412411,2.0703584,1.4991964,False,0.97228581,True,True,True,0.64965867,0.72412411,2.0703584,1.4991964,0.63599687,0.72082367,2.0311677,1.4641137,0.96768171,0.80421213,0.40092593,0.3224295,0.66931818,0.70028204,0.42373943,0.29673711,0.51811504,0.62480503,0.82500353,0.51546636,0.63095518,0.70377618,1.1153531,0.78495896,0.61664673,0.72052442,0.98914221,0.71270112,0.7197158,0.7989331,1.0212939,0.81594554
0b_baseline_last,file,19,baseline,8666,148.Green_tailed_Towhee/Green_Tailed_Towhee_0064_154771.jpg,148,147,148.Green_tailed_Towhee,166,165,color_jitter,color_jitter,0,"{""brightness"":0.809038,""contrast"":0.848749,""hue"":-0.018586,""saturation"":1.224494}",0.013543742,0.0051002158,-0.008443526,0.98654759,0.99491274,0.002357821,0.00039121442,0.98418977,0.99452153,0.010331761,0.82603567,0.36884081,2.0703584,0.76363265,False,0.98221153,True,True,True,0.82603567,0.36884081,2.0703584,0.76363265,0.82010304,0.36828771,2.0311677,0.7480541,0.97313569,0.38276325,0.40092593,0.15345971,0.81735912,0.46375109,0.42373943,0.19650962,0.73172524,0.41451815,0.82500353,0.34197893,0.8292295,0.33346799,1.1153531,0.37193456,0.82871108,0.34727695,0.98914221,0.34350629,0.88157834,0.37628854,1.0212939,0.38430121
0b_baseline_last,file,19,baseline,8666,148.Green_tailed_Towhee/Green_Tailed_Towhee_0064_154771.jpg,148,147,148.Green_tailed_Towhee,166,165,rotation,rotation,0,"{""angle"":7.028396}",0.013543742,0.17946485,0.16592111,0.98654759,0.83571732,0.002357821,0.026764518,0.98418977,0.8089528,-0.17523697,0.72316472,11.303534,2.0703584,23.402366,False,0.95191491,True,True,True,0.72316472,11.303534,2.0703584,23.402366,0.71472856,11.31642,2.0311677,22.985546,0.94691729,10.967623,0.40092593,4.3972045,0.72664084,13.239551,0.42373943,5.6101196,0.65063544,10.44966,0.82500353,8.6210061,0.72928045,11.036276,1.1153531,12.309345,0.68848976,11.658602,0.98914221,11.532016,0.76240162,11.503775,1.0212939,11.748736
0b_baseline_last,file,19,baseline,8666,148.Green_tailed_Towhee/Green_Tailed_Towhee_0064_154771.jpg,148,147,148.Green_tailed_Towhee,166,165,random_resized_crop,random_resized_crop,0,"{""area_fraction"":0.640822,""aspect"":1.200083,""fallback"":false,""height"":0.73074,""left"":0.021258,""top"":0.026548,""width"":0.876949}",0.013543742,0.030774895,0.017231153,0.98654759,0.96969384,0.002357821,0.0067701987,0.98418977,0.96292364,-0.021266127,0.69590966,2.3377524,2.0703584,4.8399852,False,0.94330597,True,True,True,0.69590966,2.3377524,2.0703584,4.8399852,0.68688597,2.3408967,2.0311677,4.7547537,0.93674043,2.25555,0.40092593,0.90430847,0.71180987,2.221814,0.42373943,0.94147022,0.62982711,2.5206942,0.82500353,2.0795816,0.72751196,2.4223266,1.1153531,2.7017495,0.65598767,2.2931729,0.98914221,2.2682741,0.70624846,2.1789419,1.0212939,2.2253402
0b_baseline_last,file,19,baseline,8666,148.Green_tailed_Towhee/Green_Tailed_Towhee_0064_154771.jpg,148,147,148.Green_tailed_Towhee,166,165,gaussian_blur,gaussian_blur,0,"{""sigma"":1.296788}",0.013543742,0.094715059,0.081171317,0.98654759,0.90963209,0.002357821,0.048651475,0.98418977,0.86098061,-0.12320916,0.6194302,8.7450422,2.0703584,18.105371,False,0.94044554,True,True,True,0.6194302,8.7450422,2.0703584,18.105371,0.61082647,8.7914679,2.0311677,17.856945,0.8880041,7.4551801,0.40092593,2.988975,0.46820713,10.989245,0.42373943,4.6565764,0.48542258,10.452059,0.82500353,8.6229858,0.65795513,9.5324085,1.1153531,10.632002,0.64795173,8.128212,0.98914221,8.0399576,0.70273885,6.5793152,1.0212939,6.7194148
0b_baseline_last,file,19,baseline,8666,148.Green_tailed_Towhee/Green_Tailed_Towhee_0064_154771.jpg,148,147,148.Green_tailed_Towhee,166,165,random_erasing,random_erasing,0,"{""area_fraction"":0.182249,""erased"":true,""height"":0.295922,""left"":0.304748,""top"":0.583861,""width"":0.615866}",0.013543742,0.017471338,0.0039275959,0.98654759,0.98268038,0.002357821,0.00316772,0.98418977,0.97951266,-0.004677108,0.88000809,1.2950435,2.0703584,2.6812041,False,0.97275275,True,True,True,0.88000809,1.2950435,2.0703584,2.6812041,0.87647815,1.2941504,2.0311677,2.6286365,0.96912398,1.3177572,0.40092593,0.52832305,0.83755481,1.278914,0.42373943,0.54192631,0.88357586,1.3902851,0.82500353,1.1469901,0.89778339,1.2904438,1.1153531,1.4393005,0.86961337,1.2464861,0.98914221,1.232952,0.86102223,1.2799192,1.0212939,1.3071737
0b_baseline_last,file,19,baseline,5144,088.Western_Meadowlark/Western_Meadowlark_0069_78587.jpg,88,87,088.Western_Meadowlark,194,193,identity,identity,0,{},1.905087,1.905087,0,0.1488097,0.1488097,0.43012631,0.43012631,-0.28131661,-0.28131661,0,1,1,122.24047,122.24047,False,1,True,False,False,1,1,122.24047,122.24047,1,1,119.12763,119.12763,1,1,27.410616,27.410616,1,1,23.804696,23.804696,1,1,45.357306,45.357306,1,1,57.433183,57.433183,1,1,59.492212,59.492212,1,1,68.771714,68.771714
0b_baseline_last,file,19,baseline,5144,088.Western_Meadowlark/Western_Meadowlark_0069_78587.jpg,88,87,088.Western_Meadowlark,194,193,horizontal_flip,horizontal_flip,0,"{""flipped"":true}",1.905087,1.7826595,-0.12242746,0.1488097,0.16819026,0.43012631,0.50544888,-0.28131661,-0.33725862,-0.055942014,0.67664832,1.0622741,122.24047,129.85289,False,0.98126745,True,False,False,0.67664832,1.0622741,122.24047,129.85289,0.66026367,1.0607171,119.12763,126.36071,0.97771801,1.0912658,27.410616,29.912267,0.55484425,0.80146097,23.804696,19.078534,0.38207691,1.0146729,45.357306,46.022828,0.64053756,1.1301578,57.433183,64.908559,0.64752473,1.0691059,59.492212,63.603472,0.81487566,1.0512163,68.771714,72.293947
0b_baseline_last,file,19,baseline,5144,088.Western_Meadowlark/Western_Meadowlark_0069_78587.jpg,88,87,088.Western_Meadowlark,194,193,color_jitter,color_jitter,0,"{""brightness"":0.791624,""contrast"":1.274085,""hue"":0.098883,""saturation"":1.253763}",1.905087,3.2351904,1.3301034,0.1488097,0.039352708,0.43012631,0.15526485,-0.28131661,-0.11591215,0.16540446,0.51592833,1.0621582,122.24047,129.83872,False,0.82800519,False,False,False,0.51592833,1.0621582,122.24047,129.83872,0.50351831,1.0634032,119.12763,126.6807,0.75612147,1.0383622,27.410616,28.462148,0.54445503,1.0637938,23.804696,25.323288,0.35309054,0.93300375,45.357306,42.318536,0.48993887,1.1381517,57.433183,65.367673,0.52713011,1.1151288,59.492212,66.341479,0.55288064,1.0221871,68.771714,70.297559
0b_baseline_last,file,19,baseline,5144,088.Western_Meadowlark/Western_Meadowlark_0069_78587.jpg,88,87,088.Western_Meadowlark,194,193,rotation,rotation,0,"{""angle"":-11.980959}",1.905087,2.6223226,0.71723557,0.1488097,0.072633967,0.43012631,0.62950742,-0.28131661,-0.55687346,-0.27555685,0.7613778,1.1098964,122.24047,135.67427,False,0.96078712,True,False,False,0.7613778,1.1098964,122.24047,135.67427,0.75122222,1.1052816,119.12763,131.66957,0.9411207,1.1937154,27.410616,32.720473,0.58273374,0.95352709,23.804696,22.698422,0.6841288,0.92550873,45.357306,41.978583,0.71887229,1.1129352,57.433183,63.91941,0.75054935,1.1479503,59.492212,68.294101,0.8196021,1.1550317,68.771714,79.433507
0b_baseline_last,file,19,baseline,5144,088.Western_Meadowlark/Western_Meadowlark_0069_78587.jpg,88,87,088.Western_Meadowlark,194,193,random_resized_crop,random_resized_crop,0,"{""area_fraction"":0.549307,""aspect"":0.942449,""fallback"":false,""height"":0.763447,""left"":0.27066,""top"":0.013168,""width"":0.719509}",1.905087,4.4381194,2.5330324,0.1488097,0.011818145,0.43012631,0.14877832,-0.28131661,-0.13696017,0.14435643,0.61137779,0.86358022,122.24047,105.56445,False,0.8784169,False,False,False,0.61137779,0.86358022,122.24047,105.56445,0.59858157,0.8572445,119.12763,102.1215,0.82858709,0.9755516,27.410616,26.74047,0.72710744,0.83279556,23.804696,19.824445,0.55590666,0.91455457,45.357306,41.481732,0.58290439,0.86486436,57.433183,49.671913,0.54436863,0.78103743,59.492212,46.465644,0.65246316,0.88313483,68.771714,60.734696
0b_baseline_last,file,19,baseline,5144,088.Western_Meadowlark/Western_Meadowlark_0069_78587.jpg,88,87,088.Western_Meadowlark,194,193,gaussian_blur,gaussian_blur,0,"{""sigma"":1.064194}",1.905087,1.6155672,-0.28951979,0.1488097,0.19877791,0.43012631,0.42964873,-0.28131661,-0.23087081,0.050445795,0.83084356,0.95362099,122.24047,116.57108,False,0.97119749,True,False,False,0.83084356,0.95362099,122.24047,116.57108,0.82328966,0.95217399,119.12763,113.43023,0.9697327,0.98055106,27.410616,26.877509,0.65674095,0.74920906,23.804696,17.834694,0.76080115,0.89264473,45.357306,40.48796,0.79787584,0.94204619,57.433183,54.104711,0.82867321,0.97419896,59.492212,57.957251,0.87947731,0.98863987,68.771714,67.990458
0b_baseline_last,file,19,baseline,5144,088.Western_Meadowlark/Western_Meadowlark_0069_78587.jpg,88,87,088.Western_Meadowlark,194,193,random_erasing,random_erasing,0,"{""area_fraction"":0.198571,""erased"":true,""height"":0.370745,""left"":0.3594,""top"":0.295862,""width"":0.5356}",1.905087,1.4361359,-0.46895111,0.1488097,0.23784503,0.43012631,0.074628882,-0.28131661,0.16321615,0.44453276,0.62754953,0.90263109,122.24047,110.33805,False,0.93963242,False,False,True,0.62754953,0.90263109,122.24047,110.33805,0.61618902,0.90665916,119.12763,108.00815,0.86679987,0.82285341,27.410616,22.554919,0.58740843,0.74579047,23.804696,17.753315,0.63008836,0.93128722,45.357306,42.240679,0.57106568,1.077437,57.433183,61.880634,0.65794928,0.88227955,59.492212,52.488762,0.63607796,0.79404594,68.771714,54.6079
0b_baseline_last,file,19,baseline,3275,057.Rose_breasted_Grosbeak/Rose_Breasted_Grosbeak_0017_39161.jpg,57,56,057.Rose_breasted_Grosbeak,68,67,identity,identity,0,{},0.59170133,0.59170133,0,0.55338496,0.55338496,0.14744054,0.14744054,0.40594442,0.40594442,0,1,1,84.475029,84.475029,False,1,True,True,True,1,1,84.475029,84.475029,1,1,83.463279,83.463279,1,1,13.035009,13.035009,1,1,16.691216,16.691216,1,1,33.679338,33.679338,1,1,41.416741,41.416741,1,1,45.864233,45.864233,1,1,41.645531,41.645531
0b_baseline_last,file,19,baseline,3275,057.Rose_breasted_Grosbeak/Rose_Breasted_Grosbeak_0017_39161.jpg,57,56,057.Rose_breasted_Grosbeak,68,67,horizontal_flip,horizontal_flip,0,"{""flipped"":true}",0.59170133,1.1791834,0.58748204,0.55338496,0.30752978,0.14744054,0.380481,0.40594442,-0.072951227,-0.47889565,0.70627999,1.8276908,84.475029,154.39423,False,0.96974409,False,True,False,0.70627999,1.8276908,84.475029,154.39423,0.70074899,1.8299042,83.463279,152.7298,0.94650306,1.7345157,13.035009,22.609427,0.6088694,1.8468253,16.691216,30.825759,0.58501649,1.8970097,33.679338,63.89003,0.66769129,1.9433293,41.416741,80.486368,0.73991144,1.8187252,45.864233,83.414436,0.79378249,1.6736689,41.645531,69.700829
0b_baseline_last,file,19,baseline,3275,057.Rose_breasted_Grosbeak/Rose_Breasted_Grosbeak_0017_39161.jpg,57,56,057.Rose_breasted_Grosbeak,68,67,color_jitter,color_jitter,0,"{""brightness"":1.271146,""contrast"":1.321371,""hue"":0.031324,""saturation"":0.965167}",0.59170133,2.8878114,2.2961101,0.55338496,0.055697978,0.14744054,0.12654649,0.40594442,-0.07084851,-0.47679293,0.60258988,2.2588348,84.475029,190.81514,False,0.94494319,False,True,False,0.60258988,2.2588348,84.475029,190.81514,0.59634847,2.2580771,83.463279,188.46652,0.8550026,2.2896864,13.035009,29.846082,0.39974397,2.407916,16.691216,40.191046,0.56738231,2.2835194,33.679338,76.90742,0.54089919,2.5004444,41.416741,103.56026,0.60969697,2.1628052,45.864233,99.195399,0.71030663,2.0691064,41.645531,86.169035
0b_baseline_last,file,19,baseline,3275,057.Rose_breasted_Grosbeak/Rose_Breasted_Grosbeak_0017_39161.jpg,57,56,057.Rose_breasted_Grosbeak,68,67,rotation,rotation,0,"{""angle"":3.200788}",0.59170133,0.70146054,0.10975921,0.55338496,0.49586058,0.14744054,0.25826129,0.40594442,0.23759928,-0.16834514,0.85178997,1.1887522,84.475029,100.41988,False,0.98028386,True,True,True,0.85178997,1.1887522,84.475029,100.41988,0.84909046,1.1889967,83.463279,99.237563,0.96346573,1.178686,13.035009,15.364182,0.80236961,1.1628077,16.691216,19.408674,0.80626007,1.1227524,33.679338,37.813558,0.83590482,1.234449,41.416741,51.126853,0.86130899,1.1950209,45.864233,54.808715,0.88326028,1.1821169,41.645531,49.229886
0b_baseline_last,file,19,baseline,3275,057.Rose_breasted_Grosbeak/Rose_Breasted_Grosbeak_0017_39161.jpg,57,56,057.Rose_breasted_Grosbeak,68,67,random_resized_crop,random_resized_crop,0,"{""area_fraction"":0.618224,""aspect"":0.86224,""fallback"":false,""height"":0.846757,""left"":0.206728,""top"":0.017644,""width"":0.730108}",0.59170133,0.69244945,0.10074812,0.55338496,0.50034899,0.14744054,0.18414722,0.40594442,0.31620176,-0.089742661,0.74256059,1.3300201,84.475029,112.35349,False,0.95295835,True,True,True,0.74256059,1.3300201,84.475029,112.35349,0.73879435,1.3355316,83.463279,111.46784,0.94994798,1.0801126,13.035009,14.079276,0.80142191,1.8296603,16.691216,30.539255,0.71163377,1.316346,33.679338,44.333663,0.71715034,1.4092731,41.416741,58.367501,0.7376252,1.3126546,45.864233,60.203895,0.78439098,1.1995727,41.645531,49.956842
0b_baseline_last,file,19,baseline,3275,057.Rose_breasted_Grosbeak/Rose_Breasted_Grosbeak_0017_39161.jpg,57,56,057.Rose_breasted_Grosbeak,68,67,gaussian_blur,gaussian_blur,0,"{""sigma"":1.453873}",0.59170133,1.7130728,1.1213714,0.55338496,0.18031089,0.14744054,0.17604615,0.40594442,0.0042647421,-0.40167968,0.6281342,2.1395237,84.475029,180.73632,False,0.90454274,True,True,True,0.6281342,2.1395237,84.475029,180.73632,0.62285531,2.1459211,83.463279,179.10561,0.88442523,1.8583731,13.035009,24.223909,0.49681452,2.9237229,16.691216,48.80049,0.5185116,2.5680266,33.679338,86.489434,0.57551235,2.1774447,41.416741,90.182662,0.68464891,2.0385999,45.864233,93.498818,0.7590215,1.7550208,41.645531,73.088774
0b_baseline_last,file,19,baseline,3275,057.Rose_breasted_Grosbeak/Rose_Breasted_Grosbeak_0017_39161.jpg,57,56,057.Rose_breasted_Grosbeak,68,67,random_erasing,random_erasing,0,"{""area_fraction"":0.111122,""erased"":true,""height"":0.368988,""left"":0.33416,""top"":0.61616,""width"":0.301154}",0.59170133,0.86665308,0.27495176,0.55338496,0.42035609,0.14744054,0.15761347,0.40594442,0.26274262,-0.1432018,0.92937581,1.2798163,84.475029,108.11251,False,0.97907281,True,True,True,0.92937581,1.2798163,84.475029,108.11251,0.92833811,1.2818579,83.463279,106.98806,0.97742438,1.1931089,13.035009,15.552185,0.934242,1.4162757,16.691216,23.639364,0.91124147,1.2946926,33.679338,43.604391,0.9256651,1.3005961,41.416741,53.866454,0.93205061,1.2529312,45.864233,57.464726,0.93828381,1.2666268,41.645531,52.749345
0b_baseline_last,file,19,baseline,113,002.Laysan_Albatross/Laysan_Albatross_0029_482.jpg,2,1,002.Laysan_Albatross,45,44,identity,identity,0,{},0.036916368,0.036916368,0,0.96375674,0.96375674,0.0071126861,0.0071126861,0.95664405,0.95664405,0,1,1,5.9284807,5.9284807,False,0.99999988,True,True,True,1,1,5.9284807,5.9284807,1,1,5.8110921,5.8110921,1,1,1.1739215,1.1739215,1,1,1.7552346,1.7552346,1,1,2.5902402,2.5902402,1,1,3.0618619,3.0618619,1,1,2.590587,2.590587,1,1,2.8093521,2.8093521
0b_baseline_last,file,19,baseline,113,002.Laysan_Albatross/Laysan_Albatross_0029_482.jpg,2,1,002.Laysan_Albatross,45,44,horizontal_flip,horizontal_flip,0,"{""flipped"":true}",0.036916368,0.0077014668,-0.029214901,0.96375674,0.99232811,0.0071126861,0.002056133,0.95664405,0.99027197,0.03362792,0.62666651,0.20558108,5.9284807,1.2187834,False,0.97351027,True,True,True,0.62666651,0.20558108,5.9284807,1.2187834,0.61139619,0.20475604,5.8110921,1.1898562,0.97003648,0.22485393,1.1739215,0.26396086,0.43613387,0.1478878,1.7552346,0.2595778,0.50519055,0.19988419,2.5902402,0.51774806,0.62153208,0.19354033,3.0618619,0.59259376,0.62076044,0.21565865,2.590587,0.55868248,0.73036555,0.22986484,2.8093521,0.64577129
0b_baseline_last,file,19,baseline,113,002.Laysan_Albatross/Laysan_Albatross_0029_482.jpg,2,1,002.Laysan_Albatross,45,44,color_jitter,color_jitter,0,"{""brightness"":1.13861,""contrast"":1.353499,""hue"":0.01753,""saturation"":0.686924}",0.036916368,0.030227397,-0.0066889711,0.96375674,0.97022486,0.0071126861,0.011363991,0.95664405,0.95886087,0.0022168127,0.80537328,0.80582949,5.9284807,4.7773445,False,0.97337723,True,True,True,0.80537328,0.80582949,5.9284807,4.7773445,0.79918323,0.80514335,5.8110921,4.6787622,0.95403524,0.82246365,1.1739215,0.96550775,0.75630301,0.68816304,1.7552346,1.2078876,0.73437133,0.65044078,2.5902402,1.6847979,0.82717208,0.7531565,3.0618619,2.3060612,0.80709954,0.88919661,2.590587,2.3035412,0.84455702,0.93968198,2.8093521,2.6398976
0b_baseline_last,file,19,baseline,113,002.Laysan_Albatross/Laysan_Albatross_0029_482.jpg,2,1,002.Laysan_Albatross,45,44,rotation,rotation,0,"{""angle"":12.443523}",0.036916368,0.030834194,-0.0060821734,0.96375674,0.96963632,0.0071126861,0.015048701,0.95664405,0.95458762,-0.0020564343,0.69956411,0.97542111,5.9284807,5.7827652,False,0.95464385,True,True,True,0.69956411,0.97542111,5.9284807,5.7827652,0.69111188,0.97683627,5.8110921,5.6764855,0.91527124,0.94007852,1.1739215,1.1035784,0.72527166,0.77488933,1.7552346,1.3601126,0.61310649,0.97392782,2.5902402,2.522707,0.71971716,1.0078825,3.0618619,3.085997,0.68593257,1.028997,2.590587,2.6657062,0.72361463,0.96693524,2.8093521,2.7164616
0b_baseline_last,file,19,baseline,113,002.Laysan_Albatross/Laysan_Albatross_0029_482.jpg,2,1,002.Laysan_Albatross,45,44,random_resized_crop,random_resized_crop,0,"{""area_fraction"":0.678419,""aspect"":0.794327,""fallback"":false,""height"":0.924165,""left"":0.06244,""top"":0.001188,""width"":0.734089}",0.036916368,0.50942194,0.47250558,0.96375674,0.60084283,0.0071126861,0.18418172,0.95664405,0.41666111,-0.53998294,0.62603767,14.452744,5.9284807,85.682816,False,0.9230032,True,True,True,0.62603767,14.452744,5.9284807,85.682816,0.61658713,14.504415,5.8110921,84.286493,0.88501296,13.123184,1.1739215,15.405587,0.77757737,15.844283,1.7552346,27.810435,0.51447331,15.234752,2.5902402,39.461668,0.63661264,14.504934,3.0618619,44.412106,0.58784757,14.559406,2.590587,37.717409,0.64665739,13.216064,2.8093521,37.128577
0b_baseline_last,file,19,baseline,113,002.Laysan_Albatross/Laysan_Albatross_0029_482.jpg,2,1,002.Laysan_Albatross,45,44,gaussian_blur,gaussian_blur,0,"{""sigma"":1.733521}",0.036916368,0.38516137,0.348245,0.96375674,0.68034083,0.0071126861,0.050372262,0.95664405,0.62996856,-0.32667549,0.53943707,10.602128,5.9284807,62.854513,False,0.91529435,True,True,True,0.53943707,10.602128,5.9284807,62.854513,0.52885021,10.682187,5.8110921,62.075175,0.88420985,8.4053686,1.1739215,9.8672427,0.4718651,9.5856075,1.7552346,16.82499,0.37001112,11.148817,2.5902402,28.878113,0.48633753,11.787757,3.0618619,36.092483,0.61477872,10.723814,2.590587,27.780973,0.70794652,9.1574427,2.8093521,25.726481
0b_baseline_last,file,19,baseline,113,002.Laysan_Albatross/Laysan_Albatross_0029_482.jpg,2,1,002.Laysan_Albatross,45,44,random_erasing,random_erasing,0,"{""area_fraction"":0.154387,""erased"":true,""height"":0.503176,""left"":0.020623,""top"":0.144271,""width"":0.306826}",0.036916368,0.052646756,0.015730388,0.96375674,0.94871509,0.0071126861,0.0078433789,0.95664405,0.94087171,-0.015772342,0.87844655,1.3689528,5.9284807,8.1158102,False,0.94297135,True,True,True,0.87844655,1.3689528,5.9284807,8.1158102,0.87658391,1.3751172,5.8110921,7.9909327,0.937516,1.2081115,1.1739215,1.418228,0.95136005,1.3062477,1.7552346,2.2927713,0.88083375,1.2837782,2.5902402,3.3252938,0.90625997,1.370885,3.0618619,4.1974604,0.82920056,1.4227059,2.590587,3.6856433,0.85642419,1.4387757,2.8093521,4.0420275
0b_baseline_last,file,19,baseline,3819,066.Western_Gull/Western_Gull_0094_55156.jpg,66,65,066.Western_Gull,65,64,identity,identity,0,{},0.32726747,0.32726747,0,0.72089088,0.72089088,0.24764217,0.24764217,0.47324871,0.47324871,0,1,1,60.658013,60.658013,False,1,True,True,True,1,1,60.658013,60.658013,1,1,59.41967,59.41967,1,1,12.194155,12.194155,1,1,13.231978,13.231978,1,1,27.761946,27.761946,1,1,29.710884,29.710884,1,1,28.537392,28.537392,1,1,29.795417,29.795417
0b_baseline_last,file,19,baseline,3819,066.Western_Gull/Western_Gull_0094_55156.jpg,66,65,066.Western_Gull,65,64,horizontal_flip,horizontal_flip,0,"{""flipped"":true}",0.32726747,0.40476137,0.077493906,0.72089088,0.66713601,0.24764217,0.25787225,0.47324871,0.40926376,-0.063984945,0.75606604,1.1763853,60.658013,71.357196,False,0.97025555,True,True,True,0.75606604,1.1763853,60.658013,71.357196,0.74766826,1.178568,59.41967,70.030119,0.96611025,1.123315,12.194155,13.697878,0.71266529,1.0345158,13.231978,13.688691,0.75177266,1.1025829,27.761946,30.609847,0.7435048,1.2269501,29.710884,36.453772,0.71189271,1.2305694,28.537392,35.117242,0.79301261,1.1712087,29.795417,34.896653
0b_baseline_last,file,19,baseline,3819,066.Western_Gull/Western_Gull_0094_55156.jpg,66,65,066.Western_Gull,65,64,color_jitter,color_jitter,0,"{""brightness"":0.68282,""contrast"":0.600696,""hue"":0.010734,""saturation"":0.682312}",0.32726747,0.2829628,-0.044304669,0.72089088,0.75354779,0.24764217,0.022877263,0.47324871,0.73067052,0.25742182,0.46105088,0.94794239,60.658013,57.500302,False,0.92413145,True,True,True,0.46105088,0.94794239,60.658013,57.500302,0.45462322,0.95417318,59.41967,56.696655,0.65485869,0.78561202,12.194155,9.5798751,0.41032273,0.66518834,13.231978,8.8017577,0.48476517,1.1041653,27.761946,30.653776,0.43954428,1.0330902,29.710884,30.694024,0.43474399,0.93875944,28.537392,26.789746,0.48933456,0.77816004,29.795417,23.185603
0b_baseline_last,file,19,baseline,3819,066.Western_Gull/Western_Gull_0094_55156.jpg,66,65,066.Western_Gull,65,64,rotation,rotation,0,"{""angle"":12.335466}",0.32726747,0.12077838,-0.20648909,0.72089088,0.88623035,0.24764217,0.067001656,0.47324871,0.81922869,0.34597999,0.75270499,0.34691991,60.658013,21.043472,False,0.96044952,True,True,True,0.75270499,0.34691991,60.658013,21.043472,0.74488447,0.34571093,59.41967,20.542029,0.9264318,0.37448117,12.194155,4.5664816,0.7539059,0.31152379,13.231978,4.122076,0.78014752,0.3252535,27.761946,9.0296702,0.7300199,0.3453251,29.710884,10.259914,0.70135266,0.36223185,28.537392,10.337152,0.77324612,0.35411863,29.795417,10.551112
0b_baseline_last,file,19,baseline,3819,066.Western_Gull/Western_Gull_0094_55156.jpg,66,65,066.Western_Gull,65,64,random_resized_crop,random_resized_crop,0,"{""area_fraction"":0.512022,""aspect"":1.268325,""fallback"":false,""height"":0.635373,""left"":0.00687,""top"":0.004585,""width"":0.80586}",0.32726747,3.1834238,2.8561563,0.72089088,0.041443519,0.24764217,0.72436267,0.47324871,-0.68291915,-1.1561679,0.54203429,2.5148892,60.658013,152.54818,False,0.85869664,False,True,False,0.54203429,2.5148892,60.658013,152.54818,0.52792864,2.5069308,59.41967,148.961,0.85474631,2.6969651,12.194155,32.887211,0.59686859,3.2119252,13.231978,42.500124,0.6151779,2.4419674,27.761946,67.793767,0.46111262,2.4511322,29.710884,72.825303,0.46458283,2.4943635,28.537392,71.182627,0.5645033,2.4701039,29.795417,73.597777
0b_baseline_last,file,19,baseline,3819,066.Western_Gull/Western_Gull_0094_55156.jpg,66,65,066.Western_Gull,65,64,gaussian_blur,gaussian_blur,0,"{""sigma"":1.982993}",0.32726747,1.8512211,1.5239536,0.72089088,0.15704529,0.24764217,0.70977324,0.47324871,-0.55272795,-1.0259767,0.62298503,4.2342044,60.658013,256.83842,False,0.8831951,False,True,False,0.62298503,4.2342044,60.658013,256.83842,0.61640363,4.2779832,59.41967,254.19635,0.88233976,3.0133274,12.194155,36.744983,0.64528129,5.7597122,13.231978,76.212387,0.63902063,3.9037032,27.761946,108.3744,0.5777353,4.7368101,29.710884,140.73482,0.60034082,4.4634388,28.537392,127.3749,0.68351857,3.525117,29.795417,105.03233
0b_baseline_last,file,19,baseline,3819,066.Western_Gull/Western_Gull_0094_55156.jpg,66,65,066.Western_Gull,65,64,random_erasing,random_erasing,0,"{""area_fraction"":0.193801,""erased"":true,""height"":0.314656,""left"":0.1592,""top"":0.488144,""width"":0.615913}",0.32726747,1.7995852,1.4723178,0.72089088,0.16536745,0.24764217,0.12752414,0.47324871,0.037843317,-0.43540539,0.47669634,1.7192481,60.658013,104.28618,False,0.88543141,False,True,False,0.47669634,1.7192481,60.658013,104.28618,0.46633967,1.7126657,59.41967,101.76603,0.70380264,1.8687438,12.194155,22.787753,0.30493003,1.5899941,13.231978,21.038768,0.38498973,1.5221716,27.761946,42.258447,0.51500097,1.7624152,29.710884,52.362913,0.48523728,1.7756473,28.537392,50.672342,0.49341077,1.7817576,29.795417,53.08821
0b_baseline_last,file,19,baseline,9415,161.Blue_winged_Warbler/Blue_Winged_Warbler_0059_162064.jpg,161,160,161.Blue_winged_Warbler,176,175,identity,identity,0,{},2.2332428,2.2332428,0,0.10718029,0.10718029,0.11032702,0.11032702,-0.0031467304,-0.0031467304,0,1,1,250.30322,250.30322,False,1,True,False,False,1,1,250.30322,250.30322,1,1,248.59396,248.59396,1,1,29.201776,29.201776,1,1,81.103445,81.103445,1,1,133.8085,133.8085,1,1,140.21061,140.21061,1,1,102.73738,102.73738,1,1,84.276276,84.276276
0b_baseline_last,file,19,baseline,9415,161.Blue_winged_Warbler/Blue_Winged_Warbler_0059_162064.jpg,161,160,161.Blue_winged_Warbler,176,175,horizontal_flip,horizontal_flip,0,"{""flipped"":true}",2.2332428,2.0171955,-0.21604729,0.10718029,0.13302803,0.11032702,0.079599403,-0.0031467304,0.053428628,0.056575358,0.7753867,0.77810895,250.30322,194.76318,False,0.94924676,False,False,True,0.7753867,0.77810895,250.30322,194.76318,0.77293141,0.77577711,248.59396,192.85351,0.93637095,0.93168903,29.201776,27.206975,0.86308332,0.87862589,81.103445,71.259586,0.80628952,0.74240727,133.8085,99.340402,0.80113296,0.73317506,140.21061,102.79892,0.66441155,0.78700992,102.73738,80.85534,0.70896315,0.85076803,84.276276,71.699561
0b_baseline_last,file,19,baseline,9415,161.Blue_winged_Warbler/Blue_Winged_Warbler_0059_162064.jpg,161,160,161.Blue_winged_Warbler,176,175,color_jitter,color_jitter,0,"{""brightness"":1.06335,""contrast"":0.96403,""hue"":-0.005297,""saturation"":1.283635}",2.2332428,0.86615443,-1.3670883,0.10718029,0.42056575,0.11032702,0.13103867,-0.0031467304,0.28952709,0.29267382,0.94254215,0.63676998,250.30322,159.38558,False,0.97631133,False,False,True,0.94254215,0.63676998,250.30322,159.38558,0.94235093,0.6361081,248.59396,158.13263,0.95780183,0.68303153,29.201776,19.945734,0.95977786,0.6539517,81.103445,53.037736,0.95305842,0.62606221,133.8085,83.772444,0.9460503,0.62525202,140.21061,87.666968,0.92668889,0.65829852,102.73738,67.631868,0.91530621,0.6406991,84.276276,53.995734
0b_baseline_last,file,19,baseline,9415,161.Blue_winged_Warbler/Blue_Winged_Warbler_0059_162064.jpg,161,160,161.Blue_winged_Warbler,176,175,rotation,rotation,0,"{""angle"":-14.383995}",2.2332428,2.7227764,0.48953366,0.10718029,0.065692119,0.11032702,0.0047623562,-0.0031467304,0.060929763,0.064076493,0.75357306,0.74531823,250.30322,186.55556,False,0.88597822,False,False,False,0.75357306,0.74531823,250.30322,186.55556,0.75234667,0.7418862,248.59396,184.42843,0.84723315,0.96197698,29.201776,28.091437,0.85171934,0.78473035,81.103445,63.644335,0.80829068,0.77145524,133.8085,103.22727,0.7501144,0.67099611,140.21061,94.080775,0.66763975,0.73331736,102.73738,75.339107,0.66415928,0.82038524,84.276276,69.139012
0b_baseline_last,file,19,baseline,9415,161.Blue_winged_Warbler/Blue_Winged_Warbler_0059_162064.jpg,161,160,161.Blue_winged_Warbler,176,175,random_resized_crop,random_resized_crop,0,"{""area_fraction"":0.713181,""aspect"":1.103435,""fallback"":false,""height"":0.803945,""left"":0.01847,""top"":0.194745,""width"":0.887101}",2.2332428,4.7334318,2.5001891,0.10718029,0.0087962337,0.11032702,0.0032610472,-0.0031467304,0.0055351865,0.0086819169,0.68147492,1.0045201,250.30322,251.43462,False,0.88623255,False,False,False,0.68147492,1.0045201,250.30322,251.43462,0.68013799,1.0034762,248.59396,249.45812,0.77340921,1.0774838,29.201776,31.46444,0.68560622,1.0593941,81.103445,85.920511,0.71068366,1.0005569,133.8085,133.88302,0.74261046,0.94800474,140.21061,132.92032,0.60193996,0.9826659,102.73738,100.95652,0.57154769,1.1295735,84.276276,95.196245
0b_baseline_last,file,19,baseline,9415,161.Blue_winged_Warbler/Blue_Winged_Warbler_0059_162064.jpg,161,160,161.Blue_winged_Warbler,176,175,gaussian_blur,gaussian_blur,0,"{""sigma"":1.40338}",2.2332428,3.0890808,0.85583806,0.10718029,0.045543808,0.11032702,0.016152717,-0.0031467304,0.029391091,0.032537822,0.63264217,0.90655297,250.30322,226.91313,False,0.87211657,False,False,False,0.63264217,0.90655297,250.30322,226.91313,0.62932978,0.90207944,248.59396,224.25151,0.83862225,1.1866744,29.201776,34.652999,0.76187962,0.84208879,81.103445,68.296302,0.48587037,0.74252023,133.8085,99.355518,0.69984061,0.93576391,140.21061,131.20403,0.60372372,0.9763813,102.73738,100.31086,0.68409585,1.0924256,84.276276,92.065562
0b_baseline_last,file,19,baseline,9415,161.Blue_winged_Warbler/Blue_Winged_Warbler_0059_162064.jpg,161,160,161.Blue_winged_Warbler,176,175,random_erasing,random_erasing,0,"{""area_fraction"":0.180939,""erased"":true,""height"":0.487412,""left"":0.281575,""top"":0.322126,""width"":0.371224}",2.2332428,2.9050236,0.67178082,0.10718029,0.054747492,0.11032702,0.063750975,-0.0031467304,-0.0090034828,-0.0058567524,0.80067376,0.88311482,250.30322,221.04649,False,0.91345614,False,False,False,0.80067376,0.88311482,250.30322,221.04649,0.79976258,0.87825816,248.59396,218.32968,0.88483729,1.1831461,29.201776,34.549967,0.8408468,0.60324685,81.103445,48.925398,0.8278189,0.80232494,133.8085,107.3579,0.81886142,0.92485562,140.21061,129.67457,0.78017015,0.95236059,102.73738,97.843035,0.75357579,1.0179447,84.276276,85.788588
0b_baseline_last,file,19,baseline,1298,024.Red_faced_Cormorant/Red_Faced_Cormorant_0002_796275.jpg,24,23,024.Red_faced_Cormorant,25,24,identity,identity,0,{},0.052730557,0.052730557,0,0.94863558,0.94863558,0.049165472,0.049165472,0.89947011,0.89947011,0,1,1,9.70106,9.70106,False,0.99999994,True,True,True,1,1,9.70106,9.70106,1,1,9.4039795,9.4039795,1,1,2.3823801,2.3823801,1,1,2.0460532,2.0460532,1,1,3.9319022,3.9319022,1,1,4.5825406,4.5825406,1,1,4.7086598,4.7086598,1,1,5.061372,5.061372
0b_baseline_last,file,19,baseline,1298,024.Red_faced_Cormorant/Red_Faced_Cormorant_0002_796275.jpg,24,23,024.Red_faced_Cormorant,25,24,horizontal_flip,horizontal_flip,0,"{""flipped"":true}",0.052730557,0.08441034,0.031679783,0.94863558,0.91905403,0.049165472,0.07783629,0.89947011,0.84121774,-0.058252364,0.62831172,1.5696826,9.70106,15.227585,False,0.98107088,True,True,True,0.62831172,1.5696826,9.70106,15.227585,0.60628778,1.5721754,9.4039795,14.784706,0.98107322,1.5303167,2.3823801,3.645796,0.58475419,1.7516545,2.0460532,3.5839782,0.50283279,1.3639825,3.9319022,5.3630459,0.50856864,1.5152907,4.5825406,6.943881,0.59599029,1.6758145,4.7086598,7.8908402,0.75295048,1.6111443,5.061372,8.1546008
0b_baseline_last,file,19,baseline,1298,024.Red_faced_Cormorant/Red_Faced_Cormorant_0002_796275.jpg,24,23,024.Red_faced_Cormorant,25,24,color_jitter,color_jitter,0,"{""brightness"":1.090536,""contrast"":1.336059,""hue"":-0.055838,""saturation"":0.818097}",0.052730557,0.98097557,0.92824501,0.94863558,0.37494513,0.049165472,0.60355818,0.89947011,-0.22861305,-1.1280832,0.78241563,12.120961,9.70106,117.58617,False,0.95098823,False,True,False,0.78241563,12.120961,9.70106,117.58617,0.77109594,12.082106,9.4039795,113.61987,0.95100697,12.711044,2.3823801,30.282539,0.56060605,11.594885,2.0460532,23.723751,0.58998219,10.821448,3.9319022,42.548874,0.77537318,12.324646,4.5825406,56.478192,0.81260229,12.224538,4.7086598,57.56119,0.86196054,12.547446,5.061372,63.507292
0b_baseline_last,file,19,baseline,1298,024.Red_faced_Cormorant/Red_Faced_Cormorant_0002_796275.jpg,24,23,024.Red_faced_Cormorant,25,24,rotation,rotation,0,"{""angle"":7.019389}",0.052730557,0.071619287,0.018888731,0.94863558,0.93088526,0.049165472,0.03254649,0.89947011,0.89833876,-0.0011313409,0.71804294,1.1672883,9.70106,11.323934,False,0.95980287,True,True,True,0.71804294,1.1672883,9.70106,11.323934,0.708687,1.1775888,9.4039795,11.074021,0.90081384,0.99308665,2.3823801,2.3659099,0.565572,1.3135728,2.0460532,2.6876397,0.64015487,1.1505154,3.9319022,4.5237139,0.73250171,1.2301944,4.5825406,5.6374159,0.69514717,1.1597181,4.7086598,5.4607181,0.77012086,1.1409269,5.061372,5.7746557
0b_baseline_last,file,19,baseline,1298,024.Red_faced_Cormorant/Red_Faced_Cormorant_0002_796275.jpg,24,23,024.Red_faced_Cormorant,25,24,random_resized_crop,random_resized_crop,0,"{""area_fraction"":0.662181,""aspect"":1.189855,""fallback"":false,""height"":0.746004,""left"":0.019099,""top"":0.247049,""width"":0.887637}",0.052730557,0.075239897,0.02250934,0.94863558,0.92752093,0.049165472,0.051310748,0.89947011,0.87621018,-0.023259923,0.67475873,1.2422386,9.70106,12.051031,False,0.94951344,True,True,True,0.67475873,1.2422386,9.70106,12.051031,0.6566877,1.235707,9.4039795,11.620564,0.93649975,1.3399016,2.3823801,3.1921549,0.64324095,1.5871432,2.0460532,3.2473794,0.59493421,1.0771975,3.9319022,4.2354351,0.62135475,1.2334155,4.5825406,5.6521763,0.64841062,1.2265392,4.7086598,5.7753559,0.73379714,1.2689674,5.061372,6.4227161
0b_baseline_last,file,19,baseline,1298,024.Red_faced_Cormorant/Red_Faced_Cormorant_0002_796275.jpg,24,23,024.Red_faced_Cormorant,25,24,gaussian_blur,gaussian_blur,0,"{""sigma"":1.26538}",0.052730557,0.58198917,0.52925861,0.94863558,0.55878574,0.049165472,0.12698232,0.89947011,0.43180342,-0.46766669,0.53055847,8.3071992,9.70106,80.588638,False,0.88325465,True,True,True,0.53055847,8.3071992,9.70106,80.588638,0.52228843,8.4091984,9.4039795,79.079929,0.71342751,6.514804,2.3823801,15.520739,0.44603422,8.1529948,2.0460532,16.681461,0.4183698,7.5823306,3.9319022,29.812982,0.5324194,9.0871534,4.5825406,41.642249,0.50933787,8.832565,4.7086598,41.589544,0.60227297,7.9590636,5.061372,40.283782
0b_baseline_last,file,19,baseline,1298,024.Red_faced_Cormorant/Red_Faced_Cormorant_0002_796275.jpg,24,23,024.Red_faced_Cormorant,25,24,random_erasing,random_erasing,0,"{""area_fraction"":0.057891,""erased"":true,""height"":0.429186,""left"":0.117848,""top"":0.29265,""width"":0.134885}",0.052730557,0.050433289,-0.0022972673,0.94863558,0.95081735,0.049165472,0.041530527,0.89947011,0.90928682,0.0098167136,0.92820308,0.87150058,9.70106,8.4544795,False,0.99088389,True,True,True,0.92820308,0.87150058,9.70106,8.4544795,0.92436104,0.87137078,9.4039795,8.1943529,0.98792203,0.87352065,2.3823801,2.0810582,0.90796539,0.8712567,2.0460532,1.7826375,0.9083067,0.87301214,3.9319022,3.4325983,0.91901367,0.84362916,4.5825406,3.8659648,0.9191271,0.87151659,4.7086598,4.1036751,0.94566154,0.89239697,5.061372,4.5167531
0b_baseline_last,file,19,baseline,5560,095.Baltimore_Oriole/Baltimore_Oriole_0064_89554.jpg,95,94,095.Baltimore_Oriole,96,95,identity,identity,0,{},0.00018892887,0.00018892887,0,0.99981111,0.99981111,0.00013046201,0.00013046201,0.99968065,0.99968065,0,1,1,0.027739004,0.027739004,False,1,True,True,True,1,1,0.027739004,0.027739004,1,1,0.026628622,0.026628622,1,1,0.0077697403,0.0077697403,1,1,0.0056327815,0.0056327815,1,1,0.0093695104,0.0093695104,1,1,0.012540143,0.012540143,1,1,0.012827629,0.012827629,1,1,0.016363504,0.016363504
0b_baseline_last,file,19,baseline,5560,095.Baltimore_Oriole/Baltimore_Oriole_0064_89554.jpg,95,94,095.Baltimore_Oriole,96,95,horizontal_flip,horizontal_flip,0,"{""flipped"":true}",0.00018892887,0.00019202773,3.0988595e-06,0.99981111,0.99980801,0.00013046201,9.8504919e-05,0.99968065,0.99970951,2.8857648e-05,0.66325874,1.0457829,0.027739004,0.029008977,False,0.98548627,True,True,True,0.66325874,1.0457829,0.027739004,0.029008977,0.64009251,1.054786,0.026628622,0.028087498,0.97530253,0.93355666,0.0077697403,0.0072534929,0.68620359,0.918728,0.0056327815,0.0051749941,0.46048269,1.0962023,0.0093695104,0.010270879,0.55707663,1.0239674,0.012540143,0.012840698,0.56067286,1.081028,0.012827629,0.013867027,0.79455667,1.0575276,0.016363504,0.017304857
0b_baseline_last,file,19,baseline,5560,095.Baltimore_Oriole/Baltimore_Oriole_0064_89554.jpg,95,94,095.Baltimore_Oriole,96,95,color_jitter,color_jitter,0,"{""brightness"":1.264927,""contrast"":0.778984,""hue"":-0.000865,""saturation"":0.723159}",0.00018892887,0.0020531781,0.0018642493,0.99981111,0.99794894,0.00013046201,0.00052440743,0.99968065,0.99742454,-0.0022561137,0.78418269,11.062275,0.027739004,0.30685649,False,0.96957302,True,True,True,0.78418269,11.062275,0.027739004,0.30685649,0.78078009,11.281613,0.026628622,0.3004138,0.88261707,8.0504153,0.0077697403,0.062549637,0.713037,11.176791,0.0056327815,0.062956424,0.66031865,12.750632,0.0093695104,0.11946718,0.76870304,11.895389,0.012540143,0.14916989,0.79642405,11.484039,0.012827629,0.147313,0.84311225,10.236833,0.016363504,0.16751046
0b_baseline_last,file,19,baseline,5560,095.Baltimore_Oriole/Baltimore_Oriole_0064_89554.jpg,95,94,095.Baltimore_Oriole,96,95,rotation,rotation,0,"{""angle"":-4.112379}",0.00018892887,0.00045825471,0.00026932584,0.99981111,0.99954188,0.00013046201,0.00041383907,0.99968065,0.99912804,-0.00055261124,0.82763252,2.8672286,0.027739004,0.079534066,False,0.98923481,True,True,True,0.82763252,2.8672286,0.027739004,0.079534066,0.81524637,2.8754026,0.026628622,0.076568007,0.9792258,2.7694128,0.0077697403,0.021517618,0.80743779,2.7543302,0.0056327815,0.01551454,0.69532615,2.9733597,0.0093695104,0.027858925,0.80597542,2.9130826,0.012540143,0.036530474,0.79948517,2.9080786,0.012827629,0.037303754,0.87386123,2.8136525,0.016363504,0.046041215
0b_baseline_last,file,19,baseline,5560,095.Baltimore_Oriole/Baltimore_Oriole_0064_89554.jpg,95,94,095.Baltimore_Oriole,96,95,random_resized_crop,random_resized_crop,0,"{""area_fraction"":0.530133,""aspect"":1.133246,""fallback"":false,""height"":0.683959,""left"":0.224011,""top"":0.017701,""width"":0.775094}",0.00018892887,0.0046927319,0.004503803,0.99981111,0.99531823,0.00013046201,0.0026728937,0.99968065,0.99264534,-0.0070353106,0.71419305,26.803602,0.027739004,0.74350523,False,0.95066404,True,True,True,0.71419305,26.803602,0.027739004,0.74350523,0.7028049,27.347119,0.026628622,0.72821609,0.94485144,19.306247,0.0077697403,0.15000452,0.65519858,26.204969,0.0056327815,0.14760686,0.61739471,31.916054,0.0093695104,0.2990378,0.74311518,30.648057,0.012540143,0.38433103,0.64655099,26.629393,0.012827629,0.34159199,0.76744507,24.035735,0.016363504,0.39330885
0b_baseline_last,file,19,baseline,5560,095.Baltimore_Oriole/Baltimore_Oriole_0064_89554.jpg,95,94,095.Baltimore_Oriole,96,95,gaussian_blur,gaussian_blur,0,"{""sigma"":1.743951}",0.00018892887,0.010454886,0.010265957,0.99981111,0.98959959,0.00013046201,0.00804957,0.99968065,0.98155002,-0.018130635,0.54848903,81.675939,0.027739004,2.2656092,False,0.93836313,True,True,True,0.54848903,81.675939,0.027739004,2.2656092,0.5312779,83.725531,0.026628622,2.2294955,0.93566326,51.856067,0.0077697403,0.40290818,0.061911862,143.76799,0.0056327815,0.80981367,0.3072555,109.56117,0.0093695104,1.0265345,0.62173903,87.767015,0.012540143,1.100611,0.60063172,78.941615,0.012827629,1.0126338,0.71977525,61.849872,0.016363504,1.0120806
0b_baseline_last,file,19,baseline,5560,095.Baltimore_Oriole/Baltimore_Oriole_0064_89554.jpg,95,94,095.Baltimore_Oriole,96,95,random_erasing,random_erasing,0,"{""area_fraction"":0.163102,""erased"":true,""height"":0.295066,""left"":0.18238,""top"":0.090587,""width"":0.552764}",0.00018892887,0.15489884,0.15470991,0.99981111,0.85650182,0.00013046201,0.12431166,0.99968065,0.73219015,-0.2674905,0.65977853,957.09829,0.027739004,26.548954,False,0.88864005,True,True,True,0.65977853,957.09829,0.027739004,26.548954,0.64873638,976.50754,0.026628622,26.00305,0.88155703,689.36009,0.0077697403,5.3561489,0.76229426,910.36674,0.0056327815,5.127897,0.6604722,1190.2095,0.0093695104,11.15168,0.70213871,1033.8886,0.012540143,12.965111,0.59374874,1007.4722,0.012827629,12.92348,0.64479043,843.23581,0.016363504,13.798292
0b_baseline_last,file,19,baseline,10914,186.Cedar_Waxwing/Cedar_Waxwing_0062_178788.jpg,186,185,186.Cedar_Waxwing,185,184,identity,identity,0,{},0.00087485183,0.00087485183,0,0.99912554,0.99912554,0.00061838847,0.00061838847,0.99850715,0.99850715,0,1,1,0.13814531,0.13814531,False,1,True,True,True,1,1,0.13814531,0.13814531,1,1,0.13410447,0.13410447,1,1,0.033168005,0.033168005,1,1,0.028890356,0.028890356,1,1,0.056126558,0.056126558,1,1,0.069154146,0.069154146,1,1,0.06365794,0.06365794,1,1,0.071864714,0.071864714
0b_baseline_last,file,19,baseline,10914,186.Cedar_Waxwing/Cedar_Waxwing_0062_178788.jpg,186,185,186.Cedar_Waxwing,185,184,horizontal_flip,horizontal_flip,0,"{""flipped"":true}",0.00087485183,0.0075191581,0.0066443062,0.99912554,0.99250907,0.00061838847,0.0058963075,0.99850715,0.98661276,-0.011894392,0.67726843,8.9118249,0.13814531,1.2311268,False,0.97497869,True,True,True,0.67726843,8.9118249,0.13814531,1.2311268,0.66111185,8.9600528,0.13410447,1.2015832,0.97346467,8.0827249,0.033168005,0.26808786,0.73465395,8.2946547,0.028890356,0.23963553,0.61016626,9.5714349,0.056126558,0.5372117,0.66071843,9.5139587,0.069154146,0.65792969,0.59779726,8.6128674,0.06365794,0.5482774,0.74050973,8.3987456,0.071864714,0.60357345
0b_baseline_last,file,19,baseline,10914,186.Cedar_Waxwing/Cedar_Waxwing_0062_178788.jpg,186,185,186.Cedar_Waxwing,185,184,color_jitter,color_jitter,0,"{""brightness"":0.601474,""contrast"":1.220541,""hue"":0.008547,""saturation"":0.66427}",0.00087485183,0.015220685,0.014345833,0.99912554,0.98489457,0.00061838847,0.0077852448,0.99850715,0.97710933,-0.021397823,0.76361143,19.296719,0.13814531,2.6657512,False,0.95502812,True,True,True,0.76361143,19.296719,0.13814531,2.6657512,0.75739528,19.567644,0.13410447,2.6241086,0.94283936,14.150498,0.033168005,0.46934377,0.77573352,29.0932,0.028890356,0.8405129,0.69203137,23.836025,0.056126558,1.337834,0.7625243,19.616086,0.069154146,1.3565337,0.75454586,16.468727,0.06365794,1.0483652,0.85318266,16.758409,0.071864714,1.2043383
0b_baseline_last,file,19,baseline,10914,186.Cedar_Waxwing/Cedar_Waxwing_0062_178788.jpg,186,185,186.Cedar_Waxwing,185,184,rotation,rotation,0,"{""angle"":5.000735}",0.00087485183,0.0033578463,0.0024829945,0.99912554,0.99664778,0.00061838847,0.0024785111,0.99850715,0.99416926,-0.0043378877,0.85986525,4.0608509,0.13814531,0.5609875,False,0.98790073,True,True,True,0.85986525,4.0608509,0.13814531,0.5609875,0.8532275,4.0856234,0.13410447,0.54790037,0.98758048,3.6320074,0.033168005,0.12046644,0.92010096,4.4218522,0.028890356,0.12774888,0.82604238,4.0642326,0.056126558,0.22811139,0.84863623,4.3403337,0.069154146,0.30015207,0.82652546,3.9621247,0.06365794,0.2522207,0.88781775,3.8895866,0.071864714,0.27952403
0b_baseline_last,file,19,baseline,10914,186.Cedar_Waxwing/Cedar_Waxwing_0062_178788.jpg,186,185,186.Cedar_Waxwing,185,184,random_resized_crop,random_resized_crop,0,"{""area_fraction"":0.700013,""aspect"":0.795271,""fallback"":false,""height"":0.9382,""left"":0.078661,""top"":0.019798,""width"":0.746123}",0.00087485183,0.0019767999,0.0011019481,0.99912554,0.99802518,0.00061838847,0.0013527852,0.99850715,0.99667239,-0.001834758,0.80576633,2.2942287,0.13814531,0.31693693,False,0.98218852,True,True,True,0.80576633,2.2942287,0.13814531,0.31693693,0.79629529,2.3067563,0.13410447,0.30934634,0.98171304,2.0787583,0.033168005,0.068948264,0.84092986,2.8245448,0.028890356,0.081602103,0.77527724,2.5525858,0.056126558,0.14326785,0.80354772,2.3831016,0.069154146,0.16480136,0.77511921,2.1353855,0.06365794,0.13593424,0.82368376,2.1044837,0.071864714,0.15123812
0b_baseline_last,file,19,baseline,10914,186.Cedar_Waxwing/Cedar_Waxwing_0062_178788.jpg,186,185,186.Cedar_Waxwing,185,184,gaussian_blur,gaussian_blur,0,"{""sigma"":1.069188}",0.00087485183,0.043515127,0.042640275,0.99912554,0.95741808,0.00061838847,0.0055407695,0.99850715,0.95187731,-0.046629837,0.57549006,48.94076,0.13814531,6.7609363,False,0.95657533,True,True,True,0.57549006,48.94076,0.13814531,6.7609363,0.56817502,49.849934,0.13410447,6.6850992,0.83996078,30.445195,0.033168005,1.0098064,0.57689487,47.185277,0.028890356,1.3631994,0.47999593,52.870646,0.056126558,2.9674474,0.58009128,57.07949,0.069154146,3.9472834,0.49489783,46.694937,0.06365794,2.9725035,0.69446587,43.135869,0.071864714,3.0999468
0b_baseline_last,file,19,baseline,10914,186.Cedar_Waxwing/Cedar_Waxwing_0062_178788.jpg,186,185,186.Cedar_Waxwing,185,184,random_erasing,random_erasing,0,"{""area_fraction"":0.142283,""erased"":true,""height"":0.59564,""left"":0.14158,""top"":0.305488,""width"":0.238874}",0.00087485183,0.0034705903,0.0025957385,0.99912554,0.99653542,0.00061838847,0.0025733872,0.99850715,0.99396203,-0.0045451186,0.81469012,3.9172268,0.13814531,0.5411465,False,0.98033583,True,True,True,0.81469012,3.9172268,0.13814531,0.5411465,0.80510297,3.9274885,0.13410447,0.52669377,0.97989694,3.7454908,0.033168005,0.12423046,0.86028035,4.3274286,0.028890356,0.12502095,0.77323532,4.1766633,0.056126558,0.23442173,0.82036454,4.05665,0.069154146,0.28053417,0.74417489,3.6457061,0.06365794,0.23207814,0.85150057,3.7920158,0.071864714,0.27251213
0b_baseline_last,file,19,baseline,4238,073.Blue_Jay/Blue_Jay_0061_63645.jpg,73,72,073.Blue_Jay,164,163,identity,identity,0,{},0.31350878,0.31350878,0,0.730878,0.730878,0.20685765,0.20685765,0.52402034,0.52402034,0,1,1,56.445949,56.445949,False,0.99999994,True,True,True,1,1,56.445949,56.445949,1,1,55.605737,55.605737,1,1,9.7029482,9.7029482,1,1,12.060331,12.060331,1,1,25.604723,25.604723,1,1,30.438919,30.438919,1,1,26.863389,26.863389,1,1,25.353009,25.353009
0b_baseline_last,file,19,baseline,4238,073.Blue_Jay/Blue_Jay_0061_63645.jpg,73,72,073.Blue_Jay,164,163,horizontal_flip,horizontal_flip,0,"{""flipped"":true}",0.31350878,0.10556911,-0.20793967,0.730878,0.89981228,0.20685765,0.05995734,0.52402034,0.83985494,0.3158346,0.65133539,0.29786722,56.445949,16.813398,False,0.95490229,True,True,True,0.65133539,0.29786722,56.445949,16.813398,0.64133944,0.29665853,55.605737,16.495916,0.94661202,0.33514931,9.7029482,3.2519364,0.38453763,0.30115829,12.060331,3.6320686,0.61265087,0.27345039,25.604723,7.0016213,0.61452105,0.27075947,30.438919,8.2416254,0.64970414,0.30917308,26.863389,8.3054368,0.75011898,0.33699223,25.353009,8.543767
0b_baseline_last,file,19,baseline,4238,073.Blue_Jay/Blue_Jay_0061_63645.jpg,73,72,073.Blue_Jay,164,163,color_jitter,color_jitter,0,"{""brightness"":1.325288,""contrast"":1.155579,""hue"":-0.061074,""saturation"":1.27585}",0.31350878,1.8106427,1.4971339,0.730878,0.16354899,0.20685765,0.073844559,0.52402034,0.089704432,-0.43431591,0.30032471,1.8273791,56.445949,103.14815,False,0.86838436,True,True,True,0.30032471,1.8273791,56.445949,103.14815,0.28389449,1.8073152,55.605737,100.49709,0.71907592,2.3946546,9.7029482,23.235209,0.1861632,1.5542324,12.060331,18.744557,0.22831149,1.3671633,25.604723,35.005837,0.11394666,1.7160165,30.438919,52.233687,0.32994021,2.0112946,26.863389,54.030191,0.4999633,2.1150005,25.353009,53.621627
0b_baseline_last,file,19,baseline,4238,073.Blue_Jay/Blue_Jay_0061_63645.jpg,73,72,073.Blue_Jay,164,163,rotation,rotation,0,"{""angle"":-6.867932}",0.31350878,0.8275311,0.51402232,0.730878,0.4371272,0.20685765,0.41249126,0.52402034,0.024635941,-0.4993844,0.83714723,1.6766343,56.445949,94.639214,False,0.96497196,True,True,True,0.83714723,1.6766343,56.445949,94.639214,0.83296192,1.6679653,55.605737,92.748438,0.96457063,1.9399334,9.7029482,18.823074,0.79518657,1.4656698,12.060331,17.676463,0.86322586,1.6483914,25.604723,42.206604,0.8344862,1.5793405,30.438919,48.073416,0.80964705,1.7104267,26.863389,45.947858,0.84025844,1.8015411,25.353009,45.674489
0b_baseline_last,file,19,baseline,4238,073.Blue_Jay/Blue_Jay_0061_63645.jpg,73,72,073.Blue_Jay,164,163,random_resized_crop,random_resized_crop,0,"{""area_fraction"":0.587575,""aspect"":0.815236,""fallback"":false,""height"":0.848965,""left"":0.043796,""top"":0.037417,""width"":0.692107}",0.31350878,0.95856094,0.64505216,0.730878,0.38344428,0.20685765,0.39775136,0.52402034,-0.014307082,-0.53832743,0.71948903,1.9547076,56.445949,110.33533,False,0.93590891,False,True,False,0.71948903,1.9547076,56.445949,110.33533,0.71228194,1.9441735,55.605737,108.1072,0.93041222,2.273708,9.7029482,22.061671,0.55940773,2.1227265,12.060331,25.600784,0.71237045,1.8694469,25.604723,47.866668,0.72082855,1.7266057,30.438919,52.55601,0.70331906,2.1042253,26.863389,56.526623,0.7587633,2.0808427,25.353009,52.755623
0b_baseline_last,file,19,baseline,4238,073.Blue_Jay/Blue_Jay_0061_63645.jpg,73,72,073.Blue_Jay,164,163,gaussian_blur,gaussian_blur,0,"{""sigma"":1.35044}",0.31350878,4.1029305,3.7894218,0.730878,0.016524181,0.20685765,0.89181101,0.52402034,-0.87528683,-1.3993072,0.69679261,3.5430892,56.445949,199.99303,False,0.87712419,False,True,False,0.69679261,3.5430892,56.445949,199.99303,0.69087732,3.5289393,55.605737,196.22927,0.87392639,3.9799441,9.7029482,38.617192,0.60813415,3.3036216,12.060331,39.842769,0.73509395,3.8984808,25.604723,99.819519,0.72432246,3.5418931,30.438919,107.8114,0.64750393,3.2936698,26.863389,88.479134,0.66095622,3.4164805,25.353009,86.61806
0b_baseline_last,file,19,baseline,4238,073.Blue_Jay/Blue_Jay_0061_63645.jpg,73,72,073.Blue_Jay,164,163,random_erasing,random_erasing,0,"{""area_fraction"":0.197942,""erased"":true,""height"":0.388371,""left"":0.100142,""top"":0.158654,""width"":0.509673}",0.31350878,2.129312,1.8158033,0.730878,0.11891909,0.20685765,0.11559665,0.52402034,0.0033224374,-0.52069791,0.43796117,2.2530369,56.445949,127.1748,False,0.85005021,False,True,False,0.43796117,2.2530369,56.445949,127.1748,0.42767848,2.2347489,55.605737,124.26486,0.71902765,2.7877601,9.7029482,27.049492,0.43771543,2.3991346,12.060331,28.934357,0.4555277,2.0927738,25.604723,53.584892,0.41326488,2.2389864,30.438919,68.152326,0.41201201,2.2457299,26.863389,60.327916,0.4381816,2.3164259,25.353009,58.728366
0b_baseline_last,file,19,baseline,4661,080.Green_Kingfisher/Green_Kingfisher_0059_71119.jpg,80,79,080.Green_Kingfisher,82,81,identity,identity,0,{},0.0032308307,0.0032308307,0,0.99677438,0.99677438,0.0019964119,0.0019964119,0.99477796,0.99477796,0,1,1,0.61202432,0.61202432,False,0.99999988,True,True,True,1,1,0.61202432,0.61202432,1,1,0.59871171,0.59871171,1,1,0.12695692,0.12695692,1,1,0.12217699,0.12217699,1,1,0.25425555,0.25425555,1,1,0.3335951,0.3335951,1,1,0.29028324,0.29028324,1,1,0.2886738,0.2886738
0b_baseline_last,file,19,baseline,4661,080.Green_Kingfisher/Green_Kingfisher_0059_71119.jpg,80,79,080.Green_Kingfisher,82,81,horizontal_flip,horizontal_flip,0,"{""flipped"":true}",0.0032308307,0.007723351,0.0044925204,0.99677438,0.99230641,0.0019964119,0.003419339,0.99477796,0.98888707,-0.0058908912,0.67408204,2.0666784,0.61202432,1.2648574,False,0.97476488,True,True,True,0.67408204,2.0666784,0.61202432,1.2648574,0.66025232,2.0553869,0.59871171,1.2305842,0.9526866,2.303536,0.12695692,0.29244984,0.524529,2.0830066,0.12217699,0.25449548,0.6294533,2.1104755,0.25425555,0.5366001,0.66907591,2.0579285,0.3335951,0.68651487,0.62904947,1.9548295,0.29028324,0.56745424,0.72726918,2.1023594,0.2886738,0.60689607
0b_baseline_last,file,19,baseline,4661,080.Green_Kingfisher/Green_Kingfisher_0059_71119.jpg,80,79,080.Green_Kingfisher,82,81,color_jitter,color_jitter,0,"{""brightness"":1.313456,""contrast"":1.195382,""hue"":0.095343,""saturation"":0.938106}",0.0032308307,0.02276664,0.01953581,0.99677438,0.97749054,0.0019964119,0.0025130021,0.99477796,0.97497754,-0.019800421,0.60402259,6.6764003,0.61202432,4.0861194,False,0.88370979,True,True,True,0.60402259,6.6764003,0.61202432,4.0861194,0.59941424,6.7332046,0.59871171,4.0312484,0.75325204,5.2568111,0.12695692,0.66738857,0.47120751,6.666308,0.12217699,0.81446945,0.62390557,6.4471191,0.25425555,1.6392158,0.63118615,6.4874763,0.3335951,2.1641903,0.5595231,7.212934,0.29028324,2.0937939,0.6087343,6.7819626,0.2886738,1.9577749
0b_baseline_last,file,19,baseline,4661,080.Green_Kingfisher/Green_Kingfisher_0059_71119.jpg,80,79,080.Green_Kingfisher,82,81,rotation,rotation,0,"{""angle"":11.773896}",0.0032308307,0.0035227404,0.00029190979,0.99677438,0.99648345,0.0019964119,0.0023128344,0.99477796,0.99417061,-0.0006073527,0.79700139,0.91829988,0.61202432,0.56202186,False,0.97775537,True,True,True,0.79700139,0.91829988,0.61202432,0.56202186,0.78856092,0.9129043,0.59871171,0.54656649,0.96882794,1.0310232,0.12695692,0.13089554,0.64110361,0.94191472,0.12217699,0.11508031,0.81072326,0.94208066,0.25425555,0.23952924,0.79469715,0.85065104,0.3335951,0.28377301,0.76502813,0.89146208,0.29028324,0.2587765,0.81689633,0.9836191,0.2886738,0.28394506
0b_baseline_last,file,19,baseline,4661,080.Green_Kingfisher/Green_Kingfisher_0059_71119.jpg,80,79,080.Green_Kingfisher,82,81,random_resized_crop,random_resized_crop,0,"{""area_fraction"":0.753793,""aspect"":1.073941,""fallback"":false,""height"":0.837791,""left"":0.097806,""top"":0.129625,""width"":0.899738}",0.0032308307,0.030752238,0.027521407,0.99677438,0.96971577,0.0019964119,0.021882478,0.99477796,0.9478333,-0.046944668,0.74696984,6.98764,0.61202432,4.2766056,False,0.96154606,True,True,True,0.74696984,6.98764,0.61202432,4.2766056,0.73697609,6.9069353,0.59871171,4.135263,0.94255882,8.5886793,0.12695692,1.0903923,0.69518507,7.5349532,0.12217699,0.92059791,0.73888757,6.5544016,0.25425555,1.666493,0.76885533,6.1627982,0.3335951,2.0558792,0.72224616,6.7555761,0.29028324,1.9610305,0.73754064,8.0524313,0.2886738,2.3245259
0b_baseline_last,file,19,baseline,4661,080.Green_Kingfisher/Green_Kingfisher_0059_71119.jpg,80,79,080.Green_Kingfisher,82,81,gaussian_blur,gaussian_blur,0,"{""sigma"":1.563341}",0.0032308307,0.51230711,0.50907628,0.99677438,0.5991118,0.0019964119,0.003503798,0.99477796,0.595608,-0.39916997,0.32507364,124.81394,0.61202432,76.389164,False,0.82451797,True,True,True,0.32507364,124.81394,0.61202432,76.389164,0.31398249,125.97401,0.59871171,75.422114,0.66283873,95.437757,0.12695692,12.116484,0.16812911,233.69683,0.12217699,28.552376,0.21078271,110.62858,0.25425555,28.12793,0.27468258,111.68886,0.3335951,37.258856,0.38171343,137.24985,0.29028324,39.841333,0.44316412,115.23191,0.2886738,33.264433
0b_baseline_last,file,19,baseline,4661,080.Green_Kingfisher/Green_Kingfisher_0059_71119.jpg,80,79,080.Green_Kingfisher,82,81,random_erasing,random_erasing,0,"{""area_fraction"":0.101884,""erased"":true,""height"":0.184039,""left"":0.075106,""top"":0.680537,""width"":0.553602}",0.0032308307,0.014431035,0.011200204,0.99677438,0.98567259,0.0019964119,0.012522263,0.99477796,0.97315033,-0.021627634,0.89700918,5.2307494,0.61202432,3.2013459,False,0.98496783,True,True,True,0.89700918,5.2307494,0.61202432,3.2013459,0.8944203,5.2446408,0.59871171,3.1400279,0.96033975,4.9116701,0.12695692,0.62357053,0.89417147,5.8326629,0.12217699,0.71261719,0.92236484,5.1716132,0.25425555,1.3149114,0.91152377,5.1127646,0.3335951,1.7055932,0.86679093,5.3066224,0.29028324,1.5404236,0.88080523,5.3002212,0.2886738,1.530035
0b_baseline_last,file,19,baseline,2841,050.Eared_Grebe/Eared_Grebe_0027_34341.jpg,50,49,050.Eared_Grebe,51,50,identity,identity,0,{},0.18404923,0.18404923,0,0.83189487,0.83189487,0.11644636,0.11644636,0.71544851,0.71544851,0,1,1,25.655427,25.655427,False,0.99999994,True,True,True,1,1,25.655427,25.655427,1,1,25.091695,25.091695,1,1,5.348622,5.348622,1,1,4.9637875,4.9637875,1,1,10.317921,10.317921,1,1,12.98803,12.98803,1,1,13.090763,13.090763,1,1,12.587196,12.587196
0b_baseline_last,file,19,baseline,2841,050.Eared_Grebe/Eared_Grebe_0027_34341.jpg,50,49,050.Eared_Grebe,51,50,horizontal_flip,horizontal_flip,0,"{""flipped"":true}",0.18404923,0.24896161,0.064912379,0.83189487,0.77960992,0.11644636,0.15890563,0.71544851,0.62070429,-0.09474422,0.73483257,1.4757634,25.655427,37.861339,False,0.98093688,True,True,True,0.73483257,1.4757634,25.655427,37.861339,0.72421848,1.4786766,25.091695,37.102502,0.98057394,1.4101271,5.348622,7.5422369,0.7390166,1.4786246,4.9637875,7.3395784,0.72038957,1.5178094,10.317921,15.660637,0.73629403,1.5186838,12.98803,19.72471,0.69017593,1.5435673,13.090763,20.206473,0.75809014,1.3296318,12.587196,16.736336
0b_baseline_last,file,19,baseline,2841,050.Eared_Grebe/Eared_Grebe_0027_34341.jpg,50,49,050.Eared_Grebe,51,50,color_jitter,color_jitter,0,"{""brightness"":1.135559,""contrast"":0.735603,""hue"":-0.072886,""saturation"":1.05125}",0.18404923,1.587961,1.4039117,0.83189487,0.20434184,0.11644636,0.6813274,0.71544851,-0.47698556,-1.1924341,0.70274456,4.7642905,25.655427,122.22991,False,0.94325197,False,True,False,0.70274456,4.7642905,25.655427,122.22991,0.69105047,4.7387874,25.091695,118.90421,0.9372068,5.2945467,5.348622,28.318529,0.64730412,4.1647104,4.9637875,20.672738,0.60827519,4.3807768,10.317921,45.200509,0.70727617,4.9047131,12.98803,63.702559,0.70612981,4.9089927,13.090763,64.26246,0.71704516,4.6866857,12.587196,58.992231
0b_baseline_last,file,19,baseline,2841,050.Eared_Grebe/Eared_Grebe_0027_34341.jpg,50,49,050.Eared_Grebe,51,50,rotation,rotation,0,"{""angle"":-2.772146}",0.18404923,0.20700343,0.022954196,0.83189487,0.81301689,0.11644636,0.082741968,0.71544851,0.73027492,0.01482641,0.82694794,1.0846835,25.655427,27.828019,False,0.98119855,True,True,True,0.82694794,1.0846835,25.655427,27.828019,0.82137248,1.086557,25.091695,27.263556,0.95550025,1.0426014,5.348622,5.576481,0.83444027,1.2647611,4.9637875,6.2780056,0.77365682,1.139458,10.317921,11.756838,0.80716668,1.0103647,12.98803,13.122647,0.83012038,1.0811759,13.090763,14.153418,0.86127489,1.1041019,12.587196,13.897546
0b_baseline_last,file,19,baseline,2841,050.Eared_Grebe/Eared_Grebe_0027_34341.jpg,50,49,050.Eared_Grebe,51,50,random_resized_crop,random_resized_crop,0,"{""area_fraction"":0.631292,""aspect"":1.042945,""fallback"":false,""height"":0.778009,""left"":0.043811,""top"":0.106706,""width"":0.81142}",0.18404923,0.30242842,0.11837919,0.83189487,0.73902136,0.11644636,0.070307449,0.71544851,0.66871391,-0.046734601,0.66328862,1.4503933,25.655427,37.210458,False,0.95571542,True,True,True,0.66328862,1.4503933,25.655427,37.210458,0.65367337,1.4522475,25.091695,36.439353,0.88168992,1.4089671,5.348622,7.5360322,0.55501479,1.7077862,4.9637875,8.4770879,0.63161092,1.5708845,10.317921,16.208262,0.68148539,1.4482963,12.98803,18.810516,0.64033913,1.3996354,13.090763,18.322295,0.67744512,1.384537,12.587196,17.427439
0b_baseline_last,file,19,baseline,2841,050.Eared_Grebe/Eared_Grebe_0027_34341.jpg,50,49,050.Eared_Grebe,51,50,gaussian_blur,gaussian_blur,0,"{""sigma"":1.798844}",0.18404923,0.60987979,0.42583056,0.83189487,0.5434162,0.11644636,0.021972714,0.71544851,0.52144349,-0.19400503,0.33666765,3.1169866,25.655427,79.967622,False,0.90543115,True,True,True,0.33666765,3.1169866,25.655427,79.967622,0.32310388,3.1337507,25.091695,78.631118,0.68354419,2.7220312,5.348622,14.559116,-0.17702247,4.2118257,4.9637875,20.906608,0.10362346,3.5609094,10.317921,36.741183,0.43477147,3.3489305,12.98803,43.496009,0.38960505,2.9172419,13.090763,38.188922,0.43286996,2.5688842,12.587196,32.335049
0b_baseline_last,file,19,baseline,2841,050.Eared_Grebe/Eared_Grebe_0027_34341.jpg,50,49,050.Eared_Grebe,51,50,random_erasing,random_erasing,0,"{""area_fraction"":0.13589,""erased"":true,""height"":0.643111,""left"":0.241101,""top"":0.070792,""width"":0.211301}",0.18404923,1.5771655,1.3931163,0.83189487,0.20655978,0.11644636,0.062345121,0.71544851,0.14421466,-0.57123386,0.50732191,3.6030018,25.655427,92.43655,False,0.81661749,True,True,True,0.50732191,3.6030018,25.655427,92.43655,0.49895126,3.5971061,25.091695,90.25749,0.68527989,3.7303952,5.348622,19.952474,0.61416999,3.1524699,4.9637875,15.648191,0.60616213,3.8131836,10.317921,39.344128,0.5741497,3.473919,12.98803,45.119363,0.40540606,3.4094872,13.090763,44.632789,0.43305474,3.8313524,12.587196,48.225983
0b_baseline_last,file,19,baseline,6566,113.Baird_Sparrow/Baird_Sparrow_0008_106929.jpg,113,112,113.Baird_Sparrow,124,123,identity,identity,0,{},3.8679559,3.8679559,0,0.02090105,0.02090105,0.62025869,0.62025869,-0.59935764,-0.59935764,0,1,1,190.96259,190.96259,False,0.99999988,True,False,False,1,1,190.96259,190.96259,1,1,187.52861,187.52861,1,1,36.051779,36.051779,1,1,28.329819,28.329819,1,1,78.327475,78.327475,1,1,100.37892,100.37892,1,1,96.74842,96.74842,1,1,93.771121,93.771121
0b_baseline_last,file,19,baseline,6566,113.Baird_Sparrow/Baird_Sparrow_0008_106929.jpg,113,112,113.Baird_Sparrow,124,123,horizontal_flip,horizontal_flip,0,"{""flipped"":true}",3.8679559,3.0641561,-0.80379987,0.02090105,0.046693239,0.62025869,0.29471642,-0.59935764,-0.24802318,0.35133446,0.75575457,0.89818474,190.96259,171.51968,False,0.96201456,True,False,False,0.75575457,0.89818474,190.96259,171.51968,0.75019503,0.90017614,187.52861,168.80878,0.91807507,0.84251824,36.051779,30.374281,0.77450452,0.91589997,28.329819,25.94728,0.73932584,0.84403429,78.327475,66.111075,0.77650157,0.92603234,100.37892,92.954129,0.70893795,0.8959306,96.74842,86.679869,0.76896888,0.91106771,93.771121,85.43184
0b_baseline_last,file,19,baseline,6566,113.Baird_Sparrow/Baird_Sparrow_0008_106929.jpg,113,112,113.Baird_Sparrow,124,123,color_jitter,color_jitter,0,"{""brightness"":0.94238,""contrast"":1.14043,""hue"":-0.013657,""saturation"":0.655702}",3.8679559,1.6396251,-2.2283309,0.02090105,0.1940528,0.62025869,0.28909472,-0.59935764,-0.095041916,0.50431572,0.77551784,0.72865954,190.96259,139.14671,False,0.95128411,True,False,False,0.77551784,0.72865954,190.96259,139.14671,0.77016672,0.72683689,187.52861,136.30271,0.91268995,0.77635266,36.051779,27.988895,0.77445472,0.79307706,28.329819,22.467729,0.73768795,0.69815447,78.327475,54.684677,0.7378332,0.67107334,100.37892,67.361619,0.77921125,0.7274449,96.74842,70.379144,0.81834323,0.79749909,93.771121,74.782383
0b_baseline_last,file,19,baseline,6566,113.Baird_Sparrow/Baird_Sparrow_0008_106929.jpg,113,112,113.Baird_Sparrow,124,123,rotation,rotation,0,"{""angle"":-7.967071}",3.8679559,3.7765749,-0.091381073,0.02090105,0.022900997,0.62025869,0.41139409,-0.59935764,-0.38849309,0.21086455,0.82154212,0.85464093,190.96259,163.20444,False,0.97269857,True,False,False,0.82154212,0.85464093,190.96259,163.20444,0.81711764,0.85746721,187.52861,160.79963,0.95826502,0.77426373,36.051779,27.913585,0.77123835,0.96584377,28.329819,27.362179,0.78839439,0.86599288,78.327475,67.831036,0.82241337,0.83160114,100.37892,83.475227,0.80813457,0.86614859,96.74842,83.798507,0.84683207,0.86086977,93.771121,80.724723
0b_baseline_last,file,19,baseline,6566,113.Baird_Sparrow/Baird_Sparrow_0008_106929.jpg,113,112,113.Baird_Sparrow,124,123,random_resized_crop,random_resized_crop,0,"{""area_fraction"":0.606242,""aspect"":1.288218,""fallback"":false,""height"":0.686007,""left"":0.115434,""top"":0.170302,""width"":0.883726}",3.8679559,3.236237,-0.63171887,0.02090105,0.039311547,0.62025869,0.68693382,-0.59935764,-0.64762227,-0.04826463,0.72973885,1.2124927,190.96259,231.54075,False,0.9085089,True,False,False,0.72973885,1.2124927,190.96259,231.54075,0.72566059,1.2214935,187.52861,229.06497,0.8987796,0.93668544,36.051779,33.769177,0.69039075,1.4187774,28.329819,40.193707,0.70229298,1.2087289,78.327475,94.676687,0.72121252,1.2526387,100.37892,125.73852,0.72028599,1.223243,96.74842,118.34683,0.75963147,1.1718762,93.771121,109.88815
0b_baseline_last,file,19,baseline,6566,113.Baird_Sparrow/Baird_Sparrow_0008_106929.jpg,113,112,113.Baird_Sparrow,124,123,gaussian_blur,gaussian_blur,0,"{""sigma"":1.341579}",3.8679559,2.87552,-0.99243593,0.02090105,0.056386814,0.62025869,0.64920205,-0.59935764,-0.59281524,0.0065424033,0.63211604,1.0509489,190.96259,200.69193,False,0.88741684,True,False,False,0.63211604,1.0509489,190.96259,200.69193,0.62455218,1.0557143,187.52861,197.97665,0.87537209,0.91261312,36.051779,32.901327,0.57497432,1.3013852,28.329819,36.868007,0.47848227,1.1659451,78.327475,91.325533,0.60699744,1.0745843,100.37892,107.86562,0.66132838,1.0259531,96.74842,99.259338,0.74374964,0.95430218,93.771121,89.485985
0b_baseline_last,file,19,baseline,6566,113.Baird_Sparrow/Baird_Sparrow_0008_106929.jpg,113,112,113.Baird_Sparrow,124,123,random_erasing,random_erasing,0,"{""area_fraction"":0.127943,""erased"":true,""height"":0.429501,""left"":0.195778,""top"":0.124929,""width"":0.297888}",3.8679559,2.6345024,-1.2334535,0.02090105,0.071754664,0.62025869,0.33009741,-0.59935764,-0.25834274,0.3410149,0.84784217,0.83150712,190.96259,158.78675,False,0.97404504,True,False,False,0.84784217,0.83150712,190.96259,158.78675,0.84432614,0.82953751,187.52861,155.56202,0.93880165,0.88313327,36.051779,31.838526,0.86098743,0.82614444,28.329819,23.404522,0.85960475,0.84874243,78.327475,66.479851,0.86183928,0.8208152,100.37892,82.392546,0.8140384,0.8124817,96.74842,78.606321,0.84416032,0.84407592,93.771121,79.149945
0b_baseline_last,file,19,baseline,10350,176.Prairie_Warbler/Prairie_Warbler_0031_172818.jpg,176,175,176.Prairie_Warbler,163,162,identity,identity,0,{},1.8127193,1.8127193,0,0.16320971,0.16320971,0.53577983,0.53577983,-0.37257013,-0.37257013,0,1,1,151.50582,151.50582,False,1,True,False,False,1,1,151.50582,151.50582,1,1,148.53033,148.53033,1,1,29.878992,29.878992,1,1,22.280735,22.280735,1,1,66.581672,66.581672,1,1,87.070287,87.070287,1,1,73.851481,73.851481,1,1,64.003385,64.003385
0b_baseline_last,file,19,baseline,10350,176.Prairie_Warbler/Prairie_Warbler_0031_172818.jpg,176,175,176.Prairie_Warbler,163,162,horizontal_flip,horizontal_flip,0,"{""flipped"":true}",1.8127193,1.7284212,-0.084298134,0.16320971,0.17756452,0.53577983,0.64253116,-0.37257013,-0.46496664,-0.092396513,0.69303977,1.1245316,151.50582,170.37309,False,0.9704324,True,False,False,0.69303977,1.1245316,151.50582,170.37309,0.68304016,1.1279693,148.53033,167.53766,0.96451051,1.0359645,29.878992,30.953574,0.33043992,1.4693894,22.280735,32.739076,0.60768097,1.237267,66.581672,82.379304,0.72011582,1.0811274,87.070287,94.134073,0.67991399,1.0730974,73.851481,79.24983,0.77714674,1.112383,64.003385,71.196275
0b_baseline_last,file,19,baseline,10350,176.Prairie_Warbler/Prairie_Warbler_0031_172818.jpg,176,175,176.Prairie_Warbler,163,162,color_jitter,color_jitter,0,"{""brightness"":0.820075,""contrast"":1.399327,""hue"":-0.065289,""saturation"":0.744931}",1.8127193,2.7324066,0.91968727,0.16320971,0.065062538,0.53577983,0.10784469,-0.37257013,-0.04278215,0.32978798,0.49287791,0.95228745,151.50582,144.27709,False,0.92109555,False,False,False,0.49287791,0.95228745,151.50582,144.27709,0.48103649,0.95491615,148.53033,141.83401,0.81004714,0.88485089,29.878992,26.438453,0.50334713,1.3804504,22.280735,30.757449,0.34844178,0.98196356,66.581672,65.380775,0.46564819,0.88562579,87.070287,77.111692,0.52543153,0.92053694,73.851481,67.983016,0.59552651,1.0279136,64.003385,65.789949
0b_baseline_last,file,19,baseline,10350,176.Prairie_Warbler/Prairie_Warbler_0031_172818.jpg,176,175,176.Prairie_Warbler,163,162,rotation,rotation,0,"{""angle"":-3.9038}",1.8127193,2.5514452,0.7387259,0.16320971,0.077968903,0.53577983,0.72938031,-0.37257013,-0.65141141,-0.27884128,0.86691767,1.2578026,151.50582,190.56441,False,0.97747612,True,False,False,0.86691767,1.2578026,151.50582,190.56441,0.86323524,1.2622248,148.53033,187.47867,0.97151121,1.1431002,29.878992,34.154681,0.75767679,1.5642359,22.280735,34.852326,0.86920394,1.3616864,66.581672,90.663356,0.87752188,1.2482662,87.070287,108.6869,0.85389684,1.2299248,73.851481,90.83177,0.86678981,1.1744631,64.003385,75.169615
0b_baseline_last,file,19,baseline,10350,176.Prairie_Warbler/Prairie_Warbler_0031_172818.jpg,176,175,176.Prairie_Warbler,163,162,random_resized_crop,random_resized_crop,0,"{""area_fraction"":0.878464,""aspect"":0.962548,""fallback"":false,""height"":0.955324,""left"":0.057085,""top"":0.044466,""width"":0.919545}",1.8127193,2.5157812,0.70306182,0.16320971,0.080799766,0.53577983,0.72964025,-0.37257013,-0.64884048,-0.27627035,0.86547276,1.6030928,151.50582,242.8779,False,0.98394769,True,False,False,0.86547276,1.6030928,151.50582,242.8779,0.86301738,1.6165704,148.53033,240.10974,0.97835414,1.2237646,29.878992,36.564852,0.71973786,2.1018741,22.280735,46.831301,0.86795989,1.8500629,66.581672,123.18028,0.8860428,1.635658,87.070287,142.41722,0.8598657,1.5425437,73.851481,113.91914,0.87371966,1.3096282,64.003385,83.820638
0b_baseline_last,file,19,baseline,10350,176.Prairie_Warbler/Prairie_Warbler_0031_172818.jpg,176,175,176.Prairie_Warbler,163,162,gaussian_blur,gaussian_blur,0,"{""sigma"":1.075361}",1.8127193,1.4477648,-0.36495459,0.16320971,0.2350952,0.53577983,0.55685854,-0.37257013,-0.32176334,0.050806791,0.76273013,1.1174593,151.50582,169.30158,False,0.93995947,True,False,False,0.76273013,1.1174593,151.50582,169.30158,0.75735746,1.1242149,148.53033,166.98002,0.9348836,0.93513854,29.878992,27.940997,0.48746987,1.4507479,22.280735,32.32373,0.673535,1.144648,66.581672,76.212576,0.78816201,1.1133002,87.070287,96.935365,0.78381191,1.1413507,73.851481,84.290439,0.80882783,1.0513342,64.003385,67.288951
0b_baseline_last,file,19,baseline,10350,176.Prairie_Warbler/Prairie_Warbler_0031_172818.jpg,176,175,176.Prairie_Warbler,163,162,random_erasing,random_erasing,0,"{""area_fraction"":0.18054,""erased"":true,""height"":0.388121,""left"":0.393393,""top"":0.321246,""width"":0.465164}",1.8127193,3.8074179,1.9946985,0.16320971,0.02220544,0.53577983,0.0038116104,-0.37257013,0.01839383,0.39096396,0.12965934,0.94972299,151.50582,143.88856,False,0.85366023,False,False,False,0.12965934,0.94972299,151.50582,143.88856,0.10557734,0.9471456,148.53033,140.67985,0.68726004,1.0113293,29.878992,30.217501,-0.069322274,1.1251198,22.280735,25.068496,-0.036264238,0.85820079,66.581672,57.140443,-0.0063731324,0.89533621,87.070287,77.957181,0.17489796,0.94136126,73.851481,69.520923,0.33807907,1.1033455,64.003385,70.617845
0b_baseline_last,file,19,baseline,7555,129.Song_Sparrow/Song_Sparrow_0121_121203.jpg,129,128,129.Song_Sparrow,149,148,identity,identity,0,{},3.7561035,3.7561035,0,0.023374645,0.023374645,0.1448919,0.1448919,-0.12151726,-0.12151726,0,1,1,136.90031,136.90031,False,1,True,False,False,1,1,136.90031,136.90031,1,1,134.08759,134.08759,1,1,27.608197,27.608197,1,1,25.973551,25.973551,1,1,69.38858,69.38858,1,1,75.563791,75.563791,1,1,60.090852,60.090852,1,1,56.296394,56.296394
0b_baseline_last,file,19,baseline,7555,129.Song_Sparrow/Song_Sparrow_0121_121203.jpg,129,128,129.Song_Sparrow,149,148,horizontal_flip,horizontal_flip,0,"{""flipped"":true}",3.7561035,2.9645987,-0.79150486,0.023374645,0.05158117,0.1448919,0.12039127,-0.12151726,-0.068810102,0.052707156,0.70156107,0.87500805,136.90031,119.78887,False,0.92323291,False,False,False,0.70156107,0.87500805,136.90031,119.78887,0.69232127,0.87317641,134.08759,117.08212,0.90987471,0.91715362,27.608197,25.320958,0.65235434,0.99486129,25.973551,25.84008,0.71115027,0.79945309,69.38858,55.472915,0.72155604,0.90389879,75.563791,68.302019,0.64297773,0.86438323,60.090852,51.941524,0.68374873,0.90577679,56.296394,50.991967
0b_baseline_last,file,19,baseline,7555,129.Song_Sparrow/Song_Sparrow_0121_121203.jpg,129,128,129.Song_Sparrow,149,148,color_jitter,color_jitter,0,"{""brightness"":0.953883,""contrast"":1.2308,""hue"":-0.045173,""saturation"":1.334377}",3.7561035,5.0157156,1.2596121,0.023374645,0.0066328822,0.1448919,0.061276983,-0.12151726,-0.054644101,0.066873156,0.63917136,0.81825176,136.90031,112.01892,False,0.83532226,False,False,False,0.63917136,0.81825176,136.90031,112.01892,0.63077866,0.81240978,134.08759,108.93407,0.81628528,0.94564655,27.608197,26.107596,0.53001497,0.92310119,25.973551,23.976216,0.58128855,0.63053246,69.38858,43.751752,0.65636036,0.71591942,75.563791,54.097585,0.66629724,0.9046614,60.090852,54.361874,0.67872826,1.0502492,56.296394,59.125242
0b_baseline_last,file,19,baseline,7555,129.Song_Sparrow/Song_Sparrow_0121_121203.jpg,129,128,129.Song_Sparrow,149,148,rotation,rotation,0,"{""angle"":11.966102}",3.7561035,3.8787684,0.12266493,0.023374645,0.020676276,0.1448919,0.06122718,-0.12151726,-0.040550904,0.080966353,0.824743,0.97502177,136.90031,133.48078,False,0.95030987,False,False,False,0.824743,0.97502177,136.90031,133.48078,0.82049908,0.97415162,134.08759,130.62164,0.92290386,0.99532674,27.608197,27.479177,0.73431997,0.99217256,25.973551,25.770244,0.88214191,0.94811529,69.38858,65.788373,0.85247801,0.93080372,75.563791,70.335058,0.77399375,1.0060703,60.090852,60.455619,0.75706611,1.0460499,56.296394,58.888837
0b_baseline_last,file,19,baseline,7555,129.Song_Sparrow/Song_Sparrow_0121_121203.jpg,129,128,129.Song_Sparrow,149,148,random_resized_crop,random_resized_crop,0,"{""area_fraction"":0.718926,""aspect"":0.901976,""fallback"":false,""height"":0.892781,""left"":0.004057,""top"":0.089017,""width"":0.805266}",3.7561035,3.3432465,-0.41285706,0.023374645,0.035322096,0.1448919,0.024780372,-0.12151726,0.010541724,0.13205898,0.74604424,1.0460316,136.90031,143.20204,False,0.93816465,False,False,False,0.74604424,1.0460316,136.90031,143.20204,0.73936561,1.0492689,134.08759,140.69394,0.91949288,0.96652791,27.608197,26.684093,0.65183938,1.1371737,25.973551,29.53644,0.74190694,0.94862809,69.38858,65.823956,0.78335221,1.0715598,75.563791,80.971118,0.69930833,1.0953793,60.090852,65.822276,0.73021623,1.0805904,56.296394,60.833341
0b_baseline_last,file,19,baseline,7555,129.Song_Sparrow/Song_Sparrow_0121_121203.jpg,129,128,129.Song_Sparrow,149,148,gaussian_blur,gaussian_blur,0,"{""sigma"":1.993678}",3.7561035,5.2276888,1.4715853,0.023374645,0.0053659133,0.1448919,0.033394638,-0.12151726,-0.028028725,0.093488533,0.41813897,1.1088569,136.90031,151.80285,False,0.82460523,False,False,False,0.41813897,1.1088569,136.90031,151.80285,0.40437298,1.1142425,134.08759,149.40609,0.79361148,0.97321239,27.608197,26.868639,0.14052927,1.8402625,25.973551,47.798151,0.28316465,0.92015938,69.38858,63.848552,0.39427236,1.0346582,75.563791,78.182696,0.49799164,1.1709255,60.090852,70.361911,0.56784754,1.2431076,56.296394,69.982477
0b_baseline_last,file,19,baseline,7555,129.Song_Sparrow/Song_Sparrow_0121_121203.jpg,129,128,129.Song_Sparrow,149,148,random_erasing,random_erasing,0,"{""area_fraction"":0.099023,""erased"":true,""height"":0.2426,""left"":0.493487,""top"":0.231992,""width"":0.408174}",3.7561035,3.4967976,-0.25930595,0.023374645,0.030294247,0.1448919,0.088714965,-0.12151726,-0.058420718,0.06309654,0.8285434,0.75661652,136.90031,103.58103,False,0.95321262,True,False,False,0.8285434,0.75661652,136.90031,103.58103,0.82317915,0.75010325,134.08759,100.57954,0.94698262,0.8966375,27.608197,24.754545,0.84428738,0.75538495,25.973551,19.620029,0.85809992,0.64741403,69.38858,44.92314,0.85434477,0.71741701,75.563791,54.210749,0.79208305,0.77615442,60.090852,46.63978,0.79338261,0.90559455,56.296394,50.981707
0b_baseline_last,file,19,baseline,1074,020.Yellow_breasted_Chat/Yellow_Breasted_Chat_0044_22106.jpg,20,19,020.Yellow_breasted_Chat,77,76,identity,identity,0,{},0.0050619063,0.0050619063,0,0.99495089,0.99495089,0.0014092192,0.0014092192,0.99354167,0.99354167,0,1,1,0.5973398,0.5973398,False,0.99999994,True,True,True,1,1,0.5973398,0.5973398,1,1,0.57889028,0.57889028,1,1,0.14731221,0.14731221,1,1,0.092988063,0.092988063,1,1,0.20566534,0.20566534,1,1,0.25753248,0.25753248,1,1,0.31058167,0.31058167,1,1,0.34840348,0.34840348
0b_baseline_last,file,19,baseline,1074,020.Yellow_breasted_Chat/Yellow_Breasted_Chat_0044_22106.jpg,20,19,020.Yellow_breasted_Chat,77,76,horizontal_flip,horizontal_flip,0,"{""flipped"":true}",0.0050619063,0.0031950637,-0.0018668426,0.99495089,0.99681002,0.0014092192,0.0001943016,0.99354167,0.99661572,0.0030740461,0.56228555,0.66020089,0.5973398,0.39436427,False,0.96874785,True,True,True,0.56228555,0.66020089,0.5973398,0.39436427,0.5371886,0.65685226,0.57889028,0.38024539,0.92246393,0.70990933,0.14731221,0.10457831,0.50118044,0.95795561,0.092988063,0.089078436,0.38368584,0.67544039,0.20566534,0.13891468,0.35976068,0.67324615,0.25753248,0.17338275,0.49842736,0.60165566,0.31058167,0.18686322,0.72919992,0.65686924,0.34840348,0.22885553
0b_baseline_last,file,19,baseline,1074,020.Yellow_breasted_Chat/Yellow_Breasted_Chat_0044_22106.jpg,20,19,020.Yellow_breasted_Chat,77,76,color_jitter,color_jitter,0,"{""brightness"":1.063165,""contrast"":0.879768,""hue"":-0.061573,""saturation"":0.709538}",0.0050619063,0.71905905,0.71399714,0.99495089,0.48721048,0.0014092192,0.0079144118,0.99354167,0.47929607,-0.5142456,0.50665562,121.33989,0.5973398,72.481147,False,0.82246315,True,True,True,0.50665562,121.33989,0.5973398,72.481147,0.49778352,123.55368,0.57889028,71.524024,0.76647383,79.695571,0.14731221,11.74013,0.26295099,141.45942,0.092988063,13.154038,0.38982215,158.622,0.20566534,32.623046,0.4240521,148.49919,0.25753248,38.243366,0.54890607,114.37235,0.31058167,35.521957,0.62870823,97.504801,0.34840348,33.971012
0b_baseline_last,file,19,baseline,1074,020.Yellow_breasted_Chat/Yellow_Breasted_Chat_0044_22106.jpg,20,19,020.Yellow_breasted_Chat,77,76,rotation,rotation,0,"{""angle"":-12.127721}",0.0050619063,0.0058406163,0.00077871,0.99495089,0.99417639,0.0014092192,0.00065795,0.99354167,0.99351844,-2.323353e-05,0.58690353,1.2782381,0.5973398,0.76354251,False,0.96621788,True,True,True,0.58690353,1.2782381,0.5973398,0.76354251,0.56671592,1.281826,0.57889028,0.7420366,0.9146885,1.2214959,0.14731221,0.17994125,0.6242106,1.6879524,0.092988063,0.15695942,0.4692353,1.3905369,0.20566534,0.28598525,0.4184226,1.3296584,0.25753248,0.34243022,0.52621274,1.2445645,0.31058167,0.38653893,0.72656043,1.2093323,0.34840348,0.4213356
0b_baseline_last,file,19,baseline,1074,020.Yellow_breasted_Chat/Yellow_Breasted_Chat_0044_22106.jpg,20,19,020.Yellow_breasted_Chat,77,76,random_resized_crop,random_resized_crop,0,"{""area_fraction"":0.726472,""aspect"":0.940909,""fallback"":false,""height"":0.87869,""left"":0.158689,""top"":0.021103,""width"":0.826767}",0.0050619063,0.0035412714,-0.0015206349,0.99495089,0.99646497,0.0014092192,0.00062061317,0.99354167,0.99584435,0.0023026832,0.72217724,0.66739427,0.5973398,0.39866116,False,0.97331429,True,True,True,0.72217724,0.66739427,0.5973398,0.39866116,0.70552846,0.66495193,0.57889028,0.38493421,0.96610478,0.70403499,0.14731221,0.10371295,0.55083991,0.74231349,0.092988063,0.069026294,0.6111964,0.7158924,0.20566534,0.14723425,0.65914588,0.63901276,0.25753248,0.16456654,0.69893933,0.6496152,0.31058167,0.20175858,0.7839967,0.66663107,0.34840348,0.23225659
0b_baseline_last,file,19,baseline,1074,020.Yellow_breasted_Chat/Yellow_Breasted_Chat_0044_22106.jpg,20,19,020.Yellow_breasted_Chat,77,76,gaussian_blur,gaussian_blur,0,"{""sigma"":1.814093}",0.0050619063,0.19792463,0.19286272,0.99495089,0.82043171,0.0014092192,0.01485512,0.99354167,0.80557659,-0.18796508,0.40711376,47.765583,0.5973398,28.532284,False,0.85421532,True,True,True,0.40711376,47.765583,0.5973398,28.532284,0.38862876,48.507904,0.57889028,28.080754,0.83405868,34.321218,0.14731221,5.0559344,0.079581483,82.191856,0.092988063,7.6428615,0.26254181,65.601112,0.20566534,13.491875,0.27990268,53.686803,0.25753248,13.826096,0.4153607,47.173022,0.31058167,14.651076,0.63664701,34.235277,0.34840348,11.92769
0b_baseline_last,file,19,baseline,1074,020.Yellow_breasted_Chat/Yellow_Breasted_Chat_0044_22106.jpg,20,19,020.Yellow_breasted_Chat,77,76,random_erasing,random_erasing,0,"{""area_fraction"":0.051932,""erased"":true,""height"":0.139382,""left"":0.205751,""top"":0.32531,""width"":0.372588}",0.0050619063,0.62333059,0.61826869,0.99495089,0.53615576,0.0014092192,0.052189466,0.99354167,0.48396629,-0.50957538,0.44102605,87.988818,0.5973398,52.559224,False,0.83196026,True,True,True,0.44102605,87.988818,0.5973398,52.559224,0.42131707,88.762031,0.57889028,51.383477,0.80692114,75.043864,0.14731221,11.054877,0.54187878,107.14366,0.092988063,9.9630818,0.33478005,101.5644,0.20566534,20.888276,0.1828603,95.239065,0.25753248,24.527153,0.42127017,83.374666,0.31058167,25.894643,0.60171066,82.818343,0.34840348,28.854199
0b_baseline_last,file,19,baseline,7464,128.Seaside_Sparrow/Seaside_Sparrow_0051_796522.jpg,128,127,128.Seaside_Sparrow,174,173,identity,identity,0,{},0.00037794124,0.00037794124,0,0.99962211,0.99962211,9.1475908e-05,9.1475908e-05,0.99953063,0.99953063,0,1,1,0.049803345,0.049803345,False,1.0000001,True,True,True,1,1,0.049803345,0.049803345,1,1,0.047979331,0.047979331,1,1,0.013355034,0.013355034,1,1,0.0064083009,0.0064083009,1,1,0.019045781,0.019045781,1,1,0.023210387,0.023210387,1,1,0.022512157,0.022512157,1,1,0.029200836,0.029200836
0b_baseline_last,file,19,baseline,7464,128.Seaside_Sparrow/Seaside_Sparrow_0051_796522.jpg,128,127,128.Seaside_Sparrow,174,173,horizontal_flip,horizontal_flip,0,"{""flipped"":true}",0.00037794124,0.00038521021,7.2689727e-06,0.99962211,0.99961483,9.1475908e-05,5.0386316e-05,0.99953063,0.99956445,3.3817825e-05,0.6382133,1.0485257,0.049803345,0.052220085,False,0.97774631,True,True,True,0.6382133,1.0485257,0.049803345,0.052220085,0.61543412,1.04965,0.047979331,0.050361505,0.93676472,1.0339044,0.013355034,0.013807827,0.39359095,0.97461309,0.0064083009,0.0062456139,0.64452185,1.2461897,0.019045781,0.023734655,0.50131137,0.9907843,0.023210387,0.022996487,0.47651288,1.022478,0.022512157,0.023018185,0.770309,1.0131514,0.029200836,0.029584868
0b_baseline_last,file,19,baseline,7464,128.Seaside_Sparrow/Seaside_Sparrow_0051_796522.jpg,128,127,128.Seaside_Sparrow,174,173,color_jitter,color_jitter,0,"{""brightness"":1.207109,""contrast"":0.687895,""hue"":-0.011984,""saturation"":1.20612}",0.00037794124,0.00020716428,-0.00017077696,0.99962211,0.99979287,9.1475908e-05,3.282632e-05,0.99953063,0.99976005,0.0002294169,0.85640249,0.58174992,0.049803345,0.028973092,False,0.99238122,True,True,True,0.85640249,0.58174992,0.049803345,0.028973092,0.84764689,0.58328429,0.047979331,0.02798559,0.97435237,0.56157001,0.013355034,0.0074997864,0.73029107,0.72771026,0.0064083009,0.0046633863,0.83098007,0.67052077,0.019045781,0.012770592,0.79477893,0.58420125,0.023210387,0.013559537,0.8132089,0.54668494,0.022512157,0.012307057,0.92650105,0.55540545,0.029200836,0.016218304
0b_baseline_last,file,19,baseline,7464,128.Seaside_Sparrow/Seaside_Sparrow_0051_796522.jpg,128,127,128.Seaside_Sparrow,174,173,rotation,rotation,0,"{""angle"":7.038211}",0.00037794124,0.0044535026,0.0040755614,0.99962211,0.99555641,9.1475908e-05,0.00040944494,0.99953063,0.99514697,-0.0043836615,0.77412259,13.359825,0.049803345,0.66536399,False,0.9766227,True,True,True,0.77412259,13.359825,0.049803345,0.66536399,0.7641527,13.549951,0.047979331,0.65011757,0.96056614,10.604283,0.013355034,0.14162055,0.71455154,17.127103,0.0064083009,0.10975563,0.77899031,17.100322,0.019045781,0.32568899,0.76709354,14.838061,0.023210387,0.34439713,0.72506077,12.790036,0.022512157,0.2879313,0.8182791,10.991685,0.029200836,0.32096639
0b_baseline_last,file,19,baseline,7464,128.Seaside_Sparrow/Seaside_Sparrow_0051_796522.jpg,128,127,128.Seaside_Sparrow,174,173,random_resized_crop,random_resized_crop,0,"{""area_fraction"":0.58788,""aspect"":0.829634,""fallback"":false,""height"":0.841784,""left"":0.236126,""top"":0.11343,""width"":0.698373}",0.00037794124,0.010856138,0.010478196,0.99962211,0.98920256,9.1475908e-05,0.00038062665,0.99953063,0.98882193,-0.010708698,0.57424126,39.880835,0.049803345,1.986199,False,0.91074038,True,True,True,0.57424126,39.880835,0.049803345,1.986199,0.56273252,40.621674,0.047979331,1.9490008,0.81835063,28.648342,0.013355034,0.38259957,0.57578885,53.197244,0.0064083009,0.34090395,0.67795809,56.818106,0.019045781,1.0821452,0.52415293,43.702862,0.023210387,1.0143604,0.46155596,36.580222,0.022512157,0.8234997,0.62984397,30.711855,0.029200836,0.89681185
0b_baseline_last,file,19,baseline,7464,128.Seaside_Sparrow/Seaside_Sparrow_0051_796522.jpg,128,127,128.Seaside_Sparrow,174,173,gaussian_blur,gaussian_blur,0,"{""sigma"":1.204764}",0.00037794124,0.0038979279,0.0035199867,0.99962211,0.99610966,9.1475908e-05,0.00012340742,0.99953063,0.99598626,-0.0035443736,0.47311108,12.934077,0.049803345,0.64416029,False,0.93233037,True,True,True,0.47311108,12.934077,0.049803345,0.64416029,0.45233547,13.16457,0.047979331,0.63162724,0.87046355,9.4683108,0.013355034,0.12644961,0.41947816,18.16634,0.0064083009,0.11641537,0.31634322,19.217464,0.019045781,0.36601162,0.35549525,13.393092,0.023210387,0.31085885,0.43901047,11.51708,0.022512157,0.25927431,0.70154527,10.134587,0.029200836,0.29593841
0b_baseline_last,file,19,baseline,7464,128.Seaside_Sparrow/Seaside_Sparrow_0051_796522.jpg,128,127,128.Seaside_Sparrow,174,173,random_erasing,random_erasing,0,"{""area_fraction"":0.120722,""erased"":true,""height"":0.519055,""left"":0.111113,""top"":0.105568,""width"":0.23258}",0.00037794124,0.0010097887,0.00063184748,0.99962211,0.99899071,9.1475908e-05,0.00021041825,0.99953063,0.9987803,-0.00075033434,0.92474579,2.736148,0.049803345,0.13626932,False,0.99334747,True,True,True,0.92474579,2.736148,0.049803345,0.13626932,0.92016905,2.7466298,0.047979331,0.13178146,0.98856953,2.5970682,0.013355034,0.034683933,0.9014429,3.0195531,0.0064083009,0.019350205,0.9400775,2.8054822,0.019045781,0.053432599,0.9049624,2.824744,0.023210387,0.065563403,0.89378,2.7543736,0.022512157,0.062006891,0.93990604,2.6512076,0.029200836,0.077417478
0b_baseline_last,file,19,baseline,8913,152.Blue_headed_Vireo/Blue_Headed_Vireo_0122_156017.jpg,152,151,152.Blue_headed_Vireo,155,154,identity,identity,0,{},0.044995252,0.044995252,0,0.956002,0.956002,0.0095694149,0.0095694149,0.94643258,0.94643258,0,1,1,8.9014185,8.9014185,False,1,True,True,True,1,1,8.9014185,8.9014185,1,1,8.8000182,8.8000182,1,1,1.3397504,1.3397504,1,1,1.6728379,1.6728379,1,1,5.2564979,5.2564979,1,1,4.6956776,4.6956776,1,1,3.9026893,3.9026893,1,1,3.1194216,3.1194216
0b_baseline_last,file,19,baseline,8913,152.Blue_headed_Vireo/Blue_Headed_Vireo_0122_156017.jpg,152,151,152.Blue_headed_Vireo,155,154,horizontal_flip,horizontal_flip,0,"{""flipped"":true}",0.044995252,0.0095736198,-0.035421632,0.956002,0.99047208,0.0095694149,0.0017975876,0.94643258,0.98867449,0.042241909,0.71367786,0.19015371,8.9014185,1.6926378,False,0.9729777,True,True,True,0.71367786,0.19015371,8.9014185,1.6926378,0.70695157,0.18918918,8.8000182,1.6648682,0.96663967,0.22791287,1.3397504,0.30534636,0.49393372,0.1514534,1.6728379,0.25335698,0.79700106,0.17078325,5.2564979,0.8977218,0.67351306,0.17952893,4.6956776,0.84300999,0.65668891,0.20769074,3.9026893,0.81055242,0.72106639,0.23426594,3.1194216,0.73077426
0b_baseline_last,file,19,baseline,8913,152.Blue_headed_Vireo/Blue_Headed_Vireo_0122_156017.jpg,152,151,152.Blue_headed_Vireo,155,154,color_jitter,color_jitter,0,"{""brightness"":1.216142,""contrast"":0.966841,""hue"":-0.009495,""saturation"":0.97909}",0.044995252,0.040054221,-0.0049410313,0.956002,0.96073735,0.0095694149,0.0036531833,0.94643258,0.95708416,0.010651582,0.88555073,0.72535024,8.9014185,6.4566461,False,0.99070823,True,True,True,0.88555073,0.72535024,8.9014185,6.4566461,0.88345698,0.72105529,8.8000182,6.3452997,0.97801722,0.89115279,1.3397504,1.1939223,0.87176573,0.82949173,1.6728379,1.3876052,0.93468806,0.65822108,5.2564979,3.4599378,0.84625522,0.68336509,4.6956776,3.2088622,0.86282095,0.7583306,3.9026893,2.9595287,0.9000554,0.86676738,3.1194216,2.7038129
0b_baseline_last,file,19,baseline,8913,152.Blue_headed_Vireo/Blue_Headed_Vireo_0122_156017.jpg,152,151,152.Blue_headed_Vireo,155,154,rotation,rotation,0,"{""angle"":-7.907797}",0.044995252,0.34873354,0.30373829,0.956002,0.70558113,0.0095694149,0.069006436,0.94643258,0.63657469,-0.30985789,0.78615396,6.382742,8.9014185,56.815458,False,0.94000292,True,True,True,0.78615396,6.382742,8.9014185,56.815458,0.78321108,6.3953368,8.8000182,56.279081,0.92933655,5.8134275,1.3397504,7.7885421,0.76388334,6.0728034,1.6728379,10.158816,0.85918172,5.5451869,5.2564979,29.148263,0.77087478,6.9106408,4.6956776,32.450141,0.73349084,6.8857272,3.9026893,26.872854,0.74755587,6.7194127,3.1194216,20.960682
0b_baseline_last,file,19,baseline,8913,152.Blue_headed_Vireo/Blue_Headed_Vireo_0122_156017.jpg,152,151,152.Blue_headed_Vireo,155,154,random_resized_crop,random_resized_crop,0,"{""area_fraction"":0.578844,""aspect"":1.137573,""fallback"":false,""height"":0.713331,""left"":0.101572,""top"":0.190448,""width"":0.811466}",0.044995252,0.086820044,0.041824792,0.956002,0.91684204,0.0095694149,0.0046147835,0.94643258,0.91222726,-0.034205322,0.6622406,1.5198002,8.9014185,13.528377,False,0.9301796,True,True,True,0.6622406,1.5198002,8.9014185,13.528377,0.65592779,1.5083458,8.8000182,13.273471,0.89420198,1.9509628,1.3397504,2.6138033,0.70890212,1.6161984,1.6728379,2.7036379,0.8088651,1.3864429,5.2564979,7.2878341,0.54374537,1.4487736,4.6956776,6.8029739,0.57165016,1.5554757,3.9026893,6.0705384,0.64600506,1.8312211,3.1194216,5.7123508
0b_baseline_last,file,19,baseline,8913,152.Blue_headed_Vireo/Blue_Headed_Vireo_0122_156017.jpg,152,151,152.Blue_headed_Vireo,155,154,gaussian_blur,gaussian_blur,0,"{""sigma"":1.201647}",0.044995252,0.25574514,0.21074989,0.956002,0.77433932,0.0095694149,0.13776389,0.94643258,0.63657543,-0.30985715,0.65144276,6.4033931,8.9014185,56.999282,False,0.91379476,True,True,True,0.65144276,6.4033931,8.9014185,56.999282,0.64684075,6.4015338,8.8000182,56.333614,0.84754423,6.4831021,1.3397504,8.6857388,0.61947428,7.3463409,1.6728379,12.289237,0.68170747,5.4239554,5.2564979,28.51101,0.64133583,7.0640624,4.6956776,33.17056,0.62269427,6.7690827,3.9026893,26.417627,0.65857301,6.5021341,3.1194216,20.282898
0b_baseline_last,file,19,baseline,8913,152.Blue_headed_Vireo/Blue_Headed_Vireo_0122_156017.jpg,152,151,152.Blue_headed_Vireo,155,154,random_erasing,random_erasing,0,"{""area_fraction"":0.156871,""erased"":true,""height"":0.554,""left"":0.567159,""top"":0.131082,""width"":0.283161}",0.044995252,7.3678026,7.3228074,0.956002,0.00063125382,0.0095694149,4.3978627e-05,0.94643258,0.00058727519,-0.94584531,0.15739565,22.441905,8.9014185,199.76479,False,0.74365008,False,True,False,0.15739565,22.441905,8.9014185,199.76479,0.14414942,22.239449,8.8000182,195.70755,0.5892197,29.898478,1.3397504,40.056498,-0.075119348,17.88996,1.6728379,29.927003,-0.027530144,13.794047,5.2564979,72.508377,0.19062618,22.979387,4.6956776,107.90379,0.20378013,26.081425,3.9026893,101.7877,0.27045896,32.287835,3.1194216,100.71937
0b_baseline_last,file,19,baseline,3196,056.Pine_Grosbeak/Pine_Grosbeak_0104_38362.jpg,56,55,056.Pine_Grosbeak,35,34,identity,identity,0,{},0.0033263611,0.0033263611,0,0.99667919,0.99667919,0.0017114592,0.0017114592,0.99496773,0.99496773,0,1,1,0.51602879,0.51602879,False,1,True,True,True,1,1,0.51602879,0.51602879,1,1,0.5023279,0.5023279,1,1,0.11812025,0.11812025,1,1,0.08832154,0.08832154,1,1,0.18253383,0.18253383,1,1,0.26045917,0.26045917,1,1,0.25144264,0.25144264,1,1,0.28311066,0.28311066
0b_baseline_last,file,19,baseline,3196,056.Pine_Grosbeak/Pine_Grosbeak_0104_38362.jpg,56,55,056.Pine_Grosbeak,35,34,horizontal_flip,horizontal_flip,0,"{""flipped"":true}",0.0033263611,0.0021585755,-0.0011677856,0.99667919,0.99784374,0.0017114592,0.00089712278,0.99496773,0.99694662,0.001978892,0.70044778,0.69584665,0.51602879,0.3590769,False,0.97712243,True,True,True,0.70044778,0.69584665,0.51602879,0.3590769,0.68643646,0.69781198,0.5023279,0.35053042,0.96972504,0.65929279,0.11812025,0.077875829,0.61179515,0.57756807,0.08832154,0.051011702,0.60923552,0.73360352,0.18253383,0.13390746,0.68176909,0.70645526,0.26045917,0.18400275,0.64829942,0.68773666,0.25144264,0.17292632,0.76175114,0.69376389,0.28311066,0.19641195
0b_baseline_last,file,19,baseline,3196,056.Pine_Grosbeak/Pine_Grosbeak_0104_38362.jpg,56,55,056.Pine_Grosbeak,35,34,color_jitter,color_jitter,0,"{""brightness"":1.071948,""contrast"":0.827001,""hue"":-0.062523,""saturation"":1.223774}",0.0033263611,0.0090076514,0.0056812903,0.99667919,0.99103278,0.0017114592,0.0044051087,0.99496773,0.98662767,-0.0083400571,0.8432285,2.8385869,0.51602879,1.4647925,False,0.96952534,True,True,True,0.8432285,2.8385869,0.51602879,1.4647925,0.83705655,2.8487374,0.5023279,1.4310003,0.96543297,2.6483063,0.11812025,0.3128186,0.76191266,2.5430511,0.08832154,0.22460619,0.79137279,3.1761801,0.18253383,0.57976031,0.85333697,2.877607,0.26045917,0.74949914,0.831788,2.8580588,0.25144264,0.71863784,0.86023879,2.6969879,0.28311066,0.763546
0b_baseline_last,file,19,baseline,3196,056.Pine_Grosbeak/Pine_Grosbeak_0104_38362.jpg,56,55,056.Pine_Grosbeak,35,34,rotation,rotation,0,"{""angle"":-13.49033}",0.0033263611,0.093457706,0.090131345,0.99667919,0.91077656,0.0017114592,0.031539466,0.99496773,0.87923709,-0.11573064,0.74494868,28.934219,0.51602879,14.93089,False,0.96141273,True,True,True,0.74494868,28.934219,0.51602879,14.93089,0.73850444,29.236134,0.5023279,14.686126,0.91665752,22.793985,0.11812025,2.6924312,0.63168857,28.660794,0.08832154,2.5313654,0.7206947,32.753901,0.18253383,5.978695,0.76901136,30.907941,0.26045917,8.0502566,0.706517,28.806822,0.25144264,7.2432631,0.76346653,26.493338,0.28311066,7.5005464
0b_baseline_last,file,19,baseline,3196,056.Pine_Grosbeak/Pine_Grosbeak_0104_38362.jpg,56,55,056.Pine_Grosbeak,35,34,random_resized_crop,random_resized_crop,0,"{""area_fraction"":0.631126,""aspect"":0.832012,""fallback"":false,""height"":0.87095,""left"":0.24836,""top"":0.106034,""width"":0.724641}",0.0033263611,0.14795896,0.1446326,0.99667919,0.86246651,0.0017114592,0.058592327,0.99496773,0.80387419,-0.19109354,0.737111,41.312898,0.51602879,21.318645,False,0.94917715,True,True,True,0.737111,41.312898,0.51602879,21.318645,0.72953595,41.781911,0.5023279,20.98822,0.94536537,31.653201,0.11812025,3.7388841,0.72397914,51.089067,0.08832154,4.5122651,0.71533661,49.159754,0.18253383,8.9733181,0.77208007,40.81811,0.26045917,10.631451,0.68463704,40.768615,0.25144264,10.250968,0.7461687,38.93655,0.28311066,11.023352
0b_baseline_last,file,19,baseline,3196,056.Pine_Grosbeak/Pine_Grosbeak_0104_38362.jpg,56,55,056.Pine_Grosbeak,35,34,gaussian_blur,gaussian_blur,0,"{""sigma"":1.179343}",0.0033263611,0.18459274,0.18126638,0.99667919,0.83144283,0.0017114592,0.011178372,0.99496773,0.82026446,-0.17470327,0.5372766,62.855566,0.51602879,32.435281,False,0.93365806,True,True,True,0.5372766,62.855566,0.51602879,32.435281,0.52899534,63.867414,0.5023279,32.082383,0.82939331,40.396115,0.11812025,4.7715992,0.38901282,123.08134,0.08832154,10.870733,0.37682972,86.059125,0.18253383,15.708702,0.5148949,57.695567,0.26045917,15.027339,0.5729977,59.880061,0.25144264,15.0564,0.70056171,51.408449,0.28311066,14.55428
0b_baseline_last,file,19,baseline,3196,056.Pine_Grosbeak/Pine_Grosbeak_0104_38362.jpg,56,55,056.Pine_Grosbeak,35,34,random_erasing,random_erasing,0,"{""area_fraction"":0.150906,""erased"":true,""height"":0.586437,""left"":0.65002,""top"":0.132018,""width"":0.257326}",0.0033263611,0.078642175,0.075315814,0.99667919,0.92437065,0.0017114592,0.0092402827,0.99496773,0.91513036,-0.079837364,0.75220333,22.609211,0.51602879,11.667004,False,0.94471073,True,True,True,0.75220333,22.609211,0.51602879,11.667004,0.74810285,22.819976,0.5023279,11.463111,0.86112182,18.385091,0.11812025,2.1716515,0.66597317,19.768897,0.08832154,1.7460195,0.67124855,22.825635,0.18253383,4.1664505,0.78189102,23.585413,0.26045917,6.143037,0.72707951,23.398529,0.25144264,5.8833879,0.77726269,21.957556,0.28311066,6.216418
0b_baseline_last,file,19,baseline,8123,139.Scarlet_Tanager/Scarlet_Tanager_0040_137885.jpg,139,138,139.Scarlet_Tanager,42,41,identity,identity,0,{},0.011338795,0.011338795,0,0.98872524,0.98872524,0.0056078839,0.0056078839,0.98311736,0.98311736,0,1,1,1.8711238,1.8711238,False,0.99999994,True,True,True,1,1,1.8711238,1.8711238,1,1,1.8402252,1.8402252,1,1,0.33863753,0.33863753,1,1,0.54631043,0.54631043,1,1,0.81492362,0.81492362,1,1,0.90055908,0.90055908,1,1,0.96434632,0.96434632,1,1,0.82637935,0.82637935
0b_baseline_last,file,19,baseline,8123,139.Scarlet_Tanager/Scarlet_Tanager_0040_137885.jpg,139,138,139.Scarlet_Tanager,42,41,horizontal_flip,horizontal_flip,0,"{""flipped"":true}",0.011338795,0.040016197,0.028677402,0.98872524,0.96077389,0.0056078839,0.026454311,0.98311736,0.93431957,-0.048797787,0.69293742,4.0056164,1.8711238,7.4950042,False,0.976107,True,True,True,0.69293742,4.0056164,1.8711238,7.4950042,0.68507809,4.0211121,1.8402252,7.399752,0.96430257,3.5173774,0.33863753,1.191116,0.52426314,4.2783414,0.54631043,2.3373025,0.69047055,4.2636902,0.81492362,3.4745818,0.67401177,4.1098473,0.90055908,3.7011603,0.70490072,3.8706321,0.96434632,3.7326298,0.75046097,3.7473035,0.82637935,3.0966942
0b_baseline_last,file,19,baseline,8123,139.Scarlet_Tanager/Scarlet_Tanager_0040_137885.jpg,139,138,139.Scarlet_Tanager,42,41,color_jitter,color_jitter,0,"{""brightness"":0.629566,""contrast"":1.174097,""hue"":-0.092755,""saturation"":0.736296}",0.011338795,3.5210867,3.5097479,0.98872524,0.02956729,0.0056078839,0.035850037,0.98311736,-0.0062827468,-0.98940011,0.50974493,82.699828,1.8711238,154.74162,False,0.73332828,False,True,False,0.50974493,82.699828,1.8711238,154.74162,0.50603459,83.198181,1.8402252,153.10339,0.66002242,66.315903,0.33863753,22.457054,0.21212795,80.729655,0.54631043,44.103452,0.61106382,90.056759,0.81492362,73.38938,0.56040683,84.479844,0.90055908,76.079091,0.49445185,75.540765,0.96434632,72.847459,0.47479348,85.692993,0.82637935,70.81492
0b_baseline_last,file,19,baseline,8123,139.Scarlet_Tanager/Scarlet_Tanager_0040_137885.jpg,139,138,139.Scarlet_Tanager,42,41,rotation,rotation,0,"{""angle"":9.905669}",0.011338795,0.026587674,0.01524888,0.98872524,0.97376269,0.0056078839,0.012780144,0.98311736,0.96098255,-0.022134814,0.81790219,2.1052822,1.8711238,3.9392437,False,0.96981388,True,True,True,0.81790219,2.1052822,1.8711238,3.9392437,0.81295007,2.1067753,1.8402252,3.876941,0.96760398,2.0607052,0.33863753,0.69783211,0.80041368,1.7043267,0.54631043,0.93109143,0.8484785,2.1316201,0.81492362,1.7371076,0.79704759,2.1792171,0.90055908,1.9625137,0.80421684,2.1211665,0.96434632,2.0455391,0.82103132,2.134205,0.82637935,1.763663
0b_baseline_last,file,19,baseline,8123,139.Scarlet_Tanager/Scarlet_Tanager_0040_137885.jpg,139,138,139.Scarlet_Tanager,42,41,random_resized_crop,random_resized_crop,0,"{""area_fraction"":0.862382,""aspect"":1.008561,""fallback"":false,""height"":0.924696,""left"":0.014663,""top"":0.030529,""width"":0.932612}",0.011338795,0.017076718,0.0057379231,0.98872524,0.98306829,0.0056078839,0.0099194422,0.98311736,0.97314885,-0.009968516,0.84232941,1.4869266,1.8711238,2.7822238,False,0.98723531,True,True,True,0.84232941,1.4869266,1.8711238,2.7822238,0.83773531,1.4886535,1.8402252,2.7394577,0.9836185,1.4349948,0.33863753,0.48594308,0.86570018,1.4358363,0.54631043,0.78441236,0.82842674,1.5938333,0.81492362,1.2988524,0.82280258,1.4369912,0.90055908,1.2940955,0.82788388,1.4451518,0.96434632,1.3936269,0.86863589,1.5236808,0.82637935,1.2591384
0b_baseline_last,file,19,baseline,8123,139.Scarlet_Tanager/Scarlet_Tanager_0040_137885.jpg,139,138,139.Scarlet_Tanager,42,41,gaussian_blur,gaussian_blur,0,"{""sigma"":1.824038}",0.011338795,1.1797425,1.1684037,0.98872524,0.30735788,0.0056078839,0.10519359,0.98311736,0.20216429,-0.78095307,0.48996227,77.573567,1.8711238,145.14975,False,0.81015217,True,True,True,0.48996227,77.573567,1.8711238,145.14975,0.48541773,78.371164,1.8402252,144.22059,0.76382689,48.421214,0.33863753,16.39724,0.55546709,74.443464,0.54631043,40.66924,0.57149329,85.287939,0.81492362,69.503156,0.45765019,95.076706,0.90055908,85.622191,0.41605314,69.418514,0.96434632,66.943489,0.5314956,60.53289,0.82637935,50.02313
0b_baseline_last,file,19,baseline,8123,139.Scarlet_Tanager/Scarlet_Tanager_0040_137885.jpg,139,138,139.Scarlet_Tanager,42,41,random_erasing,random_erasing,0,"{""area_fraction"":0.12964,""erased"":true,""height"":0.220407,""left"":0.054078,""top"":0.128738,""width"":0.588183}",0.011338795,0.022532161,0.011193367,0.98872524,0.97771978,0.0056078839,0.012931361,0.98311736,0.96478842,-0.018328938,0.90216313,2.0254462,1.8711238,3.7898607,False,0.98398507,True,True,True,0.90216313,2.0254462,1.8711238,3.7898607,0.8995238,2.0263621,1.8402252,3.7289627,0.98128743,1.9982111,0.33863753,0.67666927,0.91684368,1.9869218,0.54631043,1.0854761,0.8992685,2.0776853,0.81492362,1.6931548,0.89262772,1.9782605,0.90055908,1.7815404,0.90838209,2.0706344,0.96434632,1.9968086,0.88893394,1.9880256,0.82637935,1.6428633
0b_baseline_last,file,19,baseline,7080,121.Grasshopper_Sparrow/Grasshopper_Sparrow_0026_115915.jpg,121,120,121.Grasshopper_Sparrow,127,126,identity,identity,0,{},0.0020450884,0.0020450884,0,0.99795699,0.99795699,0.0011364665,0.0011364665,0.99682052,0.99682052,0,1,1,0.35935373,0.35935373,False,0.99999994,True,True,True,1,1,0.35935373,0.35935373,1,1,0.34769966,0.34769966,1,1,0.090774742,0.090774742,1,1,0.040503199,0.040503199,1,1,0.11547586,0.11547586,1,1,0.16979653,0.16979653,1,1,0.17860156,0.17860156,1,1,0.21258055,0.21258055
0b_baseline_last,file,19,baseline,7080,121.Grasshopper_Sparrow/Grasshopper_Sparrow_0026_115915.jpg,121,120,121.Grasshopper_Sparrow,127,126,horizontal_flip,horizontal_flip,0,"{""flipped"":true}",0.0020450884,0.0055013685,0.0034562801,0.99795699,0.99451375,0.0011364665,0.0028393879,0.99682052,0.99167436,-0.0051461625,0.6537671,3.1459481,0.35935373,1.1305082,False,0.97501016,True,True,True,0.6537671,3.1459481,0.35935373,1.1305082,0.63588559,3.1720948,0.34769966,1.1029363,0.96502647,2.7337337,0.090774742,0.24815397,0.32468449,3.1212336,0.040503199,0.12641995,0.47753049,3.8272379,0.11547586,0.44195359,0.59516708,3.4630965,0.16979653,0.58802176,0.62231765,3.1787088,0.17860156,0.56772236,0.77213306,2.7311546,0.21258055,0.58059034
0b_baseline_last,file,19,baseline,7080,121.Grasshopper_Sparrow/Grasshopper_Sparrow_0026_115915.jpg,121,120,121.Grasshopper_Sparrow,127,126,color_jitter,color_jitter,0,"{""brightness"":0.604405,""contrast"":1.127468,""hue"":-0.052333,""saturation"":0.963408}",0.0020450884,0.085850887,0.083805799,0.99795699,0.91773105,0.0011364665,0.0093890456,0.99682052,0.908342,-0.088478524,0.55504425,41.015198,0.35935373,14.738964,False,0.93076718,True,True,True,0.55504425,41.015198,0.35935373,14.738964,0.54625539,41.791318,0.34769966,14.530827,0.80299056,27.190677,0.090774742,2.4682267,0.24187554,63.903489,0.040503199,2.5882958,0.26410438,57.504311,0.11547586,6.6403598,0.60130701,47.506362,0.16979653,8.0664154,0.60797295,39.789419,0.17860156,7.1064524,0.65850243,31.479724,0.21258055,6.6919769
0b_baseline_last,file,19,baseline,7080,121.Grasshopper_Sparrow/Grasshopper_Sparrow_0026_115915.jpg,121,120,121.Grasshopper_Sparrow,127,126,rotation,rotation,0,"{""angle"":13.100198}",0.0020450884,0.0020566282,1.1539785e-05,0.99795699,0.99794549,0.0011364665,0.00022253554,0.99682052,0.99772295,0.00090242727,0.66042364,1.0685927,0.35935373,0.38400279,False,0.97098517,True,True,True,0.66042364,1.0685927,0.35935373,0.38400279,0.64860461,1.0751608,0.34769966,0.37383306,0.85669382,0.96711309,0.090774742,0.087789441,0.33355414,1.3224369,0.040503199,0.053562927,0.50931364,1.1947633,0.11547586,0.13796633,0.68033602,1.2163458,0.16979653,0.2065313,0.63335735,1.0617447,0.17860156,0.18962926,0.71627728,0.9317564,0.21258055,0.19807329
0b_baseline_last,file,19,baseline,7080,121.Grasshopper_Sparrow/Grasshopper_Sparrow_0026_115915.jpg,121,120,121.Grasshopper_Sparrow,127,126,random_resized_crop,random_resized_crop,0,"{""area_fraction"":0.684349,""aspect"":1.073916,""fallback"":false,""height"":0.798277,""left"":0.094925,""top"":0.169036,""width"":0.857283}",0.0020450884,0.14273596,0.14069087,0.99795699,0.86698294,0.0011364665,0.0096706394,0.99682052,0.8573123,-0.13950823,0.55441411,80.884576,0.35935373,29.066174,False,0.93772066,True,True,True,0.55441411,80.884576,0.35935373,29.066174,0.54383063,82.257938,0.34769966,28.601057,0.81406596,57.053321,0.090774742,5.1790005,0.31247119,107.77168,0.040503199,4.3650979,0.26973844,89.432082,0.11547586,10.327247,0.56172234,96.644057,0.16979653,16.409825,0.56660224,86.111477,0.17860156,15.379644,0.65782944,64.241278,0.21258055,13.656446
0b_baseline_last,file,19,baseline,7080,121.Grasshopper_Sparrow/Grasshopper_Sparrow_0026_115915.jpg,121,120,121.Grasshopper_Sparrow,127,126,gaussian_blur,gaussian_blur,0,"{""sigma"":1.61131}",0.0020450884,0.022845641,0.020800552,0.99795699,0.97741336,0.0011364665,0.00028811785,0.99682052,0.97712524,-0.019695286,0.40892372,15.517509,0.35935373,5.5762748,False,0.89429832,True,True,True,0.40892372,15.517509,0.35935373,5.5762748,0.39789415,15.854916,0.34769966,5.512749,0.74484125,9.2460584,0.090774742,0.83930857,0.080477243,21.721588,0.040503199,0.87979378,0.15178388,21.702055,0.11547586,2.5060635,0.41953819,19.589937,0.16979653,3.3263033,0.4477069,15.175742,0.17860156,2.7104113,0.55576826,10.439907,0.21258055,2.2193212
0b_baseline_last,file,19,baseline,7080,121.Grasshopper_Sparrow/Grasshopper_Sparrow_0026_115915.jpg,121,120,121.Grasshopper_Sparrow,127,126,random_erasing,random_erasing,0,"{""area_fraction"":0.193429,""erased"":true,""height"":0.324947,""left"":0.223447,""top"":0.043686,""width"":0.595265}",0.0020450884,0.1214129,0.11936781,0.99795699,0.88566816,0.0011364665,0.023883287,0.99682052,0.86178487,-0.13503565,0.62585609,46.385037,0.35935373,16.668636,False,0.90822625,True,True,True,0.62585609,46.385037,0.35935373,16.668636,0.61170403,46.564177,0.34769966,16.190348,0.84844805,43.672375,0.090774742,3.9643486,0.58763647,52.652104,0.040503199,2.1325786,0.5064995,57.975557,0.11547586,6.6947774,0.64588026,47.791381,0.16979653,8.1148104,0.60954032,45.773942,0.17860156,8.1752976,0.64200067,42.094146,0.21258055,8.9483965
0b_baseline_last,file,19,baseline,3435,060.Glaucous_winged_Gull/Glaucous_Winged_Gull_0023_45090.jpg,60,59,060.Glaucous_winged_Gull,66,65,identity,identity,0,{},2.2669899,2.2669899,0,0.10362361,0.10362361,0.55849999,0.55849999,-0.45487638,-0.45487638,0,1,1,117.7393,117.7393,False,0.99999994,True,False,False,1,1,117.7393,117.7393,1,1,112.69971,112.69971,1,1,34.078104,34.078104,1,1,34.004581,34.004581,1,1,43.241318,43.241318,1,1,54.492199,54.492199,1,1,56.336777,56.336777,1,1,59.429533,59.429533
0b_baseline_last,file,19,baseline,3435,060.Glaucous_winged_Gull/Glaucous_Winged_Gull_0023_45090.jpg,60,59,060.Glaucous_winged_Gull,66,65,horizontal_flip,horizontal_flip,0,"{""flipped"":true}",2.2669899,3.8573313,1.5903413,0.10362361,0.0211243,0.55849999,0.17946351,-0.45487638,-0.15833921,0.29653717,0.51241133,1.0895216,117.7393,128.27951,False,0.97626662,False,False,False,0.51241133,1.0895216,117.7393,128.27951,0.48323905,1.0941849,112.69971,123.31432,0.84968648,1.0371521,34.078104,35.344177,0.49844371,0.8037279,34.004581,27.33043,0.31213796,1.1345041,43.241318,49.057454,0.47226788,1.0374244,54.492199,56.531539,0.49657132,1.1435189,56.336777,64.422169,0.57229398,1.1544118,59.429533,68.606154
0b_baseline_last,file,19,baseline,3435,060.Glaucous_winged_Gull/Glaucous_Winged_Gull_0023_45090.jpg,60,59,060.Glaucous_winged_Gull,66,65,color_jitter,color_jitter,0,"{""brightness"":1.209485,""contrast"":0.907526,""hue"":0.096314,""saturation"":1.274114}",2.2669899,1.8250772,-0.44191277,0.10362361,0.16120519,0.55849999,0.21674374,-0.45487638,-0.05553855,0.39933783,0.59466797,0.91110371,117.7393,107.27271,False,0.892205,False,False,False,0.59466797,0.91110371,117.7393,107.27271,0.57854429,0.92672969,112.69971,104.44217,0.84025815,0.71834831,34.078104,24.479949,0.55229512,0.69617265,34.004581,23.673059,0.45580549,0.91252459,43.241318,39.458766,0.56854609,0.97700998,54.492199,53.239422,0.59512111,0.94960602,56.336777,53.497742,0.64868007,0.93600866,59.429533,55.626558
0b_baseline_last,file,19,baseline,3435,060.Glaucous_winged_Gull/Glaucous_Winged_Gull_0023_45090.jpg,60,59,060.Glaucous_winged_Gull,66,65,rotation,rotation,0,"{""angle"":-1.420816}",2.2669899,2.770699,0.50370908,0.10362361,0.062618211,0.55849999,0.49585295,-0.45487638,-0.43323474,0.021641642,0.89154404,1.0336494,117.7393,121.70115,False,0.98882663,True,False,False,0.89154404,1.0336494,117.7393,121.70115,0.88367878,1.0389703,112.69971,117.09165,0.98508202,0.97355862,34.078104,33.177032,0.93188096,0.95125033,34.004581,32.346869,0.81077622,1.0471685,43.241318,45.280945,0.86451865,1.0473161,54.492199,57.070558,0.89769304,1.0473422,56.336777,59.003884,0.9125616,1.0474863,59.429533,62.251623
0b_baseline_last,file,19,baseline,3435,060.Glaucous_winged_Gull/Glaucous_Winged_Gull_0023_45090.jpg,60,59,060.Glaucous_winged_Gull,66,65,random_resized_crop,random_resized_crop,0,"{""area_fraction"":0.734508,""aspect"":1.305352,""fallback"":false,""height"":0.750126,""left"":0.018927,""top"":0.100809,""width"":0.979179}",2.2669899,4.855073,2.588083,0.10362361,0.0077887662,0.55849999,0.0098883007,-0.45487638,-0.0020995345,0.45277684,0.42593858,1.2931927,117.7393,152.2596,False,0.90893579,False,False,False,0.42593858,1.2931927,117.7393,152.2596,0.40188544,1.3065227,112.69971,147.24473,0.7319646,1.13725,34.078104,38.755323,0.43516749,1.0865799,34.004581,36.948694,0.21735866,1.3235174,43.241318,57.230637,0.36763436,1.3070994,54.492199,71.226719,0.42948745,1.303734,56.336777,73.448174,0.49405117,1.364161,59.429533,81.071451
0b_baseline_last,file,19,baseline,3435,060.Glaucous_winged_Gull/Glaucous_Winged_Gull_0023_45090.jpg,60,59,060.Glaucous_winged_Gull,66,65,gaussian_blur,gaussian_blur,0,"{""sigma"":1.024836}",2.2669899,2.6567383,0.38974833,0.10362361,0.070176736,0.55849999,0.40809721,-0.45487638,-0.33792047,0.11695591,0.81563591,1.0849338,117.7393,127.73934,False,0.98182482,True,False,False,0.81563591,1.0849338,117.7393,127.73934,0.80435971,1.096099,112.69971,123.53004,0.96453847,0.95433175,34.078104,32.521817,0.84534629,1.0821019,34.004581,36.796422,0.71211486,0.98839798,43.241318,42.739631,0.79980535,1.1512441,54.492199,62.73382,0.81290661,1.1492724,56.336777,64.746301,0.83652025,1.0577262,59.429533,62.860172
0b_baseline_last,file,19,baseline,3435,060.Glaucous_winged_Gull/Glaucous_Winged_Gull_0023_45090.jpg,60,59,060.Glaucous_winged_Gull,66,65,random_erasing,random_erasing,0,"{""area_fraction"":0.080853,""erased"":true,""height"":0.18517,""left"":0.104815,""top"":0.173144,""width"":0.436643}",2.2669899,2.2591491,-0.0078408718,0.10362361,0.10443932,0.55849999,0.71891522,-0.45487638,-0.61447591,-0.15959953,0.82160673,1.0893782,117.7393,128.26262,False,0.98115849,True,False,False,0.82160673,1.0893782,117.7393,128.26262,0.80997889,1.0960441,112.69971,123.52385,0.96143732,1.0136166,34.078104,34.542132,0.8701203,0.90825662,34.004581,30.884886,0.79918581,1.159042,43.241318,50.118503,0.81267701,1.1166529,54.492199,60.848872,0.76726567,1.0711724,56.336777,60.346399,0.83934384,1.1222415,59.429533,66.694289
0b_baseline_last,file,19,baseline,6277,108.White_necked_Raven/White_Necked_Raven_0018_102746.jpg,108,107,108.White_necked_Raven,107,106,identity,identity,0,{},2.0195,2.0195,0,0.13272183,0.13272183,0.83081496,0.83081496,-0.69809313,-0.69809313,0,1,1,174.50473,174.50473,False,1,True,False,False,1,1,174.50473,174.50473,1,1,171.09576,171.09576,1,1,34.324053,34.324053,1,1,34.731557,34.731557,1,1,85.375609,85.375609,1,1,91.855633,91.855633,1,1,81.627872,81.627872,1,1,75.351951,75.351951
0b_baseline_last,file,19,baseline,6277,108.White_necked_Raven/White_Necked_Raven_0018_102746.jpg,108,107,108.White_necked_Raven,107,106,horizontal_flip,horizontal_flip,0,"{""flipped"":true}",2.0195,2.0617192,0.042219162,0.13272183,0.12723504,0.83081496,0.82370269,-0.69809313,-0.69646765,0.0016254783,0.72611851,1.0594642,174.50473,184.88151,False,0.97389781,True,False,False,0.72611851,1.0594642,174.50473,184.88151,0.71656288,1.0610513,171.09576,181.54137,0.97385723,1.0192368,34.324053,34.984336,0.65466499,1.0300876,34.731557,35.776548,0.70510279,1.010907,85.375609,86.306803,0.72645243,1.1416146,91.855633,104.86373,0.67671374,1.0564239,81.627872,86.233631,0.78222068,1.0103277,75.351951,76.130163
0b_baseline_last,file,19,baseline,6277,108.White_necked_Raven/White_Necked_Raven_0018_102746.jpg,108,107,108.White_necked_Raven,107,106,color_jitter,color_jitter,0,"{""brightness"":1.364056,""contrast"":0.633664,""hue"":0.091883,""saturation"":1.217216}",2.0195,4.3947973,2.3752973,0.13272183,0.012341378,0.83081496,0.80141479,-0.69809313,-0.78907341,-0.090980278,0.65696982,0.92741952,174.50473,161.83909,False,0.84984052,True,False,False,0.65696982,0.92741952,174.50473,161.83909,0.64892204,0.92513313,171.09576,158.28636,0.8463976,0.98252327,34.324053,33.724181,0.2161817,1.3358395,34.731557,46.395785,0.63045503,0.80617245,85.375609,68.827465,0.75235083,0.93380017,91.855633,85.774806,0.65362944,0.90366215,81.627872,73.764019,0.66265937,0.97217479,75.351951,73.255267
0b_baseline_last,file,19,baseline,6277,108.White_necked_Raven/White_Necked_Raven_0018_102746.jpg,108,107,108.White_necked_Raven,107,106,rotation,rotation,0,"{""angle"":6.577819}",2.0195,1.6080208,-0.41147923,0.13272183,0.20028363,0.83081496,0.70289141,-0.69809313,-0.50260778,0.19548535,0.83792584,0.8657163,174.50473,151.07159,False,0.95445567,True,False,False,0.83792584,0.8657163,174.50473,151.07159,0.83335142,0.86623744,171.09576,148.20955,0.95349807,0.85266485,34.324053,29.266914,0.73687007,0.83014854,34.731557,28.832352,0.86451157,0.93002428,85.375609,79.40139,0.84666391,0.84617687,91.855633,77.726112,0.79842446,0.84854342,81.627872,69.264794,0.83494467,0.83841431,75.351951,63.176154
0b_baseline_last,file,19,baseline,6277,108.White_necked_Raven/White_Necked_Raven_0018_102746.jpg,108,107,108.White_necked_Raven,107,106,random_resized_crop,random_resized_crop,0,"{""area_fraction"":0.662302,""aspect"":1.150532,""fallback"":false,""height"":0.758715,""left"":0.055193,""top"":0.032608,""width"":0.872926}",2.0195,2.2966938,0.27719378,0.13272183,0.10059088,0.83081496,0.61740541,-0.69809313,-0.51681454,0.18127859,0.70899032,0.64412278,174.50473,112.40247,False,0.89709115,True,False,False,0.70899032,0.64412278,174.50473,112.40247,0.70107356,0.63780574,171.09576,109.12586,0.88342737,0.78492577,34.324053,26.941834,0.69739348,0.59972846,34.731557,20.829503,0.80714464,0.6253436,85.375609,53.389091,0.6819483,0.60421011,91.855633,55.500102,0.62227297,0.63267153,81.627872,51.643631,0.6943611,0.71181175,75.351951,53.636404
0b_baseline_last,file,19,baseline,6277,108.White_necked_Raven/White_Necked_Raven_0018_102746.jpg,108,107,108.White_necked_Raven,107,106,gaussian_blur,gaussian_blur,0,"{""sigma"":1.035659}",2.0195,0.25378045,-1.7657196,0.13272183,0.7758621,0.83081496,0.15452816,-0.69809313,0.62133394,1.3194271,0.65456307,0.23621963,174.50473,41.221442,False,0.90593106,False,False,True,0.65456307,0.23621963,174.50473,41.221442,0.64558818,0.23676671,171.09576,40.50978,0.89346472,0.22219396,34.324053,7.6265972,0.35480085,0.22472847,34.731557,7.8051698,0.62273416,0.26974151,85.375609,23.029346,0.66489677,0.23823804,91.855633,21.883506,0.67569846,0.21486822,81.627872,17.539236,0.69533833,0.21532599,75.351951,16.225233
0b_baseline_last,file,19,baseline,6277,108.White_necked_Raven/White_Necked_Raven_0018_102746.jpg,108,107,108.White_necked_Raven,107,106,random_erasing,random_erasing,0,"{""area_fraction"":0.156375,""erased"":true,""height"":0.608423,""left"":0.037853,""top"":0.320143,""width"":0.257016}",2.0195,2.2299683,0.21046829,0.13272183,0.10753184,0.83081496,0.86437768,-0.69809313,-0.75684584,-0.058752708,0.93343462,0.97848566,174.50473,170.75037,False,0.98143256,True,False,False,0.93343462,0.97848566,174.50473,170.75037,0.93146655,0.97747884,171.09576,167.24248,0.98138503,1.0031782,34.324053,34.433143,0.91827476,0.89825727,34.731557,31.197874,0.94134807,0.95404243,85.375609,81.451954,0.94425212,1.0018684,91.855633,92.027252,0.9213567,0.97271088,81.627872,79.400319,0.91577082,0.99212974,75.351951,74.758911
0b_baseline_last,file,19,baseline,6248,107.Common_Raven/Common_Raven_0068_101216.jpg,107,106,107.Common_Raven,108,107,identity,identity,0,{},0.065429226,0.065429226,0,0.93666536,0.93666536,0.020956816,0.020956816,0.91570854,0.91570854,0,1,1,11.034616,11.034616,False,0.99999994,True,True,True,1,1,11.034616,11.034616,1,1,10.823202,10.823202,1,1,2.149663,2.149663,1,1,3.0700204,3.0700204,1,1,5.1348473,5.1348473,1,1,5.3302504,5.3302504,1,1,5.1313795,5.1313795,1,1,5.1582364,5.1582364
0b_baseline_last,file,19,baseline,6248,107.Common_Raven/Common_Raven_0068_101216.jpg,107,106,107.Common_Raven,108,107,horizontal_flip,horizontal_flip,0,"{""flipped"":true}",0.065429226,0.14965786,0.084228635,0.93666536,0.8610025,0.020956816,0.1160467,0.91570854,0.7449558,-0.17075274,0.47456102,2.3585431,11.034616,26.025618,False,0.9601835,True,True,True,0.47456102,2.3585431,11.034616,26.025618,0.45797032,2.3530477,10.823202,25.467512,0.87215901,2.4938064,2.149663,5.3608434,0.16412699,2.2798673,3.0700204,6.9992391,0.37982822,2.1440101,5.1348473,11.009165,0.39947438,2.3838455,5.3302504,12.706493,0.49137076,2.4703769,5.1313795,12.676442,0.65475348,2.4233551,5.1582364,12.500239
0b_baseline_last,file,19,baseline,6248,107.Common_Raven/Common_Raven_0068_101216.jpg,107,106,107.Common_Raven,108,107,color_jitter,color_jitter,0,"{""brightness"":1.075442,""contrast"":1.367551,""hue"":-0.008253,""saturation"":1.028825}",0.065429226,0.4087719,0.34334268,0.93666536,0.66446579,0.020956816,0.011672708,0.91570854,0.65279308,-0.26291546,0.67169963,6.0233823,11.034616,66.465713,False,0.94038332,True,True,True,0.67169963,6.0233823,11.034616,66.465713,0.66635429,6.0589601,10.823202,65.577351,0.845747,5.0382807,2.149663,10.830606,0.73771042,5.4903725,3.0700204,16.855556,0.72447092,5.1283718,5.1348473,26.333406,0.59347164,6.5649571,5.3302504,34.992865,0.6430553,6.6773484,5.1313795,34.264009,0.72091515,5.8939592,5.1582364,30.402435
0b_baseline_last,file,19,baseline,6248,107.Common_Raven/Common_Raven_0068_101216.jpg,107,106,107.Common_Raven,108,107,rotation,rotation,0,"{""angle"":-9.081087}",0.065429226,0.21414956,0.14872034,0.93666536,0.80722767,0.020956816,0.017414963,0.91570854,0.78981271,-0.12589583,0.71221405,3.314324,11.034616,36.572294,False,0.93109214,True,True,True,0.71221405,3.314324,11.034616,36.572294,0.70623693,3.3247433,10.823202,35.98437,0.88080864,3.0382877,2.149663,6.5312947,0.72828992,3.5212336,3.0700204,10.810259,0.7509922,3.2935449,5.1348473,16.91185,0.65755014,3.5144843,5.3302504,18.733081,0.67019511,3.2890256,5.1313795,16.877238,0.75052238,3.1032464,5.1582364,16.007279
0b_baseline_last,file,19,baseline,6248,107.Common_Raven/Common_Raven_0068_101216.jpg,107,106,107.Common_Raven,108,107,random_resized_crop,random_resized_crop,0,"{""area_fraction"":0.848475,""aspect"":0.942411,""fallback"":false,""height"":0.948854,""left"":0.069578,""top"":0.030314,""width"":0.894211}",0.065429226,0.13141842,0.065989196,0.93666536,0.87685078,0.020956816,0.078316756,0.91570854,0.79853403,-0.11717451,0.75883887,2.210494,11.034616,24.391953,False,0.97199893,True,True,True,0.75883887,2.210494,11.034616,24.391953,0.75269049,2.2096982,10.823202,23.916011,0.91327158,2.2305722,2.149663,4.7949785,0.80080429,2.9244058,3.0700204,8.9779855,0.77750219,2.1225085,5.1348473,10.898757,0.70967867,2.1836546,5.3302504,11.639426,0.71570437,2.143167,5.1313795,10.997403,0.80635751,2.0895102,5.1582364,10.778188
0b_baseline_last,file,19,baseline,6248,107.Common_Raven/Common_Raven_0068_101216.jpg,107,106,107.Common_Raven,108,107,gaussian_blur,gaussian_blur,0,"{""sigma"":1.214737}",0.065429226,0.33463958,0.26921035,0.93666536,0.71559596,0.020956816,0.11668803,0.91570854,0.59890793,-0.31680061,0.60928229,5.425302,11.034616,59.866127,False,0.85644341,True,True,True,0.60928229,5.425302,11.034616,59.866127,0.60318555,5.4584471,10.823202,59.077878,0.8074885,4.5043559,2.149663,9.6828471,0.6951339,6.5380557,3.0700204,20.071964,0.68115441,5.7113036,5.1348473,29.326672,0.55803547,5.8538861,5.3302504,31.202679,0.49216356,5.1150759,5.1313795,26.247396,0.66223336,4.606991,5.1582364,23.763949
0b_baseline_last,file,19,baseline,6248,107.Common_Raven/Common_Raven_0068_101216.jpg,107,106,107.Common_Raven,108,107,random_erasing,random_erasing,0,"{""area_fraction"":0.088215,""erased"":true,""height"":0.385923,""left"":0.664605,""top"":0.19345,""width"":0.228581}",0.065429226,0.036899477,-0.028529748,0.93666536,0.96377301,0.020956816,0.0063299029,0.91570854,0.95744311,0.041734569,0.8458143,0.57847688,11.034616,6.3832705,False,0.95825529,True,True,True,0.8458143,0.57847688,11.034616,6.3832705,0.84302319,0.58089426,10.823202,6.2871361,0.93210742,0.51340982,2.149663,1.1036581,0.91161424,0.59099628,3.0700204,1.8143706,0.88372652,0.58681483,5.1348473,3.0132045,0.82735486,0.57114778,5.3302504,3.0443607,0.80742967,0.57529343,5.1313795,2.9520489,0.82934387,0.58718972,5.1582364,3.0288634
0b_baseline_last,file,19,baseline,1241,023.Brandt_Cormorant/Brandt_Cormorant_0067_23352.jpg,23,22,023.Brandt_Cormorant,100,99,identity,identity,0,{},1.4438378,1.4438378,0,0.23602022,0.23602022,0.13294427,0.13294427,0.10307595,0.10307595,0,1,1,113.75561,113.75561,False,1,True,True,True,1,1,113.75561,113.75561,1,1,111.69226,111.69226,1,1,21.567944,21.567944,1,1,31.113234,31.113234,1,1,45.196212,45.196212,1,1,58.151329,58.151329,1,1,53.880609,53.880609,1,1,56.389128,56.389128
0b_baseline_last,file,19,baseline,1241,023.Brandt_Cormorant/Brandt_Cormorant_0067_23352.jpg,23,22,023.Brandt_Cormorant,100,99,horizontal_flip,horizontal_flip,0,"{""flipped"":true}",1.4438378,2.9192548,1.475417,0.23602022,0.053973898,0.13294427,0.042467203,0.10307595,0.011506695,-0.091569256,0.59855827,0.97300233,113.75561,110.68447,False,0.95658493,False,True,False,0.59855827,0.97300233,113.75561,110.68447,0.58274027,0.95767266,111.69226,106.96463,0.93592107,1.3192649,21.567944,28.453831,0.56300081,0.90690702,31.113234,28.216811,0.47184704,0.91963137,45.196212,41.563854,0.54507,0.89667497,58.151329,52.142841,0.5661997,0.95387528,53.880609,51.395381,0.70192716,1.0577099,56.389128,59.643339
0b_baseline_last,file,19,baseline,1241,023.Brandt_Cormorant/Brandt_Cormorant_0067_23352.jpg,23,22,023.Brandt_Cormorant,100,99,color_jitter,color_jitter,0,"{""brightness"":1.197676,""contrast"":0.995009,""hue"":0.087631,""saturation"":0.707859}",1.4438378,2.7599409,1.3161031,0.23602022,0.063295513,0.13294427,0.006611092,0.10307595,0.056684421,-0.04639153,0.64038429,1.5207274,113.75561,172.99127,False,0.88493299,False,True,False,0.64038429,1.5207274,113.75561,172.99127,0.63547297,1.5279464,111.69226,170.65979,0.80091606,1.3123996,21.567944,28.30576,0.68664483,1.3171969,31.113234,40.982256,0.61076911,1.6914819,45.196212,76.448576,0.66806876,1.6075474,58.151329,93.481019,0.65120087,1.5508706,53.880609,83.56185,0.5928881,1.3598051,56.389128,76.678221
0b_baseline_last,file,19,baseline,1241,023.Brandt_Cormorant/Brandt_Cormorant_0067_23352.jpg,23,22,023.Brandt_Cormorant,100,99,rotation,rotation,0,"{""angle"":-14.953602}",1.4438378,1.9107574,0.46691966,0.23602022,0.14796828,0.13294427,0.077319719,0.10307595,0.070648558,-0.032427393,0.74343191,1.0795057,113.75561,122.79983,False,0.96253228,True,True,True,0.74343191,1.0795057,113.75561,122.79983,0.73465517,1.0738529,111.69226,119.94107,0.95629357,1.221382,21.567944,26.342698,0.73303089,1.1132034,31.113234,34.635359,0.65158435,1.030951,45.196212,46.595081,0.74572974,1.081639,58.151329,62.898743,0.73146633,1.0653273,53.880609,57.400486,0.77749421,1.0880132,56.389128,61.352114
0b_baseline_last,file,19,baseline,1241,023.Brandt_Cormorant/Brandt_Cormorant_0067_23352.jpg,23,22,023.Brandt_Cormorant,100,99,random_resized_crop,random_resized_crop,0,"{""area_fraction"":0.719227,""aspect"":1.128381,""fallback"":false,""height"":0.798371,""left"":0.042244,""top"":0.018742,""width"":0.900867}",1.4438378,2.0509706,0.60713279,0.23602022,0.12861001,0.13294427,0.10216918,0.10307595,0.026440836,-0.076635115,0.7611266,1.2480722,113.75561,141.97521,False,0.96997607,True,True,True,0.7611266,1.2480722,113.75561,141.97521,0.75306331,1.2439293,111.69226,138.93728,0.96237462,1.3544571,21.567944,29.212855,0.62048701,1.1965683,31.113234,37.22911,0.67564457,1.2745375,45.196212,57.604266,0.77553256,1.2675488,58.151329,73.709648,0.76733375,1.268025,53.880609,68.321958,0.808976,1.1894036,56.389128,67.069429
0b_baseline_last,file,19,baseline,1241,023.Brandt_Cormorant/Brandt_Cormorant_0067_23352.jpg,23,22,023.Brandt_Cormorant,100,99,gaussian_blur,gaussian_blur,0,"{""sigma"":1.064854}",1.4438378,2.4988699,1.0550321,0.23602022,0.082177818,0.13294427,0.041460864,0.10307595,0.040716954,-0.062358998,0.7343546,1.288615,113.75561,146.58718,False,0.93622619,True,True,True,0.7343546,1.288615,113.75561,146.58718,0.72751191,1.2894194,111.69226,144.01817,0.92124217,1.266852,21.567944,27.323392,0.66572434,1.149356,31.113234,35.760182,0.68743107,1.4322564,45.196212,64.732564,0.72840136,1.3448327,58.151329,78.20381,0.72296134,1.2709299,53.880609,68.478479,0.78822364,1.1852573,56.389128,66.835624
0b_baseline_last,file,19,baseline,1241,023.Brandt_Cormorant/Brandt_Cormorant_0067_23352.jpg,23,22,023.Brandt_Cormorant,100,99,random_erasing,random_erasing,0,"{""area_fraction"":0.075698,""erased"":true,""height"":0.187915,""left"":0.218045,""top"":0.62308,""width"":0.402832}",1.4438378,1.9939425,0.55010474,0.23602022,0.13615756,0.13294427,0.11440757,0.10307595,0.021749988,-0.081325963,0.87030113,1.0754112,113.75561,122.33405,False,0.98662466,True,True,True,0.87030113,1.0754112,113.75561,122.33405,0.86611271,1.0754715,111.69226,120.12184,0.98280344,1.0737931,21.567944,23.159508,0.858898,0.86596256,31.113234,26.942896,0.84513792,0.99475664,45.196212,44.959232,0.87174617,1.0778598,58.151329,62.678977,0.86273551,1.1362776,53.880609,61.223329,0.88541481,1.1222997,56.389128,63.2855
0b_baseline_last,file,19,baseline,11303,192.Downy_Woodpecker/Downy_Woodpecker_0123_184692.jpg,192,191,192.Downy_Woodpecker,114,113,identity,identity,0,{},1.609448,1.609448,0,0.19999799,0.19999799,0.09765543,0.09765543,0.10234256,0.10234256,0,1,1,151.90724,151.90724,False,1,True,True,True,1,1,151.90724,151.90724,1,1,150.54412,150.54412,1,1,20.304657,20.304657,1,1,40.968766,40.968766,1,1,56.898455,56.898455,1,1,86.592756,86.592756,1,1,80.330426,80.330426,1,1,61.614723,61.614723
0b_baseline_last,file,19,baseline,11303,192.Downy_Woodpecker/Downy_Woodpecker_0123_184692.jpg,192,191,192.Downy_Woodpecker,114,113,horizontal_flip,horizontal_flip,0,"{""flipped"":true}",1.609448,0.67246574,-0.93698221,0.19999799,0.5104484,0.09765543,0.031494927,0.10234256,0.47895347,0.37661091,0.71565083,0.6712296,151.90724,101.96464,False,0.94144166,True,True,True,0.71565083,0.6712296,151.90724,101.96464,0.71213782,0.67225362,150.54412,101.20383,0.93074364,0.61230903,20.304657,12.432725,0.71694839,0.50033101,40.968766,20.497944,0.58413927,0.6511492,56.898455,37.049384,0.74739866,0.66372407,86.592756,57.473697,0.73204109,0.71850399,80.330426,57.717732,0.72486189,0.69140647,61.614723,42.600818
0b_baseline_last,file,19,baseline,11303,192.Downy_Woodpecker/Downy_Woodpecker_0123_184692.jpg,192,191,192.Downy_Woodpecker,114,113,color_jitter,color_jitter,0,"{""brightness"":0.70472,""contrast"":1.075048,""hue"":-0.034083,""saturation"":0.741194}",1.609448,0.41376221,-1.1956857,0.19999799,0.66115814,0.09765543,0.018750917,0.10234256,0.64240723,0.54006467,0.7931558,0.37524149,151.90724,57.001899,False,0.93597758,True,True,True,0.7931558,0.37524149,151.90724,57.001899,0.79092899,0.37312198,150.54412,56.171319,0.91249774,0.4774929,20.304657,9.6953296,0.71190839,0.36922484,40.968766,15.126686,0.66701143,0.34514367,56.898455,19.638142,0.81590013,0.35718905,86.592756,30.929984,0.82986373,0.37422832,80.330426,30.06192,0.81669814,0.42333596,61.614723,26.083728
0b_baseline_last,file,19,baseline,11303,192.Downy_Woodpecker/Downy_Woodpecker_0123_184692.jpg,192,191,192.Downy_Woodpecker,114,113,rotation,rotation,0,"{""angle"":-12.812744}",1.609448,1.8977846,0.28833663,0.19999799,0.14990035,0.09765543,0.1208963,0.10234256,0.029004045,-0.073338516,0.77957444,1.0301277,151.90724,156.48386,False,0.95615077,True,True,True,0.77957444,1.0301277,151.90724,156.48386,0.77613887,1.0277189,150.54412,154.71703,0.95284388,1.1548391,20.304657,23.448612,0.74589835,0.83797097,40.968766,34.330637,0.68962164,1.0341335,56.898455,58.8406,0.79732894,1.0082045,86.592756,87.303207,0.79271977,1.0648664,80.330426,85.541171,0.79779877,1.0713459,61.614723,66.010678
0b_baseline_last,file,19,baseline,11303,192.Downy_Woodpecker/Downy_Woodpecker_0123_184692.jpg,192,191,192.Downy_Woodpecker,114,113,random_resized_crop,random_resized_crop,0,"{""area_fraction"":0.511835,""aspect"":1.146694,""fallback"":false,""height"":0.6681,""left"":0.084636,""top"":0.296778,""width"":0.766106}",1.609448,6.8956757,5.2862277,0.19999799,0.0010121529,0.09765543,0.0062219515,0.10234256,-0.0052097986,-0.10755236,0.67200928,1.2193969,151.90724,185.23523,False,0.83252203,False,True,False,0.67200928,1.2193969,151.90724,185.23523,0.66945052,1.2153028,150.54412,182.95669,0.80030589,1.4264923,20.304657,28.964438,0.75783355,1.2876101,40.968766,52.751799,0.6402348,1.4561097,56.898455,82.850395,0.73555008,1.1521665,86.592756,99.769272,0.66231083,1.1423928,80.330426,91.7689,0.55962363,1.1982419,61.614723,73.829341
0b_baseline_last,file,19,baseline,11303,192.Downy_Woodpecker/Downy_Woodpecker_0123_184692.jpg,192,191,192.Downy_Woodpecker,114,113,gaussian_blur,gaussian_blur,0,"{""sigma"":1.4023}",1.609448,3.1535337,1.5440857,0.19999799,0.042700972,0.09765543,0.027789529,0.10234256,0.014911443,-0.087431118,0.73076315,1.1646532,151.90724,176.91926,False,0.88212812,False,True,False,0.73076315,1.1646532,151.90724,176.91926,0.72814234,1.1627261,150.54412,175.04157,0.86567146,1.2660873,20.304657,25.707469,0.75391357,1.2650173,40.968766,51.8262,0.62858358,1.3217972,56.898455,75.208218,0.76569501,1.1872137,86.592756,102.80411,0.74897435,1.0772906,80.330426,86.539213,0.71639038,1.0567638,61.614723,65.11221
0b_baseline_last,file,19,baseline,11303,192.Downy_Woodpecker/Downy_Woodpecker_0123_184692.jpg,192,191,192.Downy_Woodpecker,114,113,random_erasing,random_erasing,0,"{""area_fraction"":0.171181,""erased"":true,""height"":0.498742,""left"":0.412884,""top"":0.228586,""width"":0.343227}",1.609448,0.36204299,-1.247405,0.19999799,0.69625241,0.09765543,0.01074316,0.10234256,0.68550925,0.58316668,0.74496835,0.34780129,151.90724,52.833535,False,0.84997272,True,True,True,0.74496835,0.34780129,151.90724,52.833535,0.74318432,0.34727484,150.54412,52.280184,0.83788925,0.37560753,20.304657,7.6265821,0.67508212,0.2808803,40.968766,11.50732,0.60411678,0.31638108,56.898455,18.001595,0.79055781,0.34770615,86.592756,30.108834,0.7721029,0.35893852,80.330426,28.833684,0.74300495,0.37673573,61.614723,23.212467
0b_baseline_last,file,19,baseline,6956,119.Field_Sparrow/Field_Sparrow_0013_113599.jpg,119,118,119.Field_Sparrow,130,129,identity,identity,0,{},0.0017478679,0.0017478679,0,0.99825364,0.99825364,0.00047909774,0.00047909774,0.99777455,0.99777455,0,1,1,0.24402107,0.24402107,False,0.99999994,True,True,True,1,1,0.24402107,0.24402107,1,1,0.23559014,0.23559014,1,1,0.063589045,0.063589045,1,1,0.046206532,0.046206532,1,1,0.1106578,0.1106578,1,1,0.10928487,0.10928487,1,1,0.10738303,0.10738303,1,1,0.13284663,0.13284663
0b_baseline_last,file,19,baseline,6956,119.Field_Sparrow/Field_Sparrow_0013_113599.jpg,119,118,119.Field_Sparrow,130,129,horizontal_flip,horizontal_flip,0,"{""flipped"":true}",0.0017478679,0.0019946457,0.00024677778,0.99825364,0.99800736,0.00047909774,0.00082897133,0.99777455,0.99717839,-0.00059615998,0.71793447,1.2682234,0.24402107,0.30947324,False,0.97384417,True,True,True,0.71793447,1.2682234,0.24402107,0.30947324,0.70162058,1.2744596,0.23559014,0.30025012,0.96195786,1.1792963,0.063589045,0.074990329,0.79758971,1.666523,0.046206532,0.077004249,0.78760334,1.3651898,0.1106578,0.15106889,0.59447441,1.2636643,0.10928487,0.13809939,0.6111901,1.2650057,0.10738303,0.13584014,0.76672227,1.1631032,0.13284663,0.15451434
0b_baseline_last,file,19,baseline,6956,119.Field_Sparrow/Field_Sparrow_0013_113599.jpg,119,118,119.Field_Sparrow,130,129,color_jitter,color_jitter,0,"{""brightness"":0.804185,""contrast"":1.117062,""hue"":0.059129,""saturation"":1.092743}",0.0017478679,0.15864582,0.15689796,0.99825364,0.85329854,0.00047909774,0.00058396225,0.99777455,0.85271458,-0.14505996,0.41714614,123.35387,0.24402107,30.100943,False,0.88073516,True,True,True,0.41714614,123.35387,0.24402107,30.100943,0.4024015,126.04767,0.23559014,29.695589,0.79488532,77.423534,0.063589045,4.9232886,0.099516504,128.58013,0.046206532,5.9412419,0.29665269,149.43511,0.1106578,16.53616,0.42049248,152.01634,0.10928487,16.613086,0.41578729,119.52467,0.10738303,12.834921,0.59447102,86.600427,0.13284663,11.504575
0b_baseline_last,file,19,baseline,6956,119.Field_Sparrow/Field_Sparrow_0013_113599.jpg,119,118,119.Field_Sparrow,130,129,rotation,rotation,0,"{""angle"":4.61046}",0.0017478679,0.0016356435,-0.00011222437,0.99825364,0.9983657,0.00047909774,0.00064692425,0.99777455,0.99771878,-5.5769779e-05,0.82790755,1.0092625,0.24402107,0.24628131,False,0.9876098,True,True,True,0.82790755,1.0092625,0.24402107,0.24628131,0.81786179,1.0116724,0.23559014,0.23834004,0.97140889,0.97558268,0.063589045,0.062036371,0.86458722,1.256408,0.046206532,0.058054258,0.83468236,0.95100695,0.1106578,0.10523633,0.7732366,1.0233407,0.10928487,0.11183565,0.78013535,1.0758744,0.10738303,0.11553065,0.86450895,0.96711083,0.13284663,0.12847741
0b_baseline_last,file,19,baseline,6956,119.Field_Sparrow/Field_Sparrow_0013_113599.jpg,119,118,119.Field_Sparrow,130,129,random_resized_crop,random_resized_crop,0,"{""area_fraction"":0.543849,""aspect"":1.19285,""fallback"":false,""height"":0.675222,""left"":0.131334,""top"":0.271611,""width"":0.805438}",0.0017478679,0.43021441,0.42846654,0.99825364,0.65036964,0.00047909774,0.078190558,0.99777455,0.57217909,-0.42559546,0.51396286,220.87751,0.24402107,53.898765,False,0.83901542,True,True,True,0.51396286,220.87751,0.24402107,53.898765,0.49946264,224.59408,0.23559014,52.912152,0.81769435,161.43546,0.063589045,10.265527,0.56791815,358.82558,0.046206532,16.580086,0.44567196,247.102,0.1106578,27.343763,0.51276634,244.73689,0.10928487,26.746038,0.50229664,210.56366,0.10738303,22.610964,0.55313767,176.61666,0.13284663,23.462928
0b_baseline_last,file,19,baseline,6956,119.Field_Sparrow/Field_Sparrow_0013_113599.jpg,119,118,119.Field_Sparrow,130,129,gaussian_blur,gaussian_blur,0,"{""sigma"":1.965502}",0.0017478679,0.10052596,0.098778092,0.99825364,0.90436161,0.00047909774,0.041182682,0.99777455,0.86317892,-0.13459562,0.55828107,62.023506,0.24402107,15.135042,False,0.91443622,True,True,True,0.55828107,62.023506,0.24402107,15.135042,0.53840176,62.615555,0.23559014,14.751608,0.88616211,53.235579,0.063589045,3.3851997,0.56636204,77.397848,0.046206532,3.5762862,0.41954742,55.597576,0.1106578,6.1523053,0.4912435,71.162801,0.10928487,7.7770172,0.54548833,69.374935,0.10738303,7.4496908,0.67258009,53.751332,0.13284663,7.1406831
0b_baseline_last,file,19,baseline,6956,119.Field_Sparrow/Field_Sparrow_0013_113599.jpg,119,118,119.Field_Sparrow,130,129,random_erasing,random_erasing,0,"{""area_fraction"":0.120273,""erased"":true,""height"":0.510268,""left"":0.486297,""top"":0.039605,""width"":0.235706}",0.0017478679,0.082097813,0.080349946,0.99825364,0.92118186,0.00047909774,0.00045207096,0.99777455,0.92072979,-0.077044759,0.52959134,49.922986,0.24402107,12.18226,False,0.90628612,True,True,True,0.52959134,49.922986,0.24402107,12.18226,0.51323793,50.742934,0.23559014,11.954535,0.86437059,36.869165,0.063589045,2.344475,0.37869519,58.497465,0.046206532,2.702965,0.49252934,51.892613,0.1106578,5.7423222,0.41844102,51.406731,0.10928487,5.6179777,0.44321529,52.927559,0.10738303,5.6835217,0.67436657,46.868163,0.13284663,6.2262774
0b_baseline_last,file,19,baseline,9150,156.White_eyed_Vireo/White_Eyed_Vireo_0118_159036.jpg,156,155,156.White_eyed_Vireo,128,127,identity,identity,0,{},0.00056096073,0.00056096073,0,0.99943918,0.99943918,0.00012857675,0.00012857675,0.9993106,0.9993106,0,1,1,0.079030582,0.079030582,False,1,True,True,True,1,1,0.079030582,0.079030582,1,1,0.076851691,0.076851691,1,1,0.018429609,0.018429609,1,1,0.013789083,0.013789083,1,1,0.033106739,0.033106739,1,1,0.035173795,0.035173795,1,1,0.037068972,0.037068972,1,1,0.044818332,0.044818332
0b_baseline_last,file,19,baseline,9150,156.White_eyed_Vireo/White_Eyed_Vireo_0118_159036.jpg,156,155,156.White_eyed_Vireo,128,127,horizontal_flip,horizontal_flip,0,"{""flipped"":true}",0.00056096073,0.00031585473,-0.000245106,0.99943918,0.99968421,0.00012857675,0.00010854853,0.9993106,0.99957567,0.00026506292,0.71227447,0.63771162,0.079030582,0.050398721,False,0.98363441,True,True,True,0.71227447,0.63771162,0.079030582,0.050398721,0.69774616,0.63877606,0.076851691,0.04909102,0.97335333,0.61890961,0.018429609,0.011406262,0.49135278,0.56051145,0.013789083,0.0077289389,0.7548293,0.65744833,0.033106739,0.02176597,0.65075925,0.68990656,0.035173795,0.024266632,0.62623359,0.62862192,0.037068972,0.023302369,0.76840565,0.6088292,0.044818332,0.027286709
0b_baseline_last,file,19,baseline,9150,156.White_eyed_Vireo/White_Eyed_Vireo_0118_159036.jpg,156,155,156.White_eyed_Vireo,128,127,color_jitter,color_jitter,0,"{""brightness"":0.766892,""contrast"":1.370634,""hue"":-0.094857,""saturation"":0.725569}",0.00056096073,5.7616291,5.7610681,0.99943918,0.0031459823,0.00012857675,0.00092896627,0.9993106,0.002217016,-0.99709359,0.32233514,1900.9324,0.079030582,150.23179,False,0.58341157,False,True,False,0.32233514,1900.9324,0.079030582,150.23179,0.31421688,1922.8698,0.076851691,147.7758,0.51856309,1467.9488,0.018429609,27.053723,0.2167731,1862.5676,0.013789083,25.683099,0.34973524,2082.0963,0.033106739,68.931418,0.41634066,2262.0644,0.035173795,79.565387,0.32207437,1972.0041,0.037068972,73.100165,0.21222298,1538.1316,0.044818332,68.936493
0b_baseline_last,file,19,baseline,9150,156.White_eyed_Vireo/White_Eyed_Vireo_0118_159036.jpg,156,155,156.White_eyed_Vireo,128,127,rotation,rotation,0,"{""angle"":-1.856498}",0.00056096073,0.0015532821,0.00099232141,0.99943918,0.9984479,0.00012857675,0.00023973639,0.9993106,0.99820816,-0.0011024445,0.85357061,2.8550201,0.079030582,0.2256339,False,0.98916215,True,True,True,0.85357061,2.8550201,0.079030582,0.2256339,0.84721707,2.8695958,0.076851691,0.22053329,0.98036748,2.588474,0.018429609,0.047704563,0.82861665,3.1125459,0.013789083,0.042919154,0.80224635,2.7675591,0.033106739,0.091624858,0.8067513,3.0110066,0.035173795,0.10590853,0.84649407,3.0042075,0.037068972,0.11136288,0.90578898,2.7125235,0.044818332,0.12157078
0b_baseline_last,file,19,baseline,9150,156.White_eyed_Vireo/White_Eyed_Vireo_0118_159036.jpg,156,155,156.White_eyed_Vireo,128,127,random_resized_crop,random_resized_crop,0,"{""area_fraction"":0.593228,""aspect"":0.904755,""fallback"":false,""height"":0.80974,""left"":0.115621,""top"":0.087619,""width"":0.732616}",0.00056096073,0.0044756955,0.0039147348,0.99943918,0.9955343,0.00012857675,0.00020190787,0.9993106,0.99533239,-0.0039782102,0.7198252,8.8061947,0.079030582,0.6959587,False,0.96758831,True,True,True,0.7198252,8.8061947,0.079030582,0.6959587,0.71001816,8.8892531,0.076851691,0.68315413,0.94517583,7.2105137,0.018429609,0.13288695,0.78701851,12.08395,0.013789083,0.16662658,0.71790189,9.96806,0.033106739,0.33000996,0.67105751,9.5430172,0.035173795,0.33566412,0.65832862,8.3970593,0.037068972,0.31127036,0.77824843,7.7442942,0.044818332,0.34708635
0b_baseline_last,file,19,baseline,9150,156.White_eyed_Vireo/White_Eyed_Vireo_0118_159036.jpg,156,155,156.White_eyed_Vireo,128,127,gaussian_blur,gaussian_blur,0,"{""sigma"":1.092744}",0.00056096073,0.01699011,0.01642915,0.99943918,0.9831534,0.00012857675,0.00088092912,0.9993106,0.98227247,-0.017038129,0.6347403,35.105443,0.079030582,2.7744036,False,0.9396373,True,True,True,0.6347403,35.105443,0.079030582,2.7744036,0.62593247,35.648814,0.076851691,2.7396717,0.91575903,23.745682,0.018429609,0.43762362,0.67847801,42.950773,0.013789083,0.59225178,0.5047283,36.762598,0.033106739,1.2170898,0.57865349,40.441934,0.035173795,1.4224963,0.64480566,37.717521,0.037068972,1.3981498,0.746081,29.052402,0.044818332,1.3020802
0b_baseline_last,file,19,baseline,9150,156.White_eyed_Vireo/White_Eyed_Vireo_0118_159036.jpg,156,155,156.White_eyed_Vireo,128,127,random_erasing,random_erasing,0,"{""area_fraction"":0.119002,""erased"":true,""height"":0.256969,""left"":0.021985,""top"":0.353425,""width"":0.4631}",0.00056096073,0.015620147,0.015059186,0.99943918,0.98450124,0.00012857675,0.0041966061,0.9993106,0.98030464,-0.019005967,0.65827463,26.59413,0.079030582,2.1017496,False,0.91093677,True,True,True,0.65827463,26.59413,0.079030582,2.1017496,0.64536709,26.680856,0.076851691,2.0504689,0.89871193,25.038056,0.018429609,0.46144159,0.76416731,26.639901,0.013789083,0.36733981,0.59858583,22.708966,0.033106739,0.75181982,0.61362979,29.429348,0.035173795,1.0351419,0.63900737,28.793299,0.037068972,1.067338,0.69259714,25.376473,0.044818332,1.1373312
0b_baseline_last,file,19,baseline,1514,027.Shiny_Cowbird/Shiny_Cowbird_0062_24271.jpg,27,26,027.Shiny_Cowbird,29,28,identity,identity,0,{},0.2877126,0.2877126,0,0.74997711,0.74997711,0.1008026,0.1008026,0.64917451,0.64917451,0,1,1,37.131377,37.131377,False,1,True,True,True,1,1,37.131377,37.131377,1,1,36.113662,36.113662,1,1,8.6338037,8.6338037,1,1,7.4560463,7.4560463,1,1,13.855856,13.855856,1,1,17.848564,17.848564,1,1,20.146303,20.146303,1,1,18.225655,18.225655
0b_baseline_last,file,19,baseline,1514,027.Shiny_Cowbird/Shiny_Cowbird_0062_24271.jpg,27,26,027.Shiny_Cowbird,29,28,horizontal_flip,horizontal_flip,0,"{""flipped"":true}",0.2877126,0.3022286,0.014515996,0.74997711,0.73916906,0.1008026,0.083010904,0.64917451,0.65615816,0.0069836453,0.55348399,0.90498887,37.131377,33.603483,False,0.97485787,True,True,True,0.55348399,0.90498887,37.131377,33.603483,0.53084001,0.90708199,36.113662,32.758053,0.96823642,0.86755087,8.6338037,7.4902639,0.12215479,1.0435296,7.4560463,7.780605,0.26251046,0.91901009,13.855856,12.733672,0.5518172,0.81500522,17.848564,14.546672,0.54467268,0.89393355,20.146303,18.009456,0.72307707,0.9729697,18.225655,17.73301
0b_baseline_last,file,19,baseline,1514,027.Shiny_Cowbird/Shiny_Cowbird_0062_24271.jpg,27,26,027.Shiny_Cowbird,29,28,color_jitter,color_jitter,0,"{""brightness"":1.23957,""contrast"":0.690919,""hue"":0.079061,""saturation"":1.112384}",0.2877126,0.42715186,0.13943925,0.74997711,0.65236449,0.1008026,0.056614507,0.64917451,0.59574999,-0.053424526,0.57875704,1.5583433,37.131377,57.863433,False,0.88942385,True,True,True,0.57875704,1.5583433,37.131377,57.863433,0.56839418,1.575928,36.113662,56.912532,0.83434444,1.2100159,8.6338037,10.44704,0.49258301,2.6413792,7.4560463,19.694245,0.4822244,1.9835841,13.855856,27.484255,0.48438858,1.5463421,17.848564,27.599985,0.66653555,1.3022165,20.146303,26.234847,0.69384721,1.3942903,18.225655,25.411854
0b_baseline_last,file,19,baseline,1514,027.Shiny_Cowbird/Shiny_Cowbird_0062_24271.jpg,27,26,027.Shiny_Cowbird,29,28,rotation,rotation,0,"{""angle"":1.861996}",0.2877126,0.081007436,-0.20670517,0.74997711,0.92218685,0.1008026,0.028149996,0.64917451,0.89403686,0.24486234,0.86053972,0.31359391,37.131377,11.644174,False,0.98240733,True,True,True,0.86053972,0.31359391,37.131377,11.644174,0.85331155,0.31255958,36.113662,11.287671,0.9812548,0.33116821,8.6338037,2.8592413,0.8076835,0.40796948,7.4560463,3.0418393,0.78706808,0.32256998,13.855856,4.4694832,0.82348606,0.2978096,17.848564,5.3154735,0.88236574,0.30258713,20.146303,6.0960119,0.90379144,0.31407553,18.225655,5.7242323
0b_baseline_last,file,19,baseline,1514,027.Shiny_Cowbird/Shiny_Cowbird_0062_24271.jpg,27,26,027.Shiny_Cowbird,29,28,random_resized_crop,random_resized_crop,0,"{""area_fraction"":0.606966,""aspect"":1.129499,""fallback"":false,""height"":0.73306,""left"":0.072199,""top"":0.026189,""width"":0.82799}",0.2877126,0.10046364,-0.18724896,0.74997711,0.90441799,0.1008026,0.010158991,0.64917451,0.894259,0.24508449,0.49244412,0.45447219,37.131377,16.875178,False,0.92395067,True,True,True,0.49244412,0.45447219,37.131377,16.875178,0.47832169,0.45787695,36.113662,16.535614,0.78847354,0.39012389,8.6338037,3.3682531,0.32053889,0.72694432,7.4560463,5.4201305,0.40903534,0.57269454,13.855856,7.9351732,0.38350917,0.44052873,17.848564,7.862805,0.56263124,0.38844991,20.146303,7.8258295,0.61361399,0.41791199,18.225655,7.6167198
0b_baseline_last,file,19,baseline,1514,027.Shiny_Cowbird/Shiny_Cowbird_0062_24271.jpg,27,26,027.Shiny_Cowbird,29,28,gaussian_blur,gaussian_blur,0,"{""sigma"":1.303003}",0.2877126,0.12308221,-0.1646304,0.74997711,0.88419098,0.1008026,0.0067593651,0.64917451,0.87743161,0.2282571,0.4225527,0.53760381,37.131377,19.96197,False,0.86935598,True,True,True,0.4225527,0.53760381,37.131377,19.96197,0.4083058,0.54482127,36.113662,19.675492,0.79326906,0.39029834,8.6338037,3.3697593,0.14134105,0.74399986,7.4560463,5.5472974,0.24925764,0.61244399,13.855856,8.4859357,0.28729175,0.52900194,17.848564,9.4419247,0.50377996,0.52782237,20.146303,10.633669,0.5971847,0.49720105,18.225655,9.0618148
0b_baseline_last,file,19,baseline,1514,027.Shiny_Cowbird/Shiny_Cowbird_0062_24271.jpg,27,26,027.Shiny_Cowbird,29,28,random_erasing,random_erasing,0,"{""area_fraction"":0.12446,""erased"":true,""height"":0.314476,""left"":0.023653,""top"":0.598657,""width"":0.395769}",0.2877126,0.79626644,0.50855383,0.74997711,0.45100969,0.1008026,0.25709793,0.64917451,0.19391176,-0.45526275,0.71310306,2.1756128,37.131377,80.783499,False,0.96253157,True,True,True,0.71310306,2.1756128,37.131377,80.783499,0.70136515,2.1789274,36.113662,78.68905,0.92478183,2.1167801,8.6338037,18.275864,0.66164079,2.8880322,7.4560463,21.533302,0.57707749,2.2771724,13.855856,31.552173,0.71665149,2.1767224,17.848564,38.851368,0.71212063,2.025601,20.146303,40.80837,0.76755159,2.1657058,18.225655,39.471406
0b_baseline_last,file,19,baseline,1639,029.American_Crow/American_Crow_0062_25587.jpg,29,28,029.American_Crow,30,29,identity,identity,0,{},0.2284867,0.2284867,0,0.79573685,0.79573685,0.12154494,0.12154494,0.67419191,0.67419191,0,1,1,37.45965,37.45965,False,0.99999994,True,True,True,1,1,37.45965,37.45965,1,1,36.692897,36.692897,1,1,7.5403391,7.5403391,1,1,10.703515,10.703515,1,1,13.354885,13.354885,1,1,18.293012,18.293012,1,1,19.292017,19.292017,1,1,18.618116,18.618116
0b_baseline_last,file,19,baseline,1639,029.American_Crow/American_Crow_0062_25587.jpg,29,28,029.American_Crow,30,29,horizontal_flip,horizontal_flip,0,"{""flipped"":true}",0.2284867,0.76398528,0.53549857,0.79573685,0.46580637,0.12154494,0.15825185,0.67419191,0.30755451,-0.36663739,0.52992018,2.9812914,37.45965,111.67813,False,0.97339654,True,True,True,0.52992018,2.9812914,37.45965,111.67813,0.51432383,2.9854393,36.692897,109.54442,0.91290831,2.8813246,7.5403391,21.726165,0.017426664,3.9296718,10.703515,42.0613,0.24435228,3.0415384,13.354885,40.619395,0.58638504,2.7399938,18.293012,50.12274,0.58803274,2.9045549,19.292017,56.034724,0.74793626,2.9067158,18.618116,54.117572
0b_baseline_last,file,19,baseline,1639,029.American_Crow/American_Crow_0062_25587.jpg,29,28,029.American_Crow,30,29,color_jitter,color_jitter,0,"{""brightness"":0.809822,""contrast"":0.820395,""hue"":-0.090033,""saturation"":1.245976}",0.2284867,0.47761989,0.24913318,0.79573685,0.62025791,0.12154494,0.21739694,0.67419191,0.40286097,-0.27133094,0.63576789,1.9687371,37.45965,73.748203,False,0.94122833,True,True,True,0.63576789,1.9687371,37.45965,73.748203,0.62654754,1.9828096,36.692897,72.755028,0.92060869,1.5997257,7.5403391,12.062474,0.56176586,2.4165367,10.703515,25.865436,0.38975246,2.6055178,13.354885,34.79639,0.7272038,2.1336135,18.293012,39.030217,0.67334783,1.651044,19.292017,31.851969,0.73152838,1.5893219,18.618116,29.590181
0b_baseline_last,file,19,baseline,1639,029.American_Crow/American_Crow_0062_25587.jpg,29,28,029.American_Crow,30,29,rotation,rotation,0,"{""angle"":4.495847}",0.2284867,0.28882444,0.060337737,0.79573685,0.74914372,0.12154494,0.11522588,0.67419191,0.63391784,-0.040274069,0.79939626,1.18917,37.45965,44.545892,False,0.95831269,True,True,True,0.79939626,1.18917,37.45965,44.545892,0.79304339,1.188839,36.692897,43.621945,0.9488268,1.1969822,7.5403391,9.0256516,0.73503511,1.3706061,10.703515,14.670302,0.67379799,1.1387431,13.354885,15.207783,0.79235589,1.1602235,18.293012,21.223982,0.81309689,1.202284,19.292017,23.194484,0.85817272,1.1618725,18.618116,21.631878
0b_baseline_last,file,19,baseline,1639,029.American_Crow/American_Crow_0062_25587.jpg,29,28,029.American_Crow,30,29,random_resized_crop,random_resized_crop,0,"{""area_fraction"":0.590698,""aspect"":0.931252,""fallback"":false,""height"":0.796432,""left"":0.199503,""top"":0.077813,""width"":0.741679}",0.2284867,0.69408566,0.46559896,0.79573685,0.499531,0.12154494,0.21705152,0.67419191,0.28247948,-0.39171243,0.70449783,2.427678,37.45965,90.939968,False,0.92697507,True,True,True,0.70449783,2.427678,37.45965,90.939968,0.69668276,2.4384537,36.692897,89.47393,0.91884224,2.1568343,7.5403391,16.263262,0.61330218,1.99038,10.703515,21.304061,0.62036117,2.5744498,13.354885,34.381481,0.73007905,2.7902865,18.293012,51.042745,0.69057215,2.372402,19.292017,45.76842,0.75073571,2.1946269,18.618116,40.859819
0b_baseline_last,file,19,baseline,1639,029.American_Crow/American_Crow_0062_25587.jpg,29,28,029.American_Crow,30,29,gaussian_blur,gaussian_blur,0,"{""sigma"":1.521107}",0.2284867,2.1263509,1.8978642,0.79573685,0.11927173,0.12154494,0.16363056,0.67419191,-0.044358835,-0.71855074,0.5467695,3.9668186,37.45965,148.59564,False,0.88558757,False,True,False,0.5467695,3.9668186,37.45965,148.59564,0.5375261,3.9945315,36.692897,146.57093,0.82800612,3.242078,7.5403391,24.446367,0.44864285,4.1452728,10.703515,44.368988,0.28296869,4.6322931,13.354885,61.863741,0.52185031,4.2460321,18.293012,77.672715,0.61766231,3.7816321,19.292017,72.955311,0.67996904,3.5350657,18.618116,65.816264
0b_baseline_last,file,19,baseline,1639,029.American_Crow/American_Crow_0062_25587.jpg,29,28,029.American_Crow,30,29,random_erasing,random_erasing,0,"{""area_fraction"":0.104346,""erased"":true,""height"":0.377242,""left"":0.450643,""top"":0.105991,""width"":0.276603}",0.2284867,2.8940172,2.6655305,0.79573685,0.055353403,0.12154494,0.75355005,0.67419191,-0.69819665,-1.3723886,0.6384922,3.310257,37.45965,124.00107,False,0.89417386,False,True,False,0.6384922,3.310257,37.45965,124.00107,0.62769648,3.2633498,36.692897,119.74176,0.85582494,4.2731172,7.5403391,32.220753,0.64804689,2.6066795,10.703515,27.900632,0.46395332,3.4947882,13.354885,46.672493,0.63325055,2.9600117,18.293012,54.147529,0.64072098,3.1420683,19.292017,60.616835,0.69851107,3.7114993,18.618116,69.101126
0b_baseline_last,file,19,baseline,1375,025.Pelagic_Cormorant/Pelagic_Cormorant_0044_23536.jpg,25,24,025.Pelagic_Cormorant,24,23,identity,identity,0,{},0.019137269,0.019137269,0,0.98104471,0.98104471,0.013639785,0.013639785,0.96740492,0.96740492,0,1,1,2.7579997,2.7579997,False,1,True,True,True,1,1,2.7579997,2.7579997,1,1,2.6232737,2.6232737,1,1,0.85146792,0.85146792,1,1,0.62842655,0.62842655,1,1,0.93871886,0.93871886,1,1,1.2823857,1.2823857,1,1,1.304948,1.304948,1,1,1.5026807,1.5026807
0b_baseline_last,file,19,baseline,1375,025.Pelagic_Cormorant/Pelagic_Cormorant_0044_23536.jpg,25,24,025.Pelagic_Cormorant,24,23,horizontal_flip,horizontal_flip,0,"{""flipped"":true}",0.019137269,0.066530585,0.047393316,0.98104471,0.93563432,0.013639785,0.051750496,0.96740492,0.88388382,-0.083521105,0.71026928,3.8435889,2.7579997,10.600617,False,0.98256153,True,True,True,0.71026928,3.8435889,2.7579997,10.600617,0.68428658,3.8719666,2.6232737,10.157228,0.98051927,3.562996,0.85146792,3.0337768,0.56512576,3.9331149,0.62842655,2.4716738,0.61902944,4.2698603,0.93871886,4.0081984,0.71727106,3.970163,1.2823857,5.0912802,0.62432131,3.8980589,1.304948,5.0867641,0.76341194,3.5959279,1.5026807,5.4035314
0b_baseline_last,file,19,baseline,1375,025.Pelagic_Cormorant/Pelagic_Cormorant_0044_23536.jpg,25,24,025.Pelagic_Cormorant,24,23,color_jitter,color_jitter,0,"{""brightness"":0.947381,""contrast"":0.673893,""hue"":-0.006337,""saturation"":0.957465}",0.019137269,0.074047692,0.054910423,0.98104471,0.92862743,0.013639785,0.040232513,0.96740492,0.88839492,-0.079010006,0.80283951,3.8879097,2.7579997,10.722854,False,0.98102647,True,True,True,0.80283951,3.8879097,2.7579997,10.722854,0.78879249,3.9433731,2.6232737,10.344547,0.97252729,3.3155792,0.85146792,2.8231093,0.62701917,2.7713276,0.62842655,1.7415758,0.59598425,4.1247541,0.93871886,3.8719844,0.81168838,4.7252969,1.2823857,6.0596532,0.82838142,3.8052537,1.304948,4.9656582,0.87104875,3.4965842,1.5026807,5.2542495
0b_baseline_last,file,19,baseline,1375,025.Pelagic_Cormorant/Pelagic_Cormorant_0044_23536.jpg,25,24,025.Pelagic_Cormorant,24,23,rotation,rotation,0,"{""angle"":-14.409428}",0.019137269,0.023312997,0.0041757282,0.98104471,0.97695667,0.013639785,0.015797563,0.96740492,0.9611591,-0.0062458217,0.7025141,1.1734521,2.7579997,3.2363805,False,0.96906412,True,True,True,0.7025141,1.1734521,2.7579997,3.2363805,0.67807145,1.1851706,2.6232737,3.1090268,0.96725335,1.055765,0.85146792,0.89895007,0.76697091,1.0446466,0.62842655,0.65648367,0.45738724,1.4223965,0.93871886,1.3352304,0.70829015,1.2200374,1.2823857,1.5645585,0.66607888,1.1740308,1.304948,1.5320492,0.7706755,1.0847931,1.5026807,1.6300977
0b_baseline_last,file,19,baseline,1375,025.Pelagic_Cormorant/Pelagic_Cormorant_0044_23536.jpg,25,24,025.Pelagic_Cormorant,24,23,random_resized_crop,random_resized_crop,0,"{""area_fraction"":0.757931,""aspect"":1.2212,""fallback"":false,""height"":0.78781,""left"":0.007186,""top"":0.180555,""width"":0.962074}",0.019137269,0.63994491,0.62080764,0.98104471,0.52732146,0.013639785,0.066775136,0.96740492,0.46054632,-0.5068586,0.47217138,26.144923,2.7579997,72.107688,False,0.87711078,True,True,True,0.47217138,26.144923,2.7579997,72.107688,0.4534632,26.828897,2.6232737,70.379539,0.76202354,18.429363,0.85146792,15.692011,0.25615172,43.819494,0.62842655,27.537333,0.46709392,31.225292,0.93871886,29.31177,0.43757646,25.906893,1.2823857,33.222629,0.46074537,25.203453,1.304948,32.889195,0.54974228,22.570896,1.5026807,33.91685
0b_baseline_last,file,19,baseline,1375,025.Pelagic_Cormorant/Pelagic_Cormorant_0044_23536.jpg,25,24,025.Pelagic_Cormorant,24,23,gaussian_blur,gaussian_blur,0,"{""sigma"":1.484802}",0.019137269,1.0963514,1.0772141,0.98104471,0.33408782,0.013639785,0.20896427,0.96740492,0.12512355,-0.84228138,0.50288551,51.842142,2.7579997,142.98061,False,0.86603761,True,True,True,0.50288551,51.842142,2.7579997,142.98061,0.4922537,53.762837,2.6232737,141.03463,0.80868657,27.610315,0.85146792,23.509297,0.62057407,92.866773,0.62842655,58.359945,0.35789344,66.048551,0.93871886,62.001021,0.48169197,55.687255,1.2823857,71.41254,0.51971262,51.256574,1.304948,66.887164,0.58946241,36.855159,1.5026807,55.381536
0b_baseline_last,file,19,baseline,1375,025.Pelagic_Cormorant/Pelagic_Cormorant_0044_23536.jpg,25,24,025.Pelagic_Cormorant,24,23,random_erasing,random_erasing,0,"{""area_fraction"":0.133528,""erased"":true,""height"":0.215235,""left"":0.096466,""top"":0.309513,""width"":0.620383}",0.019137269,0.10282417,0.083686898,0.98104471,0.90228564,0.013639785,0.0079493523,0.96740492,0.89433628,-0.073068641,0.50853053,4.8698233,2.7579997,13.430971,False,0.94920552,True,True,True,0.50853053,4.8698233,2.7579997,13.430971,0.48616724,4.9607268,2.6232737,13.013344,0.79188434,3.9029443,0.85146792,3.3232319,0.24577975,4.4956615,0.62842655,2.825193,0.44656434,4.8186854,0.93871886,4.5233908,0.47392336,5.0318588,1.2823857,6.4527838,0.46328158,5.174372,1.304948,6.7522863,0.56864641,4.8753904,1.5026807,7.326155
0b_baseline_last,file,19,baseline,4127,071.Long_tailed_Jaeger/Long_Tailed_Jaeger_0062_797104.jpg,71,70,071.Long_tailed_Jaeger,3,2,identity,identity,0,{},0.060823526,0.060823526,0,0.94098926,0.94098926,0.037129115,0.037129115,0.90386014,0.90386014,0,1,1,10.959736,10.959736,False,1,True,True,True,1,1,10.959736,10.959736,1,1,10.756401,10.756401,1,1,2.1013444,2.1013444,1,1,1.8505647,1.8505647,1,1,5.3806178,5.3806178,1,1,5.6634541,5.6634541,1,1,4.9333385,4.9333385,1,1,5.1876764,5.1876764
0b_baseline_last,file,19,baseline,4127,071.Long_tailed_Jaeger/Long_Tailed_Jaeger_0062_797104.jpg,71,70,071.Long_tailed_Jaeger,3,2,horizontal_flip,horizontal_flip,0,"{""flipped"":true}",0.060823526,0.24055509,0.17973157,0.94098926,0.78619134,0.037129115,0.14631143,0.90386014,0.63987991,-0.26398023,0.67238883,4.0843764,10.959736,44.763688,False,0.96814477,True,True,True,0.67238883,4.0843764,10.959736,44.763688,0.66203362,4.0934517,10.756401,44.030808,0.96304522,3.8389463,2.1013444,8.0669484,0.31018959,4.6851142,1.8505647,8.6701069,0.60035852,4.4554437,5.3806178,23.97304,0.67619635,3.960971,5.6634541,22.432777,0.66260914,3.9920746,4.9333385,19.694255,0.78140188,3.8443912,5.1876764,19.943457
0b_baseline_last,file,19,baseline,4127,071.Long_tailed_Jaeger/Long_Tailed_Jaeger_0062_797104.jpg,71,70,071.Long_tailed_Jaeger,3,2,color_jitter,color_jitter,0,"{""brightness"":1.045974,""contrast"":0.75179,""hue"":0.044061,""saturation"":1.277546}",0.060823526,0.042162761,-0.018660765,0.94098926,0.95871371,0.037129115,0.025272537,0.90386014,0.93344117,0.029581033,0.89675139,0.73279114,10.959736,8.0311974,False,0.97837174,True,True,True,0.89675139,0.73279114,10.959736,8.0311974,0.89381643,0.73321799,10.756401,7.8867869,0.97501318,0.72151652,2.1013444,1.5161547,0.80703485,0.70801862,1.8505647,1.3102343,0.89407374,0.74662881,5.3806178,4.0173243,0.89704955,0.75511567,5.6634541,4.2765629,0.88961912,0.71864074,4.9333385,3.5452981,0.90575574,0.70793859,5.1876764,3.6725563
0b_baseline_last,file,19,baseline,4127,071.Long_tailed_Jaeger/Long_Tailed_Jaeger_0062_797104.jpg,71,70,071.Long_tailed_Jaeger,3,2,rotation,rotation,0,"{""angle"":-2.092553}",0.060823526,0.04752627,-0.013297256,0.94098926,0.95358545,0.037129115,0.016349098,0.90386014,0.93723635,0.033376208,0.83715873,0.73446665,10.959736,8.0495606,False,0.9787963,True,True,True,0.83715873,0.73446665,10.959736,8.0495606,0.83309837,0.73424719,10.756401,7.8978573,0.94272117,0.74019376,2.1013444,1.555402,0.84653998,0.88393188,1.8505647,1.6357731,0.85201379,0.80678622,5.3806178,4.3410083,0.80912089,0.64107038,5.6634541,3.6306727,0.82441729,0.72365344,4.9333385,3.5700274,0.85577836,0.7448089,5.1876764,3.8638275
0b_baseline_last,file,19,baseline,4127,071.Long_tailed_Jaeger/Long_Tailed_Jaeger_0062_797104.jpg,71,70,071.Long_tailed_Jaeger,3,2,random_resized_crop,random_resized_crop,0,"{""area_fraction"":0.583944,""aspect"":0.840657,""fallback"":false,""height"":0.833444,""left"":0.025038,""top"":0.03436,""width"":0.70064}",0.060823526,0.020513404,-0.040310122,0.94098926,0.97969556,0.037129115,0.0083842641,0.90386014,0.97131129,0.067451154,0.75084466,0.3479628,10.959736,3.8135805,False,0.96387243,True,True,True,0.75084466,0.3479628,10.959736,3.8135805,0.74407498,0.34771377,10.756401,3.7401488,0.92499872,0.35442573,2.1013444,0.74477052,0.53884737,0.3651003,1.8505647,0.67564172,0.81335152,0.39733637,5.3806178,2.1379151,0.72110958,0.30850106,5.6634541,1.7471816,0.69660795,0.33717223,4.9333385,1.6633847,0.76697106,0.34169098,5.1876764,1.7725822
0b_baseline_last,file,19,baseline,4127,071.Long_tailed_Jaeger/Long_Tailed_Jaeger_0062_797104.jpg,71,70,071.Long_tailed_Jaeger,3,2,gaussian_blur,gaussian_blur,0,"{""sigma"":1.555469}",0.060823526,0.3629162,0.30209268,0.94098926,0.69564474,0.037129115,0.22994173,0.90386014,0.46570301,-0.43815713,0.75261982,6.6028152,10.959736,72.365112,False,0.93468952,True,True,True,0.75261982,6.6028152,10.959736,72.365112,0.74694036,6.6324105,10.756401,71.340868,0.93058776,5.7735377,2.1013444,12.132191,0.47537499,9.4485028,1.8505647,17.485066,0.78087588,6.7908694,5.3806178,36.539073,0.75918344,6.8521306,5.6634541,38.806727,0.71574993,6.4976744,4.9333385,32.055228,0.79161547,5.831528,5.1876764,30.25208
0b_baseline_last,file,19,baseline,4127,071.Long_tailed_Jaeger/Long_Tailed_Jaeger_0062_797104.jpg,71,70,071.Long_tailed_Jaeger,3,2,random_erasing,random_erasing,0,"{""area_fraction"":0.107676,""erased"":true,""height"":0.574787,""left"":0.114552,""top"":0.305162,""width"":0.187331}",0.060823526,0.10782473,0.047001202,0.94098926,0.89778495,0.037129115,0.023771718,0.90386014,0.87401323,-0.02984691,0.78698875,1.4689367,10.959736,16.099158,False,0.96719748,True,True,True,0.78698875,1.4689367,10.959736,16.099158,0.78272169,1.4694331,10.756401,15.805812,0.89986988,1.4558675,2.1013444,3.059279,0.7978989,1.5518618,1.8505647,2.8718208,0.80251074,1.424189,5.3806178,7.6630166,0.76179464,1.3675313,5.6634541,7.744951,0.74255623,1.5176709,4.9333385,7.4871844,0.82308459,1.5756343,5.1876764,8.1738811
0b_baseline_last,file,19,baseline,6533,112.Great_Grey_Shrike/Great_Grey_Shrike_0063_797042.jpg,112,111,112.Great_Grey_Shrike,93,92,identity,identity,0,{},0.11036205,0.11036205,0,0.89550984,0.89550984,0.060253747,0.060253747,0.83525609,0.83525609,0,1,1,18.506227,18.506227,False,1,True,True,True,1,1,18.506227,18.506227,1,1,17.982183,17.982183,1,1,4.372818,4.372818,1,1,3.665498,3.665498,1,1,6.5638194,6.5638194,1,1,9.7436121,9.7436121,1,1,9.2250895,9.2250895,1,1,9.3166005,9.3166005
0b_baseline_last,file,19,baseline,6533,112.Great_Grey_Shrike/Great_Grey_Shrike_0063_797042.jpg,112,111,112.Great_Grey_Shrike,93,92,horizontal_flip,horizontal_flip,0,"{""flipped"":true}",0.11036205,0.099878795,-0.01048325,0.89550984,0.9049471,0.060253747,0.015146095,0.83525609,0.88980101,0.054544915,0.58483532,0.84552777,18.506227,15.647529,False,0.96532631,True,True,True,0.58483532,0.84552777,18.506227,15.647529,0.56739521,0.84178649,17.982183,15.137159,0.86022475,0.90645992,4.372818,3.9637842,0.57095183,1.1987278,3.665498,4.3939342,0.48093942,0.95654282,6.5638194,6.2785743,0.56448473,0.78509047,9.7436121,7.649617,0.56982307,0.78041815,9.2250895,7.1994272,0.63032058,0.83181748,9.3166005,7.7497112
0b_baseline_last,file,19,baseline,6533,112.Great_Grey_Shrike/Great_Grey_Shrike_0063_797042.jpg,112,111,112.Great_Grey_Shrike,93,92,color_jitter,color_jitter,0,"{""brightness"":0.715802,""contrast"":1.213417,""hue"":0.053457,""saturation"":1.35239}",0.11036205,0.044632666,-0.06572938,0.89550984,0.95634872,0.060253747,0.030032462,0.83525609,0.92631626,0.091060163,0.84890031,0.45318707,18.506227,8.3867828,False,0.97232574,True,True,True,0.84890031,0.45318707,18.506227,8.3867828,0.84317856,0.45519818,17.982183,8.1854569,0.95731686,0.41771396,4.372818,1.8265871,0.63587508,0.4075137,3.665498,1.4937406,0.81423099,0.52754033,6.5638194,3.4626795,0.86088765,0.46497799,9.7436121,4.5305652,0.84617567,0.43897101,9.2250895,4.0495469,0.87627185,0.42739726,9.3166005,3.9818895
0b_baseline_last,file,19,baseline,6533,112.Great_Grey_Shrike/Great_Grey_Shrike_0063_797042.jpg,112,111,112.Great_Grey_Shrike,93,92,rotation,rotation,0,"{""angle"":7.875577}",0.11036205,0.11996245,0.0096004084,0.89550984,0.88695371,0.060253747,0.021426462,0.83525609,0.86552725,0.030271158,0.61189967,0.98470983,18.506227,18.223264,False,0.96392334,True,True,True,0.61189967,0.98470983,18.506227,18.223264,0.59524168,0.97870181,17.982183,17.599195,0.86973192,1.0812658,4.372818,4.7281785,0.54867413,1.428672,3.665498,5.2367944,0.43542224,1.0353852,6.5638194,6.7960816,0.59175738,0.91363763,9.7436121,8.9021307,0.63277982,0.98690785,9.2250895,9.1043132,0.67319849,0.92323618,9.3166005,8.6014227
0b_baseline_last,file,19,baseline,6533,112.Great_Grey_Shrike/Great_Grey_Shrike_0063_797042.jpg,112,111,112.Great_Grey_Shrike,93,92,random_resized_crop,random_resized_crop,0,"{""area_fraction"":0.598617,""aspect"":0.759661,""fallback"":false,""height"":0.887697,""left"":0.201927,""top"":0.10409,""width"":0.674348}",0.11036205,0.0080587715,-0.10230327,0.89550984,0.99197364,0.060253747,0.0020225309,0.83525609,0.98995111,0.15469502,0.61793592,0.082395854,18.506227,1.5248364,False,0.94156277,True,True,True,0.61793592,0.082395854,18.506227,1.5248364,0.60354812,0.08281886,17.982183,1.4892639,0.89001341,0.074881512,4.372818,0.32744322,0.56724353,0.1084799,3.665498,0.39763286,0.43720877,0.087574531,6.5638194,0.57482341,0.65577868,0.085113849,9.7436121,0.82931633,0.59504636,0.081052345,9.2250895,0.74771514,0.66184231,0.07455976,9.3166005,0.6946435
0b_baseline_last,file,19,baseline,6533,112.Great_Grey_Shrike/Great_Grey_Shrike_0063_797042.jpg,112,111,112.Great_Grey_Shrike,93,92,gaussian_blur,gaussian_blur,0,"{""sigma"":1.903068}",0.11036205,0.069284305,-0.04107774,0.89550984,0.93306136,0.060253747,0.00044439337,0.83525609,0.93261697,0.097360876,0.22133986,0.80161858,18.506227,14.834935,False,0.84112674,True,True,True,0.22133986,0.80161858,18.506227,14.834935,0.20606426,0.81586936,17.982183,14.671112,0.66598232,0.50278475,4.372818,2.1985862,0.20716304,1.6820525,3.665498,6.1655599,0.097698061,1.002324,6.5638194,6.579074,0.099650568,0.72655411,9.7436121,7.0792615,0.26590722,0.75983976,9.2250895,7.0095898,0.38987327,0.63221207,9.3166005,5.8900673
0b_baseline_last,file,19,baseline,6533,112.Great_Grey_Shrike/Great_Grey_Shrike_0063_797042.jpg,112,111,112.Great_Grey_Shrike,93,92,random_erasing,random_erasing,0,"{""area_fraction"":0.096345,""erased"":true,""height"":0.265094,""left"":0.400861,""top"":0.027188,""width"":0.363439}",0.11036205,1.8491538,1.7387917,0.89550984,0.15737027,0.060253747,0.036334962,0.83525609,0.12103531,-0.71422078,0.52695362,9.250583,18.506227,171.19339,False,0.91570091,False,True,False,0.52695362,9.250583,18.506227,171.19339,0.51945617,9.2933556,17.982183,167.11482,0.66768025,8.4947147,4.372818,37.145841,0.52308613,9.0900299,3.665498,33.319486,0.35889666,10.873327,6.5638194,71.370558,0.55958649,9.4289702,9.7436121,91.872229,0.53963511,8.8855815,9.2250895,81.970284,0.55644826,8.6960028,9.3166005,81.017184
0b_baseline_last,file,19,baseline,7844,134.Cape_Glossy_Starling/Cape_Glossy_Starling_0046_129434.jpg,134,133,134.Cape_Glossy_Starling,9,8,identity,identity,0,{},0.0048186132,0.0048186132,0,0.995193,0.995193,0.0014639099,0.0014639099,0.99372909,0.99372909,0,1,1,0.63736458,0.63736458,False,1.0000001,True,True,True,1,1,0.63736458,0.63736458,1,1,0.62248068,0.62248068,1,1,0.1369358,0.1369358,1,1,0.13124472,0.13124472,1,1,0.26976273,0.26976273,1,1,0.30341323,0.30341323,1,1,0.27357326,0.27357326,1,1,0.36136293,0.36136293
0b_baseline_last,file,19,baseline,7844,134.Cape_Glossy_Starling/Cape_Glossy_Starling_0046_129434.jpg,134,133,134.Cape_Glossy_Starling,9,8,horizontal_flip,horizontal_flip,0,"{""flipped"":true}",0.0048186132,0.010367113,0.0055485,0.995193,0.98968643,0.0014639099,0.0038486365,0.99372909,0.98583779,-0.0078913018,0.77078516,2.0995397,0.63736458,1.3381722,False,0.98038375,True,True,True,0.77078516,2.0995397,0.63736458,1.3381722,0.76120212,2.102842,0.62248068,1.3089785,0.9763627,2.0300979,0.1369358,0.27799307,0.75967801,2.7104056,0.13124472,0.35572642,0.77171351,2.0839437,0.26976273,0.56217033,0.7763334,2.0195904,0.30341323,0.61277045,0.69410255,2.0585665,0.27357326,0.56316875,0.78776654,2.1042433,0.36136293,0.76039553
0b_baseline_last,file,19,baseline,7844,134.Cape_Glossy_Starling/Cape_Glossy_Starling_0046_129434.jpg,134,133,134.Cape_Glossy_Starling,9,8,color_jitter,color_jitter,0,"{""brightness"":0.9508,""contrast"":1.212229,""hue"":0.054505,""saturation"":0.678436}",0.0048186132,0.068048224,0.063229611,0.995193,0.93421543,0.0014639099,0.040522095,0.99372909,0.89369333,-0.10003576,0.78262775,15.696574,0.63736458,10.00444,False,0.95901328,True,True,True,0.78262775,15.696574,0.63736458,10.00444,0.77653627,15.756675,0.62248068,9.8082255,0.923422,14.39859,0.1369358,1.9716824,0.77598645,18.207032,0.13124472,2.3895768,0.77584471,15.588642,0.26976273,4.2052347,0.79306058,17.018084,0.30341323,5.1635118,0.76737773,16.863638,0.27357326,4.6134404,0.78066509,13.798132,0.36136293,4.9861334
0b_baseline_last,file,19,baseline,7844,134.Cape_Glossy_Starling/Cape_Glossy_Starling_0046_129434.jpg,134,133,134.Cape_Glossy_Starling,9,8,rotation,rotation,0,"{""angle"":-9.451414}",0.0048186132,0.0033210146,-0.0014975986,0.995193,0.99668449,0.0014639099,0.00062486442,0.99372909,0.99605963,0.0023305325,0.80360989,0.64823629,0.63736458,0.41316285,False,0.98440439,True,True,True,0.80360989,0.64823629,0.63736458,0.41316285,0.79476192,0.64405881,0.62248068,0.40091416,0.97097446,0.7292233,0.1369358,0.099856776,0.65771675,0.66444353,0.13124472,0.087204704,0.81538948,0.57822887,0.26976273,0.1559846,0.82147774,0.60834043,0.30341323,0.18457854,0.70532369,0.62693884,0.27357326,0.1715137,0.83815368,0.70720718,0.36136293,0.25555846
0b_baseline_last,file,19,baseline,7844,134.Cape_Glossy_Starling/Cape_Glossy_Starling_0046_129434.jpg,134,133,134.Cape_Glossy_Starling,9,8,random_resized_crop,random_resized_crop,0,"{""area_fraction"":0.579525,""aspect"":1.245282,""fallback"":false,""height"":0.682185,""left"":0.080919,""top"":0.178961,""width"":0.849512}",0.0048186132,0.013218156,0.0083995429,0.995193,0.9868688,0.0014639099,0.0065357564,0.99372909,0.98033304,-0.013396052,0.76725544,3.0170917,0.63736458,1.9229874,False,0.97017258,True,True,True,0.76725544,3.0170917,0.63736458,1.9229874,0.75886367,3.0264606,0.62248068,1.8839132,0.95548779,2.8165238,0.1369358,0.38568294,0.78847701,4.1120655,0.13124472,0.53968688,0.78644703,3.2918956,0.26976273,0.88803074,0.8013304,3.1487183,0.30341323,0.9553628,0.67651954,2.9706614,0.27357326,0.81269354,0.76878151,2.6195683,0.36136293,0.94661487
0b_baseline_last,file,19,baseline,7844,134.Cape_Glossy_Starling/Cape_Glossy_Starling_0046_129434.jpg,134,133,134.Cape_Glossy_Starling,9,8,gaussian_blur,gaussian_blur,0,"{""sigma"":1.513949}",0.0048186132,0.010469751,0.0056511373,0.995193,0.98958486,0.0014639099,0.0013852969,0.99372909,0.98819957,-0.0055295285,0.71601912,2.3853896,0.63736458,1.5203629,False,0.95492238,True,True,True,0.71601912,2.3853896,0.63736458,1.5203629,0.7063508,2.392068,0.62248068,1.4890161,0.93050958,2.2429411,0.1369358,0.30713893,0.64939768,3.1016064,0.13124472,0.40706946,0.65912194,2.4977629,0.26976273,0.67380332,0.7071791,2.4926601,0.30341323,0.75630606,0.64290347,2.4503211,0.27357326,0.67034234,0.80219632,2.1004065,0.36136293,0.75900904
0b_baseline_last,file,19,baseline,7844,134.Cape_Glossy_Starling/Cape_Glossy_Starling_0046_129434.jpg,134,133,134.Cape_Glossy_Starling,9,8,random_erasing,random_erasing,0,"{""area_fraction"":0.084088,""erased"":true,""height"":0.41189,""left"":0.592303,""top"":0.220829,""width"":0.204151}",0.0048186132,0.0045292173,-0.00028939592,0.995193,0.99548101,0.0014639099,0.0012612852,0.99372909,0.99421973,0.00049063435,0.96942487,0.91495488,0.63736458,0.58315983,False,0.99498278,True,True,True,0.96942487,0.91495488,0.63736458,0.58315983,0.96820973,0.91265484,0.62248068,0.56811,0.99450683,0.96125222,0.1369358,0.13162984,0.97474435,0.89370305,0.13124472,0.11729381,0.96754796,0.9274638,0.26976273,0.25019516,0.96392886,0.89805955,0.30341323,0.27248315,0.9653632,0.90637978,0.27357326,0.24796127,0.97252827,0.92056613,0.36136293,0.33265847
0b_baseline_last,file,19,baseline,8500,145.Elegant_Tern/Elegant_Tern_0052_150695.jpg,145,144,145.Elegant_Tern,143,142,identity,identity,0,{},3.0780139,3.0780139,0,0.046050634,0.046050634,0.86916053,0.86916053,-0.8231099,-0.8231099,0,1,1,186.89659,186.89659,False,1,True,False,False,1,1,186.89659,186.89659,1,1,182.89262,182.89262,1,1,38.478878,38.478878,1,1,48.94917,48.94917,1,1,81.444478,81.444478,1,1,102.16872,102.16872,1,1,84.380115,84.380115,1,1,82.837391,82.837391
0b_baseline_last,file,19,baseline,8500,145.Elegant_Tern/Elegant_Tern_0052_150695.jpg,145,144,145.Elegant_Tern,143,142,horizontal_flip,horizontal_flip,0,"{""flipped"":true}",3.0780139,1.5520915,-1.5259224,0.046050634,0.21180454,0.86916053,0.68854821,-0.8231099,-0.47674367,0.34636623,0.79163725,0.80590936,186.89659,150.62171,False,0.96696931,True,False,False,0.79163725,0.80590936,186.89659,150.62171,0.78405644,0.80659107,182.89262,147.51955,0.96657582,0.79035169,38.478878,30.411846,0.78365062,0.74481889,48.94917,36.458266,0.8161412,0.87111094,81.444478,70.947175,0.81854167,0.77987367,102.16872,79.678698,0.71173954,0.79364235,84.380115,66.967633,0.77790813,0.81571658,82.837391,67.571833
0b_baseline_last,file,19,baseline,8500,145.Elegant_Tern/Elegant_Tern_0052_150695.jpg,145,144,145.Elegant_Tern,143,142,color_jitter,color_jitter,0,"{""brightness"":0.829012,""contrast"":1.005591,""hue"":-0.029311,""saturation"":1.267333}",3.0780139,4.9843593,1.9063454,0.046050634,0.0068441634,0.86916053,0.97926271,-0.8231099,-0.97241855,-0.14930865,0.90345287,1.0949159,186.89659,204.63605,False,0.96670932,True,False,False,0.90345287,1.0949159,186.89659,204.63605,0.90068138,1.0947316,182.89262,200.21833,0.96582472,1.099072,38.478878,42.291056,0.84684487,0.94207153,48.94917,46.113619,0.89596341,1.2054585,81.444478,98.177938,0.91962863,1.0766277,102.16872,109.99768,0.89945894,1.0746293,84.380115,90.677348,0.90274838,1.0797475,82.837391,89.443469
0b_baseline_last,file,19,baseline,8500,145.Elegant_Tern/Elegant_Tern_0052_150695.jpg,145,144,145.Elegant_Tern,143,142,rotation,rotation,0,"{""angle"":13.759029}",3.0780139,1.3013966,-1.7766173,0.046050634,0.27215144,0.86916053,0.30400494,-0.8231099,-0.031853497,0.7912564,0.74113089,0.66804212,186.89659,124.85479,False,0.95318806,True,False,False,0.74113089,0.66804212,186.89659,124.85479,0.73605716,0.67177562,182.89262,122.8628,0.88272837,0.57729734,38.478878,22.213754,0.85572655,0.55809147,48.94917,27.318114,0.79241333,0.72672075,81.444478,59.187392,0.77948329,0.66283098,102.16872,67.720596,0.66801327,0.64559756,84.380115,54.475597,0.65470449,0.69265158,82.837391,57.377449
0b_baseline_last,file,19,baseline,8500,145.Elegant_Tern/Elegant_Tern_0052_150695.jpg,145,144,145.Elegant_Tern,143,142,random_resized_crop,random_resized_crop,0,"{""area_fraction"":0.613463,""aspect"":0.931375,""fallback"":false,""height"":0.811581,""left"":0.006784,""top"":0.04574,""width"":0.755886}",3.0780139,1.7137573,-1.3642566,0.046050634,0.18018751,0.86916053,0.57981545,-0.8231099,-0.39962794,0.42348196,0.8022774,0.79535416,186.89659,148.64898,False,0.95461321,True,False,False,0.8022774,0.79535416,186.89659,148.64898,0.79573024,0.79337187,182.89262,145.10186,0.94335574,0.83888997,38.478878,32.279545,0.79397555,0.79369438,48.94917,38.850681,0.81167137,0.88521063,81.444478,72.095517,0.81931615,0.76696906,102.16872,78.360251,0.76244149,0.73770018,84.380115,62.247227,0.78445635,0.79457713,82.837391,65.820696
0b_baseline_last,file,19,baseline,8500,145.Elegant_Tern/Elegant_Tern_0052_150695.jpg,145,144,145.Elegant_Tern,143,142,gaussian_blur,gaussian_blur,0,"{""sigma"":1.052807}",3.0780139,0.49692848,-2.5810854,0.046050634,0.60839647,0.86916053,0.2916621,-0.8231099,0.31673437,1.1398443,0.72273983,0.37627264,186.89659,70.324072,False,0.92537999,False,False,True,0.72273983,0.37627264,186.89659,70.324072,0.7139428,0.37580366,182.89262,68.731715,0.91615417,0.38671615,38.478878,14.880403,0.69849405,0.27967786,48.94917,13.689999,0.7002916,0.3755623,81.444478,30.587475,0.70006653,0.38098115,102.16872,38.924358,0.71397491,0.38557879,84.380115,32.535183,0.75996836,0.38693886,82.837391,32.053006
0b_baseline_last,file,19,baseline,8500,145.Elegant_Tern/Elegant_Tern_0052_150695.jpg,145,144,145.Elegant_Tern,143,142,random_erasing,random_erasing,0,"{""area_fraction"":0.067349,""erased"":true,""height"":0.163217,""left"":0.502052,""top"":0.022515,""width"":0.412632}",3.0780139,3.0943301,0.016316175,0.046050634,0.045305356,0.86916053,0.85544384,-0.8231099,-0.81013848,0.01297142,0.98439456,1.017849,186.89659,190.23251,False,0.99711657,True,False,False,0.98439456,1.017849,186.89659,190.23251,0.98384638,1.0184656,182.89262,186.26983,0.99705831,1.00382,38.478878,38.625865,0.97963582,1.0375068,48.94917,50.785096,0.97940545,1.0029594,81.444478,81.685507,0.98810791,1.0199472,102.16872,104.20671,0.98538389,1.0249263,84.380115,86.483399,0.98166507,1.017649,82.837391,84.299384
0b_baseline_last,file,19,baseline,7770,133.White_throated_Sparrow/White_Throated_Sparrow_0124_128801.jpg,133,132,133.White_throated_Sparrow,127,126,identity,identity,0,{},2.3742347,2.3742347,0,0.093085691,0.093085691,0.1721279,0.1721279,-0.079042211,-0.079042211,0,1,1,149.00396,149.00396,False,1.0000001,True,False,False,1,1,149.00396,149.00396,1,1,146.76671,146.76671,1,1,25.723772,25.723772,1,1,35.988713,35.988713,1,1,78.177838,78.177838,1,1,83.985515,83.985515,1,1,60.780198,60.780198,1,1,58.186833,58.186833
0b_baseline_last,file,19,baseline,7770,133.White_throated_Sparrow/White_Throated_Sparrow_0124_128801.jpg,133,132,133.White_throated_Sparrow,127,126,horizontal_flip,horizontal_flip,0,"{""flipped"":true}",2.3742347,3.9694118,1.5951772,0.093085691,0.018884538,0.1721279,0.0056811022,-0.079042211,0.013203436,0.092245647,0.43082707,1.0312627,149.00396,153.66223,False,0.91308713,False,False,False,0.43082707,1.0312627,149.00396,153.66223,0.41727203,1.0273758,146.76671,150.78457,0.82748398,1.150645,25.723772,29.59893,0.41372975,0.80247347,35.988713,28.879988,0.34813782,0.8196193,78.177838,64.076065,0.41011528,1.032163,83.985515,86.68674,0.44128563,1.2232025,60.780198,74.346492,0.51855441,1.1849878,58.186833,68.950689
0b_baseline_last,file,19,baseline,7770,133.White_throated_Sparrow/White_Throated_Sparrow_0124_128801.jpg,133,132,133.White_throated_Sparrow,127,126,color_jitter,color_jitter,0,"{""brightness"":1.100559,""contrast"":0.734844,""hue"":0.028579,""saturation"":0.80646}",2.3742347,5.0143967,2.640162,0.093085691,0.0066416385,0.1721279,0.12830354,-0.079042211,-0.1216619,-0.042619693,0.85245809,1.0738296,149.00396,160.00487,False,0.9450947,False,False,False,0.85245809,1.0738296,149.00396,160.00487,0.85062273,1.0723418,146.76671,157.38408,0.91042055,1.1211853,25.723772,28.841115,0.87222129,0.99144309,35.988713,35.680761,0.88867137,1.1069071,78.177838,86.535603,0.85878303,0.987366,83.985515,82.924442,0.82149619,1.1378576,60.780198,69.159207,0.80324505,1.1333346,58.186833,65.94515
0b_baseline_last,file,19,baseline,7770,133.White_throated_Sparrow/White_Throated_Sparrow_0124_128801.jpg,133,132,133.White_throated_Sparrow,127,126,rotation,rotation,0,"{""angle"":-11.09905}",2.3742347,4.4049096,2.0306749,0.093085691,0.012217212,0.1721279,0.0011708775,-0.079042211,0.011046335,0.090088546,0.5130992,1.3788532,149.00396,205.4546,False,0.91153371,False,False,False,0.5130992,1.3788532,149.00396,205.4546,0.50601949,1.3808211,146.76671,202.65857,0.75606093,1.3131863,25.723772,33.780105,0.47771386,1.3057818,35.988713,46.993407,0.4867516,1.2966319,78.177838,101.36788,0.49239782,1.3073948,83.985515,109.80223,0.51029646,1.5860979,60.780198,96.403347,0.5767232,1.4619772,58.186833,85.067822
0b_baseline_last,file,19,baseline,7770,133.White_throated_Sparrow/White_Throated_Sparrow_0124_128801.jpg,133,132,133.White_throated_Sparrow,127,126,random_resized_crop,random_resized_crop,0,"{""area_fraction"":0.738661,""aspect"":0.874922,""fallback"":false,""height"":0.918836,""left"":0.017629,""top"":0.017519,""width"":0.80391}",2.3742347,4.0531745,1.6789398,0.093085691,0.017367156,0.1721279,0.082961626,-0.079042211,-0.06559447,0.013447741,0.71120566,1.562422,149.00396,232.80707,False,0.93112332,False,False,False,0.71120566,1.562422,149.00396,232.80707,0.7098028,1.574038,146.76671,231.01638,0.81595975,1.1203446,25.723772,28.81949,0.8366112,1.5718891,35.988713,56.570265,0.76143744,1.5960825,78.177838,124.77828,0.72372019,1.7095599,83.985515,143.57827,0.62018732,1.4941135,60.780198,90.812517,0.63192406,1.3017345,58.186833,75.743808
0b_baseline_last,file,19,baseline,7770,133.White_throated_Sparrow/White_Throated_Sparrow_0124_128801.jpg,133,132,133.White_throated_Sparrow,127,126,gaussian_blur,gaussian_blur,0,"{""sigma"":1.433925}",2.3742347,7.0394478,4.6652131,0.093085691,0.0008766104,0.1721279,0.0036166646,-0.079042211,-0.0027400542,0.076302157,0.36107426,0.96837009,149.00396,144.29098,False,0.81077307,False,False,False,0.36107426,0.96837009,149.00396,144.29098,0.34882438,0.96596564,146.76671,141.7716,0.73121354,1.0436201,25.723772,26.845845,0.33397923,0.98475216,35.988713,35.439963,0.14844842,0.86785784,78.177838,67.847249,0.43064823,0.94515332,83.985515,79.379188,0.40032428,1.0240124,60.780198,62.239677,0.44727537,1.0957505,58.186833,63.75825
0b_baseline_last,file,19,baseline,7770,133.White_throated_Sparrow/White_Throated_Sparrow_0124_128801.jpg,133,132,133.White_throated_Sparrow,127,126,random_erasing,random_erasing,0,"{""area_fraction"":0.06216,""erased"":true,""height"":0.161404,""left"":0.110221,""top"":0.734264,""width"":0.385119}",2.3742347,2.7214894,0.34725475,0.093085691,0.065776721,0.1721279,0.15825948,-0.079042211,-0.092482761,-0.013440549,0.85582787,0.94276922,149.00396,140.47635,False,0.97558177,False,False,False,0.85582787,0.94276922,149.00396,140.47635,0.85274992,0.93761798,146.76671,137.61111,0.95167868,1.0973283,25.723772,28.227424,0.91042031,0.88422394,35.988713,31.822082,0.86815336,0.82088448,78.177838,64.174974,0.88100923,0.95525987,83.985515,80.227992,0.80682842,1.0023334,60.780198,60.92202,0.82428724,1.0393951,58.186833,60.479106
0b_baseline_last,file,19,baseline,9211,157.Yellow_throated_Vireo/Yellow_Throated_Vireo_0028_795008.jpg,157,156,157.Yellow_throated_Vireo,175,174,identity,identity,0,{},0.015176773,0.015176773,0,0.98493779,0.98493779,0.0090035321,0.0090035321,0.97593425,0.97593425,0,1,1,3.5466642,3.5466642,False,1,True,True,True,1,1,3.5466642,3.5466642,1,1,3.5078796,3.5078796,1,1,0.52307501,0.52307501,1,1,0.99529866,0.99529866,1,1,1.9731643,1.9731643,1,1,1.8477702,1.8477702,1,1,1.5296889,1.5296889,1,1,1.291131,1.291131
0b_baseline_last,file,19,baseline,9211,157.Yellow_throated_Vireo/Yellow_Throated_Vireo_0028_795008.jpg,157,156,157.Yellow_throated_Vireo,175,174,horizontal_flip,horizontal_flip,0,"{""flipped"":true}",0.015176773,0.055343729,0.040166955,0.98493779,0.9461599,0.0090035321,0.016540425,0.97593425,0.92961947,-0.046314781,0.49641324,3.0048476,3.5466642,10.657185,False,0.96401465,True,True,True,0.49641324,3.0048476,3.5466642,10.657185,0.48700996,3.0052251,3.5078796,10.541968,0.92178791,2.9878184,0.52307501,1.5628531,0.18413087,3.0135082,0.99529866,2.9993406,0.3467995,2.481993,1.9731643,4.89738,0.53917381,3.2122948,1.8477702,5.9355827,0.55238973,3.1288847,1.5296889,4.7862202,0.71864771,3.4649183,1.291131,4.4736635
0b_baseline_last,file,19,baseline,9211,157.Yellow_throated_Vireo/Yellow_Throated_Vireo_0028_795008.jpg,157,156,157.Yellow_throated_Vireo,175,174,color_jitter,color_jitter,0,"{""brightness"":1.030601,""contrast"":1.114488,""hue"":0.083133,""saturation"":0.990233}",0.015176773,1.5968443,1.5816675,0.98493779,0.20253463,0.0090035321,0.0047248453,0.97593425,0.19780979,-0.77812447,0.70122534,77.771598,3.5466642,275.82974,False,0.81381106,False,True,False,0.70122534,77.771598,3.5466642,275.82974,0.7032514,78.308034,3.5078796,274.69515,0.63797996,47.779694,0.52307501,24.992364,0.82159155,86.597114,0.99529866,86.189992,0.7546754,78.622582,1.9731643,155.13528,0.71478615,84.016014,1.8477702,155.24229,0.63745417,72.593723,1.5296889,111.04581,0.56086358,67.210826,1.291131,86.777982
0b_baseline_last,file,19,baseline,9211,157.Yellow_throated_Vireo/Yellow_Throated_Vireo_0028_795008.jpg,157,156,157.Yellow_throated_Vireo,175,174,rotation,rotation,0,"{""angle"":12.218264}",0.015176773,0.0096616987,-0.0055150744,0.98493779,0.99038482,0.0090035321,0.0051506176,0.97593425,0.9852342,0.0092999446,0.81768554,0.57380121,3.5466642,2.0350802,False,0.96634185,True,True,True,0.81768554,0.57380121,3.5466642,2.0350802,0.81421363,0.57265656,3.5078796,2.0088103,0.96403531,0.62311063,0.52307501,0.3259336,0.82605064,0.60017915,0.99529866,0.5973575,0.86165553,0.52054744,1.9731643,1.0271256,0.78782332,0.57236394,1.8477702,1.0575971,0.78485753,0.60524972,1.5296889,0.92584377,0.81693204,0.62337486,1.291131,0.80485861
0b_baseline_last,file,19,baseline,9211,157.Yellow_throated_Vireo/Yellow_Throated_Vireo_0028_795008.jpg,157,156,157.Yellow_throated_Vireo,175,174,random_resized_crop,random_resized_crop,0,"{""area_fraction"":0.890642,""aspect"":1.078076,""fallback"":false,""height"":0.908922,""left"":0.012699,""top"":0.065138,""width"":0.979888}",0.015176773,0.0044308347,-0.010745938,0.98493779,0.99557894,0.0090035321,0.0029670286,0.97593425,0.99261192,0.016677661,0.88330941,0.27989021,3.5466642,0.99267658,False,0.97902095,True,True,True,0.88330941,0.27989021,3.5466642,0.99267658,0.88112229,0.27922227,3.5078796,0.97947811,0.9766275,0.3084383,0.52307501,0.16133637,0.9200464,0.32705967,0.99529866,0.32552205,0.91564227,0.28334496,1.9731643,0.55908616,0.86723135,0.26605462,1.8477702,0.49160781,0.84383967,0.2625696,1.5296889,0.4016498,0.86162409,0.287547,1.291131,0.37126085
0b_baseline_last,file,19,baseline,9211,157.Yellow_throated_Vireo/Yellow_Throated_Vireo_0028_795008.jpg,157,156,157.Yellow_throated_Vireo,175,174,gaussian_blur,gaussian_blur,0,"{""sigma"":1.410655}",0.015176773,0.0095710224,-0.0056057507,0.98493779,0.99047464,0.0090035321,0.001065939,0.97593425,0.9894087,0.013474447,0.49777819,0.49879151,3.5466642,1.769046,False,0.94598442,True,True,True,0.49777819,0.49879151,3.5466642,1.769046,0.48938706,0.49774033,3.5078796,1.7460132,0.84500604,0.54397116,0.52307501,0.28453772,0.40008313,0.45627713,0.99529866,0.45413201,0.22941699,0.37840747,1.9731643,0.74666013,0.55636709,0.50051245,1.8477702,0.92483201,0.59357652,0.57143633,1.5296889,0.8741198,0.69701784,0.63179947,1.291131,0.8157359
0b_baseline_last,file,19,baseline,9211,157.Yellow_throated_Vireo/Yellow_Throated_Vireo_0028_795008.jpg,157,156,157.Yellow_throated_Vireo,175,174,random_erasing,random_erasing,0,"{""area_fraction"":0.122271,""erased"":true,""height"":0.444009,""left"":0.72329,""top"":0.527041,""width"":0.275381}",0.015176773,0.017561302,0.0023845285,0.98493779,0.98259199,0.0090035321,0.01189221,0.97593425,0.97069978,-0.005234478,0.98263543,1.1592372,3.5466642,4.1114252,False,0.99482924,True,True,True,0.98263543,1.1592372,3.5466642,4.1114252,0.98242374,1.1584149,3.5078796,4.0635802,0.99234004,1.1956346,0.52307501,0.62540659,0.98743678,1.1128437,0.99529866,1.1076119,0.98780939,1.1961991,1.9731643,2.3602973,0.98534795,1.1347063,1.8477702,2.0966765,0.98076128,1.1506632,1.5296889,1.7601568,0.96509238,1.1541757,1.291131,1.490192
0b_baseline_last,file,19,baseline,2502,044.Frigatebird/Frigatebird_0004_43221.jpg,44,43,044.Frigatebird,33,32,identity,identity,0,{},2.2013934,2.2013934,0,0.11064887,0.11064887,0.073643163,0.073643163,0.037005708,0.037005708,0,1,1,135.10464,135.10464,False,0.99999988,True,True,True,1,1,135.10464,135.10464,1,1,133.42943,133.42943,1,1,21.209706,21.209706,1,1,56.864141,56.864141,1,1,63.745572,63.745572,1,1,59.391821,59.391821,1,1,58.73617,58.73617,1,1,59.405868,59.405868
0b_baseline_last,file,19,baseline,2502,044.Frigatebird/Frigatebird_0004_43221.jpg,44,43,044.Frigatebird,33,32,horizontal_flip,horizontal_flip,0,"{""flipped"":true}",2.2013934,2.3931689,0.19177556,0.11064887,0.09133976,0.073643163,0.096914247,0.037005708,-0.0055744871,-0.042580195,0.68894341,1.0864694,135.10464,146.78705,False,0.9481132,False,True,False,0.68894341,1.0864694,135.10464,146.78705,0.68246671,1.086518,133.42943,144.97347,0.94573443,1.0845433,21.209706,23.002845,0.884687,0.84326092,56.864141,47.951308,0.75801202,1.1705917,63.745572,74.62004,0.57978285,1.146148,59.391821,68.071817,0.54647958,1.0859761,58.73617,63.786079,0.70477459,1.1225958,59.405868,66.688779
0b_baseline_last,file,19,baseline,2502,044.Frigatebird/Frigatebird_0004_43221.jpg,44,43,044.Frigatebird,33,32,color_jitter,color_jitter,0,"{""brightness"":1.134893,""contrast"":0.984106,""hue"":0.071843,""saturation"":0.992781}",2.2013934,2.9617808,0.76038742,0.11064887,0.051726721,0.073643163,0.025509501,0.037005708,0.02621722,-0.010788487,0.56032884,1.0857049,135.10464,146.68377,False,0.86814797,False,True,False,0.56032884,1.0857049,135.10464,146.68377,0.55417809,1.0805044,133.42943,144.17109,0.77412485,1.2745955,21.209706,27.033796,0.77744332,0.95666955,56.864141,54.400193,0.59313082,0.95595487,63.745572,60.93789,0.43600604,1.1796253,59.391821,70.060094,0.46752565,1.113882,58.73617,65.42516,0.56153414,1.1811721,59.405868,70.168555
0b_baseline_last,file,19,baseline,2502,044.Frigatebird/Frigatebird_0004_43221.jpg,44,43,044.Frigatebird,33,32,rotation,rotation,0,"{""angle"":1.568531}",2.2013934,2.1022017,-0.099191666,0.11064887,0.1221871,0.073643163,0.080145136,0.037005708,0.042041965,0.0050362572,0.85691239,1.0125845,135.10464,136.80486,False,0.98398268,True,True,True,0.85691239,1.0125845,135.10464,136.80486,0.85386318,1.0131947,133.42943,135.18999,0.98091133,0.98813212,21.209706,20.957992,0.90814513,0.99352313,56.864141,56.49584,0.84149936,1.052926,63.745572,67.11937,0.78561308,1.0185999,59.391821,60.496503,0.84284887,0.99439532,58.73617,58.406972,0.90095365,0.99706061,59.405868,59.231251
0b_baseline_last,file,19,baseline,2502,044.Frigatebird/Frigatebird_0004_43221.jpg,44,43,044.Frigatebird,33,32,random_resized_crop,random_resized_crop,0,"{""area_fraction"":0.559706,""aspect"":0.917259,""fallback"":false,""height"":0.781149,""left"":0.063872,""top"":0.170119,""width"":0.716516}",2.2013934,3.6244657,1.4230723,0.11064887,0.026663339,0.073643163,0.0063120178,0.037005708,0.020351321,-0.016654387,0.51920543,1.1051799,135.10464,149.31493,False,0.83593255,False,True,False,0.51920543,1.1051799,135.10464,149.31493,0.51117779,1.1024351,133.42943,147.09728,0.81109496,1.2088151,21.209706,25.638612,0.69026946,0.88529817,56.864141,50.34172,0.41382708,1.0640985,63.745572,67.831568,0.46129221,1.2100883,59.391821,71.869345,0.47999694,1.1731903,58.73617,68.908703,0.58542692,1.1402764,59.405868,67.739108
0b_baseline_last,file,19,baseline,2502,044.Frigatebird/Frigatebird_0004_43221.jpg,44,43,044.Frigatebird,33,32,gaussian_blur,gaussian_blur,0,"{""sigma"":1.152273}",2.2013934,2.255589,0.054195642,0.11064887,0.1048118,0.073643163,0.043413937,0.037005708,0.061397858,0.02439215,0.74923488,1.1737087,135.10464,158.57349,False,0.93097949,False,True,False,0.74923488,1.1737087,135.10464,158.57349,0.74547429,1.1760207,133.42943,156.91576,0.91432245,1.0782366,21.209706,22.86908,0.83317775,1.1027802,56.864141,62.708651,0.77282642,1.1606091,63.745572,73.98369,0.67159404,1.2438915,59.391821,73.876979,0.69608907,1.1943058,58.73617,70.148947,0.76901209,1.1708456,59.405868,69.555101
0b_baseline_last,file,19,baseline,2502,044.Frigatebird/Frigatebird_0004_43221.jpg,44,43,044.Frigatebird,33,32,random_erasing,random_erasing,0,"{""area_fraction"":0.067101,""erased"":true,""height"":0.272785,""left"":0.255592,""top"":0.051488,""width"":0.245987}",2.2013934,3.3007283,1.099335,0.11064887,0.03685632,0.073643163,0.0077482881,0.037005708,0.029108032,-0.007897676,0.68416055,1.0330862,135.10464,139.57474,False,0.82625008,False,True,False,0.68416055,1.0330862,135.10464,139.57474,0.68096755,1.0329988,133.42943,137.83244,0.81009959,1.0365381,21.209706,21.984668,0.86788143,0.88497035,56.864141,50.323079,0.66654792,0.92869816,63.745572,59.200395,0.67976774,1.1199372,59.391821,66.515109,0.60997474,1.0972679,58.73617,64.449312,0.64337288,1.1144023,59.405868,66.202035
0b_baseline_last,file,19,baseline,8194,140.Summer_Tanager/Summer_Tanager_0095_139882.jpg,140,139,140.Summer_Tanager,139,138,identity,identity,0,{},0.0035714433,0.0035714433,0,0.99643493,0.99643493,0.00199971,0.00199971,0.99443522,0.99443522,0,1,1,0.41229955,0.41229955,False,1,True,True,True,1,1,0.41229955,0.41229955,1,1,0.39641907,0.39641907,1,1,0.11332627,0.11332627,1,1,0.070968318,0.070968318,1,1,0.15379075,0.15379075,1,1,0.17843283,0.17843283,1,1,0.19601546,0.19601546,1,1,0.24124603,0.24124603
0b_baseline_last,file,19,baseline,8194,140.Summer_Tanager/Summer_Tanager_0095_139882.jpg,140,139,140.Summer_Tanager,139,138,horizontal_flip,horizontal_flip,0,"{""flipped"":true}",0.0035714433,0.010246412,0.0066749686,0.99643493,0.98980588,0.00199971,0.0045566815,0.99443522,0.9852492,-0.0091860213,0.68071131,2.8415372,0.41229955,1.1715645,False,0.97043973,True,True,True,0.68071131,2.8415372,0.41229955,1.1715645,0.66030209,2.8642814,0.39641907,1.1354558,0.9659526,2.5468382,0.11332627,0.28862369,0.49156446,2.6137972,0.070968318,0.18549679,0.5640006,2.6474934,0.15379075,0.40716001,0.6280473,2.7935725,0.17843283,0.49846505,0.61917154,3.0165167,0.19601546,0.5912839,0.75604006,2.9045243,0.24124603,0.70070496
0b_baseline_last,file,19,baseline,8194,140.Summer_Tanager/Summer_Tanager_0095_139882.jpg,140,139,140.Summer_Tanager,139,138,color_jitter,color_jitter,0,"{""brightness"":1.311467,""contrast"":0.72312,""hue"":-0.031834,""saturation"":1.171513}",0.0035714433,0.051555466,0.047984023,0.99643493,0.94975096,0.00199971,0.032529689,0.99443522,0.91722127,-0.077213946,0.78707801,17.703468,0.41229955,7.299132,False,0.9685899,True,True,True,0.78707801,17.703468,0.41229955,7.299132,0.77747359,17.983461,0.39641907,7.1289869,0.96566412,13.825597,0.11332627,1.5668034,0.50344636,18.734741,0.070968318,1.3295731,0.68469306,20.5753,0.15379075,3.1642909,0.76186031,20.891254,0.17843283,3.7276855,0.80670427,17.929188,0.19601546,3.5143979,0.87377632,14.827414,0.24124603,3.5770548
0b_baseline_last,file,19,baseline,8194,140.Summer_Tanager/Summer_Tanager_0095_139882.jpg,140,139,140.Summer_Tanager,139,138,rotation,rotation,0,"{""angle"":-7.251492}",0.0035714433,0.00506926,0.0014978168,0.99643493,0.99494356,0.00199971,0.0039272518,0.99443522,0.99101631,-0.0034189096,0.82881022,1.657273,0.41229955,0.68329291,False,0.98222989,True,True,True,0.82881022,1.657273,0.41229955,0.68329291,0.81788743,1.6626687,0.39641907,0.65911359,0.96936578,1.589767,0.11332627,0.18016237,0.83607598,2.0790051,0.070968318,0.1475435,0.85499063,1.7989904,0.15379075,0.2766681,0.82371702,1.6229415,0.17843283,0.28958604,0.76631597,1.7415089,0.19601546,0.34136266,0.84080993,1.5271241,0.24124603,0.36841263
0b_baseline_last,file,19,baseline,8194,140.Summer_Tanager/Summer_Tanager_0095_139882.jpg,140,139,140.Summer_Tanager,139,138,random_resized_crop,random_resized_crop,0,"{""area_fraction"":0.795468,""aspect"":1.02862,""fallback"":false,""height"":0.879395,""left"":0.029785,""top"":0.00761,""width"":0.904563}",0.0035714433,0.0027543486,-0.0008170947,0.99643493,0.99724942,0.00199971,0.0010344969,0.99443522,0.99621493,0.0017797105,0.82289315,0.83993723,0.41229955,0.34630574,False,0.98850536,True,True,True,0.82289315,0.83993723,0.41229955,0.34630574,0.81311489,0.84858062,0.39641907,0.33639354,0.97216076,0.72588737,0.11332627,0.082262111,0.80995836,0.81236459,0.070968318,0.057652149,0.77171511,0.94632821,0.15379075,0.14553653,0.79785292,0.88531843,0.17843283,0.15796987,0.7827958,0.84450815,0.19601546,0.16553665,0.86929818,0.78974658,0.24124603,0.19052323
0b_baseline_last,file,19,baseline,8194,140.Summer_Tanager/Summer_Tanager_0095_139882.jpg,140,139,140.Summer_Tanager,139,138,gaussian_blur,gaussian_blur,0,"{""sigma"":1.977685}",0.0035714433,0.064415522,0.060844079,0.99643493,0.93761533,0.00199971,0.0066746557,0.99443522,0.93094068,-0.063494538,0.56046029,24.979777,0.41229955,10.299151,False,0.9450202,True,True,True,0.56046029,24.979777,0.41229955,10.299151,0.55168248,25.63782,0.39641907,10.163321,0.8320939,14.711144,0.11332627,1.6671591,0.1402378,37.358887,0.070968318,2.6512974,0.48790469,30.586739,0.15379075,4.7039576,0.5253565,28.871571,0.17843283,5.151636,0.58411496,27.061931,0.19601546,5.3045568,0.70765315,18.285129,0.24124603,4.4112148
0b_baseline_last,file,19,baseline,8194,140.Summer_Tanager/Summer_Tanager_0095_139882.jpg,140,139,140.Summer_Tanager,139,138,random_erasing,random_erasing,0,"{""area_fraction"":0.156568,""erased"":true,""height"":0.331352,""left"":0.50122,""top"":0.172836,""width"":0.472513}",0.0035714433,0.0041014371,0.00052999379,0.99643493,0.99590695,0.00199971,0.0020834063,0.99443522,0.99382354,-0.00061167427,0.94054026,1.2432686,0.41229955,0.51259909,False,0.98882204,True,True,True,0.94054026,1.2432686,0.41229955,0.51259909,0.93748104,1.2525395,0.39641907,0.49653053,0.98743811,1.1236505,0.11332627,0.12733913,0.92891056,1.288481,0.070968318,0.091441332,0.91831237,1.2907115,0.15379075,0.1984995,0.93114575,1.3258446,0.17843283,0.23657419,0.9391795,1.2542619,0.19601546,0.24585472,0.95180761,1.1896433,0.24124603,0.28699671
0b_baseline_last,file,19,baseline,1426,026.Bronzed_Cowbird/Bronzed_Cowbird_0040_24134.jpg,26,25,026.Bronzed_Cowbird,27,26,identity,identity,0,{},0.22251068,0.22251068,0,0.80050647,0.80050647,0.16313021,0.16313021,0.63737626,0.63737626,0,1,1,47.741584,47.741584,False,0.99999988,True,True,True,1,1,47.741584,47.741584,1,1,46.991364,46.991364,1,1,8.4303384,8.4303384,1,1,15.903159,15.903159,1,1,27.337828,27.337828,1,1,22.615779,22.615779,1,1,19.194786,19.194786,1,1,18.110982,18.110982
0b_baseline_last,file,19,baseline,1426,026.Bronzed_Cowbird/Bronzed_Cowbird_0040_24134.jpg,26,25,026.Bronzed_Cowbird,27,26,horizontal_flip,horizontal_flip,0,"{""flipped"":true}",0.22251068,0.045356452,-0.17715423,0.80050647,0.95565677,0.16313021,0.036946718,0.63737626,0.91871005,0.28133379,0.6757848,0.20986452,47.741584,10.019265,False,0.966295,True,True,True,0.6757848,0.20986452,47.741584,10.019265,0.66588994,0.20941777,46.991364,9.8408267,0.96545442,0.22330032,8.4303384,1.8824973,0.76718812,0.20525829,15.903159,3.2642553,0.65372027,0.18221702,27.337828,4.9814176,0.58321592,0.20682193,22.615779,4.677439,0.63734582,0.2393779,19.194786,4.5948076,0.78782493,0.23672604,18.110982,4.2873411
0b_baseline_last,file,19,baseline,1426,026.Bronzed_Cowbird/Bronzed_Cowbird_0040_24134.jpg,26,25,026.Bronzed_Cowbird,27,26,color_jitter,color_jitter,0,"{""brightness"":1.120585,""contrast"":1.202291,""hue"":-0.091552,""saturation"":0.804479}",0.22251068,2.2870426,2.0645319,0.80050647,0.1015664,0.16313021,0.36105472,0.63737626,-0.25948832,-0.89686459,0.52634153,3.0555805,47.741584,145.87825,False,0.91406417,False,True,False,0.52634153,3.0555805,47.741584,145.87825,0.51495162,3.0304556,46.991364,142.40524,0.82369416,3.7533415,8.4303384,31.641939,0.30060501,1.4951007,15.903159,23.776824,0.481278,1.8621873,27.337828,50.908157,0.55292611,3.2180845,22.615779,72.779487,0.53554625,3.8336523,19.194786,73.586137,0.68683147,4.420832,18.110982,80.065608
0b_baseline_last,file,19,baseline,1426,026.Bronzed_Cowbird/Bronzed_Cowbird_0040_24134.jpg,26,25,026.Bronzed_Cowbird,27,26,rotation,rotation,0,"{""angle"":-9.19095}",0.22251068,0.0099850213,-0.21252566,0.80050647,0.99006468,0.16313021,0.005017939,0.63737626,0.98504674,0.34767048,0.76159754,0.035523291,47.741584,1.6959382,False,0.96374208,True,True,True,0.76159754,0.035523291,47.741584,1.6959382,0.75538458,0.035291478,46.991364,1.6583947,0.93486018,0.042094506,8.4303384,0.35487094,0.85057471,0.033864075,15.903159,0.53854578,0.7967228,0.031721869,27.337828,0.867207,0.65560276,0.035070996,22.615779,0.79315788,0.73151182,0.038297429,19.194786,0.73511097,0.79833587,0.040526011,18.110982,0.73396585
0b_baseline_last,file,19,baseline,1426,026.Bronzed_Cowbird/Bronzed_Cowbird_0040_24134.jpg,26,25,026.Bronzed_Cowbird,27,26,random_resized_crop,random_resized_crop,0,"{""area_fraction"":0.61533,""aspect"":1.063927,""fallback"":false,""height"":0.760498,""left"":0.045727,""top"":0.132606,""width"":0.809115}",0.22251068,0.00080910366,-0.22170158,0.80050647,0.99919122,0.16313021,0.0004063388,0.63737626,0.99878489,0.36140862,0.60130746,0.0028617375,47.741584,0.13662388,False,0.90763509,True,True,True,0.60130746,0.0028617375,47.741584,0.13662388,0.59061242,0.0028311179,46.991364,0.13303809,0.87666122,0.0036885642,8.4303384,0.031095845,0.73062948,0.0022558915,15.903159,0.035875803,0.59062036,0.0022287759,27.337828,0.060929894,0.54842485,0.0028754038,22.615779,0.065029496,0.58169943,0.0033625196,19.194786,0.064542846,0.64329384,0.0036227994,18.110982,0.065612454
0b_baseline_last,file,19,baseline,1426,026.Bronzed_Cowbird/Bronzed_Cowbird_0040_24134.jpg,26,25,026.Bronzed_Cowbird,27,26,gaussian_blur,gaussian_blur,0,"{""sigma"":1.831411}",0.22251068,3.6602595,3.4377488,0.80050647,0.025725838,0.16313021,0.083860673,0.63737626,-0.058134835,-0.6955111,0.2352781,4.677491,47.741584,223.31083,False,0.82297027,False,True,False,0.2352781,4.677491,47.741584,223.31083,0.22586604,4.6851556,46.991364,220.16185,0.54471563,4.4327525,8.4303384,37.369603,0.35232789,4.1313042,15.903159,65.700789,0.22438147,3.3950205,27.337828,92.812488,0.18149495,5.3229183,22.615779,120.38194,0.16868324,5.4512942,19.194786,104.63643,0.31117196,5.5490216,18.110982,100.49823
0b_baseline_last,file,19,baseline,1426,026.Bronzed_Cowbird/Bronzed_Cowbird_0040_24134.jpg,26,25,026.Bronzed_Cowbird,27,26,random_erasing,random_erasing,0,"{""area_fraction"":0.071116,""erased"":true,""height"":0.165718,""left"":0.343814,""top"":0.117426,""width"":0.429138}",0.22251068,0.42078632,0.19827564,0.80050647,0.65653038,0.16313021,0.26204163,0.63737626,0.39448875,-0.24288751,0.93930382,1.5526329,47.741584,74.125156,False,0.98980808,True,True,True,0.93930382,1.5526329,47.741584,74.125156,0.93767945,1.5516143,46.991364,72.912472,0.98893654,1.5839564,8.4303384,13.353288,0.97703188,1.5262601,15.903159,24.272358,0.96793971,1.5359448,27.337828,41.989396,0.93059291,1.5349971,22.615779,34.715156,0.88727646,1.5445483,19.194786,29.647274,0.91014885,1.6378231,18.110982,29.662584
0b_baseline_last,file,19,baseline,8057,138.Tree_Swallow/Tree_Swallow_0071_136749.jpg,138,137,138.Tree_Swallow,136,135,identity,identity,0,{},0.045271348,0.045271348,0,0.95573813,0.95573813,0.0052387835,0.0052387835,0.95049934,0.95049934,0,1,1,7.1250902,7.1250902,False,1,True,True,True,1,1,7.1250902,7.1250902,1,1,7.042655,7.042655,1,1,1.0807042,1.0807042,1,1,2.2367597,2.2367597,1,1,2.8464497,2.8464497,1,1,3.3534217,3.3534217,1,1,3.5046136,3.5046136,1,1,3.6008145,3.6008145
0b_baseline_last,file,19,baseline,8057,138.Tree_Swallow/Tree_Swallow_0071_136749.jpg,138,137,138.Tree_Swallow,136,135,horizontal_flip,horizontal_flip,0,"{""flipped"":true}",0.045271348,0.043436829,-0.0018345192,0.95573813,0.95749307,0.0052387835,0.0026785966,0.95049934,0.95481447,0.0043151265,0.5459295,0.90169392,7.1250902,6.4246506,False,0.95443958,True,True,True,0.5459295,0.90169392,7.1250902,6.4246506,0.53556142,0.899452,7.042655,6.3345301,0.94763067,0.99223876,1.0807042,1.0723166,0.35701651,0.49457148,2.2367597,1.1062376,0.46471965,0.83285689,2.8464497,2.3706853,0.51312289,0.97174221,3.3534217,3.2586614,0.49986431,0.93812143,3.5046136,3.2877532,0.68612293,0.95616923,3.6008145,3.442988
0b_baseline_last,file,19,baseline,8057,138.Tree_Swallow/Tree_Swallow_0071_136749.jpg,138,137,138.Tree_Swallow,136,135,color_jitter,color_jitter,0,"{""brightness"":1.206844,""contrast"":1.17016,""hue"":-0.054568,""saturation"":1.013813}",0.045271348,0.52271199,0.47744064,0.95573813,0.59291041,0.0052387835,0.0032593934,0.95049934,0.58965102,-0.36084833,0.64648943,7.7919579,7.1250902,55.518403,False,0.90170026,True,True,True,0.64648943,7.7919579,7.1250902,55.518403,0.64113823,7.7468757,7.042655,54.558572,0.84485548,9.5112755,1.0807042,10.278876,0.64197031,5.3101875,2.2367597,11.877613,0.61119841,7.3941776,2.8464497,21.047155,0.63635214,8.0076849,3.3534217,26.853145,0.62283398,8.1211316,3.5046136,28.461428,0.69308287,8.150984,3.6008145,29.350181
0b_baseline_last,file,19,baseline,8057,138.Tree_Swallow/Tree_Swallow_0071_136749.jpg,138,137,138.Tree_Swallow,136,135,rotation,rotation,0,"{""angle"":1.769558}",0.045271348,0.0083979797,-0.036873369,0.95573813,0.99163717,0.0052387835,0.00069404626,0.95049934,0.99094312,0.04044378,0.81816456,0.18137836,7.1250902,1.2923372,False,0.975586,True,True,True,0.81816456,0.18137836,7.1250902,1.2923372,0.81423947,0.18051859,7.042655,1.2713301,0.97030962,0.214737,1.0807042,0.23206718,0.82194104,0.14967849,2.2367597,0.33479482,0.75353277,0.16472068,2.8464497,0.46886913,0.77508762,0.17923336,3.3534217,0.60104504,0.80933691,0.18448885,3.5046136,0.64656216,0.88823059,0.19736462,3.6008145,0.71067339
0b_baseline_last,file,19,baseline,8057,138.Tree_Swallow/Tree_Swallow_0071_136749.jpg,138,137,138.Tree_Swallow,136,135,random_resized_crop,random_resized_crop,0,"{""area_fraction"":0.626762,""aspect"":0.844886,""fallback"":false,""height"":0.861296,""left"":0.241021,""top"":0.06522,""width"":0.727697}",0.045271348,0.12563309,0.080361743,0.95573813,0.8819384,0.0052387835,0.014490371,0.95049934,0.86744803,-0.083051316,0.61837607,2.503073,7.1250902,17.834621,False,0.94459623,True,True,True,0.61837607,2.503073,7.1250902,17.834621,0.61068712,2.5007093,7.042655,17.611633,0.93273161,2.6014743,1.0807042,2.8114243,0.67349148,1.8339783,2.2367597,4.1021689,0.57212891,2.3623949,2.8464497,6.7244384,0.5813257,2.8190533,3.3534217,9.4534745,0.54808461,2.4722248,3.5046136,8.6641926,0.7147183,2.540558,3.6008145,9.148078
0b_baseline_last,file,19,baseline,8057,138.Tree_Swallow/Tree_Swallow_0071_136749.jpg,138,137,138.Tree_Swallow,136,135,gaussian_blur,gaussian_blur,0,"{""sigma"":1.500453}",0.045271348,0.022588339,-0.02268301,0.95573813,0.97766489,0.0052387835,0.0010901117,0.95049934,0.97657478,0.026075433,0.59208175,0.57719637,7.1250902,4.1125762,False,0.93742216,True,True,True,0.59208175,0.57719637,7.1250902,4.1125762,0.58437904,0.57707995,7.042655,4.064175,0.91638844,0.58211881,1.0807042,0.62909825,0.73703596,0.4741861,2.2367597,1.0606404,0.43370164,0.57645957,2.8464497,1.6408632,0.53451598,0.63368928,3.3534217,2.1250274,0.58014698,0.60098915,3.5046136,2.1062348,0.69726982,0.53766089,3.6008145,1.9360171
0b_baseline_last,file,19,baseline,8057,138.Tree_Swallow/Tree_Swallow_0071_136749.jpg,138,137,138.Tree_Swallow,136,135,random_erasing,random_erasing,0,"{""area_fraction"":0.10052,""erased"":true,""height"":0.467644,""left"":0.354237,""top"":0.180268,""width"":0.214951}",0.045271348,0.036726668,-0.0085446797,0.95573813,0.96393955,0.0052387835,0.00098700146,0.95049934,0.96295255,0.012453202,0.72118444,0.71711564,7.1250902,5.1095136,False,0.94858265,True,True,True,0.72118444,0.71711564,7.1250902,5.1095136,0.71544689,0.71251916,7.042655,5.0180266,0.9336197,0.89068642,1.0807042,0.96256856,0.83305912,0.50223144,2.2367597,1.123371,0.70093419,0.67147109,2.8464497,1.9113087,0.71248742,0.74263392,3.3534217,2.4903647,0.67529139,0.74086066,3.5046136,2.5964304,0.74740877,0.75148252,3.6008145,2.7059491
0b_baseline_last,file,19,baseline,1802,032.Mangrove_Cuckoo/Mangrove_Cuckoo_0016_794607.jpg,32,31,032.Mangrove_Cuckoo,31,30,identity,identity,0,{},0.58396637,0.58396637,0,0.55768198,0.55768198,0.14523673,0.14523673,0.41244525,0.41244525,0,1,1,82.096668,82.096668,False,1,True,True,True,1,1,82.096668,82.096668,1,1,80.609529,80.609529,1,1,15.55528,15.55528,1,1,16.488967,16.488967,1,1,39.209671,39.209671,1,1,44.135445,44.135445,1,1,36.61214,36.61214,1,1,37.419587,37.419587
0b_baseline_last,file,19,baseline,1802,032.Mangrove_Cuckoo/Mangrove_Cuckoo_0016_794607.jpg,32,31,032.Mangrove_Cuckoo,31,30,horizontal_flip,horizontal_flip,0,"{""flipped"":true}",0.58396637,0.28393081,-0.30003557,0.55768198,0.75281876,0.14523673,0.07501395,0.41244525,0.67780481,0.26535957,0.63086278,0.62083439,82.096668,50.968435,False,0.96227348,True,True,True,0.63086278,0.62083439,82.096668,50.968435,0.62014269,0.61932466,80.609529,49.923469,0.90220092,0.66008718,15.55528,10.267841,0.56487369,0.60228066,16.488967,9.930986,0.70851777,0.64499102,39.209671,25.289886,0.60343699,0.6236996,44.135445,27.527259,0.51539837,0.61700986,36.61214,22.590052,0.65595978,0.58919512,37.419587,22.047438
0b_baseline_last,file,19,baseline,1802,032.Mangrove_Cuckoo/Mangrove_Cuckoo_0016_794607.jpg,32,31,032.Mangrove_Cuckoo,31,30,color_jitter,color_jitter,0,"{""brightness"":0.911889,""contrast"":0.930362,""hue"":-0.019492,""saturation"":0.962992}",0.58396637,1.4190824,0.83511603,0.55768198,0.24193591,0.14523673,0.11574372,0.41244525,0.12619219,-0.28625306,0.8339562,1.9789092,82.096668,162.46185,False,0.9830671,True,True,True,0.8339562,1.9789092,82.096668,162.46185,0.83121822,1.9931492,80.609529,160.66682,0.95459128,1.5482656,15.55528,24.083706,0.68356946,1.9942826,16.488967,32.88366,0.80981879,2.2705641,39.209671,89.028071,0.8408135,1.9552117,44.135445,86.294137,0.83517823,1.9119882,36.61214,70.001979,0.89038784,1.7846211,37.419587,66.779785
0b_baseline_last,file,19,baseline,1802,032.Mangrove_Cuckoo/Mangrove_Cuckoo_0016_794607.jpg,32,31,032.Mangrove_Cuckoo,31,30,rotation,rotation,0,"{""angle"":2.142215}",0.58396637,0.66335446,0.079388082,0.55768198,0.51512051,0.14523673,0.13971326,0.41244525,0.37540725,-0.037037998,0.83593611,0.99867163,82.096668,81.987613,False,0.98349559,True,True,True,0.83593611,0.99867163,82.096668,81.987613,0.8304519,0.99585491,80.609529,80.275395,0.97496596,1.0715477,15.55528,16.668225,0.6477858,1.0663928,16.488967,17.583716,0.82375158,0.89164263,39.209671,34.961014,0.85502712,1.0336658,44.135445,45.621299,0.80649515,1.0410963,36.61214,38.116762,0.87071282,0.99220784,37.419587,37.128008
0b_baseline_last,file,19,baseline,1802,032.Mangrove_Cuckoo/Mangrove_Cuckoo_0016_794607.jpg,32,31,032.Mangrove_Cuckoo,31,30,random_resized_crop,random_resized_crop,0,"{""area_fraction"":0.829096,""aspect"":0.949543,""fallback"":false,""height"":0.934426,""left"":0.08449,""top"":0.019953,""width"":0.887278}",0.58396637,0.50253779,-0.081428587,0.55768198,0.60499334,0.14523673,0.098003671,0.41244525,0.50698967,0.094544426,0.82431591,0.84579581,82.096668,69.437018,False,0.98484766,True,True,True,0.82431591,0.84579581,82.096668,69.437018,0.81834781,0.84262085,80.609529,67.92327,0.97360657,0.92699971,15.55528,14.41974,0.71799649,0.9966408,16.488967,16.433577,0.82235795,0.82513396,39.209671,32.353231,0.83368449,0.81344819,44.135445,35.901898,0.77973878,0.85903355,36.61214,31.451057,0.85742887,0.85293495,37.419587,31.916473
0b_baseline_last,file,19,baseline,1802,032.Mangrove_Cuckoo/Mangrove_Cuckoo_0016_794607.jpg,32,31,032.Mangrove_Cuckoo,31,30,gaussian_blur,gaussian_blur,0,"{""sigma"":1.547055}",0.58396637,1.8434995,1.2595332,0.55768198,0.15826261,0.14523673,0.10763846,0.41244525,0.050624147,-0.3618211,0.62786568,1.7369318,82.096668,142.59631,False,0.92143416,True,True,True,0.62786568,1.7369318,82.096668,142.59631,0.61885042,1.742175,80.609529,140.43591,0.89574065,1.5896739,15.55528,24.727823,0.35254648,1.4256912,16.488967,23.508176,0.42217024,1.533824,39.209671,60.140735,0.70442248,1.8326541,44.135445,80.885005,0.65546884,1.8781145,36.61214,68.76179,0.69778301,1.7487636,37.419587,65.438013
0b_baseline_last,file,19,baseline,1802,032.Mangrove_Cuckoo/Mangrove_Cuckoo_0016_794607.jpg,32,31,032.Mangrove_Cuckoo,31,30,random_erasing,random_erasing,0,"{""area_fraction"":0.110698,""erased"":true,""height"":0.516486,""left"":0.324949,""top"":0.188138,""width"":0.214329}",0.58396637,1.7584882,1.1745218,0.55768198,0.17230517,0.14523673,0.2742314,0.41244525,-0.10192624,-0.51437148,0.76702272,1.7529354,82.096668,143.91015,False,0.93257934,False,True,False,0.76702272,1.7529354,82.096668,143.91015,0.76178615,1.7583935,80.609529,141.74327,0.92495998,1.5994107,15.55528,24.879282,0.8354233,1.788091,16.488967,29.483774,0.84872612,1.7227973,39.209671,67.550315,0.76430023,1.7987226,44.135445,79.387422,0.6625897,1.7420825,36.61214,63.781369,0.74465459,1.7500407,37.419587,65.485801
0b_baseline_last,file,19,baseline,4599,079.Belted_Kingfisher/Belted_Kingfisher_0061_70363.jpg,79,78,079.Belted_Kingfisher,80,79,identity,identity,0,{},0.89779162,0.89779162,0,0.4074685,0.4074685,0.39867249,0.39867249,0.0087960064,0.0087960064,0,1,1,89.439185,89.439185,False,1,True,True,True,1,1,89.439185,89.439185,1,1,87.208388,87.208388,1,1,19.851067,19.851067,1,1,19.63536,19.63536,1,1,37.103033,37.103033,1,1,44.748742,44.748742,1,1,43.320808,43.320808,1,1,44.316795,44.316795
0b_baseline_last,file,19,baseline,4599,079.Belted_Kingfisher/Belted_Kingfisher_0061_70363.jpg,79,78,079.Belted_Kingfisher,80,79,horizontal_flip,horizontal_flip,0,"{""flipped"":true}",0.89779162,0.36169884,-0.53609279,0.4074685,0.69649208,0.39867249,0.23895229,0.0087960064,0.45753978,0.44874378,0.67934827,0.66463235,89.439185,59.444176,False,0.95761788,True,True,True,0.67934827,0.66463235,89.439185,59.444176,0.66751269,0.66901904,87.208388,58.344073,0.95358919,0.57343445,19.851067,11.383286,0.75061371,0.72624719,19.63536,14.260125,0.69882527,0.70238346,37.103033,26.060556,0.6708633,0.67041048,44.748742,30.000025,0.6032158,0.69135408,43.320808,29.950018,0.69347147,0.60737574,44.316795,26.916946
0b_baseline_last,file,19,baseline,4599,079.Belted_Kingfisher/Belted_Kingfisher_0061_70363.jpg,79,78,079.Belted_Kingfisher,80,79,color_jitter,color_jitter,0,"{""brightness"":1.314438,""contrast"":0.666318,""hue"":-0.076595,""saturation"":0.959875}",0.89779162,2.9013314,2.0035398,0.4074685,0.05495001,0.39867249,0.41536465,0.0087960064,-0.36041464,-0.36921065,0.60630175,1.1675046,89.439185,104.42066,False,0.87193435,False,True,False,0.60630175,1.1675046,89.439185,104.42066,0.59145164,1.1532401,87.208388,100.57221,0.85185363,1.4149082,19.851067,28.087439,0.42934844,0.99086391,19.63536,19.45597,0.49061777,0.96916394,37.103033,35.958921,0.59982373,1.1020647,44.748742,49.316011,0.63057198,1.154425,43.320808,50.010623,0.63948827,1.3368693,44.316795,59.24576
0b_baseline_last,file,19,baseline,4599,079.Belted_Kingfisher/Belted_Kingfisher_0061_70363.jpg,79,78,079.Belted_Kingfisher,80,79,rotation,rotation,0,"{""angle"":-2.641464}",0.89779162,0.24619627,-0.65159535,0.4074685,0.7817688,0.39867249,0.1485171,0.0087960064,0.6332517,0.62445569,0.82477416,0.37357123,89.439185,33.411907,False,0.96636516,True,True,True,0.82477416,0.37357123,89.439185,33.411907,0.81761228,0.37387709,87.208388,32.605218,0.96546061,0.36761843,19.851067,7.2976183,0.70957836,0.34073468,19.63536,6.6904481,0.81590712,0.37113759,37.103033,13.77033,0.79928514,0.37776176,44.748742,16.904364,0.81800893,0.38215092,43.320808,16.555087,0.8579627,0.37001317,44.316795,16.397798
0b_baseline_last,file,19,baseline,4599,079.Belted_Kingfisher/Belted_Kingfisher_0061_70363.jpg,79,78,079.Belted_Kingfisher,80,79,random_resized_crop,random_resized_crop,0,"{""area_fraction"":0.569375,""aspect"":0.954949,""fallback"":false,""height"":0.772163,""left"":0.018133,""top"":0.182962,""width"":0.737376}",0.89779162,1.4073762,0.50958455,0.4074685,0.2447847,0.39867249,0.69183642,0.0087960064,-0.44705172,-0.45584773,0.68371713,1.671162,89.439185,149.46737,False,0.92772907,False,True,False,0.68371713,1.671162,89.439185,149.46737,0.67440389,1.6845182,87.208388,146.90412,0.91406997,1.3884487,19.851067,27.56219,0.61610093,1.9187953,19.63536,37.676238,0.68732796,1.9763566,37.103033,73.328822,0.66889699,1.6701622,44.748742,74.737655,0.66140463,1.5471145,43.320808,67.022252,0.70937859,1.5480355,44.316795,68.603971
0b_baseline_last,file,19,baseline,4599,079.Belted_Kingfisher/Belted_Kingfisher_0061_70363.jpg,79,78,079.Belted_Kingfisher,80,79,gaussian_blur,gaussian_blur,0,"{""sigma"":1.382552}",0.89779162,0.12040242,-0.77738921,0.4074685,0.8865636,0.39867249,0.05793079,0.0087960064,0.82863281,0.8198368,0.6249884,0.22060953,89.439185,19.731136,False,0.91511434,True,True,True,0.6249884,0.22060953,89.439185,19.731136,0.61199037,0.22150728,87.208388,19.317293,0.90178627,0.20250511,19.851067,4.0199427,0.18952415,0.21410981,19.63536,4.2041233,0.60967919,0.22145098,37.103033,8.2165028,0.61434807,0.22335722,44.748742,9.9949546,0.61020494,0.23628127,43.320808,10.235896,0.70242316,0.20594583,44.316795,9.1268591
0b_baseline_last,file,19,baseline,4599,079.Belted_Kingfisher/Belted_Kingfisher_0061_70363.jpg,79,78,079.Belted_Kingfisher,80,79,random_erasing,random_erasing,0,"{""area_fraction"":0.079278,""erased"":true,""height"":0.206223,""left"":0.241126,""top"":0.67853,""width"":0.38443}",0.89779162,0.95023656,0.052444935,0.4074685,0.38664955,0.39867249,0.42644542,0.0087960064,-0.039795876,-0.048591882,0.95364796,1.0595288,89.439185,94.763397,False,0.98311669,False,True,False,0.95364796,1.0595288,89.439185,94.763397,0.95220128,1.0611624,87.208388,92.542262,0.98295527,1.0274935,19.851067,20.396843,0.96926715,1.039398,19.63536,20.408954,0.96553988,1.0687519,37.103033,39.653935,0.96359418,1.0699233,44.748742,47.877723,0.94616222,1.0713827,43.320808,46.413166,0.93356717,1.0410797,44.316795,46.137316
0b_baseline_last,file,19,baseline,5159,089.Hooded_Merganser/Hooded_Merganser_0057_796742.jpg,89,88,089.Hooded_Merganser,46,45,identity,identity,0,{},0.0028639513,0.0028639513,0,0.99714017,0.99714017,0.00037903627,0.00037903627,0.99676113,0.99676113,0,1,1,0.46849084,0.46849084,False,1,True,True,True,1,1,0.46849084,0.46849084,1,1,0.46104791,0.46104791,1,1,0.083177482,0.083177482,1,1,0.12310526,0.12310526,1,1,0.18607965,0.18607965,1,1,0.23934982,0.23934982,1,1,0.22572566,0.22572566,1,1,0.23354706,0.23354706
0b_baseline_last,file,19,baseline,5159,089.Hooded_Merganser/Hooded_Merganser_0057_796742.jpg,89,88,089.Hooded_Merganser,46,45,horizontal_flip,horizontal_flip,0,"{""flipped"":true}",0.0028639513,0.0021241975,-0.00073975371,0.99714017,0.99787807,0.00037903627,5.8437527e-05,0.99676113,0.99781964,0.0010585042,0.7093436,0.76551281,0.46849084,0.35863574,False,0.96470588,True,True,True,0.7093436,0.76551281,0.46849084,0.35863574,0.70180982,0.76672203,0.46104791,0.35349559,0.95428672,0.72738153,0.083177482,0.060501765,0.61989227,0.56397638,0.12310526,0.069428456,0.65923299,0.81825171,0.18607965,0.15225999,0.6932038,0.75750395,0.23934982,0.18130843,0.69163043,0.77205576,0.22572566,0.1742728,0.77223429,0.78617207,0.23354706,0.18360817
0b_baseline_last,file,19,baseline,5159,089.Hooded_Merganser/Hooded_Merganser_0057_796742.jpg,89,88,089.Hooded_Merganser,46,45,color_jitter,color_jitter,0,"{""brightness"":0.875831,""contrast"":0.662625,""hue"":-0.092439,""saturation"":1.272939}",0.0028639513,0.11705374,0.11418979,0.99714017,0.88953739,0.00037903627,0.003986143,0.99676113,0.88555125,-0.11120988,0.64121209,39.981921,0.46849084,18.731164,False,0.90278822,True,True,True,0.64121209,39.981921,0.46849084,18.731164,0.6347778,40.182564,0.46104791,18.526087,0.89153867,33.232112,0.083177482,2.7641634,0.79906451,35.834256,0.12310526,4.4113852,0.54296331,45.020464,0.18607965,8.377392,0.63711748,40.048004,0.23934982,9.5854825,0.61143251,41.11033,0.22572566,9.2796563,0.68906676,37.224859,0.23354706,8.6937561
0b_baseline_last,file,19,baseline,5159,089.Hooded_Merganser/Hooded_Merganser_0057_796742.jpg,89,88,089.Hooded_Merganser,46,45,rotation,rotation,0,"{""angle"":-14.44436}",0.0028639513,0.030619174,0.027755223,0.99714017,0.96984482,0.00037903627,0.00049867039,0.99676113,0.96934615,-0.027414985,0.71269845,9.8799851,0.46849084,4.6286826,False,0.94147009,True,True,True,0.71269845,9.8799851,0.46849084,4.6286826,0.7061096,9.8995044,0.46104791,4.5641458,0.93065182,9.2602422,0.083177482,0.77024364,0.28786496,7.8959786,0.12310526,0.97203647,0.6644662,9.8447489,0.18607965,1.8319074,0.77451701,9.6275441,0.23934982,2.3043509,0.71027735,10.272012,0.22572566,2.3186567,0.75447294,10.351392,0.23354706,2.417537
0b_baseline_last,file,19,baseline,5159,089.Hooded_Merganser/Hooded_Merganser_0057_796742.jpg,89,88,089.Hooded_Merganser,46,45,random_resized_crop,random_resized_crop,0,"{""area_fraction"":0.531896,""aspect"":1.118726,""fallback"":false,""height"":0.689528,""left"":0.020748,""top"":0.035089,""width"":0.771392}",0.0028639513,0.17964913,0.17678518,0.99714017,0.83556336,0.00037903627,0.0017354989,0.99676113,0.83382786,-0.16293327,0.68958339,60.037398,0.46849084,28.126971,False,0.88477707,True,True,True,0.68958339,60.037398,0.46849084,28.126971,0.68509986,60.350057,0.46104791,27.824268,0.87089892,49.477484,0.083177482,4.1154125,0.65386924,55.812921,0.12310526,6.870864,0.626808,66.416055,0.18607965,12.358676,0.75673479,60.869522,0.23934982,14.569109,0.68171545,60.687652,0.22572566,13.69876,0.66394518,56.534134,0.23354706,13.203381
0b_baseline_last,file,19,baseline,5159,089.Hooded_Merganser/Hooded_Merganser_0057_796742.jpg,89,88,089.Hooded_Merganser,46,45,gaussian_blur,gaussian_blur,0,"{""sigma"":1.016234}",0.0028639513,0.012263373,0.0093994222,0.99714017,0.98781151,0.00037903627,0.00043117881,0.99676113,0.98738033,-0.0093808059,0.70347661,4.7294395,0.46849084,2.2156991,False,0.96494412,True,True,True,0.70347661,4.7294395,0.46849084,2.2156991,0.69695128,4.7531906,0.46104791,2.1914486,0.95834352,3.9303707,0.083177482,0.32691834,0.15137252,4.7990532,0.12310526,0.59078868,0.56755877,5.0476889,0.18607965,0.93927217,0.76721677,5.0158345,0.23934982,1.2005391,0.75704041,4.7281642,0.22572566,1.067268,0.82215612,4.2621117,0.23354706,0.99540363
0b_baseline_last,file,19,baseline,5159,089.Hooded_Merganser/Hooded_Merganser_0057_796742.jpg,89,88,089.Hooded_Merganser,46,45,random_erasing,random_erasing,0,"{""area_fraction"":0.162911,""erased"":true,""height"":0.320987,""left"":0.451167,""top"":0.616664,""width"":0.507531}",0.0028639513,0.014963058,0.012099107,0.99714017,0.98514831,0.00037903627,0.0014499895,0.99676113,0.98369832,-0.013062812,0.84617783,5.7071116,0.46849084,2.6737295,False,0.94752252,True,True,True,0.84617783,5.7071116,0.46849084,2.6737295,0.84372611,5.7308983,0.46104791,2.6422187,0.94349281,4.92056,0.083177482,0.4092798,0.91104495,6.0524974,0.12310526,0.74509424,0.84960044,5.7767138,0.18607965,1.0749289,0.87076908,6.0271704,0.23934982,1.4426022,0.80985877,5.72186,0.22572566,1.2915706,0.82459428,5.2814247,0.23354706,1.2334612
0b_baseline_last,file,19,baseline,8734,149.Brown_Thrasher/Brown_Thrasher_0013_155329.jpg,149,148,149.Brown_Thrasher,150,149,identity,identity,0,{},0.031627517,0.031627517,0,0.96886742,0.96886742,0.011733553,0.011733553,0.95713387,0.95713387,0,1,1,5.0907296,5.0907296,False,0.99999988,True,True,True,1,1,5.0907296,5.0907296,1,1,4.9814691,4.9814691,1,1,1.0490437,1.0490437,1,1,0.61222164,0.61222164,1,1,2.0244658,2.0244658,1,1,2.6905565,2.6905565,1,1,2.5487562,2.5487562,1,1,2.5703122,2.5703122
0b_baseline_last,file,19,baseline,8734,149.Brown_Thrasher/Brown_Thrasher_0013_155329.jpg,149,148,149.Brown_Thrasher,150,149,horizontal_flip,horizontal_flip,0,"{""flipped"":true}",0.031627517,0.002542004,-0.029085513,0.96886742,0.9974612,0.011733553,0.00010692698,0.95713387,0.99735427,0.040220405,0.52783182,0.084164967,5.0907296,0.42846109,False,0.95962876,True,True,True,0.52783182,0.084164967,5.0907296,0.42846109,0.51177103,0.08409457,4.9814691,0.4189145,0.88314366,0.085737017,1.0490437,0.08994188,0.27919266,0.091800932,0.61222164,0.056202518,0.45922401,0.086714476,2.0244658,0.17555049,0.45630466,0.084401538,2.6905565,0.22708711,0.47145931,0.082147509,2.5487562,0.20937397,0.66091818,0.083540273,2.5703122,0.21472458
0b_baseline_last,file,19,baseline,8734,149.Brown_Thrasher/Brown_Thrasher_0013_155329.jpg,149,148,149.Brown_Thrasher,150,149,color_jitter,color_jitter,0,"{""brightness"":1.138316,""contrast"":0.82268,""hue"":0.087923,""saturation"":1.316323}",0.031627517,0.060448792,0.028821275,0.96886742,0.941342,0.011733553,0.0072384425,0.95713387,0.93410355,-0.023030314,0.6866389,2.2825764,5.0907296,11.619979,False,0.95404619,True,True,True,0.6866389,2.2825764,5.0907296,11.619979,0.68075102,2.2954951,4.9814691,11.434938,0.84923232,1.9688949,1.0490437,2.0654569,0.54830002,2.5932834,0.61222164,1.5876642,0.63919037,2.6980212,2.0244658,5.4620516,0.67369147,2.3319145,2.6905565,6.2741478,0.68542068,2.2425748,2.5487562,5.7157764,0.74392337,1.9978065,2.5703122,5.1349865
0b_baseline_last,file,19,baseline,8734,149.Brown_Thrasher/Brown_Thrasher_0013_155329.jpg,149,148,149.Brown_Thrasher,150,149,rotation,rotation,0,"{""angle"":-12.946094}",0.031627517,0.021712691,-0.0099148266,0.96886742,0.97852135,0.011733553,0.0020078919,0.95713387,0.97651346,0.019379587,0.6932153,0.66642729,5.0907296,3.3926011,False,0.95911694,True,True,True,0.6932153,0.66642729,5.0907296,3.3926011,0.68394644,0.66717572,4.9814691,3.3235153,0.90821034,0.64932178,1.0490437,0.68116694,0.37512787,0.64896789,0.61222164,0.39731219,0.60119726,0.6689002,2.0244658,1.3541656,0.66570497,0.6589453,2.6905565,1.7729296,0.6874595,0.68242856,2.5487562,1.739344,0.7697525,0.66088717,2.5703122,1.6986864
0b_baseline_last,file,19,baseline,8734,149.Brown_Thrasher/Brown_Thrasher_0013_155329.jpg,149,148,149.Brown_Thrasher,150,149,random_resized_crop,random_resized_crop,0,"{""area_fraction"":0.83004,""aspect"":1.008675,""fallback"":false,""height"":0.907139,""left"":0.024701,""top"":0.027897,""width"":0.915009}",0.031627517,0.017541038,-0.014086479,0.96886742,0.98261189,0.011733553,0.0028218895,0.95713387,0.97979001,0.022656137,0.72660418,0.53053517,5.0907296,2.7008111,False,0.97570437,True,True,True,0.72660418,0.53053517,5.0907296,2.7008111,0.71691683,0.53112188,4.9814691,2.6457672,0.95120341,0.51712883,1.0490437,0.54249075,0.47423547,0.53984571,0.61222164,0.33050523,0.62138751,0.53212283,2.0244658,1.0772645,0.68545707,0.51829775,2.6905565,1.3945094,0.72756063,0.53899039,2.5487562,1.3737551,0.81275651,0.53606633,2.5703122,1.3778579
0b_baseline_last,file,19,baseline,8734,149.Brown_Thrasher/Brown_Thrasher_0013_155329.jpg,149,148,149.Brown_Thrasher,150,149,gaussian_blur,gaussian_blur,0,"{""sigma"":1.826053}",0.031627517,1.9461287,1.9145012,0.96886742,0.14282592,0.011733553,0.0096548777,0.95713387,0.13317104,-0.82396283,0.13685065,42.607264,5.0907296,216.90206,False,0.58784938,True,True,True,0.13685065,42.607264,5.0907296,216.90206,0.12910655,43.301769,4.9814691,215.70642,0.51887867,21.679701,1.0490437,22.742954,0.033373461,58.783276,0.61222164,35.988394,-0.037353433,52.593715,2.0244658,106.47418,0.087287851,52.404244,2.6905565,140.99658,0.20239099,37.70204,2.5487562,96.093308,0.35643699,26.908028,2.5703122,69.162034
0b_baseline_last,file,19,baseline,8734,149.Brown_Thrasher/Brown_Thrasher_0013_155329.jpg,149,148,149.Brown_Thrasher,150,149,random_erasing,random_erasing,0,"{""area_fraction"":0.085056,""erased"":true,""height"":0.490451,""left"":0.564157,""top"":0.136219,""width"":0.173425}",0.031627517,0.025760483,-0.0058670342,0.96886742,0.97456849,0.011733553,0.0069162236,0.95713387,0.96765226,0.010518395,0.8558742,0.80436547,5.0907296,4.0948071,False,0.98615718,True,True,True,0.8558742,0.80436547,5.0907296,4.0948071,0.850699,0.80311781,4.9814691,4.0007066,0.96902933,0.83200222,1.0490437,0.8728067,0.74096002,0.79775661,0.61222164,0.48840387,0.83067268,0.7868583,2.0244658,1.5929677,0.82500105,0.7855005,2.6905565,2.1134335,0.84895732,0.80613141,2.5487562,2.0546324,0.89758306,0.82910882,2.5703122,2.1310685
0b_baseline_last,file,19,baseline,4520,078.Gray_Kingbird/Gray_Kingbird_0063_70287.jpg,78,77,078.Gray_Kingbird,150,149,identity,identity,0,{},4.3573408,4.3573408,0,0.012812416,0.012812416,0.47011206,0.47011206,-0.45729964,-0.45729964,0,1,1,155.09889,155.09889,False,1,True,False,False,1,1,155.09889,155.09889,1,1,151.75808,151.75808,1,1,32.017944,32.017944,1,1,37.159518,37.159518,1,1,63.711718,63.711718,1,1,81.220999,81.220999,1,1,75.824152,75.824152,1,1,72.417888,72.417888
0b_baseline_last,file,19,baseline,4520,078.Gray_Kingbird/Gray_Kingbird_0063_70287.jpg,78,77,078.Gray_Kingbird,150,149,horizontal_flip,horizontal_flip,0,"{""flipped"":true}",4.3573408,2.9748201,-1.3825207,0.012812416,0.05105662,0.47011206,0.16114959,-0.45729964,-0.11009297,0.34720667,0.61431505,0.86445865,155.09889,134.07657,False,0.96297675,True,False,False,0.61431505,0.86445865,155.09889,134.07657,0.60247134,0.86860901,151.75808,131.81844,0.92104869,0.76530853,32.017944,24.503606,0.53956516,0.82771591,37.159518,30.757524,0.56646615,0.86243706,63.711718,54.947347,0.62118053,0.87868422,81.220999,71.36761,0.56657151,0.87836215,75.824152,66.601065,0.66279768,0.8603442,72.417888,62.30431
0b_baseline_last,file,19,baseline,4520,078.Gray_Kingbird/Gray_Kingbird_0063_70287.jpg,78,77,078.Gray_Kingbird,150,149,color_jitter,color_jitter,0,"{""brightness"":0.672691,""contrast"":1.025321,""hue"":0.015296,""saturation"":0.659725}",4.3573408,4.0121622,-0.3451786,0.012812416,0.018094232,0.47011206,0.35201749,-0.45729964,-0.33392326,0.12337638,0.80187478,0.90440255,155.09889,140.27183,False,0.97653258,True,False,False,0.80187478,0.90440255,155.09889,140.27183,0.79437104,0.90417488,151.75808,137.21585,0.96947599,0.90950232,32.017944,29.120394,0.62990158,0.87822287,37.159518,32.634339,0.7124804,0.930998,63.711718,59.315482,0.81107966,0.92070106,81.220999,74.780259,0.8209525,0.86814257,75.824152,65.826174,0.85331517,0.9075706,72.417888,65.724346
0b_baseline_last,file,19,baseline,4520,078.Gray_Kingbird/Gray_Kingbird_0063_70287.jpg,78,77,078.Gray_Kingbird,150,149,rotation,rotation,0,"{""angle"":2.992295}",4.3573408,1.607235,-2.7501059,0.012812416,0.20044109,0.47011206,0.12383031,-0.45729964,0.076610781,0.53391042,0.79899977,0.75844764,155.09889,117.63438,False,0.96858203,False,False,True,0.79899977,0.75844764,155.09889,117.63438,0.79327739,0.7560604,151.75808,114.73828,0.92078796,0.8102264,32.017944,25.941783,0.78107834,0.67085552,37.159518,24.928668,0.76615117,0.72086754,63.711718,45.927709,0.82305621,0.76779965,81.220999,62.361454,0.79249395,0.76388692,75.824152,57.921078,0.781888,0.77995283,72.417888,56.482537
0b_baseline_last,file,19,baseline,4520,078.Gray_Kingbird/Gray_Kingbird_0063_70287.jpg,78,77,078.Gray_Kingbird,150,149,random_resized_crop,random_resized_crop,0,"{""area_fraction"":0.834789,""aspect"":0.913631,""fallback"":false,""height"":0.955879,""left"":0.053176,""top"":0.028864,""width"":0.873321}",4.3573408,3.5080016,-0.84933925,0.012812416,0.029956724,0.47011206,0.21741752,-0.45729964,-0.1874608,0.26983884,0.79594954,0.97658141,155.09889,151.46669,False,0.98741043,True,False,False,0.79594954,0.97658141,155.09889,151.46669,0.78945844,0.9802241,151.75808,148.75693,0.95990972,0.89082885,32.017944,28.522508,0.82042322,0.96587384,37.159518,35.891407,0.71460642,1.0209657,63.711718,65.04748,0.78313205,1.0388665,81.220999,84.377771,0.79020203,0.95425913,75.824152,72.35589,0.86039737,0.90067242,72.417888,65.224794
0b_baseline_last,file,19,baseline,4520,078.Gray_Kingbird/Gray_Kingbird_0063_70287.jpg,78,77,078.Gray_Kingbird,150,149,gaussian_blur,gaussian_blur,0,"{""sigma"":1.863794}",4.3573408,4.5048184,0.14747763,0.012812416,0.011055598,0.47011206,0.014292934,-0.45729964,-0.0032373359,0.4540623,0.36913273,0.76999982,155.09889,119.42612,False,0.85336149,False,False,False,0.36913273,0.76999982,155.09889,119.42612,0.34905846,0.76211352,151.75808,115.65689,0.74575447,0.92970121,32.017944,29.767121,0.51225027,0.87861586,37.159518,32.648942,0.2617062,0.66628979,63.711718,42.450467,0.3808246,0.69802912,81.220999,56.694622,0.27669464,0.78633113,75.824152,59.622892,0.4048515,0.84440779,72.417888,61.150229
0b_baseline_last,file,19,baseline,4520,078.Gray_Kingbird/Gray_Kingbird_0063_70287.jpg,78,77,078.Gray_Kingbird,150,149,random_erasing,random_erasing,0,"{""area_fraction"":0.114814,""erased"":true,""height"":0.372796,""left"":0.479161,""top"":0.212698,""width"":0.30798}",4.3573408,6.345717,1.9883761,0.012812416,0.0017542444,0.47011206,0.69510466,-0.45729964,-0.69335041,-0.23605077,0.67476712,1.123585,155.09889,174.26679,False,0.89100558,True,False,False,0.67476712,1.123585,155.09889,174.26679,0.66620923,1.1251344,151.75808,170.74824,0.873911,1.0881969,32.017944,34.841828,0.66685131,0.85392245,37.159518,31.731347,0.69888752,1.0403278,63.711718,66.281071,0.64802674,1.145444,81.220999,93.034101,0.65445053,1.1445372,75.824152,86.783565,0.68607909,1.2012948,72.417888,86.995229
0b_baseline_last,file,19,baseline,1188,022.Chuck_will_Widow/Chuck_Will_Widow_0017_796960.jpg,22,21,022.Chuck_will_Widow,92,91,identity,identity,0,{},2.0353391,2.0353391,0,0.13063619,0.13063619,0.19687611,0.19687611,-0.066239923,-0.066239923,0,1,1,131.04002,131.04002,False,1,True,False,False,1,1,131.04002,131.04002,1,1,129.57907,129.57907,1,1,19.512848,19.512848,1,1,19.093952,19.093952,1,1,54.930869,54.930869,1,1,78.6856,78.6856,1,1,62.853756,62.853756,1,1,57.155389,57.155389
0b_baseline_last,file,19,baseline,1188,022.Chuck_will_Widow/Chuck_Will_Widow_0017_796960.jpg,22,21,022.Chuck_will_Widow,92,91,horizontal_flip,horizontal_flip,0,"{""flipped"":true}",2.0353391,2.1569862,0.12164712,0.13063619,0.11567322,0.19687611,0.46454641,-0.066239923,-0.34887319,-0.28263327,0.65681476,1.0708903,131.04002,140.32949,False,0.94036305,True,False,False,0.65681476,1.0708903,131.04002,140.32949,0.65071726,1.0686686,129.57907,138.47709,0.9059187,1.1646586,19.512848,22.725806,0.66093535,1.0616314,19.093952,20.27074,0.5925617,1.1031039,54.930869,60.594459,0.62714294,1.0615542,78.6856,83.529027,0.67028545,1.0445817,62.853756,65.655885,0.72610548,1.0793189,57.155389,61.688889
0b_baseline_last,file,19,baseline,1188,022.Chuck_will_Widow/Chuck_Will_Widow_0017_796960.jpg,22,21,022.Chuck_will_Widow,92,91,color_jitter,color_jitter,0,"{""brightness"":1.382068,""contrast"":0.807092,""hue"":-0.094388,""saturation"":0.605591}",2.0353391,1.3470311,-0.688308,0.13063619,0.26001105,0.19687611,0.027854685,-0.066239923,0.23215636,0.29839629,0.67907912,1.1075552,131.04002,145.13406,False,0.84836078,False,False,True,0.67907912,1.1075552,131.04002,145.13406,0.67628917,1.1100828,129.57907,143.84349,0.82146895,0.98969682,19.512848,19.311804,0.46101952,1.2345627,19.093952,23.572681,0.64124315,1.1155891,54.930869,61.280279,0.7179099,1.1661177,78.6856,91.756674,0.66809063,1.0922874,62.853756,68.654365,0.66723625,0.99702003,57.155389,56.985067
0b_baseline_last,file,19,baseline,1188,022.Chuck_will_Widow/Chuck_Will_Widow_0017_796960.jpg,22,21,022.Chuck_will_Widow,92,91,rotation,rotation,0,"{""angle"":9.258474}",2.0353391,0.83189613,-1.203443,0.13063619,0.43522325,0.19687611,0.071275339,-0.066239923,0.36394791,0.43018784,0.78045094,0.67834581,131.04002,88.890451,False,0.95524395,False,False,True,0.78045094,0.67834581,131.04002,88.890451,0.77701111,0.67950275,129.57907,88.049336,0.94797229,0.62520082,19.512848,12.199449,0.66178957,0.66210193,19.093952,12.642143,0.74687455,0.67759839,54.930869,37.221068,0.787904,0.683517,78.6856,53.782945,0.7597013,0.65137852,62.853756,40.941586,0.81648627,0.70824573,57.155389,40.48006
0b_baseline_last,file,19,baseline,1188,022.Chuck_will_Widow/Chuck_Will_Widow_0017_796960.jpg,22,21,022.Chuck_will_Widow,92,91,random_resized_crop,random_resized_crop,0,"{""area_fraction"":0.730601,""aspect"":0.973773,""fallback"":false,""height"":0.866186,""left"":0.128572,""top"":0.088689,""width"":0.843469}",2.0353391,2.1532788,0.11793971,0.13063619,0.11610285,0.19687611,0.035945784,-0.066239923,0.080157068,0.14639699,0.73889786,1.0292651,131.04002,134.87492,False,0.93911922,False,False,False,0.73889786,1.0292651,131.04002,134.87492,0.73539971,1.0315595,129.57907,133.66852,0.9159457,0.92242738,19.512848,17.999185,0.59695217,0.98656475,19.093952,18.83742,0.70449774,1.0387031,54.930869,57.056863,0.75294099,1.041838,78.6856,81.97765,0.69712417,0.99957545,62.853756,62.827071,0.78999899,1.0482179,57.155389,59.911301
0b_baseline_last,file,19,baseline,1188,022.Chuck_will_Widow/Chuck_Will_Widow_0017_796960.jpg,22,21,022.Chuck_will_Widow,92,91,gaussian_blur,gaussian_blur,0,"{""sigma"":1.952772}",2.0353391,1.0668207,-0.96851838,0.13063619,0.34410074,0.19687611,0.010222431,-0.066239923,0.33387831,0.40011824,0.48450275,0.82953811,131.04002,108.70269,False,0.73857868,False,False,True,0.48450275,0.82953811,131.04002,108.70269,0.47940434,0.82979553,129.57907,107.52414,0.71259796,0.81810582,19.512848,15.963575,0.34846149,0.90230923,19.093952,17.228649,0.42953357,0.83796742,54.930869,46.030279,0.51409004,0.76981951,78.6856,60.57371,0.43325165,0.80264793,62.853756,50.449437,0.53469913,0.94730157,57.155389,54.14339
0b_baseline_last,file,19,baseline,1188,022.Chuck_will_Widow/Chuck_Will_Widow_0017_796960.jpg,22,21,022.Chuck_will_Widow,92,91,random_erasing,random_erasing,0,"{""area_fraction"":0.134343,""erased"":true,""height"":0.592356,""left"":0.001296,""top"":0.112511,""width"":0.226795}",2.0353391,2.5272677,0.49192858,0.13063619,0.079876974,0.19687611,0.16023783,-0.066239923,-0.08036086,-0.014120936,0.90221833,0.99833435,131.04002,130.82175,False,0.98247576,True,False,False,0.90221833,0.99833435,131.04002,130.82175,0.9003664,0.99618514,129.57907,129.08475,0.98042072,1.0889019,19.512848,21.247577,0.88710517,0.94844641,19.093952,18.10959,0.90445331,1.0486661,54.930869,57.604141,0.90886895,0.98440124,78.6856,77.458202,0.88979745,0.98761067,62.853756,62.07504,0.89599133,0.98408631,57.155389,56.245836
0b_baseline_last,file,19,baseline,264,005.Crested_Auklet/Crested_Auklet_0033_794964.jpg,5,4,005.Crested_Auklet,7,6,identity,identity,0,{},0.20611089,0.20611089,0,0.81374282,0.81374282,0.098438352,0.098438352,0.71530446,0.71530446,0,1,1,32.031345,32.031345,False,1,True,True,True,1,1,32.031345,32.031345,1,1,31.519074,31.519074,1,1,5.705701,5.705701,1,1,5.7358649,5.7358649,1,1,14.575478,14.575478,1,1,17.469336,17.469336,1,1,16.112927,16.112927,1,1,13.538952,13.538952
0b_baseline_last,file,19,baseline,264,005.Crested_Auklet/Crested_Auklet_0033_794964.jpg,5,4,005.Crested_Auklet,7,6,horizontal_flip,horizontal_flip,0,"{""flipped"":true}",0.20611089,0.021862106,-0.18424879,0.81374282,0.97837514,0.098438352,0.015243284,0.71530446,0.96313185,0.24782739,0.65332944,0.11400745,32.031345,3.6518119,False,0.96140367,True,True,True,0.65332944,0.11400745,32.031345,3.6518119,0.64211274,0.11331556,31.519074,3.5716015,0.95246666,0.13340668,5.705701,0.76117862,0.42123574,0.10694207,5.7358649,0.61340529,0.5745341,0.10557047,14.575478,1.5387401,0.63163952,0.11861107,17.469336,2.0720565,0.67204089,0.10493078,16.112927,1.6907419,0.7313058,0.12491729,13.538952,1.6912492
0b_baseline_last,file,19,baseline,264,005.Crested_Auklet/Crested_Auklet_0033_794964.jpg,5,4,005.Crested_Auklet,7,6,color_jitter,color_jitter,0,"{""brightness"":1.198345,""contrast"":1.33109,""hue"":-0.088327,""saturation"":0.94807}",0.20611089,3.6700454,3.4639345,0.81374282,0.025475316,0.098438352,0.24191685,0.71530446,-0.21644153,-0.931746,0.55083643,4.257564,32.031345,136.3755,False,0.79413319,False,True,False,0.55083643,4.257564,32.031345,136.3755,0.5430835,4.234931,31.519074,133.4811,0.76101548,4.8981998,5.705701,27.947664,0.41159588,4.4057891,5.7358649,25.271011,0.38655877,3.3146665,14.575478,48.312849,0.60305809,4.2998266,17.469336,75.115114,0.60450819,4.4653762,16.112927,71.95028,0.53647992,4.686143,13.538952,63.445463
0b_baseline_last,file,19,baseline,264,005.Crested_Auklet/Crested_Auklet_0033_794964.jpg,5,4,005.Crested_Auklet,7,6,rotation,rotation,0,"{""angle"":-1.941969}",0.20611089,0.16259567,-0.04351522,0.81374282,0.84993476,0.098438352,0.074106112,0.71530446,0.77582864,0.060524181,0.8582822,0.81176076,32.031345,26.001789,False,0.98420548,True,True,True,0.8582822,0.81176076,32.031345,26.001789,0.85427451,0.81212334,31.519074,25.597375,0.9824233,0.80061751,5.705701,4.5680842,0.79293296,0.9119341,5.7358649,5.2307308,0.83158515,0.83032224,14.575478,12.102344,0.84298324,0.80890924,17.469336,14.131107,0.8669942,0.77696133,16.112927,12.519121,0.89696805,0.82573051,13.538952,11.179525
0b_baseline_last,file,19,baseline,264,005.Crested_Auklet/Crested_Auklet_0033_794964.jpg,5,4,005.Crested_Auklet,7,6,random_resized_crop,random_resized_crop,0,"{""area_fraction"":0.516889,""aspect"":0.971647,""fallback"":false,""height"":0.729364,""left"":0.040196,""top"":0.161886,""width"":0.708685}",0.20611089,0.76695108,0.56084019,0.81374282,0.4644269,0.098438352,0.18083006,0.71530446,0.28359684,-0.43170762,0.42451977,2.4815331,32.031345,79.486842,False,0.83985251,True,True,True,0.42451977,2.4815331,32.031345,79.486842,0.40996337,2.4706582,31.519074,77.872859,0.82052669,2.7931049,5.705701,15.936621,0.11275355,2.1949396,5.7358649,12.589877,0.22046536,2.4528942,14.575478,35.752107,0.46998165,2.6292572,17.469336,45.931376,0.43591692,2.1733831,16.112927,35.019563,0.5346697,2.6542746,13.538952,35.936095
0b_baseline_last,file,19,baseline,264,005.Crested_Auklet/Crested_Auklet_0033_794964.jpg,5,4,005.Crested_Auklet,7,6,gaussian_blur,gaussian_blur,0,"{""sigma"":1.871905}",0.20611089,0.4647606,0.25864971,0.81374282,0.62828553,0.098438352,0.2498922,0.71530446,0.37839332,-0.33691114,0.49500891,1.8419403,32.031345,58.999825,False,0.87240648,True,True,True,0.49500891,1.8419403,32.031345,58.999825,0.4806524,1.8275975,31.519074,57.604182,0.86282539,2.2358101,5.705701,12.756864,0.44992826,2.5751094,5.7358649,14.770479,0.41617432,1.8220745,14.575478,26.557608,0.47827392,1.7330674,17.469336,30.275536,0.48617282,1.6973914,16.112927,27.349944,0.56381686,1.9958056,13.538952,27.021116
0b_baseline_last,file,19,baseline,264,005.Crested_Auklet/Crested_Auklet_0033_794964.jpg,5,4,005.Crested_Auklet,7,6,random_erasing,random_erasing,0,"{""area_fraction"":0.119918,""erased"":true,""height"":0.355557,""left"":0.616596,""top"":0.080438,""width"":0.337266}",0.20611089,5.1237583,4.9176474,0.81374282,0.0059536058,0.098438352,0.089989439,0.71530446,-0.084035833,-0.7993403,0.46087775,3.5186291,32.031345,112.70642,False,0.76493603,False,True,False,0.46087775,3.5186291,32.031345,112.70642,0.45175757,3.4564093,31.519074,108.94282,0.68325931,5.0620453,5.705701,28.882517,0.28443339,3.1752766,5.7358649,18.212957,0.50019794,2.7408992,14.575478,39.949917,0.50906001,3.3811059,17.469336,59.065674,0.45435383,3.4448514,16.112927,55.506639,0.37989596,4.2884475,13.538952,58.061083
0b_baseline_last,file,19,baseline,1749,031.Black_billed_Cuckoo/Black_Billed_Cuckoo_0057_795323.jpg,31,30,031.Black_billed_Cuckoo,33,32,identity,identity,0,{},4.4678683,4.4678683,0,0.011471743,0.011471743,0.68149602,0.68149602,-0.67002428,-0.67002428,0,1,1,189.26636,189.26636,False,1,True,False,False,1,1,189.26636,189.26636,1,1,185.63596,185.63596,1,1,36.89234,36.89234,1,1,36.141606,36.141606,1,1,111.28319,111.28319,1,1,88.977639,88.977639,1,1,83.857874,83.857874,1,1,76.297992,76.297992
0b_baseline_last,file,19,baseline,1749,031.Black_billed_Cuckoo/Black_Billed_Cuckoo_0057_795323.jpg,31,30,031.Black_billed_Cuckoo,33,32,horizontal_flip,horizontal_flip,0,"{""flipped"":true}",4.4678683,2.8723974,-1.5954709,0.011471743,0.056563158,0.68149602,0.31052181,-0.67002428,-0.25395865,0.41606563,0.50773936,0.74060102,189.26636,140.17086,False,0.92748058,True,False,False,0.50773936,0.74060102,189.26636,140.17086,0.49380721,0.74247592,185.63596,137.83023,0.88777227,0.69143795,36.89234,25.508764,0.57043763,0.87259546,36.141606,31.537002,0.62672743,0.69805026,111.28319,77.681258,0.33283738,0.79325897,88.977639,70.58231,0.39694987,0.73219792,83.857874,61.400561,0.56216161,0.7433042,76.297992,56.712618
0b_baseline_last,file,19,baseline,1749,031.Black_billed_Cuckoo/Black_Billed_Cuckoo_0057_795323.jpg,31,30,031.Black_billed_Cuckoo,33,32,color_jitter,color_jitter,0,"{""brightness"":0.633522,""contrast"":0.890705,""hue"":-0.064341,""saturation"":1.05304}",4.4678683,3.8766813,-0.591187,0.011471743,0.020719469,0.68149602,0.29805392,-0.67002428,-0.27733445,0.39268983,0.59346764,0.88880881,189.26636,168.22161,False,0.9449088,True,False,False,0.59346764,0.88880881,189.26636,168.22161,0.58449044,0.89501421,185.63596,166.14682,0.89316706,0.71394184,36.89234,26.338985,-0.049882786,1.670018,36.141606,60.357134,0.72406369,0.91695815,111.28319,102.04202,0.5672757,0.80556394,88.977639,71.677177,0.5618167,0.809185,83.857874,67.856534,0.65832462,0.80869172,76.297992,61.701555
0b_baseline_last,file,19,baseline,1749,031.Black_billed_Cuckoo/Black_Billed_Cuckoo_0057_795323.jpg,31,30,031.Black_billed_Cuckoo,33,32,rotation,rotation,0,"{""angle"":-12.558921}",4.4678683,2.9397049,-1.5281634,0.011471743,0.052881341,0.68149602,0.631042,-0.67002428,-0.57816066,0.091863619,0.73230548,0.88159839,189.26636,166.85692,False,0.93580961,True,False,False,0.73230548,0.88159839,189.26636,166.85692,0.72423872,0.88140107,185.63596,163.61974,0.93536931,0.88657988,36.89234,32.708006,0.51805774,0.87679029,36.141606,31.68861,0.86578424,0.84720849,111.28319,94.280061,0.63050613,0.8424955,88.977639,74.96326,0.62630113,0.87631116,83.857874,73.485591,0.72873254,1.0032169,76.297992,76.543434
0b_baseline_last,file,19,baseline,1749,031.Black_billed_Cuckoo/Black_Billed_Cuckoo_0057_795323.jpg,31,30,031.Black_billed_Cuckoo,33,32,random_resized_crop,random_resized_crop,0,"{""area_fraction"":0.710191,""aspect"":1.063952,""fallback"":false,""height"":0.817008,""left"":0.087831,""top"":0.01419,""width"":0.869258}",4.4678683,4.5906525,0.12278414,0.011471743,0.010146238,0.68149602,0.20156989,-0.67002428,-0.19142365,0.47860063,0.66883125,0.88514934,189.26636,167.52899,False,0.9475441,False,False,False,0.66883125,0.88514934,189.26636,167.52899,0.66265006,0.88560089,185.63596,164.39937,0.82753709,0.8736386,36.89234,32.230572,0.42669913,0.77365212,36.141606,27.96103,0.80662252,0.87610745,111.28319,97.496029,0.56323595,0.85650939,88.977639,76.210183,0.57399209,0.87873615,83.857874,73.688946,0.64919632,0.97216401,76.297992,74.174162
0b_baseline_last,file,19,baseline,1749,031.Black_billed_Cuckoo/Black_Billed_Cuckoo_0057_795323.jpg,31,30,031.Black_billed_Cuckoo,33,32,gaussian_blur,gaussian_blur,0,"{""sigma"":1.681849}",4.4678683,5.2525096,0.78464127,0.011471743,0.0052343649,0.68149602,0.040318713,-0.67002428,-0.035084348,0.63493993,0.56728488,1.087523,189.26636,205.83152,False,0.8348552,False,False,False,0.56728488,1.087523,189.26636,205.83152,0.56567365,1.0921657,185.63596,202.74523,0.61795441,0.96254053,36.89234,35.510372,0.2257551,1.1733456,36.141606,42.406593,0.732989,1.0020453,111.28319,111.51079,0.47067601,1.1246037,88.977639,100.06458,0.52709683,1.1241485,83.857874,94.268705,0.51238934,1.1703121,76.297992,89.292462
0b_baseline_last,file,19,baseline,1749,031.Black_billed_Cuckoo/Black_Billed_Cuckoo_0057_795323.jpg,31,30,031.Black_billed_Cuckoo,33,32,random_erasing,random_erasing,0,"{""area_fraction"":0.160112,""erased"":true,""height"":0.46345,""left"":0.202477,""top"":0.377283,""width"":0.345478}",4.4678683,2.9597383,-1.5081301,0.011471743,0.051832478,0.68149602,0.67841601,-0.67002428,-0.62658354,0.043440746,0.69080411,0.82690046,189.26636,156.50444,False,0.89511567,True,False,False,0.69080411,0.82690046,189.26636,156.50444,0.68182932,0.81850231,185.63596,151.94346,0.88927665,1.0166787,36.89234,37.507655,0.72742838,0.88792544,36.141606,32.091052,0.72388743,0.61447969,111.28319,68.381258,0.61893331,0.79940616,88.977639,71.129272,0.69580026,0.94817232,83.857874,79.511715,0.73150056,1.015183,76.297992,77.456423
0b_baseline_last,file,19,baseline,11302,192.Downy_Woodpecker/Downy_Woodpecker_0044_184170.jpg,192,191,192.Downy_Woodpecker,112,111,identity,identity,0,{},0.0010639727,0.0010639727,0,0.99893659,0.99893659,0.00025774792,0.00025774792,0.99867885,0.99867885,0,1,1,0.20890347,0.20890347,False,0.99999988,True,True,True,1,1,0.20890347,0.20890347,1,1,0.2049116,0.2049116,1,1,0.04064352,0.04064352,1,1,0.042632331,0.042632331,1,1,0.081682184,0.081682184,1,1,0.11632424,0.11632424,1,1,0.10405383,0.10405383,1,1,0.095607223,0.095607223
0b_baseline_last,file,19,baseline,11302,192.Downy_Woodpecker/Downy_Woodpecker_0044_184170.jpg,192,191,192.Downy_Woodpecker,112,111,horizontal_flip,horizontal_flip,0,"{""flipped"":true}",0.0010639727,0.0028921226,0.0018281499,0.99893659,0.99711204,0.00025774792,0.0018473015,0.99867885,0.99526473,-0.0034141114,0.59457946,3.2009033,0.20890347,0.66867981,False,0.95531243,True,True,True,0.59457946,3.2009033,0.20890347,0.66867981,0.58313906,3.2040762,0.2049116,0.65655238,0.8935001,3.1191695,0.04064352,0.12677403,0.32626617,3.3926632,0.042632331,0.14463714,0.39495248,3.3968375,0.081682184,0.2774611,0.67609615,3.3206167,0.11632424,0.38626823,0.57871085,3.1339828,0.10405383,0.32610291,0.65606864,2.9138603,0.095607223,0.27858609
0b_baseline_last,file,19,baseline,11302,192.Downy_Woodpecker/Downy_Woodpecker_0044_184170.jpg,192,191,192.Downy_Woodpecker,112,111,color_jitter,color_jitter,0,"{""brightness"":1.057551,""contrast"":0.741822,""hue"":0.051569,""saturation"":0.786859}",0.0010639727,0.080861211,0.079797238,0.99893659,0.92232168,0.00025774792,0.0087378388,0.99867885,0.91358384,-0.085095007,0.74545082,97.55276,0.20890347,20.37911,False,0.93968904,True,True,True,0.74545082,97.55276,0.20890347,20.37911,0.74299212,98.350775,0.2049116,20.153215,0.85623389,74.449722,0.04064352,3.0258988,0.69303321,107.66752,0.042632331,4.5901175,0.70574846,118.41633,0.081682184,9.6725042,0.78666129,103.97661,0.11632424,12.095001,0.76679865,91.972145,0.10405383,9.5700537,0.72070995,76.611951,0.095607223,7.3246559
0b_baseline_last,file,19,baseline,11302,192.Downy_Woodpecker/Downy_Woodpecker_0044_184170.jpg,192,191,192.Downy_Woodpecker,112,111,rotation,rotation,0,"{""angle"":-4.639967}",0.0010639727,0.00046063779,-0.00060333492,0.99893659,0.99953949,0.00025774792,2.6708085e-05,0.99867885,0.99951279,0.00083394081,0.79996971,0.36986839,0.20890347,0.07726679,False,0.98027313,True,True,True,0.79996971,0.36986839,0.20890347,0.07726679,0.79329565,0.36747628,0.2049116,0.075300154,0.95466174,0.42618773,0.04064352,0.01732177,0.74348506,0.31352563,0.042632331,0.013366328,0.75466017,0.36402673,0.081682184,0.029734498,0.78990324,0.35520836,0.11632424,0.041319344,0.77783117,0.35506776,0.10405383,0.03694616,0.85347997,0.40979296,0.095607223,0.039179166
0b_baseline_last,file,19,baseline,11302,192.Downy_Woodpecker/Downy_Woodpecker_0044_184170.jpg,192,191,192.Downy_Woodpecker,112,111,random_resized_crop,random_resized_crop,0,"{""area_fraction"":0.603275,""aspect"":0.784852,""fallback"":false,""height"":0.876726,""left"":0.102355,""top"":0.047609,""width"":0.6881}",0.0010639727,0.00069605914,-0.00036791357,0.99893659,0.99930418,0.00025774792,0.00012205188,0.99867885,0.99918212,0.00050327789,0.74140657,0.61503145,0.20890347,0.1284822,False,0.96617281,True,True,True,0.74140657,0.61503145,0.20890347,0.1284822,0.73274563,0.61474956,0.2049116,0.12596932,0.95898601,0.62215373,0.04064352,0.025286518,0.6453435,0.56444671,0.042632331,0.024063679,0.65335393,0.62987598,0.081682184,0.051449645,0.72031211,0.56269738,0.11632424,0.065455348,0.74160592,0.62378129,0.10405383,0.064906831,0.81444761,0.67338486,0.095607223,0.064380456
0b_baseline_last,file,19,baseline,11302,192.Downy_Woodpecker/Downy_Woodpecker_0044_184170.jpg,192,191,192.Downy_Woodpecker,112,111,gaussian_blur,gaussian_blur,0,"{""sigma"":1.625449}",0.0010639727,0.39123511,0.39017114,0.99893659,0.67622113,0.00025774792,0.0024806589,0.99867885,0.67374047,-0.32493837,0.53153348,423.64353,0.20890347,88.500604,False,0.8493582,True,True,True,0.53153348,423.64353,0.20890347,88.500604,0.52717581,428.7682,0.2049116,87.859579,0.77764179,261.60524,0.04064352,10.632558,0.42669359,511.15035,0.042632331,21.791531,0.38525038,493.77535,0.081682184,40.332649,0.57375116,471.52485,0.11632424,54.849772,0.57853512,415.55295,0.10405383,43.239875,0.60064411,284.43733,0.095607223,27.194263
0b_baseline_last,file,19,baseline,11302,192.Downy_Woodpecker/Downy_Woodpecker_0044_184170.jpg,192,191,192.Downy_Woodpecker,112,111,random_erasing,random_erasing,0,"{""area_fraction"":0.071335,""erased"":true,""height"":0.191173,""left"":0.253319,""top"":0.380626,""width"":0.373146}",0.0010639727,0.0069400687,0.005876096,0.99893659,0.99308395,0.00025774792,0.0011962194,0.99867885,0.99188773,-0.0067911111,0.78150211,6.0459744,0.20890347,1.263025,False,0.95459074,True,True,True,0.78150211,6.0459744,0.20890347,1.263025,0.77547833,6.0560986,0.2049116,1.2409649,0.942661,5.782685,0.04064352,0.23502867,0.73441695,5.5218649,0.042632331,0.23540997,0.67217811,5.1463338,0.081682184,0.42036378,0.80902419,6.0338966,0.11632424,0.70188847,0.78800499,6.5533438,0.10405383,0.68190051,0.79139165,6.189973,0.095607223,0.59180613
0b_baseline_last,file,19,baseline,2933,051.Horned_Grebe/Horned_Grebe_0006_34718.jpg,51,50,051.Horned_Grebe,50,49,identity,identity,0,{},0.073147841,0.073147841,0,0.92946339,0.92946339,0.044090033,0.044090033,0.88537335,0.88537335,0,1,1,11.328836,11.328836,False,1,True,True,True,1,1,11.328836,11.328836,1,1,11.089673,11.089673,1,1,2.315531,2.315531,1,1,2.7637348,2.7637348,1,1,4.423584,4.423584,1,1,6.0782727,6.0782727,1,1,5.6240415,5.6240415,1,1,5.2152928,5.2152928
0b_baseline_last,file,19,baseline,2933,051.Horned_Grebe/Horned_Grebe_0006_34718.jpg,51,50,051.Horned_Grebe,50,49,horizontal_flip,horizontal_flip,0,"{""flipped"":true}",0.073147841,0.38226211,0.30911427,0.92946339,0.68231618,0.044090033,0.18867595,0.88537335,0.49364023,-0.39173312,0.69175859,4.6848464,11.328836,53.073857,False,0.97343153,True,True,True,0.69175859,4.6848464,11.328836,53.073857,0.68011877,4.6876596,11.089673,51.984611,0.96273006,4.6198495,2.315531,10.697405,0.17570358,4.4580708,2.7637348,12.320925,0.69017883,4.9321059,4.423584,21.817584,0.73514781,4.7227718,6.0782727,28.706295,0.68011833,4.5584406,5.6240415,25.636859,0.73333304,4.670399,5.2152928,24.357498
0b_baseline_last,file,19,baseline,2933,051.Horned_Grebe/Horned_Grebe_0006_34718.jpg,51,50,051.Horned_Grebe,50,49,color_jitter,color_jitter,0,"{""brightness"":1.364575,""contrast"":0.880728,""hue"":-0.0809,""saturation"":1.056298}",0.073147841,3.7588603,3.6857125,0.92946339,0.023310291,0.044090033,0.00056059996,0.88537335,0.022749691,-0.86262366,0.18055161,21.46195,11.328836,243.13892,False,0.78541279,False,True,False,0.18055161,21.46195,11.328836,243.13892,0.17022522,21.652944,11.089673,240.12407,0.49820707,16.484425,2.315531,38.170197,0.10990414,22.439963,2.7637348,62.018105,-0.02738308,24.19641,4.423584,107.03485,0.071595459,21.085467,6.0782727,128.16322,0.31165582,20.087859,5.6240415,112.97495,0.32354405,22.002725,5.2152928,114.75065
0b_baseline_last,file,19,baseline,2933,051.Horned_Grebe/Horned_Grebe_0006_34718.jpg,51,50,051.Horned_Grebe,50,49,rotation,rotation,0,"{""angle"":0.262943}",0.073147841,0.040102322,-0.033045519,0.92946339,0.96069115,0.044090033,0.027452314,0.88537335,0.93323884,0.047865486,0.93172624,0.59428186,11.328836,6.7325218,False,0.99412411,True,True,True,0.93172624,0.59428186,11.328836,6.7325218,0.92919832,0.59469789,11.089673,6.5950051,0.9908343,0.58465809,2.315531,1.353794,0.91313104,0.63114111,2.7637348,1.7443066,0.90626115,0.63735312,4.423584,2.8193851,0.93429872,0.58894678,6.0782727,3.5797791,0.93363424,0.59363996,5.6240415,3.3386557,0.94435462,0.56037476,5.2152928,2.9225184
0b_baseline_last,file,19,baseline,2933,051.Horned_Grebe/Horned_Grebe_0006_34718.jpg,51,50,051.Horned_Grebe,50,49,random_resized_crop,random_resized_crop,0,"{""area_fraction"":0.644339,""aspect"":1.256301,""fallback"":false,""height"":0.716161,""left"":0.06218,""top"":0.194931,""width"":0.899713}",0.073147841,0.013331441,-0.0598164,0.92946339,0.98675704,0.044090033,0.0069541195,0.88537335,0.97980292,0.094429567,0.59578784,0.17542351,11.328836,1.9873442,False,0.93938863,True,True,True,0.59578784,0.17542351,11.328836,1.9873442,0.57979874,0.17471298,11.089673,1.9375097,0.93352131,0.19099684,2.315531,0.44225911,0.37755806,0.16037816,2.7637348,0.44324269,0.27345986,0.17722881,4.423584,0.78398653,0.6185139,0.17170718,6.0782727,1.043683,0.64493148,0.16748621,5.6240415,0.9419494,0.72300251,0.18848542,5.2152928,0.98300666
0b_baseline_last,file,19,baseline,2933,051.Horned_Grebe/Horned_Grebe_0006_34718.jpg,51,50,051.Horned_Grebe,50,49,gaussian_blur,gaussian_blur,0,"{""sigma"":1.357658}",0.073147841,0.10541077,0.032262929,0.92946339,0.8999548,0.044090033,0.051088221,0.88537335,0.84886657,-0.036506779,0.6254888,1.2773982,11.328836,14.471435,False,0.92786521,True,True,True,0.6254888,1.2773982,11.328836,14.471435,0.61295634,1.2782964,11.089673,14.175889,0.91799192,1.2566199,2.315531,2.9097425,0.62670493,1.5189993,2.7637348,4.1981112,0.44038627,1.110522,4.423584,4.9124874,0.60326967,1.1355345,6.0782727,6.9020883,0.64592014,1.4124993,5.6240415,7.9439548,0.69835541,1.3347066,5.2152928,6.9608855
0b_baseline_last,file,19,baseline,2933,051.Horned_Grebe/Horned_Grebe_0006_34718.jpg,51,50,051.Horned_Grebe,50,49,random_erasing,random_erasing,0,"{""area_fraction"":0.067482,""erased"":true,""height"":0.369735,""left"":0.20253,""top"":0.22287,""width"":0.182515}",0.073147841,0.32322699,0.25007915,0.92946339,0.72380954,0.044090033,0.092654862,0.88537335,0.63115468,-0.25421868,0.91808434,3.7880012,11.328836,42.913645,False,0.97343612,True,True,True,0.91808434,3.7880012,11.328836,42.913645,0.91750485,3.8077479,11.089673,42.226679,0.9423734,3.3028187,2.315531,7.6477793,0.86737985,3.725877,2.7637348,10.297336,0.93401284,3.7817335,4.423584,16.728816,0.94591454,3.7553103,6.0782727,22.8258,0.91906112,3.9158496,5.6240415,22.022901,0.88004317,3.7923543,5.2152928,19.778238
0b_baseline_last,file,19,baseline,9650,164.Cerulean_Warbler/Cerulean_Warbler_0018_797183.jpg,164,163,164.Cerulean_Warbler,159,158,identity,identity,0,{},0.0015387611,0.0015387611,0,0.99846244,0.99846244,0.0010079314,0.0010079314,0.99745451,0.99745451,0,1,1,0.34253991,0.34253991,False,0.99999988,True,True,True,1,1,0.34253991,0.34253991,1,1,0.33693447,0.33693447,1,1,0.061715067,0.061715067,1,1,0.070090868,0.070090868,1,1,0.18198138,0.18198138,1,1,0.18578425,0.18578425,1,1,0.15372509,0.15372509,1,1,0.13171065,0.13171065
0b_baseline_last,file,19,baseline,9650,164.Cerulean_Warbler/Cerulean_Warbler_0018_797183.jpg,164,163,164.Cerulean_Warbler,159,158,horizontal_flip,horizontal_flip,0,"{""flipped"":true}",0.0015387611,0.00084626616,-0.00069249491,0.99846244,0.99915409,0.0010079314,0.00029410547,0.99745451,0.99885999,0.0014054783,0.67210093,0.49732429,0.34253991,0.17035342,False,0.97712839,True,True,True,0.67210093,0.49732429,0.34253991,0.17035342,0.66323239,0.49767341,0.33693447,0.16768333,0.9425007,0.48680351,0.061715067,0.030043111,0.55379612,0.58150136,0.070090868,0.040757935,0.76419816,0.54803499,0.18198138,0.099732165,0.6069588,0.45360743,0.18578425,0.084273113,0.60055207,0.46147107,0.15372509,0.07093968,0.6849565,0.50222384,0.13171065,0.06614823
0b_baseline_last,file,19,baseline,9650,164.Cerulean_Warbler/Cerulean_Warbler_0018_797183.jpg,164,163,164.Cerulean_Warbler,159,158,color_jitter,color_jitter,0,"{""brightness"":0.802569,""contrast"":0.780303,""hue"":-0.011111,""saturation"":1.052108}",0.0015387611,0.0070605772,0.0055218161,0.99846244,0.99296427,0.0010079314,0.0047309846,0.99745451,0.98823328,-0.009221224,0.84589057,5.064958,0.34253991,1.7349502,False,0.97711992,True,True,True,0.84589057,5.064958,0.34253991,1.7349502,0.84176174,5.0721531,0.33693447,1.7089832,0.97556569,4.8455978,0.061715067,0.2990464,0.64220407,4.5786539,0.070090868,0.32092183,0.82102301,5.5507069,0.18198138,1.0101253,0.86507738,5.0681878,0.18578425,0.94158944,0.86307531,4.743017,0.15372509,0.7291207,0.87878282,4.6745512,0.13171065,0.61568819
0b_baseline_last,file,19,baseline,9650,164.Cerulean_Warbler/Cerulean_Warbler_0018_797183.jpg,164,163,164.Cerulean_Warbler,159,158,rotation,rotation,0,"{""angle"":-7.551452}",0.0015387611,0.00042775064,-0.0011110104,0.99846244,0.99957234,0.0010079314,0.00022280798,0.99745451,0.99934953,0.0018950215,0.82421473,0.22866346,0.34253991,0.078326361,False,0.98243976,True,True,True,0.82421473,0.22866346,0.34253991,0.078326361,0.81867843,0.22745808,0.33693447,0.076638468,0.97541134,0.2620582,0.061715067,0.01617294,0.7638101,0.24377148,0.070090868,0.017086154,0.85275977,0.23199411,0.18198138,0.042218608,0.80811013,0.21352684,0.18578425,0.039669924,0.78734763,0.21576433,0.15372509,0.033168391,0.83816517,0.25468653,0.13171065,0.033544929
0b_baseline_last,file,19,baseline,9650,164.Cerulean_Warbler/Cerulean_Warbler_0018_797183.jpg,164,163,164.Cerulean_Warbler,159,158,random_resized_crop,random_resized_crop,0,"{""area_fraction"":0.839183,""aspect"":1.011975,""fallback"":false,""height"":0.910633,""left"":0.041739,""top"":0.081847,""width"":0.921538}",0.0015387611,0.0010305099,-0.00050825113,0.99846244,0.99897003,0.0010079314,0.00041590573,0.99745451,0.99855413,0.0010996189,0.760525,0.60428036,0.34253991,0.20699014,False,0.98348701,True,True,True,0.760525,0.60428036,0.34253991,0.20699014,0.75389277,0.60397414,0.33693447,0.20349971,0.9552766,0.61333749,0.061715067,0.037852165,0.66499218,0.7118728,0.070090868,0.049895782,0.80590112,0.64655394,0.18198138,0.11766078,0.73638761,0.56343704,0.18578425,0.10467773,0.71728209,0.55770966,0.15372509,0.085733967,0.76912133,0.6247371,0.13171065,0.082284531
0b_baseline_last,file,19,baseline,9650,164.Cerulean_Warbler/Cerulean_Warbler_0018_797183.jpg,164,163,164.Cerulean_Warbler,159,158,gaussian_blur,gaussian_blur,0,"{""sigma"":1.926602}",0.0015387611,0.020942044,0.019403282,0.99846244,0.9792757,0.0010079314,0.0019573134,0.99745451,0.97731839,-0.020136117,0.29286107,12.260988,0.34253991,4.1998778,False,0.90248054,True,True,True,0.29286107,12.260988,0.34253991,4.1998778,0.2795831,12.323279,0.33693447,4.1521374,0.77447394,10.231694,0.061715067,0.63144967,0.18463471,17.411431,0.070090868,1.2203823,0.36821487,12.306071,0.18198138,2.2394758,0.14756097,11.560381,0.18578425,2.1477366,0.23004652,12.484875,0.15372509,1.9192385,0.47896032,11.858278,0.13171065,1.5618615
0b_baseline_last,file,19,baseline,9650,164.Cerulean_Warbler/Cerulean_Warbler_0018_797183.jpg,164,163,164.Cerulean_Warbler,159,158,random_erasing,random_erasing,0,"{""area_fraction"":0.132334,""erased"":true,""height"":0.207776,""left"":0.060371,""top"":0.786499,""width"":0.636909}",0.0015387611,0.0014354412,-0.00010331988,0.99846244,0.99856561,0.0010079314,0.00091738842,0.99745451,0.99764823,0.00019371865,0.97518707,0.91643383,0.34253991,0.31391516,False,0.99399424,True,True,True,0.97518707,0.91643383,0.34253991,0.31391516,0.97455384,0.91611128,0.33693447,0.30866947,0.99391415,0.92599637,0.061715067,0.057147928,0.97148554,0.9019049,0.070090868,0.063215297,0.98481097,0.93239232,0.18198138,0.16967804,0.97625024,0.90465762,0.18578425,0.16807113,0.96945597,0.90511666,0.15372509,0.13913914,0.95980451,0.9262238,0.13171065,0.12199354
0b_baseline_last,file,19,baseline,10149,173.Orange_crowned_Warbler/Orange_Crowned_Warbler_0103_168566.jpg,173,172,173.Orange_crowned_Warbler,170,169,identity,identity,0,{},5.1576624,5.1576624,0,0.0057551363,0.0057551363,0.43618274,0.43618274,-0.4304276,-0.4304276,0,1,1,116.4049,116.4049,False,1,True,False,False,1,1,116.4049,116.4049,1,1,112.41691,112.41691,1,1,30.208244,30.208244,1,1,26.597137,26.597137,1,1,44.291762,44.291762,1,1,53.510144,53.510144,1,1,55.936386,55.936386,1,1,63.056956,63.056956
0b_baseline_last,file,19,baseline,10149,173.Orange_crowned_Warbler/Orange_Crowned_Warbler_0103_168566.jpg,173,172,173.Orange_crowned_Warbler,170,169,horizontal_flip,horizontal_flip,0,"{""flipped"":true}",5.1576624,5.6611071,0.50344467,0.0057551363,0.003478664,0.43618274,0.74136937,-0.4304276,-0.7378907,-0.3074631,0.61309431,1.3025364,116.4049,151.62161,False,0.93975461,True,False,False,0.61309431,1.3025364,116.4049,151.62161,0.59362652,1.3104174,112.41691,147.31308,0.91324179,1.1880297,30.208244,35.888291,0.72094631,1.1054574,26.597137,29.402002,0.55895788,1.3562858,44.291762,60.072285,0.58242305,1.4192991,53.510144,75.946902,0.56061193,1.3578408,55.936386,75.952705,0.63716853,1.1963838,63.056956,75.440322
0b_baseline_last,file,19,baseline,10149,173.Orange_crowned_Warbler/Orange_Crowned_Warbler_0103_168566.jpg,173,172,173.Orange_crowned_Warbler,170,169,color_jitter,color_jitter,0,"{""brightness"":1.161131,""contrast"":1.354902,""hue"":-0.050131,""saturation"":1.138961}",5.1576624,5.327208,0.16954565,0.0057551363,0.0048576137,0.43618274,0.04772919,-0.4304276,-0.042871577,0.38755602,0.65469412,0.8692427,116.4049,101.18411,False,0.91994584,False,False,False,0.65469412,0.8692427,116.4049,101.18411,0.64272691,0.87563133,112.41691,98.435771,0.84640904,0.77537432,30.208244,23.422697,0.68269779,0.86005652,26.597137,22.875041,0.62084645,0.84371987,44.291762,37.369839,0.6984304,0.88881027,53.510144,47.560366,0.60042904,0.87702593,55.936386,49.057661,0.63910091,0.88314277,63.056956,55.688295
0b_baseline_last,file,19,baseline,10149,173.Orange_crowned_Warbler/Orange_Crowned_Warbler_0103_168566.jpg,173,172,173.Orange_crowned_Warbler,170,169,rotation,rotation,0,"{""angle"":10.592784}",5.1576624,5.1030025,-0.054659843,0.0057551363,0.0060784668,0.43618274,0.10441276,-0.4304276,-0.098334298,0.3320933,0.60607086,0.91386543,116.4049,106.37841,False,0.92194927,False,False,False,0.60607086,0.91386543,116.4049,106.37841,0.58961472,0.92116488,112.41691,103.55451,0.87161862,0.80600825,30.208244,24.348094,0.59034659,0.88768976,26.597137,23.610007,0.58127712,0.84385276,44.291762,37.375726,0.57618762,1.0889226,53.510144,58.268406,0.55404035,0.90604647,55.936386,50.680965,0.64784202,0.83997006,63.056956,52.965955
0b_baseline_last,file,19,baseline,10149,173.Orange_crowned_Warbler/Orange_Crowned_Warbler_0103_168566.jpg,173,172,173.Orange_crowned_Warbler,170,169,random_resized_crop,random_resized_crop,0,"{""area_fraction"":0.663886,""aspect"":1.162782,""fallback"":false,""height"":0.75561,""left"":0.007126,""top"":0.150468,""width"":0.87861}",5.1576624,6.021596,0.86393356,0.0057551363,0.0024257943,0.43618274,0.10460423,-0.4304276,-0.10217844,0.32824917,0.64377875,1.0860612,116.4049,126.42285,False,0.92380905,True,False,False,0.64377875,1.0860612,116.4049,126.42285,0.63154188,1.100435,112.41691,123.70751,0.87805951,0.86271919,30.208244,26.061232,0.77292222,1.2132614,26.597137,32.269279,0.64464438,1.1912341,44.291762,52.761857,0.62181998,1.2623351,53.510144,67.547735,0.59797137,1.0009367,55.936386,55.988783,0.64285741,0.975146,63.056956,61.489738
0b_baseline_last,file,19,baseline,10149,173.Orange_crowned_Warbler/Orange_Crowned_Warbler_0103_168566.jpg,173,172,173.Orange_crowned_Warbler,170,169,gaussian_blur,gaussian_blur,0,"{""sigma"":1.921855}",5.1576624,6.438961,1.2812986,0.0057551363,0.0015980665,0.43618274,0.063619137,-0.4304276,-0.06202107,0.36840653,0.53716849,0.9314297,116.4049,108.42298,False,0.85156691,False,False,False,0.53716849,0.9314297,116.4049,108.42298,0.52100304,0.93871838,112.41691,105.52782,0.79654871,0.8238869,30.208244,24.888177,0.53847615,0.99748265,26.597137,26.530183,0.56806934,0.92862434,44.291762,41.130408,0.51791859,1.0531567,53.510144,56.35457,0.47431908,0.90110349,55.936386,50.404472,0.53833979,0.87209928,63.056956,54.991926
0b_baseline_last,file,19,baseline,10149,173.Orange_crowned_Warbler/Orange_Crowned_Warbler_0103_168566.jpg,173,172,173.Orange_crowned_Warbler,170,169,random_erasing,random_erasing,0,"{""area_fraction"":0.193434,""erased"":true,""height"":0.383873,""left"":0.450256,""top"":0.37648,""width"":0.503901}",5.1576624,8.0863171,2.9286547,0.0057551363,0.00030772085,0.43618274,0.01195901,-0.4304276,-0.011651289,0.41877631,0.42524595,1.0462994,116.4049,121.79438,False,0.87591541,False,False,False,0.42524595,1.0462994,116.4049,121.79438,0.40201129,1.0550311,112.41691,118.60334,0.79945442,0.91686568,30.208244,27.696902,0.58655168,0.74155184,26.597137,19.723156,0.33298385,1.080947,44.291762,47.877048,0.36007248,1.1142402,53.510144,59.623156,0.35584544,1.0815312,55.936386,60.496947,0.48946714,1.0241732,63.056956,64.581242
0b_baseline_last,file,19,baseline,2467,043.Yellow_bellied_Flycatcher/Yellow_Bellied_Flycatcher_0041_42719.jpg,43,42,043.Yellow_bellied_Flycatcher,39,38,identity,identity,0,{},2.4466345,2.4466345,0,0.086584494,0.086584494,0.69069326,0.69069326,-0.60410877,-0.60410877,0,1,1,150.36815,150.36815,False,1,True,False,False,1,1,150.36815,150.36815,1,1,146.26652,146.26652,1,1,34.88102,34.88102,1,1,50.522904,50.522904,1,1,63.313546,63.313546,1,1,76.017714,76.017714,1,1,70.832127,70.832127,1,1,63.536154,63.536154
0b_baseline_last,file,19,baseline,2467,043.Yellow_bellied_Flycatcher/Yellow_Bellied_Flycatcher_0041_42719.jpg,43,42,043.Yellow_bellied_Flycatcher,39,38,horizontal_flip,horizontal_flip,0,"{""flipped"":true}",2.4466345,1.4735068,-0.97312772,0.086584494,0.22912058,0.69069326,0.34654376,-0.60410877,-0.11742318,0.48668559,0.66064082,0.89335228,150.36815,134.33173,False,0.93581045,True,False,False,0.66064082,0.89335228,150.36815,134.33173,0.64975245,0.9009557,146.26652,131.77966,0.90260845,0.74711795,34.88102,26.060236,0.80102584,0.76108974,50.522904,38.452464,0.53270163,0.93233679,63.313546,59.029548,0.66880814,0.94778722,76.017714,72.048617,0.63554999,0.9032305,70.832127,63.977737,0.68590816,0.87894554,63.536154,55.844819
0b_baseline_last,file,19,baseline,2467,043.Yellow_bellied_Flycatcher/Yellow_Bellied_Flycatcher_0041_42719.jpg,43,42,043.Yellow_bellied_Flycatcher,39,38,color_jitter,color_jitter,0,"{""brightness"":1.049078,""contrast"":0.665579,""hue"":0.014699,""saturation"":0.804935}",2.4466345,2.5798876,0.1332531,0.086584494,0.075782515,0.69069326,0.60856044,-0.60410877,-0.53277793,0.071330838,0.89577764,1.1916275,150.36815,179.18283,False,0.98223066,True,False,False,0.89577764,1.1916275,150.36815,179.18283,0.89294394,1.2030091,146.26652,175.95996,0.97751147,0.96991418,34.88102,33.831596,0.88471163,1.0430336,50.522904,52.697087,0.86873121,1.3541763,63.313546,85.737702,0.90045301,1.2856367,76.017714,97.731166,0.90766633,1.1565038,70.832127,81.917625,0.92038815,1.0642328,63.536154,67.617258
0b_baseline_last,file,19,baseline,2467,043.Yellow_bellied_Flycatcher/Yellow_Bellied_Flycatcher_0041_42719.jpg,43,42,043.Yellow_bellied_Flycatcher,39,38,rotation,rotation,0,"{""angle"":-5.589338}",2.4466345,1.3347032,-1.1119313,0.086584494,0.26323631,0.69069326,0.37508389,-0.60410877,-0.11184758,0.49226119,0.78625124,0.96766522,150.36815,145.50603,False,0.96545225,True,False,False,0.78625124,0.96766522,150.36815,145.50603,0.78105058,0.97940456,146.26652,143.2541,0.94121688,0.73106675,34.88102,25.500354,0.85771141,1.1396032,50.522904,57.576062,0.73263122,0.99790761,63.313546,63.18107,0.76029027,0.98760863,76.017714,75.075751,0.78307635,0.94647847,70.832127,67.041084,0.81687615,0.87405147,63.536154,55.533869
0b_baseline_last,file,19,baseline,2467,043.Yellow_bellied_Flycatcher/Yellow_Bellied_Flycatcher_0041_42719.jpg,43,42,043.Yellow_bellied_Flycatcher,39,38,random_resized_crop,random_resized_crop,0,"{""area_fraction"":0.656705,""aspect"":1.191811,""fallback"":false,""height"":0.742303,""left"":0.055911,""top"":0.104249,""width"":0.884685}",2.4466345,1.604165,-0.84246957,0.086584494,0.20105737,0.69069326,0.48563302,-0.60410877,-0.28457564,0.31953312,0.73477311,0.86821854,150.36815,130.55242,False,0.95101964,True,False,False,0.73477311,0.86821854,150.36815,130.55242,0.72436984,0.87255027,146.26652,127.62489,0.94090276,0.78817022,34.88102,27.492181,0.76744319,0.91032423,50.522904,45.992224,0.68557191,0.90413707,63.313546,57.244124,0.69812508,0.86523096,76.017714,65.77288,0.73017164,0.85368378,70.832127,60.468238,0.76864194,0.84953945,63.536154,53.97647
0b_baseline_last,file,19,baseline,2467,043.Yellow_bellied_Flycatcher/Yellow_Bellied_Flycatcher_0041_42719.jpg,43,42,043.Yellow_bellied_Flycatcher,39,38,gaussian_blur,gaussian_blur,0,"{""sigma"":1.966194}",2.4466345,3.4740019,1.0273674,0.086584494,0.030992748,0.69069326,0.004047276,-0.60410877,0.026945472,0.63105424,0.31541386,0.91779443,150.36815,138.00705,False,0.6909681,False,False,False,0.31541386,0.91779443,150.36815,138.00705,0.30692466,0.92975615,146.26652,135.9922,0.53730063,0.67360791,34.88102,23.496131,0.012278125,0.88024875,50.522904,44.472723,0.29955422,0.90923385,63.313546,57.566819,0.37367167,0.92236402,76.017714,70.116004,0.32212777,0.90559461,70.832127,64.145192,0.372947,1.016512,63.536154,64.585262
0b_baseline_last,file,19,baseline,2467,043.Yellow_bellied_Flycatcher/Yellow_Bellied_Flycatcher_0041_42719.jpg,43,42,043.Yellow_bellied_Flycatcher,39,38,random_erasing,random_erasing,0,"{""area_fraction"":0.198157,""erased"":true,""height"":0.335603,""left"":0.111557,""top"":0.468171,""width"":0.590449}",2.4466345,3.4251027,0.97846818,0.086584494,0.032545939,0.69069326,0.065411225,-0.60410877,-0.032865286,0.57124348,0.54913283,1.0163561,150.36815,152.82759,False,0.84983492,False,False,False,0.54913283,1.0163561,150.36815,152.82759,0.544114,1.0293394,146.26652,150.55789,0.69598268,0.75230315,34.88102,26.241101,0.3181103,0.81729115,50.522904,41.291923,0.63030733,0.9890224,63.313546,62.618515,0.57056313,1.1100881,76.017714,84.386362,0.54380535,1.0155553,70.832127,71.933945,0.54574946,1.0842867,63.536154,68.891406
0b_baseline_last,file,19,baseline,6135,105.Whip_poor_Will/Whip_Poor_Will_0044_796407.jpg,105,104,105.Whip_poor_Will,22,21,identity,identity,0,{},0.43925714,0.43925714,0,0.64451504,0.64451504,0.33821562,0.33821562,0.30629942,0.30629942,0,1,1,122.93917,122.93917,False,1.0000001,True,True,True,1,1,122.93917,122.93917,1,1,121.94666,121.94666,1,1,15.590171,15.590171,1,1,20.902611,20.902611,1,1,65.998733,65.998733,1,1,74.026723,74.026723,1,1,54.612645,54.612645,1,1,40.196244,40.196244
0b_baseline_last,file,19,baseline,6135,105.Whip_poor_Will/Whip_Poor_Will_0044_796407.jpg,105,104,105.Whip_poor_Will,22,21,horizontal_flip,horizontal_flip,0,"{""flipped"":true}",0.43925714,0.39099115,-0.048265994,0.64451504,0.67638618,0.33821562,0.30495924,0.30629942,0.37142694,0.065127522,0.81691386,0.81429512,122.93917,100.10877,False,0.96125686,True,True,True,0.81691386,0.81429512,122.93917,100.10877,0.81446086,0.81368344,121.94666,99.225974,0.96123971,0.85088389,15.590171,13.265425,0.76952972,0.84104702,20.902611,17.580078,0.77716192,0.72953676,65.998733,48.148502,0.84431527,0.81725589,74.026723,60.498775,0.8144487,0.87340587,54.612645,47.699005,0.8333357,0.89115834,40.196244,35.821219
0b_baseline_last,file,19,baseline,6135,105.Whip_poor_Will/Whip_Poor_Will_0044_796407.jpg,105,104,105.Whip_poor_Will,22,21,color_jitter,color_jitter,0,"{""brightness"":1.109725,""contrast"":0.805663,""hue"":0.030511,""saturation"":0.645478}",0.43925714,0.63627005,0.1970129,0.64451504,0.5292629,0.33821562,0.39133218,0.30629942,0.13793072,-0.1683687,0.92457258,1.3372058,122.93917,164.39497,False,0.97582978,True,True,True,0.92457258,1.3372058,122.93917,164.39497,0.92391829,1.3391094,121.94666,163.29992,0.97299801,1.2150711,15.590171,18.943166,0.86793531,1.4632675,20.902611,30.586111,0.93465322,1.4378811,65.998733,94.898329,0.93487191,1.3122758,74.026723,97.143475,0.91292166,1.2414267,54.612645,67.797595,0.90472236,1.2908492,40.196244,51.887289
0b_baseline_last,file,19,baseline,6135,105.Whip_poor_Will/Whip_Poor_Will_0044_796407.jpg,105,104,105.Whip_poor_Will,22,21,rotation,rotation,0,"{""angle"":5.200094}",0.43925714,1.4533882,1.0141311,0.64451504,0.23377687,0.33821562,0.60840285,0.30629942,-0.37462598,-0.6809254,0.89106938,1.6944517,122.93917,208.31449,False,0.94677168,False,True,False,0.89106938,1.6944517,122.93917,208.31449,0.89021808,1.6923152,121.94666,206.37218,0.94182242,1.8204056,15.590171,28.380434,0.80326172,1.6930111,20.902611,35.388352,0.91031669,1.6587301,65.998733,109.47408,0.90508439,1.6945932,74.026723,125.44518,0.8684366,1.6874845,54.612645,92.157991,0.85383116,1.7806384,40.196244,71.574976
0b_baseline_last,file,19,baseline,6135,105.Whip_poor_Will/Whip_Poor_Will_0044_796407.jpg,105,104,105.Whip_poor_Will,22,21,random_resized_crop,random_resized_crop,0,"{""area_fraction"":0.605841,""aspect"":0.819366,""fallback"":false,""height"":0.859885,""left"":0.061714,""top"":0.013551,""width"":0.70456}",0.43925714,0.98269928,0.54344213,0.64451504,0.37429941,0.33821562,0.55853504,0.30629942,-0.18423563,-0.49053505,0.84867418,1.6473555,122.93917,202.52453,False,0.9382118,False,True,False,0.84867418,1.6473555,122.93917,202.52453,0.84722417,1.6474337,121.94666,200.89903,0.93765807,1.642567,15.590171,25.607899,0.76861251,1.636455,20.902611,34.206181,0.86204343,1.4802552,65.998733,97.694967,0.86228528,1.6503965,74.026723,122.17345,0.82995257,1.7802235,54.612645,97.222714,0.83741705,1.8055704,40.196244,72.577149
0b_baseline_last,file,19,baseline,6135,105.Whip_poor_Will/Whip_Poor_Will_0044_796407.jpg,105,104,105.Whip_poor_Will,22,21,gaussian_blur,gaussian_blur,0,"{""sigma"":1.729959}",0.43925714,1.459319,1.0200619,0.64451504,0.23239452,0.33821562,0.32432702,0.30629942,-0.091932505,-0.39823192,0.59990098,1.2426117,122.93917,152.76565,False,0.90649736,False,True,False,0.59990098,1.2426117,122.93917,152.76565,0.59532691,1.2355151,121.94666,150.66693,0.8350648,1.6186687,15.590171,25.235321,0.266887,1.310962,20.902611,27.402528,0.5510924,0.92962564,65.998733,61.354115,0.65754312,1.2066179,74.026723,89.32197,0.58680326,1.3264766,54.612645,72.442397,0.66570727,1.751906,40.196244,70.420042
0b_baseline_last,file,19,baseline,6135,105.Whip_poor_Will/Whip_Poor_Will_0044_796407.jpg,105,104,105.Whip_poor_Will,22,21,random_erasing,random_erasing,0,"{""area_fraction"":0.156328,""erased"":true,""height"":0.411152,""left"":0.186618,""top"":0.583735,""width"":0.38022}",0.43925714,0.16801879,-0.27123836,0.64451504,0.84533793,0.33821562,0.14953573,0.30629942,0.6958022,0.38950278,0.94221577,0.39188276,122.93917,48.177742,False,0.95846307,True,True,True,0.94221577,0.39188276,122.93917,48.177742,0.94203321,0.39105768,121.94666,47.688177,0.95845395,0.43942677,15.590171,6.8507383,0.96768779,0.38064172,20.902611,7.9564057,0.96335501,0.39345565,65.998733,25.967574,0.94584363,0.37469151,74.026723,27.737185,0.92775407,0.39811467,54.612645,21.742095,0.90268462,0.42691073,40.196244,17.160208
0b_baseline_last,file,19,baseline,1581,028.Brown_Creeper/Brown_Creeper_0121_24574.jpg,28,27,028.Brown_Creeper,190,189,identity,identity,0,{},0.0077479556,0.0077479556,0,0.99228197,0.99228197,0.002260844,0.002260844,0.99002113,0.99002113,0,1,1,1.4782289,1.4782289,False,0.99999994,True,True,True,1,1,1.4782289,1.4782289,1,1,1.4605779,1.4605779,1,1,0.22775671,0.22775671,1,1,0.25745702,0.25745702,1,1,0.58432307,0.58432307,1,1,0.86261964,0.86261964,1,1,0.7319723,0.7319723,1,1,0.66758821,0.66758821
0b_baseline_last,file,19,baseline,1581,028.Brown_Creeper/Brown_Creeper_0121_24574.jpg,28,27,028.Brown_Creeper,190,189,horizontal_flip,horizontal_flip,0,"{""flipped"":true}",0.0077479556,0.071945041,0.064197086,0.99228197,0.93058205,0.002260844,0.026287325,0.99002113,0.90429472,-0.085726408,0.74680022,8.0408261,1.4782289,11.886182,False,0.95152497,True,True,True,0.74680022,8.0408261,1.4782289,11.886182,0.74154161,8.0106185,1.4605779,11.700132,0.94209777,9.1975803,0.22775671,2.0948106,0.64192668,7.8144457,0.25745702,2.0118839,0.69567532,9.0774537,0.58432307,5.3041656,0.76959687,7.7750074,0.86261964,6.706874,0.73664793,7.9101341,0.7319723,5.7899991,0.76344925,7.6680218,0.66758821,5.1190809
0b_baseline_last,file,19,baseline,1581,028.Brown_Creeper/Brown_Creeper_0121_24574.jpg,28,27,028.Brown_Creeper,190,189,color_jitter,color_jitter,0,"{""brightness"":0.681426,""contrast"":0.717518,""hue"":-0.030029,""saturation"":0.609149}",0.0077479556,0.028679363,0.020931408,0.99228197,0.97172797,0.002260844,0.0017552963,0.99002113,0.96997267,-0.020048458,0.69856475,4.0335896,1.4782289,5.9625689,False,0.91722822,True,True,True,0.69856475,4.0335896,1.4782289,5.9625689,0.69476776,4.0470605,1.4605779,5.9110469,0.89183608,3.4341291,0.22775671,0.78214595,0.49227781,5.0766467,0.25745702,1.3070183,0.60201884,4.438973,0.58432307,2.5937944,0.70794489,4.0523756,0.86261964,3.4956588,0.72102085,3.7420153,0.7319723,2.7390516,0.77067331,3.9010567,0.66758821,2.6042994
0b_baseline_last,file,19,baseline,1581,028.Brown_Creeper/Brown_Creeper_0121_24574.jpg,28,27,028.Brown_Creeper,190,189,rotation,rotation,0,"{""angle"":-2.184267}",0.0077479556,0.043983307,0.036235351,0.99228197,0.95696992,0.002260844,0.0046121478,0.99002113,0.95235777,-0.03766336,0.79676158,5.6010063,1.4782289,8.2795696,False,0.96398115,True,True,True,0.79676158,5.6010063,1.4782289,8.2795696,0.79369206,5.6109409,1.4605779,8.195216,0.93614275,5.1759556,0.22775671,1.1788586,0.60318592,5.5390114,0.25745702,1.4260573,0.71881754,6.0329857,0.58432307,3.5252127,0.82083431,5.7647757,0.86261964,4.9728088,0.79840278,5.3761338,0.7319723,3.935181,0.83821153,5.2930823,0.66758821,3.5335993
0b_baseline_last,file,19,baseline,1581,028.Brown_Creeper/Brown_Creeper_0121_24574.jpg,28,27,028.Brown_Creeper,190,189,random_resized_crop,random_resized_crop,0,"{""area_fraction"":0.703825,""aspect"":0.926399,""fallback"":false,""height"":0.871632,""left"":0.029839,""top"":0.107028,""width"":0.807479}",0.0077479556,0.24770506,0.2399571,0.99228197,0.78059012,0.002260844,0.029275158,0.99002113,0.75131496,-0.23870617,0.67946814,28.692887,1.4782289,42.414657,False,0.91167963,True,True,True,0.67946814,28.692887,1.4782289,42.414657,0.67495622,28.646126,1.4605779,41.839897,0.85481163,30.554036,0.22775671,6.9588867,0.46053451,25.925394,0.25745702,6.6746746,0.58198287,31.260208,0.58432307,18.266061,0.7019277,28.794071,0.86261964,24.838331,0.69391727,27.534884,0.7319723,20.154772,0.71877656,27.992416,0.66758821,18.687407
0b_baseline_last,file,19,baseline,1581,028.Brown_Creeper/Brown_Creeper_0121_24574.jpg,28,27,028.Brown_Creeper,190,189,gaussian_blur,gaussian_blur,0,"{""sigma"":1.44622}",0.0077479556,0.43511084,0.42736288,0.99228197,0.64719296,0.002260844,0.0055313408,0.99002113,0.64166161,-0.34835952,0.56012752,57.615937,1.4782289,85.169545,False,0.81246531,True,True,True,0.56012752,57.615937,1.4782289,85.169545,0.55709963,57.961174,1.4605779,84.656807,0.76973716,40.971228,0.22775671,9.3314723,0.37050089,65.607367,0.25745702,16.891077,0.43318765,63.601724,0.58432307,37.163955,0.59212649,62.023812,0.86261964,53.502958,0.59049023,56.47651,0.7319723,41.339241,0.6227368,45.651412,0.66758821,30.476344
0b_baseline_last,file,19,baseline,1581,028.Brown_Creeper/Brown_Creeper_0121_24574.jpg,28,27,028.Brown_Creeper,190,189,random_erasing,random_erasing,0,"{""area_fraction"":0.123174,""erased"":true,""height"":0.215076,""left"":0.373194,""top"":0.427266,""width"":0.572701}",0.0077479556,0.10457855,0.096830599,0.99228197,0.90070403,0.002260844,0.0042631943,0.99002113,0.89644083,-0.093580297,0.71214354,11.921295,1.4782289,17.622403,False,0.90183061,True,True,True,0.71214354,11.921295,1.4782289,17.622403,0.7086771,11.932775,1.4605779,17.428747,0.86147303,11.439198,0.22775671,2.6053541,0.69270754,9.0482722,0.25745702,2.3295412,0.64156666,13.030306,0.58432307,7.6139083,0.72575223,11.434005,0.86261964,9.863197,0.70981294,12.008253,0.7319723,8.7897089,0.74382789,12.152742,0.66758821,8.1130273
0b_baseline_last,file,19,baseline,8782,150.Sage_Thrasher/Sage_Thrasher_0096_155449.jpg,150,149,150.Sage_Thrasher,131,130,identity,identity,0,{},0.1953744,0.1953744,0,0.82252663,0.82252663,0.035225239,0.035225239,0.7873014,0.7873014,0,1,1,27.304148,27.304148,False,1,True,True,True,1,1,27.304148,27.304148,1,1,26.812323,26.812323,1,1,5.1590533,5.1590533,1,1,4.8492732,4.8492732,1,1,11.932533,11.932533,1,1,13.727041,13.727041,1,1,14.053811,14.053811,1,1,12.925117,12.925117
0b_baseline_last,file,19,baseline,8782,150.Sage_Thrasher/Sage_Thrasher_0096_155449.jpg,150,149,150.Sage_Thrasher,131,130,horizontal_flip,horizontal_flip,0,"{""flipped"":true}",0.1953744,0.35901731,0.16364291,0.82252663,0.69836223,0.035225239,0.029810138,0.7873014,0.66855209,-0.1187493,0.62304501,1.7014063,27.304148,46.45545,False,0.96295476,True,True,True,0.62304501,1.7014063,27.304148,46.45545,0.61168683,1.7057051,26.812323,45.733916,0.9557964,1.58088,5.1590533,8.1558443,0.64082156,1.4585854,4.8492732,7.0730792,0.59027928,1.559964,11.932533,18.614321,0.6012476,1.7648219,13.727041,24.225782,0.56888453,1.7493672,14.053811,24.585276,0.69107418,1.7364851,12.925117,22.444272
0b_baseline_last,file,19,baseline,8782,150.Sage_Thrasher/Sage_Thrasher_0096_155449.jpg,150,149,150.Sage_Thrasher,131,130,color_jitter,color_jitter,0,"{""brightness"":1.203928,""contrast"":0.770635,""hue"":-0.031211,""saturation"":0.963325}",0.1953744,0.13068102,-0.064693376,0.82252663,0.87749761,0.035225239,0.04210826,0.7873014,0.83538935,0.048087958,0.86382442,0.73511363,27.304148,20.071652,False,0.98749697,True,True,True,0.86382442,0.73511363,27.304148,20.071652,0.85959318,0.7349218,26.812323,19.704961,0.97730682,0.74027605,5.1590533,3.8191236,0.84434454,0.7793366,4.8492732,3.7792161,0.8423868,0.67305049,11.932533,8.031197,0.83626144,0.77013349,13.727041,10.571654,0.86195831,0.7520664,14.053811,10.569399,0.9055429,0.71761676,12.925117,9.2752805
0b_baseline_last,file,19,baseline,8782,150.Sage_Thrasher/Sage_Thrasher_0096_155449.jpg,150,149,150.Sage_Thrasher,131,130,rotation,rotation,0,"{""angle"":3.749317}",0.1953744,0.15393932,-0.041435078,0.82252663,0.85732406,0.035225239,0.011395493,0.7873014,0.84592857,0.058627176,0.68175051,0.87955305,27.304148,24.015447,False,0.96077049,True,True,True,0.68175051,0.87955305,27.304148,24.015447,0.67279264,0.88158196,26.812323,23.637261,0.94253716,0.82286158,5.1590533,4.2451868,0.55344064,0.83364139,4.8492732,4.0425548,0.52172745,0.80262869,11.932533,9.5773931,0.62762519,0.91461361,13.727041,12.554938,0.70883902,0.91411996,14.053811,12.846869,0.81914684,0.87526875,12.925117,11.312951
0b_baseline_last,file,19,baseline,8782,150.Sage_Thrasher/Sage_Thrasher_0096_155449.jpg,150,149,150.Sage_Thrasher,131,130,random_resized_crop,random_resized_crop,0,"{""area_fraction"":0.826589,""aspect"":0.940068,""fallback"":false,""height"":0.937702,""left"":0.103496,""top"":0.009558,""width"":0.881504}",0.1953744,0.16258666,-0.03278774,0.82252663,0.84994245,0.035225239,0.029455401,0.7873014,0.82048704,0.03318565,0.66229163,0.82933863,27.304148,22.644385,False,0.96266866,True,True,True,0.66229163,0.82933863,27.304148,22.644385,0.65181864,0.83045931,26.812323,22.266544,0.95699458,0.79847394,5.1590533,4.1193696,0.57810009,0.81878974,4.8492732,3.9705351,0.584325,0.67816263,11.932533,8.0921978,0.57311188,0.84041679,13.727041,11.536435,0.6691323,0.86152826,14.053811,12.107755,0.77931675,0.89848751,12.925117,11.613056
0b_baseline_last,file,19,baseline,8782,150.Sage_Thrasher/Sage_Thrasher_0096_155449.jpg,150,149,150.Sage_Thrasher,131,130,gaussian_blur,gaussian_blur,0,"{""sigma"":1.508416}",0.1953744,2.4986382,2.3032638,0.82252663,0.082196854,0.035225239,0.023400771,0.7873014,0.058796084,-0.72850531,0.31980907,6.1030311,27.304148,166.63807,False,0.76679063,False,True,False,0.31980907,6.1030311,27.304148,166.63807,0.30607909,6.1209699,26.812323,164.11743,0.72663259,5.5967908,5.1590533,28.874142,0.33072818,5.5449656,4.8492732,26.889053,0.11323134,6.3734664,11.932533,76.051596,0.22033878,7.2320124,13.727041,99.274128,0.42002232,5.4815648,14.053811,77.036877,0.50667213,5.2688225,12.925117,68.100147
0b_baseline_last,file,19,baseline,8782,150.Sage_Thrasher/Sage_Thrasher_0096_155449.jpg,150,149,150.Sage_Thrasher,131,130,random_erasing,random_erasing,0,"{""area_fraction"":0.136363,""erased"":true,""height"":0.411185,""left"":0.071216,""top"":0.587943,""width"":0.331634}",0.1953744,0.16724668,-0.028127715,0.82252663,0.8459909,0.035225239,0.034676444,0.7873014,0.81131445,0.024013057,0.92629925,0.85168929,27.304148,23.254651,False,0.98825705,True,True,True,0.92629925,0.85168929,27.304148,23.254651,0.92409636,0.8517624,26.812323,22.837729,0.98594595,0.84971225,5.1590533,4.3837108,0.9438204,0.88013213,4.8492732,4.2680011,0.93438371,0.78137903,11.932533,9.3238308,0.91321869,0.85787047,13.727041,11.776023,0.91990841,0.86491238,14.053811,12.155315,0.93373002,0.8820912,12.925117,11.401132
0b_baseline_last,file,19,baseline,8635,147.Least_Tern/Least_Tern_0052_154021.jpg,147,146,147.Least_Tern,114,113,identity,identity,0,{},0.69872397,0.69872397,0,0.49721938,0.49721938,0.13472779,0.13472779,0.36249159,0.36249159,0,1,1,86.408941,86.408941,False,1,True,True,True,1,1,86.408941,86.408941,1,1,85.12906,85.12906,1,1,14.817156,14.817156,1,1,17.233099,17.233099,1,1,41.924825,41.924825,1,1,48.715311,48.715311,1,1,40.26526,40.26526,1,1,34.609443,34.609443
0b_baseline_last,file,19,baseline,8635,147.Least_Tern/Least_Tern_0052_154021.jpg,147,146,147.Least_Tern,114,113,horizontal_flip,horizontal_flip,0,"{""flipped"":true}",0.69872397,0.1837247,-0.51499927,0.49721938,0.83216488,0.13472779,0.017285643,0.36249159,0.81487924,0.45238765,0.64758592,0.2944295,86.408941,25.441341,False,0.97007376,True,True,True,0.64758592,0.2944295,86.408941,25.441341,0.63830767,0.2943747,85.12906,25.059842,0.95193888,0.29623248,14.817156,4.3893228,0.61223864,0.28062911,17.233099,4.8361092,0.48525239,0.31118638,41.924825,13.046435,0.67791373,0.28359766,48.715311,13.815549,0.67351001,0.28082047,40.26526,11.307309,0.75859774,0.31075819,34.609443,10.755168
0b_baseline_last,file,19,baseline,8635,147.Least_Tern/Least_Tern_0052_154021.jpg,147,146,147.Least_Tern,114,113,color_jitter,color_jitter,0,"{""brightness"":1.323254,""contrast"":0.625832,""hue"":-0.0043,""saturation"":1.156344}",0.69872397,1.8406267,1.1419027,0.49721938,0.15871793,0.13472779,0.10407883,0.36249159,0.054639101,-0.30785249,0.79567437,1.682395,86.408941,145.37397,False,0.93217701,True,True,True,0.79567437,1.682395,86.408941,145.37397,0.79221074,1.6833693,85.12906,143.30365,0.91247806,1.6499112,14.817156,24.446992,0.43889588,1.7038362,17.233099,29.362378,0.76667127,1.7867556,41.924825,74.909415,0.84384887,1.6423959,48.715311,80.009826,0.81428179,1.6311759,40.26526,65.679722,0.79511432,1.6715954,34.609443,57.852984
0b_baseline_last,file,19,baseline,8635,147.Least_Tern/Least_Tern_0052_154021.jpg,147,146,147.Least_Tern,114,113,rotation,rotation,0,"{""angle"":-12.414751}",0.69872397,1.2686826,0.56995863,0.49721938,0.28120184,0.13472779,0.045926213,0.36249159,0.23527563,-0.12721597,0.76926068,1.2453319,86.408941,107.60781,False,0.95677006,True,True,True,0.76926068,1.2453319,86.408941,107.60781,0.76397494,1.2414646,85.12906,105.68472,0.93117769,1.3668571,14.817156,20.252934,0.68828053,1.0441309,17.233099,17.993611,0.76592289,1.1823378,41.924825,49.569304,0.7886196,1.2947004,48.715311,63.071733,0.74074876,1.2066365,40.26526,48.585532,0.76327399,1.3081532,34.609443,45.274454
0b_baseline_last,file,19,baseline,8635,147.Least_Tern/Least_Tern_0052_154021.jpg,147,146,147.Least_Tern,114,113,random_resized_crop,random_resized_crop,0,"{""area_fraction"":0.535683,""aspect"":1.218811,""fallback"":false,""height"":0.662958,""left"":0.186915,""top"":0.221919,""width"":0.80802}",0.69872397,0.37746248,-0.3212615,0.49721938,0.68559891,0.13472779,0.014966008,0.36249159,0.6706329,0.30814131,0.62038104,0.66762534,86.408941,57.688798,False,0.88311934,True,True,True,0.62038104,0.66762534,86.408941,57.688798,0.6147115,0.66993882,85.12906,57.031262,0.83967348,0.58615797,14.817156,8.6851942,0.3616799,0.64672826,17.233099,11.145132,0.57630774,0.65356645,41.924825,27.400659,0.62894448,0.66997361,48.715311,32.637973,0.65703246,0.69579296,40.26526,28.016284,0.6438417,0.66355607,34.609443,22.965306
0b_baseline_last,file,19,baseline,8635,147.Least_Tern/Least_Tern_0052_154021.jpg,147,146,147.Least_Tern,114,113,gaussian_blur,gaussian_blur,0,"{""sigma"":1.291076}",0.69872397,0.54989117,-0.1488328,0.49721938,0.5770126,0.13472779,0.046023462,0.36249159,0.53098914,0.16849754,0.68755002,0.91817054,86.408941,79.338144,False,0.94214702,True,True,True,0.68755002,0.91817054,86.408941,79.338144,0.68139563,0.92037305,85.12906,78.350493,0.91217639,0.84224239,14.817156,12.479637,0.62141272,0.88400729,17.233099,15.234185,0.56513267,0.91796813,41.924825,38.485653,0.71211902,0.90311683,48.715311,43.995617,0.72304927,0.94178367,40.26526,37.921164,0.74794211,0.93713438,34.609443,32.433699
0b_baseline_last,file,19,baseline,8635,147.Least_Tern/Least_Tern_0052_154021.jpg,147,146,147.Least_Tern,114,113,random_erasing,random_erasing,0,"{""area_fraction"":0.09526,""erased"":true,""height"":0.260603,""left"":0.108439,""top"":0.684659,""width"":0.365536}",0.69872397,0.90555233,0.20682836,0.49721938,0.40431851,0.13472779,0.055870883,0.36249159,0.34844763,-0.014043964,0.8378807,1.2426498,86.408941,107.37605,False,0.95926821,True,True,True,0.8378807,1.2426498,86.408941,107.37605,0.83513677,1.2446478,85.12906,105.95569,0.93519826,1.1747945,14.817156,17.407113,0.88130731,1.2008429,17.233099,20.694244,0.8650099,1.2827956,41.924825,53.78098,0.85177934,1.2241155,48.715311,59.633167,0.80605528,1.2196059,40.26526,49.107747,0.78746536,1.2720771,34.609443,44.025879
0b_baseline_last,file,19,baseline,566,011.Rusty_Blackbird/Rusty_Blackbird_0023_6752.jpg,11,10,011.Rusty_Blackbird,34,33,identity,identity,0,{},0.223479,0.223479,0,0.79973167,0.79973167,0.069511034,0.069511034,0.73022064,0.73022064,0,1,1,34.719348,34.719348,False,1,True,True,True,1,1,34.719348,34.719348,1,1,33.954144,33.954144,1,1,7.2490853,7.2490853,1,1,7.3634418,7.3634418,1,1,17.284597,17.284597,1,1,18.301602,18.301602,1,1,15.009735,15.009735,1,1,15.481136,15.481136
0b_baseline_last,file,19,baseline,566,011.Rusty_Blackbird/Rusty_Blackbird_0023_6752.jpg,11,10,011.Rusty_Blackbird,34,33,horizontal_flip,horizontal_flip,0,"{""flipped"":true}",0.223479,0.29253075,0.069051743,0.79973167,0.74637228,0.069511034,0.023581574,0.73022064,0.72279071,-0.0074299295,0.64678743,1.2675739,34.719348,44.009341,False,0.96084118,True,True,True,0.64678743,1.2675739,34.719348,44.009341,0.63414376,1.2680194,33.954144,43.054513,0.92646098,1.2577615,7.2490853,9.1176207,0.74348937,1.1067845,7.3634418,8.1497433,0.68747771,1.2188735,17.284597,21.067738,0.57995833,1.3155457,18.301602,24.076593,0.56289149,1.2680069,15.009735,19.032448,0.69543011,1.2943258,15.481136,20.037633
0b_baseline_last,file,19,baseline,566,011.Rusty_Blackbird/Rusty_Blackbird_0023_6752.jpg,11,10,011.Rusty_Blackbird,34,33,color_jitter,color_jitter,0,"{""brightness"":0.805795,""contrast"":0.844341,""hue"":0.085749,""saturation"":0.786497}",0.223479,4.1894946,3.9660156,0.79973167,0.015153942,0.069511034,0.030332768,0.73022064,-0.015178827,-0.74539946,0.57442063,3.6388027,34.719348,126.33686,False,0.8495543,False,True,False,0.57442063,3.6388027,34.719348,126.33686,0.56261468,3.612236,33.954144,122.65038,0.80409611,4.1793733,7.2490853,30.296634,0.55709698,3.2541858,7.3634418,23.962008,0.66270372,3.6755448,17.284597,63.530312,0.50863904,3.6403199,18.301602,66.623685,0.5203281,3.4906556,15.009735,52.393817,0.55257393,3.6819064,15.481136,57.000093
0b_baseline_last,file,19,baseline,566,011.Rusty_Blackbird/Rusty_Blackbird_0023_6752.jpg,11,10,011.Rusty_Blackbird,34,33,rotation,rotation,0,"{""angle"":-11.41031}",0.223479,1.2858932,1.0624142,0.79973167,0.27640358,0.069511034,0.30092853,0.73022064,-0.024524957,-0.7547456,0.81226214,3.655339,34.719348,126.91099,False,0.96139151,False,True,False,0.81226214,3.655339,34.719348,126.91099,0.8059799,3.6554143,33.954144,124.11646,0.95015426,3.6536859,7.2490853,26.485881,0.7871314,3.526249,7.3634418,25.965329,0.85034707,3.8037684,17.284597,65.746604,0.81887111,3.5604893,18.301602,65.162658,0.74945016,3.5873984,15.009735,53.8459,0.78879265,3.6895585,15.481136,57.118556
0b_baseline_last,file,19,baseline,566,011.Rusty_Blackbird/Rusty_Blackbird_0023_6752.jpg,11,10,011.Rusty_Blackbird,34,33,random_resized_crop,random_resized_crop,0,"{""area_fraction"":0.837933,""aspect"":1.077449,""fallback"":false,""height"":0.881873,""left"":0.027804,""top"":0.110083,""width"":0.950174}",0.223479,1.8011183,1.5776393,0.79973167,0.16511415,0.069511034,0.39000171,0.73022064,-0.22488756,-0.9551082,0.74557792,5.4254319,34.719348,188.36746,False,0.93021321,False,True,False,0.74557792,5.4254319,34.719348,188.36746,0.74228511,5.4792279,33.954144,186.0425,0.87491757,4.0700391,7.2490853,29.504061,0.80207466,4.9880864,7.3634418,36.729484,0.80926544,5.34512,17.284597,92.388247,0.74737044,5.990489,18.301602,109.63554,0.68085718,5.4314703,15.009735,81.524931,0.70274201,5.0288161,15.481136,77.851785
0b_baseline_last,file,19,baseline,566,011.Rusty_Blackbird/Rusty_Blackbird_0023_6752.jpg,11,10,011.Rusty_Blackbird,34,33,gaussian_blur,gaussian_blur,0,"{""sigma"":1.940434}",0.223479,7.1653733,6.9418943,0.79973167,0.00077289052,0.069511034,0.0014916734,0.73022064,-0.00071878289,-0.73093942,0.26638684,4.0136811,34.719348,139.35239,False,0.59970105,False,True,False,0.26638684,4.0136811,34.719348,139.35239,0.25632777,4.029051,33.954144,136.80298,0.51048783,3.660275,7.2490853,26.533646,0.11941491,3.6495744,7.3634418,26.873429,0.23304598,3.0118931,17.284597,52.059359,0.3286469,4.4696901,18.301602,81.802488,0.23010445,4.3582058,15.009735,65.415516,0.2354634,4.241598,15.481136,65.664754
0b_baseline_last,file,19,baseline,566,011.Rusty_Blackbird/Rusty_Blackbird_0023_6752.jpg,11,10,011.Rusty_Blackbird,34,33,random_erasing,random_erasing,0,"{""area_fraction"":0.162141,""erased"":true,""height"":0.36726,""left"":0.041927,""top"":0.390421,""width"":0.441489}",0.223479,0.33101451,0.10753551,0.79973167,0.71819472,0.069511034,0.046520956,0.73022064,0.67167377,-0.058546871,0.77443098,1.302938,34.719348,45.23716,False,0.95245165,True,True,True,0.77443098,1.302938,34.719348,45.23716,0.76724739,1.3034821,33.954144,44.25862,0.93359774,1.2909435,7.2490853,9.3581599,0.67102975,1.0602793,7.3634418,7.8073052,0.79527609,1.1481339,17.284597,19.845032,0.77680486,1.2582982,18.301602,23.028873,0.74904519,1.4510722,15.009735,21.78021,0.77861471,1.4434282,15.481136,22.345908
0b_baseline_last,file,19,baseline,8751,149.Brown_Thrasher/Brown_Thrasher_0085_155445.jpg,149,148,149.Brown_Thrasher,99,98,identity,identity,0,{},0.022824785,0.022824785,0,0.97743374,0.97743374,0.012696416,0.012696416,0.96473732,0.96473732,0,1,1,3.8949718,3.8949718,False,1,True,True,True,1,1,3.8949718,3.8949718,1,1,3.816591,3.816591,1,1,0.77745653,0.77745653,1,1,0.99332653,0.99332653,1,1,1.7219607,1.7219607,1,1,1.8287842,1.8287842,1,1,1.8227691,1.8227691,1,1,1.9868522,1.9868522
0b_baseline_last,file,19,baseline,8751,149.Brown_Thrasher/Brown_Thrasher_0085_155445.jpg,149,148,149.Brown_Thrasher,99,98,horizontal_flip,horizontal_flip,0,"{""flipped"":true}",0.022824785,0.025728418,0.0029036328,0.97743374,0.97459972,0.012696416,0.0059512849,0.96473732,0.96864843,0.0039111092,0.70003106,0.9649701,3.8949718,3.7585313,False,0.97606444,True,True,True,0.70003106,0.9649701,3.8949718,3.7585313,0.69054268,0.96433302,3.816591,3.6804647,0.92508016,0.98019783,0.77745653,0.7620612,0.6967289,0.86232989,0.99332653,0.85657515,0.72545343,0.86921418,1.7219607,1.4967527,0.68941357,0.94662223,1.8287842,1.7311677,0.61809599,1.0062521,1.8227691,1.8341652,0.7329542,1.0327923,1.9868522,2.0520057
0b_baseline_last,file,19,baseline,8751,149.Brown_Thrasher/Brown_Thrasher_0085_155445.jpg,149,148,149.Brown_Thrasher,99,98,color_jitter,color_jitter,0,"{""brightness"":0.706158,""contrast"":1.201856,""hue"":0.03405,""saturation"":0.813234}",0.022824785,0.082269877,0.059445092,0.97743374,0.92102337,0.012696416,0.056459606,0.96473732,0.86456376,-0.10017356,0.86114466,3.7712576,3.8949718,14.688942,False,0.98542058,True,True,True,0.86114466,3.7712576,3.8949718,14.688942,0.85656857,3.7788787,3.816591,14.422434,0.97864034,3.5826957,0.77745653,2.7853902,0.85357332,4.3722139,0.99332653,4.3430361,0.87219929,4.3625013,1.7219607,7.5120559,0.85832057,3.9057969,1.8287842,7.1428595,0.84986575,3.4364438,1.8227691,6.2638434,0.87047474,3.27953,1.9868522,6.5159415
0b_baseline_last,file,19,baseline,8751,149.Brown_Thrasher/Brown_Thrasher_0085_155445.jpg,149,148,149.Brown_Thrasher,99,98,rotation,rotation,0,"{""angle"":1.970062}",0.022824785,0.02336913,0.00054434501,0.97743374,0.97690183,0.012696416,0.015135384,0.96473732,0.96176645,-0.0029708799,0.87241639,1.0823657,3.8949718,4.2157839,False,0.98935318,True,True,True,0.87241639,1.0823657,3.8949718,4.2157839,0.86792839,1.0838943,3.816591,4.1367812,0.98517847,1.044852,0.77745653,0.81232703,0.81092679,0.8755256,0.99332653,0.8696828,0.85314899,1.1894593,1.7219607,2.0482022,0.85472356,1.0984421,1.8287842,2.0088134,0.86111952,1.0864308,1.8227691,1.9803124,0.91932275,1.0320295,1.9868522,2.0504901
0b_baseline_last,file,19,baseline,8751,149.Brown_Thrasher/Brown_Thrasher_0085_155445.jpg,149,148,149.Brown_Thrasher,99,98,random_resized_crop,random_resized_crop,0,"{""area_fraction"":0.787639,""aspect"":1.216014,""fallback"":false,""height"":0.804811,""left"":0.019327,""top"":0.186687,""width"":0.978662}",0.022824785,0.032711804,0.0098870192,0.97743374,0.96781743,0.012696416,0.022492001,0.96473732,0.94532542,-0.0194119,0.76158789,1.5891214,3.8949718,6.1895832,False,0.97959352,True,True,True,0.76158789,1.5891214,3.8949718,6.1895832,0.75327047,1.5919907,3.816591,6.0759772,0.97257469,1.5183376,0.77745653,1.1804415,0.50441064,1.4464856,0.99332653,1.4368325,0.73637727,1.7078492,1.7219607,2.9408493,0.77519053,1.7417387,1.8287842,3.1852642,0.75450087,1.5550172,1.8227691,2.8344373,0.81824143,1.4257478,1.9868522,2.8327501
0b_baseline_last,file,19,baseline,8751,149.Brown_Thrasher/Brown_Thrasher_0085_155445.jpg,149,148,149.Brown_Thrasher,99,98,gaussian_blur,gaussian_blur,0,"{""sigma"":1.831011}",0.022824785,0.020408055,-0.0024167299,0.97743374,0.97979879,0.012696416,0.0030401361,0.96473732,0.97675866,0.012021333,0.43218847,0.87737781,3.8949718,3.4173618,False,0.90351117,True,True,True,0.43218847,0.87737781,3.8949718,3.4173618,0.41639442,0.87600201,3.816591,3.3433414,0.79892622,0.90990444,0.77745653,0.70741115,-0.19315132,0.77150051,0.99332653,0.76635192,0.24347261,0.79066786,1.7219607,1.361499,0.5250635,0.96601647,1.8287842,1.7666356,0.45603954,0.91497738,1.8227691,1.6677925,0.54013354,0.84735775,1.9868522,1.6835746
0b_baseline_last,file,19,baseline,8751,149.Brown_Thrasher/Brown_Thrasher_0085_155445.jpg,149,148,149.Brown_Thrasher,99,98,random_erasing,random_erasing,0,"{""area_fraction"":0.195298,""erased"":true,""height"":0.588784,""left"":0.582559,""top"":0.098564,""width"":0.331697}",0.022824785,0.11347684,0.09065205,0.97743374,0.89272487,0.012696416,0.063602649,0.96473732,0.82912222,-0.1356151,0.88600718,4.5922637,3.8949718,17.886738,False,0.97413439,True,True,True,0.88600718,4.5922637,3.8949718,17.886738,0.8825,4.5971862,3.816591,17.545579,0.97321744,4.4719977,0.77745653,3.4767838,0.92979783,4.3110355,0.99332653,4.282266,0.92470604,5.1364386,1.7219607,8.8447456,0.88398141,4.5391431,1.8287842,8.301113,0.84028171,4.503689,1.8227691,8.2091849,0.87559838,4.3582242,1.9868522,8.6591475
0b_baseline_last,file,19,baseline,6529,112.Great_Grey_Shrike/Great_Grey_Shrike_0089_797036.jpg,112,111,112.Great_Grey_Shrike,115,114,identity,identity,0,{},1.6521243,1.6521243,0,0.19164237,0.19164237,0.13005637,0.13005637,0.061586007,0.061586007,0,1,1,197.31294,197.31294,False,0.99999994,True,True,True,1,1,197.31294,197.31294,1,1,195.7092,195.7092,1,1,25.105859,25.105859,1,1,55.680075,55.680075,1,1,111.96461,111.96461,1,1,104.93352,104.93352,1,1,82.16035,82.16035,1,1,70.03129,70.03129
0b_baseline_last,file,19,baseline,6529,112.Great_Grey_Shrike/Great_Grey_Shrike_0089_797036.jpg,112,111,112.Great_Grey_Shrike,115,114,horizontal_flip,horizontal_flip,0,"{""flipped"":true}",1.6521243,2.3982379,0.74611366,0.19164237,0.090877935,0.13005637,0.22574015,0.061586007,-0.13486221,-0.19644822,0.67966388,0.85871723,197.31294,169.43602,False,0.94025135,False,True,False,0.67966388,0.85871723,197.31294,169.43602,0.67485302,0.85373762,195.7092,167.08431,0.92714387,1.1205278,25.105859,28.131812,0.40361574,0.73463778,55.680075,40.904687,0.71817517,0.83009755,111.96461,92.941549,0.68401587,0.81577988,104.93352,85.602652,0.66011169,0.89912916,82.16035,73.872767,0.72478428,0.99144659,70.03129,69.432284
0b_baseline_last,file,19,baseline,6529,112.Great_Grey_Shrike/Great_Grey_Shrike_0089_797036.jpg,112,111,112.Great_Grey_Shrike,115,114,color_jitter,color_jitter,0,"{""brightness"":1.132205,""contrast"":1.222555,""hue"":0.027523,""saturation"":0.777003}",1.6521243,0.74414104,-0.90798324,0.19164237,0.47514224,0.13005637,0.074887179,0.061586007,0.40025506,0.33866905,0.76978439,0.5381237,197.31294,106.17877,False,0.94585156,True,True,True,0.76978439,0.5381237,197.31294,106.17877,0.76729331,0.53541933,195.7092,104.78649,0.91086364,0.68264275,25.105859,17.138333,0.60190839,0.36422855,55.680075,20.280273,0.77281349,0.47142877,111.96461,52.783338,0.78523173,0.55792216,104.93352,58.544735,0.78094139,0.58820097,82.16035,48.326798,0.81457951,0.64175594,70.03129,44.942997
0b_baseline_last,file,19,baseline,6529,112.Great_Grey_Shrike/Great_Grey_Shrike_0089_797036.jpg,112,111,112.Great_Grey_Shrike,115,114,rotation,rotation,0,"{""angle"":-13.903082}",1.6521243,2.6657474,1.0136231,0.19164237,0.069547355,0.13005637,0.11120656,0.061586007,-0.041659206,-0.10324521,0.76920581,0.84607855,197.31294,166.94225,False,0.93352318,False,True,False,0.76920581,0.84607855,197.31294,166.94225,0.76650408,0.84251788,195.7092,164.8885,0.91897768,1.0398153,25.105859,26.105456,0.79789474,0.67307256,55.680075,37.47673,0.81874045,0.7913599,111.96461,88.604303,0.77008202,0.81211783,104.93352,85.218381,0.70526853,0.93607817,82.16035,76.90851,0.74647722,0.98474598,70.03129,68.963031
0b_baseline_last,file,19,baseline,6529,112.Great_Grey_Shrike/Great_Grey_Shrike_0089_797036.jpg,112,111,112.Great_Grey_Shrike,115,114,random_resized_crop,random_resized_crop,0,"{""area_fraction"":0.507996,""aspect"":1.306907,""fallback"":false,""height"":0.623459,""left"":0.16627,""top"":0.287295,""width"":0.814803}",1.6521243,1.7261631,0.074038863,0.19164237,0.17796592,0.13005637,0.010967184,0.061586007,0.16699874,0.10541273,0.49956939,0.62712471,197.31294,123.73982,False,0.81432962,True,True,True,0.49956939,0.62712471,197.31294,123.73982,0.49354573,0.62262063,195.7092,121.85259,0.79057109,0.85752168,25.105859,21.528818,0.44456912,0.43708998,55.680075,24.337203,0.43265868,0.52363668,111.96461,58.628777,0.47106391,0.63011238,104.93352,66.119909,0.53565462,0.7017712,82.16035,57.657768,0.64438454,0.79787609,70.03129,55.876292
0b_baseline_last,file,19,baseline,6529,112.Great_Grey_Shrike/Great_Grey_Shrike_0089_797036.jpg,112,111,112.Great_Grey_Shrike,115,114,gaussian_blur,gaussian_blur,0,"{""sigma"":1.730684}",1.6521243,3.5629826,1.9108583,0.19164237,0.028354127,0.13005637,0.11331263,0.061586007,-0.084958505,-0.14654451,0.51638963,0.75324556,197.31294,148.6251,False,0.87121564,False,True,False,0.51638963,0.75324556,197.31294,148.6251,0.50924362,0.74532271,195.7092,145.86651,0.84669517,1.1352836,25.105859,28.502269,0.57281057,0.65640008,55.680075,36.548405,0.35295746,0.54047985,111.96461,60.514616,0.5180857,0.69621993,104.93352,73.056806,0.5750187,0.9022741,82.16035,74.131156,0.67846046,1.0538214,70.03129,73.800474
0b_baseline_last,file,19,baseline,6529,112.Great_Grey_Shrike/Great_Grey_Shrike_0089_797036.jpg,112,111,112.Great_Grey_Shrike,115,114,random_erasing,random_erasing,0,"{""area_fraction"":0.082994,""erased"":true,""height"":0.261166,""left"":0.145139,""top"":0.429813,""width"":0.317784}",1.6521243,2.159889,0.5077647,0.19164237,0.11533793,0.13005637,0.40993708,0.061586007,-0.29459915,-0.35618516,0.80951102,1.1167592,197.31294,220.35105,False,0.95997876,False,True,False,0.80951102,1.1167592,197.31294,220.35105,0.80765846,1.1158184,195.7092,218.37593,0.91762061,1.1725158,25.105859,29.437016,0.66353395,0.96216625,55.680075,53.573489,0.86466474,1.0915652,111.96461,122.21667,0.80151548,1.1586366,104.93352,121.57981,0.77685521,1.1128905,82.16035,91.435474,0.80796367,1.1722033,70.03129,82.090907
0b_baseline_last,file,19,baseline,4639,080.Green_Kingfisher/Green_Kingfisher_0042_71028.jpg,80,79,080.Green_Kingfisher,79,78,identity,identity,0,{},0.0072369338,0.0072369338,0,0.99278921,0.99278921,0.0031237947,0.0031237947,0.98966541,0.98966541,0,1,1,1.2381791,1.2381791,False,1,True,True,True,1,1,1.2381791,1.2381791,1,1,1.2134068,1.2134068,1,1,0.24643749,0.24643749,1,1,0.23001906,0.23001906,1,1,0.53523648,0.53523648,1,1,0.70097796,0.70097796,1,1,0.59542605,0.59542605,1,1,0.53578623,0.53578623
0b_baseline_last,file,19,baseline,4639,080.Green_Kingfisher/Green_Kingfisher_0042_71028.jpg,80,79,080.Green_Kingfisher,79,78,horizontal_flip,horizontal_flip,0,"{""flipped"":true}",0.0072369338,0.064687759,0.057450825,0.99278921,0.93736011,0.0031237947,0.0079768654,0.98966541,0.92938324,-0.060282172,0.5633628,9.0047849,1.2381791,11.149536,False,0.94533575,True,True,True,0.5633628,9.0047849,1.2381791,11.149536,0.55273207,9.065435,1.2134068,11.00006,0.89131534,7.3834961,0.24643749,1.8195703,0.59489424,9.429224,0.23001906,2.1689013,0.54044209,9.2102969,0.53523648,4.9296869,0.52677042,8.7032491,0.70097796,6.1007858,0.51323106,9.5857206,0.59542605,5.7075878,0.65675386,8.7938178,0.53578623,4.7116065
0b_baseline_last,file,19,baseline,4639,080.Green_Kingfisher/Green_Kingfisher_0042_71028.jpg,80,79,080.Green_Kingfisher,79,78,color_jitter,color_jitter,0,"{""brightness"":0.829961,""contrast"":0.841242,""hue"":-0.086155,""saturation"":1.199282}",0.0072369338,0.11846415,0.11122722,0.99278921,0.88828367,0.0031237947,0.0018341278,0.98966541,0.88644954,-0.10321587,0.63582877,21.879426,1.2381791,27.090647,False,0.93086058,True,True,True,0.63582877,21.879426,1.2381791,27.090647,0.63271584,22.133525,1.2134068,26.856969,0.80965235,14.407493,0.24643749,3.5505465,0.59203628,28.461944,0.23001906,6.5467897,0.61085585,28.211504,0.53523648,15.099826,0.66723866,21.643415,0.70097796,15.171557,0.64812013,19.342879,0.59542605,11.517254,0.64809018,17.469524,0.53578623,9.3599305
0b_baseline_last,file,19,baseline,4639,080.Green_Kingfisher/Green_Kingfisher_0042_71028.jpg,80,79,080.Green_Kingfisher,79,78,rotation,rotation,0,"{""angle"":-3.894026}",0.0072369338,0.12136877,0.11413184,0.99278921,0.88570726,0.0031237947,0.018088292,0.98966541,0.86761897,-0.12204645,0.73563371,19.488577,1.2381791,24.130349,False,0.94045228,True,True,True,0.73563371,19.488577,1.2381791,24.130349,0.73133038,19.639766,1.2134068,23.831026,0.89035765,15.374794,0.24643749,3.7889257,0.64777944,19.428981,0.23001906,4.469036,0.7409815,22.831979,0.53523648,12.220508,0.72071879,19.839082,0.70097796,13.906759,0.7516951,18.907355,0.59542605,11.257932,0.75231395,16.532876,0.53578623,8.8580875
0b_baseline_last,file,19,baseline,4639,080.Green_Kingfisher/Green_Kingfisher_0042_71028.jpg,80,79,080.Green_Kingfisher,79,78,random_resized_crop,random_resized_crop,0,"{""area_fraction"":0.705783,""aspect"":0.924766,""fallback"":false,""height"":0.873614,""left"":0.146528,""top"":0.03514,""width"":0.807889}",0.0072369338,0.03474687,0.027509937,0.99278921,0.96584988,0.0031237947,0.0048867362,0.98966541,0.96096314,-0.028702274,0.68545279,5.5528317,1.2381791,6.8754001,False,0.95912182,True,True,True,0.68545279,5.5528317,1.2381791,6.8754001,0.67851029,5.5913872,1.2134068,6.7846272,0.9088332,4.5185305,0.24643749,1.1135353,0.59802142,6.442967,0.23001906,1.4820052,0.68651051,5.9121522,0.53523648,3.1643996,0.67104505,5.390978,0.70097796,3.7789568,0.6758906,5.8815871,0.59542605,3.5020502,0.71424678,5.0346659,0.53578623,2.6975047
0b_baseline_last,file,19,baseline,4639,080.Green_Kingfisher/Green_Kingfisher_0042_71028.jpg,80,79,080.Green_Kingfisher,79,78,gaussian_blur,gaussian_blur,0,"{""sigma"":1.44674}",0.0072369338,3.0623572,3.0551203,0.99278921,0.046777304,0.0031237947,0.0058614463,0.98966541,0.040915858,-0.94874956,0.41850064,176.04755,1.2381791,217.9784,False,0.70567465,False,True,False,0.41850064,176.04755,1.2381791,217.9784,0.41472153,178.37053,1.2134068,216.43602,0.63262859,105.03672,0.24643749,25.884985,0.4275845,308.11865,0.23001906,70.873164,0.33521704,203.07729,0.53523648,108.69438,0.46048249,175.53783,0.70097796,123.04815,0.42625091,160.60319,0.59542605,95.627322,0.45536488,141.1786,0.53578623,75.641549
0b_baseline_last,file,19,baseline,4639,080.Green_Kingfisher/Green_Kingfisher_0042_71028.jpg,80,79,080.Green_Kingfisher,79,78,random_erasing,random_erasing,0,"{""area_fraction"":0.197162,""erased"":true,""height"":0.618585,""left"":0.665692,""top"":0.238952,""width"":0.318731}",0.0072369338,0.0094271982,0.0021902644,0.99278921,0.9906171,0.0031237947,0.0046932497,0.98966541,0.98592385,-0.0037415675,0.88593543,1.3638005,1.2381791,1.6886293,False,0.98551589,True,True,True,0.88593543,1.3638005,1.2381791,1.6886293,0.88204249,1.3645673,1.2134068,1.6557752,0.98177032,1.3450774,0.24643749,0.3314775,0.89946394,1.2170621,0.23001906,0.27994748,0.90379912,1.5407356,0.53523648,0.82465788,0.87678605,1.3376613,0.70097796,0.93767105,0.87129077,1.2970543,0.59542605,0.7722999,0.88641907,1.3295988,0.53578623,0.71238073
0b_baseline_last,file,19,baseline,10452,178.Swainson_Warbler/Swainson_Warbler_0036_174699.jpg,178,177,178.Swainson_Warbler,181,180,identity,identity,0,{},0.0064364513,0.0064364513,0,0.99358422,0.99358422,0.0022338403,0.0022338403,0.99135038,0.99135038,0,1,1,0.98602689,0.98602689,False,1,True,True,True,1,1,0.98602689,0.98602689,1,1,0.96484641,0.96484641,1,1,0.20327431,0.20327431,1,1,0.22037057,0.22037057,1,1,0.42465221,0.42465221,1,1,0.49508779,0.49508779,1,1,0.47032872,0.47032872,1,1,0.48550477,0.48550477
0b_baseline_last,file,19,baseline,10452,178.Swainson_Warbler/Swainson_Warbler_0036_174699.jpg,178,177,178.Swainson_Warbler,181,180,horizontal_flip,horizontal_flip,0,"{""flipped"":true}",0.0064364513,0.0072319629,0.00079551153,0.99358422,0.9927941,0.0022338403,0.00069103303,0.99135038,0.99210306,0.00075268809,0.53690326,1.2616484,0.98602689,1.2440192,False,0.96606553,True,True,True,0.53690326,1.2616484,0.98602689,1.2440192,0.52150324,1.2662612,0.96484641,1.2217476,0.92026578,1.1528416,0.20327431,0.23434308,0.43896437,1.4737211,0.22037057,0.32476476,0.43561378,1.337585,0.42465221,0.56800841,0.49774103,1.2732407,0.49508779,0.63036592,0.46873478,1.2371544,0.47032872,0.58186924,0.69934282,1.1807531,0.48550477,0.57326124
0b_baseline_last,file,19,baseline,10452,178.Swainson_Warbler/Swainson_Warbler_0036_174699.jpg,178,177,178.Swainson_Warbler,181,180,color_jitter,color_jitter,0,"{""brightness"":0.692705,""contrast"":1.265763,""hue"":0.077558,""saturation"":1.209515}",0.0064364513,0.035601404,0.029164952,0.99358422,0.96502489,0.0022338403,0.0060766637,0.99135038,0.95894822,-0.032402151,0.60604383,5.5527685,0.98602689,5.4751791,False,0.94464862,True,True,True,0.60604383,5.5527685,0.98602689,5.4751791,0.59300298,5.5634374,0.96484641,5.3678626,0.91470924,5.3067218,0.20327431,1.0787202,0.038488058,7.4074261,0.22037057,1.6323787,0.56702416,5.5005293,0.42465221,2.3358119,0.6103409,5.3073212,0.49508779,2.6275899,0.61660696,5.3415629,0.47032872,2.5122904,0.73245177,5.6322631,0.48550477,2.7344906
0b_baseline_last,file,19,baseline,10452,178.Swainson_Warbler/Swainson_Warbler_0036_174699.jpg,178,177,178.Swainson_Warbler,181,180,rotation,rotation,0,"{""angle"":-2.298586}",0.0064364513,0.0065567833,0.000120332,0.99358422,0.99346465,0.0022338403,0.0034444919,0.99135038,0.99002016,-0.0013302185,0.83934053,1.1449019,0.98602689,1.1289041,False,0.98631239,True,True,True,0.83934053,1.1449019,0.98602689,1.1289041,0.83350747,1.1452332,0.96484641,1.1049742,0.97167892,1.1374116,0.20327431,0.23120655,0.82554023,1.1976822,0.22037057,0.2639339,0.76029011,0.98225807,0.42465221,0.41711806,0.81803135,1.228776,0.49508779,0.60835198,0.8474613,1.1684428,0.47032872,0.5495522,0.89669713,1.1379226,0.48550477,0.55246683
0b_baseline_last,file,19,baseline,10452,178.Swainson_Warbler/Swainson_Warbler_0036_174699.jpg,178,177,178.Swainson_Warbler,181,180,random_resized_crop,random_resized_crop,0,"{""area_fraction"":0.605657,""aspect"":1.137707,""fallback"":false,""height"":0.729622,""left"":0.087121,""top"":0.244315,""width"":0.830097}",0.0064364513,0.80118209,0.79474564,0.99358422,0.44879812,0.0022338403,0.064583048,0.99135038,0.38421507,-0.6071353,0.51383481,94.419036,0.98602689,93.099709,False,0.8370648,True,True,True,0.51383481,94.419036,0.98602689,93.099709,0.50421488,95.161253,0.96484641,91.815993,0.79884303,75.794712,0.20327431,15.407118,0.1637316,94.893429,0.22037057,20.911719,0.43186569,93.293188,0.42465221,39.617159,0.52278579,98.449792,0.49508779,48.74129,0.52861295,99.79325,0.47032872,46.935631,0.59287508,88.464342,0.48550477,42.94986
0b_baseline_last,file,19,baseline,10452,178.Swainson_Warbler/Swainson_Warbler_0036_174699.jpg,178,177,178.Swainson_Warbler,181,180,gaussian_blur,gaussian_blur,0,"{""sigma"":1.588824}",0.0064364513,0.86222172,0.85578527,0.99358422,0.42222297,0.0022338403,0.40228367,0.99135038,0.019939303,-0.97141107,0.4734734,101.08428,0.98602689,99.671817,False,0.78868663,True,True,True,0.4734734,101.08428,0.98602689,99.671817,0.46244703,101.41985,0.96484641,97.854576,0.74541265,93.204383,0.20327431,18.946057,0.26383698,103.05338,0.22037057,22.709933,0.38059397,106.18872,0.42465221,45.093274,0.46127777,110.33498,0.49508779,54.625499,0.49753545,97.499442,0.47032872,45.856788,0.5540965,90.711167,0.48550477,44.040704
0b_baseline_last,file,19,baseline,10452,178.Swainson_Warbler/Swainson_Warbler_0036_174699.jpg,178,177,178.Swainson_Warbler,181,180,random_erasing,random_erasing,0,"{""area_fraction"":0.185378,""erased"":true,""height"":0.241327,""left"":0.211076,""top"":0.37596,""width"":0.768162}",0.0064364513,0.38190937,0.37547292,0.99358422,0.68255693,0.0022338403,0.19490111,0.99135038,0.48765582,-0.50369456,0.64319056,53.995834,0.98602689,53.241344,False,0.88351905,True,True,True,0.64319056,53.995834,0.98602689,53.241344,0.63441101,54.08618,0.96484641,52.184857,0.84976282,51.918719,0.20327431,10.553742,0.60393718,56.253137,0.22037057,12.396536,0.59316068,58.56344,0.42465221,24.869094,0.66308012,55.142727,0.49508779,27.30049,0.622921,54.190095,0.47032872,25.487158,0.66369023,48.576085,0.48550477,23.583921
0b_baseline_last,file,19,baseline,8335,142.Black_Tern/Black_Tern_0055_144607.jpg,142,141,142.Black_Tern,141,140,identity,identity,0,{},0.0058388389,0.0058388389,0,0.99417818,0.99417818,0.00054936123,0.00054936123,0.99362881,0.99362881,0,1,1,1.165959,1.165959,False,0.99999988,True,True,True,1,1,1.165959,1.165959,1,1,1.148685,1.148685,1,1,0.19995799,0.19995799,1,1,0.28653929,0.28653929,1,1,0.48791519,0.48791519,1,1,0.62593555,0.62593555,1,1,0.56407047,0.56407047,1,1,0.53790369,0.53790369
0b_baseline_last,file,19,baseline,8335,142.Black_Tern/Black_Tern_0055_144607.jpg,142,141,142.Black_Tern,141,140,horizontal_flip,horizontal_flip,0,"{""flipped"":true}",0.0058388389,0.0057838461,-5.4992735e-05,0.99417818,0.99423283,0.00054936123,0.0017982852,0.99362881,0.99243455,-0.0011942665,0.63764904,1.0021877,1.165959,1.1685098,False,0.97073889,True,True,True,0.63764904,1.0021877,1.165959,1.1685098,0.62782687,1.000479,1.148685,1.1492352,0.94538162,1.0570286,0.19995799,0.21136131,0.65087863,0.84222987,0.28653929,0.24133195,0.58147282,1.0333484,0.48791519,0.50418636,0.64128558,0.99548368,0.62593555,0.62310862,0.59975286,1.0241604,0.56407047,0.57769867,0.67819257,0.99472607,0.53790369,0.53506682
0b_baseline_last,file,19,baseline,8335,142.Black_Tern/Black_Tern_0055_144607.jpg,142,141,142.Black_Tern,141,140,color_jitter,color_jitter,0,"{""brightness"":1.032771,""contrast"":1.242104,""hue"":0.077679,""saturation"":0.969344}",0.0058388389,0.080111183,0.074272344,0.99417818,0.92301369,0.00054936123,0.0036116841,0.99362881,0.919402,-0.074226812,0.6541151,11.143007,1.165959,12.992289,False,0.90844029,True,True,True,0.6541151,11.143007,1.165959,12.992289,0.64683533,11.14143,1.148685,12.797993,0.89321233,11.194927,0.19995799,2.2385151,0.42401629,9.7318811,0.28653929,2.7885663,0.59901121,10.228517,0.48791519,4.9906488,0.65889162,11.001848,0.62593555,6.8864475,0.64960346,11.529094,0.56407047,6.5032216,0.71910751,11.960461,0.53790369,6.4335763
0b_baseline_last,file,19,baseline,8335,142.Black_Tern/Black_Tern_0055_144607.jpg,142,141,142.Black_Tern,141,140,rotation,rotation,0,"{""angle"":10.343033}",0.0058388389,0.0094186952,0.0035798564,0.99417818,0.9906255,0.00054936123,0.00037898682,0.99362881,0.99024651,-0.0033823008,0.70034106,1.4820445,1.165959,1.7280031,False,0.95649004,True,True,True,0.70034106,1.4820445,1.165959,1.7280031,0.69261586,1.4762805,1.148685,1.6957812,0.93163178,1.6610789,0.19995799,0.33214601,0.71534849,1.2245366,0.28653929,0.35087786,0.67383238,1.604782,0.48791519,0.78299754,0.68229412,1.3715497,0.62593555,0.85850168,0.66005232,1.4805192,0.56407047,0.83511717,0.75774445,1.5609843,0.53790369,0.83965924
0b_baseline_last,file,19,baseline,8335,142.Black_Tern/Black_Tern_0055_144607.jpg,142,141,142.Black_Tern,141,140,random_resized_crop,random_resized_crop,0,"{""area_fraction"":0.861144,""aspect"":0.914364,""fallback"":false,""height"":0.970461,""left"":0.082516,""top"":0.007972,""width"":0.887355}",0.0058388389,0.024839351,0.019000512,0.99417818,0.97546661,0.00054936123,0.0037459754,0.99362881,0.97172063,-0.021908181,0.77797644,3.7835249,1.165959,4.4114349,False,0.97634745,True,True,True,0.77797644,3.7835249,1.165959,4.4114349,0.77187807,3.7752163,1.148685,4.3365342,0.9674949,4.0481606,0.19995799,0.80946207,0.61218483,3.5993728,0.28653929,1.0313617,0.71811116,3.506007,0.48791519,1.7106341,0.78266934,3.6328232,0.62593555,2.2739132,0.78469001,3.9163857,0.56407047,2.2091175,0.82859541,4.0579992,0.53790369,2.1828128
0b_baseline_last,file,19,baseline,8335,142.Black_Tern/Black_Tern_0055_144607.jpg,142,141,142.Black_Tern,141,140,gaussian_blur,gaussian_blur,0,"{""sigma"":1.941045}",0.0058388389,3.4828153,3.4769764,0.99417818,0.030720806,0.00054936123,0.040905699,0.99362881,-0.010184893,-1.0038137,0.27770985,115.20991,1.165959,134.33003,False,0.69134784,False,True,False,0.27770985,115.20991,1.165959,134.33003,0.26715408,115.60781,1.148685,132.79696,0.67803179,101.20486,0.19995799,20.23672,0.058428843,138.70447,0.28653929,39.74428,0.16343143,111.1755,0.48791519,54.244216,0.24075834,115.87753,0.62593555,72.531862,0.31311254,111.1006,0.56407047,62.668567,0.40839842,116.4669,0.53790369,62.647973
0b_baseline_last,file,19,baseline,8335,142.Black_Tern/Black_Tern_0055_144607.jpg,142,141,142.Black_Tern,141,140,random_erasing,random_erasing,0,"{""area_fraction"":0.082571,""erased"":true,""height"":0.276606,""left"":0.102566,""top"":0.268748,""width"":0.298516}",0.0058388389,0.36247501,0.35663617,0.99417818,0.6959517,0.00054936123,0.014912002,0.99362881,0.6810397,-0.31258912,0.70445894,41.439054,1.165959,48.316238,False,0.94952273,True,True,True,0.70445894,41.439054,1.165959,48.316238,0.69697878,41.396264,1.148685,47.551267,0.94345679,42.827194,0.19995799,8.5636397,0.54620068,34.864321,0.28653929,9.9899978,0.61633721,39.404233,0.48791519,19.225924,0.6942488,38.902123,0.62593555,24.350222,0.71471662,43.273659,0.56407047,24.409393,0.78002728,45.648941,0.53790369,24.554734
0b_baseline_last,file,19,baseline,1149,021.Eastern_Towhee/Eastern_Towhee_0120_22189.jpg,21,20,021.Eastern_Towhee,158,157,identity,identity,0,{},0.031392336,0.031392336,0,0.96909529,0.96909529,0.0064642918,0.0064642918,0.962631,0.962631,0,1,1,4.3651953,4.3651953,False,1,True,True,True,1,1,4.3651953,4.3651953,1,1,4.2872191,4.2872191,1,1,0.82139069,0.82139069,1,1,0.81860332,0.81860332,1,1,1.5786795,1.5786795,1,1,2.1130858,2.1130858,1,1,2.1174183,2.1174183,1,1,2.5038601,2.5038601
0b_baseline_last,file,19,baseline,1149,021.Eastern_Towhee/Eastern_Towhee_0120_22189.jpg,21,20,021.Eastern_Towhee,158,157,horizontal_flip,horizontal_flip,0,"{""flipped"":true}",0.031392336,0.026025681,-0.0053666551,0.96909529,0.97431004,0.0064642918,0.0024017433,0.962631,0.9719083,0.0092772993,0.67830861,0.99809528,4.3651953,4.3568809,False,0.96141672,True,True,True,0.67830861,0.99809528,4.3651953,4.3568809,0.67016557,1.0032275,4.2872191,4.301056,0.95078203,0.8463919,0.82139069,0.69521843,0.12917166,1.0404967,0.81860332,0.85175405,0.63881004,1.1915387,1.5786795,1.8810578,0.72520855,1.1243025,2.1130858,2.3757477,0.64974356,0.9534867,2.1174183,2.0189302,0.74285745,0.84862739,2.5038601,2.1248442
0b_baseline_last,file,19,baseline,1149,021.Eastern_Towhee/Eastern_Towhee_0120_22189.jpg,21,20,021.Eastern_Towhee,158,157,color_jitter,color_jitter,0,"{""brightness"":1.335179,""contrast"":0.718996,""hue"":-0.010361,""saturation"":1.093386}",0.031392336,0.0048564575,-0.026535878,0.96909529,0.99515533,0.0064642918,0.00084028271,0.962631,0.99431505,0.031684054,0.81520314,0.16786401,4.3651953,0.73275919,False,0.96465564,True,True,True,0.81520314,0.16786401,4.3651953,0.73275919,0.80961472,0.16717292,4.2872191,0.71670694,0.95658666,0.18570442,0.82139069,0.15253588,0.50002928,0.14263879,0.81860332,0.11676458,0.74798408,0.18009182,1.5786795,0.28430727,0.84498806,0.17645079,2.1130858,0.37285566,0.80333176,0.16257129,2.1174183,0.34423143,0.84712368,0.16059364,2.5038601,0.40210399
0b_baseline_last,file,19,baseline,1149,021.Eastern_Towhee/Eastern_Towhee_0120_22189.jpg,21,20,021.Eastern_Towhee,158,157,rotation,rotation,0,"{""angle"":-1.836173}",0.031392336,0.042726498,0.011334162,0.96909529,0.95817339,0.0064642918,0.0073159747,0.962631,0.95085742,-0.011773578,0.88667198,1.525783,4.3651953,6.6603407,False,0.98550117,True,True,True,0.88667198,1.525783,4.3651953,6.6603407,0.88362611,1.5303559,4.2872191,6.5609709,0.98132725,1.3954514,0.82139069,1.1462108,0.83391964,1.6378026,0.81860332,1.3407106,0.8659406,1.7871129,1.5786795,2.8212785,0.88782954,1.5860706,2.1130858,3.3515034,0.87601272,1.4959228,2.1174183,3.1674944,0.91220548,1.3848658,2.5038601,3.4675101
0b_baseline_last,file,19,baseline,1149,021.Eastern_Towhee/Eastern_Towhee_0120_22189.jpg,21,20,021.Eastern_Towhee,158,157,random_resized_crop,random_resized_crop,0,"{""area_fraction"":0.713238,""aspect"":1.193505,""fallback"":false,""height"":0.773046,""left"":0.072848,""top"":0.066089,""width"":0.922634}",0.031392336,0.56362695,0.53223461,0.96909529,0.56914109,0.0064642918,0.023631752,0.962631,0.54550934,-0.41712166,0.70181685,14.289493,4.3651953,62.376427,False,0.91776228,True,True,True,0.70181685,14.289493,4.3651953,62.376427,0.69615724,14.365424,4.2872191,61.587721,0.89647088,12.038037,0.82139069,9.8879315,0.48261551,20.582193,0.81860332,16.848651,0.66684534,15.995572,1.5786795,25.251883,0.76559729,15.304868,2.1130858,32.340499,0.69658495,13.301891,2.1174183,28.165667,0.70493827,12.831958,2.5038601,32.129427
0b_baseline_last,file,19,baseline,1149,021.Eastern_Towhee/Eastern_Towhee_0120_22189.jpg,21,20,021.Eastern_Towhee,158,157,gaussian_blur,gaussian_blur,0,"{""sigma"":1.701022}",0.031392336,1.401782,1.3703897,0.96909529,0.24615791,0.0064642918,0.011501536,0.962631,0.23465638,-0.72797462,0.23159511,41.514069,4.3651953,181.21702,False,0.78594601,True,True,True,0.23159511,41.514069,4.3651953,181.21702,0.22149278,42.026438,4.2872191,180.17655,0.76026135,23.607821,0.82139069,19.391244,-0.054786855,94.150921,0.81860332,77.072257,0.032504927,51.066988,1.5786795,80.618409,0.27399046,46.75331,2.1130858,98.793757,0.23955109,37.775443,2.1174183,79.986415,0.4666062,24.832828,2.5038601,62.177927
0b_baseline_last,file,19,baseline,1149,021.Eastern_Towhee/Eastern_Towhee_0120_22189.jpg,21,20,021.Eastern_Towhee,158,157,random_erasing,random_erasing,0,"{""area_fraction"":0.192103,""erased"":true,""height"":0.361116,""left"":0.17411,""top"":0.44408,""width"":0.531971}",0.031392336,3.4461148,3.4147224,0.96909529,0.03186921,0.0064642918,0.00075674406,0.962631,0.031112466,-0.93151853,0.30352853,22.497421,4.3651953,98.205636,False,0.73771727,False,True,False,0.30352853,22.497421,4.3651953,98.205636,0.28688567,22.37876,4.2872191,95.942648,0.70365323,25.518679,0.82139069,20.960805,0.45610814,32.060438,0.81860332,26.244781,0.18575116,25.113134,1.5786795,39.645591,0.21338691,19.54504,2.1130858,41.300347,0.22272284,22.713275,2.1174183,48.093505,0.40813885,21.602639,2.5038601,54.089984
0b_baseline_last,file,19,baseline,4254,073.Blue_Jay/Blue_Jay_0086_63394.jpg,73,72,073.Blue_Jay,74,73,identity,identity,0,{},0.00018535326,0.00018535326,0,0.99981469,0.99981469,2.9114581e-05,2.9114581e-05,0.99978557,0.99978557,0,1,1,0.026904216,0.026904216,False,1,True,True,True,1,1,0.026904216,0.026904216,1,1,0.026122768,0.026122768,1,1,0.0064372227,0.0064372227,1,1,0.0048480617,0.0048480617,1,1,0.011470194,0.011470194,1,1,0.012716866,0.012716866,1,1,0.01166599,0.01166599,1,1,0.015149784,0.015149784
0b_baseline_last,file,19,baseline,4254,073.Blue_Jay/Blue_Jay_0086_63394.jpg,73,72,073.Blue_Jay,74,73,horizontal_flip,horizontal_flip,0,"{""flipped"":true}",0.00018535326,0.00030071981,0.00011536655,0.99981469,0.99969935,2.9114581e-05,1.8873159e-05,0.99978557,0.99968048,-0.00010509357,0.63363532,1.7505284,0.026904216,0.047096595,False,0.97752607,True,True,True,0.63363532,1.7505284,0.026904216,0.047096595,0.61640343,1.7633208,0.026122768,0.046062821,0.9682501,1.5245008,0.0064372227,0.0098135513,0.36545292,1.4005082,0.0048480617,0.0067897504,0.50111401,1.6612078,0.011470194,0.019054375,0.56486982,1.8720046,0.012716866,0.023806031,0.59230235,1.8979855,0.01166599,0.022141881,0.76346048,1.6901327,0.015149784,0.025605147
0b_baseline_last,file,19,baseline,4254,073.Blue_Jay/Blue_Jay_0086_63394.jpg,73,72,073.Blue_Jay,74,73,color_jitter,color_jitter,0,"{""brightness"":0.614738,""contrast"":0.912362,""hue"":0.079837,""saturation"":1.315187}",0.00018535326,0.010777363,0.010592009,0.99981469,0.98928052,2.9114581e-05,8.0983315e-05,0.99978557,0.98919954,-0.010586036,0.6303599,77.655077,0.026904216,2.089249,False,0.93085116,True,True,True,0.6303599,77.655077,0.026904216,2.089249,0.62350499,78.977128,0.026122768,2.0631012,0.86235911,51.187712,0.0064372227,0.3295067,0.37884838,90.046022,0.0048480617,0.43654868,0.67982486,102.13106,0.011470194,1.171463,0.60985235,90.385647,0.012716866,1.1494221,0.58498637,71.001857,0.01166599,0.82830698,0.72507607,54.679692,0.015149784,0.82838555
0b_baseline_last,file,19,baseline,4254,073.Blue_Jay/Blue_Jay_0086_63394.jpg,73,72,073.Blue_Jay,74,73,rotation,rotation,0,"{""angle"":1.949}",0.00018535326,0.00012861856,-5.6734702e-05,0.99981469,0.99987137,2.9114581e-05,1.4628112e-05,0.99978557,0.99985675,7.1170486e-05,0.86630553,0.71479329,0.026904216,0.019230953,False,0.99076086,True,True,True,0.86630553,0.71479329,0.026904216,0.019230953,0.85921708,0.71541623,0.026122768,0.018688652,0.98495189,0.70445561,0.0064372227,0.0045347376,0.80681133,0.63576111,0.0048480617,0.0030822091,0.84931239,0.70310422,0.011470194,0.0080647416,0.82609674,0.72395196,0.012716866,0.0092063999,0.82986205,0.73449941,0.01166599,0.0085686631,0.91211031,0.71259371,0.015149784,0.010795641
0b_baseline_last,file,19,baseline,4254,073.Blue_Jay/Blue_Jay_0086_63394.jpg,73,72,073.Blue_Jay,74,73,random_resized_crop,random_resized_crop,0,"{""area_fraction"":0.511973,""aspect"":1.019652,""fallback"":false,""height"":0.708594,""left"":0.112088,""top"":0.091473,""width"":0.722519}",0.00018535326,0.00076193386,0.0005765806,0.99981469,0.99923837,2.9114581e-05,5.2042491e-05,0.99978557,0.99918633,-0.00059924522,0.62029575,5.2685421,0.026904216,0.141746,False,0.96072143,True,True,True,0.62029575,5.2685421,0.026904216,0.141746,0.60710936,5.3302979,0.026122768,0.13924214,0.92093312,4.1205066,0.0064372227,0.026524619,0.46369189,6.1352967,0.0048480617,0.029744297,0.55559637,5.5877109,0.011470194,0.064092127,0.56070268,5.9282252,0.012716866,0.075388445,0.59646306,5.5115197,0.01166599,0.064297336,0.72972975,4.4662692,0.015149784,0.067663015
0b_baseline_last,file,19,baseline,4254,073.Blue_Jay/Blue_Jay_0086_63394.jpg,73,72,073.Blue_Jay,74,73,gaussian_blur,gaussian_blur,0,"{""sigma"":1.463391}",0.00018535326,0.001680511,0.0014951578,0.99981469,0.99832088,2.9114581e-05,0.00011719581,0.99978557,0.99820368,-0.0015818928,0.52779491,10.673376,0.026904216,0.28715883,False,0.9408558,True,True,True,0.52779491,10.673376,0.026904216,0.28715883,0.51050886,10.803818,0.026122768,0.28222564,0.920066,8.233191,0.0064372227,0.052998884,0.42935488,13.273781,0.0048480617,0.064352109,0.35118173,10.185388,0.011470194,0.11682837,0.46297522,11.468326,0.012716866,0.14584116,0.49229635,12.53285,0.01166599,0.14620811,0.69562953,9.1497959,0.015149784,0.13861744
0b_baseline_last,file,19,baseline,4254,073.Blue_Jay/Blue_Jay_0086_63394.jpg,73,72,073.Blue_Jay,74,73,random_erasing,random_erasing,0,"{""area_fraction"":0.075901,""erased"":true,""height"":0.330058,""left"":0.124872,""top"":0.522637,""width"":0.229962}",0.00018535326,0.0001463783,-3.8974962e-05,0.99981469,0.99985361,2.9114581e-05,2.0806992e-05,0.99978557,0.9998328,4.7229421e-05,0.95882136,0.82949232,0.026904216,0.022316841,False,0.99652731,True,True,True,0.95882136,0.82949232,0.026904216,0.022316841,0.95668063,0.8309877,0.026122768,0.021707699,0.99571345,0.80446669,0.0064372227,0.0051785312,0.97123681,0.8471328,0.0048480617,0.0041069521,0.96897086,0.84121973,0.011470194,0.0096489532,0.95104789,0.84468079,0.012716866,0.010741692,0.93901809,0.83273982,0.01166599,0.0097147347,0.96309302,0.81244215,0.015149784,0.012308323
0b_baseline_last,file,19,baseline,4526,078.Gray_Kingbird/Gray_Kingbird_0059_795030.jpg,78,77,078.Gray_Kingbird,103,102,identity,identity,0,{},0.36366832,0.36366832,0,0.69512171,0.69512171,0.10032843,0.10032843,0.59479327,0.59479327,0,1,1,49.722374,49.722374,False,1,True,True,True,1,1,49.722374,49.722374,1,1,48.42309,48.42309,1,1,11.292423,11.292423,1,1,18.804209,18.804209,1,1,20.522929,20.522929,1,1,23.276423,23.276423,1,1,22.131796,22.131796,1,1,23.203415,23.203415
0b_baseline_last,file,19,baseline,4526,078.Gray_Kingbird/Gray_Kingbird_0059_795030.jpg,78,77,078.Gray_Kingbird,103,102,horizontal_flip,horizontal_flip,0,"{""flipped"":true}",0.36366832,0.039693046,-0.32397528,0.69512171,0.96108443,0.10032843,0.0060612834,0.59479327,0.95502314,0.36022987,0.60590366,0.12795792,49.722374,6.3623713,False,0.96866775,True,True,True,0.60590366,0.12795792,49.722374,6.3623713,0.58616774,0.12737815,48.42309,6.1680435,0.94232028,0.13818569,11.292423,1.5604513,0.7137049,0.11198012,18.804209,2.1056976,0.52999956,0.12969603,20.522929,2.6617425,0.47798349,0.12470784,23.276423,2.9027526,0.52523252,0.1268844,22.131796,2.8081796,0.71367007,0.13773608,23.203415,3.1959475
0b_baseline_last,file,19,baseline,4526,078.Gray_Kingbird/Gray_Kingbird_0059_795030.jpg,78,77,078.Gray_Kingbird,103,102,color_jitter,color_jitter,0,"{""brightness"":0.736577,""contrast"":1.266857,""hue"":-0.042497,""saturation"":1.039866}",0.36366832,0.27867141,-0.084996909,0.69512171,0.75678855,0.10032843,0.0033616605,0.59479327,0.75342689,0.15863362,0.54071371,0.88595616,49.722374,44.051843,False,0.94239974,True,True,True,0.54071371,0.88595616,49.722374,44.051843,0.52491964,0.88281738,48.42309,42.748745,0.81401128,0.94180876,11.292423,10.635303,0.60591349,0.47819059,18.804209,8.9919957,0.44429617,1.0275824,20.522929,21.089001,0.4661298,0.89033145,23.276423,20.723732,0.55703996,0.90304542,22.131796,19.986017,0.63535904,0.93724,23.203415,21.747168
0b_baseline_last,file,19,baseline,4526,078.Gray_Kingbird/Gray_Kingbird_0059_795030.jpg,78,77,078.Gray_Kingbird,103,102,rotation,rotation,0,"{""angle"":1.440292}",0.36366832,0.30348206,-0.060186267,0.69512171,0.73824316,0.10032843,0.1013815,0.59479327,0.63686167,0.042068392,0.87112881,0.88200121,49.722374,43.855194,False,0.9843657,True,True,True,0.87112881,0.88200121,49.722374,43.855194,0.8660098,0.88460003,48.42309,42.835067,0.97262567,0.83277012,11.292423,9.4039926,0.93343932,1.0123547,18.804209,19.036529,0.79167172,0.83615904,20.522929,17.160433,0.84417383,0.85591135,23.276423,19.922555,0.86853195,0.89429584,22.131796,19.792373,0.89860351,0.85036477,23.203415,19.731366
0b_baseline_last,file,19,baseline,4526,078.Gray_Kingbird/Gray_Kingbird_0059_795030.jpg,78,77,078.Gray_Kingbird,103,102,random_resized_crop,random_resized_crop,0,"{""area_fraction"":0.632395,""aspect"":0.818326,""fallback"":false,""height"":0.879085,""left"":0.10483,""top"":0.063318,""width"":0.719378}",0.36366832,1.7802813,1.416613,0.69512171,0.16859071,0.10032843,0.14788759,0.59479327,0.020703122,-0.57409015,0.66677511,2.7389377,49.722374,136.18648,False,0.92754889,False,True,False,0.66677511,2.7389377,49.722374,136.18648,0.65649503,2.7453055,48.42309,132.93618,0.8656152,2.6190883,11.292423,29.575854,0.71321286,2.2705559,18.804209,42.696007,0.62023793,2.646888,20.522929,54.321895,0.63118633,2.7344227,23.276423,63.647581,0.64348869,3.0169085,22.131796,66.769602,0.69989845,2.8551678,23.203415,66.249641
0b_baseline_last,file,19,baseline,4526,078.Gray_Kingbird/Gray_Kingbird_0059_795030.jpg,78,77,078.Gray_Kingbird,103,102,gaussian_blur,gaussian_blur,0,"{""sigma"":1.992278}",0.36366832,0.56001329,0.19634497,0.69512171,0.57120144,0.10032843,0.0061212629,0.59479327,0.56508018,-0.029713094,0.43575496,1.5008249,49.722374,74.624575,False,0.84436536,True,True,True,0.43575496,1.5008249,49.722374,74.624575,0.41929742,1.5070541,48.42309,72.976215,0.76750449,1.3812851,11.292423,15.598056,0.53139097,1.2849986,18.804209,24.163383,0.27431588,1.4158892,20.522929,29.058194,0.41244003,1.6199722,23.276423,37.707158,0.40286115,1.6884583,22.131796,37.368615,0.50048559,1.4156839,23.203415,32.8487
0b_baseline_last,file,19,baseline,4526,078.Gray_Kingbird/Gray_Kingbird_0059_795030.jpg,78,77,078.Gray_Kingbird,103,102,random_erasing,random_erasing,0,"{""area_fraction"":0.125685,""erased"":true,""height"":0.466752,""left"":0.038575,""top"":0.125216,""width"":0.269277}",0.36366832,3.5158384,3.1521701,0.69512171,0.029722873,0.10032843,0.23687081,0.59479327,-0.20714794,-0.80194121,0.78237002,3.0730366,49.722374,152.79868,False,0.95006263,False,True,False,0.78237002,3.0730366,49.722374,152.79868,0.77361304,3.0686985,48.42309,148.59587,0.93941348,3.1517406,11.292423,35.590788,0.8573968,3.3570254,18.804209,63.126207,0.77686775,3.1131793,20.522929,63.891559,0.78240528,3.0708411,23.276423,71.478197,0.68535132,2.9495847,22.131796,65.279606,0.78312295,2.9366566,23.203415,68.140461
0b_baseline_last,file,19,baseline,4356,075.Green_Jay/Green_Jay_0086_65847.jpg,75,74,075.Green_Jay,73,72,identity,identity,0,{},0.08220356,0.08220356,0,0.92108446,0.92108446,0.018236347,0.018236347,0.90284812,0.90284812,0,1,1,12.022209,12.022209,False,1,True,True,True,1,1,12.022209,12.022209,1,1,11.847432,11.847432,1,1,2.042511,2.042511,1,1,3.6431668,3.6431668,1,1,4.7618266,4.7618266,1,1,6.404308,6.404308,1,1,5.4458992,5.4458992,1,1,5.8087017,5.8087017
0b_baseline_last,file,19,baseline,4356,075.Green_Jay/Green_Jay_0086_65847.jpg,75,74,075.Green_Jay,73,72,horizontal_flip,horizontal_flip,0,"{""flipped"":true}",0.08220356,0.16277084,0.080567278,0.92108446,0.84978592,0.018236347,0.020498227,0.90284812,0.8292877,-0.07356042,0.52474368,2.1956214,12.022209,26.396218,False,0.94299579,True,True,True,0.52474368,2.1956214,12.022209,26.396218,0.51529251,2.2073052,11.847432,26.150899,0.93737882,1.7578254,2.042511,3.5903776,-0.035547642,2.9025447,3.6431668,10.574454,0.43667542,2.4713629,4.7618266,11.768202,0.64831265,2.0328589,6.404308,13.019055,0.59411784,2.1156008,5.4458992,11.521349,0.67925629,1.9728347,5.8087017,11.459608
0b_baseline_last,file,19,baseline,4356,075.Green_Jay/Green_Jay_0086_65847.jpg,75,74,075.Green_Jay,73,72,color_jitter,color_jitter,0,"{""brightness"":0.738803,""contrast"":0.722534,""hue"":-0.036834,""saturation"":1.060116}",0.08220356,0.28192392,0.19972036,0.92108446,0.75433105,0.018236347,0.032270119,0.90284812,0.72206093,-0.18078718,0.81118357,3.4060766,12.022209,40.948564,False,0.94404107,True,True,True,0.81118357,3.4060766,12.022209,40.948564,0.80797672,3.4161493,11.847432,40.472597,0.93726326,3.0478438,2.042511,6.2252545,0.67400868,2.8882816,3.6431668,10.522492,0.76792747,3.8739572,4.7618266,18.447112,0.8574167,3.4324795,6.404308,21.982656,0.81826402,3.4601373,5.4458992,18.843559,0.82463603,3.2147267,5.8087017,18.673389
0b_baseline_last,file,19,baseline,4356,075.Green_Jay/Green_Jay_0086_65847.jpg,75,74,075.Green_Jay,73,72,rotation,rotation,0,"{""angle"":-2.368705}",0.08220356,0.088245235,0.0060416758,0.92108446,0.91553634,0.018236347,0.023276445,0.90284812,0.8922599,-0.010588218,0.85293281,1.2274941,12.022209,14.75719,False,0.97699022,True,True,True,0.85293281,1.2274941,12.022209,14.75719,0.84963747,1.2300155,11.847432,14.572525,0.9750508,1.1394164,2.042511,2.3272706,0.90521483,1.5159199,3.6431668,5.5227492,0.7672301,1.2962131,4.7618266,6.172342,0.87800785,1.1829569,6.404308,7.5760201,0.84032172,1.1905195,5.4458992,6.4834493,0.87018066,1.1462082,5.8087017,6.6579816
0b_baseline_last,file,19,baseline,4356,075.Green_Jay/Green_Jay_0086_65847.jpg,75,74,075.Green_Jay,73,72,random_resized_crop,random_resized_crop,0,"{""area_fraction"":0.708648,""aspect"":1.033127,""fallback"":false,""height"":0.828206,""left"":0.140504,""top"":0.02556,""width"":0.855642}",0.08220356,0.06046484,-0.021738719,0.92108446,0.94132686,0.018236347,0.0037915905,0.90284812,0.93753527,0.034687149,0.72317082,0.73072397,12.022209,8.7849161,False,0.94899595,True,True,True,0.72317082,0.73072397,12.022209,8.7849161,0.7168886,0.72984587,11.847432,8.6467995,0.9267989,0.75967655,2.042511,1.5516477,0.83542388,0.6163925,3.6431668,2.2456207,0.59363348,0.77825011,4.7618266,3.7058921,0.73877216,0.67729612,6.404308,4.337613,0.71258887,0.74399497,5.4458992,4.0517216,0.7512759,0.78438248,5.8087017,4.5562439
0b_baseline_last,file,19,baseline,4356,075.Green_Jay/Green_Jay_0086_65847.jpg,75,74,075.Green_Jay,73,72,gaussian_blur,gaussian_blur,0,"{""sigma"":1.780914}",0.08220356,0.040410686,-0.041792873,0.92108446,0.96039492,0.018236347,0.004765396,0.90284812,0.95562952,0.052781406,0.56831013,0.59106729,12.022209,7.1059343,False,0.89881933,True,True,True,0.56831013,0.59106729,12.022209,7.1059343,0.55897707,0.5914702,11.847432,7.0074031,0.89016254,0.57734768,2.042511,1.179239,0.64632005,0.4314538,3.6431668,1.5718582,0.46736988,0.67278342,4.7618266,3.203678,0.53277864,0.59096991,6.404308,3.7847533,0.56713405,0.62587682,5.4458992,3.408462,0.64689617,0.55591669,5.8087017,3.2291542
0b_baseline_last,file,19,baseline,4356,075.Green_Jay/Green_Jay_0086_65847.jpg,75,74,075.Green_Jay,73,72,random_erasing,random_erasing,0,"{""area_fraction"":0.113043,""erased"":true,""height"":0.324981,""left"":0.019171,""top"":0.19746,""width"":0.347846}",0.08220356,0.053297184,-0.028906375,0.92108446,0.94809818,0.018236347,0.0035437117,0.90284812,0.94455447,0.041706354,0.58471803,0.62544245,12.022209,7.5191997,False,0.93100446,True,True,True,0.58471803,0.62544245,12.022209,7.5191997,0.57526245,0.62173237,11.847432,7.3659322,0.86070318,0.73949787,2.042511,1.5104325,0.19158972,0.26249572,3.6431668,0.95631569,0.56792253,0.56331193,4.7618266,2.6823937,0.60746248,0.57349913,6.404308,3.6728651,0.5842603,0.73951498,5.4458992,4.027324,0.64443993,0.69798189,5.8087017,4.0543686
0b_baseline_last,file,19,baseline,2372,042.Vermilion_Flycatcher/Vermilion_Flycatcher_0006_42564.jpg,42,41,042.Vermilion_Flycatcher,17,16,identity,identity,0,{},0.00041047254,0.00041047254,0,0.99958962,0.99958962,8.7537257e-05,8.7537257e-05,0.99950208,0.99950208,0,1,1,0.055254414,0.055254414,False,1,True,True,True,1,1,0.055254414,0.055254414,1,1,0.053748345,0.053748345,1,1,0.012812715,0.012812715,1,1,0.01195154,0.01195154,1,1,0.022632822,0.022632822,1,1,0.023637292,0.023637292,1,1,0.025621956,0.025621956,1,1,0.031915425,0.031915425
0b_baseline_last,file,19,baseline,2372,042.Vermilion_Flycatcher/Vermilion_Flycatcher_0006_42564.jpg,42,41,042.Vermilion_Flycatcher,17,16,horizontal_flip,horizontal_flip,0,"{""flipped"":true}",0.00041047254,0.00075728825,0.00034681571,0.99958962,0.99924302,8.7537257e-05,0.00023602742,0.99950208,0.99900699,-0.00049509118,0.70326962,1.719091,0.055254414,0.094987365,False,0.98630661,True,True,True,0.70326962,1.719091,0.055254414,0.094987365,0.68612093,1.7090019,0.053748345,0.091856025,0.97973477,1.8878298,0.012812715,0.024188226,0.44505997,1.2973794,0.01195154,0.015505681,0.56392191,1.576246,0.022632822,0.035674895,0.66755678,1.6955645,0.023637292,0.040078555,0.65633257,1.7381062,0.025621956,0.04453368,0.79668666,1.8094165,0.031915425,0.057748298
0b_baseline_last,file,19,baseline,2372,042.Vermilion_Flycatcher/Vermilion_Flycatcher_0006_42564.jpg,42,41,042.Vermilion_Flycatcher,17,16,color_jitter,color_jitter,0,"{""brightness"":1.287154,""contrast"":1.381589,""hue"":0.044248,""saturation"":1.366635}",0.00041047254,0.0031510959,0.0027406234,0.99958962,0.99685389,8.7537257e-05,0.00053639291,0.99950208,0.9963175,-0.0031845896,0.69943009,7.3200798,0.055254414,0.40446672,False,0.96832323,True,True,True,0.69943009,7.3200798,0.055254414,0.40446672,0.68467822,7.3181764,0.053748345,0.39333987,0.95778515,7.3534941,0.012812715,0.094218225,0.6621537,6.9294477,0.01195154,0.082817569,0.55363465,6.4963527,0.022632822,0.14703079,0.58069795,7.4736502,0.023637292,0.17665685,0.68554738,8.1442235,0.025621956,0.20867094,0.81292631,7.1097346,0.031915425,0.22691021
0b_baseline_last,file,19,baseline,2372,042.Vermilion_Flycatcher/Vermilion_Flycatcher_0006_42564.jpg,42,41,042.Vermilion_Flycatcher,17,16,rotation,rotation,0,"{""angle"":4.777596}",0.00041047254,0.00043990472,2.943218e-05,0.99958962,0.99956018,8.7537257e-05,0.00010320303,0.99950208,0.99945697,-4.5110472e-05,0.84548403,1.021701,0.055254414,0.056453492,False,0.98985291,True,True,True,0.84548403,1.021701,0.055254414,0.056453492,0.83734221,1.0198881,0.053748345,0.054817296,0.98465093,1.0530939,0.012812715,0.013492992,0.91200055,1.0918992,0.01195154,0.013049876,0.82740274,0.99165867,0.022632822,0.022444034,0.786554,0.94500774,0.023637292,0.022337424,0.80508392,1.0490193,0.025621956,0.026877926,0.87935105,1.0436783,0.031915425,0.033309436
0b_baseline_last,file,19,baseline,2372,042.Vermilion_Flycatcher/Vermilion_Flycatcher_0006_42564.jpg,42,41,042.Vermilion_Flycatcher,17,16,random_resized_crop,random_resized_crop,0,"{""area_fraction"":0.874723,""aspect"":0.976311,""fallback"":false,""height"":0.946545,""left"":0.06049,""top"":0.007748,""width"":0.924122}",0.00041047254,0.0014075858,0.00099711327,0.99958962,0.99859339,8.7537257e-05,0.00042061738,0.99950208,0.99817277,-0.0013293122,0.86693061,3.3345897,0.055254414,0.1842508,False,0.99416965,True,True,True,0.86693061,3.3345897,0.055254414,0.1842508,0.86023685,3.3409917,0.053748345,0.17957277,0.98971557,3.219849,0.012812715,0.041255008,0.87592323,3.0976625,0.01195154,0.037021836,0.86580345,3.4492775,0.022632822,0.078066885,0.82055861,3.3862255,0.023637292,0.080041203,0.82277104,3.3952648,0.025621956,0.086993326,0.9039345,3.2572402,0.031915425,0.1039562
0b_baseline_last,file,19,baseline,2372,042.Vermilion_Flycatcher/Vermilion_Flycatcher_0006_42564.jpg,42,41,042.Vermilion_Flycatcher,17,16,gaussian_blur,gaussian_blur,0,"{""sigma"":1.048292}",0.00041047254,0.0029596358,0.0025491633,0.99958962,0.99704474,8.7537257e-05,0.001204776,0.99950208,0.99583997,-0.0036621187,0.80077859,7.4659853,0.055254414,0.41252864,False,0.98407066,True,True,True,0.80077859,7.4659853,0.055254414,0.41252864,0.79278469,7.5080527,0.053748345,0.4035454,0.96400436,6.6825159,0.012812715,0.085621173,0.67888402,6.3421841,0.01195154,0.075798866,0.78604169,8.4544535,0.022632822,0.19134814,0.76514617,8.2617779,0.023637292,0.19528606,0.77499446,7.5716087,0.025621956,0.19399943,0.85822151,6.6257518,0.031915425,0.21146369
0b_baseline_last,file,19,baseline,2372,042.Vermilion_Flycatcher/Vermilion_Flycatcher_0006_42564.jpg,42,41,042.Vermilion_Flycatcher,17,16,random_erasing,random_erasing,0,"{""area_fraction"":0.090436,""erased"":true,""height"":0.282237,""left"":0.10772,""top"":0.373263,""width"":0.320427}",0.00041047254,0.00057073036,0.00016025783,0.99958962,0.9994294,8.7537257e-05,0.00032877366,0.99950208,0.99910063,-0.00040145369,0.74463756,1.601998,0.055254414,0.088517461,False,0.98585749,True,True,True,0.74463756,1.601998,0.055254414,0.088517461,0.73421802,1.603178,0.053748345,0.086168165,0.93062366,1.5810887,0.012812715,0.020258039,0.73721588,1.3537017,0.01195154,0.01617882,0.73969558,1.6216192,0.022632822,0.036701818,0.69824897,1.6825013,0.023637292,0.039769776,0.71510032,1.7833211,0.025621956,0.045692176,0.77761432,1.4517493,0.031915425,0.046333196
0b_baseline_last,file,19,baseline,9117,156.White_eyed_Vireo/White_Eyed_Vireo_0030_159265.jpg,156,155,156.White_eyed_Vireo,152,151,identity,identity,0,{},4.2483025,4.2483025,0,0.01428847,0.01428847,0.89535874,0.89535874,-0.88107027,-0.88107027,0,1,1,176.33808,176.33808,False,1.0000001,True,False,False,1,1,176.33808,176.33808,1,1,172.34935,172.34935,1,1,37.293691,37.293691,1,1,26.872284,26.872284,1,1,97.744994,97.744994,1,1,79.126981,79.126981,1,1,78.220513,78.220513,1,1,83.955755,83.955755
0b_baseline_last,file,19,baseline,9117,156.White_eyed_Vireo/White_Eyed_Vireo_0030_159265.jpg,156,155,156.White_eyed_Vireo,152,151,horizontal_flip,horizontal_flip,0,"{""flipped"":true}",4.2483025,4.2621922,0.01388979,0.01428847,0.01409138,0.89535874,0.82207459,-0.88107027,-0.80798321,0.073087059,0.68172218,0.90182682,176.33808,159.02641,False,0.96633226,True,False,False,0.68172218,0.90182682,176.33808,159.02641,0.66761024,0.89889571,172.34935,154.9241,0.96476712,0.96229862,37.293691,35.887667,0.21551132,0.87643269,26.872284,23.551748,0.78519811,0.87937222,97.744994,85.954232,0.5719229,0.92793099,79.126981,73.424378,0.55400174,0.88115882,78.220513,68.924695,0.74063284,0.91621399,83.955755,76.921437
0b_baseline_last,file,19,baseline,9117,156.White_eyed_Vireo/White_Eyed_Vireo_0030_159265.jpg,156,155,156.White_eyed_Vireo,152,151,color_jitter,color_jitter,0,"{""brightness"":1.274195,""contrast"":0.892473,""hue"":-0.014029,""saturation"":1.192997}",4.2483025,4.593061,0.34475851,0.01428847,0.01012183,0.89535874,0.88842583,-0.88107027,-0.878304,0.0027662739,0.90823271,0.99948835,176.33808,176.24786,False,0.9819144,True,False,False,0.90823271,0.99948835,176.33808,176.24786,0.90478169,0.99941592,172.34935,172.24869,0.98181956,1.0010341,37.293691,37.332257,0.63180723,1.2502974,26.872284,33.598347,0.92520365,0.91325577,97.744994,89.26618,0.89571022,1.04085,79.126981,82.359321,0.90642247,1.0245015,78.220513,80.137036,0.92949237,1.0223603,83.955755,85.833028
0b_baseline_last,file,19,baseline,9117,156.White_eyed_Vireo/White_Eyed_Vireo_0030_159265.jpg,156,155,156.White_eyed_Vireo,152,151,rotation,rotation,0,"{""angle"":-0.429705}",4.2483025,3.9346011,-0.31370139,0.01428847,0.019553499,0.89535874,0.87321073,-0.88107027,-0.85365723,0.027413042,0.94495677,1.008648,176.33808,177.86306,False,0.99314135,True,False,False,0.94495677,1.008648,176.33808,177.86306,0.9427005,1.0085447,172.34935,173.82202,0.99303706,1.0108534,37.293691,37.698455,0.88905982,0.98277313,26.872284,26.409359,0.96489205,0.96896165,97.744994,94.711151,0.93318209,1.023421,79.126981,80.980212,0.9223872,1.0335323,78.220513,80.843428,0.94725497,1.0282877,83.955755,86.330668
0b_baseline_last,file,19,baseline,9117,156.White_eyed_Vireo/White_Eyed_Vireo_0030_159265.jpg,156,155,156.White_eyed_Vireo,152,151,random_resized_crop,random_resized_crop,0,"{""area_fraction"":0.781143,""aspect"":1.252408,""fallback"":false,""height"":0.789755,""left"":0.01,""top"":0.074225,""width"":0.989096}",4.2483025,4.3275409,0.079238415,0.01428847,0.013199966,0.89535874,0.72609478,-0.88107027,-0.71289482,0.16817546,0.82674371,1.1057136,176.33808,194.97941,False,0.95919931,True,False,False,0.82674371,1.1057136,176.33808,194.97941,0.82204668,1.111824,172.34935,191.62216,0.95006031,0.96602616,37.293691,36.026681,0.63621544,1.1081371,26.872284,29.778176,0.92094088,1.2114651,97.744994,118.41465,0.78562269,1.0694036,79.126981,84.618674,0.7380223,1.0667305,78.220513,83.440209,0.80194694,1.0443535,83.955755,87.679486
0b_baseline_last,file,19,baseline,9117,156.White_eyed_Vireo/White_Eyed_Vireo_0030_159265.jpg,156,155,156.White_eyed_Vireo,152,151,gaussian_blur,gaussian_blur,0,"{""sigma"":1.785054}",4.2483025,4.0098004,-0.23850203,0.01428847,0.018137015,0.89535874,0.58510357,-0.88107027,-0.56696656,0.31410372,0.66652086,0.95348316,176.33808,168.13539,False,0.90595025,True,False,False,0.66652086,0.95348316,176.33808,168.13539,0.65821498,0.95565016,172.34935,164.70569,0.85455134,0.90596485,37.293691,33.786773,0.27602692,1.1214299,26.872284,30.135384,0.76560844,0.93441521,97.744994,91.334409,0.59836185,0.96066331,79.126981,76.014387,0.5734617,0.94917715,78.220513,74.245124,0.6892849,0.96672736,83.955755,81.162325
0b_baseline_last,file,19,baseline,9117,156.White_eyed_Vireo/White_Eyed_Vireo_0030_159265.jpg,156,155,156.White_eyed_Vireo,152,151,random_erasing,random_erasing,0,"{""area_fraction"":0.166339,""erased"":true,""height"":0.332281,""left"":0.417138,""top"":0.6177,""width"":0.500599}",4.2483025,3.74949,-0.49881244,0.01428847,0.023529744,0.89535874,0.86263758,-0.88107027,-0.83910784,0.041962435,0.96923801,0.97126541,176.33808,171.27108,False,0.99144924,True,False,False,0.96923801,0.97126541,176.33808,171.27108,0.96819237,0.97061874,172.34935,167.28551,0.99134458,0.98497528,37.293691,36.733363,0.95356357,1.023778,26.872284,27.511253,0.98291242,0.95044511,97.744994,92.901252,0.96228263,0.977674,79.126981,77.360392,0.96343522,0.96672515,78.220513,75.617738,0.96041817,0.98899323,83.955755,83.031674
0b_baseline_last,file,19,baseline,6481,111.Loggerhead_Shrike/Loggerhead_Shrike_0018_26407.jpg,111,110,111.Loggerhead_Shrike,112,111,identity,identity,0,{},0.0097158886,0.0097158886,0,0.99033117,0.99033117,0.0025447248,0.0025447248,0.98778645,0.98778645,0,1,1,1.3837864,1.3837864,False,1,True,True,True,1,1,1.3837864,1.3837864,1,1,1.3470189,1.3470189,1,1,0.31686722,0.31686722,1,1,0.3789171,0.3789171,1,1,0.49663959,0.49663959,1,1,0.68085642,0.68085642,1,1,0.65050266,0.65050266,1,1,0.73315192,0.73315192
0b_baseline_last,file,19,baseline,6481,111.Loggerhead_Shrike/Loggerhead_Shrike_0018_26407.jpg,111,110,111.Loggerhead_Shrike,112,111,horizontal_flip,horizontal_flip,0,"{""flipped"":true}",0.0097158886,0.015738206,0.0060223173,0.99033117,0.98438501,0.0025447248,0.0067093382,0.98778645,0.97767568,-0.010110773,0.65607255,1.4844425,1.3837864,2.0541513,False,0.97022223,True,True,True,0.65607255,1.4844425,1.3837864,2.0541513,0.63874244,1.4800109,1.3470189,1.9936027,0.9536537,1.5623635,0.31686722,0.49506178,0.52462844,1.3141345,0.3789171,0.49794804,0.52808212,1.4359231,0.49663959,0.71313625,0.59638599,1.451719,0.68085642,0.98841221,0.62359405,1.5511929,0.65050266,1.0090551,0.76303131,1.508277,0.73315192,1.1057961
0b_baseline_last,file,19,baseline,6481,111.Loggerhead_Shrike/Loggerhead_Shrike_0018_26407.jpg,111,110,111.Loggerhead_Shrike,112,111,color_jitter,color_jitter,0,"{""brightness"":0.9561,""contrast"":1.069753,""hue"":-0.094983,""saturation"":0.724416}",0.0097158886,0.015571206,0.0058553172,0.99033117,0.9845494,0.0025447248,0.0025429761,0.98778645,0.98200643,-0.005780021,0.69686476,1.9152174,1.3837864,2.6502517,False,0.95618504,True,True,True,0.69686476,1.9152174,1.3837864,2.6502517,0.68619584,1.9305812,1.3470189,2.6005294,0.93851108,1.6125403,0.31686722,0.51096116,0.81377093,2.044472,0.3789171,0.77468542,0.4621056,2.4809486,0.49663959,1.2321373,0.60631099,1.8431948,0.68085642,1.254951,0.73508477,1.8896379,0.65050266,1.2292145,0.84807038,1.7028288,0.73315192,1.2484322
0b_baseline_last,file,19,baseline,6481,111.Loggerhead_Shrike/Loggerhead_Shrike_0018_26407.jpg,111,110,111.Loggerhead_Shrike,112,111,rotation,rotation,0,"{""angle"":1.287645}",0.0097158886,0.005344152,-0.0043717367,0.99033117,0.99467009,0.0025447248,0.001468548,0.98778645,0.99320155,0.005415097,0.8379581,0.61728136,1.3837864,0.85418555,False,0.98362052,True,True,True,0.8379581,0.61728136,1.3837864,0.85418555,0.83056266,0.61704932,1.3470189,0.83117711,0.97067597,0.6214597,0.31686722,0.19692021,0.88670311,0.60288613,0.3789171,0.22844387,0.73216241,0.60775143,0.49663959,0.30183342,0.79920691,0.63524601,0.68085642,0.43251132,0.82960248,0.64859821,0.65050266,0.42191486,0.89517498,0.58266938,0.73315192,0.42718518
0b_baseline_last,file,19,baseline,6481,111.Loggerhead_Shrike/Loggerhead_Shrike_0018_26407.jpg,111,110,111.Loggerhead_Shrike,112,111,random_resized_crop,random_resized_crop,0,"{""area_fraction"":0.702209,""aspect"":0.947253,""fallback"":false,""height"":0.860994,""left"":0.114028,""top"":0.133255,""width"":0.815579}",0.0097158886,0.22715029,0.2174344,0.99033117,0.79680103,0.0025447248,0.034250975,0.98778645,0.76255006,-0.22523639,0.65663379,26.720835,1.3837864,36.975928,False,0.9412564,True,True,True,0.65663379,26.720835,1.3837864,36.975928,0.64788022,27.087306,1.3470189,36.487113,0.924408,18.911641,0.31686722,5.992479,0.64031259,31.404019,0.3789171,11.89952,0.6059294,30.345943,0.49663959,15.070997,0.64829911,27.099565,0.68085642,18.450913,0.62876325,28.763103,0.65050266,18.710475,0.71308242,22.497624,0.73315192,16.494176
0b_baseline_last,file,19,baseline,6481,111.Loggerhead_Shrike/Loggerhead_Shrike_0018_26407.jpg,111,110,111.Loggerhead_Shrike,112,111,gaussian_blur,gaussian_blur,0,"{""sigma"":1.309323}",0.0097158886,0.099567838,0.089851949,0.99033117,0.90522856,0.0025447248,0.022150975,0.98778645,0.88307758,-0.10470887,0.44714361,14.510161,1.3837864,20.078963,False,0.89659661,True,True,True,0.44714361,14.510161,1.3837864,20.078963,0.43391563,14.741373,1.3470189,19.856909,0.86653905,9.3979765,0.31686722,2.9779107,0.39826149,17.127133,0.3789171,6.4897638,0.3046184,19.006994,0.49663959,9.4396259,0.37527682,15.977607,0.68085642,10.878457,0.46495827,14.483034,0.65050266,9.4212522,0.65080612,10.204532,0.73315192,7.4814725
0b_baseline_last,file,19,baseline,6481,111.Loggerhead_Shrike/Loggerhead_Shrike_0018_26407.jpg,111,110,111.Loggerhead_Shrike,112,111,random_erasing,random_erasing,0,"{""area_fraction"":0.106936,""erased"":true,""height"":0.363063,""left"":0.276337,""top"":0.305604,""width"":0.294538}",0.0097158886,0.02919263,0.019476742,0.99033117,0.97122937,0.0025447248,0.0041355416,0.98778645,0.96709383,-0.020692615,0.69861703,3.159046,1.3837864,4.3714448,False,0.94838327,True,True,True,0.69861703,3.159046,1.3837864,4.3714448,0.68779617,3.1788316,1.3470189,4.2819464,0.92852018,2.7773054,0.31686722,0.88003704,0.56303266,2.6374761,0.3789171,0.9993848,0.64173058,3.5387487,0.49663959,1.7574827,0.68693369,3.3615942,0.68085642,2.288763,0.6727043,3.2938956,0.65050266,2.1426878,0.76941742,2.8669425,0.73315192,2.1019044
0b_baseline_last,file,19,baseline,1855,033.Yellow_billed_Cuckoo/Yellow_Billed_Cuckoo_0010_26795.jpg,33,32,033.Yellow_billed_Cuckoo,32,31,identity,identity,0,{},0.17765661,0.17765661,0,0.83722985,0.83722985,0.084100701,0.084100701,0.75312915,0.75312915,0,1,1,23.427094,23.427094,False,1.0000001,True,True,True,1,1,23.427094,23.427094,1,1,22.669526,22.669526,1,1,5.9094283,5.9094283,1,1,7.9463625,7.9463625,1,1,8.658902,8.658902,1,1,12.076796,12.076796,1,1,10.808806,10.808806,1,1,10.635171,10.635171
0b_baseline_last,file,19,baseline,1855,033.Yellow_billed_Cuckoo/Yellow_Billed_Cuckoo_0010_26795.jpg,33,32,033.Yellow_billed_Cuckoo,32,31,horizontal_flip,horizontal_flip,0,"{""flipped"":true}",0.17765661,0.066588253,-0.11106835,0.83722985,0.93558037,0.084100701,0.018940341,0.75312915,0.91664003,0.16351089,0.45140028,0.4464711,23.427094,10.459521,False,0.9574309,True,True,True,0.45140028,0.4464711,23.427094,10.459521,0.42169561,0.44686975,22.669526,10.130325,0.89483885,0.44056287,5.9094283,2.6034747,0.0077148143,0.43502286,7.9463625,3.4568493,0.3334593,0.49553046,8.658902,4.2907497,0.48182266,0.42253432,12.076796,5.1028607,0.45456025,0.44748732,10.808806,4.8368037,0.6058055,0.44926416,10.635171,4.778001
0b_baseline_last,file,19,baseline,1855,033.Yellow_billed_Cuckoo/Yellow_Billed_Cuckoo_0010_26795.jpg,33,32,033.Yellow_billed_Cuckoo,32,31,color_jitter,color_jitter,0,"{""brightness"":0.721065,""contrast"":0.692249,""hue"":-0.011677,""saturation"":1.099953}",0.17765661,0.58502632,0.40736972,0.83722985,0.55709118,0.084100701,0.18672234,0.75312915,0.37036884,-0.38276031,0.61667651,2.9474733,23.427094,69.050735,False,0.93521827,True,True,True,0.61667651,2.9474733,23.427094,69.050735,0.59833736,2.9646239,22.669526,67.206619,0.91785799,2.6824311,5.9094283,15.851634,0.43423476,2.0914083,7.9463625,16.619088,0.40169497,3.0818914,8.658902,26.685796,0.63003387,3.2216401,12.076796,38.90709,0.63468529,3.0488615,10.808806,32.954553,0.73842247,2.8653596,10.635171,30.473588
0b_baseline_last,file,19,baseline,1855,033.Yellow_billed_Cuckoo/Yellow_Billed_Cuckoo_0010_26795.jpg,33,32,033.Yellow_billed_Cuckoo,32,31,rotation,rotation,0,"{""angle"":-7.28111}",0.17765661,0.50291741,0.3252608,0.83722985,0.60476375,0.084100701,0.035311773,0.75312915,0.56945197,-0.18367717,0.49301072,2.5146805,23.427094,58.911657,False,0.95630467,True,True,True,0.49301072,2.5146805,23.427094,58.911657,0.47164987,2.5051751,22.669526,56.791131,0.79084319,2.6506248,5.9094283,15.663677,0.63829532,1.7553862,7.9463625,13.948935,0.23502849,2.614197,8.658902,22.636076,0.47855055,2.5120726,12.076796,30.337788,0.45051724,2.5825841,10.808806,27.914651,0.58868144,2.6903389,10.635171,28.612213
0b_baseline_last,file,19,baseline,1855,033.Yellow_billed_Cuckoo/Yellow_Billed_Cuckoo_0010_26795.jpg,33,32,033.Yellow_billed_Cuckoo,32,31,random_resized_crop,random_resized_crop,0,"{""area_fraction"":0.85669,""aspect"":0.960739,""fallback"":false,""height"":0.944298,""left"":0.010998,""top"":0.021635,""width"":0.907224}",0.17765661,0.38266695,0.20501034,0.83722985,0.68204004,0.084100701,0.055457592,0.75312915,0.62658244,-0.1265467,0.53796708,2.0533032,23.427094,48.102927,False,0.97189891,True,True,True,0.53796708,2.0533032,23.427094,48.102927,0.51565943,2.0446342,22.669526,46.350888,0.84729092,2.1768884,5.9094283,12.864166,0.61442296,1.486925,7.9463625,11.815645,0.13848506,2.2432138,8.658902,19.423768,0.55640537,2.0441539,12.076796,24.68683,0.5511705,2.0516993,10.808806,22.17642,0.66494685,2.1652493,10.635171,23.027796
0b_baseline_last,file,19,baseline,1855,033.Yellow_billed_Cuckoo/Yellow_Billed_Cuckoo_0010_26795.jpg,33,32,033.Yellow_billed_Cuckoo,32,31,gaussian_blur,gaussian_blur,0,"{""sigma"":1.15281}",0.17765661,2.0377145,1.8600579,0.83722985,0.13032623,0.084100701,0.12534389,0.75312915,0.0049823374,-0.74814681,0.31237699,5.446584,23.427094,127.59764,False,0.86037087,False,True,False,0.31237699,5.446584,23.427094,127.59764,0.28644748,5.4972105,22.669526,124.61916,0.76891547,4.6380875,5.9094283,27.408445,-0.16387079,3.4135977,7.9463625,27.125684,-0.045442813,5.7326092,8.658902,49.638101,0.34350397,5.9257151,12.076796,71.563651,0.37692091,5.9608421,10.808806,64.429587,0.51815376,5.199365,10.635171,55.296133
0b_baseline_last,file,19,baseline,1855,033.Yellow_billed_Cuckoo/Yellow_Billed_Cuckoo_0010_26795.jpg,33,32,033.Yellow_billed_Cuckoo,32,31,random_erasing,random_erasing,0,"{""area_fraction"":0.186988,""erased"":true,""height"":0.335199,""left"":0.020989,""top"":0.326936,""width"":0.557842}",0.17765661,0.22038142,0.042724818,0.83722985,0.80221277,0.084100701,0.029354602,0.75312915,0.77285817,0.019729026,0.58488796,1.0983321,23.427094,25.73073,False,0.93443,True,True,True,0.58488796,1.0983321,23.427094,25.73073,0.56477405,1.0977468,22.669526,24.8854,0.87845579,1.1069095,5.9094283,6.5412025,0.61545502,0.85684658,7.9463625,6.8088135,0.3145102,1.1521464,8.658902,9.9763228,0.59794522,1.0024369,12.076796,12.106226,0.57727872,1.0862629,10.808806,11.741205,0.66661391,1.2925966,10.635171,13.746985
0b_baseline_last,file,19,baseline,7482,128.Seaside_Sparrow/Seaside_Sparrow_0001_120720.jpg,128,127,128.Seaside_Sparrow,126,125,identity,identity,0,{},0.013005551,0.013005551,0,0.98707867,0.98707867,0.0021568045,0.0021568045,0.98492186,0.98492186,0,1,1,2.1237545,2.1237545,False,1,True,True,True,1,1,2.1237545,2.1237545,1,1,2.0939046,2.0939046,1,1,0.35481966,0.35481966,1,1,0.32156697,0.32156697,1,1,1.1380004,1.1380004,1,1,1.0769097,1.0769097,1,1,0.90389232,0.90389232,1,1,1.0046047,1.0046047
0b_baseline_last,file,19,baseline,7482,128.Seaside_Sparrow/Seaside_Sparrow_0001_120720.jpg,128,127,128.Seaside_Sparrow,126,125,horizontal_flip,horizontal_flip,0,"{""flipped"":true}",0.013005551,0.0040431432,-0.0089624077,0.98707867,0.995965,0.0021568045,0.0015914678,0.98492186,0.99437354,0.0094516741,0.66370367,0.28431531,2.1237545,0.60381593,False,0.96463656,True,True,True,0.66370367,0.28431531,2.1237545,0.60381593,0.65439153,0.28107544,2.0939046,0.58854516,0.93278878,0.38030032,0.35481966,0.13493803,0.60523724,0.34745279,0.32156697,0.11172934,0.72390438,0.25206852,1.1380004,0.28685407,0.59903345,0.26829174,1.0769097,0.28892596,0.53461438,0.29085662,0.90389232,0.26290306,0.74324096,0.31323285,1.0046047,0.31467518
0b_baseline_last,file,19,baseline,7482,128.Seaside_Sparrow/Seaside_Sparrow_0001_120720.jpg,128,127,128.Seaside_Sparrow,126,125,color_jitter,color_jitter,0,"{""brightness"":0.890408,""contrast"":1.033862,""hue"":0.036693,""saturation"":1.046441}",0.013005551,0.008503302,-0.004502249,0.98707867,0.99153274,0.0021568045,0.00094144046,0.98492186,0.9905913,0.0056694404,0.91412874,0.68084797,2.1237545,1.445954,False,0.99006718,True,True,True,0.91412874,0.68084797,2.1237545,1.445954,0.91216386,0.68163832,2.0939046,1.4272856,0.98642376,0.65272682,0.35481966,0.23160031,0.81177405,0.7169406,0.32156697,0.23054442,0.94471608,0.68568092,1.1380004,0.78030512,0.90079743,0.66954304,1.0769097,0.72103736,0.87665041,0.70454546,0.90389232,0.63683323,0.92469358,0.66749776,1.0046047,0.67057137
0b_baseline_last,file,19,baseline,7482,128.Seaside_Sparrow/Seaside_Sparrow_0001_120720.jpg,128,127,128.Seaside_Sparrow,126,125,rotation,rotation,0,"{""angle"":9.156972}",0.013005551,0.10848442,0.095478874,0.98707867,0.8971929,0.0021568045,0.0044164113,0.98492186,0.89277648,-0.092145378,0.75729493,7.1804787,2.1237545,15.249574,False,0.94291687,True,True,True,0.75729493,7.1804787,2.1237545,15.249574,0.75224038,7.1693997,2.0939046,15.012039,0.92532705,7.5561819,0.35481966,2.6810819,0.63029893,8.8334258,0.32156697,2.840538,0.8578728,6.8145219,1.1380004,7.7549283,0.73445873,6.9646279,1.0769097,7.500275,0.63004071,7.4587659,0.90389232,6.7419212,0.76564964,7.4120848,1.0046047,7.446215
0b_baseline_last,file,19,baseline,7482,128.Seaside_Sparrow/Seaside_Sparrow_0001_120720.jpg,128,127,128.Seaside_Sparrow,126,125,random_resized_crop,random_resized_crop,0,"{""area_fraction"":0.781862,""aspect"":0.89283,""fallback"":false,""height"":0.935795,""left"":0.157267,""top"":0.046524,""width"":0.835506}",0.013005551,0.0048551522,-0.0081503987,0.98707867,0.99515659,0.0021568045,0.0012698553,0.98492186,0.99388673,0.0089648687,0.76274729,0.37491138,2.1237545,0.79621976,False,0.96198845,True,True,True,0.76274729,0.37491138,2.1237545,0.79621976,0.75689681,0.37321954,2.0939046,0.78148611,0.94705599,0.42969519,0.35481966,0.1524643,0.65731434,0.49488033,0.32156697,0.15913717,0.85986387,0.38411984,1.1380004,0.43712851,0.71777157,0.34622207,1.0769097,0.37284989,0.62880457,0.36386038,0.90389232,0.3288906,0.78382718,0.38181519,1.0046047,0.38357332
0b_baseline_last,file,19,baseline,7482,128.Seaside_Sparrow/Seaside_Sparrow_0001_120720.jpg,128,127,128.Seaside_Sparrow,126,125,gaussian_blur,gaussian_blur,0,"{""sigma"":1.374457}",0.013005551,2.9993718,2.9863662,0.98707867,0.049818359,0.0021568045,0.81526721,0.98492186,-0.76544885,-1.7503707,0.28122806,112.08706,2.1237545,238.0454,False,0.75324517,False,True,False,0.28122806,112.08706,2.1237545,238.0454,0.27219058,112.42909,2.0939046,235.41579,0.63912741,99.444307,0.35481966,35.284795,0.31916022,144.15763,0.32156697,46.356332,0.34446148,94.093243,1.1380004,107.07814,0.21677446,138.55615,1.0769097,149.21246,0.19623858,118.91066,0.90389232,107.48244,0.3735569,88.972211,1.0046047,89.381899
0b_baseline_last,file,19,baseline,7482,128.Seaside_Sparrow/Seaside_Sparrow_0001_120720.jpg,128,127,128.Seaside_Sparrow,126,125,random_erasing,random_erasing,0,"{""area_fraction"":0.125524,""erased"":true,""height"":0.362677,""left"":0.453309,""top"":0.49597,""width"":0.346103}",0.013005551,0.023009684,0.010004133,0.98707867,0.97725302,0.0021568045,0.0019982709,0.98492186,0.97525475,-0.0096671132,0.90853165,1.6559828,2.1237545,3.5169011,False,0.98207366,True,True,True,0.90853165,1.6559828,2.1237545,3.5169011,0.9065481,1.651529,2.0939046,3.4581441,0.97521014,1.8042454,0.35481966,0.64018176,0.85456557,1.642963,0.32156697,0.52832264,0.95232814,1.5465571,1.1380004,1.7599826,0.90731053,1.6724298,1.0769097,1.8010558,0.86375332,1.7129433,0.90389232,1.5483163,0.89570053,1.7070772,1.0046047,1.7149377
0b_baseline_last,file,19,baseline,641,012.Yellow_headed_Blackbird/Yellow_Headed_Blackbird_0087_8358.jpg,12,11,012.Yellow_headed_Blackbird,98,97,identity,identity,0,{},3.772068,3.772068,0,0.023004437,0.023004437,0.22272874,0.22272874,-0.19972431,-0.19972431,0,1,1,146.80626,146.80626,False,1,True,False,False,1,1,146.80626,146.80626,1,1,144.14161,144.14161,1,1,27.843729,27.843729,1,1,45.338309,45.338309,1,1,55.512109,55.512109,1,1,64.714737,64.714737,1,1,75.791246,75.791246,1,1,75.546921,75.546921
0b_baseline_last,file,19,baseline,641,012.Yellow_headed_Blackbird/Yellow_Headed_Blackbird_0087_8358.jpg,12,11,012.Yellow_headed_Blackbird,98,97,horizontal_flip,horizontal_flip,0,"{""flipped"":true}",3.772068,3.9619384,0.18987036,0.023004437,0.019026199,0.22272874,0.048444301,-0.19972431,-0.029418102,0.17030621,0.5862993,0.91141801,146.80626,133.80187,False,0.96060431,False,False,False,0.5862993,0.91141801,146.80626,133.80187,0.57322307,0.91199542,144.14161,131.45649,0.94315794,0.89580518,27.843729,24.942556,0.61503652,0.69713143,45.338309,31.60676,0.45158839,0.93541025,55.512109,51.926596,0.48362498,1.0227234,64.714737,66.185273,0.5982094,0.92193052,75.791246,69.874263,0.69239804,0.87026812,75.546921,65.746077
0b_baseline_last,file,19,baseline,641,012.Yellow_headed_Blackbird/Yellow_Headed_Blackbird_0087_8358.jpg,12,11,012.Yellow_headed_Blackbird,98,97,color_jitter,color_jitter,0,"{""brightness"":0.646251,""contrast"":0.67665,""hue"":-0.037565,""saturation"":0.62912}",3.772068,6.7352414,2.9631734,0.023004437,0.0011882883,0.22272874,0.00075804361,-0.19972431,0.00043024472,0.20015455,0.36855624,1.089897,146.80626,160.00369,False,0.78183299,False,False,False,0.36855624,1.089897,146.80626,160.00369,0.35715682,1.0830714,144.14161,156.11566,0.63535386,1.2591087,27.843729,35.058282,0.4489005,0.72867254,45.338309,33.036781,0.21939034,1.1516013,55.512109,63.92782,0.38540522,1.3114997,64.714737,84.873357,0.35093496,0.98590766,75.791246,74.72317,0.41040889,1.0595123,75.546921,80.042893
0b_baseline_last,file,19,baseline,641,012.Yellow_headed_Blackbird/Yellow_Headed_Blackbird_0087_8358.jpg,12,11,012.Yellow_headed_Blackbird,98,97,rotation,rotation,0,"{""angle"":-8.910438}",3.772068,5.0794711,1.3074031,0.023004437,0.0062232008,0.22272874,0.15954594,-0.19972431,-0.15332274,0.046401565,0.71342093,1.2515245,146.80626,183.73163,False,0.9536711,False,False,False,0.71342093,1.2515245,146.80626,183.73163,0.70696045,1.2562569,144.14161,181.07889,0.91284926,1.1172589,27.843729,31.108653,0.83065263,1.050098,45.338309,47.609667,0.66286101,1.3907351,55.512109,77.202639,0.62048225,1.2670066,64.714737,81.994001,0.70992513,1.2120217,75.791246,91.860635,0.76224782,1.283441,75.546921,96.960016
0b_baseline_last,file,19,baseline,641,012.Yellow_headed_Blackbird/Yellow_Headed_Blackbird_0087_8358.jpg,12,11,012.Yellow_headed_Blackbird,98,97,random_resized_crop,random_resized_crop,0,"{""area_fraction"":0.574686,""aspect"":1.312369,""fallback"":false,""height"":0.66174,""left"":0.051684,""top"":0.199023,""width"":0.868447}",3.772068,2.3837445,-1.3883235,0.023004437,0.092204668,0.22272874,0.23727927,-0.19972431,-0.1450746,0.054649709,0.58810246,1.136965,146.80626,166.91358,False,0.90606523,True,False,False,0.58810246,1.136965,146.80626,166.91358,0.57879589,1.1431816,144.14161,164.78003,0.8957307,0.95541637,27.843729,26.602354,0.65142191,1.183344,45.338309,53.650814,0.5019188,1.4371681,55.512109,79.78023,0.50353282,1.1995184,64.714737,77.626516,0.60146405,1.0531296,75.791246,79.818005,0.67246105,0.98277155,75.546921,74.245365
0b_baseline_last,file,19,baseline,641,012.Yellow_headed_Blackbird/Yellow_Headed_Blackbird_0087_8358.jpg,12,11,012.Yellow_headed_Blackbird,98,97,gaussian_blur,gaussian_blur,0,"{""sigma"":1.323292}",3.772068,4.2580452,0.48597717,0.023004437,0.01414994,0.22272874,0.050179381,-0.19972431,-0.036029441,0.16369487,0.68832461,1.1331554,146.80626,166.35431,False,0.9238717,False,False,False,0.68832461,1.1331554,146.80626,166.35431,0.68177438,1.1381778,144.14161,164.05878,0.89690236,0.98910533,27.843729,27.54038,0.87588489,1.1578678,45.338309,52.495767,0.64854398,1.1890288,55.512109,66.005496,0.58195408,1.2449165,64.714737,80.564441,0.65505707,1.1134381,75.791246,84.388859,0.74654996,1.0414804,75.546921,78.680638
0b_baseline_last,file,19,baseline,641,012.Yellow_headed_Blackbird/Yellow_Headed_Blackbird_0087_8358.jpg,12,11,012.Yellow_headed_Blackbird,98,97,random_erasing,random_erasing,0,"{""area_fraction"":0.105227,""erased"":true,""height"":0.230591,""left"":0.076587,""top"":0.647622,""width"":0.456336}",3.772068,5.6382842,1.8662162,0.023004437,0.0035589691,0.22272874,0.28169021,-0.19972431,-0.27813124,-0.078406934,0.78788782,0.98613104,146.80626,144.77021,False,0.95980972,True,False,False,0.78788782,0.98613104,146.80626,144.77021,0.78122007,0.98381713,144.14161,141.80899,0.95735214,1.0462376,27.843729,29.131157,0.79364651,0.67685073,45.338309,30.687267,0.77505375,0.98326792,55.512109,54.583276,0.72096553,0.97833784,64.714737,63.312876,0.77703941,0.99783146,75.791246,75.626889,0.8411954,1.0639626,75.546921,80.379098
0b_baseline_last,file,19,baseline,3930,068.Ruby_throated_Hummingbird/Ruby_Throated_Hummingbird_0119_57575.jpg,68,67,068.Ruby_throated_Hummingbird,69,68,identity,identity,0,{},0.15443355,0.15443355,0,0.85690045,0.85690045,0.12410595,0.12410595,0.7327945,0.7327945,0,1,1,24.142859,24.142859,False,1,True,True,True,1,1,24.142859,24.142859,1,1,23.582819,23.582819,1,1,5.1699454,5.1699454,1,1,3.9295917,3.9295917,1,1,9.2482345,9.2482345,1,1,13.489424,13.489424,1,1,11.98476,11.98476,1,1,11.383267,11.383267
0b_baseline_last,file,19,baseline,3930,068.Ruby_throated_Hummingbird/Ruby_Throated_Hummingbird_0119_57575.jpg,68,67,068.Ruby_throated_Hummingbird,69,68,horizontal_flip,horizontal_flip,0,"{""flipped"":true}",0.15443355,0.060917638,-0.09351591,0.85690045,0.94090074,0.12410595,0.030262237,0.7327945,0.91063851,0.177844,0.49456115,0.3452399,24.142859,8.3350783,False,0.96235311,True,True,True,0.49456115,0.3452399,24.142859,8.3350783,0.47268951,0.34437422,23.582819,8.1213146,0.92719907,0.36278414,5.1699454,1.8755742,0.21318371,0.26566663,3.9295917,1.0439614,0.24331511,0.38120251,9.2482345,3.5254502,0.50281647,0.32859449,13.489424,4.4325502,0.49054219,0.33076035,11.98476,3.9640834,0.60277705,0.36301246,11.383267,4.132268
0b_baseline_last,file,19,baseline,3930,068.Ruby_throated_Hummingbird/Ruby_Throated_Hummingbird_0119_57575.jpg,68,67,068.Ruby_throated_Hummingbird,69,68,color_jitter,color_jitter,0,"{""brightness"":1.301436,""contrast"":1.175443,""hue"":0.071539,""saturation"":1.255174}",0.15443355,0.17007947,0.015645921,0.85690045,0.84359777,0.12410595,0.078394413,0.7327945,0.76520336,0.032408856,0.64778512,0.88454047,24.142859,21.355336,False,0.93962145,True,True,True,0.64778512,0.88454047,24.142859,21.355336,0.63635306,0.88733663,23.582819,20.925899,0.90556549,0.82420991,5.1699454,4.2611202,0.27678017,0.90812393,3.9295917,3.5685563,0.39976232,0.93452629,9.2482345,8.6427182,0.69525865,0.82267466,13.489424,11.097407,0.66505661,0.89405879,11.98476,10.71508,0.73480249,0.93175758,11.383267,10.606446
0b_baseline_last,file,19,baseline,3930,068.Ruby_throated_Hummingbird/Ruby_Throated_Hummingbird_0119_57575.jpg,68,67,068.Ruby_throated_Hummingbird,69,68,rotation,rotation,0,"{""angle"":-10.579459}",0.15443355,0.73016328,0.57572973,0.85690045,0.48183033,0.12410595,0.074708857,0.7327945,0.40712147,-0.32567303,0.38449906,3.1314974,24.142859,75.603302,False,0.87895358,True,True,True,0.38449906,3.1314974,24.142859,75.603302,0.37135072,3.1570495,23.582819,74.452126,0.73296465,2.5422059,5.1699454,13.143066,0.050009138,3.149606,3.9295917,12.376666,0.13430697,3.5746798,9.2482345,33.059477,0.40909107,2.8804338,13.489424,38.855391,0.40374332,3.0696961,11.98476,36.78957,0.50131431,3.3264155,11.383267,37.865477
0b_baseline_last,file,19,baseline,3930,068.Ruby_throated_Hummingbird/Ruby_Throated_Hummingbird_0119_57575.jpg,68,67,068.Ruby_throated_Hummingbird,69,68,random_resized_crop,random_resized_crop,0,"{""area_fraction"":0.515589,""aspect"":1.181244,""fallback"":false,""height"":0.660666,""left"":0.16863,""top"":0.162342,""width"":0.780408}",0.15443355,0.6390627,0.48462915,0.85690045,0.52778691,0.12410595,0.046356522,0.7327945,0.48143039,-0.25136411,0.19715974,3.3223564,24.142859,80.211184,False,0.90795296,True,True,True,0.19715974,3.3223564,24.142859,80.211184,0.17961281,3.3514071,23.582819,79.035625,0.66483361,2.6464983,5.1699454,13.682252,-0.31346918,4.7788961,3.9295917,18.779111,0.007870281,4.416632,9.2482345,40.846048,0.24760176,3.1377862,13.489424,42.326928,0.17860712,3.0478427,11.98476,36.527663,0.35861267,2.9132472,11.383267,33.162272
0b_baseline_last,file,19,baseline,3930,068.Ruby_throated_Hummingbird/Ruby_Throated_Hummingbird_0119_57575.jpg,68,67,068.Ruby_throated_Hummingbird,69,68,gaussian_blur,gaussian_blur,0,"{""sigma"":1.967916}",0.15443355,1.8071967,1.6527632,0.85690045,0.16411355,0.12410595,0.10772113,0.7327945,0.056392424,-0.67640208,0.37491019,5.0763142,24.142859,122.55674,False,0.7956062,True,True,True,0.37491019,5.0763142,24.142859,122.55674,0.36730102,5.1446995,23.582819,121.32651,0.65193328,3.3504046,5.1699454,17.321409,-0.035022083,6.2502852,3.9295917,24.561069,0.16846701,5.8367095,9.2482345,53.979258,0.48813303,4.9901901,13.489424,67.314788,0.35842772,5.112228,11.98476,61.268825,0.42896934,4.7454048,11.383267,54.018212
0b_baseline_last,file,19,baseline,3930,068.Ruby_throated_Hummingbird/Ruby_Throated_Hummingbird_0119_57575.jpg,68,67,068.Ruby_throated_Hummingbird,69,68,random_erasing,random_erasing,0,"{""area_fraction"":0.091862,""erased"":true,""height"":0.252717,""left"":0.105142,""top"":0.099341,""width"":0.363497}",0.15443355,0.095803604,-0.058629945,0.85690045,0.90864247,0.12410595,0.079194903,0.7327945,0.82944757,0.096653067,0.96218779,0.60443744,24.142859,14.592848,False,0.992778,True,True,True,0.96218779,0.60443744,24.142859,14.592848,0.96077243,0.6017387,23.582819,14.190695,0.99278055,0.65808516,5.1699454,3.4022643,0.94990578,0.57717104,3.9295917,2.2680465,0.91950842,0.57729793,9.2482345,5.3389866,0.9758687,0.59121185,13.489424,7.9751071,0.96975501,0.60543,11.98476,7.2559332,0.9592946,0.63028342,11.383267,7.1746847
0b_baseline_last,file,19,baseline,2088,037.Acadian_Flycatcher/Acadian_Flycatcher_0008_795599.jpg,37,36,037.Acadian_Flycatcher,43,42,identity,identity,0,{},4.8493633,4.8493633,0,0.0078333635,0.0078333635,0.51647913,0.51647913,-0.50864577,-0.50864577,0,1,1,132.37158,132.37158,False,0.99999994,True,False,False,1,1,132.37158,132.37158,1,1,127.0817,127.0817,1,1,37.046949,37.046949,1,1,24.81873,24.81873,1,1,55.218063,55.218063,1,1,61.532753,61.532753,1,1,65.377495,65.377495,1,1,66.515102,66.515102
0b_baseline_last,file,19,baseline,2088,037.Acadian_Flycatcher/Acadian_Flycatcher_0008_795599.jpg,37,36,037.Acadian_Flycatcher,43,42,horizontal_flip,horizontal_flip,0,"{""flipped"":true}",4.8493633,5.2864766,0.43711329,0.0078333635,0.0050595561,0.51647913,0.67233288,-0.50864577,-0.66727333,-0.15862756,0.5973504,1.0512018,132.37158,139.14925,False,0.98065007,True,False,False,0.5973504,1.0512018,132.37158,139.14925,0.56547977,1.0497703,127.0817,133.4066,0.96608134,1.0679023,37.046949,39.562522,0.30522793,0.81678177,24.81873,20.271486,0.35020484,1.0882081,55.218063,60.088742,0.584629,1.1004513,61.532753,67.713798,0.57479187,1.0716323,65.377495,70.060635,0.7358034,0.98380065,66.515102,65.4376
0b_baseline_last,file,19,baseline,2088,037.Acadian_Flycatcher/Acadian_Flycatcher_0008_795599.jpg,37,36,037.Acadian_Flycatcher,43,42,color_jitter,color_jitter,0,"{""brightness"":1.100519,""contrast"":1.018656,""hue"":-0.048767,""saturation"":0.687883}",4.8493633,5.8088393,0.95947599,0.0078333635,0.0030009106,0.51647913,0.14515942,-0.50864577,-0.14215851,0.36648726,0.76318771,1.0689155,132.37158,141.49403,False,0.95698929,False,False,False,0.76318771,1.0689155,132.37158,141.49403,0.75347658,1.0700195,127.0817,135.9799,0.87905503,1.0558372,37.046949,39.115547,0.76143394,1.0583545,24.81873,26.267014,0.74366121,1.0360298,55.218063,57.207557,0.72224593,1.1133208,61.532753,68.505691,0.75092234,0.99873462,65.377495,65.294768,0.79054225,1.1221822,66.515102,74.642062
0b_baseline_last,file,19,baseline,2088,037.Acadian_Flycatcher/Acadian_Flycatcher_0008_795599.jpg,37,36,037.Acadian_Flycatcher,43,42,rotation,rotation,0,"{""angle"":-0.995329}",4.8493633,5.5842276,0.73486423,0.0078333635,0.0037566507,0.51647913,0.49938148,-0.50864577,-0.49562483,0.013020939,0.86701779,1.0242286,132.37158,135.57876,False,0.99014544,True,False,False,0.86701779,1.0242286,132.37158,135.57876,0.85633698,1.0221676,127.0817,129.89879,0.98983073,1.0481768,37.046949,38.831751,0.83955247,1.0819067,24.81873,26.85155,0.77172876,1.0897731,55.218063,60.175162,0.84514495,1.0035858,61.532753,61.753399,0.88015639,0.97032108,65.377495,63.437162,0.91082173,1.0300207,66.515102,68.511932
0b_baseline_last,file,19,baseline,2088,037.Acadian_Flycatcher/Acadian_Flycatcher_0008_795599.jpg,37,36,037.Acadian_Flycatcher,43,42,random_resized_crop,random_resized_crop,0,"{""area_fraction"":0.858501,""aspect"":1.056328,""fallback"":false,""height"":0.901511,""left"":0.040043,""top"":0.041968,""width"":0.952291}",4.8493633,5.6201248,0.77076149,0.0078333635,0.0036241896,0.51647913,0.80583572,-0.50864577,-0.80221153,-0.29356576,0.77327169,1.0825773,132.37158,143.30247,False,0.98520291,True,False,False,0.77327169,1.0825773,132.37158,143.30247,0.75972936,1.0845451,127.0817,137.82584,0.93664423,1.059147,37.046949,39.238165,0.74508281,1.1902026,24.81873,29.539317,0.67104301,1.1290057,55.218063,62.34151,0.73505169,1.1283143,61.532753,69.428282,0.78819835,1.065767,65.377495,69.677175,0.82801321,1.0154176,66.515102,67.540602
0b_baseline_last,file,19,baseline,2088,037.Acadian_Flycatcher/Acadian_Flycatcher_0008_795599.jpg,37,36,037.Acadian_Flycatcher,43,42,gaussian_blur,gaussian_blur,0,"{""sigma"":1.681399}",4.8493633,4.031702,-0.81766129,0.0078333635,0.017744105,0.51647913,0.39465728,-0.50864577,-0.37691318,0.13173259,0.51182834,1.2999875,132.37158,172.0814,False,0.84015971,True,False,False,0.51182834,1.2999875,132.37158,172.0814,0.5008583,1.3354384,127.0817,169.70979,0.81227988,0.76851028,37.046949,28.470961,0.58585277,1.1054722,24.81873,27.436414,0.44399807,1.5671256,55.218063,86.53364,0.48271556,1.5672477,61.532753,96.437064,0.52078418,1.2444314,65.377495,81.357809,0.58414781,1.0242442,66.515102,68.127708
0b_baseline_last,file,19,baseline,2088,037.Acadian_Flycatcher/Acadian_Flycatcher_0008_795599.jpg,37,36,037.Acadian_Flycatcher,43,42,random_erasing,random_erasing,0,"{""area_fraction"":0.052258,""erased"":true,""height"":0.332168,""left"":0.445242,""top"":0.456442,""width"":0.157325}",4.8493633,1.9617438,-2.8876195,0.0078333635,0.140613,0.51647913,0.35552633,-0.50864577,-0.21491332,0.29373245,0.79684309,1.1782146,132.37158,155.96213,False,0.95992935,False,False,False,0.79684309,1.1782146,132.37158,155.96213,0.79112786,1.2041102,127.0817,153.02037,0.9548072,0.81380133,37.046949,30.148856,0.81205001,1.1987854,24.81873,29.752331,0.79612175,1.3515265,55.218063,74.628678,0.76156645,1.2946018,61.532753,79.660413,0.79207137,1.1794639,65.377495,77.110396,0.83125723,1.0272645,66.515102,68.328602
0b_baseline_last,file,19,baseline,3431,060.Glaucous_winged_Gull/Glaucous_Winged_Gull_0078_44461.jpg,60,59,060.Glaucous_winged_Gull,62,61,identity,identity,0,{},4.4472365,4.4472365,0,0.011710883,0.011710883,0.72979361,0.72979361,-0.71808273,-0.71808273,0,1,1,167.98775,167.98775,False,1,True,False,False,1,1,167.98775,167.98775,1,1,164.64004,164.64004,1,1,33.369789,33.369789,1,1,39.59453,39.59453,1,1,74.774746,74.774746,1,1,81.190308,81.190308,1,1,81.987397,81.987397,1,1,81.446622,81.446622
0b_baseline_last,file,19,baseline,3431,060.Glaucous_winged_Gull/Glaucous_Winged_Gull_0078_44461.jpg,60,59,060.Glaucous_winged_Gull,62,61,horizontal_flip,horizontal_flip,0,"{""flipped"":true}",4.4472365,2.3403156,-2.106921,0.011710883,0.096297242,0.72979361,0.58135599,-0.71808273,-0.48505875,0.23302398,0.65027144,0.96499149,167.98775,162.10675,False,0.96612477,True,False,False,0.65027144,0.96499149,167.98775,162.10675,0.639079,0.96885305,164.64004,159.512,0.95916715,0.86569492,33.369789,28.888057,0.62026392,1.0952374,39.59453,43.365411,0.66263922,1.1114534,74.774746,83.108642,0.59569128,0.95052617,81.190308,77.173513,0.60851875,0.90454681,81.987397,74.161438,0.70963825,0.88544606,81.446622,72.116591
0b_baseline_last,file,19,baseline,3431,060.Glaucous_winged_Gull/Glaucous_Winged_Gull_0078_44461.jpg,60,59,060.Glaucous_winged_Gull,62,61,color_jitter,color_jitter,0,"{""brightness"":0.675156,""contrast"":0.924171,""hue"":-0.080251,""saturation"":1.340116}",4.4472365,5.4734087,1.0261722,0.011710883,0.0041969018,0.72979361,0.15789279,-0.71808273,-0.15369589,0.56438683,0.44123112,0.73415577,167.98775,123.32918,False,0.81610268,True,False,False,0.44123112,0.73415577,167.98775,123.32918,0.43040198,0.73380565,164.64004,120.81379,0.70173745,0.74262762,33.369789,24.781327,0.18233401,0.79207222,39.59453,31.361727,0.26360436,0.62136058,74.774746,46.46208,0.43593278,0.70852055,81.190308,57.525002,0.50828258,0.76463261,81.987397,62.690237,0.52394306,0.79707611,81.446622,64.919157
0b_baseline_last,file,19,baseline,3431,060.Glaucous_winged_Gull/Glaucous_Winged_Gull_0078_44461.jpg,60,59,060.Glaucous_winged_Gull,62,61,rotation,rotation,0,"{""angle"":-11.362423}",4.4472365,2.5172005,-1.9300361,0.011710883,0.080685176,0.72979361,0.13425511,-0.71808273,-0.053569935,0.66451279,0.55704372,0.84251287,167.98775,141.53184,False,0.93408227,False,False,False,0.55704372,0.84251287,167.98775,141.53184,0.54910937,0.84525093,164.64004,139.16214,0.77042379,0.77287585,33.369789,25.790704,0.36660805,0.71963129,39.59453,28.493463,0.58195003,0.82211279,74.774746,61.473275,0.49727113,0.88138868,81.190308,71.560219,0.5644687,0.85349115,81.987397,69.975517,0.59894233,0.8468979,81.446622,68.976973
0b_baseline_last,file,19,baseline,3431,060.Glaucous_winged_Gull/Glaucous_Winged_Gull_0078_44461.jpg,60,59,060.Glaucous_winged_Gull,62,61,random_resized_crop,random_resized_crop,0,"{""area_fraction"":0.746666,""aspect"":1.068071,""fallback"":false,""height"":0.836109,""left"":0.105119,""top"":0.146881,""width"":0.893025}",4.4472365,3.075659,-1.3715775,0.011710883,0.0461592,0.72979361,0.3355099,-0.71808273,-0.2893507,0.42873203,0.64886223,0.9983073,167.98775,167.7034,False,0.95926112,False,False,False,0.64886223,0.9983073,167.98775,167.7034,0.64202662,1.0049056,164.64004,165.44769,0.86519167,0.8215023,33.369789,27.413358,0.46649198,0.83673999,39.59453,33.130327,0.64215663,0.98675444,74.774746,73.784313,0.62655467,1.0625557,81.190308,86.269223,0.64399842,1.0130776,81.987397,83.059595,0.69489814,0.98911446,81.446622,80.560032
0b_baseline_last,file,19,baseline,3431,060.Glaucous_winged_Gull/Glaucous_Winged_Gull_0078_44461.jpg,60,59,060.Glaucous_winged_Gull,62,61,gaussian_blur,gaussian_blur,0,"{""sigma"":1.78055}",4.4472365,4.0537076,-0.39352894,0.011710883,0.017357901,0.72979361,0.10910152,-0.71808273,-0.091743618,0.62633911,0.49727382,1.1769526,167.98775,197.71362,False,0.81330109,False,False,False,0.49727382,1.1769526,167.98775,197.71362,0.49315447,1.1894181,164.64004,195.82584,0.67781917,0.81680087,33.369789,27.256472,0.38169136,1.2159382,39.59453,48.1445,0.46633964,1.1570191,74.774746,86.515807,0.49792998,1.279606,81.190308,103.89161,0.48280671,1.2425849,81.987397,101.8763,0.56089423,1.054237,81.446622,85.864043
0b_baseline_last,file,19,baseline,3431,060.Glaucous_winged_Gull/Glaucous_Winged_Gull_0078_44461.jpg,60,59,060.Glaucous_winged_Gull,62,61,random_erasing,random_erasing,0,"{""area_fraction"":0.137179,""erased"":true,""height"":0.296525,""left"":0.323879,""top"":0.395559,""width"":0.462621}",4.4472365,3.8021603,-0.64507627,0.011710883,0.022322495,0.72979361,0.09180598,-0.71808273,-0.069483485,0.64859924,0.59497648,1.1696356,167.98775,196.48446,False,0.87405765,False,False,False,0.59497648,1.1696356,167.98775,196.48446,0.5930141,1.1828456,164.64004,194.74374,0.7174715,0.78203349,33.369789,26.096292,0.66067104,1.3753554,39.59453,54.456549,0.55478033,1.3611455,74.774746,101.77931,0.61934164,1.1959172,81.190308,97.096889,0.60773241,1.0777377,81.987397,88.360907,0.58395463,1.0537001,81.446622,85.820314
0b_baseline_last,file,19,baseline,2718,048.European_Goldfinch/European_Goldfinch_0041_794645.jpg,48,47,048.European_Goldfinch,192,191,identity,identity,0,{},0.0021920004,0.0021920004,0,0.99781042,0.99781042,0.0003741878,0.0003741878,0.99743624,0.99743624,0,1,1,0.31918857,0.31918857,False,0.99999988,True,True,True,1,1,0.31918857,0.31918857,1,1,0.31253628,0.31253628,1,1,0.064826047,0.064826047,1,1,0.046980509,0.046980509,1,1,0.12462779,0.12462779,1,1,0.15649332,0.15649332,1,1,0.15294578,0.15294578,1,1,0.17904498,0.17904498
0b_baseline_last,file,19,baseline,2718,048.European_Goldfinch/European_Goldfinch_0041_794645.jpg,48,47,048.European_Goldfinch,192,191,horizontal_flip,horizontal_flip,0,"{""flipped"":true}",0.0021920004,0.00090450852,-0.0012874919,0.99781042,0.99909592,0.0003741878,0.00012182864,0.99743624,0.99897409,0.0015378525,0.56046206,0.39916402,0.31918857,0.12740859,False,0.98162794,True,True,True,0.56046206,0.39916402,0.31918857,0.12740859,0.54143602,0.39801609,0.31253628,0.12439447,0.97579332,0.42497317,0.064826047,0.027549331,0.37588319,0.35637552,0.046980509,0.016742703,0.30408771,0.33244006,0.12462779,0.04143127,0.47550448,0.36271072,0.15649332,0.056761805,0.51207919,0.4077427,0.15294578,0.062362524,0.7053186,0.44563118,0.17904498,0.079788024
0b_baseline_last,file,19,baseline,2718,048.European_Goldfinch/European_Goldfinch_0041_794645.jpg,48,47,048.European_Goldfinch,192,191,color_jitter,color_jitter,0,"{""brightness"":0.818905,""contrast"":1.34595,""hue"":-0.03487,""saturation"":1.254492}",0.0021920004,0.041369978,0.039177978,0.99781042,0.95947409,0.0003741878,0.0028246131,0.99743624,0.95664947,-0.040786762,0.63577589,17.851335,0.31918857,5.6979423,False,0.9468593,True,True,True,0.63577589,17.851335,0.31918857,5.6979423,0.6247112,17.93334,0.31253628,5.6048195,0.93199578,15.825982,0.064826047,1.0259358,0.51596349,22.108907,0.046980509,1.0386877,0.40703214,18.357485,0.12462779,2.2878528,0.54745059,18.728786,0.15649332,2.9309299,0.67296615,18.88551,0.15294578,2.888459,0.79087173,15.961639,0.17904498,2.8578513
0b_baseline_last,file,19,baseline,2718,048.European_Goldfinch/European_Goldfinch_0041_794645.jpg,48,47,048.European_Goldfinch,192,191,rotation,rotation,0,"{""angle"":9.044545}",0.0021920004,0.0011179156,-0.0010740848,0.99781042,0.99888271,0.0003741878,0.00027216322,0.99743624,0.99861055,0.0011743121,0.76187425,0.54613885,0.31918857,0.17432128,False,0.97517574,True,True,True,0.76187425,0.54613885,0.31918857,0.17432128,0.752838,0.5460899,0.31253628,0.17067291,0.9714553,0.54727533,0.064826047,0.035477697,0.62977413,0.52788591,0.046980509,0.024800348,0.73263562,0.49011492,0.12462779,0.061081939,0.72895356,0.55345267,0.15649332,0.086611647,0.73102133,0.5647254,0.15294578,0.086372365,0.80642789,0.55350935,0.17904498,0.099103069
0b_baseline_last,file,19,baseline,2718,048.European_Goldfinch/European_Goldfinch_0041_794645.jpg,48,47,048.European_Goldfinch,192,191,random_resized_crop,random_resized_crop,0,"{""area_fraction"":0.643748,""aspect"":1.026977,""fallback"":false,""height"":0.791731,""left"":0.167373,""top"":0.11258,""width"":0.813089}",0.0021920004,0.0021075436,-8.4456755e-05,0.99781042,0.9978947,0.0003741878,0.00043795933,0.99743624,0.99745675,2.050944e-05,0.71530191,1.0077688,0.31918857,0.32166828,False,0.97310817,True,True,True,0.71530191,1.0077688,0.31918857,0.32166828,0.70426966,1.0075268,0.31253628,0.31488868,0.9702614,1.0133773,0.064826047,0.065693242,0.58179836,1.154467,0.046980509,0.054237447,0.68450804,0.92480044,0.12462779,0.11525584,0.69911992,1.0095542,0.15649332,0.1579885,0.67409979,1.0223381,0.15294578,0.15636229,0.75011822,1.0225586,0.17904498,0.18308398
0b_baseline_last,file,19,baseline,2718,048.European_Goldfinch/European_Goldfinch_0041_794645.jpg,48,47,048.European_Goldfinch,192,191,gaussian_blur,gaussian_blur,0,"{""sigma"":1.089097}",0.0021920004,0.0062799738,0.0040879734,0.99781042,0.99373972,0.0003741878,0.00090908515,0.99743624,0.99283064,-0.0046055966,0.64868059,3.169005,0.31918857,1.0115102,False,0.96365172,True,True,True,0.64868059,3.169005,0.31918857,1.0115102,0.63670965,3.1773163,0.31253628,0.99302662,0.94785296,2.9692742,0.064826047,0.19248631,0.40041636,3.7080855,0.046980509,0.17420775,0.49588361,3.2902015,0.12462779,0.41005055,0.57732944,3.4011336,0.15649332,0.5322547,0.66462087,3.3196669,0.15294578,0.50772904,0.77941697,2.7731362,0.17904498,0.49651611
0b_baseline_last,file,19,baseline,2718,048.European_Goldfinch/European_Goldfinch_0041_794645.jpg,48,47,048.European_Goldfinch,192,191,random_erasing,random_erasing,0,"{""area_fraction"":0.114244,""erased"":true,""height"":0.20215,""left"":0.218909,""top"":0.707093,""width"":0.565147}",0.0021920004,0.0017435838,-0.00044841657,0.99781042,0.99825794,0.0003741878,0.00026639938,0.99743624,0.99799154,0.0005553001,0.97963124,0.78415146,0.31918857,0.25029219,False,0.9944526,True,True,True,0.97963124,0.78415146,0.31918857,0.25029219,0.97904285,0.78353582,0.31253628,0.24488338,0.99321823,0.79832728,0.064826047,0.051752402,0.97816114,0.78187014,0.046980509,0.036732657,0.98094728,0.77345982,0.12462779,0.096394589,0.98146026,0.77569085,0.15649332,0.12139044,0.97841913,0.78526233,0.15294578,0.12010256,0.97699771,0.79314401,0.17904498,0.14200845
0b_baseline_last,file,19,baseline,415,008.Rhinoceros_Auklet/Rhinoceros_Auklet_0010_797545.jpg,8,7,008.Rhinoceros_Auklet,5,4,identity,identity,0,{},0.67243606,0.67243606,0,0.51046354,0.51046354,0.4369925,0.4369925,0.07347104,0.07347104,0,1,1,113.34141,113.34141,False,1,True,True,True,1,1,113.34141,113.34141,1,1,111.74987,111.74987,1,1,18.927267,18.927267,1,1,22.932651,22.932651,1,1,43.760721,43.760721,1,1,59.425619,59.425619,1,1,60.461517,60.461517,1,1,53.480159,53.480159
0b_baseline_last,file,19,baseline,415,008.Rhinoceros_Auklet/Rhinoceros_Auklet_0010_797545.jpg,8,7,008.Rhinoceros_Auklet,5,4,horizontal_flip,horizontal_flip,0,"{""flipped"":true}",0.67243606,0.74449408,0.072058022,0.51046354,0.47497454,0.4369925,0.41079229,0.07347104,0.064182252,-0.0092887878,0.62841431,0.82041415,113.34141,92.986897,False,0.95678246,True,True,True,0.62841431,0.82041415,113.34141,92.986897,0.6179593,0.81714479,111.74987,91.315826,0.95447202,0.92720424,18.927267,17.549442,0.58188649,0.95515658,22.932651,21.904272,0.46403968,0.73737181,43.760721,32.267922,0.64620432,0.79623523,59.425619,47.316771,0.59311096,0.78679785,60.461517,47.570992,0.71321896,0.89980279,53.480159,48.121596
0b_baseline_last,file,19,baseline,415,008.Rhinoceros_Auklet/Rhinoceros_Auklet_0010_797545.jpg,8,7,008.Rhinoceros_Auklet,5,4,color_jitter,color_jitter,0,"{""brightness"":0.910831,""contrast"":1.366581,""hue"":-0.07527,""saturation"":1.292852}",0.67243606,4.0346184,3.3621823,0.51046354,0.017692436,0.4369925,0.37223744,0.07347104,-0.35454501,-0.42801605,0.59036403,1.2298767,113.34141,139.39596,False,0.85418904,False,True,False,0.59036403,1.2298767,113.34141,139.39596,0.58380656,1.218582,111.74987,136.17638,0.78607663,1.5737283,18.927267,29.786376,0.71247489,1.5435626,22.932651,35.397981,0.43445081,1.2462108,43.760721,54.535082,0.63482832,1.1253566,59.425619,66.875015,0.56508824,1.0780169,60.461517,65.178538,0.62968567,1.3988201,53.480159,74.809122
0b_baseline_last,file,19,baseline,415,008.Rhinoceros_Auklet/Rhinoceros_Auklet_0010_797545.jpg,8,7,008.Rhinoceros_Auklet,5,4,rotation,rotation,0,"{""angle"":2.547446}",0.67243606,1.0854316,0.41299552,0.51046354,0.33775604,0.4369925,0.60138822,0.07347104,-0.26363218,-0.33710322,0.84708641,1.3611389,113.34141,154.27341,False,0.9762733,False,True,False,0.84708641,1.3611389,113.34141,154.27341,0.8432674,1.3598048,111.74987,151.95801,0.97623783,1.4068561,18.927267,26.62794,0.55242287,1.1348342,22.932651,26.024756,0.75970026,1.3975347,43.760721,61.157126,0.84494815,1.3250324,59.425619,78.74087,0.88401871,1.3682112,60.461517,82.724125,0.89253427,1.403056,53.480159,75.035655
0b_baseline_last,file,19,baseline,415,008.Rhinoceros_Auklet/Rhinoceros_Auklet_0010_797545.jpg,8,7,008.Rhinoceros_Auklet,5,4,random_resized_crop,random_resized_crop,0,"{""area_fraction"":0.514534,""aspect"":0.971506,""fallback"":false,""height"":0.727753,""left"":0.181892,""top"":0.120986,""width"":0.707017}",0.67243606,0.84576172,0.17332566,0.51046354,0.42923027,0.4369925,0.41343048,0.07347104,0.015799791,-0.057671249,0.67940406,0.95835044,113.34141,108.62079,False,0.95005912,True,True,True,0.67940406,0.95835044,113.34141,108.62079,0.67112007,0.95528489,111.74987,106.75296,0.9432724,1.0596849,18.927267,20.056938,0.69148009,1.3990386,22.932651,32.083663,0.55899197,1.0900606,43.760721,47.701839,0.65175789,0.86131895,59.425619,51.184412,0.69198531,0.86121664,60.461517,52.070464,0.77217533,0.98237406,53.480159,52.537521
0b_baseline_last,file,19,baseline,415,008.Rhinoceros_Auklet/Rhinoceros_Auklet_0010_797545.jpg,8,7,008.Rhinoceros_Auklet,5,4,gaussian_blur,gaussian_blur,0,"{""sigma"":1.96853}",0.67243606,2.7518611,2.079425,0.51046354,0.063808993,0.4369925,0.46641791,0.07347104,-0.40260892,-0.47607996,0.37957996,1.308615,113.34141,148.32027,False,0.84941387,False,True,False,0.37957996,1.308615,113.34141,148.32027,0.36766767,1.3103921,111.74987,146.43614,0.81709847,1.2450824,18.927267,23.566008,-0.014423282,1.4421229,22.932651,33.071702,0.083568617,1.4048875,43.760721,61.478891,0.33099064,1.1680073,59.425619,69.409558,0.44486132,1.3109189,60.461517,79.260145,0.58289042,1.3829699,53.480159,73.961447
0b_baseline_last,file,19,baseline,415,008.Rhinoceros_Auklet/Rhinoceros_Auklet_0010_797545.jpg,8,7,008.Rhinoceros_Auklet,5,4,random_erasing,random_erasing,0,"{""area_fraction"":0.13192,""erased"":true,""height"":0.238572,""left"":0.167804,""top"":0.322921,""width"":0.552955}",0.67243606,3.8894339,3.2169978,0.51046354,0.020456925,0.4369925,0.05611106,0.07347104,-0.035654135,-0.10912517,0.21999059,1.1205856,113.34141,127.00875,False,0.82332778,False,True,False,0.21999059,1.1205856,113.34141,127.00875,0.20718987,1.1176826,111.74987,124.90089,0.63042389,1.2174611,18.927267,23.043211,0.51588212,1.4618844,22.932651,33.524885,0.14624942,1.2739908,43.760721,55.750756,0.16807566,1.139171,59.425619,67.695939,0.12915619,0.92699677,60.461517,56.047631,0.31738396,1.1287607,53.480159,60.366303
0b_baseline_last,file,19,baseline,9953,170.Mourning_Warbler/Mourning_Warbler_0020_166440.jpg,170,169,170.Mourning_Warbler,162,161,identity,identity,0,{},0.001801893,0.001801893,0,0.9981997,0.9981997,0.00028577101,0.00028577101,0.99791393,0.99791393,0,1,1,0.25402772,0.25402772,False,1,True,True,True,1,1,0.25402772,0.25402772,1,1,0.24767835,0.24767835,1,1,0.056440388,0.056440388,1,1,0.053003576,0.053003576,1,1,0.10093426,0.10093426,1,1,0.11317346,0.11317346,1,1,0.12369426,0.12369426,1,1,0.1422637,0.1422637
0b_baseline_last,file,19,baseline,9953,170.Mourning_Warbler/Mourning_Warbler_0020_166440.jpg,170,169,170.Mourning_Warbler,162,161,horizontal_flip,horizontal_flip,0,"{""flipped"":true}",0.001801893,0.0020210571,0.00021916407,0.9981997,0.99798101,0.00028577101,0.00052389264,0.99791393,0.99745712,-0.00045681107,0.57373249,1.1081243,0.25402772,0.2814943,False,0.97659212,True,True,True,0.57373249,1.1081243,0.25402772,0.2814943,0.55276053,1.1068872,0.24767835,0.274152,0.96888068,1.1316849,0.056440388,0.063872736,0.57745049,0.90743721,0.053003576,0.048097417,0.29904622,1.0205818,0.10093426,0.10301168,0.48571787,1.113429,0.11317346,0.12601061,0.53669068,1.187375,0.12369426,0.14687148,0.72666104,1.1066168,0.1422637,0.1574314
0b_baseline_last,file,19,baseline,9953,170.Mourning_Warbler/Mourning_Warbler_0020_166440.jpg,170,169,170.Mourning_Warbler,162,161,color_jitter,color_jitter,0,"{""brightness"":1.31575,""contrast"":0.673232,""hue"":0.021052,""saturation"":0.745744}",0.001801893,0.0014617483,-0.00034014473,0.9981997,0.99853933,0.00028577101,7.3888696e-05,0.99791393,0.99846544,0.00055150958,0.6803242,0.97487531,0.25402772,0.24764536,False,0.96332389,True,True,True,0.6803242,0.97487531,0.25402772,0.24764536,0.66971386,0.982275,0.24767835,0.24328826,0.93598794,0.81944567,0.056440388,0.046249832,0.28277777,0.93296965,0.053003576,0.049450728,0.70078963,1.2208113,0.10093426,0.12322169,0.59692502,1.0606152,0.11317346,0.12003349,0.66027627,0.9331308,0.12369426,0.11542293,0.79868461,0.82663293,0.1422637,0.11759986
0b_baseline_last,file,19,baseline,9953,170.Mourning_Warbler/Mourning_Warbler_0020_166440.jpg,170,169,170.Mourning_Warbler,162,161,rotation,rotation,0,"{""angle"":14.715056}",0.001801893,0.00013994191,-0.0016619511,0.9981997,0.99986005,0.00028577101,9.3926583e-06,0.99791393,0.99985066,0.0019367253,0.73777682,0.079874599,0.25402772,0.020290363,False,0.96868414,True,True,True,0.73777682,0.079874599,0.25402772,0.020290363,0.72541701,0.07935201,0.24767835,0.019653775,0.95408159,0.089344036,0.056440388,0.0050426121,0.64487422,0.079136036,0.053003576,0.0041944929,0.6702427,0.07904492,0.10093426,0.0079783408,0.70457123,0.076198159,0.11317346,0.0086236093,0.69817277,0.078759214,0.12369426,0.0097420629,0.79583759,0.081898103,0.1422637,0.011651127
0b_baseline_last,file,19,baseline,9953,170.Mourning_Warbler/Mourning_Warbler_0020_166440.jpg,170,169,170.Mourning_Warbler,162,161,random_resized_crop,random_resized_crop,0,"{""area_fraction"":0.678633,""aspect"":1.131904,""fallback"":false,""height"":0.774306,""left"":0.094935,""top"":0.121826,""width"":0.87644}",0.001801893,0.0091127912,0.0073108982,0.9981997,0.99092859,0.00028577101,0.0014869025,0.99791393,0.98944169,-0.0084722425,0.66055389,6.0726354,0.25402772,1.5426177,False,0.96322185,True,True,True,0.66055389,6.0726354,0.25402772,1.5426177,0.64868223,6.1231373,0.24767835,1.5165686,0.95344121,5.0016132,0.056440388,0.28229299,0.59636189,5.5722396,0.053003576,0.29534862,0.59371887,6.7737625,0.10093426,0.68370474,0.57225757,6.59719,0.11317346,0.74662682,0.64691036,6.2636614,0.12369426,0.77477897,0.76111729,5.3880693,0.1422637,0.76652667
0b_baseline_last,file,19,baseline,9953,170.Mourning_Warbler/Mourning_Warbler_0020_166440.jpg,170,169,170.Mourning_Warbler,162,161,gaussian_blur,gaussian_blur,0,"{""sigma"":1.614283}",0.001801893,0.39006895,0.38826706,0.9981997,0.67701018,0.00028577101,0.0029260176,0.99791393,0.67408416,-0.32382977,0.46480031,277.45946,0.25402772,70.482394,False,0.84842277,True,True,True,0.46480031,277.45946,0.25402772,70.482394,0.45626404,282.1595,0.24767835,69.884801,0.82131484,162.27274,0.056440388,9.1587365,0.47547756,275.22143,0.053003576,14.58772,0.50130223,337.11408,0.10093426,34.026361,0.35888921,362.11084,0.11317346,40.981337,0.45278275,278.29571,0.12369426,34.423582,0.61141935,179.04983,0.1422637,25.47229
0b_baseline_last,file,19,baseline,9953,170.Mourning_Warbler/Mourning_Warbler_0020_166440.jpg,170,169,170.Mourning_Warbler,162,161,random_erasing,random_erasing,0,"{""area_fraction"":0.158009,""erased"":true,""height"":0.648248,""left"":0.094171,""top"":0.018721,""width"":0.243747}",0.001801893,0.0030252426,0.0012233496,0.9981997,0.99697936,0.00028577101,0.0003444461,0.99791393,0.99663491,-0.0012790206,0.92270693,1.7667416,0.25402772,0.44880135,False,0.99167281,True,True,True,0.92270693,1.7667416,0.25402772,0.44880135,0.91952521,1.7722542,0.24767835,0.43894901,0.99022959,1.65701,0.056440388,0.093522287,0.89688864,1.5964448,0.053003576,0.084617281,0.89589117,1.9823219,0.10093426,0.20008421,0.92418509,1.7537358,0.11317346,0.19847635,0.92291815,1.7487377,0.12369426,0.21630882,0.93525968,1.7117234,0.1422637,0.2435161
0b_baseline_last,file,19,baseline,2684,047.American_Goldfinch/American_Goldfinch_0045_31974.jpg,47,46,047.American_Goldfinch,177,176,identity,identity,0,{},0.043000482,0.043000482,0,0.95791095,0.95791095,0.024557868,0.024557868,0.93335309,0.93335309,0,1,1,7.2091476,7.2091476,False,0.99999994,True,True,True,1,1,7.2091476,7.2091476,1,1,7.0715607,7.0715607,1,1,1.401727,1.401727,1,1,1.2373047,1.2373047,1,1,2.5641463,2.5641463,1,1,3.5265297,3.5265297,1,1,4.0566536,4.0566536,1,1,3.6067091,3.6067091
0b_baseline_last,file,19,baseline,2684,047.American_Goldfinch/American_Goldfinch_0045_31974.jpg,47,46,047.American_Goldfinch,177,176,horizontal_flip,horizontal_flip,0,"{""flipped"":true}",0.043000482,0.010965563,-0.032034919,0.95791095,0.98909432,0.024557868,0.0038921931,0.93335309,0.98520212,0.051849037,0.56381209,0.24038124,7.2091476,1.7329438,False,0.96372962,True,True,True,0.56381209,0.24038124,7.2091476,1.7329438,0.54953232,0.24054085,7.0715607,1.7009992,0.9338818,0.23628262,1.401727,0.33120373,0.57831096,0.24985417,1.2373047,0.30914574,0.495757,0.23913934,2.5641463,0.61318825,0.33446372,0.24332842,3.5265297,0.85810492,0.56994509,0.23249364,4.0566536,0.94314615,0.75105484,0.24736267,3.6067091,0.89216518
0b_baseline_last,file,19,baseline,2684,047.American_Goldfinch/American_Goldfinch_0045_31974.jpg,47,46,047.American_Goldfinch,177,176,color_jitter,color_jitter,0,"{""brightness"":0.815566,""contrast"":0.739083,""hue"":0.065335,""saturation"":0.701782}",0.043000482,3.3882408,3.3452403,0.95791095,0.033768032,0.024557868,0.0035136878,0.93335309,0.030254344,-0.90309874,0.33941087,30.1429,7.2091476,217.30461,False,0.63669521,False,True,False,0.33941087,30.1429,7.2091476,217.30461,0.33606092,30.512222,7.0715607,215.76903,0.52409542,18.397328,1.401727,25.788031,0.025585586,47.987157,1.2373047,59.374736,0.1353104,40.51354,2.5641463,103.88264,0.39546983,34.898321,3.5265297,123.06997,0.44370374,25.320692,4.0566536,102.71728,0.40559805,22.426039,3.6067091,80.884198
0b_baseline_last,file,19,baseline,2684,047.American_Goldfinch/American_Goldfinch_0045_31974.jpg,47,46,047.American_Goldfinch,177,176,rotation,rotation,0,"{""angle"":12.746468}",0.043000482,0.035241265,-0.0077592172,0.95791095,0.9653725,0.024557868,0.019484704,0.93335309,0.9458878,0.012534712,0.79399595,0.81782114,7.2091476,5.8957933,False,0.98553514,True,True,True,0.79399595,0.81782114,7.2091476,5.8957933,0.78645294,0.81771477,7.0715607,5.7825196,0.98531995,0.82052373,1.401727,1.1501503,0.61807671,0.94974088,1.2373047,1.1751189,0.72349194,0.86444856,2.5641463,2.2165725,0.73206207,0.83869028,3.5265297,2.9576662,0.80145579,0.79312649,4.0566536,3.2174395,0.88494233,0.78635307,3.6067091,2.8361468
0b_baseline_last,file,19,baseline,2684,047.American_Goldfinch/American_Goldfinch_0045_31974.jpg,47,46,047.American_Goldfinch,177,176,random_resized_crop,random_resized_crop,0,"{""area_fraction"":0.560008,""aspect"":0.951696,""fallback"":false,""height"":0.767093,""left"":0.01506,""top"":0.078005,""width"":0.730039}",0.043000482,0.050324809,0.0073243268,0.95791095,0.95092052,0.024557868,0.0041048219,0.93335309,0.9468157,0.013462613,0.51178824,1.2783817,7.2091476,9.2160424,False,0.96872652,True,True,True,0.51178824,1.2783817,7.2091476,9.2160424,0.50125795,1.2822468,7.0715607,9.0674862,0.80592957,1.1757416,1.401727,1.6480687,0.48738644,1.445166,1.2373047,1.7881107,0.34997619,1.378832,2.5641463,3.535527,0.37588009,1.2982233,3.5265297,4.5782229,0.59639568,1.2798378,4.0566536,5.1918586,0.59524094,1.1959724,3.6067091,4.3135245
0b_baseline_last,file,19,baseline,2684,047.American_Goldfinch/American_Goldfinch_0045_31974.jpg,47,46,047.American_Goldfinch,177,176,gaussian_blur,gaussian_blur,0,"{""sigma"":1.931479}",0.043000482,3.585382,3.5423815,0.95791095,0.02772608,0.024557868,0.048961967,0.93335309,-0.021235887,-0.95458897,0.29578156,17.404396,7.2091476,125.47086,False,0.658279,False,True,False,0.29578156,17.404396,7.2091476,125.47086,0.28610489,17.469378,7.0715607,123.53576,0.5722256,15.660061,1.401727,21.95113,-0.037391861,20.273257,1.2373047,25.084197,0.010048614,19.833891,2.5641463,50.856997,0.26984275,19.247987,3.5265297,67.878597,0.38805004,16.722622,4.0566536,67.837884,0.40821217,14.765165,3.6067091,53.253653
0b_baseline_last,file,19,baseline,2684,047.American_Goldfinch/American_Goldfinch_0045_31974.jpg,47,46,047.American_Goldfinch,177,176,random_erasing,random_erasing,0,"{""area_fraction"":0.06963,""erased"":true,""height"":0.337495,""left"":0.537757,""top"":0.576253,""width"":0.206314}",0.043000482,0.02453394,-0.018466542,0.95791095,0.97576457,0.024557868,0.0090572136,0.93335309,0.96670736,0.033354272,0.88162512,0.56121652,7.2091476,4.0458927,False,0.9930619,True,True,True,0.88162512,0.56121652,7.2091476,4.0458927,0.87848597,0.56059883,7.0715607,3.9643086,0.9596272,0.57671466,1.401727,0.8083965,0.87666717,0.51999537,1.2373047,0.64339272,0.86045849,0.50767248,2.5641463,1.3017465,0.85914372,0.52662894,3.5265297,1.8571726,0.88390815,0.59339136,4.0566536,2.4071832,0.90242882,0.57917863,3.6067091,2.0889288
0b_baseline_last,file,19,baseline,4006,069.Rufous_Hummingbird/Rufous_Hummingbird_0113_59444.jpg,69,68,069.Rufous_Hummingbird,38,37,identity,identity,0,{},0.68948537,0.68948537,0,0.50183427,0.50183427,0.14838432,0.14838432,0.35344996,0.35344996,0,1,1,93.583404,93.583404,False,1,True,True,True,1,1,93.583404,93.583404,1,1,92.125465,92.125465,1,1,16.454551,16.454551,1,1,16.403564,16.403564,1,1,37.003262,37.003262,1,1,50.884913,50.884913,1,1,47.865982,47.865982,1,1,44.366162,44.366162
0b_baseline_last,file,19,baseline,4006,069.Rufous_Hummingbird/Rufous_Hummingbird_0113_59444.jpg,69,68,069.Rufous_Hummingbird,38,37,horizontal_flip,horizontal_flip,0,"{""flipped"":true}",0.68948537,1.0751412,0.38565582,0.50183427,0.34124959,0.14838432,0.05755968,0.35344996,0.2836899,-0.069760051,0.70676016,1.0284802,93.583404,96.248674,False,0.95392072,True,True,True,0.70676016,1.0284802,93.583404,96.248674,0.69875215,1.0218536,92.125465,94.138742,0.92787411,1.2180563,16.454551,20.04257,0.69199333,1.1079708,16.403564,18.174671,0.68719119,0.94135418,37.003262,34.833175,0.70753855,0.97012233,50.884913,49.36459,0.67110599,1.050337,47.865982,50.275411,0.73199561,1.0935714,44.366162,48.517566
0b_baseline_last,file,19,baseline,4006,069.Rufous_Hummingbird/Rufous_Hummingbird_0113_59444.jpg,69,68,069.Rufous_Hummingbird,38,37,color_jitter,color_jitter,0,"{""brightness"":1.139658,""contrast"":1.321413,""hue"":0.071493,""saturation"":0.965011}",0.68948537,3.7500539,3.0605685,0.50183427,0.023516474,0.14838432,0.0059226984,0.35344996,0.017593776,-0.33585618,0.50379461,1.4197145,93.583404,132.86171,False,0.85167497,False,True,False,0.50379461,1.4197145,93.583404,132.86171,0.49341161,1.3851742,92.125465,127.60982,0.76143892,2.2477705,16.454551,36.986055,0.41744019,1.6429969,16.403564,26.951005,0.53366923,1.3762632,37.003262,50.926227,0.54824168,1.2137856,50.884913,61.763377,0.43220252,1.3892792,47.865982,66.499213,0.49553896,1.5497694,44.366162,68.757321
0b_baseline_last,file,19,baseline,4006,069.Rufous_Hummingbird/Rufous_Hummingbird_0113_59444.jpg,69,68,069.Rufous_Hummingbird,38,37,rotation,rotation,0,"{""angle"":2.115161}",0.68948537,1.1312478,0.44176239,0.50183427,0.32263047,0.14838432,0.1942291,0.35344996,0.12840137,-0.22504859,0.82219136,1.3901027,93.583404,130.09054,False,0.96659744,True,True,True,0.82219136,1.3901027,93.583404,130.09054,0.81834217,1.3914856,92.125465,128.19126,0.94736359,1.3460332,16.454551,22.148373,0.68121455,1.3282051,16.403564,21.787298,0.74951782,1.3477343,37.003262,49.870564,0.81150856,1.3827799,50.884913,70.362634,0.83746138,1.417174,47.865982,67.834424,0.86882652,1.4109978,44.366162,62.600557
0b_baseline_last,file,19,baseline,4006,069.Rufous_Hummingbird/Rufous_Hummingbird_0113_59444.jpg,69,68,069.Rufous_Hummingbird,38,37,random_resized_crop,random_resized_crop,0,"{""area_fraction"":0.593303,""aspect"":0.79477,""fallback"":false,""height"":0.864007,""left"":0.06297,""top"":0.036256,""width"":0.686687}",0.68948537,0.91780138,0.22831601,0.50183427,0.39939621,0.14838432,0.082567208,0.35344996,0.316829,-0.036620952,0.70418826,1.3189601,93.583404,123.43278,False,0.94731486,True,True,True,0.70418826,1.3189601,93.583404,123.43278,0.69760594,1.3221491,92.125465,121.8036,0.93121654,1.2147607,16.454551,19.988342,0.61152957,1.5703917,16.403564,25.760021,0.73025485,1.533259,37.003262,56.735585,0.69538902,1.3611834,50.884913,69.263697,0.67110264,1.2479375,47.865982,59.733755,0.73848144,1.1466552,44.366162,50.87269
0b_baseline_last,file,19,baseline,4006,069.Rufous_Hummingbird/Rufous_Hummingbird_0113_59444.jpg,69,68,069.Rufous_Hummingbird,38,37,gaussian_blur,gaussian_blur,0,"{""sigma"":1.664398}",0.68948537,4.0672884,3.377803,0.50183427,0.017123753,0.14838432,0.0091792829,0.35344996,0.0079444703,-0.34550549,0.51177774,1.7239456,93.583404,161.3327,False,0.83243614,False,True,False,0.51177774,1.7239456,93.583404,161.3327,0.50323018,1.7204071,92.125465,158.4933,0.76444177,1.8314032,16.454551,30.134919,0.63072455,1.7509379,16.403564,28.721623,0.47836182,1.7579183,37.003262,65.04871,0.45998123,1.6917674,50.884913,86.085435,0.50115056,1.8107354,47.865982,86.672628,0.56747321,1.6161159,44.366162,71.700858
0b_baseline_last,file,19,baseline,4006,069.Rufous_Hummingbird/Rufous_Hummingbird_0113_59444.jpg,69,68,069.Rufous_Hummingbird,38,37,random_erasing,random_erasing,0,"{""area_fraction"":0.18774,""erased"":true,""height"":0.237343,""left"":0.084472,""top"":0.716432,""width"":0.79101}",0.68948537,0.93294823,0.24346286,0.50183427,0.39339221,0.14838432,0.098519817,0.35344996,0.29487239,-0.058577567,0.9338485,1.0498041,93.583404,98.24424,False,0.97572386,True,True,True,0.9338485,1.0498041,93.583404,98.24424,0.93352622,1.0431087,92.125465,96.096876,0.95600559,1.241507,16.454551,20.42844,0.92962407,1.0240822,16.403564,16.798598,0.92716049,1.1340556,37.003262,41.963755,0.95264072,1.0293911,50.884913,52.380474,0.93795442,1.0127184,47.865982,48.474761,0.91193069,1.0323929,44.366162,45.803311
0b_baseline_last,file,19,baseline,148,003.Sooty_Albatross/Sooty_Albatross_0017_796349.jpg,3,2,003.Sooty_Albatross,1,0,identity,identity,0,{},1.0708445,1.0708445,0,0.34271896,0.34271896,0.39184448,0.39184448,-0.049125522,-0.049125522,0,1,1,101.66699,101.66699,False,1,True,False,False,1,1,101.66699,101.66699,1,1,98.867072,98.867072,1,1,23.695559,23.695559,1,1,29.727074,29.727074,1,1,39.788433,39.788433,1,1,51.593698,51.593698,1,1,47.62351,47.62351,1,1,48.764446,48.764446
0b_baseline_last,file,19,baseline,148,003.Sooty_Albatross/Sooty_Albatross_0017_796349.jpg,3,2,003.Sooty_Albatross,1,0,horizontal_flip,horizontal_flip,0,"{""flipped"":true}",1.0708445,2.7027674,1.6319228,0.34271896,0.067019783,0.39184448,0.86066049,-0.049125522,-0.79364071,-0.74451519,0.47014815,1.7231027,101.66699,175.18267,False,0.95407367,True,False,False,0.47014815,1.7231027,101.66699,175.18267,0.44618636,1.7287778,98.867072,170.9192,0.91591817,1.6211256,23.695559,38.413477,0.17786038,1.4414627,29.727074,42.850469,0.47267453,2.350135,39.788433,93.508189,0.41149368,1.7283976,51.593698,89.174426,0.42858931,1.4915574,47.62351,71.0332,0.60411685,1.539459,48.764446,75.070864
0b_baseline_last,file,19,baseline,148,003.Sooty_Albatross/Sooty_Albatross_0017_796349.jpg,3,2,003.Sooty_Albatross,1,0,color_jitter,color_jitter,0,"{""brightness"":0.947044,""contrast"":0.906899,""hue"":-0.090348,""saturation"":0.981734}",1.0708445,1.2081981,0.13735354,0.34271896,0.29873511,0.39184448,0.57352626,-0.049125522,-0.27479115,-0.22566563,0.69122199,1.221062,101.66699,124.1417,False,0.97339821,True,False,False,0.69122199,1.221062,101.66699,124.1417,0.67588162,1.217784,98.867072,120.39873,0.94666945,1.2767806,23.695559,30.25403,0.46393504,0.81025648,29.727074,24.086554,0.62389341,1.520723,39.788433,60.507185,0.68315333,1.2846556,51.593698,66.280133,0.68501665,1.0629254,47.62351,50.620241,0.79388699,1.1778637,48.764446,57.437869
0b_baseline_last,file,19,baseline,148,003.Sooty_Albatross/Sooty_Albatross_0017_796349.jpg,3,2,003.Sooty_Albatross,1,0,rotation,rotation,0,"{""angle"":12.213986}",1.0708445,0.7973125,-0.27353203,0.34271896,0.45053816,0.39184448,0.22562695,-0.049125522,0.22491121,0.27403674,0.68674964,0.89839204,101.66699,91.336818,False,0.92514312,False,False,True,0.68674964,0.89839204,101.66699,91.336818,0.67752023,0.90811155,98.867072,89.78233,0.91322809,0.70812323,23.695559,16.779376,0.69252746,1.1420414,29.727074,33.949548,0.66182467,1.1104832,39.788433,44.184385,0.71605958,0.91270314,51.593698,47.08973,0.64819567,0.76410804,47.62351,36.389507,0.70262823,0.77122702,48.764446,37.608458
0b_baseline_last,file,19,baseline,148,003.Sooty_Albatross/Sooty_Albatross_0017_796349.jpg,3,2,003.Sooty_Albatross,1,0,random_resized_crop,random_resized_crop,0,"{""area_fraction"":0.639993,""aspect"":0.822058,""fallback"":false,""height"":0.882341,""left"":0.03916,""top"":0.111601,""width"":0.725335}",1.0708445,3.2779148,2.2070702,0.34271896,0.037706804,0.39184448,0.27078193,-0.049125522,-0.23307513,-0.18394961,0.58109314,1.264727,101.66699,128.58099,False,0.8826651,True,False,False,0.58109314,1.264727,101.66699,128.58099,0.56572746,1.2653828,98.867072,125.10469,0.8512057,1.2532555,23.695559,29.69659,0.4708152,1.1430085,29.727074,33.978299,0.38494283,1.0546929,39.788433,41.96458,0.59186693,1.3934783,51.593698,71.894697,0.60772357,1.312428,47.62351,62.50243,0.63543003,1.2406548,48.764446,60.499842
0b_baseline_last,file,19,baseline,148,003.Sooty_Albatross/Sooty_Albatross_0017_796349.jpg,3,2,003.Sooty_Albatross,1,0,gaussian_blur,gaussian_blur,0,"{""sigma"":1.27135}",1.0708445,0.61177129,-0.45907325,0.34271896,0.54238927,0.39184448,0.054220166,-0.049125522,0.48816911,0.53729463,0.51364861,0.89327318,101.66699,90.816398,False,0.83124626,False,False,True,0.51364861,0.89327318,101.66699,90.816398,0.50547625,0.90623874,98.867072,89.597171,0.7538209,0.62590705,23.695559,14.831217,0.42849042,1.2392748,29.727074,36.840012,0.3384097,0.855332,39.788433,34.03232,0.54025424,0.98605908,51.593698,50.874435,0.56788153,0.84297971,47.62351,40.145653,0.59229482,0.74289518,48.764446,36.226872
0b_baseline_last,file,19,baseline,148,003.Sooty_Albatross/Sooty_Albatross_0017_796349.jpg,3,2,003.Sooty_Albatross,1,0,random_erasing,random_erasing,0,"{""area_fraction"":0.126093,""erased"":true,""height"":0.463941,""left"":0.2715,""top"":0.213429,""width"":0.271786}",1.0708445,1.6717455,0.60090101,0.34271896,0.18791877,0.39184448,0.21312252,-0.049125522,-0.02520375,0.023921773,0.77236739,1.0396503,101.66699,105.69812,False,0.9394021,False,False,False,0.77236739,1.0396503,101.66699,105.69812,0.76541175,1.0428079,98.867072,103.09936,0.90209237,0.98305747,23.695559,23.294096,0.88221117,0.9742344,29.727074,28.961138,0.81480905,1.1396023,39.788433,45.342989,0.75066145,1.0312017,51.593698,53.203508,0.72468584,0.9939368,47.62351,47.33476,0.74630708,1.058345,48.764446,51.609608
0b_baseline_last,file,19,baseline,1017,019.Gray_Catbird/Gray_Catbird_0080_20139.jpg,19,18,019.Gray_Catbird,76,75,identity,identity,0,{},1.1566515,1.1566515,0,0.31453764,0.31453764,0.080539532,0.080539532,0.23399811,0.23399811,0,1,1,83.253566,83.253566,False,1,True,True,True,1,1,83.253566,83.253566,1,1,81.441552,81.441552,1,1,17.275125,17.275125,1,1,17.992899,17.992899,1,1,32.512731,32.512731,1,1,40.089683,40.089683,1,1,39.091227,39.091227,1,1,46.006494,46.006494
0b_baseline_last,file,19,baseline,1017,019.Gray_Catbird/Gray_Catbird_0080_20139.jpg,19,18,019.Gray_Catbird,76,75,horizontal_flip,horizontal_flip,0,"{""flipped"":true}",1.1566515,1.8752697,0.71861815,0.31453764,0.15331364,0.080539532,0.071210213,0.23399811,0.082103424,-0.15189469,0.59683383,1.3325522,83.253566,110.93973,False,0.93344629,True,True,True,0.59683383,1.3325522,83.253566,110.93973,0.58291168,1.3362917,81.441552,108.82967,0.9299205,1.2465487,17.275125,21.534284,0.58520037,1.307405,17.992899,23.524006,0.51030353,1.4179842,32.512731,46.102539,0.55765195,1.3887167,40.089683,55.673211,0.55887267,1.3986998,39.091227,54.676889,0.67202329,1.2055201,46.006494,55.461753
0b_baseline_last,file,19,baseline,1017,019.Gray_Catbird/Gray_Catbird_0080_20139.jpg,19,18,019.Gray_Catbird,76,75,color_jitter,color_jitter,0,"{""brightness"":0.930601,""contrast"":0.952959,""hue"":0.083188,""saturation"":0.712696}",1.1566515,1.487247,0.33059549,0.31453764,0.22599398,0.080539532,0.10287619,0.23399811,0.12311778,-0.11088033,0.82637941,1.3139727,83.253566,109.39291,False,0.96741915,True,True,True,0.82637941,1.3139727,83.253566,109.39291,0.82096576,1.3196427,81.441552,107.47375,0.96573292,1.1809487,17.275125,20.401037,0.64844681,1.5388667,17.992899,27.688672,0.77253444,1.476629,32.512731,48.00924,0.84533957,1.3666514,40.089683,54.788621,0.84171285,1.284832,39.091227,50.225659,0.8587396,1.1814999,46.006494,54.356669
0b_baseline_last,file,19,baseline,1017,019.Gray_Catbird/Gray_Catbird_0080_20139.jpg,19,18,019.Gray_Catbird,76,75,rotation,rotation,0,"{""angle"":11.304498}",1.1566515,2.4687357,1.3120842,0.31453764,0.084691867,0.080539532,0.11590993,0.23399811,-0.031218059,-0.26521617,0.65864021,1.3567437,83.253566,112.95375,False,0.92489493,False,True,False,0.65864021,1.3567437,83.253566,112.95375,0.64761615,1.3599487,81.441552,110.75634,0.91931811,1.2834465,17.275125,22.171699,0.59740708,1.7044364,17.992899,30.667752,0.62099303,1.6336146,32.512731,53.113272,0.64293064,1.2758934,40.089683,51.150162,0.63808834,1.3192174,39.091227,51.569828,0.70178831,1.2352604,46.006494,56.830001
0b_baseline_last,file,19,baseline,1017,019.Gray_Catbird/Gray_Catbird_0080_20139.jpg,19,18,019.Gray_Catbird,76,75,random_resized_crop,random_resized_crop,0,"{""area_fraction"":0.827492,""aspect"":0.928084,""fallback"":false,""height"":0.944253,""left"":0.049249,""top"":0.011897,""width"":0.876346}",1.1566515,1.9148079,0.75815642,0.31453764,0.14737014,0.080539532,0.10529037,0.23399811,0.042079777,-0.19191834,0.75448719,1.3526065,83.253566,112.60932,False,0.96320081,True,True,True,0.75448719,1.3526065,83.253566,112.60932,0.747384,1.3623155,81.441552,110.94909,0.96195655,1.1152132,17.275125,19.265448,0.63231512,1.3811411,17.992899,24.850732,0.76561478,1.5546381,32.512731,50.545531,0.73335302,1.3776162,40.089683,55.228198,0.72220986,1.3696749,39.091227,53.542272,0.79555594,1.2334831,46.006494,56.748233
0b_baseline_last,file,19,baseline,1017,019.Gray_Catbird/Gray_Catbird_0080_20139.jpg,19,18,019.Gray_Catbird,76,75,gaussian_blur,gaussian_blur,0,"{""sigma"":1.919027}",1.1566515,4.7350984,3.5784469,0.31453764,0.008781583,0.080539532,0.022125624,0.23399811,-0.013344041,-0.24734215,0.35416665,1.5790704,83.253566,131.46324,False,0.80747032,False,True,False,0.35416665,1.5790704,83.253566,131.46324,0.3381219,1.590673,81.441552,129.54687,0.79957803,1.2946326,17.275125,22.364941,0.23124062,1.9097301,17.992899,34.361581,0.12492019,1.6784037,32.512731,54.569489,0.33245727,1.7493883,40.089683,70.132425,0.35558465,1.6447479,39.091227,64.295212,0.49985358,1.2989755,46.006494,59.761308
0b_baseline_last,file,19,baseline,1017,019.Gray_Catbird/Gray_Catbird_0080_20139.jpg,19,18,019.Gray_Catbird,76,75,random_erasing,random_erasing,0,"{""area_fraction"":0.19723,""erased"":true,""height"":0.28908,""left"":0.031042,""top"":0.08304,""width"":0.682269}",1.1566515,1.4931601,0.33650863,0.31453764,0.22466157,0.080539532,0.048519552,0.23399811,0.17614202,-0.05785609,0.81220842,1.1361997,83.253566,94.592674,False,0.94069433,True,True,True,0.81220842,1.1361997,83.253566,94.592674,0.80663524,1.1362429,81.441552,92.537385,0.93618453,1.1352382,17.275125,19.611383,0.57551746,0.84046523,17.992899,15.122406,0.80250878,1.2012672,32.512731,39.056478,0.81506312,1.1663839,40.089683,46.75996,0.79740885,1.1534053,39.091227,45.088029,0.84148434,1.1061174,46.006494,50.888582
0b_baseline_last,file,19,baseline,671,013.Bobolink/Bobolink_0101_9811.jpg,13,12,013.Bobolink,108,107,identity,identity,0,{},0.0073103081,0.0073103081,0,0.99271637,0.99271637,0.0025208995,0.0025208995,0.99019547,0.99019547,0,1,1,0.94876442,0.94876442,False,1,True,True,True,1,1,0.94876442,0.94876442,1,1,0.91750899,0.91750899,1,1,0.24151847,0.24151847,1,1,0.18176669,0.18176669,1,1,0.32417126,0.32417126,1,1,0.39482845,0.39482845,1,1,0.46563644,0.46563644,1,1,0.57531715,0.57531715
0b_baseline_last,file,19,baseline,671,013.Bobolink/Bobolink_0101_9811.jpg,13,12,013.Bobolink,108,107,horizontal_flip,horizontal_flip,0,"{""flipped"":true}",0.0073103081,0.10577139,0.098461085,0.99271637,0.89963031,0.0025208995,0.006331108,0.99019547,0.8932992,-0.096896272,0.57148962,14.942689,0.94876442,14.177091,False,0.95965701,True,True,True,0.57148962,14.942689,0.94876442,14.177091,0.55477075,15.160566,0.91750899,13.909955,0.91704385,11.341457,0.24151847,2.7391713,0.60158946,22.612194,0.18176669,4.1101436,0.52968782,18.32176,0.32417126,5.9393879,0.46367783,15.061083,0.39482845,5.9465439,0.4767107,14.421454,0.46563644,6.7151544,0.67547437,13.560253,0.57531715,7.8014464
0b_baseline_last,file,19,baseline,671,013.Bobolink/Bobolink_0101_9811.jpg,13,12,013.Bobolink,108,107,color_jitter,color_jitter,0,"{""brightness"":0.73685,""contrast"":0.984564,""hue"":-0.03688,""saturation"":1.325199}",0.0073103081,0.05058958,0.043279272,0.99271637,0.95066875,0.0025208995,0.016166238,0.99019547,0.93450251,-0.055692958,0.75604175,7.0860396,0.94876442,6.7229822,False,0.95543635,True,True,True,0.75604175,7.0860396,0.94876442,6.7229822,0.74405465,7.1290693,0.91750899,6.5409852,0.95151063,6.4330744,0.24151847,1.5537063,0.66882953,7.3396947,0.18176669,1.334112,0.62553034,7.8373142,0.32417126,2.540632,0.70829049,7.7823127,0.39482845,3.0726784,0.74724728,7.289128,0.46563644,3.3940836,0.82411278,6.4073888,0.57531715,3.6862807
0b_baseline_last,file,19,baseline,671,013.Bobolink/Bobolink_0101_9811.jpg,13,12,013.Bobolink,108,107,rotation,rotation,0,"{""angle"":14.933811}",0.0073103081,0.27186531,0.264555,0.99271637,0.76195687,0.0025208995,0.063473731,0.99019547,0.69848314,-0.29171233,0.59660154,31.126431,0.94876442,29.53165,False,0.94192314,True,True,True,0.59660154,31.126431,0.94876442,29.53165,0.57795949,31.443986,0.91750899,28.85014,0.93025543,26.117071,0.24151847,6.307755,0.42122628,31.783823,0.18176669,5.7772403,0.2294305,29.29782,0.32417126,9.4975111,0.53381054,34.52271,0.39482845,13.630548,0.59028853,33.323984,0.46563644,15.516861,0.72557385,29.19852,0.57531715,16.798409
0b_baseline_last,file,19,baseline,671,013.Bobolink/Bobolink_0101_9811.jpg,13,12,013.Bobolink,108,107,random_resized_crop,random_resized_crop,0,"{""area_fraction"":0.531928,""aspect"":0.926653,""fallback"":false,""height"":0.757649,""left"":0.225693,""top"":0.113861,""width"":0.702078}",0.0073103081,2.8770754,2.8697651,0.99271637,0.056299172,0.0025208995,0.051970169,0.99019547,0.0043290034,-0.98586647,0.44056344,140.95111,0.94876442,133.7294,False,0.83042336,False,True,False,0.44056344,140.95111,0.94876442,133.7294,0.42468974,142.81717,0.91750899,131.03604,0.75022626,110.56753,0.24151847,26.704101,0.47467256,231.38009,0.18176669,42.057192,0.18134286,171.00703,0.32417126,55.435565,0.49109271,160.7219,0.39482845,63.457577,0.4332081,136.26191,0.46563644,63.448511,0.50686827,113.66043,0.57531715,65.390794
0b_baseline_last,file,19,baseline,671,013.Bobolink/Bobolink_0101_9811.jpg,13,12,013.Bobolink,108,107,gaussian_blur,gaussian_blur,0,"{""sigma"":1.488436}",0.0073103081,0.2026189,0.19530859,0.99271637,0.81658942,0.0025208995,0.0095243175,0.99019547,0.8070651,-0.18313037,0.37186972,36.091666,0.94876442,34.242489,False,0.85956609,True,True,True,0.37186972,36.091666,0.94876442,34.242489,0.35506827,36.82944,0.91750899,33.791342,0.80179273,22.938816,0.24151847,5.5401478,0.19848707,52.121345,0.18176669,9.4739242,0.024230231,48.472115,0.32417126,15.713266,0.27042907,42.663665,0.39482845,16.844829,0.42716439,36.803959,0.46563644,17.137264,0.61457256,26.231927,0.57531715,15.091678
0b_baseline_last,file,19,baseline,671,013.Bobolink/Bobolink_0101_9811.jpg,13,12,013.Bobolink,108,107,random_erasing,random_erasing,0,"{""area_fraction"":0.143513,""erased"":true,""height"":0.648322,""left"":0.474126,""top"":0.255888,""width"":0.22136}",0.0073103081,0.0039916136,-0.0033186944,0.99271637,0.99601632,0.0025208995,0.0015330379,0.99019547,0.99448329,0.0042878132,0.87767179,0.55725844,0.94876442,0.52870698,False,0.98084956,True,True,True,0.87767179,0.55725844,0.94876442,0.52870698,0.87028422,0.55420704,0.91750899,0.50848994,0.97874912,0.59956875,0.24151847,0.14480693,0.85789242,0.60827895,0.18176669,0.11056485,0.84179853,0.56052199,0.32417126,0.18170512,0.86442996,0.57083674,0.39482845,0.22538258,0.85340799,0.52995856,0.46563644,0.24676802,0.89536578,0.55411683,0.57531715,0.31879292
0b_baseline_last,file,19,baseline,151,003.Sooty_Albatross/Sooty_Albatross_0075_796352.jpg,3,2,003.Sooty_Albatross,9,8,identity,identity,0,{},2.2543988,2.2543988,0,0.10493663,0.10493663,0.66496128,0.66496128,-0.56002465,-0.56002465,0,1,1,163.60951,163.60951,False,1,True,False,False,1,1,163.60951,163.60951,1,1,160.95291,160.95291,1,1,29.363776,29.363776,1,1,54.377438,54.377438,1,1,77.222423,77.222423,1,1,83.567213,83.567213,1,1,74.545435,74.545435,1,1,66.671815,66.671815
0b_baseline_last,file,19,baseline,151,003.Sooty_Albatross/Sooty_Albatross_0075_796352.jpg,3,2,003.Sooty_Albatross,9,8,horizontal_flip,horizontal_flip,0,"{""flipped"":true}",2.2543988,1.3112997,-0.94309914,0.10493663,0.26946959,0.66496128,0.24615671,-0.56002465,0.023312882,0.58333753,0.55016542,0.78385689,163.60951,128.24644,False,0.95682335,False,False,True,0.55016542,0.78385689,163.60951,128.24644,0.53946569,0.7852581,160.95291,126.38958,0.89197889,0.74052159,29.363776,21.74451,0.056931341,1.004076,54.377438,54.599082,0.59668876,0.83243311,77.222423,64.282502,0.65417458,0.71886645,83.567213,60.073666,0.59164677,0.70202744,74.545435,52.332941,0.6734412,0.75195583,66.671815,50.13426
0b_baseline_last,file,19,baseline,151,003.Sooty_Albatross/Sooty_Albatross_0075_796352.jpg,3,2,003.Sooty_Albatross,9,8,color_jitter,color_jitter,0,"{""brightness"":1.095277,""contrast"":0.634766,""hue"":0.049161,""saturation"":1.183565}",2.2543988,3.3746634,1.1202645,0.10493663,0.03422964,0.66496128,0.054314613,-0.56002465,-0.020084973,0.53993968,0.39347787,0.89353299,163.60951,146.19049,False,0.90441918,False,False,False,0.39347787,0.89353299,163.60951,146.19049,0.38256134,0.89437413,160.95291,143.95212,0.73165075,0.86788085,29.363776,25.484259,0.017226633,0.68828293,54.377438,37.427062,0.37977429,0.90577663,77.222423,69.946266,0.45036297,0.93651163,83.567213,78.261667,0.36336529,0.87080034,74.545435,64.91419,0.48630926,0.95924689,66.671815,63.954731
0b_baseline_last,file,19,baseline,151,003.Sooty_Albatross/Sooty_Albatross_0075_796352.jpg,3,2,003.Sooty_Albatross,9,8,rotation,rotation,0,"{""angle"":-1.787428}",2.2543988,1.805879,-0.44851983,0.10493663,0.16432995,0.66496128,0.60393453,-0.56002465,-0.43960458,0.12042007,0.85038868,1.0168709,163.60951,166.36975,False,0.96079469,True,False,False,0.85038868,1.0168709,163.60951,166.36975,0.84694988,1.018506,160.95291,163.93151,0.96040698,0.966453,29.363776,28.37871,0.59175148,0.96870351,54.377438,52.675615,0.8405585,0.99347325,77.222423,76.718411,0.8894604,1.0145986,83.567213,84.787181,0.89242777,1.0408298,74.545435,77.58911,0.89226867,1.0610205,66.671815,70.740161
0b_baseline_last,file,19,baseline,151,003.Sooty_Albatross/Sooty_Albatross_0075_796352.jpg,3,2,003.Sooty_Albatross,9,8,random_resized_crop,random_resized_crop,0,"{""area_fraction"":0.527373,""aspect"":1.089454,""fallback"":false,""height"":0.695752,""left"":0.030697,""top"":0.279284,""width"":0.75799}",2.2543988,1.8457861,-0.40861273,0.10493663,0.15790115,0.66496128,0.17336372,-0.56002465,-0.015462562,0.54456209,0.61289558,0.79707059,163.60951,130.40833,False,0.91319001,True,False,False,0.61289558,0.79707059,163.60951,130.40833,0.60640851,0.79825906,160.95291,128.48212,0.81817561,0.76049742,29.363776,22.331076,0.38598939,0.87501401,54.377438,47.58102,0.662283,0.80703737,77.222423,62.321381,0.6839347,0.83082897,83.567213,69.430061,0.59837313,0.72576866,74.545435,54.10274,0.57893468,0.7665725,66.671815,51.108779
0b_baseline_last,file,19,baseline,151,003.Sooty_Albatross/Sooty_Albatross_0075_796352.jpg,3,2,003.Sooty_Albatross,9,8,gaussian_blur,gaussian_blur,0,"{""sigma"":1.704735}",2.2543988,4.7728415,2.5184426,0.10493663,0.0084563158,0.66496128,0.0046132575,-0.56002465,0.0038430584,0.56386771,0.45824046,0.85311426,163.60951,139.5776,False,0.79202282,False,False,False,0.45824046,0.85311426,163.60951,139.5776,0.45446733,0.85235512,160.95291,137.18904,0.56875364,0.87561568,29.363776,25.711383,0.49680815,0.76587566,54.377438,41.646356,0.57998029,0.79315323,77.222423,61.249214,0.48384327,0.81568912,83.567213,68.164866,0.36693643,0.903631,74.545435,67.361566,0.36505391,0.96633964,66.671815,64.427617
0b_baseline_last,file,19,baseline,151,003.Sooty_Albatross/Sooty_Albatross_0075_796352.jpg,3,2,003.Sooty_Albatross,9,8,random_erasing,random_erasing,0,"{""area_fraction"":0.114767,""erased"":true,""height"":0.361091,""left"":0.056065,""top"":0.578417,""width"":0.317834}",2.2543988,2.4468355,0.1924367,0.10493663,0.086567104,0.66496128,0.69267058,-0.56002465,-0.60610348,-0.046078831,0.91937597,1.0328445,163.60951,168.98318,False,0.96843088,True,False,False,0.91937597,1.0328445,163.60951,168.98318,0.9177458,1.0327668,160.95291,166.22682,0.96824323,1.0351759,29.363776,30.396673,0.90369237,1.1776448,54.377438,64.037305,0.93541157,0.99477662,77.222423,76.819061,0.94415228,0.98969178,83.567213,82.705783,0.90597085,1.0205289,74.545435,76.075769,0.88964153,1.0607525,66.671815,70.722297
0b_baseline_last,file,19,baseline,4617,080.Green_Kingfisher/Green_Kingfisher_0010_71191.jpg,80,79,080.Green_Kingfisher,79,78,identity,identity,0,{},1.5697312,1.5697312,0,0.20810112,0.20810112,0.2468344,0.2468344,-0.038733274,-0.038733274,0,1,1,110.76224,110.76224,False,0.99999994,True,False,False,1,1,110.76224,110.76224,1,1,108.59641,108.59641,1,1,21.796655,21.796655,1,1,27.508066,27.508066,1,1,45.953159,45.953159,1,1,56.576128,56.576128,1,1,54.339257,54.339257,1,1,52.641996,52.641996
0b_baseline_last,file,19,baseline,4617,080.Green_Kingfisher/Green_Kingfisher_0010_71191.jpg,80,79,080.Green_Kingfisher,79,78,horizontal_flip,horizontal_flip,0,"{""flipped"":true}",1.5697312,1.5330075,-0.036723733,0.20810112,0.21588542,0.2468344,0.28686333,-0.038733274,-0.070977911,-0.032244638,0.60566224,1.0018913,110.76224,110.97172,False,0.95509261,True,False,False,0.60566224,1.0018913,110.76224,110.97172,0.59186988,1.0016195,108.59641,108.77227,0.94566735,1.0086147,21.796655,21.984428,0.71021295,1.1617926,27.508066,31.958666,0.38660239,0.95840812,45.953159,44.041881,0.55497869,0.91880989,56.576128,51.982707,0.59348434,0.99057199,54.339257,53.826946,0.73620704,1.0864159,52.641996,57.191102
0b_baseline_last,file,19,baseline,4617,080.Green_Kingfisher/Green_Kingfisher_0010_71191.jpg,80,79,080.Green_Kingfisher,79,78,color_jitter,color_jitter,0,"{""brightness"":1.062039,""contrast"":1.216196,""hue"":0.069247,""saturation"":1.068095}",1.5697312,1.8878263,0.31809509,0.20810112,0.15140055,0.2468344,0.62744075,-0.038733274,-0.4760402,-0.43730693,0.77762294,1.3191886,110.76224,146.11628,False,0.94680405,True,False,False,0.77762294,1.3191886,110.76224,146.11628,0.77355698,1.3178998,108.59641,143.11918,0.87632128,1.3507853,21.796655,29.442603,0.77433412,1.6216781,27.508066,44.609228,0.721812,1.287886,45.953159,59.182429,0.80373294,1.2908098,56.576128,73.029023,0.78625589,1.3171975,54.339257,71.575535,0.77035988,1.2791484,52.641996,67.336926
0b_baseline_last,file,19,baseline,4617,080.Green_Kingfisher/Green_Kingfisher_0010_71191.jpg,80,79,080.Green_Kingfisher,79,78,rotation,rotation,0,"{""angle"":8.839951}",1.5697312,2.1718915,0.60216022,0.20810112,0.11396186,0.2468344,0.3581776,-0.038733274,-0.24421574,-0.20548247,0.79331729,1.0946291,110.76224,121.24357,False,0.9655928,True,False,False,0.79331729,1.0946291,110.76224,121.24357,0.78666729,1.0916523,108.59641,118.54952,0.94950739,1.1660867,21.796655,25.416789,0.84346704,1.0408625,27.508066,28.632115,0.78073051,1.0455281,45.953159,48.045317,0.77987318,1.1132309,56.576128,62.982294,0.77877785,1.1073705,54.339257,60.173689,0.79374733,1.0975482,52.641996,57.777126
0b_baseline_last,file,19,baseline,4617,080.Green_Kingfisher/Green_Kingfisher_0010_71191.jpg,80,79,080.Green_Kingfisher,79,78,random_resized_crop,random_resized_crop,0,"{""area_fraction"":0.86142,""aspect"":1.002778,""fallback"":false,""height"":0.926841,""left"":0.05171,""top"":0.06206,""width"":0.929415}",1.5697312,2.1839709,0.61423969,0.20810112,0.11259355,0.2468344,0.64422178,-0.038733274,-0.53162824,-0.49289496,0.72799862,1.169274,110.76224,129.51141,False,0.9700442,True,False,False,0.72799862,1.169274,110.76224,129.51141,0.72007769,1.1600383,108.59641,125.97599,0.90381107,1.3788451,21.796655,30.054211,0.81276696,1.1421236,27.508066,31.417612,0.67412618,1.0845671,45.953159,49.839286,0.74011063,1.1917425,56.576128,67.424179,0.67628799,1.1119923,54.339257,60.424837,0.75049588,1.2313533,52.641996,64.820897
0b_baseline_last,file,19,baseline,4617,080.Green_Kingfisher/Green_Kingfisher_0010_71191.jpg,80,79,080.Green_Kingfisher,79,78,gaussian_blur,gaussian_blur,0,"{""sigma"":1.424873}",1.5697312,4.2954783,2.7257471,0.20810112,0.013630048,0.2468344,0.02049635,-0.038733274,-0.0068663014,0.031866972,0.43630701,1.047257,110.76224,115.99653,False,0.82211328,False,False,False,0.43630701,1.047257,110.76224,115.99653,0.42285505,1.0451854,108.59641,113.50338,0.75482487,1.0974276,21.796655,23.920252,0.14293268,0.84702602,27.508066,23.300048,0.45153223,1.0688216,45.953159,49.11573,0.34604383,1.0698959,56.576128,60.530565,0.43932354,1.0720324,54.339257,58.253443,0.54096241,1.0177371,52.641996,53.575713
0b_baseline_last,file,19,baseline,4617,080.Green_Kingfisher/Green_Kingfisher_0010_71191.jpg,80,79,080.Green_Kingfisher,79,78,random_erasing,random_erasing,0,"{""area_fraction"":0.150086,""erased"":true,""height"":0.627504,""left"":0.463518,""top"":0.160866,""width"":0.23918}",1.5697312,4.7981863,3.2284551,0.20810112,0.0082446868,0.2468344,0.0057372232,-0.038733274,0.0025074636,0.041240737,0.49410909,1.2113037,110.76224,134.16671,False,0.85884422,False,False,False,0.49410909,1.2113037,110.76224,134.16671,0.48184153,1.2058552,108.59641,130.95154,0.77086224,1.3394675,21.796655,29.195912,0.28697232,0.96213792,27.508066,26.466553,0.46064568,1.2010219,45.953159,55.190751,0.46560362,1.0651003,56.576128,60.259249,0.51850943,1.2973623,54.339257,70.497704,0.52128374,1.3161946,52.641996,69.287114
0b_baseline_last,file,19,baseline,7287,125.Lincoln_Sparrow/Lincoln_Sparrow_0070_117342.jpg,125,124,125.Lincoln_Sparrow,131,130,identity,identity,0,{},6.3343573,6.3343573,0,0.0017742856,0.0017742856,0.91990507,0.91990507,-0.91813078,-0.91813078,0,1,1,227.01111,227.01111,False,0.99999988,True,False,False,1,1,227.01111,227.01111,1,1,222.73592,222.73592,1,1,43.84923,43.84923,1,1,34.370549,34.370549,1,1,100.91691,100.91691,1,1,140.4136,140.4136,1,1,99.193069,99.193069,1,1,93.222778,93.222778
0b_baseline_last,file,19,baseline,7287,125.Lincoln_Sparrow/Lincoln_Sparrow_0070_117342.jpg,125,124,125.Lincoln_Sparrow,131,130,horizontal_flip,horizontal_flip,0,"{""flipped"":true}",6.3343573,5.1674976,-1.1668596,0.0017742856,0.0056988113,0.91990507,0.96531463,-0.91813078,-0.95961582,-0.041485035,0.76532015,1.2320278,227.01111,279.684,False,0.95363766,True,False,False,0.76532015,1.2320278,227.01111,279.684,0.76029308,1.2410093,222.73592,276.41735,0.95319837,0.9720006,43.84923,42.621477,0.7981842,1.3941142,34.370549,47.916471,0.78306226,1.4223179,100.91691,143.53593,0.8073073,1.2654219,140.4136,177.68244,0.69635131,1.1409015,99.193069,113.16952,0.69537046,1.0249531,93.222778,95.548976
0b_baseline_last,file,19,baseline,7287,125.Lincoln_Sparrow/Lincoln_Sparrow_0070_117342.jpg,125,124,125.Lincoln_Sparrow,131,130,color_jitter,color_jitter,0,"{""brightness"":0.873213,""contrast"":1.328928,""hue"":-0.034749,""saturation"":0.74505}",6.3343573,4.7630215,-1.5713358,0.0017742856,0.0085397689,0.91990507,0.86303651,-0.91813078,-0.85449674,0.063634036,0.92335088,1.0165945,227.01111,230.77824,False,0.98065579,True,False,False,0.92335088,1.0165945,227.01111,230.77824,0.92139302,1.0192111,222.73592,227.01491,0.98018031,0.94658296,43.84923,41.506933,0.79169085,1.0762705,34.370549,36.99201,0.89524219,1.0481019,100.91691,105.77121,0.94827638,1.0193636,140.4136,143.13252,0.91393282,1.0104556,99.193069,100.2302,0.92001646,0.9858802,93.222778,91.90649
0b_baseline_last,file,19,baseline,7287,125.Lincoln_Sparrow/Lincoln_Sparrow_0070_117342.jpg,125,124,125.Lincoln_Sparrow,131,130,rotation,rotation,0,"{""angle"":9.795789}",6.3343573,3.3891497,-2.9452076,0.0017742856,0.033737354,0.91990507,0.81421483,-0.91813078,-0.78047747,0.13765331,0.7966203,0.99247256,227.01111,225.3023,False,0.92719936,True,False,False,0.7966203,0.99247256,227.01111,225.3023,0.79283676,0.99811299,222.73592,222.31561,0.92598119,0.83384703,43.84923,36.56355,0.65273873,1.1418868,34.370549,39.247277,0.79356597,1.0840355,100.91691,109.39752,0.84264151,0.96222968,140.4136,135.11014,0.76778574,1.0103827,99.193069,100.22296,0.73735243,0.9361828,93.222778,87.273561
0b_baseline_last,file,19,baseline,7287,125.Lincoln_Sparrow/Lincoln_Sparrow_0070_117342.jpg,125,124,125.Lincoln_Sparrow,131,130,random_resized_crop,random_resized_crop,0,"{""area_fraction"":0.86646,""aspect"":0.883916,""fallback"":false,""height"":0.990077,""left"":0.066103,""top"":0.001986,""width"":0.875145}",6.3343573,5.4308186,-0.9035387,0.0017742856,0.0043795099,0.91990507,0.90562189,-0.91813078,-0.90124238,0.016888405,0.85024081,0.99499724,227.01111,225.87543,False,0.96793652,True,False,False,0.85024081,0.99499724,227.01111,225.87543,0.84611179,0.997669,222.73592,222.21672,0.96780642,0.92339062,43.84923,40.489967,0.7651556,1.0894895,34.370549,37.446351,0.81321089,1.0601719,100.91691,106.98927,0.86992788,1.0016213,140.4136,140.64126,0.83623956,0.94673008,99.193069,93.909062,0.86052934,0.95539284,93.222778,89.064374
0b_baseline_last,file,19,baseline,7287,125.Lincoln_Sparrow/Lincoln_Sparrow_0070_117342.jpg,125,124,125.Lincoln_Sparrow,131,130,gaussian_blur,gaussian_blur,0,"{""sigma"":1.414862}",6.3343573,4.5994363,-1.734921,0.0017742856,0.010057505,0.91990507,0.15206605,-0.91813078,-0.14200855,0.77612223,0.53708837,0.87575304,227.01111,198.80567,False,0.86239409,False,False,False,0.53708837,0.87575304,227.01111,198.80567,0.53376193,0.8822406,222.73592,196.50667,0.66351823,0.68750786,43.84923,30.14669,0.63539134,0.89135712,34.370549,30.636434,0.45645502,0.93507257,100.91691,94.364637,0.60343704,0.88340128,140.4136,124.04156,0.50787899,0.87776586,99.193069,87.068289,0.48574628,0.81725324,93.222778,76.186617
0b_baseline_last,file,19,baseline,7287,125.Lincoln_Sparrow/Lincoln_Sparrow_0070_117342.jpg,125,124,125.Lincoln_Sparrow,131,130,random_erasing,random_erasing,0,"{""area_fraction"":0.161938,""erased"":true,""height"":0.437037,""left"":0.33048,""top"":0.519677,""width"":0.370536}",6.3343573,5.7956324,-0.5387249,0.0017742856,0.0030408073,0.91990507,0.84980279,-0.91813078,-0.84676198,0.071368796,0.92901757,0.93190642,227.01111,211.55311,False,0.9778378,True,False,False,0.92901757,0.93190642,227.01111,211.55311,0.92725862,0.93319434,222.73592,207.8559,0.97683955,0.89803699,43.84923,39.37823,0.90619277,0.83373995,34.370549,28.6561,0.93499844,0.9049578,100.91691,91.325548,0.95613072,0.96135971,140.4136,134.98798,0.90423005,0.90995734,99.193069,90.261461,0.88180117,0.93967839,93.222778,87.599429
0b_baseline_last,file,19,baseline,9512,162.Canada_Warbler/Canada_Warbler_0016_162411.jpg,162,161,162.Canada_Warbler,169,168,identity,identity,0,{},0.07743714,0.07743714,0,0.92548519,0.92548519,0.054500487,0.054500487,0.87098471,0.87098471,0,1,1,11.633598,11.633598,False,0.99999994,True,True,True,1,1,11.633598,11.633598,1,1,11.338605,11.338605,1,1,2.6031983,2.6031983,1,1,1.3780291,1.3780291,1,1,4.0195825,4.0195825,1,1,5.6059778,5.6059778,1,1,5.9527729,5.9527729,1,1,6.6064707,6.6064707
0b_baseline_last,file,19,baseline,9512,162.Canada_Warbler/Canada_Warbler_0016_162411.jpg,162,161,162.Canada_Warbler,169,168,horizontal_flip,horizontal_flip,0,"{""flipped"":true}",0.07743714,0.81425703,0.73681989,0.92548519,0.44296834,0.054500487,0.50069338,0.87098471,-0.057725042,-0.92870975,0.6693848,8.7138815,11.633598,101.37379,False,0.9638539,False,True,False,0.6693848,8.7138815,11.633598,101.37379,0.65656831,8.7703773,11.338605,99.44384,0.9584095,7.5625258,2.6031983,19.686754,0.53485075,9.6677267,1.3780291,13.322409,0.47374203,8.8803581,4.0195825,35.695332,0.6381264,9.0522188,5.6059778,50.746538,0.66331162,8.8743421,5.9527729,52.826943,0.74397314,8.3889646,6.6064707,55.421449
0b_baseline_last,file,19,baseline,9512,162.Canada_Warbler/Canada_Warbler_0016_162411.jpg,162,161,162.Canada_Warbler,169,168,color_jitter,color_jitter,0,"{""brightness"":0.645379,""contrast"":0.724073,""hue"":0.027977,""saturation"":1.339268}",0.07743714,0.010515403,-0.066921737,0.92548519,0.98953968,0.054500487,0.0063960198,0.87098471,0.98314366,0.11215896,0.77604378,0.14715467,11.633598,1.7119382,False,0.97147262,True,True,True,0.77604378,0.14715467,11.633598,1.7119382,0.76614462,0.14714237,11.338605,1.6683891,0.96353523,0.14738783,2.6031983,0.38367975,0.52723562,0.21587725,1.3780291,0.29748514,0.68395913,0.1593211,4.0195825,0.64040432,0.76919915,0.15597021,5.6059778,0.87436556,0.75648,0.13540756,5.9527729,0.80605043,0.82998316,0.14124024,6.6064707,0.93309952
0b_baseline_last,file,19,baseline,9512,162.Canada_Warbler/Canada_Warbler_0016_162411.jpg,162,161,162.Canada_Warbler,169,168,rotation,rotation,0,"{""angle"":-0.364317}",0.07743714,0.12425034,0.046813205,0.92548519,0.88315874,0.054500487,0.095184937,0.87098471,0.78797381,-0.083010901,0.94802435,1.6708362,11.633598,19.437836,False,0.99681848,True,True,True,0.94802435,1.6708362,11.633598,19.437836,0.94565249,1.6738074,11.338605,18.978641,0.99531515,1.6134312,2.6031983,4.2000814,0.81421852,1.8016409,1.3780291,2.4827136,0.90921601,1.6291213,4.0195825,6.5483876,0.94234535,1.6718582,5.6059778,9.3723997,0.94811272,1.6969966,5.9527729,10.101835,0.96570079,1.6667851,6.6064707,11.011567
0b_baseline_last,file,19,baseline,9512,162.Canada_Warbler/Canada_Warbler_0016_162411.jpg,162,161,162.Canada_Warbler,169,168,random_resized_crop,random_resized_crop,0,"{""area_fraction"":0.797984,""aspect"":0.855545,""fallback"":false,""height"":0.965774,""left"":0.061251,""top"":0.021549,""width"":0.826263}",0.07743714,0.27379003,0.19635289,0.92548519,0.76049173,0.054500487,0.16196702,0.87098471,0.5985247,-0.27246,0.83115596,2.9472803,11.633598,34.287474,False,0.98074734,True,True,True,0.83115596,2.9472803,11.633598,34.287474,0.82378367,2.9548372,11.338605,33.503731,0.97989811,2.8000532,2.6031983,7.2890936,0.70936128,2.783082,1.3780291,3.835168,0.756186,2.7703556,4.0195825,11.135673,0.81446964,2.8488316,5.6059778,15.970487,0.80098185,3.0003219,5.9527729,17.860235,0.87691318,3.0639854,6.6064707,20.24213
0b_baseline_last,file,19,baseline,9512,162.Canada_Warbler/Canada_Warbler_0016_162411.jpg,162,161,162.Canada_Warbler,169,168,gaussian_blur,gaussian_blur,0,"{""sigma"":1.127503}",0.07743714,0.22087543,0.14343829,0.92548519,0.80181658,0.054500487,0.16387975,0.87098471,0.63793683,-0.23304788,0.80096157,2.7809272,11.633598,32.352188,False,0.96693623,True,True,True,0.80096157,2.7809272,11.633598,32.352188,0.79225543,2.7799065,11.338605,31.52026,0.96495325,2.8002207,2.6031983,7.2895298,0.48782824,4.1546324,1.3780291,5.7252045,0.67848114,2.7848575,4.0195825,11.193965,0.80525376,2.8245861,5.6059778,15.834567,0.78340501,2.7400323,5.9527729,16.31079,0.85833155,2.702092,6.6064707,17.851292
0b_baseline_last,file,19,baseline,9512,162.Canada_Warbler/Canada_Warbler_0016_162411.jpg,162,161,162.Canada_Warbler,169,168,random_erasing,random_erasing,0,"{""area_fraction"":0.153151,""erased"":true,""height"":0.367475,""left"":0.439885,""top"":0.352996,""width"":0.416766}",0.07743714,0.82164782,0.74421068,0.92548519,0.4397065,0.054500487,0.0046321126,0.87098471,0.43507439,-0.43591032,0.33232076,5.7022794,11.633598,66.338025,False,0.81329578,True,True,True,0.33232076,5.7022794,11.633598,66.338025,0.31443979,5.6231303,11.338605,63.758451,0.61125741,7.0371934,2.6031983,18.31921,0.18673042,6.0016679,1.3780291,8.2704732,0.45080585,6.5730394,4.0195825,26.420874,0.21313846,5.6967303,5.6059778,31.935743,0.28174924,5.1474955,5.9527729,30.641872,0.36292426,5.540645,6.6064707,36.604109
0b_baseline_last,file,19,baseline,10901,185.Bohemian_Waxwing/Bohemian_Waxwing_0114_177621.jpg,185,184,185.Bohemian_Waxwing,91,90,identity,identity,0,{},1.1584498,1.1584498,0,0.31397253,0.31397253,0.13149719,0.13149719,0.18247534,0.18247534,0,1,1,119.39259,119.39259,False,0.99999994,True,True,True,1,1,119.39259,119.39259,1,1,117.24374,117.24374,1,1,22.549874,22.549874,1,1,28.440169,28.440169,1,1,45.880831,45.880831,1,1,62.797177,62.797177,1,1,59.066678,59.066678,1,1,58.308164,58.308164
0b_baseline_last,file,19,baseline,10901,185.Bohemian_Waxwing/Bohemian_Waxwing_0114_177621.jpg,185,184,185.Bohemian_Waxwing,91,90,horizontal_flip,horizontal_flip,0,"{""flipped"":true}",1.1584498,0.80055016,-0.35789961,0.31397253,0.44908184,0.13149719,0.026283756,0.18247534,0.42279808,0.24032274,0.70380832,0.73068886,119.39259,87.238836,False,0.96187013,True,True,True,0.70380832,0.73068886,119.39259,87.238836,0.69473587,0.73061326,117.24374,85.659829,0.94835658,0.73272956,22.549874,16.522959,0.60119374,0.65968589,28.440169,18.761578,0.67491732,0.77451927,45.880831,35.535588,0.68265813,0.68823589,62.797177,43.219271,0.70239496,0.75523126,59.066678,44.609002,0.7357287,0.74063759,58.308164,43.185218
0b_baseline_last,file,19,baseline,10901,185.Bohemian_Waxwing/Bohemian_Waxwing_0114_177621.jpg,185,184,185.Bohemian_Waxwing,91,90,color_jitter,color_jitter,0,"{""brightness"":1.382393,""contrast"":0.963759,""hue"":-0.041418,""saturation"":1.168358}",1.1584498,1.7146465,0.55619669,0.31397253,0.18002737,0.13149719,0.14619188,0.18247534,0.033835486,-0.14863986,0.72572809,1.066928,119.39259,127.38329,False,0.93360454,False,True,False,0.72572809,1.066928,119.39259,127.38329,0.71816168,1.061968,117.24374,124.5091,0.91250572,1.193223,22.549874,26.907029,0.69135763,1.1011995,28.440169,31.3183,0.66740833,1.0409972,45.880831,47.761815,0.70950761,1.0164919,62.797177,63.832819,0.72837002,1.080826,59.066678,63.840803,0.754792,1.0968405,58.308164,63.954757
0b_baseline_last,file,19,baseline,10901,185.Bohemian_Waxwing/Bohemian_Waxwing_0114_177621.jpg,185,184,185.Bohemian_Waxwing,91,90,rotation,rotation,0,"{""angle"":8.008586}",1.1584498,1.4620337,0.30358398,0.31397253,0.23176444,0.13149719,0.21711965,0.18247534,0.014644787,-0.16783056,0.81006127,1.1083288,119.39259,132.32625,False,0.97003669,True,True,True,0.81006127,1.1083288,119.39259,132.32625,0.804801,1.1097743,117.24374,130.11409,0.9583137,1.0685125,22.549874,24.094823,0.79507004,1.1903519,28.440169,33.853808,0.79917446,1.2461852,45.880831,57.176015,0.8158966,1.0975953,62.797177,68.925888,0.79966254,1.0691445,59.066678,63.150813,0.80969571,1.0538266,58.308164,61.446694
0b_baseline_last,file,19,baseline,10901,185.Bohemian_Waxwing/Bohemian_Waxwing_0114_177621.jpg,185,184,185.Bohemian_Waxwing,91,90,random_resized_crop,random_resized_crop,0,"{""area_fraction"":0.770689,""aspect"":1.292915,""fallback"":false,""height"":0.772066,""left"":0.000863,""top"":0.082983,""width"":0.998216}",1.1584498,2.4060614,1.2476116,0.31397253,0.090169743,0.13149719,0.037783276,0.18247534,0.052386466,-0.13008888,0.70813909,1.2120987,119.39259,144.7156,False,0.94149029,False,True,False,0.70813909,1.2120987,119.39259,144.7156,0.70060529,1.2140747,117.24374,142.34266,0.9225524,1.1574038,22.549874,26.099309,0.75947487,1.1979034,28.440169,34.068574,0.59848089,1.2403947,45.880831,56.91034,0.66544241,1.1722769,62.797177,73.61568,0.73386991,1.2396346,59.066678,73.221098,0.7563022,1.2225354,58.308164,71.283795
0b_baseline_last,file,19,baseline,10901,185.Bohemian_Waxwing/Bohemian_Waxwing_0114_177621.jpg,185,184,185.Bohemian_Waxwing,91,90,gaussian_blur,gaussian_blur,0,"{""sigma"":1.652549}",1.1584498,1.5235701,0.36512029,0.31397253,0.21793248,0.13149719,0.0031531658,0.18247534,0.21477931,0.032303968,0.40631837,0.99332342,119.39259,118.59546,False,0.76810068,True,True,True,0.40631837,0.99332342,119.39259,118.59546,0.39651818,0.9986995,117.24374,117.09126,0.72952418,0.83497896,22.549874,18.82867,0.19277189,1.0394418,28.440169,29.561899,0.20675151,1.1048221,45.880831,50.690156,0.45970146,1.0388942,62.797177,65.239623,0.39731503,0.95831297,59.066678,56.604364,0.51434332,0.90859196,58.308164,52.978329
0b_baseline_last,file,19,baseline,10901,185.Bohemian_Waxwing/Bohemian_Waxwing_0114_177621.jpg,185,184,185.Bohemian_Waxwing,91,90,random_erasing,random_erasing,0,"{""area_fraction"":0.106903,""erased"":true,""height"":0.206392,""left"":0.088282,""top"":0.052968,""width"":0.517959}",1.1584498,1.476022,0.31757224,0.31397253,0.22854504,0.13149719,0.10259825,0.18247534,0.12594679,-0.056528553,0.88966989,1.2449237,119.39259,148.63467,False,0.97583771,False,True,False,0.88966989,1.2449237,119.39259,148.63467,0.8880324,1.2462709,117.24374,146.11745,0.93575982,1.2079377,22.549874,27.238843,0.85731636,1.0324662,28.440169,29.363512,0.87408392,1.1603655,45.880831,53.238532,0.90796354,1.2418243,62.797177,77.983058,0.89108314,1.3321267,59.066678,78.684298,0.88242257,1.258083,58.308164,73.356509
0b_baseline_last,file,19,baseline,3701,064.Ring_billed_Gull/Ring_Billed_Gull_0017_51412.jpg,64,63,064.Ring_billed_Gull,84,83,identity,identity,0,{},1.2402924,1.2402924,0,0.28929961,0.28929961,0.25847602,0.25847602,0.030823588,0.030823588,0,1,1,168.62594,168.62594,False,1,True,True,True,1,1,168.62594,168.62594,1,1,166.60165,166.60165,1,1,26.049905,26.049905,1,1,51.616982,51.616982,1,1,90.008749,90.008749,1,1,84.849153,84.849153,1,1,70.770565,70.770565,1,1,69.154676,69.154676
0b_baseline_last,file,19,baseline,3701,064.Ring_billed_Gull/Ring_Billed_Gull_0017_51412.jpg,64,63,064.Ring_billed_Gull,84,83,horizontal_flip,horizontal_flip,0,"{""flipped"":true}",1.2402924,0.5855183,-0.65477413,0.28929961,0.55681717,0.25847602,0.056509759,0.030823588,0.50030741,0.46948383,0.71766601,0.54475196,168.62594,91.85931,False,0.94645631,True,True,True,0.71766601,0.54475196,168.62594,91.85931,0.71332709,0.54309102,166.60165,90.479858,0.88054089,0.60881744,26.049905,15.859637,0.74102537,0.37786718,51.616982,19.504363,0.75259453,0.60597688,90.008749,54.543221,0.71817102,0.53261142,84.849153,45.191628,0.6771346,0.53823972,70.770565,38.091529,0.68500644,0.52893492,69.154676,36.578323
0b_baseline_last,file,19,baseline,3701,064.Ring_billed_Gull/Ring_Billed_Gull_0017_51412.jpg,64,63,064.Ring_billed_Gull,84,83,color_jitter,color_jitter,0,"{""brightness"":0.651345,""contrast"":0.634109,""hue"":0.061447,""saturation"":1.15033}",1.2402924,1.6940455,0.45375311,0.28929961,0.18377456,0.25847602,0.072475642,0.030823588,0.11129892,0.08047533,0.64041253,1.0341654,168.62594,174.3871,False,0.89641619,True,True,True,0.64041253,1.0341654,168.62594,174.3871,0.63513398,1.0326844,166.60165,172.04692,0.84540469,1.0930228,26.049905,28.473141,0.17912902,1.0407058,51.616982,53.718091,0.70144775,1.0430898,90.008749,93.887205,0.6757157,1.0460159,84.849153,88.753565,0.65007811,1.0027037,70.770565,70.961905,0.70181423,1.0211613,69.154676,70.618079
0b_baseline_last,file,19,baseline,3701,064.Ring_billed_Gull/Ring_Billed_Gull_0017_51412.jpg,64,63,064.Ring_billed_Gull,84,83,rotation,rotation,0,"{""angle"":1.721667}",1.2402924,1.2468454,0.0065529346,0.28929961,0.28741005,0.25847602,0.066530518,0.030823588,0.22087953,0.19005594,0.89062878,0.86465141,168.62594,145.80265,False,0.9781574,True,True,True,0.89062878,0.86465141,168.62594,145.80265,0.88938606,0.86316827,166.60165,143.80525,0.94011705,0.92327567,26.049905,24.051244,0.90953544,1.0862078,51.616982,56.066768,0.91341439,0.84774876,90.008749,76.304806,0.88711962,0.82724111,84.849153,70.190707,0.8670923,0.83254109,70.770565,58.919403,0.87981617,0.83267118,69.154676,57.583105
0b_baseline_last,file,19,baseline,3701,064.Ring_billed_Gull/Ring_Billed_Gull_0017_51412.jpg,64,63,064.Ring_billed_Gull,84,83,random_resized_crop,random_resized_crop,0,"{""area_fraction"":0.575818,""aspect"":1.201267,""fallback"":false,""height"":0.692345,""left"":0.013996,""top"":0.140015,""width"":0.831692}",1.2402924,1.5552815,0.31498909,0.28929961,0.21112993,0.25847602,0.087471277,0.030823588,0.12365866,0.092835069,0.71532301,1.1024541,168.62594,185.90236,False,0.89962804,True,True,True,0.71532301,1.1024541,168.62594,185.90236,0.71166455,1.0987711,166.60165,183.05708,0.85286998,1.2437853,26.049905,32.40049,0.82601057,1.0145604,51.616982,52.368547,0.75194483,1.082512,90.008749,97.435549,0.68639402,1.0765435,84.849153,91.343807,0.63465144,1.1706416,70.770565,82.846965,0.71213982,1.1262769,69.154676,77.887312
0b_baseline_last,file,19,baseline,3701,064.Ring_billed_Gull/Ring_Billed_Gull_0017_51412.jpg,64,63,064.Ring_billed_Gull,84,83,gaussian_blur,gaussian_blur,0,"{""sigma"":1.511648}",1.2402924,1.765286,0.52499354,0.28929961,0.17113784,0.25847602,0.055609059,0.030823588,0.11552878,0.084705193,0.66205429,0.82814867,168.62594,139.64734,False,0.91972435,True,True,True,0.66205429,0.82814867,168.62594,139.64734,0.65605662,0.82100962,166.60165,136.78155,0.87278671,1.0804577,26.049905,28.14582,0.80762873,0.6928011,51.616982,35.760302,0.5678749,0.62472628,90.008749,56.230831,0.66603605,0.90539712,84.849153,76.822178,0.65820827,0.91845541,70.770565,64.999608,0.72261841,0.93063168,69.154676,64.357533
0b_baseline_last,file,19,baseline,3701,064.Ring_billed_Gull/Ring_Billed_Gull_0017_51412.jpg,64,63,064.Ring_billed_Gull,84,83,random_erasing,random_erasing,0,"{""area_fraction"":0.103147,""erased"":true,""height"":0.212399,""left"":0.257321,""top"":0.710602,""width"":0.485628}",1.2402924,0.088464804,-1.1518276,0.28929961,0.91533536,0.25847602,0.0044823359,0.030823588,0.91085302,0.88002943,0.77613543,0.098291902,168.62594,16.574564,False,0.95969296,True,True,True,0.77613543,0.098291902,168.62594,16.574564,0.77290089,0.097713355,166.60165,16.279206,0.89965724,0.11958064,26.049905,3.1150642,0.86993662,0.098115868,51.616982,5.064445,0.75328342,0.082143258,90.008749,7.3936119,0.77132819,0.096100488,84.849153,8.154045,0.75068885,0.10803978,70.770565,7.6460365,0.80001062,0.11177394,69.154676,7.7296908
0b_baseline_last,file,19,baseline,4894,084.Red_legged_Kittiwake/Red_Legged_Kittiwake_0021_73808.jpg,84,83,084.Red_legged_Kittiwake,45,44,identity,identity,0,{},0.82297939,0.82297939,0,0.4391214,0.4391214,0.41743451,0.41743451,0.021686882,0.021686882,0,1,1,105.80773,105.80773,False,1,True,True,True,1,1,105.80773,105.80773,1,1,103.70027,103.70027,1,1,21.012602,21.012602,1,1,15.504303,15.504303,1,1,52.708815,52.708815,1,1,55.641006,55.641006,1,1,46.957748,46.957748,1,1,49.337534,49.337534
0b_baseline_last,file,19,baseline,4894,084.Red_legged_Kittiwake/Red_Legged_Kittiwake_0021_73808.jpg,84,83,084.Red_legged_Kittiwake,45,44,horizontal_flip,horizontal_flip,0,"{""flipped"":true}",0.82297939,0.82296807,-1.1324883e-05,0.4391214,0.43912637,0.41743451,0.48684263,0.021686882,-0.04771626,-0.069403142,0.7329423,0.9811385,105.80773,103.81204,False,0.97328085,False,True,False,0.7329423,0.9811385,105.80773,103.81204,0.72256215,0.97787795,103.70027,101.40621,0.96888197,1.0574516,21.012602,22.219809,0.65684236,1.2704772,15.504303,19.697863,0.70481688,0.90348436,52.708815,47.62159,0.72553793,0.98478906,55.641006,54.794654,0.69168225,0.9860582,46.957748,46.303073,0.77830167,1.0095626,49.337534,49.809327
0b_baseline_last,file,19,baseline,4894,084.Red_legged_Kittiwake/Red_Legged_Kittiwake_0021_73808.jpg,84,83,084.Red_legged_Kittiwake,45,44,color_jitter,color_jitter,0,"{""brightness"":1.336386,""contrast"":1.137445,""hue"":-0.02832,""saturation"":1.026694}",0.82297939,0.78974921,-0.033230186,0.4391214,0.45395863,0.41743451,0.27428585,0.021686882,0.17967278,0.1579859,0.85016214,0.90934512,105.80773,96.215744,False,0.97609001,True,True,True,0.85016214,0.90934512,105.80773,96.215744,0.84664617,0.91339832,103.70027,94.719654,0.95404646,0.80434465,21.012602,16.901374,0.51375394,1.0837819,15.504303,16.803284,0.80749066,0.90770632,52.708815,47.844125,0.863491,0.92021411,55.641006,51.201638,0.87590858,0.93725776,46.957748,44.011514,0.88587773,0.86984442,49.337534,42.915978
0b_baseline_last,file,19,baseline,4894,084.Red_legged_Kittiwake/Red_Legged_Kittiwake_0021_73808.jpg,84,83,084.Red_legged_Kittiwake,45,44,rotation,rotation,0,"{""angle"":11.523871}",0.82297939,0.47898149,-0.3439979,0.4391214,0.61941397,0.41743451,0.16456094,0.021686882,0.45485303,0.43316615,0.7796565,0.54595464,105.80773,57.766221,False,0.94196916,True,True,True,0.7796565,0.54595464,105.80773,57.766221,0.77468052,0.54728773,103.70027,56.753887,0.91072518,0.51241648,21.012602,10.767204,0.81757889,0.64382947,15.504303,9.9821271,0.81297507,0.52441096,52.708815,27.64108,0.80873004,0.54977103,55.641006,30.589813,0.70457339,0.56047867,46.957748,26.318816,0.75152625,0.54721869,49.337534,26.99842
0b_baseline_last,file,19,baseline,4894,084.Red_legged_Kittiwake/Red_Legged_Kittiwake_0021_73808.jpg,84,83,084.Red_legged_Kittiwake,45,44,random_resized_crop,random_resized_crop,0,"{""area_fraction"":0.505548,""aspect"":1.300844,""fallback"":false,""height"":0.623403,""left"":0.003506,""top"":0.307641,""width"":0.81095}",0.82297939,0.11578638,-0.70719301,0.4391214,0.89066547,0.41743451,0.093768433,0.021686882,0.79689704,0.77521016,0.75789405,0.22851065,105.80773,24.178193,False,0.9440164,True,True,True,0.75789405,0.22851065,105.80773,24.178193,0.75076445,0.22891607,103.70027,23.738658,0.94070383,0.21840419,21.012602,4.5892404,0.56883231,0.29395155,15.504303,4.5575139,0.76570488,0.24306063,52.708815,12.811438,0.7474784,0.22811621,55.641006,12.692615,0.7273761,0.2220834,46.957748,10.428536,0.79064268,0.21137981,49.337534,10.428958
0b_baseline_last,file,19,baseline,4894,084.Red_legged_Kittiwake/Red_Legged_Kittiwake_0021_73808.jpg,84,83,084.Red_legged_Kittiwake,45,44,gaussian_blur,gaussian_blur,0,"{""sigma"":1.652632}",0.82297939,0.67546821,-0.14751118,0.4391214,0.50891811,0.41743451,0.36394089,0.021686882,0.14497721,0.12329033,0.74998705,1.0618114,105.80773,112.34785,False,0.92671418,True,True,True,0.74998705,1.0618114,105.80773,112.34785,0.74410949,1.0665746,103.70027,110.60408,0.91864191,0.9383625,21.012602,19.717438,0.46211177,0.96813581,15.504303,15.010271,0.79209797,1.17536,52.708815,61.951834,0.75641322,1.0825951,55.641006,60.236682,0.69163431,1.0297883,46.957748,48.356538,0.7491692,0.95135106,49.337534,46.937315
0b_baseline_last,file,19,baseline,4894,084.Red_legged_Kittiwake/Red_Legged_Kittiwake_0021_73808.jpg,84,83,084.Red_legged_Kittiwake,45,44,random_erasing,random_erasing,0,"{""area_fraction"":0.132335,""erased"":true,""height"":0.300599,""left"":0.478366,""top"":0.271429,""width"":0.440238}",0.82297939,1.3053296,0.48235017,0.4391214,0.27108321,0.41743451,0.19356543,0.021686882,0.077517778,0.055830896,0.79574133,1.1364001,105.80773,120.23992,False,0.97059828,False,True,False,0.79574133,1.1364001,105.80773,120.23992,0.79388905,1.1378066,103.70027,117.99086,0.8427386,1.1015899,21.012602,23.14727,0.74398375,1.2122045,15.504303,18.794385,0.85243483,1.1387953,52.708815,60.024552,0.77986702,1.1146844,55.641006,62.022163,0.77166235,1.1603365,46.957748,54.486789,0.77077875,1.1375887,49.337534,56.125822
0b_baseline_last,file,19,baseline,7407,127.Savannah_Sparrow/Savannah_Sparrow_0008_118929.jpg,127,126,127.Savannah_Sparrow,129,128,identity,identity,0,{},4.2557039,4.2557039,0,0.014183103,0.014183103,0.37201023,0.37201023,-0.35782713,-0.35782713,0,1,1,219.16154,219.16154,False,1,True,False,False,1,1,219.16154,219.16154,1,1,216.74463,216.74463,1,1,32.458396,32.458396,1,1,43.233589,43.233589,1,1,114.83965,114.83965,1,1,116.90594,116.90594,1,1,105.01498,105.01498,1,1,85.004722,85.004722
0b_baseline_last,file,19,baseline,7407,127.Savannah_Sparrow/Savannah_Sparrow_0008_118929.jpg,127,126,127.Savannah_Sparrow,129,128,horizontal_flip,horizontal_flip,0,"{""flipped"":true}",4.2557039,3.6820502,-0.5736537,0.014183103,0.025171313,0.37201023,0.7469697,-0.35782713,-0.72179839,-0.36397126,0.67822175,1.1139982,219.16154,244.14557,False,0.96781605,True,False,False,0.67822175,1.1139982,219.16154,244.14557,0.67345264,1.1146603,216.74463,241.59663,0.89713714,1.0840665,32.458396,35.18706,0.4108915,0.75711706,43.233589,32.732888,0.71410829,1.1242035,114.83965,129.10313,0.63173886,1.1568851,116.90594,135.24674,0.67238603,1.1376569,105.01498,119.47101,0.74298336,1.0564661,85.004722,89.804606
0b_baseline_last,file,19,baseline,7407,127.Savannah_Sparrow/Savannah_Sparrow_0008_118929.jpg,127,126,127.Savannah_Sparrow,129,128,color_jitter,color_jitter,0,"{""brightness"":1.23541,""contrast"":1.195848,""hue"":0.013625,""saturation"":0.970896}",4.2557039,3.6874893,-0.56821465,0.014183103,0.02503478,0.37201023,0.38777694,-0.35782713,-0.36274216,-0.0049150335,0.76136685,0.97005326,219.16154,212.59837,False,0.95417446,True,False,False,0.76136685,0.97005326,219.16154,212.59837,0.75771172,0.96804005,216.74463,209.81748,0.9135932,1.0559291,32.458396,34.273764,0.71609125,0.94398091,43.233589,40.811683,0.67457654,0.82978946,114.83965,95.292727,0.76322275,1.0160638,116.90594,118.78389,0.80977971,1.0188965,105.01498,106.9994,0.81881496,1.0335371,85.004722,87.85553
0b_baseline_last,file,19,baseline,7407,127.Savannah_Sparrow/Savannah_Sparrow_0008_118929.jpg,127,126,127.Savannah_Sparrow,129,128,rotation,rotation,0,"{""angle"":-12.382232}",4.2557039,3.3351946,-0.92050934,0.014183103,0.035607655,0.37201023,0.3735005,-0.35782713,-0.33789284,0.019934286,0.76624604,0.88043493,219.16154,192.95748,False,0.93399346,True,False,False,0.76624604,0.88043493,219.16154,192.95748,0.76334872,0.88025387,216.74463,190.7903,0.89427654,0.88847091,32.458396,28.83834,0.66103932,0.98702774,43.233589,42.672752,0.80773905,0.85962127,114.83965,98.718601,0.75652741,0.8751729,116.90594,102.31291,0.74287236,0.8782225,105.01498,92.22652,0.76005387,0.90061871,85.004722,76.556843
0b_baseline_last,file,19,baseline,7407,127.Savannah_Sparrow/Savannah_Sparrow_0008_118929.jpg,127,126,127.Savannah_Sparrow,129,128,random_resized_crop,random_resized_crop,0,"{""area_fraction"":0.704649,""aspect"":1.220701,""fallback"":false,""height"":0.759769,""left"":0.013028,""top"":0.13706,""width"":0.927452}",4.2557039,2.7784386,-1.4772654,0.014183103,0.062135458,0.37201023,0.25001147,-0.35782713,-0.18787602,0.16995111,0.71153777,0.93331262,219.16154,204.54623,False,0.93706375,True,False,False,0.71153777,0.93331262,219.16154,204.54623,0.7071029,0.93299659,216.74463,202.222,0.90638628,0.94729715,32.458396,30.747746,0.69515059,1.2119406,43.233589,52.39654,0.74368828,0.89047697,114.83965,102.26206,0.65840352,0.91688691,116.90594,107.18953,0.70289681,0.92244282,105.01498,96.870315,0.75276012,0.97132606,85.004722,82.567302
0b_baseline_last,file,19,baseline,7407,127.Savannah_Sparrow/Savannah_Sparrow_0008_118929.jpg,127,126,127.Savannah_Sparrow,129,128,gaussian_blur,gaussian_blur,0,"{""sigma"":1.924856}",4.2557039,6.354527,2.0988231,0.014183103,0.0017388572,0.37201023,0.00033088372,-0.35782713,0.0014079735,0.3592351,0.27678983,0.72409048,219.16154,158.69279,False,0.62211728,False,False,False,0.27678983,0.72409048,219.16154,158.69279,0.26903743,0.71742404,216.74463,155.49781,0.54368384,0.97612093,32.458396,31.68332,0.3948637,0.88464418,43.233589,38.246343,0.34778835,0.61558558,114.83965,70.693629,0.078679175,0.69127451,116.90594,80.814097,0.34173797,0.74534679,105.01498,78.27258,0.33710172,0.83695934,85.004722,71.145496
0b_baseline_last,file,19,baseline,7407,127.Savannah_Sparrow/Savannah_Sparrow_0008_118929.jpg,127,126,127.Savannah_Sparrow,129,128,random_erasing,random_erasing,0,"{""area_fraction"":0.159387,""erased"":true,""height"":0.354332,""left"":0.085324,""top"":0.106609,""width"":0.449822}",4.2557039,3.3988841,-0.85681987,0.014183103,0.033410531,0.37201023,0.038700745,-0.35782713,-0.005290214,0.35253691,0.63364016,0.92497871,219.16154,202.71976,False,0.83487022,False,False,False,0.63364016,0.92497871,219.16154,202.71976,0.63151418,0.92032051,216.74463,199.47453,0.7232061,1.1130481,32.458396,36.127754,0.59196254,0.89146473,43.233589,38.54122,0.64428266,0.92181208,114.83965,105.86057,0.60023291,0.88313752,116.90594,103.24402,0.66535075,0.87487229,105.01498,91.874697,0.63409914,1.0520716,85.004722,89.431053
0b_baseline_last,file,19,baseline,4422,076.Dark_eyed_Junco/Dark_Eyed_Junco_0089_68498.jpg,76,75,076.Dark_eyed_Junco,39,38,identity,identity,0,{},0.011109521,0.011109521,0,0.98895198,0.98895198,0.0020969231,0.0020969231,0.98685506,0.98685506,0,1,1,1.9810738,1.9810738,False,1,True,True,True,1,1,1.9810738,1.9810738,1,1,1.9473361,1.9473361,1,1,0.36405414,0.36405414,1,1,0.42154651,0.42154651,1,1,0.82638161,0.82638161,1,1,1.1423065,1.1423065,1,1,0.94473531,0.94473531,1,1,0.85680861,0.85680861
0b_baseline_last,file,19,baseline,4422,076.Dark_eyed_Junco/Dark_Eyed_Junco_0089_68498.jpg,76,75,076.Dark_eyed_Junco,39,38,horizontal_flip,horizontal_flip,0,"{""flipped"":true}",0.011109521,0.012112869,0.0010033483,0.98895198,0.98796022,0.0020969231,0.0011610105,0.98685506,0.98679921,-5.5849086e-05,0.57808294,1.1113354,1.9810738,2.2016374,False,0.97459918,True,True,True,0.57808294,1.1113354,1.9810738,2.2016374,0.56488355,1.1123326,1.9473361,2.1660854,0.96639153,1.0824154,0.36405414,0.39405781,0.61218925,1.1073915,0.42154651,0.46681702,0.33817822,1.1145612,0.82638161,0.92105285,0.60357069,1.1079141,1.1423065,1.2655774,0.53699607,1.12412,0.94473531,1.0619959,0.73175175,1.1048569,0.85680861,0.94665086
0b_baseline_last,file,19,baseline,4422,076.Dark_eyed_Junco/Dark_Eyed_Junco_0089_68498.jpg,76,75,076.Dark_eyed_Junco,39,38,color_jitter,color_jitter,0,"{""brightness"":1.308334,""contrast"":0.773546,""hue"":-0.062052,""saturation"":0.768328}",0.011109521,0.31595442,0.3048449,0.98895198,0.72909272,0.0020969231,0.031968098,0.98685506,0.69712462,-0.28973044,0.7750975,25.159311,1.9810738,49.842453,False,0.9369328,True,True,True,0.7750975,25.159311,1.9810738,49.842453,0.77072382,25.268249,1.9473361,49.205775,0.92820683,21.813092,0.36405414,7.9411464,0.74324457,33.718791,0.42154651,14.214039,0.67303506,26.545764,0.82638161,21.936931,0.8207431,25.465964,1.1423065,29.089936,0.7620439,23.638441,0.94473531,22.33207,0.81516771,23.137132,0.85680861,19.824094
0b_baseline_last,file,19,baseline,4422,076.Dark_eyed_Junco/Dark_Eyed_Junco_0089_68498.jpg,76,75,076.Dark_eyed_Junco,39,38,rotation,rotation,0,"{""angle"":2.069541}",0.011109521,0.050641485,0.039531964,0.98895198,0.9506194,0.0020969231,0.009246327,0.98685506,0.94137307,-0.045481985,0.89143613,4.5853121,1.9810738,9.0838416,False,0.98670161,True,True,True,0.89143613,4.5853121,1.9810738,9.0838416,0.88852534,4.5953482,1.9473361,8.9486876,0.98275109,4.2882182,0.36405414,1.5611436,0.90267329,4.9730447,0.42154651,2.0963696,0.84588112,4.4796943,0.82638161,3.701937,0.89965858,4.6897616,1.1423065,5.3571452,0.88489221,4.6272739,0.94473531,4.371549,0.91093173,4.3934751,0.85680861,3.7643673
0b_baseline_last,file,19,baseline,4422,076.Dark_eyed_Junco/Dark_Eyed_Junco_0089_68498.jpg,76,75,076.Dark_eyed_Junco,39,38,random_resized_crop,random_resized_crop,0,"{""area_fraction"":0.515387,""aspect"":0.846105,""fallback"":false,""height"":0.780467,""left"":0.030255,""top"":0.109696,""width"":0.660357}",0.011109521,0.32098615,0.30987663,0.98895198,0.72543329,0.0020969231,0.0071646152,0.98685506,0.71826867,-0.26858638,0.68344467,28.807256,1.9810738,57.0693,False,0.90309054,True,True,True,0.68344467,28.807256,1.9810738,57.0693,0.67908963,29.00464,1.9473361,56.481784,0.86658889,22.435711,0.36405414,8.1678134,0.47234395,34.024739,0.42154651,14.34301,0.67431381,32.154141,0.82638161,26.571591,0.74729838,29.654116,1.1423065,33.874089,0.62928001,27.031637,0.94473531,25.537742,0.68972735,25.538116,0.85680861,21.881278
0b_baseline_last,file,19,baseline,4422,076.Dark_eyed_Junco/Dark_Eyed_Junco_0089_68498.jpg,76,75,076.Dark_eyed_Junco,39,38,gaussian_blur,gaussian_blur,0,"{""sigma"":1.292914}",0.011109521,1.2793759,1.2682664,0.98895198,0.27821088,0.0020969231,0.011137163,0.98685506,0.26707372,-0.71978134,0.60425178,68.741896,1.9810738,136.18277,False,0.87824792,True,True,True,0.60425178,68.741896,1.9810738,136.18277,0.59804024,69.194824,1.9473361,134.74558,0.84875351,54.202357,0.36405414,19.732592,0.12653963,68.581065,0.42154651,28.910109,0.53854031,72.096282,0.82638161,59.579042,0.65275735,69.617258,1.1423065,79.524246,0.58900842,71.358941,0.94473531,67.415311,0.69447995,62.872939,0.85680861,53.870076
0b_baseline_last,file,19,baseline,4422,076.Dark_eyed_Junco/Dark_Eyed_Junco_0089_68498.jpg,76,75,076.Dark_eyed_Junco,39,38,random_erasing,random_erasing,0,"{""area_fraction"":0.183919,""erased"":true,""height"":0.399791,""left"":0.202709,""top"":0.151197,""width"":0.460038}",0.011109521,3.5682497,3.5571402,0.98895198,0.028205181,0.0020969231,0.017496843,0.98685506,0.010708338,-0.97614672,0.37974755,70.033171,1.9810738,138.74088,False,0.74250066,False,True,False,0.37974755,70.033171,1.9810738,138.74088,0.36790655,69.781332,1.9473361,135.88771,0.68894226,76.890194,0.36405414,27.992193,0.34604835,59.200663,0.42154651,24.955833,0.17993192,72.295569,0.82638161,59.743729,0.45483767,61.032584,1.1423065,69.717918,0.36944628,69.820589,0.94473531,65.961975,0.41972052,83.036365,0.85680861,71.146272
0b_baseline_last,file,19,baseline,6208,107.Common_Raven/Common_Raven_0010_101390.jpg,107,106,107.Common_Raven,29,28,identity,identity,0,{},1.8736186,1.8736186,0,0.15356696,0.15356696,0.50217336,0.50217336,-0.34860641,-0.34860641,0,1,1,157.68261,157.68261,False,1,True,False,False,1,1,157.68261,157.68261,1,1,154.65715,154.65715,1,1,30.740358,30.740358,1,1,47.745643,47.745643,1,1,66.526127,66.526127,1,1,78.414297,78.414297,1,1,76.778541,76.778541,1,1,71.90074,71.90074
0b_baseline_last,file,19,baseline,6208,107.Common_Raven/Common_Raven_0010_101390.jpg,107,106,107.Common_Raven,29,28,horizontal_flip,horizontal_flip,0,"{""flipped"":true}",1.8736186,2.4385846,0.56496596,0.15356696,0.087284312,0.50217336,0.045562707,-0.34860641,0.041721605,0.39032801,0.49781744,1.406147,157.68261,221.72492,False,0.97286129,False,False,False,0.49781744,1.406147,157.68261,221.72492,0.48697484,1.4112974,154.65715,218.26723,0.80579995,1.2688384,30.740358,39.004548,-0.26685527,1.6973993,47.745643,81.04342,0.40849545,1.4103999,66.526127,93.828441,0.67122622,1.4778001,78.414297,115.88066,0.5871877,1.321334,76.778541,101.45009,0.63907512,1.2858999,71.90074,92.457154
0b_baseline_last,file,19,baseline,6208,107.Common_Raven/Common_Raven_0010_101390.jpg,107,106,107.Common_Raven,29,28,color_jitter,color_jitter,0,"{""brightness"":0.858448,""contrast"":0.727278,""hue"":-0.062678,""saturation"":0.698999}",1.8736186,3.4006491,1.5270305,0.15356696,0.033351615,0.50217336,0.87184626,-0.34860641,-0.83849464,-0.48988824,0.81686727,1.1911081,157.68261,187.81703,False,0.95730013,True,False,False,0.81686727,1.1911081,157.68261,187.81703,0.81337618,1.1895949,154.65715,183.97936,0.90282685,1.2287884,30.740358,37.773395,0.92195296,1.3718286,47.745643,65.498837,0.79541798,1.3059345,66.526127,86.878762,0.80629181,1.0848711,78.414297,85.069408,0.79056488,1.1190679,76.778541,85.920401,0.82008765,1.1957108,71.90074,85.972492
0b_baseline_last,file,19,baseline,6208,107.Common_Raven/Common_Raven_0010_101390.jpg,107,106,107.Common_Raven,29,28,rotation,rotation,0,"{""angle"":-12.22189}",1.8736186,5.6620846,3.788466,0.15356696,0.0034752649,0.50217336,0.32161248,-0.34860641,-0.31813721,0.030469195,0.73542265,1.0674739,157.68261,168.32207,False,0.94375837,False,False,False,0.73542265,1.0674739,157.68261,168.32207,0.72834076,1.0589307,154.65715,163.7712,0.89661167,1.2646435,30.740358,38.875595,0.70970805,0.71805024,47.745643,34.28377,0.71824868,1.034187,66.526127,68.800453,0.75426935,1.1293675,78.414297,88.558562,0.71677022,1.0823913,76.778541,83.104424,0.7418101,1.0918637,71.90074,78.505811
0b_baseline_last,file,19,baseline,6208,107.Common_Raven/Common_Raven_0010_101390.jpg,107,106,107.Common_Raven,29,28,random_resized_crop,random_resized_crop,0,"{""area_fraction"":0.643979,""aspect"":1.025863,""fallback"":false,""height"":0.792302,""left"":0.105886,""top"":0.123365,""width"":0.812794}",1.8736186,2.7158997,0.8422811,0.15356696,0.066145413,0.50217336,0.53984952,-0.34860641,-0.47370411,-0.1250977,0.81429612,1.1792865,157.68261,185.95297,False,0.95836985,True,False,False,0.81429612,1.1792865,157.68261,185.95297,0.80889557,1.1812639,154.65715,182.69091,0.95827083,1.1280804,30.740358,34.677595,0.91775619,1.2307525,47.745643,58.763071,0.81519811,1.2349109,66.526127,82.153839,0.81201394,1.1751376,78.414297,92.147588,0.77515363,1.1571978,76.778541,88.847956,0.7882173,1.1459164,71.90074,82.392238
0b_baseline_last,file,19,baseline,6208,107.Common_Raven/Common_Raven_0010_101390.jpg,107,106,107.Common_Raven,29,28,gaussian_blur,gaussian_blur,0,"{""sigma"":1.810286}",1.8736186,2.6927557,0.8191371,0.15356696,0.067694135,0.50217336,0.049670689,-0.34860641,0.018023446,0.36662985,0.58512248,1.1233006,157.68261,177.12497,False,0.83860499,False,False,False,0.58512248,1.1233006,157.68261,177.12497,0.58143084,1.1337562,154.65715,175.34351,0.74630965,0.81515152,30.740358,25.05805,0.63975699,1.2237194,47.745643,58.427271,0.57516266,1.3244302,66.526127,88.109214,0.56380631,1.1776579,78.414297,92.345218,0.57742893,1.0725488,76.778541,82.348735,0.61326638,0.90769845,71.90074,65.26419
0b_baseline_last,file,19,baseline,6208,107.Common_Raven/Common_Raven_0010_101390.jpg,107,106,107.Common_Raven,29,28,random_erasing,random_erasing,0,"{""area_fraction"":0.145836,""erased"":true,""height"":0.626816,""left"":0.544325,""top"":0.130116,""width"":0.232662}",1.8736186,1.2171824,-0.6564362,0.15356696,0.29606315,0.50217336,0.41696638,-0.34860641,-0.12090322,0.22770318,0.81918255,0.79194033,157.68261,124.87522,False,0.95046628,True,False,False,0.81918255,0.79194033,157.68261,124.87522,0.81485278,0.7949595,154.65715,122.94617,0.94657298,0.71126521,30.740358,21.864547,0.90648894,0.73956635,47.745643,35.311071,0.7529473,0.82401161,66.526127,54.818301,0.85831078,0.80762623,78.414297,63.329444,0.80287928,0.78741607,76.778541,60.456657,0.79453877,0.78653968,71.90074,56.552785
0b_baseline_last,file,19,baseline,7375,126.Nelson_Sharp_tailed_Sparrow/Nelson_Sharp_Tailed_Sparrow_0017_796910.jpg,126,125,126.Nelson_Sharp_tailed_Sparrow,124,123,identity,identity,0,{},0.31193173,0.31193173,0,0.73203146,0.73203146,0.1764798,0.1764798,0.55555166,0.55555166,0,1,1,52.270048,52.270048,False,1,True,True,True,1,1,52.270048,52.270048,1,1,51.420357,51.420357,1,1,9.3864179,9.3864179,1,1,10.004703,10.004703,1,1,24.110242,24.110242,1,1,31.550987,31.550987,1,1,21.689274,21.689274,1,1,22.288244,22.288244
0b_baseline_last,file,19,baseline,7375,126.Nelson_Sharp_tailed_Sparrow/Nelson_Sharp_Tailed_Sparrow_0017_796910.jpg,126,125,126.Nelson_Sharp_tailed_Sparrow,124,123,horizontal_flip,horizontal_flip,0,"{""flipped"":true}",0.31193173,0.30571491,-0.0062168241,0.73203146,0.73659658,0.1764798,0.092109993,0.55555166,0.64448659,0.088934928,0.69408643,0.83372133,52.270048,43.578654,False,0.96893418,True,True,True,0.69408643,0.83372133,52.270048,43.578654,0.68583356,0.8330966,51.420357,42.838124,0.9363629,0.85225644,9.3864179,7.9996351,0.55860252,0.72908392,10.004703,7.2942683,0.61539762,0.76966694,24.110242,18.556856,0.72829746,0.795466,31.550987,25.097738,0.64743777,0.91651335,21.689274,19.878509,0.7483783,0.91123607,22.288244,20.309852
0b_baseline_last,file,19,baseline,7375,126.Nelson_Sharp_tailed_Sparrow/Nelson_Sharp_Tailed_Sparrow_0017_796910.jpg,126,125,126.Nelson_Sharp_tailed_Sparrow,124,123,color_jitter,color_jitter,0,"{""brightness"":0.857761,""contrast"":1.074101,""hue"":-0.062262,""saturation"":0.726541}",0.31193173,1.4975654,1.1856337,0.73203146,0.22367407,0.1764798,0.25833449,0.55555166,-0.034660414,-0.59021208,0.80183637,3.0611531,52.270048,160.00662,False,0.95227611,False,True,False,0.80183637,3.0611531,52.270048,160.00662,0.79917845,3.0757397,51.420357,158.15563,0.9085193,2.58539,9.3864179,24.267551,0.7648999,3.6970271,10.004703,36.987659,0.78480869,2.8589439,24.110242,68.92983,0.8052786,3.0336554,31.550987,95.714822,0.7913539,3.3096033,21.689274,71.782892,0.82740029,3.036281,22.288244,67.673373
0b_baseline_last,file,19,baseline,7375,126.Nelson_Sharp_tailed_Sparrow/Nelson_Sharp_Tailed_Sparrow_0017_796910.jpg,126,125,126.Nelson_Sharp_tailed_Sparrow,124,123,rotation,rotation,0,"{""angle"":3.567374}",0.31193173,0.84184873,0.529917,0.73203146,0.43091315,0.1764798,0.37803179,0.55555166,0.05288136,-0.5026703,0.89347837,2.0348691,52.270048,106.36271,False,0.98472714,True,True,True,0.89347837,2.0348691,52.270048,106.36271,0.89043787,2.0348511,51.420357,104.63277,0.9846996,2.0354093,9.3864179,19.105202,0.86847382,2.1236153,10.004703,21.246141,0.89082118,2.2000156,24.110242,53.042909,0.91538714,1.9192476,31.550987,60.554157,0.84970262,2.0611664,21.689274,44.705203,0.89310993,2.0153626,22.288244,44.918894
0b_baseline_last,file,19,baseline,7375,126.Nelson_Sharp_tailed_Sparrow/Nelson_Sharp_Tailed_Sparrow_0017_796910.jpg,126,125,126.Nelson_Sharp_tailed_Sparrow,124,123,random_resized_crop,random_resized_crop,0,"{""area_fraction"":0.697393,""aspect"":0.813545,""fallback"":false,""height"":0.925866,""left"":0.013797,""top"":0.050183,""width"":0.753234}",0.31193173,0.92446798,0.61253625,0.73203146,0.39674243,0.1764798,0.20342341,0.55555166,0.19331902,-0.36223264,0.74911969,1.9525154,52.270048,102.05808,False,0.93665648,True,True,True,0.74911969,1.9525154,52.270048,102.05808,0.74411498,1.9540003,51.420357,100.47539,0.90319189,1.9074159,9.3864179,17.903803,0.72720764,1.7410159,10.004703,17.418347,0.76906499,1.7651368,24.110242,42.557874,0.74756892,1.7816398,31.550987,56.212493,0.70345125,2.2342421,21.689274,48.459089,0.7790297,2.2310102,22.288244,49.7253
0b_baseline_last,file,19,baseline,7375,126.Nelson_Sharp_tailed_Sparrow/Nelson_Sharp_Tailed_Sparrow_0017_796910.jpg,126,125,126.Nelson_Sharp_tailed_Sparrow,124,123,gaussian_blur,gaussian_blur,0,"{""sigma"":1.812519}",0.31193173,0.36098519,0.04905346,0.73203146,0.6969893,0.1764798,0.15442148,0.55555166,0.54256782,-0.012983844,0.62767631,1.0603826,52.270048,55.426252,False,0.90315866,True,True,True,0.62767631,1.0603826,52.270048,55.426252,0.61949737,1.0591464,51.420357,54.461684,0.86506565,1.0968352,9.3864179,10.295353,0.42017836,1.176932,10.004703,11.774855,0.6519314,1.1153541,24.110242,26.891456,0.58198029,0.94609945,31.550987,29.850372,0.62301002,1.1475025,21.689274,24.888496,0.69645419,1.0933082,22.288244,24.36792
0b_baseline_last,file,19,baseline,7375,126.Nelson_Sharp_tailed_Sparrow/Nelson_Sharp_Tailed_Sparrow_0017_796910.jpg,126,125,126.Nelson_Sharp_tailed_Sparrow,124,123,random_erasing,random_erasing,0,"{""area_fraction"":0.185203,""erased"":true,""height"":0.239459,""left"":0.103605,""top"":0.365566,""width"":0.773424}",0.31193173,1.1782078,0.86627603,0.73203146,0.30782995,0.1764798,0.51597595,0.55555166,-0.20814601,-0.76369767,0.58432913,2.3645034,52.270048,123.59271,False,0.89912146,False,True,False,0.58432913,2.3645034,52.270048,123.59271,0.57372782,2.3595647,51.420357,121.32966,0.88467785,2.508196,9.3864179,23.542976,0.6016202,1.9957824,10.004703,19.967211,0.63346952,2.0904228,24.110242,50.400599,0.49769769,2.2217318,31.550987,70.097832,0.53730219,2.7675113,21.689274,60.02531,0.69815659,2.5637822,22.288244,57.142205
0b_baseline_last,file,19,baseline,3555,062.Herring_Gull/Herring_Gull_0094_47172.jpg,62,61,062.Herring_Gull,64,63,identity,identity,0,{},3.3696108,3.3696108,0,0.034403026,0.034403026,0.91741604,0.91741604,-0.88301301,-0.88301301,0,1,1,191.90181,191.90181,False,0.99999988,True,False,False,1,1,191.90181,191.90181,1,1,187.87142,187.87142,1,1,39.123354,39.123354,1,1,37.015919,37.015919,1,1,81.458286,81.458286,1,1,100.82967,100.82967,1,1,92.986904,92.986904,1,1,92.069816,92.069816
0b_baseline_last,file,19,baseline,3555,062.Herring_Gull/Herring_Gull_0094_47172.jpg,62,61,062.Herring_Gull,64,63,horizontal_flip,horizontal_flip,0,"{""flipped"":true}",3.3696108,3.3160129,-0.053597927,0.034403026,0.036297265,0.91741604,0.83215356,-0.88301301,-0.79585629,0.087156717,0.64623653,0.8909247,191.90181,170.97007,False,0.95341825,True,False,False,0.64623653,0.8909247,191.90181,170.97007,0.63212883,0.88827567,187.87142,166.88161,0.95182027,0.94996311,39.123354,37.165743,0.32445126,1.0479346,37.015919,38.790261,0.43786644,0.8129092,81.458286,66.21819,0.66713577,0.83228971,100.82967,83.9195,0.65788716,0.90784067,92.986904,84.417294,0.76065967,0.95870333,92.069816,88.267639
0b_baseline_last,file,19,baseline,3555,062.Herring_Gull/Herring_Gull_0094_47172.jpg,62,61,062.Herring_Gull,64,63,color_jitter,color_jitter,0,"{""brightness"":1.27949,""contrast"":1.136089,""hue"":-0.021546,""saturation"":1.068807}",3.3696108,3.1621599,-0.20745087,0.034403026,0.042334203,0.91741604,0.8189739,-0.88301301,-0.7766397,0.10637331,0.74211538,0.92831034,191.90181,178.14444,False,0.93922865,True,False,False,0.74211538,0.92831034,191.90181,178.14444,0.73323544,0.92622611,187.87142,174.01141,0.93755113,0.97513663,39.123354,38.150615,0.46203318,1.1452778,37.015919,42.39351,0.63973569,0.95672484,81.458286,77.933166,0.73392936,0.89128964,100.82967,89.868444,0.78557609,0.91851137,92.986904,85.409529,0.81499458,0.91119044,92.069816,83.893136
0b_baseline_last,file,19,baseline,3555,062.Herring_Gull/Herring_Gull_0094_47172.jpg,62,61,062.Herring_Gull,64,63,rotation,rotation,0,"{""angle"":-12.56045}",3.3696108,1.2082598,-2.161351,0.034403026,0.29871666,0.91741604,0.45267177,-0.88301301,-0.1539551,0.72905791,0.72139544,0.62640364,191.90181,120.20799,False,0.93393731,True,False,False,0.72139544,0.62640364,191.90181,120.20799,0.71328942,0.62656364,187.87142,117.7134,0.90948811,0.62270265,39.123354,24.362216,0.67320927,0.6588078,37.015919,24.386376,0.71443424,0.62847653,81.458286,51.194621,0.71959563,0.62194367,100.82967,62.710377,0.6965351,0.62828499,92.986904,58.422276,0.72909956,0.62347265,92.069816,57.403012
0b_baseline_last,file,19,baseline,3555,062.Herring_Gull/Herring_Gull_0094_47172.jpg,62,61,062.Herring_Gull,64,63,random_resized_crop,random_resized_crop,0,"{""area_fraction"":0.596905,""aspect"":0.856318,""fallback"":false,""height"":0.834901,""left"":0.094267,""top"":0.112065,""width"":0.714941}",3.3696108,3.353548,-0.016062737,0.034403026,0.034960091,0.91741604,0.59419388,-0.88301301,-0.55923378,0.32377923,0.75703101,0.90342659,191.90181,173.3692,False,0.94470245,True,False,False,0.75703101,0.90342659,191.90181,173.3692,0.75042434,0.90568426,187.87142,170.15218,0.92089532,0.84970348,39.123354,33.24325,0.71597567,1.143474,37.015919,42.326741,0.75598224,0.92531949,81.458286,75.37494,0.76951864,0.93269477,100.82967,94.043309,0.73152581,0.85890915,92.986904,79.867303,0.75465924,0.85906824,92.069816,79.094255
0b_baseline_last,file,19,baseline,3555,062.Herring_Gull/Herring_Gull_0094_47172.jpg,62,61,062.Herring_Gull,64,63,gaussian_blur,gaussian_blur,0,"{""sigma"":1.21838}",3.3696108,3.6017575,0.23214674,0.034403026,0.027275745,0.91741604,0.30069822,-0.88301301,-0.27342248,0.60959053,0.5552897,0.77145364,191.90181,148.04335,False,0.91717422,True,False,False,0.5552897,0.77145364,191.90181,148.04335,0.54486672,0.77223626,187.87142,145.08112,0.80188507,0.75318112,39.123354,29.466971,0.62428208,0.99355796,37.015919,36.777461,0.54139548,0.82905932,81.458286,67.533751,0.47123342,0.76544903,100.82967,77.179976,0.54020625,0.70115181,92.986904,65.197937,0.6314139,0.76243259,92.069816,70.197028
0b_baseline_last,file,19,baseline,3555,062.Herring_Gull/Herring_Gull_0094_47172.jpg,62,61,062.Herring_Gull,64,63,random_erasing,random_erasing,0,"{""area_fraction"":0.19533,""erased"":true,""height"":0.595657,""left"":0.295209,""top"":0.294094,""width"":0.327923}",3.3696108,1.9854697,-1.3841411,0.034403026,0.13731611,0.91741604,0.10555778,-0.88301301,0.031758331,0.91477134,0.34304925,0.65609836,191.90181,125.90647,False,0.8600924,False,False,False,0.34304925,0.65609836,191.90181,125.90647,0.33069488,0.65765811,187.87142,123.55516,0.64630911,0.61904233,39.123354,24.219012,0.46490467,0.8947052,37.015919,33.118335,0.38263538,0.75188281,81.458286,61.247085,0.1822106,0.58522176,100.82967,59.007718,0.36150925,0.61062349,92.986904,56.779988,0.39300214,0.6617363,92.069816,60.925939
0b_baseline_last,file,19,baseline,9793,167.Hooded_Warbler/Hooded_Warbler_0021_165057.jpg,167,166,167.Hooded_Warbler,161,160,identity,identity,0,{},0.34568235,0.34568235,0,0.70773727,0.70773727,0.097162388,0.097162388,0.61057488,0.61057488,0,1,1,37.592213,37.592213,False,0.99999994,True,True,True,1,1,37.592213,37.592213,1,1,36.602071,36.602071,1,1,8.5710497,8.5710497,1,1,4.7318344,4.7318344,1,1,13.779945,13.779945,1,1,19.740065,19.740065,1,1,18.45504,18.45504,1,1,19.929269,19.929269
0b_baseline_last,file,19,baseline,9793,167.Hooded_Warbler/Hooded_Warbler_0021_165057.jpg,167,166,167.Hooded_Warbler,161,160,horizontal_flip,horizontal_flip,0,"{""flipped"":true}",0.34568235,0.76316655,0.41748419,0.70773727,0.46618786,0.097162388,0.11383321,0.61057488,0.35235465,-0.25822023,0.52317528,2.4935096,37.592213,93.736542,False,0.96200454,True,True,True,0.52317528,2.4935096,37.592213,93.736542,0.50533005,2.5096472,36.602071,91.858285,0.90311886,2.1783443,8.5710497,18.670697,0.19488687,3.4272234,4.7318344,16.217053,0.25692926,2.2886802,13.779945,31.537888,0.4758964,2.4440098,19.740065,48.244912,0.51810056,2.6967404,18.45504,49.768453,0.66225796,2.4457805,19.929269,48.742618
0b_baseline_last,file,19,baseline,9793,167.Hooded_Warbler/Hooded_Warbler_0021_165057.jpg,167,166,167.Hooded_Warbler,161,160,color_jitter,color_jitter,0,"{""brightness"":0.737298,""contrast"":0.864036,""hue"":-0.052532,""saturation"":1.073449}",0.34568235,4.763423,4.4177406,0.70773727,0.0085363369,0.097162388,0.013769801,0.61057488,-0.0052334638,-0.61580834,0.38579148,5.1144995,37.592213,192.26535,False,0.77422523,False,True,False,0.38579148,5.1144995,37.592213,192.26535,0.37717042,5.203497,36.602071,190.45876,0.70572271,3.0678819,8.5710497,26.294968,0.28574189,7.0602333,4.7318344,33.407854,0.24102463,8.5413858,13.779945,117.69983,0.48294397,5.3710597,19.740065,106.02506,0.43211709,4.0300686,18.45504,74.375078,0.43925799,3.3780423,19.929269,67.321915
0b_baseline_last,file,19,baseline,9793,167.Hooded_Warbler/Hooded_Warbler_0021_165057.jpg,167,166,167.Hooded_Warbler,161,160,rotation,rotation,0,"{""angle"":-2.495267}",0.34568235,0.89512604,0.54944369,0.70773727,0.4085561,0.097162388,0.4469837,0.61057488,-0.038427591,-0.64900247,0.70764315,2.8953266,37.592213,108.84173,False,0.96870196,False,True,False,0.70764315,2.8953266,37.592213,108.84173,0.69712746,2.9033468,36.602071,106.26851,0.91153764,2.7449582,8.5710497,23.527173,0.63194341,4.2770231,4.7318344,20.238165,0.64042964,3.5389414,13.779945,48.766419,0.67058341,3.0106111,19.740065,59.429658,0.70970607,2.7366984,18.45504,50.50588,0.78753599,2.4696893,19.929269,49.219104
0b_baseline_last,file,19,baseline,9793,167.Hooded_Warbler/Hooded_Warbler_0021_165057.jpg,167,166,167.Hooded_Warbler,161,160,random_resized_crop,random_resized_crop,0,"{""area_fraction"":0.511067,""aspect"":1.011277,""fallback"":false,""height"":0.710893,""left"":0.089991,""top"":0.019496,""width"":0.718909}",0.34568235,0.65714133,0.31145898,0.70773727,0.51833093,0.097162388,0.025486855,0.61057488,0.49284408,-0.1177308,0.44965115,1.9226043,37.592213,72.27495,False,0.92581314,True,True,True,0.44965115,1.9226043,37.592213,72.27495,0.42750711,1.9274931,36.602071,70.550238,0.87528876,1.8311616,8.5710497,15.694977,0.13668676,3.280708,4.7318344,15.523767,0.20408183,2.2870573,13.779945,31.515524,0.37636228,1.8739257,19.740065,36.991415,0.44474075,1.7807626,18.45504,32.864046,0.64246916,1.8054892,19.929269,35.982081
0b_baseline_last,file,19,baseline,9793,167.Hooded_Warbler/Hooded_Warbler_0021_165057.jpg,167,166,167.Hooded_Warbler,161,160,gaussian_blur,gaussian_blur,0,"{""sigma"":1.207135}",0.34568235,0.65828121,0.31259885,0.70773727,0.51774049,0.097162388,0.29156831,0.61057488,0.22617218,-0.3844027,0.63416823,2.0025875,37.592213,75.281697,False,0.94909108,True,True,True,0.63416823,2.0025875,37.592213,75.281697,0.61921463,2.0036327,36.602071,73.337106,0.9096792,1.9834306,8.5710497,17.000083,0.3723684,3.3495918,4.7318344,15.849714,0.57115227,2.3677298,13.779945,32.627186,0.57176459,1.9851211,19.740065,39.186418,0.63100948,1.9024679,18.45504,35.110122,0.73402606,1.8051951,19.929269,35.976219
0b_baseline_last,file,19,baseline,9793,167.Hooded_Warbler/Hooded_Warbler_0021_165057.jpg,167,166,167.Hooded_Warbler,161,160,random_erasing,random_erasing,0,"{""area_fraction"":0.07743,""erased"":true,""height"":0.308277,""left"":0.274719,""top"":0.056398,""width"":0.251171}",0.34568235,0.37671968,0.031037331,0.70773727,0.68610835,0.097162388,0.080405168,0.61057488,0.60570318,-0.0048716962,0.90777248,1.0332089,37.592213,38.840611,False,0.98745406,True,True,True,0.90777248,1.0332089,37.592213,38.840611,0.90362777,1.0333687,36.602071,37.823433,0.98358722,1.0302918,8.5710497,8.8306826,0.84038456,0.97698002,4.7318344,4.6229076,0.73851543,0.98549537,13.779945,13.580072,0.92728364,1.0073933,19.740065,19.886009,0.93346745,1.070975,18.45504,19.764887,0.93408017,1.0509971,19.929269,20.945605
0b_baseline_last,file,19,baseline,303,006.Least_Auklet/Least_Auklet_0010_795092.jpg,6,5,006.Least_Auklet,7,6,identity,identity,0,{},0.0053051407,0.0053051407,0,0.9947089,0.9947089,0.0052780947,0.0052780947,0.9894308,0.9894308,0,1,1,1.6482334,1.6482334,False,1,True,True,True,1,1,1.6482334,1.6482334,1,1,1.6199885,1.6199885,1,1,0.30382681,0.30382681,1,1,0.45285358,0.45285358,1,1,0.72639663,0.72639663,1,1,0.83322448,0.83322448,1,1,0.80765163,0.80765163,1,1,0.73828861,0.73828861
0b_baseline_last,file,19,baseline,303,006.Least_Auklet/Least_Auklet_0010_795092.jpg,6,5,006.Least_Auklet,7,6,horizontal_flip,horizontal_flip,0,"{""flipped"":true}",0.0053051407,0.03396662,0.028661479,0.9947089,0.96660376,0.0052780947,0.033167753,0.9894308,0.933436,-0.055994798,0.75012867,6.5993581,1.6482334,10.877283,False,0.9772799,True,True,True,0.75012867,6.5993581,1.6482334,10.877283,0.7441827,6.6391562,1.6199885,10.755357,0.97728401,5.3453589,0.30382681,1.6240634,0.72389959,7.5737632,0.45285358,3.4298057,0.74884797,6.9069762,0.72639663,5.0172043,0.71036231,6.9162667,0.83322448,5.7628027,0.73353713,6.4200626,0.80765163,5.185174,0.82494367,5.8487775,0.73828861,4.3180858
0b_baseline_last,file,19,baseline,303,006.Least_Auklet/Least_Auklet_0010_795092.jpg,6,5,006.Least_Auklet,7,6,color_jitter,color_jitter,0,"{""brightness"":0.704103,""contrast"":0.829153,""hue"":-0.013264,""saturation"":1.23284}",0.0053051407,0.007509456,0.0022043153,0.9947089,0.99251866,0.0052780947,0.0074146991,0.9894308,0.98510396,-0.0043268367,0.84418761,1.2385566,1.6482334,2.0414305,False,0.98124182,True,True,True,0.84418761,1.2385566,1.6482334,2.0414305,0.83918912,1.2367516,1.6199885,2.0035233,0.98124471,1.2888176,0.30382681,0.39157734,0.53507449,0.89367134,0.45285358,0.40470226,0.85709729,1.3809984,0.72639663,1.0031526,0.85013073,1.2584305,0.83322448,1.0485551,0.85615652,1.1635706,0.80765163,0.93975971,0.8881301,1.2571116,0.73828861,0.92811114
0b_baseline_last,file,19,baseline,303,006.Least_Auklet/Least_Auklet_0010_795092.jpg,6,5,006.Least_Auklet,7,6,rotation,rotation,0,"{""angle"":6.429863}",0.0053051407,0.049988873,0.044683733,0.9947089,0.95124,0.0052780947,0.048676621,0.9894308,0.90256338,-0.086867419,0.87883436,9.415637,1.6482334,15.519168,False,0.98796606,True,True,True,0.87883436,9.415637,1.6482334,15.519168,0.87536742,9.4388099,1.6199885,15.290763,0.98797268,8.7311493,0.30382681,2.6527573,0.88372487,9.4887534,0.45285358,4.2970159,0.86901098,9.7440221,0.72639663,7.0780248,0.86486629,9.6321508,0.83322448,8.0257438,0.87006804,9.231695,0.80765163,7.4559935,0.90075801,9.1103774,0.73828861,6.7260879
0b_baseline_last,file,19,baseline,303,006.Least_Auklet/Least_Auklet_0010_795092.jpg,6,5,006.Least_Auklet,7,6,random_resized_crop,random_resized_crop,0,"{""area_fraction"":0.677846,""aspect"":0.968416,""fallback"":false,""height"":0.836632,""left"":0.019744,""top"":0.121114,""width"":0.810208}",0.0053051407,0.076229997,0.070924856,0.9947089,0.92660308,0.0052780947,0.073369615,0.9894308,0.85323346,-0.13619734,0.83439901,16.680512,1.6482334,27.493377,False,0.97462553,True,True,True,0.83439901,16.680512,1.6482334,27.493377,0.83009171,16.733955,1.6199885,27.108815,0.97463702,15.082117,0.30382681,4.5823516,0.8839488,19.042828,0.45285358,8.6236129,0.81935926,16.631435,0.72639663,12.081018,0.81628964,16.660457,0.83322448,13.881901,0.83616652,16.92611,0.80765163,13.6704,0.83216936,15.736696,0.73828861,11.618224
0b_baseline_last,file,19,baseline,303,006.Least_Auklet/Least_Auklet_0010_795092.jpg,6,5,006.Least_Auklet,7,6,gaussian_blur,gaussian_blur,0,"{""sigma"":1.649068}",0.0053051407,0.062399462,0.057094321,0.9947089,0.93950754,0.0052780947,0.060311474,0.9894308,0.87919607,-0.11023473,0.71931362,14.596328,1.6482334,24.058156,False,0.95031404,True,True,True,0.71931362,14.596328,1.6482334,24.058156,0.71395511,14.705149,1.6199885,23.822171,0.95034371,11.063545,0.30382681,3.3614016,0.6675806,14.257847,0.45285358,6.456717,0.64226682,16.883696,0.72639663,12.26426,0.68933078,14.492309,0.83322448,12.075346,0.75643025,14.743298,0.80765163,11.907448,0.81944791,12.691251,0.73828861,9.3698063
0b_baseline_last,file,19,baseline,303,006.Least_Auklet/Least_Auklet_0010_795092.jpg,6,5,006.Least_Auklet,7,6,random_erasing,random_erasing,0,"{""area_fraction"":0.056395,""erased"":true,""height"":0.242631,""left"":0.680695,""top"":0.27176,""width"":0.232429}",0.0053051407,0.00077777647,-0.0045273643,0.9947089,0.99922252,0.0052780947,0.00077320368,0.9894308,0.99844931,0.0090185123,0.94869396,0.13825633,1.6482334,0.2278787,False,0.99098015,True,True,True,0.94869396,0.13825633,1.6482334,0.2278787,0.94718814,0.13787744,1.6199885,0.22335987,0.99098408,0.14862439,0.30382681,0.045156074,0.92658406,0.12436401,0.45285358,0.056318687,0.9476225,0.13231494,0.72639663,0.09611313,0.95133814,0.13822673,0.83322448,0.1151739,0.95249611,0.13895028,0.80765163,0.11222342,0.94627529,0.14601425,0.73828861,0.10780065
0b_baseline_last,file,19,baseline,9474,162.Canada_Warbler/Canada_Warbler_0121_162310.jpg,162,161,162.Canada_Warbler,170,169,identity,identity,0,{},0.095786057,0.095786057,0,0.90865839,0.90865839,0.07129319,0.07129319,0.8373652,0.8373652,0,1,1,17.122883,17.122883,False,0.99999988,True,True,True,1,1,17.122883,17.122883,1,1,16.688489,16.688489,1,1,3.8324215,3.8324215,1,1,4.5594432,4.5594432,1,1,6.9059567,6.9059567,1,1,8.2027023,8.2027023,1,1,8.0877642,8.0877642,1,1,8.7936705,8.7936705
0b_baseline_last,file,19,baseline,9474,162.Canada_Warbler/Canada_Warbler_0121_162310.jpg,162,161,162.Canada_Warbler,170,169,horizontal_flip,horizontal_flip,0,"{""flipped"":true}",0.095786057,0.044750996,-0.051035061,0.90865839,0.95623559,0.07129319,0.027774516,0.8373652,0.92846107,0.091095876,0.7156235,0.44638279,17.122883,7.6433602,False,0.97890794,True,True,True,0.7156235,0.44638279,17.122883,7.6433602,0.7021377,0.44657552,16.688489,7.4526706,0.97360029,0.44271232,3.8324215,1.6966602,0.73884043,0.48501745,4.5594432,2.2114095,0.64519428,0.43920507,6.9059567,3.0331312,0.69375017,0.42534388,8.2027023,3.4889692,0.68274022,0.45874926,8.0877642,3.7102558,0.751295,0.4478991,8.7936705,3.9386771
0b_baseline_last,file,19,baseline,9474,162.Canada_Warbler/Canada_Warbler_0121_162310.jpg,162,161,162.Canada_Warbler,170,169,color_jitter,color_jitter,0,"{""brightness"":1.131524,""contrast"":1.187424,""hue"":-0.085072,""saturation"":1.342747}",0.095786057,1.0850182,0.9892321,0.90865839,0.33789566,0.07129319,0.073693521,0.8373652,0.26420214,-0.57316305,0.3726747,7.3017539,17.122883,125.02708,False,0.8327769,True,True,True,0.3726747,7.3017539,17.122883,125.02708,0.36004719,7.3785702,16.688489,123.13719,0.69814145,5.6508618,3.8324215,21.656484,0.20472709,7.5817813,4.5594432,34.568701,0.31858059,8.7043021,6.9059567,60.111534,0.37574452,8.2998841,8.2027023,68.081478,0.35179569,6.8491223,8.0877642,55.394086,0.45924625,5.8548645,8.7936705,51.485749
0b_baseline_last,file,19,baseline,9474,162.Canada_Warbler/Canada_Warbler_0121_162310.jpg,162,161,162.Canada_Warbler,170,169,rotation,rotation,0,"{""angle"":-6.154647}",0.095786057,0.11679029,0.021004237,0.90865839,0.88977176,0.07129319,0.085732877,0.8373652,0.80403888,-0.033326313,0.84703192,1.1811315,17.122883,20.224377,False,0.98303413,True,True,True,0.84703192,1.1811315,17.122883,20.224377,0.8400919,1.1825927,16.688489,19.735685,0.98225601,1.1530741,3.8324215,4.419066,0.86707679,1.385439,4.5594432,6.3168303,0.82587302,1.1664067,6.9059567,8.0551545,0.83910994,1.1487796,8.2027023,9.4230971,0.81359987,1.1780589,8.0877642,9.5278624,0.86753842,1.1660103,8.7936705,10.253511
0b_baseline_last,file,19,baseline,9474,162.Canada_Warbler/Canada_Warbler_0121_162310.jpg,162,161,162.Canada_Warbler,170,169,random_resized_crop,random_resized_crop,0,"{""area_fraction"":0.712446,""aspect"":1.075646,""fallback"":false,""height"":0.813844,""left"":0.009353,""top"":0.177428,""width"":0.875408}",0.095786057,0.67336684,0.57758079,0.90865839,0.50998861,0.07129319,0.46925458,0.8373652,0.040734023,-0.79663117,0.65885213,7.5268115,17.122883,128.88071,False,0.9566322,True,True,True,0.65885213,7.5268115,17.122883,128.88071,0.64568001,7.5695773,16.688489,126.32481,0.94767487,6.66414,3.8324215,25.539793,0.65539398,10.781927,4.5594432,49.159584,0.58982489,9.1952476,6.9059567,63.501982,0.61897645,6.7969441,8.2027023,55.753309,0.69007619,6.9796586,8.0877642,56.449833,0.71714777,6.4467013,8.7936705,56.690167
0b_baseline_last,file,19,baseline,9474,162.Canada_Warbler/Canada_Warbler_0121_162310.jpg,162,161,162.Canada_Warbler,170,169,gaussian_blur,gaussian_blur,0,"{""sigma"":1.495779}",0.095786057,0.39589119,0.30010513,0.90865839,0.67307991,0.07129319,0.14344601,0.8373652,0.52963389,-0.3077313,0.6590538,4.4466175,17.122883,76.138909,False,0.94954967,True,True,True,0.6590538,4.4466175,17.122883,76.138909,0.65102364,4.4914155,16.688489,74.954937,0.87525842,3.4899638,3.8324215,13.375012,0.50479817,5.2610867,4.5594432,23.987626,0.57386538,4.9375617,6.9059567,34.098587,0.66927487,5.0582263,8.2027023,41.491124,0.68032615,4.1561653,8.0877642,33.614085,0.74908432,3.6473272,8.7936705,32.073393
0b_baseline_last,file,19,baseline,9474,162.Canada_Warbler/Canada_Warbler_0121_162310.jpg,162,161,162.Canada_Warbler,170,169,random_erasing,random_erasing,0,"{""area_fraction"":0.073077,""erased"":true,""height"":0.165461,""left"":0.327227,""top"":0.050134,""width"":0.441661}",0.095786057,0.053112943,-0.042673115,0.90865839,0.94827288,0.07129319,0.038485751,0.8373652,0.90978713,0.072421938,0.97022721,0.60878416,17.122883,10.42414,False,0.9953866,True,True,True,0.97022721,0.60878416,17.122883,10.42414,0.96898089,0.60944166,16.688489,10.17066,0.99460909,0.5961794,3.8324215,2.2848107,0.98579836,0.55365244,4.5594432,2.5243468,0.9617756,0.5970827,6.9059567,4.1234273,0.97637481,0.63087567,8.2027023,5.1748853,0.96881714,0.61538562,8.0877642,4.9770938,0.9644723,0.60726401,8.7936705,5.3400796
0b_baseline_last,file,19,baseline,4449,077.Tropical_Kingbird/Tropical_Kingbird_0060_69942.jpg,77,76,077.Tropical_Kingbird,38,37,identity,identity,0,{},0.012789135,0.012789135,0,0.98729229,0.98729229,0.0094625121,0.0094625121,0.97782978,0.97782978,0,1,1,2.1033733,2.1033733,False,1,True,True,True,1,1,2.1033733,2.1033733,1,1,2.0286942,2.0286942,1,1,0.55549921,0.55549921,1,1,0.39631141,0.39631141,1,1,0.89536846,0.89536846,1,1,0.97354489,0.97354489,1,1,1.0080479,1.0080479,1,1,1.0922007,1.0922007
0b_baseline_last,file,19,baseline,4449,077.Tropical_Kingbird/Tropical_Kingbird_0060_69942.jpg,77,76,077.Tropical_Kingbird,38,37,horizontal_flip,horizontal_flip,0,"{""flipped"":true}",0.012789135,0.0056176647,-0.0071714702,0.98729229,0.99439806,0.0094625121,0.0037621232,0.97782978,0.99063593,0.012806157,0.6794358,0.42774823,2.1033733,0.89971421,False,0.96517879,True,True,True,0.6794358,0.42774823,2.1033733,0.89971421,0.65912301,0.42864913,2.0286942,0.86959797,0.9592003,0.41554606,0.55549921,0.23083551,0.70611326,0.47689527,0.39631141,0.18899904,0.66024706,0.4001992,0.89536846,0.35832574,0.59695627,0.4293491,0.97354489,0.41799062,0.59480334,0.42347526,1.0080479,0.42688333,0.75374204,0.44397462,1.0922007,0.4849094
0b_baseline_last,file,19,baseline,4449,077.Tropical_Kingbird/Tropical_Kingbird_0060_69942.jpg,77,76,077.Tropical_Kingbird,38,37,color_jitter,color_jitter,0,"{""brightness"":0.861392,""contrast"":1.268198,""hue"":-0.026902,""saturation"":1.111928}",0.012789135,0.0086037666,-0.0041853683,0.98729229,0.99143314,0.0094625121,0.0026136669,0.97782978,0.98881948,0.010989699,0.72526622,0.51842236,2.1033733,1.0904358,False,0.98419303,True,True,True,0.72526622,0.51842236,2.1033733,1.0904358,0.71120444,0.51460472,2.0286942,1.0439756,0.89865319,0.56688633,0.55549921,0.31490491,0.6707519,0.47270338,0.39631141,0.18733774,0.68007441,0.45221025,0.89536846,0.4048948,0.66502495,0.51723138,0.97354489,0.50354797,0.69778713,0.53147233,1.0080479,0.53574955,0.78443781,0.54186843,1.0922007,0.59182909
0b_baseline_last,file,19,baseline,4449,077.Tropical_Kingbird/Tropical_Kingbird_0060_69942.jpg,77,76,077.Tropical_Kingbird,38,37,rotation,rotation,0,"{""angle"":7.936687}",0.012789135,0.017772121,0.0049829865,0.98729229,0.98238486,0.0094625121,0.012228169,0.97782978,0.97015669,-0.0076730866,0.81110418,1.3866034,2.1033733,2.9165445,False,0.98764658,True,True,True,0.81110418,1.3866034,2.1033733,2.9165445,0.79802667,1.3870993,2.0286942,2.8140003,0.98643308,1.3799716,0.55549921,0.76657313,0.77460897,1.5793874,0.39631141,0.62592925,0.80540817,1.5069527,0.89536846,1.3492779,0.7574033,1.4353334,0.97354489,1.3973615,0.76751712,1.3105021,1.0080479,1.3210488,0.86448399,1.2975683,1.0922007,1.4172051
0b_baseline_last,file,19,baseline,4449,077.Tropical_Kingbird/Tropical_Kingbird_0060_69942.jpg,77,76,077.Tropical_Kingbird,38,37,random_resized_crop,random_resized_crop,0,"{""area_fraction"":0.592835,""aspect"":1.017178,""fallback"":false,""height"":0.763429,""left"":0.178431,""top"":0.114238,""width"":0.776543}",0.012789135,0.048614468,0.035825334,0.98729229,0.95254833,0.0094625121,0.032131568,0.97782978,0.92041676,-0.05741302,0.70474443,4.5314045,2.1033733,9.5312354,False,0.97225773,True,True,True,0.70474443,4.5314045,2.1033733,9.5312354,0.69100712,4.5995395,2.0286942,9.3310588,0.97077499,3.4980051,0.55549921,1.9431391,0.65525962,4.6676519,0.39631141,1.8498437,0.6854051,5.3302251,0.89536846,4.7725154,0.65631106,4.983974,0.97354489,4.8521224,0.67669881,4.502668,1.0080479,4.5389049,0.77797956,3.7443953,1.0922007,4.0896312
0b_baseline_last,file,19,baseline,4449,077.Tropical_Kingbird/Tropical_Kingbird_0060_69942.jpg,77,76,077.Tropical_Kingbird,38,37,gaussian_blur,gaussian_blur,0,"{""sigma"":1.106676}",0.012789135,0.19309698,0.18030785,0.98729229,0.82440203,0.0094625121,0.11200279,0.97782978,0.71239924,-0.26543053,0.69989052,14.991207,2.1033733,31.532105,False,0.92422467,True,True,True,0.69989052,14.991207,2.1033733,31.532105,0.6887528,15.214053,2.0286942,30.86466,0.91863134,11.617305,0.55549921,6.4534039,0.6610975,17.760035,0.39631141,7.0385047,0.67594068,16.86312,0.89536846,15.098706,0.66294933,17.519487,0.97354489,17.056007,0.68607086,14.39745,1.0080479,14.513319,0.77131325,12.062501,1.0922007,13.174672
0b_baseline_last,file,19,baseline,4449,077.Tropical_Kingbird/Tropical_Kingbird_0060_69942.jpg,77,76,077.Tropical_Kingbird,38,37,random_erasing,random_erasing,0,"{""area_fraction"":0.092117,""erased"":true,""height"":0.355637,""left"":0.457851,""top"":0.378745,""width"":0.259021}",0.012789135,2.2259984,2.2132093,0.98729229,0.10795959,0.0094625121,0.017217727,0.97782978,0.090741863,-0.88708791,0.3458792,65.955378,2.1033733,138.72878,False,0.84661412,False,True,False,0.3458792,65.955378,2.1033733,138.72878,0.32997674,66.326938,2.0286942,134.55707,0.57855263,60.783026,0.55549921,33.764923,0.25859798,65.065946,0.39631141,25.786377,0.51553597,63.387953,0.89536846,56.755574,0.24269361,71.633051,0.97354489,69.737991,0.30459132,65.545034,1.0080479,66.072532,0.31715062,64.679974,1.0922007,70.643513
0b_baseline_last,file,19,baseline,4363,075.Green_Jay/Green_Jay_0095_65881.jpg,75,74,075.Green_Jay,170,169,identity,identity,0,{},0.2427699,0.2427699,0,0.78445202,0.78445202,0.059388205,0.059388205,0.72506382,0.72506382,0,1,1,36.419814,36.419814,False,1,True,True,True,1,1,36.419814,36.419814,1,1,35.686464,35.686464,1,1,7.2718017,7.2718017,1,1,11.852435,11.852435,1,1,17.45995,17.45995,1,1,17.976476,17.976476,1,1,15.368237,15.368237,1,1,16.396867,16.396867
0b_baseline_last,file,19,baseline,4363,075.Green_Jay/Green_Jay_0095_65881.jpg,75,74,075.Green_Jay,170,169,horizontal_flip,horizontal_flip,0,"{""flipped"":true}",0.2427699,0.08051987,-0.16225003,0.78445202,0.92263657,0.059388205,0.0129522,0.72506382,0.90968437,0.18462055,0.48332382,0.3915833,36.419814,14.261391,False,0.94725108,True,True,True,0.48332382,0.3915833,36.419814,14.261391,0.46528066,0.3912263,35.686464,13.961483,0.90836423,0.40008502,7.2718017,2.9093389,0.17287705,0.28639137,11.852435,3.3944352,0.40450548,0.41837487,17.45995,7.3048045,0.4751366,0.41423545,17.976476,7.4464936,0.49429069,0.38723089,15.368237,5.951056,0.6281309,0.38172043,16.396867,6.2590191
0b_baseline_last,file,19,baseline,4363,075.Green_Jay/Green_Jay_0095_65881.jpg,75,74,075.Green_Jay,170,169,color_jitter,color_jitter,0,"{""brightness"":1.052185,""contrast"":1.097573,""hue"":0.034793,""saturation"":0.891556}",0.2427699,0.20280948,-0.039960414,0.78445202,0.81643379,0.059388205,0.074780442,0.72506382,0.74165335,0.01658953,0.90432841,0.97959244,36.419814,35.676574,False,0.98600978,True,True,True,0.90432841,0.97959244,36.419814,35.676574,0.90231884,0.98446528,35.686464,35.132085,0.96898053,0.85387792,7.2718017,6.209231,0.936329,0.87962592,11.852435,10.425709,0.91505306,0.99237989,17.45995,17.326904,0.88556568,1.0575573,17.976476,19.011153,0.88877543,0.99752228,15.368237,15.330159,0.91383482,0.92272073,16.396867,15.129729
0b_baseline_last,file,19,baseline,4363,075.Green_Jay/Green_Jay_0095_65881.jpg,75,74,075.Green_Jay,170,169,rotation,rotation,0,"{""angle"":-13.062367}",0.2427699,0.15499899,-0.087770909,0.78445202,0.85641605,0.059388205,0.044214919,0.72506382,0.81220113,0.087137312,0.69250296,0.68190738,36.419814,24.83494,False,0.9441821,True,True,True,0.69250296,0.68190738,36.419814,24.83494,0.68223244,0.68135177,35.686464,24.315035,0.93507731,0.6951545,7.2718017,5.0550257,0.68550615,0.39985768,11.852435,4.7392872,0.65635671,0.67358419,17.45995,11.760746,0.66386668,0.68829525,17.976476,12.373123,0.66908419,0.74688868,15.368237,11.478362,0.77337242,0.73589659,16.396867,12.066399
0b_baseline_last,file,19,baseline,4363,075.Green_Jay/Green_Jay_0095_65881.jpg,75,74,075.Green_Jay,170,169,random_resized_crop,random_resized_crop,0,"{""area_fraction"":0.667262,""aspect"":0.999613,""fallback"":false,""height"":0.817019,""left"":0.134443,""top"":0.172202,""width"":0.816703}",0.2427699,4.0208516,3.7780817,0.78445202,0.017937679,0.059388205,0.25461957,0.72506382,-0.23668189,-0.96174571,0.45207625,2.9873914,36.419814,108.80024,False,0.90569693,False,True,False,0.45207625,2.9873914,36.419814,108.80024,0.42628722,2.9037529,35.686464,103.62468,0.89142537,4.5597339,7.2718017,33.157481,0.38284751,1.3720971,11.852435,16.262691,0.31727641,2.5747085,17.45995,44.954282,0.34089168,2.8575966,17.976476,51.369516,0.41925519,2.9962485,15.368237,46.047057,0.64434631,3.7064764,16.396867,60.774601
0b_baseline_last,file,19,baseline,4363,075.Green_Jay/Green_Jay_0095_65881.jpg,75,74,075.Green_Jay,170,169,gaussian_blur,gaussian_blur,0,"{""sigma"":1.444368}",0.2427699,0.92999923,0.68722934,0.78445202,0.39455402,0.059388205,0.43048277,0.72506382,-0.035928756,-0.76099257,0.6646921,3.5085033,36.419814,127.77904,False,0.94257212,False,True,False,0.6646921,3.5085033,36.419814,127.77904,0.65658956,3.5138241,35.686464,125.39596,0.86818568,3.3778259,7.2718017,24.562881,0.57241451,1.9776918,11.852435,23.440463,0.59098401,3.6028519,17.45995,62.905616,0.6682855,3.7193829,17.976476,66.861396,0.68515763,3.6959942,15.368237,56.800915,0.7490202,3.6187523,16.396867,59.3362
0b_baseline_last,file,19,baseline,4363,075.Green_Jay/Green_Jay_0095_65881.jpg,75,74,075.Green_Jay,170,169,random_erasing,random_erasing,0,"{""area_fraction"":0.106159,""erased"":true,""height"":0.207897,""left"":0.29126,""top"":0.305862,""width"":0.510633}",0.2427699,0.15176375,-0.091006145,0.78445202,0.85919124,0.059388205,0.019882256,0.72506382,0.83930898,0.11424517,0.83491747,0.6597419,36.419814,24.027677,False,0.96486318,True,True,True,0.83491747,0.6597419,36.419814,24.027677,0.83024985,0.66116996,35.686464,23.594818,0.955276,0.62436305,7.2718017,4.5402443,0.9365927,0.55520974,11.852435,6.5805874,0.85937367,0.69110554,17.45995,12.066669,0.82011351,0.64768237,17.976476,11.643046,0.77296186,0.66119362,15.368237,10.16138,0.81953021,0.69266236,16.396867,11.357493
0b_baseline_last,file,19,baseline,6394,110.Geococcyx/Geococcyx_0091_104301.jpg,110,109,110.Geococcyx,150,149,identity,identity,0,{},0.015705582,0.015705582,0,0.98441708,0.98441708,0.0041415258,0.0041415258,0.98027556,0.98027556,0,1,1,1.6226246,1.6226246,False,1.0000001,True,True,True,1,1,1.6226246,1.6226246,1,1,1.5723112,1.5723112,1,1,0.40093405,0.40093405,1,1,0.26985561,0.26985561,1,1,0.55561498,0.55561498,1,1,0.71181489,0.71181489,1,1,0.72134522,0.72134522,1,1,1.0313162,1.0313162
0b_baseline_last,file,19,baseline,6394,110.Geococcyx/Geococcyx_0091_104301.jpg,110,109,110.Geococcyx,150,149,horizontal_flip,horizontal_flip,0,"{""flipped"":true}",0.015705582,0.019636052,0.00393047,0.98441708,0.98055547,0.0041415258,0.0017221448,0.98027556,0.97883333,-0.0014422251,0.5310644,1.2240978,1.6226246,1.9862512,False,0.96886575,True,True,True,0.5310644,1.2240978,1.6226246,1.9862512,0.50456098,1.2263387,1.5723112,1.9281861,0.95166475,1.1891024,0.40093405,0.47675164,0.48419674,1.197455,0.26985561,0.32313994,0.36228811,1.5033404,0.55561498,0.83527844,0.4719778,1.2424324,0.71181489,0.88438187,0.42706855,1.1945095,0.72134522,0.86165374,0.62211472,1.1436814,1.0313162,1.1794972
0b_baseline_last,file,19,baseline,6394,110.Geococcyx/Geococcyx_0091_104301.jpg,110,109,110.Geococcyx,150,149,color_jitter,color_jitter,0,"{""brightness"":0.621306,""contrast"":0.861791,""hue"":0.011396,""saturation"":0.616565}",0.015705582,0.02570704,0.010001458,0.98441708,0.97462058,0.0041415258,0.0027131476,0.98027556,0.97190743,-0.0083681219,0.69220513,1.9082308,1.6226246,3.0963423,False,0.96935058,True,True,True,0.69220513,1.9082308,1.6226246,3.0963423,0.67821781,1.9251314,1.5723112,3.0269057,0.95618916,1.6263432,0.40093405,0.65205637,0.38830398,2.637011,0.26985561,0.71161223,0.54906899,2.2282361,0.55561498,1.2380413,0.5638175,2.2179932,0.71181489,1.5788006,0.69768845,1.8262835,0.72134522,1.3173809,0.84281585,1.6497804,1.0313162,1.7014453
0b_baseline_last,file,19,baseline,6394,110.Geococcyx/Geococcyx_0091_104301.jpg,110,109,110.Geococcyx,150,149,rotation,rotation,0,"{""angle"":4.544623}",0.015705582,0.0093538612,-0.0063517205,0.98441708,0.99068975,0.0041415258,0.00074361701,0.98027556,0.98994614,0.0096705824,0.70234261,0.6207536,1.6226246,1.0072501,False,0.96413422,True,True,True,0.70234261,0.6207536,1.6226246,1.0072501,0.68594983,0.61928387,1.5723112,0.97370698,0.94563759,0.64293371,0.40093405,0.25777402,0.67883783,0.76090842,0.26985561,0.20533541,0.58113236,0.63144557,0.55561498,0.35084062,0.51346462,0.58638597,0.71181489,0.41739827,0.60348242,0.62187507,0.72134522,0.44858661,0.83770953,0.61889913,1.0313162,0.63828071
0b_baseline_last,file,19,baseline,6394,110.Geococcyx/Geococcyx_0091_104301.jpg,110,109,110.Geococcyx,150,149,random_resized_crop,random_resized_crop,0,"{""area_fraction"":0.505806,""aspect"":0.949791,""fallback"":false,""height"":0.729757,""left"":0.280351,""top"":0.030072,""width"":0.693116}",0.015705582,6.8310318,6.8153262,0.98441708,0.0010797433,0.0041415258,0.00034513022,0.98027556,0.00073461304,-0.97954094,0.076651876,110.73079,1.6226246,179.67451,False,0.59985292,False,True,False,0.076651876,110.73079,1.6226246,179.67451,0.058903154,112.89995,1.5723112,177.51385,0.53034966,69.289673,0.40093405,27.780589,0.24881189,101.12049,0.26985561,27.287932,-0.19386929,141.65675,0.55561498,78.706609,0.030766961,158.31261,0.71181489,112.68927,0.14666428,105.88167,0.72134522,76.377235,0.15643367,75.354105,1.0313162,77.71391
0b_baseline_last,file,19,baseline,6394,110.Geococcyx/Geococcyx_0091_104301.jpg,110,109,110.Geococcyx,150,149,gaussian_blur,gaussian_blur,0,"{""sigma"":1.836226}",0.015705582,3.5519142,3.5362086,0.98441708,0.028669704,0.0041415258,0.0020251425,0.98027556,0.026644561,-0.95363099,0.211938,117.17653,1.6226246,190.13352,False,0.70512283,False,True,False,0.211938,117.17653,1.6226246,190.13352,0.19553261,119.49161,1.5723112,187.878,0.65133665,72.828884,0.40093405,29.199579,0.20658819,255.86617,0.26985561,69.046923,0.10725753,176.16787,0.55561498,97.881508,0.19708477,133.94693,0.71181489,95.345417,0.21620986,113.47481,0.72134522,81.854509,0.29613703,69.644921,1.0313162,71.825937
0b_baseline_last,file,19,baseline,6394,110.Geococcyx/Geococcyx_0091_104301.jpg,110,109,110.Geococcyx,150,149,random_erasing,random_erasing,0,"{""area_fraction"":0.173073,""erased"":true,""height"":0.475684,""left"":0.342688,""top"":0.50095,""width"":0.363841}",0.015705582,0.027655866,0.011950284,0.98441708,0.97272307,0.0041415258,0.0061533707,0.98027556,0.9665697,-0.013705859,0.87229178,1.8545729,1.6226246,3.0092756,False,0.96734601,True,True,True,0.87229178,1.8545729,1.6226246,3.0092756,0.86726192,1.8619145,1.5723112,2.9275091,0.95713177,1.7377623,0.40093405,0.6967281,0.84211855,1.7644516,0.26985561,0.47614716,0.84637109,1.9443707,0.55561498,1.0803215,0.86629482,2.0025474,0.71181489,1.4254431,0.83249107,1.902292,0.72134522,1.3722092,0.89807359,1.7511648,1.0313162,1.8060046
0b_baseline_last,file,19,baseline,5235,090.Red_breasted_Merganser/Red_Breasted_Merganser_0016_79476.jpg,90,89,090.Red_breasted_Merganser,25,24,identity,identity,0,{},0.048257168,0.048257168,0,0.95288873,0.95288873,0.00817033,0.00817033,0.9447184,0.9447184,0,1,1,9.0789746,9.0789746,False,0.99999988,True,True,True,1,1,9.0789746,9.0789746,1,1,8.9888365,8.9888365,1,1,1.2761651,1.2761651,1,1,1.6651727,1.6651727,1,1,3.4826323,3.4826323,1,1,5.0648526,5.0648526,1,1,5.0381468,5.0381468,1,1,3.8551263,3.8551263
0b_baseline_last,file,19,baseline,5235,090.Red_breasted_Merganser/Red_Breasted_Merganser_0016_79476.jpg,90,89,090.Red_breasted_Merganser,25,24,horizontal_flip,horizontal_flip,0,"{""flipped"":true}",0.048257168,0.0056478921,-0.042609276,0.95288873,0.99436802,0.00817033,0.00058053929,0.9447184,0.99378748,0.04906908,0.52721307,0.1062472,9.0789746,0.96461564,False,0.94324398,True,True,True,0.52721307,0.1062472,9.0789746,0.96461564,0.51798982,0.10544297,8.9888365,0.94780965,0.89193881,0.14048091,1.2761651,0.17927684,0.37866358,0.093119065,1.6651727,0.15505932,0.28920428,0.098870204,3.4826323,0.34432856,0.49233164,0.10344133,5.0648526,0.52391511,0.56509233,0.1045165,5.0381468,0.52656947,0.66794245,0.11715208,3.8551263,0.45163607
0b_baseline_last,file,19,baseline,5235,090.Red_breasted_Merganser/Red_Breasted_Merganser_0016_79476.jpg,90,89,090.Red_breasted_Merganser,25,24,color_jitter,color_jitter,0,"{""brightness"":1.193331,""contrast"":0.916042,""hue"":-0.066151,""saturation"":1.341834}",0.048257168,0.67985672,0.63159955,0.95288873,0.50668961,0.00817033,0.31586069,0.9447184,0.19082892,-0.75388948,0.54342434,11.505005,9.0789746,104.45365,False,0.88083565,True,True,True,0.54342434,11.505005,9.0789746,104.45365,0.53809904,11.495203,8.9888365,103.3285,0.79736594,11.981227,1.2761651,15.290025,0.33867627,13.049348,1.6651727,21.729418,0.41421016,12.799726,3.4826323,44.576739,0.54193934,12.374641,5.0648526,62.675733,0.59350211,10.390239,5.0381468,52.347549,0.62392982,10.209133,3.8551263,39.357497
0b_baseline_last,file,19,baseline,5235,090.Red_breasted_Merganser/Red_Breasted_Merganser_0016_79476.jpg,90,89,090.Red_breasted_Merganser,25,24,rotation,rotation,0,"{""angle"":-0.80748}",0.048257168,0.26440457,0.2161474,0.95288873,0.76766288,0.00817033,0.053077582,0.9447184,0.7145853,-0.2301331,0.82903179,5.2486692,9.0789746,47.652534,False,0.97126901,True,True,True,0.82903179,5.2486692,9.0789746,47.652534,0.8264711,5.2483105,8.9888365,47.176205,0.9556419,5.2664364,1.2761651,6.7208425,0.71371383,6.6440716,1.6651727,11.063526,0.76508279,5.5985595,3.4826323,19.497724,0.82304742,5.1804074,5.0648526,26.238,0.85993542,5.0549959,5.0381468,25.467812,0.86687845,5.0962304,3.8551263,19.646612
0b_baseline_last,file,19,baseline,5235,090.Red_breasted_Merganser/Red_Breasted_Merganser_0016_79476.jpg,90,89,090.Red_breasted_Merganser,25,24,random_resized_crop,random_resized_crop,0,"{""area_fraction"":0.610338,""aspect"":0.901647,""fallback"":false,""height"":0.822748,""left"":0.243319,""top"":0.08232,""width"":0.741828}",0.048257168,0.21803878,0.16978161,0.95288873,0.80409425,0.00817033,0.10488254,0.9447184,0.69921172,-0.24550668,0.62121312,4.5733082,9.0789746,41.520949,False,0.95025516,True,True,True,0.62121312,4.5733082,9.0789746,41.520949,0.61546179,4.5686701,8.9888365,41.067029,0.89365421,4.797789,1.2761651,6.122771,0.42889368,5.2032612,1.6651727,8.6643284,0.50079797,5.8091261,3.4826323,20.23105,0.60191772,4.4564516,5.0648526,22.571271,0.68968049,4.1212894,5.0381468,20.763661,0.71796931,4.1950096,3.8551263,16.172292
0b_baseline_last,file,19,baseline,5235,090.Red_breasted_Merganser/Red_Breasted_Merganser_0016_79476.jpg,90,89,090.Red_breasted_Merganser,25,24,gaussian_blur,gaussian_blur,0,"{""sigma"":1.937327}",0.048257168,4.5598707,4.5116136,0.95288873,0.010463412,0.00817033,0.08408799,0.9447184,-0.073624578,-1.018343,0.31919618,19.123652,9.0789746,173.62315,False,0.73567885,False,True,False,0.31919618,19.123652,9.0789746,173.62315,0.31064926,18.973684,8.9888365,170.55134,0.64856363,25.478841,1.2761651,32.515209,0.39916013,26.490508,1.6651727,44.111269,0.31696499,22.369613,3.4826323,77.905134,0.21445161,17.555644,5.0648526,88.916747,0.37018497,16.070369,5.0381468,80.964877,0.36159475,21.091288,3.8551263,81.309578
0b_baseline_last,file,19,baseline,5235,090.Red_breasted_Merganser/Red_Breasted_Merganser_0016_79476.jpg,90,89,090.Red_breasted_Merganser,25,24,random_erasing,random_erasing,0,"{""area_fraction"":0.179835,""erased"":true,""height"":0.276701,""left"":0.058431,""top"":0.566492,""width"":0.649924}",0.048257168,0.38257587,0.3343187,0.95288873,0.68210214,0.00817033,0.025372261,0.9447184,0.65672988,-0.28798851,0.75062404,6.8751467,9.0789746,62.419282,False,0.90575373,True,True,True,0.75062404,6.8751467,9.0789746,62.419282,0.74796921,6.8803442,8.9888365,61.846289,0.88826184,6.6121535,1.2761651,8.4381997,0.80894231,7.8179294,1.6651727,13.018202,0.73094086,8.1633512,3.4826323,28.42995,0.76070961,6.4064362,5.0648526,32.447655,0.75758405,6.6395638,5.0381468,33.451097,0.73076703,6.741281,3.8551263,25.98849
0b_baseline_last,file,19,baseline,9193,157.Yellow_throated_Vireo/Yellow_Throated_Vireo_0012_794977.jpg,157,156,157.Yellow_throated_Vireo,175,174,identity,identity,0,{},0.017869785,0.017869785,0,0.98228896,0.98228896,0.014553309,0.014553309,0.96773565,0.96773565,0,1,1,3.4357486,3.4357486,False,1,True,True,True,1,1,3.4357486,3.4357486,1,1,3.3652314,3.3652314,1,1,0.69252118,0.69252118,1,1,0.5703118,0.5703118,1,1,1.7846468,1.7846468,1,1,1.7256471,1.7256471,1,1,1.5661565,1.5661565,1,1,1.543975,1.543975
0b_baseline_last,file,19,baseline,9193,157.Yellow_throated_Vireo/Yellow_Throated_Vireo_0012_794977.jpg,157,156,157.Yellow_throated_Vireo,175,174,horizontal_flip,horizontal_flip,0,"{""flipped"":true}",0.017869785,0.0036683665,-0.014201419,0.98228896,0.99633837,0.014553309,0.0033183352,0.96773565,0.99302003,0.025284385,0.72062686,0.2561882,3.4357486,0.88019822,False,0.97816443,True,True,True,0.72062686,0.2561882,3.4357486,0.88019822,0.70997839,0.25637311,3.3652314,0.86275486,0.97677436,0.25178216,0.69252118,0.17436447,0.57970926,0.27320846,0.5703118,0.15581401,0.74800213,0.23554127,1.7846468,0.42035797,0.6895913,0.28265106,1.7256471,0.48775599,0.66598563,0.26088628,1.5661565,0.40858875,0.76931195,0.24105183,1.543975,0.37217799
0b_baseline_last,file,19,baseline,9193,157.Yellow_throated_Vireo/Yellow_Throated_Vireo_0012_794977.jpg,157,156,157.Yellow_throated_Vireo,175,174,color_jitter,color_jitter,0,"{""brightness"":1.388558,""contrast"":1.233119,""hue"":0.065562,""saturation"":1.070079}",0.017869785,0.0090813683,-0.0087884171,0.98228896,0.99095976,0.014553309,0.0037082008,0.96773565,0.98725156,0.019515916,0.65977576,0.35665236,3.4357486,1.2253678,False,0.96354711,True,True,True,0.65977576,0.35665236,3.4357486,1.2253678,0.64772184,0.3543876,3.3652314,1.1925963,0.91386043,0.40648114,0.69252118,0.2814968,0.52725269,0.48458151,0.5703118,0.27636255,0.65401947,0.25013928,1.7846468,0.44641027,0.6124323,0.32512137,1.7256471,0.56104477,0.62819331,0.38016033,1.5661565,0.59539056,0.76557465,0.44749238,1.543975,0.69091704
0b_baseline_last,file,19,baseline,9193,157.Yellow_throated_Vireo/Yellow_Throated_Vireo_0012_794977.jpg,157,156,157.Yellow_throated_Vireo,175,174,rotation,rotation,0,"{""angle"":2.229832}",0.017869785,0.023698414,0.0058286283,0.98228896,0.9765802,0.014553309,0.020880025,0.96773565,0.95570018,-0.01203547,0.91433467,1.603472,3.4357486,5.5091265,False,0.98827618,True,True,True,0.91433467,1.603472,3.4357486,5.5091265,0.91160318,1.6084535,3.3652314,5.4128181,0.98738851,1.4809795,0.69252118,1.0256097,0.87426535,1.5988157,0.5703118,0.91182347,0.94502477,1.7488126,1.7846468,3.1210128,0.89365122,1.6182204,1.7256471,2.7924774,0.8895491,1.5618575,1.5661565,2.4461132,0.92405258,1.4402749,1.543975,2.2237484
0b_baseline_last,file,19,baseline,9193,157.Yellow_throated_Vireo/Yellow_Throated_Vireo_0012_794977.jpg,157,156,157.Yellow_throated_Vireo,175,174,random_resized_crop,random_resized_crop,0,"{""area_fraction"":0.631774,""aspect"":0.762396,""fallback"":false,""height"":0.910312,""left"":0.264812,""top"":0.053938,""width"":0.694018}",0.017869785,0.02370633,0.0058365446,0.98228896,0.97657245,0.014553309,0.015258029,0.96773565,0.96131442,-0.0064212224,0.74402287,1.2989657,3.4357486,4.4629196,False,0.96348321,True,True,True,0.74402287,1.2989657,3.4357486,4.4629196,0.73494601,1.2973814,3.3652314,4.3659888,0.9524959,1.33583,0.69252118,0.92509054,0.6365205,1.2407107,0.5703118,0.70759197,0.80091066,1.2324227,1.7846468,2.1994392,0.68023728,1.3083084,1.7256471,2.2576786,0.69034425,1.3296104,1.5661565,2.0823779,0.7804862,1.3415286,1.543975,2.0712866
0b_baseline_last,file,19,baseline,9193,157.Yellow_throated_Vireo/Yellow_Throated_Vireo_0012_794977.jpg,157,156,157.Yellow_throated_Vireo,175,174,gaussian_blur,gaussian_blur,0,"{""sigma"":1.884834}",0.017869785,0.17761877,0.15974899,0.98228896,0.83726156,0.014553309,0.0071663647,0.96773565,0.83009519,-0.13764045,0.26521388,8.7359099,3.4357486,30.01439,False,0.86539614,True,True,True,0.26521388,8.7359099,3.4357486,30.01439,0.25266946,8.777245,3.3652314,29.537461,0.60528359,7.695584,0.69252118,5.3293549,0.26970557,10.63378,0.5703118,6.0645704,0.094143494,7.3793127,1.7846468,13.169467,0.2072793,9.868684,1.7256471,17.029866,0.28782939,8.7769182,1.5661565,13.746027,0.46320249,8.7682925,1.543975,13.538024
0b_baseline_last,file,19,baseline,9193,157.Yellow_throated_Vireo/Yellow_Throated_Vireo_0012_794977.jpg,157,156,157.Yellow_throated_Vireo,175,174,random_erasing,random_erasing,0,"{""area_fraction"":0.083432,""erased"":true,""height"":0.438989,""left"":0.735044,""top"":0.313813,""width"":0.190055}",0.017869785,0.082125492,0.064255707,0.98228896,0.92115635,0.014553309,0.071800299,0.96773565,0.84935605,-0.1183796,0.89638225,4.6809144,3.4357486,16.082445,False,0.96755469,True,True,True,0.89638225,4.6809144,3.4357486,16.082445,0.89335822,4.6745932,3.3652314,15.731088,0.96597127,4.8277769,0.69252118,3.3433377,0.89456051,4.9051039,0.5703118,2.7974386,0.94620134,4.7440502,1.7846468,8.466454,0.89724457,4.7130119,1.7256471,8.1329956,0.84895889,4.5335179,1.5661565,7.1001984,0.86149102,4.6435543,1.543975,7.1695316
0b_baseline_last,file,19,baseline,3990,069.Rufous_Hummingbird/Rufous_Hummingbird_0064_58509.jpg,69,68,069.Rufous_Hummingbird,68,67,identity,identity,0,{},0.19747581,0.19747581,0,0.82080001,0.82080001,0.1373364,0.1373364,0.6834636,0.6834636,0,1,1,32.367937,32.367937,False,1,True,True,True,1,1,32.367937,32.367937,1,1,31.602388,31.602388,1,1,6.9980297,6.9980297,1,1,6.4911559,6.4911559,1,1,14.798146,14.798146,1,1,16.824718,16.824718,1,1,14.84883,14.84883,1,1,15.298097,15.298097
0b_baseline_last,file,19,baseline,3990,069.Rufous_Hummingbird/Rufous_Hummingbird_0064_58509.jpg,69,68,069.Rufous_Hummingbird,68,67,horizontal_flip,horizontal_flip,0,"{""flipped"":true}",0.19747581,0.02027606,-0.17719975,0.82080001,0.97992814,0.1373364,0.0090861842,0.6834636,0.97084195,0.28737835,0.65748393,0.10211072,32.367937,3.3051134,False,0.96157646,True,True,True,0.65748393,0.10211072,32.367937,3.3051134,0.64398285,0.10202778,31.602388,3.2243216,0.92823893,0.10378765,6.9980297,0.72630909,0.36889137,0.11250071,6.4911559,0.73025965,0.71499299,0.11121238,14.798146,1.645737,0.65101977,0.10179421,16.824718,1.7126589,0.55778803,0.089854834,14.84883,1.3342392,0.69651381,0.10213102,15.298097,1.5624102
0b_baseline_last,file,19,baseline,3990,069.Rufous_Hummingbird/Rufous_Hummingbird_0064_58509.jpg,69,68,069.Rufous_Hummingbird,68,67,color_jitter,color_jitter,0,"{""brightness"":0.662117,""contrast"":1.314687,""hue"":-0.033402,""saturation"":1.05663}",0.19747581,0.039398212,-0.15807759,0.82080001,0.96136779,0.1373364,0.016581586,0.6834636,0.9447862,0.2613226,0.70866447,0.22559192,32.367937,7.301945,False,0.95615625,True,True,True,0.70866447,0.22559192,32.367937,7.301945,0.70085474,0.22731872,31.602388,7.1838143,0.91541534,0.18692878,6.9980297,1.3081331,0.49175682,0.18678451,6.4911559,1.2124474,0.67200102,0.24880298,14.798146,3.6818229,0.68433137,0.23660271,16.824718,3.9807739,0.70572163,0.2169064,14.84883,3.2208064,0.79288359,0.21041046,15.298097,3.2188795
0b_baseline_last,file,19,baseline,3990,069.Rufous_Hummingbird/Rufous_Hummingbird_0064_58509.jpg,69,68,069.Rufous_Hummingbird,68,67,rotation,rotation,0,"{""angle"":-10.177681}",0.19747581,0.26671067,0.069234863,0.82080001,0.76589465,0.1373364,0.10829426,0.6834636,0.6576004,-0.025863208,0.70267944,1.1785589,32.367937,38.147521,False,0.95080137,True,True,True,0.70267944,1.1785589,32.367937,38.147521,0.69248737,1.1768862,31.602388,37.192414,0.90477185,1.2121677,6.9980297,8.4827858,0.71325524,1.2171123,6.4911559,7.9004657,0.73689422,1.2050879,14.798146,17.833067,0.65838109,1.1975415,16.824718,20.148298,0.62776874,1.1253203,14.84883,16.70969,0.74795754,1.1650708,15.298097,17.823366
0b_baseline_last,file,19,baseline,3990,069.Rufous_Hummingbird/Rufous_Hummingbird_0064_58509.jpg,69,68,069.Rufous_Hummingbird,68,67,random_resized_crop,random_resized_crop,0,"{""area_fraction"":0.639043,""aspect"":0.918891,""fallback"":false,""height"":0.833936,""left"":0.06125,""top"":0.02132,""width"":0.766296}",0.19747581,1.1045289,0.9070531,0.82080001,0.33136696,0.1373364,0.10868086,0.6834636,0.2226861,-0.46077751,0.5694229,3.116418,32.367937,100.87202,False,0.93120158,True,True,True,0.5694229,3.116418,32.367937,100.87202,0.55906214,3.1321544,31.602388,98.983558,0.81178925,2.7761098,6.9980297,19.427299,0.72838525,4.910675,6.4911559,31.875957,0.57739911,3.3132883,14.798146,49.030525,0.53994729,2.9112782,16.824718,48.981437,0.50371477,2.9236883,14.84883,43.413351,0.58496346,2.9910774,15.298097,45.757792
0b_baseline_last,file,19,baseline,3990,069.Rufous_Hummingbird/Rufous_Hummingbird_0064_58509.jpg,69,68,069.Rufous_Hummingbird,68,67,gaussian_blur,gaussian_blur,0,"{""sigma"":1.693519}",0.19747581,3.3343501,3.1368743,0.82080001,0.03563774,0.1373364,0.10566284,0.6834636,-0.070025098,-0.7534887,0.43322404,5.3303168,32.367937,172.53136,False,0.7419287,False,True,False,0.43322404,5.3303168,32.367937,172.53136,0.42682182,5.3787429,31.602388,169.98112,0.61175883,4.2233067,6.9980297,29.554825,0.68076783,6.4954927,6.4911559,42.163256,0.44947149,5.7274732,14.798146,84.755987,0.40255252,5.6762967,16.824718,95.502094,0.38646527,5.3359696,14.84883,79.232907,0.42836283,4.4014106,15.298097,67.333204
0b_baseline_last,file,19,baseline,3990,069.Rufous_Hummingbird/Rufous_Hummingbird_0064_58509.jpg,69,68,069.Rufous_Hummingbird,68,67,random_erasing,random_erasing,0,"{""area_fraction"":0.127496,""erased"":true,""height"":0.255507,""left"":0.105108,""top"":0.718817,""width"":0.498992}",0.19747581,0.27080557,0.073329762,0.82080001,0.76276481,0.1373364,0.17448524,0.6834636,0.58827958,-0.095184028,0.95581924,1.2903706,32.367937,41.766635,False,0.98961437,True,True,True,0.95581924,1.2903706,32.367937,41.766635,0.95419256,1.2898524,31.602388,40.762415,0.98874409,1.3008946,6.9980297,9.1036991,0.94501514,1.3738945,6.4911559,8.9181634,0.94565435,1.3247073,14.798146,19.603213,0.9620937,1.2828501,16.824718,21.583592,0.95686596,1.261781,14.84883,18.735972,0.95315554,1.2757018,15.298097,19.515809
0b_baseline_last,file,19,baseline,1790,032.Mangrove_Cuckoo/Mangrove_Cuckoo_0027_26360.jpg,32,31,032.Mangrove_Cuckoo,101,100,identity,identity,0,{},2.053535,2.053535,0,0.12828064,0.12828064,0.085641697,0.085641697,0.042638943,0.042638943,0,1,1,129.35272,129.35272,False,1.0000001,True,True,True,1,1,129.35272,129.35272,1,1,127.23458,127.23458,1,1,23.312793,23.312793,1,1,22.967444,22.967444,1,1,59.298614,59.298614,1,1,61.869028,61.869028,1,1,62.743198,62.743198,1,1,66.18402,66.18402
0b_baseline_last,file,19,baseline,1790,032.Mangrove_Cuckoo/Mangrove_Cuckoo_0027_26360.jpg,32,31,032.Mangrove_Cuckoo,101,100,horizontal_flip,horizontal_flip,0,"{""flipped"":true}",2.053535,2.523663,0.47012806,0.12828064,0.080165423,0.085641697,0.0091507733,0.042638943,0.07101465,0.028375708,0.66903373,1.0963375,129.35272,141.81423,False,0.94752383,False,True,False,0.66903373,1.0963375,129.35272,141.81423,0.66027145,1.0975048,127.23458,139.64056,0.93938926,1.0609787,23.312793,24.734378,0.098180588,1.2058574,22.967444,27.695463,0.7739204,1.1306859,59.298614,67.048107,0.67301924,1.1311991,61.869028,69.986188,0.6029014,1.0718225,62.743198,67.249575,0.68222348,1.0485988,66.18402,69.400482
0b_baseline_last,file,19,baseline,1790,032.Mangrove_Cuckoo/Mangrove_Cuckoo_0027_26360.jpg,32,31,032.Mangrove_Cuckoo,101,100,color_jitter,color_jitter,0,"{""brightness"":0.788708,""contrast"":0.982414,""hue"":0.030408,""saturation"":1.29903}",2.053535,2.6269341,0.57339907,0.12828064,0.072299793,0.085641697,0.067026809,0.042638943,0.0052729845,-0.037365958,0.74352746,1.1394019,129.35272,147.38473,False,0.96083486,False,True,False,0.74352746,1.1394019,129.35272,147.38473,0.73697749,1.1419954,127.23458,145.3013,0.95591197,1.0592439,23.312793,24.693933,0.23320409,1.1783335,22.967444,27.063309,0.7353454,1.2355938,59.298614,73.269001,0.6917843,1.1743363,61.869028,72.655044,0.7500651,1.0461729,62.743198,65.640236,0.83828037,1.1128045,66.18402,73.649874
0b_baseline_last,file,19,baseline,1790,032.Mangrove_Cuckoo/Mangrove_Cuckoo_0027_26360.jpg,32,31,032.Mangrove_Cuckoo,101,100,rotation,rotation,0,"{""angle"":-10.979609}",2.053535,2.7246222,0.67108727,0.12828064,0.065570965,0.085641697,0.0025835442,0.042638943,0.062987421,0.020348479,0.5965955,1.5065999,129.35272,194.88279,False,0.9048053,False,True,False,0.5965955,1.5065999,129.35272,194.88279,0.59165692,1.5177993,127.23458,193.11656,0.82204794,1.1229087,23.312793,26.178138,0.26755048,1.7270418,22.967444,39.665735,0.77143263,1.640581,59.298614,97.284181,0.55106306,1.6433198,61.869028,101.6706,0.53168888,1.5174157,62.743198,95.207514,0.58419549,1.2509844,66.18402,82.795178
0b_baseline_last,file,19,baseline,1790,032.Mangrove_Cuckoo/Mangrove_Cuckoo_0027_26360.jpg,32,31,032.Mangrove_Cuckoo,101,100,random_resized_crop,random_resized_crop,0,"{""area_fraction"":0.739016,""aspect"":1.099372,""fallback"":false,""height"":0.819888,""left"":0.001008,""top"":0.059479,""width"":0.901362}",2.053535,3.2184908,1.1649559,0.12828064,0.040015403,0.085641697,0.0017768119,0.042638943,0.038238591,-0.0044003513,0.66482364,1.2562061,129.35272,162.49368,False,0.86102879,False,True,False,0.66482364,1.2562061,129.35272,162.49368,0.66070299,1.26068,127.23458,160.40209,0.80852451,1.1147431,23.312793,25.987775,0.49657474,1.1633478,22.967444,26.719126,0.78800895,1.4221976,59.298614,84.334348,0.66362361,1.3601765,61.869028,84.152798,0.60053474,1.1753784,62.743198,73.747003,0.61882183,1.1084898,66.18402,73.364313
0b_baseline_last,file,19,baseline,1790,032.Mangrove_Cuckoo/Mangrove_Cuckoo_0027_26360.jpg,32,31,032.Mangrove_Cuckoo,101,100,gaussian_blur,gaussian_blur,0,"{""sigma"":1.581697}",2.053535,1.8339767,-0.21955824,0.12828064,0.15977691,0.085641697,0.0070495345,0.042638943,0.15272738,0.11008843,0.53014774,0.9526952,129.35272,123.23371,False,0.82135892,True,True,True,0.53014774,0.9526952,129.35272,123.23371,0.52203705,0.95642169,127.23458,121.68992,0.81199873,0.8340961,23.312793,19.44511,0.032711665,1.0192815,22.967444,23.410291,0.63540144,0.97807661,59.298614,57.998587,0.512758,1.0236345,61.869028,63.331271,0.47281335,0.96071599,62.743198,60.278394,0.55177129,0.86166216,66.18402,57.028265
0b_baseline_last,file,19,baseline,1790,032.Mangrove_Cuckoo/Mangrove_Cuckoo_0027_26360.jpg,32,31,032.Mangrove_Cuckoo,101,100,random_erasing,random_erasing,0,"{""area_fraction"":0.175302,""erased"":true,""height"":0.654458,""left"":0.487151,""top"":0.33737,""width"":0.267858}",2.053535,2.0211689,-0.032366037,0.12828064,0.1325005,0.085641697,0.10226507,0.042638943,0.030235432,-0.012403511,0.87986536,0.91537322,129.35272,118.40601,False,0.96589029,True,True,True,0.87986536,0.91537322,129.35272,118.40601,0.87700617,0.90949592,127.23458,115.71933,0.96382402,1.0758157,23.312793,25.080268,0.87808827,0.88660168,22.967444,20.362974,0.9281073,0.9246806,59.298614,54.832278,0.87538225,0.92289963,61.869028,57.098903,0.84192073,0.87170257,62.743198,54.693407,0.86792179,0.92131108,66.18402,60.976071
0b_baseline_last,file,19,baseline,181,004.Groove_billed_Ani/Groove_Billed_Ani_0033_1494.jpg,4,3,004.Groove_billed_Ani,97,96,identity,identity,0,{},2.9325233,2.9325233,0,0.053262476,0.053262476,0.12367256,0.12367256,-0.070410084,-0.070410084,0,1,1,162.14096,162.14096,False,1,True,False,False,1,1,162.14096,162.14096,1,1,159.57335,159.57335,1,1,28.740855,28.740855,1,1,45.291064,45.291064,1,1,68.66448,68.66448,1,1,85.401721,85.401721,1,1,82.371324,82.371324,1,1,67.963771,67.963771
0b_baseline_last,file,19,baseline,181,004.Groove_billed_Ani/Groove_Billed_Ani_0033_1494.jpg,4,3,004.Groove_billed_Ani,97,96,horizontal_flip,horizontal_flip,0,"{""flipped"":true}",2.9325233,3.8481071,0.91558385,0.053262476,0.021320056,0.12367256,0.087030686,-0.070410084,-0.06571063,0.0046994537,0.59340661,1.2906361,162.14096,209.26497,False,0.95594716,False,False,False,0.59340661,1.2906361,162.14096,209.26497,0.58532461,1.2956226,159.57335,206.74685,0.88572034,1.1261388,28.740855,32.36619,0.54673285,1.2959598,45.291064,58.695401,0.55221462,1.4436656,68.66448,99.128545,0.57990836,1.2623953,85.401721,107.81073,0.60958476,1.2873082,82.371324,106.03728,0.62181808,1.1958537,67.963771,81.274726
0b_baseline_last,file,19,baseline,181,004.Groove_billed_Ani/Groove_Billed_Ani_0033_1494.jpg,4,3,004.Groove_billed_Ani,97,96,color_jitter,color_jitter,0,"{""brightness"":1.13068,""contrast"":1.386836,""hue"":-0.001373,""saturation"":0.951004}",2.9325233,1.7257652,-1.206758,0.053262476,0.17803678,0.12367256,0.029035201,-0.070410084,0.14900158,0.21941166,0.68134804,0.74047644,162.14096,120.06156,False,0.94318163,False,False,False,0.68134804,0.74047644,162.14096,120.06156,0.67493418,0.73324685,159.57335,117.00666,0.85582022,0.93634481,28.740855,26.91135,0.70805901,0.54150823,45.291064,24.525484,0.64940021,0.68182722,68.66448,46.817312,0.67478956,0.69996158,85.401721,59.777923,0.70038034,0.75928863,82.371324,62.54361,0.67369687,0.85947462,67.963771,58.413137
0b_baseline_last,file,19,baseline,181,004.Groove_billed_Ani/Groove_Billed_Ani_0033_1494.jpg,4,3,004.Groove_billed_Ani,97,96,rotation,rotation,0,"{""angle"":9.08458}",2.9325233,2.332824,-0.59969926,0.053262476,0.097021371,0.12367256,0.025417248,-0.070410084,0.071604123,0.14201421,0.63501616,1.1702143,162.14096,189.73967,False,0.93525016,False,False,False,0.63501616,1.1702143,162.14096,189.73967,0.62830587,1.1725104,159.57335,187.10142,0.85745539,1.097077,28.740855,31.53093,0.7496525,1.3304134,45.291064,60.255838,0.69297375,1.4265821,68.66448,97.955521,0.59927609,1.1168209,85.401721,95.378424,0.57186188,1.0201037,82.371324,84.027292,0.63035984,1.1033586,67.963771,74.988412
0b_baseline_last,file,19,baseline,181,004.Groove_billed_Ani/Groove_Billed_Ani_0033_1494.jpg,4,3,004.Groove_billed_Ani,97,96,random_resized_crop,random_resized_crop,0,"{""area_fraction"":0.848753,""aspect"":0.859473,""fallback"":false,""height"":0.993744,""left"":0.03412,""top"":0.000565,""width"":0.854096}",2.9325233,3.6680951,0.73557186,0.053262476,0.025525047,0.12367256,0.090889625,-0.070410084,-0.065364579,0.0050455052,0.81937565,1.0806644,162.14096,175.21996,False,0.96196246,False,False,False,0.81937565,1.0806644,162.14096,175.21996,0.8155636,1.0837065,159.57335,172.93068,0.95286762,0.98227554,28.740855,28.231439,0.87842665,1.3783695,45.291064,62.427821,0.82447737,1.1889396,68.66448,81.637918,0.81078862,1.0383462,85.401721,88.676555,0.8160831,1.0032609,82.371324,82.639927,0.7993749,1.0033581,67.963771,68.192001
0b_baseline_last,file,19,baseline,181,004.Groove_billed_Ani/Groove_Billed_Ani_0033_1494.jpg,4,3,004.Groove_billed_Ani,97,96,gaussian_blur,gaussian_blur,0,"{""sigma"":1.216793}",2.9325233,2.5637271,-0.36879611,0.053262476,0.077017158,0.12367256,0.004135252,-0.070410084,0.072881906,0.14329199,0.59672167,1.1388094,162.14096,184.64765,False,0.83903325,False,False,False,0.59672167,1.1388094,162.14096,184.64765,0.59066481,1.1416356,159.57335,182.17462,0.80224824,1.0479553,28.740855,30.119132,0.73252282,1.5120325,45.291064,68.481562,0.60035689,1.2025702,68.66448,82.573855,0.58631646,1.1655499,85.401721,99.539967,0.5558738,1.0328861,82.371324,85.080198,0.57149247,0.99059307,67.963771,67.324441
0b_baseline_last,file,19,baseline,181,004.Groove_billed_Ani/Groove_Billed_Ani_0033_1494.jpg,4,3,004.Groove_billed_Ani,97,96,random_erasing,random_erasing,0,"{""area_fraction"":0.105318,""erased"":true,""height"":0.242913,""left"":0.074048,""top"":0.753573,""width"":0.433563}",2.9325233,2.6664248,-0.2660985,0.053262476,0.069500268,0.12367256,0.13236977,-0.070410084,-0.062869504,0.0075405799,0.9517538,0.99714318,162.14096,161.67775,False,0.98638171,True,False,False,0.9517538,0.99714318,162.14096,161.67775,0.95079915,0.99901541,159.57335,159.41624,0.98496961,0.93759713,28.740855,26.947343,0.97461047,0.84872699,45.291064,38.439749,0.95692946,0.98021116,68.66448,67.30569,0.95539317,1.0224854,85.401721,87.322014,0.9462661,1.0326166,82.371324,85.057993,0.94124487,0.99204427,67.963771,67.42307
0b_baseline_last,file,19,baseline,710,013.Bobolink/Bobolink_0133_9618.jpg,13,12,013.Bobolink,166,165,identity,identity,0,{},2.1287434,2.1287434,0,0.11898671,0.11898671,0.075982317,0.075982317,0.043004394,0.043004394,0,1,1,110.38544,110.38544,False,1,True,True,True,1,1,110.38544,110.38544,1,1,108.72983,108.72983,1,1,19.04649,19.04649,1,1,43.638431,43.638431,1,1,51.297286,51.297286,1,1,53.188633,53.188633,1,1,48.058815,48.058815,1,1,46.34405,46.34405
0b_baseline_last,file,19,baseline,710,013.Bobolink/Bobolink_0133_9618.jpg,13,12,013.Bobolink,166,165,horizontal_flip,horizontal_flip,0,"{""flipped"":true}",2.1287434,1.5931873,-0.53555608,0.11898671,0.20327665,0.075982317,0.051695399,0.043004394,0.15158125,0.10857686,0.74151584,1.0349999,110.38544,114.24892,False,0.96876979,True,True,True,0.74151584,1.0349999,110.38544,114.24892,0.73537904,1.0376785,108.72983,112.8266,0.96471903,0.9435578,19.04649,17.971464,0.90427744,0.91426717,43.638431,39.897185,0.71751048,1.0632845,51.297286,54.543609,0.69929515,1.1019361,53.188633,58.610475,0.67784573,1.0489641,48.058815,50.411973,0.74625546,1.0089751,46.34405,46.759991
0b_baseline_last,file,19,baseline,710,013.Bobolink/Bobolink_0133_9618.jpg,13,12,013.Bobolink,166,165,color_jitter,color_jitter,0,"{""brightness"":1.038301,""contrast"":1.118898,""hue"":-0.053877,""saturation"":1.104971}",2.1287434,4.5637841,2.4350407,0.11898671,0.010422545,0.075982317,0.00038246182,0.043004394,0.010040084,-0.03296431,0.29814932,1.3916728,110.38544,153.62041,False,0.87355822,False,True,False,0.29814932,1.3916728,110.38544,153.62041,0.28351833,1.377044,108.72983,149.72576,0.67251742,1.8046325,19.04649,34.371915,0.48722168,0.98204022,43.638431,42.854694,0.2855975,1.2618881,51.297286,64.731437,0.25481075,1.3667057,53.188633,72.693205,0.20003361,1.5031735,48.058815,72.240737,0.30268347,1.6557445,46.34405,76.733908
0b_baseline_last,file,19,baseline,710,013.Bobolink/Bobolink_0133_9618.jpg,13,12,013.Bobolink,166,165,rotation,rotation,0,"{""angle"":-9.172744}",2.1287434,1.5955716,-0.53317177,0.11898671,0.20279258,0.075982317,0.11892621,0.043004394,0.083866373,0.040861979,0.74772566,1.0587965,110.38544,116.87572,False,0.96284735,False,True,False,0.74772566,1.0587965,110.38544,116.87572,0.74161848,1.0573684,108.72983,114.96748,0.93897148,1.104329,19.04649,21.033591,0.83753483,0.97453379,43.638431,42.527125,0.72742594,0.91083369,51.297286,46.723296,0.72052503,1.1146417,53.188633,59.286269,0.72431443,1.1565842,48.058815,55.584067,0.74417699,1.1047822,46.34405,51.200083
0b_baseline_last,file,19,baseline,710,013.Bobolink/Bobolink_0133_9618.jpg,13,12,013.Bobolink,166,165,random_resized_crop,random_resized_crop,0,"{""area_fraction"":0.683827,""aspect"":1.318204,""fallback"":false,""height"":0.720248,""left"":0.017817,""top"":0.23193,""width"":0.949433}",2.1287434,0.13829291,-1.9904505,0.11898671,0.87084359,0.075982317,0.0096667288,0.043004394,0.86117686,0.81817247,0.62164166,0.21543718,110.38544,23.781127,False,0.84676319,True,True,True,0.62164166,0.21543718,110.38544,23.781127,0.61614771,0.21595042,108.72983,23.480252,0.81921162,0.19798441,19.04649,3.7709081,0.68921995,0.20358721,43.638431,8.8842264,0.60522915,0.20811412,51.297286,10.67569,0.60374326,0.22329777,53.188633,11.876903,0.5932781,0.23357551,48.058815,11.225362,0.61614712,0.20623719,46.34405,9.5578666
0b_baseline_last,file,19,baseline,710,013.Bobolink/Bobolink_0133_9618.jpg,13,12,013.Bobolink,166,165,gaussian_blur,gaussian_blur,0,"{""sigma"":1.891465}",2.1287434,0.35120431,-1.7775391,0.11898671,0.70383996,0.075982317,0.083356112,0.043004394,0.62048385,0.57747945,0.48680208,0.53711888,110.38544,59.290102,False,0.86087227,True,True,True,0.48680208,0.53711888,110.38544,59.290102,0.47785457,0.53917279,108.72983,58.624165,0.82988672,0.46524817,19.04649,8.8613445,0.2373386,0.2829822,43.638431,12.348899,0.42343117,0.52762879,51.297286,27.065925,0.54533311,0.62809288,53.188633,33.407401,0.50565739,0.63005256,48.058815,30.27958,0.59236881,0.49149236,46.34405,22.777746
0b_baseline_last,file,19,baseline,710,013.Bobolink/Bobolink_0133_9618.jpg,13,12,013.Bobolink,166,165,random_erasing,random_erasing,0,"{""area_fraction"":0.139278,""erased"":true,""height"":0.254895,""left"":0.128056,""top"":0.158717,""width"":0.546412}",2.1287434,3.2922089,1.1634655,0.11898671,0.037171651,0.075982317,0.003062556,0.043004394,0.034109095,-0.0088952989,0.48164369,1.3804597,110.38544,152.38264,False,0.72902155,False,True,False,0.48164369,1.3804597,110.38544,152.38264,0.47501508,1.3764372,108.72983,149.65978,0.68099742,1.5056782,19.04649,28.677884,0.83069714,1.2676508,43.638431,55.318292,0.45974215,1.1693407,51.297286,59.984004,0.42544859,1.5415317,53.188633,81.991967,0.39198765,1.3972678,48.058815,67.151038,0.38222111,1.4487506,46.34405,67.140972
0b_baseline_last,file,19,baseline,11178,190.Red_cockaded_Woodpecker/Red_Cockaded_Woodpecker_0032_182376.jpg,190,189,190.Red_cockaded_Woodpecker,189,188,identity,identity,0,{},0.032023367,0.032023367,0,0.96848392,0.96848392,0.022243192,0.022243192,0.94624073,0.94624073,0,1,1,4.7701444,4.7701444,False,1,True,True,True,1,1,4.7701444,4.7701444,1,1,4.675986,4.675986,1,1,0.94309747,0.94309747,1,1,0.74237841,0.74237841,1,1,1.9868725,1.9868725,1,1,2.5047633,2.5047633,1,1,2.3801149,2.3801149,1,1,2.3296504,2.3296504
0b_baseline_last,file,19,baseline,11178,190.Red_cockaded_Woodpecker/Red_Cockaded_Woodpecker_0032_182376.jpg,190,189,190.Red_cockaded_Woodpecker,189,188,horizontal_flip,horizontal_flip,0,"{""flipped"":true}",0.032023367,0.045847911,0.013824545,0.96848392,0.9551872,0.022243192,0.01356659,0.94624073,0.94162061,-0.0046201209,0.52388943,1.325097,4.7701444,6.3209038,False,0.96211678,True,True,True,0.52388943,1.325097,4.7701444,6.3209038,0.51058922,1.3307319,4.675986,6.2224839,0.89695359,1.1781277,0.94309747,1.1110892,0.47154077,1.6713286,0.74237841,1.2407583,0.46964202,1.4112997,1.9868725,2.8040726,0.45654416,1.3210692,2.5047633,3.3089656,0.482721,1.2880395,2.3801149,3.0656819,0.64485523,1.2855517,2.3296504,2.9948861
0b_baseline_last,file,19,baseline,11178,190.Red_cockaded_Woodpecker/Red_Cockaded_Woodpecker_0032_182376.jpg,190,189,190.Red_cockaded_Woodpecker,189,188,color_jitter,color_jitter,0,"{""brightness"":1.14089,""contrast"":1.137823,""hue"":0.039157,""saturation"":0.668663}",0.032023367,0.001578515,-0.030444851,0.96848392,0.99842274,0.022243192,0.00071107695,0.94624073,0.99771166,0.051470932,0.77067314,0.044364239,4.7701444,0.21162383,False,0.97804606,True,True,True,0.77067314,0.044364239,4.7701444,0.21162383,0.76224744,0.044089737,4.675986,0.20616299,0.95807223,0.050646619,0.94309747,0.047764698,0.60319606,0.041349796,0.74237841,0.030697196,0.69575752,0.040364212,1.9868725,0.080198542,0.76827142,0.042126117,2.5047633,0.10551595,0.74450017,0.041974085,2.3801149,0.099903144,0.83443067,0.050816261,2.3296504,0.11838412
0b_baseline_last,file,19,baseline,11178,190.Red_cockaded_Woodpecker/Red_Cockaded_Woodpecker_0032_182376.jpg,190,189,190.Red_cockaded_Woodpecker,189,188,rotation,rotation,0,"{""angle"":-2.915816}",0.032023367,0.073249221,0.041225854,0.96848392,0.92936921,0.022243192,0.047703471,0.94624073,0.88166574,-0.064574992,0.81026593,2.1661728,4.7701444,10.332957,False,0.9727087,True,True,True,0.81026593,2.1661728,4.7701444,10.332957,0.80366472,2.1659125,4.675986,10.127776,0.97204992,2.1725621,0.94309747,2.0489378,0.77259117,2.6936525,0.74237841,1.9997094,0.77205468,2.2010637,1.9868725,4.3732329,0.79008439,2.0396345,2.5047633,5.1088018,0.79435176,2.1753581,2.3801149,5.1776022,0.85861118,2.2113793,2.3296504,5.1517405
0b_baseline_last,file,19,baseline,11178,190.Red_cockaded_Woodpecker/Red_Cockaded_Woodpecker_0032_182376.jpg,190,189,190.Red_cockaded_Woodpecker,189,188,random_resized_crop,random_resized_crop,0,"{""area_fraction"":0.524271,""aspect"":1.087216,""fallback"":false,""height"":0.694416,""left"":0.028103,""top"":0.199984,""width"":0.754981}",0.032023367,0.015910927,-0.016112439,0.96848392,0.98421496,0.022243192,0.0044580093,0.94624073,0.97975695,0.03351622,0.55314334,0.55255271,4.7701444,2.6357562,False,0.95012546,True,True,True,0.55314334,0.55255271,4.7701444,2.6357562,0.54289948,0.55612105,4.675986,2.6004142,0.87071048,0.45613747,0.94309747,0.43018209,0.32838594,0.63765954,0.74237841,0.47338468,0.55826339,0.56426077,1.9868725,1.1211142,0.47681254,0.56267995,2.5047633,1.4093801,0.51691137,0.52238372,2.3801149,1.2433333,0.65874734,0.56767006,2.3296504,1.3224728
0b_baseline_last,file,19,baseline,11178,190.Red_cockaded_Woodpecker/Red_Cockaded_Woodpecker_0032_182376.jpg,190,189,190.Red_cockaded_Woodpecker,189,188,gaussian_blur,gaussian_blur,0,"{""sigma"":1.557654}",0.032023367,0.31253752,0.28051415,0.96848392,0.73158818,0.022243192,0.022667477,0.94624073,0.70892071,-0.23732002,0.31254102,12.422419,4.7701444,59.256732,False,0.86531258,True,True,True,0.31254102,12.422419,4.7701444,59.256732,0.30411309,12.576248,4.675986,58.80636,0.68627446,7.7319006,0.94309747,7.2919359,0.24128635,16.522802,0.74237841,12.266172,0.33988412,15.714068,1.9868725,31.221849,0.2394801,13.729905,2.5047633,34.390162,0.2753489,11.395187,2.3801149,27.121854,0.46248528,8.7407455,2.3296504,20.362881
0b_baseline_last,file,19,baseline,11178,190.Red_cockaded_Woodpecker/Red_Cockaded_Woodpecker_0032_182376.jpg,190,189,190.Red_cockaded_Woodpecker,189,188,random_erasing,random_erasing,0,"{""area_fraction"":0.1906,""erased"":true,""height"":0.281706,""left"":0.160865,""top"":0.680769,""width"":0.676592}",0.032023367,0.076116547,0.04409318,0.96848392,0.92670822,0.022243192,0.055622935,0.94624073,0.87108529,-0.075155446,0.92087771,2.3911703,4.7701444,11.406228,False,0.97717267,True,True,True,0.92087771,2.3911703,4.7701444,11.406228,0.9186164,2.3904199,4.675986,11.17757,0.97605392,2.4095444,0.94309747,2.2724352,0.93827235,2.4790788,0.74237841,1.8404146,0.93260655,2.314323,1.9868725,4.5982647,0.92667769,2.3503929,2.5047633,5.8871779,0.92623503,2.4291336,2.3801149,5.781617,0.89090692,2.4403453,2.3296504,5.6851512
0b_baseline_last,file,19,baseline,5845,100.Brown_Pelican/Brown_Pelican_0071_94549.jpg,100,99,100.Brown_Pelican,101,100,identity,identity,0,{},0.082235619,0.082235619,0,0.9210549,0.9210549,0.02268823,0.02268823,0.89836667,0.89836667,0,1,1,11.95189,11.95189,False,1,True,True,True,1,1,11.95189,11.95189,1,1,11.720625,11.720625,1,1,2.3397929,2.3397929,1,1,3.1238371,3.1238371,1,1,5.5346815,5.5346815,1,1,5.5063985,5.5063985,1,1,5.5132211,5.5132211,1,1,6.0221217,6.0221217
0b_baseline_last,file,19,baseline,5845,100.Brown_Pelican/Brown_Pelican_0071_94549.jpg,100,99,100.Brown_Pelican,101,100,horizontal_flip,horizontal_flip,0,"{""flipped"":true}",0.082235619,0.020533608,-0.061702011,0.9210549,0.97967577,0.02268823,0.010152251,0.89836667,0.96952352,0.07115685,0.6112271,0.23674432,11.95189,2.829542,False,0.95875132,True,True,True,0.6112271,0.23674432,11.95189,2.829542,0.59549785,0.23409391,11.720625,2.7437268,0.93970762,0.29556956,2.3397929,0.69157156,0.65275185,0.23771966,3.1238371,0.7425975,0.54636436,0.19728672,5.5346815,1.0919192,0.53194701,0.2268994,5.5063985,1.2493985,0.55383273,0.24465138,5.5132211,1.3488171,0.70212649,0.25746438,6.0221217,1.5504818
0b_baseline_last,file,19,baseline,5845,100.Brown_Pelican/Brown_Pelican_0071_94549.jpg,100,99,100.Brown_Pelican,101,100,color_jitter,color_jitter,0,"{""brightness"":0.624769,""contrast"":0.848996,""hue"":-0.065876,""saturation"":1.385149}",0.082235619,0.43902177,0.35678615,0.9210549,0.64466673,0.02268823,0.018960109,0.89836667,0.62570662,-0.27266005,0.76352698,4.375096,11.95189,52.290665,False,0.93332231,True,True,True,0.76352698,4.375096,11.95189,52.290665,0.75887559,4.3914466,11.720625,51.470497,0.8978145,3.9426791,2.3397929,9.2250525,0.80488108,5.597977,3.1238371,17.487169,0.76996256,4.1941189,5.5346815,23.213112,0.73249096,4.4530051,5.5063985,24.520021,0.73452397,4.3272635,5.5132211,23.85716,0.78734082,4.181694,6.0221217,25.18267
0b_baseline_last,file,19,baseline,5845,100.Brown_Pelican/Brown_Pelican_0071_94549.jpg,100,99,100.Brown_Pelican,101,100,rotation,rotation,0,"{""angle"":14.572886}",0.082235619,0.069713332,-0.012522288,0.9210549,0.93266112,0.02268823,0.014520365,0.89836667,0.91814075,0.019774082,0.7298763,0.90538935,11.95189,10.821114,False,0.95700973,True,True,True,0.7298763,0.90538935,11.95189,10.821114,0.72219009,0.90898536,11.720625,10.653876,0.95102212,0.80994607,2.3397929,1.8951061,0.82035522,0.87081407,3.1238371,2.7202813,0.7867402,0.85011203,5.5346815,4.7050993,0.65763581,0.97791468,5.5063985,5.384788,0.6830505,0.93510336,5.5132211,5.1554316,0.74192011,0.88481883,6.0221217,5.3284867
0b_baseline_last,file,19,baseline,5845,100.Brown_Pelican/Brown_Pelican_0071_94549.jpg,100,99,100.Brown_Pelican,101,100,random_resized_crop,random_resized_crop,0,"{""area_fraction"":0.674137,""aspect"":1.252811,""fallback"":false,""height"":0.733552,""left"":0.067253,""top"":0.046958,""width"":0.919003}",0.082235619,0.5063991,0.42416348,0.9210549,0.60266179,0.02268823,0.04779144,0.89836667,0.55487035,-0.34349632,0.70663885,4.8207065,11.95189,57.616553,False,0.94240361,True,True,True,0.70663885,4.8207065,11.95189,57.616553,0.69838568,4.8317931,11.720625,56.631632,0.92873386,4.5336479,2.3397929,10.607797,0.78676906,5.1345011,3.1238371,16.039345,0.66502728,5.0289277,5.5346815,27.833513,0.70009724,4.9813537,5.5063985,27.429319,0.66246766,4.6578007,5.5132211,25.679485,0.73420059,4.5879528,6.0221217,27.62921
0b_baseline_last,file,19,baseline,5845,100.Brown_Pelican/Brown_Pelican_0071_94549.jpg,100,99,100.Brown_Pelican,101,100,gaussian_blur,gaussian_blur,0,"{""sigma"":1.86139}",0.082235619,2.287708,2.2054724,0.9210549,0.10149883,0.02268823,0.091236934,0.89836667,0.010261893,-0.88810478,0.59035479,10.425058,11.95189,124.59914,False,0.88271654,False,True,False,0.59035479,10.425058,11.95189,124.59914,0.57891455,10.40408,11.720625,121.94231,0.86411164,10.938281,2.3397929,25.593313,0.70287568,11.066117,3.1238371,34.568746,0.60892499,9.5407193,5.5346815,52.804842,0.5140247,10.449035,5.5063985,57.536551,0.51925292,11.33324,5.5132211,62.482658,0.63524787,10.062461,6.0221217,60.597366
0b_baseline_last,file,19,baseline,5845,100.Brown_Pelican/Brown_Pelican_0071_94549.jpg,100,99,100.Brown_Pelican,101,100,random_erasing,random_erasing,0,"{""area_fraction"":0.051496,""erased"":true,""height"":0.155551,""left"":0.171431,""top"":0.509045,""width"":0.331057}",0.082235619,0.38104889,0.29881327,0.9210549,0.68314451,0.02268823,0.1844594,0.89836667,0.49868511,-0.39968156,0.70215511,4.2473883,11.95189,50.764317,False,0.95994294,True,True,True,0.70215511,4.2473883,11.95189,50.764317,0.6934664,4.2476502,11.720625,49.785113,0.92053035,4.2408116,2.3397929,9.922621,0.5686951,4.347309,3.1238371,13.580285,0.69000115,3.8689491,5.5346815,21.413401,0.67014792,4.6666067,5.5063985,25.696196,0.70217952,4.328496,5.5132211,23.863955,0.75250041,4.0871548,6.0221217,24.613344
0b_baseline_last,file,19,baseline,8544,146.Forsters_Tern/Forsters_Tern_0104_152666.jpg,146,145,146.Forsters_Tern,144,143,identity,identity,0,{},0.018720843,0.018720843,0,0.9814533,0.9814533,0.01229874,0.01229874,0.96915456,0.96915456,0,1,1,4.2792782,4.2792782,False,0.99999994,True,True,True,1,1,4.2792782,4.2792782,1,1,4.2161776,4.2161776,1,1,0.73216662,0.73216662,1,1,0.81456122,0.81456122,1,1,1.9006346,1.9006346,1,1,2.1290545,2.1290545,1,1,2.1936881,2.1936881,1,1,2.0384041,2.0384041
0b_baseline_last,file,19,baseline,8544,146.Forsters_Tern/Forsters_Tern_0104_152666.jpg,146,145,146.Forsters_Tern,144,143,horizontal_flip,horizontal_flip,0,"{""flipped"":true}",0.018720843,0.0014135379,-0.017307305,0.9814533,0.99858749,0.01229874,0.00074340071,0.96915456,0.99784409,0.028689529,0.72204075,0.063660085,4.2792782,0.27241921,False,0.97570038,True,True,True,0.72204075,0.063660085,4.2792782,0.27241921,0.71367771,0.063211396,4.2161776,0.26651047,0.96321355,0.077073235,0.73216662,0.056430449,0.52228458,0.065992941,0.81456122,0.053755291,0.65290302,0.059757668,1.9006346,0.11357749,0.68953533,0.060524571,2.1290545,0.12886011,0.74579156,0.06228206,2.1936881,0.13662741,0.78260772,0.069320124,2.0384041,0.14130243
0b_baseline_last,file,19,baseline,8544,146.Forsters_Tern/Forsters_Tern_0104_152666.jpg,146,145,146.Forsters_Tern,144,143,color_jitter,color_jitter,0,"{""brightness"":1.320545,""contrast"":0.734652,""hue"":-0.044642,""saturation"":0.722714}",0.018720843,0.49379951,0.47507866,0.9814533,0.6103031,0.01229874,0.086304046,0.96915456,0.52399906,-0.4451555,0.71113232,21.799522,4.2792782,93.286218,False,0.95048612,True,True,True,0.71113232,21.799522,4.2792782,93.286218,0.70846257,21.811994,4.2161776,91.963242,0.8015799,21.381816,0.73216662,15.655052,0.13247617,32.516927,0.81456122,26.487028,0.634497,20.334809,1.9006346,38.649042,0.76073971,21.14874,2.1290545,45.026818,0.77529951,21.470018,2.1936881,47.098523,0.78877394,22.0283,2.0384041,44.902578
0b_baseline_last,file,19,baseline,8544,146.Forsters_Tern/Forsters_Tern_0104_152666.jpg,146,145,146.Forsters_Tern,144,143,rotation,rotation,0,"{""angle"":-2.353819}",0.018720843,0.031007795,0.012286952,0.9814533,0.969468,0.01229874,0.02419783,0.96915456,0.94527017,-0.023884391,0.87559016,1.6828347,4.2792782,7.2013178,False,0.97598863,True,True,True,0.87559016,1.6828347,4.2792782,7.2013178,0.87263149,1.6778864,4.2161776,7.074267,0.96866718,1.8393982,0.73216662,1.346746,0.87951655,1.8316808,0.81456122,1.4920162,0.83476416,1.6041878,1.9006346,3.0489748,0.86410585,1.6838491,2.1290545,3.5850065,0.8840743,1.6746767,2.1936881,3.6737184,0.89996472,1.7117241,2.0384041,3.4891855
0b_baseline_last,file,19,baseline,8544,146.Forsters_Tern/Forsters_Tern_0104_152666.jpg,146,145,146.Forsters_Tern,144,143,random_resized_crop,random_resized_crop,0,"{""area_fraction"":0.503379,""aspect"":1.138874,""fallback"":false,""height"":0.664828,""left"":0.029779,""top"":0.009201,""width"":0.757156}",0.018720843,1.7664988,1.747778,0.9814533,0.17093039,0.01229874,0.48446733,0.96915456,-0.31353694,-1.2826915,0.5717536,34.974805,4.2792782,149.66692,False,0.84352088,False,True,False,0.5717536,34.974805,4.2792782,149.66692,0.56249924,34.782796,4.2161776,146.65044,0.84027257,40.83367,0.73216662,29.89705,0.47488674,49.797616,0.81456122,40.563207,0.58208254,33.977808,1.9006346,64.579399,0.55124487,35.205889,2.1290545,74.955255,0.57449067,32.31828,2.1936881,70.896224,0.57557745,34.848147,2.0384041,71.034606
0b_baseline_last,file,19,baseline,8544,146.Forsters_Tern/Forsters_Tern_0104_152666.jpg,146,145,146.Forsters_Tern,144,143,gaussian_blur,gaussian_blur,0,"{""sigma"":1.867744}",0.018720843,0.12687849,0.10815764,0.9814533,0.88084072,0.01229874,0.083467349,0.96915456,0.79737337,-0.17178119,0.58718085,6.1069119,4.2792782,26.133175,False,0.9026984,True,True,True,0.58718085,6.1069119,4.2792782,26.133175,0.57813709,6.113115,4.2161776,25.773978,0.8984054,5.8975217,0.73216662,4.3179685,0.42579301,7.4986276,0.81456122,6.1080913,0.5376541,5.3181438,1.9006346,10.107848,0.52494352,6.7851295,2.1290545,14.44591,0.6118957,6.2783251,2.1936881,13.772687,0.68689398,5.5165562,2.0384041,11.244971
0b_baseline_last,file,19,baseline,8544,146.Forsters_Tern/Forsters_Tern_0104_152666.jpg,146,145,146.Forsters_Tern,144,143,random_erasing,random_erasing,0,"{""area_fraction"":0.061814,""erased"":true,""height"":0.443129,""left"":0.119243,""top"":0.228,""width"":0.139493}",0.018720843,0.01966317,0.00094232708,0.9814533,0.98052889,0.01229874,0.013865757,0.96915456,0.96666313,-0.0024914248,0.96406916,1.0483207,4.2792782,4.4860558,False,0.9939245,True,True,True,0.96406916,1.0483207,4.2792782,4.4860558,0.96323946,1.0485132,4.2161776,4.4207181,0.99177535,1.041915,0.73216662,0.76285534,0.95010949,1.0350059,0.81456122,0.8430757,0.97335405,1.0861381,1.9006346,2.0643518,0.96433709,1.053533,2.1290545,2.2430291,0.9600319,1.0220899,2.1936881,2.2421465,0.95953171,1.0420663,2.0384041,2.1241523
0b_baseline_last,file,19,baseline,6326,109.American_Redstart/American_Redstart_0111_102945.jpg,109,108,109.American_Redstart,95,94,identity,identity,0,{},0.00063244364,0.00063244364,0,0.99936777,0.99936777,0.00016821867,0.00016821867,0.99919955,0.99919955,0,1,1,0.090202046,0.090202046,False,1,True,True,True,1,1,0.090202046,0.090202046,1,1,0.087959193,0.087959193,1,1,0.019989733,0.019989733,1,1,0.012946471,0.012946471,1,1,0.03215119,0.03215119,1,1,0.042871244,0.042871244,1,1,0.04266237,0.04266237,1,1,0.053642225,0.053642225
0b_baseline_last,file,19,baseline,6326,109.American_Redstart/American_Redstart_0111_102945.jpg,109,108,109.American_Redstart,95,94,horizontal_flip,horizontal_flip,0,"{""flipped"":true}",0.00063244364,0.00081327261,0.00018082897,0.99936777,0.99918705,0.00016821867,8.6934975e-05,0.99919955,0.99910012,-9.9437588e-05,0.50288782,1.2511891,0.090202046,0.11285982,False,0.95760751,True,True,True,0.50288782,1.2511891,0.090202046,0.11285982,0.48077973,1.2486304,0.087959193,0.10982853,0.91449547,1.2997368,0.019989733,0.025981392,0.26702786,1.6819599,0.012946471,0.021775445,0.15447497,0.98811306,0.03215119,0.03176901,0.35577617,1.0226507,0.042871244,0.043842308,0.39621152,1.2916688,0.04266237,0.055105652,0.69908347,1.3975413,0.053642225,0.074967222
0b_baseline_last,file,19,baseline,6326,109.American_Redstart/American_Redstart_0111_102945.jpg,109,108,109.American_Redstart,95,94,color_jitter,color_jitter,0,"{""brightness"":0.86481,""contrast"":0.915382,""hue"":0.034857,""saturation"":1.284623}",0.00063244364,0.0023855106,0.001753067,0.99936777,0.9976173,0.00016821867,0.00044725757,0.99919955,0.99717005,-0.0020295081,0.72830389,4.2947334,0.090202046,0.38739374,False,0.95629895,True,True,True,0.72830389,4.2947334,0.090202046,0.38739374,0.72001264,4.314079,0.087959193,0.37946291,0.90934549,3.9013008,0.019989733,0.077985963,0.43089542,6.285853,0.012946471,0.081379612,0.5674961,4.6930235,0.03215119,0.15088629,0.69339356,4.6353191,0.042871244,0.19872189,0.74227411,4.2638523,0.04266237,0.18190604,0.83275465,3.8215066,0.053642225,0.20499411
0b_baseline_last,file,19,baseline,6326,109.American_Redstart/American_Redstart_0111_102945.jpg,109,108,109.American_Redstart,95,94,rotation,rotation,0,"{""angle"":7.030854}",0.00063244364,0.00061028451,-2.2159133e-05,0.99936777,0.99938989,0.00016821867,0.00017369699,0.99919955,0.99921619,1.6635007e-05,0.79824009,0.8698073,0.090202046,0.078458398,False,0.98721528,True,True,True,0.79824009,0.8698073,0.090202046,0.078458398,0.7877007,0.8649281,0.087959193,0.076078378,0.98626861,0.95939898,0.019989733,0.01917813,0.65881231,1.0052529,0.012946471,0.013014478,0.69726219,0.75069182,0.03215119,0.024135635,0.73696059,0.80386662,0.042871244,0.034462761,0.75941714,0.86578709,0.04266237,0.036936529,0.87283061,0.92911869,0.053642225,0.049839993
0b_baseline_last,file,19,baseline,6326,109.American_Redstart/American_Redstart_0111_102945.jpg,109,108,109.American_Redstart,95,94,random_resized_crop,random_resized_crop,0,"{""area_fraction"":0.692608,""aspect"":1.312323,""fallback"":false,""height"":0.726479,""left"":0.035972,""top"":0.128921,""width"":0.953375}",0.00063244364,0.0037396275,0.0031071839,0.99936777,0.99626738,0.00016821867,0.00083971396,0.99919955,0.99542766,-0.0037718905,0.68166517,5.7996007,0.090202046,0.52313585,False,0.96498287,True,True,True,0.68166517,5.7996007,0.090202046,0.52313585,0.66880841,5.8195664,0.087959193,0.51188437,0.95184853,5.3984909,0.019989733,0.10791439,0.50264912,8.04154,0.012946471,0.10410956,0.56528158,5.8390349,0.03215119,0.18773192,0.61121607,5.6942232,0.042871244,0.24411843,0.63132144,5.8914198,0.04266237,0.25134193,0.78521467,5.6904614,0.053642225,0.30524901
0b_baseline_last,file,19,baseline,6326,109.American_Redstart/American_Redstart_0111_102945.jpg,109,108,109.American_Redstart,95,94,gaussian_blur,gaussian_blur,0,"{""sigma"":1.373348}",0.00063244364,0.011258879,0.010626435,0.99936777,0.98880428,0.00016821867,0.0016413605,0.99919955,0.98716292,-0.012036635,0.61826139,22.352646,0.090202046,2.0162544,False,0.94757932,True,True,True,0.61826139,22.352646,0.090202046,2.0162544,0.60856669,22.645035,0.087959193,1.991839,0.93105571,15.649238,0.019989733,0.31282409,0.56014651,31.036592,0.012946471,0.40181434,0.51702085,28.766135,0.03215119,0.92486546,0.56646812,25.347425,0.042871244,1.0866756,0.59466212,22.883067,0.04266237,0.97624587,0.76689278,16.846786,0.053642225,0.90369907
0b_baseline_last,file,19,baseline,6326,109.American_Redstart/American_Redstart_0111_102945.jpg,109,108,109.American_Redstart,95,94,random_erasing,random_erasing,0,"{""area_fraction"":0.159287,""erased"":true,""height"":0.371791,""left"":0.549369,""top"":0.351413,""width"":0.428431}",0.00063244364,0.0015224544,0.00089001079,0.99936777,0.99847871,0.00016821867,0.00086632388,0.99919955,0.99761239,-0.0015871681,0.77972112,2.6791518,0.090202046,0.24166498,False,0.98654675,True,True,True,0.77972112,2.6791518,0.090202046,0.24166498,0.77109106,2.6815375,0.087959193,0.23586588,0.95005217,2.6325342,0.019989733,0.052623656,0.66303203,3.4268941,0.012946471,0.044366185,0.57471932,2.6179593,0.03215119,0.084170506,0.76563193,2.7699771,0.042871244,0.11875236,0.77008925,2.7812552,0.04266237,0.11865494,0.86106787,2.5286293,0.053642225,0.1356413
0b_baseline_last,file,19,baseline,4683,081.Pied_Kingfisher/Pied_Kingfisher_0016_72280.jpg,81,80,081.Pied_Kingfisher,159,158,identity,identity,0,{},0.42616123,0.42616123,0,0.65301102,0.65301102,0.31252462,0.31252462,0.34048641,0.34048641,0,1,1,65.292122,65.292122,False,1.0000001,True,True,True,1,1,65.292122,65.292122,1,1,64.300987,64.300987,1,1,11.333326,11.333326,1,1,14.267443,14.267443,1,1,24.354286,24.354286,1,1,33.912233,33.912233,1,1,34.560894,34.560894,1,1,31.518739,31.518739
0b_baseline_last,file,19,baseline,4683,081.Pied_Kingfisher/Pied_Kingfisher_0016_72280.jpg,81,80,081.Pied_Kingfisher,159,158,horizontal_flip,horizontal_flip,0,"{""flipped"":true}",0.42616123,0.090612747,-0.33554848,0.65301102,0.91337132,0.31252462,0.063239902,0.34048641,0.85013142,0.50964502,0.65172585,0.25151877,65.292122,16.422194,False,0.9556154,True,True,True,0.65172585,0.25151877,65.292122,16.422194,0.6430956,0.25199423,64.300987,16.203477,0.95015087,0.2357021,11.333326,2.6712887,0.33305548,0.240274,14.267443,3.4280956,0.46368087,0.27091842,24.354286,6.5980247,0.67779586,0.26939491,33.912233,9.1357829,0.6717597,0.24217771,34.560894,8.3698782,0.75702513,0.2326047,31.518739,7.3314066
0b_baseline_last,file,19,baseline,4683,081.Pied_Kingfisher/Pied_Kingfisher_0016_72280.jpg,81,80,081.Pied_Kingfisher,159,158,color_jitter,color_jitter,0,"{""brightness"":1.198233,""contrast"":0.625145,""hue"":0.071699,""saturation"":0.871011}",0.42616123,0.13433294,-0.29182829,0.65301102,0.87429893,0.31252462,0.0745451,0.34048641,0.79975383,0.45926742,0.69291949,0.34285109,65.292122,22.385476,False,0.9306497,True,True,True,0.69291949,0.34285109,65.292122,22.385476,0.68731153,0.34424087,64.300987,22.135028,0.91202168,0.29463292,11.333326,3.3391708,0.56215639,0.43462376,14.267443,6.2009698,0.53156871,0.37201932,24.354286,9.060265,0.72604531,0.34983433,33.912233,11.863663,0.72573373,0.3232462,34.560894,11.171677,0.74375647,0.32334651,31.518739,10.191474
0b_baseline_last,file,19,baseline,4683,081.Pied_Kingfisher/Pied_Kingfisher_0016_72280.jpg,81,80,081.Pied_Kingfisher,159,158,rotation,rotation,0,"{""angle"":-12.778498}",0.42616123,1.050401,0.62423974,0.65301102,0.34979743,0.31252462,0.54158252,0.34048641,-0.1917851,-0.5322715,0.71941164,1.528567,65.292122,99.803385,False,0.95267385,False,True,False,0.71941164,1.528567,65.292122,99.803385,0.71137319,1.5215429,64.300987,97.836711,0.95197431,1.7395875,11.333326,19.715312,0.35992833,1.1026379,14.267443,15.731823,0.64420093,1.4798172,24.354286,36.03989,0.72829255,1.5027145,33.912233,50.960404,0.72456606,1.4871024,34.560894,51.395589,0.77126204,1.6749983,31.518739,52.793832
0b_baseline_last,file,19,baseline,4683,081.Pied_Kingfisher/Pied_Kingfisher_0016_72280.jpg,81,80,081.Pied_Kingfisher,159,158,random_resized_crop,random_resized_crop,0,"{""area_fraction"":0.75413,""aspect"":0.856951,""fallback"":false,""height"":0.938092,""left"":0.021308,""top"":0.046636,""width"":0.803898}",0.42616123,0.56579816,0.13963693,0.65301102,0.56790668,0.31252462,0.39354783,0.34048641,0.17435884,-0.16612756,0.78912922,1.2371113,65.292122,80.773619,False,0.98420411,True,True,True,0.78912922,1.2371113,65.292122,80.773619,0.78289151,1.2359329,64.300987,79.471707,0.98421127,1.27446,11.333326,14.44387,0.70063926,1.0108877,14.267443,14.422783,0.71234332,1.3626729,24.354286,33.186925,0.77643931,1.2516283,33.912233,42.44551,0.77820689,1.1719955,34.560894,40.50521,0.86136769,1.254756,31.518739,39.548327
0b_baseline_last,file,19,baseline,4683,081.Pied_Kingfisher/Pied_Kingfisher_0016_72280.jpg,81,80,081.Pied_Kingfisher,159,158,gaussian_blur,gaussian_blur,0,"{""sigma"":1.9905}",0.42616123,0.43027046,0.0041092336,0.65301102,0.65033317,0.31252462,0.11283869,0.34048641,0.53749447,0.19700807,0.42751159,0.66093138,65.292122,43.153612,False,0.88564235,True,True,True,0.42751159,0.66093138,65.292122,43.153612,0.41440465,0.65826634,64.300987,42.327175,0.8049419,0.74162062,11.333326,8.4050281,0.082791749,0.69798394,14.267443,9.9584462,0.22780737,0.7516007,24.354286,18.304698,0.46831953,0.62929262,33.912233,21.340718,0.46137105,0.60038824,34.560894,20.749954,0.50381437,0.68883035,31.518739,21.711064
0b_baseline_last,file,19,baseline,4683,081.Pied_Kingfisher/Pied_Kingfisher_0016_72280.jpg,81,80,081.Pied_Kingfisher,159,158,random_erasing,random_erasing,0,"{""area_fraction"":0.100351,""erased"":true,""height"":0.288113,""left"":0.296302,""top"":0.006016,""width"":0.348302}",0.42616123,0.26601571,-0.16014552,0.65301102,0.7664271,0.31252462,0.081029437,0.34048641,0.68539766,0.34491125,0.63378313,0.50229365,65.292122,32.795818,False,0.93833137,True,True,True,0.63378313,0.50229365,65.292122,32.795818,0.62641109,0.50140759,64.300987,32.241003,0.85922158,0.53002516,11.333326,6.0069478,0.66906857,0.48362977,14.267443,6.9001602,0.60331565,0.50244756,24.354286,12.236752,0.64012694,0.47625538,33.912233,16.150883,0.59677167,0.49292921,34.560894,17.036074,0.65273916,0.54127418,31.518739,17.060279
0b_baseline_last,file,19,baseline,9125,156.White_eyed_Vireo/White_Eyed_Vireo_0050_158829.jpg,156,155,156.White_eyed_Vireo,152,151,identity,identity,0,{},0.025981195,0.025981195,0,0.97435343,0.97435343,0.007346936,0.007346936,0.9670065,0.9670065,0,1,1,3.8092216,3.8092216,False,1,True,True,True,1,1,3.8092216,3.8092216,1,1,3.7376982,3.7376982,1,1,0.73469769,0.73469769,1,1,0.55887381,0.55887381,1,1,1.6712672,1.6712672,1,1,1.7953539,1.7953539,1,1,1.9334557,1.9334557,1,1,1.9756942,1.9756942
0b_baseline_last,file,19,baseline,9125,156.White_eyed_Vireo/White_Eyed_Vireo_0050_158829.jpg,156,155,156.White_eyed_Vireo,152,151,horizontal_flip,horizontal_flip,0,"{""flipped"":true}",0.025981195,0.010476002,-0.015505193,0.97435343,0.98957866,0.007346936,0.0032201251,0.9670065,0.98635854,0.019352043,0.66566049,0.40913816,3.8092216,1.5584979,False,0.98414177,True,True,True,0.66566049,0.40913816,3.8092216,1.5584979,0.65247214,0.40788779,3.7376982,1.5245615,0.98375853,0.44026593,0.73469769,0.32346236,0.41657458,0.37327064,0.55887381,0.20861118,0.63496171,0.39874267,1.6712672,0.66640553,0.5934061,0.41377057,1.7953539,0.7428646,0.61509517,0.39753273,1.9334557,0.76861193,0.76354192,0.4216761,1.9756942,0.83310305
0b_baseline_last,file,19,baseline,9125,156.White_eyed_Vireo/White_Eyed_Vireo_0050_158829.jpg,156,155,156.White_eyed_Vireo,152,151,color_jitter,color_jitter,0,"{""brightness"":0.968804,""contrast"":0.884205,""hue"":-0.068038,""saturation"":0.63575}",0.025981195,1.1621988,1.1362176,0.97435343,0.31279767,0.007346936,0.0089947078,0.9670065,0.30380296,-0.66320354,0.26778797,36.618284,3.8092216,139.48716,False,0.85219955,False,True,False,0.26778797,36.618284,3.8092216,139.48716,0.25530351,36.864369,3.7376982,137.78789,0.67734608,29.544575,0.73469769,21.706331,-0.17700978,39.696008,0.55887381,22.185059,0.055356868,50.812806,1.6712672,84.921774,0.23052547,40.217355,1.7953539,72.204385,0.39325786,29.103487,1.9334557,56.270303,0.49943256,27.26552,1.9756942,53.86833
0b_baseline_last,file,19,baseline,9125,156.White_eyed_Vireo/White_Eyed_Vireo_0050_158829.jpg,156,155,156.White_eyed_Vireo,152,151,rotation,rotation,0,"{""angle"":4.884884}",0.025981195,0.020602861,-0.0053783339,0.97435343,0.97960794,0.007346936,0.0039405939,0.9670065,0.97566735,0.0086608492,0.82905209,0.853617,3.8092216,3.2516163,False,0.98179549,True,True,True,0.82905209,0.853617,3.8092216,3.2516163,0.82391482,0.8552421,3.7376982,3.1966369,0.97052463,0.8104242,0.73469769,0.59541679,0.82540966,1.1227879,0.55887381,0.62749673,0.86259536,0.96144996,1.6712672,1.6068398,0.75540055,0.88461351,1.7953539,1.5881943,0.82037633,0.79624178,1.9334557,1.5394982,0.87240019,0.77597869,1.9756942,1.5330966
0b_baseline_last,file,19,baseline,9125,156.White_eyed_Vireo/White_Eyed_Vireo_0050_158829.jpg,156,155,156.White_eyed_Vireo,152,151,random_resized_crop,random_resized_crop,0,"{""area_fraction"":0.860968,""aspect"":1.02768,""fallback"":false,""height"":0.915303,""left"":0.004528,""top"":0.023934,""width"":0.940638}",0.025981195,0.016945807,-0.009035388,0.97435343,0.98319697,0.007346936,0.0044879545,0.9670065,0.97870902,0.011702523,0.74382413,0.62269048,3.8092216,2.371966,False,0.97509366,True,True,True,0.74382413,0.62269048,3.8092216,2.371966,0.73531228,0.62181955,3.7376982,2.3241738,0.95673752,0.64482254,0.73469769,0.47374963,0.76148779,0.67221877,0.55887381,0.37568546,0.73464104,0.56266873,1.6712672,0.94036977,0.65961778,0.61320028,1.7953539,1.1009115,0.69458395,0.58978701,1.9334557,1.1403271,0.82973081,0.69103953,1.9756942,1.3652828
0b_baseline_last,file,19,baseline,9125,156.White_eyed_Vireo/White_Eyed_Vireo_0050_158829.jpg,156,155,156.White_eyed_Vireo,152,151,gaussian_blur,gaussian_blur,0,"{""sigma"":1.711643}",0.025981195,0.63622111,0.61023992,0.97435343,0.52928877,0.007346936,0.046018776,0.9670065,0.48326999,-0.4837365,0.47761192,22.820565,3.8092216,86.928586,False,0.85429215,True,True,True,0.47761192,22.820565,3.8092216,86.928586,0.46898055,23.018973,3.7376982,86.037975,0.80440203,16.893379,0.73469769,12.411527,0.36588402,31.057795,0.55887381,17.357388,0.46118996,25.881598,1.6712672,43.255065,0.41168339,26.282328,1.7953539,47.186079,0.44415159,22.115,1.9334557,42.758373,0.62496562,17.353303,1.9756942,34.284821
0b_baseline_last,file,19,baseline,9125,156.White_eyed_Vireo/White_Eyed_Vireo_0050_158829.jpg,156,155,156.White_eyed_Vireo,152,151,random_erasing,random_erasing,0,"{""area_fraction"":0.140844,""erased"":true,""height"":0.247198,""left"":0.173724,""top"":0.287173,""width"":0.569763}",0.025981195,0.50638181,0.48040061,0.97435343,0.60267222,0.007346936,0.0029578137,0.9670065,0.59971441,-0.36729209,0.47515812,17.151762,3.8092216,65.33486,False,0.82989633,True,True,True,0.47515812,17.151762,3.8092216,65.33486,0.46590544,17.241885,3.7376982,64.444965,0.76367157,14.627306,0.73469769,10.746648,0.56898679,20.299735,0.55887381,11.34499,0.44428088,15.336886,1.6712672,25.632034,0.42510949,19.470817,1.7953539,34.957007,0.44249351,17.56995,1.9334557,33.97072,0.54401019,15.937264,1.9756942,31.487161
0b_baseline_last,file,19,baseline,3979,069.Rufous_Hummingbird/Rufous_Hummingbird_0060_58986.jpg,69,68,069.Rufous_Hummingbird,17,16,identity,identity,0,{},0.99894583,0.99894583,0,0.36826745,0.36826745,0.083393157,0.083393157,0.28487429,0.28487429,0,1,1,98.691494,98.691494,False,0.99999988,True,True,True,1,1,98.691494,98.691494,1,1,97.026461,97.026461,1,1,18.052057,18.052057,1,1,14.787611,14.787611,1,1,43.89591,43.89591,1,1,52.777899,52.777899,1,1,49.342383,49.342383,1,1,45.259613,45.259613
0b_baseline_last,file,19,baseline,3979,069.Rufous_Hummingbird/Rufous_Hummingbird_0060_58986.jpg,69,68,069.Rufous_Hummingbird,17,16,horizontal_flip,horizontal_flip,0,"{""flipped"":true}",0.99894583,0.46522373,-0.5337221,0.36826745,0.6279946,0.083393157,0.01377283,0.28487429,0.61422177,0.32934748,0.5814257,0.6316854,98.691494,62.341976,False,0.93595594,True,True,True,0.5814257,0.6316854,98.691494,62.341976,0.57009813,0.63252276,97.026461,61.371445,0.92290258,0.606997,18.052057,10.957544,0.56050605,0.68628233,14.787611,10.148476,0.40568665,0.6590467,43.89591,28.929455,0.56575764,0.61956534,52.777899,32.699357,0.62050442,0.61877589,49.342383,30.531877,0.68016487,0.63466421,45.259613,28.724656
0b_baseline_last,file,19,baseline,3979,069.Rufous_Hummingbird/Rufous_Hummingbird_0060_58986.jpg,69,68,069.Rufous_Hummingbird,17,16,color_jitter,color_jitter,0,"{""brightness"":0.865403,""contrast"":0.720497,""hue"":-0.040934,""saturation"":1.07805}",0.99894583,2.4811535,1.4822077,0.36826745,0.083646677,0.083393157,0.29913592,0.28487429,-0.21548925,-0.50036354,0.72056292,1.0696004,98.691494,105.56046,False,0.92120349,False,True,False,0.72056292,1.0696004,98.691494,105.56046,0.71433218,1.0590156,97.026461,102.75254,0.88200581,1.3397522,18.052057,24.185283,0.53099721,0.89892403,14.787611,13.292939,0.76151558,0.93592264,43.89591,41.083175,0.68896489,0.94446226,52.777899,49.846734,0.71585281,1.1106561,49.342383,54.80242,0.73980672,1.2509518,45.259613,56.617594
0b_baseline_last,file,19,baseline,3979,069.Rufous_Hummingbird/Rufous_Hummingbird_0060_58986.jpg,69,68,069.Rufous_Hummingbird,17,16,rotation,rotation,0,"{""angle"":7.842782}",0.99894583,1.1825666,0.18362081,0.36826745,0.30649108,0.083393157,0.060548022,0.28487429,0.24594305,-0.038931236,0.7591054,0.97958664,98.691494,96.676869,False,0.96340168,True,True,True,0.7591054,0.97958664,98.691494,96.676869,0.75193456,0.97735087,97.026461,94.828896,0.95489566,1.0421063,18.052057,18.812162,0.60420987,1.3483607,14.787611,19.939034,0.72947464,0.99475108,43.89591,43.665503,0.73252075,0.92762395,52.777899,48.958043,0.78052332,0.96932991,49.342383,47.829047,0.79335716,0.98903842,45.259613,44.763496
0b_baseline_last,file,19,baseline,3979,069.Rufous_Hummingbird/Rufous_Hummingbird_0060_58986.jpg,69,68,069.Rufous_Hummingbird,17,16,random_resized_crop,random_resized_crop,0,"{""area_fraction"":0.863901,""aspect"":0.951739,""fallback"":false,""height"":0.952737,""left"":0.039479,""top"":0.022925,""width"":0.906757}",0.99894583,2.002655,1.0037092,0.36826745,0.13497646,0.083393157,0.079553865,0.28487429,0.055422597,-0.22945169,0.82651214,1.2970696,98.691494,128.00973,False,0.96843779,True,True,True,0.82651214,1.2970696,98.691494,128.00973,0.82179968,1.2969607,97.026461,125.83951,0.96231127,1.300209,18.052057,23.471446,0.72709358,1.5019787,14.787611,22.210676,0.79908554,1.3813367,43.89591,60.63503,0.82922544,1.3253921,52.777899,69.951411,0.81993981,1.2401886,49.342383,61.193859,0.85572912,1.2157684,45.259613,55.025208
0b_baseline_last,file,19,baseline,3979,069.Rufous_Hummingbird/Rufous_Hummingbird_0060_58986.jpg,69,68,069.Rufous_Hummingbird,17,16,gaussian_blur,gaussian_blur,0,"{""sigma"":1.65684}",0.99894583,1.5481451,0.54919922,0.36826745,0.21264204,0.083393157,0.13156664,0.28487429,0.0810754,-0.20379889,0.69406212,1.0798713,98.691494,106.57412,False,0.92445302,True,True,True,0.69406212,1.0798713,98.691494,106.57412,0.68581797,1.0763846,97.026461,104.43779,0.91465214,1.1761444,18.052057,21.231826,0.44607736,1.3343602,14.787611,19.732,0.66785609,1.1703819,43.89591,51.374977,0.6972919,1.0111655,52.777899,53.367189,0.67670829,1.0639925,49.342383,52.499926,0.73957675,1.0536702,45.259613,47.688706
0b_baseline_last,file,19,baseline,3979,069.Rufous_Hummingbird/Rufous_Hummingbird_0060_58986.jpg,69,68,069.Rufous_Hummingbird,17,16,random_erasing,random_erasing,0,"{""area_fraction"":0.095646,""erased"":true,""height"":0.437657,""left"":0.191226,""top"":0.270102,""width"":0.218541}",0.99894583,1.4705148,0.47156894,0.36826745,0.22980715,0.083393157,0.070747063,0.28487429,0.15906009,-0.1258142,0.82090504,1.0808311,98.691494,106.66883,False,0.94798547,True,True,True,0.82090504,1.0808311,98.691494,106.66883,0.81669415,1.0804925,97.026461,104.83636,0.94146227,1.0905673,18.052057,19.686983,0.75859547,1.1580832,14.787611,17.125283,0.85338893,1.064495,43.89591,46.726976,0.83708304,1.0697482,52.777899,56.459063,0.79122923,1.0478167,49.342383,51.70177,0.79439486,1.1381004,45.259613,51.509981
0b_baseline_last,file,19,baseline,6330,109.American_Redstart/American_Redstart_0128_102983.jpg,109,108,109.American_Redstart,21,20,identity,identity,0,{},0.059236232,0.059236232,0,0.94248408,0.94248408,0.014627133,0.014627133,0.92785695,0.92785695,0,1,1,8.0502745,8.0502745,False,1,True,True,True,1,1,8.0502745,8.0502745,1,1,7.8857531,7.8857531,1,1,1.6192028,1.6192028,1,1,1.8552503,1.8552503,1,1,3.1581005,3.1581005,1,1,4.3471805,4.3471805,1,1,3.8508349,3.8508349,1,1,3.8784845,3.8784845
0b_baseline_last,file,19,baseline,6330,109.American_Redstart/American_Redstart_0128_102983.jpg,109,108,109.American_Redstart,21,20,horizontal_flip,horizontal_flip,0,"{""flipped"":true}",0.059236232,0.033851959,-0.025384273,0.94248408,0.96671462,0.014627133,0.016036542,0.92785695,0.95067808,0.02282113,0.65500058,0.57485906,8.0502745,4.6277733,False,0.96824843,True,True,True,0.65500058,0.57485906,8.0502745,4.6277733,0.6412194,0.57145923,7.8857531,4.5063864,0.94746228,0.65030774,1.6192028,1.0529801,0.52965269,0.62739778,1.8552503,1.1639799,0.53649922,0.58980302,3.1581005,1.8626572,0.63494983,0.56972055,4.3471805,2.4766781,0.63377865,0.56198222,3.8508349,2.1641007,0.76021617,0.55693712,3.8784845,2.160072
0b_baseline_last,file,19,baseline,6330,109.American_Redstart/American_Redstart_0128_102983.jpg,109,108,109.American_Redstart,21,20,color_jitter,color_jitter,0,"{""brightness"":1.330227,""contrast"":0.995903,""hue"":0.013226,""saturation"":1.371112}",0.059236232,0.071182191,0.011945959,0.94248408,0.93129218,0.014627133,0.014577796,0.92785695,0.91671438,-0.011142568,0.74811673,1.1812138,8.0502745,9.5090957,False,0.93263632,True,True,True,0.74811673,1.1812138,8.0502745,9.5090957,0.74032772,1.1775422,7.8857531,9.285807,0.92190688,1.2651793,1.6192028,2.0485819,0.73890775,1.3672529,1.8552503,2.5365964,0.68848141,1.1315413,3.1581005,3.5735211,0.74269823,1.0902973,4.3471805,4.7397192,0.72123587,1.191599,3.8508349,4.588651,0.79334276,1.2499216,3.8784845,4.8478017
0b_baseline_last,file,19,baseline,6330,109.American_Redstart/American_Redstart_0128_102983.jpg,109,108,109.American_Redstart,21,20,rotation,rotation,0,"{""angle"":6.669315}",0.059236232,0.021011619,-0.038224613,0.94248408,0.97920758,0.014627133,0.009280283,0.92785695,0.96992729,0.042070344,0.73643184,0.35760542,8.0502745,2.8788218,False,0.96551442,True,True,True,0.73643184,0.35760542,8.0502745,2.8788218,0.72655725,0.35576166,7.8857531,2.8054486,0.94993963,0.39884577,1.6192028,0.64581219,0.67458248,0.47692364,1.8552503,0.8848127,0.6835327,0.37319343,3.1581005,1.1785824,0.7177358,0.33670169,4.3471805,1.463703,0.71999308,0.34038043,3.8508349,1.3107488,0.80274085,0.34956089,3.8784845,1.3557665
0b_baseline_last,file,19,baseline,6330,109.American_Redstart/American_Redstart_0128_102983.jpg,109,108,109.American_Redstart,21,20,random_resized_crop,random_resized_crop,0,"{""area_fraction"":0.853908,""aspect"":1.094104,""fallback"":false,""height"":0.883438,""left"":0.010682,""top"":0.049748,""width"":0.966573}",0.059236232,0.036215529,-0.023020703,0.94248408,0.96443242,0.014627133,0.010860564,0.92785695,0.95357185,0.025714906,0.80528949,0.63428027,8.0502745,5.1061303,False,0.97788042,True,True,True,0.80528949,0.63428027,8.0502745,5.1061303,0.79813373,0.63425555,7.8857531,5.0015827,0.97484923,0.63486613,1.6192028,1.027977,0.78207435,0.82104837,1.8552503,1.5232502,0.76779368,0.68223741,3.1581005,2.1545743,0.78437262,0.60192982,4.3471805,2.6166976,0.78645445,0.61726968,3.8508349,2.3770036,0.86672267,0.60774695,3.8784845,2.3571372
0b_baseline_last,file,19,baseline,6330,109.American_Redstart/American_Redstart_0128_102983.jpg,109,108,109.American_Redstart,21,20,gaussian_blur,gaussian_blur,0,"{""sigma"":1.187847}",0.059236232,0.21073858,0.15150235,0.94248408,0.80998576,0.014627133,0.016079972,0.92785695,0.79390579,-0.13395116,0.51851764,4.888675,8.0502745,39.355176,False,0.90788364,True,True,True,0.51851764,4.888675,8.0502745,39.355176,0.5116258,4.9572732,7.8857531,39.091833,0.89117058,2.8070365,1.6192028,4.5451614,0.52943989,8.1756743,1.8552503,15.167922,0.42288472,6.0774213,3.1581005,19.193107,0.46119025,4.7553825,4.3471805,20.672506,0.56505941,4.6513957,3.8508349,17.911757,0.70354192,3.4740177,3.8784845,13.473924
0b_baseline_last,file,19,baseline,6330,109.American_Redstart/American_Redstart_0128_102983.jpg,109,108,109.American_Redstart,21,20,random_erasing,random_erasing,0,"{""area_fraction"":0.072954,""erased"":true,""height"":0.170172,""left"":0.375959,""top"":0.192738,""width"":0.428708}",0.059236232,0.099794969,0.040558737,0.94248408,0.90502298,0.014627133,0.022736702,0.92785695,0.88228628,-0.045570672,0.85933007,1.6607097,8.0502745,13.369169,False,0.98253,True,True,True,0.85933007,1.6607097,8.0502745,13.369169,0.8541721,1.6604254,7.8857531,13.093704,0.98116112,1.6674403,1.6192028,2.699924,0.85172453,1.7293994,1.8552503,3.2084687,0.870636,1.5790484,3.1581005,4.9867935,0.83815655,1.5925155,4.3471805,6.9229524,0.84489971,1.7682032,3.8508349,6.8090587,0.87680128,1.6707908,3.8784845,6.4801362
0b_baseline_last,file,19,baseline,1259,023.Brandt_Cormorant/Brandt_Cormorant_0083_23156.jpg,23,22,023.Brandt_Cormorant,72,71,identity,identity,0,{},2.8392053,2.8392053,0,0.058472112,0.058472112,0.62678307,0.62678307,-0.56831096,-0.56831096,0,1,1,170.05632,170.05632,False,0.99999982,True,False,False,1,1,170.05632,170.05632,1,1,165.7139,165.7139,1,1,38.1845,38.1845,1,1,44.241554,44.241554,1,1,66.268007,66.268007,1,1,82.828183,82.828183,1,1,86.230535,86.230535,1,1,82.559788,82.559788
0b_baseline_last,file,19,baseline,1259,023.Brandt_Cormorant/Brandt_Cormorant_0083_23156.jpg,23,22,023.Brandt_Cormorant,72,71,horizontal_flip,horizontal_flip,0,"{""flipped"":true}",2.8392053,3.7435739,0.90436864,0.058472112,0.023669358,0.62678307,0.30397892,-0.56831096,-0.28030956,0.2880014,0.57760077,1.0562802,170.05632,179.62711,False,0.96722114,False,False,False,0.57760077,1.0562802,170.05632,179.62711,0.5615568,1.0556282,165.7139,174.93226,0.87617753,1.0684855,38.1845,40.799586,0.58517488,1.2035672,44.241554,53.247683,0.54017627,1.1047157,66.268007,73.207312,0.50848498,0.95419532,82.828183,79.034264,0.54371075,1.0743647,86.230535,92.643044,0.64111347,1.0543746,82.559788,87.048948
0b_baseline_last,file,19,baseline,1259,023.Brandt_Cormorant/Brandt_Cormorant_0083_23156.jpg,23,22,023.Brandt_Cormorant,72,71,color_jitter,color_jitter,0,"{""brightness"":1.294745,""contrast"":1.227583,""hue"":-0.056756,""saturation"":1.134073}",2.8392053,2.3398352,-0.4993701,0.058472112,0.096343525,0.62678307,0.11316214,-0.56831096,-0.016818613,0.55149235,0.47516262,0.66121579,170.05632,112.44392,False,0.93274093,False,False,False,0.47516262,0.66121579,170.05632,112.44392,0.45557205,0.65442226,165.7139,108.44686,0.79217575,0.77816564,38.1845,29.713866,0.455575,0.42529898,44.241554,18.815887,0.22852707,0.49872576,66.268007,33.049562,0.40721992,0.59109776,82.828183,48.959553,0.50625181,0.71875329,86.230535,61.978481,0.55975022,0.77330477,82.559788,63.843878
0b_baseline_last,file,19,baseline,1259,023.Brandt_Cormorant/Brandt_Cormorant_0083_23156.jpg,23,22,023.Brandt_Cormorant,72,71,rotation,rotation,0,"{""angle"":-7.684121}",2.8392053,4.6574569,1.8182516,0.058472112,0.0094905682,0.62678307,0.40432647,-0.56831096,-0.3948359,0.17347506,0.61072652,1.0876253,170.05632,184.95755,False,0.95900095,False,False,False,0.61072652,1.0876253,170.05632,184.95755,0.59666729,1.0904134,165.7139,180.69665,0.89087269,1.0337106,38.1845,39.471722,0.31008951,1.3938394,44.241554,61.665619,0.4538642,1.1044813,66.268007,73.191775,0.62823108,1.0549923,82.828183,87.383098,0.65302491,1.0440064,86.230535,90.025227,0.71579135,1.0663929,82.559788,88.041171
0b_baseline_last,file,19,baseline,1259,023.Brandt_Cormorant/Brandt_Cormorant_0083_23156.jpg,23,22,023.Brandt_Cormorant,72,71,random_resized_crop,random_resized_crop,0,"{""area_fraction"":0.878952,""aspect"":1.081477,""fallback"":false,""height"":0.901517,""left"":0.023923,""top"":0.065474,""width"":0.97497}",2.8392053,4.7757049,1.9364996,0.058472112,0.0084321368,0.62678307,0.94461221,-0.56831096,-0.93618007,-0.36786911,0.80659438,1.3453834,170.05632,228.79094,False,0.98406458,True,False,False,0.80659438,1.3453834,170.05632,228.79094,0.79945314,1.3519107,165.7139,224.03038,0.96046518,1.2159206,38.1845,46.42932,0.7815443,1.6055095,44.241554,71.030235,0.78749101,1.3934494,66.268007,92.341115,0.77944727,1.3304061,82.828183,110.19512,0.7974947,1.3270997,86.230535,114.43652,0.84264449,1.2920485,82.559788,106.67125
0b_baseline_last,file,19,baseline,1259,023.Brandt_Cormorant/Brandt_Cormorant_0083_23156.jpg,23,22,023.Brandt_Cormorant,72,71,gaussian_blur,gaussian_blur,0,"{""sigma"":1.704504}",2.8392053,6.0083938,3.1691885,0.058472112,0.0024580329,0.62678307,0.95551687,-0.56831096,-0.95305884,-0.38474788,0.4659936,1.1467129,170.05632,195.00577,False,0.84157038,True,False,False,0.4659936,1.1467129,170.05632,195.00577,0.44883713,1.1512189,165.7139,190.77296,0.81907526,1.0582694,38.1845,40.409487,0.44555478,1.3397495,44.241554,59.272601,0.39321809,1.127543,66.268007,74.720025,0.36433031,1.0754276,82.828183,89.075711,0.4426448,1.1660545,86.230535,100.5495,0.57267458,1.1651454,82.559788,96.194158
0b_baseline_last,file,19,baseline,1259,023.Brandt_Cormorant/Brandt_Cormorant_0083_23156.jpg,23,22,023.Brandt_Cormorant,72,71,random_erasing,random_erasing,0,"{""area_fraction"":0.059022,""erased"":true,""height"":0.193212,""left"":0.059623,""top"":0.528441,""width"":0.305477}",2.8392053,3.5160675,0.67686224,0.058472112,0.029716065,0.62678307,0.48660731,-0.56831096,-0.45689125,0.11141971,0.82688428,0.79833799,170.05632,135.76242,False,0.96061516,True,False,False,0.82688428,0.79833799,170.05632,135.76242,0.82028707,0.79707269,165.7139,132.08602,0.94776309,0.82180494,38.1845,31.380211,0.81915238,0.62586755,44.241554,27.689353,0.75239216,0.72236295,66.268007,47.869553,0.83092189,0.76274546,82.828183,63.176821,0.83916959,0.83147556,86.230535,71.698582,0.84004494,0.87817446,82.559788,72.501898
0b_baseline_last,file,19,baseline,7930,136.Barn_Swallow/Barn_Swallow_0026_132386.jpg,136,135,136.Barn_Swallow,137,136,identity,identity,0,{},0.99328369,0.99328369,0,0.37035856,0.37035856,0.61497742,0.61497742,-0.24461886,-0.24461886,0,1,1,154.50895,154.50895,False,0.99999994,True,False,False,1,1,154.50895,154.50895,1,1,151.60898,151.60898,1,1,29.794843,29.794843,1,1,46.116219,46.116219,1,1,74.13858,74.13858,1,1,74.662971,74.662971,1,1,70.919929,70.919929,1,1,68.977186,68.977186
0b_baseline_last,file,19,baseline,7930,136.Barn_Swallow/Barn_Swallow_0026_132386.jpg,136,135,136.Barn_Swallow,137,136,horizontal_flip,horizontal_flip,0,"{""flipped"":true}",0.99328369,0.77088928,-0.22239441,0.37035856,0.46260148,0.61497742,0.52177298,-0.24461886,-0.059171498,0.18544737,0.67989765,0.87382848,154.50895,135.01432,False,0.96340817,True,False,False,0.67989765,0.87382848,154.50895,135.01432,0.66857756,0.87266479,151.60898,132.30382,0.96340789,0.90343736,29.794843,26.917774,0.67897525,0.93041936,46.116219,42.907423,0.72173979,0.88449444,74.13858,65.575162,0.6633399,0.93652783,74.662971,69.92395,0.58329788,0.78273727,70.919929,55.511671,0.6966578,0.8443806,68.977186,58.242998
0b_baseline_last,file,19,baseline,7930,136.Barn_Swallow/Barn_Swallow_0026_132386.jpg,136,135,136.Barn_Swallow,137,136,color_jitter,color_jitter,0,"{""brightness"":1.277334,""contrast"":1.222299,""hue"":0.015868,""saturation"":0.651088}",0.99328369,3.8595004,2.8662167,0.37035856,0.021078527,0.61497742,0.87297153,-0.24461886,-0.85189301,-0.60727414,0.77750229,1.290666,154.50895,199.41945,False,0.93316066,True,False,False,0.77750229,1.290666,154.50895,199.41945,0.7709748,1.2810875,151.60898,194.22437,0.93086407,1.5177724,29.794843,45.221789,0.77565414,1.139726,46.116219,52.559852,0.79721123,1.0886062,74.13858,80.707717,0.76336006,1.3089258,74.662971,97.728291,0.75286269,1.3513987,70.919929,95.841099,0.78926898,1.4286152,68.977186,98.541859
0b_baseline_last,file,19,baseline,7930,136.Barn_Swallow/Barn_Swallow_0026_132386.jpg,136,135,136.Barn_Swallow,137,136,rotation,rotation,0,"{""angle"":-9.829237}",0.99328369,0.24838366,-0.74490003,0.37035856,0.78006059,0.61497742,0.21261376,-0.24461886,0.56744683,0.81206569,0.80964919,0.31383867,154.50895,48.490883,False,0.95472252,False,False,True,0.80964919,0.31383867,154.50895,48.490883,0.80363016,0.31259643,151.60898,47.392426,0.95474194,0.34444666,29.794843,10.262734,0.84701623,0.31461111,46.116219,14.508675,0.84001576,0.31664127,74.13858,23.475334,0.79598114,0.30943172,74.662971,23.103092,0.75705523,0.30652916,70.919929,21.739026,0.79912138,0.31699971,68.977186,21.865748
0b_baseline_last,file,19,baseline,7930,136.Barn_Swallow/Barn_Swallow_0026_132386.jpg,136,135,136.Barn_Swallow,137,136,random_resized_crop,random_resized_crop,0,"{""area_fraction"":0.635301,""aspect"":0.848057,""fallback"":false,""height"":0.86552,""left"":0.246148,""top"":0.038176,""width"":0.734011}",0.99328369,0.18260528,-0.81067841,0.37035856,0.83309692,0.61497742,0.16492252,-0.24461886,0.6681744,0.91279326,0.78803274,0.30384724,154.50895,46.947118,False,0.9655872,False,False,True,0.78803274,0.30384724,154.50895,46.947118,0.78131274,0.30406261,151.60898,46.098622,0.96558181,0.29821668,29.794843,8.8853189,0.74262307,0.32742194,46.116219,15.099462,0.80549066,0.30986975,74.13858,22.973303,0.77747256,0.31207127,74.662971,23.300168,0.74163597,0.27971377,70.919929,19.837281,0.81915971,0.30163993,68.977186,20.806274
0b_baseline_last,file,19,baseline,7930,136.Barn_Swallow/Barn_Swallow_0026_132386.jpg,136,135,136.Barn_Swallow,137,136,gaussian_blur,gaussian_blur,0,"{""sigma"":1.716193}",0.99328369,3.2937388,2.3004552,0.37035856,0.037114821,0.61497742,0.87892991,-0.24461886,-0.84181509,-0.59719623,0.54609664,1.0980169,154.50895,169.65344,False,0.84012222,True,False,False,0.54609664,1.0980169,154.50895,169.65344,0.53298937,1.0897526,151.60898,165.21627,0.83966351,1.2937474,29.794843,38.547001,0.46834368,1.2653527,46.116219,58.35328,0.57315255,0.89771951,74.13858,66.55565,0.48655462,1.053892,74.662971,78.686707,0.52764605,1.1266633,70.919929,79.90288,0.59637899,1.2029985,68.977186,82.979449
0b_baseline_last,file,19,baseline,7930,136.Barn_Swallow/Barn_Swallow_0026_132386.jpg,136,135,136.Barn_Swallow,137,136,random_erasing,random_erasing,0,"{""area_fraction"":0.059979,""erased"":true,""height"":0.150293,""left"":0.339102,""top"":0.691063,""width"":0.399079}",0.99328369,1.1003785,0.10709482,0.37035856,0.33274508,0.61497742,0.65752375,-0.24461886,-0.32477868,-0.080159813,0.94946663,1.0389913,154.50895,160.53346,False,0.99280012,True,False,False,0.94946663,1.0389913,154.50895,160.53346,0.94776198,1.0379909,151.60898,157.36874,0.99279354,1.0645681,29.794843,31.718639,0.92825677,0.98187068,46.116219,45.280163,0.96380711,1.0718653,74.13858,79.466575,0.94808276,1.055593,74.662971,78.813707,0.93930908,1.0222112,70.919929,72.495143,0.94691979,1.0181928,68.977186,70.232073
0b_baseline_last,file,19,baseline,2286,040.Olive_sided_Flycatcher/Olive_Sided_Flycatcher_0017_30704.jpg,40,39,040.Olive_sided_Flycatcher,102,101,identity,identity,0,{},0.32796142,0.32796142,0,0.7203908,0.7203908,0.25616658,0.25616658,0.46422422,0.46422422,0,1,1,55.882047,55.882047,False,1,True,True,True,1,1,55.882047,55.882047,1,1,54.47036,54.47036,1,1,12.481307,12.481307,1,1,14.461424,14.461424,1,1,25.519772,25.519772,1,1,29.89388,29.89388,1,1,25.69745,25.69745,1,1,23.507989,23.507989
0b_baseline_last,file,19,baseline,2286,040.Olive_sided_Flycatcher/Olive_Sided_Flycatcher_0017_30704.jpg,40,39,040.Olive_sided_Flycatcher,102,101,horizontal_flip,horizontal_flip,0,"{""flipped"":true}",0.32796142,0.53603292,0.2080715,0.7203908,0.58506465,0.25616658,0.29775557,0.46422422,0.28730908,-0.17691514,0.62431793,1.3926621,55.882047,77.824808,False,0.94622111,True,True,True,0.62431793,1.3926621,55.882047,77.824808,0.61027009,1.4007261,54.47036,76.298055,0.93436136,1.2290167,12.481307,15.339736,0.75096625,1.7089578,14.461424,24.713962,0.59568652,1.592041,25.519772,40.628524,0.5589826,1.2284394,29.89388,36.72282,0.53767465,1.351042,25.69745,34.718334,0.7469087,1.3492278,23.507989,31.717631
0b_baseline_last,file,19,baseline,2286,040.Olive_sided_Flycatcher/Olive_Sided_Flycatcher_0017_30704.jpg,40,39,040.Olive_sided_Flycatcher,102,101,color_jitter,color_jitter,0,"{""brightness"":0.646754,""contrast"":0.684867,""hue"":-0.085095,""saturation"":1.375681}",0.32796142,0.87487543,0.54691401,0.7203908,0.41691396,0.25616658,0.13395004,0.46422422,0.28296392,-0.1812603,0.52706685,1.6855488,55.882047,94.191915,False,0.91863906,True,True,True,0.52706685,1.6855488,55.882047,94.191915,0.51780212,1.6979923,54.47036,92.490252,0.74446928,1.4279997,12.481307,17.823303,0.50088074,1.9029061,14.461424,27.518731,0.4501657,1.8916336,25.519772,48.27406,0.51153916,1.6089523,29.89388,48.097826,0.55435424,1.5436162,25.69745,39.667001,0.5930922,1.6908327,23.507989,39.748076
0b_baseline_last,file,19,baseline,2286,040.Olive_sided_Flycatcher/Olive_Sided_Flycatcher_0017_30704.jpg,40,39,040.Olive_sided_Flycatcher,102,101,rotation,rotation,0,"{""angle"":-11.614948}",0.32796142,0.54247582,0.2145144,0.7203908,0.58130729,0.25616658,0.40572593,0.46422422,0.17558137,-0.28864285,0.78289113,1.4498039,55.882047,81.018011,False,0.96367723,True,True,True,0.78289113,1.4498039,55.882047,81.018011,0.77295595,1.4454493,54.47036,78.734144,0.96282307,1.5303781,12.481307,19.101119,0.70975972,1.6629602,14.461424,24.048772,0.78288919,1.301996,25.519772,33.226641,0.77919921,1.3596846,29.89388,40.646248,0.76114137,1.5184037,25.69745,39.019104,0.8061965,1.5583954,23.507989,36.634741
0b_baseline_last,file,19,baseline,2286,040.Olive_sided_Flycatcher/Olive_Sided_Flycatcher_0017_30704.jpg,40,39,040.Olive_sided_Flycatcher,102,101,random_resized_crop,random_resized_crop,0,"{""area_fraction"":0.531154,""aspect"":1.136845,""fallback"":false,""height"":0.683533,""left"":0.131025,""top"":0.161335,""width"":0.777071}",0.32796142,0.52051425,0.19255283,0.7203908,0.59421492,0.25616658,0.34485883,0.46422422,0.24935609,-0.21486813,0.71268381,1.583323,55.882047,88.47933,False,0.96319705,True,True,True,0.71268381,1.583323,55.882047,88.47933,0.70051075,1.5878468,54.47036,86.490588,0.96024804,1.4945515,12.481307,18.653956,0.57327804,1.805995,14.461424,26.117258,0.65348347,1.568713,25.519772,40.033199,0.71661745,1.5961239,29.89388,47.714335,0.71429545,1.5709106,25.69745,40.368397,0.77344631,1.5276015,23.507989,35.91084
0b_baseline_last,file,19,baseline,2286,040.Olive_sided_Flycatcher/Olive_Sided_Flycatcher_0017_30704.jpg,40,39,040.Olive_sided_Flycatcher,102,101,gaussian_blur,gaussian_blur,0,"{""sigma"":1.666116}",0.32796142,1.3642924,1.036331,0.7203908,0.25556147,0.25616658,0.036476601,0.46422422,0.21908487,-0.24513935,0.3500444,3.6352588,55.882047,203.1457,False,0.89343286,False,True,False,0.3500444,3.6352588,55.882047,203.1457,0.34426719,3.6897186,54.47036,200.9803,0.55500077,2.3701062,12.481307,29.582024,0.27385376,4.3176125,14.461424,62.438823,0.32465889,4.2163518,25.519772,107.60034,0.32502935,3.5414752,29.89388,105.86843,0.37898816,3.4888027,25.69745,89.653334,0.41140202,3.2033656,23.507989,75.304681
0b_baseline_last,file,19,baseline,2286,040.Olive_sided_Flycatcher/Olive_Sided_Flycatcher_0017_30704.jpg,40,39,040.Olive_sided_Flycatcher,102,101,random_erasing,random_erasing,0,"{""area_fraction"":0.116502,""erased"":true,""height"":0.538904,""left"":0.399849,""top"":0.228724,""width"":0.216184}",0.32796142,4.0285797,3.7006183,0.7203908,0.017799594,0.25616658,0.0029322032,0.46422422,0.01486739,-0.44935683,0.21069671,1.6359492,55.882047,91.420188,False,0.65270615,False,True,False,0.21069671,1.6359492,55.882047,91.420188,0.19621836,1.6303259,54.47036,88.80444,0.46955005,1.7395824,12.481307,21.712263,0.060317999,1.0204513,14.461424,14.757178,0.17063853,1.4966478,25.519772,38.194112,0.17843376,1.4835408,29.89388,44.348791,0.17358669,1.6593737,25.69745,42.641672,0.29647912,2.0945894,23.507989,49.239583
0b_baseline_last,file,19,baseline,6891,118.House_Sparrow/House_Sparrow_0093_110990.jpg,118,117,118.House_Sparrow,76,75,identity,identity,0,{},0.87678587,0.87678587,0,0.41611823,0.41611823,0.16917221,0.16917221,0.24694602,0.24694602,0,1,1,83.510973,83.510973,False,0.99999988,True,True,True,1,1,83.510973,83.510973,1,1,81.279155,81.279155,1,1,19.17763,19.17763,1,1,15.568397,15.568397,1,1,38.910654,38.910654,1,1,42.98696,42.98696,1,1,38.107457,38.107457,1,1,39.367882,39.367882
0b_baseline_last,file,19,baseline,6891,118.House_Sparrow/House_Sparrow_0093_110990.jpg,118,117,118.House_Sparrow,76,75,horizontal_flip,horizontal_flip,0,"{""flipped"":true}",0.87678587,1.0166092,0.13982332,0.41611823,0.36181971,0.16917221,0.054349657,0.24694602,0.30747006,0.060524035,0.6886165,1.1695465,83.510973,97.669967,False,0.96886063,True,True,True,0.6886165,1.1695465,83.510973,97.669967,0.67661176,1.174338,81.279155,95.449203,0.92542315,1.0798638,19.17763,20.709228,0.62175525,1.3257387,15.568397,20.639627,0.7664841,1.3078866,38.910654,50.890722,0.68170433,1.0975141,42.98696,47.178796,0.56492749,1.0879862,38.107457,41.460388,0.68835521,1.1777846,39.367882,46.366884
0b_baseline_last,file,19,baseline,6891,118.House_Sparrow/House_Sparrow_0093_110990.jpg,118,117,118.House_Sparrow,76,75,color_jitter,color_jitter,0,"{""brightness"":0.76809,""contrast"":0.934358,""hue"":0.082244,""saturation"":0.926581}",0.87678587,6.2748332,5.3980473,0.41611823,0.0018831053,0.16917221,0.0022407183,0.24694602,-0.00035761308,-0.24730363,0.39075437,2.7760514,83.510973,231.83075,False,0.76325411,False,True,False,0.39075437,2.7760514,83.510973,231.83075,0.38482772,2.8110306,81.279155,228.4782,0.55579206,2.0484145,19.17763,39.283735,0.2868438,2.7465097,15.568397,42.758754,0.52165439,2.592615,38.910654,100.88034,0.43916561,2.9378093,42.98696,126.28749,0.32708766,2.9600731,38.107457,112.80086,0.26447416,2.7269066,39.367882,107.35254
0b_baseline_last,file,19,baseline,6891,118.House_Sparrow/House_Sparrow_0093_110990.jpg,118,117,118.House_Sparrow,76,75,rotation,rotation,0,"{""angle"":-14.124942}",0.87678587,1.347594,0.47080815,0.41611823,0.25986472,0.16917221,0.015576025,0.24694602,0.24428869,-0.0026573297,0.67989104,1.5128073,83.510973,126.33601,False,0.90738219,True,True,True,0.67989104,1.5128073,83.510973,126.33601,0.67392226,1.5300561,81.279155,124.36167,0.84643099,1.1600902,19.17763,22.24778,0.52407575,1.5777832,15.568397,24.563557,0.69201226,1.3623675,38.910654,53.01061,0.69764324,1.6740573,42.98696,71.962636,0.65634547,1.5801697,38.107457,60.21625,0.6774897,1.447594,39.367882,56.988709
0b_baseline_last,file,19,baseline,6891,118.House_Sparrow/House_Sparrow_0093_110990.jpg,118,117,118.House_Sparrow,76,75,random_resized_crop,random_resized_crop,0,"{""area_fraction"":0.665812,""aspect"":0.975648,""fallback"":false,""height"":0.826093,""left"":0.026203,""top"":0.00333,""width"":0.805976}",0.87678587,1.6015722,0.72478628,0.41611823,0.20157936,0.16917221,0.04703993,0.24694602,0.15453943,-0.09240659,0.66273787,1.8851625,83.510973,157.43175,False,0.9032144,True,True,True,0.66273787,1.8851625,83.510973,157.43175,0.65847281,1.9155432,81.279155,155.69374,0.85039393,1.2164406,19.17763,23.328447,0.53221508,1.514847,15.568397,23.583739,0.74179517,2.1274507,38.910654,82.780499,0.6740366,2.0276231,42.98696,87.161353,0.59144659,1.9135968,38.107457,72.922306,0.64083848,1.5897659,39.367882,62.585716
0b_baseline_last,file,19,baseline,6891,118.House_Sparrow/House_Sparrow_0093_110990.jpg,118,117,118.House_Sparrow,76,75,gaussian_blur,gaussian_blur,0,"{""sigma"":1.865205}",0.87678587,6.4695868,5.592801,0.41611823,0.0015498656,0.16917221,0.01677439,0.24694602,-0.015224524,-0.26217055,0.28537944,2.3412369,83.510973,195.51897,False,0.63260508,False,True,False,0.28537944,2.3412369,83.510973,195.51897,0.27794472,2.3855634,81.279155,193.89657,0.57947932,1.310661,19.17763,25.135372,-0.11875468,3.0218743,15.568397,47.045739,0.35793445,2.6171537,38.910654,101.83516,0.22673386,2.3609214,42.98696,101.48883,0.26357722,2.4490169,38.107457,93.325805,0.36801079,1.9679938,39.367882,77.475746
0b_baseline_last,file,19,baseline,6891,118.House_Sparrow/House_Sparrow_0093_110990.jpg,118,117,118.House_Sparrow,76,75,random_erasing,random_erasing,0,"{""area_fraction"":0.058039,""erased"":true,""height"":0.265341,""left"":0.728632,""top"":0.210055,""width"":0.218734}",0.87678587,0.58481562,-0.29197025,0.41611823,0.5572086,0.16917221,0.10829055,0.24694602,0.44891805,0.20197203,0.91726208,0.81762201,83.510973,68.280409,False,0.98089457,True,True,True,0.91726208,0.81762201,83.510973,68.280409,0.91460941,0.8215609,81.279155,66.775776,0.97430219,0.74332314,19.17763,14.255176,0.92798866,0.75671719,15.568397,11.780874,0.93873652,0.83926172,38.910654,32.656222,0.92513226,0.86964345,42.98696,37.383328,0.90022967,0.8184946,38.107457,31.190747,0.89248349,0.75498654,39.367882,29.722221
0b_baseline_last,file,19,baseline,9317,159.Black_and_white_Warbler/Black_And_White_Warbler_0022_160512.jpg,159,158,159.Black_and_white_Warbler,164,163,identity,identity,0,{},0.0070279064,0.0070279064,0,0.99299675,0.99299675,0.0038613507,0.0038613507,0.9891354,0.9891354,0,1,1,1.1452507,1.1452507,False,0.99999994,True,True,True,1,1,1.1452507,1.1452507,1,1,1.1228917,1.1228917,1,1,0.22519634,0.22519634,1,1,0.23681552,0.23681552,1,1,0.56604526,0.56604526,1,1,0.60528178,0.60528178,1,1,0.51719941,0.51719941,1,1,0.50053534,0.50053534
0b_baseline_last,file,19,baseline,9317,159.Black_and_white_Warbler/Black_And_White_Warbler_0022_160512.jpg,159,158,159.Black_and_white_Warbler,164,163,horizontal_flip,horizontal_flip,0,"{""flipped"":true}",0.0070279064,0.011044206,0.0040162997,0.99299675,0.98901653,0.0038613507,0.0043843016,0.9891354,0.98463223,-0.0045031703,0.57832322,1.5899507,1.1452507,1.8208921,False,0.97651291,True,True,True,0.57832322,1.5899507,1.1452507,1.8208921,0.56290888,1.590672,1.1228917,1.7861523,0.96618291,1.5719103,0.22519634,0.35398845,0.52563489,1.3487826,0.23681552,0.31941265,0.42874653,1.46662,0.56604526,0.83017331,0.53874364,1.5562596,0.60528178,0.9419756,0.55471846,1.7797162,0.51719941,0.92046819,0.77570156,1.6286527,0.50053534,0.81519826
0b_baseline_last,file,19,baseline,9317,159.Black_and_white_Warbler/Black_And_White_Warbler_0022_160512.jpg,159,158,159.Black_and_white_Warbler,164,163,color_jitter,color_jitter,0,"{""brightness"":1.031362,""contrast"":0.840196,""hue"":0.09141,""saturation"":0.823282}",0.0070279064,0.025318446,0.018290539,0.99299675,0.97499937,0.0038613507,0.0035366311,0.9891354,0.97146274,-0.017672664,0.72012651,4.1722957,1.1452507,4.7783245,False,0.95957875,True,True,True,0.72012651,4.1722957,1.1452507,4.7783245,0.71559484,4.2035624,1.1228917,4.7201453,0.88408331,3.3010296,0.22519634,0.74337977,0.72300981,5.2757174,0.23681552,1.2493717,0.58665781,4.1470198,0.56604526,2.3474009,0.75687246,4.4992556,0.60528178,2.7233175,0.75405416,3.956689,0.51719941,2.0463972,0.79311681,3.7929646,0.50053534,1.8985128
0b_baseline_last,file,19,baseline,9317,159.Black_and_white_Warbler/Black_And_White_Warbler_0022_160512.jpg,159,158,159.Black_and_white_Warbler,164,163,rotation,rotation,0,"{""angle"":-3.354661}",0.0070279064,0.012596332,0.0055684261,0.99299675,0.98748267,0.0038613507,0.0065969685,0.9891354,0.9808857,-0.0082497031,0.86742623,1.7274376,1.1452507,1.9783491,False,0.97829479,True,True,True,0.86742623,1.7274376,1.1452507,1.9783491,0.86282308,1.7242374,1.1228917,1.9361318,0.97761848,1.8051823,0.22519634,0.40652044,0.80511371,1.7832209,0.23681552,0.42229438,0.82485713,1.6793961,0.56604526,0.95061423,0.87506478,1.7712928,0.60528178,1.0721313,0.87471773,1.7098673,0.51719941,0.88434235,0.89370025,1.7129016,0.50053534,0.85736777
0b_baseline_last,file,19,baseline,9317,159.Black_and_white_Warbler/Black_And_White_Warbler_0022_160512.jpg,159,158,159.Black_and_white_Warbler,164,163,random_resized_crop,random_resized_crop,0,"{""area_fraction"":0.640815,""aspect"":1.131786,""fallback"":false,""height"":0.752461,""left"":0.136542,""top"":0.099531,""width"":0.851625}",0.0070279064,0.017876811,0.010848905,0.99299675,0.98228204,0.0038613507,0.0047377539,0.9891354,0.97754429,-0.011591113,0.66978882,2.8876474,1.1452507,3.3070802,False,0.96899503,True,True,True,0.66978882,2.8876474,1.1452507,3.3070802,0.66253393,2.9122385,1.1228917,3.2701284,0.93638903,2.189159,0.22519634,0.49299058,0.60504332,2.9095027,0.23681552,0.68901538,0.54480271,2.722773,0.56604526,1.5412128,0.67242515,3.1115049,0.60528178,1.8833373,0.68987502,2.9101044,0.51719941,1.5051043,0.7783369,2.8474687,0.50053534,1.4252587
0b_baseline_last,file,19,baseline,9317,159.Black_and_white_Warbler/Black_And_White_Warbler_0022_160512.jpg,159,158,159.Black_and_white_Warbler,164,163,gaussian_blur,gaussian_blur,0,"{""sigma"":1.022571}",0.0070279064,0.43915901,0.4321311,0.99299675,0.64457828,0.0038613507,0.056927882,0.9891354,0.5876504,-0.40148501,0.55424896,56.440998,1.1452507,64.639091,False,0.90423363,True,True,True,0.55424896,56.440998,1.1452507,64.639091,0.54802371,57.055306,1.1228917,64.066929,0.83051526,38.106399,0.22519634,8.5814214,0.51660092,64.006181,0.23681552,15.157657,0.3003157,51.264572,0.56604526,29.018068,0.58892563,61.903172,0.60528178,37.468863,0.63200806,59.935322,0.51719941,30.998513,0.70722247,51.633982,0.50053534,25.844633
0b_baseline_last,file,19,baseline,9317,159.Black_and_white_Warbler/Black_And_White_Warbler_0022_160512.jpg,159,158,159.Black_and_white_Warbler,164,163,random_erasing,random_erasing,0,"{""area_fraction"":0.155488,""erased"":true,""height"":0.521125,""left"":0.050593,""top"":0.405349,""width"":0.29837}",0.0070279064,0.0047522932,-0.0022756131,0.99299675,0.99525899,0.0038613507,0.001928632,0.9891354,0.99333035,0.0041949534,0.91334285,0.67388607,1.1452507,0.77176848,False,0.98233879,True,True,True,0.91334285,0.67388607,1.1452507,0.77176848,0.91091286,0.67407167,1.1228917,0.75690947,0.97421696,0.66925497,0.22519634,0.15071377,0.90191714,0.6330654,0.23681552,0.14991971,0.94132693,0.66203816,0.56604526,0.37474356,0.91797283,0.68963699,0.60528178,0.41742471,0.88272535,0.66272842,0.51719941,0.34276275,0.89515854,0.68708293,0.50053534,0.34390929
0b_baseline_last,file,19,baseline,2279,040.Olive_sided_Flycatcher/Olive_Sided_Flycatcher_0049_796889.jpg,40,39,040.Olive_sided_Flycatcher,78,77,identity,identity,0,{},0.12000348,0.12000348,0,0.88691735,0.88691735,0.074585371,0.074585371,0.81233198,0.81233198,0,1,1,30.537487,30.537487,False,0.99999988,True,True,True,1,1,30.537487,30.537487,1,1,30.212074,30.212074,1,1,4.4462041,4.4462041,1,1,6.2568048,6.2568048,1,1,16.830468,16.830468,1,1,16.281819,16.281819,1,1,13.95523,13.95523,1,1,11.424143,11.424143
0b_baseline_last,file,19,baseline,2279,040.Olive_sided_Flycatcher/Olive_Sided_Flycatcher_0049_796889.jpg,40,39,040.Olive_sided_Flycatcher,78,77,horizontal_flip,horizontal_flip,0,"{""flipped"":true}",0.12000348,0.017738627,-0.10226485,0.88691735,0.98241776,0.074585371,0.006186734,0.81233198,0.97623103,0.16389905,0.74114692,0.1399202,30.537487,4.2728113,False,0.93900812,True,True,True,0.74114692,0.1399202,30.537487,4.2728113,0.73783428,0.13956429,30.212074,4.2165267,0.88267035,0.15546841,4.4462041,0.69124428,0.77370549,0.14218515,6.2568048,0.88962475,0.75796502,0.13944467,16.830468,2.3469191,0.76983286,0.1400686,16.281819,2.2805716,0.6926436,0.13883837,13.95523,1.9375214,0.68495565,0.13908367,11.424143,1.5889118
0b_baseline_last,file,19,baseline,2279,040.Olive_sided_Flycatcher/Olive_Sided_Flycatcher_0049_796889.jpg,40,39,040.Olive_sided_Flycatcher,78,77,color_jitter,color_jitter,0,"{""brightness"":1.399254,""contrast"":0.697276,""hue"":0.062358,""saturation"":0.868595}",0.12000348,0.1890071,0.069003627,0.88691735,0.8277806,0.074585371,0.015384645,0.81233198,0.81239596,6.3977204e-05,0.4714649,0.94982002,30.537487,29.005117,False,0.84894252,True,True,True,0.4714649,0.94982002,30.537487,29.005117,0.46534353,0.9455326,30.212074,28.566501,0.71525261,1.1302046,4.4462041,5.0251201,0.20942039,1.1891902,6.2568048,7.4405308,0.43870951,0.78016488,16.830468,13.13054,0.42539483,0.93837689,16.281819,15.278483,0.5391075,0.96567219,13.95523,13.476177,0.58330439,1.1521039,11.424143,13.1618
0b_baseline_last,file,19,baseline,2279,040.Olive_sided_Flycatcher/Olive_Sided_Flycatcher_0049_796889.jpg,40,39,040.Olive_sided_Flycatcher,78,77,rotation,rotation,0,"{""angle"":-3.154059}",0.12000348,0.66618544,0.54618196,0.88691735,0.51366425,0.074585371,0.40107143,0.81233198,0.11259282,-0.69973917,0.8655018,4.4216826,30.537487,135.02708,False,0.94592905,True,True,True,0.8655018,4.4216826,30.537487,135.02708,0.86421649,4.4233992,30.212074,133.64006,0.92611169,4.3416866,4.4462041,19.304024,0.79343544,4.2579056,6.2568048,26.640884,0.89948504,4.6409787,16.830468,78.109845,0.86143955,4.3986397,16.281819,71.617856,0.85227292,4.3240785,13.95523,60.343509,0.82958261,4.1781519,11.424143,47.731804
0b_baseline_last,file,19,baseline,2279,040.Olive_sided_Flycatcher/Olive_Sided_Flycatcher_0049_796889.jpg,40,39,040.Olive_sided_Flycatcher,78,77,random_resized_crop,random_resized_crop,0,"{""area_fraction"":0.754317,""aspect"":1.029068,""fallback"":false,""height"":0.85616,""left"":0.112011,""top"":0.018078,""width"":0.881047}",0.12000348,0.37032831,0.25032483,0.88691735,0.69050759,0.074585371,0.21808194,0.81233198,0.47242565,-0.33990633,0.84735366,2.8673575,30.537487,87.561892,False,0.93231046,True,True,True,0.84735366,2.8673575,30.537487,87.561892,0.84597946,2.8715466,30.212074,86.755377,0.91794975,2.6667789,4.4462041,11.857043,0.82276292,3.0978553,6.2568048,19.382676,0.89161757,2.8634531,16.830468,48.193256,0.84709042,3.0279397,16.281819,49.300368,0.82099292,2.7392215,13.95523,38.226466,0.79079013,2.6786359,11.424143,30.601119
0b_baseline_last,file,19,baseline,2279,040.Olive_sided_Flycatcher/Olive_Sided_Flycatcher_0049_796889.jpg,40,39,040.Olive_sided_Flycatcher,78,77,gaussian_blur,gaussian_blur,0,"{""sigma"":1.993819}",0.12000348,1.5460963,1.4260928,0.88691735,0.21307814,0.074585371,0.056617871,0.81233198,0.15646027,-0.65587171,0.44738606,5.4327146,30.537487,165.90145,False,0.79218948,False,True,False,0.44738606,5.4327146,30.537487,165.90145,0.44386431,5.4116833,30.212074,163.49817,0.59179458,6.3281148,4.4462041,28.13609,0.56854871,5.8436794,6.2568048,36.562761,0.38453341,5.1863342,16.830468,87.288434,0.50205093,5.2343742,16.281819,85.225134,0.41248939,5.2454013,13.95523,73.20078,0.46273311,6.2840995,11.424143,71.790451
0b_baseline_last,file,19,baseline,2279,040.Olive_sided_Flycatcher/Olive_Sided_Flycatcher_0049_796889.jpg,40,39,040.Olive_sided_Flycatcher,78,77,random_erasing,random_erasing,0,"{""area_fraction"":0.165204,""erased"":true,""height"":0.549381,""left"":0.502251,""top"":0.084165,""width"":0.300709}",0.12000348,0.33383873,0.21383525,0.88691735,0.71616924,0.074585371,0.15396821,0.81233198,0.56220102,-0.25013096,0.91130667,2.1179166,30.537487,64.675851,False,0.97061783,True,True,True,0.91130667,2.1179166,30.537487,64.675851,0.91014409,2.1144123,30.212074,63.880781,0.96357583,2.2738432,4.4462041,10.109971,0.93210235,2.0731052,6.2568048,12.971015,0.94752495,2.161829,16.830468,36.384595,0.90381273,2.0714083,16.281819,33.726296,0.8910654,2.1076359,13.95523,29.412543,0.86275823,2.1191661,11.424143,24.209656
0b_baseline_last,file,19,baseline,11516,196.House_Wren/House_Wren_0133_187101.jpg,196,195,196.House_Wren,199,198,identity,identity,0,{},1.2691076,1.2691076,0,0.28108236,0.28108236,0.47544321,0.47544321,-0.19436085,-0.19436085,0,1,1,88.15584,88.15584,False,0.99999988,True,False,False,1,1,88.15584,88.15584,1,1,85.9175,85.9175,1,1,19.739182,19.739182,1,1,15.670781,15.670781,1,1,37.219913,37.219913,1,1,46.120879,46.120879,1,1,43.044045,43.044045,1,1,42.083206,42.083206
0b_baseline_last,file,19,baseline,11516,196.House_Wren/House_Wren_0133_187101.jpg,196,195,196.House_Wren,199,198,horizontal_flip,horizontal_flip,0,"{""flipped"":true}",1.2691076,1.7566804,0.48757279,0.28108236,0.17261693,0.47544321,0.6481719,-0.19436085,-0.47555497,-0.28119412,0.65102521,1.5958442,88.15584,140.68299,False,0.94268072,True,False,False,0.65102521,1.5958442,88.15584,140.68299,0.63911919,1.6092383,85.9175,138.26173,0.9393367,1.3165886,19.739182,25.988382,0.67889897,2.0003021,15.670781,31.346296,0.61226875,1.7996444,37.219913,66.982609,0.65891792,1.6429841,46.120879,75.775869,0.60666819,1.5849336,43.044045,68.221954,0.68679318,1.3548409,42.083206,57.016049
0b_baseline_last,file,19,baseline,11516,196.House_Wren/House_Wren_0133_187101.jpg,196,195,196.House_Wren,199,198,color_jitter,color_jitter,0,"{""brightness"":0.721131,""contrast"":1.241376,""hue"":-0.054831,""saturation"":1.348461}",1.2691076,4.1547914,2.8856838,0.28108236,0.015689064,0.47544321,0.18116179,-0.19436085,-0.16547273,0.028888125,0.46427701,1.0626612,88.15584,93.679795,False,0.89880043,False,False,False,0.46427701,1.0626612,88.15584,93.679795,0.44669979,1.0637777,85.9175,91.397122,0.80458023,1.041283,19.739182,20.554075,0.041710703,1.1223108,15.670781,17.587487,0.44332468,0.99696885,37.219913,37.107094,0.4115485,0.98010788,46.120879,45.203437,0.42913868,1.0470729,43.044045,45.070254,0.5569715,1.2099029,42.083206,50.916593
0b_baseline_last,file,19,baseline,11516,196.House_Wren/House_Wren_0133_187101.jpg,196,195,196.House_Wren,199,198,rotation,rotation,0,"{""angle"":0.812336}",1.2691076,0.85917366,-0.40993392,0.28108236,0.42351192,0.47544321,0.13363525,-0.19436085,0.28987667,0.48423752,0.70956813,0.78523347,88.15584,69.222917,False,0.97733647,False,False,True,0.70956813,0.78523347,88.15584,69.222917,0.70066069,0.79036491,85.9175,67.906178,0.91307501,0.68074663,19.739182,13.437382,0.66792961,0.76379681,15.670781,11.969293,0.5801118,0.71293467,37.219913,26.535367,0.69775033,0.7907304,46.120879,36.469181,0.72549418,0.82210051,43.044045,35.386531,0.76799277,0.81683792,42.083206,34.375159
0b_baseline_last,file,19,baseline,11516,196.House_Wren/House_Wren_0133_187101.jpg,196,195,196.House_Wren,199,198,random_resized_crop,random_resized_crop,0,"{""area_fraction"":0.697193,""aspect"":1.091528,""fallback"":false,""height"":0.799207,""left"":0.047155,""top"":0.027934,""width"":0.872356}",1.2691076,1.1696827,-0.099424839,0.28108236,0.31046543,0.47544321,0.17063057,-0.19436085,0.13983485,0.3341957,0.63093267,0.95429677,88.15584,84.126834,False,0.94920236,False,False,True,0.63093267,0.95429677,88.15584,84.126834,0.61919967,0.96013934,85.9175,82.492772,0.89204666,0.83592658,19.739182,16.500507,0.65089788,0.85927374,15.670781,13.465491,0.54332771,0.87577791,37.219913,32.596378,0.61494716,0.9811327,46.120879,45.250702,0.62051896,0.98935927,43.044045,42.586025,0.67500782,0.97975616,42.083206,41.231281
0b_baseline_last,file,19,baseline,11516,196.House_Wren/House_Wren_0133_187101.jpg,196,195,196.House_Wren,199,198,gaussian_blur,gaussian_blur,0,"{""sigma"":1.998862}",1.2691076,5.8022451,4.5331376,0.28108236,0.003020766,0.47544321,0.0010927741,-0.19436085,0.0019279919,0.19628884,0.013887459,1.6565588,88.15584,146.03534,False,0.70686948,False,False,False,0.013887459,1.6565588,88.15584,146.03534,-0.01040472,1.6606337,85.9175,142.6775,0.49842477,1.5773706,19.739182,31.136006,-0.43293764,2.270688,15.670781,35.583454,-0.078965561,1.6940865,37.219913,63.053753,-0.041104482,1.6842477,46.120879,77.678983,0.017605937,1.6363307,43.044045,70.434294,0.14551991,1.5252264,42.083206,64.186417
0b_baseline_last,file,19,baseline,11516,196.House_Wren/House_Wren_0133_187101.jpg,196,195,196.House_Wren,199,198,random_erasing,random_erasing,0,"{""area_fraction"":0.083592,""erased"":true,""height"":0.39719,""left"":0.112196,""top"":0.528428,""width"":0.21046}",1.2691076,1.1131098,-0.15599775,0.28108236,0.32853568,0.47544321,0.47631633,-0.19436085,-0.14778066,0.046580195,0.96615186,1.0474764,88.15584,92.34116,False,0.99415195,True,False,False,0.96615186,1.0474764,88.15584,92.34116,0.96485297,1.050206,85.9175,90.231074,0.99351699,0.99434778,19.739182,19.627612,0.97749937,1.0501858,15.670781,16.457232,0.96948249,1.0541346,37.219913,39.234797,0.96759105,1.0561381,46.120879,48.710016,0.96279891,1.0547627,43.044045,45.401252,0.95835513,1.0350988,42.083206,43.560276
0b_baseline_last,file,19,baseline,1717,031.Black_billed_Cuckoo/Black_Billed_Cuckoo_0088_26217.jpg,31,30,031.Black_billed_Cuckoo,33,32,identity,identity,0,{},0.010030342,0.010030342,0,0.9900198,0.9900198,0.0068327743,0.0068327743,0.98318702,0.98318702,0,1,1,1.4666963,1.4666963,False,0.99999994,True,True,True,1,1,1.4666963,1.4666963,1,1,1.415727,1.415727,1,1,0.383295,0.383295,1,1,0.27780552,0.27780552,1,1,0.64035555,0.64035555,1,1,0.70212261,0.70212261,1,1,0.68902985,0.68902985,1,1,0.74115693,0.74115693
0b_baseline_last,file,19,baseline,1717,031.Black_billed_Cuckoo/Black_Billed_Cuckoo_0088_26217.jpg,31,30,031.Black_billed_Cuckoo,33,32,horizontal_flip,horizontal_flip,0,"{""flipped"":true}",0.010030342,0.035468642,0.025438299,0.9900198,0.96515298,0.0068327743,0.025946479,0.98318702,0.9392065,-0.043980524,0.64930914,3.8633169,1.4666963,5.6663127,False,0.97439229,True,True,True,0.64930914,3.8633169,1.4666963,5.6663127,0.62797041,3.8870722,1.415727,5.5030331,0.9734223,3.5232752,0.383295,1.3504538,0.25160489,4.724962,0.27780552,1.3126205,0.64141753,4.199322,0.64035555,2.6890591,0.58114846,3.9271039,0.70212261,2.7573084,0.59828537,3.6224525,0.68902985,2.4959779,0.75993298,3.6942398,0.74115693,2.7380115
0b_baseline_last,file,19,baseline,1717,031.Black_billed_Cuckoo/Black_Billed_Cuckoo_0088_26217.jpg,31,30,031.Black_billed_Cuckoo,33,32,color_jitter,color_jitter,0,"{""brightness"":0.894446,""contrast"":1.395802,""hue"":-0.096755,""saturation"":0.628044}",0.010030342,0.0078564212,-0.0021739211,0.9900198,0.99217439,0.0068327743,0.0028230227,0.98318702,0.98935136,0.0061643403,0.63843875,0.74882481,1.4666963,1.0982986,False,0.95240557,True,True,True,0.63843875,0.74882481,1.4666963,1.0982986,0.61999626,0.75130436,1.415727,1.0636419,0.90390216,0.71413835,0.383295,0.27372566,0.45747578,1.0606245,0.27780552,0.29464734,0.64509284,0.71616695,0.64035555,0.45860149,0.57494702,0.70720657,0.70212261,0.49654572,0.57757025,0.73231607,0.68902985,0.50458763,0.71417202,0.77863693,0.74115693,0.57709216
0b_baseline_last,file,19,baseline,1717,031.Black_billed_Cuckoo/Black_Billed_Cuckoo_0088_26217.jpg,31,30,031.Black_billed_Cuckoo,33,32,rotation,rotation,0,"{""angle"":-3.193963}",0.010030342,0.022190019,0.012159677,0.9900198,0.97805434,0.0068327743,0.020238891,0.98318702,0.95781545,-0.025371571,0.76620803,2.4421825,1.4666963,3.58194,False,0.97412324,True,True,True,0.76620803,2.4421825,1.4666963,3.58194,0.75140016,2.4339517,1.415727,3.4458113,0.95968846,2.5518196,0.383295,0.97809968,0.39256018,2.6781758,0.27780552,0.744012,0.78787121,2.4784524,0.64035555,1.5870908,0.71164034,2.3865241,0.70212261,1.6756325,0.73848451,2.364519,0.68902985,1.6292242,0.82510772,2.4654931,0.74115693,1.8273173
0b_baseline_last,file,19,baseline,1717,031.Black_billed_Cuckoo/Black_Billed_Cuckoo_0088_26217.jpg,31,30,031.Black_billed_Cuckoo,33,32,random_resized_crop,random_resized_crop,0,"{""area_fraction"":0.560618,""aspect"":1.322772,""fallback"":false,""height"":0.651015,""left"":0.133955,""top"":0.315272,""width"":0.861145}",0.010030342,0.69380236,0.68377201,0.9900198,0.4996725,0.0068327743,0.014516198,0.98318702,0.4851563,-0.49803072,0.35388932,47.870616,1.4666963,70.211656,False,0.76675886,True,True,True,0.35388932,47.870616,1.4666963,70.211656,0.34142934,48.75485,1.415727,69.023559,0.62461576,33.555781,0.383295,12.861763,0.20969026,59.558394,0.27780552,16.54565,0.27549138,49.371146,0.64035555,31.615088,0.3457531,54.203217,0.70212261,38.057304,0.35740702,45.539653,0.68902985,31.378181,0.40885721,43.88731,0.74115693,32.527384
0b_baseline_last,file,19,baseline,1717,031.Black_billed_Cuckoo/Black_Billed_Cuckoo_0088_26217.jpg,31,30,031.Black_billed_Cuckoo,33,32,gaussian_blur,gaussian_blur,0,"{""sigma"":1.91244}",0.010030342,0.093260087,0.083229745,0.9900198,0.91095656,0.0068327743,0.042797938,0.98318702,0.86815862,-0.1150284,0.52734442,12.993519,1.4666963,19.057546,False,0.83567601,True,True,True,0.52734442,12.993519,1.4666963,19.057546,0.51440412,13.229244,1.415727,18.728998,0.8149715,9.1925229,0.383295,3.5234481,0.089705409,18.695066,0.27780552,5.1935923,0.60635008,14.648175,0.64035555,9.38004,0.54179201,13.643872,0.70212261,9.5796709,0.48216788,13.358714,0.68902985,9.2045525,0.55458343,10.392048,0.74115693,7.7021386
0b_baseline_last,file,19,baseline,1717,031.Black_billed_Cuckoo/Black_Billed_Cuckoo_0088_26217.jpg,31,30,031.Black_billed_Cuckoo,33,32,random_erasing,random_erasing,0,"{""area_fraction"":0.079654,""erased"":true,""height"":0.269931,""left"":0.475077,""top"":0.326893,""width"":0.29509}",0.010030342,0.027853787,0.017823445,0.9900198,0.97253054,0.0068327743,0.011936939,0.98318702,0.9605936,-0.02259342,0.75797912,2.9218796,1.4666963,4.28551,False,0.95667839,True,True,True,0.75797912,2.9218796,1.4666963,4.28551,0.74846995,2.9574588,1.415727,4.1869544,0.93558913,2.3840337,0.383295,0.91378819,0.72981686,2.6865198,0.27780552,0.74633001,0.74929797,2.9715217,0.64035555,1.9028304,0.77491846,3.1604868,0.70212261,2.2190493,0.69450802,2.9908881,0.68902985,2.0608111,0.7777488,2.7590902,0.74115693,2.0449189
0b_baseline_last,file,19,baseline,3371,059.California_Gull/California_Gull_0096_40978.jpg,59,58,059.California_Gull,143,142,identity,identity,0,{},2.9279728,2.9279728,0,0.053505391,0.053505391,0.19174297,0.19174297,-0.13823758,-0.13823758,0,1,1,119.23236,119.23236,False,1,True,False,False,1,1,119.23236,119.23236,1,1,116.90413,116.90413,1,1,23.447405,23.447405,1,1,18.352106,18.352106,1,1,56.164085,56.164085,1,1,54.66543,54.66543,1,1,57.507178,57.507178,1,1,62.289529,62.289529
0b_baseline_last,file,19,baseline,3371,059.California_Gull/California_Gull_0096_40978.jpg,59,58,059.California_Gull,143,142,horizontal_flip,horizontal_flip,0,"{""flipped"":true}",2.9279728,3.3861465,0.45817375,0.053505391,0.03383882,0.19174297,0.084462278,-0.13823758,-0.050623458,0.087614123,0.73063703,1.162948,119.23236,138.66103,False,0.97395337,False,False,False,0.73063703,1.162948,119.23236,138.66103,0.72169849,1.1623093,116.90413,135.87875,0.94980994,1.1787134,23.447405,27.63777,0.72887907,1.3135842,18.352106,24.107036,0.81372656,1.3905212,56.164085,78.097351,0.64976315,1.1298842,54.66543,61.765607,0.66710747,1.0656765,57.507178,61.284047,0.74887555,1.0419032,62.289529,64.89966
0b_baseline_last,file,19,baseline,3371,059.California_Gull/California_Gull_0096_40978.jpg,59,58,059.California_Gull,143,142,color_jitter,color_jitter,0,"{""brightness"":1.368644,""contrast"":1.388039,""hue"":0.027986,""saturation"":1.016782}",2.9279728,3.3615856,0.43361282,0.053505391,0.034680229,0.19174297,0.16080004,-0.13823758,-0.12611981,0.01211777,0.73616713,0.98294724,119.23236,117.19912,False,0.93293667,False,False,False,0.73616713,0.98294724,119.23236,117.19912,0.72842215,0.98062435,116.90413,114.63903,0.91905441,1.0390222,23.447405,24.362376,0.61960187,1.1676818,18.352106,21.429421,0.72174884,0.93643019,56.164085,52.593745,0.73925724,1.0384231,54.66543,56.765842,0.72466752,0.9643564,57.507178,55.457415,0.7422662,0.96576894,62.289529,60.157293
0b_baseline_last,file,19,baseline,3371,059.California_Gull/California_Gull_0096_40978.jpg,59,58,059.California_Gull,143,142,rotation,rotation,0,"{""angle"":11.113128}",2.9279728,3.5651217,0.63714886,0.053505391,0.028293546,0.19174297,0.33633786,-0.13823758,-0.30804432,-0.16980674,0.66452552,1.0952658,119.23236,130.59112,False,0.93911564,True,False,False,0.66452552,1.0952658,119.23236,130.59112,0.65429567,1.0960723,116.90413,128.13537,0.9239209,1.0750226,23.447405,25.20649,0.30843112,1.1619785,18.352106,21.324752,0.44731829,0.89475677,56.164085,50.253195,0.66950008,1.169507,54.66543,63.931603,0.72054444,1.1430978,57.507178,65.73633,0.75924439,1.1385975,62.289529,70.922701
0b_baseline_last,file,19,baseline,3371,059.California_Gull/California_Gull_0096_40978.jpg,59,58,059.California_Gull,143,142,random_resized_crop,random_resized_crop,0,"{""area_fraction"":0.740296,""aspect"":1.070869,""fallback"":false,""height"":0.831447,""left"":0.080619,""top"":0.063518,""width"":0.890371}",2.9279728,3.6214194,0.69344664,0.053505391,0.026744688,0.19174297,0.1002027,-0.13823758,-0.073458014,0.064779567,0.80892611,1.2707553,119.23236,151.51516,False,0.9576233,False,False,False,0.80892611,1.2707553,119.23236,151.51516,0.8044826,1.2719664,116.90413,148.69812,0.92245453,1.2402697,23.447405,29.081106,0.76758154,1.3305554,18.352106,24.418494,0.87407996,1.3357634,56.164085,75.021931,0.7889263,1.305122,54.66543,71.345052,0.75959976,1.2577599,57.507178,72.330225,0.80084759,1.1975944,62.289529,74.597593
0b_baseline_last,file,19,baseline,3371,059.California_Gull/California_Gull_0096_40978.jpg,59,58,059.California_Gull,143,142,gaussian_blur,gaussian_blur,0,"{""sigma"":1.694942}",2.9279728,4.4063931,1.4784203,0.053505391,0.012199101,0.19174297,0.20937091,-0.13823758,-0.19717181,-0.058934229,0.56192196,1.0344258,119.23236,123.33703,False,0.85995758,True,False,False,0.56192196,1.0344258,119.23236,123.33703,0.5503152,1.0329134,116.90413,120.75184,0.8404575,1.0713358,23.447405,25.120045,0.42365846,0.95490997,18.352106,17.524609,0.41743166,0.95817076,56.164085,53.814784,0.56431891,1.0292207,54.66543,56.262791,0.59741168,1.1095586,57.507178,63.807585,0.60941938,1.0330829,62.289529,64.35025
0b_baseline_last,file,19,baseline,3371,059.California_Gull/California_Gull_0096_40978.jpg,59,58,059.California_Gull,143,142,random_erasing,random_erasing,0,"{""area_fraction"":0.083756,""erased"":true,""height"":0.443723,""left"":0.799904,""top"":0.480283,""width"":0.188758}",2.9279728,2.8281953,-0.09977746,0.053505391,0.059119452,0.19174297,0.078946576,-0.13823758,-0.019827124,0.11841046,0.8945413,0.94305828,119.23236,112.44306,False,0.98546934,False,False,False,0.8945413,0.94305828,119.23236,112.44306,0.89133809,0.93986212,116.90413,109.87376,0.97078457,1.0192933,23.447405,23.899783,0.88629098,0.93422301,18.352106,17.14496,0.89915291,0.92408276,56.164085,51.900263,0.88379029,0.96935926,54.66543,52.990441,0.88789455,0.9290516,57.507178,53.427136,0.89491862,0.93915721,62.289529,58.49966
0b_baseline_last,file,19,baseline,11075,189.Red_bellied_Woodpecker/Red_Bellied_Woodpecker_0073_180994.jpg,189,188,189.Red_bellied_Woodpecker,36,35,identity,identity,0,{},0.00059408182,0.00059408182,0,0.9994061,0.9994061,0.00013667518,0.00013667518,0.99926942,0.99926942,0,1,1,0.092231521,0.092231521,False,1,True,True,True,1,1,0.092231521,0.092231521,1,1,0.090485851,0.090485851,1,1,0.01785957,0.01785957,1,1,0.012654693,0.012654693,1,1,0.029405614,0.029405614,1,1,0.04267745,0.04267745,1,1,0.04408155,0.04408155,1,1,0.058295027,0.058295027
0b_baseline_last,file,19,baseline,11075,189.Red_bellied_Woodpecker/Red_Bellied_Woodpecker_0073_180994.jpg,189,188,189.Red_bellied_Woodpecker,36,35,horizontal_flip,horizontal_flip,0,"{""flipped"":true}",0.00059408182,0.0028029699,0.0022088881,0.9994061,0.99720097,0.00013667518,0.00053950935,0.99926942,0.99666146,-0.0026079676,0.697212,4.2142636,0.092231521,0.38868794,False,0.98115075,True,True,True,0.697212,4.2142636,0.092231521,0.38868794,0.68599606,4.211099,0.090485851,0.38104488,0.97964602,4.2946988,0.01785957,0.076701476,0.39718768,4.0208562,0.012654693,0.050882699,0.5301441,4.5380394,0.029405614,0.13344383,0.62019413,3.8758132,0.04267745,0.16540982,0.61183387,3.9945864,0.04408155,0.17608756,0.8112552,4.4213616,0.058295027,0.25774339
0b_baseline_last,file,19,baseline,11075,189.Red_bellied_Woodpecker/Red_Bellied_Woodpecker_0073_180994.jpg,189,188,189.Red_bellied_Woodpecker,36,35,color_jitter,color_jitter,0,"{""brightness"":0.96299,""contrast"":0.70905,""hue"":0.082176,""saturation"":0.629633}",0.00059408182,0.031184947,0.030590865,0.9994061,0.96929628,0.00013667518,0.007664449,0.99926942,0.96163183,-0.037637597,0.70414407,50.927818,0.092231521,4.6971502,False,0.934735,True,True,True,0.70414407,50.927818,0.092231521,4.6971502,0.69746299,51.256898,0.090485851,4.638024,0.93038828,41.598717,0.01785957,0.74293522,0.53880411,56.74686,0.012654693,0.71811406,0.64427096,73.903403,0.029405614,2.1731749,0.72362981,57.440249,0.04267745,2.4514033,0.66422834,48.023364,0.04408155,2.1169443,0.77723959,41.248648,0.058295027,2.4045911
0b_baseline_last,file,19,baseline,11075,189.Red_bellied_Woodpecker/Red_Bellied_Woodpecker_0073_180994.jpg,189,188,189.Red_bellied_Woodpecker,36,35,rotation,rotation,0,"{""angle"":-1.913192}",0.00059408182,0.00047243401,-0.00012164781,0.9994061,0.99952769,0.00013667518,0.00015790989,0.99926942,0.99936978,0.00010035877,0.88994109,0.82555732,0.092231521,0.076142408,False,0.98875523,True,True,True,0.88994109,0.82555732,0.092231521,0.076142408,0.88616537,0.82426179,0.090485851,0.07458403,0.98372956,0.85814388,0.01785957,0.015326081,0.77285743,0.89792994,0.012654693,0.011363027,0.81817131,0.93164857,0.029405614,0.027395698,0.87463418,0.85085811,0.04267745,0.036312454,0.86910334,0.81643913,0.04408155,0.035989902,0.93372457,0.78032731,0.058295027,0.045489201
0b_baseline_last,file,19,baseline,11075,189.Red_bellied_Woodpecker/Red_Bellied_Woodpecker_0073_180994.jpg,189,188,189.Red_bellied_Woodpecker,36,35,random_resized_crop,random_resized_crop,0,"{""area_fraction"":0.778458,""aspect"":0.968559,""fallback"":false,""height"":0.896509,""left"":0.042753,""top"":0.077563,""width"":0.868321}",0.00059408182,0.0007815882,0.00018750638,0.9994061,0.9992187,0.00013667518,0.00015241932,0.99926942,0.99906628,-0.00020314114,0.79189784,1.3564835,0.092231521,0.12511053,False,0.98251474,True,True,True,0.79189784,1.3564835,0.092231521,0.12511053,0.78440737,1.3527542,0.090485851,0.12240512,0.97320589,1.4489302,0.01785957,0.025877271,0.56544573,1.3771499,0.012654693,0.017427409,0.71181456,1.3516903,0.029405614,0.039747283,0.74547806,1.3648929,0.04267745,0.058250148,0.75826209,1.439862,0.04408155,0.06347135,0.85521152,1.2925786,0.058295027,0.075350907
0b_baseline_last,file,19,baseline,11075,189.Red_bellied_Woodpecker/Red_Bellied_Woodpecker_0073_180994.jpg,189,188,189.Red_bellied_Woodpecker,36,35,gaussian_blur,gaussian_blur,0,"{""sigma"":1.209647}",0.00059408182,0.017871542,0.01727746,0.9994061,0.98228723,0.00013667518,0.013020279,0.99926942,0.96926695,-0.030002475,0.60826481,44.365177,0.092231521,4.0918677,False,0.94103336,True,True,True,0.60826481,44.365177,0.092231521,4.0918677,0.60139067,44.697502,0.090485851,4.0444916,0.8538837,34.763546,0.01785957,0.620862,0.62607024,53.039027,0.012654693,0.67119258,0.59386136,68.549556,0.029405614,2.0157418,0.67493406,57.029599,0.04267745,2.4338778,0.53370187,39.567777,0.04408155,1.7442089,0.69192838,29.102267,0.058295027,1.6965175
0b_baseline_last,file,19,baseline,11075,189.Red_bellied_Woodpecker/Red_Bellied_Woodpecker_0073_180994.jpg,189,188,189.Red_bellied_Woodpecker,36,35,random_erasing,random_erasing,0,"{""area_fraction"":0.157984,""erased"":true,""height"":0.566858,""left"":0.131422,""top"":0.03316,""width"":0.278701}",0.00059408182,0.13128306,0.13068898,0.9994061,0.87696952,0.00013667518,0.001537927,0.99926942,0.87543159,-0.12383783,0.46927698,192.95287,0.092231521,17.796337,False,0.90899551,True,True,True,0.46927698,192.95287,0.092231521,17.796337,0.45367222,191.1261,0.090485851,17.294207,0.80461775,235.03461,0.01785957,4.1976172,0.28431222,202.8553,0.012654693,2.5670714,0.45716391,230.23273,0.029405614,6.7701348,0.37170435,199.7712,0.04267745,8.5257253,0.43864309,203.54443,0.04408155,8.9725538,0.53398837,165.84613,0.058295027,9.6680047
0b_baseline_last,file,19,baseline,2038,036.Northern_Flicker/Northern_Flicker_0118_28500.jpg,36,35,036.Northern_Flicker,24,23,identity,identity,0,{},0.1282057,0.1282057,0,0.87967241,0.87967241,0.028804451,0.028804451,0.85086796,0.85086796,0,1,1,17.207668,17.207668,False,1,True,True,True,1,1,17.207668,17.207668,1,1,16.95016,16.95016,1,1,2.9657888,2.9657888,1,1,2.9698746,2.9698746,1,1,6.9404334,6.9404334,1,1,8.1542605,8.1542605,1,1,8.5033425,8.5033425,1,1,9.5665753,9.5665753
0b_baseline_last,file,19,baseline,2038,036.Northern_Flicker/Northern_Flicker_0118_28500.jpg,36,35,036.Northern_Flicker,24,23,horizontal_flip,horizontal_flip,0,"{""flipped"":true}",0.1282057,0.056539163,-0.071666539,0.87967241,0.9450295,0.028804451,0.0034970844,0.85086796,0.94153241,0.090664456,0.57855492,0.43803176,17.207668,7.537505,False,0.95333135,True,True,True,0.57855492,0.43803176,17.207668,7.537505,0.5676063,0.43809378,16.95016,7.4257598,0.93790159,0.43600108,2.9657888,1.2930871,0.44474207,0.35342637,2.9698746,1.049632,0.51118395,0.40246738,6.9404334,2.7932981,0.48601525,0.41743426,8.1542605,3.4038677,0.50926277,0.43070901,8.5033425,3.6624662,0.69854869,0.48172277,9.5665753,4.6084371
0b_baseline_last,file,19,baseline,2038,036.Northern_Flicker/Northern_Flicker_0118_28500.jpg,36,35,036.Northern_Flicker,24,23,color_jitter,color_jitter,0,"{""brightness"":0.74871,""contrast"":0.73373,""hue"":0.096897,""saturation"":0.970558}",0.1282057,3.5196438,3.3914381,0.87967241,0.029609978,0.028804451,0.0047171041,0.85086796,0.024892874,-0.82597508,0.41888576,8.7142378,17.207668,149.95171,False,0.75405431,False,True,False,0.41888576,8.7142378,17.207668,149.95171,0.41138611,8.7020353,16.95016,147.50089,0.65345493,9.1038315,2.9657888,27.000042,0.49021466,10.101313,2.9698746,29.999632,0.3919614,9.3638183,6.9404334,64.988957,0.30512737,9.5989963,8.1542605,78.272716,0.45538012,8.2833222,8.5033425,70.435925,0.47806841,7.7839402,9.5665753,74.46565
0b_baseline_last,file,19,baseline,2038,036.Northern_Flicker/Northern_Flicker_0118_28500.jpg,36,35,036.Northern_Flicker,24,23,rotation,rotation,0,"{""angle"":-2.596345}",0.1282057,0.020049645,-0.10815606,0.87967241,0.98014998,0.028804451,0.0022242414,0.85086796,0.97792574,0.12705779,0.80184829,0.18601339,17.207668,3.2008566,False,0.974563,True,True,True,0.80184829,0.18601339,17.207668,3.2008566,0.79701261,0.18619537,16.95016,3.1560413,0.96571655,0.17996804,2.9657888,0.53374719,0.72258114,0.22779023,2.9698746,0.67650842,0.76279167,0.18122629,6.9404334,1.257789,0.72355804,0.18217664,8.1542605,1.4855158,0.78347303,0.18411449,8.5033425,1.5655886,0.88715943,0.18882394,9.5665753,1.8063984
0b_baseline_last,file,19,baseline,2038,036.Northern_Flicker/Northern_Flicker_0118_28500.jpg,36,35,036.Northern_Flicker,24,23,random_resized_crop,random_resized_crop,0,"{""area_fraction"":0.678614,""aspect"":0.994921,""fallback"":false,""height"":0.825881,""left"":0.063965,""top"":0.132592,""width"":0.821686}",0.1282057,0.29814917,0.16994347,0.87967241,0.7421906,0.028804451,0.040065043,0.85086796,0.70212556,-0.1487424,0.72184307,2.3816756,17.207668,40.983084,False,0.94856453,True,True,True,0.72184307,2.3816756,17.207668,40.983084,0.71585926,2.3883013,16.95016,40.48209,0.94229486,2.1540804,2.9657888,6.3885476,0.76644423,3.993457,2.9698746,11.860067,0.76976022,2.4826785,6.9404334,17.230865,0.71390498,2.6131747,8.1542605,21.308508,0.66597627,2.2236988,8.5033425,18.908873,0.74682936,2.0633553,9.5665753,19.739244
0b_baseline_last,file,19,baseline,2038,036.Northern_Flicker/Northern_Flicker_0118_28500.jpg,36,35,036.Northern_Flicker,24,23,gaussian_blur,gaussian_blur,0,"{""sigma"":1.956087}",0.1282057,0.6839422,0.5557365,0.87967241,0.50462371,0.028804451,0.017235227,0.85086796,0.48738848,-0.36347947,0.4777376,4.5242245,17.207668,77.851353,False,0.80148864,True,True,True,0.4777376,4.5242245,17.207668,77.851353,0.46791145,4.5084636,16.95016,76.41918,0.76905022,5.0118622,2.9657888,14.864125,0.53818734,5.1863393,2.9698746,15.402777,0.36169184,4.2217993,6.9404334,29.301117,0.43193314,5.4799315,8.1542605,44.684789,0.46777244,4.5000115,8.5033425,38.265139,0.57876026,3.7443835,9.5665753,35.820926
0b_baseline_last,file,19,baseline,2038,036.Northern_Flicker/Northern_Flicker_0118_28500.jpg,36,35,036.Northern_Flicker,24,23,random_erasing,random_erasing,0,"{""area_fraction"":0.080377,""erased"":true,""height"":0.469249,""left"":0.091988,""top"":0.10639,""width"":0.171288}",0.1282057,0.086023398,-0.042182304,0.87967241,0.91757274,0.028804451,0.010811361,0.85086796,0.90676138,0.055893419,0.96637766,0.72701843,17.207668,12.510292,False,0.98722893,True,True,True,0.96637766,0.72701843,17.207668,12.510292,0.96597986,0.72808143,16.95016,12.341097,0.98131575,0.69139869,2.9657888,2.0505425,0.96012946,0.70149795,2.9698746,2.0833609,0.97264973,0.7425187,6.9404334,5.1534016,0.97434402,0.74508326,8.1542605,6.0756029,0.96050092,0.72247944,8.5033425,6.1434901,0.9614757,0.71471205,9.5665753,6.8373467
0b_baseline_last,file,19,baseline,6845,117.Clay_colored_Sparrow/Clay_Colored_Sparrow_0066_110819.jpg,117,116,117.Clay_colored_Sparrow,126,125,identity,identity,0,{},2.9276218,2.9276218,0,0.053524178,0.053524178,0.28854942,0.28854942,-0.23502525,-0.23502525,0,1,1,187.78354,187.78354,False,1,True,False,False,1,1,187.78354,187.78354,1,1,185.75486,185.75486,1,1,27.528021,27.528021,1,1,46.875814,46.875814,1,1,90.088517,90.088517,1,1,106.04096,106.04096,1,1,86.965893,86.965893,1,1,73.374597,73.374597
0b_baseline_last,file,19,baseline,6845,117.Clay_colored_Sparrow/Clay_Colored_Sparrow_0066_110819.jpg,117,116,117.Clay_colored_Sparrow,126,125,horizontal_flip,horizontal_flip,0,"{""flipped"":true}",2.9276218,1.5774963,-1.3501256,0.053524178,0.20649146,0.28854942,0.16473144,-0.23502525,0.041760013,0.27678526,0.58392656,0.81778749,187.78354,153.56703,False,0.95138419,False,False,True,0.58392656,0.81778749,187.78354,153.56703,0.57548343,0.81635889,185.75486,151.64263,0.94203954,0.88038418,27.528021,24.235234,0.21808309,0.72146903,46.875814,33.819448,0.56729781,0.74690461,90.088517,67.287529,0.56160544,0.79730882,106.04096,84.547395,0.59475773,0.88971841,86.965893,77.375156,0.71355404,0.882077,73.374597,64.722044
0b_baseline_last,file,19,baseline,6845,117.Clay_colored_Sparrow/Clay_Colored_Sparrow_0066_110819.jpg,117,116,117.Clay_colored_Sparrow,126,125,color_jitter,color_jitter,0,"{""brightness"":1.079067,""contrast"":1.327254,""hue"":-0.031102,""saturation"":1.004599}",2.9276218,1.9699148,-0.95770705,0.053524178,0.13946874,0.28854942,0.0028704465,-0.23502525,0.1365983,0.37162354,0.59022629,0.83678429,187.78354,157.13432,False,0.9013809,False,False,False,0.59022629,0.83678429,187.78354,157.13432,0.58608098,0.83277402,185.75486,154.69182,0.75693714,1.0025328,27.528021,27.597745,0.71705596,0.70686908,46.875814,33.135064,0.51514803,0.64288236,90.088517,57.916318,0.57017399,0.83812134,106.04096,88.875194,0.62036168,0.93404864,86.965893,81.230374,0.63408841,0.96177966,73.374597,70.570194
0b_baseline_last,file,19,baseline,6845,117.Clay_colored_Sparrow/Clay_Colored_Sparrow_0066_110819.jpg,117,116,117.Clay_colored_Sparrow,126,125,rotation,rotation,0,"{""angle"":-4.641525}",2.9276218,4.1680479,1.2404261,0.053524178,0.015482452,0.28854942,0.15596156,-0.23502525,-0.14047911,0.094546139,0.77332644,0.97332008,187.78354,182.77349,False,0.94549257,False,False,False,0.77332644,0.97332008,187.78354,182.77349,0.76985235,0.97194513,185.75486,180.54353,0.9234687,1.0339914,27.528021,28.463737,0.75457036,0.96757352,46.875814,45.355796,0.76853682,0.86418221,90.088517,77.852893,0.75720282,0.99388494,106.04096,105.39252,0.77948052,1.0152778,86.965893,88.294537,0.79882131,1.0175294,73.374597,74.660808
0b_baseline_last,file,19,baseline,6845,117.Clay_colored_Sparrow/Clay_Colored_Sparrow_0066_110819.jpg,117,116,117.Clay_colored_Sparrow,126,125,random_resized_crop,random_resized_crop,0,"{""area_fraction"":0.795081,""aspect"":1.095688,""fallback"":false,""height"":0.851848,""left"":0.038073,""top"":0.0244,""width"":0.93336}",2.9276218,3.3686466,0.44102478,0.053524178,0.034436211,0.28854942,0.45119637,-0.23502525,-0.41676016,-0.18173492,0.81601109,1.2079898,187.78354,226.84061,False,0.96869862,True,False,False,0.81601109,1.2079898,187.78354,226.84061,0.81359928,1.2108488,185.75486,224.92104,0.94646555,1.0697473,27.528021,29.448026,0.86862758,1.2762485,46.875814,59.825188,0.81193994,1.192185,90.088517,107.40218,0.8260924,1.2304283,106.04096,130.47581,0.78114712,1.1906364,86.965893,103.54476,0.81173812,1.1982205,73.374597,87.918947
0b_baseline_last,file,19,baseline,6845,117.Clay_colored_Sparrow/Clay_Colored_Sparrow_0066_110819.jpg,117,116,117.Clay_colored_Sparrow,126,125,gaussian_blur,gaussian_blur,0,"{""sigma"":1.108901}",2.9276218,3.7634375,0.83581567,0.053524178,0.02320384,0.28854942,0.11935465,-0.23502525,-0.09615081,0.13887444,0.71310061,1.0649375,187.78354,199.97773,False,0.93121517,False,False,False,0.71310061,1.0649375,187.78354,199.97773,0.70952087,1.0629275,185.75486,197.44395,0.86569058,1.1527506,27.528021,31.732943,0.68636953,0.97138559,46.875814,45.534491,0.67709505,1.0953105,90.088517,98.674901,0.71515086,1.0584557,106.04096,112.23967,0.71937853,1.0662037,86.965893,92.72336,0.74484421,1.0537919,73.374597,77.321554
0b_baseline_last,file,19,baseline,6845,117.Clay_colored_Sparrow/Clay_Colored_Sparrow_0066_110819.jpg,117,116,117.Clay_colored_Sparrow,126,125,random_erasing,random_erasing,0,"{""area_fraction"":0.180389,""erased"":true,""height"":0.547703,""left"":0.231306,""top"":0.130586,""width"":0.329355}",2.9276218,7.199307,4.2716851,0.053524178,0.00074710336,0.28854942,0.013881687,-0.23502525,-0.013134584,0.22189066,0.35233322,0.65081876,187.78354,122.21305,False,0.78312349,False,False,False,0.35233322,0.65081876,187.78354,122.21305,0.340715,0.64047541,185.75486,118.97142,0.72269192,1.0157377,27.528021,27.961248,0.41606193,0.74395424,46.875814,34.87346,0.31203187,0.57787027,90.088517,52.059476,0.34056331,0.57014073,106.04096,60.458272,0.3254488,0.60966973,86.965893,53.020473,0.37822681,0.83585999,73.374597,61.330889
0b_baseline_last,file,19,baseline,7382,126.Nelson_Sharp_tailed_Sparrow/Nelson_Sharp_Tailed_Sparrow_0015_796922.jpg,126,125,126.Nelson_Sharp_tailed_Sparrow,124,123,identity,identity,0,{},1.4823714,1.4823714,0,0.22709849,0.22709849,0.76613152,0.76613152,-0.53903303,-0.53903303,0,1,1,165.25836,165.25836,False,0.99999994,True,False,False,1,1,165.25836,165.25836,1,1,161.87155,161.87155,1,1,33.285513,33.285513,1,1,32.598152,32.598152,1,1,86.929517,86.929517,1,1,89.767076,89.767076,1,1,69.992778,69.992778,1,1,68.013983,68.013983
0b_baseline_last,file,19,baseline,7382,126.Nelson_Sharp_tailed_Sparrow/Nelson_Sharp_Tailed_Sparrow_0015_796922.jpg,126,125,126.Nelson_Sharp_tailed_Sparrow,124,123,horizontal_flip,horizontal_flip,0,"{""flipped"":true}",1.4823714,1.313367,-0.16900444,0.22709849,0.26891309,0.76613152,0.72238821,-0.53903303,-0.45347512,0.085557908,0.71298434,0.98523901,165.25836,162.81898,False,0.97745109,True,False,False,0.71298434,0.98523901,165.25836,162.81898,0.70268352,0.98803134,161.87155,159.93417,0.97747327,0.91672461,33.285513,30.513649,0.6065658,1.0005344,32.598152,32.615573,0.69437357,0.97401998,86.929517,84.671086,0.70909998,1.0146511,89.767076,91.08226,0.65610162,1.0012578,69.992778,70.080817,0.7815846,0.94587165,68.013983,64.332498
0b_baseline_last,file,19,baseline,7382,126.Nelson_Sharp_tailed_Sparrow/Nelson_Sharp_Tailed_Sparrow_0015_796922.jpg,126,125,126.Nelson_Sharp_tailed_Sparrow,124,123,color_jitter,color_jitter,0,"{""brightness"":0.756583,""contrast"":1.186714,""hue"":0.024177,""saturation"":0.918145}",1.4823714,0.57544863,-0.90692282,0.22709849,0.5624525,0.76613152,0.42129177,-0.53903303,0.14116073,0.68019375,0.89889057,0.57254738,165.25836,94.618239,False,0.98050857,False,False,True,0.89889057,0.57254738,165.25836,94.618239,0.89567095,0.57371616,161.87155,92.868324,0.9803758,0.54417463,33.285513,18.113132,0.66586647,0.79078169,32.598152,25.778022,0.90092176,0.56674449,86.929517,49.266825,0.915148,0.5498465,89.767076,49.358113,0.91363412,0.57936108,69.992778,40.551092,0.9254045,0.56028985,68.013983,38.107544
0b_baseline_last,file,19,baseline,7382,126.Nelson_Sharp_tailed_Sparrow/Nelson_Sharp_Tailed_Sparrow_0015_796922.jpg,126,125,126.Nelson_Sharp_tailed_Sparrow,124,123,rotation,rotation,0,"{""angle"":-5.895056}",1.4823714,0.64106435,-0.8413071,0.22709849,0.52673149,0.76613152,0.46900374,-0.53903303,0.057727754,0.59676078,0.86401208,0.80383433,165.25836,132.84034,False,0.97525918,False,False,True,0.86401208,0.80383433,165.25836,132.84034,0.86130855,0.81052329,161.87155,131.20066,0.97528457,0.62511476,33.285513,20.807265,0.85750791,0.95442298,32.598152,31.112425,0.90382427,0.87679835,86.929517,76.219657,0.85058969,0.823698,89.767076,73.940961,0.82924523,0.75903536,69.992778,53.126994,0.85833191,0.68118073,68.013983,46.329815
0b_baseline_last,file,19,baseline,7382,126.Nelson_Sharp_tailed_Sparrow/Nelson_Sharp_Tailed_Sparrow_0015_796922.jpg,126,125,126.Nelson_Sharp_tailed_Sparrow,124,123,random_resized_crop,random_resized_crop,0,"{""area_fraction"":0.713158,""aspect"":1.316075,""fallback"":false,""height"":0.736127,""left"":0.026699,""top"":0.100924,""width"":0.968798}",1.4823714,1.3638744,-0.11849701,0.22709849,0.25566828,0.76613152,0.73330015,-0.53903303,-0.47763187,0.061401159,0.78711359,1.0006119,165.25836,165.35949,False,0.96293157,True,False,False,0.78711359,1.0006119,165.25836,165.35949,0.78039079,1.0038024,161.87155,162.48705,0.9629669,0.92194607,33.285513,30.687448,0.83738114,1.0155328,32.598152,33.104493,0.79699363,0.90227963,86.929517,78.434733,0.7631367,1.0698917,89.767076,96.041046,0.76313585,1.0504319,69.992778,73.522648,0.80473893,0.98899688,68.013983,67.265617
0b_baseline_last,file,19,baseline,7382,126.Nelson_Sharp_tailed_Sparrow/Nelson_Sharp_Tailed_Sparrow_0015_796922.jpg,126,125,126.Nelson_Sharp_tailed_Sparrow,124,123,gaussian_blur,gaussian_blur,0,"{""sigma"":1.963424}",1.4823714,0.35226882,-1.1301026,0.22709849,0.70309108,0.76613152,0.20073393,-0.53903303,0.50235716,1.0413902,0.46792984,0.31670868,165.25836,52.338756,False,0.8193388,False,False,True,0.46792984,0.31670868,165.25836,52.338756,0.45473558,0.31752129,161.87155,51.397664,0.80273216,0.29684268,33.285513,9.880561,0.28757718,0.28921414,32.598152,9.4278463,0.49420242,0.25257885,86.929517,21.956557,0.41941799,0.33927046,89.767076,30.455317,0.43672397,0.35319071,69.992778,24.720799,0.54138062,0.33915546,68.013983,23.067314
0b_baseline_last,file,19,baseline,7382,126.Nelson_Sharp_tailed_Sparrow/Nelson_Sharp_Tailed_Sparrow_0015_796922.jpg,126,125,126.Nelson_Sharp_tailed_Sparrow,124,123,random_erasing,random_erasing,0,"{""area_fraction"":0.079635,""erased"":true,""height"":0.380533,""left"":0.164332,""top"":0.561869,""width"":0.209273}",1.4823714,1.1090205,-0.37335098,0.22709849,0.32988194,0.76613152,0.65921825,-0.53903303,-0.32933632,0.20969671,0.96898599,0.86875991,165.25836,143.56984,False,0.99540788,True,False,False,0.96898599,0.86875991,165.25836,143.56984,0.96789947,0.86946443,161.87155,140.74156,0.99540432,0.85192841,33.285513,28.356874,0.9832076,0.81670863,32.598152,26.623192,0.97377485,0.85256272,86.929517,74.112866,0.97386915,0.88559312,89.767076,79.497105,0.95486919,0.87600899,69.992778,61.314303,0.95956898,0.87323609,68.013983,59.392264
0b_baseline_last,file,19,baseline,3016,053.Western_Grebe/Western_Grebe_0046_36118.jpg,53,52,053.Western_Grebe,86,85,identity,identity,0,{},0.14833479,0.14833479,0,0.86214244,0.86214244,0.032827359,0.032827359,0.82931508,0.82931508,0,1,1,22.845887,22.845887,False,1,True,True,True,1,1,22.845887,22.845887,1,1,22.480642,22.480642,1,1,4.0688186,4.0688186,1,1,5.0423981,5.0423981,1,1,8.847213,8.847213,1,1,10.888966,10.888966,1,1,12.306641,12.306641,1,1,11.474203,11.474203
0b_baseline_last,file,19,baseline,3016,053.Western_Grebe/Western_Grebe_0046_36118.jpg,53,52,053.Western_Grebe,86,85,horizontal_flip,horizontal_flip,0,"{""flipped"":true}",0.14833479,0.059554923,-0.088779863,0.86214244,0.94218379,0.032827359,0.0067687333,0.82931508,0.93541506,0.10609997,0.65612019,0.45625574,22.845887,10.423567,False,0.97195154,True,True,True,0.65612019,0.45625574,22.845887,10.423567,0.64634182,0.45657741,22.480642,10.264154,0.96164324,0.4463247,4.0688186,1.8160143,0.38187307,0.41818095,5.0423981,2.1086348,0.63947433,0.45726298,8.847213,4.045503,0.60289443,0.47209079,10.888966,5.1405806,0.62848711,0.45383532,12.306641,5.5851882,0.75999766,0.45218812,11.474203,5.1884985
0b_baseline_last,file,19,baseline,3016,053.Western_Grebe/Western_Grebe_0046_36118.jpg,53,52,053.Western_Grebe,86,85,color_jitter,color_jitter,0,"{""brightness"":0.819906,""contrast"":0.928132,""hue"":-0.08343,""saturation"":1.259292}",0.14833479,0.82626486,0.67793007,0.86214244,0.43768105,0.032827359,0.012516653,0.82931508,0.4251644,-0.40415069,0.74997937,4.4164939,22.845887,100.89872,False,0.94500935,True,True,True,0.74997937,4.4164939,22.845887,100.89872,0.74549986,4.4303847,22.480642,99.597894,0.90702261,3.9691296,4.0688186,16.149668,0.80124921,5.6136856,5.0423981,28.306438,0.7412856,4.8822911,8.847213,43.194669,0.74548046,4.5690109,10.888966,49.751805,0.74551193,4.2954978,12.306641,52.863148,0.74895234,3.88091,11.474203,44.530351
0b_baseline_last,file,19,baseline,3016,053.Western_Grebe/Western_Grebe_0046_36118.jpg,53,52,053.Western_Grebe,86,85,rotation,rotation,0,"{""angle"":13.139183}",0.14833479,0.49376735,0.34543256,0.86214244,0.61032277,0.032827359,0.016080445,0.82931508,0.59424233,-0.23507276,0.67992869,3.5959907,22.845887,82.153599,False,0.94724399,True,True,True,0.67992869,3.5959907,22.845887,82.153599,0.67429381,3.607961,22.480642,81.109281,0.87785646,3.2091621,4.0688186,13.057499,0.81904635,3.0755061,5.0423981,15.507926,0.69420956,3.611014,8.847213,31.94741,0.59125174,3.8458667,10.888966,41.877512,0.68140129,3.6414587,12.306641,44.814124,0.71555821,3.437317,11.474203,39.440475
0b_baseline_last,file,19,baseline,3016,053.Western_Grebe/Western_Grebe_0046_36118.jpg,53,52,053.Western_Grebe,86,85,random_resized_crop,random_resized_crop,0,"{""area_fraction"":0.529722,""aspect"":0.858814,""fallback"":false,""height"":0.78537,""left"":0.220809,""top"":0.045667,""width"":0.674487}",0.14833479,0.12838259,-0.019952193,0.86214244,0.87951684,0.032827359,0.0094731972,0.82931508,0.87004364,0.040728558,0.66772538,1.1192696,22.845887,25.570707,False,0.94619763,True,True,True,0.66772538,1.1192696,22.845887,25.570707,0.66103298,1.1222205,22.480642,25.228238,0.89403344,1.0251092,4.0688186,4.1709835,0.55595699,1.0015384,5.0423981,5.0501555,0.66500658,1.3196499,8.847213,11.675224,0.62508737,1.1202649,10.888966,12.198527,0.65737937,1.0752402,12.306641,13.232594,0.72383043,1.0700317,11.474203,12.277762
0b_baseline_last,file,19,baseline,3016,053.Western_Grebe/Western_Grebe_0046_36118.jpg,53,52,053.Western_Grebe,86,85,gaussian_blur,gaussian_blur,0,"{""sigma"":1.58686}",0.14833479,1.4943953,1.3460605,0.86214244,0.22438428,0.032827359,0.46990323,0.82931508,-0.24551895,-1.074834,0.348506,6.0956002,22.845887,139.2594,False,0.85208714,False,True,False,0.348506,6.0956002,22.845887,139.2594,0.33087537,6.0521602,22.480642,136.05645,0.80070759,7.2983078,4.0688186,29.69549,-0.042510138,9.1989819,5.0423981,46.384929,0.24007074,6.6067986,8.847213,58.451755,0.23109051,6.3219173,10.888966,68.839143,0.41500443,5.2611266,12.306641,64.746794,0.54198829,5.5203862,11.474203,63.342034
0b_baseline_last,file,19,baseline,3016,053.Western_Grebe/Western_Grebe_0046_36118.jpg,53,52,053.Western_Grebe,86,85,random_erasing,random_erasing,0,"{""area_fraction"":0.080948,""erased"":true,""height"":0.209206,""left"":0.405272,""top"":0.445547,""width"":0.386929}",0.14833479,0.4338721,0.28553732,0.86214244,0.64799511,0.032827359,0.057648581,0.82931508,0.59034653,-0.23896855,0.76739638,2.2620448,22.845887,51.678422,False,0.96973473,True,True,True,0.76739638,2.2620448,22.845887,51.678422,0.76070864,2.2523722,22.480642,50.634774,0.95379574,2.539654,4.0688186,10.333391,0.80677222,2.3246541,5.0423981,11.721832,0.70256141,2.1388801,8.847213,18.923128,0.72959879,2.1615753,10.888966,23.53732,0.75713299,2.2857953,12.306641,28.130461,0.81514049,2.3435077,11.474203,26.889885
0b_baseline_last,file,19,baseline,5196,089.Hooded_Merganser/Hooded_Merganser_0032_79032.jpg,89,88,089.Hooded_Merganser,90,89,identity,identity,0,{},0.00023600654,0.00023600654,0,0.99976403,0.99976403,6.899966e-05,6.899966e-05,0.99969503,0.99969503,0,1,1,0.029692981,0.029692981,False,0.99999988,True,True,True,1,1,0.029692981,0.029692981,1,1,0.028749869,0.028749869,1,1,0.0074241593,0.0074241593,1,1,0.0062374933,0.0062374933,1,1,0.011475256,0.011475256,1,1,0.013326955,0.013326955,1,1,0.012877888,0.012877888,1,1,0.017678218,0.017678218
0b_baseline_last,file,19,baseline,5196,089.Hooded_Merganser/Hooded_Merganser_0032_79032.jpg,89,88,089.Hooded_Merganser,90,89,horizontal_flip,horizontal_flip,0,"{""flipped"":true}",0.00023600654,0.00091534673,0.00067934018,0.99976403,0.99908507,6.899966e-05,0.0001508123,0.99969503,0.99893426,-0.00076076914,0.73158009,3.8858555,0.029692981,0.11538263,False,0.98734242,True,True,True,0.73158009,3.8858555,0.029692981,0.11538263,0.71764696,3.9160844,0.028749869,0.11258691,0.97910625,3.4004616,0.0074241593,0.025245569,0.79953339,3.4568129,0.0062374933,0.021561847,0.73552435,4.1093819,0.011475256,0.047156211,0.66397372,4.0583394,0.013326955,0.054085309,0.62598822,3.8782555,0.012877888,0.049943742,0.78356313,3.8230084,0.017678218,0.067583975
0b_baseline_last,file,19,baseline,5196,089.Hooded_Merganser/Hooded_Merganser_0032_79032.jpg,89,88,089.Hooded_Merganser,90,89,color_jitter,color_jitter,0,"{""brightness"":0.984784,""contrast"":1.222763,""hue"":-0.081034,""saturation"":0.854578}",0.00023600654,0.017364614,0.017128607,0.99976403,0.98278528,6.899966e-05,0.0039002118,0.99969503,0.97888507,-0.020809953,0.63974829,84.498661,0.029692981,2.5090171,False,0.91377449,True,True,True,0.63974829,84.498661,0.029692981,2.5090171,0.62917538,85.756581,0.028749869,2.4654905,0.8868803,62.676589,0.0074241593,0.46532098,0.60825015,75.04292,0.0062374933,0.46807971,0.59054398,82.557732,0.011475256,0.94737115,0.63140121,90.421988,0.013326955,1.2050498,0.58317504,103.34006,0.012877888,1.3308017,0.69781834,74.59215,0.017678218,1.3186563
0b_baseline_last,file,19,baseline,5196,089.Hooded_Merganser/Hooded_Merganser_0032_79032.jpg,89,88,089.Hooded_Merganser,90,89,rotation,rotation,0,"{""angle"":-2.432155}",0.00023600654,0.00012051333,-0.00011549321,0.99976403,0.99987948,6.899966e-05,5.0469251e-05,0.99969503,0.99982901,0.00013398461,0.85828086,0.50048339,0.029692981,0.014860844,False,0.99149227,True,True,True,0.85828086,0.50048339,0.029692981,0.014860844,0.84922049,0.4959326,0.028749869,0.014257997,0.98434843,0.56434296,0.0074241593,0.004189772,0.86593646,0.49634598,0.0062374933,0.0030959547,0.83484971,0.44006865,0.011475256,0.0050499007,0.81035679,0.46501643,0.013326955,0.0061972533,0.80446914,0.50806478,0.012877888,0.0065428016,0.89941778,0.52758911,0.017678218,0.0093268353
0b_baseline_last,file,19,baseline,5196,089.Hooded_Merganser/Hooded_Merganser_0032_79032.jpg,89,88,089.Hooded_Merganser,90,89,random_resized_crop,random_resized_crop,0,"{""area_fraction"":0.84825,""aspect"":1.087848,""fallback"":false,""height"":0.883035,""left"":0.021165,""top"":0.055037,""width"":0.960608}",0.00023600654,0.00020597244,-3.0034105e-05,0.99976403,0.99979407,6.899966e-05,7.5006894e-05,0.99969503,0.99971906,2.4033507e-05,0.81840105,0.84082327,0.029692981,0.024966549,False,0.99353731,True,True,True,0.81840105,0.84082327,0.029692981,0.024966549,0.80613905,0.83625231,0.028749869,0.024042144,0.99050409,0.90660986,0.0074241593,0.006730816,0.86191659,0.91572225,0.0062374933,0.0057118114,0.77373718,0.84415981,0.011475256,0.0096869503,0.72747461,0.73001463,0.013326955,0.0097288725,0.7410131,0.83727403,0.012877888,0.010782322,0.88709704,0.87752116,0.017678218,0.01551301
0b_baseline_last,file,19,baseline,5196,089.Hooded_Merganser/Hooded_Merganser_0032_79032.jpg,89,88,089.Hooded_Merganser,90,89,gaussian_blur,gaussian_blur,0,"{""sigma"":1.14277}",0.00023600654,0.00037674958,0.00014074304,0.99976403,0.9996233,6.899966e-05,8.6911408e-05,0.99969503,0.99953639,-0.00015863832,0.68714351,1.5793988,0.029692981,0.046897057,False,0.97384983,True,True,True,0.68714351,1.5793988,0.029692981,0.046897057,0.66810648,1.5776766,0.028749869,0.045357995,0.96785834,1.6050031,0.0074241593,0.011915799,0.73401774,1.687516,0.0062374933,0.01052587,0.62185136,1.6638283,0.011475256,0.019092857,0.44477007,1.4337593,0.013326955,0.019107647,0.61286005,1.5833527,0.012877888,0.020390239,0.8246054,1.6011025,0.017678218,0.028304639
0b_baseline_last,file,19,baseline,5196,089.Hooded_Merganser/Hooded_Merganser_0032_79032.jpg,89,88,089.Hooded_Merganser,90,89,random_erasing,random_erasing,0,"{""area_fraction"":0.159876,""erased"":true,""height"":0.32934,""left"":0.501181,""top"":0.523378,""width"":0.485444}",0.00023600654,0.0002349339,-1.0726362e-06,0.99976403,0.9997651,6.899966e-05,5.6852707e-05,0.99969503,0.99970825,1.3219837e-05,0.94984515,0.95558309,0.029692981,0.02837411,False,0.99437827,True,True,True,0.94984515,0.95558309,0.029692981,0.02837411,0.9469898,0.95356429,0.028749869,0.027414849,0.99176059,0.98536115,0.0074241593,0.0073154781,0.96936842,0.9125217,0.0062374933,0.005691848,0.95588036,0.95171817,0.011475256,0.01092121,0.94440696,0.92027724,0.013326955,0.012264494,0.92693446,0.95399449,0.012877888,0.012285435,0.95322668,0.97740183,0.017678218,0.017278722
0b_baseline_last,file,19,baseline,4439,077.Tropical_Kingbird/Tropical_Kingbird_0102_69654.jpg,77,76,077.Tropical_Kingbird,20,19,identity,identity,0,{},0.17259264,0.17259264,0,0.84148031,0.84148031,0.033712886,0.033712886,0.80776743,0.80776743,0,1,1,27.242769,27.242769,False,1,True,True,True,1,1,27.242769,27.242769,1,1,26.891952,26.891952,1,1,4.3579061,4.3579061,1,1,7.1478622,7.1478622,1,1,12.64067,12.64067,1,1,14.70552,14.70552,1,1,13.047989,13.047989,1,1,11.215894,11.215894
0b_baseline_last,file,19,baseline,4439,077.Tropical_Kingbird/Tropical_Kingbird_0102_69654.jpg,77,76,077.Tropical_Kingbird,20,19,horizontal_flip,horizontal_flip,0,"{""flipped"":true}",0.17259264,0.088776939,-0.083815701,0.84148031,0.91504967,0.033712886,0.039258122,0.80776743,0.87579155,0.068024121,0.73875023,0.5222706,27.242769,14.228097,False,0.97454631,True,True,True,0.73875023,0.5222706,27.242769,14.228097,0.73269037,0.52049194,26.891952,13.997045,0.94875727,0.58599744,4.3579061,2.5537218,0.75874588,0.42135095,7.1478622,3.0117585,0.73573936,0.54394139,12.64067,6.8757834,0.69528447,0.49499056,14.70552,7.2790938,0.74063038,0.51213993,13.047989,6.6823963,0.77805341,0.57733958,11.215894,6.4753797
0b_baseline_last,file,19,baseline,4439,077.Tropical_Kingbird/Tropical_Kingbird_0102_69654.jpg,77,76,077.Tropical_Kingbird,20,19,color_jitter,color_jitter,0,"{""brightness"":0.749802,""contrast"":1.166438,""hue"":-0.093516,""saturation"":1.099221}",0.17259264,3.7448401,3.5722475,0.84148031,0.023639405,0.033712886,0.0061423681,0.80776743,0.017497037,-0.79027039,0.40717138,4.4251604,27.242769,120.55362,False,0.79074693,False,True,False,0.40717138,4.4251604,27.242769,120.55362,0.39509771,4.3641676,26.891952,117.36099,0.75170252,6.3242265,4.3579061,27.560385,0.42534509,4.3224193,7.1478622,30.896057,0.41138151,4.8261363,12.64067,61.005595,0.2777984,3.9469175,14.70552,58.041476,0.4879268,4.209849,13.047989,54.930064,0.42630408,4.6424693,11.215894,52.069446
0b_baseline_last,file,19,baseline,4439,077.Tropical_Kingbird/Tropical_Kingbird_0102_69654.jpg,77,76,077.Tropical_Kingbird,20,19,rotation,rotation,0,"{""angle"":3.578199}",0.17259264,0.24546386,0.072871223,0.84148031,0.78234154,0.033712886,0.049250178,0.80776743,0.73309136,-0.074676067,0.84372433,1.3739257,27.242769,37.429539,False,0.96413946,True,True,True,0.84372433,1.3739257,27.242769,37.429539,0.84069112,1.3747693,26.891952,36.97023,0.96234768,1.3414066,4.3579061,5.8457239,0.82943208,1.4221744,7.1478622,10.165506,0.82449113,1.4116444,12.64067,17.844131,0.83589912,1.4196662,14.70552,20.876931,0.85335402,1.331927,13.047989,17.378969,0.86375922,1.283312,11.215894,14.393492
0b_baseline_last,file,19,baseline,4439,077.Tropical_Kingbird/Tropical_Kingbird_0102_69654.jpg,77,76,077.Tropical_Kingbird,20,19,random_resized_crop,random_resized_crop,0,"{""area_fraction"":0.773848,""aspect"":1.017815,""fallback"":false,""height"":0.871953,""left"":0.033028,""top"":0.036296,""width"":0.887488}",0.17259264,0.34448472,0.17189208,0.84148031,0.70858538,0.033712886,0.0360533,0.80776743,0.67253208,-0.13523535,0.76905172,2.0036381,27.242769,54.584651,False,0.94274157,True,True,True,0.76905172,2.0036381,27.242769,54.584651,0.76514679,2.0082937,26.891952,54.006938,0.93710275,1.8175075,4.3579061,7.9205272,0.70145707,1.9755427,7.1478622,14.120907,0.73052972,2.0951745,12.64067,26.484408,0.78415659,2.0630735,14.70552,30.33857,0.78497899,1.9645456,13.047989,25.63337,0.78136383,1.8668728,11.215894,20.938648
0b_baseline_last,file,19,baseline,4439,077.Tropical_Kingbird/Tropical_Kingbird_0102_69654.jpg,77,76,077.Tropical_Kingbird,20,19,gaussian_blur,gaussian_blur,0,"{""sigma"":1.366566}",0.17259264,0.43231195,0.25971931,0.84148031,0.6490069,0.033712886,0.020387776,0.80776743,0.62861913,-0.1791483,0.67836362,1.9785202,27.242769,53.900369,False,0.91437924,True,True,True,0.67836362,1.9785202,27.242769,53.900369,0.67239756,1.9742695,26.891952,53.091962,0.8905328,2.134093,4.3579061,9.300177,0.61570769,1.8649288,7.1478622,13.330254,0.638437,1.8635663,12.64067,23.556726,0.63734246,1.8738404,14.70552,27.555798,0.70805876,2.1397217,13.047989,27.919066,0.74327335,2.0859157,11.215894,23.39541
0b_baseline_last,file,19,baseline,4439,077.Tropical_Kingbird/Tropical_Kingbird_0102_69654.jpg,77,76,077.Tropical_Kingbird,20,19,random_erasing,random_erasing,0,"{""area_fraction"":0.067507,""erased"":true,""height"":0.163621,""left"":0.479678,""top"":0.683647,""width"":0.412585}",0.17259264,0.11730205,-0.055290587,0.84148031,0.8893165,0.033712886,0.026826326,0.80776743,0.86249017,0.054722745,0.96664099,0.71891047,27.242769,19.585112,False,0.98759204,True,True,True,0.96664099,0.71891047,27.242769,19.585112,0.96614102,0.71945808,26.891952,19.347633,0.98671505,0.69773819,4.3579061,3.0406775,0.98386566,0.76258133,7.1478622,5.4508262,0.97852331,0.72871872,12.64067,9.2114926,0.97436186,0.72011539,14.70552,10.589672,0.9556419,0.71385971,13.047989,9.3144338,0.94314948,0.69560143,11.215894,7.8017922
0b_baseline_last,file,19,baseline,11759,200.Common_Yellowthroat/Common_Yellowthroat_0088_190594.jpg,200,199,200.Common_Yellowthroat,161,160,identity,identity,0,{},0.20376322,0.20376322,0,0.81565547,0.81565547,0.062257972,0.062257972,0.7533975,0.7533975,0,1,1,35.735627,35.735627,False,1,True,True,True,1,1,35.735627,35.735627,1,1,35.278186,35.278186,1,1,5.6995302,5.6995302,1,1,12.33417,12.33417,1,1,15.605984,15.605984,1,1,17.807433,17.807433,1,1,17.061344,17.061344,1,1,15.513793,15.513793
0b_baseline_last,file,19,baseline,11759,200.Common_Yellowthroat/Common_Yellowthroat_0088_190594.jpg,200,199,200.Common_Yellowthroat,161,160,horizontal_flip,horizontal_flip,0,"{""flipped"":true}",0.20376322,0.023022149,-0.18074107,0.81565547,0.97724086,0.062257972,0.0040349029,0.7533975,0.97320596,0.21980846,0.52389046,0.11228188,35.735627,4.0124635,False,0.96416175,True,True,True,0.52389046,0.11228188,35.735627,4.0124635,0.5116278,0.11131368,35.278186,3.9269447,0.90302325,0.14457248,5.6995302,0.82399522,0.022993627,0.065069443,12.33417,0.80257759,0.39187728,0.099068005,15.605984,1.5460537,0.57577558,0.12048119,17.807433,2.1454607,0.54486695,0.11524908,17.061344,1.9663042,0.68130823,0.1275751,15.513793,1.9791736
0b_baseline_last,file,19,baseline,11759,200.Common_Yellowthroat/Common_Yellowthroat_0088_190594.jpg,200,199,200.Common_Yellowthroat,161,160,color_jitter,color_jitter,0,"{""brightness"":1.006242,""contrast"":0.600444,""hue"":0.006174,""saturation"":0.904586}",0.20376322,0.656093,0.45232978,0.81565547,0.51887459,0.062257972,0.070265286,0.7533975,0.4486093,-0.3047882,0.73156218,2.6293591,35.735627,93.961795,False,0.94703966,True,True,True,0.73156218,2.6293591,35.735627,93.961795,0.72656885,2.6282631,35.278186,92.720352,0.9198977,2.6710109,5.6995302,15.223507,0.76019835,2.0158969,12.33417,24.864416,0.6019978,3.092089,15.605984,48.255091,0.75559015,2.9080197,17.807433,51.784364,0.77271971,2.3099465,17.061344,39.410792,0.8117395,2.4250892,15.513793,37.622332
0b_baseline_last,file,19,baseline,11759,200.Common_Yellowthroat/Common_Yellowthroat_0088_190594.jpg,200,199,200.Common_Yellowthroat,161,160,rotation,rotation,0,"{""angle"":10.735906}",0.20376322,0.091033489,-0.11272973,0.81565547,0.91298711,0.062257972,0.011815888,0.7533975,0.90117123,0.14777373,0.66802468,0.41706815,35.735627,14.904192,False,0.94884694,True,True,True,0.66802468,0.41706815,35.735627,14.904192,0.66062828,0.41531302,35.278186,14.65149,0.92017063,0.47949684,5.6995302,2.7329067,0.54366604,0.26105992,12.33417,3.2199575,0.56706056,0.38392824,15.605984,5.9915779,0.65872619,0.41608614,17.807433,7.4094259,0.69185385,0.44305252,17.061344,7.5590716,0.77883314,0.48391267,15.513793,7.5073209
0b_baseline_last,file,19,baseline,11759,200.Common_Yellowthroat/Common_Yellowthroat_0088_190594.jpg,200,199,200.Common_Yellowthroat,161,160,random_resized_crop,random_resized_crop,0,"{""area_fraction"":0.737135,""aspect"":0.836664,""fallback"":false,""height"":0.938638,""left"":0.111125,""top"":0.026367,""width"":0.785324}",0.20376322,1.6969937,1.4932305,0.81565547,0.18323353,0.062257972,0.30315995,0.7533975,-0.11992642,-0.87332392,0.76110612,4.3607781,35.735627,155.83514,False,0.94496679,False,True,False,0.76110612,4.3607781,35.735627,155.83514,0.75608726,4.3484647,35.278186,153.40594,0.938729,4.8088434,5.6995302,27.408148,0.83792745,3.761745,12.33417,46.398003,0.66765892,4.3799562,15.605984,68.353525,0.72624971,4.5198183,17.807433,80.486359,0.76841529,4.2152166,17.061344,71.917263,0.83052215,4.5843999,15.513793,71.121431
0b_baseline_last,file,19,baseline,11759,200.Common_Yellowthroat/Common_Yellowthroat_0088_190594.jpg,200,199,200.Common_Yellowthroat,161,160,gaussian_blur,gaussian_blur,0,"{""sigma"":1.345901}",0.20376322,0.49509043,0.29132721,0.81565547,0.60951579,0.062257972,0.16856162,0.7533975,0.44095416,-0.31244333,0.71753029,2.1387846,35.735627,76.430807,False,0.92628545,True,True,True,0.71753029,2.1387846,35.735627,76.430807,0.71212258,2.13627,35.278186,75.36373,0.91642161,2.23299,5.6995302,12.726994,0.58549736,1.30932,12.33417,16.149376,0.59006735,2.1036791,15.605984,32.829982,0.75020853,2.3253495,17.807433,41.408504,0.75707358,2.1774814,17.061344,37.15076,0.80581774,2.2755303,15.513793,35.302105
0b_baseline_last,file,19,baseline,11759,200.Common_Yellowthroat/Common_Yellowthroat_0088_190594.jpg,200,199,200.Common_Yellowthroat,161,160,random_erasing,random_erasing,0,"{""area_fraction"":0.171578,""erased"":true,""height"":0.311737,""left"":0.38604,""top"":0.315245,""width"":0.550395}",0.20376322,1.1674204,0.96365717,0.81565547,0.31116861,0.062257972,0.025852276,0.7533975,0.28531634,-0.46808116,0.42972936,2.4977897,35.735627,89.260079,False,0.87010229,True,True,True,0.42972936,2.4977897,35.735627,89.260079,0.41764424,2.4850747,35.278186,87.668928,0.82657336,2.9438534,5.6995302,16.778581,-0.0047634401,1.2410296,12.33417,15.30707,0.19927351,2.2646885,15.605984,35.342693,0.49792489,2.5500829,17.807433,45.410428,0.47947909,2.6274696,17.061344,44.828164,0.57716135,2.975425,15.513793,46.160127
0b_baseline_last,file,19,baseline,11421,194.Cactus_Wren/Cactus_Wren_0034_185817.jpg,194,193,194.Cactus_Wren,36,35,identity,identity,0,{},0.04814516,0.04814516,0,0.95299542,0.95299542,0.019867344,0.019867344,0.93312808,0.93312808,0,1,1,8.0728467,8.0728467,False,1,True,True,True,1,1,8.0728467,8.0728467,1,1,7.9438737,7.9438737,1,1,1.4372629,1.4372629,1,1,1.9986071,1.9986071,1,1,2.8703582,2.8703582,1,1,3.9039778,3.9039778,1,1,4.3166116,4.3166116,1,1,4.1228104,4.1228104
0b_baseline_last,file,19,baseline,11421,194.Cactus_Wren/Cactus_Wren_0034_185817.jpg,194,193,194.Cactus_Wren,36,35,horizontal_flip,horizontal_flip,0,"{""flipped"":true}",0.04814516,0.044397555,-0.0037476048,0.95299542,0.95657361,0.019867344,0.010845307,0.93312808,0.9457283,0.012600223,0.67916841,0.80439121,8.0728467,6.493727,False,0.96551418,True,True,True,0.67916841,0.80439121,8.0728467,6.493727,0.66918811,0.7997777,7.9438737,6.353333,0.94805509,0.9344151,1.4372629,1.3430002,0.61176787,0.59022551,1.9986071,1.1796289,0.58165885,0.83686063,2.8703582,2.4020897,0.62467921,0.82808318,3.9039778,3.2328183,0.66432393,0.7521159,4.3166116,3.2465922,0.77232965,0.847611,4.1228104,3.4945394
0b_baseline_last,file,19,baseline,11421,194.Cactus_Wren/Cactus_Wren_0034_185817.jpg,194,193,194.Cactus_Wren,36,35,color_jitter,color_jitter,0,"{""brightness"":0.977277,""contrast"":0.874875,""hue"":-0.032051,""saturation"":1.359444}",0.04814516,0.77124542,0.72310026,0.95299542,0.4624368,0.019867344,0.086812854,0.93312808,0.37562394,-0.55750413,0.79563148,10.018128,8.0728467,80.874809,False,0.9510504,True,True,True,0.79563148,10.018128,8.0728467,80.874809,0.79181081,9.9919271,7.9438737,79.374607,0.90599426,10.787898,1.4372629,15.505046,0.82456052,8.7810494,1.9986071,17.549868,0.71692781,12.129967,2.8703582,34.81735,0.79172419,10.498609,3.9039778,40.986335,0.81316809,9.4776305,4.3166116,40.91125,0.82467207,9.1609041,4.1228104,37.76867
0b_baseline_last,file,19,baseline,11421,194.Cactus_Wren/Cactus_Wren_0034_185817.jpg,194,193,194.Cactus_Wren,36,35,rotation,rotation,0,"{""angle"":0.589683}",0.04814516,0.057197645,0.0090524852,0.95299542,0.9444074,0.019867344,0.032635137,0.93312808,0.91177227,-0.02135581,0.88492684,1.2993845,8.0728467,10.489732,False,0.98171771,True,True,True,0.88492684,1.2993845,8.0728467,10.489732,0.88232627,1.3006364,7.9438737,10.332092,0.96731846,1.26054,1.4372629,1.8117274,0.92424223,1.144312,1.9986071,2.2870302,0.79716219,1.3835224,2.8703582,3.9712048,0.87785885,1.3359741,3.9039778,5.2156131,0.89723019,1.3002298,4.3166116,5.6125871,0.90922146,1.2614479,4.1228104,5.2007103
0b_baseline_last,file,19,baseline,11421,194.Cactus_Wren/Cactus_Wren_0034_185817.jpg,194,193,194.Cactus_Wren,36,35,random_resized_crop,random_resized_crop,0,"{""area_fraction"":0.677333,""aspect"":1.187123,""fallback"":false,""height"":0.755359,""left"":0.024833,""top"":0.090078,""width"":0.896704}",0.04814516,0.1200926,0.071947441,0.95299542,0.88683832,0.019867344,0.088633455,0.93312808,0.79820486,-0.13492321,0.70011832,2.5416742,8.0728467,20.518546,False,0.96817178,True,True,True,0.70011832,2.5416742,8.0728467,20.518546,0.69241864,2.5350526,7.9438737,20.138138,0.92001127,2.7362436,1.4372629,3.9327014,0.68614291,2.1236792,1.9986071,4.2444003,0.60501835,2.6875838,2.8703582,7.7143281,0.65020531,2.6364663,3.9039778,10.292706,0.70762353,2.4556431,4.3166116,10.600057,0.76524662,2.5406518,4.1228104,10.474626
0b_baseline_last,file,19,baseline,11421,194.Cactus_Wren/Cactus_Wren_0034_185817.jpg,194,193,194.Cactus_Wren,36,35,gaussian_blur,gaussian_blur,0,"{""sigma"":1.826454}",0.04814516,3.4873548,3.4392096,0.95299542,0.030581659,0.019867344,0.069219157,0.93312808,-0.038637498,-0.97176557,0.37785062,16.864443,8.0728467,136.14406,False,0.70364857,False,True,False,0.37785062,16.864443,8.0728467,136.14406,0.36787059,16.785155,7.9438737,133.33915,0.64848838,19.128862,1.4372629,27.493203,0.27565614,15.656849,1.9986071,31.29189,0.34656388,23.075147,2.8703582,66.233936,0.34784487,19.170166,3.9039778,74.839901,0.39222466,13.837566,4.3166116,59.731399,0.44189646,13.81565,4.1228104,56.959303
0b_baseline_last,file,19,baseline,11421,194.Cactus_Wren/Cactus_Wren_0034_185817.jpg,194,193,194.Cactus_Wren,36,35,random_erasing,random_erasing,0,"{""area_fraction"":0.187148,""erased"":true,""height"":0.297698,""left"":0.321073,""top"":0.188942,""width"":0.628649}",0.04814516,0.19762315,0.14947799,0.95299542,0.82067907,0.019867344,0.061156794,0.93312808,0.75952227,-0.1736058,0.70036522,3.417502,8.0728467,27.58897,False,0.90453392,True,True,True,0.70036522,3.417502,8.0728467,27.58897,0.69450201,3.4224372,7.9438737,27.187409,0.88899378,3.2631448,1.4372629,4.6899969,0.80641646,2.8483651,1.9986071,5.6927626,0.56990238,3.781822,2.8703582,10.855184,0.65319267,3.4857755,3.9039778,13.60839,0.72365131,3.2843384,4.3166116,14.177213,0.7508071,3.4535575,4.1228104,14.238363
0b_baseline_last,file,19,baseline,3928,068.Ruby_throated_Hummingbird/Ruby_Throated_Hummingbird_0079_58075.jpg,68,67,068.Ruby_throated_Hummingbird,32,31,identity,identity,0,{},2.0422521,2.0422521,0,0.12973621,0.12973621,0.3444106,0.3444106,-0.21467438,-0.21467438,0,1,1,159.45941,159.45941,False,0.99999994,True,False,False,1,1,159.45941,159.45941,1,1,156.8979,156.8979,1,1,28.466662,28.466662,1,1,39.090012,39.090012,1,1,69.773652,69.773652,1,1,78.096869,78.096869,1,1,74.837117,74.837117,1,1,80.75175,80.75175
0b_baseline_last,file,19,baseline,3928,068.Ruby_throated_Hummingbird/Ruby_Throated_Hummingbird_0079_58075.jpg,68,67,068.Ruby_throated_Hummingbird,32,31,horizontal_flip,horizontal_flip,0,"{""flipped"":true}",2.0422521,2.166925,0.12467289,0.12973621,0.11452927,0.3444106,0.047581729,-0.21467438,0.066947546,0.28162193,0.50905511,0.91848487,159.45941,146.46105,False,0.93137634,False,False,False,0.50905511,0.91848487,159.45941,146.46105,0.49615336,0.91313185,156.8979,143.26847,0.85008477,1.0683922,28.466662,30.413561,0.46462393,1.0737771,39.090012,41.973962,0.50518758,0.77537109,69.773652,54.100473,0.42929083,0.88688315,78.096869,69.262797,0.44776226,0.98441233,74.837117,73.670581,0.61040178,0.92773915,80.75175,74.91656
0b_baseline_last,file,19,baseline,3928,068.Ruby_throated_Hummingbird/Ruby_Throated_Hummingbird_0079_58075.jpg,68,67,068.Ruby_throated_Hummingbird,32,31,color_jitter,color_jitter,0,"{""brightness"":1.379864,""contrast"":0.642946,""hue"":0.017056,""saturation"":0.600909}",2.0422521,4.6826448,2.6403928,0.12973621,0.0092545049,0.3444106,0.044083707,-0.21467438,-0.034829202,0.17984518,0.49773348,1.0152029,159.45941,161.88365,False,0.88157082,False,False,False,0.49773348,1.0152029,159.45941,161.88365,0.48620403,1.0128092,156.8979,158.90764,0.8257036,1.0854054,28.466662,30.897868,0.27084731,0.99563625,39.090012,38.919433,0.30424666,0.88976569,69.773652,62.082202,0.49906235,1.0652901,78.096869,83.195819,0.49908909,1.0206485,74.837117,76.382393,0.63028233,1.0454383,80.75175,84.42097
0b_baseline_last,file,19,baseline,3928,068.Ruby_throated_Hummingbird/Ruby_Throated_Hummingbird_0079_58075.jpg,68,67,068.Ruby_throated_Hummingbird,32,31,rotation,rotation,0,"{""angle"":-10.129748}",2.0422521,3.0713587,1.0291066,0.12973621,0.046358127,0.3444106,0.40723613,-0.21467438,-0.360878,-0.14620362,0.72120166,1.0672994,159.45941,170.19094,False,0.95723355,True,False,False,0.72120166,1.0672994,159.45941,170.19094,0.71329984,1.0660207,156.8979,167.25642,0.95314423,1.1054399,28.466662,31.468184,0.56172488,0.90986172,39.090012,35.566506,0.6935843,0.9250091,69.773652,64.541264,0.72370347,1.0906489,78.096869,85.176261,0.68496916,1.1407579,74.837117,85.371033,0.77859903,1.1076915,80.75175,89.448023
0b_baseline_last,file,19,baseline,3928,068.Ruby_throated_Hummingbird/Ruby_Throated_Hummingbird_0079_58075.jpg,68,67,068.Ruby_throated_Hummingbird,32,31,random_resized_crop,random_resized_crop,0,"{""area_fraction"":0.583702,""aspect"":0.969475,""fallback"":false,""height"":0.775938,""left"":0.166784,""top"":0.001394,""width"":0.752253}",2.0422521,1.9036655,-0.13858652,0.12973621,0.14902136,0.3444106,0.2274183,-0.21467438,-0.078396946,0.13627744,0.50971577,0.95800255,159.45941,152.76252,False,0.87786651,True,False,False,0.50971577,0.95800255,159.45941,152.76252,0.49821795,0.95852881,156.8979,150.39116,0.86524979,0.94187562,28.466662,26.812055,0.13890718,1.3686144,39.090012,53.499154,0.38111631,0.74567694,69.773652,52.028604,0.5030885,0.97908823,78.096869,76.463725,0.54490733,1.0013904,74.837117,74.941172,0.66638269,0.92550446,80.75175,74.736104
0b_baseline_last,file,19,baseline,3928,068.Ruby_throated_Hummingbird/Ruby_Throated_Hummingbird_0079_58075.jpg,68,67,068.Ruby_throated_Hummingbird,32,31,gaussian_blur,gaussian_blur,0,"{""sigma"":1.308469}",2.0422521,3.955626,1.9133739,0.12973621,0.019146677,0.3444106,0.28749141,-0.21467438,-0.26834473,-0.05367035,0.49615235,1.2978505,159.45941,206.95447,False,0.85920805,True,False,False,0.49615235,1.2978505,159.45941,206.95447,0.48734439,1.3042555,156.8979,204.63495,0.82583718,1.0854113,28.466662,30.898036,0.4243378,1.3547497,39.090012,52.957182,0.18040847,1.0465766,69.773652,73.023473,0.51605903,1.4837779,78.096869,115.8784,0.52802948,1.3952168,74.837117,104.414,0.64514094,1.2011795,80.75175,96.997348
0b_baseline_last,file,19,baseline,3928,068.Ruby_throated_Hummingbird/Ruby_Throated_Hummingbird_0079_58075.jpg,68,67,068.Ruby_throated_Hummingbird,32,31,random_erasing,random_erasing,0,"{""area_fraction"":0.100601,""erased"":true,""height"":0.250679,""left"":0.212542,""top"":0.190727,""width"":0.401314}",2.0422521,3.6511428,1.6088908,0.12973621,0.025961444,0.3444106,0.019881004,-0.21467438,0.0060804393,0.22075482,0.58722999,0.75532493,159.45941,120.44367,False,0.8842355,False,False,False,0.58722999,0.75532493,159.45941,120.44367,0.57817424,0.74805303,156.8979,117.36795,0.8200073,0.95006419,28.466662,27.045156,0.66263544,0.72540621,39.090012,28.356138,0.43683288,0.60928156,69.773652,42.5118,0.59570573,0.73879065,78.096869,57.697236,0.54728372,0.77244704,74.837117,57.807709,0.65858442,0.83009236,80.75175,67.031411
0b_baseline_last,file,19,baseline,7969,136.Barn_Swallow/Barn_Swallow_0042_132043.jpg,136,135,136.Barn_Swallow,135,134,identity,identity,0,{},9.7339554,9.7339554,0,5.9237551e-05,5.9237551e-05,0.98613375,0.98613375,-0.98607452,-0.98607452,0,1,1,276.10039,276.10039,False,0.99999994,True,False,False,1,1,276.10039,276.10039,1,1,271.91505,271.91505,1,1,47.891887,47.891887,1,1,68.02343,68.02343,1,1,129.42043,129.42043,1,1,151.63299,151.63299,1,1,126.39908,126.39908,1,1,116.58331,116.58331
0b_baseline_last,file,19,baseline,7969,136.Barn_Swallow/Barn_Swallow_0042_132043.jpg,136,135,136.Barn_Swallow,135,134,horizontal_flip,horizontal_flip,0,"{""flipped"":true}",9.7339554,8.9211998,-0.81275558,5.9237551e-05,0.00013352788,0.98613375,0.96341228,-0.98607452,-0.96327876,0.02279576,0.61052362,0.86321594,276.10039,238.33426,False,0.97665286,True,False,False,0.61052362,0.86321594,276.10039,238.33426,0.59835729,0.86116457,271.91505,234.16361,0.97649819,0.92691502,47.891887,44.39171,0.53656485,0.9480588,68.02343,64.490211,0.48479606,0.83399377,129.42043,107.93583,0.54419763,0.81031207,151.63299,122.87005,0.63942299,0.88245602,126.39908,111.54163,0.78589083,0.9192357,116.58331,107.16754
0b_baseline_last,file,19,baseline,7969,136.Barn_Swallow/Barn_Swallow_0042_132043.jpg,136,135,136.Barn_Swallow,135,134,color_jitter,color_jitter,0,"{""brightness"":0.648838,""contrast"":0.783133,""hue"":-0.021287,""saturation"":0.82719}",9.7339554,11.257726,1.5237703,5.9237551e-05,1.290719e-05,0.98613375,0.99746335,-0.98607452,-0.99745044,-0.011375922,0.7511994,0.99425455,276.10039,274.51407,False,0.96490997,True,False,False,0.7511994,0.99425455,276.10039,274.51407,0.7446228,0.99448773,271.91505,270.41618,0.96489715,0.98670811,47.891887,47.255314,0.54396359,0.98914921,68.02343,67.285322,0.66318895,1.0038672,129.42043,129.92092,0.78918269,0.99675588,151.63299,151.14108,0.76865217,0.98044706,126.39908,123.92761,0.81042708,0.99722995,116.58331,116.26036
0b_baseline_last,file,19,baseline,7969,136.Barn_Swallow/Barn_Swallow_0042_132043.jpg,136,135,136.Barn_Swallow,135,134,rotation,rotation,0,"{""angle"":-11.29878}",9.7339554,9.6925507,-0.041404724,5.9237551e-05,6.1741746e-05,0.98613375,0.99602109,-0.98607452,-0.99595935,-0.0098848335,0.74199004,1.0366044,276.10039,286.20689,False,0.94899321,True,False,False,0.74199004,1.0366044,276.10039,286.20689,0.73588945,1.0380176,271.91505,282.25261,0.94900347,0.98996957,47.891887,47.411511,0.75293463,1.1630856,68.02343,79.117075,0.76790951,1.0007994,129.42043,129.52388,0.73100894,1.0353037,151.63299,156.9862,0.69707003,1.0321838,126.39908,130.46709,0.74729094,1.0492796,116.58331,122.32848
0b_baseline_last,file,19,baseline,7969,136.Barn_Swallow/Barn_Swallow_0042_132043.jpg,136,135,136.Barn_Swallow,135,134,random_resized_crop,random_resized_crop,0,"{""area_fraction"":0.503529,""aspect"":0.852147,""fallback"":false,""height"":0.768697,""left"":0.044585,""top"":0.168654,""width"":0.655043}",9.7339554,5.4462743,-4.2876811,5.9237551e-05,0.0043123416,0.98613375,0.9662841,-0.98607452,-0.96197175,0.024102762,0.64211289,0.97078132,276.10039,268.0331,False,0.9273538,True,False,False,0.64211289,0.97078132,276.10039,268.0331,0.63326512,0.97078362,271.91505,263.97067,0.92735294,0.97070742,47.891887,46.489011,0.678495,0.8238883,68.02343,56.043708,0.50358016,0.95610605,129.42043,123.73965,0.673721,0.92399743,151.63299,140.1085,0.64451196,1.0274239,126.39908,129.86543,0.700337,1.0411295,116.58331,121.37832
0b_baseline_last,file,19,baseline,7969,136.Barn_Swallow/Barn_Swallow_0042_132043.jpg,136,135,136.Barn_Swallow,135,134,gaussian_blur,gaussian_blur,0,"{""sigma"":1.226151}",9.7339554,8.1064663,-1.6274891,5.9237551e-05,0.00030158259,0.98613375,0.9381218,-0.98607452,-0.93782021,0.048254304,0.6809396,0.77424064,276.10039,213.76815,False,0.92141348,True,False,False,0.6809396,0.77424064,276.10039,213.76815,0.67292758,0.77213731,271.91505,209.95576,0.92085714,0.83922448,47.891887,40.192045,0.58628233,0.76216707,68.02343,51.845218,0.65460096,0.75197996,129.42043,97.321568,0.69342581,0.75207121,151.63299,114.03881,0.64762679,0.75611065,126.39908,95.571692,0.71897841,0.84840702,116.58331,98.910095
0b_baseline_last,file,19,baseline,7969,136.Barn_Swallow/Barn_Swallow_0042_132043.jpg,136,135,136.Barn_Swallow,135,134,random_erasing,random_erasing,0,"{""area_fraction"":0.073708,""erased"":true,""height"":0.428459,""left"":0.241467,""top"":0.128824,""width"":0.17203}",9.7339554,8.2881021,-1.4458532,5.9237551e-05,0.0002514912,0.98613375,0.90343988,-0.98607452,-0.90318839,0.082886128,0.49363278,0.63641994,276.10039,175.71579,False,0.8854816,True,False,False,0.49363278,0.63641994,276.10039,175.71579,0.47858236,0.62998102,271.91505,171.30132,0.88377869,0.8172463,47.891887,39.139468,0.3245471,0.47015554,68.02343,31.981592,0.40421006,0.50698899,129.42043,65.614733,0.42136682,0.54291986,151.63299,82.324563,0.46725502,0.69872831,126.39908,88.318618,0.67783819,0.83332705,116.58331,97.152022
0b_baseline_last,file,19,baseline,1491,027.Shiny_Cowbird/Shiny_Cowbird_0070_796832.jpg,27,26,027.Shiny_Cowbird,107,106,identity,identity,0,{},5.1976161,5.1976161,0,0.0055297301,0.0055297301,0.66303122,0.66303122,-0.65750149,-0.65750149,0,1,1,243.84879,243.84879,False,1,True,False,False,1,1,243.84879,243.84879,1,1,241.31604,241.31604,1,1,35.054274,35.054274,1,1,60.028409,60.028409,1,1,111.58597,111.58597,1,1,127.29435,127.29435,1,1,123.77617,123.77617,1,1,103.21918,103.21918
0b_baseline_last,file,19,baseline,1491,027.Shiny_Cowbird/Shiny_Cowbird_0070_796832.jpg,27,26,027.Shiny_Cowbird,107,106,horizontal_flip,horizontal_flip,0,"{""flipped"":true}",5.1976161,4.3310099,-0.86660624,0.0055297301,0.01315426,0.66303122,0.23166606,-0.65750149,-0.2185118,0.43898969,0.52108536,0.69390377,243.84879,169.2076,False,0.96469885,False,False,False,0.52108536,0.69390377,243.84879,169.2076,0.51149729,0.68813317,241.31604,166.05757,0.88101774,0.927065,35.054274,32.497591,0.17250211,0.90560837,60.028409,54.362229,0.34540336,0.6203286,111.58597,69.219967,0.51349166,0.69175399,127.29435,88.056378,0.59482923,0.65617279,123.77617,81.218556,0.7239252,0.71705728,103.21918,74.014064
0b_baseline_last,file,19,baseline,1491,027.Shiny_Cowbird/Shiny_Cowbird_0070_796832.jpg,27,26,027.Shiny_Cowbird,107,106,color_jitter,color_jitter,0,"{""brightness"":0.843739,""contrast"":0.80471,""hue"":0.073391,""saturation"":1.104624}",5.1976161,4.2411256,-0.95649052,0.0055297301,0.014391385,0.66303122,0.30865353,-0.65750149,-0.29426215,0.36323934,0.85485464,0.7047392,243.84879,171.8498,False,0.9551028,True,False,False,0.85485464,0.7047392,243.84879,171.8498,0.8537158,0.70283007,241.31604,169.60417,0.90857909,0.78994097,35.054274,27.690807,0.81495584,0.66771285,60.028409,40.08174,0.86059692,0.71174941,111.58597,79.421247,0.85998519,0.7364739,127.29435,93.74897,0.86162421,0.6569714,123.77617,81.317405,0.84227999,0.71521071,103.21918,73.823462
0b_baseline_last,file,19,baseline,1491,027.Shiny_Cowbird/Shiny_Cowbird_0070_796832.jpg,27,26,027.Shiny_Cowbird,107,106,rotation,rotation,0,"{""angle"":7.615884}",5.1976161,3.027626,-2.1699901,0.0055297301,0.048430469,0.66303122,0.34607655,-0.65750149,-0.29764608,0.35985541,0.81815668,0.83608377,243.84879,203.87802,False,0.96854657,True,False,False,0.81815668,0.83608377,243.84879,203.87802,0.81562908,0.83485912,241.31604,201.4649,0.93200831,0.89219497,35.054274,31.275247,0.82618414,0.92120462,60.028409,55.298448,0.82709569,0.85617762,111.58597,95.537408,0.804415,0.83387755,127.29435,106.1479,0.7993021,0.80361217,123.77617,99.468037,0.840565,0.82443137,103.21918,85.09713
0b_baseline_last,file,19,baseline,1491,027.Shiny_Cowbird/Shiny_Cowbird_0070_796832.jpg,27,26,027.Shiny_Cowbird,107,106,random_resized_crop,random_resized_crop,0,"{""area_fraction"":0.897056,""aspect"":0.91902,""fallback"":false,""height"":0.987978,""left"":0.008704,""top"":0.000129,""width"":0.907972}",5.1976161,5.2772751,0.079658985,0.0055297301,0.0051063271,0.66303122,0.72033358,-0.65750149,-0.71522725,-0.057725759,0.87326101,1.0298468,243.84879,251.12691,False,0.98515552,True,False,False,0.87326101,1.0298468,243.84879,251.12691,0.87119771,1.0313483,241.31604,248.88089,0.9812163,0.95599101,35.054274,33.511571,0.86702538,1.2513862,60.028409,75.118719,0.86136094,1.0689977,111.58597,119.28515,0.87571572,1.0089963,127.29435,128.43954,0.87609881,0.98952234,123.77617,122.47929,0.88090632,0.99613675,103.21918,102.82042
0b_baseline_last,file,19,baseline,1491,027.Shiny_Cowbird/Shiny_Cowbird_0070_796832.jpg,27,26,027.Shiny_Cowbird,107,106,gaussian_blur,gaussian_blur,0,"{""sigma"":1.999933}",5.1976161,1.2169195,-3.9806966,0.0055297301,0.296141,0.66303122,0.018290989,-0.65750149,0.27785001,0.9353515,0.24411393,0.52783162,243.84879,128.7111,False,0.75309515,False,False,True,0.24411393,0.52783162,243.84879,128.7111,0.23649846,0.52826776,241.31604,127.47948,0.62055899,0.50673274,35.054274,17.763148,-0.17121608,0.42266609,60.028409,25.371973,0.11813189,0.53592368,111.58597,59.801563,0.17599653,0.52317586,127.29435,66.597333,0.3424302,0.55484771,123.77617,68.676925,0.42338312,0.51985869,103.21918,53.659387
0b_baseline_last,file,19,baseline,1491,027.Shiny_Cowbird/Shiny_Cowbird_0070_796832.jpg,27,26,027.Shiny_Cowbird,107,106,random_erasing,random_erasing,0,"{""area_fraction"":0.192837,""erased"":true,""height"":0.599893,""left"":0.484227,""top"":0.185982,""width"":0.321452}",5.1976161,6.3341603,1.1365442,0.0055297301,0.0017746353,0.66303122,0.69718009,-0.65750149,-0.69540546,-0.037903967,0.6197651,0.79004911,243.84879,192.65252,False,0.88621044,True,False,False,0.6197651,0.79004911,243.84879,192.65252,0.61338148,0.78462319,241.31604,189.34216,0.87376032,1.0144375,35.054274,35.56037,0.54526762,0.70701583,60.028409,42.441036,0.6187642,0.87426991,111.58597,97.556254,0.6220784,0.71833415,127.29435,91.439882,0.58945694,0.71407637,123.77617,88.385638,0.65823282,0.88574639,103.21918,91.426015
0b_baseline_last,file,19,baseline,6000,103.Sayornis/Sayornis_0076_98941.jpg,103,102,103.Sayornis,77,76,identity,identity,0,{},0.024123363,0.024123363,0,0.97616529,0.97616529,0.0062907515,0.0062907515,0.96987454,0.96987454,0,1,1,3.8178906,3.8178906,False,1,True,True,True,1,1,3.8178906,3.8178906,1,1,3.7447895,3.7447895,1,1,0.74353192,0.74353192,1,1,0.71456085,0.71456085,1,1,1.7150025,1.7150025,1,1,2.0838654,2.0838654,1,1,1.7357302,1.7357302,1,1,1.7934223,1.7934223
0b_baseline_last,file,19,baseline,6000,103.Sayornis/Sayornis_0076_98941.jpg,103,102,103.Sayornis,77,76,horizontal_flip,horizontal_flip,0,"{""flipped"":true}",0.024123363,0.023636244,-0.00048711896,0.97616529,0.97664088,0.0062907515,0.0066153072,0.96987454,0.97002557,0.00015102979,0.67598985,0.85985859,3.8178906,3.282846,False,0.96950752,True,True,True,0.67598985,0.85985859,3.8178906,3.282846,0.66341444,0.85631925,3.7447895,3.2067354,0.96814143,0.94521669,0.74353192,0.70279878,0.62280183,0.9039104,0.71456085,0.64589899,0.59787673,0.91755171,1.7150025,1.5736035,0.66536365,0.77397563,2.0838654,1.612861,0.63848624,0.82608718,1.7357302,1.4338644,0.75571251,0.92170846,1.7934223,1.6530125
0b_baseline_last,file,19,baseline,6000,103.Sayornis/Sayornis_0076_98941.jpg,103,102,103.Sayornis,77,76,color_jitter,color_jitter,0,"{""brightness"":1.017756,""contrast"":1.20443,""hue"":-0.077248,""saturation"":0.823879}",0.024123363,1.4531429,1.4290195,0.97616529,0.23383422,0.0062907515,0.019871425,0.96987454,0.2139628,-0.75591175,0.66584046,29.741061,3.8178906,113.54811,False,0.85462314,True,True,True,0.66584046,29.741061,3.8178906,113.54811,0.66130338,29.903456,3.7447895,111.98215,0.811133,25.275163,0.74353192,18.792891,0.59588932,30.389775,0.71456085,21.715344,0.50222551,33.789503,1.7150025,57.949083,0.75468578,28.925746,2.0838654,60.277362,0.71100183,28.99543,1.7357302,50.328242,0.67713198,28.124243,1.7934223,50.438644
0b_baseline_last,file,19,baseline,6000,103.Sayornis/Sayornis_0076_98941.jpg,103,102,103.Sayornis,77,76,rotation,rotation,0,"{""angle"":-0.843318}",0.024123363,0.027032863,0.0029095002,0.97616529,0.97332925,0.0062907515,0.010914898,0.96987454,0.96241435,-0.0074601946,0.8574887,1.1417324,3.8178906,4.3590092,False,0.99130172,True,True,True,0.8574887,1.1417324,3.8178906,4.3590092,0.85240146,1.1384278,3.7447895,4.2631726,0.97974354,1.2225725,0.74353192,0.90902169,0.63262492,1.2185735,0.71456085,0.8707449,0.8093323,1.1648919,1.7150025,1.9977925,0.86657321,1.0873938,2.0838654,2.2659824,0.85914289,1.1730109,1.7357302,2.0360304,0.9074935,1.1352428,1.7934223,2.0359698
0b_baseline_last,file,19,baseline,6000,103.Sayornis/Sayornis_0076_98941.jpg,103,102,103.Sayornis,77,76,random_resized_crop,random_resized_crop,0,"{""area_fraction"":0.531119,""aspect"":0.984459,""fallback"":false,""height"":0.734509,""left"":0.158987,""top"":0.108844,""width"":0.723094}",0.024123363,0.073676333,0.04955297,0.97616529,0.9289723,0.0062907515,0.0097118439,0.96987454,0.91926046,-0.050614083,0.5625519,2.8711235,3.8178906,10.961635,False,0.91737461,True,True,True,0.5625519,2.8711235,3.8178906,10.961635,0.55013443,2.8784787,3.7447895,10.779297,0.90255855,2.6778025,0.74353192,1.9910316,0.25167846,2.9318607,0.71456085,2.0949929,0.38462625,3.1845702,1.7150025,5.4615459,0.60981778,2.5762783,2.0838654,5.3686172,0.56678601,2.928196,1.7357302,5.0825582,0.68325612,2.9145279,1.7934223,5.2269793
0b_baseline_last,file,19,baseline,6000,103.Sayornis/Sayornis_0076_98941.jpg,103,102,103.Sayornis,77,76,gaussian_blur,gaussian_blur,0,"{""sigma"":1.549328}",0.024123363,1.148164,1.1240407,0.97616529,0.31721863,0.0062907515,0.055341586,0.96987454,0.26187705,-0.7079975,0.46600982,31.81975,3.8178906,121.48432,False,0.82437766,True,True,True,0.46600982,31.81975,3.8178906,121.48432,0.45692982,31.989107,3.7447895,119.79247,0.74317085,27.173111,0.74353192,20.204075,0.33593196,37.341537,0.71456085,26.682801,0.4485258,37.409618,1.7150025,64.157588,0.47473248,28.607179,2.0838654,59.61351,0.43965418,32.619734,1.7357302,56.619057,0.49902578,29.307236,1.7934223,52.560251
0b_baseline_last,file,19,baseline,6000,103.Sayornis/Sayornis_0076_98941.jpg,103,102,103.Sayornis,77,76,random_erasing,random_erasing,0,"{""area_fraction"":0.064069,""erased"":true,""height"":0.194924,""left"":0.25938,""top"":0.523992,""width"":0.32869}",0.024123363,0.74969065,0.72556729,0.97616529,0.47251272,0.0062907515,0.033129416,0.96987454,0.43938331,-0.53049124,0.7301953,23.574502,3.8178906,90.004868,False,0.90504128,True,True,True,0.7301953,23.574502,3.8178906,90.004868,0.72599574,23.740282,3.7447895,88.902359,0.88265528,18.888847,0.74353192,14.04446,0.80137966,32.733155,0.71456085,23.389831,0.71022443,26.191393,1.7150025,44.918305,0.74758633,23.086908,2.0838654,48.110008,0.70292541,22.886693,1.7357302,39.725123,0.73568482,21.204915,1.7934223,38.029368
0b_baseline_last,file,19,baseline,3208,056.Pine_Grosbeak/Pine_Grosbeak_0068_38981.jpg,56,55,056.Pine_Grosbeak,130,129,identity,identity,0,{},0.00028677643,0.00028677643,0,0.99971324,0.99971324,6.2775725e-05,6.2775725e-05,0.99965047,0.99965047,0,1,1,0.047693761,0.047693761,False,0.99999988,True,True,True,1,1,0.047693761,0.047693761,1,1,0.046609626,0.046609626,1,1,0.010111259,0.010111259,1,1,0.0062266441,0.0062266441,1,1,0.019684375,0.019684375,1,1,0.02440586,0.02440586,1,1,0.0236815,0.0236815,1,1,0.024284813,0.024284813
0b_baseline_last,file,19,baseline,3208,056.Pine_Grosbeak/Pine_Grosbeak_0068_38981.jpg,56,55,056.Pine_Grosbeak,130,129,horizontal_flip,horizontal_flip,0,"{""flipped"":true}",0.00028677643,0.00021395778,-7.2818642e-05,0.99971324,0.99978608,6.2775725e-05,1.6882315e-05,0.99965047,0.9997692,0.00011873029,0.73248447,0.72318123,0.047693761,0.034491233,False,0.98441422,True,True,True,0.73248447,0.72318123,0.047693761,0.034491233,0.72075216,0.72047534,0.046609626,0.033581086,0.9653056,0.77845899,0.010111259,0.0078712004,0.39264772,0.72135103,0.0062266441,0.0044915961,0.69936453,0.71701695,0.019684375,0.014114031,0.7175008,0.71917504,0.02440586,0.017552085,0.6882045,0.70422899,0.0236815,0.016677199,0.78853753,0.73903256,0.024284813,0.017947267
0b_baseline_last,file,19,baseline,3208,056.Pine_Grosbeak/Pine_Grosbeak_0068_38981.jpg,56,55,056.Pine_Grosbeak,130,129,color_jitter,color_jitter,0,"{""brightness"":1.097205,""contrast"":0.850594,""hue"":-0.090586,""saturation"":1.015437}",0.00028677643,0.0027059626,0.0024191862,0.99971324,0.9972977,6.2775725e-05,2.0134719e-05,0.99965047,0.99727757,-0.0023728968,0.44884005,12.130288,0.047693761,0.57853905,False,0.9333986,True,True,True,0.44884005,12.130288,0.047693761,0.57853905,0.43527734,12.181242,0.046609626,0.56776312,0.77049373,10.991874,0.010111259,0.11114169,0.084183581,14.842755,0.0062266441,0.092420554,0.3892253,13.565759,0.019684375,0.2670335,0.35142045,12.603704,0.02440586,0.30760422,0.41549709,11.154926,0.0236815,0.26416538,0.61692328,11.507966,0.024284813,0.2794688
0b_baseline_last,file,19,baseline,3208,056.Pine_Grosbeak/Pine_Grosbeak_0068_38981.jpg,56,55,056.Pine_Grosbeak,130,129,rotation,rotation,0,"{""angle"":0.295309}",0.00028677643,0.00040379952,0.0001170231,0.99971324,0.9995963,6.2775725e-05,8.0993079e-05,0.99965047,0.9995153,-0.00013516167,0.95103906,1.4128117,0.047693761,0.067382302,False,0.99764144,True,True,True,0.95103906,1.4128117,0.047693761,0.067382302,0.94901296,1.4155657,0.046609626,0.065978989,0.99701502,1.3529661,0.010111259,0.013680191,0.86910639,1.5759099,0.0062266441,0.0098126303,0.94300688,1.4882238,0.019684375,0.029294756,0.9431174,1.4372563,0.02440586,0.035077476,0.95147658,1.3911677,0.0236815,0.032944937,0.96580433,1.3550992,0.024284813,0.032908331
0b_baseline_last,file,19,baseline,3208,056.Pine_Grosbeak/Pine_Grosbeak_0068_38981.jpg,56,55,056.Pine_Grosbeak,130,129,random_resized_crop,random_resized_crop,0,"{""area_fraction"":0.751753,""aspect"":0.830312,""fallback"":false,""height"":0.951518,""left"":0.00073,""top"":0.030617,""width"":0.790056}",0.00028677643,0.0011204162,0.00083363979,0.99971324,0.99888021,6.2775725e-05,6.6358014e-05,0.99965047,0.99881385,-0.0008366168,0.71977799,3.7095235,0.047693761,0.17692113,False,0.96540225,True,True,True,0.71977799,3.7095235,0.047693761,0.17692113,0.70932543,3.7102925,0.046609626,0.17293535,0.94292428,3.6931457,0.010111259,0.037342352,0.51231541,3.722739,0.0062266441,0.023180171,0.68029407,3.7018766,0.019684375,0.072869128,0.65603799,3.4844098,0.02440586,0.085040018,0.70903072,3.9032486,0.0236815,0.092434779,0.7936161,3.7477433,0.024284813,0.091013246
0b_baseline_last,file,19,baseline,3208,056.Pine_Grosbeak/Pine_Grosbeak_0068_38981.jpg,56,55,056.Pine_Grosbeak,130,129,gaussian_blur,gaussian_blur,0,"{""sigma"":1.230017}",0.00028677643,0.0040361383,0.0037493619,0.99971324,0.99597198,6.2775725e-05,0.00038853579,0.99965047,0.99558344,-0.0040670244,0.65375067,15.513619,0.047693761,0.73990284,False,0.95290172,True,True,True,0.65375067,15.513619,0.047693761,0.73990284,0.64345891,15.63677,0.046609626,0.728824,0.93937423,12.615731,0.010111259,0.12756092,0.28964271,20.554173,0.0062266441,0.12798352,0.52077272,18.138159,0.019684375,0.35703834,0.66045591,15.236574,0.02440586,0.37186168,0.66761934,15.742005,0.0236815,0.37279428,0.7545741,13.66164,0.024284813,0.33177037
0b_baseline_last,file,19,baseline,3208,056.Pine_Grosbeak/Pine_Grosbeak_0068_38981.jpg,56,55,056.Pine_Grosbeak,130,129,random_erasing,random_erasing,0,"{""area_fraction"":0.195869,""erased"":true,""height"":0.260445,""left"":0.021312,""top"":0.268122,""width"":0.752053}",0.00028677643,0.20609915,0.20581238,0.99971324,0.81375241,6.2775725e-05,0.0027352844,0.99965047,0.81101713,-0.18863334,0.54638247,768.9435,0.047693761,36.673808,False,0.86966586,True,True,True,0.54638247,768.9435,0.047693761,36.673808,0.53945087,776.56486,0.046609626,36.195398,0.76383575,583.93798,0.010111259,5.9043481,0.41806284,689.94398,0.0062266441,4.2960356,0.64005853,816.52158,0.019684375,16.072717,0.53624295,803.82904,0.02440586,19.618139,0.48576053,798.82595,0.0236815,18.917396,0.53634093,701.93623,0.024284813,17.04639
0b_baseline_last,file,19,baseline,5522,095.Baltimore_Oriole/Baltimore_Oriole_0045_88178.jpg,95,94,095.Baltimore_Oriole,96,95,identity,identity,0,{},0.0027012073,0.0027012073,0,0.99730241,0.99730241,0.0017094014,0.0017094014,0.99559301,0.99559301,0,1,1,0.40971602,0.40971602,False,1,True,True,True,1,1,0.40971602,0.40971602,1,1,0.39911142,0.39911142,1,1,0.092613664,0.092613664,1,1,0.097502937,0.097502937,1,1,0.14210803,0.14210803,1,1,0.19567674,0.19567674,1,1,0.2056441,0.2056441,1,1,0.22138096,0.22138096
0b_baseline_last,file,19,baseline,5522,095.Baltimore_Oriole/Baltimore_Oriole_0045_88178.jpg,95,94,095.Baltimore_Oriole,96,95,horizontal_flip,horizontal_flip,0,"{""flipped"":true}",0.0027012073,0.0033268365,0.00062562921,0.99730241,0.99667871,0.0017094014,0.0023843942,0.99559301,0.99429432,-0.0012986958,0.64169288,1.2608884,0.40971602,0.51660617,False,0.98031253,True,True,True,0.64169288,1.2608884,0.40971602,0.51660617,0.62355962,1.2608649,0.39911142,0.50322559,0.97832511,1.2613244,0.092613664,0.11681588,0.37502123,1.2198385,0.097502937,0.11893784,0.51357941,1.2895309,0.14210803,0.18325269,0.57403085,1.2626396,0.19567674,0.2470692,0.60909151,1.2356453,0.2056441,0.25410318,0.76602216,1.2768031,0.22138096,0.2826599
0b_baseline_last,file,19,baseline,5522,095.Baltimore_Oriole/Baltimore_Oriole_0045_88178.jpg,95,94,095.Baltimore_Oriole,96,95,color_jitter,color_jitter,0,"{""brightness"":1.116973,""contrast"":0.905056,""hue"":0.072919,""saturation"":1.055291}",0.0027012073,2.946847,2.9441458,0.99730241,0.052504998,0.0017094014,0.16951206,0.99559301,-0.11700707,-1.1126001,0.45792278,404.85285,0.40971602,165.8747,False,0.78735417,False,True,False,0.45792278,404.85285,0.40971602,165.8747,0.45135,409.19084,0.39911142,163.31274,0.63286876,313.56873,0.092613664,29.040749,0.27903056,357.47801,0.097502937,34.855156,0.39711608,459.40019,0.14210803,65.284454,0.43899468,392.04483,0.19567674,76.714056,0.47817112,425.45359,0.2056441,87.492021,0.49531083,395.19357,0.22138096,87.488333
0b_baseline_last,file,19,baseline,5522,095.Baltimore_Oriole/Baltimore_Oriole_0045_88178.jpg,95,94,095.Baltimore_Oriole,96,95,rotation,rotation,0,"{""angle"":3.15713}",0.0027012073,0.0032914295,0.00059022219,0.99730241,0.996714,0.0017094014,0.0026817559,0.99559301,0.99403224,-0.0015607716,0.86191658,1.2977464,0.40971602,0.53170751,False,0.98534876,True,True,True,0.86191658,1.2977464,0.40971602,0.53170751,0.85561262,1.2957129,0.39911142,0.51713382,0.97591064,1.3349487,0.092613664,0.12363449,0.88946603,1.300831,0.097502937,0.12683485,0.8067276,1.2690068,0.14210803,0.18033606,0.84137031,1.2572794,0.19567674,0.24602035,0.84434945,1.3025337,0.2056441,0.26785837,0.88911823,1.3288653,0.22138096,0.29418549
0b_baseline_last,file,19,baseline,5522,095.Baltimore_Oriole/Baltimore_Oriole_0045_88178.jpg,95,94,095.Baltimore_Oriole,96,95,random_resized_crop,random_resized_crop,0,"{""area_fraction"":0.655137,""aspect"":1.047781,""fallback"":false,""height"":0.790735,""left"":0.086335,""top"":0.076291,""width"":0.828516}",0.0027012073,0.0018616265,-0.00083958078,0.99730241,0.9981401,0.0017094014,0.00066709332,0.99559301,0.997473,0.0018799917,0.74383345,0.62527934,0.40971602,0.25618696,False,0.9806264,True,True,True,0.74383345,0.62527934,0.40971602,0.25618696,0.73331732,0.62739735,0.39911142,0.25040145,0.95521659,0.58455258,0.092613664,0.054137556,0.82515138,0.5954412,0.097502937,0.058057266,0.62225138,0.63066158,0.14210803,0.089622071,0.72034532,0.60278621,0.19567674,0.11795124,0.69498465,0.60965497,0.2056441,0.12537195,0.80235769,0.66491199,0.22138096,0.14719885
0b_baseline_last,file,19,baseline,5522,095.Baltimore_Oriole/Baltimore_Oriole_0045_88178.jpg,95,94,095.Baltimore_Oriole,96,95,gaussian_blur,gaussian_blur,0,"{""sigma"":1.494061}",0.0027012073,0.026241923,0.023540715,0.99730241,0.9740994,0.0017094014,0.0025457193,0.99559301,0.97155368,-0.024039333,0.47190272,10.261404,0.40971602,4.2042615,False,0.91544163,True,True,True,0.47190272,10.261404,0.40971602,4.2042615,0.46012474,10.390661,0.39911142,4.1470314,0.80141672,7.4647265,0.092613664,0.69133566,0.41395908,8.7006949,0.097502937,0.84834331,0.32068445,10.709863,0.14210803,1.5219574,0.43790062,11.363543,0.19567674,2.2235811,0.43916871,11.148406,0.2056441,2.2926039,0.59094041,8.9905989,0.22138096,1.9903474
0b_baseline_last,file,19,baseline,5522,095.Baltimore_Oriole/Baltimore_Oriole_0045_88178.jpg,95,94,095.Baltimore_Oriole,96,95,random_erasing,random_erasing,0,"{""area_fraction"":0.114074,""erased"":true,""height"":0.263208,""left"":0.331542,""top"":0.691045,""width"":0.4334}",0.0027012073,0.0041391896,0.0014379823,0.99730241,0.99586934,0.0017094014,0.0032942323,0.99559301,0.99257511,-0.0030179054,0.91432972,1.7705147,0.40971602,0.72540826,False,0.99016076,True,True,True,0.91432972,1.7705147,0.40971602,0.72540826,0.91096453,1.7762388,0.39911142,0.70891719,0.98314781,1.6606312,0.092613664,0.15379714,0.92700973,1.7673964,0.097502937,0.17232634,0.89732577,1.834916,0.14210803,0.26075628,0.91696611,1.8249586,0.19567674,0.35710196,0.89776007,1.7895937,0.2056441,0.36801939,0.92210309,1.701654,0.22138096,0.3767138
0b_baseline_last,file,19,baseline,8626,147.Least_Tern/Least_Tern_0020_153458.jpg,147,146,147.Least_Tern,146,145,identity,identity,0,{},0.0082441736,0.0082441736,0,0.9917897,0.9917897,0.0044154916,0.0044154916,0.98737421,0.98737421,0,1,1,1.1900139,1.1900139,False,1,True,True,True,1,1,1.1900139,1.1900139,1,1,1.1535238,1.1535238,1,1,0.29243075,0.29243075,1,1,0.22199439,0.22199439,1,1,0.50847979,0.50847979,1,1,0.56887975,0.56887975,1,1,0.5708591,0.5708591,1,1,0.61096627,0.61096627
0b_baseline_last,file,19,baseline,8626,147.Least_Tern/Least_Tern_0020_153458.jpg,147,146,147.Least_Tern,146,145,horizontal_flip,horizontal_flip,0,"{""flipped"":true}",0.0082441736,0.061372582,0.053128408,0.9917897,0.94047278,0.0044154916,0.027971493,0.98737421,0.91250129,-0.074872918,0.69608225,7.8107707,1.1900139,9.2949255,False,0.95441264,True,True,True,0.69608225,7.8107707,1.1900139,9.2949255,0.68238628,7.8663499,1.1535238,9.0740222,0.94525835,6.8884285,0.29243075,2.0143883,0.5234519,8.1001058,0.22199439,1.7981781,0.70652149,8.1154412,0.50847979,4.1265378,0.66794166,8.2053491,0.56887975,4.667857,0.66373802,8.0263312,0.5708591,4.5819042,0.72342972,7.1893063,0.61096627,4.3924237
0b_baseline_last,file,19,baseline,8626,147.Least_Tern/Least_Tern_0020_153458.jpg,147,146,147.Least_Tern,146,145,color_jitter,color_jitter,0,"{""brightness"":1.220148,""contrast"":1.161802,""hue"":-0.053544,""saturation"":0.632222}",0.0082441736,1.9316945,1.9234503,0.9917897,0.14490244,0.0044154916,0.10471198,0.98737421,0.040190458,-0.94718375,0.62921754,119.2689,1.1900139,141.93164,False,0.85760689,False,True,False,0.62921754,119.2689,1.1900139,141.93164,0.62571039,120.94771,1.1535238,139.51607,0.73135254,89.163263,0.29243075,26.07408,0.47142024,113.99985,0.22199439,25.307327,0.54124485,110.64227,0.50847979,56.259356,0.70798855,132.98253,0.56887975,75.651069,0.63986904,129.59405,0.5708591,73.979942,0.61433337,109.34483,0.61096627,66.806
0b_baseline_last,file,19,baseline,8626,147.Least_Tern/Least_Tern_0020_153458.jpg,147,146,147.Least_Tern,146,145,rotation,rotation,0,"{""angle"":4.110252}",0.0082441736,0.099384375,0.091140201,0.9917897,0.90539461,0.0044154916,0.087641902,0.98737421,0.81775271,-0.1696215,0.71332985,15.506378,1.1900139,18.452805,False,0.97007358,True,True,True,0.71332985,15.506378,1.1900139,18.452805,0.70086259,15.600122,1.1535238,17.995113,0.93413177,13.966898,0.29243075,4.0843505,0.53369005,16.412554,0.22199439,3.6434949,0.72496435,15.788965,0.50847979,8.0283694,0.66914121,16.582029,0.56887975,9.4331807,0.6848116,15.90509,0.5708591,9.0795656,0.76084276,14.143551,0.61096627,8.6412329
0b_baseline_last,file,19,baseline,8626,147.Least_Tern/Least_Tern_0020_153458.jpg,147,146,147.Least_Tern,146,145,random_resized_crop,random_resized_crop,0,"{""area_fraction"":0.774232,""aspect"":0.792813,""fallback"":false,""height"":0.988212,""left"":0.161506,""top"":0.011388,""width"":0.783467}",0.0082441736,0.6837725,0.67552833,0.9917897,0.50470936,0.0044154916,0.1938161,0.98737421,0.31089327,-0.67648094,0.64798684,70.291177,1.1900139,83.647476,False,0.89611793,True,True,True,0.64798684,70.291177,1.1900139,83.647476,0.63802679,71.235836,1.1535238,82.172236,0.87994188,53.484309,0.29243075,15.640456,0.66928687,66.999839,0.22199439,14.873589,0.64019558,89.632888,0.50847979,45.576512,0.6598284,74.975055,0.56887975,42.651791,0.61738569,66.679171,0.5708591,38.064411,0.6657052,56.361312,0.61096627,34.434861
0b_baseline_last,file,19,baseline,8626,147.Least_Tern/Least_Tern_0020_153458.jpg,147,146,147.Least_Tern,146,145,gaussian_blur,gaussian_blur,0,"{""sigma"":1.487267}",0.0082441736,0.21689774,0.20865357,0.9917897,0.80501229,0.0044154916,0.13212919,0.98737421,0.67288309,-0.31449111,0.62661666,30.095106,1.1900139,35.813593,False,0.90573382,True,True,True,0.62661666,30.095106,1.1900139,35.813593,0.61397497,30.444791,1.1535238,35.118792,0.89297483,24.006533,0.29243075,7.0202484,0.38321492,28.524971,0.22199439,6.3323837,0.54804968,34.821372,0.50847979,17.705964,0.6432236,33.029226,0.56887975,18.789658,0.62369738,28.943017,0.5708591,16.522385,0.68247725,26.069547,0.61096627,15.927614
0b_baseline_last,file,19,baseline,8626,147.Least_Tern/Least_Tern_0020_153458.jpg,147,146,147.Least_Tern,146,145,random_erasing,random_erasing,0,"{""area_fraction"":0.146975,""erased"":true,""height"":0.251246,""left"":0.140388,""top"":0.159252,""width"":0.584983}",0.0082441736,0.054074135,0.045829961,0.9917897,0.94736189,0.0044154916,0.019406419,0.98737421,0.92795547,-0.05941874,0.78535788,6.6519077,1.1900139,7.9158625,False,0.9610458,True,True,True,0.78535788,6.6519077,1.1900139,7.9158625,0.77683224,6.7042412,1.1535238,7.7335021,0.94757296,5.7768435,0.29243075,1.6893267,0.78348177,6.1388788,0.22199439,1.3627967,0.7819022,7.0149626,0.50847979,3.5669667,0.74830327,7.1804899,0.56887975,4.0848353,0.74724533,6.6423998,0.5708591,3.7918744,0.83434309,6.1595807,0.61096627,3.7632961
0b_baseline_last,file,19,baseline,1332,024.Red_faced_Cormorant/Red_Faced_Cormorant_0036_796329.jpg,24,23,024.Red_faced_Cormorant,5,4,identity,identity,0,{},0.64165074,0.64165074,0,0.52642274,0.52642274,0.17502676,0.17502676,0.35139598,0.35139598,0,1,1,71.615706,71.615706,False,1,True,True,True,1,1,71.615706,71.615706,1,1,70.336736,70.336736,1,1,13.474156,13.474156,1,1,16.188128,16.188128,1,1,27.781773,27.781773,1,1,35.303859,35.303859,1,1,36.844242,36.844242,1,1,36.1872,36.1872
0b_baseline_last,file,19,baseline,1332,024.Red_faced_Cormorant/Red_Faced_Cormorant_0036_796329.jpg,24,23,024.Red_faced_Cormorant,5,4,horizontal_flip,horizontal_flip,0,"{""flipped"":true}",0.64165074,0.21811959,-0.42353114,0.52642274,0.80402929,0.17502676,0.0080956863,0.35139598,0.7959336,0.44453762,0.5249096,0.42615917,71.615706,30.51969,False,0.93275595,True,True,True,0.5249096,0.42615917,71.615706,30.51969,0.51164964,0.4253116,70.336736,29.915029,0.86817164,0.4486395,13.474156,6.0450384,0.53250971,0.49676507,16.188128,8.0416965,0.4437752,0.42183847,27.781773,11.719421,0.466522,0.4131734,35.303859,14.586615,0.47486391,0.41169428,36.844242,15.168564,0.62412527,0.43696868,36.1872,15.812673
0b_baseline_last,file,19,baseline,1332,024.Red_faced_Cormorant/Red_Faced_Cormorant_0036_796329.jpg,24,23,024.Red_faced_Cormorant,5,4,color_jitter,color_jitter,0,"{""brightness"":1.197173,""contrast"":1.22877,""hue"":-0.096109,""saturation"":1.006886}",0.64165074,1.9131007,1.27145,0.52642274,0.14762194,0.17502676,0.083543964,0.35139598,0.064077981,-0.287318,0.48462761,1.8527802,71.615706,132.68816,False,0.886002,False,True,False,0.48462761,1.8527802,71.615706,132.68816,0.47257758,1.8539123,70.336736,130.39814,0.81887278,1.8216594,13.474156,24.545322,0.47690746,2.0454217,16.188128,33.111547,0.40078713,2.054377,27.781773,57.074236,0.39076226,1.781604,35.303859,62.897497,0.4765426,1.7437353,36.844242,64.246604,0.59196604,1.8673179,36.1872,67.573007
0b_baseline_last,file,19,baseline,1332,024.Red_faced_Cormorant/Red_Faced_Cormorant_0036_796329.jpg,24,23,024.Red_faced_Cormorant,5,4,rotation,rotation,0,"{""angle"":-8.106606}",0.64165074,0.11990219,-0.52174855,0.52642274,0.88700718,0.17502676,0.0091923112,0.35139598,0.87781487,0.52641889,0.60826928,0.23497528,71.615706,16.82792,False,0.91412568,True,True,True,0.60826928,0.23497528,71.615706,16.82792,0.59875658,0.23476225,70.336736,16.51241,0.86126804,0.24070772,13.474156,3.2433332,0.19901764,0.21275304,16.188128,3.4440735,0.51152098,0.22548794,27.781773,6.2644548,0.55601383,0.22782494,35.303859,8.0430995,0.6350264,0.24213823,36.844242,8.9213995,0.7188822,0.24291574,36.1872,8.7904403
0b_baseline_last,file,19,baseline,1332,024.Red_faced_Cormorant/Red_Faced_Cormorant_0036_796329.jpg,24,23,024.Red_faced_Cormorant,5,4,random_resized_crop,random_resized_crop,0,"{""area_fraction"":0.532478,""aspect"":0.896379,""fallback"":false,""height"":0.770735,""left"":0.187076,""top"":0.081392,""width"":0.69087}",0.64165074,0.62061393,-0.021036804,0.52642274,0.53761429,0.17502676,0.12363704,0.35139598,0.41397724,0.062581263,0.63790203,1.0310599,71.615706,73.840081,False,0.9092592,True,True,True,0.63790203,1.0310599,71.615706,73.840081,0.62961706,1.0354387,70.336736,72.829376,0.90234176,0.90360864,13.474156,12.175363,0.59402896,1.2916586,16.188128,20.909535,0.38293122,1.1757705,27.781773,32.66499,0.66115621,1.0180797,35.303859,35.942141,0.68810687,0.97968266,36.844242,36.095665,0.73441992,0.95933389,36.1872,34.715607
0b_baseline_last,file,19,baseline,1332,024.Red_faced_Cormorant/Red_Faced_Cormorant_0036_796329.jpg,24,23,024.Red_faced_Cormorant,5,4,gaussian_blur,gaussian_blur,0,"{""sigma"":1.877508}",0.64165074,1.0973954,0.45574468,0.52642274,0.33373919,0.17502676,0.039561454,0.35139598,0.29417774,-0.057218242,0.59760887,1.7158858,71.615706,122.88437,False,0.94444978,True,True,True,0.59760887,1.7158858,71.615706,122.88437,0.58935126,1.7229114,70.336736,121.18396,0.85897313,1.5119261,13.474156,20.371927,0.54077443,1.7470835,16.188128,28.282011,0.53413706,1.865145,27.781773,51.817036,0.50972205,1.8026736,35.303859,63.641336,0.61384045,1.6954703,36.844242,62.468317,0.70252098,1.5749403,36.1872,56.99268
0b_baseline_last,file,19,baseline,1332,024.Red_faced_Cormorant/Red_Faced_Cormorant_0036_796329.jpg,24,23,024.Red_faced_Cormorant,5,4,random_erasing,random_erasing,0,"{""area_fraction"":0.184219,""erased"":true,""height"":0.475261,""left"":0.508674,""top"":0.042699,""width"":0.387616}",0.64165074,2.2880058,1.6463551,0.52642274,0.10146862,0.17502676,0.25761038,0.35139598,-0.15614176,-0.50753774,0.67271539,1.9892222,71.615706,142.45955,False,0.91220754,False,True,False,0.67271539,1.9892222,71.615706,142.45955,0.66458348,1.9894113,70.336736,139.9287,0.89490696,1.9840626,13.474156,26.733568,0.61111336,2.0404773,16.188128,33.031508,0.70286456,2.0039788,27.781773,55.674085,0.64963209,1.8274064,35.303859,64.514497,0.62679839,2.0439652,36.844242,75.308348,0.70745554,2.0597846,36.1872,74.537837
0b_baseline_last,file,19,baseline,3799,066.Western_Gull/Western_Gull_0080_53445.jpg,66,65,066.Western_Gull,59,58,identity,identity,0,{},0.028175337,0.028175337,0,0.97221786,0.97221786,0.024315486,0.024315486,0.94790237,0.94790237,0,1,1,4.8926506,4.8926506,False,0.99999994,True,True,True,1,1,4.8926506,4.8926506,1,1,4.6728939,4.6728939,1,1,1.4498596,1.4498596,1,1,1.0155822,1.0155822,1,1,2.130402,2.130402,1,1,2.2691281,2.2691281,1,1,2.2459977,2.2459977,1,1,2.4642381,2.4642381
0b_baseline_last,file,19,baseline,3799,066.Western_Gull/Western_Gull_0080_53445.jpg,66,65,066.Western_Gull,59,58,horizontal_flip,horizontal_flip,0,"{""flipped"":true}",0.028175337,0.013638175,-0.014537162,0.97221786,0.98645443,0.024315486,0.010254553,0.94790237,0.97619987,0.028297503,0.74701475,0.54517222,4.8926506,2.6673372,False,0.98558968,True,True,True,0.74701475,0.54517222,4.8926506,2.6673372,0.72704563,0.54938588,4.6728939,2.5672219,0.97839493,0.49930321,1.4498596,0.72391954,0.72884013,0.61623302,1.0155822,0.6258353,0.7290718,0.54149826,2.130402,1.153609,0.70296052,0.55776795,2.2691281,1.2656469,0.70557521,0.55354672,2.2459977,1.2432647,0.76655564,0.53229725,2.4642381,1.3117072
0b_baseline_last,file,19,baseline,3799,066.Western_Gull/Western_Gull_0080_53445.jpg,66,65,066.Western_Gull,59,58,color_jitter,color_jitter,0,"{""brightness"":1.263109,""contrast"":1.36606,""hue"":-0.030434,""saturation"":1.391283}",0.028175337,0.045254827,0.017079489,0.97221786,0.95575392,0.024315486,0.042330705,0.94790237,0.91342322,-0.034479154,0.74845921,1.4749811,4.8926506,7.2165671,False,0.96025199,True,True,True,0.74845921,1.4749811,4.8926506,7.2165671,0.72726284,1.4666638,4.6728939,6.8535642,0.9568919,1.5587561,1.4498596,2.2599775,0.67852153,1.5752081,1.0155822,1.5997533,0.60387212,1.2708111,2.130402,2.7073385,0.73633701,1.4406237,2.2691281,3.2689596,0.74564804,1.4528973,2.2459977,3.263204,0.79548973,1.6103786,2.4642381,3.9683564
0b_baseline_last,file,19,baseline,3799,066.Western_Gull/Western_Gull_0080_53445.jpg,66,65,066.Western_Gull,59,58,rotation,rotation,0,"{""angle"":-5.92186}",0.028175337,0.18785752,0.15968219,0.97221786,0.82873279,0.024315486,0.14266127,0.94790237,0.68607152,-0.26183086,0.82292905,6.8991291,4.8926506,33.755028,False,0.98013377,True,True,True,0.82292905,6.8991291,4.8926506,33.755028,0.81161496,6.9974868,4.6728939,32.698513,0.97921038,5.7792427,1.4498596,8.3790904,0.77833073,8.1355785,1.0155822,8.2623489,0.79957083,6.7479143,2.130402,14.37577,0.82596713,7.3591546,2.2691281,16.698864,0.78400544,7.0651897,2.2459977,15.8684,0.84364463,6.5886204,2.4642381,16.235929
0b_baseline_last,file,19,baseline,3799,066.Western_Gull/Western_Gull_0080_53445.jpg,66,65,066.Western_Gull,59,58,random_resized_crop,random_resized_crop,0,"{""area_fraction"":0.547107,""aspect"":1.088839,""fallback"":false,""height"":0.70885,""left"":0.105232,""top"":0.059966,""width"":0.771823}",0.028175337,0.5183453,0.49016996,0.97221786,0.59550512,0.024315486,0.13252518,0.94790237,0.46297994,-0.48492243,0.58696815,11.494922,4.8926506,56.240638,False,0.90356743,True,True,True,0.58696815,11.494922,4.8926506,56.240638,0.56961819,11.588422,4.6728939,54.151465,0.78912201,10.474428,1.4498596,15.18645,0.54050863,13.439972,1.0155822,13.649396,0.55092133,10.188129,2.130402,21.704811,0.60562604,11.47254,2.2691281,26.032663,0.52163456,11.871382,2.2459977,26.663096,0.60189634,12.081516,2.4642381,29.771733
0b_baseline_last,file,19,baseline,3799,066.Western_Gull/Western_Gull_0080_53445.jpg,66,65,066.Western_Gull,59,58,gaussian_blur,gaussian_blur,0,"{""sigma"":1.510184}",0.028175337,0.73836195,0.71018662,0.97221786,0.47789609,0.024315486,0.49645466,0.94790237,-0.018558562,-0.96646093,0.69830193,24.765943,4.8926506,121.17111,False,0.96332413,False,True,False,0.69830193,24.765943,4.8926506,121.17111,0.68059012,25.226168,4.6728939,117.87921,0.96117087,19.348259,1.4498596,28.052258,0.42094037,21.404894,1.0155822,21.738429,0.53007608,25.125988,2.130402,53.528455,0.74208999,28.461008,2.2691281,64.581672,0.71486529,26.735819,2.2459977,60.048588,0.76943884,21.400305,2.4642381,52.735448
0b_baseline_last,file,19,baseline,3799,066.Western_Gull/Western_Gull_0080_53445.jpg,66,65,066.Western_Gull,59,58,random_erasing,random_erasing,0,"{""area_fraction"":0.150842,""erased"":true,""height"":0.223875,""left"":0.285105,""top"":0.713346,""width"":0.673777}",0.028175337,0.11277197,0.084596636,0.97221786,0.89335436,0.024315486,0.064123683,0.94790237,0.82923067,-0.1186717,0.73795481,3.0636019,4.8926506,14.989134,False,0.94337964,True,True,True,0.73795481,3.0636019,4.8926506,14.989134,0.72195104,3.0837762,4.6728939,14.410159,0.92030305,2.8455906,1.4498596,4.1257068,0.60350109,2.6405698,1.0155822,2.6817158,0.64377404,2.5305324,2.130402,5.3910512,0.73637826,3.1060766,2.2691281,7.0480856,0.72401476,3.2546696,2.2459977,7.3099805,0.78144004,3.353391,2.4642381,8.2635538
0b_baseline_last,file,19,baseline,861,016.Painted_Bunting/Painted_Bunting_0028_15205.jpg,16,15,016.Painted_Bunting,97,96,identity,identity,0,{},0.00080731697,0.00080731697,0,0.99919301,0.99919301,0.00062005868,0.00062005868,0.99857295,0.99857295,0,1,1,0.16336862,0.16336862,False,0.99999994,True,True,True,1,1,0.16336862,0.16336862,1,1,0.15939148,0.15939148,1,1,0.035828251,0.035828251,1,1,0.028100193,0.028100193,1,1,0.063681566,0.063681566,1,1,0.087992712,0.087992712,1,1,0.074001985,0.074001985,1,1,0.085683536,0.085683536
0b_baseline_last,file,19,baseline,861,016.Painted_Bunting/Painted_Bunting_0028_15205.jpg,16,15,016.Painted_Bunting,97,96,horizontal_flip,horizontal_flip,0,"{""flipped"":true}",0.00080731697,0.0065211351,0.0057138181,0.99919301,0.99350005,0.00062005868,0.0035594164,0.99857295,0.98994064,-0.0086323165,0.73496217,6.5780984,0.16336862,1.0746549,False,0.97879827,True,True,True,0.73496217,6.5780984,0.16336862,1.0746549,0.72338939,6.5792445,0.15939148,1.0486755,0.96484353,6.5553743,0.035828251,0.2348676,0.6801565,6.0067169,0.028100193,0.16878991,0.60944363,5.8252701,0.063681566,0.37096232,0.75089837,6.0634072,0.087992712,0.53353565,0.6746778,6.9351892,0.074001985,0.51321777,0.79721209,7.2468807,0.085683536,0.62093836
0b_baseline_last,file,19,baseline,861,016.Painted_Bunting/Painted_Bunting_0028_15205.jpg,16,15,016.Painted_Bunting,97,96,color_jitter,color_jitter,0,"{""brightness"":0.662524,""contrast"":1.307215,""hue"":-0.049374,""saturation"":1.264882}",0.00080731697,0.00098751881,0.00018020184,0.99919301,0.99901295,0.00062005868,2.7702643e-05,0.99857295,0.99898524,0.0004122904,0.31197877,1.0088446,0.16336862,0.16481355,False,0.93004161,True,True,True,0.31197877,1.0088446,0.16336862,0.16481355,0.29269505,1.0118338,0.15939148,0.16127768,0.72007824,0.94774626,0.035828251,0.033956091,-0.1087304,1.1458174,0.028100193,0.032197691,0.0071661954,1.0200053,0.063681566,0.064955532,0.13781423,0.87886209,0.087992712,0.077333459,0.33021067,1.1091698,0.074001985,0.082080768,0.6052662,1.0462749,0.085683536,0.089648535
0b_baseline_last,file,19,baseline,861,016.Painted_Bunting/Painted_Bunting_0028_15205.jpg,16,15,016.Painted_Bunting,97,96,rotation,rotation,0,"{""angle"":0.67264}",0.00080731697,0.00013314791,-0.00067416906,0.99919301,0.99986684,0.00062005868,6.8060894e-05,0.99857295,0.99979878,0.0012258283,0.89852456,0.13907438,0.16336862,0.022720389,False,0.98993886,True,True,True,0.89852456,0.13907438,0.16336862,0.022720389,0.89479759,0.13847521,0.15939148,0.022071769,0.9693469,0.15044259,0.035828251,0.0053900949,0.86379013,0.12638745,0.028100193,0.0035515118,0.86538832,0.1280518,0.063681566,0.0081545392,0.91430433,0.12997826,0.087992712,0.01143714,0.87317453,0.1418892,0.074001985,0.010500083,0.91553269,0.15081765,0.085683536,0.01292259
0b_baseline_last,file,19,baseline,861,016.Painted_Bunting/Painted_Bunting_0028_15205.jpg,16,15,016.Painted_Bunting,97,96,random_resized_crop,random_resized_crop,0,"{""area_fraction"":0.61746,""aspect"":1.126331,""fallback"":false,""height"":0.740409,""left"":0.151067,""top"":0.185246,""width"":0.833945}",0.00080731697,0.00022492264,-0.00058239434,0.99919301,0.99977511,0.00062005868,5.1662675e-05,0.99857295,0.99972345,0.001150495,0.53860578,0.2335018,0.16336862,0.038146866,False,0.96546263,True,True,True,0.53860578,0.2335018,0.16336862,0.038146866,0.52270711,0.23262916,0.15939148,0.037079105,0.83257567,0.25014701,0.035828251,0.0089623299,0.3954983,0.23031531,0.028100193,0.0064719047,0.25410292,0.21595066,0.063681566,0.013752076,0.4340716,0.21503475,0.087992712,0.018921491,0.55279359,0.23745298,0.074001985,0.017571992,0.72309475,0.25491057,0.085683536,0.021841639
0b_baseline_last,file,19,baseline,861,016.Painted_Bunting/Painted_Bunting_0028_15205.jpg,16,15,016.Painted_Bunting,97,96,gaussian_blur,gaussian_blur,0,"{""sigma"":1.598098}",0.00080731697,0.0010274138,0.00022009679,0.99919301,0.99897313,0.00062005868,1.9315787e-05,0.99857295,0.99895382,0.00038086136,0.15360927,1.1737189,0.16336862,0.19174884,False,0.9064793,True,True,True,0.15360927,1.1737189,0.16336862,0.19174884,0.13032294,1.1798794,0.15939148,0.18806272,0.67538906,1.044344,0.035828251,0.037417018,0.00857871,1.5082523,0.028100193,0.04238218,-0.069658071,1.464042,0.063681566,0.09323249,-0.023846677,1.0841775,0.087992712,0.09539972,0.16316424,1.270486,0.074001985,0.094018483,0.47284826,0.97215182,0.085683536,0.083297406
0b_baseline_last,file,19,baseline,861,016.Painted_Bunting/Painted_Bunting_0028_15205.jpg,16,15,016.Painted_Bunting,97,96,random_erasing,random_erasing,0,"{""area_fraction"":0.182553,""erased"":true,""height"":0.325404,""left"":0.247809,""top"":0.429454,""width"":0.561003}",0.00080731697,0.011776921,0.010969604,0.99919301,0.98829216,0.00062005868,0.00050078542,0.99857295,0.98779137,-0.010781582,0.34330871,10.387044,0.16336862,1.696917,False,0.87019026,True,True,True,0.34330871,10.387044,0.16336862,1.696917,0.32406764,10.337493,0.15939148,1.6477083,0.69231834,11.323195,0.035828251,0.40569026,0.20381296,8.0311817,0.028100193,0.22567776,0.054816355,10.876259,0.063681566,0.6926172,0.28678992,9.1691819,0.087992712,0.80682119,0.31836004,11.338624,0.074001985,0.83908069,0.52893227,10.628021,0.085683536,0.91064641
0b_baseline_last,file,19,baseline,8361,143.Caspian_Tern/Caspian_Tern_0101_145164.jpg,143,142,143.Caspian_Tern,145,144,identity,identity,0,{},0.27325583,0.27325583,0,0.76089811,0.76089811,0.22884488,0.22884488,0.53205323,0.53205323,0,1,1,46.174835,46.174835,False,1,True,True,True,1,1,46.174835,46.174835,1,1,45.003797,45.003797,1,1,10.33313,10.33313,1,1,7.2272121,7.2272121,1,1,23.501541,23.501541,1,1,24.540884,24.540884,1,1,20.168641,20.168641,1,1,20.291812,20.291812
0b_baseline_last,file,19,baseline,8361,143.Caspian_Tern/Caspian_Tern_0101_145164.jpg,143,142,143.Caspian_Tern,145,144,horizontal_flip,horizontal_flip,0,"{""flipped"":true}",0.27325583,0.062051311,-0.21120451,0.76089811,0.93983465,0.22884488,0.047006812,0.53205323,0.89282784,0.36077461,0.71037756,0.18302635,46.174835,8.4512116,False,0.97101283,True,True,True,0.71037756,0.18302635,46.174835,8.4512116,0.69466491,0.18035361,45.003797,8.1165974,0.96455705,0.22786249,10.33313,2.3545328,0.6905956,0.18998476,7.2272121,1.3730601,0.65247251,0.14898251,23.501541,3.5013185,0.74246257,0.17885324,24.540884,4.3892167,0.65598245,0.18578898,20.168641,3.7471113,0.73072324,0.21155577,20.291812,4.29285
0b_baseline_last,file,19,baseline,8361,143.Caspian_Tern/Caspian_Tern_0101_145164.jpg,143,142,143.Caspian_Tern,145,144,color_jitter,color_jitter,0,"{""brightness"":1.228593,""contrast"":0.607968,""hue"":-0.075495,""saturation"":0.959277}",0.27325583,1.5195441,1.2462883,0.76089811,0.21881163,0.22884488,0.18344118,0.53205323,0.035370454,-0.49668278,0.25760408,4.0370392,46.174835,186.40962,False,0.91712564,False,True,False,0.25760408,4.0370392,46.174835,186.40962,0.24427241,4.1000285,45.003797,184.51685,0.68986839,2.5642488,10.33313,26.496717,0.20598027,4.0798613,7.2272121,29.486023,-0.043083787,4.2927136,23.501541,100.88539,0.3109794,4.3151722,24.540884,105.89814,0.36317663,4.1820593,20.168641,84.346454,0.47642176,3.3678919,20.291812,68.34063
0b_baseline_last,file,19,baseline,8361,143.Caspian_Tern/Caspian_Tern_0101_145164.jpg,143,142,143.Caspian_Tern,145,144,rotation,rotation,0,"{""angle"":-9.252853}",0.27325583,0.71412235,0.44086653,0.76089811,0.48962164,0.22884488,0.4238092,0.53205323,0.065812439,-0.46624079,0.81048302,1.746847,46.174835,80.660373,False,0.96196091,True,True,True,0.81048302,1.746847,46.174835,80.660373,0.8023298,1.7427857,45.003797,78.431973,0.95916225,1.8221717,10.33313,18.828738,0.71388927,2.2259158,7.2272121,16.087165,0.82762836,1.4880521,23.501541,34.971518,0.83008586,1.7176525,24.540884,42.152711,0.78364459,1.8443382,20.168641,37.197795,0.78926423,1.9145151,20.291812,38.848981
0b_baseline_last,file,19,baseline,8361,143.Caspian_Tern/Caspian_Tern_0101_145164.jpg,143,142,143.Caspian_Tern,145,144,random_resized_crop,random_resized_crop,0,"{""area_fraction"":0.629094,""aspect"":0.932128,""fallback"":false,""height"":0.821524,""left"":0.232923,""top"":0.09267,""width"":0.765765}",0.27325583,0.77480632,0.5015505,0.76089811,0.46079302,0.22884488,0.45487335,0.53205323,0.0059196651,-0.52613357,0.74863889,1.583443,46.174835,73.115219,False,0.93610811,True,True,True,0.74863889,1.583443,46.174835,73.115219,0.7376117,1.5574501,45.003797,70.091171,0.93365526,2.0139267,10.33313,20.810167,0.64414437,2.1024997,7.2272121,15.195211,0.77015356,1.2311109,23.501541,28.933004,0.77372512,1.5431572,24.540884,37.870441,0.71209579,1.5950592,20.168641,32.170176,0.73233211,1.8278311,20.291812,37.090006
0b_baseline_last,file,19,baseline,8361,143.Caspian_Tern/Caspian_Tern_0101_145164.jpg,143,142,143.Caspian_Tern,145,144,gaussian_blur,gaussian_blur,0,"{""sigma"":1.375936}",0.27325583,3.7192872,3.4460313,0.76089811,0.024251251,0.22884488,0.96128839,0.53205323,-0.93703714,-1.4690904,0.69685042,3.7531839,46.174835,173.30265,False,0.89473474,False,True,False,0.69685042,3.7531839,46.174835,173.30265,0.68571016,3.7380255,45.003797,168.22534,0.89472338,4.0299343,10.33313,41.641836,0.70201459,4.5130367,7.2272121,32.616674,0.66551925,3.2802706,23.501541,77.091414,0.7101012,3.8181606,24.540884,93.701038,0.67822122,3.9042539,20.168641,78.743497,0.68857005,3.9154053,20.291812,79.45067
0b_baseline_last,file,19,baseline,8361,143.Caspian_Tern/Caspian_Tern_0101_145164.jpg,143,142,143.Caspian_Tern,145,144,random_erasing,random_erasing,0,"{""area_fraction"":0.089848,""erased"":true,""height"":0.261058,""left"":0.381827,""top"":0.176654,""width"":0.34417}",0.27325583,0.12338942,-0.14986641,0.76089811,0.88391936,0.22884488,0.10328049,0.53205323,0.78063887,0.24858563,0.9458989,0.46525844,46.174835,21.483231,False,0.98703063,True,True,True,0.9458989,0.46525844,46.174835,21.483231,0.94382526,0.46573464,45.003797,20.959827,0.98625625,0.45613138,10.33313,4.713265,0.95645493,0.44436336,7.2272121,3.2115083,0.96667737,0.45802236,23.501541,10.764231,0.9526943,0.47796039,24.540884,11.729571,0.91705696,0.45935348,20.168641,9.2645357,0.92582598,0.46678579,20.291812,9.4719298
0b_baseline_last,file,19,baseline,1973,035.Purple_Finch/Purple_Finch_0134_27526.jpg,35,34,035.Purple_Finch,119,118,identity,identity,0,{},0.064684182,0.064684182,0,0.93736345,0.93736345,0.01681041,0.01681041,0.92055304,0.92055304,0,1,1,12.672345,12.672345,False,1,True,True,True,1,1,12.672345,12.672345,1,1,12.527692,12.527692,1,1,1.9092552,1.9092552,1,1,2.8252491,2.8252491,1,1,6.4383887,6.4383887,1,1,6.6450773,6.6450773,1,1,6.0331755,6.0331755,1,1,5.1915251,5.1915251
0b_baseline_last,file,19,baseline,1973,035.Purple_Finch/Purple_Finch_0134_27526.jpg,35,34,035.Purple_Finch,119,118,horizontal_flip,horizontal_flip,0,"{""flipped"":true}",0.064684182,0.019776428,-0.044907754,0.93736345,0.98041785,0.01681041,0.0046833241,0.92055304,0.97573452,0.055181487,0.58959565,0.30359675,12.672345,3.8472828,False,0.95379221,True,True,True,0.58959565,0.30359675,12.672345,3.8472828,0.58134584,0.30317836,12.527692,3.7981252,0.92591452,0.32109361,1.9092552,0.61304965,0.5022272,0.25717192,2.8252491,0.72657473,0.59174883,0.29336069,6.4383887,1.8887701,0.56741034,0.2991837,6.6450773,1.9880988,0.51119083,0.32156403,6.0331755,1.9400522,0.70946728,0.31143124,5.1915251,1.6168031
0b_baseline_last,file,19,baseline,1973,035.Purple_Finch/Purple_Finch_0134_27526.jpg,35,34,035.Purple_Finch,119,118,color_jitter,color_jitter,0,"{""brightness"":1.33967,""contrast"":1.206209,""hue"":-0.07596,""saturation"":1.347234}",0.064684182,4.4472156,4.3825314,0.93736345,0.011711128,0.01681041,0.00094653282,0.92055304,0.010764595,-0.90978844,0.43233247,11.884825,12.672345,150.6086,False,0.79444289,False,True,False,0.43233247,11.884825,12.672345,150.6086,0.4245684,11.739479,12.527692,147.06858,0.69212501,17.002475,1.9092552,32.462064,0.50419038,10.719873,2.8252491,30.286312,0.50605806,10.090376,6.4383887,64.965765,0.42914554,10.567707,6.6450773,70.223228,0.39002286,12.27576,6.0331755,74.061813,0.37785894,15.013247,5.1915251,77.94165
0b_baseline_last,file,19,baseline,1973,035.Purple_Finch/Purple_Finch_0134_27526.jpg,35,34,035.Purple_Finch,119,118,rotation,rotation,0,"{""angle"":-11.879495}",0.064684182,0.13665506,0.07197088,0.93736345,0.87227106,0.01681041,0.017491449,0.92055304,0.85477961,-0.065773424,0.80866468,2.031478,12.672345,25.74359,False,0.96281052,True,True,True,0.80866468,2.031478,12.672345,25.74359,0.80576808,2.0320389,12.527692,25.456759,0.93497937,2.0071788,1.9092552,3.8322166,0.85376748,2.0902339,2.8252491,5.9054314,0.8571306,2.016954,6.4383887,12.985934,0.81628982,2.0696617,6.6450773,13.753062,0.74802982,2.0078668,6.0331755,12.113813,0.77231987,2.0077678,5.1915251,10.423377
0b_baseline_last,file,19,baseline,1973,035.Purple_Finch/Purple_Finch_0134_27526.jpg,35,34,035.Purple_Finch,119,118,random_resized_crop,random_resized_crop,0,"{""area_fraction"":0.606105,""aspect"":0.862266,""fallback"":false,""height"":0.838404,""left"":0.266572,""top"":0.021676,""width"":0.722927}",0.064684182,0.0072318446,-0.057452338,0.93736345,0.99279422,0.01681041,0.00087571336,0.92055304,0.9919185,0.071365466,0.73747259,0.11027256,12.672345,1.397412,False,0.95166814,True,True,True,0.73747259,0.11027256,12.672345,1.397412,0.73250261,0.11007172,12.527692,1.3789446,0.93807084,0.11859766,1.9092552,0.2264332,0.766763,0.094561839,2.8252491,0.26716075,0.72860449,0.093281264,6.4383887,0.60058104,0.73149145,0.11149031,6.6450773,0.7408617,0.73269745,0.11628101,6.0331755,0.70154372,0.75209255,0.12607172,5.1915251,0.65450448
0b_baseline_last,file,19,baseline,1973,035.Purple_Finch/Purple_Finch_0134_27526.jpg,35,34,035.Purple_Finch,119,118,gaussian_blur,gaussian_blur,0,"{""sigma"":1.782156}",0.064684182,3.9159422,3.851258,0.93736345,0.019921767,0.01681041,0.032877315,0.92055304,-0.012955548,-0.93350858,0.47446109,17.473403,12.672345,221.429,False,0.79325002,False,True,False,0.47446109,17.473403,12.672345,221.429,0.46932311,17.482575,12.527692,219.01632,0.7010973,17.073864,1.9092552,32.598365,0.43123023,18.764184,2.8252491,53.013495,0.44260763,18.525458,6.4383887,119.2741,0.49409946,18.387136,6.6450773,122.18394,0.50126453,17.089932,6.0331755,103.10656,0.4474393,14.117375,5.1915251,73.290707
0b_baseline_last,file,19,baseline,1973,035.Purple_Finch/Purple_Finch_0134_27526.jpg,35,34,035.Purple_Finch,119,118,random_erasing,random_erasing,0,"{""area_fraction"":0.130414,""erased"":true,""height"":0.429107,""left"":0.089344,""top"":0.000885,""width"":0.303918}",0.064684182,0.073677331,0.0089931488,0.93736345,0.92897141,0.01681041,0.015571176,0.92055304,0.91340023,-0.0071528023,0.96750101,1.0905523,12.672345,13.819855,False,0.99058557,True,True,True,0.96750101,1.0905523,12.672345,13.819855,0.96699277,1.0901854,12.527692,13.657507,0.98916626,1.1062356,1.9092552,2.1120862,0.97135199,1.045778,2.8252491,2.9545833,0.98108803,1.1010524,6.4383887,7.0890037,0.97315196,1.0930992,6.6450773,7.2637285,0.9588981,1.0908464,6.0331755,6.5812678,0.94483944,1.0805561,5.1915251,5.6097341
0b_baseline_last,file,19,baseline,1837,033.Yellow_billed_Cuckoo/Yellow_Billed_Cuckoo_0097_26713.jpg,33,32,033.Yellow_billed_Cuckoo,31,30,identity,identity,0,{},0.39565629,0.39565629,0,0.67323804,0.67323804,0.10998873,0.10998873,0.56324931,0.56324931,0,1,1,44.811019,44.811019,False,1,True,True,True,1,1,44.811019,44.811019,1,1,43.682573,43.682573,1,1,9.9930092,9.9930092,1,1,7.8728533,7.8728533,1,1,16.175373,16.175373,1,1,23.539445,23.539445,1,1,21.690505,21.690505,1,1,23.663456,23.663456
0b_baseline_last,file,19,baseline,1837,033.Yellow_billed_Cuckoo/Yellow_Billed_Cuckoo_0097_26713.jpg,33,32,033.Yellow_billed_Cuckoo,31,30,horizontal_flip,horizontal_flip,0,"{""flipped"":true}",0.39565629,0.1025818,-0.29307449,0.67323804,0.90250432,0.10998873,0.020555448,0.56324931,0.88194888,0.31869956,0.57375606,0.31107864,44.811019,13.939751,False,0.94906497,True,True,True,0.57375606,0.31107864,44.811019,13.939751,0.55553855,0.31089484,43.682573,13.580686,0.91783351,0.31457022,9.9930092,3.1435031,0.49132776,0.42004892,7.8728533,3.3069835,0.47686212,0.30476455,16.175373,4.9296801,0.5042975,0.30178499,23.539445,7.1038513,0.52116155,0.31507216,21.690505,6.8340742,0.68645358,0.3048175,23.663456,7.2130357
0b_baseline_last,file,19,baseline,1837,033.Yellow_billed_Cuckoo/Yellow_Billed_Cuckoo_0097_26713.jpg,33,32,033.Yellow_billed_Cuckoo,31,30,color_jitter,color_jitter,0,"{""brightness"":1.362076,""contrast"":1.218716,""hue"":0.070342,""saturation"":0.98155}",0.39565629,1.0380832,0.64242691,0.67323804,0.35413283,0.10998873,0.10197951,0.56324931,0.25215332,-0.31109599,0.43680324,1.9953299,44.811019,89.412765,False,0.79697949,True,True,True,0.43680324,1.9953299,44.811019,89.412765,0.41910285,1.9853236,43.682573,86.724042,0.74691598,2.1777189,9.9930092,21.761965,0.29346563,3.094306,7.8728533,24.361017,0.36153882,1.8322694,16.175373,29.63764,0.38008677,1.6534502,23.539445,38.921302,0.42137603,2.0606306,21.690505,44.696119,0.50456999,2.1283733,23.663456,50.364668
0b_baseline_last,file,19,baseline,1837,033.Yellow_billed_Cuckoo/Yellow_Billed_Cuckoo_0097_26713.jpg,33,32,033.Yellow_billed_Cuckoo,31,30,rotation,rotation,0,"{""angle"":-1.658042}",0.39565629,0.37489113,-0.020765156,0.67323804,0.6873641,0.10998873,0.092955045,0.56324931,0.59440906,0.031159744,0.81946892,0.84373813,44.811019,37.808765,False,0.98296762,True,True,True,0.81946892,0.84373813,44.811019,37.808765,0.81040453,0.83961641,43.682573,36.676605,0.9808823,0.91895269,9.9930092,9.1831027,0.81347318,1.04397,7.8728533,8.219023,0.76592965,0.8057568,16.175373,13.033416,0.77216039,0.8135854,23.539445,19.151349,0.7982593,0.83308108,21.690505,18.06995,0.87865555,0.86031976,23.663456,20.358139
0b_baseline_last,file,19,baseline,1837,033.Yellow_billed_Cuckoo/Yellow_Billed_Cuckoo_0097_26713.jpg,33,32,033.Yellow_billed_Cuckoo,31,30,random_resized_crop,random_resized_crop,0,"{""area_fraction"":0.553981,""aspect"":0.773337,""fallback"":false,""height"":0.846375,""left"":0.11015,""top"":0.136618,""width"":0.654533}",0.39565629,1.0086756,0.61301929,0.67323804,0.36470166,0.10998873,0.29198408,0.56324931,0.072717577,-0.49053174,0.52311068,2.00196,44.811019,89.709865,False,0.90255404,True,True,True,0.52311068,2.00196,44.811019,89.709865,0.50789821,2.0187218,43.682573,88.182962,0.88919498,1.6492581,9.9930092,16.481051,0.64893271,2.4497268,7.8728533,19.28634,0.41797089,2.0949207,16.175373,33.886122,0.47105633,1.8474755,23.539445,43.488549,0.44944357,2.1648632,21.690505,46.956977,0.6263713,1.9639376,23.663456,46.473552
0b_baseline_last,file,19,baseline,1837,033.Yellow_billed_Cuckoo/Yellow_Billed_Cuckoo_0097_26713.jpg,33,32,033.Yellow_billed_Cuckoo,31,30,gaussian_blur,gaussian_blur,0,"{""sigma"":1.126798}",0.39565629,0.59798431,0.20232803,0.67323804,0.54991895,0.10998873,0.014132889,0.56324931,0.53578606,-0.027463252,0.44771114,1.1828525,44.811019,53.004827,False,0.85325158,True,True,True,0.44771114,1.1828525,44.811019,53.004827,0.43102352,1.1870115,43.682573,51.851716,0.79292071,1.1003653,9.9930092,10.99596,0.3450738,1.548134,7.8728533,12.188232,0.085468386,1.2046028,16.175373,19.4849,0.3797108,1.1255721,23.539445,26.495343,0.47033305,1.1606012,21.690505,25.174026,0.62187338,1.2135482,23.663456,28.716744
0b_baseline_last,file,19,baseline,1837,033.Yellow_billed_Cuckoo/Yellow_Billed_Cuckoo_0097_26713.jpg,33,32,033.Yellow_billed_Cuckoo,31,30,random_erasing,random_erasing,0,"{""area_fraction"":0.074743,""erased"":true,""height"":0.375881,""left"":0.268477,""top"":0.544156,""width"":0.198847}",0.39565629,0.65290606,0.25724977,0.67323804,0.52053088,0.10998873,0.082619444,0.56324931,0.43791144,-0.12533788,0.84819168,1.5569239,44.811019,69.767345,False,0.9657948,True,True,True,0.84819168,1.5569239,44.811019,69.767345,0.84336427,1.5626322,43.682573,68.259793,0.95059167,1.4435175,9.9930092,14.425083,0.83655181,1.8245724,7.8728533,14.364591,0.87417483,1.6612432,16.175373,26.871228,0.86542875,1.5084475,23.539445,35.508018,0.80347213,1.5640881,21.690505,33.925861,0.84415696,1.5348963,23.663456,36.320952
0b_baseline_last,file,19,baseline,4840,083.White_breasted_Kingfisher/White_Breasted_Kingfisher_0074_73408.jpg,83,82,083.White_breasted_Kingfisher,33,32,identity,identity,0,{},0.46017003,0.46017003,0,0.63117635,0.63117635,0.044856377,0.044856377,0.58631998,0.58631998,0,1,1,53.549146,53.549146,False,1.0000001,True,True,True,1,1,53.549146,53.549146,1,1,52.742618,52.742618,1,1,9.258899,9.258899,1,1,11.495666,11.495666,1,1,21.519309,21.519309,1,1,27.712488,27.712488,1,1,27.314073,27.314073,1,1,25.93284,25.93284
0b_baseline_last,file,19,baseline,4840,083.White_breasted_Kingfisher/White_Breasted_Kingfisher_0074_73408.jpg,83,82,083.White_breasted_Kingfisher,33,32,horizontal_flip,horizontal_flip,0,"{""flipped"":true}",0.46017003,0.15877998,-0.30139005,0.63117635,0.85318404,0.044856377,0.02781382,0.58631998,0.82537022,0.23905025,0.51362496,0.37259573,53.549146,19.952183,False,0.93946868,True,True,True,0.51362496,0.37259573,53.549146,19.952183,0.49823003,0.3696129,52.742618,19.494352,0.9275486,0.45898417,9.258899,4.2496881,0.58170523,0.40391749,11.495666,4.6433006,0.3448613,0.33038861,21.519309,7.1097348,0.42374822,0.32581088,27.712488,9.0290301,0.45284609,0.37830777,27.314073,10.333126,0.68615945,0.42175443,25.93284,10.93729
0b_baseline_last,file,19,baseline,4840,083.White_breasted_Kingfisher/White_Breasted_Kingfisher_0074_73408.jpg,83,82,083.White_breasted_Kingfisher,33,32,color_jitter,color_jitter,0,"{""brightness"":1.021979,""contrast"":0.722407,""hue"":-0.098743,""saturation"":0.994786}",0.46017003,4.9884615,4.5282915,0.63117635,0.0068161446,0.044856377,0.095493317,0.58631998,-0.088677172,-0.67499715,0.45855457,2.5856088,53.549146,138.45714,False,0.72655416,False,True,False,0.45855457,2.5856088,53.549146,138.45714,0.45056789,2.5799114,52.742618,136.07128,0.70150137,2.7641188,9.258899,25.592697,0.55021977,1.7900455,11.495666,20.577766,0.43627595,2.3490943,21.519309,50.550888,0.45989732,2.550718,27.712488,70.686741,0.41931619,2.6427985,27.314073,72.185592,0.47604492,2.8150116,25.93284,73.001245
0b_baseline_last,file,19,baseline,4840,083.White_breasted_Kingfisher/White_Breasted_Kingfisher_0074_73408.jpg,83,82,083.White_breasted_Kingfisher,33,32,rotation,rotation,0,"{""angle"":12.349149}",0.46017003,0.16423734,-0.2959327,0.63117635,0.8485406,0.044856377,0.016714633,0.58631998,0.83182597,0.245506,0.68927097,0.37283152,53.549146,19.96481,False,0.95796633,True,True,True,0.68927097,0.37283152,53.549146,19.96481,0.67969532,0.3687659,52.742618,19.449679,0.95034993,0.48666178,9.258899,4.5059523,0.70716421,0.32221678,11.495666,3.7040966,0.60870993,0.34142125,21.519309,7.3471496,0.62003714,0.34439992,27.712488,9.5441786,0.67634801,0.37602942,27.314073,10.270895,0.78426707,0.411732,25.93284,10.67738
0b_baseline_last,file,19,baseline,4840,083.White_breasted_Kingfisher/White_Breasted_Kingfisher_0074_73408.jpg,83,82,083.White_breasted_Kingfisher,33,32,random_resized_crop,random_resized_crop,0,"{""area_fraction"":0.732499,""aspect"":1.307661,""fallback"":false,""height"":0.748438,""left"":0.006097,""top"":0.107132,""width"":0.978704}",0.46017003,0.71054578,0.25037575,0.63117635,0.49137595,0.044856377,0.075765818,0.58631998,0.41561013,-0.17070984,0.70870929,1.846635,53.549146,98.885725,False,0.9461832,True,True,True,0.70870929,1.846635,53.549146,98.885725,0.70327459,1.8563277,52.742618,97.907581,0.94309081,1.4984672,9.258899,13.874156,0.66879693,1.8983276,11.495666,21.822541,0.68721195,2.105666,21.519309,45.312479,0.70064305,1.9966842,27.712488,55.333087,0.69505706,1.8396722,27.314073,50.248942,0.769892,1.4783277,25.93284,38.337237
0b_baseline_last,file,19,baseline,4840,083.White_breasted_Kingfisher/White_Breasted_Kingfisher_0074_73408.jpg,83,82,083.White_breasted_Kingfisher,33,32,gaussian_blur,gaussian_blur,0,"{""sigma"":1.310556}",0.46017003,4.2919669,3.8317969,0.63117635,0.013677994,0.044856377,0.033444878,0.58631998,-0.019766884,-0.60608686,0.6101308,2.8620281,53.549146,153.25916,False,0.83884341,False,True,False,0.6101308,2.8620281,53.549146,153.25916,0.60438696,2.8711762,52.742618,151.43335,0.82445764,2.5474124,9.258899,23.586234,0.74770081,2.8752027,11.495666,33.052371,0.64138973,2.9543901,21.519309,63.576435,0.57667244,2.933381,27.712488,81.291285,0.57583488,2.9685584,27.314073,81.083421,0.61941146,2.6195601,25.93284,67.932635
0b_baseline_last,file,19,baseline,4840,083.White_breasted_Kingfisher/White_Breasted_Kingfisher_0074_73408.jpg,83,82,083.White_breasted_Kingfisher,33,32,random_erasing,random_erasing,0,"{""area_fraction"":0.126766,""erased"":true,""height"":0.42848,""left"":0.339544,""top"":0.056128,""width"":0.295849}",0.46017003,2.6547318,2.1945617,0.63117635,0.070317715,0.044856377,0.15260796,0.58631998,-0.082290247,-0.66861022,0.70757453,2.8685865,53.549146,153.61036,False,0.88766932,False,True,False,0.70757453,2.8685865,53.549146,153.61036,0.70280491,2.8757583,52.742618,151.67503,0.87997347,2.6252551,9.258899,24.306972,0.70995935,3.0000174,11.495666,34.487199,0.7429545,3.1721912,21.519309,68.263365,0.69139614,3.0441749,27.712488,84.361659,0.66877152,2.8013208,27.314073,76.515481,0.73637895,2.4944474,25.93284,64.688106
0b_baseline_last,file,19,baseline,8917,152.Blue_headed_Vireo/Blue_Headed_Vireo_0031_156056.jpg,152,151,152.Blue_headed_Vireo,157,156,identity,identity,0,{},1.1280814,1.1280814,0,0.32365361,0.32365361,0.29993248,0.29993248,0.023721129,0.023721129,0,1,1,123.95777,123.95777,False,1,True,True,True,1,1,123.95777,123.95777,1,1,122.27095,122.27095,1,1,20.379986,20.379986,1,1,27.723072,27.723072,1,1,75.274005,75.274005,1,1,57.229055,57.229055,1,1,52.135394,52.135394,1,1,50.221278,50.221278
0b_baseline_last,file,19,baseline,8917,152.Blue_headed_Vireo/Blue_Headed_Vireo_0031_156056.jpg,152,151,152.Blue_headed_Vireo,157,156,horizontal_flip,horizontal_flip,0,"{""flipped"":true}",1.1280814,1.3951782,0.26709676,0.32365361,0.24778889,0.29993248,0.25931105,0.023721129,-0.011522159,-0.035243288,0.64703237,1.3059477,123.95777,161.88237,False,0.95287007,False,True,False,0.64703237,1.3059477,123.95777,161.88237,0.6401591,1.3108098,122.27095,160.27396,0.94548921,1.116936,20.379986,22.763141,0.53120364,1.2419351,27.723072,34.430255,0.70287849,1.568416,75.274005,118.06095,0.56752539,1.1501161,57.229055,65.820058,0.5764812,1.1153119,52.135394,58.147226,0.71093408,1.0631024,50.221278,53.390361
0b_baseline_last,file,19,baseline,8917,152.Blue_headed_Vireo/Blue_Headed_Vireo_0031_156056.jpg,152,151,152.Blue_headed_Vireo,157,156,color_jitter,color_jitter,0,"{""brightness"":1.159483,""contrast"":0.778887,""hue"":-0.070882,""saturation"":1.350364}",1.1280814,3.2576268,2.1295453,0.32365361,0.038479608,0.29993248,0.0034124523,0.023721129,0.035067155,0.011346027,0.7449588,1.3464288,123.95777,166.90032,False,0.85040188,False,True,False,0.7449588,1.3464288,123.95777,166.90032,0.74496167,1.3471591,122.27095,164.71843,0.74500519,1.3198722,20.379986,26.898977,0.51508,0.96318236,27.723072,26.702373,0.88231817,1.4705148,75.274005,110.69153,0.73911469,1.3717368,57.229055,78.503199,0.64611597,1.2490211,52.135394,65.118207,0.57017601,1.2215243,50.221278,61.346512
0b_baseline_last,file,19,baseline,8917,152.Blue_headed_Vireo/Blue_Headed_Vireo_0031_156056.jpg,152,151,152.Blue_headed_Vireo,157,156,rotation,rotation,0,"{""angle"":0.708749}",1.1280814,1.0343567,-0.093724728,0.32365361,0.35545498,0.29993248,0.15676634,0.023721129,0.19868864,0.17496751,0.81190902,0.95211978,123.95777,118.02265,False,0.98027533,True,True,True,0.81190902,0.95211978,123.95777,118.02265,0.8088988,0.95359245,122.27095,116.59665,0.92848663,0.89750408,20.379986,18.291121,0.72386646,1.0978079,27.723072,30.434606,0.8504752,0.90253255,75.274005,67.93724,0.76759663,1.0371107,57.229055,59.352865,0.79542497,0.97520556,52.135394,50.842726,0.83801046,0.87822463,50.221278,44.105563
0b_baseline_last,file,19,baseline,8917,152.Blue_headed_Vireo/Blue_Headed_Vireo_0031_156056.jpg,152,151,152.Blue_headed_Vireo,157,156,random_resized_crop,random_resized_crop,0,"{""area_fraction"":0.714932,""aspect"":0.868555,""fallback"":false,""height"":0.907264,""left"":0.186204,""top"":0.009791,""width"":0.788009}",1.1280814,2.4940686,1.3659872,0.32365361,0.082573324,0.29993248,0.23445179,0.023721129,-0.15187846,-0.17559959,0.7166993,1.4000285,123.95777,173.54441,False,0.90440059,False,True,False,0.7166993,1.4000285,123.95777,173.54441,0.71257524,1.4033706,122.27095,171.59145,0.88350683,1.2739068,20.379986,25.962203,0.50747855,1.4951938,27.723072,41.451365,0.77733841,1.3733112,75.274005,103.37463,0.65983853,1.5223558,57.229055,87.122982,0.69385237,1.3696691,52.135394,71.408237,0.73826602,1.3132102,50.221278,65.951093
0b_baseline_last,file,19,baseline,8917,152.Blue_headed_Vireo/Blue_Headed_Vireo_0031_156056.jpg,152,151,152.Blue_headed_Vireo,157,156,gaussian_blur,gaussian_blur,0,"{""sigma"":1.909932}",1.1280814,3.8332176,2.7051362,0.32365361,0.021639874,0.29993248,0.047955602,0.023721129,-0.026315728,-0.050036857,0.41371278,1.5029965,123.95777,186.3081,False,0.74223417,False,True,False,0.41371278,1.5029965,123.95777,186.3081,0.40828321,1.5116365,122.27095,184.82924,0.68598558,1.1495492,20.379986,23.427797,-0.01290694,2.7882669,27.723072,77.299322,0.48084548,1.2936359,75.274005,97.377156,0.46455293,1.5539042,57.229055,88.928471,0.40626386,1.5649856,52.135394,81.59114,0.50683297,1.2810262,50.221278,64.334775
0b_baseline_last,file,19,baseline,8917,152.Blue_headed_Vireo/Blue_Headed_Vireo_0031_156056.jpg,152,151,152.Blue_headed_Vireo,157,156,random_erasing,random_erasing,0,"{""area_fraction"":0.160246,""erased"":true,""height"":0.221184,""left"":0.126439,""top"":0.525134,""width"":0.724495}",1.1280814,0.41651627,-0.71156517,0.32365361,0.65933979,0.29993248,0.013467519,0.023721129,0.64587227,0.62215114,0.82808506,0.53847679,123.95777,66.748383,False,0.95254368,True,True,True,0.82808506,0.53847679,123.95777,66.748383,0.82713471,0.54056273,122.27095,66.095119,0.87994175,0.45709939,20.379986,9.3156793,0.78813578,0.58120105,27.723072,16.112678,0.89745438,0.51890504,75.274005,39.06006,0.81591129,0.57855212,57.229055,33.109991,0.77699431,0.54818769,52.135394,28.579981,0.76144796,0.51547203,50.221278,25.887664
0b_baseline_last,file,19,baseline,2827,049.Boat_tailed_Grackle/Boat_Tailed_Grackle_0067_34032.jpg,49,48,049.Boat_tailed_Grackle,29,28,identity,identity,0,{},6.5789165,6.5789165,0,0.0013893537,0.0013893537,0.48523208,0.48523208,-0.48384273,-0.48384273,0,1,1,168.62437,168.62437,False,1,True,False,False,1,1,168.62437,168.62437,1,1,164.98577,164.98577,1,1,34.840665,34.840665,1,1,31.508631,31.508631,1,1,72.525991,72.525991,1,1,90.820296,90.820296,1,1,77.153177,77.153177,1,1,82.259059,82.259059
0b_baseline_last,file,19,baseline,2827,049.Boat_tailed_Grackle/Boat_Tailed_Grackle_0067_34032.jpg,49,48,049.Boat_tailed_Grackle,29,28,horizontal_flip,horizontal_flip,0,"{""flipped"":true}",6.5789165,5.9304943,-0.64842224,0.0013893537,0.0026571683,0.48523208,0.4289377,-0.48384273,-0.42628054,0.057562196,0.70472735,1.0426331,168.62437,175.81334,False,0.961869,False,False,False,0.70472735,1.0426331,168.62437,175.81334,0.69741916,1.0481191,164.98577,172.92474,0.8999611,0.91097649,34.840665,31.739027,0.56287969,1.0284405,31.508631,32.404751,0.69829522,0.98274411,72.525991,71.27449,0.75785888,1.1178203,90.820296,101.52077,0.61886535,1.1037102,77.153177,85.15475,0.71852359,0.95838148,82.259059,78.835559
0b_baseline_last,file,19,baseline,2827,049.Boat_tailed_Grackle/Boat_Tailed_Grackle_0067_34032.jpg,49,48,049.Boat_tailed_Grackle,29,28,color_jitter,color_jitter,0,"{""brightness"":1.264688,""contrast"":0.747241,""hue"":0.031255,""saturation"":0.655545}",6.5789165,7.9001822,1.3212657,0.0013893537,0.00037067605,0.48523208,0.71430844,-0.48384273,-0.71393776,-0.23009503,0.68598603,0.93001209,168.62437,156.8227,False,0.95421523,True,False,False,0.68598603,0.93001209,168.62437,156.8227,0.67394872,0.92181783,164.98577,152.08683,0.92260631,1.0978153,34.840665,38.248614,0.60787415,0.92556748,31.508631,29.163364,0.55348019,0.88695934,72.525991,64.327605,0.63404798,0.91461572,90.820296,83.065671,0.68661375,0.91268194,77.153177,70.416312,0.80614081,0.96364481,82.259059,79.268515
0b_baseline_last,file,19,baseline,2827,049.Boat_tailed_Grackle/Boat_Tailed_Grackle_0067_34032.jpg,49,48,049.Boat_tailed_Grackle,29,28,rotation,rotation,0,"{""angle"":-13.413294}",6.5789165,5.5142078,-1.0647087,0.0013893537,0.0040291189,0.48523208,0.12258476,-0.48384273,-0.11855564,0.36528709,0.69992028,1.1600744,168.62437,195.61681,False,0.95373535,False,False,False,0.69992028,1.1600744,168.62437,195.61681,0.69439398,1.1667694,164.98577,192.50035,0.85298961,0.99821825,34.840665,34.778587,0.67232393,1.3627998,31.508631,42.939956,0.72086707,1.2037788,72.525991,87.305247,0.70501753,1.2279298,90.820296,111.52094,0.63990509,1.1688006,77.153177,90.176683,0.72349446,1.0186707,82.259059,83.794895
0b_baseline_last,file,19,baseline,2827,049.Boat_tailed_Grackle/Boat_Tailed_Grackle_0067_34032.jpg,49,48,049.Boat_tailed_Grackle,29,28,random_resized_crop,random_resized_crop,0,"{""area_fraction"":0.63994,""aspect"":0.893425,""fallback"":false,""height"":0.846332,""left"":0.207811,""top"":0.072464,""width"":0.756134}",6.5789165,5.5506992,-1.0282173,0.0013893537,0.0038847404,0.48523208,0.38636273,-0.48384273,-0.38247799,0.10136474,0.75536492,0.95730834,168.62437,161.42551,False,0.88036042,False,False,False,0.75536492,0.95730834,168.62437,161.42551,0.75082186,0.96070364,164.98577,158.50243,0.86983371,0.87772809,34.840665,30.58063,0.76207352,1.0653696,31.508631,33.568336,0.79020738,0.91386303,72.525991,66.278821,0.75938218,0.99819077,90.820296,90.655982,0.69894559,0.9484854,77.153177,73.178663,0.75638934,0.94398145,82.259059,77.651026
0b_baseline_last,file,19,baseline,2827,049.Boat_tailed_Grackle/Boat_Tailed_Grackle_0067_34032.jpg,49,48,049.Boat_tailed_Grackle,29,28,gaussian_blur,gaussian_blur,0,"{""sigma"":1.665209}",6.5789165,3.988533,-2.5903835,0.0013893537,0.018526873,0.48523208,0.055596247,-0.48384273,-0.037069375,0.44677336,0.52062393,1.0785884,168.62437,181.87629,False,0.8336792,False,False,False,0.52062393,1.0785884,168.62437,181.87629,0.51182276,1.0843294,164.98577,178.89892,0.75318759,0.94069453,34.840665,32.774423,0.34950194,1.5989565,31.508631,50.380929,0.50569501,1.1177417,72.525991,81.065327,0.54936506,1.1622927,90.820296,105.55976,0.48737101,1.0431014,77.153177,80.478584,0.54998869,0.88296013,82.259059,72.631469
0b_baseline_last,file,19,baseline,2827,049.Boat_tailed_Grackle/Boat_Tailed_Grackle_0067_34032.jpg,49,48,049.Boat_tailed_Grackle,29,28,random_erasing,random_erasing,0,"{""area_fraction"":0.138082,""erased"":true,""height"":0.537757,""left"":0.039083,""top"":0.33006,""width"":0.256774}",6.5789165,7.4952679,0.91635132,0.0013893537,0.00055570796,0.48523208,0.1287701,-0.48384273,-0.12821439,0.35562834,0.76667801,1.145283,168.62437,193.12262,False,0.95671445,False,False,False,0.76667801,1.145283,168.62437,193.12262,0.76315279,1.1460765,164.98577,189.08631,0.84714221,1.1273426,34.840665,39.277366,0.75048079,1.3110375,31.508631,41.308997,0.80144626,1.1769547,72.525991,85.359805,0.78058344,1.1649583,90.820296,105.80186,0.70152814,1.1374493,77.153177,87.75783,0.77019441,1.0781461,82.259059,88.68728
0b_baseline_last,file,19,baseline,5699,098.Scott_Oriole/Scott_Oriole_0068_795804.jpg,98,97,098.Scott_Oriole,169,168,identity,identity,0,{},0.01739894,0.01739894,0,0.98275155,0.98275155,0.008289705,0.008289705,0.97446184,0.97446184,0,1,1,3.4649164,3.4649164,False,1.0000001,True,True,True,1,1,3.4649164,3.4649164,1,1,3.4205915,3.4205915,1,1,0.55244845,0.55244845,1,1,0.78690529,0.78690529,1,1,1.4360086,1.4360086,1,1,1.8905627,1.8905627,1,1,1.7868255,1.7868255,1,1,1.5007108,1.5007108
0b_baseline_last,file,19,baseline,5699,098.Scott_Oriole/Scott_Oriole_0068_795804.jpg,98,97,098.Scott_Oriole,169,168,horizontal_flip,horizontal_flip,0,"{""flipped"":true}",0.01739894,0.065880567,0.048481626,0.98275155,0.9362427,0.008289705,0.0052121873,0.97446184,0.93103051,-0.043431331,0.58065973,3.2760647,3.4649164,11.35129,False,0.96052492,True,True,True,0.58065973,3.2760647,3.4649164,11.35129,0.57376675,3.2785451,3.4205915,11.214563,0.85341348,3.1795163,0.55244845,1.7565188,0.41191643,4.3475907,0.78690529,3.4211421,0.56147156,3.4351003,1.4360086,4.9328335,0.57836442,2.8950171,1.8905627,5.4732112,0.55133509,3.0323714,1.7868255,5.4183186,0.67678941,3.674921,1.5007108,5.5149938
0b_baseline_last,file,19,baseline,5699,098.Scott_Oriole/Scott_Oriole_0068_795804.jpg,98,97,098.Scott_Oriole,169,168,color_jitter,color_jitter,0,"{""brightness"":1.106978,""contrast"":1.153796,""hue"":-0.029376,""saturation"":1.357136}",0.01739894,1.2729847,1.2555858,0.98275155,0.27999467,0.008289705,0.02577094,0.97446184,0.25422373,-0.72023812,0.48746981,39.986558,3.4649164,138.55008,False,0.89782703,False,True,False,0.48746981,39.986558,3.4649164,138.55008,0.48187947,40.080218,3.4205915,137.09805,0.72712198,36.213714,0.55244845,20.00621,0.37772616,36.256306,0.78690529,28.530279,0.44015949,36.05244,1.4360086,51.771613,0.43080223,37.937707,1.8905627,71.723613,0.44598849,40.783114,1.7868255,72.872309,0.65360873,46.391373,1.5007108,69.620036
0b_baseline_last,file,19,baseline,5699,098.Scott_Oriole/Scott_Oriole_0068_795804.jpg,98,97,098.Scott_Oriole,169,168,rotation,rotation,0,"{""angle"":2.6107}",0.01739894,0.01250604,-0.0048929006,0.98275155,0.98757184,0.008289705,0.0080803987,0.97446184,0.97949144,0.0050295936,0.89173322,0.85233105,3.4649164,2.9532558,False,0.98509026,True,True,True,0.89173322,0.85233105,3.4649164,2.9532558,0.88966789,0.85325126,3.4205915,2.918624,0.97535298,0.81627103,0.55244845,0.45094766,0.86150664,0.83545296,0.78690529,0.65742235,0.85309705,0.84369476,1.4360086,1.2115529,0.89493238,0.8896195,1.8905627,1.6818814,0.89885029,0.8615963,1.7868255,1.5395223,0.91378109,0.79389428,1.5007108,1.1914057
0b_baseline_last,file,19,baseline,5699,098.Scott_Oriole/Scott_Oriole_0068_795804.jpg,98,97,098.Scott_Oriole,169,168,random_resized_crop,random_resized_crop,0,"{""area_fraction"":0.792522,""aspect"":0.822307,""fallback"":false,""height"":0.981722,""left"":0.062355,""top"":0.006348,""width"":0.807277}",0.01739894,0.0088474406,-0.0085514998,0.98275155,0.99119157,0.008289705,0.0052908482,0.97446184,0.98590072,0.011438875,0.84594976,0.62569286,3.4649164,2.1679734,False,0.98422563,True,True,True,0.84594976,0.62569286,3.4649164,2.1679734,0.84283372,0.62691853,3.4205915,2.1444322,0.9786782,0.57674354,0.55244845,0.31862107,0.7984649,0.64327233,0.78690529,0.5061944,0.79896304,0.6745578,1.4360086,0.96867078,0.86258037,0.63389085,1.8905627,1.1984104,0.84077186,0.61254547,1.7868255,1.0945119,0.87663579,0.58467871,1.5007108,0.87743367
0b_baseline_last,file,19,baseline,5699,098.Scott_Oriole/Scott_Oriole_0068_795804.jpg,98,97,098.Scott_Oriole,169,168,gaussian_blur,gaussian_blur,0,"{""sigma"":1.727876}",0.01739894,0.0086304769,-0.0087684635,0.98275155,0.99140668,0.008289705,0.0035550033,0.97446184,0.98785168,0.013389833,0.62012699,0.6089441,3.4649164,2.1099404,False,0.90198553,True,True,True,0.62012699,0.6089441,3.4649164,2.1099404,0.61385349,0.61062351,3.4205915,2.0886936,0.89626217,0.54064125,0.55244845,0.29867642,0.60698405,0.86491299,0.78690529,0.68060461,0.47094285,0.62731278,1.4360086,0.90082652,0.6346089,0.59783003,1.8905627,1.1302351,0.63232077,0.61433819,1.7868255,1.0977152,0.73229129,0.51852197,1.5007108,0.77815154
0b_baseline_last,file,19,baseline,5699,098.Scott_Oriole/Scott_Oriole_0068_795804.jpg,98,97,098.Scott_Oriole,169,168,random_erasing,random_erasing,0,"{""area_fraction"":0.095718,""erased"":true,""height"":0.451693,""left"":0.710607,""top"":0.287569,""width"":0.21191}",0.01739894,0.020877719,0.0034787785,0.98275155,0.97933871,0.008289705,0.010020946,0.97446184,0.96931776,-0.0051440839,0.96535766,1.2228213,3.4649164,4.2369735,False,0.99550557,True,True,True,0.96535766,1.2228213,3.4649164,4.2369735,0.96458764,1.2231844,3.4205915,4.1840143,0.99529445,1.208817,0.55244845,0.66780909,0.96464912,1.1781031,0.78690529,0.92705553,0.97342271,1.2553589,1.4360086,1.8027061,0.97496985,1.2214226,1.8905627,2.3091759,0.95708816,1.2205692,1.7868255,2.1809442,0.95082931,1.2119499,1.5007108,1.8187863
0b_baseline_last,file,19,baseline,8653,148.Green_tailed_Towhee/Green_Tailed_Towhee_0074_154915.jpg,148,147,148.Green_tailed_Towhee,76,75,identity,identity,0,{},1.4483918,1.4483918,0,0.23494782,0.23494782,0.14221838,0.14221838,0.092729434,0.092729434,0,1,1,153.61224,153.61224,False,1,True,True,True,1,1,153.61224,153.61224,1,1,151.64236,151.64236,1,1,24.5217,24.5217,1,1,27.437241,27.437241,1,1,64.076884,64.076884,1,1,80.833959,80.833959,1,1,76.155714,76.155714,1,1,76.177002,76.177002
0b_baseline_last,file,19,baseline,8653,148.Green_tailed_Towhee/Green_Tailed_Towhee_0074_154915.jpg,148,147,148.Green_tailed_Towhee,76,75,horizontal_flip,horizontal_flip,0,"{""flipped"":true}",1.4483918,0.33337829,-1.1150135,0.23494782,0.71649909,0.14221838,0.015121302,0.092729434,0.70137779,0.60864835,0.65424985,0.38435261,153.61224,59.041265,False,0.93376875,True,True,True,0.65424985,0.38435261,153.61224,59.041265,0.64707505,0.38351171,151.64236,58.156622,0.90967657,0.41523439,24.5217,10.182253,0.59244311,0.38375913,27.437241,10.529292,0.6260019,0.39926949,64.076884,25.583945,0.63608168,0.38527945,80.833959,31.143663,0.62404094,0.39325871,76.155714,29.948898,0.71164929,0.35948835,76.177002,27.384745
0b_baseline_last,file,19,baseline,8653,148.Green_tailed_Towhee/Green_Tailed_Towhee_0074_154915.jpg,148,147,148.Green_tailed_Towhee,76,75,color_jitter,color_jitter,0,"{""brightness"":1.25199,""contrast"":1.031941,""hue"":-0.078995,""saturation"":1.075311}",1.4483918,4.9986148,3.550223,0.23494782,0.0067472886,0.14221838,0.0092127975,0.092729434,-0.0024655089,-0.095194943,0.2798815,1.2226272,153.61224,187.81051,False,0.79228276,False,True,False,0.2798815,1.2226272,153.61224,187.81051,0.26782808,1.2127998,151.64236,183.91183,0.64827316,1.5524488,24.5217,38.068684,0.13242817,0.92715159,27.437241,25.438482,0.028515229,1.0847997,64.076884,69.510588,0.23087413,1.2433743,80.833959,100.50687,0.32589827,1.2575208,76.155714,95.767398,0.41312227,1.2503179,76.177002,95.245467
0b_baseline_last,file,19,baseline,8653,148.Green_tailed_Towhee/Green_Tailed_Towhee_0074_154915.jpg,148,147,148.Green_tailed_Towhee,76,75,rotation,rotation,0,"{""angle"":2.924128}",1.4483918,2.4347539,0.9863621,0.23494782,0.087619305,0.14221838,0.11775453,0.092729434,-0.030135229,-0.12286466,0.75058554,1.4919279,153.61224,229.17839,False,0.91356355,False,True,False,0.75058554,1.4919279,153.61224,229.17839,0.74801485,1.4994909,151.64236,227.38634,0.90027236,1.1664753,24.5217,28.603958,0.67830312,1.5285404,27.437241,41.938932,0.70089254,1.8327213,64.076884,117.43507,0.7692541,1.6080117,80.833959,129.98195,0.76160561,1.3543342,76.155714,103.14029,0.80207864,1.2188953,76.177002,92.851788
0b_baseline_last,file,19,baseline,8653,148.Green_tailed_Towhee/Green_Tailed_Towhee_0074_154915.jpg,148,147,148.Green_tailed_Towhee,76,75,random_resized_crop,random_resized_crop,0,"{""area_fraction"":0.878505,""aspect"":0.981876,""fallback"":false,""height"":0.945897,""left"":0.019917,""top"":0.043171,""width"":0.928753}",1.4483918,1.5724883,0.12409651,0.23494782,0.20752814,0.14221838,0.084051609,0.092729434,0.12347654,0.030747101,0.73892855,1.1064194,153.61224,169.95956,False,0.92794693,True,True,True,0.73892855,1.1064194,153.61224,169.95956,0.73493176,1.109428,151.64236,168.23629,0.91633068,0.98448912,24.5217,24.141347,0.64546507,1.0837323,27.437241,29.734625,0.70018617,1.2991056,64.076884,83.242641,0.73052669,1.1698384,80.833959,94.562667,0.75070835,1.0096708,76.155714,76.892199,0.78831068,0.98546368,76.177002,75.069669
0b_baseline_last,file,19,baseline,8653,148.Green_tailed_Towhee/Green_Tailed_Towhee_0074_154915.jpg,148,147,148.Green_tailed_Towhee,76,75,gaussian_blur,gaussian_blur,0,"{""sigma"":1.998696}",1.4483918,4.8444576,3.3960658,0.23494782,0.0078718876,0.14221838,0.030429857,0.092729434,-0.022557969,-0.1152874,0.48640241,1.2769756,153.61224,196.15909,False,0.72612733,False,True,False,0.48640241,1.2769756,153.61224,196.15909,0.48140029,1.2799464,151.64236,194.09409,0.70029656,1.1576623,24.5217,28.387848,0.39445581,1.6577794,27.437241,45.484893,0.56600062,1.5770025,64.076884,101.0494,0.50180077,1.3556732,80.833959,109.58443,0.4282709,1.1543457,76.155714,87.910023,0.47124165,0.98723562,76.177002,75.204649
0b_baseline_last,file,19,baseline,8653,148.Green_tailed_Towhee/Green_Tailed_Towhee_0074_154915.jpg,148,147,148.Green_tailed_Towhee,76,75,random_erasing,random_erasing,0,"{""area_fraction"":0.164864,""erased"":true,""height"":0.508902,""left"":0.331642,""top"":0.066766,""width"":0.323959}",1.4483918,1.4859062,0.037514448,0.23494782,0.22629717,0.14221838,0.02486868,0.092729434,0.20142849,0.10869906,0.52092781,0.83141079,153.61224,127.71487,False,0.88062263,True,True,True,0.52092781,0.83141079,153.61224,127.71487,0.51116928,0.82559496,151.64236,125.19517,0.83254175,1.0294545,24.5217,25.243975,0.45768325,0.68349448,27.437241,18.753203,0.18432845,0.82217769,64.076884,52.682585,0.53698994,0.8529718,80.833959,68.949088,0.56616678,0.7849613,76.155714,59.779288,0.66215332,0.85268534,76.177002,64.955013
0b_baseline_last,file,19,baseline,7111,122.Harris_Sparrow/Harris_Sparrow_0081_116574.jpg,122,121,122.Harris_Sparrow,127,126,identity,identity,0,{},0.0019126709,0.0019126709,0,0.99808913,0.99808913,0.00043356002,0.00043356002,0.99765557,0.99765557,0,1,1,0.35309543,0.35309543,False,1,True,True,True,1,1,0.35309543,0.35309543,1,1,0.34740902,0.34740902,1,1,0.063113828,0.063113828,1,1,0.076158046,0.076158046,1,1,0.16592184,0.16592184,1,1,0.18529585,0.18529585,1,1,0.15925546,0.15925546,1,1,0.16633121,0.16633121
0b_baseline_last,file,19,baseline,7111,122.Harris_Sparrow/Harris_Sparrow_0081_116574.jpg,122,121,122.Harris_Sparrow,127,126,horizontal_flip,horizontal_flip,0,"{""flipped"":true}",0.0019126709,0.008495382,0.0065827111,0.99808913,0.99154061,0.00043356002,0.00092856452,0.99765557,0.99061205,-0.0070435284,0.54313046,5.3353209,0.35309543,1.8838774,False,0.96697015,True,True,True,0.54313046,5.3353209,0.35309543,1.8838774,0.53215308,5.3592529,0.34740902,1.8618528,0.94189234,4.550909,0.063113828,0.28722529,-0.040771411,5.4713764,0.076158046,0.41668933,0.41252305,4.9712697,0.16592184,0.82484221,0.54152152,5.5355555,0.18529585,1.0257155,0.5745474,5.8223971,0.15925546,0.92724851,0.72746522,5.0323085,0.16633121,0.83702995
0b_baseline_last,file,19,baseline,7111,122.Harris_Sparrow/Harris_Sparrow_0081_116574.jpg,122,121,122.Harris_Sparrow,127,126,color_jitter,color_jitter,0,"{""brightness"":0.631475,""contrast"":0.869491,""hue"":0.033738,""saturation"":0.972895}",0.0019126709,0.050484631,0.04857196,0.99808913,0.95076853,0.00043356002,0.0068570124,0.99765557,0.94391152,-0.053744057,0.61424829,28.393608,0.35309543,10.025653,False,0.92789084,True,True,True,0.61424829,28.393608,0.35309543,10.025653,0.60600543,28.514951,0.34740902,9.9063512,0.91287078,24.432898,0.063113828,1.5420537,0.4624103,40.038754,0.076158046,3.0492733,0.53018974,36.441416,0.16592184,6.0464268,0.60396795,26.156553,0.18529585,4.8467007,0.69720248,23.853356,0.15925546,3.7987771,0.76496425,22.780416,0.16633121,3.7890941
0b_baseline_last,file,19,baseline,7111,122.Harris_Sparrow/Harris_Sparrow_0081_116574.jpg,122,121,122.Harris_Sparrow,127,126,rotation,rotation,0,"{""angle"":-14.485897}",0.0019126709,0.010209125,0.0082964546,0.99808913,0.98984283,0.00043356002,0.0013045399,0.99765557,0.98853829,-0.0091172824,0.60702472,5.5972107,0.35309543,1.9763495,False,0.95895422,True,True,True,0.60702472,5.5972107,0.35309543,1.9763495,0.59741688,5.6195478,0.34740902,1.9522816,0.94881728,4.8720916,0.063113828,0.30749635,0.52594568,7.4314728,0.076158046,0.56596645,0.48738565,5.6482121,0.16592184,0.93716173,0.55169773,5.6289002,0.18529585,1.0430118,0.65826844,5.8320855,0.15925546,0.92879144,0.75903119,4.8927052,0.16633121,0.81380957
0b_baseline_last,file,19,baseline,7111,122.Harris_Sparrow/Harris_Sparrow_0081_116574.jpg,122,121,122.Harris_Sparrow,127,126,random_resized_crop,random_resized_crop,0,"{""area_fraction"":0.613956,""aspect"":0.953477,""fallback"":false,""height"":0.802441,""left"":0.211264,""top"":0.197048,""width"":0.76511}",0.0019126709,0.011328658,0.0094159872,0.99808913,0.98873526,0.00043356002,0.00087235437,0.99765557,0.9878629,-0.0097926705,0.69591118,7.7090538,0.35309543,2.7220317,False,0.95495415,True,True,True,0.69591118,7.7090538,0.35309543,2.7220317,0.69037678,7.7589168,0.34740902,2.6955177,0.93496846,6.0050191,0.063113828,0.37899974,0.59351958,10.704703,0.076158046,0.81524925,0.7686504,9.4711566,0.16592184,1.5714717,0.66201152,6.9518789,0.18529585,1.2881543,0.63791477,7.3424931,0.15925546,1.1693321,0.75737488,6.3198073,0.16633121,1.0511812
0b_baseline_last,file,19,baseline,7111,122.Harris_Sparrow/Harris_Sparrow_0081_116574.jpg,122,121,122.Harris_Sparrow,127,126,gaussian_blur,gaussian_blur,0,"{""sigma"":1.067149}",0.0019126709,0.048252057,0.046339386,0.99808913,0.95289356,0.00043356002,0.0065157684,0.99765557,0.94637779,-0.051277788,0.6387459,26.563821,0.35309543,9.379564,False,0.95163172,True,True,True,0.6387459,26.563821,0.35309543,9.379564,0.63079703,26.699699,0.34740902,9.2757162,0.94172999,22.05337,0.063113828,1.3918726,0.24125446,29.215565,0.076158046,2.2250003,0.51768128,27.668821,0.16592184,4.5908616,0.62563785,27.015904,0.18529585,5.0059349,0.69813614,27.982236,0.15925546,4.4563238,0.80734785,23.357664,0.16633121,3.8851085
0b_baseline_last,file,19,baseline,7111,122.Harris_Sparrow/Harris_Sparrow_0081_116574.jpg,122,121,122.Harris_Sparrow,127,126,random_erasing,random_erasing,0,"{""area_fraction"":0.143397,""erased"":true,""height"":0.226363,""left"":0.318863,""top"":0.040682,""width"":0.633482}",0.0019126709,0.0041867942,0.0022741233,0.99808913,0.99582195,0.00043356002,0.0015493447,0.99765557,0.99427261,-0.0033829666,0.83750521,2.5216665,0.35309543,0.89038892,False,0.97378135,True,True,True,0.83750521,2.5216665,0.35309543,0.89038892,0.83372779,2.5258597,0.34740902,0.87750646,0.959628,2.3911298,0.063113828,0.15091335,0.80201466,2.7263908,0.076158046,0.20763659,0.83443182,2.6314141,0.16592184,0.43660906,0.82975182,2.506925,0.18529585,0.4645228,0.81804348,2.5753777,0.15925546,0.41014296,0.86555988,2.3460947,0.16633121,0.39022876
0b_baseline_last,file,19,baseline,6416,110.Geococcyx/Geococcyx_0106_104216.jpg,110,109,110.Geococcyx,194,193,identity,identity,0,{},0.00039212167,0.00039212167,0,0.99960798,0.99960798,0.00014721588,0.00014721588,0.99946076,0.99946076,0,1,1,0.055960626,0.055960626,False,0.99999988,True,True,True,1,1,0.055960626,0.055960626,1,1,0.054269096,0.054269096,1,1,0.013654921,0.013654921,1,1,0.010008229,0.010008229,1,1,0.017803094,0.017803094,1,1,0.025735521,0.025735521,1,1,0.02630134,0.02630134,1,1,0.034262844,0.034262844
0b_baseline_last,file,19,baseline,6416,110.Geococcyx/Geococcyx_0106_104216.jpg,110,109,110.Geococcyx,194,193,horizontal_flip,horizontal_flip,0,"{""flipped"":true}",0.00039212167,0.00034540886,-4.6712812e-05,0.99960798,0.99965465,0.00014721588,0.00018546756,0.99946076,0.99946918,8.4187486e-06,0.61580178,0.88622457,0.055960626,0.049593682,False,0.98361659,True,True,True,0.61580178,0.88622457,0.055960626,0.049593682,0.592186,0.88319823,0.054269096,0.04793037,0.96987176,0.93272489,0.013654921,0.012736285,0.1741966,1.0436059,0.010008229,0.010444647,0.32948507,1.0897501,0.017803094,0.019400924,0.55321226,0.87877064,0.025735521,0.022615621,0.54303451,0.83597642,0.02630134,0.0219873,0.78865442,0.83419581,0.034262844,0.028581921
0b_baseline_last,file,19,baseline,6416,110.Geococcyx/Geococcyx_0106_104216.jpg,110,109,110.Geococcyx,194,193,color_jitter,color_jitter,0,"{""brightness"":1.277459,""contrast"":1.018756,""hue"":-0.034075,""saturation"":0.643314}",0.00039212167,0.002159646,0.0017675243,0.99960798,0.99784267,0.00014721588,0.00037751746,0.99946076,0.99746515,-0.0019956123,0.82891109,5.5305291,0.055960626,0.30949187,False,0.97745955,True,True,True,0.82891109,5.5305291,0.055960626,0.30949187,0.82292452,5.583078,0.054269096,0.3029886,0.95722747,4.6219247,0.013654921,0.063112017,0.58591,5.9722643,0.010008229,0.059771788,0.71737231,5.6580712,0.017803094,0.10073117,0.81070084,5.8393377,0.025735521,0.1502784,0.81653606,5.5377972,0.02630134,0.14565149,0.88757485,5.4041423,0.034262844,0.18516129
0b_baseline_last,file,19,baseline,6416,110.Geococcyx/Geococcyx_0106_104216.jpg,110,109,110.Geococcyx,194,193,rotation,rotation,0,"{""angle"":5.579203}",0.00039212167,0.00049090257,9.8780903e-05,0.99960798,0.99950922,0.00014721588,0.00019520846,0.99946076,0.99931401,-0.00014675748,0.83056114,1.2888979,0.055960626,0.072127532,False,0.98189986,True,True,True,0.83056114,1.2888979,0.055960626,0.072127532,0.82149493,1.291763,0.054269096,0.070102813,0.97999548,1.2427657,0.013654921,0.016969868,0.78413957,1.3850453,0.010008229,0.013861851,0.74181829,1.3579309,0.017803094,0.024175372,0.81051986,1.28989,0.025735521,0.033195992,0.78640964,1.3323547,0.02630134,0.035042713,0.87862884,1.2409563,0.034262844,0.042518694
0b_baseline_last,file,19,baseline,6416,110.Geococcyx/Geococcyx_0106_104216.jpg,110,109,110.Geococcyx,194,193,random_resized_crop,random_resized_crop,0,"{""area_fraction"":0.658122,""aspect"":0.756239,""fallback"":false,""height"":0.932875,""left"":0.04241,""top"":0.013709,""width"":0.705477}",0.00039212167,0.0018682898,0.0014761681,0.99960798,0.99813348,0.00014721588,0.0013234788,0.99946076,0.99681,-0.0026507626,0.71496485,5.4781832,0.055960626,0.30656257,False,0.97371691,True,True,True,0.71496485,5.4781832,0.055960626,0.30656257,0.70128684,5.477493,0.054269096,0.29725859,0.93055814,5.4890748,0.013654921,0.074952882,0.75369864,7.5828422,0.010008229,0.075890821,0.52705846,6.2844624,0.017803094,0.11188287,0.69446876,5.7871221,0.025735521,0.14893461,0.6838597,5.5055716,0.02630134,0.14480391,0.78682117,4.7900653,0.034262844,0.16412126
0b_baseline_last,file,19,baseline,6416,110.Geococcyx/Geococcyx_0106_104216.jpg,110,109,110.Geococcyx,194,193,gaussian_blur,gaussian_blur,0,"{""sigma"":1.485685}",0.00039212167,0.15104899,0.15065687,0.99960798,0.85980558,0.00014721588,0.069185756,0.99946076,0.79061983,-0.20884094,0.5080981,490.45975,0.055960626,27.446435,False,0.86001474,True,True,True,0.5080981,490.45975,0.055960626,27.446435,0.49526275,498.26675,0.054269096,27.040487,0.83491416,344.42306,0.013654921,4.7030696,0.55253456,1002.1841,0.010008229,10.030088,0.37976146,677.39608,0.017803094,12.059746,0.56638938,549.17402,0.025735521,14.13328,0.49804801,460.11297,0.02630134,12.101588,0.55770348,344.03727,0.034262844,11.787695
0b_baseline_last,file,19,baseline,6416,110.Geococcyx/Geococcyx_0106_104216.jpg,110,109,110.Geococcyx,194,193,random_erasing,random_erasing,0,"{""area_fraction"":0.087886,""erased"":true,""height"":0.275259,""left"":0.200298,""top"":0.659906,""width"":0.319285}",0.00039212167,0.00092570839,0.00053358672,0.99960798,0.9990747,0.00014721588,0.00019558227,0.99946076,0.99887912,-0.00058164915,0.90369099,2.2778191,0.055960626,0.12746818,False,0.98584127,True,True,True,0.90369099,2.2778191,0.055960626,0.12746818,0.90028324,2.292254,0.054269096,0.12439855,0.97028708,2.0362881,0.013654921,0.027805354,0.89087689,2.3081918,0.010008229,0.023100912,0.8779319,2.3949329,0.017803094,0.042637215,0.89417367,2.245349,0.025735521,0.057785227,0.88654264,2.3141841,0.02630134,0.060866142,0.9194855,2.2756944,0.034262844,0.077971763
0b_baseline_last,file,19,baseline,2343,041.Scissor_tailed_Flycatcher/Scissor_Tailed_Flycatcher_0126_41905.jpg,41,40,041.Scissor_tailed_Flycatcher,91,90,identity,identity,0,{},0.22196965,0.22196965,0,0.80093968,0.80093968,0.13655946,0.13655946,0.66438022,0.66438022,0,1,1,39.243019,39.243019,False,0.99999988,True,True,True,1,1,39.243019,39.243019,1,1,38.582541,38.582541,1,1,7.1695239,7.1695239,1,1,7.9962444,7.9962444,1,1,15.220871,15.220871,1,1,21.485435,21.485435,1,1,19.908113,19.908113,1,1,18.304118,18.304118
0b_baseline_last,file,19,baseline,2343,041.Scissor_tailed_Flycatcher/Scissor_Tailed_Flycatcher_0126_41905.jpg,41,40,041.Scissor_tailed_Flycatcher,91,90,horizontal_flip,horizontal_flip,0,"{""flipped"":true}",0.22196965,0.60029584,0.37832619,0.80093968,0.54864931,0.13655946,0.097294271,0.66438022,0.45135504,-0.21302518,0.48892365,2.1505021,39.243019,84.392193,False,0.96057415,True,True,True,0.48892365,2.1505021,39.243019,84.392193,0.4778124,2.1603272,38.582541,83.350913,0.87202225,1.8433841,7.1695239,13.216186,0.57634553,2.2072303,7.9962444,17.649553,0.32340083,2.4159551,15.220871,36.772941,0.41335143,2.1262923,21.485435,45.684315,0.50335127,2.0989731,19.908113,41.786594,0.64521231,2.0806618,18.304118,38.084679
0b_baseline_last,file,19,baseline,2343,041.Scissor_tailed_Flycatcher/Scissor_Tailed_Flycatcher_0126_41905.jpg,41,40,041.Scissor_tailed_Flycatcher,91,90,color_jitter,color_jitter,0,"{""brightness"":1.366771,""contrast"":0.660324,""hue"":-0.052442,""saturation"":1.189437}",0.22196965,0.37877494,0.15680529,0.80093968,0.68469971,0.13655946,0.16057938,0.66438022,0.52412033,-0.14025989,0.6573219,1.4095565,39.243019,55.315253,False,0.91552031,True,True,True,0.6573219,1.4095565,39.243019,55.315253,0.64865194,1.4069914,38.582541,54.285303,0.89656414,1.481918,7.1695239,10.624647,0.56986381,1.3190252,7.9962444,10.547248,0.57407059,1.656388,15.220871,25.211668,0.63745148,1.2966799,21.485435,27.85973,0.67678849,1.3632042,19.908113,27.138823,0.71475736,1.4323112,18.304118,26.217192
0b_baseline_last,file,19,baseline,2343,041.Scissor_tailed_Flycatcher/Scissor_Tailed_Flycatcher_0126_41905.jpg,41,40,041.Scissor_tailed_Flycatcher,91,90,rotation,rotation,0,"{""angle"":-8.672316}",0.22196965,0.10330173,-0.11866792,0.80093968,0.90185481,0.13655946,0.037854746,0.66438022,0.86400007,0.19961984,0.6935064,0.517991,39.243019,20.327531,False,0.96950895,True,True,True,0.6935064,0.517991,39.243019,20.327531,0.68677943,0.52061397,38.582541,20.08661,0.93738508,0.43522477,7.1695239,3.1203544,0.55415539,0.47959361,7.9962444,3.8349477,0.61724009,0.5715577,15.220871,8.6996058,0.69298793,0.52671141,21.485435,11.316624,0.69307976,0.5267206,19.908113,10.486013,0.75887609,0.47331901,18.304118,8.663687
0b_baseline_last,file,19,baseline,2343,041.Scissor_tailed_Flycatcher/Scissor_Tailed_Flycatcher_0126_41905.jpg,41,40,041.Scissor_tailed_Flycatcher,91,90,random_resized_crop,random_resized_crop,0,"{""area_fraction"":0.8261,""aspect"":1.008059,""fallback"":false,""height"":0.90526,""left"":0.072082,""top"":0.002382,""width"":0.912555}",0.22196965,0.10562027,-0.11634938,0.80093968,0.89976627,0.13655946,0.039409578,0.66438022,0.86035669,0.19597647,0.71350448,0.46309339,39.243019,18.173183,False,0.95618337,True,True,True,0.71350448,0.46309339,39.243019,18.173183,0.70669047,0.46426252,38.582541,17.912427,0.92994016,0.42785153,7.1695239,3.0674918,0.67100397,0.46378856,7.9962444,3.7085667,0.68513685,0.49863838,15.220871,7.5897104,0.68931614,0.45248813,21.485435,9.7219042,0.71492196,0.47425365,19.908113,9.4414954,0.74728572,0.44330046,18.304118,8.114224
0b_baseline_last,file,19,baseline,2343,041.Scissor_tailed_Flycatcher/Scissor_Tailed_Flycatcher_0126_41905.jpg,41,40,041.Scissor_tailed_Flycatcher,91,90,gaussian_blur,gaussian_blur,0,"{""sigma"":1.863019}",0.22196965,3.5436635,3.3216939,0.80093968,0.028907225,0.13655946,0.018687632,0.66438022,0.010219593,-0.65416063,0.33024949,3.6259705,39.243019,142.29403,False,0.72632635,False,True,False,0.33024949,3.6259705,39.243019,142.29403,0.3203293,3.6147803,38.582541,139.46741,0.595232,3.9362639,7.1695239,28.221138,0.057263898,3.7923282,7.9962444,30.324383,0.34113919,3.7768496,15.220871,57.486939,0.31019479,3.8380899,21.485435,82.463029,0.33381356,3.3310519,19.908113,66.31496,0.36237189,3.4677733,18.304118,63.474532
0b_baseline_last,file,19,baseline,2343,041.Scissor_tailed_Flycatcher/Scissor_Tailed_Flycatcher_0126_41905.jpg,41,40,041.Scissor_tailed_Flycatcher,91,90,random_erasing,random_erasing,0,"{""area_fraction"":0.16325,""erased"":true,""height"":0.240357,""left"":0.065307,""top"":0.376423,""width"":0.679195}",0.22196965,3.7471812,3.5252115,0.80093968,0.023584129,0.13655946,0.0038606403,0.66438022,0.019723489,-0.64465673,0.31747237,2.95031,39.243019,115.77907,False,0.70511502,False,True,False,0.31747237,2.95031,39.243019,115.77907,0.30752174,2.9333939,38.582541,113.17779,0.56919282,3.4039259,7.1695239,24.404528,0.21098066,2.3352118,7.9962444,18.672924,0.34988772,3.148284,15.220871,47.919623,0.26987378,2.6565313,21.485435,57.076729,0.31950528,2.7962249,19.908113,55.667562,0.32856955,3.3711464,18.304118,61.705861
0b_baseline_last,file,19,baseline,7633,131.Vesper_Sparrow/Vesper_Sparrow_0087_125712.jpg,131,130,131.Vesper_Sparrow,125,124,identity,identity,0,{},0.74550325,0.74550325,0,0.47449544,0.47449544,0.30434066,0.30434066,0.17015478,0.17015478,0,1,1,135.22736,135.22736,False,1,True,True,True,1,1,135.22736,135.22736,1,1,134.36253,134.36253,1,1,15.269243,15.269243,1,1,19.507386,19.507386,1,1,64.549889,64.549889,1,1,91.01665,91.01665,1,1,57.435521,57.435521,1,1,43.854242,43.854242
0b_baseline_last,file,19,baseline,7633,131.Vesper_Sparrow/Vesper_Sparrow_0087_125712.jpg,131,130,131.Vesper_Sparrow,125,124,horizontal_flip,horizontal_flip,0,"{""flipped"":true}",0.74550325,0.5751574,-0.17034584,0.47449544,0.56261629,0.30434066,0.17476931,0.17015478,0.38784698,0.2176922,0.76434877,0.84285665,135.22736,113.97728,False,0.97120619,True,True,True,0.76434877,0.84285665,135.22736,113.97728,0.76213199,0.84344963,134.36253,113.32803,0.94761097,0.79559989,15.269243,12.148208,0.55286236,0.89355753,19.507386,17.430972,0.63190945,0.80587433,64.549889,52.019098,0.83055689,0.87739443,91.01665,79.857502,0.75987605,0.81399232,57.435521,46.752073,0.7791861,0.81276585,43.854242,35.64323
0b_baseline_last,file,19,baseline,7633,131.Vesper_Sparrow/Vesper_Sparrow_0087_125712.jpg,131,130,131.Vesper_Sparrow,125,124,color_jitter,color_jitter,0,"{""brightness"":1.257137,""contrast"":0.751328,""hue"":-0.090114,""saturation"":0.863792}",0.74550325,0.11037048,-0.63513277,0.47449544,0.89550233,0.30434066,0.066462673,0.17015478,0.82903966,0.65888488,0.84897663,0.22124261,135.22736,29.918055,False,0.9520849,True,True,True,0.84897663,0.22124261,135.22736,29.918055,0.84765129,0.22079073,134.36253,29.666001,0.94638588,0.25380154,15.269243,3.8753572,0.59951424,0.20484012,19.507386,3.9958953,0.69333035,0.20438237,64.549889,13.192859,0.91422311,0.23143602,91.01665,21.064531,0.88310612,0.21373465,57.435521,12.275961,0.85372469,0.2230008,43.854242,9.7795311
0b_baseline_last,file,19,baseline,7633,131.Vesper_Sparrow/Vesper_Sparrow_0087_125712.jpg,131,130,131.Vesper_Sparrow,125,124,rotation,rotation,0,"{""angle"":8.957027}",0.74550325,4.1471839,3.4016806,0.47449544,0.015808875,0.30434066,0.96210951,0.17015478,-0.94630063,-1.1164554,0.84379558,1.9665994,135.22736,265.93805,False,0.93151486,False,True,False,0.84379558,1.9665994,135.22736,265.93805,0.84336886,1.9585631,134.36253,263.15751,0.89538687,2.5119719,15.269243,38.355908,0.78389245,1.9530681,19.507386,38.099252,0.8753846,1.8908725,64.549889,122.05561,0.88810254,1.9221903,91.01665,174.95132,0.78284302,1.9390638,57.435521,111.37114,0.73174724,2.2678484,43.854242,99.454771
0b_baseline_last,file,19,baseline,7633,131.Vesper_Sparrow/Vesper_Sparrow_0087_125712.jpg,131,130,131.Vesper_Sparrow,125,124,random_resized_crop,random_resized_crop,0,"{""area_fraction"":0.769765,""aspect"":1.29484,""fallback"":false,""height"":0.77103,""left"":0.00035,""top"":0.228957,""width"":0.99836}",0.74550325,0.80260336,0.057100117,0.47449544,0.44816074,0.30434066,0.06805142,0.17015478,0.38010932,0.20995454,0.71644593,0.98943065,135.22736,133.7981,False,0.954965,True,True,True,0.71644593,0.98943065,135.22736,133.7981,0.71461752,0.98783364,134.36253,132.72783,0.8474054,1.106111,15.269243,16.889478,0.42276554,1.1552979,19.507386,22.536841,0.71919649,0.93885464,64.549889,60.602963,0.76397567,0.96054577,91.01665,87.425658,0.6713437,1.0199633,57.435521,58.582123,0.66028557,1.1079768,43.854242,48.589483
0b_baseline_last,file,19,baseline,7633,131.Vesper_Sparrow/Vesper_Sparrow_0087_125712.jpg,131,130,131.Vesper_Sparrow,125,124,gaussian_blur,gaussian_blur,0,"{""sigma"":1.398425}",0.74550325,0.36066177,-0.38484147,0.47449544,0.69721478,0.30434066,0.20431802,0.17015478,0.49289677,0.32274199,0.83007657,0.60508587,135.22736,81.824168,False,0.94831264,True,True,True,0.83007657,0.60508587,135.22736,81.824168,0.8285417,0.60380074,134.36253,81.128197,0.94148197,0.69744283,15.269243,10.649424,0.63478959,0.7885601,19.507386,15.382746,0.78148212,0.56000074,64.549889,36.147986,0.87638616,0.60285425,91.01665,54.869774,0.80785113,0.61406438,57.435521,35.269108,0.8180714,0.63842842,43.854242,27.997794
0b_baseline_last,file,19,baseline,7633,131.Vesper_Sparrow/Vesper_Sparrow_0087_125712.jpg,131,130,131.Vesper_Sparrow,125,124,random_erasing,random_erasing,0,"{""area_fraction"":0.099204,""erased"":true,""height"":0.423935,""left"":0.64068,""top"":0.408973,""width"":0.234008}",0.74550325,0.13959357,-0.60590968,0.47449544,0.86971164,0.30434066,0.013236312,0.17015478,0.85647533,0.68632055,0.69107721,0.16942335,135.22736,22.910674,False,0.93347204,True,True,True,0.69107721,0.16942335,135.22736,22.910674,0.69001984,0.16779759,134.36253,22.545709,0.81656932,0.26675059,15.269243,4.0730795,0.22940714,0.16616372,19.507386,3.2414198,0.69007017,0.15660804,64.549889,10.109032,0.76486618,0.15799551,91.01665,14.380222,0.62836568,0.1761724,57.435521,10.118554,0.6357509,0.21199716,43.854242,9.2969746
0b_baseline_last,file,19,baseline,1571,028.Brown_Creeper/Brown_Creeper_0115_24488.jpg,28,27,028.Brown_Creeper,188,187,identity,identity,0,{},0.00031442466,0.00031442466,0,0.99968565,0.99968565,0.00011177874,0.00011177874,0.99957387,0.99957387,0,1,1,0.070784133,0.070784133,False,1.0000001,True,True,True,1,1,0.070784133,0.070784133,1,1,0.069706324,0.069706324,1,1,0.012305361,0.012305361,1,1,0.020277983,0.020277983,1,1,0.031536043,0.031536043,1,1,0.039535698,0.039535698,1,1,0.031597995,0.031597995,1,1,0.029862154,0.029862154
0b_baseline_last,file,19,baseline,1571,028.Brown_Creeper/Brown_Creeper_0115_24488.jpg,28,27,028.Brown_Creeper,188,187,horizontal_flip,horizontal_flip,0,"{""flipped"":true}",0.00031442466,0.00016604476,-0.0001483799,0.99968565,0.99983394,0.00011177874,4.2737269e-05,0.99957387,0.9997912,0.00021733783,0.67623529,0.51365002,0.070784133,0.036358271,False,0.97200739,True,True,True,0.67623529,0.51365002,0.070784133,0.036358271,0.66773693,0.51439504,0.069706324,0.035856587,0.96385054,0.48914103,0.012305361,0.006019057,0.79715512,0.54986333,0.020277983,0.011150119,0.56606777,0.47510075,0.031536043,0.014982798,0.66704789,0.49141041,0.039535698,0.019428254,0.64011875,0.56101512,0.031597995,0.017726953,0.74924016,0.52435396,0.029862154,0.015658339
0b_baseline_last,file,19,baseline,1571,028.Brown_Creeper/Brown_Creeper_0115_24488.jpg,28,27,028.Brown_Creeper,188,187,color_jitter,color_jitter,0,"{""brightness"":1.139623,""contrast"":1.074221,""hue"":-0.040775,""saturation"":0.713785}",0.00031442466,0.0012191252,0.00090470057,0.99968565,0.99878162,0.00011177874,0.00031743723,0.99957387,0.99846418,-0.0011096821,0.87207383,4.263652,0.070784133,0.30179891,False,0.98384082,True,True,True,0.87207383,4.263652,0.070784133,0.30179891,0.87014064,4.2746193,0.069706324,0.29796799,0.94381,3.8953645,0.012305361,0.047933867,0.87931477,5.1201158,0.020277983,0.10382562,0.84291633,4.2945534,0.031536043,0.13543322,0.8867758,4.0010756,0.039535698,0.15818532,0.86579329,4.3726542,0.031597995,0.13816711,0.88507921,4.1758777,0.029862154,0.1247007
0b_baseline_last,file,19,baseline,1571,028.Brown_Creeper/Brown_Creeper_0115_24488.jpg,28,27,028.Brown_Creeper,188,187,rotation,rotation,0,"{""angle"":-5.406787}",0.00031442466,0.0023179587,0.0020035341,0.99968565,0.99768472,0.00011177874,0.00063701248,0.99957387,0.9970477,-0.0025261617,0.82656892,7.6129996,0.070784133,0.53887958,False,0.97606385,True,True,True,0.82656892,7.6129996,0.070784133,0.53887958,0.82324182,7.644308,0.069706324,0.53285661,0.96159662,6.5291238,0.012305361,0.080343226,0.7749739,10.358154,0.020277983,0.21004246,0.81588157,7.3636378,0.031536043,0.23222,0.84140743,7.5025522,0.039535698,0.29661864,0.82231277,7.4306972,0.031597995,0.23479513,0.86364259,6.9263347,0.029862154,0.20683527
0b_baseline_last,file,19,baseline,1571,028.Brown_Creeper/Brown_Creeper_0115_24488.jpg,28,27,028.Brown_Creeper,188,187,random_resized_crop,random_resized_crop,0,"{""area_fraction"":0.803103,""aspect"":0.892917,""fallback"":false,""height"":0.948375,""left"":0.037124,""top"":0.030382,""width"":0.84682}",0.00031442466,0.00031978739,5.36273e-06,0.99968565,0.99968028,0.00011177874,6.3271546e-05,0.99957387,0.99961701,4.3142776e-05,0.86639876,1.152653,0.070784133,0.081589541,False,0.98577291,True,True,True,0.86639876,1.152653,0.070784133,0.081589541,0.86416874,1.1566968,0.069706324,0.080629083,0.95527817,1.0143671,0.012305361,0.012482154,0.90164633,1.3105583,0.020277983,0.026575478,0.82691608,1.1592501,0.031536043,0.036558162,0.88721202,1.1648318,0.039535698,0.04605244,0.84161964,1.1087381,0.031597995,0.0350339,0.87507675,1.1157283,0.029862154,0.03331805
0b_baseline_last,file,19,baseline,1571,028.Brown_Creeper/Brown_Creeper_0115_24488.jpg,28,27,028.Brown_Creeper,188,187,gaussian_blur,gaussian_blur,0,"{""sigma"":1.127073}",0.00031442466,0.0019850091,0.0016705844,0.99968565,0.99801695,0.00011177874,0.00025259255,0.99957387,0.99776436,-0.0018095054,0.57992877,7.4472301,0.070784133,0.52714573,False,0.95410776,True,True,True,0.57992877,7.4472301,0.070784133,0.52714573,0.57276117,7.4966166,0.069706324,0.52256159,0.90895808,5.6372684,0.012305361,0.069368623,0.35672666,10.609422,0.020277983,0.21513768,0.44052846,7.771503,0.031536043,0.24508245,0.59980635,7.1066319,0.039535698,0.28096565,0.67298767,6.9539924,0.031597995,0.21973222,0.76951418,6.6551999,0.029862154,0.1987386
0b_baseline_last,file,19,baseline,1571,028.Brown_Creeper/Brown_Creeper_0115_24488.jpg,28,27,028.Brown_Creeper,188,187,random_erasing,random_erasing,0,"{""area_fraction"":0.085964,""erased"":true,""height"":0.390063,""left"":0.190669,""top"":0.060781,""width"":0.220385}",0.00031442466,0.15526235,0.15494793,0.99968565,0.8561905,0.00011177874,0.031521287,0.99957387,0.82466922,-0.17490465,0.71267147,393.72174,0.070784133,27.869252,False,0.90512592,True,True,True,0.71267147,393.72174,0.070784133,27.869252,0.7083262,395.53727,0.069706324,27.571449,0.8910411,330.20595,0.012305361,4.0633034,0.4963885,421.12922,0.020277983,8.539651,0.64930826,361.85466,0.031536043,11.411464,0.76433897,383.38301,0.039535698,15.157315,0.75167641,420.05765,0.031597995,13.27298,0.73119698,411.66308,0.029862154,12.293146
0b_baseline_last,file,19,baseline,1952,035.Purple_Finch/Purple_Finch_0102_27308.jpg,35,34,035.Purple_Finch,120,119,identity,identity,0,{},0.036952443,0.036952443,0,0.96372199,0.96372199,0.0041712266,0.0041712266,0.95955076,0.95955076,0,1,1,5.9498707,5.9498707,False,1,True,True,True,1,1,5.9498707,5.9498707,1,1,5.878864,5.878864,1,1,0.91647138,0.91647138,1,1,1.2068397,1.2068397,1,1,2.4406711,2.4406711,1,1,2.9512471,2.9512471,1,1,2.9973139,2.9973139,1,1,3.0747283,3.0747283
0b_baseline_last,file,19,baseline,1952,035.Purple_Finch/Purple_Finch_0102_27308.jpg,35,34,035.Purple_Finch,120,119,horizontal_flip,horizontal_flip,0,"{""flipped"":true}",0.036952443,0.012502154,-0.024450289,0.96372199,0.98757565,0.0041712266,0.00087757799,0.95955076,0.98669807,0.027147308,0.72845158,0.34386017,5.9498707,2.0459236,False,0.96550679,True,True,True,0.72845158,0.34386017,5.9498707,2.0459236,0.72281243,0.34300377,5.878864,2.0164725,0.9425785,0.37741804,0.91647138,0.34589283,0.81285445,0.29417237,1.2068397,0.35501891,0.60844605,0.31152509,2.4406711,0.76033028,0.69504596,0.34230131,2.9512471,1.0102158,0.71673085,0.34973346,2.9973139,1.048261,0.80732298,0.36254746,3.0747283,1.1147349
0b_baseline_last,file,19,baseline,1952,035.Purple_Finch/Purple_Finch_0102_27308.jpg,35,34,035.Purple_Finch,120,119,color_jitter,color_jitter,0,"{""brightness"":0.866055,""contrast"":1.069572,""hue"":0.030272,""saturation"":1.320952}",0.036952443,0.1670841,0.13013165,0.96372199,0.84612846,0.0041712266,0.011788247,0.95955076,0.83434022,-0.12521055,0.80295458,3.9860677,5.9498707,23.716588,False,0.96710771,True,True,True,0.80295458,3.9860677,5.9498707,23.716588,0.79894286,3.9822691,5.878864,23.411218,0.96235063,4.1393542,0.91647138,3.7935996,0.75570007,4.5607656,1.2068397,5.5041131,0.73010044,4.0609943,2.4406711,9.9115514,0.75789716,4.1085607,2.9512471,12.125378,0.81754222,3.9123129,2.9973139,11.72643,0.8794913,3.7790933,3.0747283,11.619685
0b_baseline_last,file,19,baseline,1952,035.Purple_Finch/Purple_Finch_0102_27308.jpg,35,34,035.Purple_Finch,120,119,rotation,rotation,0,"{""angle"":9.007274}",0.036952443,0.042387541,0.005435098,0.96372199,0.95849824,0.0041712266,0.0065450948,0.95955076,0.95195314,-0.0075976192,0.84219519,1.2305399,5.9498707,7.3215536,False,0.97499931,True,True,True,0.84219519,1.2305399,5.9498707,7.3215536,0.83923063,1.2317061,5.878864,7.2410323,0.97006943,1.1815594,0.91647138,1.0828653,0.80248459,1.4185811,1.2068397,1.712,0.81398158,1.2749688,2.4406711,3.1117795,0.82116593,1.2614604,2.9512471,3.7228813,0.84376781,1.21793,2.9973139,3.6505186,0.88126342,1.155938,3.0747283,3.5541951
0b_baseline_last,file,19,baseline,1952,035.Purple_Finch/Purple_Finch_0102_27308.jpg,35,34,035.Purple_Finch,120,119,random_resized_crop,random_resized_crop,0,"{""area_fraction"":0.752133,""aspect"":1.048595,""fallback"":false,""height"":0.846922,""left"":0.045021,""top"":0.042651,""width"":0.888078}",0.036952443,0.056445088,0.019492645,0.96372199,0.94511837,0.0041712266,0.0044643655,0.95955076,0.940654,-0.018896762,0.85059596,1.6668145,5.9498707,9.9173308,False,0.97516811,True,True,True,0.85059596,1.6668145,5.9498707,9.9173308,0.84812814,1.6704089,5.878864,9.820107,0.9669775,1.5115158,0.91647138,1.385261,0.79105155,1.5956024,1.2068397,1.9256363,0.83121362,1.7376824,2.4406711,4.2411113,0.83030021,1.6926573,2.9512471,4.9954499,0.84915787,1.6993921,2.9973139,5.0936118,0.88696642,1.587985,3.0747283,4.8826223
0b_baseline_last,file,19,baseline,1952,035.Purple_Finch/Purple_Finch_0102_27308.jpg,35,34,035.Purple_Finch,120,119,gaussian_blur,gaussian_blur,0,"{""sigma"":1.697301}",0.036952443,3.8509667,3.8140142,0.96372199,0.021259174,0.0041712266,0.0013512044,0.95955076,0.019907969,-0.93964279,0.47232705,43.933834,5.9498707,261.40063,False,0.7617678,False,True,False,0.47232705,43.933834,5.9498707,261.40063,0.47001779,44.19381,5.878864,259.80939,0.63321304,31.423542,0.91647138,28.798777,0.31855878,41.705576,1.2068397,50.331946,0.55431045,56.905224,2.4406711,138.88693,0.50196308,49.282466,2.9512471,145.44474,0.49490788,42.418841,2.9973139,127.14258,0.37914884,29.734509,3.0747283,91.425535
0b_baseline_last,file,19,baseline,1952,035.Purple_Finch/Purple_Finch_0102_27308.jpg,35,34,035.Purple_Finch,120,119,random_erasing,random_erasing,0,"{""area_fraction"":0.08279,""erased"":true,""height"":0.308609,""left"":0.217451,""top"":0.647314,""width"":0.268267}",0.036952443,0.042659331,0.0057068877,0.96372199,0.95823777,0.0041712266,0.0050285002,0.95955076,0.95320927,-0.0063414969,0.97259929,1.1529418,5.9498707,6.8598549,False,0.99251938,True,True,True,0.97259929,1.1529418,5.9498707,6.8598549,0.97213081,1.1532944,5.878864,6.7800609,0.9922104,1.1383403,0.91647138,1.0432563,0.9766555,1.1532211,1.2068397,1.391753,0.97244511,1.1459712,2.4406711,2.7969387,0.97766558,1.1580476,2.9512471,3.4176847,0.97153863,1.1653301,2.9973139,3.4928601,0.96674975,1.1419646,3.0747283,3.5112309
0b_baseline_last,file,19,baseline,8012,137.Cliff_Swallow/Cliff_Swallow_0071_133742.jpg,137,136,137.Cliff_Swallow,135,134,identity,identity,0,{},0.0038642036,0.0038642036,0,0.99614328,0.99614328,0.0034061531,0.0034061531,0.99273713,0.99273713,0,1,1,0.81340457,0.81340457,False,1,True,True,True,1,1,0.81340457,0.81340457,1,1,0.78899328,0.78899328,1,1,0.19777915,0.19777915,1,1,0.21052288,0.21052288,1,1,0.33438583,0.33438583,1,1,0.41913973,0.41913973,1,1,0.37574282,0.37574282,1,1,0.3866728,0.3866728
0b_baseline_last,file,19,baseline,8012,137.Cliff_Swallow/Cliff_Swallow_0071_133742.jpg,137,136,137.Cliff_Swallow,135,134,horizontal_flip,horizontal_flip,0,"{""flipped"":true}",0.0038642036,0.0023250948,-0.0015391088,0.99614328,0.99767762,0.0034061531,0.001546909,0.99273713,0.99613072,0.0033935868,0.62186129,0.45946302,0.81340457,0.37372932,False,0.97796381,True,True,True,0.62186129,0.45946302,0.81340457,0.37372932,0.59731214,0.45346301,0.78899328,0.35777927,0.95626167,0.54614796,0.19777915,0.10801668,0.40283004,0.41804065,0.21052288,0.088007122,0.48932312,0.39029796,0.33438583,0.13051011,0.59696073,0.41476419,0.41913973,0.17384415,0.59889544,0.47139386,0.37574282,0.17712286,0.71534288,0.52768918,0.3866728,0.20404305
0b_baseline_last,file,19,baseline,8012,137.Cliff_Swallow/Cliff_Swallow_0071_133742.jpg,137,136,137.Cliff_Swallow,135,134,color_jitter,color_jitter,0,"{""brightness"":0.96928,""contrast"":0.645052,""hue"":-0.032565,""saturation"":0.921266}",0.0038642036,0.042468093,0.03860389,0.99614328,0.95842105,0.0034061531,0.040275447,0.99273713,0.9181456,-0.074591524,0.82822411,12.737129,0.81340457,10.360439,False,0.9466719,True,True,True,0.82822411,12.737129,0.81340457,10.360439,0.82223616,12.82559,0.78899328,10.119305,0.94388035,11.235982,0.19777915,2.2222429,0.891544,10.242626,0.21052288,2.1563072,0.83137138,13.970066,0.33438583,4.6713923,0.84474839,13.70694,0.41913973,5.7451231,0.81075341,12.801395,0.37574282,4.8100322,0.7918501,11.503617,0.3866728,4.4481357
0b_baseline_last,file,19,baseline,8012,137.Cliff_Swallow/Cliff_Swallow_0071_133742.jpg,137,136,137.Cliff_Swallow,135,134,rotation,rotation,0,"{""angle"":-10.633153}",0.0038642036,0.0041751601,0.0003109565,0.99614328,0.99583352,0.0034061531,0.00092525943,0.99273713,0.99490826,0.0021711283,0.49899503,0.94412325,0.81340457,0.76795416,False,0.96691322,True,True,True,0.49899503,0.94412325,0.81340457,0.76795416,0.48429218,0.94504585,0.78899328,0.74563483,0.73700594,0.92931748,0.19777915,0.18379962,0.67738127,0.97503967,0.21052288,0.20526816,0.47929012,1.0583318,0.33438583,0.35389116,0.43098827,0.87623741,0.41913973,0.36726591,0.46977427,0.88549028,0.37574282,0.33271662,0.50500736,0.97801099,0.3866728,0.37817025
0b_baseline_last,file,19,baseline,8012,137.Cliff_Swallow/Cliff_Swallow_0071_133742.jpg,137,136,137.Cliff_Swallow,135,134,random_resized_crop,random_resized_crop,0,"{""area_fraction"":0.581357,""aspect"":1.047966,""fallback"":false,""height"":0.744814,""left"":0.081942,""top"":0.126413,""width"":0.78054}",0.0038642036,0.0020067808,-0.0018574228,0.99614328,0.99799526,0.0034061531,0.00021717232,0.99273713,0.99777809,0.0050409567,0.38401849,0.50574247,0.81340457,0.41137324,False,0.94167084,True,True,True,0.38401849,0.50574247,0.81340457,0.41137324,0.36723453,0.50675997,0.78899328,0.39983021,0.66089662,0.4892651,0.19777915,0.096766434,0.58583756,0.42623191,0.21052288,0.08973157,0.36064156,0.57726934,0.33438583,0.19303069,0.30461459,0.46944795,0.41913973,0.19676428,0.35438748,0.49728693,0.37574282,0.186852,0.40272015,0.5231587,0.3866728,0.20229124
0b_baseline_last,file,19,baseline,8012,137.Cliff_Swallow/Cliff_Swallow_0071_133742.jpg,137,136,137.Cliff_Swallow,135,134,gaussian_blur,gaussian_blur,0,"{""sigma"":1.965295}",0.0038642036,0.1875698,0.18370559,0.99614328,0.82897127,0.0034061531,0.00095311645,0.99273713,0.82801815,-0.16471898,0.23580903,44.879307,0.81340457,36.505033,False,0.84554148,True,True,True,0.23580903,44.879307,0.81340457,36.505033,0.2218316,45.231822,0.78899328,35.687604,0.49744854,38.841057,0.19777915,7.6819511,0.48319175,39.644071,0.21052288,8.3459841,0.25408968,48.916117,0.33438583,16.356857,0.2028041,43.260724,0.41913973,18.132288,0.19537763,44.985464,0.37574282,16.902965,0.17661197,46.400802,0.3866728,17.941928
0b_baseline_last,file,19,baseline,8012,137.Cliff_Swallow/Cliff_Swallow_0071_133742.jpg,137,136,137.Cliff_Swallow,135,134,random_erasing,random_erasing,0,"{""area_fraction"":0.156079,""erased"":true,""height"":0.408008,""left"":0.377841,""top"":0.121837,""width"":0.38254}",0.0038642036,0.0090805413,0.0052163377,0.99614328,0.99096054,0.0034061531,0.0072199316,0.99273713,0.98374061,-0.0089965216,0.86508445,1.9630492,0.81340457,1.5967532,False,0.98215276,True,True,True,0.86508445,1.9630492,0.81340457,1.5967532,0.85772235,1.9613093,0.78899328,1.5474598,0.98061531,1.9905348,0.19777915,0.39368627,0.92213956,1.7481187,0.21052288,0.36801897,0.87675052,1.8930215,0.33438583,0.63299956,0.84430639,1.9256396,0.41913973,0.80711207,0.83956081,2.0750955,0.37574282,0.77970225,0.86406203,2.0017994,0.3866728,0.77404137
0b_baseline_last,file,19,baseline,11532,196.House_Wren/House_Wren_0094_187226.jpg,196,195,196.House_Wren,173,172,identity,identity,0,{},0.12545477,0.12545477,0,0.88209563,0.88209563,0.01337114,0.01337114,0.8687245,0.8687245,0,1,1,26.895242,26.895242,False,1,True,True,True,1,1,26.895242,26.895242,1,1,26.699969,26.699969,1,1,3.2350766,3.2350766,1,1,5.8079822,5.8079822,1,1,15.385688,15.385688,1,1,15.716005,15.716005,1,1,10.901359,10.901359,1,1,8.7523617,8.7523617
0b_baseline_last,file,19,baseline,11532,196.House_Wren/House_Wren_0094_187226.jpg,196,195,196.House_Wren,173,172,horizontal_flip,horizontal_flip,0,"{""flipped"":true}",0.12545477,0.089346401,-0.036108367,0.88209563,0.91452873,0.01337114,0.0091307675,0.8687245,0.90539796,0.036673465,0.65009773,0.71237473,26.895242,19.159491,False,0.95837706,True,True,True,0.65009773,0.71237473,26.895242,19.159491,0.64553002,0.71114322,26.699969,18.987502,0.93324459,0.79176477,3.2350766,2.5614197,0.46117033,0.84453486,5.8079822,4.9050434,0.59495333,0.65001897,15.385688,10.000989,0.70074194,0.73112497,15.716005,11.490364,0.64977957,0.73133272,10.901359,7.9725207,0.7071655,0.73030629,8.7523617,6.3919048
0b_baseline_last,file,19,baseline,11532,196.House_Wren/House_Wren_0094_187226.jpg,196,195,196.House_Wren,173,172,color_jitter,color_jitter,0,"{""brightness"":1.120859,""contrast"":1.107965,""hue"":0.046098,""saturation"":1.387175}",0.12545477,2.797883,2.6724283,0.88209563,0.060938932,0.01337114,0.34064865,0.8687245,-0.27970972,-1.1484342,0.74845889,6.9370812,26.895242,186.57448,False,0.85010666,False,True,False,0.74845889,6.9370812,26.895242,186.57448,0.74736654,6.9276946,26.699969,184.96923,0.81946045,7.5490384,3.2350766,24.421718,0.78039246,7.8596665,5.8079822,45.648802,0.7423791,6.9226754,15.385688,106.51012,0.79818805,6.9182277,15.716005,108.7269,0.72847892,6.8134229,10.901359,74.275572,0.61062532,6.7080322,8.7523617,58.711124
0b_baseline_last,file,19,baseline,11532,196.House_Wren/House_Wren_0094_187226.jpg,196,195,196.House_Wren,173,172,rotation,rotation,0,"{""angle"":5.384722}",0.12545477,0.21232957,0.086874798,0.88209563,0.80869812,0.01337114,0.013273281,0.8687245,0.79542484,-0.073299658,0.88110649,1.6492635,26.895242,44.35734,False,0.96828353,True,True,True,0.88110649,1.6492635,26.895242,44.35734,0.88002734,1.6500869,26.699969,44.057269,0.95784308,1.5921715,3.2350766,5.150797,0.90458122,1.7920304,5.8079822,10.408081,0.865281,1.6210419,15.385688,24.940844,0.90172976,1.6468551,15.716005,25.881983,0.87348208,1.6909852,10.901359,18.434037,0.85559893,1.619755,8.7523617,14.176681
0b_baseline_last,file,19,baseline,11532,196.House_Wren/House_Wren_0094_187226.jpg,196,195,196.House_Wren,173,172,random_resized_crop,random_resized_crop,0,"{""area_fraction"":0.542038,""aspect"":0.79764,""fallback"":false,""height"":0.824349,""left"":0.309499,""top"":0.028237,""width"":0.657534}",0.12545477,2.4368865,2.3114318,0.88209563,0.087432638,0.01337114,0.1159446,0.8687245,-0.028511964,-0.89723646,0.83230484,8.5742823,26.895242,230.6074,False,0.88272399,False,True,False,0.83230484,8.5742823,26.895242,230.6074,0.83198834,8.5948455,26.699969,229.48211,0.87523125,7.0334618,3.2350766,22.753788,0.89272943,11.605518,5.8079822,67.404644,0.86728202,8.923012,15.385688,137.28668,0.86377605,8.2254662,15.716005,129.27147,0.77018041,8.2766579,10.901359,90.226822,0.69420703,7.5951805,8.7523617,66.475767
0b_baseline_last,file,19,baseline,11532,196.House_Wren/House_Wren_0094_187226.jpg,196,195,196.House_Wren,173,172,gaussian_blur,gaussian_blur,0,"{""sigma"":1.011053}",0.12545477,0.95542383,0.82996906,0.88209563,0.3846491,0.01337114,0.010867699,0.8687245,0.3737814,-0.4949431,0.77300895,5.2480415,26.895242,141.14735,False,0.93282741,True,True,True,0.77300895,5.2480415,26.895242,141.14735,0.77106541,5.2482463,26.699969,140.12801,0.90575719,5.2340769,3.2350766,16.93264,0.7838535,7.1816996,5.8079822,41.711183,0.75859294,5.4007155,15.385688,83.093722,0.79674362,4.8408604,15.716005,76.078988,0.77328387,5.1673651,10.901359,56.331304,0.75477355,5.1481199,8.7523617,45.058208
0b_baseline_last,file,19,baseline,11532,196.House_Wren/House_Wren_0094_187226.jpg,196,195,196.House_Wren,173,172,random_erasing,random_erasing,0,"{""area_fraction"":0.072753,""erased"":true,""height"":0.201771,""left"":0.263365,""top"":0.560498,""width"":0.360573}",0.12545477,0.27614561,0.15069084,0.88209563,0.75870246,0.01337114,0.0069428771,0.8687245,0.75175958,-0.11696492,0.85566577,1.698978,26.895242,45.694425,False,0.92046034,True,True,True,0.85566577,1.698978,26.895242,45.694425,0.85496866,1.6954483,26.699969,45.268416,0.90425592,1.9242305,3.2350766,6.2250331,0.85632927,1.5782239,5.8079822,9.1662964,0.90331204,1.5600437,15.385688,24.002345,0.88683491,1.6699173,15.716005,26.24443,0.78509672,1.8295127,10.901359,19.944176,0.77324819,1.9873638,8.7523617,17.394127
0b_baseline_last,file,19,baseline,8107,139.Scarlet_Tanager/Scarlet_Tanager_0093_138250.jpg,139,138,139.Scarlet_Tanager,140,139,identity,identity,0,{},1.0057374,1.0057374,0,0.36577481,0.36577481,0.62937826,0.62937826,-0.26360345,-0.26360345,0,1,1,148.85665,148.85665,False,1,True,False,False,1,1,148.85665,148.85665,1,1,146.05742,146.05742,1,1,28.732068,28.732068,1,1,32.452631,32.452631,1,1,55.223426,55.223426,1,1,79.305362,79.305362,1,1,80.386491,80.386491,1,1,66.922647,66.922647
0b_baseline_last,file,19,baseline,8107,139.Scarlet_Tanager/Scarlet_Tanager_0093_138250.jpg,139,138,139.Scarlet_Tanager,140,139,horizontal_flip,horizontal_flip,0,"{""flipped"":true}",1.0057374,0.43021193,-0.57552549,0.36577481,0.65037125,0.62937826,0.34103382,-0.26360345,0.30933744,0.57294089,0.71743017,0.48867108,148.85665,72.741937,False,0.9821226,False,False,True,0.71743017,0.48867108,148.85665,72.741937,0.70664925,0.48761046,146.05742,71.219124,0.98209429,0.5153222,28.732068,14.806272,0.74499712,0.58854403,32.452631,19.099802,0.5756025,0.50431438,55.223426,27.849968,0.67039608,0.46158265,79.305362,36.605979,0.7121854,0.47955949,80.386491,38.550105,0.83154531,0.49685794,66.922647,33.251048
0b_baseline_last,file,19,baseline,8107,139.Scarlet_Tanager/Scarlet_Tanager_0093_138250.jpg,139,138,139.Scarlet_Tanager,140,139,color_jitter,color_jitter,0,"{""brightness"":0.771931,""contrast"":1.218561,""hue"":0.039807,""saturation"":0.826987}",1.0057374,1.3575265,0.35178912,0.36577481,0.25729644,0.62937826,0.46216717,-0.26360345,-0.20487073,0.058732718,0.72511926,0.81681897,148.85665,121.58893,False,0.90628296,True,False,False,0.72511926,0.81681897,148.85665,121.58893,0.71890145,0.81198013,146.05742,118.59572,0.87165395,0.93319933,28.732068,26.812747,0.6426363,0.99591624,32.452631,32.320102,0.6014129,0.8800979,55.223426,48.602022,0.74289243,0.76308674,79.305362,60.51687,0.7677742,0.77664328,80.386491,62.431628,0.73714326,0.83172853,66.922647,55.661474
0b_baseline_last,file,19,baseline,8107,139.Scarlet_Tanager/Scarlet_Tanager_0093_138250.jpg,139,138,139.Scarlet_Tanager,140,139,rotation,rotation,0,"{""angle"":2.324345}",1.0057374,1.5447478,0.53901041,0.36577481,0.21336567,0.62937826,0.7807287,-0.26360345,-0.56736302,-0.30375957,0.89236083,1.1851452,148.85665,176.41674,False,0.99438453,True,False,False,0.89236083,1.1851452,148.85665,176.41674,0.8883242,1.1840291,146.05742,172.93623,0.99438985,1.2136303,28.732068,34.870109,0.83292898,1.4582218,32.452631,47.323135,0.82437068,1.2423207,55.223426,68.605206,0.88692774,1.1439721,79.305362,90.723119,0.90599441,1.1724518,80.386491,94.249285,0.93602882,1.142615,66.922647,76.466823
0b_baseline_last,file,19,baseline,8107,139.Scarlet_Tanager/Scarlet_Tanager_0093_138250.jpg,139,138,139.Scarlet_Tanager,140,139,random_resized_crop,random_resized_crop,0,"{""area_fraction"":0.817806,""aspect"":1.114599,""fallback"":false,""height"":0.856576,""left"":0.002466,""top"":0.039059,""width"":0.954739}",1.0057374,1.7198664,0.71412897,0.36577481,0.17909007,0.62937826,0.81827259,-0.26360345,-0.63918252,-0.37557907,0.84272152,1.3645297,148.85665,203.11931,False,0.98609746,True,False,False,0.84272152,1.3645297,148.85665,203.11931,0.83761766,1.3678489,146.05742,199.78448,0.98610761,1.2757634,28.732068,36.65532,0.82789343,1.7033036,32.452631,55.276685,0.77080213,1.3741293,55.223426,75.884128,0.83338863,1.3170897,79.305362,104.45227,0.84882946,1.3758821,80.386491,110.60234,0.88383158,1.3328933,66.922647,89.200747
0b_baseline_last,file,19,baseline,8107,139.Scarlet_Tanager/Scarlet_Tanager_0093_138250.jpg,139,138,139.Scarlet_Tanager,140,139,gaussian_blur,gaussian_blur,0,"{""sigma"":1.718738}",1.0057374,2.3471975,1.3414601,0.36577481,0.0956368,0.62937826,0.79754663,-0.26360345,-0.70190983,-0.43830638,0.68195346,1.1435692,148.85665,170.22787,False,0.87800002,True,False,False,0.68195346,1.1435692,148.85665,170.22787,0.674436,1.143625,146.05742,167.03492,0.87646951,1.1421256,28.732068,32.815632,0.62183012,1.6163792,32.452631,52.455759,0.62221212,1.2615545,55.223426,69.667359,0.70629367,1.0786905,79.305362,85.545937,0.66905212,1.056462,80.386491,84.925274,0.71682901,1.1345681,66.922647,75.928298
0b_baseline_last,file,19,baseline,8107,139.Scarlet_Tanager/Scarlet_Tanager_0093_138250.jpg,139,138,139.Scarlet_Tanager,140,139,random_erasing,random_erasing,0,"{""area_fraction"":0.113187,""erased"":true,""height"":0.217694,""left"":0.143781,""top"":0.194961,""width"":0.519936}",1.0057374,0.52961856,-0.47611886,0.36577481,0.58882952,0.62937826,0.34608588,-0.26360345,0.24274364,0.50634709,0.72732221,0.4557667,148.85665,67.843903,False,0.92043364,False,False,True,0.72732221,0.4557667,148.85665,67.843903,0.71906481,0.45175668,146.05742,65.982414,0.91612115,0.54933099,28.732068,15.783415,0.68354067,0.46298182,32.452631,15.024978,0.64211873,0.39910253,55.223426,22.039809,0.75102501,0.42033702,79.305362,33.334979,0.7169003,0.43398775,80.386491,34.886752,0.74987666,0.54163036,66.922647,36.247337
0b_baseline_last,file,19,baseline,7871,135.Bank_Swallow/Bank_Swallow_0068_129806.jpg,135,134,135.Bank_Swallow,137,136,identity,identity,0,{},0.8183378,0.8183378,0,0.44116437,0.44116437,0.38602057,0.38602057,0.055143803,0.055143803,0,1,1,66.780818,66.780818,False,1,True,True,True,1,1,66.780818,66.780818,1,1,63.526016,63.526016,1,1,20.594246,20.594246,1,1,11.888548,11.888548,1,1,22.95923,22.95923,1,1,28.957079,28.957079,1,1,32.395737,32.395737,1,1,38.459001,38.459001
0b_baseline_last,file,19,baseline,7871,135.Bank_Swallow/Bank_Swallow_0068_129806.jpg,135,134,135.Bank_Swallow,137,136,horizontal_flip,horizontal_flip,0,"{""flipped"":true}",0.8183378,0.69574851,-0.12258929,0.44116437,0.49870104,0.38602057,0.33763289,0.055143803,0.16106814,0.10592434,0.59217332,0.96119367,66.780818,64.1893,False,0.96908581,True,True,True,0.59217332,0.96119367,66.780818,64.1893,0.55375307,0.96360316,63.526016,61.21387,0.9679351,0.93795764,20.594246,19.31653,0.4855333,0.94165763,11.888548,11.194942,0.31024827,1.176344,22.95923,27.007952,0.49339352,1.0102057,28.957079,29.252606,0.56424067,0.91282793,32.395737,29.571733,0.71534393,0.88641802,38.459001,34.090752
0b_baseline_last,file,19,baseline,7871,135.Bank_Swallow/Bank_Swallow_0068_129806.jpg,135,134,135.Bank_Swallow,137,136,color_jitter,color_jitter,0,"{""brightness"":0.890841,""contrast"":1.277662,""hue"":-0.059988,""saturation"":1.209037}",0.8183378,2.4269786,1.6086408,0.44116437,0.088303231,0.38602057,0.59457946,0.055143803,-0.50627623,-0.56142003,0.59543491,1.5828696,66.780818,105.70533,False,0.90323371,False,True,False,0.59543491,1.5828696,66.780818,105.70533,0.56680587,1.5969391,63.526016,101.44718,0.8999088,1.4421475,20.594246,29.699941,0.15485186,1.4249824,11.888548,16.940971,0.3695771,1.7800227,22.95923,40.867951,0.51345994,1.9207301,28.957079,55.618732,0.63343349,1.5084855,32.395737,48.868499,0.7034919,1.3887862,38.459001,53.411331
0b_baseline_last,file,19,baseline,7871,135.Bank_Swallow/Bank_Swallow_0068_129806.jpg,135,134,135.Bank_Swallow,137,136,rotation,rotation,0,"{""angle"":3.737606}",0.8183378,1.254596,0.4362582,0.44116437,0.28519109,0.38602057,0.35205382,0.055143803,-0.066862732,-0.12200654,0.7276895,1.2669235,66.780818,84.606185,False,0.94729304,False,True,False,0.7276895,1.2669235,66.780818,84.606185,0.7095767,1.2822771,63.526016,81.457955,0.93366421,1.1102614,20.594246,22.864997,0.73332652,1.1456813,11.888548,13.620487,0.53753553,1.4863687,22.95923,34.12588,0.66730956,1.3357988,28.957079,38.68083,0.72533546,1.2361974,32.395737,40.047526,0.80288687,1.2155056,38.459001,46.74713
0b_baseline_last,file,19,baseline,7871,135.Bank_Swallow/Bank_Swallow_0068_129806.jpg,135,134,135.Bank_Swallow,137,136,random_resized_crop,random_resized_crop,0,"{""area_fraction"":0.799226,""aspect"":1.107606,""fallback"":false,""height"":0.849459,""left"":0.026875,""top"":0.124362,""width"":0.940865}",0.8183378,1.1742706,0.35593283,0.44116437,0.3090443,0.38602057,0.36104909,0.055143803,-0.052004784,-0.10714859,0.72483681,1.2982918,66.780818,86.700992,False,0.97679329,False,True,False,0.72483681,1.2982918,66.780818,86.700992,0.70258069,1.3065643,63.526016,83.000823,0.9539073,1.2167689,20.594246,25.058438,0.69568662,1.3429821,11.888548,15.966107,0.51257238,1.2723947,22.95923,29.213202,0.63908204,1.3592657,28.957079,39.360362,0.7165423,1.34342,32.395737,43.521082,0.80134162,1.2571194,38.459001,48.347556
0b_baseline_last,file,19,baseline,7871,135.Bank_Swallow/Bank_Swallow_0068_129806.jpg,135,134,135.Bank_Swallow,137,136,gaussian_blur,gaussian_blur,0,"{""sigma"":1.930959}",0.8183378,3.3908377,2.5724999,0.44116437,0.033680454,0.38602057,0.34137151,0.055143803,-0.30769105,-0.36283486,0.35378006,2.3430006,66.780818,156.4675,False,0.87139153,False,True,False,0.35378006,2.3430006,66.780818,156.4675,0.32744235,2.4155219,63.526016,153.44848,0.80127899,1.4852812,20.594246,30.588246,0.51677991,3.0953893,11.888548,36.799684,0.20751876,3.2566489,22.95923,74.77015,0.21406321,2.7892658,28.957079,80.768989,0.33397425,2.2392037,32.395737,72.540653,0.49610705,1.804427,38.459001,69.39646
0b_baseline_last,file,19,baseline,7871,135.Bank_Swallow/Bank_Swallow_0068_129806.jpg,135,134,135.Bank_Swallow,137,136,random_erasing,random_erasing,0,"{""area_fraction"":0.0939,""erased"":true,""height"":0.318172,""left"":0.425118,""top"":0.362283,""width"":0.295123}",0.8183378,2.8002143,1.9818765,0.44116437,0.060797047,0.38602057,0.027277756,0.055143803,0.03351929,-0.021624513,0.37722373,1.9872892,66.780818,132.7128,False,0.81980938,False,True,False,0.37722373,1.9872892,66.780818,132.7128,0.36075185,2.0394885,63.526016,129.56058,0.63168661,1.396174,20.594246,28.753151,-0.044250846,1.8307061,11.888548,21.764438,0.24310406,2.3634376,22.95923,54.262709,0.43725109,2.159093,28.957079,62.521026,0.34689443,1.9503858,32.395737,63.184184,0.4135932,1.9224908,38.459001,73.937074
0b_baseline_last,file,19,baseline,1027,019.Gray_Catbird/Gray_Catbird_0063_20707.jpg,19,18,019.Gray_Catbird,155,154,identity,identity,0,{},0.061477516,0.061477516,0,0.94037408,0.94037408,0.025866471,0.025866471,0.91450761,0.91450761,0,1,1,8.5382688,8.5382688,False,0.99999988,True,True,True,1,1,8.5382688,8.5382688,1,1,8.3286032,8.3286032,1,1,1.8805325,1.8805325,1,1,1.7277831,1.7277831,1,1,3.8138248,3.8138248,1,1,4.5439273,4.5439273,1,1,3.8475584,3.8475584,1,1,4.0477349,4.0477349
0b_baseline_last,file,19,baseline,1027,019.Gray_Catbird/Gray_Catbird_0063_20707.jpg,19,18,019.Gray_Catbird,155,154,horizontal_flip,horizontal_flip,0,"{""flipped"":true}",0.061477516,0.12619047,0.064712953,0.94037408,0.88144696,0.025866471,0.09012451,0.91450761,0.79132245,-0.12318516,0.62125041,2.4822391,8.5382688,21.194024,False,0.95753717,True,True,True,0.62125041,2.4822391,8.5382688,21.194024,0.60787723,2.4966506,8.3286032,20.793612,0.92707297,2.1803874,1.8805325,4.1002893,0.38631002,1.8182264,1.7277831,3.1415008,0.6106741,2.8248662,3.8138248,10.773545,0.64173622,2.570706,4.5439273,11.681101,0.56235596,2.4313591,3.8475584,9.3547961,0.64694621,2.2436281,4.0477349,9.0816119
0b_baseline_last,file,19,baseline,1027,019.Gray_Catbird/Gray_Catbird_0063_20707.jpg,19,18,019.Gray_Catbird,155,154,color_jitter,color_jitter,0,"{""brightness"":1.305002,""contrast"":1.175956,""hue"":0.017035,""saturation"":0.843525}",0.061477516,0.14138433,0.079906818,0.94037408,0.8681556,0.025866471,0.03905018,0.91450761,0.82910542,-0.085402187,0.80909478,2.0533963,8.5382688,17.53245,False,0.98175514,True,True,True,0.80909478,2.0533963,8.5382688,17.53245,0.8012156,2.048699,8.3286032,17.062801,0.95759615,2.1434526,1.8805325,4.0308323,0.60573866,2.1370854,1.7277831,3.69242,0.76063447,1.8925161,3.8138248,7.2177249,0.80325582,1.9579603,4.5439273,8.8968294,0.80491767,2.1768035,3.8475584,8.3753785,0.86786246,2.155293,4.0477349,8.7240549
0b_baseline_last,file,19,baseline,1027,019.Gray_Catbird/Gray_Catbird_0063_20707.jpg,19,18,019.Gray_Catbird,155,154,rotation,rotation,0,"{""angle"":12.463057}",0.061477516,0.06199092,0.00051340461,0.94037408,0.9398914,0.025866471,0.0476522,0.91450761,0.8922392,-0.022268407,0.74665968,1.3205385,8.5382688,11.275113,False,0.96016568,True,True,True,0.74665968,1.3205385,8.5382688,11.275113,0.73818659,1.3239993,8.3286032,11.027065,0.92374952,1.2507208,1.8805325,2.3520211,0.3982653,1.1350377,1.7277831,1.961099,0.74875789,1.4367194,3.8138248,5.4793959,0.79184783,1.3227497,4.5439273,6.0104782,0.71196948,1.3287187,3.8475584,5.1123227,0.74257478,1.2466885,4.0477349,5.0462645
0b_baseline_last,file,19,baseline,1027,019.Gray_Catbird/Gray_Catbird_0063_20707.jpg,19,18,019.Gray_Catbird,155,154,random_resized_crop,random_resized_crop,0,"{""area_fraction"":0.840097,""aspect"":0.882826,""fallback"":false,""height"":0.9755,""left"":0.106449,""top"":0.007527,""width"":0.861197}",0.061477516,0.090031467,0.028553952,0.94037408,0.9139024,0.025866471,0.05815953,0.91450761,0.85574287,-0.058764733,0.84965615,1.7585822,8.5382688,15.015248,False,0.98210967,True,True,True,0.84965615,1.7585822,8.5382688,15.015248,0.84476612,1.7677276,8.3286032,14.722702,0.96357937,1.5684539,1.8805325,2.9495286,0.81278093,1.4961812,1.7277831,2.5850766,0.81639623,1.8558785,3.8138248,7.0779955,0.87889409,1.8692053,4.5439273,8.4935327,0.82915757,1.7607288,3.8475584,6.7745069,0.85388739,1.5999966,4.0477349,6.476362
0b_baseline_last,file,19,baseline,1027,019.Gray_Catbird/Gray_Catbird_0063_20707.jpg,19,18,019.Gray_Catbird,155,154,gaussian_blur,gaussian_blur,0,"{""sigma"":1.85659}",0.061477516,1.8907007,1.8292232,0.94037408,0.15096599,0.025866471,0.58750075,0.91450761,-0.43653476,-1.3510424,0.54642414,16.169645,8.5382688,138.06078,False,0.88747865,False,True,False,0.54642414,16.169645,8.5382688,138.06078,0.5326228,16.27233,8.3286032,135.52578,0.86688842,14.004092,1.8805325,26.335151,0.62548634,15.7668,1.7277831,27.24161,0.43502177,18.305266,3.8138248,69.813077,0.50710239,15.208716,4.5439273,69.107299,0.5745859,16.954681,3.8475584,65.234124,0.61759464,15.068045,4.0477349,60.99145
0b_baseline_last,file,19,baseline,1027,019.Gray_Catbird/Gray_Catbird_0063_20707.jpg,19,18,019.Gray_Catbird,155,154,random_erasing,random_erasing,0,"{""area_fraction"":0.096626,""erased"":true,""height"":0.234399,""left"":0.105407,""top"":0.20484,""width"":0.412227}",0.061477516,0.28252947,0.22105196,0.94037408,0.75387442,0.025866471,0.099536151,0.91450761,0.65433827,-0.26016933,0.86950933,4.2758548,8.5382688,36.508398,False,0.96275818,True,True,True,0.86950933,4.2758548,8.5382688,36.508398,0.86535967,4.291049,8.3286032,35.738445,0.9601497,3.966072,1.8805325,7.4583273,0.87712931,4.341707,1.7277831,7.501528,0.90155274,4.3518948,3.8138248,16.597364,0.890257,4.3331833,4.5439273,19.68967,0.83061144,4.3656971,3.8475584,16.797274,0.83042211,4.1017996,4.0477349,16.602997
0b_baseline_last,file,19,baseline,3069,053.Western_Grebe/Western_Grebe_0061_36181.jpg,53,52,053.Western_Grebe,51,50,identity,identity,0,{},0.0007784912,0.0007784912,0,0.9992218,0.9992218,0.00011451993,0.00011451993,0.99910728,0.99910728,0,1,1,0.11214921,0.11214921,False,1,True,True,True,1,1,0.11214921,0.11214921,1,1,0.10922663,0.10922663,1,1,0.025435959,0.025435959,1,1,0.023131933,0.023131933,1,1,0.034628886,0.034628886,1,1,0.050289585,0.050289585,1,1,0.057039083,0.057039083,1,1,0.06643577,0.06643577
0b_baseline_last,file,19,baseline,3069,053.Western_Grebe/Western_Grebe_0061_36181.jpg,53,52,053.Western_Grebe,51,50,horizontal_flip,horizontal_flip,0,"{""flipped"":true}",0.0007784912,0.0013923484,0.00061385724,0.9992218,0.99860865,0.00011451993,0.0004415256,0.99910728,0.99816712,-0.00094015864,0.62834536,1.8114277,0.11214921,0.20315019,False,0.97715461,True,True,True,0.62834536,1.8114277,0.11214921,0.20315019,0.61076179,1.8127632,0.10922663,0.19800202,0.95739323,1.786623,0.025435959,0.045444471,0.53027026,1.7513159,0.023131933,0.040511322,0.55273256,1.8286778,0.034628886,0.063325074,0.5396801,1.7441307,0.050289585,0.087711609,0.53178607,1.8551445,0.057039083,0.10581574,0.73461068,1.8226926,0.06643577,0.12109198
0b_baseline_last,file,19,baseline,3069,053.Western_Grebe/Western_Grebe_0061_36181.jpg,53,52,053.Western_Grebe,51,50,color_jitter,color_jitter,0,"{""brightness"":0.74308,""contrast"":1.24021,""hue"":0.042501,""saturation"":0.958637}",0.0007784912,0.0011625682,0.00038407702,0.9992218,0.99883813,0.00011451993,3.0729767e-05,0.99910728,0.9988074,-0.00029988493,0.717464,1.4484956,0.11214921,0.16244763,False,0.97570848,True,True,True,0.717464,1.4484956,0.11214921,0.16244763,0.70462619,1.4488882,0.10922663,0.15825718,0.95545947,1.4412364,0.025435959,0.03665923,0.36846633,1.2451383,0.023131933,0.028802456,0.57676366,1.6849398,0.034628886,0.058347587,0.62355703,1.3604205,0.050289585,0.068414982,0.69967518,1.4963225,0.057039083,0.085348863,0.83501796,1.4157228,0.06643577,0.094054634
0b_baseline_last,file,19,baseline,3069,053.Western_Grebe/Western_Grebe_0061_36181.jpg,53,52,053.Western_Grebe,51,50,rotation,rotation,0,"{""angle"":13.504198}",0.0007784912,0.014024398,0.013245907,0.9992218,0.98607349,0.00011451993,0.00033187211,0.99910728,0.98574162,-0.01336566,0.68595241,17.493299,0.11214921,1.9618596,False,0.94584674,True,True,True,0.68595241,17.493299,0.11214921,1.9618596,0.67517258,17.618127,0.10922663,1.9243686,0.92778167,15.006501,0.025435959,0.38170476,0.70255967,19.579441,0.023131933,0.45291032,0.53033937,17.969219,0.034628886,0.62225405,0.65217516,17.250923,0.050289585,0.86754177,0.64967676,18.164732,0.057039083,1.0360997,0.74738426,17.061017,0.06643577,1.1334618
0b_baseline_last,file,19,baseline,3069,053.Western_Grebe/Western_Grebe_0061_36181.jpg,53,52,053.Western_Grebe,51,50,random_resized_crop,random_resized_crop,0,"{""area_fraction"":0.840601,""aspect"":0.859601,""fallback"":false,""height"":0.988886,""left"":0.082513,""top"":0.010804,""width"":0.850048}",0.0007784912,0.0023732611,0.0015947699,0.9992218,0.99762952,0.00011451993,0.00015036928,0.99910728,0.99747915,-0.0016281278,0.80814643,3.1838866,0.11214921,0.35707036,False,0.9859519,True,True,True,0.80814643,3.1838866,0.11214921,0.35707036,0.80096302,3.2088983,0.10922663,0.35049715,0.97918919,2.6811717,0.025435959,0.068198174,0.63398857,3.02789,0.023131933,0.070040949,0.71947923,3.660159,0.034628886,0.12674723,0.73355875,3.130011,0.050289585,0.15740695,0.79501508,3.2771945,0.057039083,0.18692817,0.89402021,3.0905869,0.06643577,0.20532552
0b_baseline_last,file,19,baseline,3069,053.Western_Grebe/Western_Grebe_0061_36181.jpg,53,52,053.Western_Grebe,51,50,gaussian_blur,gaussian_blur,0,"{""sigma"":1.31479}",0.0007784912,0.0030963118,0.0023178206,0.9992218,0.99690849,0.00011451993,2.8792616e-05,0.99910728,0.99687969,-0.0022275885,0.68958579,4.1497744,0.11214921,0.46539391,False,0.94295216,True,True,True,0.68958579,4.1497744,0.11214921,0.46539391,0.67902686,4.1752961,0.10922663,0.45605353,0.91850556,3.6472834,0.025435959,0.092772154,0.79030106,5.3561845,0.023131933,0.1238989,0.51523202,4.751785,0.034628886,0.16454902,0.55190078,3.8376964,0.050289585,0.19299616,0.67200919,4.2086013,0.057039083,0.24005476,0.79633295,4.001821,0.06643577,0.26586406
0b_baseline_last,file,19,baseline,3069,053.Western_Grebe/Western_Grebe_0061_36181.jpg,53,52,053.Western_Grebe,51,50,random_erasing,random_erasing,0,"{""area_fraction"":0.105371,""erased"":true,""height"":0.463516,""left"":0.767236,""top"":0.151111,""width"":0.227329}",0.0007784912,0.0018433023,0.0010648111,0.9992218,0.9981584,0.00011451993,0.00037498356,0.99910728,0.99778341,-0.0013238701,0.9078182,2.4272647,0.11214921,0.27221582,False,0.98308468,True,True,True,0.9078182,2.4272647,0.11214921,0.27221582,0.90433822,2.4325026,0.10922663,0.26569407,0.97567627,2.3285674,0.025435959,0.059229345,0.92175889,2.7471842,0.023131933,0.063547683,0.87995099,2.5503332,0.034628886,0.088315197,0.91393503,2.4040669,0.050289585,0.12089952,0.89930753,2.4868782,0.057039083,0.14184925,0.90964231,2.3327188,0.06643577,0.15497597
0b_baseline_last,file,19,baseline,9721,166.Golden_winged_Warbler/Golden_Winged_Warbler_0030_164462.jpg,166,165,166.Golden_winged_Warbler,165,164,identity,identity,0,{},0.4427532,0.4427532,0,0.64226574,0.64226574,0.091012105,0.091012105,0.55125363,0.55125363,0,1,1,46.935257,46.935257,False,0.99999988,True,True,True,1,1,46.935257,46.935257,1,1,45.931849,45.931849,1,1,9.6531627,9.6531627,1,1,8.8332288,8.8332288,1,1,15.173217,15.173217,1,1,22.196916,22.196916,1,1,24.401045,24.401045,1,1,26.708955,26.708955
0b_baseline_last,file,19,baseline,9721,166.Golden_winged_Warbler/Golden_Winged_Warbler_0030_164462.jpg,166,165,166.Golden_winged_Warbler,165,164,horizontal_flip,horizontal_flip,0,"{""flipped"":true}",0.4427532,0.39186811,-0.050885081,0.64226574,0.67579323,0.091012105,0.043163985,0.55125363,0.63262925,0.081375614,0.62529857,0.99361025,46.935257,46.635352,False,0.96044838,True,True,True,0.62529857,0.99361025,46.935257,46.635352,0.61413585,1.0008346,45.931849,45.970184,0.94947828,0.81304522,9.6531627,7.8484577,0.3645504,0.74115434,8.8332288,6.5467859,0.42689758,0.98298083,15.173217,14.914982,0.56242076,0.95819098,22.196916,21.268885,0.60807792,1.0715815,24.401045,26.147707,0.73750283,0.9989512,26.708955,26.680942
0b_baseline_last,file,19,baseline,9721,166.Golden_winged_Warbler/Golden_Winged_Warbler_0030_164462.jpg,166,165,166.Golden_winged_Warbler,165,164,color_jitter,color_jitter,0,"{""brightness"":0.812608,""contrast"":0.696022,""hue"":0.044761,""saturation"":1.187721}",0.4427532,1.5283319,1.0855787,0.64226574,0.2168972,0.091012105,0.30233732,0.55125363,-0.085440114,-0.63669375,0.67419449,2.4704466,46.935257,115.95104,False,0.92832035,False,True,False,0.67419449,2.4704466,46.935257,115.95104,0.66563948,2.481231,45.931849,113.96753,0.89570917,2.212256,9.6531627,21.355267,0.52767937,2.872442,8.8332288,25.372937,0.51357692,3.1840379,15.173217,48.312099,0.69554578,2.5891084,22.196916,57.470223,0.68102544,2.3824191,24.401045,58.133515,0.73747368,2.160042,26.708955,57.692463
0b_baseline_last,file,19,baseline,9721,166.Golden_winged_Warbler/Golden_Winged_Warbler_0030_164462.jpg,166,165,166.Golden_winged_Warbler,165,164,rotation,rotation,0,"{""angle"":1.399548}",0.4427532,0.43620101,-0.0065521896,0.64226574,0.64648777,0.091012105,0.086479142,0.55125363,0.56000863,0.0087549984,0.87336239,1.0469771,46.935257,49.140139,False,0.98995459,True,True,True,0.87336239,1.0469771,46.935257,49.140139,0.86854566,1.048841,45.931849,48.175205,0.9881089,1.0038524,9.6531627,9.6903509,0.83227278,1.1284906,8.8332288,9.9682161,0.71653749,0.91978281,15.173217,13.956064,0.8391454,1.0431912,22.196916,23.155628,0.87976168,1.0905732,24.401045,26.611126,0.92936998,1.0472527,26.708955,27.971024
0b_baseline_last,file,19,baseline,9721,166.Golden_winged_Warbler/Golden_Winged_Warbler_0030_164462.jpg,166,165,166.Golden_winged_Warbler,165,164,random_resized_crop,random_resized_crop,0,"{""area_fraction"":0.649676,""aspect"":1.106036,""fallback"":false,""height"":0.766415,""left"":0.09087,""top"":0.193882,""width"":0.847682}",0.4427532,0.05165815,-0.39109505,0.64226574,0.94965345,0.091012105,0.032027703,0.55125363,0.91762574,0.36637211,0.54705169,0.17636645,46.935257,8.2778047,False,0.94393969,True,True,True,0.54705169,0.17636645,46.935257,8.2778047,0.53301335,0.17665372,45.931849,8.1140319,0.87826827,0.1697325,9.6531627,1.6384554,0.37816614,0.16776523,8.8332288,1.4819087,0.18514533,0.20957407,15.173217,3.1799129,0.5033187,0.19796655,22.196916,4.394247,0.55097905,0.16360071,24.401045,3.9920281,0.71802227,0.160095,26.708955,4.27597
0b_baseline_last,file,19,baseline,9721,166.Golden_winged_Warbler/Golden_Winged_Warbler_0030_164462.jpg,166,165,166.Golden_winged_Warbler,165,164,gaussian_blur,gaussian_blur,0,"{""sigma"":1.441545}",0.4427532,1.0953332,0.65258002,0.64226574,0.33442816,0.091012105,0.14730619,0.55125363,0.18712197,-0.36413166,0.48207985,2.2502028,46.935257,105.61385,False,0.85286188,True,True,True,0.48207985,2.2502028,46.935257,105.61385,0.47137636,2.2720217,45.931849,104.35816,0.83064033,1.6821004,9.6531627,16.237589,0.66326726,2.6901562,8.8332288,23.762765,0.21882896,2.7298576,15.173217,41.420722,0.41994663,2.6294332,22.196916,58.365308,0.44790656,2.2145368,24.401045,54.037011,0.66443761,1.7892437,26.708955,47.78883
0b_baseline_last,file,19,baseline,9721,166.Golden_winged_Warbler/Golden_Winged_Warbler_0030_164462.jpg,166,165,166.Golden_winged_Warbler,165,164,random_erasing,random_erasing,0,"{""area_fraction"":0.124008,""erased"":true,""height"":0.314537,""left"":0.000713,""top"":0.549427,""width"":0.394257}",0.4427532,0.20620973,-0.23654346,0.64226574,0.81366241,0.091012105,0.018200578,0.55125363,0.79546183,0.2442082,0.80379771,0.61827097,46.935257,29.018707,False,0.98014545,True,True,True,0.80379771,0.61827097,46.935257,29.018707,0.79839053,0.61820737,45.931849,28.395408,0.92592528,0.61970919,9.6531627,5.9821536,0.86120528,0.60765658,8.8332288,5.3675697,0.76579605,0.63725264,15.173217,9.6691726,0.76301065,0.58680198,22.196916,13.025195,0.78581972,0.62767857,24.401045,15.316013,0.83682123,0.62623245,26.708955,16.726014
0b_baseline_last,file,19,baseline,9988,170.Mourning_Warbler/Mourning_Warbler_0051_795352.jpg,170,169,170.Mourning_Warbler,98,97,identity,identity,0,{},0.47944105,0.47944105,0,0.61912936,0.61912936,0.16090211,0.16090211,0.45822725,0.45822725,0,1,1,56.072832,56.072832,False,1,True,True,True,1,1,56.072832,56.072832,1,1,55.015774,55.015774,1,1,10.83638,10.83638,1,1,10.461115,10.461115,1,1,23.616064,23.616064,1,1,27.40974,27.40974,1,1,28.555292,28.555292,1,1,28.158186,28.158186
0b_baseline_last,file,19,baseline,9988,170.Mourning_Warbler/Mourning_Warbler_0051_795352.jpg,170,169,170.Mourning_Warbler,98,97,horizontal_flip,horizontal_flip,0,"{""flipped"":true}",0.47944105,0.34515998,-0.13428107,0.61912936,0.70810705,0.16090211,0.033601828,0.45822725,0.67450523,0.21627798,0.62082823,0.82374973,56.072832,46.189981,False,0.94764733,True,True,True,0.62082823,0.82374973,56.072832,46.189981,0.61332626,0.83068626,55.015774,45.700848,0.90682703,0.61867905,10.83638,6.704241,0.6311439,0.8918848,10.461115,9.3301091,0.59400905,0.92007776,23.616064,21.728616,0.60494958,0.90716706,27.40974,24.865213,0.55527003,0.74439783,28.555292,21.256498,0.70645908,0.76107525,28.158186,21.430498
0b_baseline_last,file,19,baseline,9988,170.Mourning_Warbler/Mourning_Warbler_0051_795352.jpg,170,169,170.Mourning_Warbler,98,97,color_jitter,color_jitter,0,"{""brightness"":0.842256,""contrast"":1.374721,""hue"":0.088415,""saturation"":0.890968}",0.47944105,4.9917703,4.5123292,0.61912936,0.0067936275,0.16090211,0.0011109388,0.45822725,0.0056826887,-0.45254456,0.48844929,2.5416517,56.072832,142.51761,False,0.73114157,False,True,False,0.48844929,2.5416517,56.072832,142.51761,0.48346164,2.5556419,55.015774,140.60062,0.64835965,2.149859,10.83638,23.296688,0.3945428,2.3029662,10.461115,24.091594,0.61970444,3.070646,23.616064,72.516574,0.46412065,2.6679781,27.40974,73.128586,0.42207921,2.3069912,28.555292,65.876809,0.46604318,2.3130081,28.158186,65.130111
0b_baseline_last,file,19,baseline,9988,170.Mourning_Warbler/Mourning_Warbler_0051_795352.jpg,170,169,170.Mourning_Warbler,98,97,rotation,rotation,0,"{""angle"":11.115744}",0.47944105,0.24148597,-0.23795508,0.61912936,0.78545982,0.16090211,0.05431563,0.45822725,0.73114419,0.27291694,0.79004576,0.62040762,56.072832,34.788012,False,0.96948862,True,True,True,0.79004576,0.62040762,56.072832,34.788012,0.78483943,0.62355066,55.015774,34.305122,0.956451,0.53303705,10.83638,5.7761919,0.81335598,0.64158982,10.461115,6.7117446,0.79744354,0.63493373,23.616064,14.994636,0.77363401,0.65645897,27.40974,17.99337,0.75711942,0.61725866,28.555292,17.626001,0.8156176,0.58626308,28.158186,16.508105
0b_baseline_last,file,19,baseline,9988,170.Mourning_Warbler/Mourning_Warbler_0051_795352.jpg,170,169,170.Mourning_Warbler,98,97,random_resized_crop,random_resized_crop,0,"{""area_fraction"":0.733923,""aspect"":0.997539,""fallback"":false,""height"":0.857749,""left"":0.035984,""top"":0.117932,""width"":0.855638}",0.47944105,1.2396418,0.76020074,0.61912936,0.2894879,0.16090211,0.058493454,0.45822725,0.23099444,-0.2272328,0.67592501,1.8315996,56.072832,102.70298,False,0.92323768,True,True,True,0.67592501,1.8315996,56.072832,102.70298,0.66935435,1.8349996,55.015774,100.95392,0.85524965,1.7416753,10.83638,18.873455,0.81558219,2.0865827,10.461115,21.82798,0.6703864,1.911803,23.616064,45.149262,0.66207489,1.9259596,27.40974,52.790052,0.63230408,1.6766141,28.555292,47.876207,0.6927043,1.8101015,28.158186,50.969174
0b_baseline_last,file,19,baseline,9988,170.Mourning_Warbler/Mourning_Warbler_0051_795352.jpg,170,169,170.Mourning_Warbler,98,97,gaussian_blur,gaussian_blur,0,"{""sigma"":1.20633}",0.47944105,0.075999215,-0.40344183,0.61912936,0.92681694,0.16090211,0.027833579,0.45822725,0.89898336,0.44075611,0.70972576,0.25034876,56.072832,14.037764,False,0.93924022,True,True,True,0.70972576,0.25034876,56.072832,14.037764,0.70175728,0.25094106,55.015774,13.805717,0.93101461,0.23456623,10.83638,2.5418487,0.5033658,0.26879245,10.461115,2.8118687,0.60243137,0.28188228,23.616064,6.6569501,0.7392328,0.27654222,27.40974,7.5799502,0.70082472,0.22566915,28.555292,6.4440485,0.79749343,0.22290248,28.158186,6.2765295
0b_baseline_last,file,19,baseline,9988,170.Mourning_Warbler/Mourning_Warbler_0051_795352.jpg,170,169,170.Mourning_Warbler,98,97,random_erasing,random_erasing,0,"{""area_fraction"":0.1401,""erased"":true,""height"":0.267286,""left"":0.362757,""top"":0.024159,""width"":0.524156}",0.47944105,3.9299293,3.4504882,0.61912936,0.019645061,0.16090211,0.0011948776,0.45822725,0.018450184,-0.43977706,0.40436772,2.7475797,56.072832,154.06458,False,0.83119726,False,True,False,0.40436772,2.7475797,56.072832,154.06458,0.39461451,2.7449693,55.015774,151.01661,0.64971149,2.8140296,10.83638,30.493893,0.52683777,2.8096704,10.461115,29.392284,0.42332986,2.6470705,23.616064,62.513387,0.41263241,2.8815014,27.40974,78.981205,0.31500751,2.6130588,28.555292,74.616659,0.41720316,2.8027697,28.158186,78.920911
0b_baseline_last,file,19,baseline,5099,088.Western_Meadowlark/Western_Meadowlark_0098_78382.jpg,88,87,088.Western_Meadowlark,194,193,identity,identity,0,{},0.010017478,0.010017478,0,0.99003255,0.99003255,0.0049202307,0.0049202307,0.98511232,0.98511232,0,1,1,1.5899797,1.5899797,False,1,True,True,True,1,1,1.5899797,1.5899797,1,1,1.5505599,1.5505599,1,1,0.3518515,0.3518515,1,1,0.19433168,0.19433168,1,1,0.45213509,0.45213509,1,1,0.70552097,0.70552097,1,1,0.83769059,0.83769059,1,1,0.98110128,0.98110128
0b_baseline_last,file,19,baseline,5099,088.Western_Meadowlark/Western_Meadowlark_0098_78382.jpg,88,87,088.Western_Meadowlark,194,193,horizontal_flip,horizontal_flip,0,"{""flipped"":true}",0.010017478,0.0021294316,-0.0078880463,0.99003255,0.99787283,0.0049202307,0.00021854571,0.98511232,0.99765428,0.012541961,0.50025528,0.21069077,1.5899797,0.33499405,False,0.94991457,True,True,True,0.50025528,0.21069077,1.5899797,0.33499405,0.48306934,0.21145422,1.5505599,0.32787244,0.86318334,0.19527323,0.3518515,0.06870718,0.26526482,0.23666796,0.19433168,0.045992084,0.20162897,0.24897926,0.45213509,0.11257226,0.20009104,0.21000695,0.70552097,0.14816431,0.52065856,0.20969773,0.83769059,0.17566181,0.69098843,0.20360476,0.98110128,0.19975689
0b_baseline_last,file,19,baseline,5099,088.Western_Meadowlark/Western_Meadowlark_0098_78382.jpg,88,87,088.Western_Meadowlark,194,193,color_jitter,color_jitter,0,"{""brightness"":1.018477,""contrast"":1.014088,""hue"":-0.051694,""saturation"":1.219554}",0.010017478,0.10018976,0.090172282,0.99003255,0.90466571,0.0049202307,0.020243917,0.98511232,0.88442179,-0.10069053,0.70557179,9.1021704,1.5899797,14.472266,False,0.94422048,True,True,True,0.70557179,9.1021704,1.5899797,14.472266,0.69596942,9.1316396,1.5505599,14.159154,0.9073598,8.5096558,0.3518515,2.9941351,0.42687285,9.8608611,0.19433168,1.9162777,0.48062034,10.485773,0.45213509,4.7409858,0.5579482,9.674804,0.70552097,6.8257771,0.7124067,8.3946754,0.83769059,7.0321406,0.83020654,9.0186238,0.98110128,8.8481833
0b_baseline_last,file,19,baseline,5099,088.Western_Meadowlark/Western_Meadowlark_0098_78382.jpg,88,87,088.Western_Meadowlark,194,193,rotation,rotation,0,"{""angle"":5.97511}",0.010017478,0.12085402,0.11083654,0.99003255,0.88616329,0.0049202307,0.032979172,0.98511232,0.85318412,-0.1319282,0.82219563,11.50754,1.5899797,18.296755,False,0.97563457,True,True,True,0.82219563,11.50754,1.5899797,18.296755,0.81745329,11.539017,1.5505599,17.891937,0.92125237,10.87819,0.3518515,3.8275075,0.63282313,13.792174,0.19433168,2.6802564,0.74320196,12.909372,0.45213509,5.8367802,0.78890838,11.247053,0.70552097,7.9350319,0.81785171,11.558477,0.83769059,9.6824274,0.86108712,11.265298,0.98110128,11.052399
0b_baseline_last,file,19,baseline,5099,088.Western_Meadowlark/Western_Meadowlark_0098_78382.jpg,88,87,088.Western_Meadowlark,194,193,random_resized_crop,random_resized_crop,0,"{""area_fraction"":0.610218,""aspect"":1.299535,""fallback"":false,""height"":0.685249,""left"":0.057206,""top"":0.166911,""width"":0.890505}",0.010017478,0.025289156,0.015271678,0.99003255,0.97502792,0.0049202307,0.0047074729,0.98511232,0.97032045,-0.014791877,0.70609679,2.3093718,1.5899797,3.6718543,False,0.95364702,True,True,True,0.70609679,2.3093718,1.5899797,3.6718543,0.69588917,2.3119508,1.5505599,3.5848183,0.90918903,2.2587012,0.3518515,0.79472739,0.51232003,2.1155208,0.19433168,0.41111272,0.48510784,2.3330815,0.45213509,1.054868,0.57057454,2.1029436,0.70552097,1.4836708,0.70660002,2.2768909,0.83769059,1.9073301,0.79606487,2.4398465,0.98110128,2.3937365
0b_baseline_last,file,19,baseline,5099,088.Western_Meadowlark/Western_Meadowlark_0098_78382.jpg,88,87,088.Western_Meadowlark,194,193,gaussian_blur,gaussian_blur,0,"{""sigma"":1.286745}",0.010017478,0.0034410094,-0.0065764685,0.99003255,0.99656492,0.0049202307,0.00065606704,0.98511232,0.99590886,0.010796535,0.56828778,0.3662567,1.5899797,0.58234073,False,0.96044493,True,True,True,0.56828778,0.3662567,1.5899797,0.58234073,0.55218956,0.3659638,1.5505599,0.56744879,0.87600204,0.37189922,0.3518515,0.1308533,0.31976322,0.42997489,0.19433168,0.083557746,0.13396858,0.41522794,0.45213509,0.18773912,0.31817027,0.38869758,0.70552097,0.27423429,0.61574093,0.37365014,0.83769059,0.3130032,0.76886384,0.33277767,0.98110128,0.3264886
0b_baseline_last,file,19,baseline,5099,088.Western_Meadowlark/Western_Meadowlark_0098_78382.jpg,88,87,088.Western_Meadowlark,194,193,random_erasing,random_erasing,0,"{""area_fraction"":0.056329,""erased"":true,""height"":0.158937,""left"":0.343599,""top"":0.319456,""width"":0.354414}",0.010017478,0.0056285704,-0.0043889075,0.99003255,0.99438727,0.0049202307,0.0015551043,0.98511232,0.99283216,0.0077198418,0.7986015,0.52708723,1.5899797,0.838058,False,0.98440158,True,True,True,0.7986015,0.52708723,1.5899797,0.838058,0.79018927,0.52682621,1.5505599,0.8168756,0.96037991,0.532131,0.3518515,0.18723109,0.61932139,0.55250996,0.19433168,0.10737019,0.55642538,0.55461373,0.45213509,0.25076033,0.68054392,0.49349763,0.70552097,0.34817293,0.80944392,0.5198117,0.83769059,0.43544137,0.88750992,0.54130728,0.98110128,0.53107727
0b_baseline_last,file,19,baseline,10420,177.Prothonotary_Warbler/Prothonotary_Warbler_0082_173970.jpg,177,176,177.Prothonotary_Warbler,180,179,identity,identity,0,{},0.17424834,0.17424834,0,0.84008825,0.84008825,0.016141361,0.016141361,0.82394689,0.82394689,0,1,1,19.092436,19.092436,False,0.99999994,True,True,True,1,1,19.092436,19.092436,1,1,18.741601,18.741601,1,1,3.6432842,3.6432842,1,1,4.544677,4.544677,1,1,7.3430054,7.3430054,1,1,8.546179,8.546179,1,1,9.5180347,9.5180347,1,1,10.632198,10.632198
0b_baseline_last,file,19,baseline,10420,177.Prothonotary_Warbler/Prothonotary_Warbler_0082_173970.jpg,177,176,177.Prothonotary_Warbler,180,179,horizontal_flip,horizontal_flip,0,"{""flipped"":true}",0.17424834,0.42592511,0.25167677,0.84008825,0.65316528,0.016141361,0.02594294,0.82394689,0.62722234,-0.19672455,0.57927624,2.3829563,19.092436,45.496442,False,0.94896245,True,True,True,0.57927624,2.3829563,19.092436,45.496442,0.56695347,2.3903568,18.741601,44.799113,0.93958304,2.1780043,3.6432842,7.9350887,0.45491896,2.4661333,4.544677,11.207779,0.53606551,2.6895242,7.3430054,19.749191,0.53580738,2.7076862,8.546179,23.140371,0.55467269,2.2918335,9.5180347,21.813751,0.6610365,2.0606167,10.632198,21.908884
0b_baseline_last,file,19,baseline,10420,177.Prothonotary_Warbler/Prothonotary_Warbler_0082_173970.jpg,177,176,177.Prothonotary_Warbler,180,179,color_jitter,color_jitter,0,"{""brightness"":0.608031,""contrast"":0.798025,""hue"":-0.060956,""saturation"":1.153205}",0.17424834,0.98133707,0.80708873,0.84008825,0.37480962,0.016141361,0.004308837,0.82394689,0.37050079,-0.4534461,0.46029082,5.1030727,19.092436,97.430091,False,0.8506977,True,True,True,0.46029082,5.1030727,19.092436,97.430091,0.4492674,5.1356816,18.741601,96.250895,0.83167219,4.1480446,3.6432842,15.112505,0.52203631,6.5361756,4.544677,29.704807,0.31587813,6.3562632,7.3430054,46.674075,0.43725716,6.0985333,8.546179,52.119157,0.4662538,4.5693757,9.5180347,43.491477,0.57436968,3.7568334,10.632198,39.943396
0b_baseline_last,file,19,baseline,10420,177.Prothonotary_Warbler/Prothonotary_Warbler_0082_173970.jpg,177,176,177.Prothonotary_Warbler,180,179,rotation,rotation,0,"{""angle"":12.16329}",0.17424834,0.86394906,0.68970072,0.84008825,0.42149428,0.016141361,0.029118808,0.82394689,0.39237547,-0.43157142,0.65886646,4.2285151,19.092436,80.732655,False,0.91632235,True,True,True,0.65886646,4.2285151,19.092436,80.732655,0.65176335,4.2567381,18.741601,79.778086,0.91068429,3.3975243,3.6432842,12.378147,0.51170438,3.2450263,4.544677,14.747596,0.63598475,4.1966676,7.3430054,30.816153,0.6546026,4.9022518,8.546179,41.895521,0.63795176,4.4429955,9.5180347,42.288585,0.70569106,3.8249515,10.632198,40.66764
0b_baseline_last,file,19,baseline,10420,177.Prothonotary_Warbler/Prothonotary_Warbler_0082_173970.jpg,177,176,177.Prothonotary_Warbler,180,179,random_resized_crop,random_resized_crop,0,"{""area_fraction"":0.509741,""aspect"":0.843981,""fallback"":false,""height"":0.777156,""left"":0.21884,""top"":0.064994,""width"":0.655905}",0.17424834,0.93005514,0.7558068,0.84008825,0.39453197,0.016141361,0.015768979,0.82394689,0.37876299,-0.4451839,0.53242051,3.9601198,19.092436,75.608335,False,0.91868609,True,True,True,0.53242051,3.9601198,19.092436,75.608335,0.51860415,3.9634752,18.741601,74.281871,0.90698322,3.8702697,3.6432842,14.100493,0.33803036,2.9043,4.544677,13.199105,0.3464963,4.1112907,7.3430054,30.18923,0.54534393,4.6401723,8.546179,39.655743,0.51446447,4.1265442,9.5180347,39.276591,0.64209489,3.4132143,10.632198,36.289969
0b_baseline_last,file,19,baseline,10420,177.Prothonotary_Warbler/Prothonotary_Warbler_0082_173970.jpg,177,176,177.Prothonotary_Warbler,180,179,gaussian_blur,gaussian_blur,0,"{""sigma"":1.305988}",0.17424834,0.49669355,0.32244521,0.84008825,0.60853946,0.016141361,0.02668952,0.82394689,0.58184994,-0.24209695,0.77263747,2.7162696,19.092436,51.860205,False,0.97721446,True,True,True,0.77263747,2.7162696,19.092436,51.860205,0.76587289,2.7252748,18.741601,51.076012,0.97419473,2.4660533,3.6432842,8.9845332,0.69039251,2.4636495,4.544677,11.196491,0.65772328,3.2610331,7.3430054,23.945784,0.73883028,3.1171599,8.546179,26.639807,0.80587027,2.6284953,9.5180347,25.018109,0.87215709,2.2541806,10.632198,23.966894
0b_baseline_last,file,19,baseline,10420,177.Prothonotary_Warbler/Prothonotary_Warbler_0082_173970.jpg,177,176,177.Prothonotary_Warbler,180,179,random_erasing,random_erasing,0,"{""area_fraction"":0.188094,""erased"":true,""height"":0.327775,""left"":0.331406,""top"":0.581169,""width"":0.573852}",0.17424834,4.7127538,4.5385054,0.84008825,0.0089800144,0.016141361,0.0061047454,0.82394689,0.0028752689,-0.82107162,0.36076872,5.1819162,19.092436,98.935405,False,0.78918195,False,True,False,0.36076872,5.1819162,19.092436,98.935405,0.34125668,5.121926,18.741601,95.993093,0.77384871,6.5733846,3.6432842,23.948708,0.48269293,5.8266343,4.544677,26.480171,0.27085622,4.7776707,7.3430054,35.082462,0.21062233,5.5045497,8.546179,47.042867,0.38631013,4.8539914,9.5180347,46.200458,0.40193663,5.0955896,10.632198,54.177316
0b_baseline_last,file,19,baseline,3164,055.Evening_Grosbeak/Evening_Grosbeak_0069_37684.jpg,55,54,055.Evening_Grosbeak,12,11,identity,identity,0,{},0.0010165768,0.0010165768,0,0.99898392,0.99898392,0.00010862062,0.00010862062,0.9988753,0.9988753,0,1,1,0.16059242,0.16059242,False,1,True,True,True,1,1,0.16059242,0.16059242,1,1,0.15761437,0.15761437,1,1,0.030783697,0.030783697,1,1,0.024659387,0.024659387,1,1,0.050972706,0.050972706,1,1,0.073699334,0.073699334,1,1,0.077582674,0.077582674,1,1,0.10092236,0.10092236
0b_baseline_last,file,19,baseline,3164,055.Evening_Grosbeak/Evening_Grosbeak_0069_37684.jpg,55,54,055.Evening_Grosbeak,12,11,horizontal_flip,horizontal_flip,0,"{""flipped"":true}",0.0010165768,0.0045923479,0.0035757711,0.99898392,0.99541819,0.00010862062,0.00052737526,0.9988753,0.99489082,-0.0039844833,0.69537105,4.2754116,0.16059242,0.68659868,False,0.97319353,True,True,True,0.69537105,4.2754116,0.16059242,0.68659868,0.68577437,4.2757825,0.15761437,0.67392475,0.94754604,4.2656761,0.030783697,0.13131328,0.64077242,4.7399672,0.024659387,0.11688468,0.52776976,4.2830939,0.050972706,0.21832088,0.64680482,4.1287625,0.073699334,0.30428705,0.62234746,4.571658,0.077582674,0.35468145,0.79453971,4.1386554,0.10092236,0.41768288
0b_baseline_last,file,19,baseline,3164,055.Evening_Grosbeak/Evening_Grosbeak_0069_37684.jpg,55,54,055.Evening_Grosbeak,12,11,color_jitter,color_jitter,0,"{""brightness"":0.982312,""contrast"":0.897519,""hue"":-0.08959,""saturation"":1.337396}",0.0010165768,1.2773938,1.2763772,0.99898392,0.27876288,0.00010862062,0.013108508,0.9988753,0.26565437,-0.73322093,0.25280134,723.19667,0.16059242,116.1399,False,0.76290023,True,True,True,0.25280134,723.19667,0.16059242,116.1399,0.23848089,727.15537,0.15761437,114.61013,0.70383846,610.32769,0.030783697,18.788143,0.27795144,1030.4029,0.024659387,25.409104,0.071180104,920.81859,0.050972706,46.936615,0.024246602,759.88653,0.073699334,56.003131,0.25954492,737.22029,0.077582674,57.195522,0.4314126,617.13485,0.10092236,62.282707
0b_baseline_last,file,19,baseline,3164,055.Evening_Grosbeak/Evening_Grosbeak_0069_37684.jpg,55,54,055.Evening_Grosbeak,12,11,rotation,rotation,0,"{""angle"":-5.645089}",0.0010165768,0.00096096104,-5.5615732e-05,0.99898392,0.99903947,0.00010862062,6.0666098e-05,0.9988753,0.99897881,0.00010350606,0.84613056,0.9411589,0.16059242,0.15114298,False,0.98987556,True,True,True,0.84613056,0.9411589,0.16059242,0.15114298,0.84070235,0.94028513,0.15761437,0.14820244,0.98520999,0.96378235,0.030783697,0.029668784,0.73188638,1.0797792,0.024659387,0.026626693,0.7836181,1.0456355,0.050972706,0.05329887,0.82430522,0.98654883,0.073699334,0.072707992,0.81125782,0.95067773,0.077582674,0.073756121,0.90057783,0.86878746,0.10092236,0.087680082
0b_baseline_last,file,19,baseline,3164,055.Evening_Grosbeak/Evening_Grosbeak_0069_37684.jpg,55,54,055.Evening_Grosbeak,12,11,random_resized_crop,random_resized_crop,0,"{""area_fraction"":0.845615,""aspect"":0.905945,""fallback"":false,""height"":0.96613,""left"":0.05187,""top"":0.029304,""width"":0.875261}",0.0010165768,0.00060897402,-0.00040760275,0.99898392,0.9993912,0.00010862062,4.3891952e-05,0.9988753,0.99934731,0.00047200721,0.81166754,0.63316801,0.16059242,0.10168198,False,0.9846459,True,True,True,0.81166754,0.63316801,0.16059242,0.10168198,0.8054627,0.63351041,0.15761437,0.099850342,0.97686064,0.62412489,0.030783697,0.019212871,0.51061289,0.70337933,0.024659387,0.017344903,0.66072667,0.6591995,0.050972706,0.033601182,0.79247773,0.67484146,0.073699334,0.049735366,0.79061597,0.6309157,0.077582674,0.048948127,0.88625699,0.6003242,0.10092236,0.060586136
0b_baseline_last,file,19,baseline,3164,055.Evening_Grosbeak/Evening_Grosbeak_0069_37684.jpg,55,54,055.Evening_Grosbeak,12,11,gaussian_blur,gaussian_blur,0,"{""sigma"":1.55324}",0.0010165768,0.015308386,0.014291809,0.99898392,0.98480821,0.00010862062,0.00017675919,0.9988753,0.98463145,-0.014243852,0.52296375,23.857949,0.16059242,3.8314057,False,0.93595171,True,True,True,0.52296375,23.857949,0.16059242,3.8314057,0.51525968,24.038613,0.15761437,3.7888307,0.80284145,18.502946,0.030783697,0.56958909,0.29729682,32.263593,0.024659387,0.79560042,0.28000546,29.111938,0.050972706,1.4839143,0.56311896,31.030498,0.073699334,2.286927,0.52457285,23.33219,0.077582674,1.8101737,0.63989622,17.20076,0.10092236,1.7359413
0b_baseline_last,file,19,baseline,3164,055.Evening_Grosbeak/Evening_Grosbeak_0069_37684.jpg,55,54,055.Evening_Grosbeak,12,11,random_erasing,random_erasing,0,"{""area_fraction"":0.168766,""erased"":true,""height"":0.541581,""left"":0.440102,""top"":0.263989,""width"":0.311617}",0.0010165768,0.15936433,0.15834775,0.99898392,0.85268563,0.00010862062,0.0052535641,0.9988753,0.84743207,-0.15144323,0.63027681,140.32624,0.16059242,22.53533,False,0.91972458,True,True,True,0.63027681,140.32624,0.16059242,22.53533,0.62096311,140.32719,0.15761437,22.117581,0.87448075,140.30131,0.030783697,4.3189929,0.56136482,204.03184,0.024659387,5.0313001,0.52857634,179.21002,0.050972706,9.1348195,0.62558043,149.21445,0.073699334,10.997006,0.58281656,133.9861,0.077582674,10.395,0.70203916,121.9356,0.10092236,12.306028
0b_baseline_last,file,19,baseline,8053,138.Tree_Swallow/Tree_Swallow_0030_134942.jpg,138,137,138.Tree_Swallow,137,136,identity,identity,0,{},0.26974958,0.26974958,0,0.76357067,0.76357067,0.099543139,0.099543139,0.66402753,0.66402753,0,1,1,48.731646,48.731646,False,1,True,True,True,1,1,48.731646,48.731646,1,1,48.13681,48.13681,1,1,7.590839,7.590839,1,1,15.253618,15.253618,1,1,19.450333,19.450333,1,1,25.776737,25.776737,1,1,24.110309,24.110309,1,1,21.457329,21.457329
0b_baseline_last,file,19,baseline,8053,138.Tree_Swallow/Tree_Swallow_0030_134942.jpg,138,137,138.Tree_Swallow,137,136,horizontal_flip,horizontal_flip,0,"{""flipped"":true}",0.26974958,0.30544546,0.035695881,0.76357067,0.73679507,0.099543139,0.046470478,0.66402753,0.69032459,0.026297063,0.58407336,0.95888036,48.731646,46.727818,False,0.96736133,True,True,True,0.58407336,0.95888036,48.731646,46.727818,0.5744922,0.95672743,48.13681,46.053806,0.93997631,1.0417776,7.590839,7.9079663,0.21395824,0.88538955,15.253618,13.505394,0.32996754,0.87048292,19.450333,16.931183,0.69847363,0.98645565,25.776737,25.427608,0.58764305,0.94814054,24.110309,22.859962,0.71936842,1.0239673,21.457329,21.971604
0b_baseline_last,file,19,baseline,8053,138.Tree_Swallow/Tree_Swallow_0030_134942.jpg,138,137,138.Tree_Swallow,137,136,color_jitter,color_jitter,0,"{""brightness"":1.220467,""contrast"":0.708912,""hue"":0.081315,""saturation"":1.048585}",0.26974958,0.21616775,-0.053581834,0.76357067,0.80560017,0.099543139,0.014028533,0.66402753,0.79157163,0.12754411,0.59391874,0.68250825,48.731646,33.25975,False,0.89681286,True,True,True,0.59391874,0.68250825,48.731646,33.25975,0.58708414,0.67961604,48.13681,32.714548,0.83689283,0.79008966,7.590839,5.9974434,0.80080604,0.73378896,15.253618,11.192936,0.43395285,0.68754243,19.450333,13.372929,0.57121295,0.66830021,25.776737,17.226599,0.54709744,0.61227549,24.110309,14.762151,0.66585801,0.73900649,21.457329,15.857105
0b_baseline_last,file,19,baseline,8053,138.Tree_Swallow/Tree_Swallow_0030_134942.jpg,138,137,138.Tree_Swallow,137,136,rotation,rotation,0,"{""angle"":-6.165752}",0.26974958,0.25283098,-0.0169186,0.76357067,0.77659911,0.099543139,0.061103418,0.66402753,0.71549569,0.051468164,0.81936215,0.7895007,48.731646,38.473668,False,0.96814501,True,True,True,0.81936215,0.7895007,48.731646,38.473668,0.81560338,0.78551307,48.13681,37.812093,0.95846573,0.93588328,7.590839,7.1041393,0.88632777,0.66640479,15.253618,10.165084,0.76582308,0.74820497,19.450333,14.552836,0.82388943,0.77011074,25.776737,19.850942,0.80724581,0.80936601,24.110309,19.514065,0.83165891,0.85906177,21.457329,18.433171
0b_baseline_last,file,19,baseline,8053,138.Tree_Swallow/Tree_Swallow_0030_134942.jpg,138,137,138.Tree_Swallow,137,136,random_resized_crop,random_resized_crop,0,"{""area_fraction"":0.576733,""aspect"":0.99319,""fallback"":false,""height"":0.762029,""left"":0.073605,""top"":0.187536,""width"":0.756839}",0.26974958,0.53330123,0.26355165,0.76357067,0.58666503,0.099543139,0.058891345,0.66402753,0.52777369,-0.13625384,0.67513093,1.5253438,48.731646,74.332515,False,0.93455005,True,True,True,0.67513093,1.5253438,48.731646,74.332515,0.66930388,1.5218364,48.13681,73.256349,0.89241354,1.6602621,7.590839,12.602783,0.7861265,1.2217229,15.253618,18.635694,0.61995878,1.769811,19.450333,34.423414,0.66779868,1.5047807,25.776737,38.788335,0.65144506,1.4263768,24.110309,34.390386,0.70700591,1.5783589,21.457329,33.867367
0b_baseline_last,file,19,baseline,8053,138.Tree_Swallow/Tree_Swallow_0030_134942.jpg,138,137,138.Tree_Swallow,137,136,gaussian_blur,gaussian_blur,0,"{""sigma"":1.050322}",0.26974958,0.18164039,-0.088109195,0.76357067,0.83390117,0.099543139,0.038774531,0.66402753,0.79512664,0.13109911,0.75595436,0.57623174,48.731646,28.080721,False,0.96521068,True,True,True,0.75595436,0.57623174,48.731646,28.080721,0.75086888,0.57353453,48.13681,27.608123,0.93941754,0.67583473,7.590839,5.1301526,0.87903117,0.52965689,15.253618,8.0791837,0.66338939,0.56820445,19.450333,11.051766,0.73691097,0.50705124,25.776737,13.070126,0.7526469,0.59249421,24.110309,14.285218,0.78929308,0.65891379,21.457329,14.13853
0b_baseline_last,file,19,baseline,8053,138.Tree_Swallow/Tree_Swallow_0030_134942.jpg,138,137,138.Tree_Swallow,137,136,random_erasing,random_erasing,0,"{""area_fraction"":0.189073,""erased"":true,""height"":0.629662,""left"":0.076976,""top"":0.262839,""width"":0.300277}",0.26974958,0.11796729,-0.15178229,0.76357067,0.8887251,0.099543139,0.032207791,0.66402753,0.85651731,0.19248978,0.92579547,0.46918163,48.731646,22.863993,False,0.97975105,True,True,True,0.92579547,0.46918163,48.731646,22.863993,0.92467532,0.46896499,48.13681,22.574479,0.9701645,0.47781214,7.590839,3.626995,0.96580804,0.42326209,15.253618,6.4562781,0.92531433,0.44807843,19.450333,8.7152747,0.93291216,0.47625268,25.776737,12.27624,0.90985075,0.47829783,24.110309,11.531909,0.91660736,0.48494396,21.457329,10.405602
0b_baseline_last,file,19,baseline,8498,145.Elegant_Tern/Elegant_Tern_0004_150948.jpg,145,144,145.Elegant_Tern,147,146,identity,identity,0,{},3.2662418,3.2662418,0,0.038149528,0.038149528,0.88343513,0.88343513,-0.8452856,-0.8452856,0,1,1,164.58532,164.58532,False,0.99999994,True,False,False,1,1,164.58532,164.58532,1,1,160.4008,160.4008,1,1,36.877006,36.877006,1,1,45.278952,45.278952,1,1,86.845404,86.845404,1,1,68.186795,68.186795,1,1,71.976631,71.976631,1,1,79.410535,79.410535
0b_baseline_last,file,19,baseline,8498,145.Elegant_Tern/Elegant_Tern_0004_150948.jpg,145,144,145.Elegant_Tern,147,146,horizontal_flip,horizontal_flip,0,"{""flipped"":true}",3.2662418,1.8295062,-1.4367356,0.038149528,0.16049282,0.88343513,0.50209379,-0.8452856,-0.34160097,0.50368463,0.64939663,0.71130091,164.58532,117.06969,False,0.96095437,True,False,False,0.64939663,0.71130091,164.58532,117.06969,0.63456032,0.71222978,160.4008,114.24222,0.93789024,0.69349308,36.877006,25.573949,0.82839872,0.78074821,45.278952,35.351461,0.75593738,0.67239038,86.845404,58.394014,0.45029303,0.73707143,68.186795,50.258539,0.53122632,0.7268949,71.976631,52.319446,0.65850964,0.70434713,79.410535,55.932582
0b_baseline_last,file,19,baseline,8498,145.Elegant_Tern/Elegant_Tern_0004_150948.jpg,145,144,145.Elegant_Tern,147,146,color_jitter,color_jitter,0,"{""brightness"":1.024728,""contrast"":0.77693,""hue"":0.043722,""saturation"":0.83908}",3.2662418,3.3121891,0.045947313,0.038149528,0.036436323,0.88343513,0.34761831,-0.8452856,-0.31118199,0.53410361,0.6537074,0.90453007,164.58532,148.87237,False,0.93781966,True,False,False,0.6537074,0.90453007,164.58532,148.87237,0.64568551,0.90838297,160.4008,145.70535,0.82281501,0.82826608,36.877006,30.543973,0.6632519,0.75419928,45.278952,34.149353,0.68864415,0.9056202,86.845404,78.648952,0.53687398,0.90695027,68.186795,61.842033,0.60499694,0.94695152,71.976631,68.15838,0.70709964,0.92608047,79.410535,73.540545
0b_baseline_last,file,19,baseline,8498,145.Elegant_Tern/Elegant_Tern_0004_150948.jpg,145,144,145.Elegant_Tern,147,146,rotation,rotation,0,"{""angle"":3.604861}",3.2662418,1.8050362,-1.4612056,0.038149528,0.1644685,0.88343513,0.44414756,-0.8452856,-0.27967906,0.56560654,0.72385811,0.74347336,164.58532,122.3648,False,0.9560405,True,False,False,0.72385811,0.74347336,164.58532,122.3648,0.7137828,0.74446392,160.4008,119.4126,0.91998797,0.72447763,36.877006,26.716566,0.47443876,0.74759944,45.278952,33.850519,0.77762571,0.72740105,86.845404,63.171438,0.65550008,0.7203474,68.186795,49.118181,0.69386446,0.76502146,71.976631,55.063668,0.77509094,0.76373765,79.410535,60.648815
0b_baseline_last,file,19,baseline,8498,145.Elegant_Tern/Elegant_Tern_0004_150948.jpg,145,144,145.Elegant_Tern,147,146,random_resized_crop,random_resized_crop,0,"{""area_fraction"":0.665787,""aspect"":0.942852,""fallback"":false,""height"":0.840322,""left"":0.004576,""top"":0.144824,""width"":0.792299}",3.2662418,1.6867034,-1.5795383,0.038149528,0.18512879,0.88343513,0.23726292,-0.8452856,-0.052134126,0.79315148,0.56292544,0.80843894,164.58532,133.05719,False,0.93391204,True,False,False,0.56292544,0.80843894,164.58532,133.05719,0.55213724,0.81526839,160.4008,130.7697,0.82375105,0.66616708,36.877006,24.566247,0.39204078,0.86615241,45.278952,39.218474,0.73726916,0.78036778,86.845404,67.771355,0.42817241,0.90023165,68.186795,61.383911,0.47147228,0.82741329,71.976631,59.554421,0.5692304,0.7613124,79.410535,60.456225
0b_baseline_last,file,19,baseline,8498,145.Elegant_Tern/Elegant_Tern_0004_150948.jpg,145,144,145.Elegant_Tern,147,146,gaussian_blur,gaussian_blur,0,"{""sigma"":1.979091}",3.2662418,1.0291013,-2.2371405,0.038149528,0.35732797,0.88343513,0.033182878,-0.8452856,0.32414509,1.1694307,0.1461416,0.87696026,164.58532,144.33479,False,0.85088921,False,False,True,0.1461416,0.87696026,164.58532,144.33479,0.13074877,0.88919559,160.4008,142.62768,0.58861882,0.60018824,36.877006,22.133146,-0.017875033,0.95539026,45.278952,43.25907,0.13949857,0.82875892,86.845404,71.973903,0.017060475,1.0698306,68.186795,72.94832,0.13428956,0.93152581,71.976631,67.04809,0.30366749,0.74224434,79.410535,58.94202
0b_baseline_last,file,19,baseline,8498,145.Elegant_Tern/Elegant_Tern_0004_150948.jpg,145,144,145.Elegant_Tern,147,146,random_erasing,random_erasing,0,"{""area_fraction"":0.183691,""erased"":true,""height"":0.715471,""left"":0.733975,""top"":0.11282,""width"":0.256741}",3.2662418,3.9089246,0.64268279,0.038149528,0.020062068,0.88343513,0.86319977,-0.8452856,-0.8431377,0.0021478999,0.9172558,0.97745031,164.58532,160.87398,False,0.9821465,True,False,False,0.9172558,0.97745031,164.58532,160.87398,0.91382807,0.97728271,160.4008,156.75692,0.98189012,0.98061581,36.877006,36.162176,0.94397626,0.87979142,45.278952,39.836034,0.9354309,0.985866,86.845404,85.617931,0.88375246,1.0250653,68.186795,69.895915,0.89779035,0.95989757,71.976631,69.090193,0.91759509,0.97514856,79.410535,77.437069
0b_baseline_last,file,19,baseline,6675,115.Brewer_Sparrow/Brewer_Sparrow_0046_796696.jpg,115,114,115.Brewer_Sparrow,117,116,identity,identity,0,{},0.2860052,0.2860052,0,0.75125873,0.75125873,0.15467846,0.15467846,0.59658027,0.59658027,0,1,1,63.66105,63.66105,False,1,True,True,True,1,1,63.66105,63.66105,1,1,62.91706,62.91706,1,1,9.7042705,9.7042705,1,1,17.102124,17.102124,1,1,32.74441,32.74441,1,1,36.242445,36.242445,1,1,28.778064,28.778064,1,1,21.264657,21.264657
0b_baseline_last,file,19,baseline,6675,115.Brewer_Sparrow/Brewer_Sparrow_0046_796696.jpg,115,114,115.Brewer_Sparrow,117,116,horizontal_flip,horizontal_flip,0,"{""flipped"":true}",0.2860052,1.3907108,1.1047056,0.75125873,0.24889831,0.15467846,0.73152775,0.59658027,-0.48262943,-1.0792097,0.65883065,3.4020347,63.66105,216.5771,False,0.95414138,False,True,False,0.65883065,3.4020347,63.66105,216.5771,0.65288205,3.4020139,62.91706,214.04471,0.90881429,3.4029097,9.7042705,33.022756,0.75352627,3.592975,17.102124,61.447503,0.66506546,3.4442122,32.74441,112.7787,0.63583671,3.4770841,36.242445,126.01803,0.61388685,3.1913799,28.778064,91.841733,0.67670959,3.3268839,21.264657,70.745046
0b_baseline_last,file,19,baseline,6675,115.Brewer_Sparrow/Brewer_Sparrow_0046_796696.jpg,115,114,115.Brewer_Sparrow,117,116,color_jitter,color_jitter,0,"{""brightness"":1.324969,""contrast"":1.380075,""hue"":0.007847,""saturation"":1.223402}",0.2860052,1.930191,1.6441858,0.75125873,0.14512046,0.15467846,0.49524188,0.59658027,-0.35012142,-0.94670169,0.69454563,2.3588842,63.66105,150.16904,False,0.87092417,False,True,False,0.69454563,2.3588842,63.66105,150.16904,0.69031789,2.3481008,62.91706,147.7356,0.85437176,2.7745131,9.7042705,26.924626,0.62174117,2.1344659,17.102124,36.5039,0.66319611,1.9330991,32.74441,63.29819,0.72100585,2.3998726,36.242445,86.97725,0.70728184,2.5229456,28.778064,72.605489,0.7030414,2.8411146,21.264657,60.415328
0b_baseline_last,file,19,baseline,6675,115.Brewer_Sparrow/Brewer_Sparrow_0046_796696.jpg,115,114,115.Brewer_Sparrow,117,116,rotation,rotation,0,"{""angle"":-0.365811}",0.2860052,0.57415724,0.28815204,0.75125873,0.56317931,0.15467846,0.39007333,0.59658027,0.17310598,-0.42347428,0.89789271,2.0751041,63.66105,132.1033,False,0.98880124,True,True,True,0.89789271,2.0751041,63.66105,132.1033,0.89654728,2.077762,62.91706,130.72667,0.95933397,1.9601223,9.7042705,19.021557,0.93189435,2.482308,17.102124,42.452739,0.87698747,2.120506,32.74441,69.434718,0.90535597,2.0571844,36.242445,74.557393,0.89737507,1.9854228,28.778064,57.136624,0.90689415,1.9059612,21.264657,40.529613
0b_baseline_last,file,19,baseline,6675,115.Brewer_Sparrow/Brewer_Sparrow_0046_796696.jpg,115,114,115.Brewer_Sparrow,117,116,random_resized_crop,random_resized_crop,0,"{""area_fraction"":0.648731,""aspect"":1.212509,""fallback"":false,""height"":0.731459,""left"":0.03154,""top"":0.267038,""width"":0.8869}",0.2860052,3.5697763,3.2837711,0.75125873,0.028162155,0.15467846,0.84591115,0.59658027,-0.81774899,-1.4143293,0.73513399,3.7574158,63.66105,239.20104,False,0.91673857,False,True,False,0.73513399,3.7574158,63.66105,239.20104,0.73091743,3.7305329,62.91706,234.71416,0.89526539,4.7518148,9.7042705,46.112896,0.75320606,4.5011806,17.102124,76.979749,0.79351574,3.4568286,32.74441,113.19181,0.75824964,3.4737975,36.242445,125.89891,0.67936874,3.7094484,28.778064,106.75074,0.64767347,4.4875622,21.264657,95.426472
0b_baseline_last,file,19,baseline,6675,115.Brewer_Sparrow/Brewer_Sparrow_0046_796696.jpg,115,114,115.Brewer_Sparrow,117,116,gaussian_blur,gaussian_blur,0,"{""sigma"":1.366853}",0.2860052,5.5353041,5.2492989,0.75125873,0.0039450084,0.15467846,0.98598844,0.59658027,-0.98204343,-1.5786237,0.69109613,3.5308117,63.66105,224.77518,False,0.87122083,False,True,False,0.69109613,3.5308117,63.66105,224.77518,0.6876261,3.4999386,62.91706,220.20585,0.82802931,4.6465884,9.7042705,45.091751,0.75427502,3.8615479,17.102124,66.040671,0.69323603,3.4101737,32.74441,111.66413,0.72516632,3.2449825,36.242445,117.6061,0.65581954,3.4940482,28.778064,100.55194,0.61641081,4.1314979,21.264657,87.854887
0b_baseline_last,file,19,baseline,6675,115.Brewer_Sparrow/Brewer_Sparrow_0046_796696.jpg,115,114,115.Brewer_Sparrow,117,116,random_erasing,random_erasing,0,"{""area_fraction"":0.141734,""erased"":true,""height"":0.280777,""left"":0.004338,""top"":0.635655,""width"":0.504791}",0.2860052,0.15536992,-0.13063528,0.75125873,0.85609841,0.15467846,0.052027535,0.59658027,0.80407088,0.20749061,0.91406586,0.5331256,63.66105,33.939336,False,0.95493615,True,True,True,0.91406586,0.5331256,63.66105,33.939336,0.91374633,0.53368381,62.91706,33.577816,0.92913943,0.50910802,9.7042705,4.940522,0.93706519,0.49807428,17.102124,8.518128,0.94954254,0.5420418,32.74441,17.748839,0.92461032,0.52787641,36.242445,19.131532,0.89151295,0.53114564,28.778064,15.285343,0.82907672,0.55688601,21.264657,11.84199
0b_baseline_last,file,19,baseline,5635,097.Orchard_Oriole/Orchard_Oriole_0080_91417.jpg,97,96,097.Orchard_Oriole,136,135,identity,identity,0,{},0.090387873,0.090387873,0,0.91357678,0.91357678,0.016733887,0.016733887,0.8968429,0.8968429,0,1,1,12.272785,12.272785,False,0.99999994,True,True,True,1,1,12.272785,12.272785,1,1,12.076876,12.076876,1,1,2.1841094,2.1841094,1,1,2.4747095,2.4747095,1,1,5.0521688,5.0521688,1,1,6.1726867,6.1726867,1,1,5.7117459,5.7117459,1,1,6.5936504,6.5936504
0b_baseline_last,file,19,baseline,5635,097.Orchard_Oriole/Orchard_Oriole_0080_91417.jpg,97,96,097.Orchard_Oriole,136,135,horizontal_flip,horizontal_flip,0,"{""flipped"":true}",0.090387873,0.22025347,0.12986559,0.91357678,0.80231541,0.016733887,0.056692135,0.8968429,0.74562328,-0.15121962,0.63141088,2.2846415,12.272785,28.038915,False,0.96153325,True,True,True,0.63141088,2.2846415,12.272785,28.038915,0.62128643,2.2871169,12.076876,27.621226,0.95249175,2.2076194,2.1841094,4.8216822,0.54500391,2.6387905,2.4747095,6.5302399,0.58188201,2.4556431,5.0521688,12.406323,0.58530956,2.3645902,6.1726867,14.595874,0.61006772,2.2251748,5.7117459,12.709633,0.71123459,2.1003656,6.5936504,13.849077
0b_baseline_last,file,19,baseline,5635,097.Orchard_Oriole/Orchard_Oriole_0080_91417.jpg,97,96,097.Orchard_Oriole,136,135,color_jitter,color_jitter,0,"{""brightness"":0.993661,""contrast"":1.188732,""hue"":-0.096234,""saturation"":1.072664}",0.090387873,2.7274055,2.6370177,0.91357678,0.065388717,0.016733887,0.00098454242,0.8968429,0.064404174,-0.83243872,0.36763245,12.308477,12.272785,151.0593,False,0.6843152,False,True,False,0.36763245,12.308477,12.272785,151.0593,0.35959944,12.32171,12.076876,148.80776,0.62223003,11.896794,2.1841094,25.983898,0.37968891,14.563525,2.4747095,36.040494,0.38992289,13.811075,5.0521688,69.775881,0.35359043,13.075316,6.1726867,80.709829,0.32056599,12.265174,5.7117459,70.055556,0.38316549,10.234931,6.5936504,67.485555
0b_baseline_last,file,19,baseline,5635,097.Orchard_Oriole/Orchard_Oriole_0080_91417.jpg,97,96,097.Orchard_Oriole,136,135,rotation,rotation,0,"{""angle"":-10.552573}",0.090387873,0.078436859,-0.011951014,0.91357678,0.92456043,0.016733887,0.019050846,0.8968429,0.90550958,0.0086666867,0.76599666,0.86529627,12.272785,10.619595,False,0.9738518,True,True,True,0.76599666,0.86529627,12.272785,10.619595,0.75905547,0.86407302,12.076876,10.435302,0.97000035,0.90189595,2.1841094,1.9698394,0.78718279,1.1229496,2.4747095,2.778974,0.77666665,0.92196871,5.0521688,4.6579416,0.73732375,0.79630951,6.1726867,4.9153691,0.71125417,0.86445441,5.7117459,4.9375439,0.80547319,0.84354404,6.5936504,5.5620345
0b_baseline_last,file,19,baseline,5635,097.Orchard_Oriole/Orchard_Oriole_0080_91417.jpg,97,96,097.Orchard_Oriole,136,135,random_resized_crop,random_resized_crop,0,"{""area_fraction"":0.802429,""aspect"":1.130274,""fallback"":false,""height"":0.84258,""left"":0.021899,""top"":0.099076,""width"":0.952347}",0.090387873,0.055834249,-0.034553625,0.91357678,0.94569588,0.016733887,0.0089866119,0.8968429,0.93670927,0.03986637,0.76775321,0.62890871,12.272785,7.7184616,False,0.97446072,True,True,True,0.76775321,0.62890871,12.272785,7.7184616,0.761074,0.62892397,12.076876,7.5954366,0.97212424,0.62844206,2.1841094,1.3725862,0.81834403,0.7740421,2.4747095,1.9155294,0.75138965,0.64571668,5.0521688,3.2622697,0.71513939,0.63107419,6.1726867,3.8954233,0.72649433,0.59418363,5.7117459,3.3938259,0.82684816,0.61952426,6.5936504,4.0849264
0b_baseline_last,file,19,baseline,5635,097.Orchard_Oriole/Orchard_Oriole_0080_91417.jpg,97,96,097.Orchard_Oriole,136,135,gaussian_blur,gaussian_blur,0,"{""sigma"":1.668636}",0.090387873,0.86926413,0.77887625,0.91357678,0.41925997,0.016733887,0.0087986449,0.8968429,0.41046132,-0.48638157,0.45133143,7.3589129,12.272785,90.314358,False,0.86979032,True,True,True,0.45133143,7.3589129,12.272785,90.314358,0.44035154,7.3692561,12.076876,88.997589,0.80344091,7.03534,2.1841094,15.365952,0.36807413,12.127741,2.4747095,30.012637,0.40424176,7.8179289,5.0521688,39.497496,0.42144662,7.6702805,6.1726867,47.346239,0.39709817,7.2988741,5.7117459,41.689314,0.58172313,5.8347046,6.5936504,38.472003
0b_baseline_last,file,19,baseline,5635,097.Orchard_Oriole/Orchard_Oriole_0080_91417.jpg,97,96,097.Orchard_Oriole,136,135,random_erasing,random_erasing,0,"{""area_fraction"":0.077193,""erased"":true,""height"":0.234236,""left"":0.217816,""top"":0.607407,""width"":0.329552}",0.090387873,0.061168067,-0.029219806,0.91357678,0.94066513,0.016733887,0.017758993,0.8968429,0.92290613,0.026063237,0.88370599,0.69989563,12.272785,8.5896689,False,0.98236722,True,True,True,0.88370599,0.69989563,12.272785,8.5896689,0.8806762,0.69965525,12.076876,8.4496495,0.97540075,0.70720574,2.1841094,1.5446147,0.90956806,0.79893371,2.4747095,1.9771289,0.8832481,0.70940556,5.0521688,3.5840366,0.88898317,0.7096574,6.1726867,4.3804928,0.85292086,0.69765878,5.7117459,3.9848497,0.89039944,0.67099479,6.5936504,4.4243051
0b_baseline_last,file,19,baseline,2888,050.Eared_Grebe/Eared_Grebe_0004_34277.jpg,50,49,050.Eared_Grebe,52,51,identity,identity,0,{},0.10256147,0.10256147,0,0.90252268,0.90252268,0.036617719,0.036617719,0.86590496,0.86590496,0,1,1,11.772807,11.772807,False,1,True,True,True,1,1,11.772807,11.772807,1,1,11.271143,11.271143,1,1,3.4000481,3.4000481,1,1,1.8596514,1.8596514,1,1,4.8651236,4.8651236,1,1,5.6650337,5.6650337,1,1,5.5373211,5.5373211,1,1,6.0956044,6.0956044
0b_baseline_last,file,19,baseline,2888,050.Eared_Grebe/Eared_Grebe_0004_34277.jpg,50,49,050.Eared_Grebe,52,51,horizontal_flip,horizontal_flip,0,"{""flipped"":true}",0.10256147,0.67014533,0.56758387,0.90252268,0.51163423,0.036617719,0.045475364,0.86590496,0.46615887,-0.3997461,0.62077163,6.0839476,11.772807,71.625141,False,0.95530468,True,True,True,0.62077163,6.0839476,11.772807,71.625141,0.60409242,6.2136566,11.271143,70.03501,0.91313808,4.4142326,3.4000481,15.008603,0.42535199,6.874967,1.8596514,12.785042,0.57214423,6.559662,4.8651236,31.913566,0.60782059,6.5549949,5.6650337,37.134267,0.58517038,6.2313436,5.5373211,34.50495,0.66775429,5.5715723,6.0956044,33.962101
0b_baseline_last,file,19,baseline,2888,050.Eared_Grebe/Eared_Grebe_0004_34277.jpg,50,49,050.Eared_Grebe,52,51,color_jitter,color_jitter,0,"{""brightness"":1.289716,""contrast"":0.940025,""hue"":0.001166,""saturation"":0.69644}",0.10256147,0.46614426,0.3635828,0.90252268,0.62741679,0.036617719,0.050167345,0.86590496,0.57724945,-0.28865552,0.79497129,4.132767,11.772807,48.654268,False,0.97017634,True,True,True,0.79497129,4.132767,11.772807,48.654268,0.78365421,4.1568448,11.271143,46.852391,0.93099723,3.8582852,3.4000481,13.118355,0.70197523,4.3556775,1.8596514,8.1000416,0.75885348,3.7255772,4.8651236,18.125393,0.79217519,4.4185002,5.6650337,25.030953,0.78999555,4.3316968,5.5373211,23.985996,0.7981316,4.015536,6.0956044,24.477119
0b_baseline_last,file,19,baseline,2888,050.Eared_Grebe/Eared_Grebe_0004_34277.jpg,50,49,050.Eared_Grebe,52,51,rotation,rotation,0,"{""angle"":2.899181}",0.10256147,0.079069629,-0.023491837,0.90252268,0.92397559,0.036617719,0.011179987,0.86590496,0.9127956,0.046890635,0.782907,0.97728987,11.772807,11.505445,False,0.97097909,True,True,True,0.782907,0.97728987,11.772807,11.505445,0.77442179,0.99670567,11.271143,11.234012,0.9457035,0.73069558,3.4000481,2.4844001,0.77948083,0.95194756,1.8596514,1.7702906,0.80264511,0.98096922,4.8651236,4.7725365,0.76142938,1.0989029,5.6650337,6.225322,0.75247836,1.0433641,5.5373211,5.7774418,0.80160051,0.8705388,6.0956044,5.3064601
0b_baseline_last,file,19,baseline,2888,050.Eared_Grebe/Eared_Grebe_0004_34277.jpg,50,49,050.Eared_Grebe,52,51,random_resized_crop,random_resized_crop,0,"{""area_fraction"":0.615402,""aspect"":1.044688,""fallback"":false,""height"":0.767513,""left"":0.1623,""top"":0.207219,""width"":0.801812}",0.10256147,3.8981361,3.7955747,0.90252268,0.020279678,0.036617719,0.3993572,0.86590496,-0.37907752,-1.2449825,0.5601987,10.392199,11.772807,122.34536,False,0.82189739,False,True,False,0.5601987,10.392199,11.772807,122.34536,0.54487671,10.564635,11.271143,119.07551,0.79130676,8.2635348,3.4000481,28.096416,0.59798001,17.11748,1.8596514,31.832545,0.69278116,12.862539,4.8651236,62.577841,0.5377767,10.028627,5.6650337,56.812508,0.46914347,9.2259775,5.5373211,51.087199,0.50321808,9.5828611,6.0956044,58.41333
0b_baseline_last,file,19,baseline,2888,050.Eared_Grebe/Eared_Grebe_0004_34277.jpg,50,49,050.Eared_Grebe,52,51,gaussian_blur,gaussian_blur,0,"{""sigma"":1.307299}",0.10256147,1.010736,0.90817452,0.90252268,0.36395103,0.036617719,0.0016118388,0.86590496,0.36233919,-0.50356578,0.41487765,14.535592,11.772807,171.12472,False,0.86313182,False,True,False,0.41487765,14.535592,11.772807,171.12472,0.40925233,15.021522,11.271143,169.30972,0.64884726,7.3108893,3.4000481,24.857375,0.33441369,28.193875,1.8596514,52.430778,0.39673654,16.248424,4.8651236,79.050591,0.45799291,16.099815,5.6650337,91.205997,0.41940704,15.449817,5.5373211,85.550599,0.41468355,10.4149,6.0956044,63.485112
0b_baseline_last,file,19,baseline,2888,050.Eared_Grebe/Eared_Grebe_0004_34277.jpg,50,49,050.Eared_Grebe,52,51,random_erasing,random_erasing,0,"{""area_fraction"":0.129143,""erased"":true,""height"":0.199472,""left"":0.022008,""top"":0.434783,""width"":0.647426}",0.10256147,0.22329098,0.12072951,0.90252268,0.79988205,0.036617719,0.045932658,0.86590496,0.7539494,-0.11195557,0.83432798,2.2688762,11.772807,26.711042,False,0.96845889,True,True,True,0.83432798,2.2688762,11.772807,26.711042,0.82644915,2.2977091,11.271143,25.897806,0.94999595,1.9237669,3.4000481,6.5409,0.79939901,1.9932736,1.8596514,3.7067939,0.78999397,2.1451604,4.8651236,10.43647,0.83984826,2.3792043,5.6650337,13.478272,0.82038101,2.3425471,5.5373211,12.971436,0.84576465,2.3090908,6.0956044,14.075304
0b_baseline_last,file,19,baseline,3761,065.Slaty_backed_Gull/Slaty_Backed_Gull_0032_796046.jpg,65,64,065.Slaty_backed_Gull,71,70,identity,identity,0,{},1.5835211,1.5835211,0,0.20525111,0.20525111,0.51092541,0.51092541,-0.3056743,-0.3056743,0,1,1,200.39252,200.39252,False,1,True,False,False,1,1,200.39252,200.39252,1,1,198.35903,198.35903,1,1,28.475533,28.475533,1,1,39.883536,39.883536,1,1,75.747305,75.747305,1,1,116.34076,116.34076,1,1,92.120166,92.120166,1,1,99.983283,99.983283
0b_baseline_last,file,19,baseline,3761,065.Slaty_backed_Gull/Slaty_Backed_Gull_0032_796046.jpg,65,64,065.Slaty_backed_Gull,71,70,horizontal_flip,horizontal_flip,0,"{""flipped"":true}",1.5835211,1.1949167,-0.3886044,0.20525111,0.30272916,0.51092541,0.31858873,-0.3056743,-0.015859574,0.28981473,0.74566814,0.77306645,200.39252,154.91673,False,0.96692544,True,False,False,0.74566814,0.77306645,200.39252,154.91673,0.74124741,0.77163196,198.35903,153.06017,0.94539415,0.83973506,28.475533,23.911904,0.75517286,0.69786045,39.883536,27.833142,0.74268116,0.74405818,75.747305,56.360402,0.74731417,0.7302168,116.34076,84.953979,0.68670824,0.81145207,92.120166,74.751099,0.78137927,0.81691873,99.983283,81.678217
0b_baseline_last,file,19,baseline,3761,065.Slaty_backed_Gull/Slaty_Backed_Gull_0032_796046.jpg,65,64,065.Slaty_backed_Gull,71,70,color_jitter,color_jitter,0,"{""brightness"":1.229567,""contrast"":0.655302,""hue"":-0.078723,""saturation"":0.66837}",1.5835211,0.67859757,-0.90492356,0.20525111,0.50732797,0.51092541,0.20918301,-0.3056743,0.29814497,0.60381927,0.80525094,0.66045625,200.39252,132.35049,False,0.93638974,False,False,True,0.80525094,0.66045625,200.39252,132.35049,0.80312191,0.66087295,198.35903,131.09012,0.91235514,0.63991038,28.475533,18.22179,0.67386502,1.0068575,39.883536,40.157039,0.70198642,0.72672142,75.747305,55.047189,0.87539099,0.6100676,116.34076,70.97573,0.81582523,0.64181462,92.120166,59.12407,0.82228915,0.63324316,99.983283,63.31373
0b_baseline_last,file,19,baseline,3761,065.Slaty_backed_Gull/Slaty_Backed_Gull_0032_796046.jpg,65,64,065.Slaty_backed_Gull,71,70,rotation,rotation,0,"{""angle"":-14.965887}",1.5835211,0.063488163,-1.520033,0.20525111,0.93848521,0.51092541,0.0052854274,-0.3056743,0.93319978,1.2388741,0.68608469,0.066034316,200.39252,13.232783,False,0.89320141,False,False,True,0.68608469,0.066034316,200.39252,13.232783,0.68415261,0.06602597,198.35903,13.096847,0.77926947,0.066438052,28.475533,1.891859,0.43055913,0.050602682,39.883536,2.0182138,0.60476105,0.07289334,75.747305,5.521474,0.74896008,0.064140076,116.34076,7.4621053,0.67365113,0.068504557,92.120166,6.3106512,0.6957687,0.064400374,99.983283,6.4389609
0b_baseline_last,file,19,baseline,3761,065.Slaty_backed_Gull/Slaty_Backed_Gull_0032_796046.jpg,65,64,065.Slaty_backed_Gull,71,70,random_resized_crop,random_resized_crop,0,"{""area_fraction"":0.883061,""aspect"":0.925111,""fallback"":false,""height"":0.977009,""left"":0.012764,""top"":0.016784,""width"":0.903841}",1.5835211,0.99153328,-0.59198785,0.20525111,0.37100741,0.51092541,0.22594847,-0.3056743,0.14505894,0.45073324,0.85966592,0.72615256,200.39252,145.51554,False,0.97462344,False,False,True,0.85966592,0.72615256,200.39252,145.51554,0.85787954,0.72607103,198.35903,144.02275,0.9458838,0.73009781,28.475533,20.789925,0.78548336,0.70358217,39.883536,28.061344,0.79479752,0.73739471,75.747305,55.855662,0.88141694,0.72007232,116.34076,83.773763,0.8485425,0.74362893,92.120166,68.503221,0.88313786,0.71597742,99.983283,71.585773
0b_baseline_last,file,19,baseline,3761,065.Slaty_backed_Gull/Slaty_Backed_Gull_0032_796046.jpg,65,64,065.Slaty_backed_Gull,71,70,gaussian_blur,gaussian_blur,0,"{""sigma"":1.402087}",1.5835211,2.2621751,0.67865396,0.20525111,0.10412377,0.51092541,0.1809805,-0.3056743,-0.076856732,0.22881757,0.57412024,0.99690235,200.39252,199.77177,False,0.81043482,False,False,False,0.57412024,0.99690235,200.39252,199.77177,0.57057666,0.99153966,198.35903,196.68085,0.72579063,1.2293292,28.475533,35.005804,0.52618242,1.1238191,39.883536,44.821878,0.50734821,1.1327766,75.747305,85.804771,0.61853469,0.8958283,116.34076,104.22135,0.5361249,1.0024061,92.120166,92.341821,0.59857427,0.99629881,99.983283,99.613225
0b_baseline_last,file,19,baseline,3761,065.Slaty_backed_Gull/Slaty_Backed_Gull_0032_796046.jpg,65,64,065.Slaty_backed_Gull,71,70,random_erasing,random_erasing,0,"{""area_fraction"":0.129446,""erased"":true,""height"":0.545019,""left"":0.320443,""top"":0.012841,""width"":0.237507}",1.5835211,0.91687804,-0.66664308,0.20525111,0.39976516,0.51092541,0.13939846,-0.3056743,0.26036671,0.56604101,0.78880407,0.5754804,200.39252,115.32197,False,0.9303757,False,False,True,0.78880407,0.5754804,200.39252,115.32197,0.78773649,0.57425571,198.35903,113.90881,0.83942035,0.63206294,28.475533,17.998329,0.88306747,0.71738589,39.883536,28.611886,0.76367507,0.5789831,75.747305,43.856409,0.80270714,0.55637776,116.34076,64.729413,0.76853642,0.57969228,92.120166,53.40135,0.7840221,0.56503611,99.983283,56.494165
0b_baseline_last,file,19,baseline,4768,082.Ringed_Kingfisher/Ringed_Kingfisher_0026_72867.jpg,82,81,082.Ringed_Kingfisher,80,79,identity,identity,0,{},0.0064617977,0.0064617977,0,0.99355906,0.99355906,0.0034752726,0.0034752726,0.99008379,0.99008379,0,1,1,0.80334998,0.80334998,False,0.99999994,True,True,True,1,1,0.80334998,0.80334998,1,1,0.77647992,0.77647992,1,1,0.20603428,0.20603428,1,1,0.18064439,0.18064439,1,1,0.29143198,0.29143198,1,1,0.35979613,0.35979613,1,1,0.3877411,0.3877411,1,1,0.45338688,0.45338688
0b_baseline_last,file,19,baseline,4768,082.Ringed_Kingfisher/Ringed_Kingfisher_0026_72867.jpg,82,81,082.Ringed_Kingfisher,80,79,horizontal_flip,horizontal_flip,0,"{""flipped"":true}",0.0064617977,0.0023063032,-0.0041554945,0.99355906,0.99769634,0.0034752726,0.0014436123,0.99008379,0.99625273,0.0061689379,0.68899026,0.37259383,0.80334998,0.29932325,False,0.980214,True,True,True,0.68899026,0.37259383,0.80334998,0.29932325,0.66740268,0.37091677,0.77647992,0.28800942,0.97777039,0.3956465,0.20603428,0.081516739,0.72750153,0.4425737,0.18064439,0.079948454,0.56889078,0.36159473,0.29143198,0.10538027,0.59324902,0.36224459,0.35979613,0.1303342,0.63514061,0.37711284,0.3877411,0.14622215,0.76988621,0.36298901,0.45338688,0.16457445
0b_baseline_last,file,19,baseline,4768,082.Ringed_Kingfisher/Ringed_Kingfisher_0026_72867.jpg,82,81,082.Ringed_Kingfisher,80,79,color_jitter,color_jitter,0,"{""brightness"":0.860813,""contrast"":1.278874,""hue"":-0.051849,""saturation"":0.688592}",0.0064617977,0.41801545,0.41155365,0.99355906,0.65835208,0.0034752726,0.15183498,0.99008379,0.5065171,-0.48356669,0.57804777,55.549594,0.80334998,44.625765,False,0.89586866,True,True,True,0.57804777,55.549594,0.80334998,44.625765,0.55922566,55.921051,0.77647992,43.421573,0.88061439,49.976573,0.20603428,10.296887,0.32047416,46.046774,0.18064439,8.3180912,0.35954971,56.168427,0.29143198,16.369276,0.49429859,62.828196,0.35979613,22.605342,0.56780057,57.052267,0.3877411,22.121509,0.73189895,51.628825,0.45338688,23.407832
0b_baseline_last,file,19,baseline,4768,082.Ringed_Kingfisher/Ringed_Kingfisher_0026_72867.jpg,82,81,082.Ringed_Kingfisher,80,79,rotation,rotation,0,"{""angle"":-5.062479}",0.0064617977,0.0033952706,-0.0030665272,0.99355906,0.99661046,0.0034752726,0.0022852279,0.99008379,0.99432523,0.0042414449,0.76428856,0.5665465,0.80334998,0.45513512,False,0.98251653,True,True,True,0.76428856,0.5665465,0.80334998,0.45513512,0.74894562,0.56558873,0.77647992,0.4391683,0.9770232,0.57997893,0.20603428,0.11949554,0.60590315,0.40189002,0.18064439,0.072599176,0.69863778,0.63276388,0.29143198,0.18440763,0.70305256,0.58980044,0.35979613,0.21220792,0.73214014,0.56068487,0.3877411,0.21740057,0.84192921,0.54607193,0.45338688,0.24758185
0b_baseline_last,file,19,baseline,4768,082.Ringed_Kingfisher/Ringed_Kingfisher_0026_72867.jpg,82,81,082.Ringed_Kingfisher,80,79,random_resized_crop,random_resized_crop,0,"{""area_fraction"":0.664752,""aspect"":0.809774,""fallback"":false,""height"":0.906041,""left"":0.23438,""top"":0.083526,""width"":0.733689}",0.0064617977,0.25768167,0.25121987,0.99355906,0.77284122,0.0034752726,0.046967369,0.99008379,0.72587385,-0.26420994,0.45451354,38.228925,0.80334998,30.711207,False,0.89740801,True,True,True,0.45451354,38.228925,0.80334998,30.711207,0.43426228,38.786929,0.77647992,30.117272,0.85454093,29.173154,0.20603428,6.0106697,0.11053203,46.306454,0.18064439,8.3650009,0.37982968,44.273857,0.29143198,12.902818,0.34827086,40.748759,0.35979613,14.661246,0.48408901,40.665334,0.3877411,15.767621,0.57689686,31.735219,0.45338688,14.388332
0b_baseline_last,file,19,baseline,4768,082.Ringed_Kingfisher/Ringed_Kingfisher_0026_72867.jpg,82,81,082.Ringed_Kingfisher,80,79,gaussian_blur,gaussian_blur,0,"{""sigma"":1.851183}",0.0064617977,0.27909005,0.27262825,0.99355906,0.75647181,0.0034752726,0.063218996,0.99008379,0.69325282,-0.29683097,0.25835675,57.080008,0.80334998,45.855223,False,0.84851116,True,True,True,0.25835675,57.080008,0.80334998,45.855223,0.23829271,58.398369,0.77647992,45.345161,0.80207155,33.103223,0.20603428,6.8203986,-0.44271464,76.900471,0.18064439,13.891638,-0.12742241,73.686965,0.29143198,21.474738,0.32036957,71.705145,0.35979613,25.799234,0.38491511,55.695174,0.3877411,21.595308,0.55049349,36.247693,0.45338688,16.434229
0b_baseline_last,file,19,baseline,4768,082.Ringed_Kingfisher/Ringed_Kingfisher_0026_72867.jpg,82,81,082.Ringed_Kingfisher,80,79,random_erasing,random_erasing,0,"{""area_fraction"":0.110476,""erased"":true,""height"":0.421225,""left"":0.671217,""top"":0.163675,""width"":0.262274}",0.0064617977,0.0067009027,0.00023910496,0.99355906,0.99332148,0.0034752726,0.0035755481,0.99008379,0.98974593,-0.00033785962,0.97498158,1.0136372,0.80334998,0.81430544,False,0.99341214,True,True,True,0.97498158,1.0136372,0.80334998,0.81430544,0.97369177,1.0136784,0.77647992,0.78710093,0.99331222,1.013052,0.20603428,0.20872343,0.992535,1.0179042,0.18064439,0.18387868,0.9804682,1.0136439,0.29143198,0.29540824,0.97233257,0.99557667,0.35979613,0.35820464,0.97018496,1.0099703,0.3877411,0.39160701,0.97150019,1.0269387,0.45338688,0.46560054
0b_baseline_last,file,19,baseline,2152,038.Great_Crested_Flycatcher/Great_Crested_Flycatcher_0136_29490.jpg,38,37,038.Great_Crested_Flycatcher,32,31,identity,identity,0,{},0.60055935,0.60055935,0,0.54850477,0.54850477,0.16217688,0.16217688,0.38632789,0.38632789,0,1,1,88.187942,88.187942,False,1,True,True,True,1,1,88.187942,88.187942,1,1,86.433189,86.433189,1,1,17.504769,17.504769,1,1,28.598449,28.598449,1,1,37.831394,37.831394,1,1,42.713823,42.713823,1,1,41.845058,41.845058,1,1,40.572538,40.572538
0b_baseline_last,file,19,baseline,2152,038.Great_Crested_Flycatcher/Great_Crested_Flycatcher_0136_29490.jpg,38,37,038.Great_Crested_Flycatcher,32,31,horizontal_flip,horizontal_flip,0,"{""flipped"":true}",0.60055935,0.9271816,0.32662225,0.54850477,0.39566728,0.16217688,0.061230611,0.38632789,0.33443667,-0.051891219,0.61734849,1.2114819,88.187942,106.8381,False,0.9588604,True,True,True,0.61734849,1.2114819,88.187942,106.8381,0.60542,1.2133227,86.433189,104.87135,0.9205315,1.1657023,17.504769,20.40535,0.74161263,1.0396475,28.598449,29.732306,0.57988409,1.1463276,37.831394,43.367172,0.56409871,1.2580407,42.713823,53.73573,0.58076456,1.3186955,41.845058,55.18089,0.65257979,1.1822494,40.572538,47.966858
0b_baseline_last,file,19,baseline,2152,038.Great_Crested_Flycatcher/Great_Crested_Flycatcher_0136_29490.jpg,38,37,038.Great_Crested_Flycatcher,32,31,color_jitter,color_jitter,0,"{""brightness"":1.223788,""contrast"":0.837195,""hue"":0.091453,""saturation"":1.142645}",0.60055935,5.0714884,4.470929,0.54850477,0.0062730778,0.16217688,0.0088618426,0.38632789,-0.0025887648,-0.38891666,0.45333326,2.6815505,88.187942,236.48042,False,0.80421507,False,True,False,0.45333326,2.6815505,88.187942,236.48042,0.44576884,2.6941112,86.433189,232.86063,0.66832006,2.3546698,17.504769,41.217951,0.63684572,2.6253632,28.598449,75.081317,0.53421667,3.019433,37.831394,114.22936,0.38215819,2.6113438,42.713823,111.54048,0.37728108,2.6424518,41.845058,110.57355,0.40884928,2.5697875,40.572538,104.2628
0b_baseline_last,file,19,baseline,2152,038.Great_Crested_Flycatcher/Great_Crested_Flycatcher_0136_29490.jpg,38,37,038.Great_Crested_Flycatcher,32,31,rotation,rotation,0,"{""angle"":-4.268931}",0.60055935,1.0512078,0.45064843,0.54850477,0.34951535,0.16217688,0.2506218,0.38632789,0.098893553,-0.28743434,0.77769172,1.7198082,88.187942,151.66635,False,0.98965102,True,True,True,0.77769172,1.7198082,88.187942,151.66635,0.77097591,1.7298811,86.433189,149.51914,0.98414345,1.4527731,17.504769,25.430457,0.80653233,2.1340096,28.598449,61.029366,0.65473972,1.6243556,37.831394,61.451635,0.75661639,1.6947782,42.713823,72.390457,0.79002524,1.773114,41.845058,74.19606,0.86179144,1.5800483,40.572538,64.106569
0b_baseline_last,file,19,baseline,2152,038.Great_Crested_Flycatcher/Great_Crested_Flycatcher_0136_29490.jpg,38,37,038.Great_Crested_Flycatcher,32,31,random_resized_crop,random_resized_crop,0,"{""area_fraction"":0.87308,""aspect"":0.882284,""fallback"":false,""height"":0.994771,""left"":0.099361,""top"":0.002423,""width"":0.87767}",0.60055935,2.0507472,1.4501878,0.54850477,0.12863877,0.16217688,0.15983284,0.38632789,-0.031194061,-0.41752195,0.67731895,2.2860098,88.187942,201.5985,False,0.96366799,False,True,False,0.67731895,2.2860098,88.187942,201.5985,0.67089664,2.3017352,86.433189,198.94632,0.8856696,1.8619615,17.504769,32.593206,0.79702323,2.2268519,28.598449,63.684512,0.51407605,2.3200935,37.831394,87.772371,0.65147525,2.4612861,42.713823,105.13094,0.70024172,2.3082299,41.845058,96.588015,0.74936651,2.1256948,40.572538,86.244834
0b_baseline_last,file,19,baseline,2152,038.Great_Crested_Flycatcher/Great_Crested_Flycatcher_0136_29490.jpg,38,37,038.Great_Crested_Flycatcher,32,31,gaussian_blur,gaussian_blur,0,"{""sigma"":1.862236}",0.60055935,6.5431376,5.9425782,0.54850477,0.0014399631,0.16217688,0.42438424,0.38632789,-0.42294427,-0.80927217,0.49107079,1.8985043,88.187942,167.42519,False,0.83383006,False,True,False,0.49107079,1.8985043,88.187942,167.42519,0.47922792,1.901039,86.433189,164.31287,0.79038896,1.8356234,17.504769,32.132163,0.66237789,1.4446378,28.598449,41.314402,0.34128182,1.8331846,37.831394,69.351928,0.4367785,1.9558416,42.713823,83.541472,0.49295847,1.9505645,41.845058,81.621485,0.56194253,2.038565,40.572538,82.709757
0b_baseline_last,file,19,baseline,2152,038.Great_Crested_Flycatcher/Great_Crested_Flycatcher_0136_29490.jpg,38,37,038.Great_Crested_Flycatcher,32,31,random_erasing,random_erasing,0,"{""area_fraction"":0.054105,""erased"":true,""height"":0.265571,""left"":0.38321,""top"":0.489432,""width"":0.203729}",0.60055935,0.36955237,-0.23100698,0.54850477,0.69104362,0.16217688,0.037826315,0.38632789,0.6532173,0.26688941,0.8877418,0.60541084,88.187942,53.389936,False,0.983652,True,True,True,0.8877418,0.60541084,88.187942,53.389936,0.88535608,0.60176241,86.433189,52.012244,0.94626867,0.68840564,17.504769,12.050382,0.944591,0.53023774,28.598449,15.163977,0.90752137,0.58819538,37.831394,22.252251,0.87561153,0.5840322,42.713823,24.946248,0.86052339,0.62320607,41.845058,26.078094,0.88473951,0.64167179,40.572538,26.034254
0b_baseline_last,file,19,baseline,4699,081.Pied_Kingfisher/Pied_Kingfisher_0106_71404.jpg,81,80,081.Pied_Kingfisher,79,78,identity,identity,0,{},0.038687188,0.038687188,0,0.96205163,0.96205163,0.032753546,0.032753546,0.92929808,0.92929808,0,1,1,9.3201917,9.3201917,False,0.99999994,True,True,True,1,1,9.3201917,9.3201917,1,1,9.1875857,9.1875857,1,1,1.5666023,1.5666023,1,1,2.9877054,2.9877054,1,1,4.6042595,4.6042595,1,1,4.8829112,4.8829112,1,1,4.1404312,4.1404312,1,1,3.6469369,3.6469369
0b_baseline_last,file,19,baseline,4699,081.Pied_Kingfisher/Pied_Kingfisher_0106_71404.jpg,81,80,081.Pied_Kingfisher,79,78,horizontal_flip,horizontal_flip,0,"{""flipped"":true}",0.038687188,0.037144396,-0.0015427917,0.96205163,0.96353698,0.032753546,0.01185282,0.92929808,0.95168416,0.022386073,0.68038617,0.68112472,9.3201917,6.3482129,False,0.95835179,True,True,True,0.68038617,0.68112472,9.3201917,6.3482129,0.67514411,0.68242734,9.1875857,6.2698597,0.87598316,0.63469678,1.5666023,0.99431744,0.69003265,0.72344677,2.9877054,2.1614458,0.7363879,0.61884195,4.6042595,2.8493089,0.72513592,0.64019433,4.8829112,3.1260121,0.58388752,0.69012882,4.1404312,2.8574309,0.6362641,0.80336565,3.6469369,2.9298239
0b_baseline_last,file,19,baseline,4699,081.Pied_Kingfisher/Pied_Kingfisher_0106_71404.jpg,81,80,081.Pied_Kingfisher,79,78,color_jitter,color_jitter,0,"{""brightness"":1.227911,""contrast"":1.201977,""hue"":0.044913,""saturation"":0.656793}",0.038687188,0.024840631,-0.013846558,0.96205163,0.97546536,0.032753546,0.013835773,0.92929808,0.96162958,0.0323315,0.85458835,0.51007236,9.3201917,4.7539722,False,0.97564137,True,True,True,0.85458835,0.51007236,9.3201917,4.7539722,0.85161186,0.50958203,9.1875857,4.6818286,0.95409357,0.52665919,1.5666023,0.82506551,0.86837735,0.45931196,2.9877054,1.3722889,0.85257313,0.46288666,4.6042595,2.1312503,0.86846719,0.48602807,4.8829112,2.3732319,0.84854186,0.55728822,4.1404312,2.3074135,0.84114471,0.58410504,3.6469369,2.1301942
0b_baseline_last,file,19,baseline,4699,081.Pied_Kingfisher/Pied_Kingfisher_0106_71404.jpg,81,80,081.Pied_Kingfisher,79,78,rotation,rotation,0,"{""angle"":-7.596268}",0.038687188,0.0099511473,-0.028736041,0.96205163,0.99009818,0.032753546,0.0031647957,0.92929808,0.98693338,0.057635298,0.76128344,0.23517634,9.3201917,2.1918886,False,0.96750242,True,True,True,0.76128344,0.23517634,9.3201917,2.1918886,0.75856669,0.23602441,9.1875857,2.1684945,0.87743721,0.20387131,1.5666023,0.31938526,0.78826925,0.24058861,2.9877054,0.71880791,0.80790375,0.21901719,4.6042595,1.008412,0.76233182,0.23907494,4.8829112,1.1673817,0.70368141,0.24531079,4.1404312,1.0156925,0.73674569,0.24129494,3.6469369,0.87998741
0b_baseline_last,file,19,baseline,4699,081.Pied_Kingfisher/Pied_Kingfisher_0106_71404.jpg,81,80,081.Pied_Kingfisher,79,78,random_resized_crop,random_resized_crop,0,"{""area_fraction"":0.804252,""aspect"":0.862595,""fallback"":false,""height"":0.965589,""left"":0.149111,""top"":0.020984,""width"":0.832913}",0.038687188,0.011512159,-0.027175029,0.96205163,0.98855388,0.032753546,0.0056580645,0.92929808,0.98289582,0.053597733,0.78653927,0.23698522,9.3201917,2.2087477,False,0.96372712,True,True,True,0.78653927,0.23698522,9.3201917,2.2087477,0.78253445,0.2372646,9.1875857,2.1798889,0.93112814,0.22716712,1.5666023,0.35588053,0.8611005,0.24677393,2.9877054,0.73728782,0.84093342,0.24050826,4.6042595,1.1073624,0.78124959,0.21794003,4.8829112,1.0641818,0.69430504,0.23573569,4.1404312,0.97604739,0.75934048,0.25968592,3.6469369,0.94705816
0b_baseline_last,file,19,baseline,4699,081.Pied_Kingfisher/Pied_Kingfisher_0106_71404.jpg,81,80,081.Pied_Kingfisher,79,78,gaussian_blur,gaussian_blur,0,"{""sigma"":1.382606}",0.038687188,0.0033732913,-0.035313897,0.96205163,0.9966324,0.032753546,0.00089419668,0.92929808,0.9957382,0.066440116,0.5382889,0.085577496,9.3201917,0.79759867,False,0.92145765,True,True,True,0.5382889,0.085577496,9.3201917,0.79759867,0.53228523,0.085977802,9.1875857,0.78992843,0.80081663,0.070437886,1.5666023,0.11034815,0.53221629,0.087400462,2.9877054,0.26112684,0.38470918,0.07505432,4.6042595,0.34556957,0.59196073,0.087705354,4.8829112,0.42825746,0.5528127,0.094582658,4.1404312,0.39161299,0.60946311,0.086543949,3.6469369,0.31562032
0b_baseline_last,file,19,baseline,4699,081.Pied_Kingfisher/Pied_Kingfisher_0106_71404.jpg,81,80,081.Pied_Kingfisher,79,78,random_erasing,random_erasing,0,"{""area_fraction"":0.101314,""erased"":true,""height"":0.340453,""left"":0.034378,""top"":0.062981,""width"":0.297587}",0.038687188,0.074310683,0.035623495,0.96205163,0.92838323,0.032753546,0.065975122,0.92929808,0.86240811,-0.066889975,0.89425089,2.1165709,9.3201917,19.726847,False,0.97128105,True,True,True,0.89425089,2.1165709,9.3201917,19.726847,0.89215346,2.1191605,9.1875857,19.469969,0.97061578,2.0254897,1.5666023,3.1731369,0.94145885,2.4175159,2.9877054,7.2228253,0.91521397,2.1213302,4.6042595,9.7671546,0.89118875,2.0503698,4.8829112,10.011774,0.86560947,2.1010079,4.1404312,8.6990787,0.85942385,2.0446697,3.6469369,7.4567815
0b_baseline_last,file,19,baseline,1229,022.Chuck_will_Widow/Chuck_Will_Widow_0050_22750.jpg,22,21,022.Chuck_will_Widow,105,104,identity,identity,0,{},0.62945879,0.62945879,0,0.53288013,0.53288013,0.41677362,0.41677362,0.11610651,0.11610651,0,1,1,101.56831,101.56831,False,1.0000001,True,True,True,1,1,101.56831,101.56831,1,1,98.953614,98.953614,1,1,22.897679,22.897679,1,1,14.768173,14.768173,1,1,41.518629,41.518629,1,1,57.758313,57.758313,1,1,51.439901,51.439901,1,1,43.21847,43.21847
0b_baseline_last,file,19,baseline,1229,022.Chuck_will_Widow/Chuck_Will_Widow_0050_22750.jpg,22,21,022.Chuck_will_Widow,105,104,horizontal_flip,horizontal_flip,0,"{""flipped"":true}",0.62945879,1.3493209,0.7198621,0.53288013,0.2594164,0.41677362,0.51940829,0.11610651,-0.25999188,-0.37609839,0.77362626,1.5842285,101.56831,160.90741,False,0.97653282,False,True,False,0.77362626,1.5842285,101.56831,160.90741,0.76421756,1.5872014,98.953614,157.05932,0.9567304,1.5276444,22.897679,34.979511,0.63957094,1.8668932,14.768173,27.570601,0.71143661,1.7193463,41.518629,71.3849,0.76716773,1.5634991,57.758313,90.305071,0.79015853,1.5160461,51.439901,77.98526,0.79944719,1.5650394,43.21847,67.638606
0b_baseline_last,file,19,baseline,1229,022.Chuck_will_Widow/Chuck_Will_Widow_0050_22750.jpg,22,21,022.Chuck_will_Widow,105,104,color_jitter,color_jitter,0,"{""brightness"":1.260525,""contrast"":1.196604,""hue"":0.024364,""saturation"":0.72662}",0.62945879,1.3204933,0.69103456,0.53288013,0.26700354,0.41677362,0.59734219,0.11610651,-0.33033866,-0.44644517,0.77937022,1.3677974,101.56831,138.92487,False,0.94773203,False,True,False,0.77937022,1.3677974,101.56831,138.92487,0.77013359,1.3647598,98.953614,135.04792,0.94542475,1.4233362,22.897679,32.591097,0.45405027,1.710135,14.768173,25.255569,0.69924121,1.2435308,41.518629,51.629692,0.79729861,1.3341244,57.758313,77.056774,0.78867645,1.3807606,51.439901,71.026187,0.80731587,1.454586,43.21847,62.864981
0b_baseline_last,file,19,baseline,1229,022.Chuck_will_Widow/Chuck_Will_Widow_0050_22750.jpg,22,21,022.Chuck_will_Widow,105,104,rotation,rotation,0,"{""angle"":12.05653}",0.62945879,0.30478388,-0.3246749,0.53288013,0.73728269,0.41677362,0.24648654,0.11610651,0.49079615,0.37468964,0.80068052,0.74152083,101.56831,75.315018,False,0.95212573,True,True,True,0.80068052,0.74152083,101.56831,75.315018,0.79684003,0.75125425,98.953614,74.339323,0.95135565,0.52772791,22.897679,12.083744,0.72617773,0.92958797,14.768173,13.728316,0.78679306,0.85442956,41.518629,35.474744,0.81278409,0.762672,57.758313,44.050648,0.8061479,0.71959598,51.439901,37.015946,0.79500764,0.64154793,43.21847,27.72672
0b_baseline_last,file,19,baseline,1229,022.Chuck_will_Widow/Chuck_Will_Widow_0050_22750.jpg,22,21,022.Chuck_will_Widow,105,104,random_resized_crop,random_resized_crop,0,"{""area_fraction"":0.855308,""aspect"":1.098054,""fallback"":false,""height"":0.88257,""left"":0.022576,""top"":0.032202,""width"":0.96911}",0.62945879,1.5065734,0.87711465,0.53288013,0.22166826,0.41677362,0.71792954,0.11610651,-0.49626128,-0.61236779,0.85520167,1.9633268,101.56831,199.41179,False,0.97637308,False,True,False,0.85520167,1.9633268,101.56831,199.41179,0.85040847,1.9787049,98.953614,195.8,0.97609329,1.6500017,22.897679,37.781209,0.77985079,2.7522002,14.768173,40.644969,0.80038559,2.2480409,41.518629,93.335575,0.87420229,1.959339,57.758313,113.16812,0.86832854,1.8700928,51.439901,96.197387,0.87142705,1.7792608,43.21847,76.89693
0b_baseline_last,file,19,baseline,1229,022.Chuck_will_Widow/Chuck_Will_Widow_0050_22750.jpg,22,21,022.Chuck_will_Widow,105,104,gaussian_blur,gaussian_blur,0,"{""sigma"":1.186888}",0.62945879,0.53608215,-0.093376637,0.53288013,0.58503586,0.41677362,0.39703655,0.11610651,0.18799931,0.071892798,0.73735174,1.2039125,101.56831,122.27936,False,0.94632763,True,True,True,0.73735174,1.2039125,101.56831,122.27936,0.73085001,1.2188695,98.953614,120.61154,0.94396149,0.87899847,22.897679,20.127025,0.67021651,1.535043,14.768173,22.669781,0.71509925,1.3236013,41.518629,54.954112,0.74145789,1.2260609,57.758313,70.815209,0.71344445,1.1916724,51.439901,61.299513,0.7744141,1.095309,43.21847,47.337577
0b_baseline_last,file,19,baseline,1229,022.Chuck_will_Widow/Chuck_Will_Widow_0050_22750.jpg,22,21,022.Chuck_will_Widow,105,104,random_erasing,random_erasing,0,"{""area_fraction"":0.156698,""erased"":true,""height"":0.374163,""left"":0.438357,""top"":0.310344,""width"":0.418796}",0.62945879,2.3510866,1.7216278,0.53288013,0.095265597,0.41677362,0.8789649,0.11610651,-0.7836993,-0.89980581,0.83089018,1.7720442,101.56831,179.98353,False,0.95145029,False,True,False,0.83089018,1.7720442,101.56831,179.98353,0.82444472,1.7703474,98.953614,175.18228,0.9491911,1.8034389,22.897679,41.294566,0.75365425,1.9881099,14.768173,29.360751,0.777692,1.740616,41.518629,72.26799,0.87447674,1.7278694,57.758313,99.798822,0.82762366,1.7155112,51.439901,88.245724,0.79186249,1.9160098,43.21847,82.807012
0b_baseline_last,file,19,baseline,4770,082.Ringed_Kingfisher/Ringed_Kingfisher_0077_72872.jpg,82,81,082.Ringed_Kingfisher,80,79,identity,identity,0,{},0.13170187,0.13170187,0,0.87660229,0.87660229,0.080421716,0.080421716,0.79618058,0.79618058,0,1,1,19.634052,19.634052,False,1,True,True,True,1,1,19.634052,19.634052,1,1,19.129993,19.129993,1,1,4.4203326,4.4203326,1,1,4.1359973,4.1359973,1,1,7.9800086,7.9800086,1,1,10.102352,10.102352,1,1,9.5645902,9.5645902,1,1,9.5723946,9.5723946
0b_baseline_last,file,19,baseline,4770,082.Ringed_Kingfisher/Ringed_Kingfisher_0077_72872.jpg,82,81,082.Ringed_Kingfisher,80,79,horizontal_flip,horizontal_flip,0,"{""flipped"":true}",0.13170187,0.17421959,0.042517722,0.87660229,0.84011239,0.080421716,0.11716758,0.79618058,0.7229448,-0.073235773,0.61578301,1.4726629,19.634052,28.914338,False,0.95853972,True,True,True,0.61578301,1.4726629,19.634052,28.914338,0.59910995,1.4783679,19.129993,28.281167,0.95688015,1.3614025,4.4203326,6.017852,0.30850218,1.6210311,4.1359973,6.7045803,0.54144286,1.5722988,7.9800086,12.546958,0.64410688,1.4261189,10.102352,14.407154,0.59319934,1.543754,9.5645902,14.765374,0.66810368,1.369533,9.5723946,13.10971
0b_baseline_last,file,19,baseline,4770,082.Ringed_Kingfisher/Ringed_Kingfisher_0077_72872.jpg,82,81,082.Ringed_Kingfisher,80,79,color_jitter,color_jitter,0,"{""brightness"":1.100598,""contrast"":0.995812,""hue"":-0.078499,""saturation"":0.962092}",0.13170187,1.5038483,1.3721464,0.87660229,0.22227313,0.080421716,0.4957079,0.79618058,-0.27343477,-1.0696153,0.79183501,5.8252294,19.634052,114.37286,False,0.9493593,False,True,False,0.79183501,5.8252294,19.634052,114.37286,0.78416961,5.8413357,19.129993,111.74471,0.94514701,5.5148877,4.4203326,24.377638,0.71348452,5.6428463,4.1359973,23.338797,0.73362337,5.4979787,7.9800086,43.873918,0.81290564,5.6524215,10.102352,57.10275,0.78376416,6.0387121,9.5645902,57.757807,0.80139454,6.1098255,9.5723946,58.48566
0b_baseline_last,file,19,baseline,4770,082.Ringed_Kingfisher/Ringed_Kingfisher_0077_72872.jpg,82,81,082.Ringed_Kingfisher,80,79,rotation,rotation,0,"{""angle"":-2.850121}",0.13170187,0.24182694,0.11012506,0.87660229,0.78519207,0.080421716,0.13770449,0.79618058,0.64748758,-0.148693,0.83400543,1.7792089,19.634052,34.933079,False,0.96771723,True,True,True,0.83400543,1.7792089,19.634052,34.933079,0.82687106,1.7766604,19.129993,33.987501,0.96429582,1.8262837,4.4203326,8.0727816,0.56642118,1.8645639,4.1359973,7.7118312,0.80099386,1.7056928,7.9800086,13.611443,0.83859897,1.7369243,10.102352,17.54702,0.84284489,1.8093686,9.5645902,17.305869,0.86646828,1.8184937,9.5723946,17.407339
0b_baseline_last,file,19,baseline,4770,082.Ringed_Kingfisher/Ringed_Kingfisher_0077_72872.jpg,82,81,082.Ringed_Kingfisher,80,79,random_resized_crop,random_resized_crop,0,"{""area_fraction"":0.529916,""aspect"":1.210782,""fallback"":false,""height"":0.661562,""left"":0.114154,""top"":0.067301,""width"":0.801007}",0.13170187,3.4712162,3.3395143,0.87660229,0.031079205,0.080421716,0.37759471,0.79618058,-0.3465155,-1.1426961,0.59960191,7.026347,19.634052,137.95566,False,0.85906839,False,True,False,0.59960191,7.026347,19.634052,137.95566,0.58826603,7.0510756,19.129993,134.88703,0.82987578,6.5459626,4.4203326,28.935332,0.55029787,9.3846399,4.1359973,38.814845,0.5960346,7.0958224,7.9800086,56.624724,0.62583442,7.40079,10.102352,74.765383,0.57691756,7.1414428,9.5645902,68.304974,0.57141741,5.9336256,9.5723946,56.799006
0b_baseline_last,file,19,baseline,4770,082.Ringed_Kingfisher/Ringed_Kingfisher_0077_72872.jpg,82,81,082.Ringed_Kingfisher,80,79,gaussian_blur,gaussian_blur,0,"{""sigma"":1.851029}",0.13170187,4.6813726,4.5496708,0.87660229,0.0092662871,0.080421716,0.034171138,0.79618058,-0.024904851,-0.82108543,0.36804329,10.137402,19.634052,199.03828,False,0.75463223,False,True,False,0.36804329,10.137402,19.634052,199.03828,0.36286105,10.279546,19.129993,196.64765,0.53880049,6.9578798,4.4203326,30.756143,0.55701509,13.828171,4.1359973,57.193279,0.34484571,10.159463,7.9800086,81.072605,0.36637787,12.287328,10.102352,124.13091,0.38040082,9.4371735,9.5645902,90.262697,0.31990738,7.5842105,9.5723946,72.599055
0b_baseline_last,file,19,baseline,4770,082.Ringed_Kingfisher/Ringed_Kingfisher_0077_72872.jpg,82,81,082.Ringed_Kingfisher,80,79,random_erasing,random_erasing,0,"{""area_fraction"":0.143203,""erased"":true,""height"":0.433551,""left"":0.519548,""top"":0.370094,""width"":0.330302}",0.13170187,4.0380211,3.9063192,0.87660229,0.017632332,0.080421716,0.14224005,0.79618058,-0.12460772,-0.92078829,0.43118683,6.0865144,19.634052,119.50294,False,0.87631857,False,True,False,0.43118683,6.0865144,19.634052,119.50294,0.41145789,6.0154487,19.129993,115.07549,0.74356877,7.2906401,4.4203326,32.227054,0.38498741,8.3321503,4.1359973,34.461751,0.29961046,5.6503686,7.9800086,45.08999,0.38549689,5.2837105,10.102352,53.377901,0.40530032,5.9732563,9.5645902,57.131749,0.52428349,6.5309987,9.5723946,62.517297
0b_baseline_last,file,19,baseline,822,015.Lazuli_Bunting/Lazuli_Bunting_0105_15017.jpg,15,14,015.Lazuli_Bunting,164,163,identity,identity,0,{},0.0089222323,0.0089222323,0,0.99111748,0.99111748,0.002196349,0.002196349,0.98892113,0.98892113,0,1,1,1.1785979,1.1785979,False,1,True,True,True,1,1,1.1785979,1.1785979,1,1,1.1512789,1.1512789,1,1,0.25228905,0.25228905,1,1,0.21553181,0.21553181,1,1,0.38507526,0.38507526,1,1,0.54251106,0.54251106,1,1,0.62030548,0.62030548,1,1,0.67201873,0.67201873
0b_baseline_last,file,19,baseline,822,015.Lazuli_Bunting/Lazuli_Bunting_0105_15017.jpg,15,14,015.Lazuli_Bunting,164,163,horizontal_flip,horizontal_flip,0,"{""flipped"":true}",0.0089222323,0.0079855705,-0.00093666185,0.99111748,0.99204624,0.002196349,0.0024967275,0.98892113,0.98954951,0.00062838104,0.53011146,0.85862882,1.1785979,1.0119781,False,0.96742409,True,True,True,0.53011146,0.85862882,1.1785979,1.0119781,0.50757995,0.8549702,1.1512789,0.98430919,0.96258838,0.93155662,0.25228905,0.23502153,0.11858462,1.0265956,0.21553181,0.22126402,0.26625069,0.94243227,0.38507526,0.36290735,0.32457912,0.82699103,0.54251106,0.44865178,0.52122166,0.82553266,0.62030548,0.51208243,0.75149593,0.84791419,0.67201873,0.56981421
0b_baseline_last,file,19,baseline,822,015.Lazuli_Bunting/Lazuli_Bunting_0105_15017.jpg,15,14,015.Lazuli_Bunting,164,163,color_jitter,color_jitter,0,"{""brightness"":1.229233,""contrast"":0.602735,""hue"":-0.078445,""saturation"":0.774179}",0.0089222323,1.6409316,1.6320094,0.99111748,0.19379942,0.002196349,0.048289966,0.98892113,0.14550946,-0.84341167,0.4211065,119.56296,1.1785979,140.91665,False,0.8032636,True,True,True,0.4211065,119.56296,1.1785979,140.91665,0.41300191,121.44014,1.1512789,139.81148,0.7789381,69.816796,0.25228905,17.614013,0.44602148,190.8176,0.21553181,41.127263,0.29983236,176.85994,0.38507526,68.104387,0.338674,143.40541,0.54251106,77.799022,0.46624158,102.94103,0.62030548,63.854887,0.58646056,82.683531,0.67201873,55.564881
0b_baseline_last,file,19,baseline,822,015.Lazuli_Bunting/Lazuli_Bunting_0105_15017.jpg,15,14,015.Lazuli_Bunting,164,163,rotation,rotation,0,"{""angle"":-14.717126}",0.0089222323,0.026311245,0.017389013,0.99111748,0.97403187,0.002196349,0.0073357644,0.98892113,0.9666961,-0.022225027,0.72117178,2.7632623,1.1785979,3.2567751,False,0.97867006,True,True,True,0.72117178,2.7632623,1.1785979,3.2567751,0.70835909,2.7567385,1.1512789,3.173775,0.97600402,2.8957759,0.25228905,0.73057253,0.76078901,2.6400952,0.21553181,0.56902451,0.58912593,2.6507551,0.38507526,1.0207402,0.57398802,2.5271167,0.54251106,1.3709888,0.71509802,2.8606344,0.62030548,1.7744672,0.81413004,2.8541184,0.67201873,1.918021
0b_baseline_last,file,19,baseline,822,015.Lazuli_Bunting/Lazuli_Bunting_0105_15017.jpg,15,14,015.Lazuli_Bunting,164,163,random_resized_crop,random_resized_crop,0,"{""area_fraction"":0.793131,""aspect"":1.158802,""fallback"":false,""height"":0.827309,""left"":0.02984,""top"":0.030755,""width"":0.958688}",0.0089222323,0.0075372602,-0.0013849721,0.99111748,0.99249107,0.002196349,0.0033374908,0.98892113,0.98915358,0.00023244717,0.76292006,0.91163143,1.1785979,1.0744469,False,0.98197484,True,True,True,0.76292006,0.91163143,1.1785979,1.0744469,0.75313904,0.91110315,1.1512789,1.0489339,0.96412671,0.92256355,0.25228905,0.23275268,0.78298166,1.3919903,0.21553181,0.30001818,0.55516371,1.0317328,0.38507526,0.39729477,0.6790384,0.85956929,0.54251106,0.46632585,0.78641591,0.87372273,0.62030548,0.54197499,0.86044269,0.86922154,0.67201873,0.58413316
0b_baseline_last,file,19,baseline,822,015.Lazuli_Bunting/Lazuli_Bunting_0105_15017.jpg,15,14,015.Lazuli_Bunting,164,163,gaussian_blur,gaussian_blur,0,"{""sigma"":1.667147}",0.0089222323,0.044203568,0.035281336,0.99111748,0.95675915,0.002196349,0.031124828,0.98892113,0.92563433,-0.063286802,0.49780908,7.5346041,1.1785979,8.8802685,False,0.94248259,True,True,True,0.49780908,7.5346041,1.1785979,8.8802685,0.4838969,7.5968557,1.1512789,8.7461,0.87053558,6.0954852,0.25228905,1.5378242,0.59744102,9.9243679,0.21553181,2.139017,0.48038407,11.287786,0.38507526,4.3466471,0.3835908,8.4783238,0.54251106,4.5995845,0.48436599,6.9533631,0.62030548,4.3132092,0.62912072,5.4197809,0.67201873,3.6421942
0b_baseline_last,file,19,baseline,822,015.Lazuli_Bunting/Lazuli_Bunting_0105_15017.jpg,15,14,015.Lazuli_Bunting,164,163,random_erasing,random_erasing,0,"{""area_fraction"":0.137876,""erased"":true,""height"":0.397129,""left"":0.397477,""top"":0.086227,""width"":0.347181}",0.0089222323,3.5192683,3.510346,0.99111748,0.029621104,0.002196349,0.026010169,0.98892113,0.0036109351,-0.98531019,0.33140123,94.95736,1.1785979,111.91654,False,0.73921311,False,True,False,0.33140123,94.95736,1.1785979,111.91654,0.31283528,94.89372,1.1512789,109.24914,0.7125124,96.273039,0.25228905,24.288633,0.13586535,90.980548,0.21553181,19.609202,0.17656229,123.45143,0.38507526,47.538089,0.24564526,103.4191,0.54251106,56.106007,0.35038045,89.097139,0.62030548,55.267443,0.42979848,82.698981,0.67201873,55.575264
0b_baseline_last,file,19,baseline,11174,190.Red_cockaded_Woodpecker/Red_Cockaded_Woodpecker_0029_794724.jpg,190,189,190.Red_cockaded_Woodpecker,28,27,identity,identity,0,{},2.4525895,2.4525895,0,0.086070411,0.086070411,0.25048697,0.25048697,-0.16441656,-0.16441656,0,1,1,120.77256,120.77256,False,1,True,False,False,1,1,120.77256,120.77256,1,1,118.62867,118.62867,1,1,22.654988,22.654988,1,1,31.877034,31.877034,1,1,52.912141,52.912141,1,1,65.713732,65.713732,1,1,51.96922,51.96922,1,1,56.901914,56.901914
0b_baseline_last,file,19,baseline,11174,190.Red_cockaded_Woodpecker/Red_Cockaded_Woodpecker_0029_794724.jpg,190,189,190.Red_cockaded_Woodpecker,28,27,horizontal_flip,horizontal_flip,0,"{""flipped"":true}",2.4525895,2.5137835,0.061193943,0.086070411,0.080961354,0.25048697,0.10775649,-0.16441656,-0.026795134,0.13762143,0.7775558,1.0310135,120.77256,124.51813,False,0.9497211,True,False,False,0.7775558,1.0310135,120.77256,124.51813,0.77254319,1.0348417,118.62867,122.7619,0.93740597,0.91986023,22.654988,20.839422,0.85516532,0.95990387,31.877034,30.598889,0.81337238,1.0842551,52.912141,57.370257,0.80190376,1.0301459,65.713732,67.694734,0.703021,1.0804317,51.96922,56.149193,0.73415076,0.97967323,56.901914,55.745282
0b_baseline_last,file,19,baseline,11174,190.Red_cockaded_Woodpecker/Red_Cockaded_Woodpecker_0029_794724.jpg,190,189,190.Red_cockaded_Woodpecker,28,27,color_jitter,color_jitter,0,"{""brightness"":0.970499,""contrast"":1.001765,""hue"":-0.002398,""saturation"":1.223477}",2.4525895,2.4468389,-0.0057506561,0.086070411,0.086566791,0.25048697,0.28709522,-0.16441656,-0.20052843,-0.036111869,0.96398609,0.95781166,120.77256,115.67736,False,0.99131763,True,False,False,0.96398609,0.95781166,120.77256,115.67736,0.96304766,0.955187,118.62867,113.31257,0.99036299,1.0271674,22.654988,23.270465,0.97732093,0.90600409,31.877034,28.880724,0.96206141,0.9392541,52.912141,49.697945,0.96539872,0.92269457,65.713732,60.633703,0.95465485,0.97185307,51.96922,50.506446,0.96654425,1.0108407,56.901914,57.518769
0b_baseline_last,file,19,baseline,11174,190.Red_cockaded_Woodpecker/Red_Cockaded_Woodpecker_0029_794724.jpg,190,189,190.Red_cockaded_Woodpecker,28,27,rotation,rotation,0,"{""angle"":10.108824}",2.4525895,3.0219531,0.56936359,0.086070411,0.048706006,0.25048697,0.16129082,-0.16441656,-0.11258482,0.051831741,0.77304216,1.0292841,120.77256,124.30928,False,0.91054875,True,False,False,0.77304216,1.0292841,120.77256,124.30928,0.76836285,1.0292386,118.62867,122.09721,0.90118387,1.030531,22.654988,23.346666,0.84380961,1.0117088,31.877034,32.250277,0.80848112,0.99081831,52.912141,52.426318,0.79270836,0.99798817,65.713732,65.581527,0.69655872,1.0927916,51.96922,56.791527,0.74671511,1.0534081,56.901914,59.940935
0b_baseline_last,file,19,baseline,11174,190.Red_cockaded_Woodpecker/Red_Cockaded_Woodpecker_0029_794724.jpg,190,189,190.Red_cockaded_Woodpecker,28,27,random_resized_crop,random_resized_crop,0,"{""area_fraction"":0.604787,""aspect"":0.972892,""fallback"":false,""height"":0.78844,""left"":0.054034,""top"":0.201384,""width"":0.767067}",2.4525895,2.2565975,-0.19599199,0.086070411,0.10470613,0.25048697,0.075269967,-0.16441656,0.029436164,0.19385272,0.6721307,1.0338487,120.77256,124.86056,False,0.88194901,False,False,True,0.6721307,1.0338487,120.77256,124.86056,0.66717153,1.0405904,118.62867,123.44386,0.86018945,0.8278799,22.654988,18.755609,0.69841522,1.3150364,31.877034,41.91946,0.75046118,1.049124,52.912141,55.511398,0.68344696,1.0297998,65.713732,67.671989,0.58706833,1.0471994,51.96922,54.422136,0.63534512,0.93957561,56.901914,53.463651
0b_baseline_last,file,19,baseline,11174,190.Red_cockaded_Woodpecker/Red_Cockaded_Woodpecker_0029_794724.jpg,190,189,190.Red_cockaded_Woodpecker,28,27,gaussian_blur,gaussian_blur,0,"{""sigma"":1.539283}",2.4525895,2.6089954,0.15640593,0.086070411,0.073608443,0.25048697,0.03502126,-0.16441656,0.038587183,0.20300374,0.5651603,1.2200814,120.77256,147.35236,False,0.80168742,False,False,True,0.5651603,1.2200814,120.77256,147.35236,0.5600843,1.2298515,118.62867,145.89565,0.77749608,0.91230469,22.654988,20.668252,0.53687154,1.2251047,31.877034,39.052706,0.59001342,1.431119,52.912141,75.72357,0.57757638,1.155421,65.713732,75.927027,0.50591313,1.2419101,51.96922,64.541097,0.57186908,1.1247288,56.901914,63.999224
0b_baseline_last,file,19,baseline,11174,190.Red_cockaded_Woodpecker/Red_Cockaded_Woodpecker_0029_794724.jpg,190,189,190.Red_cockaded_Woodpecker,28,27,random_erasing,random_erasing,0,"{""area_fraction"":0.191985,""erased"":true,""height"":0.631527,""left"":0.317307,""top"":0.228515,""width"":0.304001}",2.4525895,3.5222454,1.0696559,0.086070411,0.029533044,0.25048697,0.029592462,-0.16441656,-5.941838e-05,0.16435714,0.71797742,1.0727849,120.77256,129.56297,False,0.86106157,False,False,False,0.71797742,1.0727849,120.77256,129.56297,0.71507025,1.0782351,118.62867,127.9096,0.82230041,0.91072353,22.654988,20.632431,0.75757648,0.86193065,31.877034,27.475793,0.81284965,1.0557138,52.912141,55.860076,0.76946866,1.0939545,65.713732,71.887833,0.62747912,1.145443,51.96922,59.527778,0.63165361,1.0796539,56.901914,61.434374
0b_baseline_last,file,19,baseline,1877,034.Gray_crowned_Rosy_Finch/Gray_Crowned_Rosy_Finch_0074_27156.jpg,34,33,034.Gray_crowned_Rosy_Finch,120,119,identity,identity,0,{},0.00066282233,0.00066282233,0,0.99933738,0.99933738,0.00018655912,0.00018655912,0.99915082,0.99915082,0,1,1,0.12293119,0.12293119,False,1,True,True,True,1,1,0.12293119,0.12293119,1,1,0.1209286,0.1209286,1,1,0.022098682,0.022098682,1,1,0.021316303,0.021316303,1,1,0.05324477,0.05324477,1,1,0.069656169,0.069656169,1,1,0.054333337,0.054333337,1,1,0.059415849,0.059415849
0b_baseline_last,file,19,baseline,1877,034.Gray_crowned_Rosy_Finch/Gray_Crowned_Rosy_Finch_0074_27156.jpg,34,33,034.Gray_crowned_Rosy_Finch,120,119,horizontal_flip,horizontal_flip,0,"{""flipped"":true}",0.00066282233,0.0014885309,0.00082570856,0.99933738,0.99851257,0.00018655912,0.00075772183,0.99915082,0.99775484,-0.0013959718,0.68273837,2.1568614,0.12293119,0.26514555,False,0.96944809,True,True,True,0.68273837,2.1568614,0.12293119,0.26514555,0.67278976,2.145955,0.1209286,0.25950734,0.94867971,2.4611631,0.022098682,0.05438846,0.52751751,2.0074778,0.021316303,0.042792005,0.6211019,1.9925009,0.05324477,0.10609025,0.68950832,2.0803578,0.069656169,0.14490976,0.64724415,2.3459793,0.054333337,0.12746489,0.73312997,2.1951824,0.059415849,0.13042862
0b_baseline_last,file,19,baseline,1877,034.Gray_crowned_Rosy_Finch/Gray_Crowned_Rosy_Finch_0074_27156.jpg,34,33,034.Gray_crowned_Rosy_Finch,120,119,color_jitter,color_jitter,0,"{""brightness"":0.972889,""contrast"":0.89855,""hue"":0.088717,""saturation"":1.07667}",0.00066282233,0.093015499,0.092352677,0.99933738,0.91117936,0.00018655912,0.00061640778,0.99915082,0.91056296,-0.08858786,0.37837857,137.29049,0.12293119,16.877284,False,0.87867647,True,True,True,0.37837857,137.29049,0.12293119,16.877284,0.36602953,137.16535,0.1209286,16.587214,0.73828793,140.98618,0.022098682,3.1156088,0.25794658,137.00989,0.021316303,2.9205444,0.22332083,152.26922,0.05324477,8.1075396,0.42298968,141.49844,0.069656169,9.8562392,0.34307729,137.95784,0.054333337,7.4957096,0.46772593,116.04863,0.059415849,6.8951281
0b_baseline_last,file,19,baseline,1877,034.Gray_crowned_Rosy_Finch/Gray_Crowned_Rosy_Finch_0074_27156.jpg,34,33,034.Gray_crowned_Rosy_Finch,120,119,rotation,rotation,0,"{""angle"":-10.600415}",0.00066282233,0.015176304,0.014513481,0.99933738,0.98493826,0.00018655912,0.00059391075,0.99915082,0.98434435,-0.014806463,0.71167747,20.801967,0.12293119,2.5572107,False,0.94105971,True,True,True,0.71167747,20.801967,0.12293119,2.5572107,0.70566407,20.855677,0.1209286,2.5220479,0.91065244,19.123859,0.022098682,0.42261209,0.73159291,23.928014,0.021316303,0.5100568,0.60557971,21.352617,0.05324477,1.1369152,0.74687324,20.27741,0.069656169,1.4124467,0.67150461,21.243129,0.054333337,1.1542101,0.76088057,20.480647,0.059415849,1.2168751
0b_baseline_last,file,19,baseline,1877,034.Gray_crowned_Rosy_Finch/Gray_Crowned_Rosy_Finch_0074_27156.jpg,34,33,034.Gray_crowned_Rosy_Finch,120,119,random_resized_crop,random_resized_crop,0,"{""area_fraction"":0.898268,""aspect"":1.050512,""fallback"":false,""height"":0.924703,""left"":0.002584,""top"":0.028716,""width"":0.971412}",0.00066282233,0.0037211003,0.0030582779,0.99933738,0.9962858,0.00018655912,0.0016898643,0.99915082,0.99459593,-0.0045548842,0.78660913,5.7416984,0.12293119,0.70583384,False,0.97412813,True,True,True,0.78660913,5.7416984,0.12293119,0.70583384,0.78100945,5.7476289,0.1209286,0.69505272,0.96032823,5.5611811,0.022098682,0.12289477,0.59917924,6.0793264,0.021316303,0.12958876,0.72428704,5.2203575,0.05324477,0.27795674,0.81919607,5.9692208,0.069656169,0.41579305,0.74388949,6.1137933,0.054333337,0.33218279,0.83397049,5.4748597,0.059415849,0.32529344
0b_baseline_last,file,19,baseline,1877,034.Gray_crowned_Rosy_Finch/Gray_Crowned_Rosy_Finch_0074_27156.jpg,34,33,034.Gray_crowned_Rosy_Finch,120,119,gaussian_blur,gaussian_blur,0,"{""sigma"":1.788655}",0.00066282233,4.0429182,4.0422554,0.99933738,0.017546194,0.00018655912,0.0064989459,0.99915082,0.011047248,-0.98810357,0.2290963,1631.85,0.12293119,200.60527,False,0.5985629,False,True,False,0.2290963,1631.85,0.12293119,200.60527,0.22284551,1648.4867,0.1209286,199.34919,0.56029446,1014.2566,0.022098682,22.413733,0.14484549,2021.3792,0.021316303,43.088333,0.22374434,2040.8023,0.05324477,108.66205,0.15830945,1615.8464,0.069656169,112.55367,0.25008004,1657.5545,0.054333337,90.06047,0.34219124,1224.9152,0.059415849,72.779377
0b_baseline_last,file,19,baseline,1877,034.Gray_crowned_Rosy_Finch/Gray_Crowned_Rosy_Finch_0074_27156.jpg,34,33,034.Gray_crowned_Rosy_Finch,120,119,random_erasing,random_erasing,0,"{""area_fraction"":0.135059,""erased"":true,""height"":0.337935,""left"":0.300782,""top"":0.602033,""width"":0.399659}",0.00066282233,0.04766665,0.047003828,0.99933738,0.95345157,0.00018655912,0.0062756217,0.99915082,0.94717595,-0.051974864,0.76588807,58.405286,0.12293119,7.1798316,False,0.94695717,True,True,True,0.76588807,58.405286,0.12293119,7.1798316,0.76041572,58.46722,0.1209286,7.0703592,0.93583187,56.519234,0.022098682,1.2490006,0.82990493,64.926798,0.021316303,1.3839993,0.70500803,55.674499,0.05324477,2.9643759,0.8114647,56.798096,0.069656169,3.9563378,0.72886453,60.991487,0.054333337,3.313871,0.75488125,59.867132,0.059415849,3.5570565
0b_baseline_last,file,19,baseline,605,012.Yellow_headed_Blackbird/Yellow_Headed_Blackbird_0074_8452.jpg,12,11,012.Yellow_headed_Blackbird,10,9,identity,identity,0,{},0.084908269,0.084908269,0,0.91859657,0.91859657,0.023455897,0.023455897,0.89514067,0.89514067,0,1,1,10.328403,10.328403,False,1,True,True,True,1,1,10.328403,10.328403,1,1,10.077163,10.077163,1,1,2.2642207,2.2642207,1,1,2.6966738,2.6966738,1,1,4.7724325,4.7724325,1,1,5.1992282,5.1992282,1,1,4.4128669,4.4128669,1,1,4.9995676,4.9995676
0b_baseline_last,file,19,baseline,605,012.Yellow_headed_Blackbird/Yellow_Headed_Blackbird_0074_8452.jpg,12,11,012.Yellow_headed_Blackbird,10,9,horizontal_flip,horizontal_flip,0,"{""flipped"":true}",0.084908269,0.54948294,0.46457467,0.91859657,0.57724822,0.023455897,0.041350573,0.89514067,0.53589764,-0.35924303,0.61964122,5.3668306,10.328403,55.430787,False,0.96380866,True,True,True,0.61964122,5.3668306,10.328403,55.430787,0.60493819,5.3872054,10.077163,54.287745,0.93902187,4.9459793,2.2642207,11.198789,0.51050324,4.9042533,2.6966738,13.225171,0.59652558,5.2155384,4.7724325,24.890805,0.62308189,5.3898797,5.1992282,28.023214,0.57074605,5.7607576,4.4128669,25.421457,0.64847556,5.3713153,4.9995676,26.854254
0b_baseline_last,file,19,baseline,605,012.Yellow_headed_Blackbird/Yellow_Headed_Blackbird_0074_8452.jpg,12,11,012.Yellow_headed_Blackbird,10,9,color_jitter,color_jitter,0,"{""brightness"":1.077875,""contrast"":1.390794,""hue"":0.045298,""saturation"":1.097854}",0.084908269,0.015434816,-0.069473454,0.91859657,0.98468369,0.023455897,0.0024256734,0.89514067,0.98225802,0.087117351,0.57600007,0.19478322,10.328403,2.0117996,False,0.94500881,True,True,True,0.57600007,0.19478322,10.328403,2.0117996,0.55734903,0.19441824,10.077163,1.9591843,0.93217708,0.20187679,2.2642207,0.45709361,0.3662994,0.13551907,2.6966738,0.36545072,0.45091773,0.14393805,4.7724325,0.68693461,0.50248128,0.18265943,5.1992282,0.94968806,0.55644485,0.22392149,4.4128669,0.98813573,0.73157979,0.23279899,4.9995676,1.1638943
0b_baseline_last,file,19,baseline,605,012.Yellow_headed_Blackbird/Yellow_Headed_Blackbird_0074_8452.jpg,12,11,012.Yellow_headed_Blackbird,10,9,rotation,rotation,0,"{""angle"":5.92086}",0.084908269,0.090153918,0.0052456483,0.91859657,0.91379052,0.023455897,0.018346714,0.89514067,0.89544381,0.00030314177,0.80302019,1.2309295,10.328403,12.713535,False,0.97239959,True,True,True,0.80302019,1.2309295,10.328403,12.713535,0.79582103,1.2363142,10.077163,12.45854,0.96440226,1.1189414,2.2642207,2.5335302,0.66856685,1.3109661,2.6966738,3.5352481,0.81766367,1.1569082,4.7724325,5.5212665,0.81502288,1.2658647,5.1992282,6.5815193,0.76731628,1.2693158,4.4128669,5.6013216,0.82062281,1.2255307,4.9995676,6.1271238
0b_baseline_last,file,19,baseline,605,012.Yellow_headed_Blackbird/Yellow_Headed_Blackbird_0074_8452.jpg,12,11,012.Yellow_headed_Blackbird,10,9,random_resized_crop,random_resized_crop,0,"{""area_fraction"":0.697006,""aspect"":0.768017,""fallback"":false,""height"":0.952649,""left"":0.144847,""top"":0.024399,""width"":0.73165}",0.084908269,0.19123861,0.10633034,0.91859657,0.82593548,0.023455897,0.025747905,0.89514067,0.80018758,-0.09495309,0.71416284,2.5201282,10.328403,26.028899,False,0.95981413,True,True,True,0.71416284,2.5201282,10.328403,26.028899,0.70372887,2.5307439,10.077163,25.502718,0.94472362,2.2997764,2.2642207,5.2072013,0.41612307,2.9124819,2.6966738,7.8540136,0.63042602,2.3980662,4.7724325,11.444609,0.78048232,2.5199603,5.1992282,13.101849,0.71413447,2.554933,4.4128669,11.274579,0.77598375,2.5217212,4.9995676,12.607515
0b_baseline_last,file,19,baseline,605,012.Yellow_headed_Blackbird/Yellow_Headed_Blackbird_0074_8452.jpg,12,11,012.Yellow_headed_Blackbird,10,9,gaussian_blur,gaussian_blur,0,"{""sigma"":1.735111}",0.084908269,0.35088593,0.26597766,0.91859657,0.70406407,0.023455897,0.0086503373,0.89514067,0.69541373,-0.19972693,0.60632053,5.9018428,10.328403,60.956608,False,0.91236377,True,True,True,0.60632053,5.9018428,10.328403,60.956608,0.60011733,5.9824479,10.077163,60.2861,0.84011703,3.9820916,2.2642207,9.0163341,0.40461723,7.3981949,2.6966738,19.950518,0.64182225,6.4205622,4.7724325,30.641699,0.64684618,6.2728202,5.1992282,32.613824,0.58681536,6.0203944,4.4128669,26.567199,0.61344253,4.5960447,4.9995676,22.978236
0b_baseline_last,file,19,baseline,605,012.Yellow_headed_Blackbird/Yellow_Headed_Blackbird_0074_8452.jpg,12,11,012.Yellow_headed_Blackbird,10,9,random_erasing,random_erasing,0,"{""area_fraction"":0.15166,""erased"":true,""height"":0.510526,""left"":0.190906,""top"":0.103115,""width"":0.297067}",0.084908269,0.055573005,-0.029335264,0.91859657,0.94594294,0.023455897,0.020184742,0.89514067,0.9257582,0.030617528,0.91850193,0.65621138,10.328403,6.7776154,False,0.98736829,True,True,True,0.91850193,0.65621138,10.328403,6.7776154,0.91521164,0.65572834,10.077163,6.6078811,0.98279843,0.66570723,2.2642207,1.5073081,0.87420056,0.60775443,2.6966738,1.6389154,0.94484223,0.63547589,4.7724325,3.0327658,0.93497527,0.64220135,5.1992282,3.3389514,0.89855832,0.6782505,4.4128669,2.9930292,0.89595964,0.68339096,4.9995676,3.4166593
0b_baseline_last,file,19,baseline,5342,092.Nighthawk/Nighthawk_0073_83540.jpg,92,91,092.Nighthawk,194,193,identity,identity,0,{},0.012581265,0.012581265,0,0.98749757,0.98749757,0.0094703883,0.0094703883,0.97802718,0.97802718,0,1,1,2.2053684,2.2053684,False,0.99999994,True,True,True,1,1,2.2053684,2.2053684,1,1,2.1477717,2.1477717,1,1,0.50072557,0.50072557,1,1,0.36400155,0.36400155,1,1,0.83405816,0.83405816,1,1,1.1152428,1.1152428,1,1,1.0896039,1.0896039,1,1,1.1635163,1.1635163
0b_baseline_last,file,19,baseline,5342,092.Nighthawk/Nighthawk_0073_83540.jpg,92,91,092.Nighthawk,194,193,horizontal_flip,horizontal_flip,0,"{""flipped"":true}",0.012581265,0.0042793844,-0.0083018802,0.98749757,0.99572974,0.0094703883,0.0018905606,0.97802718,0.99383918,0.015812004,0.58857974,0.26889494,2.2053684,0.59301239,False,0.97393262,True,True,True,0.58857974,0.26889494,2.2053684,0.59301239,0.56728441,0.26587751,2.1477717,0.57104421,0.92406321,0.31936276,0.50072557,0.1599131,0.59081755,0.27748933,0.36400155,0.10100655,0.57377596,0.273867,0.83405816,0.22842101,0.44685025,0.24197524,1.1152428,0.26986114,0.50210629,0.26840143,1.0896039,0.29245126,0.71554587,0.2789754,1.1635163,0.32459242
0b_baseline_last,file,19,baseline,5342,092.Nighthawk/Nighthawk_0073_83540.jpg,92,91,092.Nighthawk,194,193,color_jitter,color_jitter,0,"{""brightness"":0.830967,""contrast"":1.026568,""hue"":-0.076719,""saturation"":0.841806}",0.012581265,0.056655865,0.044074601,0.98749757,0.94491917,0.0094703883,0.010204864,0.97802718,0.93471431,-0.043312875,0.43927309,4.6564747,2.2053684,10.269242,False,0.94094145,True,True,True,0.43927309,4.6564747,2.2053684,10.269242,0.42663383,4.7058076,2.1477717,10.107001,0.75487344,3.6311421,0.50072557,1.8182057,0.56338513,4.4829172,0.36400155,1.6317888,0.34830057,5.5756834,0.83405816,4.6504443,0.25183739,4.4456664,1.1152428,4.9579974,0.43465327,4.8833614,1.0896039,5.3209298,0.63005756,4.2945726,1.1635163,4.996805
0b_baseline_last,file,19,baseline,5342,092.Nighthawk/Nighthawk_0073_83540.jpg,92,91,092.Nighthawk,194,193,rotation,rotation,0,"{""angle"":-11.499185}",0.012581265,0.10873733,0.09615607,0.98749757,0.89696598,0.0094703883,0.0056212493,0.97802718,0.89134473,-0.086682449,0.32827544,10.235756,2.2053684,22.573612,False,0.92576361,True,True,True,0.32827544,10.235756,2.2053684,22.573612,0.31621747,10.34154,2.1477717,22.211268,0.6234262,8.0450071,0.50072557,4.0283408,0.44158157,12.254551,0.36400155,4.4606755,0.27628309,12.413597,0.83405816,10.353662,0.12806391,9.2835924,1.1152428,10.35346,0.32096882,10.65867,1.0896039,11.613729,0.49685236,9.5772061,1.1635163,11.143235
0b_baseline_last,file,19,baseline,5342,092.Nighthawk/Nighthawk_0073_83540.jpg,92,91,092.Nighthawk,194,193,random_resized_crop,random_resized_crop,0,"{""area_fraction"":0.524453,""aspect"":0.953857,""fallback"":false,""height"":0.741501,""left"":0.230687,""top"":0.076168,""width"":0.707285}",0.012581265,0.028394012,0.015812747,0.98749757,0.97200531,0.0094703883,0.0025172387,0.97802718,0.96948807,-0.0085391109,0.33590907,3.3464847,2.2053684,7.3802314,False,0.94055116,True,True,True,0.33590907,3.3464847,2.2053684,7.3802314,0.32515135,3.3982922,2.1477717,7.2987561,0.67605671,2.1840438,0.50072557,1.0936066,0.4609431,3.5712107,0.36400155,1.2999263,0.3800708,4.4030594,0.83405816,3.6724076,0.13976062,3.5514936,1.1152428,3.9607776,0.29847158,3.2226527,1.0896039,3.5114151,0.529428,2.7283957,1.1635163,3.1745328
0b_baseline_last,file,19,baseline,5342,092.Nighthawk/Nighthawk_0073_83540.jpg,92,91,092.Nighthawk,194,193,gaussian_blur,gaussian_blur,0,"{""sigma"":1.134602}",0.012581265,0.1035767,0.090995433,0.98749757,0.90160686,0.0094703883,0.023540087,0.97802718,0.87806677,-0.099960409,0.32388192,9.2418626,2.2053684,20.381711,False,0.89275062,True,True,True,0.32388192,9.2418626,2.2053684,20.381711,0.30800814,9.3470814,2.1477717,20.075397,0.72486484,7.030417,0.50072557,3.5203096,0.44413055,14.167392,0.36400155,5.1569528,0.21367667,10.960997,0.83405816,9.1421089,0.081219916,8.9705869,1.1152428,10.004382,0.33755506,9.5497747,1.0896039,10.405472,0.56889473,7.8999509,1.1635163,9.1917214
0b_baseline_last,file,19,baseline,5342,092.Nighthawk/Nighthawk_0073_83540.jpg,92,91,092.Nighthawk,194,193,random_erasing,random_erasing,0,"{""area_fraction"":0.062268,""erased"":true,""height"":0.199013,""left"":0.046389,""top"":0.510886,""width"":0.312884}",0.012581265,0.034939706,0.022358442,0.98749757,0.96566361,0.0094703883,0.006764912,0.97802718,0.9588987,-0.01912848,0.44456243,2.5148276,2.2053684,5.5461212,False,0.97569436,True,True,True,0.44456243,2.5148276,2.2053684,5.5461212,0.42580944,2.5249564,2.1477717,5.42303,0.82147694,2.3206,0.50072557,1.1619837,0.51752896,3.1590303,0.36400155,1.1498919,0.25385231,2.4526075,0.83405816,2.0456173,0.23061146,2.3546647,1.1152428,2.6260228,0.47371386,2.7155142,1.0896039,2.958835,0.63047566,2.4688837,1.1635163,2.8725864
0b_baseline_last,file,19,baseline,4858,084.Red_legged_Kittiwake/Red_Legged_Kittiwake_0032_795399.jpg,84,83,084.Red_legged_Kittiwake,66,65,identity,identity,0,{},0.003596744,0.003596744,0,0.99640971,0.99640971,0.00052775361,0.00052775361,0.99588196,0.99588196,0,1,1,0.5391052,0.5391052,False,0.99999994,True,True,True,1,1,0.5391052,0.5391052,1,1,0.52722236,0.52722236,1,1,0.11256555,0.11256555,1,1,0.11626042,0.11626042,1,1,0.22181182,0.22181182,1,1,0.23941258,0.23941258,1,1,0.25909712,0.25909712,1,1,0.30132499,0.30132499
0b_baseline_last,file,19,baseline,4858,084.Red_legged_Kittiwake/Red_Legged_Kittiwake_0032_795399.jpg,84,83,084.Red_legged_Kittiwake,66,65,horizontal_flip,horizontal_flip,0,"{""flipped"":true}",0.003596744,0.0045881947,0.00099145062,0.99640971,0.9954223,0.00052775361,0.00053160009,0.99588196,0.9948907,-0.00099125702,0.73792007,1.3348815,0.5391052,0.71964156,False,0.97973537,True,True,True,0.73792007,1.3348815,0.5391052,0.71964156,0.7279508,1.3383572,0.52722236,0.70561187,0.97233529,1.2562168,0.11256555,0.14140674,0.72670075,1.5725428,0.11626042,0.18282449,0.60675482,1.2327614,0.22181182,0.27344105,0.69780222,1.3655734,0.23941258,0.32693544,0.69634293,1.3273956,0.25909712,0.34392437,0.83365878,1.3461008,0.30132499,0.40561379
0b_baseline_last,file,19,baseline,4858,084.Red_legged_Kittiwake/Red_Legged_Kittiwake_0032_795399.jpg,84,83,084.Red_legged_Kittiwake,66,65,color_jitter,color_jitter,0,"{""brightness"":1.195491,""contrast"":0.77937,""hue"":0.049782,""saturation"":0.866767}",0.003596744,0.11008275,0.106486,0.99640971,0.89576,0.00052775361,0.0044070249,0.99588196,0.89135297,-0.10452899,0.63763575,36.478162,0.5391052,19.665567,False,0.9214161,True,True,True,0.63763575,36.478162,0.5391052,19.665567,0.62954188,36.725095,0.52722236,19.362291,0.86137414,30.563321,0.11256555,3.4403771,0.68882823,28.975264,0.11626042,3.3686764,0.46866017,40.919257,0.22181182,9.0763746,0.57702347,38.730636,0.23941258,9.2726015,0.64708255,37.741772,0.25909712,9.7787843,0.76255131,33.114336,0.30132499,9.9781768
0b_baseline_last,file,19,baseline,4858,084.Red_legged_Kittiwake/Red_Legged_Kittiwake_0032_795399.jpg,84,83,084.Red_legged_Kittiwake,66,65,rotation,rotation,0,"{""angle"":12.712716}",0.003596744,0.010779603,0.0071828593,0.99640971,0.98927832,0.00052775361,0.00043922677,0.99588196,0.98883909,-0.0070428709,0.78165364,3.2051668,0.5391052,1.7279221,False,0.96476185,True,True,True,0.78165364,3.2051668,0.5391052,1.7279221,0.77497766,3.2191661,0.52722236,1.6972163,0.949924,2.8810009,0.11256555,0.32430146,0.78949551,3.039959,0.11626042,0.35342691,0.74935827,3.0541424,0.22181182,0.67744488,0.74834887,3.4359293,0.23941258,0.8226047,0.74135169,3.2444255,0.25909712,0.84062131,0.83188748,3.1716864,0.30132499,0.95570837
0b_baseline_last,file,19,baseline,4858,084.Red_legged_Kittiwake/Red_Legged_Kittiwake_0032_795399.jpg,84,83,084.Red_legged_Kittiwake,66,65,random_resized_crop,random_resized_crop,0,"{""area_fraction"":0.770285,""aspect"":1.14521,""fallback"":false,""height"":0.820131,""left"":0.003542,""top"":0.082429,""width"":0.939222}",0.003596744,0.024133138,0.020536394,0.99640971,0.97615576,0.00052775361,0.0015814401,0.99588196,0.97457432,-0.021307643,0.73629059,7.239893,0.5391052,3.903064,False,0.95234609,True,True,True,0.73629059,7.239893,0.5391052,3.903064,0.72799629,7.2640219,0.52722236,3.8297548,0.93629901,6.6887142,0.11256555,0.75291881,0.3613597,5.2566712,0.11626042,0.61114279,0.7442992,7.2956761,0.22181182,1.6182672,0.71814335,7.256605,0.23941258,1.7373225,0.7117098,7.7252365,0.25909712,2.0015865,0.78377322,7.1564224,0.30132499,2.1564089
0b_baseline_last,file,19,baseline,4858,084.Red_legged_Kittiwake/Red_Legged_Kittiwake_0032_795399.jpg,84,83,084.Red_legged_Kittiwake,66,65,gaussian_blur,gaussian_blur,0,"{""sigma"":1.626236}",0.003596744,0.013779514,0.01018277,0.99640971,0.98631501,0.00052775361,0.00031579929,0.99588196,0.98599921,-0.0098827479,0.5948784,4.9973915,0.5391052,2.6941197,False,0.92949796,True,True,True,0.5948784,4.9973915,0.5391052,2.6941197,0.58494932,5.0375309,0.52722236,2.6558989,0.88277481,4.0171883,0.11256555,0.45219702,0.56786333,6.6474544,0.11626042,0.77283583,0.47636641,5.3160143,0.22181182,1.1791548,0.51977989,5.4590998,0.23941258,1.3069772,0.59089344,4.7782255,0.25909712,1.2380245,0.71550222,4.4835594,0.30132499,1.3510085
0b_baseline_last,file,19,baseline,4858,084.Red_legged_Kittiwake/Red_Legged_Kittiwake_0032_795399.jpg,84,83,084.Red_legged_Kittiwake,66,65,random_erasing,random_erasing,0,"{""area_fraction"":0.05822,""erased"":true,""height"":0.146856,""left"":0.060459,""top"":0.712671,""width"":0.396445}",0.003596744,0.0054148198,0.0018180758,0.99640971,0.99459982,0.00052775361,0.00088695483,0.99588196,0.99371286,-0.0021690963,0.95345344,1.5262995,0.5391052,0.82283602,False,0.99571609,True,True,True,0.95345344,1.5262995,0.5391052,0.82283602,0.95169771,1.5280177,0.52722236,0.80560508,0.99332138,1.48811,0.11256555,0.16750992,0.97050376,1.4526109,0.11626042,0.16888116,0.93996506,1.5755241,0.22181182,0.34946986,0.93550629,1.508901,0.23941258,0.36124989,0.94640873,1.5390874,0.25909712,0.39877312,0.97027718,1.5165588,0.30132499,0.45697705
0b_baseline_last,file,19,baseline,10803,184.Louisiana_Waterthrush/Louisiana_Waterthrush_0077_795247.jpg,184,183,184.Louisiana_Waterthrush,183,182,identity,identity,0,{},0.14642267,0.14642267,0,0.86379254,0.86379254,0.11378036,0.11378036,0.75001217,0.75001217,0,1,1,25.589615,25.589615,False,0.99999994,True,True,True,1,1,25.589615,25.589615,1,1,24.903829,24.903829,1,1,5.8845284,5.8845284,1,1,5.6301345,5.6301345,1,1,9.3537187,9.3537187,1,1,14.274572,14.274572,1,1,12.593245,12.593245,1,1,11.77527,11.77527
0b_baseline_last,file,19,baseline,10803,184.Louisiana_Waterthrush/Louisiana_Waterthrush_0077_795247.jpg,184,183,184.Louisiana_Waterthrush,183,182,horizontal_flip,horizontal_flip,0,"{""flipped"":true}",0.14642267,0.14569594,-0.00072672963,0.86379254,0.86442053,0.11378036,0.13029999,0.75001217,0.73412055,-0.015891626,0.71728265,1.3604593,25.589615,34.813628,False,0.97277832,True,True,True,0.71728265,1.3604593,25.589615,34.813628,0.70565315,1.3702821,24.903829,34.125272,0.96959577,1.1706499,5.8845284,6.8887227,0.57721229,1.7721735,5.6301345,9.9775752,0.66398919,1.5566581,9.3537187,14.560541,0.74609743,1.335487,14.274572,19.063507,0.67784206,1.3380135,12.593245,16.849932,0.76974301,1.2178057,11.77527,14.339991
0b_baseline_last,file,19,baseline,10803,184.Louisiana_Waterthrush/Louisiana_Waterthrush_0077_795247.jpg,184,183,184.Louisiana_Waterthrush,183,182,color_jitter,color_jitter,0,"{""brightness"":0.78065,""contrast"":0.77429,""hue"":-0.024293,""saturation"":0.931744}",0.14642267,0.27765626,0.13123359,0.86379254,0.75755721,0.11378036,0.11629137,0.75001217,0.64126584,-0.10874633,0.68427373,1.5875301,25.589615,40.624285,False,0.94678348,True,True,True,0.68427373,1.5875301,25.589615,40.624285,0.67277953,1.5924796,24.903829,39.658839,0.90466839,1.4961132,5.8845284,8.8039207,0.55208552,1.3105087,5.6301345,7.3783401,0.46799619,1.8424176,9.3537187,17.233456,0.71391875,1.5393645,14.274572,21.97377,0.71772485,1.5302741,12.593245,19.271118,0.74451547,1.6272795,11.77527,19.161655
0b_baseline_last,file,19,baseline,10803,184.Louisiana_Waterthrush/Louisiana_Waterthrush_0077_795247.jpg,184,183,184.Louisiana_Waterthrush,183,182,rotation,rotation,0,"{""angle"":-13.215343}",0.14642267,0.665784,0.51936133,0.86379254,0.51387048,0.11378036,0.045446277,0.75001217,0.4684242,-0.28158797,0.32191014,3.0751283,25.589615,78.691349,False,0.93667519,True,True,True,0.32191014,3.0751283,25.589615,78.691349,0.30358563,3.1064336,24.903829,77.362092,0.74726499,2.4475381,5.8845284,14.402608,0.21290009,3.3909774,5.6301345,19.091659,0.13665532,4.0352374,9.3537187,37.744476,0.33685244,2.7895107,14.274572,39.819073,0.35339871,2.7953138,12.593245,35.202072,0.37987991,3.1444866,11.77527,37.027179
0b_baseline_last,file,19,baseline,10803,184.Louisiana_Waterthrush/Louisiana_Waterthrush_0077_795247.jpg,184,183,184.Louisiana_Waterthrush,183,182,random_resized_crop,random_resized_crop,0,"{""area_fraction"":0.74538,""aspect"":0.765832,""fallback"":false,""height"":0.986557,""left"":0.056128,""top"":0.010781,""width"":0.755537}",0.14642267,0.33754945,0.19112678,0.86379254,0.71351665,0.11378036,0.050933223,0.75001217,0.66258343,-0.087428745,0.46969501,1.9334338,25.589615,49.475825,False,0.94594336,True,True,True,0.46969501,1.9334338,25.589615,49.475825,0.45410267,1.9487063,24.903829,48.530249,0.8092396,1.6359238,5.8845284,9.62664,0.49567868,1.88627,5.6301345,10.619954,0.41424605,2.0221372,9.3537187,18.914503,0.41307541,1.8164278,14.274572,25.928731,0.43468248,1.9597536,12.593245,24.679658,0.54599661,2.0858395,11.77527,24.561323
0b_baseline_last,file,19,baseline,10803,184.Louisiana_Waterthrush/Louisiana_Waterthrush_0077_795247.jpg,184,183,184.Louisiana_Waterthrush,183,182,gaussian_blur,gaussian_blur,0,"{""sigma"":1.020971}",0.14642267,0.2081562,0.061733529,0.86379254,0.8120802,0.11378036,0.028831722,0.75001217,0.78324848,0.033236308,0.34887553,1.3962758,25.589615,35.730159,False,0.96017134,True,True,True,0.34887553,1.3962758,25.589615,35.730159,0.32983991,1.4099633,24.903829,35.113484,0.7855147,1.1232254,5.8845284,6.609652,0.12264134,1.3150149,5.6301345,7.4037107,0.1091799,1.9038417,9.3537187,17.808,0.33478293,1.3045709,14.274572,18.622192,0.39306492,1.28304,12.593245,16.157638,0.51324759,1.3512264,11.77527,15.911055
0b_baseline_last,file,19,baseline,10803,184.Louisiana_Waterthrush/Louisiana_Waterthrush_0077_795247.jpg,184,183,184.Louisiana_Waterthrush,183,182,random_erasing,random_erasing,0,"{""area_fraction"":0.084304,""erased"":true,""height"":0.184746,""left"":0.078936,""top"":0.214102,""width"":0.456326}",0.14642267,0.11556647,-0.0308562,0.86379254,0.89086133,0.11378036,0.080712587,0.75001217,0.81014875,0.060136572,0.87863118,0.71042796,25.589615,18.179578,False,0.98110503,True,True,True,0.87863118,0.71042796,25.589615,18.179578,0.87320542,0.71148161,24.903829,17.718616,0.97899445,0.69128453,5.8845284,4.0678835,0.86291984,0.69192466,5.6301345,3.8956289,0.84579312,0.70584578,9.3537187,6.6022829,0.89071242,0.70845301,14.274572,10.112864,0.86724034,0.7046853,12.593245,8.8742749,0.87425233,0.73133365,11.77527,8.6116512
0b_baseline_last,file,19,baseline,5691,098.Scott_Oriole/Scott_Oriole_0003_92247.jpg,98,97,098.Scott_Oriole,55,54,identity,identity,0,{},0.12922394,0.12922394,0,0.87877715,0.87877715,0.014383034,0.014383034,0.86439411,0.86439411,0,1,1,19.233652,19.233652,False,1,True,True,True,1,1,19.233652,19.233652,1,1,18.986754,18.986754,1,1,3.0718991,3.0718991,1,1,5.6164346,5.6164346,1,1,8.7361925,8.7361925,1,1,8.8821016,8.8821016,1,1,9.4387415,9.4387415,1,1,9.200535,9.200535
0b_baseline_last,file,19,baseline,5691,098.Scott_Oriole/Scott_Oriole_0003_92247.jpg,98,97,098.Scott_Oriole,55,54,horizontal_flip,horizontal_flip,0,"{""flipped"":true}",0.12922394,0.036837894,-0.092386048,0.87877715,0.96383238,0.014383034,0.0044424445,0.86439411,0.95938993,0.094995821,0.64085099,0.32678464,19.233652,6.2852622,False,0.9737438,True,True,True,0.64085099,0.32678464,19.233652,6.2852622,0.63188723,0.32648863,18.986754,6.1989591,0.97209006,0.33789899,3.0718991,1.0379916,0.61324813,0.31574422,5.6164346,1.7733567,0.63921126,0.29181679,8.7361925,2.5493676,0.61118719,0.34488006,8.8821016,3.0632598,0.56727524,0.32657644,9.4387415,3.0824705,0.72182485,0.34194568,9.200535,3.1460832
0b_baseline_last,file,19,baseline,5691,098.Scott_Oriole/Scott_Oriole_0003_92247.jpg,98,97,098.Scott_Oriole,55,54,color_jitter,color_jitter,0,"{""brightness"":0.730415,""contrast"":0.722274,""hue"":0.037556,""saturation"":0.755163}",0.12922394,1.7509884,1.6217644,0.87877715,0.17360228,0.014383034,0.062603734,0.86439411,0.11099855,-0.75339556,0.69642809,6.6252943,19.233652,127.42861,False,0.91770732,True,True,True,0.69642809,6.6252943,19.233652,127.42861,0.69117103,6.6356829,18.986754,125.99008,0.9122928,6.2154394,3.0718991,19.093203,0.66310385,7.7884363,5.6164346,43.743243,0.64128521,6.794327,8.7361925,59.356548,0.67738016,7.4199067,8.8821016,65.904366,0.73120162,6.023607,9.4387415,56.855269,0.74986192,5.8135293,9.200535,53.48758
0b_baseline_last,file,19,baseline,5691,098.Scott_Oriole/Scott_Oriole_0003_92247.jpg,98,97,098.Scott_Oriole,55,54,rotation,rotation,0,"{""angle"":1.071774}",0.12922394,0.072031789,-0.057192154,0.87877715,0.93050134,0.014383034,0.0042854887,0.86439411,0.92621585,0.061821741,0.8935873,0.63419937,19.233652,12.19797,False,0.98373926,True,True,True,0.8935873,0.63419937,19.233652,12.19797,0.89145231,0.63490714,18.986754,12.054825,0.97987293,0.60654311,3.0718991,1.8632392,0.88039206,0.71156539,5.6164346,3.9964604,0.89161263,0.65516247,8.7361925,5.7236255,0.87652221,0.63669425,8.8821016,5.6551831,0.88638476,0.6090331,9.4387415,5.748506,0.92036438,0.61060591,9.200535,5.617901
0b_baseline_last,file,19,baseline,5691,098.Scott_Oriole/Scott_Oriole_0003_92247.jpg,98,97,098.Scott_Oriole,55,54,random_resized_crop,random_resized_crop,0,"{""area_fraction"":0.511947,""aspect"":0.781663,""fallback"":false,""height"":0.809287,""left"":0.211085,""top"":0.158099,""width"":0.63259}",0.12922394,0.041178606,-0.088045336,0.87877715,0.95965773,0.014383034,0.00072150805,0.86439411,0.95893622,0.094542108,0.56311703,0.4421891,19.233652,8.5049114,False,0.9190315,True,True,True,0.56311703,0.4421891,19.233652,8.5049114,0.55416369,0.44232479,18.986754,8.3983118,0.90938269,0.43697399,3.0718991,1.34234,0.46954949,0.56084652,5.6164346,3.1499578,0.53937025,0.42462485,8.7361925,3.7096044,0.52230516,0.47125752,8.8821016,4.1857572,0.54007632,0.42826176,9.4387415,4.0422521,0.68020325,0.3917022,9.200535,3.6038698
0b_baseline_last,file,19,baseline,5691,098.Scott_Oriole/Scott_Oriole_0003_92247.jpg,98,97,098.Scott_Oriole,55,54,gaussian_blur,gaussian_blur,0,"{""sigma"":1.505872}",0.12922394,0.020216484,-0.10900746,0.87877715,0.97998649,0.014383034,0.00037129212,0.86439411,0.9796152,0.11522108,0.42516841,0.22231272,19.233652,4.2758856,False,0.90395617,True,True,True,0.42516841,0.22231272,19.233652,4.2758856,0.41377009,0.22261757,18.986754,4.2267849,0.88670169,0.21033632,3.0718991,0.64613196,-0.050185607,0.22387255,5.6164346,1.2573655,0.13942145,0.2108171,8.7361925,1.8417387,0.47115039,0.25788539,8.8821016,2.2905643,0.54853352,0.22609061,9.4387415,2.1340108,0.66032754,0.19112192,9.200535,1.7584239
0b_baseline_last,file,19,baseline,5691,098.Scott_Oriole/Scott_Oriole_0003_92247.jpg,98,97,098.Scott_Oriole,55,54,random_erasing,random_erasing,0,"{""area_fraction"":0.121425,""erased"":true,""height"":0.286358,""left"":0.118681,""top"":0.201858,""width"":0.424031}",0.12922394,0.5126338,0.38340986,0.87877715,0.59891611,0.014383034,0.0060572978,0.86439411,0.59285882,-0.2715353,0.73724876,2.9909913,19.233652,57.527686,False,0.89702344,True,True,True,0.73724876,2.9909913,19.233652,57.527686,0.73330185,2.9908253,18.986754,56.786062,0.88770356,2.9973278,3.0718991,9.2074884,0.87294795,2.5616119,5.6164346,14.387126,0.77488844,2.8187349,8.7361925,24.62501,0.71284092,3.0702246,8.8821016,27.270047,0.6848703,2.9724679,9.4387415,28.056356,0.73027851,3.2250924,9.200535,29.672576
0b_baseline_last,file,19,baseline,11484,195.Carolina_Wren/Carolina_Wren_0033_186848.jpg,195,194,195.Carolina_Wren,181,180,identity,identity,0,{},0.00075967057,0.00075967057,0,0.99924064,0.99924064,0.00018229213,0.00018229213,0.99905834,0.99905834,0,1,1,0.13819344,0.13819344,False,0.99999994,True,True,True,1,1,0.13819344,0.13819344,1,1,0.13539702,0.13539702,1,1,0.027659982,0.027659982,1,1,0.030801844,0.030801844,1,1,0.064851393,0.064851393,1,1,0.074506966,0.074506966,1,1,0.060205005,0.060205005,1,1,0.063261088,0.063261088
0b_baseline_last,file,19,baseline,11484,195.Carolina_Wren/Carolina_Wren_0033_186848.jpg,195,194,195.Carolina_Wren,181,180,horizontal_flip,horizontal_flip,0,"{""flipped"":true}",0.00075967057,0.0067736055,0.0060139349,0.99924064,0.9932493,0.00018229213,0.00069169805,0.99905834,0.9925576,-0.0065007456,0.69966072,9.5934115,0.13819344,1.3257465,False,0.96860003,True,True,True,0.69966072,9.5934115,0.13819344,1.3257465,0.69167125,9.6514049,0.13539702,1.3067715,0.93902099,8.0802674,0.027659982,0.22350005,0.68755444,10.100782,0.030801844,0.31112272,0.70473257,10.326678,0.064851393,0.66969944,0.71648146,10.233207,0.074506966,0.76244524,0.61095915,9.1470951,0.060205005,0.55070091,0.72660546,8.3310611,0.063261088,0.52703199
0b_baseline_last,file,19,baseline,11484,195.Carolina_Wren/Carolina_Wren_0033_186848.jpg,195,194,195.Carolina_Wren,181,180,color_jitter,color_jitter,0,"{""brightness"":1.028562,""contrast"":1.160893,""hue"":-0.065388,""saturation"":0.68143}",0.00075967057,0.0077744517,0.0070147812,0.99924064,0.99225569,0.00018229213,0.00039104724,0.99905834,0.99186464,-0.0071937042,0.6327684,11.569233,0.13819344,1.5987921,False,0.92666435,True,True,True,0.6327684,11.569233,0.13819344,1.5987921,0.62423187,11.644805,0.13539702,1.5766719,0.89302142,9.5817821,0.027659982,0.26503192,0.41883012,10.294735,0.030801844,0.31709682,0.54377583,11.323888,0.064851393,0.7343699,0.60120605,11.874295,0.074506966,0.88471768,0.64509331,12.15173,0.060205005,0.73159495,0.76628209,11.487262,0.063261088,0.72669671
0b_baseline_last,file,19,baseline,11484,195.Carolina_Wren/Carolina_Wren_0033_186848.jpg,195,194,195.Carolina_Wren,181,180,rotation,rotation,0,"{""angle"":5.067808}",0.00075967057,0.00053939573,-0.00022027484,0.99924064,0.99946076,0.00018229213,0.00012003837,0.99905834,0.99934072,0.00028237372,0.83742107,0.75077305,0.13819344,0.10375191,False,0.97861171,True,True,True,0.83742107,0.75077305,0.13819344,0.10375191,0.83225987,0.75273547,0.13539702,0.10191814,0.9719623,0.70211195,0.027659982,0.019420404,0.86621431,0.62998061,0.030801844,0.019404564,0.80587803,0.81488329,0.064851393,0.052846317,0.83376184,0.77243419,0.074506966,0.057551728,0.81718798,0.72847086,0.060205005,0.043857592,0.87771418,0.70380633,0.063261088,0.044523554
0b_baseline_last,file,19,baseline,11484,195.Carolina_Wren/Carolina_Wren_0033_186848.jpg,195,194,195.Carolina_Wren,181,180,random_resized_crop,random_resized_crop,0,"{""area_fraction"":0.742408,""aspect"":0.858846,""fallback"":false,""height"":0.929745,""left"":0.05451,""top"":0.003065,""width"":0.798508}",0.00075967057,0.00074835424,-1.1316326e-05,0.99924064,0.9992519,0.00018229213,0.00017170906,0.99905834,0.99908019,2.1848347e-05,0.78138014,1.1868643,0.13819344,0.16401687,False,0.97533596,True,True,True,0.78138014,1.1868643,0.13819344,0.16401687,0.7757691,1.1956075,0.13539702,0.16188169,0.96933361,0.9536882,0.027659982,0.026378999,0.73729262,1.204167,0.030801844,0.037090564,0.75348116,1.2217136,0.064851393,0.079229828,0.78106979,1.2365774,0.074506966,0.092133633,0.7587213,1.1942352,0.060205005,0.071898938,0.82328766,1.1059089,0.063261088,0.069961
0b_baseline_last,file,19,baseline,11484,195.Carolina_Wren/Carolina_Wren_0033_186848.jpg,195,194,195.Carolina_Wren,181,180,gaussian_blur,gaussian_blur,0,"{""sigma"":1.851218}",0.00075967057,1.3875146,1.3867549,0.99924064,0.24969514,0.00018229213,0.14474726,0.99905834,0.10494788,-0.89411046,0.53644686,1031.4319,0.13819344,142.53713,False,0.76951885,True,True,True,0.53644686,1031.4319,0.13819344,142.53713,0.52945325,1038.2471,0.13539702,140.57557,0.75083138,851.97822,0.027659982,23.565702,0.43485087,968.60632,0.030801844,29.83486,0.58233826,1078.3223,0.064851393,69.9307,0.61724785,1008.2116,0.074506966,75.118784,0.43720088,1144.3444,0.060205005,68.895259,0.46651305,947.35369,0.063261088,59.930625
0b_baseline_last,file,19,baseline,11484,195.Carolina_Wren/Carolina_Wren_0033_186848.jpg,195,194,195.Carolina_Wren,181,180,random_erasing,random_erasing,0,"{""area_fraction"":0.064713,""erased"":true,""height"":0.199651,""left"":0.103511,""top"":0.024797,""width"":0.324128}",0.00075967057,0.00078754401,2.7873437e-05,0.99924064,0.99921274,0.00018229213,0.0001708911,0.99905834,0.99904185,-1.6493941e-05,0.94692697,0.99828958,0.13819344,0.13795707,False,0.99277151,True,True,True,0.94692697,0.99828958,0.13819344,0.13795707,0.94504441,0.99784494,0.13539702,0.13510523,0.99159736,1.0088853,0.027659982,0.027905749,0.93422781,0.92392403,0.030801844,0.028458563,0.96087867,1.0053577,0.064851393,0.065198848,0.94680537,1.0001597,0.074506966,0.074518866,0.92484425,0.98835236,0.060205005,0.059503759,0.94707811,1.0120366,0.063261088,0.064022533
0b_baseline_last,file,19,baseline,1299,024.Red_faced_Cormorant/Red_Faced_Cormorant_0050_796276.jpg,24,23,024.Red_faced_Cormorant,5,4,identity,identity,0,{},0.0024282038,0.0024282038,0,0.99757475,0.99757475,0.002243259,0.002243259,0.99533149,0.99533149,0,1,1,0.56390569,0.56390569,False,0.99999982,True,True,True,1,1,0.56390569,0.56390569,1,1,0.54971383,0.54971383,1,1,0.1257153,0.1257153,1,1,0.13370202,0.13370202,1,1,0.25116593,0.25116593,1,1,0.2417644,0.2417644,1,1,0.27934128,0.27934128,1,1,0.29110679,0.29110679
0b_baseline_last,file,19,baseline,1299,024.Red_faced_Cormorant/Red_Faced_Cormorant_0050_796276.jpg,24,23,024.Red_faced_Cormorant,5,4,horizontal_flip,horizontal_flip,0,"{""flipped"":true}",0.0024282038,0.0013234199,-0.001104784,0.99757475,0.99867743,0.002243259,0.0012999019,0.99533149,0.99737753,0.0020460431,0.75344781,0.58620619,0.56390569,0.330565,False,0.98426378,True,True,True,0.75344781,0.58620619,0.56390569,0.330565,0.74115602,0.58550893,0.54971383,0.32186235,0.98322807,0.59938206,0.1257153,0.075351493,0.66183355,0.54409876,0.13370202,0.072747103,0.76746216,0.59855049,0.25116593,0.15033549,0.67449315,0.60611746,0.2417644,0.14653763,0.68493527,0.57721618,0.27934128,0.16124031,0.83768075,0.57717693,0.29110679,0.16802012
0b_baseline_last,file,19,baseline,1299,024.Red_faced_Cormorant/Red_Faced_Cormorant_0050_796276.jpg,24,23,024.Red_faced_Cormorant,5,4,color_jitter,color_jitter,0,"{""brightness"":0.837954,""contrast"":1.121685,""hue"":0.070191,""saturation"":1.219592}",0.0024282038,0.0012815128,-0.001146691,0.99757475,0.99871933,0.002243259,0.00074032095,0.99533149,0.99797901,0.002647526,0.70719758,0.35612968,0.56390569,0.20082356,False,0.96988583,True,True,True,0.70719758,0.35612968,0.56390569,0.20082356,0.69413874,0.35167698,0.54971383,0.1933217,0.92448135,0.4325382,0.1257153,0.054376668,0.74919969,0.35058554,0.13370202,0.046873995,0.69048794,0.29207015,0.25116593,0.073358071,0.55404335,0.31886369,0.2417644,0.077089889,0.67856739,0.34167857,0.27934128,0.095444927,0.79025463,0.41708788,0.29110679,0.12141711
0b_baseline_last,file,19,baseline,1299,024.Red_faced_Cormorant/Red_Faced_Cormorant_0050_796276.jpg,24,23,024.Red_faced_Cormorant,5,4,rotation,rotation,0,"{""angle"":-14.41069}",0.0024282038,0.0024280848,-1.1897646e-07,0.99757475,0.99757487,0.002243259,0.001878697,0.99533149,0.99569617,0.00036468124,0.73797957,0.79625869,0.56390569,0.44901481,False,0.96708357,True,True,True,0.73797957,0.79625869,0.56390569,0.44901481,0.72571721,0.79384722,0.54971383,0.4363888,0.96045136,0.84103797,0.1257153,0.10573134,0.62394335,0.97046858,0.13370202,0.12975361,0.72871086,0.77059494,0.25116593,0.19354719,0.66117592,0.79620977,0.2417644,0.19249518,0.70445895,0.73199261,0.27934128,0.20447575,0.81580203,0.82210293,0.29110679,0.23931974
0b_baseline_last,file,19,baseline,1299,024.Red_faced_Cormorant/Red_Faced_Cormorant_0050_796276.jpg,24,23,024.Red_faced_Cormorant,5,4,random_resized_crop,random_resized_crop,0,"{""area_fraction"":0.698534,""aspect"":0.855228,""fallback"":false,""height"":0.903759,""left"":0.199,""top"":0.065217,""width"":0.772921}",0.0024282038,0.00044872228,-0.0019794815,0.99757475,0.99955136,0.002243259,0.0002844102,0.99533149,0.99926695,0.003935458,0.70085386,0.14043559,0.56390569,0.079192428,False,0.98376882,True,True,True,0.70085386,0.14043559,0.56390569,0.079192428,0.68581448,0.13878092,0.54971383,0.076289791,0.94982361,0.16898517,0.1257153,0.02124402,0.49175264,0.16061133,0.13370202,0.02147406,0.63486914,0.12304324,0.25116593,0.030904271,0.62605624,0.1356729,0.2417644,0.032800878,0.67732314,0.12927179,0.27934128,0.036110947,0.81124206,0.15454523,0.29110679,0.044989165
0b_baseline_last,file,19,baseline,1299,024.Red_faced_Cormorant/Red_Faced_Cormorant_0050_796276.jpg,24,23,024.Red_faced_Cormorant,5,4,gaussian_blur,gaussian_blur,0,"{""sigma"":1.08898}",0.0024282038,0.0028495681,0.00042136433,0.99757475,0.99715447,0.002243259,0.0025350233,0.99533149,0.99461945,-0.00071203662,0.83299217,1.0472296,0.56390569,0.59053872,False,0.99207968,True,True,True,0.83299217,1.0472296,0.56390569,0.59053872,0.82428101,1.044207,0.54971383,0.57401503,0.99181473,1.1034311,0.1257153,0.13871817,0.68195089,0.86797679,0.13370202,0.11605025,0.79629481,0.96636607,0.25116593,0.24271823,0.76359631,1.0566165,0.2417644,0.25545226,0.81901905,1.0375081,0.27934128,0.28981884,0.91527077,1.1281924,0.29110679,0.32842448
0b_baseline_last,file,19,baseline,1299,024.Red_faced_Cormorant/Red_Faced_Cormorant_0050_796276.jpg,24,23,024.Red_faced_Cormorant,5,4,random_erasing,random_erasing,0,"{""area_fraction"":0.190004,""erased"":true,""height"":0.565373,""left"":0.619556,""top"":0.411361,""width"":0.336069}",0.0024282038,0.011819687,0.0093914829,0.99757475,0.9882499,0.002243259,0.011230648,0.99533149,0.97701925,-0.018312237,0.88799148,4.6119617,0.56390569,2.6007115,False,0.96838689,True,True,True,0.88799148,4.6119617,0.56390569,2.6007115,0.88409916,4.6234376,0.54971383,2.5415676,0.96759748,4.3867676,0.1257153,0.55148379,0.7742112,3.6603553,0.13370202,0.4893969,0.88372903,4.2389272,0.25116593,1.0646741,0.90193981,4.9460068,0.2417644,1.1957684,0.90877389,4.9735791,0.27934128,1.3893259,0.87527939,4.5135996,0.29110679,1.3139395
0b_baseline_last,file,19,baseline,9021,154.Red_eyed_Vireo/Red_Eyed_Vireo_0038_156963.jpg,154,153,154.Red_eyed_Vireo,181,180,identity,identity,0,{},1.2238883,1.2238883,0,0.29408446,0.29408446,0.5451262,0.5451262,-0.25104174,-0.25104174,0,1,1,178.13305,178.13305,False,0.99999994,True,False,False,1,1,178.13305,178.13305,1,1,175.80435,175.80435,1,1,28.70909,28.70909,1,1,40.398592,40.398592,1,1,78.077951,78.077951,1,1,97.643788,97.643788,1,1,88.665772,88.665772,1,1,76.046234,76.046234
0b_baseline_last,file,19,baseline,9021,154.Red_eyed_Vireo/Red_Eyed_Vireo_0038_156963.jpg,154,153,154.Red_eyed_Vireo,181,180,horizontal_flip,horizontal_flip,0,"{""flipped"":true}",1.2238883,0.41975209,-0.80413619,0.29408446,0.65720975,0.5451262,0.28655416,-0.25104174,0.3706556,0.62169734,0.66787368,0.51223778,178.13305,91.246476,False,0.96868718,False,False,True,0.66787368,0.51223778,178.13305,91.246476,0.66060298,0.51325222,175.80435,90.231975,0.96616996,0.47262797,28.70909,13.568719,0.74641203,0.5475566,40.398592,22.120516,0.57657249,0.57422048,78.077951,44.833958,0.66018234,0.47339739,97.643788,46.224314,0.65454917,0.51324225,88.665772,45.50702,0.75440878,0.49810722,76.046234,37.879179
0b_baseline_last,file,19,baseline,9021,154.Red_eyed_Vireo/Red_Eyed_Vireo_0038_156963.jpg,154,153,154.Red_eyed_Vireo,181,180,color_jitter,color_jitter,0,"{""brightness"":1.118374,""contrast"":1.060825,""hue"":-0.0171,""saturation"":1.26072}",1.2238883,2.679455,1.4555668,0.29408446,0.068600528,0.5451262,0.79498708,-0.25104174,-0.72638655,-0.47534481,0.91661739,1.3854796,178.13305,246.7997,False,0.98911476,True,False,False,0.91661739,1.3854796,178.13305,246.7997,0.91479633,1.3863903,175.80435,243.73346,0.98700087,1.350885,28.70909,38.782679,0.9023147,1.4311574,40.398592,57.816743,0.88856872,1.5022432,78.077951,117.29207,0.91729872,1.3717392,97.643788,133.94181,0.92765226,1.3387377,88.665772,118.70021,0.93313809,1.3329896,76.046234,101.36884
0b_baseline_last,file,19,baseline,9021,154.Red_eyed_Vireo/Red_Eyed_Vireo_0038_156963.jpg,154,153,154.Red_eyed_Vireo,181,180,rotation,rotation,0,"{""angle"":-8.253871}",1.2238883,3.0988452,1.874957,0.29408446,0.045101255,0.5451262,0.77367961,-0.25104174,-0.72857836,-0.47753662,0.80321572,1.3838279,178.13305,246.50548,False,0.97611541,True,False,False,0.80321572,1.3838279,178.13305,246.50548,0.79870066,1.384454,175.80435,243.39304,0.97567531,1.3601418,28.70909,39.048434,0.78247945,1.2723113,40.398592,51.399587,0.8004563,1.4772976,78.077951,115.34437,0.77463172,1.3411823,97.643788,130.95812,0.7944692,1.3747364,88.665772,121.89207,0.84797522,1.3970007,76.046234,106.23664
0b_baseline_last,file,19,baseline,9021,154.Red_eyed_Vireo/Red_Eyed_Vireo_0038_156963.jpg,154,153,154.Red_eyed_Vireo,181,180,random_resized_crop,random_resized_crop,0,"{""area_fraction"":0.755279,""aspect"":1.287379,""fallback"":false,""height"":0.76595,""left"":0.012874,""top"":0.037383,""width"":0.986068}",1.2238883,1.5982759,0.37438762,0.29408446,0.20224492,0.5451262,0.64638293,-0.25104174,-0.44413801,-0.19309627,0.77249265,1.1611924,178.13305,206.84675,False,0.9648788,True,False,False,0.77249265,1.1611924,178.13305,206.84675,0.76767405,1.1627423,175.80435,204.41515,0.9643349,1.1015023,28.70909,31.623128,0.72588431,0.97082675,40.398592,39.220034,0.75003369,1.2666662,78.077951,98.898704,0.75099824,1.0803389,97.643788,105.48838,0.77918575,1.2067759,88.665772,106.99972,0.81697524,1.1680225,76.046234,88.823715
0b_baseline_last,file,19,baseline,9021,154.Red_eyed_Vireo/Red_Eyed_Vireo_0038_156963.jpg,154,153,154.Red_eyed_Vireo,181,180,gaussian_blur,gaussian_blur,0,"{""sigma"":1.140322}",1.2238883,5.7247381,4.5008498,0.29408446,0.0032642072,0.5451262,0.38820153,-0.25104174,-0.38493733,-0.13389559,0.61025347,1.2419329,178.13305,221.22929,False,0.94848692,False,False,False,0.61025347,1.2419329,178.13305,221.22929,0.60300376,1.2364436,175.80435,217.37217,0.85130771,1.4326738,28.70909,41.130761,0.53305577,0.94876416,40.398592,38.328737,0.49723395,1.1516129,78.077951,89.915576,0.54174566,1.2622369,97.643788,123.24959,0.67104674,1.2633948,88.665772,112.01988,0.73042101,1.3122148,76.046234,99.788997
0b_baseline_last,file,19,baseline,9021,154.Red_eyed_Vireo/Red_Eyed_Vireo_0038_156963.jpg,154,153,154.Red_eyed_Vireo,181,180,random_erasing,random_erasing,0,"{""area_fraction"":0.058909,""erased"":true,""height"":0.266697,""left"":0.05416,""top"":0.070723,""width"":0.220884}",1.2238883,1.1266401,-0.097248197,0.29408446,0.32412043,0.5451262,0.57741189,-0.25104174,-0.25329146,-0.0022497177,0.93925003,0.93153866,178.13305,165.93782,False,0.99548811,True,False,False,0.93925003,0.93153866,178.13305,165.93782,0.93783617,0.93108685,175.80435,163.68912,0.99145861,0.94832578,28.70909,27.22557,0.96368344,0.96645068,40.398592,39.043247,0.93709216,0.94639881,78.077951,73.89288,0.93858368,0.92401062,97.643788,90.223897,0.92295892,0.90359749,88.665772,80.118169,0.95035454,0.95282978,76.046234,72.459116
0b_baseline_last,file,19,baseline,11412,194.Cactus_Wren/Cactus_Wren_0069_186033.jpg,194,193,194.Cactus_Wren,198,197,identity,identity,0,{},0.29906207,0.29906207,0,0.74151337,0.74151337,0.088011131,0.088011131,0.65350224,0.65350224,0,1,1,46.459523,46.459523,False,1,True,True,True,1,1,46.459523,46.459523,1,1,45.696199,45.696199,1,1,8.3871722,8.3871722,1,1,8.9056435,8.9056435,1,1,20.231998,20.231998,1,1,26.959861,26.959861,1,1,21.996089,21.996089,1,1,19.718932,19.718932
0b_baseline_last,file,19,baseline,11412,194.Cactus_Wren/Cactus_Wren_0069_186033.jpg,194,193,194.Cactus_Wren,198,197,horizontal_flip,horizontal_flip,0,"{""flipped"":true}",0.29906207,1.2039068,0.9048447,0.74151337,0.3000198,0.088011131,0.072692454,0.65350224,0.22732735,-0.42617489,0.6676883,2.3525665,46.459523,109.29911,False,0.95149219,True,True,True,0.6676883,2.3525665,46.459523,109.29911,0.65976345,2.3585153,45.696199,107.77518,0.92582383,2.1685596,8.3871722,18.188083,0.6011656,2.1971427,8.9056435,19.56697,0.59826366,2.5267731,20.231998,51.121668,0.68647246,2.1135779,26.959861,56.981767,0.65763459,2.4446244,21.996089,53.772178,0.70592828,2.5258939,19.718932,49.807931
0b_baseline_last,file,19,baseline,11412,194.Cactus_Wren/Cactus_Wren_0069_186033.jpg,194,193,194.Cactus_Wren,198,197,color_jitter,color_jitter,0,"{""brightness"":0.849269,""contrast"":1.250635,""hue"":0.065662,""saturation"":1.387006}",0.29906207,0.17237264,-0.12668943,0.74151337,0.84166551,0.088011131,0.0090322187,0.65350224,0.83263329,0.17913105,0.67331833,0.50379889,46.459523,23.406256,False,0.93663895,True,True,True,0.67331833,0.50379889,46.459523,23.406256,0.66571087,0.50230268,45.696199,22.953323,0.88323125,0.54635022,8.3871722,4.5823334,0.54675353,0.48512796,8.9056435,4.3203767,0.57915311,0.48506297,20.231998,9.8137929,0.68466833,0.46875886,26.959861,12.637674,0.69345836,0.51970393,21.996089,11.431454,0.71121279,0.55896772,19.718932,11.022247
0b_baseline_last,file,19,baseline,11412,194.Cactus_Wren/Cactus_Wren_0069_186033.jpg,194,193,194.Cactus_Wren,198,197,rotation,rotation,0,"{""angle"":8.84951}",0.29906207,0.6002993,0.30123723,0.74151337,0.5486474,0.088011131,0.2521314,0.65350224,0.296516,-0.35698624,0.83631058,1.8363512,46.459523,85.316,False,0.96043253,True,True,True,0.83631058,1.8363512,46.459523,85.316,0.83266064,1.8337134,45.696199,83.793733,0.94089046,1.9129961,8.3871722,16.044627,0.82956077,1.8235103,8.9056435,16.239533,0.86101972,2.0084522,20.231998,40.635,0.85081476,1.7669399,26.959861,47.636455,0.80250705,1.7876802,21.996089,39.321974,0.80968212,1.8221418,19.718932,35.930691
0b_baseline_last,file,19,baseline,11412,194.Cactus_Wren/Cactus_Wren_0069_186033.jpg,194,193,194.Cactus_Wren,198,197,random_resized_crop,random_resized_crop,0,"{""area_fraction"":0.626245,""aspect"":0.986831,""fallback"":false,""height"":0.796619,""left"":0.036494,""top"":0.133448,""width"":0.786129}",0.29906207,0.10215932,-0.19690275,0.74151337,0.90288568,0.088011131,0.015358931,0.65350224,0.88752674,0.2340245,0.7285883,0.41157409,46.459523,19.121536,False,0.94859517,True,True,True,0.7285883,0.41157409,46.459523,19.121536,0.72314846,0.41351688,45.696199,18.89615,0.93012151,0.3490124,8.3871722,2.9272271,0.77302633,0.3969883,8.9056435,3.5354363,0.70115356,0.41866084,20.231998,8.4703453,0.72748369,0.40379039,26.959861,10.886133,0.70792508,0.40958238,21.996089,9.0092107,0.74791741,0.43371841,19.718932,8.5524641
0b_baseline_last,file,19,baseline,11412,194.Cactus_Wren/Cactus_Wren_0069_186033.jpg,194,193,194.Cactus_Wren,198,197,gaussian_blur,gaussian_blur,0,"{""sigma"":1.016594}",0.29906207,0.85314715,0.55408508,0.74151337,0.42607191,0.088011131,0.25264597,0.65350224,0.17342594,-0.4800763,0.78538239,2.3209488,46.459523,107.83017,False,0.94558108,True,True,True,0.78538239,2.3209488,46.459523,107.83017,0.78041453,2.3222097,45.696199,106.11616,0.93547898,2.2832017,8.3871722,19.149606,0.74452993,2.4319369,8.9056435,21.657963,0.74086343,2.6107157,20.231998,52.819995,0.81983257,2.3489225,26.959861,63.326625,0.75606198,2.1488343,21.996089,47.265951,0.80236395,2.1258768,19.718932,41.920021
0b_baseline_last,file,19,baseline,11412,194.Cactus_Wren/Cactus_Wren_0069_186033.jpg,194,193,194.Cactus_Wren,198,197,random_erasing,random_erasing,0,"{""area_fraction"":0.116646,""erased"":true,""height"":0.408744,""left"":0.494371,""top"":0.271463,""width"":0.285376}",0.29906207,0.4476164,0.14855433,0.74151337,0.63914979,0.088011131,0.083089806,0.65350224,0.55605998,-0.097442262,0.88271146,1.448893,46.459523,67.314877,False,0.9640919,True,True,True,0.88271146,1.448893,46.459523,67.314877,0.88043379,1.4500412,45.696199,66.261372,0.9522924,1.4143836,8.3871722,11.862678,0.92770151,1.5313099,8.9056435,13.6373,0.90391597,1.4847594,20.231998,30.039649,0.90477757,1.467866,26.959861,39.573463,0.84550039,1.4289692,21.996089,31.431734,0.84164568,1.3871567,19.718932,27.353248
0b_baseline_last,file,19,baseline,10931,186.Cedar_Waxwing/Cedar_Waxwing_0125_178921.jpg,186,185,186.Cedar_Waxwing,185,184,identity,identity,0,{},0.066075526,0.066075526,0,0.93606019,0.93606019,0.037829891,0.037829891,0.8982303,0.8982303,0,1,1,9.7721181,9.7721181,False,0.99999994,True,True,True,1,1,9.7721181,9.7721181,1,1,9.5376533,9.5376533,1,1,2.1277832,2.1277832,1,1,1.633277,1.633277,1,1,4.934082,4.934082,1,1,4.7956029,4.7956029,1,1,4.2876904,4.2876904,1,1,4.7509972,4.7509972
0b_baseline_last,file,19,baseline,10931,186.Cedar_Waxwing/Cedar_Waxwing_0125_178921.jpg,186,185,186.Cedar_Waxwing,185,184,horizontal_flip,horizontal_flip,0,"{""flipped"":true}",0.066075526,0.013688621,-0.052386905,0.93606019,0.98640466,0.037829891,0.0097131561,0.8982303,0.9766915,0.078461202,0.75685086,0.28903998,9.7721181,2.8245328,False,0.97041291,True,True,True,0.75685086,0.28903998,9.7721181,2.8245328,0.74944149,0.29162589,9.5376533,2.7814267,0.96460144,0.23102927,2.1277832,0.4915802,0.77862978,0.30014639,1.633277,0.4902222,0.84812123,0.32481208,4.934082,1.6026494,0.73783288,0.31321964,4.7956029,1.502077,0.62584998,0.28242658,4.2876904,1.2109578,0.76451057,0.2310397,4.7509972,1.097669
0b_baseline_last,file,19,baseline,10931,186.Cedar_Waxwing/Cedar_Waxwing_0125_178921.jpg,186,185,186.Cedar_Waxwing,185,184,color_jitter,color_jitter,0,"{""brightness"":1.07693,""contrast"":0.750954,""hue"":-0.073864,""saturation"":0.965869}",0.066075526,0.15140612,0.085330598,0.93606019,0.85949856,0.037829891,0.054259162,0.8982303,0.8052394,-0.092990901,0.8384522,3.1798748,9.7721181,31.074112,False,0.95825028,True,True,True,0.8384522,3.1798748,9.7721181,31.074112,0.83781395,3.2247601,9.5376533,30.756644,0.93716284,2.0822119,2.1277832,4.4304955,0.71272372,3.5569865,1.633277,5.8095442,0.89974419,3.8144428,4.934082,18.820773,0.83567453,3.396416,4.7956029,16.287863,0.81215017,2.9138181,4.2876904,12.49355,0.84049302,2.4601713,4.7509972,11.688267
0b_baseline_last,file,19,baseline,10931,186.Cedar_Waxwing/Cedar_Waxwing_0125_178921.jpg,186,185,186.Cedar_Waxwing,185,184,rotation,rotation,0,"{""angle"":-11.84185}",0.066075526,0.49830082,0.43222529,0.93606019,0.60756212,0.037829891,0.012815982,0.8982303,0.59474614,-0.30348416,0.68908833,8.025602,9.7721181,78.42713,False,0.93885595,True,True,True,0.68908833,8.025602,9.7721181,78.42713,0.68791224,8.1475025,9.5376533,77.708054,0.81030103,4.979785,2.1277832,10.595903,0.7122851,10.769006,1.633277,17.58877,0.7845441,8.4709826,4.934082,41.796523,0.67269068,9.02314,4.7956029,43.271396,0.60197824,7.9956913,4.2876904,34.283049,0.6851774,6.4343056,4.7509972,30.569368
0b_baseline_last,file,19,baseline,10931,186.Cedar_Waxwing/Cedar_Waxwing_0125_178921.jpg,186,185,186.Cedar_Waxwing,185,184,random_resized_crop,random_resized_crop,0,"{""area_fraction"":0.545411,""aspect"":1.062674,""fallback"":false,""height"":0.71641,""left"":0.238689,""top"":0.187522,""width"":0.76131}",0.066075526,0.053421162,-0.012654364,0.93606019,0.9479807,0.037829891,0.035436302,0.8982303,0.9125444,0.0143141,0.73829289,0.82462046,9.7721181,8.0582885,False,0.96253943,True,True,True,0.73829289,0.82462046,9.7721181,8.0582885,0.72731141,0.82438066,9.5376533,7.8626569,0.95760704,0.82942381,2.1277832,1.764834,0.68993707,0.83360481,1.633277,1.3615076,0.73461203,0.71960191,4.934082,3.5505749,0.7268665,0.9080471,4.7956029,4.3546333,0.67732269,0.85833843,4.2876904,3.6802895,0.77938062,0.81120935,4.7509972,3.8540533
0b_baseline_last,file,19,baseline,10931,186.Cedar_Waxwing/Cedar_Waxwing_0125_178921.jpg,186,185,186.Cedar_Waxwing,185,184,gaussian_blur,gaussian_blur,0,"{""sigma"":1.289475}",0.066075526,0.7246207,0.65854517,0.93606019,0.48450831,0.037829891,0.0051583531,0.8982303,0.47934995,-0.41888035,0.36866443,9.9236759,9.7721181,96.975332,False,0.86837423,True,True,True,0.36866443,9.9236759,9.7721181,96.975332,0.35833025,9.9993501,9.5376533,95.370334,0.62660223,8.2575482,2.1277832,17.570272,0.40996745,10.485777,1.633277,17.126179,0.35650744,8.9232997,4.934082,44.028293,0.3606279,11.603519,4.7956029,55.645868,0.30898163,10.577273,4.2876904,45.352071,0.41074531,8.7049848,4.7509972,41.357358
0b_baseline_last,file,19,baseline,10931,186.Cedar_Waxwing/Cedar_Waxwing_0125_178921.jpg,186,185,186.Cedar_Waxwing,185,184,random_erasing,random_erasing,0,"{""area_fraction"":0.093084,""erased"":true,""height"":0.321335,""left"":0.341527,""top"":0.09567,""width"":0.289679}",0.066075526,0.38881528,0.32273976,0.93606019,0.67785949,0.037829891,0.0077133318,0.8982303,0.67014615,-0.22808415,0.50087169,7.5695323,9.7721181,73.970363,False,0.90034658,True,True,True,0.50087169,7.5695323,9.7721181,73.970363,0.49561656,7.6730281,9.5376533,73.182682,0.70358545,5.0597892,2.1277832,10.766134,0.53043922,13.520781,1.633277,22.083181,0.58240718,8.0235169,4.934082,39.588691,0.46496889,8.0460972,4.7956029,38.585887,0.38648807,7.0991922,4.2876904,30.439138,0.54156726,6.262902,4.7509972,29.75503
0b_baseline_last,file,19,baseline,9559,163.Cape_May_Warbler/Cape_May_Warbler_0028_163177.jpg,163,162,163.Cape_May_Warbler,182,181,identity,identity,0,{},0.039252199,0.039252199,0,0.96150821,0.96150821,0.0081360824,0.0081360824,0.95337213,0.95337213,0,1,1,4.6911472,4.6911472,False,1,True,True,True,1,1,4.6911472,4.6911472,1,1,4.5587673,4.5587673,1,1,1.1065727,1.1065727,1,1,0.72859705,0.72859705,1,1,1.6956681,1.6956681,1,1,2.1593258,2.1593258,1,1,2.3311078,2.3311078,1,1,2.6980482,2.6980482
0b_baseline_last,file,19,baseline,9559,163.Cape_May_Warbler/Cape_May_Warbler_0028_163177.jpg,163,162,163.Cape_May_Warbler,182,181,horizontal_flip,horizontal_flip,0,"{""flipped"":true}",0.039252199,0.051474284,0.012222085,0.96150821,0.94982809,0.0081360824,0.0053229686,0.95337213,0.94450512,-0.0088670123,0.64227985,1.3476106,4.6911472,6.3218397,False,0.97598326,True,True,True,0.64227985,1.3476106,4.6911472,6.3218397,0.62550636,1.3559399,4.5587673,6.1814144,0.96936461,1.1974414,1.1065727,1.325056,0.43991694,1.1802925,0.72859705,0.85995761,0.49712127,1.2883952,1.6956681,2.1846907,0.60089845,1.2937068,2.1593258,2.7935345,0.57670187,1.4052358,2.3311078,3.2757561,0.73675155,1.3948548,2.6980482,3.7633855
0b_baseline_last,file,19,baseline,9559,163.Cape_May_Warbler/Cape_May_Warbler_0028_163177.jpg,163,162,163.Cape_May_Warbler,182,181,color_jitter,color_jitter,0,"{""brightness"":0.881315,""contrast"":1.372822,""hue"":-0.002184,""saturation"":0.665514}",0.039252199,0.2370273,0.1977751,0.96150821,0.78896976,0.0081360824,0.010791582,0.95337213,0.77817817,-0.17519396,0.75057625,6.8869607,4.6911472,32.307747,False,0.97467536,True,True,True,0.75057625,6.8869607,4.6911472,32.307747,0.74529189,7.0007477,4.5587673,31.91478,0.95764053,4.5398543,1.1065727,5.0236789,0.51383597,7.9596248,0.72859705,5.7993591,0.64353489,8.5283662,1.6956681,14.461279,0.73485115,7.4815844,2.1593258,16.155178,0.74937593,6.755878,2.3311078,15.74868,0.84724343,6.0537992,2.6980482,16.333442
0b_baseline_last,file,19,baseline,9559,163.Cape_May_Warbler/Cape_May_Warbler_0028_163177.jpg,163,162,163.Cape_May_Warbler,182,181,rotation,rotation,0,"{""angle"":-7.306411}",0.039252199,0.048124369,0.00887217,0.96150821,0.95301527,0.0081360824,0.0079185534,0.95337213,0.94509671,-0.0082754176,0.78423591,1.2967313,4.6911472,6.0831575,False,0.97553444,True,True,True,0.78423591,1.2967313,4.6911472,6.0831575,0.7741824,1.3024003,4.5587673,5.9373399,0.97265908,1.1964267,1.1065727,1.3239331,0.68610144,1.4282406,0.72859705,1.0406119,0.77888661,1.3316357,1.6956681,2.2580122,0.73405469,1.3682727,2.1593258,2.9545465,0.74483416,1.3017726,2.3311078,3.0345721,0.83316608,1.2366518,2.6980482,3.3365461
0b_baseline_last,file,19,baseline,9559,163.Cape_May_Warbler/Cape_May_Warbler_0028_163177.jpg,163,162,163.Cape_May_Warbler,182,181,random_resized_crop,random_resized_crop,0,"{""area_fraction"":0.676734,""aspect"":1.297213,""fallback"":false,""height"":0.722276,""left"":0.038563,""top"":0.082352,""width"":0.936946}",0.039252199,0.086216442,0.046964243,0.96150821,0.91739565,0.0081360824,0.02017534,0.95337213,0.89722031,-0.05615182,0.75613516,2.4153473,4.6911472,11.33075,False,0.97852403,True,True,True,0.75613516,2.4153473,4.6911472,11.33075,0.74438633,2.4259799,4.5587673,11.059478,0.97596164,2.2271612,1.1065727,2.4645158,0.54505686,2.8121766,0.72859705,2.0489436,0.69783176,2.4925468,1.6956681,4.2265321,0.72407603,2.656482,2.1593258,5.73621,0.7195525,2.368409,2.3311078,5.5210167,0.82323811,2.2503751,2.6980482,6.0716205
0b_baseline_last,file,19,baseline,9559,163.Cape_May_Warbler/Cape_May_Warbler_0028_163177.jpg,163,162,163.Cape_May_Warbler,182,181,gaussian_blur,gaussian_blur,0,"{""sigma"":1.154656}",0.039252199,0.27009207,0.23083987,0.96150821,0.76330924,0.0081360824,0.0054606106,0.95337213,0.75784863,-0.1955235,0.68350636,8.0226893,4.6911472,37.635617,False,0.94393057,True,True,True,0.68350636,8.0226893,4.6911472,37.635617,0.67474281,8.1170364,4.5587673,37.00368,0.90170881,6.2064126,1.1065727,6.8678469,0.43723401,12.521876,0.72859705,9.1234021,0.6419095,9.5216721,1.6956681,16.145596,0.7209345,9.1027294,2.1593258,19.655758,0.65337723,7.7087415,2.3311078,17.969907,0.73744954,6.5895406,2.6980482,17.778898
0b_baseline_last,file,19,baseline,9559,163.Cape_May_Warbler/Cape_May_Warbler_0028_163177.jpg,163,162,163.Cape_May_Warbler,182,181,random_erasing,random_erasing,0,"{""area_fraction"":0.100135,""erased"":true,""height"":0.571268,""left"":0.352376,""top"":0.033467,""width"":0.175286}",0.039252199,0.012847156,-0.026405043,0.96150821,0.98723501,0.0081360824,0.0022674105,0.95337213,0.9849676,0.031595467,0.90590647,0.33725591,4.6911472,1.5821171,False,0.9871099,True,True,True,0.90590647,0.33725591,4.6911472,1.5821171,0.90153944,0.33758678,4.5587673,1.5389795,0.9815019,0.33159012,1.1065727,0.36692858,0.90786249,0.3161662,0.72859705,0.23035776,0.88170563,0.34794372,1.6956681,0.58999707,0.91132021,0.33049477,2.1593258,0.71364586,0.88977131,0.33984016,2.3311078,0.79220403,0.91232941,0.33775282,2.6980482,0.91127338
0b_baseline_last,file,19,baseline,72,002.Laysan_Albatross/Laysan_Albatross_0065_809.jpg,2,1,002.Laysan_Albatross,59,58,identity,identity,0,{},0.010594788,0.010594788,0,0.98946112,0.98946112,0.0030157208,0.0030157208,0.9864454,0.9864454,0,1,1,1.7059807,1.7059807,False,1,True,True,True,1,1,1.7059807,1.7059807,1,1,1.6667099,1.6667099,1,1,0.36393431,0.36393431,1,1,0.38614054,0.38614054,1,1,0.65700055,0.65700055,1,1,0.88877013,0.88877013,1,1,0.81122371,0.81122371,1,1,0.86554695,0.86554695
0b_baseline_last,file,19,baseline,72,002.Laysan_Albatross/Laysan_Albatross_0065_809.jpg,2,1,002.Laysan_Albatross,59,58,horizontal_flip,horizontal_flip,0,"{""flipped"":true}",0.010594788,0.023395216,0.012800428,0.98946112,0.97687632,0.0030157208,0.0046328641,0.9864454,0.97224345,-0.014201949,0.62540505,2.1427239,1.7059807,3.6554457,False,0.95576835,True,True,True,0.62540505,2.1427239,1.7059807,3.6554457,0.61294866,2.1575707,1.6667099,3.5960445,0.94766467,1.803384,0.36393431,0.65631332,0.67757655,2.5095377,0.38614054,0.96903424,0.53761372,2.2112012,0.65700055,1.4527604,0.59333371,2.1881228,0.88877013,1.9447382,0.58848198,2.1303191,0.81122371,1.7281654,0.69178718,2.0385866,0.86554695,1.7644924
0b_baseline_last,file,19,baseline,72,002.Laysan_Albatross/Laysan_Albatross_0065_809.jpg,2,1,002.Laysan_Albatross,59,58,color_jitter,color_jitter,0,"{""brightness"":0.933377,""contrast"":1.08273,""hue"":0.047213,""saturation"":1.219032}",0.010594788,0.01315145,0.0025566621,0.98946112,0.98693466,0.0030157208,0.0013962078,0.9864454,0.98553845,-0.00090694916,0.78619167,1.3157132,1.7059807,2.2445814,False,0.98405874,True,True,True,0.78619167,1.3157132,1.7059807,2.2445814,0.7791027,1.3163102,1.6667099,2.1939074,0.93641535,1.3031289,0.36393431,0.47425333,0.88362423,1.4279154,0.38614054,0.55137601,0.69406373,1.2341979,0.65700055,0.81086867,0.73640932,1.3671243,0.88877013,1.2150592,0.77967034,1.3229779,0.81122371,1.073231,0.85327251,1.277949,0.86554695,1.1061249
0b_baseline_last,file,19,baseline,72,002.Laysan_Albatross/Laysan_Albatross_0065_809.jpg,2,1,002.Laysan_Albatross,59,58,rotation,rotation,0,"{""angle"":6.252144}",0.010594788,0.023559401,0.012964613,0.98946112,0.97671598,0.0030157208,0.011997271,0.9864454,0.96471871,-0.021726693,0.72253739,2.4136637,1.7059807,4.1176637,False,0.95680547,True,True,True,0.72253739,2.4136637,1.7059807,4.1176637,0.71335963,2.4174362,1.6667099,4.029165,0.92241889,2.333135,0.36393431,0.84910787,0.71046541,3.5915723,0.38614054,1.3868517,0.69151732,2.5398821,0.65700055,1.6687039,0.71482591,2.2269325,0.88877013,1.9792311,0.69567486,2.3201213,0.81122371,1.8821374,0.76331954,2.3297897,0.86554695,2.0165424
0b_baseline_last,file,19,baseline,72,002.Laysan_Albatross/Laysan_Albatross_0065_809.jpg,2,1,002.Laysan_Albatross,59,58,random_resized_crop,random_resized_crop,0,"{""area_fraction"":0.607132,""aspect"":0.80262,""fallback"":false,""height"":0.869735,""left"":0.106402,""top"":0.070265,""width"":0.698066}",0.010594788,1.4568999,1.4463051,0.98946112,0.23295735,0.0030157208,0.043070085,0.9864454,0.18988726,-0.79655814,0.57353352,61.195414,1.7059807,104.3982,False,0.85828483,True,True,True,0.57353352,61.195414,1.7059807,104.3982,0.56283332,61.356604,1.6667099,102.26366,0.81316239,57.711026,0.36393431,21.003022,0.60314077,65.948513,0.38614054,25.465394,0.53376957,64.146644,0.65700055,42.14438,0.55841205,65.864594,0.88877013,58.538484,0.52570158,55.540141,0.81122371,45.055479,0.61351008,58.643786,0.86554695,50.75895
0b_baseline_last,file,19,baseline,72,002.Laysan_Albatross/Laysan_Albatross_0065_809.jpg,2,1,002.Laysan_Albatross,59,58,gaussian_blur,gaussian_blur,0,"{""sigma"":1.157677}",0.010594788,0.064518683,0.053923895,0.98946112,0.9375186,0.0030157208,0.027496191,0.9864454,0.91002241,-0.076422997,0.67845946,5.9528234,1.7059807,10.155402,False,0.93627155,True,True,True,0.67845946,5.9528234,1.7059807,10.155402,0.66730711,5.9500567,1.6667099,9.9170186,0.91004352,6.0105587,0.36393431,2.1874486,0.694986,7.8519022,0.38614054,3.0319378,0.59277248,6.2679681,0.65700055,4.1180585,0.61822818,5.6499592,0.88877013,5.021515,0.66579823,5.7325353,0.81122371,4.6503686,0.76669054,5.8175257,0.86554695,5.0353416
0b_baseline_last,file,19,baseline,72,002.Laysan_Albatross/Laysan_Albatross_0065_809.jpg,2,1,002.Laysan_Albatross,59,58,random_erasing,random_erasing,0,"{""area_fraction"":0.085696,""erased"":true,""height"":0.328741,""left"":0.166532,""top"":0.387126,""width"":0.260681}",0.010594788,0.0077224048,-0.0028723832,0.98946112,0.99230736,0.0030157208,0.0015456392,0.9864454,0.99076173,0.0043163225,0.84542868,0.77091179,1.7059807,1.3151606,False,0.96048629,True,True,True,0.84542868,0.77091179,1.7059807,1.3151606,0.84104886,0.77432886,1.6667099,1.2905816,0.95240923,0.69538477,0.36393431,0.25307438,0.86883836,0.93472642,0.38614054,0.36093577,0.75196635,0.82066852,0.65700055,0.53917967,0.85689865,0.73519095,0.88877013,0.65341576,0.85336921,0.7488225,0.81122371,0.60746257,0.86844697,0.77386023,0.86554695,0.66981236
0b_baseline_last,file,19,baseline,7761,133.White_throated_Sparrow/White_Throated_Sparrow_0015_129138.jpg,133,132,133.White_throated_Sparrow,132,131,identity,identity,0,{},0.011771148,0.011771148,0,0.98829788,0.98829788,0.005249701,0.005249701,0.98304818,0.98304818,0,1,1,1.3675574,1.3675574,False,1,True,True,True,1,1,1.3675574,1.3675574,1,1,1.3196512,1.3196512,1,1,0.35879511,0.35879511,1,1,0.19687483,0.19687483,1,1,0.50636476,0.50636476,1,1,0.68102251,0.68102251,1,1,0.65257858,0.65257858,1,1,0.74609911,0.74609911
0b_baseline_last,file,19,baseline,7761,133.White_throated_Sparrow/White_Throated_Sparrow_0015_129138.jpg,133,132,133.White_throated_Sparrow,132,131,horizontal_flip,horizontal_flip,0,"{""flipped"":true}",0.011771148,0.014487082,0.0027159341,0.98829788,0.98561734,0.005249701,0.0034991186,0.98304818,0.98211822,-0.00092995772,0.65459741,1.440335,1.3675574,1.9697408,False,0.97822177,True,True,True,0.65459741,1.440335,1.3675574,1.9697408,0.63658545,1.4544528,1.3196512,1.9193704,0.95025818,1.2335774,0.35879511,0.44260156,0.56533607,1.5020022,0.19687483,0.29570643,0.46282366,1.542674,0.50636476,0.78115576,0.65060588,1.5481162,0.68102251,1.054302,0.6162584,1.3783255,0.65257858,0.89946568,0.73686778,1.3836624,0.74609911,1.0323493
0b_baseline_last,file,19,baseline,7761,133.White_throated_Sparrow/White_Throated_Sparrow_0015_129138.jpg,133,132,133.White_throated_Sparrow,132,131,color_jitter,color_jitter,0,"{""brightness"":1.332589,""contrast"":0.92955,""hue"":0.00875,""saturation"":0.625515}",0.011771148,0.016191535,0.0044203866,0.98829788,0.98393887,0.005249701,0.0066550756,0.98304818,0.9772838,-0.0057643815,0.76241426,1.7113207,1.3675574,2.3403292,False,0.97515565,True,True,True,0.76241426,1.7113207,1.3675574,2.3403292,0.74960627,1.720714,1.3196512,2.2707423,0.95390293,1.5787678,0.35879511,0.56645417,0.59848962,2.1596175,0.19687483,0.42517432,0.63469585,2.0506777,0.50636476,1.0383909,0.75759185,1.7708286,0.68102251,1.2059742,0.76918773,1.617407,0.65257858,1.0554851,0.82601599,1.5450282,0.74609911,1.1527442
0b_baseline_last,file,19,baseline,7761,133.White_throated_Sparrow/White_Throated_Sparrow_0015_129138.jpg,133,132,133.White_throated_Sparrow,132,131,rotation,rotation,0,"{""angle"":9.685247}",0.011771148,0.011919819,0.00014867075,0.98829788,0.98815095,0.005249701,0.0063478095,0.98304818,0.98180314,-0.0012450339,0.7490088,1.0988102,1.3675574,1.502686,False,0.97017169,True,True,True,0.7490088,1.0988102,1.3675574,1.502686,0.7325376,1.0971202,1.3196512,1.4478159,0.9671654,1.1214224,0.35879511,0.40236088,0.52841711,1.0997136,0.19687483,0.21650592,0.69691608,1.0559112,0.50636476,0.5346762,0.73482176,1.0679183,0.68102251,0.7272764,0.72037535,1.1261738,0.65257858,0.73491691,0.77036211,1.1168716,0.74609911,0.83329689
0b_baseline_last,file,19,baseline,7761,133.White_throated_Sparrow/White_Throated_Sparrow_0015_129138.jpg,133,132,133.White_throated_Sparrow,132,131,random_resized_crop,random_resized_crop,0,"{""area_fraction"":0.71191,""aspect"":0.847743,""fallback"":false,""height"":0.91639,""left"":0.074671,""top"":0.027429,""width"":0.776864}",0.011771148,0.047055312,0.035284163,0.98829788,0.95403463,0.005249701,0.031321097,0.98304818,0.92271353,-0.060334649,0.61131566,5.4328027,1.3675574,7.4296695,False,0.95742917,True,True,True,0.61131566,5.4328027,1.3675574,7.4296695,0.59024427,5.4758047,1.3196512,7.2261524,0.9403616,4.8134791,0.35879511,1.7270528,0.39179878,7.2553005,0.19687483,1.4283861,0.50945556,5.7679641,0.50636476,2.9206938,0.54459685,5.4031482,0.68102251,3.6796656,0.61546724,5.9986846,0.65257858,3.9146131,0.68526815,4.7919222,0.74609911,3.5752489
0b_baseline_last,file,19,baseline,7761,133.White_throated_Sparrow/White_Throated_Sparrow_0015_129138.jpg,133,132,133.White_throated_Sparrow,132,131,gaussian_blur,gaussian_blur,0,"{""sigma"":1.480895}",0.011771148,1.000073,0.98830181,0.98829788,0.3678526,0.005249701,0.10433743,0.98304818,0.26351517,-0.71953301,0.47757731,80.511717,1.3675574,110.10439,False,0.86745787,True,True,True,0.47757731,80.511717,1.3675574,110.10439,0.46568709,82.425031,1.3196512,108.77229,0.82678795,47.590687,0.35879511,17.075306,0.054699025,124.44667,0.19687483,24.500416,0.45515004,112.08048,0.50636476,56.753606,0.4478062,89.34681,0.68102251,60.847189,0.47709814,75.723643,0.65257858,49.415628,0.60691389,57.895642,0.74609911,43.195887
0b_baseline_last,file,19,baseline,7761,133.White_throated_Sparrow/White_Throated_Sparrow_0015_129138.jpg,133,132,133.White_throated_Sparrow,132,131,random_erasing,random_erasing,0,"{""area_fraction"":0.186605,""erased"":true,""height"":0.260102,""left"":0.252586,""top"":0.661065,""width"":0.717431}",0.011771148,0.087315038,0.07554389,0.98829788,0.91638833,0.005249701,0.014248409,0.98304818,0.90213992,-0.080908255,0.71560632,6.8737245,1.3675574,9.4002129,False,0.95245183,True,True,True,0.71560632,6.8737245,1.3675574,9.4002129,0.70274441,6.8985613,1.3196512,9.1036948,0.90047959,6.5284606,0.35879511,2.3423798,0.50994644,6.7209977,0.19687483,1.3231953,0.65496704,6.7971472,0.50636476,3.4418358,0.71355526,6.6880208,0.68102251,4.5546927,0.68422033,6.8676349,0.65257858,4.4816714,0.74224047,7.1489354,0.74609911,5.3338143
0b_baseline_last,file,19,baseline,5287,091.Mockingbird/Mockingbird_0008_81226.jpg,91,90,091.Mockingbird,63,62,identity,identity,0,{},3.2575631,3.2575631,0,0.038482059,0.038482059,0.6525256,0.6525256,-0.61404354,-0.61404354,0,1,1,209.96338,209.96338,False,1.0000001,True,False,False,1,1,209.96338,209.96338,1,1,207.79919,207.79919,1,1,30.068563,30.068563,1,1,55.693643,55.693643,1,1,96.725357,96.725357,1,1,115.53582,115.53582,1,1,96.339402,96.339402,1,1,89.961762,89.961762
0b_baseline_last,file,19,baseline,5287,091.Mockingbird/Mockingbird_0008_81226.jpg,91,90,091.Mockingbird,63,62,horizontal_flip,horizontal_flip,0,"{""flipped"":true}",3.2575631,4.7698226,1.5122595,0.038482059,0.0084818844,0.6525256,0.73219353,-0.61404354,-0.72371165,-0.1096681,0.56090686,0.89526109,209.96338,187.97204,False,0.9604525,True,False,False,0.56090686,0.89526109,209.96338,187.97204,0.55087535,0.8903236,207.79919,185.00852,0.95956479,1.1056933,30.068563,33.246608,0.48647498,0.79139784,55.693643,44.075829,0.3108781,0.8236415,96.725357,79.667019,0.54038702,0.89396792,115.53582,103.28532,0.61415313,0.91813035,96.339402,88.452129,0.76081528,0.95925226,89.961762,86.296024
0b_baseline_last,file,19,baseline,5287,091.Mockingbird/Mockingbird_0008_81226.jpg,91,90,091.Mockingbird,63,62,color_jitter,color_jitter,0,"{""brightness"":1.116187,""contrast"":0.722566,""hue"":0.077037,""saturation"":0.629283}",3.2575631,4.3005443,1.0429811,0.038482059,0.013561177,0.6525256,0.41836691,-0.61404354,-0.40480573,0.20923781,0.79463732,1.0141566,209.96338,212.93576,False,0.92584616,True,False,False,0.79463732,1.0141566,209.96338,212.93576,0.79255141,1.0150832,207.79919,210.93347,0.89985701,0.96887257,30.068563,29.132606,0.80368607,0.77797878,55.693643,43.328472,0.788471,0.97766794,96.725357,94.565281,0.80649221,1.0671229,115.53582,123.29092,0.78037352,1.0146167,96.339402,97.747568,0.794628,1.0497103,89.961762,94.43379
0b_baseline_last,file,19,baseline,5287,091.Mockingbird/Mockingbird_0008_81226.jpg,91,90,091.Mockingbird,63,62,rotation,rotation,0,"{""angle"":4.784959}",3.2575631,4.4610133,1.2034502,0.038482059,0.011550654,0.6525256,0.71405637,-0.61404354,-0.70250572,-0.088462174,0.83029493,0.93367339,209.96338,196.03722,False,0.96004653,True,False,False,0.83029493,0.93367339,209.96338,196.03722,0.82743152,0.9312429,207.79919,193.51152,0.95760795,1.0431804,30.068563,31.366936,0.8206044,0.94345091,55.693643,52.544218,0.80489793,0.95073603,96.725357,91.960282,0.83139562,0.90448903,115.53582,104.50089,0.81675713,0.91156812,96.339402,87.819927,0.86257661,0.96882283,89.961762,87.157009
0b_baseline_last,file,19,baseline,5287,091.Mockingbird/Mockingbird_0008_81226.jpg,91,90,091.Mockingbird,63,62,random_resized_crop,random_resized_crop,0,"{""area_fraction"":0.80552,""aspect"":0.847438,""fallback"":false,""height"":0.974954,""left"":0.103579,""top"":0.010221,""width"":0.826213}",3.2575631,3.6444378,0.38687468,0.038482059,0.026136102,0.6525256,0.71659392,-0.61404354,-0.69045782,-0.076414274,0.81650347,0.96767118,209.96338,203.17551,False,0.93899,True,False,False,0.81650347,0.96767118,209.96338,203.17551,0.81383325,0.96527115,207.79919,200.58256,0.93561614,1.0760815,30.068563,32.356224,0.84405241,1.0231777,55.693643,56.984491,0.79487554,0.96599551,96.725357,93.436261,0.82708581,0.98023233,115.53582,113.25195,0.78545088,0.92765914,96.339402,89.370127,0.8341533,0.95897972,89.961762,86.271505
0b_baseline_last,file,19,baseline,5287,091.Mockingbird/Mockingbird_0008_81226.jpg,91,90,091.Mockingbird,63,62,gaussian_blur,gaussian_blur,0,"{""sigma"":1.123438}",3.2575631,5.7083611,2.450798,0.038482059,0.0033181065,0.6525256,0.78726232,-0.61404354,-0.78394421,-0.16990067,0.61393305,1.0032372,209.96338,210.64308,False,0.87264276,True,False,False,0.61393305,1.0032372,209.96338,210.64308,0.60822879,1.0016255,207.79919,208.13697,0.86880201,1.0774093,30.068563,32.39615,0.50460791,1.1767296,55.693643,65.536358,0.59643737,1.0557955,96.725357,102.1222,0.65371676,0.98924608,115.53582,114.29336,0.53956661,0.91639526,96.339402,88.284971,0.67616663,0.97793003,89.961762,87.976309
0b_baseline_last,file,19,baseline,5287,091.Mockingbird/Mockingbird_0008_81226.jpg,91,90,091.Mockingbird,63,62,random_erasing,random_erasing,0,"{""area_fraction"":0.19292,""erased"":true,""height"":0.270191,""left"":0.18326,""top"":0.615727,""width"":0.714012}",3.2575631,3.9125733,0.65501022,0.038482059,0.019988995,0.6525256,0.12269372,-0.61404354,-0.10270473,0.51133882,0.63742373,0.56825466,209.96338,119.31267,False,0.85558003,True,False,False,0.63742373,0.56825466,209.96338,119.31267,0.63513976,0.56173562,207.79919,116.7282,0.75716873,0.82142187,30.068563,24.698975,0.75894563,0.52798555,55.693643,29.405439,0.6473259,0.49810253,96.725357,48.179145,0.68291877,0.52693942,115.53582,60.88038,0.58457886,0.57044712,96.339402,54.956534,0.59248184,0.6773295,89.961762,60.933755
0b_baseline_last,file,19,baseline,4209,073.Blue_Jay/Blue_Jay_0066_61490.jpg,73,72,073.Blue_Jay,164,163,identity,identity,0,{},0.18098466,0.18098466,0,0.83444816,0.83444816,0.094552115,0.094552115,0.73989604,0.73989604,0,1,1,34.348988,34.348988,False,1,True,True,True,1,1,34.348988,34.348988,1,1,33.9394,33.9394,1,1,5.288681,5.288681,1,1,10.574849,10.574849,1,1,14.534169,14.534169,1,1,17.514916,17.514916,1,1,16.466588,16.466588,1,1,15.839587,15.839587
0b_baseline_last,file,19,baseline,4209,073.Blue_Jay/Blue_Jay_0066_61490.jpg,73,72,073.Blue_Jay,164,163,horizontal_flip,horizontal_flip,0,"{""flipped"":true}",0.18098466,0.1242155,-0.056769162,0.83444816,0.8831895,0.094552115,0.057365891,0.73989604,0.82582361,0.085927565,0.5858725,0.56501073,34.348988,19.407547,False,0.95905423,True,True,True,0.5858725,0.56501073,34.348988,19.407547,0.57515856,0.56057846,33.9394,19.025696,0.9460908,0.72435736,5.288681,3.830895,0.52147643,0.42057784,10.574849,4.447547,0.56773664,0.53074348,14.534169,7.7139157,0.51215911,0.53483627,17.514916,9.3676124,0.54243411,0.58425883,16.466588,9.6207493,0.70661356,0.63880124,15.839587,10.118348
0b_baseline_last,file,19,baseline,4209,073.Blue_Jay/Blue_Jay_0066_61490.jpg,73,72,073.Blue_Jay,164,163,color_jitter,color_jitter,0,"{""brightness"":1.022806,""contrast"":1.046611,""hue"":0.074077,""saturation"":0.801406}",0.18098466,0.10825969,-0.072724976,0.83444816,0.89739454,0.094552115,0.049791869,0.73989604,0.84760267,0.10770663,0.81368475,0.54703001,34.348988,18.789927,False,0.95884287,True,True,True,0.81368475,0.54703001,34.348988,18.789927,0.81003831,0.54581031,33.9394,18.524474,0.95438175,0.59509292,5.288681,3.1472566,0.85940114,0.51748587,10.574849,5.4723348,0.75996892,0.52501186,14.534169,7.6306112,0.81132924,0.54674383,17.514916,9.5761724,0.80135217,0.55661359,16.466588,9.1655265,0.83838919,0.56210853,15.839587,8.9035672
0b_baseline_last,file,19,baseline,4209,073.Blue_Jay/Blue_Jay_0066_61490.jpg,73,72,073.Blue_Jay,164,163,rotation,rotation,0,"{""angle"":8.596013}",0.18098466,0.051356748,-0.12962791,0.83444816,0.94993973,0.094552115,0.017165493,0.73989604,0.93277423,0.19287819,0.66784998,0.26947897,34.348988,9.25633,False,0.96918547,True,True,True,0.66784998,0.26947897,34.348988,9.25633,0.66093658,0.26805671,33.9394,9.0976837,0.91556502,0.32265106,5.288681,1.7063985,0.65915518,0.17871835,10.574849,1.8899195,0.58768404,0.25348584,14.534169,3.6842061,0.60040982,0.26286061,17.514916,4.6039816,0.66635124,0.29139018,16.466588,4.798202,0.79654438,0.29207636,15.839587,4.626369
0b_baseline_last,file,19,baseline,4209,073.Blue_Jay/Blue_Jay_0066_61490.jpg,73,72,073.Blue_Jay,164,163,random_resized_crop,random_resized_crop,0,"{""area_fraction"":0.540131,""aspect"":0.86047,""fallback"":false,""height"":0.792286,""left"":0.092337,""top"":0.06526,""width"":0.681738}",0.18098466,0.077054791,-0.10392987,0.83444816,0.92583913,0.094552115,0.030165842,0.73989604,0.89567328,0.15577724,0.6306428,0.42034733,34.348988,14.438505,False,0.954454,True,True,True,0.6306428,0.42034733,34.348988,14.438505,0.62274324,0.41971955,33.9394,14.245029,0.9382738,0.44543315,5.288681,2.3557538,0.54608766,0.38585345,10.574849,4.0803419,0.60031569,0.45430418,14.534169,6.6029339,0.5646803,0.40805695,17.514916,7.1470832,0.62417128,0.41050845,16.466588,6.7596734,0.74306483,0.42771799,15.839587,6.7748766
0b_baseline_last,file,19,baseline,4209,073.Blue_Jay/Blue_Jay_0066_61490.jpg,73,72,073.Blue_Jay,164,163,gaussian_blur,gaussian_blur,0,"{""sigma"":1.736657}",0.18098466,1.0811586,0.90017398,0.83444816,0.33920228,0.094552115,0.14951548,0.73989604,0.18968681,-0.55020924,0.37971393,3.7463069,34.348988,128.68185,False,0.77611911,True,True,True,0.37971393,3.7463069,34.348988,128.68185,0.3723781,3.7524286,33.9394,127.35517,0.70603362,3.4848705,5.288681,18.430368,0.51753065,3.3923267,10.574849,35.873342,0.39500472,4.394968,14.534169,63.87721,0.30225426,4.3909714,17.514916,76.907496,0.33328144,3.2153538,16.466588,52.945905,0.47665981,2.91652,15.839587,46.196473
0b_baseline_last,file,19,baseline,4209,073.Blue_Jay/Blue_Jay_0066_61490.jpg,73,72,073.Blue_Jay,164,163,random_erasing,random_erasing,0,"{""area_fraction"":0.075574,""erased"":true,""height"":0.371697,""left"":0.460814,""top"":0.563389,""width"":0.203321}",0.18098466,0.22790097,0.046916306,0.83444816,0.79620308,0.094552115,0.10453682,0.73989604,0.69166626,-0.048229784,0.88750706,1.0543866,34.348988,36.217114,False,0.98313189,True,True,True,0.88750706,1.0543866,34.348988,36.217114,0.88519676,1.0517923,33.9394,35.697198,0.97793386,1.156184,5.288681,6.1146885,0.92161933,0.76977441,10.574849,8.140248,0.87359386,1.006239,14.534169,14.624847,0.85494362,1.0493313,17.514916,18.37895,0.89333357,1.1100606,16.466588,18.27891,0.92612433,1.1332951,15.839587,17.950926
0b_baseline_last,file,19,baseline,8378,143.Caspian_Tern/Caspian_Tern_0078_146824.jpg,143,142,143.Caspian_Tern,146,145,identity,identity,0,{},0.37394109,0.37394109,0,0.68801743,0.68801743,0.071205728,0.071205728,0.6168117,0.6168117,0,1,1,55.62735,55.62735,False,0.99999994,True,True,True,1,1,55.62735,55.62735,1,1,54.851696,54.851696,1,1,9.257076,9.257076,1,1,12.15144,12.15144,1,1,23.662392,23.662392,1,1,28.106382,28.106382,1,1,27.302886,27.302886,1,1,27.671755,27.671755
0b_baseline_last,file,19,baseline,8378,143.Caspian_Tern/Caspian_Tern_0078_146824.jpg,143,142,143.Caspian_Tern,146,145,horizontal_flip,horizontal_flip,0,"{""flipped"":true}",0.37394109,0.63899773,0.26505664,0.68801743,0.52782118,0.071205728,0.092557922,0.6168117,0.43526326,-0.18154844,0.62177245,1.3606612,55.62735,75.689977,False,0.96339196,True,True,True,0.62177245,1.3606612,55.62735,75.689977,0.61247264,1.3613553,54.851696,74.672649,0.95457793,1.3360622,9.257076,12.368029,0.66015107,1.3843902,12.15144,16.822334,0.47482233,1.2643779,23.662392,29.918206,0.60457232,1.3405439,28.106382,37.677838,0.60968685,1.4282969,27.302886,38.996628,0.70819136,1.3796732,27.671755,38.177979
0b_baseline_last,file,19,baseline,8378,143.Caspian_Tern/Caspian_Tern_0078_146824.jpg,143,142,143.Caspian_Tern,146,145,color_jitter,color_jitter,0,"{""brightness"":1.345036,""contrast"":1.092987,""hue"":0.034865,""saturation"":1.35294}",0.37394109,0.77296281,0.39902171,0.68801743,0.46164331,0.071205728,0.073469266,0.6168117,0.38817404,-0.22863766,0.80660591,1.6177768,55.62735,89.992636,False,0.98011798,True,True,True,0.80660591,1.6177768,55.62735,89.992636,0.80160781,1.613445,54.851696,88.500193,0.97027191,1.7631343,9.257076,16.321468,0.63176781,1.658643,12.15144,20.154901,0.64996686,1.4878393,23.662392,35.205836,0.83157326,1.5106751,28.106382,42.459612,0.84115638,1.7192024,27.302886,46.939187,0.87043234,1.6874934,27.671755,46.695903
0b_baseline_last,file,19,baseline,8378,143.Caspian_Tern/Caspian_Tern_0078_146824.jpg,143,142,143.Caspian_Tern,146,145,rotation,rotation,0,"{""angle"":10.317199}",0.37394109,1.7287675,1.3548264,0.68801743,0.17750305,0.071205728,0.51540399,0.6168117,-0.33790094,-0.95471264,0.71284645,2.9818758,55.62735,165.87385,False,0.93581766,False,True,False,0.71284645,2.9818758,55.62735,165.87385,0.70851706,2.9786949,54.851696,163.38647,0.85978449,3.0914844,9.257076,28.618106,0.75885377,3.0556068,12.15144,37.130022,0.76220599,2.7746623,23.662392,65.655147,0.70303485,2.8315337,28.106382,79.584169,0.65173604,3.0365394,27.302886,82.906288,0.72652147,3.191372,27.671755,88.310864
0b_baseline_last,file,19,baseline,8378,143.Caspian_Tern/Caspian_Tern_0078_146824.jpg,143,142,143.Caspian_Tern,146,145,random_resized_crop,random_resized_crop,0,"{""area_fraction"":0.891425,""aspect"":0.941605,""fallback"":false,""height"":0.972989,""left"":0.067937,""top"":0.001227,""width"":0.916172}",0.37394109,0.22045219,-0.1534889,0.68801743,0.80215597,0.071205728,0.046454821,0.6168117,0.75570115,0.13888945,0.78466276,0.58678934,55.62735,32.641536,False,0.97098827,True,True,True,0.78466276,0.58678934,55.62735,32.641536,0.78006972,0.58278073,54.851696,31.966512,0.93195125,0.71339351,9.257076,6.6039379,0.81173537,0.59996365,12.15144,7.2904221,0.79232176,0.55308457,23.662392,13.087304,0.7623193,0.57720218,28.106382,16.223065,0.74864735,0.58045195,27.302886,15.848013,0.81399727,0.60802296,27.671755,16.825062
0b_baseline_last,file,19,baseline,8378,143.Caspian_Tern/Caspian_Tern_0078_146824.jpg,143,142,143.Caspian_Tern,146,145,gaussian_blur,gaussian_blur,0,"{""sigma"":1.422008}",0.37394109,0.68209964,0.30815855,0.68801743,0.50555438,0.071205728,0.033723898,0.6168117,0.47183048,-0.14498122,0.57197381,1.2091573,55.62735,67.262216,False,0.9232316,True,True,True,0.57197381,1.2091573,55.62735,67.262216,0.56334083,1.1923681,54.851696,65.403416,0.8195006,1.6963747,9.257076,15.703469,0.26280009,1.0995398,12.15144,13.360992,0.52174496,1.1037161,23.662392,26.116564,0.61141572,1.2074311,28.106382,33.936521,0.54395346,1.1629023,27.302886,31.750588,0.61268884,1.2813578,27.671755,35.457417
0b_baseline_last,file,19,baseline,8378,143.Caspian_Tern/Caspian_Tern_0078_146824.jpg,143,142,143.Caspian_Tern,146,145,random_erasing,random_erasing,0,"{""area_fraction"":0.075364,""erased"":true,""height"":0.15059,""left"":0.353672,""top"":0.533881,""width"":0.500456}",0.37394109,0.51883298,0.14489189,0.68801743,0.59521478,0.071205728,0.031419832,0.6168117,0.56379495,-0.053016748,0.75888378,1.2360077,55.62735,68.755832,False,0.95077926,True,True,True,0.75888378,1.2360077,55.62735,68.755832,0.75413494,1.2360672,54.851696,67.800382,0.92590797,1.2339168,9.257076,11.422462,0.85736127,1.4827772,12.15144,18.017878,0.63489784,1.1106004,23.662392,26.279463,0.78150716,1.2600953,28.106382,35.41672,0.73656804,1.2485707,27.302886,34.089582,0.8031037,1.2335661,27.671755,34.134939
0b_baseline_last,file,19,baseline,1548,028.Brown_Creeper/Brown_Creeper_0007_24902.jpg,28,27,028.Brown_Creeper,187,186,identity,identity,0,{},0.017406438,0.017406438,0,0.98274416,0.98274416,0.013234765,0.013234765,0.96950939,0.96950939,0,1,1,4.2964654,4.2964654,False,1,True,True,True,1,1,4.2964654,4.2964654,1,1,4.2467518,4.2467518,1,1,0.65170068,0.65170068,1,1,1.019133,1.019133,1,1,1.8956783,1.8956783,1,1,2.4212949,2.4212949,1,1,2.1282499,2.1282499,1,1,1.7350954,1.7350954
0b_baseline_last,file,19,baseline,1548,028.Brown_Creeper/Brown_Creeper_0007_24902.jpg,28,27,028.Brown_Creeper,187,186,horizontal_flip,horizontal_flip,0,"{""flipped"":true}",0.017406438,0.073708892,0.056302454,0.98274416,0.92894208,0.013234765,0.045700707,0.96950939,0.88324138,-0.086268014,0.60074909,3.5849634,4.2964654,15.402671,False,0.97565019,True,True,True,0.60074909,3.5849634,4.2964654,15.402671,0.59261595,3.5900996,4.2467518,15.246262,0.97109857,3.3596256,0.65170068,2.1894703,0.48179004,4.1991013,1.019133,4.2794429,0.43293968,3.9031052,1.8956783,7.3990317,0.60832752,3.4133017,2.4212949,8.26461,0.64626991,3.4827163,2.1282499,7.4120906,0.75044093,3.4650443,1.7350954,6.0121825
0b_baseline_last,file,19,baseline,1548,028.Brown_Creeper/Brown_Creeper_0007_24902.jpg,28,27,028.Brown_Creeper,187,186,color_jitter,color_jitter,0,"{""brightness"":1.295459,""contrast"":1.342565,""hue"":0.00702,""saturation"":0.695413}",0.017406438,0.004759056,-0.012647382,0.98274416,0.99525225,0.013234765,0.0021854888,0.96950939,0.99306676,0.023557371,0.64037775,0.19825559,4.2964654,0.8517983,False,0.95503712,True,True,True,0.64037775,0.19825559,4.2964654,0.8517983,0.63252326,0.19726833,4.2467518,0.83774963,0.92891854,0.23640389,0.65170068,0.15406458,0.6037738,0.15209307,1.019133,0.15500308,0.56618398,0.19080994,1.8956783,0.36171425,0.58405478,0.17904942,2.4212949,0.43353144,0.66061451,0.20565682,2.1282499,0.4376891,0.758142,0.23583392,1.7350954,0.40919436
0b_baseline_last,file,19,baseline,1548,028.Brown_Creeper/Brown_Creeper_0007_24902.jpg,28,27,028.Brown_Creeper,187,186,rotation,rotation,0,"{""angle"":-13.295623}",0.017406438,0.28433886,0.26693242,0.98274416,0.75251162,0.013234765,0.17111537,0.96950939,0.58139625,-0.38811314,0.81657812,13.489517,4.2964654,57.957245,False,0.94519299,True,True,True,0.81657812,13.489517,4.2964654,57.957245,0.81379493,13.503764,4.2467518,57.347136,0.94150549,12.869995,0.65170068,8.3873845,0.85741145,15.534823,1.019133,15.832052,0.77756156,13.583052,1.8956783,25.749096,0.83806487,13.805988,2.4212949,33.428369,0.8064961,12.86462,2.1282499,27.379126,0.80743879,12.989364,1.7350954,22.537786
0b_baseline_last,file,19,baseline,1548,028.Brown_Creeper/Brown_Creeper_0007_24902.jpg,28,27,028.Brown_Creeper,187,186,random_resized_crop,random_resized_crop,0,"{""area_fraction"":0.800564,""aspect"":1.22314,""fallback"":false,""height"":0.809021,""left"":0.001383,""top"":0.149483,""width"":0.989546}",0.017406438,0.040433582,0.023027144,0.98274416,0.96037292,0.013234765,0.026693122,0.96950939,0.9336798,-0.03582959,0.85863232,2.0791138,4.2964654,8.9328405,False,0.97655863,True,True,True,0.85863232,2.0791138,4.2964654,8.9328405,0.85606053,2.0812807,4.2467518,8.8386827,0.97408539,1.9849166,0.65170068,1.2935715,0.87475552,2.3091571,1.019133,2.3533383,0.81566572,2.1732181,1.8956783,4.1197224,0.87723216,2.0624555,2.4212949,4.9938132,0.85246766,1.9996274,2.1282499,4.2557067,0.86777981,2.0427709,1.7350954,3.5444025
0b_baseline_last,file,19,baseline,1548,028.Brown_Creeper/Brown_Creeper_0007_24902.jpg,28,27,028.Brown_Creeper,187,186,gaussian_blur,gaussian_blur,0,"{""sigma"":1.747634}",0.017406438,0.55117345,0.53376701,0.98274416,0.57627314,0.013234765,0.058198474,0.96950939,0.51807467,-0.45143472,0.58105925,20.892368,4.2964654,89.763336,False,0.86196887,True,True,True,0.58105925,20.892368,4.2964654,89.763336,0.5788546,21.009349,4.2467518,89.22149,0.74250891,15.111157,0.65170068,9.8479511,0.68848756,22.815169,1.019133,23.251692,0.47095123,21.421079,1.8956783,40.607475,0.62748815,21.213758,2.4212949,51.364765,0.56155224,20.682826,2.1282499,44.018221,0.60210961,19.922629,1.7350954,34.567662
0b_baseline_last,file,19,baseline,1548,028.Brown_Creeper/Brown_Creeper_0007_24902.jpg,28,27,028.Brown_Creeper,187,186,random_erasing,random_erasing,0,"{""area_fraction"":0.169239,""erased"":true,""height"":0.293238,""left"":0.291447,""top"":0.65692,""width"":0.57714}",0.017406438,0.076975539,0.059569102,0.98274416,0.9259125,0.013234765,0.016692234,0.96950939,0.90922027,-0.060289127,0.81157135,2.9484137,4.2964654,12.667758,False,0.95538855,True,True,True,0.81157135,2.9484137,4.2964654,12.667758,0.81057012,2.9484662,4.2467518,12.521404,0.85412033,2.9461859,0.65170068,1.9200314,0.81965121,2.4105701,1.019133,2.4566917,0.78672018,2.7951609,1.8956783,5.2987258,0.82582008,2.8399818,2.4212949,6.8764336,0.81201893,3.030451,2.1282499,6.449557,0.81814783,3.3502797,1.7350954,5.8130551
0b_baseline_last,file,19,baseline,9783,167.Hooded_Warbler/Hooded_Warbler_0039_164928.jpg,167,166,167.Hooded_Warbler,180,179,identity,identity,0,{},4.3017936,4.3017936,0,0.013544243,0.013544243,0.94778222,0.94778222,-0.93423798,-0.93423798,0,1,1,190.53205,190.53205,False,1,True,False,False,1,1,190.53205,190.53205,1,1,187.4192,187.4192,1,1,34.300248,34.300248,1,1,34.261939,34.261939,1,1,72.781115,72.781115,1,1,107.64782,107.64782,1,1,100.225,100.225,1,1,83.796656,83.796656
0b_baseline_last,file,19,baseline,9783,167.Hooded_Warbler/Hooded_Warbler_0039_164928.jpg,167,166,167.Hooded_Warbler,180,179,horizontal_flip,horizontal_flip,0,"{""flipped"":true}",4.3017936,2.7907691,-1.5110245,0.013544243,0.061373994,0.94778222,0.89573878,-0.93423798,-0.83436479,0.099873189,0.69517247,1.0233222,190.53205,194.97568,False,0.96867937,True,False,False,0.69517247,1.0233222,190.53205,194.97568,0.68721363,1.0269329,187.4192,192.46695,0.96867486,0.90893715,34.300248,31.17677,0.4177129,1.1671578,34.261939,39.989091,0.48805999,1.0292573,72.781115,74.910492,0.71710348,1.090494,107.64782,117.3893,0.73053343,0.96997493,100.225,97.215738,0.78962471,0.96961681,83.796656,81.250647
0b_baseline_last,file,19,baseline,9783,167.Hooded_Warbler/Hooded_Warbler_0039_164928.jpg,167,166,167.Hooded_Warbler,180,179,color_jitter,color_jitter,0,"{""brightness"":1.210807,""contrast"":1.178529,""hue"":0.00686,""saturation"":0.79498}",4.3017936,3.134552,-1.1672416,0.013544243,0.043519244,0.94778222,0.93981159,-0.93423798,-0.89629234,0.037945632,0.89133046,0.99430095,190.53205,189.4462,False,0.97992039,True,False,False,0.89133046,0.99430095,190.53205,189.4462,0.88839347,0.99456465,187.4192,186.40051,0.97977304,0.98639561,34.300248,33.833614,0.80892886,0.94158599,34.261939,32.260562,0.84033796,0.93405732,72.781115,67.981733,0.89857458,1.0287548,107.64782,110.74321,0.89199831,0.9728804,100.225,97.506939,0.91482523,1.0203953,83.796656,85.505714
0b_baseline_last,file,19,baseline,9783,167.Hooded_Warbler/Hooded_Warbler_0039_164928.jpg,167,166,167.Hooded_Warbler,180,179,rotation,rotation,0,"{""angle"":-4.80561}",4.3017936,3.0977364,-1.2040572,0.013544243,0.045151297,0.94778222,0.92903239,-0.93423798,-0.88388109,0.050356887,0.84810491,1.1673956,190.53205,222.42628,False,0.98392785,True,False,False,0.84810491,1.1673956,190.53205,222.42628,0.84458466,1.1728114,187.4192,219.80736,0.98390107,0.99217747,34.300248,34.031933,0.72900551,1.5765855,34.261939,54.016877,0.7773907,1.3152745,72.781115,95.727145,0.84073138,1.1528168,107.64782,124.09822,0.88648633,1.1309731,100.225,113.35178,0.89824061,1.0663619,83.796656,89.357558
0b_baseline_last,file,19,baseline,9783,167.Hooded_Warbler/Hooded_Warbler_0039_164928.jpg,167,166,167.Hooded_Warbler,180,179,random_resized_crop,random_resized_crop,0,"{""area_fraction"":0.56813,""aspect"":1.027501,""fallback"":false,""height"":0.743588,""left"":0.04976,""top"":0.106986,""width"":0.764038}",4.3017936,4.0587392,-0.24305439,0.013544243,0.017270783,0.94778222,0.95220768,-0.93423798,-0.9349369,-0.00069892593,0.75406609,1.0664695,190.53205,203.19663,False,0.97103524,True,False,False,0.75406609,1.0664695,190.53205,203.19663,0.74680248,1.0664906,187.4192,199.88081,0.97106167,1.0658416,34.300248,36.55863,0.62002369,1.2615945,34.261939,43.224673,0.69519821,1.216698,72.781115,88.552636,0.77182607,1.0540165,107.64782,113.46258,0.7665083,0.98818217,100.225,99.040559,0.76064305,1.0375831,83.796656,86.945991
0b_baseline_last,file,19,baseline,9783,167.Hooded_Warbler/Hooded_Warbler_0039_164928.jpg,167,166,167.Hooded_Warbler,180,179,gaussian_blur,gaussian_blur,0,"{""sigma"":1.101679}",4.3017936,2.5340466,-1.7677469,0.013544243,0.079337329,0.94778222,0.86590695,-0.93423798,-0.78656963,0.14766835,0.80591485,1.0792916,190.53205,205.63964,False,0.97462475,True,False,False,0.80591485,1.0792916,190.53205,205.63964,0.80127606,1.083753,187.4192,203.11613,0.97459844,0.93634802,34.300248,32.116969,0.71980076,1.2486073,34.261939,42.779706,0.71472884,1.2844579,72.781115,93.484275,0.82565009,1.1203272,107.64782,120.60079,0.81899628,0.96651077,100.225,96.868543,0.85855817,0.98107983,83.796656,82.211209
0b_baseline_last,file,19,baseline,9783,167.Hooded_Warbler/Hooded_Warbler_0039_164928.jpg,167,166,167.Hooded_Warbler,180,179,random_erasing,random_erasing,0,"{""area_fraction"":0.163117,""erased"":true,""height"":0.227321,""left"":0.033203,""top"":0.224578,""width"":0.717563}",4.3017936,3.7466393,-0.55515432,0.013544243,0.023596916,0.94778222,0.042182073,-0.93423798,-0.018585157,0.91565282,0.14191926,0.58523632,190.53205,111.50628,False,0.70915419,False,False,False,0.14191926,0.58523632,190.53205,111.50628,0.12707115,0.58117884,187.4192,108.92407,0.51453523,0.69555859,34.300248,23.857832,0.050377925,0.5545579,34.261939,19.000229,0.20465832,0.61048804,72.781115,44.432,0.20051589,0.49150211,107.64782,52.909132,0.0062923226,0.58589005,100.225,58.720831,0.1500678,0.68363569,83.796656,57.286385
0b_baseline_last,file,19,baseline,4267,074.Florida_Jay/Florida_Jay_0039_64576.jpg,74,73,074.Florida_Jay,54,53,identity,identity,0,{},0.022715483,0.022715483,0,0.97754055,0.97754055,0.014136719,0.014136719,0.96340383,0.96340383,0,1,1,4.6516958,4.6516958,False,0.99999988,True,True,True,1,1,4.6516958,4.6516958,1,1,4.5778998,4.5778998,1,1,0.82529187,0.82529187,1,1,1.364858,1.364858,1,1,2.4929448,2.4929448,1,1,2.4387107,2.4387107,1,1,1.8237959,1.8237959,1,1,1.8989509,1.8989509
0b_baseline_last,file,19,baseline,4267,074.Florida_Jay/Florida_Jay_0039_64576.jpg,74,73,074.Florida_Jay,54,53,horizontal_flip,horizontal_flip,0,"{""flipped"":true}",0.022715483,0.011781398,-0.010934085,0.97754055,0.98828775,0.014136719,0.010317023,0.96340383,0.97797072,0.01456689,0.65985524,0.51472767,4.6516958,2.3943565,False,0.97070122,True,True,True,0.65985524,0.51472767,4.6516958,2.3943565,0.64819975,0.50915198,4.5778998,2.3308468,0.95732035,0.66377791,0.82529187,0.54781051,0.35490697,0.35412169,1.364858,0.48332581,0.66536924,0.43604811,2.4929448,1.0870439,0.66528068,0.5149814,2.4387107,1.2558906,0.62909489,0.59021807,1.8237959,1.0764373,0.74737439,0.59615955,1.8989509,1.1320777
0b_baseline_last,file,19,baseline,4267,074.Florida_Jay/Florida_Jay_0039_64576.jpg,74,73,074.Florida_Jay,54,53,color_jitter,color_jitter,0,"{""brightness"":0.618385,""contrast"":1.131219,""hue"":-0.031222,""saturation"":1.125346}",0.022715483,0.8664937,0.84377822,0.97754055,0.42042309,0.014136719,0.099305265,0.96340383,0.32111783,-0.64228601,0.8107611,28.896752,4.6516958,134.4189,False,0.91708767,True,True,True,0.8107611,28.896752,4.6516958,134.4189,0.81131378,29.139751,4.5778998,133.39886,0.842397,20.027173,0.82529187,16.528263,0.73523483,38.235565,1.364858,52.186116,0.8529036,28.233788,2.4929448,70.385274,0.85833365,28.542575,2.4387107,69.607083,0.77658146,28.784835,1.8237959,52.497663,0.77025679,26.417748,1.8989509,50.166006
0b_baseline_last,file,19,baseline,4267,074.Florida_Jay/Florida_Jay_0039_64576.jpg,74,73,074.Florida_Jay,54,53,rotation,rotation,0,"{""angle"":13.598705}",0.022715483,0.07182578,0.049110297,0.97754055,0.93069303,0.014136719,0.025101341,0.96340383,0.90559169,-0.057812145,0.84053699,3.0435903,4.6516958,14.157856,False,0.93207955,True,True,True,0.84053699,3.0435903,4.6516958,14.157856,0.83864341,3.0510902,4.5778998,13.967585,0.90689302,2.8030328,0.82529187,2.3133202,0.86749305,2.9754068,1.364858,4.0610077,0.90391608,2.9034678,2.4929448,7.2381849,0.84560686,3.0299799,2.4387107,7.3892443,0.76420717,3.2281551,1.8237959,5.887496,0.78510013,3.2009189,1.8989509,6.0783878
0b_baseline_last,file,19,baseline,4267,074.Florida_Jay/Florida_Jay_0039_64576.jpg,74,73,074.Florida_Jay,54,53,random_resized_crop,random_resized_crop,0,"{""area_fraction"":0.792101,""aspect"":0.895506,""fallback"":false,""height"":0.940494,""left"":0.141479,""top"":0.036345,""width"":0.842218}",0.022715483,0.077185012,0.05446953,0.97754055,0.92571855,0.014136719,0.063523166,0.96340383,0.86219538,-0.10120845,0.79758843,3.814177,4.6516958,17.742391,False,0.96572262,True,True,True,0.79758843,3.814177,4.6516958,17.742391,0.79205066,3.798805,4.5778998,17.390549,0.95458933,4.2601379,0.82529187,3.5158572,0.81276277,3.3047732,1.364858,4.5105462,0.78329452,3.3920566,2.4929448,8.4562099,0.78619468,3.9572735,2.4387107,9.6506451,0.79295309,4.3033334,1.8237959,7.8484019,0.82357892,3.9353515,1.8989509,7.4730393
0b_baseline_last,file,19,baseline,4267,074.Florida_Jay/Florida_Jay_0039_64576.jpg,74,73,074.Florida_Jay,54,53,gaussian_blur,gaussian_blur,0,"{""sigma"":1.998963}",0.022715483,0.89821851,0.87550303,0.97754055,0.4072946,0.014136719,0.13275865,0.96340383,0.27453595,-0.68886788,0.31635706,29.338666,4.6516958,136.47455,False,0.83739674,True,True,True,0.31635706,29.338666,4.6516958,136.47455,0.30546538,29.546735,4.5778998,135.26199,0.78010432,21.994623,0.82529187,18.151984,-0.077830971,34.783101,1.364858,47.473993,0.23601799,32.968064,2.4929448,82.187563,0.32091044,26.429356,2.4387107,64.453553,0.4447636,30.118983,1.8237959,54.930878,0.58201791,24.221439,1.8989509,45.995324
0b_baseline_last,file,19,baseline,4267,074.Florida_Jay/Florida_Jay_0039_64576.jpg,74,73,074.Florida_Jay,54,53,random_erasing,random_erasing,0,"{""area_fraction"":0.103798,""erased"":true,""height"":0.335995,""left"":0.400503,""top"":0.31819,""width"":0.308928}",0.022715483,0.23965187,0.21693639,0.97754055,0.78690177,0.014136719,0.024665464,0.96340383,0.76223631,-0.20116753,0.49612186,9.8235196,4.6516958,45.696024,False,0.91838068,True,True,True,0.49612186,9.8235196,4.6516958,45.696024,0.48883477,9.8455159,4.5778998,45.071786,0.73956403,9.1208172,0.82529187,7.5273362,0.51834322,7.1541159,1.364858,9.7643523,0.45688139,9.1430384,2.4929448,22.79309,0.47880785,10.479688,2.4387107,25.556926,0.4781217,10.995439,1.8237959,20.053437,0.5725371,10.009702,1.8989509,19.007933
0b_baseline_last,file,19,baseline,5492,094.White_breasted_Nuthatch/White_Breasted_Nuthatch_0131_86416.jpg,94,93,094.White_breasted_Nuthatch,73,72,identity,identity,0,{},0.0057102414,0.0057102414,0,0.99430603,0.99430603,0.0015862845,0.0015862845,0.99271974,0.99271974,0,1,1,0.88954082,0.88954082,False,0.99999988,True,True,True,1,1,0.88954082,0.88954082,1,1,0.87419276,0.87419276,1,1,0.1645293,0.1645293,1,1,0.21648771,0.21648771,1,1,0.3203881,0.3203881,1,1,0.44958269,0.44958269,1,1,0.42916887,0.42916887,1,1,0.47789853,0.47789853
0b_baseline_last,file,19,baseline,5492,094.White_breasted_Nuthatch/White_Breasted_Nuthatch_0131_86416.jpg,94,93,094.White_breasted_Nuthatch,73,72,horizontal_flip,horizontal_flip,0,"{""flipped"":true}",0.0057102414,0.0062322319,0.00052199047,0.99430603,0.99378717,0.0015862845,0.00054711848,0.99271974,0.99324005,0.00052030757,0.65968779,1.0879615,0.88954082,0.96778621,False,0.974316,True,True,True,0.65968779,1.0879615,0.88954082,0.96778621,0.64945648,1.0890257,0.87419276,0.95201838,0.95742172,1.0574779,0.1645293,0.17398609,0.71763945,1.1926177,0.21648771,0.25818708,0.48992246,1.2633125,0.3203881,0.40475029,0.63519229,0.99020209,0.44958269,0.44517772,0.59686292,1.0366206,0.42916887,0.44488531,0.77452838,1.1067485,0.47789853,0.52891349
0b_baseline_last,file,19,baseline,5492,094.White_breasted_Nuthatch/White_Breasted_Nuthatch_0131_86416.jpg,94,93,094.White_breasted_Nuthatch,73,72,color_jitter,color_jitter,0,"{""brightness"":0.836836,""contrast"":0.836261,""hue"":0.066684,""saturation"":0.632963}",0.0057102414,0.014207523,0.0084972819,0.99430603,0.98589295,0.0015862845,0.0022520849,0.99271974,0.98364087,-0.0090788768,0.72166158,2.8339463,0.88954082,2.5209109,False,0.97098774,True,True,True,0.72166158,2.8339463,0.88954082,2.5209109,0.7149295,2.841279,0.87419276,2.4838256,0.93021872,2.6184746,0.1645293,0.43081579,0.61977942,2.2068686,0.21648771,0.47775993,0.59901444,3.2011149,0.3203881,1.0255991,0.69405014,3.0596516,0.44958269,1.3755664,0.72806952,2.8153027,0.42916887,1.2082403,0.81796863,2.594401,0.47789853,1.2398604
0b_baseline_last,file,19,baseline,5492,094.White_breasted_Nuthatch/White_Breasted_Nuthatch_0131_86416.jpg,94,93,094.White_breasted_Nuthatch,73,72,rotation,rotation,0,"{""angle"":0.351687}",0.0057102414,0.0032181162,-0.0024921251,0.99430603,0.99678707,0.0015862845,0.0013538847,0.99271974,0.99543319,0.0027134431,0.90776605,0.6006957,0.88954082,0.53434335,False,0.9950062,True,True,True,0.90776605,0.6006957,0.88954082,0.53434335,0.90484074,0.59932847,0.87419276,0.52392861,0.98705251,0.63808657,0.1645293,0.10498394,0.87183505,0.71969715,0.21648771,0.15580558,0.8716255,0.60752779,0.3203881,0.19464468,0.88737516,0.59629665,0.44958269,0.26808465,0.90861238,0.58669473,0.42916887,0.25179111,0.94616054,0.58091169,0.47789853,0.27761684
0b_baseline_last,file,19,baseline,5492,094.White_breasted_Nuthatch/White_Breasted_Nuthatch_0131_86416.jpg,94,93,094.White_breasted_Nuthatch,73,72,random_resized_crop,random_resized_crop,0,"{""area_fraction"":0.877978,""aspect"":1.131212,""fallback"":false,""height"":0.880987,""left"":0.000364,""top"":0.071769,""width"":0.996583}",0.0057102414,0.0086186584,0.002908417,0.99430603,0.99141836,0.0015862845,0.0033624214,0.99271974,0.98805594,-0.0046638031,0.81253046,1.4886683,0.88954082,1.3242312,False,0.9814809,True,True,True,0.81253046,1.4886683,0.88954082,1.3242312,0.80646915,1.4848561,0.87419276,1.2980505,0.97399752,1.5925286,0.1645293,0.26201761,0.82788718,1.4304758,0.21648771,0.30968042,0.72956186,1.4364847,0.3203881,0.46023261,0.83361729,1.5720528,0.44958269,0.70676774,0.76182486,1.4906854,0.42916887,0.63975578,0.84997604,1.4321147,0.47789853,0.68440551
0b_baseline_last,file,19,baseline,5492,094.White_breasted_Nuthatch/White_Breasted_Nuthatch_0131_86416.jpg,94,93,094.White_breasted_Nuthatch,73,72,gaussian_blur,gaussian_blur,0,"{""sigma"":1.985565}",0.0057102414,0.16306406,0.15735382,0.99430603,0.84953678,0.0015862845,0.11690545,0.99271974,0.73263133,-0.26008842,0.52721511,29.498549,0.88954082,26.240164,False,0.90956175,True,True,True,0.52721511,29.498549,0.88954082,26.240164,0.51624295,29.466188,0.87419276,25.759128,0.82772321,30.397948,0.1645293,5.0013531,0.2410936,27.439854,0.21648771,5.940391,0.47761498,30.24685,0.3203881,9.6907309,0.53313435,31.129316,0.44958269,13.995202,0.51892341,32.443056,0.42916887,13.92355,0.5875815,25.162474,0.47789853,12.025109
0b_baseline_last,file,19,baseline,5492,094.White_breasted_Nuthatch/White_Breasted_Nuthatch_0131_86416.jpg,94,93,094.White_breasted_Nuthatch,73,72,random_erasing,random_erasing,0,"{""area_fraction"":0.053251,""erased"":true,""height"":0.37736,""left"":0.353379,""top"":0.279539,""width"":0.141114}",0.0057102414,0.046038847,0.040328606,0.99430603,0.95500487,0.0015862845,0.020833237,0.99271974,0.93417163,-0.05854811,0.69574628,10.581566,0.88954082,9.4127348,False,0.95807707,True,True,True,0.69574628,10.581566,0.88954082,9.4127348,0.68995597,10.649983,0.87419276,9.310138,0.92109772,8.4238353,0.1645293,1.3859677,0.67954625,11.125666,0.21648771,2.40857,0.62069055,11.628373,0.3203881,3.7255925,0.69796849,11.865316,0.44958269,5.3344409,0.66512931,10.829175,0.42916887,4.6475448,0.77256866,8.612715,0.47789853,4.1160038
0b_baseline_last,file,19,baseline,6081,104.American_Pipit/American_Pipit_0062_100000.jpg,104,103,104.American_Pipit,150,149,identity,identity,0,{},0.015772471,0.015772471,0,0.98435128,0.98435128,0.0043948386,0.0043948386,0.97995644,0.97995644,0,1,1,2.4461684,2.4461684,False,1,True,True,True,1,1,2.4461684,2.4461684,1,1,2.3985675,2.3985675,1,1,0.48022302,0.48022302,1,1,0.33790533,0.33790533,1,1,1.0281641,1.0281641,1,1,1.4347437,1.4347437,1,1,1.092279,1.092279,1,1,1.1533697,1.1533697
0b_baseline_last,file,19,baseline,6081,104.American_Pipit/American_Pipit_0062_100000.jpg,104,103,104.American_Pipit,150,149,horizontal_flip,horizontal_flip,0,"{""flipped"":true}",0.015772471,0.026799385,0.011026913,0.98435128,0.97355652,0.0043948386,0.0021926411,0.97995644,0.97136388,-0.0085925614,0.69164456,1.9376017,2.4461684,4.7397001,False,0.96560925,True,True,True,0.69164456,1.9376017,2.4461684,4.7397001,0.68420817,1.947687,2.3985675,4.6716588,0.91663142,1.666363,0.48022302,0.80022588,0.58748039,2.0457044,0.33790533,0.69125441,0.62842714,1.915502,1.0281641,1.9694503,0.71485255,1.9995842,1.4347437,2.8688908,0.6402634,2.0294554,1.092279,2.2167315,0.73569665,1.8027849,1.1533697,2.0792775
0b_baseline_last,file,19,baseline,6081,104.American_Pipit/American_Pipit_0062_100000.jpg,104,103,104.American_Pipit,150,149,color_jitter,color_jitter,0,"{""brightness"":0.831428,""contrast"":1.122786,""hue"":-0.09607,""saturation"":1.114831}",0.015772471,0.27601185,0.26023938,0.98435128,0.75880396,0.0043948386,0.077222906,0.97995644,0.68158106,-0.29837538,0.65545743,16.770928,2.4461684,41.024516,False,0.94272459,True,True,True,0.65545743,16.770928,2.4461684,41.024516,0.64508741,16.817793,2.3985675,40.338611,0.93706149,15.556173,0.48022302,7.4704323,0.32984202,18.57334,0.33790533,6.2760307,0.26622198,18.286971,1.0281641,18.802007,0.73660421,16.319262,1.4347437,23.413958,0.73858186,16.739724,1.092279,18.284449,0.7892904,16.261394,1.1533697,18.755399
0b_baseline_last,file,19,baseline,6081,104.American_Pipit/American_Pipit_0062_100000.jpg,104,103,104.American_Pipit,150,149,rotation,rotation,0,"{""angle"":-4.586376}",0.015772471,0.13972263,0.12395016,0.98435128,0.8695994,0.0043948386,0.035409376,0.97995644,0.83419003,-0.14576641,0.79734331,9.0125025,2.4461684,22.046099,False,0.96205109,True,True,True,0.79734331,9.0125025,2.4461684,22.046099,0.79242047,9.0670665,2.3985675,21.747971,0.95879099,7.5243057,0.48022302,3.6133448,0.7416256,10.419958,0.33790533,3.5209594,0.61089246,8.5098781,1.0281641,8.749551,0.83962943,9.3805544,1.4347437,13.458691,0.80224885,9.28418,1.092279,10.140915,0.85455591,8.6723237,1.1533697,10.002395
0b_baseline_last,file,19,baseline,6081,104.American_Pipit/American_Pipit_0062_100000.jpg,104,103,104.American_Pipit,150,149,random_resized_crop,random_resized_crop,0,"{""area_fraction"":0.82896,""aspect"":1.106566,""fallback"":false,""height"":0.865522,""left"":0.04005,""top"":0.0316,""width"":0.957757}",0.015772471,0.06151877,0.045746299,0.98435128,0.94033527,0.0043948386,0.0091029406,0.97995644,0.93123233,-0.048724106,0.78534181,4.6647197,2.4461684,11.41069,False,0.97325122,True,True,True,0.78534181,4.6647197,2.4461684,11.41069,0.78114472,4.7061216,2.3985675,11.28795,0.96238209,3.475762,0.48022302,1.6691409,0.6013698,5.5759004,0.33790533,1.8841265,0.76456777,5.0008876,1.0281641,5.141733,0.79839035,4.9382407,1.4347437,7.0851096,0.75939875,4.5568286,1.092279,4.9773282,0.8196752,4.1088092,1.1533697,4.7389761
0b_baseline_last,file,19,baseline,6081,104.American_Pipit/American_Pipit_0062_100000.jpg,104,103,104.American_Pipit,150,149,gaussian_blur,gaussian_blur,0,"{""sigma"":1.471948}",0.015772471,0.31198201,0.29620953,0.98435128,0.73199469,0.0043948386,0.0058503607,0.97995644,0.72614433,-0.25381211,0.5352508,26.854605,2.4461684,65.690887,False,0.8855927,True,True,True,0.5352508,26.854605,2.4461684,65.690887,0.53062286,27.171869,2.3985675,65.173561,0.77476929,17.133666,0.48022302,8.227981,0.4043587,32.660548,0.33790533,11.036173,0.32688019,30.805989,1.0281641,31.673611,0.62455267,29.063621,1.4347437,41.698846,0.55411,25.460974,1.092279,27.810487,0.58250933,21.42027,1.1533697,24.705491
0b_baseline_last,file,19,baseline,6081,104.American_Pipit/American_Pipit_0062_100000.jpg,104,103,104.American_Pipit,150,149,random_erasing,random_erasing,0,"{""area_fraction"":0.196839,""erased"":true,""height"":0.297784,""left"":0.201585,""top"":0.133381,""width"":0.661012}",0.015772471,4.8366241,4.8208517,0.98435128,0.0079337936,0.0043948386,0.012941599,0.97995644,-0.0050078053,-0.98496424,0.51999724,51.766332,2.4461684,126.62917,False,0.74072188,False,True,False,0.51999724,51.766332,2.4461684,126.62917,0.51385552,51.933962,2.3985675,124.56711,0.68999638,47.392981,0.48022302,22.759201,0.47988577,52.862731,0.33790533,17.862599,0.55379212,55.144976,1.0281641,56.698084,0.51367039,46.133303,1.4347437,66.189464,0.49267926,53.415857,1.092279,58.345019,0.51081178,56.176465,1.1533697,64.792232
0b_baseline_last,file,19,baseline,7469,128.Seaside_Sparrow/Seaside_Sparrow_0039_796530.jpg,128,127,128.Seaside_Sparrow,125,124,identity,identity,0,{},5.3958025,5.3958025,0,0.0045355791,0.0045355791,0.34955609,0.34955609,-0.34502051,-0.34502051,0,1,1,234.94331,234.94331,False,1,True,False,False,1,1,234.94331,234.94331,1,1,233.72336,233.72336,1,1,23.91131,23.91131,1,1,82.111944,82.111944,1,1,128.77827,128.77827,1,1,126.38138,126.38138,1,1,95.068008,95.068008,1,1,79.310869,79.310869
0b_baseline_last,file,19,baseline,7469,128.Seaside_Sparrow/Seaside_Sparrow_0039_796530.jpg,128,127,128.Seaside_Sparrow,125,124,horizontal_flip,horizontal_flip,0,"{""flipped"":true}",5.3958025,6.0678568,0.67205429,0.0045355791,0.0023161322,0.34955609,0.34648487,-0.34502051,-0.34416874,0.00085177179,0.70077772,1.0668599,234.94331,250.65159,False,0.93592417,False,False,False,0.70077772,1.0668599,234.94331,250.65159,0.69815509,1.0650463,233.72336,248.9262,0.9251441,1.2278385,23.91131,29.359228,0.84448688,1.1143678,82.111944,91.502908,0.66621064,0.97839198,128.77827,125.99563,0.70381038,1.0370242,126.38138,131.06055,0.61734952,1.1395588,95.068008,108.33558,0.7321344,1.1830015,79.310869,93.824877
0b_baseline_last,file,19,baseline,7469,128.Seaside_Sparrow/Seaside_Sparrow_0039_796530.jpg,128,127,128.Seaside_Sparrow,125,124,color_jitter,color_jitter,0,"{""brightness"":1.296,""contrast"":0.744336,""hue"":-0.009277,""saturation"":1.111399}",5.3958025,6.1445932,0.74879074,0.0045355791,0.0021450487,0.34955609,0.054075103,-0.34502051,-0.051930055,0.29309045,0.75476007,0.70002123,234.94331,164.46531,False,0.94173467,False,False,False,0.75476007,0.70002123,234.94331,164.46531,0.75338296,0.69610621,233.72336,162.69628,0.89677824,1.0061083,23.91131,24.057367,0.74016043,0.50479972,82.111944,41.450086,0.78511513,0.68715074,128.77827,88.490085,0.73690497,0.66685304,126.38138,84.277808,0.74837195,0.74253376,95.068008,70.591205,0.78164014,0.87678443,79.310869,69.538535
0b_baseline_last,file,19,baseline,7469,128.Seaside_Sparrow/Seaside_Sparrow_0039_796530.jpg,128,127,128.Seaside_Sparrow,125,124,rotation,rotation,0,"{""angle"":-14.073563}",5.3958025,4.5466471,-0.84915543,0.0045355791,0.010602697,0.34955609,0.27590075,-0.34502051,-0.26529805,0.079722455,0.77431644,0.91630362,234.94331,215.27941,False,0.91469002,True,False,False,0.77431644,0.91630362,234.94331,215.27941,0.77302033,0.91501355,233.72336,213.86004,0.88965608,1.0321508,23.91131,24.680077,0.6684724,0.73638833,82.111944,60.466278,0.80948068,0.86714598,128.77827,111.66956,0.81698785,0.98916989,126.38138,125.01266,0.74933776,0.94946615,95.068008,90.263855,0.71656828,0.96306419,79.310869,76.381458
0b_baseline_last,file,19,baseline,7469,128.Seaside_Sparrow/Seaside_Sparrow_0039_796530.jpg,128,127,128.Seaside_Sparrow,125,124,random_resized_crop,random_resized_crop,0,"{""area_fraction"":0.604923,""aspect"":0.918749,""fallback"":false,""height"":0.811431,""left"":0.011375,""top"":0.054472,""width"":0.745501}",5.3958025,4.9673705,-0.42843199,0.0045355791,0.0069614295,0.34955609,0.2978597,-0.34502051,-0.29089827,0.05412224,0.80966634,1.001091,234.94331,235.19963,False,0.9277122,True,False,False,0.80966634,1.001091,234.94331,235.19963,0.80838783,0.99957178,233.72336,233.62327,0.923703,1.1369169,23.91131,27.185174,0.78864858,0.87724028,82.111944,72.031905,0.85487236,0.98427581,128.77827,126.75334,0.82288249,1.0520517,126.38138,132.95975,0.75990835,1.0057763,95.068008,95.617148,0.74837678,1.0168433,79.310869,80.646729
0b_baseline_last,file,19,baseline,7469,128.Seaside_Sparrow/Seaside_Sparrow_0039_796530.jpg,128,127,128.Seaside_Sparrow,125,124,gaussian_blur,gaussian_blur,0,"{""sigma"":1.745012}",5.3958025,3.802249,-1.5935535,0.0045355791,0.022320515,0.34955609,0.0062155151,-0.34502051,0.016104999,0.36112551,0.4276902,0.92487673,234.94331,217.2936,False,0.77708066,False,False,False,0.4276902,0.92487673,234.94331,217.2936,0.4246992,0.9236828,233.72336,215.88625,0.68594448,1.0326007,23.91131,24.690836,0.51680481,0.824793,82.111944,67.725356,0.51481609,0.88345092,128.77827,113.76928,0.29955691,0.85700131,126.38138,108.30901,0.39358922,1.0375784,95.068008,98.640512,0.4654345,1.100343,79.310869,87.269156
0b_baseline_last,file,19,baseline,7469,128.Seaside_Sparrow/Seaside_Sparrow_0039_796530.jpg,128,127,128.Seaside_Sparrow,125,124,random_erasing,random_erasing,0,"{""area_fraction"":0.088625,""erased"":true,""height"":0.294985,""left"":0.65038,""top"":0.104646,""width"":0.300439}",5.3958025,6.4363065,1.040504,0.0045355791,0.0016023142,0.34955609,0.14718877,-0.34502051,-0.14558645,0.19943406,0.86748484,0.95411632,234.94331,224.16325,False,0.93757194,False,False,False,0.86748484,0.95411632,234.94331,224.16325,0.86715595,0.95179669,233.72336,222.45712,0.90939688,1.154441,23.91131,27.604197,0.87929086,0.99960911,82.111944,82.079848,0.91589336,0.97778567,128.77827,125.91755,0.85215245,0.89818868,126.38138,113.51432,0.81815486,0.91074535,95.068008,86.582745,0.83572922,1.0175365,79.310869,80.701706
0b_baseline_last,file,19,baseline,8975,153.Philadelphia_Vireo/Philadelphia_Vireo_0071_794796.jpg,153,152,153.Philadelphia_Vireo,155,154,identity,identity,0,{},0.077405475,0.077405475,0,0.92551452,0.92551452,0.058549982,0.058549982,0.86696454,0.86696454,0,1,1,12.099164,12.099164,False,1,True,True,True,1,1,12.099164,12.099164,1,1,11.786541,11.786541,1,1,2.7326244,2.7326244,1,1,2.5668951,2.5668951,1,1,5.129539,5.129539,1,1,7.0103977,7.0103977,1,1,5.3760638,5.3760638,1,1,5.289015,5.289015
0b_baseline_last,file,19,baseline,8975,153.Philadelphia_Vireo/Philadelphia_Vireo_0071_794796.jpg,153,152,153.Philadelphia_Vireo,155,154,horizontal_flip,horizontal_flip,0,"{""flipped"":true}",0.077405475,0.24265376,0.16524828,0.92551452,0.7845431,0.058549982,0.19588156,0.86696454,0.58866154,-0.278303,0.73806044,3.3475316,12.099164,40.502334,False,0.96971655,True,True,True,0.73806044,3.3475316,12.099164,40.502334,0.72653104,3.3569674,11.786541,39.567032,0.96662659,3.1668629,2.7326244,8.6538467,0.72337901,2.9672904,2.5668951,7.6167231,0.69085291,3.4992318,5.129539,17.949446,0.77665,3.4569205,7.0103977,24.234387,0.67364872,3.2997242,5.3760638,17.739528,0.72873606,3.1826716,5.289015,16.833198
0b_baseline_last,file,19,baseline,8975,153.Philadelphia_Vireo/Philadelphia_Vireo_0071_794796.jpg,153,152,153.Philadelphia_Vireo,155,154,color_jitter,color_jitter,0,"{""brightness"":1.282592,""contrast"":1.185852,""hue"":0.050155,""saturation"":1.042697}",0.077405475,0.30214092,0.22473545,0.92551452,0.73923385,0.058549982,0.060983874,0.86696454,0.67824998,-0.18871456,0.6133592,3.2476717,12.099164,39.294113,False,0.91507721,True,True,True,0.6133592,3.2476717,12.099164,39.294113,0.60529369,3.2775659,11.786541,38.631163,0.81462196,2.6302663,2.7326244,7.1875297,0.52188634,4.2893267,2.5668951,11.010252,0.62056404,3.5535027,5.129539,18.22783,0.61489512,3.0477678,7.0103977,21.366065,0.57970333,3.1671162,5.3760638,17.026619,0.63756293,3.2334637,5.289015,17.101838
0b_baseline_last,file,19,baseline,8975,153.Philadelphia_Vireo/Philadelphia_Vireo_0071_794796.jpg,153,152,153.Philadelphia_Vireo,155,154,rotation,rotation,0,"{""angle"":-12.60683}",0.077405475,0.30636948,0.22896401,0.92551452,0.73611456,0.058549982,0.24100672,0.86696454,0.49510784,-0.37185669,0.77292834,3.7258551,12.099164,45.079733,False,0.95339012,True,True,True,0.77292834,3.7258551,12.099164,45.079733,0.76256722,3.7036693,11.786541,43.653449,0.95042561,4.1168603,2.7326244,11.249833,0.75133906,3.2465792,2.5668951,8.3336283,0.76298611,3.7118624,5.129539,19.040143,0.80257343,3.5391459,7.0103977,24.81082,0.72280314,3.8289026,5.3760638,20.584424,0.7455866,3.9404519,5.289015,20.841109
0b_baseline_last,file,19,baseline,8975,153.Philadelphia_Vireo/Philadelphia_Vireo_0071_794796.jpg,153,152,153.Philadelphia_Vireo,155,154,random_resized_crop,random_resized_crop,0,"{""area_fraction"":0.67394,""aspect"":1.185953,""fallback"":false,""height"":0.753836,""left"":0.081598,""top"":0.149825,""width"":0.894014}",0.077405475,0.12175461,0.044349134,0.92551452,0.88536561,0.058549982,0.05073918,0.86696454,0.83462643,-0.032338113,0.73024724,1.3082318,12.099164,15.828511,False,0.95153075,True,True,True,0.73024724,1.3082318,12.099164,15.828511,0.72105879,1.3121303,11.786541,15.465477,0.91342369,1.2334588,2.7326244,3.3705795,0.5348756,0.87528488,2.5668951,2.2467644,0.67121909,1.5986206,5.129539,8.2001868,0.80978136,1.1931478,7.0103977,8.3644404,0.70676562,1.2707003,5.3760638,6.8313661,0.71152166,1.3403866,5.289015,7.0893249
0b_baseline_last,file,19,baseline,8975,153.Philadelphia_Vireo/Philadelphia_Vireo_0071_794796.jpg,153,152,153.Philadelphia_Vireo,155,154,gaussian_blur,gaussian_blur,0,"{""sigma"":1.65964}",0.077405475,1.6636975,1.586292,0.92551452,0.18943724,0.058549982,0.036177602,0.86696454,0.15325964,-0.7137049,0.22954902,14.859102,12.099164,179.78271,False,0.85140407,False,True,False,0.22954902,14.859102,12.099164,179.78271,0.21829919,15.054282,11.786541,177.43791,0.54084387,10.591117,2.7326244,28.941545,0.046672891,12.781448,2.5668951,32.808637,0.2419499,15.546452,5.129539,79.746134,0.21215318,14.222134,7.0103977,99.702817,0.23220692,17.375616,5.3760638,93.412419,0.22872114,13.870434,5.289015,73.360935
0b_baseline_last,file,19,baseline,8975,153.Philadelphia_Vireo/Philadelphia_Vireo_0071_794796.jpg,153,152,153.Philadelphia_Vireo,155,154,random_erasing,random_erasing,0,"{""area_fraction"":0.190822,""erased"":true,""height"":0.450458,""left"":0.038209,""top"":0.446257,""width"":0.423617}",0.077405475,1.5101836,1.4327781,0.92551452,0.22086944,0.058549982,0.45302457,0.86696454,-0.23215513,-1.0991197,0.53059809,10.002813,12.099164,121.02568,False,0.88745946,False,True,False,0.53059809,10.002813,12.099164,121.02568,0.51479379,10.066895,11.786541,118.65386,0.87503278,8.7252076,2.7326244,23.842715,0.49761281,7.1356547,2.5668951,18.316477,0.32112911,13.300451,5.129539,68.22518,0.59047518,8.796993,7.0103977,61.67042,0.5781998,9.5668086,5.3760638,51.431773,0.62192422,9.7148396,5.289015,51.381932
0b_baseline_last,file,19,baseline,7079,121.Grasshopper_Sparrow/Grasshopper_Sparrow_0115_115914.jpg,121,120,121.Grasshopper_Sparrow,119,118,identity,identity,0,{},3.849937,3.849937,0,0.021281077,0.021281077,0.36059871,0.36059871,-0.33931764,-0.33931764,0,1,1,150.08696,150.08696,False,1,True,False,False,1,1,150.08696,150.08696,1,1,146.765,146.765,1,1,31.4027,31.4027,1,1,30.999869,30.999869,1,1,64.928935,64.928935,1,1,80.347533,80.347533,1,1,68.576133,68.576133,1,1,72.144264,72.144264
0b_baseline_last,file,19,baseline,7079,121.Grasshopper_Sparrow/Grasshopper_Sparrow_0115_115914.jpg,121,120,121.Grasshopper_Sparrow,119,118,horizontal_flip,horizontal_flip,0,"{""flipped"":true}",3.849937,3.3727469,-0.47719002,0.021281077,0.034295298,0.36059871,0.5249728,-0.33931764,-0.4906775,-0.15135986,0.58897575,1.0399887,150.08696,156.08874,False,0.96063924,True,False,False,0.58897575,1.0399887,150.08696,156.08874,0.57245704,1.0396185,146.765,152.57961,0.94691106,1.0480424,31.4027,32.91136,0.39660649,0.92131113,30.999869,28.560524,0.47273207,1.1411005,64.928935,74.090439,0.54845295,1.0351023,80.347533,83.167917,0.57878006,1.0523094,68.576133,72.163311,0.72934669,0.96541405,72.144264,69.649086
0b_baseline_last,file,19,baseline,7079,121.Grasshopper_Sparrow/Grasshopper_Sparrow_0115_115914.jpg,121,120,121.Grasshopper_Sparrow,119,118,color_jitter,color_jitter,0,"{""brightness"":1.015779,""contrast"":0.944496,""hue"":0.072567,""saturation"":1.222904}",3.849937,5.8625622,2.0126252,0.021281077,0.0028439485,0.36059871,0.0097255325,-0.33931764,-0.0068815839,0.33243605,0.67964658,1.4255772,150.08696,213.96054,False,0.90698445,False,False,False,0.67964658,1.4255772,150.08696,213.96054,0.67836265,1.443144,146.765,211.80303,0.77560509,0.96514782,31.4027,30.308247,0.57737678,1.3479738,30.999869,41.787011,0.5749768,1.4510612,64.928935,94.215856,0.72488944,1.5108654,80.347533,121.39431,0.67874379,1.4554665,68.576133,99.810267,0.72460667,1.3537899,72.144264,97.668172
0b_baseline_last,file,19,baseline,7079,121.Grasshopper_Sparrow/Grasshopper_Sparrow_0115_115914.jpg,121,120,121.Grasshopper_Sparrow,119,118,rotation,rotation,0,"{""angle"":-8.021096}",3.849937,4.6533527,0.80341578,0.021281077,0.009529599,0.36059871,0.55050802,-0.33931764,-0.54097842,-0.20166079,0.7318122,0.94049026,150.08696,141.15532,False,0.95581043,True,False,False,0.7318122,0.94049026,150.08696,141.15532,0.72159531,0.93478569,146.765,137.19382,0.93438669,1.057445,31.4027,33.206629,0.8230011,1.0069497,30.999869,31.215309,0.71775478,1.058866,64.928935,68.751043,0.7368104,0.88360396,80.347533,70.995398,0.65469396,0.89861644,68.576133,61.62364,0.75386465,0.90715935,72.144264,65.446344
0b_baseline_last,file,19,baseline,7079,121.Grasshopper_Sparrow/Grasshopper_Sparrow_0115_115914.jpg,121,120,121.Grasshopper_Sparrow,119,118,random_resized_crop,random_resized_crop,0,"{""area_fraction"":0.641859,""aspect"":1.004703,""fallback"":false,""height"":0.799284,""left"":0.152703,""top"":0.093844,""width"":0.803043}",3.849937,3.8776217,0.027684689,0.021281077,0.020699997,0.36059871,0.20224723,-0.33931764,-0.18154724,0.1577704,0.68455986,0.93694982,150.08696,140.62395,False,0.93817246,False,False,False,0.68455986,0.93694982,150.08696,140.62395,0.67366266,0.93391418,146.765,137.06591,0.90821141,1.000963,31.4027,31.432942,0.48100539,0.87923724,30.999869,27.256239,0.65523924,0.92250114,64.928935,59.897017,0.68913157,0.905006,80.347533,72.714999,0.64992674,0.94769611,68.576133,64.989335,0.7242152,0.97476516,72.144264,70.323715
0b_baseline_last,file,19,baseline,7079,121.Grasshopper_Sparrow/Grasshopper_Sparrow_0115_115914.jpg,121,120,121.Grasshopper_Sparrow,119,118,gaussian_blur,gaussian_blur,0,"{""sigma"":1.045506}",3.849937,5.6269245,1.7769876,0.021281077,0.003599629,0.36059871,0.054344472,-0.33931764,-0.050744843,0.28857279,0.67689066,1.0560291,150.08696,158.49619,False,0.95030975,False,False,False,0.67689066,1.0560291,150.08696,158.49619,0.66765106,1.0577543,146.765,155.24131,0.88715632,1.0176162,31.4027,31.955896,0.6518679,1.1913394,30.999869,36.931366,0.58413895,1.0583182,64.928935,68.715471,0.67112237,1.0964032,80.347533,88.093291,0.65632148,0.98754654,68.576133,67.722123,0.74771111,1.0434951,72.144264,75.282185
0b_baseline_last,file,19,baseline,7079,121.Grasshopper_Sparrow/Grasshopper_Sparrow_0115_115914.jpg,121,120,121.Grasshopper_Sparrow,119,118,random_erasing,random_erasing,0,"{""area_fraction"":0.121792,""erased"":true,""height"":0.246654,""left"":0.080385,""top"":0.57264,""width"":0.493774}",3.849937,4.072433,0.22249603,0.021281077,0.017035892,0.36059871,0.50693595,-0.33931764,-0.48990006,-0.15058243,0.94308452,1.0521816,150.08696,157.91874,False,0.98112142,True,False,False,0.94308452,1.0521816,150.08696,157.91874,0.94183067,1.0519585,146.765,154.39069,0.9703511,1.0570432,31.4027,33.194011,0.91537356,1.1015044,30.999869,34.146492,0.95420028,1.1045596,64.928935,71.717878,0.95843481,1.0539834,80.347533,84.684963,0.9296827,1.0193402,68.576133,69.90241,0.92793706,1.0250815,72.144264,73.953753
0b_baseline_last,file,19,baseline,7290,125.Lincoln_Sparrow/Lincoln_Sparrow_0014_117883.jpg,125,124,125.Lincoln_Sparrow,129,128,identity,identity,0,{},0.12254999,0.12254999,0,0.88466167,0.88466167,0.064276673,0.064276673,0.820385,0.820385,0,1,1,22.032351,22.032351,False,1,True,True,True,1,1,22.032351,22.032351,1,1,21.729805,21.729805,1,1,3.6386865,3.6386865,1,1,5.3333883,5.3333883,1,1,8.7998984,8.7998984,1,1,13.424894,13.424894,1,1,10.125783,10.125783,1,1,9.1401269,9.1401269
0b_baseline_last,file,19,baseline,7290,125.Lincoln_Sparrow/Lincoln_Sparrow_0014_117883.jpg,125,124,125.Lincoln_Sparrow,129,128,horizontal_flip,horizontal_flip,0,"{""flipped"":true}",0.12254999,0.034237366,-0.088312622,0.88466167,0.96634209,0.064276673,0.011417641,0.820385,0.95492445,0.13453945,0.66981673,0.25801575,22.032351,5.6846934,False,0.95668602,True,True,True,0.66981673,0.25801575,22.032351,5.6846934,0.66197384,0.25757755,21.729805,5.5971101,0.93466758,0.27318409,3.6386865,0.99403126,0.39496727,0.17526009,5.3333883,0.93473009,0.50031434,0.2722798,8.7998984,2.3960346,0.73399132,0.25623145,13.424894,3.4398802,0.65088328,0.2514167,10.125783,2.545791,0.74907617,0.27676275,9.1401269,2.5296466
0b_baseline_last,file,19,baseline,7290,125.Lincoln_Sparrow/Lincoln_Sparrow_0014_117883.jpg,125,124,125.Lincoln_Sparrow,129,128,color_jitter,color_jitter,0,"{""brightness"":1.365975,""contrast"":0.787487,""hue"":0.094464,""saturation"":1.02068}",0.12254999,0.37838355,0.25583356,0.88466167,0.68496776,0.064276673,0.0049645994,0.820385,0.68000316,-0.14038184,0.35864562,2.4682107,22.032351,54.380484,False,0.76338971,True,True,True,0.35864562,2.4682107,22.032351,54.380484,0.35134752,2.4712288,21.729805,53.699321,0.63179657,2.3580515,3.6386865,8.5802101,0.11907127,2.3729862,5.3333883,12.656057,0.22057679,2.4425037,8.7998984,21.493784,0.37544276,2.1728221,13.424894,29.169908,0.33290828,2.6536222,10.125783,26.870003,0.51124469,2.8709414,9.1401269,26.240769
0b_baseline_last,file,19,baseline,7290,125.Lincoln_Sparrow/Lincoln_Sparrow_0014_117883.jpg,125,124,125.Lincoln_Sparrow,129,128,rotation,rotation,0,"{""angle"":-12.509004}",0.12254999,0.1250591,0.0025091097,0.88466167,0.88244474,0.064276673,0.092495248,0.820385,0.78994949,-0.03043551,0.73020301,1.1283309,22.032351,24.859781,False,0.94701099,True,True,True,0.73020301,1.1283309,22.032351,24.859781,0.72438797,1.1261396,21.729805,24.470795,0.92577637,1.2038731,3.6386865,4.3805167,0.5640043,1.1674112,5.3333883,6.2262574,0.70320201,1.3384557,8.7998984,11.778274,0.75567068,1.0556673,13.424894,14.172222,0.71130715,1.1137278,10.125783,11.277366,0.77676663,1.056761,9.1401269,9.6589297
0b_baseline_last,file,19,baseline,7290,125.Lincoln_Sparrow/Lincoln_Sparrow_0014_117883.jpg,125,124,125.Lincoln_Sparrow,129,128,random_resized_crop,random_resized_crop,0,"{""area_fraction"":0.74627,""aspect"":0.802433,""fallback"":false,""height"":0.96437,""left"":0.151663,""top"":0.009903,""width"":0.773842}",0.12254999,0.33623353,0.21368354,0.88466167,0.71445626,0.064276673,0.063546754,0.820385,0.65090951,-0.1694755,0.81257833,2.6984214,22.032351,59.452566,False,0.95466983,True,True,True,0.81257833,2.6984214,22.032351,59.452566,0.81089334,2.7101602,21.729805,58.891252,0.89974859,2.2399132,3.6386865,8.150342,0.8064588,3.0677069,5.3333883,16.361272,0.75006492,2.6921838,8.7998984,23.690944,0.86053443,2.9240027,13.424894,39.254428,0.79436307,2.4959118,10.125783,25.273061,0.78683216,2.3454867,9.1401269,21.438046
0b_baseline_last,file,19,baseline,7290,125.Lincoln_Sparrow/Lincoln_Sparrow_0014_117883.jpg,125,124,125.Lincoln_Sparrow,129,128,gaussian_blur,gaussian_blur,0,"{""sigma"":1.547664}",0.12254999,4.0587273,3.9361773,0.88466167,0.017270982,0.064276673,0.020214772,0.820385,-0.0029437896,-0.82332879,0.32896412,11.243965,22.032351,247.73097,False,0.67130804,False,True,False,0.32896412,11.243965,22.032351,247.73097,0.32549889,11.252082,21.729805,244.50554,0.45606704,10.950554,3.6386865,39.845633,0.4224491,14.496164,5.3333883,77.313673,0.32109031,14.643673,8.7998984,128.86284,0.38365459,10.687633,13.424894,143.48035,0.27554662,9.7879489,10.125783,99.110647,0.23309156,9.0156133,9.1401269,82.40385
0b_baseline_last,file,19,baseline,7290,125.Lincoln_Sparrow/Lincoln_Sparrow_0014_117883.jpg,125,124,125.Lincoln_Sparrow,129,128,random_erasing,random_erasing,0,"{""area_fraction"":0.055244,""erased"":true,""height"":0.375548,""left"":0.33511,""top"":0.331354,""width"":0.147102}",0.12254999,0.33249447,0.20994448,0.88466167,0.71713263,0.064276673,0.077124,0.820385,0.64000863,-0.18037637,0.80180236,2.1943803,22.032351,48.347356,False,0.95270646,True,True,True,0.80180236,2.1943803,22.032351,48.347356,0.79851821,2.1948465,21.729805,47.693587,0.91987323,2.1776873,3.6386865,7.9239215,0.61215056,1.8192526,5.3333883,9.7027807,0.75632728,2.3794268,8.7998984,20.938714,0.84154904,2.134716,13.424894,28.658338,0.78687684,2.2119853,10.125783,22.398083,0.82453209,2.239867,9.1401269,20.472669
0b_baseline_last,file,19,baseline,6478,111.Loggerhead_Shrike/Loggerhead_Shrike_0128_105238.jpg,111,110,111.Loggerhead_Shrike,78,77,identity,identity,0,{},1.2688555,1.2688555,0,0.28115326,0.28115326,0.41207957,0.41207957,-0.13092631,-0.13092631,0,1,1,138.5866,138.5866,False,1,True,False,False,1,1,138.5866,138.5866,1,1,136.44516,136.44516,1,1,24.268585,24.268585,1,1,38.302838,38.302838,1,1,70.935389,70.935389,1,1,73.580696,73.580696,1,1,63.084199,63.084199,1,1,52.197799,52.197799
0b_baseline_last,file,19,baseline,6478,111.Loggerhead_Shrike/Loggerhead_Shrike_0128_105238.jpg,111,110,111.Loggerhead_Shrike,78,77,horizontal_flip,horizontal_flip,0,"{""flipped"":true}",1.2688555,0.70336491,-0.56549054,0.28115326,0.49491715,0.41207957,0.14968599,-0.13092631,0.34523116,0.47615747,0.68275656,0.62324555,138.5866,86.373483,False,0.96904439,False,False,True,0.68275656,0.62324555,138.5866,86.373483,0.67474552,0.6223556,136.44516,84.91741,0.92559582,0.65075008,24.268585,15.792783,0.61898488,0.55611746,38.302838,21.300877,0.73794819,0.65290574,70.935389,46.314123,0.65894393,0.62358907,73.580696,45.884118,0.59152728,0.59417806,63.084199,37.483247,0.73015397,0.63594265,52.197799,33.194807
0b_baseline_last,file,19,baseline,6478,111.Loggerhead_Shrike/Loggerhead_Shrike_0128_105238.jpg,111,110,111.Loggerhead_Shrike,78,77,color_jitter,color_jitter,0,"{""brightness"":0.664645,""contrast"":1.122925,""hue"":-0.042477,""saturation"":0.977502}",1.2688555,2.761447,1.4925915,0.28115326,0.06320025,0.41207957,0.25777143,-0.13092631,-0.19457118,-0.063644871,0.75968934,1.1945563,138.5866,165.5495,False,0.97176945,False,False,False,0.75968934,1.1945563,138.5866,165.5495,0.75439129,1.1894404,136.44516,162.29338,0.91328348,1.3462901,24.268585,32.672554,0.00085019309,0.98336732,38.302838,37.665759,0.75016449,1.0642913,70.935389,75.495921,0.83469761,1.2705033,73.580696,93.48452,0.82568881,1.2267261,63.084199,77.387035,0.83294537,1.2841066,52.197799,67.027536
0b_baseline_last,file,19,baseline,6478,111.Loggerhead_Shrike/Loggerhead_Shrike_0128_105238.jpg,111,110,111.Loggerhead_Shrike,78,77,rotation,rotation,0,"{""angle"":-6.332662}",1.2688555,1.4914011,0.22254562,0.28115326,0.22505713,0.41207957,0.61558193,-0.13092631,-0.3905248,-0.25959849,0.82500362,1.2299948,138.5866,170.4608,False,0.97847968,True,False,False,0.82500362,1.2299948,138.5866,170.4608,0.82167169,1.233807,136.44516,168.34699,0.94791356,1.1027188,24.268585,26.761424,0.87700304,1.2801674,38.302838,49.034042,0.85712886,1.122727,70.935389,79.64108,0.80422297,1.2648323,73.580696,93.067244,0.78846542,1.287913,63.084199,81.246963,0.82558758,1.2608007,52.197799,65.811023
0b_baseline_last,file,19,baseline,6478,111.Loggerhead_Shrike/Loggerhead_Shrike_0128_105238.jpg,111,110,111.Loggerhead_Shrike,78,77,random_resized_crop,random_resized_crop,0,"{""area_fraction"":0.528589,""aspect"":0.772437,""fallback"":false,""height"":0.827233,""left"":0.138458,""top"":0.115787,""width"":0.638985}",1.2688555,3.8904548,2.6215993,0.28115326,0.02043605,0.41207957,0.093845941,-0.13092631,-0.073409891,0.05751642,0.57243537,0.89847855,138.5866,124.51709,False,0.83575338,False,False,False,0.57243537,0.89847855,138.5866,124.51709,0.56588107,0.8948913,136.44516,122.10359,0.76060922,1.0052962,24.268585,24.397115,0.33604921,0.67547018,38.302838,25.872425,0.57261792,0.72550231,70.935389,51.463789,0.65658241,0.87256047,73.580696,64.203607,0.55122114,0.9687471,63.084199,61.112635,0.55724489,1.1707536,52.197799,61.110759
0b_baseline_last,file,19,baseline,6478,111.Loggerhead_Shrike/Loggerhead_Shrike_0128_105238.jpg,111,110,111.Loggerhead_Shrike,78,77,gaussian_blur,gaussian_blur,0,"{""sigma"":1.887027}",1.2688555,3.4594281,2.1905726,0.28115326,0.031447742,0.41207957,0.16468786,-0.13092631,-0.13324011,-0.0023138039,0.5046632,1.0505027,138.5866,145.5856,False,0.86831987,False,False,False,0.5046632,1.0505027,138.5866,145.5856,0.49310033,1.0400104,136.44516,141.90439,0.80393014,1.3404859,24.268585,32.531694,0.41655441,0.63312411,38.302838,24.25045,0.25049008,0.88242655,70.935389,62.595271,0.58502587,1.1404397,73.580696,83.914348,0.5586937,1.1000283,63.084199,69.394403,0.62073282,1.1768317,52.197799,61.428026
0b_baseline_last,file,19,baseline,6478,111.Loggerhead_Shrike/Loggerhead_Shrike_0128_105238.jpg,111,110,111.Loggerhead_Shrike,78,77,random_erasing,random_erasing,0,"{""area_fraction"":0.115725,""erased"":true,""height"":0.215064,""left"":0.421602,""top"":0.324289,""width"":0.538095}",1.2688555,0.58047283,-0.68838263,0.28115326,0.55963367,0.41207957,0.11968012,-0.13092631,0.43995355,0.57087986,0.79615669,0.56406593,138.5866,78.17198,False,0.93810678,False,False,True,0.79615669,0.56406593,138.5866,78.17198,0.79272929,0.56304107,136.44516,76.82423,0.8997973,0.59555357,24.268585,14.453242,0.74210717,0.53337125,38.302838,20.429632,0.81801505,0.4888154,70.935389,34.67431,0.81250839,0.58319703,73.580696,42.912044,0.78872936,0.59192837,63.084199,37.341327,0.76600012,0.61974134,52.197799,32.349134
0b_baseline_last,file,19,baseline,7254,124.Le_Conte_Sparrow/Le_Conte_Sparrow_0016_795223.jpg,124,123,124.Le_Conte_Sparrow,126,125,identity,identity,0,{},0.31368387,0.31368387,0,0.73074996,0.73074996,0.14030524,0.14030524,0.59044473,0.59044473,0,1,1,51.377982,51.377982,False,1,True,True,True,1,1,51.377982,51.377982,1,1,50.703612,50.703612,1,1,8.2970353,8.2970353,1,1,8.0149609,8.0149609,1,1,22.983683,22.983683,1,1,31.842794,31.842794,1,1,23.597232,23.597232,1,1,20.188464,20.188464
0b_baseline_last,file,19,baseline,7254,124.Le_Conte_Sparrow/Le_Conte_Sparrow_0016_795223.jpg,124,123,124.Le_Conte_Sparrow,126,125,horizontal_flip,horizontal_flip,0,"{""flipped"":true}",0.31368387,0.21571831,-0.097965553,0.73074996,0.80596232,0.14030524,0.11385105,0.59044473,0.69211128,0.10166655,0.71564074,0.66715036,51.377982,34.276839,False,0.95548099,True,True,True,0.71564074,0.66715036,51.377982,34.276839,0.70902529,0.66555393,50.703612,33.745988,0.94515633,0.72425389,8.2970353,6.0091601,0.44704315,0.58228549,8.0149609,4.6669954,0.63933351,0.61000483,22.983683,14.020158,0.7656965,0.68896182,31.842794,21.93847,0.67038286,0.68108818,23.597232,16.071796,0.74142197,0.66611983,20.188464,13.447936
0b_baseline_last,file,19,baseline,7254,124.Le_Conte_Sparrow/Le_Conte_Sparrow_0016_795223.jpg,124,123,124.Le_Conte_Sparrow,126,125,color_jitter,color_jitter,0,"{""brightness"":0.846321,""contrast"":0.744189,""hue"":-0.04135,""saturation"":1.116882}",0.31368387,1.5762334,1.2625495,0.73074996,0.2067524,0.14030524,0.16010351,0.59044473,0.04664889,-0.54379584,0.75907457,2.7903884,51.377982,143.36452,False,0.92181081,False,True,False,0.75907457,2.7903884,51.377982,143.36452,0.75643465,2.7954603,50.703612,141.73994,0.86739895,2.5938861,8.2970353,21.521564,0.54349611,2.8471531,8.0149609,22.819821,0.72733543,2.9230971,22.983683,67.183539,0.80748353,2.7555632,31.842794,87.744832,0.73649498,2.7682353,23.597232,65.322689,0.73285719,2.7532764,20.188464,55.584421
0b_baseline_last,file,19,baseline,7254,124.Le_Conte_Sparrow/Le_Conte_Sparrow_0016_795223.jpg,124,123,124.Le_Conte_Sparrow,126,125,rotation,rotation,0,"{""angle"":-7.788469}",0.31368387,0.2873719,-0.026311964,0.73074996,0.75023264,0.14030524,0.16935675,0.59044473,0.58087589,-0.0095688403,0.82807091,0.96716359,51.377982,49.690914,False,0.9693979,True,True,True,0.82807091,0.96716359,51.377982,49.690914,0.82452713,0.96689741,50.703612,49.025191,0.95908155,0.97705222,8.2970353,8.1066368,0.70674572,0.93554263,8.0149609,7.4983375,0.81853722,0.97135432,22.983683,22.3253,0.85552894,0.97033237,31.842794,30.898094,0.79360489,0.97435529,23.597232,22.992088,0.81557676,0.9469752,20.188464,19.117975
0b_baseline_last,file,19,baseline,7254,124.Le_Conte_Sparrow/Le_Conte_Sparrow_0016_795223.jpg,124,123,124.Le_Conte_Sparrow,126,125,random_resized_crop,random_resized_crop,0,"{""area_fraction"":0.509397,""aspect"":0.834876,""fallback"":false,""height"":0.78112,""left"":0.211175,""top"":0.029678,""width"":0.652138}",0.31368387,0.76644927,0.45276541,0.73074996,0.46466005,0.14030524,0.11672552,0.59044473,0.34793453,-0.2425102,0.64893117,1.8727247,51.377982,96.216815,False,0.87444127,True,True,True,0.64893117,1.8727247,51.377982,96.216815,0.64438126,1.8728225,50.703612,94.958866,0.81919012,1.8690672,8.2970353,15.507716,0.49114642,2.0483779,8.0149609,16.417669,0.6610242,1.8399472,22.983683,42.288764,0.69334781,1.7880568,31.842794,56.936723,0.58947299,1.9564206,23.597232,46.166111,0.6171302,1.9727706,20.188464,39.82721
0b_baseline_last,file,19,baseline,7254,124.Le_Conte_Sparrow/Le_Conte_Sparrow_0016_795223.jpg,124,123,124.Le_Conte_Sparrow,126,125,gaussian_blur,gaussian_blur,0,"{""sigma"":1.061366}",0.31368387,0.16294162,-0.15074225,0.73074996,0.84964079,0.14030524,0.092346035,0.59044473,0.75729475,0.16685002,0.7643756,0.58644574,51.377982,30.130399,False,0.91706252,True,True,True,0.7643756,0.58644574,51.377982,30.130399,0.7605362,0.58580258,50.703612,29.702307,0.90268282,0.60997927,8.2970353,5.0610196,0.62529576,0.65927282,8.0149609,5.2840459,0.69812904,0.55156691,22.983683,12.677039,0.8108516,0.57922437,31.842794,18.444123,0.74292648,0.60952503,23.597232,14.383104,0.76563545,0.59961666,20.188464,12.10534
0b_baseline_last,file,19,baseline,7254,124.Le_Conte_Sparrow/Le_Conte_Sparrow_0016_795223.jpg,124,123,124.Le_Conte_Sparrow,126,125,random_erasing,random_erasing,0,"{""area_fraction"":0.128842,""erased"":true,""height"":0.331475,""left"":0.560666,""top"":0.098523,""width"":0.388691}",0.31368387,0.7966494,0.48296553,0.73074996,0.45083702,0.14030524,0.37866247,0.59044473,0.072174549,-0.51827018,0.9048676,2.1678742,51.377982,111.381,False,0.97402745,True,True,True,0.9048676,2.1678742,51.377982,111.381,0.90330208,2.1681523,50.703612,109.93315,0.96363234,2.1574619,8.2970353,17.900537,0.893025,2.1959782,8.0149609,17.600679,0.91552939,2.1036234,22.983683,48.349014,0.91958528,2.1848598,31.842794,69.572041,0.87957519,2.1800427,23.597232,51.442974,0.88218575,2.1880232,20.188464,44.172829
0b_baseline_last,file,19,baseline,1704,031.Black_billed_Cuckoo/Black_Billed_Cuckoo_0028_26165.jpg,31,30,031.Black_billed_Cuckoo,33,32,identity,identity,0,{},1.0793426,1.0793426,0,0.33981887,0.33981887,0.5848465,0.5848465,-0.24502763,-0.24502763,0,1,1,134.01694,134.01694,False,0.99999994,True,False,False,1,1,134.01694,134.01694,1,1,130.87696,130.87696,1,1,28.840261,28.840261,1,1,24.354182,24.354182,1,1,66.510878,66.510878,1,1,71.146351,71.146351,1,1,62.955343,62.955343,1,1,55.558778,55.558778
0b_baseline_last,file,19,baseline,1704,031.Black_billed_Cuckoo/Black_Billed_Cuckoo_0028_26165.jpg,31,30,031.Black_billed_Cuckoo,33,32,horizontal_flip,horizontal_flip,0,"{""flipped"":true}",1.0793426,2.2410665,1.1617239,0.33981887,0.10634502,0.5848465,0.12964356,-0.24502763,-0.023298539,0.22172909,0.41783007,1.4002012,134.01694,187.65068,False,0.92779028,False,False,False,0.41783007,1.4002012,134.01694,187.65068,0.40802497,1.4141603,130.87696,185.081,0.69936258,1.0730949,28.840261,30.948338,0.43236643,1.5442636,24.354182,37.609277,0.38347986,1.2476883,66.510878,82.984843,0.41411083,1.4417148,71.146351,102.57274,0.42900768,1.5335003,62.955343,96.542034,0.40090896,1.4072033,55.558778,78.182495
0b_baseline_last,file,19,baseline,1704,031.Black_billed_Cuckoo/Black_Billed_Cuckoo_0028_26165.jpg,31,30,031.Black_billed_Cuckoo,33,32,color_jitter,color_jitter,0,"{""brightness"":0.616855,""contrast"":1.379674,""hue"":-0.07347,""saturation"":0.85542}",1.0793426,3.5904078,2.5110652,0.33981887,0.027587077,0.5848465,0.19345996,-0.24502763,-0.16587288,0.07915475,0.48392592,1.6329731,134.01694,218.84606,False,0.80315876,False,False,False,0.48392592,1.6329731,134.01694,218.84606,0.4809754,1.6554751,130.87696,216.66356,0.6235548,1.0689983,28.840261,30.830189,0.34270272,2.2004543,24.354182,53.590265,0.61432781,1.5742248,66.510878,104.70307,0.45094318,1.6755559,71.146351,119.20969,0.4831391,1.730605,62.955343,108.95083,0.38107202,1.5088252,55.558778,83.828483
0b_baseline_last,file,19,baseline,1704,031.Black_billed_Cuckoo/Black_Billed_Cuckoo_0028_26165.jpg,31,30,031.Black_billed_Cuckoo,33,32,rotation,rotation,0,"{""angle"":12.161824}",1.0793426,1.9039066,0.82456398,0.33981887,0.14898546,0.5848465,0.71619457,-0.24502763,-0.56720911,-0.32218148,0.77688523,1.2911615,134.01694,173.03752,False,0.93583864,True,False,False,0.77688523,1.2911615,134.01694,173.03752,0.7701356,1.2967248,130.87696,169.7114,0.93473257,1.1707314,28.840261,33.7642,0.72938263,1.7332139,24.354182,42.211005,0.84937532,1.2941477,66.510878,86.074901,0.75608791,1.3208934,71.146351,93.976746,0.72689133,1.2588199,62.955343,79.249438,0.75441008,1.2072995,55.558778,67.076084
0b_baseline_last,file,19,baseline,1704,031.Black_billed_Cuckoo/Black_Billed_Cuckoo_0028_26165.jpg,31,30,031.Black_billed_Cuckoo,33,32,random_resized_crop,random_resized_crop,0,"{""area_fraction"":0.708188,""aspect"":1.237974,""fallback"":false,""height"":0.756342,""left"":0.003611,""top"":0.036649,""width"":0.936332}",1.0793426,3.2018886,2.122546,0.33981887,0.040685296,0.5848465,0.86438531,-0.24502763,-0.82370001,-0.57867238,0.75116849,1.5374579,134.01694,206.0454,False,0.92749703,True,False,False,0.75116849,1.5374579,134.01694,206.0454,0.74303836,1.5406357,130.87696,201.63372,0.92736164,1.4704899,28.840261,42.409314,0.64859969,1.9612716,24.354182,47.765164,0.77763582,1.5853648,66.510878,105.44401,0.75437887,1.4672285,71.146351,104.38795,0.69810638,1.4779577,62.955343,93.045337,0.76049137,1.5795998,55.558778,87.760637
0b_baseline_last,file,19,baseline,1704,031.Black_billed_Cuckoo/Black_Billed_Cuckoo_0028_26165.jpg,31,30,031.Black_billed_Cuckoo,33,32,gaussian_blur,gaussian_blur,0,"{""sigma"":1.541832}",1.0793426,1.1103917,0.031049132,0.33981887,0.32942989,0.5848465,0.27615753,-0.24502763,0.053272367,0.2983,0.67196711,0.92576212,134.01694,124.06781,False,0.89542305,False,False,True,0.67196711,0.92576212,134.01694,124.06781,0.6662588,0.9321696,130.87696,121.99953,0.82200523,0.7822263,28.840261,22.55961,0.68648514,1.0706161,24.354182,26.073979,0.74517223,0.94790332,66.510878,63.045882,0.6388207,0.93949001,71.146351,66.841286,0.61794801,0.90933033,62.955343,57.247202,0.65452049,0.89710829,55.558778,49.84224
0b_baseline_last,file,19,baseline,1704,031.Black_billed_Cuckoo/Black_Billed_Cuckoo_0028_26165.jpg,31,30,031.Black_billed_Cuckoo,33,32,random_erasing,random_erasing,0,"{""area_fraction"":0.180305,""erased"":true,""height"":0.458628,""left"":0.117899,""top"":0.1761,""width"":0.39314}",1.0793426,1.6068915,0.52754891,0.33981887,0.20050995,0.5848465,0.39358422,-0.24502763,-0.19307427,0.05195336,0.69902375,0.99929463,134.01694,133.92241,False,0.93203652,True,False,False,0.69902375,0.99929463,134.01694,133.92241,0.69048598,0.99966174,130.87696,130.83269,0.87627768,0.99170444,28.840261,28.601015,0.74762467,0.98947214,24.354182,24.097784,0.81233195,0.95788671,66.510878,63.709887,0.66818303,0.93849062,71.146351,66.770183,0.63782547,1.0404663,62.955343,65.502915,0.63014996,1.0990645,55.558778,61.062683
0b_baseline_last,file,19,baseline,3415,059.California_Gull/California_Gull_0074_41358.jpg,59,58,059.California_Gull,64,63,identity,identity,0,{},1.6375341,1.6375341,0,0.19445896,0.19445896,0.36045733,0.36045733,-0.16599837,-0.16599837,0,1,1,117.02938,117.02938,False,1,True,False,False,1,1,117.02938,117.02938,1,1,114.19749,114.19749,1,1,25.589242,25.589242,1,1,22.996343,22.996343,1,1,51.567242,51.567242,1,1,63.741059,63.741059,1,1,55.364788,55.364788,1,1,52.200312,52.200312
0b_baseline_last,file,19,baseline,3415,059.California_Gull/California_Gull_0074_41358.jpg,59,58,059.California_Gull,64,63,horizontal_flip,horizontal_flip,0,"{""flipped"":true}",1.6375341,0.94663543,-0.69089872,0.19445896,0.38804445,0.36045733,0.3214305,-0.16599837,0.066613942,0.23261231,0.66282964,0.72776801,117.02938,85.170242,False,0.95986074,False,False,True,0.66282964,0.72776801,117.02938,85.170242,0.64769703,0.72341421,114.19749,82.612088,0.93610004,0.80961583,25.589242,20.717455,0.54180525,0.84900357,22.996343,19.523978,0.56607219,0.60688652,51.567242,31.295464,0.66749349,0.70663755,63.741059,45.041826,0.6639582,0.75494075,55.364788,41.797135,0.69969762,0.78716254,52.200312,41.09013
0b_baseline_last,file,19,baseline,3415,059.California_Gull/California_Gull_0074_41358.jpg,59,58,059.California_Gull,64,63,color_jitter,color_jitter,0,"{""brightness"":0.9296,""contrast"":1.269933,""hue"":-0.06085,""saturation"":0.929382}",1.6375341,4.9336948,3.2961607,0.19445896,0.0071998537,0.36045733,0.0010567129,-0.16599837,0.0061431407,0.17214151,0.33058774,1.4609775,117.02938,170.9773,False,0.76560175,False,False,False,0.33058774,1.4609775,117.02938,170.9773,0.31988533,1.4717552,114.19749,168.07075,0.59157368,1.226766,25.589242,31.392012,0.36520524,1.4285452,22.996343,32.851316,0.29223166,1.3084302,51.567242,67.472137,0.32103054,1.2800664,63.741059,81.592785,0.30006309,1.634979,55.364788,90.520269,0.36383023,1.6880738,52.200312,88.117976
0b_baseline_last,file,19,baseline,3415,059.California_Gull/California_Gull_0074_41358.jpg,59,58,059.California_Gull,64,63,rotation,rotation,0,"{""angle"":2.973216}",1.6375341,1.2012569,-0.43627727,0.19445896,0.30081588,0.36045733,0.40351489,-0.16599837,-0.10269901,0.063299358,0.84398411,0.95024955,117.02938,111.20712,False,0.98124409,True,False,False,0.84398411,0.95024955,117.02938,111.20712,0.83755068,0.9486641,114.19749,108.33506,0.9683098,0.98129185,25.589242,25.110515,0.86708256,0.9336609,22.996343,21.470787,0.83852042,0.8457668,51.567242,43.613861,0.81583233,0.94398915,63.741059,60.170868,0.84315469,0.98873849,55.364788,54.741298,0.86242269,1.0057281,52.200312,52.499322
0b_baseline_last,file,19,baseline,3415,059.California_Gull/California_Gull_0074_41358.jpg,59,58,059.California_Gull,64,63,random_resized_crop,random_resized_crop,0,"{""area_fraction"":0.712111,""aspect"":1.144127,""fallback"":false,""height"":0.788927,""left"":0.097184,""top"":0.002431,""width"":0.902633}",1.6375341,1.7060255,0.06849134,0.19445896,0.18158607,0.36045733,0.23920378,-0.16599837,-0.057617709,0.10838066,0.63162234,0.80304887,117.02938,93.980314,False,0.95836449,False,False,False,0.63162234,0.80304887,117.02938,93.980314,0.61472542,0.79696758,114.19749,91.011699,0.9302505,0.91579016,25.589242,23.434376,0.55310039,1.0668406,22.996343,24.533433,0.53388213,0.69171982,51.567242,35.670083,0.60490336,0.78900829,63.741059,50.292224,0.66082211,0.76912085,55.364788,42.582213,0.67340709,0.87081723,52.200312,45.456931
0b_baseline_last,file,19,baseline,3415,059.California_Gull/California_Gull_0074_41358.jpg,59,58,059.California_Gull,64,63,gaussian_blur,gaussian_blur,0,"{""sigma"":1.525829}",1.6375341,4.1130333,2.4754992,0.19445896,0.016358081,0.36045733,0.023952845,-0.16599837,-0.0075947642,0.15840361,0.61513411,1.6480767,117.02938,192.8734,False,0.8747704,False,False,False,0.61513411,1.6480767,117.02938,192.8734,0.6109906,1.6634983,114.19749,189.96733,0.73812697,1.3034806,25.589242,33.355079,0.5619559,1.7222705,22.996343,39.605924,0.52994089,1.7675734,51.567242,91.148884,0.63319581,1.4793931,63.741059,94.298086,0.651299,1.722918,55.364788,95.388992,0.63526193,1.736815,52.200312,90.662282
0b_baseline_last,file,19,baseline,3415,059.California_Gull/California_Gull_0074_41358.jpg,59,58,059.California_Gull,64,63,random_erasing,random_erasing,0,"{""area_fraction"":0.139524,""erased"":true,""height"":0.669304,""left"":0.368285,""top"":0.245401,""width"":0.208462}",1.6375341,4.6353807,2.9978466,0.19445896,0.0097024143,0.36045733,0.031904269,-0.16599837,-0.022201855,0.14379651,0.59771257,0.96563781,117.02938,113.008,False,0.90212721,False,False,False,0.59771257,0.96563781,117.02938,113.008,0.58487626,0.95155861,114.19749,108.66561,0.81490635,1.2124505,25.589242,31.02569,0.61394531,0.79701764,22.996343,18.328491,0.59595318,0.81120562,51.567242,41.831637,0.64449016,0.91070186,63.741059,58.049101,0.54682783,0.96303945,55.364788,53.318475,0.55446153,1.1349334,52.200312,59.243875
0b_baseline_last,file,19,baseline,9006,154.Red_eyed_Vireo/Red_Eyed_Vireo_0029_156777.jpg,154,153,154.Red_eyed_Vireo,165,164,identity,identity,0,{},0.23051587,0.23051587,0,0.79412383,0.79412383,0.022801217,0.022801217,0.77132261,0.77132261,0,1,1,40.576461,40.576461,False,1,True,True,True,1,1,40.576461,40.576461,1,1,40.18182,40.18182,1,1,5.6454032,5.6454032,1,1,9.7936958,9.7936958,1,1,16.331608,16.331608,1,1,21.576477,21.576477,1,1,21.659333,21.659333,1,1,17.812066,17.812066
0b_baseline_last,file,19,baseline,9006,154.Red_eyed_Vireo/Red_Eyed_Vireo_0029_156777.jpg,154,153,154.Red_eyed_Vireo,165,164,horizontal_flip,horizontal_flip,0,"{""flipped"":true}",0.23051587,0.2199575,-0.010558367,0.79412383,0.80255288,0.022801217,0.011531022,0.77132261,0.79102186,0.019699245,0.55464373,0.88559264,40.576461,35.934216,False,0.94799781,True,True,True,0.55464373,0.88559264,40.576461,35.934216,0.54577035,0.8814177,40.18182,35.416967,0.93366368,1.0761064,5.6454032,6.0750544,0.37037949,0.63977052,9.7936958,6.2657178,0.42081885,0.88742889,16.331608,14.49314,0.53817813,0.85265679,21.576477,18.39733,0.52658396,0.90433006,21.659333,19.587186,0.72538147,0.94433582,17.812066,16.820572
0b_baseline_last,file,19,baseline,9006,154.Red_eyed_Vireo/Red_Eyed_Vireo_0029_156777.jpg,154,153,154.Red_eyed_Vireo,165,164,color_jitter,color_jitter,0,"{""brightness"":0.967766,""contrast"":0.714152,""hue"":-0.05023,""saturation"":0.913367}",0.23051587,4.4654703,4.2349544,0.79412383,0.011499288,0.022801217,0.029429367,0.77132261,-0.017930079,-0.78925269,0.69876466,4.9648996,40.576461,201.45806,False,0.87559605,False,True,False,0.69876466,4.9648996,40.576461,201.45806,0.69588968,4.9680477,40.18182,199.6252,0.84981899,4.8027124,5.6454032,27.113248,0.65982171,4.0602053,9.7936958,39.764416,0.6223887,5.5818767,16.331608,91.16102,0.69188358,5.3321863,21.576477,115.0498,0.7420438,4.6530973,21.659333,100.78298,0.73519905,4.5488703,17.812066,81.024777
0b_baseline_last,file,19,baseline,9006,154.Red_eyed_Vireo/Red_Eyed_Vireo_0029_156777.jpg,154,153,154.Red_eyed_Vireo,165,164,rotation,rotation,0,"{""angle"":-5.627052}",0.23051587,0.62718707,0.39667121,0.79412383,0.53409207,0.022801217,0.017973853,0.77132261,0.51611822,-0.2552044,0.76438836,2.2076151,40.576461,89.577208,False,0.95138848,True,True,True,0.76438836,2.2076151,40.576461,89.577208,0.76111258,2.2098349,40.18182,88.795186,0.94080679,2.0920809,5.6454032,11.81064,0.70967091,1.9863872,9.7936958,19.454072,0.7674716,2.5439086,16.331608,41.546117,0.7045171,2.2144879,21.576477,47.780847,0.79213888,2.1675461,21.659333,46.947602,0.8241534,2.0187282,17.812066,35.957719
0b_baseline_last,file,19,baseline,9006,154.Red_eyed_Vireo/Red_Eyed_Vireo_0029_156777.jpg,154,153,154.Red_eyed_Vireo,165,164,random_resized_crop,random_resized_crop,0,"{""area_fraction"":0.821958,""aspect"":1.180348,""fallback"":false,""height"":0.834487,""left"":0.013045,""top"":0.106935,""width"":0.984986}",0.23051587,0.5984844,0.36796853,0.79412383,0.54964405,0.022801217,0.0059827957,0.77132261,0.54366126,-0.22766135,0.69189047,2.3093312,40.576461,93.70449,False,0.94677579,True,True,True,0.69189047,2.3093312,40.576461,93.70449,0.68728201,2.3054705,40.18182,92.637999,0.9096001,2.4971206,5.6454032,14.097253,0.46667498,2.3661941,9.7936958,23.173785,0.69309548,2.9864989,16.331608,48.774328,0.66102116,2.2047028,21.576477,47.569719,0.73703717,2.0775401,21.659333,44.998133,0.7614512,2.0841583,17.812066,37.123165
0b_baseline_last,file,19,baseline,9006,154.Red_eyed_Vireo/Red_Eyed_Vireo_0029_156777.jpg,154,153,154.Red_eyed_Vireo,165,164,gaussian_blur,gaussian_blur,0,"{""sigma"":1.992912}",0.23051587,5.4786758,5.24816,0.79412383,0.0041748551,0.022801217,0.047109589,0.77132261,-0.042934734,-0.81425735,0.39719873,3.2623626,40.576461,132.37513,False,0.75003421,False,True,False,0.39719873,3.2623626,40.576461,132.37513,0.38916232,3.2402962,40.18182,130.201,0.72278774,4.2322928,5.6454032,23.892999,0.26148629,2.715641,9.7936958,26.596162,0.4029641,3.1739254,16.331608,51.835304,0.44562789,3.015393,21.576477,65.061557,0.31845813,3.1462751,21.659333,68.146221,0.43582181,3.8411489,17.812066,68.418797
0b_baseline_last,file,19,baseline,9006,154.Red_eyed_Vireo/Red_Eyed_Vireo_0029_156777.jpg,154,153,154.Red_eyed_Vireo,165,164,random_erasing,random_erasing,0,"{""area_fraction"":0.127666,""erased"":true,""height"":0.285705,""left"":0.084539,""top"":0.27057,""width"":0.446846}",0.23051587,4.0336637,3.8031479,0.79412383,0.017709328,0.022801217,0.064494565,0.77132261,-0.046785237,-0.81810785,0.40382978,2.8690714,40.576461,116.41676,False,0.82065898,False,True,False,0.40382978,2.8690714,40.576461,116.41676,0.39228779,2.8153838,40.18182,113.12724,0.80189054,4.8674813,5.6454032,27.478895,0.17171886,1.9081424,9.7936958,18.687766,0.19170323,2.4208521,16.331608,39.536407,0.39532783,2.4202672,21.576477,52.22084,0.38445542,2.7294149,21.659333,59.117306,0.56749276,3.8339249,17.812066,68.290123
0b_baseline_last,file,19,baseline,6037,104.American_Pipit/American_Pipit_0074_100154.jpg,104,103,104.American_Pipit,152,151,identity,identity,0,{},0.12907445,0.12907445,0,0.87890851,0.87890851,0.0093348632,0.0093348632,0.86957365,0.86957365,0,1,1,18.445518,18.445518,False,0.99999994,True,True,True,1,1,18.445518,18.445518,1,1,18.122763,18.122763,1,1,3.4354888,3.4354888,1,1,3.9823204,3.9823204,1,1,8.7647232,8.7647232,1,1,9.9107156,9.9107156,1,1,8.1643656,8.1643656,1,1,8.4187971,8.4187971
0b_baseline_last,file,19,baseline,6037,104.American_Pipit/American_Pipit_0074_100154.jpg,104,103,104.American_Pipit,152,151,horizontal_flip,horizontal_flip,0,"{""flipped"":true}",0.12907445,0.019173289,-0.10990117,0.87890851,0.98100936,0.0093348632,0.0006674811,0.86957365,0.98034188,0.11076823,0.61864917,0.14927412,18.445518,2.7534385,False,0.96526438,True,True,True,0.61864917,0.14927412,18.445518,2.7534385,0.60478367,0.1484532,18.122763,2.6903822,0.96024088,0.17054049,3.4354888,0.58588994,0.63228084,0.15471715,3.9823204,0.61613325,0.41839189,0.13056529,8.7647232,1.1443686,0.61984003,0.14390458,9.9107156,1.4261974,0.6208044,0.15790141,8.1643656,1.2891649,0.73685286,0.16169044,8.4187971,1.361239
0b_baseline_last,file,19,baseline,6037,104.American_Pipit/American_Pipit_0074_100154.jpg,104,103,104.American_Pipit,152,151,color_jitter,color_jitter,0,"{""brightness"":0.988939,""contrast"":1.12325,""hue"":0.006684,""saturation"":0.759221}",0.12907445,0.23278993,0.10371548,0.87890851,0.79232001,0.0093348632,0.025116429,0.86957365,0.76720358,-0.10237007,0.94205879,1.6785876,18.445518,30.962417,False,0.99322981,True,True,True,0.94205879,1.6785876,18.445518,30.962417,0.94027645,1.6782171,18.122763,30.413931,0.99136218,1.6888639,3.4354888,5.8020732,0.93056354,1.5736838,3.9823204,6.266913,0.95133306,1.5444054,8.7647232,13.536286,0.93950602,1.6767434,9.9107156,16.617727,0.92846493,1.7726149,8.1643656,14.472276,0.94958397,1.7493877,8.4187971,14.72774
0b_baseline_last,file,19,baseline,6037,104.American_Pipit/American_Pipit_0074_100154.jpg,104,103,104.American_Pipit,152,151,rotation,rotation,0,"{""angle"":-14.833224}",0.12907445,0.3722983,0.24322385,0.87890851,0.6891486,0.0093348632,0.0040632826,0.86957365,0.68508532,-0.18448833,0.66689455,2.3275197,18.445518,42.932305,False,0.96438813,True,True,True,0.66689455,2.3275197,18.445518,42.932305,0.65588637,2.322801,18.122763,42.095573,0.95769194,2.4551917,3.4354888,8.4347836,0.71357809,2.7108249,3.9823204,10.795373,0.51437676,2.3537057,8.7647232,20.629579,0.70122154,2.1690931,9.9107156,21.497265,0.66394582,2.3442002,8.1643656,19.138908,0.73236198,2.3800493,8.4187971,20.037152
0b_baseline_last,file,19,baseline,6037,104.American_Pipit/American_Pipit_0074_100154.jpg,104,103,104.American_Pipit,152,151,random_resized_crop,random_resized_crop,0,"{""area_fraction"":0.725082,""aspect"":1.145897,""fallback"":false,""height"":0.795464,""left"":0.063106,""top"":0.119545,""width"":0.91152}",0.12907445,0.090903305,-0.03817115,0.87890851,0.91310602,0.0093348632,0.0019945332,0.86957365,0.91111149,0.041537839,0.74114617,0.80997469,18.445518,14.940402,False,0.9584142,True,True,True,0.74114617,0.80997469,18.445518,14.940402,0.7348617,0.81373746,18.122763,14.747171,0.95387646,0.69716796,3.4354888,2.3951127,0.76827142,1.0304107,3.9823204,4.1034256,0.72980857,0.79385223,8.7647232,6.957895,0.73829421,0.86851818,9.9107156,8.6076367,0.70467016,0.76532831,8.1643656,6.2484202,0.76762553,0.74269029,8.4187971,6.2525588
0b_baseline_last,file,19,baseline,6037,104.American_Pipit/American_Pipit_0074_100154.jpg,104,103,104.American_Pipit,152,151,gaussian_blur,gaussian_blur,0,"{""sigma"":1.967347}",0.12907445,2.7181914,2.5891169,0.87890851,0.065994017,0.0093348632,0.0053936183,0.86957365,0.060600399,-0.80897325,0.57084751,8.8058866,18.445518,162.42914,False,0.8148815,False,True,False,0.57084751,8.8058866,18.445518,162.42914,0.56490891,8.8634339,18.122763,160.62991,0.7947612,7.0177069,3.4354888,24.109254,0.72477336,11.342352,3.9823204,45.16888,0.62172252,8.4690368,8.7647232,74.228763,0.56041081,9.4315991,9.9107156,93.473897,0.48554601,8.4195471,8.1643656,68.740261,0.54575117,8.2202157,8.4187971,69.204328
0b_baseline_last,file,19,baseline,6037,104.American_Pipit/American_Pipit_0074_100154.jpg,104,103,104.American_Pipit,152,151,random_erasing,random_erasing,0,"{""area_fraction"":0.186681,""erased"":true,""height"":0.354079,""left"":0.148622,""top"":0.277203,""width"":0.52723}",0.12907445,0.63255394,0.50347948,0.87890851,0.53123337,0.0093348632,0.036944702,0.86957365,0.49428867,-0.37528498,0.68886238,3.0111,18.445518,55.541299,False,0.87509841,True,True,True,0.68886238,3.0111,18.445518,55.541299,0.68186666,2.9924028,18.122763,54.230607,0.86358743,3.4914624,3.4354888,11.99488,0.54152193,2.1481845,3.9823204,8.5547591,0.70979665,2.7096666,8.7647232,23.749478,0.70436879,2.8213477,9.9107156,27.961574,0.65874375,3.1872522,8.1643656,26.021893,0.68985868,3.4523411,8.4187971,29.064559
0b_baseline_last,file,19,baseline,6111,105.Whip_poor_Will/Whip_Poor_Will_0006_22800.jpg,105,104,105.Whip_poor_Will,92,91,identity,identity,0,{},3.2261274,3.2261274,0,0.039710987,0.039710987,0.90650338,0.90650338,-0.86679239,-0.86679239,0,1,1,179.12443,179.12443,False,1,True,False,False,1,1,179.12443,179.12443,1,1,175.5711,175.5711,1,1,35.50144,35.50144,1,1,49.041272,49.041272,1,1,73.896556,73.896556,1,1,93.270424,93.270424,1,1,88.880065,88.880065,1,1,79.752273,79.752273
0b_baseline_last,file,19,baseline,6111,105.Whip_poor_Will/Whip_Poor_Will_0006_22800.jpg,105,104,105.Whip_poor_Will,92,91,horizontal_flip,horizontal_flip,0,"{""flipped"":true}",3.2261274,4.7010603,1.4749329,0.039710987,0.0090856412,0.90650338,0.95784837,-0.86679239,-0.94876273,-0.081970337,0.65999951,0.94842443,179.12443,169.88599,False,0.96314716,True,False,False,0.65999951,0.94842443,179.12443,169.88599,0.64582317,0.94136973,175.5711,165.27732,0.9631189,1.1070575,35.50144,39.302135,0.72591655,0.90797446,49.041272,44.528223,0.53844854,0.75570038,73.896556,55.843655,0.61089206,0.91686475,93.270424,85.516364,0.64430616,0.99293875,88.880065,88.252461,0.74433702,1.0575644,79.752273,84.343164
0b_baseline_last,file,19,baseline,6111,105.Whip_poor_Will/Whip_Poor_Will_0006_22800.jpg,105,104,105.Whip_poor_Will,92,91,color_jitter,color_jitter,0,"{""brightness"":1.187967,""contrast"":0.706245,""hue"":-0.066291,""saturation"":0.790184}",3.2261274,1.8674842,-1.3586432,0.039710987,0.15451188,0.90650338,0.50061262,-0.86679239,-0.34610073,0.52069166,0.78069781,0.79872866,179.12443,143.07182,False,0.94976532,True,False,False,0.78069781,0.79872866,179.12443,143.07182,0.77576514,0.80239972,175.5711,140.8782,0.92499677,0.70300048,35.50144,24.957529,0.76304592,0.7253327,49.041272,35.571238,0.59125491,0.76118046,73.896556,56.248614,0.81864858,0.8362126,93.270424,77.993904,0.81815838,0.78128814,88.880065,69.440941,0.82024783,0.84228391,79.752273,67.174056
0b_baseline_last,file,19,baseline,6111,105.Whip_poor_Will/Whip_Poor_Will_0006_22800.jpg,105,104,105.Whip_poor_Will,92,91,rotation,rotation,0,"{""angle"":14.117454}",3.2261274,0.57024848,-2.6558789,0.039710987,0.56538492,0.90650338,0.18854606,-0.86679239,0.37683886,1.2436313,0.66042003,0.38045686,179.12443,68.14912,False,0.8718062,False,False,True,0.66042003,0.38045686,179.12443,68.14912,0.65499222,0.38219401,175.5711,67.102222,0.81729159,0.33517911,35.50144,11.899341,0.80084303,0.31145352,49.041272,15.274077,0.62060347,0.34951727,73.896556,25.828122,0.6844965,0.37349233,93.270424,34.835788,0.63383828,0.38244398,88.880065,33.991646,0.64026046,0.44035299,79.752273,35.119152
0b_baseline_last,file,19,baseline,6111,105.Whip_poor_Will/Whip_Poor_Will_0006_22800.jpg,105,104,105.Whip_poor_Will,92,91,random_resized_crop,random_resized_crop,0,"{""area_fraction"":0.702996,""aspect"":0.835311,""fallback"":false,""height"":0.917386,""left"":0.110809,""top"":0.014467,""width"":0.766303}",3.2261274,1.5313716,-1.6947558,0.039710987,0.21623887,0.90650338,0.67985469,-0.86679239,-0.46361582,0.40317657,0.78282111,0.84310399,179.12443,151.02052,False,0.95920467,True,False,False,0.78282111,0.84310399,179.12443,151.02052,0.77601233,0.84461669,175.5711,148.29028,0.95835439,0.80522269,35.50144,28.586565,0.83703983,0.825303,49.041272,40.473909,0.78590258,0.79827837,73.896556,58.990022,0.7626098,0.85235542,93.270424,79.499551,0.74206107,0.84314797,88.880065,74.939047,0.80656104,0.88093697,79.752273,70.256726
0b_baseline_last,file,19,baseline,6111,105.Whip_poor_Will/Whip_Poor_Will_0006_22800.jpg,105,104,105.Whip_poor_Will,92,91,gaussian_blur,gaussian_blur,0,"{""sigma"":1.039361}",3.2261274,1.826238,-1.3998893,0.039710987,0.16101818,0.90650338,0.53605527,-0.86679239,-0.37503709,0.4917553,0.74700265,0.80379384,179.12443,143.97912,False,0.93168324,True,False,False,0.74700265,0.80379384,179.12443,143.97912,0.74202263,0.80935066,175.5711,142.09858,0.91452532,0.65333575,35.50144,23.19436,0.81713715,0.75694995,49.041272,37.121788,0.73470552,0.87642769,73.896556,64.764987,0.73868626,0.77694903,93.270424,72.466365,0.71972141,0.78836301,88.880065,70.069756,0.75743049,0.83722683,79.752273,66.770742
0b_baseline_last,file,19,baseline,6111,105.Whip_poor_Will/Whip_Poor_Will_0006_22800.jpg,105,104,105.Whip_poor_Will,92,91,random_erasing,random_erasing,0,"{""area_fraction"":0.146737,""erased"":true,""height"":0.399022,""left"":0.32666,""top"":0.023452,""width"":0.367743}",3.2261274,3.8691952,0.64306784,0.039710987,0.020875162,0.90650338,0.80362272,-0.86679239,-0.78274756,0.084044831,0.76478678,0.83659788,179.12443,149.85512,False,0.94357312,True,False,False,0.76478678,0.83659788,179.12443,149.85512,0.75687448,0.83186316,175.5711,146.05113,0.94108025,0.94504164,35.50144,33.550339,0.86037958,0.70363761,49.041272,34.507283,0.69078697,0.77085239,73.896556,56.963337,0.75207306,0.79495397,93.270424,74.145693,0.74767444,0.84087018,88.880065,74.736596,0.80207182,0.95593369,79.752273,76.237884
0b_baseline_last,file,19,baseline,5035,087.Mallard/Mallard_0061_76378.jpg,87,86,087.Mallard,46,45,identity,identity,0,{},0.045510691,0.045510691,0,0.95550936,0.95550936,0.011897615,0.011897615,0.94361175,0.94361175,0,1,1,6.4103603,6.4103603,False,1,True,True,True,1,1,6.4103603,6.4103603,1,1,6.2729893,6.2729893,1,1,1.3199714,1.3199714,1,1,1.2320788,1.2320788,1,1,2.9244175,2.9244175,1,1,3.292561,3.292561,1,1,2.972695,2.972695,1,1,3.0987554,3.0987554
0b_baseline_last,file,19,baseline,5035,087.Mallard/Mallard_0061_76378.jpg,87,86,087.Mallard,46,45,horizontal_flip,horizontal_flip,0,"{""flipped"":true}",0.045510691,0.08934553,0.043834839,0.95550936,0.9145295,0.011897615,0.038231332,0.94361175,0.87629817,-0.067313579,0.70432452,2.2218917,6.4103603,14.243126,False,0.95837814,True,True,True,0.70432452,2.2218917,6.4103603,14.243126,0.69500007,2.2311543,6.2729893,13.996007,0.94310994,2.0013113,1.3199714,2.6416737,0.69390033,2.2880766,1.2320788,2.8190906,0.77847775,2.5062247,2.9244175,7.3292474,0.70053967,2.3069661,3.292561,7.5958266,0.59874938,2.0663313,2.972695,6.1425725,0.69786744,2.0100285,3.0987554,6.2285867
0b_baseline_last,file,19,baseline,5035,087.Mallard/Mallard_0061_76378.jpg,87,86,087.Mallard,46,45,color_jitter,color_jitter,0,"{""brightness"":0.604357,""contrast"":0.632768,""hue"":0.040273,""saturation"":0.649192}",0.045510691,0.68263155,0.63712086,0.95550936,0.50528556,0.011897615,0.054666668,0.94361175,0.45061889,-0.49299286,0.5814721,11.87684,6.4103603,76.134822,False,0.92206341,True,True,True,0.5814721,11.87684,6.4103603,76.134822,0.56891215,11.930459,6.2729893,74.839641,0.90488309,10.593816,1.3199714,13.983535,0.46074806,16.734551,1.2320788,20.618286,0.53361388,11.704942,2.9244175,34.230135,0.62695568,12.646992,3.292561,41.640994,0.50126091,11.451657,2.972695,34.042283,0.63193865,10.757953,3.0987554,33.336266
0b_baseline_last,file,19,baseline,5035,087.Mallard/Mallard_0061_76378.jpg,87,86,087.Mallard,46,45,rotation,rotation,0,"{""angle"":8.43279}",0.045510691,0.26079246,0.21528177,0.95550936,0.77044082,0.011897615,0.025289502,0.94361175,0.74515131,-0.19846043,0.74071472,5.2221387,6.4103603,33.47579,False,0.95243359,True,True,True,0.74071472,5.2221387,6.4103603,33.47579,0.73385832,5.25452,6.2729893,32.961548,0.93493818,4.4281831,1.3199714,5.8450752,0.70826238,5.9090231,1.2320788,7.2803819,0.79789938,5.7337931,2.9244175,16.768005,0.74525188,5.1785538,3.292561,17.050704,0.65701586,4.9976553,2.972695,14.856505,0.7361788,5.0082652,3.0987554,15.519389
0b_baseline_last,file,19,baseline,5035,087.Mallard/Mallard_0061_76378.jpg,87,86,087.Mallard,46,45,random_resized_crop,random_resized_crop,0,"{""area_fraction"":0.739645,""aspect"":0.990165,""fallback"":false,""height"":0.864287,""left"":0.028265,""top"":0.069353,""width"":0.855787}",0.045510691,0.097126707,0.051616017,0.95550936,0.90744102,0.011897615,0.014659531,0.94361175,0.89278149,-0.050830261,0.67508579,1.9527401,6.4103603,12.517767,False,0.96192211,True,True,True,0.67508579,1.9527401,6.4103603,12.517767,0.66347234,1.9565255,6.2729893,12.273263,0.95095783,1.8652016,1.3199714,2.4620128,0.73558663,2.3544885,1.2320788,2.9009153,0.57738321,1.8386381,2.9244175,5.3769455,0.66539981,1.9283284,3.292561,6.3491391,0.64789276,1.9419186,2.972695,5.7727316,0.73495395,2.0325657,3.0987554,6.2984239
0b_baseline_last,file,19,baseline,5035,087.Mallard/Mallard_0061_76378.jpg,87,86,087.Mallard,46,45,gaussian_blur,gaussian_blur,0,"{""sigma"":1.367875}",0.045510691,0.22245716,0.17694646,0.95550936,0.80054933,0.011897615,0.030296657,0.94361175,0.77025267,-0.17335908,0.69312557,5.8687303,6.4103603,37.620676,False,0.93965954,True,True,True,0.69312557,5.8687303,6.4103603,37.620676,0.68622681,5.9230238,6.2729893,37.155065,0.92628864,4.470206,1.3199714,5.9005442,0.75973015,9.0520111,1.2320788,11.152791,0.70716837,6.1780194,2.9244175,18.067108,0.68330035,6.237537,3.292561,20.537471,0.63566725,5.519316,2.972695,16.407243,0.7295586,4.9859339,3.0987554,15.450189
0b_baseline_last,file,19,baseline,5035,087.Mallard/Mallard_0061_76378.jpg,87,86,087.Mallard,46,45,random_erasing,random_erasing,0,"{""area_fraction"":0.071401,""erased"":true,""height"":0.313441,""left"":0.166515,""top"":0.167967,""width"":0.227798}",0.045510691,0.038845327,-0.0066653639,0.95550936,0.96189946,0.011897615,0.010200759,0.94361175,0.9516987,0.0080869505,0.95332994,0.85893698,6.4103603,5.5060955,False,0.98965609,True,True,True,0.95332994,0.85893698,6.4103603,5.5060955,0.95189487,0.86001605,6.2729893,5.3948715,0.98716894,0.83419446,1.3199714,1.1011129,0.96641287,0.86465448,1.2320788,1.0653224,0.97199564,0.90700397,2.9244175,2.6524582,0.95656624,0.85008372,3.292561,2.7989525,0.94081267,0.84343065,2.972695,2.5072621,0.93689037,0.84237214,3.0987554,2.6103052
0b_baseline_last,file,19,baseline,9757,166.Golden_winged_Warbler/Golden_Winged_Warbler_0016_794841.jpg,166,165,166.Golden_winged_Warbler,167,166,identity,identity,0,{},0.18331015,0.18331015,0,0.83250993,0.83250993,0.067335993,0.067335993,0.76517394,0.76517394,0,1,1,30.256637,30.256637,False,0.99999988,True,True,True,1,1,30.256637,30.256637,1,1,29.850343,29.850343,1,1,4.9417679,4.9417679,1,1,7.5533036,7.5533036,1,1,12.123908,12.123908,1,1,15.215871,15.215871,1,1,14.89675,14.89675,1,1,15.282852,15.282852
0b_baseline_last,file,19,baseline,9757,166.Golden_winged_Warbler/Golden_Winged_Warbler_0016_794841.jpg,166,165,166.Golden_winged_Warbler,167,166,horizontal_flip,horizontal_flip,0,"{""flipped"":true}",0.18331015,0.0552615,-0.12804865,0.83250993,0.94623768,0.067335993,0.008097861,0.76517394,0.93813982,0.17296588,0.62067157,0.27841971,30.256637,8.4240441,False,0.95461166,True,True,True,0.62067157,0.27841971,30.256637,8.4240441,0.61164348,0.27750398,29.850343,8.283589,0.91925165,0.30998726,4.9417679,1.5318851,0.68288815,0.2664807,7.5533036,2.0128097,0.48399362,0.25446789,12.123908,3.0851452,0.60098508,0.27924232,15.215871,4.2489153,0.57959987,0.26715189,14.89675,3.9796948,0.70471449,0.30097011,15.282852,4.5996816
0b_baseline_last,file,19,baseline,9757,166.Golden_winged_Warbler/Golden_Winged_Warbler_0016_794841.jpg,166,165,166.Golden_winged_Warbler,167,166,color_jitter,color_jitter,0,"{""brightness"":0.748592,""contrast"":0.84733,""hue"":0.090782,""saturation"":0.909227}",0.18331015,4.1536803,3.9703702,0.83250993,0.015706502,0.067335993,0.0087206466,0.76517394,0.0069858553,-0.75818809,0.38164466,4.9175161,30.256637,148.7875,False,0.75925887,False,True,False,0.38164466,4.9175161,30.256637,148.7875,0.37163009,4.8909245,29.850343,145.99577,0.69494184,5.8050401,4.9417679,28.687161,0.34378695,3.3903259,7.5533036,25.608161,0.16506591,5.2742587,12.123908,63.944626,0.44722736,5.8023572,15.215871,88.287921,0.37207394,4.3406718,14.89675,64.661901,0.44977484,4.4350487,15.282852,67.780193
0b_baseline_last,file,19,baseline,9757,166.Golden_winged_Warbler/Golden_Winged_Warbler_0016_794841.jpg,166,165,166.Golden_winged_Warbler,167,166,rotation,rotation,0,"{""angle"":9.547414}",0.18331015,0.26881188,0.08550173,0.83250993,0.76428699,0.067335993,0.055299725,0.76517394,0.70898727,-0.056186672,0.72980171,1.3860821,30.256637,41.938182,False,0.9474411,True,True,True,0.72980171,1.3860821,30.256637,41.938182,0.72423061,1.3865928,29.850343,41.390272,0.93600775,1.3673159,4.9417679,6.7569581,0.72689732,1.3444298,7.5533036,10.154886,0.7690706,1.4827118,12.123908,17.976261,0.72011039,1.3851042,15.215871,21.075567,0.66783104,1.4446181,14.89675,21.520114,0.76037742,1.2748356,15.282852,19.483124
0b_baseline_last,file,19,baseline,9757,166.Golden_winged_Warbler/Golden_Winged_Warbler_0016_794841.jpg,166,165,166.Golden_winged_Warbler,167,166,random_resized_crop,random_resized_crop,0,"{""area_fraction"":0.748256,""aspect"":0.778531,""fallback"":false,""height"":0.980363,""left"":0.132324,""top"":0.016441,""width"":0.763243}",0.18331015,0.068025172,-0.11528498,0.83250993,0.93423694,0.067335993,0.011587293,0.76517394,0.92264965,0.15747571,0.76186983,0.36739134,30.256637,11.116026,False,0.9786942,True,True,True,0.76186983,0.36739134,30.256637,11.116026,0.75644548,0.36602404,29.850343,10.925943,0.94242095,0.41420439,4.9417679,2.046902,0.71160355,0.40425062,7.5533036,3.0534277,0.74172842,0.35990401,12.123908,4.363443,0.74995993,0.33380481,15.215871,5.079131,0.72873271,0.37288844,14.89675,5.5548257,0.81261989,0.38354747,15.282852,5.8616992
0b_baseline_last,file,19,baseline,9757,166.Golden_winged_Warbler/Golden_Winged_Warbler_0016_794841.jpg,166,165,166.Golden_winged_Warbler,167,166,gaussian_blur,gaussian_blur,0,"{""sigma"":1.436875}",0.18331015,0.12688416,-0.056425989,0.83250993,0.88083571,0.067335993,0.015757319,0.76517394,0.86507839,0.099904452,0.52755456,0.71857821,30.256637,21.74176,False,0.94168329,True,True,True,0.52755456,0.71857821,30.256637,21.74176,0.51820965,0.71984369,29.850343,21.487581,0.8947438,0.67077455,4.9417679,3.3148122,0.61229695,1.1634706,7.5533036,8.7880466,0.37306652,0.77353293,12.123908,9.3782417,0.42564391,0.68200965,15.215871,10.377371,0.51997157,0.70025283,14.89675,10.431491,0.74103561,0.58535539,15.282852,8.9458998
0b_baseline_last,file,19,baseline,9757,166.Golden_winged_Warbler/Golden_Winged_Warbler_0016_794841.jpg,166,165,166.Golden_winged_Warbler,167,166,random_erasing,random_erasing,0,"{""area_fraction"":0.079747,""erased"":true,""height"":0.469113,""left"":0.690525,""top"":0.463198,""width"":0.169995}",0.18331015,0.16478403,-0.018526122,0.83250993,0.84807688,0.067335993,0.070747763,0.76517394,0.77732912,0.012155175,0.97750734,0.94890383,30.256637,28.710639,False,0.99398029,True,True,True,0.97750734,0.94890383,30.256637,28.710639,0.97718138,0.95021697,29.850343,28.364303,0.99149171,0.89968213,4.9417679,4.4460203,0.98395479,0.90917249,7.5533036,6.8672559,0.98309014,0.98831798,12.123908,11.982276,0.97910295,0.95646984,15.215871,14.553522,0.9741842,0.93857478,14.89675,13.981714,0.97344816,0.94029071,15.282852,14.370324
0b_baseline_last,file,19,baseline,8411,144.Common_Tern/Common_Tern_0043_147753.jpg,144,143,144.Common_Tern,141,140,identity,identity,0,{},5.632525,5.632525,0,0.003579525,0.003579525,0.98519921,0.98519921,-0.98161969,-0.98161969,0,1,1,204.38591,204.38591,False,0.99999994,True,False,False,1,1,204.38591,204.38591,1,1,199.94016,199.94016,1,1,42.397332,42.397332,1,1,34.498082,34.498082,1,1,93.134821,93.134821,1,1,103.13943,103.13943,1,1,95.050289,95.050289,1,1,102.17413,102.17413
0b_baseline_last,file,19,baseline,8411,144.Common_Tern/Common_Tern_0043_147753.jpg,144,143,144.Common_Tern,141,140,horizontal_flip,horizontal_flip,0,"{""flipped"":true}",5.632525,5.3559027,-0.2766223,0.003579525,0.0047202064,0.98519921,0.9553383,-0.98161969,-0.95061809,0.031001595,0.69790612,0.94640554,204.38591,193.43196,False,0.97261047,True,False,False,0.69790612,0.94640554,204.38591,193.43196,0.68494934,0.94420555,199.94016,188.78461,0.97248424,0.99407461,42.397332,42.146111,0.46351235,0.88109179,34.498082,30.395977,0.61806751,0.95922181,93.134821,89.336952,0.66620192,0.9337733,103.13943,96.308849,0.65473931,0.91349826,95.050289,86.828274,0.80618089,0.97480233,102.17413,99.599585
0b_baseline_last,file,19,baseline,8411,144.Common_Tern/Common_Tern_0043_147753.jpg,144,143,144.Common_Tern,141,140,color_jitter,color_jitter,0,"{""brightness"":1.068584,""contrast"":1.238488,""hue"":0.098584,""saturation"":0.888986}",5.632525,5.7391567,0.10663176,0.003579525,0.0032174804,0.98519921,0.94544244,-0.98161969,-0.94222496,0.03939473,0.79554633,0.89535245,204.38591,182.99743,False,0.95313388,True,False,False,0.79554633,0.89535245,204.38591,182.99743,0.7880469,0.89246349,199.94016,178.43929,0.95289486,0.95735116,42.397332,40.589135,0.76648156,1.0494737,34.498082,36.20483,0.66199078,0.84005731,93.134821,78.238587,0.80917126,0.85634988,103.13943,88.323441,0.79012549,0.87800178,95.050289,83.454324,0.8666535,0.96108534,102.17413,98.198063
0b_baseline_last,file,19,baseline,8411,144.Common_Tern/Common_Tern_0043_147753.jpg,144,143,144.Common_Tern,141,140,rotation,rotation,0,"{""angle"":-11.367454}",5.632525,6.4890294,0.85650444,0.003579525,0.0015200232,0.98519921,0.98291218,-0.98161969,-0.98139216,0.00022752839,0.77060243,0.97024151,204.38591,198.30369,False,0.95843995,True,False,False,0.77060243,0.97024151,204.38591,198.30369,0.76229371,0.97090331,199.94016,194.12256,0.95847631,0.9554052,42.397332,40.506632,0.58252092,0.87101169,34.498082,30.048233,0.74213004,1.0118155,93.134821,94.235254,0.75181699,0.96791133,103.13943,99.829826,0.75303704,0.95814893,95.050289,91.072333,0.81838516,0.96095403,102.17413,98.184646
0b_baseline_last,file,19,baseline,8411,144.Common_Tern/Common_Tern_0043_147753.jpg,144,143,144.Common_Tern,141,140,random_resized_crop,random_resized_crop,0,"{""area_fraction"":0.766033,""aspect"":0.796312,""fallback"":false,""height"":0.980803,""left"":0.083171,""top"":0.006883,""width"":0.781026}",5.632525,5.5840917,-0.048433304,0.003579525,0.0037571602,0.98519921,0.97841519,-0.98161969,-0.97465803,0.006961657,0.82048864,0.9880879,204.38591,201.95124,False,0.97462869,True,False,False,0.82048864,0.9880879,204.38591,201.95124,0.81381709,0.98953348,199.94016,197.84748,0.97465024,0.95537392,42.397332,40.505305,0.7076373,0.9956253,34.498082,34.347163,0.83521113,1.1092422,93.134821,103.30908,0.79167861,0.98379794,103.13943,101.46836,0.7808179,0.92117379,95.050289,87.557835,0.86481909,0.94531149,102.17413,96.586383
0b_baseline_last,file,19,baseline,8411,144.Common_Tern/Common_Tern_0043_147753.jpg,144,143,144.Common_Tern,141,140,gaussian_blur,gaussian_blur,0,"{""sigma"":1.936892}",5.632525,4.4773531,-1.1551719,0.003579525,0.011363453,0.98519921,0.40109503,-0.98161969,-0.38973158,0.59188811,0.47707247,0.57283326,204.38591,117.07905,False,0.82102329,True,False,False,0.47707247,0.57283326,204.38591,117.07905,0.46523047,0.5740444,199.94016,114.77453,0.754971,0.54520332,42.397332,23.115166,0.48615992,0.55133897,34.498082,19.020137,0.43529498,0.50310488,93.134821,46.856583,0.40683282,0.62019868,103.13943,63.96694,0.48340202,0.60958575,95.050289,57.941302,0.54108255,0.55077956,102.17413,56.275425
0b_baseline_last,file,19,baseline,8411,144.Common_Tern/Common_Tern_0043_147753.jpg,144,143,144.Common_Tern,141,140,random_erasing,random_erasing,0,"{""area_fraction"":0.076059,""erased"":true,""height"":0.435877,""left"":0.463733,""top"":0.071306,""width"":0.174497}",5.632525,4.9874291,-0.64509583,0.003579525,0.006823184,0.98519921,0.88189673,-0.98161969,-0.87507355,0.10654614,0.86323263,0.94220116,204.38591,192.57264,False,0.96753287,True,False,False,0.86323263,0.94220116,204.38591,192.57264,0.85899512,0.9446643,199.94016,188.87633,0.96547491,0.88565384,42.397332,37.54936,0.72328076,0.801879,34.498082,27.663288,0.86088969,0.95762901,93.134821,89.188606,0.87711694,0.88888105,103.13943,91.678688,0.84824401,0.98718106,95.050289,93.831845,0.8663987,0.96616229,102.17413,98.716796
0b_baseline_last,file,19,baseline,10264,175.Pine_Warbler/Pine_Warbler_0091_171627.jpg,175,174,175.Pine_Warbler,157,156,identity,identity,0,{},1.9115803,1.9115803,0,0.14784655,0.14784655,0.73582077,0.73582077,-0.58797422,-0.58797422,0,1,1,152.13988,152.13988,False,0.99999994,True,False,False,1,1,152.13988,152.13988,1,1,149.52109,149.52109,1,1,28.106695,28.106695,1,1,27.299912,27.299912,1,1,75.495877,75.495877,1,1,85.381198,85.381198,1,1,71.640557,71.640557,1,1,59.070516,59.070516
0b_baseline_last,file,19,baseline,10264,175.Pine_Warbler/Pine_Warbler_0091_171627.jpg,175,174,175.Pine_Warbler,157,156,horizontal_flip,horizontal_flip,0,"{""flipped"":true}",1.9115803,1.8426802,-0.068900108,0.14784655,0.15839235,0.73582077,0.6345582,-0.58797422,-0.47616585,0.11180837,0.6582423,0.76910892,152.13988,117.01214,False,0.9618566,True,False,False,0.6582423,0.76910892,152.13988,117.01214,0.64678153,0.76684566,149.52109,114.6596,0.95970679,0.83060603,28.106695,23.34559,0.53364401,0.95377837,27.299912,26.038066,0.61327377,0.69251867,75.495877,52.282304,0.66546694,0.75269866,85.381198,64.266313,0.66693578,0.79419819,71.640557,56.896801,0.66740055,0.82379656,59.070516,48.662088
0b_baseline_last,file,19,baseline,10264,175.Pine_Warbler/Pine_Warbler_0091_171627.jpg,175,174,175.Pine_Warbler,157,156,color_jitter,color_jitter,0,"{""brightness"":1.261781,""contrast"":0.969826,""hue"":-0.059535,""saturation"":1.32133}",1.9115803,4.1816444,2.2700641,0.14784655,0.015273374,0.73582077,0.0082442034,-0.58797422,0.0070291702,0.59500339,0.29229075,1.130123,152.13988,171.93678,False,0.82176316,False,False,False,0.29229075,1.130123,152.13988,171.93678,0.2838642,1.1333329,149.52109,169.45718,0.55453919,1.0351648,28.106695,29.095062,0.30293991,1.1386084,27.299912,31.08391,0.2438792,1.1210351,75.495877,84.63353,0.2853699,1.193507,85.381198,101.90305,0.31554198,1.0648537,71.640557,76.28671,0.29909687,1.12074,59.070516,66.202688
0b_baseline_last,file,19,baseline,10264,175.Pine_Warbler/Pine_Warbler_0091_171627.jpg,175,174,175.Pine_Warbler,157,156,rotation,rotation,0,"{""angle"":-7.932238}",1.9115803,2.6697304,0.7581501,0.14784655,0.069270901,0.73582077,0.72786474,-0.58797422,-0.65859384,-0.07061962,0.79857888,1.0891191,152.13988,165.69845,False,0.93718755,True,False,False,0.79857888,1.0891191,152.13988,165.69845,0.79451708,1.0933959,149.52109,163.48575,0.93601074,0.96022194,28.106695,26.988665,0.67978011,1.1675178,27.299912,31.873133,0.84210835,1.1190025,75.495877,84.480078,0.80704868,1.0735497,85.381198,91.660958,0.76439393,1.0955444,71.640557,78.485415,0.76032732,1.0724331,59.070516,63.349176
0b_baseline_last,file,19,baseline,10264,175.Pine_Warbler/Pine_Warbler_0091_171627.jpg,175,174,175.Pine_Warbler,157,156,random_resized_crop,random_resized_crop,0,"{""area_fraction"":0.579886,""aspect"":1.255029,""fallback"":false,""height"":0.679743,""left"":0.135211,""top"":0.123369,""width"":0.853097}",1.9115803,2.7926092,0.88102889,0.14784655,0.061261155,0.73582077,0.67929453,-0.58797422,-0.61803337,-0.030059151,0.71366402,1.118956,152.13988,170.23783,False,0.88148963,True,False,False,0.71366402,1.118956,152.13988,170.23783,0.70861773,1.122495,149.52109,167.83668,0.8753994,1.0136923,28.106695,28.49154,0.4277231,1.3726793,27.299912,37.474024,0.7832265,1.0914381,75.495877,82.399078,0.72415117,1.045207,85.381198,89.241029,0.68814235,1.1843786,71.640557,84.849542,0.67657734,1.174315,59.070516,69.367391
0b_baseline_last,file,19,baseline,10264,175.Pine_Warbler/Pine_Warbler_0091_171627.jpg,175,174,175.Pine_Warbler,157,156,gaussian_blur,gaussian_blur,0,"{""sigma"":1.460794}",1.9115803,4.6554251,2.7438447,0.14784655,0.0095098689,0.73582077,0.41907364,-0.58797422,-0.40956377,0.17841045,0.58588058,0.79563787,152.13988,121.04825,False,0.81119269,True,False,False,0.58588058,0.79563787,152.13988,121.04825,0.57899219,0.79256135,149.52109,118.50464,0.76477533,0.87824634,28.106695,24.684602,0.1716877,1.0467835,27.299912,28.577097,0.60973539,0.76306724,75.495877,57.60843,0.62041083,0.75616721,85.381198,64.562462,0.58213913,0.78655009,71.640557,56.348886,0.56942125,0.85728874,59.070516,50.640488
0b_baseline_last,file,19,baseline,10264,175.Pine_Warbler/Pine_Warbler_0091_171627.jpg,175,174,175.Pine_Warbler,157,156,random_erasing,random_erasing,0,"{""area_fraction"":0.100848,""erased"":true,""height"":0.277672,""left"":0.553312,""top"":0.143755,""width"":0.36319}",1.9115803,3.046313,1.1347327,0.14784655,0.047533855,0.73582077,0.12715898,-0.58797422,-0.07962513,0.50834909,0.49237662,0.98161397,152.13988,149.34263,False,0.81159693,True,False,False,0.49237662,0.98161397,152.13988,149.34263,0.48648652,0.98286624,149.52109,146.95923,0.66601405,0.94548755,28.106695,26.57453,0.57257653,1.0737824,27.299912,29.314166,0.5756391,1.028273,75.495877,77.630371,0.49134771,0.95010994,85.381198,81.121524,0.42374203,0.93091286,71.640557,66.691116,0.39895424,1.0273518,59.070516,60.686199
0b_baseline_last,file,19,baseline,955,018.Spotted_Catbird/Spotted_Catbird_0012_796802.jpg,18,17,018.Spotted_Catbird,70,69,identity,identity,0,{},0.013065561,0.013065561,0,0.98701942,0.98701942,0.0037982846,0.0037982846,0.98322114,0.98322114,0,1,1,2.7014006,2.7014006,False,1,True,True,True,1,1,2.7014006,2.7014006,1,1,2.6689203,2.6689203,1,1,0.41764782,0.41764782,1,1,0.75427446,0.75427446,1,1,1.3728855,1.3728855,1,1,1.3963044,1.3963044,1,1,1.1561215,1.1561215,1,1,1.1760561,1.1760561
0b_baseline_last,file,19,baseline,955,018.Spotted_Catbird/Spotted_Catbird_0012_796802.jpg,18,17,018.Spotted_Catbird,70,69,horizontal_flip,horizontal_flip,0,"{""flipped"":true}",0.013065561,0.0045027533,-0.0085628075,0.98701942,0.99550736,0.0037982846,0.00057137903,0.98322114,0.99493598,0.011714845,0.71469725,0.39555245,2.7014006,1.0685456,False,0.96315581,True,True,True,0.71469725,0.39555245,2.7014006,1.0685456,0.70980593,0.39605315,2.6689203,1.0570343,0.92700941,0.37453407,0.41764782,0.15642334,0.79921765,0.37893776,0.75427446,0.28582307,0.64722349,0.39311519,1.3728855,0.53970216,0.71723107,0.421221,1.3963044,0.58815275,0.68954443,0.40572528,1.1561215,0.46906773,0.78037701,0.3591447,1.1760561,0.42237431
0b_baseline_last,file,19,baseline,955,018.Spotted_Catbird/Spotted_Catbird_0012_796802.jpg,18,17,018.Spotted_Catbird,70,69,color_jitter,color_jitter,0,"{""brightness"":0.761649,""contrast"":0.967532,""hue"":-0.000669,""saturation"":1.202638}",0.013065561,0.03883604,0.025770479,0.98701942,0.9619084,0.0037982846,0.0061772051,0.98322114,0.95573119,-0.02748994,0.9094332,3.0874898,2.7014006,8.340547,False,0.98984784,True,True,True,0.9094332,3.0874898,2.7014006,8.340547,0.90811537,3.0963543,2.6689203,8.263923,0.97946311,2.7007515,0.41764782,1.127963,0.94535868,3.8572973,0.75427446,2.9094608,0.91109031,3.1561939,1.3728855,4.3330929,0.89806531,3.0681608,1.3963044,4.2840865,0.89810494,3.0083452,1.1561215,3.4780126,0.92738043,2.7686096,1.1760561,3.2560402
0b_baseline_last,file,19,baseline,955,018.Spotted_Catbird/Spotted_Catbird_0012_796802.jpg,18,17,018.Spotted_Catbird,70,69,rotation,rotation,0,"{""angle"":-13.22607}",0.013065561,0.021591835,0.008526274,0.98701942,0.9786396,0.0037982846,0.003651737,0.98322114,0.97498787,-0.0082332694,0.78008377,1.5818802,2.7014006,4.2732922,False,0.96077043,True,True,True,0.78008377,1.5818802,2.7014006,4.2732922,0.77610771,1.5810485,2.6689203,4.2196925,0.93916929,1.6154776,0.41764782,0.67470067,0.8375938,1.7282679,0.75427446,1.3035883,0.77236755,1.4289846,1.3728855,1.9618323,0.75096675,1.5943143,1.3963044,2.2261481,0.75553371,1.6953501,1.1561215,1.9600307,0.81838103,1.5816991,1.1760561,1.8601668
0b_baseline_last,file,19,baseline,955,018.Spotted_Catbird/Spotted_Catbird_0012_796802.jpg,18,17,018.Spotted_Catbird,70,69,random_resized_crop,random_resized_crop,0,"{""area_fraction"":0.658072,""aspect"":0.837313,""fallback"":false,""height"":0.886529,""left"":0.113121,""top"":0.005005,""width"":0.742302}",0.013065561,0.018772906,0.005707345,0.98701942,0.98140222,0.0037982846,0.00077833567,0.98322114,0.98062388,-0.0025972524,0.6990186,1.6158953,2.7014006,4.3651805,False,0.93877459,True,True,True,0.6990186,1.6158953,2.7014006,4.3651805,0.69471603,1.6193429,2.6689203,4.3218972,0.89609312,1.4682054,0.41764782,0.61319277,0.65481062,1.2864985,0.75427446,0.97037295,0.67183381,1.4419485,1.3728855,1.9796302,0.70002504,1.8782528,1.3963044,2.6226127,0.70085212,1.7540619,1.1561215,2.0279087,0.75929021,1.4298503,1.1760561,1.6815842
0b_baseline_last,file,19,baseline,955,018.Spotted_Catbird/Spotted_Catbird_0012_796802.jpg,18,17,018.Spotted_Catbird,70,69,gaussian_blur,gaussian_blur,0,"{""sigma"":1.562137}",0.013065561,0.44794992,0.43488436,0.98701942,0.6389367,0.0037982846,0.0098282052,0.98322114,0.62910849,-0.35411264,0.47777408,25.952215,2.7014006,70.107329,False,0.89269257,True,True,True,0.47777408,25.952215,2.7014006,70.107329,0.46940399,25.957082,2.6689203,69.277383,0.82230865,25.752677,0.41764782,10.755549,0.28624563,21.986178,0.75427446,16.583612,0.29706662,20.728397,1.3728855,28.457716,0.52189555,28.103441,1.3963044,39.240959,0.5288702,30.274458,1.1561215,35.000953,0.59622235,26.202178,1.1760561,30.81523
0b_baseline_last,file,19,baseline,955,018.Spotted_Catbird/Spotted_Catbird_0012_796802.jpg,18,17,018.Spotted_Catbird,70,69,random_erasing,random_erasing,0,"{""area_fraction"":0.099204,""erased"":true,""height"":0.372502,""left"":0.195717,""top"":0.302084,""width"":0.266318}",0.013065561,0.018388746,0.0053231856,0.98701942,0.98177928,0.0037982846,0.0059655551,0.98322114,0.97581372,-0.0074074129,0.90816754,1.3867245,2.7014006,3.7460985,False,0.98620057,True,True,True,0.90816754,1.3867245,2.7014006,3.7460985,0.90642379,1.3855419,2.6689203,3.6979009,0.97748887,1.4341858,0.41764782,0.59898458,0.9235236,1.283255,0.75427446,0.96792647,0.93102495,1.3226576,1.3728855,1.8158575,0.89702466,1.3901712,1.3963044,1.9411023,0.87725744,1.4239459,1.1561215,1.6462545,0.91381596,1.463459,1.1760561,1.7211098
0b_baseline_last,file,19,baseline,762,014.Indigo_Bunting/Indigo_Bunting_0026_11964.jpg,14,13,014.Indigo_Bunting,54,53,identity,identity,0,{},1.00972,1.00972,0,0.36432096,0.36432096,0.52807194,0.52807194,-0.16375098,-0.16375098,0,1,1,125.72768,125.72768,False,0.99999994,True,False,False,1,1,125.72768,125.72768,1,1,123.77465,123.77465,1,1,22.074532,22.074532,1,1,18.443676,18.443676,1,1,44.199189,44.199189,1,1,75.367499,75.367499,1,1,64.931205,64.931205,1,1,55.947354,55.947354
0b_baseline_last,file,19,baseline,762,014.Indigo_Bunting/Indigo_Bunting_0026_11964.jpg,14,13,014.Indigo_Bunting,54,53,horizontal_flip,horizontal_flip,0,"{""flipped"":true}",1.00972,0.34554669,-0.66417328,0.36432096,0.70783329,0.52807194,0.27981043,-0.16375098,0.42802286,0.59177384,0.71036973,0.49329345,125.72768,62.020642,False,0.96909606,False,False,True,0.71036973,0.49329345,125.72768,62.020642,0.70176761,0.4920778,123.77465,60.906759,0.96332636,0.53009359,22.074532,11.701568,0.68849105,0.5666831,18.443676,10.451719,0.57893202,0.51828603,44.199189,22.907822,0.7238018,0.4804071,75.367499,36.207082,0.68541566,0.48061969,64.931205,31.207215,0.76751506,0.50263098,55.947354,28.120873
0b_baseline_last,file,19,baseline,762,014.Indigo_Bunting/Indigo_Bunting_0026_11964.jpg,14,13,014.Indigo_Bunting,54,53,color_jitter,color_jitter,0,"{""brightness"":1.020566,""contrast"":0.800532,""hue"":0.012295,""saturation"":0.750448}",1.00972,1.9568019,0.94708192,0.36432096,0.14130962,0.52807194,0.77213603,-0.16375098,-0.63082641,-0.46707544,0.9019309,1.1780104,125.72768,148.10851,False,0.96314329,True,False,False,0.9019309,1.1780104,125.72768,148.10851,0.9003196,1.169795,123.77465,144.79097,0.95933126,1.4121345,22.074532,31.17221,0.77491898,1.0805409,18.443676,19.929147,0.86222319,1.2584822,44.199189,55.623893,0.9275786,1.1597738,75.367499,87.409251,0.90189465,1.1178335,64.931205,72.582278,0.89133319,1.207606,55.947354,67.562361
0b_baseline_last,file,19,baseline,762,014.Indigo_Bunting/Indigo_Bunting_0026_11964.jpg,14,13,014.Indigo_Bunting,54,53,rotation,rotation,0,"{""angle"":2.490916}",1.00972,1.4567163,0.44699633,0.36432096,0.23300013,0.52807194,0.55623454,-0.16375098,-0.32323441,-0.15948343,0.84613579,1.1480318,125.72768,144.33938,False,0.9861027,True,False,False,0.84613579,1.1480318,125.72768,144.33938,0.84188482,1.1481495,123.77465,142.11181,0.98023663,1.1443258,22.074532,25.260457,0.70423204,1.1549683,18.443676,21.301861,0.70775464,1.0442915,44.199189,46.156839,0.85794781,1.1609429,75.367499,87.497366,0.85066033,1.1631523,64.931205,75.524882,0.89328835,1.165478,55.947354,65.20541
0b_baseline_last,file,19,baseline,762,014.Indigo_Bunting/Indigo_Bunting_0026_11964.jpg,14,13,014.Indigo_Bunting,54,53,random_resized_crop,random_resized_crop,0,"{""area_fraction"":0.688435,""aspect"":0.934372,""fallback"":false,""height"":0.858364,""left"":0.114885,""top"":0.126212,""width"":0.802032}",1.00972,0.54183072,-0.46788925,0.36432096,0.58168238,0.52807194,0.31867895,-0.16375098,0.26300344,0.42675442,0.74184698,0.62111257,125.72768,78.091044,False,0.95729661,False,False,True,0.74184698,0.62111257,125.72768,78.091044,0.73496626,0.62091494,123.77465,76.853532,0.95601354,0.62729444,22.074532,13.847232,0.56489252,0.86115144,18.443676,15.882798,0.50774638,0.64291301,44.199189,28.416233,0.79450426,0.62630285,75.367499,47.202879,0.75700622,0.59255216,64.931205,38.475125,0.77904827,0.60303653,55.947354,33.738298
0b_baseline_last,file,19,baseline,762,014.Indigo_Bunting/Indigo_Bunting_0026_11964.jpg,14,13,014.Indigo_Bunting,54,53,gaussian_blur,gaussian_blur,0,"{""sigma"":1.110462}",1.00972,0.68045449,-0.32926548,0.36432096,0.50638676,0.52807194,0.26482856,-0.16375098,0.24155819,0.40530917,0.60827497,0.6929084,125.72768,87.117767,False,0.95914543,False,False,True,0.60827497,0.6929084,125.72768,87.117767,0.59725067,0.68821187,123.77465,85.183186,0.90660454,0.82707676,22.074532,18.257333,0.27132644,0.82065332,18.443676,15.135864,0.36568918,0.77772381,44.199189,34.374762,0.58121428,0.63388883,75.367499,47.774616,0.64732146,0.69002789,64.931205,44.804342,0.76579818,0.70497109,55.947354,39.441267
0b_baseline_last,file,19,baseline,762,014.Indigo_Bunting/Indigo_Bunting_0026_11964.jpg,14,13,014.Indigo_Bunting,54,53,random_erasing,random_erasing,0,"{""area_fraction"":0.114216,""erased"":true,""height"":0.38592,""left"":0.092885,""top"":0.3331,""width"":0.295957}",1.00972,0.80233556,-0.20738441,0.36432096,0.44828075,0.52807194,0.046787404,-0.16375098,0.40149335,0.56524432,0.46681708,0.83974949,125.72768,105.57976,False,0.89790469,False,False,True,0.46681708,0.83974949,125.72768,105.57976,0.4613155,0.83769202,123.77465,103.68504,0.62868265,0.90204632,22.074532,19.912251,0.071515819,0.86650849,18.443676,15.981602,0.15289615,0.94805105,44.199189,41.903087,0.55119412,0.78679022,75.367499,59.298412,0.50999325,0.84313326,64.931205,54.745658,0.50758814,0.84328637,55.947354,47.17964
0b_baseline_last,file,19,baseline,9402,160.Black_throated_Blue_Warbler/Black_Throated_Blue_Warbler_0108_161714.jpg,160,159,160.Black_throated_Blue_Warbler,164,163,identity,identity,0,{},0.0034498007,0.0034498007,0,0.99655616,0.99655616,0.00075133413,0.00075133413,0.99580483,0.99580483,0,1,1,0.65278167,0.65278167,False,0.99999994,True,True,True,1,1,0.65278167,0.65278167,1,1,0.64164642,0.64164642,1,1,0.12005742,0.12005742,1,1,0.12772982,0.12772982,1,1,0.28204962,0.28204962,1,1,0.34995909,0.34995909,1,1,0.32450279,0.32450279,1,1,0.29676557,0.29676557
0b_baseline_last,file,19,baseline,9402,160.Black_throated_Blue_Warbler/Black_Throated_Blue_Warbler_0108_161714.jpg,160,159,160.Black_throated_Blue_Warbler,164,163,horizontal_flip,horizontal_flip,0,"{""flipped"":true}",0.0034498007,0.013539861,0.01009006,0.99655616,0.9865514,0.00075133413,0.0082469862,0.99580483,0.97830442,-0.017500411,0.48025783,4.8761313,0.65278167,3.1830492,False,0.95023447,True,True,True,0.48025783,4.8761313,0.65278167,3.1830492,0.46836161,4.8982154,0.64164642,3.1429224,0.88245557,4.1965431,0.12005742,0.50382613,0.43316446,4.8505122,0.12772982,0.61955508,0.3368432,4.5132461,0.28204962,1.2729593,0.50331305,5.4147588,0.34995909,1.8949441,0.44355964,4.8913701,0.32450279,1.5872632,0.5761664,4.4747676,0.29676557,1.327957
0b_baseline_last,file,19,baseline,9402,160.Black_throated_Blue_Warbler/Black_Throated_Blue_Warbler_0108_161714.jpg,160,159,160.Black_throated_Blue_Warbler,164,163,color_jitter,color_jitter,0,"{""brightness"":0.736361,""contrast"":0.849802,""hue"":0.033549,""saturation"":1.25954}",0.0034498007,0.0076496522,0.0041998515,0.99655616,0.99237955,0.00075133413,0.0046414803,0.99580483,0.98773807,-0.0080667628,0.71982838,2.8536589,0.65278167,1.8628162,False,0.96866369,True,True,True,0.71982838,2.8536589,0.65278167,1.8628162,0.7137712,2.8611247,0.64164642,1.8358304,0.91038459,2.6314797,0.12005742,0.31592866,0.64480492,2.8209171,0.12772982,0.36031524,0.63560119,2.7648695,0.28204962,0.77983037,0.72115079,3.1495041,0.34995909,1.1021976,0.73754822,2.9185542,0.32450279,0.94707896,0.77754423,2.4310962,0.29676557,0.72146565
0b_baseline_last,file,19,baseline,9402,160.Black_throated_Blue_Warbler/Black_Throated_Blue_Warbler_0108_161714.jpg,160,159,160.Black_throated_Blue_Warbler,164,163,rotation,rotation,0,"{""angle"":-14.373268}",0.0034498007,0.0071280459,0.0036782452,0.99655616,0.99289727,0.00075133413,0.0036759349,0.99580483,0.98922134,-0.0065834915,0.58016045,2.2464288,0.65278167,1.4664275,False,0.94599104,True,True,True,0.58016045,2.2464288,0.65278167,1.4664275,0.56971096,2.2499792,0.64164642,1.4436911,0.89427638,2.1425332,0.12005742,0.25722701,0.46321742,2.1296628,0.12772982,0.27202145,0.49913879,2.264251,0.28204962,0.63863112,0.56948596,2.3406366,0.34995909,0.81912706,0.57346873,2.1665912,0.32450279,0.70306486,0.65062842,2.2278779,0.29676557,0.66115747
0b_baseline_last,file,19,baseline,9402,160.Black_throated_Blue_Warbler/Black_Throated_Blue_Warbler_0108_161714.jpg,160,159,160.Black_throated_Blue_Warbler,164,163,random_resized_crop,random_resized_crop,0,"{""area_fraction"":0.674418,""aspect"":0.927387,""fallback"":false,""height"":0.852774,""left"":0.098423,""top"":0.035605,""width"":0.790852}",0.0034498007,0.0005777597,-0.002872041,0.99655616,0.99942243,0.00075133413,0.00014941594,0.99580483,0.99927302,0.0034681863,0.62649557,0.16324264,0.65278167,0.10656181,False,0.95885414,True,True,True,0.62649557,0.16324264,0.65278167,0.10656181,0.61527011,0.16258561,0.64164642,0.10432247,0.91798113,0.1810058,0.12005742,0.021731089,0.61178938,0.18811883,0.12772982,0.024028385,0.57492234,0.15306424,0.28204962,0.043171711,0.63318313,0.16079197,0.34995909,0.056270612,0.57134404,0.15796384,0.32450279,0.051259707,0.67670246,0.17340114,0.29676557,0.051459489
0b_baseline_last,file,19,baseline,9402,160.Black_throated_Blue_Warbler/Black_Throated_Blue_Warbler_0108_161714.jpg,160,159,160.Black_throated_Blue_Warbler,164,163,gaussian_blur,gaussian_blur,0,"{""sigma"":1.836938}",0.0034498007,1.1971422,1.1936924,0.99655616,0.30205619,0.00075133413,0.50340521,0.99580483,-0.20134902,-1.1971538,0.3109328,243.97807,0.65278167,159.26441,False,0.74711001,False,True,False,0.3109328,243.97807,0.65278167,159.26441,0.30034153,245.04016,0.64164642,157.22914,0.6648958,211.39959,0.12005742,25.380088,-0.16955751,321.10254,0.12772982,41.014372,0.10865743,244.93784,0.28204962,69.084624,0.37628923,267.58675,0.34995909,93.644417,0.37396847,244.39159,0.32450279,79.30575,0.42335909,190.839,0.29676557,56.634446
0b_baseline_last,file,19,baseline,9402,160.Black_throated_Blue_Warbler/Black_Throated_Blue_Warbler_0108_161714.jpg,160,159,160.Black_throated_Blue_Warbler,164,163,random_erasing,random_erasing,0,"{""area_fraction"":0.086616,""erased"":true,""height"":0.497371,""left"":0.777019,""top"":0.401858,""width"":0.174147}",0.0034498007,0.0018308082,-0.0016189924,0.99655616,0.99817085,0.00075133413,0.00064078119,0.99580483,0.99753007,0.0017252428,0.90164274,0.54256132,0.65278167,0.35417408,False,0.99001539,True,True,True,0.90164274,0.54256132,0.65278167,0.35417408,0.89902733,0.54249525,0.64164642,0.34809013,0.97608661,0.54444513,0.12005742,0.065364676,0.92303046,0.59659123,0.12772982,0.076202493,0.91132383,0.52440588,0.28204962,0.14790848,0.8964747,0.56940948,0.34995909,0.19927002,0.88445534,0.53131395,0.32450279,0.17241286,0.90818094,0.52255063,0.29676557,0.15507504
0b_baseline_last,file,19,baseline,11244,191.Red_headed_Woodpecker/Red_Headed_Woodpecker_0022_183010.jpg,191,190,191.Red_headed_Woodpecker,83,82,identity,identity,0,{},0.0020858929,0.0020858929,0,0.99791628,0.99791628,0.0003308228,0.0003308228,0.99758546,0.99758546,0,1,1,0.3373777,0.3373777,False,1,True,True,True,1,1,0.3373777,0.3373777,1,1,0.33140517,0.33140517,1,1,0.063200659,0.063200659,1,1,0.066722422,0.066722422,1,1,0.10790833,0.10790833,1,1,0.15019868,0.15019868,1,1,0.17543853,0.17543853,1,1,0.20098502,0.20098502
0b_baseline_last,file,19,baseline,11244,191.Red_headed_Woodpecker/Red_Headed_Woodpecker_0022_183010.jpg,191,190,191.Red_headed_Woodpecker,83,82,horizontal_flip,horizontal_flip,0,"{""flipped"":true}",0.0020858929,0.0020203434,-6.554951e-05,0.99791628,0.99798167,0.0003308228,0.00020825247,0.99758546,0.99777342,0.00018795663,0.57888203,0.96864939,0.3373777,0.3268007,False,0.9636876,True,True,True,0.57888203,0.96864939,0.3373777,0.3268007,0.56549854,0.96921779,0.33140517,0.32120379,0.95326692,0.9528875,0.063200659,0.060223118,0.39746755,1.0983487,0.066722422,0.073284484,0.31686637,0.98332212,0.10790833,0.10610865,0.49596651,0.96073063,0.15019868,0.14430047,0.51946203,0.9849533,0.17543853,0.17279876,0.739033,0.94219875,0.20098502,0.18936783
0b_baseline_last,file,19,baseline,11244,191.Red_headed_Woodpecker/Red_Headed_Woodpecker_0022_183010.jpg,191,190,191.Red_headed_Woodpecker,83,82,color_jitter,color_jitter,0,"{""brightness"":0.927866,""contrast"":1.353297,""hue"":0.056768,""saturation"":1.23454}",0.0020858929,0.031071935,0.028986042,0.99791628,0.96940583,0.0003308228,0.0081108613,0.99758546,0.96129497,-0.03629049,0.72006323,11.878316,0.3373777,4.0074788,False,0.91922152,True,True,True,0.72006323,11.878316,0.3373777,4.0074788,0.71224272,11.76336,0.33140517,3.8984384,0.90931826,14.690897,0.063200659,0.92847437,0.64444909,12.536688,0.066722422,0.83647822,0.45934733,10.934486,0.10790833,1.1799221,0.6771589,11.137709,0.15019868,1.6728692,0.72904976,11.843385,0.17543853,2.077786,0.79249676,12.177492,0.20098502,2.4474933
0b_baseline_last,file,19,baseline,11244,191.Red_headed_Woodpecker/Red_Headed_Woodpecker_0022_183010.jpg,191,190,191.Red_headed_Woodpecker,83,82,rotation,rotation,0,"{""angle"":14.505536}",0.0020858929,0.0055812718,0.0034953789,0.99791628,0.9944343,0.0003308228,0.00066461432,0.99758546,0.99376968,-0.0038157756,0.73530402,2.8917059,0.3373777,0.97559708,False,0.9696067,True,True,True,0.73530402,2.8917059,0.3373777,0.97559708,0.72790424,2.9014492,0.33140517,0.96155527,0.96553203,2.609587,0.063200659,0.16492762,0.71306815,3.3627367,0.066722422,0.22436994,0.53031971,3.1360636,0.10790833,0.33840739,0.71703543,2.9559129,0.15019868,0.44397422,0.71406954,2.9996857,0.17543853,0.52626043,0.8208225,2.6592798,0.20098502,0.5344754
0b_baseline_last,file,19,baseline,11244,191.Red_headed_Woodpecker/Red_Headed_Woodpecker_0022_183010.jpg,191,190,191.Red_headed_Woodpecker,83,82,random_resized_crop,random_resized_crop,0,"{""area_fraction"":0.71796,""aspect"":1.018028,""fallback"":false,""height"":0.839789,""left"":0.114459,""top"":0.059998,""width"":0.854929}",0.0020858929,0.010495113,0.0084092203,0.99791628,0.98955977,0.0003308228,0.00097134948,0.99758546,0.98858842,-0.0089970383,0.68559751,5.5641035,0.3373777,1.8772044,False,0.97631067,True,True,True,0.68559751,5.5641035,0.3373777,1.8772044,0.67731876,5.5938645,0.33140517,1.8538356,0.96895733,4.6720947,0.063200659,0.29527946,0.72122947,7.3769917,0.066722422,0.49221076,0.36714446,6.6415646,0.10790833,0.71668017,0.62503962,6.075638,0.15019868,0.9125528,0.71115748,5.3805417,0.17543853,0.94395431,0.81683176,4.8673524,0.20098502,0.9782649
0b_baseline_last,file,19,baseline,11244,191.Red_headed_Woodpecker/Red_Headed_Woodpecker_0022_183010.jpg,191,190,191.Red_headed_Woodpecker,83,82,gaussian_blur,gaussian_blur,0,"{""sigma"":1.75277}",0.0020858929,0.019451581,0.017365688,0.99791628,0.98073637,0.0003308228,4.3798871e-05,0.99758546,0.98069258,-0.016892882,0.38279053,11.4384,0.3373777,3.8590612,False,0.87974274,True,True,True,0.38279053,11.4384,0.3373777,3.8590612,0.36996973,11.52054,0.33140517,3.8179666,0.85237303,8.8872423,0.063200659,0.56167957,0.48746143,24.002742,0.066722422,1.6015211,0.10004161,17.252132,0.10790833,1.8616488,0.24269088,12.157986,0.15019868,1.8261135,0.46023016,9.6779121,0.17543853,1.6978786,0.62690803,7.5927767,0.20098502,1.5260343
0b_baseline_last,file,19,baseline,11244,191.Red_headed_Woodpecker/Red_Headed_Woodpecker_0022_183010.jpg,191,190,191.Red_headed_Woodpecker,83,82,random_erasing,random_erasing,0,"{""area_fraction"":0.188488,""erased"":true,""height"":0.542711,""left"":0.437391,""top"":0.104569,""width"":0.347308}",0.0020858929,2.2622209,2.260135,0.99791628,0.104119,0.0003308228,0.0055142813,0.99758546,0.098604714,-0.89898074,0.30691158,344.97244,0.3373777,116.38601,False,0.74684185,False,True,False,0.30691158,344.97244,0.3373777,116.38601,0.28954737,342.74444,0.33140517,113.58728,0.7182587,401.41852,0.063200659,25.369915,0.38020808,316.75961,0.066722422,21.134969,0.071159751,475.59945,0.10790833,51.321145,0.28191684,387.33352,0.15019868,58.176983,0.29821764,321.72926,0.17543853,56.443707,0.39728629,283.69355,0.20098502,57.018152
0b_baseline_last,file,19,baseline,617,012.Yellow_headed_Blackbird/Yellow_Headed_Blackbird_0017_8511.jpg,12,11,012.Yellow_headed_Blackbird,96,95,identity,identity,0,{},0.66660947,0.66660947,0,0.51344651,0.51344651,0.046635013,0.046635013,0.4668115,0.4668115,0,1,1,62.014614,62.014614,False,1,True,True,True,1,1,62.014614,62.014614,1,1,60.836483,60.836483,1,1,12.030572,12.030572,1,1,11.001865,11.001865,1,1,24.235239,24.235239,1,1,29.358486,29.358486,1,1,31.057835,31.057835,1,1,34.149378,34.149378
0b_baseline_last,file,19,baseline,617,012.Yellow_headed_Blackbird/Yellow_Headed_Blackbird_0017_8511.jpg,12,11,012.Yellow_headed_Blackbird,96,95,horizontal_flip,horizontal_flip,0,"{""flipped"":true}",0.66660947,0.32645899,-0.34015048,0.51344651,0.72147393,0.046635013,0.028552296,0.4668115,0.69292164,0.22611014,0.48131017,0.69049896,62.014614,42.821027,False,0.92622685,True,True,True,0.48131017,0.69049896,62.014614,42.821027,0.46664982,0.69252763,60.836483,42.130945,0.89089962,0.63642987,12.030572,7.6566154,0.33762309,0.93593711,11.001865,10.297054,0.37812956,0.68131214,24.235239,16.511763,0.41286738,0.75234603,29.358486,22.08774,0.43464598,0.6629093,31.057835,20.588527,0.61303838,0.64462309,34.149378,22.013478
0b_baseline_last,file,19,baseline,617,012.Yellow_headed_Blackbird/Yellow_Headed_Blackbird_0017_8511.jpg,12,11,012.Yellow_headed_Blackbird,96,95,color_jitter,color_jitter,0,"{""brightness"":1.237863,""contrast"":1.326028,""hue"":-0.094601,""saturation"":0.8988}",0.66660947,6.4538498,5.7872403,0.51344651,0.001574449,0.046635013,0.0014216719,0.4668115,0.00015277707,-0.46665872,0.30556386,3.2998348,62.014614,204.63798,False,0.78018713,False,True,False,0.30556386,3.2998348,62.014614,204.63798,0.29648152,3.317931,60.836483,201.85126,0.5853225,2.7975985,12.030572,33.65671,0.13738348,5.0273409,11.001865,55.310129,0.33974547,3.179329,24.235239,77.051797,0.24120759,3.4892674,29.358486,102.43961,0.31945908,3.2509707,31.057835,100.96811,0.3329023,3.0795067,34.149378,105.16324
0b_baseline_last,file,19,baseline,617,012.Yellow_headed_Blackbird/Yellow_Headed_Blackbird_0017_8511.jpg,12,11,012.Yellow_headed_Blackbird,96,95,rotation,rotation,0,"{""angle"":2.508772}",0.66660947,0.52538574,-0.14122373,0.51344651,0.59132719,0.046635013,0.067608863,0.4668115,0.52371833,0.056906831,0.77115002,0.94211633,62.014614,58.42498,False,0.97082198,True,True,True,0.77115002,0.94211633,62.014614,58.42498,0.76399545,0.94378049,60.836483,57.416286,0.96421812,0.89851471,12.030572,10.809646,0.67523551,1.0546709,11.001865,11.603347,0.7451065,1.0322328,24.235239,25.016408,0.7148133,0.94570777,29.358486,27.764548,0.74898659,0.92275264,31.057835,28.658699,0.84003802,0.899702,34.149378,30.724264
0b_baseline_last,file,19,baseline,617,012.Yellow_headed_Blackbird/Yellow_Headed_Blackbird_0017_8511.jpg,12,11,012.Yellow_headed_Blackbird,96,95,random_resized_crop,random_resized_crop,0,"{""area_fraction"":0.679459,""aspect"":1.104992,""fallback"":false,""height"":0.784156,""left"":0.062756,""top"":0.185621,""width"":0.866485}",0.66660947,3.7870555,3.120446,0.51344651,0.022662232,0.046635013,0.032129593,0.4668115,-0.0094673615,-0.47627886,0.62505492,2.5431218,62.014614,157.71071,False,0.91392672,False,True,False,0.62505492,2.5431218,62.014614,157.71071,0.616488,2.5579233,60.836483,155.61506,0.898312,2.1299624,12.030572,25.624666,0.51599308,3.7502644,11.001865,41.259905,0.64798113,3.1074698,24.235239,75.310275,0.61091847,2.7570649,29.358486,80.943251,0.60759964,2.3514385,31.057835,73.030589,0.66113011,2.0616541,34.149378,70.404205
0b_baseline_last,file,19,baseline,617,012.Yellow_headed_Blackbird/Yellow_Headed_Blackbird_0017_8511.jpg,12,11,012.Yellow_headed_Blackbird,96,95,gaussian_blur,gaussian_blur,0,"{""sigma"":1.972415}",0.66660947,1.5639673,0.89735788,0.51344651,0.20930405,0.046635013,0.064275026,0.4668115,0.14502902,-0.32178247,0.54433471,2.6809148,62.014614,166.25589,False,0.86545455,True,True,True,0.54433471,2.6809148,62.014614,166.25589,0.53667439,2.7070627,60.836483,164.68818,0.85860871,1.893324,12.030572,22.777771,0.52448777,4.7614405,11.001865,52.384728,0.5616894,2.958042,24.235239,71.688856,0.48929153,3.1236056,29.358486,91.704329,0.53315827,2.5959635,31.057835,80.625004,0.64378614,1.9266124,34.149378,65.792617
0b_baseline_last,file,19,baseline,617,012.Yellow_headed_Blackbird/Yellow_Headed_Blackbird_0017_8511.jpg,12,11,012.Yellow_headed_Blackbird,96,95,random_erasing,random_erasing,0,"{""area_fraction"":0.182272,""erased"":true,""height"":0.335969,""left"":0.116338,""top"":0.407113,""width"":0.542528}",0.66660947,0.89580792,0.22919846,0.51344651,0.4082776,0.046635013,0.081956767,0.4668115,0.32632083,-0.14049066,0.61394456,1.1541042,62.014614,71.571329,False,0.90038955,True,True,True,0.61394456,1.1541042,62.014614,71.571329,0.60239239,1.1508756,60.836483,70.015222,0.89092314,1.233799,12.030572,14.843308,0.41972043,1.074135,11.001865,11.817489,0.59038653,1.1177303,24.235239,27.088461,0.55294012,1.1038044,29.358486,32.406025,0.58731849,1.2101744,31.057835,37.585396,0.67494172,1.1587683,34.149378,39.571216
0b_baseline_last,file,19,baseline,10429,178.Swainson_Warbler/Swainson_Warbler_0025_794881.jpg,178,177,178.Swainson_Warbler,181,180,identity,identity,0,{},3.1098349,3.1098349,0,0.044608314,0.044608314,0.42652839,0.42652839,-0.38192008,-0.38192008,0,1,1,145.12456,145.12456,False,1,True,False,False,1,1,145.12456,145.12456,1,1,141.64617,141.64617,1,1,31.583198,31.583198,1,1,34.795186,34.795186,1,1,63.910567,63.910567,1,1,80.378743,80.378743,1,1,63.897207,63.897207,1,1,64.99829,64.99829
0b_baseline_last,file,19,baseline,10429,178.Swainson_Warbler/Swainson_Warbler_0025_794881.jpg,178,177,178.Swainson_Warbler,181,180,horizontal_flip,horizontal_flip,0,"{""flipped"":true}",3.1098349,3.2827067,0.17287183,0.044608314,0.037526548,0.42652839,0.091739856,-0.38192008,-0.054213308,0.32770677,0.67049719,1.4267013,145.12456,207.04939,False,0.95042461,False,False,False,0.67049719,1.4267013,145.12456,207.04939,0.66382957,1.4417486,141.64617,204.21817,0.87653083,1.0804208,31.583198,34.123145,0.70928431,1.3586248,34.795186,47.273604,0.62336868,1.7773746,63.910567,113.59302,0.7185632,1.396312,80.378743,112.23381,0.63835202,1.3732824,63.897207,87.748909,0.67003637,1.218295,64.99829,79.187093
0b_baseline_last,file,19,baseline,10429,178.Swainson_Warbler/Swainson_Warbler_0025_794881.jpg,178,177,178.Swainson_Warbler,181,180,color_jitter,color_jitter,0,"{""brightness"":1.223365,""contrast"":0.836123,""hue"":-0.045924,""saturation"":1.163952}",3.1098349,3.0571046,-0.052730322,0.044608314,0.047023654,0.42652839,0.17567174,-0.38192008,-0.12864809,0.25327199,0.82173473,1.0599076,145.12456,153.81862,False,0.97231907,False,False,False,0.82173473,1.0599076,145.12456,153.81862,0.81671542,1.0645176,141.64617,150.78485,0.93738631,0.96250451,31.583198,30.398971,0.77912456,0.97999181,34.795186,34.098998,0.79169153,1.0999236,63.910567,70.296738,0.83813089,1.0846424,80.378743,87.182197,0.79799221,1.0716899,63.897207,68.477988,0.83992972,1.0137465,64.99829,65.891788
0b_baseline_last,file,19,baseline,10429,178.Swainson_Warbler/Swainson_Warbler_0025_794881.jpg,178,177,178.Swainson_Warbler,181,180,rotation,rotation,0,"{""angle"":10.982608}",3.1098349,4.233151,1.123316,0.044608314,0.014506613,0.42652839,0.40384889,-0.38192008,-0.38934227,-0.007422193,0.72751395,0.90255358,145.12456,130.98269,False,0.94837809,True,False,False,0.72751395,0.90255358,145.12456,130.98269,0.71552833,0.89723166,141.64617,127.08943,0.94736703,1.0036239,31.583198,31.697651,0.62239793,0.80768373,34.795186,28.103506,0.67977351,0.80927603,63.910567,51.72129,0.77285339,0.86468218,80.378743,69.502067,0.67148385,0.96444152,63.897207,61.625119,0.73981759,0.98013956,64.99829,63.707395
0b_baseline_last,file,19,baseline,10429,178.Swainson_Warbler/Swainson_Warbler_0025_794881.jpg,178,177,178.Swainson_Warbler,181,180,random_resized_crop,random_resized_crop,0,"{""area_fraction"":0.512389,""aspect"":0.775215,""fallback"":false,""height"":0.812997,""left"":0.213095,""top"":0.002451,""width"":0.630247}",3.1098349,3.1640873,0.054252386,0.044608314,0.042252686,0.42652839,0.056328468,-0.38192008,-0.014075782,0.3678443,0.54708382,0.68307361,145.12456,99.130755,False,0.88574493,False,False,False,0.54708382,0.68307361,145.12456,99.130755,0.53361755,0.6820085,141.64617,96.603895,0.80969052,0.70415506,31.583198,22.239469,0.49583765,0.47815646,34.795186,16.637543,0.54694358,0.5765883,63.910567,36.850085,0.59766502,0.66051818,80.378743,53.091621,0.47691624,0.73306391,63.897207,46.840737,0.51923704,0.79717584,64.99829,51.815066
0b_baseline_last,file,19,baseline,10429,178.Swainson_Warbler/Swainson_Warbler_0025_794881.jpg,178,177,178.Swainson_Warbler,181,180,gaussian_blur,gaussian_blur,0,"{""sigma"":1.974932}",3.1098349,4.7579288,1.6480939,0.044608314,0.0085833706,0.42652839,0.2565473,-0.38192008,-0.24796393,0.13395615,0.65042108,0.89102476,145.12456,129.30957,False,0.90111858,False,False,False,0.65042108,0.89102476,145.12456,129.30957,0.63849366,0.89067957,141.64617,126.16135,0.88840928,0.89793981,31.583198,28.359811,0.71768026,1.1431014,34.795186,39.774428,0.46850327,0.67974709,63.910567,43.443022,0.70636999,0.88785337,80.378743,71.364539,0.62513081,0.95830422,63.897207,61.232963,0.67089988,0.92374367,64.99829,60.041758
0b_baseline_last,file,19,baseline,10429,178.Swainson_Warbler/Swainson_Warbler_0025_794881.jpg,178,177,178.Swainson_Warbler,181,180,random_erasing,random_erasing,0,"{""area_fraction"":0.164736,""erased"":true,""height"":0.266116,""left"":0.010131,""top"":0.723755,""width"":0.619038}",3.1098349,3.1124167,0.0025818348,0.044608314,0.044493299,0.42652839,0.41213867,-0.38192008,-0.36764537,0.014274709,0.94525857,0.9869025,145.12456,143.22379,False,0.98883045,True,False,False,0.94525857,0.9869025,145.12456,143.22379,0.94310777,0.9860835,141.64617,139.67496,0.9879139,1.0032338,31.583198,31.685333,0.93341798,0.82932383,34.795186,28.856477,0.93993773,1.0085166,63.910567,64.454871,0.95989251,0.95251856,80.378743,76.562245,0.93164411,1.0022297,63.897207,64.039675,0.94110751,1.0388146,64.99829,67.521175
0b_baseline_last,file,19,baseline,7544,129.Song_Sparrow/Song_Sparrow_0007_121133.jpg,129,128,129.Song_Sparrow,125,124,identity,identity,0,{},0.08582332,0.08582332,0,0.91775638,0.91775638,0.049042717,0.049042717,0.86871366,0.86871366,0,1,1,14.636343,14.636343,False,1,True,True,True,1,1,14.636343,14.636343,1,1,14.323848,14.323848,1,1,3.008308,3.008308,1,1,2.6430023,2.6430023,1,1,6.4234225,6.4234225,1,1,8.1925571,8.1925571,1,1,7.2113589,7.2113589,1,1,6.1485857,6.1485857
0b_baseline_last,file,19,baseline,7544,129.Song_Sparrow/Song_Sparrow_0007_121133.jpg,129,128,129.Song_Sparrow,125,124,horizontal_flip,horizontal_flip,0,"{""flipped"":true}",0.08582332,0.022536941,-0.063286379,0.91775638,0.97771513,0.049042717,0.017714798,0.86871366,0.96000034,0.091286674,0.66729296,0.31407766,14.636343,4.5969483,False,0.94954121,True,True,True,0.66729296,0.31407766,14.636343,4.5969483,0.65594187,0.3138461,14.323848,4.4954838,0.92034854,0.31928216,3.008308,0.96049909,0.62469875,0.30789076,2.6430023,0.81375599,0.6592343,0.34405455,6.4234225,2.2100078,0.65634137,0.31693558,8.1925571,2.5965128,0.62276117,0.29127113,7.2113589,2.1004606,0.70680526,0.30467061,6.1485857,1.8732933
0b_baseline_last,file,19,baseline,7544,129.Song_Sparrow/Song_Sparrow_0007_121133.jpg,129,128,129.Song_Sparrow,125,124,color_jitter,color_jitter,0,"{""brightness"":0.73791,""contrast"":1.374197,""hue"":0.098769,""saturation"":0.64796}",0.08582332,1.2568518,1.1710285,0.91775638,0.28454846,0.049042717,0.35592681,0.86871366,-0.07137835,-0.94009201,0.70552845,6.5787695,14.636343,96.289126,False,0.88918018,False,True,False,0.70552845,6.5787695,14.636343,96.289126,0.69792578,6.5392267,14.323848,93.666888,0.86281054,7.4189129,3.008308,22.318375,0.647332,8.1005271,2.6430023,21.409712,0.54632383,6.6194635,6.4234225,42.519611,0.75073444,6.1659576,8.1925571,50.51496,0.72352974,6.3042734,7.2113589,45.462378,0.75839959,7.0679781,6.1485857,43.458069
0b_baseline_last,file,19,baseline,7544,129.Song_Sparrow/Song_Sparrow_0007_121133.jpg,129,128,129.Song_Sparrow,125,124,rotation,rotation,0,"{""angle"":-11.949574}",0.08582332,0.016358549,-0.069464771,0.91775638,0.98377454,0.049042717,0.0068735857,0.86871366,0.97690096,0.1081873,0.76783512,0.19579329,14.636343,2.8656978,False,0.95094007,True,True,True,0.76783512,0.19579329,14.636343,2.8656978,0.7615353,0.19672344,14.323848,2.8178366,0.93580446,0.17337177,3.008308,0.5215557,0.75037188,0.21072562,2.6430023,0.55694831,0.79958193,0.20953381,6.4234225,1.3459242,0.75662794,0.19618991,8.1925571,1.607297,0.73755,0.18853679,7.2113589,1.3596065,0.76316734,0.19151161,6.1485857,1.1775255
0b_baseline_last,file,19,baseline,7544,129.Song_Sparrow/Song_Sparrow_0007_121133.jpg,129,128,129.Song_Sparrow,125,124,random_resized_crop,random_resized_crop,0,"{""area_fraction"":0.652178,""aspect"":1.007823,""fallback"":false,""height"":0.804435,""left"":0.072411,""top"":0.021163,""width"":0.810728}",0.08582332,0.0034278226,-0.082395497,0.91775638,0.99657804,0.049042717,3.1456868e-05,0.86871366,0.99654658,0.12783292,0.40024595,0.045521391,14.636343,0.66626668,False,0.91961128,True,True,True,0.40024595,0.045521391,14.636343,0.66626668,0.38434071,0.045536252,14.323848,0.65225434,0.76366654,0.045183159,3.008308,0.13592486,0.49743138,0.043826107,2.6430023,0.1158325,0.27854683,0.048610197,6.4234225,0.31224383,0.32914904,0.047784618,8.1925571,0.39147821,0.42836395,0.041072079,7.2113589,0.2961855,0.54531637,0.044105265,6.1485857,0.271185
0b_baseline_last,file,19,baseline,7544,129.Song_Sparrow/Song_Sparrow_0007_121133.jpg,129,128,129.Song_Sparrow,125,124,gaussian_blur,gaussian_blur,0,"{""sigma"":1.266566}",0.08582332,0.38729396,0.30147064,0.91775638,0.67889148,0.049042717,0.11001564,0.86871366,0.56887584,-0.29983782,0.37022938,4.3262187,14.636343,63.32002,False,0.8315407,True,True,True,0.37022938,4.3262187,14.636343,63.32002,0.35630527,4.3503293,14.323848,62.313455,0.74171732,3.738104,3.008308,11.245368,0.44198237,4.2665545,2.6430023,11.276513,0.18171784,5.0695954,6.4234225,32.564153,0.33336514,4.4497731,8.1925571,36.45502,0.43459234,3.7489089,7.2113589,27.034727,0.53258827,4.1001096,6.1485857,25.209875
0b_baseline_last,file,19,baseline,7544,129.Song_Sparrow/Song_Sparrow_0007_121133.jpg,129,128,129.Song_Sparrow,125,124,random_erasing,random_erasing,0,"{""area_fraction"":0.096135,""erased"":true,""height"":0.333328,""left"":0.037072,""top"":0.100741,""width"":0.288411}",0.08582332,0.033682771,-0.052140549,0.91775638,0.96687818,0.049042717,0.017052764,0.86871366,0.94982541,0.08111175,0.93284908,0.38569925,14.636343,5.6452264,False,0.99151331,True,True,True,0.93284908,0.38569925,14.636343,5.6452264,0.93035299,0.3844738,14.323848,5.5071442,0.98779931,0.41250589,3.008308,1.2409448,0.9657831,0.37610857,2.6430023,0.99405584,0.9366108,0.38379349,6.4234225,2.4652678,0.91717818,0.38145332,8.1925571,3.1250781,0.9254938,0.38040902,7.2113589,2.743266,0.94708036,0.39742948,6.1485857,2.4436292
0b_baseline_last,file,19,baseline,6861,118.House_Sparrow/House_Sparrow_0006_111034.jpg,118,117,118.House_Sparrow,130,129,identity,identity,0,{},2.4965541,2.4965541,0,0.082368337,0.082368337,0.82002467,0.82002467,-0.73765633,-0.73765633,0,1,1,164.43622,164.43622,False,1,True,False,False,1,1,164.43622,164.43622,1,1,159.89423,159.89423,1,1,38.381071,38.381071,1,1,25.770389,25.770389,1,1,73.169154,73.169154,1,1,80.361174,80.361174,1,1,79.375523,79.375523,1,1,82.401055,82.401055
0b_baseline_last,file,19,baseline,6861,118.House_Sparrow/House_Sparrow_0006_111034.jpg,118,117,118.House_Sparrow,130,129,horizontal_flip,horizontal_flip,0,"{""flipped"":true}",2.4965541,2.4216816,-0.074872494,0.082368337,0.088772207,0.82002467,0.77647293,-0.73765633,-0.68770072,0.049955614,0.70594962,0.92396824,164.43622,151.93384,False,0.98333305,True,False,False,0.70594962,0.92396824,164.43622,151.93384,0.68908849,0.92078777,159.89423,147.22865,0.98278525,0.97751923,38.381071,37.518235,0.50425782,0.85604333,25.770389,22.060569,0.58248642,0.84441285,73.169154,61.784973,0.68177712,0.97872054,80.361174,78.651132,0.69114412,0.92935715,79.375523,73.768209,0.79191473,0.91979781,82.401055,75.79231
0b_baseline_last,file,19,baseline,6861,118.House_Sparrow/House_Sparrow_0006_111034.jpg,118,117,118.House_Sparrow,130,129,color_jitter,color_jitter,0,"{""brightness"":1.222253,""contrast"":0.849341,""hue"":0.046402,""saturation"":1.330313}",2.4965541,3.5538125,1.0572584,0.082368337,0.028615339,0.82002467,0.1450654,-0.73765633,-0.11645006,0.62120627,0.60767718,0.90639728,164.43622,149.04454,False,0.91288173,False,False,False,0.60767718,0.90639728,164.43622,149.04454,0.60349465,0.9094497,159.89423,145.41576,0.68643167,0.85168086,38.381071,32.688424,0.45677806,1.0101277,25.770389,26.031384,0.57933203,0.77488525,73.169154,56.697698,0.65546437,0.93638345,80.361174,75.248873,0.64401546,0.93704249,79.375523,74.378238,0.55446223,0.94464028,82.401055,77.839356
0b_baseline_last,file,19,baseline,6861,118.House_Sparrow/House_Sparrow_0006_111034.jpg,118,117,118.House_Sparrow,130,129,rotation,rotation,0,"{""angle"":-14.68755}",2.4965541,1.213173,-1.2833811,0.082368337,0.2972526,0.82002467,0.40084592,-0.73765633,-0.10359332,0.63406301,0.67043655,0.74420813,164.43622,122.37477,False,0.9584502,True,False,False,0.67043655,0.74420813,164.43622,122.37477,0.65844601,0.74981209,159.89423,119.89062,0.92271659,0.63917136,38.381071,24.532081,0.7496078,0.96491059,25.770389,24.866121,0.51462678,0.64802837,73.169154,47.415687,0.67407206,0.79935091,80.361174,64.236777,0.70269066,0.79209334,79.375523,62.872823,0.69853917,0.71052143,82.401055,58.547715
0b_baseline_last,file,19,baseline,6861,118.House_Sparrow/House_Sparrow_0006_111034.jpg,118,117,118.House_Sparrow,130,129,random_resized_crop,random_resized_crop,0,"{""area_fraction"":0.515204,""aspect"":1.141103,""fallback"":false,""height"":0.671935,""left"":0.187562,""top"":0.122732,""width"":0.766747}",2.4965541,3.2796361,0.78308201,0.082368337,0.037641954,0.82002467,0.66307706,-0.73765633,-0.6254351,0.11222123,0.67730434,1.088658,164.43622,179.01481,False,0.9151392,True,False,False,0.67730434,1.088658,164.43622,179.01481,0.66723754,1.098429,159.89423,175.63246,0.90250602,0.9023825,38.381071,34.634407,0.59498906,1.2878791,25.770389,33.189144,0.64867003,1.0633275,73.169154,77.802775,0.68857761,1.2351025,80.361174,99.254284,0.66067318,1.1094983,79.375523,88.067007,0.68851955,0.94664886,82.401055,78.004865
0b_baseline_last,file,19,baseline,6861,118.House_Sparrow/House_Sparrow_0006_111034.jpg,118,117,118.House_Sparrow,130,129,gaussian_blur,gaussian_blur,0,"{""sigma"":1.513366}",2.4965541,5.2459173,2.7493632,0.082368337,0.0052689868,0.82002467,0.89760518,-0.73765633,-0.89233619,-0.15467986,0.66022119,1.016215,164.43622,167.10255,False,0.92577386,True,False,False,0.66022119,1.016215,164.43622,167.10255,0.64596659,1.0195854,159.89423,163.02582,0.92542163,0.9558294,38.381071,36.685756,0.62711306,1.3288291,25.770389,34.244443,0.60318415,0.89764856,73.169154,65.680186,0.65479274,1.1394679,80.361174,91.568981,0.62913254,1.029615,79.375523,81.726231,0.70135776,0.94212903,82.401055,77.632427
0b_baseline_last,file,19,baseline,6861,118.House_Sparrow/House_Sparrow_0006_111034.jpg,118,117,118.House_Sparrow,130,129,random_erasing,random_erasing,0,"{""area_fraction"":0.182583,""erased"":true,""height"":0.239084,""left"":0.026037,""top"":0.284609,""width"":0.763679}",2.4965541,3.291708,0.79515386,0.082368337,0.037190277,0.82002467,0.038298555,-0.73765633,-0.0011082776,0.73654805,0.33664985,0.6793312,164.43622,111.70665,False,0.84660989,False,False,False,0.33664985,0.6793312,164.43622,111.70665,0.31880824,0.6793386,159.89423,108.62232,0.64635788,0.6792028,38.381071,26.068531,0.1718556,0.64090854,25.770389,16.516462,0.37781409,0.66838038,73.169154,48.904827,0.22219161,0.70506299,80.361174,56.659689,0.32523782,0.64832844,79.375523,51.461409,0.37568452,0.69457902,82.401055,57.234044
0b_baseline_last,file,19,baseline,9382,160.Black_throated_Blue_Warbler/Black_Throated_Blue_Warbler_0060_161644.jpg,160,159,160.Black_throated_Blue_Warbler,57,56,identity,identity,0,{},0.0065078707,0.0065078707,0,0.99351329,0.99351329,0.0020218024,0.0020218024,0.99149148,0.99149148,0,1,1,1.1342859,1.1342859,False,1,True,True,True,1,1,1.1342859,1.1342859,1,1,1.1159939,1.1159939,1,1,0.20288448,0.20288448,1,1,0.35694112,0.35694112,1,1,0.48862485,0.48862485,1,1,0.57474549,0.57474549,1,1,0.52083402,0.52083402,1,1,0.5269542,0.5269542
0b_baseline_last,file,19,baseline,9382,160.Black_throated_Blue_Warbler/Black_Throated_Blue_Warbler_0060_161644.jpg,160,159,160.Black_throated_Blue_Warbler,57,56,horizontal_flip,horizontal_flip,0,"{""flipped"":true}",0.0065078707,0.0011942405,-0.0053136302,0.99351329,0.99880648,0.0020218024,0.00043757199,0.99149148,0.9983689,0.0068774208,0.70789941,0.15499383,1.1342859,0.17580731,False,0.97861558,True,True,True,0.70789941,0.15499383,1.1342859,0.17580731,0.69750291,0.15283183,1.1159939,0.17055939,0.9712646,0.2101421,0.20288448,0.042634571,0.81980893,0.15796769,0.35694112,0.056385163,0.63413144,0.12479377,0.48862485,0.060977336,0.6975188,0.13644687,0.57474549,0.078422226,0.62959038,0.16108666,0.52083402,0.083899412,0.76838284,0.18006972,0.5269542,0.094888495
0b_baseline_last,file,19,baseline,9382,160.Black_throated_Blue_Warbler/Black_Throated_Blue_Warbler_0060_161644.jpg,160,159,160.Black_throated_Blue_Warbler,57,56,color_jitter,color_jitter,0,"{""brightness"":0.742525,""contrast"":1.064009,""hue"":-0.001621,""saturation"":0.805106}",0.0065078707,0.011988727,0.0054808566,0.99351329,0.98808283,0.0020218024,0.0031780354,0.99149148,0.98490479,-0.006586693,0.85157668,1.833469,1.1342859,2.079678,False,0.98586029,True,True,True,0.85157668,1.833469,1.1342859,2.079678,0.84735668,1.8339181,1.1159939,2.0466415,0.98027455,1.8198269,0.20288448,0.36921462,0.78571019,1.8223643,0.35694112,0.65047677,0.79867296,1.9640004,0.48862485,0.95965937,0.82694861,1.7463292,0.57474549,1.0036948,0.88149606,1.8400108,0.52083402,0.95834024,0.91350587,1.8190759,0.5269542,0.95856968
0b_baseline_last,file,19,baseline,9382,160.Black_throated_Blue_Warbler/Black_Throated_Blue_Warbler_0060_161644.jpg,160,159,160.Black_throated_Blue_Warbler,57,56,rotation,rotation,0,"{""angle"":-13.907652}",0.0065078707,0.035264626,0.028756755,0.99351329,0.96534991,0.0020218024,0.025657322,0.99149148,0.93969259,-0.051798893,0.70008108,6.3492683,1.1342859,7.2018855,False,0.95893526,True,True,True,0.70008108,6.3492683,1.1342859,7.2018855,0.69335885,6.3449714,1.1159939,7.0809494,0.89944639,6.477932,0.20288448,1.3142719,0.8442153,6.9559529,0.35694112,2.4828656,0.73768784,6.8773748,0.48862485,3.3604562,0.6435535,6.0691548,0.57474549,3.4882193,0.6329463,6.4293646,0.52083402,3.3486318,0.7003404,5.7876829,0.5269542,3.0498438
0b_baseline_last,file,19,baseline,9382,160.Black_throated_Blue_Warbler/Black_Throated_Blue_Warbler_0060_161644.jpg,160,159,160.Black_throated_Blue_Warbler,57,56,random_resized_crop,random_resized_crop,0,"{""area_fraction"":0.806718,""aspect"":0.855393,""fallback"":false,""height"":0.971132,""left"":0.127585,""top"":0.014316,""width"":0.830699}",0.0065078707,0.012258427,0.0057505565,0.99351329,0.98781639,0.0020218024,0.0063258088,0.99149148,0.98149058,-0.010000899,0.77367546,1.9219947,1.1342859,2.1800915,False,0.97694641,True,True,True,0.77367546,1.9219947,1.1342859,2.1800915,0.7670918,1.9157071,1.1159939,2.1379174,0.95836667,2.1033701,0.20288448,0.42674114,0.85234623,2.1181885,0.35694112,0.75606858,0.68510664,1.8647113,0.48862485,0.9111443,0.74540618,1.7699226,0.57474549,1.017255,0.76075535,1.9689932,0.52083402,1.0255187,0.82633131,1.9743093,0.5269542,1.0403706
0b_baseline_last,file,19,baseline,9382,160.Black_throated_Blue_Warbler/Black_Throated_Blue_Warbler_0060_161644.jpg,160,159,160.Black_throated_Blue_Warbler,57,56,gaussian_blur,gaussian_blur,0,"{""sigma"":1.865611}",0.0065078707,1.0648817,1.0583738,0.99351329,0.34476864,0.0020218024,0.021139234,0.99149148,0.32362941,-0.66786207,0.40947591,143.50816,1.1342859,162.77929,False,0.79158461,True,True,True,0.40947591,143.50816,1.1342859,162.77929,0.4028371,144.71267,1.1159939,161.49846,0.72580826,100.45132,0.20288448,20.380015,0.6219687,153.57587,0.35694112,54.817542,0.17467075,130.82496,0.48862485,63.924325,0.3962975,169.60576,0.57474549,97.480145,0.44131017,153.03999,0.52083402,79.708434,0.48992019,106.24831,0.5269542,55.987995
0b_baseline_last,file,19,baseline,9382,160.Black_throated_Blue_Warbler/Black_Throated_Blue_Warbler_0060_161644.jpg,160,159,160.Black_throated_Blue_Warbler,57,56,random_erasing,random_erasing,0,"{""area_fraction"":0.069281,""erased"":true,""height"":0.243293,""left"":0.303273,""top"":0.286732,""width"":0.284763}",0.0065078707,2.4572134,2.4507055,0.99351329,0.085673355,0.0020218024,0.0028536287,0.99149148,0.082819726,-0.90867176,0.44688153,113.68695,1.1342859,128.95351,False,0.75144333,False,True,False,0.44688153,113.68695,1.1342859,128.95351,0.44037553,113.54163,1.1159939,126.71177,0.63661782,117.99923,0.20288448,23.940212,0.65599836,78.95561,0.35694112,28.182504,0.28621935,100.34322,0.48862485,49.03019,0.52237437,124.80908,0.57474549,71.733454,0.44320946,119.76556,0.52083402,62.377979,0.395458,117.30414,0.5269542,61.813908
0b_baseline_last,file,19,baseline,1415,026.Bronzed_Cowbird/Bronzed_Cowbird_0052_796216.jpg,26,25,026.Bronzed_Cowbird,49,48,identity,identity,0,{},1.8809519,1.8809519,0,0.15244493,0.15244493,0.2311462,0.2311462,-0.078701273,-0.078701273,0,1,1,119.27721,119.27721,False,1,True,False,False,1,1,119.27721,119.27721,1,1,116.14395,116.14395,1,1,27.159451,27.159451,1,1,28.787107,28.787107,1,1,58.035413,58.035413,1,1,59.206201,59.206201,1,1,55.116441,55.116441,1,1,52.434866,52.434866
0b_baseline_last,file,19,baseline,1415,026.Bronzed_Cowbird/Bronzed_Cowbird_0052_796216.jpg,26,25,026.Bronzed_Cowbird,49,48,horizontal_flip,horizontal_flip,0,"{""flipped"":true}",1.8809519,1.6358613,-0.2450906,0.15244493,0.19478455,0.2311462,0.07100983,-0.078701273,0.12377472,0.20247599,0.56622001,1.0452353,119.27721,124.67276,False,0.97385776,False,False,False,0.56622001,1.0452353,119.27721,124.67276,0.54756165,1.0489828,116.14395,121.83302,0.93511418,0.97416409,27.159451,26.457761,0.27635876,1.2918941,28.787107,37.189895,0.59058542,1.2326814,58.035413,71.539172,0.49851663,0.93840405,59.206201,55.559339,0.51447274,0.91757788,55.116441,50.573626,0.70729702,0.99057086,52.434866,51.940451
0b_baseline_last,file,19,baseline,1415,026.Bronzed_Cowbird/Bronzed_Cowbird_0052_796216.jpg,26,25,026.Bronzed_Cowbird,49,48,color_jitter,color_jitter,0,"{""brightness"":0.871978,""contrast"":1.01534,""hue"":0.053105,""saturation"":0.844938}",1.8809519,4.5887394,2.7077875,0.15244493,0.010165663,0.2311462,0.27678844,-0.078701273,-0.26662278,-0.18792151,0.75821895,1.19411,119.27721,142.43011,False,0.93498874,True,False,False,0.75821895,1.19411,119.27721,142.43011,0.75010683,1.1946769,116.14395,138.7545,0.9079756,1.183694,27.159451,32.148478,0.82514601,1.562249,28.787107,44.972629,0.81663121,1.2783046,58.035413,74.186938,0.72384917,1.147907,59.206201,67.963216,0.69500408,1.1183763,55.116441,61.640924,0.73951463,1.0968839,52.434866,57.514958
0b_baseline_last,file,19,baseline,1415,026.Bronzed_Cowbird/Bronzed_Cowbird_0052_796216.jpg,26,25,026.Bronzed_Cowbird,49,48,rotation,rotation,0,"{""angle"":4.136004}",1.8809519,1.7470707,-0.13388121,0.15244493,0.17428373,0.2311462,0.049420606,-0.078701273,0.12486312,0.20356439,0.67248834,1.2451086,119.27721,148.51309,False,0.96316969,False,False,False,0.67248834,1.2451086,119.27721,148.51309,0.66413268,1.2580287,116.14395,146.11243,0.88913817,0.9792174,27.159451,26.595007,0.73306633,1.7485488,28.787107,50.335663,0.59107971,1.2342993,58.035413,71.633071,0.61541305,1.1877239,59.206201,70.320623,0.70506889,1.2773904,55.116441,70.405213,0.7606007,1.1728423,52.434866,61.497828
0b_baseline_last,file,19,baseline,1415,026.Bronzed_Cowbird/Bronzed_Cowbird_0052_796216.jpg,26,25,026.Bronzed_Cowbird,49,48,random_resized_crop,random_resized_crop,0,"{""area_fraction"":0.540552,""aspect"":0.838546,""fallback"":false,""height"":0.802889,""left"":0.20602,""top"":0.134134,""width"":0.673259}",1.8809519,0.095005631,-1.7859462,0.15244493,0.9093678,0.2311462,0.011384847,-0.078701273,0.89798295,0.97668423,0.56474189,0.15017443,119.27721,17.912387,False,0.9111746,False,False,True,0.56474189,0.15017443,119.27721,17.912387,0.55416761,0.15198063,116.14395,17.651631,0.85213402,0.11212483,27.159451,3.0452488,0.59104851,0.17999681,28.787107,5.1815876,0.55741946,0.15368944,58.035413,8.9194302,0.46668746,0.15313703,59.206201,9.0666616,0.58094237,0.15459911,55.116441,8.5209528,0.634352,0.1353443,52.434866,7.0967603
0b_baseline_last,file,19,baseline,1415,026.Bronzed_Cowbird/Bronzed_Cowbird_0052_796216.jpg,26,25,026.Bronzed_Cowbird,49,48,gaussian_blur,gaussian_blur,0,"{""sigma"":1.694529}",1.8809519,5.6773238,3.7963719,0.15244493,0.0034227059,0.2311462,0.019473553,-0.078701273,-0.016050847,0.062650426,0.41444492,1.8143339,119.27721,216.40869,False,0.81400907,False,False,False,0.41444492,1.8143339,119.27721,216.40869,0.40648302,1.8436659,116.14395,214.13064,0.69211097,1.1530996,27.159451,31.317553,0.47308155,2.7422609,28.787107,78.941759,0.42010458,1.8395476,58.035413,106.75891,0.34578492,1.8458705,59.206201,109.28698,0.42034328,1.7763299,55.116441,97.904984,0.44887014,1.5603102,52.434866,81.814656
0b_baseline_last,file,19,baseline,1415,026.Bronzed_Cowbird/Bronzed_Cowbird_0052_796216.jpg,26,25,026.Bronzed_Cowbird,49,48,random_erasing,random_erasing,0,"{""area_fraction"":0.131674,""erased"":true,""height"":0.471381,""left"":0.363886,""top"":0.395953,""width"":0.279336}",1.8809519,7.2337208,5.3527689,0.15244493,0.00072183,0.2311462,0.0010952939,-0.078701273,-0.0003734639,0.078327809,0.64816994,1.3795693,119.27721,164.55118,False,0.76102203,False,False,False,0.64816994,1.3795693,119.27721,164.55118,0.64732124,1.390164,116.14395,161.45915,0.67594881,1.1690061,27.159451,31.749564,0.60645311,1.2743185,28.787107,36.683944,0.79964455,1.3106243,58.035413,76.062626,0.67203093,1.4334377,59.206201,84.8684,0.61280935,1.3882507,55.116441,76.515437,0.49923904,1.4624779,52.434866,76.684832
0b_baseline_last,file,19,baseline,1897,034.Gray_crowned_Rosy_Finch/Gray_Crowned_Rosy_Finch_0006_797284.jpg,34,33,034.Gray_crowned_Rosy_Finch,35,34,identity,identity,0,{},0.025724584,0.025724584,0,0.97460347,0.97460347,0.0080691278,0.0080691278,0.96653435,0.96653435,0,1,1,5.0034675,5.0034675,False,0.99999994,True,True,True,1,1,5.0034675,5.0034675,1,1,4.9246441,4.9246441,1,1,0.88462861,0.88462861,1,1,0.78855278,0.78855278,1,1,2.5023825,2.5023825,1,1,2.619342,2.619342,1,1,2.2821499,2.2821499,1,1,2.3020045,2.3020045
0b_baseline_last,file,19,baseline,1897,034.Gray_crowned_Rosy_Finch/Gray_Crowned_Rosy_Finch_0006_797284.jpg,34,33,034.Gray_crowned_Rosy_Finch,35,34,horizontal_flip,horizontal_flip,0,"{""flipped"":true}",0.025724584,0.012973545,-0.012751039,0.97460347,0.98711026,0.0080691278,0.0037005197,0.96653435,0.98340974,0.016875391,0.64577608,0.5046457,5.0034675,2.5249783,False,0.96314543,True,True,True,0.64577608,0.5046457,5.0034675,2.5249783,0.63565815,0.5047252,4.9246441,2.4855919,0.96093534,0.50217572,0.88462861,0.444239,0.54603259,0.53688769,0.78855278,0.42336428,0.70049471,0.45593849,2.5023825,1.1409325,0.5900224,0.53453203,2.619342,1.4001222,0.58220623,0.52825151,2.2821499,1.2055492,0.7028383,0.49214584,2.3020045,1.1329219
0b_baseline_last,file,19,baseline,1897,034.Gray_crowned_Rosy_Finch/Gray_Crowned_Rosy_Finch_0006_797284.jpg,34,33,034.Gray_crowned_Rosy_Finch,35,34,color_jitter,color_jitter,0,"{""brightness"":1.249358,""contrast"":1.123096,""hue"":-0.05926,""saturation"":1.31431}",0.025724584,3.7919352,3.7662106,0.97460347,0.022551917,0.0080691278,0.49055463,0.96653435,-0.46800271,-1.4345371,0.59372782,32.300491,5.0034675,161.61446,False,0.87087727,False,True,False,0.59372782,32.300491,5.0034675,161.61446,0.58513909,32.208574,4.9246441,158.61576,0.84048357,35.029679,0.88462861,30.988256,0.37956911,31.267817,0.78855278,24.656324,0.49804933,26.654917,2.5023825,66.700798,0.629636,32.603592,2.619342,85.399958,0.5976974,33.309228,2.2821499,76.016653,0.63219446,36.423542,2.3020045,83.847157
0b_baseline_last,file,19,baseline,1897,034.Gray_crowned_Rosy_Finch/Gray_Crowned_Rosy_Finch_0006_797284.jpg,34,33,034.Gray_crowned_Rosy_Finch,35,34,rotation,rotation,0,"{""angle"":3.267078}",0.025724584,0.069486499,0.043761915,0.97460347,0.93287271,0.0080691278,0.031346433,0.96653435,0.90152628,-0.065008067,0.82001651,2.9956463,5.0034675,14.988619,False,0.97050673,True,True,True,0.82001651,2.9956463,5.0034675,14.988619,0.81615066,2.9999347,4.9246441,14.773611,0.9466158,2.8595589,0.88462861,2.5296476,0.77020604,3.5134178,0.78855278,2.7705153,0.84219738,2.9248247,2.5023825,7.31903,0.80109613,3.0402963,2.619342,7.9635757,0.78912692,3.1150807,2.2821499,7.1090813,0.84461111,2.8504997,2.3020045,6.561863
0b_baseline_last,file,19,baseline,1897,034.Gray_crowned_Rosy_Finch/Gray_Crowned_Rosy_Finch_0006_797284.jpg,34,33,034.Gray_crowned_Rosy_Finch,35,34,random_resized_crop,random_resized_crop,0,"{""area_fraction"":0.637421,""aspect"":0.950917,""fallback"":false,""height"":0.818732,""left"":0.073358,""top"":0.140191,""width"":0.778547}",0.025724584,2.8394315,2.8137069,0.97460347,0.058458891,0.0080691278,0.59584016,0.96653435,-0.53738127,-1.5039156,0.46445443,36.237724,5.0034675,181.31427,False,0.8497656,False,True,False,0.46445443,36.237724,5.0034675,181.31427,0.45226468,36.10544,4.9246441,177.80644,0.80690156,40.121655,0.88462861,35.492763,0.31201979,32.759203,0.78855278,25.83236,0.1729462,30.835672,2.5023825,77.162646,0.542899,40.451442,2.619342,105.95616,0.53040126,35.942517,2.2821499,82.026213,0.5504283,36.445272,2.3020045,83.89718
0b_baseline_last,file,19,baseline,1897,034.Gray_crowned_Rosy_Finch/Gray_Crowned_Rosy_Finch_0006_797284.jpg,34,33,034.Gray_crowned_Rosy_Finch,35,34,gaussian_blur,gaussian_blur,0,"{""sigma"":1.990788}",0.025724584,1.1058811,1.0801565,0.97460347,0.33091918,0.0080691278,0.019025529,0.96653435,0.31189365,-0.6546407,0.41835128,35.079497,5.0034675,175.51912,False,0.80100679,True,True,True,0.41835128,35.079497,5.0034675,175.51912,0.41193929,35.308978,4.9246441,173.88415,0.69273845,27.018301,0.88462861,23.901162,0.10391496,43.498366,0.78855278,34.300758,0.35310621,33.74383,2.5023825,84.439968,0.46475234,41.961161,2.619342,109.91063,0.41777908,33.744345,2.2821499,77.009655,0.47264213,27.191796,2.3020045,62.595636
0b_baseline_last,file,19,baseline,1897,034.Gray_crowned_Rosy_Finch/Gray_Crowned_Rosy_Finch_0006_797284.jpg,34,33,034.Gray_crowned_Rosy_Finch,35,34,random_erasing,random_erasing,0,"{""area_fraction"":0.065573,""erased"":true,""height"":0.200776,""left"":0.598716,""top"":0.607293,""width"":0.326596}",0.025724584,0.045073427,0.019348843,0.97460347,0.95592731,0.0080691278,0.0030364778,0.96653435,0.95289083,-0.013643512,0.89995011,1.5751008,5.0034675,7.8809657,False,0.97871476,True,True,True,0.89995011,1.5751008,5.0034675,7.8809657,0.89857612,1.5711475,4.9246441,7.7373423,0.94189394,1.6930454,0.88462861,1.4977164,0.90539822,1.5916568,0.78855278,1.2551054,0.9238309,1.672467,2.5023825,4.1851522,0.8958194,1.5288976,2.619342,4.0047058,0.87854875,1.5433262,2.2821499,3.5221018,0.89176266,1.5255443,2.3020045,3.5118098
0b_baseline_last,file,19,baseline,8323,142.Black_Tern/Black_Tern_0069_144359.jpg,142,141,142.Black_Tern,27,26,identity,identity,0,{},0.15556902,0.15556902,0,0.855928,0.855928,0.047666859,0.047666859,0.80826114,0.80826114,0,1,1,21.689174,21.689174,False,1,True,True,True,1,1,21.689174,21.689174,1,1,21.250127,21.250127,1,1,4.3419295,4.3419295,1,1,3.8300549,3.8300549,1,1,10.060749,10.060749,1,1,11.913756,11.913756,1,1,9.7220928,9.7220928,1,1,9.9610862,9.9610862
0b_baseline_last,file,19,baseline,8323,142.Black_Tern/Black_Tern_0069_144359.jpg,142,141,142.Black_Tern,27,26,horizontal_flip,horizontal_flip,0,"{""flipped"":true}",0.15556902,0.079229221,-0.076339796,0.855928,0.92382812,0.047666859,0.036246791,0.80826114,0.88758133,0.079320189,0.73281982,0.61686356,21.689174,13.379261,False,0.9729768,True,True,True,0.73281982,0.61686356,21.689174,13.379261,0.72339017,0.61710447,21.250127,13.113548,0.96095343,0.61106481,4.3419295,2.6532003,0.65569458,0.70784385,3.8300549,2.7110808,0.7815578,0.63441869,10.060749,6.382727,0.750176,0.60496979,11.913756,7.2074626,0.62425512,0.63314552,9.7220928,6.1554995,0.7366869,0.58570265,9.9610862,5.8342346
0b_baseline_last,file,19,baseline,8323,142.Black_Tern/Black_Tern_0069_144359.jpg,142,141,142.Black_Tern,27,26,color_jitter,color_jitter,0,"{""brightness"":0.803408,""contrast"":1.200296,""hue"":0.078943,""saturation"":1.262644}",0.15556902,0.32983232,0.1742633,0.855928,0.71904427,0.047666859,0.19968608,0.80826114,0.51935819,-0.28890296,0.76776058,2.1764673,21.689174,47.205776,False,0.97097242,True,True,True,0.76776058,2.1764673,21.689174,47.205776,0.76122869,2.1733723,21.250127,46.184438,0.91936908,2.2493275,4.3419295,9.7664216,0.59205471,2.1640673,3.8300549,8.2884966,0.73903804,2.1301956,10.060749,21.431363,0.78492916,2.0786837,11.913756,24.76493,0.74917161,2.3382607,9.7220928,22.732788,0.79134223,2.1877758,9.9610862,21.792623
0b_baseline_last,file,19,baseline,8323,142.Black_Tern/Black_Tern_0069_144359.jpg,142,141,142.Black_Tern,27,26,rotation,rotation,0,"{""angle"":-6.889023}",0.15556902,0.25904396,0.10347494,0.855928,0.77178907,0.047666859,0.018543068,0.80826114,0.75324601,-0.055015139,0.72075546,1.7571075,21.689174,38.11021,False,0.9407047,True,True,True,0.72075546,1.7571075,21.689174,38.11021,0.71458032,1.7663507,21.250127,37.535177,0.90068687,1.5189895,4.3419295,6.5953452,0.65018466,1.7936647,3.8300549,6.8698342,0.69196355,1.4529111,10.060749,14.617373,0.74272278,1.8385134,11.913756,21.9036,0.67572885,1.885178,9.7220928,18.327875,0.75375641,1.8301648,9.9610862,18.23043
0b_baseline_last,file,19,baseline,8323,142.Black_Tern/Black_Tern_0069_144359.jpg,142,141,142.Black_Tern,27,26,random_resized_crop,random_resized_crop,0,"{""area_fraction"":0.508045,""aspect"":0.918262,""fallback"":false,""height"":0.74382,""left"":0.267907,""top"":0.160293,""width"":0.683021}",0.15556902,0.20654547,0.050976455,0.855928,0.81338924,0.047666859,0.0083889049,0.80826114,0.80500034,-0.0032608081,0.53066343,1.3774083,21.689174,29.874847,False,0.91979921,True,True,True,0.53066343,1.3774083,21.689174,29.874847,0.51793338,1.3785946,21.250127,29.29531,0.84247022,1.3486816,4.3419295,5.8558805,0.17499313,1.5760524,3.8300549,6.0363671,0.38345726,1.4149414,10.060749,14.23537,0.62717265,1.4221282,11.913756,16.942889,0.47939945,1.3436579,9.7220928,13.063167,0.60038197,1.2754904,9.9610862,12.705269
0b_baseline_last,file,19,baseline,8323,142.Black_Tern/Black_Tern_0069_144359.jpg,142,141,142.Black_Tern,27,26,gaussian_blur,gaussian_blur,0,"{""sigma"":1.713942}",0.15556902,1.3268789,1.1713099,0.855928,0.26530403,0.047666859,0.0043501281,0.80826114,0.2609539,-0.54730724,0.54580353,6.224119,21.689174,134.996,False,0.85600626,True,True,True,0.54580353,6.224119,21.689174,134.996,0.53872373,6.2672517,21.250127,133.17989,0.76652821,5.0827333,4.3419295,22.06887,0.50219289,6.748204,3.8300549,25.845992,0.53956696,6.6253183,10.060749,66.655662,0.60130802,6.56159,11.913756,78.173183,0.42872377,6.0506416,9.7220928,58.824899,0.55924919,5.5483224,9.9610862,55.267318
0b_baseline_last,file,19,baseline,8323,142.Black_Tern/Black_Tern_0069_144359.jpg,142,141,142.Black_Tern,27,26,random_erasing,random_erasing,0,"{""area_fraction"":0.1585,""erased"":true,""height"":0.294121,""left"":0.347322,""top"":0.0623,""width"":0.538893}",0.15556902,0.26757994,0.11201093,0.855928,0.76522917,0.047666859,0.0048829806,0.80826114,0.76034618,-0.04791496,0.72491703,1.7099895,21.689174,37.08826,False,0.89631677,True,True,True,0.72491703,1.7099895,21.689174,37.08826,0.72077629,1.7187186,21.250127,36.522988,0.84709964,1.4856556,4.3419295,6.4506117,0.67392685,1.4967594,3.8300549,5.7326706,0.75722679,1.4500194,10.060749,14.588281,0.75066207,1.7027875,11.913756,20.286595,0.67570587,1.9053881,9.7220928,18.52436,0.71653687,1.833468,9.9610862,18.263333
0b_baseline_last,file,19,baseline,4275,074.Florida_Jay/Florida_Jay_0029_65114.jpg,74,73,074.Florida_Jay,79,78,identity,identity,0,{},1.0898569,1.0898569,0,0.33626464,0.33626464,0.076165766,0.076165766,0.26009887,0.26009887,0,1,1,122.05376,122.05376,False,1,True,True,True,1,1,122.05376,122.05376,1,1,120.61845,120.61845,1,1,18.663012,18.663012,1,1,27.61999,27.61999,1,1,53.590535,53.590535,1,1,63.386042,63.386042,1,1,61.204118,61.204118,1,1,56.127248,56.127248
0b_baseline_last,file,19,baseline,4275,074.Florida_Jay/Florida_Jay_0029_65114.jpg,74,73,074.Florida_Jay,79,78,horizontal_flip,horizontal_flip,0,"{""flipped"":true}",1.0898569,0.46055734,-0.62929952,0.33626464,0.63093191,0.076165766,0.036735605,0.26009887,0.59419631,0.33409743,0.59138926,0.56484316,122.05376,68.94123,False,0.953767,True,True,True,0.59138926,0.56484316,122.05376,68.94123,0.58303467,0.56485721,120.61845,68.132203,0.94073239,0.56425614,18.663012,10.530719,0.47195697,0.59428203,27.61999,16.414063,0.58715128,0.60403381,53.590535,32.370495,0.52031099,0.55431056,63.386042,35.135552,0.57043291,0.55849464,61.204118,34.182172,0.70810322,0.54093406,56.127248,30.361141
0b_baseline_last,file,19,baseline,4275,074.Florida_Jay/Florida_Jay_0029_65114.jpg,74,73,074.Florida_Jay,79,78,color_jitter,color_jitter,0,"{""brightness"":0.871275,""contrast"":0.644102,""hue"":0.031096,""saturation"":0.639211}",1.0898569,2.6821737,1.5923169,0.33626464,0.068414278,0.076165766,0.0098261852,0.26009887,0.058588093,-0.20151078,0.47025615,1.5069737,122.05376,183.9318,False,0.89119738,False,True,False,0.47025615,1.5069737,122.05376,183.9318,0.46155548,1.5012903,120.61845,181.08331,0.79057134,1.7277506,18.663012,32.24503,0.23835308,1.0432489,27.61999,28.814523,0.49706135,1.5669982,53.590535,83.976272,0.3966735,1.5236184,63.386042,96.576136,0.44258592,1.4427066,61.204118,88.299585,0.57236522,1.5720219,56.127248,88.233264
0b_baseline_last,file,19,baseline,4275,074.Florida_Jay/Florida_Jay_0029_65114.jpg,74,73,074.Florida_Jay,79,78,rotation,rotation,0,"{""angle"":10.539079}",1.0898569,1.2090737,0.1192168,0.33626464,0.29847363,0.076165766,0.09599784,0.26009887,0.20247579,-0.057623088,0.70089171,1.0904256,122.05376,133.09054,False,0.94402665,True,True,True,0.70089171,1.0904256,122.05376,133.09054,0.69599044,1.0911877,120.61845,131.61738,0.9123434,1.0581033,18.663012,19.747395,0.65997591,1.394384,27.61999,38.512872,0.73937449,1.20425,53.590535,64.536402,0.67363136,1.1280147,63.386042,71.500386,0.66137902,0.97064246,61.204118,59.407316,0.75446164,0.98127752,56.127248,55.076407
0b_baseline_last,file,19,baseline,4275,074.Florida_Jay/Florida_Jay_0029_65114.jpg,74,73,074.Florida_Jay,79,78,random_resized_crop,random_resized_crop,0,"{""area_fraction"":0.722378,""aspect"":0.785988,""fallback"":false,""height"":0.958681,""left"":0.018867,""top"":0.020301,""width"":0.753513}",1.0898569,1.6970142,0.60715735,0.33626464,0.1832298,0.076165766,0.2713328,0.26009887,-0.088102996,-0.34820187,0.73615611,1.3504408,122.05376,164.82637,False,0.94371057,False,True,False,0.73615611,1.3504408,122.05376,164.82637,0.73205274,1.3519176,120.61845,163.06621,0.9170302,1.2872416,18.663012,24.023806,0.60523345,1.3608305,27.61999,37.586124,0.77570103,1.5045937,53.590535,80.631983,0.73217141,1.4460931,63.386042,91.662119,0.68812493,1.2491656,61.204118,76.454082,0.78826091,1.1857365,56.127248,66.552126
0b_baseline_last,file,19,baseline,4275,074.Florida_Jay/Florida_Jay_0029_65114.jpg,74,73,074.Florida_Jay,79,78,gaussian_blur,gaussian_blur,0,"{""sigma"":1.683897}",1.0898569,5.1960344,4.1061776,0.33626464,0.0055384832,0.076165766,0.0090094926,0.26009887,-0.0034710094,-0.26356988,0.57153858,2.3476863,122.05376,286.54393,False,0.87107331,False,True,False,0.57153858,2.3476863,122.05376,286.54393,0.56849575,2.3579633,120.61845,284.41389,0.74716347,1.8685896,18.663012,34.87351,0.68565465,3.3833997,27.61999,93.449465,0.63299376,2.8942156,53.590535,155.10256,0.5780735,2.3584088,63.386042,149.4902,0.50107796,2.0915426,61.204118,128.01102,0.56475704,1.7244015,56.127248,96.785911
0b_baseline_last,file,19,baseline,4275,074.Florida_Jay/Florida_Jay_0029_65114.jpg,74,73,074.Florida_Jay,79,78,random_erasing,random_erasing,0,"{""area_fraction"":0.136745,""erased"":true,""height"":0.341425,""left"":0.328039,""top"":0.087012,""width"":0.400512}",1.0898569,2.9185395,1.8286827,0.33626464,0.054012503,0.076165766,0.0021783249,0.26009887,0.051834179,-0.2082647,0.37621396,0.81649318,122.05376,99.65606,False,0.78192747,False,True,False,0.37621396,0.81649318,122.05376,99.65606,0.36223681,0.78928045,120.61845,95.201788,0.75739797,1.5785763,18.663012,29.460989,0.12511176,0.80700855,27.61999,22.289568,0.27074889,0.63967201,53.590535,34.280365,0.35235856,0.68846835,63.386042,43.639284,0.36806368,0.72738742,61.204118,44.519105,0.48379843,1.0548115,56.127248,59.203668
0b_baseline_last,file,19,baseline,4612,079.Belted_Kingfisher/Belted_Kingfisher_0084_70399.jpg,79,78,079.Belted_Kingfisher,82,81,identity,identity,0,{},0.21657927,0.21657927,0,0.8052687,0.8052687,0.1438622,0.1438622,0.6614065,0.6614065,0,1,1,26.359537,26.359537,False,1,True,True,True,1,1,26.359537,26.359537,1,1,25.316662,25.316662,1,1,7.3411029,7.3411029,1,1,3.9853772,3.9853772,1,1,8.3023094,8.3023094,1,1,11.114814,11.114814,1,1,13.716721,13.716721,1,1,15.634395,15.634395
0b_baseline_last,file,19,baseline,4612,079.Belted_Kingfisher/Belted_Kingfisher_0084_70399.jpg,79,78,079.Belted_Kingfisher,82,81,horizontal_flip,horizontal_flip,0,"{""flipped"":true}",0.21657927,0.050460603,-0.16611867,0.8052687,0.95079136,0.1438622,0.030180713,0.6614065,0.92061065,0.25920414,0.63513207,0.24228024,26.359537,6.386395,False,0.96905828,True,True,True,0.63513207,0.24228024,26.359537,6.386395,0.60795211,0.24256193,25.316662,6.1408585,0.96339862,0.23890469,7.3411029,1.7538239,0.56637505,0.24181695,3.9853772,0.96373176,0.44361505,0.2535075,8.3023094,2.1046977,0.49903877,0.23852016,11.114814,2.6511072,0.5745042,0.23031758,13.716721,3.1592019,0.73463072,0.2505357,15.634395,3.916974
0b_baseline_last,file,19,baseline,4612,079.Belted_Kingfisher/Belted_Kingfisher_0084_70399.jpg,79,78,079.Belted_Kingfisher,82,81,color_jitter,color_jitter,0,"{""brightness"":1.339146,""contrast"":0.96765,""hue"":0.047005,""saturation"":0.919483}",0.21657927,2.1750815,1.9585022,0.8052687,0.1135989,0.1438622,0.07229308,0.6614065,0.041305818,-0.62010068,0.36954269,5.1229349,26.359537,135.03819,False,0.90594572,False,True,False,0.36954269,5.1229349,26.359537,135.03819,0.34898914,5.2300798,25.316662,132.40816,0.74754838,3.6127438,7.3411029,26.521524,0.21011932,7.5156372,3.9853772,29.952649,0.27685713,6.584364,8.3023094,54.665428,0.29921455,6.4835313,11.114814,72.063245,0.32564359,5.0155751,13.716721,68.797242,0.49513264,3.9012766,15.634395,60.994099
0b_baseline_last,file,19,baseline,4612,079.Belted_Kingfisher/Belted_Kingfisher_0084_70399.jpg,79,78,079.Belted_Kingfisher,82,81,rotation,rotation,0,"{""angle"":-4.701342}",0.21657927,0.42169064,0.20511137,0.8052687,0.6559369,0.1438622,0.27509275,0.6614065,0.38084415,-0.28056236,0.76906026,1.9314164,26.359537,50.911242,False,0.97193146,True,True,True,0.76906026,1.9314164,26.359537,50.911242,0.75232742,1.9331755,25.316662,48.941551,0.97048897,1.9103716,7.3411029,14.024234,0.66345929,2.4172327,3.9853772,9.633584,0.67639687,2.0777576,8.3023094,17.250186,0.66412528,2.0970259,11.114814,23.308053,0.74410855,1.8628272,13.716721,25.55188,0.84784523,1.8189572,15.634395,28.438295
0b_baseline_last,file,19,baseline,4612,079.Belted_Kingfisher/Belted_Kingfisher_0084_70399.jpg,79,78,079.Belted_Kingfisher,82,81,random_resized_crop,random_resized_crop,0,"{""area_fraction"":0.679085,""aspect"":0.976634,""fallback"":false,""height"":0.833866,""left"":0.012645,""top"":0.045154,""width"":0.814382}",0.21657927,0.29746732,0.080888048,0.8052687,0.74269688,0.1438622,0.021490507,0.6614065,0.72120637,0.059799872,0.387581,1.5617328,26.359537,41.166553,False,0.95441687,True,True,True,0.387581,1.5617328,26.359537,41.166553,0.36381167,1.5910961,25.316662,40.281244,0.79512488,1.1567134,7.3411029,8.4915521,0.22229043,1.9103836,3.9853772,7.6135991,0.15724712,1.8896529,8.3023094,15.688483,0.24797563,1.8979703,11.114814,21.095587,0.37344888,1.5952343,13.716721,21.881384,0.55877442,1.2706705,15.634395,19.866164
0b_baseline_last,file,19,baseline,4612,079.Belted_Kingfisher/Belted_Kingfisher_0084_70399.jpg,79,78,079.Belted_Kingfisher,82,81,gaussian_blur,gaussian_blur,0,"{""sigma"":1.32843}",0.21657927,0.69535321,0.47877394,0.8052687,0.49889821,0.1438622,0.064807154,0.6614065,0.43409105,-0.22731545,0.2986562,4.1199904,26.359537,108.60104,False,0.91150379,True,True,True,0.2986562,4.1199904,26.359537,108.60104,0.28042156,4.2230167,25.316662,106.91269,0.6851659,2.5984085,7.3411029,19.075184,0.16704101,8.0424687,3.9853772,32.052271,0.15957063,5.9248995,8.3023094,49.190349,0.23804406,5.2326388,11.114814,58.159807,0.29976487,3.8556534,13.716721,52.88692,0.45356558,2.716442,15.634395,42.469927
0b_baseline_last,file,19,baseline,4612,079.Belted_Kingfisher/Belted_Kingfisher_0084_70399.jpg,79,78,079.Belted_Kingfisher,82,81,random_erasing,random_erasing,0,"{""area_fraction"":0.070826,""erased"":true,""height"":0.233382,""left"":0.157637,""top"":0.066079,""width"":0.303475}",0.21657927,0.24158512,0.025005847,0.8052687,0.78538197,0.1438622,0.13901453,0.6614065,0.64636745,-0.015039057,0.94422301,1.0776671,26.359537,28.406805,False,0.99220347,True,True,True,0.94422301,1.0776671,26.359537,28.406805,0.94043834,1.0790934,25.316662,27.319043,0.99015162,1.0605568,7.3411029,7.7856569,0.92858079,1.0442563,3.9853772,4.1617553,0.91920538,1.1378826,8.3023094,9.4470534,0.93792771,1.1124749,11.114814,12.364952,0.93749759,1.0675209,13.716721,14.642886,0.95221389,1.0557665,15.634395,16.50627
0b_baseline_last,file,19,baseline,5800,099.Ovenbird/Ovenbird_0096_93131.jpg,99,98,099.Ovenbird,37,36,identity,identity,0,{},0.29490009,0.29490009,0,0.74460596,0.74460596,0.063006371,0.063006371,0.68159959,0.68159959,0,1,1,46.013025,46.013025,False,0.99999988,True,True,True,1,1,46.013025,46.013025,1,1,45.496641,45.496641,1,1,6.8741585,6.8741585,1,1,9.6134582,9.6134582,1,1,24.114091,24.114091,1,1,24.774481,24.774481,1,1,21.003154,21.003154,1,1,18.469679,18.469679
0b_baseline_last,file,19,baseline,5800,099.Ovenbird/Ovenbird_0096_93131.jpg,99,98,099.Ovenbird,37,36,horizontal_flip,horizontal_flip,0,"{""flipped"":true}",0.29490009,0.088024199,-0.20687589,0.74460596,0.9157387,0.063006371,0.023361782,0.68159959,0.89237692,0.21077733,0.77728733,0.36817981,46.013025,16.941067,False,0.96855497,True,True,True,0.77728733,0.36817981,46.013025,16.941067,0.77357976,0.36900962,45.496641,16.788698,0.96382558,0.32978773,6.8741585,2.2670131,0.81103671,0.32977056,9.6134582,3.1702355,0.82358997,0.36748923,24.114091,8.8616685,0.73917098,0.36862418,24.774481,9.1324728,0.73951925,0.37367622,21.003154,7.8483793,0.78722038,0.37621143,18.469679,6.9485041
0b_baseline_last,file,19,baseline,5800,099.Ovenbird/Ovenbird_0096_93131.jpg,99,98,099.Ovenbird,37,36,color_jitter,color_jitter,0,"{""brightness"":0.971668,""contrast"":1.371322,""hue"":-0.072608,""saturation"":1.236482}",0.29490009,0.085736334,-0.20916376,0.74460596,0.91783619,0.063006371,0.0020126845,0.68159959,0.9158235,0.23422392,0.69554584,0.29890263,46.013025,13.753414,False,0.90446097,True,True,True,0.69554584,0.29890263,46.013025,13.753414,0.69150367,0.2979906,45.496641,13.557571,0.85737588,0.33643617,6.8741585,2.3127156,0.76130466,0.29151121,9.6134582,2.8024308,0.68262915,0.24629021,24.114091,5.9390644,0.69556947,0.30081065,24.774481,7.4524278,0.68350277,0.30725337,21.003154,6.4532901,0.71583644,0.35708807,18.469679,6.5953018
0b_baseline_last,file,19,baseline,5800,099.Ovenbird/Ovenbird_0096_93131.jpg,99,98,099.Ovenbird,37,36,rotation,rotation,0,"{""angle"":13.980667}",0.29490009,0.54454827,0.24964818,0.74460596,0.58010375,0.063006371,0.08599703,0.68159959,0.49410672,-0.18749286,0.83303932,1.6186681,46.013025,74.479816,False,0.97102284,True,True,True,0.83303932,1.6186681,46.013025,74.479816,0.83021147,1.6190666,45.496641,73.662094,0.95835157,1.6011146,6.8741585,11.006315,0.8446883,1.5087572,9.6134582,14.504374,0.89375691,1.6529053,24.114091,39.858309,0.80967974,1.5380032,24.774481,38.103232,0.77886147,1.6379885,21.003154,34.402926,0.82259375,1.7049606,18.469679,31.490075
0b_baseline_last,file,19,baseline,5800,099.Ovenbird/Ovenbird_0096_93131.jpg,99,98,099.Ovenbird,37,36,random_resized_crop,random_resized_crop,0,"{""area_fraction"":0.80001,""aspect"":0.816794,""fallback"":false,""height"":0.989672,""left"":0.142054,""top"":0.002141,""width"":0.808358}",0.29490009,1.6612254,1.3663253,0.74460596,0.18990614,0.063006371,0.26259193,0.68159959,-0.072685793,-0.75428538,0.86842576,3.4999251,46.013025,161.04214,False,0.96871519,False,True,False,0.86842576,3.4999251,46.013025,161.04214,0.86660132,3.5069314,45.496641,159.5536,0.96075194,3.1778953,6.8741585,21.845356,0.88346205,3.768701,9.6134582,36.230249,0.89861051,3.6003506,24.114091,86.819181,0.85830122,3.4704593,24.774481,85.978829,0.83708927,3.6383658,21.003154,76.417158,0.86671169,3.1455095,18.469679,58.096549
0b_baseline_last,file,19,baseline,5800,099.Ovenbird/Ovenbird_0096_93131.jpg,99,98,099.Ovenbird,37,36,gaussian_blur,gaussian_blur,0,"{""sigma"":1.690463}",0.29490009,2.6300979,2.3351978,0.74460596,0.072071403,0.063006371,0.13655603,0.68159959,-0.064484626,-0.74608421,0.64114774,4.1546943,46.013025,191.17005,False,0.85583693,False,True,False,0.64114774,4.1546943,46.013025,191.17005,0.63850169,4.1726444,45.496641,189.84131,0.80755897,3.2731819,6.8741585,22.500371,0.49711422,4.856156,9.6134582,46.684453,0.59015922,3.2910719,24.114091,79.361206,0.6976525,4.838858,24.774481,119.8802,0.65500946,4.3794559,21.003154,91.982389,0.64938737,3.7236945,18.469679,68.77544
0b_baseline_last,file,19,baseline,5800,099.Ovenbird/Ovenbird_0096_93131.jpg,99,98,099.Ovenbird,37,36,random_erasing,random_erasing,0,"{""area_fraction"":0.193169,""erased"":true,""height"":0.688624,""left"":0.514024,""top"":0.201351,""width"":0.280515}",0.29490009,1.7451768,1.4502767,0.74460596,0.17461412,0.063006371,0.015547956,0.68159959,0.15906616,-0.52253343,0.43922813,2.6202319,46.013025,120.5648,False,0.81008786,False,True,False,0.43922813,2.6202319,46.013025,120.5648,0.43018569,2.6000042,45.496641,118.29146,0.75812382,3.3898522,6.8741585,23.302381,0.41561109,2.8079725,9.6134582,26.994326,0.44873193,2.2167027,24.114091,53.453769,0.41974797,2.5836926,24.774481,64.009644,0.39960262,2.6403632,21.003154,55.455955,0.47397928,3.0791367,18.469679,56.870666
0b_baseline_last,file,19,baseline,7074,121.Grasshopper_Sparrow/Grasshopper_Sparrow_0110_115644.jpg,121,120,121.Grasshopper_Sparrow,113,112,identity,identity,0,{},1.795601,1.795601,0,0.16602764,0.16602764,0.21716909,0.21716909,-0.051141456,-0.051141456,0,1,1,121.61812,121.61812,False,0.99999994,True,False,False,1,1,121.61812,121.61812,1,1,119.35804,119.35804,1,1,23.337202,23.337202,1,1,36.875044,36.875044,1,1,52.396258,52.396258,1,1,59.407226,59.407226,1,1,55.126615,55.126615,1,1,59.774937,59.774937
0b_baseline_last,file,19,baseline,7074,121.Grasshopper_Sparrow/Grasshopper_Sparrow_0110_115644.jpg,121,120,121.Grasshopper_Sparrow,113,112,horizontal_flip,horizontal_flip,0,"{""flipped"":true}",1.795601,0.73886973,-1.0567313,0.16602764,0.4776535,0.21716909,0.057121437,-0.051141456,0.42053207,0.47167352,0.53779677,0.67553027,121.61812,82.156721,False,0.94123232,False,False,True,0.53779677,0.67553027,121.61812,82.156721,0.52585976,0.6789757,119.35804,81.041209,0.9112377,0.57815693,23.337202,13.492565,0.55888558,0.60488238,36.875044,22.305064,0.51560352,0.6990423,52.396258,36.6272,0.42285325,0.70738883,59.407226,42.024008,0.52488394,0.68215988,55.126615,37.605165,0.63500461,0.65830726,59.774937,39.350275
0b_baseline_last,file,19,baseline,7074,121.Grasshopper_Sparrow/Grasshopper_Sparrow_0110_115644.jpg,121,120,121.Grasshopper_Sparrow,113,112,color_jitter,color_jitter,0,"{""brightness"":1.367194,""contrast"":1.01985,""hue"":-0.094538,""saturation"":0.825622}",1.795601,2.3244472,0.52884614,0.16602764,0.097837523,0.21716909,0.38899699,-0.051141456,-0.29115947,-0.24001801,0.72731295,1.3424982,121.61812,163.2721,False,0.92749679,True,False,False,0.72731295,1.3424982,121.61812,163.2721,0.72191318,1.3506409,119.35804,161.20985,0.91323243,1.1084526,23.337202,25.868182,0.76109035,1.4816381,36.875044,54.635469,0.67885549,1.3007486,52.396258,68.154358,0.75578032,1.4325789,59.407226,85.105538,0.71564196,1.4035588,55.126615,77.373445,0.71472709,1.1981072,59.774937,71.616781
0b_baseline_last,file,19,baseline,7074,121.Grasshopper_Sparrow/Grasshopper_Sparrow_0110_115644.jpg,121,120,121.Grasshopper_Sparrow,113,112,rotation,rotation,0,"{""angle"":-2.212399}",1.795601,2.0470257,0.25142467,0.16602764,0.12911837,0.21716909,0.18660443,-0.051141456,-0.057486057,-0.0063446015,0.84334829,1.0311298,121.61812,125.40407,False,0.98095101,True,False,False,0.84334829,1.0311298,121.61812,125.40407,0.83821282,1.030546,119.35804,123.00395,0.97575462,1.0462864,23.337202,24.417396,0.86825497,1.2428781,36.875044,45.831186,0.79797452,1.0301162,52.396258,53.974233,0.82704042,0.97942641,59.407226,58.185006,0.83704305,1.0122023,55.126615,55.799286,0.87582098,1.0061604,59.774937,60.143172
0b_baseline_last,file,19,baseline,7074,121.Grasshopper_Sparrow/Grasshopper_Sparrow_0110_115644.jpg,121,120,121.Grasshopper_Sparrow,113,112,random_resized_crop,random_resized_crop,0,"{""area_fraction"":0.505722,""aspect"":0.823918,""fallback"":false,""height"":0.783455,""left"":0.327887,""top"":0.211254,""width"":0.645503}",1.795601,0.66471016,-1.1308908,0.16602764,0.5144226,0.21716909,0.13087575,-0.051141456,0.38354684,0.4346883,0.71103233,0.80139874,121.61812,97.464608,False,0.93896198,False,False,True,0.71103233,0.80139874,121.61812,97.464608,0.70499612,0.80647292,119.35804,96.259028,0.9204932,0.65484806,23.337202,15.282321,0.80356114,0.93641481,36.875044,34.530337,0.76996698,0.92778011,52.396258,48.612206,0.66496445,0.83796607,59.407226,49.78124,0.6559971,0.7577199,55.126615,41.770533,0.71073476,0.64519202,59.774937,38.566312
0b_baseline_last,file,19,baseline,7074,121.Grasshopper_Sparrow/Grasshopper_Sparrow_0110_115644.jpg,121,120,121.Grasshopper_Sparrow,113,112,gaussian_blur,gaussian_blur,0,"{""sigma"":1.601891}",1.795601,3.3657947,1.5701936,0.16602764,0.034534555,0.21716909,0.016007716,-0.051141456,0.018526839,0.069668295,0.43363923,1.1409451,121.61812,138.7596,False,0.83863187,False,False,False,0.43363923,1.1409451,121.61812,138.7596,0.4206629,1.1429505,119.35804,136.42033,0.79101283,1.0871754,23.337202,25.371632,0.54968618,1.7488209,36.875044,64.487848,0.37538453,1.1482802,52.396258,60.165587,0.34295322,1.0350537,59.407226,61.489671,0.39775567,1.0255739,55.126615,56.536417,0.50297481,1.0386506,59.774937,62.085273
0b_baseline_last,file,19,baseline,7074,121.Grasshopper_Sparrow/Grasshopper_Sparrow_0110_115644.jpg,121,120,121.Grasshopper_Sparrow,113,112,random_erasing,random_erasing,0,"{""area_fraction"":0.105016,""erased"":true,""height"":0.231139,""left"":0.119805,""top"":0.440562,""width"":0.454338}",1.795601,1.3348378,-0.46076322,0.16602764,0.26320088,0.21716909,0.27129808,-0.051141456,-0.0080972016,0.043044254,0.82793694,1.0686728,121.61812,129.96997,False,0.95850003,True,False,False,0.82793694,1.0686728,121.61812,129.96997,0.82354562,1.0708973,119.35804,127.82021,0.95131249,1.0087418,23.337202,23.54121,0.93408379,0.98939248,36.875044,36.483891,0.79068754,0.98419156,52.396258,51.567954,0.83051503,1.1653215,59.407226,69.228515,0.80476825,1.1141747,55.126615,61.420678,0.82439013,1.0289056,59.774937,61.502766
0b_baseline_last,file,19,baseline,2325,041.Scissor_tailed_Flycatcher/Scissor_Tailed_Flycatcher_0110_42136.jpg,41,40,041.Scissor_tailed_Flycatcher,32,31,identity,identity,0,{},5.9485731,5.9485731,0,0.0026095614,0.0026095614,0.66745329,0.66745329,-0.66484373,-0.66484373,0,1,1,189.50213,189.50213,False,1,True,False,False,1,1,189.50213,189.50213,1,1,185.09281,185.09281,1,1,40.641236,40.641236,1,1,30.173218,30.173218,1,1,67.970539,67.970539,1,1,104.707,104.707,1,1,93.305106,93.305106,1,1,95.181579,95.181579
0b_baseline_last,file,19,baseline,2325,041.Scissor_tailed_Flycatcher/Scissor_Tailed_Flycatcher_0110_42136.jpg,41,40,041.Scissor_tailed_Flycatcher,32,31,horizontal_flip,horizontal_flip,0,"{""flipped"":true}",5.9485731,5.5847635,-0.36380959,0.0026095614,0.0037546372,0.66745329,0.068485677,-0.66484373,-0.06473104,0.60011269,0.41400138,1.123424,189.50213,212.89124,False,0.93159389,False,False,False,0.41400138,1.123424,189.50213,212.89124,0.39988365,1.1276439,185.09281,208.71878,0.7355202,1.0320127,40.641236,41.94227,0.30960625,1.0241636,30.173218,30.90231,0.33480724,1.3968652,67.970539,94.945681,0.34018658,1.0479526,104.707,109.72798,0.3721654,1.0980938,93.305106,102.45776,0.55282384,1.104708,95.181579,105.14786
0b_baseline_last,file,19,baseline,2325,041.Scissor_tailed_Flycatcher/Scissor_Tailed_Flycatcher_0110_42136.jpg,41,40,041.Scissor_tailed_Flycatcher,32,31,color_jitter,color_jitter,0,"{""brightness"":1.311285,""contrast"":1.055811,""hue"":0.0578,""saturation"":1.047535}",5.9485731,7.4367976,1.4882245,0.0026095614,0.00058916904,0.66745329,0.69432837,-0.66484373,-0.6937392,-0.028895471,0.69578496,0.87629164,189.50213,166.05913,False,0.92513084,True,False,False,0.69578496,0.87629164,189.50213,166.05913,0.683545,0.87012524,185.09281,161.05393,0.92365514,0.99561888,40.641236,40.463181,0.66386607,0.82581138,30.173218,24.917386,0.59765495,0.82946021,67.970539,56.378857,0.68196459,0.79701052,104.707,83.452578,0.66853199,0.92575668,93.305106,86.377825,0.74645504,0.92272341,95.181579,87.826272
0b_baseline_last,file,19,baseline,2325,041.Scissor_tailed_Flycatcher/Scissor_Tailed_Flycatcher_0110_42136.jpg,41,40,041.Scissor_tailed_Flycatcher,32,31,rotation,rotation,0,"{""angle"":-12.416296}",5.9485731,7.0133448,1.0647717,0.0026095614,0.00089979381,0.66745329,0.65491772,-0.66484373,-0.65401792,0.010825804,0.60468097,1.0016659,189.50213,189.81783,False,0.93528306,True,False,False,0.60468097,1.0016659,189.50213,189.81783,0.59197862,1.0091243,185.09281,186.78166,0.93508916,0.83202443,40.641236,33.814501,0.41365473,1.066989,30.173218,32.19449,0.45671201,0.91097709,67.970539,61.919603,0.5854141,0.97883275,104.707,102.49064,0.5775643,1.1086049,93.305106,103.4385,0.70340498,0.98630055,95.181579,93.877644
0b_baseline_last,file,19,baseline,2325,041.Scissor_tailed_Flycatcher/Scissor_Tailed_Flycatcher_0110_42136.jpg,41,40,041.Scissor_tailed_Flycatcher,32,31,random_resized_crop,random_resized_crop,0,"{""area_fraction"":0.650257,""aspect"":1.156319,""fallback"":false,""height"":0.7499,""left"":0.08327,""top"":0.243917,""width"":0.867124}",5.9485731,6.8988094,0.95023632,0.0026095614,0.0010089857,0.66745329,0.69927442,-0.66484373,-0.69826544,-0.033421707,0.50757242,0.66659842,189.50213,126.32182,False,0.88338029,True,False,False,0.50757242,0.66659842,189.50213,126.32182,0.48840143,0.66339361,185.09281,122.78939,0.87117904,0.72990578,40.641236,29.664273,0.30010972,0.58430505,30.173218,17.630363,0.3092996,0.52120131,67.970539,35.426334,0.43325265,0.60019984,104.707,62.845123,0.4835257,0.70996719,93.305106,66.243563,0.63628209,0.75569407,95.181579,71.928155
0b_baseline_last,file,19,baseline,2325,041.Scissor_tailed_Flycatcher/Scissor_Tailed_Flycatcher_0110_42136.jpg,41,40,041.Scissor_tailed_Flycatcher,32,31,gaussian_blur,gaussian_blur,0,"{""sigma"":1.694904}",5.9485731,7.3416405,1.3930674,0.0026095614,0.00064798666,0.66745329,0.96340585,-0.66484373,-0.96275786,-0.29791413,0.54872417,0.94695716,189.50213,179.4504,False,0.87033796,True,False,False,0.54872417,0.94695716,189.50213,179.4504,0.53502709,0.94697055,185.09281,175.27744,0.83291297,0.94667929,40.641236,38.474216,0.37501841,0.92326635,30.173218,27.857917,0.34478854,0.80503022,67.970539,54.718338,0.50780092,0.86264449,104.707,90.324915,0.53345833,1.0000506,93.305106,93.309828,0.66040666,1.0551684,95.181579,100.4326
0b_baseline_last,file,19,baseline,2325,041.Scissor_tailed_Flycatcher/Scissor_Tailed_Flycatcher_0110_42136.jpg,41,40,041.Scissor_tailed_Flycatcher,32,31,random_erasing,random_erasing,0,"{""area_fraction"":0.167342,""erased"":true,""height"":0.51238,""left"":0.627215,""top"":0.346478,""width"":0.326598}",5.9485731,5.8289156,-0.11965752,0.0026095614,0.0029412659,0.66745329,0.57693392,-0.66484373,-0.57399265,0.090851073,0.92782325,0.98101938,189.50213,185.90526,False,0.98932493,True,False,False,0.92782325,0.98101938,189.50213,185.90526,0.92513307,0.98208638,185.09281,181.77713,0.98524734,0.95862027,40.641236,38.959512,0.9482261,1.0206598,30.173218,30.796591,0.91406347,1.0393968,67.970539,70.648359,0.93350922,0.95163868,104.707,99.643229,0.91896746,0.98665286,93.305106,92.05975,0.92625321,0.97993,95.181579,93.271285
0b_baseline_last,file,19,baseline,8526,146.Forsters_Tern/Forsters_Tern_0118_151564.jpg,146,145,146.Forsters_Tern,145,144,identity,identity,0,{},1.949329,1.949329,0,0.14236958,0.14236958,0.62402946,0.62402946,-0.48165987,-0.48165987,0,1,1,196.1084,196.1084,False,0.99999994,True,False,False,1,1,196.1084,196.1084,1,1,193.17129,193.17129,1,1,33.813602,33.813602,1,1,62.122949,62.122949,1,1,87.380948,87.380948,1,1,88.918026,88.918026,1,1,93.554664,93.554664,1,1,95.716065,95.716065
0b_baseline_last,file,19,baseline,8526,146.Forsters_Tern/Forsters_Tern_0118_151564.jpg,146,145,146.Forsters_Tern,145,144,horizontal_flip,horizontal_flip,0,"{""flipped"":true}",1.949329,0.3551214,-1.5942076,0.14236958,0.70108831,0.62402946,0.27067399,-0.48165987,0.43041432,0.91207419,0.70449156,0.41310365,196.1084,81.013097,False,0.95979714,False,False,True,0.70449156,0.41310365,196.1084,81.013097,0.69809418,0.41437586,193.17129,80.045518,0.94341356,0.36918476,33.813602,12.483466,0.84361856,0.42766206,62.122949,26.567628,0.63181945,0.41664822,87.380948,36.407117,0.6170553,0.44059847,88.918026,39.177146,0.68453442,0.40835168,93.554664,38.203204,0.78581963,0.38833965,95.716065,37.170343
0b_baseline_last,file,19,baseline,8526,146.Forsters_Tern/Forsters_Tern_0118_151564.jpg,146,145,146.Forsters_Tern,145,144,color_jitter,color_jitter,0,"{""brightness"":0.817424,""contrast"":0.71577,""hue"":0.034309,""saturation"":1.015935}",1.949329,1.7319677,-0.21736133,0.14236958,0.17693593,0.62402946,0.78568995,-0.48165987,-0.60875402,-0.12709415,0.72514805,1.197653,196.1084,234.86981,False,0.92569137,True,False,False,0.72514805,1.197653,196.1084,234.86981,0.7201415,1.2004035,193.17129,231.88349,0.90525668,1.1041305,33.813602,37.33463,0.7808047,1.0345457,62.122949,64.269028,0.67370153,1.4054025,87.380948,122.8054,0.65537261,1.3510824,88.918026,120.13558,0.7573583,1.1160215,93.554664,104.40901,0.81714366,1.0034278,95.716065,96.04416
0b_baseline_last,file,19,baseline,8526,146.Forsters_Tern/Forsters_Tern_0118_151564.jpg,146,145,146.Forsters_Tern,145,144,rotation,rotation,0,"{""angle"":-9.291813}",1.949329,1.3145068,-0.63482225,0.14236958,0.26860678,0.62402946,0.38881993,-0.48165987,-0.12021315,0.36144672,0.74371236,0.86174726,196.1084,168.99588,False,0.96220171,True,False,False,0.74371236,0.86174726,196.1084,168.99588,0.73776003,0.8618291,193.17129,166.48064,0.9386024,0.85907212,33.813602,29.048323,0.77969857,0.9086592,62.122949,56.448589,0.70765819,0.92425679,87.380948,80.762434,0.66843024,0.87129065,88.918026,77.473444,0.73447099,0.83187654,93.554664,77.82593,0.81894218,0.80573561,95.716065,77.121842
0b_baseline_last,file,19,baseline,8526,146.Forsters_Tern/Forsters_Tern_0118_151564.jpg,146,145,146.Forsters_Tern,145,144,random_resized_crop,random_resized_crop,0,"{""area_fraction"":0.833495,""aspect"":0.878243,""fallback"":false,""height"":0.974191,""left"":0.14105,""top"":0.002878,""width"":0.855576}",1.949329,1.0022395,-0.94708955,0.14236958,0.36705646,0.62402946,0.53587854,-0.48165987,-0.16882208,0.31283779,0.83994119,0.81249939,196.1084,159.33796,False,0.98732549,True,False,False,0.83994119,0.81249939,196.1084,159.33796,0.83568579,0.81291939,193.17129,157.03269,0.98142743,0.79867077,33.813602,27.005935,0.92306106,0.8817701,62.122949,54.77816,0.83459051,0.73503368,87.380948,64.22794,0.77385016,0.82658199,88.918026,73.498038,0.81777103,0.84111408,93.554664,78.690145,0.87400188,0.80516036,95.716065,77.066781
0b_baseline_last,file,19,baseline,8526,146.Forsters_Tern/Forsters_Tern_0118_151564.jpg,146,145,146.Forsters_Tern,145,144,gaussian_blur,gaussian_blur,0,"{""sigma"":1.108618}",1.949329,1.6747012,-0.2746278,0.14236958,0.18736415,0.62402946,0.75472403,-0.48165987,-0.56735988,-0.085700005,0.76376224,1.1504435,196.1084,225.61165,False,0.94025278,True,False,False,0.76376224,1.1504435,196.1084,225.61165,0.75983844,1.1550763,193.17129,223.12757,0.92274238,0.98738904,33.813602,33.38718,0.86379445,1.3317785,62.122949,82.734008,0.7541334,1.177144,87.380948,102.85996,0.68331112,1.2263727,88.918026,109.04664,0.73788776,1.1213194,93.554664,104.90466,0.82316965,1.0164074,95.716065,97.286521
0b_baseline_last,file,19,baseline,8526,146.Forsters_Tern/Forsters_Tern_0118_151564.jpg,146,145,146.Forsters_Tern,145,144,random_erasing,random_erasing,0,"{""area_fraction"":0.097624,""erased"":true,""height"":0.395004,""left"":0.72787,""top"":0.425833,""width"":0.247148}",1.949329,2.2197785,0.27044952,0.14236958,0.10863316,0.62402946,0.44265819,-0.48165987,-0.33402503,0.14763485,0.90196625,0.87645772,196.1084,171.88072,False,0.98753524,True,False,False,0.90196625,0.87645772,196.1084,171.88072,0.90003738,0.8752246,193.17129,169.06826,0.96302631,0.91579122,33.813602,30.9662,0.91321761,0.76274024,62.122949,47.383674,0.90627148,0.82963033,87.380948,72.493885,0.90988121,0.88950952,88.918026,79.093431,0.88261318,0.89615659,93.554664,83.839629,0.90427318,0.92262415,95.716065,88.309953
0b_baseline_last,file,19,baseline,6685,115.Brewer_Sparrow/Brewer_Sparrow_0069_796709.jpg,115,114,115.Brewer_Sparrow,131,130,identity,identity,0,{},6.9913654,6.9913654,0,0.00091978966,0.00091978966,0.96772623,0.96772623,-0.96680644,-0.96680644,0,1,1,198.14483,198.14483,False,1.0000001,True,False,False,1,1,198.14483,198.14483,1,1,192.91024,192.91024,1,1,45.243891,45.243891,1,1,32.70883,32.70883,1,1,88.541311,88.541311,1,1,106.43278,106.43278,1,1,92.722643,92.722643,1,1,91.539641,91.539641
0b_baseline_last,file,19,baseline,6685,115.Brewer_Sparrow/Brewer_Sparrow_0069_796709.jpg,115,114,115.Brewer_Sparrow,131,130,horizontal_flip,horizontal_flip,0,"{""flipped"":true}",6.9913654,6.1748996,-0.81646585,0.00091978966,0.0020810144,0.96772623,0.939964,-0.96680644,-0.93788298,0.028923459,0.65026921,0.99634606,198.14483,197.42082,False,0.9632566,True,False,False,0.65026921,0.99634606,198.14483,197.42082,0.63468858,1.0007074,192.91024,193.0467,0.96316533,0.91343517,45.243891,41.327362,0.65146472,1.0422113,32.70883,34.089511,0.57304516,1.1687267,88.541311,103.48059,0.61243856,0.98158666,106.43278,104.473,0.60090965,0.91581039,92.722643,84.91636,0.78379742,0.93153027,91.539641,85.271946
0b_baseline_last,file,19,baseline,6685,115.Brewer_Sparrow/Brewer_Sparrow_0069_796709.jpg,115,114,115.Brewer_Sparrow,131,130,color_jitter,color_jitter,0,"{""brightness"":0.742607,""contrast"":1.152806,""hue"":0.002673,""saturation"":1.27489}",6.9913654,5.900538,-1.0908275,0.00091978966,0.0027379722,0.96772623,0.85837477,-0.96680644,-0.8556368,0.11116964,0.89784779,1.0597269,198.14483,209.9794,False,0.98221207,True,False,False,0.89784779,1.0597269,198.14483,209.9794,0.89513841,1.0696757,192.91024,206.35139,0.97994159,0.85900041,45.243891,38.864521,0.58172217,0.94356828,32.70883,30.863014,0.88279756,1.1515965,88.541311,101.96386,0.91882223,1.1032178,106.43278,117.41854,0.9013894,1.0726339,92.722643,99.457448,0.91517504,0.94939305,91.539641,86.907099
0b_baseline_last,file,19,baseline,6685,115.Brewer_Sparrow/Brewer_Sparrow_0069_796709.jpg,115,114,115.Brewer_Sparrow,131,130,rotation,rotation,0,"{""angle"":10.203433}",6.9913654,3.850575,-3.1407905,0.00091978966,0.021267503,0.96772623,0.84928054,-0.96680644,-0.82801303,0.13879341,0.80305986,0.89024314,198.14483,176.39707,False,0.94217622,True,False,False,0.80305986,0.89024314,198.14483,176.39707,0.79694487,0.89627936,192.91024,172.90147,0.94057931,0.77232368,45.243891,34.942929,0.77326806,1.0511332,32.70883,34.381338,0.84802746,0.95338298,88.541311,84.413779,0.81287835,0.90359932,106.43278,96.172587,0.75067637,0.87802338,92.722643,81.412649,0.77872847,0.82548219,91.539641,75.564343
0b_baseline_last,file,19,baseline,6685,115.Brewer_Sparrow/Brewer_Sparrow_0069_796709.jpg,115,114,115.Brewer_Sparrow,131,130,random_resized_crop,random_resized_crop,0,"{""area_fraction"":0.797705,""aspect"":1.153926,""fallback"":false,""height"":0.831442,""left"":0.021714,""top"":0.093866,""width"":0.959423}",6.9913654,5.9265852,-1.0647802,0.00091978966,0.0026675763,0.96772623,0.9032746,-0.96680644,-0.90060702,0.066199422,0.78999813,1.0411292,198.14483,206.29437,False,0.96932542,True,False,False,0.78999813,1.0411292,198.14483,206.29437,0.78204393,1.0485372,192.91024,202.27357,0.96861645,0.89583577,45.243891,40.531096,0.73804242,1.2966791,32.70883,42.412856,0.73879459,1.1508914,88.541311,101.90144,0.81080587,1.093836,106.43278,116.42,0.78682326,0.94862533,92.722643,87.959048,0.80572358,0.94236494,91.539641,86.263748
0b_baseline_last,file,19,baseline,6685,115.Brewer_Sparrow/Brewer_Sparrow_0069_796709.jpg,115,114,115.Brewer_Sparrow,131,130,gaussian_blur,gaussian_blur,0,"{""sigma"":1.297887}",6.9913654,4.9255886,-2.0657768,0.00091978966,0.0072584511,0.96772623,0.10284178,-0.96680644,-0.095583329,0.87122311,0.26737793,0.96706647,198.14483,191.61922,False,0.84004104,False,False,False,0.26737793,0.96706647,198.14483,191.61922,0.25381401,0.98002903,192.91024,189.05764,0.6334848,0.69019528,45.243891,31.22712,0.46005789,1.2001253,32.70883,39.254695,0.17017684,0.86862974,88.541311,76.909616,0.27525829,1.0202461,106.43278,108.58763,0.22382803,1.0511444,92.722643,97.46489,0.3008274,0.9137315,91.539641,83.642654
0b_baseline_last,file,19,baseline,6685,115.Brewer_Sparrow/Brewer_Sparrow_0069_796709.jpg,115,114,115.Brewer_Sparrow,131,130,random_erasing,random_erasing,0,"{""area_fraction"":0.100198,""erased"":true,""height"":0.488455,""left"":0.533594,""top"":0.359104,""width"":0.205133}",6.9913654,4.6287632,-2.3626022,0.00091978966,0.0097668301,0.96772623,0.94970131,-0.96680644,-0.93993448,0.026871962,0.83877705,1.0082295,198.14483,199.77546,False,0.95732015,True,False,False,0.83877705,1.0082295,198.14483,199.77546,0.83255535,1.0103166,192.91024,194.90041,0.95732568,0.96950391,45.243891,43.864129,0.89880388,1.0977108,32.70883,35.904836,0.85342352,1.038778,88.541311,91.974766,0.86485785,1.0209276,106.43278,108.66016,0.78424196,0.99582729,92.722643,92.335739,0.8085757,0.97125772,91.539641,88.908583
0b_baseline_last,file,19,baseline,15,001.Black_footed_Albatross/Black_Footed_Albatross_0040_796066.jpg,1,0,001.Black_footed_Albatross,2,1,identity,identity,0,{},0.021011969,0.021011969,0,0.97920722,0.97920722,0.017562808,0.017562808,0.96164441,0.96164441,0,1,1,4.4378455,4.4378455,False,0.99999994,True,True,True,1,1,4.4378455,4.4378455,1,1,4.3372928,4.3372928,1,1,0.93934218,0.93934218,1,1,1.0815506,1.0815506,1,1,2.3490269,2.3490269,1,1,2.117797,2.117797,1,1,1.9941994,1.9941994,1,1,1.913775,1.913775
0b_baseline_last,file,19,baseline,15,001.Black_footed_Albatross/Black_Footed_Albatross_0040_796066.jpg,1,0,001.Black_footed_Albatross,2,1,horizontal_flip,horizontal_flip,0,"{""flipped"":true}",0.021011969,0.0044107772,-0.016601192,0.97920722,0.99559891,0.017562808,0.003074768,0.96164441,0.99252414,0.030879735,0.65217426,0.20317376,4.4378455,0.90165377,False,0.96301657,True,True,True,0.65217426,0.20317376,4.4378455,0.90165377,0.63798618,0.20304098,4.3372928,0.88064817,0.95040805,0.20598441,0.93934218,0.19348985,0.30252866,0.24616229,1.0815506,0.26623698,0.61907458,0.18742128,2.3490269,0.44025761,0.66452238,0.20965525,2.117797,0.44400726,0.61790727,0.19552414,1.9941994,0.38991414,0.78522164,0.21009038,1.913775,0.40206571
0b_baseline_last,file,19,baseline,15,001.Black_footed_Albatross/Black_Footed_Albatross_0040_796066.jpg,1,0,001.Black_footed_Albatross,2,1,color_jitter,color_jitter,0,"{""brightness"":1.122856,""contrast"":1.118432,""hue"":0.083745,""saturation"":0.771533}",0.021011969,2.1773889,2.1563769,0.97920722,0.11333708,0.017562808,0.063091844,0.96164441,0.05024524,-0.91139917,0.38414956,19.433739,4.4378455,86.24393,False,0.7693131,False,True,False,0.38414956,19.433739,4.4378455,86.24393,0.37063372,19.066352,4.3372928,82.69635,0.61271244,26.062069,0.93934218,24.4812,0.44871872,21.659385,1.0815506,23.42572,0.50840417,14.896278,2.3490269,34.991758,0.21382973,18.290817,2.117797,38.736237,0.34997026,19.092295,1.9941994,38.073844,0.40520668,24.032772,1.913775,45.993317
0b_baseline_last,file,19,baseline,15,001.Black_footed_Albatross/Black_Footed_Albatross_0040_796066.jpg,1,0,001.Black_footed_Albatross,2,1,rotation,rotation,0,"{""angle"":-5.987525}",0.021011969,0.10883485,0.087822879,0.97920722,0.89687854,0.017562808,0.035492621,0.96164441,0.86138592,-0.10025849,0.73780217,4.5639727,4.4378455,20.254206,False,0.95988047,True,True,True,0.73780217,4.5639727,4.4378455,20.254206,0.73439614,4.6160249,4.3372928,20.021052,0.88396993,3.2622474,0.93934218,3.0643666,0.76588524,5.8753498,1.0815506,6.3544882,0.81484329,5.1320647,2.3490269,12.055358,0.65910886,4.5364608,2.117797,9.6073029,0.68904373,4.091311,1.9941994,8.1588902,0.75323069,3.9194289,1.913775,7.500905
0b_baseline_last,file,19,baseline,15,001.Black_footed_Albatross/Black_Footed_Albatross_0040_796066.jpg,1,0,001.Black_footed_Albatross,2,1,random_resized_crop,random_resized_crop,0,"{""area_fraction"":0.712036,""aspect"":0.966101,""fallback"":false,""height"":0.858499,""left"":0.01579,""top"":0.062356,""width"":0.829397}",0.021011969,0.024168048,0.003156079,0.97920722,0.97612166,0.017562808,0.0081905695,0.96164441,0.96793109,0.0062866854,0.73451583,1.0744774,4.4378455,4.7683646,False,0.96809447,True,True,True,0.73451583,1.0744774,4.4378455,4.7683646,0.73040671,1.085176,4.3372928,4.7067263,0.88099526,0.81356716,0.93934218,0.76421795,0.68889186,1.3785456,1.0815506,1.4909668,0.80890845,1.1562702,2.3490269,2.7161097,0.70442281,1.104543,2.117797,2.3391978,0.67553883,0.9907679,1.9941994,1.9757888,0.7292033,0.93142639,1.913775,1.7825405
0b_baseline_last,file,19,baseline,15,001.Black_footed_Albatross/Black_Footed_Albatross_0040_796066.jpg,1,0,001.Black_footed_Albatross,2,1,gaussian_blur,gaussian_blur,0,"{""sigma"":1.362482}",0.021011969,1.4292883,1.4082763,0.97920722,0.23947932,0.017562808,0.017771546,0.96164441,0.22170777,-0.73993664,0.33325186,35.432576,4.4378455,157.2443,False,0.82470024,False,True,False,0.33325186,35.432576,4.4378455,157.2443,0.32651399,35.899963,4.3372928,155.70865,0.58464248,23.33786,0.93934218,21.922236,0.11899095,44.19349,1.0815506,47.797496,0.39980731,34.169783,2.3490269,80.265738,0.30551687,41.756201,2.117797,88.431157,0.29827816,35.17565,1.9941994,70.147261,0.39696876,27.537186,1.913775,52.699978
0b_baseline_last,file,19,baseline,15,001.Black_footed_Albatross/Black_Footed_Albatross_0040_796066.jpg,1,0,001.Black_footed_Albatross,2,1,random_erasing,random_erasing,0,"{""area_fraction"":0.087228,""erased"":true,""height"":0.235182,""left"":0.041144,""top"":0.621674,""width"":0.370898}",0.021011969,0.034601439,0.01358947,0.97920722,0.96599036,0.017562808,0.026834805,0.96164441,0.93915556,-0.022488849,0.94312664,1.5543931,4.4378455,6.8981565,False,0.98991799,True,True,True,0.94312664,1.5543931,4.4378455,6.8981565,0.94108996,1.5569011,4.3372928,6.7527358,0.98882558,1.4999259,0.93934218,1.4089437,0.94797243,1.6597243,1.0815506,1.7950759,0.97116943,1.5056406,2.3490269,3.5367902,0.93559973,1.5871609,2.117797,3.3612846,0.9180531,1.5342246,1.9941994,3.0595497,0.92856726,1.5856949,1.913775,3.0346632
0b_baseline_last,file,19,baseline,2402,042.Vermilion_Flycatcher/Vermilion_Flycatcher_0065_42467.jpg,42,41,042.Vermilion_Flycatcher,17,16,identity,identity,0,{},0.00058609952,0.00058609952,0,0.99941409,0.99941409,0.00037363221,0.00037363221,0.99904045,0.99904045,0,1,1,0.097585612,0.097585612,False,1,True,True,True,1,1,0.097585612,0.097585612,1,1,0.095105931,0.095105931,1,1,0.02185895,0.02185895,1,1,0.018844366,0.018844366,1,1,0.041244849,0.041244849,1,1,0.042278561,0.042278561,1,1,0.050173915,0.050173915,1,1,0.051807258,0.051807258
0b_baseline_last,file,19,baseline,2402,042.Vermilion_Flycatcher/Vermilion_Flycatcher_0065_42467.jpg,42,41,042.Vermilion_Flycatcher,17,16,horizontal_flip,horizontal_flip,0,"{""flipped"":true}",0.00058609952,0.0010178868,0.00043178728,0.99941409,0.99898261,0.00037363221,0.00067204284,0.99904045,0.99831057,-0.00072988865,0.7348771,1.9575656,0.097585612,0.19103024,False,0.98918319,True,True,True,0.7348771,1.9575656,0.097585612,0.19103024,0.72311408,1.9675788,0.095105931,0.18712841,0.98868954,1.757282,0.02185895,0.038412339,0.46387785,2.3037524,0.018844366,0.043412752,0.66327067,2.0362646,0.041244849,0.083985423,0.69775619,2.0883764,0.042278561,0.088293548,0.7460774,1.975031,0.050173915,0.099095037,0.81368768,1.775734,0.051807258,0.09199591
0b_baseline_last,file,19,baseline,2402,042.Vermilion_Flycatcher/Vermilion_Flycatcher_0065_42467.jpg,42,41,042.Vermilion_Flycatcher,17,16,color_jitter,color_jitter,0,"{""brightness"":1.386032,""contrast"":1.144564,""hue"":-0.032338,""saturation"":1.340892}",0.00058609952,1.228925,1.2283389,0.99941409,0.29260698,0.00037363221,0.70169908,0.99904045,-0.4090921,-1.4081326,0.65354825,1660.556,0.097585612,162.04638,False,0.88499069,False,True,False,0.65354825,1660.556,0.097585612,162.04638,0.64583339,1676.5017,0.095105931,159.44525,0.85629766,1322.9282,0.02185895,28.91782,0.4934338,1721.8256,0.018844366,32.446712,0.56828012,1654.4544,0.041244849,68.23772,0.67239491,1807.9209,0.042278561,76.436292,0.70693951,1737.0563,0.050173915,87.154916,0.64039225,1529.0463,0.051807258,79.215698
0b_baseline_last,file,19,baseline,2402,042.Vermilion_Flycatcher/Vermilion_Flycatcher_0065_42467.jpg,42,41,042.Vermilion_Flycatcher,17,16,rotation,rotation,0,"{""angle"":-8.105696}",0.00058609952,0.0014218708,0.00083577126,0.99941409,0.99857914,0.00037363221,0.00048078658,0.99904045,0.99809836,-0.00094209623,0.79878991,2.3101858,0.097585612,0.2254409,False,0.98240072,True,True,True,0.79878991,2.3101858,0.097585612,0.2254409,0.79246682,2.3208241,0.095105931,0.22072414,0.93502203,2.0986514,0.02185895,0.045874315,0.71513466,2.7807334,0.018844366,0.052401158,0.79835982,2.4063207,0.041244849,0.099248333,0.73681099,2.2346866,0.042278561,0.094479334,0.79089085,2.2432561,0.050173915,0.11255294,0.84103183,2.3265915,0.051807258,0.12053433
0b_baseline_last,file,19,baseline,2402,042.Vermilion_Flycatcher/Vermilion_Flycatcher_0065_42467.jpg,42,41,042.Vermilion_Flycatcher,17,16,random_resized_crop,random_resized_crop,0,"{""area_fraction"":0.509267,""aspect"":1.05073,""fallback"":false,""height"":0.696189,""left"":0.010545,""top"":0.008869,""width"":0.731507}",0.00058609952,0.014776312,0.014190212,0.99941409,0.98533231,0.00037363221,0.011975236,0.99904045,0.97335707,-0.02568338,0.75967547,30.159662,0.097585612,2.9431491,False,0.95745397,True,True,True,0.75967547,30.159662,0.097585612,2.9431491,0.75321781,30.471647,0.095105931,2.8980344,0.94317568,23.484441,0.02185895,0.51334521,0.74640016,36.449999,0.018844366,0.68687711,0.76865798,33.177002,0.041244849,1.3683804,0.7570853,31.851795,0.042278561,1.3466481,0.74622617,29.972322,0.050173915,1.5038287,0.75663849,27.156486,0.051807258,1.4069031
0b_baseline_last,file,19,baseline,2402,042.Vermilion_Flycatcher/Vermilion_Flycatcher_0065_42467.jpg,42,41,042.Vermilion_Flycatcher,17,16,gaussian_blur,gaussian_blur,0,"{""sigma"":1.601276}",0.00058609952,0.045096561,0.044510462,0.99941409,0.9559052,0.00037363221,0.042396355,0.99904045,0.91350884,-0.085531611,0.70219546,113.20063,0.097585612,11.046753,False,0.95746392,True,True,True,0.70219546,113.20063,0.097585612,11.046753,0.69485419,114.57656,0.095105931,10.896911,0.92968504,82.955028,0.02185895,1.8133098,0.6511658,116.6093,0.018844366,2.1974282,0.68158956,131.5503,0.041244849,5.4257721,0.6702509,126.37997,0.042278561,5.3431632,0.72386507,115.90225,0.050173915,5.8152694,0.7307624,90.758278,0.051807258,4.7019375
0b_baseline_last,file,19,baseline,2402,042.Vermilion_Flycatcher/Vermilion_Flycatcher_0065_42467.jpg,42,41,042.Vermilion_Flycatcher,17,16,random_erasing,random_erasing,0,"{""area_fraction"":0.189881,""erased"":true,""height"":0.524434,""left"":0.450953,""top"":0.084591,""width"":0.362069}",0.00058609952,0.0020046392,0.0014185397,0.99941409,0.99799734,0.00037363221,0.0016594786,0.99904045,0.99633786,-0.0027025892,0.76550913,4.026206,0.097585612,0.39289978,False,0.9745245,True,True,True,0.76550913,4.026206,0.097585612,0.39289978,0.75632685,4.0453453,0.095105931,0.38473633,0.96239552,3.6449861,0.02185895,0.079675569,0.71474481,3.7869002,0.018844366,0.071361732,0.69204164,3.8768005,0.041244849,0.15989805,0.69698004,4.3270028,0.042278561,0.18293945,0.78303151,4.2689599,0.050173915,0.21419043,0.82597791,3.7635937,0.051807258,0.19498147
0b_baseline_last,file,19,baseline,8836,151.Black_capped_Vireo/Black_Capped_Vireo_0022_797459.jpg,151,150,151.Black_capped_Vireo,57,56,identity,identity,0,{},0.00030655929,0.00030655929,0,0.99969351,0.99969351,4.355163e-05,4.355163e-05,0.99964996,0.99964996,0,1,1,0.053288601,0.053288601,False,1,True,True,True,1,1,0.053288601,0.053288601,1,1,0.052179804,0.052179804,1,1,0.010814021,0.010814021,1,1,0.01237147,0.01237147,1,1,0.024445443,0.024445443,1,1,0.025463876,0.025463876,1,1,0.024328838,0.024328838,1,1,0.027051759,0.027051759
0b_baseline_last,file,19,baseline,8836,151.Black_capped_Vireo/Black_Capped_Vireo_0022_797459.jpg,151,150,151.Black_capped_Vireo,57,56,horizontal_flip,horizontal_flip,0,"{""flipped"":true}",0.00030655929,0.00098632788,0.00067976859,0.99969351,0.99901414,4.355163e-05,9.6217918e-05,0.99964996,0.99891792,-0.00073204003,0.57573064,3.5447918,0.053288601,0.188897,False,0.97265136,True,True,True,0.57573064,3.5447918,0.053288601,0.188897,0.56100561,3.5582731,0.052179804,0.18566999,0.95803023,3.2149721,0.010814021,0.034766777,0.55729074,4.2424195,0.01237147,0.052484964,0.43835799,3.7146214,0.024445443,0.090805564,0.57117146,3.6913522,0.025463876,0.093996134,0.56218338,3.6752594,0.024328838,0.089414789,0.68495005,3.0128557,0.027051759,0.081503048
0b_baseline_last,file,19,baseline,8836,151.Black_capped_Vireo/Black_Capped_Vireo_0022_797459.jpg,151,150,151.Black_capped_Vireo,57,56,color_jitter,color_jitter,0,"{""brightness"":0.967618,""contrast"":1.177042,""hue"":-0.015572,""saturation"":0.952661}",0.00030655929,0.00049590686,0.00018934757,0.99969351,0.99950421,4.355163e-05,7.5050186e-05,0.99964996,0.99942916,-0.00022080291,0.93596829,1.6033573,0.053288601,0.085440669,False,0.99584919,True,True,True,0.93596829,1.6033573,0.053288601,0.085440669,0.93354358,1.6036088,0.052179804,0.083675991,0.99264452,1.597492,0.010814021,0.017275313,0.90328257,1.5538687,0.01237147,0.01922364,0.92310496,1.5058066,0.024445443,0.03681011,0.92006274,1.6378948,0.025463876,0.041707151,0.93862767,1.6586176,0.024328838,0.040352239,0.95762189,1.6152777,0.027051759,0.043696103
0b_baseline_last,file,19,baseline,8836,151.Black_capped_Vireo/Black_Capped_Vireo_0022_797459.jpg,151,150,151.Black_capped_Vireo,57,56,rotation,rotation,0,"{""angle"":13.892045}",0.00030655929,0.0010501591,0.00074359981,0.99969351,0.99895042,4.355163e-05,0.00017455897,0.99964996,0.99877586,-0.00087409844,0.59391239,3.1628829,0.053288601,0.1685456,False,0.96491814,True,True,True,0.59391239,3.1628829,0.053288601,0.1685456,0.57782762,3.1589291,0.052179804,0.1648323,0.95776026,3.2535788,0.010814021,0.03518427,0.51230886,2.9909746,0.01237147,0.037002751,0.52140491,3.129827,0.024445443,0.076510008,0.47083735,3.1015186,0.025463876,0.078976686,0.57081354,3.2541242,0.024328838,0.079169058,0.73440059,3.188886,0.027051759,0.086264978
0b_baseline_last,file,19,baseline,8836,151.Black_capped_Vireo/Black_Capped_Vireo_0022_797459.jpg,151,150,151.Black_capped_Vireo,57,56,random_resized_crop,random_resized_crop,0,"{""area_fraction"":0.669157,""aspect"":1.000385,""fallback"":false,""height"":0.817863,""left"":0.039502,""top"":0.041995,""width"":0.818178}",0.00030655929,0.004480205,0.0041736457,0.99969351,0.99552983,4.355163e-05,0.00011519209,0.99964996,0.99541464,-0.0042353229,0.63336291,16.631775,0.053288601,0.886284,False,0.95540905,True,True,True,0.63336291,16.631775,0.053288601,0.886284,0.62351942,16.723492,0.052179804,0.87262853,0.90808881,14.331391,0.010814021,0.15497997,0.48047513,18.84235,0.01237147,0.23310756,0.6681658,15.710025,0.024445443,0.38403852,0.60578279,19.066372,0.025463876,0.48550373,0.57768574,17.267097,0.024328838,0.4200884,0.7065101,14.195573,0.027051759,0.38401523
0b_baseline_last,file,19,baseline,8836,151.Black_capped_Vireo/Black_Capped_Vireo_0022_797459.jpg,151,150,151.Black_capped_Vireo,57,56,gaussian_blur,gaussian_blur,0,"{""sigma"":1.038091}",0.00030655929,0.0011679264,0.00086136707,0.99969351,0.99883276,4.355163e-05,0.00015985339,0.99964996,0.99867291,-0.00097705243,0.80335306,3.9076896,0.053288601,0.20823531,False,0.98418939,True,True,True,0.80335306,3.9076896,0.053288601,0.20823531,0.79631576,3.9175525,0.052179804,0.20441712,0.9798618,3.6705725,0.010814021,0.039693648,0.75140288,4.9189669,0.01237147,0.06085485,0.72691836,3.7152048,0.024445443,0.090819826,0.77093604,4.0862129,0.025463876,0.10405082,0.80182678,4.0403406,0.024328838,0.09829679,0.90017406,3.5736889,0.027051759,0.096674572
0b_baseline_last,file,19,baseline,8836,151.Black_capped_Vireo/Black_Capped_Vireo_0022_797459.jpg,151,150,151.Black_capped_Vireo,57,56,random_erasing,random_erasing,0,"{""area_fraction"":0.070747,""erased"":true,""height"":0.153515,""left"":0.369628,""top"":0.305093,""width"":0.46085}",0.00030655929,0.41603655,0.41572999,0.99969351,0.65965617,4.355163e-05,0.034046058,0.99964996,0.62561011,-0.37403985,0.59111327,1205.2254,0.053288601,64.224777,False,0.8844353,True,True,True,0.59111327,1205.2254,0.053288601,64.224777,0.58459201,1218.4242,0.052179804,63.577136,0.850795,841.2958,0.010814021,9.0977906,0.4590918,1794.6394,0.01237147,22.202327,0.66953457,1198.3273,0.024445443,29.29364,0.58111306,1239.4225,0.025463876,31.560501,0.56026355,1289.7457,0.024328838,31.378014,0.60900107,985.23451,0.027051759,26.652327
0b_baseline_last,file,19,baseline,11647,198.Rock_Wren/Rock_Wren_0080_189340.jpg,198,197,198.Rock_Wren,150,149,identity,identity,0,{},0.8856256,0.8856256,0,0.41245607,0.41245607,0.25591755,0.25591755,0.15653852,0.15653852,0,1,1,98.922102,98.922102,False,1.0000001,True,True,True,1,1,98.922102,98.922102,1,1,97.508289,97.508289,1,1,16.664808,16.664808,1,1,34.737365,34.737365,1,1,47.530007,47.530007,1,1,51.325795,51.325795,1,1,43.230119,43.230119,1,1,39.228815,39.228815
0b_baseline_last,file,19,baseline,11647,198.Rock_Wren/Rock_Wren_0080_189340.jpg,198,197,198.Rock_Wren,150,149,horizontal_flip,horizontal_flip,0,"{""flipped"":true}",0.8856256,2.4577146,1.572089,0.41245607,0.085630447,0.25591755,0.67967421,0.15653852,-0.59404376,-0.75058228,0.63623511,2.198608,98.922102,217.49092,False,0.94464827,False,True,False,0.63623511,2.198608,98.922102,217.49092,0.62922591,2.205975,97.508289,215.10085,0.91615692,1.9294973,16.664808,32.154701,0.69763986,2.1391547,34.737365,74.308598,0.60950249,2.2918084,47.530007,108.92967,0.61971569,2.2135282,51.325795,113.6111,0.59567576,2.2502238,43.230119,97.277444,0.67049574,2.0568553,39.228815,80.687998
0b_baseline_last,file,19,baseline,11647,198.Rock_Wren/Rock_Wren_0080_189340.jpg,198,197,198.Rock_Wren,150,149,color_jitter,color_jitter,0,"{""brightness"":0.851351,""contrast"":1.177205,""hue"":-0.024933,""saturation"":1.345069}",0.8856256,2.3308797,1.4452541,0.41245607,0.097210199,0.25591755,0.44171223,0.15653852,-0.34450203,-0.50104055,0.78083355,1.741268,98.922102,172.24989,False,0.93220985,False,True,False,0.78083355,1.741268,98.922102,172.24989,0.77732985,1.7470634,97.508289,170.35317,0.92456524,1.5296671,16.664808,25.491609,0.79072941,2.0850412,34.737365,72.428838,0.72934497,1.6847581,47.530007,80.076563,0.78977489,1.7876083,51.325795,91.750416,0.79731429,1.6793273,43.230119,72.597519,0.809739,1.5450164,39.228815,60.609161
0b_baseline_last,file,19,baseline,11647,198.Rock_Wren/Rock_Wren_0080_189340.jpg,198,197,198.Rock_Wren,150,149,rotation,rotation,0,"{""angle"":10.627642}",0.8856256,2.4548473,1.5692217,0.41245607,0.085876323,0.25591755,0.028504226,0.15653852,0.057372097,-0.099166419,0.60088418,1.4457926,98.922102,143.02084,False,0.88070804,False,True,False,0.60088418,1.4457926,98.922102,143.02084,0.59483256,1.44423,97.508289,140.8244,0.80098348,1.4983065,16.664808,24.96899,0.74696923,1.5748278,34.737365,54.70537,0.58051673,1.4239955,47.530007,67.682517,0.54320753,1.3284394,51.325795,68.18321,0.57262226,1.466092,43.230119,63.37933,0.60017585,1.5277921,39.228815,59.933475
0b_baseline_last,file,19,baseline,11647,198.Rock_Wren/Rock_Wren_0080_189340.jpg,198,197,198.Rock_Wren,150,149,random_resized_crop,random_resized_crop,0,"{""area_fraction"":0.611122,""aspect"":1.217711,""fallback"":false,""height"":0.708422,""left"":0.081593,""top"":0.134095,""width"":0.862653}",0.8856256,2.3778934,1.4922678,0.41245607,0.092745759,0.25591755,0.083168596,0.15653852,0.0095771626,-0.14696135,0.56966981,1.5619442,98.922102,154.5108,False,0.84893358,False,True,False,0.56966981,1.5619442,98.922102,154.5108,0.56373014,1.5629202,97.508289,152.39767,0.77778631,1.5281549,16.664808,25.466407,0.69144197,1.7853556,34.737365,62.018548,0.54565602,1.7227699,47.530007,81.883263,0.46719766,1.3686732,51.325795,70.248238,0.57552173,1.4880031,43.230119,64.326551,0.62819963,1.5297346,39.228815,60.009675
0b_baseline_last,file,19,baseline,11647,198.Rock_Wren/Rock_Wren_0080_189340.jpg,198,197,198.Rock_Wren,150,149,gaussian_blur,gaussian_blur,0,"{""sigma"":1.627343}",0.8856256,7.052433,6.1668074,0.41245607,0.00086530141,0.25591755,0.0051047769,0.15653852,-0.0042394755,-0.16077799,0.32855272,1.4260201,98.922102,141.06491,False,0.68109798,False,True,False,0.32855272,1.4260201,98.922102,141.06491,0.31949614,1.4184406,97.508289,138.30972,0.59680832,1.6648258,16.664808,27.744002,0.50668731,1.3906724,34.737365,48.308295,0.16397843,1.1884431,47.530007,56.486708,0.31286616,1.3349058,51.325795,68.5151,0.33385257,1.5405711,43.230119,66.599074,0.36462373,1.7053358,39.228815,66.898302
0b_baseline_last,file,19,baseline,11647,198.Rock_Wren/Rock_Wren_0080_189340.jpg,198,197,198.Rock_Wren,150,149,random_erasing,random_erasing,0,"{""area_fraction"":0.094417,""erased"":true,""height"":0.214597,""left"":0.170978,""top"":0.187552,""width"":0.439975}",0.8856256,0.90188581,0.016260207,0.41245607,0.40580368,0.25591755,0.10990488,0.15653852,0.2958988,0.13936029,0.7533843,0.86307453,98.922102,85.377147,False,0.95274937,True,True,True,0.7533843,0.86307453,98.922102,85.377147,0.74840994,0.8592485,97.508289,83.783851,0.90874636,0.98514027,16.664808,16.417173,0.51251487,0.76348611,34.737365,26.521496,0.76213898,0.82394061,47.530007,39.161903,0.77207309,0.81404595,51.325795,41.781555,0.78671663,0.90253067,43.230119,39.016508,0.81270344,0.99210709,39.228815,38.919185
0b_baseline_last,file,19,baseline,9326,159.Black_and_white_Warbler/Black_And_White_Warbler_0081_110906.jpg,159,158,159.Black_and_white_Warbler,99,98,identity,identity,0,{},0.021306437,0.021306437,0,0.97891897,0.97891897,0.0040728096,0.0040728096,0.97484616,0.97484616,0,1,1,3.6056808,3.6056808,False,0.99999994,True,True,True,1,1,3.6056808,3.6056808,1,1,3.5577926,3.5577926,1,1,0.58570139,0.58570139,1,1,0.64675528,0.64675528,1,1,1.5698374,1.5698374,1,1,1.9340882,1.9340882,1,1,1.7533119,1.7533119,1,1,1.7205832,1.7205832
0b_baseline_last,file,19,baseline,9326,159.Black_and_white_Warbler/Black_And_White_Warbler_0081_110906.jpg,159,158,159.Black_and_white_Warbler,99,98,horizontal_flip,horizontal_flip,0,"{""flipped"":true}",0.021306437,0.028924797,0.0076183602,0.97891897,0.97148955,0.0040728096,0.0044410764,0.97484616,0.96704847,-0.0077976878,0.61896549,1.4934366,3.6056808,5.3848556,False,0.96568936,True,True,True,0.61896549,1.4934366,3.6056808,5.3848556,0.60966881,1.4922482,3.5577926,5.3091096,0.95234751,1.5366426,0.58570139,0.90001371,0.51742083,1.3955531,0.64675528,0.90258135,0.57934584,1.6340503,1.5698374,2.5651932,0.56908375,1.4989158,1.9340882,2.8990353,0.55733286,1.4337415,1.7533119,2.5137962,0.7629115,1.4317072,1.7205832,2.4633714
0b_baseline_last,file,19,baseline,9326,159.Black_and_white_Warbler/Black_And_White_Warbler_0081_110906.jpg,159,158,159.Black_and_white_Warbler,99,98,color_jitter,color_jitter,0,"{""brightness"":1.303172,""contrast"":1.065247,""hue"":0.01558,""saturation"":0.870441}",0.021306437,0.020861024,-0.00044541247,0.97891897,0.97935504,0.0040728096,0.0036122655,0.97484616,0.97574277,0.00089661172,0.86534435,0.95040127,3.6056808,3.4268436,False,0.98709488,True,True,True,0.86534435,0.95040127,3.6056808,3.4268436,0.86215819,0.94995802,3.5577926,3.3797536,0.98101007,0.96661441,0.58570139,0.56614741,0.76168085,1.078366,0.64675528,0.69743893,0.82236852,1.028884,1.5698374,1.6151806,0.86165455,0.8738246,1.9340882,1.6900538,0.86177642,0.92035987,1.7533119,1.6136779,0.92107969,0.98414333,1.7205832,1.6933005
0b_baseline_last,file,19,baseline,9326,159.Black_and_white_Warbler/Black_And_White_Warbler_0081_110906.jpg,159,158,159.Black_and_white_Warbler,99,98,rotation,rotation,0,"{""angle"":-11.799102}",0.021306437,0.035694469,0.014388032,0.97891897,0.96493506,0.0040728096,0.0056278314,0.97484616,0.95930723,-0.015538927,0.7773912,1.5748975,3.6056808,5.6785778,False,0.96349084,True,True,True,0.7773912,1.5748975,3.6056808,5.6785778,0.77268621,1.5757924,3.5577926,5.6063424,0.95504175,1.5415165,0.58570139,0.90286834,0.67056321,1.4702768,0.64675528,0.95090929,0.76604243,1.5306522,1.5698374,2.402875,0.76503638,1.5633174,1.9340882,3.0235937,0.7611557,1.628175,1.7533119,2.8546987,0.81417612,1.5875987,1.7205832,2.7315956
0b_baseline_last,file,19,baseline,9326,159.Black_and_white_Warbler/Black_And_White_Warbler_0081_110906.jpg,159,158,159.Black_and_white_Warbler,99,98,random_resized_crop,random_resized_crop,0,"{""area_fraction"":0.739945,""aspect"":0.979522,""fallback"":false,""height"":0.869146,""left"":0.127575,""top"":0.038829,""width"":0.851348}",0.021306437,0.050137069,0.028830633,0.97891897,0.95109904,0.0040728096,0.0054661157,0.97484616,0.94563292,-0.029213238,0.75445482,2.5458024,3.6056808,9.1793509,False,0.96042001,True,True,True,0.75445482,2.5458024,3.6056808,9.1793509,0.75043208,2.5521042,3.5577926,9.0798574,0.92301409,2.3012417,0.58570139,1.3478405,0.68018257,2.5067842,0.64675528,1.6212759,0.7075105,2.6674414,1.5698374,4.1874492,0.75389201,2.5581554,1.9340882,4.947698,0.75648918,2.6195182,1.7533119,4.5928325,0.79230929,2.3755812,1.7205832,4.0873851
0b_baseline_last,file,19,baseline,9326,159.Black_and_white_Warbler/Black_And_White_Warbler_0081_110906.jpg,159,158,159.Black_and_white_Warbler,99,98,gaussian_blur,gaussian_blur,0,"{""sigma"":1.793537}",0.021306437,0.012324722,-0.008981714,0.97891897,0.98775089,0.0040728096,0.00034946259,0.97484616,0.98740143,0.012555265,0.50765822,0.58485934,3.6056808,2.1088161,False,0.89713085,True,True,True,0.50765822,0.58485934,3.6056808,2.1088161,0.49883621,0.58051064,3.5577926,2.0653365,0.77998933,0.72736235,0.58570139,0.42601714,0.28669178,0.49366164,0.64675528,0.31927828,0.30399313,0.54515281,1.5698374,0.85580125,0.58245097,0.61421561,1.9340882,1.1879471,0.50189964,0.59457552,1.7533119,1.0424764,0.56687021,0.56148235,1.7205832,0.9660771
0b_baseline_last,file,19,baseline,9326,159.Black_and_white_Warbler/Black_And_White_Warbler_0081_110906.jpg,159,158,159.Black_and_white_Warbler,99,98,random_erasing,random_erasing,0,"{""area_fraction"":0.140876,""erased"":true,""height"":0.512077,""left"":0.224834,""top"":0.4683,""width"":0.275106}",0.021306437,0.088470913,0.067164477,0.97891897,0.91532975,0.0040728096,0.0078211958,0.97484616,0.90750856,-0.067337601,0.74901405,3.9523482,3.6056808,14.250906,False,0.95582139,True,True,True,0.74901405,3.9523482,3.6056808,14.250906,0.74440741,3.9479153,3.5577926,14.045864,0.91279463,4.1125777,0.58570139,2.4087425,0.83102705,4.3994722,0.64675528,2.8453819,0.8155506,3.8864567,1.5698374,6.1011049,0.74759483,3.917632,1.9340882,7.5770457,0.65483255,3.9475933,1.7533119,6.9213624,0.7621825,3.9696197,1.7205832,6.830061
0b_baseline_last,file,19,baseline,533,010.Red_winged_Blackbird/Red_Winged_Blackbird_0020_4050.jpg,10,9,010.Red_winged_Blackbird,26,25,identity,identity,0,{},0.0022057984,0.0022057984,0,0.99779665,0.99779665,0.00053922698,0.00053922698,0.99725743,0.99725743,0,1,1,0.29562666,0.29562666,False,1,True,True,True,1,1,0.29562666,0.29562666,1,1,0.28681996,0.28681996,1,1,0.071620066,0.071620066,1,1,0.066694908,0.066694908,1,1,0.099099518,0.099099518,1,1,0.11814756,0.11814756,1,1,0.14023047,0.14023047,1,1,0.18540047,0.18540047
0b_baseline_last,file,19,baseline,533,010.Red_winged_Blackbird/Red_Winged_Blackbird_0020_4050.jpg,10,9,010.Red_winged_Blackbird,26,25,horizontal_flip,horizontal_flip,0,"{""flipped"":true}",0.0022057984,0.00083244953,-0.0013733489,0.99779665,0.99916792,0.00053922698,0.00031459541,0.99725743,0.99885332,0.001595896,0.63194871,0.40642965,0.29562666,0.12015144,False,0.97695762,True,True,True,0.63194871,0.40642965,0.29562666,0.12015144,0.61157438,0.40590347,0.28681996,0.11642122,0.95185969,0.41477721,0.071620066,0.029706371,0.31598826,0.40624975,0.066694908,0.02709479,0.53768383,0.41861688,0.099099518,0.041484731,0.57243209,0.44757752,0.11814756,0.05288019,0.52718525,0.39508589,0.14023047,0.055403081,0.74322786,0.3901786,0.18540047,0.072339293
0b_baseline_last,file,19,baseline,533,010.Red_winged_Blackbird/Red_Winged_Blackbird_0020_4050.jpg,10,9,010.Red_winged_Blackbird,26,25,color_jitter,color_jitter,0,"{""brightness"":1.391096,""contrast"":1.026073,""hue"":-0.053413,""saturation"":1.28437}",0.0022057984,0.055686891,0.053481093,0.99779665,0.94583523,0.00053922698,0.012323328,0.99725743,0.9335119,-0.063745523,0.64483002,30.471821,0.29562666,9.0082827,False,0.93240201,True,True,True,0.64483002,30.471821,0.29562666,9.0082827,0.63442848,30.613366,0.28681996,8.7805245,0.82877228,28.104491,0.071620066,2.0128455,0.45940935,31.4899,0.066694908,2.100216,0.52659481,31.810542,0.099099518,3.1524093,0.56489248,33.28596,0.11814756,3.9326549,0.61529639,31.596576,0.14023047,4.4308027,0.74276061,28.362624,0.18540047,5.2584437
0b_baseline_last,file,19,baseline,533,010.Red_winged_Blackbird/Red_Winged_Blackbird_0020_4050.jpg,10,9,010.Red_winged_Blackbird,26,25,rotation,rotation,0,"{""angle"":1.729979}",0.0022057984,0.001496744,-0.00070905441,0.99779665,0.9985044,0.00053922698,0.00043336023,0.99725743,0.99807104,0.00081361231,0.89452005,0.67105642,0.29562666,0.19838217,False,0.99538743,True,True,True,0.89452005,0.67105642,0.29562666,0.19838217,0.88800413,0.6684521,0.28681996,0.1917254,0.99433212,0.71152331,0.071620066,0.050959346,0.76819895,0.71822605,0.066694908,0.047902021,0.82339979,0.67242166,0.099099518,0.066636662,0.85863952,0.67913053,0.11814756,0.080237614,0.88004725,0.63813698,0.14023047,0.089486249,0.94023411,0.67319534,0.18540047,0.12481073
0b_baseline_last,file,19,baseline,533,010.Red_winged_Blackbird/Red_Winged_Blackbird_0020_4050.jpg,10,9,010.Red_winged_Blackbird,26,25,random_resized_crop,random_resized_crop,0,"{""area_fraction"":0.629987,""aspect"":1.18147,""fallback"":false,""height"":0.730221,""left"":0.093061,""top"":0.075679,""width"":0.862734}",0.0022057984,0.016843833,0.014638035,0.99779665,0.98329723,0.00053922698,0.0011577688,0.99725743,0.98213946,-0.015117968,0.706155,7.6345879,0.29562666,2.2569877,False,0.96885574,True,True,True,0.706155,7.6345879,0.29562666,2.2569877,0.693716,7.701525,0.28681996,2.2089511,0.95399302,6.4670754,0.071620066,0.46317237,0.7594953,6.8642745,0.066694908,0.45781216,0.61423668,7.1847219,0.099099518,0.71200248,0.64495452,7.1373208,0.11814756,0.84325702,0.60305459,7.6139982,0.14023047,1.0677146,0.77489356,8.2010035,0.18540047,1.5204699
0b_baseline_last,file,19,baseline,533,010.Red_winged_Blackbird/Red_Winged_Blackbird_0020_4050.jpg,10,9,010.Red_winged_Blackbird,26,25,gaussian_blur,gaussian_blur,0,"{""sigma"":1.375235}",0.0022057984,0.011034892,0.0088290935,0.99779665,0.98902577,0.00053922698,0.0021687797,0.99725743,0.98685699,-0.010400436,0.7284168,5.7957708,0.29562666,1.7133844,False,0.97764862,True,True,True,0.7284168,5.7957708,0.29562666,1.7133844,0.71762293,5.8656029,0.28681996,1.682372,0.97578208,4.5310729,0.071620066,0.32451574,0.54470328,6.7203487,0.066694908,0.44821304,0.64303702,6.723689,0.099099518,0.66631434,0.64917617,6.8643441,0.11814756,0.81100549,0.71710873,5.8839295,0.14023047,0.82510621,0.83433987,4.9639184,0.18540047,0.92031279
0b_baseline_last,file,19,baseline,533,010.Red_winged_Blackbird/Red_Winged_Blackbird_0020_4050.jpg,10,9,010.Red_winged_Blackbird,26,25,random_erasing,random_erasing,0,"{""area_fraction"":0.099651,""erased"":true,""height"":0.56287,""left"":0.776913,""top"":0.421578,""width"":0.177041}",0.0022057984,0.0049436479,0.0027378495,0.99779665,0.99506855,0.00053922698,0.0010291919,0.99725743,0.99403936,-0.0032180695,0.81061333,2.2145284,0.29562666,0.65467363,False,0.98752081,True,True,True,0.81061333,2.2145284,0.29562666,0.65467363,0.79930759,2.2060009,0.28681996,0.63272508,0.98249738,2.3470633,0.071620066,0.16809683,0.60055094,2.4773292,0.066694908,0.16522524,0.70201325,2.1919273,0.099099518,0.21721894,0.73508054,2.1860432,0.11814756,0.25827567,0.78731437,2.2047313,0.14023047,0.30917051,0.89038193,2.1813943,0.18540047,0.40443151
0b_baseline_last,file,19,baseline,11755,200.Common_Yellowthroat/Common_Yellowthroat_0009_190578.jpg,200,199,200.Common_Yellowthroat,153,152,identity,identity,0,{},0.028974015,0.028974015,0,0.97144169,0.97144169,0.0034485064,0.0034485064,0.96799318,0.96799318,0,1,1,4.259847,4.259847,False,1,True,True,True,1,1,4.259847,4.259847,1,1,4.1843922,4.1843922,1,1,0.79822185,0.79822185,1,1,0.78379705,0.78379705,1,1,1.658752,1.658752,1,1,2.1168842,2.1168842,1,1,2.1750477,2.1750477,1,1,2.2206556,2.2206556
0b_baseline_last,file,19,baseline,11755,200.Common_Yellowthroat/Common_Yellowthroat_0009_190578.jpg,200,199,200.Common_Yellowthroat,153,152,horizontal_flip,horizontal_flip,0,"{""flipped"":true}",0.028974015,0.06036631,0.031392295,0.97144169,0.9414196,0.0034485064,0.0088222921,0.96799318,0.93259731,-0.03539587,0.59420552,2.253691,4.259847,9.6003789,False,0.95160991,True,True,True,0.59420552,2.253691,4.259847,9.6003789,0.58255472,2.259418,4.1843922,9.4542911,0.94203602,2.0901818,0.79822185,1.6684288,0.52796281,2.4800254,0.78379705,1.9438366,0.48058847,2.7049995,1.658752,4.4869233,0.60442722,2.2779104,2.1168842,4.8220726,0.56720579,2.1666548,2.1750477,4.7125777,0.67254875,2.0144782,2.2206556,4.4734624
0b_baseline_last,file,19,baseline,11755,200.Common_Yellowthroat/Common_Yellowthroat_0009_190578.jpg,200,199,200.Common_Yellowthroat,153,152,color_jitter,color_jitter,0,"{""brightness"":1.324882,""contrast"":1.116773,""hue"":-0.053219,""saturation"":1.387447}",0.028974015,2.3500543,2.3210802,0.97144169,0.095363997,0.0034485064,0.018080264,0.96799318,0.077283733,-0.89070945,0.562627,31.158855,4.259847,132.73195,False,0.83782524,False,True,False,0.562627,31.158855,4.259847,132.73195,0.55364226,31.179562,4.1843922,130.46752,0.81443428,30.584333,0.79822185,24.413083,0.47502169,26.020187,0.78379705,20.394546,0.56385545,30.438251,1.658752,50.489509,0.55762505,33.190676,2.1168842,70.260817,0.53201386,31.830633,2.1750477,69.233146,0.57766881,29.621287,2.2206556,65.778676
0b_baseline_last,file,19,baseline,11755,200.Common_Yellowthroat/Common_Yellowthroat_0009_190578.jpg,200,199,200.Common_Yellowthroat,153,152,rotation,rotation,0,"{""angle"":-10.326624}",0.028974015,0.026031837,-0.0029421784,0.97144169,0.97430408,0.0034485064,0.00094677013,0.96799318,0.97335731,0.0053641301,0.70983066,0.86806669,4.259847,3.6978313,False,0.97078693,True,True,True,0.70983066,0.86806669,4.259847,3.6978313,0.70070475,0.86801918,4.1843922,3.6321327,0.96022185,0.86937144,0.79822185,0.69395128,0.68841649,0.95321655,0.78379705,0.74712832,0.70092569,0.88350234,1.658752,1.4655112,0.68409064,0.86137667,2.1168842,1.8234346,0.67150401,0.88651899,2.1750477,1.9282211,0.7487882,0.8356409,2.2206556,1.8556706
0b_baseline_last,file,19,baseline,11755,200.Common_Yellowthroat/Common_Yellowthroat_0009_190578.jpg,200,199,200.Common_Yellowthroat,153,152,random_resized_crop,random_resized_crop,0,"{""area_fraction"":0.78148,""aspect"":0.807258,""fallback"":false,""height"":0.983904,""left"":0.006955,""top"":0.00777,""width"":0.794264}",0.028974015,0.36308727,0.33411325,0.97144169,0.69552577,0.0034485064,0.050593421,0.96799318,0.64493234,-0.32306084,0.71172045,9.6619642,4.259847,41.158489,False,0.94510055,True,True,True,0.71172045,9.6619642,4.259847,41.158489,0.70298429,9.6390816,4.1843922,40.333698,0.93840481,10.270849,0.79822185,8.1984158,0.64611042,8.6428967,0.78379705,6.774277,0.74059169,9.2241285,1.658752,15.300541,0.71609413,9.6920299,2.1168842,20.516905,0.65237822,10.047799,2.1750477,21.854442,0.72966538,9.5340813,2.2206556,21.171911
0b_baseline_last,file,19,baseline,11755,200.Common_Yellowthroat/Common_Yellowthroat_0009_190578.jpg,200,199,200.Common_Yellowthroat,153,152,gaussian_blur,gaussian_blur,0,"{""sigma"":1.916883}",0.028974015,1.2118788,1.1829048,0.97144169,0.29763758,0.0034485064,0.045357496,0.96799318,0.25228009,-0.71571309,0.42030484,29.835646,4.259847,127.09529,False,0.8102963,True,True,True,0.42030484,29.835646,4.259847,127.09529,0.41037323,30.058989,4.1843922,125.7786,0.79459665,22.859623,0.79822185,18.24705,0.12972932,43.990119,0.78379705,34.479325,0.34280601,33.560435,1.658752,55.668438,0.38654663,34.596009,2.1168842,73.235743,0.47443844,29.257812,2.1750477,63.637138,0.54021339,20.730742,2.2206556,46.035838
0b_baseline_last,file,19,baseline,11755,200.Common_Yellowthroat/Common_Yellowthroat_0009_190578.jpg,200,199,200.Common_Yellowthroat,153,152,random_erasing,random_erasing,0,"{""area_fraction"":0.15454,""erased"":true,""height"":0.615275,""left"":0.264928,""top"":0.081822,""width"":0.251172}",0.028974015,0.036878683,0.0079046674,0.97144169,0.96379304,0.0034485064,0.00065567513,0.96799318,0.96313736,-0.0048558156,0.86256944,1.1205734,4.259847,4.7734711,False,0.96531308,True,True,True,0.86256944,1.1205734,4.259847,4.7734711,0.85891772,1.1164377,4.1843922,4.6716132,0.95755875,1.2287872,0.79822185,0.98084481,0.8297199,1.1203633,0.78379705,0.87813746,0.83703056,1.030949,1.658752,1.7100887,0.86067742,1.1050663,2.1168842,2.3392973,0.85614445,1.134925,2.1750477,2.4685161,0.8764191,1.1536003,2.2206556,2.5617489
0b_baseline_last,file,19,baseline,5637,097.Orchard_Oriole/Orchard_Oriole_0005_91682.jpg,97,96,097.Orchard_Oriole,95,94,identity,identity,0,{},0.5483827,0.5483827,0,0.57788366,0.57788366,0.11579001,0.11579001,0.46209365,0.46209365,0,1,1,53.626641,53.626641,False,1,True,True,True,1,1,53.626641,53.626641,1,1,52.740609,52.740609,1,1,9.707974,9.707974,1,1,13.678568,13.678568,1,1,19.224603,19.224603,1,1,25.629268,25.629268,1,1,26.47575,26.47575,1,1,29.445858,29.445858
0b_baseline_last,file,19,baseline,5637,097.Orchard_Oriole/Orchard_Oriole_0005_91682.jpg,97,96,097.Orchard_Oriole,95,94,horizontal_flip,horizontal_flip,0,"{""flipped"":true}",0.5483827,0.12886058,-0.41952212,0.57788366,0.87909651,0.11579001,0.042542025,0.46209365,0.83655448,0.37446083,0.69424824,0.2738642,53.626641,14.686417,False,0.96642083,True,True,True,0.69424824,0.2738642,53.626641,14.686417,0.68370694,0.27134181,52.740609,14.310732,0.95955153,0.33998574,9.707974,3.3005727,0.47853234,0.19359434,13.678568,2.6480933,0.54962424,0.24568986,19.224603,4.7232899,0.70936418,0.25613176,25.629268,6.5644697,0.66235427,0.27501802,26.47575,7.2813083,0.76911628,0.30254614,29.445858,8.9087307
0b_baseline_last,file,19,baseline,5637,097.Orchard_Oriole/Orchard_Oriole_0005_91682.jpg,97,96,097.Orchard_Oriole,95,94,color_jitter,color_jitter,0,"{""brightness"":1.058519,""contrast"":0.827197,""hue"":-0.094598,""saturation"":0.762045}",0.5483827,4.0633469,3.5149642,0.57788366,0.017191384,0.11579001,0.0039676307,0.46209365,0.013223753,-0.4488699,0.22517013,2.4301651,53.626641,130.32159,False,0.76054496,False,True,False,0.22517013,2.4301651,53.626641,130.32159,0.21008714,2.4143437,52.740609,127.33396,0.6043232,2.8579511,9.707974,27.744915,0.12862876,1.6049525,13.678568,21.953451,0.025186409,2.3269446,19.224603,44.734586,0.22022333,2.3775069,25.629268,60.933762,0.24812136,2.5334093,26.47575,67.07391,0.25876155,2.5229269,29.445858,74.289746
0b_baseline_last,file,19,baseline,5637,097.Orchard_Oriole/Orchard_Oriole_0005_91682.jpg,97,96,097.Orchard_Oriole,95,94,rotation,rotation,0,"{""angle"":-12.24497}",0.5483827,0.7252838,0.1769011,0.57788366,0.48418713,0.11579001,0.26716343,0.46209365,0.2170237,-0.24506995,0.75506689,1.257242,53.626641,67.421665,False,0.95837176,True,True,True,0.75506689,1.257242,53.626641,67.421665,0.74839099,1.2523598,52.740609,66.050218,0.93628632,1.3936571,9.707974,13.529586,0.70339021,1.0160235,13.678568,13.897746,0.64577984,1.1524959,19.224603,22.156276,0.72656713,1.2499941,25.629268,32.036435,0.76021302,1.3247777,26.47575,35.074482,0.80668796,1.2806496,29.445858,37.709825
0b_baseline_last,file,19,baseline,5637,097.Orchard_Oriole/Orchard_Oriole_0005_91682.jpg,97,96,097.Orchard_Oriole,95,94,random_resized_crop,random_resized_crop,0,"{""area_fraction"":0.524403,""aspect"":0.799085,""fallback"":false,""height"":0.810096,""left"":0.132067,""top"":0.103706,""width"":0.647335}",0.5483827,0.30107081,-0.24731189,0.57788366,0.7400254,0.11579001,0.12883966,0.46209365,0.61118574,0.14909209,0.70180759,0.71637312,53.626641,38.416684,False,0.95499712,True,True,True,0.70180759,0.71637312,53.626641,38.416684,0.69305079,0.71325189,52.740609,37.617339,0.93611642,0.80304989,9.707974,7.7959875,0.51855331,0.65148783,13.678568,8.9114203,0.62523147,0.80922044,19.224603,15.556941,0.6862922,0.72572624,25.629268,18.599833,0.71509114,0.69878304,26.47575,18.500805,0.75455899,0.68378097,29.445858,20.134517
0b_baseline_last,file,19,baseline,5637,097.Orchard_Oriole/Orchard_Oriole_0005_91682.jpg,97,96,097.Orchard_Oriole,95,94,gaussian_blur,gaussian_blur,0,"{""sigma"":1.45218}",0.5483827,2.7739267,2.225544,0.57788366,0.062416431,0.11579001,0.8098731,0.46209365,-0.74745667,-1.2095503,0.52899067,3.8670413,53.626641,207.37643,False,0.90129685,False,True,False,0.52899067,3.8670413,53.626641,207.37643,0.52148475,3.8873003,52.740609,205.01859,0.80648444,3.2120782,9.707974,31.182771,0.5801806,3.4081335,13.678568,46.618384,0.44690334,4.7200197,19.224603,90.740503,0.55613903,4.5387138,25.629268,116.32392,0.53581636,3.8534793,26.47575,102.02375,0.53606597,2.9772086,29.445858,87.666462
0b_baseline_last,file,19,baseline,5637,097.Orchard_Oriole/Orchard_Oriole_0005_91682.jpg,97,96,097.Orchard_Oriole,95,94,random_erasing,random_erasing,0,"{""area_fraction"":0.17666,""erased"":true,""height"":0.39581,""left"":0.112804,""top"":0.58169,""width"":0.446325}",0.5483827,0.4696154,-0.0787673,0.57788366,0.62524271,0.11579001,0.027293198,0.46209365,0.59794951,0.13585586,0.81924072,0.85705769,53.626641,45.961125,False,0.94907999,True,True,True,0.81924072,0.85705769,53.626641,45.961125,0.8160063,0.85359003,52.740609,45.018858,0.90954035,0.95374278,9.707974,9.2589101,0.823259,0.89195376,13.678568,12.20065,0.7995706,0.87547151,19.224603,16.830592,0.81477648,0.83178855,25.629268,21.318132,0.81138201,0.85795992,26.47575,22.715132,0.82680436,0.8484267,29.445858,24.982652
0b_baseline_last,file,19,baseline,2487,044.Frigatebird/Frigatebird_0080_43064.jpg,44,43,044.Frigatebird,23,22,identity,identity,0,{},0.00090319844,0.00090319844,0,0.99909723,0.99909723,0.00018145135,0.00018145135,0.99891578,0.99891578,0,1,1,0.18386565,0.18386565,False,1,True,True,True,1,1,0.18386565,0.18386565,1,1,0.18132857,0.18132857,1,1,0.030438873,0.030438873,1,1,0.032102728,0.032102728,1,1,0.074466928,0.074466928,1,1,0.086336667,0.086336667,1,1,0.093624096,0.093624096,1,1,0.10042236,0.10042236
0b_baseline_last,file,19,baseline,2487,044.Frigatebird/Frigatebird_0080_43064.jpg,44,43,044.Frigatebird,23,22,horizontal_flip,horizontal_flip,0,"{""flipped"":true}",0.00090319844,0.0013478252,0.00044462673,0.99909723,0.99865305,0.00018145135,0.00048520099,0.99891578,0.99816785,-0.00074792345,0.68210219,1.4760343,0.18386565,0.271392,False,0.97285807,True,True,True,0.68210219,1.4760343,0.18386565,0.271392,0.67363774,1.4720022,0.18132857,0.26691605,0.95904807,1.6126111,0.030438873,0.049086064,0.43745347,1.8517558,0.032102728,0.059446412,0.66127062,1.5660076,0.074466928,0.11661578,0.67646386,1.4204785,0.086336667,0.12263938,0.62052247,1.3998519,0.093624096,0.13105987,0.75709787,1.4734374,0.10042236,0.14796606
0b_baseline_last,file,19,baseline,2487,044.Frigatebird/Frigatebird_0080_43064.jpg,44,43,044.Frigatebird,23,22,color_jitter,color_jitter,0,"{""brightness"":1.076325,""contrast"":0.91505,""hue"":-0.01049,""saturation"":1.158916}",0.00090319844,0.0021559584,0.00125276,0.99909723,0.99784636,0.00018145135,0.00037574754,0.99891578,0.99747062,-0.0014451593,0.94021419,2.4546267,0.18386565,0.45132152,False,0.99387157,True,True,True,0.94021419,2.4546267,0.18386565,0.45132152,0.93890796,2.4590265,0.18132857,0.44589175,0.99216308,2.2930303,0.030438873,0.069797258,0.80343378,2.3443367,0.032102728,0.075259602,0.91607343,2.5463146,0.074466928,0.18961623,0.94004999,2.582041,0.086336667,0.22292481,0.94409824,2.4404982,0.093624096,0.22848944,0.96329961,2.3416675,0.10042236,0.23515578
0b_baseline_last,file,19,baseline,2487,044.Frigatebird/Frigatebird_0080_43064.jpg,44,43,044.Frigatebird,23,22,rotation,rotation,0,"{""angle"":5.921578}",0.00090319844,0.00057644915,-0.00032674929,0.99909723,0.99942374,0.00018145135,0.00013742535,0.99891578,0.99928632,0.00037054025,0.84389778,0.64952822,0.18386565,0.11942593,False,0.9849031,True,True,True,0.84389778,0.64952822,0.18386565,0.11942593,0.83990406,0.64896516,0.18132857,0.11767593,0.98172557,0.66920312,0.030438873,0.020369788,0.71809967,0.56058773,0.032102728,0.017996395,0.82674557,0.65366744,0.074466928,0.048676606,0.83033533,0.68229765,0.086336667,0.058907305,0.82460915,0.65012805,0.093624096,0.060867651,0.88210999,0.62817167,0.10042236,0.063082483
0b_baseline_last,file,19,baseline,2487,044.Frigatebird/Frigatebird_0080_43064.jpg,44,43,044.Frigatebird,23,22,random_resized_crop,random_resized_crop,0,"{""area_fraction"":0.662676,""aspect"":1.158102,""fallback"":false,""height"":0.756445,""left"":0.042753,""top"":0.179115,""width"":0.87604}",0.00090319844,0.0028400584,0.00193686,0.99909723,0.99716395,0.00018145135,0.00066536135,0.99891578,0.99649859,-0.0024171867,0.72288867,3.4705579,0.18386565,0.63811637,False,0.9548468,True,True,True,0.72288867,3.4705579,0.18386565,0.63811637,0.71681133,3.4747428,0.18132857,0.63007014,0.94944712,3.3186317,0.030438873,0.10101541,0.4194383,3.8193298,0.032102728,0.12261091,0.68231507,4.1509565,0.074466928,0.30910898,0.71613849,3.2780626,0.086336667,0.283017,0.71242011,3.4230207,0.093624096,0.32047722,0.79398959,3.2051938,0.10042236,0.32187314
0b_baseline_last,file,19,baseline,2487,044.Frigatebird/Frigatebird_0080_43064.jpg,44,43,044.Frigatebird,23,22,gaussian_blur,gaussian_blur,0,"{""sigma"":1.033653}",0.00090319844,0.0041414453,0.0032382468,0.99909723,0.99586713,0.00018145135,0.00010587682,0.99891578,0.99576126,-0.0031545204,0.73692478,5.0632229,0.18386565,0.93095275,False,0.95362103,True,True,True,0.73692478,5.0632229,0.18386565,0.93095275,0.73259363,5.0845736,0.18132857,0.92197846,0.93341749,4.2364403,0.030438873,0.12895247,0.62591351,5.4339511,0.032102728,0.17444465,0.67931881,5.5367288,0.074466928,0.41230319,0.71670256,5.4030412,0.086336667,0.46648057,0.72832923,5.0016776,0.093624096,0.46827755,0.80568158,4.5928832,0.10042236,0.46122819
0b_baseline_last,file,19,baseline,2487,044.Frigatebird/Frigatebird_0080_43064.jpg,44,43,044.Frigatebird,23,22,random_erasing,random_erasing,0,"{""area_fraction"":0.123997,""erased"":true,""height"":0.43299,""left"":0.336634,""top"":0.519832,""width"":0.286374}",0.00090319844,0.0048530172,0.0039498187,0.99909723,0.99515873,0.00018145135,0.00058577862,0.99891578,0.99457295,-0.0043428234,0.84179206,4.8042206,0.18386565,0.88333112,False,0.97967762,True,True,True,0.84179206,4.8042206,0.18386565,0.88333112,0.83795137,4.8012068,0.18132857,0.87059597,0.97527445,4.9099738,0.030438873,0.14945407,0.73911435,5.5418633,0.032102728,0.17790893,0.84444531,4.9928824,0.074466928,0.37180462,0.81914594,4.5424986,0.086336667,0.39218419,0.82999751,4.7576363,0.093624096,0.4454294,0.86801848,4.8358218,0.10042236,0.48562465
0b_baseline_last,file,19,baseline,7243,124.Le_Conte_Sparrow/Le_Conte_Sparrow_0078_117052.jpg,124,123,124.Le_Conte_Sparrow,163,162,identity,identity,0,{},0.023638573,0.023638573,0,0.97663862,0.97663862,0.0072637303,0.0072637303,0.96937488,0.96937488,0,1,1,3.9258282,3.9258282,False,1,True,True,True,1,1,3.9258282,3.9258282,1,1,3.8672791,3.8672791,1,1,0.6754845,0.6754845,1,1,0.78174337,0.78174337,1,1,2.0947266,2.0947266,1,1,2.2026509,2.2026509,1,1,1.6793994,1.6793994,1,1,1.5115528,1.5115528
0b_baseline_last,file,19,baseline,7243,124.Le_Conte_Sparrow/Le_Conte_Sparrow_0078_117052.jpg,124,123,124.Le_Conte_Sparrow,163,162,horizontal_flip,horizontal_flip,0,"{""flipped"":true}",0.023638573,0.036079973,0.0124414,0.97663862,0.96456313,0.0072637303,0.0033158755,0.96937488,0.96124726,-0.0081276291,0.64241281,1.3015632,3.9258282,5.1097136,False,0.97629684,True,True,True,0.64241281,1.3015632,3.9258282,5.1097136,0.63224448,1.2901068,3.8672791,4.9892031,0.92296221,1.633181,0.6754845,1.1031885,0.62052888,1.1878482,0.78174337,0.92859243,0.68328028,1.314907,2.0947266,2.7543707,0.5932387,1.1908427,2.2026509,2.6230108,0.57209371,1.265777,1.6793994,2.1257451,0.68819493,1.4858615,1.5115528,2.2459581
0b_baseline_last,file,19,baseline,7243,124.Le_Conte_Sparrow/Le_Conte_Sparrow_0078_117052.jpg,124,123,124.Le_Conte_Sparrow,163,162,color_jitter,color_jitter,0,"{""brightness"":1.139963,""contrast"":0.882691,""hue"":0.024947,""saturation"":0.977952}",0.023638573,0.17395917,0.15032059,0.97663862,0.8403312,0.0072637303,0.11678178,0.96937488,0.72354942,-0.24582547,0.89164841,8.80512,3.9258282,34.567388,False,0.98588818,True,True,True,0.89164841,8.80512,3.9258282,34.567388,0.89153734,8.8443782,3.8672791,34.203679,0.90976807,7.4039722,0.6754845,5.0012684,0.92237377,8.4510915,0.78174337,6.6065848,0.9157486,9.1850967,2.0947266,19.240267,0.90897857,8.8728194,2.2026509,19.543723,0.86890665,8.8765022,1.6793994,14.907193,0.82532121,8.1530529,1.5115528,12.32377
0b_baseline_last,file,19,baseline,7243,124.Le_Conte_Sparrow/Le_Conte_Sparrow_0078_117052.jpg,124,123,124.Le_Conte_Sparrow,163,162,rotation,rotation,0,"{""angle"":-11.10264}",0.023638573,0.030877193,0.0072386209,0.97663862,0.96959466,0.0072637303,0.011467001,0.96937488,0.95812766,-0.011247229,0.84018535,1.3591743,3.9258282,5.3358849,False,0.97907132,True,True,True,0.84018535,1.3591743,3.9258282,5.3358849,0.83610266,1.3590614,3.8672791,5.2558697,0.9736362,1.3628705,0.6754845,0.9205979,0.8378266,1.5461945,0.78174337,1.2087273,0.8820859,1.3616341,2.0947266,2.8522512,0.8411521,1.3316956,2.2026509,2.9332604,0.78525474,1.3772067,1.6793994,2.3128802,0.8023135,1.3353873,1.5115528,2.0185085
0b_baseline_last,file,19,baseline,7243,124.Le_Conte_Sparrow/Le_Conte_Sparrow_0078_117052.jpg,124,123,124.Le_Conte_Sparrow,163,162,random_resized_crop,random_resized_crop,0,"{""area_fraction"":0.787148,""aspect"":1.090784,""fallback"":false,""height"":0.849491,""left"":0.0268,""top"":0.073604,""width"":0.926611}",0.023638573,0.047060769,0.023422197,0.97663862,0.95402944,0.0072637303,0.010459563,0.96937488,0.94356988,-0.025805007,0.81793379,2.2603833,3.9258282,8.8738764,False,0.97245729,True,True,True,0.81793379,2.2603833,3.9258282,8.8738764,0.81445441,2.2665384,3.8672791,8.7653366,0.94820236,2.0484185,0.6754845,1.3836749,0.81083611,2.350576,0.78174337,1.8375472,0.85757064,2.2441682,2.0947266,4.7009188,0.82759927,2.3969881,2.2026509,5.2797278,0.75254728,2.2044754,1.6793994,3.7021948,0.7820252,2.0683112,1.5115528,3.1263615
0b_baseline_last,file,19,baseline,7243,124.Le_Conte_Sparrow/Le_Conte_Sparrow_0078_117052.jpg,124,123,124.Le_Conte_Sparrow,163,162,gaussian_blur,gaussian_blur,0,"{""sigma"":1.121187}",0.023638573,0.035308242,0.011669669,0.97663862,0.96530783,0.0072637303,0.0042425226,0.96937488,0.96106531,-0.0083095757,0.72441929,1.7245174,3.9258282,6.7701589,False,0.96069849,True,True,True,0.72441929,1.7245174,3.9258282,6.7701589,0.71877098,1.7296993,3.8672791,6.6892298,0.93617806,1.5450753,0.6754845,1.0436744,0.77477175,1.7698626,0.78174337,1.3835783,0.76410717,1.6426985,2.0947266,3.4410043,0.70757658,1.9041092,2.2026509,4.1940878,0.64741926,1.6821234,1.6793994,2.8249571,0.75023037,1.5402313,1.5115528,2.328141
0b_baseline_last,file,19,baseline,7243,124.Le_Conte_Sparrow/Le_Conte_Sparrow_0078_117052.jpg,124,123,124.Le_Conte_Sparrow,163,162,random_erasing,random_erasing,0,"{""area_fraction"":0.182002,""erased"":true,""height"":0.446789,""left"":0.502944,""top"":0.231008,""width"":0.407355}",0.023638573,0.042496085,0.018857513,0.97663862,0.95839423,0.0072637303,0.014940532,0.96937488,0.9434537,-0.025921187,0.93770354,1.6383656,3.9258282,6.4319418,False,0.99136543,True,True,True,0.93770354,1.6383656,3.9258282,6.4319418,0.9362134,1.6369007,3.8672791,6.3303519,0.98552572,1.6856769,0.6754845,1.1386486,0.9202068,1.5512532,0.78174337,1.2126819,0.96228096,1.6300125,2.0947266,3.4144306,0.94930419,1.6080848,2.2026509,3.5420493,0.90218706,1.5999138,1.6793994,2.6868943,0.91047566,1.77258,1.5115528,2.6793482
0b_baseline_last,file,19,baseline,3438,060.Glaucous_winged_Gull/Glaucous_Winged_Gull_0093_44724.jpg,60,59,060.Glaucous_winged_Gull,64,63,identity,identity,0,{},1.1427757,1.1427757,0,0.31893256,0.31893256,0.26965603,0.26965603,0.049276531,0.049276531,0,1,1,108.47287,108.47287,False,0.99999988,True,True,True,1,1,108.47287,108.47287,1,1,106.26439,106.26439,1,1,21.77712,21.77712,1,1,14.523566,14.523566,1,1,35.603064,35.603064,1,1,59.411468,59.411468,1,1,56.828543,56.828543,1,1,55.26666,55.26666
0b_baseline_last,file,19,baseline,3438,060.Glaucous_winged_Gull/Glaucous_Winged_Gull_0093_44724.jpg,60,59,060.Glaucous_winged_Gull,64,63,horizontal_flip,horizontal_flip,0,"{""flipped"":true}",1.1427757,0.96016222,-0.18261343,0.31893256,0.38283077,0.26965603,0.37684342,0.049276531,0.0059873462,-0.043289185,0.76377365,1.0880169,108.47287,118.02032,False,0.96892047,True,True,True,0.76377365,1.0880169,108.47287,118.02032,0.75620108,1.0898318,106.26439,115.81032,0.95270318,1.043872,21.77712,22.732525,0.67732187,1.2903279,14.523566,18.740162,0.62339666,1.1822046,35.603064,42.090105,0.80781744,1.0988955,59.411468,65.286994,0.75162428,1.0744673,56.828543,61.06041,0.77067136,1.0391891,55.26666,57.432511
0b_baseline_last,file,19,baseline,3438,060.Glaucous_winged_Gull/Glaucous_Winged_Gull_0093_44724.jpg,60,59,060.Glaucous_winged_Gull,64,63,color_jitter,color_jitter,0,"{""brightness"":0.804989,""contrast"":0.934494,""hue"":-0.017592,""saturation"":1.345848}",1.1427757,2.7264152,1.5836395,0.31893256,0.0654535,0.26965603,0.081243023,0.049276531,-0.015789524,-0.065066054,0.76993899,1.2962647,108.47287,140.60955,False,0.9538033,False,True,False,0.76993899,1.2962647,108.47287,140.60955,0.76455051,1.2991445,106.26439,138.0528,0.9071861,1.2256972,21.77712,26.692154,0.63162946,1.244315,14.523566,18.07189,0.76873525,1.4716598,35.603064,52.395599,0.77614942,1.3030094,59.411468,77.413699,0.75929293,1.2526003,56.828543,71.183448,0.76690303,1.270035,55.26666,70.190594
0b_baseline_last,file,19,baseline,3438,060.Glaucous_winged_Gull/Glaucous_Winged_Gull_0093_44724.jpg,60,59,060.Glaucous_winged_Gull,64,63,rotation,rotation,0,"{""angle"":11.224906}",1.1427757,1.4298806,0.28710496,0.31893256,0.23933747,0.26965603,0.062771119,0.049276531,0.17656635,0.12728982,0.70184149,1.0975853,108.47287,119.05823,False,0.94468665,False,True,False,0.70184149,1.0975853,108.47287,119.05823,0.69401021,1.0961253,106.26439,116.47909,0.88277931,1.1317935,21.77712,24.647203,0.74872653,1.5792673,14.523566,22.936593,0.58202506,1.337785,35.603064,47.629245,0.7337372,1.0501369,59.411468,62.390174,0.7167945,1.0740605,56.828543,61.037296,0.69189442,1.0162793,55.26666,56.166363
0b_baseline_last,file,19,baseline,3438,060.Glaucous_winged_Gull/Glaucous_Winged_Gull_0093_44724.jpg,60,59,060.Glaucous_winged_Gull,64,63,random_resized_crop,random_resized_crop,0,"{""area_fraction"":0.522138,""aspect"":0.824865,""fallback"":false,""height"":0.795612,""left"":0.056322,""top"":0.200215,""width"":0.656272}",1.1427757,2.7115531,1.5687774,0.31893256,0.066433541,0.26965603,0.24378079,0.049276531,-0.17734725,-0.22662378,0.48835615,1.5612551,108.47287,169.35383,False,0.8467415,False,True,False,0.48835615,1.5612551,108.47287,169.35383,0.4803171,1.5788134,106.26439,167.77165,0.81137517,1.0605316,21.77712,23.095324,0.11310345,2.5137708,14.523566,36.508917,0.39938571,1.8289536,35.603064,65.116353,0.51896122,1.7038724,59.411468,101.22956,0.47159808,1.4558414,56.828543,82.733345,0.54713539,1.3397029,55.26666,74.040904
0b_baseline_last,file,19,baseline,3438,060.Glaucous_winged_Gull/Glaucous_Winged_Gull_0093_44724.jpg,60,59,060.Glaucous_winged_Gull,64,63,gaussian_blur,gaussian_blur,0,"{""sigma"":1.128844}",1.1427757,1.6469694,0.50419378,0.31893256,0.19263281,0.26965603,0.039631099,0.049276531,0.15300171,0.10372518,0.61124907,1.3424805,108.47287,145.62272,False,0.89197767,True,True,True,0.61124907,1.3424805,108.47287,145.62272,0.60678936,1.3560107,106.26439,144.09566,0.79479182,0.96586333,21.77712,21.033722,0.45511315,1.5369819,14.523566,22.322459,0.53457232,1.7658201,35.603064,62.868607,0.62248869,1.36483,59.411468,81.086555,0.62671494,1.259707,56.828543,71.587311,0.63905099,1.2289382,55.26666,67.919307
0b_baseline_last,file,19,baseline,3438,060.Glaucous_winged_Gull/Glaucous_Winged_Gull_0093_44724.jpg,60,59,060.Glaucous_winged_Gull,64,63,random_erasing,random_erasing,0,"{""area_fraction"":0.13252,""erased"":true,""height"":0.204326,""left"":0.263823,""top"":0.435674,""width"":0.648573}",1.1427757,2.7735505,1.6307749,0.31893256,0.062439911,0.26965603,0.52930498,0.049276531,-0.46686507,-0.5161416,0.72167341,1.529221,108.47287,165.879,False,0.87761033,False,True,False,0.72167341,1.529221,108.47287,165.879,0.71673832,1.5361156,106.26439,163.2344,0.86041563,1.3547299,21.77712,29.502116,0.5003835,1.438826,14.523566,20.896885,0.66414671,1.8631509,35.603064,66.333881,0.75858162,1.5080924,59.411468,89.597981,0.73481953,1.4743523,56.828543,83.78529,0.69876355,1.4877736,55.26666,82.224278
0b_baseline_last,file,19,baseline,2254,040.Olive_sided_Flycatcher/Olive_Sided_Flycatcher_0086_30553.jpg,40,39,040.Olive_sided_Flycatcher,33,32,identity,identity,0,{},0.36127603,0.36127603,0,0.69678664,0.69678664,0.075794615,0.075794615,0.62099203,0.62099203,0,1,1,62.798231,62.798231,False,1.0000001,True,True,True,1,1,62.798231,62.798231,1,1,62.140738,62.140738,1,1,9.0634727,9.0634727,1,1,18.500009,18.500009,1,1,31.298931,31.298931,1,1,31.692324,31.692324,1,1,29.911218,29.911218,1,1,25.308369,25.308369
0b_baseline_last,file,19,baseline,2254,040.Olive_sided_Flycatcher/Olive_Sided_Flycatcher_0086_30553.jpg,40,39,040.Olive_sided_Flycatcher,33,32,horizontal_flip,horizontal_flip,0,"{""flipped"":true}",0.36127603,0.34360212,-0.01767391,0.69678664,0.70921105,0.075794615,0.0056167878,0.62099203,0.70359426,0.082602236,0.47968687,0.91377709,62.798231,57.383585,False,0.93749928,True,True,True,0.47968687,0.91377709,62.798231,57.383585,0.46959756,0.91116444,62.140738,56.620431,0.90306682,1.029133,9.0634727,9.3275188,0.35029296,1.0145136,18.500009,18.768512,0.42796087,0.83587067,31.298931,26.161859,0.45562137,0.92017166,31.692324,29.162378,0.45577208,0.9268719,29.911218,27.723867,0.64209089,0.92675097,25.308369,23.454555
0b_baseline_last,file,19,baseline,2254,040.Olive_sided_Flycatcher/Olive_Sided_Flycatcher_0086_30553.jpg,40,39,040.Olive_sided_Flycatcher,33,32,color_jitter,color_jitter,0,"{""brightness"":0.643702,""contrast"":0.993171,""hue"":0.020503,""saturation"":0.960713}",0.36127603,0.46591949,0.10464346,0.69678664,0.62755781,0.075794615,0.0018862461,0.62099203,0.62567157,0.0046795408,0.62233498,1.1773464,62.798231,73.935274,False,0.91100061,True,True,True,0.62233498,1.1773464,62.798231,73.935274,0.6170452,1.176316,62.140738,73.097141,0.8616443,1.2248084,9.0634727,11.101017,0.58249324,1.5321408,18.500009,28.34462,0.59550444,1.2471104,31.298931,39.033223,0.54282731,1.1075472,31.692324,35.100744,0.67452852,1.0268616,29.911218,30.714681,0.74443738,1.1456809,25.308369,28.995314
0b_baseline_last,file,19,baseline,2254,040.Olive_sided_Flycatcher/Olive_Sided_Flycatcher_0086_30553.jpg,40,39,040.Olive_sided_Flycatcher,33,32,rotation,rotation,0,"{""angle"":10.942002}",0.36127603,1.522424,1.161148,0.69678664,0.21818238,0.075794615,0.070867158,0.62099203,0.14731523,-0.4736768,0.62131584,2.7338774,62.798231,171.68266,False,0.91330796,True,True,True,0.62131584,2.7338774,62.798231,171.68266,0.61600078,2.7375053,62.140738,170.1106,0.89015169,2.5575364,9.0634727,23.180162,0.61951236,3.272998,18.500009,60.550494,0.66641529,2.8924676,31.298931,90.531143,0.55625523,2.7030716,31.692324,85.666621,0.5951484,2.5671312,29.911218,76.786021,0.67088003,2.4486683,25.308369,61.971799
0b_baseline_last,file,19,baseline,2254,040.Olive_sided_Flycatcher/Olive_Sided_Flycatcher_0086_30553.jpg,40,39,040.Olive_sided_Flycatcher,33,32,random_resized_crop,random_resized_crop,0,"{""area_fraction"":0.513642,""aspect"":1.244153,""fallback"":false,""height"":0.64253,""left"":0.014955,""top"":0.00017,""width"":0.799405}",0.36127603,0.54645717,0.18518114,0.69678664,0.57899749,0.075794615,0.0082575688,0.62099203,0.57073992,-0.050252103,0.60030359,1.6562664,62.798231,104.0106,False,0.89147699,True,True,True,0.60030359,1.6562664,62.798231,104.0106,0.59583893,1.6615221,62.140738,103.24821,0.86137729,1.3869161,9.0634727,12.570276,0.60824857,2.0252069,18.500009,37.466346,0.65179142,1.6433264,31.298931,51.434361,0.53523964,1.6763923,31.692324,53.128768,0.5931577,1.6528813,29.911218,49.439692,0.61821322,1.448569,25.308369,36.660919
0b_baseline_last,file,19,baseline,2254,040.Olive_sided_Flycatcher/Olive_Sided_Flycatcher_0086_30553.jpg,40,39,040.Olive_sided_Flycatcher,33,32,gaussian_blur,gaussian_blur,0,"{""sigma"":1.46837}",0.36127603,0.90731263,0.5460366,0.69678664,0.40360743,0.075794615,0.046110176,0.62099203,0.35749725,-0.26349477,0.47302415,1.43534,62.798231,90.136816,False,0.84346259,True,True,True,0.47302415,1.43534,62.798231,90.136816,0.46451104,1.4289544,62.140738,88.79628,0.81506133,1.7087949,9.0634727,15.487616,0.03039814,1.4153921,18.500009,26.184767,0.49971722,1.2866606,31.298931,40.2711,0.47254463,1.3959423,31.692324,44.240655,0.48930432,1.4522854,29.911218,43.439626,0.5886426,1.6449495,25.308369,41.630988
0b_baseline_last,file,19,baseline,2254,040.Olive_sided_Flycatcher/Olive_Sided_Flycatcher_0086_30553.jpg,40,39,040.Olive_sided_Flycatcher,33,32,random_erasing,random_erasing,0,"{""area_fraction"":0.1027,""erased"":true,""height"":0.326037,""left"":0.059625,""top"":0.388679,""width"":0.314994}",0.36127603,0.39573574,0.03445971,0.69678664,0.67318457,0.075794615,0.032061934,0.62099203,0.64112264,0.020130612,0.88061762,0.94998002,62.798231,59.657065,False,0.9770937,True,True,True,0.88061762,0.94998002,62.798231,59.657065,0.87877657,0.94782459,62.140738,58.89852,0.96322152,1.0463022,9.0634727,9.4831312,0.88940704,0.93112541,18.500009,17.225829,0.90695583,0.87205101,31.298931,27.294264,0.87301866,0.9561163,31.692324,30.301547,0.87083613,0.96338932,29.911218,28.816148,0.86311704,1.0294349,25.308369,26.053319
0b_baseline_last,file,19,baseline,368,007.Parakeet_Auklet/Parakeet_Auklet_0019_795987.jpg,7,6,007.Parakeet_Auklet,6,5,identity,identity,0,{},0.1173628,0.1173628,0,0.8892625,0.8892625,0.092252687,0.092252687,0.79700981,0.79700981,0,1,1,22.589826,22.589826,False,1,True,True,True,1,1,22.589826,22.589826,1,1,22.155308,22.155308,1,1,4.4093743,4.4093743,1,1,5.1153547,5.1153547,1,1,9.9694739,9.9694739,1,1,11.372642,11.372642,1,1,11.115646,11.115646,1,1,10.602162,10.602162
0b_baseline_last,file,19,baseline,368,007.Parakeet_Auklet/Parakeet_Auklet_0019_795987.jpg,7,6,007.Parakeet_Auklet,6,5,horizontal_flip,horizontal_flip,0,"{""flipped"":true}",0.1173628,0.086181991,-0.031180814,0.8892625,0.91742724,0.092252687,0.068694972,0.79700981,0.84873227,0.051722459,0.73755727,0.82170948,22.589826,18.562274,False,0.96536976,True,True,True,0.73755727,0.82170948,22.589826,18.562274,0.7290916,0.82343751,22.155308,18.243512,0.96532324,0.77681011,4.4093743,3.4252465,0.80804631,0.89796636,5.1153547,4.5934164,0.67417364,0.7897075,9.9694739,7.8729684,0.7485584,0.87522452,11.372642,9.9536153,0.7017054,0.80300601,11.115646,8.9259303,0.76603938,0.79473487,10.602162,8.4259077
0b_baseline_last,file,19,baseline,368,007.Parakeet_Auklet/Parakeet_Auklet_0019_795987.jpg,7,6,007.Parakeet_Auklet,6,5,color_jitter,color_jitter,0,"{""brightness"":1.013106,""contrast"":1.094264,""hue"":-0.068649,""saturation"":0.866313}",0.1173628,0.51405543,0.39669263,0.8892625,0.59806526,0.092252687,0.28760135,0.79700981,0.31046391,-0.48654591,0.83335262,3.6404265,22.589826,82.236601,False,0.97124028,True,True,True,0.83335262,3.6404265,22.589826,82.236601,0.82871046,3.6537728,22.155308,80.950463,0.96822899,3.2855632,4.4093743,14.487278,0.85699143,4.2068874,5.1153547,21.519721,0.82165783,3.4341998,9.9694739,34.237166,0.78989231,3.6032187,11.372642,40.978117,0.8315827,3.6607253,11.115646,40.691325,0.87067146,3.7523697,10.602162,39.783231
0b_baseline_last,file,19,baseline,368,007.Parakeet_Auklet/Parakeet_Auklet_0019_795987.jpg,7,6,007.Parakeet_Auklet,6,5,rotation,rotation,0,"{""angle"":-3.514447}",0.1173628,0.1500988,0.032735996,0.8892625,0.86062294,0.092252687,0.13022411,0.79700981,0.73039883,-0.066610977,0.84261942,1.3791474,22.589826,31.1547,False,0.98401064,True,True,True,0.84261942,1.3791474,22.589826,31.1547,0.83716693,1.3797654,22.155308,30.569127,0.98198019,1.3634519,4.4093743,6.0119697,0.82322452,1.7637403,5.1153547,9.0221572,0.83260608,1.3347419,9.9694739,13.306675,0.80760514,1.2711501,11.372642,14.456335,0.83902916,1.4135867,11.115646,15.712928,0.88506181,1.399388,10.602162,14.836538
0b_baseline_last,file,19,baseline,368,007.Parakeet_Auklet/Parakeet_Auklet_0019_795987.jpg,7,6,007.Parakeet_Auklet,6,5,random_resized_crop,random_resized_crop,0,"{""area_fraction"":0.703309,""aspect"":0.766194,""fallback"":false,""height"":0.958084,""left"":0.002007,""top"":0.024647,""width"":0.734079}",0.1173628,2.3636253,2.2462625,0.8892625,0.094078533,0.092252687,0.7247833,0.79700981,-0.63070477,-1.4277146,0.73737221,7.6232538,22.589826,172.20798,False,0.93165731,False,True,False,0.73737221,7.6232538,22.589826,172.20798,0.72972915,7.6249081,22.155308,168.93219,0.93145267,7.5813689,4.4093743,33.429093,0.68759639,11.746499,5.1153547,60.08751,0.73962152,7.8668087,9.9694739,78.427944,0.72499852,6.9014209,11.372642,78.487391,0.72813313,7.1004366,11.115646,78.925938,0.77374319,7.5379977,10.602162,79.919072
0b_baseline_last,file,19,baseline,368,007.Parakeet_Auklet/Parakeet_Auklet_0019_795987.jpg,7,6,007.Parakeet_Auklet,6,5,gaussian_blur,gaussian_blur,0,"{""sigma"":1.29122}",0.1173628,0.26139808,0.14403527,0.8892625,0.76997435,0.092252687,0.17927353,0.79700981,0.59070082,-0.20630899,0.77890182,2.2557963,22.589826,50.958046,False,0.96845871,True,True,True,0.77890182,2.2557963,22.589826,50.958046,0.77225622,2.2633218,22.155308,50.144592,0.9669832,2.0567001,4.4093743,9.0687603,0.67404231,2.8429859,5.1153547,14.542881,0.7208288,2.3528242,9.9694739,23.456419,0.76313997,2.1524018,11.372642,24.478496,0.79363502,2.2730352,11.115646,25.266254,0.84731542,2.1408872,10.602162,22.698033
0b_baseline_last,file,19,baseline,368,007.Parakeet_Auklet/Parakeet_Auklet_0019_795987.jpg,7,6,007.Parakeet_Auklet,6,5,random_erasing,random_erasing,0,"{""area_fraction"":0.162265,""erased"":true,""height"":0.237624,""left"":0.282477,""top"":0.730193,""width"":0.682864}",0.1173628,0.12852454,0.011161737,0.8892625,0.87939197,0.092252687,0.02197524,0.79700981,0.85741673,0.060406918,0.56326343,1.0538264,22.589826,23.805756,False,0.96007514,True,True,True,0.56326343,1.0538264,22.589826,23.805756,0.5562024,1.0627317,22.155308,23.545148,0.82391791,0.79667505,4.4093743,3.5128385,0.56347763,1.2851611,5.1153547,6.5740547,0.63904769,1.1416859,9.9694739,11.382008,0.52553077,1.1706466,11.372642,13.313345,0.49248482,0.92701262,11.115646,10.304344,0.59685271,0.93458613,10.602162,9.9086334
0b_baseline_last,file,19,baseline,11657,198.Rock_Wren/Rock_Wren_0123_189405.jpg,198,197,198.Rock_Wren,193,192,identity,identity,0,{},0.0043158247,0.0043158247,0,0.99569345,0.99569345,0.00098790845,0.00098790845,0.99470554,0.99470554,0,1,1,0.62353561,0.62353561,False,1,True,True,True,1,1,0.62353561,0.62353561,1,1,0.60644013,0.60644013,1,1,0.14500696,0.14500696,1,1,0.16078189,0.16078189,1,1,0.26688533,0.26688533,1,1,0.30249183,0.30249183,1,1,0.2841369,0.2841369,1,1,0.31377691,0.31377691
0b_baseline_last,file,19,baseline,11657,198.Rock_Wren/Rock_Wren_0123_189405.jpg,198,197,198.Rock_Wren,193,192,horizontal_flip,horizontal_flip,0,"{""flipped"":true}",0.0043158247,0.0026771915,-0.0016386332,0.99569345,0.99732637,0.00098790845,0.0002872764,0.99470554,0.9970391,0.0023335609,0.6920605,0.63567598,0.62353561,0.39636661,False,0.96698904,True,True,True,0.6920605,0.63567598,0.62353561,0.39636661,0.67638165,0.63429067,0.60644013,0.38465932,0.95632627,0.65943507,0.14500696,0.095622674,0.6230236,0.49282322,0.16078189,0.07923705,0.70008935,0.69859969,0.26688533,0.18644601,0.6290954,0.60239984,0.30249183,0.18222103,0.63151992,0.64162429,0.2841369,0.18230914,0.7542784,0.64121675,0.31377691,0.20119901
0b_baseline_last,file,19,baseline,11657,198.Rock_Wren/Rock_Wren_0123_189405.jpg,198,197,198.Rock_Wren,193,192,color_jitter,color_jitter,0,"{""brightness"":0.691464,""contrast"":1.347342,""hue"":-0.005414,""saturation"":1.328342}",0.0043158247,0.038923524,0.0346077,0.99569345,0.96182424,0.00098790845,0.0073864781,0.99470554,0.95443776,-0.040267777,0.84720802,8.5142873,0.62353561,5.3089613,False,0.97759438,True,True,True,0.84720802,8.5142873,0.62353561,5.3089613,0.84086745,8.5444243,0.60644013,5.1816818,0.96807506,7.9687718,0.14500696,1.1555274,0.56384538,7.310417,0.16078189,1.1753827,0.83856172,9.2935452,0.26688533,2.4803109,0.86975251,9.221781,0.30249183,2.7895134,0.85187142,8.1492468,0.2841369,2.3155017,0.88031342,7.9184862,0.31377691,2.4846381
0b_baseline_last,file,19,baseline,11657,198.Rock_Wren/Rock_Wren_0123_189405.jpg,198,197,198.Rock_Wren,193,192,rotation,rotation,0,"{""angle"":10.79544}",0.0043158247,0.025693331,0.021377506,0.99569345,0.97463393,0.00098790845,0.0065142615,0.99470554,0.96811967,-0.026585866,0.65070991,6.5500936,0.62353561,4.0842166,False,0.9570868,True,True,True,0.65070991,6.5500936,0.62353561,4.0842166,0.63658104,6.5599085,0.60644013,3.9781918,0.90520628,6.3759857,0.14500696,0.9245623,0.67889899,5.9495335,0.16078189,0.95657727,0.57260338,7.1551395,0.26688533,1.9096018,0.58318869,6.339221,0.30249183,1.9175626,0.65234507,6.6009911,0.2841369,1.8755852,0.71661898,6.4291102,0.31377691,2.0173063
0b_baseline_last,file,19,baseline,11657,198.Rock_Wren/Rock_Wren_0123_189405.jpg,198,197,198.Rock_Wren,193,192,random_resized_crop,random_resized_crop,0,"{""area_fraction"":0.628893,""aspect"":1.292149,""fallback"":false,""height"":0.697641,""left"":0.038569,""top"":0.169418,""width"":0.901456}",0.0043158247,0.0087909587,0.004475134,0.99569345,0.99124759,0.00098790845,0.00068992726,0.99470554,0.99055767,-0.0041478697,0.69979651,1.9278144,0.62353561,1.2020609,False,0.94613314,True,True,True,0.69979651,1.9278144,0.62353561,1.2020609,0.68652062,1.9193523,0.60644013,1.1639722,0.91696134,2.0702344,0.14500696,0.30019839,0.72635309,1.8420176,0.16078189,0.29616308,0.67618226,1.9789091,0.26688533,0.52814181,0.65739912,1.768837,0.30249183,0.53505875,0.64876697,1.9384643,0.2841369,0.55078924,0.74095168,2.0119105,0.31377691,0.63129105
0b_baseline_last,file,19,baseline,11657,198.Rock_Wren/Rock_Wren_0123_189405.jpg,198,197,198.Rock_Wren,193,192,gaussian_blur,gaussian_blur,0,"{""sigma"":1.977907}",0.0043158247,2.83215,2.8278342,0.99569345,0.058886118,0.00098790845,0.0098232841,0.99470554,0.049062834,-0.9456427,0.35939775,276.75498,0.62353561,172.56659,False,0.70043671,False,True,False,0.35939775,276.75498,0.62353561,172.56659,0.35059718,281.67623,0.60644013,170.81977,0.66245177,168.89862,0.14500696,24.491475,0.17269805,250.0672,0.16078189,40.206279,0.37281143,333.18459,0.26688533,88.922078,0.27235555,291.87901,0.30249183,88.291017,0.37811384,280.83025,0.2841369,79.794236,0.45185651,236.20837,0.31377691,74.116732
0b_baseline_last,file,19,baseline,11657,198.Rock_Wren/Rock_Wren_0123_189405.jpg,198,197,198.Rock_Wren,193,192,random_erasing,random_erasing,0,"{""area_fraction"":0.054517,""erased"":true,""height"":0.243935,""left"":0.211161,""top"":0.24944,""width"":0.223488}",0.0043158247,0.094261475,0.08994565,0.99569345,0.91004479,0.00098790845,0.0042889738,0.99470554,0.90575582,-0.088949721,0.73627004,23.64554,0.62353561,14.743836,False,0.95813441,True,True,True,0.73627004,23.64554,0.62353561,14.743836,0.72975133,23.959629,0.60644013,14.530081,0.9330865,17.250847,0.14500696,2.5014929,0.69056019,19.479797,0.16078189,3.1319986,0.70208859,28.37468,0.26688533,7.5727859,0.71130886,26.308911,0.30249183,7.9582306,0.74304302,22.584397,0.2841369,6.4170608,0.8099961,20.018339,0.31377691,6.2812926
0b_baseline_last,file,19,baseline,8625,147.Least_Tern/Least_Tern_0056_153965.jpg,147,146,147.Least_Tern,141,140,identity,identity,0,{},5.9855032,5.9855032,0,0.0025149479,0.0025149479,0.53350675,0.53350675,-0.5309918,-0.5309918,0,1,1,160.96128,160.96128,False,1,True,False,False,1,1,160.96128,160.96128,1,1,157.63002,157.63002,1,1,32.577768,32.577768,1,1,30.669022,30.669022,1,1,79.950774,79.950774,1,1,83.037643,83.037643,1,1,71.627911,71.627911,1,1,74.085762,74.085762
0b_baseline_last,file,19,baseline,8625,147.Least_Tern/Least_Tern_0056_153965.jpg,147,146,147.Least_Tern,141,140,horizontal_flip,horizontal_flip,0,"{""flipped"":true}",5.9855032,5.8003016,-0.18520164,0.0025149479,0.0030266419,0.53350675,0.20526798,-0.5309918,-0.20224134,0.32875046,0.56942552,0.75948252,160.96128,122.24728,False,0.95019114,True,False,False,0.56942552,0.75948252,160.96128,122.24728,0.5530232,0.75435943,157.63002,118.90969,0.90766881,0.87085324,32.577768,28.370455,0.4399749,0.76261234,30.669022,23.388574,0.50561623,0.6967024,79.950774,55.701896,0.56602472,0.73516913,83.037643,61.046711,0.52621386,0.80541261,71.627911,57.690022,0.63442413,0.79108902,74.085762,58.608433
0b_baseline_last,file,19,baseline,8625,147.Least_Tern/Least_Tern_0056_153965.jpg,147,146,147.Least_Tern,141,140,color_jitter,color_jitter,0,"{""brightness"":0.75817,""contrast"":1.336678,""hue"":-0.034907,""saturation"":0.777869}",5.9855032,6.4865003,0.50099707,0.0025149479,0.001523873,0.53350675,0.38318169,-0.5309918,-0.38165782,0.14933398,0.69080729,0.8007914,160.96128,128.89641,False,0.96246332,True,False,False,0.69080729,0.8007914,160.96128,128.89641,0.67872647,0.7966127,157.63002,125.57008,0.94740702,0.89305234,32.577768,29.093652,0.23392358,0.85366214,30.669022,26.180983,0.45401004,0.68212701,79.950774,54.536583,0.74195159,0.7749634,83.037643,64.351134,0.76782657,0.84285694,71.627911,60.372082,0.81754537,0.88740715,74.085762,65.744235
0b_baseline_last,file,19,baseline,8625,147.Least_Tern/Least_Tern_0056_153965.jpg,147,146,147.Least_Tern,141,140,rotation,rotation,0,"{""angle"":-7.401531}",5.9855032,7.9586229,1.9731197,0.0025149479,0.00034963421,0.53350675,0.76225215,-0.5309918,-0.76190252,-0.23091071,0.6293939,1.1251494,160.96128,181.10549,False,0.924101,True,False,False,0.6293939,1.1251494,160.96128,181.10549,0.61779005,1.1242756,157.63002,177.21959,0.8961518,1.1454162,32.577768,37.315104,0.5187056,1.3331585,30.669022,40.886667,0.58618343,0.96313362,79.950774,77.003279,0.60856601,1.0569711,83.037643,87.768391,0.60841015,1.2336516,71.627911,88.363885,0.69847286,1.2292768,74.085762,91.071905
0b_baseline_last,file,19,baseline,8625,147.Least_Tern/Least_Tern_0056_153965.jpg,147,146,147.Least_Tern,141,140,random_resized_crop,random_resized_crop,0,"{""area_fraction"":0.763694,""aspect"":1.234169,""fallback"":false,""height"":0.786633,""left"":0.00615,""top"":0.017086,""width"":0.970839}",5.9855032,6.1949058,0.20940256,0.0025149479,0.0020397953,0.53350675,0.088991888,-0.5309918,-0.086952093,0.44403971,0.52999441,0.69942195,160.96128,112.57985,False,0.9184202,False,False,False,0.52999441,0.69942195,160.96128,112.57985,0.51461834,0.69324015,157.63002,109.27546,0.83857312,0.83111217,32.577768,27.075779,0.39299484,0.7478192,30.669022,22.934884,0.50822262,0.60295432,79.950774,48.206665,0.51257773,0.68368716,83.037643,56.77177,0.46322758,0.69797707,71.627911,49.994639,0.59393841,0.78342741,74.085762,58.040817
0b_baseline_last,file,19,baseline,8625,147.Least_Tern/Least_Tern_0056_153965.jpg,147,146,147.Least_Tern,141,140,gaussian_blur,gaussian_blur,0,"{""sigma"":1.698991}",5.9855032,6.1628261,0.17732286,0.0025149479,0.0021062922,0.53350675,0.37064788,-0.5309918,-0.36854159,0.16245022,0.61111414,0.99618847,160.96128,160.34777,False,0.9083215,True,False,False,0.61111414,0.99618847,160.96128,160.34777,0.59998495,0.99774148,157.63002,157.27401,0.88262082,0.95911138,32.577768,31.245708,0.50634268,0.98928048,30.669022,30.340265,0.54698964,0.87750169,79.950774,70.15694,0.66551945,1.1161724,83.037643,92.684329,0.5669266,1.0380983,71.627911,74.356813,0.62391755,0.93255195,74.085762,69.088822
0b_baseline_last,file,19,baseline,8625,147.Least_Tern/Least_Tern_0056_153965.jpg,147,146,147.Least_Tern,141,140,random_erasing,random_erasing,0,"{""area_fraction"":0.093079,""erased"":true,""height"":0.536958,""left"":0.719333,""top"":0.319452,""width"":0.173345}",5.9855032,4.9757023,-1.0098009,0.0025149479,0.0069036693,0.53350675,0.37100488,-0.5309918,-0.36410121,0.16689059,0.76442466,0.89588612,160.96128,144.20298,False,0.95642149,True,False,False,0.76442466,0.89588612,160.96128,144.20298,0.75653944,0.89403004,157.63002,140.92597,0.94117792,0.93829174,32.577768,30.56745,0.65361659,0.95072088,30.669022,29.15768,0.76921958,0.84593663,79.950774,67.633288,0.75999329,0.84015081,83.037643,69.764143,0.74546057,0.93371584,71.627911,66.880115,0.77302374,0.96353544,74.085762,71.384257
0b_baseline_last,file,19,baseline,6663,114.Black_throated_Sparrow/Black_Throated_Sparrow_0066_106974.jpg,114,113,114.Black_throated_Sparrow,85,84,identity,identity,0,{},0.0059904084,0.0059904084,0,0.9940275,0.9940275,0.003805113,0.003805113,0.99022238,0.99022238,0,1,1,0.98996793,0.98996793,False,1.0000001,True,True,True,1,1,0.98996793,0.98996793,1,1,0.96820271,0.96820271,1,1,0.20644612,0.20644612,1,1,0.20660945,0.20660945,1,1,0.42866185,0.42866185,1,1,0.50405445,0.50405445,1,1,0.47673638,0.47673638,1,1,0.47919682,0.47919682
0b_baseline_last,file,19,baseline,6663,114.Black_throated_Sparrow/Black_Throated_Sparrow_0066_106974.jpg,114,113,114.Black_throated_Sparrow,85,84,horizontal_flip,horizontal_flip,0,"{""flipped"":true}",0.0059904084,0.0051162271,-0.00087418128,0.9940275,0.99489683,0.003805113,0.0032137367,0.99022238,0.99168309,0.0014607101,0.70928003,0.8034372,0.98996793,0.79537706,False,0.97716725,True,True,True,0.70928003,0.8034372,0.98996793,0.79537706,0.6962553,0.80038295,0.96820271,0.77493295,0.97568728,0.86790091,0.20644612,0.17917478,0.69339275,0.78331089,0.20660945,0.16183943,0.66455856,0.81407149,0.42866185,0.34896139,0.71976996,0.83128068,0.50405445,0.41901072,0.64854446,0.73342256,0.47673638,0.34964922,0.74100274,0.82086923,0.47919682,0.39335792
0b_baseline_last,file,19,baseline,6663,114.Black_throated_Sparrow/Black_Throated_Sparrow_0066_106974.jpg,114,113,114.Black_throated_Sparrow,85,84,color_jitter,color_jitter,0,"{""brightness"":1.15368,""contrast"":1.293051,""hue"":-0.093387,""saturation"":0.679787}",0.0059904084,0.010718513,0.0047281049,0.9940275,0.9893387,0.003805113,0.0062587517,0.99022238,0.98307994,-0.0071424381,0.76379965,1.7803628,0.98996793,1.762502,False,0.95375502,True,True,True,0.76379965,1.7803628,0.98996793,1.762502,0.75495983,1.7771467,0.96820271,1.7206383,0.95118815,1.8496861,0.20644612,0.38186051,0.76689128,1.6246233,0.20660945,0.33566252,0.74307463,1.873132,0.42866185,0.80294022,0.72879986,1.743864,0.50405445,0.87900238,0.76290393,1.766233,0.47673638,0.84202754,0.78518191,1.7726448,0.47919682,0.84944577
0b_baseline_last,file,19,baseline,6663,114.Black_throated_Sparrow/Black_Throated_Sparrow_0066_106974.jpg,114,113,114.Black_throated_Sparrow,85,84,rotation,rotation,0,"{""angle"":-0.863333}",0.0059904084,0.018620336,0.012629928,0.9940275,0.98155195,0.003805113,0.011832146,0.99022238,0.9697198,-0.020502583,0.87481465,2.9226913,0.98996793,2.8933706,False,0.98730439,True,True,True,0.87481465,2.9226913,0.98996793,2.8933706,0.86965974,2.9215116,0.96820271,2.8286154,0.98719261,2.948519,0.20644612,0.60871031,0.8360908,2.9720687,0.20660945,0.61405746,0.82351844,2.8024722,0.42866185,1.2013129,0.86559778,2.9392558,0.50405445,1.4815449,0.87427475,2.9092109,0.47673638,1.3869267,0.91124349,2.9968329,0.47919682,1.4360728
0b_baseline_last,file,19,baseline,6663,114.Black_throated_Sparrow/Black_Throated_Sparrow_0066_106974.jpg,114,113,114.Black_throated_Sparrow,85,84,random_resized_crop,random_resized_crop,0,"{""area_fraction"":0.514911,""aspect"":0.932464,""fallback"":false,""height"":0.743105,""left"":0.228544,""top"":0.207043,""width"":0.692918}",0.0059904084,0.010240395,0.0042499863,0.9940275,0.98981184,0.003805113,0.0061341147,0.99022238,0.98367772,-0.0065446594,0.6446976,1.9877361,0.98996793,1.967795,False,0.94566488,True,True,True,0.6446976,1.9877361,0.98996793,1.967795,0.6331154,1.9981462,0.96820271,1.9346106,0.94250532,1.7431169,0.20644612,0.35985972,0.57653171,2.4419413,0.20660945,0.50452813,0.59629031,2.1900021,0.42866185,0.93877034,0.64031389,1.9734319,0.50405445,0.99471714,0.63380445,1.9316481,0.47673638,0.92088695,0.68168692,1.8304501,0.47919682,0.87714584
0b_baseline_last,file,19,baseline,6663,114.Black_throated_Sparrow/Black_Throated_Sparrow_0066_106974.jpg,114,113,114.Black_throated_Sparrow,85,84,gaussian_blur,gaussian_blur,0,"{""sigma"":1.827235}",0.0059904084,0.074038282,0.068047874,0.9940275,0.92863613,0.003805113,0.027265573,0.99022238,0.90137056,-0.088851822,0.53008103,14.916055,0.98996793,14.766416,False,0.90697122,True,True,True,0.53008103,14.916055,0.98996793,14.766416,0.51964337,15.080536,0.96820271,14.601016,0.88529807,10.67564,0.20644612,2.2039444,0.39508926,16.841171,0.20660945,3.4795449,0.38537552,16.941214,0.42866185,7.2620522,0.5594139,17.426711,0.50405445,8.7840111,0.54409117,13.372697,0.47673638,6.375251,0.65394559,11.532868,0.47919682,5.5265137
0b_baseline_last,file,19,baseline,6663,114.Black_throated_Sparrow/Black_Throated_Sparrow_0066_106974.jpg,114,113,114.Black_throated_Sparrow,85,84,random_erasing,random_erasing,0,"{""area_fraction"":0.136088,""erased"":true,""height"":0.23681,""left"":0.095228,""top"":0.739354,""width"":0.574671}",0.0059904084,0.0035507744,-0.0024396339,0.9940275,0.99645555,0.003805113,0.0022630338,0.99022238,0.99419252,0.0039701341,0.95146378,0.6036716,0.98996793,0.59761553,False,0.97625124,True,True,True,0.95146378,0.6036716,0.98996793,0.59761553,0.95036331,0.60207207,0.96820271,0.58292781,0.97582278,0.63783942,0.20644612,0.13167947,0.97796923,0.59107912,0.20660945,0.12212253,0.9479468,0.60207265,0.42866185,0.25808557,0.96291555,0.60576401,0.50405445,0.30533804,0.95059121,0.59572427,0.47673638,0.28400343,0.9333044,0.60623436,0.47919682,0.29050558
0b_baseline_last,file,19,baseline,7200,123.Henslow_Sparrow/Henslow_Sparrow_0006_796607.jpg,123,122,123.Henslow_Sparrow,113,112,identity,identity,0,{},0.0024919431,0.0024919431,0,0.99751115,0.99751115,0.0017516175,0.0017516175,0.99575953,0.99575953,0,1,1,0.33375805,0.33375805,False,0.99999994,True,True,True,1,1,0.33375805,0.33375805,1,1,0.31949545,0.31949545,1,1,0.096525088,0.096525088,1,1,0.044349674,0.044349674,1,1,0.13360063,0.13360063,1,1,0.17221969,0.17221969,1,1,0.15280503,0.15280503,1,1,0.17103311,0.17103311
0b_baseline_last,file,19,baseline,7200,123.Henslow_Sparrow/Henslow_Sparrow_0006_796607.jpg,123,122,123.Henslow_Sparrow,113,112,horizontal_flip,horizontal_flip,0,"{""flipped"":true}",0.0024919431,0.00044109629,-0.0020508468,0.99751115,0.99955899,0.0017516175,0.00030042371,0.99575953,0.99925856,0.0034990306,0.70180746,0.1660615,0.33375805,0.055424362,False,0.97572184,True,True,True,0.70180746,0.1660615,0.33375805,0.055424362,0.67406151,0.16413625,0.31949545,0.052440786,0.97518532,0.18585273,0.096525088,0.017939451,0.74887013,0.16454962,0.044349674,0.007297722,0.64570681,0.14677598,0.13360063,0.019609363,0.65013413,0.15715454,0.17221969,0.027065107,0.61346344,0.16775269,0.15280503,0.025633454,0.75576951,0.17759888,0.17103311,0.030375288
0b_baseline_last,file,19,baseline,7200,123.Henslow_Sparrow/Henslow_Sparrow_0006_796607.jpg,123,122,123.Henslow_Sparrow,113,112,color_jitter,color_jitter,0,"{""brightness"":1.115831,""contrast"":0.990554,""hue"":-0.071082,""saturation"":0.819826}",0.0024919431,0.027929025,0.025437082,0.99751115,0.97245741,0.0017516175,0.011177374,0.99575953,0.96128003,-0.034479496,0.74118979,10.652139,0.33375805,3.555237,False,0.96019799,True,True,True,0.74118979,10.652139,0.33375805,3.555237,0.72838679,10.801613,0.31949545,3.4510664,0.92609608,8.8506864,0.096525088,0.85431329,0.48319452,11.351211,0.044349674,0.50342251,0.56590336,9.5284343,0.13360063,1.2730048,0.73819977,11.019147,0.17221969,1.8977142,0.749692,11.498289,0.15280503,1.7569963,0.81024995,10.697491,0.17103311,1.8296252
0b_baseline_last,file,19,baseline,7200,123.Henslow_Sparrow/Henslow_Sparrow_0006_796607.jpg,123,122,123.Henslow_Sparrow,113,112,rotation,rotation,0,"{""angle"":-4.353912}",0.0024919431,0.0020912462,-0.00040069688,0.99751115,0.99791092,0.0017516175,0.00085306691,0.99575953,0.99705785,0.001298319,0.76740392,0.8096394,0.33375805,0.27022367,False,0.98296517,True,True,True,0.76740392,0.8096394,0.33375805,0.27022367,0.75241757,0.81057303,0.31949545,0.2589744,0.93396937,0.79933915,0.096525088,0.077156281,0.72254675,0.76447478,0.044349674,0.033904208,0.73363573,0.80508077,0.13360063,0.1075593,0.73309223,0.78834407,0.17221969,0.13576838,0.71003638,0.8272631,0.15280503,0.12640996,0.81868709,0.82555607,0.17103311,0.14119742
0b_baseline_last,file,19,baseline,7200,123.Henslow_Sparrow/Henslow_Sparrow_0006_796607.jpg,123,122,123.Henslow_Sparrow,113,112,random_resized_crop,random_resized_crop,0,"{""area_fraction"":0.632126,""aspect"":1.083037,""fallback"":false,""height"":0.763977,""left"":0.134526,""top"":0.122357,""width"":0.827415}",0.0024919431,0.0070763202,0.0045843772,0.99751115,0.99294865,0.0017516175,0.0047445754,0.99575953,0.98820408,-0.007555455,0.72124232,3.2468653,0.33375805,1.0836674,False,0.97531068,True,True,True,0.72124232,3.2468653,0.33375805,1.0836674,0.70100506,3.274249,0.31949545,1.0461077,0.97311226,2.9301382,0.096525088,0.28283185,0.57013663,3.1578338,0.044349674,0.1400489,0.67915259,3.2928523,0.13360063,0.43992715,0.67621525,3.2658372,0.17221969,0.56244149,0.66804408,3.3744581,0.15280503,0.51563416,0.77738629,3.1969479,0.17103311,0.54678394
0b_baseline_last,file,19,baseline,7200,123.Henslow_Sparrow/Henslow_Sparrow_0006_796607.jpg,123,122,123.Henslow_Sparrow,113,112,gaussian_blur,gaussian_blur,0,"{""sigma"":1.936141}",0.0024919431,0.26830974,0.2658178,0.99751115,0.76467091,0.0017516175,0.020155216,0.99575953,0.74451569,-0.25124384,0.34433639,149.80037,0.33375805,49.99708,False,0.87187052,True,True,True,0.34433639,149.80037,0.33375805,49.99708,0.33101484,154.50461,0.31949545,49.363522,0.68596457,82.197816,0.096525088,7.9341514,0.15749973,187.60741,0.044349674,8.3203276,0.3322828,192.92453,0.13360063,25.774838,0.2751143,172.5065,0.17221969,29.709016,0.32731908,138.6842,0.15280503,21.191643,0.47041375,112.68992,0.17103311,19.273707
0b_baseline_last,file,19,baseline,7200,123.Henslow_Sparrow/Henslow_Sparrow_0006_796607.jpg,123,122,123.Henslow_Sparrow,113,112,random_erasing,random_erasing,0,"{""area_fraction"":0.060394,""erased"":true,""height"":0.240965,""left"":0.398183,""top"":0.525722,""width"":0.250635}",0.0024919431,0.0028904586,0.00039851549,0.99751115,0.9971137,0.0017516175,0.0023707184,0.99575953,0.99474299,-0.0010165446,0.92183015,1.2614669,0.33375805,0.42102474,False,0.99164534,True,True,True,0.92183015,1.2614669,0.33375805,0.42102474,0.91592479,1.2604656,0.31949545,0.40271303,0.98596002,1.2723858,0.096525088,0.12281716,0.91677639,1.2560014,0.044349674,0.055703251,0.91659821,1.26283,0.13360063,0.16871488,0.92028724,1.2579335,0.17221969,0.21664093,0.90378905,1.264533,0.15280503,0.19322699,0.9207749,1.2586327,0.17103311,0.21526787
0b_baseline_last,file,19,baseline,9896,169.Magnolia_Warbler/Magnolia_Warbler_0018_165958.jpg,169,168,169.Magnolia_Warbler,20,19,identity,identity,0,{},0.0042395005,0.0042395005,0,0.9957695,0.9957695,0.0013364083,0.0013364083,0.99443309,0.99443309,0,1,1,0.55931416,0.55931416,False,1,True,True,True,1,1,0.55931416,0.55931416,1,1,0.5442861,0.5442861,1,1,0.12878268,0.12878268,1,1,0.080253101,0.080253101,1,1,0.18609659,0.18609659,1,1,0.25664405,0.25664405,1,1,0.25666987,0.25666987,1,1,0.35132501,0.35132501
0b_baseline_last,file,19,baseline,9896,169.Magnolia_Warbler/Magnolia_Warbler_0018_165958.jpg,169,168,169.Magnolia_Warbler,20,19,horizontal_flip,horizontal_flip,0,"{""flipped"":true}",0.0042395005,0.007133964,0.0028944635,0.9957695,0.99289143,0.0013364083,0.0016819746,0.99443309,0.99120946,-0.0032236362,0.65794171,2.0604658,0.55931416,1.1524477,False,0.97536778,True,True,True,0.65794171,2.0604658,0.55931416,1.1524477,0.64611218,2.0846509,0.5442861,1.1346465,0.96498744,1.5667842,0.12878268,0.20177467,0.57921419,3.114845,0.080253101,0.24997597,0.58316351,2.6119379,0.18609659,0.48607273,0.61933248,2.2454157,0.25664405,0.57627257,0.53705692,2.0619904,0.25666987,0.5292508,0.78908373,1.7464534,0.35132501,0.61357276
0b_baseline_last,file,19,baseline,9896,169.Magnolia_Warbler/Magnolia_Warbler_0018_165958.jpg,169,168,169.Magnolia_Warbler,20,19,color_jitter,color_jitter,0,"{""brightness"":1.206629,""contrast"":0.83245,""hue"":-0.085639,""saturation"":0.94517}",0.0042395005,4.2791047,4.2748652,0.9957695,0.013855063,0.0013364083,0.0037286198,0.99443309,0.010126444,-0.98430665,0.25259717,330.31713,0.55931416,184.75105,False,0.70381248,False,True,False,0.25259717,330.31713,0.55931416,184.75105,0.24162033,334.55251,0.5442861,182.09228,0.53575402,242.50628,0.12878268,31.230609,0.028208255,384.40904,0.080253101,30.850017,0.10984121,395.69987,0.18609659,73.638396,0.32983763,418.54184,0.25664405,107.41627,0.17701618,343.322,0.25666987,88.120413,0.30526514,246.17043,0.35132501,86.485831
0b_baseline_last,file,19,baseline,9896,169.Magnolia_Warbler/Magnolia_Warbler_0018_165958.jpg,169,168,169.Magnolia_Warbler,20,19,rotation,rotation,0,"{""angle"":-8.443509}",0.0042395005,0.0075467252,0.0033072247,0.9957695,0.99248171,0.0013364083,0.0017076933,0.99443309,0.99077402,-0.0036590772,0.79261642,1.7913171,0.55931416,1.001909,False,0.98183465,True,True,True,0.79261642,1.7913171,0.55931416,1.001909,0.78266546,1.7927165,0.5442861,0.97575065,0.97312357,1.7661332,0.12878268,0.22744737,0.65140104,2.5175812,0.080253101,0.2020437,0.71995729,1.8743741,0.18609659,0.34881462,0.7146954,1.7528003,0.25664405,0.44984577,0.73507768,1.8519962,0.25666987,0.47535161,0.88161707,1.7108435,0.35132501,0.60106213
0b_baseline_last,file,19,baseline,9896,169.Magnolia_Warbler/Magnolia_Warbler_0018_165958.jpg,169,168,169.Magnolia_Warbler,20,19,random_resized_crop,random_resized_crop,0,"{""area_fraction"":0.774704,""aspect"":0.82598,""fallback"":false,""height"":0.968463,""left"":0.082642,""top"":0.015873,""width"":0.799931}",0.0042395005,0.0037800067,-0.00045949384,0.9957695,0.99622715,0.0013364083,0.0010193308,0.99443309,0.99520781,0.00077472196,0.8118521,0.96728418,0.55931416,0.54101574,False,0.98277092,True,True,True,0.8118521,0.96728418,0.55931416,0.54101574,0.80375539,0.97076591,0.5442861,0.52837439,0.96939235,0.90283305,0.12878268,0.11626926,0.59908936,1.2753882,0.080253101,0.10235386,0.648291,1.0496332,0.18609659,0.19533317,0.80232111,1.0344969,0.25664405,0.26549748,0.78114384,0.97419376,0.25666987,0.25004618,0.89189779,0.88894252,0.35132501,0.31230774
0b_baseline_last,file,19,baseline,9896,169.Magnolia_Warbler/Magnolia_Warbler_0018_165958.jpg,169,168,169.Magnolia_Warbler,20,19,gaussian_blur,gaussian_blur,0,"{""sigma"":1.311954}",0.0042395005,0.0054379399,0.0011984394,0.9957695,0.99457681,0.0013364083,0.00021113339,0.99443309,0.99436568,-6.7414017e-05,0.63652816,1.4950333,0.55931416,0.83619328,False,0.95054042,True,True,True,0.63652816,1.4950333,0.55931416,0.83619328,0.62516731,1.5068512,0.5442861,0.82015818,0.88745084,1.265478,0.12878268,0.16297165,0.56752596,2.9410498,0.080253101,0.23602836,0.5906834,1.8198686,0.18609659,0.33867135,0.57115801,1.6159519,0.25664405,0.41472443,0.55829449,1.5502046,0.25666987,0.39789081,0.77765826,1.1802588,0.35132501,0.41465446
0b_baseline_last,file,19,baseline,9896,169.Magnolia_Warbler/Magnolia_Warbler_0018_165958.jpg,169,168,169.Magnolia_Warbler,20,19,random_erasing,random_erasing,0,"{""area_fraction"":0.077165,""erased"":true,""height"":0.329364,""left"":0.108924,""top"":0.053535,""width"":0.234286}",0.0042395005,0.0041587777,-8.072285e-05,0.9957695,0.99584985,0.0013364083,0.00098232785,0.99443309,0.99486752,0.00043442752,0.96072892,0.95801663,0.55931416,0.53583227,False,0.993949,True,True,True,0.96072892,0.95801663,0.55931416,0.53583227,0.95906653,0.95832284,0.5442861,0.5216018,0.99062062,0.95253031,0.12878268,0.12266941,0.91720971,1.0121358,0.080253101,0.081227033,0.94901736,0.93744506,0.18609659,0.17445533,0.96044861,0.94772082,0.25664405,0.24322691,0.94724505,0.95586105,0.25666987,0.24534073,0.96981153,0.96811866,0.35132501,0.3401243
0b_baseline_last,file,19,baseline,3746,065.Slaty_backed_Gull/Slaty_Backed_Gull_0033_796023.jpg,65,64,065.Slaty_backed_Gull,60,59,identity,identity,0,{},0.1288961,0.1288961,0,0.87906528,0.87906528,0.02612948,0.02612948,0.85293579,0.85293579,0,1,1,19.919501,19.919501,False,1,True,True,True,1,1,19.919501,19.919501,1,1,19.445001,19.445001,1,1,4.321861,4.321861,1,1,3.4818048,3.4818048,1,1,8.4060878,8.4060878,1,1,9.8973417,9.8973417,1,1,9.9545536,9.9545536,1,1,9.9132365,9.9132365
0b_baseline_last,file,19,baseline,3746,065.Slaty_backed_Gull/Slaty_Backed_Gull_0033_796023.jpg,65,64,065.Slaty_backed_Gull,60,59,horizontal_flip,horizontal_flip,0,"{""flipped"":true}",0.1288961,0.11522498,-0.013671122,0.87906528,0.89116561,0.02612948,0.005690271,0.85293579,0.88547534,0.032539548,0.67786774,0.84723183,19.919501,16.876435,False,0.96192372,True,True,True,0.67786774,0.84723183,19.919501,16.876435,0.66571831,0.84624231,19.445001,16.455182,0.91810445,0.86701984,4.321861,3.7471392,0.18054975,0.86159434,3.4818048,2.9999033,0.58507042,0.83799569,8.4060878,7.0442654,0.66814971,0.86216983,9.8973417,8.5331894,0.69460912,0.82712598,9.9545536,8.23367,0.75276458,0.85323559,9.9132365,8.4583262
0b_baseline_last,file,19,baseline,3746,065.Slaty_backed_Gull/Slaty_Backed_Gull_0033_796023.jpg,65,64,065.Slaty_backed_Gull,60,59,color_jitter,color_jitter,0,"{""brightness"":0.953877,""contrast"":1.020955,""hue"":0.039549,""saturation"":1.391941}",0.1288961,0.28019187,0.15129577,0.87906528,0.75563878,0.02612948,0.028098829,0.85293579,0.72753995,-0.12539585,0.90936873,2.0490624,19.919501,40.816301,False,0.98706281,True,True,True,0.90936873,2.0490624,19.919501,40.816301,0.90632036,2.0515143,19.445001,39.891697,0.972999,1.9987825,4.321861,8.6384599,0.89768535,2.2311734,3.4818048,7.7685103,0.87305322,2.102834,8.4060878,17.676607,0.90089463,2.1154815,9.8973417,20.937643,0.91984752,2.0061082,9.9545536,19.969911,0.92707459,1.9699179,9.9132365,19.528262
0b_baseline_last,file,19,baseline,3746,065.Slaty_backed_Gull/Slaty_Backed_Gull_0033_796023.jpg,65,64,065.Slaty_backed_Gull,60,59,rotation,rotation,0,"{""angle"":-3.924376}",0.1288961,0.75888586,0.62998976,0.87906528,0.46818775,0.02612948,0.020803235,0.85293579,0.44738451,-0.40555128,0.77053296,4.4426542,19.919501,88.495456,False,0.96258813,True,True,True,0.77053296,4.4426542,19.919501,88.495456,0.76415883,4.4728973,19.445001,86.975491,0.93380676,3.7787546,4.321861,16.331252,0.51215449,5.0279576,3.4818048,17.506367,0.75618059,4.832138,8.4060878,40.619377,0.77342405,4.6966979,9.8973417,46.484824,0.77429391,4.2675769,9.9545536,42.481824,0.79564188,4.0886028,9.9132365,40.531286
0b_baseline_last,file,19,baseline,3746,065.Slaty_backed_Gull/Slaty_Backed_Gull_0033_796023.jpg,65,64,065.Slaty_backed_Gull,60,59,random_resized_crop,random_resized_crop,0,"{""area_fraction"":0.540734,""aspect"":0.950559,""fallback"":false,""height"":0.754227,""left"":0.182728,""top"":0.093016,""width"":0.716938}",0.1288961,1.7382479,1.6093518,0.87906528,0.17582822,0.02612948,0.0071880235,0.85293579,0.16864019,-0.6842956,0.6120758,6.8270934,19.919501,135.99229,False,0.90532267,False,True,False,0.6120758,6.8270934,19.919501,135.99229,0.60011557,6.8321077,19.445001,132.85034,0.85812343,6.7247856,4.321861,29.063588,0.41728732,7.1334511,3.4818048,24.837285,0.58314376,6.3884782,8.4060878,53.702109,0.57976758,7.0428625,9.8973417,69.705617,0.61869409,6.9314477,9.9545536,68.999468,0.63856632,6.7883897,9.9132365,67.294912
0b_baseline_last,file,19,baseline,3746,065.Slaty_backed_Gull/Slaty_Backed_Gull_0033_796023.jpg,65,64,065.Slaty_backed_Gull,60,59,gaussian_blur,gaussian_blur,0,"{""sigma"":1.327994}",0.1288961,0.79178959,0.66289349,0.87906528,0.45303333,0.02612948,0.012517989,0.85293579,0.44051534,-0.41242046,0.66963463,5.2531201,19.919501,104.63953,False,0.93187827,True,True,True,0.66963463,5.2531201,19.919501,104.63953,0.66088105,5.2977001,19.445001,103.01378,0.90609487,4.2513385,4.321861,18.373694,0.48379953,7.9776707,3.4818048,27.776692,0.41643778,4.9976527,8.4060878,42.010708,0.70424836,5.6064372,9.8973417,55.488824,0.74086243,5.2635677,9.9545536,52.396467,0.75855418,4.7859906,9.9132365,47.444656
0b_baseline_last,file,19,baseline,3746,065.Slaty_backed_Gull/Slaty_Backed_Gull_0033_796023.jpg,65,64,065.Slaty_backed_Gull,60,59,random_erasing,random_erasing,0,"{""area_fraction"":0.099806,""erased"":true,""height"":0.433058,""left"":0.182385,""top"":0.020856,""width"":0.230468}",0.1288961,0.73297483,0.60407872,0.87906528,0.48047751,0.02612948,0.015799347,0.85293579,0.46467816,-0.38825763,0.74972842,3.8970268,19.919501,77.62683,False,0.94763339,True,True,True,0.74972842,3.8970268,19.919501,77.62683,0.74122593,3.8967327,19.445001,75.771968,0.92156977,3.902977,4.321861,16.868124,0.53764757,3.13576,3.4818048,10.918104,0.71407896,3.6955137,8.4060878,31.064813,0.70515009,4.1371205,9.8973417,40.946495,0.77428074,3.8364922,9.9545536,38.190568,0.78882303,3.9354641,9.9132365,39.013186
0b_baseline_last,file,19,baseline,5003,086.Pacific_Loon/Pacific_Loon_0019_75422.jpg,86,85,086.Pacific_Loon,23,22,identity,identity,0,{},0.54390067,0.54390067,0,0.58047956,0.58047956,0.090787239,0.090787239,0.48969232,0.48969232,0,1,1,98.573715,98.573715,False,0.99999994,True,True,True,1,1,98.573715,98.573715,1,1,97.756997,97.756997,1,1,12.662812,12.662812,1,1,35.951232,35.951232,1,1,43.851177,43.851177,1,1,50.755378,50.755378,1,1,43.743499,43.743499,1,1,43.028033,43.028033
0b_baseline_last,file,19,baseline,5003,086.Pacific_Loon/Pacific_Loon_0019_75422.jpg,86,85,086.Pacific_Loon,23,22,horizontal_flip,horizontal_flip,0,"{""flipped"":true}",0.54390067,0.018088501,-0.52581217,0.58047956,0.98207414,0.090787239,0.00023001606,0.48969232,0.98184413,0.4921518,0.6616003,0.036269361,98.573715,3.5752057,False,0.93403971,True,True,True,0.6616003,0.036269361,98.573715,3.5752057,0.65686924,0.036057945,97.756997,3.5249165,0.90061564,0.047188917,12.662812,0.59754437,0.8367334,0.030149555,35.951232,1.0839137,0.64962687,0.032656927,43.851177,1.4320447,0.61045866,0.036173514,50.755378,1.8360004,0.57016943,0.037553073,43.743499,1.6427028,0.72367036,0.041117228,43.028033,1.7691934
0b_baseline_last,file,19,baseline,5003,086.Pacific_Loon/Pacific_Loon_0019_75422.jpg,86,85,086.Pacific_Loon,23,22,color_jitter,color_jitter,0,"{""brightness"":1.125449,""contrast"":1.061656,""hue"":0.053947,""saturation"":1.147959}",0.54390067,0.5124414,-0.031459272,0.58047956,0.59903133,0.090787239,0.013897597,0.48969232,0.58513373,0.095441409,0.83238289,0.88325551,98.573715,87.065778,False,0.94786733,True,True,True,0.83238289,0.88325551,98.573715,87.065778,0.83113152,0.88123265,97.756997,86.146658,0.90451267,0.99642682,12.662812,12.617565,0.90241891,0.9495715,35.951232,34.138266,0.81094805,0.8825558,43.851177,38.701111,0.80259724,0.80942094,50.755378,41.082466,0.82449671,0.89347453,43.743499,39.083702,0.84753538,0.91284187,43.028033,39.27779
0b_baseline_last,file,19,baseline,5003,086.Pacific_Loon/Pacific_Loon_0019_75422.jpg,86,85,086.Pacific_Loon,23,22,rotation,rotation,0,"{""angle"":3.823216}",0.54390067,1.6406749,1.0967743,0.58047956,0.19384916,0.090787239,0.2235623,0.48969232,-0.029713139,-0.51940546,0.79969246,2.1131278,98.573715,208.29886,False,0.94082242,False,True,False,0.79969246,2.1131278,98.573715,208.29886,0.79777866,2.1135223,97.756997,206.6116,0.91511603,2.0894822,12.662812,26.45872,0.91666166,2.2468494,35.951232,80.777005,0.84312662,2.1533503,43.851177,94.426944,0.73027725,2.2039092,50.755378,111.86024,0.75328151,2.0215244,43.743499,88.428552,0.81056002,1.9325636,43.028033,83.154409
0b_baseline_last,file,19,baseline,5003,086.Pacific_Loon/Pacific_Loon_0019_75422.jpg,86,85,086.Pacific_Loon,23,22,random_resized_crop,random_resized_crop,0,"{""area_fraction"":0.545423,""aspect"":1.263113,""fallback"":false,""height"":0.657121,""left"":0.085346,""top"":0.313164,""width"":0.830019}",0.54390067,3.7330904,3.1891897,0.58047956,0.023918802,0.090787239,0.10707161,0.48969232,-0.083152806,-0.57284513,0.61322365,2.0235074,98.573715,199.46465,False,0.8724305,False,True,False,0.61322365,2.0235074,98.573715,199.46465,0.60877153,2.0142083,97.756997,196.90296,0.84054895,2.5164144,12.662812,31.864881,0.83369237,2.2048939,35.951232,79.268653,0.64871834,2.1917346,43.851177,96.110142,0.50213095,1.8100377,50.755378,91.869147,0.51461872,1.8919394,43.743499,82.760048,0.62610971,2.0736259,43.028033,89.224045
0b_baseline_last,file,19,baseline,5003,086.Pacific_Loon/Pacific_Loon_0019_75422.jpg,86,85,086.Pacific_Loon,23,22,gaussian_blur,gaussian_blur,0,"{""sigma"":1.933606}",0.54390067,5.3845787,4.840678,0.58047956,0.0045867735,0.090787239,0.018333636,0.48969232,-0.013746863,-0.50343919,0.146458,2.6258609,98.573715,258.84086,False,0.5892781,False,True,False,0.146458,2.6258609,98.573715,258.84086,0.14032778,2.6287021,97.756997,256.97402,0.5387199,2.4505869,12.662812,31.03132,0.19933266,2.2277356,35.951232,80.08984,0.075265947,2.7243949,43.851177,119.46792,0.02500998,2.8098197,50.755378,142.61346,0.18092286,2.7568266,43.743499,120.59324,0.32290577,2.377754,43.028033,102.31008
0b_baseline_last,file,19,baseline,5003,086.Pacific_Loon/Pacific_Loon_0019_75422.jpg,86,85,086.Pacific_Loon,23,22,random_erasing,random_erasing,0,"{""area_fraction"":0.148613,""erased"":true,""height"":0.599177,""left"":0.313375,""top"":0.062436,""width"":0.248029}",0.54390067,2.3761849,1.8322843,0.58047956,0.092904337,0.090787239,0.013899722,0.48969232,0.079004615,-0.41068771,0.52234494,1.4090602,98.573715,138.8963,False,0.83386058,False,True,False,0.52234494,1.4090602,98.573715,138.8963,0.51657406,1.40018,97.756997,136.87739,0.80178318,1.863391,12.662812,23.59577,0.75383767,1.6224371,35.951232,58.328613,0.45316395,1.3458074,43.851177,59.015237,0.4778098,1.3103503,50.755378,66.507323,0.40870074,1.3441758,43.743499,58.798953,0.55126298,1.4643194,43.028033,63.006785
0b_baseline_last,file,19,baseline,5946,102.Western_Wood_Pewee/Western_Wood_Pewee_0041_795048.jpg,102,101,102.Western_Wood_Pewee,40,39,identity,identity,0,{},0.82884216,0.82884216,0,0.43655446,0.43655446,0.31782308,0.31782308,0.11873138,0.11873138,0,1,1,65.034664,65.034664,False,1,True,True,True,1,1,65.034664,65.034664,1,1,62.597358,62.597358,1,1,17.637413,17.637413,1,1,15.442033,15.442033,1,1,24.336822,24.336822,1,1,30.617781,30.617781,1,1,31.793606,31.793606,1,1,33.755148,33.755148
0b_baseline_last,file,19,baseline,5946,102.Western_Wood_Pewee/Western_Wood_Pewee_0041_795048.jpg,102,101,102.Western_Wood_Pewee,40,39,horizontal_flip,horizontal_flip,0,"{""flipped"":true}",0.82884216,0.85179353,0.022951365,0.43655446,0.42664903,0.31782308,0.19927059,0.11873138,0.22737844,0.10864706,0.5716568,1.0025322,65.034664,65.199344,False,0.97397465,True,True,True,0.5716568,1.0025322,65.034664,65.199344,0.54083362,0.99943878,62.597358,62.562227,0.94494929,1.0407104,17.637413,18.355439,0.57338583,1.2188856,15.442033,18.822071,0.35601446,0.8748541,24.336822,21.291168,0.50011424,1.0388387,30.617781,31.806936,0.54292805,0.97917163,31.793606,31.131397,0.65562198,0.99392267,33.755148,33.550007
0b_baseline_last,file,19,baseline,5946,102.Western_Wood_Pewee/Western_Wood_Pewee_0041_795048.jpg,102,101,102.Western_Wood_Pewee,40,39,color_jitter,color_jitter,0,"{""brightness"":0.728994,""contrast"":0.943487,""hue"":-0.009053,""saturation"":0.672137}",0.82884216,0.31867141,-0.51017076,0.43655446,0.72711444,0.31782308,0.096542373,0.11873138,0.63057207,0.51184069,0.65255581,0.51708253,65.034664,33.628289,False,0.96192062,True,True,True,0.65255581,0.51708253,65.034664,33.628289,0.63339027,0.52207558,62.597358,32.680552,0.93983107,0.44946383,17.637413,7.9273791,0.49193583,0.36317569,15.442033,5.608171,0.45933365,0.65556502,24.336822,15.954369,0.63998603,0.57234715,30.617781,17.524,0.67425626,0.47670686,31.793606,15.15623,0.7690206,0.46391743,33.755148,15.659602
0b_baseline_last,file,19,baseline,5946,102.Western_Wood_Pewee/Western_Wood_Pewee_0041_795048.jpg,102,101,102.Western_Wood_Pewee,40,39,rotation,rotation,0,"{""angle"":14.359811}",0.82884216,1.3906283,0.56178617,0.43655446,0.24891883,0.31782308,0.41161171,0.11873138,-0.16269287,-0.28142425,0.67714381,1.3214894,65.034664,85.942618,False,0.96519279,False,True,False,0.67714381,1.3214894,65.034664,85.942618,0.65341329,1.3163491,62.597358,82.399978,0.96212341,1.3846042,17.637413,24.420836,0.74239569,1.4182965,15.442033,21.901381,0.62396101,1.3005433,24.336822,31.651091,0.58714706,1.3648722,30.617781,41.78936,0.6211065,1.2742669,31.793606,40.513538,0.73502559,1.2983091,33.755148,43.824617
0b_baseline_last,file,19,baseline,5946,102.Western_Wood_Pewee/Western_Wood_Pewee_0041_795048.jpg,102,101,102.Western_Wood_Pewee,40,39,random_resized_crop,random_resized_crop,0,"{""area_fraction"":0.899811,""aspect"":0.947411,""fallback"":false,""height"":0.974555,""left"":0.005581,""top"":0.009754,""width"":0.923304}",0.82884216,0.85462379,0.025781631,0.43655446,0.42544323,0.31782308,0.26997307,0.11873138,0.15547016,0.036738783,0.79684476,0.99578879,65.034664,64.76079,False,0.98254424,True,True,True,0.79684476,0.99578879,65.034664,64.76079,0.78225061,0.99471052,62.597358,62.266251,0.97810233,1.0092723,17.637413,17.800953,0.75040682,0.8685546,15.442033,13.412249,0.76542401,1.1507095,24.336822,28.004611,0.77886236,1.0296756,30.617781,31.526383,0.75757921,0.93072405,31.793606,29.591074,0.83216299,0.95693914,33.755148,32.301622
0b_baseline_last,file,19,baseline,5946,102.Western_Wood_Pewee/Western_Wood_Pewee_0041_795048.jpg,102,101,102.Western_Wood_Pewee,40,39,gaussian_blur,gaussian_blur,0,"{""sigma"":1.697541}",0.82884216,1.3399761,0.51113391,0.43655446,0.26185194,0.31782308,0.29263282,0.11873138,-0.030780882,-0.14951226,0.36971392,1.6581096,65.034664,107.8346,False,0.81857663,False,True,False,0.36971392,1.6581096,65.034664,107.8346,0.34923607,1.6948112,62.597358,106.0907,0.80291094,1.0951075,17.637413,19.314863,-0.11541134,2.0386822,15.442033,31.481398,0.1746356,2.2390858,24.336822,54.492233,0.42187268,1.7345275,30.617781,53.107383,0.42001659,1.5415967,31.793606,49.012919,0.52279488,1.3485429,33.755148,45.520265
0b_baseline_last,file,19,baseline,5946,102.Western_Wood_Pewee/Western_Wood_Pewee_0041_795048.jpg,102,101,102.Western_Wood_Pewee,40,39,random_erasing,random_erasing,0,"{""area_fraction"":0.07206,""erased"":true,""height"":0.27661,""left"":0.217483,""top"":0.221,""width"":0.260512}",0.82884216,0.93261641,0.10377425,0.43655446,0.39352274,0.31782308,0.14299358,0.11873138,0.25052916,0.13179778,0.64378963,1.0857245,65.034664,70.609727,False,0.93860042,True,True,True,0.64378963,1.0857245,65.034664,70.609727,0.62638855,1.0906582,62.597358,68.272322,0.87909381,1.0215395,17.637413,18.017314,0.348601,0.6703104,15.442033,10.350955,0.57741109,1.0414501,24.336822,25.345585,0.65524193,1.1229706,30.617781,34.382867,0.60498192,1.1168453,31.793606,35.50854,0.68981645,1.1352762,33.755148,38.321418
0b_baseline_last,file,19,baseline,7141,122.Harris_Sparrow/Harris_Sparrow_0039_116409.jpg,122,121,122.Harris_Sparrow,99,98,identity,identity,0,{},1.3824087,1.3824087,0,0.25097331,0.25097331,0.29069683,0.29069683,-0.039723516,-0.039723516,0,1,1,131.70934,131.70934,False,1,True,False,False,1,1,131.70934,131.70934,1,1,130.03506,130.03506,1,1,20.933984,20.933984,1,1,32.293443,32.293443,1,1,65.924121,65.924121,1,1,71.684619,71.684619,1,1,60.52251,60.52251,1,1,52.140224,52.140224
0b_baseline_last,file,19,baseline,7141,122.Harris_Sparrow/Harris_Sparrow_0039_116409.jpg,122,121,122.Harris_Sparrow,99,98,horizontal_flip,horizontal_flip,0,"{""flipped"":true}",1.3824087,0.8810125,-0.50139624,0.25097331,0.41436315,0.29069683,0.18734285,-0.039723516,0.22702029,0.26674381,0.68224225,0.82696718,131.70934,108.9193,False,0.96406776,False,False,True,0.68224225,0.82696718,131.70934,108.9193,0.67539366,0.82742352,130.03506,107.59407,0.95262373,0.8091627,20.933984,16.938999,0.67718078,0.77618553,32.293443,25.065703,0.64620495,0.76707451,65.924121,50.568713,0.68233049,0.83026172,71.684619,59.516995,0.65408454,0.87752895,60.52251,53.110255,0.73823996,0.86370233,52.140224,45.033633
0b_baseline_last,file,19,baseline,7141,122.Harris_Sparrow/Harris_Sparrow_0039_116409.jpg,122,121,122.Harris_Sparrow,99,98,color_jitter,color_jitter,0,"{""brightness"":1.167494,""contrast"":1.296765,""hue"":0.084174,""saturation"":0.698681}",1.3824087,4.3942056,3.0117968,0.25097331,0.012348684,0.29069683,0.082286835,-0.039723516,-0.06993815,-0.030214635,0.66340746,0.98328999,131.70934,129.50847,False,0.88258821,False,False,False,0.66340746,0.98328999,131.70934,129.50847,0.66022298,0.97110557,130.03506,126.27778,0.78905661,1.3732034,20.933984,28.746618,0.46950711,0.89158118,32.293443,28.792226,0.70777211,0.81601353,65.924121,53.794975,0.70066336,0.89348211,71.684619,64.048925,0.65278118,1.0314879,60.52251,62.428239,0.65256255,1.246437,52.140224,64.989502
0b_baseline_last,file,19,baseline,7141,122.Harris_Sparrow/Harris_Sparrow_0039_116409.jpg,122,121,122.Harris_Sparrow,99,98,rotation,rotation,0,"{""angle"":-3.429972}",1.3824087,1.2838868,-0.098521948,0.25097331,0.27695873,0.29069683,0.21372785,-0.039723516,0.063230887,0.1029544,0.77882313,0.97592548,131.70934,128.5385,False,0.9693923,False,False,True,0.77882313,0.97592548,131.70934,128.5385,0.77392027,0.97524409,130.03506,126.81593,0.96324818,1.0018628,20.933984,20.97298,0.64721292,1.0080866,32.293443,32.554588,0.80284597,0.96540722,65.924121,63.643623,0.76586818,0.98118896,71.684619,70.336157,0.76637079,0.98272711,60.52251,59.477112,0.80497954,0.95650718,52.140224,49.872498
0b_baseline_last,file,19,baseline,7141,122.Harris_Sparrow/Harris_Sparrow_0039_116409.jpg,122,121,122.Harris_Sparrow,99,98,random_resized_crop,random_resized_crop,0,"{""area_fraction"":0.648505,""aspect"":1.127072,""fallback"":false,""height"":0.758544,""left"":0.14225,""top"":0.106214,""width"":0.854934}",1.3824087,2.0155492,0.63314044,0.25097331,0.13324718,0.29069683,0.50445318,-0.039723516,-0.371206,-0.33148248,0.70776344,1.0954422,131.70934,144.27997,False,0.94186783,True,False,False,0.70776344,1.0954422,131.70934,144.27997,0.70137076,1.0888809,130.03506,141.5927,0.92377279,1.3240063,20.933984,27.716725,0.68114733,0.97950555,32.293443,31.631607,0.7038448,0.94761801,65.924121,62.470885,0.75313623,1.0481579,71.684619,75.136797,0.68150387,1.1396737,60.52251,68.975914,0.67334938,1.3207262,52.140224,68.862962
0b_baseline_last,file,19,baseline,7141,122.Harris_Sparrow/Harris_Sparrow_0039_116409.jpg,122,121,122.Harris_Sparrow,99,98,gaussian_blur,gaussian_blur,0,"{""sigma"":1.950042}",1.3824087,4.2822733,2.8998646,0.25097331,0.013811231,0.29069683,0.0021688296,-0.039723516,0.011642401,0.051365917,0.27290758,1.690384,131.70934,222.63936,False,0.73404384,False,False,False,0.27290758,1.690384,131.70934,222.63936,0.26534242,1.6983493,130.03506,220.84496,0.64798252,1.3475575,20.933984,28.209747,0.15940262,1.7904838,32.293443,57.820887,0.1748246,1.5652166,65.924121,103.18553,0.25866993,1.8230043,71.684619,130.68137,0.32854251,1.7434917,60.52251,105.52049,0.38137223,1.5545438,52.140224,81.054261
0b_baseline_last,file,19,baseline,7141,122.Harris_Sparrow/Harris_Sparrow_0039_116409.jpg,122,121,122.Harris_Sparrow,99,98,random_erasing,random_erasing,0,"{""area_fraction"":0.084899,""erased"":true,""height"":0.28968,""left"":0.586878,""top"":0.263616,""width"":0.293077}",1.3824087,6.0313845,4.6489757,0.25097331,0.0024021659,0.29069683,0.0082133161,-0.039723516,-0.0058111502,0.033912365,0.30068013,0.69374676,131.70934,91.372926,False,0.76146984,False,False,False,0.30068013,0.69374676,131.70934,91.372926,0.28479119,0.67361687,130.03506,87.593813,0.68832645,1.2423079,20.933984,26.006453,0.36877157,0.66159134,32.293443,21.365062,0.13075384,0.47379196,65.924121,31.234319,0.3384048,0.59676021,71.684619,42.778528,0.29652713,0.68872751,60.52251,41.683518,0.3466047,0.99159762,52.140224,51.702122
0b_baseline_last,file,19,baseline,3375,059.California_Gull/California_Gull_0111_41033.jpg,59,58,059.California_Gull,66,65,identity,identity,0,{},0.034617905,0.034617905,0,0.96597445,0.96597445,0.021337686,0.021337686,0.94463676,0.94463676,0,1,1,5.0171191,5.0171191,False,0.99999982,True,True,True,1,1,5.0171191,5.0171191,1,1,4.8538317,4.8538317,1,1,1.2695677,1.2695677,1,1,1.0403137,1.0403137,1,1,2.2165491,2.2165491,1,1,2.5207455,2.5207455,1,1,2.2555868,2.2555868,1,1,2.4743706,2.4743706
0b_baseline_last,file,19,baseline,3375,059.California_Gull/California_Gull_0111_41033.jpg,59,58,059.California_Gull,66,65,horizontal_flip,horizontal_flip,0,"{""flipped"":true}",0.034617905,0.042626433,0.0080085285,0.96597445,0.9582693,0.021337686,0.028037481,0.94463676,0.93023182,-0.014404947,0.64471531,1.2361171,5.0171191,6.2017469,False,0.98326063,True,True,True,0.64471531,1.2361171,5.0171191,6.2017469,0.62107854,1.2339795,4.8538317,5.9895289,0.98143173,1.266951,1.2695677,1.60848,0.58816218,1.1482854,1.0403137,1.1945771,0.46094676,1.1394124,2.2165491,2.5255636,0.61656303,1.2604536,2.5207455,3.1772828,0.62639291,1.2884658,2.2555868,2.9062463,0.74636903,1.2474596,2.4743706,3.0866774
0b_baseline_last,file,19,baseline,3375,059.California_Gull/California_Gull_0111_41033.jpg,59,58,059.California_Gull,66,65,color_jitter,color_jitter,0,"{""brightness"":1.268139,""contrast"":0.663428,""hue"":0.072114,""saturation"":1.015485}",0.034617905,0.69045717,0.65583926,0.96597445,0.50134683,0.021337686,0.34880736,0.94463676,0.15253946,-0.7920973,0.7723736,17.771145,5.0171191,89.15995,False,0.93509245,True,True,True,0.7723736,17.771145,5.0171191,89.15995,0.76554431,18.008992,4.8538317,87.412615,0.92793731,13.835469,1.2695677,17.565064,0.74062828,29.542005,1.0403137,30.732953,0.76408433,18.758102,2.2165491,41.578253,0.79183804,17.801331,2.5207455,44.872626,0.75340331,17.20234,2.2555868,38.801371,0.79859003,15.381887,2.4743706,38.060488
0b_baseline_last,file,19,baseline,3375,059.California_Gull/California_Gull_0111_41033.jpg,59,58,059.California_Gull,66,65,rotation,rotation,0,"{""angle"":-9.06972}",0.034617905,0.23635066,0.20173275,0.96597445,0.78950381,0.021337686,0.11440098,0.94463676,0.67510284,-0.26953393,0.75926489,6.2075362,5.0171191,31.143948,False,0.9645502,True,True,True,0.75926489,6.2075362,5.0171191,31.143948,0.74905581,6.2739572,4.8538317,30.452732,0.95576412,5.1396054,1.2695677,6.5250768,0.75675521,7.317109,1.0403137,7.6120888,0.72567964,6.1057411,2.2165491,13.533675,0.74069899,6.2281993,2.5207455,15.699705,0.73698167,6.5792502,2.2555868,14.84007,0.7903134,5.988363,2.4743706,14.81743
0b_baseline_last,file,19,baseline,3375,059.California_Gull/California_Gull_0111_41033.jpg,59,58,059.California_Gull,66,65,random_resized_crop,random_resized_crop,0,"{""area_fraction"":0.533129,""aspect"":1.020321,""fallback"":false,""height"":0.722849,""left"":0.176217,""top"":0.264465,""width"":0.737538}",0.034617905,0.19573732,0.16111941,0.96597445,0.82222819,0.021337686,0.0075280541,0.94463676,0.81470014,-0.12993662,0.60238829,6.4694795,5.0171191,32.458149,False,0.91330945,True,True,True,0.60238829,6.4694795,5.0171191,32.458149,0.59704597,6.5640693,4.8538317,31.860888,0.73266242,4.881982,1.2695677,6.1980065,0.50015146,6.5101763,1.0403137,6.7726258,0.67019978,6.7379521,2.2165491,14.935001,0.63315837,6.5215579,2.5207455,16.439188,0.55834785,6.7268687,2.2555868,15.173036,0.54850108,6.3352007,2.4743706,15.675635
0b_baseline_last,file,19,baseline,3375,059.California_Gull/California_Gull_0111_41033.jpg,59,58,059.California_Gull,66,65,gaussian_blur,gaussian_blur,0,"{""sigma"":1.107158}",0.034617905,0.044122018,0.0095041133,0.96597445,0.95683718,0.021337686,0.028742015,0.94463676,0.92809516,-0.016541602,0.77678159,1.3965909,5.0171191,7.0068627,False,0.97575325,True,True,True,0.77678159,1.3965909,5.0171191,7.0068627,0.7640071,1.3997836,4.8538317,6.794314,0.97102306,1.3490605,1.2695677,1.7127235,0.66599598,1.2587639,1.0403137,1.3095093,0.74004199,1.5194948,2.2165491,3.3680348,0.70361996,1.3669611,2.5207455,3.4457611,0.78457696,1.4315166,2.2555868,3.2289099,0.85301973,1.3284636,2.4743706,3.2871113
0b_baseline_last,file,19,baseline,3375,059.California_Gull/California_Gull_0111_41033.jpg,59,58,059.California_Gull,66,65,random_erasing,random_erasing,0,"{""area_fraction"":0.133995,""erased"":true,""height"":0.641898,""left"":0.161636,""top"":0.144172,""width"":0.208748}",0.034617905,0.14653151,0.1119136,0.96597445,0.86369854,0.021337686,0.10862567,0.94463676,0.75507288,-0.18956389,0.8941033,4.3443139,5.0171191,21.79594,False,0.98674262,True,True,True,0.8941033,4.3443139,5.0171191,21.79594,0.8886004,4.3525215,4.8538317,21.126407,0.97740102,4.2225229,1.2695677,5.3607785,0.94688838,4.8507371,1.0403137,5.0462883,0.87775617,4.4868824,2.2165491,9.9453949,0.87907427,4.2558521,2.5207455,10.72792,0.88002685,4.2559701,2.2555868,9.5997099,0.90460192,4.3284181,2.4743706,10.710111
0b_baseline_last,file,19,baseline,1165,021.Eastern_Towhee/Eastern_Towhee_0082_22330.jpg,21,20,021.Eastern_Towhee,158,157,identity,identity,0,{},0.010758376,0.010758376,0,0.9892993,0.9892993,0.0063010589,0.0063010589,0.98299824,0.98299824,0,1,1,1.7372188,1.7372188,False,0.99999988,True,True,True,1,1,1.7372188,1.7372188,1,1,1.6894811,1.6894811,1,1,0.40445365,0.40445365,1,1,0.30081308,0.30081308,1,1,0.69589307,0.69589307,1,1,0.94895925,0.94895925,1,1,0.82103951,0.82103951,1,1,0.8396197,0.8396197
0b_baseline_last,file,19,baseline,1165,021.Eastern_Towhee/Eastern_Towhee_0082_22330.jpg,21,20,021.Eastern_Towhee,158,157,horizontal_flip,horizontal_flip,0,"{""flipped"":true}",0.010758376,0.0025563915,-0.0082019842,0.9892993,0.99744689,0.0063010589,0.0010296997,0.98299824,0.99641719,0.013418957,0.6229214,0.22162094,1.7372188,0.38500406,False,0.97237402,True,True,True,0.6229214,0.22162094,1.7372188,0.38500406,0.60322786,0.22118544,1.6894811,0.37368862,0.95506313,0.22908678,0.40445365,0.092654984,0.58747252,0.22667318,0.30081308,0.068186257,0.46279874,0.24586861,0.69589307,0.17109826,0.65671934,0.20675723,0.94895925,0.19620418,0.57630868,0.21732883,0.82103951,0.17843556,0.67737644,0.22403716,0.8396197,0.18810601
0b_baseline_last,file,19,baseline,1165,021.Eastern_Towhee/Eastern_Towhee_0082_22330.jpg,21,20,021.Eastern_Towhee,158,157,color_jitter,color_jitter,0,"{""brightness"":1.318748,""contrast"":0.678232,""hue"":-0.083126,""saturation"":1.066382}",0.010758376,0.032511264,0.021752888,0.9892993,0.96801156,0.0063010589,0.0025574996,0.98299824,0.96545406,-0.01754418,0.41661357,3.9766593,1.7372188,6.9083274,False,0.91383976,True,True,True,0.41661357,3.9766593,1.7372188,6.9083274,0.40375378,4.0387069,1.6894811,6.823319,0.7905958,2.6713049,0.40445365,1.080419,0.22331408,3.9007591,0.30081308,1.1733993,0.26845154,5.107505,0.69589307,3.5542774,0.35662017,4.1125651,0.94895925,3.9026567,0.4420958,3.7676236,0.82103951,3.0933679,0.62814111,3.3152776,0.8396197,2.7835724
0b_baseline_last,file,19,baseline,1165,021.Eastern_Towhee/Eastern_Towhee_0082_22330.jpg,21,20,021.Eastern_Towhee,158,157,rotation,rotation,0,"{""angle"":6.394969}",0.010758376,0.049990688,0.039232312,0.9892993,0.95123827,0.0063010589,0.022762189,0.98299824,0.92847609,-0.054522153,0.77990909,4.5240533,1.7372188,7.8592705,False,0.97570264,True,True,True,0.77990909,4.5240533,1.7372188,7.8592705,0.77109022,4.5573614,1.6894811,7.699576,0.96896602,3.8973103,0.40445365,1.5762814,0.62927423,4.724328,0.30081308,1.4211396,0.69353773,4.6679579,0.69589307,3.2483996,0.79082749,4.5532027,0.94895925,4.3208038,0.77016397,4.5987062,0.82103951,3.7757195,0.82234342,4.4222339,0.8396197,3.7129947
0b_baseline_last,file,19,baseline,1165,021.Eastern_Towhee/Eastern_Towhee_0082_22330.jpg,21,20,021.Eastern_Towhee,158,157,random_resized_crop,random_resized_crop,0,"{""area_fraction"":0.570504,""aspect"":1.039273,""fallback"":false,""height"":0.740908,""left"":0.101343,""top"":0.257888,""width"":0.770006}",0.010758376,0.25829625,0.24753788,0.9892993,0.7723664,0.0063010589,0.20896935,0.98299824,0.56339705,-0.41960119,0.65842971,28.022224,1.7372188,48.680735,False,0.9335137,True,True,True,0.65842971,28.022224,1.7372188,48.680735,0.64433772,28.036927,1.6894811,47.367859,0.90676323,27.764417,0.40445365,11.22942,0.30048467,25.665696,0.30081308,7.7205769,0.63266612,32.865544,0.69589307,22.870905,0.6822676,28.026603,0.94895925,26.596104,0.60903271,26.42261,0.82103951,21.694007,0.68984153,26.176498,0.8396197,21.978303
0b_baseline_last,file,19,baseline,1165,021.Eastern_Towhee/Eastern_Towhee_0082_22330.jpg,21,20,021.Eastern_Towhee,158,157,gaussian_blur,gaussian_blur,0,"{""sigma"":1.037438}",0.010758376,0.10855244,0.097794065,0.9892993,0.89713186,0.0063010589,0.046594337,0.98299824,0.85053752,-0.13246071,0.72560778,12.004464,1.7372188,20.854381,False,0.95232463,True,True,True,0.72560778,12.004464,1.7372188,20.854381,0.71777211,12.155681,1.6894811,20.536794,0.94351285,8.9643037,0.40445365,3.6256453,0.60312138,16.202048,0.30081308,4.8737878,0.69076997,13.496846,0.69589307,9.3923613,0.70525131,13.017266,0.94895925,12.352855,0.74729315,11.52233,0.82103951,9.4602886,0.7864954,9.7996433,0.8396197,8.2279736
0b_baseline_last,file,19,baseline,1165,021.Eastern_Towhee/Eastern_Towhee_0082_22330.jpg,21,20,021.Eastern_Towhee,158,157,random_erasing,random_erasing,0,"{""area_fraction"":0.079862,""erased"":true,""height"":0.352416,""left"":0.158393,""top"":0.421289,""width"":0.226612}",0.010758376,0.33468869,0.32393032,0.9892993,0.71556079,0.0063010589,0.0046338318,0.98299824,0.71092696,-0.27207128,0.31021487,29.012668,1.7372188,50.401353,False,0.87470078,True,True,True,0.31021487,29.012668,1.7372188,50.401353,0.29124197,29.283831,1.6894811,49.474479,0.72416557,23.788757,0.40445365,9.6214496,0.21587205,32.855276,0.30081308,9.8832967,0.14386804,31.346368,0.69589307,21.81372,0.26647988,29.292987,0.94895925,27.797851,0.2617569,30.230025,0.82103951,24.820045,0.49485508,26.241584,0.8396197,22.032951
0b_baseline_last,file,19,baseline,1171,021.Eastern_Towhee/Eastern_Towhee_0027_22372.jpg,21,20,021.Eastern_Towhee,195,194,identity,identity,0,{},5.8767385,5.8767385,0,0.0028039152,0.0028039152,0.70139247,0.70139247,-0.69858856,-0.69858856,0,1,1,265.08031,265.08031,False,1,True,False,False,1,1,265.08031,265.08031,1,1,262.65988,262.65988,1,1,35.740151,35.740151,1,1,100.71267,100.71267,1,1,132.50557,132.50557,1,1,133.79616,133.79616,1,1,115.02397,115.02397,1,1,100.78452,100.78452
0b_baseline_last,file,19,baseline,1171,021.Eastern_Towhee/Eastern_Towhee_0027_22372.jpg,21,20,021.Eastern_Towhee,195,194,horizontal_flip,horizontal_flip,0,"{""flipped"":true}",5.8767385,2.8970013,-2.9797373,0.0028039152,0.055188462,0.70139247,0.22773214,-0.69858856,-0.17254367,0.52604488,0.62494375,0.65882883,265.08031,174.64255,False,0.92980862,True,False,False,0.62494375,0.65882883,265.08031,174.64255,0.62025199,0.65764917,262.65988,172.73805,0.85899591,0.71967532,35.740151,25.721305,0.85210197,0.62881637,100.71267,63.329775,0.60825229,0.68105143,132.50557,90.24311,0.56075302,0.68345793,133.79616,91.444045,0.53979049,0.61700881,115.02397,70.970801,0.63151039,0.64951028,100.78452,65.460584
0b_baseline_last,file,19,baseline,1171,021.Eastern_Towhee/Eastern_Towhee_0027_22372.jpg,21,20,021.Eastern_Towhee,195,194,color_jitter,color_jitter,0,"{""brightness"":1.354355,""contrast"":1.34858,""hue"":-0.044754,""saturation"":1.067687}",5.8767385,5.9027395,0.026000977,0.0028039152,0.002731951,0.70139247,0.59954971,-0.69858856,-0.59681776,0.1017708,0.78422495,0.61822724,265.08031,163.87987,False,0.91555077,True,False,False,0.78422495,0.61822724,265.08031,163.87987,0.78201013,0.61300025,262.65988,161.01057,0.91252682,0.85427894,35.740151,30.532058,0.860189,0.537572,100.71267,54.140311,0.79282727,0.49369106,132.50557,65.416817,0.78751097,0.62382094,133.79616,83.464846,0.77672958,0.68585516,115.02397,78.88978,0.7565298,0.7374436,100.78452,74.322902
0b_baseline_last,file,19,baseline,1171,021.Eastern_Towhee/Eastern_Towhee_0027_22372.jpg,21,20,021.Eastern_Towhee,195,194,rotation,rotation,0,"{""angle"":-6.062127}",5.8767385,3.6512105,-2.225528,0.0028039152,0.025959684,0.70139247,0.69242328,-0.69858856,-0.6664636,0.032124956,0.84366795,1.019657,265.08031,270.29101,False,0.94427752,True,False,False,0.84366795,1.019657,265.08031,270.29101,0.84200562,1.0209655,262.65988,268.16668,0.94292737,0.9463019,35.740151,33.820973,0.92292288,0.97651671,100.71267,98.347604,0.85120852,1.0196473,132.50557,135.10894,0.82124374,1.0038098,133.79616,134.30589,0.81895683,1.0820624,115.02397,124.46311,0.81947653,1.0146616,100.78452,102.26218
0b_baseline_last,file,19,baseline,1171,021.Eastern_Towhee/Eastern_Towhee_0027_22372.jpg,21,20,021.Eastern_Towhee,195,194,random_resized_crop,random_resized_crop,0,"{""area_fraction"":0.639816,""aspect"":1.210304,""fallback"":false,""height"":0.727077,""left"":0.058668,""top"":0.184615,""width"":0.879984}",5.8767385,3.0218849,-2.8548536,0.0028039152,0.048709325,0.70139247,0.3210572,-0.69858856,-0.27234787,0.42624068,0.69555782,0.92380717,265.08031,244.88309,False,0.92359793,True,False,False,0.69555782,0.92380717,265.08031,244.88309,0.69273856,0.92612022,262.65988,243.25463,0.88314652,0.78886741,35.740151,28.19424,0.68115597,0.9027921,100.71267,90.922602,0.70921189,0.96675776,132.50557,128.10079,0.66388575,0.91684059,133.79616,122.66975,0.69487202,0.92928561,115.02397,106.89012,0.72515311,0.88872398,100.78452,89.569623
0b_baseline_last,file,19,baseline,1171,021.Eastern_Towhee/Eastern_Towhee_0027_22372.jpg,21,20,021.Eastern_Towhee,195,194,gaussian_blur,gaussian_blur,0,"{""sigma"":1.222764}",5.8767385,1.8167475,-4.059991,0.0028039152,0.16255359,0.70139247,0.22493196,-0.69858856,-0.062378362,0.63621019,0.62314488,0.65019457,265.08031,172.35378,False,0.87755394,True,False,False,0.62314488,0.65019457,265.08031,172.35378,0.61928863,0.64948289,262.65988,170.5931,0.82088392,0.68753897,35.740151,24.572747,0.68434208,0.50259203,100.71267,50.617384,0.59692032,0.52911002,132.50557,70.110026,0.58594829,0.70131123,133.79616,93.832749,0.63085342,0.74639598,115.02397,85.853425,0.68940631,0.73243235,100.78452,73.817846
0b_baseline_last,file,19,baseline,1171,021.Eastern_Towhee/Eastern_Towhee_0027_22372.jpg,21,20,021.Eastern_Towhee,195,194,random_erasing,random_erasing,0,"{""area_fraction"":0.071621,""erased"":true,""height"":0.274167,""left"":0.223438,""top"":0.394712,""width"":0.261232}",5.8767385,4.5840588,-1.2926798,0.0028039152,0.010213356,0.70139247,0.29467741,-0.69858856,-0.28446405,0.41412451,0.76415093,0.75365388,265.08031,199.77881,False,0.89767754,True,False,False,0.76415093,0.75365388,265.08031,199.77881,0.76312247,0.75022724,262.65988,197.0546,0.8250403,0.91995775,35.740151,32.879429,0.85824439,0.73199892,100.71267,73.721565,0.75768781,0.76622626,132.50557,101.52925,0.75769586,0.7400071,133.79616,99.010108,0.7407615,0.72732626,115.02397,83.659951,0.72172917,0.78663805,100.78452,79.280942
0b_baseline_last,file,19,baseline,6988,120.Fox_Sparrow/Fox_Sparrow_0116_115311.jpg,120,119,120.Fox_Sparrow,131,130,identity,identity,0,{},0.019702679,0.019702679,0,0.98049015,0.98049015,0.005622277,0.005622277,0.97486787,0.97486787,0,1,1,3.2182068,3.2182068,False,1,True,True,True,1,1,3.2182068,3.2182068,1,1,3.1687206,3.1687206,1,1,0.56219601,0.56219601,1,1,0.56681122,0.56681122,1,1,1.3845763,1.3845763,1,1,1.8172231,1.8172231,1,1,1.5036422,1.5036422,1,1,1.4964038,1.4964038
0b_baseline_last,file,19,baseline,6988,120.Fox_Sparrow/Fox_Sparrow_0116_115311.jpg,120,119,120.Fox_Sparrow,131,130,horizontal_flip,horizontal_flip,0,"{""flipped"":true}",0.019702679,0.0059792693,-0.013723409,0.98049015,0.99403858,0.005622277,0.000428695,0.97486787,0.99360989,0.018742016,0.70042802,0.26947682,3.2182068,0.86723213,False,0.96441031,True,True,True,0.70042802,0.26947682,3.2182068,0.86723213,0.692133,0.26816649,3.1687206,0.84974467,0.93626124,0.30821784,0.56219601,0.17327884,0.62772311,0.32810835,0.56681122,0.18597549,0.64378441,0.25191979,1.3845763,0.34880217,0.71957633,0.26875625,1.8172231,0.48839007,0.65155443,0.25136445,1.5036422,0.3779622,0.7432293,0.28699473,1.4964038,0.42946
0b_baseline_last,file,19,baseline,6988,120.Fox_Sparrow/Fox_Sparrow_0116_115311.jpg,120,119,120.Fox_Sparrow,131,130,color_jitter,color_jitter,0,"{""brightness"":1.299544,""contrast"":1.215251,""hue"":-0.082303,""saturation"":1.38902}",0.019702679,1.3343042,1.3146015,0.98049015,0.26334134,0.005622277,0.013130032,0.97486787,0.25021131,-0.72465657,0.4028789,33.151648,3.2182068,106.68886,False,0.75418317,True,True,True,0.4028789,33.151648,3.2182068,106.68886,0.3939589,33.231192,3.1687206,105.30036,0.71287669,30.516964,0.56219601,17.156516,0.19672287,33.921832,0.56681122,19.227275,0.23326148,35.690869,1.3845763,49.41673,0.47118092,33.713475,1.8172231,61.264906,0.36750991,31.370032,1.5036422,47.169305,0.4854454,32.036039,1.4964038,47.93885
0b_baseline_last,file,19,baseline,6988,120.Fox_Sparrow/Fox_Sparrow_0116_115311.jpg,120,119,120.Fox_Sparrow,131,130,rotation,rotation,0,"{""angle"":-8.45198}",0.019702679,0.026463924,0.0067612454,0.98049015,0.97388315,0.005622277,0.0025357283,0.97486787,0.97134742,-0.0035204473,0.73967075,1.2116421,3.2182068,3.8993149,False,0.9724651,True,True,True,0.73967075,1.2116421,3.2182068,3.8993149,0.73341468,1.2140727,3.1687206,3.8470573,0.95465205,1.1317124,0.56219601,0.63624417,0.41482547,1.236273,0.56681122,0.70073339,0.69590304,1.2860822,1.3845763,1.780679,0.76184947,1.2426852,1.8172231,2.2582363,0.70915232,1.0827334,1.5036422,1.6280437,0.79787681,1.2300228,1.4964038,1.8406107
0b_baseline_last,file,19,baseline,6988,120.Fox_Sparrow/Fox_Sparrow_0116_115311.jpg,120,119,120.Fox_Sparrow,131,130,random_resized_crop,random_resized_crop,0,"{""area_fraction"":0.807465,""aspect"":0.974315,""fallback"":false,""height"":0.910357,""left"":0.046351,""top"":0.035056,""width"":0.886975}",0.019702679,0.02260419,0.0029015113,0.98049015,0.97764939,0.005622277,0.0040066936,0.97486787,0.9736427,-0.0012251739,0.77171556,1.1372977,3.2182068,3.6600592,False,0.97057849,True,True,True,0.77171556,1.1372977,3.2182068,3.6600592,0.76597219,1.1384868,3.1687206,3.6075468,0.96122331,1.0988514,0.56219601,0.61776986,0.3602487,1.4783899,0.56681122,0.837968,0.6734842,1.154138,1.3845763,1.5979921,0.81145862,1.1811065,1.8172231,2.1463341,0.78240384,1.0463767,1.5036422,1.5733762,0.84918449,1.0932604,1.4964038,1.6359589
0b_baseline_last,file,19,baseline,6988,120.Fox_Sparrow/Fox_Sparrow_0116_115311.jpg,120,119,120.Fox_Sparrow,131,130,gaussian_blur,gaussian_blur,0,"{""sigma"":1.701216}",0.019702679,0.90041274,0.88071006,0.98049015,0.40640187,0.005622277,0.061370008,0.97486787,0.34503186,-0.62983601,0.38517501,38.894027,3.2182068,125.16902,False,0.78827393,True,True,True,0.38517501,38.894027,3.2182068,125.16902,0.37804251,39.235549,3.1687206,124.32649,0.763591,25.789053,0.56219601,14.498503,-0.024165977,74.875925,0.56681122,42.440515,0.28272821,44.957623,1.3845763,62.247258,0.43147164,38.024865,1.8172231,69.099663,0.42110479,36.873045,1.5036422,55.443867,0.54514921,29.37627,1.4964038,43.958762
0b_baseline_last,file,19,baseline,6988,120.Fox_Sparrow/Fox_Sparrow_0116_115311.jpg,120,119,120.Fox_Sparrow,131,130,random_erasing,random_erasing,0,"{""area_fraction"":0.1762,""erased"":true,""height"":0.230471,""left"":0.207084,""top"":0.59406,""width"":0.764523}",0.019702679,0.21690215,0.19719947,0.98049015,0.80500871,0.005622277,0.062552489,0.97486787,0.74245622,-0.23241165,0.79088744,9.0494832,3.2182068,29.123108,False,0.93692845,True,True,True,0.79088744,9.0494832,3.2182068,29.123108,0.78623023,9.034488,3.1687206,28.627768,0.93241027,9.5135605,0.56219601,5.3484858,0.75324599,10.415154,0.56681122,5.9034262,0.76656789,9.8672091,1.3845763,13.661904,0.80533088,9.1195758,1.8172231,16.572304,0.77739803,8.6319988,1.5036422,12.979438,0.79862542,8.3183771,1.4964038,12.447651
0b_baseline_last,file,19,baseline,1860,033.Yellow_billed_Cuckoo/Yellow_Billed_Cuckoo_0121_26807.jpg,33,32,033.Yellow_billed_Cuckoo,166,165,identity,identity,0,{},0.037550353,0.037550353,0,0.96314591,0.96314591,0.0069521083,0.0069521083,0.9561938,0.9561938,0,1,1,6.6942698,6.6942698,False,1,True,True,True,1,1,6.6942698,6.6942698,1,1,6.566277,6.566277,1,1,1.3027874,1.3027874,1,1,1.1625434,1.1625434,1,1,2.3121016,2.3121016,1,1,3.8158423,3.8158423,1,1,3.3706341,3.3706341,1,1,3.2398836,3.2398836
0b_baseline_last,file,19,baseline,1860,033.Yellow_billed_Cuckoo/Yellow_Billed_Cuckoo_0121_26807.jpg,33,32,033.Yellow_billed_Cuckoo,166,165,horizontal_flip,horizontal_flip,0,"{""flipped"":true}",0.037550353,0.022768388,-0.014781965,0.96314591,0.97748888,0.0069521083,0.0010398212,0.9561938,0.97644905,0.020255251,0.60795581,0.54690099,6.6942698,3.6611028,False,0.96608323,True,True,True,0.60795581,0.54690099,6.6942698,3.6611028,0.59433353,0.54453027,6.566277,3.5755366,0.92306163,0.60401269,1.3027874,0.78690013,0.20720418,0.69035638,1.1625434,0.80256924,0.50826081,0.54725893,2.3121016,1.2653183,0.648002,0.5034306,3.8158423,1.9210118,0.56112768,0.55311397,3.3706341,1.8643448,0.67175884,0.56688457,3.2398836,1.83664
0b_baseline_last,file,19,baseline,1860,033.Yellow_billed_Cuckoo/Yellow_Billed_Cuckoo_0121_26807.jpg,33,32,033.Yellow_billed_Cuckoo,166,165,color_jitter,color_jitter,0,"{""brightness"":1.234838,""contrast"":0.987202,""hue"":0.084384,""saturation"":1.072909}",0.037550353,0.70474523,0.66719488,0.96314591,0.49423447,0.0069521083,0.01009039,0.9561938,0.48414408,-0.47204972,0.57437111,11.302595,6.6942698,75.662623,False,0.86280739,True,True,True,0.57437111,11.302595,6.6942698,75.662623,0.5634807,11.222842,6.566277,73.692293,0.81718847,13.167574,1.3027874,17.15455,0.18290537,10.852745,1.1625434,12.616787,0.4223919,11.268355,2.3121016,26.053582,0.59247629,10.20618,3.8158423,38.945175,0.57849463,11.852587,3.3706341,39.950735,0.63053944,11.873293,3.2398836,38.468086
0b_baseline_last,file,19,baseline,1860,033.Yellow_billed_Cuckoo/Yellow_Billed_Cuckoo_0121_26807.jpg,33,32,033.Yellow_billed_Cuckoo,166,165,rotation,rotation,0,"{""angle"":-0.994648}",0.037550353,0.055969182,0.01841883,0.96314591,0.94556826,0.0069521083,0.0096234605,0.9561938,0.9359448,-0.020249,0.86869912,1.5375523,6.6942698,10.29279,False,0.98685157,True,True,True,0.86869912,1.5375523,6.6942698,10.29279,0.86490675,1.5410835,6.566277,10.119181,0.97318527,1.4449578,1.3027874,1.8824728,0.83294786,1.9176025,1.1625434,2.229296,0.76132955,1.6194149,2.3121016,3.7442519,0.89147873,1.5698807,3.8158423,5.9904174,0.86433089,1.5241824,3.3706341,5.1374611,0.89803637,1.4187984,3.2398836,4.5967416
0b_baseline_last,file,19,baseline,1860,033.Yellow_billed_Cuckoo/Yellow_Billed_Cuckoo_0121_26807.jpg,33,32,033.Yellow_billed_Cuckoo,166,165,random_resized_crop,random_resized_crop,0,"{""area_fraction"":0.565807,""aspect"":1.130473,""fallback"":false,""height"":0.707464,""left"":0.136074,""top"":0.045859,""width"":0.799769}",0.037550353,0.1350009,0.097450547,0.96314591,0.8737151,0.0069521083,0.0055166353,0.9561938,0.86819847,-0.087995336,0.5632134,3.091879,6.6942698,20.697873,False,0.9177978,True,True,True,0.5632134,3.091879,6.6942698,20.697873,0.54952094,3.0618438,6.566277,20.104915,0.85712272,3.7755766,1.3027874,4.9187737,0.57965654,5.1516475,1.1625434,5.9890137,0.47609026,3.8105349,2.3121016,8.810344,0.59650074,2.7437137,3.8158423,10.469579,0.51128971,2.8354007,3.3706341,9.5570983,0.60299914,2.9243464,3.2398836,9.4745417
0b_baseline_last,file,19,baseline,1860,033.Yellow_billed_Cuckoo/Yellow_Billed_Cuckoo_0121_26807.jpg,33,32,033.Yellow_billed_Cuckoo,166,165,gaussian_blur,gaussian_blur,0,"{""sigma"":1.692276}",0.037550353,2.2995844,2.262034,0.96314591,0.10030051,0.0069521083,0.021208396,0.9561938,0.079092117,-0.87710169,0.41329168,20.142834,6.6942698,134.84157,False,0.72824001,False,True,False,0.41329168,20.142834,6.6942698,134.84157,0.40367002,20.026049,6.566277,131.49659,0.63052449,22.910782,1.3027874,29.847878,0.20514034,18.809429,1.1625434,21.866777,0.25020277,20.47611,2.3121016,47.342847,0.48335572,19.062828,3.8158423,72.740745,0.40058239,21.429236,3.3706341,72.230115,0.40795458,19.675141,3.2398836,63.745165
0b_baseline_last,file,19,baseline,1860,033.Yellow_billed_Cuckoo/Yellow_Billed_Cuckoo_0121_26807.jpg,33,32,033.Yellow_billed_Cuckoo,166,165,random_erasing,random_erasing,0,"{""area_fraction"":0.182632,""erased"":true,""height"":0.427291,""left"":0.327372,""top"":0.112202,""width"":0.427419}",0.037550353,0.64393342,0.60638306,0.96314591,0.52522242,0.0069521083,0.005361293,0.9561938,0.51986113,-0.43633268,0.53029545,11.188844,6.6942698,74.901143,False,0.85645175,True,True,True,0.53029545,11.188844,6.6942698,74.901143,0.51924646,11.206876,6.566277,73.587453,0.8242109,10.720611,1.3027874,13.966677,0.40553036,10.615076,1.1625434,12.340487,0.2848373,10.56803,2.3121016,24.43436,0.5235925,9.9619548,3.8158423,38.013249,0.5274822,12.13212,3.3706341,40.892938,0.63009657,12.145991,3.2398836,39.351597
0b_baseline_last,file,19,baseline,7022,120.Fox_Sparrow/Fox_Sparrow_0036_115581.jpg,120,119,120.Fox_Sparrow,11,10,identity,identity,0,{},4.1399899,4.1399899,0,0.015923018,0.015923018,0.32803804,0.32803804,-0.31211502,-0.31211502,0,1,1,149.05237,149.05237,False,0.99999988,True,False,False,1,1,149.05237,149.05237,1,1,146.56603,146.56603,1,1,27.111034,27.111034,1,1,33.390599,33.390599,1,1,71.692849,71.692849,1,1,85.077709,85.077709,1,1,66.983573,66.983573,1,1,59.175913,59.175913
0b_baseline_last,file,19,baseline,7022,120.Fox_Sparrow/Fox_Sparrow_0036_115581.jpg,120,119,120.Fox_Sparrow,11,10,horizontal_flip,horizontal_flip,0,"{""flipped"":true}",4.1399899,3.7420368,-0.39795303,0.015923018,0.023705767,0.32803804,0.066297293,-0.31211502,-0.042591525,0.26952349,0.62402495,0.96748449,149.05237,144.20586,False,0.93369544,False,False,False,0.62402495,0.96748449,149.05237,144.20586,0.61633562,0.97173596,146.56603,142.42348,0.8930895,0.83370754,27.111034,22.602674,0.74863657,0.97116929,33.390599,32.427925,0.59442041,0.95812442,71.692849,68.690669,0.63638443,1.0037288,85.077709,85.394949,0.58054668,0.98743078,66.983573,66.141642,0.6119063,0.90174456,59.175913,53.361557
0b_baseline_last,file,19,baseline,7022,120.Fox_Sparrow/Fox_Sparrow_0036_115581.jpg,120,119,120.Fox_Sparrow,11,10,color_jitter,color_jitter,0,"{""brightness"":0.848299,""contrast"":0.768084,""hue"":0.092421,""saturation"":1.083921}",4.1399899,7.7539024,3.6139126,0.015923018,0.00042906488,0.32803804,0.011078986,-0.31211502,-0.010649921,0.3014651,0.41415801,1.2694843,149.05237,189.21964,False,0.71951854,False,False,False,0.41415801,1.2694843,149.05237,189.21964,0.4083505,1.2765214,146.56603,187.09467,0.63012638,1.043052,27.111034,28.278217,0.1049296,0.88049666,33.390599,29.400311,0.41458364,1.5234466,71.692849,109.22023,0.37645263,1.2125394,85.077709,103.16007,0.47358905,1.2239233,66.983573,81.982757,0.47173795,1.1765967,59.175913,69.626185
0b_baseline_last,file,19,baseline,7022,120.Fox_Sparrow/Fox_Sparrow_0036_115581.jpg,120,119,120.Fox_Sparrow,11,10,rotation,rotation,0,"{""angle"":12.386214}",4.1399899,4.3780527,0.23806286,0.015923018,0.012549771,0.32803804,0.21924816,-0.31211502,-0.20669839,0.10541663,0.75050773,0.98048816,149.05237,146.14408,False,0.90824747,True,False,False,0.75050773,0.98048816,149.05237,146.14408,0.74581566,0.98138841,146.56603,143.8382,0.89190124,0.95380188,27.111034,25.858555,0.84367072,1.0030104,33.390599,33.491116,0.79683496,1.0328852,71.692849,74.050485,0.73112317,0.96062794,85.077709,81.728024,0.70250707,0.96811381,66.983573,64.847722,0.72123584,0.95587925,59.175913,56.565027
0b_baseline_last,file,19,baseline,7022,120.Fox_Sparrow/Fox_Sparrow_0036_115581.jpg,120,119,120.Fox_Sparrow,11,10,random_resized_crop,random_resized_crop,0,"{""area_fraction"":0.713361,""aspect"":1.179634,""fallback"":false,""height"":0.777644,""left"":0.075122,""top"":0.113495,""width"":0.917336}",4.1399899,3.2404442,-0.89954567,0.015923018,0.039146498,0.32803804,0.1493649,-0.31211502,-0.11021841,0.20189661,0.75489565,1.0224945,149.05237,152.40523,False,0.95422578,True,False,False,0.75489565,1.0224945,149.05237,152.40523,0.74979151,1.0261021,146.56603,150.39171,0.92817518,0.91076795,27.111034,24.691861,0.69841567,1.134964,33.390599,37.897129,0.76021084,1.1064958,71.692849,79.327834,0.76782395,1.027419,85.077709,87.410457,0.73524032,0.98351676,66.983573,65.879467,0.74123012,0.91126169,59.175913,53.924742
0b_baseline_last,file,19,baseline,7022,120.Fox_Sparrow/Fox_Sparrow_0036_115581.jpg,120,119,120.Fox_Sparrow,11,10,gaussian_blur,gaussian_blur,0,"{""sigma"":1.885981}",4.1399899,7.5844278,3.444438,0.015923018,0.00050830562,0.32803804,0.0027203879,-0.31211502,-0.0022120823,0.30990294,0.34324923,0.69208726,149.05237,103.15725,False,0.66404849,False,False,False,0.34324923,0.69208726,149.05237,103.15725,0.33126737,0.6780162,146.56603,99.374143,0.60347899,1.0209964,27.111034,27.680268,0.2140279,0.71741187,33.390599,23.954812,0.2919791,0.52226383,71.692849,37.442582,0.37862736,0.58737606,85.077709,49.972609,0.30831371,0.70727595,66.983573,47.375871,0.38544975,0.94960029,59.175913,56.193464
0b_baseline_last,file,19,baseline,7022,120.Fox_Sparrow/Fox_Sparrow_0036_115581.jpg,120,119,120.Fox_Sparrow,11,10,random_erasing,random_erasing,0,"{""area_fraction"":0.099718,""erased"":true,""height"":0.292947,""left"":0.486663,""top"":0.039723,""width"":0.340398}",4.1399899,3.9576397,-0.18235016,0.015923018,0.019108159,0.32803804,0.18544742,-0.31211502,-0.16633927,0.14577575,0.9240854,1.0529149,149.05237,156.93946,False,0.98180169,False,False,False,0.9240854,1.0529149,149.05237,156.93946,0.92278478,1.0550047,146.56603,154.62784,0.96641533,0.98989199,27.111034,26.836996,0.97095962,1.0090666,33.390599,33.693338,0.94816067,1.0571899,71.692849,75.792956,0.92883632,1.0721081,85.077709,91.212503,0.90319115,1.0723801,66.983573,71.83185,0.88345648,1.00692,59.175913,59.585413
0b_baseline_last,file,19,baseline,9421,161.Blue_winged_Warbler/Blue_Winged_Warbler_0012_162086.jpg,161,160,161.Blue_winged_Warbler,177,176,identity,identity,0,{},0.00054463808,0.00054463808,0,0.99945551,0.99945551,0.00020446797,0.00020446797,0.99925104,0.99925104,0,1,1,0.10056155,0.10056155,False,1,True,True,True,1,1,0.10056155,0.10056155,1,1,0.09882725,0.09882725,1,1,0.018595683,0.018595683,1,1,0.015759602,0.015759602,1,1,0.037948938,0.037948938,1,1,0.052269748,0.052269748,1,1,0.050130722,0.050130722,1,1,0.053227084,0.053227084
0b_baseline_last,file,19,baseline,9421,161.Blue_winged_Warbler/Blue_Winged_Warbler_0012_162086.jpg,161,160,161.Blue_winged_Warbler,177,176,horizontal_flip,horizontal_flip,0,"{""flipped"":true}",0.00054463808,0.0033263611,0.002781723,0.99945551,0.99667919,0.00020446797,0.0011145177,0.99925104,0.99556467,-0.0036863745,0.70644384,6.2427428,0.10056155,0.62777987,False,0.97874045,True,True,True,0.70644384,6.2427428,0.10056155,0.62777987,0.69830864,6.2679478,0.09882725,0.61944405,0.97523858,5.4832032,0.018595683,0.10196391,0.5668884,7.6057823,0.015759602,0.1198641,0.56108006,5.5101838,0.037948938,0.20910563,0.67733953,6.6399482,0.052269748,0.34706842,0.68305217,6.4131477,0.050130722,0.32149572,0.82020464,5.9944077,0.053227084,0.31906484
0b_baseline_last,file,19,baseline,9421,161.Blue_winged_Warbler/Blue_Winged_Warbler_0012_162086.jpg,161,160,161.Blue_winged_Warbler,177,176,color_jitter,color_jitter,0,"{""brightness"":0.798626,""contrast"":0.988833,""hue"":-0.024235,""saturation"":1.317508}",0.00054463808,0.019281808,0.01873717,0.99945551,0.98090291,0.00020446797,0.0092771044,0.99925104,0.97162581,-0.027625238,0.75205507,51.660994,0.10056155,5.1951095,False,0.93691742,True,True,True,0.75205507,51.660994,0.10056155,5.1951095,0.7498238,52.15959,0.09882725,5.1547889,0.90814636,34.73918,0.018595683,0.64599877,0.41245242,60.084472,0.015759602,0.94690734,0.66610061,59.627781,0.037948938,2.262811,0.79955781,59.501639,0.052269748,3.1101357,0.77058625,50.160797,0.050130722,2.5145969,0.80523068,40.113509,0.053227084,2.1351251
0b_baseline_last,file,19,baseline,9421,161.Blue_winged_Warbler/Blue_Winged_Warbler_0012_162086.jpg,161,160,161.Blue_winged_Warbler,177,176,rotation,rotation,0,"{""angle"":-0.084254}",0.00054463808,0.00055583764,1.1199561e-05,0.99945551,0.99944431,0.00020446797,0.00020668458,0.99925104,0.99923762,-1.3422279e-05,0.98958795,1.0007324,0.10056155,0.1006352,False,0.99956918,True,True,True,0.98958795,1.0007324,0.10056155,0.1006352,0.98923918,1.0004467,0.09882725,0.098871395,0.99939043,1.0087688,0.018595683,0.018758744,0.97533349,1.014624,0.015759602,0.015990071,0.9786716,0.98573697,0.037948938,0.037407672,0.98966009,1.0088367,0.052269748,0.052731639,0.99075597,1.0006356,0.050130722,0.050162584,0.99412238,0.99832259,0.053227084,0.0531378
0b_baseline_last,file,19,baseline,9421,161.Blue_winged_Warbler/Blue_Winged_Warbler_0012_162086.jpg,161,160,161.Blue_winged_Warbler,177,176,random_resized_crop,random_resized_crop,0,"{""area_fraction"":0.841649,""aspect"":0.843328,""fallback"":false,""height"":0.999004,""left"":0.092345,""top"":0.000377,""width"":0.842488}",0.00054463808,0.0012469859,0.00070234778,0.99945551,0.99875379,0.00020446797,0.00058663305,0.99925104,0.99816715,-0.0010838906,0.85756525,2.6398134,0.10056155,0.26546372,False,0.98709273,True,True,True,0.85756525,2.6398134,0.10056155,0.26546372,0.85402378,2.65099,0.09882725,0.26199005,0.98107298,2.3018375,0.018595683,0.042804241,0.76646999,3.1225956,0.015759602,0.049210862,0.79901611,2.7505179,0.037948938,0.10437924,0.85864789,2.7527756,0.052269748,0.14388689,0.85192655,2.6937677,0.050130722,0.13504052,0.89943695,2.4046934,0.053227084,0.12799482
0b_baseline_last,file,19,baseline,9421,161.Blue_winged_Warbler/Blue_Winged_Warbler_0012_162086.jpg,161,160,161.Blue_winged_Warbler,177,176,gaussian_blur,gaussian_blur,0,"{""sigma"":1.051212}",0.00054463808,0.0017559599,0.0012113219,0.99945551,0.9982456,0.00020446797,0.00011827875,0.99925104,0.99812732,-0.0011237255,0.67983581,3.1674636,0.10056155,0.31852504,False,0.94783819,True,True,True,0.67983581,3.1674636,0.10056155,0.31852504,0.67407595,3.172989,0.09882725,0.31357778,0.85243355,3.0072128,0.018595683,0.055921176,0.66484561,4.3817272,0.015759602,0.069054276,0.68391245,3.3355078,0.037948938,0.12657898,0.61644664,3.2966903,0.052269748,0.17231717,0.63832717,3.1212976,0.050130722,0.1564729,0.77699645,2.8716703,0.053227084,0.15285064
0b_baseline_last,file,19,baseline,9421,161.Blue_winged_Warbler/Blue_Winged_Warbler_0012_162086.jpg,161,160,161.Blue_winged_Warbler,177,176,random_erasing,random_erasing,0,"{""area_fraction"":0.179257,""erased"":true,""height"":0.431162,""left"":0.091231,""top"":0.010642,""width"":0.415754}",0.00054463808,0.00044002387,-0.00010461421,0.99945551,0.99956006,0.00020446797,3.0723953e-05,0.99925104,0.99952933,0.00027829056,0.69552489,0.79815819,0.10056155,0.080264022,False,0.96537155,True,True,True,0.69552489,0.79815819,0.10056155,0.080264022,0.68833697,0.79554629,0.09882725,0.078621651,0.88403933,0.86869213,0.018595683,0.016153924,0.43050142,0.61708796,0.015759602,0.0097250605,0.63110401,0.71657523,0.037948938,0.027193269,0.71027683,0.72252176,0.052269748,0.037766031,0.64150566,0.85840427,0.050130722,0.043032425,0.76205059,0.85462162,0.053227084,0.045489017
0b_baseline_last,file,19,baseline,7272,125.Lincoln_Sparrow/Lincoln_Sparrow_0110_117264.jpg,125,124,125.Lincoln_Sparrow,131,130,identity,identity,0,{},0.30863371,0.30863371,0,0.73444974,0.73444974,0.23211341,0.23211341,0.50233634,0.50233634,0,1,1,67.822895,67.822895,False,1,True,True,True,1,1,67.822895,67.822895,1,1,66.823267,66.823267,1,1,11.601556,11.601556,1,1,14.833517,14.833517,1,1,25.528907,25.528907,1,1,44.195147,44.195147,1,1,31.150891,31.150891,1,1,25.884389,25.884389
0b_baseline_last,file,19,baseline,7272,125.Lincoln_Sparrow/Lincoln_Sparrow_0110_117264.jpg,125,124,125.Lincoln_Sparrow,131,130,horizontal_flip,horizontal_flip,0,"{""flipped"":true}",0.30863371,0.066273578,-0.24236014,0.73444974,0.93587482,0.23211341,0.024390487,0.50233634,0.91148433,0.40914799,0.62678496,0.18742207,67.822895,12.711507,False,0.96608603,True,True,True,0.62678496,0.18742207,67.822895,12.711507,0.61978325,0.18717308,66.823267,12.507516,0.84975197,0.19550297,11.601556,2.2681386,0.30733152,0.20872225,14.833517,3.096085,0.51084961,0.2040817,25.528907,5.2099829,0.69083658,0.17087393,44.195147,7.5517984,0.61524771,0.19405883,31.150891,6.0451054,0.67653249,0.19750413,25.884389,5.1122738
0b_baseline_last,file,19,baseline,7272,125.Lincoln_Sparrow/Lincoln_Sparrow_0110_117264.jpg,125,124,125.Lincoln_Sparrow,131,130,color_jitter,color_jitter,0,"{""brightness"":1.354612,""contrast"":1.261651,""hue"":-0.083641,""saturation"":1.032076}",0.30863371,2.596849,2.2882152,0.73444974,0.074507989,0.23211341,0.53510058,0.50233634,-0.46059259,-0.96292893,0.70628034,2.0598672,67.822895,139.70616,False,0.86708903,False,True,False,0.70628034,2.0598672,67.822895,139.70616,0.7017705,2.0406448,66.823267,136.36255,0.84412075,2.6187841,11.601556,30.38197,0.72798588,1.8413934,14.833517,27.314339,0.62797965,2.1759167,25.528907,55.548776,0.81617827,1.8390459,44.195147,81.276906,0.65586892,2.0432449,31.150891,63.648899,0.58906311,2.4755155,25.884389,64.077206
0b_baseline_last,file,19,baseline,7272,125.Lincoln_Sparrow/Lincoln_Sparrow_0110_117264.jpg,125,124,125.Lincoln_Sparrow,131,130,rotation,rotation,0,"{""angle"":8.820121}",0.30863371,0.044856317,-0.2637774,0.73444974,0.95613486,0.23211341,0.031170513,0.50233634,0.92496434,0.422628,0.84152218,0.15602385,67.822895,10.581989,False,0.97213471,True,True,True,0.84152218,0.15602385,67.822895,10.581989,0.83864349,0.15667614,66.823267,10.469611,0.96585614,0.1325767,11.601556,1.5380959,0.70361769,0.15755913,14.833517,2.337156,0.75088862,0.1692916,25.528907,4.3218296,0.89487633,0.15148586,44.195147,6.6949401,0.83185467,0.15641866,31.150891,4.8725807,0.83096627,0.1588576,25.884389,4.1119319
0b_baseline_last,file,19,baseline,7272,125.Lincoln_Sparrow/Lincoln_Sparrow_0110_117264.jpg,125,124,125.Lincoln_Sparrow,131,130,random_resized_crop,random_resized_crop,0,"{""area_fraction"":0.816,""aspect"":0.930921,""fallback"":false,""height"":0.936244,""left"":0.124903,""top"":0.015406,""width"":0.871568}",0.30863371,0.675264,0.36663029,0.73444974,0.509022,0.23211341,0.37059626,0.50233634,0.13842574,-0.3639106,0.86568999,1.6184045,67.822895,109.76488,False,0.98264879,True,True,True,0.86568999,1.6184045,67.822895,109.76488,0.86267163,1.6225162,66.823267,108.42184,0.97960626,1.4755106,11.601556,17.118219,0.74396321,1.6346845,14.833517,24.248119,0.80262784,1.7140722,25.528907,43.758389,0.91127164,1.6100226,44.195147,71.155188,0.83703109,1.5369869,31.150891,47.878511,0.86201164,1.6827082,25.884389,43.555874
0b_baseline_last,file,19,baseline,7272,125.Lincoln_Sparrow/Lincoln_Sparrow_0110_117264.jpg,125,124,125.Lincoln_Sparrow,131,130,gaussian_blur,gaussian_blur,0,"{""sigma"":1.56501}",0.30863371,1.2756661,0.9670324,0.73444974,0.2792449,0.23211341,0.030776141,0.50233634,0.24846876,-0.25386758,0.51212313,2.3172092,67.822895,157.15984,False,0.79691744,True,True,True,0.51212313,2.3172092,67.822895,157.15984,0.51045445,2.3283605,66.823267,155.58866,0.58937941,1.9107073,11.601556,22.167177,0.45769341,3.2915061,14.833517,48.82461,0.42402184,3.0600882,25.528907,78.120707,0.58694435,2.1164714,44.195147,93.537764,0.49622976,2.0604163,31.150891,64.183804,0.5146938,2.063276,25.884389,53.406638
0b_baseline_last,file,19,baseline,7272,125.Lincoln_Sparrow/Lincoln_Sparrow_0110_117264.jpg,125,124,125.Lincoln_Sparrow,131,130,random_erasing,random_erasing,0,"{""area_fraction"":0.129623,""erased"":true,""height"":0.221842,""left"":0.187381,""top"":0.58664,""width"":0.584305}",0.30863371,0.048253875,-0.26037984,0.73444974,0.95289183,0.23211341,0.033440821,0.50233634,0.91945101,0.41711467,0.83692989,0.13798354,67.822895,9.358443,False,0.95454293,True,True,True,0.83692989,0.13798354,67.822895,9.358443,0.83339908,0.13730624,66.823267,9.1752512,0.94678178,0.1588246,11.601556,1.8426125,0.71746345,0.12338741,14.833517,1.8302693,0.80362669,0.14813882,25.528907,3.7818222,0.9023279,0.13202618,44.195147,5.8349166,0.79046758,0.13263897,31.150891,4.1318221,0.7820715,0.15168176,25.884389,3.9261896
0b_baseline_last,file,19,baseline,32,001.Black_footed_Albatross/Black_Footed_Albatross_0017_796098.jpg,1,0,001.Black_footed_Albatross,3,2,identity,identity,0,{},2.3007874,2.3007874,0,0.10017992,0.10017992,0.88991767,0.88991767,-0.78973775,-0.78973775,0,1,1,197.39953,197.39953,False,1,True,False,False,1,1,197.39953,197.39953,1,1,191.75518,191.75518,1,1,46.867083,46.867083,1,1,53.74057,53.74057,1,1,90.146606,90.146606,1,1,93.592791,93.592791,1,1,89.904226,89.904226,1,1,94.409797,94.409797
0b_baseline_last,file,19,baseline,32,001.Black_footed_Albatross/Black_Footed_Albatross_0017_796098.jpg,1,0,001.Black_footed_Albatross,3,2,horizontal_flip,horizontal_flip,0,"{""flipped"":true}",2.3007874,0.99315429,-1.3076332,0.10017992,0.37040645,0.88991767,0.60907197,-0.78973775,-0.23866552,0.55107223,0.80822579,0.68252653,197.39953,134.73041,False,0.98358768,True,False,False,0.80822579,0.68252653,197.39953,134.73041,0.79771449,0.68237176,191.75518,130.84832,0.98348855,0.68511218,46.867083,32.109209,0.84028245,0.64900435,53.74057,34.877864,0.81572033,0.71006368,90.146606,64.009831,0.79186214,0.69676326,93.592791,65.212019,0.75176193,0.67304548,89.904226,60.509633,0.81662587,0.66092938,94.409797,62.398208
0b_baseline_last,file,19,baseline,32,001.Black_footed_Albatross/Black_Footed_Albatross_0017_796098.jpg,1,0,001.Black_footed_Albatross,3,2,color_jitter,color_jitter,0,"{""brightness"":0.684288,""contrast"":1.118105,""hue"":0.058529,""saturation"":1.244216}",2.3007874,4.8235574,2.5227699,0.10017992,0.0080381408,0.88991767,0.97721738,-0.78973775,-0.96917924,-0.17944148,0.72566598,0.99642658,197.39953,196.69414,False,0.94826055,True,False,False,0.72566598,0.99642658,197.39953,196.69414,0.71201765,0.99486984,191.75518,190.77145,0.9482961,1.0221347,46.867083,47.90447,0.60690022,1.0758367,53.74057,57.816077,0.63015521,0.99294649,90.146606,89.510756,0.68813104,0.95612782,93.592791,89.486672,0.74879192,0.96880521,89.904226,87.099683,0.81190872,1.0293804,94.409797,97.183595
0b_baseline_last,file,19,baseline,32,001.Black_footed_Albatross/Black_Footed_Albatross_0017_796098.jpg,1,0,001.Black_footed_Albatross,3,2,rotation,rotation,0,"{""angle"":8.790477}",2.3007874,1.8907516,-0.41003585,0.10017992,0.15095831,0.88991767,0.80142778,-0.78973775,-0.65046947,0.13926829,0.84032614,0.97095983,197.39953,191.66701,False,0.95465577,True,False,False,0.84032614,0.97095983,197.39953,191.66701,0.83475931,0.97742044,191.75518,187.42543,0.95386904,0.85559514,46.867083,40.099249,0.90284366,1.0920002,53.74057,58.684711,0.86912066,0.94201142,90.146606,84.919132,0.83880521,1.008123,93.592791,94.353042,0.77826821,0.98073996,89.904226,88.172668,0.83058408,0.93524431,94.409797,88.296225
0b_baseline_last,file,19,baseline,32,001.Black_footed_Albatross/Black_Footed_Albatross_0017_796098.jpg,1,0,001.Black_footed_Albatross,3,2,random_resized_crop,random_resized_crop,0,"{""area_fraction"":0.672895,""aspect"":0.90666,""fallback"":false,""height"":0.861493,""left"":0.07213,""top"":0.131843,""width"":0.781081}",2.3007874,1.9483336,-0.35245383,0.10017992,0.14251135,0.88991767,0.84961307,-0.78973775,-0.70710172,0.082636036,0.81916334,1.067031,197.39953,210.63141,False,0.97324663,True,False,False,0.81916334,1.067031,197.39953,210.63141,0.81111709,1.0728171,191.75518,205.71823,0.97326337,0.9650339,46.867083,45.228324,0.83272291,1.0962701,53.74057,58.914178,0.82428446,1.056445,90.146606,95.234928,0.82213356,1.1481347,93.592791,107.45713,0.78087143,1.0782216,89.904226,96.936679,0.81243718,0.9956405,94.409797,93.998217
0b_baseline_last,file,19,baseline,32,001.Black_footed_Albatross/Black_Footed_Albatross_0017_796098.jpg,1,0,001.Black_footed_Albatross,3,2,gaussian_blur,gaussian_blur,0,"{""sigma"":1.229452}",2.3007874,3.4416547,1.1408672,0.10017992,0.032011673,0.88991767,0.95699221,-0.78973775,-0.92498054,-0.13524278,0.70656957,1.1003,197.39953,217.1987,False,0.93626362,True,False,False,0.70656957,1.1003,197.39953,217.1987,0.69484761,1.1075617,191.75518,212.3807,0.93630905,0.97070508,46.867083,45.494116,0.64450275,1.1347475,53.74057,60.981978,0.71738944,1.1291041,90.146606,101.7849,0.6794939,1.2311028,93.592791,115.22234,0.65706105,1.0547814,89.904226,94.829305,0.75535163,0.99124415,94.409797,93.583159
0b_baseline_last,file,19,baseline,32,001.Black_footed_Albatross/Black_Footed_Albatross_0017_796098.jpg,1,0,001.Black_footed_Albatross,3,2,random_erasing,random_erasing,0,"{""area_fraction"":0.118919,""erased"":true,""height"":0.237305,""left"":0.352433,""top"":0.645865,""width"":0.501122}",2.3007874,2.0294759,-0.27131152,0.10017992,0.13140437,0.88991767,0.83734906,-0.78973775,-0.70594469,0.083793066,0.89829683,0.86095327,197.39953,169.95177,False,0.97043306,True,False,False,0.89829683,0.86095327,197.39953,169.95177,0.8940538,0.86158709,191.75518,165.21379,0.97034485,0.85027289,46.867083,39.84981,0.8560914,0.87012418,53.74057,46.760969,0.89790037,0.82287538,90.146606,74.179423,0.91003972,0.8646958,93.592791,80.929293,0.89036851,0.87046045,89.904226,78.258074,0.89192101,0.88192015,94.409797,83.261902
0b_baseline_last,file,19,baseline,8997,154.Red_eyed_Vireo/Red_Eyed_Vireo_0034_157219.jpg,154,153,154.Red_eyed_Vireo,117,116,identity,identity,0,{},1.1258163,1.1258163,0,0.32438758,0.32438758,0.18131571,0.18131571,0.14307187,0.14307187,0,1,1,87.972845,87.972845,False,1,True,True,True,1,1,87.972845,87.972845,1,1,85.757938,85.757938,1,1,19.616256,19.616256,1,1,20.869266,20.869266,1,1,36.081204,36.081204,1,1,45.335197,45.335197,1,1,43.547282,43.547282,1,1,40.809295,40.809295
0b_baseline_last,file,19,baseline,8997,154.Red_eyed_Vireo/Red_Eyed_Vireo_0034_157219.jpg,154,153,154.Red_eyed_Vireo,117,116,horizontal_flip,horizontal_flip,0,"{""flipped"":true}",1.1258163,2.1766162,1.0507998,0.32438758,0.11342469,0.18131571,0.080472775,0.14307187,0.032951914,-0.11011996,0.58981262,1.5843325,87.972845,139.37824,False,0.94541806,False,True,False,0.58981262,1.5843325,87.972845,139.37824,0.57446177,1.588193,85.757938,136.20016,0.89941527,1.5086521,19.616256,29.594106,0.51967996,1.4850685,20.869266,30.992289,0.57839095,1.6493759,36.081204,59.511468,0.61601665,1.725265,45.335197,78.215229,0.50604692,1.5015626,43.547282,65.388968,0.61060276,1.4814432,40.809295,60.456651
0b_baseline_last,file,19,baseline,8997,154.Red_eyed_Vireo/Red_Eyed_Vireo_0034_157219.jpg,154,153,154.Red_eyed_Vireo,117,116,color_jitter,color_jitter,0,"{""brightness"":0.750073,""contrast"":0.78525,""hue"":-0.010601,""saturation"":1.277163}",1.1258163,2.3241405,1.1983242,0.32438758,0.097867534,0.18131571,0.14314212,0.14307187,-0.045274585,-0.18834646,0.81369044,1.448611,87.972845,127.43843,False,0.94854891,False,True,False,0.81369044,1.448611,87.972845,127.43843,0.80902471,1.4594416,85.757938,125.1587,0.93224364,1.2233177,19.616256,23.996914,0.54298872,1.4750428,20.869266,30.783061,0.79381346,1.6679994,36.081204,60.183426,0.84738949,1.5305314,45.335197,69.386943,0.83726444,1.3589581,43.547282,59.17893,0.83105531,1.2916226,40.809295,52.710208
0b_baseline_last,file,19,baseline,8997,154.Red_eyed_Vireo/Red_Eyed_Vireo_0034_157219.jpg,154,153,154.Red_eyed_Vireo,117,116,rotation,rotation,0,"{""angle"":-14.325443}",1.1258163,0.56424719,-0.56156915,0.32438758,0.56878817,0.18131571,0.10066687,0.14307187,0.46812131,0.32504943,0.61584442,0.69493755,87.972845,61.135634,False,0.93129253,True,True,True,0.61584442,0.69493755,87.972845,61.135634,0.60170446,0.69755402,85.757938,59.820794,0.91103156,0.64288701,19.616256,12.611037,0.4281321,0.694735,20.869266,14.49861,0.5693643,0.75180133,36.081204,27.125897,0.59383956,0.75433023,45.335197,34.19771,0.61547839,0.64854686,43.547282,28.242453,0.68623022,0.63208733,40.809295,25.795038
0b_baseline_last,file,19,baseline,8997,154.Red_eyed_Vireo/Red_Eyed_Vireo_0034_157219.jpg,154,153,154.Red_eyed_Vireo,117,116,random_resized_crop,random_resized_crop,0,"{""area_fraction"":0.761988,""aspect"":0.971571,""fallback"":false,""height"":0.885598,""left"":0.096491,""top"":0.076637,""width"":0.860421}",1.1258163,0.41974613,-0.70607021,0.32438758,0.65721363,0.18131571,0.068777092,0.14307187,0.58843654,0.44536466,0.72638753,0.47980052,87.972845,42.209416,False,0.96251476,True,True,True,0.72638753,0.47980052,87.972845,42.209416,0.7135826,0.47831853,85.757938,41.019611,0.95833321,0.50729352,19.616256,9.9511997,0.73322751,0.44686658,20.869266,9.3257775,0.66321864,0.45801209,36.081204,16.525627,0.67008989,0.47580443,45.335197,21.570687,0.72777446,0.49593067,43.547282,21.596433,0.78374826,0.4844414,40.809295,19.769712
0b_baseline_last,file,19,baseline,8997,154.Red_eyed_Vireo/Red_Eyed_Vireo_0034_157219.jpg,154,153,154.Red_eyed_Vireo,117,116,gaussian_blur,gaussian_blur,0,"{""sigma"":1.836182}",1.1258163,6.1069603,4.981144,0.32438758,0.0022273117,0.18131571,0.0031877211,0.14307187,-0.00096040941,-0.14403228,0.28192598,1.1849691,87.972845,104.24511,False,0.73808837,False,True,False,0.28192598,1.1849691,87.972845,104.24511,0.26099126,1.186953,85.757938,101.79064,0.69635837,1.1463923,19.616256,22.487925,0.15626241,0.98672703,20.869266,20.592269,0.028404136,1.1211257,36.081204,40.451566,0.2923388,1.1295873,45.335197,51.210062,0.30613408,1.2216413,43.547282,53.199159,0.35893791,1.3077872,40.809295,53.369875
0b_baseline_last,file,19,baseline,8997,154.Red_eyed_Vireo/Red_Eyed_Vireo_0034_157219.jpg,154,153,154.Red_eyed_Vireo,117,116,random_erasing,random_erasing,0,"{""area_fraction"":0.194987,""erased"":true,""height"":0.571824,""left"":0.404559,""top"":0.25368,""width"":0.340991}",1.1258163,1.8003918,0.67457545,0.32438758,0.16523415,0.18131571,0.047317456,0.14307187,0.11791669,-0.025155183,0.63366323,1.4155278,87.972845,124.52801,False,0.92419672,False,True,False,0.63366323,1.4155278,87.972845,124.52801,0.62442209,1.4282486,85.757938,122.48366,0.86871085,1.1455672,19.616256,22.47174,0.55258855,1.4732908,20.869266,30.746499,0.46429929,1.4106435,36.081204,50.897715,0.63882007,1.5463283,45.335197,70.103098,0.68619202,1.4294068,43.547282,62.24678,0.69207877,1.2678929,40.809295,51.741817
0b_baseline_last,file,19,baseline,3145,055.Evening_Grosbeak/Evening_Grosbeak_0133_37976.jpg,55,54,055.Evening_Grosbeak,48,47,identity,identity,0,{},0.00045479921,0.00045479921,0,0.99954528,0.99954528,6.3255517e-05,6.3255517e-05,0.99948202,0.99948202,0,1,1,0.068945507,0.068945507,False,1.0000001,True,True,True,1,1,0.068945507,0.068945507,1,1,0.067104479,0.067104479,1,1,0.015826301,0.015826301,1,1,0.011327352,0.011327352,1,1,0.023113781,0.023113781,1,1,0.029618055,0.029618055,1,1,0.034041541,0.034041541,1,1,0.042478225,0.042478225
0b_baseline_last,file,19,baseline,3145,055.Evening_Grosbeak/Evening_Grosbeak_0133_37976.jpg,55,54,055.Evening_Grosbeak,48,47,horizontal_flip,horizontal_flip,0,"{""flipped"":true}",0.00045479921,0.00089617138,0.00044137216,0.99954528,0.9991042,6.3255517e-05,0.00012662591,0.99948202,0.99897758,-0.00050444476,0.66468075,1.9465247,0.068945507,0.13420413,False,0.98074484,True,True,True,0.66468075,1.9465247,0.068945507,0.13420413,0.64952546,1.9578236,0.067104479,0.13137873,0.97768737,1.7308542,0.015826301,0.02739302,0.45005079,2.0739934,0.011327352,0.023492854,0.58843886,2.0484642,0.023113781,0.047347754,0.50439072,2.0032213,0.029618055,0.059331518,0.58997047,1.999935,0.034041541,0.06808087,0.80271238,1.8702383,0.042478225,0.079444403
0b_baseline_last,file,19,baseline,3145,055.Evening_Grosbeak/Evening_Grosbeak_0133_37976.jpg,55,54,055.Evening_Grosbeak,48,47,color_jitter,color_jitter,0,"{""brightness"":0.607725,""contrast"":1.009349,""hue"":-0.0572,""saturation"":1.138937}",0.00045479921,0.51729017,0.51683538,0.99954528,0.59613377,6.3255517e-05,0.00073050807,0.99948202,0.59540326,-0.40407876,0.352993,1428.4819,0.068945507,98.487408,False,0.88738525,True,True,True,0.352993,1428.4819,0.068945507,98.487408,0.33787005,1445.3384,0.067104479,96.988684,0.73067793,1081.5044,0.015826301,17.116215,0.055899447,1915.4712,0.011327352,21.697216,0.46259403,2014.128,0.023113781,46.554113,0.27412087,1744.8403,0.029618055,51.678776,0.33517737,1324.7635,0.034041541,45.096992,0.39033696,1069.6007,0.042478225,45.43474
0b_baseline_last,file,19,baseline,3145,055.Evening_Grosbeak/Evening_Grosbeak_0133_37976.jpg,55,54,055.Evening_Grosbeak,48,47,rotation,rotation,0,"{""angle"":-10.648684}",0.00045479921,0.0031229318,0.0026681326,0.99954528,0.99688196,6.3255517e-05,0.00032600012,0.99948202,0.99655596,-0.002926059,0.74188629,6.7888548,0.068945507,0.46806104,False,0.97500521,True,True,True,0.74188629,6.7888548,0.068945507,0.46806104,0.73210708,6.8378101,0.067104479,0.45884769,0.95661125,5.8391263,0.015826301,0.092411771,0.52794815,6.8769561,0.011327352,0.077897702,0.63189107,6.5882852,0.023113781,0.15228018,0.68647199,7.9046604,0.029618055,0.23412067,0.71081434,7.1094965,0.034041541,0.24201822,0.83441167,6.1342858,0.042478225,0.26057357
0b_baseline_last,file,19,baseline,3145,055.Evening_Grosbeak/Evening_Grosbeak_0133_37976.jpg,55,54,055.Evening_Grosbeak,48,47,random_resized_crop,random_resized_crop,0,"{""area_fraction"":0.666407,""aspect"":0.929335,""fallback"":false,""height"":0.846806,""left"":0.164184,""top"":0.014786,""width"":0.786966}",0.00045479921,0.00089736242,0.00044256321,0.99954528,0.99910307,6.3255517e-05,0.00011705029,0.99948202,0.99898602,-0.00049600163,0.62435563,2.6370449,0.068945507,0.1818124,False,0.96620333,True,True,True,0.62435563,2.6370449,0.068945507,0.1818124,0.61216528,2.6585007,0.067104479,0.17839731,0.89716499,2.2161519,0.015826301,0.035073487,0.45163959,3.8343109,0.011327352,0.043432589,0.454266,2.9819716,0.023113781,0.068924637,0.53742047,3.1585113,0.029618055,0.093548962,0.61736673,2.6199881,0.034041541,0.089188432,0.7716835,2.1681964,0.042478225,0.092101133
0b_baseline_last,file,19,baseline,3145,055.Evening_Grosbeak/Evening_Grosbeak_0133_37976.jpg,55,54,055.Evening_Grosbeak,48,47,gaussian_blur,gaussian_blur,0,"{""sigma"":1.877227}",0.00045479921,3.7998848,3.79943,0.99954528,0.022373352,6.3255517e-05,0.027951812,0.99948202,-0.0055784602,-1.0050605,0.28479532,2875.0184,0.068945507,198.2196,False,0.68377346,False,True,False,0.28479532,2875.0184,0.068945507,198.2196,0.27470356,2925.0515,0.067104479,196.28406,0.62617692,1746.012,0.015826301,27.632912,-0.1505242,3977.8808,0.011327352,45.058856,0.10466998,3667.5406,0.023113781,84.770729,0.26391858,4085.4941,0.029618055,121.00439,0.3675454,2945.1489,0.034041541,100.25741,0.44682416,1599.685,0.042478225,67.95178
0b_baseline_last,file,19,baseline,3145,055.Evening_Grosbeak/Evening_Grosbeak_0133_37976.jpg,55,54,055.Evening_Grosbeak,48,47,random_erasing,random_erasing,0,"{""area_fraction"":0.050215,""erased"":true,""height"":0.216666,""left"":0.063862,""top"":0.690221,""width"":0.23176}",0.00045479921,0.00039760314,-5.719607e-05,0.99954528,0.9996025,6.3255517e-05,4.733997e-05,0.99948202,0.99955516,7.3136005e-05,0.97765843,0.88528293,0.068945507,0.06103628,False,0.99783015,True,True,True,0.97765843,0.88528293,0.068945507,0.06103628,0.97664155,0.88614093,0.067104479,0.059464025,0.99644747,0.86971337,0.015826301,0.013764346,0.97551096,0.93110342,0.011327352,0.010546936,0.9754373,0.92819095,0.023113781,0.021454002,0.97207348,0.91258176,0.029618055,0.027028897,0.97205832,0.87533873,0.034041541,0.02979788,0.98345344,0.86368122,0.042478225,0.036687645
0b_baseline_last,file,19,baseline,2386,042.Vermilion_Flycatcher/Vermilion_Flycatcher_0004_42395.jpg,42,41,042.Vermilion_Flycatcher,139,138,identity,identity,0,{},0.10722296,0.10722296,0,0.89832538,0.89832538,0.037054311,0.037054311,0.86127107,0.86127107,0,1,1,13.436727,13.436727,False,0.99999994,True,True,True,1,1,13.436727,13.436727,1,1,13.208774,13.208774,1,1,2.4645323,2.4645323,1,1,3.2210115,3.2210115,1,1,5.8938494,5.8938494,1,1,6.1561337,6.1561337,1,1,6.6310946,6.6310946,1,1,6.8912941,6.8912941
0b_baseline_last,file,19,baseline,2386,042.Vermilion_Flycatcher/Vermilion_Flycatcher_0004_42395.jpg,42,41,042.Vermilion_Flycatcher,139,138,horizontal_flip,horizontal_flip,0,"{""flipped"":true}",0.10722296,0.064407468,-0.042815492,0.89832538,0.93762285,0.037054311,0.0055354391,0.86127107,0.93208741,0.070816334,0.6136954,0.61122014,13.436727,8.2127981,False,0.95896906,True,True,True,0.6136954,0.61122014,13.436727,8.2127981,0.60327568,0.61188122,13.208774,8.0822007,0.92342153,0.59191565,2.4645323,1.4587952,0.31455014,0.70837923,3.2210115,2.2816977,0.59689847,0.58784263,5.8938494,3.4646559,0.58541374,0.56191091,6.1561337,3.4591987,0.60475591,0.58493978,6.6310946,3.878791,0.69123526,0.66657618,6.8912941,4.5935725
0b_baseline_last,file,19,baseline,2386,042.Vermilion_Flycatcher/Vermilion_Flycatcher_0004_42395.jpg,42,41,042.Vermilion_Flycatcher,139,138,color_jitter,color_jitter,0,"{""brightness"":1.247546,""contrast"":1.013123,""hue"":0.029354,""saturation"":0.720215}",0.10722296,1.1206001,1.0133771,0.89832538,0.32608405,0.037054311,0.046408448,0.86127107,0.2796756,-0.58159547,0.77398367,6.220526,13.436727,83.583509,False,0.91582102,True,True,True,0.77398367,6.220526,13.436727,83.583509,0.77048216,6.2195407,13.208774,82.152507,0.87410162,6.2487633,2.4645323,15.400279,0.79658648,6.3293624,3.2210115,20.386949,0.74082406,5.9831539,5.8938494,35.263808,0.791344,6.2600577,6.1561337,38.537752,0.7586626,6.0795526,6.6310946,40.314088,0.78030009,6.4561778,6.8912941,44.49142
0b_baseline_last,file,19,baseline,2386,042.Vermilion_Flycatcher/Vermilion_Flycatcher_0004_42395.jpg,42,41,042.Vermilion_Flycatcher,139,138,rotation,rotation,0,"{""angle"":4.018812}",0.10722296,0.25817508,0.15095212,0.89832538,0.77245998,0.037054311,0.095576517,0.86127107,0.67688347,-0.18438761,0.84470051,2.461181,13.436727,33.070217,False,0.98148251,True,True,True,0.84470051,2.461181,13.436727,33.070217,0.84045765,2.4675499,13.208774,32.593309,0.97997775,2.2706241,2.4645323,5.5960263,0.86213195,2.9824613,3.2210115,9.6065424,0.8474239,2.5411702,5.8938494,14.977274,0.81723439,2.4868937,6.1561337,15.30965,0.82342708,2.4236092,6.6310946,16.071182,0.8718417,2.3083588,6.8912941,15.90758
0b_baseline_last,file,19,baseline,2386,042.Vermilion_Flycatcher/Vermilion_Flycatcher_0004_42395.jpg,42,41,042.Vermilion_Flycatcher,139,138,random_resized_crop,random_resized_crop,0,"{""area_fraction"":0.658956,""aspect"":1.153209,""fallback"":false,""height"":0.755917,""left"":0.030001,""top"":0.051961,""width"":0.87173}",0.10722296,0.83783585,0.73061289,0.89832538,0.43264583,0.037054311,0.033909842,0.86127107,0.39873599,-0.46253509,0.67752955,6.5229594,13.436727,87.647224,False,0.87510341,True,True,True,0.67752955,6.5229594,13.436727,87.647224,0.67326153,6.5419905,13.208774,86.411673,0.81526901,5.9503698,2.4645323,14.664878,0.75198632,9.8142286,3.2210115,31.611744,0.72124348,7.2934956,5.8938494,42.986765,0.69127072,6.0911888,6.1561337,37.498173,0.65621105,6.1901129,6.6310946,41.047224,0.6344981,5.673854,6.8912941,39.100196
0b_baseline_last,file,19,baseline,2386,042.Vermilion_Flycatcher/Vermilion_Flycatcher_0004_42395.jpg,42,41,042.Vermilion_Flycatcher,139,138,gaussian_blur,gaussian_blur,0,"{""sigma"":1.530583}",0.10722296,0.20287761,0.095654652,0.89832538,0.81637818,0.037054311,0.026410636,0.86127107,0.78996754,-0.071303532,0.70392287,1.8669276,13.436727,25.085396,False,0.92871034,True,True,True,0.70392287,1.8669276,13.436727,25.085396,0.69762452,1.8713703,13.208774,24.718508,0.90109089,1.7344597,2.4645323,4.2746319,0.75869693,1.9266469,3.2210115,6.205752,0.65990328,1.8624616,5.8938494,10.977068,0.6337815,1.8506049,6.1561337,11.392571,0.70328431,1.9714141,6.6310946,13.072634,0.7609044,1.7849952,6.8912941,12.300927
0b_baseline_last,file,19,baseline,2386,042.Vermilion_Flycatcher/Vermilion_Flycatcher_0004_42395.jpg,42,41,042.Vermilion_Flycatcher,139,138,random_erasing,random_erasing,0,"{""area_fraction"":0.088706,""erased"":true,""height"":0.222878,""left"":0.263799,""top"":0.734678,""width"":0.398003}",0.10722296,0.17854947,0.071326509,0.89832538,0.8364827,0.037054311,0.070345461,0.86127107,0.76613724,-0.09513383,0.95067753,1.698657,13.436727,22.824391,False,0.98524326,True,True,True,0.95067753,1.698657,13.436727,22.824391,0.94957953,1.6999938,13.208774,22.454834,0.98324445,1.659799,2.4645323,4.0906281,0.96700578,1.751185,3.2210115,5.640587,0.96562083,1.7333985,5.8938494,10.21639,0.95561456,1.6771457,6.1561337,10.324733,0.9414737,1.7306452,6.6310946,11.476072,0.93704022,1.6527864,6.8912941,11.389837
0b_baseline_last,file,19,baseline,11332,193.Bewick_Wren/Bewick_Wren_0015_184981.jpg,193,192,193.Bewick_Wren,178,177,identity,identity,0,{},0.043281354,0.043281354,0,0.9576419,0.9576419,0.01416402,0.01416402,0.94347788,0.94347788,0,1,1,7.7594192,7.7594192,False,0.99999988,True,True,True,1,1,7.7594192,7.7594192,1,1,7.6506918,7.6506918,1,1,1.2944115,1.2944115,1,1,1.9167041,1.9167041,1,1,3.8180896,3.8180896,1,1,4.2798487,4.2798487,1,1,3.4873287,3.4873287,1,1,3.1309672,3.1309672
0b_baseline_last,file,19,baseline,11332,193.Bewick_Wren/Bewick_Wren_0015_184981.jpg,193,192,193.Bewick_Wren,178,177,horizontal_flip,horizontal_flip,0,"{""flipped"":true}",0.043281354,0.1567509,0.11346955,0.9576419,0.85491699,0.01416402,0.022153992,0.94347788,0.832763,-0.11071488,0.59765383,3.8824939,7.7594192,30.125898,False,0.94319975,True,True,True,0.59765383,3.8824939,7.7594192,30.125898,0.59072114,3.9032208,7.6506918,29.862339,0.92223431,3.0718436,1.2944115,3.9762298,0.40416559,3.2602469,1.9167041,6.2489286,0.63294395,4.9065884,3.8180896,18.733794,0.58412531,3.554202,4.2798487,15.211447,0.56901448,3.4982134,3.4873287,12.19942,0.65505978,3.5211396,3.1309672,11.024572
0b_baseline_last,file,19,baseline,11332,193.Bewick_Wren/Bewick_Wren_0015_184981.jpg,193,192,193.Bewick_Wren,178,177,color_jitter,color_jitter,0,"{""brightness"":0.770884,""contrast"":1.167958,""hue"":-0.096431,""saturation"":1.137268}",0.043281354,1.9789848,1.9357035,0.9576419,0.13820949,0.01416402,0.020375654,0.94347788,0.11783384,-0.82564404,0.63997756,17.869366,7.7594192,138.6559,False,0.84095705,False,True,False,0.63997756,17.869366,7.7594192,138.6559,0.63658228,17.886721,7.6506918,136.84579,0.76335992,17.252144,1.2944115,22.331374,0.788039,17.584057,1.9167041,33.703434,0.67107273,18.601679,3.8180896,71.022877,0.63941079,16.486646,4.2798487,70.560351,0.58054058,17.901256,3.4873287,62.427564,0.60158276,19.350494,3.1309672,60.585762
0b_baseline_last,file,19,baseline,11332,193.Bewick_Wren/Bewick_Wren_0015_184981.jpg,193,192,193.Bewick_Wren,178,177,rotation,rotation,0,"{""angle"":-7.213928}",0.043281354,0.008227149,-0.035054205,0.9576419,0.99180663,0.01416402,0.0017963724,0.94347788,0.99001025,0.046532375,0.67524729,0.16137279,7.7594192,1.2521591,False,0.94215608,True,True,True,0.67524729,0.16137279,7.7594192,1.2521591,0.66708499,0.15963489,7.6506918,1.2213173,0.91612776,0.21337889,1.2944115,0.2762001,0.6335287,0.13845549,1.9167041,0.26537821,0.68903569,0.16273039,3.8180896,0.62131922,0.61679919,0.15277636,4.2798487,0.65385971,0.64974072,0.1572197,3.4873287,0.54827677,0.75396269,0.17697005,3.1309672,0.55408742
0b_baseline_last,file,19,baseline,11332,193.Bewick_Wren/Bewick_Wren_0015_184981.jpg,193,192,193.Bewick_Wren,178,177,random_resized_crop,random_resized_crop,0,"{""area_fraction"":0.635733,""aspect"":0.980041,""fallback"":false,""height"":0.805407,""left"":0.149305,""top"":0.092773,""width"":0.789332}",0.043281354,0.030561944,-0.01271941,0.9576419,0.96990037,0.01416402,0.013257232,0.94347788,0.95664314,0.013165259,0.71910557,0.6907139,7.7594192,5.3595387,False,0.95834923,True,True,True,0.71910557,0.6907139,7.7594192,5.3595387,0.71190436,0.68858788,7.6506918,5.2681736,0.95017087,0.76126808,1.2944115,0.98539417,0.73745163,0.50553004,1.9167041,0.96895152,0.6709511,0.76320743,3.8180896,2.9139944,0.74131215,0.68363251,4.2798487,2.9258437,0.6939805,0.65188512,3.4873287,2.2733377,0.75607156,0.68462802,3.1309672,2.1435478
0b_baseline_last,file,19,baseline,11332,193.Bewick_Wren/Bewick_Wren_0015_184981.jpg,193,192,193.Bewick_Wren,178,177,gaussian_blur,gaussian_blur,0,"{""sigma"":1.141895}",0.043281354,2.3039014,2.2606201,0.9576419,0.099868439,0.01416402,0.28678983,0.94347788,-0.1869214,-1.1303993,0.7035854,24.705912,7.7594192,191.70352,False,0.87837285,False,True,False,0.7035854,24.705912,7.7594192,191.70352,0.70014477,24.827151,7.6506918,189.94488,0.86870657,20.014666,1.2944115,25.907214,0.76669641,30.045172,1.9167041,57.587704,0.68614659,26.497116,3.8180896,101.16836,0.73196905,25.128355,4.2798487,107.54556,0.66305738,24.091555,3.4873287,84.015171,0.69841705,19.953783,3.1309672,62.47464
0b_baseline_last,file,19,baseline,11332,193.Bewick_Wren/Bewick_Wren_0015_184981.jpg,193,192,193.Bewick_Wren,178,177,random_erasing,random_erasing,0,"{""area_fraction"":0.158113,""erased"":true,""height"":0.315036,""left"":0.181794,""top"":0.547988,""width"":0.501889}",0.043281354,0.13079451,0.087513156,0.9576419,0.87739807,0.01416402,0.075187169,0.94347788,0.8022109,-0.14126697,0.78241169,3.0498449,7.7594192,23.665025,False,0.92581689,True,True,True,0.78241169,3.0498449,7.7594192,23.665025,0.77908253,3.0362686,7.6506918,23.229556,0.8909529,3.4911452,1.2944115,4.5189786,0.86032036,2.9526316,1.9167041,5.6593211,0.82960029,2.9126519,3.8180896,11.120766,0.77516206,3.1235752,4.2798487,13.368429,0.73352707,2.9962625,3.4873287,10.448952,0.74392467,3.1296547,3.1309672,9.7988461
0b_baseline_last,file,19,baseline,5359,092.Nighthawk/Nighthawk_0068_82368.jpg,92,91,092.Nighthawk,194,193,identity,identity,0,{},0.15934613,0.15934613,0,0.85270119,0.85270119,0.040145732,0.040145732,0.81255545,0.81255545,0,1,1,26.859545,26.859545,False,1.0000001,True,True,True,1,1,26.859545,26.859545,1,1,26.464534,26.464534,1,1,4.5895107,4.5895107,1,1,4.6153331,4.6153331,1,1,12.281297,12.281297,1,1,15.966991,15.966991,1,1,12.169652,12.169652,1,1,11.189047,11.189047
0b_baseline_last,file,19,baseline,5359,092.Nighthawk/Nighthawk_0068_82368.jpg,92,91,092.Nighthawk,194,193,horizontal_flip,horizontal_flip,0,"{""flipped"":true}",0.15934613,0.033174802,-0.12617133,0.85270119,0.96736944,0.040145732,0.020867806,0.81255545,0.94650163,0.13394618,0.45592221,0.20137562,26.859545,5.4088575,False,0.94546151,True,True,True,0.45592221,0.20137562,26.859545,5.4088575,0.4389201,0.19907412,26.464534,5.2684038,0.89662123,0.26682728,4.5895107,1.2246066,-0.068191066,0.21104093,4.6153331,0.97402419,0.2905563,0.19507519,12.281297,2.3957763,0.4191913,0.17356383,15.966991,2.7712922,0.50556838,0.20959318,12.169652,2.550676,0.63750669,0.23445078,11.189047,2.6232808
0b_baseline_last,file,19,baseline,5359,092.Nighthawk/Nighthawk_0068_82368.jpg,92,91,092.Nighthawk,194,193,color_jitter,color_jitter,0,"{""brightness"":1.003955,""contrast"":1.062647,""hue"":0.087225,""saturation"":1.196495}",0.15934613,0.16257167,0.0032255352,0.85270119,0.8499552,0.040145732,0.018790595,0.81255545,0.83116461,0.018609151,0.74122665,0.88901422,26.859545,23.878518,False,0.91840684,True,True,True,0.74122665,0.88901422,26.859545,23.878518,0.73636248,0.88550346,26.464534,23.434437,0.88982065,0.99874534,4.5895107,4.5837524,0.73780538,0.81842605,4.6153331,3.7773088,0.70275497,0.81007208,12.281297,9.9487358,0.74524081,0.85688252,15.966991,13.681836,0.72615233,0.91872855,12.169652,11.180606,0.77409771,0.99412806,11.189047,11.123346
0b_baseline_last,file,19,baseline,5359,092.Nighthawk/Nighthawk_0068_82368.jpg,92,91,092.Nighthawk,194,193,rotation,rotation,0,"{""angle"":-7.413541}",0.15934613,0.083687745,-0.075658388,0.85270119,0.91971838,0.040145732,0.01732249,0.81255545,0.90239589,0.08984044,0.73963255,0.46609287,26.859545,12.519043,False,0.93070436,True,True,True,0.73963255,0.46609287,26.859545,12.519043,0.73384931,0.46372389,26.464534,12.272237,0.91317451,0.53896541,4.5895107,2.4735875,0.61166292,0.37956275,4.6153331,1.7518085,0.79451771,0.44585405,12.281297,5.475666,0.76756619,0.4338619,15.966991,6.927469,0.66298916,0.48605574,12.169652,5.915129,0.71946815,0.52553719,11.189047,5.8802605
0b_baseline_last,file,19,baseline,5359,092.Nighthawk/Nighthawk_0068_82368.jpg,92,91,092.Nighthawk,194,193,random_resized_crop,random_resized_crop,0,"{""area_fraction"":0.550048,""aspect"":1.238034,""fallback"":false,""height"":0.666552,""left"":0.096688,""top"":0.194588,""width"":0.825214}",0.15934613,1.1370286,0.97768244,0.85270119,0.32077077,0.040145732,0.38675788,0.81255545,-0.06598711,-0.87854256,0.56502059,3.9111876,26.859545,105.05272,False,0.88163549,False,True,False,0.56502059,3.9111876,26.859545,105.05272,0.55463064,3.8608289,26.464534,102.17504,0.84381512,5.3208252,4.5895107,24.419984,0.32583979,2.8884457,4.6153331,13.331139,0.61655901,3.6699013,12.281297,45.071148,0.55450725,3.4211481,15.966991,54.625442,0.50921065,4.2492111,12.169652,51.711419,0.58905895,4.533077,11.189047,50.720814
0b_baseline_last,file,19,baseline,5359,092.Nighthawk/Nighthawk_0068_82368.jpg,92,91,092.Nighthawk,194,193,gaussian_blur,gaussian_blur,0,"{""sigma"":1.929455}",0.15934613,2.8087282,2.6493821,0.85270119,0.060281608,0.040145732,0.0078481399,0.81255545,0.052433468,-0.76012199,0.40949234,6.1642348,26.859545,165.56854,False,0.79010653,False,True,False,0.40949234,6.1642348,26.859545,165.56854,0.39968173,6.1705101,26.464534,163.29968,0.74794383,5.9518133,4.5895107,27.315911,0.24328379,5.8983812,4.6153331,27.222994,0.25371874,6.432599,12.281297,79.00066,0.42864574,5.7475783,15.966991,91.771531,0.44640144,6.2468868,12.169652,76.022436,0.49419404,6.6179349,11.189047,74.048387
0b_baseline_last,file,19,baseline,5359,092.Nighthawk/Nighthawk_0068_82368.jpg,92,91,092.Nighthawk,194,193,random_erasing,random_erasing,0,"{""area_fraction"":0.170171,""erased"":true,""height"":0.691518,""left"":0.476663,""top"":0.243085,""width"":0.246084}",0.15934613,0.64022762,0.48088148,0.85270119,0.52717245,0.040145732,0.055473451,0.81255545,0.471699,-0.34085646,0.77998313,3.0524306,26.859545,81.986897,False,0.9489094,True,True,True,0.77998313,3.0524306,26.859545,81.986897,0.77571897,3.0458893,26.464534,80.608041,0.91413862,3.2624702,4.5895107,14.973142,0.80177393,3.4770164,4.6153331,16.047589,0.72810459,3.0479642,12.281297,37.432954,0.83361849,2.88023,15.966991,45.988606,0.74530173,3.087771,12.169652,37.577097,0.75934787,3.237127,11.189047,36.220367
0b_baseline_last,file,19,baseline,2598,046.Gadwall/Gadwall_0017_30979.jpg,46,45,046.Gadwall,87,86,identity,identity,0,{},0.0094924998,0.0094924998,0,0.99055243,0.99055243,0.0012191068,0.0012191068,0.98933332,0.98933332,0,1,1,1.5392415,1.5392415,False,1,True,True,True,1,1,1.5392415,1.5392415,1,1,1.5160354,1.5160354,1,1,0.26627269,0.26627269,1,1,0.30313744,0.30313744,1,1,0.7269772,0.7269772,1,1,0.75534632,0.75534632,1,1,0.72324827,0.72324827,1,1,0.76442075,0.76442075
0b_baseline_last,file,19,baseline,2598,046.Gadwall/Gadwall_0017_30979.jpg,46,45,046.Gadwall,87,86,horizontal_flip,horizontal_flip,0,"{""flipped"":true}",0.0094924998,0.061636239,0.05214374,0.99055243,0.94022483,0.0012191068,0.0061313366,0.98933332,0.93409349,-0.055239829,0.62988986,6.0726168,1.5392415,9.3472241,False,0.95758551,True,True,True,0.62988986,6.0726168,1.5392415,9.3472241,0.61951862,6.0528249,1.5160354,9.1762969,0.93739388,6.6825273,0.26627269,1.7793745,0.46587754,5.3788334,0.30313744,1.6305258,0.58596756,5.4865237,0.7269772,3.9885777,0.54500993,6.0438673,0.75534632,4.5652129,0.62203949,6.6180772,0.72324827,4.7865129,0.74281782,6.1198761,0.76442075,4.6781603
0b_baseline_last,file,19,baseline,2598,046.Gadwall/Gadwall_0017_30979.jpg,46,45,046.Gadwall,87,86,color_jitter,color_jitter,0,"{""brightness"":0.608497,""contrast"":0.779492,""hue"":-0.018978,""saturation"":0.64082}",0.0094924998,0.062512904,0.053020405,0.99055243,0.93940091,0.0012191068,0.00061036082,0.98933332,0.93879055,-0.050542768,0.63133681,10.337,1.5392415,15.91114,False,0.90507114,True,True,True,0.63133681,10.337,1.5392415,15.91114,0.62815936,10.436222,1.5160354,15.821682,0.88034467,6.327547,0.26627269,1.6848529,0.071603518,12.521313,0.30313744,3.7956788,0.70411445,13.547241,0.7269772,9.8485352,0.61652375,11.123966,0.75534632,8.4024466,0.6709862,8.7778939,0.72324827,6.3485966,0.72899354,6.9245891,0.76442075,5.2932996
0b_baseline_last,file,19,baseline,2598,046.Gadwall/Gadwall_0017_30979.jpg,46,45,046.Gadwall,87,86,rotation,rotation,0,"{""angle"":-1.337926}",0.0094924998,0.02005245,0.01055995,0.99055243,0.98014724,0.0012191068,0.0019462367,0.98933332,0.97820101,-0.011132313,0.78603338,2.3923519,1.5392415,3.6824075,False,0.97675645,True,True,True,0.78603338,2.3923519,1.5392415,3.6824075,0.78121983,2.4008385,1.5160354,3.6397561,0.97146237,2.098744,0.26627269,0.55883819,0.67144505,2.4914935,0.30313744,0.75526495,0.698902,2.3941067,0.7269772,1.740461,0.75514622,2.5836926,0.75534632,1.9515827,0.82442289,2.3900104,0.72324827,1.7285709,0.8745294,2.2090675,0.76442075,1.688657
0b_baseline_last,file,19,baseline,2598,046.Gadwall/Gadwall_0017_30979.jpg,46,45,046.Gadwall,87,86,random_resized_crop,random_resized_crop,0,"{""area_fraction"":0.737058,""aspect"":1.325009,""fallback"":false,""height"":0.745833,""left"":0.007832,""top"":0.039155,""width"":0.988235}",0.0094924998,0.1792836,0.1697911,0.99055243,0.83586884,0.0012191068,0.024204247,0.98933332,0.81166459,-0.17766873,0.67988772,17.596184,1.5392415,27.084777,False,0.92361116,True,True,True,0.67988772,17.596184,1.5392415,27.084777,0.6729143,17.619392,1.5160354,26.711622,0.91729301,16.826532,0.26627269,4.480446,0.48572613,25.076201,0.30313744,7.6015352,0.69205876,18.798968,0.7269772,13.666421,0.6415507,17.8416,0.75534632,13.476587,0.68775486,16.908893,0.72324827,12.229328,0.74017581,15.355467,0.76442075,11.738037
0b_baseline_last,file,19,baseline,2598,046.Gadwall/Gadwall_0017_30979.jpg,46,45,046.Gadwall,87,86,gaussian_blur,gaussian_blur,0,"{""sigma"":1.109984}",0.0094924998,0.79084402,0.78135152,0.99055243,0.45346189,0.0012191068,0.01119613,0.98933332,0.44226576,-0.54706756,0.5781862,76.713474,1.5392415,118.08057,False,0.89205265,True,True,True,0.5781862,76.713474,1.5392415,118.08057,0.57167551,77.174898,1.5160354,116.99988,0.86860909,59.859309,0.26627269,15.938899,0.20706429,72.426859,0.30313744,21.955292,0.51790617,80.978671,0.7269772,58.869647,0.57752504,90.113245,0.75534632,68.066707,0.62280364,74.186388,0.72324827,53.655177,0.66487518,61.766973,0.76442075,47.215955
0b_baseline_last,file,19,baseline,2598,046.Gadwall/Gadwall_0017_30979.jpg,46,45,046.Gadwall,87,86,random_erasing,random_erasing,0,"{""area_fraction"":0.068942,""erased"":true,""height"":0.158256,""left"":0.496084,""top"":0.001697,""width"":0.435637}",0.0094924998,0.020548441,0.011055941,0.99055243,0.97966123,0.0012191068,0.0032058519,0.98933332,0.97645537,-0.012877944,0.8733119,2.1582772,1.5392415,3.32211,False,0.9887681,True,True,True,0.8733119,2.1582772,1.5392415,3.32211,0.86983246,2.158565,1.5160354,3.272461,0.98661738,2.1489277,0.26627269,0.57220075,0.77462222,1.9557603,0.30313744,0.59286417,0.85273975,2.0578611,0.7269772,1.4960181,0.85966808,2.3046046,0.75534632,1.7407746,0.86900435,2.2202166,0.72324827,1.6057678,0.91572537,2.0728179,0.76442075,1.584505
0b_baseline_last,file,19,baseline,388,008.Rhinoceros_Auklet/Rhinoceros_Auklet_0016_2114.jpg,8,7,008.Rhinoceros_Auklet,25,24,identity,identity,0,{},3.3423879,3.3423879,0,0.035352439,0.035352439,0.84565055,0.84565055,-0.81029812,-0.81029812,0,1,1,199.18208,199.18208,False,1,True,False,False,1,1,199.18208,199.18208,1,1,195.43277,195.43277,1,1,38.464703,38.464703,1,1,39.056908,39.056908,1,1,78.781806,78.781806,1,1,114.06986,114.06986,1,1,94.103025,94.103025,1,1,92.707287,92.707287
0b_baseline_last,file,19,baseline,388,008.Rhinoceros_Auklet/Rhinoceros_Auklet_0016_2114.jpg,8,7,008.Rhinoceros_Auklet,25,24,horizontal_flip,horizontal_flip,0,"{""flipped"":true}",3.3423879,1.3494152,-1.9929727,0.035352439,0.25939193,0.84565055,0.32340762,-0.81029812,-0.064015687,0.74628243,0.65138244,0.63145086,199.18208,125.7737,False,0.93462014,True,False,False,0.65138244,0.63145086,199.18208,125.7737,0.64297126,0.63220547,195.43277,123.55367,0.87615672,0.61164854,38.464703,23.52688,0.33365903,0.60993074,39.056908,23.822009,0.57915851,0.6919174,78.781806,54.510503,0.73529604,0.62591726,114.06986,71.398295,0.62829184,0.63584124,94.103025,59.834584,0.62546199,0.59558774,92.707287,55.215324
0b_baseline_last,file,19,baseline,388,008.Rhinoceros_Auklet/Rhinoceros_Auklet_0016_2114.jpg,8,7,008.Rhinoceros_Auklet,25,24,color_jitter,color_jitter,0,"{""brightness"":0.610309,""contrast"":0.669512,""hue"":-0.040844,""saturation"":0.766573}",3.3423879,3.275877,-0.066510916,0.035352439,0.037783716,0.84565055,0.81958866,-0.81029812,-0.78180495,0.02849317,0.69465029,1.1026309,199.18208,219.62433,False,0.91871166,True,False,False,0.69465029,1.1026309,199.18208,219.62433,0.68854407,1.1108164,195.43277,217.08992,0.91830667,0.86491662,38.464703,33.268761,0.31862538,1.6332041,39.056908,63.787901,0.62909025,1.2396628,78.781806,97.662871,0.76196571,0.99249814,114.06986,113.21412,0.7068964,1.093992,94.103025,102.94796,0.73930977,1.0843325,92.707287,100.52553
0b_baseline_last,file,19,baseline,388,008.Rhinoceros_Auklet/Rhinoceros_Auklet_0016_2114.jpg,8,7,008.Rhinoceros_Auklet,25,24,rotation,rotation,0,"{""angle"":-11.804865}",3.3423879,1.9027581,-1.4396298,0.035352439,0.14915666,0.84565055,0.74213672,-0.81029812,-0.59298006,0.21731806,0.79733621,0.96862568,199.18208,192.93288,False,0.94174683,True,False,False,0.79733621,0.96862568,199.18208,192.93288,0.79337127,0.97494897,195.43277,190.53698,0.9415459,0.78802048,38.464703,30.310974,0.62865092,1.1153213,39.056908,43.561001,0.80686115,1.0370584,78.781806,81.70133,0.83618532,0.96988859,114.06986,110.63506,0.76537073,0.98366788,94.103025,92.566123,0.78563994,0.89750214,92.707287,83.204988
0b_baseline_last,file,19,baseline,388,008.Rhinoceros_Auklet/Rhinoceros_Auklet_0016_2114.jpg,8,7,008.Rhinoceros_Auklet,25,24,random_resized_crop,random_resized_crop,0,"{""area_fraction"":0.581922,""aspect"":1.243993,""fallback"":false,""height"":0.683949,""left"":0.040722,""top"":0.109411,""width"":0.850827}",3.3423879,1.1875129,-2.154875,0.035352439,0.30497888,0.84565055,0.35180426,-0.81029812,-0.046825379,0.76347274,0.66156282,0.63754869,199.18208,126.98828,False,0.86762214,True,False,False,0.66156282,0.63754869,199.18208,126.98828,0.65527123,0.63889489,195.43277,124.861,0.83514858,0.60175536,38.464703,23.146341,0.30241571,0.73177986,39.056908,28.581059,0.66248933,0.67595681,78.781806,53.253098,0.70839173,0.57097044,114.06986,65.130519,0.6433272,0.66757703,94.103025,62.821018,0.67064223,0.66045902,92.707287,61.229364
0b_baseline_last,file,19,baseline,388,008.Rhinoceros_Auklet/Rhinoceros_Auklet_0016_2114.jpg,8,7,008.Rhinoceros_Auklet,25,24,gaussian_blur,gaussian_blur,0,"{""sigma"":1.527974}",3.3423879,1.3568933,-1.9854946,0.035352439,0.25745937,0.84565055,0.30215064,-0.81029812,-0.044691265,0.76560685,0.5732854,0.65964628,199.18208,131.38972,False,0.85319209,True,False,False,0.5732854,0.65964628,199.18208,131.38972,0.56624407,0.66343196,195.43277,129.65635,0.80057059,0.55302173,38.464703,21.271816,0.37863649,1.0019001,39.056908,39.131122,0.59859698,0.76418081,78.781806,60.203545,0.58887745,0.54538559,114.06986,62.212059,0.55393762,0.67281963,94.103025,63.314363,0.60576824,0.66283066,92.707287,61.449232
0b_baseline_last,file,19,baseline,388,008.Rhinoceros_Auklet/Rhinoceros_Auklet_0016_2114.jpg,8,7,008.Rhinoceros_Auklet,25,24,random_erasing,random_erasing,0,"{""area_fraction"":0.074026,""erased"":true,""height"":0.223687,""left"":0.330107,""top"":0.273183,""width"":0.330936}",3.3423879,2.9503202,-0.39206767,0.035352439,0.05232295,0.84565055,0.5979476,-0.81029812,-0.54562465,0.26467347,0.82653401,0.69592898,199.18208,138.61658,False,0.9768734,True,False,False,0.82653401,0.69592898,199.18208,138.61658,0.82076479,0.69141724,195.43277,135.12559,0.96362904,0.80368,38.464703,30.913312,0.75676405,0.77363335,39.056908,30.215726,0.82541883,0.74730632,78.781806,58.874142,0.83912882,0.6278576,114.06986,71.619629,0.80007364,0.68665355,94.103025,64.616176,0.83449775,0.72960654,92.707287,67.639843
0b_baseline_last,file,19,baseline,7936,136.Barn_Swallow/Barn_Swallow_0094_132154.jpg,136,135,136.Barn_Swallow,137,136,identity,identity,0,{},0.032622155,0.032622155,0,0.96790421,0.96790421,0.018208494,0.018208494,0.94969572,0.94969572,0,1,1,4.7667162,4.7667162,False,1,True,True,True,1,1,4.7667162,4.7667162,1,1,4.6481719,4.6481719,1,1,1.0564475,1.0564475,1,1,0.91579886,0.91579886,1,1,2.0732847,2.0732847,1,1,2.513812,2.513812,1,1,2.1479831,2.1479831,1,1,2.3527054,2.3527054
0b_baseline_last,file,19,baseline,7936,136.Barn_Swallow/Barn_Swallow_0094_132154.jpg,136,135,136.Barn_Swallow,137,136,horizontal_flip,horizontal_flip,0,"{""flipped"":true}",0.032622155,0.080616213,0.047994059,0.96790421,0.9225477,0.018208494,0.04962153,0.94969572,0.87292617,-0.076769548,0.72023022,2.4624442,4.7667162,11.737773,False,0.97127825,True,True,True,0.72023022,2.4624442,4.7667162,11.737773,0.70763743,2.4641372,4.6481719,11.453733,0.96755668,2.4294389,1.0564475,2.5665746,0.5649526,2.4865726,0.91579886,2.2772003,0.68783788,2.3643275,2.0732847,4.9019239,0.76247791,2.5607054,2.513812,6.437132,0.65733709,2.5216176,2.1479831,5.416392,0.72436929,2.3741409,2.3527054,5.5856541
0b_baseline_last,file,19,baseline,7936,136.Barn_Swallow/Barn_Swallow_0094_132154.jpg,136,135,136.Barn_Swallow,137,136,color_jitter,color_jitter,0,"{""brightness"":0.914389,""contrast"":1.101688,""hue"":0.053389,""saturation"":0.624214}",0.032622155,1.4889784,1.4563562,0.96790421,0.22560301,0.018208494,0.57745105,0.94969572,-0.35184804,-1.3015438,0.67830628,27.394232,4.7667162,130.58053,False,0.89151776,False,True,False,0.67830628,27.394232,4.7667162,130.58053,0.66809728,27.398751,4.6481719,127.3541,0.87660633,27.306604,1.0564475,28.847994,0.54084218,37.300276,0.91579886,34.15955,0.62908574,33.053111,2.0732847,68.528509,0.7208362,26.878537,2.513812,67.56759,0.69087287,24.748773,2.1479831,53.159948,0.6859062,23.14308,2.3527054,54.44885
0b_baseline_last,file,19,baseline,7936,136.Barn_Swallow/Barn_Swallow_0094_132154.jpg,136,135,136.Barn_Swallow,137,136,rotation,rotation,0,"{""angle"":-11.492894}",0.032622155,0.00877087,-0.023851285,0.96790421,0.9912675,0.018208494,0.0060973382,0.94969572,0.98517016,0.035474448,0.73867012,0.33145396,4.7667162,1.579947,False,0.96230096,True,True,True,0.73867012,0.33145396,4.7667162,1.579947,0.7279601,0.33193257,4.6481719,1.5428797,0.9526831,0.32204863,1.0564475,0.34022748,0.64717146,0.38629949,0.91579886,0.35377263,0.66166082,0.32800902,2.0732847,0.68005608,0.77755052,0.36610194,2.513812,0.92031146,0.70603475,0.31309433,2.1479831,0.67252135,0.76184694,0.2986172,2.3527054,0.7025583
0b_baseline_last,file,19,baseline,7936,136.Barn_Swallow/Barn_Swallow_0094_132154.jpg,136,135,136.Barn_Swallow,137,136,random_resized_crop,random_resized_crop,0,"{""area_fraction"":0.779965,""aspect"":0.935105,""fallback"":false,""height"":0.913287,""left"":0.009509,""top"":0.026543,""width"":0.854019}",0.032622155,0.014244896,-0.018377258,0.96790421,0.98585606,0.018208494,0.0036921366,0.94969572,0.98216392,0.032468204,0.71709717,0.44903862,4.7667162,2.1404397,False,0.97496116,True,True,True,0.71709717,0.44903862,4.7667162,2.1404397,0.70683279,0.44934561,4.6481719,2.0886356,0.91868815,0.44305389,1.0564475,0.46806318,0.60164483,0.44942733,0.91579886,0.41158504,0.67110948,0.43934004,2.0732847,0.91087696,0.7341474,0.43183682,2.513812,1.0855566,0.65966889,0.45646574,2.1479831,0.9804807,0.75902863,0.47015248,2.3527054,1.1061303
0b_baseline_last,file,19,baseline,7936,136.Barn_Swallow/Barn_Swallow_0094_132154.jpg,136,135,136.Barn_Swallow,137,136,gaussian_blur,gaussian_blur,0,"{""sigma"":1.564613}",0.032622155,0.4403646,0.40774244,0.96790421,0.64380163,0.018208494,0.15527058,0.94969572,0.48853105,-0.46116466,0.61552517,15.068983,4.7667162,71.829567,False,0.8703621,True,True,True,0.61552517,15.068983,4.7667162,71.829567,0.60894567,15.272021,4.6481719,70.986981,0.84760476,10.383612,1.0564475,10.969741,0.39974102,19.348015,0.91579886,17.71889,0.57100768,16.047737,2.0732847,33.271527,0.67017659,16.169267,2.513812,40.646498,0.5936142,15.870684,2.1479831,34.089962,0.64621635,12.051546,2.3527054,28.353738
0b_baseline_last,file,19,baseline,7936,136.Barn_Swallow/Barn_Swallow_0094_132154.jpg,136,135,136.Barn_Swallow,137,136,random_erasing,random_erasing,0,"{""area_fraction"":0.161532,""erased"":true,""height"":0.705967,""left"":0.353031,""top"":0.224552,""width"":0.22881}",0.032622155,0.4458636,0.41324145,0.96790421,0.64027113,0.018208494,0.27554557,0.94969572,0.36472556,-0.58497016,0.69468183,14.479896,4.7667162,69.021553,False,0.89693421,True,True,True,0.69468183,14.479896,4.7667162,69.021553,0.68625657,14.552659,4.6481719,67.643261,0.88166492,12.991257,1.0564475,13.724582,0.65523271,17.390066,0.91579886,15.925802,0.66340747,15.524215,2.0732847,32.186116,0.73982445,14.435205,2.513812,36.287392,0.65938494,14.66282,2.1479831,31.49549,0.67777008,13.287546,2.3527054,31.261682
0b_baseline_last,file,19,baseline,9947,169.Magnolia_Warbler/Magnolia_Warbler_0102_165884.jpg,169,168,169.Magnolia_Warbler,163,162,identity,identity,0,{},0.0058209426,0.0058209426,0,0.99419594,0.99419594,0.0023253961,0.0023253961,0.99187054,0.99187054,0,1,1,0.98226971,0.98226971,False,1,True,True,True,1,1,0.98226971,0.98226971,1,1,0.96464445,0.96464445,1,1,0.18524276,0.18524276,1,1,0.20830051,0.20830051,1,1,0.37229767,0.37229767,1,1,0.45537397,0.45537397,1,1,0.50924097,0.50924097,1,1,0.53089776,0.53089776
0b_baseline_last,file,19,baseline,9947,169.Magnolia_Warbler/Magnolia_Warbler_0102_165884.jpg,169,168,169.Magnolia_Warbler,163,162,horizontal_flip,horizontal_flip,0,"{""flipped"":true}",0.0058209426,0.011494482,0.0056735394,0.99419594,0.98857135,0.0023253961,0.0079702819,0.99187054,0.98060106,-0.011269478,0.67177957,2.6689385,0.98226971,2.6216175,False,0.98132217,True,True,True,0.67177957,2.6689385,0.98226971,2.6216175,0.66345581,2.682273,0.96464445,2.5874397,0.94630599,2.277771,0.18524276,0.42194057,0.55068047,2.6420453,0.20830051,0.55033938,0.60258736,2.9871133,0.37229767,1.1120953,0.60491185,2.9208891,0.45537397,1.3300969,0.66569637,2.7233763,0.50924097,1.3868548,0.78932553,2.2780614,0.53089776,1.2094177
0b_baseline_last,file,19,baseline,9947,169.Magnolia_Warbler/Magnolia_Warbler_0102_165884.jpg,169,168,169.Magnolia_Warbler,163,162,color_jitter,color_jitter,0,"{""brightness"":0.848225,""contrast"":1.207927,""hue"":0.017482,""saturation"":1.193324}",0.0058209426,0.0046538138,-0.0011671288,0.99419594,0.99535698,0.0023253961,0.00074435299,0.99187054,0.99461262,0.0027420819,0.86865181,0.69131448,0.98226971,0.67905727,False,0.9923867,True,True,True,0.86865181,0.69131448,0.98226971,0.67905727,0.86493613,0.68860068,0.96464445,0.66425483,0.96399789,0.76122665,0.18524276,0.14101172,0.84676048,0.57672559,0.20830051,0.12013223,0.81123402,0.56376633,0.37229767,0.20988889,0.81181372,0.6588919,0.45537397,0.30004222,0.87053218,0.69231972,0.50924097,0.35255757,0.92910554,0.773028,0.53089776,0.41039883
0b_baseline_last,file,19,baseline,9947,169.Magnolia_Warbler/Magnolia_Warbler_0102_165884.jpg,169,168,169.Magnolia_Warbler,163,162,rotation,rotation,0,"{""angle"":14.239524}",0.0058209426,0.0024615009,-0.0033594416,0.99419594,0.99754155,0.0023253961,0.0012119481,0.99187054,0.9963296,0.0044590567,0.78815337,0.4908163,0.98226971,0.48211399,False,0.98273814,True,True,True,0.78815337,0.4908163,0.98226971,0.48211399,0.78153334,0.49178476,0.96464445,0.47439744,0.97982081,0.46378344,0.18524276,0.085912524,0.70684071,0.49080127,0.20830051,0.10223415,0.73454061,0.50079254,0.37229767,0.1864439,0.75430124,0.49905201,0.45537397,0.2272553,0.7812925,0.5025249,0.50924097,0.25590627,0.84046051,0.47167887,0.53089776,0.25041325
0b_baseline_last,file,19,baseline,9947,169.Magnolia_Warbler/Magnolia_Warbler_0102_165884.jpg,169,168,169.Magnolia_Warbler,163,162,random_resized_crop,random_resized_crop,0,"{""area_fraction"":0.668119,""aspect"":0.888958,""fallback"":false,""height"":0.866935,""left"":0.156795,""top"":0.007974,""width"":0.770669}",0.0058209426,0.007530753,0.0017098105,0.99419594,0.9924975,0.0023253961,0.0058095502,0.99187054,0.98668795,-0.0051825885,0.79317867,1.7932036,0.98226971,1.7614096,False,0.9798795,True,True,True,0.79317867,1.7932036,0.98226971,1.7614096,0.78905093,1.8004269,0.96464445,1.7367719,0.92659878,1.5848202,0.18524276,0.29357646,0.84013068,2.0894924,0.20830051,0.43524232,0.76921717,1.9583263,0.37229767,0.72908032,0.76912597,1.7859148,0.45537397,0.81325914,0.78223451,1.8331454,0.50924097,0.93351276,0.82030477,1.6448342,0.53089776,0.87323878
0b_baseline_last,file,19,baseline,9947,169.Magnolia_Warbler/Magnolia_Warbler_0102_165884.jpg,169,168,169.Magnolia_Warbler,163,162,gaussian_blur,gaussian_blur,0,"{""sigma"":1.098606}",0.0058209426,0.0099340333,0.0041130907,0.99419594,0.99011517,0.0023253961,0.0066478122,0.99187054,0.98346735,-0.0084031885,0.75790372,2.1560472,0.98226971,2.1178199,False,0.97796959,True,True,True,0.75790372,2.1560472,0.98226971,2.1178199,0.7515929,2.1636234,0.96464445,2.0871273,0.9532265,1.9393469,0.18524276,0.35924998,0.71021139,3.2983447,0.20830051,0.68704687,0.68075262,2.4730962,0.37229767,0.92072795,0.72925448,2.1706583,0.45537397,0.98846131,0.76693305,2.0317026,0.50924097,1.0346262,0.84461093,1.8730429,0.53089776,0.99439426
0b_baseline_last,file,19,baseline,9947,169.Magnolia_Warbler/Magnolia_Warbler_0102_165884.jpg,169,168,169.Magnolia_Warbler,163,162,random_erasing,random_erasing,0,"{""area_fraction"":0.138465,""erased"":true,""height"":0.418604,""left"":0.42851,""top"":0.159823,""width"":0.330777}",0.0058209426,1.8505514,1.8447304,0.99419594,0.15715051,0.0023253961,0.016961832,0.99187054,0.14018868,-0.85168187,0.19205886,136.72125,0.98226971,134.29714,False,0.77643299,False,True,False,0.19205886,136.72125,0.98226971,134.29714,0.17840067,137.65583,0.96464445,132.78893,0.6680022,108.34657,0.18524276,20.070418,-0.30950902,160.28519,0.20830051,33.387487,0.093431341,155.0001,0.37229767,57.706178,0.089787987,165.84119,0.45537397,75.519763,0.2258446,134.17731,0.50924097,68.328582,0.42774907,99.957763,0.53089776,53.067352
0b_baseline_last,file,19,baseline,5267,091.Mockingbird/Mockingbird_0096_79878.jpg,91,90,091.Mockingbird,102,101,identity,identity,0,{},0.51403534,0.51403534,0,0.59807724,0.59807724,0.09668386,0.09668386,0.50139338,0.50139338,0,1,1,47.218904,47.218904,False,1.0000001,True,True,True,1,1,47.218904,47.218904,1,1,45.851065,45.851065,1,1,11.28294,11.28294,1,1,8.5916429,8.5916429,1,1,16.62494,16.62494,1,1,22.172966,22.172966,1,1,24.399171,24.399171,1,1,25.790604,25.790604
0b_baseline_last,file,19,baseline,5267,091.Mockingbird/Mockingbird_0096_79878.jpg,91,90,091.Mockingbird,102,101,horizontal_flip,horizontal_flip,0,"{""flipped"":true}",0.51403534,0.86881375,0.35477841,0.59807724,0.41944882,0.09668386,0.085756645,0.50139338,0.33369218,-0.1677012,0.61662562,1.6347396,47.218904,77.190614,False,0.95921147,True,True,True,0.61662562,1.6347396,47.218904,77.190614,0.60105908,1.6516574,45.851065,75.730251,0.95157835,1.3244681,11.28294,14.943894,0.64763501,1.959022,8.5916429,16.831217,0.48698601,1.892293,16.62494,31.459258,0.56325596,1.7221653,22.172966,38.185514,0.58739696,1.6063057,24.399171,39.192528,0.70852115,1.4855524,25.790604,38.313293
0b_baseline_last,file,19,baseline,5267,091.Mockingbird/Mockingbird_0096_79878.jpg,91,90,091.Mockingbird,102,101,color_jitter,color_jitter,0,"{""brightness"":1.134433,""contrast"":0.663395,""hue"":-0.048728,""saturation"":0.602842}",0.51403534,0.19879089,-0.31524445,0.59807724,0.81972128,0.09668386,0.057877485,0.50139338,0.7618438,0.26045042,0.81858771,0.56773754,47.218904,26.807944,False,0.95826876,True,True,True,0.81858771,0.56773754,47.218904,26.807944,0.81231598,0.57200903,45.851065,26.227223,0.94791587,0.49186227,11.28294,5.5496523,0.80770757,0.6276227,8.5916429,5.3923101,0.74675206,0.5897059,16.62494,9.8038251,0.82068975,0.63034147,22.172966,13.97654,0.81351021,0.55823593,24.399171,13.620494,0.84263059,0.52281955,25.790604,13.483832
0b_baseline_last,file,19,baseline,5267,091.Mockingbird/Mockingbird_0096_79878.jpg,91,90,091.Mockingbird,102,101,rotation,rotation,0,"{""angle"":-0.795145}",0.51403534,0.9177801,0.40374476,0.59807724,0.39940467,0.09668386,0.1103921,0.50139338,0.28901257,-0.2123808,0.85682116,1.6962635,47.218904,80.095702,False,0.98667842,True,True,True,0.85682116,1.6962635,47.218904,80.095702,0.85065056,1.7078578,45.851065,78.307101,0.98093218,1.4918183,11.28294,16.832096,0.8656709,1.9011525,8.5916429,16.334024,0.73628443,1.8652196,16.62494,31.009165,0.84317871,1.7699265,22.172966,39.244521,0.87332142,1.7225032,24.399171,42.027649,0.89639494,1.5495839,25.790604,39.964706
0b_baseline_last,file,19,baseline,5267,091.Mockingbird/Mockingbird_0096_79878.jpg,91,90,091.Mockingbird,102,101,random_resized_crop,random_resized_crop,0,"{""area_fraction"":0.817071,""aspect"":0.980977,""fallback"":false,""height"":0.912642,""left"":0.067384,""top"":0.067646,""width"":0.895281}",0.51403534,0.44020289,-0.073832452,0.59807724,0.64390576,0.09668386,0.076481141,0.50139338,0.56742462,0.06603124,0.75165344,1.0132295,47.218904,47.843587,False,0.97260725,True,True,True,0.75165344,1.0132295,47.218904,47.843587,0.74040534,1.0197208,45.851065,46.755284,0.96792537,0.8992815,11.28294,10.146539,0.73801162,1.3217395,8.5916429,11.355914,0.64785173,1.0481017,16.62494,17.424627,0.76466586,1.1041192,22.172966,24.481597,0.74327758,1.0042702,24.399171,24.50336,0.77136348,0.91239559,25.790604,23.531233
0b_baseline_last,file,19,baseline,5267,091.Mockingbird/Mockingbird_0096_79878.jpg,91,90,091.Mockingbird,102,101,gaussian_blur,gaussian_blur,0,"{""sigma"":1.467799}",0.51403534,3.8131876,3.2991523,0.59807724,0.022077693,0.09668386,0.1206307,0.50139338,-0.098553004,-0.59994638,0.49218969,3.6204911,47.218904,170.95562,False,0.86644942,False,True,False,0.49218969,3.6204911,47.218904,170.95562,0.48026478,3.6819236,45.851065,168.82012,0.84096717,2.3873921,11.28294,26.936801,0.38577293,3.583246,8.5916429,30.78597,0.27457626,4.5627037,16.62494,75.854674,0.45292497,3.8638582,22.172966,85.673196,0.54971939,3.7074594,24.399171,90.458935,0.58515124,3.0716616,25.790604,79.220006
0b_baseline_last,file,19,baseline,5267,091.Mockingbird/Mockingbird_0096_79878.jpg,91,90,091.Mockingbird,102,101,random_erasing,random_erasing,0,"{""area_fraction"":0.114908,""erased"":true,""height"":0.522254,""left"":0.217847,""top"":0.219818,""width"":0.220022}",0.51403534,3.1736374,2.659602,0.59807724,0.041851103,0.09668386,0.025571259,0.50139338,0.016279845,-0.48511353,0.7075362,2.1605235,47.218904,102.01755,False,0.88554788,False,True,False,0.7075362,2.1605235,47.218904,102.01755,0.69933584,2.1695091,45.851065,99.474302,0.85602153,2.0063234,11.28294,22.637226,0.78739617,1.8035977,8.5916429,15.495867,0.70280357,2.2150308,16.62494,36.824755,0.70440742,2.2460226,22.172966,49.800984,0.68775451,2.1044384,24.399171,51.346552,0.69772169,2.1873193,25.790604,56.412286
0b_baseline_last,file,19,baseline,9223,157.Yellow_throated_Vireo/Yellow_Throated_Vireo_0070_159602.jpg,157,156,157.Yellow_throated_Vireo,177,176,identity,identity,0,{},0.18418509,0.18418509,0,0.83178186,0.83178186,0.032214381,0.032214381,0.79956748,0.79956748,0,1,1,38.065569,38.065569,False,1.0000001,True,True,True,1,1,38.065569,38.065569,1,1,37.788836,37.788836,1,1,4.5816407,4.5816407,1,1,7.0855353,7.0855353,1,1,21.476279,21.476279,1,1,22.25191,22.25191,1,1,15.790556,15.790556,1,1,13.117607,13.117607
0b_baseline_last,file,19,baseline,9223,157.Yellow_throated_Vireo/Yellow_Throated_Vireo_0070_159602.jpg,157,156,157.Yellow_throated_Vireo,177,176,horizontal_flip,horizontal_flip,0,"{""flipped"":true}",0.18418509,0.28863686,0.10445178,0.83178186,0.74928427,0.032214381,0.037927207,0.79956748,0.71135706,-0.088210423,0.63156518,1.0654543,38.065569,40.557125,False,0.93473709,True,True,True,0.63156518,1.0654543,38.065569,40.557125,0.62665231,1.062013,37.788836,40.132236,0.91995882,1.2779825,4.5816407,5.8552564,0.28726559,0.92128032,7.0855353,6.5277643,0.70149614,0.88845811,21.476279,19.080774,0.63362221,0.99379251,22.25191,22.113782,0.56863605,1.2606045,15.790556,19.905646,0.6793521,1.3608351,13.117607,17.8509
0b_baseline_last,file,19,baseline,9223,157.Yellow_throated_Vireo/Yellow_Throated_Vireo_0070_159602.jpg,157,156,157.Yellow_throated_Vireo,177,176,color_jitter,color_jitter,0,"{""brightness"":1.170761,""contrast"":1.001684,""hue"":-0.003639,""saturation"":0.604719}",0.18418509,1.1519724,0.96778733,0.83178186,0.31601286,0.032214381,0.020274259,0.79956748,0.2957386,-0.50382888,0.8294623,5.2326367,38.065569,199.18329,False,0.94739366,True,True,True,0.8294623,5.2326367,38.065569,199.18329,0.82883476,5.2493356,37.788836,198.36628,0.9208168,3.933581,4.5816407,18.022255,0.53390291,5.6658672,7.0855353,40.145702,0.87431762,5.7238325,21.476279,122.92662,0.84904795,5.1818916,22.25191,115.30699,0.78550593,4.8983169,15.790556,77.347148,0.81026966,4.4111878,13.117607,57.864229
0b_baseline_last,file,19,baseline,9223,157.Yellow_throated_Vireo/Yellow_Throated_Vireo_0070_159602.jpg,157,156,157.Yellow_throated_Vireo,177,176,rotation,rotation,0,"{""angle"":13.370073}",0.18418509,0.064620376,-0.11956471,0.83178186,0.93742329,0.032214381,0.0043549477,0.79956748,0.93306834,0.13350086,0.79125731,0.34387431,38.065569,13.089771,False,0.96490169,True,True,True,0.79125731,0.34387431,38.065569,13.089771,0.78868577,0.34260377,37.788836,12.946598,0.95019164,0.42140587,4.5816407,1.9307303,0.70381917,0.38378838,7.0855353,2.7193461,0.81288199,0.27020218,21.476279,5.8029374,0.83398905,0.35197549,22.25191,7.8321271,0.74155358,0.38739907,15.790556,6.1172467,0.78114146,0.40181989,13.117607,5.2709154
0b_baseline_last,file,19,baseline,9223,157.Yellow_throated_Vireo/Yellow_Throated_Vireo_0070_159602.jpg,157,156,157.Yellow_throated_Vireo,177,176,random_resized_crop,random_resized_crop,0,"{""area_fraction"":0.763465,""aspect"":1.242127,""fallback"":false,""height"":0.783992,""left"":0.003756,""top"":0.088913,""width"":0.973818}",0.18418509,0.60909998,0.4249149,0.83178186,0.54384011,0.032214381,0.061437789,0.79956748,0.48240232,-0.31716516,0.84624466,2.3133659,38.065569,88.059591,False,0.96941197,True,True,True,0.84624466,2.3133659,38.065569,88.059591,0.84446299,2.3066218,37.788836,87.164555,0.96053553,2.733356,4.5816407,12.523255,0.7597251,2.1965687,7.0855353,15.563865,0.85995068,2.019327,21.476279,43.36763,0.87602639,2.3220361,22.25191,51.669738,0.80989859,2.5015034,15.790556,39.500129,0.83072174,2.6894867,13.117607,35.27963
0b_baseline_last,file,19,baseline,9223,157.Yellow_throated_Vireo/Yellow_Throated_Vireo_0070_159602.jpg,157,156,157.Yellow_throated_Vireo,177,176,gaussian_blur,gaussian_blur,0,"{""sigma"":1.1772}",0.18418509,0.97115982,0.78697473,0.83178186,0.37864363,0.032214381,0.029524967,0.79956748,0.34911866,-0.45044882,0.75624859,5.1092973,38.065569,194.48831,False,0.92809463,True,True,True,0.75624859,5.1092973,38.065569,194.48831,0.75462387,5.1216666,37.788836,193.54182,0.90695311,4.1828253,4.5816407,19.164203,0.70359393,6.0220611,7.0855353,42.669527,0.77452908,5.0608164,21.476279,108.6875,0.77900494,5.3696999,22.25191,119.48608,0.71212798,5.0054826,15.790556,79.039353,0.7145166,4.3796953,13.117607,57.451122
0b_baseline_last,file,19,baseline,9223,157.Yellow_throated_Vireo/Yellow_Throated_Vireo_0070_159602.jpg,157,156,157.Yellow_throated_Vireo,177,176,random_erasing,random_erasing,0,"{""area_fraction"":0.068049,""erased"":true,""height"":0.410622,""left"":0.254088,""top"":0.46882,""width"":0.165721}",0.18418509,0.059017457,-0.12516763,0.83178186,0.94269031,0.032214381,0.010936045,0.79956748,0.93175427,0.13218678,0.78363539,0.27241068,38.065569,10.369468,False,0.944677,True,True,True,0.78363539,0.27241068,38.065569,10.369468,0.78136182,0.27103722,37.788836,10.242181,0.92950524,0.35353021,4.5816407,1.6197484,0.77236694,0.30664036,7.0855353,2.1727111,0.81071636,0.22697081,21.476279,4.8744884,0.78301329,0.25526471,22.25191,5.6801275,0.75909547,0.31092692,15.790556,4.9097089,0.81442304,0.34136806,13.117607,4.4779321
0b_baseline_last,file,19,baseline,10306,175.Pine_Warbler/Pine_Warbler_0041_171477.jpg,175,174,175.Pine_Warbler,157,156,identity,identity,0,{},0.013300033,0.013300033,0,0.98678803,0.98678803,0.0051590702,0.0051590702,0.98162896,0.98162896,0,1,1,2.6501205,2.6501205,False,0.99999994,True,True,True,1,1,2.6501205,2.6501205,1,1,2.6070505,2.6070505,1,1,0.47584261,0.47584261,1,1,0.60601463,0.60601463,1,1,1.1438921,1.1438921,1,1,1.4166947,1.4166947,1,1,1.2901823,1.2901823,1,1,1.2039,1.2039
0b_baseline_last,file,19,baseline,10306,175.Pine_Warbler/Pine_Warbler_0041_171477.jpg,175,174,175.Pine_Warbler,157,156,horizontal_flip,horizontal_flip,0,"{""flipped"":true}",0.013300033,0.0067314529,-0.0065685804,0.98678803,0.99329114,0.0051590702,0.0017692819,0.98162896,0.99152186,0.0098928935,0.68806852,0.62664581,2.6501205,1.6606869,False,0.95733702,True,True,True,0.68806852,0.62664581,2.6501205,1.6606869,0.68160923,0.63008999,2.6070505,1.6426764,0.94071268,0.5125985,0.47584261,0.24391621,0.7791277,0.58239238,0.60601463,0.3529383,0.65318096,0.62144267,1.1438921,0.71086334,0.67109892,0.66269493,1.4166947,0.93883643,0.65293565,0.65714981,1.2901823,0.84784303,0.74583031,0.56838784,1.2039,0.68428211
0b_baseline_last,file,19,baseline,10306,175.Pine_Warbler/Pine_Warbler_0041_171477.jpg,175,174,175.Pine_Warbler,157,156,color_jitter,color_jitter,0,"{""brightness"":0.78944,""contrast"":0.882009,""hue"":-0.035932,""saturation"":0.656521}",0.013300033,0.25217381,0.23887378,0.98678803,0.77710962,0.0051590702,0.0072744749,0.98162896,0.76983515,-0.21179382,0.49890274,18.020293,2.6501205,47.755947,False,0.89178389,True,True,True,0.49890274,18.020293,2.6501205,47.755947,0.49059709,18.124215,2.6070505,47.250742,0.82095295,14.559524,0.47584261,6.928042,0.53150759,20.875324,0.60601463,12.650752,0.55080564,23.980449,1.1438921,27.431046,0.37292428,17.366395,1.4166947,24.602881,0.50093146,14.933335,1.2901823,19.266724,0.61057466,15.397461,1.2039,18.537003
0b_baseline_last,file,19,baseline,10306,175.Pine_Warbler/Pine_Warbler_0041_171477.jpg,175,174,175.Pine_Warbler,157,156,rotation,rotation,0,"{""angle"":-4.429966}",0.013300033,0.014799217,0.0014991835,0.98678803,0.98530978,0.0051590702,0.006543749,0.98162896,0.97876603,-0.0028629336,0.85809289,1.2860169,2.6501205,3.4080997,False,0.97356069,True,True,True,0.85809289,1.2860169,2.6501205,3.4080997,0.85483697,1.2898064,2.6070505,3.3625904,0.97035858,1.1665496,0.47584261,0.55509401,0.80474682,1.4469629,0.60601463,0.87688067,0.85787399,1.3346829,1.1438921,1.5267332,0.85248248,1.274051,1.4166947,1.8049413,0.85242124,1.3181362,1.2901823,1.7006359,0.87903008,1.1913747,1.2039,1.434296
0b_baseline_last,file,19,baseline,10306,175.Pine_Warbler/Pine_Warbler_0041_171477.jpg,175,174,175.Pine_Warbler,157,156,random_resized_crop,random_resized_crop,0,"{""area_fraction"":0.510528,""aspect"":1.298555,""fallback"":false,""height"":0.627017,""left"":0.177887,""top"":0.324121,""width"":0.814216}",0.013300033,0.022069689,0.0087696556,0.98678803,0.97817206,0.0051590702,0.015180958,0.98162896,0.96299111,-0.018637859,0.70409995,1.9279618,2.6501205,5.109331,False,0.90830767,True,True,True,0.70409995,1.9279618,2.6501205,5.109331,0.69846493,1.9275048,2.6070505,5.0251024,0.87203595,1.9416285,0.47584261,0.92390959,0.78354038,2.1713631,0.60601463,1.3158778,0.71942938,1.9718997,1.1438921,2.2556405,0.72930905,1.9800654,1.4166947,2.8051483,0.64971209,1.9089606,1.2901823,2.4629071,0.66837316,1.7615386,1.2039,2.1207163
0b_baseline_last,file,19,baseline,10306,175.Pine_Warbler/Pine_Warbler_0041_171477.jpg,175,174,175.Pine_Warbler,157,156,gaussian_blur,gaussian_blur,0,"{""sigma"":1.656528}",0.013300033,0.073669463,0.06036943,0.98678803,0.92897868,0.0051590702,0.01225264,0.98162896,0.91672604,-0.064902923,0.5560834,6.1471548,2.6501205,16.290701,False,0.89113122,True,True,True,0.5560834,6.1471548,2.6501205,16.290701,0.54774097,6.1732446,2.6070505,16.093961,0.85373506,5.304602,0.47584261,2.5241557,0.46967759,8.5380327,0.60601463,5.1741727,0.51400276,7.0156292,1.1438921,8.0251226,0.47343455,5.3161344,1.4166947,7.5313396,0.59763709,6.4860408,1.2901823,8.3681748,0.68507148,5.3247112,1.2039,6.4104197
0b_baseline_last,file,19,baseline,10306,175.Pine_Warbler/Pine_Warbler_0041_171477.jpg,175,174,175.Pine_Warbler,157,156,random_erasing,random_erasing,0,"{""area_fraction"":0.122362,""erased"":true,""height"":0.555628,""left"":0.051117,""top"":0.280895,""width"":0.220223}",0.013300033,0.0075157266,-0.0057843067,0.98678803,0.99251246,0.0051590702,0.0033724797,0.98162896,0.98913998,0.0075110206,0.87703189,0.59256121,2.6501205,1.5703586,False,0.95418757,True,True,True,0.87703189,0.59256121,2.6501205,1.5703586,0.8745725,0.59215863,2.6070505,1.5437875,0.9495278,0.60452059,0.47584261,0.28765666,0.92180806,0.58208563,0.60601463,0.35275241,0.89058575,0.60044539,1.1438921,0.68684472,0.8695143,0.57214908,1.4166947,0.81056059,0.85495867,0.60196804,1.2901823,0.7766485,0.87882116,0.60293853,1.2039,0.72587769
0b_baseline_last,file,19,baseline,4853,084.Red_legged_Kittiwake/Red_Legged_Kittiwake_0001_795394.jpg,84,83,084.Red_legged_Kittiwake,63,62,identity,identity,0,{},0.66209602,0.66209602,0,0.51576912,0.51576912,0.1614912,0.1614912,0.35427792,0.35427792,0,1,1,76.237849,76.237849,False,0.99999988,True,True,True,1,1,76.237849,76.237849,1,1,75.030766,75.030766,1,1,13.512727,13.512727,1,1,15.197999,15.197999,1,1,37.341591,37.341591,1,1,34.721813,34.721813,1,1,37.203119,37.203119,1,1,37.610715,37.610715
0b_baseline_last,file,19,baseline,4853,084.Red_legged_Kittiwake/Red_Legged_Kittiwake_0001_795394.jpg,84,83,084.Red_legged_Kittiwake,63,62,horizontal_flip,horizontal_flip,0,"{""flipped"":true}",0.66209602,1.1311474,0.46905136,0.51576912,0.32266283,0.1614912,0.12268605,0.35427792,0.19997678,-0.15430114,0.70619583,1.5996833,76.237849,121.95641,False,0.9663592,True,True,True,0.70619583,1.5996833,76.237849,121.95641,0.69949676,1.6040457,75.030766,120.35277,0.93639389,1.4587991,13.512727,19.712354,0.69646081,1.6006373,15.197999,24.326485,0.70665156,1.3044851,37.341591,48.711549,0.66946717,1.9127299,34.721813,66.413449,0.68360627,1.6270393,37.203119,60.530937,0.76572575,1.5606727,37.610715,58.698014
0b_baseline_last,file,19,baseline,4853,084.Red_legged_Kittiwake/Red_Legged_Kittiwake_0001_795394.jpg,84,83,084.Red_legged_Kittiwake,63,62,color_jitter,color_jitter,0,"{""brightness"":0.893047,""contrast"":0.888535,""hue"":-0.042392,""saturation"":1.227125}",0.66209602,0.77697957,0.11488354,0.51576912,0.4597927,0.1614912,0.10362975,0.35427792,0.35616296,0.0018850341,0.90405786,1.2746195,76.237849,97.174249,False,0.98563093,True,True,True,0.90405786,1.2746195,76.237849,97.174249,0.90264989,1.2811416,75.030766,96.125036,0.97365969,1.0539113,13.512727,14.241216,0.89364735,1.2669149,15.197999,19.254572,0.91381303,1.2334795,37.341591,46.060089,0.87727877,1.4463391,34.721813,50.219516,0.90605882,1.2711613,37.203119,47.291165,0.92588153,1.1858735,37.610715,44.601549
0b_baseline_last,file,19,baseline,4853,084.Red_legged_Kittiwake/Red_Legged_Kittiwake_0001_795394.jpg,84,83,084.Red_legged_Kittiwake,63,62,rotation,rotation,0,"{""angle"":-8.244065}",0.66209602,0.16384256,-0.49825346,0.51576912,0.84887564,0.1614912,0.047596063,0.35427792,0.80127958,0.44700165,0.79963663,0.34558068,76.237849,26.346327,False,0.92342794,True,True,True,0.79963663,0.34558068,76.237849,26.346327,0.79660184,0.34672966,75.030766,26.015392,0.91038818,0.30806017,13.512727,4.162733,0.82552759,0.36480596,15.197999,5.5443208,0.84529556,0.36444367,37.341591,13.608907,0.79089041,0.36633373,34.721813,12.719771,0.76059801,0.33150103,37.203119,12.332872,0.7841384,0.32232763,37.610715,12.122972
0b_baseline_last,file,19,baseline,4853,084.Red_legged_Kittiwake/Red_Legged_Kittiwake_0001_795394.jpg,84,83,084.Red_legged_Kittiwake,63,62,random_resized_crop,random_resized_crop,0,"{""area_fraction"":0.584087,""aspect"":1.199537,""fallback"":false,""height"":0.697802,""left"":0.144844,""top"":0.123093,""width"":0.837039}",0.66209602,0.21236639,-0.44972964,0.51576912,0.80866838,0.1614912,0.032743011,0.35427792,0.77592536,0.42164744,0.68710105,0.46273338,76.237849,35.277798,False,0.92071724,True,True,True,0.68710105,0.46273338,76.237849,35.277798,0.68234286,0.46104849,75.030766,34.592821,0.82285428,0.51196708,13.512727,6.9180714,0.81270829,0.47303038,15.197999,7.1891154,0.77050104,0.51320492,37.341591,19.163888,0.60108647,0.43782469,34.721813,15.202067,0.64535901,0.43935344,37.203119,16.345318,0.669829,0.44447038,37.610715,16.716849
0b_baseline_last,file,19,baseline,4853,084.Red_legged_Kittiwake/Red_Legged_Kittiwake_0001_795394.jpg,84,83,084.Red_legged_Kittiwake,63,62,gaussian_blur,gaussian_blur,0,"{""sigma"":1.554033}",0.66209602,0.023121748,-0.63897428,0.51576912,0.97714353,0.1614912,0.00038441201,0.35427792,0.97675911,0.62248119,0.55345596,0.067198262,76.237849,5.1230509,False,0.84781718,True,True,True,0.55345596,0.067198262,76.237849,5.1230509,0.54813051,0.067362945,75.030766,5.0542934,0.7340381,0.061906242,13.512727,0.83652215,0.71096657,0.05489675,15.197999,0.83432078,0.60429453,0.070784493,37.341591,2.6432056,0.43373293,0.073910199,34.721813,2.5662961,0.55615043,0.067914584,37.203119,2.5266343,0.5802974,0.058816355,37.610715,2.2121252
0b_baseline_last,file,19,baseline,4853,084.Red_legged_Kittiwake/Red_Legged_Kittiwake_0001_795394.jpg,84,83,084.Red_legged_Kittiwake,63,62,random_erasing,random_erasing,0,"{""area_fraction"":0.152399,""erased"":true,""height"":0.56243,""left"":0.244667,""top"":0.321882,""width"":0.270966}",0.66209602,4.0051522,3.3430562,0.51576912,0.018221512,0.1614912,0.0020866212,0.35427792,0.016134891,-0.33814303,0.64043081,1.9449868,76.237849,148.28161,False,0.84243262,False,True,False,0.64043081,1.9449868,76.237849,148.28161,0.63640877,1.9359691,75.030766,145.25724,0.75454104,2.204993,13.512727,29.795468,0.73669485,1.6822291,15.197999,25.566517,0.77734524,1.7967992,37.341591,67.095342,0.55900001,1.9915963,34.721813,69.151834,0.62970805,1.9763753,37.203119,73.527324,0.5738601,2.0171978,37.610715,75.868252
0b_baseline_last,file,19,baseline,10599,180.Wilson_Warbler/Wilson_Warbler_0076_175780.jpg,180,179,180.Wilson_Warbler,182,181,identity,identity,0,{},0.0069587734,0.0069587734,0,0.99306536,0.99306536,0.0061379126,0.0061379126,0.98692744,0.98692744,0,1,1,1.5278934,1.5278934,False,1.0000001,True,True,True,1,1,1.5278934,1.5278934,1,1,1.4968934,1.4968934,1,1,0.30621616,0.30621616,1,1,0.27318267,0.27318267,1,1,0.54468409,0.54468409,1,1,0.76940576,0.76940576,1,1,0.83935309,0.83935309,1,1,0.75688938,0.75688938
0b_baseline_last,file,19,baseline,10599,180.Wilson_Warbler/Wilson_Warbler_0076_175780.jpg,180,179,180.Wilson_Warbler,182,181,horizontal_flip,horizontal_flip,0,"{""flipped"":true}",0.0069587734,0.011236836,0.0042780628,0.99306536,0.98882604,0.0061379126,0.01014802,0.98692744,0.97867802,-0.0082494286,0.70239291,1.8277219,1.5278934,2.7925643,False,0.98385549,True,True,True,0.70239291,1.8277219,1.5278934,2.7925643,0.6928945,1.8387062,1.4968934,2.7523472,0.98353694,1.5421423,0.30621616,0.47222889,0.49881555,2.2086746,0.27318267,0.60337162,0.61171587,1.9641713,0.54468409,1.0698528,0.6743971,1.9217847,0.76940576,1.4786322,0.69808258,1.7826849,0.83935309,1.4963021,0.79613389,1.6927311,0.75688938,1.2812102
0b_baseline_last,file,19,baseline,10599,180.Wilson_Warbler/Wilson_Warbler_0076_175780.jpg,180,179,180.Wilson_Warbler,182,181,color_jitter,color_jitter,0,"{""brightness"":0.789353,""contrast"":0.902499,""hue"":-0.079816,""saturation"":0.677698}",0.0069587734,5.7680702,5.7611114,0.99306536,0.0031257845,0.0061379126,0.0014004887,0.98692744,0.0017252958,-0.98520215,0.18070919,138.66633,1.5278934,211.86738,False,0.63520443,False,True,False,0.18070919,138.66633,1.5278934,211.86738,0.17458928,140.46944,1.4968934,210.26778,0.44561055,84.859988,0.30621616,25.9855,0.15703202,296.75625,0.27318267,81.068664,0.086088318,206.19144,0.54468409,112.3092,0.18777984,146.00585,0.76940576,112.33774,0.22780753,101.17817,0.83935309,84.924207,0.251836,95.228569,0.75688938,72.077493
0b_baseline_last,file,19,baseline,10599,180.Wilson_Warbler/Wilson_Warbler_0076_175780.jpg,180,179,180.Wilson_Warbler,182,181,rotation,rotation,0,"{""angle"":6.146694}",0.0069587734,0.0058448832,-0.0011138902,0.99306536,0.99417216,0.0061379126,0.0041479361,0.98692744,0.99002422,0.0030967752,0.82608501,0.70184754,1.5278934,1.0723482,False,0.98780012,True,True,True,0.82608501,0.70184754,1.5278934,1.0723482,0.8196643,0.70197312,1.4968934,1.0507789,0.98021031,0.69883999,0.30621616,0.2139961,0.76749769,0.84427345,0.27318267,0.23064087,0.76201056,0.74355466,0.54468409,0.4050024,0.79364981,0.69768557,0.76940576,0.5368033,0.82655169,0.67773807,0.83935309,0.56886155,0.88242468,0.69303427,0.75688938,0.52455028
0b_baseline_last,file,19,baseline,10599,180.Wilson_Warbler/Wilson_Warbler_0076_175780.jpg,180,179,180.Wilson_Warbler,182,181,random_resized_crop,random_resized_crop,0,"{""area_fraction"":0.658415,""aspect"":0.859835,""fallback"":false,""height"":0.875069,""left"":0.148905,""top"":0.065072,""width"":0.752415}",0.0069587734,0.0035479236,-0.0034108497,0.99306536,0.99645835,0.0061379126,0.0021267752,0.98692744,0.99433158,0.0074041318,0.75509986,0.38220312,1.5278934,0.58396563,False,0.98191333,True,True,True,0.75509986,0.38220312,1.5278934,0.58396563,0.74578846,0.37990844,1.4968934,0.56868244,0.95639522,0.43343831,0.30621616,0.13272582,0.65084449,0.50395853,0.27318267,0.13767273,0.66561097,0.38314668,0.54468409,0.2086939,0.70434334,0.37108015,0.76940576,0.2855112,0.76449021,0.36166524,0.83935309,0.30356484,0.82850039,0.39019968,0.75688938,0.29533799
0b_baseline_last,file,19,baseline,10599,180.Wilson_Warbler/Wilson_Warbler_0076_175780.jpg,180,179,180.Wilson_Warbler,182,181,gaussian_blur,gaussian_blur,0,"{""sigma"":1.328431}",0.0069587734,0.019386224,0.012427451,0.99306536,0.98080051,0.0061379126,0.0077668619,0.98692744,0.97303365,-0.013893797,0.62333541,2.33125,1.5278934,3.5619015,False,0.958799,True,True,True,0.62333541,2.33125,1.5278934,3.5619015,0.61444901,2.3432152,1.4968934,3.5075434,0.87557081,2.0244013,0.30621616,0.61990439,0.31726974,2.6265406,0.27318267,0.71752537,0.47534395,2.84686,0.54468409,1.5506394,0.54092893,2.4880811,0.76940576,1.914344,0.69319093,2.1100014,0.83935309,1.7710362,0.76895554,2.1230832,0.75688938,1.6069391
0b_baseline_last,file,19,baseline,10599,180.Wilson_Warbler/Wilson_Warbler_0076_175780.jpg,180,179,180.Wilson_Warbler,182,181,random_erasing,random_erasing,0,"{""area_fraction"":0.066636,""erased"":true,""height"":0.261695,""left"":0.511527,""top"":0.101176,""width"":0.254634}",0.0069587734,0.0029698573,-0.0039889161,0.99306536,0.99703455,0.0061379126,0.0023932923,0.98692744,0.99464126,0.0077138129,0.96475902,0.41968239,1.5278934,0.64122996,False,0.99223542,True,True,True,0.96475902,0.41968239,1.5278934,0.64122996,0.96373272,0.42027003,1.4968934,0.62909945,0.99078673,0.40538683,0.30621616,0.124136,0.95530114,0.39951778,0.27318267,0.10914133,0.95404249,0.41591887,0.54468409,0.2265444,0.96947568,0.42742885,0.76940576,0.32886622,0.96860193,0.42237772,0.83935309,0.35452405,0.95803223,0.41505701,0.75688938,0.31415224
0b_baseline_last,file,19,baseline,912,017.Cardinal/Cardinal_0051_17223.jpg,17,16,017.Cardinal,42,41,identity,identity,0,{},0.13156873,0.13156873,0,0.876719,0.876719,0.020582469,0.020582469,0.85613653,0.85613653,0,1,1,20.434068,20.434068,False,1,True,True,True,1,1,20.434068,20.434068,1,1,20.125333,20.125333,1,1,3.5386576,3.5386576,1,1,6.4668083,6.4668083,1,1,9.0321039,9.0321039,1,1,9.4501092,9.4501092,1,1,10.318328,10.318328,1,1,9.2659615,9.2659615
0b_baseline_last,file,19,baseline,912,017.Cardinal/Cardinal_0051_17223.jpg,17,16,017.Cardinal,42,41,horizontal_flip,horizontal_flip,0,"{""flipped"":true}",0.13156873,0.062151801,-0.069416929,0.876719,0.93974024,0.020582469,0.0054285331,0.85613653,0.93431171,0.078175179,0.62293662,0.46217312,20.434068,9.4440767,False,0.95360261,True,True,True,0.62293662,0.46217312,20.434068,9.4440767,0.61275896,0.46189551,20.125333,9.2958009,0.94584367,0.471064,3.5386576,1.6669342,0.25290178,0.35710192,6.4668083,2.3093097,0.63287261,0.45430894,9.0321039,4.1033656,0.61389532,0.47365884,9.4501092,4.4761277,0.62924411,0.46947248,10.318328,4.8441713,0.71054571,0.4914853,9.2659615,4.5540838
0b_baseline_last,file,19,baseline,912,017.Cardinal/Cardinal_0051_17223.jpg,17,16,017.Cardinal,42,41,color_jitter,color_jitter,0,"{""brightness"":1.38731,""contrast"":0.673878,""hue"":-0.073368,""saturation"":0.981854}",0.13156873,0.022234675,-0.10933406,0.876719,0.97801071,0.020582469,0.00098275091,0.85613653,0.97702796,0.12089143,0.64217537,0.16469197,20.434068,3.3653268,False,0.91537464,True,True,True,0.64217537,0.16469197,20.434068,3.3653268,0.63357618,0.16437563,20.125333,3.3081142,0.90514235,0.17461532,3.5386576,0.61790383,0.4823651,0.14090825,6.4668083,0.91122662,0.58780775,0.17320279,9.0321039,1.5643856,0.61951003,0.15866568,9.4501092,1.499408,0.64634807,0.15690601,10.318328,1.6190077,0.73943232,0.1804773,9.2659615,1.6722957
0b_baseline_last,file,19,baseline,912,017.Cardinal/Cardinal_0051_17223.jpg,17,16,017.Cardinal,42,41,rotation,rotation,0,"{""angle"":-2.479329}",0.13156873,0.091882162,-0.039686568,0.876719,0.91221261,0.020582469,0.0031245577,0.85613653,0.90908805,0.052951524,0.78688994,0.6657694,20.434068,13.604377,False,0.964782,True,True,True,0.78688994,0.6657694,20.434068,13.604377,0.78157718,0.66498965,20.125333,13.383138,0.9529204,0.69051574,3.5386576,2.4434988,0.41181372,0.41689923,6.4668083,2.6960074,0.78919718,0.59043279,9.0321039,5.3328503,0.80739406,0.72664348,9.4501092,6.8668603,0.81403535,0.69057736,10.318328,7.1256041,0.84937361,0.72775394,9.2659615,6.74334
0b_baseline_last,file,19,baseline,912,017.Cardinal/Cardinal_0051_17223.jpg,17,16,017.Cardinal,42,41,random_resized_crop,random_resized_crop,0,"{""area_fraction"":0.861522,""aspect"":0.868313,""fallback"":false,""height"":0.996082,""left"":0.104911,""top"":0.002515,""width"":0.864911}",0.13156873,0.11750188,-0.014066853,0.876719,0.88913882,0.020582469,0.0085274735,0.85613653,0.88061134,0.024474815,0.78903591,0.94701908,20.434068,19.351452,False,0.98020577,True,True,True,0.78903591,0.94701908,20.434068,19.351452,0.78351611,0.94784169,20.125333,19.075629,0.97331459,0.92001531,3.5386576,3.2556192,0.67546401,0.73535733,6.4668083,4.7554149,0.75107735,0.93955782,9.0321039,8.4861839,0.81583671,1.0341666,9.4501092,9.7729869,0.7995742,0.92859208,10.318328,9.5815181,0.81142312,0.97687838,9.2659615,9.0517174
0b_baseline_last,file,19,baseline,912,017.Cardinal/Cardinal_0051_17223.jpg,17,16,017.Cardinal,42,41,gaussian_blur,gaussian_blur,0,"{""sigma"":1.820997}",0.13156873,0.31085187,0.17928314,0.876719,0.73282242,0.020582469,0.006097185,0.85613653,0.72672523,-0.1294113,0.28356657,2.9878974,20.434068,61.054897,False,0.79236251,True,True,True,0.28356657,2.9878974,20.434068,61.054897,0.27399111,3.0129558,20.125333,60.636738,0.76919764,2.0158722,3.5386576,7.1334815,-0.0013723681,3.7245323,6.4668083,24.085837,0.016978195,2.9116981,9.0321039,26.29876,0.28261521,3.363615,9.4501092,31.786529,0.41931068,2.8076084,10.318328,28.969826,0.55092031,2.5434497,9.2659615,23.567507
0b_baseline_last,file,19,baseline,912,017.Cardinal/Cardinal_0051_17223.jpg,17,16,017.Cardinal,42,41,random_erasing,random_erasing,0,"{""area_fraction"":0.08433,""erased"":true,""height"":0.172859,""left"":0.156151,""top"":0.746239,""width"":0.487855}",0.13156873,0.92253411,0.79096538,0.876719,0.39751044,0.020582469,0.025111191,0.85613653,0.37239925,-0.48373728,0.76046645,4.3848903,20.434068,89.601146,False,0.94209129,True,True,True,0.76046645,4.3848903,20.434068,89.601146,0.75547053,4.3858757,20.125333,88.267209,0.92330547,4.3528982,3.5386576,15.403416,0.66152533,3.0826392,6.4668083,19.934837,0.75790216,4.076384,9.0321039,36.818324,0.78345005,4.5046336,9.4501092,42.569279,0.76130543,4.6136514,10.318328,47.60517,0.76934053,4.7775612,9.2659615,44.268698
0b_baseline_last,file,19,baseline,9503,162.Canada_Warbler/Canada_Warbler_0076_162393.jpg,162,161,162.Canada_Warbler,167,166,identity,identity,0,{},0.069829404,0.069829404,0,0.93255287,0.93255287,0.049242429,0.049242429,0.88331044,0.88331044,0,1,1,13.821597,13.821597,False,1,True,True,True,1,1,13.821597,13.821597,1,1,13.606207,13.606207,1,1,2.4305691,2.4305691,1,1,1.8145791,1.8145791,1,1,5.6344287,5.6344287,1,1,7.0994419,7.0994419,1,1,7.2054083,7.2054083,1,1,6.9115417,6.9115417
0b_baseline_last,file,19,baseline,9503,162.Canada_Warbler/Canada_Warbler_0076_162393.jpg,162,161,162.Canada_Warbler,167,166,horizontal_flip,horizontal_flip,0,"{""flipped"":true}",0.069829404,0.11704854,0.047219135,0.93255287,0.88954198,0.049242429,0.016714185,0.88331044,0.8728278,-0.010482647,0.56361389,2.046076,13.821597,28.280037,False,0.95437741,True,True,True,0.56361389,2.046076,13.821597,28.280037,0.56031759,2.0614649,13.606207,28.048719,0.73686788,1.4851234,2.4305691,3.6096949,0.49417183,3.010317,1.8145791,5.4624584,0.52682485,2.2728573,5.6344287,12.806253,0.55960887,2.3211056,7.0994419,16.478554,0.5393079,1.9339893,7.2054083,13.935183,0.65830305,1.6315497,6.9115417,11.276524
0b_baseline_last,file,19,baseline,9503,162.Canada_Warbler/Canada_Warbler_0076_162393.jpg,162,161,162.Canada_Warbler,167,166,color_jitter,color_jitter,0,"{""brightness"":0.823534,""contrast"":1.340126,""hue"":0.058094,""saturation"":1.16448}",0.069829404,0.048348833,-0.021480571,0.93255287,0.95280135,0.049242429,0.028436923,0.88331044,0.92436442,0.041053979,0.84804962,0.64958521,13.821597,8.978305,False,0.96586525,True,True,True,0.84804962,0.64958521,13.821597,8.978305,0.84469047,0.65041534,13.606207,8.849686,0.95870822,0.62301118,2.4305691,1.5142717,0.7331675,0.88811161,1.8145791,1.6115488,0.82847169,0.66587016,5.6344287,3.7517979,0.85464028,0.66313208,7.0994419,4.7078677,0.83751132,0.62566634,7.2054083,4.5081814,0.8688366,0.63325575,6.9115417,4.3767736
0b_baseline_last,file,19,baseline,9503,162.Canada_Warbler/Canada_Warbler_0076_162393.jpg,162,161,162.Canada_Warbler,167,166,rotation,rotation,0,"{""angle"":9.379519}",0.069829404,0.10647831,0.036648907,0.93255287,0.89899457,0.049242429,0.060872346,0.88331044,0.83812222,-0.045188226,0.82249957,1.4110693,13.821597,19.503231,False,0.96848655,True,True,True,0.82249957,1.4110693,13.821597,19.503231,0.81869853,1.415847,13.606207,19.264308,0.96323068,1.2521451,2.4305691,3.0434251,0.71145162,1.6060499,1.8145791,2.9143047,0.83241499,1.4751197,5.6344287,8.3114567,0.79513222,1.4008214,7.0994419,9.9450501,0.79923162,1.3990597,7.2054083,10.080796,0.864945,1.3953988,6.9115417,9.6443571
0b_baseline_last,file,19,baseline,9503,162.Canada_Warbler/Canada_Warbler_0076_162393.jpg,162,161,162.Canada_Warbler,167,166,random_resized_crop,random_resized_crop,0,"{""area_fraction"":0.602086,""aspect"":0.815303,""fallback"":false,""height"":0.859349,""left"":0.045366,""top"":0.139187,""width"":0.70063}",0.069829404,0.059469674,-0.010359731,0.93255287,0.94226408,0.049242429,0.023694126,0.88331044,0.91856995,0.035259509,0.69111755,0.75351246,13.821597,10.414746,False,0.95642376,True,True,True,0.69111755,0.75351246,13.821597,10.414746,0.6845304,0.75566015,13.606207,10.281669,0.92302378,0.68279582,2.4305691,1.6595824,0.59298971,1.1637063,1.8145791,2.1116372,0.68230234,0.85977166,5.6344287,4.8443221,0.68612619,0.73060099,7.0994419,5.1868593,0.66287578,0.70751475,7.2054083,5.0979327,0.73226058,0.72188963,6.9115417,4.9893703
0b_baseline_last,file,19,baseline,9503,162.Canada_Warbler/Canada_Warbler_0076_162393.jpg,162,161,162.Canada_Warbler,167,166,gaussian_blur,gaussian_blur,0,"{""sigma"":1.152841}",0.069829404,0.92673934,0.85690993,0.93255287,0.39584234,0.049242429,0.43899968,0.88331044,-0.043157339,-0.92646778,0.72786733,9.0563555,13.821597,125.1733,False,0.88388884,False,True,False,0.72786733,9.0563555,13.821597,125.1733,0.7234692,9.0759893,13.606207,123.48979,0.87846969,8.4179201,2.4305691,20.460336,0.45097627,9.8956476,1.8145791,17.956436,0.73167444,9.8682281,5.6344287,55.601827,0.7242969,9.4215288,7.0994419,66.887597,0.71293776,8.90588,7.2054083,64.170502,0.75724342,8.2406349,6.9115417,56.955492
0b_baseline_last,file,19,baseline,9503,162.Canada_Warbler/Canada_Warbler_0076_162393.jpg,162,161,162.Canada_Warbler,167,166,random_erasing,random_erasing,0,"{""area_fraction"":0.17819,""erased"":true,""height"":0.376659,""left"":0.186084,""top"":0.324496,""width"":0.47308}",0.069829404,3.7152722,3.6454428,0.93255287,0.024348814,0.049242429,0.0005351216,0.88331044,0.023813692,-0.85949675,0.22446246,9.6206019,13.821597,132.97208,False,0.5667569,False,True,False,0.22446246,9.6206019,13.821597,132.97208,0.21613781,9.5634709,13.606207,130.12257,0.44883431,11.26506,2.4305691,27.380507,0.24341312,13.381093,1.8145791,24.281053,0.38650265,9.9270658,5.6344287,55.933344,0.16401963,9.3812799,7.0994419,66.601852,0.11451196,8.7050296,7.2054083,62.723293,0.25118702,10.069692,6.9115417,69.597098
0b_baseline_last,file,19,baseline,8233,141.Artic_Tern/Artic_Tern_0012_143410.jpg,141,140,141.Artic_Tern,144,143,identity,identity,0,{},0.98967558,0.98967558,0,0.37169725,0.37169725,0.16380306,0.16380306,0.20789419,0.20789419,0,1,1,93.213222,93.213222,False,1,True,True,True,1,1,93.213222,93.213222,1,1,91.097149,91.097149,1,1,19.748773,19.748773,1,1,15.720453,15.720453,1,1,35.876539,35.876539,1,1,49.188475,49.188475,1,1,46.603652,46.603652,1,1,46.615721,46.615721
0b_baseline_last,file,19,baseline,8233,141.Artic_Tern/Artic_Tern_0012_143410.jpg,141,140,141.Artic_Tern,144,143,horizontal_flip,horizontal_flip,0,"{""flipped"":true}",0.98967558,2.2599432,1.2702677,0.37169725,0.1043564,0.16380306,0.038920313,0.20789419,0.065436088,-0.1424581,0.67713006,1.3480285,93.213222,125.65408,False,0.96115661,False,True,False,0.67713006,1.3480285,93.213222,125.65408,0.66463757,1.3452222,91.097149,122.5459,0.93201757,1.4064143,19.748773,27.774957,0.55881024,1.5244686,15.720453,23.965337,0.56849538,1.3425747,35.876539,48.166933,0.65818458,1.2545478,49.188475,61.709296,0.65581391,1.3094805,46.603652,61.026574,0.74839578,1.4534935,46.615721,67.755649
0b_baseline_last,file,19,baseline,8233,141.Artic_Tern/Artic_Tern_0012_143410.jpg,141,140,141.Artic_Tern,144,143,color_jitter,color_jitter,0,"{""brightness"":1.187026,""contrast"":0.693034,""hue"":0.052414,""saturation"":1.146399}",0.98967558,2.3902812,1.4006056,0.37169725,0.09160392,0.16380306,0.025378525,0.20789419,0.066225395,-0.1416688,0.6116602,2.0743054,93.213222,193.35268,False,0.93149722,False,True,False,0.6116602,2.0743054,93.213222,193.35268,0.6055564,2.0910303,91.097149,190.4869,0.78758159,1.6794096,19.748773,33.16628,0.60877534,2.1804782,15.720453,34.278106,0.56053137,2.2717388,35.876539,81.502127,0.61373783,2.1232325,49.188475,104.43857,0.58205258,2.1659652,46.603652,100.94189,0.66215379,1.8417497,46.615721,85.854489
0b_baseline_last,file,19,baseline,8233,141.Artic_Tern/Artic_Tern_0012_143410.jpg,141,140,141.Artic_Tern,144,143,rotation,rotation,0,"{""angle"":4.614843}",0.98967558,1.7578973,0.76822168,0.37169725,0.172407,0.16380306,0.15653899,0.20789419,0.015868008,-0.19202618,0.8016673,1.4909453,93.213222,138.97582,False,0.97569573,False,True,False,0.8016673,1.4909453,93.213222,138.97582,0.7952316,1.4979463,91.097149,136.45863,0.96073791,1.333296,19.748773,26.33096,0.74194417,1.8275861,15.720453,28.730483,0.75551693,1.7094861,35.876539,61.330444,0.77586261,1.492353,49.188475,73.406568,0.81459387,1.4208776,46.603652,66.218087,0.8455149,1.4002639,46.615721,65.27431
0b_baseline_last,file,19,baseline,8233,141.Artic_Tern/Artic_Tern_0012_143410.jpg,141,140,141.Artic_Tern,144,143,random_resized_crop,random_resized_crop,0,"{""area_fraction"":0.649806,""aspect"":1.287725,""fallback"":false,""height"":0.710363,""left"":0.050824,""top"":0.156729,""width"":0.914752}",0.98967558,0.77394527,-0.21573031,0.37169725,0.46118996,0.16380306,0.10118723,0.20789419,0.36000273,0.15210854,0.6533791,1.2328378,93.213222,114.91678,False,0.93215144,True,True,True,0.6533791,1.2328378,93.213222,114.91678,0.64323939,1.2390394,91.097149,112.87295,0.90302527,1.0925699,19.748773,21.576915,0.36984527,1.4584669,15.720453,22.927761,0.54564605,1.5873417,35.876539,56.948325,0.70843011,1.2693715,49.188475,62.43845,0.65199386,1.102404,46.603652,51.376051,0.70843466,1.0582272,46.615721,49.330024
0b_baseline_last,file,19,baseline,8233,141.Artic_Tern/Artic_Tern_0012_143410.jpg,141,140,141.Artic_Tern,144,143,gaussian_blur,gaussian_blur,0,"{""sigma"":1.948686}",0.98967558,1.4980273,0.50835174,0.37169725,0.22357075,0.16380306,0.068170331,0.20789419,0.15540042,-0.052493773,0.68078583,1.3072631,93.213222,121.85421,False,0.93305302,True,True,True,0.68078583,1.3072631,93.213222,121.85421,0.67154698,1.3147957,91.097149,119.77414,0.91553796,1.1351998,19.748773,22.418803,0.39571863,1.270034,15.720453,19.965511,0.52507446,1.4514211,35.876539,52.071967,0.69510486,1.3250969,49.188475,65.179494,0.70860768,1.289612,46.603652,60.100631,0.74176189,1.2462999,46.615721,58.097167
0b_baseline_last,file,19,baseline,8233,141.Artic_Tern/Artic_Tern_0012_143410.jpg,141,140,141.Artic_Tern,144,143,random_erasing,random_erasing,0,"{""area_fraction"":0.115162,""erased"":true,""height"":0.340818,""left"":0.01351,""top"":0.441816,""width"":0.337897}",0.98967558,2.265471,1.2757954,0.37169725,0.10378115,0.16380306,0.18158151,0.20789419,-0.077800363,-0.28569455,0.83948257,1.4399504,93.213222,134.22242,False,0.98187315,False,True,False,0.83948257,1.4399504,93.213222,134.22242,0.83362125,1.4364943,91.097149,130.86054,0.95904061,1.5116178,19.748773,29.852598,0.66745767,1.2313426,15.720453,19.357263,0.73976119,1.352148,35.876539,48.510392,0.81445989,1.3402744,49.188475,65.926055,0.865359,1.5174954,46.603652,70.720827,0.89177398,1.524275,46.615721,71.055179
0b_baseline_last,file,19,baseline,444,009.Brewer_Blackbird/Brewer_Blackbird_0078_2659.jpg,9,8,009.Brewer_Blackbird,11,10,identity,identity,0,{},0.18939602,0.18939602,0,0.82745874,0.82745874,0.084000885,0.084000885,0.74345785,0.74345785,0,1,1,24.288857,24.288857,False,1,True,True,True,1,1,24.288857,24.288857,1,1,23.695905,23.695905,1,1,5.334104,5.334104,1,1,5.6228503,5.6228503,1,1,13.047435,13.047435,1,1,11.021193,11.021193,1,1,10.490345,10.490345,1,1,11.319447,11.319447
0b_baseline_last,file,19,baseline,444,009.Brewer_Blackbird/Brewer_Blackbird_0078_2659.jpg,9,8,009.Brewer_Blackbird,11,10,horizontal_flip,horizontal_flip,0,"{""flipped"":true}",0.18939602,0.11107768,-0.078318343,0.82745874,0.89486921,0.084000885,0.04273776,0.74345785,0.85213145,0.10867359,0.69919327,0.63818848,24.288857,15.500869,False,0.97636139,True,True,True,0.69919327,0.63818848,24.288857,15.500869,0.68605526,0.63962206,23.695905,15.156424,0.97219947,0.60920789,5.334104,3.2495783,0.45189587,0.66492375,5.6228503,3.7387667,0.74616181,0.57696073,13.047435,7.5278577,0.67530522,0.70240383,11.021193,7.7413279,0.62103226,0.6568979,10.490345,6.8910856,0.75097978,0.63493712,11.319447,7.1871369
0b_baseline_last,file,19,baseline,444,009.Brewer_Blackbird/Brewer_Blackbird_0078_2659.jpg,9,8,009.Brewer_Blackbird,11,10,color_jitter,color_jitter,0,"{""brightness"":1.130795,""contrast"":1.210593,""hue"":-0.047305,""saturation"":0.823496}",0.18939602,0.23194724,0.042551219,0.82745874,0.79298794,0.084000885,0.060840949,0.74345785,0.73214699,-0.011310861,0.83007856,1.2484665,24.288857,30.323823,False,0.98424739,True,True,True,0.83007856,1.2484665,24.288857,30.323823,0.82385759,1.2512494,23.695905,29.649487,0.95984902,1.1922185,5.334104,6.3594175,0.72029054,1.2642766,5.6228503,7.1088381,0.81724118,1.0793937,13.047435,14.083319,0.79057514,1.2854412,11.021193,14.167095,0.84382168,1.351547,10.490345,14.178194,0.88200781,1.3353874,11.319447,15.115847
0b_baseline_last,file,19,baseline,444,009.Brewer_Blackbird/Brewer_Blackbird_0078_2659.jpg,9,8,009.Brewer_Blackbird,11,10,rotation,rotation,0,"{""angle"":-12.421798}",0.18939602,1.1147146,0.9253186,0.82745874,0.32800889,0.084000885,0.098192252,0.74345785,0.22981664,-0.51364122,0.53634185,5.3229525,24.288857,129.28843,False,0.95000017,False,True,False,0.53634185,5.3229525,24.288857,129.28843,0.52518453,5.3761851,23.695905,127.39357,0.84054102,4.1345184,5.334104,22.053951,0.52984221,5.9391058,5.6228503,33.394703,0.43869498,4.7374812,13.047435,61.811979,0.49398761,6.3705058,11.021193,70.210571,0.57517419,5.6195256,10.490345,58.950763,0.64787406,4.747985,11.319447,53.744563
0b_baseline_last,file,19,baseline,444,009.Brewer_Blackbird/Brewer_Blackbird_0078_2659.jpg,9,8,009.Brewer_Blackbird,11,10,random_resized_crop,random_resized_crop,0,"{""area_fraction"":0.582276,""aspect"":0.935658,""fallback"":false,""height"":0.788871,""left"":0.016007,""top"":0.198078,""width"":0.738113}",0.18939602,1.9195962,1.7302002,0.82745874,0.14666618,0.084000885,0.18165487,0.74345785,-0.034988686,-0.77844654,0.65567356,5.1116049,24.288857,124.15504,False,0.89519191,False,True,False,0.65567356,5.1116049,24.288857,124.15504,0.64707281,5.1279915,23.695905,121.5124,0.83946177,4.7767388,5.334104,25.479621,0.6595487,5.711936,5.6228503,32.117361,0.72998042,4.7795763,13.047435,62.361211,0.57193411,4.9444031,11.021193,54.493219,0.59782566,5.3625559,10.490345,56.255062,0.65812662,5.3814738,11.319447,60.915306
0b_baseline_last,file,19,baseline,444,009.Brewer_Blackbird/Brewer_Blackbird_0078_2659.jpg,9,8,009.Brewer_Blackbird,11,10,gaussian_blur,gaussian_blur,0,"{""sigma"":1.786257}",0.18939602,1.8032165,1.6138204,0.82745874,0.16476806,0.084000885,0.08310996,0.74345785,0.081658095,-0.66179976,0.4323521,6.0997402,24.288857,148.15572,False,0.86415929,True,True,True,0.4323521,6.0997402,24.288857,148.15572,0.41966061,6.1713259,23.695905,146.23515,0.80132726,4.4577469,5.334104,23.778086,0.50250225,9.5410612,5.6228503,53.647959,0.34017901,5.6878105,13.047435,74.211338,0.3622434,6.3388395,11.021193,69.861571,0.44016329,6.4308862,10.490345,67.462216,0.5662141,5.2766344,11.319447,59.728583
0b_baseline_last,file,19,baseline,444,009.Brewer_Blackbird/Brewer_Blackbird_0078_2659.jpg,9,8,009.Brewer_Blackbird,11,10,random_erasing,random_erasing,0,"{""area_fraction"":0.146156,""erased"":true,""height"":0.497789,""left"":0.539711,""top"":0.0736,""width"":0.293611}",0.18939602,0.12193085,-0.067465171,0.82745874,0.88520956,0.084000885,0.054677799,0.74345785,0.83053176,0.087073907,0.91295824,0.59271417,24.288857,14.39635,False,0.98336053,True,True,True,0.91295824,0.59271417,24.288857,14.39635,0.90951006,0.58717141,23.695905,13.913558,0.98247567,0.69308696,5.334104,3.696998,0.88819513,0.57125092,5.6228503,3.2120584,0.94151177,0.52460688,13.047435,6.8447742,0.8968935,0.58008788,11.021193,6.3932603,0.90220321,0.62519877,10.490345,6.5585508,0.90766971,0.64029549,11.319447,7.2477908
0b_baseline_last,file,19,baseline,2198,039.Least_Flycatcher/Least_Flycatcher_0019_30358.jpg,39,38,039.Least_Flycatcher,164,163,identity,identity,0,{},3.2757366,3.2757366,0,0.037789024,0.037789024,0.20488901,0.20488901,-0.16709999,-0.16709999,0,1,1,147.35875,147.35875,False,1,True,False,False,1,1,147.35875,147.35875,1,1,144.43749,144.43749,1,1,29.196072,29.196072,1,1,28.118752,28.118752,1,1,62.596038,62.596038,1,1,83.453065,83.453065,1,1,69.743974,69.743974,1,1,65.761887,65.761887
0b_baseline_last,file,19,baseline,2198,039.Least_Flycatcher/Least_Flycatcher_0019_30358.jpg,39,38,039.Least_Flycatcher,164,163,horizontal_flip,horizontal_flip,0,"{""flipped"":true}",3.2757366,4.1803646,0.90462804,0.037789024,0.015292928,0.20488901,0.019582344,-0.16709999,-0.0042894166,0.16281057,0.64183556,1.037426,147.35875,152.87379,False,0.90537608,False,False,False,0.64183556,1.037426,147.35875,152.87379,0.63404665,1.0433208,144.43749,150.69465,0.87649922,0.88094035,29.196072,25.719998,0.45376033,0.92883742,28.118752,26.117749,0.54926358,1.0815235,62.596038,67.699089,0.73741825,1.026989,83.453065,85.705379,0.58611621,1.0357704,69.743974,72.238741,0.63400828,1.0622419,65.761887,69.855035
0b_baseline_last,file,19,baseline,2198,039.Least_Flycatcher/Least_Flycatcher_0019_30358.jpg,39,38,039.Least_Flycatcher,164,163,color_jitter,color_jitter,0,"{""brightness"":0.620793,""contrast"":0.964919,""hue"":-0.013121,""saturation"":0.922432}",3.2757366,4.7753401,1.4996035,0.037789024,0.0084352149,0.20488901,0.14690532,-0.16709999,-0.1384701,0.028629887,0.72463333,1.2351403,147.35875,182.00873,False,0.93594432,True,False,False,0.72463333,1.2351403,147.35875,182.00873,0.71877336,1.2435645,144.43749,179.61735,0.91733615,1.0072336,29.196072,29.407265,0.61996005,2.1653095,28.118752,60.8858,0.61752774,1.3684233,62.596038,85.65788,0.75336188,1.1289819,83.453065,94.217002,0.76673008,1.1633004,69.743974,81.133192,0.80414178,1.1539425,65.761887,75.88544
0b_baseline_last,file,19,baseline,2198,039.Least_Flycatcher/Least_Flycatcher_0019_30358.jpg,39,38,039.Least_Flycatcher,164,163,rotation,rotation,0,"{""angle"":-7.743597}",3.2757366,3.2266269,-0.049109697,0.037789024,0.039691165,0.20488901,0.22045988,-0.16709999,-0.18076871,-0.013668723,0.77261035,1.1678501,147.35875,172.09293,False,0.96055526,True,False,False,0.77261035,1.1678501,147.35875,172.09293,0.7669095,1.1748662,144.43749,169.69473,0.95200692,0.9806103,29.196072,28.629969,0.65455501,1.8396001,28.118752,51.727259,0.76313316,1.2625809,62.596038,79.032562,0.78520029,1.164633,83.453065,97.192195,0.76884617,1.0921452,69.743974,76.170549,0.80856642,1.0342761,65.761887,68.01595
0b_baseline_last,file,19,baseline,2198,039.Least_Flycatcher/Least_Flycatcher_0019_30358.jpg,39,38,039.Least_Flycatcher,164,163,random_resized_crop,random_resized_crop,0,"{""area_fraction"":0.577546,""aspect"":0.87989,""fallback"":false,""height"":0.810176,""left"":0.168768,""top"":0.096368,""width"":0.712865}",3.2757366,4.0824862,0.80674958,0.037789024,0.016865481,0.20488901,0.080911078,-0.16709999,-0.064045597,0.10305439,0.69224534,1.0435055,147.35875,153.76966,False,0.93805218,False,False,False,0.69224534,1.0435055,147.35875,153.76966,0.68252678,1.0415897,144.43749,150.44461,0.92034112,1.0893431,29.196072,31.804538,0.59811614,1.2648176,28.118752,35.565092,0.61373184,1.1204509,62.596038,70.135788,0.68506655,0.99219555,83.453065,82.80176,0.70541616,1.0182083,69.743974,71.01389,0.74636755,1.0257905,65.761887,67.45792
0b_baseline_last,file,19,baseline,2198,039.Least_Flycatcher/Least_Flycatcher_0019_30358.jpg,39,38,039.Least_Flycatcher,164,163,gaussian_blur,gaussian_blur,0,"{""sigma"":1.529503}",3.2757366,5.7778258,2.5020893,0.037789024,0.003095438,0.20488901,0.066254832,-0.16709999,-0.063159394,0.1039406,0.4446915,1.2795736,147.35875,188.55637,False,0.84157157,False,False,False,0.4446915,1.2795736,147.35875,188.55637,0.43448917,1.2915813,144.43749,186.55276,0.81026729,0.93898899,29.196072,27.41479,0.015974998,1.9072725,28.118752,53.630122,0.37045799,1.1949215,62.596038,74.797351,0.39341665,1.2125799,83.453065,101.19351,0.49431444,1.378903,69.743974,96.170172,0.60866377,1.2578414,65.761887,82.718023
0b_baseline_last,file,19,baseline,2198,039.Least_Flycatcher/Least_Flycatcher_0019_30358.jpg,39,38,039.Least_Flycatcher,164,163,random_erasing,random_erasing,0,"{""area_fraction"":0.059515,""erased"":true,""height"":0.202258,""left"":0.041325,""top"":0.759926,""width"":0.294253}",3.2757366,3.0786247,-0.19711185,0.037789024,0.046022512,0.20488901,0.18271731,-0.16709999,-0.1366948,0.030405194,0.98262412,0.96103063,147.35875,141.61627,False,0.99404365,True,False,False,0.98262412,0.96103063,147.35875,141.61627,0.9821983,0.96125935,144.43749,138.84189,0.99312716,0.95541579,29.196072,27.894388,0.97901628,0.97706199,28.118752,27.473764,0.98414156,0.97729343,62.596038,61.174697,0.98963403,0.95469828,83.453065,79.672498,0.97995073,0.95967738,69.743974,66.931714,0.97177462,0.95599124,65.761887,62.867789
0b_baseline_last,file,19,baseline,10347,176.Prairie_Warbler/Prairie_Warbler_0053_173290.jpg,176,175,176.Prairie_Warbler,163,162,identity,identity,0,{},0.0058589862,0.0058589862,0,0.99415815,0.99415815,0.0024012714,0.0024012714,0.99175688,0.99175688,0,1,1,0.93007693,0.93007693,False,1,True,True,True,1,1,0.93007693,0.93007693,1,1,0.91274202,0.91274202,1,1,0.17873191,0.17873191,1,1,0.16491683,0.16491683,1,1,0.30978164,0.30978164,1,1,0.51102873,0.51102873,1,1,0.45906407,0.45906407,1,1,0.48789916,0.48789916
0b_baseline_last,file,19,baseline,10347,176.Prairie_Warbler/Prairie_Warbler_0053_173290.jpg,176,175,176.Prairie_Warbler,163,162,horizontal_flip,horizontal_flip,0,"{""flipped"":true}",0.0058589862,0.012210735,0.0063517489,0.99415815,0.98786354,0.0024012714,0.0067542573,0.99175688,0.98110928,-0.010647594,0.74906951,2.8779808,0.93007693,2.6767436,False,0.97979379,True,True,True,0.74906951,2.8779808,0.93007693,2.6767436,0.74314489,2.8993137,0.91274202,2.6463254,0.97142916,2.2513621,0.17873191,0.40239025,0.63301287,3.041628,0.16491683,0.50161563,0.65270977,3.520557,0.30978164,1.0906039,0.77428026,2.963808,0.51102873,1.514591,0.74019849,3.0278648,0.45906407,1.3899839,0.79887414,2.3690102,0.48789916,1.1558381
0b_baseline_last,file,19,baseline,10347,176.Prairie_Warbler/Prairie_Warbler_0053_173290.jpg,176,175,176.Prairie_Warbler,163,162,color_jitter,color_jitter,0,"{""brightness"":1.091331,""contrast"":1.053816,""hue"":-0.046824,""saturation"":0.70254}",0.0058589862,0.047372796,0.041513809,0.99415815,0.95373178,0.0024012714,0.0088519631,0.99175688,0.94487981,-0.046877065,0.68233089,7.8253466,0.93007693,7.2781743,False,0.95192313,True,True,True,0.68233089,7.8253466,0.93007693,7.2781743,0.67465891,7.864648,0.91274202,7.1783947,0.92469106,6.7197254,0.17873191,1.2010294,0.41343614,9.7899998,0.16491683,1.6145357,0.36530681,10.661448,0.30978164,3.302721,0.74164588,8.3388258,0.51102873,4.2613795,0.72788816,6.9177271,0.45906407,3.1756799,0.82641364,6.4065646,0.48789916,3.1257575
0b_baseline_last,file,19,baseline,10347,176.Prairie_Warbler/Prairie_Warbler_0053_173290.jpg,176,175,176.Prairie_Warbler,163,162,rotation,rotation,0,"{""angle"":-0.775637}",0.0058589862,0.0043314928,-0.0015274934,0.99415815,0.99567789,0.0024012714,0.0014407397,0.99175688,0.99423715,0.0024802713,0.93534758,0.69379035,0.93007693,0.6452784,False,0.99546623,True,True,True,0.93534758,0.69379035,0.93007693,0.6452784,0.93307602,0.69224584,0.91274202,0.63184187,0.99276537,0.73292137,0.17873191,0.13099644,0.89583378,0.58894252,0.16491683,0.097126531,0.84236434,0.63493679,0.30978164,0.19669176,0.93593259,0.69017692,0.51102873,0.35270023,0.94382758,0.70325841,0.45906407,0.32284066,0.95967715,0.71730097,0.48789916,0.34997054
0b_baseline_last,file,19,baseline,10347,176.Prairie_Warbler/Prairie_Warbler_0053_173290.jpg,176,175,176.Prairie_Warbler,163,162,random_resized_crop,random_resized_crop,0,"{""area_fraction"":0.779037,""aspect"":0.84804,""fallback"":false,""height"":0.958453,""left"":0.186388,""top"":0.028726,""width"":0.812806}",0.0058589862,0.039159581,0.033300595,0.99415815,0.96159726,0.0024012714,0.023059379,0.99175688,0.93853788,-0.053218993,0.83865121,6.7397717,0.93007693,6.2685062,False,0.98104745,True,True,True,0.83865121,6.7397717,0.93007693,6.2685062,0.83348141,6.72626,0.91274202,6.1393402,0.96776027,7.0830489,0.17873191,1.2659669,0.72779627,6.5363767,0.16491683,1.0779585,0.71330655,7.2272765,0.30978164,2.2388776,0.83560598,6.895439,0.51102873,3.5237674,0.8531123,6.8312998,0.45906407,3.1360043,0.8844631,6.2388375,0.48789916,3.0439236
0b_baseline_last,file,19,baseline,10347,176.Prairie_Warbler/Prairie_Warbler_0053_173290.jpg,176,175,176.Prairie_Warbler,163,162,gaussian_blur,gaussian_blur,0,"{""sigma"":1.080015}",0.0058589862,0.013509165,0.0076501793,0.99415815,0.98658168,0.0024012714,0.0067879357,0.99175688,0.97979375,-0.01196313,0.84783831,2.6652912,0.93007693,2.4789259,False,0.98716474,True,True,True,0.84783831,2.6652912,0.93007693,2.4789259,0.84374061,2.6769232,0.91274202,2.4433403,0.97735945,2.3416268,0.17873191,0.41852345,0.69669933,3.4201001,0.16491683,0.56403205,0.69989127,3.0922741,0.30978164,0.95792974,0.86124118,2.7343165,0.51102873,1.3973143,0.86799792,2.6981775,0.45906407,1.2386363,0.91869,2.2891819,0.48789916,1.1168899
0b_baseline_last,file,19,baseline,10347,176.Prairie_Warbler/Prairie_Warbler_0053_173290.jpg,176,175,176.Prairie_Warbler,163,162,random_erasing,random_erasing,0,"{""area_fraction"":0.188545,""erased"":true,""height"":0.444159,""left"":0.083753,""top"":0.04793,""width"":0.424499}",0.0058589862,2.9620662,2.9562072,0.99415815,0.051711965,0.0024012714,0.5736931,0.99175688,-0.52198113,-1.513738,0.6183077,152.40866,0.93007693,141.75178,False,0.81220585,False,True,False,0.6183077,152.40866,0.93007693,141.75178,0.61175593,152.6797,0.91274202,139.35718,0.79878162,145.16155,0.17873191,25.945002,0.7174158,194.65767,0.16491683,32.102325,0.60812604,205.75386,0.30978164,63.738768,0.67781977,145.66574,0.51102873,74.439376,0.62556643,154.95582,0.45906407,71.134649,0.53037048,125.10769,0.48789916,61.039938
0b_baseline_last,file,19,baseline,5285,091.Mockingbird/Mockingbird_0056_81986.jpg,91,90,091.Mockingbird,76,75,identity,identity,0,{},0.95145488,0.95145488,0,0.38617879,0.38617879,0.19653416,0.19653416,0.18964463,0.18964463,0,1,1,117.59985,117.59985,False,0.99999994,True,True,True,1,1,117.59985,117.59985,1,1,116.08234,116.08234,1,1,18.831187,18.831187,1,1,27.902819,27.902819,1,1,51.47754,51.47754,1,1,58.151042,58.151042,1,1,56.491238,56.491238,1,1,58.938974,58.938974
0b_baseline_last,file,19,baseline,5285,091.Mockingbird/Mockingbird_0056_81986.jpg,91,90,091.Mockingbird,76,75,horizontal_flip,horizontal_flip,0,"{""flipped"":true}",0.95145488,1.641221,0.68976617,0.38617879,0.19374332,0.19653416,0.18316658,0.18964463,0.01057674,-0.17906789,0.63089037,1.3927279,117.59985,163.78459,False,0.95422995,False,True,False,0.63089037,1.3927279,117.59985,163.78459,0.62252612,1.3924219,116.08234,161.63559,0.94605866,1.4043096,18.831187,26.444817,0.53473174,2.2957776,27.902819,64.058667,0.71797511,1.5881212,51.47754,81.752575,0.55724879,1.2650413,58.151042,73.563471,0.58812577,1.195519,56.491238,67.53635,0.71232653,1.2428993,58.938974,73.255212
0b_baseline_last,file,19,baseline,5285,091.Mockingbird/Mockingbird_0056_81986.jpg,91,90,091.Mockingbird,76,75,color_jitter,color_jitter,0,"{""brightness"":0.919269,""contrast"":1.079295,""hue"":-0.053763,""saturation"":0.731039}",0.95145488,0.77712083,-0.17433405,0.38617879,0.45972773,0.19653416,0.22019964,0.18964463,0.23952809,0.049883455,0.79410105,0.87945273,117.59985,103.42351,False,0.96005076,True,True,True,0.79410105,0.87945273,117.59985,103.42351,0.79003711,0.87925273,116.08234,102.06572,0.94720609,0.88701911,18.831187,16.703623,0.70286089,0.90495161,27.902819,25.250701,0.72655823,0.93778608,51.47754,48.274921,0.79357636,0.88403596,58.151042,51.407612,0.80308632,0.85827648,56.491238,48.485101,0.85170975,0.84080194,58.938974,49.556003
0b_baseline_last,file,19,baseline,5285,091.Mockingbird/Mockingbird_0056_81986.jpg,91,90,091.Mockingbird,76,75,rotation,rotation,0,"{""angle"":-3.653079}",0.95145488,0.61527169,-0.33618319,0.38617879,0.54049402,0.19653416,0.097605936,0.18964463,0.44288809,0.25324345,0.73793401,0.74227087,117.59985,87.290941,False,0.97468054,True,True,True,0.73793401,0.74227087,117.59985,87.290941,0.73190465,0.74075808,116.08234,85.988935,0.95267388,0.7976327,18.831187,15.020371,0.36301615,0.6825302,27.902819,19.044516,0.69434362,0.67239502,51.47754,34.613242,0.66581595,0.77056346,58.151042,44.809068,0.77775601,0.7566159,56.491238,42.742169,0.85877555,0.75850479,58.938974,44.705494
0b_baseline_last,file,19,baseline,5285,091.Mockingbird/Mockingbird_0056_81986.jpg,91,90,091.Mockingbird,76,75,random_resized_crop,random_resized_crop,0,"{""area_fraction"":0.701249,""aspect"":0.880164,""fallback"":false,""height"":0.892594,""left"":0.010075,""top"":0.023105,""width"":0.78563}",0.95145488,1.3449212,0.39346635,0.38617879,0.26056021,0.19653416,0.051265541,0.18964463,0.20929467,0.019650038,0.66282557,1.1804741,117.59985,138.82358,False,0.95301342,True,True,True,0.66282557,1.1804741,117.59985,138.82358,0.65639928,1.1812798,116.08234,137.12573,0.91402604,1.1494418,18.831187,21.645353,0.63223009,1.2060644,27.902819,33.652595,0.64482256,1.1862135,51.47754,61.063356,0.55429757,1.1586408,58.151042,67.376168,0.66936067,1.2011736,56.491238,67.855783,0.75693438,1.1752769,58.938974,69.269613
0b_baseline_last,file,19,baseline,5285,091.Mockingbird/Mockingbird_0056_81986.jpg,91,90,091.Mockingbird,76,75,gaussian_blur,gaussian_blur,0,"{""sigma"":1.909201}",0.95145488,2.9357691,1.9843142,0.38617879,0.053089865,0.19653416,0.10927399,0.18964463,-0.056184128,-0.24582876,0.38799166,1.4236046,117.59985,167.41569,False,0.78722405,False,True,False,0.38799166,1.4236046,117.59985,167.41569,0.3778441,1.4213022,116.08234,164.9881,0.75197459,1.5084918,18.831187,28.406692,0.26798965,1.7269266,27.902819,48.18612,0.19025362,1.2453,51.47754,64.104979,0.33450823,1.4723151,58.151042,85.616659,0.43972267,1.4920254,56.491238,84.286364,0.52978604,1.3525897,58.938974,79.720247
0b_baseline_last,file,19,baseline,5285,091.Mockingbird/Mockingbird_0056_81986.jpg,91,90,091.Mockingbird,76,75,random_erasing,random_erasing,0,"{""area_fraction"":0.095725,""erased"":true,""height"":0.172436,""left"":0.152341,""top"":0.665326,""width"":0.555134}",0.95145488,1.1603891,0.20893419,0.38617879,0.31336424,0.19653416,0.31923008,0.18964463,-0.0058658421,-0.19551048,0.86530342,1.1626598,117.59985,136.72862,False,0.96476507,False,True,False,0.86530342,1.1626598,117.59985,136.72862,0.86335947,1.1643079,116.08234,135.15559,0.94506131,1.098203,18.831187,20.680467,0.88072519,1.1530144,27.902819,32.172353,0.78672715,1.1692002,51.47754,60.187552,0.89725896,1.2036833,58.151042,69.99544,0.87652768,1.1649911,56.491238,65.811792,0.87339327,1.1227391,58.938974,66.173093
0b_baseline_last,file,19,baseline,361,007.Parakeet_Auklet/Parakeet_Auklet_0025_795975.jpg,7,6,007.Parakeet_Auklet,6,5,identity,identity,0,{},0.00096572482,0.00096572482,0,0.99903476,0.99903476,0.00039898796,0.00039898796,0.99863577,0.99863577,0,1,1,0.14480422,0.14480422,False,0.99999994,True,True,True,1,1,0.14480422,0.14480422,1,1,0.14147196,0.14147196,1,1,0.030886021,0.030886021,1,1,0.030486277,0.030486277,1,1,0.066738949,0.066738949,1,1,0.07097759,0.07097759,1,1,0.062369788,0.062369788,1,1,0.075518257,0.075518257
0b_baseline_last,file,19,baseline,361,007.Parakeet_Auklet/Parakeet_Auklet_0025_795975.jpg,7,6,007.Parakeet_Auklet,6,5,horizontal_flip,horizontal_flip,0,"{""flipped"":true}",0.00096572482,0.00011526874,-0.00085045608,0.99903476,0.99988472,0.00039898796,8.6837601e-05,0.99863577,0.99979789,0.0011621126,0.66192775,0.1174997,0.14480422,0.017014452,False,0.97996533,True,True,True,0.66192775,0.1174997,0.14480422,0.017014452,0.6454308,0.11428213,0.14147196,0.016167717,0.94404371,0.17161856,0.030886021,0.0053006143,0.60916452,0.087240763,0.030486277,0.0026596461,0.67912491,0.097544167,0.066738949,0.0065099952,0.6158357,0.1130138,0.07097759,0.0080214472,0.56946036,0.12357098,0.062369788,0.0077070959,0.71553358,0.12435933,0.075518257,0.0093913995
0b_baseline_last,file,19,baseline,361,007.Parakeet_Auklet/Parakeet_Auklet_0025_795975.jpg,7,6,007.Parakeet_Auklet,6,5,color_jitter,color_jitter,0,"{""brightness"":1.211306,""contrast"":0.703078,""hue"":0.047907,""saturation"":1.275592}",0.00096572482,0.0099676717,0.0090019469,0.99903476,0.99008185,0.00039898796,0.00098682346,0.99863577,0.98909502,-0.0095407512,0.74131474,11.214559,0.14480422,1.6239155,False,0.95391476,True,True,True,0.74131474,11.214559,0.14480422,1.6239155,0.73603831,11.320734,0.14147196,1.6015665,0.91055815,8.6929034,0.030886021,0.2684892,0.60078332,9.6070272,0.030486277,0.29288249,0.75289951,12.298812,0.066738949,0.8208098,0.74848146,11.553843,0.07097759,0.82006392,0.67442003,11.225839,0.062369788,0.7001532,0.77864651,10.616505,0.075518257,0.80173998
0b_baseline_last,file,19,baseline,361,007.Parakeet_Auklet/Parakeet_Auklet_0025_795975.jpg,7,6,007.Parakeet_Auklet,6,5,rotation,rotation,0,"{""angle"":-13.764008}",0.00096572482,0.00038521021,-0.00058051461,0.99903476,0.99961483,0.00039898796,0.00018915522,0.99863577,0.99942568,0.00078990514,0.76703409,0.40658813,0.14480422,0.058875678,False,0.97643405,True,True,True,0.76703409,0.40658813,0.14480422,0.058875678,0.75624919,0.40389979,0.14147196,0.057140496,0.97201433,0.45937761,0.030886021,0.014188346,0.6529749,0.34139246,0.030486277,0.010407785,0.83550991,0.40259935,0.066738949,0.026869057,0.71723237,0.3918842,0.07097759,0.027814996,0.69087658,0.41661907,0.062369788,0.025984443,0.78958326,0.41578143,0.075518257,0.031399089
0b_baseline_last,file,19,baseline,361,007.Parakeet_Auklet/Parakeet_Auklet_0025_795975.jpg,7,6,007.Parakeet_Auklet,6,5,random_resized_crop,random_resized_crop,0,"{""area_fraction"":0.525366,""aspect"":0.987776,""fallback"":false,""height"":0.729292,""left"":0.073744,""top"":0.136048,""width"":0.720377}",0.00096572482,0.00456553,0.0035998052,0.99903476,0.99544489,0.00039898796,0.004369719,0.99863577,0.99107517,-0.0075605995,0.65839754,7.0909683,0.14480422,1.0268021,False,0.96047771,True,True,True,0.65839754,7.0909683,0.14480422,1.0268021,0.64693813,7.0750439,0.14147196,1.0009204,0.88843114,7.4171908,0.030886021,0.22908751,0.49805595,6.3502441,0.030486277,0.1935953,0.75142294,7.5785859,0.066738949,0.50578686,0.67640467,7.3088667,0.07097759,0.51876575,0.56447776,7.3979286,0.062369788,0.46140724,0.6163488,6.3024373,0.075518257,0.47594908
0b_baseline_last,file,19,baseline,361,007.Parakeet_Auklet/Parakeet_Auklet_0025_795975.jpg,7,6,007.Parakeet_Auklet,6,5,gaussian_blur,gaussian_blur,0,"{""sigma"":1.85247}",0.00096572482,1.4545339,1.4535682,0.99903476,0.23350918,0.00039898796,0.025245346,0.99863577,0.20826384,-0.79037194,0.4414262,1494.5841,0.14480422,216.42209,False,0.79491007,False,True,False,0.4414262,1494.5841,0.14480422,216.42209,0.43854906,1520.8938,0.14147196,215.16383,0.67315579,754.49393,0.030886021,23.303315,0.64409963,2203.4102,0.030486277,67.173772,0.52260099,1562.8584,0.066738949,104.30352,0.3807189,1627.143,0.07097759,115.49069,0.40794659,1648.5823,0.062369788,102.82173,0.4204592,1107.3787,0.075518257,83.627312
0b_baseline_last,file,19,baseline,361,007.Parakeet_Auklet/Parakeet_Auklet_0025_795975.jpg,7,6,007.Parakeet_Auklet,6,5,random_erasing,random_erasing,0,"{""area_fraction"":0.134297,""erased"":true,""height"":0.475152,""left"":0.690762,""top"":0.434618,""width"":0.282639}",0.00096572482,0.00097096496,5.2401447e-06,0.99903476,0.99902952,0.00039898796,0.0003256349,0.99863577,0.99870388,6.8107853e-05,0.90344336,0.95294643,0.14480422,0.13799067,False,0.98673892,True,True,True,0.90344336,0.95294643,0.14480422,0.13799067,0.89945285,0.95055277,0.14147196,0.13447657,0.98406818,1.0018489,0.030886021,0.030943125,0.86294767,0.94117049,0.030486277,0.028692784,0.92620846,0.96476648,0.066738949,0.064387501,0.89884908,0.91656443,0.07097759,0.065055535,0.85594095,0.93877292,0.062369788,0.058551068,0.91453991,0.97796731,0.075518257,0.073854387
0b_baseline_last,file,19,baseline,8848,151.Black_capped_Vireo/Black_Capped_Vireo_0012_797473.jpg,151,150,151.Black_capped_Vireo,43,42,identity,identity,0,{},0.066598289,0.066598289,0,0.93557096,0.93557096,0.01013486,0.01013486,0.9254361,0.9254361,0,1,1,14.70379,14.70379,False,1,True,True,True,1,1,14.70379,14.70379,1,1,14.553528,14.553528,1,1,2.0967243,2.0967243,1,1,5.0232434,5.0232434,1,1,7.3150895,7.3150895,1,1,7.31833,7.31833,1,1,6.5912871,6.5912871,1,1,6.0048859,6.0048859
0b_baseline_last,file,19,baseline,8848,151.Black_capped_Vireo/Black_Capped_Vireo_0012_797473.jpg,151,150,151.Black_capped_Vireo,43,42,horizontal_flip,horizontal_flip,0,"{""flipped"":true}",0.066598289,0.064779386,-0.0018189028,0.93557096,0.93727422,0.01013486,0.0032347802,0.9254361,0.93403944,0.0086033421,0.73814613,0.83647386,14.70379,12.299336,False,0.96406204,True,True,True,0.73814613,0.83647386,14.70379,12.299336,0.73314369,0.83394049,14.553528,12.136776,0.95577294,0.95056279,2.0967243,1.9930681,0.85636392,0.63250243,5.0232434,3.1772137,0.76335903,0.77702424,7.3150895,5.6840019,0.71202507,0.91136821,7.31833,6.6696933,0.67882951,0.86388846,6.5912871,5.6941368,0.7509634,0.88105437,6.0048859,5.290631
0b_baseline_last,file,19,baseline,8848,151.Black_capped_Vireo/Black_Capped_Vireo_0012_797473.jpg,151,150,151.Black_capped_Vireo,43,42,color_jitter,color_jitter,0,"{""brightness"":0.900221,""contrast"":1.364669,""hue"":0.062319,""saturation"":1.112761}",0.066598289,0.076650538,0.010052249,0.93557096,0.9262135,0.01013486,0.011523302,0.9254361,0.9146902,-0.010745894,0.79333156,1.0399701,14.70379,15.291501,False,0.94443136,True,True,True,0.79333156,1.0399701,14.70379,15.291501,0.79039175,1.0402233,14.553528,15.138919,0.9367511,1.0276948,2.0967243,2.1547925,0.90160192,0.98694044,5.0232434,4.9576421,0.75528468,0.80825725,7.3150895,5.9124742,0.78761992,1.0727074,7.31833,7.8504268,0.77729292,1.1975684,6.5912871,7.8935174,0.82097111,1.125958,6.0048859,6.7612494
0b_baseline_last,file,19,baseline,8848,151.Black_capped_Vireo/Black_Capped_Vireo_0012_797473.jpg,151,150,151.Black_capped_Vireo,43,42,rotation,rotation,0,"{""angle"":13.794358}",0.066598289,0.075623825,0.0090255365,0.93557096,0.92716491,0.01013486,0.0034007509,0.9254361,0.92376416,-0.001671934,0.76200492,1.0924478,14.70379,16.063123,False,0.96881372,True,True,True,0.76200492,1.0924478,14.70379,16.063123,0.75805421,1.0932617,14.553528,15.910815,0.96025734,1.0524915,2.0967243,2.2067844,0.88227745,1.1383217,5.0232434,5.7180672,0.72014002,1.0824372,7.3150895,7.9181247,0.72414701,1.0702647,7.31833,7.8325504,0.74640292,1.1004335,6.5912871,7.2532733,0.78724514,1.1021566,6.0048859,6.6183244
0b_baseline_last,file,19,baseline,8848,151.Black_capped_Vireo/Black_Capped_Vireo_0012_797473.jpg,151,150,151.Black_capped_Vireo,43,42,random_resized_crop,random_resized_crop,0,"{""area_fraction"":0.653357,""aspect"":1.09296,""fallback"":false,""height"":0.773167,""left"":0.125057,""top"":0.204798,""width"":0.845041}",0.066598289,1.7788625,1.7122642,0.93557096,0.1688301,0.01013486,0.14552799,0.9254361,0.023302108,-0.90213399,0.79567542,10.823697,14.70379,159.14937,False,0.92778456,True,True,True,0.79567542,10.823697,14.70379,159.14937,0.792812,10.786499,14.553528,156.98161,0.92318458,12.485255,2.0967243,26.178136,0.84453438,8.6560012,5.0232434,43.481201,0.85644115,11.546294,7.3150895,84.462172,0.785094,10.452682,7.31833,76.496178,0.73669398,10.929189,6.5912871,72.037425,0.75899058,11.267271,6.0048859,67.658678
0b_baseline_last,file,19,baseline,8848,151.Black_capped_Vireo/Black_Capped_Vireo_0012_797473.jpg,151,150,151.Black_capped_Vireo,43,42,gaussian_blur,gaussian_blur,0,"{""sigma"":1.737572}",0.066598289,0.98544145,0.91884316,0.93557096,0.37327442,0.01013486,0.025640331,0.9254361,0.34763408,-0.57780201,0.80736368,8.1461431,14.70379,119.77918,False,0.94730532,True,True,True,0.80736368,8.1461431,14.70379,119.77918,0.8046912,8.1248099,14.553528,118.24465,0.92735562,9.1149835,2.0967243,19.111607,0.86984641,8.5137565,5.0232434,42.766672,0.79151033,7.8076899,7.3150895,57.11395,0.77735146,7.9751651,7.31833,58.36489,0.80581293,8.6322216,6.5912871,56.897451,0.81850023,7.8940386,6.0048859,47.402801
0b_baseline_last,file,19,baseline,8848,151.Black_capped_Vireo/Black_Capped_Vireo_0012_797473.jpg,151,150,151.Black_capped_Vireo,43,42,random_erasing,random_erasing,0,"{""area_fraction"":0.06528,""erased"":true,""height"":0.308341,""left"":0.131498,""top"":0.569816,""width"":0.211714}",0.066598289,0.11803106,0.051432773,0.93557096,0.88866842,0.01013486,0.015023851,0.9254361,0.87364457,-0.051791528,0.9448087,1.6021541,14.70379,23.557738,False,0.98174632,True,True,True,0.9448087,1.6021541,14.70379,23.557738,0.94412576,1.5986055,14.553528,23.26535,0.97913066,1.7646905,2.0967243,3.7000695,0.97316777,1.595637,5.0232434,8.0152732,0.95422572,1.5416299,7.3150895,11.277161,0.93962396,1.5586616,7.31833,11.4068,0.93840861,1.677137,6.5912871,11.054491,0.92672831,1.6447054,6.0048859,9.8762681
0b_baseline_last,file,19,baseline,2931,051.Horned_Grebe/Horned_Grebe_0033_34736.jpg,51,50,051.Horned_Grebe,8,7,identity,identity,0,{},2.6188688,2.6188688,0,0.072885267,0.072885267,0.47649193,0.47649193,-0.40360666,-0.40360666,0,1,1,190.08568,190.08568,False,0.99999988,True,False,False,1,1,190.08568,190.08568,1,1,187.95412,187.95412,1,1,28.386825,28.386825,1,1,47.238195,47.238195,1,1,85.058522,85.058522,1,1,98.992848,98.992848,1,1,93.099566,93.099566,1,1,85.983953,85.983953
0b_baseline_last,file,19,baseline,2931,051.Horned_Grebe/Horned_Grebe_0033_34736.jpg,51,50,051.Horned_Grebe,8,7,horizontal_flip,horizontal_flip,0,"{""flipped"":true}",2.6188688,1.3945398,-1.224329,0.072885267,0.24794711,0.47649193,0.17316735,-0.40360666,0.074779764,0.47838642,0.6247387,0.6336355,190.08568,120.44503,False,0.94505042,False,False,True,0.6247387,0.6336355,190.08568,120.44503,0.61740506,0.63056161,187.95412,118.51666,0.90288911,0.7562118,28.386825,21.466452,0.59306364,0.57271807,47.238195,27.054168,0.5169447,0.56807373,85.058522,48.319512,0.62451088,0.66021335,98.992848,65.3564,0.59084683,0.65751138,93.099566,61.214025,0.74012762,0.63283848,85.983953,54.413954
0b_baseline_last,file,19,baseline,2931,051.Horned_Grebe/Horned_Grebe_0033_34736.jpg,51,50,051.Horned_Grebe,8,7,color_jitter,color_jitter,0,"{""brightness"":0.729421,""contrast"":0.604905,""hue"":-0.087535,""saturation"":0.785009}",2.6188688,2.3969405,-0.22192836,0.072885267,0.090995938,0.47649193,0.01156138,-0.40360666,0.079434558,0.48304122,0.26384536,0.9852933,190.08568,187.29014,False,0.87368882,False,False,False,0.26384536,0.9852933,190.08568,187.29014,0.25500794,0.98259929,187.95412,184.68359,0.61246053,1.0969146,28.386825,31.137922,0.20283151,0.90685667,47.238195,42.838272,0.045642045,1.0253625,85.058522,87.215822,0.27695338,1.0118187,98.992848,100.16281,0.34782782,0.885424,93.099566,82.43259,0.35300615,1.0296783,85.983953,88.535811
0b_baseline_last,file,19,baseline,2931,051.Horned_Grebe/Horned_Grebe_0033_34736.jpg,51,50,051.Horned_Grebe,8,7,rotation,rotation,0,"{""angle"":-11.334958}",2.6188688,3.6004863,0.98161745,0.072885267,0.02731044,0.47649193,0.47807783,-0.40360666,-0.45076739,-0.047160728,0.75191211,0.86410031,190.08568,164.25309,False,0.93990439,True,False,False,0.75191211,0.86410031,190.08568,164.25309,0.74730093,0.8603744,187.95412,161.71092,0.93333728,1.014077,28.386825,28.786426,0.78303851,0.88409259,47.238195,41.762938,0.72559668,0.84957244,85.058522,72.263376,0.70926776,0.8372773,98.992848,82.884464,0.74863135,0.86826068,93.099566,80.834693,0.80393001,0.88420713,85.983953,76.027624
0b_baseline_last,file,19,baseline,2931,051.Horned_Grebe/Horned_Grebe_0033_34736.jpg,51,50,051.Horned_Grebe,8,7,random_resized_crop,random_resized_crop,0,"{""area_fraction"":0.684846,""aspect"":1.24809,""fallback"":false,""height"":0.740753,""left"":0.073038,""top"":0.224356,""width"":0.924527}",2.6188688,1.3564403,-1.2624285,0.072885267,0.25757605,0.47649193,0.19841561,-0.40360666,0.059160441,0.4627671,0.55157271,0.66046204,190.08568,125.54437,False,0.94102502,False,False,False,0.55157271,0.66046204,190.08568,125.54437,0.54286182,0.65618267,187.95412,123.33224,0.86908047,0.82657279,28.386825,23.463777,0.47428578,0.73333799,47.238195,34.641563,0.40331411,0.57230443,85.058522,48.679369,0.52664551,0.65124988,98.992848,64.46908,0.59576259,0.64975693,93.099566,60.492088,0.64338225,0.71933387,85.983953,61.851169
0b_baseline_last,file,19,baseline,2931,051.Horned_Grebe/Horned_Grebe_0033_34736.jpg,51,50,051.Horned_Grebe,8,7,gaussian_blur,gaussian_blur,0,"{""sigma"":1.729686}",2.6188688,7.2316213,4.6127524,0.072885267,0.00072334718,0.47649193,0.37403011,-0.40360666,-0.37330677,0.030299895,0.5016481,0.91039224,190.08568,173.05253,False,0.84608859,True,False,False,0.5016481,0.91039224,190.08568,173.05253,0.49322097,0.90409552,187.95412,169.92848,0.80580007,1.1531262,28.386825,32.733591,0.37557217,0.67509301,47.238195,31.890175,0.36972901,0.91772022,85.058522,78.059926,0.4943519,0.85931806,98.992848,85.066342,0.52584728,0.88990476,93.099566,82.849747,0.59954294,1.0182124,85.983953,87.54993
0b_baseline_last,file,19,baseline,2931,051.Horned_Grebe/Horned_Grebe_0033_34736.jpg,51,50,051.Horned_Grebe,8,7,random_erasing,random_erasing,0,"{""area_fraction"":0.055,""erased"":true,""height"":0.350191,""left"":0.088073,""top"":0.532218,""width"":0.157056}",2.6188688,3.7372601,1.1183913,0.072885267,0.023819277,0.47649193,0.41853362,-0.40360666,-0.39471435,0.0088923145,0.91261735,0.95038922,190.08568,180.65538,False,0.97510368,False,False,False,0.91261735,0.95038922,190.08568,180.65538,0.91137368,0.94752458,187.95412,178.09115,0.96739455,1.0684525,28.386825,30.329974,0.9136301,0.81095514,47.238195,38.308057,0.92079246,0.91447565,85.058522,77.783947,0.90713066,0.93507975,98.992848,92.566208,0.90850918,0.98946953,93.099566,92.119185,0.91597002,0.98301067,85.983953,84.523143
0b_baseline_last,file,19,baseline,2071,037.Acadian_Flycatcher/Acadian_Flycatcher_0054_29113.jpg,37,36,037.Acadian_Flycatcher,43,42,identity,identity,0,{},5.8070269,5.8070269,0,0.0030063551,0.0030063551,0.79693234,0.79693234,-0.79392598,-0.79392598,0,1,1,116.74227,116.74227,False,1.0000001,True,False,False,1,1,116.74227,116.74227,1,1,111.4038,111.4038,1,1,34.899158,34.899158,1,1,25.477968,25.477968,1,1,46.056517,46.056517,1,1,59.910626,59.910626,1,1,52.547927,52.547927,1,1,57.357731,57.357731
0b_baseline_last,file,19,baseline,2071,037.Acadian_Flycatcher/Acadian_Flycatcher_0054_29113.jpg,37,36,037.Acadian_Flycatcher,43,42,horizontal_flip,horizontal_flip,0,"{""flipped"":true}",5.8070269,5.8533974,0.046370506,0.0030063551,0.0028701313,0.79693234,0.96605718,-0.79392598,-0.96318705,-0.16926107,0.69484856,1.1012192,116.74227,128.55883,False,0.96789968,True,False,False,0.69484856,1.1012192,116.74227,128.55883,0.66664649,1.0917314,111.4038,121.62302,0.96019557,1.193607,34.899158,41.655879,0.65405832,1.1226607,25.477968,28.603112,0.5883854,1.0139831,46.056517,46.700531,0.66622218,0.99805338,59.910626,59.794003,0.6123566,1.1592021,52.547927,60.913666,0.76444136,1.1704842,57.357731,67.136316
0b_baseline_last,file,19,baseline,2071,037.Acadian_Flycatcher/Acadian_Flycatcher_0054_29113.jpg,37,36,037.Acadian_Flycatcher,43,42,color_jitter,color_jitter,0,"{""brightness"":1.378881,""contrast"":0.974926,""hue"":-0.008765,""saturation"":1.246512}",5.8070269,5.9552011,0.14817429,0.0030063551,0.002592322,0.79693234,0.82641572,-0.79392598,-0.8238234,-0.029897411,0.84179006,0.99995797,116.74227,116.73736,False,0.968301,True,False,False,0.84179006,0.99995797,116.74227,116.73736,0.83025094,1.0040583,111.4038,111.85591,0.96601201,0.95717552,34.899158,33.40462,0.78974382,1.1782943,25.477968,30.020543,0.8026892,0.95944849,46.056517,44.188855,0.83856239,0.95210478,59.910626,57.041193,0.82050216,1.0432057,52.547927,54.818296,0.86093563,1.0164612,57.357731,58.301908
0b_baseline_last,file,19,baseline,2071,037.Acadian_Flycatcher/Acadian_Flycatcher_0054_29113.jpg,37,36,037.Acadian_Flycatcher,43,42,rotation,rotation,0,"{""angle"":-13.551335}",5.8070269,5.1535053,-0.65352154,0.0030063551,0.0057791127,0.79693234,0.92353666,-0.79392598,-0.91775755,-0.12383156,0.77226813,1.1419461,116.74227,133.31338,False,0.96242201,True,False,False,0.77226813,1.1419461,116.74227,133.31338,0.75399131,1.1415485,111.4038,127.17284,0.95779067,1.14599,34.899158,39.994085,0.78759269,0.98150865,25.477968,25.006846,0.70761056,1.117703,46.056517,51.477507,0.77401098,1.0919298,59.910626,65.418199,0.73486827,1.2158431,52.547927,63.890036,0.77710625,1.1742296,57.357731,67.351146
0b_baseline_last,file,19,baseline,2071,037.Acadian_Flycatcher/Acadian_Flycatcher_0054_29113.jpg,37,36,037.Acadian_Flycatcher,43,42,random_resized_crop,random_resized_crop,0,"{""area_fraction"":0.538229,""aspect"":0.778934,""fallback"":false,""height"":0.831253,""left"":0.276755,""top"":0.029652,""width"":0.647491}",5.8070269,6.4910765,0.68404961,0.0030063551,0.0015169153,0.79693234,0.98788142,-0.79392598,-0.98636451,-0.19243852,0.6414684,1.3328982,116.74227,155.60556,False,0.92960799,True,False,False,0.6414684,1.3328982,116.74227,155.60556,0.61784221,1.3465949,111.4038,150.01579,0.92007391,1.1843336,34.899158,41.332245,0.25763166,1.3899769,25.477968,35.413787,0.58112037,1.3396773,46.056517,61.700871,0.61375748,1.3511779,59.910626,80.949913,0.62737681,1.3820852,52.547927,72.625713,0.71441425,1.3065622,57.357731,74.941443
0b_baseline_last,file,19,baseline,2071,037.Acadian_Flycatcher/Acadian_Flycatcher_0054_29113.jpg,37,36,037.Acadian_Flycatcher,43,42,gaussian_blur,gaussian_blur,0,"{""sigma"":1.099726}",5.8070269,5.6470361,-0.15999079,0.0030063551,0.0035279584,0.79693234,0.95111287,-0.79392598,-0.94758491,-0.15365892,0.78094375,1.06608,116.74227,124.4566,False,0.95524561,True,False,False,0.78094375,1.06608,116.74227,124.4566,0.76451645,1.0661047,111.4038,118.76811,0.94837977,1.065828,34.899158,37.196501,0.73843594,0.95066433,25.477968,24.220995,0.72343349,1.0134431,46.056517,46.675661,0.76268091,1.0347175,59.910626,61.990575,0.74769031,1.1412898,52.547927,59.972412,0.81390808,1.0889298,57.357731,62.458542
0b_baseline_last,file,19,baseline,2071,037.Acadian_Flycatcher/Acadian_Flycatcher_0054_29113.jpg,37,36,037.Acadian_Flycatcher,43,42,random_erasing,random_erasing,0,"{""area_fraction"":0.11551,""erased"":true,""height"":0.239431,""left"":0.229723,""top"":0.359392,""width"":0.482437}",5.8070269,2.8896754,-2.9173515,0.0030063551,0.055594262,0.79693234,0.90036857,-0.79392598,-0.84477431,-0.050848325,0.64165849,1.3130686,116.74227,153.29062,False,0.88676751,True,False,False,0.64165849,1.3130686,116.74227,153.29062,0.62320633,1.3320751,111.4038,148.39822,0.87999285,1.1008428,34.899158,38.418485,0.64882648,1.4090083,25.477968,35.898668,0.65076274,1.3673395,46.056517,62.974897,0.64400375,1.3505703,59.910626,80.913513,0.59743804,1.3503237,52.547927,70.95671,0.59861775,1.255477,57.357731,72.011314
0b_baseline_last,file,19,baseline,662,013.Bobolink/Bobolink_0104_10273.jpg,13,12,013.Bobolink,108,107,identity,identity,0,{},0.0027751527,0.0027751527,0,0.99722868,0.99722868,0.00043318834,0.00043318834,0.99679549,0.99679549,0,1,1,0.43537585,0.43537585,False,1,True,True,True,1,1,0.43537585,0.43537585,1,1,0.42800264,0.42800264,1,1,0.07978641,0.07978641,1,1,0.081740141,0.081740141,1,1,0.19482209,0.19482209,1,1,0.22979353,0.22979353,1,1,0.20506575,0.20506575,1,1,0.20902663,0.20902663
0b_baseline_last,file,19,baseline,662,013.Bobolink/Bobolink_0104_10273.jpg,13,12,013.Bobolink,108,107,horizontal_flip,horizontal_flip,0,"{""flipped"":true}",0.0027751527,0.0008775912,-0.0018975615,0.99722868,0.9991228,0.00043318834,0.00023983255,0.99679549,0.99888297,0.0020874722,0.61679041,0.33496105,0.43537585,0.14583395,False,0.97867531,True,True,True,0.61679041,0.33496105,0.43537585,0.14583395,0.60355586,0.33395578,0.42800264,0.14293396,0.96947922,0.36269734,0.07978641,0.028938319,0.45956921,0.35198936,0.081740141,0.02877166,0.51475661,0.33591301,0.19482209,0.065443276,0.59707009,0.32145183,0.22979353,0.073867551,0.55531296,0.34785886,0.20506575,0.071333939,0.76307231,0.33057051,0.20902663,0.069098038
0b_baseline_last,file,19,baseline,662,013.Bobolink/Bobolink_0104_10273.jpg,13,12,013.Bobolink,108,107,color_jitter,color_jitter,0,"{""brightness"":1.297703,""contrast"":0.940069,""hue"":-0.023862,""saturation"":1.182763}",0.0027751527,0.0049799453,0.0022047926,0.99722868,0.99503243,0.00043318834,0.0018555131,0.99679549,0.99317692,-0.0036185771,0.73627879,1.902662,0.43537585,0.82837308,False,0.96347713,True,True,True,0.73627879,1.902662,0.43537585,0.82837308,0.72910404,1.9010647,0.42800264,0.81366072,0.93797258,1.9480643,0.07978641,0.15542905,0.57133414,2.3406298,0.081740141,0.19132341,0.71954426,1.7224348,0.19482209,0.33556836,0.73131434,1.9817238,0.22979353,0.45538731,0.71271854,2.0024611,0.20506575,0.4106362,0.79395085,1.7696782,0.20902663,0.36990986
0b_baseline_last,file,19,baseline,662,013.Bobolink/Bobolink_0104_10273.jpg,13,12,013.Bobolink,108,107,rotation,rotation,0,"{""angle"":-4.302917}",0.0027751527,0.0063124322,0.0035372796,0.99722868,0.99370748,0.00043318834,0.0012506015,0.99679549,0.99245688,-0.0043386171,0.79743756,2.3675049,0.43537585,1.0307544,False,0.9776631,True,True,True,0.79743756,2.3675049,0.43537585,1.0307544,0.79154688,2.3705192,0.42800264,1.0145885,0.97435008,2.2790554,0.07978641,0.18183765,0.71240645,3.3047704,0.081740141,0.2701324,0.78029007,2.284093,0.19482209,0.44499178,0.75775227,2.3482005,0.22979353,0.53960128,0.79488166,2.3252891,0.20506575,0.47683717,0.86610848,2.3430142,0.20902663,0.48975235
0b_baseline_last,file,19,baseline,662,013.Bobolink/Bobolink_0104_10273.jpg,13,12,013.Bobolink,108,107,random_resized_crop,random_resized_crop,0,"{""area_fraction"":0.834053,""aspect"":0.847023,""fallback"":false,""height"":0.992314,""left"":0.141082,""top"":0.006746,""width"":0.840513}",0.0027751527,0.0044220518,0.0016468992,0.99722868,0.99558771,0.00043318834,0.00035756861,0.99679549,0.99523014,-0.0015653557,0.77497979,1.6790838,0.43537585,0.73103252,False,0.97564501,True,True,True,0.77497979,1.6790838,0.43537585,0.73103252,0.76867414,1.6816816,0.42800264,0.71976415,0.9662678,1.6025256,0.07978641,0.12785976,0.6284395,2.0446338,0.081740141,0.16712866,0.79671849,1.6339618,0.19482209,0.31833186,0.76043013,1.5915728,0.22979353,0.36573314,0.73454816,1.7230291,0.20506575,0.35333426,0.81769446,1.7261675,0.20902663,0.36081496
0b_baseline_last,file,19,baseline,662,013.Bobolink/Bobolink_0104_10273.jpg,13,12,013.Bobolink,108,107,gaussian_blur,gaussian_blur,0,"{""sigma"":1.861875}",0.0027751527,0.18186373,0.17908857,0.99722868,0.83371496,0.00043318834,0.0092366245,0.99679549,0.82447834,-0.17231716,0.41597426,70.274172,0.43537585,30.595677,False,0.83216286,True,True,True,0.41597426,70.274172,0.43537585,30.595677,0.40521368,70.675209,0.42800264,30.249176,0.80481939,57.548703,0.07978641,4.5916044,0.2198727,82.028522,0.081740141,6.705023,0.32405337,69.791727,0.19482209,13.59697,0.36933534,72.45421,0.22979353,16.649509,0.41751016,75.400666,0.20506575,15.462094,0.56336913,62.173748,0.20902663,12.995969
0b_baseline_last,file,19,baseline,662,013.Bobolink/Bobolink_0104_10273.jpg,13,12,013.Bobolink,108,107,random_erasing,random_erasing,0,"{""area_fraction"":0.163423,""erased"":true,""height"":0.4057,""left"":0.253315,""top"":0.429117,""width"":0.402818}",0.0027751527,0.1468285,0.14405335,0.99722868,0.86344206,0.00043318834,0.010302898,0.99679549,0.85313916,-0.14365633,0.55469525,46.920224,0.43537585,20.427933,False,0.87465096,True,True,True,0.55469525,46.920224,0.43537585,20.427933,0.54441765,46.961243,0.42800264,20.099536,0.85864021,45.724084,0.07978641,3.6481605,0.49932218,43.498894,0.081740141,3.5556058,0.48438793,49.840576,0.19482209,9.7100453,0.55012757,44.782472,0.22979353,10.290722,0.53282529,47.730215,0.20506575,9.7878325,0.61316622,46.718541,0.20902663,9.7654191
0b_baseline_last,file,19,baseline,3271,057.Rose_breasted_Grosbeak/Rose_Breasted_Grosbeak_0012_39149.jpg,57,56,057.Rose_breasted_Grosbeak,192,191,identity,identity,0,{},0.012782661,0.012782661,0,0.98729867,0.98729867,0.0016196034,0.0016196034,0.98567906,0.98567906,0,1,1,2.0316114,2.0316114,False,1,True,True,True,1,1,2.0316114,2.0316114,1,1,2.0077345,2.0077345,1,1,0.31055981,0.31055981,1,1,0.37666876,0.37666876,1,1,0.68280319,0.68280319,1,1,0.84749312,0.84749312,1,1,1.0272653,1.0272653,1,1,1.2842817,1.2842817
0b_baseline_last,file,19,baseline,3271,057.Rose_breasted_Grosbeak/Rose_Breasted_Grosbeak_0012_39149.jpg,57,56,057.Rose_breasted_Grosbeak,192,191,horizontal_flip,horizontal_flip,0,"{""flipped"":true}",0.012782661,0.018256836,0.0054741744,0.98729867,0.9819088,0.0016196034,0.0029381241,0.98567906,0.97897067,-0.00670839,0.6338475,1.3055988,2.0316114,2.6524695,False,0.97205138,True,True,True,0.6338475,1.3055988,2.0316114,2.6524695,0.6247714,1.3006887,2.0077345,2.6114376,0.96962559,1.4964751,0.31055981,0.46474504,0.37986493,1.19609,0.37666876,0.45052972,0.4862777,1.2263206,0.68280319,0.83733563,0.5069352,1.2793753,0.84749312,1.0842618,0.53423122,1.340426,1.0272653,1.3769731,0.79035941,1.3130787,1.2842817,1.6863629
0b_baseline_last,file,19,baseline,3271,057.Rose_breasted_Grosbeak/Rose_Breasted_Grosbeak_0012_39149.jpg,57,56,057.Rose_breasted_Grosbeak,192,191,color_jitter,color_jitter,0,"{""brightness"":1.082803,""contrast"":0.996411,""hue"":-0.03532,""saturation"":0.835634}",0.012782661,0.0063397959,-0.0064428654,0.98729867,0.99368024,0.0016196034,0.0017521208,0.98567906,0.99192812,0.0062490539,0.86735818,0.50999873,2.0316114,1.0361193,False,0.98038805,True,True,True,0.86735818,0.50999873,2.0316114,1.0361193,0.86480995,0.5088506,2.0077345,1.0216369,0.9681554,0.55586809,0.31055981,0.17263029,0.69595558,0.48389872,0.37666876,0.18226953,0.7885653,0.50646491,0.68280319,0.34581585,0.81609558,0.52727274,0.84749312,0.44686002,0.85749795,0.51613096,1.0272653,0.53020342,0.92864761,0.49865629,1.2842817,0.64041515
0b_baseline_last,file,19,baseline,3271,057.Rose_breasted_Grosbeak/Rose_Breasted_Grosbeak_0012_39149.jpg,57,56,057.Rose_breasted_Grosbeak,192,191,rotation,rotation,0,"{""angle"":5.135754}",0.012782661,0.027586522,0.01480386,0.98729867,0.97279054,0.0016196034,0.0040342929,0.98567906,0.96875625,-0.016922818,0.85945508,2.0881,2.0316114,4.2422078,False,0.98469877,True,True,True,0.85945508,2.0881,2.0316114,4.2422078,0.85641574,2.086978,2.0077345,4.1900977,0.98387005,2.1344644,0.31055981,0.66287886,0.77668376,2.4588305,0.37666876,0.92616464,0.75946305,1.9612305,0.68280319,1.3391344,0.81972829,2.1388452,0.84749312,1.8126566,0.83639966,2.0673391,1.0272653,2.1237057,0.92140338,2.0762264,1.2842817,2.6664596
0b_baseline_last,file,19,baseline,3271,057.Rose_breasted_Grosbeak/Rose_Breasted_Grosbeak_0012_39149.jpg,57,56,057.Rose_breasted_Grosbeak,192,191,random_resized_crop,random_resized_crop,0,"{""area_fraction"":0.772684,""aspect"":0.814334,""fallback"":false,""height"":0.974092,""left"":0.038485,""top"":0.018829,""width"":0.793236}",0.012782661,0.008482853,-0.0042998083,0.98729867,0.99155301,0.0016196034,0.00056402717,0.98567906,0.99098898,0.0053099173,0.78708768,0.73125337,2.0316114,1.4856227,False,0.97889102,True,True,True,0.78708768,0.73125337,2.0316114,1.4856227,0.78277838,0.73123477,2.0077345,1.4681252,0.9669988,0.73203025,0.31055981,0.22733918,0.53984961,0.7133393,0.37666876,0.26869263,0.65485722,0.76064729,0.68280319,0.51937239,0.73743112,0.78810103,0.84749312,0.6679102,0.75685092,0.71928189,1.0272653,0.73889333,0.88367655,0.70568683,1.2842817,0.90630069
0b_baseline_last,file,19,baseline,3271,057.Rose_breasted_Grosbeak/Rose_Breasted_Grosbeak_0012_39149.jpg,57,56,057.Rose_breasted_Grosbeak,192,191,gaussian_blur,gaussian_blur,0,"{""sigma"":1.563467}",0.012782661,0.090240188,0.077457527,0.98729867,0.91371167,0.0016196034,0.01885552,0.98567906,0.89485615,-0.090822917,0.59114655,7.2478402,2.0316114,14.724795,False,0.9066906,True,True,True,0.59114655,7.2478402,2.0316114,14.724795,0.58266274,7.2131975,2.0077345,14.482185,0.89811297,8.5714102,0.31055981,2.6619355,0.52230566,9.4532071,0.37666876,3.5607278,0.43614577,8.1880229,0.68280319,5.5908082,0.49743362,8.0642793,0.84749312,6.8344212,0.56494451,7.6869078,1.0272653,7.8964936,0.73524303,5.8649027,1.2842817,7.5321873
0b_baseline_last,file,19,baseline,3271,057.Rose_breasted_Grosbeak/Rose_Breasted_Grosbeak_0012_39149.jpg,57,56,057.Rose_breasted_Grosbeak,192,191,random_erasing,random_erasing,0,"{""area_fraction"":0.161053,""erased"":true,""height"":0.251683,""left"":0.123222,""top"":0.665813,""width"":0.639902}",0.012782661,0.0073001306,-0.0054825307,0.98729867,0.99272645,0.0016196034,0.00099049031,0.98567906,0.99173595,0.0060568908,0.9252231,0.59048517,2.0316114,1.1996364,False,0.98870289,True,True,True,0.9252231,0.59048517,2.0316114,1.1996364,0.92370066,0.59015511,2.0077345,1.1848748,0.98762949,0.60411852,0.31055981,0.18761493,0.92374137,0.61032734,0.37666876,0.22989124,0.87926015,0.62084473,0.68280319,0.42391476,0.9003283,0.60030664,0.84749312,0.50875575,0.92048183,0.58619545,1.0272653,0.60217824,0.95057792,0.57741866,1.2842817,0.74156823
0b_baseline_last,file,19,baseline,11283,192.Downy_Woodpecker/Downy_Woodpecker_0041_184528.jpg,192,191,192.Downy_Woodpecker,57,56,identity,identity,0,{},0.0050473176,0.0050473176,0,0.99496537,0.99496537,0.00058658217,0.00058658217,0.99437879,0.99437879,0,1,1,0.76327601,0.76327601,False,1,True,True,True,1,1,0.76327601,0.76327601,1,1,0.75292823,0.75292823,1,1,0.12525714,0.12525714,1,1,0.15064247,0.15064247,1,1,0.30988991,0.30988991,1,1,0.40710231,0.40710231,1,1,0.35494321,0.35494321,1,1,0.39554904,0.39554904
0b_baseline_last,file,19,baseline,11283,192.Downy_Woodpecker/Downy_Woodpecker_0041_184528.jpg,192,191,192.Downy_Woodpecker,57,56,horizontal_flip,horizontal_flip,0,"{""flipped"":true}",0.0050473176,0.010251014,0.0052036969,0.99496537,0.98980135,0.00058658217,0.001028963,0.99437879,0.98877238,-0.0056064081,0.64633802,1.792519,0.76327601,1.3681868,False,0.97322166,True,True,True,0.64633802,1.792519,0.76327601,1.3681868,0.63630569,1.7850549,0.75292823,1.3440182,0.96866567,2.0440152,0.12525714,0.25602749,0.43473547,1.597636,0.15064247,0.24067183,0.58120169,1.5783888,0.30988991,0.48912676,0.62366486,1.6907795,0.40710231,0.68832023,0.58036475,1.8432661,0.35494321,0.65425479,0.74777275,1.9702938,0.39554904,0.7793478
0b_baseline_last,file,19,baseline,11283,192.Downy_Woodpecker/Downy_Woodpecker_0041_184528.jpg,192,191,192.Downy_Woodpecker,57,56,color_jitter,color_jitter,0,"{""brightness"":1.210089,""contrast"":1.194211,""hue"":0.081648,""saturation"":0.715344}",0.0050473176,0.15137641,0.14632909,0.99496537,0.85952413,0.00058658217,0.0015581279,0.99437879,0.857966,-0.13641279,0.75257873,31.202414,0.76327601,23.816054,False,0.89301562,True,True,True,0.75257873,31.202414,0.76327601,23.816054,0.75030369,31.364164,0.75292823,23.614965,0.87857057,24.656059,0.12525714,3.0883473,0.50097047,35.795515,0.15064247,5.3923246,0.73807475,30.056765,0.30988991,9.3142884,0.80951917,30.973151,0.40710231,12.609241,0.72806355,35.204967,0.35494321,12.495764,0.76785785,28.456515,0.39554904,11.255947
0b_baseline_last,file,19,baseline,11283,192.Downy_Woodpecker/Downy_Woodpecker_0041_184528.jpg,192,191,192.Downy_Woodpecker,57,56,rotation,rotation,0,"{""angle"":0.257276}",0.0050473176,0.0023901486,-0.002657169,0.99496537,0.99761271,0.00058658217,0.00024386669,0.99437879,0.99736885,0.0029900558,0.95365147,0.4789622,0.76327601,0.36558036,False,0.9961592,True,True,True,0.95365147,0.4789622,0.76327601,0.36558036,0.95246102,0.47850788,0.75292823,0.36028209,0.99576292,0.49509849,0.12525714,0.062014619,0.92906537,0.45756597,0.15064247,0.068928865,0.92981891,0.4633866,0.30988991,0.14359883,0.95502227,0.48496917,0.40710231,0.19743207,0.94881722,0.47136974,0.35494321,0.16730949,0.96975833,0.48930604,0.39554904,0.19354453
0b_baseline_last,file,19,baseline,11283,192.Downy_Woodpecker/Downy_Woodpecker_0041_184528.jpg,192,191,192.Downy_Woodpecker,57,56,random_resized_crop,random_resized_crop,0,"{""area_fraction"":0.882293,""aspect"":1.101069,""fallback"":false,""height"":0.895157,""left"":0.012921,""top"":0.009798,""width"":0.98563}",0.0050473176,0.0031386183,-0.0019086993,0.99496537,0.99686629,0.00058658217,0.00038675373,0.99437879,0.99647953,0.0021007398,0.84170119,0.61984002,0.76327601,0.47310902,False,0.98926592,True,True,True,0.84170119,0.61984002,0.76327601,0.47310902,0.83756707,0.61950049,0.75292823,0.4664394,0.98829037,0.63198604,0.12525714,0.079160761,0.69908688,0.59629362,0.15064247,0.089827141,0.83407305,0.61242831,0.30988991,0.18978535,0.8214171,0.61213238,0.40710231,0.2492005,0.81560748,0.63189426,0.35494321,0.22428657,0.89382782,0.62477575,0.39554904,0.24712944
0b_baseline_last,file,19,baseline,11283,192.Downy_Woodpecker/Downy_Woodpecker_0041_184528.jpg,192,191,192.Downy_Woodpecker,57,56,gaussian_blur,gaussian_blur,0,"{""sigma"":1.741237}",0.0050473176,0.0099183349,0.0048710173,0.99496537,0.99013066,0.00058658217,0.00044914649,0.99437879,0.98968152,-0.0046972759,0.51722456,2.2408212,0.76327601,1.7103651,False,0.93575871,True,True,True,0.51722456,2.2408212,0.76327601,1.7103651,0.50734081,2.2477237,0.75292823,1.6923746,0.92782609,1.9752981,0.12525714,0.24742018,0.028212368,3.4660993,0.15064247,0.52214175,0.33339892,2.1705997,0.30988991,0.67264695,0.54399851,2.3512581,0.40710231,0.95720259,0.52850239,2.3402288,0.35494321,0.83064829,0.71676158,1.8454193,0.39554904,0.72995381
0b_baseline_last,file,19,baseline,11283,192.Downy_Woodpecker/Downy_Woodpecker_0041_184528.jpg,192,191,192.Downy_Woodpecker,57,56,random_erasing,random_erasing,0,"{""area_fraction"":0.167944,""erased"":true,""height"":0.519787,""left"":0.648056,""top"":0.395558,""width"":0.323102}",0.0050473176,0.02910533,0.024058012,0.99496537,0.97131413,0.00058658217,0.0025434161,0.99437879,0.96877072,-0.025608076,0.87310252,5.6398212,0.76327601,4.3047402,False,0.9717052,True,True,True,0.87310252,5.6398212,0.76327601,4.3047402,0.87063141,5.6472565,0.75292823,4.2519788,0.9682259,5.3642535,0.12525714,0.67191103,0.71503182,5.4555848,0.15064247,0.82184275,0.87760246,5.2060567,0.30988991,1.6133044,0.89649368,5.9503954,0.40710231,2.4224197,0.84558206,5.9096141,0.35494321,2.0975774,0.88620474,5.3827235,0.39554904,2.1291311
0b_baseline_last,file,19,baseline,9371,160.Black_throated_Blue_Warbler/Black_Throated_Blue_Warbler_0133_161539.jpg,160,159,160.Black_throated_Blue_Warbler,183,182,identity,identity,0,{},3.21141,3.21141,0,0.040299751,0.040299751,0.12294678,0.12294678,-0.082647033,-0.082647033,0,1,1,149.62385,149.62385,False,1,True,False,False,1,1,149.62385,149.62385,1,1,148.00364,148.00364,1,1,21.959538,21.959538,1,1,42.417505,42.417505,1,1,76.556818,76.556818,1,1,71.636941,71.636941,1,1,67.809341,67.809341,1,1,67.193207,67.193207
0b_baseline_last,file,19,baseline,9371,160.Black_throated_Blue_Warbler/Black_Throated_Blue_Warbler_0133_161539.jpg,160,159,160.Black_throated_Blue_Warbler,183,182,horizontal_flip,horizontal_flip,0,"{""flipped"":true}",3.21141,3.9529402,0.74153018,0.040299751,0.019198172,0.12294678,0.016738964,-0.082647033,0.0024592075,0.085106241,0.53449074,1.3107709,149.62385,196.1226,False,0.90335095,False,False,False,0.53449074,1.3107709,149.62385,196.1226,0.52818688,1.3093296,148.00364,193.78554,0.80785764,1.3746516,21.959538,30.186714,0.5940525,1.169337,42.417505,49.600357,0.54918859,1.3568479,76.556818,103.87596,0.49358431,1.4092727,71.636941,100.95598,0.49732825,1.2948221,67.809341,87.801037,0.55823034,1.1907168,67.193207,80.008078
0b_baseline_last,file,19,baseline,9371,160.Black_throated_Blue_Warbler/Black_Throated_Blue_Warbler_0133_161539.jpg,160,159,160.Black_throated_Blue_Warbler,183,182,color_jitter,color_jitter,0,"{""brightness"":0.894678,""contrast"":1.325492,""hue"":-0.018487,""saturation"":0.98298}",3.21141,4.2687163,1.0573063,0.040299751,0.013999742,0.12294678,0.31538695,-0.082647033,-0.30138721,-0.21874018,0.87190826,0.98074076,149.62385,146.74221,False,0.97363806,True,False,False,0.87190826,0.98074076,149.62385,146.74221,0.86995834,0.97787639,148.00364,144.72926,0.95661098,1.1030404,21.959538,24.222259,0.8540362,0.96402846,42.417505,40.891682,0.87960052,0.89005549,76.556818,68.139816,0.85034884,0.95975717,71.636941,68.754067,0.87247538,0.99401078,67.809341,67.403216,0.89212282,1.0896844,67.193207,73.219392
0b_baseline_last,file,19,baseline,9371,160.Black_throated_Blue_Warbler/Black_Throated_Blue_Warbler_0133_161539.jpg,160,159,160.Black_throated_Blue_Warbler,183,182,rotation,rotation,0,"{""angle"":-1.11968}",3.21141,2.7338934,-0.47751665,0.040299751,0.064965859,0.12294678,0.092656381,-0.082647033,-0.027690522,0.054956511,0.88519337,1.1098258,149.62385,166.05641,False,0.9750154,True,False,False,0.88519337,1.1098258,149.62385,166.05641,0.8835822,1.1121843,148.00364,164.60733,0.9720617,0.99681902,21.959538,21.889685,0.89362467,1.0886987,42.417505,46.179881,0.89983551,1.0423984,76.556818,79.802707,0.86596659,1.2546437,71.636941,89.878839,0.88420294,1.1275139,67.809341,76.455977,0.89686004,1.0171151,67.193207,68.343224
0b_baseline_last,file,19,baseline,9371,160.Black_throated_Blue_Warbler/Black_Throated_Blue_Warbler_0133_161539.jpg,160,159,160.Black_throated_Blue_Warbler,183,182,random_resized_crop,random_resized_crop,0,"{""area_fraction"":0.660576,""aspect"":1.035726,""fallback"":false,""height"":0.798618,""left"":0.006191,""top"":0.166462,""width"":0.827149}",3.21141,3.2695861,0.058176041,0.040299751,0.038022164,0.12294678,0.030536046,-0.082647033,0.007486118,0.090133151,0.77004182,1.1500204,149.62385,172.07049,False,0.92250228,False,False,False,0.77004182,1.1500204,149.62385,172.07049,0.76723941,1.1521985,148.00364,170.52957,0.91373614,1.0463101,21.959538,22.976486,0.87514525,1.4486496,42.417505,61.448102,0.82641551,1.152571,76.556818,88.23717,0.72616197,1.2584498,71.636941,90.151494,0.7438645,1.0530499,67.809341,71.406621,0.72899286,0.9750531,67.193207,65.516945
0b_baseline_last,file,19,baseline,9371,160.Black_throated_Blue_Warbler/Black_Throated_Blue_Warbler_0133_161539.jpg,160,159,160.Black_throated_Blue_Warbler,183,182,gaussian_blur,gaussian_blur,0,"{""sigma"":1.339855}",3.21141,2.9368477,-0.27456236,0.040299751,0.05303264,0.12294678,0.038350377,-0.082647033,0.014682263,0.097329296,0.69275677,1.0278654,149.62385,153.79318,False,0.90738797,False,False,False,0.69275677,1.0278654,149.62385,153.79318,0.68824137,1.0279487,148.00364,152.14014,0.89865138,1.0240733,21.959538,22.488177,0.73254102,1.2669842,42.417505,53.742307,0.6781514,0.91321829,76.556818,69.913086,0.67223789,1.1689705,71.636941,83.741471,0.68828282,0.98589087,67.809341,66.852611,0.72667667,0.92805491,67.193207,62.358985
0b_baseline_last,file,19,baseline,9371,160.Black_throated_Blue_Warbler/Black_Throated_Blue_Warbler_0133_161539.jpg,160,159,160.Black_throated_Blue_Warbler,183,182,random_erasing,random_erasing,0,"{""area_fraction"":0.056667,""erased"":true,""height"":0.22031,""left"":0.387898,""top"":0.509398,""width"":0.257215}",3.21141,3.9570572,0.74564719,0.040299751,0.019119294,0.12294678,0.023379806,-0.082647033,-0.0042605121,0.078386521,0.8240135,1.1100009,149.62385,166.08261,False,0.92711651,False,False,False,0.8240135,1.1100009,149.62385,166.08261,0.82249514,1.107597,148.00364,163.92839,0.89032924,1.214189,21.959538,26.663031,0.86475569,1.0787172,42.417505,45.75649,0.89855776,1.0168276,76.556818,77.845085,0.8145515,1.1814333,71.636941,84.634266,0.78125758,1.1451839,67.809341,77.654167,0.77470066,1.1063056,67.193207,74.336224
0b_baseline_last,file,19,baseline,511,010.Red_winged_Blackbird/Red_Winged_Blackbird_0012_6015.jpg,10,9,010.Red_winged_Blackbird,27,26,identity,identity,0,{},0.0044819852,0.0044819852,0,0.99552804,0.99552804,0.00090375362,0.00090375362,0.99462429,0.99462429,0,1,1,0.61886207,0.61886207,False,1,True,True,True,1,1,0.61886207,0.61886207,1,1,0.60454596,0.60454596,1,1,0.13234216,0.13234216,1,1,0.11276553,0.11276553,1,1,0.26608522,0.26608522,1,1,0.29142629,0.29142629,1,1,0.25275138,0.25275138,1,1,0.36489158,0.36489158
0b_baseline_last,file,19,baseline,511,010.Red_winged_Blackbird/Red_Winged_Blackbird_0012_6015.jpg,10,9,010.Red_winged_Blackbird,27,26,horizontal_flip,horizontal_flip,0,"{""flipped"":true}",0.0044819852,0.0029182727,-0.0015637125,0.99552804,0.99708599,0.00090375362,0.00015872752,0.99462429,0.99692726,0.0023029723,0.59308043,0.6867027,0.61886207,0.42497425,False,0.9777531,True,True,True,0.59308043,0.6867027,0.61886207,0.42497425,0.57494671,0.68547246,0.60454596,0.4143996,0.95784099,0.71188946,0.13234216,0.09421299,0.017566449,0.94878807,0.11276553,0.10699059,0.38784894,0.63859963,0.26608522,0.16992192,0.57578118,0.65662189,0.29142629,0.19135688,0.55544106,0.70011381,0.25275138,0.17695473,0.75422748,0.69046466,0.36489158,0.25194474
0b_baseline_last,file,19,baseline,511,010.Red_winged_Blackbird/Red_Winged_Blackbird_0012_6015.jpg,10,9,010.Red_winged_Blackbird,27,26,color_jitter,color_jitter,0,"{""brightness"":1.353972,""contrast"":1.022883,""hue"":-0.024788,""saturation"":0.745023}",0.0044819852,0.0069136685,0.0024316832,0.99552804,0.99311018,0.00090375362,0.0017636012,0.99462429,0.99134658,-0.00327771,0.85526649,1.5372966,0.61886207,0.95137453,False,0.98024052,True,True,True,0.85526649,1.5372966,0.61886207,0.95137453,0.84931978,1.534756,0.60454596,0.92783054,0.97559035,1.5893845,0.13234216,0.21034258,0.71476427,1.8865298,0.11276553,0.21273553,0.81824953,1.5141484,0.26608522,0.40289251,0.86481175,1.5576025,0.29142629,0.45392631,0.81255501,1.587434,0.25275138,0.40122613,0.89498667,1.4662766,0.36489158,0.53503198
0b_baseline_last,file,19,baseline,511,010.Red_winged_Blackbird/Red_Winged_Blackbird_0012_6015.jpg,10,9,010.Red_winged_Blackbird,27,26,rotation,rotation,0,"{""angle"":-13.467804}",0.0044819852,0.0015931545,-0.0028888307,0.99552804,0.99840814,0.00090375362,0.00016394304,0.99462429,0.9982442,0.003619907,0.7411576,0.32352716,0.61886207,0.20021869,False,0.97538465,True,True,True,0.7411576,0.32352716,0.61886207,0.20021869,0.72905612,0.3206576,0.60454596,0.19385225,0.96476166,0.37847495,0.13234216,0.050088193,0.68422629,0.33680975,0.11276553,0.03798053,0.77705301,0.28080417,0.26608522,0.074717839,0.69815586,0.28479452,0.29142629,0.08299661,0.61008586,0.342289,0.25275138,0.086514016,0.79357398,0.34860174,0.36489158,0.12720184
0b_baseline_last,file,19,baseline,511,010.Red_winged_Blackbird/Red_Winged_Blackbird_0012_6015.jpg,10,9,010.Red_winged_Blackbird,27,26,random_resized_crop,random_resized_crop,0,"{""area_fraction"":0.645879,""aspect"":1.20752,""fallback"":false,""height"":0.731355,""left"":0.044774,""top"":0.042326,""width"":0.883126}",0.0044819852,0.0054828739,0.0010008886,0.99552804,0.99453211,0.00090375362,0.00039609431,0.99462429,0.99413601,-0.0004882747,0.59881786,1.2482112,0.61886207,0.77247054,False,0.95187187,True,True,True,0.59881786,1.2482112,0.61886207,0.77247054,0.5840293,1.2524303,0.60454596,0.75715168,0.93477775,1.1566638,0.13234216,0.15307539,0.33436524,2.3533493,0.11276553,0.26537668,0.49144201,1.2587483,0.26608522,0.3349343,0.63985136,1.1003347,0.29142629,0.32066645,0.52305483,1.3109964,0.25275138,0.33135615,0.71394123,1.1563943,0.36489158,0.42195856
0b_baseline_last,file,19,baseline,511,010.Red_winged_Blackbird/Red_Winged_Blackbird_0012_6015.jpg,10,9,010.Red_winged_Blackbird,27,26,gaussian_blur,gaussian_blur,0,"{""sigma"":1.813627}",0.0044819852,0.010351893,0.0058699083,0.99552804,0.98970151,0.00090375362,0.00016679413,0.99462429,0.98953472,-0.0050895733,0.53660403,3.1806068,0.61886207,1.9683569,False,0.91187751,True,True,True,0.53660403,3.1806068,0.61886207,1.9683569,0.52583344,3.1997059,0.60454596,1.9343692,0.8037844,2.751987,0.13234216,0.36420391,0.10551349,4.3447626,0.11276553,0.48993946,0.50542615,3.0626731,0.26608522,0.81493202,0.55294041,3.1951928,0.29142629,0.93116318,0.48043259,3.9832324,0.25275138,1.0067675,0.63646326,2.6809485,0.36489158,0.97825554
0b_baseline_last,file,19,baseline,511,010.Red_winged_Blackbird/Red_Winged_Blackbird_0012_6015.jpg,10,9,010.Red_winged_Blackbird,27,26,random_erasing,random_erasing,0,"{""area_fraction"":0.072553,""erased"":true,""height"":0.18441,""left"":0.260706,""top"":0.17823,""width"":0.393433}",0.0044819852,0.006298217,0.0018162318,0.99552804,0.9937216,0.00090375362,0.0015869291,0.99462429,0.99213468,-0.0024896134,0.89326666,1.4162218,0.61886207,0.87644594,False,0.9906677,True,True,True,0.89326666,1.4162218,0.61886207,0.87644594,0.88871602,1.4165793,0.60454596,0.85638728,0.98876676,1.4087407,0.13234216,0.18643579,0.81035714,1.6822817,0.11276553,0.18970339,0.90945826,1.4539498,0.26608522,0.38687456,0.90552209,1.4236228,0.29142629,0.41488111,0.83357543,1.4996923,0.25275138,0.37904931,0.90940151,1.3198344,0.36489158,0.48159647
0b_baseline_last,file,19,baseline,7106,122.Harris_Sparrow/Harris_Sparrow_0074_116539.jpg,122,121,122.Harris_Sparrow,131,130,identity,identity,0,{},0.43072644,0.43072644,0,0.65003669,0.65003669,0.070738554,0.070738554,0.57929814,0.57929814,0,1,1,83.346894,83.346894,False,1,True,True,True,1,1,83.346894,83.346894,1,1,82.585475,82.585475,1,1,11.240288,11.240288,1,1,19.324361,19.324361,1,1,39.246273,39.246273,1,1,50.054337,50.054337,1,1,38.594766,38.594766,1,1,30.193827,30.193827
0b_baseline_last,file,19,baseline,7106,122.Harris_Sparrow/Harris_Sparrow_0074_116539.jpg,122,121,122.Harris_Sparrow,131,130,horizontal_flip,horizontal_flip,0,"{""flipped"":true}",0.43072644,0.24229652,-0.18842992,0.65003669,0.78482342,0.070738554,0.011548667,0.57929814,0.77327475,0.19397661,0.66134733,0.63444121,83.346894,52.878705,False,0.95186228,True,True,True,0.66134733,0.63444121,83.346894,52.878705,0.65662503,0.63395961,82.585475,52.355855,0.90676352,0.65991799,11.240288,7.4176682,0.70946186,0.73077505,19.324361,14.121761,0.7025731,0.63842667,39.246273,25.055868,0.6589748,0.61987488,50.054337,31.027426,0.57614343,0.63410694,38.594766,24.473209,0.68296079,0.62161755,30.193827,18.769013
0b_baseline_last,file,19,baseline,7106,122.Harris_Sparrow/Harris_Sparrow_0074_116539.jpg,122,121,122.Harris_Sparrow,131,130,color_jitter,color_jitter,0,"{""brightness"":1.17426,""contrast"":0.837486,""hue"":-0.013995,""saturation"":0.73838}",0.43072644,0.18931553,-0.24141091,0.65003669,0.82752538,0.070738554,0.0514878,0.57929814,0.77603758,0.19673944,0.91177426,0.49008126,83.346894,40.846751,False,0.98607957,True,True,True,0.91177426,0.49008126,83.346894,40.846751,0.91048549,0.48977819,82.585475,40.448565,0.97957656,0.50617247,11.240288,5.6895243,0.88599716,0.44774558,19.324361,8.6523969,0.88773487,0.49103829,39.246273,19.271423,0.92478075,0.49069117,50.054337,24.561221,0.91105626,0.49745958,38.594766,19.199336,0.9194671,0.48896389,30.193827,14.763691
0b_baseline_last,file,19,baseline,7106,122.Harris_Sparrow/Harris_Sparrow_0074_116539.jpg,122,121,122.Harris_Sparrow,131,130,rotation,rotation,0,"{""angle"":-3.74129}",0.43072644,0.42721713,-0.0035093129,0.65003669,0.65232193,0.070738554,0.037682615,0.57929814,0.61463932,0.035341181,0.7785612,1.0345574,83.346894,86.22715,False,0.97806263,True,True,True,0.7785612,1.0345574,83.346894,86.22715,0.77553849,1.0360512,82.585475,85.562777,0.9592801,0.9504454,11.240288,10.68328,0.83023038,1.1239813,19.324361,21.720219,0.77021855,1.0839443,39.246273,42.540774,0.76155812,1.0452428,50.054337,52.318934,0.75938818,1.010478,38.594766,38.999161,0.83933869,0.92574254,30.193827,27.95171
0b_baseline_last,file,19,baseline,7106,122.Harris_Sparrow/Harris_Sparrow_0074_116539.jpg,122,121,122.Harris_Sparrow,131,130,random_resized_crop,random_resized_crop,0,"{""area_fraction"":0.816202,""aspect"":0.973521,""fallback"":false,""height"":0.915643,""left"":0.085631,""top"":0.021603,""width"":0.891398}",0.43072644,0.18435621,-0.24637023,0.65003669,0.83163953,0.070738554,0.017604271,0.57929814,0.81403526,0.23473712,0.78357312,0.41785378,83.346894,34.826815,False,0.96420038,True,True,True,0.78357312,0.41785378,83.346894,34.826815,0.78051929,0.41797952,82.585475,34.519037,0.9513313,0.41100887,11.240288,4.619858,0.77276343,0.45249152,19.324361,8.7441093,0.7928094,0.40469445,39.246273,15.882749,0.79320578,0.40044134,50.054337,20.043826,0.74009902,0.42665618,38.594766,16.466695,0.80301821,0.45644159,30.193827,13.781719
0b_baseline_last,file,19,baseline,7106,122.Harris_Sparrow/Harris_Sparrow_0074_116539.jpg,122,121,122.Harris_Sparrow,131,130,gaussian_blur,gaussian_blur,0,"{""sigma"":1.227515}",0.43072644,2.0412264,1.6104999,0.65003669,0.12986933,0.070738554,0.0058421805,0.57929814,0.12402715,-0.45527099,0.5498566,2.4096163,83.346894,200.83403,False,0.84351814,True,True,True,0.5498566,2.4096163,83.346894,200.83403,0.54530702,2.4114787,82.585475,199.15311,0.80712473,2.3068515,11.240288,25.929675,0.62880184,3.4003751,19.324361,65.710075,0.59241076,2.3366101,39.246273,91.70324,0.51374586,2.2187512,50.054337,111.05812,0.49385387,2.4883777,38.594766,96.038355,0.61053646,2.4286653,30.193827,73.3307
0b_baseline_last,file,19,baseline,7106,122.Harris_Sparrow/Harris_Sparrow_0074_116539.jpg,122,121,122.Harris_Sparrow,131,130,random_erasing,random_erasing,0,"{""area_fraction"":0.186406,""erased"":true,""height"":0.574551,""left"":0.338231,""top"":0.021226,""width"":0.324437}",0.43072644,4.8639531,4.4332267,0.65003669,0.007719906,0.070738554,0.036318209,0.57929814,-0.028598303,-0.60789644,0.32462014,1.4180735,83.346894,118.19202,False,0.72540045,False,True,False,0.32462014,1.4180735,83.346894,118.19202,0.31443701,1.3867812,82.585475,114.52798,0.68171765,2.5978813,11.240288,29.200933,0.38656004,0.71273156,19.324361,13.773082,0.3668922,1.1559619,39.246273,45.367197,0.29358278,1.2377699,50.054337,61.95575,0.27755818,1.3989101,38.594766,53.990608,0.37642311,2.1246207,30.193827,64.150432
0b_baseline_last,file,19,baseline,6182,106.Horned_Puffin/Horned_Puffin_0067_100737.jpg,106,105,106.Horned_Puffin,84,83,identity,identity,0,{},0.0017495339,0.0017495339,0,0.99825197,0.99825197,0.00036358758,0.00036358758,0.99788839,0.99788839,0,1,1,0.23550557,0.23550557,False,1,True,True,True,1,1,0.23550557,0.23550557,1,1,0.22954684,0.22954684,1,1,0.052641475,0.052641475,1,1,0.045409407,0.045409407,1,1,0.086435544,0.086435544,1,1,0.10904092,0.10904092,1,1,0.11211492,0.11211492,1,1,0.13674412,0.13674412
0b_baseline_last,file,19,baseline,6182,106.Horned_Puffin/Horned_Puffin_0067_100737.jpg,106,105,106.Horned_Puffin,84,83,horizontal_flip,horizontal_flip,0,"{""flipped"":true}",0.0017495339,0.001195193,-0.00055434089,0.99825197,0.99880552,0.00036358758,0.00022511197,0.99788839,0.99858041,0.00069202394,0.63749336,0.66385811,0.23550557,0.15634228,False,0.97935677,True,True,True,0.63749336,0.66385811,0.23550557,0.15634228,0.61967977,0.66382626,0.22954684,0.15237922,0.97588661,0.66446332,0.052641475,0.034978329,0.46126084,1.2751551,0.045409407,0.057904038,0.42130583,0.66477067,0.086435544,0.057459814,0.58275249,0.59805989,0.10904092,0.065213001,0.61754178,0.60277788,0.11211492,0.067580395,0.7933251,0.64358231,0.13674412,0.088006097
0b_baseline_last,file,19,baseline,6182,106.Horned_Puffin/Horned_Puffin_0067_100737.jpg,106,105,106.Horned_Puffin,84,83,color_jitter,color_jitter,0,"{""brightness"":1.340089,""contrast"":0.720285,""hue"":-0.076869,""saturation"":0.799579}",0.0017495339,0.65883279,0.65708325,0.99825197,0.51745498,0.00036358758,0.33706054,0.99788839,0.18039444,-0.81749395,0.50483129,374.9023,0.23550557,88.29158,False,0.84822726,True,True,True,0.50483129,374.9023,0.23550557,88.29158,0.49562635,379.17306,0.22954684,87.037975,0.7621068,281.63058,0.052641475,14.825449,0.32261292,533.74421,0.045409407,24.237008,0.40927333,443.61274,0.086435544,38.343908,0.45830457,407.90774,0.10904092,44.478635,0.53384957,389.72782,0.11211492,43.694304,0.60722608,295.28118,0.13674412,40.377965
0b_baseline_last,file,19,baseline,6182,106.Horned_Puffin/Horned_Puffin_0067_100737.jpg,106,105,106.Horned_Puffin,84,83,rotation,rotation,0,"{""angle"":-9.185592}",0.0017495339,0.0011876918,-0.00056184211,0.99825197,0.99881303,0.00036358758,0.00018202307,0.99788839,0.99863101,0.00074262303,0.73724693,0.71778812,0.23550557,0.1690431,False,0.96692479,True,True,True,0.73724693,0.71778812,0.23550557,0.1690431,0.72585613,0.71899495,0.22954684,0.16504302,0.96191952,0.69444184,0.052641475,0.036556443,0.47364416,0.74349741,0.045409407,0.033761777,0.62514358,0.70987425,0.086435544,0.061358367,0.69121707,0.74429238,0.10904092,0.081158326,0.70626054,0.71702023,0.11211492,0.080388667,0.83291451,0.70468251,0.13674412,0.096361189
0b_baseline_last,file,19,baseline,6182,106.Horned_Puffin/Horned_Puffin_0067_100737.jpg,106,105,106.Horned_Puffin,84,83,random_resized_crop,random_resized_crop,0,"{""area_fraction"":0.545118,""aspect"":0.955851,""fallback"":false,""height"":0.755179,""left"":0.102107,""top"":0.007578,""width"":0.721839}",0.0017495339,0.0001830887,-0.0015664452,0.99825197,0.99981695,0.00036358758,2.9103683e-05,0.99788839,0.99978785,0.0018994634,0.63936237,0.11142406,0.23550557,0.026240986,False,0.96127653,True,True,True,0.63936237,0.11142406,0.23550557,0.026240986,0.62253872,0.11140526,0.22954684,0.025572725,0.95818543,0.11178083,0.052641475,0.0058843079,0.44426331,0.16844924,0.045409407,0.00764918,0.57237817,0.12168389,0.086435544,0.010517813,0.61316799,0.10088737,0.10904092,0.011000852,0.55282829,0.10432436,0.11211492,0.011696318,0.73739903,0.11018216,0.13674412,0.015066763
0b_baseline_last,file,19,baseline,6182,106.Horned_Puffin/Horned_Puffin_0067_100737.jpg,106,105,106.Horned_Puffin,84,83,gaussian_blur,gaussian_blur,0,"{""sigma"":1.099843}",0.0017495339,0.096792929,0.095043395,0.99825197,0.90774393,0.00036358758,0.0049788458,0.99788839,0.90276508,-0.095123302,0.51838548,87.375624,0.23550557,20.577446,False,0.91860938,True,True,True,0.51838548,87.375624,0.23550557,20.577446,0.51173418,88.926821,0.22954684,20.41287,0.83606276,49.33962,0.052641475,2.5973104,0.44744641,112.58909,0.045409407,5.1126039,0.44978686,107.89065,0.086435544,9.3255866,0.48179648,109.91345,0.10904092,11.985063,0.5287239,86.610408,0.11211492,9.7103192,0.65540458,59.251852,0.13674412,8.1023424
0b_baseline_last,file,19,baseline,6182,106.Horned_Puffin/Horned_Puffin_0067_100737.jpg,106,105,106.Horned_Puffin,84,83,random_erasing,random_erasing,0,"{""area_fraction"":0.141363,""erased"":true,""height"":0.280976,""left"":0.432007,""top"":0.057248,""width"":0.503114}",0.0017495339,0.01411667,0.012367136,0.99825197,0.98598248,0.00036358758,0.0074906936,0.99788839,0.97849178,-0.019396603,0.6960468,9.13788,0.23550557,2.1520217,False,0.95288748,True,True,True,0.6960468,9.13788,0.23550557,2.1520217,0.68629739,9.1786522,0.22954684,2.1069306,0.90361377,8.3247023,0.052641475,0.43822461,0.47424761,11.253149,0.045409407,0.51099882,0.65734292,10.342811,0.086435544,0.89398651,0.70107393,9.4122452,0.10904092,1.0263199,0.68044194,9.2789816,0.11211492,1.0403123,0.73653909,8.1539733,0.13674412,1.1150079
0b_baseline_last,file,19,baseline,8405,144.Common_Tern/Common_Tern_0019_149769.jpg,144,143,144.Common_Tern,65,64,identity,identity,0,{},0.54682511,0.54682511,0,0.57878447,0.57878447,0.1368794,0.1368794,0.44190507,0.44190507,0,1,1,74.880263,74.880263,False,0.99999994,True,True,True,1,1,74.880263,74.880263,1,1,73.799088,73.799088,1,1,12.678656,12.678656,1,1,15.860524,15.860524,1,1,31.647057,31.647057,1,1,36.351849,36.351849,1,1,41.867418,41.867418,1,1,33.449596,33.449596
0b_baseline_last,file,19,baseline,8405,144.Common_Tern/Common_Tern_0019_149769.jpg,144,143,144.Common_Tern,65,64,horizontal_flip,horizontal_flip,0,"{""flipped"":true}",0.54682511,1.0619954,0.51517028,0.57878447,0.3457652,0.1368794,0.040203154,0.44190507,0.30556205,-0.13634302,0.64979785,1.6967832,74.880263,127.05557,False,0.95769405,True,True,True,0.64979785,1.6967832,74.880263,127.05557,0.64276892,1.7001292,73.799088,125.46799,0.907897,1.5792329,12.678656,20.022551,0.5701522,1.5767521,15.860524,25.008114,0.51973556,1.7071048,31.647057,54.024843,0.6191126,1.7710599,36.351849,64.381302,0.69684531,1.6752401,41.867418,70.137977,0.71650341,1.6735836,33.449596,55.980693
0b_baseline_last,file,19,baseline,8405,144.Common_Tern/Common_Tern_0019_149769.jpg,144,143,144.Common_Tern,65,64,color_jitter,color_jitter,0,"{""brightness"":0.911421,""contrast"":1.11013,""hue"":-0.068575,""saturation"":1.38346}",0.54682511,0.52622777,-0.020597339,0.57878447,0.59082949,0.1368794,0.042571813,0.44190507,0.54825768,0.10635261,0.56409805,0.74344255,74.880263,55.669173,False,0.91294104,True,True,True,0.56409805,0.74344255,74.880263,55.669173,0.55413933,0.74116983,73.799088,54.697658,0.87287372,0.8167157,12.678656,10.354857,0.38273335,0.47096567,15.860524,7.4697623,0.39673195,0.69411936,31.647057,21.966835,0.48095514,0.79378281,36.351849,28.855473,0.63695605,0.70318766,41.867418,29.440651,0.68161252,0.8209654,33.449596,27.46096
0b_baseline_last,file,19,baseline,8405,144.Common_Tern/Common_Tern_0019_149769.jpg,144,143,144.Common_Tern,65,64,rotation,rotation,0,"{""angle"":-10.085863}",0.54682511,0.63865036,0.091825247,0.57878447,0.52800459,0.1368794,0.046647191,0.44190507,0.4813574,0.039452329,0.68768199,1.1573129,74.880263,86.659894,False,0.95498574,True,True,True,0.68768199,1.1573129,74.880263,86.659894,0.68116877,1.1595949,73.799088,85.577049,0.92706938,1.077142,12.678656,13.656713,0.61217907,1.4839832,15.860524,23.536751,0.55466807,1.2435984,31.647057,39.356231,0.67359903,1.1299304,36.351849,41.07506,0.74646421,1.1017475,41.867418,46.127323,0.74569538,1.1208503,33.449596,37.49199
0b_baseline_last,file,19,baseline,8405,144.Common_Tern/Common_Tern_0019_149769.jpg,144,143,144.Common_Tern,65,64,random_resized_crop,random_resized_crop,0,"{""area_fraction"":0.645514,""aspect"":0.843438,""fallback"":false,""height"":0.874835,""left"":0.248148,""top"":0.119377,""width"":0.737869}",0.54682511,2.1801262,1.6333011,0.57878447,0.11302727,0.1368794,0.011681654,0.44190507,0.10134561,-0.34055945,0.5967129,1.5916029,74.880263,119.17965,False,0.89173543,False,True,False,0.5967129,1.5916029,74.880263,119.17965,0.58900211,1.5849815,73.799088,116.97019,0.83129125,1.8016201,12.678656,22.842121,0.6970655,1.8771323,15.860524,29.772302,0.50680205,1.4747038,31.647057,46.670036,0.56119274,1.6076652,36.351849,58.441603,0.61636374,1.5274067,41.867418,63.948572,0.62388082,1.6679305,33.449596,55.7916
0b_baseline_last,file,19,baseline,8405,144.Common_Tern/Common_Tern_0019_149769.jpg,144,143,144.Common_Tern,65,64,gaussian_blur,gaussian_blur,0,"{""sigma"":1.831831}",0.54682511,1.4316883,0.8848632,0.57878447,0.23890524,0.1368794,0.039086886,0.44190507,0.19981835,-0.24208672,0.47196341,1.7360154,74.880263,129.99329,False,0.84462303,False,True,False,0.47196341,1.7360154,74.880263,129.99329,0.46273583,1.7337775,73.799088,127.9512,0.77182904,1.8102049,12.678656,22.950964,0.49689692,2.1425852,15.860524,33.982524,0.29834116,1.7916827,31.647057,56.701484,0.48181837,1.8645686,36.351849,67.780516,0.5140645,1.5525884,41.867418,65.002869,0.51942356,1.6864126,33.449596,56.409819
0b_baseline_last,file,19,baseline,8405,144.Common_Tern/Common_Tern_0019_149769.jpg,144,143,144.Common_Tern,65,64,random_erasing,random_erasing,0,"{""area_fraction"":0.15354,""erased"":true,""height"":0.512375,""left"":0.202447,""top"":0.11665,""width"":0.299663}",0.54682511,1.1090851,0.56225997,0.57878447,0.32986063,0.1368794,0.051462639,0.44190507,0.27839799,-0.16350708,0.70441128,1.3038042,74.880263,97.629204,False,0.92387652,True,True,True,0.70441128,1.3038042,74.880263,97.629204,0.69915352,1.3053748,73.799088,96.33547,0.89118347,1.2494264,12.678656,15.841047,0.54699039,1.165872,15.860524,18.491341,0.66548094,1.3191654,31.647057,41.747704,0.64608868,1.331694,36.351849,48.409538,0.77357978,1.2487644,41.867418,52.282542,0.71486654,1.3761048,33.449596,46.030149
0b_baseline_last,file,19,baseline,2439,043.Yellow_bellied_Flycatcher/Yellow_Bellied_Flycatcher_0018_795494.jpg,43,42,043.Yellow_bellied_Flycatcher,174,173,identity,identity,0,{},3.0493424,3.0493424,0,0.047390081,0.047390081,0.79300332,0.79300332,-0.74561324,-0.74561324,0,1,1,168.30516,168.30516,False,0.99999994,True,False,False,1,1,168.30516,168.30516,1,1,163.61506,163.61506,1,1,39.455547,39.455547,1,1,37.523048,37.523048,1,1,68.47324,68.47324,1,1,82.00954,82.00954,1,1,79.726265,79.726265,1,1,87.129109,87.129109
0b_baseline_last,file,19,baseline,2439,043.Yellow_bellied_Flycatcher/Yellow_Bellied_Flycatcher_0018_795494.jpg,43,42,043.Yellow_bellied_Flycatcher,174,173,horizontal_flip,horizontal_flip,0,"{""flipped"":true}",3.0493424,3.4311962,0.38185382,0.047390081,0.032348223,0.79300332,0.68245828,-0.74561324,-0.65011006,0.095503181,0.6587879,0.95947848,168.30516,161.48518,False,0.9634133,True,False,False,0.6587879,0.95947848,168.30516,161.48518,0.64319546,0.96436262,163.61506,157.78425,0.95881565,0.87121689,39.455547,34.374339,0.65089975,0.95395028,37.523048,35.795122,0.64827627,1.0003336,68.47324,68.496085,0.57285454,0.95619779,82.00954,78.417341,0.59917289,1.0003653,79.726265,79.755391,0.74470659,0.91908551,87.129109,80.079101
0b_baseline_last,file,19,baseline,2439,043.Yellow_bellied_Flycatcher/Yellow_Bellied_Flycatcher_0018_795494.jpg,43,42,043.Yellow_bellied_Flycatcher,174,173,color_jitter,color_jitter,0,"{""brightness"":1.397309,""contrast"":0.839768,""hue"":-0.044579,""saturation"":1.122826}",3.0493424,3.3866756,0.3373332,0.047390081,0.033820923,0.79300332,0.012897314,-0.74561324,0.02092361,0.76653685,0.31693521,1.0227579,168.30516,172.13544,False,0.84832895,False,False,False,0.31693521,1.0227579,168.30516,172.13544,0.30590987,1.0354237,163.61506,169.4109,0.58388235,0.77314924,39.455547,30.505026,0.37290093,1.3587844,37.523048,50.98573,0.38311201,1.0582987,68.47324,72.465144,0.26002092,1.1966177,82.00954,98.134067,0.24966943,0.96957033,79.726265,77.300221,0.35401208,0.83110392,87.129109,72.413344
0b_baseline_last,file,19,baseline,2439,043.Yellow_bellied_Flycatcher/Yellow_Bellied_Flycatcher_0018_795494.jpg,43,42,043.Yellow_bellied_Flycatcher,174,173,rotation,rotation,0,"{""angle"":8.788985}",3.0493424,3.1089997,0.059657335,0.047390081,0.044645593,0.79300332,0.58980888,-0.74561324,-0.54516329,0.20044995,0.69976479,0.81811612,168.30516,137.69317,False,0.96220791,True,False,False,0.69976479,0.81811612,168.30516,137.69317,0.68480352,0.81656705,163.61506,133.60267,0.94895541,0.84430958,39.455547,33.312696,0.56650737,0.76861723,37.523048,28.840861,0.58201512,0.71223243,68.47324,48.768862,0.64939792,0.80515328,82.00954,66.03025,0.6777703,0.83621287,79.726265,66.668129,0.79539568,0.87670053,87.129109,76.386136
0b_baseline_last,file,19,baseline,2439,043.Yellow_bellied_Flycatcher/Yellow_Bellied_Flycatcher_0018_795494.jpg,43,42,043.Yellow_bellied_Flycatcher,174,173,random_resized_crop,random_resized_crop,0,"{""area_fraction"":0.58293,""aspect"":0.835986,""fallback"":false,""height"":0.835043,""left"":0.070096,""top"":0.08733,""width"":0.698084}",3.0493424,2.6925511,-0.35679126,0.047390081,0.067707986,0.79300332,0.17950106,-0.74561324,-0.11179307,0.63382017,0.4684475,0.83132393,168.30516,139.91611,False,0.94421124,False,False,False,0.4684475,0.83132393,168.30516,139.91611,0.44907295,0.82748772,163.61506,135.38945,0.7779239,0.89472218,39.455547,35.301753,0.65858853,0.74618009,37.523048,27.998951,0.31562561,0.69602696,68.47324,47.659221,0.33032223,0.81882374,82.00954,67.151358,0.42555956,0.85528382,79.726265,68.188584,0.60071381,0.89757244,87.129109,78.204686
0b_baseline_last,file,19,baseline,2439,043.Yellow_bellied_Flycatcher/Yellow_Bellied_Flycatcher_0018_795494.jpg,43,42,043.Yellow_bellied_Flycatcher,174,173,gaussian_blur,gaussian_blur,0,"{""sigma"":1.838697}",3.0493424,2.6112013,-0.43814111,0.047390081,0.073446251,0.79300332,0.013984607,-0.74561324,0.059461645,0.80507488,0.37760687,0.77010197,168.30516,129.61214,False,0.87228572,False,False,False,0.37760687,0.77010197,168.30516,129.61214,0.36267876,0.77392044,163.61506,126.62504,0.66268571,0.70119337,39.455547,27.665968,0.22981883,0.79818909,37.523048,29.950487,0.28875117,0.6642505,68.47324,45.483384,0.36142354,0.82324373,82.00954,67.513839,0.31664827,0.81303131,79.726265,64.81995,0.47539999,0.75334521,87.129109,65.638296
0b_baseline_last,file,19,baseline,2439,043.Yellow_bellied_Flycatcher/Yellow_Bellied_Flycatcher_0018_795494.jpg,43,42,043.Yellow_bellied_Flycatcher,174,173,random_erasing,random_erasing,0,"{""area_fraction"":0.160821,""erased"":true,""height"":0.279425,""left"":0.193021,""top"":0.610421,""width"":0.575543}",3.0493424,2.6783431,-0.37099934,0.047390081,0.068676852,0.79300332,0.72039181,-0.74561324,-0.65171496,0.093898281,0.80292275,1.0323347,168.30516,173.74726,False,0.97092932,True,False,False,0.80292275,1.0323347,168.30516,173.74726,0.79413313,1.0367133,163.61506,169.62191,0.96983446,0.95390024,39.455547,37.636656,0.75358198,0.99245874,37.523048,37.240077,0.74524934,1.1146439,68.47324,76.323282,0.80834047,1.0864068,82.00954,89.09572,0.77353949,1.0134558,79.726265,80.799049,0.84522561,0.9666105,87.129109,84.219912
0b_baseline_last,file,19,baseline,9446,161.Blue_winged_Warbler/Blue_Winged_Warbler_0023_161774.jpg,161,160,161.Blue_winged_Warbler,20,19,identity,identity,0,{},4.119647,4.119647,0,0.016250247,0.016250247,0.16018298,0.16018298,-0.14393274,-0.14393274,0,1,1,140.00252,140.00252,False,0.99999988,True,False,False,1,1,140.00252,140.00252,1,1,137.35181,137.35181,1,1,27.114275,27.114275,1,1,54.988,54.988,1,1,65.91827,65.91827,1,1,62.606648,62.606648,1,1,59.023657,59.023657,1,1,63.978416,63.978416
0b_baseline_last,file,19,baseline,9446,161.Blue_winged_Warbler/Blue_Winged_Warbler_0023_161774.jpg,161,160,161.Blue_winged_Warbler,20,19,horizontal_flip,horizontal_flip,0,"{""flipped"":true}",4.119647,4.3719435,0.25229645,0.016250247,0.012626677,0.16018298,0.15544008,-0.14393274,-0.1428134,0.0011193352,0.74237451,0.85615689,140.00252,119.86412,False,0.94569123,True,False,False,0.74237451,0.85615689,140.00252,119.86412,0.73413293,0.85279361,137.35181,117.13275,0.93783448,0.93834735,27.114275,25.442608,0.91386932,0.88176356,54.988,48.486415,0.75537045,0.76118168,65.91827,50.17578,0.7074212,0.84516983,62.606648,52.91325,0.62281275,0.87276983,59.023657,51.514067,0.70758577,0.91112929,63.978416,58.292609
0b_baseline_last,file,19,baseline,9446,161.Blue_winged_Warbler/Blue_Winged_Warbler_0023_161774.jpg,161,160,161.Blue_winged_Warbler,20,19,color_jitter,color_jitter,0,"{""brightness"":0.780612,""contrast"":1.252088,""hue"":0.082417,""saturation"":1.000192}",4.119647,5.9575992,1.8379521,0.016250247,0.0025861133,0.16018298,0.005059659,-0.14393274,-0.0024735457,0.14145919,0.40078511,1.0241197,140.00252,143.37933,False,0.7461164,False,False,False,0.40078511,1.0241197,140.00252,143.37933,0.39037675,1.0271684,137.35181,141.08344,0.6932933,0.94251864,27.114275,25.555709,0.14678529,1.1181852,54.988,61.486769,0.37347407,0.92202741,65.91827,60.778451,0.40643057,1.0336461,62.606648,64.713121,0.45820066,0.96743726,59.023657,57.101684,0.52733658,1.1031811,63.978416,70.579777
0b_baseline_last,file,19,baseline,9446,161.Blue_winged_Warbler/Blue_Winged_Warbler_0023_161774.jpg,161,160,161.Blue_winged_Warbler,20,19,rotation,rotation,0,"{""angle"":4.690157}",4.119647,4.4441447,0.3244977,0.016250247,0.011747148,0.16018298,0.1311325,-0.14393274,-0.11938535,0.024547385,0.81177649,1.1227972,140.00252,157.19443,False,0.94059885,False,False,False,0.81177649,1.1227972,140.00252,157.19443,0.80764394,1.1264544,137.35181,154.72055,0.93190669,1.0244938,27.114275,27.778405,0.7999833,1.3122923,54.988,72.160326,0.84440182,1.0219837,65.91827,67.367399,0.78279193,1.1136639,62.606648,69.722761,0.78338922,1.1042599,59.023657,65.177458,0.8349255,1.1144292,63.978416,71.299413
0b_baseline_last,file,19,baseline,9446,161.Blue_winged_Warbler/Blue_Winged_Warbler_0023_161774.jpg,161,160,161.Blue_winged_Warbler,20,19,random_resized_crop,random_resized_crop,0,"{""area_fraction"":0.703438,""aspect"":1.055142,""fallback"":false,""height"":0.816503,""left"":0.018689,""top"":0.101136,""width"":0.861526}",4.119647,4.1246619,0.0050148964,0.016250247,0.016168959,0.16018298,0.20999433,-0.14393274,-0.19382537,-0.049892636,0.73415036,1.0603041,140.00252,148.44524,False,0.96370196,True,False,False,0.73415036,1.0603041,140.00252,148.44524,0.72543844,1.060264,137.35181,145.62919,0.957482,1.0613311,27.114275,28.777222,0.70017575,0.89153024,54.988,49.023465,0.61499971,0.98747169,65.91827,65.092426,0.72729883,1.1337893,62.606648,70.982744,0.75320026,1.1542333,59.023657,68.12707,0.83244955,1.0927437,63.978416,69.912008
0b_baseline_last,file,19,baseline,9446,161.Blue_winged_Warbler/Blue_Winged_Warbler_0023_161774.jpg,161,160,161.Blue_winged_Warbler,20,19,gaussian_blur,gaussian_blur,0,"{""sigma"":1.538356}",4.119647,5.3794694,1.2598224,0.016250247,0.0046102679,0.16018298,0.30599779,-0.14393274,-0.30138752,-0.15745479,0.6107708,0.92198229,140.00252,129.07984,False,0.85884941,True,False,False,0.6107708,0.92198229,140.00252,129.07984,0.60203027,0.92250462,137.35181,126.70768,0.83859364,0.90847592,27.114275,24.632666,0.30623253,0.58721999,54.988,32.290053,0.5888652,0.84903838,65.91827,55.967141,0.61381954,0.96997598,62.606648,60.726945,0.64935326,1.0749962,59.023657,63.450207,0.72542706,1.0088705,63.978416,64.545935
0b_baseline_last,file,19,baseline,9446,161.Blue_winged_Warbler/Blue_Winged_Warbler_0023_161774.jpg,161,160,161.Blue_winged_Warbler,20,19,random_erasing,random_erasing,0,"{""area_fraction"":0.075971,""erased"":true,""height"":0.275957,""left"":0.093193,""top"":0.008907,""width"":0.275302}",4.119647,4.2023406,0.082693577,0.016250247,0.014960517,0.16018298,0.1420919,-0.14393274,-0.12713138,0.016801353,0.94023662,0.99232137,140.00252,138.92749,False,0.97450191,True,False,False,0.94023662,0.99232137,140.00252,138.92749,0.9390401,0.99388332,137.35181,136.51168,0.97317937,0.95136362,27.114275,25.795535,0.98465801,0.93108454,54.988,51.198477,0.95664437,0.96527001,65.91827,63.628929,0.93985258,1.0521723,62.606648,65.872983,0.92128489,1.0343392,59.023657,61.050483,0.90782099,0.97599769,63.978416,62.442786
0b_baseline_last,file,19,baseline,3497,061.Heermann_Gull/Heermann_Gull_0128_45663.jpg,61,60,061.Heermann_Gull,66,65,identity,identity,0,{},0.76670426,0.76670426,0,0.46454155,0.46454155,0.3585878,0.3585878,0.10595375,0.10595375,0,1,1,98.832461,98.832461,False,1,True,True,True,1,1,98.832461,98.832461,1,1,96.859529,96.859529,1,1,19.649096,19.649096,1,1,24.739509,24.739509,1,1,43.978694,43.978694,1,1,54.11074,54.11074,1,1,43.853319,43.853319,1,1,44.547882,44.547882
0b_baseline_last,file,19,baseline,3497,061.Heermann_Gull/Heermann_Gull_0128_45663.jpg,61,60,061.Heermann_Gull,66,65,horizontal_flip,horizontal_flip,0,"{""flipped"":true}",0.76670426,0.14669704,-0.62000722,0.46454155,0.86355555,0.3585878,0.054263178,0.10595375,0.80929237,0.70333862,0.59375282,0.20670919,98.832461,20.429578,False,0.96970767,True,True,True,0.59375282,0.20670919,98.832461,20.429578,0.57768384,0.20505825,96.859529,19.861846,0.93104018,0.24340841,19.649096,4.7827552,0.58750184,0.18895404,24.739509,4.6746302,0.50201618,0.19998474,43.978694,8.795068,0.62299554,0.18663807,54.11074,10.099124,0.47243265,0.21333872,43.853319,9.3556112,0.68745828,0.23086048,44.547882,10.284345
0b_baseline_last,file,19,baseline,3497,061.Heermann_Gull/Heermann_Gull_0128_45663.jpg,61,60,061.Heermann_Gull,66,65,color_jitter,color_jitter,0,"{""brightness"":1.231701,""contrast"":0.819628,""hue"":-0.073444,""saturation"":1.101559}",0.76670426,0.52608609,-0.24061817,0.46454155,0.59091324,0.3585878,0.28550777,0.10595375,0.30540547,0.19945171,0.68704818,0.6524584,98.832461,64.484069,False,0.91715801,True,True,True,0.68704818,0.6524584,98.832461,64.484069,0.6766202,0.64789903,96.859529,62.755195,0.91220964,0.75483091,19.649096,14.831745,0.38746845,0.62827559,24.739509,15.54323,0.64524774,0.60444647,43.978694,26.582767,0.74186894,0.57855349,54.11074,31.305957,0.66929617,0.70723221,43.853319,31.01448,0.7228344,0.72670365,44.547882,32.373109
0b_baseline_last,file,19,baseline,3497,061.Heermann_Gull/Heermann_Gull_0128_45663.jpg,61,60,061.Heermann_Gull,66,65,rotation,rotation,0,"{""angle"":-6.461883}",0.76670426,0.55756825,-0.20913601,0.46454155,0.57259977,0.3585878,0.13033904,0.10595375,0.44226073,0.33630697,0.67534865,0.78881555,98.832461,77.960582,False,0.95885575,True,True,True,0.67534865,0.78881555,98.832461,77.960582,0.66748392,0.78948902,96.859529,76.469535,0.87087764,0.77226993,19.649096,15.174406,0.62550934,0.73428889,24.739509,18.165947,0.63214183,0.77292863,43.978694,33.992392,0.73192721,0.79963522,54.11074,43.268853,0.58424241,0.81106018,43.853319,35.567681,0.70095516,0.78562395,44.547882,34.997883
0b_baseline_last,file,19,baseline,3497,061.Heermann_Gull/Heermann_Gull_0128_45663.jpg,61,60,061.Heermann_Gull,66,65,random_resized_crop,random_resized_crop,0,"{""area_fraction"":0.506981,""aspect"":1.099329,""fallback"":false,""height"":0.679097,""left"":0.053106,""top"":0.070414,""width"":0.746551}",0.76670426,3.5672984,2.8005942,0.46454155,0.028232021,0.3585878,0.0089871166,0.10595375,0.019244905,-0.086708848,0.50726974,1.7523036,98.832461,173.18447,False,0.82804692,False,True,False,0.50726974,1.7523036,98.832461,173.18447,0.50151667,1.7412926,96.859529,168.66078,0.63360126,2.0013302,19.649096,39.324329,0.53973215,2.5694492,24.739509,63.566911,0.51473427,1.4972079,43.978694,65.845249,0.59028058,1.5407766,54.11074,83.37256,0.39925538,1.7060255,43.853319,74.81488,0.48679097,1.9468638,44.547882,86.728659
0b_baseline_last,file,19,baseline,3497,061.Heermann_Gull/Heermann_Gull_0128_45663.jpg,61,60,061.Heermann_Gull,66,65,gaussian_blur,gaussian_blur,0,"{""sigma"":1.425802}",0.76670426,0.73210061,-0.034603655,0.46454155,0.48089772,0.3585878,0.11418036,0.10595375,0.36671736,0.26076361,0.6486671,1.163373,98.832461,114.97902,False,0.94568545,True,True,True,0.6486671,1.163373,98.832461,114.97902,0.64382843,1.1736282,96.859529,113.67708,0.83246435,0.87810205,19.649096,17.253912,0.47447826,1.3487104,24.739509,33.366434,0.6617397,1.2063123,43.978694,53.052039,0.64760748,1.1528454,54.11074,62.381319,0.61866506,1.2341342,43.853319,54.120882,0.72169022,1.0466869,44.547882,46.627686
0b_baseline_last,file,19,baseline,3497,061.Heermann_Gull/Heermann_Gull_0128_45663.jpg,61,60,061.Heermann_Gull,66,65,random_erasing,random_erasing,0,"{""area_fraction"":0.151807,""erased"":true,""height"":0.394227,""left"":0.332443,""top"":0.479186,""width"":0.385074}",0.76670426,1.0871025,0.32039827,0.46454155,0.33719209,0.3585878,0.14045441,0.10595375,0.19673768,0.090783924,0.66122397,1.0393228,98.832461,102.71883,False,0.92484808,True,True,True,0.66122397,1.0393228,98.832461,102.71883,0.65398503,1.0407759,96.859529,100.80906,0.84411199,1.0033665,19.649096,19.715244,0.74821492,0.96805687,24.739509,23.949252,0.59070716,0.97568603,43.978694,42.909398,0.71470076,1.0283233,54.11074,55.643335,0.57734436,1.0575641,43.853319,46.377696,0.67405808,1.1225253,44.547882,50.006123
0b_baseline_last,file,19,baseline,8172,140.Summer_Tanager/Summer_Tanager_0018_139290.jpg,140,139,140.Summer_Tanager,16,15,identity,identity,0,{},0.057616927,0.057616927,0,0.94401151,0.94401151,0.017982589,0.017982589,0.92602892,0.92602892,0,1,1,9.0295604,9.0295604,False,1,True,True,True,1,1,9.0295604,9.0295604,1,1,8.8735937,8.8735937,1,1,1.6710162,1.6710162,1,1,2.4672009,2.4672009,1,1,4.1916273,4.1916273,1,1,4.5459155,4.5459155,1,1,4.27044,4.27044,1,1,4.0226658,4.0226658
0b_baseline_last,file,19,baseline,8172,140.Summer_Tanager/Summer_Tanager_0018_139290.jpg,140,139,140.Summer_Tanager,16,15,horizontal_flip,horizontal_flip,0,"{""flipped"":true}",0.057616927,0.047795989,-0.0098209381,0.94401151,0.95332825,0.017982589,0.0031192722,0.92602892,0.95020898,0.024180059,0.53757434,0.66498323,9.0295604,6.0045062,False,0.95071775,True,True,True,0.53757434,0.66498323,9.0295604,6.0045062,0.52315261,0.66148129,8.8735937,5.8697163,0.89761085,0.75709554,1.6710162,1.2651189,0.43161041,0.4727275,2.4672009,1.1663137,0.38431505,0.56440268,4.1916273,2.3657657,0.53459927,0.69523051,4.5459155,3.1604592,0.51204881,0.6811759,4.27044,2.9089208,0.6739563,0.74768216,4.0226658,3.0076754
0b_baseline_last,file,19,baseline,8172,140.Summer_Tanager/Summer_Tanager_0018_139290.jpg,140,139,140.Summer_Tanager,16,15,color_jitter,color_jitter,0,"{""brightness"":1.279586,""contrast"":1.267794,""hue"":-0.088703,""saturation"":1.091817}",0.057616927,4.632731,4.575114,0.94401151,0.0097281542,0.017982589,0.00028222063,0.92602892,0.0094459335,-0.91658299,0.13304124,18.323303,9.0295604,165.45137,False,0.68731821,False,True,False,0.13304124,18.323303,9.0295604,165.45137,0.11730605,18.371353,8.8735937,163.01992,0.61548588,16.912239,1.6710162,28.260626,-0.11572777,12.729769,2.4672009,31.406897,-0.15186875,17.837692,4.1916273,74.768956,0.18230621,22.033307,4.5459155,100.16155,0.16558603,17.973459,4.27044,76.75458,0.34647159,15.869209,4.0226658,63.836524
0b_baseline_last,file,19,baseline,8172,140.Summer_Tanager/Summer_Tanager_0018_139290.jpg,140,139,140.Summer_Tanager,16,15,rotation,rotation,0,"{""angle"":-9.414898}",0.057616927,0.064275905,0.0066589788,0.94401151,0.93774623,0.017982589,0.014854494,0.92602892,0.92289173,-0.0031371871,0.80418755,1.0797281,9.0295604,9.74947,False,0.96190095,True,True,True,0.80418755,1.0797281,9.0295604,9.74947,0.79976332,1.0843793,8.8735937,9.6223412,0.95632359,0.93913156,1.6710162,1.5693041,0.8405977,0.97629944,2.4672009,2.4087268,0.82883187,1.1808056,4.1916273,4.9494971,0.81724614,1.1380403,4.5459155,5.173435,0.74566043,1.0057572,4.27044,4.2950256,0.79403894,1.0273259,4.0226658,4.1325886
0b_baseline_last,file,19,baseline,8172,140.Summer_Tanager/Summer_Tanager_0018_139290.jpg,140,139,140.Summer_Tanager,16,15,random_resized_crop,random_resized_crop,0,"{""area_fraction"":0.831375,""aspect"":0.904709,""fallback"":false,""height"":0.958615,""left"":0.099914,""top"":0.025659,""width"":0.867267}",0.057616927,0.014011585,-0.043605342,0.94401151,0.98608613,0.017982589,0.0012232446,0.92602892,0.98486289,0.058833965,0.63323017,0.1988679,9.0295604,1.7956898,False,0.96202338,True,True,True,0.63323017,0.1988679,9.0295604,1.7956898,0.62158565,0.19774458,8.8735937,1.7547051,0.92395493,0.22828025,1.6710162,0.38145999,0.55487581,0.19083192,2.4672009,0.47082067,0.49272426,0.17330247,4.1916273,0.72641937,0.60330069,0.19006693,4.5459155,0.86402822,0.62385542,0.19693587,4.27044,0.84100281,0.77655293,0.23264252,4.0226658,0.93584309
0b_baseline_last,file,19,baseline,8172,140.Summer_Tanager/Summer_Tanager_0018_139290.jpg,140,139,140.Summer_Tanager,16,15,gaussian_blur,gaussian_blur,0,"{""sigma"":1.856666}",0.057616927,1.2908115,1.2331946,0.94401151,0.27504748,0.017982589,0.0059616948,0.92602892,0.26908579,-0.65694313,0.1428398,12.069967,9.0295604,108.9865,False,0.77381742,False,True,False,0.1428398,12.069967,9.0295604,108.9865,0.12430615,12.027578,8.8735937,106.72784,0.6193191,13.209426,1.6710162,22.073165,0.32124402,9.9937899,2.4672009,24.656687,0.0094580882,11.539159,4.1916273,48.367855,0.088399367,12.987861,4.5459155,59.041718,0.076420152,12.14123,4.27044,51.848394,0.29024552,11.842059,4.0226658,47.636646
0b_baseline_last,file,19,baseline,8172,140.Summer_Tanager/Summer_Tanager_0018_139290.jpg,140,139,140.Summer_Tanager,16,15,random_erasing,random_erasing,0,"{""area_fraction"":0.058474,""erased"":true,""height"":0.189497,""left"":0.295096,""top"":0.208196,""width"":0.308577}",0.057616927,0.039536074,-0.018080853,0.94401151,0.96123528,0.017982589,0.018729255,0.92602892,0.94250603,0.01647711,0.88510209,0.78964537,9.0295604,7.1301505,False,0.98830819,True,True,True,0.88510209,0.78964537,9.0295604,7.1301505,0.88222746,0.7919423,8.8735937,7.0273742,0.97771502,0.72187091,1.6710162,1.206258,0.92535552,0.75652566,2.4672009,1.8665008,0.895835,0.82900168,4.1916273,3.4748661,0.86852979,0.83213482,4.5459155,3.7828146,0.86216791,0.77297982,4.27044,3.300964,0.89884236,0.72983563,4.0226658,2.9358848
0b_baseline_last,file,19,baseline,1658,030.Fish_Crow/Fish_Crow_0033_25915.jpg,30,29,030.Fish_Crow,4,3,identity,identity,0,{},3.9402018,3.9402018,0,0.019444292,0.019444292,0.5143916,0.5143916,-0.49494731,-0.49494731,0,1,1,184.42565,184.42565,False,0.99999994,True,False,False,1,1,184.42565,184.42565,1,1,180.96797,180.96797,1,1,35.544561,35.544561,1,1,46.816725,46.816725,1,1,80.867417,80.867417,1,1,107.311,107.311,1,1,77.948333,77.948333,1,1,80.165249,80.165249
0b_baseline_last,file,19,baseline,1658,030.Fish_Crow/Fish_Crow_0033_25915.jpg,30,29,030.Fish_Crow,4,3,horizontal_flip,horizontal_flip,0,"{""flipped"":true}",3.9402018,3.9750826,0.034880877,0.019444292,0.01877775,0.5143916,0.27960747,-0.49494731,-0.26082972,0.23411758,0.66496314,1.0242677,184.42565,188.90124,False,0.96735716,True,False,False,0.66496314,1.0242677,184.42565,188.90124,0.6548996,1.0257789,180.96797,185.63312,0.93736608,0.98428728,35.544561,34.986059,0.19500242,1.2700417,46.816725,59.459193,0.57826198,1.0088286,80.867417,81.581364,0.76192733,0.9317332,107.311,99.985218,0.66737277,1.114196,77.948333,86.849724,0.75268778,1.0232538,80.165249,82.029395
0b_baseline_last,file,19,baseline,1658,030.Fish_Crow/Fish_Crow_0033_25915.jpg,30,29,030.Fish_Crow,4,3,color_jitter,color_jitter,0,"{""brightness"":1.363897,""contrast"":1.356895,""hue"":0.028062,""saturation"":1.22008}",3.9402018,3.2060852,-0.73411655,0.019444292,0.040514916,0.5143916,0.17775381,-0.49494731,-0.13723889,0.35770842,0.69696185,0.98378929,184.42565,181.43598,False,0.90056461,True,False,False,0.69696185,0.98378929,184.42565,181.43598,0.69258134,0.98874751,180.96797,178.93163,0.83811855,0.8451766,35.544561,30.041432,0.47888859,1.1564604,46.816725,54.141687,0.60285733,0.95863588,80.867417,77.522408,0.79153203,0.96740529,107.311,103.81323,0.71269086,1.0431823,77.948333,81.314324,0.67791732,0.94064947,80.165249,75.407399
0b_baseline_last,file,19,baseline,1658,030.Fish_Crow/Fish_Crow_0033_25915.jpg,30,29,030.Fish_Crow,4,3,rotation,rotation,0,"{""angle"":1.154446}",3.9402018,3.06775,-0.87245178,0.019444292,0.046525713,0.5143916,0.17380705,-0.49494731,-0.12728134,0.36766597,0.79715432,1.1212859,184.42565,206.79389,False,0.96668887,False,False,False,0.79715432,1.1212859,184.42565,206.79389,0.79449733,1.1295862,180.96797,204.41891,0.91005645,0.87920393,35.544561,31.250918,0.31135385,0.74532935,46.816725,34.893879,0.74720345,1.1523086,80.867417,93.184222,0.87087455,1.1659875,107.311,125.12328,0.80806406,1.1942931,77.948333,93.093155,0.81680215,1.0849027,80.165249,86.971495
0b_baseline_last,file,19,baseline,1658,030.Fish_Crow/Fish_Crow_0033_25915.jpg,30,29,030.Fish_Crow,4,3,random_resized_crop,random_resized_crop,0,"{""area_fraction"":0.504532,""aspect"":0.890983,""fallback"":false,""height"":0.752505,""left"":0.187618,""top"":0.114232,""width"":0.67047}",3.9402018,5.4224768,1.482275,0.019444292,0.0044161952,0.5143916,0.034573842,-0.49494731,-0.030157647,0.46478966,0.43550251,1.3665099,184.42565,252.01948,False,0.89333892,False,False,False,0.43550251,1.3665099,184.42565,252.01948,0.42722885,1.3771719,180.96797,249.22399,0.73126353,1.0531251,35.544561,37.432869,0.23862671,1.1780807,46.816725,55.153882,0.37709615,1.4791697,80.867417,119.61664,0.46666487,1.2509342,107.311,134.23899,0.42295477,1.469562,77.948333,114.54991,0.48160235,1.4558409,80.165249,116.70785
0b_baseline_last,file,19,baseline,1658,030.Fish_Crow/Fish_Crow_0033_25915.jpg,30,29,030.Fish_Crow,4,3,gaussian_blur,gaussian_blur,0,"{""sigma"":1.561083}",3.9402018,6.9991937,3.0589919,0.019444292,0.00091261766,0.5143916,0.0060980972,-0.49494731,-0.0051854795,0.48976183,0.40516041,1.2927965,184.42565,238.42484,False,0.8418417,False,False,False,0.40516041,1.2927965,184.42565,238.42484,0.39573295,1.2963522,180.96797,234.59822,0.67107264,1.1969484,35.544561,42.545004,-0.25234778,1.1227032,46.816725,52.561285,0.34483207,1.4333428,80.867417,115.91073,0.42905373,1.1056224,107.311,118.64544,0.46972703,1.4309113,77.948333,111.53715,0.5217698,1.3846434,80.165249,111.00029
0b_baseline_last,file,19,baseline,1658,030.Fish_Crow/Fish_Crow_0033_25915.jpg,30,29,030.Fish_Crow,4,3,random_erasing,random_erasing,0,"{""area_fraction"":0.106085,""erased"":true,""height"":0.419347,""left"":0.539901,""top"":0.25535,""width"":0.252977}",3.9402018,2.088975,-1.8512268,0.019444292,0.12381399,0.5143916,0.77473611,-0.49494731,-0.65092211,-0.1559748,0.78092162,1.068547,184.42565,197.06747,False,0.93008631,True,False,False,0.78092162,1.068547,184.42565,197.06747,0.77636126,1.0669717,180.96797,193.0877,0.89524316,1.1085996,35.544561,39.404685,0.79719924,1.2872621,46.816725,60.265398,0.7843399,1.0765995,80.867417,87.061824,0.79215605,0.9187241,107.311,98.589199,0.75002873,1.1299377,77.948333,88.076762,0.78405394,1.1563981,80.165249,92.702938
0b_baseline_last,file,19,baseline,3706,064.Ring_billed_Gull/Ring_Billed_Gull_0028_51454.jpg,64,63,064.Ring_billed_Gull,63,62,identity,identity,0,{},1.1066039,1.1066039,0,0.33068007,0.33068007,0.30983499,0.30983499,0.020845085,0.020845085,0,1,1,77.937843,77.937843,False,0.99999994,True,True,True,1,1,77.937843,77.937843,1,1,75.44834,75.44834,1,1,19.541118,19.541118,1,1,21.022537,21.022537,1,1,34.265157,34.265157,1,1,33.033856,33.033856,1,1,35.728037,35.728037,1,1,41.336131,41.336131
0b_baseline_last,file,19,baseline,3706,064.Ring_billed_Gull/Ring_Billed_Gull_0028_51454.jpg,64,63,064.Ring_billed_Gull,63,62,horizontal_flip,horizontal_flip,0,"{""flipped"":true}",1.1066039,0.92336231,-0.18324155,0.33068007,0.39718133,0.30983499,0.44855925,0.020845085,-0.051377922,-0.072223008,0.71023317,1.2790515,77.937843,99.686511,False,0.95100915,False,True,False,0.71023317,1.2790515,77.937843,99.686511,0.69768078,1.2878742,75.44834,97.167973,0.92676048,1.139456,19.541118,22.266245,0.74611173,1.3227896,21.022537,27.808394,0.62398702,1.154518,34.265157,39.559742,0.66612105,1.4097979,33.033856,46.571062,0.68731861,1.2981177,35.728037,46.379196,0.76536008,1.2763248,41.336131,52.758329
0b_baseline_last,file,19,baseline,3706,064.Ring_billed_Gull/Ring_Billed_Gull_0028_51454.jpg,64,63,064.Ring_billed_Gull,63,62,color_jitter,color_jitter,0,"{""brightness"":0.757662,""contrast"":0.890901,""hue"":-0.075168,""saturation"":1.293454}",1.1066039,4.1668806,3.0602767,0.33068007,0.015500541,0.30983499,0.0066028135,0.020845085,0.0088977274,-0.011947358,0.41466474,1.4675952,77.937843,114.38121,False,0.84079504,False,True,False,0.41466474,1.4675952,77.937843,114.38121,0.39244786,1.4627395,75.44834,110.36127,0.730109,1.5381644,19.541118,30.057453,0.22394983,0.87657136,21.022537,18.427754,0.35319784,1.3585125,34.265157,46.549643,0.4298169,1.677488,33.033856,55.413897,0.36093669,1.4653551,35.728037,52.354262,0.44992066,1.5033068,41.336131,62.140884
0b_baseline_last,file,19,baseline,3706,064.Ring_billed_Gull/Ring_Billed_Gull_0028_51454.jpg,64,63,064.Ring_billed_Gull,63,62,rotation,rotation,0,"{""angle"":-2.783046}",1.1066039,0.97483921,-0.13176465,0.33068007,0.37725303,0.30983499,0.35519552,0.020845085,0.022057503,0.0012124181,0.84550994,1.1976319,77.937843,93.340843,False,0.97340131,True,True,True,0.84550994,1.1976319,77.937843,93.340843,0.83773366,1.2009641,75.44834,90.610745,0.96775369,1.1468102,19.541118,22.409953,0.83911614,1.2459743,21.022537,26.19354,0.84750066,1.150001,34.265157,39.404966,0.81927008,1.2975279,33.033856,42.86235,0.81409208,1.2047043,35.728037,43.041719,0.86544121,1.1555743,41.336131,47.766971
0b_baseline_last,file,19,baseline,3706,064.Ring_billed_Gull/Ring_Billed_Gull_0028_51454.jpg,64,63,064.Ring_billed_Gull,63,62,random_resized_crop,random_resized_crop,0,"{""area_fraction"":0.501396,""aspect"":1.039164,""fallback"":false,""height"":0.694622,""left"":0.074128,""top"":0.029971,""width"":0.721826}",1.1066039,5.6401339,4.53353,0.33068007,0.0035523933,0.30983499,0.0037327965,0.020845085,-0.00018040324,-0.021025489,0.18877205,1.6038368,77.937843,124.99958,False,0.8022216,False,True,False,0.18877205,1.6038368,77.937843,124.99958,0.1562508,1.6064475,75.44834,121.2038,0.68667022,1.5644014,19.541118,30.570152,-0.29957708,1.1090044,21.022537,23.314087,0.17466905,1.3646365,34.265157,46.759483,0.042836115,1.7579533,33.033856,58.071976,0.13702284,1.6390866,35.728037,58.561346,0.31222422,1.7375416,41.336131,71.823248
0b_baseline_last,file,19,baseline,3706,064.Ring_billed_Gull/Ring_Billed_Gull_0028_51454.jpg,64,63,064.Ring_billed_Gull,63,62,gaussian_blur,gaussian_blur,0,"{""sigma"":1.199131}",1.1066039,2.8749509,1.768347,0.33068007,0.056418907,0.30983499,0.86228406,0.020845085,-0.80586516,-0.82671024,0.6180966,2.3347994,77.937843,181.96923,False,0.92083299,False,True,False,0.6180966,2.3347994,77.937843,181.96923,0.6064621,2.3661232,75.44834,178.52007,0.86722077,1.8044863,19.541118,35.26168,0.63782519,2.2126423,21.022537,46.515355,0.60245796,2.5916071,34.265157,88.801824,0.55012537,2.7223349,33.033856,89.92922,0.57098402,2.2543268,35.728037,80.54267,0.6918274,2.0592399,41.336131,85.121008
0b_baseline_last,file,19,baseline,3706,064.Ring_billed_Gull/Ring_Billed_Gull_0028_51454.jpg,64,63,064.Ring_billed_Gull,63,62,random_erasing,random_erasing,0,"{""area_fraction"":0.133257,""erased"":true,""height"":0.351574,""left"":0.618894,""top"":0.402828,""width"":0.379029}",1.1066039,1.1445115,0.0379076,0.33068007,0.31837943,0.30983499,0.44466713,0.020845085,-0.1262877,-0.14713278,0.90561383,1.1963346,77.937843,93.239741,False,0.97780919,False,True,False,0.90561383,1.1963346,77.937843,93.239741,0.90234195,1.2035032,75.44834,90.802317,0.96445776,1.0838638,19.541118,21.17991,0.95249797,1.25803,21.022537,26.446983,0.93083223,1.2758785,34.265157,43.718178,0.87325367,1.2428152,33.033856,41.054978,0.88448805,1.1723056,35.728037,41.884178,0.90371356,1.1332931,41.336131,46.845951
0b_baseline_last,file,19,baseline,5096,088.Western_Meadowlark/Western_Meadowlark_0050_77864.jpg,88,87,088.Western_Meadowlark,174,173,identity,identity,0,{},0.02800704,0.02800704,0,0.97238153,0.97238153,0.0049559353,0.0049559353,0.9674256,0.9674256,0,1,1,4.3220554,4.3220554,False,1,True,True,True,1,1,4.3220554,4.3220554,1,1,4.255517,4.255517,1,1,0.75547188,0.75547188,1,1,1.0059264,1.0059264,1,1,1.6311921,1.6311921,1,1,2.2849961,2.2849961,1,1,2.0729724,2.0729724,1,1,2.2177303,2.2177303
0b_baseline_last,file,19,baseline,5096,088.Western_Meadowlark/Western_Meadowlark_0050_77864.jpg,88,87,088.Western_Meadowlark,174,173,horizontal_flip,horizontal_flip,0,"{""flipped"":true}",0.02800704,0.2368499,0.20884286,0.97238153,0.78910971,0.0049559353,0.10229354,0.9674256,0.68681617,-0.28060943,0.64241133,7.5706362,4.3220554,32.720709,False,0.94123042,True,True,True,0.64241133,7.5706362,4.3220554,32.720709,0.6338591,7.5464578,4.255517,32.11408,0.89192037,8.3013243,0.75547188,6.2714171,0.44654018,5.4378386,1.0059264,5.4700654,0.50261915,6.69379,1.6311921,10.918857,0.67704272,7.6019124,2.2849961,17.37034,0.60938414,7.6370523,2.0729724,15.831399,0.70375286,8.1888444,2.2177303,18.160649
0b_baseline_last,file,19,baseline,5096,088.Western_Meadowlark/Western_Meadowlark_0050_77864.jpg,88,87,088.Western_Meadowlark,174,173,color_jitter,color_jitter,0,"{""brightness"":0.673422,""contrast"":0.96586,""hue"":0.037273,""saturation"":0.663149}",0.02800704,0.30613357,0.27812653,0.97238153,0.73628825,0.0049559353,0.053672627,0.9674256,0.68261562,-0.28480997,0.78301391,9.9017575,4.3220554,42.795944,False,0.94466603,True,True,True,0.78301391,9.9017575,4.3220554,42.795944,0.77853621,9.925868,4.255517,42.2397,0.94076957,9.1036381,0.75547188,6.8775426,0.7942374,12.598968,1.0059264,12.673635,0.70202495,11.539731,1.6311921,18.823518,0.81538207,9.9180832,2.2849961,22.662781,0.77839312,9.433495,2.0729724,19.555375,0.80485496,8.7112556,2.2177303,19.319216
0b_baseline_last,file,19,baseline,5096,088.Western_Meadowlark/Western_Meadowlark_0050_77864.jpg,88,87,088.Western_Meadowlark,174,173,rotation,rotation,0,"{""angle"":-4.162125}",0.02800704,0.025808463,-0.0021985769,0.97238153,0.97452176,0.0049559353,0.0038408618,0.9674256,0.97068089,0.0032552974,0.84530947,1.0080415,4.3220554,4.3568112,False,0.98011875,True,True,True,0.84530947,1.0080415,4.3220554,4.3568112,0.84143344,1.0098278,4.255517,4.2973393,0.97764481,0.94962014,0.75547188,0.71741131,0.90871667,1.1294276,1.0059264,1.136121,0.80408547,1.0443994,1.6311921,1.703616,0.83027425,1.000828,2.2849961,2.2868881,0.82674338,1.0104193,2.0729724,2.0945713,0.87471692,0.97306651,2.2177303,2.1579991
0b_baseline_last,file,19,baseline,5096,088.Western_Meadowlark/Western_Meadowlark_0050_77864.jpg,88,87,088.Western_Meadowlark,174,173,random_resized_crop,random_resized_crop,0,"{""area_fraction"":0.735378,""aspect"":1.083293,""fallback"":false,""height"":0.823915,""left"":0.010308,""top"":0.170196,""width"":0.892541}",0.02800704,0.0061083059,-0.021898734,0.97238153,0.99391031,0.0049559353,0.0001530037,0.9674256,0.99375731,0.026331712,0.68412748,0.20611205,4.3220554,0.8908277,False,0.94262087,True,True,True,0.68412748,0.20611205,4.3220554,0.8908277,0.67598263,0.20539512,4.255517,0.87406241,0.92076892,0.22769111,0.75547188,0.17201423,0.58748167,0.16169974,1.0059264,0.16265803,0.5869199,0.21031035,1.6311921,0.34305658,0.68670432,0.19650107,2.2849961,0.44900417,0.67582881,0.21087965,2.0729724,0.43714769,0.73120505,0.2148993,2.2177303,0.4765887
0b_baseline_last,file,19,baseline,5096,088.Western_Meadowlark/Western_Meadowlark_0050_77864.jpg,88,87,088.Western_Meadowlark,174,173,gaussian_blur,gaussian_blur,0,"{""sigma"":1.526602}",0.02800704,0.68051004,0.652503,0.97238153,0.50635868,0.0049559353,0.0035467956,0.9674256,0.50281189,-0.46461371,0.44408169,31.341921,4.3220554,135.46152,False,0.78876495,True,True,True,0.44408169,31.341921,4.3220554,135.46152,0.43857339,31.600916,4.255517,134.47824,0.73229462,21.56522,0.75547188,16.291917,0.3679601,40.998401,1.0059264,41.241374,0.31796803,40.113109,1.6311921,65.432186,0.51856946,34.217873,2.2849961,78.187704,0.43109775,29.939114,2.0729724,62.062958,0.52351875,20.844825,2.2177303,46.228202
0b_baseline_last,file,19,baseline,5096,088.Western_Meadowlark/Western_Meadowlark_0050_77864.jpg,88,87,088.Western_Meadowlark,174,173,random_erasing,random_erasing,0,"{""area_fraction"":0.102552,""erased"":true,""height"":0.243985,""left"":0.236495,""top"":0.151519,""width"":0.420322}",0.02800704,0.044872619,0.016865579,0.97238153,0.95611924,0.0049559353,0.0018783209,0.9674256,0.95424092,-0.013184679,0.83882883,1.425788,4.3220554,6.1623346,False,0.97168732,True,True,True,0.83882883,1.425788,4.3220554,6.1623346,0.83511203,1.4262249,4.255517,6.0693243,0.95800445,1.411854,0.75547188,1.066616,0.85318574,1.0447127,1.0059264,1.0509041,0.79771356,1.3045102,1.6311921,2.1279067,0.84285174,1.347533,2.2849961,3.0791075,0.81970885,1.514797,2.0729724,3.1401323,0.86832239,1.5530596,2.2177303,3.4442674
0b_baseline_last,file,19,baseline,5432,093.Clark_Nutcracker/Clark_Nutcracker_0066_85390.jpg,93,92,093.Clark_Nutcracker,102,101,identity,identity,0,{},3.8403914,3.8403914,0,0.021485191,0.021485191,0.53218085,0.53218085,-0.51069565,-0.51069565,0,1,1,205.10096,205.10096,False,1,True,False,False,1,1,205.10096,205.10096,1,1,202.07579,202.07579,1,1,35.09666,35.09666,1,1,62.052197,62.052197,1,1,101.25904,101.25904,1,1,104.58962,104.58962,1,1,95.738446,95.738446,1,1,81.399744,81.399744
0b_baseline_last,file,19,baseline,5432,093.Clark_Nutcracker/Clark_Nutcracker_0066_85390.jpg,93,92,093.Clark_Nutcracker,102,101,horizontal_flip,horizontal_flip,0,"{""flipped"":true}",3.8403914,5.1990232,1.3586318,0.021485191,0.0055219568,0.53218085,0.43568981,-0.51069565,-0.43016785,0.080527805,0.5950109,1.0004918,205.10096,205.20183,False,0.92295581,True,False,False,0.5950109,1.0004918,205.10096,205.20183,0.58638512,1.0029137,202.07579,202.66459,0.91024331,0.9165874,35.09666,32.169156,0.45940551,1.1806314,62.052197,73.260775,0.59993893,1.0371895,101.25904,105.02482,0.57933664,0.9831874,104.58962,102.8312,0.59076985,0.93337851,95.738446,89.360208,0.6693457,0.96075686,81.399744,78.205362
0b_baseline_last,file,19,baseline,5432,093.Clark_Nutcracker/Clark_Nutcracker_0066_85390.jpg,93,92,093.Clark_Nutcracker,102,101,color_jitter,color_jitter,0,"{""brightness"":1.313213,""contrast"":1.209043,""hue"":0.059724,""saturation"":1.02514}",3.8403914,4.3153963,0.47500491,0.021485191,0.013361255,0.53218085,0.0405186,-0.51069565,-0.027157346,0.48353831,0.58845454,0.70361956,205.10096,144.31304,False,0.87082481,False,False,False,0.58845454,0.70361956,205.10096,144.31304,0.58283492,0.70292328,202.07579,142.04378,0.76905462,0.72632412,35.09666,25.491551,0.65054028,0.65659014,62.052197,40.742861,0.54911238,0.6243062,101.25904,63.216649,0.54638892,0.69286559,104.58962,72.46655,0.6247515,0.74060157,95.738446,70.904043,0.60129604,0.80006963,81.399744,65.125463
0b_baseline_last,file,19,baseline,5432,093.Clark_Nutcracker/Clark_Nutcracker_0066_85390.jpg,93,92,093.Clark_Nutcracker,102,101,rotation,rotation,0,"{""angle"":9.03203}",3.8403914,2.1008711,-1.7395203,0.021485191,0.12234981,0.53218085,0.20881501,-0.51069565,-0.086465195,0.42423046,0.60827665,0.73692683,205.10096,151.1444,False,0.93909776,False,False,False,0.60827665,0.73692683,205.10096,151.1444,0.59867009,0.73193577,202.07579,147.9065,0.88199749,0.88662124,35.09666,31.117444,0.46397167,0.71100902,62.052197,44.119671,0.53814658,0.68601374,101.25904,69.465096,0.57876351,0.72317606,104.58962,75.636709,0.65772572,0.74584004,95.738446,71.405566,0.70620592,0.80415222,81.399744,65.457785
0b_baseline_last,file,19,baseline,5432,093.Clark_Nutcracker/Clark_Nutcracker_0066_85390.jpg,93,92,093.Clark_Nutcracker,102,101,random_resized_crop,random_resized_crop,0,"{""area_fraction"":0.569616,""aspect"":0.816097,""fallback"":false,""height"":0.83545,""left"":0.317999,""top"":0.10739,""width"":0.681808}",3.8403914,2.9013085,-0.93908286,0.021485191,0.054951277,0.53218085,0.185987,-0.51069565,-0.13103572,0.37965994,0.54893901,0.88737257,205.10096,182.00096,False,0.88487941,False,False,False,0.54893901,0.88737257,205.10096,182.00096,0.54097467,0.88759092,202.07579,179.36064,0.81523033,0.8801033,35.09666,30.888686,0.45974216,0.97397311,62.052197,60.437171,0.55977948,0.81514971,101.25904,82.541281,0.4963689,0.91171433,104.58962,95.355856,0.56958901,0.91268161,95.738446,87.378719,0.60761855,0.86666177,81.399744,70.546046
0b_baseline_last,file,19,baseline,5432,093.Clark_Nutcracker/Clark_Nutcracker_0066_85390.jpg,93,92,093.Clark_Nutcracker,102,101,gaussian_blur,gaussian_blur,0,"{""sigma"":1.811399}",3.8403914,6.3921967,2.5518053,0.021485191,0.0016745739,0.53218085,0.072323471,-0.51069565,-0.070648897,0.44004676,0.37872406,0.78096963,205.10096,160.17762,False,0.80796373,False,False,False,0.37872406,0.78096963,205.10096,160.17762,0.36718283,0.76977429,202.07579,155.55275,0.67125206,1.0887846,35.09666,38.212704,0.10770614,0.75009013,62.052197,46.54474,0.45947668,0.58407597,101.25904,59.142975,0.39056594,0.73966923,104.58962,77.361724,0.36058778,0.8304933,95.738446,79.510138,0.4007726,0.9693252,81.399744,78.902824
0b_baseline_last,file,19,baseline,5432,093.Clark_Nutcracker/Clark_Nutcracker_0066_85390.jpg,93,92,093.Clark_Nutcracker,102,101,random_erasing,random_erasing,0,"{""area_fraction"":0.099487,""erased"":true,""height"":0.523496,""left"":0.804894,""top"":0.211842,""width"":0.190043}",3.8403914,3.713131,-0.12726045,0.021485191,0.024401005,0.53218085,0.53233862,-0.51069565,-0.50793761,0.002758041,0.96278021,1.0425369,205.10096,213.82531,False,0.99372286,True,False,False,0.96278021,1.0425369,205.10096,213.82531,0.96192503,1.0438603,202.07579,210.93889,0.99340126,0.99767222,35.09666,35.014963,0.94307061,1.0623537,62.052197,65.92138,0.97899804,1.0738961,101.25904,108.74169,0.96402375,1.0452363,104.58962,109.32087,0.95892277,1.0194927,95.738446,97.604651,0.94750217,1.0165544,81.399744,82.747271
0b_baseline_last,file,19,baseline,6880,118.House_Sparrow/House_Sparrow_0055_111393.jpg,118,117,118.House_Sparrow,193,192,identity,identity,0,{},3.6048617,3.6048617,0,0.027191207,0.027191207,0.48452228,0.48452228,-0.45733108,-0.45733108,0,1,1,193.32732,193.32732,False,1,True,False,False,1,1,193.32732,193.32732,1,1,190.38631,190.38631,1,1,33.593228,33.593228,1,1,40.380472,40.380472,1,1,89.425074,89.425074,1,1,106.63178,106.63178,1,1,88.924107,88.924107,1,1,85.683639,85.683639
0b_baseline_last,file,19,baseline,6880,118.House_Sparrow/House_Sparrow_0055_111393.jpg,118,117,118.House_Sparrow,193,192,horizontal_flip,horizontal_flip,0,"{""flipped"":true}",3.6048617,3.1487527,-0.45610905,0.027191207,0.042905606,0.48452228,0.22755659,-0.45733108,-0.18465098,0.2726801,0.5814133,0.80754881,193.32732,156.12125,False,0.93446857,True,False,False,0.5814133,0.80754881,193.32732,156.12125,0.57181026,0.80827351,190.38631,153.88421,0.89970575,0.78391585,33.593228,26.334264,0.30461422,0.95663269,40.380472,38.62928,0.61387593,0.76656773,89.425074,68.550376,0.53890667,0.82428726,106.63178,87.89522,0.57653937,0.78449114,88.924107,69.760174,0.64825929,0.81670221,85.683639,69.978017
0b_baseline_last,file,19,baseline,6880,118.House_Sparrow/House_Sparrow_0055_111393.jpg,118,117,118.House_Sparrow,193,192,color_jitter,color_jitter,0,"{""brightness"":0.995619,""contrast"":0.757055,""hue"":-0.097707,""saturation"":1.350233}",3.6048617,5.6455832,2.0407214,0.027191207,0.003533087,0.48452228,0.041917711,-0.45733108,-0.038384625,0.41894645,0.52675163,1.0633613,193.32732,205.57678,False,0.82908368,False,False,False,0.52675163,1.0633613,193.32732,205.57678,0.52194063,1.0690893,190.38631,203.53996,0.73130842,0.85930633,33.593228,28.866873,0.47909405,0.94587111,40.380472,38.194722,0.5138662,1.2806771,89.425074,114.52464,0.57114396,1.0892376,106.63178,116.14734,0.49222801,0.94175747,88.924107,83.744942,0.51039584,0.93003965,85.683639,79.689181
0b_baseline_last,file,19,baseline,6880,118.House_Sparrow/House_Sparrow_0055_111393.jpg,118,117,118.House_Sparrow,193,192,rotation,rotation,0,"{""angle"":9.194747}",3.6048617,4.0960407,0.49117899,0.027191207,0.016638421,0.48452228,0.73013115,-0.45733108,-0.71349273,-0.25616165,0.78003093,1.1536163,193.32732,223.02554,False,0.94255275,True,False,False,0.78003093,1.1536163,193.32732,223.02554,0.77590004,1.1548245,190.38631,219.86277,0.91804875,1.1141144,33.593228,37.426699,0.49745285,1.5132268,40.380472,61.104812,0.82571978,1.2538686,89.425074,112.12729,0.81304229,1.1157238,106.63178,118.97161,0.75241282,1.0923234,88.924107,97.133879,0.78210527,1.0724526,85.683639,91.891638
0b_baseline_last,file,19,baseline,6880,118.House_Sparrow/House_Sparrow_0055_111393.jpg,118,117,118.House_Sparrow,193,192,random_resized_crop,random_resized_crop,0,"{""area_fraction"":0.509946,""aspect"":0.799458,""fallback"":false,""height"":0.798664,""left"":0.33322,""top"":0.1641,""width"":0.638498}",3.6048617,4.9801693,1.3753076,0.027191207,0.0068728989,0.48452228,0.076596625,-0.45733108,-0.069723726,0.38760735,0.57028328,0.80660612,193.32732,155.939,False,0.88757288,False,False,False,0.57028328,0.80660612,193.32732,155.939,0.56318509,0.80206134,190.38631,152.7015,0.77164764,0.94097838,33.593228,31.610501,0.36544086,1.2260403,40.380472,49.508088,0.63206065,0.89193041,89.425074,79.760943,0.62055091,0.72160793,106.63178,76.946341,0.52100625,0.72562374,88.924107,64.525443,0.53594046,0.77596744,85.683639,66.487714
0b_baseline_last,file,19,baseline,6880,118.House_Sparrow/House_Sparrow_0055_111393.jpg,118,117,118.House_Sparrow,193,192,gaussian_blur,gaussian_blur,0,"{""sigma"":1.219052}",3.6048617,6.8342328,3.2293711,0.027191207,0.0010762926,0.48452228,0.6354419,-0.45733108,-0.63436561,-0.17703453,0.67921703,1.2331434,193.32732,238.4003,False,0.88101882,True,False,False,0.67921703,1.2331434,193.32732,238.4003,0.67493306,1.2386125,190.38631,235.81486,0.85260235,1.0423259,33.593228,35.015091,0.58207033,1.1171632,40.380472,45.111579,0.67769421,1.3663785,89.425074,122.18849,0.70709032,1.272299,106.63178,135.66751,0.64761953,1.2026534,88.924107,106.94488,0.67783096,1.0948643,85.683639,93.811953
0b_baseline_last,file,19,baseline,6880,118.House_Sparrow/House_Sparrow_0055_111393.jpg,118,117,118.House_Sparrow,193,192,random_erasing,random_erasing,0,"{""area_fraction"":0.173605,""erased"":true,""height"":0.26982,""left"":0.038152,""top"":0.501848,""width"":0.643411}",3.6048617,4.1298075,0.52494574,0.027191207,0.016085979,0.48452228,0.40739694,-0.45733108,-0.39131096,0.066020112,0.80901651,0.94903237,193.32732,183.47388,False,0.91469437,True,False,False,0.80901651,0.94903237,193.32732,183.47388,0.8061566,0.94886172,190.38631,180.65028,0.90034643,0.95449715,33.593228,32.06464,0.84313361,1.0579973,40.380472,42.722429,0.8213715,1.0039028,89.425074,89.774082,0.84901506,0.89361487,106.63178,95.287747,0.772852,0.95019035,88.924107,84.494829,0.75737552,0.94315991,85.683639,80.813374
0b_baseline_last,file,19,baseline,2034,036.Northern_Flicker/Northern_Flicker_0138_28476.jpg,36,35,036.Northern_Flicker,194,193,identity,identity,0,{},0.018141298,0.018141298,0,0.98202229,0.98202229,0.0064039216,0.0064039216,0.97561836,0.97561836,0,1,1,2.7878743,2.7878743,False,1,True,True,True,1,1,2.7878743,2.7878743,1,1,2.7321888,2.7321888,1,1,0.55442535,0.55442535,1,1,0.49881888,0.49881888,1,1,0.85700508,0.85700508,1,1,1.2239835,1.2239835,1,1,1.4605096,1.4605096,1,1,1.6882991,1.6882991
0b_baseline_last,file,19,baseline,2034,036.Northern_Flicker/Northern_Flicker_0138_28476.jpg,36,35,036.Northern_Flicker,194,193,horizontal_flip,horizontal_flip,0,"{""flipped"":true}",0.018141298,0.0059227441,-0.012218554,0.98202229,0.99409479,0.0064039216,0.00084967091,0.97561836,0.99324512,0.017626754,0.7220368,0.36485675,2.7878743,1.0171748,False,0.98314309,True,True,True,0.7220368,0.36485675,2.7878743,1.0171748,0.71330731,0.36610226,2.7321888,1.0002605,0.9580675,0.33318342,0.55442535,0.18472534,0.49384763,0.30876861,0.49881888,0.15401961,0.55104887,0.40076133,0.85700508,0.3434545,0.7012271,0.38034865,1.2239835,0.46554046,0.70010968,0.35684607,1.4605096,0.52117712,0.79482187,0.36052521,1.6882991,0.60867438
0b_baseline_last,file,19,baseline,2034,036.Northern_Flicker/Northern_Flicker_0138_28476.jpg,36,35,036.Northern_Flicker,194,193,color_jitter,color_jitter,0,"{""brightness"":1.228991,""contrast"":0.797741,""hue"":-0.014827,""saturation"":1.101409}",0.018141298,0.024610594,0.0064692963,0.98202229,0.97568977,0.0064039216,0.0070856428,0.97561836,0.96860413,-0.0070142378,0.93903797,1.4379224,2.7878743,4.0087468,False,0.9941783,True,True,True,0.93903797,1.4379224,2.7878743,4.0087468,0.93722361,1.439345,2.7321888,3.9325622,0.98453948,1.402932,0.55442535,0.77782107,0.83844446,1.2605385,0.49881888,0.62878039,0.89893669,1.5786965,0.85700508,1.3529509,0.92708044,1.5315215,1.2239835,1.874557,0.94305446,1.436161,1.4605096,2.097527,0.96213048,1.3668969,1.6882991,2.3077307
0b_baseline_last,file,19,baseline,2034,036.Northern_Flicker/Northern_Flicker_0138_28476.jpg,36,35,036.Northern_Flicker,194,193,rotation,rotation,0,"{""angle"":0.250216}",0.018141298,0.0088971844,-0.0092441132,0.98202229,0.99114227,0.0064039216,0.003030011,0.97561836,0.98811226,0.012493898,0.95855491,0.51640768,2.7878743,1.4396797,False,0.99754465,True,True,True,0.95855491,0.51640768,2.7878743,1.4396797,0.95701665,0.51694467,2.7321888,1.4123904,0.99726757,0.50319086,0.55442535,0.27898177,0.91834561,0.49063459,0.49881888,0.2447378,0.91670756,0.58074779,0.85700508,0.4977038,0.9525806,0.52590221,1.2239835,0.64369561,0.96081885,0.51292666,1.4605096,0.74913432,0.97464317,0.4996864,1.6882991,0.84362007
0b_baseline_last,file,19,baseline,2034,036.Northern_Flicker/Northern_Flicker_0138_28476.jpg,36,35,036.Northern_Flicker,194,193,random_resized_crop,random_resized_crop,0,"{""area_fraction"":0.709651,""aspect"":0.938633,""fallback"":false,""height"":0.86951,""left"":0.066321,""top"":0.020309,""width"":0.816151}",0.018141298,0.023455653,0.0053143557,0.98202229,0.97681731,0.0064039216,0.0032551987,0.97561836,0.97356211,-0.0020562527,0.78360935,1.2999556,2.7878743,3.6241129,False,0.97215843,True,True,True,0.78360935,1.2999556,2.7878743,3.6241129,0.77759256,1.3042658,2.7321888,3.5635005,0.9468362,1.1905016,0.55442535,0.66004427,0.63958374,1.1182662,0.49881888,0.55781231,0.60680182,1.235803,0.85700508,1.0590894,0.77599885,1.3894055,1.2239835,1.7006094,0.78173587,1.3409045,1.4605096,1.958404,0.83155928,1.2618184,1.6882991,2.1303269
0b_baseline_last,file,19,baseline,2034,036.Northern_Flicker/Northern_Flicker_0138_28476.jpg,36,35,036.Northern_Flicker,194,193,gaussian_blur,gaussian_blur,0,"{""sigma"":1.970555}",0.018141298,1.0209911,1.0028498,0.98202229,0.36023775,0.0064039216,0.0013902491,0.97561836,0.3588475,-0.61677087,0.28225805,49.179139,2.7878743,137.10526,False,0.75881064,False,True,False,0.28225805,49.179139,2.7878743,137.10526,0.27335345,49.613334,2.7321888,135.553,0.58301817,37.106373,0.55442535,20.572714,0.19091978,68.730599,0.49881888,34.284121,0.22363715,70.033603,0.85700508,60.019153,0.18031362,67.083246,1.2239835,82.108784,0.37382884,41.145998,1.4605096,60.094126,0.36959233,33.734548,1.6882991,56.954005
0b_baseline_last,file,19,baseline,2034,036.Northern_Flicker/Northern_Flicker_0138_28476.jpg,36,35,036.Northern_Flicker,194,193,random_erasing,random_erasing,0,"{""area_fraction"":0.141689,""erased"":true,""height"":0.580346,""left"":0.652026,""top"":0.068146,""width"":0.244146}",0.018141298,0.017866272,-0.00027502514,0.98202229,0.98229235,0.0064039216,0.0044252612,0.97561836,0.97786709,0.0022487291,0.93861757,0.94469584,2.7878743,2.6336932,False,0.99406981,True,True,True,0.93861757,0.94469584,2.7878743,2.6336932,0.93664282,0.94600317,2.7321888,2.5846592,0.98893344,0.91237255,0.55442535,0.50584247,0.8890185,1.0192502,0.49881888,0.50842124,0.86531482,0.91392755,0.85700508,0.78324055,0.9327214,0.97597773,1.2239835,1.1945806,0.94497348,0.93098504,1.4605096,1.3597126,0.95566231,0.94262605,1.6882991,1.5914347
0b_baseline_last,file,19,baseline,8949,153.Philadelphia_Vireo/Philadelphia_Vireo_0070_794758.jpg,153,152,153.Philadelphia_Vireo,170,169,identity,identity,0,{},1.1833297,1.1833297,0,0.30625731,0.30625731,0.25331223,0.25331223,0.052945077,0.052945077,0,1,1,131.77146,131.77146,False,1,True,True,True,1,1,131.77146,131.77146,1,1,129.52833,129.52833,1,1,24.210128,24.210128,1,1,30.028118,30.028118,1,1,66.670362,66.670362,1,1,66.912381,66.912381,1,1,60.831955,60.831955,1,1,57.036557,57.036557
0b_baseline_last,file,19,baseline,8949,153.Philadelphia_Vireo/Philadelphia_Vireo_0070_794758.jpg,153,152,153.Philadelphia_Vireo,170,169,horizontal_flip,horizontal_flip,0,"{""flipped"":true}",1.1833297,1.0851223,-0.098207355,0.30625731,0.33786044,0.25331223,0.097908974,0.052945077,0.23995146,0.18700638,0.67835582,0.92384559,131.77146,121.73648,False,0.96431577,True,True,True,0.67835582,0.92384559,131.77146,121.73648,0.66903943,0.92044605,129.52833,119.22384,0.92307898,1.0163453,24.210128,24.605849,0.6015215,0.80057118,30.028118,24.039645,0.67950833,0.92879199,66.670362,61.922898,0.67834211,0.94438716,66.912381,63.191193,0.61907095,0.87159601,60.831955,53.020889,0.71328103,0.95992177,57.036557,54.750632
0b_baseline_last,file,19,baseline,8949,153.Philadelphia_Vireo/Philadelphia_Vireo_0070_794758.jpg,153,152,153.Philadelphia_Vireo,170,169,color_jitter,color_jitter,0,"{""brightness"":0.687831,""contrast"":1.126441,""hue"":-0.042827,""saturation"":0.966725}",1.1833297,0.91291475,-0.27041495,0.30625731,0.40135267,0.25331223,0.019423164,0.052945077,0.38192951,0.32898443,0.64630836,0.70299311,131.77146,92.634428,False,0.91988754,True,True,True,0.64630836,0.70299311,131.77146,92.634428,0.63887205,0.69894329,129.52833,90.532955,0.83670475,0.81038024,24.210128,19.619409,0.44325394,0.63929715,30.028118,19.19689,0.6781993,0.73706604,66.670362,49.140459,0.59305395,0.68171454,66.912381,45.615143,0.63841625,0.63135195,60.831955,38.406373,0.69678547,0.755556,57.036557,43.094313
0b_baseline_last,file,19,baseline,8949,153.Philadelphia_Vireo/Philadelphia_Vireo_0070_794758.jpg,153,152,153.Philadelphia_Vireo,170,169,rotation,rotation,0,"{""angle"":-8.813803}",1.1833297,1.2128613,0.029531598,0.30625731,0.29734528,0.25331223,0.48966593,0.052945077,-0.19232064,-0.24526572,0.69604282,1.1686258,131.77146,153.99153,False,0.96123904,False,True,False,0.69604282,1.1686258,131.77146,153.99153,0.68860039,1.1690922,129.52833,151.43056,0.91168778,1.1551968,24.210128,27.967463,0.70248357,1.2196178,30.028118,36.622826,0.6447559,1.0278735,66.670362,68.528699,0.67164841,1.2084477,66.912381,80.860112,0.68968504,1.2248885,60.831955,74.51236,0.76603605,1.215119,57.036557,69.306203
0b_baseline_last,file,19,baseline,8949,153.Philadelphia_Vireo/Philadelphia_Vireo_0070_794758.jpg,153,152,153.Philadelphia_Vireo,170,169,random_resized_crop,random_resized_crop,0,"{""area_fraction"":0.837286,""aspect"":0.991515,""fallback"":false,""height"":0.91894,""left"":0.069121,""top"":0.064025,""width"":0.911143}",1.1833297,1.2207487,0.037418962,0.30625731,0.29500926,0.25331223,0.42431769,0.052945077,-0.12930843,-0.18225351,0.75658028,1.1361003,131.77146,149.7056,False,0.95892608,False,True,False,0.75658028,1.1361003,131.77146,149.7056,0.75044757,1.1363866,129.52833,147.19425,0.93347035,1.127875,24.210128,27.305998,0.8814121,1.1278091,30.028118,33.865984,0.70894365,0.96967331,66.670362,64.64847,0.7502113,1.2017475,66.912381,80.411786,0.73688822,1.1823136,60.831955,71.922447,0.79152693,1.2020939,57.036557,68.563294
0b_baseline_last,file,19,baseline,8949,153.Philadelphia_Vireo/Philadelphia_Vireo_0070_794758.jpg,153,152,153.Philadelphia_Vireo,170,169,gaussian_blur,gaussian_blur,0,"{""sigma"":1.374693}",1.1833297,2.1597631,0.9764334,0.30625731,0.11535245,0.25331223,0.52868706,0.052945077,-0.41333461,-0.46627969,0.60824131,1.2886488,131.77146,169.80714,False,0.93562531,False,True,False,0.60824131,1.2886488,131.77146,169.80714,0.59666775,1.2826507,129.52833,166.13959,0.90571836,1.4498591,24.210128,35.101275,0.31291033,1.2544799,30.028118,37.669669,0.63121551,1.1354843,66.670362,75.703152,0.53134132,1.3314799,66.912381,89.092488,0.62329073,1.3107198,60.831955,79.733645,0.69479696,1.3757761,57.036557,78.469533
0b_baseline_last,file,19,baseline,8949,153.Philadelphia_Vireo/Philadelphia_Vireo_0070_794758.jpg,153,152,153.Philadelphia_Vireo,170,169,random_erasing,random_erasing,0,"{""area_fraction"":0.195372,""erased"":true,""height"":0.566613,""left"":0.479756,""top"":0.343284,""width"":0.344807}",1.1833297,1.4261289,0.24279916,0.30625731,0.2402371,0.25331223,0.10306026,0.052945077,0.13717684,0.084231764,0.78308107,0.85252969,131.77146,112.33908,False,0.94657409,True,True,True,0.78308107,0.85252969,131.77146,112.33908,0.77773757,0.84633985,129.52833,109.62498,0.92304927,1.0138109,24.210128,24.544491,0.70607404,0.60455418,30.028118,18.153624,0.80487649,0.74869816,66.670362,49.915977,0.79888196,0.84215453,66.912381,56.350565,0.75313842,0.8715404,60.831955,53.017506,0.78562326,0.99337951,57.036557,56.658947
0b_baseline_last,file,19,baseline,10877,185.Bohemian_Waxwing/Bohemian_Waxwing_0117_177858.jpg,185,184,185.Bohemian_Waxwing,186,185,identity,identity,0,{},6.3741589,6.3741589,0,0.0017050536,0.0017050536,0.99150109,0.99150109,-0.98979604,-0.98979604,0,1,1,156.70618,156.70618,False,1,True,False,False,1,1,156.70618,156.70618,1,1,152.10981,152.10981,1,1,37.675376,37.675376,1,1,30.748305,30.748305,1,1,67.215565,67.215565,1,1,82.75806,82.75806,1,1,71.26025,71.26025,1,1,75.809525,75.809525
0b_baseline_last,file,19,baseline,10877,185.Bohemian_Waxwing/Bohemian_Waxwing_0117_177858.jpg,185,184,185.Bohemian_Waxwing,186,185,horizontal_flip,horizontal_flip,0,"{""flipped"":true}",6.3741589,6.4127054,0.038546562,0.0017050536,0.0016405802,0.99150109,0.99591726,-0.98979604,-0.99427668,-0.0044806411,0.6906777,1.0766162,156.70618,168.71241,False,0.9729135,True,False,False,0.6906777,1.0766162,156.70618,168.71241,0.67432613,1.0798142,152.10981,164.25034,0.9729478,1.0230776,37.675376,38.544834,0.55436656,1.0421488,30.748305,32.044309,0.6994771,1.1415918,67.215565,76.732739,0.69048157,1.0724867,82.75806,88.756922,0.60050492,1.1010156,71.26025,78.458651,0.72438786,1.0243073,75.809525,77.652251
0b_baseline_last,file,19,baseline,10877,185.Bohemian_Waxwing/Bohemian_Waxwing_0117_177858.jpg,185,184,185.Bohemian_Waxwing,186,185,color_jitter,color_jitter,0,"{""brightness"":0.780591,""contrast"":0.864937,""hue"":-0.039339,""saturation"":1.11368}",6.3741589,7.1079087,0.73374987,0.0017050536,0.00081860501,0.99150109,0.99226272,-0.98979604,-0.99144412,-0.0016480768,0.74637877,1.0341962,156.70618,162.06493,False,0.95740163,True,False,False,0.74637877,1.0341962,156.70618,162.06493,0.73388188,1.0361487,152.10981,157.60838,0.95746079,1.0018327,37.675376,37.744422,0.63905838,1.0671017,30.748305,32.81157,0.68511364,1.1625514,67.215565,78.141549,0.72732792,0.9825988,82.75806,81.317971,0.73409629,1.0034658,71.26025,71.507223,0.80760009,1.0159438,75.809525,77.018217
0b_baseline_last,file,19,baseline,10877,185.Bohemian_Waxwing/Bohemian_Waxwing_0117_177858.jpg,185,184,185.Bohemian_Waxwing,186,185,rotation,rotation,0,"{""angle"":3.871884}",6.3741589,6.7435093,0.36935043,0.0017050536,0.0011785042,0.99150109,0.99551117,-0.98979604,-0.99433267,-0.0045366307,0.86702468,1.1140184,156.70618,174.57357,False,0.97974068,True,False,False,0.86702468,1.1140184,156.70618,174.57357,0.86097864,1.1198205,152.10981,170.33568,0.97976685,1.0147749,37.675376,38.232027,0.84751059,1.0806968,30.748305,33.229596,0.8795774,1.154699,67.215565,77.613748,0.87878452,1.1445118,82.75806,94.717577,0.81911011,1.1181941,71.26025,79.682789,0.8650362,1.0688238,75.809525,81.027024
0b_baseline_last,file,19,baseline,10877,185.Bohemian_Waxwing/Bohemian_Waxwing_0117_177858.jpg,185,184,185.Bohemian_Waxwing,186,185,random_resized_crop,random_resized_crop,0,"{""area_fraction"":0.791813,""aspect"":1.030855,""fallback"":false,""height"":0.876421,""left"":0.03716,""top"":0.046112,""width"":0.903462}",6.3741589,7.0771236,0.70296478,0.0017050536,0.00084419781,0.99150109,0.98846358,-0.98979604,-0.98761938,0.0021766565,0.83361316,1.0574836,156.70618,165.71422,False,0.98300409,True,False,False,0.83361316,1.0574836,156.70618,165.71422,0.82480411,1.0596282,152.10981,161.17985,0.9830247,1.0218905,37.675376,38.500108,0.75963688,1.1357113,30.748305,34.921199,0.81779738,1.1473984,67.215565,77.123032,0.85077897,1.0752021,82.75806,88.981637,0.79664086,1.008352,71.26025,71.855413,0.84032767,0.99856125,75.809525,75.700454
0b_baseline_last,file,19,baseline,10877,185.Bohemian_Waxwing/Bohemian_Waxwing_0117_177858.jpg,185,184,185.Bohemian_Waxwing,186,185,gaussian_blur,gaussian_blur,0,"{""sigma"":1.769557}",6.3741589,5.3935738,-0.9805851,0.0017050536,0.0045457007,0.99150109,0.13609944,-0.98979604,-0.13155374,0.8582423,0.25912837,0.70711833,156.70618,110.80982,False,0.8231203,True,False,False,0.25912837,0.70711833,156.70618,110.80982,0.23737355,0.71042958,152.10981,108.06331,0.6471936,0.65077223,37.675376,24.518088,0.10131994,0.71757334,30.748305,22.064164,0.19529183,0.71343566,67.215565,47.953981,0.22464786,0.65180442,82.75806,53.942069,0.24536796,0.77564922,71.26025,55.272958,0.30097484,0.71358313,75.809525,54.096398
0b_baseline_last,file,19,baseline,10877,185.Bohemian_Waxwing/Bohemian_Waxwing_0117_177858.jpg,185,184,185.Bohemian_Waxwing,186,185,random_erasing,random_erasing,0,"{""area_fraction"":0.144747,""erased"":true,""height"":0.291106,""left"":0.0562,""top"":0.02073,""width"":0.497233}",6.3741589,6.6542754,0.28011656,0.0017050536,0.0012885017,0.99150109,0.98778021,-0.98979604,-0.98649171,0.0033043276,0.87130726,0.92610519,156.70618,145.12641,False,0.97621006,True,False,False,0.87130726,0.92610519,156.70618,145.12641,0.86455756,0.92253761,152.10981,140.32702,0.97624114,0.98243331,37.675376,37.013544,0.82344198,0.9172936,30.748305,28.205224,0.84066558,0.87076582,67.215565,58.529017,0.88332486,0.90261103,82.75806,74.698337,0.84337503,0.9436256,71.26025,67.242997,0.8876671,0.9665496,75.809525,73.273666
0b_baseline_last,file,19,baseline,11558,197.Marsh_Wren/Marsh_Wren_0008_188533.jpg,197,196,197.Marsh_Wren,196,195,identity,identity,0,{},0.0011039836,0.0011039836,0,0.9988966,0.9988966,0.00035321168,0.00035321168,0.99854339,0.99854339,0,1,1,0.17549464,0.17549464,False,1,True,True,True,1,1,0.17549464,0.17549464,1,1,0.1706709,0.1706709,1,1,0.040863346,0.040863346,1,1,0.033736282,0.033736282,1,1,0.073738959,0.073738959,1,1,0.082282042,0.082282042,1,1,0.079781788,0.079781788,1,1,0.097043891,0.097043891
0b_baseline_last,file,19,baseline,11558,197.Marsh_Wren/Marsh_Wren_0008_188533.jpg,197,196,197.Marsh_Wren,196,195,horizontal_flip,horizontal_flip,0,"{""flipped"":true}",0.0011039836,0.0028860606,0.001782077,0.9988966,0.99711812,0.00035321168,0.00050874142,0.99854339,0.99660937,-0.0019340131,0.66205538,2.4263883,0.17549464,0.42581814,False,0.97146904,True,True,True,0.66205538,2.4263883,0.17549464,0.42581814,0.64578517,2.4324045,0.1706709,0.41514066,0.96048102,2.3189309,0.040863346,0.094759276,0.59796624,2.0393763,0.033736282,0.068800975,0.52566038,2.3594274,0.073738959,0.17398172,0.59090758,2.4566906,0.082282042,0.20214152,0.61747732,2.427728,0.079781788,0.19368848,0.77462881,2.502179,0.097043891,0.24282119
0b_baseline_last,file,19,baseline,11558,197.Marsh_Wren/Marsh_Wren_0008_188533.jpg,197,196,197.Marsh_Wren,196,195,color_jitter,color_jitter,0,"{""brightness"":1.350379,""contrast"":1.275284,""hue"":0.075675,""saturation"":0.730537}",0.0011039836,0.38431153,0.38320754,0.9988966,0.68091929,0.00035321168,0.0014982737,0.99854339,0.67942102,-0.31912237,0.39036644,399.99003,0.17549464,70.196107,False,0.83818531,True,True,True,0.39036644,399.99003,0.17549464,70.196107,0.37583622,404.85743,0.1706709,69.097381,0.74523593,302.74439,0.040863346,12.371149,0.28346638,415.86232,0.033736282,14.029649,0.38811273,457.94856,0.073738959,33.76865,0.25360927,482.66904,0.082282042,39.714994,0.38996899,392.29947,0.079781788,31.298353,0.53102898,305.75858,0.097043891,29.672002
0b_baseline_last,file,19,baseline,11558,197.Marsh_Wren/Marsh_Wren_0008_188533.jpg,197,196,197.Marsh_Wren,196,195,rotation,rotation,0,"{""angle"":-7.002569}",0.0011039836,0.0050021266,0.003898143,0.9988966,0.99501038,0.00035321168,0.0022812337,0.99854339,0.99272914,-0.0058142448,0.73660388,4.3573172,0.17549464,0.76468582,False,0.96056014,True,True,True,0.73660388,4.3573172,0.17549464,0.76468582,0.72365719,4.3403171,0.1706709,0.74076582,0.94927212,4.6438697,0.040863346,0.18976406,0.66839378,4.209414,0.033736282,0.14200998,0.54913392,3.4733478,0.073738959,0.25612105,0.70018529,4.4944987,0.082282042,0.36981653,0.73956958,4.6479706,0.079781788,0.37082341,0.8238772,4.4762249,0.097043891,0.43439028
0b_baseline_last,file,19,baseline,11558,197.Marsh_Wren/Marsh_Wren_0008_188533.jpg,197,196,197.Marsh_Wren,196,195,random_resized_crop,random_resized_crop,0,"{""area_fraction"":0.800848,""aspect"":1.076082,""fallback"":false,""height"":0.862685,""left"":0.064373,""top"":0.039999,""width"":0.92832}",0.0011039836,0.0023806347,0.001276651,0.9988966,0.99762219,0.00035321168,0.00062080054,0.99854339,0.99700139,-0.0015419958,0.75579351,2.1899288,0.17549464,0.38432076,False,0.972027,True,True,True,0.75579351,2.1899288,0.17549464,0.38432076,0.74574733,2.2040899,0.1706709,0.376174,0.96286448,1.9262238,0.040863346,0.078711949,0.70581914,2.3293874,0.033736282,0.078584871,0.70932488,2.1731007,0.073738959,0.16024218,0.71553339,2.4317981,0.082282042,0.20009331,0.71356146,2.1360659,0.079781788,0.17041916,0.8258519,2.0756503,0.097043891,0.20142918
0b_baseline_last,file,19,baseline,11558,197.Marsh_Wren/Marsh_Wren_0008_188533.jpg,197,196,197.Marsh_Wren,196,195,gaussian_blur,gaussian_blur,0,"{""sigma"":1.551466}",0.0011039836,0.076751009,0.075647025,0.9988966,0.9261204,0.00035321168,0.0036381905,0.99854339,0.92248221,-0.076061177,0.32647211,86.240799,0.17549464,15.134798,False,0.84512496,True,True,True,0.32647211,86.240799,0.17549464,15.134798,0.31119547,87.702588,0.1706709,14.968279,0.78849888,54.790198,0.040863346,2.2389108,-0.16225012,104.24448,0.033736282,3.5168211,-0.097308131,100.81835,0.073738959,7.4342405,0.29473775,99.151931,0.082282042,8.1584233,0.50958707,87.284845,0.079781788,6.963741,0.61947558,66.27067,0.097043891,6.4311637
0b_baseline_last,file,19,baseline,11558,197.Marsh_Wren/Marsh_Wren_0008_188533.jpg,197,196,197.Marsh_Wren,196,195,random_erasing,random_erasing,0,"{""area_fraction"":0.130477,""erased"":true,""height"":0.322762,""left"":0.045123,""top"":0.281877,""width"":0.404251}",0.0011039836,0.0049303621,0.0038263785,0.9988966,0.99508178,0.00035321168,0.00078640645,0.99854339,0.99429538,-0.0042480112,0.65150472,5.625268,0.17549464,0.98720438,False,0.93325806,True,True,True,0.65150472,5.625268,0.17549464,0.98720438,0.64282114,5.7038242,0.1706709,0.97347681,0.90566972,4.0148234,0.040863346,0.16405912,0.80829075,6.4971306,0.033736282,0.21918903,0.68562592,6.6175134,0.073738959,0.48796855,0.5874904,6.3107947,0.082282042,0.51926507,0.569303,5.4783397,0.079781788,0.43707173,0.71742673,4.6179401,0.097043891,0.44814288
0b_baseline_last,file,19,baseline,10353,176.Prairie_Warbler/Prairie_Warbler_0020_173359.jpg,176,175,176.Prairie_Warbler,182,181,identity,identity,0,{},0.029005051,0.029005051,0,0.97141159,0.97141159,0.0038501862,0.0038501862,0.9675614,0.9675614,0,1,1,4.3079644,4.3079644,False,1,True,True,True,1,1,4.3079644,4.3079644,1,1,4.2436558,4.2436558,1,1,0.74158073,0.74158073,1,1,0.77543293,0.77543293,1,1,1.6910677,1.6910677,1,1,2.2491715,2.2491715,1,1,2.181348,2.181348,1,1,2.1749844,2.1749844
0b_baseline_last,file,19,baseline,10353,176.Prairie_Warbler/Prairie_Warbler_0020_173359.jpg,176,175,176.Prairie_Warbler,182,181,horizontal_flip,horizontal_flip,0,"{""flipped"":true}",0.029005051,0.041777767,0.012772717,0.97141159,0.9590829,0.0038501862,0.0059408117,0.9675614,0.95314209,-0.01441931,0.75698727,1.5582522,4.3079644,6.7128951,False,0.97515213,True,True,True,0.75698727,1.5582522,4.3079644,6.7128951,0.75146893,1.5639205,4.2436558,6.6367402,0.97207733,1.3596439,0.74158073,1.0082857,0.64110237,1.5890034,0.77543293,1.2321655,0.80835107,1.5745971,1.6910677,2.6627503,0.76791492,1.5734936,2.2491715,3.5390568,0.6895989,1.5437022,2.181348,3.3673516,0.77493222,1.5641671,2.1749844,3.402039
0b_baseline_last,file,19,baseline,10353,176.Prairie_Warbler/Prairie_Warbler_0020_173359.jpg,176,175,176.Prairie_Warbler,182,181,color_jitter,color_jitter,0,"{""brightness"":1.207866,""contrast"":0.655979,""hue"":-0.034457,""saturation"":1.082705}",0.029005051,0.10622783,0.077222779,0.97141159,0.89921975,0.0038501862,0.0096072629,0.9675614,0.88961249,-0.077948911,0.7845777,4.0853271,4.3079644,17.599443,False,0.95905888,True,True,True,0.7845777,4.0853271,4.3079644,17.599443,0.78054573,4.1022274,4.2436558,17.408441,0.95002648,3.486934,0.74158073,2.5858431,0.73824285,4.6244556,0.77543293,3.5859551,0.78712092,4.7760805,1.6910677,8.0766753,0.80453769,4.6416944,2.2491715,10.439967,0.75732276,3.717077,2.181348,8.1082384,0.81570851,3.2584162,2.1749844,7.0870043
0b_baseline_last,file,19,baseline,10353,176.Prairie_Warbler/Prairie_Warbler_0020_173359.jpg,176,175,176.Prairie_Warbler,182,181,rotation,rotation,0,"{""angle"":13.513442}",0.029005051,0.028650982,-0.00035406835,0.97141159,0.97175556,0.0038501862,0.00086414762,0.9675614,0.97089142,0.003330017,0.76854537,1.010467,4.3079644,4.3530557,False,0.97068495,True,True,True,0.76854537,1.010467,4.3079644,4.3530557,0.76368947,1.0104983,4.2436558,4.2882071,0.92772565,1.0094396,0.74158073,0.74858095,0.63193757,1.034154,0.77543293,0.8019171,0.75363752,0.93749557,1.6910677,1.5853685,0.76659508,1.0352512,2.2491715,2.3284575,0.74763402,1.0211579,2.181348,2.2275008,0.80105203,1.0124188,2.1749844,2.201995
0b_baseline_last,file,19,baseline,10353,176.Prairie_Warbler/Prairie_Warbler_0020_173359.jpg,176,175,176.Prairie_Warbler,182,181,random_resized_crop,random_resized_crop,0,"{""area_fraction"":0.805724,""aspect"":0.930156,""fallback"":false,""height"":0.930712,""left"":0.089473,""top"":0.007155,""width"":0.865707}",0.029005051,0.077526502,0.048521452,0.97141159,0.92540252,0.0038501862,0.0093382681,0.9675614,0.91606425,-0.051497146,0.86782287,2.6652218,4.3079644,11.481681,False,0.97833991,True,True,True,0.86782287,2.6652218,4.3079644,11.481681,0.86453409,2.6659605,4.2436558,11.313419,0.97657714,2.640917,0.74158073,1.9584532,0.86016069,3.1249218,0.77543293,2.4231673,0.90382853,3.1135679,1.6910677,5.265254,0.88214351,2.723501,2.2491715,6.1256209,0.83621279,2.4928227,2.181348,5.4377138,0.85961994,2.4025899,2.1749844,5.2255955
0b_baseline_last,file,19,baseline,10353,176.Prairie_Warbler/Prairie_Warbler_0020_173359.jpg,176,175,176.Prairie_Warbler,182,181,gaussian_blur,gaussian_blur,0,"{""sigma"":1.36334}",0.029005051,0.08153563,0.052530579,0.97141159,0.92169988,0.0038501862,0.014984817,0.9675614,0.90671506,-0.060846335,0.84001076,2.8882786,4.3079644,12.442601,False,0.96488869,True,True,True,0.84001076,2.8882786,4.3079644,12.442601,0.83685547,2.8944544,4.2436558,12.283068,0.95414325,2.6781861,0.74158073,1.9860912,0.76658359,3.5655382,0.77543293,2.7648357,0.83081576,3.3059549,1.6910677,5.5905935,0.86903915,2.8756899,2.2491715,6.4679199,0.81425765,2.8681296,2.181348,6.2563887,0.856214,2.5598408,2.1749844,5.5676138
0b_baseline_last,file,19,baseline,10353,176.Prairie_Warbler/Prairie_Warbler_0020_173359.jpg,176,175,176.Prairie_Warbler,182,181,random_erasing,random_erasing,0,"{""area_fraction"":0.159329,""erased"":true,""height"":0.401449,""left"":0.141905,""top"":0.38848,""width"":0.396885}",0.029005051,0.88002461,0.85101956,0.97141159,0.41477272,0.0038501862,0.0053715366,0.9675614,0.40940118,-0.55816022,0.70806812,19.785386,4.3079644,85.234736,False,0.89328068,True,True,True,0.70806812,19.785386,4.3079644,85.234736,0.70301931,19.781503,4.2436558,83.945892,0.87232906,19.912101,0.74158073,14.766431,0.76248418,20.465032,0.77543293,15.86926,0.76671544,19.874028,1.6910677,33.608326,0.70573572,22.075738,2.2491715,49.65212,0.66246085,19.043678,2.181348,41.54089,0.70211624,17.655426,2.1749844,38.400277
0b_baseline_last,file,19,baseline,5997,103.Sayornis/Sayornis_0098_98419.jpg,103,102,103.Sayornis,76,75,identity,identity,0,{},2.2759709,2.2759709,0,0.10269715,0.10269715,0.54000568,0.54000568,-0.43730853,-0.43730853,0,1,1,149.05365,149.05365,False,1,True,False,False,1,1,149.05365,149.05365,1,1,145.32539,145.32539,1,1,33.128864,33.128864,1,1,37.759951,37.759951,1,1,62.207125,62.207125,1,1,78.401631,78.401631,1,1,68.457629,68.457629,1,1,70.644635,70.644635
0b_baseline_last,file,19,baseline,5997,103.Sayornis/Sayornis_0098_98419.jpg,103,102,103.Sayornis,76,75,horizontal_flip,horizontal_flip,0,"{""flipped"":true}",2.2759709,2.296617,0.020646095,0.10269715,0.10059861,0.54000568,0.28421274,-0.43730853,-0.18361413,0.25369441,0.61415921,1.0103042,149.05365,150.58953,False,0.96887112,True,False,False,0.61415921,1.0103042,149.05365,150.58953,0.59823405,1.0101115,145.32539,146.79484,0.91943211,1.0140065,33.128864,33.592883,0.43613831,0.7762405,37.759951,29.310803,0.53377686,1.0681749,62.207125,66.448089,0.63975177,1.1055037,78.401631,86.673297,0.56162864,0.98153005,68.457629,67.19322,0.68253094,0.92249751,70.644635,65.1695
0b_baseline_last,file,19,baseline,5997,103.Sayornis/Sayornis_0098_98419.jpg,103,102,103.Sayornis,76,75,color_jitter,color_jitter,0,"{""brightness"":1.26965,""contrast"":0.672296,""hue"":-0.039911,""saturation"":1.084101}",2.2759709,3.3477039,1.071733,0.10269715,0.035165004,0.54000568,0.7676363,-0.43730853,-0.73247129,-0.29516276,0.85354767,1.3026546,149.05365,194.16542,False,0.97709692,True,False,False,0.85354767,1.3026546,149.05365,194.16542,0.84862961,1.3094754,145.32539,190.30002,0.96573885,1.1636409,33.128864,38.5501,0.743572,1.0084098,37.759951,38.077504,0.79544709,1.4304407,62.207125,88.9836,0.88230027,1.3752114,78.401631,107.81881,0.85756291,1.2525918,68.457629,85.749467,0.87844108,1.2556251,70.644635,88.703178
0b_baseline_last,file,19,baseline,5997,103.Sayornis/Sayornis_0098_98419.jpg,103,102,103.Sayornis,76,75,rotation,rotation,0,"{""angle"":3.268407}",2.2759709,2.8664465,0.59047556,0.10269715,0.056900758,0.54000568,0.5514735,-0.43730853,-0.49457274,-0.057264205,0.85581398,1.2924098,149.05365,192.6384,False,0.97805512,True,False,False,0.85581398,1.2924098,149.05365,192.6384,0.85108748,1.3007363,145.32539,189.03,0.9705842,1.1201953,33.128864,37.110797,0.84719142,1.4738752,37.759951,55.653457,0.84930946,1.3581985,62.207125,84.489624,0.84751951,1.3640519,78.401631,106.9439,0.84856857,1.2607923,68.457629,86.310851,0.87331788,1.1508555,70.644635,81.301764
0b_baseline_last,file,19,baseline,5997,103.Sayornis/Sayornis_0098_98419.jpg,103,102,103.Sayornis,76,75,random_resized_crop,random_resized_crop,0,"{""area_fraction"":0.701176,""aspect"":0.820685,""fallback"":false,""height"":0.924326,""left"":0.052298,""top"":0.048903,""width"":0.758581}",2.2759709,2.7805462,0.50457525,0.10269715,0.062004637,0.54000568,0.76213837,-0.43730853,-0.70013373,-0.26282519,0.79307907,1.4684232,149.05365,218.87382,False,0.96669322,True,False,False,0.79307907,1.4684232,149.05365,218.87382,0.78733872,1.4823414,145.32539,215.42184,0.95478954,1.1687471,33.128864,38.719262,0.80670533,1.7133855,37.759951,64.697351,0.7679097,1.6934976,62.207125,105.34762,0.81501999,1.4471693,78.401631,113.46044,0.75001054,1.381217,68.457629,94.554844,0.81289678,1.3657398,70.644635,96.482189
0b_baseline_last,file,19,baseline,5997,103.Sayornis/Sayornis_0098_98419.jpg,103,102,103.Sayornis,76,75,gaussian_blur,gaussian_blur,0,"{""sigma"":1.830012}",2.2759709,3.7626979,1.486727,0.10269715,0.023221008,0.54000568,0.26409739,-0.43730853,-0.24087638,0.19643215,0.35748659,1.0220643,149.05365,152.34241,False,0.79898024,True,False,False,0.35748659,1.0220643,149.05365,152.34241,0.33846997,1.0250152,145.32539,148.96073,0.74742806,0.96352144,33.128864,31.920371,-0.15256353,1.5140037,37.759951,57.168705,0.24593116,1.1711463,62.207125,72.853642,0.50043464,0.91636529,78.401631,71.844534,0.34912955,0.93109381,68.457629,63.740475,0.46999822,0.93777494,70.644635,66.248769
0b_baseline_last,file,19,baseline,5997,103.Sayornis/Sayornis_0098_98419.jpg,103,102,103.Sayornis,76,75,random_erasing,random_erasing,0,"{""area_fraction"":0.09646,""erased"":true,""height"":0.250472,""left"":0.574652,""top"":0.260988,""width"":0.385115}",2.2759709,3.6459644,1.3699934,0.10269715,0.02609623,0.54000568,0.84114492,-0.43730853,-0.81504869,-0.37774015,0.88274856,1.2601103,149.05365,187.82403,False,0.97033226,True,False,False,0.88274856,1.2601103,149.05365,187.82403,0.87923266,1.2600649,145.32539,183.11941,0.95035556,1.260984,33.128864,41.774966,0.92036257,1.1317468,37.759951,42.734703,0.88732161,1.241794,62.207125,77.248434,0.9050326,1.2612627,78.401631,98.885051,0.86206384,1.3038439,68.457629,89.258061,0.84938563,1.2656099,70.644635,89.408548
0b_baseline_last,file,19,baseline,3787,066.Western_Gull/Western_Gull_0131_53349.jpg,66,65,066.Western_Gull,65,64,identity,identity,0,{},3.2935388,3.2935388,0,0.037122253,0.037122253,0.55650914,0.55650914,-0.51938688,-0.51938688,0,1,1,171.92925,171.92925,False,1,True,False,False,1,1,171.92925,171.92925,1,1,168.15604,168.15604,1,1,35.821974,35.821974,1,1,37.470546,37.470546,1,1,76.379341,76.379341,1,1,97.378701,97.378701,1,1,76.102107,76.102107,1,1,75.924088,75.924088
0b_baseline_last,file,19,baseline,3787,066.Western_Gull/Western_Gull_0131_53349.jpg,66,65,066.Western_Gull,65,64,horizontal_flip,horizontal_flip,0,"{""flipped"":true}",3.2935388,3.0499287,-0.24361014,0.037122253,0.047362305,0.55650914,0.45263067,-0.51938688,-0.40526836,0.11411852,0.70061064,0.95647029,171.92925,164.44522,False,0.96549553,True,False,False,0.70061064,0.95647029,171.92925,164.44522,0.68894452,0.95680655,168.15604,160.8928,0.95980986,0.94903039,35.821974,33.996142,0.40722524,0.98460576,37.470546,36.893716,0.69367932,1.0304998,76.379341,78.708897,0.71210958,0.90279126,97.378701,87.91264,0.66719334,0.95810605,76.102107,72.913889,0.74422679,0.95752628,75.924088,72.69931
0b_baseline_last,file,19,baseline,3787,066.Western_Gull/Western_Gull_0131_53349.jpg,66,65,066.Western_Gull,65,64,color_jitter,color_jitter,0,"{""brightness"":1.241338,""contrast"":1.129572,""hue"":-0.02736,""saturation"":1.13678}",3.2935388,5.1647658,1.871227,0.037122253,0.0057144016,0.55650914,0.097192533,-0.51938688,-0.091478132,0.42790875,0.61683059,1.1622276,171.92925,199.82092,False,0.92582083,False,False,False,0.61683059,1.1622276,171.92925,199.82092,0.61098326,1.1739085,168.15604,197.39981,0.81942347,0.86571157,35.821974,31.011497,0.70273583,1.8932138,37.470546,70.939756,0.65744257,1.2717245,76.379341,97.133475,0.62993968,1.0373888,97.378701,101.01957,0.5643885,1.1501955,76.102107,87.532298,0.57882051,1.0726499,75.924088,81.439969
0b_baseline_last,file,19,baseline,3787,066.Western_Gull/Western_Gull_0131_53349.jpg,66,65,066.Western_Gull,65,64,rotation,rotation,0,"{""angle"":-9.637193}",3.2935388,4.0452452,0.75170636,0.037122253,0.017505417,0.55650914,0.67570883,-0.51938688,-0.65820341,-0.13881653,0.75883482,1.2280099,171.92925,211.13082,False,0.95042711,True,False,False,0.75883482,1.2280099,171.92925,211.13082,0.7515968,1.2337429,168.15604,207.46132,0.94395895,1.0940816,35.821974,39.192162,0.3825503,1.2903405,37.470546,48.349762,0.76928271,1.27451,76.379341,97.346237,0.79334269,1.1709204,97.378701,114.02271,0.731045,1.3110705,76.102107,99.775227,0.78898924,1.1977646,75.924088,90.939187
0b_baseline_last,file,19,baseline,3787,066.Western_Gull/Western_Gull_0131_53349.jpg,66,65,066.Western_Gull,65,64,random_resized_crop,random_resized_crop,0,"{""area_fraction"":0.596148,""aspect"":1.265558,""fallback"":false,""height"":0.686335,""left"":0.009683,""top"":0.15204,""width"":0.868596}",3.2935388,5.5036011,2.2100623,0.037122253,0.0040720813,0.55650914,0.41989979,-0.51938688,-0.41582771,0.10355917,0.69197714,1.311401,171.92925,225.46819,False,0.90500647,True,False,False,0.69197714,1.311401,171.92925,225.46819,0.68670444,1.3235244,168.15604,222.55863,0.86950897,1.0078983,35.821974,36.104907,0.4896696,1.7425877,37.470546,65.295712,0.7136888,1.3392439,76.379341,102.29057,0.75933281,1.2979101,97.378701,126.3888,0.64816068,1.3464066,76.102107,102.46438,0.65303474,1.2022777,75.924088,91.281837
0b_baseline_last,file,19,baseline,3787,066.Western_Gull/Western_Gull_0131_53349.jpg,66,65,066.Western_Gull,65,64,gaussian_blur,gaussian_blur,0,"{""sigma"":1.87248}",3.2935388,4.3531046,1.0595658,0.037122253,0.012866803,0.55650914,0.5043537,-0.51938688,-0.4914869,0.027899984,0.59070838,1.0427084,171.92925,179.27208,False,0.86601448,True,False,False,0.59070838,1.0427084,171.92925,179.27208,0.58040335,1.0484814,168.15604,176.30848,0.85948995,0.90621086,35.821974,32.462261,-0.307081,1.3580755,37.470546,50.887832,0.50985296,0.99016572,76.379341,75.628205,0.70575981,1.03908,97.378701,101.18426,0.64181822,1.1228475,76.102107,85.451061,0.67717513,0.95300029,75.924088,72.355678
0b_baseline_last,file,19,baseline,3787,066.Western_Gull/Western_Gull_0131_53349.jpg,66,65,066.Western_Gull,65,64,random_erasing,random_erasing,0,"{""area_fraction"":0.085616,""erased"":true,""height"":0.347748,""left"":0.537862,""top"":0.147254,""width"":0.246201}",3.2935388,1.7798824,-1.5136564,0.037122253,0.16865797,0.55650914,0.314767,-0.51938688,-0.14610903,0.37327785,0.76069587,0.81336993,171.92925,139.84208,False,0.94223917,True,False,False,0.76069587,0.81336993,171.92925,139.84208,0.75415937,0.81331013,168.15604,136.76301,0.90448961,0.81468652,35.821974,29.183679,0.43442353,0.760679,37.470546,28.503057,0.68412164,0.75894525,76.379341,57.967738,0.83468359,0.80419594,97.378701,78.311555,0.75223763,0.85295213,76.102107,64.911454,0.76747539,0.85208066,75.924088,64.693447
0b_baseline_last,file,19,baseline,11232,191.Red_headed_Woodpecker/Red_Headed_Woodpecker_0013_182721.jpg,191,190,191.Red_headed_Woodpecker,188,187,identity,identity,0,{},0.57465911,0.57465911,0,0.56289673,0.56289673,0.35965422,0.35965422,0.20324251,0.20324251,0,1,1,68.473047,68.473047,False,0.99999988,True,True,True,1,1,68.473047,68.473047,1,1,67.278236,67.278236,1,1,12.735662,12.735662,1,1,17.79425,17.79425,1,1,30.286151,30.286151,1,1,30.958884,30.958884,1,1,30.948541,30.948541,1,1,37.097306,37.097306
0b_baseline_last,file,19,baseline,11232,191.Red_headed_Woodpecker/Red_Headed_Woodpecker_0013_182721.jpg,191,190,191.Red_headed_Woodpecker,188,187,horizontal_flip,horizontal_flip,0,"{""flipped"":true}",0.57465911,0.72286057,0.14820147,0.56289673,0.48536184,0.35965422,0.47588354,0.20324251,0.0094783008,-0.19376421,0.68628983,1.3102727,68.473047,89.718367,False,0.96660113,True,True,True,0.68628983,1.3102727,68.473047,89.718367,0.67554454,1.3063005,67.278236,87.885592,0.96497073,1.4166396,12.735662,18.041843,0.56137606,0.91182631,17.79425,16.225265,0.64573546,1.2386828,30.286151,37.514935,0.66009127,1.285276,30.958884,39.79071,0.6298456,1.4683798,30.948541,45.444213,0.76935887,1.3218874,37.097306,49.038461
0b_baseline_last,file,19,baseline,11232,191.Red_headed_Woodpecker/Red_Headed_Woodpecker_0013_182721.jpg,191,190,191.Red_headed_Woodpecker,188,187,color_jitter,color_jitter,0,"{""brightness"":0.771749,""contrast"":1.385232,""hue"":0.043243,""saturation"":1.119682}",0.57465911,0.25800923,-0.31664988,0.56289673,0.77258813,0.35965422,0.11392471,0.20324251,0.65866342,0.45542091,0.74069758,0.41297091,68.473047,28.277377,False,0.97275734,True,True,True,0.74069758,0.41297091,68.473047,28.277377,0.73262537,0.41132395,67.278236,27.67315,0.94753132,0.45654191,12.735662,5.8143636,0.11947167,0.28505428,17.79425,5.072327,0.70471289,0.41269178,30.286151,12.498846,0.76648162,0.4045273,30.958884,12.523714,0.76621389,0.42021613,30.948541,13.005076,0.80721661,0.4328774,37.097306,16.058586
0b_baseline_last,file,19,baseline,11232,191.Red_headed_Woodpecker/Red_Headed_Woodpecker_0013_182721.jpg,191,190,191.Red_headed_Woodpecker,188,187,rotation,rotation,0,"{""angle"":-0.174229}",0.57465911,0.44443664,-0.13022247,0.56289673,0.6411854,0.35965422,0.28986615,0.20324251,0.35131925,0.14807674,0.95967031,0.8273139,68.473047,56.648704,False,0.99662685,True,True,True,0.95967031,0.8273139,68.473047,56.648704,0.95833092,0.82685781,67.278236,55.629535,0.99657976,0.8399418,12.735662,10.697215,0.94547626,0.8075748,17.79425,14.370188,0.95844852,0.86433945,30.286151,26.177515,0.95398784,0.82272799,30.958884,25.470741,0.94805494,0.81282588,30.948541,25.155775,0.97219592,0.81820151,37.097306,30.353072
0b_baseline_last,file,19,baseline,11232,191.Red_headed_Woodpecker/Red_Headed_Woodpecker_0013_182721.jpg,191,190,191.Red_headed_Woodpecker,188,187,random_resized_crop,random_resized_crop,0,"{""area_fraction"":0.768216,""aspect"":1.286726,""fallback"":false,""height"":0.772678,""left"":0.003281,""top"":0.116914,""width"":0.994225}",0.57465911,0.23507795,-0.33958116,0.56289673,0.79050922,0.35965422,0.15379338,0.20324251,0.63671584,0.43347333,0.73014691,0.48595338,68.473047,33.274709,False,0.95614314,True,True,True,0.73014691,0.48595338,68.473047,33.274709,0.72121304,0.48324658,67.278236,32.511977,0.95370015,0.55620286,12.735662,7.0836118,0.64313834,0.4881948,17.79425,8.6870601,0.71212521,0.49181066,30.286151,14.895052,0.70577615,0.49832867,30.958884,15.4277,0.69898574,0.48900559,30.948541,15.134009,0.77588565,0.4611382,37.097306,17.106985
0b_baseline_last,file,19,baseline,11232,191.Red_headed_Woodpecker/Red_Headed_Woodpecker_0013_182721.jpg,191,190,191.Red_headed_Woodpecker,188,187,gaussian_blur,gaussian_blur,0,"{""sigma"":1.725529}",0.57465911,0.23645982,-0.33819929,0.56289673,0.78941762,0.35965422,0.094422407,0.20324251,0.69499522,0.49175271,0.6252591,0.47221377,68.473047,32.333916,False,0.8868041,True,True,True,0.6252591,0.47221377,68.473047,32.333916,0.61751822,0.47303494,67.278236,31.824957,0.85384426,0.44869197,12.735662,5.7143895,0.52269505,0.42360915,17.79425,7.5378069,0.60077313,0.46999406,30.286151,14.234311,0.59970948,0.50767408,30.958884,15.717023,0.57978825,0.49653016,30.948541,15.366884,0.6977975,0.4431213,37.097306,16.438607
0b_baseline_last,file,19,baseline,11232,191.Red_headed_Woodpecker/Red_Headed_Woodpecker_0013_182721.jpg,191,190,191.Red_headed_Woodpecker,188,187,random_erasing,random_erasing,0,"{""area_fraction"":0.16062,""erased"":true,""height"":0.609697,""left"":0.672729,""top"":0.018281,""width"":0.263443}",0.57465911,0.91308773,0.33842862,0.56289673,0.40128326,0.35965422,0.55030555,0.20324251,-0.14902228,-0.35226479,0.93382352,1.5422215,68.473047,105.60061,False,0.97535485,False,True,False,0.93382352,1.5422215,68.473047,105.60061,0.93240372,1.542742,67.278236,103.79296,0.97388102,1.5276234,12.735662,19.455296,0.96888468,1.5032811,17.79425,26.749759,0.95479459,1.4989883,30.286151,45.398587,0.93419565,1.5419901,30.958884,47.738294,0.92090421,1.5591956,30.948541,48.25483,0.91731963,1.5692372,37.097306,58.214473
0b_baseline_last,file,19,baseline,4848,083.White_breasted_Kingfisher/White_Breasted_Kingfisher_0118_73511.jpg,83,82,083.White_breasted_Kingfisher,31,30,identity,identity,0,{},0.60301536,0.60301536,0,0.54715925,0.54715925,0.073669374,0.073669374,0.47348988,0.47348988,0,1,1,73.111264,73.111264,False,1,True,True,True,1,1,73.111264,73.111264,1,1,72.114815,72.114815,1,1,12.029563,12.029563,1,1,14.411956,14.411956,1,1,31.417578,31.417578,1,1,40.19296,40.19296,1,1,35.899434,35.899434,1,1,33.189375,33.189375
0b_baseline_last,file,19,baseline,4848,083.White_breasted_Kingfisher/White_Breasted_Kingfisher_0118_73511.jpg,83,82,083.White_breasted_Kingfisher,31,30,horizontal_flip,horizontal_flip,0,"{""flipped"":true}",0.60301536,0.069010422,-0.53400494,0.54715925,0.93331695,0.073669374,0.019508973,0.47348988,0.91380797,0.44031809,0.64912853,0.14730705,73.111264,10.769805,False,0.94863403,True,True,True,0.64912853,0.14730705,73.111264,10.769805,0.64111693,0.14726946,72.114815,10.62031,0.93439686,0.14865168,12.029563,1.7882148,0.65141857,0.14927664,14.411956,2.1513682,0.52958322,0.14514346,31.417578,4.5600559,0.69448204,0.15339041,40.19296,6.1652145,0.62665293,0.14456181,35.899434,5.1896872,0.67512314,0.14268377,33.189375,4.735585
0b_baseline_last,file,19,baseline,4848,083.White_breasted_Kingfisher/White_Breasted_Kingfisher_0118_73511.jpg,83,82,083.White_breasted_Kingfisher,31,30,color_jitter,color_jitter,0,"{""brightness"":1.289972,""contrast"":0.751762,""hue"":-0.020454,""saturation"":1.089121}",0.60301536,0.29738274,-0.30563262,0.54715925,0.74275964,0.073669374,0.041184466,0.47348988,0.70157518,0.2280853,0.8719784,0.53894559,73.111264,39.402994,False,0.97621572,True,True,True,0.8719784,0.53894559,73.111264,39.402994,0.86900106,0.53791761,72.114815,38.791829,0.97398396,0.57466964,12.029563,6.9130247,0.77846603,0.41571174,14.411956,5.9912191,0.85008399,0.5227621,31.417578,16.423919,0.87005978,0.52904297,40.19296,21.263803,0.87011737,0.55254599,35.899434,19.836088,0.90044294,0.56653167,33.189375,18.802832
0b_baseline_last,file,19,baseline,4848,083.White_breasted_Kingfisher/White_Breasted_Kingfisher_0118_73511.jpg,83,82,083.White_breasted_Kingfisher,31,30,rotation,rotation,0,"{""angle"":5.601364}",0.60301536,0.14406079,-0.45895457,0.54715925,0.86583513,0.073669374,0.032644909,0.47348988,0.83319022,0.35970034,0.82794795,0.32661994,73.111264,23.879596,False,0.96711093,True,True,True,0.82794795,0.32661994,73.111264,23.879596,0.82458197,0.32720458,72.114815,23.596298,0.9597954,0.30486602,12.029563,3.667405,0.67330414,0.33206044,14.411956,4.7856403,0.83805595,0.36146956,31.417578,11.356498,0.83585609,0.31568026,40.19296,12.688124,0.80989361,0.31844775,35.899434,11.432094,0.84674276,0.32061569,33.189375,10.641034
0b_baseline_last,file,19,baseline,4848,083.White_breasted_Kingfisher/White_Breasted_Kingfisher_0118_73511.jpg,83,82,083.White_breasted_Kingfisher,31,30,random_resized_crop,random_resized_crop,0,"{""area_fraction"":0.540853,""aspect"":1.296774,""fallback"":false,""height"":0.645814,""left"":0.067774,""top"":0.337163,""width"":0.837475}",0.60301536,0.83116847,0.22815311,0.54715925,0.43554008,0.073669374,0.031504113,0.47348988,0.40403597,-0.069453914,0.63221783,1.6238054,73.111264,118.71847,False,0.89158201,True,True,True,0.63221783,1.6238054,73.111264,118.71847,0.62718988,1.6318566,72.114815,117.68104,0.87457001,1.3018244,12.029563,15.660379,0.29647001,1.6219986,14.411956,23.376171,0.61731138,1.7183263,31.417578,53.98565,0.66313961,1.6331917,40.19296,65.642808,0.63033041,1.7083152,35.899434,61.32755,0.64986695,1.4505972,33.189375,48.144414
0b_baseline_last,file,19,baseline,4848,083.White_breasted_Kingfisher/White_Breasted_Kingfisher_0118_73511.jpg,83,82,083.White_breasted_Kingfisher,31,30,gaussian_blur,gaussian_blur,0,"{""sigma"":1.383263}",0.60301536,0.6200996,0.017084241,0.54715925,0.53789085,0.073669374,0.016729774,0.47348988,0.52116108,0.047671197,0.59679132,1.2624016,73.111264,92.295781,False,0.92736602,True,True,True,0.59679132,1.2624016,73.111264,92.295781,0.58971267,1.2676718,72.114815,91.417916,0.91205528,1.0556857,12.029563,12.699438,0.36336603,1.6989063,14.411956,24.484563,0.53258432,1.5248586,31.417578,47.907363,0.56914724,1.2103732,40.19296,48.648481,0.64596037,1.1893833,35.899434,42.698188,0.72197426,1.0749389,33.189375,35.67655
0b_baseline_last,file,19,baseline,4848,083.White_breasted_Kingfisher/White_Breasted_Kingfisher_0118_73511.jpg,83,82,083.White_breasted_Kingfisher,31,30,random_erasing,random_erasing,0,"{""area_fraction"":0.175254,""erased"":true,""height"":0.351846,""left"":0.185277,""top"":0.539982,""width"":0.498097}",0.60301536,0.33924842,-0.26376694,0.54715925,0.71230549,0.073669374,0.026840935,0.47348988,0.68546455,0.21197467,0.83070755,0.63444121,73.111264,46.384799,False,0.96874285,True,True,True,0.83070755,0.63444121,73.111264,46.384799,0.8268963,0.63398877,72.114815,45.719983,0.96446651,0.65049196,12.029563,7.8251341,0.81513526,0.61917282,14.411956,8.9234912,0.83117714,0.64053888,31.417578,20.12418,0.85643641,0.64190278,40.19296,25.799972,0.79634691,0.63514726,35.899434,22.801427,0.81733792,0.61760282,33.189375,20.497851
0b_baseline_last,file,19,baseline,9080,155.Warbling_Vireo/Warbling_Vireo_0132_158420.jpg,155,154,155.Warbling_Vireo,2,1,identity,identity,0,{},3.4161072,3.4161072,0,0.032840025,0.032840025,0.067029528,0.067029528,-0.034189504,-0.034189504,0,1,1,159.64491,159.64491,False,0.99999982,True,False,False,1,1,159.64491,159.64491,1,1,157.66979,157.66979,1,1,25.034653,25.034653,1,1,35.228775,35.228775,1,1,63.525515,63.525515,1,1,85.696638,85.696638,1,1,84.600756,84.600756,1,1,71.288181,71.288181
0b_baseline_last,file,19,baseline,9080,155.Warbling_Vireo/Warbling_Vireo_0132_158420.jpg,155,154,155.Warbling_Vireo,2,1,horizontal_flip,horizontal_flip,0,"{""flipped"":true}",3.4161072,2.1044838,-1.3116233,0.032840025,0.12190858,0.067029528,0.030908413,-0.034189504,0.091000162,0.12518967,0.46136107,1.1283541,159.64491,180.13598,False,0.92668927,False,False,False,0.46136107,1.1283541,159.64491,180.13598,0.45195003,1.1321452,157.66979,178.5051,0.90453165,0.96605052,25.034653,24.18474,0.38659394,1.194752,35.228775,42.089651,0.21994938,1.3730434,63.525515,87.223289,0.42093672,1.1213298,85.696638,96.094195,0.54231205,1.068501,84.600756,90.395994,0.65236269,0.99971422,71.288181,71.267808
0b_baseline_last,file,19,baseline,9080,155.Warbling_Vireo/Warbling_Vireo_0132_158420.jpg,155,154,155.Warbling_Vireo,2,1,color_jitter,color_jitter,0,"{""brightness"":1.320927,""contrast"":0.712402,""hue"":-0.017408,""saturation"":1.365088}",3.4161072,4.5734806,1.1573734,0.032840025,0.01032197,0.067029528,0.0091985166,-0.034189504,0.0011234535,0.035312957,0.74874889,0.93919807,159.64491,149.93819,False,0.94891024,False,False,False,0.74874889,0.93919807,159.64491,149.93819,0.74353398,0.93565965,157.66979,147.52526,0.93617708,1.0701571,25.034653,26.791011,0.27384507,0.80040082,35.228775,28.197141,0.6785856,1.0069028,63.525515,63.964018,0.75717384,0.86468211,85.696638,74.10035,0.80075683,0.95628859,84.600756,80.902738,0.80170999,0.97601196,71.288181,69.578117
0b_baseline_last,file,19,baseline,9080,155.Warbling_Vireo/Warbling_Vireo_0132_158420.jpg,155,154,155.Warbling_Vireo,2,1,rotation,rotation,0,"{""angle"":-4.547871}",3.4161072,3.8319955,0.41588831,0.032840025,0.021666341,0.067029528,0.029494353,-0.034189504,-0.0078280121,0.026361492,0.7727157,1.1194153,159.64491,178.70896,False,0.94766402,False,False,False,0.7727157,1.1194153,159.64491,178.70896,0.76876746,1.1213282,157.66979,176.79958,0.94355942,1.0407093,25.034653,26.053795,0.76178384,1.165232,35.228775,41.049697,0.70041081,1.1924348,63.525515,75.750034,0.76556398,1.1369723,85.696638,97.4347,0.7872468,1.0967042,84.600756,92.782008,0.81263061,1.0621126,71.288181,75.716077
0b_baseline_last,file,19,baseline,9080,155.Warbling_Vireo/Warbling_Vireo_0132_158420.jpg,155,154,155.Warbling_Vireo,2,1,random_resized_crop,random_resized_crop,0,"{""area_fraction"":0.724781,""aspect"":1.02078,""fallback"":false,""height"":0.842631,""left"":0.074697,""top"":0.091841,""width"":0.86014}",3.4161072,4.5439787,1.1278715,0.032840025,0.010631024,0.067029528,0.022421805,-0.034189504,-0.011790781,0.022398722,0.68188027,1.2755835,159.64491,203.64041,False,0.94876575,False,False,False,0.68188027,1.2755835,159.64491,203.64041,0.67634947,1.2796609,157.66979,201.76388,0.94418123,1.1017445,25.034653,27.58179,0.55989041,1.6292137,35.228775,57.395202,0.61111995,1.5175811,63.525515,96.405117,0.68153335,1.2472958,85.696638,106.88906,0.71442805,1.161583,84.600756,98.270803,0.7455637,1.1768191,71.288181,83.893291
0b_baseline_last,file,19,baseline,9080,155.Warbling_Vireo/Warbling_Vireo_0132_158420.jpg,155,154,155.Warbling_Vireo,2,1,gaussian_blur,gaussian_blur,0,"{""sigma"":1.085472}",3.4161072,4.9709387,1.5548315,0.032840025,0.0069366321,0.067029528,0.017531559,-0.034189504,-0.010594927,0.023594577,0.69298874,1.2138356,159.64491,193.78267,False,0.9137308,False,False,False,0.69298874,1.2138356,159.64491,193.78267,0.68854826,1.2178663,157.66979,192.02072,0.90728125,1.0414498,25.034653,26.072334,0.59862329,1.3909948,35.228775,49.003044,0.5816873,1.3508321,63.525515,85.812303,0.7247826,1.210267,85.696638,103.71581,0.71687399,1.1664107,84.600756,98.679229,0.72718314,1.1406709,71.288181,81.316352
0b_baseline_last,file,19,baseline,9080,155.Warbling_Vireo/Warbling_Vireo_0132_158420.jpg,155,154,155.Warbling_Vireo,2,1,random_erasing,random_erasing,0,"{""area_fraction"":0.167396,""erased"":true,""height"":0.520131,""left"":0.643079,""top"":0.195286,""width"":0.321835}",3.4161072,4.8556662,1.439559,0.032840025,0.0077841454,0.067029528,0.074352808,-0.034189504,-0.066568663,-0.032379159,0.84859483,1.0440078,159.64491,166.67053,False,0.96962774,False,False,False,0.84859483,1.0440078,159.64491,166.67053,0.8457557,1.044867,157.66979,164.74397,0.96567065,1.0093359,25.034653,25.268373,0.88086744,1.0098352,35.228775,35.575258,0.7866727,1.0184433,63.525515,64.697136,0.86292527,0.99774968,85.696638,85.503793,0.85744535,1.0793506,84.600756,91.313878,0.84552736,1.090199,71.288181,77.718304
0b_baseline_last,file,19,baseline,5394,093.Clark_Nutcracker/Clark_Nutcracker_0098_85105.jpg,93,92,093.Clark_Nutcracker,19,18,identity,identity,0,{},0.05311441,0.05311441,0,0.94827151,0.94827151,0.010288276,0.010288276,0.93798324,0.93798324,0,1,1,12.280569,12.280569,False,1,True,True,True,1,1,12.280569,12.280569,1,1,12.175725,12.175725,1,1,1.6012769,1.6012769,1,1,2.4038053,2.4038053,1,1,7.8885248,7.8885248,1,1,5.911229,5.911229,1,1,4.9017591,4.9017591,1,1,4.6120835,4.6120835
0b_baseline_last,file,19,baseline,5394,093.Clark_Nutcracker/Clark_Nutcracker_0098_85105.jpg,93,92,093.Clark_Nutcracker,19,18,horizontal_flip,horizontal_flip,0,"{""flipped"":true}",0.05311441,0.058973402,0.0058589913,0.94827151,0.94273186,0.010288276,0.016644632,0.93798324,0.92608722,-0.011896012,0.79210602,1.0022426,12.280569,12.308109,False,0.97615671,True,True,True,0.79210602,1.0022426,12.280569,12.308109,0.78870948,0.99955785,12.175725,12.170342,0.97061344,1.1468279,1.6012769,1.8363891,0.69841805,0.87912276,2.4038053,2.1132399,0.861287,0.96342186,7.8885248,7.5999773,0.74889156,0.95925709,5.911229,5.6703883,0.70189144,1.0590789,4.9017591,5.1913496,0.78446585,1.1222148,4.6120835,5.1757482
0b_baseline_last,file,19,baseline,5394,093.Clark_Nutcracker/Clark_Nutcracker_0098_85105.jpg,93,92,093.Clark_Nutcracker,19,18,color_jitter,color_jitter,0,"{""brightness"":1.27264,""contrast"":1.266901,""hue"":0.070474,""saturation"":1.103824}",0.05311441,0.095443927,0.042329516,0.94827151,0.90896934,0.010288276,0.0087345224,0.93798324,0.90023482,-0.037748417,0.72882778,1.4712488,12.280569,18.067772,False,0.89733535,True,True,True,0.72882778,1.4712488,12.280569,18.067772,0.72609801,1.4690815,12.175725,17.887133,0.87680534,1.5915432,1.6012769,2.5485014,0.55119794,1.4184897,2.4038053,3.4097729,0.83246436,1.2156194,7.8885248,9.5894441,0.65669508,1.5632915,5.911229,9.2409741,0.69278617,1.7693052,4.9017591,8.6727076,0.73527914,1.6189789,4.6120835,7.4668661
0b_baseline_last,file,19,baseline,5394,093.Clark_Nutcracker/Clark_Nutcracker_0098_85105.jpg,93,92,093.Clark_Nutcracker,19,18,rotation,rotation,0,"{""angle"":-13.294635}",0.05311441,1.1139653,1.0608509,0.94827151,0.32825476,0.010288276,0.015113203,0.93798324,0.31314156,-0.62484168,0.7009102,13.917201,12.280569,170.91115,False,0.87643242,True,True,True,0.7009102,13.917201,12.280569,170.91115,0.69958776,13.941964,12.175725,169.75353,0.79160164,12.401677,1.6012769,19.85852,0.5987581,15.107482,2.4038053,36.315446,0.83360002,12.78186,7.8885248,100.83002,0.61132453,14.745557,5.911229,87.164363,0.60674687,15.291532,4.9017591,74.955407,0.65145508,13.908429,4.6120835,64.146835
0b_baseline_last,file,19,baseline,5394,093.Clark_Nutcracker/Clark_Nutcracker_0098_85105.jpg,93,92,093.Clark_Nutcracker,19,18,random_resized_crop,random_resized_crop,0,"{""area_fraction"":0.561945,""aspect"":1.181277,""fallback"":false,""height"":0.689717,""left"":0.084827,""top"":0.213086,""width"":0.814747}",0.05311441,0.36843351,0.31531909,0.94827151,0.69181722,0.010288276,0.0016598988,0.93798324,0.69015733,-0.24782591,0.71445489,5.8122586,12.280569,71.377843,False,0.87509823,True,True,True,0.71445489,5.8122586,12.280569,71.377843,0.71245175,5.8097184,12.175725,70.737535,0.82762285,5.9572857,1.6012769,9.5392642,0.73682736,7.0401,2.4038053,16.923029,0.80121888,4.6216036,7.8885248,36.457635,0.71323893,6.5334435,5.911229,38.62068,0.65370073,6.8764001,4.9017591,33.706456,0.6477086,5.9795988,4.6120835,27.578409
0b_baseline_last,file,19,baseline,5394,093.Clark_Nutcracker/Clark_Nutcracker_0098_85105.jpg,93,92,093.Clark_Nutcracker,19,18,gaussian_blur,gaussian_blur,0,"{""sigma"":1.433517}",0.05311441,1.111154,1.0580395,0.94827151,0.3291789,0.010288276,0.0099516949,0.93798324,0.3192272,-0.61875603,0.63678684,11.839784,12.280569,145.39928,False,0.80914479,True,True,True,0.63678684,11.839784,12.280569,145.39928,0.63430143,11.834109,12.175725,144.08886,0.77683205,12.163374,1.6012769,19.47693,0.66180642,15.258637,2.4038053,36.678793,0.73143139,10.08063,7.8885248,79.521302,0.59452077,11.673787,5.911229,69.006425,0.56140759,14.038418,4.9017591,68.812941,0.59211177,13.00121,4.6120835,59.962668
0b_baseline_last,file,19,baseline,5394,093.Clark_Nutcracker/Clark_Nutcracker_0098_85105.jpg,93,92,093.Clark_Nutcracker,19,18,random_erasing,random_erasing,0,"{""area_fraction"":0.108012,""erased"":true,""height"":0.181366,""left"":0.356726,""top"":0.660348,""width"":0.595546}",0.05311441,0.20935135,0.15623694,0.94827151,0.8111102,0.010288276,0.019735234,0.93798324,0.79137496,-0.14660827,0.90257316,3.7977071,12.280569,46.638005,False,0.96393162,True,True,True,0.90257316,3.7977071,12.280569,46.638005,0.90180791,3.8020706,12.175725,46.292968,0.95247686,3.5362794,1.6012769,5.6625627,0.82899146,3.7426843,2.4038053,8.9966843,0.94871242,3.9670778,7.8885248,31.294392,0.88608763,3.5190026,5.911229,20.80163,0.85931779,3.8536249,4.9017591,18.889541,0.85655349,3.7128912,4.6120835,17.124164
0b_baseline_last,file,19,baseline,4994,086.Pacific_Loon/Pacific_Loon_0063_75865.jpg,86,85,086.Pacific_Loon,23,22,identity,identity,0,{},0.12837106,0.12837106,0,0.87952697,0.87952697,0.029022031,0.029022031,0.85050494,0.85050494,0,1,1,24.067195,24.067195,False,0.99999988,True,True,True,1,1,24.067195,24.067195,1,1,23.807031,23.807031,1,1,3.5291866,3.5291866,1,1,5.5888802,5.5888802,1,1,10.602869,10.602869,1,1,12.865359,12.865359,1,1,11.044708,11.044708,1,1,11.645397,11.645397
0b_baseline_last,file,19,baseline,4994,086.Pacific_Loon/Pacific_Loon_0063_75865.jpg,86,85,086.Pacific_Loon,23,22,horizontal_flip,horizontal_flip,0,"{""flipped"":true}",0.12837106,0.97755277,0.84918171,0.87952697,0.37623069,0.029022031,0.13681947,0.85050494,0.23941122,-0.61109372,0.62961816,5.2620816,24.067195,126.64354,False,0.94064415,True,True,True,0.62961816,5.2620816,24.067195,126.64354,0.62300532,5.2622444,23.807031,125.27841,0.93097179,5.254667,3.5291866,18.5447,0.49377929,6.1423353,5.5888802,34.328776,0.61222896,5.226207,10.602869,55.412786,0.58976734,5.2633374,12.865359,67.714725,0.60112551,5.3879558,11.044708,59.508399,0.73749632,4.9471632,11.645397,57.61168
0b_baseline_last,file,19,baseline,4994,086.Pacific_Loon/Pacific_Loon_0063_75865.jpg,86,85,086.Pacific_Loon,23,22,color_jitter,color_jitter,0,"{""brightness"":0.88569,""contrast"":1.391165,""hue"":0.089943,""saturation"":1.105776}",0.12837106,0.61301291,0.48464185,0.87952697,0.54171628,0.029022031,0.086432502,0.85050494,0.45528378,-0.39522117,0.85212559,3.3561781,24.067195,80.773792,False,0.968687,True,True,True,0.85212559,3.3561781,24.067195,80.773792,0.84957362,3.3524402,23.807031,79.811647,0.9636754,3.5220755,3.5291866,12.430061,0.77129922,4.0442443,5.5888802,22.602797,0.81821114,3.3725458,10.602869,35.75866,0.86215673,3.150471,12.865359,40.53194,0.84739109,3.3368645,11.044708,36.854695,0.89047156,3.4124602,11.645397,39.739454
0b_baseline_last,file,19,baseline,4994,086.Pacific_Loon/Pacific_Loon_0063_75865.jpg,86,85,086.Pacific_Loon,23,22,rotation,rotation,0,"{""angle"":-13.902613}",0.12837106,1.495559,1.3671879,0.87952697,0.22412328,0.029022031,0.031800576,0.85050494,0.19232271,-0.65818223,0.65959426,5.527692,24.067195,133.03604,False,0.92774665,True,True,True,0.65959426,5.527692,24.067195,133.03604,0.65424716,5.5232138,23.807031,131.49132,0.89465208,5.7277695,3.5291866,20.214367,0.80102385,5.7664602,5.5888802,32.228055,0.72334276,5.0930929,10.602869,54.001395,0.55347401,5.2858717,12.865359,68.004636,0.63160243,5.9864316,11.044708,66.118389,0.70937808,5.6563385,11.645397,65.870307
0b_baseline_last,file,19,baseline,4994,086.Pacific_Loon/Pacific_Loon_0063_75865.jpg,86,85,086.Pacific_Loon,23,22,random_resized_crop,random_resized_crop,0,"{""area_fraction"":0.633082,""aspect"":0.830947,""fallback"":false,""height"":0.872858,""left"":0.205273,""top"":0.078432,""width"":0.725298}",0.12837106,1.0155454,0.88717431,0.87952697,0.36220485,0.029022031,0.13350977,0.85050494,0.22869508,-0.62180986,0.78822857,5.1244712,24.067195,123.33165,False,0.95616734,True,True,True,0.78822857,5.1244712,24.067195,123.33165,0.78479379,5.1258692,23.807031,122.03173,0.94661336,5.060448,3.5291866,17.859265,0.78509905,6.5719551,5.5888802,36.72987,0.75379222,5.3294326,10.602869,56.507274,0.78828104,4.7399305,12.865359,60.980907,0.76916406,5.0616032,11.044708,55.90393,0.83225785,5.084298,11.645397,59.208669
0b_baseline_last,file,19,baseline,4994,086.Pacific_Loon/Pacific_Loon_0063_75865.jpg,86,85,086.Pacific_Loon,23,22,gaussian_blur,gaussian_blur,0,"{""sigma"":1.469112}",0.12837106,2.4419067,2.3135356,0.87952697,0.086994812,0.029022031,0.48192975,0.85050494,-0.39493494,-1.2454399,0.66883003,9.5559325,24.067195,229.98449,False,0.89449924,False,True,False,0.66883003,9.5559325,24.067195,229.98449,0.66542601,9.5852726,23.807031,228.19688,0.86112669,8.1092484,3.5291866,28.61905,0.76852685,13.686871,5.5888802,76.494284,0.63997319,11.790474,10.602869,125.01285,0.64940167,8.7682931,12.865359,112.80724,0.67556205,9.0087119,11.044708,99.498593,0.72466672,7.6655221,11.645397,89.268049
0b_baseline_last,file,19,baseline,4994,086.Pacific_Loon/Pacific_Loon_0063_75865.jpg,86,85,086.Pacific_Loon,23,22,random_erasing,random_erasing,0,"{""area_fraction"":0.096601,""erased"":true,""height"":0.201831,""left"":0.140445,""top"":0.223434,""width"":0.478625}",0.12837106,0.74745542,0.61908436,0.87952697,0.47357008,0.029022031,0.01643539,0.85050494,0.45713469,-0.39337025,0.74813487,4.4053592,24.067195,106.02464,False,0.9153471,True,True,True,0.74813487,4.4053592,24.067195,106.02464,0.7458406,4.419811,23.807031,105.22258,0.88529932,3.6882884,3.5291866,13.016658,0.83298003,4.3889086,5.5888802,24.529084,0.74257442,4.8754289,10.602869,51.693532,0.72619181,4.2425323,12.865359,54.581701,0.73758722,4.4506192,11.044708,49.15579,0.76520275,4.2089322,11.645397,49.014687
0b_baseline_last,file,19,baseline,11088,189.Red_bellied_Woodpecker/Red_Bellied_Woodpecker_0125_180780.jpg,189,188,189.Red_bellied_Woodpecker,36,35,identity,identity,0,{},0.002976751,0.002976751,0,0.9970277,0.9970277,0.001930078,0.001930078,0.99509762,0.99509762,0,1,1,0.49572418,0.49572418,False,1,True,True,True,1,1,0.49572418,0.49572418,1,1,0.48355468,0.48355468,1,1,0.10916655,0.10916655,1,1,0.10342621,0.10342621,1,1,0.17485979,0.17485979,1,1,0.2335992,0.2335992,1,1,0.23967809,0.23967809,1,1,0.28379221,0.28379221
0b_baseline_last,file,19,baseline,11088,189.Red_bellied_Woodpecker/Red_Bellied_Woodpecker_0125_180780.jpg,189,188,189.Red_bellied_Woodpecker,36,35,horizontal_flip,horizontal_flip,0,"{""flipped"":true}",0.002976751,0.0019377756,-0.0010389753,0.9970277,0.9980641,0.001930078,0.0011770217,0.99509762,0.99688708,0.0017894619,0.68871763,0.60659812,0.49572418,0.30070535,False,0.97441924,True,True,True,0.68871763,0.60659812,0.49572418,0.30070535,0.6735421,0.60513663,0.48355468,0.29261665,0.97338807,0.63459287,0.10916655,0.069276316,0.28049287,0.50060203,0.10342621,0.05177537,0.61693799,0.58398005,0.17485979,0.10211463,0.6770554,0.61864688,0.2335992,0.14451542,0.61299878,0.60914905,0.23967809,0.14599968,0.77872495,0.61352753,0.28379221,0.17411434
0b_baseline_last,file,19,baseline,11088,189.Red_bellied_Woodpecker/Red_Bellied_Woodpecker_0125_180780.jpg,189,188,189.Red_bellied_Woodpecker,36,35,color_jitter,color_jitter,0,"{""brightness"":0.86638,""contrast"":1.254693,""hue"":0.065738,""saturation"":0.705738}",0.002976751,0.11451305,0.1115363,0.9970277,0.89180028,0.001930078,0.0041693826,0.99509762,0.8876309,-0.10746672,0.60381976,31.794145,0.49572418,15.761126,False,0.91187382,True,True,True,0.60381976,31.794145,0.49572418,15.761126,0.59627343,31.937323,0.48355468,15.443442,0.77077912,28.841475,0.10916655,3.1485244,0.64986621,34.30979,0.10342621,3.5485315,0.53423078,33.874343,0.17485979,5.9232606,0.55982375,30.98673,0.2335992,7.2384754,0.55059261,32.422644,0.23967809,7.7709975,0.67366355,31.128273,0.28379221,8.8339615
0b_baseline_last,file,19,baseline,11088,189.Red_bellied_Woodpecker/Red_Bellied_Woodpecker_0125_180780.jpg,189,188,189.Red_bellied_Woodpecker,36,35,rotation,rotation,0,"{""angle"":-1.730436}",0.002976751,0.0042694137,0.0012926627,0.9970277,0.9957397,0.001930078,0.0035176564,0.99509762,0.99222204,-0.0028755751,0.86493662,1.7060293,0.49572418,0.84571998,False,0.98866397,True,True,True,0.86493662,1.7060293,0.49572418,0.84571998,0.85929978,1.7096514,0.48355468,0.82670993,0.981562,1.6333379,0.10916655,0.17830587,0.85356703,1.6205915,0.10342621,0.16761164,0.83869437,1.8604328,0.17485979,0.3253149,0.86212843,1.9447416,0.2335992,0.4542901,0.84519143,1.7084615,0.23967809,0.4094808,0.89643288,1.4760574,0.28379221,0.41889359
0b_baseline_last,file,19,baseline,11088,189.Red_bellied_Woodpecker/Red_Bellied_Woodpecker_0125_180780.jpg,189,188,189.Red_bellied_Woodpecker,36,35,random_resized_crop,random_resized_crop,0,"{""area_fraction"":0.764105,""aspect"":0.921248,""fallback"":false,""height"":0.910727,""left"":0.056838,""top"":0.062324,""width"":0.839006}",0.002976751,0.003810171,0.00083342008,0.9970277,0.9961971,0.001930078,0.0029198141,0.99509762,0.99327729,-0.0018203268,0.73485108,1.5461178,0.49572418,0.76644798,False,0.96940553,True,True,True,0.73485108,1.5461178,0.49572418,0.76644798,0.72484138,1.5550003,0.48355468,0.75192767,0.96569453,1.3601536,0.10916655,0.14848328,0.68548872,1.272855,0.10342621,0.13164657,0.71090923,1.7831932,0.17485979,0.3118088,0.73540034,1.774554,0.2335992,0.4145344,0.67809273,1.5517056,0.23967809,0.37190983,0.78726643,1.3216665,0.28379221,0.37507865
0b_baseline_last,file,19,baseline,11088,189.Red_bellied_Woodpecker/Red_Bellied_Woodpecker_0125_180780.jpg,189,188,189.Red_bellied_Woodpecker,36,35,gaussian_blur,gaussian_blur,0,"{""sigma"":1.757792}",0.002976751,2.7322094,2.7292327,0.9970277,0.065075353,0.001930078,0.026743887,0.99509762,0.038331466,-0.95676615,0.17431514,291.50762,0.49572418,144.50738,False,0.73106945,False,True,False,0.17431514,291.50762,0.49572418,144.50738,0.15400821,290.68387,0.48355468,140.56154,0.55155206,307.22372,0.10916655,33.538555,0.32944054,366.29355,0.10342621,37.884353,0.16493475,350.11907,0.17485979,61.221749,0.098486561,313.09654,0.2335992,73.139103,0.069127768,278.12579,0.23967809,66.660658,0.23564879,243.65212,0.28379221,69.146575
0b_baseline_last,file,19,baseline,11088,189.Red_bellied_Woodpecker/Red_Bellied_Woodpecker_0125_180780.jpg,189,188,189.Red_bellied_Woodpecker,36,35,random_erasing,random_erasing,0,"{""area_fraction"":0.064196,""erased"":true,""height"":0.392672,""left"":0.679621,""top"":0.445084,""width"":0.163484}",0.002976751,0.0041200761,0.0011433251,0.9970277,0.99588841,0.001930078,0.0020863202,0.99509762,0.99380209,-0.0012955253,0.87736625,1.2710005,0.49572418,0.63006569,False,0.99278343,True,True,True,0.87736625,1.2710005,0.49572418,0.63006569,0.87168953,1.2696417,0.48355468,0.6139412,0.98656072,1.297373,0.10916655,0.14162974,0.94011064,1.4474867,0.10342621,0.14970807,0.83538998,1.2148592,0.17485979,0.21243004,0.86718871,1.2533939,0.2335992,0.29279181,0.83092604,1.242966,0.23967809,0.29791173,0.90709747,1.2942426,0.28379221,0.36729597
0b_baseline_last,file,19,baseline,4716,081.Pied_Kingfisher/Pied_Kingfisher_0071_72576.jpg,81,80,081.Pied_Kingfisher,192,191,identity,identity,0,{},0.10932248,0.10932248,0,0.89644128,0.89644128,0.043750182,0.043750182,0.8526911,0.8526911,0,1,1,23.237101,23.237101,False,1,True,True,True,1,1,23.237101,23.237101,1,1,22.985515,22.985515,1,1,3.410129,3.410129,1,1,6.7405017,6.7405017,1,1,10.416094,10.416094,1,1,11.875764,11.875764,1,1,11.980809,11.980809,1,1,9.4779189,9.4779189
0b_baseline_last,file,19,baseline,4716,081.Pied_Kingfisher/Pied_Kingfisher_0071_72576.jpg,81,80,081.Pied_Kingfisher,192,191,horizontal_flip,horizontal_flip,0,"{""flipped"":true}",0.10932248,0.10862153,-0.00070095062,0.89644128,0.89706987,0.043750182,0.0059312745,0.8526911,0.8911386,0.038447498,0.6565599,0.85946899,23.237101,19.971568,False,0.94352531,True,True,True,0.6565599,0.85946899,23.237101,19.971568,0.65133405,0.85737019,22.985515,19.707095,0.87421784,0.94994437,3.410129,3.2394328,0.56431573,0.8618443,6.7405017,5.809263,0.6515618,0.77156871,10.416094,8.0367325,0.61923911,0.82350022,11.875764,9.7796942,0.66127419,0.89173424,11.980809,10.683698,0.72831589,0.94516428,9.4779189,8.9581905
0b_baseline_last,file,19,baseline,4716,081.Pied_Kingfisher/Pied_Kingfisher_0071_72576.jpg,81,80,081.Pied_Kingfisher,192,191,color_jitter,color_jitter,0,"{""brightness"":1.335165,""contrast"":1.247795,""hue"":-0.043644,""saturation"":1.262387}",0.10932248,0.49246264,0.38314015,0.89644128,0.61111957,0.043750182,0.19452745,0.8526911,0.41659212,-0.43609898,0.74685629,3.2654674,23.237101,75.879997,False,0.94187897,True,True,True,0.74685629,3.2654674,23.237101,75.879997,0.74271974,3.2605613,22.985515,74.94568,0.92444799,3.481079,3.410129,11.870928,0.53991268,2.7061123,6.7405017,18.240555,0.68388276,3.0424373,10.416094,31.690313,0.75562599,3.3231568,11.875764,39.465026,0.78602478,3.3341824,11.980809,39.946203,0.80785007,3.5414906,9.4779189,33.565961
0b_baseline_last,file,19,baseline,4716,081.Pied_Kingfisher/Pied_Kingfisher_0071_72576.jpg,81,80,081.Pied_Kingfisher,192,191,rotation,rotation,0,"{""angle"":8.301379}",0.10932248,0.50382,0.39449752,0.89644128,0.60421813,0.043750182,0.041140065,0.8526911,0.56307806,-0.28961304,0.75598112,3.2860262,23.237101,76.357723,False,0.94431025,True,True,True,0.75598112,3.2860262,23.237101,76.357723,0.75302354,3.2758306,22.985515,75.296652,0.88027803,3.7198802,3.410129,12.685271,0.68239159,2.9373174,6.7405017,19.798993,0.77126646,2.9604478,10.416094,30.836303,0.75276539,3.2100927,11.875764,38.122304,0.76159554,3.3714726,11.980809,40.392969,0.76384384,3.7180386,9.4779189,35.239269
0b_baseline_last,file,19,baseline,4716,081.Pied_Kingfisher/Pied_Kingfisher_0071_72576.jpg,81,80,081.Pied_Kingfisher,192,191,random_resized_crop,random_resized_crop,0,"{""area_fraction"":0.544328,""aspect"":1.207769,""fallback"":false,""height"":0.671334,""left"":0.14694,""top"":0.261248,""width"":0.810816}",0.10932248,1.9041393,1.7948168,0.89644128,0.14895079,0.043750182,0.0077944538,0.8526911,0.14115633,-0.71153477,0.61986752,5.9863147,23.237101,139.1046,False,0.87483764,False,True,False,0.61986752,5.9863147,23.237101,139.1046,0.61530866,5.9445724,22.985515,136.63906,0.80008684,7.6460693,3.410129,26.074082,0.72037817,5.8695755,6.7405017,39.563884,0.68626208,6.7371443,10.416094,70.17473,0.49821759,5.631573,11.875764,66.879231,0.6247221,5.4713596,11.980809,65.551314,0.63673687,6.1617551,9.4779189,58.400615
0b_baseline_last,file,19,baseline,4716,081.Pied_Kingfisher/Pied_Kingfisher_0071_72576.jpg,81,80,081.Pied_Kingfisher,192,191,gaussian_blur,gaussian_blur,0,"{""sigma"":1.891798}",0.10932248,0.23527998,0.1259575,0.89644128,0.79034954,0.043750182,0.0060367128,0.8526911,0.78431283,-0.068378269,0.63292256,1.6719211,23.237101,38.8506,False,0.91791046,True,True,True,0.63292256,1.6719211,23.237101,38.8506,0.62734165,1.658291,22.985515,38.116671,0.84873539,2.2039877,3.410129,7.5158824,0.61845861,1.6584197,6.7405017,11.178581,0.57555007,1.5829179,10.416094,16.487822,0.57525604,1.6044155,11.875764,19.053659,0.65063172,1.6141626,11.980809,19.338974,0.72817552,1.8845401,9.4779189,17.861518
0b_baseline_last,file,19,baseline,4716,081.Pied_Kingfisher/Pied_Kingfisher_0071_72576.jpg,81,80,081.Pied_Kingfisher,192,191,random_erasing,random_erasing,0,"{""area_fraction"":0.074585,""erased"":true,""height"":0.281305,""left"":0.683144,""top"":0.599256,""width"":0.265138}",0.10932248,0.13001049,0.020688005,0.89644128,0.87808621,0.043750182,0.04172371,0.8526911,0.8363625,-0.016328599,0.96202734,1.1493388,23.237101,26.707303,False,0.98851663,True,True,True,0.96202734,1.1493388,23.237101,26.707303,0.96161129,1.1491126,22.985515,26.412945,0.98079768,1.1595693,3.410129,3.954281,0.93700402,1.0476838,6.7405017,7.0619142,0.96828452,1.1041953,10.416094,11.501402,0.96520933,1.1844231,11.875764,14.065929,0.9653763,1.1720913,11.980809,14.042602,0.95711968,1.1579312,9.4779189,10.974778
0b_baseline_last,file,19,baseline,10989,187.American_Three_toed_Woodpecker/American_Three_Toed_Woodpecker_0004_179908.jpg,187,186,187.American_Three_toed_Woodpecker,190,189,identity,identity,0,{},0.074755482,0.074755482,0,0.92797035,0.92797035,0.068237022,0.068237022,0.85973333,0.85973333,0,1,1,23.32931,23.32931,False,1,True,True,True,1,1,23.32931,23.32931,1,1,23.127051,23.127051,1,1,3.0653193,3.0653193,1,1,7.3569981,7.3569981,1,1,11.083711,11.083711,1,1,12.614999,12.614999,1,1,11.068128,11.068128,1,1,8.7318263,8.7318263
0b_baseline_last,file,19,baseline,10989,187.American_Three_toed_Woodpecker/American_Three_Toed_Woodpecker_0004_179908.jpg,187,186,187.American_Three_toed_Woodpecker,190,189,horizontal_flip,horizontal_flip,0,"{""flipped"":true}",0.074755482,0.016691554,-0.058063928,0.92797035,0.98344696,0.068237022,0.015197847,0.85973333,0.96824911,0.10851578,0.79341038,0.19346871,23.32931,4.5134914,False,0.96032965,True,True,True,0.79341038,0.19346871,23.32931,4.5134914,0.79018481,0.19288697,23.127051,4.4609068,0.96020674,0.22410748,3.0653193,0.68696099,0.76302448,0.15799092,7.3569981,1.1623389,0.80327181,0.20363603,11.083711,2.2570428,0.81998024,0.19567044,12.614999,2.4683824,0.74724197,0.18142806,11.068128,2.0080689,0.80094319,0.20895965,8.7318263,1.8245994
0b_baseline_last,file,19,baseline,10989,187.American_Three_toed_Woodpecker/American_Three_Toed_Woodpecker_0004_179908.jpg,187,186,187.American_Three_toed_Woodpecker,190,189,color_jitter,color_jitter,0,"{""brightness"":1.25767,""contrast"":1.026582,""hue"":-0.04698,""saturation"":1.342738}",0.074755482,0.078079365,0.0033238828,0.92797035,0.924891,0.068237022,0.067964584,0.85973333,0.85692641,-0.0028069168,0.93089418,0.93105233,23.32931,21.720808,False,0.98387122,True,True,True,0.93089418,0.93105233,23.32931,21.720808,0.92995711,0.93082345,23.127051,21.527202,0.98358145,0.94398943,3.0653193,2.893629,0.93966026,0.92711786,7.3569981,6.8208044,0.92900657,0.89101774,11.083711,9.8757828,0.92934801,0.92059585,12.614999,11.613316,0.92564331,0.94526452,11.068128,10.462308,0.93613582,0.99204762,8.7318263,8.6623875
0b_baseline_last,file,19,baseline,10989,187.American_Three_toed_Woodpecker/American_Three_Toed_Woodpecker_0004_179908.jpg,187,186,187.American_Three_toed_Woodpecker,190,189,rotation,rotation,0,"{""angle"":13.073302}",0.074755482,0.16448574,0.089730255,0.92797035,0.84832984,0.068237022,0.14417253,0.85973333,0.70415731,-0.15557602,0.84175416,2.1808773,23.32931,50.878363,False,0.966573,True,True,True,0.84175416,2.1808773,23.32931,50.878363,0.83976242,2.1835587,23.127051,50.499274,0.96660072,2.0223941,3.0653193,6.1992836,0.70069812,2.1447765,7.3569981,15.779117,0.84322625,2.4125345,11.083711,26.739834,0.86321135,2.1155406,12.614999,26.687543,0.85457354,2.113893,11.068128,23.396837,0.8720079,2.0694905,8.7318263,18.070431
0b_baseline_last,file,19,baseline,10989,187.American_Three_toed_Woodpecker/American_Three_Toed_Woodpecker_0004_179908.jpg,187,186,187.American_Three_toed_Woodpecker,190,189,random_resized_crop,random_resized_crop,0,"{""area_fraction"":0.731268,""aspect"":0.781944,""fallback"":false,""height"":0.967053,""left"":0.030089,""top"":0.021292,""width"":0.756182}",0.074755482,0.033213086,-0.041542396,0.92797035,0.96733242,0.068237022,0.021193247,0.85973333,0.94613918,0.086405847,0.81953781,0.37795661,23.32931,8.8174668,False,0.95206583,True,True,True,0.81953781,0.37795661,23.32931,8.8174668,0.81742103,0.37755271,23.127051,8.7316809,0.93456547,0.40027654,3.0653193,1.2269754,0.80098798,0.34761186,7.3569981,2.5573798,0.85507154,0.40667929,11.083711,4.5075156,0.82553373,0.37687373,12.614999,4.7542618,0.78726047,0.35058076,11.068128,3.8802727,0.80124657,0.39214657,8.7318263,3.4241557
0b_baseline_last,file,19,baseline,10989,187.American_Three_toed_Woodpecker/American_Three_Toed_Woodpecker_0004_179908.jpg,187,186,187.American_Three_toed_Woodpecker,190,189,gaussian_blur,gaussian_blur,0,"{""sigma"":1.819365}",0.074755482,0.46670043,0.39194495,0.92797035,0.62706792,0.068237022,0.21202128,0.85973333,0.41504665,-0.44468668,0.58065721,3.5130679,23.32931,81.957448,False,0.84505928,True,True,True,0.58065721,3.5130679,23.32931,81.957448,0.5758895,3.4901287,23.127051,80.716387,0.8079894,4.6353205,3.0653193,14.208738,0.36401022,2.9119238,7.3569981,21.423018,0.53364818,3.3403632,11.083711,37.02362,0.60200479,3.4255644,12.614999,43.213492,0.62657079,3.6711897,11.068128,40.633197,0.63263272,3.9122476,8.7318263,34.161066
0b_baseline_last,file,19,baseline,10989,187.American_Three_toed_Woodpecker/American_Three_Toed_Woodpecker_0004_179908.jpg,187,186,187.American_Three_toed_Woodpecker,190,189,random_erasing,random_erasing,0,"{""area_fraction"":0.126165,""erased"":true,""height"":0.218425,""left"":0.312558,""top"":0.713179,""width"":0.577612}",0.074755482,0.78533494,0.71057946,0.92797035,0.45596695,0.068237022,0.42567164,0.85973333,0.030295312,-0.82943802,0.92791761,4.9167496,23.32931,114.70437,False,0.94335288,True,True,True,0.92791761,4.9167496,23.32931,114.70437,0.92779156,4.9073167,23.127051,113.49177,0.93901641,5.4267326,3.0653193,16.634668,0.91036723,4.3294964,7.3569981,31.852097,0.94147125,4.8530403,11.083711,53.789695,0.94553011,4.7375693,12.614999,59.764432,0.92527343,5.0892978,11.068128,56.328998,0.89981867,5.4054041,8.7318263,47.19905
0b_baseline_last,file,19,baseline,8410,144.Common_Tern/Common_Tern_0100_149541.jpg,144,143,144.Common_Tern,145,144,identity,identity,0,{},7.8917022,7.8917022,0,0.00037383274,0.00037383274,0.88706106,0.88706106,-0.88668723,-0.88668723,0,1,1,275.70545,275.70545,False,0.99999994,True,False,False,1,1,275.70545,275.70545,1,1,272.69901,272.69901,1,1,40.604724,40.604724,1,1,73.561456,73.561456,1,1,117.02478,117.02478,1,1,134.81985,134.81985,1,1,142.59302,142.59302,1,1,129.41987,129.41987
0b_baseline_last,file,19,baseline,8410,144.Common_Tern/Common_Tern_0100_149541.jpg,144,143,144.Common_Tern,145,144,horizontal_flip,horizontal_flip,0,"{""flipped"":true}",7.8917022,5.7879386,-2.1037636,0.00037383274,0.0030642929,0.88706106,0.81618488,-0.88668723,-0.81312059,0.073566641,0.66164391,1.1665877,275.70545,321.6346,False,0.97378683,True,False,False,0.66164391,1.1665877,275.70545,321.6346,0.65675454,1.1718434,272.69901,319.56054,0.97254237,0.89810892,40.604724,36.467465,0.54456492,1.185954,73.561456,87.2405,0.5133021,1.3554407,117.02478,158.62014,0.63993708,1.2371555,134.81985,166.79312,0.71030933,1.0884535,142.59302,155.20588,0.82494235,1.0203714,129.41987,132.05633
0b_baseline_last,file,19,baseline,8410,144.Common_Tern/Common_Tern_0100_149541.jpg,144,143,144.Common_Tern,145,144,color_jitter,color_jitter,0,"{""brightness"":0.984268,""contrast"":0.748437,""hue"":-0.071721,""saturation"":0.949907}",7.8917022,6.7939119,-1.0977902,0.00037383274,0.0011205769,0.88706106,0.6358304,-0.88668723,-0.63470983,0.2519774,0.8383136,0.9798868,275.70545,270.16013,False,0.97077572,True,False,False,0.8383136,0.9798868,275.70545,270.16013,0.83616037,0.98068067,272.69901,267.43065,0.93988881,0.94338591,40.604724,38.305924,0.78123406,0.91689419,73.561456,67.448071,0.74339502,1.0553131,117.02478,123.49778,0.85228061,1.0179842,134.81985,137.24448,0.87273877,0.94569142,142.59302,134.849,0.88005047,0.93675677,129.41987,121.23494
0b_baseline_last,file,19,baseline,8410,144.Common_Tern/Common_Tern_0100_149541.jpg,144,143,144.Common_Tern,145,144,rotation,rotation,0,"{""angle"":-7.752798}",7.8917022,5.1900582,-2.7016439,0.00037383274,0.0055716815,0.88706106,0.75050038,-0.88668723,-0.7449287,0.14175853,0.76973926,0.92213173,275.70545,254.23674,False,0.94595748,True,False,False,0.76973926,0.92213173,275.70545,254.23674,0.76614397,0.92300946,272.69901,251.70377,0.94030418,0.88163466,40.604724,35.798532,0.71747794,0.6688901,73.561456,49.204529,0.65337264,0.80725441,117.02478,94.468767,0.72753175,0.9537466,134.81985,128.58397,0.81545987,1.0023178,142.59302,142.92352,0.8526166,0.94785943,129.41987,122.67185
0b_baseline_last,file,19,baseline,8410,144.Common_Tern/Common_Tern_0100_149541.jpg,144,143,144.Common_Tern,145,144,random_resized_crop,random_resized_crop,0,"{""area_fraction"":0.553108,""aspect"":0.959429,""fallback"":false,""height"":0.759274,""left"":0.067076,""top"":0.012052,""width"":0.72847}",7.8917022,5.8187919,-2.0729103,0.00037383274,0.0029711926,0.88706106,0.66374499,-0.88668723,-0.66077379,0.22591343,0.71245762,0.87439134,275.70545,241.07446,False,0.93609911,True,False,False,0.71245762,0.87439134,275.70545,241.07446,0.70846508,0.87642105,272.69901,238.99915,0.92051929,0.77735264,40.604724,31.564189,0.66542877,0.75320571,73.561456,55.406909,0.64352007,0.875348,117.02478,102.4374,0.69113639,0.94486839,134.81985,127.38701,0.72396331,0.88012841,142.59302,125.50017,0.7842649,0.83146508,129.41987,107.6081
0b_baseline_last,file,19,baseline,8410,144.Common_Tern/Common_Tern_0100_149541.jpg,144,143,144.Common_Tern,145,144,gaussian_blur,gaussian_blur,0,"{""sigma"":1.330394}",7.8917022,3.9761634,-3.9155388,0.00037383274,0.018757464,0.88706106,0.50498497,-0.88668723,-0.48622751,0.40045972,0.64845933,0.8768609,275.70545,241.75533,False,0.90973592,True,False,False,0.64845933,0.8768609,275.70545,241.75533,0.64457702,0.87948325,272.69901,239.83421,0.86225574,0.74909834,40.604724,30.416931,0.40908876,0.84569569,73.561456,62.210606,0.57605722,0.9549531,117.02478,111.75317,0.65666483,0.94994944,134.81985,128.07204,0.69952177,0.88638513,142.59302,126.39234,0.72595693,0.72417979,129.41987,93.723255
0b_baseline_last,file,19,baseline,8410,144.Common_Tern/Common_Tern_0100_149541.jpg,144,143,144.Common_Tern,145,144,random_erasing,random_erasing,0,"{""area_fraction"":0.064762,""erased"":true,""height"":0.152629,""left"":0.41779,""top"":0.73667,""width"":0.42431}",7.8917022,7.1412702,-0.75043201,0.00037383274,0.00079174573,0.88706106,0.82249391,-0.88668723,-0.82170217,0.064985062,0.92657079,0.95302536,275.70545,262.75428,False,0.97997773,True,False,False,0.92657079,0.95302536,275.70545,262.75428,0.92542452,0.95240478,272.69901,259.71984,0.97717075,0.98060766,40.604724,39.817303,0.87497744,0.71268214,73.561456,52.425935,0.93370807,0.92034396,117.02478,107.70305,0.93021181,0.96452377,134.81985,130.03695,0.92810423,0.99542687,142.59302,141.94093,0.93366939,0.97886967,129.41987,126.68519
0b_baseline_last,file,19,baseline,10124,172.Nashville_Warbler/Nashville_Warbler_0076_167389.jpg,172,171,172.Nashville_Warbler,16,15,identity,identity,0,{},0.075018622,0.075018622,0,0.92772621,0.92772621,0.041091044,0.041091044,0.88663517,0.88663517,0,1,1,11.274744,11.274744,False,0.99999994,True,True,True,1,1,11.274744,11.274744,1,1,11.071846,11.071846,1,1,2.1293394,2.1293394,1,1,1.7576511,1.7576511,1,1,4.7133608,4.7133608,1,1,6.2129922,6.2129922,1,1,5.5119253,5.5119253,1,1,5.3195926,5.3195926
0b_baseline_last,file,19,baseline,10124,172.Nashville_Warbler/Nashville_Warbler_0076_167389.jpg,172,171,172.Nashville_Warbler,16,15,horizontal_flip,horizontal_flip,0,"{""flipped"":true}",0.075018622,0.050743923,-0.024274699,0.92772621,0.95052207,0.041091044,0.0060730716,0.88663517,0.94444899,0.057813828,0.54481621,0.66026714,11.274744,7.444343,False,0.93960798,True,True,True,0.54481621,0.66026714,11.274744,7.444343,0.53478639,0.66324298,11.071846,7.3433239,0.86367389,0.57399295,2.1293394,1.2222258,0.35175047,0.814045,1.7576511,1.4308071,0.54884224,0.66331932,4.7133608,3.1264633,0.53531389,0.64605732,6.2129922,4.0139491,0.48600146,0.66875047,5.5119253,3.6861026,0.60228267,0.66204877,5.3195926,3.5218298
0b_baseline_last,file,19,baseline,10124,172.Nashville_Warbler/Nashville_Warbler_0076_167389.jpg,172,171,172.Nashville_Warbler,16,15,color_jitter,color_jitter,0,"{""brightness"":1.120106,""contrast"":0.846525,""hue"":0.045786,""saturation"":1.176093}",0.075018622,0.17823461,0.10321599,0.92772621,0.8367461,0.041091044,0.1246508,0.88663517,0.7120953,-0.17453987,0.84763522,2.7432963,11.274744,30.929964,False,0.95577061,True,True,True,0.84763522,2.7432963,11.274744,30.929964,0.84416438,2.745664,11.071846,30.399568,0.94407889,2.67849,2.1293394,5.7034141,0.80991236,2.6948975,1.7576511,4.7366896,0.80238967,2.7608666,4.7133608,13.01296,0.88877655,2.9817997,6.2129922,18.525899,0.84067967,2.6489122,5.5119253,14.600606,0.82497277,2.4937077,5.3195926,13.265509
0b_baseline_last,file,19,baseline,10124,172.Nashville_Warbler/Nashville_Warbler_0076_167389.jpg,172,171,172.Nashville_Warbler,16,15,rotation,rotation,0,"{""angle"":9.189832}",0.075018622,0.59106678,0.51604816,0.92772621,0.55373627,0.041091044,0.093555078,0.88663517,0.46018119,-0.42645397,0.69479306,6.7698357,11.274744,76.328164,False,0.91938961,True,True,True,0.69479306,6.7698357,11.274744,76.328164,0.69036239,6.818305,11.071846,75.49122,0.87081475,5.2937936,2.1293394,11.272283,0.74760969,8.1852595,1.7576511,14.386831,0.67024372,6.3596712,4.7133608,29.975425,0.70833838,7.3594307,6.2129922,45.724086,0.66956657,6.919348,5.5119253,38.13893,0.70513885,6.0860118,5.3195926,32.375104
0b_baseline_last,file,19,baseline,10124,172.Nashville_Warbler/Nashville_Warbler_0076_167389.jpg,172,171,172.Nashville_Warbler,16,15,random_resized_crop,random_resized_crop,0,"{""area_fraction"":0.573164,""aspect"":1.258067,""fallback"":false,""height"":0.674975,""left"":0.010992,""top"":0.186353,""width"":0.849164}",0.075018622,0.18847272,0.1134541,0.92772621,0.82822311,0.041091044,0.060916957,0.88663517,0.76730615,-0.11932901,0.6186904,2.2799962,11.274744,25.706374,False,0.92048115,True,True,True,0.6186904,2.2799962,11.274744,25.706374,0.6098233,2.2882292,11.071846,25.334921,0.89074436,2.0448813,2.1293394,4.3542461,0.66198433,2.4861195,1.7576511,4.3697308,0.53098307,2.3507099,4.7133608,11.079744,0.6678995,2.2964095,6.2129922,14.267575,0.55698866,2.3222877,5.5119253,12.800276,0.64878466,2.1646145,5.3195926,11.514867
0b_baseline_last,file,19,baseline,10124,172.Nashville_Warbler/Nashville_Warbler_0076_167389.jpg,172,171,172.Nashville_Warbler,16,15,gaussian_blur,gaussian_blur,0,"{""sigma"":1.814134}",0.075018622,4.3602133,4.2851947,0.92772621,0.012775665,0.041091044,0.0048490954,0.88663517,0.0079265698,-0.8787086,0.31447968,10.062651,11.274744,113.45381,False,0.62806743,False,True,False,0.31447968,10.062651,11.274744,113.45381,0.30605892,10.054161,11.071846,111.31812,0.53702073,10.289534,2.1293394,21.909911,0.49858669,12.979497,1.7576511,22.813428,0.25046495,7.8043436,4.7133608,36.784687,0.32489659,9.9404674,6.2129922,61.760047,0.296558,11.025892,5.5119253,60.77389,0.3076366,10.314138,5.3195926,54.867012
0b_baseline_last,file,19,baseline,10124,172.Nashville_Warbler/Nashville_Warbler_0076_167389.jpg,172,171,172.Nashville_Warbler,16,15,random_erasing,random_erasing,0,"{""area_fraction"":0.178847,""erased"":true,""height"":0.329152,""left"":0.33184,""top"":0.290264,""width"":0.543357}",0.075018622,6.2873802,6.2123616,0.92772621,0.0018596256,0.041091044,0.00035249835,0.88663517,0.0015071272,-0.88512804,0.11662938,8.5024688,11.274744,95.863159,False,0.56704813,False,True,False,0.11662938,8.5024688,11.274744,95.863159,0.099656671,8.4181028,11.071846,93.203935,0.48627165,10.530294,2.1293394,22.42257,0.30694053,8.1806115,1.7576511,14.378661,-0.00083473996,6.0455231,4.7133608,28.494731,0.009620538,7.4543382,6.2129922,46.313745,0.12189327,8.529549,5.5119253,47.014237,0.19869844,10.820088,5.3195926,57.558462
0b_baseline_last,file,19,baseline,9855,168.Kentucky_Warbler/Kentucky_Warbler_0066_165290.jpg,168,167,168.Kentucky_Warbler,162,161,identity,identity,0,{},1.1173087,1.1173087,0,0.32715911,0.32715911,0.34766388,0.34766388,-0.020504773,-0.020504773,0,1,1,133.43896,133.43896,False,1.0000001,True,False,False,1,1,133.43896,133.43896,1,1,131.03294,131.03294,1,1,25.225495,25.225495,1,1,32.875027,32.875027,1,1,57.731359,57.731359,1,1,74.012785,74.012785,1,1,63.963371,63.963371,1,1,56.451296,56.451296
0b_baseline_last,file,19,baseline,9855,168.Kentucky_Warbler/Kentucky_Warbler_0066_165290.jpg,168,167,168.Kentucky_Warbler,162,161,horizontal_flip,horizontal_flip,0,"{""flipped"":true}",1.1173087,2.4330571,1.3157483,0.32715911,0.087768108,0.34766388,0.29411766,-0.020504773,-0.20634955,-0.18584478,0.59078461,1.1400563,133.43896,152.12794,False,0.94422168,True,False,False,0.59078461,1.1400563,133.43896,152.12794,0.57735729,1.1366154,131.03294,148.93406,0.92752375,1.2292696,25.225495,31.008936,0.24364253,0.95952137,32.875027,31.544291,0.5521544,1.2321534,57.731359,71.133888,0.55417227,1.0578479,74.012785,78.294266,0.59166753,1.1279573,63.963371,72.147952,0.71796613,1.2261328,56.451296,69.216785
0b_baseline_last,file,19,baseline,9855,168.Kentucky_Warbler/Kentucky_Warbler_0066_165290.jpg,168,167,168.Kentucky_Warbler,162,161,color_jitter,color_jitter,0,"{""brightness"":0.61918,""contrast"":1.395798,""hue"":0.006392,""saturation"":1.093456}",1.1173087,0.59739184,-0.51991689,0.32715911,0.55024493,0.34766388,0.3333115,-0.020504773,0.21693343,0.2374382,0.47064646,0.69872648,133.43896,93.237336,False,0.83495271,False,False,True,0.47064646,0.69872648,133.43896,93.237336,0.45865081,0.69835546,131.03294,91.507569,0.78965898,0.70866394,25.225495,17.876399,0.077178514,0.57431,32.875027,18.880457,0.36166519,0.73705963,57.731359,42.551454,0.34053763,0.65261457,74.012785,48.301822,0.58416308,0.69165077,63.963371,44.240315,0.68496192,0.77545029,56.451296,43.775174
0b_baseline_last,file,19,baseline,9855,168.Kentucky_Warbler/Kentucky_Warbler_0066_165290.jpg,168,167,168.Kentucky_Warbler,162,161,rotation,rotation,0,"{""angle"":-7.585658}",1.1173087,0.31803837,-0.79927036,0.32715911,0.72757488,0.34766388,0.16548793,-0.020504773,0.56208695,0.58259173,0.71498138,0.37324452,133.43896,49.805362,False,0.96342897,False,False,True,0.71498138,0.37324452,133.43896,49.805362,0.70518552,0.37180744,131.03294,48.719021,0.95791005,0.41012396,25.225495,10.34558,0.62014914,0.28495038,32.875027,9.3677514,0.69284352,0.38455906,57.731359,22.201117,0.62528846,0.32321843,74.012785,23.922296,0.73860453,0.38313612,63.963371,24.506678,0.82370691,0.44110069,56.451296,24.900706
0b_baseline_last,file,19,baseline,9855,168.Kentucky_Warbler/Kentucky_Warbler_0066_165290.jpg,168,167,168.Kentucky_Warbler,162,161,random_resized_crop,random_resized_crop,0,"{""area_fraction"":0.589951,""aspect"":1.209275,""fallback"":false,""height"":0.698467,""left"":0.144419,""top"":0.020579,""width"":0.844638}",1.1173087,1.8594191,0.74211037,0.32715911,0.1557631,0.34766388,0.30200917,-0.020504773,-0.14624606,-0.12574129,0.63435105,1.1272829,133.43896,150.42346,False,0.92606759,True,False,False,0.63435105,1.1272829,133.43896,150.42346,0.62568732,1.1312978,131.03294,148.23728,0.89918037,1.0129607,25.225495,25.552434,0.63532014,1.0595588,32.875027,34.833026,0.69014886,1.1852639,57.731359,68.426897,0.59333559,1.1310073,74.012785,83.709002,0.60156159,1.1221809,63.963371,71.778474,0.63991383,1.1090062,56.451296,62.604837
0b_baseline_last,file,19,baseline,9855,168.Kentucky_Warbler/Kentucky_Warbler_0066_165290.jpg,168,167,168.Kentucky_Warbler,162,161,gaussian_blur,gaussian_blur,0,"{""sigma"":1.350842}",1.1173087,3.9095354,2.7922267,0.32715911,0.020049814,0.34766388,0.84458327,-0.020504773,-0.82453346,-0.80402869,0.59580856,1.4370382,133.43896,191.75689,False,0.91693765,True,False,False,0.59580856,1.4370382,133.43896,191.75689,0.58392041,1.4223896,131.03294,186.37989,0.86597354,1.7875348,25.225495,45.09145,0.079809441,1.2422532,32.875027,40.839108,0.62748274,1.4395013,57.731359,83.104365,0.60930064,1.3664992,74.012785,101.13841,0.57115915,1.4352881,63.963371,91.805867,0.65999615,1.5347243,56.451296,86.637177
0b_baseline_last,file,19,baseline,9855,168.Kentucky_Warbler/Kentucky_Warbler_0066_165290.jpg,168,167,168.Kentucky_Warbler,162,161,random_erasing,random_erasing,0,"{""area_fraction"":0.109637,""erased"":true,""height"":0.484848,""left"":0.483504,""top"":0.351558,""width"":0.226126}",1.1173087,5.8624201,4.7451113,0.32715911,0.0028443511,0.34766388,0.044588827,-0.020504773,-0.041744475,-0.021239703,0.54605526,2.5842653,133.43896,344.84168,False,0.8122437,False,False,False,0.54605526,2.5842653,133.43896,344.84168,0.54678135,2.6166124,131.03294,342.86242,0.60393389,1.462556,25.225495,36.8937,0.73994924,2.8192693,32.875027,92.683552,0.50677174,2.8859561,57.731359,166.61017,0.64337963,2.915654,74.012785,215.79567,0.49660874,2.4100914,63.963371,154.15757,0.38447556,1.8471547,56.451296,104.27427
0b_baseline_last,file,19,baseline,1603,029.American_Crow/American_Crow_0068_25198.jpg,29,28,029.American_Crow,142,141,identity,identity,0,{},5.5653152,5.5653152,0,0.0038283723,0.0038283723,0.47481936,0.47481936,-0.47099099,-0.47099099,0,1,1,124.15581,124.15581,False,1,True,False,False,1,1,124.15581,124.15581,1,1,118.96805,118.96805,1,1,35.514351,35.514351,1,1,23.604147,23.604147,1,1,44.498331,44.498331,1,1,48.126886,48.126886,1,1,61.304644,61.304644,1,1,74.442474,74.442474
0b_baseline_last,file,19,baseline,1603,029.American_Crow/American_Crow_0068_25198.jpg,29,28,029.American_Crow,142,141,horizontal_flip,horizontal_flip,0,"{""flipped"":true}",5.5653152,6.0335703,0.46825504,0.0038283723,0.0023969214,0.47481936,0.23834765,-0.47099099,-0.23595073,0.23504026,0.59332175,0.83487421,124.15581,103.65448,False,0.96720767,False,False,False,0.59332175,0.83487421,124.15581,103.65448,0.55788191,0.8209588,118.96805,97.667864,0.93549947,0.97753638,35.514351,34.71657,0.39851714,1.0141568,23.604147,23.938307,0.48707214,0.80879373,44.498331,35.989971,0.43737213,0.83728675,48.126886,40.296004,0.44121126,0.75351212,61.304644,46.193792,0.72569248,0.84030562,74.442474,62.554429
0b_baseline_last,file,19,baseline,1603,029.American_Crow/American_Crow_0068_25198.jpg,29,28,029.American_Crow,142,141,color_jitter,color_jitter,0,"{""brightness"":0.786598,""contrast"":1.205501,""hue"":-0.019579,""saturation"":1.018745}",5.5653152,4.5990086,-0.96630669,0.0038283723,0.010061806,0.47481936,0.051048208,-0.47099099,-0.040986402,0.43000459,0.60284647,0.75477735,124.15581,93.709993,False,0.95723701,False,False,False,0.60284647,0.75477735,124.15581,93.709993,0.57476205,0.74215375,118.96805,88.29258,0.87574915,0.8841599,35.514351,31.400365,0.42994835,0.7968077,23.604147,18.807966,0.4521892,0.74678397,44.498331,33.230641,0.3605458,0.77831522,48.126886,37.457888,0.52945883,0.67980562,61.304644,41.675242,0.75425928,0.75961645,74.442474,56.547728
0b_baseline_last,file,19,baseline,1603,029.American_Crow/American_Crow_0068_25198.jpg,29,28,029.American_Crow,142,141,rotation,rotation,0,"{""angle"":-3.861072}",5.5653152,5.7666497,0.20133448,0.0038283723,0.0031302266,0.47481936,0.39552644,-0.47099099,-0.39239621,0.078594778,0.79890586,0.98550481,124.15581,122.35615,False,0.96627402,True,False,False,0.79890586,0.98550481,124.15581,122.35615,0.7844746,0.98421434,118.96805,117.09006,0.95840233,0.9998717,35.514351,35.509795,0.74245806,1.1053598,23.604147,26.091075,0.72343028,0.88550408,44.498331,39.403454,0.72783799,1.0349366,48.126886,49.808276,0.77824397,0.99287632,61.304644,60.867929,0.84088809,0.97711447,74.442474,72.738819
0b_baseline_last,file,19,baseline,1603,029.American_Crow/American_Crow_0068_25198.jpg,29,28,029.American_Crow,142,141,random_resized_crop,random_resized_crop,0,"{""area_fraction"":0.894899,""aspect"":1.031814,""fallback"":false,""height"":0.931293,""left"":0.025722,""top"":0.022817,""width"":0.960921}",5.5653152,6.1075854,0.54227018,0.0038283723,0.0022259189,0.47481936,0.3606768,-0.47099099,-0.35845088,0.11254011,0.79057335,0.94661772,124.15581,117.52809,False,0.9783175,True,False,False,0.79057335,0.94661772,124.15581,117.52809,0.77462155,0.944394,118.96805,112.35271,0.96491676,0.97122231,35.514351,34.49233,0.51861424,1.1402992,23.604147,26.915791,0.67863273,0.85512669,44.498331,38.051711,0.73816159,0.9907703,48.126886,47.682689,0.75553386,0.89545088,61.304644,54.895297,0.86716681,0.96528542,74.442474,71.858235
0b_baseline_last,file,19,baseline,1603,029.American_Crow/American_Crow_0068_25198.jpg,29,28,029.American_Crow,142,141,gaussian_blur,gaussian_blur,0,"{""sigma"":1.61911}",5.5653152,7.17383,1.6085148,0.0038283723,0.00076638174,0.47481936,0.10317712,-0.47099099,-0.10241074,0.36858025,0.3837183,1.132665,124.15581,140.62694,False,0.85132766,False,False,False,0.3837183,1.132665,124.15581,140.62694,0.36041713,1.1529221,118.96805,137.16088,0.74264325,0.87371674,35.514351,31.029483,-0.022042588,1.3671499,23.604147,32.270408,0.20631488,1.1132908,44.498331,49.539585,0.29401505,1.3631856,48.126886,65.605878,0.34147814,1.1318793,61.304644,69.389455,0.52248649,1.0576052,74.442474,78.730748
0b_baseline_last,file,19,baseline,1603,029.American_Crow/American_Crow_0068_25198.jpg,29,28,029.American_Crow,142,141,random_erasing,random_erasing,0,"{""area_fraction"":0.138137,""erased"":true,""height"":0.276789,""left"":0.338272,""top"":0.284021,""width"":0.499071}",5.5653152,5.8058319,0.24051666,0.0038283723,0.0030099503,0.47481936,0.037067577,-0.47099099,-0.034057627,0.43693336,0.41583535,0.88110858,124.15581,109.39475,False,0.87201643,False,False,False,0.41583535,0.88110858,124.15581,109.39475,0.38673769,0.88761881,118.96805,105.59827,0.77797758,0.80444897,35.514351,28.569483,0.10650298,1.0792446,23.604147,25.47465,0.30969083,0.8661626,44.498331,38.54279,0.33749594,0.89568139,48.126886,43.106356,0.3161994,0.85018089,61.304644,52.120037,0.51454422,0.89528315,74.442474,66.647093
0b_baseline_last,file,19,baseline,10539,179.Tennessee_Warbler/Tennessee_Warbler_0044_174824.jpg,179,178,179.Tennessee_Warbler,154,153,identity,identity,0,{},0.037644956,0.037644956,0,0.96305484,0.96305484,0.022390915,0.022390915,0.94066392,0.94066392,0,1,1,5.9659006,5.9659006,False,0.99999988,True,True,True,1,1,5.9659006,5.9659006,1,1,5.8267011,5.8267011,1,1,1.2812198,1.2812198,1,1,1.5381812,1.5381812,1,1,2.116302,2.116302,1,1,3.0548443,3.0548443,1,1,2.8715296,2.8715296,1,1,3.0867385,3.0867385
0b_baseline_last,file,19,baseline,10539,179.Tennessee_Warbler/Tennessee_Warbler_0044_174824.jpg,179,178,179.Tennessee_Warbler,154,153,horizontal_flip,horizontal_flip,0,"{""flipped"":true}",0.037644956,0.011628229,-0.026016727,0.96305484,0.98843914,0.022390915,0.0064589479,0.94066392,0.98198019,0.041316274,0.66336649,0.35604018,5.9659006,2.1241003,False,0.97256958,True,True,True,0.66336649,0.35604018,5.9659006,2.1241003,0.64936925,0.35629104,5.8267011,2.0760014,0.95745886,0.3508116,1.2812198,0.44946676,0.85968754,0.37913798,1.5381812,0.58318291,0.53761009,0.41775779,2.116302,0.88410166,0.62770873,0.34422297,3.0548443,1.0515476,0.61090379,0.35991357,2.8715296,1.0335025,0.72332499,0.32625284,3.0867385,1.0070572
0b_baseline_last,file,19,baseline,10539,179.Tennessee_Warbler/Tennessee_Warbler_0044_174824.jpg,179,178,179.Tennessee_Warbler,154,153,color_jitter,color_jitter,0,"{""brightness"":0.70125,""contrast"":0.795166,""hue"":0.008051,""saturation"":0.882553}",0.037644956,0.2131239,0.17547895,0.96305484,0.808056,0.022390915,0.041576549,0.94066392,0.76647945,-0.17418447,0.59448747,5.7160791,5.9659006,34.10156,False,0.96857929,True,True,True,0.59448747,5.7160791,5.9659006,34.10156,0.58442915,5.7481646,5.8267011,33.492837,0.83877951,5.0065845,1.2812198,6.4145351,0.43647556,4.890649,1.5381812,7.5227042,0.37271121,7.3516465,2.116302,15.558305,0.5050274,5.6377651,3.0548443,17.222495,0.66226826,5.5777776,2.8715296,16.016753,0.7827814,5.3229933,3.0867385,16.430688
0b_baseline_last,file,19,baseline,10539,179.Tennessee_Warbler/Tennessee_Warbler_0044_174824.jpg,179,178,179.Tennessee_Warbler,154,153,rotation,rotation,0,"{""angle"":14.096569}",0.037644956,0.060494352,0.022849396,0.96305484,0.94129908,0.022390915,0.040646285,0.94066392,0.9006528,-0.040011125,0.76471414,1.9311088,5.9659006,11.520803,False,0.96946049,True,True,True,0.76471414,1.9311088,5.9659006,11.520803,0.75681498,1.9429594,5.8267011,11.321044,0.96371961,1.6672308,1.2812198,2.1360891,0.84940292,2.3635217,1.5381812,3.6355246,0.75747138,2.3749949,2.116302,5.0262066,0.71682774,1.8260626,3.0548443,5.5783368,0.74117507,1.8957246,2.8715296,5.4436292,0.8018843,1.7426659,3.0867385,5.3791539
0b_baseline_last,file,19,baseline,10539,179.Tennessee_Warbler/Tennessee_Warbler_0044_174824.jpg,179,178,179.Tennessee_Warbler,154,153,random_resized_crop,random_resized_crop,0,"{""area_fraction"":0.662043,""aspect"":0.833472,""fallback"":false,""height"":0.891246,""left"":0.106612,""top"":0.027203,""width"":0.742829}",0.037644956,0.19086459,0.15321964,0.96305484,0.82624447,0.022390915,0.090937585,0.94066392,0.73530689,-0.20535703,0.69361324,4.9983008,5.9659006,29.819366,False,0.9467051,True,True,True,0.69361324,4.9983008,5.9659006,29.819366,0.68331171,5.0256358,5.8267011,29.282878,0.94323459,4.3949944,1.2812198,5.6309538,0.73675642,5.7228556,1.5381812,8.8027889,0.56876849,5.1824797,2.116302,10.967692,0.68107604,5.2720986,3.0548443,16.10544,0.65572159,4.9466163,2.8715296,14.204355,0.76229645,4.5650398,3.0867385,14.091084
0b_baseline_last,file,19,baseline,10539,179.Tennessee_Warbler/Tennessee_Warbler_0044_174824.jpg,179,178,179.Tennessee_Warbler,154,153,gaussian_blur,gaussian_blur,0,"{""sigma"":1.121881}",0.037644956,1.3945314,1.3568864,0.96305484,0.24794921,0.022390915,0.098586023,0.94066392,0.14936319,-0.79130073,0.41424774,20.969019,5.9659006,125.09908,False,0.87261069,False,True,False,0.41424774,20.969019,5.9659006,125.09908,0.40227112,21.161231,5.8267011,123.30017,0.74436747,16.498957,1.2812198,21.13879,0.18118245,17.435914,1.5381812,26.819595,0.19848196,28.290689,2.116302,59.871643,0.32261895,21.264312,3.0548443,64.959162,0.48558816,20.84629,2.8715296,59.860739,0.63400888,18.026131,3.0867385,55.641952
0b_baseline_last,file,19,baseline,10539,179.Tennessee_Warbler/Tennessee_Warbler_0044_174824.jpg,179,178,179.Tennessee_Warbler,154,153,random_erasing,random_erasing,0,"{""area_fraction"":0.176337,""erased"":true,""height"":0.586976,""left"":0.067003,""top"":0.230548,""width"":0.300415}",0.037644956,0.041705392,0.004060436,0.96305484,0.95915234,0.022390915,0.013310645,0.94066392,0.9458417,0.0051777754,0.72168653,1.0007008,5.9659006,5.9700813,False,0.96196568,True,True,True,0.72168653,1.0007008,5.9659006,5.9700813,0.71222914,0.99953559,5.8267011,5.8239951,0.9127295,1.0245021,1.2812198,1.3126123,0.84785911,1.0996635,1.5381812,1.6914817,0.51651459,0.94630739,2.116302,2.0026723,0.61058914,0.90938411,3.0548443,2.7780269,0.74160578,1.0435631,2.8715296,2.9966223,0.82685297,1.0422429,3.0867385,3.2171314
0b_baseline_last,file,19,baseline,3160,055.Evening_Grosbeak/Evening_Grosbeak_0041_37928.jpg,55,54,055.Evening_Grosbeak,96,95,identity,identity,0,{},0.24076389,0.24076389,0,0.78602719,0.78602719,0.11331309,0.11331309,0.67271411,0.67271411,0,1,1,41.47486,41.47486,False,1,True,True,True,1,1,41.47486,41.47486,1,1,40.875702,40.875702,1,1,7.0243171,7.0243171,1,1,11.062621,11.062621,1,1,16.677061,16.677061,1,1,19.792451,19.792451,1,1,22.179613,22.179613,1,1,19.663181,19.663181
0b_baseline_last,file,19,baseline,3160,055.Evening_Grosbeak/Evening_Grosbeak_0041_37928.jpg,55,54,055.Evening_Grosbeak,96,95,horizontal_flip,horizontal_flip,0,"{""flipped"":true}",0.24076389,0.19763851,-0.043125376,0.78602719,0.82066643,0.11331309,0.12477335,0.67271411,0.69589308,0.023178972,0.71032228,0.83550378,41.47486,34.652403,False,0.97772837,True,True,True,0.71032228,0.83550378,41.47486,34.652403,0.70265112,0.8345506,40.875702,34.112841,0.96082596,0.86716287,7.0243171,6.091227,0.69908192,0.75566164,11.062621,8.359598,0.64968526,0.89329646,16.677061,14.897559,0.6107518,0.76703656,19.792451,15.181534,0.72453953,0.8331333,22.179613,18.478574,0.80236623,0.88075586,19.663181,17.318462
0b_baseline_last,file,19,baseline,3160,055.Evening_Grosbeak/Evening_Grosbeak_0041_37928.jpg,55,54,055.Evening_Grosbeak,96,95,color_jitter,color_jitter,0,"{""brightness"":1.036399,""contrast"":1.078355,""hue"":-0.008983,""saturation"":1.313902}",0.24076389,1.3871675,1.1464036,0.78602719,0.2497818,0.11331309,0.50176775,0.67271411,-0.25198595,-0.92470006,0.84404627,2.9908971,41.47486,124.04704,False,0.96895158,False,True,False,0.84404627,2.9908971,41.47486,124.04704,0.84044204,2.9761066,40.875702,121.65045,0.95827531,3.4545652,7.0243171,24.265961,0.90531449,2.4574619,11.062621,27.185968,0.73905752,3.0650095,16.677061,51.11535,0.82807866,2.7937236,19.792451,55.294638,0.87306758,2.8998502,22.179613,64.317555,0.87743236,3.3165011,19.663181,65.212963
0b_baseline_last,file,19,baseline,3160,055.Evening_Grosbeak/Evening_Grosbeak_0041_37928.jpg,55,54,055.Evening_Grosbeak,96,95,rotation,rotation,0,"{""angle"":-3.83272}",0.24076389,0.19266102,-0.048102871,0.78602719,0.82476151,0.11331309,0.051217407,0.67271411,0.7735441,0.10083,0.83558905,0.72155717,41.47486,29.926483,False,0.98365998,True,True,True,0.83558905,0.72155717,41.47486,29.926483,0.83203422,0.71975895,40.875702,29.420652,0.94928467,0.78000682,7.0243171,5.4790153,0.90691667,0.66174746,11.062621,7.3206611,0.79912094,0.68144758,16.677061,11.364543,0.77516791,0.7199894,19.792451,14.250355,0.85059217,0.73817294,22.179613,16.37239,0.86746001,0.7399609,19.663181,14.549985
0b_baseline_last,file,19,baseline,3160,055.Evening_Grosbeak/Evening_Grosbeak_0041_37928.jpg,55,54,055.Evening_Grosbeak,96,95,random_resized_crop,random_resized_crop,0,"{""area_fraction"":0.856971,""aspect"":0.909985,""fallback"":false,""height"":0.970434,""left"":0.088557,""top"":0.014921,""width"":0.88308}",0.24076389,0.48228204,0.24151815,0.78602719,0.61737293,0.11331309,0.066042222,0.67271411,0.55133071,-0.1213834,0.7676833,1.7148239,41.47486,71.12208,False,0.9709211,True,True,True,0.7676833,1.7148239,41.47486,71.12208,0.76373757,1.7128322,40.875702,70.013216,0.89675221,1.7809547,7.0243171,12.50999,0.84666297,1.6611804,11.062621,18.377008,0.64529956,1.549056,16.677061,25.833701,0.70722138,1.8199359,19.792451,36.020992,0.808357,1.7062241,22.179613,37.84339,0.82299165,1.737418,19.663181,34.163166
0b_baseline_last,file,19,baseline,3160,055.Evening_Grosbeak/Evening_Grosbeak_0041_37928.jpg,55,54,055.Evening_Grosbeak,96,95,gaussian_blur,gaussian_blur,0,"{""sigma"":1.895932}",0.24076389,0.65487653,0.41411264,0.78602719,0.51950622,0.11331309,0.013333932,0.67271411,0.50617228,-0.16654182,0.49309595,1.9213189,41.47486,79.686431,False,0.88071859,True,True,True,0.49309595,1.9213189,41.47486,79.686431,0.48573161,1.9269548,40.875702,78.76563,0.77566007,1.7196008,7.0243171,12.079021,0.57860578,2.3195878,11.062621,25.660719,0.36742771,1.7977836,16.677061,29.981746,0.42761221,2.0666486,19.792451,40.904041,0.48933828,1.9007404,22.179613,42.157686,0.60603001,1.7589545,19.663181,34.586642
0b_baseline_last,file,19,baseline,3160,055.Evening_Grosbeak/Evening_Grosbeak_0041_37928.jpg,55,54,055.Evening_Grosbeak,96,95,random_erasing,random_erasing,0,"{""area_fraction"":0.051465,""erased"":true,""height"":0.214453,""left"":0.024562,""top"":0.572205,""width"":0.239981}",0.24076389,0.33735764,0.096593753,0.78602719,0.71365356,0.11331309,0.15726292,0.67271411,0.55639064,-0.11632346,0.97011594,1.251563,41.47486,51.908399,False,0.99506229,True,True,True,0.97011594,1.251563,41.47486,51.908399,0.96939562,1.2492782,40.875702,51.065123,0.9947831,1.326611,7.0243171,9.3185363,0.99393602,1.271208,11.062621,14.062892,0.9619642,1.2181788,16.677061,20.315642,0.96968415,1.2235418,19.792451,24.216891,0.96892072,1.2519453,22.179613,27.767662,0.96796444,1.2862321,19.663181,25.291416
0b_baseline_last,file,19,baseline,6513,112.Great_Grey_Shrike/Great_Grey_Shrike_0032_797021.jpg,112,111,112.Great_Grey_Shrike,111,110,identity,identity,0,{},0.15717447,0.15717447,0,0.85455495,0.85455495,0.14173971,0.14173971,0.71281524,0.71281524,0,1,1,28.031637,28.031637,False,1,True,True,True,1,1,28.031637,28.031637,1,1,27.279661,27.279661,1,1,6.4492435,6.4492435,1,1,9.6212821,9.6212821,1,1,13.091827,13.091827,1,1,13.106307,13.106307,1,1,12.262219,12.262219,1,1,12.572892,12.572892
0b_baseline_last,file,19,baseline,6513,112.Great_Grey_Shrike/Great_Grey_Shrike_0032_797021.jpg,112,111,112.Great_Grey_Shrike,111,110,horizontal_flip,horizontal_flip,0,"{""flipped"":true}",0.15717447,0.029985406,-0.12718906,0.85455495,0.9704597,0.14173971,0.028573465,0.71281524,0.94188624,0.229071,0.68800924,0.22934756,28.031637,6.4289874,False,0.97004664,True,True,True,0.68800924,0.22934756,28.031637,6.4289874,0.67367035,0.23031379,27.279661,6.2828822,0.97005538,0.21131425,6.4492435,1.362817,0.77931178,0.2835509,9.6212821,2.7281232,0.62172258,0.22277234,13.091827,2.916497,0.63326183,0.2311529,13.106307,3.0295609,0.63021596,0.22147005,12.262219,2.7157142,0.75718521,0.21002157,12.572892,2.6405786
0b_baseline_last,file,19,baseline,6513,112.Great_Grey_Shrike/Great_Grey_Shrike_0032_797021.jpg,112,111,112.Great_Grey_Shrike,111,110,color_jitter,color_jitter,0,"{""brightness"":0.904001,""contrast"":1.154224,""hue"":0.068964,""saturation"":1.154194}",0.15717447,0.12038043,-0.036794037,0.85455495,0.88658309,0.14173971,0.10845408,0.71281524,0.77812901,0.065313771,0.81944558,0.75402815,28.031637,21.136643,False,0.9685443,True,True,True,0.81944558,0.75402815,28.031637,21.136643,0.81120151,0.75443323,27.279661,20.580683,0.96850884,0.74674313,6.4492435,4.8159282,0.80293598,0.77930036,9.6212821,7.4978686,0.77269564,0.74155458,13.091827,9.7083043,0.81272123,0.74640727,13.106307,9.7826428,0.81800561,0.73315585,12.262219,8.9901173,0.8492152,0.78161459,12.572892,9.8271559
0b_baseline_last,file,19,baseline,6513,112.Great_Grey_Shrike/Great_Grey_Shrike_0032_797021.jpg,112,111,112.Great_Grey_Shrike,111,110,rotation,rotation,0,"{""angle"":2.637367}",0.15717447,0.098515578,-0.05865889,0.85455495,0.90618157,0.14173971,0.091291919,0.71281524,0.81488965,0.10207441,0.87260118,0.64556802,28.031637,18.096328,False,0.98303843,True,True,True,0.87260118,0.64556802,28.031637,18.096328,0.86607671,0.64266632,27.279661,17.531719,0.98304227,0.69544222,6.4492435,4.4850762,0.85980297,0.63210895,9.6212821,6.0816985,0.86675404,0.58982872,13.091827,7.7219357,0.8548765,0.63892709,13.106307,8.3739745,0.8492841,0.65916897,12.262219,8.0828739,0.90082473,0.69013192,12.572892,8.6769541
0b_baseline_last,file,19,baseline,6513,112.Great_Grey_Shrike/Great_Grey_Shrike_0032_797021.jpg,112,111,112.Great_Grey_Shrike,111,110,random_resized_crop,random_resized_crop,0,"{""area_fraction"":0.82201,""aspect"":0.823506,""fallback"":false,""height"":0.999091,""left"":0.17436,""top"":0.000524,""width"":0.822758}",0.15717447,0.10160346,-0.055571005,0.85455495,0.90338773,0.14173971,0.092836857,0.71281524,0.81055087,0.097735628,0.84586648,0.68158086,28.031637,19.105827,False,0.98377973,True,True,True,0.84586648,0.68158086,28.031637,19.105827,0.8385479,0.68316058,27.279661,18.636389,0.98376525,0.65267047,6.4492435,4.2092308,0.8855613,0.65243003,9.6212821,6.2772134,0.81928124,0.66401275,13.091827,8.6931401,0.80189428,0.69845712,13.106307,9.1541934,0.83814291,0.70475387,12.262219,8.6418459,0.87513903,0.68354938,12.572892,8.5941926
0b_baseline_last,file,19,baseline,6513,112.Great_Grey_Shrike/Great_Grey_Shrike_0032_797021.jpg,112,111,112.Great_Grey_Shrike,111,110,gaussian_blur,gaussian_blur,0,"{""sigma"":1.207273}",0.15717447,0.024080073,-0.13309439,0.85455495,0.97620755,0.14173971,0.020336948,0.71281524,0.95587061,0.24305537,0.66981264,0.18506547,28.031637,5.1876879,False,0.95888013,True,True,True,0.66981264,0.18506547,28.031637,5.1876879,0.6562359,0.18628245,27.279661,5.081722,0.95594733,0.16175103,6.4492435,1.0431718,0.43168664,0.19031319,9.6212821,1.8310569,0.61799413,0.17542509,13.091827,2.296635,0.67387354,0.20069599,13.106307,2.6303833,0.70165963,0.19459242,12.262219,2.3861348,0.78102532,0.17028997,12.572892,2.1410374
0b_baseline_last,file,19,baseline,6513,112.Great_Grey_Shrike/Great_Grey_Shrike_0032_797021.jpg,112,111,112.Great_Grey_Shrike,111,110,random_erasing,random_erasing,0,"{""area_fraction"":0.195374,""erased"":true,""height"":0.27382,""left"":0.185632,""top"":0.079105,""width"":0.713511}",0.15717447,4.6113377,4.4541632,0.85455495,0.0099385176,0.14173971,0.017557252,0.71281524,-0.0076187346,-0.72043397,0.32728681,5.0168678,28.031637,140.63101,False,0.65301061,False,True,False,0.32728681,5.0168678,28.031637,140.63101,0.32191926,5.07756,27.279661,138.51411,0.47069747,3.7692631,6.4492435,24.308896,0.40049117,5.3399351,9.6212821,51.377022,0.23774836,4.2886217,13.091827,56.145893,0.34400517,5.5623064,13.106307,72.901294,0.30790798,5.3164461,12.262219,65.191424,0.34554911,4.9220501,12.572892,61.884405
0b_baseline_last,file,19,baseline,7430,127.Savannah_Sparrow/Savannah_Sparrow_0118_118603.jpg,127,126,127.Savannah_Sparrow,128,127,identity,identity,0,{},0.19672573,0.19672573,0,0.8214159,0.8214159,0.048449066,0.048449066,0.77296684,0.77296684,0,1,1,20.660683,20.660683,False,1,True,True,True,1,1,20.660683,20.660683,1,1,20.111162,20.111162,1,1,4.7333894,4.7333894,1,1,3.9283107,3.9283107,1,1,7.7675276,7.7675276,1,1,10.353236,10.353236,1,1,9.6245128,9.6245128,1,1,11.352181,11.352181
0b_baseline_last,file,19,baseline,7430,127.Savannah_Sparrow/Savannah_Sparrow_0118_118603.jpg,127,126,127.Savannah_Sparrow,128,127,horizontal_flip,horizontal_flip,0,"{""flipped"":true}",0.19672573,0.2594716,0.062745869,0.8214159,0.7714591,0.048449066,0.051166866,0.77296684,0.72029224,-0.052674599,0.63860314,1.2184007,20.660683,25.172991,False,0.96626127,True,True,True,0.63860314,1.2184007,20.660683,25.172991,0.61894474,1.211345,20.111162,24.361557,0.96259339,1.3393945,4.7333894,6.3398757,0.21105428,1.1725417,3.9283107,4.6061079,0.51505966,1.254328,7.7675276,9.7430274,0.62776971,1.2034141,10.353236,12.45923,0.62169866,1.1997771,9.6245128,11.54727,0.70766143,1.2102862,11.352181,13.739387
0b_baseline_last,file,19,baseline,7430,127.Savannah_Sparrow/Savannah_Sparrow_0118_118603.jpg,127,126,127.Savannah_Sparrow,128,127,color_jitter,color_jitter,0,"{""brightness"":1.083011,""contrast"":0.863319,""hue"":0.06326,""saturation"":0.699374}",0.19672573,1.0460279,0.84930217,0.8214159,0.35133049,0.048449066,0.063761942,0.77296684,0.28756855,-0.48539829,0.74439255,4.476076,20.660683,92.478789,False,0.92677188,True,True,True,0.74439255,4.476076,20.660683,92.478789,0.73880997,4.5290085,20.111162,91.083625,0.91013639,3.3808992,4.7333894,16.003113,0.66390601,4.021297,3.9283107,15.796904,0.52498263,5.2474861,7.7675276,40.759993,0.79430344,4.9786634,10.353236,51.545276,0.79632498,4.5537776,9.6245128,43.82789,0.80007341,3.7450777,11.352181,42.514799
0b_baseline_last,file,19,baseline,7430,127.Savannah_Sparrow/Savannah_Sparrow_0118_118603.jpg,127,126,127.Savannah_Sparrow,128,127,rotation,rotation,0,"{""angle"":10.661615}",0.19672573,0.13457772,-0.062148005,0.8214159,0.87408495,0.048449066,0.019207036,0.77296684,0.85487791,0.081911078,0.75468478,0.69254307,20.660683,14.308413,False,0.9672426,True,True,True,0.75468478,0.69254307,20.660683,14.308413,0.74337325,0.69220713,20.111162,13.92109,0.95704997,0.69857968,4.7333894,3.3066496,0.77417708,0.77087327,3.9283107,3.0282297,0.76180918,0.73491753,7.7675276,5.7084922,0.76180185,0.6625407,10.353236,6.85944,0.7045802,0.7042313,9.6245128,6.7778831,0.74592278,0.67689853,11.352181,7.6842744
0b_baseline_last,file,19,baseline,7430,127.Savannah_Sparrow/Savannah_Sparrow_0118_118603.jpg,127,126,127.Savannah_Sparrow,128,127,random_resized_crop,random_resized_crop,0,"{""area_fraction"":0.511333,""aspect"":1.228866,""fallback"":false,""height"":0.645059,""left"":0.14723,""top"":0.174031,""width"":0.792691}",0.19672573,3.5764432,3.3797175,0.8214159,0.027975021,0.048449066,0.0013347722,0.77296684,0.026640249,-0.74632659,0.5061121,9.0887821,20.660683,187.78045,False,0.79245371,False,True,False,0.5061121,9.0887821,20.660683,187.78045,0.49879018,9.1973388,20.111162,184.96917,0.70534391,6.8389269,4.7333894,32.371304,0.69185328,18.713956,3.9283107,73.514233,0.50436241,11.381544,7.7675276,88.406455,0.56926872,9.0332924,10.353236,93.523805,0.49514062,8.4763876,9.6245128,81.581101,0.43510672,6.5868831,11.352181,74.775487
0b_baseline_last,file,19,baseline,7430,127.Savannah_Sparrow/Savannah_Sparrow_0118_118603.jpg,127,126,127.Savannah_Sparrow,128,127,gaussian_blur,gaussian_blur,0,"{""sigma"":1.710812}",0.19672573,0.87386811,0.67714238,0.8214159,0.41733414,0.048449066,0.059077226,0.77296684,0.35825691,-0.41470992,0.42165246,5.5828492,20.660683,115.34548,False,0.86676747,True,True,True,0.42165246,5.5828492,20.660683,115.34548,0.40805928,5.664681,20.111162,113.92332,0.81817049,3.8148236,4.7333894,18.057045,0.42215144,7.1604351,3.9283107,28.128414,0.40770119,7.4252785,7.7675276,57.676056,0.25564476,6.0086139,10.353236,62.208596,0.45544452,5.5300348,9.6245128,53.22389,0.58339846,4.0921925,11.352181,46.455308
0b_baseline_last,file,19,baseline,7430,127.Savannah_Sparrow/Savannah_Sparrow_0118_118603.jpg,127,126,127.Savannah_Sparrow,128,127,random_erasing,random_erasing,0,"{""area_fraction"":0.129831,""erased"":true,""height"":0.634093,""left"":0.620787,""top"":0.22975,""width"":0.204751}",0.19672573,0.10531657,-0.091409154,0.8214159,0.90003955,0.048449066,0.014272358,0.77296684,0.8857672,0.11280036,0.91728094,0.62010445,20.660683,12.811782,False,0.98065257,True,True,True,0.91728094,0.62010445,20.660683,12.811782,0.9149352,0.62374287,20.111162,12.544194,0.97214787,0.55030176,4.7333894,2.6047925,0.92843924,0.60326225,3.9283107,2.3698015,0.90742605,0.72364237,7.7675276,5.6209121,0.93041489,0.65094761,10.353236,6.739414,0.90346081,0.601504,9.6245128,5.789183,0.92344496,0.56549891,11.352181,6.4196458
0b_baseline_last,file,19,baseline,1772,032.Mangrove_Cuckoo/Mangrove_Cuckoo_0015_26380.jpg,32,31,032.Mangrove_Cuckoo,33,32,identity,identity,0,{},3.3478808,3.3478808,0,0.035158783,0.035158783,0.78305817,0.78305817,-0.74789938,-0.74789938,0,1,1,132.22744,132.22744,False,1,True,False,False,1,1,132.22744,132.22744,1,1,127.47236,127.47236,1,1,35.141049,35.141049,1,1,23.574445,23.574445,1,1,43.823794,43.823794,1,1,68.145951,68.145951,1,1,66.193627,66.193627,1,1,68.901796,68.901796
0b_baseline_last,file,19,baseline,1772,032.Mangrove_Cuckoo/Mangrove_Cuckoo_0015_26380.jpg,32,31,032.Mangrove_Cuckoo,33,32,horizontal_flip,horizontal_flip,0,"{""flipped"":true}",3.3478808,2.9167385,-0.43114233,0.035158783,0.054109883,0.78305817,0.69255894,-0.74789938,-0.63844906,0.10945032,0.66349989,1.0883173,132.22744,143.90542,False,0.95820475,True,False,False,0.66349989,1.0883173,132.22744,143.90542,0.64436139,1.0972789,127.47236,139.87273,0.95588324,0.96265798,35.141049,33.828811,0.64335567,1.1245605,23.574445,26.510889,0.53002522,1.2512577,43.823794,54.834861,0.63396812,1.1804692,68.145951,80.444198,0.62386484,1.053725,66.193627,69.749879,0.74649009,0.97557517,68.901796,67.218882
0b_baseline_last,file,19,baseline,1772,032.Mangrove_Cuckoo/Mangrove_Cuckoo_0015_26380.jpg,32,31,032.Mangrove_Cuckoo,33,32,color_jitter,color_jitter,0,"{""brightness"":0.787935,""contrast"":0.633835,""hue"":0.075012,""saturation"":0.861509}",3.3478808,0.8490147,-2.4988661,0.035158783,0.42783627,0.78305817,0.090931371,-0.74789938,0.3369049,1.0848043,0.42997628,0.83660876,132.22744,110.62264,False,0.78230453,False,False,True,0.42997628,0.83660876,132.22744,110.62264,0.42236822,0.85679238,127.47236,109.21735,0.6623703,0.50017424,35.141049,17.576648,0.016175187,0.98490005,23.574445,23.218472,0.30807548,1.1834959,43.823794,51.865278,0.52956377,0.9127722,68.145951,62.201729,0.4571169,0.76843322,66.193627,50.865382,0.42516398,0.68735713,68.901796,47.360141
0b_baseline_last,file,19,baseline,1772,032.Mangrove_Cuckoo/Mangrove_Cuckoo_0015_26380.jpg,32,31,032.Mangrove_Cuckoo,33,32,rotation,rotation,0,"{""angle"":12.145537}",3.3478808,3.0886471,-0.25923371,0.035158783,0.045563549,0.78305817,0.8380428,-0.74789938,-0.79247925,-0.044579864,0.57276361,1.3424941,132.22744,177.51457,False,0.95629752,True,False,False,0.57276361,1.3424941,132.22744,177.51457,0.55153448,1.3623696,127.47236,173.66447,0.95540136,1.04637,35.141049,36.770538,0.47447407,1.4970456,23.574445,35.29202,0.31840878,1.6733496,43.823794,73.332526,0.47045733,1.4796792,68.145951,100.83415,0.60664356,1.3200927,66.193627,87.381723,0.77628416,1.0989126,68.901796,75.717055
0b_baseline_last,file,19,baseline,1772,032.Mangrove_Cuckoo/Mangrove_Cuckoo_0015_26380.jpg,32,31,032.Mangrove_Cuckoo,33,32,random_resized_crop,random_resized_crop,0,"{""area_fraction"":0.822768,""aspect"":0.891508,""fallback"":false,""height"":0.960674,""left"":0.085782,""top"":0.026364,""width"":0.856448}",3.3478808,2.1465068,-1.2013741,0.035158783,0.11689177,0.78305817,0.69173568,-0.74789938,-0.57484391,0.17305547,0.66603344,1.0089545,132.22744,133.41147,False,0.95793998,True,False,False,0.66603344,1.0089545,132.22744,133.41147,0.64696305,1.0173125,127.47236,129.67923,0.95774356,0.89170882,35.141049,31.335584,0.50546064,1.18544,23.574445,27.94609,0.38371599,1.0961116,43.823794,48.03577,0.60171758,1.0592376,68.145951,72.18275,0.70103764,1.0197279,66.193627,67.499487,0.79822441,0.91350975,68.901796,62.942462
0b_baseline_last,file,19,baseline,1772,032.Mangrove_Cuckoo/Mangrove_Cuckoo_0015_26380.jpg,32,31,032.Mangrove_Cuckoo,33,32,gaussian_blur,gaussian_blur,0,"{""sigma"":1.062001}",3.3478808,2.501132,-0.84674883,0.035158783,0.081992134,0.78305817,0.60521716,-0.74789938,-0.52322502,0.22467436,0.58315299,1.039293,132.22744,137.42306,False,0.90316653,True,False,False,0.58315299,1.039293,132.22744,137.42306,0.56534097,1.0535432,127.47236,134.29764,0.89673927,0.82927868,35.141049,29.141723,0.40453974,1.2062163,23.574445,28.43588,0.41972045,1.3152166,43.823794,57.63778,0.52596104,1.0541437,68.145951,71.835627,0.59911128,1.0619608,66.193627,70.29504,0.70232682,0.89506611,68.901796,61.671663
0b_baseline_last,file,19,baseline,1772,032.Mangrove_Cuckoo/Mangrove_Cuckoo_0015_26380.jpg,32,31,032.Mangrove_Cuckoo,33,32,random_erasing,random_erasing,0,"{""area_fraction"":0.106075,""erased"":true,""height"":0.423582,""left"":0.498486,""top"":0.081936,""width"":0.250425}",3.3478808,2.7484398,-0.59944105,0.035158783,0.064027682,0.78305817,0.65995914,-0.74789938,-0.59593146,0.15196793,0.73355031,1.2058142,132.22744,159.44173,False,0.91811985,True,False,False,0.73355031,1.2058142,132.22744,159.44173,0.72351842,1.221021,127.47236,155.64644,0.91347893,0.98406547,35.141049,34.581093,0.81929486,1.2908165,23.574445,30.430283,0.71504604,1.2925572,43.823794,56.644761,0.6953442,1.3565999,68.145951,92.44679,0.74848788,1.1840465,66.193627,78.376332,0.73626516,1.0667034,68.901796,73.497777
0b_baseline_last,file,19,baseline,5158,089.Hooded_Merganser/Hooded_Merganser_0089_796740.jpg,89,88,089.Hooded_Merganser,106,105,identity,identity,0,{},0.00016294583,0.00016294583,0,0.99983704,0.99983704,1.4842723e-05,1.4842723e-05,0.9998222,0.9998222,0,1,1,0.024511457,0.024511457,False,0.99999988,True,True,True,1,1,0.024511457,0.024511457,1,1,0.023993567,0.023993567,1,1,0.0050120153,0.0050120153,1,1,0.0042434016,0.0042434016,1,1,0.0087329933,0.0087329933,1,1,0.010760113,0.010760113,1,1,0.012494524,0.012494524,1,1,0.014475029,0.014475029
0b_baseline_last,file,19,baseline,5158,089.Hooded_Merganser/Hooded_Merganser_0089_796740.jpg,89,88,089.Hooded_Merganser,106,105,horizontal_flip,horizontal_flip,0,"{""flipped"":true}",0.00016294583,0.0017162131,0.0015532672,0.99983704,0.99828523,1.4842723e-05,0.00011561452,0.9998222,0.99816962,-0.0016525787,0.65871126,11.028984,0.024511457,0.27033648,False,0.98097879,True,True,True,0.65871126,11.028984,0.024511457,0.27033648,0.64757416,11.102866,0.023993567,0.26639736,0.97920834,9.1741663,0.0050120153,0.045981062,0.18941723,12.632307,0.0042434016,0.053603951,0.52194517,11.086281,0.0087329933,0.09681642,0.6550378,12.611632,0.010760113,0.13570258,0.6224328,11.197097,0.012494524,0.1399024,0.77260489,9.9474183,0.014475029,0.14398916
0b_baseline_last,file,19,baseline,5158,089.Hooded_Merganser/Hooded_Merganser_0089_796740.jpg,89,88,089.Hooded_Merganser,106,105,color_jitter,color_jitter,0,"{""brightness"":1.075267,""contrast"":1.075833,""hue"":-0.013664,""saturation"":1.199768}",0.00016294583,0.00030143486,0.00013848903,0.99983704,0.99969864,1.4842723e-05,3.2319e-05,0.9998222,0.99966632,-0.00015587826,0.9131156,1.8605349,0.024511457,0.045604422,False,0.99288535,True,True,True,0.9131156,1.8605349,0.024511457,0.045604422,0.90979351,1.8631802,0.023993567,0.044704339,0.99251304,1.7988459,0.0050120153,0.0090158433,0.79929614,1.797216,0.0042434016,0.0076263093,0.87174242,1.8503823,0.0087329933,0.016159376,0.90020868,1.853729,0.010760113,0.019946333,0.9102493,1.8572239,0.012494524,0.023205129,0.93746393,1.8829265,0.014475029,0.027255415
0b_baseline_last,file,19,baseline,5158,089.Hooded_Merganser/Hooded_Merganser_0089_796740.jpg,89,88,089.Hooded_Merganser,106,105,rotation,rotation,0,"{""angle"":8.195938}",0.00016294583,0.00053975318,0.00037680735,0.99983704,0.9994604,1.4842723e-05,3.0088158e-05,0.9998222,0.99943031,-0.00039188719,0.76537067,3.4889626,0.024511457,0.085519557,False,0.97607291,True,True,True,0.76537067,3.4889626,0.024511457,0.085519557,0.75742254,3.5028226,0.023993567,0.084045208,0.97166059,3.1546812,0.0050120153,0.015811311,0.52425273,3.043667,0.0042434016,0.012915501,0.64261093,3.4753187,0.0087329933,0.030349934,0.78781415,3.8558733,0.010760113,0.041489632,0.73768947,3.5536986,0.012494524,0.044401772,0.82037123,3.3007363,0.014475029,0.047778253
0b_baseline_last,file,19,baseline,5158,089.Hooded_Merganser/Hooded_Merganser_0089_796740.jpg,89,88,089.Hooded_Merganser,106,105,random_resized_crop,random_resized_crop,0,"{""area_fraction"":0.770013,""aspect"":0.941542,""fallback"":false,""height"":0.904335,""left"":0.038871,""top"":0.085664,""width"":0.851469}",0.00016294583,0.00076121913,0.0005982733,0.99983704,0.99923909,1.4842723e-05,4.2334053e-05,0.9998222,0.99919675,-0.00062544513,0.75712873,4.6239054,0.024511457,0.11333866,False,0.97379434,True,True,True,0.75712873,4.6239054,0.024511457,0.11333866,0.74833004,4.6341711,0.023993567,0.11119029,0.9715108,4.3820563,0.0050120153,0.021962933,0.59812086,4.5255535,0.0042434016,0.019203741,0.65246245,4.5947873,0.0087329933,0.040126246,0.75691872,4.8383738,0.010760113,0.052061448,0.73393296,4.5173358,0.012494524,0.05644196,0.80171025,4.6282962,0.014475029,0.066994721
0b_baseline_last,file,19,baseline,5158,089.Hooded_Merganser/Hooded_Merganser_0089_796740.jpg,89,88,089.Hooded_Merganser,106,105,gaussian_blur,gaussian_blur,0,"{""sigma"":1.866488}",0.00016294583,0.0018507986,0.0016878528,0.99983704,0.99815089,1.4842723e-05,0.00010537025,0.9998222,0.99804551,-0.0017766833,0.51137606,13.796395,0.024511457,0.33816975,False,0.91795647,True,True,True,0.51137606,13.796395,0.024511457,0.33816975,0.49799375,13.900103,0.023993567,0.33351304,0.90537809,11.158593,0.0050120153,0.055927039,-0.018084275,15.983017,0.0042434016,0.06782236,0.31773388,14.25363,0.0087329933,0.12447686,0.52227635,17.230726,0.010760113,0.18540456,0.5064095,14.598657,0.012494524,0.18240326,0.65303317,10.588375,0.014475029,0.15326703
0b_baseline_last,file,19,baseline,5158,089.Hooded_Merganser/Hooded_Merganser_0089_796740.jpg,89,88,089.Hooded_Merganser,106,105,random_erasing,random_erasing,0,"{""area_fraction"":0.150899,""erased"":true,""height"":0.503793,""left"":0.589024,""top"":0.346008,""width"":0.299526}",0.00016294583,0.00012933371,-3.3612116e-05,0.99983704,0.99987066,1.4842723e-05,9.580991e-06,0.9998222,0.99986108,3.8878751e-05,0.86431773,0.77694735,0.024511457,0.019044112,False,0.98480934,True,True,True,0.86431773,0.77694735,0.024511457,0.019044112,0.85896285,0.77525673,0.023993567,0.018601174,0.98211108,0.81473091,0.0050120153,0.0040834438,0.88945656,0.72121912,0.0042434016,0.0030604224,0.83437053,0.7719461,0.0087329933,0.0067414001,0.84821172,0.78821426,0.010760113,0.0084812743,0.83245342,0.7434975,0.012494524,0.0092896473,0.8906589,0.79660577,0.014475029,0.011530891
0b_baseline_last,file,19,baseline,10638,181.Worm_eating_Warbler/Worm_Eating_Warbler_0006_176037.jpg,181,180,181.Worm_eating_Warbler,195,194,identity,identity,0,{},0.004998568,0.004998568,0,0.99501389,0.99501389,0.002576933,0.002576933,0.99243696,0.99243696,0,1,1,0.88491546,0.88491546,False,1,True,True,True,1,1,0.88491546,0.88491546,1,1,0.86935168,0.86935168,1,1,0.16523629,0.16523629,1,1,0.16669057,0.16669057,1,1,0.44496701,0.44496701,1,1,0.49621672,0.49621672,1,1,0.38534963,0.38534963,1,1,0.36778469,0.36778469
0b_baseline_last,file,19,baseline,10638,181.Worm_eating_Warbler/Worm_Eating_Warbler_0006_176037.jpg,181,180,181.Worm_eating_Warbler,195,194,horizontal_flip,horizontal_flip,0,"{""flipped"":true}",0.004998568,0.0036087409,-0.0013898271,0.99501389,0.99639773,0.002576933,0.0014222016,0.99243696,0.99497553,0.0025385724,0.78613409,0.63614423,0.88491546,0.56293387,False,0.98778856,True,True,True,0.78613409,0.63614423,0.88491546,0.56293387,0.77853405,0.63400869,0.86935168,0.55117652,0.98166,0.69264938,0.16523629,0.11445081,0.78851592,0.66310887,0.16669057,0.11053399,0.77495013,0.62964528,0.44496701,0.28017138,0.82953799,0.61155473,0.49621672,0.30346368,0.71586855,0.6207949,0.38534963,0.23922309,0.76451219,0.68658414,0.36778469,0.25251513
0b_baseline_last,file,19,baseline,10638,181.Worm_eating_Warbler/Worm_Eating_Warbler_0006_176037.jpg,181,180,181.Worm_eating_Warbler,195,194,color_jitter,color_jitter,0,"{""brightness"":1.015284,""contrast"":0.716122,""hue"":0.062165,""saturation"":0.914203}",0.004998568,0.0012660354,-0.0037325326,0.99501389,0.99873477,0.002576933,9.1883325e-05,0.99243696,0.99864289,0.0062059292,0.43609377,0.21710777,0.88491546,0.19212202,False,0.95168722,True,True,True,0.43609377,0.21710777,0.88491546,0.19212202,0.41886077,0.21593207,0.86935168,0.18772091,0.85625946,0.24744455,0.16523629,0.040886819,0.34311634,0.19016783,0.16669057,0.031699184,0.22694206,0.19285983,0.44496701,0.085816263,0.33824926,0.1929691,0.49621672,0.095754495,0.49974492,0.22349789,0.38534963,0.086124831,0.67620425,0.27572491,0.36778469,0.1014074
0b_baseline_last,file,19,baseline,10638,181.Worm_eating_Warbler/Worm_Eating_Warbler_0006_176037.jpg,181,180,181.Worm_eating_Warbler,195,194,rotation,rotation,0,"{""angle"":4.131689}",0.004998568,0.00082292064,-0.0041756473,0.99501389,0.9991774,0.002576933,0.00034327779,0.99243696,0.99883412,0.0063971589,0.81505942,0.16178426,0.88491546,0.14316539,False,0.98673058,True,True,True,0.81505942,0.16178426,0.88491546,0.14316539,0.80846645,0.16088753,0.86935168,0.13986784,0.98144402,0.18488805,0.16523629,0.030550215,0.70124909,0.15653924,0.16669057,0.026093615,0.78621462,0.16180174,0.44496701,0.071996435,0.83152202,0.15540711,0.49621672,0.077115607,0.79341797,0.16130953,0.38534963,0.06216057,0.83913193,0.1695367,0.36778469,0.062353002
0b_baseline_last,file,19,baseline,10638,181.Worm_eating_Warbler/Worm_Eating_Warbler_0006_176037.jpg,181,180,181.Worm_eating_Warbler,195,194,random_resized_crop,random_resized_crop,0,"{""area_fraction"":0.663564,""aspect"":0.963299,""fallback"":false,""height"":0.829967,""left"":0.126786,""top"":0.045853,""width"":0.799507}",0.004998568,0.002088391,-0.002910177,0.99501389,0.99791378,0.002576933,0.00052233011,0.99243696,0.99739145,0.0049544881,0.78339496,0.37399033,0.88491546,0.33094983,False,0.97512257,True,True,True,0.78339496,0.37399033,0.88491546,0.33094983,0.77746103,0.37197864,0.86935168,0.32338025,0.93375565,0.42592069,0.16523629,0.070377554,0.63026811,0.36360812,0.16669057,0.060610045,0.74181624,0.35558055,0.44496701,0.15822162,0.83960767,0.36255056,0.49621672,0.17990365,0.75051091,0.3590457,0.38534963,0.13835813,0.78408032,0.42436018,0.36778469,0.15607317
0b_baseline_last,file,19,baseline,10638,181.Worm_eating_Warbler/Worm_Eating_Warbler_0006_176037.jpg,181,180,181.Worm_eating_Warbler,195,194,gaussian_blur,gaussian_blur,0,"{""sigma"":1.193176}",0.004998568,0.00059300958,-0.0044055584,0.99501389,0.99940717,0.002576933,0.0001362647,0.99243696,0.99927091,0.0068339479,0.3474139,0.11035802,0.88491546,0.097657517,False,0.9299947,True,True,True,0.3474139,0.11035802,0.88491546,0.097657517,0.3265053,0.11002085,0.86935168,0.095646808,0.88220474,0.11931361,0.16523629,0.019714938,-0.30795433,0.14091621,0.16669057,0.023489403,0.16442827,0.098904576,0.44496701,0.044009274,0.27502139,0.10478646,0.49621672,0.051996794,0.44455334,0.11662671,0.38534963,0.044942059,0.63891434,0.11964412,0.36778469,0.044003276
0b_baseline_last,file,19,baseline,10638,181.Worm_eating_Warbler/Worm_Eating_Warbler_0006_176037.jpg,181,180,181.Worm_eating_Warbler,195,194,random_erasing,random_erasing,0,"{""area_fraction"":0.142728,""erased"":true,""height"":0.472785,""left"":0.172353,""top"":0.03404,""width"":0.301889}",0.004998568,0.0083327247,0.0033341567,0.99501389,0.9917019,0.002576933,0.0045125876,0.99243696,0.98718931,-0.0052476462,0.91817192,1.5022888,0.88491546,1.3293986,False,0.99058717,True,True,True,0.91817192,1.5022888,0.88491546,1.3293986,0.9154678,1.4973801,0.86935168,1.3017499,0.99012687,1.6323179,0.16523629,0.26971814,0.93960395,1.5643617,0.16669057,0.26076434,0.92230773,1.4471822,0.44496701,0.64394835,0.93754615,1.4982923,0.49621672,0.7434777,0.88799997,1.493843,0.38534963,0.57565187,0.89302765,1.5566052,0.36778469,0.57249556
0b_baseline_last,file,19,baseline,2832,050.Eared_Grebe/Eared_Grebe_0068_34052.jpg,50,49,050.Eared_Grebe,51,50,identity,identity,0,{},0.068082079,0.068082079,0,0.93418378,0.93418378,0.017854247,0.017854247,0.91632953,0.91632953,0,1,1,9.7856533,9.7856533,False,1,True,True,True,1,1,9.7856533,9.7856533,1,1,9.6309255,9.6309255,1,1,1.7332873,1.7332873,1,1,1.9245288,1.9245288,1,1,4.50936,4.50936,1,1,5.4791286,5.4791286,1,1,4.2973633,4.2973633,1,1,4.4976001,4.4976001
0b_baseline_last,file,19,baseline,2832,050.Eared_Grebe/Eared_Grebe_0068_34052.jpg,50,49,050.Eared_Grebe,51,50,horizontal_flip,horizontal_flip,0,"{""flipped"":true}",0.068082079,0.037235018,-0.030847061,0.93418378,0.96344966,0.017854247,0.0051363744,0.91632953,0.95831328,0.041983753,0.73154735,0.45483765,9.7856533,4.4508836,False,0.96345299,True,True,True,0.73154735,0.45483765,9.7856533,4.4508836,0.7235627,0.45256189,9.6309255,4.3585899,0.95285967,0.52022417,1.7332873,0.90169794,0.56572772,0.44158781,1.9245288,0.84984845,0.74450117,0.4656291,4.50936,2.0996892,0.79102628,0.41080478,5.4791286,2.2508522,0.68531379,0.4449929,4.2973633,1.9122962,0.68740697,0.5042362,4.4976001,2.2678528
0b_baseline_last,file,19,baseline,2832,050.Eared_Grebe/Eared_Grebe_0068_34052.jpg,50,49,050.Eared_Grebe,51,50,color_jitter,color_jitter,0,"{""brightness"":1.036719,""contrast"":1.174383,""hue"":0.036896,""saturation"":1.120726}",0.068082079,0.024775043,-0.043307036,0.93418378,0.97552931,0.017854247,0.002889724,0.91632953,0.97263959,0.05631006,0.85909423,0.33335799,9.7856533,3.2621258,False,0.97505558,True,True,True,0.85909423,0.33335799,9.7856533,3.2621258,0.85556064,0.33169309,9.6309255,3.1945114,0.96204829,0.38119933,1.7332873,0.66072796,0.60524789,0.22851453,1.9245288,0.43978279,0.82946833,0.29831591,4.50936,1.3452138,0.87653567,0.32018566,5.4791286,1.7543384,0.85580787,0.33984122,4.2973633,1.4604212,0.89755041,0.38455065,4.4976001,1.729555
0b_baseline_last,file,19,baseline,2832,050.Eared_Grebe/Eared_Grebe_0068_34052.jpg,50,49,050.Eared_Grebe,51,50,rotation,rotation,0,"{""angle"":9.881167}",0.068082079,0.17867759,0.11059551,0.93418378,0.83637553,0.017854247,0.026255351,0.91632953,0.81012018,-0.10620935,0.77765367,2.3880268,9.7856533,23.368403,False,0.94574583,True,True,True,0.77765367,2.3880268,9.7856533,23.368403,0.77277067,2.3910441,9.6309255,23.027968,0.93552636,2.292918,1.7332873,3.9742857,0.64190489,1.7627738,1.9245288,3.3925089,0.79118624,2.3860091,4.50936,10.759374,0.82645433,2.3582767,5.4791286,12.921301,0.72943064,2.5197852,4.2973633,10.828432,0.74158989,2.4234035,4.4976001,10.8995
0b_baseline_last,file,19,baseline,2832,050.Eared_Grebe/Eared_Grebe_0068_34052.jpg,50,49,050.Eared_Grebe,51,50,random_resized_crop,random_resized_crop,0,"{""area_fraction"":0.64808,""aspect"":0.910228,""fallback"":false,""height"":0.8438,""left"":0.125355,""top"":0.117947,""width"":0.76805}",0.068082079,0.097965367,0.029883288,0.93418378,0.90668029,0.017854247,0.021484209,0.91632953,0.88519608,-0.031133452,0.69570686,1.5824923,9.7856533,15.485721,False,0.94306189,True,True,True,0.69570686,1.5824923,9.7856533,15.485721,0.68889236,1.5881002,9.6309255,15.294875,0.94013532,1.3983319,1.7332873,2.423711,0.45273821,2.5059334,1.9245288,4.822741,0.69415018,1.6603048,4.50936,7.486912,0.76533703,1.5921857,5.4791286,8.7237904,0.65177062,1.4864015,4.2973633,6.3876073,0.70113528,1.3654417,4.4976001,6.1412105
0b_baseline_last,file,19,baseline,2832,050.Eared_Grebe/Eared_Grebe_0068_34052.jpg,50,49,050.Eared_Grebe,51,50,gaussian_blur,gaussian_blur,0,"{""sigma"":1.648252}",0.068082079,0.74685919,0.67877711,0.93418378,0.47385252,0.017854247,0.016137816,0.91632953,0.4577147,-0.45861483,0.50647052,10.403982,9.7856533,101.80976,False,0.854967,True,True,True,0.50647052,10.403982,9.7856533,101.80976,0.49956214,10.477545,9.6309255,100.90846,0.81474207,7.7985113,1.7332873,13.517061,0.25759108,12.101353,1.9245288,23.289402,0.45053864,12.236085,4.50936,55.176912,0.5497049,10.72785,5.4791286,58.779267,0.49776781,9.7258022,4.2973633,41.795305,0.5682124,8.3007264,4.4976001,37.333348
0b_baseline_last,file,19,baseline,2832,050.Eared_Grebe/Eared_Grebe_0068_34052.jpg,50,49,050.Eared_Grebe,51,50,random_erasing,random_erasing,0,"{""area_fraction"":0.058235,""erased"":true,""height"":0.178584,""left"":0.623857,""top"":0.741301,""width"":0.32609}",0.068082079,0.092814423,0.024732344,0.93418378,0.91136259,0.017854247,0.016927861,0.91632953,0.89443473,-0.021894801,0.9540119,1.3264757,9.7856533,12.980431,False,0.98792231,True,True,True,0.9540119,1.3264757,9.7856533,12.980431,0.95306198,1.3277621,9.6309255,12.787578,0.98475875,1.286125,1.7332873,2.2292241,0.94912659,1.187802,1.9245288,2.2859591,0.96263275,1.3151442,4.50936,5.9304587,0.9608093,1.3203153,5.4791286,7.2341772,0.9389724,1.3622524,4.2973633,5.8540933,0.94740594,1.3436906,4.4976001,6.0433828
0b_baseline_last,file,19,baseline,10225,174.Palm_Warbler/Palm_Warbler_0126_170311.jpg,174,173,174.Palm_Warbler,168,167,identity,identity,0,{},2.2786908,2.2786908,0,0.10241821,0.10241821,0.24152501,0.24152501,-0.1391068,-0.1391068,0,1,1,170.26416,170.26416,False,1,True,False,False,1,1,170.26416,170.26416,1,1,168.43738,168.43738,1,1,24.87437,24.87437,1,1,56.197158,56.197158,1,1,80.473583,80.473583,1,1,95.256992,95.256992,1,1,74.995998,74.995998,1,1,63.551073,63.551073
0b_baseline_last,file,19,baseline,10225,174.Palm_Warbler/Palm_Warbler_0126_170311.jpg,174,173,174.Palm_Warbler,168,167,horizontal_flip,horizontal_flip,0,"{""flipped"":true}",2.2786908,1.5125335,-0.76615727,0.10241821,0.220351,0.24152501,0.10890608,-0.1391068,0.11144492,0.25055172,0.54144305,0.99320961,170.26416,169.108,False,0.96743214,False,False,True,0.54144305,0.99320961,170.26416,169.108,0.53373394,0.99557962,168.43738,167.69282,0.94663847,0.87768815,24.87437,21.83194,0.18890513,0.8849034,56.197158,49.729056,0.43026814,1.0067099,80.473583,81.013553,0.60026059,1.0208218,95.256992,97.240416,0.59319926,1.0251703,74.995998,76.883673,0.71282435,0.95945938,63.551073,60.974673
0b_baseline_last,file,19,baseline,10225,174.Palm_Warbler/Palm_Warbler_0126_170311.jpg,174,173,174.Palm_Warbler,168,167,color_jitter,color_jitter,0,"{""brightness"":1.286146,""contrast"":1.076523,""hue"":0.03349,""saturation"":1.188609}",2.2786908,2.9214461,0.64275527,0.10241821,0.053855751,0.24152501,0.2160785,-0.1391068,-0.16222275,-0.023115952,0.80727218,1.1407803,170.26416,194.234,False,0.92143321,False,False,False,0.80727218,1.1407803,170.26416,194.234,0.80570522,1.1420335,168.43738,192.36114,0.88428985,1.0817554,24.87437,26.907983,0.86961146,1.2252949,56.197158,68.85809,0.80207494,1.075987,80.473583,86.588527,0.8173939,1.15117,95.256992,109.65699,0.78035674,1.1971629,74.995998,89.78243,0.77274598,1.0762649,63.551073,68.397791
0b_baseline_last,file,19,baseline,10225,174.Palm_Warbler/Palm_Warbler_0126_170311.jpg,174,173,174.Palm_Warbler,168,167,rotation,rotation,0,"{""angle"":9.913804}",2.2786908,3.1855249,0.90683413,0.10241821,0.04135653,0.24152501,0.033778597,-0.1391068,0.0075779334,0.14668474,0.78031275,1.1273599,170.26416,191.94899,False,0.94510323,False,False,False,0.78031275,1.1273599,170.26416,191.94899,0.77751748,1.1264375,168.43738,189.73418,0.90435428,1.168874,24.87437,29.075004,0.7642646,1.0252314,56.197158,57.615089,0.7850267,1.098188,80.473583,88.375124,0.79752554,1.1202954,95.256992,106.71597,0.74705147,1.1810022,74.995998,88.570438,0.77993419,1.1813461,63.551073,75.075811
0b_baseline_last,file,19,baseline,10225,174.Palm_Warbler/Palm_Warbler_0126_170311.jpg,174,173,174.Palm_Warbler,168,167,random_resized_crop,random_resized_crop,0,"{""area_fraction"":0.851374,""aspect"":0.949617,""fallback"":false,""height"":0.946861,""left"":0.009272,""top"":0.001164,""width"":0.899155}",2.2786908,3.335959,1.0572681,0.10241821,0.035580449,0.24152501,0.21977152,-0.1391068,-0.18419107,-0.045084268,0.81823085,1.1731584,170.26416,199.74683,False,0.97662157,False,False,False,0.81823085,1.1731584,170.26416,199.74683,0.81537346,1.1738633,168.43738,197.72246,0.95343682,1.1403673,24.87437,28.365917,0.86835319,1.213244,56.197158,68.180866,0.82812521,1.1527129,80.473583,92.762938,0.81653191,1.2035731,95.256992,114.64875,0.7688239,1.1771025,74.995998,88.277979,0.81764935,1.1018406,63.551073,70.023149
0b_baseline_last,file,19,baseline,10225,174.Palm_Warbler/Palm_Warbler_0126_170311.jpg,174,173,174.Palm_Warbler,168,167,gaussian_blur,gaussian_blur,0,"{""sigma"":1.698273}",2.2786908,4.2194009,1.9407101,0.10241821,0.014707453,0.24152501,0.04974797,-0.1391068,-0.035040517,0.10406629,0.53491455,0.96209576,170.26416,163.81043,False,0.86298084,False,False,False,0.53491455,0.96209576,170.26416,163.81043,0.52772548,0.95497112,168.43738,160.85283,0.80608799,1.2457586,24.87437,30.987459,0.35617451,0.64188778,56.197158,36.072269,0.46176516,0.7958444,80.473583,64.04445,0.5539621,1.0086264,95.256992,96.078714,0.57950935,1.0838461,74.995998,81.284117,0.59958138,1.0709894,63.551073,68.062524
0b_baseline_last,file,19,baseline,10225,174.Palm_Warbler/Palm_Warbler_0126_170311.jpg,174,173,174.Palm_Warbler,168,167,random_erasing,random_erasing,0,"{""area_fraction"":0.053966,""erased"":true,""height"":0.273573,""left"":0.696414,""top"":0.0138,""width"":0.197263}",2.2786908,2.5091157,0.23042488,0.10241821,0.081340142,0.24152501,0.20733294,-0.1391068,-0.1259928,0.013114005,0.98254326,0.98947798,170.26416,168.47264,False,0.99407339,True,False,False,0.98254326,0.98947798,170.26416,168.47264,0.98232014,0.98918923,168.43738,166.61644,0.99272437,1.0026287,24.87437,24.939758,0.99269286,0.93719242,56.197158,52.667551,0.98715664,0.99427776,80.473583,80.013093,0.98840647,0.99908599,95.256992,95.169926,0.97639727,0.98641976,74.995998,73.977534,0.96278842,1.0020214,63.551073,63.679532
0b_baseline_last,file,19,baseline,460,009.Brewer_Blackbird/Brewer_Blackbird_0018_2261.jpg,9,8,009.Brewer_Blackbird,11,10,identity,identity,0,{},0.05476765,0.05476765,0,0.9467051,0.9467051,0.027961779,0.027961779,0.91874332,0.91874332,0,1,1,7.3500488,7.3500488,False,1,True,True,True,1,1,7.3500488,7.3500488,1,1,7.0800495,7.0800495,1,1,1.9738581,1.9738581,1,1,1.9152495,1.9152495,1,1,2.6109742,2.6109742,1,1,3.0621467,3.0621467,1,1,3.5873558,3.5873558,1,1,4.1708357,4.1708357
0b_baseline_last,file,19,baseline,460,009.Brewer_Blackbird/Brewer_Blackbird_0018_2261.jpg,9,8,009.Brewer_Blackbird,11,10,horizontal_flip,horizontal_flip,0,"{""flipped"":true}",0.05476765,0.12915103,0.074383382,0.9467051,0.87884122,0.027961779,0.029585123,0.91874332,0.8492561,-0.069487225,0.62078536,2.5206088,7.3500488,18.526598,False,0.97395241,True,True,True,0.62078536,2.5206088,7.3500488,18.526598,0.60249821,2.5574513,7.0800495,18.106882,0.94244333,1.9865565,1.9738581,3.9211807,0.58321443,2.9786096,1.9152495,5.7047803,0.47325973,2.7603405,2.6109742,7.2071778,0.54289392,2.7810704,3.0621467,8.5160456,0.57854164,2.6106117,3.5873558,9.3651928,0.74589686,2.186178,4.1708357,9.1181892
0b_baseline_last,file,19,baseline,460,009.Brewer_Blackbird/Brewer_Blackbird_0018_2261.jpg,9,8,009.Brewer_Blackbird,11,10,color_jitter,color_jitter,0,"{""brightness"":0.906213,""contrast"":0.73661,""hue"":0.072153,""saturation"":0.851419}",0.05476765,0.065072417,0.010304768,0.9467051,0.93699962,0.027961779,0.04567036,0.91874332,0.89132926,-0.027414065,0.64939913,1.1836815,7.3500488,8.7001169,False,0.97406816,True,True,True,0.64939913,1.1836815,7.3500488,8.7001169,0.62565643,1.1799292,7.0800495,8.3539572,0.94275023,1.2309387,1.9738581,2.4296983,0.14609746,1.2276651,1.9152495,2.3512849,0.3747777,1.3368958,2.6109742,3.4906006,0.54649893,1.1493301,3.0621467,3.5194174,0.72925331,1.1764717,3.5873558,4.2204225,0.82021719,1.1214393,4.1708357,4.6773393
0b_baseline_last,file,19,baseline,460,009.Brewer_Blackbird/Brewer_Blackbird_0018_2261.jpg,9,8,009.Brewer_Blackbird,11,10,rotation,rotation,0,"{""angle"":-7.595293}",0.05476765,0.0076925945,-0.047075055,0.9467051,0.99233693,0.027961779,0.0056057139,0.91874332,0.98673121,0.067987891,0.72950058,0.14621436,7.3500488,1.0746827,False,0.97556204,True,True,True,0.72950058,0.14621436,7.3500488,1.0746827,0.70984953,0.14431613,7.0800495,1.0217654,0.95391925,0.16874273,1.9738581,0.33307421,0.59119036,0.16866013,1.9152495,0.32302622,0.66959218,0.15211962,2.6109742,0.39718042,0.61152541,0.1389474,3.0621467,0.42547731,0.70420146,0.13686538,3.5873558,0.4909848,0.81457702,0.14381794,4.1708357,0.59984098
0b_baseline_last,file,19,baseline,460,009.Brewer_Blackbird/Brewer_Blackbird_0018_2261.jpg,9,8,009.Brewer_Blackbird,11,10,random_resized_crop,random_resized_crop,0,"{""area_fraction"":0.615022,""aspect"":1.259652,""fallback"":false,""height"":0.698747,""left"":0.044695,""top"":0.012305,""width"":0.880178}",0.05476765,0.0068864389,-0.047881211,0.9467051,0.99313724,0.027961779,0.0016264336,0.91874332,0.99151081,0.072767483,0.44856296,0.14399359,7.3500488,1.0583599,False,0.89450896,True,True,True,0.44856296,0.14399359,7.3500488,1.0583599,0.42658674,0.14639034,7.0800495,1.0364509,0.84902974,0.10853467,1.9738581,0.21423204,0.10822804,0.19499725,1.9152495,0.37346838,0.2948543,0.18211744,2.6109742,0.47550395,0.41679497,0.14460386,3.0621467,0.44279824,0.40799285,0.13011292,3.5873558,0.46676132,0.63534277,0.13015934,4.1708357,0.54287322
0b_baseline_last,file,19,baseline,460,009.Brewer_Blackbird/Brewer_Blackbird_0018_2261.jpg,9,8,009.Brewer_Blackbird,11,10,gaussian_blur,gaussian_blur,0,"{""sigma"":1.587461}",0.05476765,0.28046602,0.22569837,0.9467051,0.75543159,0.027961779,0.086999074,0.91874332,0.66843252,-0.2503108,0.46977589,6.3797959,7.3500488,46.891811,False,0.90164864,True,True,True,0.46977589,6.3797959,7.3500488,46.891811,0.45227142,6.5171335,7.0800495,46.141628,0.85878424,4.232404,1.9738581,8.3541648,0.23162833,6.4959755,1.9152495,12.441414,0.24351751,7.7969101,2.6109742,20.357531,0.375098,7.5701135,3.0621467,23.180798,0.50848453,6.7635239,3.5873558,24.263166,0.67231968,4.9935838,4.1708357,20.827418
0b_baseline_last,file,19,baseline,460,009.Brewer_Blackbird/Brewer_Blackbird_0018_2261.jpg,9,8,009.Brewer_Blackbird,11,10,random_erasing,random_erasing,0,"{""area_fraction"":0.152644,""erased"":true,""height"":0.286068,""left"":0.233308,""top"":0.461098,""width"":0.533593}",0.05476765,0.19536909,0.14060144,0.9467051,0.82253098,0.027961779,0.032813486,0.91874332,0.7897175,-0.12902582,0.56789576,3.26957,7.3500488,24.031499,False,0.85288006,True,True,True,0.56789576,3.26957,7.3500488,24.031499,0.55662868,3.3215491,7.0800495,23.516732,0.78138283,2.5064359,1.9738581,4.9473489,0.66376665,3.1336667,1.9152495,6.0017535,0.58796176,3.8056264,2.6109742,9.9363926,0.47086344,3.3242063,3.0621467,10.179208,0.50138497,3.2046205,3.5873558,11.496114,0.61122983,3.2390414,4.1708357,13.50951
0b_baseline_last,file,19,baseline,7417,127.Savannah_Sparrow/Savannah_Sparrow_0054_120057.jpg,127,126,127.Savannah_Sparrow,120,119,identity,identity,0,{},8.0695267,8.0695267,0,0.00031293134,0.00031293134,0.81788611,0.81788611,-0.81757318,-0.81757318,0,1,1,198.37409,198.37409,False,1,True,False,False,1,1,198.37409,198.37409,1,1,194.22245,194.22245,1,1,40.372222,40.372222,1,1,30.940499,30.940499,1,1,100.56629,100.56629,1,1,103.83012,103.83012,1,1,85.879225,85.879225,1,1,92.171211,92.171211
0b_baseline_last,file,19,baseline,7417,127.Savannah_Sparrow/Savannah_Sparrow_0054_120057.jpg,127,126,127.Savannah_Sparrow,120,119,horizontal_flip,horizontal_flip,0,"{""flipped"":true}",8.0695267,9.4306526,1.3611259,0.00031293134,8.0226819e-05,0.81788611,0.89819551,-0.81757318,-0.89811528,-0.080542096,0.77512442,0.97068554,198.37409,192.55886,False,0.98390436,True,False,False,0.77512442,0.97068554,198.37409,192.55886,0.76576011,0.96832004,194.22245,188.06949,0.98123888,1.0239063,40.372222,41.337372,0.72244142,1.1031332,30.940499,34.131491,0.83091899,0.95477942,100.56629,96.018627,0.74289507,0.96049917,103.83012,99.728746,0.68880193,0.9606999,85.879225,82.504163,0.79057292,0.98441797,92.171211,90.734996
0b_baseline_last,file,19,baseline,7417,127.Savannah_Sparrow/Savannah_Sparrow_0054_120057.jpg,127,126,127.Savannah_Sparrow,120,119,color_jitter,color_jitter,0,"{""brightness"":0.706581,""contrast"":1.20523,""hue"":-0.063935,""saturation"":0.639299}",8.0695267,6.4234653,-1.6460614,0.00031293134,0.0016230226,0.81788611,0.32749957,-0.81757318,-0.32587655,0.49169664,0.54424954,0.89774494,198.37409,178.08933,False,0.94943595,False,False,False,0.54424954,0.89774494,198.37409,178.08933,0.53291883,0.90064966,194.22245,174.92639,0.83147467,0.82767563,40.372222,33.415104,0.27369878,1.1896899,30.940499,36.8096,0.38845742,0.7890713,100.56629,79.353976,0.51176647,0.98506821,103.83012,102.27975,0.63150073,0.91983646,85.879225,78.994842,0.68297516,0.85743755,92.171211,79.031057
0b_baseline_last,file,19,baseline,7417,127.Savannah_Sparrow/Savannah_Sparrow_0054_120057.jpg,127,126,127.Savannah_Sparrow,120,119,rotation,rotation,0,"{""angle"":-11.314415}",8.0695267,6.749609,-1.3199177,0.00031293134,0.0011713377,0.81788611,0.59198803,-0.81757318,-0.59081669,0.22675649,0.80262436,0.77466196,198.37409,153.67286,False,0.95192569,True,False,False,0.80262436,0.77466196,198.37409,153.67286,0.79666728,0.77026726,194.22245,149.6032,0.93036088,0.87019287,40.372222,35.13162,0.77342786,0.85944271,30.940499,26.591587,0.87805791,0.73010131,100.56629,73.423582,0.77010819,0.75414125,103.83012,78.302579,0.7481857,0.7920417,85.879225,68.019927,0.78771281,0.80643609,92.171211,74.330191
0b_baseline_last,file,19,baseline,7417,127.Savannah_Sparrow/Savannah_Sparrow_0054_120057.jpg,127,126,127.Savannah_Sparrow,120,119,random_resized_crop,random_resized_crop,0,"{""area_fraction"":0.632398,""aspect"":0.968089,""fallback"":false,""height"":0.808235,""left"":0.021392,""top"":0.079469,""width"":0.782443}",8.0695267,6.2278385,-1.8416882,0.00031293134,0.0019737133,0.81788611,0.76353204,-0.81757318,-0.76155833,0.056014854,0.70658707,0.89279505,198.37409,177.1074,False,0.93145323,True,False,False,0.70658707,0.89279505,198.37409,177.1074,0.69665874,0.8918331,194.22245,173.21401,0.93082114,0.91477577,40.372222,36.931531,0.69276976,1.1820639,30.940499,36.573647,0.69347057,0.79811129,100.56629,80.263094,0.68617018,0.84956259,103.83012,88.210188,0.66186998,0.95576144,85.879225,82.080051,0.75463435,0.9523456,92.171211,87.778848
0b_baseline_last,file,19,baseline,7417,127.Savannah_Sparrow/Savannah_Sparrow_0054_120057.jpg,127,126,127.Savannah_Sparrow,120,119,gaussian_blur,gaussian_blur,0,"{""sigma"":1.272303}",8.0695267,4.3077097,-3.761817,0.00031293134,0.013464354,0.81788611,0.26468781,-0.81757318,-0.25122345,0.56634973,0.6043877,0.79022214,198.37409,156.7596,False,0.90839118,False,False,False,0.6043877,0.79022214,198.37409,156.7596,0.59673937,0.79230142,194.22245,153.88273,0.7951189,0.7404705,40.372222,29.894439,0.45019767,0.97758004,30.940499,30.246815,0.66366182,0.78284335,100.56629,78.727654,0.57568646,0.79034049,103.83012,82.06115,0.54739481,0.83223676,85.879225,71.471847,0.61467654,0.74574932,92.171211,68.736618
0b_baseline_last,file,19,baseline,7417,127.Savannah_Sparrow/Savannah_Sparrow_0054_120057.jpg,127,126,127.Savannah_Sparrow,120,119,random_erasing,random_erasing,0,"{""area_fraction"":0.156882,""erased"":true,""height"":0.459152,""left"":0.039021,""top"":0.077995,""width"":0.341677}",8.0695267,7.7767282,-0.29279852,0.00031293134,0.00041938209,0.81788611,0.77324325,-0.81757318,-0.77282387,0.044749316,0.96346539,0.97544133,198.37409,193.50228,False,0.98789263,True,False,False,0.96346539,0.97544133,198.37409,193.50228,0.96244233,0.97454604,194.22245,189.27872,0.9868519,0.99593683,40.372222,40.208183,0.95858573,0.9312353,30.940499,28.812885,0.97672384,0.95922617,100.56629,96.46582,0.96962862,0.97187626,103.83012,100.91003,0.94754259,0.99017997,85.879225,85.035889,0.95076093,0.98703443,92.171211,90.976159
0b_baseline_last,file,19,baseline,3546,061.Heermann_Gull/Heermann_Gull_0131_45548.jpg,61,60,061.Heermann_Gull,66,65,identity,identity,0,{},0.12212046,0.12212046,0,0.88504177,0.88504177,0.019640651,0.019640651,0.86540112,0.86540112,0,1,1,16.254211,16.254211,False,1,True,True,True,1,1,16.254211,16.254211,1,1,15.913712,15.913712,1,1,3.3095553,3.3095553,1,1,3.2372908,3.2372908,1,1,6.4708732,6.4708732,1,1,8.2898915,8.2898915,1,1,8.0097926,8.0097926,1,1,8.2471149,8.2471149
0b_baseline_last,file,19,baseline,3546,061.Heermann_Gull/Heermann_Gull_0131_45548.jpg,61,60,061.Heermann_Gull,66,65,horizontal_flip,horizontal_flip,0,"{""flipped"":true}",0.12212046,0.039947703,-0.082172759,0.88504177,0.96083969,0.019640651,0.0086742193,0.86540112,0.95216547,0.086764347,0.60958117,0.32194821,16.254211,5.2330143,False,0.96474469,True,True,True,0.60958117,0.32194821,16.254211,5.2330143,0.59237036,0.31949623,15.913712,5.0843711,0.95660517,0.37418622,3.3095553,1.23839,0.38622925,0.27294256,3.2372908,0.88359443,0.54231066,0.36046507,6.4708732,2.3325238,0.62581991,0.30471113,8.2898915,2.5260222,0.52013847,0.29201262,8.0097926,2.3389605,0.68650194,0.33816533,8.2471149,2.7888884
0b_baseline_last,file,19,baseline,3546,061.Heermann_Gull/Heermann_Gull_0131_45548.jpg,61,60,061.Heermann_Gull,66,65,color_jitter,color_jitter,0,"{""brightness"":0.660713,""contrast"":1.317764,""hue"":-0.05499,""saturation"":0.658899}",0.12212046,0.27375466,0.15163419,0.88504177,0.76051861,0.019640651,0.029527185,0.86540112,0.73099142,-0.1344097,0.77858475,1.9770286,16.254211,32.135041,False,0.96788871,True,True,True,0.77858475,1.9770286,16.254211,32.135041,0.77046901,1.9734409,15.913712,31.404771,0.95915647,2.0582361,3.3095553,6.8118461,0.34638889,2.0808095,3.2372908,6.7361853,0.7408445,2.0862217,6.4708732,13.499676,0.77324024,1.8681588,8.2898915,15.486834,0.78323259,1.8986011,8.0097926,15.207401,0.84456784,2.056096,8.2471149,16.95686
0b_baseline_last,file,19,baseline,3546,061.Heermann_Gull/Heermann_Gull_0131_45548.jpg,61,60,061.Heermann_Gull,66,65,rotation,rotation,0,"{""angle"":-9.802473}",0.12212046,0.26824576,0.14612529,0.88504177,0.76471984,0.019640651,0.019345189,0.86540112,0.74537466,-0.12002647,0.73078559,2.1432255,16.254211,34.83644,False,0.94751179,True,True,True,0.73078559,2.1432255,16.254211,34.83644,0.72207045,2.1451203,15.913712,34.136827,0.93688666,2.0989387,3.3095553,6.9465537,0.80596776,2.8474755,3.2372908,9.2181062,0.68872325,2.2427202,6.4708732,14.512358,0.734122,2.1014885,8.2898915,17.421112,0.69160397,2.0977784,8.0097926,16.80277,0.75150612,2.0431036,8.2471149,16.84971
0b_baseline_last,file,19,baseline,3546,061.Heermann_Gull/Heermann_Gull_0131_45548.jpg,61,60,061.Heermann_Gull,66,65,random_resized_crop,random_resized_crop,0,"{""area_fraction"":0.891704,""aspect"":0.953686,""fallback"":false,""height"":0.966958,""left"":0.008995,""top"":0.019668,""width"":0.922175}",0.12212046,0.16123107,0.039110608,0.88504177,0.85109538,0.019640651,0.022211928,0.86540112,0.82888345,-0.036517672,0.85944386,1.4232427,16.254211,23.133687,False,0.98762041,True,True,True,0.85944386,1.4232427,16.254211,23.133687,0.85451202,1.427801,15.913712,22.721615,0.98628203,1.3134455,3.3095553,4.3469205,0.82768497,1.6650425,3.2372908,5.3902267,0.81098426,1.6833694,6.4708732,10.89287,0.86944331,1.3616911,8.2898915,11.288271,0.85326743,1.371941,8.0097926,10.988963,0.89414689,1.3303795,8.2471149,10.971792
0b_baseline_last,file,19,baseline,3546,061.Heermann_Gull/Heermann_Gull_0131_45548.jpg,61,60,061.Heermann_Gull,66,65,gaussian_blur,gaussian_blur,0,"{""sigma"":1.584108}",0.12212046,1.7640922,1.6419717,0.88504177,0.17134225,0.019640651,0.060357947,0.86540112,0.11098431,-0.75441682,0.60842456,7.6973896,16.254211,125.115,False,0.90443158,True,True,True,0.60842456,7.6973896,16.254211,125.115,0.59801022,7.7309347,15.913712,123.02787,0.88316332,6.8763174,3.3095553,22.757552,0.54081449,10.436546,3.2372908,33.786133,0.50220213,7.8619566,6.4708732,50.873724,0.56890433,7.0135357,8.2898915,58.14145,0.60878197,7.9665023,8.0097926,63.810031,0.6960627,7.6246536,8.2471149,62.881395
0b_baseline_last,file,19,baseline,3546,061.Heermann_Gull/Heermann_Gull_0131_45548.jpg,61,60,061.Heermann_Gull,66,65,random_erasing,random_erasing,0,"{""area_fraction"":0.172505,""erased"":true,""height"":0.454182,""left"":0.081766,""top"":0.030872,""width"":0.379815}",0.12212046,0.04454362,-0.077576842,0.88504177,0.95643389,0.019640651,0.0076127416,0.86540112,0.94882115,0.083420028,0.75357805,0.35764523,16.254211,5.8132412,False,0.95806843,True,True,True,0.75357805,0.35764523,16.254211,5.8132412,0.74411607,0.35508499,15.913712,5.6507204,0.94998254,0.41243189,3.3095553,1.3649661,0.75624914,0.2808667,3.2372908,0.90924716,0.67100343,0.3749464,6.4708732,2.4262306,0.7037758,0.32721667,8.2898915,2.7125907,0.74602678,0.35182096,8.0097926,2.8180129,0.82734617,0.38186456,8.2471149,3.1492809
0b_baseline_last,file,19,baseline,5772,099.Ovenbird/Ovenbird_0010_92957.jpg,99,98,099.Ovenbird,149,148,identity,identity,0,{},0.01934729,0.01934729,0,0.98083866,0.98083866,0.0072176289,0.0072176289,0.97362103,0.97362103,0,1,1,2.7855885,2.7855885,False,1,True,True,True,1,1,2.7855885,2.7855885,1,1,2.72389,2.72389,1,1,0.58303221,0.58303221,1,1,0.47799323,0.47799323,1,1,1.2453699,1.2453699,1,1,1.4150143,1.4150143,1,1,1.3526435,1.3526435,1,1,1.3447094,1.3447094
0b_baseline_last,file,19,baseline,5772,099.Ovenbird/Ovenbird_0010_92957.jpg,99,98,099.Ovenbird,149,148,horizontal_flip,horizontal_flip,0,"{""flipped"":true}",0.01934729,0.084072068,0.064724779,0.98083866,0.91936499,0.0072176289,0.018723926,0.97362103,0.90064106,-0.072979964,0.67505217,3.7882932,2.7855885,10.552626,False,0.98415965,True,True,True,0.67505217,3.7882932,2.7855885,10.552626,0.66165005,3.7923038,2.72389,10.329819,0.97510225,3.6996708,0.58303221,2.1570272,0.54955131,3.7939276,0.47799323,1.8134717,0.64046349,3.3275772,1.2453699,4.1440645,0.63499856,3.8869934,1.4150143,5.5001513,0.62058822,3.8955299,1.3526435,5.2692634,0.76565786,3.95093,1.3447094,5.3128525
0b_baseline_last,file,19,baseline,5772,099.Ovenbird/Ovenbird_0010_92957.jpg,99,98,099.Ovenbird,149,148,color_jitter,color_jitter,0,"{""brightness"":0.68096,""contrast"":1.015039,""hue"":-0.090969,""saturation"":0.617047}",0.01934729,0.15308915,0.13374186,0.98083866,0.85805321,0.0072176289,0.03433843,0.97362103,0.82371478,-0.14990625,0.78367021,8.4522683,2.7855885,23.544542,False,0.95952237,True,True,True,0.78367021,8.4522683,2.7855885,23.544542,0.77871752,8.5223992,2.72389,23.214078,0.94116247,6.7421746,0.58303221,3.930905,0.65635351,13.099048,0.47799323,6.2612563,0.77563479,9.9815162,1.2453699,12.43068,0.76577446,7.9869085,1.4150143,11.30159,0.79951016,7.850265,1.3526435,10.61861,0.83865872,7.6088489,1.3447094,10.23169
0b_baseline_last,file,19,baseline,5772,099.Ovenbird/Ovenbird_0010_92957.jpg,99,98,099.Ovenbird,149,148,rotation,rotation,0,"{""angle"":-7.215985}",0.01934729,0.052488863,0.033141574,0.98083866,0.94886488,0.0072176289,0.019784214,0.97362103,0.92908066,-0.044540364,0.79511436,2.5466359,2.7855885,7.0938799,False,0.98040724,True,True,True,0.79511436,2.5466359,2.7855885,7.0938799,0.78734579,2.5507759,2.72389,6.9480331,0.97189084,2.4545343,0.58303221,1.4310726,0.62165776,3.1321686,0.47799323,1.4971554,0.76472402,2.5941011,1.2453699,3.2306154,0.75775729,2.4711273,1.4150143,3.4966805,0.80129263,2.5723418,1.3526435,3.4794616,0.85507255,2.4957787,1.3447094,3.3560969
0b_baseline_last,file,19,baseline,5772,099.Ovenbird/Ovenbird_0010_92957.jpg,99,98,099.Ovenbird,149,148,random_resized_crop,random_resized_crop,0,"{""area_fraction"":0.51447,""aspect"":1.148134,""fallback"":false,""height"":0.669397,""left"":0.213473,""top"":0.151533,""width"":0.768557}",0.01934729,0.51570344,0.49635615,0.98083866,0.59708041,0.0072176289,0.05936937,0.97362103,0.53771104,-0.43590999,0.60454843,21.158979,2.7855885,58.940208,False,0.90392029,True,True,True,0.60454843,21.158979,2.7855885,58.940208,0.59704424,21.379851,2.72389,58.236362,0.85892856,15.576386,0.58303221,9.081535,0.64170776,27.984689,0.47799323,13.376492,0.5721561,21.915131,1.2453699,27.292444,0.59616619,21.514182,1.4150143,30.442875,0.56773997,21.113823,1.3526435,28.559477,0.65017654,20.027027,1.3447094,26.930531
0b_baseline_last,file,19,baseline,5772,099.Ovenbird/Ovenbird_0010_92957.jpg,99,98,099.Ovenbird,149,148,gaussian_blur,gaussian_blur,0,"{""sigma"":1.561288}",0.01934729,0.061171096,0.041823806,0.98083866,0.94066226,0.0072176289,0.020424636,0.97362103,0.92023763,-0.053383399,0.46490835,3.6491852,2.7855885,10.165129,False,0.90660357,True,True,True,0.46490835,3.6491852,2.7855885,10.165129,0.44875158,3.6651675,2.72389,9.9835131,0.86159351,3.2810039,0.58303221,1.9129309,-0.1346625,5.1042277,0.47799323,2.4397863,0.21110373,3.9338353,1.2453699,4.89908,0.47069917,4.0285324,1.4150143,5.7004309,0.55791159,3.3234043,1.3526435,4.4953814,0.70010406,3.0673972,1.3447094,4.1247577
0b_baseline_last,file,19,baseline,5772,099.Ovenbird/Ovenbird_0010_92957.jpg,99,98,099.Ovenbird,149,148,random_erasing,random_erasing,0,"{""area_fraction"":0.156825,""erased"":true,""height"":0.25514,""left"":0.025004,""top"":0.228554,""width"":0.614664}",0.01934729,3.9213367,3.9019894,0.98083866,0.019814592,0.0072176289,0.055737115,0.97362103,-0.035922524,-1.0095436,0.31057014,43.319689,2.7855885,120.67083,False,0.6751703,False,True,False,0.31057014,43.319689,2.7855885,120.67083,0.29645896,43.277192,2.72389,117.88231,0.61196279,44.237094,0.58303221,25.791651,0.42976216,56.645761,0.47799323,27.07629,0.23354624,34.977162,1.2453699,43.559504,0.27309847,39.573882,1.4150143,55.997609,0.26638654,45.537145,1.3526435,61.595526,0.37412061,48.968111,1.3447094,65.847876
0b_baseline_last,file,19,baseline,11034,188.Pileated_Woodpecker/Pileated_Woodpecker_0038_180300.jpg,188,187,188.Pileated_Woodpecker,191,190,identity,identity,0,{},0.0049581197,0.0049581197,0,0.99505413,0.99505413,0.0031865393,0.0031865393,0.99186759,0.99186759,0,1,1,0.99043362,0.99043362,False,1,True,True,True,1,1,0.99043362,0.99043362,1,1,0.97240513,0.97240513,1,1,0.18811437,0.18811437,1,1,0.29197935,0.29197935,1,1,0.38008971,0.38008971,1,1,0.5045023,0.5045023,1,1,0.47173767,0.47173767,1,1,0.4886641,0.4886641
0b_baseline_last,file,19,baseline,11034,188.Pileated_Woodpecker/Pileated_Woodpecker_0038_180300.jpg,188,187,188.Pileated_Woodpecker,191,190,horizontal_flip,horizontal_flip,0,"{""flipped"":true}",0.0049581197,0.0049043833,-5.3736381e-05,0.99505413,0.99510765,0.0031865393,0.0015536571,0.99186759,0.99355399,0.0016864071,0.55515004,0.6928149,0.99043362,0.68618717,False,0.9595027,True,True,True,0.55515004,0.6928149,0.99043362,0.68618717,0.53957838,0.68896241,0.97240513,0.66995058,0.92344853,0.78881894,0.18811437,0.14838818,0.52753971,0.4644809,0.29197935,0.13561883,0.37798414,0.64045326,0.38008971,0.2434297,0.56968346,0.66497963,0.5045023,0.33548375,0.4839602,0.70494666,0.47173767,0.33254989,0.65583553,0.78738244,0.4886641,0.38476553
0b_baseline_last,file,19,baseline,11034,188.Pileated_Woodpecker/Pileated_Woodpecker_0038_180300.jpg,188,187,188.Pileated_Woodpecker,191,190,color_jitter,color_jitter,0,"{""brightness"":1.354319,""contrast"":1.029245,""hue"":0.077769,""saturation"":0.902529}",0.0049581197,0.041609343,0.036651223,0.99505413,0.95924443,0.0031865393,0.015293899,0.99186759,0.94395053,-0.047917055,0.83810854,6.1054954,0.99043362,6.0470879,False,0.97924435,True,True,True,0.83810854,6.1054954,0.99043362,6.0470879,0.83355791,6.0838865,0.97240513,5.9160024,0.95250176,6.6569754,0.18811437,1.2522727,0.86825083,5.4487757,0.29197935,1.59093,0.8081015,5.9577322,0.38008971,2.2644727,0.83994257,5.9752441,0.5045023,3.0145244,0.81046864,6.1347938,0.47173767,2.8940133,0.85461675,6.4315182,0.4886641,3.142852
0b_baseline_last,file,19,baseline,11034,188.Pileated_Woodpecker/Pileated_Woodpecker_0038_180300.jpg,188,187,188.Pileated_Woodpecker,191,190,rotation,rotation,0,"{""angle"":-3.447597}",0.0049581197,0.0045173503,-0.00044076936,0.99505413,0.99549282,0.0031865393,0.0025285073,0.99186759,0.99296431,0.0010967222,0.87161247,0.83385054,0.99043362,0.8258736,False,0.98708183,True,True,True,0.87161247,0.83385054,0.99043362,0.8258736,0.86718442,0.83190927,0.97240513,0.80895284,0.98449803,0.88414569,0.18811437,0.16632051,0.92356784,0.86384137,0.29197935,0.25222384,0.81915461,0.87095568,0.38008971,0.33104129,0.84651829,0.79985951,0.5045023,0.40353097,0.84975222,0.78361729,0.47173767,0.3696618,0.91475104,0.87233212,0.4886641,0.42627739
0b_baseline_last,file,19,baseline,11034,188.Pileated_Woodpecker/Pileated_Woodpecker_0038_180300.jpg,188,187,188.Pileated_Woodpecker,191,190,random_resized_crop,random_resized_crop,0,"{""area_fraction"":0.625082,""aspect"":1.213754,""fallback"":false,""height"":0.717634,""left"":0.09183,""top"":0.018878,""width"":0.871031}",0.0049581197,0.0054138713,0.00045575155,0.99505413,0.99460077,0.0031865393,0.0026388951,0.99186759,0.99196188,9.4291288e-05,0.73442158,0.96235545,0.99043362,0.95314919,False,0.96777439,True,True,True,0.73442158,0.96235545,0.99043362,0.95314919,0.72565949,0.96080285,0.97240513,0.93428962,0.95936418,1.0029524,0.18811437,0.18866976,0.69447654,0.74176472,0.29197935,0.21657998,0.61347635,0.85561981,0.38008971,0.32521229,0.76239953,0.99834343,0.5045023,0.50366656,0.70237504,0.9826443,0.47173767,0.46355033,0.78402905,1.026606,0.4886641,0.50166549
0b_baseline_last,file,19,baseline,11034,188.Pileated_Woodpecker/Pileated_Woodpecker_0038_180300.jpg,188,187,188.Pileated_Woodpecker,191,190,gaussian_blur,gaussian_blur,0,"{""sigma"":1.917417}",0.0049581197,0.012683557,0.0077254376,0.99505413,0.98739654,0.0031865393,0.0015525247,0.99186759,0.98584401,-0.006023573,0.54398042,2.4999274,0.99043362,2.4760122,False,0.94326985,True,True,True,0.54398042,2.4999274,0.99043362,2.4760122,0.53493037,2.5029853,0.97240513,2.4339157,0.79475308,2.4167874,0.18811437,0.45463244,0.64621008,2.4074788,0.29197935,0.7029341,0.51235975,2.9455226,0.38008971,1.1195628,0.48438598,2.3807143,0.5045023,1.2010759,0.45638381,2.4610432,0.47173767,1.1609668,0.64650751,2.4091743,0.4886641,1.177277
0b_baseline_last,file,19,baseline,11034,188.Pileated_Woodpecker/Pileated_Woodpecker_0038_180300.jpg,188,187,188.Pileated_Woodpecker,191,190,random_erasing,random_erasing,0,"{""area_fraction"":0.093215,""erased"":true,""height"":0.292762,""left"":0.645312,""top"":0.001931,""width"":0.318398}",0.0049581197,0.011196875,0.0062387553,0.99505413,0.98886555,0.0031865393,0.0070184018,0.99186759,0.98184715,-0.010020434,0.96501189,2.249787,0.99043362,2.2282647,False,0.99488091,True,True,True,0.96501189,2.249787,0.99043362,2.2282647,0.96392547,2.2512904,0.97240513,2.1891663,0.99476015,2.209237,0.18811437,0.41558923,0.98596437,2.2873089,0.29197935,0.66784696,0.96088697,2.2862808,0.38008971,0.86899182,0.96752107,2.2579221,0.5045023,1.1391269,0.95905246,2.1917376,0.47173767,1.0339252,0.95885591,2.2646408,0.4886641,1.1066487
0b_baseline_last,file,19,baseline,8042,137.Cliff_Swallow/Cliff_Swallow_0011_133033.jpg,137,136,137.Cliff_Swallow,118,117,identity,identity,0,{},2.2675829,2.2675829,0,0.1035622,0.1035622,0.19311832,0.19311832,-0.08955612,-0.08955612,0,1,1,127.14293,127.14293,False,0.99999994,True,False,False,1,1,127.14293,127.14293,1,1,125.22271,125.22271,1,1,22.013536,22.013536,1,1,25.631749,25.631749,1,1,58.149693,58.149693,1,1,63.318371,63.318371,1,1,59.951416,59.951416,1,1,63.552861,63.552861
0b_baseline_last,file,19,baseline,8042,137.Cliff_Swallow/Cliff_Swallow_0011_133033.jpg,137,136,137.Cliff_Swallow,118,117,horizontal_flip,horizontal_flip,0,"{""flipped"":true}",2.2675829,2.0283771,-0.23920584,0.1035622,0.13154882,0.19311832,0.1487944,-0.08955612,-0.017245576,0.072310545,0.53095616,0.82707819,127.14293,105.15714,False,0.92713344,True,False,False,0.53095616,0.82707819,127.14293,105.15714,0.51841882,0.82621325,125.22271,103.46067,0.9234647,0.85459384,22.013536,18.812633,0.33039614,1.2385233,25.631749,31.745517,0.46014209,0.82503385,58.149693,47.975465,0.52617458,0.77947253,63.318371,49.354931,0.52485171,0.81230154,59.951416,48.698628,0.61475222,0.80035308,63.552861,50.864728
0b_baseline_last,file,19,baseline,8042,137.Cliff_Swallow/Cliff_Swallow_0011_133033.jpg,137,136,137.Cliff_Swallow,118,117,color_jitter,color_jitter,0,"{""brightness"":1.391313,""contrast"":1.043276,""hue"":-0.099341,""saturation"":0.864569}",2.2675829,3.544193,1.2766101,0.1035622,0.02889193,0.19311832,0.0093297018,-0.08955612,0.019562229,0.10911835,0.25006774,0.88094991,127.14293,112.00655,False,0.80778939,False,False,False,0.25006774,0.88094991,127.14293,112.00655,0.22904395,0.86780227,125.22271,108.66855,0.74380986,1.2329054,22.013536,27.140607,-0.12629511,0.97510735,25.631749,24.993706,0.16753629,0.86502848,58.149693,50.301141,0.17720705,0.86498939,63.318371,54.769719,0.230649,0.85439699,59.951416,51.222309,0.39582001,0.86621019,63.552861,55.050136
0b_baseline_last,file,19,baseline,8042,137.Cliff_Swallow/Cliff_Swallow_0011_133033.jpg,137,136,137.Cliff_Swallow,118,117,rotation,rotation,0,"{""angle"":-2.945566}",2.2675829,3.0020912,0.73450828,0.1035622,0.049683064,0.19311832,0.1550165,-0.08955612,-0.10533343,-0.015777312,0.81948536,1.0507304,127.14293,133.59293,False,0.96758813,False,False,False,0.81948536,1.0507304,127.14293,133.59293,0.81480603,1.0465682,125.22271,131.05411,0.95957224,1.1774983,22.013536,25.920902,0.77414323,1.1344575,25.631749,29.07813,0.84353327,1.0598106,58.149693,61.627659,0.80909581,1.0033472,63.318371,63.530314,0.78289374,1.0309809,59.951416,61.808764,0.83215609,1.0758884,63.552861,68.375789
0b_baseline_last,file,19,baseline,8042,137.Cliff_Swallow/Cliff_Swallow_0011_133033.jpg,137,136,137.Cliff_Swallow,118,117,random_resized_crop,random_resized_crop,0,"{""area_fraction"":0.727925,""aspect"":0.982194,""fallback"":false,""height"":0.860884,""left"":0.061463,""top"":0.134891,""width"":0.845555}",2.2675829,2.6811783,0.41359544,0.1035622,0.068482414,0.19311832,0.057765428,-0.08955612,0.010716986,0.10027311,0.6846609,1.1033698,127.14293,140.28566,False,0.90852481,False,False,False,0.6846609,1.1033698,127.14293,140.28566,0.67898973,1.1019263,125.22271,137.9862,0.86122008,1.1490995,22.013536,25.295743,0.69037615,1.418968,25.631749,36.370631,0.70425044,1.085012,58.149693,63.093114,0.66339982,1.1166101,63.318371,70.701936,0.65217553,1.0925179,59.951416,65.497996,0.70169396,1.0494005,63.552861,66.692403
0b_baseline_last,file,19,baseline,8042,137.Cliff_Swallow/Cliff_Swallow_0011_133033.jpg,137,136,137.Cliff_Swallow,118,117,gaussian_blur,gaussian_blur,0,"{""sigma"":1.425312}",2.2675829,3.283843,1.0162601,0.1035622,0.037483934,0.19311832,0.046271041,-0.08955612,-0.0087871067,0.080769014,0.63534004,1.1534628,127.14293,146.65464,False,0.90327126,False,False,False,0.63534004,1.1534628,127.14293,146.65464,0.62820702,1.1555897,125.22271,144.70608,0.88308533,1.0823882,22.013536,23.827192,0.5716068,1.5140098,25.631749,38.806718,0.56273681,1.1445134,58.149693,66.553103,0.66941825,1.2166067,63.318371,77.033555,0.61815105,1.1738101,59.951416,70.371575,0.67770257,1.0097665,63.552861,64.173549
0b_baseline_last,file,19,baseline,8042,137.Cliff_Swallow/Cliff_Swallow_0011_133033.jpg,137,136,137.Cliff_Swallow,118,117,random_erasing,random_erasing,0,"{""area_fraction"":0.084188,""erased"":true,""height"":0.477958,""left"":0.550981,""top"":0.387642,""width"":0.176141}",2.2675829,2.8075306,0.53994775,0.1035622,0.060353845,0.19311832,0.14474659,-0.08955612,-0.084392741,0.005163379,0.81858713,0.85475657,127.14293,108.67625,False,0.95601207,True,False,False,0.81858713,0.85475657,127.14293,108.67625,0.81409198,0.85054762,125.22271,106.50788,0.95275582,0.9812554,22.013536,21.600901,0.70987786,0.86848196,25.631749,22.260711,0.83835693,0.79005777,58.149693,45.941617,0.83983427,0.8743053,63.318371,55.359588,0.79789003,0.87762039,59.951416,52.614585,0.80354944,0.84804992,63.552861,53.895999
0b_baseline_last,file,19,baseline,1670,030.Fish_Crow/Fish_Crow_0028_25968.jpg,30,29,030.Fish_Crow,27,26,identity,identity,0,{},6.9638162,6.9638162,0,0.00094548165,0.00094548165,0.9727568,0.9727568,-0.97181132,-0.97181132,0,1,1,200.11473,200.11473,False,0.99999988,True,False,False,1,1,200.11473,200.11473,1,1,194.72529,194.72529,1,1,46.12987,46.12987,1,1,33.638168,33.638168,1,1,83.103943,83.103943,1,1,105.98712,105.98712,1,1,99.140886,99.140886,1,1,93.904006,93.904006
0b_baseline_last,file,19,baseline,1670,030.Fish_Crow/Fish_Crow_0028_25968.jpg,30,29,030.Fish_Crow,27,26,horizontal_flip,horizontal_flip,0,"{""flipped"":true}",6.9638162,6.293962,-0.66985416,0.00094548165,0.0018474256,0.9727568,0.97340798,-0.97181132,-0.97156056,0.0002507632,0.59372877,1.0021622,200.11473,200.54741,False,0.9606961,True,False,False,0.59372877,1.0021622,200.11473,200.54741,0.57395559,1.0041919,194.72529,195.54156,0.96070796,0.96527938,46.12987,44.528213,0.32350108,0.88971549,33.638168,29.928399,0.39777663,0.92885895,83.103943,77.191841,0.52987617,1.0496842,105.98712,111.25301,0.61309902,1.0470974,99.140886,103.81016,0.75359078,0.96599393,93.904006,90.710699
0b_baseline_last,file,19,baseline,1670,030.Fish_Crow/Fish_Crow_0028_25968.jpg,30,29,030.Fish_Crow,27,26,color_jitter,color_jitter,0,"{""brightness"":0.904451,""contrast"":0.777403,""hue"":0.013319,""saturation"":0.762716}",6.9638162,5.0460186,-1.9177976,0.00094548165,0.006434903,0.9727568,0.67059785,-0.97181132,-0.66416295,0.30764837,0.76522657,0.91003165,200.11473,182.11073,False,0.91778755,True,False,False,0.76522657,0.91003165,200.11473,182.11073,0.75882326,0.91574703,194.72529,178.31911,0.90210737,0.80138456,46.12987,36.967766,0.58869455,0.82962779,33.638168,27.907159,0.71414303,0.91190747,83.103943,75.783106,0.75325867,0.92635326,105.98712,98.181513,0.78644543,0.93322858,99.140886,92.521109,0.79077311,0.89580057,93.904006,84.119262
0b_baseline_last,file,19,baseline,1670,030.Fish_Crow/Fish_Crow_0028_25968.jpg,30,29,030.Fish_Crow,27,26,rotation,rotation,0,"{""angle"":8.948775}",6.9638162,6.2803712,-0.68344498,0.00094548165,0.0018727054,0.9727568,0.94653404,-0.97181132,-0.94466133,0.027149989,0.72442157,1.054,200.11473,210.92091,False,0.96054524,True,False,False,0.72442157,1.054,200.11473,210.92091,0.71261857,1.0591379,194.72529,206.24093,0.96046663,0.95783876,46.12987,44.184978,0.63746893,1.2509803,33.638168,42.080687,0.67898283,1.1800351,83.103943,98.065572,0.68535026,1.099736,105.98712,116.55785,0.71194178,0.99333046,99.140886,98.479661,0.81248127,0.94434232,93.904006,88.677527
0b_baseline_last,file,19,baseline,1670,030.Fish_Crow/Fish_Crow_0028_25968.jpg,30,29,030.Fish_Crow,27,26,random_resized_crop,random_resized_crop,0,"{""area_fraction"":0.785841,""aspect"":1.094799,""fallback"":false,""height"":0.847228,""left"":0.033299,""top"":0.06624,""width"":0.927544}",6.9638162,6.3825097,-0.58130646,0.00094548165,0.0016908742,0.9727568,0.9438867,-0.97181132,-0.94219582,0.029615498,0.72994127,1.0295338,200.11473,206.02487,False,0.97074205,True,False,False,0.72994127,1.0295338,200.11473,206.02487,0.71796855,1.0347406,194.72529,201.49016,0.9706382,0.93189003,46.12987,42.987966,0.52022406,1.2495287,33.638168,42.031857,0.68531617,1.2297751,83.103943,102.19916,0.67451746,1.0264278,105.98712,108.78813,0.75056663,0.95855286,99.140886,95.03178,0.83068412,0.92353824,93.904006,86.723941
0b_baseline_last,file,19,baseline,1670,030.Fish_Crow/Fish_Crow_0028_25968.jpg,30,29,030.Fish_Crow,27,26,gaussian_blur,gaussian_blur,0,"{""sigma"":1.672264}",6.9638162,3.2423401,-3.7214761,0.00094548165,0.039072357,0.9727568,0.10889374,-0.97181132,-0.069821388,0.90198993,0.34701618,0.79430887,200.11473,158.9529,False,0.72590387,False,False,False,0.34701618,0.79430887,200.11473,158.9529,0.33860239,0.8033832,194.72529,156.43903,0.55696894,0.61040072,46.12987,28.157706,0.087125107,0.81025824,33.638168,27.255603,0.35145083,0.72295477,83.103943,60.080392,0.39267924,0.89373203,105.98712,94.724083,0.30734656,0.7928281,99.140886,78.60168,0.32367793,0.75073055,93.904006,70.496606
0b_baseline_last,file,19,baseline,1670,030.Fish_Crow/Fish_Crow_0028_25968.jpg,30,29,030.Fish_Crow,27,26,random_erasing,random_erasing,0,"{""area_fraction"":0.094769,""erased"":true,""height"":0.553087,""left"":0.670643,""top"":0.156196,""width"":0.171347}",6.9638162,6.6558623,-0.30795383,0.00094548165,0.0012864581,0.9727568,0.95043075,-0.97181132,-0.94914429,0.022667029,0.87707541,1.041848,200.11473,208.48912,False,0.98358077,True,False,False,0.87707541,1.041848,200.11473,208.48912,0.87169956,1.0459657,194.72529,203.67597,0.9835172,0.96553496,46.12987,44.540002,0.89542755,1.083775,33.638168,36.456205,0.84142205,1.0755401,83.103943,89.381623,0.88094433,1.0699874,105.98712,113.40488,0.86531191,1.0483031,99.140886,103.9297,0.8914977,0.98202035,93.904006,92.215644
0b_baseline_last,file,19,baseline,11448,195.Carolina_Wren/Carolina_Wren_0014_186525.jpg,195,194,195.Carolina_Wren,130,129,identity,identity,0,{},0.02802976,0.02802976,0,0.97235942,0.97235942,0.01552082,0.01552082,0.9568386,0.9568386,0,1,1,6.4834844,6.4834844,False,0.99999994,True,True,True,1,1,6.4834844,6.4834844,1,1,6.4054034,6.4054034,1,1,1.0031839,1.0031839,1,1,1.5415253,1.5415253,1,1,3.2546382,3.2546382,1,1,3.3886462,3.3886462,1,1,2.9593938,2.9593938,1,1,2.7962989,2.7962989
0b_baseline_last,file,19,baseline,11448,195.Carolina_Wren/Carolina_Wren_0014_186525.jpg,195,194,195.Carolina_Wren,130,129,horizontal_flip,horizontal_flip,0,"{""flipped"":true}",0.02802976,0.0054294029,-0.022600357,0.97235942,0.99458534,0.01552082,0.0016421929,0.9568386,0.99294314,0.036104544,0.78046189,0.18119977,6.4834844,1.1748059,False,0.97506666,True,True,True,0.78046189,0.18119977,6.4834844,1.1748059,0.77629913,0.18119845,6.4054034,1.1606492,0.95012264,0.18125339,1.0031839,0.18183049,0.83419301,0.17247946,1.5415253,0.26588144,0.76443057,0.16800038,3.2546382,0.54678045,0.77985873,0.18624297,3.3886462,0.63111154,0.74800324,0.1840388,2.9593938,0.54464329,0.80443988,0.1900775,2.7962989,0.5315135
0b_baseline_last,file,19,baseline,11448,195.Carolina_Wren/Carolina_Wren_0014_186525.jpg,195,194,195.Carolina_Wren,130,129,color_jitter,color_jitter,0,"{""brightness"":0.906215,""contrast"":1.110091,""hue"":-0.096197,""saturation"":1.142543}",0.02802976,3.9670763,3.9390465,0.97235942,0.018928697,0.01552082,0.0028872998,0.9568386,0.016041398,-0.9407972,0.4436583,20.559696,6.4834844,133.29847,False,0.66649175,False,True,False,0.4436583,20.559696,6.4834844,133.29847,0.44053777,20.461525,6.4054034,131.06432,0.55727265,24.225674,1.0031839,24.302807,0.37606824,14.130373,1.5415253,21.782328,0.38008717,16.729052,3.2546382,54.447011,0.48845013,20.540098,3.3886462,69.603124,0.49510056,21.462098,2.9593938,63.514799,0.41853729,24.931176,2.7962989,69.715021
0b_baseline_last,file,19,baseline,11448,195.Carolina_Wren/Carolina_Wren_0014_186525.jpg,195,194,195.Carolina_Wren,130,129,rotation,rotation,0,"{""angle"":-10.301891}",0.02802976,0.03355021,0.00552045,0.97235942,0.96700633,0.01552082,0.019390998,0.9568386,0.94761533,-0.0092232712,0.85343239,1.2561234,6.4834844,8.1440567,False,0.96909767,True,True,True,0.85343239,1.2561234,6.4834844,8.1440567,0.85077619,1.2573387,6.4054034,8.0537613,0.96711458,1.2055365,1.0031839,1.2093749,0.88860105,1.3740605,1.5415253,2.1181489,0.89115752,1.2882585,3.2546382,4.1928153,0.83768576,1.2797966,3.3886462,4.336778,0.80587723,1.1890159,2.9593938,3.5187663,0.85282909,1.2183861,2.7962989,3.4069717
0b_baseline_last,file,19,baseline,11448,195.Carolina_Wren/Carolina_Wren_0014_186525.jpg,195,194,195.Carolina_Wren,130,129,random_resized_crop,random_resized_crop,0,"{""area_fraction"":0.598362,""aspect"":1.045433,""fallback"":false,""height"":0.756543,""left"":0.043627,""top"":0.09178,""width"":0.790915}",0.02802976,0.3889482,0.36091844,0.97235942,0.67776936,0.01552082,0.17667174,0.9568386,0.50109762,-0.45574098,0.82509462,12.069206,6.4834844,78.250508,False,0.92874563,True,True,True,0.82509462,12.069206,6.4834844,78.250508,0.82279239,12.082745,6.4054034,77.394856,0.92465204,11.503662,1.0031839,11.540289,0.92445552,14.050985,1.5415253,21.659949,0.88227432,12.609072,3.2546382,41.037966,0.83674154,12.419745,3.3886462,42.086123,0.75008392,11.220804,2.9593938,33.206776,0.76234314,11.096252,2.7962989,31.028438
0b_baseline_last,file,19,baseline,11448,195.Carolina_Wren/Carolina_Wren_0014_186525.jpg,195,194,195.Carolina_Wren,130,129,gaussian_blur,gaussian_blur,0,"{""sigma"":1.275532}",0.02802976,0.39182928,0.36379952,0.97235942,0.67581946,0.01552082,0.016199961,0.9568386,0.6596195,-0.2972191,0.67312298,9.7899916,6.4834844,63.473258,False,0.8933903,True,True,True,0.67312298,9.7899916,6.4834844,63.473258,0.6705926,9.8135636,6.4054034,62.859833,0.79261388,8.7752354,1.0031839,8.8031753,0.68406055,9.7043945,1.5415253,14.959569,0.70329298,9.5070228,3.2546382,30.94192,0.65101239,9.9794293,3.3886462,33.816755,0.65181792,9.9537435,2.9593938,29.457046,0.67486108,9.8514939,2.7962989,27.547722
0b_baseline_last,file,19,baseline,11448,195.Carolina_Wren/Carolina_Wren_0014_186525.jpg,195,194,195.Carolina_Wren,130,129,random_erasing,random_erasing,0,"{""area_fraction"":0.116523,""erased"":true,""height"":0.449853,""left"":0.44943,""top"":0.328158,""width"":0.259025}",0.02802976,0.042143792,0.014114032,0.97235942,0.95873189,0.01552082,0.010564598,0.9568386,0.94816729,-0.008671307,0.80865291,1.2781712,6.4834844,8.2870029,False,0.97096443,True,True,True,0.80865291,1.2781712,6.4834844,8.2870029,0.80560446,1.2786492,6.4054034,8.190264,0.93502238,1.2585276,1.0031839,1.2625347,0.62602613,1.0288886,1.5415253,1.5860578,0.76921188,1.1286582,3.2546382,3.6733741,0.83777961,1.3062439,3.3886462,4.4263986,0.81704582,1.3841226,2.9593938,4.0961638,0.84563007,1.3711003,2.7962989,3.8340063
0b_baseline_last,file,19,baseline,5979,103.Sayornis/Sayornis_0086_98829.jpg,103,102,103.Sayornis,39,38,identity,identity,0,{},0.16297342,0.16297342,0,0.84961379,0.84961379,0.032874521,0.032874521,0.81673926,0.81673926,0,1,1,24.671278,24.671278,False,1,True,True,True,1,1,24.671278,24.671278,1,1,24.284845,24.284845,1,1,4.349516,4.349516,1,1,4.7485197,4.7485197,1,1,10.94995,10.94995,1,1,12.938662,12.938662,1,1,12.575844,12.575844,1,1,11.033721,11.033721
0b_baseline_last,file,19,baseline,5979,103.Sayornis/Sayornis_0086_98829.jpg,103,102,103.Sayornis,39,38,horizontal_flip,horizontal_flip,0,"{""flipped"":true}",0.16297342,0.3804701,0.21749668,0.84961379,0.68353999,0.032874521,0.035874616,0.81673926,0.64766537,-0.16907389,0.68545719,2.1723003,24.671278,53.593425,False,0.94224519,True,True,True,0.68545719,2.1723003,24.671278,53.593425,0.67791501,2.1754304,24.284845,52.82999,0.93305346,2.0723529,4.349516,9.0137321,0.66740889,2.4496678,4.7485197,11.632296,0.66379393,2.0858532,10.94995,22.839987,0.704078,2.3809903,12.938662,30.806829,0.63962809,2.0339004,12.575844,25.578013,0.70999348,2.0879384,11.033721,23.037731
0b_baseline_last,file,19,baseline,5979,103.Sayornis/Sayornis_0086_98829.jpg,103,102,103.Sayornis,39,38,color_jitter,color_jitter,0,"{""brightness"":0.95238,""contrast"":0.702214,""hue"":-0.015011,""saturation"":0.661437}",0.16297342,0.58858955,0.42561613,0.84961379,0.55510968,0.032874521,0.033452824,0.81673926,0.52165686,-0.29508241,0.82052886,4.0711236,24.671278,100.43982,False,0.95697838,True,True,True,0.82052886,4.0711236,24.671278,100.43982,0.81870594,4.0987837,24.284845,99.538325,0.9283797,3.0869705,4.349516,13.426828,0.79285599,3.4115873,4.7485197,16.19999,0.79834291,4.6820861,10.94995,51.268608,0.83758949,4.3241661,12.938662,55.948925,0.8355392,3.8121837,12.575844,47.941426,0.81817656,3.6119775,11.033721,39.853554
0b_baseline_last,file,19,baseline,5979,103.Sayornis/Sayornis_0086_98829.jpg,103,102,103.Sayornis,39,38,rotation,rotation,0,"{""angle"":9.949889}",0.16297342,0.80363178,0.64065836,0.84961379,0.44770005,0.032874521,0.04416823,0.81673926,0.40353182,-0.41320744,0.78458186,4.1260499,24.671278,101.79492,False,0.94009459,True,True,True,0.78458186,4.1260499,24.671278,101.79492,0.78091245,4.1349499,24.284845,100.41662,0.90992547,3.8382677,4.349516,16.694607,0.78003058,5.3971563,4.7485197,25.628503,0.76092899,3.9634762,10.94995,43.399865,0.78633403,4.2831249,12.938662,55.417907,0.78836006,4.003056,12.575844,50.341806,0.79239422,3.9895117,11.033721,44.019161
0b_baseline_last,file,19,baseline,5979,103.Sayornis/Sayornis_0086_98829.jpg,103,102,103.Sayornis,39,38,random_resized_crop,random_resized_crop,0,"{""area_fraction"":0.569971,""aspect"":0.986433,""fallback"":false,""height"":0.760138,""left"":0.06089,""top"":0.166978,""width"":0.749826}",0.16297342,0.16251056,-0.00046285987,0.84961379,0.85000712,0.032874521,0.0038441082,0.81673926,0.84616301,0.029423744,0.70462073,1.2087083,24.671278,29.82038,False,0.90784448,True,True,True,0.70462073,1.2087083,24.671278,29.82038,0.69977993,1.2127761,24.284845,29.452079,0.8800423,1.0742036,4.349516,4.6722659,0.64831964,1.7128234,4.7485197,8.1333755,0.72379597,1.3491861,10.94995,14.77352,0.7162432,1.2245745,12.938662,15.844356,0.69124386,1.1106979,12.575844,13.967963,0.69819816,1.060303,11.033721,11.699088
0b_baseline_last,file,19,baseline,5979,103.Sayornis/Sayornis_0086_98829.jpg,103,102,103.Sayornis,39,38,gaussian_blur,gaussian_blur,0,"{""sigma"":1.824236}",0.16297342,1.2010816,1.0381082,0.84961379,0.3008686,0.032874521,0.0025043348,0.81673926,0.29836427,-0.518375,0.29918272,5.7153333,24.671278,141.00458,False,0.80159128,True,True,True,0.29918272,5.7153333,24.671278,141.00458,0.28657883,5.727795,24.284845,139.09861,0.72365528,5.3122159,4.349516,23.105568,0.24763611,7.2515991,4.7485197,34.434361,0.0596028,6.813544,10.94995,74.607964,0.30316115,5.7096885,12.938662,73.875732,0.38483491,4.9513791,12.575844,62.267769,0.45664755,5.175871,11.033721,57.109119
0b_baseline_last,file,19,baseline,5979,103.Sayornis/Sayornis_0086_98829.jpg,103,102,103.Sayornis,39,38,random_erasing,random_erasing,0,"{""area_fraction"":0.05827,""erased"":true,""height"":0.382777,""left"":0.678247,""top"":0.097503,""width"":0.152229}",0.16297342,0.15814635,-0.0048270673,0.84961379,0.85372484,0.032874521,0.026418921,0.81673926,0.82730592,0.010566652,0.95592266,0.98015587,24.671278,24.181698,False,0.99269605,True,True,True,0.95592266,0.98015587,24.671278,24.181698,0.95483874,0.98052784,24.284845,23.811966,0.99020317,0.96848862,4.349516,4.2124567,0.95250743,1.0520906,4.7485197,4.9958728,0.9531512,0.96330107,10.94995,10.548098,0.9593057,0.97794034,12.938662,12.65324,0.96015826,0.97885758,12.575844,12.30996,0.94466149,0.98928909,11.033721,10.91554
0b_baseline_last,file,19,baseline,7152,123.Henslow_Sparrow/Henslow_Sparrow_0081_116755.jpg,123,122,123.Henslow_Sparrow,125,124,identity,identity,0,{},2.2095957,2.2095957,0,0.109745,0.109745,0.20611806,0.20611806,-0.096373059,-0.096373059,0,1,1,122.19013,122.19013,False,1,True,False,False,1,1,122.19013,122.19013,1,1,119.3655,119.3655,1,1,26.121,26.121,1,1,22.279282,22.279282,1,1,49.226097,49.226097,1,1,70.449989,70.449989,1,1,58.068782,58.068782,1,1,54.711632,54.711632
0b_baseline_last,file,19,baseline,7152,123.Henslow_Sparrow/Henslow_Sparrow_0081_116755.jpg,123,122,123.Henslow_Sparrow,125,124,horizontal_flip,horizontal_flip,0,"{""flipped"":true}",2.2095957,2.2153468,0.005751133,0.109745,0.10911565,0.20611806,0.8093459,-0.096373059,-0.70023025,-0.60385719,0.3982298,1.7081611,122.19013,208.72043,False,0.92343426,True,False,False,0.3982298,1.7081611,122.19013,208.72043,0.38367777,1.7230193,119.3655,205.66906,0.79354297,1.3613263,26.121,35.559204,0.38991199,1.7000722,22.279282,37.876388,0.27290829,1.8639271,49.226097,91.753853,0.31579414,1.7050414,70.449989,120.12015,0.44977468,1.7943753,58.068782,104.19719,0.53216125,1.5466462,54.711632,84.619539
0b_baseline_last,file,19,baseline,7152,123.Henslow_Sparrow/Henslow_Sparrow_0081_116755.jpg,123,122,123.Henslow_Sparrow,125,124,color_jitter,color_jitter,0,"{""brightness"":1.278913,""contrast"":1.280889,""hue"":0.070787,""saturation"":0.833723}",2.2095957,2.4763858,0.26679015,0.109745,0.084046438,0.20611806,0.047059909,-0.096373059,0.03698653,0.13335959,0.56360698,1.2481667,122.19013,152.51366,False,0.90238428,False,False,False,0.56360698,1.2481667,122.19013,152.51366,0.55193374,1.2574344,119.3655,150.09428,0.86972655,1.0358636,26.121,27.057793,0.36632138,1.2018629,22.279282,26.776644,0.39175502,1.4396972,49.226097,70.870673,0.58845201,1.2273308,70.449989,86.465441,0.55803137,1.2158026,58.068782,70.600175,0.67538802,1.2024408,54.711632,65.787497
0b_baseline_last,file,19,baseline,7152,123.Henslow_Sparrow/Henslow_Sparrow_0081_116755.jpg,123,122,123.Henslow_Sparrow,125,124,rotation,rotation,0,"{""angle"":0.87158}",2.2095957,1.5633425,-0.64625323,0.109745,0.20943487,0.20611806,0.16811337,-0.096373059,0.041321501,0.13769456,0.87644335,1.005136,122.19013,122.81771,False,0.98380619,False,False,True,0.87644335,1.005136,122.19013,122.81771,0.87281834,1.0118758,119.3655,120.78306,0.97874833,0.85230243,26.121,22.262992,0.84253439,0.97227502,22.279282,21.66159,0.82433815,1.0074834,49.226097,49.594476,0.8829329,1.0450161,70.449989,73.621373,0.8823761,1.0262353,58.068782,59.592233,0.89247564,0.94768696,54.711632,51.849501
0b_baseline_last,file,19,baseline,7152,123.Henslow_Sparrow/Henslow_Sparrow_0081_116755.jpg,123,122,123.Henslow_Sparrow,125,124,random_resized_crop,random_resized_crop,0,"{""area_fraction"":0.783266,""aspect"":0.89751,""fallback"":false,""height"":0.93419,""left"":0.041218,""top"":0.037057,""width"":0.838444}",2.2095957,1.8156008,-0.39399493,0.109745,0.1627401,0.20611806,0.42930412,-0.096373059,-0.26656403,-0.17019097,0.74984482,1.225248,122.19013,149.71322,False,0.96657145,True,False,False,0.74984482,1.225248,122.19013,149.71322,0.74274197,1.2331547,119.3655,147.19612,0.9343258,1.0465791,26.121,27.337692,0.68724715,1.5480419,22.279282,34.489262,0.68876431,1.3121432,49.226097,64.591688,0.77531129,1.2680767,70.449989,89.335989,0.73573301,1.2159741,58.068782,70.610135,0.77051485,1.0560611,54.711632,57.778828
0b_baseline_last,file,19,baseline,7152,123.Henslow_Sparrow/Henslow_Sparrow_0081_116755.jpg,123,122,123.Henslow_Sparrow,125,124,gaussian_blur,gaussian_blur,0,"{""sigma"":1.000359}",2.2095957,2.208847,-0.00074863434,0.109745,0.10982722,0.20611806,0.042922262,-0.096373059,0.066904958,0.16327802,0.68923631,1.4798038,122.19013,180.81742,False,0.92300189,False,False,False,0.68923631,1.4798038,122.19013,180.81742,0.68520041,1.4994521,119.3655,178.98285,0.87792907,0.98357844,26.121,25.692053,0.65789399,1.6487317,22.279282,36.732559,0.61891754,1.7159292,49.226097,84.468495,0.72261556,1.5602296,70.449989,109.91816,0.67119684,1.4445573,58.068782,83.883686,0.73078783,1.2168271,54.711632,66.574596
0b_baseline_last,file,19,baseline,7152,123.Henslow_Sparrow/Henslow_Sparrow_0081_116755.jpg,123,122,123.Henslow_Sparrow,125,124,random_erasing,random_erasing,0,"{""area_fraction"":0.116087,""erased"":true,""height"":0.378881,""left"":0.270533,""top"":0.134488,""width"":0.306394}",2.2095957,7.026257,4.8166614,0.109745,0.00088825024,0.20611806,0.0074264291,-0.096373059,-0.0065381788,0.08983488,0.42834514,0.9670741,122.19013,118.16691,False,0.78849888,False,False,False,0.42834514,0.9670741,122.19013,118.16691,0.40982501,0.95429119,119.3655,113.90944,0.74594078,1.2033763,26.121,31.433391,0.28648083,0.62197027,22.279282,13.857051,0.44285972,0.92014277,49.226097,45.295037,0.42591897,0.85858492,70.449989,60.487298,0.34739451,0.87719572,58.068782,50.937687,0.45172426,1.2231478,54.711632,66.920415
0b_baseline_last,file,19,baseline,2554,045.Northern_Fulmar/Northern_Fulmar_0076_43893.jpg,45,44,045.Northern_Fulmar,63,62,identity,identity,0,{},1.4340718,1.4340718,0,0.23833649,0.23833649,0.65880311,0.65880311,-0.42046662,-0.42046662,0,1,1,138.10574,138.10574,False,1,True,False,False,1,1,138.10574,138.10574,1,1,135.44656,135.44656,1,1,26.970799,26.970799,1,1,25.593521,25.593521,1,1,55.705955,55.705955,1,1,69.203992,69.203992,1,1,69.063758,69.063758,1,1,70.912576,70.912576
0b_baseline_last,file,19,baseline,2554,045.Northern_Fulmar/Northern_Fulmar_0076_43893.jpg,45,44,045.Northern_Fulmar,63,62,horizontal_flip,horizontal_flip,0,"{""flipped"":true}",1.4340718,2.2512197,0.81714797,0.23833649,0.10527074,0.65880311,0.42173392,-0.42046662,-0.31646318,0.10400344,0.59687601,0.83698724,138.10574,115.59274,False,0.95072621,True,False,False,0.59687601,0.83698724,138.10574,115.59274,0.58327448,0.82918087,135.44656,112.3097,0.88891299,1.0141891,26.970799,27.353492,0.17514354,1.0625065,25.593521,27.193283,0.50489111,0.75234923,55.705955,41.910333,0.58175741,0.82094632,69.203992,56.812762,0.58711069,0.79249499,69.063758,54.732682,0.69274698,0.88000203,70.912576,62.403211
0b_baseline_last,file,19,baseline,2554,045.Northern_Fulmar/Northern_Fulmar_0076_43893.jpg,45,44,045.Northern_Fulmar,63,62,color_jitter,color_jitter,0,"{""brightness"":1.349508,""contrast"":0.713663,""hue"":0.00536,""saturation"":1.27447}",1.4340718,2.2369549,0.80288315,0.23833649,0.10678318,0.65880311,0.15354642,-0.42046662,-0.046763241,0.37370338,0.43396178,0.90241705,138.10574,124.62897,False,0.89302224,False,False,False,0.43396178,0.90241705,138.10574,124.62897,0.42188837,0.90300072,135.44656,122.30834,0.74381122,0.88757009,26.970799,23.938475,-0.069312831,0.79881441,25.593521,20.444474,0.30828622,0.84870657,55.705955,47.27801,0.51414518,0.96248488,69.203992,66.607796,0.40346455,0.89484469,69.063758,61.801337,0.47007289,0.89745303,70.912576,63.640706
0b_baseline_last,file,19,baseline,2554,045.Northern_Fulmar/Northern_Fulmar_0076_43893.jpg,45,44,045.Northern_Fulmar,63,62,rotation,rotation,0,"{""angle"":10.092686}",1.4340718,1.9704707,0.53639889,0.23833649,0.13939123,0.65880311,0.69290507,-0.42046662,-0.55351384,-0.13304722,0.7378035,1.0528883,138.10574,145.40991,False,0.9507463,True,False,False,0.7378035,1.0528883,138.10574,145.40991,0.7293814,1.0525649,135.44656,142.56629,0.94854207,1.0610115,26.970799,28.616329,0.76368392,1.4228357,25.593521,36.415375,0.63367693,1.0358299,55.705955,57.701893,0.70699981,1.0116718,69.203992,70.011726,0.73292365,1.0218219,69.063758,70.57086,0.80413888,1.0728245,70.912576,76.076747
0b_baseline_last,file,19,baseline,2554,045.Northern_Fulmar/Northern_Fulmar_0076_43893.jpg,45,44,045.Northern_Fulmar,63,62,random_resized_crop,random_resized_crop,0,"{""area_fraction"":0.805496,""aspect"":0.860579,""fallback"":false,""height"":0.967467,""left"":0.074983,""top"":0.001115,""width"":0.832582}",1.4340718,1.9187816,0.48470986,0.23833649,0.14678568,0.65880311,0.80325752,-0.42046662,-0.65647185,-0.23600523,0.81718436,1.2511138,138.10574,172.78599,False,0.97448623,True,False,False,0.81718436,1.2511138,138.10574,172.78599,0.81133317,1.2533512,135.44656,169.76211,0.97312815,1.193299,26.970799,32.184228,0.41666618,1.8454947,25.593521,47.232709,0.78593473,1.3177491,55.705955,73.406473,0.85465709,1.2312512,69.203992,85.207498,0.825791,1.2080896,69.063758,83.435205,0.86769043,1.1779902,70.912576,83.53432
0b_baseline_last,file,19,baseline,2554,045.Northern_Fulmar/Northern_Fulmar_0076_43893.jpg,45,44,045.Northern_Fulmar,63,62,gaussian_blur,gaussian_blur,0,"{""sigma"":1.469217}",1.4340718,1.2232714,-0.21080041,0.23833649,0.29426593,0.65880311,0.28161621,-0.42046662,0.012649715,0.43311633,0.51090103,0.72540956,138.10574,100.18322,False,0.88342535,False,False,True,0.51090103,0.72540956,138.10574,100.18322,0.49861699,0.72369711,135.44656,98.022284,0.80392894,0.76733534,26.970799,20.695648,0.43145137,1.1151076,25.593521,28.539531,0.42843086,0.74230139,55.705955,41.350608,0.46434278,0.65492159,69.203992,45.323188,0.48706634,0.68587335,69.063758,47.368991,0.60598053,0.74433007,70.912576,52.782362
0b_baseline_last,file,19,baseline,2554,045.Northern_Fulmar/Northern_Fulmar_0076_43893.jpg,45,44,045.Northern_Fulmar,63,62,random_erasing,random_erasing,0,"{""area_fraction"":0.050901,""erased"":true,""height"":0.145982,""left"":0.130899,""top"":0.784551,""width"":0.348678}",1.4340718,2.3847489,0.95067716,0.23833649,0.092112109,0.65880311,0.87529659,-0.42046662,-0.78318448,-0.36271787,0.89661231,1.4026045,138.10574,193.70773,False,0.98312694,True,False,False,0.89661231,1.4026045,138.10574,193.70773,0.89362638,1.4066235,135.44656,190.52231,0.98111593,1.2971337,26.970799,34.984733,0.62742437,1.7490245,25.593521,44.763695,0.89017736,1.3751501,55.705955,76.604051,0.91270876,1.3852481,69.203992,95.864699,0.90139798,1.4319837,69.063758,98.898172,0.91814194,1.3712859,70.912576,97.241418
0b_baseline_last,file,19,baseline,115,002.Laysan_Albatross/Laysan_Albatross_0018_492.jpg,2,1,002.Laysan_Albatross,3,2,identity,identity,0,{},0.012981782,0.012981782,0,0.98710209,0.98710209,0.0026338401,0.0026338401,0.98446825,0.98446825,0,1,1,2.5057026,2.5057026,False,0.99999994,True,True,True,1,1,2.5057026,2.5057026,1,1,2.4728695,2.4728695,1,1,0.40430415,0.40430415,1,1,0.65638114,0.65638114,1,1,1.1837974,1.1837974,1,1,1.3359317,1.3359317,1,1,1.128245,1.128245,1,1,1.1068969,1.1068969
0b_baseline_last,file,19,baseline,115,002.Laysan_Albatross/Laysan_Albatross_0018_492.jpg,2,1,002.Laysan_Albatross,3,2,horizontal_flip,horizontal_flip,0,"{""flipped"":true}",0.012981782,0.0041014371,-0.0088803447,0.98710209,0.99590695,0.0026338401,0.00053838524,0.98446825,0.99536856,0.010900313,0.57336966,0.28090023,2.5057026,0.70385244,False,0.95964873,True,True,True,0.57336966,0.28090023,2.5057026,0.70385244,0.56156468,0.27868724,2.4728695,0.68915718,0.93704384,0.3538812,0.40430415,0.14307564,0.37184171,0.23106443,0.65638114,0.15166634,0.58897294,0.28193523,1.1837974,0.3337542,0.58581088,0.25816895,1.3359317,0.34489609,0.4448109,0.27698012,1.128245,0.31250144,0.66863775,0.31804287,1.1068969,0.35204065
0b_baseline_last,file,19,baseline,115,002.Laysan_Albatross/Laysan_Albatross_0018_492.jpg,2,1,002.Laysan_Albatross,3,2,color_jitter,color_jitter,0,"{""brightness"":1.146946,""contrast"":0.796996,""hue"":-0.009488,""saturation"":1.016171}",0.012981782,0.032798789,0.019817008,0.98710209,0.96773326,0.0026338401,0.0053966898,0.98446825,0.96233657,-0.022131677,0.86076447,2.2133417,2.5057026,5.545976,False,0.97954512,True,True,True,0.86076447,2.2133417,2.5057026,5.545976,0.85792668,2.2094649,2.4728695,5.4637183,0.9620927,2.3537893,0.40430415,0.95164679,0.77832548,1.7376064,0.65638114,1.1405321,0.85998391,2.2235728,1.1837974,2.6322597,0.85277949,2.1771462,1.3359317,2.9085186,0.85483267,2.262606,1.128245,2.5527739,0.89480362,2.3291026,1.1068969,2.5780763
0b_baseline_last,file,19,baseline,115,002.Laysan_Albatross/Laysan_Albatross_0018_492.jpg,2,1,002.Laysan_Albatross,3,2,rotation,rotation,0,"{""angle"":5.114174}",0.012981782,0.0049950094,-0.0079867723,0.98710209,0.99501747,0.0026338401,0.00097056548,0.98446825,0.9940469,0.0095786522,0.786604,0.35484904,2.5057026,0.88914617,False,0.97396708,True,True,True,0.786604,0.35484904,2.5057026,0.88914617,0.78120465,0.3529597,2.4728695,0.87282329,0.96795348,0.41945878,0.40430415,0.16958892,0.6038189,0.28382786,0.65638114,0.18629926,0.79442602,0.33751172,1.1837974,0.39954551,0.79671363,0.3487531,1.3359317,0.46591033,0.76194559,0.37070758,1.128245,0.41824898,0.82192416,0.37843958,1.1068969,0.41889358
0b_baseline_last,file,19,baseline,115,002.Laysan_Albatross/Laysan_Albatross_0018_492.jpg,2,1,002.Laysan_Albatross,3,2,random_resized_crop,random_resized_crop,0,"{""area_fraction"":0.669546,""aspect"":1.18967,""fallback"":false,""height"":0.7502,""left"":0.085022,""top"":0.210435,""width"":0.89249}",0.012981782,0.022341462,0.0093596801,0.98710209,0.97790629,0.0026338401,0.003298267,0.98446825,0.97460802,-0.0098602315,0.6787271,1.9606997,2.5057026,4.9129303,False,0.95670295,True,True,True,0.6787271,1.9606997,2.5057026,4.9129303,0.67270836,1.9623226,2.4728695,4.8525677,0.91175239,1.8989919,0.40430415,0.76777029,0.6899113,1.9902739,0.65638114,1.3063782,0.7150231,1.9840202,1.1837974,2.348678,0.65258993,1.9560569,1.3359317,2.6131584,0.61842743,2.0682054,1.128245,2.3334425,0.71208306,1.818324,1.1068969,2.0126971
0b_baseline_last,file,19,baseline,115,002.Laysan_Albatross/Laysan_Albatross_0018_492.jpg,2,1,002.Laysan_Albatross,3,2,gaussian_blur,gaussian_blur,0,"{""sigma"":1.093346}",0.012981782,0.060625296,0.047643514,0.98710209,0.94117582,0.0026338401,0.028219128,0.98446825,0.91295669,-0.071511561,0.66771003,4.3585207,2.5057026,10.921157,False,0.96136051,True,True,True,0.66771003,4.3585207,2.5057026,10.921157,0.66032853,4.3506795,2.4728695,10.758663,0.92786837,4.6423512,0.40430415,1.8769218,0.47832419,3.9429768,0.65638114,2.5880956,0.56907265,4.1472348,1.1837974,4.9094858,0.67184529,4.4694774,1.3359317,5.9709166,0.68067781,4.6683696,1.128245,5.2670648,0.7869183,4.1942463,1.1068969,4.642598
0b_baseline_last,file,19,baseline,115,002.Laysan_Albatross/Laysan_Albatross_0018_492.jpg,2,1,002.Laysan_Albatross,3,2,random_erasing,random_erasing,0,"{""area_fraction"":0.068379,""erased"":true,""height"":0.413485,""left"":0.608041,""top"":0.014925,""width"":0.165372}",0.012981782,0.045706932,0.03272515,0.98710209,0.95532191,0.0026338401,0.010429766,0.98446825,0.94489214,-0.039576109,0.81699245,2.7653324,2.5057026,6.9291006,False,0.96384931,True,True,True,0.81699245,2.7653324,2.5057026,6.9291006,0.81337202,2.7526399,2.4728695,6.8069193,0.94250228,3.2042368,0.40430415,1.2954862,0.74722939,2.2594411,0.65638114,1.4830545,0.86930916,2.6470038,1.1837974,3.1335163,0.82640774,2.5808409,1.3359317,3.4478273,0.78373496,2.8798191,1.128245,3.2491416,0.80224999,3.1127392,1.1068969,3.4454812
0b_baseline_last,file,19,baseline,9090,155.Warbling_Vireo/Warbling_Vireo_0003_158484.jpg,155,154,155.Warbling_Vireo,153,152,identity,identity,0,{},0.055150948,0.055150948,0,0.94634229,0.94634229,0.034729045,0.034729045,0.91161324,0.91161324,0,1,1,8.8560903,8.8560903,False,1.0000001,True,True,True,1,1,8.8560903,8.8560903,1,1,8.6446669,8.6446669,1,1,1.9235566,1.9235566,1,1,1.7557854,1.7557854,1,1,4.3679523,4.3679523,1,1,4.9438327,4.9438327,1,1,3.647835,3.647835,1,1,3.8497136,3.8497136
0b_baseline_last,file,19,baseline,9090,155.Warbling_Vireo/Warbling_Vireo_0003_158484.jpg,155,154,155.Warbling_Vireo,153,152,horizontal_flip,horizontal_flip,0,"{""flipped"":true}",0.055150948,0.19453108,0.13938013,0.94634229,0.82322061,0.034729045,0.087477237,0.91161324,0.73574337,-0.17586987,0.74056303,3.0164007,8.8560903,26.713517,False,0.97401834,True,True,True,0.74056303,3.0164007,8.8560903,26.713517,0.72968599,3.0201128,8.6446669,26.107869,0.96645275,2.9404245,1.9235566,5.6560732,0.65834502,2.968979,1.7557854,5.2128899,0.73326023,2.8173614,4.3679523,12.3061,0.76443094,2.9779583,4.9438327,14.722528,0.66238799,3.2158226,3.647835,11.73079,0.75126601,3.1669611,3.8497136,12.191893
0b_baseline_last,file,19,baseline,9090,155.Warbling_Vireo/Warbling_Vireo_0003_158484.jpg,155,154,155.Warbling_Vireo,153,152,color_jitter,color_jitter,0,"{""brightness"":1.079123,""contrast"":0.783303,""hue"":0.084186,""saturation"":1.0774}",0.055150948,0.02508503,-0.030065918,0.94634229,0.975227,0.034729045,0.003449843,0.91161324,0.97177716,0.060163911,0.49425651,0.44175793,8.8560903,3.9122482,False,0.94009757,True,True,True,0.49425651,0.44175793,8.8560903,3.9122482,0.47950476,0.44433726,8.6446669,3.8411476,0.84193582,0.38599129,1.9235566,0.74247611,0.44520304,0.41091715,1.7557854,0.72148231,0.28669178,0.40270323,4.3679523,1.7589885,0.45111527,0.45574947,4.9438327,2.2531491,0.54630535,0.48320632,3.647835,1.762657,0.69764718,0.44662011,3.8497136,1.7193595
0b_baseline_last,file,19,baseline,9090,155.Warbling_Vireo/Warbling_Vireo_0003_158484.jpg,155,154,155.Warbling_Vireo,153,152,rotation,rotation,0,"{""angle"":-11.628893}",0.055150948,0.062685683,0.0075347349,0.94634229,0.93923867,0.034729045,0.054765113,0.91161324,0.88447355,-0.02713969,0.74892286,1.2828449,8.8560903,11.36099,False,0.96994728,True,True,True,0.74892286,1.2828449,8.8560903,11.36099,0.73787952,1.2762714,8.6446669,11.032941,0.95442659,1.4090609,1.9235566,2.7104085,0.77468742,1.211485,1.7557854,2.1271076,0.78455475,1.1800715,4.3679523,5.1544961,0.71492363,1.269759,4.9438327,6.2774762,0.6612346,1.3721401,3.647835,5.0053407,0.78996584,1.3288988,3.8497136,5.1158796
0b_baseline_last,file,19,baseline,9090,155.Warbling_Vireo/Warbling_Vireo_0003_158484.jpg,155,154,155.Warbling_Vireo,153,152,random_resized_crop,random_resized_crop,0,"{""area_fraction"":0.710872,""aspect"":0.811738,""fallback"":false,""height"":0.93581,""left"":0.092508,""top"":0.000321,""width"":0.759632}",0.055150948,0.1825005,0.12734955,0.94634229,0.83318424,0.034729045,0.13200621,0.91161324,0.70117803,-0.21043522,0.77908518,3.0612942,8.8560903,27.111098,False,0.96397704,True,True,True,0.77908518,3.0612942,8.8560903,27.111098,0.77033939,3.0612045,8.6446669,26.463093,0.95561422,3.0631068,1.9235566,5.8920593,0.80939219,2.6495656,1.7557854,4.6520684,0.84796801,2.7107303,4.3679523,11.84034,0.78968199,2.9891643,4.9438327,14.777928,0.65764808,3.2814895,3.647835,11.970333,0.76875638,3.4537658,3.8497136,13.296009
0b_baseline_last,file,19,baseline,9090,155.Warbling_Vireo/Warbling_Vireo_0003_158484.jpg,155,154,155.Warbling_Vireo,153,152,gaussian_blur,gaussian_blur,0,"{""sigma"":1.356403}",0.055150948,0.19941922,0.14426827,0.94634229,0.81920642,0.034729045,0.16198251,0.91161324,0.65722391,-0.25438933,0.68634409,3.8986735,8.8560903,34.527005,False,0.9392004,True,True,True,0.68634409,3.8986735,8.8560903,34.527005,0.67532106,3.9086226,8.6446669,33.788741,0.92310485,3.6919975,1.9235566,7.1017663,0.58885631,3.2945183,1.7557854,5.7844669,0.77025154,3.8844084,4.3679523,16.96691,0.62517391,3.8743315,4.9438327,19.154047,0.60884354,4.227479,3.647835,15.421146,0.72065944,3.8146084,3.8497136,14.68515
0b_baseline_last,file,19,baseline,9090,155.Warbling_Vireo/Warbling_Vireo_0003_158484.jpg,155,154,155.Warbling_Vireo,153,152,random_erasing,random_erasing,0,"{""area_fraction"":0.193063,""erased"":true,""height"":0.358399,""left"":0.05164,""top"":0.382306,""width"":0.538683}",0.055150948,6.1453609,6.09021,0.94634229,0.0021434019,0.034729045,0.028009512,0.91161324,-0.02586611,-0.93747935,0.25940268,15.149205,8.8560903,134.16273,False,0.64247316,False,True,False,0.25940268,15.149205,8.8560903,134.16273,0.24862857,15.28826,8.6446669,132.16192,0.54397236,12.000625,1.9235566,23.083882,0.11052154,11.167776,1.7557854,19.608218,0.10412669,12.163398,4.3679523,53.129141,0.27411079,15.840112,4.9438327,78.310863,0.28853846,17.427392,3.647835,63.57225,0.33751664,16.603419,3.8497136,63.918405
0b_baseline_last,file,19,baseline,313,006.Least_Auklet/Least_Auklet_0030_795116.jpg,6,5,006.Least_Auklet,7,6,identity,identity,0,{},0.0064606136,0.0064606136,0,0.99356019,0.99356019,0.0017998164,0.0017998164,0.99176038,0.99176038,0,1,1,1.430297,1.430297,False,0.99999988,True,True,True,1,1,1.430297,1.430297,1,1,1.416436,1.416436,1,1,0.19864157,0.19864157,1,1,0.38399226,0.38399226,1,1,0.68167515,0.68167515,1,1,0.73905596,0.73905596,1,1,0.68927913,0.68927913,1,1,0.61061488,0.61061488
0b_baseline_last,file,19,baseline,313,006.Least_Auklet/Least_Auklet_0030_795116.jpg,6,5,006.Least_Auklet,7,6,horizontal_flip,horizontal_flip,0,"{""flipped"":true}",0.0064606136,0.0025251191,-0.0039354945,0.99356019,0.99747807,0.0017998164,0.0011213513,0.99176038,0.99635672,0.004596338,0.74859575,0.41680822,1.430297,0.59615955,False,0.97830081,True,True,True,0.74859575,0.41680822,1.430297,0.59615955,0.74410346,0.41638875,1.416436,0.58978803,0.96683973,0.43760692,0.19864157,0.086926926,0.81989756,0.38385329,0.38399226,0.14739669,0.76865908,0.46009316,0.68167515,0.31363407,0.65310976,0.39613373,0.73905596,0.29276499,0.74888796,0.41524708,0.68927913,0.28622115,0.81363876,0.40156535,0.61061488,0.24520178
0b_baseline_last,file,19,baseline,313,006.Least_Auklet/Least_Auklet_0030_795116.jpg,6,5,006.Least_Auklet,7,6,color_jitter,color_jitter,0,"{""brightness"":0.944761,""contrast"":0.643839,""hue"":0.003654,""saturation"":0.923567}",0.0064606136,0.019929407,0.013468794,0.99356019,0.98026788,0.0017998164,0.0092968633,0.99176038,0.97097102,-0.02078936,0.87904942,3.4775201,1.430297,4.9738865,False,0.97937608,True,True,True,0.87904942,3.4775201,1.430297,4.9738865,0.87762378,3.4837616,1.416436,4.9345255,0.96392874,3.1438738,0.19864157,0.62450403,0.82975439,3.5353226,0.38399226,1.3575365,0.90619823,3.9494598,0.68167515,2.6922486,0.88931625,3.6998077,0.73905596,2.7343649,0.87343299,3.1000182,0.68927913,2.1367779,0.87202648,2.9368474,0.61061488,1.7932827
0b_baseline_last,file,19,baseline,313,006.Least_Auklet/Least_Auklet_0030_795116.jpg,6,5,006.Least_Auklet,7,6,rotation,rotation,0,"{""angle"":-6.248952}",0.0064606136,0.0078125391,0.0013519255,0.99356019,0.9922179,0.0017998164,0.00089865079,0.99176038,0.99131925,-0.00044113101,0.82640424,1.1473837,1.430297,1.6410994,False,0.97500199,True,True,True,0.82640424,1.1473837,1.430297,1.6410994,0.82394529,1.1486399,1.416436,1.626975,0.96065031,1.0815887,0.19864157,0.21484848,0.76522963,1.0172229,0.38399226,0.39060571,0.82693526,1.0544025,0.68167515,0.71875995,0.81034707,1.1965818,0.73905596,0.88434091,0.82444907,1.1824206,0.68927913,0.81501784,0.86720733,1.1939963,0.61061488,0.72907193
0b_baseline_last,file,19,baseline,313,006.Least_Auklet/Least_Auklet_0030_795116.jpg,6,5,006.Least_Auklet,7,6,random_resized_crop,random_resized_crop,0,"{""area_fraction"":0.578483,""aspect"":1.146605,""fallback"":false,""height"":0.710295,""left"":0.045917,""top"":0.007014,""width"":0.814427}",0.0064606136,0.056480352,0.050019738,0.99356019,0.94508505,0.0017998164,0.011916436,0.99176038,0.93316861,-0.058591766,0.7420348,7.9439167,1.430297,11.36216,False,0.92789376,True,True,True,0.7420348,7.9439167,1.430297,11.36216,0.73840379,7.9397998,1.416436,11.246218,0.92213265,8.1505034,0.19864157,1.6190288,0.8152828,8.7545863,0.38399226,3.3616933,0.76075914,8.3465987,0.68167515,5.6896689,0.67828525,7.6176171,0.73905596,5.6298453,0.71989724,7.4906053,0.68927913,5.1631179,0.78666262,8.0980871,0.61061488,4.9448125
0b_baseline_last,file,19,baseline,313,006.Least_Auklet/Least_Auklet_0030_795116.jpg,6,5,006.Least_Auklet,7,6,gaussian_blur,gaussian_blur,0,"{""sigma"":1.906972}",0.0064606136,0.03091938,0.024458767,0.99356019,0.96955371,0.0017998164,0.010161082,0.99176038,0.95939263,-0.032367752,0.66609305,4.2654823,1.430297,6.1009065,False,0.92219239,True,True,True,0.66609305,4.2654823,1.430297,6.1009065,0.6610641,4.2639053,1.416436,6.0395491,0.91714141,4.3449085,0.19864157,0.86307945,0.706534,4.1758438,0.38399226,1.6034917,0.54629013,4.2106662,0.68167515,2.8703065,0.6387762,4.0159109,0.73905596,2.9679829,0.69493127,4.3783231,0.68927913,3.0178867,0.76742976,4.5590709,0.61061488,2.7838366
0b_baseline_last,file,19,baseline,313,006.Least_Auklet/Least_Auklet_0030_795116.jpg,6,5,006.Least_Auklet,7,6,random_erasing,random_erasing,0,"{""area_fraction"":0.132816,""erased"":true,""height"":0.6004,""left"":0.312528,""top"":0.380104,""width"":0.221213}",0.0064606136,1.0786868,1.0722262,0.99356019,0.34004176,0.0017998164,0.28665188,0.99176038,0.053389877,-0.9383705,0.63153997,85.894582,1.430297,122.85476,False,0.8453086,True,True,True,0.63153997,85.894582,1.430297,122.85476,0.62715619,85.622997,1.416436,121.2795,0.83112589,98.723592,0.19864157,19.610609,0.48438915,98.06904,0.38399226,37.657752,0.65356851,81.509007,0.68167515,55.562664,0.61991453,91.629656,0.73905596,67.719444,0.65437862,84.39281,0.68927913,58.170203,0.64845207,77.400818,0.61061488,47.262092
0b_baseline_last,file,19,baseline,5206,090.Red_breasted_Merganser/Red_Breasted_Merganser_0080_79488.jpg,90,89,090.Red_breasted_Merganser,1,0,identity,identity,0,{},0.18746465,0.18746465,0,0.82905841,0.82905841,0.048264857,0.048264857,0.78079355,0.78079355,0,1,1,36.025793,36.025793,False,0.99999994,True,True,True,1,1,36.025793,36.025793,1,1,35.687147,35.687147,1,1,4.9280133,4.9280133,1,1,9.7658945,9.7658945,1,1,16.283344,16.283344,1,1,17.791925,17.791925,1,1,18.690083,18.690083,1,1,15.72198,15.72198
0b_baseline_last,file,19,baseline,5206,090.Red_breasted_Merganser/Red_Breasted_Merganser_0080_79488.jpg,90,89,090.Red_breasted_Merganser,1,0,horizontal_flip,horizontal_flip,0,"{""flipped"":true}",0.18746465,0.29218671,0.10472205,0.82905841,0.74662912,0.048264857,0.051059268,0.78079355,0.69556985,-0.085223701,0.66008251,1.1508781,36.025793,41.461296,False,0.97557342,True,True,True,0.66008251,1.1508781,36.025793,41.461296,0.65315797,1.1456464,35.687147,40.884852,0.97048287,1.398068,4.9280133,6.8896975,0.66585766,0.99592652,9.7658945,9.7261133,0.69469454,1.1191868,16.283344,18.224104,0.66001666,1.1686104,17.791925,20.791828,0.57419713,1.0974959,18.690083,20.51229,0.70472748,1.2590007,15.72198,19.793983
0b_baseline_last,file,19,baseline,5206,090.Red_breasted_Merganser/Red_Breasted_Merganser_0080_79488.jpg,90,89,090.Red_breasted_Merganser,1,0,color_jitter,color_jitter,0,"{""brightness"":1.19882,""contrast"":1.101208,""hue"":-0.075349,""saturation"":1.270891}",0.18746465,2.2928967,2.1054321,0.82905841,0.10097355,0.048264857,0.025440682,0.78079355,0.075532865,-0.70526069,0.54319672,3.3882394,36.025793,122.06401,False,0.86232626,False,True,False,0.54319672,3.3882394,36.025793,122.06401,0.53706712,3.3451563,35.687147,119.37908,0.80189843,5.1665637,4.9280133,25.460894,0.75008491,3.5602843,9.7658945,34.76936,0.45573939,2.8471772,16.283344,46.361565,0.49503407,3.4344275,17.791925,61.105076,0.53054567,3.25177,18.690083,60.775851,0.59261556,3.7443589,15.72198,58.868736
0b_baseline_last,file,19,baseline,5206,090.Red_breasted_Merganser/Red_Breasted_Merganser_0080_79488.jpg,90,89,090.Red_breasted_Merganser,1,0,rotation,rotation,0,"{""angle"":-13.142848}",0.18746465,0.38104391,0.19357926,0.82905841,0.68314791,0.048264857,0.016662048,0.78079355,0.66648586,-0.11430769,0.6916297,1.6503882,36.025793,59.456542,False,0.95391619,True,True,True,0.6916297,1.6503882,36.025793,59.456542,0.68706352,1.6488731,35.687147,58.843576,0.92087207,1.72798,4.9280133,8.5155084,0.77574451,1.7583467,9.7658945,17.171829,0.63511518,1.5818005,16.283344,25.757001,0.63978439,1.5989147,17.791925,28.44777,0.72802584,1.6928457,18.690083,31.639427,0.70505576,1.6755391,15.72198,26.342792
0b_baseline_last,file,19,baseline,5206,090.Red_breasted_Merganser/Red_Breasted_Merganser_0080_79488.jpg,90,89,090.Red_breasted_Merganser,1,0,random_resized_crop,random_resized_crop,0,"{""area_fraction"":0.512576,""aspect"":1.274299,""fallback"":false,""height"":0.634225,""left"":0.040736,""top"":0.10617,""width"":0.808192}",0.18746465,5.994525,5.8070603,0.82905841,0.0024923603,0.048264857,0.85701418,0.78079355,-0.85452182,-1.6353154,0.55820829,7.4119975,36.025793,267.02308,False,0.88138455,False,True,False,0.55820829,7.4119975,36.025793,267.02308,0.55325569,7.3830369,35.687147,263.47952,0.7845699,8.7981632,4.9280133,43.357465,0.34411427,5.9459217,9.7658945,58.067244,0.44360436,6.9357328,16.283344,112.93692,0.61604606,8.3099862,17.791925,147.85065,0.58986535,6.8281262,18.690083,127.61824,0.60140941,7.8285272,15.72198,123.07995
0b_baseline_last,file,19,baseline,5206,090.Red_breasted_Merganser/Red_Breasted_Merganser_0080_79488.jpg,90,89,090.Red_breasted_Merganser,1,0,gaussian_blur,gaussian_blur,0,"{""sigma"":1.13678}",0.18746465,1.8968987,1.7094341,0.82905841,0.15003321,0.048264857,0.41626391,0.78079355,-0.2662307,-1.0470243,0.69054999,5.3091264,36.025793,191.26549,False,0.92350382,False,True,False,0.69054999,5.3091264,36.025793,191.26549,0.6865217,5.3052467,35.687147,189.32911,0.89447708,5.5087602,4.9280133,27.147243,0.69534481,5.5976857,9.7658945,54.666408,0.63026888,4.9016009,16.283344,79.814451,0.66313526,5.2780328,17.791925,93.906364,0.70227164,5.3798413,18.690083,100.54968,0.74661901,5.529671,15.72198,86.937376
0b_baseline_last,file,19,baseline,5206,090.Red_breasted_Merganser/Red_Breasted_Merganser_0080_79488.jpg,90,89,090.Red_breasted_Merganser,1,0,random_erasing,random_erasing,0,"{""area_fraction"":0.061859,""erased"":true,""height"":0.204777,""left"":0.611012,""top"":0.387835,""width"":0.302079}",0.18746465,0.56882703,0.38136238,0.82905841,0.56618917,0.048264857,0.20802578,0.78079355,0.35816339,-0.42263016,0.95174378,2.7475439,36.025793,98.982446,False,0.98255539,True,True,True,0.95174378,2.7475439,36.025793,98.982446,0.95164565,2.7521001,35.687147,98.2146,0.96184594,2.4969816,4.9280133,12.305158,0.96747349,2.5603322,9.7658945,25.003934,0.96360496,2.8192922,16.283344,45.907504,0.94742771,2.8110567,17.791925,50.01411,0.95538701,2.7546401,18.690083,51.484451,0.93443589,2.6694135,15.72198,41.968465
0b_baseline_last,file,19,baseline,10103,172.Nashville_Warbler/Nashville_Warbler_0023_167242.jpg,172,171,172.Nashville_Warbler,200,199,identity,identity,0,{},1.6976773,1.6976773,0,0.18310834,0.18310834,0.21928094,0.21928094,-0.036172599,-0.036172599,0,1,1,129.00901,129.00901,False,1,True,False,False,1,1,129.00901,129.00901,1,1,127.12694,127.12694,1,1,21.95596,21.95596,1,1,27.508443,27.508443,1,1,50.911855,50.911855,1,1,66.246187,66.246187,1,1,68.238445,68.238445,1,1,61.379845,61.379845
0b_baseline_last,file,19,baseline,10103,172.Nashville_Warbler/Nashville_Warbler_0023_167242.jpg,172,171,172.Nashville_Warbler,200,199,horizontal_flip,horizontal_flip,0,"{""flipped"":true}",1.6976773,2.4822793,0.78460205,0.18310834,0.083552577,0.21928094,0.26362655,-0.036172599,-0.18007397,-0.14390137,0.67769783,1.18516,129.00901,152.89632,False,0.94337654,True,False,False,0.67769783,1.18516,129.00901,152.89632,0.66972491,1.1839126,127.12694,150.50719,0.93616934,1.2262444,21.95596,26.923372,0.75772523,1.0928377,27.508443,30.062264,0.65717032,1.2044163,50.911855,61.319069,0.66845291,1.2599737,66.246187,83.468453,0.64925853,1.1501071,68.238445,78.481519,0.69221823,1.1360457,61.379845,69.730308
0b_baseline_last,file,19,baseline,10103,172.Nashville_Warbler/Nashville_Warbler_0023_167242.jpg,172,171,172.Nashville_Warbler,200,199,color_jitter,color_jitter,0,"{""brightness"":1.111541,""contrast"":0.747833,""hue"":0.043867,""saturation"":0.963074}",1.6976773,3.2693112,1.5716339,0.18310834,0.038032617,0.21928094,0.016569985,-0.036172599,0.021462632,0.057635231,0.71546805,1.0821565,129.00901,139.60793,False,0.88204879,False,False,False,0.71546805,1.0821565,129.00901,139.60793,0.71153199,1.081818,127.12694,137.52822,0.84606177,1.0934415,21.95596,24.007559,0.70751004,1.369343,27.508443,37.668496,0.65159408,1.0712807,50.911855,54.540887,0.71659926,1.0566581,66.246187,69.999573,0.74394342,1.0588447,68.238445,72.253916,0.71391209,1.0806662,61.379845,66.331127
0b_baseline_last,file,19,baseline,10103,172.Nashville_Warbler/Nashville_Warbler_0023_167242.jpg,172,171,172.Nashville_Warbler,200,199,rotation,rotation,0,"{""angle"":-7.37826}",1.6976773,2.5064821,0.80880487,0.18310834,0.081554644,0.21928094,0.17551364,-0.036172599,-0.093958996,-0.057786398,0.75431479,1.0693314,129.00901,137.95339,False,0.95906639,True,False,False,0.75431479,1.0693314,129.00901,137.95339,0.74812338,1.0676709,127.12694,135.72973,0.95250646,1.1235824,21.95596,24.66933,0.81199665,1.119481,27.508443,30.79518,0.63593928,1.0380478,50.911855,52.848937,0.73247922,1.1063405,66.246187,73.290841,0.76427602,1.0596192,68.238445,72.306764,0.81158702,1.0408265,61.379845,63.885773
0b_baseline_last,file,19,baseline,10103,172.Nashville_Warbler/Nashville_Warbler_0023_167242.jpg,172,171,172.Nashville_Warbler,200,199,random_resized_crop,random_resized_crop,0,"{""area_fraction"":0.813486,""aspect"":0.899246,""fallback"":false,""height"":0.951121,""left"":0.066482,""top"":0.014998,""width"":0.855292}",1.6976773,1.4967785,-0.20089877,0.18310834,0.22385013,0.21928094,0.13025138,-0.036172599,0.093598753,0.12977135,0.7801751,0.96123779,129.00901,124.00833,False,0.96641302,False,False,True,0.7801751,0.96123779,129.00901,124.00833,0.77465001,0.95894445,127.12694,121.90768,0.95397531,1.0351863,21.95596,22.728509,0.57159069,0.97646206,27.508443,26.860951,0.72401821,0.94521895,50.911855,48.12285,0.7914982,0.9774068,66.246187,64.749473,0.79078812,0.96456803,68.238445,65.820622,0.81183664,0.93580634,61.379845,57.439649
0b_baseline_last,file,19,baseline,10103,172.Nashville_Warbler/Nashville_Warbler_0023_167242.jpg,172,171,172.Nashville_Warbler,200,199,gaussian_blur,gaussian_blur,0,"{""sigma"":1.937111}",1.6976773,3.5181651,1.8204879,0.18310834,0.029653801,0.21928094,0.01717419,-0.036172599,0.012479611,0.048652209,0.46225652,0.89058308,129.00901,114.89324,False,0.77969718,False,False,False,0.46225652,0.89058308,129.00901,114.89324,0.45192624,0.88265613,127.12694,112.20937,0.74721956,1.1244466,21.95596,24.688304,0.51090487,0.99819825,27.508443,27.45888,0.26189406,0.80869356,50.911855,41.172089,0.48655769,0.89382975,66.246187,59.212812,0.46627217,0.87623139,68.238445,59.792667,0.50085576,0.90130103,61.379845,55.321718
0b_baseline_last,file,19,baseline,10103,172.Nashville_Warbler/Nashville_Warbler_0023_167242.jpg,172,171,172.Nashville_Warbler,200,199,random_erasing,random_erasing,0,"{""area_fraction"":0.176675,""erased"":true,""height"":0.344861,""left"":0.018718,""top"":0.597886,""width"":0.512308}",1.6976773,0.94196659,-0.75571066,0.18310834,0.38986039,0.21928094,0.081006132,-0.036172599,0.30885426,0.34502686,0.88754058,0.73820202,129.00901,95.234709,False,0.97156322,False,False,True,0.88754058,0.73820202,129.00901,95.234709,0.88535774,0.7379195,127.12694,93.809449,0.95984526,0.74761179,21.95596,16.414535,0.89877616,0.73419955,27.508443,20.196687,0.89437258,0.72157133,50.911855,36.736535,0.89371273,0.7460436,66.246187,49.422543,0.86903796,0.74825688,68.238445,51.059886,0.88767119,0.72733008,61.379845,44.643408
0b_baseline_last,file,19,baseline,10552,180.Wilson_Warbler/Wilson_Warbler_0108_175179.jpg,180,179,180.Wilson_Warbler,16,15,identity,identity,0,{},0.020227464,0.020227464,0,0.97997576,0.97997576,0.004531167,0.004531167,0.97544459,0.97544459,0,1,1,3.1734489,3.1734489,False,1,True,True,True,1,1,3.1734489,3.1734489,1,1,3.1308071,3.1308071,1,1,0.5184831,0.5184831,1,1,0.73011661,0.73011661,1,1,1.3774633,1.3774633,1,1,1.5884034,1.5884034,1,1,1.5661488,1.5661488,1,1,1.5477825,1.5477825
0b_baseline_last,file,19,baseline,10552,180.Wilson_Warbler/Wilson_Warbler_0108_175179.jpg,180,179,180.Wilson_Warbler,16,15,horizontal_flip,horizontal_flip,0,"{""flipped"":true}",0.020227464,0.011080872,-0.0091465916,0.97997576,0.98898029,0.004531167,0.0015018476,0.97544459,0.98747845,0.012033853,0.63726413,0.58707904,3.1734489,1.8630653,False,0.96048605,True,True,True,0.63726413,0.58707904,3.1734489,1.8630653,0.62898924,0.58630007,3.1308071,1.8355925,0.92569321,0.61480814,0.5184831,0.31876763,0.14037616,0.41330168,0.73011661,0.30175842,0.49853632,0.54226426,1.3774633,0.74694909,0.67295726,0.64663303,1.5884034,1.0271141,0.65222142,0.5957966,1.5661488,0.93310613,0.73907667,0.57598022,1.5477825,0.89149208
0b_baseline_last,file,19,baseline,10552,180.Wilson_Warbler/Wilson_Warbler_0108_175179.jpg,180,179,180.Wilson_Warbler,16,15,color_jitter,color_jitter,0,"{""brightness"":0.792673,""contrast"":0.963207,""hue"":-0.024715,""saturation"":0.650882}",0.020227464,0.6302222,0.60999474,0.97997576,0.5324735,0.004531167,0.13494177,0.97544459,0.39753173,-0.57791286,0.63500476,28.431526,3.1734489,90.225995,False,0.91902131,True,True,True,0.63500476,28.431526,3.1734489,90.225995,0.62930738,28.567664,3.1308071,89.439846,0.90902925,22.921899,0.5184831,11.884618,0.62573865,27.582374,0.73011661,20.138349,0.59309603,37.003239,1.3774633,50.970602,0.56683067,30.135257,1.5884034,47.866946,0.65778302,24.397235,1.5661488,38.2097,0.78591198,22.794144,1.5477825,35.280377
0b_baseline_last,file,19,baseline,10552,180.Wilson_Warbler/Wilson_Warbler_0108_175179.jpg,180,179,180.Wilson_Warbler,16,15,rotation,rotation,0,"{""angle"":-6.99463}",0.020227464,0.19497573,0.17474827,0.97997576,0.82285464,0.004531167,0.012778552,0.97544459,0.81007609,-0.16536851,0.73088939,10.770133,3.1734489,34.178467,False,0.96015978,True,True,True,0.73088939,10.770133,3.1734489,34.178467,0.72734513,10.811108,3.1308071,33.847493,0.89349343,9.1516548,0.5184831,4.7449784,0.71761426,9.0088441,0.73011661,6.5775067,0.72869232,9.696224,1.3774633,13.356192,0.72382384,11.63955,1.5884034,18.488301,0.71540703,11.550266,1.5661488,18.089436,0.75664882,10.316277,1.5477825,15.967353
0b_baseline_last,file,19,baseline,10552,180.Wilson_Warbler/Wilson_Warbler_0108_175179.jpg,180,179,180.Wilson_Warbler,16,15,random_resized_crop,random_resized_crop,0,"{""area_fraction"":0.609593,""aspect"":1.172354,""fallback"":false,""height"":0.721092,""left"":0.017199,""top"":0.147744,""width"":0.845375}",0.020227464,0.051078815,0.030851351,0.97997576,0.95020378,0.004531167,0.0044271844,0.97544459,0.94577659,-0.029668001,0.63089453,2.4228664,3.1734489,7.6888429,False,0.92827559,True,True,True,0.63089453,2.4228664,3.1734489,7.6888429,0.62261901,2.4061618,3.1308071,7.5332284,0.888984,2.9684331,0.5184831,1.5390824,0.58557626,2.2116286,0.73011661,1.6147467,0.53092857,2.3692305,1.3774633,3.263528,0.6080251,2.2467621,1.5884034,3.5687646,0.65233903,2.6225831,1.5661488,4.1073554,0.68738006,2.407487,1.5477825,3.7262661
0b_baseline_last,file,19,baseline,10552,180.Wilson_Warbler/Wilson_Warbler_0108_175179.jpg,180,179,180.Wilson_Warbler,16,15,gaussian_blur,gaussian_blur,0,"{""sigma"":1.669358}",0.020227464,0.029173758,0.008946294,0.97997576,0.97124767,0.004531167,0.0011773158,0.97544459,0.97007036,-0.0053742358,0.59131421,1.4231638,3.1734489,4.5163376,False,0.93136311,True,True,True,0.59131421,1.4231638,3.1734489,4.5163376,0.58197106,1.4188209,3.1308071,4.4420545,0.90159596,1.5733499,0.5184831,0.81575535,0.45581668,1.5915927,0.73011661,1.1620483,0.43894211,1.3462979,1.3774633,1.8544759,0.54567089,1.4843729,1.5884034,2.357783,0.64419689,1.4847739,1.5661488,2.3253769,0.71152129,1.2882716,1.5477825,1.9939642
0b_baseline_last,file,19,baseline,10552,180.Wilson_Warbler/Wilson_Warbler_0108_175179.jpg,180,179,180.Wilson_Warbler,16,15,random_erasing,random_erasing,0,"{""area_fraction"":0.051017,""erased"":true,""height"":0.138344,""left"":0.593519,""top"":0.33039,""width"":0.368768}",0.020227464,0.045423891,0.025196427,0.97997576,0.95559233,0.004531167,0.0015700066,0.97544459,0.95402233,-0.021422265,0.63549683,2.4994121,3.1734489,7.9317567,False,0.94189334,True,True,True,0.63549683,2.4994121,3.1734489,7.9317567,0.62908988,2.4979506,3.1308071,7.8206016,0.86429165,2.5521313,0.5184831,1.323237,0.6727398,2.2678859,0.73011661,1.6558212,0.4585995,2.1088764,1.3774633,2.9048997,0.64349436,2.8595358,1.5884034,4.5420965,0.66053002,2.6660202,1.5661488,4.1753843,0.70984615,2.2303666,1.5477825,3.4521223
0b_baseline_last,file,19,baseline,345,007.Parakeet_Auklet/Parakeet_Auklet_0047_795956.jpg,7,6,007.Parakeet_Auklet,5,4,identity,identity,0,{},0.0070636547,0.0070636547,0,0.99296123,0.99296123,0.0057839705,0.0057839705,0.98717726,0.98717726,0,1,1,1.4553135,1.4553135,False,1.0000001,True,True,True,1,1,1.4553135,1.4553135,1,1,1.4278943,1.4278943,1,1,0.28116756,0.28116756,1,1,0.32444652,0.32444652,1,1,0.59719698,0.59719698,1,1,0.79891522,0.79891522,1,1,0.71278275,0.71278275,1,1,0.65623739,0.65623739
0b_baseline_last,file,19,baseline,345,007.Parakeet_Auklet/Parakeet_Auklet_0047_795956.jpg,7,6,007.Parakeet_Auklet,5,4,horizontal_flip,horizontal_flip,0,"{""flipped"":true}",0.0070636547,0.10944515,0.1023815,0.99296123,0.89633131,0.0057839705,0.046640523,0.98717726,0.84969079,-0.13748647,0.59050513,12.57685,1.4553135,18.30326,False,0.94682658,True,True,True,0.59050513,12.57685,1.4553135,18.30326,0.58058353,12.652501,1.4278943,18.066434,0.91129583,10.438046,0.28116756,2.9348399,0.54367598,13.395844,0.32444652,4.3462349,0.56081017,14.386605,0.59719698,8.5916371,0.55145079,11.575586,0.79891522,9.2479119,0.55685065,12.405683,0.71278275,8.8425569,0.68296923,12.747106,0.65623739,8.3651273
0b_baseline_last,file,19,baseline,345,007.Parakeet_Auklet/Parakeet_Auklet_0047_795956.jpg,7,6,007.Parakeet_Auklet,5,4,color_jitter,color_jitter,0,"{""brightness"":0.666193,""contrast"":1.323208,""hue"":0.054369,""saturation"":0.831128}",0.0070636547,0.089214809,0.082151155,0.99296123,0.91464907,0.0057839705,0.038777601,0.98717726,0.87587147,-0.11130579,0.70185198,10.215928,1.4553135,14.867378,False,0.91897154,True,True,True,0.70185198,10.215928,1.4553135,14.867378,0.69545021,10.243207,1.4278943,14.626217,0.88215246,9.4853196,0.28116756,2.6669641,0.55074225,13.280639,0.32444652,4.3088572,0.5780487,10.740557,0.59719698,6.4142282,0.73286229,9.3170724,0.79891522,7.4435509,0.73652129,10.176736,0.71278275,7.2538018,0.75643278,10.356899,0.65623739,6.7965842
0b_baseline_last,file,19,baseline,345,007.Parakeet_Auklet/Parakeet_Auklet_0047_795956.jpg,7,6,007.Parakeet_Auklet,5,4,rotation,rotation,0,"{""angle"":-3.760086}",0.0070636547,0.0054075872,-0.0016560676,0.99296123,0.99460703,0.0057839705,0.0042415583,0.98717726,0.99036547,0.0031882157,0.86209041,0.76176143,1.4553135,1.1086017,False,0.98016047,True,True,True,0.86209041,0.76176143,1.4553135,1.1086017,0.85754605,0.76175102,1.4278943,1.0876999,0.97924947,0.76202996,0.28116756,0.2142581,0.84908951,0.63367705,0.32444652,0.20559431,0.82082229,0.86473641,0.59719698,0.51641797,0.88107777,0.74460328,0.79891522,0.59487489,0.8532686,0.73241708,0.71278275,0.52205427,0.875161,0.75843369,0.65623739,0.49771255
0b_baseline_last,file,19,baseline,345,007.Parakeet_Auklet/Parakeet_Auklet_0047_795956.jpg,7,6,007.Parakeet_Auklet,5,4,random_resized_crop,random_resized_crop,0,"{""area_fraction"":0.520532,""aspect"":0.977667,""fallback"":false,""height"":0.729673,""left"":0.049947,""top"":0.267107,""width"":0.713377}",0.0070636547,0.069916777,0.062853123,0.99296123,0.93247139,0.0057839705,0.0061973622,0.98717726,0.92627403,-0.060903225,0.30860226,9.3977425,1.4553135,13.676661,False,0.9058823,True,True,True,0.30860226,9.3977425,1.4553135,13.676661,0.29688007,9.3837888,1.4278943,13.399058,0.59976616,9.7507229,0.28116756,2.7415869,0.079743946,8.4864941,0.32444652,2.7534135,0.33505312,11.320967,0.59719698,6.7608474,0.2407551,8.7327899,0.79891522,6.9767587,0.31174942,8.7253474,0.71278275,6.2192772,0.37437407,9.5029218,0.65623739,6.2361726
0b_baseline_last,file,19,baseline,345,007.Parakeet_Auklet/Parakeet_Auklet_0047_795956.jpg,7,6,007.Parakeet_Auklet,5,4,gaussian_blur,gaussian_blur,0,"{""sigma"":1.803179}",0.0070636547,0.16514103,0.15807738,0.99296123,0.84777415,0.0057839705,0.08970055,0.98717726,0.7580736,-0.22910366,0.48680636,20.366322,1.4553135,29.639383,False,0.9015317,True,True,True,0.48680636,20.366322,1.4553135,29.639383,0.47459815,20.501723,1.4278943,29.274293,0.88935601,16.494651,0.28116756,4.6377606,0.29832363,13.415518,0.32444652,4.352618,0.49047671,28.116396,0.59719698,16.791027,0.34200224,18.897381,0.79891522,15.097405,0.53346276,18.842882,0.71278275,13.430881,0.66020846,18.524523,0.65623739,12.156485
0b_baseline_last,file,19,baseline,345,007.Parakeet_Auklet/Parakeet_Auklet_0047_795956.jpg,7,6,007.Parakeet_Auklet,5,4,random_erasing,random_erasing,0,"{""area_fraction"":0.068584,""erased"":true,""height"":0.237375,""left"":0.417237,""top"":0.666858,""width"":0.288927}",0.0070636547,0.018069183,0.011005529,0.99296123,0.9820931,0.0057839705,0.014391489,0.98717726,0.96770161,-0.019475651,0.91866509,2.3323199,1.4553135,3.3942565,False,0.98677468,True,True,True,0.91866509,2.3323199,1.4553135,3.3942565,0.91592916,2.3263294,1.4278943,3.3217525,0.98665274,2.4818276,0.28116756,0.6978094,0.89796272,1.803878,0.32444652,0.58526195,0.90266747,2.2833137,0.59719698,1.3635881,0.93152173,2.371574,0.79891522,1.8946865,0.9105196,2.3128953,0.71278275,1.6485919,0.91956321,2.4211507,0.65623739,1.5888496
0b_baseline_last,file,19,baseline,9955,170.Mourning_Warbler/Mourning_Warbler_0008_166467.jpg,170,169,170.Mourning_Warbler,153,152,identity,identity,0,{},0.42168385,0.42168385,0,0.65594137,0.65594137,0.044450711,0.044450711,0.61149066,0.61149066,0,1,1,54.730413,54.730413,False,0.99999988,True,True,True,1,1,54.730413,54.730413,1,1,53.685355,53.685355,1,1,10.644279,10.644279,1,1,13.210755,13.210755,1,1,27.618594,27.618594,1,1,26.474833,26.474833,1,1,25.183194,25.183194,1,1,24.692033,24.692033
0b_baseline_last,file,19,baseline,9955,170.Mourning_Warbler/Mourning_Warbler_0008_166467.jpg,170,169,170.Mourning_Warbler,153,152,horizontal_flip,horizontal_flip,0,"{""flipped"":true}",0.42168385,0.4051955,-0.016488343,0.65594137,0.66684645,0.044450711,0.024813302,0.61149066,0.64203315,0.030542497,0.5870054,1.0541268,54.730413,57.692793,False,0.95080757,True,True,True,0.5870054,1.0541268,54.730413,57.692793,0.57530292,1.0590467,53.685355,56.855298,0.9352337,0.92017162,10.644279,9.7945638,0.54707333,0.90596478,13.210755,11.968479,0.64674631,0.90957983,27.618594,25.121316,0.52273524,1.1920561,26.474833,31.559485,0.51523715,1.1579169,25.183194,29.160047,0.66413814,1.0017976,24.692033,24.736419
0b_baseline_last,file,19,baseline,9955,170.Mourning_Warbler/Mourning_Warbler_0008_166467.jpg,170,169,170.Mourning_Warbler,153,152,color_jitter,color_jitter,0,"{""brightness"":0.99608,""contrast"":1.001125,""hue"":-0.034681,""saturation"":1.065011}",0.42168385,0.86805367,0.44636983,0.65594137,0.41976777,0.044450711,0.05532138,0.61149066,0.36444639,-0.24704427,0.84015922,1.7288229,54.730413,94.619191,False,0.96422833,True,True,True,0.84015922,1.7288229,54.730413,94.619191,0.83571863,1.7315873,53.685355,92.960879,0.95899201,1.6569529,10.644279,17.63707,0.88142493,1.6894122,13.210755,22.318411,0.84694949,1.5984304,27.618594,44.146401,0.81299142,1.848818,26.474833,48.947148,0.82178589,1.7762034,25.183194,44.730475,0.8586161,1.7173012,24.692033,42.403659
0b_baseline_last,file,19,baseline,9955,170.Mourning_Warbler/Mourning_Warbler_0008_166467.jpg,170,169,170.Mourning_Warbler,153,152,rotation,rotation,0,"{""angle"":-12.522956}",0.42168385,0.4992522,0.077568352,0.65594137,0.60698438,0.044450711,0.092429392,0.61149066,0.51455498,-0.096935671,0.69300364,1.3626627,54.730413,74.579094,False,0.93506134,True,True,True,0.69300364,1.3626627,54.730413,74.579094,0.68583035,1.3707589,53.685355,73.58968,0.92460092,1.1374993,10.644279,12.10786,0.84758744,1.5713488,13.210755,20.758704,0.78247833,1.3745756,27.618594,37.963846,0.61815072,1.5014819,26.474833,39.751484,0.60126916,1.359276,25.183194,34.230912,0.70221007,1.1392561,24.692033,28.130549
0b_baseline_last,file,19,baseline,9955,170.Mourning_Warbler/Mourning_Warbler_0008_166467.jpg,170,169,170.Mourning_Warbler,153,152,random_resized_crop,random_resized_crop,0,"{""area_fraction"":0.750514,""aspect"":0.810502,""fallback"":false,""height"":0.962282,""left"":0.177728,""top"":0.012382,""width"":0.779931}",0.42168385,2.785665,2.3639812,0.65594137,0.061688051,0.044450711,0.11481503,0.61149066,-0.053126976,-0.66461763,0.61091295,2.2922522,54.730413,125.45591,False,0.87101746,False,True,False,0.61091295,2.2922522,54.730413,125.45591,0.60070797,2.2873844,53.685355,122.79905,0.85784917,2.4127782,10.644279,25.682286,0.63463619,1.8207364,13.210755,24.053303,0.54908847,2.1492607,27.618594,59.35956,0.6025715,2.3665758,26.474833,62.654698,0.59457442,2.3652139,25.183194,59.563641,0.66153335,2.3973321,24.692033,59.195003
0b_baseline_last,file,19,baseline,9955,170.Mourning_Warbler/Mourning_Warbler_0008_166467.jpg,170,169,170.Mourning_Warbler,153,152,gaussian_blur,gaussian_blur,0,"{""sigma"":1.172648}",0.42168385,1.610176,1.1884921,0.65594137,0.19985245,0.044450711,0.16108637,0.61149066,0.038766086,-0.57272457,0.62399108,1.9774295,54.730413,108.22553,False,0.89217687,False,True,False,0.62399108,1.9774295,54.730413,108.22553,0.61347037,1.970915,53.685355,105.80927,0.87282361,2.1364755,10.644279,22.741242,0.53625516,2.2234264,13.210755,29.373142,0.6429284,1.8867877,27.618594,52.110423,0.55069972,2.1124283,26.474833,55.926186,0.60741159,1.9157812,25.183194,48.24549,0.69504565,1.8830715,24.692033,46.496865
0b_baseline_last,file,19,baseline,9955,170.Mourning_Warbler/Mourning_Warbler_0008_166467.jpg,170,169,170.Mourning_Warbler,153,152,random_erasing,random_erasing,0,"{""area_fraction"":0.105663,""erased"":true,""height"":0.194245,""left"":0.404531,""top"":0.500019,""width"":0.543967}",0.42168385,0.9326638,0.51097995,0.65594137,0.39350411,0.044450711,0.019997198,0.61149066,0.37350691,-0.23798374,0.8502591,1.6475809,54.730413,90.172782,False,0.9490943,True,True,True,0.8502591,1.6475809,54.730413,90.172782,0.8473035,1.6501144,53.685355,88.586977,0.92942472,1.5817707,10.644279,16.836809,0.90343683,1.6246772,13.210755,21.463212,0.88682029,1.6754884,27.618594,46.274636,0.80258463,1.6140717,26.474833,42.732279,0.82977626,1.6275116,25.183194,40.985941,0.85019081,1.6892195,24.692033,41.710264
0b_baseline_last,file,19,baseline,7995,137.Cliff_Swallow/Cliff_Swallow_0044_133927.jpg,137,136,137.Cliff_Swallow,136,135,identity,identity,0,{},0.9173094,0.9173094,0,0.39959273,0.39959273,0.16101082,0.16101082,0.23858191,0.23858191,0,1,1,104.45174,104.45174,False,1,True,True,True,1,1,104.45174,104.45174,1,1,102.20094,102.20094,1,1,21.566972,21.566972,1,1,29.990724,29.990724,1,1,42.312608,42.312608,1,1,48.195963,48.195963,1,1,49.297011,49.297011,1,1,54.792203,54.792203
0b_baseline_last,file,19,baseline,7995,137.Cliff_Swallow/Cliff_Swallow_0044_133927.jpg,137,136,137.Cliff_Swallow,136,135,horizontal_flip,horizontal_flip,0,"{""flipped"":true}",0.9173094,1.2742051,0.35689569,0.39959273,0.27965319,0.16101082,0.2520285,0.23858191,0.027624696,-0.21095721,0.6542685,1.1937496,104.45174,124.68922,False,0.94709182,True,True,True,0.6542685,1.1937496,104.45174,124.68922,0.64135286,1.1920156,102.20094,121.82511,0.93521925,1.232046,21.566972,26.571502,0.36829171,1.0029167,29.990724,30.078197,0.65689974,1.1577603,42.312608,48.987858,0.65484604,1.2703914,48.195963,61.227736,0.63258949,1.2285621,49.297011,60.564441,0.7024034,1.1714611,54.792203,64.186935
0b_baseline_last,file,19,baseline,7995,137.Cliff_Swallow/Cliff_Swallow_0044_133927.jpg,137,136,137.Cliff_Swallow,136,135,color_jitter,color_jitter,0,"{""brightness"":0.652126,""contrast"":1.00219,""hue"":0.01277,""saturation"":0.794186}",0.9173094,0.98518825,0.067878842,0.39959273,0.37336892,0.16101082,0.014413857,0.23858191,0.35895506,0.12037315,0.41958194,0.94308446,104.45174,98.506814,False,0.9229309,False,True,False,0.41958194,0.94308446,104.45174,98.506814,0.40223454,0.93944264,102.20094,96.01192,0.77926089,1.0214511,21.566972,22.029606,0.1345556,0.84350794,29.990724,25.297414,0.23937906,1.0586026,42.312608,44.792237,0.35427062,0.94191518,48.195963,45.396509,0.45443968,0.90372422,49.297011,44.550903,0.58749986,0.91733673,54.792203,50.262901
0b_baseline_last,file,19,baseline,7995,137.Cliff_Swallow/Cliff_Swallow_0044_133927.jpg,137,136,137.Cliff_Swallow,136,135,rotation,rotation,0,"{""angle"":-3.634044}",0.9173094,3.6720724,2.754763,0.39959273,0.025423722,0.16101082,0.11578763,0.23858191,-0.090363903,-0.32894581,0.7161153,1.9384388,104.45174,202.47331,False,0.92992651,False,True,False,0.7161153,1.9384388,104.45174,202.47331,0.71098495,1.9522004,102.20094,199.51671,0.87065778,1.5985059,21.566972,34.474932,0.55396376,1.4218337,29.990724,42.641821,0.71647695,2.1730407,42.312608,91.947018,0.70569428,2.0831829,48.195963,100.401,0.71294414,1.9573041,49.297011,96.489244,0.76028735,1.838153,54.792203,100.71645
0b_baseline_last,file,19,baseline,7995,137.Cliff_Swallow/Cliff_Swallow_0044_133927.jpg,137,136,137.Cliff_Swallow,136,135,random_resized_crop,random_resized_crop,0,"{""area_fraction"":0.709159,""aspect"":0.963938,""fallback"":false,""height"":0.857724,""left"":0.126856,""top"":0.050425,""width"":0.826792}",0.9173094,1.7234383,0.80612886,0.39959273,0.17845152,0.16101082,0.10397523,0.23858191,0.074476294,-0.16410562,0.653384,1.5503016,104.45174,161.93171,False,0.92882419,True,True,True,0.653384,1.5503016,104.45174,161.93171,0.64463311,1.5615803,102.20094,159.59497,0.90824599,1.2709378,21.566972,27.41028,0.3460474,1.2538419,29.990724,37.603627,0.57460015,1.6409438,42.312608,69.43261,0.63982449,1.6799165,48.195963,80.965194,0.66283213,1.6177649,49.297011,79.750972,0.76527176,1.4509138,54.792203,79.498766
0b_baseline_last,file,19,baseline,7995,137.Cliff_Swallow/Cliff_Swallow_0044_133927.jpg,137,136,137.Cliff_Swallow,136,135,gaussian_blur,gaussian_blur,0,"{""sigma"":1.840743}",0.9173094,1.9886198,1.0713104,0.39959273,0.13688421,0.16101082,0.045501735,0.23858191,0.091382477,-0.14719943,0.48603559,1.3588755,104.45174,141.93691,False,0.82719177,False,True,False,0.48603559,1.3588755,104.45174,141.93691,0.47602691,1.3698369,102.20094,139.99862,0.78299587,1.0839157,21.566972,23.37678,0.30821536,1.268793,29.990724,38.05202,0.46976105,1.4712219,42.312608,62.251234,0.48897387,1.3899569,48.195963,66.99031,0.48113866,1.419544,49.297011,69.979279,0.51755006,1.2764637,54.792203,69.940259
0b_baseline_last,file,19,baseline,7995,137.Cliff_Swallow/Cliff_Swallow_0044_133927.jpg,137,136,137.Cliff_Swallow,136,135,random_erasing,random_erasing,0,"{""area_fraction"":0.133331,""erased"":true,""height"":0.262684,""left"":0.120867,""top"":0.510679,""width"":0.507571}",0.9173094,0.74281567,-0.17449373,0.39959273,0.47577241,0.16101082,0.067478508,0.23858191,0.4082939,0.16971199,0.82213507,0.8769777,104.45174,91.601847,False,0.94928247,True,True,True,0.82213507,0.8769777,104.45174,91.601847,0.81825078,0.88233562,102.20094,90.175529,0.93629457,0.74660175,21.566972,16.101939,0.9034855,0.80468143,29.990724,24.132979,0.82234955,0.89884224,42.312608,38.032359,0.78137757,0.87748329,48.195963,42.291152,0.80304812,0.91119075,49.297011,44.91898,0.83513111,0.8746117,54.792203,47.921902
0b_baseline_last,file,19,baseline,7867,135.Bank_Swallow/Bank_Swallow_0015_129853.jpg,135,134,135.Bank_Swallow,102,101,identity,identity,0,{},0.13563448,0.13563448,0,0.87316173,0.87316173,0.059250154,0.059250154,0.81391158,0.81391158,0,1,1,22.399934,22.399934,False,1,True,True,True,1,1,22.399934,22.399934,1,1,21.921283,21.921283,1,1,4.6059125,4.6059125,1,1,5.6115551,5.6115551,1,1,10.383422,10.383422,1,1,11.124135,11.124135,1,1,10.754169,10.754169,1,1,10.091536,10.091536
0b_baseline_last,file,19,baseline,7867,135.Bank_Swallow/Bank_Swallow_0015_129853.jpg,135,134,135.Bank_Swallow,102,101,horizontal_flip,horizontal_flip,0,"{""flipped"":true}",0.13563448,0.068631396,-0.067003086,0.87316173,0.93367076,0.059250154,0.017005427,0.81391158,0.91666533,0.10275375,0.6883184,0.50079429,22.399934,11.217759,False,0.97379309,True,True,True,0.6883184,0.50079429,22.399934,11.217759,0.67626873,0.49938831,21.921283,10.947232,0.94599061,0.53164685,4.6059125,2.4487189,0.68775734,0.53641135,5.6115551,3.0101019,0.64160042,0.50036759,10.383422,5.1955279,0.64722512,0.46125147,11.124135,5.1310235,0.65441109,0.50006431,10.754169,5.3777761,0.76551268,0.52938076,10.091536,5.3422649
0b_baseline_last,file,19,baseline,7867,135.Bank_Swallow/Bank_Swallow_0015_129853.jpg,135,134,135.Bank_Swallow,102,101,color_jitter,color_jitter,0,"{""brightness"":0.736237,""contrast"":1.082094,""hue"":0.082696,""saturation"":0.955616}",0.13563448,0.62283397,0.48719949,0.87316173,0.53642207,0.059250154,0.076195046,0.81391158,0.46022703,-0.35368455,0.68944094,3.351043,22.399934,75.063143,False,0.92922956,True,True,True,0.68944094,3.351043,22.399934,75.063143,0.68147222,3.3560274,21.921283,73.568425,0.87707431,3.2360824,4.6059125,14.905112,0.70567248,4.3612672,5.6115551,24.473492,0.62793032,3.201657,10.383422,33.244156,0.62464337,3.1316756,11.124135,34.837181,0.71798716,3.3960842,10.754169,36.522064,0.75996571,3.3759979,10.091536,34.069004
0b_baseline_last,file,19,baseline,7867,135.Bank_Swallow/Bank_Swallow_0015_129853.jpg,135,134,135.Bank_Swallow,102,101,rotation,rotation,0,"{""angle"":-10.973012}",0.13563448,0.0055772411,-0.13005724,0.87316173,0.99443829,0.059250154,0.0014474905,0.81391158,0.9929908,0.17907922,0.79141725,0.047648393,22.399934,1.0673209,False,0.96296096,True,True,True,0.79141725,0.047648393,22.399934,1.0673209,0.78506762,0.04759929,21.921283,1.0434375,0.93207459,0.048747423,4.6059125,0.22452636,0.82962682,0.053544297,5.6115551,0.30046678,0.80960544,0.045710552,10.383422,0.47463196,0.78873034,0.047232264,11.124135,0.52541807,0.76087387,0.048065912,10.754169,0.51690895,0.77054516,0.04751783,10.091536,0.47952789
0b_baseline_last,file,19,baseline,7867,135.Bank_Swallow/Bank_Swallow_0015_129853.jpg,135,134,135.Bank_Swallow,102,101,random_resized_crop,random_resized_crop,0,"{""area_fraction"":0.639915,""aspect"":1.275674,""fallback"":false,""height"":0.708258,""left"":0.023753,""top"":0.156135,""width"":0.903506}",0.13563448,0.040582173,-0.095052309,0.87316173,0.96023023,0.059250154,0.02016535,0.81391158,0.94006488,0.1261533,0.75269328,0.42503346,22.399934,9.5207216,False,0.94919181,True,True,True,0.75269328,0.42503346,22.399934,9.5207216,0.74684199,0.42837921,21.921283,9.3906218,0.93863263,0.34055231,4.6059125,1.5685542,0.71863348,0.55261431,5.6115551,3.1010257,0.73992694,0.48451814,10.383422,5.0309564,0.77189864,0.41142464,11.124135,4.5767431,0.75882146,0.40901329,10.754169,4.3985981,0.75382276,0.3567711,10.091536,3.6003684
0b_baseline_last,file,19,baseline,7867,135.Bank_Swallow/Bank_Swallow_0015_129853.jpg,135,134,135.Bank_Swallow,102,101,gaussian_blur,gaussian_blur,0,"{""sigma"":1.02816}",0.13563448,0.20077397,0.065139487,0.87316173,0.81809735,0.059250154,0.14557342,0.81391158,0.67252393,-0.14138765,0.7338589,1.8245476,22.399934,40.869747,False,0.94916511,True,True,True,0.7338589,1.8245476,22.399934,40.869747,0.72632247,1.8290866,21.921283,40.095924,0.91692478,1.7185236,4.6059125,7.9153694,0.71785259,1.8881375,5.6115551,10.595388,0.66628984,1.8510667,10.383422,19.220407,0.73508758,1.9764742,11.124135,21.986566,0.75297788,1.7491773,10.754169,18.810949,0.76182384,1.6838104,10.091536,16.992233
0b_baseline_last,file,19,baseline,7867,135.Bank_Swallow/Bank_Swallow_0015_129853.jpg,135,134,135.Bank_Swallow,102,101,random_erasing,random_erasing,0,"{""area_fraction"":0.143796,""erased"":true,""height"":0.275193,""left"":0.447431,""top"":0.01032,""width"":0.522527}",0.13563448,0.27584809,0.14021361,0.87316173,0.75892818,0.059250154,0.025454381,0.81391158,0.7334738,-0.080437781,0.78184089,1.9858652,22.399934,44.483249,False,0.95935369,True,True,True,0.78184089,1.9858652,22.399934,44.483249,0.77766641,1.9957265,21.921283,43.748885,0.89646275,1.7476459,4.6059125,8.049504,0.80122453,2.317078,5.6115551,13.002411,0.77422414,2.0231989,10.383422,21.007728,0.77867276,1.9774025,11.124135,21.996892,0.77117452,1.9722114,10.754169,21.209495,0.7833189,1.9057603,10.091536,19.232049
0b_baseline_last,file,19,baseline,2741,048.European_Goldfinch/European_Goldfinch_0100_794685.jpg,48,47,048.European_Goldfinch,47,46,identity,identity,0,{},0.0001914318,0.0001914318,0,0.99980861,0.99980861,1.9661635e-05,1.9661635e-05,0.99978895,0.99978895,0,1,1,0.028917331,0.028917331,False,0.99999994,True,True,True,1,1,0.028917331,0.028917331,1,1,0.028252014,0.028252014,1,1,0.0061673138,0.0061673138,1,1,0.0068967547,0.0068967547,1,1,0.010610625,0.010610625,1,1,0.011762951,0.011762951,1,1,0.01398515,0.01398515,1,1,0.017437725,0.017437725
0b_baseline_last,file,19,baseline,2741,048.European_Goldfinch/European_Goldfinch_0100_794685.jpg,48,47,048.European_Goldfinch,47,46,horizontal_flip,horizontal_flip,0,"{""flipped"":true}",0.0001914318,0.0001830887,-8.3430932e-06,0.99980861,0.99981695,1.9661635e-05,1.5262603e-05,0.99978895,0.99980169,1.2743682e-05,0.63433543,0.84819551,0.028917331,0.02452755,False,0.98221171,True,True,True,0.63433543,0.84819551,0.028917331,0.02452755,0.61583706,0.84209713,0.028252014,0.02379094,0.97805137,0.9673412,0.0061673138,0.0059658968,0.60223421,0.72752764,0.0068967547,0.0050175796,0.48673877,0.75778464,0.010610625,0.0080405689,0.48705871,0.81351679,0.011762951,0.0095693584,0.52988637,0.78749109,0.01398515,0.011013181,0.76025384,0.9305751,0.017437725,0.016227113
0b_baseline_last,file,19,baseline,2741,048.European_Goldfinch/European_Goldfinch_0100_794685.jpg,48,47,048.European_Goldfinch,47,46,color_jitter,color_jitter,0,"{""brightness"":0.847625,""contrast"":1.030867,""hue"":0.082629,""saturation"":1.288417}",0.0001914318,0.037053995,0.036862563,0.99980861,0.96362412,1.9661635e-05,0.0046503455,0.99978895,0.95897377,-0.040815174,0.45280322,193.14507,0.028917331,5.5852399,False,0.89915675,True,True,True,0.45280322,193.14507,0.028917331,5.5852399,0.4356686,194.33438,0.028252014,5.4903376,0.87846269,166.23616,0.0061673138,1.0252306,0.45847887,133.08687,0.0068967547,0.91786752,0.3027127,234.49991,0.010610625,2.4881907,0.26586435,250.113,0.011762951,2.942067,0.44637805,191.35244,0.01398515,2.6760925,0.65355197,154.8686,0.017437725,2.7005561
0b_baseline_last,file,19,baseline,2741,048.European_Goldfinch/European_Goldfinch_0100_794685.jpg,48,47,048.European_Goldfinch,47,46,rotation,rotation,0,"{""angle"":-3.132641}",0.0001914318,0.00022468426,3.3252465e-05,0.99980861,0.99977535,1.9661635e-05,2.9882081e-05,0.99978895,0.99974547,-4.3479838e-05,0.8840933,1.1279587,0.028917331,0.032617556,False,0.99362159,True,True,True,0.8840933,1.1279587,0.028917331,0.032617556,0.87876091,1.1258525,0.028252014,0.031807602,0.99231179,1.1712834,0.0061673138,0.0072236721,0.907755,1.1323022,0.0068967547,0.0078092106,0.8337624,1.1120211,0.010610625,0.011799239,0.82448323,1.0722589,0.011762951,0.012612929,0.85961654,1.1061499,0.01398515,0.015469672,0.92573293,1.165598,0.017437725,0.020325378
0b_baseline_last,file,19,baseline,2741,048.European_Goldfinch/European_Goldfinch_0100_794685.jpg,48,47,048.European_Goldfinch,47,46,random_resized_crop,random_resized_crop,0,"{""area_fraction"":0.551037,""aspect"":0.954111,""fallback"":false,""height"":0.759961,""left"":0.181181,""top"":0.065355,""width"":0.725087}",0.0001914318,0.0007121411,0.00052070931,0.99980861,0.99928814,1.9661635e-05,5.2356128e-05,0.99978895,0.99923579,-0.00055316225,0.67571479,4.4624474,0.028917331,0.12904207,False,0.9613688,True,True,True,0.67571479,4.4624474,0.028917331,0.12904207,0.66489932,4.4906129,0.028252014,0.12686886,0.95065677,3.8238373,0.0061673138,0.023582805,0.5752254,4.2419593,0.0068967547,0.029255753,0.66461405,5.1340568,0.010610625,0.054475553,0.63778371,5.2693561,0.011762951,0.061983179,0.6222851,4.5261264,0.01398515,0.063298554,0.74763215,3.8141532,0.017437725,0.066510155
0b_baseline_last,file,19,baseline,2741,048.European_Goldfinch/European_Goldfinch_0100_794685.jpg,48,47,048.European_Goldfinch,47,46,gaussian_blur,gaussian_blur,0,"{""sigma"":1.567244}",0.0001914318,0.0015974392,0.0014060074,0.99980861,0.99840385,1.9661635e-05,0.00043147025,0.99978895,0.99797238,-0.0018165709,0.35738431,11.257488,0.028917331,0.3255365,False,0.9275161,True,True,True,0.35738431,11.257488,0.028917331,0.3255365,0.33595817,11.321626,0.028252014,0.31985875,0.87951344,9.815337,0.0061673138,0.060534264,-0.36849393,9.9475465,0.0068967547,0.068605788,0.042861897,13.732425,0.010610625,0.14570961,0.29236319,14.996576,0.011762951,0.17640399,0.41921996,11.406482,0.01398515,0.15952136,0.65283471,8.0706797,0.017437725,0.14073429
0b_baseline_last,file,19,baseline,2741,048.European_Goldfinch/European_Goldfinch_0100_794685.jpg,48,47,048.European_Goldfinch,47,46,random_erasing,random_erasing,0,"{""area_fraction"":0.165469,""erased"":true,""height"":0.355377,""left"":0.032937,""top"":0.090149,""width"":0.465615}",0.0001914318,0.00030095817,0.00010952637,0.99980861,0.99969912,1.9661635e-05,6.5566179e-05,0.99978895,0.99963355,-0.00015539828,0.80325169,1.5256282,0.028917331,0.044117096,False,0.98093086,True,True,True,0.80325169,1.5256282,0.028917331,0.044117096,0.7946116,1.5188682,0.028252014,0.042911084,0.97209574,1.661153,0.0061673138,0.010244852,0.84434691,1.4445689,0.0068967547,0.0099628375,0.6993809,1.3771982,0.010610625,0.014612934,0.73982896,1.6237972,0.011762951,0.019100648,0.76908029,1.5158023,0.01398515,0.021198722,0.86391598,1.5327244,0.017437725,0.026727226
0b_baseline_last,file,19,baseline,213,004.Groove_billed_Ani/Groove_Billed_Ani_0047_1706.jpg,4,3,004.Groove_billed_Ani,11,10,identity,identity,0,{},1.1914208,1.1914208,0,0.30378935,0.30378935,0.065317318,0.065317318,0.23847203,0.23847203,0,1,1,125.28026,125.28026,False,0.99999994,True,True,True,1,1,125.28026,125.28026,1,1,123.82714,123.82714,1,1,19.025838,19.025838,1,1,33.354487,33.354487,1,1,56.038871,56.038871,1,1,71.230366,71.230366,1,1,57.025807,57.025807,1,1,52.484063,52.484063
0b_baseline_last,file,19,baseline,213,004.Groove_billed_Ani/Groove_Billed_Ani_0047_1706.jpg,4,3,004.Groove_billed_Ani,11,10,horizontal_flip,horizontal_flip,0,"{""flipped"":true}",1.1914208,1.6341575,0.44273674,0.30378935,0.19511668,0.065317318,0.07879217,0.23847203,0.11632451,-0.12214752,0.7723754,1.0914231,125.28026,136.73377,False,0.978526,True,True,True,0.7723754,1.0914231,125.28026,136.73377,0.76734477,1.0895566,123.82714,134.91668,0.97300835,1.1677495,19.025838,22.217412,0.80804602,0.9522597,33.354487,31.762134,0.74894979,1.0583223,56.038871,59.307187,0.80891399,1.1265282,71.230366,80.243017,0.71431031,1.0835839,57.025807,61.792245,0.76044641,1.114113,52.484063,58.473177
0b_baseline_last,file,19,baseline,213,004.Groove_billed_Ani/Groove_Billed_Ani_0047_1706.jpg,4,3,004.Groove_billed_Ani,11,10,color_jitter,color_jitter,0,"{""brightness"":0.853999,""contrast"":1.374562,""hue"":0.013893,""saturation"":0.895687}",1.1914208,2.1443062,0.95288539,0.30378935,0.11714929,0.065317318,0.22491284,0.23847203,-0.10776354,-0.34623557,0.7764048,1.2731574,125.28026,159.5015,False,0.96386176,False,True,False,0.7764048,1.2731574,125.28026,159.5015,0.77240238,1.2728921,123.82714,157.61859,0.94446107,1.2843465,19.025838,24.435769,0.61048329,1.0754935,33.354487,35.872533,0.69221792,1.1357727,56.038871,63.647422,0.81736691,1.193967,71.230366,85.046709,0.79009336,1.4392688,57.025807,82.075463,0.82618664,1.4177145,52.484063,74.407417
0b_baseline_last,file,19,baseline,213,004.Groove_billed_Ani/Groove_Billed_Ani_0047_1706.jpg,4,3,004.Groove_billed_Ani,11,10,rotation,rotation,0,"{""angle"":-13.35757}",1.1914208,0.11321245,-1.0782083,0.30378935,0.89296091,0.065317318,0.004640203,0.23847203,0.8883207,0.64984867,0.79471058,0.17722568,125.28026,22.202879,False,0.96124792,True,True,True,0.79471058,0.17722568,125.28026,22.202879,0.79110348,0.1772385,123.82714,21.946937,0.94798851,0.1766816,19.025838,3.3615156,0.81726328,0.21173683,33.354487,7.0623733,0.77816145,0.17707578,56.038871,9.9231266,0.82261697,0.1782857,71.230366,12.699356,0.74783667,0.16800189,57.025807,9.5804433,0.79113691,0.17069974,52.484063,8.9590161
0b_baseline_last,file,19,baseline,213,004.Groove_billed_Ani/Groove_Billed_Ani_0047_1706.jpg,4,3,004.Groove_billed_Ani,11,10,random_resized_crop,random_resized_crop,0,"{""area_fraction"":0.543035,""aspect"":1.072906,""fallback"":false,""height"":0.711432,""left"":0.149857,""top"":0.168549,""width"":0.763299}",1.1914208,0.62158537,-0.56983542,0.30378935,0.53709227,0.065317318,0.0081277248,0.23847203,0.52896454,0.29049251,0.63970099,0.6491093,125.28026,81.320583,False,0.91604197,True,True,True,0.63970099,0.6491093,125.28026,81.320583,0.63264462,0.64595089,123.82714,79.986254,0.89986826,0.77110601,19.025838,14.670938,0.38717881,0.58811934,33.354487,19.616419,0.55174828,0.68677711,56.038871,38.486214,0.72683819,0.62042654,71.230366,44.19321,0.62220858,0.63309837,57.025807,36.102945,0.66888371,0.68043481,52.484063,35.711983
0b_baseline_last,file,19,baseline,213,004.Groove_billed_Ani/Groove_Billed_Ani_0047_1706.jpg,4,3,004.Groove_billed_Ani,11,10,gaussian_blur,gaussian_blur,0,"{""sigma"":1.586503}",1.1914208,1.9230006,0.73157978,0.30378935,0.14616771,0.065317318,0.00066922233,0.23847203,0.14549849,-0.092973541,0.3112717,1.2042318,125.28026,150.86648,False,0.82099009,False,True,False,0.3112717,1.2042318,125.28026,150.86648,0.30016213,1.2008486,123.82714,148.69766,0.73489916,1.3397169,19.025838,25.489238,0.023134448,1.3311465,33.354487,44.39971,0.10047592,1.2487483,56.038871,69.978447,0.32715369,1.0883921,71.230366,77.526571,0.39003811,1.1951876,57.025807,68.156535,0.49962548,1.2904364,52.484063,67.727347
0b_baseline_last,file,19,baseline,213,004.Groove_billed_Ani/Groove_Billed_Ani_0047_1706.jpg,4,3,004.Groove_billed_Ani,11,10,random_erasing,random_erasing,0,"{""area_fraction"":0.083077,""erased"":true,""height"":0.288923,""left"":0.152028,""top"":0.666432,""width"":0.287541}",1.1914208,2.1967044,1.0052836,0.30378935,0.11116892,0.065317318,0.10949448,0.23847203,0.001674436,-0.23679759,0.86986713,1.4382813,125.28026,180.18825,False,0.96472442,False,True,False,0.86986713,1.4382813,125.28026,180.18825,0.86801762,1.4408487,123.82714,178.41618,0.95805648,1.3249654,19.025838,25.208578,0.84247619,1.7655429,33.354487,58.888778,0.88926636,1.5065941,56.038871,84.42783,0.89683871,1.4032502,71.230366,99.954024,0.84558428,1.4196664,57.025807,80.957622,0.8416811,1.305046,52.484063,68.494116
0b_baseline_last,file,19,baseline,5874,101.White_Pelican/White_Pelican_0035_96312.jpg,101,100,101.White_Pelican,100,99,identity,identity,0,{},0.012034194,0.012034194,0,0.98803794,0.98803794,0.0042852359,0.0042852359,0.98375271,0.98375271,0,1,1,2.3119798,2.3119798,False,1,True,True,True,1,1,2.3119798,2.3119798,1,1,2.2789763,2.2789763,1,1,0.38925258,0.38925258,1,1,0.66067502,0.66067502,1,1,0.92438007,0.92438007,1,1,1.1713109,1.1713109,1,1,1.0723208,1.0723208,1,1,1.1751264,1.1751264
0b_baseline_last,file,19,baseline,5874,101.White_Pelican/White_Pelican_0035_96312.jpg,101,100,101.White_Pelican,100,99,horizontal_flip,horizontal_flip,0,"{""flipped"":true}",0.012034194,0.0027164246,-0.009317769,0.98803794,0.99728727,0.0042852359,0.001277963,0.98375271,0.99600931,0.012256602,0.69529408,0.20990576,2.3119798,0.48529788,False,0.9726584,True,True,True,0.69529408,0.20990576,2.3119798,0.48529788,0.68626751,0.2086243,2.2789763,0.47544985,0.96458181,0.24988934,0.38925258,0.097270069,0.65734728,0.22130228,0.66067502,0.14620889,0.64230891,0.2074253,0.92438007,0.19173981,0.67188089,0.19576882,1.1713109,0.22930615,0.63033394,0.19989725,1.0723208,0.21435398,0.77830086,0.22415073,1.1751264,0.26340545
0b_baseline_last,file,19,baseline,5874,101.White_Pelican/White_Pelican_0035_96312.jpg,101,100,101.White_Pelican,100,99,color_jitter,color_jitter,0,"{""brightness"":1.385088,""contrast"":1.226015,""hue"":-0.031861,""saturation"":0.632963}",0.012034194,1.4219927,1.4099585,0.98803794,0.24123286,0.0042852359,0.11728485,0.98375271,0.12394801,-0.8598047,0.72215348,50.304364,2.3119798,116.30267,False,0.898642,True,True,True,0.72215348,50.304364,2.3119798,116.30267,0.717669,50.296047,2.2789763,114.6235,0.87499566,50.588616,0.38925258,19.691749,0.73148502,46.92696,0.66067502,31.00347,0.72809749,48.691474,0.92438007,45.009428,0.74807938,53.205882,1.1713109,62.320629,0.69145951,51.028446,1.0723208,54.718863,0.69929935,48.687726,1.1751264,57.214234
0b_baseline_last,file,19,baseline,5874,101.White_Pelican/White_Pelican_0035_96312.jpg,101,100,101.White_Pelican,100,99,rotation,rotation,0,"{""angle"":-12.640239}",0.012034194,0.0070924181,-0.0049417755,0.98803794,0.99293268,0.0042852359,0.0019232656,0.98375271,0.99100941,0.0072567037,0.79460928,0.52900767,2.3119798,1.2230551,False,0.96975243,True,True,True,0.79460928,0.52900767,2.3119798,1.2230551,0.7894234,0.52763256,2.2789763,1.2024621,0.96071833,0.57415597,0.38925258,0.22349169,0.87944001,0.53096368,0.66067502,0.35079444,0.782938,0.48833082,0.92438007,0.45140327,0.79860771,0.52561921,1.1713109,0.6156635,0.72234564,0.52309463,1.0723208,0.56092525,0.81206779,0.55503673,1.1751264,0.65223833
0b_baseline_last,file,19,baseline,5874,101.White_Pelican/White_Pelican_0035_96312.jpg,101,100,101.White_Pelican,100,99,random_resized_crop,random_resized_crop,0,"{""area_fraction"":0.834386,""aspect"":1.174046,""fallback"":false,""height"":0.843026,""left"":0.00729,""top"":0.131467,""width"":0.989751}",0.012034194,0.011913105,-0.0001210887,0.98803794,0.98815757,0.0042852359,0.0059828595,0.98375271,0.98217471,-0.0015779971,0.85261543,0.98975607,2.3119798,2.2882961,False,0.97776228,True,True,True,0.85261543,0.98975607,2.3119798,2.2882961,0.84916262,0.98853043,2.2789763,2.2528375,0.9668365,1.0308879,0.38925258,0.40127578,0.8723657,1.1594379,0.66067502,0.76601166,0.86990681,1.0410358,0.92438007,0.96231273,0.86627761,0.94487728,1.1713109,1.106745,0.80352385,0.97293778,1.0723208,1.0433014,0.85467457,0.95107126,1.1751264,1.117629
0b_baseline_last,file,19,baseline,5874,101.White_Pelican/White_Pelican_0035_96312.jpg,101,100,101.White_Pelican,100,99,gaussian_blur,gaussian_blur,0,"{""sigma"":1.382175}",0.012034194,0.0090618767,-0.0029723169,0.98803794,0.99097908,0.0042852359,0.00035606293,0.98375271,0.99062301,0.0068703046,0.64797163,0.75138643,2.3119798,1.7371903,False,0.93415606,True,True,True,0.64797163,0.75138643,2.3119798,1.7371903,0.64212119,0.75210732,2.2789763,1.7140348,0.85604176,0.7262432,0.38925258,0.28269204,0.77049821,0.9132608,0.66067502,0.6033686,0.57369821,0.75470684,0.92438007,0.69763595,0.65003258,0.7748544,1.1713109,0.90759539,0.57253349,0.71077849,1.0723208,0.76218254,0.69240492,0.7030257,1.1751264,0.82614408
0b_baseline_last,file,19,baseline,5874,101.White_Pelican/White_Pelican_0035_96312.jpg,101,100,101.White_Pelican,100,99,random_erasing,random_erasing,0,"{""area_fraction"":0.125969,""erased"":true,""height"":0.376905,""left"":0.109027,""top"":0.411816,""width"":0.33422}",0.012034194,0.039037261,0.027003068,0.98803794,0.96171486,0.0042852359,0.0029045469,0.98375271,0.95881032,-0.024942391,0.83429291,3.0649456,2.3119798,7.0860924,False,0.96571195,True,True,True,0.83429291,3.0649456,2.3119798,7.0860924,0.83199202,3.0729777,2.2789763,7.0032434,0.92582688,2.7756041,0.38925258,1.080411,0.77662918,2.5412852,0.66067502,1.6789636,0.844487,3.246079,0.92438007,3.0006107,0.88442153,3.1003574,1.1713109,3.6314823,0.78415897,3.060139,1.0723208,3.2814506,0.83024468,3.0996018,1.1751264,3.6424239
0b_baseline_last,file,19,baseline,11493,196.House_Wren/House_Wren_0087_187946.jpg,196,195,196.House_Wren,199,198,identity,identity,0,{},0.045648281,0.045648281,0,0.95537794,0.95537794,0.029217603,0.029217603,0.92616033,0.92616033,0,1,1,7.6034162,7.6034162,False,1,True,True,True,1,1,7.6034162,7.6034162,1,1,7.4384264,7.4384264,1,1,1.5753576,1.5753576,1,1,1.2306288,1.2306288,1,1,3.4996069,3.4996069,1,1,4.1825249,4.1825249,1,1,3.6042654,3.6042654,1,1,3.3293014,3.3293014
0b_baseline_last,file,19,baseline,11493,196.House_Wren/House_Wren_0087_187946.jpg,196,195,196.House_Wren,199,198,horizontal_flip,horizontal_flip,0,"{""flipped"":true}",0.045648281,0.079440646,0.033792365,0.95537794,0.92363286,0.029217603,0.042963866,0.92616033,0.88066899,-0.04549134,0.72100386,1.6470444,7.6034162,12.523164,False,0.95742887,True,True,True,0.72100386,1.6470444,7.6034162,12.523164,0.7101203,1.6418734,7.4384264,12.212954,0.94918976,1.7583872,1.5753576,2.7700886,0.63476023,1.3616145,1.2306288,1.675642,0.65343823,1.5421126,3.4996069,5.3967878,0.76294813,1.5901082,4.1825249,6.6506673,0.6775855,1.7298683,3.6042654,6.2349045,0.74107256,1.7544341,3.3293014,5.8410397
0b_baseline_last,file,19,baseline,11493,196.House_Wren/House_Wren_0087_187946.jpg,196,195,196.House_Wren,199,198,color_jitter,color_jitter,0,"{""brightness"":0.899835,""contrast"":1.301611,""hue"":0.05887,""saturation"":0.632078}",0.045648281,0.077746116,0.032097835,0.95537794,0.92519927,0.029217603,0.0082874354,0.92616033,0.91691183,-0.0092484988,0.43188285,1.8356418,7.6034162,13.957149,False,0.93208742,True,True,True,0.43188285,1.8356418,7.6034162,13.957149,0.41842937,1.8468686,7.4384264,13.737796,0.79168371,1.5645604,1.5753576,2.4647421,0.13635604,1.7861381,1.2306288,2.1980729,0.26440856,2.1061121,3.4996069,7.3705644,0.40318881,1.8082856,4.1825249,7.5631998,0.50321731,1.7371002,3.6042654,6.2609701,0.59764717,1.7298572,3.3293014,5.7592159
0b_baseline_last,file,19,baseline,11493,196.House_Wren/House_Wren_0087_187946.jpg,196,195,196.House_Wren,199,198,rotation,rotation,0,"{""angle"":4.974361}",0.045648281,0.0075532324,-0.038095048,0.95537794,0.99247521,0.029217603,0.0030895628,0.92616033,0.98938565,0.063225315,0.73933745,0.15753459,7.6034162,1.1978011,False,0.96440256,True,True,True,0.73933745,0.15753459,7.6034162,1.1978011,0.72956362,0.15668563,7.4384264,1.1654946,0.93847999,0.17539819,1.5753576,0.27631488,0.65689202,0.174513,1.2306288,0.21476071,0.60073708,0.13840826,3.4996069,0.48437451,0.73809617,0.15419792,4.1825249,0.64493666,0.77416214,0.1601652,3.6042654,0.57727788,0.80251763,0.17213823,3.3293014,0.57310005
0b_baseline_last,file,19,baseline,11493,196.House_Wren/House_Wren_0087_187946.jpg,196,195,196.House_Wren,199,198,random_resized_crop,random_resized_crop,0,"{""area_fraction"":0.875265,""aspect"":0.883861,""fallback"":false,""height"":0.995125,""left"":0.028629,""top"":0.002037,""width"":0.879552}",0.045648281,0.025290433,-0.020357847,0.95537794,0.97502667,0.029217603,0.0058405157,0.92616033,0.96918615,0.043025818,0.61936218,0.4926744,7.6034162,3.7460085,False,0.9686408,True,True,True,0.61936218,0.4926744,7.6034162,3.7460085,0.60607303,0.49161938,7.4384264,3.6568745,0.90251474,0.5156357,1.5753576,0.81231063,0.60928959,0.46045067,1.2306288,0.56664384,0.41801255,0.44615175,3.4996069,1.5613557,0.57587955,0.4956664,4.1825249,2.0731371,0.67547993,0.49639463,3.6042654,1.789138,0.75355224,0.53011381,3.3293014,1.7649086
0b_baseline_last,file,19,baseline,11493,196.House_Wren/House_Wren_0087_187946.jpg,196,195,196.House_Wren,199,198,gaussian_blur,gaussian_blur,0,"{""sigma"":1.535268}",0.045648281,0.52144039,0.47579211,0.95537794,0.59366482,0.029217603,0.0021974167,0.92616033,0.59146741,-0.33469293,0.2273431,8.5543561,7.6034162,65.042331,False,0.81934106,True,True,True,0.2273431,8.5543561,7.6034162,65.042331,0.20869052,8.559644,7.4384264,63.670282,0.64933699,8.4356034,1.5753576,13.289092,-0.020107478,10.818152,1.2306288,13.313129,-0.023449353,9.3042323,3.4996069,32.561156,0.20037376,8.2258962,4.1825249,34.405016,0.31344378,8.1351111,3.6042654,29.321099,0.43083434,8.3509891,3.3293014,27.802959
0b_baseline_last,file,19,baseline,11493,196.House_Wren/House_Wren_0087_187946.jpg,196,195,196.House_Wren,199,198,random_erasing,random_erasing,0,"{""area_fraction"":0.140668,""erased"":true,""height"":0.621176,""left"":0.477641,""top"":0.207877,""width"":0.226454}",0.045648281,0.30443594,0.25878766,0.95537794,0.73753929,0.029217603,0.028529353,0.92616033,0.70900994,-0.2171504,0.52188874,4.9409591,7.6034162,37.568169,False,0.91417134,True,True,True,0.52188874,4.9409591,7.6034162,37.568169,0.5093802,4.9316053,7.4384264,36.683383,0.78964076,5.1450855,1.5753576,8.1053496,0.36068961,3.6638,1.2306288,4.5087777,0.33928977,4.4597017,3.4996069,15.607203,0.55510005,4.8214523,4.1825249,20.165844,0.53646093,5.0796063,3.6042654,18.308249,0.59042348,5.5376397,3.3293014,18.436472
0b_baseline_last,file,19,baseline,2334,041.Scissor_tailed_Flycatcher/Scissor_Tailed_Flycatcher_0008_41670.jpg,41,40,041.Scissor_tailed_Flycatcher,135,134,identity,identity,0,{},0.017254597,0.017254597,0,0.98289341,0.98289341,0.0094351014,0.0094351014,0.97345831,0.97345831,0,1,1,2.9481013,2.9481013,False,0.99999994,True,True,True,1,1,2.9481013,2.9481013,1,1,2.8858948,2.8858948,1,1,0.60242244,0.60242244,1,1,0.73349363,0.73349363,1,1,1.3374564,1.3374564,1,1,1.4783366,1.4783366,1,1,1.3528271,1.3528271,1,1,1.4092429,1.4092429
0b_baseline_last,file,19,baseline,2334,041.Scissor_tailed_Flycatcher/Scissor_Tailed_Flycatcher_0008_41670.jpg,41,40,041.Scissor_tailed_Flycatcher,135,134,horizontal_flip,horizontal_flip,0,"{""flipped"":true}",0.017254597,0.056049101,0.038794504,0.98289341,0.94549268,0.0094351014,0.034225255,0.97345831,0.91126743,-0.062190876,0.6166938,2.9123333,2.9481013,8.5858537,False,0.95607722,True,True,True,0.6166938,2.9123333,2.9481013,8.5858537,0.60084951,2.8993394,2.8858948,8.3671884,0.94933968,3.1960437,0.60242244,1.9253684,0.69708887,2.9979472,0.73349363,2.1989752,0.67965206,2.7601319,1.3374564,3.6915561,0.56684983,2.8317575,1.4783366,4.1862907,0.4874916,3.0357059,1.3528271,4.1067853,0.65308941,2.9391568,1.4092429,4.1419859
0b_baseline_last,file,19,baseline,2334,041.Scissor_tailed_Flycatcher/Scissor_Tailed_Flycatcher_0008_41670.jpg,41,40,041.Scissor_tailed_Flycatcher,135,134,color_jitter,color_jitter,0,"{""brightness"":1.281673,""contrast"":0.611256,""hue"":-0.050239,""saturation"":0.747027}",0.017254597,0.03041683,0.013162233,0.98289341,0.9700411,0.0094351014,0.01909532,0.97345831,0.95094578,-0.02251253,0.76549774,2.0186452,2.9481013,5.9511707,False,0.95592892,True,True,True,0.76549774,2.0186452,2.9481013,5.9511707,0.7585526,2.0281379,2.8858948,5.8529925,0.95230015,1.7869978,0.60242244,1.0765276,0.68643606,1.783911,0.73349363,1.3084874,0.74017333,2.2921271,1.3374564,3.0656201,0.78439133,2.1651911,1.4783366,3.2008813,0.74177067,1.999744,1.3528271,2.7053079,0.80866519,1.6766749,1.4092429,2.3628422
0b_baseline_last,file,19,baseline,2334,041.Scissor_tailed_Flycatcher/Scissor_Tailed_Flycatcher_0008_41670.jpg,41,40,041.Scissor_tailed_Flycatcher,135,134,rotation,rotation,0,"{""angle"":-13.418278}",0.017254597,0.024913771,0.0076591745,0.98289341,0.97539401,0.0094351014,0.014006153,0.97345831,0.96138786,-0.012070448,0.64317302,1.6742462,2.9481013,4.9358474,False,0.95253527,True,True,True,0.64317302,1.6742462,2.9481013,4.9358474,0.62973105,1.6696363,2.8858948,4.8183948,0.9342405,1.7767522,0.60242244,1.0703554,0.61474014,1.4484813,0.73349363,1.0624518,0.65728714,1.5403645,1.3374564,2.0601704,0.63054687,1.7814121,1.4783366,2.6335268,0.55549733,1.7597963,1.3528271,2.3807001,0.68892969,1.6244476,1.4092429,2.2892413
0b_baseline_last,file,19,baseline,2334,041.Scissor_tailed_Flycatcher/Scissor_Tailed_Flycatcher_0008_41670.jpg,41,40,041.Scissor_tailed_Flycatcher,135,134,random_resized_crop,random_resized_crop,0,"{""area_fraction"":0.507582,""aspect"":0.838102,""fallback"":false,""height"":0.778224,""left"":0.276489,""top"":0.030372,""width"":0.652231}",0.017254597,1.7609415,1.7436869,0.98289341,0.17188294,0.0094351014,0.25730076,0.97345831,-0.085417822,-1.0588761,0.49543541,34.932556,2.9481013,102.98471,False,0.8521688,False,True,False,0.49543541,34.932556,2.9481013,102.98471,0.48023244,34.689437,2.8858948,100.11006,0.80215995,40.108893,0.60242244,24.162497,0.52159541,37.154642,0.73349363,27.252693,0.5272146,32.486234,1.3374564,43.448923,0.48512401,30.886403,1.4783366,45.6605,0.3873035,34.045052,1.3528271,46.05707,0.51298017,40.049234,1.4092429,56.439099
0b_baseline_last,file,19,baseline,2334,041.Scissor_tailed_Flycatcher/Scissor_Tailed_Flycatcher_0008_41670.jpg,41,40,041.Scissor_tailed_Flycatcher,135,134,gaussian_blur,gaussian_blur,0,"{""sigma"":1.212829}",0.017254597,0.11856792,0.10131332,0.98289341,0.88819146,0.0094351014,0.048382118,0.97345831,0.83980934,-0.13364896,0.68952015,6.472522,2.9481013,19.081651,False,0.93056953,True,True,True,0.68952015,6.472522,2.9481013,19.081651,0.68170057,6.5115193,2.8858948,18.79156,0.91134313,5.5021466,0.60242244,3.3146166,0.82125478,9.5900282,0.73349363,7.0342246,0.71447084,6.4712971,1.3374564,8.6550779,0.66796834,6.340225,1.4783366,9.3729866,0.6130019,6.4250173,1.3528271,8.6919377,0.7021076,5.7354612,1.4092429,8.0826581
0b_baseline_last,file,19,baseline,2334,041.Scissor_tailed_Flycatcher/Scissor_Tailed_Flycatcher_0008_41670.jpg,41,40,041.Scissor_tailed_Flycatcher,135,134,random_erasing,random_erasing,0,"{""area_fraction"":0.086727,""erased"":true,""height"":0.219377,""left"":0.147108,""top"":0.359827,""width"":0.395334}",0.017254597,0.71359003,0.69633543,0.98289341,0.48988235,0.0094351014,0.10147414,0.97345831,0.38840821,-0.58505009,0.6219241,29.198144,2.9481013,86.079086,False,0.8896324,True,True,True,0.6219241,29.198144,2.9481013,86.079086,0.61535897,29.384052,2.8858948,84.799282,0.81199327,24.547886,0.60242244,14.788197,0.73317486,27.391547,0.73349363,20.091525,0.65028457,29.870433,1.3374564,39.950403,0.5956288,29.47744,1.4783366,43.577578,0.54593329,30.645208,1.3528271,41.457669,0.64490564,28.147734,1.4092429,39.666994
0b_baseline_last,file,19,baseline,409,008.Rhinoceros_Auklet/Rhinoceros_Auklet_0013_797537.jpg,8,7,008.Rhinoceros_Auklet,5,4,identity,identity,0,{},1.3756807,1.3756807,0,0.25266755,0.25266755,0.24644481,0.24644481,0.0062227398,0.0062227398,0,1,1,140.58391,140.58391,False,0.99999994,True,True,True,1,1,140.58391,140.58391,1,1,138.7669,138.7669,1,1,22.529569,22.529569,1,1,32.782113,32.782113,1,1,62.897732,62.897732,1,1,73.721472,73.721472,1,1,68.140034,68.140034,1,1,64.40141,64.40141
0b_baseline_last,file,19,baseline,409,008.Rhinoceros_Auklet/Rhinoceros_Auklet_0013_797537.jpg,8,7,008.Rhinoceros_Auklet,5,4,horizontal_flip,horizontal_flip,0,"{""flipped"":true}",1.3756807,1.5824965,0.20681584,0.25266755,0.2054615,0.24644481,0.29778999,0.0062227398,-0.092328489,-0.098551229,0.70985372,0.95276611,140.58391,133.94358,False,0.94143397,False,True,False,0.70985372,0.95276611,140.58391,133.94358,0.70343384,0.95048927,138.7669,131.89645,0.93595247,1.035452,22.529569,23.328287,0.77426551,1.1002005,32.782113,36.066896,0.71187572,0.87533528,62.897732,55.056604,0.69508398,0.92990819,73.721472,68.5542,0.64447708,0.9559123,68.140034,65.135896,0.75477409,0.99694752,64.40141,64.204826
0b_baseline_last,file,19,baseline,409,008.Rhinoceros_Auklet/Rhinoceros_Auklet_0013_797537.jpg,8,7,008.Rhinoceros_Auklet,5,4,color_jitter,color_jitter,0,"{""brightness"":1.065965,""contrast"":1.113575,""hue"":0.077871,""saturation"":1.057693}",1.3756807,1.7696835,0.3940028,0.25266755,0.17038691,0.24644481,0.14616486,0.0062227398,0.024222046,0.017999306,0.83136398,1.0862679,140.58391,152.71179,False,0.94555056,False,True,False,0.83136398,1.0862679,140.58391,152.71179,0.82873654,1.0849891,138.7669,150.56058,0.92753841,1.1337174,22.529569,25.542165,0.79786025,1.0034714,32.782113,32.895911,0.82891462,1.0051547,62.897732,63.22195,0.83720309,1.1078415,73.721472,81.671705,0.81946021,1.1053825,68.140034,75.320801,0.8385747,1.1246366,64.40141,72.428182
0b_baseline_last,file,19,baseline,409,008.Rhinoceros_Auklet/Rhinoceros_Auklet_0013_797537.jpg,8,7,008.Rhinoceros_Auklet,5,4,rotation,rotation,0,"{""angle"":14.700169}",1.3756807,1.9012806,0.52559996,0.25266755,0.1493772,0.24644481,0.089755528,0.0062227398,0.059621669,0.05339893,0.70400965,0.99090863,140.58391,139.3058,False,0.93185699,True,True,True,0.70400965,0.99090863,140.58391,139.3058,0.6989488,0.99217963,138.7669,137.68169,0.90730306,0.94142364,22.529569,21.209869,0.86703969,1.2279625,32.782113,40.255206,0.73162562,1.0096052,62.897732,63.50188,0.69247499,0.94343678,73.721472,69.551549,0.63240632,0.94149039,68.140034,64.153187,0.69976123,1.0241432,64.40141,65.956264
0b_baseline_last,file,19,baseline,409,008.Rhinoceros_Auklet/Rhinoceros_Auklet_0013_797537.jpg,8,7,008.Rhinoceros_Auklet,5,4,random_resized_crop,random_resized_crop,0,"{""area_fraction"":0.605602,""aspect"":0.973765,""fallback"":false,""height"":0.788618,""left"":0.073897,""top"":0.03434,""width"":0.767928}",1.3756807,3.0749311,1.6992505,0.25266755,0.046192802,0.24644481,0.29517928,0.0062227398,-0.24898648,-0.25520921,0.69854513,1.1844028,140.58391,166.50797,False,0.92224985,False,True,False,0.69854513,1.1844028,140.58391,166.50797,0.69273889,1.1844279,138.7669,164.35938,0.9190002,1.1834511,22.529569,26.662642,0.75116964,1.7150464,32.782113,56.222844,0.67931099,1.2245438,62.897732,77.021026,0.67538946,1.0685474,73.721472,78.774884,0.67996774,1.137456,68.140034,77.506293,0.7421465,1.1731367,64.40141,75.551655
0b_baseline_last,file,19,baseline,409,008.Rhinoceros_Auklet/Rhinoceros_Auklet_0013_797537.jpg,8,7,008.Rhinoceros_Auklet,5,4,gaussian_blur,gaussian_blur,0,"{""sigma"":1.436906}",1.3756807,2.5724413,1.1967607,0.25266755,0.076348931,0.24644481,0.043573879,0.0062227398,0.032775052,0.026552312,0.45203656,1.2033333,140.58391,169.1693,False,0.87127662,False,True,False,0.45203656,1.2033333,140.58391,169.1693,0.44277246,1.2043123,138.7669,167.11869,0.81540331,1.165587,22.529569,26.260172,0.54492568,1.6356084,32.782113,53.6187,0.41903493,1.4198823,62.897732,89.307374,0.42513186,1.1211315,73.721472,82.651468,0.36531745,1.0655918,68.140034,72.609459,0.5632969,1.0951628,64.40141,70.530029
0b_baseline_last,file,19,baseline,409,008.Rhinoceros_Auklet/Rhinoceros_Auklet_0013_797537.jpg,8,7,008.Rhinoceros_Auklet,5,4,random_erasing,random_erasing,0,"{""area_fraction"":0.194398,""erased"":true,""height"":0.389746,""left"":0.167401,""top"":0.050466,""width"":0.498781}",1.3756807,2.061471,0.6857903,0.25266755,0.12726665,0.24644481,0.11857499,0.0062227398,0.0086916536,0.0024689138,0.69604823,1.0137114,140.58391,142.51151,False,0.86333776,True,True,True,0.69604823,1.0137114,140.58391,142.51151,0.69244168,1.0137263,138.7669,140.67166,0.83294903,1.0131471,22.529569,22.825768,0.74946838,0.94153503,32.782113,30.865507,0.72467377,1.0504675,62.897732,66.072025,0.71419484,1.040086,73.721472,76.676672,0.62376688,0.92035686,68.140034,62.713147,0.69260173,1.0597605,64.40141,68.250072
0b_baseline_last,file,19,baseline,10558,180.Wilson_Warbler/Wilson_Warbler_0010_175750.jpg,180,179,180.Wilson_Warbler,182,181,identity,identity,0,{},0.0042546946,0.0042546946,0,0.99575436,0.99575436,0.0027396774,0.0027396774,0.99301468,0.99301468,0,1,1,0.68861743,0.68861743,False,0.99999994,True,True,True,1,1,0.68861743,0.68861743,1,1,0.6740641,0.6740641,1,1,0.14082456,0.14082456,1,1,0.10780815,0.10780815,1,1,0.25844819,0.25844819,1,1,0.3435676,0.3435676,1,1,0.36218564,0.36218564,1,1,0.35598766,0.35598766
0b_baseline_last,file,19,baseline,10558,180.Wilson_Warbler/Wilson_Warbler_0010_175750.jpg,180,179,180.Wilson_Warbler,182,181,horizontal_flip,horizontal_flip,0,"{""flipped"":true}",0.0042546946,0.001883163,-0.0023715316,0.99575436,0.99811858,0.0027396774,0.0010450825,0.99301468,0.9970735,0.0040588132,0.6949411,0.43646147,0.68861743,0.30055498,False,0.98553073,True,True,True,0.6949411,0.43646147,0.68861743,0.30055498,0.68181032,0.43553517,0.6740641,0.29357863,0.98232578,0.45717006,0.14082456,0.064380774,0.74480709,0.41705446,0.10780815,0.04496187,0.4721398,0.43054187,0.25844819,0.11127277,0.62727767,0.43993102,0.3435676,0.15114604,0.71771223,0.43663528,0.36218564,0.15814303,0.79995604,0.43455453,0.35598766,0.15469605
0b_baseline_last,file,19,baseline,10558,180.Wilson_Warbler/Wilson_Warbler_0010_175750.jpg,180,179,180.Wilson_Warbler,182,181,color_jitter,color_jitter,0,"{""brightness"":1.257739,""contrast"":0.802853,""hue"":-0.049657,""saturation"":1.119274}",0.0042546946,0.047939625,0.04368493,0.99575436,0.95319134,0.0027396774,0.030820645,0.99301468,0.92237069,-0.070643989,0.80842534,11.552161,0.68861743,7.9550192,False,0.96268606,True,True,True,0.80842534,11.552161,0.68861743,7.9550192,0.80319908,11.620265,0.6740641,7.8328037,0.95997475,9.8638362,0.14082456,1.3890704,0.74757331,13.318122,0.10780815,1.4358021,0.70477315,11.021515,0.25844819,2.8484905,0.81900465,12.300843,0.3435676,4.226171,0.79144694,11.648296,0.36218564,4.2188456,0.86117546,11.065877,0.35598766,3.9393156
0b_baseline_last,file,19,baseline,10558,180.Wilson_Warbler/Wilson_Warbler_0010_175750.jpg,180,179,180.Wilson_Warbler,182,181,rotation,rotation,0,"{""angle"":13.404096}",0.0042546946,0.0032349895,-0.0010197051,0.99575436,0.99677026,0.0027396774,0.0012473954,0.99301468,0.99552287,0.0025081836,0.72304247,0.64493345,0.68861743,0.44411242,False,0.98034388,True,True,True,0.72304247,0.64493345,0.68861743,0.44411242,0.71212412,0.64157735,0.6740641,0.43246426,0.95103158,0.71753844,0.14082456,0.10104704,0.66762285,0.59169271,0.10780815,0.063789298,0.59079644,0.66354204,0.25844819,0.17149124,0.6705417,0.61121487,0.3435676,0.20999363,0.7280041,0.63432914,0.36218564,0.2297449,0.8007697,0.66869804,0.35598766,0.23804825
0b_baseline_last,file,19,baseline,10558,180.Wilson_Warbler/Wilson_Warbler_0010_175750.jpg,180,179,180.Wilson_Warbler,182,181,random_resized_crop,random_resized_crop,0,"{""area_fraction"":0.54371,""aspect"":1.000609,""fallback"":false,""height"":0.737142,""left"":0.108955,""top"":0.065981,""width"":0.737591}",0.0042546946,0.014823883,0.010569188,0.99575436,0.98528546,0.0027396774,0.0016677143,0.99301468,0.98361775,-0.0093969371,0.61697858,3.3939239,0.68861743,2.3371152,False,0.96139443,True,True,True,0.61697858,3.3939239,0.68861743,2.3371152,0.60912467,3.4103768,0.6740641,2.2988126,0.82714995,2.9922923,0.14082456,0.42138825,0.40579915,3.6179062,0.10780815,0.39003978,0.59559034,3.5752486,0.25844819,0.92401652,0.5834323,3.6009018,0.3435676,1.2371532,0.60915843,3.4215394,0.36218564,1.2392324,0.67142082,3.0930024,0.35598766,1.1010707
0b_baseline_last,file,19,baseline,10558,180.Wilson_Warbler/Wilson_Warbler_0010_175750.jpg,180,179,180.Wilson_Warbler,182,181,gaussian_blur,gaussian_blur,0,"{""sigma"":1.787654}",0.0042546946,0.25516361,0.25090892,0.99575436,0.77478969,0.0027396774,0.084073119,0.99301468,0.69071657,-0.30229811,0.46414777,73.706742,0.68861743,50.755747,False,0.87893862,True,True,True,0.46414777,73.706742,0.68861743,50.755747,0.45371511,74.487787,0.6740641,50.209543,0.82887676,52.733309,0.14082456,7.4261451,0.04268972,100.92158,0.10780815,10.880169,0.30660348,99.751352,0.25844819,25.780556,0.41650973,82.584619,0.3435676,28.373399,0.57186821,67.434269,0.36218564,24.423724,0.63464902,51.52319,0.35598766,18.34162
0b_baseline_last,file,19,baseline,10558,180.Wilson_Warbler/Wilson_Warbler_0010_175750.jpg,180,179,180.Wilson_Warbler,182,181,random_erasing,random_erasing,0,"{""area_fraction"":0.116935,""erased"":true,""height"":0.391052,""left"":0.476281,""top"":0.161436,""width"":0.299028}",0.0042546946,5.6399088,5.6356541,0.99575436,0.0035531933,0.0027396774,0.0024806908,0.99301468,0.0010725025,-0.99194218,0.061624325,209.31893,0.68861743,144.14067,False,0.56287348,False,True,False,0.061624325,209.31893,0.68861743,144.14067,0.045150536,208.61086,0.6740641,140.61709,0.41183715,224.93195,0.14082456,31.675944,0.15258272,209.76126,0.10780815,22.613974,-0.080508667,195.42854,0.25844819,50.508152,-0.11669543,198.47234,0.3435676,68.188666,0.14180309,199.65418,0.36218564,72.311876,0.13521192,232.18757,0.35598766,82.655911
0b_baseline_last,file,19,baseline,9888,168.Kentucky_Warbler/Kentucky_Warbler_0020_795903.jpg,168,167,168.Kentucky_Warbler,162,161,identity,identity,0,{},0.0072468752,0.0072468752,0,0.99277931,0.99277931,0.005899868,0.005899868,0.98687945,0.98687945,0,1,1,1.3825711,1.3825711,False,1,True,True,True,1,1,1.3825711,1.3825711,1,1,1.3504937,1.3504937,1,1,0.2960907,0.2960907,1,1,0.264546,0.264546,1,1,0.54249639,0.54249639,1,1,0.66385838,0.66385838,1,1,0.69795558,0.69795558,1,1,0.72917515,0.72917515
0b_baseline_last,file,19,baseline,9888,168.Kentucky_Warbler/Kentucky_Warbler_0020_795903.jpg,168,167,168.Kentucky_Warbler,162,161,horizontal_flip,horizontal_flip,0,"{""flipped"":true}",0.0072468752,0.035516158,0.028269283,0.99277931,0.96510714,0.005899868,0.030440208,0.98687945,0.93466694,-0.052212511,0.74306979,6.004126,1.3825711,8.3011313,False,0.97794926,True,True,True,0.74306979,6.004126,1.3825711,8.3011313,0.73340054,6.0353688,1.3504937,8.1507276,0.97739334,5.3126599,0.2960907,1.5730292,0.54053268,5.1023152,0.264546,1.3497971,0.70713038,6.6822634,0.54249639,3.6251038,0.70969381,6.3486565,0.66385838,4.2146088,0.72968793,6.1634046,0.69795558,4.3017827,0.81345533,5.3472378,0.72917515,3.8990729
0b_baseline_last,file,19,baseline,9888,168.Kentucky_Warbler/Kentucky_Warbler_0020_795903.jpg,168,167,168.Kentucky_Warbler,162,161,color_jitter,color_jitter,0,"{""brightness"":1.003704,""contrast"":0.840652,""hue"":0.003878,""saturation"":1.238137}",0.0072468752,0.034000378,0.026753503,0.99277931,0.96657115,0.005899868,0.026284641,0.98687945,0.94028651,-0.046592935,0.92467478,4.6664066,1.3825711,6.4516392,False,0.98538125,True,True,True,0.92467478,4.6664066,1.3825711,6.4516392,0.9221748,4.6840018,1.3504937,6.325715,0.98506982,4.2840073,0.2960907,1.2684547,0.89458241,4.6041835,0.264546,1.2180183,0.9091274,4.898784,0.54249639,2.6575726,0.90749816,4.6656794,0.66385838,3.0973504,0.93083072,4.7767224,0.69795558,3.3339401,0.93946117,4.4984997,0.72917515,3.2801942
0b_baseline_last,file,19,baseline,9888,168.Kentucky_Warbler/Kentucky_Warbler_0020_795903.jpg,168,167,168.Kentucky_Warbler,162,161,rotation,rotation,0,"{""angle"":10.677477}",0.0072468752,0.0080114687,0.00076459348,0.99277931,0.99202055,0.005899868,0.0042610983,0.98687945,0.98775945,0.00088000251,0.79400925,1.0176677,1.3825711,1.406998,False,0.98325044,True,True,True,0.79400925,1.0176677,1.3825711,1.406998,0.78738188,1.0221519,1.3504937,1.3804097,0.95155575,0.91943533,0.2960907,0.27223625,0.72202447,0.97877876,0.264546,0.258932,0.78029954,1.0593254,0.54249639,0.57468021,0.77861553,1.0025575,0.66385838,0.66555623,0.76421801,1.0213379,0.69795558,0.71284846,0.82845859,1.0236194,0.72917515,0.74639781
0b_baseline_last,file,19,baseline,9888,168.Kentucky_Warbler/Kentucky_Warbler_0020_795903.jpg,168,167,168.Kentucky_Warbler,162,161,random_resized_crop,random_resized_crop,0,"{""area_fraction"":0.544579,""aspect"":0.913095,""fallback"":false,""height"":0.772276,""left"":0.086791,""top"":0.144112,""width"":0.705161}",0.0072468752,0.21243078,0.2051839,0.99277931,0.80861628,0.005899868,0.15605228,0.98687945,0.652564,-0.33431544,0.78523085,30.792642,1.3825711,42.573018,False,0.95182121,True,True,True,0.78523085,30.792642,1.3825711,42.573018,0.77853458,30.956958,1.3504937,41.807177,0.95056798,27.149676,0.2960907,8.0387666,0.77472327,31.453155,0.264546,8.3208062,0.82181313,35.662992,0.54249639,19.347045,0.80841462,33.614686,0.66385838,22.315391,0.74591925,29.929082,0.69795558,20.88917,0.76819432,26.378295,0.72917515,19.234397
0b_baseline_last,file,19,baseline,9888,168.Kentucky_Warbler/Kentucky_Warbler_0020_795903.jpg,168,167,168.Kentucky_Warbler,162,161,gaussian_blur,gaussian_blur,0,"{""sigma"":1.698196}",0.0072468752,0.02822436,0.020977485,0.99277931,0.97217023,0.005899868,0.0076231952,0.98687945,0.96454704,-0.022332408,0.509129,4.2653459,1.3825711,5.8971442,False,0.92924744,True,True,True,0.509129,4.2653459,1.3825711,5.8971442,0.4988243,4.3135517,1.3504937,5.8254244,0.83498657,3.0967502,0.2960907,0.91691895,0.35861307,4.6842099,0.264546,1.239189,0.3796439,4.9558636,0.54249639,2.6885381,0.44671189,4.8736502,0.66385838,3.2354136,0.54916591,4.2753251,0.69795558,2.983987,0.65480114,3.3027032,0.72917515,2.4082491
0b_baseline_last,file,19,baseline,9888,168.Kentucky_Warbler/Kentucky_Warbler_0020_795903.jpg,168,167,168.Kentucky_Warbler,162,161,random_erasing,random_erasing,0,"{""area_fraction"":0.065433,""erased"":true,""height"":0.163437,""left"":0.405099,""top"":0.430195,""width"":0.400358}",0.0072468752,0.0044733221,-0.0027735531,0.99277931,0.99553668,0.005899868,0.0023652858,0.98687945,0.9931714,0.0062919527,0.85062719,0.52001351,1.3825711,0.71895568,False,0.98050666,True,True,True,0.85062719,0.52001351,1.3825711,0.71895568,0.84543415,0.51937845,1.3504937,0.70141733,0.95616269,0.53305351,0.2960907,0.15783219,0.78754457,0.50829443,0.264546,0.13446726,0.82688533,0.49870964,0.54249639,0.27054818,0.85887511,0.49728276,0.66385838,0.33012533,0.84522917,0.51933609,0.69795558,0.36247352,0.85418752,0.54914539,0.72917515,0.40042317
0b_baseline_last,file,19,baseline,11206,191.Red_headed_Woodpecker/Red_Headed_Woodpecker_0063_183358.jpg,191,190,191.Red_headed_Woodpecker,42,41,identity,identity,0,{},0.037724856,0.037724856,0,0.96297789,0.96297789,0.012125831,0.012125831,0.95085206,0.95085206,0,1,1,6.4780576,6.4780576,False,1,True,True,True,1,1,6.4780576,6.4780576,1,1,6.3857497,6.3857497,1,1,1.089693,1.089693,1,1,2.0641811,2.0641811,1,1,2.6944416,2.6944416,1,1,2.913064,2.913064,1,1,3.2366511,3.2366511,1,1,3.208596,3.208596
0b_baseline_last,file,19,baseline,11206,191.Red_headed_Woodpecker/Red_Headed_Woodpecker_0063_183358.jpg,191,190,191.Red_headed_Woodpecker,42,41,horizontal_flip,horizontal_flip,0,"{""flipped"":true}",0.037724856,0.029823661,-0.0079011954,0.96297789,0.9706167,0.012125831,0.011584312,0.95085206,0.95903239,0.0081803314,0.65080835,0.7366682,6.4780576,4.7721791,False,0.96794093,True,True,True,0.65080835,0.7366682,6.4780576,4.7721791,0.64128128,0.73490618,6.3857497,4.6929269,0.95525859,0.79481129,1.089693,0.8661003,0.52695648,0.52828658,2.0641811,1.0904792,0.56746925,0.72239242,2.6944416,1.9464442,0.60321483,0.76038469,2.913064,2.2150492,0.6366028,0.73372959,3.2366511,2.3748267,0.76649976,0.79455852,3.208596,2.5494173
0b_baseline_last,file,19,baseline,11206,191.Red_headed_Woodpecker/Red_Headed_Woodpecker_0063_183358.jpg,191,190,191.Red_headed_Woodpecker,42,41,color_jitter,color_jitter,0,"{""brightness"":1.336462,""contrast"":0.83752,""hue"":-0.004765,""saturation"":0.698015}",0.037724856,0.062336963,0.024612106,0.96297789,0.93956625,0.012125831,0.013437323,0.95085206,0.92612893,-0.024723124,0.85919656,1.7026493,6.4780576,11.029861,False,0.98443758,True,True,True,0.85919656,1.7026493,6.4780576,11.029861,0.85620332,1.7071211,6.3857497,10.901248,0.97742954,1.541232,1.089693,1.6794697,0.79121291,1.7812687,2.0641811,3.6768612,0.82366722,1.7640674,2.6944416,4.7531765,0.85301977,1.7649199,2.913064,5.1413245,0.87507305,1.6925952,3.2366511,5.47834,0.89714308,1.5977022,3.208596,5.1263811
0b_baseline_last,file,19,baseline,11206,191.Red_headed_Woodpecker/Red_Headed_Woodpecker_0063_183358.jpg,191,190,191.Red_headed_Woodpecker,42,41,rotation,rotation,0,"{""angle"":-2.978767}",0.037724856,0.02810174,-0.0096231159,0.96297789,0.97228944,0.012125831,0.0073041557,0.95085206,0.96498529,0.014133232,0.85402759,0.73273743,6.4780576,4.7467153,False,0.98382944,True,True,True,0.85402759,0.73273743,6.4780576,4.7467153,0.85052007,0.73313421,6.3857497,4.6816116,0.97700945,0.7189785,1.089693,0.78346584,0.87520102,0.74808619,2.0641811,1.5441854,0.82008838,0.74352548,2.6944416,2.003386,0.81240756,0.71192331,2.913064,2.0738782,0.85289605,0.72848034,3.2366511,2.3578367,0.89001788,0.74140764,3.208596,2.3788776
0b_baseline_last,file,19,baseline,11206,191.Red_headed_Woodpecker/Red_Headed_Woodpecker_0063_183358.jpg,191,190,191.Red_headed_Woodpecker,42,41,random_resized_crop,random_resized_crop,0,"{""area_fraction"":0.729041,""aspect"":1.178416,""fallback"":false,""height"":0.78655,""left"":0.018041,""top"":0.043831,""width"":0.926884}",0.037724856,0.056765012,0.019040156,0.96297789,0.94481605,0.012125831,0.016941106,0.95085206,0.92787495,-0.022977108,0.75690782,1.3067344,6.4780576,8.4651008,False,0.96897995,True,True,True,0.75690782,1.3067344,6.4780576,8.4651008,0.75046678,1.3014133,6.3857497,8.3104998,0.95761939,1.4778862,1.089693,1.6104423,0.69459581,1.0127549,2.0641811,2.0905096,0.76209954,1.4064775,2.6944416,3.7896714,0.69568367,1.2623418,2.913064,3.6772825,0.74973128,1.2825308,3.2366511,4.1511046,0.81154935,1.3790327,3.208596,4.4247588
0b_baseline_last,file,19,baseline,11206,191.Red_headed_Woodpecker/Red_Headed_Woodpecker_0063_183358.jpg,191,190,191.Red_headed_Woodpecker,42,41,gaussian_blur,gaussian_blur,0,"{""sigma"":1.847983}",0.037724856,0.42629248,0.38856762,0.96297789,0.65292537,0.012125831,0.061926801,0.95085206,0.59099857,-0.35985348,0.53487469,9.5181988,6.4780576,61.65944,False,0.84324348,True,True,True,0.53487469,9.5181988,6.4780576,61.65944,0.52734479,9.539527,6.3857497,60.917032,0.818578,8.7542883,1.089693,9.5394867,0.54535735,8.9988244,2.0641811,18.575203,0.42686249,9.3964315,2.6944416,25.318136,0.48237328,9.914921,2.913064,28.882799,0.53952003,10.238768,3.2366511,33.139318,0.62723509,8.7732277,3.208596,28.149744
0b_baseline_last,file,19,baseline,11206,191.Red_headed_Woodpecker/Red_Headed_Woodpecker_0063_183358.jpg,191,190,191.Red_headed_Woodpecker,42,41,random_erasing,random_erasing,0,"{""area_fraction"":0.190398,""erased"":true,""height"":0.377097,""left"":0.287506,""top"":0.304547,""width"":0.504903}",0.037724856,2.2084041,2.1706792,0.96297789,0.10987586,0.012125831,0.22701998,0.95085206,-0.11714412,-1.0679962,0.42703464,18.157335,6.4780576,117.62426,False,0.7947917,False,True,False,0.42703464,18.157335,6.4780576,117.62426,0.41590454,18.059083,6.3857497,115.32078,0.75724523,21.257623,1.089693,23.164283,0.075176334,7.4748319,2.0641811,15.429407,0.26836976,15.604095,2.6944416,42.044323,0.41049217,17.967879,2.913064,52.341582,0.47092745,20.113576,3.2366511,65.100626,0.52976129,20.473562,3.208596,65.69139
0b_baseline_last,file,19,baseline,10180,173.Orange_crowned_Warbler/Orange_Crowned_Warbler_0030_168376.jpg,173,172,173.Orange_crowned_Warbler,179,178,identity,identity,0,{},0.16729277,0.16729277,0,0.84595191,0.84595191,0.032056089,0.032056089,0.81389583,0.81389583,0,1,1,25.026263,25.026263,False,1,True,True,True,1,1,25.026263,25.026263,1,1,24.66548,24.66548,1,1,4.2341375,4.2341375,1,1,4.8727408,4.8727408,1,1,14.696532,14.696532,1,1,12.657267,12.657267,1,1,9.9888896,9.9888896,1,1,10.424486,10.424486
0b_baseline_last,file,19,baseline,10180,173.Orange_crowned_Warbler/Orange_Crowned_Warbler_0030_168376.jpg,173,172,173.Orange_crowned_Warbler,179,178,horizontal_flip,horizontal_flip,0,"{""flipped"":true}",0.16729277,0.59981126,0.43251848,0.84595191,0.54891521,0.032056089,0.25276166,0.81389583,0.29615355,-0.51774228,0.74325411,3.1619507,25.026263,79.131808,False,0.95134056,True,True,True,0.74325411,3.1619507,25.026263,79.131808,0.73848802,3.1596671,24.66548,77.934705,0.90127431,3.2384904,4.2341375,13.712214,0.77495175,3.5611233,4.8727408,17.352431,0.84437957,3.0110282,14.696532,44.251673,0.73646371,3.3906372,12.657267,42.916202,0.6073709,3.2501611,9.9888896,32.465501,0.65802674,2.9075703,10.424486,30.309927
0b_baseline_last,file,19,baseline,10180,173.Orange_crowned_Warbler/Orange_Crowned_Warbler_0030_168376.jpg,173,172,173.Orange_crowned_Warbler,179,178,color_jitter,color_jitter,0,"{""brightness"":0.638599,""contrast"":0.727824,""hue"":-0.017373,""saturation"":0.608952}",0.16729277,4.4282136,4.2609208,0.84595191,0.011935792,0.032056089,0.013617666,0.81389583,-0.0016818745,-0.8155777,0.52936996,10.916719,25.026263,273.20467,False,0.79802012,False,True,False,0.52936996,10.916719,25.026263,273.20467,0.52729196,10.995103,24.66548,271.1995,0.6595021,7.8031673,4.2341375,33.039683,0.19699864,10.986523,4.8727408,53.53448,0.59262944,10.380701,14.696532,152.56031,0.57977451,12.644185,12.657267,160.04083,0.51214298,11.783124,9.9888896,117.70033,0.39881579,8.5489796,10.424486,89.11872
0b_baseline_last,file,19,baseline,10180,173.Orange_crowned_Warbler/Orange_Crowned_Warbler_0030_168376.jpg,173,172,173.Orange_crowned_Warbler,179,178,rotation,rotation,0,"{""angle"":9.581008}",0.16729277,0.3219901,0.15469733,0.84595191,0.72470534,0.032056089,0.14037707,0.81389583,0.58432826,-0.22956756,0.79965566,1.8976935,25.026263,47.492176,False,0.94465661,True,True,True,0.79965566,1.8976935,25.026263,47.492176,0.79631847,1.8941257,24.66548,46.719519,0.90759322,2.0150262,4.2341375,8.5318978,0.82768225,2.0718737,4.8727408,10.095703,0.88902636,1.9034777,14.696532,27.974522,0.77505326,1.9566831,12.657267,24.766261,0.69810195,1.8751736,9.9888896,18.730902,0.72356659,1.7531533,10.424486,18.275722
0b_baseline_last,file,19,baseline,10180,173.Orange_crowned_Warbler/Orange_Crowned_Warbler_0030_168376.jpg,173,172,173.Orange_crowned_Warbler,179,178,random_resized_crop,random_resized_crop,0,"{""area_fraction"":0.685897,""aspect"":1.304481,""fallback"":false,""height"":0.725121,""left"":0.035951,""top"":0.265839,""width"":0.945907}",0.16729277,1.0571399,0.8898471,0.84595191,0.34744811,0.032056089,0.045483291,0.81389583,0.30196482,-0.51193101,0.77786487,5.7610287,25.026263,144.17702,False,0.91703713,True,True,True,0.77786487,5.7610287,25.026263,144.17702,0.77659675,5.8067747,24.66548,143.22688,0.90285405,3.9027748,4.2341375,16.524885,0.86587125,6.287934,4.8727408,30.639472,0.87756724,6.149295,14.696532,90.373312,0.75004646,6.1536931,12.657267,77.888939,0.65396198,5.3897172,9.9888896,53.83729,0.69401823,4.7411016,10.424486,49.423548
0b_baseline_last,file,19,baseline,10180,173.Orange_crowned_Warbler/Orange_Crowned_Warbler_0030_168376.jpg,173,172,173.Orange_crowned_Warbler,179,178,gaussian_blur,gaussian_blur,0,"{""sigma"":1.682771}",0.16729277,3.0267313,2.8594385,0.84595191,0.048473835,0.032056089,0.021741955,0.81389583,0.02673188,-0.78716394,0.49113917,5.4566245,25.026263,136.55892,False,0.80956507,False,True,False,0.49113917,5.4566245,25.026263,136.55892,0.48180703,5.4407153,24.66548,134.19786,0.7817426,5.9714326,4.2341375,25.283867,0.3314315,7.1512953,4.8727408,34.846409,0.48710972,4.5227289,14.696532,66.468431,0.48951779,5.5701124,12.657267,70.502402,0.46634843,6.2883604,9.9888896,62.813738,0.54344301,5.6431311,10.424486,58.826742
0b_baseline_last,file,19,baseline,10180,173.Orange_crowned_Warbler/Orange_Crowned_Warbler_0030_168376.jpg,173,172,173.Orange_crowned_Warbler,179,178,random_erasing,random_erasing,0,"{""area_fraction"":0.077146,""erased"":true,""height"":0.401826,""left"":0.210919,""top"":0.537337,""width"":0.191988}",0.16729277,0.29590884,0.12861606,0.84595191,0.74385524,0.032056089,0.091727935,0.81389583,0.6521273,-0.16176852,0.90982235,1.9557107,25.026263,48.944129,False,0.95770544,True,True,True,0.90982235,1.9557107,25.026263,48.944129,0.90910072,1.9610095,24.66548,48.369241,0.94184715,1.7664967,4.2341375,7.4795897,0.9532129,2.0083801,4.8727408,9.7863155,0.96223187,1.9683999,14.696532,28.928652,0.91330426,2.0315377,12.657267,25.713716,0.85353347,1.9983657,9.9888896,19.961454,0.83707683,1.7876865,10.424486,18.635713
0b_baseline_last,file,19,baseline,6068,104.American_Pipit/American_Pipit_0095_99959.jpg,104,103,104.American_Pipit,131,130,identity,identity,0,{},1.3294601,1.3294601,0,0.2646201,0.2646201,0.24987416,0.24987416,0.014745936,0.014745936,0,1,1,111.766,111.766,False,1,True,True,True,1,1,111.766,111.766,1,1,109.17128,109.17128,1,1,23.943085,23.943085,1,1,21.075119,21.075119,1,1,48.104933,48.104933,1,1,62.963064,62.963064,1,1,48.810795,48.810795,1,1,53.040375,53.040375
0b_baseline_last,file,19,baseline,6068,104.American_Pipit/American_Pipit_0095_99959.jpg,104,103,104.American_Pipit,131,130,horizontal_flip,horizontal_flip,0,"{""flipped"":true}",1.3294601,1.3892908,0.059830666,0.2646201,0.24925201,0.24987416,0.14758724,0.014745936,0.10166477,0.086918831,0.69834134,1.198936,111.766,134.00028,False,0.96898991,True,True,True,0.69834134,1.198936,111.766,134.00028,0.68973395,1.2102997,109.17128,132.12996,0.95391565,0.93180525,23.943085,22.310292,0.63121251,1.5292903,21.075119,32.229975,0.6867339,1.3580343,48.104933,65.328151,0.72748461,1.2624445,62.963064,79.487372,0.63648864,1.1366621,48.810795,55.48138,0.71756559,0.98965249,53.040375,52.491539
0b_baseline_last,file,19,baseline,6068,104.American_Pipit/American_Pipit_0095_99959.jpg,104,103,104.American_Pipit,131,130,color_jitter,color_jitter,0,"{""brightness"":0.754476,""contrast"":1.227499,""hue"":-0.086938,""saturation"":0.957592}",1.3294601,4.2775116,2.9480515,0.2646201,0.013877149,0.24987416,0.055531051,0.014745936,-0.041653902,-0.056399838,0.51440566,1.4853239,111.766,166.00871,False,0.83669192,False,True,False,0.51440566,1.4853239,111.766,166.00871,0.50756377,1.5026248,109.17128,164.04347,0.74529729,1.0636992,23.943085,25.468239,0.46789196,1.7939413,21.075119,37.807526,0.39213211,1.6238908,48.104933,78.117161,0.59762312,1.4776995,62.963064,93.04049,0.49877802,1.5059179,48.810795,73.505048,0.50487425,1.3750227,53.040375,72.931719
0b_baseline_last,file,19,baseline,6068,104.American_Pipit/American_Pipit_0095_99959.jpg,104,103,104.American_Pipit,131,130,rotation,rotation,0,"{""angle"":0.992698}",1.3294601,1.7275136,0.39805341,0.2646201,0.17772576,0.24987416,0.27117842,0.014745936,-0.093452662,-0.1081986,0.89131559,1.3397745,111.766,149.74123,False,0.98905778,False,True,False,0.89131559,1.3397745,111.766,149.74123,0.88804194,1.3488208,109.17128,147.25248,0.98488513,1.1354921,23.943085,27.187183,0.85294344,1.4289679,21.075119,30.115667,0.84280513,1.4915167,48.104933,71.749314,0.90432983,1.3395359,62.963064,84.341281,0.89576397,1.3265712,48.810795,64.750995,0.91543724,1.2395029,53.040375,65.743697
0b_baseline_last,file,19,baseline,6068,104.American_Pipit/American_Pipit_0095_99959.jpg,104,103,104.American_Pipit,131,130,random_resized_crop,random_resized_crop,0,"{""area_fraction"":0.888941,""aspect"":1.010009,""fallback"":false,""height"":0.938153,""left"":0.018383,""top"":0.011587,""width"":0.947543}",1.3294601,2.6694856,1.3400254,0.2646201,0.069287859,0.24987416,0.33822981,0.014745936,-0.26894195,-0.28368788,0.81755721,1.6395311,111.766,183.24384,False,0.98379576,False,True,False,0.81755721,1.6395311,111.766,183.24384,0.81172832,1.6504357,109.17128,180.18017,0.97233101,1.3936305,23.943085,33.367812,0.77325136,2.2825825,21.075119,48.105697,0.73245639,1.9208775,48.104933,92.403684,0.83803633,1.5659411,62.963064,98.596448,0.82878619,1.559301,48.810795,76.110722,0.8802317,1.4722922,53.040375,78.090929
0b_baseline_last,file,19,baseline,6068,104.American_Pipit/American_Pipit_0095_99959.jpg,104,103,104.American_Pipit,131,130,gaussian_blur,gaussian_blur,0,"{""sigma"":1.132478}",1.3294601,2.2493224,0.91986227,0.2646201,0.10547065,0.24987416,0.52531099,0.014745936,-0.41984034,-0.43458628,0.75389242,1.5894644,111.766,177.64808,False,0.95330513,False,True,False,0.75389242,1.5894644,111.766,177.64808,0.74842933,1.6026455,109.17128,174.96286,0.91328331,1.2851604,23.943085,30.770703,0.69384105,1.8915055,21.075119,39.863703,0.75194987,1.938454,48.104933,93.249202,0.7963206,1.6260762,62.963064,102.38274,0.69547139,1.4560272,48.810795,71.069844,0.76071847,1.3054408,53.040375,69.241072
0b_baseline_last,file,19,baseline,6068,104.American_Pipit/American_Pipit_0095_99959.jpg,104,103,104.American_Pipit,131,130,random_erasing,random_erasing,0,"{""area_fraction"":0.105356,""erased"":true,""height"":0.203799,""left"":0.452235,""top"":0.148785,""width"":0.516962}",1.3294601,1.5284559,0.19899571,0.2646201,0.21687031,0.24987416,0.24941145,0.014745936,-0.032541141,-0.047287077,0.94425607,1.1093281,111.766,123.98517,False,0.99158579,False,True,False,0.94425607,1.1093281,111.766,123.98517,0.94247969,1.1140738,109.17128,121.62486,0.98992222,1.0056041,23.943085,24.077264,0.95663165,1.1270174,21.075119,23.752025,0.94525301,1.2890528,48.104933,62.009797,0.95732802,1.0988789,62.963064,69.188782,0.93428827,1.0404189,48.810795,50.783672,0.93679797,1.035602,53.040375,54.928717
0b_baseline_last,file,19,baseline,3310,058.Pigeon_Guillemot/Pigeon_Guillemot_0018_40195.jpg,58,57,058.Pigeon_Guillemot,25,24,identity,identity,0,{},0.002791439,0.002791439,0,0.99721247,0.99721247,0.0006094579,0.0006094579,0.99660301,0.99660301,0,1,1,0.42444927,0.42444927,False,0.99999994,True,True,True,1,1,0.42444927,0.42444927,1,1,0.41145368,0.41145368,1,1,0.10422593,0.10422593,1,1,0.088072964,0.088072964,1,1,0.15077971,0.15077971,1,1,0.19622599,0.19622599,1,1,0.20659762,0.20659762,1,1,0.24003239,0.24003239
0b_baseline_last,file,19,baseline,3310,058.Pigeon_Guillemot/Pigeon_Guillemot_0018_40195.jpg,58,57,058.Pigeon_Guillemot,25,24,horizontal_flip,horizontal_flip,0,"{""flipped"":true}",0.002791439,0.0090700276,0.0062785887,0.99721247,0.99097097,0.0006094579,0.0010948244,0.99660301,0.98987614,-0.0067268669,0.69537235,3.4608394,0.42444927,1.4689507,False,0.97563803,True,True,True,0.69537235,3.4608394,0.42444927,1.4689507,0.68074133,3.4876274,0.41145368,1.4349971,0.96639835,3.0127386,0.10422593,0.3140055,0.39248987,2.9311719,0.088072964,0.25815699,0.63421031,3.4354449,0.15077971,0.51799538,0.69328812,3.5974958,0.19622599,0.70592218,0.65462003,3.5722041,0.20659762,0.73800885,0.74515635,3.4386627,0.24003239,0.82539045
0b_baseline_last,file,19,baseline,3310,058.Pigeon_Guillemot/Pigeon_Guillemot_0018_40195.jpg,58,57,058.Pigeon_Guillemot,25,24,color_jitter,color_jitter,0,"{""brightness"":1.012663,""contrast"":1.035331,""hue"":-0.018648,""saturation"":0.746452}",0.002791439,0.0022279222,-0.00056351675,0.99721247,0.99777454,0.0006094579,0.00037701067,0.99660301,0.99739753,0.00079451903,0.93659888,0.88095682,0.42444927,0.37392148,False,0.99620926,True,True,True,0.93659888,0.88095682,0.42444927,0.37392148,0.93343657,0.88330329,0.41145368,0.36343839,0.98914055,0.8435455,0.10422593,0.087919317,0.86345486,0.80857321,0.088072964,0.071213439,0.91914135,0.91444849,0.15077971,0.13788028,0.9364837,0.90863948,0.19622599,0.17829868,0.92936237,0.88459805,0.20659762,0.18275585,0.95044455,0.86204157,0.24003239,0.2069179
0b_baseline_last,file,19,baseline,3310,058.Pigeon_Guillemot/Pigeon_Guillemot_0018_40195.jpg,58,57,058.Pigeon_Guillemot,25,24,rotation,rotation,0,"{""angle"":-12.288902}",0.002791439,0.0074247369,0.0046332979,0.99721247,0.99260277,0.0006094579,0.0010070121,0.99660301,0.99159575,-0.0050072582,0.68912156,2.5739795,0.42444927,1.0925237,False,0.96220529,True,True,True,0.68912156,2.5739795,0.42444927,1.0925237,0.67356848,2.58567,0.41145368,1.0638834,0.95410524,2.3843939,0.10422593,0.24851568,0.67986378,2.1240173,0.088072964,0.1870685,0.68327584,2.6216825,0.15077971,0.39529653,0.62864245,2.6492209,0.19622599,0.519846,0.62710945,2.5736325,0.20659762,0.53170634,0.73542809,2.5938559,0.24003239,0.62260944
0b_baseline_last,file,19,baseline,3310,058.Pigeon_Guillemot/Pigeon_Guillemot_0018_40195.jpg,58,57,058.Pigeon_Guillemot,25,24,random_resized_crop,random_resized_crop,0,"{""area_fraction"":0.54379,""aspect"":1.060751,""fallback"":false,""height"":0.715993,""left"":0.034924,""top"":0.00723,""width"":0.759491}",0.002791439,0.52059388,0.51780244,0.99721247,0.59416759,0.0006094579,0.076355442,0.99660301,0.51781215,-0.47879086,0.57481561,167.62859,0.42444927,71.14983,False,0.85897768,True,True,True,0.57481561,167.62859,0.42444927,71.14983,0.56202356,169.41221,0.41145368,69.705277,0.83406982,136.8602,0.10422593,14.264382,0.66244602,244.32601,0.088072964,21.518516,0.54037734,199.22616,0.15077971,30.039262,0.66052722,190.86393,0.19622599,37.452464,0.51388485,157.52297,0.20659762,32.54387,0.53267309,133.81118,0.24003239,32.119019
0b_baseline_last,file,19,baseline,3310,058.Pigeon_Guillemot/Pigeon_Guillemot_0018_40195.jpg,58,57,058.Pigeon_Guillemot,25,24,gaussian_blur,gaussian_blur,0,"{""sigma"":1.429708}",0.002791439,0.040590759,0.03779932,0.99721247,0.96022201,0.0006094579,0.0086359093,0.99660301,0.9515861,-0.045016915,0.58332967,14.684609,0.42444927,6.2328716,False,0.92324901,True,True,True,0.58332967,14.684609,0.42444927,6.2328716,0.56626554,14.785742,0.41145368,6.083648,0.89016387,13.007295,0.10422593,1.3556974,0.48286297,17.298727,0.088072964,1.5235501,0.39855748,16.362025,0.15077971,2.4670613,0.5441845,16.217831,0.19622599,3.1823599,0.57853759,14.506314,0.20659762,2.9969698,0.68464533,12.836696,0.24003239,3.0812228
0b_baseline_last,file,19,baseline,3310,058.Pigeon_Guillemot/Pigeon_Guillemot_0018_40195.jpg,58,57,058.Pigeon_Guillemot,25,24,random_erasing,random_erasing,0,"{""area_fraction"":0.075978,""erased"":true,""height"":0.249271,""left"":0.172409,""top"":0.728137,""width"":0.304799}",0.002791439,0.0025510408,-0.00024039811,0.99721247,0.9974522,0.0006094579,0.00068422657,0.99660301,0.99676797,0.00016496121,0.95809091,0.9341391,0.42444927,0.39649465,False,0.99232197,True,True,True,0.95809091,0.9341391,0.42444927,0.39649465,0.95625013,0.93344999,0.41145368,0.38407144,0.98649923,0.94481349,0.10422593,0.098474068,0.9716592,0.86147071,0.088072964,0.075872279,0.96275332,0.93437597,0.15077971,0.14088494,0.95470547,0.95769755,0.19622599,0.18792515,0.94800008,0.92363009,0.20659762,0.19081978,0.95951209,0.93322272,0.24003239,0.22400368
0b_baseline_last,file,19,baseline,10086,172.Nashville_Warbler/Nashville_Warbler_0121_167078.jpg,172,171,172.Nashville_Warbler,173,172,identity,identity,0,{},0.13375984,0.13375984,0,0.87480015,0.87480015,0.01769682,0.01769682,0.85710333,0.85710333,0,1,1,13.746435,13.746435,False,1,True,True,True,1,1,13.746435,13.746435,1,1,13.463344,13.463344,1,1,2.7753984,2.7753984,1,1,1.9799004,1.9799004,1,1,4.6906559,4.6906559,1,1,5.9844037,5.9844037,1,1,7.0523267,7.0523267,1,1,8.3540995,8.3540995
0b_baseline_last,file,19,baseline,10086,172.Nashville_Warbler/Nashville_Warbler_0121_167078.jpg,172,171,172.Nashville_Warbler,173,172,horizontal_flip,horizontal_flip,0,"{""flipped"":true}",0.13375984,0.062852837,-0.070907004,0.87480015,0.93908167,0.01769682,0.0093972487,0.85710333,0.92968442,0.072581095,0.59223506,0.48628631,13.746435,6.6847031,False,0.9683224,True,True,True,0.59223506,0.48628631,13.746435,6.6847031,0.57545545,0.48498416,13.463344,6.5295086,0.96445721,0.51598071,2.7753984,1.432052,0.36247055,0.58699716,1.9799004,1.1621959,0.4156917,0.48952028,4.6906559,2.2961712,0.46350091,0.49275601,5.9844037,2.9488509,0.55235658,0.48172546,7.0523267,3.3972853,0.71921159,0.47541493,8.3540995,3.9716636
0b_baseline_last,file,19,baseline,10086,172.Nashville_Warbler/Nashville_Warbler_0121_167078.jpg,172,171,172.Nashville_Warbler,173,172,color_jitter,color_jitter,0,"{""brightness"":0.839622,""contrast"":0.935103,""hue"":-0.019358,""saturation"":1.23317}",0.13375984,0.15508117,0.021321326,0.87480015,0.85634565,0.01769682,0.017090572,0.85710333,0.83925508,-0.017848244,0.86794679,1.1080771,13.746435,15.232109,False,0.98540449,True,True,True,0.86794679,1.1080771,13.746435,15.232109,0.8628172,1.1043712,13.463344,14.868529,0.98220324,1.1919626,2.7753984,3.3081713,0.74638626,1.3792372,1.9799004,2.7307522,0.83538955,1.2559165,4.6906559,5.8910723,0.82953465,1.1566148,5.9844037,6.9216497,0.85543632,1.03057,7.0523267,7.2679165,0.91235352,1.0583931,8.3540995,8.8419216
0b_baseline_last,file,19,baseline,10086,172.Nashville_Warbler/Nashville_Warbler_0121_167078.jpg,172,171,172.Nashville_Warbler,173,172,rotation,rotation,0,"{""angle"":11.170346}",0.13375984,0.10321561,-0.030544236,0.87480015,0.90193248,0.01769682,0.01072063,0.85710333,0.89121185,0.034108522,0.68095734,0.86088567,13.746435,11.834109,False,0.95993006,True,True,True,0.68095734,0.86088567,13.746435,11.834109,0.67014128,0.86073095,13.463344,11.588317,0.93436989,0.86451847,2.7753984,2.3993832,0.54456864,1.2516097,1.9799004,2.4780625,0.70326051,1.0033394,4.6906559,4.7063201,0.63387911,0.91747352,5.9844037,5.4905319,0.63543495,0.85181294,7.0523267,6.0072631,0.73288132,0.75483957,8.3540995,6.3060049
0b_baseline_last,file,19,baseline,10086,172.Nashville_Warbler/Nashville_Warbler_0121_167078.jpg,172,171,172.Nashville_Warbler,173,172,random_resized_crop,random_resized_crop,0,"{""area_fraction"":0.739751,""aspect"":0.807099,""fallback"":false,""height"":0.957369,""left"":0.090181,""top"":0.03229,""width"":0.772692}",0.13375984,0.092236497,-0.041523345,0.87480015,0.91188949,0.01769682,0.0084454343,0.85710333,0.90344406,0.046340734,0.74962539,0.77437506,13.746435,10.644896,False,0.98162341,True,True,True,0.74962539,0.77437506,13.746435,10.644896,0.74034811,0.77551108,13.463344,10.440973,0.97672533,0.74714384,2.7753984,2.0736218,0.62716251,0.94997569,1.9799004,1.8808572,0.67878811,0.90417002,4.6906559,4.2411504,0.65862209,0.79169233,5.9844037,4.7378065,0.73383545,0.76693487,7.0523267,5.4086752,0.83171742,0.71609591,8.3540995,5.9823365
0b_baseline_last,file,19,baseline,10086,172.Nashville_Warbler/Nashville_Warbler_0121_167078.jpg,172,171,172.Nashville_Warbler,173,172,gaussian_blur,gaussian_blur,0,"{""sigma"":1.026755}",0.13375984,0.30516392,0.17140408,0.87480015,0.73700255,0.01769682,0.011573174,0.85710333,0.72542938,-0.13167395,0.57386363,3.0098627,13.746435,41.374882,False,0.93434101,True,True,True,0.57386363,3.0098627,13.746435,41.374882,0.5652293,3.0444103,13.463344,40.987944,0.92391433,2.0340484,2.7753984,5.6452946,0.357041,6.7698768,1.9799004,13.403682,0.43021445,3.9238782,4.6906559,18.405562,0.48742662,3.4921202,5.9844037,20.898257,0.61643807,2.7971719,7.0523267,19.72657,0.77468099,2.1932326,8.3540995,18.322484
0b_baseline_last,file,19,baseline,10086,172.Nashville_Warbler/Nashville_Warbler_0121_167078.jpg,172,171,172.Nashville_Warbler,173,172,random_erasing,random_erasing,0,"{""area_fraction"":0.126084,""erased"":true,""height"":0.21137,""left"":0.203258,""top"":0.400192,""width"":0.596506}",0.13375984,3.2838192,3.1500594,0.87480015,0.037484825,0.01769682,0.056940507,0.85710333,-0.019455682,-0.87655901,0.50144794,8.3814176,13.746435,115.21461,False,0.84276932,False,True,False,0.50144794,8.3814176,13.746435,115.21461,0.48906042,8.3908158,13.463344,112.96844,0.80149151,8.1571365,2.7753984,22.639304,0.47179723,9.412741,1.9799004,18.636289,0.55549217,10.637406,4.6906559,49.896409,0.50386906,9.7693505,5.9844037,58.463737,0.44774101,7.9991422,7.0523267,56.412564,0.50238187,6.901839,8.3540995,57.65865
0b_baseline_last,file,19,baseline,4027,070.Green_Violetear/Green_Violetear_0013_795684.jpg,70,69,070.Green_Violetear,68,67,identity,identity,0,{},4.4831538,4.4831538,0,0.011297725,0.011297725,0.32748795,0.32748795,-0.31619022,-0.31619022,0,1,1,88.880064,88.880064,False,1,True,False,False,1,1,88.880064,88.880064,1,1,84.624395,84.624395,1,1,27.173102,27.173102,1,1,12.889073,12.889073,1,1,29.899362,29.899362,1,1,38.943025,38.943025,1,1,41.220964,41.220964,1,1,53.716489,53.716489
0b_baseline_last,file,19,baseline,4027,070.Green_Violetear/Green_Violetear_0013_795684.jpg,70,69,070.Green_Violetear,68,67,horizontal_flip,horizontal_flip,0,"{""flipped"":true}",4.4831538,4.9339409,0.45078707,0.011297725,0.0071980818,0.32748795,0.63963884,-0.31619022,-0.63244076,-0.31625054,0.61190296,1.3006017,88.880064,115.59756,False,0.96881473,True,False,False,0.61190296,1.3006017,88.880064,115.59756,0.57825725,1.2998039,84.624395,109.99512,0.93611114,1.3083144,27.173102,35.55096,0.54999498,1.5900881,12.889073,20.494761,0.4651392,1.4740303,29.899362,44.072566,0.56456837,1.2402846,38.943025,48.300434,0.5266409,1.263921,41.220964,52.100043,0.66100044,1.2747928,53.716489,68.477393
0b_baseline_last,file,19,baseline,4027,070.Green_Violetear/Green_Violetear_0013_795684.jpg,70,69,070.Green_Violetear,68,67,color_jitter,color_jitter,0,"{""brightness"":0.834789,""contrast"":0.666478,""hue"":-0.009944,""saturation"":1.093518}",4.4831538,3.9898779,-0.49327588,0.011297725,0.018501973,0.32748795,0.10778562,-0.31619022,-0.089283647,0.22690657,0.7548245,1.1252901,88.880064,100.01586,False,0.95616144,False,False,False,0.7548245,1.1252901,88.880064,100.01586,0.74215771,1.1465595,84.624395,97.026902,0.9344336,0.89310148,27.173102,24.268338,0.63084169,1.7600588,12.889073,22.685525,0.66222392,1.4051836,29.899362,42.014093,0.69890602,1.2092945,38.943025,47.093587,0.77462482,1.1129626,41.220964,45.877391,0.81825316,0.98716411,53.716489,53.02699
0b_baseline_last,file,19,baseline,4027,070.Green_Violetear/Green_Violetear_0013_795684.jpg,70,69,070.Green_Violetear,68,67,rotation,rotation,0,"{""angle"":-4.556764}",4.4831538,5.6040339,1.1208801,0.011297725,0.0036829771,0.32748795,0.57343602,-0.31619022,-0.56975304,-0.25356282,0.7423464,1.1911402,88.880064,105.86862,False,0.97077107,True,False,False,0.7423464,1.1911402,88.880064,105.86862,0.7228802,1.1971924,84.624395,101.31168,0.94333676,1.1307627,27.173102,30.726332,0.6064107,1.1412797,12.889073,14.710038,0.64586408,1.1253203,29.899362,33.64636,0.70023435,1.2474162,38.943025,48.578159,0.70421085,1.1996524,41.220964,49.450829,0.77606974,1.193529,53.716489,64.112189
0b_baseline_last,file,19,baseline,4027,070.Green_Violetear/Green_Violetear_0013_795684.jpg,70,69,070.Green_Violetear,68,67,random_resized_crop,random_resized_crop,0,"{""area_fraction"":0.625612,""aspect"":0.861481,""fallback"":false,""height"":0.852177,""left"":0.014404,""top"":0.014937,""width"":0.734134}",4.4831538,6.2098718,1.7267179,0.011297725,0.0020094949,0.32748795,0.13740253,-0.31619022,-0.13539304,0.18079718,0.50729441,1.3196439,88.880064,117.29003,False,0.91911113,False,False,False,0.50729441,1.3196439,88.880064,117.29003,0.48506801,1.3562711,84.624395,114.77362,0.87888631,0.88931407,27.173102,24.165422,0.55195409,2.0743123,12.889073,26.735962,0.37015817,1.7269517,29.899362,51.634754,0.44127513,1.4430695,38.943025,56.19749,0.48837874,1.3499709,41.220964,55.647101,0.58333712,1.1072004,53.716489,59.474921
0b_baseline_last,file,19,baseline,4027,070.Green_Violetear/Green_Violetear_0013_795684.jpg,70,69,070.Green_Violetear,68,67,gaussian_blur,gaussian_blur,0,"{""sigma"":1.307667}",4.4831538,6.1483507,1.6651969,0.011297725,0.0021370039,0.32748795,0.40309793,-0.31619022,-0.40096092,-0.084770703,0.68063318,1.3239174,88.880064,117.66986,False,0.92915362,True,False,False,0.68063318,1.3239174,88.880064,117.66986,0.66502504,1.3523574,84.624395,114.44242,0.91146905,1.0072538,27.173102,27.37021,0.68179052,1.9864413,12.889073,25.603386,0.60097016,1.3515905,29.899362,40.411694,0.63362541,1.4726458,38.943025,57.349281,0.6525405,1.4237183,41.220964,58.687039,0.72778178,1.1884292,53.716489,63.838246
0b_baseline_last,file,19,baseline,4027,070.Green_Violetear/Green_Violetear_0013_795684.jpg,70,69,070.Green_Violetear,68,67,random_erasing,random_erasing,0,"{""area_fraction"":0.178615,""erased"":true,""height"":0.524151,""left"":0.056464,""top"":0.058857,""width"":0.340771}",4.4831538,3.4403405,-1.0428133,0.011297725,0.032053772,0.32748795,0.096961968,-0.31619022,-0.064908195,0.25128203,0.63480816,1.2010875,88.880064,106.75273,False,0.91984737,False,False,False,0.63480816,1.2010875,88.880064,106.75273,0.61465664,1.2204334,84.624395,103.27844,0.88709867,0.9941131,27.173102,27.013137,0.66957138,1.5054837,12.889073,19.404289,0.53420437,1.3952039,29.899362,41.715707,0.58583473,1.3870846,38.943025,54.01727,0.6333186,1.2312359,41.220964,50.75273,0.66709733,1.0291279,53.716489,55.281138
0b_baseline_last,file,19,baseline,4929,085.Horned_Lark/Horned_Lark_0028_74408.jpg,85,84,085.Horned_Lark,118,117,identity,identity,0,{},0.014903396,0.014903396,0,0.98520708,0.98520708,0.0017260796,0.0017260796,0.983481,0.983481,0,1,1,2.9841768,2.9841768,False,1,True,True,True,1,1,2.9841768,2.9841768,1,1,2.9537131,2.9537131,1,1,0.42531215,0.42531215,1,1,0.45597643,0.45597643,1,1,1.2979722,1.2979722,1,1,1.7993622,1.7993622,1,1,1.4492955,1.4492955,1,1,1.2221345,1.2221345
0b_baseline_last,file,19,baseline,4929,085.Horned_Lark/Horned_Lark_0028_74408.jpg,85,84,085.Horned_Lark,118,117,horizontal_flip,horizontal_flip,0,"{""flipped"":true}",0.014903396,0.12905663,0.11415324,0.98520708,0.87892419,0.0017260796,0.0053381179,0.983481,0.87358607,-0.10989493,0.66068854,7.7436571,2.9841768,23.108442,False,0.95700192,True,True,True,0.66068854,7.7436571,2.9841768,23.108442,0.65493482,7.7483538,2.9537131,22.886414,0.9471679,7.5136482,0.42531215,3.1956459,0.56852072,7.5903568,0.45597643,3.4610238,0.61752142,7.8404592,1.2979722,10.176698,0.66769136,7.5200444,1.7993622,13.531284,0.62172463,7.7488946,1.4492955,11.230438,0.72715143,8.1424471,1.2221345,9.9511655
0b_baseline_last,file,19,baseline,4929,085.Horned_Lark/Horned_Lark_0028_74408.jpg,85,84,085.Horned_Lark,118,117,color_jitter,color_jitter,0,"{""brightness"":1.214812,""contrast"":1.016537,""hue"":0.05374,""saturation"":1.078713}",0.014903396,0.026144376,0.01124098,0.98520708,0.97419441,0.0017260796,0.0019656692,0.983481,0.97222874,-0.011252263,0.84504409,1.7382155,2.9841768,5.1871424,False,0.96464151,True,True,True,0.84504409,1.7382155,2.9841768,5.1871424,0.8426796,1.7381394,2.9537131,5.133965,0.95884131,1.7418835,0.42531215,0.74084423,0.73013023,2.1268477,0.45597643,0.96979244,0.80734887,1.7247666,1.2979722,2.2386991,0.85562058,1.6815353,1.7993622,3.0256911,0.85384647,1.7634915,1.4492955,2.5558204,0.86215505,1.7773534,1.2221345,2.1721649
0b_baseline_last,file,19,baseline,4929,085.Horned_Lark/Horned_Lark_0028_74408.jpg,85,84,085.Horned_Lark,118,117,rotation,rotation,0,"{""angle"":6.97826}",0.014903396,0.06683147,0.051928073,0.98520708,0.9353528,0.0017260796,0.0059354538,0.983481,0.92941735,-0.054063653,0.77619184,4.1904461,2.9841768,12.505032,False,0.95993948,True,True,True,0.77619184,4.1904461,2.9841768,12.505032,0.77250072,4.1911747,2.9537131,12.379528,0.95578781,4.1551539,0.42531215,1.7672374,0.73083158,4.0932758,0.45597643,1.8664373,0.75710326,4.2011802,1.2979722,5.4530151,0.7952389,4.2032496,1.7993622,7.5631686,0.73549448,4.1285438,1.4492955,5.98348,0.79728233,4.254079,1.2221345,5.1990567
0b_baseline_last,file,19,baseline,4929,085.Horned_Lark/Horned_Lark_0028_74408.jpg,85,84,085.Horned_Lark,118,117,random_resized_crop,random_resized_crop,0,"{""area_fraction"":0.647139,""aspect"":0.80586,""fallback"":false,""height"":0.896126,""left"":0.175046,""top"":0.011641,""width"":0.722152}",0.014903396,0.037569068,0.022665672,0.98520708,0.96312791,0.0017260796,0.0045549315,0.983481,0.95857298,-0.024908022,0.7321911,2.2530924,2.9841768,6.7236263,False,0.96372992,True,True,True,0.7321911,2.2530924,2.9841768,6.7236263,0.7272247,2.2509862,2.9537131,6.6487674,0.96208858,2.3524389,0.42531215,1.0005208,0.60594301,2.0685251,0.45597643,0.94319872,0.66229331,2.026635,1.2979722,2.6305159,0.75077944,2.2185955,1.7993622,3.992057,0.71948059,2.2663627,1.4492955,3.2846293,0.77399949,2.5446573,1.2221345,3.1099135
0b_baseline_last,file,19,baseline,4929,085.Horned_Lark/Horned_Lark_0028_74408.jpg,85,84,085.Horned_Lark,118,117,gaussian_blur,gaussian_blur,0,"{""sigma"":1.662825}",0.014903396,0.50856459,0.4936612,0.98520708,0.60135818,0.0017260796,0.0091141639,0.983481,0.59224401,-0.39123699,0.54966574,31.212565,2.9841768,93.143815,False,0.87181103,True,True,True,0.54966574,31.212565,2.9841768,93.143815,0.54478141,31.298151,2.9537131,92.445758,0.8318052,26.761751,0.42531215,11.382098,0.3347414,45.898395,0.45597643,20.928586,0.3957216,39.251991,1.2979722,50.947993,0.60994821,28.732542,1.7993622,51.700251,0.60563742,28.342385,1.4492955,41.076491,0.64110661,27.775866,1.2221345,33.945844
0b_baseline_last,file,19,baseline,4929,085.Horned_Lark/Horned_Lark_0028_74408.jpg,85,84,085.Horned_Lark,118,117,random_erasing,random_erasing,0,"{""area_fraction"":0.172904,""erased"":true,""height"":0.557471,""left"":0.561291,""top"":0.030361,""width"":0.310157}",0.014903396,0.0084083825,-0.0064950138,0.98520708,0.99162686,0.0017260796,0.00058039918,0.983481,0.99104646,0.0075654583,0.65278156,0.44471867,2.9841768,1.3271192,False,0.92924714,True,True,True,0.65278156,0.44471867,2.9841768,1.3271192,0.6462766,0.44073704,2.9537131,1.3018108,0.9133691,0.60647651,0.42531215,0.25794183,0.51429315,0.36981082,0.45597643,0.16862502,0.62809747,0.35771847,1.2979722,0.46430863,0.6631853,0.39246581,1.7993622,0.70618816,0.63258971,0.49734729,1.4492955,0.7208032,0.70107261,0.5380735,1.2221345,0.65759818
0b_baseline_last,file,19,baseline,5875,101.White_Pelican/White_Pelican_0009_97340.jpg,101,100,101.White_Pelican,145,144,identity,identity,0,{},0.13270007,0.13270007,0,0.87572771,0.87572771,0.071092673,0.071092673,0.80463504,0.80463504,0,1,1,16.84344,16.84344,False,0.99999994,True,True,True,1,1,16.84344,16.84344,1,1,16.436401,16.436401,1,1,3.6805126,3.6805126,1,1,3.6350743,3.6350743,1,1,6.4054119,6.4054119,1,1,7.8078169,7.8078169,1,1,7.9659024,7.9659024,1,1,9.5652815,9.5652815
0b_baseline_last,file,19,baseline,5875,101.White_Pelican/White_Pelican_0009_97340.jpg,101,100,101.White_Pelican,145,144,horizontal_flip,horizontal_flip,0,"{""flipped"":true}",0.13270007,0.23788621,0.10518613,0.87572771,0.78829241,0.071092673,0.09683954,0.80463504,0.69145287,-0.11318217,0.69851068,1.7537255,16.84344,29.538769,False,0.97512853,True,True,True,0.69851068,1.7537255,16.84344,29.538769,0.68627927,1.7608801,16.436401,28.942531,0.96913342,1.6043899,3.6805126,5.9049773,0.81633459,1.7101865,3.6350743,6.2166551,0.67355369,1.9235678,6.4054119,12.321244,0.64593207,1.8915002,7.8078169,14.768488,0.61556948,1.7322368,7.9659024,13.798829,0.7627417,1.6151889,9.5652815,15.449737
0b_baseline_last,file,19,baseline,5875,101.White_Pelican/White_Pelican_0009_97340.jpg,101,100,101.White_Pelican,145,144,color_jitter,color_jitter,0,"{""brightness"":1.18069,""contrast"":1.02802,""hue"":0.026122,""saturation"":0.838449}",0.13270007,0.12448204,-0.0082180277,0.87572771,0.88295412,0.071092673,0.072542734,0.80463504,0.81041139,0.0057763457,0.87679409,1.0113418,16.84344,17.034475,False,0.98678571,True,True,True,0.87679409,1.0113418,16.84344,17.034475,0.87155423,1.0130193,16.436401,16.650391,0.98565433,0.97728706,3.6805126,3.5969174,0.87009697,1.1881878,3.6350743,4.3191511,0.7960815,1.0649489,6.4054119,6.8214365,0.86628635,0.95984642,7.8078169,7.4943051,0.86533891,1.0301382,7.9659024,8.2059801,0.92013863,0.98375306,9.5652815,9.4098749
0b_baseline_last,file,19,baseline,5875,101.White_Pelican/White_Pelican_0009_97340.jpg,101,100,101.White_Pelican,145,144,rotation,rotation,0,"{""angle"":-11.917265}",0.13270007,0.088904336,-0.043795735,0.87572771,0.91493309,0.071092673,0.037747685,0.80463504,0.8771854,0.07255036,0.68860269,0.65280044,16.84344,10.995405,False,0.95093805,True,True,True,0.68860269,0.65280044,16.84344,10.995405,0.67706039,0.6555746,16.436401,10.775287,0.94544488,0.59477853,3.6805126,2.1890899,0.54842179,0.52919223,3.6350743,1.9236531,0.56438104,0.66447361,6.4054119,4.2562272,0.68522686,0.66949826,7.8078169,5.2273198,0.65313641,0.64162959,7.9659024,5.1111586,0.75464672,0.66812267,9.5652815,6.3907814
0b_baseline_last,file,19,baseline,5875,101.White_Pelican/White_Pelican_0009_97340.jpg,101,100,101.White_Pelican,145,144,random_resized_crop,random_resized_crop,0,"{""area_fraction"":0.616393,""aspect"":1.080355,""fallback"":false,""height"":0.755345,""left"":0.0613,""top"":0.23763,""width"":0.816041}",0.13270007,0.052386489,-0.080313582,0.87572771,0.94896203,0.071092673,0.013634286,0.80463504,0.93532775,0.13069271,0.67704355,0.42904011,16.84344,7.2265111,False,0.94719481,True,True,True,0.67704355,0.42904011,16.84344,7.2265111,0.66752876,0.43190246,16.436401,7.0989221,0.90869067,0.36732644,3.6805126,1.3519496,0.66675114,0.42065597,3.6350743,1.5291157,0.67951422,0.4830719,6.4054119,3.0942745,0.6469572,0.4792601,7.8078169,3.7419751,0.63960247,0.43217636,7.9659024,3.4426747,0.7140582,0.37150296,9.5652815,3.5535304
0b_baseline_last,file,19,baseline,5875,101.White_Pelican/White_Pelican_0009_97340.jpg,101,100,101.White_Pelican,145,144,gaussian_blur,gaussian_blur,0,"{""sigma"":1.322799}",0.13270007,0.77251208,0.63981201,0.87572771,0.46185142,0.071092673,0.2725336,0.80463504,0.18931782,-0.61531722,0.59509829,4.9140235,16.84344,82.769058,False,0.88567019,True,True,True,0.59509829,4.9140235,16.84344,82.769058,0.58402101,4.9544019,16.436401,81.432537,0.87940435,4.0250214,3.6805126,14.814142,0.44482872,6.0610482,3.6350743,22.032361,0.50109843,6.2877549,6.4054119,40.27566,0.59036575,5.6706129,7.8078169,44.275107,0.61233837,4.3995086,7.9659024,35.046056,0.69167703,3.8200964,9.5652815,36.540297
0b_baseline_last,file,19,baseline,5875,101.White_Pelican/White_Pelican_0009_97340.jpg,101,100,101.White_Pelican,145,144,random_erasing,random_erasing,0,"{""area_fraction"":0.123722,""erased"":true,""height"":0.458857,""left"":0.23896,""top"":0.35547,""width"":0.269632}",0.13270007,1.4773151,1.344615,0.87572771,0.22824968,0.071092673,0.11392525,0.80463504,0.11432444,-0.6903106,0.60996624,5.8297568,16.84344,98.193156,False,0.866382,True,True,True,0.60996624,5.8297568,16.84344,98.193156,0.60226019,5.8716913,16.436401,96.509473,0.80258929,4.9193513,3.6805126,18.105735,0.6347646,5.3567925,3.6350743,19.472339,0.54491083,6.2168846,6.4054119,39.821707,0.62795633,6.2694694,7.8078169,48.950869,0.53255171,5.5992537,7.9659024,44.603109,0.6571724,5.691224,9.5652815,54.438159
0b_baseline_last,file,19,baseline,6291,108.White_necked_Raven/White_Necked_Raven_0042_797356.jpg,108,107,108.White_necked_Raven,107,106,identity,identity,0,{},0.093415469,0.093415469,0,0.910815,0.910815,0.079721682,0.079721682,0.83109332,0.83109332,0,1,1,18.626911,18.626911,False,0.99999994,True,True,True,1,1,18.626911,18.626911,1,1,18.14602,18.14602,1,1,4.2052066,4.2052066,1,1,5.926198,5.926198,1,1,8.2706333,8.2706333,1,1,7.7865437,7.7865437,1,1,8.8867233,8.8867233,1,1,9.281742,9.281742
0b_baseline_last,file,19,baseline,6291,108.White_necked_Raven/White_Necked_Raven_0042_797356.jpg,108,107,108.White_necked_Raven,107,106,horizontal_flip,horizontal_flip,0,"{""flipped"":true}",0.093415469,0.70796484,0.61454937,0.910815,0.4926458,0.079721682,0.46329093,0.83109332,0.02935487,-0.80173845,0.68110692,5.0248183,18.626911,93.596843,False,0.96348345,True,True,True,0.68110692,5.0248183,18.626911,93.596843,0.66521548,5.0112523,18.14602,90.934284,0.9632505,5.2710493,4.2052066,22.165852,0.51471611,3.8472796,5.926198,22.799741,0.6068558,4.2575906,8.2706333,35.21297,0.62645686,5.5516935,7.7865437,43.228504,0.67306037,5.3665924,8.8867233,47.691421,0.78687468,5.2406589,9.281742,48.642444
0b_baseline_last,file,19,baseline,6291,108.White_necked_Raven/White_Necked_Raven_0042_797356.jpg,108,107,108.White_necked_Raven,107,106,color_jitter,color_jitter,0,"{""brightness"":0.974129,""contrast"":1.264171,""hue"":0.013059,""saturation"":0.748746}",0.093415469,0.3201462,0.22673073,0.910815,0.72604287,0.079721682,0.15849708,0.83109332,0.56754579,-0.26354753,0.79863831,2.7222359,18.626911,50.706845,False,0.97560728,True,True,True,0.79863831,2.7222359,18.626911,50.706845,0.79233191,2.7368438,18.14602,49.662823,0.93589813,2.4342698,4.2052066,10.236608,0.75583829,1.4709467,5.926198,8.7171215,0.71890496,2.4377788,8.2706333,20.161974,0.76112242,2.984728,7.7865437,23.240715,0.82806123,3.0277163,8.8867233,26.906477,0.88094709,2.8905496,9.281742,26.829335
0b_baseline_last,file,19,baseline,6291,108.White_necked_Raven/White_Necked_Raven_0042_797356.jpg,108,107,108.White_necked_Raven,107,106,rotation,rotation,0,"{""angle"":-7.691748}",0.093415469,0.034107879,-0.05930759,0.910815,0.96646726,0.079721682,0.023032678,0.83109332,0.94343458,0.11234126,0.80513486,0.34915189,18.626911,6.5036212,False,0.96956301,True,True,True,0.80513486,0.34915189,18.626911,6.5036212,0.79753023,0.35023729,18.14602,6.3554129,0.95780998,0.32828661,4.2052066,1.380513,0.87540011,0.33864869,5.926198,2.0068992,0.76639105,0.29929189,8.2706333,2.4753335,0.75383484,0.37001792,7.7865437,2.8811607,0.7806619,0.36154842,8.8867233,3.2129808,0.84328933,0.36713382,9.281742,3.4076414
0b_baseline_last,file,19,baseline,6291,108.White_necked_Raven/White_Necked_Raven_0042_797356.jpg,108,107,108.White_necked_Raven,107,106,random_resized_crop,random_resized_crop,0,"{""area_fraction"":0.577279,""aspect"":1.165035,""fallback"":false,""height"":0.70392,""left"":0.082175,""top"":0.151219,""width"":0.820092}",0.093415469,0.45162052,0.35820505,0.910815,0.63659567,0.079721682,0.19127709,0.83109332,0.44531858,-0.38577474,0.56903286,4.423786,18.626911,82.401467,False,0.92377961,True,True,True,0.56903286,4.423786,18.626911,82.401467,0.55641377,4.453446,18.14602,80.812321,0.84847029,3.8297723,4.2052066,16.104984,0.54879723,3.7463518,5.926198,22.201623,0.3565383,4.0039432,8.2706333,33.115146,0.45989083,4.6839048,7.7865437,36.471429,0.61536613,4.7088336,8.8867233,41.846101,0.71609165,4.6463174,9.281742,43.12592
0b_baseline_last,file,19,baseline,6291,108.White_necked_Raven/White_Necked_Raven_0042_797356.jpg,108,107,108.White_necked_Raven,107,106,gaussian_blur,gaussian_blur,0,"{""sigma"":1.872182}",0.093415469,0.92085958,0.82744411,0.910815,0.39817664,0.079721682,0.49712095,0.83109332,-0.098944306,-0.93003763,0.56751273,6.3755724,18.626911,118.75722,False,0.90037024,False,True,False,0.56751273,6.3755724,18.626911,118.75722,0.55130448,6.401846,18.14602,116.16803,0.89902456,5.8648865,4.2052066,24.66306,0.59562129,4.9725911,5.926198,29.468559,0.39387342,6.013929,8.2706333,49.739001,0.40637438,6.8891853,7.7865437,53.642942,0.59003942,6.9930183,8.8867233,62.145018,0.7385813,6.2942442,9.281742,58.421551
0b_baseline_last,file,19,baseline,6291,108.White_necked_Raven/White_Necked_Raven_0042_797356.jpg,108,107,108.White_necked_Raven,107,106,random_erasing,random_erasing,0,"{""area_fraction"":0.093687,""erased"":true,""height"":0.449477,""left"":0.224265,""top"":0.064966,""width"":0.208436}",0.093415469,4.0815969,3.9881814,0.910815,0.01688049,0.079721682,0.12774205,0.83109332,-0.11086156,-0.94195488,0.48183904,9.2102853,18.626911,171.55916,False,0.87193251,False,True,False,0.48183904,9.2102853,18.626911,171.55916,0.47485495,9.2717701,18.14602,168.24573,0.63814721,7.9793389,4.2052066,33.554769,0.50874842,7.4024001,5.926198,43.868089,0.38100914,8.5065902,8.2706333,70.354888,0.42441698,10.090818,7.7865437,78.572592,0.49669438,9.2806519,8.8867233,82.474586,0.55305686,9.9076544,9.281742,91.960292
0b_baseline_last,file,19,baseline,3867,067.Anna_Hummingbird/Anna_Hummingbird_0038_57036.jpg,67,66,067.Anna_Hummingbird,68,67,identity,identity,0,{},1.1334035,1.1334035,0,0.32193571,0.32193571,0.49339634,0.49339634,-0.17146063,-0.17146063,0,1,1,117.19601,117.19601,False,1,True,False,False,1,1,117.19601,117.19601,1,1,114.84776,114.84776,1,1,23.343027,23.343027,1,1,31.291344,31.291344,1,1,54.168948,54.168948,1,1,56.025817,56.025817,1,1,55.425416,55.425416,1,1,55.368904,55.368904
0b_baseline_last,file,19,baseline,3867,067.Anna_Hummingbird/Anna_Hummingbird_0038_57036.jpg,67,66,067.Anna_Hummingbird,68,67,horizontal_flip,horizontal_flip,0,"{""flipped"":true}",1.1334035,1.2254841,0.092080593,0.32193571,0.29361552,0.49339634,0.33153352,-0.17146063,-0.037918001,0.13354263,0.60147659,1.0855376,117.19601,127.22068,False,0.9532392,True,False,False,0.60147659,1.0855376,117.19601,127.22068,0.58872708,1.086393,114.84776,124.7698,0.9165258,1.0646237,23.343027,24.85154,0.42350302,1.2378533,31.291344,38.734093,0.55075153,1.0771741,54.168948,58.349388,0.57185046,1.0747628,56.025817,60.214465,0.6024252,1.0919705,55.425416,60.522917,0.69405157,1.049031,55.368904,58.083698
0b_baseline_last,file,19,baseline,3867,067.Anna_Hummingbird/Anna_Hummingbird_0038_57036.jpg,67,66,067.Anna_Hummingbird,68,67,color_jitter,color_jitter,0,"{""brightness"":1.184639,""contrast"":1.019552,""hue"":-0.053089,""saturation"":1.159466}",1.1334035,0.35516044,-0.77824309,0.32193571,0.70106095,0.49339634,0.21124408,-0.17146063,0.48981687,0.6612775,0.86308842,0.47084712,117.19601,55.181403,False,0.97649848,False,False,True,0.86308842,0.47084712,117.19601,55.181403,0.85857489,0.47141461,114.84776,54.140912,0.97622307,0.45689503,23.343027,10.665313,0.82674013,0.39317823,31.291344,12.303075,0.85154152,0.45275764,54.168948,24.525405,0.86015104,0.49119616,56.025817,27.519666,0.85542249,0.4797599,55.425416,26.590892,0.88011308,0.48258513,55.368904,26.72021
0b_baseline_last,file,19,baseline,3867,067.Anna_Hummingbird/Anna_Hummingbird_0038_57036.jpg,67,66,067.Anna_Hummingbird,68,67,rotation,rotation,0,"{""angle"":-1.283507}",1.1334035,1.2546353,0.12123179,0.32193571,0.28517982,0.49339634,0.522089,-0.17146063,-0.23690918,-0.065448552,0.89287546,1.0918955,117.19601,127.96579,False,0.98654884,True,False,False,0.89287546,1.0918955,117.19601,127.96579,0.88903646,1.0922182,114.84776,125.43881,0.98652777,1.0840537,23.343027,25.305095,0.85233451,1.1603862,31.291344,36.310045,0.88802159,1.1474356,54.168948,62.15538,0.85901269,1.0634974,56.025817,59.583311,0.90038705,1.0565012,55.425416,58.55702,0.9243339,1.079734,55.368904,59.783688
0b_baseline_last,file,19,baseline,3867,067.Anna_Hummingbird/Anna_Hummingbird_0038_57036.jpg,67,66,067.Anna_Hummingbird,68,67,random_resized_crop,random_resized_crop,0,"{""area_fraction"":0.655561,""aspect"":1.121971,""fallback"":false,""height"":0.764391,""left"":0.080769,""top"":0.007108,""width"":0.857625}",1.1334035,0.64900595,-0.48439759,0.32193571,0.52256495,0.49339634,0.38143367,-0.17146063,0.14113128,0.31259191,0.72647882,0.8971888,117.19601,105.14695,False,0.95891565,False,False,True,0.72647882,0.8971888,117.19601,105.14695,0.71920206,0.90277541,114.84776,103.68173,0.95090178,0.74935656,23.343027,17.49225,0.69129983,1.1259876,31.291344,35.233667,0.78689107,1.1208082,54.168948,60.713,0.72044936,0.85884265,56.025817,48.117361,0.68544112,0.77357167,55.425416,42.875531,0.72631438,0.73780254,55.368904,40.851318
0b_baseline_last,file,19,baseline,3867,067.Anna_Hummingbird/Anna_Hummingbird_0038_57036.jpg,67,66,067.Anna_Hummingbird,68,67,gaussian_blur,gaussian_blur,0,"{""sigma"":1.509554}",1.1334035,0.73861039,-0.39479315,0.32193571,0.47777739,0.49339634,0.14461562,-0.17146063,0.33316177,0.5046224,0.60413035,0.76152958,117.19601,89.248228,False,0.89894032,False,False,True,0.60413035,0.76152958,117.19601,89.248228,0.59653215,0.76608898,114.84776,87.983602,0.83307222,0.64134942,23.343027,14.971037,0.41912234,0.72032897,31.291344,22.540062,0.64487434,0.80252696,54.168948,43.472041,0.57561444,0.79131445,56.025817,44.334038,0.59988966,0.76614018,55.425416,42.463638,0.62445715,0.71666403,55.368904,39.680902
0b_baseline_last,file,19,baseline,3867,067.Anna_Hummingbird/Anna_Hummingbird_0038_57036.jpg,67,66,067.Anna_Hummingbird,68,67,random_erasing,random_erasing,0,"{""area_fraction"":0.187368,""erased"":true,""height"":0.562484,""left"":0.557215,""top"":0.265052,""width"":0.333108}",1.1334035,2.2670953,1.1336918,0.32193571,0.1036127,0.49339634,0.17730385,-0.17146063,-0.073691152,0.097769476,0.47896737,1.2462203,117.19601,146.05205,False,0.89175391,False,False,False,0.47896737,1.2462203,117.19601,146.05205,0.4706797,1.2526935,114.84776,143.86905,0.71739398,1.0777291,23.343027,25.15746,0.45937361,1.1925909,31.291344,37.317772,0.59322555,1.3028829,54.168948,70.575799,0.38538239,1.2458325,56.025817,69.798783,0.46251253,1.2185654,55.425416,67.539492,0.44786537,1.2631234,55.368904,69.937756
0b_baseline_last,file,19,baseline,3363,058.Pigeon_Guillemot/Pigeon_Guillemot_0055_40171.jpg,58,57,058.Pigeon_Guillemot,25,24,identity,identity,0,{},1.382179,1.382179,0,0.25103098,0.25103098,0.24437974,0.24437974,0.0066512376,0.0066512376,0,1,1,119.73777,119.73777,False,1,True,True,True,1,1,119.73777,119.73777,1,1,117.86523,117.86523,1,1,21.09313,21.09313,1,1,22.16984,22.16984,1,1,44.078171,44.078171,1,1,65.719779,65.719779,1,1,61.345645,61.345645,1,1,58.098612,58.098612
0b_baseline_last,file,19,baseline,3363,058.Pigeon_Guillemot/Pigeon_Guillemot_0055_40171.jpg,58,57,058.Pigeon_Guillemot,25,24,horizontal_flip,horizontal_flip,0,"{""flipped"":true}",1.382179,1.660315,0.27813601,0.25103098,0.19007908,0.24437974,0.19840692,0.0066512376,-0.0083278418,-0.014979079,0.66439219,1.1601646,119.73777,138.91552,False,0.95448059,False,True,False,0.66439219,1.1601646,119.73777,138.91552,0.65674307,1.1644786,117.86523,137.25154,0.94404835,1.0162946,21.09313,21.436834,0.26246253,1.3345382,22.16984,29.586497,0.49348668,1.4197116,44.078171,62.57829,0.71769309,1.0787529,65.719779,70.895399,0.68972759,1.1058044,61.345645,67.836286,0.74488113,1.1441413,58.098612,66.473021
0b_baseline_last,file,19,baseline,3363,058.Pigeon_Guillemot/Pigeon_Guillemot_0055_40171.jpg,58,57,058.Pigeon_Guillemot,25,24,color_jitter,color_jitter,0,"{""brightness"":0.91344,""contrast"":1.168401,""hue"":-0.071393,""saturation"":0.929177}",1.382179,1.855826,0.473647,0.25103098,0.15632378,0.24437974,0.41785526,0.0066512376,-0.26153149,-0.26818272,0.89232362,1.1188682,119.73777,133.97078,False,0.99011087,False,True,False,0.89232362,1.1188682,119.73777,133.97078,0.88952087,1.1163574,117.86523,131.57972,0.97608482,1.1946137,21.09313,25.198142,0.80016812,1.603903,22.16984,35.558271,0.85642249,1.1117624,44.078171,49.004455,0.91626742,1.0140778,65.719779,66.644969,0.88593497,1.1173353,61.345645,68.543656,0.91682348,1.1555998,58.098612,67.138747
0b_baseline_last,file,19,baseline,3363,058.Pigeon_Guillemot/Pigeon_Guillemot_0055_40171.jpg,58,57,058.Pigeon_Guillemot,25,24,rotation,rotation,0,"{""angle"":8.589383}",1.382179,2.1123574,0.73017836,0.25103098,0.12095251,0.24437974,0.26708406,0.0066512376,-0.14613155,-0.15278279,0.72287782,1.0099139,119.73777,120.92484,False,0.94288528,False,True,False,0.72287782,1.0099139,119.73777,120.92484,0.71522951,1.0041234,117.86523,118.35124,0.9354623,1.1764664,21.09313,24.815359,0.56684791,1.0047313,22.16984,22.274732,0.57139316,0.94552862,44.078171,41.677172,0.73753351,0.90202022,65.719779,59.280569,0.74217301,1.0441493,61.345645,64.054013,0.76293798,1.109716,58.098612,64.472958
0b_baseline_last,file,19,baseline,3363,058.Pigeon_Guillemot/Pigeon_Guillemot_0055_40171.jpg,58,57,058.Pigeon_Guillemot,25,24,random_resized_crop,random_resized_crop,0,"{""area_fraction"":0.661608,""aspect"":0.997335,""fallback"":false,""height"":0.814479,""left"":0.060808,""top"":0.026432,""width"":0.812308}",1.382179,1.9475214,0.56534243,0.25103098,0.14262715,0.24437974,0.19297318,0.0066512376,-0.050346032,-0.056997269,0.69952798,1.2338205,119.73777,147.73491,False,0.9302671,False,True,False,0.69952798,1.2338205,119.73777,147.73491,0.69354957,1.2371677,117.86523,145.81905,0.90804936,1.1243052,21.09313,23.715116,0.61818798,1.4930968,22.16984,33.101717,0.49321431,1.3714199,44.078171,60.449682,0.69254931,1.1160872,65.719779,73.349006,0.76306263,1.2651248,61.345645,77.609894,0.76588666,1.2303877,58.098612,71.483819
0b_baseline_last,file,19,baseline,3363,058.Pigeon_Guillemot/Pigeon_Guillemot_0055_40171.jpg,58,57,058.Pigeon_Guillemot,25,24,gaussian_blur,gaussian_blur,0,"{""sigma"":1.505107}",1.382179,1.217602,-0.16457701,0.25103098,0.295939,0.24437974,0.03756227,0.0066512376,0.25837673,0.25172549,0.64655908,0.9221602,119.73777,110.41741,False,0.88570285,True,True,True,0.64655908,0.9221602,119.73777,110.41741,0.64100565,0.92483857,117.86523,109.00631,0.84214102,0.83421564,21.09313,17.596219,0.57126138,0.9205118,22.16984,20.407599,0.50346035,0.98046756,44.078171,43.217217,0.66049052,0.90935429,65.719779,59.762563,0.67497404,0.94154168,61.345645,57.759482,0.6744189,0.89278578,58.098612,51.869615
0b_baseline_last,file,19,baseline,3363,058.Pigeon_Guillemot/Pigeon_Guillemot_0055_40171.jpg,58,57,058.Pigeon_Guillemot,25,24,random_erasing,random_erasing,0,"{""area_fraction"":0.152075,""erased"":true,""height"":0.239877,""left"":0.144425,""top"":0.720941,""width"":0.633972}",1.382179,1.9679816,0.58580256,0.25103098,0.13973863,0.24437974,0.1524117,0.0066512376,-0.012673065,-0.019324303,0.85855937,1.0910174,119.73777,130.63598,False,0.96698761,False,True,False,0.85855937,1.0910174,119.73777,130.63598,0.85563836,1.0901666,117.86523,128.49273,0.94780398,1.1172571,21.09313,23.566449,0.68116805,1.0986647,22.16984,24.357219,0.79618765,1.0238192,44.078171,45.128077,0.86417278,1.0444071,65.719779,68.638206,0.88138488,1.1101404,61.345645,68.102277,0.87612706,1.1586505,58.098612,67.315986
0b_baseline_last,file,19,baseline,5957,102.Western_Wood_Pewee/Western_Wood_Pewee_0039_795063.jpg,102,101,102.Western_Wood_Pewee,91,90,identity,identity,0,{},0.27734184,0.27734184,0,0.75779539,0.75779539,0.10455948,0.10455948,0.65323591,0.65323591,0,1,1,43.402502,43.402502,False,1,True,True,True,1,1,43.402502,43.402502,1,1,42.530688,42.530688,1,1,8.6555038,8.6555038,1,1,8.1412495,8.1412495,1,1,19.719321,19.719321,1,1,25.199496,25.199496,1,1,19.81496,19.81496,1,1,18.057703,18.057703
0b_baseline_last,file,19,baseline,5957,102.Western_Wood_Pewee/Western_Wood_Pewee_0039_795063.jpg,102,101,102.Western_Wood_Pewee,91,90,horizontal_flip,horizontal_flip,0,"{""flipped"":true}",0.27734184,0.80486602,0.52752417,0.75779539,0.44714785,0.10455948,0.37650517,0.65323591,0.07064268,-0.58259323,0.57691636,2.5253569,43.402502,109.60681,False,0.95037198,True,True,True,0.57691636,2.5253569,43.402502,109.60681,0.56361399,2.5312293,42.530688,107.65492,0.91968961,2.3791744,8.6555038,20.592953,0.3596057,1.927192,8.1412495,15.689751,0.53696947,2.7741457,19.719321,54.70427,0.56681195,2.3755461,25.199496,59.862564,0.5237858,2.4660041,19.81496,48.863773,0.67343299,2.701439,18.057703,48.781783
0b_baseline_last,file,19,baseline,5957,102.Western_Wood_Pewee/Western_Wood_Pewee_0039_795063.jpg,102,101,102.Western_Wood_Pewee,91,90,color_jitter,color_jitter,0,"{""brightness"":1.050296,""contrast"":0.638006,""hue"":0.040824,""saturation"":0.958428}",0.27734184,0.5844925,0.30715066,0.75779539,0.55738866,0.10455948,0.025425296,0.65323591,0.53196337,-0.12127255,0.68852514,2.1012294,43.402502,91.198614,False,0.94423449,True,True,True,0.68852514,2.1012294,43.402502,91.198614,0.68351477,2.1164831,42.530688,90.015482,0.85666408,1.6916882,8.6555038,14.642414,0.25182078,1.7356605,8.1412495,14.130445,0.69822647,2.2072677,19.719321,43.52582,0.7144526,2.1568384,25.199496,54.351239,0.64008776,2.0905117,19.81496,41.423406,0.73348607,2.0261584,18.057703,36.587767
0b_baseline_last,file,19,baseline,5957,102.Western_Wood_Pewee/Western_Wood_Pewee_0039_795063.jpg,102,101,102.Western_Wood_Pewee,91,90,rotation,rotation,0,"{""angle"":-3.361996}",0.27734184,0.50045049,0.22310865,0.75779539,0.6062575,0.10455948,0.21053317,0.65323591,0.39572433,-0.25751159,0.77080807,1.7808748,43.402502,77.294422,False,0.965532,True,True,True,0.77080807,1.7808748,43.402502,77.294422,0.7632012,1.7786462,42.530688,75.647048,0.9492884,1.8338611,8.6555038,15.872992,0.25069463,1.8016303,8.1412495,14.667522,0.74698803,1.8625207,19.719321,36.727644,0.78172962,1.6610527,25.199496,41.857691,0.78971512,1.8138666,19.81496,35.941693,0.82530972,1.8487873,18.057703,33.384852
0b_baseline_last,file,19,baseline,5957,102.Western_Wood_Pewee/Western_Wood_Pewee_0039_795063.jpg,102,101,102.Western_Wood_Pewee,91,90,random_resized_crop,random_resized_crop,0,"{""area_fraction"":0.547735,""aspect"":1.128515,""fallback"":false,""height"":0.696677,""left"":0.008372,""top"":0.292052,""width"":0.786211}",0.27734184,1.4487715,1.1714296,0.75779539,0.23485863,0.10455948,0.48293713,0.65323591,-0.2480785,-0.90131441,0.65723572,3.3646959,43.402502,146.03622,False,0.8594318,False,True,False,0.65723572,3.3646959,43.402502,146.03622,0.65157543,3.3854005,42.530688,143.98341,0.83203573,2.8190011,8.6555038,24.399875,0.3487862,3.5607718,8.1412495,28.989132,0.70962956,4.4882585,19.719321,88.505412,0.71971596,3.0602552,25.199496,77.116888,0.59194375,2.8689559,19.81496,56.848246,0.62321653,2.9713334,18.057703,53.655457
0b_baseline_last,file,19,baseline,5957,102.Western_Wood_Pewee/Western_Wood_Pewee_0039_795063.jpg,102,101,102.Western_Wood_Pewee,91,90,gaussian_blur,gaussian_blur,0,"{""sigma"":1.837896}",0.27734184,3.2519658,2.9746239,0.75779539,0.038698066,0.10455948,0.061136067,0.65323591,-0.022438001,-0.67567391,0.49353416,5.4009487,43.402502,234.41469,False,0.7415936,False,True,False,0.49353416,5.4009487,43.402502,234.41469,0.490913,5.4680502,42.530688,232.55994,0.65056578,3.400138,8.6555038,29.429907,0.02739806,5.8701892,8.1412495,47.790675,0.52086364,6.5203415,19.719321,128.57671,0.57211477,5.1912539,25.199496,130.81698,0.43250426,5.2276538,19.81496,103.58575,0.48237447,4.7718759,18.057703,86.169118
0b_baseline_last,file,19,baseline,5957,102.Western_Wood_Pewee/Western_Wood_Pewee_0039_795063.jpg,102,101,102.Western_Wood_Pewee,91,90,random_erasing,random_erasing,0,"{""area_fraction"":0.193447,""erased"":true,""height"":0.496611,""left"":0.136044,""top"":0.241847,""width"":0.389534}",0.27734184,4.0085015,3.7311597,0.75779539,0.018160589,0.10455948,0.077014357,0.65323591,-0.058853768,-0.71208968,0.67553994,4.1053498,43.402502,178.18245,False,0.81976438,False,True,False,0.67553994,4.1053498,43.402502,178.18245,0.67302547,4.1207938,42.530688,175.2602,0.74645692,3.7130116,8.6555038,32.137986,0.62017826,3.698531,8.1412495,30.110664,0.67084079,4.5524936,19.719321,89.772085,0.73533683,3.8344733,25.199496,96.626792,0.63995726,4.0216019,19.81496,79.687879,0.62305725,4.312225,18.057703,77.86888
0b_baseline_last,file,19,baseline,1343,025.Pelagic_Cormorant/Pelagic_Cormorant_0054_23812.jpg,25,24,025.Pelagic_Cormorant,23,22,identity,identity,0,{},0.35552841,0.35552841,0,0.70080304,0.70080304,0.28152949,0.28152949,0.41927356,0.41927356,0,1,1,48.096161,48.096161,False,1,True,True,True,1,1,48.096161,48.096161,1,1,46.264196,46.264196,1,1,13.147808,13.147808,1,1,11.270868,11.270868,1,1,17.526887,17.526887,1,1,22.614065,22.614065,1,1,21.97266,21.97266,1,1,26.682539,26.682539
0b_baseline_last,file,19,baseline,1343,025.Pelagic_Cormorant/Pelagic_Cormorant_0054_23812.jpg,25,24,025.Pelagic_Cormorant,23,22,horizontal_flip,horizontal_flip,0,"{""flipped"":true}",0.35552841,0.39501044,0.039482027,0.70080304,0.67367303,0.28152949,0.30837411,0.41927356,0.36529893,-0.053974628,0.74332137,1.1916803,48.096161,57.315248,False,0.9761591,True,True,True,0.74332137,1.1916803,48.096161,57.315248,0.72706009,1.2014603,46.264196,55.584597,0.97604995,1.0631587,13.147808,13.978206,0.83033785,1.1640513,11.270868,13.119868,0.65024559,1.168229,17.526887,20.475418,0.75363431,1.2659646,22.614065,28.628605,0.70210231,1.2648545,21.97266,27.792218,0.74308645,1.12824,26.682539,30.104307
0b_baseline_last,file,19,baseline,1343,025.Pelagic_Cormorant/Pelagic_Cormorant_0054_23812.jpg,25,24,025.Pelagic_Cormorant,23,22,color_jitter,color_jitter,0,"{""brightness"":0.831764,""contrast"":0.738592,""hue"":0.095722,""saturation"":1.377062}",0.35552841,0.061429422,-0.29409899,0.70080304,0.94041932,0.28152949,0.032139331,0.41927356,0.90827999,0.48900643,0.53285327,0.18559285,48.096161,8.9263035,False,0.90465271,True,True,True,0.53285327,0.18559285,48.096161,8.9263035,0.51304388,0.18840747,46.264196,8.71652,0.86476135,0.14632425,13.147808,1.9238431,0.11961022,0.16633814,11.270868,1.8747752,0.36302703,0.21951104,17.526887,3.8473451,0.57451243,0.21776023,22.614065,4.9244439,0.50411861,0.17514934,21.97266,3.8484969,0.63677264,0.16163186,26.682539,4.3127484
0b_baseline_last,file,19,baseline,1343,025.Pelagic_Cormorant/Pelagic_Cormorant_0054_23812.jpg,25,24,025.Pelagic_Cormorant,23,22,rotation,rotation,0,"{""angle"":14.15864}",0.35552841,1.8666357,1.5111073,0.70080304,0.15464306,0.28152949,0.79490507,0.41927356,-0.64026201,-1.0595356,0.71268959,2.662887,48.096161,128.07464,False,0.93584102,False,True,False,0.71268959,2.662887,48.096161,128.07464,0.69524895,2.668861,46.264196,123.47271,0.93571685,2.5877761,13.147808,34.023583,0.76625977,2.8776378,11.270868,32.433476,0.63337174,2.5358394,17.526887,44.445371,0.6807755,2.6086588,22.614065,58.992378,0.66375742,2.7096787,21.97266,59.538847,0.73925648,2.7007907,26.682539,72.063953
0b_baseline_last,file,19,baseline,1343,025.Pelagic_Cormorant/Pelagic_Cormorant_0054_23812.jpg,25,24,025.Pelagic_Cormorant,23,22,random_resized_crop,random_resized_crop,0,"{""area_fraction"":0.741616,""aspect"":0.759238,""fallback"":false,""height"":0.988327,""left"":0.228683,""top"":8.9e-05,""width"":0.750375}",0.35552841,0.42408949,0.068561077,0.70080304,0.6543653,0.28152949,0.1439866,0.41927356,0.5103787,0.091105148,0.58120041,0.98997911,48.096161,47.614194,False,0.90646219,True,True,True,0.58120041,0.98997911,48.096161,47.614194,0.56383348,0.99950254,46.264196,46.241181,0.83595889,0.86340304,13.147808,11.351857,0.75525573,1.0918557,11.270868,12.306161,0.35254928,0.95123512,17.526887,16.67219,0.57448649,1.1396946,22.614065,25.773127,0.54985396,0.9763938,21.97266,21.453969,0.62700282,0.90593471,26.682539,24.172638
0b_baseline_last,file,19,baseline,1343,025.Pelagic_Cormorant/Pelagic_Cormorant_0054_23812.jpg,25,24,025.Pelagic_Cormorant,23,22,gaussian_blur,gaussian_blur,0,"{""sigma"":1.674852}",0.35552841,0.28695038,-0.068578035,0.70080304,0.75054896,0.28152949,0.1300232,0.41927356,0.62052576,0.20125221,0.44657101,0.71848478,48.096161,34.55636,False,0.89004004,True,True,True,0.44657101,0.71848478,48.096161,34.55636,0.42216889,0.72954894,46.264196,33.751995,0.85157995,0.56378044,13.147808,7.4124769,0.43941967,0.64906114,11.270868,7.3154824,0.23767425,0.82201634,17.526887,14.407387,0.39807337,0.78948966,22.614065,17.85357,0.39531007,0.72818284,21.97266,16.000114,0.56651338,0.65275175,26.682539,17.417074
0b_baseline_last,file,19,baseline,1343,025.Pelagic_Cormorant/Pelagic_Cormorant_0054_23812.jpg,25,24,025.Pelagic_Cormorant,23,22,random_erasing,random_erasing,0,"{""area_fraction"":0.19144,""erased"":true,""height"":0.438769,""left"":0.19966,""top"":0.518976,""width"":0.436312}",0.35552841,0.54564834,0.19011992,0.70080304,0.57946599,0.28152949,0.27703002,0.41927356,0.30243596,-0.11683759,0.69300109,1.2072085,48.096161,58.062092,False,0.94447857,True,True,True,0.69300109,1.2072085,48.096161,58.062092,0.67571661,1.2134974,46.264196,56.141482,0.92534225,1.1264348,13.147808,14.810149,0.68318998,0.87721307,11.270868,9.8869527,0.65780957,1.3987738,17.526887,24.51615,0.65370055,1.2066322,22.614065,27.286859,0.63613679,1.1812264,21.97266,25.954687,0.73410015,1.2056255,26.682539,32.169149
0b_baseline_last,file,19,baseline,10014,171.Myrtle_Warbler/Myrtle_Warbler_0026_166680.jpg,171,170,171.Myrtle_Warbler,99,98,identity,identity,0,{},3.2427092,3.2427092,0,0.039057933,0.039057933,0.13622519,0.13622519,-0.097167261,-0.097167261,0,1,1,137.01848,137.01848,False,1,True,False,False,1,1,137.01848,137.01848,1,1,134.51422,134.51422,1,1,26.076602,26.076602,1,1,27.72727,27.72727,1,1,63.099798,63.099798,1,1,77.038551,77.038551,1,1,62.40976,62.40976,1,1,59.277085,59.277085
0b_baseline_last,file,19,baseline,10014,171.Myrtle_Warbler/Myrtle_Warbler_0026_166680.jpg,171,170,171.Myrtle_Warbler,99,98,horizontal_flip,horizontal_flip,0,"{""flipped"":true}",3.2427092,3.7502244,0.50751519,0.039057933,0.02351247,0.13622519,0.072711393,-0.097167261,-0.049198924,0.047968337,0.55933866,0.80352165,137.01848,110.09732,False,0.95117718,False,False,False,0.55933866,0.80352165,137.01848,110.09732,0.54280971,0.79776622,134.51422,107.3109,0.93867207,0.9438652,26.076602,24.612798,0.39136249,0.71122916,27.72727,19.720443,0.30944834,0.70703591,63.099798,44.613823,0.60188501,0.78131867,77.038551,60.191658,0.60795017,0.83622693,62.40976,52.188722,0.63213324,0.89101984,59.277085,52.817059
0b_baseline_last,file,19,baseline,10014,171.Myrtle_Warbler/Myrtle_Warbler_0026_166680.jpg,171,170,171.Myrtle_Warbler,99,98,color_jitter,color_jitter,0,"{""brightness"":1.113618,""contrast"":1.15226,""hue"":-0.012283,""saturation"":0.975212}",3.2427092,4.9320984,1.6893892,0.039057933,0.0072113546,0.13622519,0.23778792,-0.097167261,-0.23057656,-0.1334093,0.77843155,0.85047353,137.01848,116.53059,False,0.95792276,True,False,False,0.77843155,0.85047353,137.01848,116.53059,0.77174854,0.84463627,134.51422,113.61559,0.93946411,0.99327698,26.076602,25.901289,0.66708224,0.68723238,27.72727,19.055078,0.76606373,0.76010124,63.099798,47.962235,0.77160573,0.81884374,77.038551,63.082535,0.77088834,0.86322779,62.40976,53.873839,0.80924747,0.97834417,59.277085,57.993391
0b_baseline_last,file,19,baseline,10014,171.Myrtle_Warbler/Myrtle_Warbler_0026_166680.jpg,171,170,171.Myrtle_Warbler,99,98,rotation,rotation,0,"{""angle"":-5.221658}",3.2427092,3.4709327,0.22822356,0.039057933,0.031088019,0.13622519,0.19146396,-0.097167261,-0.16037594,-0.063208682,0.7667407,1.0767896,137.01848,147.54008,False,0.94948208,True,False,False,0.7667407,1.0767896,137.01848,147.54008,0.76045887,1.0781061,134.51422,145.0206,0.9402799,1.0411476,26.076602,27.149591,0.82761483,1.1023264,27.72727,30.564501,0.76752624,1.0635254,63.099798,67.108235,0.76526932,1.0916462,77.038551,84.098842,0.73162445,1.0640846,62.40976,66.409265,0.76115021,1.0815801,59.277085,64.112917
0b_baseline_last,file,19,baseline,10014,171.Myrtle_Warbler/Myrtle_Warbler_0026_166680.jpg,171,170,171.Myrtle_Warbler,99,98,random_resized_crop,random_resized_crop,0,"{""area_fraction"":0.66336,""aspect"":0.921368,""fallback"":false,""height"":0.848512,""left"":0.06134,""top"":0.111303,""width"":0.781792}",3.2427092,5.0036068,1.7608976,0.039057933,0.006713687,0.13622519,0.037446223,-0.097167261,-0.030732536,0.066434725,0.735288,1.2421707,137.01848,170.20035,False,0.90382099,False,False,False,0.735288,1.2421707,137.01848,170.20035,0.73120871,1.2506473,134.51422,168.22984,0.89189925,0.99031225,26.076602,25.823979,0.77220703,1.1738894,27.72727,32.548749,0.74492113,1.323605,63.099798,83.519206,0.78269529,1.2244978,77.038551,94.333535,0.68742728,1.2772631,62.40976,79.713686,0.6709595,1.1944709,59.277085,70.804756
0b_baseline_last,file,19,baseline,10014,171.Myrtle_Warbler/Myrtle_Warbler_0026_166680.jpg,171,170,171.Myrtle_Warbler,99,98,gaussian_blur,gaussian_blur,0,"{""sigma"":1.941389}",3.2427092,4.8468409,1.6041317,0.039057933,0.0078531476,0.13622519,0.017526211,-0.097167261,-0.0096730636,0.087494197,0.22542902,0.84047062,137.01848,115.16001,False,0.75620329,False,False,False,0.22542902,0.84047062,137.01848,115.16001,0.20539536,0.83482821,134.51422,112.29627,0.68286654,0.97873464,26.076602,25.522074,0.041646537,0.88514019,27.72727,24.542521,0.059154391,0.9051753,63.099798,57.116379,0.15198382,0.71715478,77.038551,55.248565,0.26181834,0.80513266,62.40976,50.248136,0.41751212,0.94960687,59.277085,56.289928
0b_baseline_last,file,19,baseline,10014,171.Myrtle_Warbler/Myrtle_Warbler_0026_166680.jpg,171,170,171.Myrtle_Warbler,99,98,random_erasing,random_erasing,0,"{""area_fraction"":0.050277,""erased"":true,""height"":0.294443,""left"":0.729437,""top"":0.457297,""width"":0.170752}",3.2427092,3.4341154,0.19140625,0.039057933,0.032253932,0.13622519,0.098417014,-0.097167261,-0.066163082,0.031004179,0.96255099,0.99900003,137.01848,136.88147,False,0.99541044,False,False,False,0.96255099,0.99900003,137.01848,136.88147,0.96139967,0.99910795,134.51422,134.39423,0.99328297,0.99612408,26.076602,25.975532,0.9536827,0.97325736,27.72727,26.98577,0.97509146,0.98812159,63.099798,62.350273,0.97083001,0.99687308,77.038551,76.797658,0.94642731,1.0147488,62.40976,63.330229,0.94899659,1.0033595,59.277085,59.476227
0b_baseline_last,file,19,baseline,3605,062.Herring_Gull/Herring_Gull_0065_48098.jpg,62,61,062.Herring_Gull,74,73,identity,identity,0,{},4.7537355,4.7537355,0,0.0086194342,0.0086194342,0.24603122,0.24603122,-0.23741179,-0.23741179,0,1,1,138.82187,138.82187,False,1,True,False,False,1,1,138.82187,138.82187,1,1,135.98548,135.98548,1,1,27.918813,27.918813,1,1,27.367289,27.367289,1,1,62.841695,62.841695,1,1,75.294558,75.294558,1,1,63.44013,63.44013,1,1,64.031899,64.031899
0b_baseline_last,file,19,baseline,3605,062.Herring_Gull/Herring_Gull_0065_48098.jpg,62,61,062.Herring_Gull,74,73,horizontal_flip,horizontal_flip,0,"{""flipped"":true}",4.7537355,3.1246431,-1.6290925,0.0086194342,0.043952618,0.24603122,0.02472458,-0.23741179,0.019228037,0.25663983,0.55605473,1.125657,138.82187,156.2658,False,0.94689292,False,False,False,0.55605473,1.125657,138.82187,156.2658,0.54356485,1.1242249,135.98548,152.87826,0.84369695,1.1591133,27.918813,32.361067,0.52183351,1.1930785,27.367289,32.651325,0.50775478,1.1746365,62.841695,73.816152,0.53822069,1.0945096,75.294558,82.41062,0.54824787,1.1443394,63.44013,72.597042,0.58953494,1.0814275,64.031899,69.245859
0b_baseline_last,file,19,baseline,3605,062.Herring_Gull/Herring_Gull_0065_48098.jpg,62,61,062.Herring_Gull,74,73,color_jitter,color_jitter,0,"{""brightness"":1.068373,""contrast"":1.173033,""hue"":-0.062039,""saturation"":1.379359}",4.7537355,4.9518661,0.19813061,0.0086194342,0.0070702038,0.24603122,0.3872126,-0.23741179,-0.3801424,-0.14273061,0.70881074,1.2477185,138.82187,173.21062,False,0.94065797,True,False,False,0.70881074,1.2477185,138.82187,173.21062,0.70150996,1.2552864,135.98548,170.70073,0.92609104,1.052333,27.918813,29.379887,0.68141846,1.3000535,27.367289,35.578939,0.69231101,1.4591187,62.841695,91.693492,0.70669684,1.2223375,75.294558,92.03536,0.68856797,1.1973989,63.44013,75.963143,0.73804214,1.1287992,64.031899,72.279156
0b_baseline_last,file,19,baseline,3605,062.Herring_Gull/Herring_Gull_0065_48098.jpg,62,61,062.Herring_Gull,74,73,rotation,rotation,0,"{""angle"":4.608091}",4.7537355,4.7990932,0.045357704,0.0086194342,0.008237211,0.24603122,0.19437952,-0.23741179,-0.18614231,0.051269478,0.71020118,0.90606052,138.82187,125.78102,False,0.9606303,False,False,False,0.71020118,0.90606052,138.82187,125.78102,0.69995968,0.89168801,135.98548,121.25663,0.92052514,1.1974702,27.918813,33.431947,0.47205411,0.91964671,27.367289,25.168237,0.70723609,0.84032704,62.841695,52.807575,0.68336355,0.79130222,75.294558,59.580751,0.69113562,0.93125654,63.44013,59.079036,0.77066933,1.0170262,64.031899,65.12212
0b_baseline_last,file,19,baseline,3605,062.Herring_Gull/Herring_Gull_0065_48098.jpg,62,61,062.Herring_Gull,74,73,random_resized_crop,random_resized_crop,0,"{""area_fraction"":0.709805,""aspect"":1.1647,""fallback"":false,""height"":0.780661,""left"":0.070522,""top"":0.062,""width"":0.909236}",4.7537355,4.2705088,-0.48322678,0.0086194342,0.013974673,0.24603122,0.21128982,-0.23741179,-0.19731515,0.040096641,0.68609895,0.89061238,138.82187,123.63648,False,0.95390117,True,False,False,0.68609895,0.89061238,138.82187,123.63648,0.67379122,0.8857946,135.98548,120.45521,0.94990412,0.99811311,27.918813,27.866134,0.61928883,1.0621317,27.367289,29.067665,0.66622972,0.93515456,62.841695,58.766698,0.67388186,0.7915277,75.294558,59.597728,0.65233833,0.86795072,63.44013,55.062907,0.72115579,0.94056491,64.031899,60.226158
0b_baseline_last,file,19,baseline,3605,062.Herring_Gull/Herring_Gull_0065_48098.jpg,62,61,062.Herring_Gull,74,73,gaussian_blur,gaussian_blur,0,"{""sigma"":1.575653}",4.7537355,5.3214335,0.567698,0.0086194342,0.0048857448,0.24603122,0.12732443,-0.23741179,-0.12243869,0.1149731,0.51482323,0.91204331,138.82187,126.61156,False,0.86780268,True,False,False,0.51482323,0.91204331,138.82187,126.61156,0.499451,0.90626597,135.98548,123.23902,0.83734292,1.0397334,27.918813,29.028122,0.2868822,0.90720594,27.367289,24.827767,0.46920808,0.84602849,62.841695,53.165864,0.49869618,0.79437851,75.294558,59.812378,0.49793867,0.94731223,63.44013,60.097611,0.56995395,1.0540851,64.031899,67.49507
0b_baseline_last,file,19,baseline,3605,062.Herring_Gull/Herring_Gull_0065_48098.jpg,62,61,062.Herring_Gull,74,73,random_erasing,random_erasing,0,"{""area_fraction"":0.104814,""erased"":true,""height"":0.384989,""left"":0.074973,""top"":0.073773,""width"":0.272252}",4.7537355,4.6113415,-0.14239407,0.0086194342,0.0099384757,0.24603122,0.24104907,-0.23741179,-0.23111059,0.0063012,0.93003029,1.003035,138.82187,139.2432,False,0.99033821,True,False,False,0.93003029,1.003035,138.82187,139.2432,0.92767918,1.0047316,135.98548,136.62891,0.98913976,0.96190805,27.918813,26.855331,0.95195075,0.97053311,27.367289,26.56086,0.92677727,0.99195945,62.841695,62.336414,0.93671191,0.99363103,75.294558,74.815009,0.91956064,1.0217589,63.44013,64.820515,0.92062976,1.0213669,64.031899,65.40006
0b_baseline_last,file,19,baseline,11366,193.Bewick_Wren/Bewick_Wren_0067_184816.jpg,193,192,193.Bewick_Wren,178,177,identity,identity,0,{},0.10691653,0.10691653,0,0.8986007,0.8986007,0.019339306,0.019339306,0.87926139,0.87926139,0,1,1,16.381533,16.381533,False,0.99999994,True,True,True,1,1,16.381533,16.381533,1,1,16.10482,16.10482,1,1,2.9982325,2.9982325,1,1,3.0898395,3.0898395,1,1,8.1296805,8.1296805,1,1,8.2660591,8.2660591,1,1,7.492464,7.492464,1,1,7.6981602,7.6981602
0b_baseline_last,file,19,baseline,11366,193.Bewick_Wren/Bewick_Wren_0067_184816.jpg,193,192,193.Bewick_Wren,178,177,horizontal_flip,horizontal_flip,0,"{""flipped"":true}",0.10691653,0.089666434,-0.017250098,0.8986007,0.91423607,0.019339306,0.0088829845,0.87926139,0.90535308,0.026091693,0.65660037,0.91671351,16.381533,15.017173,False,0.97000724,True,True,True,0.65660037,0.91671351,16.381533,15.017173,0.64686448,0.91903739,16.10482,14.800932,0.96354773,0.84692249,2.9982325,2.5392706,0.64671579,0.8990085,3.0898395,2.777792,0.63459327,0.95488768,8.1296805,7.7629317,0.63952683,0.99049597,8.2660591,8.1874983,0.63746062,0.90228128,7.492464,6.76031,0.69263424,0.80445887,7.6981602,6.1928533
0b_baseline_last,file,19,baseline,11366,193.Bewick_Wren/Bewick_Wren_0067_184816.jpg,193,192,193.Bewick_Wren,178,177,color_jitter,color_jitter,0,"{""brightness"":1.33716,""contrast"":1.320027,""hue"":0.001226,""saturation"":0.774763}",0.10691653,0.29145563,0.18453909,0.8986007,0.74717516,0.019339306,0.0082041454,0.87926139,0.73897101,-0.14029038,0.72028312,2.6024716,16.381533,42.632475,False,0.94032919,True,True,True,0.72028312,2.6024716,16.381533,42.632475,0.71380353,2.6071367,16.10482,41.987468,0.91919993,2.4640725,2.9982325,7.3878625,0.70443396,3.7661264,3.0898395,11.636726,0.74281811,2.5045556,8.1296805,20.361237,0.70743466,2.5626304,8.2660591,21.182854,0.66386639,2.6458847,7.492464,19.824195,0.75449473,2.5028892,7.6981602,19.267642
0b_baseline_last,file,19,baseline,11366,193.Bewick_Wren/Bewick_Wren_0067_184816.jpg,193,192,193.Bewick_Wren,178,177,rotation,rotation,0,"{""angle"":-1.477489}",0.10691653,0.40357831,0.29666178,0.8986007,0.66792572,0.019339306,0.12683386,0.87926139,0.54109186,-0.33816953,0.8302334,3.5465644,16.381533,58.098162,False,0.95771611,True,True,True,0.8302334,3.5465644,16.381533,58.098162,0.82644652,3.54494,16.10482,57.090622,0.93810192,3.5931139,2.9982325,10.772991,0.80494534,4.2746787,3.0898395,13.208071,0.82844641,3.2887978,8.1296805,26.736875,0.82907667,3.796587,8.2660591,31.382813,0.82232388,3.5765292,7.492464,26.797016,0.83875049,3.3550343,7.6981602,25.827592
0b_baseline_last,file,19,baseline,11366,193.Bewick_Wren/Bewick_Wren_0067_184816.jpg,193,192,193.Bewick_Wren,178,177,random_resized_crop,random_resized_crop,0,"{""area_fraction"":0.704724,""aspect"":1.217046,""fallback"":false,""height"":0.76095,""left"":0.037633,""top"":0.229882,""width"":0.926111}",0.10691653,1.4917881,1.3848716,0.8986007,0.22497001,0.019339306,0.06645418,0.87926139,0.15851583,-0.72074556,0.66135957,7.4798465,16.381533,122.53135,False,0.91734159,True,True,True,0.66135957,7.4798465,16.381533,122.53135,0.65305537,7.4864121,16.10482,120.56732,0.90771362,7.2878662,2.9982325,21.850718,0.33800504,7.8938514,3.0898395,24.390734,0.66614346,6.5581271,8.1296805,53.315478,0.65714402,8.2887765,8.2660591,68.515516,0.65993129,7.7294167,7.492464,57.912376,0.69453768,7.1749808,7.6981602,55.234152
0b_baseline_last,file,19,baseline,11366,193.Bewick_Wren/Bewick_Wren_0067_184816.jpg,193,192,193.Bewick_Wren,178,177,gaussian_blur,gaussian_blur,0,"{""sigma"":1.297187}",0.10691653,2.9494529,2.8425363,0.8986007,0.05236835,0.019339306,0.27014419,0.87926139,-0.21777584,-1.0970372,0.55065377,8.5282898,16.381533,139.70646,False,0.8036797,False,True,False,0.55065377,8.5282898,16.381533,139.70646,0.54211778,8.4906813,16.10482,136.7409,0.77328838,9.5498105,2.9982325,28.632553,0.6979519,11.514262,3.0898395,35.577222,0.58553524,9.0894722,8.1296805,73.894505,0.53982785,8.9263511,8.2660591,73.785746,0.47830702,7.8547049,7.492464,58.851094,0.52850576,7.1906468,7.6981602,55.354751
0b_baseline_last,file,19,baseline,11366,193.Bewick_Wren/Bewick_Wren_0067_184816.jpg,193,192,193.Bewick_Wren,178,177,random_erasing,random_erasing,0,"{""area_fraction"":0.149571,""erased"":true,""height"":0.279604,""left"":0.450612,""top"":0.169981,""width"":0.534939}",0.10691653,0.18517992,0.078263387,0.8986007,0.83095479,0.019339306,0.027877776,0.87926139,0.80307701,-0.076184377,0.92356246,1.5819253,16.381533,25.914361,False,0.98188537,True,True,True,0.92356246,1.5819253,16.381533,25.914361,0.92162859,1.5815152,16.10482,25.470017,0.97895831,1.5937125,2.9982325,4.7783206,0.95035899,1.6082899,3.0898395,4.9693578,0.9331606,1.4313485,8.1296805,11.636406,0.92397618,1.6444362,8.2660591,13.593006,0.91208147,1.6267734,7.492464,12.188541,0.91796515,1.6187737,7.6981602,12.461579
0b_baseline_last,file,19,baseline,7676,131.Vesper_Sparrow/Vesper_Sparrow_0057_125649.jpg,131,130,131.Vesper_Sparrow,119,118,identity,identity,0,{},0.22808737,0.22808737,0,0.79605472,0.79605472,0.059138965,0.059138965,0.73691576,0.73691576,0,1,1,40.670824,40.670824,False,1,True,True,True,1,1,40.670824,40.670824,1,1,40.136648,40.136648,1,1,6.5700419,6.5700419,1,1,7.7877627,7.7877627,1,1,16.71768,16.71768,1,1,22.834986,22.834986,1,1,20.868719,20.868719,1,1,17.71667,17.71667
0b_baseline_last,file,19,baseline,7676,131.Vesper_Sparrow/Vesper_Sparrow_0057_125649.jpg,131,130,131.Vesper_Sparrow,119,118,horizontal_flip,horizontal_flip,0,"{""flipped"":true}",0.22808737,0.23310903,0.0050216615,0.79605472,0.79206723,0.059138965,0.1495897,0.73691576,0.64247753,-0.094438229,0.64262521,1.5752175,40.670824,64.065393,False,0.96805048,True,True,True,0.64262521,1.5752175,40.670824,64.065393,0.63741461,1.5824904,40.136648,63.51586,0.89888395,1.2744483,6.5700419,8.3731785,0.67659318,1.2978586,7.7877627,10.107414,0.6041377,2.0645589,16.71768,34.514636,0.66475149,1.5865398,22.834986,36.228613,0.6118869,1.4426942,20.868719,30.107181,0.71340155,1.2894583,17.71667,22.844907
0b_baseline_last,file,19,baseline,7676,131.Vesper_Sparrow/Vesper_Sparrow_0057_125649.jpg,131,130,131.Vesper_Sparrow,119,118,color_jitter,color_jitter,0,"{""brightness"":1.3147,""contrast"":0.994582,""hue"":-0.090566,""saturation"":1.311035}",0.22808737,3.7058568,3.4777694,0.79605472,0.024579149,0.059138965,0.26418436,0.73691576,-0.23960521,-0.97652096,0.58456537,4.3963757,40.670824,178.80422,False,0.825791,False,True,False,0.58456537,4.3963757,40.670824,178.80422,0.57990009,4.408856,40.136648,176.9567,0.78554328,3.9021676,6.5700419,25.637405,0.60658543,4.2370708,7.7877627,32.997302,0.58947842,4.8133583,16.71768,80.468186,0.61415549,4.5313104,22.834986,103.47241,0.55074936,4.1117246,20.868719,85.806426,0.54858134,4.2541118,17.71667,75.368694
0b_baseline_last,file,19,baseline,7676,131.Vesper_Sparrow/Vesper_Sparrow_0057_125649.jpg,131,130,131.Vesper_Sparrow,119,118,rotation,rotation,0,"{""angle"":-7.955895}",0.22808737,0.96572214,0.73763478,0.79605472,0.38070819,0.059138965,0.52006155,0.73691576,-0.13935336,-0.87626912,0.75996443,4.2624757,40.670824,173.3584,False,0.96216303,False,True,False,0.75996443,4.2624757,40.670824,173.3584,0.75792379,4.2791783,40.136648,171.75187,0.86260961,3.5838944,6.5700419,23.546336,0.74692941,4.0647823,7.7877627,31.65556,0.77117393,4.9262992,16.71768,82.356295,0.76913355,4.3964912,22.834986,100.39381,0.74411998,4.0745056,20.868719,85.029714,0.76134362,3.7462422,17.71667,66.370936
0b_baseline_last,file,19,baseline,7676,131.Vesper_Sparrow/Vesper_Sparrow_0057_125649.jpg,131,130,131.Vesper_Sparrow,119,118,random_resized_crop,random_resized_crop,0,"{""area_fraction"":0.79489,""aspect"":1.233505,""fallback"":false,""height"":0.802755,""left"":0.004285,""top"":0.021426,""width"":0.990203}",0.22808737,0.31452399,0.086436629,0.79605472,0.73013633,0.059138965,0.10565039,0.73691576,0.62448595,-0.11242981,0.74825543,1.4050461,40.670824,57.144385,False,0.95401269,True,True,True,0.74825543,1.4050461,40.670824,57.144385,0.74400378,1.4097402,40.136648,56.582247,0.93997876,1.2169828,6.5700419,7.9956279,0.70470707,1.2711908,7.7877627,9.8997323,0.72890044,1.5589387,16.71768,26.061839,0.76164701,1.426689,22.834986,32.578422,0.73566293,1.3660367,20.868719,28.507437,0.75425969,1.3240892,17.71667,23.458451
0b_baseline_last,file,19,baseline,7676,131.Vesper_Sparrow/Vesper_Sparrow_0057_125649.jpg,131,130,131.Vesper_Sparrow,119,118,gaussian_blur,gaussian_blur,0,"{""sigma"":1.88675}",0.22808737,7.6801519,7.4520646,0.79605472,0.0004619048,0.059138965,0.5577125,0.73691576,-0.55725059,-1.2941663,0.32389996,5.3800708,40.670824,218.81191,False,0.75523895,False,True,False,0.32389996,5.3800708,40.670824,218.81191,0.31243608,5.3680516,40.136648,215.4556,0.72012158,5.8108798,6.5700419,38.177724,0.31391517,5.3971119,7.7877627,42.031427,0.12092307,6.1646072,16.71768,103.05793,0.36150762,5.7102467,22.834986,130.3934,0.35624979,4.6885914,20.868719,97.844898,0.3836234,4.8743166,17.71667,86.356657
0b_baseline_last,file,19,baseline,7676,131.Vesper_Sparrow/Vesper_Sparrow_0057_125649.jpg,131,130,131.Vesper_Sparrow,119,118,random_erasing,random_erasing,0,"{""area_fraction"":0.139286,""erased"":true,""height"":0.371943,""left"":0.304832,""top"":0.317916,""width"":0.374481}",0.22808737,6.3231244,6.095037,0.79605472,0.0017943289,0.059138965,0.0089155687,0.73691576,-0.0071212398,-0.744037,0.28784477,2.9701986,40.670824,120.80043,False,0.70568812,False,True,False,0.28784477,2.9701986,40.670824,120.80043,0.27587488,2.9373922,40.136648,117.89708,0.62881279,4.0068717,6.5700419,26.325315,0.39986287,2.4952592,7.7877627,19.432487,0.38595618,3.149744,16.71768,52.656413,0.24241139,2.626091,22.834986,59.966749,0.2300482,2.589456,20.868719,54.03863,0.27222736,3.6724269,17.71667,65.063174
0b_baseline_last,file,19,baseline,10852,185.Bohemian_Waxwing/Bohemian_Waxwing_0039_177702.jpg,185,184,185.Bohemian_Waxwing,112,111,identity,identity,0,{},0.0010587331,0.0010587331,0,0.99894184,0.99894184,0.00026326769,0.00026326769,0.99867857,0.99867857,0,1,1,0.16927582,0.16927582,False,1,True,True,True,1,1,0.16927582,0.16927582,1,1,0.16615356,0.16615356,1,1,0.032362002,0.032362002,1,1,0.039113279,0.039113279,1,1,0.066601889,0.066601889,1,1,0.078680109,0.078680109,1,1,0.083126814,0.083126814,1,1,0.092416006,0.092416006
0b_baseline_last,file,19,baseline,10852,185.Bohemian_Waxwing/Bohemian_Waxwing_0039_177702.jpg,185,184,185.Bohemian_Waxwing,112,111,horizontal_flip,horizontal_flip,0,"{""flipped"":true}",0.0010587331,0.0006227938,-0.00043593929,0.99894184,0.99937743,0.00026326769,3.4111908e-05,0.99867857,0.99934332,0.00066474653,0.57334299,0.57535206,0.16927582,0.097393194,False,0.97333723,True,True,True,0.57334299,0.57535206,0.16927582,0.097393194,0.5591484,0.57344262,0.16615356,0.095279533,0.91936586,0.62358029,0.032362002,0.020180307,0.54690696,0.5033906,0.039113279,0.019689257,0.28496607,0.54708003,0.066601889,0.036436564,0.50299615,0.56009882,0.078680109,0.044068636,0.55373738,0.57410215,0.083126814,0.047723283,0.73309131,0.60666465,0.092416006,0.056065524
0b_baseline_last,file,19,baseline,10852,185.Bohemian_Waxwing/Bohemian_Waxwing_0039_177702.jpg,185,184,185.Bohemian_Waxwing,112,111,color_jitter,color_jitter,0,"{""brightness"":0.965562,""contrast"":1.389119,""hue"":-0.076927,""saturation"":1.122606}",0.0010587331,0.0065181744,0.0054594413,0.99894184,0.99350303,0.00026326769,0.0013582113,0.99867857,0.99214482,-0.0065337482,0.79415834,6.2455184,0.16927582,1.0572153,False,0.96973503,True,True,True,0.79415834,6.2455184,0.16927582,1.0572153,0.78793545,6.2520524,0.16615356,1.0388008,0.96342568,6.0707441,0.032362002,0.19646143,0.84604207,8.6346897,0.039113279,0.33773103,0.73798094,5.8106063,0.066601889,0.38699736,0.7501319,6.1230236,0.078680109,0.48176017,0.77999382,6.4392753,0.083126814,0.53527645,0.84751349,5.893663,0.092416006,0.54466879
0b_baseline_last,file,19,baseline,10852,185.Bohemian_Waxwing/Bohemian_Waxwing_0039_177702.jpg,185,184,185.Bohemian_Waxwing,112,111,rotation,rotation,0,"{""angle"":-3.975545}",0.0010587331,0.00046028034,-0.00059845275,0.99894184,0.99953985,0.00026326769,7.1759299e-05,0.99867857,0.99946809,0.00078952179,0.84273188,0.44363857,0.16927582,0.075097284,False,0.98441768,True,True,True,0.84273188,0.44363857,0.16927582,0.075097284,0.8374996,0.44344773,0.16615356,0.073680419,0.97911466,0.44863977,0.032362002,0.014518881,0.88143423,0.50494524,0.039113279,0.019750064,0.7823868,0.39082964,0.066601889,0.026029992,0.80008689,0.4493271,0.078680109,0.035353105,0.82332744,0.44754216,0.083126814,0.037202754,0.89665038,0.44971321,0.092416006,0.041560699
0b_baseline_last,file,19,baseline,10852,185.Bohemian_Waxwing/Bohemian_Waxwing_0039_177702.jpg,185,184,185.Bohemian_Waxwing,112,111,random_resized_crop,random_resized_crop,0,"{""area_fraction"":0.804844,""aspect"":0.8363,""fallback"":false,""height"":0.981013,""left"":0.157683,""top"":0.015499,""width"":0.820422}",0.0010587331,0.0014581772,0.00039944414,0.99894184,0.9985429,0.00026326769,0.00081345643,0.99867857,0.99772945,-0.00094912262,0.79473224,1.6427272,0.16927582,0.278074,False,0.98590207,True,True,True,0.79473224,1.6427272,0.16927582,0.278074,0.78913526,1.6446048,0.16615356,0.27325694,0.94750145,1.5924354,0.032362002,0.051534398,0.8050331,1.4525114,0.039113279,0.056812483,0.74095992,1.8641949,0.066601889,0.1241589,0.78197383,1.8075313,0.078680109,0.14221676,0.79407216,1.5704303,0.083126814,0.13054487,0.83315463,1.4820202,0.092416006,0.13696238
0b_baseline_last,file,19,baseline,10852,185.Bohemian_Waxwing/Bohemian_Waxwing_0039_177702.jpg,185,184,185.Bohemian_Waxwing,112,111,gaussian_blur,gaussian_blur,0,"{""sigma"":1.887641}",0.0010587331,0.077824757,0.076766023,0.99894184,0.92512655,0.00026326769,0.014838863,0.99867857,0.91028769,-0.088390882,0.45699063,104.01164,0.16927582,17.606655,False,0.88273335,True,True,True,0.45699063,104.01164,0.16927582,17.606655,0.44840161,105.09213,0.16615356,17.461431,0.83618732,69.733247,0.032362002,2.2567075,0.34292915,79.988785,0.039113279,3.1286237,0.11794518,116.15721,0.066601889,7.7362893,0.4690549,134.13507,0.078680109,10.553762,0.52836605,106.20658,0.083126814,8.8286147,0.67204831,73.338684,0.092416006,6.7776683
0b_baseline_last,file,19,baseline,10852,185.Bohemian_Waxwing/Bohemian_Waxwing_0039_177702.jpg,185,184,185.Bohemian_Waxwing,112,111,random_erasing,random_erasing,0,"{""area_fraction"":0.13115,""erased"":true,""height"":0.588371,""left"":0.688986,""top"":0.331127,""width"":0.222904}",0.0010587331,0.0028628814,0.0018041483,0.99894184,0.99714124,0.00026326769,0.00058459013,0.99867857,0.99655665,-0.0021219192,0.8967059,2.7237351,0.16927582,0.4610625,False,0.99146742,True,True,True,0.8967059,2.7237351,0.16927582,0.4610625,0.8933871,2.7283973,0.16615356,0.45333293,0.98962819,2.597822,0.032362002,0.084070721,0.91657513,2.6403342,0.039113279,0.10327213,0.81118524,2.5943266,0.066601889,0.17278706,0.8922386,2.8914099,0.078680109,0.22749645,0.90100705,2.8029497,0.083126814,0.23300028,0.92849945,2.6271311,0.092416006,0.24278896
0b_baseline_last,file,19,baseline,2635,046.Gadwall/Gadwall_0012_30920.jpg,46,45,046.Gadwall,65,64,identity,identity,0,{},0.89004445,0.89004445,0,0.4106375,0.4106375,0.14287555,0.14287555,0.26776195,0.26776195,0,1,1,102.09476,102.09476,False,1,True,True,True,1,1,102.09476,102.09476,1,1,100.47182,100.47182,1,1,18.131567,18.131567,1,1,24.831573,24.831573,1,1,40.895982,40.895982,1,1,50.581047,50.581047,1,1,50.184401,50.184401,1,1,52.235824,52.235824
0b_baseline_last,file,19,baseline,2635,046.Gadwall/Gadwall_0012_30920.jpg,46,45,046.Gadwall,65,64,horizontal_flip,horizontal_flip,0,"{""flipped"":true}",0.89004445,0.18301187,-0.70703258,0.4106375,0.83275825,0.14287555,0.022079948,0.26776195,0.8106783,0.54291635,0.61536899,0.26031981,102.09476,26.577289,False,0.94420016,True,True,True,0.61536899,0.26031981,102.09476,26.577289,0.60359329,0.25848335,100.47182,25.970292,0.92575121,0.31148293,18.131567,5.6476737,0.62494838,0.25892551,24.831573,6.4295278,0.46471273,0.27202303,40.895982,11.124649,0.6071508,0.25181213,50.581047,12.736921,0.58720837,0.24592163,50.184401,12.34143,0.69799555,0.26720687,52.235824,13.957771
0b_baseline_last,file,19,baseline,2635,046.Gadwall/Gadwall_0012_30920.jpg,46,45,046.Gadwall,65,64,color_jitter,color_jitter,0,"{""brightness"":0.848759,""contrast"":1.364889,""hue"":-0.042545,""saturation"":1.222407}",0.89004445,1.9816096,1.0915651,0.4106375,0.13784717,0.14287555,0.003057251,0.26776195,0.13478992,-0.13297203,0.55704972,1.5128162,102.09476,154.4506,False,0.88741988,False,True,False,0.55704972,1.5128162,102.09476,154.4506,0.55053365,1.51029,100.47182,151.74158,0.74797268,1.5884301,18.131567,28.800728,0.51222728,1.6507522,24.831573,40.990773,0.54327762,1.6857884,40.895982,68.94197,0.54029087,1.600473,50.581047,80.953602,0.54435654,1.4510821,50.184401,72.821685,0.59489583,1.3174298,52.235824,68.817033
0b_baseline_last,file,19,baseline,2635,046.Gadwall/Gadwall_0012_30920.jpg,46,45,046.Gadwall,65,64,rotation,rotation,0,"{""angle"":-3.237533}",0.89004445,1.0989488,0.20890439,0.4106375,0.33322117,0.14287555,0.22873525,0.26776195,0.10448591,-0.16327603,0.79848773,1.3198647,102.09476,134.75127,False,0.96555114,True,True,True,0.79848773,1.3198647,102.09476,134.75127,0.7938898,1.3239164,100.47182,133.01629,0.9602257,1.1887505,18.131567,21.553909,0.73305594,0.93897379,24.831573,23.316196,0.71809113,1.3750797,40.895982,56.235237,0.79149302,1.3908481,50.581047,70.350555,0.81835529,1.3699242,50.184401,68.748823,0.84376238,1.2570572,52.235824,65.66342
0b_baseline_last,file,19,baseline,2635,046.Gadwall/Gadwall_0012_30920.jpg,46,45,046.Gadwall,65,64,random_resized_crop,random_resized_crop,0,"{""area_fraction"":0.76441,""aspect"":0.900083,""fallback"":false,""height"":0.921556,""left"":0.124859,""top"":0.020906,""width"":0.829477}",0.89004445,0.56758219,-0.32246226,0.4106375,0.56689441,0.14287555,0.046110418,0.26776195,0.52078399,0.25302205,0.76295361,0.7182935,102.09476,73.334002,False,0.94257557,True,True,True,0.76295361,0.7182935,102.09476,73.334002,0.75755508,0.71835796,100.47182,72.17473,0.92919547,0.71631148,18.131567,12.98785,0.83935186,0.67777655,24.831573,16.830258,0.72927153,0.78525486,40.895982,32.113769,0.72270216,0.72980131,50.581047,36.914115,0.75518307,0.69736357,50.184401,34.996773,0.79908519,0.69215742,52.235824,36.155414
0b_baseline_last,file,19,baseline,2635,046.Gadwall/Gadwall_0012_30920.jpg,46,45,046.Gadwall,65,64,gaussian_blur,gaussian_blur,0,"{""sigma"":1.579205}",0.89004445,4.4265513,3.5365069,0.4106375,0.011955649,0.14287555,0.040440816,0.26776195,-0.028485168,-0.29624711,0.41805355,2.1949797,102.09476,224.09593,False,0.84548485,False,True,False,0.41805355,2.1949797,102.09476,224.09593,0.41030709,2.2074858,100.47182,221.79011,0.72502294,1.7684363,18.131567,32.064522,-0.009609359,1.6536127,24.831573,41.061804,0.38520678,2.6165943,40.895982,107.00819,0.37217772,2.2294606,50.581047,112.76845,0.47563693,2.1948928,50.184401,110.14938,0.49104618,2.0264047,52.235824,105.85092
0b_baseline_last,file,19,baseline,2635,046.Gadwall/Gadwall_0012_30920.jpg,46,45,046.Gadwall,65,64,random_erasing,random_erasing,0,"{""area_fraction"":0.16055,""erased"":true,""height"":0.223008,""left"":0.161092,""top"":0.385557,""width"":0.719929}",0.89004445,0.67349905,-0.2165454,0.4106375,0.50992125,0.14287555,0.0819939,0.26776195,0.42792735,0.16016541,0.77782305,0.88529679,102.09476,90.384162,False,0.94023407,True,True,True,0.77782305,0.88529679,102.09476,90.384162,0.77272122,0.8847958,100.47182,88.897042,0.93185523,0.9005442,18.131567,16.328278,0.88333203,0.8589177,24.831573,21.328278,0.74227563,0.87143608,40.895982,35.638234,0.77518088,0.88142557,50.581047,44.583428,0.74865678,0.9116724,50.184401,45.751733,0.7880626,0.87661771,52.235824,45.790849
0b_baseline_last,file,19,baseline,7837,134.Cape_Glossy_Starling/Cape_Glossy_Starling_0096_129388.jpg,134,133,134.Cape_Glossy_Starling,9,8,identity,identity,0,{},1.0112736,1.0112736,0,0.36375538,0.36375538,0.25588015,0.25588015,0.10787523,0.10787523,0,1,1,84.773417,84.773417,False,0.99999988,True,True,True,1,1,84.773417,84.773417,1,1,83.456626,83.456626,1,1,14.883675,14.883675,1,1,24.599751,24.599751,1,1,42.30302,42.30302,1,1,43.047169,43.047169,1,1,34.433334,34.433334,1,1,39.135686,39.135686
0b_baseline_last,file,19,baseline,7837,134.Cape_Glossy_Starling/Cape_Glossy_Starling_0096_129388.jpg,134,133,134.Cape_Glossy_Starling,9,8,horizontal_flip,horizontal_flip,0,"{""flipped"":true}",1.0112736,1.0549194,0.04364574,0.36375538,0.3482205,0.25588015,0.30157477,0.10787523,0.046645731,-0.061229497,0.82900183,1.1601413,84.773417,98.349146,False,0.97922057,True,True,True,0.82900183,1.1601413,84.773417,98.349146,0.82446283,1.1613389,83.456626,96.921423,0.97722082,1.1218382,14.883675,16.697075,0.89785161,0.98174853,24.599751,24.15077,0.84521186,1.1333948,42.30302,47.946023,0.83946395,1.2321954,43.047169,53.042526,0.75268592,1.2710658,34.433334,43.767033,0.82913953,1.0788381,39.135686,42.221071
0b_baseline_last,file,19,baseline,7837,134.Cape_Glossy_Starling/Cape_Glossy_Starling_0096_129388.jpg,134,133,134.Cape_Glossy_Starling,9,8,color_jitter,color_jitter,0,"{""brightness"":0.744449,""contrast"":1.111917,""hue"":-0.049103,""saturation"":1.038802}",1.0112736,0.13026837,-0.88100526,0.36375538,0.87785983,0.25588015,0.044017669,0.10787523,0.83384216,0.72596693,0.82984846,0.29015614,84.773417,24.597528,False,0.93623668,True,True,True,0.82984846,0.29015614,84.773417,24.597528,0.82855763,0.29226026,83.456626,24.391056,0.92542819,0.2136819,14.883675,3.1803721,0.8468121,0.33089987,24.599751,8.1400545,0.85538771,0.30525383,42.30302,12.913159,0.86066547,0.29171152,43.047169,12.557355,0.78083199,0.29843799,34.433334,10.276215,0.79308094,0.25375934,39.135686,9.9310458
0b_baseline_last,file,19,baseline,7837,134.Cape_Glossy_Starling/Cape_Glossy_Starling_0096_129388.jpg,134,133,134.Cape_Glossy_Starling,9,8,rotation,rotation,0,"{""angle"":-2.497212}",1.0112736,1.1175963,0.10632265,0.36375538,0.32706502,0.25588015,0.31213471,0.10787523,0.014930308,-0.09294492,0.87325143,1.3822976,84.773417,117.18209,False,0.95703417,True,True,True,0.87325143,1.3822976,84.773417,117.18209,0.87141442,1.3885552,83.456626,115.88413,0.95456048,1.1685838,14.883675,17.392821,0.80832708,1.2838535,24.599751,31.582476,0.8997256,1.4136565,42.30302,59.801937,0.89712357,1.4842091,43.047169,63.890999,0.84552579,1.4753402,34.433334,50.800881,0.86064014,1.1964885,39.135686,46.825398
0b_baseline_last,file,19,baseline,7837,134.Cape_Glossy_Starling/Cape_Glossy_Starling_0096_129388.jpg,134,133,134.Cape_Glossy_Starling,9,8,random_resized_crop,random_resized_crop,0,"{""area_fraction"":0.681901,""aspect"":1.022498,""fallback"":false,""height"":0.816637,""left"":0.096433,""top"":0.115036,""width"":0.83501}",1.0112736,3.3157117,2.3044381,0.36375538,0.036308195,0.25588015,0.59665763,0.10787523,-0.56034944,-0.66822467,0.74356251,1.9682269,84.773417,166.85332,False,0.92576075,False,True,False,0.74356251,1.9682269,84.773417,166.85332,0.73820414,1.966955,83.456626,164.15543,0.90876147,2.0078056,14.883675,29.883527,0.72592983,1.7459828,24.599751,42.950743,0.80611093,2.0414647,42.30302,86.360121,0.79591905,2.0225178,43.047169,87.063666,0.63798361,2.01596,34.433334,69.416224,0.66800836,1.8506291,39.135686,72.425639
0b_baseline_last,file,19,baseline,7837,134.Cape_Glossy_Starling/Cape_Glossy_Starling_0096_129388.jpg,134,133,134.Cape_Glossy_Starling,9,8,gaussian_blur,gaussian_blur,0,"{""sigma"":1.426822}",1.0112736,3.0281711,2.0168974,0.36375538,0.048404094,0.25588015,0.090530917,0.10787523,-0.042126823,-0.15000205,0.60115159,1.3580888,84.773417,115.12983,False,0.92548436,False,True,False,0.60115159,1.3580888,84.773417,115.12983,0.59111693,1.3500516,83.456626,112.67076,0.87678893,1.5902049,14.883675,23.668093,0.37615827,1.1516291,24.599751,28.329788,0.52382108,1.4263034,42.30302,60.336941,0.636047,1.3633704,43.047169,58.689238,0.61948828,1.4070596,34.433334,48.449754,0.67944229,1.2672851,39.135686,49.596073
0b_baseline_last,file,19,baseline,7837,134.Cape_Glossy_Starling/Cape_Glossy_Starling_0096_129388.jpg,134,133,134.Cape_Glossy_Starling,9,8,random_erasing,random_erasing,0,"{""area_fraction"":0.08688,""erased"":true,""height"":0.481393,""left"":0.647247,""top"":0.015837,""width"":0.180476}",1.0112736,0.93633407,-0.074939549,0.36375538,0.39206249,0.25588015,0.132098,0.10787523,0.25996448,0.15208925,0.8792664,1.0203951,84.773417,86.502377,False,0.97637653,True,True,True,0.8792664,1.0203951,84.773417,86.502377,0.87705215,1.023361,83.456626,85.40626,0.96114021,0.92228899,14.883675,13.72705,0.94173178,0.95672153,24.599751,23.535112,0.90874414,0.97035167,42.30302,41.048806,0.89010506,1.038286,43.047169,44.695273,0.82936911,1.0642034,34.433334,36.644071,0.84477896,1.0581382,39.135686,41.410964
0b_baseline_last,file,19,baseline,9657,165.Chestnut_sided_Warbler/Chestnut_Sided_Warbler_0081_163854.jpg,165,164,165.Chestnut_sided_Warbler,166,165,identity,identity,0,{},0.0084172487,0.0084172487,0,0.9916181,0.9916181,0.0067382134,0.0067382134,0.98487988,0.98487988,0,1,1,1.7594505,1.7594505,False,1,True,True,True,1,1,1.7594505,1.7594505,1,1,1.7281767,1.7281767,1,1,0.33025998,0.33025998,1,1,0.48885897,0.48885897,1,1,0.67293924,0.67293924,1,1,1.0017083,1.0017083,1,1,0.85975913,0.85975913,1,1,0.74307402,0.74307402
0b_baseline_last,file,19,baseline,9657,165.Chestnut_sided_Warbler/Chestnut_Sided_Warbler_0081_163854.jpg,165,164,165.Chestnut_sided_Warbler,166,165,horizontal_flip,horizontal_flip,0,"{""flipped"":true}",0.0084172487,0.0035306993,-0.0048865494,0.9916181,0.99647552,0.0067382134,0.0029149149,0.98487988,0.9935606,0.0086807194,0.70088567,0.38333205,1.7594505,0.67445379,False,0.97558576,True,True,True,0.70088567,0.38333205,1.7594505,0.67445379,0.68941919,0.38061978,1.7281767,0.65777822,0.97545028,0.45130926,0.33025998,0.14904939,0.63031002,0.27377268,0.48885897,0.13383623,0.55497202,0.35889446,0.67293924,0.24151416,0.75704739,0.38945547,1.0017083,0.39012076,0.65347809,0.39415777,0.85975913,0.33888075,0.74728576,0.40237261,0.74307402,0.29899263
0b_baseline_last,file,19,baseline,9657,165.Chestnut_sided_Warbler/Chestnut_Sided_Warbler_0081_163854.jpg,165,164,165.Chestnut_sided_Warbler,166,165,color_jitter,color_jitter,0,"{""brightness"":1.149382,""contrast"":0.663842,""hue"":0.092628,""saturation"":0.631627}",0.0084172487,0.042927738,0.03451049,0.9916181,0.95798063,0.0067382134,0.0037349099,0.98487988,0.95424572,-0.030634161,0.49074924,4.6225145,1.7594505,8.1330857,False,0.88693452,True,True,True,0.49074924,4.6225145,1.7594505,8.1330857,0.48401234,4.6427084,1.7281767,8.0234202,0.70800519,4.0304435,0.33025998,1.3310942,0.67779787,3.6642496,0.48885897,1.7913013,0.41672491,6.1201215,0.67293924,4.1184699,0.52524799,4.1252857,1.0017083,4.1323328,0.45417025,4.4326622,0.85975913,3.8110218,0.49294186,4.7778598,0.74307402,3.5503035
0b_baseline_last,file,19,baseline,9657,165.Chestnut_sided_Warbler/Chestnut_Sided_Warbler_0081_163854.jpg,165,164,165.Chestnut_sided_Warbler,166,165,rotation,rotation,0,"{""angle"":6.046282}",0.0084172487,0.023330932,0.014913684,0.9916181,0.97693914,0.0067382134,0.012251792,0.98487988,0.96468735,-0.020192533,0.83581738,2.3827047,1.7594505,4.1922512,False,0.96661806,True,True,True,0.83581738,2.3827047,1.7594505,4.1922512,0.83201987,2.385252,1.7281767,4.1221369,0.94349554,2.311865,0.33025998,0.7635165,0.87136411,2.1910574,0.48885897,1.071118,0.78099318,2.4850036,0.67293924,1.6722564,0.8437628,2.3196741,1.0017083,2.3236367,0.82359601,2.4376978,0.85975913,2.095833,0.85313319,2.4285201,0.74307402,1.8045702
0b_baseline_last,file,19,baseline,9657,165.Chestnut_sided_Warbler/Chestnut_Sided_Warbler_0081_163854.jpg,165,164,165.Chestnut_sided_Warbler,166,165,random_resized_crop,random_resized_crop,0,"{""area_fraction"":0.698655,""aspect"":1.221483,""fallback"":false,""height"":0.756289,""left"":0.024305,""top"":0.101167,""width"":0.923794}",0.0084172487,0.011886835,0.0034695864,0.9916181,0.98818356,0.0067382134,0.0085380636,0.98487988,0.97964549,-0.0052343891,0.75751542,1.5298811,1.7594505,2.6917502,False,0.96742797,True,True,True,0.75751542,1.5298811,1.7594505,2.6917502,0.7509148,1.5353671,1.7281767,2.6533855,0.96459493,1.3711631,0.33025998,0.4528403,0.66938899,1.5455426,0.48885897,0.75555236,0.6328939,1.6603142,0.67293924,1.1172906,0.78962705,1.5170243,1.0017083,1.5196158,0.75814662,1.5122026,0.85975913,1.30013,0.81673659,1.4874689,0.74307402,1.1052995
0b_baseline_last,file,19,baseline,9657,165.Chestnut_sided_Warbler/Chestnut_Sided_Warbler_0081_163854.jpg,165,164,165.Chestnut_sided_Warbler,166,165,gaussian_blur,gaussian_blur,0,"{""sigma"":1.267565}",0.0084172487,1.0757451,1.0673279,0.9916181,0.34104353,0.0067382134,0.63040614,0.98487988,-0.28936261,-1.2742425,0.68504385,114.02767,1.7594505,200.62605,False,0.91375023,False,True,False,0.68504385,114.02767,1.7594505,200.62605,0.67991608,114.97361,1.7281767,198.69471,0.90992072,84.08805,0.33025998,27.770918,0.58752224,145.53384,0.48885897,71.145522,0.56580995,128.00048,0.67293924,86.136544,0.73342449,114.85241,1.0017083,115.04861,0.71712755,114.10839,0.85975913,98.10573,0.73700995,86.56374,0.74307402,64.323266
0b_baseline_last,file,19,baseline,9657,165.Chestnut_sided_Warbler/Chestnut_Sided_Warbler_0081_163854.jpg,165,164,165.Chestnut_sided_Warbler,166,165,random_erasing,random_erasing,0,"{""area_fraction"":0.158685,""erased"":true,""height"":0.534361,""left"":0.676311,""top"":0.22675,""width"":0.296963}",0.0084172487,0.0068593267,-0.001557922,0.9916181,0.99316412,0.0067382134,0.0043243854,0.98487988,0.98883974,0.0039598532,0.94404026,0.75746603,1.7594505,1.332724,False,0.99010623,True,True,True,0.94404026,0.75746603,1.7594505,1.332724,0.94269992,0.75852547,1.7281767,1.310866,0.98306458,0.72785752,0.33025998,0.24038221,0.98188578,0.73017307,0.48885897,0.35695165,0.9402265,0.76816368,0.67293924,0.51692749,0.95576244,0.77235901,1.0017083,0.77367841,0.92785503,0.75272911,0.85975913,0.64716573,0.92447199,0.74485095,0.74307402,0.55347939
0b_baseline_last,file,19,baseline,4392,076.Dark_eyed_Junco/Dark_Eyed_Junco_0013_66332.jpg,76,75,076.Dark_eyed_Junco,26,25,identity,identity,0,{},0.58963215,0.58963215,0,0.55453122,0.55453122,0.23098238,0.23098238,0.32354884,0.32354884,0,1,1,71.565599,71.565599,False,1,True,True,True,1,1,71.565599,71.565599,1,1,70.01602,70.01602,1,1,14.811887,14.811887,1,1,23.673749,23.673749,1,1,33.546763,33.546763,1,1,34.969004,34.969004,1,1,31.084329,31.084329,1,1,32.052216,32.052216
0b_baseline_last,file,19,baseline,4392,076.Dark_eyed_Junco/Dark_Eyed_Junco_0013_66332.jpg,76,75,076.Dark_eyed_Junco,26,25,horizontal_flip,horizontal_flip,0,"{""flipped"":true}",0.58963215,0.26199239,-0.32763976,0.55453122,0.76951689,0.23098238,0.19373745,0.32354884,0.57577944,0.2522306,0.58500795,0.59395822,71.565599,42.506976,False,0.96134913,True,True,True,0.58500795,0.59395822,71.565599,42.506976,0.56788919,0.59142021,70.01602,41.408889,0.93641312,0.6480821,14.811887,9.5993191,0.24361298,0.51778812,23.673749,12.257986,0.54755963,0.51249442,33.546763,17.192529,0.64668227,0.59144287,34.969004,20.682168,0.53866148,0.66720583,31.084329,20.739646,0.68485999,0.63248018,32.052216,20.272391
0b_baseline_last,file,19,baseline,4392,076.Dark_eyed_Junco/Dark_Eyed_Junco_0013_66332.jpg,76,75,076.Dark_eyed_Junco,26,25,color_jitter,color_jitter,0,"{""brightness"":1.320244,""contrast"":0.856666,""hue"":0.099813,""saturation"":0.90191}",0.58963215,1.5211904,0.93155825,0.55453122,0.21845166,0.23098238,0.0069409944,0.32354884,0.21151067,-0.11203817,0.50642753,1.6889462,71.565599,120.87045,False,0.87949151,False,True,False,0.50642753,1.6889462,71.565599,120.87045,0.49723753,1.6985928,70.01602,118.92871,0.75161167,1.4568288,14.811887,21.578384,0.45717868,1.546233,23.673749,36.605132,0.50059213,1.552836,33.546763,52.092621,0.52730404,1.8450615,34.969004,64.519962,0.48616923,1.7532455,31.084329,54.498459,0.4911751,1.6967125,32.052216,54.383395
0b_baseline_last,file,19,baseline,4392,076.Dark_eyed_Junco/Dark_Eyed_Junco_0013_66332.jpg,76,75,076.Dark_eyed_Junco,26,25,rotation,rotation,0,"{""angle"":-1.712629}",0.58963215,0.46230888,-0.12732327,0.55453122,0.62982774,0.23098238,0.17571674,0.32354884,0.45411099,0.13056216,0.86597992,0.87716127,71.565599,62.774572,False,0.985955,True,True,True,0.86597992,0.87716127,71.565599,62.774572,0.86103687,0.87914924,70.01602,61.55453,0.9840498,0.8315021,14.811887,12.316115,0.82350743,0.94009987,23.673749,22.255689,0.87026786,0.88205767,33.546763,29.59018,0.8660358,0.90890555,34.969004,31.783522,0.84771117,0.84923472,31.084329,26.397891,0.88337116,0.83192531,32.052216,26.665049
0b_baseline_last,file,19,baseline,4392,076.Dark_eyed_Junco/Dark_Eyed_Junco_0013_66332.jpg,76,75,076.Dark_eyed_Junco,26,25,random_resized_crop,random_resized_crop,0,"{""area_fraction"":0.642871,""aspect"":1.160644,""fallback"":false,""height"":0.744239,""left"":0.031685,""top"":0.045999,""width"":0.863797}",0.58963215,0.16281997,-0.42681219,0.55453122,0.84974414,0.23098238,0.11504532,0.32354884,0.73469882,0.41114999,0.71212858,0.44365011,71.565599,31.750086,False,0.91932386,True,True,True,0.71212858,0.44365011,71.565599,31.750086,0.70410065,0.44474279,70.01602,31.13912,0.90402751,0.41849117,14.811887,6.198644,0.62727217,0.4061202,23.673749,9.6143877,0.71840565,0.43754289,33.546763,14.678148,0.75351785,0.49083768,34.969004,17.164105,0.65396171,0.43714889,31.084329,13.58848,0.71613036,0.42148465,32.052216,13.509517
0b_baseline_last,file,19,baseline,4392,076.Dark_eyed_Junco/Dark_Eyed_Junco_0013_66332.jpg,76,75,076.Dark_eyed_Junco,26,25,gaussian_blur,gaussian_blur,0,"{""sigma"":1.599354}",0.58963215,2.7803953,2.1907631,0.55453122,0.062013991,0.23098238,0.030197551,0.32354884,0.03181644,-0.2917324,0.48621161,2.9935275,71.565599,214.23359,False,0.85595292,False,True,False,0.48621161,2.9935275,71.565599,214.23359,0.48212718,3.0413896,70.01602,212.946,0.76613128,1.5833781,14.811887,23.452818,0.64693964,3.2408118,23.673749,76.722165,0.431573,3.3661675,33.546763,112.92403,0.4980697,3.3360389,34.969004,116.65796,0.44105018,2.9001869,31.084329,90.150363,0.49142673,2.1998577,32.052216,70.510314
0b_baseline_last,file,19,baseline,4392,076.Dark_eyed_Junco/Dark_Eyed_Junco_0013_66332.jpg,76,75,076.Dark_eyed_Junco,26,25,random_erasing,random_erasing,0,"{""area_fraction"":0.183178,""erased"":true,""height"":0.417124,""left"":0.052776,""top"":0.054672,""width"":0.439145}",0.58963215,0.32586694,-0.26376522,0.55453122,0.72190124,0.23098238,0.17122595,0.32354884,0.55067529,0.22712645,0.90313476,0.60701159,71.565599,43.441149,False,0.97194278,True,True,True,0.90313476,0.60701159,71.565599,43.441149,0.90012533,0.60439438,70.01602,42.317289,0.96811898,0.66280239,14.811887,9.8173544,0.92650278,0.46008258,23.673749,10.89188,0.92278084,0.58561836,33.546763,19.6456,0.92402166,0.63021729,34.969004,22.038071,0.89254205,0.63284734,31.084329,19.671635,0.86231545,0.63443987,32.052216,20.335203
0b_baseline_last,file,19,baseline,225,004.Groove_billed_Ani/Groove_Billed_Ani_0027_1754.jpg,4,3,004.Groove_billed_Ani,27,26,identity,identity,0,{},0.026298357,0.026298357,0,0.97404444,0.97404444,0.013211702,0.013211702,0.96083274,0.96083274,0,1,1,5.0804367,5.0804367,False,0.99999994,True,True,True,1,1,5.0804367,5.0804367,1,1,4.9991462,4.9991462,1,1,0.90519334,0.90519334,1,1,1.151128,1.151128,1,1,1.8358769,1.8358769,1,1,2.5245492,2.5245492,1,1,2.7463623,2.7463623,1,1,2.5258796,2.5258796
0b_baseline_last,file,19,baseline,225,004.Groove_billed_Ani/Groove_Billed_Ani_0027_1754.jpg,4,3,004.Groove_billed_Ani,27,26,horizontal_flip,horizontal_flip,0,"{""flipped"":true}",0.026298357,0.19515748,0.16885913,0.97404444,0.82270509,0.013211702,0.11994377,0.96083274,0.70276132,-0.25807142,0.5020517,8.550411,5.0804367,43.439822,False,0.95936334,True,True,True,0.5020517,8.550411,5.0804367,43.439822,0.49031816,8.5940716,4.9991462,42.96302,0.94486961,7.0907413,0.90519334,6.4184918,0.44944772,12.601973,1.151128,14.506484,0.23910503,9.8068217,1.8358769,18.004117,0.47514078,8.9259117,2.5245492,22.533904,0.50638868,7.9757404,2.7463623,21.904273,0.71318667,7.1224991,2.5258796,17.990575
0b_baseline_last,file,19,baseline,225,004.Groove_billed_Ani/Groove_Billed_Ani_0027_1754.jpg,4,3,004.Groove_billed_Ani,27,26,color_jitter,color_jitter,0,"{""brightness"":1.325757,""contrast"":0.770317,""hue"":0.065775,""saturation"":1.18766}",0.026298357,0.18932046,0.1630221,0.97404444,0.82752126,0.013211702,0.085926078,0.96083274,0.74159519,-0.21923755,0.66750864,7.3661753,5.0804367,37.423388,False,0.91634476,True,True,True,0.66750864,7.3661753,5.0804367,37.423388,0.66179296,7.4108395,4.9991462,37.04787,0.90714008,5.8420911,0.90519334,5.288222,0.63521179,6.385299,1.151128,7.3502967,0.48569668,9.0427537,1.8358769,16.601383,0.66132869,8.1916956,2.5245492,20.680339,0.70825006,6.7661444,2.7463623,18.582284,0.76434469,6.5045356,2.5258796,16.429674
0b_baseline_last,file,19,baseline,225,004.Groove_billed_Ani/Groove_Billed_Ani_0027_1754.jpg,4,3,004.Groove_billed_Ani,27,26,rotation,rotation,0,"{""angle"":-4.932019}",0.026298357,0.086590059,0.060291702,0.97404444,0.91705292,0.013211702,0.041191615,0.96083274,0.87586131,-0.084971431,0.79265883,3.6579308,5.0804367,18.583886,False,0.9754523,True,True,True,0.79265883,3.6579308,5.0804367,18.583886,0.7883063,3.677975,4.9991462,18.386735,0.97338396,2.9825425,0.90519334,2.6997776,0.84940292,4.6926864,1.151128,5.4018828,0.70900854,3.9483859,1.8358769,7.2487504,0.77453544,4.0507515,2.5245492,10.226322,0.79215335,3.3440105,2.7463623,9.1838643,0.85658966,3.2508874,2.5258796,8.2113503
0b_baseline_last,file,19,baseline,225,004.Groove_billed_Ani/Groove_Billed_Ani_0027_1754.jpg,4,3,004.Groove_billed_Ani,27,26,random_resized_crop,random_resized_crop,0,"{""area_fraction"":0.712608,""aspect"":0.752465,""fallback"":false,""height"":0.973156,""left"":0.108466,""top"":0.024411,""width"":0.732265}",0.026298357,0.12726986,0.10097151,0.97404444,0.88049603,0.013211702,0.050218534,0.96083274,0.83027749,-0.13055525,0.72929003,4.8466883,5.0804367,24.623293,False,0.95083463,True,True,True,0.72929003,4.8466883,5.0804367,24.623293,0.72293777,4.8602213,4.9991462,24.296957,0.94590862,4.4140342,0.90519334,3.9955543,0.70735222,5.1297546,1.151128,5.9050044,0.62939436,5.6859323,1.8358769,10.438672,0.69645432,5.0716687,2.5245492,12.803677,0.74523829,4.5215196,2.7463623,12.417731,0.80415465,4.4856372,2.5258796,11.33018
0b_baseline_last,file,19,baseline,225,004.Groove_billed_Ani/Groove_Billed_Ani_0027_1754.jpg,4,3,004.Groove_billed_Ani,27,26,gaussian_blur,gaussian_blur,0,"{""sigma"":1.734615}",0.026298357,0.050595473,0.024297116,0.97404444,0.95066315,0.013211702,0.0013780965,0.96083274,0.94928505,-0.011547687,0.29488938,1.7806349,5.0804367,9.0464028,False,0.82084334,True,True,True,0.29488938,1.7806349,5.0804367,9.0464028,0.28158413,1.7817678,4.9991462,8.9073175,0.70914566,1.7457282,0.90519334,1.5802216,-0.08204908,1.9506512,1.151128,2.2454493,0.036156575,2.0505397,1.8358769,3.7645384,0.32473694,1.9868953,2.5245492,5.0160151,0.26325761,1.5598796,2.7463623,4.2839947,0.51394961,1.6136816,2.5258796,4.0759655
0b_baseline_last,file,19,baseline,225,004.Groove_billed_Ani/Groove_Billed_Ani_0027_1754.jpg,4,3,004.Groove_billed_Ani,27,26,random_erasing,random_erasing,0,"{""area_fraction"":0.099445,""erased"":true,""height"":0.233044,""left"":0.122276,""top"":0.553844,""width"":0.426722}",0.026298357,0.022522837,-0.0037755203,0.97404444,0.9777289,0.013211702,0.01328761,0.96083274,0.96444129,0.0036085527,0.86385392,0.90157754,5.0804367,4.5804077,False,0.97895813,True,True,True,0.86385392,0.90157754,5.0804367,4.5804077,0.86015861,0.90055223,4.9991462,4.5019922,0.97322587,0.93230876,0.90519334,0.84391968,0.75754605,0.86842675,1.151128,0.99967038,0.81211277,0.8874226,1.8358769,1.6291987,0.88050325,0.93006131,2.5245492,2.3479856,0.86945146,0.91685098,2.7463623,2.518005,0.87568535,0.86383893,2.5258796,2.1819531
0b_baseline_last,file,19,baseline,55,001.Black_footed_Albatross/Black_Footed_Albatross_0007_796138.jpg,1,0,001.Black_footed_Albatross,31,30,identity,identity,0,{},0.18067636,0.18067636,0,0.83470547,0.83470547,0.048605751,0.048605751,0.78609972,0.78609972,0,1,1,31.950846,31.950846,False,1,True,True,True,1,1,31.950846,31.950846,1,1,31.607361,31.607361,1,1,4.6723929,4.6723929,1,1,6.0117197,6.0117197,1,1,13.86107,13.86107,1,1,18.4305,18.4305,1,1,15.437658,15.437658,1,1,13.883467,13.883467
0b_baseline_last,file,19,baseline,55,001.Black_footed_Albatross/Black_Footed_Albatross_0007_796138.jpg,1,0,001.Black_footed_Albatross,31,30,horizontal_flip,horizontal_flip,0,"{""flipped"":true}",0.18067636,0.89085466,0.7101783,0.83470547,0.41030493,0.048605751,0.14213239,0.78609972,0.26817255,-0.51792717,0.72205559,3.0562401,31.950846,97.649457,False,0.96830952,True,True,True,0.72205559,3.0562401,31.950846,97.649457,0.71670619,3.0553822,31.607361,96.57257,0.96375722,3.0952453,4.6723929,14.462202,0.73222891,2.9717076,6.0117197,17.865073,0.58519653,3.0757999,13.86107,42.633879,0.73769683,2.9742658,18.4305,54.817207,0.71526359,3.0613426,15.437658,47.259959,0.80893136,3.1815098,13.883467,44.170385
0b_baseline_last,file,19,baseline,55,001.Black_footed_Albatross/Black_Footed_Albatross_0007_796138.jpg,1,0,001.Black_footed_Albatross,31,30,color_jitter,color_jitter,0,"{""brightness"":0.881096,""contrast"":0.75422,""hue"":-0.073489,""saturation"":1.352048}",0.18067636,3.3048363,3.1241599,0.83470547,0.036705222,0.048605751,0.047273386,0.78609972,-0.010568164,-0.79666789,0.72299505,5.3598933,31.950846,171.25312,False,0.81378102,False,True,False,0.72299505,5.3598933,31.950846,171.25312,0.72191734,5.367929,31.607361,169.66607,0.77818493,4.9783103,4.6723929,23.260622,0.48359897,4.2434382,6.0117197,25.510361,0.73409361,5.5554167,13.86107,77.004022,0.75676448,5.4324244,18.4305,100.1223,0.73376683,5.3595445,15.437658,82.738813,0.67052847,5.2615014,13.883467,73.047879
0b_baseline_last,file,19,baseline,55,001.Black_footed_Albatross/Black_Footed_Albatross_0007_796138.jpg,1,0,001.Black_footed_Albatross,31,30,rotation,rotation,0,"{""angle"":11.78078}",0.18067636,0.10288806,-0.077788301,0.83470547,0.902228,0.048605751,0.01253459,0.78609972,0.88969341,0.10359369,0.75171496,0.55400599,31.950846,17.70096,False,0.92540491,True,True,True,0.75171496,0.55400599,31.950846,17.70096,0.74831967,0.5524906,31.607361,17.46277,0.89510316,0.61939826,4.6723929,2.894072,0.59754577,0.49856253,6.0117197,2.9972182,0.78333277,0.59580836,13.86107,8.2585416,0.74876768,0.52506979,18.4305,9.6772988,0.71847134,0.54653454,15.437658,8.4372132,0.77607819,0.57136432,13.883467,7.9325174
0b_baseline_last,file,19,baseline,55,001.Black_footed_Albatross/Black_Footed_Albatross_0007_796138.jpg,1,0,001.Black_footed_Albatross,31,30,random_resized_crop,random_resized_crop,0,"{""area_fraction"":0.80516,""aspect"":0.866365,""fallback"":false,""height"":0.96403,""left"":0.034694,""top"":0.03165,""width"":0.835202}",0.18067636,0.12996547,-0.050710887,0.83470547,0.87812573,0.048605751,0.044971332,0.78609972,0.8331544,0.047054674,0.80420792,0.8083036,31.950846,25.825984,False,0.97490615,True,True,True,0.80420792,0.8083036,31.950846,25.825984,0.80064188,0.80850125,31.607361,25.554591,0.96934465,0.79920675,4.6723929,3.7342079,0.65913786,0.73023458,6.0117197,4.3899656,0.72366865,0.77303892,13.86107,10.715147,0.82663698,0.85530111,18.4305,15.763627,0.80778042,0.81471104,15.437658,12.57723,0.84840563,0.76320006,13.883467,10.595862
0b_baseline_last,file,19,baseline,55,001.Black_footed_Albatross/Black_Footed_Albatross_0007_796138.jpg,1,0,001.Black_footed_Albatross,31,30,gaussian_blur,gaussian_blur,0,"{""sigma"":1.325562}",0.18067636,3.0177703,2.8370939,0.83470547,0.048910152,0.048605751,0.086363874,0.78609972,-0.037453722,-0.82355344,0.50126751,6.0025492,31.950846,191.78652,False,0.78197938,False,True,False,0.50126751,6.0025492,31.950846,191.78652,0.49592955,5.9883153,31.607361,189.27484,0.72466134,6.6212518,4.6723929,30.93709,0.30401794,5.674685,6.0117197,34.114616,0.45431846,6.0991512,13.86107,84.540763,0.4731396,6.3772332,18.4305,117.5356,0.52886023,5.7106852,15.437658,88.159603,0.58702489,5.5453639,13.883467,76.988875
0b_baseline_last,file,19,baseline,55,001.Black_footed_Albatross/Black_Footed_Albatross_0007_796138.jpg,1,0,001.Black_footed_Albatross,31,30,random_erasing,random_erasing,0,"{""area_fraction"":0.175614,""erased"":true,""height"":0.65705,""left"":0.268868,""top"":0.059909,""width"":0.267276}",0.18067636,0.37814289,0.19746654,0.83470547,0.68513262,0.048605751,0.011043394,0.78609972,0.67408923,-0.11201049,0.50903953,1.7284429,31.950846,55.225214,False,0.86507332,True,True,True,0.50903953,1.7284429,31.950846,55.225214,0.50188062,1.7263951,31.607361,54.566795,0.82053378,1.819689,4.6723929,8.5023021,0.46044755,1.534154,6.0117197,9.222904,0.31020513,1.9177112,13.86107,26.58153,0.54567606,1.6749387,18.4305,30.869958,0.52392076,1.6002097,15.437658,24.70349,0.62206497,1.797356,13.883467,24.953532
0b_baseline_last,file,19,baseline,4845,083.White_breasted_Kingfisher/White_Breasted_Kingfisher_0018_71137.jpg,83,82,083.White_breasted_Kingfisher,69,68,identity,identity,0,{},0.0075964155,0.0075964155,0,0.99243236,0.99243236,0.0012521566,0.0012521566,0.9911802,0.9911802,0,1,1,1.3497826,1.3497826,False,0.99999994,True,True,True,1,1,1.3497826,1.3497826,1,1,1.3335624,1.3335624,1,1,0.20862498,0.20862498,1,1,0.19362531,0.19362531,1,1,0.54344394,0.54344394,1,1,0.69482039,0.69482039,1,1,0.68509241,0.68509241,1,1,0.70245255,0.70245255
0b_baseline_last,file,19,baseline,4845,083.White_breasted_Kingfisher/White_Breasted_Kingfisher_0018_71137.jpg,83,82,083.White_breasted_Kingfisher,69,68,horizontal_flip,horizontal_flip,0,"{""flipped"":true}",0.0075964155,0.14739415,0.13979774,0.99243236,0.86295378,0.0012521566,0.042664871,0.9911802,0.82028891,-0.17089129,0.690634,18.360971,1.3497826,24.783319,False,0.96164548,True,True,True,0.690634,18.360971,1.3497826,24.783319,0.68446598,18.367201,1.3335624,24.493808,0.94638202,18.1046,0.20862498,3.7770718,0.72074452,21.030416,0.19362531,4.0720207,0.67385066,17.466894,0.54344394,9.4922774,0.65185274,17.733769,0.69482039,12.321784,0.65667272,19.716434,0.68509241,13.507579,0.7514314,17.949628,0.70245255,12.608762
0b_baseline_last,file,19,baseline,4845,083.White_breasted_Kingfisher/White_Breasted_Kingfisher_0018_71137.jpg,83,82,083.White_breasted_Kingfisher,69,68,color_jitter,color_jitter,0,"{""brightness"":1.096269,""contrast"":1.364652,""hue"":0.012824,""saturation"":1.096295}",0.0075964155,0.030156957,0.022560542,0.99243236,0.97029322,0.0012521566,0.0046688365,0.9911802,0.96562439,-0.025555812,0.87020061,3.2800182,1.3497826,4.4273115,False,0.98662156,True,True,True,0.87020061,3.2800182,1.3497826,4.4273115,0.86721618,3.2735477,1.3335624,4.3654801,0.98563802,3.5342841,0.20862498,0.73733994,0.65515715,3.1708242,0.19362531,0.6139518,0.81564715,2.787701,0.54344394,1.5149592,0.86445282,3.2377003,0.69482039,2.2496202,0.87999771,3.41723,0.68509241,2.3411184,0.90489187,3.4413505,0.70245255,2.4173854
0b_baseline_last,file,19,baseline,4845,083.White_breasted_Kingfisher/White_Breasted_Kingfisher_0018_71137.jpg,83,82,083.White_breasted_Kingfisher,69,68,rotation,rotation,0,"{""angle"":-4.124921}",0.0075964155,0.049579766,0.04198335,0.99243236,0.95162922,0.0012521566,0.004046299,0.9911802,0.94758292,-0.043597277,0.87142338,6.0753953,1.3497826,8.2004627,False,0.98092431,True,True,True,0.87142338,6.0753953,1.3497826,8.2004627,0.86905136,6.0845802,1.3335624,8.1141673,0.97705244,5.6874318,0.20862498,1.1865403,0.78172957,6.3379713,0.19362531,1.2271916,0.82693183,5.8017018,0.54344394,3.1528996,0.86494553,6.1943473,0.69482039,4.3039588,0.86888961,6.2013554,0.68509241,4.2485015,0.90567518,6.0093293,0.70245255,4.2212687
0b_baseline_last,file,19,baseline,4845,083.White_breasted_Kingfisher/White_Breasted_Kingfisher_0018_71137.jpg,83,82,083.White_breasted_Kingfisher,69,68,random_resized_crop,random_resized_crop,0,"{""area_fraction"":0.639922,""aspect"":0.908645,""fallback"":false,""height"":0.839202,""left"":0.202775,""top"":0.040803,""width"":0.762537}",0.0075964155,0.070351981,0.062755565,0.99243236,0.93206567,0.0012521566,0.011295163,0.9911802,0.9207705,-0.070409697,0.75308571,9.4868281,1.3497826,12.805155,False,0.94218528,True,True,True,0.75308571,9.4868281,1.3497826,12.805155,0.74882513,9.4993446,1.3335624,12.667969,0.93889619,8.9604728,0.20862498,1.8693784,0.64994006,12.962537,0.19362531,2.5098753,0.71162577,9.4916606,0.54344394,5.1581854,0.72177727,9.760653,0.69482039,6.7819007,0.76082347,9.7008299,0.68509241,6.6459649,0.80867678,8.70694,0.70245255,6.1162122
0b_baseline_last,file,19,baseline,4845,083.White_breasted_Kingfisher/White_Breasted_Kingfisher_0018_71137.jpg,83,82,083.White_breasted_Kingfisher,69,68,gaussian_blur,gaussian_blur,0,"{""sigma"":1.889049}",0.0075964155,0.50162894,0.49403252,0.99243236,0.60554343,0.0012521566,0.067208305,0.9911802,0.53833513,-0.45284507,0.5271864,60.290314,1.3497826,81.378816,False,0.86907995,True,True,True,0.5271864,60.290314,1.3497826,81.378816,0.52087437,60.545232,1.3335624,80.740844,0.85969901,48.74747,0.20862498,10.16994,0.30037315,90.94766,0.19362531,17.609769,0.27883175,63.621181,0.54344394,34.574545,0.50196865,63.385859,0.69482039,44.041787,0.59775161,62.579815,0.68509241,42.872957,0.68449194,50.044816,0.70245255,35.154109
0b_baseline_last,file,19,baseline,4845,083.White_breasted_Kingfisher/White_Breasted_Kingfisher_0018_71137.jpg,83,82,083.White_breasted_Kingfisher,69,68,random_erasing,random_erasing,0,"{""area_fraction"":0.144528,""erased"":true,""height"":0.317972,""left"":0.082802,""top"":0.578213,""width"":0.454532}",0.0075964155,0.0072095944,-0.00038682111,0.99243236,0.99281633,0.0012521566,0.0012276369,0.9911802,0.99158869,0.00040849275,0.92277425,0.87424124,1.3497826,1.1800356,False,0.97757977,True,True,True,0.92277425,0.87424124,1.3497826,1.1800356,0.92143925,0.87250464,1.3335624,1.1635394,0.97594797,0.94246577,0.20862498,0.1966219,0.83994872,0.85553567,0.19362531,0.16565336,0.94437444,0.91199849,0.54344394,0.49562005,0.94256105,0.84403312,0.69482039,0.58645142,0.90955106,0.87428014,0.68509241,0.59896269,0.9056176,0.87531532,0.70245255,0.61486748
0b_baseline_last,file,19,baseline,3657,063.Ivory_Gull/Ivory_Gull_0027_48974.jpg,63,62,063.Ivory_Gull,60,59,identity,identity,0,{},0.25204939,0.25204939,0,0.77720636,0.77720636,0.047628298,0.047628298,0.72957806,0.72957806,0,1,1,46.29694,46.29694,False,0.99999988,True,True,True,1,1,46.29694,46.29694,1,1,45.719661,45.719661,1,1,7.2882979,7.2882979,1,1,12.836016,12.836016,1,1,18.806822,18.806822,1,1,23.953749,23.953749,1,1,22.73991,22.73991,1,1,21.930388,21.930388
0b_baseline_last,file,19,baseline,3657,063.Ivory_Gull/Ivory_Gull_0027_48974.jpg,63,62,063.Ivory_Gull,60,59,horizontal_flip,horizontal_flip,0,"{""flipped"":true}",0.25204939,0.26110789,0.0090585053,0.77720636,0.77019781,0.047628298,0.030822016,0.72957806,0.73937579,0.0097977296,0.69218358,1.0316387,46.29694,47.761716,False,0.95662534,True,True,True,0.69218358,1.0316387,46.29694,47.761716,0.68621624,1.0296088,45.719661,47.073366,0.91211764,1.1085705,7.2882979,8.0795925,0.71103763,0.98525463,12.836016,12.646745,0.67400252,0.91214933,18.806822,17.154631,0.68392823,0.93669998,23.953749,22.437476,0.64587139,1.1000868,22.73991,25.015876,0.74157433,1.1467411,21.930388,25.148476
0b_baseline_last,file,19,baseline,3657,063.Ivory_Gull/Ivory_Gull_0027_48974.jpg,63,62,063.Ivory_Gull,60,59,color_jitter,color_jitter,0,"{""brightness"":1.346363,""contrast"":0.795211,""hue"":0.011671,""saturation"":1.001502}",0.25204939,0.39636615,0.14431676,0.77720636,0.67276031,0.047628298,0.093613975,0.72957806,0.57914633,-0.15043173,0.78741034,1.3005619,46.29694,60.212038,False,0.9480077,True,True,True,0.78741034,1.3005619,46.29694,60.212038,0.78340671,1.2995516,45.719661,59.41506,0.94058868,1.3397136,7.2882979,9.7642321,0.76396152,1.0610187,12.836016,13.619253,0.7846367,1.1640771,18.806822,21.892592,0.7476346,1.2226713,23.953749,29.287562,0.79517045,1.4073179,22.73991,32.002284,0.82631392,1.4299957,21.930388,31.360361
0b_baseline_last,file,19,baseline,3657,063.Ivory_Gull/Ivory_Gull_0027_48974.jpg,63,62,063.Ivory_Gull,60,59,rotation,rotation,0,"{""angle"":-10.569024}",0.25204939,2.5430245,2.2909752,0.77720636,0.07862822,0.047628298,0.020051729,0.72957806,0.058576491,-0.67100157,0.72950914,3.1957662,46.29694,147.9542,False,0.93950856,False,True,False,0.72950914,3.1957662,46.29694,147.9542,0.72539744,3.1667479,45.719661,144.78264,0.8794555,4.1806973,7.2882979,30.470167,0.84938158,2.6535649,12.836016,34.061203,0.77759355,2.8071692,18.806822,52.793932,0.74016961,3.0643749,23.953749,73.403267,0.66955979,3.3611123,22.73991,76.431392,0.71531398,3.4681652,21.930388,76.058208
0b_baseline_last,file,19,baseline,3657,063.Ivory_Gull/Ivory_Gull_0027_48974.jpg,63,62,063.Ivory_Gull,60,59,random_resized_crop,random_resized_crop,0,"{""area_fraction"":0.880452,""aspect"":1.037342,""fallback"":false,""height"":0.921281,""left"":0.008616,""top"":0.054617,""width"":0.955683}",0.25204939,0.3965846,0.14453521,0.77720636,0.67261338,0.047628298,0.0414645,0.72957806,0.63114888,-0.098429181,0.82877582,1.3980887,46.29694,64.727228,False,0.97146523,True,True,True,0.82877582,1.3980887,46.29694,64.727228,0.82547037,1.3987573,45.719661,63.950707,0.9615875,1.3715204,7.2882979,9.996049,0.81859148,1.200347,12.836016,15.407674,0.80391059,1.4334441,18.806822,26.95853,0.81994158,1.4052538,23.953749,33.661097,0.80770497,1.4348225,22.73991,32.627735,0.87365523,1.3890033,21.930388,30.461381
0b_baseline_last,file,19,baseline,3657,063.Ivory_Gull/Ivory_Gull_0027_48974.jpg,63,62,063.Ivory_Gull,60,59,gaussian_blur,gaussian_blur,0,"{""sigma"":1.423505}",0.25204939,5.1203394,4.86829,0.77720636,0.0059739947,0.047628298,0.0039874194,0.72957806,0.0019865753,-0.72759149,0.47595669,5.9775192,46.29694,276.74085,False,0.84672135,False,True,False,0.47595669,5.9775192,46.29694,276.74085,0.47129242,5.9876192,45.719661,273.75192,0.67466169,5.5655451,7.2882979,40.563351,0.56035571,5.3873128,12.836016,69.151635,0.51367572,6.6489262,18.806822,125.04518,0.43493949,5.8519521,23.953749,140.17619,0.44781257,6.106199,22.73991,138.85442,0.48160279,5.6938231,21.930388,124.86775
0b_baseline_last,file,19,baseline,3657,063.Ivory_Gull/Ivory_Gull_0027_48974.jpg,63,62,063.Ivory_Gull,60,59,random_erasing,random_erasing,0,"{""area_fraction"":0.14152,""erased"":true,""height"":0.224618,""left"":0.349406,""top"":0.415128,""width"":0.630048}",0.25204939,1.0004075,0.74835807,0.77720636,0.36772957,0.047628298,0.045142625,0.72957806,0.32258695,-0.40699111,0.72850506,2.3350305,46.29694,108.10477,False,0.90755838,True,True,True,0.72850506,2.3350305,46.29694,108.10477,0.7245715,2.3382168,45.719661,106.90248,0.89377727,2.2059945,7.2882979,16.077945,0.78857845,1.964636,12.836016,25.2181,0.74858314,2.3992266,18.806822,45.121829,0.74814453,2.4087994,23.953749,57.699776,0.67466505,2.3296379,22.73991,52.975756,0.71625278,2.3342474,21.930388,51.19095
0b_baseline_last,file,19,baseline,8870,151.Black_capped_Vireo/Black_Capped_Vireo_0018_155868.jpg,151,150,151.Black_capped_Vireo,152,151,identity,identity,0,{},0.01735946,0.01735946,0,0.98279035,0.98279035,0.0024826729,0.0024826729,0.98030768,0.98030768,0,1,1,2.1723272,2.1723272,False,0.99999994,True,True,True,1,1,2.1723272,2.1723272,1,1,2.1168299,2.1168299,1,1,0.48789003,0.48789003,1,1,0.48843624,0.48843624,1,1,0.72314809,0.72314809,1,1,1.0389295,1.0389295,1,1,1.0750537,1.0750537,1,1,1.2183352,1.2183352
0b_baseline_last,file,19,baseline,8870,151.Black_capped_Vireo/Black_Capped_Vireo_0018_155868.jpg,151,150,151.Black_capped_Vireo,152,151,horizontal_flip,horizontal_flip,0,"{""flipped"":true}",0.01735946,0.061190158,0.043830698,0.98279035,0.94064432,0.0024826729,0.0021621657,0.98030768,0.93848216,-0.04182552,0.63326697,4.0537481,2.1723272,8.8060671,False,0.96005452,True,True,True,0.63326697,4.0537481,2.1723272,8.8060671,0.61961155,4.085413,2.1168299,8.6481243,0.95201267,3.4031243,0.48789003,1.6603504,0.68723642,3.8155589,0.48843624,1.8636572,0.42748974,4.992753,0.72314809,3.6104997,0.63303823,4.4072461,1.0389295,4.5788178,0.59896975,4.0304825,1.0750537,4.332985,0.72430801,3.534251,1.2183352,4.3059024
0b_baseline_last,file,19,baseline,8870,151.Black_capped_Vireo/Black_Capped_Vireo_0018_155868.jpg,151,150,151.Black_capped_Vireo,152,151,color_jitter,color_jitter,0,"{""brightness"":0.887125,""contrast"":1.196324,""hue"":-0.051744,""saturation"":1.188154}",0.01735946,0.10038213,0.083022675,0.98279035,0.90449172,0.0024826729,0.004809279,0.98030768,0.89968244,-0.080625234,0.75883574,6.7383331,2.1723272,14.637864,False,0.95239139,True,True,True,0.75883574,6.7383331,2.1723272,14.637864,0.75218101,6.8037951,2.1168299,14.402477,0.93873076,5.3588394,0.48789003,2.6145243,0.75971602,8.8338683,0.48843624,4.3147814,0.64797583,8.4291807,0.72314809,6.0955459,0.77423303,6.8868177,1.0389295,7.1549177,0.73470073,6.6459249,1.0750537,7.1447259,0.82622949,5.7700203,1.2183352,7.029819
0b_baseline_last,file,19,baseline,8870,151.Black_capped_Vireo/Black_Capped_Vireo_0018_155868.jpg,151,150,151.Black_capped_Vireo,152,151,rotation,rotation,0,"{""angle"":14.955795}",0.01735946,0.0062796185,-0.011079841,0.98279035,0.99374008,0.0024826729,0.00086480397,0.98030768,0.99287528,0.0125676,0.7030092,0.43055447,2.1723272,0.93530516,False,0.96177417,True,True,True,0.7030092,0.43055447,2.1723272,0.93530516,0.69088869,0.43242964,2.1168299,0.91537998,0.95666003,0.39359131,0.48789003,0.19202927,0.80892203,0.47467724,0.48843624,0.23184957,0.61809936,0.51328989,0.72314809,0.3711846,0.6970655,0.44172705,1.0389295,0.45892324,0.64955368,0.42755061,1.0750537,0.45963985,0.74123825,0.38891081,1.2183352,0.47382374
0b_baseline_last,file,19,baseline,8870,151.Black_capped_Vireo/Black_Capped_Vireo_0018_155868.jpg,151,150,151.Black_capped_Vireo,152,151,random_resized_crop,random_resized_crop,0,"{""area_fraction"":0.703254,""aspect"":1.107263,""fallback"":false,""height"":0.796949,""left"":0.034792,""top"":0.02299,""width"":0.882433}",0.01735946,0.06902232,0.05166286,0.98279035,0.93330586,0.0024826729,0.0045132451,0.98030768,0.92879261,-0.051515064,0.75741635,4.0076808,2.1723272,8.705994,False,0.95819747,True,True,True,0.75741635,4.0076808,2.1723272,8.705994,0.7480236,4.0189209,2.1168299,8.5073717,0.94616029,3.7898757,0.48789003,1.8490425,0.7060129,3.7276125,0.48843624,1.820701,0.59667739,3.860279,0.72314809,2.7915533,0.74668606,4.0183792,1.0389295,4.1748125,0.73396175,4.2373168,1.0750537,4.555343,0.82089079,3.9438564,1.2183352,4.8049392
0b_baseline_last,file,19,baseline,8870,151.Black_capped_Vireo/Black_Capped_Vireo_0018_155868.jpg,151,150,151.Black_capped_Vireo,152,151,gaussian_blur,gaussian_blur,0,"{""sigma"":1.956634}",0.01735946,0.086799935,0.069440475,0.98279035,0.91686052,0.0024826729,0.0059313714,0.98030768,0.91092915,-0.069378529,0.57052281,6.4821656,2.1723272,14.081384,False,0.91083479,True,True,True,0.57052281,6.4821656,2.1723272,14.081384,0.55589607,6.5214554,2.1168299,13.804812,0.89103139,5.6921648,0.48789003,2.7771505,0.64622034,6.6837576,0.48843624,3.2645894,0.29435716,7.5287969,0.72314809,5.4444351,0.57993726,7.1285077,1.0389295,7.4060166,0.54915342,6.8802252,1.0750537,7.3966114,0.67228813,5.2373012,1.2183352,6.3807885
0b_baseline_last,file,19,baseline,8870,151.Black_capped_Vireo/Black_Capped_Vireo_0018_155868.jpg,151,150,151.Black_capped_Vireo,152,151,random_erasing,random_erasing,0,"{""area_fraction"":0.189666,""erased"":true,""height"":0.40196,""left"":0.172366,""top"":0.257131,""width"":0.471853}",0.01735946,0.085108757,0.067749297,0.98279035,0.91841239,0.0024826729,0.0020129899,0.98030768,0.9163994,-0.063908281,0.5615008,4.4165104,2.1723272,9.5941055,False,0.92568326,True,True,True,0.5615008,4.4165104,2.1723272,9.5941055,0.54269522,4.4103193,2.1168299,9.3358956,0.90624047,4.5314778,0.48789003,2.2108628,0.57956714,3.332677,0.48843624,1.6278002,0.41887862,4.715913,0.72314809,3.4103035,0.44875695,4.380848,1.0389295,4.551392,0.53109274,4.4916033,1.0750537,4.8287146,0.66510969,4.4084555,1.2183352,5.3709766
0b_baseline_last,file,19,baseline,9664,165.Chestnut_sided_Warbler/Chestnut_Sided_Warbler_0073_163868.jpg,165,164,165.Chestnut_sided_Warbler,158,157,identity,identity,0,{},0.0048934696,0.0048934696,0,0.9951185,0.9951185,0.0010739092,0.0010739092,0.99404459,0.99404459,0,1,1,0.89485714,0.89485714,False,1,True,True,True,1,1,0.89485714,0.89485714,1,1,0.87987631,0.87987631,1,1,0.16305512,0.16305512,1,1,0.14260964,0.14260964,1,1,0.47835333,0.47835333,1,1,0.46681944,0.46681944,1,1,0.39239974,0.39239974,1,1,0.39131186,0.39131186
0b_baseline_last,file,19,baseline,9664,165.Chestnut_sided_Warbler/Chestnut_Sided_Warbler_0073_163868.jpg,165,164,165.Chestnut_sided_Warbler,158,157,horizontal_flip,horizontal_flip,0,"{""flipped"":true}",0.0048934696,0.0019833434,-0.0029101262,0.9951185,0.99801862,0.0010739092,0.00047738789,0.99404459,0.99754123,0.0034966449,0.67529681,0.36858461,0.89485714,0.32983057,False,0.97151911,True,True,True,0.67529681,0.36858461,0.89485714,0.32983057,0.66416342,0.36690704,0.87987631,0.32283282,0.96712203,0.41446653,0.16305512,0.06758089,0.52768284,0.43121907,0.14260964,0.061495995,0.69130006,0.36095652,0.47835333,0.17266475,0.65715985,0.36809362,0.46681944,0.17183326,0.60369755,0.35790735,0.39239974,0.14044275,0.71574284,0.37362274,0.39131186,0.14620301
0b_baseline_last,file,19,baseline,9664,165.Chestnut_sided_Warbler/Chestnut_Sided_Warbler_0073_163868.jpg,165,164,165.Chestnut_sided_Warbler,158,157,color_jitter,color_jitter,0,"{""brightness"":1.158866,""contrast"":1.352215,""hue"":0.043837,""saturation"":1.09693}",0.0048934696,0.74497026,0.74007679,0.9951185,0.47474843,0.0010739092,0.034901947,0.99404459,0.43984649,-0.5541981,0.72509865,106.61974,0.89485714,95.409438,False,0.92858779,True,True,True,0.72509865,106.61974,0.89485714,95.409438,0.71994176,106.9015,0.87987631,94.060096,0.89141919,98.061004,0.16305512,15.989349,0.69102114,150.0611,0.14260964,21.400159,0.71835772,104.22554,0.47835333,49.856633,0.74002889,101.26667,0.46681944,47.27325,0.70817506,117.09295,0.39239974,45.947244,0.72796757,100.86133,0.39131186,39.468235
0b_baseline_last,file,19,baseline,9664,165.Chestnut_sided_Warbler/Chestnut_Sided_Warbler_0073_163868.jpg,165,164,165.Chestnut_sided_Warbler,158,157,rotation,rotation,0,"{""angle"":13.686927}",0.0048934696,0.0077373092,0.0028438396,0.9951185,0.99229252,0.0010739092,0.00021419846,0.99404459,0.99207832,-0.0019662647,0.66539071,1.5319212,0.89485714,1.3708506,False,0.96152055,True,True,True,0.66539071,1.5319212,0.89485714,1.3708506,0.65564486,1.5226125,0.87987631,1.3397107,0.91581745,1.7817798,0.16305512,0.29052832,0.56377043,2.2838901,0.14260964,0.32570473,0.6883503,1.3355014,0.47835333,0.63884152,0.64143273,1.4562381,0.46681944,0.67980024,0.6166607,1.5967452,0.39239974,0.62656239,0.70934531,1.6677767,0.39131186,0.65262081
0b_baseline_last,file,19,baseline,9664,165.Chestnut_sided_Warbler/Chestnut_Sided_Warbler_0073_163868.jpg,165,164,165.Chestnut_sided_Warbler,158,157,random_resized_crop,random_resized_crop,0,"{""area_fraction"":0.787784,""aspect"":1.079418,""fallback"":false,""height"":0.854297,""left"":0.056549,""top"":0.138167,""width"":0.922143}",0.0048934696,0.0018688847,-0.003024585,0.9951185,0.99813288,0.0010739092,0.00079948729,0.99404459,0.9973334,0.0032888076,0.75154903,0.30228326,0.89485714,0.27050034,False,0.96375394,True,True,True,0.75154903,0.30228326,0.89485714,0.27050034,0.74426969,0.29761513,0.87987631,0.2618645,0.94369748,0.41583633,0.16305512,0.067804243,0.71144111,0.35535992,0.14260964,0.050677749,0.80643743,0.23638765,0.47835333,0.11307682,0.76374987,0.28008545,0.46681944,0.13074933,0.7130929,0.3158504,0.39239974,0.12393961,0.73471945,0.36822358,0.39131186,0.14409025
0b_baseline_last,file,19,baseline,9664,165.Chestnut_sided_Warbler/Chestnut_Sided_Warbler_0073_163868.jpg,165,164,165.Chestnut_sided_Warbler,158,157,gaussian_blur,gaussian_blur,0,"{""sigma"":1.549934}",0.0048934696,2.0133963,2.0085028,0.9951185,0.13353439,0.0010739092,0.006486218,0.99404459,0.12704817,-0.86699642,0.34945816,271.89361,0.89485714,243.30594,False,0.80387437,False,True,False,0.34945816,271.89361,0.89485714,243.30594,0.34257689,275.08062,0.87987631,242.03692,0.77333677,152.20289,0.16305512,24.817461,0.36548226,480.52018,0.14260964,68.526808,0.30093472,270.12932,0.47835333,129.21726,0.35367577,312.31224,0.46681944,145.79342,0.31202015,266.23959,0.39239974,104.47235,0.50217289,181.03838,0.39131186,70.842463
0b_baseline_last,file,19,baseline,9664,165.Chestnut_sided_Warbler/Chestnut_Sided_Warbler_0073_163868.jpg,165,164,165.Chestnut_sided_Warbler,158,157,random_erasing,random_erasing,0,"{""area_fraction"":0.054517,""erased"":true,""height"":0.216667,""left"":0.653178,""top"":0.701857,""width"":0.251614}",0.0048934696,0.0063964161,0.0015029465,0.9951185,0.99362397,0.0010739092,0.0013400645,0.99404459,0.99228391,-0.0017606821,0.94202826,1.1965523,0.89485714,1.0707433,False,0.99190342,True,True,True,0.94202826,1.1965523,0.89485714,1.0707433,0.94042721,1.1924321,0.87987631,1.0491928,0.98850921,1.3108587,0.16305512,0.21374222,0.93574951,1.3266429,0.14260964,0.18919206,0.97131988,1.110679,0.47835333,0.53129699,0.94572374,1.2120573,0.46681944,0.5658119,0.90730257,1.2147064,0.39239974,0.47665046,0.92998831,1.2398728,0.39131186,0.48517691
0b_baseline_last,file,19,baseline,5922,102.Western_Wood_Pewee/Western_Wood_Pewee_0046_98113.jpg,102,101,102.Western_Wood_Pewee,39,38,identity,identity,0,{},2.62114,2.62114,0,0.072719917,0.072719917,0.46125963,0.46125963,-0.38853972,-0.38853972,0,1,1,214.18759,214.18759,False,0.99999994,True,False,False,1,1,214.18759,214.18759,1,1,211.43722,211.43722,1,1,34.214392,34.214392,1,1,46.217083,46.217083,1,1,132.76978,132.76978,1,1,112.91597,112.91597,1,1,80.813547,80.813547,1,1,75.239739,75.239739
0b_baseline_last,file,19,baseline,5922,102.Western_Wood_Pewee/Western_Wood_Pewee_0046_98113.jpg,102,101,102.Western_Wood_Pewee,39,38,horizontal_flip,horizontal_flip,0,"{""flipped"":true}",2.62114,1.6842799,-0.93686008,0.072719917,0.18557802,0.46125963,0.65213102,-0.38853972,-0.466553,-0.078013286,0.70698165,0.88421959,214.18759,189.38886,False,0.96810001,True,False,False,0.70698165,0.88421959,214.18759,189.38886,0.70054119,0.8812421,211.43722,186.32738,0.9303993,0.99125825,34.214392,33.915298,0.32748956,1.120446,46.217083,51.783746,0.77790686,0.75537738,132.76978,100.29129,0.7272238,0.9277724,112.91597,104.76032,0.64647864,0.95668444,80.813547,77.313063,0.71525646,0.94224141,75.239739,70.893998
0b_baseline_last,file,19,baseline,5922,102.Western_Wood_Pewee/Western_Wood_Pewee_0046_98113.jpg,102,101,102.Western_Wood_Pewee,39,38,color_jitter,color_jitter,0,"{""brightness"":0.796604,""contrast"":1.122091,""hue"":-0.046134,""saturation"":1.226896}",2.62114,4.8290858,2.2079458,0.072719917,0.0079938266,0.46125963,0.022224795,-0.38853972,-0.014230968,0.37430875,0.68484876,1.1117152,214.18759,238.1156,False,0.92400658,False,False,False,0.68484876,1.1117152,214.18759,238.1156,0.68262243,1.1137829,211.43722,235.49515,0.77888205,1.0296497,34.214392,35.228838,0.11737148,1.0253047,46.217083,47.386593,0.7742496,1.0612926,132.76978,140.90759,0.69074198,1.0295526,112.91597,116.25294,0.63509474,1.2766653,80.813547,103.17185,0.67696639,1.2746994,75.239739,95.908046
0b_baseline_last,file,19,baseline,5922,102.Western_Wood_Pewee/Western_Wood_Pewee_0046_98113.jpg,102,101,102.Western_Wood_Pewee,39,38,rotation,rotation,0,"{""angle"":-0.479798}",2.62114,2.9036534,0.28251338,0.072719917,0.054822564,0.46125963,0.3902092,-0.38853972,-0.33538663,0.053153083,0.96240875,1.0453715,214.18759,223.9056,False,0.99313569,True,False,False,0.96240875,1.0453715,214.18759,223.9056,0.96176688,1.0464761,211.43722,221.264,0.98887682,1.0022779,34.214392,34.292328,0.92421702,0.99535595,46.217083,46.002449,0.97901741,1.0336615,132.76978,137.23901,0.96305625,1.0614118,112.91597,119.85035,0.93504398,1.0623538,80.813547,85.852579,0.95161748,1.0525995,75.239739,79.197308
0b_baseline_last,file,19,baseline,5922,102.Western_Wood_Pewee/Western_Wood_Pewee_0046_98113.jpg,102,101,102.Western_Wood_Pewee,39,38,random_resized_crop,random_resized_crop,0,"{""area_fraction"":0.586513,""aspect"":0.864658,""fallback"":false,""height"":0.823601,""left"":0.003538,""top"":0.00771,""width"":0.712133}",2.62114,3.311595,0.69045496,0.072719917,0.036457971,0.46125963,0.071159936,-0.38853972,-0.034701966,0.35383775,0.75441046,0.7819528,214.18759,167.48458,False,0.92204487,False,False,False,0.75441046,0.7819528,214.18759,167.48458,0.75265239,0.779973,211.43722,164.91532,0.81874779,0.85413331,34.214392,29.223652,0.54329512,0.77418037,46.217083,35.780358,0.84753308,0.71260797,132.76978,94.612806,0.76601136,0.75570388,112.91597,85.331039,0.67298328,0.87828096,80.813547,70.976999,0.67439326,0.90593749,75.239739,68.1625
0b_baseline_last,file,19,baseline,5922,102.Western_Wood_Pewee/Western_Wood_Pewee_0046_98113.jpg,102,101,102.Western_Wood_Pewee,39,38,gaussian_blur,gaussian_blur,0,"{""sigma"":1.316923}",2.62114,2.096029,-0.52511096,0.072719917,0.12294367,0.46125963,0.093858965,-0.38853972,0.029084705,0.41762442,0.74013831,0.94669338,214.18759,202.76997,False,0.91594452,False,False,False,0.74013831,0.94669338,214.18759,202.76997,0.73809675,0.94903001,211.43722,200.66027,0.831062,0.85267994,34.214392,29.173926,0.48880805,1.0291947,46.217083,47.566377,0.85097282,0.86563538,132.76978,114.93022,0.70707148,0.93295778,112.91597,105.34584,0.66949127,1.0757034,80.813547,86.931408,0.70254533,1.0412948,75.239739,78.346747
0b_baseline_last,file,19,baseline,5922,102.Western_Wood_Pewee/Western_Wood_Pewee_0046_98113.jpg,102,101,102.Western_Wood_Pewee,39,38,random_erasing,random_erasing,0,"{""area_fraction"":0.059974,""erased"":true,""height"":0.423313,""left"":0.347304,""top"":0.39021,""width"":0.141677}",2.62114,5.3657122,2.7445722,0.072719917,0.0046741306,0.46125963,0.0041139349,-0.38853972,0.00056019565,0.38909991,0.76016223,1.9635855,214.18759,420.57565,False,0.90329552,False,False,False,0.76016223,1.9635855,214.18759,420.57565,0.76221697,1.974686,211.43722,417.52212,0.68677553,1.478563,34.214392,50.588135,0.5628757,1.8640592,46.217083,86.151381,0.86466462,2.0052469,132.76978,266.2362,0.78041085,1.9254944,112.91597,217.41907,0.63211873,2.0743691,80.813547,167.63712,0.62527895,1.9098022,75.239739,143.69302
0b_baseline_last,file,19,baseline,2094,037.Acadian_Flycatcher/Acadian_Flycatcher_0039_795606.jpg,37,36,037.Acadian_Flycatcher,39,38,identity,identity,0,{},2.5789371,2.5789371,0,0.075854577,0.075854577,0.65348953,0.65348953,-0.57763495,-0.57763495,0,1,1,186.82101,186.82101,False,0.99999988,True,False,False,1,1,186.82101,186.82101,1,1,183.96806,183.96806,1,1,32.524481,32.524481,1,1,42.13052,42.13052,1,1,89.588673,89.588673,1,1,94.647753,94.647753,1,1,91.549082,91.549082,1,1,81.87616,81.87616
0b_baseline_last,file,19,baseline,2094,037.Acadian_Flycatcher/Acadian_Flycatcher_0039_795606.jpg,37,36,037.Acadian_Flycatcher,39,38,horizontal_flip,horizontal_flip,0,"{""flipped"":true}",2.5789371,3.3263044,0.74736738,0.075854577,0.035925619,0.65348953,0.53826416,-0.57763495,-0.50233854,0.075296417,0.66047977,0.89726367,186.82101,167.62771,False,0.96246028,True,False,False,0.66047977,0.89726367,186.82101,167.62771,0.65050894,0.89385481,183.96806,164.44074,0.94959872,1.0002124,32.524481,32.531389,0.37646455,1.2086817,42.13052,50.922386,0.652304,0.83281376,89.588673,74.610679,0.65643778,0.85259826,94.647753,80.696509,0.64160812,0.88261175,91.549082,80.802295,0.75936882,0.93335758,81.87616,76.419735
0b_baseline_last,file,19,baseline,2094,037.Acadian_Flycatcher/Acadian_Flycatcher_0039_795606.jpg,37,36,037.Acadian_Flycatcher,39,38,color_jitter,color_jitter,0,"{""brightness"":1.313111,""contrast"":1.154352,""hue"":0.068053,""saturation"":1.394604}",2.5789371,0.78937238,-1.7895647,0.075854577,0.45412973,0.65348953,0.065884635,-0.57763495,0.38824509,0.96588004,0.57937798,0.48051878,186.82101,89.771004,False,0.94457054,False,False,True,0.57937798,0.48051878,186.82101,89.771004,0.5738611,0.47702779,183.96806,87.757878,0.73516329,0.5812456,32.524481,18.904712,0.27592686,0.41330818,42.13052,17.412888,0.51263201,0.4421221,89.588673,39.609132,0.561266,0.48271784,94.647753,45.688159,0.64904681,0.49562309,91.549082,45.373839,0.63115576,0.50107788,81.87616,41.026333
0b_baseline_last,file,19,baseline,2094,037.Acadian_Flycatcher/Acadian_Flycatcher_0039_795606.jpg,37,36,037.Acadian_Flycatcher,39,38,rotation,rotation,0,"{""angle"":11.496396}",2.5789371,3.1794868,0.6005497,0.075854577,0.041607004,0.65348953,0.71737969,-0.57763495,-0.67577269,-0.098137733,0.7906426,1.0540435,186.82101,196.91746,False,0.95807177,True,False,False,0.7906426,1.0540435,186.82101,196.91746,0.7855383,1.054355,183.96806,193.96766,0.95560086,1.0440253,32.524481,33.956382,0.76760976,1.0946819,42.13052,46.119517,0.80468533,0.97622917,89.588673,87.459076,0.76879601,1.0818583,94.647753,102.39546,0.77984854,1.090183,91.549082,99.805257,0.80327655,1.0507525,81.87616,86.031581
0b_baseline_last,file,19,baseline,2094,037.Acadian_Flycatcher/Acadian_Flycatcher_0039_795606.jpg,37,36,037.Acadian_Flycatcher,39,38,random_resized_crop,random_resized_crop,0,"{""area_fraction"":0.661735,""aspect"":0.900605,""fallback"":false,""height"":0.857186,""left"":0.044172,""top"":0.084033,""width"":0.771986}",2.5789371,0.93971497,-1.6392221,0.075854577,0.3907392,0.65348953,0.029748527,-0.57763495,0.36099068,0.93862563,0.48720978,0.57514956,186.82101,107.45002,False,0.9077599,False,False,False,0.48720978,0.57514956,186.82101,107.45002,0.4809137,0.57227395,183.96806,105.28013,0.66656652,0.66057667,32.524481,21.484913,0.61136897,0.49314967,42.13052,20.776652,0.39240718,0.52921262,89.588673,47.411456,0.42367041,0.55454129,94.647753,52.486086,0.54134608,0.60346973,91.549082,55.2471,0.54396064,0.62245578,81.87616,50.964289
0b_baseline_last,file,19,baseline,2094,037.Acadian_Flycatcher/Acadian_Flycatcher_0039_795606.jpg,37,36,037.Acadian_Flycatcher,39,38,gaussian_blur,gaussian_blur,0,"{""sigma"":1.229786}",2.5789371,1.2920713,-1.2868657,0.075854577,0.27470118,0.65348953,0.07901185,-0.57763495,0.19568933,0.77332428,0.53997792,0.68553924,186.82101,128.07313,False,0.92952836,False,False,False,0.53997792,0.68553924,186.82101,128.07313,0.53392274,0.68357256,183.96806,125.75552,0.71953693,0.74572802,32.524481,24.254417,0.59817975,0.81534537,42.13052,34.350924,0.57022211,0.6941523,89.588673,62.188183,0.47957255,0.70748818,94.647753,66.962166,0.51708259,0.63755281,91.549082,58.367374,0.57096677,0.65504045,81.87616,53.632197
0b_baseline_last,file,19,baseline,2094,037.Acadian_Flycatcher/Acadian_Flycatcher_0039_795606.jpg,37,36,037.Acadian_Flycatcher,39,38,random_erasing,random_erasing,0,"{""area_fraction"":0.176063,""erased"":true,""height"":0.546682,""left"":0.151839,""top"":0.138635,""width"":0.322057}",2.5789371,1.011055,-1.5678821,0.075854577,0.36383492,0.65348953,0.15180276,-0.57763495,0.21203215,0.78966711,0.71401031,0.5539223,186.82101,103.48432,False,0.93215704,False,False,True,0.71401031,0.5539223,186.82101,103.48432,0.70946294,0.55194222,183.96806,101.53974,0.84872151,0.61391098,32.524481,19.967136,0.70670085,0.48174994,42.13052,20.296375,0.73901126,0.56090049,89.588673,50.250331,0.69090245,0.53355727,94.647753,50.499996,0.68665516,0.54911744,91.549082,50.271198,0.7287879,0.58521182,81.87616,47.914897
0b_baseline_last,file,19,baseline,9063,155.Warbling_Vireo/Warbling_Vireo_0104_158800.jpg,155,154,155.Warbling_Vireo,153,152,identity,identity,0,{},0.88496351,0.88496351,0,0.41272923,0.41272923,0.57828522,0.57828522,-0.16555598,-0.16555598,0,1,1,121.10726,121.10726,False,1.0000001,True,False,False,1,1,121.10726,121.10726,1,1,117.14733,117.14733,1,1,30.716005,30.716005,1,1,27.244835,27.244835,1,1,57.509026,57.509026,1,1,65.406362,65.406362,1,1,54.098602,54.098602,1,1,49.69181,49.69181
0b_baseline_last,file,19,baseline,9063,155.Warbling_Vireo/Warbling_Vireo_0104_158800.jpg,155,154,155.Warbling_Vireo,153,152,horizontal_flip,horizontal_flip,0,"{""flipped"":true}",0.88496351,1.8443322,0.95936871,0.41272923,0.15813088,0.57828522,0.83246285,-0.16555598,-0.67433196,-0.50877598,0.69110352,1.4889121,121.10726,180.31807,False,0.97531134,True,False,False,0.69110352,1.4889121,121.10726,180.31807,0.67450684,1.5007722,117.14733,175.81146,0.97531846,1.3042605,30.716005,40.061671,0.71887732,1.4791017,27.244835,40.297882,0.55363927,1.432603,57.509026,82.387604,0.71823227,1.55922,65.406362,101.98291,0.65941816,1.540973,54.098602,83.364487,0.76146119,1.4438743,49.69181,71.74873
0b_baseline_last,file,19,baseline,9063,155.Warbling_Vireo/Warbling_Vireo_0104_158800.jpg,155,154,155.Warbling_Vireo,153,152,color_jitter,color_jitter,0,"{""brightness"":0.746179,""contrast"":0.780782,""hue"":0.059317,""saturation"":0.632511}",0.88496351,0.058779638,-0.82618387,0.41272923,0.94291455,0.57828522,0.049939625,-0.16555598,0.89297492,1.0585309,0.62314191,0.080078686,121.10726,9.6981104,False,0.92393261,False,False,True,0.62314191,0.080078686,121.10726,9.6981104,0.60373628,0.080345908,117.14733,9.4123084,0.92208419,0.076085708,30.716005,2.3370489,0.35396077,0.097556995,27.244835,2.6579243,0.54701797,0.067884683,57.509026,3.903982,0.64422853,0.07522459,65.406362,4.9201668,0.63068276,0.087674993,54.098602,4.7430946,0.67353071,0.08904956,49.69181,4.4250338
0b_baseline_last,file,19,baseline,9063,155.Warbling_Vireo/Warbling_Vireo_0104_158800.jpg,155,154,155.Warbling_Vireo,153,152,rotation,rotation,0,"{""angle"":9.109154}",0.88496351,0.19199568,-0.69296783,0.41272923,0.82531047,0.57828522,0.16902129,-0.16555598,0.65628918,0.82184516,0.83413102,0.32734088,121.10726,39.643358,False,0.94520366,False,False,True,0.83413102,0.32734088,121.10726,39.643358,0.82836397,0.33043018,117.14733,38.709012,0.94515803,0.2785577,30.716005,8.5561797,0.86768182,0.30175838,27.244835,8.2213573,0.84277245,0.33265333,57.509026,19.130569,0.85231568,0.33370613,65.406362,21.826504,0.78649078,0.33406004,54.098602,18.072181,0.80728247,0.32562305,49.69181,16.180799
0b_baseline_last,file,19,baseline,9063,155.Warbling_Vireo/Warbling_Vireo_0104_158800.jpg,155,154,155.Warbling_Vireo,153,152,random_resized_crop,random_resized_crop,0,"{""area_fraction"":0.551137,""aspect"":0.873386,""fallback"":false,""height"":0.794377,""left"":0.109882,""top"":0.006046,""width"":0.693798}",0.88496351,1.3124473,0.4274838,0.41272923,0.26916054,0.57828522,0.71662092,-0.16555598,-0.44746038,-0.2819044,0.72677971,1.4316129,121.10726,173.37872,False,0.92268419,True,False,False,0.72677971,1.4316129,121.10726,173.37872,0.71757085,1.4504533,117.14733,169.91672,0.92268268,1.1223607,30.716005,34.474437,0.77673031,1.4857616,27.244835,40.479331,0.67916735,1.4331638,57.509026,82.419855,0.75124464,1.5172448,65.406362,99.23746,0.68645627,1.4359629,54.098602,77.683583,0.72934129,1.3585249,49.69181,67.50756
0b_baseline_last,file,19,baseline,9063,155.Warbling_Vireo/Warbling_Vireo_0104_158800.jpg,155,154,155.Warbling_Vireo,153,152,gaussian_blur,gaussian_blur,0,"{""sigma"":1.573986}",0.88496351,1.5327282,0.64776468,0.41272923,0.21594571,0.57828522,0.58865392,-0.16555598,-0.37270822,-0.20715223,0.56314542,1.1869524,121.10726,143.74856,False,0.85424376,True,False,False,0.56314542,1.1869524,121.10726,143.74856,0.55080395,1.2060966,117.14733,141.29099,0.84501454,0.86166945,30.716005,26.467043,0.33091008,1.4475611,27.244835,39.438564,0.53049237,1.119421,57.509026,64.376812,0.5577499,1.2724133,65.406362,83.223925,0.57487767,1.2104511,54.098602,65.483715,0.62854872,1.1112097,49.69181,55.218024
0b_baseline_last,file,19,baseline,9063,155.Warbling_Vireo/Warbling_Vireo_0104_158800.jpg,155,154,155.Warbling_Vireo,153,152,random_erasing,random_erasing,0,"{""area_fraction"":0.061194,""erased"":true,""height"":0.307701,""left"":0.241675,""top"":0.096538,""width"":0.198874}",0.88496351,2.9314065,2.046443,0.41272923,0.053321987,0.57828522,0.92608351,-0.16555598,-0.87276152,-0.70720553,0.82831569,1.7688714,121.10726,214.22318,False,0.9638207,True,False,False,0.82831569,1.7688714,121.10726,214.22318,0.82129242,1.7864774,117.14733,209.28106,0.96383217,1.4894325,30.716005,45.749417,0.86307842,1.5362546,27.244835,41.855005,0.84755481,1.6182661,57.509026,93.06491,0.82631339,1.9541399,65.406362,127.81318,0.78825517,1.844439,54.098602,99.781571,0.82488026,1.6948541,49.69181,84.220369
0b_baseline_last,file,19,baseline,7197,123.Henslow_Sparrow/Henslow_Sparrow_0098_796601.jpg,123,122,123.Henslow_Sparrow,124,123,identity,identity,0,{},0.22799465,0.22799465,0,0.79612851,0.79612851,0.09448459,0.09448459,0.70164392,0.70164392,0,1,1,30.968827,30.968827,False,1,True,True,True,1,1,30.968827,30.968827,1,1,30.350269,30.350269,1,1,6.1586838,6.1586838,1,1,4.3066819,4.3066819,1,1,12.603323,12.603323,1,1,16.855242,16.855242,1,1,15.084663,15.084663,1,1,15.234873,15.234873
0b_baseline_last,file,19,baseline,7197,123.Henslow_Sparrow/Henslow_Sparrow_0098_796601.jpg,123,122,123.Henslow_Sparrow,124,123,horizontal_flip,horizontal_flip,0,"{""flipped"":true}",0.22799465,0.4023796,0.17438495,0.79612851,0.66872686,0.09448459,0.097039416,0.70164392,0.57168745,-0.12995648,0.65251733,1.2566099,30.968827,38.915736,False,0.98255938,True,True,True,0.65251733,1.2566099,30.968827,38.915736,0.63750711,1.2464111,30.350269,37.828912,0.96832124,1.4829135,6.1586838,9.1327951,0.54834095,1.0474704,4.3066819,4.511122,0.54958883,1.1800536,12.603323,14.872597,0.57943107,1.065311,16.855242,17.956075,0.61376329,1.3086131,15.084663,19.739986,0.78148535,1.4341675,15.234873,21.84936
0b_baseline_last,file,19,baseline,7197,123.Henslow_Sparrow/Henslow_Sparrow_0098_796601.jpg,123,122,123.Henslow_Sparrow,124,123,color_jitter,color_jitter,0,"{""brightness"":0.919516,""contrast"":1.214919,""hue"":0.075511,""saturation"":1.149618}",0.22799465,0.89371443,0.66571978,0.79612851,0.40913323,0.09448459,0.00364438,0.70164392,0.40548885,-0.29615508,0.37142809,2.9471792,30.968827,91.270684,False,0.91134238,False,True,False,0.37142809,2.9471792,30.968827,91.270684,0.35549933,2.9326746,30.350269,89.007464,0.71955009,3.2797977,6.1586838,20.199237,0.39974148,3.0196158,4.3066819,13.004525,0.064181526,2.6969651,12.603323,33.990723,0.28953331,2.9673829,16.855242,50.015956,0.41329835,3.0483466,15.084663,45.983279,0.55984675,2.9220611,15.234873,44.51723
0b_baseline_last,file,19,baseline,7197,123.Henslow_Sparrow/Henslow_Sparrow_0098_796601.jpg,123,122,123.Henslow_Sparrow,124,123,rotation,rotation,0,"{""angle"":-14.781661}",0.22799465,0.31314573,0.085151076,0.79612851,0.73114336,0.09448459,0.045471098,0.70164392,0.68567226,-0.015971664,0.59632331,1.0518613,30.968827,32.574911,False,0.96002918,True,True,True,0.59632331,1.0518613,30.968827,32.574911,0.58211197,1.0484656,30.350269,31.821213,0.91785865,1.1312035,6.1586838,6.9667249,0.45731806,0.90334996,4.3066819,3.8904409,0.45228335,1.0877873,12.603323,13.709736,0.54609879,0.96507198,16.855242,16.266522,0.57230774,1.0082257,15.084663,15.208745,0.72411391,1.1623671,15.234873,17.708516
0b_baseline_last,file,19,baseline,7197,123.Henslow_Sparrow/Henslow_Sparrow_0098_796601.jpg,123,122,123.Henslow_Sparrow,124,123,random_resized_crop,random_resized_crop,0,"{""area_fraction"":0.647335,""aspect"":1.28419,""fallback"":false,""height"":0.709986,""left"":0.020117,""top"":0.128161,""width"":0.911757}",0.22799465,1.2934077,1.065413,0.79612851,0.27433434,0.09448459,0.57682121,0.70164392,-0.30248687,-1.0041308,0.65069247,4.1050187,30.968827,127.12761,False,0.9343667,False,True,False,0.65069247,4.1050187,30.968827,127.12761,0.63965444,4.0909975,30.350269,124.16288,0.90013296,4.4319333,6.1586838,27.294876,0.53592688,4.64027,4.3066819,19.984167,0.58183251,4.0145361,12.603323,50.596497,0.62721205,4.015319,16.855242,67.679173,0.65046479,4.3127313,15.084663,65.056096,0.69532059,3.9624801,15.234873,60.367884
0b_baseline_last,file,19,baseline,7197,123.Henslow_Sparrow/Henslow_Sparrow_0098_796601.jpg,123,122,123.Henslow_Sparrow,124,123,gaussian_blur,gaussian_blur,0,"{""sigma"":1.524623}",0.22799465,2.2271688,1.9991741,0.79612851,0.10783331,0.09448459,0.74319416,0.70164392,-0.63536085,-1.3370048,0.63204509,6.4826015,30.968827,200.75857,False,0.92498511,False,True,False,0.63204509,6.4826015,30.968827,200.75857,0.62506464,6.5386377,30.350269,198.44942,0.88148393,4.9298956,6.1586838,30.361669,0.45250118,7.9850658,4.3066819,34.389138,0.61693023,7.8169678,12.603323,98.519773,0.61754524,7.0324094,16.855242,118.53296,0.6289526,5.985725,15.084663,90.292641,0.69622376,5.2060312,15.234873,79.313227
0b_baseline_last,file,19,baseline,7197,123.Henslow_Sparrow/Henslow_Sparrow_0098_796601.jpg,123,122,123.Henslow_Sparrow,124,123,random_erasing,random_erasing,0,"{""area_fraction"":0.071842,""erased"":true,""height"":0.395977,""left"":0.613364,""top"":0.393968,""width"":0.181431}",0.22799465,0.16947128,-0.058523372,0.79612851,0.84411103,0.09448459,0.057257202,0.70164392,0.78685382,0.085209902,0.95348058,0.71363825,30.968827,22.10054,False,0.98957002,True,True,True,0.95348058,0.71363825,30.968827,22.10054,0.95225619,0.71338441,30.350269,21.651409,0.9829881,0.71977556,6.1586838,4.4328701,0.92709526,0.77116299,4.3066819,3.3211537,0.9497593,0.7032612,12.603323,8.8634283,0.95765744,0.71464439,16.855242,12.045504,0.95401708,0.70419516,15.084663,10.622546,0.94831667,0.72280426,15.234873,11.011831
0b_baseline_last,file,19,baseline,4604,079.Belted_Kingfisher/Belted_Kingfisher_0111_70375.jpg,79,78,079.Belted_Kingfisher,93,92,identity,identity,0,{},1.2116228,1.2116228,0,0.29771373,0.29771373,0.045521468,0.045521468,0.25219226,0.25219226,0,1,1,115.15341,115.15341,False,1.0000001,True,True,True,1,1,115.15341,115.15341,1,1,113.76097,113.76097,1,1,17.853558,17.853558,1,1,24.989215,24.989215,1,1,51.431141,51.431141,1,1,54.8956,54.8956,1,1,56.80949,56.80949,1,1,58.575503,58.575503
0b_baseline_last,file,19,baseline,4604,079.Belted_Kingfisher/Belted_Kingfisher_0111_70375.jpg,79,78,079.Belted_Kingfisher,93,92,horizontal_flip,horizontal_flip,0,"{""flipped"":true}",1.2116228,1.7975435,0.58592069,0.29771373,0.16570544,0.045521468,0.048498634,0.25219226,0.11720681,-0.13498545,0.61128737,1.1035647,115.15341,127.07923,False,0.94532162,True,True,True,0.61128737,1.1035647,115.15341,127.07923,0.60250958,1.1013538,113.76097,125.29107,0.9429437,1.1898653,17.853558,21.24333,0.47416465,0.85446313,24.989215,21.352363,0.5690102,1.1099165,51.431141,57.084272,0.58217699,1.1196547,54.8956,61.464113,0.58556765,1.1406261,56.80949,64.798385,0.68620239,1.0806237,58.575503,63.298077
0b_baseline_last,file,19,baseline,4604,079.Belted_Kingfisher/Belted_Kingfisher_0111_70375.jpg,79,78,079.Belted_Kingfisher,93,92,color_jitter,color_jitter,0,"{""brightness"":1.126413,""contrast"":1.247611,""hue"":-0.016252,""saturation"":1.293936}",1.2116228,2.7281651,1.5165423,0.29771373,0.065339066,0.045521468,0.0064864377,0.25219226,0.058852628,-0.19333963,0.67353393,1.3004557,115.15341,149.7519,False,0.89075267,False,True,False,0.67353393,1.3004557,115.15341,149.7519,0.66919133,1.2987508,113.76097,147.74715,0.84182054,1.3678803,17.853558,24.421531,0.60667185,1.1439052,24.989215,28.585294,0.607282,1.1472455,51.431141,59.004145,0.69079172,1.425916,54.8956,78.276515,0.68335786,1.4152262,56.80949,80.398281,0.7000386,1.1998478,58.575503,70.281691
0b_baseline_last,file,19,baseline,4604,079.Belted_Kingfisher/Belted_Kingfisher_0111_70375.jpg,79,78,079.Belted_Kingfisher,93,92,rotation,rotation,0,"{""angle"":-12.911794}",1.2116228,0.61545193,-0.5961709,0.29771373,0.54039663,0.045521468,0.017951664,0.25219226,0.52244497,0.27025271,0.70422237,0.66368786,115.15341,76.425919,False,0.94982386,True,True,True,0.70422237,0.66368786,115.15341,76.425919,0.69858939,0.66447655,113.76097,75.591495,0.94605286,0.63083406,17.853558,11.262632,0.69565389,1.0026676,24.989215,25.055876,0.7059037,0.60081065,51.431141,30.900377,0.6764843,0.63820959,54.8956,35.034898,0.67083856,0.6937833,56.80949,39.413476,0.76505277,0.62739892,58.575503,36.750208
0b_baseline_last,file,19,baseline,4604,079.Belted_Kingfisher/Belted_Kingfisher_0111_70375.jpg,79,78,079.Belted_Kingfisher,93,92,random_resized_crop,random_resized_crop,0,"{""area_fraction"":0.566552,""aspect"":1.052221,""fallback"":false,""height"":0.733781,""left"":0.210099,""top"":0.058402,""width"":0.7721}",1.2116228,1.7410764,0.52945352,0.29771373,0.17533159,0.045521468,0.015153517,0.25219226,0.16017808,-0.092014183,0.698887,1.1411948,115.15341,131.41247,False,0.92983687,True,True,True,0.698887,1.1411948,115.15341,131.41247,0.69315702,1.1383041,113.76097,129.49457,0.91337918,1.2529398,17.853558,22.369433,0.60443671,1.0271637,24.989215,25.668014,0.70983893,1.0947914,51.431141,56.306369,0.69856212,1.2639743,54.8956,69.386628,0.67800276,1.1257386,56.80949,63.952638,0.71052251,1.0844602,58.575503,63.522803
0b_baseline_last,file,19,baseline,4604,079.Belted_Kingfisher/Belted_Kingfisher_0111_70375.jpg,79,78,079.Belted_Kingfisher,93,92,gaussian_blur,gaussian_blur,0,"{""sigma"":1.080834}",1.2116228,1.1093621,-0.10226071,0.29771373,0.32976928,0.045521468,0.0049797283,0.25219226,0.32478956,0.072597296,0.68585399,1.1487578,115.15341,132.28338,False,0.92010117,True,True,True,0.68585399,1.1487578,115.15341,132.28338,0.68082371,1.1492701,113.76097,130.74208,0.89410293,1.1277621,17.853558,20.134566,0.57481929,1.3994627,24.989215,34.971475,0.65626189,1.1359561,51.431141,58.423517,0.67433374,1.2839803,54.8956,70.48487,0.68994034,1.1336113,56.80949,64.399878,0.74377069,0.98689044,58.575503,57.807604
0b_baseline_last,file,19,baseline,4604,079.Belted_Kingfisher/Belted_Kingfisher_0111_70375.jpg,79,78,079.Belted_Kingfisher,93,92,random_erasing,random_erasing,0,"{""area_fraction"":0.122481,""erased"":true,""height"":0.357738,""left"":0.120786,""top"":0.441158,""width"":0.342377}",1.2116228,0.99106205,-0.22056079,0.29771373,0.37118226,0.045521468,0.0026132362,0.25219226,0.36856903,0.11637677,0.86236733,0.9748828,115.15341,112.26108,False,0.93339521,True,True,True,0.86236733,0.9748828,115.15341,112.26108,0.8608549,0.97543249,113.76097,110.96614,0.92550831,0.95229696,17.853558,17.001889,0.90087632,0.97986267,24.989215,24.485999,0.87304399,0.95658413,51.431141,49.198213,0.86754665,0.99586553,54.8956,54.668635,0.85177483,1.0171869,56.80949,57.785872,0.84863501,0.92969294,58.575503,54.457232
0b_baseline_last,file,19,baseline,10665,182.Yellow_Warbler/Yellow_Warbler_0121_176402.jpg,182,181,182.Yellow_Warbler,180,179,identity,identity,0,{},0.045565024,0.045565024,0,0.95545745,0.95545745,0.023957517,0.023957517,0.93149993,0.93149993,0,1,1,8.1620811,8.1620811,False,1,True,True,True,1,1,8.1620811,8.1620811,1,1,8.0310483,8.0310483,1,1,1.4566505,1.4566505,1,1,2.2803841,2.2803841,1,1,3.8258509,3.8258509,1,1,4.3411224,4.3411224,1,1,3.712389,3.712389,1,1,3.4689011,3.4689011
0b_baseline_last,file,19,baseline,10665,182.Yellow_Warbler/Yellow_Warbler_0121_176402.jpg,182,181,182.Yellow_Warbler,180,179,horizontal_flip,horizontal_flip,0,"{""flipped"":true}",0.045565024,0.027254688,-0.018310336,0.95545745,0.97311336,0.023957517,0.0095612584,0.93149993,0.9635521,0.032052168,0.62129134,0.67693099,8.1620811,5.5251657,False,0.98493332,True,True,True,0.62129134,0.67693099,8.1620811,5.5251657,0.61151072,0.67905331,8.0310483,5.4535099,0.95644014,0.60889883,1.4566505,0.88695277,0.06914114,0.6471896,2.2803841,1.4758408,0.47734427,0.70955769,3.8258509,2.714662,0.7096439,0.71644196,4.3411224,3.1101622,0.69043727,0.66129231,3.712389,2.4549743,0.77768053,0.6110675,3.4689011,2.1197327
0b_baseline_last,file,19,baseline,10665,182.Yellow_Warbler/Yellow_Warbler_0121_176402.jpg,182,181,182.Yellow_Warbler,180,179,color_jitter,color_jitter,0,"{""brightness"":0.998509,""contrast"":0.995471,""hue"":0.093625,""saturation"":0.839551}",0.045565024,3.1045787,3.0590137,0.95545745,0.044843405,0.023957517,0.11272462,0.93149993,-0.067881219,-0.99938115,0.6640565,18.863943,8.1620811,153.96904,False,0.8576861,False,True,False,0.6640565,18.863943,8.1620811,153.96904,0.66003784,18.78599,8.0310483,150.87119,0.77714638,21.096513,1.4566505,30.730246,0.62702063,14.75769,2.2803841,33.653202,0.68135341,18.491486,3.8258509,70.74567,0.71903531,18.487934,4.3411224,80.258386,0.61750754,18.6936,3.712389,69.397916,0.62011156,21.119319,3.4689011,73.260828
0b_baseline_last,file,19,baseline,10665,182.Yellow_Warbler/Yellow_Warbler_0121_176402.jpg,182,181,182.Yellow_Warbler,180,179,rotation,rotation,0,"{""angle"":8.216679}",0.045565024,0.024874119,-0.020690905,0.95545745,0.97543269,0.023957517,0.0062078536,0.93149993,0.96922484,0.037724908,0.74705584,0.50114925,8.1620811,4.0904209,False,0.97249532,True,True,True,0.74705584,0.50114925,8.1620811,4.0904209,0.74120638,0.50008495,8.0310483,4.0162064,0.9154665,0.53248684,1.4566505,0.77564721,0.8685702,0.55067426,2.2803841,1.2557488,0.74740958,0.47048589,3.8258509,1.8000089,0.71862863,0.52872121,4.3411224,2.2952435,0.68223149,0.48558666,3.712389,1.8026866,0.78398512,0.48196009,3.4689011,1.6718719
0b_baseline_last,file,19,baseline,10665,182.Yellow_Warbler/Yellow_Warbler_0121_176402.jpg,182,181,182.Yellow_Warbler,180,179,random_resized_crop,random_resized_crop,0,"{""area_fraction"":0.520994,""aspect"":1.329838,""fallback"":false,""height"":0.625917,""left"":0.020693,""top"":0.065192,""width"":0.832369}",0.045565024,0.040056739,-0.005508285,0.95545745,0.9607349,0.023957517,0.0078097209,0.93149993,0.95292518,0.021425251,0.57741991,0.74327294,8.1620811,6.066654,False,0.9523719,True,True,True,0.57741991,0.74327294,8.1620811,6.066654,0.5670191,0.73880943,8.0310483,5.9334142,0.85373877,0.86806744,1.4566505,1.2644709,0.60163313,0.60735798,2.2803841,1.3850095,0.51195193,0.61604946,3.8258509,2.3569134,0.58438409,0.74769384,4.3411224,3.2458305,0.53091286,0.78967253,3.712389,2.9315716,0.63792821,0.84551743,3.4689011,2.9330164
0b_baseline_last,file,19,baseline,10665,182.Yellow_Warbler/Yellow_Warbler_0121_176402.jpg,182,181,182.Yellow_Warbler,180,179,gaussian_blur,gaussian_blur,0,"{""sigma"":1.365622}",0.045565024,2.1789124,2.1333474,0.95545745,0.11316455,0.023957517,0.83836222,0.93149993,-0.72519767,-1.6566976,0.60426441,21.405141,8.1620811,174.71049,False,0.89734262,False,True,False,0.60426441,21.405141,8.1620811,174.71049,0.59490937,21.301921,8.0310483,171.07676,0.85835757,24.334691,1.4566505,35.447139,0.54173068,16.997232,2.2803841,38.760217,0.59058635,22.036373,3.8258509,84.307879,0.56385921,20.20321,4.3411224,87.704607,0.58712538,21.894055,3.712389,81.279248,0.67655279,22.987472,3.4689011,79.741267
0b_baseline_last,file,19,baseline,10665,182.Yellow_Warbler/Yellow_Warbler_0121_176402.jpg,182,181,182.Yellow_Warbler,180,179,random_erasing,random_erasing,0,"{""area_fraction"":0.142267,""erased"":true,""height"":0.221345,""left"":0.321126,""top"":0.266941,""width"":0.64274}",0.045565024,6.4660993,6.4205342,0.95545745,0.0015552804,0.023957517,0.02523122,0.93149993,-0.023675939,-0.95517587,0.39981774,13.217611,8.1620811,107.88321,False,0.63769066,False,True,False,0.39981774,13.217611,8.1620811,107.88321,0.39399121,13.015502,8.0310483,104.52813,0.54816693,18.326734,1.4566505,26.695645,0.66386843,7.8038148,2.2803841,17.795695,0.46805679,9.6880085,3.8258509,37.064877,0.39741288,12.072811,4.3411224,52.40955,0.36936946,13.7775,3.712389,51.14744,0.35611749,17.939963,3.4689011,62.231956
0b_baseline_last,file,19,baseline,8730,149.Brown_Thrasher/Brown_Thrasher_0052_155254.jpg,149,148,149.Brown_Thrasher,120,119,identity,identity,0,{},0.13487579,0.13487579,0,0.87382442,0.87382442,0.045972675,0.045972675,0.82785174,0.82785174,0,1,1,19.27083,19.27083,False,1,True,True,True,1,1,19.27083,19.27083,1,1,18.851659,18.851659,1,1,3.997478,3.997478,1,1,4.0431372,4.0431372,1,1,8.714604,8.714604,1,1,8.8540331,8.8540331,1,1,9.5238198,9.5238198,1,1,9.6951907,9.6951907
0b_baseline_last,file,19,baseline,8730,149.Brown_Thrasher/Brown_Thrasher_0052_155254.jpg,149,148,149.Brown_Thrasher,120,119,horizontal_flip,horizontal_flip,0,"{""flipped"":true}",0.13487579,0.086156726,-0.048719063,0.87382442,0.91745043,0.045972675,0.021779966,0.82785174,0.89567046,0.06781872,0.71021956,0.61179248,19.27083,11.789749,False,0.98039538,True,True,True,0.71021956,0.61179248,19.27083,11.789749,0.69816853,0.61103333,18.851659,11.518992,0.97107458,0.62843874,3.997478,2.51217,0.64183111,0.50181905,4.0431372,2.0289233,0.75101922,0.64049275,8.714604,5.5816407,0.68006707,0.61667846,8.8540331,5.4600915,0.61658928,0.60602793,9.5238198,5.7717008,0.75814771,0.60399382,9.6951907,5.8558353
0b_baseline_last,file,19,baseline,8730,149.Brown_Thrasher/Brown_Thrasher_0052_155254.jpg,149,148,149.Brown_Thrasher,120,119,color_jitter,color_jitter,0,"{""brightness"":0.947663,""contrast"":0.837021,""hue"":-0.025181,""saturation"":0.937766}",0.13487579,0.20994534,0.075069547,0.87382442,0.81062853,0.045972675,0.049568444,0.82785174,0.76106009,-0.066791654,0.90197326,1.3530065,19.27083,26.073558,False,0.99041951,True,True,True,0.90197326,1.3530065,19.27083,26.073558,0.89821786,1.3524618,18.851659,25.496149,0.98475793,1.3650634,3.997478,5.4568109,0.84869152,1.1896109,4.0431372,4.80976,0.89641552,1.5021634,8.714604,13.090759,0.87822657,1.2955059,8.8540331,11.470452,0.90124754,1.3024979,9.5238198,12.404755,0.92756988,1.3452382,9.6951907,13.042341
0b_baseline_last,file,19,baseline,8730,149.Brown_Thrasher/Brown_Thrasher_0052_155254.jpg,149,148,149.Brown_Thrasher,120,119,rotation,rotation,0,"{""angle"":-2.787799}",0.13487579,0.12198456,-0.012891226,0.87382442,0.88516206,0.045972675,0.046146736,0.82785174,0.83901532,0.011163577,0.87522308,0.9785478,19.27083,18.857428,False,0.99145472,True,True,True,0.87522308,0.9785478,19.27083,18.857428,0.86993725,0.97657386,18.851659,18.410037,0.98845605,1.0214622,3.997478,4.0832728,0.75707041,1.0100839,4.0431372,4.0839077,0.88362413,1.0388998,8.714604,9.0536008,0.83813928,1.005443,8.8540331,8.902226,0.86575636,0.94172705,9.5238198,8.9688388,0.91557474,0.92596472,9.6951907,8.9774046
0b_baseline_last,file,19,baseline,8730,149.Brown_Thrasher/Brown_Thrasher_0052_155254.jpg,149,148,149.Brown_Thrasher,120,119,random_resized_crop,random_resized_crop,0,"{""area_fraction"":0.880193,""aspect"":0.968382,""fallback"":false,""height"":0.953379,""left"":0.047516,""top"":0.007952,""width"":0.923235}",0.13487579,0.075490527,-0.059385262,0.87382442,0.92728853,0.045972675,0.021738227,0.82785174,0.9055503,0.077698562,0.84880959,0.53277335,19.27083,10.266985,False,0.98761755,True,True,True,0.84880959,0.53277335,19.27083,10.266985,0.84251255,0.53203441,18.851659,10.029731,0.98493518,0.54895013,3.997478,2.194416,0.72730451,0.47103058,4.0431372,1.9044413,0.81018242,0.49672363,8.714604,4.3287498,0.81642633,0.54370514,8.8540331,4.8139833,0.84600207,0.54108106,9.5238198,5.1531585,0.90454168,0.55064812,9.6951907,5.3386385
0b_baseline_last,file,19,baseline,8730,149.Brown_Thrasher/Brown_Thrasher_0052_155254.jpg,149,148,149.Brown_Thrasher,120,119,gaussian_blur,gaussian_blur,0,"{""sigma"":1.445181}",0.13487579,0.076050594,-0.058825195,0.87382442,0.92676932,0.045972675,0.0068766237,0.82785174,0.91989269,0.09204095,0.4445262,0.62780822,19.27083,12.098385,False,0.9272998,True,True,True,0.4445262,0.62780822,19.27083,12.098385,0.4290277,0.6324372,18.851659,11.922491,0.87767499,0.51420347,3.997478,2.055517,-0.20458238,0.88855151,4.0431372,3.5925357,0.29203867,0.5507043,8.714604,4.7991699,0.40468898,0.70839347,8.8540331,6.2721392,0.48847276,0.62169751,9.5238198,5.9209351,0.67969306,0.58173751,9.6951907,5.6400561
0b_baseline_last,file,19,baseline,8730,149.Brown_Thrasher/Brown_Thrasher_0052_155254.jpg,149,148,149.Brown_Thrasher,120,119,random_erasing,random_erasing,0,"{""area_fraction"":0.089423,""erased"":true,""height"":0.447423,""left"":0.077817,""top"":0.467148,""width"":0.199863}",0.13487579,0.10773803,-0.027137756,0.87382442,0.89786279,0.045972675,0.045698509,0.82785174,0.85216428,0.024312541,0.97058663,0.8158672,19.27083,15.722438,False,0.99591887,True,True,True,0.97058663,0.8158672,19.27083,15.722438,0.96965656,0.81575737,18.851659,15.37838,0.99121121,0.81830588,3.997478,3.2711597,0.95625778,0.75997033,4.0431372,3.0726643,0.97758768,0.81870686,8.714604,7.134706,0.97171676,0.81457227,8.8540331,7.2122498,0.96365697,0.83146295,9.5238198,7.9187033,0.97019953,0.8083935,9.6951907,7.8375291
0b_baseline_last,file,19,baseline,6794,117.Clay_colored_Sparrow/Clay_Colored_Sparrow_0002_110606.jpg,117,116,117.Clay_colored_Sparrow,121,120,identity,identity,0,{},0.012142548,0.012142548,0,0.98793089,0.98793089,0.0020352721,0.0020352721,0.98589562,0.98589562,0,1,1,2.5456767,2.5456767,False,0.99999994,True,True,True,1,1,2.5456767,2.5456767,1,1,2.5178488,2.5178488,1,1,0.37537639,0.37537639,1,1,0.53262676,0.53262676,1,1,1.1397442,1.1397442,1,1,1.4540918,1.4540918,1,1,1.2080344,1.2080344,1,1,1.0877152,1.0877152
0b_baseline_last,file,19,baseline,6794,117.Clay_colored_Sparrow/Clay_Colored_Sparrow_0002_110606.jpg,117,116,117.Clay_colored_Sparrow,121,120,horizontal_flip,horizontal_flip,0,"{""flipped"":true}",0.012142548,0.0092157936,-0.0029267548,0.98793089,0.99082655,0.0020352721,0.0015820706,0.98589562,0.98924448,0.0033488547,0.67985599,0.75244572,2.5456767,1.9154836,False,0.97467208,True,True,True,0.67985599,0.75244572,2.5456767,1.9154836,0.67299013,0.7510034,2.5178488,1.890913,0.96680746,0.81469956,0.37537639,0.30581898,0.63581791,0.67629254,0.53262676,0.36021151,0.58753676,0.65726188,1.1397442,0.74911042,0.68789346,0.76792776,1.4540918,1.1166374,0.64871146,0.80524174,1.2080344,0.97275972,0.77529977,0.7645019,1.0877152,0.83156037
0b_baseline_last,file,19,baseline,6794,117.Clay_colored_Sparrow/Clay_Colored_Sparrow_0002_110606.jpg,117,116,117.Clay_colored_Sparrow,121,120,color_jitter,color_jitter,0,"{""brightness"":1.024999,""contrast"":1.148055,""hue"":0.05493,""saturation"":1.285229}",0.012142548,0.12746771,0.11532516,0.98793089,0.88032186,0.0020352721,0.0071805934,0.98589562,0.87314127,-0.11275435,0.41372241,7.8946841,2.5456767,20.097314,False,0.88307244,True,True,True,0.41372241,7.8946841,2.5456767,20.097314,0.40326074,7.8705351,2.5178488,19.816817,0.83244737,8.9137389,0.37537639,3.3460071,0.10311044,7.2835585,0.53262676,3.8794182,0.10214118,6.8566591,1.1397442,7.8148375,0.37146744,7.7929365,1.4540918,11.331645,0.51213726,8.0421994,1.2080344,9.7152535,0.65186065,8.9036589,1.0877152,9.6846455
0b_baseline_last,file,19,baseline,6794,117.Clay_colored_Sparrow/Clay_Colored_Sparrow_0002_110606.jpg,117,116,117.Clay_colored_Sparrow,121,120,rotation,rotation,0,"{""angle"":-10.606434}",0.012142548,0.049674939,0.037532391,0.98793089,0.95153868,0.0020352721,0.0025979318,0.98589562,0.94894075,-0.036954872,0.81479004,3.6438547,2.5456767,9.2760761,False,0.97168022,True,True,True,0.81479004,3.6438547,2.5456767,9.2760761,0.81143381,3.6422403,2.5178488,9.1706105,0.96296155,3.7157596,0.37537639,1.3948084,0.8644088,3.5784301,0.53262676,1.9059677,0.7758982,3.8903327,1.1397442,4.4339842,0.83486983,3.5283254,1.4540918,5.1305089,0.78656664,3.5328104,1.2080344,4.2677564,0.83280946,3.7084799,1.0877152,4.0337701
0b_baseline_last,file,19,baseline,6794,117.Clay_colored_Sparrow/Clay_Colored_Sparrow_0002_110606.jpg,117,116,117.Clay_colored_Sparrow,121,120,random_resized_crop,random_resized_crop,0,"{""area_fraction"":0.69397,""aspect"":1.105285,""fallback"":false,""height"":0.79238,""left"":0.033361,""top"":0.134557,""width"":0.875805}",0.012142548,0.0099412333,-0.002201315,0.98793089,0.99010801,0.0020352721,0.0016057258,0.98589562,0.98850229,0.0026066655,0.75326683,0.91022931,2.5456767,2.3171496,False,0.96553814,True,True,True,0.75326683,0.91022931,2.5456767,2.3171496,0.74930384,0.91159177,2.5178488,2.2952502,0.94725414,0.84666574,0.37537639,0.31781833,0.79807806,0.99512966,0.53262676,0.53003269,0.72250705,1.0012173,1.1397442,1.1411316,0.75790305,0.85727303,1.4540918,1.2465536,0.73114618,0.9088749,1.2080344,1.0979521,0.78523851,0.88452717,1.0877152,0.96211368
0b_baseline_last,file,19,baseline,6794,117.Clay_colored_Sparrow/Clay_Colored_Sparrow_0002_110606.jpg,117,116,117.Clay_colored_Sparrow,121,120,gaussian_blur,gaussian_blur,0,"{""sigma"":1.405211}",0.012142548,0.010637014,-0.0015055342,0.98793089,0.98941934,0.0020352721,0.0020921202,0.98589562,0.98732722,0.001431599,0.75170798,0.86269948,2.5456767,2.196154,False,0.95346242,True,True,True,0.75170798,0.86269948,2.5456767,2.196154,0.74749394,0.86301364,2.5178488,2.1729379,0.94466367,0.84844449,0.37537639,0.31848603,0.7777741,0.96223903,0.53262676,0.51251426,0.70478902,0.99633281,1.1397442,1.1355646,0.76836878,0.80657446,1.4540918,1.1728333,0.72995273,0.80799182,1.2080344,0.97608192,0.7959374,0.84321115,1.0877152,0.91717362
0b_baseline_last,file,19,baseline,6794,117.Clay_colored_Sparrow/Clay_Colored_Sparrow_0002_110606.jpg,117,116,117.Clay_colored_Sparrow,121,120,random_erasing,random_erasing,0,"{""area_fraction"":0.153727,""erased"":true,""height"":0.314139,""left"":0.01517,""top"":0.665426,""width"":0.489359}",0.012142548,0.031300258,0.01915771,0.98793089,0.96918452,0.0020352721,0.0028937387,0.98589562,0.96629078,-0.019604843,0.92032077,2.5550284,2.5456767,6.5042763,False,0.96661496,True,True,True,0.92032077,2.5550284,2.5456767,6.5042763,0.91965897,2.5584448,2.5178488,6.4417771,0.95404356,2.3962884,0.37537639,0.89951009,0.93191157,2.5518988,0.53262676,1.3592096,0.9138947,2.6110031,1.1397442,2.9758757,0.93680685,2.5967487,1.4540918,3.7759109,0.91068055,2.5831829,1.2080344,3.1205738,0.90459679,2.3969912,1.0877152,2.6072439
0b_baseline_last,file,19,baseline,11456,195.Carolina_Wren/Carolina_Wren_0128_186581.jpg,195,194,195.Carolina_Wren,199,198,identity,identity,0,{},0.0046330485,0.0046330485,0,0.99537766,0.99537766,0.0015694135,0.0015694135,0.99380825,0.99380825,0,1,1,0.89721443,0.89721443,False,1,True,True,True,1,1,0.89721443,0.89721443,1,1,0.88395161,0.88395161,1,1,0.15369871,0.15369871,1,1,0.20232719,0.20232719,1,1,0.44521027,0.44521027,1,1,0.50523589,0.50523589,1,1,0.37377849,0.37377849,1,1,0.38372948,0.38372948
0b_baseline_last,file,19,baseline,11456,195.Carolina_Wren/Carolina_Wren_0128_186581.jpg,195,194,195.Carolina_Wren,199,198,horizontal_flip,horizontal_flip,0,"{""flipped"":true}",0.0046330485,0.037450917,0.032817869,0.99537766,0.9632417,0.0015694135,0.0083393147,0.99380825,0.95490238,-0.038905865,0.75935319,8.2985136,0.89721443,7.4455461,False,0.96771586,True,True,True,0.75935319,8.2985136,0.89721443,7.4455461,0.75437808,8.3220849,0.88395161,7.3563203,0.94674891,7.4771026,0.15369871,1.149221,0.74578791,8.3028784,0.20232719,1.679898,0.71490827,8.7960208,0.44521027,3.9160788,0.79687266,8.1422756,0.50523589,4.1137698,0.71217703,8.3956427,0.37377849,3.1381106,0.78579097,7.8987578,0.38372948,3.0309862
0b_baseline_last,file,19,baseline,11456,195.Carolina_Wren/Carolina_Wren_0128_186581.jpg,195,194,195.Carolina_Wren,199,198,color_jitter,color_jitter,0,"{""brightness"":1.065531,""contrast"":1.390322,""hue"":-0.082845,""saturation"":1.261563}",0.0046330485,7.2467723,7.2421392,0.99537766,0.00071247033,0.0015694135,0.0019655293,0.99380825,-0.001253059,-0.99506131,-0.043499827,144.25383,0.89721443,129.42662,False,0.615345,False,True,False,-0.043499827,144.25383,0.89721443,129.42662,-0.06627194,142.27116,0.88395161,125.76082,0.4926405,198.99562,0.15369871,30.585369,-0.36106674,125.53542,0.20232719,25.399229,-0.20264687,115.13659,0.44521027,51.259993,-0.18795848,109.56941,0.50523589,55.3584,-0.023740383,137.78263,0.37377849,51.500181,0.15225131,215.31095,0.38372948,82.621158
0b_baseline_last,file,19,baseline,11456,195.Carolina_Wren/Carolina_Wren_0128_186581.jpg,195,194,195.Carolina_Wren,199,198,rotation,rotation,0,"{""angle"":-12.625443}",0.0046330485,0.0041755163,-0.00045753224,0.99537766,0.99583322,0.0015694135,0.00060150132,0.99380825,0.99523172,0.0014234704,0.68616782,0.85967242,0.89721443,0.7713105,False,0.97191226,True,True,True,0.68616782,0.85967242,0.89721443,0.7713105,0.67833097,0.8600702,0.88395161,0.76026043,0.94965038,0.8464102,0.15369871,0.13009215,0.4009788,0.94040297,0.20232719,0.19026909,0.66637042,0.86501324,0.44521027,0.38511278,0.69001908,0.82219111,0.50523589,0.41540046,0.65626512,0.88788193,0.37377849,0.33187116,0.78252739,0.86739471,0.38372948,0.33284492
0b_baseline_last,file,19,baseline,11456,195.Carolina_Wren/Carolina_Wren_0128_186581.jpg,195,194,195.Carolina_Wren,199,198,random_resized_crop,random_resized_crop,0,"{""area_fraction"":0.822587,""aspect"":1.028865,""fallback"":false,""height"":0.894153,""left"":0.019459,""top"":0.092701,""width"":0.919962}",0.0046330485,0.0050783926,0.00044534402,0.99537766,0.9949345,0.0015694135,0.00053220295,0.99380825,0.9944023,0.00059404998,0.76723848,1.1248346,0.89721443,1.0092179,False,0.97925401,True,True,True,0.76723848,1.1248346,0.89721443,1.0092179,0.76224771,1.1256253,0.88395161,0.99499826,0.93663585,1.098363,0.15369871,0.16881698,0.6748558,1.1906162,0.20232719,0.24089402,0.76315705,1.0889245,0.44521027,0.48480038,0.77648381,1.1005989,0.50523589,0.55606208,0.72518425,1.1638038,0.37377849,0.43500481,0.79982549,1.1611371,0.38372948,0.44556254
0b_baseline_last,file,19,baseline,11456,195.Carolina_Wren/Carolina_Wren_0128_186581.jpg,195,194,195.Carolina_Wren,199,198,gaussian_blur,gaussian_blur,0,"{""sigma"":1.767032}",0.0046330485,2.8242741,2.819641,0.99537766,0.059351731,0.0015694135,0.0018685884,0.99380825,0.057483143,-0.9363251,0.34968325,174.10097,0.89721443,156.2059,False,0.75638056,False,True,False,0.34968325,174.10097,0.89721443,156.2059,0.34009541,174.27378,0.88395161,154.04959,0.67830646,168.28504,0.15369871,25.865193,0.34530051,201.65908,0.20232719,40.801114,0.35539923,181.53766,0.44521027,80.822431,0.31966964,158.49526,0.50523589,80.077492,0.29276693,179.88973,0.37377849,67.238912,0.39886204,176.76311,0.38372948,67.829217
0b_baseline_last,file,19,baseline,11456,195.Carolina_Wren/Carolina_Wren_0128_186581.jpg,195,194,195.Carolina_Wren,199,198,random_erasing,random_erasing,0,"{""area_fraction"":0.150062,""erased"":true,""height"":0.233917,""left"":0.231985,""top"":0.432723,""width"":0.641516}",0.0046330485,1.4355545,1.4309215,0.99537766,0.23798336,0.0015694135,0.038877267,0.99380825,0.19910609,-0.79470215,0.55493236,126.78168,0.89721443,113.75035,False,0.80362344,True,True,True,0.55493236,126.78168,0.89721443,113.75035,0.54912135,126.99353,0.88395161,112.25613,0.76006458,119.5632,0.15369871,18.376709,0.60652444,103.70829,0.20232719,20.983006,0.57682379,117.11462,0.44521027,52.140631,0.58177262,118.06492,0.50523589,59.650637,0.4514365,141.34081,0.37377849,52.830156,0.56583287,144.93882,0.38372948,55.617299
0b_baseline_last,file,19,baseline,10255,175.Pine_Warbler/Pine_Warbler_0032_172080.jpg,175,174,175.Pine_Warbler,157,156,identity,identity,0,{},0.0084938454,0.0084938454,0,0.9915421,0.9915421,0.0042831777,0.0042831777,0.98725892,0.98725892,0,1,1,1.6691287,1.6691287,False,0.99999994,True,True,True,1,1,1.6691287,1.6691287,1,1,1.6467629,1.6467629,1,1,0.27232819,0.27232819,1,1,0.35591884,0.35591884,1,1,0.90730594,0.90730594,1,1,0.90697506,0.90697506,1,1,0.71478167,0.71478167,1,1,0.65454503,0.65454503
0b_baseline_last,file,19,baseline,10255,175.Pine_Warbler/Pine_Warbler_0032_172080.jpg,175,174,175.Pine_Warbler,157,156,horizontal_flip,horizontal_flip,0,"{""flipped"":true}",0.0084938454,0.0056330748,-0.0028607706,0.9915421,0.99438274,0.0042831777,0.0039391755,0.98725892,0.99044356,0.0031846403,0.73327723,0.75177993,1.6691287,1.2548175,False,0.96561259,True,True,True,0.73327723,0.75177993,1.6691287,1.2548175,0.7272255,0.75173397,1.6467629,1.2379276,0.95405995,0.75345884,0.27232819,0.20518808,0.62560022,0.80262535,0.35591884,0.28566948,0.82908441,0.78954498,0.90730594,0.71635885,0.69307241,0.72684931,0.90697506,0.6592342,0.63845267,0.76200906,0.71478167,0.54467011,0.7299093,0.69414382,0.65454503,0.45434839
0b_baseline_last,file,19,baseline,10255,175.Pine_Warbler/Pine_Warbler_0032_172080.jpg,175,174,175.Pine_Warbler,157,156,color_jitter,color_jitter,0,"{""brightness"":0.846744,""contrast"":0.714196,""hue"":0.070807,""saturation"":0.696061}",0.0084938454,1.3477027,1.3392089,0.9915421,0.25983647,0.0042831777,0.084695078,0.98725892,0.17514139,-0.81211754,0.61544096,61.796247,1.6691287,103.14589,False,0.85454082,True,True,True,0.61544096,61.796247,1.6691287,103.14589,0.61003675,61.50705,1.6467629,101.28753,0.79212223,71.572885,0.27232819,19.491315,0.40351073,38.27352,0.35591884,13.622267,0.68207551,62.104005,0.90730594,56.347332,0.59960739,55.869939,0.90697506,50.672641,0.56672756,63.066314,0.71478167,45.078646,0.60884296,73.250176,0.65454503,47.945539
0b_baseline_last,file,19,baseline,10255,175.Pine_Warbler/Pine_Warbler_0032_172080.jpg,175,174,175.Pine_Warbler,157,156,rotation,rotation,0,"{""angle"":-11.100921}",0.0084938454,0.010148944,0.001655099,0.9915421,0.98990238,0.0042831777,0.0051249112,0.98725892,0.98477747,-0.0024814573,0.85054246,1.1395957,1.6691287,1.9021319,False,0.97441781,True,True,True,0.85054246,1.1395957,1.6691287,1.9021319,0.84699964,1.1373845,1.6467629,1.8730026,0.97346894,1.2176958,0.27232819,0.3316129,0.89671349,1.187752,0.35591884,0.42274333,0.89385062,1.1080898,0.90730594,1.0053764,0.84153939,1.0739773,0.90697506,0.97407065,0.79378095,1.1975856,0.71478167,0.85601222,0.82890551,1.2194264,0.65454503,0.79816952
0b_baseline_last,file,19,baseline,10255,175.Pine_Warbler/Pine_Warbler_0032_172080.jpg,175,174,175.Pine_Warbler,157,156,random_resized_crop,random_resized_crop,0,"{""area_fraction"":0.579163,""aspect"":1.113368,""fallback"":false,""height"":0.721242,""left"":0.104927,""top"":0.237509,""width"":0.803008}",0.0084938454,0.18090937,0.17241552,0.9915421,0.83451098,0.0042831777,0.14346886,0.98725892,0.69104213,-0.2962168,0.66956302,27.338431,1.6691287,45.63136,False,0.93980408,True,True,True,0.66956302,27.338431,1.6691287,45.63136,0.66379217,27.410921,1.6467629,45.139288,0.90925583,24.54114,0.27232819,6.6832444,0.76531832,33.696537,0.35591884,11.993232,0.76873668,27.420081,0.90730594,24.878402,0.60182934,27.796667,0.90697506,25.210884,0.60160168,28.383519,0.71478167,20.288019,0.63170232,23.048222,0.65454503,15.086099
0b_baseline_last,file,19,baseline,10255,175.Pine_Warbler/Pine_Warbler_0032_172080.jpg,175,174,175.Pine_Warbler,157,156,gaussian_blur,gaussian_blur,0,"{""sigma"":1.828317}",0.0084938454,0.10689468,0.098400834,0.9915421,0.89862031,0.0042831777,0.011319692,0.98725892,0.88730062,-0.099958308,0.54390221,12.194376,1.6691287,20.353983,False,0.864187,True,True,True,0.54390221,12.194376,1.6691287,20.353983,0.53784754,12.2052,1.6467629,20.099071,0.77337463,11.791746,0.27232819,3.2112248,0.65594894,8.5581748,0.35591884,3.0460156,0.63090247,12.242607,0.90730594,11.10779,0.48321338,11.171445,0.90697506,10.132222,0.43890612,14.096183,0.71478167,10.075693,0.58380639,12.517528,0.65454503,8.1932857
0b_baseline_last,file,19,baseline,10255,175.Pine_Warbler/Pine_Warbler_0032_172080.jpg,175,174,175.Pine_Warbler,157,156,random_erasing,random_erasing,0,"{""area_fraction"":0.174928,""erased"":true,""height"":0.275955,""left"":0.092622,""top"":0.656271,""width"":0.633902}",0.0084938454,0.0054443423,-0.0030495031,0.9915421,0.99457043,0.0042831777,0.0028393655,0.98725892,0.99173107,0.0044721453,0.96362259,0.70275284,1.6691287,1.172985,False,0.98388702,True,True,True,0.96362259,0.70275284,1.6691287,1.172985,0.96311527,0.70335709,1.6467629,1.1582624,0.98332432,0.68028929,0.27232819,0.18526196,0.9704756,0.68929886,0.35591884,0.24533445,0.98049973,0.74506364,0.90730594,0.67600066,0.96965653,0.69091144,0.90697506,0.62663944,0.94900872,0.68923445,0.71478167,0.49265215,0.93341513,0.6642284,0.65454503,0.4347674
0b_baseline_last,file,19,baseline,10426,177.Prothonotary_Warbler/Prothonotary_Warbler_0045_173536.jpg,177,176,177.Prothonotary_Warbler,182,181,identity,identity,0,{},0.0010974343,0.0010974343,0,0.99890316,0.99890316,0.00039484366,0.00039484366,0.99850831,0.99850831,0,1,1,0.18715236,0.18715236,False,1,True,True,True,1,1,0.18715236,0.18715236,1,1,0.18332188,0.18332188,1,1,0.037670861,0.037670861,1,1,0.047865892,0.047865892,1,1,0.083028623,0.083028623,1,1,0.089603291,0.089603291,1,1,0.088648491,0.088648491,1,1,0.092383495,0.092383495
0b_baseline_last,file,19,baseline,10426,177.Prothonotary_Warbler/Prothonotary_Warbler_0045_173536.jpg,177,176,177.Prothonotary_Warbler,182,181,horizontal_flip,horizontal_flip,0,"{""flipped"":true}",0.0010974343,0.0012741314,0.00017669704,0.99890316,0.99872667,0.00039484366,0.00044628626,0.99850831,0.99828038,-0.00022793195,0.66168339,1.2723152,0.18715236,0.2381168,False,0.97477776,True,True,True,0.66168339,1.2723152,0.18715236,0.2381168,0.64878606,1.2726843,0.18332188,0.23331087,0.96934334,1.2635447,0.037670861,0.047598818,0.65425365,1.1396423,0.047865892,0.054549997,0.60870296,1.1648485,0.083028623,0.09671577,0.60697107,1.4245055,0.089603291,0.12764038,0.61553486,1.2967603,0.088648491,0.11495584,0.76558162,1.2149157,0.092383495,0.11223816
0b_baseline_last,file,19,baseline,10426,177.Prothonotary_Warbler/Prothonotary_Warbler_0045_173536.jpg,177,176,177.Prothonotary_Warbler,182,181,color_jitter,color_jitter,0,"{""brightness"":1.245903,""contrast"":0.876054,""hue"":-0.072632,""saturation"":1.250753}",0.0010974343,1.8501346,1.8490372,0.99890316,0.157216,0.00039484366,0.0002562532,0.99850831,0.15695974,-0.84154857,0.34075381,1099.756,0.18715236,205.82193,False,0.83858526,False,True,False,0.34075381,1099.756,0.18715236,205.82193,0.33391027,1109.1716,0.18332188,203.33543,0.56516004,846.70967,0.037670861,31.896282,0.60272998,1238.3232,0.047865892,59.273444,0.44063473,1103.5038,0.083028623,91.622398,0.2143636,1134.2799,0.089603291,101.63521,0.24196997,1144.184,0.088648491,101.43018,0.37538526,1016.5469,0.092383495,93.912154
0b_baseline_last,file,19,baseline,10426,177.Prothonotary_Warbler/Prothonotary_Warbler_0045_173536.jpg,177,176,177.Prothonotary_Warbler,182,181,rotation,rotation,0,"{""angle"":3.480026}",0.0010974343,0.0018102225,0.0007127882,0.99890316,0.99819142,0.00039484366,0.0002773272,0.99850831,0.99791409,-0.0005942226,0.70398098,1.9480637,0.18715236,0.3645847,False,0.98602867,True,True,True,0.70398098,1.9480637,0.18715236,0.3645847,0.69550166,1.9528281,0.18332188,0.35799612,0.91946778,1.8316127,0.037670861,0.068998428,0.6559433,1.60646,0.047865892,0.076894639,0.57493911,1.8980341,0.083028623,0.15759115,0.66937878,2.1309533,0.089603291,0.19094043,0.72502159,2.0089555,0.088648491,0.17809088,0.810852,1.8509121,0.092383495,0.17099373
0b_baseline_last,file,19,baseline,10426,177.Prothonotary_Warbler/Prothonotary_Warbler_0045_173536.jpg,177,176,177.Prothonotary_Warbler,182,181,random_resized_crop,random_resized_crop,0,"{""area_fraction"":0.628804,""aspect"":1.244191,""fallback"":false,""height"":0.710909,""left"":0.049089,""top"":0.172166,""width"":0.884507}",0.0010974343,0.00098358875,-0.00011384557,0.99890316,0.99901688,0.00039484366,0.00013168951,0.99850831,0.99888519,0.00037687982,0.67657398,0.93595335,0.18715236,0.17516587,False,0.97177196,True,True,True,0.67657398,0.93595335,0.18715236,0.17516587,0.66602925,0.93488751,0.18332188,0.17138533,0.91978984,0.96084891,0.037670861,0.036196005,0.7084324,0.84763833,0.047865892,0.040572965,0.60499544,0.80993107,0.083028623,0.067247461,0.66605705,0.94212572,0.089603291,0.084417565,0.63107707,0.99049251,0.088648491,0.087805666,0.73619094,0.99020807,0.092383495,0.091478883
0b_baseline_last,file,19,baseline,10426,177.Prothonotary_Warbler/Prothonotary_Warbler_0045_173536.jpg,177,176,177.Prothonotary_Warbler,182,181,gaussian_blur,gaussian_blur,0,"{""sigma"":1.726642}",0.0010974343,0.84935212,0.84825469,0.99890316,0.42769191,0.00039484366,0.00076997577,0.99850831,0.42692193,-0.57158638,0.47036217,988.5432,0.18715236,185.00819,False,0.86903906,False,True,False,0.47036217,988.5432,0.18715236,185.00819,0.46546663,1001.677,0.18332188,183.62931,0.72650258,598.49096,0.037670861,22.545669,0.6340147,1223.0706,0.047865892,58.543368,0.48704066,1212.6588,0.083028623,100.68539,0.45361937,1139.0515,0.089603291,102.06277,0.43992148,857.15798,0.088648491,75.985762,0.46576395,681.52788,0.092383495,62.961928
0b_baseline_last,file,19,baseline,10426,177.Prothonotary_Warbler/Prothonotary_Warbler_0045_173536.jpg,177,176,177.Prothonotary_Warbler,182,181,random_erasing,random_erasing,0,"{""area_fraction"":0.168951,""erased"":true,""height"":0.311737,""left"":0.022278,""top"":0.233723,""width"":0.541968}",0.0010974343,5.7558222,5.7547247,0.99890316,0.0031643037,0.00039484366,0.0010211916,0.99850831,0.0021431121,-0.9963652,0.13310646,694.23996,0.18715236,129.92864,False,0.5755769,False,True,False,0.13310646,694.23996,0.18715236,129.92864,0.11696048,692.24718,0.18332188,126.90405,0.49114703,739.86571,0.037670861,27.871378,-0.3332651,502.1889,0.047865892,24.03772,-0.069528766,598.28936,0.083028623,49.675142,0.084983863,713.09568,0.089603291,63.89572,0.23788078,738.16012,0.088648491,65.43678,0.24088311,741.65786,0.092383495,68.516946
0b_baseline_last,file,19,baseline,7265,124.Le_Conte_Sparrow/Le_Conte_Sparrow_0067_117146.jpg,124,123,124.Le_Conte_Sparrow,126,125,identity,identity,0,{},0.040955499,0.040955499,0,0.95987183,0.95987183,0.027889263,0.027889263,0.93198257,0.93198257,0,1,1,6.4712349,6.4712349,False,0.99999988,True,True,True,1,1,6.4712349,6.4712349,1,1,6.3147162,6.3147162,1,1,1.4146519,1.4146519,1,1,1.1023758,1.1023758,1,1,3.0125038,3.0125038,1,1,3.4571697,3.4571697,1,1,2.9968175,2.9968175,1,1,2.9414779,2.9414779
0b_baseline_last,file,19,baseline,7265,124.Le_Conte_Sparrow/Le_Conte_Sparrow_0067_117146.jpg,124,123,124.Le_Conte_Sparrow,126,125,horizontal_flip,horizontal_flip,0,"{""flipped"":true}",0.040955499,0.10948073,0.068525232,0.95987183,0.89629942,0.027889263,0.0028434584,0.93198257,0.89345596,-0.038526602,0.21909072,3.5896938,6.4712349,23.229752,False,0.94659895,True,True,True,0.21909072,3.5896938,6.4712349,23.229752,0.19906456,3.6127092,6.3147162,22.813233,0.68728341,3.0956322,1.4146519,4.3792422,0.011473593,3.2677757,1.1023758,3.6023168,0.073927725,3.6381939,3.0125038,10.960073,0.089176867,3.700408,3.4571697,12.792938,0.29501631,3.5972899,2.9968175,10.780421,0.41699356,3.5242921,2.9414779,10.366627
0b_baseline_last,file,19,baseline,7265,124.Le_Conte_Sparrow/Le_Conte_Sparrow_0067_117146.jpg,124,123,124.Le_Conte_Sparrow,126,125,color_jitter,color_jitter,0,"{""brightness"":1.265562,""contrast"":0.924737,""hue"":-0.017519,""saturation"":1.234563}",0.040955499,0.022517359,-0.01843814,0.95987183,0.97773427,0.027889263,0.011954884,0.93198257,0.96577938,0.033796818,0.85187902,0.47361,6.4712349,3.0648416,False,0.9856903,True,True,True,0.85187902,0.47361,6.4712349,3.0648416,0.84549449,0.46994894,6.3147162,2.9675942,0.97038228,0.54142189,1.4146519,0.76592353,0.69871256,0.50429479,1.1023758,0.55592238,0.80612085,0.42264668,3.0125038,1.2732248,0.8526343,0.43881036,3.4571697,1.5170419,0.86467991,0.49087764,2.9968175,1.4710707,0.88459516,0.52787725,2.9414779,1.5527393
0b_baseline_last,file,19,baseline,7265,124.Le_Conte_Sparrow/Le_Conte_Sparrow_0067_117146.jpg,124,123,124.Le_Conte_Sparrow,126,125,rotation,rotation,0,"{""angle"":4.934949}",0.040955499,0.032584194,-0.0083713047,0.95987183,0.96794093,0.027889263,0.02771768,0.93198257,0.94022325,0.0082406811,0.80596054,0.89788003,6.4712349,5.8103926,False,0.97938097,True,True,True,0.80596054,0.89788003,6.4712349,5.8103926,0.79834091,0.89963018,6.3147162,5.6809093,0.96505573,0.86226739,1.4146519,1.2198082,0.70509056,0.80793129,1.1023758,0.8906439,0.78040612,0.85971221,3.0125038,2.5898864,0.78665002,1.013197,3.4571697,3.5027939,0.81606284,0.83899921,2.9968175,2.5143275,0.8455055,0.84517858,2.9414779,2.4860741
0b_baseline_last,file,19,baseline,7265,124.Le_Conte_Sparrow/Le_Conte_Sparrow_0067_117146.jpg,124,123,124.Le_Conte_Sparrow,126,125,random_resized_crop,random_resized_crop,0,"{""area_fraction"":0.795922,""aspect"":1.183201,""fallback"":false,""height"":0.820174,""left"":0.012967,""top"":0.090368,""width"":0.970431}",0.040955499,0.014597168,-0.026358331,0.95987183,0.98550886,0.027889263,0.012875848,0.93198257,0.97263301,0.040650445,0.76372388,0.41401533,6.4712349,2.6791904,False,0.97396874,True,True,True,0.76372388,0.41401533,6.4712349,2.6791904,0.7536842,0.41346279,6.3147162,2.6109002,0.95866498,0.42487518,1.4146519,0.6010505,0.74885486,0.45500802,1.1023758,0.50158983,0.72798283,0.38026304,3.0125038,1.1455439,0.74085385,0.45399143,3.4571697,1.5695254,0.75410843,0.4014384,2.9968175,1.2030376,0.81019758,0.39386502,2.9414779,1.1585452
0b_baseline_last,file,19,baseline,7265,124.Le_Conte_Sparrow/Le_Conte_Sparrow_0067_117146.jpg,124,123,124.Le_Conte_Sparrow,126,125,gaussian_blur,gaussian_blur,0,"{""sigma"":1.133593}",0.040955499,0.13672401,0.095768511,0.95987183,0.87221092,0.027889263,0.099084906,0.93198257,0.77312601,-0.15885655,0.71123189,3.4545936,6.4712349,22.355487,False,0.94240892,True,True,True,0.71123189,3.4545936,6.4712349,22.355487,0.70112728,3.4702627,6.3147162,21.913724,0.93845618,3.12605,1.4146519,4.4222728,0.53564068,4.3112863,1.1023758,4.7526577,0.69216548,3.3738641,3.0125038,10.163779,0.71645442,3.7794721,3.4571697,13.066276,0.68751829,3.2727617,2.9968175,9.8078694,0.74366541,3.1782519,2.9414779,9.3487578
0b_baseline_last,file,19,baseline,7265,124.Le_Conte_Sparrow/Le_Conte_Sparrow_0067_117146.jpg,124,123,124.Le_Conte_Sparrow,126,125,random_erasing,random_erasing,0,"{""area_fraction"":0.114682,""erased"":true,""height"":0.412966,""left"":0.009668,""top"":0.333016,""width"":0.277702}",0.040955499,0.039152931,-0.0018025674,0.95987183,0.96160364,0.027889263,0.030329777,0.93198257,0.93127386,-0.00070870109,0.9436404,1.0128856,6.4712349,6.5546204,False,0.99684501,True,True,True,0.9436404,1.0128856,6.4712349,6.5546204,0.94114208,1.012233,6.3147162,6.3919641,0.99284159,1.0258018,1.4146519,1.4511525,0.94031678,1.0124646,1.1023758,1.1161164,0.94415429,0.96428379,3.0125038,2.9049086,0.93949721,1.0343385,3.4571697,3.5758838,0.93449588,1.0285986,2.9968175,3.0825222,0.94911749,1.0133075,2.9414779,2.9806218
0b_baseline_last,file,19,baseline,10209,174.Palm_Warbler/Palm_Warbler_0095_170610.jpg,174,173,174.Palm_Warbler,195,194,identity,identity,0,{},0.047101825,0.047101825,0,0.95399028,0.95399028,0.01504049,0.01504049,0.93894979,0.93894979,0,1,1,10.925284,10.925284,False,1,True,True,True,1,1,10.925284,10.925284,1,1,10.806088,10.806088,1,1,1.6094366,1.6094366,1,1,3.1243985,3.1243985,1,1,5.0939248,5.0939248,1,1,6.5283827,6.5283827,1,1,4.7509746,4.7509746,1,1,3.9837252,3.9837252
0b_baseline_last,file,19,baseline,10209,174.Palm_Warbler/Palm_Warbler_0095_170610.jpg,174,173,174.Palm_Warbler,195,194,horizontal_flip,horizontal_flip,0,"{""flipped"":true}",0.047101825,0.12803896,0.080937132,0.95399028,0.8798191,0.01504049,0.052657411,0.93894979,0.82716168,-0.11178811,0.66775977,2.3041839,10.925284,25.173864,False,0.98131025,True,True,True,0.66775977,2.3041839,10.925284,25.173864,0.66021637,2.2962879,10.806088,24.81389,0.97022706,2.6356839,1.6094366,4.2419661,0.43923362,2.0811508,3.1243985,6.5023443,0.57667225,2.3041817,5.0939248,11.737328,0.71434314,2.2389245,6.5283827,14.616556,0.67435255,2.3810792,4.7509746,11.312447,0.75629259,2.4346302,3.9837252,9.6988975
0b_baseline_last,file,19,baseline,10209,174.Palm_Warbler/Palm_Warbler_0095_170610.jpg,174,173,174.Palm_Warbler,195,194,color_jitter,color_jitter,0,"{""brightness"":1.126635,""contrast"":0.970923,""hue"":-0.008472,""saturation"":0.877487}",0.047101825,0.041653369,-0.0054484569,0.95399028,0.95920223,0.01504049,0.011399719,0.93894979,0.94780251,0.0088527203,0.93869463,0.7925181,10.925284,8.6584853,False,0.99094063,True,True,True,0.93869463,0.7925181,10.925284,8.6584853,0.93823284,0.78919774,10.806088,8.5281404,0.96870897,0.92996882,1.6094366,1.4967259,0.91751356,0.77836891,3.1243985,2.4319346,0.92288383,0.74352616,5.0939248,3.7874664,0.95723772,0.768639,6.5283827,5.0179695,0.93714363,0.81453975,4.7509746,3.8698576,0.93697822,0.88087226,3.9837252,3.509153
0b_baseline_last,file,19,baseline,10209,174.Palm_Warbler/Palm_Warbler_0095_170610.jpg,174,173,174.Palm_Warbler,195,194,rotation,rotation,0,"{""angle"":-12.788114}",0.047101825,0.47346848,0.42636666,0.95399028,0.6228382,0.01504049,0.11748394,0.93894979,0.50535426,-0.43359553,0.72029086,8.3690204,10.925284,91.433924,False,0.95717704,True,True,True,0.72029086,8.3690204,10.925284,91.433924,0.71626312,8.3834495,10.806088,90.592295,0.92085351,7.6904802,1.6094366,12.377341,0.79719642,9.7657356,3.1243985,30.512049,0.68958614,8.9244199,5.0939248,45.460324,0.72057084,7.6404963,6.5283827,49.880084,0.69161214,8.4256205,4.7509746,40.029909,0.74534612,8.3967339,3.9837252,33.45028
0b_baseline_last,file,19,baseline,10209,174.Palm_Warbler/Palm_Warbler_0095_170610.jpg,174,173,174.Palm_Warbler,195,194,random_resized_crop,random_resized_crop,0,"{""area_fraction"":0.886271,""aspect"":0.981018,""fallback"":false,""height"":0.950484,""left"":0.029189,""top"":0.037288,""width"":0.932442}",0.047101825,0.053283736,0.0061819106,0.95399028,0.94811094,0.01504049,0.021011995,0.93894979,0.92709894,-0.011850848,0.85637032,1.2267253,10.925284,13.402323,False,0.98164046,True,True,True,0.85637032,1.2267253,10.925284,13.402323,0.85410145,1.2279093,10.806088,13.268896,0.96442842,1.1721115,1.6094366,1.8864391,0.88416899,1.4037399,3.1243985,4.3858427,0.84199555,1.3290975,5.0939248,6.7703228,0.85721969,1.1260656,6.5283827,7.3513869,0.85056347,1.2097513,4.7509746,5.7474978,0.8698158,1.2275455,3.9837252,4.8902038
0b_baseline_last,file,19,baseline,10209,174.Palm_Warbler/Palm_Warbler_0095_170610.jpg,174,173,174.Palm_Warbler,195,194,gaussian_blur,gaussian_blur,0,"{""sigma"":1.549081}",0.047101825,4.0339799,3.9868781,0.95399028,0.017703732,0.01504049,0.12853807,0.93894979,-0.11083434,-1.0497841,0.39630945,13.918127,10.925284,152.05949,False,0.84959626,False,True,False,0.39630945,13.918127,10.925284,152.05949,0.38550211,13.742455,10.806088,148.50218,0.75552272,20.316738,1.6094366,32.698502,0.51739185,11.938524,3.1243985,37.300705,0.26803713,14.121622,5.0939248,71.934479,0.36885841,11.65659,6.5283827,76.098678,0.41600401,14.801542,4.7509746,70.321749,0.50212965,17.301958,3.9837252,68.926244
0b_baseline_last,file,19,baseline,10209,174.Palm_Warbler/Palm_Warbler_0095_170610.jpg,174,173,174.Palm_Warbler,195,194,random_erasing,random_erasing,0,"{""area_fraction"":0.07086,""erased"":true,""height"":0.241028,""left"":0.017435,""top"":0.45736,""width"":0.29399}",0.047101825,0.38073775,0.33363593,0.95399028,0.68335706,0.01504049,0.039597869,0.93894979,0.64375919,-0.2951906,0.82677433,6.9470246,10.925284,75.898216,False,0.95994854,True,True,True,0.82677433,6.9470246,10.925284,75.898216,0.82474912,6.9562649,10.806088,75.170013,0.92595223,6.5168698,1.6094366,10.488489,0.87631552,7.9071666,3.1243985,24.705139,0.83586781,7.7783545,5.0939248,39.622353,0.84620036,6.6252041,6.5283827,43.251868,0.76551326,6.4079505,4.7509746,30.44401,0.81231421,6.5105768,3.9837252,25.936349
0b_baseline_last,file,19,baseline,7740,132.White_crowned_Sparrow/White_Crowned_Sparrow_0057_127927.jpg,132,131,132.White_crowned_Sparrow,133,132,identity,identity,0,{},0.27699625,0.27699625,0,0.75805736,0.75805736,0.029841365,0.029841365,0.72821599,0.72821599,0,1,1,44.403426,44.403426,False,1,True,True,True,1,1,44.403426,44.403426,1,1,43.88022,43.88022,1,1,6.7963617,6.7963617,1,1,7.5821464,7.5821464,1,1,20.359736,20.359736,1,1,23.959989,23.959989,1,1,21.981095,21.981095,1,1,19.905182,19.905182
0b_baseline_last,file,19,baseline,7740,132.White_crowned_Sparrow/White_Crowned_Sparrow_0057_127927.jpg,132,131,132.White_crowned_Sparrow,133,132,horizontal_flip,horizontal_flip,0,"{""flipped"":true}",0.27699625,0.09371087,-0.18328539,0.75805736,0.910546,0.029841365,0.0085005825,0.72821599,0.90204542,0.17382943,0.67494261,0.33805335,44.403426,15.010727,False,0.97007102,True,True,True,0.67494261,0.33805335,44.403426,15.010727,0.66742322,0.33741753,43.88022,14.805955,0.9676789,0.36357019,6.7963617,2.4709545,0.61489968,0.3633946,7.5821464,2.755311,0.64487594,0.30467078,20.359736,6.2030168,0.68625005,0.32487022,23.959989,7.7838868,0.61460363,0.34485631,21.981095,7.5803194,0.73728327,0.37290473,19.905182,7.4227365
0b_baseline_last,file,19,baseline,7740,132.White_crowned_Sparrow/White_Crowned_Sparrow_0057_127927.jpg,132,131,132.White_crowned_Sparrow,133,132,color_jitter,color_jitter,0,"{""brightness"":1.053063,""contrast"":1.049389,""hue"":0.064114,""saturation"":1.298848}",0.27699625,2.0090437,1.7320474,0.75805736,0.1341169,0.029841365,0.021315863,0.72821599,0.11280104,-0.61541495,0.72252405,3.3768412,44.403426,149.94332,False,0.89525068,False,True,False,0.72252405,3.3768412,44.403426,149.94332,0.71898201,3.3737417,43.88022,148.04053,0.86520569,3.5036079,6.7963617,23.811787,0.71421386,3.7146274,7.5821464,28.164849,0.68874274,3.1577182,20.359736,64.29031,0.71048298,3.347349,23.959989,80.202445,0.73801475,3.5001007,21.981095,76.936046,0.73998982,3.4213293,19.905182,68.102183
0b_baseline_last,file,19,baseline,7740,132.White_crowned_Sparrow/White_Crowned_Sparrow_0057_127927.jpg,132,131,132.White_crowned_Sparrow,133,132,rotation,rotation,0,"{""angle"":-11.232876}",0.27699625,0.026359547,-0.25063671,0.75805736,0.97398484,0.029841365,0.0024040693,0.72821599,0.97158077,0.24336478,0.77543387,0.092803137,44.403426,4.1207772,False,0.93869883,True,True,True,0.77543387,0.092803137,44.403426,4.1207772,0.77129537,0.092443255,43.88022,4.0564304,0.93265986,0.10673077,6.7963617,0.72538094,0.64594791,0.085159926,7.5821464,0.64569503,0.82630369,0.087170054,20.359736,1.7747593,0.7648181,0.087829515,23.959989,2.1043942,0.75207822,0.09578648,21.981095,2.1054917,0.7735972,0.10080693,19.905182,2.0065802
0b_baseline_last,file,19,baseline,7740,132.White_crowned_Sparrow/White_Crowned_Sparrow_0057_127927.jpg,132,131,132.White_crowned_Sparrow,133,132,random_resized_crop,random_resized_crop,0,"{""area_fraction"":0.890556,""aspect"":1.069239,""fallback"":false,""height"":0.912627,""left"":0.020383,""top"":0.023591,""width"":0.975816}",0.27699625,0.074008062,-0.20298819,0.75805736,0.92866421,0.029841365,0.0097803837,0.72821599,0.91888382,0.19066783,0.80889672,0.2516091,44.403426,11.172306,False,0.97334063,True,True,True,0.80889672,0.2516091,44.403426,11.172306,0.80471573,0.25062142,43.88022,10.997323,0.96793652,0.28980154,6.7963617,1.9695961,0.68568031,0.28667397,7.5821464,2.173604,0.79372859,0.23162778,20.359736,4.7158805,0.77168476,0.23776774,23.959989,5.6969123,0.81631398,0.25261666,21.981095,5.5527908,0.86921827,0.2783065,19.905182,5.5397415
0b_baseline_last,file,19,baseline,7740,132.White_crowned_Sparrow/White_Crowned_Sparrow_0057_127927.jpg,132,131,132.White_crowned_Sparrow,133,132,gaussian_blur,gaussian_blur,0,"{""sigma"":1.222784}",0.27699625,0.70585698,0.42886072,0.75805736,0.49368531,0.029841365,0.0080215186,0.72821599,0.48566379,-0.2425522,0.65245847,2.06975,44.403426,91.903991,False,0.89388776,True,True,True,0.65245847,2.06975,44.403426,91.903991,0.64753444,2.0702076,43.88022,90.841164,0.85971187,2.0505848,6.7963617,13.936516,0.33916835,2.343808,7.5821464,17.771095,0.52881173,2.1478896,20.359736,43.730467,0.65399272,2.0687238,23.959989,49.566599,0.71015149,2.0610499,21.981095,45.304135,0.74966505,1.9551876,19.905182,38.918365
0b_baseline_last,file,19,baseline,7740,132.White_crowned_Sparrow/White_Crowned_Sparrow_0057_127927.jpg,132,131,132.White_crowned_Sparrow,133,132,random_erasing,random_erasing,0,"{""area_fraction"":0.123744,""erased"":true,""height"":0.409495,""left"":0.500673,""top"":0.397379,""width"":0.302188}",0.27699625,0.1157729,-0.16122336,0.75805736,0.89067745,0.029841365,0.0075956974,0.72821599,0.88308175,0.15486576,0.91976607,0.43570412,44.403426,19.346756,False,0.97663915,True,True,True,0.91976607,0.43570412,44.403426,19.346756,0.91851898,0.4350029,43.88022,19.088023,0.97037066,0.46399285,6.7963617,3.1534633,0.92543493,0.39030383,7.5821464,2.9593408,0.92108247,0.45097637,20.359736,9.18176,0.93610884,0.43342341,23.959989,10.38482,0.90805378,0.42151807,21.981095,9.2654289,0.90409749,0.44254541,19.905182,8.808947
0b_baseline_last,file,19,baseline,1974,035.Purple_Finch/Purple_Finch_0053_27543.jpg,35,34,035.Purple_Finch,140,139,identity,identity,0,{},0.065079786,0.065079786,0,0.9369927,0.9369927,0.015528648,0.015528648,0.92146406,0.92146406,0,1,1,12.198858,12.198858,False,1.0000001,True,True,True,1,1,12.198858,12.198858,1,1,12.079456,12.079456,1,1,1.7026119,1.7026119,1,1,3.0934379,3.0934379,1,1,6.0486326,6.0486326,1,1,6.3555575,6.3555575,1,1,5.88544,5.88544,1,1,4.9725665,4.9725665
0b_baseline_last,file,19,baseline,1974,035.Purple_Finch/Purple_Finch_0053_27543.jpg,35,34,035.Purple_Finch,140,139,horizontal_flip,horizontal_flip,0,"{""flipped"":true}",0.065079786,0.052501418,-0.012578368,0.9369927,0.94885296,0.015528648,0.0077280072,0.92146406,0.94112495,0.019660892,0.73106591,0.67313852,12.198858,8.2115211,False,0.96361083,True,True,True,0.73106591,0.67313852,12.198858,8.2115211,0.72625333,0.67118187,12.079456,8.1075115,0.94969349,0.7651882,1.7026119,1.3028185,0.72227033,0.58157176,3.0934379,1.7990561,0.72039962,0.6142026,6.0486326,3.7150859,0.68918411,0.64897114,6.3555575,4.1245734,0.74022119,0.68984653,5.88544,4.0600503,0.7822252,0.78397219,4.9725665,3.8983539
0b_baseline_last,file,19,baseline,1974,035.Purple_Finch/Purple_Finch_0053_27543.jpg,35,34,035.Purple_Finch,140,139,color_jitter,color_jitter,0,"{""brightness"":0.74166,""contrast"":0.956686,""hue"":0.044735,""saturation"":1.393986}",0.065079786,0.049790636,-0.01528915,0.9369927,0.95142859,0.015528648,0.016210094,0.92146406,0.9352185,0.013754441,0.8007143,0.91253907,12.198858,11.131934,False,0.9646259,True,True,True,0.8007143,0.91253907,12.198858,11.131934,0.79814837,0.91469111,12.079456,11.048971,0.95649961,0.79674334,1.7026119,1.3565447,0.85075429,1.3336789,3.0934379,4.1256527,0.79114915,0.99952323,6.0486326,6.0457488,0.77114045,0.85557117,6.3555575,5.4376318,0.8222825,0.80203798,5.88544,4.7203464,0.84957791,0.82079147,4.9725665,4.0814402
0b_baseline_last,file,19,baseline,1974,035.Purple_Finch/Purple_Finch_0053_27543.jpg,35,34,035.Purple_Finch,140,139,rotation,rotation,0,"{""angle"":13.594469}",0.065079786,0.13089544,0.06581565,0.9369927,0.8773095,0.015528648,0.064354435,0.92146406,0.81295507,-0.10850899,0.8149394,2.1639174,12.198858,26.397321,False,0.97173774,True,True,True,0.8149394,2.1639174,12.198858,26.397321,0.81262379,2.1656913,12.079456,26.160371,0.93749558,2.0726701,1.7026119,3.5289527,0.83165736,2.1937632,3.0934379,6.7862701,0.82508686,2.3021863,6.0486326,13.925079,0.81914214,2.181775,6.3555575,13.866397,0.79766428,2.1097746,5.88544,12.416952,0.79969605,1.9902743,4.9725665,9.8967712
0b_baseline_last,file,19,baseline,1974,035.Purple_Finch/Purple_Finch_0053_27543.jpg,35,34,035.Purple_Finch,140,139,random_resized_crop,random_resized_crop,0,"{""area_fraction"":0.59411,""aspect"":0.959104,""fallback"":false,""height"":0.787047,""left"":0.163259,""top"":0.009283,""width"":0.75486}",0.065079786,0.8214848,0.75640502,0.9369927,0.43977818,0.015528648,0.28307033,0.92146406,0.15670785,-0.7647562,0.80361551,9.3824436,12.198858,114.4551,False,0.92642725,True,True,True,0.80361551,9.3824436,12.198858,114.4551,0.80176704,9.3714826,12.079456,113.20241,0.89279203,9.9185238,1.7026119,16.887396,0.83850318,10.977164,3.0934379,33.957174,0.81750141,9.8465471,6.0486326,59.558146,0.81554991,9.2307778,6.3555575,58.666739,0.80612975,8.9236632,5.88544,52.519685,0.73774966,8.7990931,4.9725665,43.754075
0b_baseline_last,file,19,baseline,1974,035.Purple_Finch/Purple_Finch_0053_27543.jpg,35,34,035.Purple_Finch,140,139,gaussian_blur,gaussian_blur,0,"{""sigma"":1.955943}",0.065079786,4.3973322,4.3322524,0.9369927,0.012310135,0.015528648,0.37214929,0.92146406,-0.35983915,-1.2813032,0.52477456,12.196628,12.198858,148.78493,False,0.77226079,False,True,False,0.52477456,12.196628,12.198858,148.78493,0.5196387,12.132913,12.079456,146.55898,0.74504781,15.059326,1.7026119,25.640188,0.36034225,13.431998,3.0934379,41.551053,0.51876436,11.876367,6.0486326,71.835779,0.53777625,11.679462,6.3555575,74.229489,0.58774943,12.172665,5.88544,71.641489,0.46937854,12.639386,4.9725665,62.850186
0b_baseline_last,file,19,baseline,1974,035.Purple_Finch/Purple_Finch_0053_27543.jpg,35,34,035.Purple_Finch,140,139,random_erasing,random_erasing,0,"{""area_fraction"":0.151967,""erased"":true,""height"":0.292872,""left"":0.478599,""top"":0.07843,""width"":0.518886}",0.065079786,0.42522049,0.3601407,0.9369927,0.65362567,0.015528648,0.014313504,0.92146406,0.63931216,-0.28215189,0.81305821,4.6341248,12.198858,56.53103,False,0.94675457,True,True,True,0.81305821,4.6341248,12.198858,56.53103,0.81108032,4.6245463,12.079456,55.862001,0.90716291,5.0930328,1.7026119,8.671458,0.83590702,4.0453428,3.0934379,12.514017,0.82025678,4.3674092,6.0486326,26.416854,0.78943458,4.6510138,6.3555575,29.559785,0.82636331,4.7064878,5.88544,27.699752,0.81121586,5.0278071,4.9725665,25.001105
0b_baseline_last,file,19,baseline,10503,179.Tennessee_Warbler/Tennessee_Warbler_0063_168561.jpg,179,178,179.Tennessee_Warbler,173,172,identity,identity,0,{},2.2668893,2.2668893,0,0.10363404,0.10363404,0.50228041,0.50228041,-0.39864637,-0.39864637,0,1,1,156.42106,156.42106,False,1,True,False,False,1,1,156.42106,156.42106,1,1,153.33017,153.33017,1,1,30.942019,30.942019,1,1,37.510031,37.510031,1,1,70.230469,70.230469,1,1,87.414841,87.414841,1,1,73.933411,73.933411,1,1,63.744146,63.744146
0b_baseline_last,file,19,baseline,10503,179.Tennessee_Warbler/Tennessee_Warbler_0063_168561.jpg,179,178,179.Tennessee_Warbler,173,172,horizontal_flip,horizontal_flip,0,"{""flipped"":true}",2.2668893,1.4017347,-0.86515462,0.10363404,0.24616957,0.50228041,0.12328216,-0.39864637,0.1228874,0.52153377,0.60161967,0.89777322,156.42106,140.43064,False,0.93853998,False,False,True,0.60161967,0.89777322,156.42106,140.43064,0.59258001,0.90158203,153.33017,138.23973,0.85651302,0.79856402,30.942019,24.709183,0.53216712,0.71856075,37.510031,26.953236,0.58953864,0.82404866,70.230469,57.873324,0.62227063,0.94927909,87.414841,82.981081,0.56743356,0.94952161,73.933411,70.201371,0.59916833,0.89024582,63.744146,56.747959
0b_baseline_last,file,19,baseline,10503,179.Tennessee_Warbler/Tennessee_Warbler_0063_168561.jpg,179,178,179.Tennessee_Warbler,173,172,color_jitter,color_jitter,0,"{""brightness"":1.311657,""contrast"":0.816626,""hue"":-0.079538,""saturation"":1.236466}",2.2668893,4.1794705,1.9125812,0.10363404,0.015306612,0.50228041,0.0055121174,-0.39864637,0.0097944941,0.40844086,0.20674536,1.1832356,156.42106,185.08297,False,0.69290626,False,False,False,0.20674536,1.1832356,156.42106,185.08297,0.19526813,1.1897722,153.33017,182.42797,0.54160186,1.009529,30.942019,31.236865,-0.14839149,1.0838112,37.510031,40.653792,0.010126711,1.0951336,70.230469,76.911749,0.14699285,1.1901499,87.414841,104.03676,0.34568773,1.247427,73.933411,92.226536,0.38088152,1.2532939,63.744146,79.890146
0b_baseline_last,file,19,baseline,10503,179.Tennessee_Warbler/Tennessee_Warbler_0063_168561.jpg,179,178,179.Tennessee_Warbler,173,172,rotation,rotation,0,"{""angle"":-14.478511}",2.2668893,0.9790169,-1.2878724,0.10363404,0.37568027,0.50228041,0.19057499,-0.39864637,0.18510528,0.58375165,0.74781583,0.63444837,156.42106,99.24109,False,0.91967309,False,False,True,0.74781583,0.63444837,156.42106,99.24109,0.74273412,0.63720946,153.33017,97.703435,0.89483299,0.56240977,30.942019,17.402094,0.86589751,0.63978455,37.510031,23.998338,0.75498859,0.64670094,70.230469,45.41811,0.75829686,0.63234816,87.414841,55.276614,0.69900657,0.59817042,73.933411,44.224779,0.71680225,0.68307363,63.744146,43.541945
0b_baseline_last,file,19,baseline,10503,179.Tennessee_Warbler/Tennessee_Warbler_0063_168561.jpg,179,178,179.Tennessee_Warbler,173,172,random_resized_crop,random_resized_crop,0,"{""area_fraction"":0.782367,""aspect"":0.908209,""fallback"":false,""height"":0.928137,""left"":0.045826,""top"":0.0001,""width"":0.842943}",2.2668893,2.8932505,0.62636113,0.10363404,0.055395864,0.50228041,0.151169,-0.39864637,-0.095773138,0.30287323,0.67160797,1.0744387,156.42106,168.06485,False,0.95286477,False,False,False,0.67160797,1.0744387,156.42106,168.06485,0.66470089,1.0805187,153.33017,165.67612,0.88173678,0.91251413,30.942019,28.235029,0.58487939,1.2800428,37.510031,48.014445,0.57157607,0.99540488,70.230469,69.907752,0.72196236,1.133855,87.414841,99.115758,0.67792632,1.0806575,73.933411,79.896695,0.68198365,0.99819758,63.744146,63.629252
0b_baseline_last,file,19,baseline,10503,179.Tennessee_Warbler/Tennessee_Warbler_0063_168561.jpg,179,178,179.Tennessee_Warbler,173,172,gaussian_blur,gaussian_blur,0,"{""sigma"":1.003323}",2.2668893,2.0985992,-0.16829014,0.10363404,0.12262808,0.50228041,0.30948257,-0.39864637,-0.1868545,0.21179187,0.83918361,0.94849872,156.42106,148.36518,False,0.96593535,True,False,False,0.83918361,0.94849872,156.42106,148.36518,0.83485263,0.94962128,153.33017,145.60559,0.94929099,0.92050373,30.942019,28.482244,0.63108555,1.0096099,37.510031,37.8705,0.79331663,0.96226859,70.230469,67.580575,0.86762071,0.9138311,87.414841,79.8824,0.85994876,0.95784784,73.933411,70.816958,0.86893601,0.96749335,63.744146,61.672037
0b_baseline_last,file,19,baseline,10503,179.Tennessee_Warbler/Tennessee_Warbler_0063_168561.jpg,179,178,179.Tennessee_Warbler,173,172,random_erasing,random_erasing,0,"{""area_fraction"":0.110482,""erased"":true,""height"":0.434161,""left"":0.281345,""top"":0.005947,""width"":0.254472}",2.2668893,4.2514029,1.9845135,0.10363404,0.014244236,0.50228041,0.18830746,-0.39864637,-0.17406323,0.22458314,0.67150858,0.88750133,156.42106,138.8239,False,0.8818621,True,False,False,0.67150858,0.88750133,156.42106,138.8239,0.66476647,0.88544177,153.33017,135.76494,0.82903349,0.93665602,30.942019,28.982028,0.4855246,0.72383628,37.510031,27.151121,0.6058536,0.79309427,70.230469,55.699383,0.72771345,0.89268115,87.414841,78.033581,0.67812956,0.91385922,73.933411,67.56473,0.65557372,0.98449396,63.744146,62.755726
0b_baseline_last,file,19,baseline,8679,148.Green_tailed_Towhee/Green_Tailed_Towhee_0094_797396.jpg,148,147,148.Green_tailed_Towhee,166,165,identity,identity,0,{},0.0029292079,0.0029292079,0,0.99707508,0.99707508,0.00093408063,0.00093408063,0.996141,0.996141,0,1,1,0.57599908,0.57599908,False,1.0000001,True,True,True,1,1,0.57599908,0.57599908,1,1,0.56659624,0.56659624,1,1,0.1036515,0.1036515,1,1,0.12663438,0.12663438,1,1,0.24750575,0.24750575,1,1,0.29717884,0.29717884,1,1,0.28620102,0.28620102,1,1,0.27112664,0.27112664
0b_baseline_last,file,19,baseline,8679,148.Green_tailed_Towhee/Green_Tailed_Towhee_0094_797396.jpg,148,147,148.Green_tailed_Towhee,166,165,horizontal_flip,horizontal_flip,0,"{""flipped"":true}",0.0029292079,0.010096903,0.0071676951,0.99707508,0.98995388,0.00093408063,0.00038495791,0.996141,0.98956892,-0.0065720826,0.63244101,3.3872327,0.57599908,1.9510429,False,0.9564833,True,True,True,0.63244101,3.3872327,0.57599908,1.9510429,0.62355831,3.3864685,0.56659624,1.9187603,0.89604952,3.4099885,0.1036515,0.35345041,0.48205356,2.9074375,0.12663438,0.36818154,0.54988461,3.5129464,0.24750575,0.86947445,0.64194211,3.5357008,0.29717884,1.0507355,0.63266694,3.3340743,0.28620102,0.95421547,0.686317,3.2480738,0.27112664,0.88063933
0b_baseline_last,file,19,baseline,8679,148.Green_tailed_Towhee/Green_Tailed_Towhee_0094_797396.jpg,148,147,148.Green_tailed_Towhee,166,165,color_jitter,color_jitter,0,"{""brightness"":0.777529,""contrast"":1.335707,""hue"":0.004733,""saturation"":0.649047}",0.0029292079,0.0058886139,0.002959406,0.99707508,0.9941287,0.00093408063,0.0014055324,0.996141,0.99272317,-0.0034178285,0.79867004,1.9033813,0.57599908,1.0963459,False,0.97651029,True,True,True,0.79867004,1.9033813,0.57599908,1.0963459,0.79307556,1.9035323,0.56659624,1.0785343,0.96625225,1.898865,0.1036515,0.1968202,0.71029353,2.6222058,0.12663438,0.3320614,0.78388638,1.9328338,0.24750575,0.47838749,0.77502027,1.8075406,0.29717884,0.53716281,0.78822432,1.8059416,0.28620102,0.51686233,0.86596022,1.9109102,0.27112664,0.51809865
0b_baseline_last,file,19,baseline,8679,148.Green_tailed_Towhee/Green_Tailed_Towhee_0094_797396.jpg,148,147,148.Green_tailed_Towhee,166,165,rotation,rotation,0,"{""angle"":-3.790317}",0.0029292079,0.017595036,0.014665828,0.99707508,0.98255885,0.00093408063,0.010698439,0.996141,0.97186041,-0.024280592,0.8004534,6.7015719,0.57599908,3.8600992,False,0.97897065,True,True,True,0.8004534,6.7015719,0.57599908,3.8600992,0.79632741,6.7220483,0.56659624,3.8086873,0.94146826,6.0578646,0.1036515,0.62790674,0.73092589,6.647841,0.12663438,0.8418452,0.75746806,6.6683529,0.24750575,1.6504557,0.80742346,7.3212538,0.29717884,2.1757217,0.80702443,6.6640303,0.28620102,1.9072522,0.82692244,6.0627789,0.27112664,1.6437809
0b_baseline_last,file,19,baseline,8679,148.Green_tailed_Towhee/Green_Tailed_Towhee_0094_797396.jpg,148,147,148.Green_tailed_Towhee,166,165,random_resized_crop,random_resized_crop,0,"{""area_fraction"":0.717698,""aspect"":0.878193,""fallback"":false,""height"":0.904015,""left"":0.080141,""top"":0.091095,""width"":0.7939}",0.0029292079,0.024534291,0.021605083,0.99707508,0.97576421,0.00093408063,0.012059564,0.996141,0.96370465,-0.032436349,0.75448115,9.417933,0.57599908,5.4247207,False,0.95551342,True,True,True,0.75448115,9.417933,0.57599908,5.4247207,0.74986453,9.4623631,0.56659624,5.3613394,0.92884181,7.9769437,0.1036515,0.82682216,0.67125783,8.5660429,0.12663438,1.0847555,0.76352179,9.7480505,0.24750575,2.4126986,0.76787817,10.338054,0.29717884,3.0722508,0.74764452,9.3890482,0.28620102,2.6871551,0.74189058,8.3184538,0.27112664,2.2553544
0b_baseline_last,file,19,baseline,8679,148.Green_tailed_Towhee/Green_Tailed_Towhee_0094_797396.jpg,148,147,148.Green_tailed_Towhee,166,165,gaussian_blur,gaussian_blur,0,"{""sigma"":1.628219}",0.0029292079,1.5100822,1.507153,0.99707508,0.2208918,0.00093408063,0.46047756,0.996141,-0.23958576,-1.2357268,0.56305414,274.4834,0.57599908,158.10219,False,0.80191272,False,True,False,0.56305414,274.4834,0.57599908,158.10219,0.55781065,276.00657,0.56659624,156.38429,0.76776132,224.24564,0.1036515,23.243396,0.55971441,243.35292,0.12663438,30.816846,0.51617429,285.70602,0.24750575,70.713883,0.58257631,302.92167,0.29717884,90.021913,0.55136424,270.05265,0.28620102,77.289343,0.57784286,245.4413,0.27112664,66.545676
0b_baseline_last,file,19,baseline,8679,148.Green_tailed_Towhee/Green_Tailed_Towhee_0094_797396.jpg,148,147,148.Green_tailed_Towhee,166,165,random_erasing,random_erasing,0,"{""area_fraction"":0.064077,""erased"":true,""height"":0.301483,""left"":0.493958,""top"":0.247726,""width"":0.212539}",0.0029292079,0.0022819212,-0.00064728665,0.99707508,0.99772066,0.00093408063,0.00027428253,0.996141,0.99744638,0.001305376,0.78207734,0.61674344,0.57599908,0.35524365,False,0.97153521,True,True,True,0.78207734,0.61674344,0.57599908,0.35524365,0.77610138,0.61267179,0.56659624,0.34713753,0.94356966,0.72797652,0.1036515,0.075455856,0.82365674,0.66736371,0.12663438,0.084511188,0.77128906,0.49849013,0.24750575,0.12337917,0.76115106,0.5891557,0.29717884,0.17508461,0.75286013,0.61519243,0.28620102,0.1760687,0.82528679,0.70450743,0.27112664,0.19101073
0b_baseline_last,file,19,baseline,5721,098.Scott_Oriole/Scott_Oriole_0077_795831.jpg,98,97,098.Scott_Oriole,16,15,identity,identity,0,{},4.8789415,4.8789415,0,0.0076050581,0.0076050581,0.25291666,0.25291666,-0.24531161,-0.24531161,0,1,1,114.59038,114.59038,False,0.99999988,True,False,False,1,1,114.59038,114.59038,1,1,111.22683,111.22683,1,1,27.559877,27.559877,1,1,27.872028,27.872028,1,1,43.473333,43.473333,1,1,55.593541,55.593541,1,1,54.013834,54.013834,1,1,60.798783,60.798783
0b_baseline_last,file,19,baseline,5721,098.Scott_Oriole/Scott_Oriole_0077_795831.jpg,98,97,098.Scott_Oriole,16,15,horizontal_flip,horizontal_flip,0,"{""flipped"":true}",4.8789415,4.9078379,0.028896332,0.0076050581,0.007388446,0.25291666,0.1984769,-0.24531161,-0.19108845,0.054223156,0.6090606,1.0324121,114.59038,118.3045,False,0.94979489,True,False,False,0.6090606,1.0324121,114.59038,118.3045,0.58984713,1.0358855,111.22683,115.21827,0.94294786,0.97409546,27.559877,26.845951,0.55783192,0.95716618,27.872028,26.678162,0.51806068,1.0050564,43.473333,43.693151,0.55751452,1.0433271,55.593541,58.002248,0.58811054,1.0951478,54.013834,59.15313,0.66341029,1.0127135,60.798783,61.57175
0b_baseline_last,file,19,baseline,5721,098.Scott_Oriole/Scott_Oriole_0077_795831.jpg,98,97,098.Scott_Oriole,16,15,color_jitter,color_jitter,0,"{""brightness"":1.126136,""contrast"":1.359718,""hue"":-0.055675,""saturation"":0.705377}",4.8789415,5.7162542,0.8373127,0.0076050581,0.0032920195,0.25291666,0.038035307,-0.24531161,-0.034743288,0.21056832,0.54865215,1.1591362,114.59038,132.82586,False,0.9094069,False,False,False,0.54865215,1.1591362,114.59038,132.82586,0.53352883,1.1694382,111.22683,130.07291,0.85229172,0.97614909,27.559877,26.902549,0.39061428,0.93300143,27.872028,26.004642,0.4733216,1.1880463,43.473333,51.648331,0.53446674,1.1741559,55.593541,65.275486,0.49880614,1.2060975,54.013834,65.145951,0.6186515,1.1711738,60.798783,71.205942
0b_baseline_last,file,19,baseline,5721,098.Scott_Oriole/Scott_Oriole_0077_795831.jpg,98,97,098.Scott_Oriole,16,15,rotation,rotation,0,"{""angle"":-14.710288}",4.8789415,3.3500929,-1.5288486,0.0076050581,0.035081096,0.25291666,0.043244932,-0.24531161,-0.0081638359,0.23714777,0.51291339,1.003048,114.59038,114.93965,False,0.92514229,False,False,False,0.51291339,1.003048,114.59038,114.93965,0.48995682,1.0033053,111.22683,111.59447,0.88850093,0.99884733,27.559877,27.528109,0.19517499,0.92488616,27.872028,25.778453,0.45208926,1.0313156,43.473333,44.834727,0.50790696,1.0365552,55.593541,57.625776,0.44488485,1.0213171,54.013834,55.165252,0.59314353,0.96112978,60.798783,58.43552
0b_baseline_last,file,19,baseline,5721,098.Scott_Oriole/Scott_Oriole_0077_795831.jpg,98,97,098.Scott_Oriole,16,15,random_resized_crop,random_resized_crop,0,"{""area_fraction"":0.757712,""aspect"":0.973485,""fallback"":false,""height"":0.882241,""left"":0.11036,""top"":0.00782,""width"":0.858849}",4.8789415,4.1547189,-0.72422266,0.0076050581,0.015690202,0.25291666,0.12373906,-0.24531161,-0.10804885,0.13726275,0.7166004,1.0845817,114.59038,124.28263,False,0.95109695,False,False,False,0.7166004,1.0845817,114.59038,124.28263,0.70426505,1.0890616,111.22683,121.13287,0.93548576,1.0088158,27.559877,27.80284,0.71372401,0.92064342,27.872028,25.660199,0.72804202,1.1085646,43.473333,48.192997,0.75629769,1.1104393,55.593541,61.73325,0.6385167,1.1241375,54.013834,60.718976,0.70175883,1.0652185,60.798783,64.763989
0b_baseline_last,file,19,baseline,5721,098.Scott_Oriole/Scott_Oriole_0077_795831.jpg,98,97,098.Scott_Oriole,16,15,gaussian_blur,gaussian_blur,0,"{""sigma"":1.346334}",4.8789415,4.1015949,-0.77734661,0.0076050581,0.016546261,0.25291666,0.010271353,-0.24531161,0.0062749078,0.25158651,0.48787465,1.0401336,114.59038,119.18931,False,0.89857268,False,False,False,0.48787465,1.0401336,114.59038,119.18931,0.46506746,1.0410255,111.22683,115.78997,0.8650322,1.0254977,27.559877,28.262591,0.1860374,1.0668961,27.872028,29.736557,0.46553562,0.99645871,43.473333,43.319381,0.40363639,1.0971809,55.593541,60.996169,0.43062812,1.0695617,54.013834,57.771126,0.61673673,0.98527741,60.798783,59.903667
0b_baseline_last,file,19,baseline,5721,098.Scott_Oriole/Scott_Oriole_0077_795831.jpg,98,97,098.Scott_Oriole,16,15,random_erasing,random_erasing,0,"{""area_fraction"":0.130891,""erased"":true,""height"":0.23593,""left"":0.133783,""top"":0.378792,""width"":0.554786}",4.8789415,5.0748768,0.19593525,0.0076050581,0.0062518585,0.25291666,0.068761326,-0.24531161,-0.062509468,0.18280214,0.48475651,0.76106013,114.59038,87.21017,False,0.87395716,False,False,False,0.48475651,0.76106013,114.59038,87.21017,0.45786839,0.75069627,111.22683,83.49757,0.85337959,0.91345768,27.559877,25.174781,0.11764164,0.61535877,27.872028,17.151297,0.44637262,0.78660423,43.473333,34.196307,0.41120333,0.72027794,55.593541,40.042801,0.46227663,0.7458256,54.013834,40.2849,0.55475004,0.78570957,60.798783,47.770186
0b_baseline_last,file,19,baseline,545,011.Rusty_Blackbird/Rusty_Blackbird_0113_6664.jpg,11,10,011.Rusty_Blackbird,9,8,identity,identity,0,{},0.12579793,0.12579793,0,0.88179302,0.88179302,0.031601366,0.031601366,0.85019166,0.85019166,0,1,1,18.457349,18.457349,False,1,True,True,True,1,1,18.457349,18.457349,1,1,18.173363,18.173363,1,1,3.2253095,3.2253095,1,1,3.1531772,3.1531772,1,1,7.1275898,7.1275898,1,1,9.878127,9.878127,1,1,9.3553438,9.3553438,1,1,9.1883731,9.1883731
0b_baseline_last,file,19,baseline,545,011.Rusty_Blackbird/Rusty_Blackbird_0113_6664.jpg,11,10,011.Rusty_Blackbird,9,8,horizontal_flip,horizontal_flip,0,"{""flipped"":true}",0.12579793,0.060361709,-0.065436218,0.88179302,0.94142395,0.031601366,0.017835181,0.85019166,0.92358877,0.073397115,0.6745051,0.47550136,18.457349,8.7764946,False,0.96801239,True,True,True,0.6745051,0.47550136,18.457349,8.7764946,0.66418098,0.47319807,18.173363,8.5996001,0.9661113,0.54357791,3.2253095,1.753207,0.47455385,0.37982433,3.1531772,1.1976534,0.60911599,0.47962794,7.1275898,3.4185912,0.64302042,0.46138434,9.878127,4.5576131,0.6439766,0.47280473,9.3553438,4.4232508,0.7589233,0.49270313,9.1883731,4.5271402
0b_baseline_last,file,19,baseline,545,011.Rusty_Blackbird/Rusty_Blackbird_0113_6664.jpg,11,10,011.Rusty_Blackbird,9,8,color_jitter,color_jitter,0,"{""brightness"":1.026822,""contrast"":0.627654,""hue"":-0.084024,""saturation"":0.761505}",0.12579793,1.4370683,1.3112704,0.88179302,0.23762338,0.031601366,0.065334439,0.85019166,0.17228894,-0.67790272,0.6627713,6.733093,18.457349,124.27505,False,0.9179793,False,True,False,0.6627713,6.733093,18.457349,124.27505,0.65604558,6.7354886,18.173363,122.40648,0.87888069,6.65659,3.2253095,21.469563,0.71077355,8.0693932,3.1531772,25.444227,0.56458043,8.7308221,7.1275898,62.229719,0.63703995,6.3316231,9.878127,62.544577,0.69459644,6.1457487,9.3553438,57.495592,0.73499897,6.2004668,9.1883731,56.972202
0b_baseline_last,file,19,baseline,545,011.Rusty_Blackbird/Rusty_Blackbird_0113_6664.jpg,11,10,011.Rusty_Blackbird,9,8,rotation,rotation,0,"{""angle"":9.64582}",0.12579793,0.15704997,0.031252041,0.88179302,0.85466135,0.031601366,0.034850087,0.85019166,0.81981126,-0.030380398,0.74770968,1.3702734,18.457349,25.291615,False,0.948174,True,True,True,0.74770968,1.3702734,18.457349,25.291615,0.74223815,1.3743866,18.173363,24.977226,0.94572772,1.2325702,3.2253095,3.9754205,0.66531665,1.7328761,3.1531772,5.4640655,0.74575753,1.6725589,7.1275898,11.921314,0.75722266,1.4341225,9.878127,14.166444,0.71474572,1.2514011,9.3553438,11.707287,0.79294753,1.1627307,9.1883731,10.683604
0b_baseline_last,file,19,baseline,545,011.Rusty_Blackbird/Rusty_Blackbird_0113_6664.jpg,11,10,011.Rusty_Blackbird,9,8,random_resized_crop,random_resized_crop,0,"{""area_fraction"":0.63208,""aspect"":0.960454,""fallback"":false,""height"":0.811237,""left"":0.034285,""top"":0.017346,""width"":0.779156}",0.12579793,0.4382655,0.31246758,0.88179302,0.64515448,0.031601366,0.048705265,0.85019166,0.59644921,-0.25374245,0.70549864,3.434583,18.457349,63.393298,False,0.94236445,True,True,True,0.70549864,3.434583,18.457349,63.393298,0.69947819,3.4465311,18.173363,62.63506,0.92853253,3.0308581,3.2253095,9.7754553,0.61614004,4.1782389,3.1531772,13.174728,0.67544786,3.795992,7.1275898,27.056274,0.71468418,3.5624367,9.878127,35.190202,0.66714558,3.3585363,9.3553438,31.420262,0.75728674,3.062745,9.1883731,28.141644
0b_baseline_last,file,19,baseline,545,011.Rusty_Blackbird/Rusty_Blackbird_0113_6664.jpg,11,10,011.Rusty_Blackbird,9,8,gaussian_blur,gaussian_blur,0,"{""sigma"":1.727212}",0.12579793,3.384511,3.2587131,0.88179302,0.033894211,0.031601366,0.024987323,0.85019166,0.0089068878,-0.84128477,0.42145573,6.7925802,18.457349,125.37302,False,0.79106259,False,True,False,0.42145573,6.7925802,18.457349,125.37302,0.41034236,6.7494521,18.173363,122.66024,0.72381853,8.0424996,3.2253095,25.93955,0.51220941,8.4982781,3.1531772,26.796577,0.38682036,7.960993,7.1275898,56.742693,0.38371123,6.6861446,9.878127,66.046586,0.41170878,6.2063356,9.3553438,58.062404,0.45155125,6.3220292,9.1883731,58.089163
0b_baseline_last,file,19,baseline,545,011.Rusty_Blackbird/Rusty_Blackbird_0113_6664.jpg,11,10,011.Rusty_Blackbird,9,8,random_erasing,random_erasing,0,"{""area_fraction"":0.073776,""erased"":true,""height"":0.24817,""left"":0.617278,""top"":0.107916,""width"":0.297281}",0.12579793,0.079021275,-0.046776652,0.88179302,0.92402029,0.031601366,0.013888772,0.85019166,0.91013152,0.059939862,0.88183798,0.69018543,18.457349,12.738993,False,0.98396617,True,True,True,0.88183798,0.69018543,18.457349,12.738993,0.87916546,0.69173571,18.173363,12.571164,0.97638188,0.63901357,3.2253095,2.0610165,0.84640625,0.67746497,3.1531772,2.1361671,0.84849108,0.73112117,7.1275898,5.2111318,0.85963463,0.71169208,9.878127,7.0301847,0.88887213,0.67288686,9.3553438,6.295088,0.91982721,0.66435895,9.1883731,6.1043779
0b_baseline_last,file,19,baseline,8129,139.Scarlet_Tanager/Scarlet_Tanager_0083_138500.jpg,139,138,139.Scarlet_Tanager,42,41,identity,identity,0,{},0.0021458473,0.0021458473,0,0.99785644,0.99785644,0.00071104517,0.00071104517,0.99714539,0.99714539,0,1,1,0.261228,0.261228,False,1,True,True,True,1,1,0.261228,0.261228,1,1,0.25380947,0.25380947,1,1,0.061812784,0.061812784,1,1,0.044211486,0.044211486,1,1,0.073386583,0.073386583,1,1,0.094679422,0.094679422,1,1,0.1305152,0.1305152,1,1,0.17629689,0.17629689
0b_baseline_last,file,19,baseline,8129,139.Scarlet_Tanager/Scarlet_Tanager_0083_138500.jpg,139,138,139.Scarlet_Tanager,42,41,horizontal_flip,horizontal_flip,0,"{""flipped"":true}",0.0021458473,0.0035093171,0.0013634698,0.99785644,0.99649686,0.00071104517,0.0019300366,0.99714539,0.99456682,-0.0025785734,0.65794604,1.8441192,0.261228,0.48173558,False,0.98496115,True,True,True,0.65794604,1.8441192,0.261228,0.48173558,0.64101532,1.8511094,0.25380947,0.4698291,0.96643196,1.7219978,0.061812784,0.10644148,0.70428657,2.3282605,0.044211486,0.10293585,0.52348966,2.4243377,0.073386583,0.17791386,0.39743829,1.9491915,0.094679422,0.18454832,0.59893348,1.8861554,0.1305152,0.24617194,0.78777331,1.6423249,0.17629689,0.28953678
0b_baseline_last,file,19,baseline,8129,139.Scarlet_Tanager/Scarlet_Tanager_0083_138500.jpg,139,138,139.Scarlet_Tanager,42,41,color_jitter,color_jitter,0,"{""brightness"":1.01463,""contrast"":0.745723,""hue"":-0.082753,""saturation"":1.041389}",0.0021458473,0.37823355,0.3760877,0.99785644,0.68507051,0.00071104517,0.013863628,0.99714539,0.67120689,-0.32593851,0.44376998,208.29642,0.261228,54.412858,False,0.86189109,True,True,True,0.44376998,208.29642,0.261228,54.412858,0.43260956,211.21632,0.25380947,53.608702,0.7317404,150.78113,0.061812784,9.3202012,0.38396043,233.01831,0.044211486,10.302086,0.39906196,298.3082,0.073386583,21.891819,0.37212196,276.50658,0.094679422,26.179483,0.44299292,224.19864,0.1305152,29.26133,0.50975523,155.0214,0.17629689,27.32979
0b_baseline_last,file,19,baseline,8129,139.Scarlet_Tanager/Scarlet_Tanager_0083_138500.jpg,139,138,139.Scarlet_Tanager,42,41,rotation,rotation,0,"{""angle"":0.887943}",0.0021458473,0.0024742249,0.00032837759,0.99785644,0.99752885,0.00071104517,0.0007942245,0.99714539,0.99673463,-0.00041076646,0.91804397,1.1985598,0.261228,0.31309737,False,0.99613184,True,True,True,0.91804397,1.1985598,0.261228,0.31309737,0.91378606,1.202316,0.25380947,0.30515919,0.9957175,1.1333571,0.061812784,0.070055957,0.81032516,1.0972077,0.044211486,0.048509182,0.84072894,1.3470405,0.073386583,0.098854702,0.8595803,1.2536078,0.094679422,0.11869086,0.9083447,1.2207426,0.1305152,0.15932546,0.95726252,1.1558678,0.17629689,0.20377589
0b_baseline_last,file,19,baseline,8129,139.Scarlet_Tanager/Scarlet_Tanager_0083_138500.jpg,139,138,139.Scarlet_Tanager,42,41,random_resized_crop,random_resized_crop,0,"{""area_fraction"":0.527432,""aspect"":1.103704,""fallback"":false,""height"":0.691285,""left"":0.037992,""top"":0.255719,""width"":0.762974}",0.0021458473,0.04895382,0.046807973,0.99785644,0.95222509,0.00071104517,0.023487547,0.99714539,0.92873754,-0.068407851,0.6344273,29.644861,0.261228,7.7440678,False,0.93564141,True,True,True,0.6344273,29.644861,0.261228,7.7440678,0.62292468,30.018475,0.25380947,7.6189734,0.91998008,22.427415,0.061812784,1.386301,0.036136076,32.865434,0.044211486,1.4530297,0.54873163,37.814977,0.073386583,2.7751119,0.61776975,37.604726,0.094679422,3.5603937,0.61003236,31.312692,0.1305152,4.0867822,0.72740117,24.632213,0.17629689,4.3425825
0b_baseline_last,file,19,baseline,8129,139.Scarlet_Tanager/Scarlet_Tanager_0083_138500.jpg,139,138,139.Scarlet_Tanager,42,41,gaussian_blur,gaussian_blur,0,"{""sigma"":1.535705}",0.0021458473,0.0098257931,0.0076799458,0.99785644,0.99022233,0.00071104517,0.0019071914,0.99714539,0.98831514,-0.0088302495,0.58736838,6.2685616,0.261228,1.6375238,False,0.95320594,True,True,True,0.58736838,6.2685616,0.261228,1.6375238,0.57507542,6.3650869,0.25380947,1.6155193,0.93460306,4.3283473,0.061812784,0.2675472,0.13222154,7.3414028,0.044211486,0.32457432,0.32214228,9.1020249,0.073386583,0.6679665,0.49223774,8.4691834,0.094679422,0.80185739,0.60163511,6.6114179,0.1305152,0.86289052,0.78248066,4.645776,0.17629689,0.81903584
0b_baseline_last,file,19,baseline,8129,139.Scarlet_Tanager/Scarlet_Tanager_0083_138500.jpg,139,138,139.Scarlet_Tanager,42,41,random_erasing,random_erasing,0,"{""area_fraction"":0.067621,""erased"":true,""height"":0.275534,""left"":0.048717,""top"":0.463919,""width"":0.245419}",0.0021458473,0.0097023118,0.0075564645,0.99785644,0.99034458,0.00071104517,0.0016804376,0.99714539,0.98866415,-0.0084812466,0.85716404,4.5252019,0.261228,1.1821095,False,0.98523521,True,True,True,0.85716404,4.5252019,0.261228,1.1821095,0.85184998,4.560323,0.25380947,1.1574532,0.97279868,3.8855526,0.061812784,0.24017682,0.87549095,5.0348231,0.044211486,0.22259701,0.77460965,5.1092551,0.073386583,0.37495077,0.79480752,4.8148792,0.094679422,0.45586998,0.82005352,4.5428117,0.1305152,0.59290597,0.90487621,4.3576962,0.17629689,0.76824828
0b_baseline_last,file,19,baseline,2176,039.Least_Flycatcher/Least_Flycatcher_0024_30230.jpg,39,38,039.Least_Flycatcher,37,36,identity,identity,0,{},1.7879808,1.7879808,0,0.16729762,0.16729762,0.24674249,0.24674249,-0.07944487,-0.07944487,0,1,1,149.35386,149.35386,False,1,True,False,False,1,1,149.35386,149.35386,1,1,147.48572,147.48572,1,1,23.548657,23.548657,1,1,28.764423,28.764423,1,1,76.065391,76.065391,1,1,83.344403,83.344403,1,1,66.416581,66.416581,1,1,61.491859,61.491859
0b_baseline_last,file,19,baseline,2176,039.Least_Flycatcher/Least_Flycatcher_0024_30230.jpg,39,38,039.Least_Flycatcher,37,36,horizontal_flip,horizontal_flip,0,"{""flipped"":true}",1.7879808,1.8712143,0.083233476,0.16729762,0.15393664,0.24674249,0.34143764,-0.07944487,-0.187501,-0.10805613,0.69297426,1.008497,149.35386,150.62292,False,0.96167701,True,False,False,0.69297426,1.008497,149.35386,150.62292,0.68561379,1.0052832,147.48572,148.26491,0.95485799,1.1273532,23.548657,26.547653,0.72550265,0.91320678,28.764423,26.267866,0.71200786,0.99734317,76.065391,75.863298,0.67099996,0.97079956,83.344403,80.910709,0.62491647,1.0156936,66.416581,67.458894,0.73478014,1.083612,61.491859,66.633317
0b_baseline_last,file,19,baseline,2176,039.Least_Flycatcher/Least_Flycatcher_0024_30230.jpg,39,38,039.Least_Flycatcher,37,36,color_jitter,color_jitter,0,"{""brightness"":1.235014,""contrast"":0.817958,""hue"":-0.024196,""saturation"":1.202647}",1.7879808,1.6805401,-0.10744071,0.16729762,0.18627334,0.24674249,0.088382147,-0.07944487,0.097891189,0.17733606,0.81921572,0.77112876,149.35386,115.17106,False,0.97244978,False,False,True,0.81921572,0.77112876,149.35386,115.17106,0.81546602,0.76735025,147.48572,113.1732,0.95479254,0.90700768,23.548657,21.358813,0.74977438,0.6018032,28.764423,17.310522,0.75595157,0.66120727,76.065391,50.294989,0.82562795,0.75228149,83.344403,62.698452,0.84878441,0.81776918,66.416581,54.313433,0.86768734,0.90513895,61.491859,55.658677
0b_baseline_last,file,19,baseline,2176,039.Least_Flycatcher/Least_Flycatcher_0024_30230.jpg,39,38,039.Least_Flycatcher,37,36,rotation,rotation,0,"{""angle"":-11.297233}",1.7879808,0.82710505,-0.96087575,0.16729762,0.43731347,0.24674249,0.12290515,-0.07944487,0.31440832,0.39385319,0.74515979,0.60693465,149.35386,90.648032,False,0.93909496,False,False,True,0.74515979,0.60693465,149.35386,90.648032,0.74105825,0.60418959,147.48572,89.109334,0.89162556,0.70624266,23.548657,16.631066,0.79953637,0.66274082,28.764423,19.063357,0.82215712,0.57175168,76.065391,43.490515,0.73985154,0.59130488,83.344403,49.281952,0.66181045,0.63356812,66.416581,42.079429,0.71397693,0.62694289,61.491859,38.551884
0b_baseline_last,file,19,baseline,2176,039.Least_Flycatcher/Least_Flycatcher_0024_30230.jpg,39,38,039.Least_Flycatcher,37,36,random_resized_crop,random_resized_crop,0,"{""area_fraction"":0.574322,""aspect"":1.072263,""fallback"":false,""height"":0.731858,""left"":0.160136,""top"":0.103312,""width"":0.784744}",1.7879808,4.5236626,2.7356818,0.16729762,0.010849216,0.24674249,0.093244173,-0.07944487,-0.082394957,-0.0029500863,0.48107595,0.93723247,149.35386,139.97929,False,0.90152311,False,False,False,0.48107595,0.93723247,149.35386,139.97929,0.47202337,0.92868366,147.48572,136.96757,0.76806299,1.2264191,23.548657,28.880523,0.45377498,0.95833701,28.764423,27.566011,0.48839112,0.84549333,76.065391,64.312781,0.47504376,0.91027461,83.344403,75.866294,0.41339225,0.93471612,66.416581,62.080649,0.51809862,1.0607214,61.491859,65.22573
0b_baseline_last,file,19,baseline,2176,039.Least_Flycatcher/Least_Flycatcher_0024_30230.jpg,39,38,039.Least_Flycatcher,37,36,gaussian_blur,gaussian_blur,0,"{""sigma"":1.264156}",1.7879808,3.5544748,1.766494,0.16729762,0.02859639,0.24674249,0.077690251,-0.07944487,-0.049093861,0.030351009,0.63261572,1.1903889,149.35386,177.78918,False,0.8722533,False,False,False,0.63261572,1.1903889,149.35386,177.78918,0.62761634,1.1927125,147.48572,175.90806,0.84838871,1.0953636,23.548657,25.794341,0.57471819,1.5110285,28.764423,43.463864,0.67505535,1.354631,76.065391,103.04054,0.594743,1.1186895,83.344403,93.236511,0.607161,1.1183836,66.416581,74.279218,0.66446813,1.0572677,61.491859,65.013358
0b_baseline_last,file,19,baseline,2176,039.Least_Flycatcher/Least_Flycatcher_0024_30230.jpg,39,38,039.Least_Flycatcher,37,36,random_erasing,random_erasing,0,"{""area_fraction"":0.183594,""erased"":true,""height"":0.288027,""left"":0.160563,""top"":0.458431,""width"":0.637419}",1.7879808,2.5646267,0.7766459,0.16729762,0.076947905,0.24674249,0.11341485,-0.07944487,-0.036466941,0.042977929,0.7702257,0.86228335,149.35386,128.78535,False,0.93924832,False,False,False,0.7702257,0.86228335,149.35386,128.78535,0.76613653,0.85835298,147.48572,126.5948,0.91655256,1.0043922,23.548657,23.652087,0.7450105,0.76528435,28.764423,22.012963,0.78033883,0.75862802,76.065391,57.705337,0.7844337,0.83169783,83.344403,69.317359,0.75735294,0.92031453,66.416581,61.124145,0.75186014,0.98527498,61.491859,60.58639
0b_baseline_last,file,19,baseline,1034,019.Gray_Catbird/Gray_Catbird_0050_20763.jpg,19,18,019.Gray_Catbird,155,154,identity,identity,0,{},0.0007815882,0.0007815882,0,0.9992187,0.9992187,0.0001363988,0.0001363988,0.9990823,0.9990823,0,1,1,0.1098686,0.1098686,False,1,True,True,True,1,1,0.1098686,0.1098686,1,1,0.10696123,0.10696123,1,1,0.025107887,0.025107887,1,1,0.020734919,0.020734919,1,1,0.0389098,0.0389098,1,1,0.055733417,0.055733417,1,1,0.053397419,0.053397419,1,1,0.059491984,0.059491984
0b_baseline_last,file,19,baseline,1034,019.Gray_Catbird/Gray_Catbird_0050_20763.jpg,19,18,019.Gray_Catbird,155,154,horizontal_flip,horizontal_flip,0,"{""flipped"":true}",0.0007815882,0.00033778208,-0.00044380612,0.9992187,0.99966228,0.0001363988,1.3286276e-05,0.9990823,0.99964899,0.00056669029,0.44170614,0.45033322,0.1098686,0.049477482,False,0.96290237,True,True,True,0.44170614,0.45033322,0.1098686,0.049477482,0.41187988,0.44618841,0.10696123,0.047724859,0.91115609,0.51984329,0.025107887,0.013052167,0.30698735,0.45453005,0.020734919,0.009424644,0.23723013,0.53171894,0.0389098,0.020689077,0.36430919,0.4240993,0.055733417,0.023636503,0.35578987,0.43712113,0.053397419,0.02334114,0.60855534,0.43094887,0.059491984,0.025638003
0b_baseline_last,file,19,baseline,1034,019.Gray_Catbird/Gray_Catbird_0050_20763.jpg,19,18,019.Gray_Catbird,155,154,color_jitter,color_jitter,0,"{""brightness"":1.071847,""contrast"":0.750333,""hue"":-0.000886,""saturation"":0.859879}",0.0007815882,0.00089891074,0.00011732255,0.9992187,0.99910152,0.0001363988,9.5102718e-05,0.9990823,0.99900642,-7.5886652e-05,0.86581747,1.2615175,0.1098686,0.13860116,False,0.98996913,True,True,True,0.86581747,1.2615175,0.1098686,0.13860116,0.8600147,1.2665996,0.10696123,0.13547704,0.98312352,1.1654419,0.025107887,0.029261784,0.79894447,1.1565152,0.020734919,0.023980251,0.70658288,1.4151961,0.0389098,0.055064997,0.86126198,1.3202649,0.055733417,0.073582872,0.8890658,1.2335276,0.053397419,0.06586719,0.92577779,1.1878493,0.059491984,0.070667512
0b_baseline_last,file,19,baseline,1034,019.Gray_Catbird/Gray_Catbird_0050_20763.jpg,19,18,019.Gray_Catbird,155,154,rotation,rotation,0,"{""angle"":-1.733731}",0.0007815882,0.00098549423,0.00020390603,0.9992187,0.99901497,0.0001363988,0.00027262353,0.9990823,0.99874235,-0.0003399534,0.83313865,1.3163582,0.1098686,0.14462643,False,0.98837018,True,True,True,0.83313865,1.3163582,0.1098686,0.14462643,0.82556602,1.319844,0.10696123,0.14117214,0.9792057,1.2514106,0.025107887,0.031420276,0.76628496,1.283975,0.020734919,0.026623119,0.71384038,1.3203941,0.0389098,0.051376271,0.81312632,1.3370528,0.055733417,0.074518521,0.82576391,1.3596576,0.053397419,0.072602204,0.8944685,1.275399,0.059491984,0.075876018
0b_baseline_last,file,19,baseline,1034,019.Gray_Catbird/Gray_Catbird_0050_20763.jpg,19,18,019.Gray_Catbird,155,154,random_resized_crop,random_resized_crop,0,"{""area_fraction"":0.782665,""aspect"":1.252645,""fallback"":false,""height"":0.790449,""left"":0.007688,""top"":0.195365,""width"":0.990152}",0.0007815882,0.00034779223,-0.00043379597,0.9992187,0.99965227,0.0001363988,8.0665268e-06,0.9990823,0.9996442,0.00056189646,0.65757626,0.49863529,0.1098686,0.054784362,False,0.96560526,True,True,True,0.65757626,0.49863529,0.1098686,0.054784362,0.64192546,0.49739919,0.10696123,0.053202427,0.9296168,0.52055833,0.025107887,0.01307012,0.53882303,0.53248131,0.020734919,0.011040957,0.50230756,0.52043789,0.0389098,0.020250134,0.64236721,0.4916631,0.055733417,0.027402065,0.61830155,0.49984185,0.053397419,0.026690265,0.73954738,0.48580132,0.059491984,0.028901284
0b_baseline_last,file,19,baseline,1034,019.Gray_Catbird/Gray_Catbird_0050_20763.jpg,19,18,019.Gray_Catbird,155,154,gaussian_blur,gaussian_blur,0,"{""sigma"":1.572358}",0.0007815882,0.3183901,0.31760851,0.9992187,0.727319,0.0001363988,0.039856073,0.9990823,0.68746293,-0.31161937,0.3406662,580.7527,0.1098686,63.806487,False,0.81212431,True,True,True,0.3406662,580.7527,0.1098686,63.806487,0.32931598,591.17423,0.10696123,63.23272,0.75046288,340.03729,0.025107887,8.537618,0.2798316,887.16633,0.020734919,18.395322,0.13286044,805.35307,0.0389098,31.336127,0.32820605,645.19629,0.055733417,35.958994,0.38663003,553.49255,0.053397419,29.555074,0.51331664,380.15246,0.059491984,22.616024
0b_baseline_last,file,19,baseline,1034,019.Gray_Catbird/Gray_Catbird_0050_20763.jpg,19,18,019.Gray_Catbird,155,154,random_erasing,random_erasing,0,"{""area_fraction"":0.180931,""erased"":true,""height"":0.749105,""left"":0.109504,""top"":0.166539,""width"":0.24153}",0.0007815882,0.059074316,0.058292728,0.9992187,0.94263673,0.0001363988,0.00028888421,0.9990823,0.94234784,-0.056734459,0.52719173,76.084265,0.1098686,8.3592718,False,0.88681006,True,True,True,0.52719173,76.084265,0.1098686,8.3592718,0.51143816,76.543874,0.10696123,8.1872266,0.85711439,67.199211,0.025107887,1.6872302,0.22683803,67.657352,0.020734919,1.4028698,0.36768252,84.721918,0.0389098,3.2965128,0.51249528,73.959088,0.055733417,4.1219927,0.49946552,79.822247,0.053397419,4.262302,0.62679698,73.341132,0.059491984,4.3632095
0b_baseline_last,file,19,baseline,4167,072.Pomarine_Jaeger/Pomarine_Jaeger_0006_795775.jpg,72,71,072.Pomarine_Jaeger,92,91,identity,identity,0,{},0.37568548,0.37568548,0,0.6868183,0.6868183,0.077131853,0.077131853,0.60968645,0.60968645,0,1,1,56.83552,56.83552,False,1,True,True,True,1,1,56.83552,56.83552,1,1,55.989667,55.989667,1,1,9.7690131,9.7690131,1,1,14.268993,14.268993,1,1,25.187237,25.187237,1,1,29.609907,29.609907,1,1,27.408862,27.408862,1,1,25.862122,25.862122
0b_baseline_last,file,19,baseline,4167,072.Pomarine_Jaeger/Pomarine_Jaeger_0006_795775.jpg,72,71,072.Pomarine_Jaeger,92,91,horizontal_flip,horizontal_flip,0,"{""flipped"":true}",0.37568548,0.061906435,-0.31377905,0.6868183,0.93997085,0.077131853,0.014738889,0.60968645,0.92523196,0.31554551,0.65377171,0.19452061,56.83552,11.05568,False,0.95747948,True,True,True,0.65377171,0.19452061,56.83552,11.05568,0.64474228,0.19457091,55.989667,10.89396,0.95302864,0.19286092,9.7690131,1.8840608,0.58540006,0.20189496,14.268993,2.8808378,0.49504279,0.18386228,25.187237,4.6309829,0.67486487,0.2001237,29.609907,5.9256441,0.65953918,0.18846873,27.408862,5.1657136,0.73976937,0.20142021,25.862122,5.2091542
0b_baseline_last,file,19,baseline,4167,072.Pomarine_Jaeger/Pomarine_Jaeger_0006_795775.jpg,72,71,072.Pomarine_Jaeger,92,91,color_jitter,color_jitter,0,"{""brightness"":1.108384,""contrast"":1.214189,""hue"":-0.058694,""saturation"":1.012552}",0.37568548,1.1900223,0.81433687,0.6868183,0.30421448,0.077131853,0.044507768,0.60968645,0.25970671,-0.34997974,0.73793383,2.3915496,56.83552,135.92497,False,0.94175887,True,True,True,0.73793383,2.3915496,56.83552,135.92497,0.73325195,2.396743,55.989667,134.19284,0.9066588,2.2141937,9.7690131,21.630487,0.69868044,3.4124085,14.268993,48.691633,0.61932053,2.0605446,25.187237,51.899423,0.77616144,2.3478182,29.609907,69.518681,0.7599542,2.4607549,27.408862,67.446494,0.78506334,2.3075294,25.862122,59.677609
0b_baseline_last,file,19,baseline,4167,072.Pomarine_Jaeger/Pomarine_Jaeger_0006_795775.jpg,72,71,072.Pomarine_Jaeger,92,91,rotation,rotation,0,"{""angle"":-8.048789}",0.37568548,0.56651127,0.19082579,0.6868183,0.56750184,0.077131853,0.070409268,0.60968645,0.49709257,-0.11259387,0.78640954,1.6214627,56.83552,92.156678,False,0.95267546,True,True,True,0.78640954,1.6214627,56.83552,92.156678,0.78291496,1.6288546,55.989667,91.199026,0.93713247,1.3564389,9.7690131,13.25107,0.83828197,2.0383062,14.268993,29.084577,0.80814515,1.6417092,25.187237,41.350118,0.77742175,1.5646099,29.609907,46.327955,0.76036771,1.5864757,27.408862,43.483495,0.77794454,1.6056757,25.862122,41.526181
0b_baseline_last,file,19,baseline,4167,072.Pomarine_Jaeger/Pomarine_Jaeger_0006_795775.jpg,72,71,072.Pomarine_Jaeger,92,91,random_resized_crop,random_resized_crop,0,"{""area_fraction"":0.76018,""aspect"":1.060252,""fallback"":false,""height"":0.846747,""left"":0.097834,""top"":0.097424,""width"":0.897765}",0.37568548,0.33454907,-0.041136414,0.6868183,0.71566075,0.077131853,0.081323609,0.60968645,0.63433714,0.024650693,0.7163982,1.1200946,56.83552,63.66116,False,0.95172501,True,True,True,0.7163982,1.1200946,56.83552,63.66116,0.71105848,1.1245206,55.989667,62.961536,0.92947554,0.96346807,9.7690131,9.4121323,0.49673945,1.3417247,14.268993,19.145061,0.64366098,1.1870634,25.187237,29.898847,0.76464931,1.1096145,29.609907,32.855581,0.74444942,1.0934969,27.408862,29.971506,0.76171394,1.0417759,25.862122,26.942536
0b_baseline_last,file,19,baseline,4167,072.Pomarine_Jaeger/Pomarine_Jaeger_0006_795775.jpg,72,71,072.Pomarine_Jaeger,92,91,gaussian_blur,gaussian_blur,0,"{""sigma"":1.865901}",0.37568548,0.19471064,-0.18097484,0.6868183,0.82307279,0.077131853,0.007287255,0.60968645,0.81578554,0.20609909,0.37659048,0.65422037,56.83552,37.182955,False,0.84329987,True,True,True,0.37659048,0.65422037,56.83552,37.182955,0.36615444,0.65512698,55.989667,36.680341,0.73710893,0.62370761,9.7690131,6.0930079,0.26172158,0.71873969,14.268993,10.255692,0.17030089,0.65292286,25.187237,16.445323,0.33212528,0.57757389,29.609907,17.101909,0.45438822,0.71054387,27.408862,19.475199,0.5205102,0.66755696,25.862122,17.26444
0b_baseline_last,file,19,baseline,4167,072.Pomarine_Jaeger/Pomarine_Jaeger_0006_795775.jpg,72,71,072.Pomarine_Jaeger,92,91,random_erasing,random_erasing,0,"{""area_fraction"":0.140998,""erased"":true,""height"":0.262845,""left"":0.451983,""top"":0.32393,""width"":0.536432}",0.37568548,0.028518682,-0.3471668,0.6868183,0.97188413,0.077131853,0.0065037115,0.60968645,0.96538042,0.35569397,0.71456449,0.0941184,56.83552,5.3492682,False,0.93877608,True,True,True,0.71456449,0.0941184,56.83552,5.3492682,0.70872428,0.093862789,55.989667,5.2553463,0.8933078,0.10215988,9.7690131,0.99800117,0.740169,0.094636205,14.268993,1.3503633,0.64871888,0.087862742,25.187237,2.2130197,0.71806808,0.086990249,29.609907,2.5757732,0.70832613,0.10142529,27.408862,2.7799519,0.74690791,0.098845793,25.862122,2.556362
0b_baseline_last,file,19,baseline,5465,094.White_breasted_Nuthatch/White_Breasted_Nuthatch_0094_86156.jpg,94,93,094.White_breasted_Nuthatch,112,111,identity,identity,0,{},0.082040928,0.082040928,0,0.92123425,0.92123425,0.04065593,0.04065593,0.88057832,0.88057832,0,1,1,15.090301,15.090301,False,1,True,True,True,1,1,15.090301,15.090301,1,1,14.898234,14.898234,1,1,2.3999627,2.3999627,1,1,2.9059816,2.9059816,1,1,7.7651616,7.7651616,1,1,8.3605213,8.3605213,1,1,6.5974417,6.5974417,1,1,6.30796,6.30796
0b_baseline_last,file,19,baseline,5465,094.White_breasted_Nuthatch/White_Breasted_Nuthatch_0094_86156.jpg,94,93,094.White_breasted_Nuthatch,112,111,horizontal_flip,horizontal_flip,0,"{""flipped"":true}",0.082040928,0.055295113,-0.026745815,0.92123425,0.94620585,0.04065593,0.013918423,0.88057832,0.93228743,0.051709111,0.65553164,0.62508665,15.090301,9.4327461,False,0.94377065,True,True,True,0.65553164,0.62508665,15.090301,9.4327461,0.64891151,0.62544196,14.898234,9.3179807,0.91673856,0.61123749,2.3999627,1.4669472,0.65059091,0.6070929,2.9059816,1.7642008,0.65946908,0.59522281,7.7651616,4.6220013,0.66834432,0.64151748,8.3605213,5.3634206,0.59854641,0.62277087,6.5974417,4.1086945,0.65497407,0.64787746,6.30796,4.0867851
0b_baseline_last,file,19,baseline,5465,094.White_breasted_Nuthatch/White_Breasted_Nuthatch_0094_86156.jpg,94,93,094.White_breasted_Nuthatch,112,111,color_jitter,color_jitter,0,"{""brightness"":0.792148,""contrast"":0.842138,""hue"":-0.022783,""saturation"":1.27878}",0.082040928,0.084590219,0.0025492907,0.92123425,0.91888875,0.04065593,0.045678042,0.88057832,0.87321071,-0.0073676147,0.9138445,1.1150718,15.090301,16.826769,False,0.98632812,True,True,True,0.9138445,1.1150718,15.090301,16.826769,0.91211862,1.1165571,14.898234,16.634729,0.98552521,1.056245,2.3999627,2.5349486,0.83930213,1.1204373,2.9059816,3.2559702,0.91226849,1.1772226,7.7651616,9.1413233,0.92871261,1.1062743,8.3605213,9.2490297,0.90031956,1.0806036,6.5974417,7.129219,0.91426244,1.0772889,6.30796,6.7954954
0b_baseline_last,file,19,baseline,5465,094.White_breasted_Nuthatch/White_Breasted_Nuthatch_0094_86156.jpg,94,93,094.White_breasted_Nuthatch,112,111,rotation,rotation,0,"{""angle"":4.976136}",0.082040928,0.03936005,-0.042680878,0.92123425,0.9614045,0.04065593,0.014781176,0.88057832,0.94662333,0.066045006,0.83183267,0.47256359,15.090301,7.131127,False,0.97385657,True,True,True,0.83183267,0.47256359,15.090301,7.131127,0.82821622,0.47181254,14.898234,7.0291736,0.96459224,0.50064828,2.3999627,1.2015372,0.73239786,0.53392627,2.9059816,1.5515799,0.83388826,0.48103223,7.7651616,3.735293,0.84068622,0.45861681,8.3605213,3.8342756,0.80625129,0.46784431,6.5974417,3.0865755,0.84740341,0.47083231,6.30796,2.9699914
0b_baseline_last,file,19,baseline,5465,094.White_breasted_Nuthatch/White_Breasted_Nuthatch_0094_86156.jpg,94,93,094.White_breasted_Nuthatch,112,111,random_resized_crop,random_resized_crop,0,"{""area_fraction"":0.731683,""aspect"":1.260157,""fallback"":false,""height"":0.76199,""left"":0.012713,""top"":0.223077,""width"":0.960227}",0.082040928,0.24015802,0.15811709,0.92123425,0.78650355,0.04065593,0.11478672,0.88057832,0.67171683,-0.20886149,0.76013327,3.1082686,15.090301,46.90471,False,0.96127999,True,True,True,0.76013327,3.1082686,15.090301,46.90471,0.75566439,3.1167138,14.898234,46.433531,0.95976249,2.7632383,2.3999627,6.6316689,0.30519225,3.1195665,2.9059816,9.065403,0.76978909,3.5055984,7.7651616,27.221538,0.79759109,3.0400418,8.3605213,25.416334,0.74680737,3.0199208,6.5974417,19.923751,0.7852852,2.6993555,6.30796,17.027427
0b_baseline_last,file,19,baseline,5465,094.White_breasted_Nuthatch/White_Breasted_Nuthatch_0094_86156.jpg,94,93,094.White_breasted_Nuthatch,112,111,gaussian_blur,gaussian_blur,0,"{""sigma"":1.092889}",0.082040928,0.086593233,0.0045523047,0.92123425,0.91705006,0.04065593,0.036639996,0.88057832,0.88041007,-0.00016825274,0.85943206,1.1915811,15.090301,17.981318,False,0.96760875,True,True,True,0.85943206,1.1915811,15.090301,17.981318,0.85701401,1.1940725,14.898234,17.789571,0.96479823,1.0912503,2.3999627,2.6189599,0.76493194,1.0899173,2.9059816,3.1672798,0.83930571,1.2372544,7.7651616,9.60748,0.89288067,1.2070366,8.3605213,10.091455,0.84604674,1.2163711,6.5974417,8.0249376,0.85569895,1.0971413,6.30796,6.9207232
0b_baseline_last,file,19,baseline,5465,094.White_breasted_Nuthatch/White_Breasted_Nuthatch_0094_86156.jpg,94,93,094.White_breasted_Nuthatch,112,111,random_erasing,random_erasing,0,"{""area_fraction"":0.16529,""erased"":true,""height"":0.504085,""left"":0.44461,""top"":0.011164,""width"":0.327902}",0.082040928,0.10951802,0.027477093,0.92123425,0.89626598,0.04065593,0.026208594,0.88057832,0.87005739,-0.010520931,0.81227508,1.074842,15.090301,16.21969,False,0.94504225,True,True,True,0.81227508,1.074842,15.090301,16.21969,0.8093833,1.072511,14.898234,15.978519,0.91769804,1.1611105,2.3999627,2.7866218,0.83649036,1.0788129,2.9059816,3.1350104,0.84552761,1.0392331,7.7651616,8.0698132,0.81744548,1.0384861,8.3605213,8.6822849,0.76655178,1.0826025,6.5974417,7.1424071,0.79009158,1.1645941,6.30796,7.3462132
0b_baseline_last,file,19,baseline,6768,116.Chipping_Sparrow/Chipping_Sparrow_0037_109851.jpg,116,115,116.Chipping_Sparrow,130,129,identity,identity,0,{},0.16168237,0.16168237,0,0.85071141,0.85071141,0.080546133,0.080546133,0.77016527,0.77016527,0,1,1,28.051449,28.051449,False,1,True,True,True,1,1,28.051449,28.051449,1,1,27.510169,27.510169,1,1,5.4840136,5.4840136,1,1,5.2139885,5.2139885,1,1,13.821163,13.821163,1,1,14.815069,14.815069,1,1,12.44924,12.44924,1,1,12.811297,12.811297
0b_baseline_last,file,19,baseline,6768,116.Chipping_Sparrow/Chipping_Sparrow_0037_109851.jpg,116,115,116.Chipping_Sparrow,130,129,horizontal_flip,horizontal_flip,0,"{""flipped"":true}",0.16168237,0.16161735,-6.5013766e-05,0.85071141,0.85076666,0.080546133,0.088921309,0.77016527,0.76184535,-0.0083199218,0.7718941,0.9960794,28.051449,27.941471,False,0.97357732,True,True,True,0.7718941,0.9960794,28.051449,27.941471,0.76407896,0.9966081,27.510169,27.416857,0.97141931,0.98268137,5.4840136,5.389038,0.78643888,0.88573996,5.2139885,4.6182379,0.82005833,0.955875,13.821163,13.211304,0.76501348,1.0297435,14.815069,15.255721,0.68843085,1.0257891,12.44924,12.770295,0.77304727,0.98734015,12.811297,12.649108
0b_baseline_last,file,19,baseline,6768,116.Chipping_Sparrow/Chipping_Sparrow_0037_109851.jpg,116,115,116.Chipping_Sparrow,130,129,color_jitter,color_jitter,0,"{""brightness"":1.263151,""contrast"":0.831041,""hue"":0.078689,""saturation"":0.79458}",0.16168237,2.1427157,1.9810333,0.85071141,0.11733577,0.080546133,0.0051776529,0.77016527,0.11215812,-0.65800715,0.38517222,4.7648593,28.051449,133.66121,False,0.81468141,False,True,False,0.38517222,4.7648593,28.051449,133.66121,0.37353702,4.7751765,27.510169,131.36591,0.69671456,4.4974483,5.4840136,24.664068,0.1876621,6.376627,5.2139885,33.24766,0.2327297,4.9553576,13.821163,68.488806,0.31662744,4.5127839,14.815069,66.857202,0.48193907,4.8011441,12.44924,59.770595,0.56720698,4.5637597,12.811297,58.467682
0b_baseline_last,file,19,baseline,6768,116.Chipping_Sparrow/Chipping_Sparrow_0037_109851.jpg,116,115,116.Chipping_Sparrow,130,129,rotation,rotation,0,"{""angle"":2.561204}",0.16168237,0.24918501,0.087502643,0.85071141,0.77943575,0.080546133,0.079468116,0.77016527,0.69996764,-0.070197634,0.85480045,1.4810036,28.051449,41.544298,False,0.98571265,True,True,True,0.85480045,1.4810036,28.051449,41.544298,0.85062399,1.4819523,27.510169,40.768757,0.96182345,1.4569287,5.4840136,7.9898169,0.72640878,1.5462695,5.2139885,8.0622314,0.86883809,1.461348,13.821163,20.197529,0.83441001,1.5040473,14.815069,22.282565,0.84826516,1.5076488,12.44924,18.769081,0.87702133,1.4400467,12.811297,18.448867
0b_baseline_last,file,19,baseline,6768,116.Chipping_Sparrow/Chipping_Sparrow_0037_109851.jpg,116,115,116.Chipping_Sparrow,130,129,random_resized_crop,random_resized_crop,0,"{""area_fraction"":0.890666,""aspect"":0.943882,""fallback"":false,""height"":0.971401,""left"":0.079262,""top"":0.008919,""width"":0.916888}",0.16168237,0.44079477,0.2791124,0.85071141,0.64352477,0.080546133,0.086486138,0.77016527,0.55703863,-0.21312664,0.80434822,2.6952221,28.051449,75.604886,False,0.97701502,True,True,True,0.80434822,2.6952221,28.051449,75.604886,0.80061758,2.7079763,27.510169,74.496886,0.92020694,2.3516051,5.4840136,12.896235,0.68190731,2.2686496,5.2139885,11.828713,0.82879906,2.8038422,13.821163,38.75236,0.79013953,2.8027328,14.815069,41.522679,0.79093617,2.7616446,12.44924,34.380377,0.81436303,2.470792,12.811297,31.654051
0b_baseline_last,file,19,baseline,6768,116.Chipping_Sparrow/Chipping_Sparrow_0037_109851.jpg,116,115,116.Chipping_Sparrow,130,129,gaussian_blur,gaussian_blur,0,"{""sigma"":1.929024}",0.16168237,1.0311066,0.86942422,0.85071141,0.35661215,0.080546133,0.38888007,0.77016527,-0.032267928,-0.8024332,0.70478883,4.0147484,28.051449,112.61951,False,0.92950261,False,True,False,0.70478883,4.0147484,28.051449,112.61951,0.69586538,4.0102832,27.510169,110.32357,0.92334277,4.1255231,5.4840136,22.624425,0.52379818,4.3377845,5.2139885,22.617158,0.68082959,3.7634611,13.821163,52.015409,0.72403175,3.9503947,14.815069,58.525369,0.67128359,4.2624889,12.44924,53.064747,0.73355113,4.0657156,12.811297,52.087092
0b_baseline_last,file,19,baseline,6768,116.Chipping_Sparrow/Chipping_Sparrow_0037_109851.jpg,116,115,116.Chipping_Sparrow,130,129,random_erasing,random_erasing,0,"{""area_fraction"":0.127007,""erased"":true,""height"":0.22867,""left"":0.109577,""top"":0.098618,""width"":0.555417}",0.16168237,4.4947634,4.333081,0.85071141,0.011167327,0.080546133,0.0047659627,0.77016527,0.0064013642,-0.76376391,0.30488263,4.3158202,28.051449,121.06501,False,0.72871876,False,True,False,0.30488263,4.3158202,28.051449,121.06501,0.29106617,4.3016863,27.510169,118.34012,0.62693638,4.6573944,5.4840136,25.541214,0.096604288,5.1395552,5.2139885,26.797582,0.087894727,3.8992682,13.821163,53.892421,0.27187563,3.7966736,14.815069,56.247979,0.40157724,4.6285328,12.44924,57.621717,0.44257336,4.8732165,12.811297,62.432225
0b_baseline_last,file,19,baseline,984,018.Spotted_Catbird/Spotted_Catbird_0013_19428.jpg,18,17,018.Spotted_Catbird,67,66,identity,identity,0,{},0.022557802,0.022557802,0,0.97769475,0.97769475,0.0046861921,0.0046861921,0.97300856,0.97300856,0,1,1,4.4561714,4.4561714,False,1,True,True,True,1,1,4.4561714,4.4561714,1,1,4.4154555,4.4154555,1,1,0.60101325,0.60101325,1,1,1.2046892,1.2046892,1,1,2.2384993,2.2384993,1,1,2.1939274,2.1939274,1,1,1.9907419,1.9907419,1,1,2.0634245,2.0634245
0b_baseline_last,file,19,baseline,984,018.Spotted_Catbird/Spotted_Catbird_0013_19428.jpg,18,17,018.Spotted_Catbird,67,66,horizontal_flip,horizontal_flip,0,"{""flipped"":true}",0.022557802,0.0055887401,-0.016969062,0.97769475,0.99442685,0.0046861921,0.0013585263,0.97300856,0.99306832,0.020059763,0.71713279,0.24388181,4.4561714,1.0867792,False,0.97219574,True,True,True,0.71713279,0.24388181,4.4561714,1.0867792,0.71187441,0.24308719,4.4154555,1.0733407,0.96881395,0.28348502,0.60101325,0.17037825,0.72148874,0.26748033,1.2046892,0.32223066,0.7819625,0.24419826,2.2384993,0.54663764,0.68248382,0.24947927,2.1939274,0.5473394,0.63219536,0.23102165,1.9907419,0.45990449,0.73313593,0.23658859,2.0634245,0.48818269
0b_baseline_last,file,19,baseline,984,018.Spotted_Catbird/Spotted_Catbird_0013_19428.jpg,18,17,018.Spotted_Catbird,67,66,color_jitter,color_jitter,0,"{""brightness"":0.817799,""contrast"":1.01149,""hue"":0.06853,""saturation"":1.199451}",0.022557802,0.0049960772,-0.017561725,0.97769475,0.9950164,0.0046861921,0.0006534768,0.97300856,0.99436292,0.021354362,0.57393213,0.22711304,4.4561714,1.0120547,False,0.94835073,True,True,True,0.57393213,0.22711304,4.4561714,1.0120547,0.56719949,0.22716339,4.4154555,1.0030298,0.94187066,0.22437879,0.60101325,0.13485463,0.50078409,0.29717927,1.2046892,0.35800866,0.4135047,0.2130084,2.2384993,0.47681917,0.45686559,0.22059261,2.1939274,0.48396418,0.66889601,0.2354277,1.9907419,0.46867578,0.81471051,0.21491842,2.0634245,0.44346795
0b_baseline_last,file,19,baseline,984,018.Spotted_Catbird/Spotted_Catbird_0013_19428.jpg,18,17,018.Spotted_Catbird,67,66,rotation,rotation,0,"{""angle"":14.697701}",0.022557802,0.039912652,0.01735485,0.97769475,0.96087337,0.0046861921,0.0090768347,0.97300856,0.95179653,-0.021212027,0.7703824,1.6696953,4.4561714,7.4404485,False,0.96721309,True,True,True,0.7703824,1.6696953,4.4561714,7.4404485,0.76695533,1.6709467,4.4154555,7.3779908,0.96417024,1.6007016,0.60101325,0.96204287,0.86145597,1.8288485,1.2046892,2.203194,0.76160656,1.5913961,2.2384993,3.562339,0.74063076,1.6372015,2.1939274,3.5919013,0.71605625,1.6779739,1.9907419,3.340413,0.81549543,1.7359212,2.0634245,3.5819423
0b_baseline_last,file,19,baseline,984,018.Spotted_Catbird/Spotted_Catbird_0013_19428.jpg,18,17,018.Spotted_Catbird,67,66,random_resized_crop,random_resized_crop,0,"{""area_fraction"":0.789653,""aspect"":1.117926,""fallback"":false,""height"":0.840449,""left"":0.009471,""top"":0.107469,""width"":0.93956}",0.022557802,0.011249685,-0.011308118,0.97769475,0.98881334,0.0046861921,0.001883738,0.97300856,0.9869296,0.013921045,0.78203385,0.4746752,4.4561714,2.1152341,False,0.96256661,True,True,True,0.78203385,0.4746752,4.4561714,2.1152341,0.77849532,0.47377276,4.4154555,2.0919225,0.95915838,0.5210695,0.60101325,0.31316967,0.76333792,0.48812206,1.2046892,0.58803536,0.78337165,0.45857426,2.2384993,1.0265182,0.76203892,0.4825865,2.1939274,1.0587597,0.76183205,0.500396,1.9907419,0.99615928,0.81841928,0.45029238,2.0634245,0.92914435
0b_baseline_last,file,19,baseline,984,018.Spotted_Catbird/Spotted_Catbird_0013_19428.jpg,18,17,018.Spotted_Catbird,67,66,gaussian_blur,gaussian_blur,0,"{""sigma"":1.044385}",0.022557802,0.096347868,0.073790066,0.97769475,0.90814805,0.0046861921,0.02302595,0.97300856,0.8851221,-0.087886458,0.75556889,4.5506021,4.4561714,20.278263,False,0.95521992,True,True,True,0.75556889,4.5506021,4.4561714,20.278263,0.75273105,4.5631708,4.4154555,20.148477,0.95105187,3.8112173,0.60101325,2.2905921,0.71939211,6.0822273,1.2046892,7.3271935,0.72636043,4.4884567,2.2384993,10.047407,0.73958007,4.5942493,2.1939274,10.079449,0.77582032,4.6872031,1.9907419,9.3310117,0.82735011,3.8362445,2.0634245,7.915801
0b_baseline_last,file,19,baseline,984,018.Spotted_Catbird/Spotted_Catbird_0013_19428.jpg,18,17,018.Spotted_Catbird,67,66,random_erasing,random_erasing,0,"{""area_fraction"":0.135519,""erased"":true,""height"":0.380383,""left"":0.238558,""top"":0.14462,""width"":0.356269}",0.022557802,0.13590705,0.11334925,0.97769475,0.87292379,0.0046861921,0.029097568,0.97300856,0.84382622,-0.12918233,0.58445579,4.8021922,4.4561714,21.399392,False,0.91227692,True,True,True,0.58445579,4.8021922,4.4561714,21.399392,0.57758995,4.7844942,4.4154555,21.125721,0.90518842,5.6761378,0.60101325,3.411434,0.43281073,3.4706193,1.2046892,4.1810175,0.52423253,3.9267382,2.2384993,8.7900009,0.55152565,5.2279642,2.1939274,11.469774,0.60978801,5.616757,1.9907419,11.181513,0.69275704,4.7228328,2.0634245,9.7452091
0b_baseline_last,file,19,baseline,10060,171.Myrtle_Warbler/Myrtle_Warbler_0037_166690.jpg,171,170,171.Myrtle_Warbler,162,161,identity,identity,0,{},0.39768976,0.39768976,0,0.67187041,0.67187041,0.084890597,0.084890597,0.58697981,0.58697981,0,1,1,53.259218,53.259218,False,1,True,True,True,1,1,53.259218,53.259218,1,1,52.269233,52.269233,1,1,10.221135,10.221135,1,1,13.951884,13.951884,1,1,23.453899,23.453899,1,1,26.099415,26.099415,1,1,25.232169,25.232169,1,1,25.874514,25.874514
0b_baseline_last,file,19,baseline,10060,171.Myrtle_Warbler/Myrtle_Warbler_0037_166690.jpg,171,170,171.Myrtle_Warbler,162,161,horizontal_flip,horizontal_flip,0,"{""flipped"":true}",0.39768976,0.32478726,-0.072902501,0.67187041,0.72268105,0.084890597,0.023835862,0.58697981,0.69884518,0.11186537,0.72418966,0.72848855,53.259218,38.79873,False,0.97266757,True,True,True,0.72418966,0.72848855,53.259218,38.79873,0.71496902,0.72702158,52.269233,38.00086,0.95403777,0.76585475,10.221135,7.8279049,0.84115286,0.72459532,13.951884,10.10947,0.7370958,0.69758358,23.453899,16.361055,0.68608222,0.70863033,26.099415,18.494837,0.65595126,0.74398618,25.232169,18.772385,0.747243,0.75311042,25.874514,19.486366
0b_baseline_last,file,19,baseline,10060,171.Myrtle_Warbler/Myrtle_Warbler_0037_166690.jpg,171,170,171.Myrtle_Warbler,162,161,color_jitter,color_jitter,0,"{""brightness"":1.017565,""contrast"":0.946623,""hue"":0.053503,""saturation"":0.711178}",0.39768976,1.8831234,1.4854336,0.67187041,0.15211426,0.084890597,0.48982203,0.58697981,-0.33770777,-0.92468759,0.69520041,3.2806784,53.259218,174.72636,False,0.91399014,False,True,False,0.69520041,3.2806784,53.259218,174.72636,0.6898316,3.2948123,52.269233,172.21731,0.86134961,2.8865926,10.221135,29.504253,0.86878059,4.1829644,13.951884,58.360233,0.68097904,3.7934318,23.453899,88.970766,0.65304897,3.1725015,26.099415,82.800433,0.66814518,3.0608163,25.232169,77.231035,0.71181072,2.8705249,25.874514,74.273435
0b_baseline_last,file,19,baseline,10060,171.Myrtle_Warbler/Myrtle_Warbler_0037_166690.jpg,171,170,171.Myrtle_Warbler,162,161,rotation,rotation,0,"{""angle"":8.435712}",0.39768976,0.30523396,-0.092455804,0.67187041,0.73695093,0.084890597,0.034545984,0.58697981,0.70240495,0.11542514,0.77176238,0.79338204,53.259218,42.254907,False,0.96929097,True,True,True,0.77176238,0.79338204,53.259218,42.254907,0.76519346,0.79457483,52.269233,41.531817,0.9516755,0.76152598,10.221135,7.78366,0.71555883,0.8272018,13.951884,11.541023,0.79047746,0.79886941,23.453899,18.736602,0.73522468,0.78862422,26.099415,20.582631,0.73734355,0.80661176,25.232169,20.352564,0.8182648,0.77562812,25.874514,20.069
0b_baseline_last,file,19,baseline,10060,171.Myrtle_Warbler/Myrtle_Warbler_0037_166690.jpg,171,170,171.Myrtle_Warbler,162,161,random_resized_crop,random_resized_crop,0,"{""area_fraction"":0.654372,""aspect"":1.288789,""fallback"":false,""height"":0.71256,""left"":0.072134,""top"":0.16326,""width"":0.91834}",0.39768976,0.08185444,-0.31583532,0.67187041,0.92140609,0.084890597,0.0018052016,0.58697981,0.91960089,0.33262107,0.53028326,0.2386257,53.259218,12.709018,False,0.95044684,True,True,True,0.53028326,0.2386257,53.259218,12.709018,0.51681945,0.23938761,52.269233,12.512607,0.91965608,0.21775634,10.221135,2.2257169,0.3974344,0.26185207,13.951884,3.6533296,0.25179737,0.22869363,23.453899,5.3637573,0.53158838,0.25823212,26.099415,6.7397071,0.57673167,0.23436563,25.232169,5.9135532,0.70542703,0.22553676,25.874514,5.8356539
0b_baseline_last,file,19,baseline,10060,171.Myrtle_Warbler/Myrtle_Warbler_0037_166690.jpg,171,170,171.Myrtle_Warbler,162,161,gaussian_blur,gaussian_blur,0,"{""sigma"":1.694767}",0.39768976,3.3611107,2.9634209,0.67187041,0.034696698,0.084890597,0.27648076,0.58697981,-0.24178407,-0.82876388,0.51515254,2.9161841,53.259218,155.31369,False,0.87536299,False,True,False,0.51515254,2.9161841,53.259218,155.31369,0.50412355,2.9263125,52.269233,152.95611,0.83784297,2.6375427,10.221135,26.958681,0.19679302,2.7490265,13.951884,38.354099,0.55235533,2.7868369,23.453899,65.36219,0.53445458,3.0167176,26.099415,78.734563,0.45222702,3.0993016,25.232169,78.202101,0.57541639,2.8235894,25.874514,73.059002
0b_baseline_last,file,19,baseline,10060,171.Myrtle_Warbler/Myrtle_Warbler_0037_166690.jpg,171,170,171.Myrtle_Warbler,162,161,random_erasing,random_erasing,0,"{""area_fraction"":0.088983,""erased"":true,""height"":0.419517,""left"":0.145771,""top"":0.099155,""width"":0.212109}",0.39768976,0.71706796,0.3193782,0.67187041,0.48818153,0.084890597,0.092366546,0.58697981,0.39581499,-0.19116483,0.91683525,1.5355127,53.259218,81.780205,False,0.9815501,True,True,True,0.91683525,1.5355127,53.259218,81.780205,0.91458264,1.5367192,52.269233,80.323135,0.97725072,1.5036169,10.221135,15.368671,0.95725848,1.5028912,13.951884,20.968163,0.9355032,1.5627275,23.453899,36.652053,0.91757791,1.5030676,26.099415,39.229186,0.89018248,1.5715096,25.232169,39.652595,0.90629736,1.5252586,25.874514,39.465324
0b_baseline_last,file,19,baseline,8280,141.Artic_Tern/Artic_Tern_0052_143244.jpg,141,140,141.Artic_Tern,144,143,identity,identity,0,{},2.3710747,2.3710747,0,0.09338031,0.09338031,0.51345134,0.51345134,-0.42007103,-0.42007103,0,1,1,132.45778,132.45778,False,1.0000002,True,False,False,1,1,132.45778,132.45778,1,1,128.25673,128.25673,1,1,33.094962,33.094962,1,1,29.144259,29.144259,1,1,51.847829,51.847829,1,1,64.436957,64.436957,1,1,63.333351,63.333351,1,1,68.912757,68.912757
0b_baseline_last,file,19,baseline,8280,141.Artic_Tern/Artic_Tern_0052_143244.jpg,141,140,141.Artic_Tern,144,143,horizontal_flip,horizontal_flip,0,"{""flipped"":true}",2.3710747,2.1592245,-0.21185017,0.09338031,0.11541458,0.51345134,0.67617011,-0.42007103,-0.56075553,-0.1406845,0.69883706,1.061442,132.45778,140.59625,False,0.97204041,True,False,False,0.69883706,1.061442,132.45778,140.59625,0.68149501,1.0599524,128.25673,135.94603,0.95377723,1.0835672,33.094962,35.860615,0.70360053,1.1732237,29.144259,34.192736,0.60808276,1.0425824,51.847829,54.055634,0.68858722,1.0733761,64.436957,69.16509,0.63416419,1.031206,63.333351,65.309732,0.75157783,1.0605021,68.912757,73.082124
0b_baseline_last,file,19,baseline,8280,141.Artic_Tern/Artic_Tern_0052_143244.jpg,141,140,141.Artic_Tern,144,143,color_jitter,color_jitter,0,"{""brightness"":0.863991,""contrast"":1.344464,""hue"":0.001178,""saturation"":1.189461}",2.3710747,2.2995694,-0.071505308,0.09338031,0.10030203,0.51345134,0.61975288,-0.42007103,-0.51945086,-0.09937983,0.8924842,0.92553698,132.45778,122.59458,False,0.98587829,True,False,False,0.8924842,0.92553698,132.45778,122.59458,0.88682975,0.9196806,128.25673,117.95522,0.97346462,1.0094141,33.094962,33.406521,0.84027732,0.83373734,29.144259,24.298657,0.86945359,0.88933504,51.847829,46.110091,0.89179234,0.88692362,64.436957,57.15066,0.8796658,0.9205811,63.333351,58.303486,0.90763862,0.97682189,68.912757,67.31549
0b_baseline_last,file,19,baseline,8280,141.Artic_Tern/Artic_Tern_0052_143244.jpg,141,140,141.Artic_Tern,144,143,rotation,rotation,0,"{""angle"":-4.46107}",2.3710747,2.653002,0.28192735,0.09338031,0.070439436,0.51345134,0.49639794,-0.42007103,-0.42595851,-0.0058874786,0.83114734,1.0581331,132.45778,140.15797,False,0.98198879,True,False,False,0.83114734,1.0581331,132.45778,140.15797,0.82126077,1.0584413,128.25673,135.75222,0.98033803,1.0534939,33.094962,34.86534,0.86086183,1.0558782,29.144259,30.772788,0.77891541,1.0211252,51.847829,52.943127,0.80899522,0.99497154,64.436957,64.112939,0.79209316,1.0901664,63.333351,69.043893,0.8731743,1.1052467,68.912757,76.165594
0b_baseline_last,file,19,baseline,8280,141.Artic_Tern/Artic_Tern_0052_143244.jpg,141,140,141.Artic_Tern,144,143,random_resized_crop,random_resized_crop,0,"{""area_fraction"":0.844602,""aspect"":1.148058,""fallback"":false,""height"":0.857717,""left"":0.010646,""top"":0.114432,""width"":0.984709}",2.3710747,2.7360511,0.36497641,0.09338031,0.064825833,0.51345134,0.46142101,-0.42007103,-0.39659518,0.023475848,0.82407981,1.1422886,132.45778,151.30502,False,0.97947168,True,False,False,0.82407981,1.1422886,132.45778,151.30502,0.81547826,1.1480783,128.25673,147.24877,0.96812971,1.051506,33.094962,34.799551,0.79255085,1.1920638,29.144259,34.741816,0.79197378,1.2425721,51.847829,64.424665,0.81561599,1.1082025,64.436957,71.409195,0.80470648,1.1692324,63.333351,74.051407,0.84758766,1.0995724,68.912757,75.774565
0b_baseline_last,file,19,baseline,8280,141.Artic_Tern/Artic_Tern_0052_143244.jpg,141,140,141.Artic_Tern,144,143,gaussian_blur,gaussian_blur,0,"{""sigma"":1.945791}",2.3710747,1.6026963,-0.76837838,0.09338031,0.20135286,0.51345134,0.18678711,-0.42007103,0.014565751,0.43463678,0.63820504,1.105781,132.45778,146.4693,False,0.92743659,False,False,False,0.63820504,1.105781,132.45778,146.4693,0.62821131,1.120508,128.25673,143.71269,0.85740723,0.85459596,33.094962,28.282821,0.53187601,0.83138882,29.144259,24.230211,0.57021836,1.2005618,51.847829,62.24652,0.67423265,1.1072026,64.436957,71.344767,0.6067383,1.2367241,63.333351,78.325884,0.67001318,1.0226554,68.912757,70.474004
0b_baseline_last,file,19,baseline,8280,141.Artic_Tern/Artic_Tern_0052_143244.jpg,141,140,141.Artic_Tern,144,143,random_erasing,random_erasing,0,"{""area_fraction"":0.126353,""erased"":true,""height"":0.259809,""left"":0.21206,""top"":0.254798,""width"":0.486328}",2.3710747,2.2637477,-0.10732698,0.09338031,0.10396014,0.51345134,0.47504216,-0.42007103,-0.37108202,0.048989005,0.76463673,0.97780552,132.45778,129.51795,False,0.94149208,True,False,False,0.76463673,0.97780552,132.45778,129.51795,0.75442031,0.97737647,128.25673,125.35511,0.91702497,0.98422689,33.094962,32.572952,0.80681223,1.0617011,29.144259,30.942493,0.81016493,1.0076203,51.847829,52.242923,0.74897822,0.99922349,64.436957,64.386921,0.69879083,0.94902994,63.333351,60.105247,0.76396165,0.94810097,68.912757,65.336252
0b_baseline_last,file,19,baseline,7704,132.White_crowned_Sparrow/White_Crowned_Sparrow_0021_127092.jpg,132,131,132.White_crowned_Sparrow,119,118,identity,identity,0,{},3.5666268,3.5666268,0,0.028250992,0.028250992,0.57243067,0.57243067,-0.54417968,-0.54417968,0,1,1,164.28452,164.28452,False,1.0000001,True,False,False,1,1,164.28452,164.28452,1,1,162.25867,162.25867,1,1,25.720165,25.720165,1,1,27.680743,27.680743,1,1,68.081709,68.081709,1,1,90.314512,90.314512,1,1,83.8896,83.8896,1,1,75.712343,75.712343
0b_baseline_last,file,19,baseline,7704,132.White_crowned_Sparrow/White_Crowned_Sparrow_0021_127092.jpg,132,131,132.White_crowned_Sparrow,119,118,horizontal_flip,horizontal_flip,0,"{""flipped"":true}",3.5666268,6.2965107,2.7298839,0.028250992,0.0018427233,0.57243067,0.90646428,-0.54417968,-0.90462156,-0.36044188,0.51788599,1.1589157,164.28452,190.39191,False,0.92356634,True,False,False,0.51788599,1.1589157,164.28452,190.39191,0.50655872,1.1528253,162.25867,187.0559,0.90271027,1.3796476,25.720165,35.484765,0.13992781,1.1036057,27.680743,30.548625,0.43344139,1.200114,68.081709,81.705813,0.46407951,1.0893887,90.314512,98.387613,0.52811715,1.1172284,83.8896,93.723841,0.63912838,1.247189,75.712343,94.427601
0b_baseline_last,file,19,baseline,7704,132.White_crowned_Sparrow/White_Crowned_Sparrow_0021_127092.jpg,132,131,132.White_crowned_Sparrow,119,118,color_jitter,color_jitter,0,"{""brightness"":1.049829,""contrast"":1.097562,""hue"":0.039454,""saturation"":0.644303}",3.5666268,4.0737066,0.50707984,0.028250992,0.017014209,0.57243067,0.040863454,-0.54417968,-0.023849245,0.52033043,0.56825546,0.87195729,164.28452,143.24909,False,0.92923462,False,False,False,0.56825546,0.87195729,164.28452,143.24909,0.56227714,0.87183065,162.25867,141.46209,0.80479608,0.87698253,25.720165,22.556135,0.52822815,1.1875616,27.680743,32.872588,0.34054348,1.0498466,68.081709,71.475348,0.62419025,0.7977457,90.314512,72.048013,0.64537876,0.82410525,83.8896,69.13386,0.63075524,0.81971748,75.712343,62.062731
0b_baseline_last,file,19,baseline,7704,132.White_crowned_Sparrow/White_Crowned_Sparrow_0021_127092.jpg,132,131,132.White_crowned_Sparrow,119,118,rotation,rotation,0,"{""angle"":8.766807}",3.5666268,3.8974061,0.33077931,0.028250992,0.020294484,0.57243067,0.44697297,-0.54417968,-0.42667848,0.1175012,0.74273481,1.0914384,164.28452,179.30644,False,0.94109851,True,False,False,0.74273481,1.0914384,164.28452,179.30644,0.73871436,1.0942845,162.25867,177.55716,0.9281394,0.97142112,25.720165,24.985111,0.72511591,1.2076475,27.680743,33.428579,0.75133822,1.2818126,68.081709,87.267991,0.73247349,1.0642082,90.314512,96.113444,0.73284394,1.0441939,83.8896,87.597007,0.75842716,1.0129977,75.712343,76.69643
0b_baseline_last,file,19,baseline,7704,132.White_crowned_Sparrow/White_Crowned_Sparrow_0021_127092.jpg,132,131,132.White_crowned_Sparrow,119,118,random_resized_crop,random_resized_crop,0,"{""area_fraction"":0.770652,""aspect"":1.017924,""fallback"":false,""height"":0.870105,""left"":0.010887,""top"":0.090291,""width"":0.8857}",3.5666268,3.1122155,-0.45441127,0.028250992,0.044502251,0.57243067,0.26077598,-0.54417968,-0.21627373,0.32790595,0.69985222,0.97193609,164.28452,159.67406,False,0.92953634,True,False,False,0.69985222,0.97193609,164.28452,159.67406,0.69593116,0.97526959,162.25867,158.24595,0.8927016,0.82844786,25.720165,21.307816,0.45128754,1.3177873,27.680743,36.47733,0.70196256,1.2005355,68.081709,81.734507,0.76123352,0.96588581,90.314512,87.233505,0.69835661,0.87204547,83.8896,73.155545,0.66759152,0.84253866,75.712343,63.790577
0b_baseline_last,file,19,baseline,7704,132.White_crowned_Sparrow/White_Crowned_Sparrow_0021_127092.jpg,132,131,132.White_crowned_Sparrow,119,118,gaussian_blur,gaussian_blur,0,"{""sigma"":1.883853}",3.5666268,5.2519069,1.6852801,0.028250992,0.0052375216,0.57243067,0.57814819,-0.54417968,-0.57291066,-0.028730987,0.52486869,1.1219072,164.28452,184.31199,False,0.8531965,True,False,False,0.52486869,1.1219072,164.28452,184.31199,0.51650219,1.1199089,162.25867,181.71494,0.83713123,1.1987347,25.720165,30.831653,0.33632718,1.3273655,27.680743,36.742463,0.45137671,1.3641937,68.081709,92.876638,0.53381574,1.0837729,90.314512,97.880422,0.55325571,1.0354908,83.8896,86.866907,0.56351796,1.0160466,75.712343,76.927272
0b_baseline_last,file,19,baseline,7704,132.White_crowned_Sparrow/White_Crowned_Sparrow_0021_127092.jpg,132,131,132.White_crowned_Sparrow,119,118,random_erasing,random_erasing,0,"{""area_fraction"":0.181757,""erased"":true,""height"":0.354866,""left"":0.257979,""top"":0.546445,""width"":0.512184}",3.5666268,4.6017747,1.0351479,0.028250992,0.010034014,0.57243067,0.52874714,-0.54417968,-0.51871313,0.025466551,0.74736253,0.84982567,164.28452,139.61321,False,0.86615109,True,False,False,0.74736253,0.84982567,164.28452,139.61321,0.74425323,0.84564396,162.25867,137.21307,0.86226981,1.002185,25.720165,25.776364,0.5605734,0.84469209,27.680743,23.381704,0.68165484,1.0165303,68.081709,69.207122,0.79029082,0.77171514,90.314512,69.697076,0.79407221,0.83076592,83.8896,69.692621,0.72610321,0.81165146,75.712343,61.452034
0b_baseline_last,file,19,baseline,2932,051.Horned_Grebe/Horned_Grebe_0066_34738.jpg,51,50,051.Horned_Grebe,50,49,identity,identity,0,{},0.038905755,0.038905755,0,0.96184134,0.96184134,0.031097556,0.031097556,0.93074379,0.93074379,0,1,1,7.8919614,7.8919614,False,0.99999994,True,True,True,1,1,7.8919614,7.8919614,1,1,7.7840125,7.7840125,1,1,1.3008475,1.3008475,1,1,1.1976089,1.1976089,1,1,2.982678,2.982678,1,1,4.5178961,4.5178961,1,1,4.1522863,4.1522863,1,1,3.5506829,3.5506829
0b_baseline_last,file,19,baseline,2932,051.Horned_Grebe/Horned_Grebe_0066_34738.jpg,51,50,051.Horned_Grebe,50,49,horizontal_flip,horizontal_flip,0,"{""flipped"":true}",0.038905755,0.31756303,0.27865727,0.96184134,0.72792077,0.031097556,0.23803252,0.93074379,0.48988825,-0.44085554,0.70512144,7.9980847,7.8919614,63.120576,False,0.9643237,True,True,True,0.70512144,7.9980847,7.8919614,63.120576,0.69838787,8.0111478,7.7840125,62.358874,0.96352933,7.515402,1.3008475,9.7763919,0.63614323,8.8465442,1.1976089,10.5947,0.56198713,8.4092551,2.982678,25.0821,0.74199203,8.1578015,4.5178961,36.856099,0.69263451,7.9060172,4.1522863,32.828047,0.74895052,7.5108519,3.5506829,26.668653
0b_baseline_last,file,19,baseline,2932,051.Horned_Grebe/Horned_Grebe_0066_34738.jpg,51,50,051.Horned_Grebe,50,49,color_jitter,color_jitter,0,"{""brightness"":0.637344,""contrast"":0.871301,""hue"":0.017751,""saturation"":1.125079}",0.038905755,0.43843979,0.39953403,0.96184134,0.64504206,0.031097556,0.28845575,0.93074379,0.35658631,-0.57415748,0.85184222,9.81789,7.8919614,77.482409,False,0.96029317,True,True,True,0.85184222,9.81789,7.8919614,77.482409,0.8490521,9.8336027,7.7840125,76.544886,0.95981199,9.2376899,1.3008475,12.016826,0.66782742,16.116915,1.1976089,19.301761,0.82473269,10.925567,2.982678,32.587448,0.88597116,10.049599,4.5178961,45.403045,0.86707882,8.8001577,4.1522863,36.540775,0.85199506,9.0297389,3.5506829,32.06174
0b_baseline_last,file,19,baseline,2932,051.Horned_Grebe/Horned_Grebe_0066_34738.jpg,51,50,051.Horned_Grebe,50,49,rotation,rotation,0,"{""angle"":-14.790007}",0.038905755,0.075431272,0.036525518,0.96184134,0.92734349,0.031097556,0.046528012,0.93074379,0.88081548,-0.049928313,0.65844824,1.7143819,7.8919614,13.529836,False,0.95788038,True,True,True,0.65844824,1.7143819,7.8919614,13.529836,0.65058988,1.7155804,7.7840125,13.354099,0.94757006,1.6709044,1.3008475,2.1735918,0.36492282,1.9382508,1.1976089,2.3212664,0.46813286,1.6527333,2.982678,4.9295713,0.63751655,1.6094238,4.5178961,7.2712095,0.69282003,1.7500868,4.1522863,7.2668614,0.76833664,1.8460641,3.5506829,6.5547883
0b_baseline_last,file,19,baseline,2932,051.Horned_Grebe/Horned_Grebe_0066_34738.jpg,51,50,051.Horned_Grebe,50,49,random_resized_crop,random_resized_crop,0,"{""area_fraction"":0.858537,""aspect"":1.120545,""fallback"":false,""height"":0.875316,""left"":0.012434,""top"":0.106847,""width"":0.980831}",0.038905755,0.017806668,-0.021099087,0.96184134,0.98235095,0.031097556,0.015141581,0.93074379,0.96720936,0.036465575,0.82668664,0.43865959,7.8919614,3.4618846,False,0.98501313,True,True,True,0.82668664,0.43865959,7.8919614,3.4618846,0.82184244,0.43614577,7.7840125,3.3949641,0.98456092,0.52073346,1.3008475,0.67739482,0.60996722,0.45004293,1.1976089,0.53897543,0.74843645,0.41690879,2.982678,1.2435047,0.86172773,0.41692613,4.5178961,1.8836289,0.83483911,0.44525609,4.1522863,1.8488308,0.82036382,0.46472064,3.5506829,1.6500756
0b_baseline_last,file,19,baseline,2932,051.Horned_Grebe/Horned_Grebe_0066_34738.jpg,51,50,051.Horned_Grebe,50,49,gaussian_blur,gaussian_blur,0,"{""sigma"":1.199319}",0.038905755,1.556044,1.5171382,0.96184134,0.21096903,0.031097556,0.77700782,0.93074379,-0.56603879,-1.4967826,0.75403207,28.391861,7.8919614,224.06747,False,0.92058074,False,True,False,0.75403207,28.391861,7.8919614,224.06747,0.75016339,28.474511,7.7840125,221.64595,0.91551545,25.254928,1.3008475,32.85281,0.51166861,35.221694,1.1976089,42.181815,0.66165988,28.686311,2.982678,85.562028,0.78521757,29.16917,4.5178961,131.78328,0.77653034,28.888799,4.1522863,119.95457,0.75953022,25.613129,3.5506829,90.944099
0b_baseline_last,file,19,baseline,2932,051.Horned_Grebe/Horned_Grebe_0066_34738.jpg,51,50,051.Horned_Grebe,50,49,random_erasing,random_erasing,0,"{""area_fraction"":0.156896,""erased"":true,""height"":0.33804,""left"":0.335304,""top"":0.048207,""width"":0.464135}",0.038905755,0.24999462,0.21108887,0.96184134,0.77880496,0.031097556,0.11720909,0.93074379,0.66159587,-0.26914792,0.82199278,4.6356067,7.8919614,36.584029,False,0.96050477,True,True,True,0.82199278,4.6356067,7.8919614,36.584029,0.81891721,4.6395218,7.7840125,36.114096,0.93611395,4.4931757,1.3008475,5.8449364,0.75194152,4.3979958,1.1976089,5.2670791,0.76062378,4.4319975,2.982678,13.219221,0.82244526,4.3468501,4.5178961,19.638617,0.84217702,4.7406981,4.1522863,19.684736,0.83381683,5.1051045,3.5506829,18.126607
0b_baseline_last,file,19,baseline,9308,159.Black_and_white_Warbler/Black_And_White_Warbler_0080_160375.jpg,159,158,159.Black_and_white_Warbler,114,113,identity,identity,0,{},0.0043922621,0.0043922621,0,0.99561739,0.99561739,0.00087391847,0.00087391847,0.99474347,0.99474347,0,1,1,0.80495883,0.80495883,False,1,True,True,True,1,1,0.80495883,0.80495883,1,1,0.79302213,0.79302213,1,1,0.13811086,0.13811086,1,1,0.12800355,0.12800355,1,1,0.35886622,0.35886622,1,1,0.43303343,0.43303343,1,1,0.37596187,0.37596187,1,1,0.39350852,0.39350852
0b_baseline_last,file,19,baseline,9308,159.Black_and_white_Warbler/Black_And_White_Warbler_0080_160375.jpg,159,158,159.Black_and_white_Warbler,114,113,horizontal_flip,horizontal_flip,0,"{""flipped"":true}",0.0043922621,0.034608465,0.030216203,0.99561739,0.96598357,0.00087391847,0.012170218,0.99474347,0.95381335,-0.04093012,0.67906419,6.8182378,0.80495883,5.4884007,False,0.96891987,True,True,True,0.67906419,6.8182378,0.80495883,5.4884007,0.67033491,6.8077378,0.79302213,5.3986867,0.95368549,7.1557982,0.13811086,0.98829346,0.43062826,7.6805484,0.12800355,0.98313748,0.67194824,6.0071919,0.35886622,2.1557782,0.63705288,6.3179071,0.43303343,2.7358649,0.63425485,7.1809558,0.37596187,2.6997656,0.77054968,7.5206087,0.39350852,2.9594236
0b_baseline_last,file,19,baseline,9308,159.Black_and_white_Warbler/Black_And_White_Warbler_0080_160375.jpg,159,158,159.Black_and_white_Warbler,114,113,color_jitter,color_jitter,0,"{""brightness"":0.953528,""contrast"":1.124128,""hue"":-0.097532,""saturation"":1.333691}",0.0043922621,0.44181284,0.43742058,0.99561739,0.64286995,0.00087391847,0.029263241,0.99474347,0.61360671,-0.38113676,0.72266881,80.533639,0.80495883,64.826264,False,0.91065097,True,True,True,0.72266881,80.533639,0.80495883,64.826264,0.71927768,81.003997,0.79302213,64.237963,0.88836695,63.092094,0.13811086,8.7137034,0.61792021,86.313959,0.12800355,11.048493,0.76568003,96.890797,0.35886622,34.770834,0.73505161,80.396011,0.43303343,34.81416,0.64969692,74.201187,0.37596187,27.896817,0.74492716,72.109371,0.39350852,28.375652
0b_baseline_last,file,19,baseline,9308,159.Black_and_white_Warbler/Black_And_White_Warbler_0080_160375.jpg,159,158,159.Black_and_white_Warbler,114,113,rotation,rotation,0,"{""angle"":-0.698883}",0.0043922621,0.0036600523,-0.00073220977,0.99561739,0.99634665,0.00087391847,0.0004139315,0.99474347,0.99593272,0.0011892498,0.90143507,0.83328517,0.80495883,0.67076025,False,0.99367279,True,True,True,0.90143507,0.83328517,0.80495883,0.67076025,0.89879937,0.83351436,0.79302213,0.66099534,0.98919555,0.82569317,0.13811086,0.11403719,0.83792849,0.85744024,0.12800355,0.1097554,0.91659914,0.83848616,0.35886622,0.30090436,0.87476157,0.83654243,0.43303343,0.36225084,0.88569658,0.82497644,0.37596187,0.31015968,0.93179749,0.83087491,0.39350852,0.32695636
0b_baseline_last,file,19,baseline,9308,159.Black_and_white_Warbler/Black_And_White_Warbler_0080_160375.jpg,159,158,159.Black_and_white_Warbler,114,113,random_resized_crop,random_resized_crop,0,"{""area_fraction"":0.656495,""aspect"":0.901019,""fallback"":false,""height"":0.853589,""left"":0.12425,""top"":0.050497,""width"":0.7691}",0.0043922621,0.001680154,-0.0027121081,0.99561739,0.99832124,0.00087391847,9.5255462e-05,0.99474347,0.99822598,0.0034825085,0.72128216,0.35936612,0.80495883,0.28927493,False,0.96878493,True,True,True,0.72128216,0.35936612,0.80495883,0.28927493,0.71398126,0.35872874,0.79302213,0.28447983,0.94978369,0.37978202,0.13811086,0.052452021,0.57275653,0.38293977,0.12800355,0.04901765,0.77612195,0.31835733,0.35886622,0.11424769,0.68389163,0.34063196,0.43303343,0.14750503,0.64075623,0.35881581,0.37596187,0.13490106,0.78711527,0.40594269,0.39350852,0.15974191
0b_baseline_last,file,19,baseline,9308,159.Black_and_white_Warbler/Black_And_White_Warbler_0080_160375.jpg,159,158,159.Black_and_white_Warbler,114,113,gaussian_blur,gaussian_blur,0,"{""sigma"":1.426273}",0.0043922621,0.029586319,0.025194057,0.99561739,0.97084707,0.00087391847,0.00084504124,0.99474347,0.97000203,-0.024741442,0.61806713,6.8212554,0.80495883,5.4908297,False,0.92322958,True,True,True,0.61806713,6.8212554,0.80495883,5.4908297,0.61155203,6.8535604,0.79302213,5.4350251,0.88965158,5.6537303,0.13811086,0.78084156,0.43800108,8.4564125,0.12800355,1.0824508,0.54918096,5.8491679,0.35886622,2.0990688,0.5876443,7.0939662,0.43303343,3.0719245,0.60982919,7.4195009,0.37596187,2.7894494,0.72434517,6.5993832,0.39350852,2.5969135
0b_baseline_last,file,19,baseline,9308,159.Black_and_white_Warbler/Black_And_White_Warbler_0080_160375.jpg,159,158,159.Black_and_white_Warbler,114,113,random_erasing,random_erasing,0,"{""area_fraction"":0.171709,""erased"":true,""height"":0.335602,""left"":0.358709,""top"":0.421059,""width"":0.511644}",0.0043922621,0.073025733,0.068633471,0.99561739,0.92957693,0.00087391847,0.00061357749,0.99474347,0.92896336,-0.065780115,0.48395669,14.09856,0.80495883,11.34876,False,0.87700826,True,True,True,0.48395669,14.09856,0.80495883,11.34876,0.47278652,14.071813,0.79302213,11.159259,0.83138288,14.953621,0.13811086,2.0652575,0.36331333,16.03571,0.12800355,2.0526279,0.50440563,12.958996,0.35886622,4.6505458,0.3951129,14.37217,0.43303343,6.2236302,0.40033601,14.275049,0.37596187,5.3668739,0.62562009,14.183517,0.39350852,5.581335
0b_baseline_last,file,19,baseline,3289,057.Rose_breasted_Grosbeak/Rose_Breasted_Grosbeak_0062_39234.jpg,57,56,057.Rose_breasted_Grosbeak,80,79,identity,identity,0,{},0.15948996,0.15948996,0,0.85257852,0.85257852,0.014559916,0.014559916,0.8380186,0.8380186,0,1,1,25.626201,25.626201,False,1,True,True,True,1,1,25.626201,25.626201,1,1,25.338304,25.338304,1,1,3.8304742,3.8304742,1,1,5.3091446,5.3091446,1,1,11.481048,11.481048,1,1,13.599496,13.599496,1,1,12.010406,12.010406,1,1,12.362524,12.362524
0b_baseline_last,file,19,baseline,3289,057.Rose_breasted_Grosbeak/Rose_Breasted_Grosbeak_0062_39234.jpg,57,56,057.Rose_breasted_Grosbeak,80,79,horizontal_flip,horizontal_flip,0,"{""flipped"":true}",0.15948996,0.33819467,0.17870471,0.85257852,0.71305645,0.014559916,0.013801387,0.8380186,0.69925506,-0.13876355,0.73095354,1.7879979,25.626201,45.819594,False,0.97015625,True,True,True,0.73095354,1.7879979,25.626201,45.819594,0.72520103,1.784926,25.338304,45.226999,0.9670863,1.9176016,3.8304742,7.3453236,0.75521181,1.6190214,5.3091446,8.595619,0.72417801,1.724041,11.481048,19.793798,0.69314251,1.718937,13.599496,23.376678,0.69048402,1.8275147,12.010406,21.949194,0.79095018,1.8997289,12.362524,23.485445
0b_baseline_last,file,19,baseline,3289,057.Rose_breasted_Grosbeak/Rose_Breasted_Grosbeak_0062_39234.jpg,57,56,057.Rose_breasted_Grosbeak,80,79,color_jitter,color_jitter,0,"{""brightness"":1.088985,""contrast"":0.877263,""hue"":-0.094176,""saturation"":1.258627}",0.15948996,3.8555136,3.6960236,0.85257852,0.021162733,0.014559916,0.0040609939,0.8380186,0.01710174,-0.82091687,0.48834627,6.4969493,25.626201,166.49213,False,0.82011342,False,True,False,0.48834627,6.4969493,25.626201,166.49213,0.48045954,6.4723852,25.338304,163.99926,0.7915396,7.4933644,3.8304742,28.703139,0.45226139,5.6520783,5.3091446,30.007701,0.43242048,6.0285595,11.481048,69.214184,0.43820417,7.2380713,13.599496,98.434124,0.47963807,6.8042591,12.010406,81.721914,0.60884713,5.6257239,12.362524,69.548149
0b_baseline_last,file,19,baseline,3289,057.Rose_breasted_Grosbeak/Rose_Breasted_Grosbeak_0062_39234.jpg,57,56,057.Rose_breasted_Grosbeak,80,79,rotation,rotation,0,"{""angle"":6.839368}",0.15948996,0.055815533,-0.10367443,0.85257852,0.94571358,0.014559916,0.013995726,0.8380186,0.93171785,0.093699249,0.81660843,0.36186127,25.626201,9.2731296,False,0.96289003,True,True,True,0.81660843,0.36186127,25.626201,9.2731296,0.81338291,0.36095037,25.338304,9.1458703,0.94821043,0.39969185,3.8304742,1.5310093,0.79301381,0.31980255,5.3091446,1.697878,0.78033783,0.33873761,11.481048,3.8890629,0.79757097,0.37625981,13.599496,5.1169439,0.81029097,0.3654653,12.010406,4.3893865,0.86923895,0.3634593,12.362524,4.4932744
0b_baseline_last,file,19,baseline,3289,057.Rose_breasted_Grosbeak/Rose_Breasted_Grosbeak_0062_39234.jpg,57,56,057.Rose_breasted_Grosbeak,80,79,random_resized_crop,random_resized_crop,0,"{""area_fraction"":0.743678,""aspect"":1.01242,""fallback"":false,""height"":0.857062,""left"":0.043628,""top"":0.086418,""width"":0.867707}",0.15948996,0.51418597,0.35469601,0.85257852,0.59798717,0.014559916,0.025766907,0.8380186,0.57222027,-0.26579834,0.71790976,3.0699679,25.626201,78.671614,False,0.95361722,True,True,True,0.71790976,3.0699679,25.626201,78.671614,0.71337858,3.0767786,25.338304,77.960351,0.94358016,2.7555136,3.8304742,10.554924,0.70397353,3.58486,5.3091446,19.03254,0.72855018,2.861089,11.481048,32.848302,0.67207517,3.1524087,13.599496,42.87117,0.68165327,3.3338176,12.010406,40.040502,0.80400954,2.79671,12.362524,34.574396
0b_baseline_last,file,19,baseline,3289,057.Rose_breasted_Grosbeak/Rose_Breasted_Grosbeak_0062_39234.jpg,57,56,057.Rose_breasted_Grosbeak,80,79,gaussian_blur,gaussian_blur,0,"{""sigma"":1.041032}",0.15948996,0.43659705,0.27710709,0.85257852,0.64623177,0.014559916,0.025593983,0.8380186,0.62063779,-0.21738082,0.54951677,2.9695669,25.626201,76.098719,False,0.88395047,True,True,True,0.54951677,2.9695669,25.626201,76.098719,0.54295097,2.9745434,25.338304,75.369884,0.86283995,2.7429842,3.8304742,10.50693,0.28650336,3.8198332,5.3091446,20.280047,0.57081064,2.7954689,11.481048,32.094914,0.47327958,3.0406624,13.599496,41.351477,0.53556722,3.2825703,12.010406,39.425002,0.71490937,2.5257521,12.362524,31.224672
0b_baseline_last,file,19,baseline,3289,057.Rose_breasted_Grosbeak/Rose_Breasted_Grosbeak_0062_39234.jpg,57,56,057.Rose_breasted_Grosbeak,80,79,random_erasing,random_erasing,0,"{""area_fraction"":0.120144,""erased"":true,""height"":0.335129,""left"":0.546466,""top"":0.117644,""width"":0.358501}",0.15948996,0.061141156,-0.098348804,0.85257852,0.94069046,0.014559916,0.0094266208,0.8380186,0.93126384,0.093245232,0.87271108,0.41483315,25.626201,10.630598,False,0.97367817,True,True,True,0.87271108,0.41483315,25.626201,10.630598,0.87046452,0.4144364,25.338304,10.501115,0.96777435,0.43183702,3.8304742,1.6541406,0.93201732,0.449557,5.3091446,2.3867631,0.8486615,0.40871609,11.481048,4.6924892,0.86536153,0.42170105,13.599496,5.7349218,0.85594793,0.42209441,12.010406,5.0695252,0.90005946,0.39601167,12.362524,4.8957039
0b_baseline_last,file,19,baseline,3205,056.Pine_Grosbeak/Pine_Grosbeak_0036_38968.jpg,56,55,056.Pine_Grosbeak,34,33,identity,identity,0,{},0.055604015,0.055604015,0,0.94591361,0.94591361,0.014540425,0.014540425,0.93137319,0.93137319,0,1,1,8.5750284,8.5750284,False,1.0000001,True,True,True,1,1,8.5750284,8.5750284,1,1,8.4269359,8.4269359,1,1,1.5867774,1.5867774,1,1,1.2084419,1.2084419,1,1,4.1396908,4.1396908,1,1,4.1825404,4.1825404,1,1,4.0156114,4.0156114,1,1,4.335562,4.335562
0b_baseline_last,file,19,baseline,3205,056.Pine_Grosbeak/Pine_Grosbeak_0036_38968.jpg,56,55,056.Pine_Grosbeak,34,33,horizontal_flip,horizontal_flip,0,"{""flipped"":true}",0.055604015,0.11236551,0.056761492,0.94591361,0.89371753,0.014540425,0.063722447,0.93137319,0.82999508,-0.10137811,0.65577363,2.4144304,8.5750284,20.703809,False,0.9572286,True,True,True,0.65577363,2.4144304,8.5750284,20.703809,0.64707098,2.419438,8.4269359,20.388449,0.91884938,2.2686513,1.5867774,3.5998446,0.39893913,2.7821185,1.2084419,3.3620286,0.72204709,2.2133896,4.1396908,9.1627488,0.6273085,2.5533501,4.1825404,10.67949,0.56916832,2.531817,4.0156114,10.166793,0.70240667,2.3410121,4.335562,10.149603
0b_baseline_last,file,19,baseline,3205,056.Pine_Grosbeak/Pine_Grosbeak_0036_38968.jpg,56,55,056.Pine_Grosbeak,34,33,color_jitter,color_jitter,0,"{""brightness"":0.866551,""contrast"":1.162596,""hue"":-0.013922,""saturation"":1.256149}",0.055604015,0.050595812,-0.005008202,0.94591361,0.95066285,0.014540425,0.0030060855,0.93137319,0.94765677,0.016283578,0.82888859,0.81266509,8.5750284,6.9686262,False,0.98229611,True,True,True,0.82888859,0.81266509,8.5750284,6.9686262,0.82396463,0.81031098,8.4269359,6.8284387,0.95974082,0.87645995,1.5867774,1.3907468,0.65190637,0.84716143,1.2084419,1.0237454,0.7928637,0.73400821,4.1396908,3.038567,0.77497038,0.77171047,4.1825404,3.2277102,0.8362511,0.83020622,4.0156114,3.3337855,0.89746786,0.8877619,4.335562,3.8489467
0b_baseline_last,file,19,baseline,3205,056.Pine_Grosbeak/Pine_Grosbeak_0036_38968.jpg,56,55,056.Pine_Grosbeak,34,33,rotation,rotation,0,"{""angle"":7.808209}",0.055604015,0.051465794,-0.0041382201,0.94591361,0.94983613,0.014540425,0.013471753,0.93137319,0.93636438,0.0049911933,0.8331311,0.93684563,8.5750284,8.0334778,False,0.96877372,True,True,True,0.8331311,0.93684563,8.5750284,8.0334778,0.82841452,0.93628911,8.4269359,7.8900483,0.96402244,0.95240768,1.5867774,1.511259,0.7836007,1.0530286,1.2084419,1.2725239,0.87468269,0.90824447,4.1396908,3.7598513,0.82548744,0.875912,4.1825404,3.6635373,0.79563341,0.95603912,4.0156114,3.8390816,0.82662136,0.98768592,4.335562,4.2821735
0b_baseline_last,file,19,baseline,3205,056.Pine_Grosbeak/Pine_Grosbeak_0036_38968.jpg,56,55,056.Pine_Grosbeak,34,33,random_resized_crop,random_resized_crop,0,"{""area_fraction"":0.777664,""aspect"":1.040975,""fallback"":false,""height"":0.864323,""left"":0.080467,""top"":0.051963,""width"":0.899739}",0.055604015,0.071008429,0.015404414,0.94591361,0.93145406,0.014540425,0.012548896,0.93137319,0.91890517,-0.012468022,0.79638818,1.3369268,8.5750284,11.464185,False,0.9719134,True,True,True,0.79638818,1.3369268,8.5750284,11.464185,0.79105011,1.3410202,8.4269359,11.300692,0.9661557,1.2158122,1.5867774,1.9292233,0.42364959,1.4514429,1.2084419,1.7539844,0.82319532,1.3071314,4.1396908,5.4111197,0.78844344,1.3385184,4.1825404,5.5984072,0.76412176,1.397337,4.0156114,5.6111625,0.82163863,1.3153486,4.335562,5.7027753
0b_baseline_last,file,19,baseline,3205,056.Pine_Grosbeak/Pine_Grosbeak_0036_38968.jpg,56,55,056.Pine_Grosbeak,34,33,gaussian_blur,gaussian_blur,0,"{""sigma"":1.615378}",0.055604015,0.62844253,0.57283851,0.94591361,0.53342193,0.014540425,0.0022644135,0.93137319,0.53115752,-0.40021567,0.5657073,10.241841,8.5750284,87.824079,False,0.80386406,True,True,True,0.5657073,10.241841,8.5750284,87.824079,0.56104404,10.321334,8.4269359,86.977218,0.76725625,7.6676534,1.5867774,12.166859,0.25121237,13.873962,1.2084419,16.765877,0.57376555,11.769567,4.1396908,48.722369,0.53590397,10.222192,4.1825404,42.754729,0.55203766,10.16453,4.0156114,40.816803,0.637988,8.6796194,4.335562,37.631028
0b_baseline_last,file,19,baseline,3205,056.Pine_Grosbeak/Pine_Grosbeak_0036_38968.jpg,56,55,056.Pine_Grosbeak,34,33,random_erasing,random_erasing,0,"{""area_fraction"":0.148754,""erased"":true,""height"":0.21586,""left"":0.179713,""top"":0.339496,""width"":0.689121}",0.055604015,0.26464677,0.20904275,0.94591361,0.76747698,0.014540425,0.0041781073,0.93137319,0.76329887,-0.16807432,0.55295584,4.6767308,8.5750284,40.103099,False,0.88863617,True,True,True,0.55295584,4.6767308,8.5750284,40.103099,0.54401429,4.6957714,8.4269359,39.570965,0.84642235,4.1034856,1.5867774,6.5113183,0.24363825,4.8833907,1.2084419,5.901294,0.57034717,4.6133065,4.1396908,19.097662,0.40864538,4.9401045,4.1825404,20.662187,0.54205835,4.8246678,4.0156114,19.373991,0.69018627,4.4007616,4.335562,19.079775
0b_baseline_last,file,19,baseline,9290,158.Bay_breasted_Warbler/Bay_Breasted_Warbler_0079_159998.jpg,158,157,158.Bay_breasted_Warbler,137,136,identity,identity,0,{},0.0057378584,0.0057378584,0,0.99427855,0.99427855,0.0015660825,0.0015660825,0.99271247,0.99271247,0,1,1,0.85116492,0.85116492,False,1,True,True,True,1,1,0.85116492,0.85116492,1,1,0.83051938,0.83051938,1,1,0.1863311,0.1863311,1,1,0.16422425,0.16422425,1,1,0.33475009,0.33475009,1,1,0.42135393,0.42135393,1,1,0.39866947,0.39866947,1,1,0.4628809,0.4628809
0b_baseline_last,file,19,baseline,9290,158.Bay_breasted_Warbler/Bay_Breasted_Warbler_0079_159998.jpg,158,157,158.Bay_breasted_Warbler,137,136,horizontal_flip,horizontal_flip,0,"{""flipped"":true}",0.0057378584,0.010274612,0.004536754,0.99427855,0.98977798,0.0015660825,0.0019403562,0.99271247,0.98783763,-0.0048748417,0.72441888,1.6653502,0.85116492,1.4174877,False,0.981812,True,True,True,0.72441888,1.6653502,0.85116492,1.4174877,0.71260661,1.6695201,0.83051938,1.3865688,0.97339646,1.580229,0.1863311,0.2944458,0.49199271,1.5020251,0.16422425,0.24666895,0.70504583,1.7239444,0.33475009,0.57709056,0.73788664,1.7505751,0.42135393,0.73761169,0.67090893,1.6049453,0.39866947,0.63984268,0.75203995,1.6385109,0.4628809,0.75843538
0b_baseline_last,file,19,baseline,9290,158.Bay_breasted_Warbler/Bay_Breasted_Warbler_0079_159998.jpg,158,157,158.Bay_breasted_Warbler,137,136,color_jitter,color_jitter,0,"{""brightness"":1.153359,""contrast"":0.893274,""hue"":-0.070227,""saturation"":0.657351}",0.0057378584,0.55255115,0.54681329,0.99427855,0.57547981,0.0015660825,0.037665769,0.99271247,0.53781404,-0.45489843,0.39381508,90.777174,0.85116492,77.266346,False,0.90071803,True,True,True,0.39381508,90.777174,0.85116492,77.266346,0.3797156,91.862233,0.83051938,76.293365,0.80779868,65.600258,0.1863311,12.223368,0.16483846,81.767627,0.16422425,13.428227,0.15129368,102.67556,0.33475009,34.370653,0.34651808,105.4488,0.42135393,44.431269,0.4227693,97.829879,0.39866947,39.001786,0.61900159,67.06733,0.4628809,31.044186
0b_baseline_last,file,19,baseline,9290,158.Bay_breasted_Warbler/Bay_Breasted_Warbler_0079_159998.jpg,158,157,158.Bay_breasted_Warbler,137,136,rotation,rotation,0,"{""angle"":-8.983297}",0.0057378584,0.048672494,0.042934635,0.99427855,0.95249301,0.0015660825,0.014510327,0.99271247,0.93798268,-0.054729783,0.75917559,8.4323325,0.85116492,7.1773056,False,0.96458715,True,True,True,0.75917559,8.4323325,0.85116492,7.1773056,0.75091695,8.4803406,0.83051938,7.0430873,0.95340563,7.4144068,0.1863311,1.3815346,0.61418139,8.6737922,0.16422425,1.424447,0.71436229,8.7850191,0.33475009,2.940786,0.77866737,8.9472747,0.42135393,3.7699694,0.72886754,8.4791162,0.39866947,3.3803648,0.78605942,7.8752615,0.4628809,3.6453081
0b_baseline_last,file,19,baseline,9290,158.Bay_breasted_Warbler/Bay_Breasted_Warbler_0079_159998.jpg,158,157,158.Bay_breasted_Warbler,137,136,random_resized_crop,random_resized_crop,0,"{""area_fraction"":0.552064,""aspect"":1.093265,""fallback"":false,""height"":0.710611,""left"":0.084173,""top"":0.160993,""width"":0.776886}",0.0057378584,0.010543359,0.0048055011,0.99427855,0.98951203,0.0015660825,0.001462201,0.99271247,0.98804983,-0.0046626424,0.65900763,1.5276782,0.85116492,1.3003061,False,0.9694593,True,True,True,0.65900763,1.5276782,0.85116492,1.3003061,0.64404808,1.5279328,0.83051938,1.2689778,0.95724902,1.5226113,0.1863311,0.28370983,0.60593535,1.4852221,0.16422425,0.24390949,0.54069914,1.4759035,0.33475009,0.49405884,0.6267833,1.4556228,0.42135393,0.6133324,0.6065288,1.48139,0.39866947,0.59058497,0.73725218,1.6477809,0.4628809,0.76272632
0b_baseline_last,file,19,baseline,9290,158.Bay_breasted_Warbler/Bay_Breasted_Warbler_0079_159998.jpg,158,157,158.Bay_breasted_Warbler,137,136,gaussian_blur,gaussian_blur,0,"{""sigma"":1.200911}",0.0057378584,0.12538221,0.11964436,0.99427855,0.88215965,0.0015660825,0.01391487,0.99271247,0.86824478,-0.12446769,0.4314837,31.702608,0.85116492,26.984148,False,0.94621509,True,True,True,0.4314837,31.702608,0.85116492,26.984148,0.42025097,32.140431,0.83051938,26.693251,0.80626398,21.207035,0.1863311,3.9515302,0.14121136,54.070357,0.16422425,8.8796639,0.28042891,35.672993,0.33475009,11.941538,0.40922463,34.702578,0.42135393,14.622068,0.46567404,31.578266,0.39866947,12.589291,0.62068271,23.545773,0.4628809,10.898889
0b_baseline_last,file,19,baseline,9290,158.Bay_breasted_Warbler/Bay_Breasted_Warbler_0079_159998.jpg,158,157,158.Bay_breasted_Warbler,137,136,random_erasing,random_erasing,0,"{""area_fraction"":0.05637,""erased"":true,""height"":0.204192,""left"":0.668221,""top"":0.422896,""width"":0.276064}",0.0057378584,0.0060430197,0.00030516135,0.99427855,0.99397522,0.0015660825,0.0013523535,0.99271247,0.99262287,-8.9599052e-05,0.96203226,0.97587785,0.85116492,0.83063299,False,0.99010843,True,True,True,0.96203226,0.97587785,0.85116492,0.83063299,0.96071545,0.97435135,0.83051938,0.80921768,0.9878364,1.0057244,0.1863311,0.18739772,0.94081561,0.83782443,0.16422425,0.13759109,0.9617661,0.92282874,0.33475009,0.30891701,0.96343338,0.96829428,0.42135393,0.4079946,0.96091061,0.99435221,0.39866947,0.39641787,0.96246997,1.0060649,0.4628809,0.4656882
0b_baseline_last,file,19,baseline,9869,168.Kentucky_Warbler/Kentucky_Warbler_0071_165342.jpg,168,167,168.Kentucky_Warbler,200,199,identity,identity,0,{},0.26102352,0.26102352,0,0.77026284,0.77026284,0.063295737,0.063295737,0.7069671,0.7069671,0,1,1,39.156651,39.156651,False,1,True,True,True,1,1,39.156651,39.156651,1,1,38.683721,38.683721,1,1,6.0673729,6.0673729,1,1,10.095667,10.095667,1,1,16.548409,16.548409,1,1,20.633342,20.633342,1,1,19.165503,19.165503,1,1,18.099908,18.099908
0b_baseline_last,file,19,baseline,9869,168.Kentucky_Warbler/Kentucky_Warbler_0071_165342.jpg,168,167,168.Kentucky_Warbler,200,199,horizontal_flip,horizontal_flip,0,"{""flipped"":true}",0.26102352,0.84802377,0.58700025,0.77026284,0.42826045,0.063295737,0.22461712,0.7069671,0.20364332,-0.50332378,0.53784049,2.4436432,39.156651,95.684881,False,0.9430114,True,True,True,0.53784049,2.4436432,39.156651,95.684881,0.5277089,2.4412378,38.683721,94.436162,0.93415853,2.539492,6.0673729,15.408045,0.21993631,2.0086329,10.095667,20.278488,0.43840553,2.5683674,16.548409,42.502393,0.50500218,2.5044691,20.633342,51.675567,0.53739625,2.4661006,19.165503,47.264058,0.71588861,2.3415776,18.099908,42.38234
0b_baseline_last,file,19,baseline,9869,168.Kentucky_Warbler/Kentucky_Warbler_0071_165342.jpg,168,167,168.Kentucky_Warbler,200,199,color_jitter,color_jitter,0,"{""brightness"":0.966313,""contrast"":0.705359,""hue"":-0.089358,""saturation"":0.63546}",0.26102352,3.8739166,3.6128931,0.77026284,0.020776832,0.063295737,0.0045563704,0.7069671,0.016220462,-0.69074664,0.61867813,3.6751068,39.156651,143.90487,False,0.80739766,False,True,False,0.61867813,3.6751068,39.156651,143.90487,0.61491112,3.6739038,38.683721,142.12027,0.76981313,3.7236795,6.0673729,22.592952,0.73118788,3.025896,10.095667,30.548438,0.57147128,4.13354,16.548409,68.403508,0.65788532,3.6959415,20.633342,76.259624,0.60613418,3.5127912,19.165503,67.324409,0.58641165,3.5966216,18.099908,65.09852
0b_baseline_last,file,19,baseline,9869,168.Kentucky_Warbler/Kentucky_Warbler_0071_165342.jpg,168,167,168.Kentucky_Warbler,200,199,rotation,rotation,0,"{""angle"":1.85594}",0.26102352,0.27789968,0.016876161,0.77026284,0.7573728,0.063295737,0.16461742,0.7069671,0.59275538,-0.11421172,0.75690088,1.119542,39.156651,43.837516,False,0.97805506,True,True,True,0.75690088,1.119542,39.156651,43.837516,0.75241409,1.114378,38.683721,43.108287,0.92162783,1.3123684,6.0673729,7.9626284,0.76406349,0.9507816,10.095667,9.5987743,0.67831223,1.0594398,16.548409,17.532043,0.75612336,1.1526117,20.633342,23.78223,0.76696866,1.1216553,19.165503,21.497087,0.78990312,1.1471249,18.099908,20.762856
0b_baseline_last,file,19,baseline,9869,168.Kentucky_Warbler/Kentucky_Warbler_0071_165342.jpg,168,167,168.Kentucky_Warbler,200,199,random_resized_crop,random_resized_crop,0,"{""area_fraction"":0.57704,""aspect"":0.879121,""fallback"":false,""height"":0.810175,""left"":0.207731,""top"":0.133498,""width"":0.712242}",0.26102352,0.43270451,0.17168099,0.77026284,0.64875215,0.063295737,0.16515265,0.7069671,0.4835995,-0.2233676,0.70000268,1.4782485,39.156651,57.88326,False,0.95302224,True,True,True,0.70000268,1.4782485,39.156651,57.88326,0.69351721,1.4730967,38.683721,56.984861,0.9375406,1.6743009,6.0673729,10.158608,0.69075665,1.564,10.095667,15.789623,0.67979561,1.5737995,16.548409,26.043877,0.67573147,1.4042371,20.633342,28.974105,0.69434504,1.4717224,19.165503,28.206299,0.73136755,1.4455636,18.099908,26.164568
0b_baseline_last,file,19,baseline,9869,168.Kentucky_Warbler/Kentucky_Warbler_0071_165342.jpg,168,167,168.Kentucky_Warbler,200,199,gaussian_blur,gaussian_blur,0,"{""sigma"":1.68089}",0.26102352,1.6585433,1.3975198,0.77026284,0.19041614,0.063295737,0.29579905,0.7069671,-0.1053829,-0.81235,0.66108756,3.4431009,39.156651,134.8203,False,0.87213343,False,True,False,0.66108756,3.4431009,39.156651,134.8203,0.6556813,3.4238798,38.683721,132.44841,0.85430846,4.1497344,6.0673729,25.177986,0.69057317,3.5854928,10.095667,36.197941,0.62607743,3.6675272,16.548409,60.691738,0.66124033,3.4209809,20.633342,70.586267,0.63209941,3.4029788,19.165503,65.219799,0.69605104,3.1799381,18.099908,57.556588
0b_baseline_last,file,19,baseline,9869,168.Kentucky_Warbler/Kentucky_Warbler_0071_165342.jpg,168,167,168.Kentucky_Warbler,200,199,random_erasing,random_erasing,0,"{""area_fraction"":0.056008,""erased"":true,""height"":0.429159,""left"":0.335766,""top"":0.415342,""width"":0.130506}",0.26102352,0.88881755,0.62779403,0.77026284,0.41114163,0.063295737,0.17323764,0.7069671,0.237904,-0.4690631,0.89669649,2.4778554,39.156651,97.024518,False,0.97053957,True,True,True,0.89669649,2.4778554,39.156651,97.024518,0.89521581,2.4831232,38.683721,96.056445,0.96716249,2.2533203,6.0673729,13.671735,0.90238978,2.2265963,10.095667,22.478974,0.89553285,2.3720537,16.548409,39.253713,0.9189408,2.5427946,20.633342,52.466349,0.88065991,2.5931699,19.165503,49.699404,0.88189002,2.4446835,18.099908,44.248546
0b_baseline_last,file,19,baseline,4485,077.Tropical_Kingbird/Tropical_Kingbird_0003_69852.jpg,77,76,077.Tropical_Kingbird,103,102,identity,identity,0,{},0.0025909923,0.0025909923,0,0.99741238,0.99741238,0.0010068935,0.0010068935,0.99640549,0.99640549,0,1,1,0.37299071,0.37299071,False,1.0000001,True,True,True,1,1,0.37299071,0.37299071,1,1,0.35855879,0.35855879,1,1,0.10275048,0.10275048,1,1,0.11115016,0.11115016,1,1,0.15545906,0.15545906,1,1,0.16743675,0.16743675,1,1,0.16999838,0.16999838,1,1,0.18737133,0.18737133
0b_baseline_last,file,19,baseline,4485,077.Tropical_Kingbird/Tropical_Kingbird_0003_69852.jpg,77,76,077.Tropical_Kingbird,103,102,horizontal_flip,horizontal_flip,0,"{""flipped"":true}",0.0025909923,0.0069928668,0.0044018745,0.99741238,0.9930315,0.0010068935,0.0020398146,0.99640549,0.99099169,-0.0054138029,0.63339685,2.710656,0.37299071,1.0110495,False,0.97535676,True,True,True,0.63339685,2.710656,0.37299071,1.0110495,0.61083659,2.7363239,0.35855879,0.98113299,0.95569474,2.3759431,0.10275048,0.24412929,0.55193395,2.0036399,0.11115016,0.22270488,0.58939048,3.0549578,0.15545906,0.47492086,0.58572228,2.942302,0.16743675,0.49264948,0.54568736,2.6536011,0.16999838,0.45110789,0.73393871,2.6215072,0.18737133,0.4911953
0b_baseline_last,file,19,baseline,4485,077.Tropical_Kingbird/Tropical_Kingbird_0003_69852.jpg,77,76,077.Tropical_Kingbird,103,102,color_jitter,color_jitter,0,"{""brightness"":0.838966,""contrast"":0.779843,""hue"":0.012559,""saturation"":0.602918}",0.0025909923,0.78765303,0.78506204,0.99741238,0.4549112,0.0010068935,0.079639576,0.99640549,0.37527163,-0.62113386,0.61750392,364.72426,0.37299071,136.03876,False,0.93191916,True,True,True,0.61750392,364.72426,0.37299071,136.03876,0.61477443,374.17947,0.35855879,134.16534,0.76064487,218.96758,0.10275048,22.499023,0.75773825,340.00045,0.11115016,37.791104,0.63832523,470.05441,0.15545906,73.074216,0.60916363,444.12962,0.16743675,74.36362,0.61272613,343.1301,0.16999838,58.33156,0.60979319,255.94278,0.18737133,47.95634
0b_baseline_last,file,19,baseline,4485,077.Tropical_Kingbird/Tropical_Kingbird_0003_69852.jpg,77,76,077.Tropical_Kingbird,103,102,rotation,rotation,0,"{""angle"":-9.298587}",0.0025909923,0.0022529,-0.00033809221,0.99741238,0.99774963,0.0010068935,0.00042060699,0.99640549,0.99732902,0.00092352956,0.78824826,0.93381308,0.37299071,0.3483036,False,0.98032993,True,True,True,0.78824826,0.93381308,0.37299071,0.3483036,0.77625933,0.93618512,0.35855879,0.33567741,0.93980271,0.90442885,0.10275048,0.092930494,0.91887214,0.97698329,0.11115016,0.10859185,0.79887866,1.004286,0.15545906,0.15612535,0.70501918,0.9836937,0.16743675,0.16470648,0.72880941,0.89878039,0.16999838,0.15279121,0.81285985,0.86120375,0.18737133,0.1613649
0b_baseline_last,file,19,baseline,4485,077.Tropical_Kingbird/Tropical_Kingbird_0003_69852.jpg,77,76,077.Tropical_Kingbird,103,102,random_resized_crop,random_resized_crop,0,"{""area_fraction"":0.787453,""aspect"":1.255661,""fallback"":false,""height"":0.791911,""left"":0.00279,""top"":0.107863,""width"":0.994371}",0.0025909923,0.01385382,0.011262828,0.99741238,0.9862417,0.0010068935,0.0033145626,0.99640549,0.98292714,-0.013478354,0.77613815,6.0606833,0.37299071,2.2605785,False,0.98026836,True,True,True,0.77613815,6.0606833,0.37299071,2.2605785,0.76542048,6.1548382,0.35855879,2.2068713,0.96856382,4.7671876,0.10275048,0.48983079,0.88885858,5.7130937,0.11115016,0.63501126,0.78154728,7.7857725,0.15545906,1.2103689,0.73463365,6.3779132,0.16743675,1.0678971,0.73364252,5.6103656,0.16999838,0.95375305,0.79625278,5.2073326,0.18737133,0.97570487
0b_baseline_last,file,19,baseline,4485,077.Tropical_Kingbird/Tropical_Kingbird_0003_69852.jpg,77,76,077.Tropical_Kingbird,103,102,gaussian_blur,gaussian_blur,0,"{""sigma"":1.473537}",0.0025909923,0.0009494088,-0.0016415835,0.99741238,0.99905103,0.0010068935,0.00016565643,0.99640549,0.99888538,0.0024798879,0.54149231,0.45203339,0.37299071,0.16860425,False,0.92751265,True,True,True,0.54149231,0.45203339,0.37299071,0.16860425,0.52417488,0.46100466,0.35855879,0.16529727,0.87456004,0.32340088,0.10275048,0.033229594,0.73687525,0.5220046,0.11115016,0.058020893,0.40648318,0.52072791,0.15545906,0.08095187,0.4370371,0.52404221,0.16743675,0.087743924,0.50837793,0.41345047,0.16999838,0.070285909,0.67302994,0.36838624,0.18737133,0.069025022
0b_baseline_last,file,19,baseline,4485,077.Tropical_Kingbird/Tropical_Kingbird_0003_69852.jpg,77,76,077.Tropical_Kingbird,103,102,random_erasing,random_erasing,0,"{""area_fraction"":0.12504,""erased"":true,""height"":0.234598,""left"":0.456656,""top"":0.589446,""width"":0.532998}",0.0025909923,0.0076262285,0.0050352362,0.99741238,0.99240279,0.0010068935,0.0039145187,0.99640549,0.98848827,-0.0079172169,0.84815532,3.411957,0.37299071,1.2726283,False,0.97330207,True,True,True,0.84815532,3.411957,0.37299071,1.2726283,0.84334478,3.4598645,0.35855879,1.2405648,0.94173937,2.7627017,0.10275048,0.28386892,0.91303013,3.2376565,0.11115016,0.35986602,0.88344142,3.9858701,0.15545906,0.61963962,0.83853499,3.55974,0.16743675,0.59603129,0.80945687,3.4747328,0.16999838,0.59069894,0.83359705,3.0254965,0.18737133,0.56689132
0b_baseline_last,file,19,baseline,8564,146.Forsters_Tern/Forsters_Tern_0045_151227.jpg,146,145,146.Forsters_Tern,147,146,identity,identity,0,{},0.61841935,0.61841935,0,0.53879541,0.53879541,0.31668219,0.31668219,0.22211322,0.22211322,0,1,1,68.791989,68.791989,False,1,True,True,True,1,1,68.791989,68.791989,1,1,66.912904,66.912904,1,1,15.968748,15.968748,1,1,10.13907,10.13907,1,1,26.111176,26.111176,1,1,32.381947,32.381947,1,1,35.405451,35.405451,1,1,37.29083,37.29083
0b_baseline_last,file,19,baseline,8564,146.Forsters_Tern/Forsters_Tern_0045_151227.jpg,146,145,146.Forsters_Tern,147,146,horizontal_flip,horizontal_flip,0,"{""flipped"":true}",0.61841935,0.75432456,0.13590521,0.53879541,0.47032818,0.31668219,0.37863883,0.22211322,0.091689348,-0.13042387,0.69833135,1.2013132,68.791989,82.640723,False,0.97093648,True,True,True,0.69833135,1.2013132,68.791989,82.640723,0.68354671,1.2040254,66.912904,80.564837,0.97012129,1.1526524,15.968748,18.406415,0.47714963,1.4772517,10.13907,14.977958,0.6283957,1.1906039,26.111176,31.088069,0.65894709,1.1392565,32.381947,36.891343,0.67229517,1.2411056,35.405451,43.941903,0.7595222,1.2016621,37.29083,44.810978
0b_baseline_last,file,19,baseline,8564,146.Forsters_Tern/Forsters_Tern_0045_151227.jpg,146,145,146.Forsters_Tern,147,146,color_jitter,color_jitter,0,"{""brightness"":1.003183,""contrast"":1.36076,""hue"":-0.095743,""saturation"":0.851851}",0.61841935,4.5205417,3.9021223,0.53879541,0.010883129,0.31668219,0.00020462458,0.22211322,0.010678505,-0.21143472,0.20189076,1.9710387,68.791989,135.59167,False,0.74627054,False,True,False,0.20189076,1.9710387,68.791989,135.59167,0.18154823,1.9633458,66.912904,131.37317,0.53602184,2.1015294,15.968748,33.558793,0.094287344,1.9268203,10.13907,19.536166,0.031060992,1.7988857,26.111176,46.971021,0.19504915,1.9046213,32.381947,61.675345,0.17281147,2.0449705,35.405451,72.403104,0.25264568,2.0112027,37.29083,74.999418
0b_baseline_last,file,19,baseline,8564,146.Forsters_Tern/Forsters_Tern_0045_151227.jpg,146,145,146.Forsters_Tern,147,146,rotation,rotation,0,"{""angle"":12.152352}",0.61841935,0.34852493,-0.26989442,0.53879541,0.70572835,0.31668219,0.14606598,0.22211322,0.55966237,0.33754915,0.69012765,0.60296493,68.791989,41.479156,False,0.95840979,True,True,True,0.69012765,0.60296493,68.791989,41.479156,0.67600335,0.60339734,66.912904,40.375068,0.94154733,0.59532147,15.968748,9.5065385,0.46284756,0.66102521,10.13907,6.7021809,0.55741489,0.51159984,26.111176,13.358474,0.64361487,0.58933964,32.381947,19.083965,0.67245558,0.62293636,35.405451,22.055343,0.77047914,0.63239857,37.29083,23.582668
0b_baseline_last,file,19,baseline,8564,146.Forsters_Tern/Forsters_Tern_0045_151227.jpg,146,145,146.Forsters_Tern,147,146,random_resized_crop,random_resized_crop,0,"{""area_fraction"":0.570954,""aspect"":1.179196,""fallback"":false,""height"":0.695837,""left"":0.140422,""top"":0.088483,""width"":0.820528}",0.61841935,0.07993754,-0.53848181,0.53879541,0.92317402,0.31668219,0.011198116,0.22211322,0.91197591,0.68986269,0.4390997,0.1767728,68.791989,12.160552,False,0.91670436,True,True,True,0.4390997,0.1767728,68.791989,12.160552,0.42284652,0.17810236,66.912904,11.917346,0.77997046,0.15153944,15.968748,2.4198952,0.10092699,0.23507256,10.13907,2.3834171,0.27923495,0.15408538,26.111176,4.0233506,0.30543368,0.17234432,32.381947,5.5808447,0.46519833,0.19325423,35.405451,6.8422533,0.56773724,0.17418767,37.29083,6.4956029
0b_baseline_last,file,19,baseline,8564,146.Forsters_Tern/Forsters_Tern_0045_151227.jpg,146,145,146.Forsters_Tern,147,146,gaussian_blur,gaussian_blur,0,"{""sigma"":1.453149}",0.61841935,0.30454355,-0.31387579,0.53879541,0.7374599,0.31668219,0.076730043,0.22211322,0.66072986,0.43861663,0.51331803,0.59578347,68.791989,40.985129,False,0.95068699,True,True,True,0.51331803,0.59578347,68.791989,40.985129,0.4968667,0.60221554,66.912904,40.295991,0.89998857,0.46868083,15.968748,7.4842461,0.2089573,0.72310252,10.13907,7.3315871,0.12988393,0.58208742,26.111176,15.198987,0.36557431,0.58033009,32.381947,18.792218,0.58567977,0.65601294,35.405451,23.226434,0.72161012,0.56657259,37.29083,21.127962
0b_baseline_last,file,19,baseline,8564,146.Forsters_Tern/Forsters_Tern_0045_151227.jpg,146,145,146.Forsters_Tern,147,146,random_erasing,random_erasing,0,"{""area_fraction"":0.095227,""erased"":true,""height"":0.343393,""left"":0.101787,""top"":0.439228,""width"":0.277312}",0.61841935,0.4161824,-0.20223695,0.53879541,0.65955997,0.31668219,0.2094088,0.22211322,0.45015116,0.22803794,0.91008796,0.71364785,68.791989,49.093255,False,0.98997778,True,True,True,0.91008796,0.71364785,68.791989,49.093255,0.90571054,0.71432343,66.912904,47.797456,0.98846958,0.70167997,15.968748,11.204951,0.90692358,0.75865388,10.13907,7.6920448,0.9314617,0.73298293,26.111176,19.139046,0.90948546,0.71807255,32.381947,23.252587,0.88956275,0.71068055,35.405451,25.161966,0.90469821,0.70201156,37.29083,26.178594
0b_baseline_last,file,19,baseline,8881,152.Blue_headed_Vireo/Blue_Headed_Vireo_0020_155994.jpg,152,151,152.Blue_headed_Vireo,172,171,identity,identity,0,{},0.0032947564,0.0032947564,0,0.99671066,0.99671066,0.002020543,0.002020543,0.99469012,0.99469012,0,1,1,0.7083266,0.7083266,False,1.0000001,True,True,True,1,1,0.7083266,0.7083266,1,1,0.69571895,0.69571895,1,1,0.13304779,0.13304779,1,1,0.164805,0.164805,1,1,0.32682886,0.32682886,1,1,0.39135469,0.39135469,1,1,0.32278305,0.32278305,1,1,0.3044662,0.3044662
0b_baseline_last,file,19,baseline,8881,152.Blue_headed_Vireo/Blue_Headed_Vireo_0020_155994.jpg,152,151,152.Blue_headed_Vireo,172,171,horizontal_flip,horizontal_flip,0,"{""flipped"":true}",0.0032947564,0.017189449,0.013894692,0.99671066,0.98295742,0.002020543,0.013147742,0.99469012,0.96980968,-0.024880435,0.61140551,6.968095,0.7083266,4.935687,False,0.95895481,True,True,True,0.61140551,6.968095,0.7083266,4.935687,0.6028222,7.0229197,0.69571895,4.8859783,0.95055326,5.2517135,0.13304779,0.69872888,0.49346401,8.1941663,0.164805,1.3504396,0.51876704,7.4390169,0.32682886,2.4312854,0.61718944,7.408131,0.39135469,2.8992068,0.62442225,6.866787,0.32278305,2.2164825,0.74344562,5.5152663,0.3044662,1.6792122
0b_baseline_last,file,19,baseline,8881,152.Blue_headed_Vireo/Blue_Headed_Vireo_0020_155994.jpg,152,151,152.Blue_headed_Vireo,172,171,color_jitter,color_jitter,0,"{""brightness"":0.682814,""contrast"":0.711775,""hue"":-0.016283,""saturation"":1.374779}",0.0032947564,1.3599818,1.356687,0.99671066,0.25666547,0.002020543,0.63161016,0.99469012,-0.37494469,-1.3696348,0.74744152,283.11092,0.7083266,200.535,False,0.92733395,False,True,False,0.74744152,283.11092,0.7083266,200.535,0.74244185,284.33329,0.69571895,197.81606,0.91162488,247.35756,0.13304779,32.910377,0.66717245,472.74761,0.164805,77.911169,0.6890569,320.6528,0.32682886,104.79859,0.82450406,255.9259,0.39135469,100.1578,0.77577492,256.77753,0.32278305,82.883434,0.77316458,236.32085,0.3044662,71.951714
0b_baseline_last,file,19,baseline,8881,152.Blue_headed_Vireo/Blue_Headed_Vireo_0020_155994.jpg,152,151,152.Blue_headed_Vireo,172,171,rotation,rotation,0,"{""angle"":-14.532204}",0.0032947564,0.079206645,0.075911889,0.99671066,0.92384899,0.002020543,0.01098398,0.99469012,0.91286501,-0.081825109,0.62069778,16.779743,0.7083266,11.885538,False,0.94701934,True,True,True,0.62069778,16.779743,0.7083266,11.885538,0.61311405,16.792166,0.69571895,11.682628,0.83268859,16.436403,0.13304779,2.1868271,0.50257657,16.165271,0.164805,2.6641175,0.6225261,16.374427,0.32682886,5.3516353,0.6252201,16.669148,0.39135469,6.5235491,0.56377476,16.689787,0.32278305,5.3871804,0.66728251,17.738354,0.3044662,5.4007293
0b_baseline_last,file,19,baseline,8881,152.Blue_headed_Vireo/Blue_Headed_Vireo_0020_155994.jpg,152,151,152.Blue_headed_Vireo,172,171,random_resized_crop,random_resized_crop,0,"{""area_fraction"":0.58654,""aspect"":0.996072,""fallback"":false,""height"":0.767367,""left"":0.174556,""top"":0.166314,""width"":0.764353}",0.0032947564,0.071487777,0.068193021,0.99671066,0.93100768,0.002020543,0.039614711,0.99469012,0.89139297,-0.10329714,0.74686656,23.949842,0.7083266,16.96431,False,0.94335097,True,True,True,0.74686656,23.949842,0.7083266,16.96431,0.74208443,24.12253,0.69571895,16.782501,0.94079126,18.617284,0.13304779,2.4769885,0.72704486,29.2892,0.164805,4.8270065,0.71182124,24.545454,0.32682886,8.0221629,0.80091355,24.522501,0.39135469,9.5969958,0.70661476,24.242308,0.32278305,7.825006,0.73497422,20.944358,0.3044662,6.3768493
0b_baseline_last,file,19,baseline,8881,152.Blue_headed_Vireo/Blue_Headed_Vireo_0020_155994.jpg,152,151,152.Blue_headed_Vireo,172,171,gaussian_blur,gaussian_blur,0,"{""sigma"":1.375724}",0.0032947564,0.2005309,0.19723615,0.99671066,0.81829619,0.002020543,0.027787119,0.99469012,0.79050907,-0.20418104,0.62465671,51.947335,0.7083266,36.795679,False,0.92506158,True,True,True,0.62465671,51.947335,0.7083266,36.795679,0.61863366,52.230968,0.69571895,36.338074,0.83270691,43.48071,0.13304779,5.7850124,0.48813026,48.978121,0.164805,8.0718392,0.50571932,50.291761,0.32682886,16.436799,0.65161249,55.809608,0.39135469,21.841352,0.64399666,52.246251,0.32278305,16.864204,0.70235313,49.122553,0.3044662,14.956157
0b_baseline_last,file,19,baseline,8881,152.Blue_headed_Vireo/Blue_Headed_Vireo_0020_155994.jpg,152,151,152.Blue_headed_Vireo,172,171,random_erasing,random_erasing,0,"{""area_fraction"":0.079101,""erased"":true,""height"":0.211949,""left"":0.40814,""top"":0.755069,""width"":0.373205}",0.0032947564,0.0017780937,-0.0015166627,0.99671066,0.99822348,0.002020543,0.00099647767,0.99469012,0.99722701,0.0025368908,0.96707698,0.53219811,0.7083266,0.37697007,False,0.99412525,True,True,True,0.96707698,0.53219811,0.7083266,0.37697007,0.96614661,0.5325116,0.69571895,0.37047841,0.99308621,0.52355332,0.13304779,0.069657613,0.97982307,0.52112669,0.164805,0.085884283,0.98009121,0.53556132,0.32682886,0.17503689,0.97500782,0.53803793,0.39135469,0.21056367,0.95130538,0.52428048,0.32278305,0.16922885,0.94798635,0.53228921,0.3044662,0.16206408
0b_baseline_last,file,19,baseline,1058,020.Yellow_breasted_Chat/Yellow_Breasted_Chat_0090_21931.jpg,20,19,020.Yellow_breasted_Chat,170,169,identity,identity,0,{},0.5388099,0.5388099,0,0.58344221,0.58344221,0.23287429,0.23287429,0.35056792,0.35056792,0,1,1,78.928262,78.928262,False,0.99999988,True,True,True,1,1,78.928262,78.928262,1,1,77.624721,77.624721,1,1,14.28542,14.28542,1,1,22.184772,22.184772,1,1,34.665117,34.665117,1,1,40.285012,40.285012,1,1,38.848037,38.848037,1,1,34.636839,34.636839
0b_baseline_last,file,19,baseline,1058,020.Yellow_breasted_Chat/Yellow_Breasted_Chat_0090_21931.jpg,20,19,020.Yellow_breasted_Chat,170,169,horizontal_flip,horizontal_flip,0,"{""flipped"":true}",0.5388099,0.079778723,-0.45903117,0.58344221,0.92332065,0.23287429,0.02028187,0.35056792,0.90303878,0.55247086,0.62793079,0.13978778,78.928262,11.033206,False,0.97325182,True,True,True,0.62793079,0.13978778,78.928262,11.033206,0.61631268,0.13854599,77.624721,10.754594,0.91800209,0.17247019,14.28542,2.463809,0.7090309,0.087988489,22.184772,1.9520046,0.60944743,0.12094385,34.665117,4.1925328,0.58385949,0.12933236,40.285012,5.2101558,0.5718214,0.14760197,38.848037,5.7340469,0.71685965,0.16895975,34.636839,5.8522315
0b_baseline_last,file,19,baseline,1058,020.Yellow_breasted_Chat/Yellow_Breasted_Chat_0090_21931.jpg,20,19,020.Yellow_breasted_Chat,170,169,color_jitter,color_jitter,0,"{""brightness"":0.889825,""contrast"":1.311191,""hue"":-0.010543,""saturation"":1.220858}",0.5388099,0.17364947,-0.36516042,0.58344221,0.84059149,0.23287429,0.022736678,0.35056792,0.81785481,0.46728689,0.81861037,0.34790113,78.928262,27.459232,False,0.97950661,True,True,True,0.81861037,0.34790113,78.928262,27.459232,0.81629235,0.34766122,77.624721,26.987105,0.88582412,0.35491191,14.28542,5.0700656,0.84007079,0.38483451,22.184772,8.5374659,0.81402455,0.37697625,34.665117,13.067926,0.82099937,0.32644638,40.285012,13.150896,0.79615227,0.3272228,38.848037,12.711963,0.8342861,0.35371947,34.636839,12.251724
0b_baseline_last,file,19,baseline,1058,020.Yellow_breasted_Chat/Yellow_Breasted_Chat_0090_21931.jpg,20,19,020.Yellow_breasted_Chat,170,169,rotation,rotation,0,"{""angle"":5.931647}",0.5388099,0.67056489,0.13175499,0.58344221,0.51141959,0.23287429,0.35579929,0.35056792,0.15562031,-0.19494762,0.81484528,1.3717996,78.928262,108.27376,False,0.98600614,True,True,True,0.81484528,1.3717996,78.928262,108.27376,0.80957093,1.3732601,77.624721,106.59893,0.97633617,1.3279536,14.28542,18.970375,0.67611716,1.1096169,22.184772,24.616598,0.8188159,1.3811391,34.665117,47.877349,0.79826889,1.4292373,40.285012,57.576842,0.81718102,1.4255102,38.848037,55.378272,0.86098949,1.3177541,34.636839,45.642836
0b_baseline_last,file,19,baseline,1058,020.Yellow_breasted_Chat/Yellow_Breasted_Chat_0090_21931.jpg,20,19,020.Yellow_breasted_Chat,170,169,random_resized_crop,random_resized_crop,0,"{""area_fraction"":0.743372,""aspect"":0.755841,""fallback"":false,""height"":0.991717,""left"":0.128355,""top"":0.001251,""width"":0.74958}",0.5388099,0.31764859,-0.22116131,0.58344221,0.72785854,0.23287429,0.14375806,0.35056792,0.58410048,0.23353256,0.78681779,0.61966629,78.928262,48.909183,False,0.9678365,True,True,True,0.78681779,0.61966629,78.928262,48.909183,0.78041571,0.61728468,77.624721,47.916551,0.96110639,0.68627234,14.28542,9.8036885,0.70786123,0.43935942,22.184772,9.7470884,0.75477452,0.59950261,34.665117,20.781828,0.76589954,0.60722203,40.285012,24.461947,0.7999423,0.65371556,38.848037,25.395566,0.83352184,0.66201141,34.636839,22.929983
0b_baseline_last,file,19,baseline,1058,020.Yellow_breasted_Chat/Yellow_Breasted_Chat_0090_21931.jpg,20,19,020.Yellow_breasted_Chat,170,169,gaussian_blur,gaussian_blur,0,"{""sigma"":1.708897}",0.5388099,1.8751957,1.3363858,0.58344221,0.15332495,0.23287429,0.54237813,0.35056792,-0.38905318,-0.7396211,0.61831064,2.3395529,78.928262,184.65685,False,0.90460163,False,True,False,0.61831064,2.3395529,78.928262,184.65685,0.60906326,2.3407168,77.624721,181.69749,0.89566624,2.3049223,14.28542,32.926783,0.56198258,2.0719112,22.184772,45.964877,0.4492899,2.1341363,34.665117,73.980084,0.61532033,2.5861178,40.285012,104.18179,0.66544744,2.3442458,38.848037,91.069346,0.7024919,2.2880485,34.636839,79.250769
0b_baseline_last,file,19,baseline,1058,020.Yellow_breasted_Chat/Yellow_Breasted_Chat_0090_21931.jpg,20,19,020.Yellow_breasted_Chat,170,169,random_erasing,random_erasing,0,"{""area_fraction"":0.171383,""erased"":true,""height"":0.702453,""left"":0.38624,""top"":0.254263,""width"":0.243977}",0.5388099,0.087134555,-0.45167534,0.58344221,0.91655374,0.23287429,0.0019643211,0.35056792,0.91458941,0.56402149,0.33108863,0.15957238,78.928262,12.594771,False,0.88920707,True,True,True,0.33108863,0.15957238,78.928262,12.594771,0.31494961,0.15794379,77.624721,12.260343,0.71359667,0.20182085,14.28542,2.8830957,0.11075053,0.1104372,22.184772,2.4500242,0.15281985,0.15452464,34.665117,5.3566146,0.24707056,0.15802572,40.285012,6.3660681,0.37128241,0.16021479,38.848037,6.2240302,0.53728118,0.17407724,34.636839,6.0294855
0b_baseline_last,file,19,baseline,929,017.Cardinal/Cardinal_0028_18054.jpg,17,16,017.Cardinal,137,136,identity,identity,0,{},0.34268293,0.34268293,0,0.70986325,0.70986325,0.040888831,0.040888831,0.66897441,0.66897441,0,1,1,40.710937,40.710937,False,0.99999994,True,True,True,1,1,40.710937,40.710937,1,1,39.946757,39.946757,1,1,7.85092,7.85092,1,1,6.5440138,6.5440138,1,1,17.828785,17.828785,1,1,19.469432,19.469432,1,1,20.032566,20.032566,1,1,21.323491,21.323491
0b_baseline_last,file,19,baseline,929,017.Cardinal/Cardinal_0028_18054.jpg,17,16,017.Cardinal,137,136,horizontal_flip,horizontal_flip,0,"{""flipped"":true}",0.34268293,0.86340261,0.52071968,0.70986325,0.42172468,0.040888831,0.018806918,0.66897441,0.40291776,-0.26605665,0.65529225,1.7238776,40.710937,70.180671,False,0.95745873,True,True,True,0.65529225,1.7238776,40.710937,70.180671,0.64308994,1.716079,39.946757,68.551791,0.94219657,1.9147543,7.85092,15.032583,0.49888307,2.0251272,6.5440138,13.25246,0.65203343,1.6414776,17.828785,29.26555,0.62011869,1.6732355,19.469432,32.576945,0.61232514,1.7376982,20.032566,34.810554,0.6998982,1.7510829,21.323491,37.339201
0b_baseline_last,file,19,baseline,929,017.Cardinal/Cardinal_0028_18054.jpg,17,16,017.Cardinal,137,136,color_jitter,color_jitter,0,"{""brightness"":0.764917,""contrast"":1.325137,""hue"":-0.000672,""saturation"":0.626528}",0.34268293,1.5122198,1.1695369,0.70986325,0.22042015,0.040888831,0.10491369,0.66897441,0.11550646,-0.55346795,0.8511159,2.5624101,40.710937,104.31812,False,0.96813095,True,True,True,0.8511159,2.5624101,40.710937,104.31812,0.84670004,2.560201,39.946757,102.27173,0.96308609,2.6189533,7.85092,20.561193,0.8142021,3.4671197,6.5440138,22.688879,0.81248254,2.5550851,17.828785,45.554062,0.8476644,2.6050835,19.469432,50.719496,0.8465179,2.536234,20.032566,50.807275,0.88166706,2.4438963,21.323491,52.1124
0b_baseline_last,file,19,baseline,929,017.Cardinal/Cardinal_0028_18054.jpg,17,16,017.Cardinal,137,136,rotation,rotation,0,"{""angle"":14.216495}",0.34268293,0.40603215,0.063349217,0.70986325,0.66628873,0.040888831,0.010918888,0.66897441,0.65536985,-0.013604569,0.70999794,1.1883914,40.710937,48.380529,False,0.95603007,True,True,True,0.70999794,1.1883914,40.710937,48.380529,0.70222368,1.1918449,39.946757,47.610338,0.93148275,1.0952002,7.85092,8.598329,0.56407622,1.4871581,6.5440138,9.7319828,0.72535805,1.1848124,17.828785,21.123765,0.6420875,1.2370627,19.469432,24.084909,0.68984966,1.1567359,20.032566,23.172389,0.77001982,1.1570997,21.323491,24.673406
0b_baseline_last,file,19,baseline,929,017.Cardinal/Cardinal_0028_18054.jpg,17,16,017.Cardinal,137,136,random_resized_crop,random_resized_crop,0,"{""area_fraction"":0.570403,""aspect"":1.205403,""fallback"":false,""height"":0.687899,""left"":0.033567,""top"":0.310594,""width"":0.829196}",0.34268293,0.19528368,-0.14739925,0.70986325,0.82260126,0.040888831,0.03733493,0.66897441,0.78526633,0.11629191,0.60627438,0.58207309,40.710937,23.696741,False,0.92348671,True,True,True,0.60627438,0.58207309,40.710937,23.696741,0.59299954,0.57247548,39.946757,22.868539,0.88531539,0.79100386,7.85092,6.210108,0.4301759,0.64909068,6.5440138,4.2476584,0.6011191,0.47766063,17.828785,8.5161086,0.48502088,0.55414197,19.469432,10.788829,0.58781485,0.58427038,20.032566,11.704435,0.69677504,0.62745307,21.323491,13.37949
0b_baseline_last,file,19,baseline,929,017.Cardinal/Cardinal_0028_18054.jpg,17,16,017.Cardinal,137,136,gaussian_blur,gaussian_blur,0,"{""sigma"":1.465875}",0.34268293,0.3034268,-0.039256126,0.70986325,0.73828393,0.040888831,0.029184731,0.66897441,0.7090992,0.040124787,0.50694266,0.91452266,40.710937,37.231074,False,0.89488918,True,True,True,0.50694266,0.91452266,40.710937,37.231074,0.49365935,0.91754212,39.946757,36.652833,0.88826341,0.83254763,7.85092,6.5362649,0.40486881,1.166727,6.5440138,7.6350777,0.33872583,0.77220842,17.828785,13.767538,0.35286429,0.91623432,19.469432,17.838562,0.51200055,0.95303873,20.032566,19.091811,0.69482456,0.95291275,21.323491,20.319426
0b_baseline_last,file,19,baseline,929,017.Cardinal/Cardinal_0028_18054.jpg,17,16,017.Cardinal,137,136,random_erasing,random_erasing,0,"{""area_fraction"":0.055448,""erased"":true,""height"":0.422085,""left"":0.275701,""top"":0.473306,""width"":0.131368}",0.34268293,0.40000004,0.057317108,0.70986325,0.67032003,0.040888831,0.02075531,0.66897441,0.64956472,-0.01940969,0.90985357,1.0828907,40.710937,44.085493,False,0.98594069,True,True,True,0.90985357,1.0828907,40.710937,44.085493,0.90706566,1.0797072,39.946757,43.130802,0.97927621,1.162277,7.85092,9.1249435,0.9254539,1.086862,6.5440138,7.11244,0.93518175,1.032262,17.828785,18.403978,0.90705557,1.06845,19.469432,20.802114,0.88492444,1.0937389,20.032566,21.910396,0.90736031,1.1079716,21.323491,23.625823
0b_baseline_last,file,19,baseline,10633,181.Worm_eating_Warbler/Worm_Eating_Warbler_0065_795551.jpg,181,180,181.Worm_eating_Warbler,184,183,identity,identity,0,{},0.72432381,0.72432381,0,0.48465216,0.48465216,0.17029765,0.17029765,0.31435451,0.31435451,0,1,1,78.931265,78.931265,False,1,True,True,True,1,1,78.931265,78.931265,1,1,77.206297,77.206297,1,1,16.41135,16.41135,1,1,14.840875,14.840875,1,1,32.858102,32.858102,1,1,40.753803,40.753803,1,1,38.476226,38.476226,1,1,38.982219,38.982219
0b_baseline_last,file,19,baseline,10633,181.Worm_eating_Warbler/Worm_Eating_Warbler_0065_795551.jpg,181,180,181.Worm_eating_Warbler,184,183,horizontal_flip,horizontal_flip,0,"{""flipped"":true}",0.72432381,0.89913952,0.17481571,0.48465216,0.40691966,0.17029765,0.087388836,0.31435451,0.31953082,0.0051763132,0.60995715,1.2751615,78.931265,100.65011,False,0.96666086,True,True,True,0.60995715,1.2751615,78.931265,100.65011,0.59669763,1.2802317,77.206297,98.841951,0.93758244,1.1572757,16.41135,18.992457,0.31066656,1.3144804,14.840875,19.50804,0.53276269,1.5263403,32.858102,50.152645,0.56670574,1.2484513,40.753803,50.879137,0.63279422,1.2492468,38.476226,48.066303,0.71595296,1.139981,38.982219,44.438989
0b_baseline_last,file,19,baseline,10633,181.Worm_eating_Warbler/Worm_Eating_Warbler_0065_795551.jpg,181,180,181.Worm_eating_Warbler,184,183,color_jitter,color_jitter,0,"{""brightness"":0.775232,""contrast"":0.877648,""hue"":0.026748,""saturation"":1.197888}",0.72432381,0.36821356,-0.35611024,0.48465216,0.69196939,0.17029765,0.030526165,0.31435451,0.66144323,0.34708872,0.77753854,0.63404316,78.931265,50.045829,False,0.97213954,True,True,True,0.77753854,0.63404316,78.931265,50.045829,0.77138432,0.63506847,77.206297,49.031285,0.91968897,0.61091091,16.41135,10.025873,0.67813667,0.73329328,14.840875,10.882714,0.74728698,0.68218415,32.858102,22.415276,0.74440413,0.65875873,40.753803,26.846924,0.78115824,0.60177171,38.476226,23.153904,0.83839508,0.58852073,38.982219,22.941844
0b_baseline_last,file,19,baseline,10633,181.Worm_eating_Warbler/Worm_Eating_Warbler_0065_795551.jpg,181,180,181.Worm_eating_Warbler,184,183,rotation,rotation,0,"{""angle"":14.062701}",0.72432381,1.7665523,1.0422285,0.48465216,0.17092124,0.17029765,0.13315669,0.31435451,0.037764549,-0.27658996,0.66133129,1.7123344,78.931265,135.15672,False,0.9417845,False,True,False,0.66133129,1.7123344,78.931265,135.15672,0.65183692,1.7222474,77.206297,132.96834,0.91410789,1.4759972,16.41135,24.223106,0.63264494,2.0817989,14.840875,30.895719,0.6177356,1.9431669,32.858102,63.848775,0.63233516,1.7175589,40.753803,69.997057,0.67633328,1.7289127,38.476226,66.522036,0.69884241,1.4791188,38.982219,57.659333
0b_baseline_last,file,19,baseline,10633,181.Worm_eating_Warbler/Worm_Eating_Warbler_0065_795551.jpg,181,180,181.Worm_eating_Warbler,184,183,random_resized_crop,random_resized_crop,0,"{""area_fraction"":0.590783,""aspect"":0.906645,""fallback"":false,""height"":0.807226,""left"":0.151128,""top"":0.054899,""width"":0.731867}",0.72432381,0.95863295,0.23430914,0.48465216,0.38341668,0.17029765,0.10812639,0.31435451,0.27529029,-0.039064221,0.62490273,1.5274625,78.931265,120.56454,False,0.94019693,True,True,True,0.62490273,1.5274625,78.931265,120.56454,0.61460112,1.5367438,77.206297,118.6463,0.90136548,1.305263,16.41135,21.421128,0.57631048,1.7108764,14.840875,25.390904,0.5855522,1.8612665,32.858102,61.157684,0.58051489,1.5518841,40.753803,63.245179,0.63465592,1.4679935,38.476226,56.482849,0.69777836,1.2830771,38.982219,50.017192
0b_baseline_last,file,19,baseline,10633,181.Worm_eating_Warbler/Worm_Eating_Warbler_0065_795551.jpg,181,180,181.Worm_eating_Warbler,184,183,gaussian_blur,gaussian_blur,0,"{""sigma"":1.749073}",0.72432381,1.2835064,0.55918258,0.48465216,0.27706411,0.17029765,0.030036772,0.31435451,0.24702734,-0.067327166,0.51410018,1.2253885,78.931265,96.721464,False,0.86625159,True,True,True,0.51410018,1.2253885,78.931265,96.721464,0.49979836,1.2248399,77.206297,94.565351,0.82742087,1.2374681,16.41135,20.308522,0.2233761,1.4296307,14.840875,21.216972,0.29582646,1.25029,32.858102,41.082156,0.56715936,1.2620812,40.753803,51.434608,0.52535649,1.2288624,38.476226,47.281988,0.60523618,1.1250983,38.982219,43.858829
0b_baseline_last,file,19,baseline,10633,181.Worm_eating_Warbler/Worm_Eating_Warbler_0065_795551.jpg,181,180,181.Worm_eating_Warbler,184,183,random_erasing,random_erasing,0,"{""area_fraction"":0.19272,""erased"":true,""height"":0.440732,""left"":0.010305,""top"":0.351578,""width"":0.437273}",0.72432381,1.3911161,0.66679233,0.48465216,0.24879745,0.17029765,0.047287378,0.31435451,0.20151007,-0.11284444,0.76900002,1.510482,78.931265,119.22425,False,0.94660991,True,True,True,0.76900002,1.510482,78.931265,119.22425,0.76449231,1.5206101,77.206297,117.40068,0.90135291,1.2657504,16.41135,20.772673,0.79699229,1.5931623,14.840875,23.643923,0.72602071,1.6505724,32.858102,54.234676,0.7632444,1.540368,40.753803,62.775854,0.76810706,1.4878778,38.476226,57.247921,0.79307759,1.420047,38.982219,55.356585
0b_baseline_last,file,19,baseline,6757,116.Chipping_Sparrow/Chipping_Sparrow_0079_110449.jpg,116,115,116.Chipping_Sparrow,130,129,identity,identity,0,{},0.81152344,0.81152344,0,0.44418088,0.44418088,0.41909245,0.41909245,0.025088429,0.025088429,0,1,1,123.16265,123.16265,False,0.99999994,True,True,True,1,1,123.16265,123.16265,1,1,121.06924,121.06924,1,1,22.611444,22.611444,1,1,26.623341,26.623341,1,1,61.578013,61.578013,1,1,61.255757,61.255757,1,1,56.637923,56.637923,1,1,56.541879,56.541879
0b_baseline_last,file,19,baseline,6757,116.Chipping_Sparrow/Chipping_Sparrow_0079_110449.jpg,116,115,116.Chipping_Sparrow,130,129,horizontal_flip,horizontal_flip,0,"{""flipped"":true}",0.81152344,0.81390613,0.0023826957,0.44418088,0.44312379,0.41909245,0.097828127,0.025088429,0.34529566,0.32020723,0.542627,1.1637637,123.16265,143.33222,False,0.95909822,True,True,True,0.542627,1.1637637,123.16265,143.33222,0.53558053,1.164773,121.06924,141.01817,0.75022431,1.1344467,22.611444,25.651478,0.61108624,1.4306667,26.623341,38.089128,0.44886332,1.1307657,61.578013,69.630306,0.55988754,1.1605727,61.255757,71.091757,0.47692732,1.1243463,56.637923,63.680641,0.64525354,1.1834703,56.541879,66.915637
0b_baseline_last,file,19,baseline,6757,116.Chipping_Sparrow/Chipping_Sparrow_0079_110449.jpg,116,115,116.Chipping_Sparrow,130,129,color_jitter,color_jitter,0,"{""brightness"":0.662308,""contrast"":1.344436,""hue"":0.047843,""saturation"":1.148447}",0.81152344,1.1457945,0.33427107,0.44418088,0.3179712,0.41909245,0.10423025,0.025088429,0.21374095,0.18865252,0.43143186,0.96901622,123.16265,119.3466,False,0.90772331,True,True,True,0.43143186,0.96901622,123.16265,119.3466,0.42108113,0.97362269,121.06924,117.87576,0.78683519,0.82610092,22.611444,18.679335,0.40118008,1.4438262,26.623341,38.439479,0.21047424,0.92056468,61.578013,56.686543,0.36679605,0.94451889,61.255757,57.857219,0.51943184,0.96820639,56.637923,54.8372,0.64637652,0.94403519,56.541879,53.377523
0b_baseline_last,file,19,baseline,6757,116.Chipping_Sparrow/Chipping_Sparrow_0079_110449.jpg,116,115,116.Chipping_Sparrow,130,129,rotation,rotation,0,"{""angle"":-8.01915}",0.81152344,1.9897722,1.1782488,0.44418088,0.13672657,0.41909245,0.63800943,0.025088429,-0.50128286,-0.52637129,0.82580401,1.5226735,123.16265,187.53649,False,0.9753536,False,True,False,0.82580401,1.5226735,123.16265,187.53649,0.8206372,1.5227425,121.06924,184.35727,0.97413103,1.5206927,22.611444,34.385059,0.85458211,1.6789324,26.623341,44.698789,0.86297066,1.5127385,61.578013,93.15143,0.80348632,1.5404949,61.255757,94.364182,0.77536416,1.5266202,56.637923,86.464595,0.83017388,1.4724817,56.541879,83.256881
0b_baseline_last,file,19,baseline,6757,116.Chipping_Sparrow/Chipping_Sparrow_0079_110449.jpg,116,115,116.Chipping_Sparrow,130,129,random_resized_crop,random_resized_crop,0,"{""area_fraction"":0.614188,""aspect"":1.179252,""fallback"":false,""height"":0.721684,""left"":0.143926,""top"":0.128449,""width"":0.851047}",0.81152344,3.2548866,2.4433632,0.44418088,0.038585193,0.41909245,0.94148004,0.025088429,-0.90289485,-0.92798328,0.68192364,2.0333545,123.16265,250.43333,False,0.94957036,False,True,False,0.68192364,2.0333545,123.16265,250.43333,0.67336305,2.0349577,121.06924,246.37078,0.93347842,1.9868438,22.611444,44.925407,0.43204268,2.0729476,26.623341,55.18879,0.67939117,1.7737798,61.578013,109.22583,0.66503714,2.2470037,61.255757,137.64191,0.69634478,2.1431957,56.637923,121.38615,0.72300316,1.9408391,56.541879,109.73869
0b_baseline_last,file,19,baseline,6757,116.Chipping_Sparrow/Chipping_Sparrow_0079_110449.jpg,116,115,116.Chipping_Sparrow,130,129,gaussian_blur,gaussian_blur,0,"{""sigma"":1.981728}",0.81152344,4.0023146,3.1907911,0.44418088,0.018273296,0.41909245,0.037456539,0.025088429,-0.019183243,-0.044271672,0.32143355,1.4780384,123.16265,182.03912,False,0.79502225,False,True,False,0.32143355,1.4780384,123.16265,182.03912,0.3106969,1.4759933,121.06924,178.69738,0.61755279,1.5355106,22.611444,34.720112,0.11057269,1.4790417,26.623341,39.377032,0.16480196,1.3552143,61.578013,83.451402,0.33271717,1.6716569,61.255757,102.39861,0.3640202,1.5101124,56.637923,85.529631,0.45040396,1.3255391,56.541879,74.948471
0b_baseline_last,file,19,baseline,6757,116.Chipping_Sparrow/Chipping_Sparrow_0079_110449.jpg,116,115,116.Chipping_Sparrow,130,129,random_erasing,random_erasing,0,"{""area_fraction"":0.171729,""erased"":true,""height"":0.725382,""left"":0.439446,""top"":0.125581,""width"":0.236743}",0.81152344,2.7600079,1.9484844,0.44418088,0.063291281,0.41909245,0.0040478385,0.025088429,0.059243443,0.034155014,0.20188581,1.135144,123.16265,139.80733,False,0.76473171,False,True,False,0.20188581,1.135144,123.16265,139.80733,0.18891961,1.137466,121.06924,137.71214,0.59878241,1.0664243,22.611444,24.113394,0.10921484,0.94762371,26.623341,25.228909,0.0028160019,1.1710104,61.578013,72.108496,0.18914907,1.0647567,61.255757,65.222477,0.22699718,1.0852478,56.637923,61.466184,0.37606764,1.2625924,56.541879,71.389344
0b_baseline_last,file,19,baseline,3123,054.Blue_Grosbeak/Blue_Grosbeak_0065_36847.jpg,54,53,054.Blue_Grosbeak,14,13,identity,identity,0,{},0.0055064666,0.0055064666,0,0.99450868,0.99450868,0.0026789131,0.0026789131,0.99182977,0.99182977,0,1,1,1.014174,1.014174,False,1.0000001,True,True,True,1,1,1.014174,1.014174,1,1,0.99813891,0.99813891,1,1,0.17963162,0.17963162,1,1,0.22614719,0.22614719,1,1,0.43028951,0.43028951,1,1,0.59325895,0.59325895,1,1,0.46026968,0.46026968,1,1,0.44292811,0.44292811
0b_baseline_last,file,19,baseline,3123,054.Blue_Grosbeak/Blue_Grosbeak_0065_36847.jpg,54,53,054.Blue_Grosbeak,14,13,horizontal_flip,horizontal_flip,0,"{""flipped"":true}",0.0055064666,0.04399243,0.038485963,0.99450868,0.95696121,0.0026789131,0.021954667,0.99182977,0.93500655,-0.056823223,0.74908062,7.9610489,1.014174,8.0738884,False,0.9557327,True,True,True,0.74908062,7.9610489,1.014174,8.0738884,0.74275335,7.9693763,0.99813891,7.9545446,0.95171789,7.6995033,0.17963162,1.3830743,0.7266967,7.7802368,0.22614719,1.7594787,0.69422412,7.4869947,0.43028951,3.2215753,0.77924118,7.8347139,0.59325895,4.6480141,0.70183159,8.3855304,0.46026968,3.8596054,0.77400461,8.2336155,0.44292811,3.6468998
0b_baseline_last,file,19,baseline,3123,054.Blue_Grosbeak/Blue_Grosbeak_0065_36847.jpg,54,53,054.Blue_Grosbeak,14,13,color_jitter,color_jitter,0,"{""brightness"":1.258002,""contrast"":1.02642,""hue"":-0.035516,""saturation"":0.742101}",0.0055064666,1.4751725,1.4696661,0.99450868,0.22873929,0.0026789131,0.57707602,0.99182977,-0.34833673,-1.3401665,0.70282997,149.01822,1.014174,151.1304,False,0.85134023,False,True,False,0.70282997,149.01822,1.014174,151.1304,0.69977073,149.45695,0.99813891,149.1788,0.81123435,134.77133,0.17963162,24.209192,0.57897373,134.61438,0.22614719,30.442664,0.61194539,144.77445,0.43028951,62.294928,0.75516611,157.94791,0.59325895,93.704008,0.72179313,153.19663,0.46026968,70.511762,0.68351908,137.2295,0.44292811,60.782805
0b_baseline_last,file,19,baseline,3123,054.Blue_Grosbeak/Blue_Grosbeak_0065_36847.jpg,54,53,054.Blue_Grosbeak,14,13,rotation,rotation,0,"{""angle"":2.531972}",0.0055064666,0.0087026851,0.0031962185,0.99450868,0.99133509,0.0026789131,0.004029504,0.99182977,0.98730559,-0.0045241807,0.91109925,1.6008864,1.014174,1.6235773,False,0.99029267,True,True,True,0.91109925,1.6008864,1.014174,1.6235773,0.90864518,1.6015253,0.99813891,1.5985447,0.9879254,1.581033,0.17963162,0.28400352,0.90935515,1.8257968,0.22614719,0.41289881,0.88154397,1.5659221,0.43028951,0.67379986,0.9237333,1.599111,0.59325895,0.94868689,0.89635127,1.6022326,0.46026968,0.73745908,0.92257821,1.5755479,0.44292811,0.69785445
0b_baseline_last,file,19,baseline,3123,054.Blue_Grosbeak/Blue_Grosbeak_0065_36847.jpg,54,53,054.Blue_Grosbeak,14,13,random_resized_crop,random_resized_crop,0,"{""area_fraction"":0.730197,""aspect"":0.835674,""fallback"":false,""height"":0.934763,""left"":0.028084,""top"":0.047504,""width"":0.781158}",0.0055064666,0.018539594,0.013033128,0.99450868,0.98163122,0.0026789131,0.016045548,0.99182977,0.96558567,-0.026244099,0.81660911,4.0820845,1.014174,4.1399437,False,0.97745764,True,True,True,0.81660911,4.0820845,1.014174,4.1399437,0.81300583,4.0794932,0.99813891,4.0719009,0.92583163,4.1612986,0.17963162,0.74750083,0.89066251,3.9816356,0.22614719,0.90043571,0.80458099,3.7546444,0.43028951,1.6155841,0.85196804,4.1353315,0.59325895,2.4533224,0.76864304,4.1837519,0.46026968,1.9256542,0.78278312,4.182875,0.44292811,1.8527129
0b_baseline_last,file,19,baseline,3123,054.Blue_Grosbeak/Blue_Grosbeak_0065_36847.jpg,54,53,054.Blue_Grosbeak,14,13,gaussian_blur,gaussian_blur,0,"{""sigma"":1.302208}",0.0055064666,0.1111852,0.10567873,0.99450868,0.89477301,0.0026789131,0.087778002,0.99182977,0.806995,-0.18483477,0.73482856,20.929685,1.014174,21.226342,False,0.95827812,True,True,True,0.73482856,20.929685,1.014174,21.226342,0.72905305,20.930386,0.99813891,20.891432,0.91334248,20.908043,0.17963162,3.7557457,0.66081617,25.491942,0.22614719,5.764931,0.66974917,21.595058,0.43028951,9.292127,0.76338317,19.656269,0.59325895,11.661257,0.72481876,21.790008,0.46026968,10.02928,0.76493627,20.231651,0.44292811,8.9611671
0b_baseline_last,file,19,baseline,3123,054.Blue_Grosbeak/Blue_Grosbeak_0065_36847.jpg,54,53,054.Blue_Grosbeak,14,13,random_erasing,random_erasing,0,"{""area_fraction"":0.074782,""erased"":true,""height"":0.182573,""left"":0.491234,""top"":0.811196,""width"":0.409601}",0.0055064666,0.0083694905,0.0028630239,0.99450868,0.99166542,0.0026789131,0.0044551464,0.99182977,0.98721028,-0.0046194941,0.98917652,1.4796739,1.014174,1.5006468,False,0.99660879,True,True,True,0.98917652,1.4796739,1.014174,1.5006468,0.98898724,1.479595,0.99813891,1.4768414,0.99501241,1.4821086,0.17963162,0.26623357,0.99311785,1.4861026,0.22614719,0.33607793,0.99077672,1.434791,0.43028951,0.61737553,0.99300749,1.4845609,0.59325895,0.88072906,0.98683103,1.4936501,0.46026968,0.68748185,0.98200021,1.4952819,0.44292811,0.66230241
0b_baseline_last,file,19,baseline,6283,108.White_necked_Raven/White_Necked_Raven_0025_797346.jpg,108,107,108.White_necked_Raven,23,22,identity,identity,0,{},0.034912538,0.034912538,0,0.9656899,0.9656899,0.024065534,0.024065534,0.94162436,0.94162436,0,1,1,8.3829952,8.3829952,False,0.99999988,True,True,True,1,1,8.3829952,8.3829952,1,1,8.2347244,8.2347244,1,1,1.569689,1.569689,1,1,3.1909633,3.1909633,1,1,3.4685191,3.4685191,1,1,3.6914232,3.6914232,1,1,3.6995822,3.6995822,1,1,4.2760145,4.2760145
0b_baseline_last,file,19,baseline,6283,108.White_necked_Raven/White_Necked_Raven_0025_797346.jpg,108,107,108.White_necked_Raven,23,22,horizontal_flip,horizontal_flip,0,"{""flipped"":true}",0.034912538,0.020519126,-0.014393412,0.9656899,0.97968996,0.024065534,0.010006498,0.94162436,0.96968346,0.028059094,0.67542144,0.57988614,8.3829952,4.8611828,False,0.97461104,True,True,True,0.67542144,0.57988614,8.3829952,4.8611828,0.66645338,0.5821215,8.2347244,4.7936101,0.95962104,0.51456885,1.569689,0.80771306,0.41257151,0.36944557,3.1909633,1.1788873,0.60870459,0.63857738,3.4685191,2.2149178,0.69831087,0.62246856,3.6914232,2.2977949,0.67931531,0.63397027,3.6995822,2.3454251,0.79527773,0.56815534,4.2760145,2.4294405
0b_baseline_last,file,19,baseline,6283,108.White_necked_Raven/White_Necked_Raven_0025_797346.jpg,108,107,108.White_necked_Raven,23,22,color_jitter,color_jitter,0,"{""brightness"":0.939109,""contrast"":1.111321,""hue"":-0.055499,""saturation"":0.651}",0.034912538,0.018277319,-0.016635219,0.9656899,0.98188871,0.024065534,0.009657518,0.94162436,0.97223119,0.03060683,0.82158328,0.49724463,8.3829952,4.1683993,False,0.96760982,True,True,True,0.82158328,0.49724463,8.3829952,4.1683993,0.81683811,0.49751782,8.2347244,4.0969221,0.9543716,0.48966622,1.569689,0.76862368,0.86355311,0.43570827,3.1909633,1.3903291,0.70285978,0.46775177,3.4685191,1.6224059,0.7428724,0.48991777,3.6914232,1.8084938,0.8427412,0.53615686,3.6995822,1.9835564,0.90103785,0.52368568,4.2760145,2.2392876
0b_baseline_last,file,19,baseline,6283,108.White_necked_Raven/White_Necked_Raven_0025_797346.jpg,108,107,108.White_necked_Raven,23,22,rotation,rotation,0,"{""angle"":9.412112}",0.034912538,0.1692542,0.13434166,0.9656899,0.84429425,0.024065534,0.080928735,0.94162436,0.76336551,-0.17825885,0.80889126,3.7021324,8.3829952,31.034958,False,0.97274256,True,True,True,0.80889126,3.7021324,8.3829952,31.034958,0.80338043,3.7033143,8.2347244,30.495772,0.96198979,3.6694559,1.569689,5.7599045,0.82190937,3.1178397,3.1909633,9.9489122,0.78101508,3.6349948,3.4685191,12.608049,0.80596474,3.9028399,3.6914232,14.407033,0.76698486,3.9185695,3.6995822,14.49707,0.84323973,3.7295093,4.2760145,15.947436
0b_baseline_last,file,19,baseline,6283,108.White_necked_Raven/White_Necked_Raven_0025_797346.jpg,108,107,108.White_necked_Raven,23,22,random_resized_crop,random_resized_crop,0,"{""area_fraction"":0.683811,""aspect"":1.088437,""fallback"":false,""height"":0.792623,""left"":0.107528,""top"":0.049146,""width"":0.86272}",0.034912538,0.051119253,0.016206715,0.9656899,0.95016533,0.024065534,0.012034537,0.94162436,0.93813079,-0.0034935698,0.56265877,1.4731587,8.3829952,12.349483,False,0.95754433,True,True,True,0.56265877,1.4731587,8.3829952,12.349483,0.55550655,1.4863352,8.2347244,12.239561,0.87592411,1.0473687,1.569689,1.6440431,0.084770114,1.2594292,3.1909633,4.0187923,0.44350469,1.7630505,3.4685191,6.1151744,0.62408495,1.5822223,3.6914232,5.840652,0.66192806,1.4856891,3.6995822,5.4964291,0.76886936,1.3216207,4.2760145,5.6512692
0b_baseline_last,file,19,baseline,6283,108.White_necked_Raven/White_Necked_Raven_0025_797346.jpg,108,107,108.White_necked_Raven,23,22,gaussian_blur,gaussian_blur,0,"{""sigma"":1.57232}",0.034912538,0.33915389,0.30424135,0.9656899,0.71237284,0.024065534,0.26226571,0.94162436,0.45010713,-0.49151724,0.71143258,9.6239155,8.3829952,80.677238,False,0.94156027,True,True,True,0.71143258,9.6239155,8.3829952,80.677238,0.70403955,9.6463359,8.2347244,79.434917,0.93161322,8.9849431,1.569689,14.103566,0.81279007,6.3170574,3.1909633,20.157499,0.59732825,9.3919698,3.4685191,32.576226,0.63558252,11.045747,3.6914232,40.774527,0.72890886,10.293241,3.6995822,38.08069,0.80073927,9.726183,4.2760145,41.5893
0b_baseline_last,file,19,baseline,6283,108.White_necked_Raven/White_Necked_Raven_0025_797346.jpg,108,107,108.White_necked_Raven,23,22,random_erasing,random_erasing,0,"{""area_fraction"":0.059527,""erased"":true,""height"":0.163151,""left"":0.358281,""top"":0.36735,""width"":0.364857}",0.034912538,0.6374414,0.60252886,0.9656899,0.52864331,0.024065534,0.15629657,0.94162436,0.37234674,-0.56927762,0.80092134,9.114561,8.3829952,76.407321,False,0.95209801,True,True,True,0.80092134,9.114561,8.3829952,76.407321,0.79684882,9.0956662,8.2347244,74.900304,0.90810535,9.6200165,1.569689,15.100434,0.78194703,4.8791149,3.1909633,15.569077,0.78298008,8.6436611,3.4685191,29.980704,0.84391646,10.137074,3.6914232,37.420231,0.8007942,9.7784764,3.6995822,36.176277,0.82208404,9.8105865,4.2760145,41.950211
0b_baseline_last,file,19,baseline,3114,054.Blue_Grosbeak/Blue_Grosbeak_0037_36794.jpg,54,53,054.Blue_Grosbeak,14,13,identity,identity,0,{},0.0025915867,0.0025915867,0,0.99741179,0.99741179,0.0008397515,0.0008397515,0.99657204,0.99657204,0,1,1,0.42498068,0.42498068,False,1,True,True,True,1,1,0.42498068,0.42498068,1,1,0.41731232,0.41731232,1,1,0.08036794,0.08036794,1,1,0.10824809,0.10824809,1,1,0.1749639,0.1749639,1,1,0.23175071,0.23175071,1,1,0.19685525,0.19685525,1,1,0.19839146,0.19839146
0b_baseline_last,file,19,baseline,3114,054.Blue_Grosbeak/Blue_Grosbeak_0037_36794.jpg,54,53,054.Blue_Grosbeak,14,13,horizontal_flip,horizontal_flip,0,"{""flipped"":true}",0.0025915867,0.0015801813,-0.0010114054,0.99741179,0.99842107,0.0008397515,0.00047280279,0.99657204,0.99794827,0.0013762342,0.72170928,0.61898987,0.42498068,0.26305874,False,0.98544884,True,True,True,0.72170928,0.61898987,0.42498068,0.26305874,0.71210383,0.61864048,0.41731232,0.25816629,0.97678154,0.62833718,0.08036794,0.050498165,0.87203609,0.52428976,0.10824809,0.056753367,0.66559407,0.58183852,0.1749639,0.10180073,0.68003331,0.60407828,0.23175071,0.13999557,0.65904184,0.64964634,0.19685525,0.12788629,0.80349059,0.65936414,0.19839146,0.13081221
0b_baseline_last,file,19,baseline,3114,054.Blue_Grosbeak/Blue_Grosbeak_0037_36794.jpg,54,53,054.Blue_Grosbeak,14,13,color_jitter,color_jitter,0,"{""brightness"":1.295927,""contrast"":0.93154,""hue"":-0.024923,""saturation"":0.990467}",0.0025915867,0.030564951,0.027973364,0.99741179,0.96989745,0.0008397515,0.020785745,0.99657204,0.9491117,-0.047460332,0.81164137,14.407303,0.42498068,6.1228253,False,0.96067804,True,True,True,0.81164137,14.407303,0.42498068,6.1228253,0.8086185,14.466485,0.41731232,6.0370424,0.91103078,12.708143,0.08036794,1.0213272,0.75764028,11.629022,0.10824809,1.2588195,0.72950368,14.619931,0.1749639,2.55796,0.86494362,15.559911,0.23175071,3.6060204,0.82340231,15.050786,0.19685525,2.9628263,0.79723695,12.886809,0.19839146,2.5566328
0b_baseline_last,file,19,baseline,3114,054.Blue_Grosbeak/Blue_Grosbeak_0037_36794.jpg,54,53,054.Blue_Grosbeak,14,13,rotation,rotation,0,"{""angle"":11.16861}",0.0025915867,0.010885972,0.0082943849,0.99741179,0.98917305,0.0008397515,0.00389391,0.99657204,0.98527914,-0.011292891,0.84132779,4.1321434,0.42498068,1.7560811,False,0.98209482,True,True,True,0.84132779,4.1321434,0.42498068,1.7560811,0.83695455,4.1438523,0.41731232,1.7292806,0.97281382,3.8028783,0.08036794,0.3056295,0.94700063,4.876745,0.10824809,0.52789835,0.84610936,4.2071091,0.1749639,0.7360922,0.82139494,3.8366583,0.23175071,0.88914831,0.79678659,4.2961677,0.19685525,0.84572318,0.85972882,4.1075625,0.19839146,0.81490531
0b_baseline_last,file,19,baseline,3114,054.Blue_Grosbeak/Blue_Grosbeak_0037_36794.jpg,54,53,054.Blue_Grosbeak,14,13,random_resized_crop,random_resized_crop,0,"{""area_fraction"":0.562091,""aspect"":0.951448,""fallback"":false,""height"":0.768618,""left"":0.201622,""top"":0.145309,""width"":0.7313}",0.0025915867,0.034460824,0.031869237,0.99741179,0.9661262,0.0008397515,0.010575269,0.99657204,0.95555093,-0.041021102,0.78636633,14.622396,0.42498068,6.2142358,False,0.95634687,True,True,True,0.78636633,14.622396,0.42498068,6.2142358,0.78159332,14.695386,0.41731232,6.1325655,0.94777507,12.494712,0.08036794,1.0041743,0.90103224,13.65347,0.10824809,1.4779621,0.78646709,15.294101,0.1749639,2.6759156,0.79270269,14.805936,0.23175071,3.4312863,0.72008183,14.249417,0.19685525,2.8050725,0.78949959,14.800063,0.19839146,2.9362061
0b_baseline_last,file,19,baseline,3114,054.Blue_Grosbeak/Blue_Grosbeak_0037_36794.jpg,54,53,054.Blue_Grosbeak,14,13,gaussian_blur,gaussian_blur,0,"{""sigma"":1.500641}",0.0025915867,0.029814059,0.027222472,0.99741179,0.970626,0.0008397515,0.019499499,0.99657204,0.9511265,-0.045445539,0.69571343,12.558126,0.42498068,5.3369607,False,0.93959963,True,True,True,0.69571343,12.558126,0.42498068,5.3369607,0.68867832,12.578719,0.41731232,5.2492543,0.89549043,11.989556,0.08036794,0.96357592,0.83917338,10.866618,0.10824809,1.1762907,0.64412455,12.269164,0.1749639,2.1466608,0.6834488,12.465817,0.23175071,2.8889619,0.68405034,13.527466,0.19685525,2.6629527,0.69988823,12.475147,0.19839146,2.4749627
0b_baseline_last,file,19,baseline,3114,054.Blue_Grosbeak/Blue_Grosbeak_0037_36794.jpg,54,53,054.Blue_Grosbeak,14,13,random_erasing,random_erasing,0,"{""area_fraction"":0.113738,""erased"":true,""height"":0.277576,""left"":0.42695,""top"":0.454968,""width"":0.409756}",0.0025915867,0.63707292,0.63448133,0.99741179,0.5288381,0.0008397515,0.34290466,0.99657204,0.18593344,-0.8106386,0.7089646,215.24724,0.42498068,91.475919,False,0.88908982,True,True,True,0.7089646,215.24724,0.42498068,91.475919,0.70521438,215.74819,0.41731232,90.034375,0.8190054,201.27128,0.08036794,16.175758,0.86161398,202.49262,0.10824809,21.91944,0.74744056,234.00301,0.1749639,40.942079,0.75142681,218.32951,0.23175071,50.59802,0.67134879,225.29633,0.19685525,44.350766,0.59146519,190.09738,0.19839146,37.713696
0b_baseline_last,file,19,baseline,11057,188.Pileated_Woodpecker/Pileated_Woodpecker_0124_180168.jpg,188,187,188.Pileated_Woodpecker,187,186,identity,identity,0,{},0.023577681,0.023577681,0,0.9766981,0.9766981,0.013095702,0.013095702,0.9636024,0.9636024,0,1,1,4.5849951,4.5849951,False,1,True,True,True,1,1,4.5849951,4.5849951,1,1,4.5042615,4.5042615,1,1,0.85662612,0.85662612,1,1,1.1575609,1.1575609,1,1,1.8376131,1.8376131,1,1,2.3866917,2.3866917,1,1,2.19301,2.19301,1,1,2.2507804,2.2507804
0b_baseline_last,file,19,baseline,11057,188.Pileated_Woodpecker/Pileated_Woodpecker_0124_180168.jpg,188,187,188.Pileated_Woodpecker,187,186,horizontal_flip,horizontal_flip,0,"{""flipped"":true}",0.023577681,0.013163803,-0.010413878,0.9766981,0.98692244,0.013095702,0.005217094,0.9636024,0.98170535,0.01810295,0.61683896,0.53340525,4.5849951,2.4456604,False,0.97045565,True,True,True,0.61683896,0.53340525,4.5849951,2.4456604,0.60519808,0.53319292,4.5042615,2.4016403,0.93511368,0.53924251,0.85662612,0.46192922,0.79347947,0.43694093,1.1575609,0.50578572,0.51139293,0.42981812,1.8376131,0.7898394,0.59826374,0.55332154,2.3866917,1.320608,0.54174554,0.59141878,2.19301,1.2969873,0.7030791,0.53721107,2.2507804,1.2091441
0b_baseline_last,file,19,baseline,11057,188.Pileated_Woodpecker/Pileated_Woodpecker_0124_180168.jpg,188,187,188.Pileated_Woodpecker,187,186,color_jitter,color_jitter,0,"{""brightness"":0.677637,""contrast"":1.284596,""hue"":-0.085468,""saturation"":0.97085}",0.023577681,1.437026,1.4134483,0.9766981,0.23763345,0.013095702,0.57341468,0.9636024,-0.33578123,-1.2993836,0.69274222,44.084843,4.5849951,202.12879,False,0.90347344,False,True,False,0.69274222,44.084843,4.5849951,202.12879,0.68876973,44.442333,4.5042615,200.17989,0.87414217,32.68758,0.85662612,28.001035,0.679129,66.017546,1.1575609,76.419327,0.71054244,50.978013,1.8376131,93.677863,0.71314293,41.771656,2.3866917,99.696066,0.66281367,41.100965,2.19301,90.134826,0.71278252,38.201066,2.2507804,85.98221
0b_baseline_last,file,19,baseline,11057,188.Pileated_Woodpecker/Pileated_Woodpecker_0124_180168.jpg,188,187,188.Pileated_Woodpecker,187,186,rotation,rotation,0,"{""angle"":-7.908669}",0.023577681,0.10862463,0.085046949,0.9766981,0.89706707,0.013095702,0.070531011,0.9636024,0.82653606,-0.13706634,0.77245178,5.2855511,4.5849951,24.234226,False,0.96564519,True,True,True,0.77245178,5.2855511,4.5849951,24.234226,0.76707418,5.3121046,4.5042615,23.927108,0.95899728,4.4896287,0.85662612,3.8459332,0.81300725,5.9566139,1.1575609,6.8951431,0.7646643,6.0115393,1.8376131,11.046883,0.74982445,5.2418504,2.3866917,12.510681,0.73101071,5.2220541,2.19301,11.452017,0.82397119,4.7699499,2.2507804,10.73611
0b_baseline_last,file,19,baseline,11057,188.Pileated_Woodpecker/Pileated_Woodpecker_0124_180168.jpg,188,187,188.Pileated_Woodpecker,187,186,random_resized_crop,random_resized_crop,0,"{""area_fraction"":0.539862,""aspect"":0.986635,""fallback"":false,""height"":0.739713,""left"":0.005676,""top"":0.022931,""width"":0.729827}",0.023577681,0.091167673,0.067589993,0.9766981,0.91286463,0.013095702,0.077832781,0.9636024,0.83503184,-0.12857055,0.69697964,5.0064914,4.5849951,22.954739,False,0.95102262,True,True,True,0.69697964,5.0064914,4.5849951,22.954739,0.68975006,5.0175015,4.5042615,22.600139,0.91225487,4.6918647,0.85662612,4.0191739,0.75491714,4.863929,1.1575609,5.6302939,0.71093811,5.5577722,1.8376131,10.213035,0.65671108,4.9946024,2.3866917,11.920576,0.63861612,4.8918628,2.19301,10.727904,0.74751976,4.8174661,2.2507804,10.843058
0b_baseline_last,file,19,baseline,11057,188.Pileated_Woodpecker/Pileated_Woodpecker_0124_180168.jpg,188,187,188.Pileated_Woodpecker,187,186,gaussian_blur,gaussian_blur,0,"{""sigma"":1.888614}",0.023577681,0.036794119,0.013216438,0.9766981,0.96387458,0.013095702,0.0058321748,0.9636024,0.9580424,-0.0055599948,0.49969944,1.4401626,4.5849951,6.6031386,False,0.92067695,True,True,True,0.49969944,1.4401626,4.5849951,6.6031386,0.48888566,1.44677,4.5042615,6.5166304,0.85306378,1.2436564,0.85662612,1.0653485,0.3357356,1.6142329,1.1575609,1.8685729,0.32919855,1.5492221,1.8376131,2.8468707,0.41354705,1.4864991,2.3866917,3.5478152,0.58096703,1.491657,2.19301,3.2712186,0.6828608,1.2234025,2.2507804,2.7536103
0b_baseline_last,file,19,baseline,11057,188.Pileated_Woodpecker/Pileated_Woodpecker_0124_180168.jpg,188,187,188.Pileated_Woodpecker,187,186,random_erasing,random_erasing,0,"{""area_fraction"":0.06842,""erased"":true,""height"":0.360733,""left"":0.534814,""top"":0.635506,""width"":0.18967}",0.023577681,0.0076426724,-0.015935008,0.9766981,0.99238646,0.013095702,0.0011208807,0.9636024,0.99126558,0.027663181,0.8226394,0.26504745,4.5849951,1.2152412,False,0.98484612,True,True,True,0.8226394,0.26504745,4.5849951,1.2152412,0.82004386,0.26326208,4.5042615,1.1858013,0.8942203,0.31036835,0.85662612,0.26586964,0.86454455,0.19895384,1.1575609,0.23030118,0.77687559,0.24004244,1.8376131,0.44110513,0.78901117,0.25788449,2.3866917,0.6154908,0.83475031,0.27778822,2.19301,0.60919234,0.86575207,0.28398739,2.2507804,0.63919326
0b_baseline_last,file,19,baseline,1103,020.Yellow_breasted_Chat/Yellow_Breasted_Chat_0012_21961.jpg,20,19,020.Yellow_breasted_Chat,200,199,identity,identity,0,{},0.057738233,0.057738233,0,0.94389701,0.94389701,0.027624952,0.027624952,0.91627206,0.91627206,0,1,1,6.7500905,6.7500905,False,1.0000001,True,True,True,1,1,6.7500905,6.7500905,1,1,6.5439685,6.5439685,1,1,1.655354,1.655354,1,1,1.3510511,1.3510511,1,1,2.3247091,2.3247091,1,1,3.3015921,3.3015921,1,1,3.2871122,3.2871122,1,1,3.7267004,3.7267004
0b_baseline_last,file,19,baseline,1103,020.Yellow_breasted_Chat/Yellow_Breasted_Chat_0012_21961.jpg,20,19,020.Yellow_breasted_Chat,200,199,horizontal_flip,horizontal_flip,0,"{""flipped"":true}",0.057738233,0.042745803,-0.014992431,0.94389701,0.95815492,0.027624952,0.009751468,0.91627206,0.94840345,0.032131392,0.55555348,0.76892605,6.7500905,5.1903204,False,0.96510375,True,True,True,0.55555348,0.76892605,6.7500905,5.1903204,0.53504124,0.77513522,6.5439685,5.0724605,0.93581802,0.66439251,1.655354,1.0998048,-0.067322992,0.77776378,1.3510511,1.0507986,0.41820941,0.83160171,2.3247091,1.9332321,0.53013215,0.73525578,3.3015921,2.4275147,0.51843404,0.7954182,3.2871122,2.6146288,0.6831041,0.76647637,3.7267004,2.8564278
0b_baseline_last,file,19,baseline,1103,020.Yellow_breasted_Chat/Yellow_Breasted_Chat_0012_21961.jpg,20,19,020.Yellow_breasted_Chat,200,199,color_jitter,color_jitter,0,"{""brightness"":1.134761,""contrast"":1.029855,""hue"":-0.053014,""saturation"":1.291177}",0.057738233,0.54729348,0.48955525,0.94389701,0.57851344,0.027624952,0.038172621,0.91627206,0.54034082,-0.37593124,0.46944736,8.7856698,6.7500905,59.304066,False,0.89439625,True,True,True,0.46944736,8.7856698,6.7500905,59.304066,0.45547393,8.9247793,6.5439685,58.403475,0.81237413,6.2197784,1.655354,10.295935,0.40651723,8.42332,1.3510511,11.380336,0.36755111,10.975613,2.3247091,25.515108,0.44021616,9.8716296,3.3015921,32.592095,0.42182805,8.9013618,3.2871122,29.259775,0.58409204,7.1603132,3.7267004,26.684342
0b_baseline_last,file,19,baseline,1103,020.Yellow_breasted_Chat/Yellow_Breasted_Chat_0012_21961.jpg,20,19,020.Yellow_breasted_Chat,200,199,rotation,rotation,0,"{""angle"":-6.691356}",0.057738233,0.01266084,-0.045077394,0.94389701,0.98741895,0.027624952,0.0029649052,0.91627206,0.98445404,0.068181987,0.70447999,0.23358652,6.7500905,1.5767301,False,0.97299719,True,True,True,0.70447999,0.23358652,6.7500905,1.5767301,0.69009278,0.2344356,6.5439685,1.5341392,0.94555681,0.21989159,1.655354,0.36399843,0.73879136,0.25169007,1.3510511,0.34004616,0.62583606,0.26074346,2.3247091,0.6061527,0.6437205,0.23260283,3.3015921,0.76795968,0.65901448,0.23140078,3.2871122,0.76064033,0.77713971,0.22485592,3.7267004,0.83797065
0b_baseline_last,file,19,baseline,1103,020.Yellow_breasted_Chat/Yellow_Breasted_Chat_0012_21961.jpg,20,19,020.Yellow_breasted_Chat,200,199,random_resized_crop,random_resized_crop,0,"{""area_fraction"":0.75131,""aspect"":0.940853,""fallback"":false,""height"":0.893611,""left"":0.019701,""top"":0.096733,""width"":0.840757}",0.057738233,0.042978901,-0.014759332,0.94389701,0.95793158,0.027624952,0.0043668449,0.91627206,0.95356473,0.037292676,0.68246487,0.77981922,6.7500905,5.2638503,False,0.96148443,True,True,True,0.68246487,0.77981922,6.7500905,5.2638503,0.6697293,0.78026057,6.5439685,5.1060006,0.88342228,0.77288908,1.655354,1.2794051,0.7374871,0.82621665,1.3510511,1.1162609,0.6976462,0.82707695,2.3247091,1.9227133,0.66101388,0.82140895,3.3015921,2.7119573,0.63477602,0.77000946,3.2871122,2.5311075,0.6868424,0.7283256,3.7267004,2.7142513
0b_baseline_last,file,19,baseline,1103,020.Yellow_breasted_Chat/Yellow_Breasted_Chat_0012_21961.jpg,20,19,020.Yellow_breasted_Chat,200,199,gaussian_blur,gaussian_blur,0,"{""sigma"":1.452352}",0.057738233,0.14726956,0.089531329,0.94389701,0.86306131,0.027624952,0.059240218,0.91627206,0.80382109,-0.11245097,0.62253503,2.6853739,6.7500905,18.126517,False,0.92350745,True,True,True,0.62253503,2.6853739,6.7500905,18.126517,0.60451599,2.6939193,6.5439685,17.628923,0.92115808,2.5481064,1.655354,4.2180182,0.60037683,2.2283969,1.3510511,3.0106782,0.52337569,3.1134209,2.3247091,7.237798,0.55380805,2.9471437,3.3015921,9.7302666,0.57995257,2.7086775,3.2871122,8.9037269,0.7332941,2.3296357,3.7267004,8.6818542
0b_baseline_last,file,19,baseline,1103,020.Yellow_breasted_Chat/Yellow_Breasted_Chat_0012_21961.jpg,20,19,020.Yellow_breasted_Chat,200,199,random_erasing,random_erasing,0,"{""area_fraction"":0.142048,""erased"":true,""height"":0.543548,""left"":0.363769,""top"":0.379684,""width"":0.261336}",0.057738233,0.029613979,-0.028124254,0.94389701,0.97082019,0.027624952,0.02308448,0.91627206,0.94773571,0.031463651,0.63803604,0.62158571,6.7500905,4.1957598,False,0.96964931,True,True,True,0.63803604,0.62158571,6.7500905,4.1957598,0.61908735,0.62158269,6.5439685,4.0676176,0.93414028,0.62163293,1.655354,1.0290226,0.53342681,0.48821433,1.3510511,0.65960252,0.40052839,0.68449921,2.3247091,1.5912616,0.55521928,0.59222073,3.3015921,1.9552713,0.63326086,0.66489848,3.2871122,2.1855959,0.76827579,0.5987159,3.7267004,2.2312348
0b_baseline_last,file,19,baseline,9607,164.Cerulean_Warbler/Cerulean_Warbler_0060_797209.jpg,164,163,164.Cerulean_Warbler,165,164,identity,identity,0,{},0.0047781575,0.0047781575,0,0.99523324,0.99523324,0.0013379791,0.0013379791,0.99389526,0.99389526,0,1,1,0.80755241,0.80755241,False,1,True,True,True,1,1,0.80755241,0.80755241,1,1,0.79048728,0.79048728,1,1,0.16513861,0.16513861,1,1,0.16205569,0.16205569,1,1,0.3968501,0.3968501,1,1,0.38888847,0.38888847,1,1,0.36196345,0.36196345,1,1,0.39858037,0.39858037
0b_baseline_last,file,19,baseline,9607,164.Cerulean_Warbler/Cerulean_Warbler_0060_797209.jpg,164,163,164.Cerulean_Warbler,165,164,horizontal_flip,horizontal_flip,0,"{""flipped"":true}",0.0047781575,0.0028047531,-0.0019734043,0.99523324,0.99719918,0.0013379791,0.0002327159,0.99389526,0.99696646,0.0030712032,0.64765433,0.53886408,0.80755241,0.43516099,False,0.96330422,True,True,True,0.64765433,0.53886408,0.80755241,0.43516099,0.63589205,0.53938362,0.79048728,0.42637589,0.92377033,0.52681932,0.16513861,0.086998208,0.52914016,0.50444844,0.16205569,0.081748738,0.6456434,0.41886134,0.3968501,0.16622516,0.57630274,0.54853267,0.38888847,0.21331803,0.60627044,0.57638003,0.36196345,0.2086285,0.73815537,0.60657556,0.39858037,0.24176911
0b_baseline_last,file,19,baseline,9607,164.Cerulean_Warbler/Cerulean_Warbler_0060_797209.jpg,164,163,164.Cerulean_Warbler,165,164,color_jitter,color_jitter,0,"{""brightness"":1.178304,""contrast"":1.191064,""hue"":-0.00968,""saturation"":0.675595}",0.0047781575,0.013288505,0.0085103479,0.99523324,0.98679942,0.0013379791,0.0017171232,0.99389526,0.9850823,-0.0088129629,0.70359849,3.0575371,0.80755241,2.4691215,False,0.97555554,True,True,True,0.70359849,3.0575371,0.80755241,2.4691215,0.69600485,3.0561125,0.79048728,2.415818,0.87572844,3.0900007,0.16513861,0.5102784,0.51531311,2.3793615,0.16205569,0.38558906,0.71790487,2.5213675,0.3968501,1.000605,0.63807075,3.1029354,0.38888847,1.2066958,0.68927259,3.4518393,0.36196345,1.2494397,0.77818656,3.2413192,0.39858037,1.2919262
0b_baseline_last,file,19,baseline,9607,164.Cerulean_Warbler/Cerulean_Warbler_0060_797209.jpg,164,163,164.Cerulean_Warbler,165,164,rotation,rotation,0,"{""angle"":-6.393326}",0.0047781575,0.00038330362,-0.0043948538,0.99523324,0.99961674,0.0013379791,0.00011430906,0.99389526,0.99950243,0.0056071744,0.70377087,0.070274788,0.80755241,0.056750575,False,0.95870453,True,True,True,0.70377087,0.070274788,0.80755241,0.056750575,0.69240868,0.069718004,0.79048728,0.055111195,0.93394825,0.082003435,0.16513861,0.013541933,0.56718616,0.066490674,0.16205569,0.010775192,0.62802405,0.053767974,0.3968501,0.021337826,0.67503933,0.074238445,0.38888847,0.028870475,0.6814803,0.068317253,0.36196345,0.024728349,0.79917596,0.08016099,0.39858037,0.031950597
0b_baseline_last,file,19,baseline,9607,164.Cerulean_Warbler/Cerulean_Warbler_0060_797209.jpg,164,163,164.Cerulean_Warbler,165,164,random_resized_crop,random_resized_crop,0,"{""area_fraction"":0.701648,""aspect"":1.015097,""fallback"":false,""height"":0.831392,""left"":0.056309,""top"":0.012136,""width"":0.843943}",0.0047781575,0.0031401631,-0.0016379943,0.99523324,0.99686474,0.0013379791,0.0014165398,0.99389526,0.9954482,0.0015529377,0.78096017,0.77351367,0.80755241,0.62465283,False,0.96876669,True,True,True,0.78096017,0.77351367,0.80755241,0.62465283,0.77470353,0.77724507,0.79048728,0.61440234,0.95060667,0.68244726,0.16513861,0.11269839,0.70886578,0.93206719,0.16205569,0.15104679,0.81032367,0.83988447,0.3968501,0.33330823,0.77995611,0.8098786,0.38888847,0.31495245,0.71907531,0.71757998,0.36196345,0.25973773,0.80134964,0.69583994,0.39858037,0.27734814
0b_baseline_last,file,19,baseline,9607,164.Cerulean_Warbler/Cerulean_Warbler_0060_797209.jpg,164,163,164.Cerulean_Warbler,165,164,gaussian_blur,gaussian_blur,0,"{""sigma"":1.882026}",0.0047781575,0.0047194283,-5.8729202e-05,0.99523324,0.99529171,0.0013379791,0.0008828789,0.99389526,0.99440883,0.00051357236,0.45934244,1.3121365,0.80755241,1.059619,False,0.90565085,True,True,True,0.45934244,1.3121365,0.80755241,1.059619,0.44689578,1.3207241,0.79048728,1.0440156,0.81031889,1.097101,0.16513861,0.18117374,0.25280049,1.5604542,0.16205569,0.25288047,0.47448794,1.2972211,0.3968501,0.51480233,0.39246681,1.3766151,0.38888847,0.53534975,0.39476874,1.4348835,0.36196345,0.51937537,0.58562644,1.1349803,0.39858037,0.45238086
0b_baseline_last,file,19,baseline,9607,164.Cerulean_Warbler/Cerulean_Warbler_0060_797209.jpg,164,163,164.Cerulean_Warbler,165,164,random_erasing,random_erasing,0,"{""area_fraction"":0.192889,""erased"":true,""height"":0.264931,""left"":0.091809,""top"":0.382862,""width"":0.728073}",0.0047781575,0.18767464,0.18289648,0.99523324,0.82888436,0.0013379791,0.007579911,0.99389526,0.82130445,-0.17259081,0.43764057,33.363836,0.80755241,26.943046,False,0.87583101,True,True,True,0.43764057,33.363836,0.80755241,26.943046,0.42188119,33.444986,0.79048728,26.437836,0.8224834,31.447073,0.16513861,5.1931258,0.15395093,27.314448,0.16205569,4.4264616,0.49375924,27.455855,0.3968501,10.895859,0.36019005,37.755382,0.38888847,14.682632,0.32350851,37.566454,0.36196345,13.597683,0.57934548,31.752182,0.39858037,12.655797
0b_baseline_last,file,19,baseline,1186,022.Chuck_will_Widow/Chuck_Will_Widow_0007_796958.jpg,22,21,022.Chuck_will_Widow,105,104,identity,identity,0,{},0.028816044,0.028816044,0,0.97159517,0.97159517,0.011259442,0.011259442,0.96033573,0.96033573,0,1,1,4.8961026,4.8961026,False,1,True,True,True,1,1,4.8961026,4.8961026,1,1,4.8255594,4.8255594,1,1,0.82812885,0.82812885,1,1,0.68734191,0.68734191,1,1,1.9361187,1.9361187,1,1,2.7444596,2.7444596,1,1,2.4545051,2.4545051,1,1,2.3469929,2.3469929
0b_baseline_last,file,19,baseline,1186,022.Chuck_will_Widow/Chuck_Will_Widow_0007_796958.jpg,22,21,022.Chuck_will_Widow,105,104,horizontal_flip,horizontal_flip,0,"{""flipped"":true}",0.028816044,0.01507685,-0.013739195,0.97159517,0.98503625,0.011259442,0.0048041176,0.96033573,0.98023214,0.01989641,0.78803596,0.59887058,4.8961026,2.9321318,False,0.97976679,True,True,True,0.78803596,0.59887058,4.8961026,2.9321318,0.78306848,0.60036321,4.8255594,2.8970884,0.97706676,0.54577159,0.82812885,0.4519692,0.70996425,0.64840216,0.68734191,0.44567398,0.67094227,0.64602365,1.9361187,1.2507785,0.79328726,0.59999889,2.7444596,1.6466727,0.79018457,0.59733102,2.4545051,1.466152,0.85740888,0.56668518,2.3469929,1.3300061
0b_baseline_last,file,19,baseline,1186,022.Chuck_will_Widow/Chuck_Will_Widow_0007_796958.jpg,22,21,022.Chuck_will_Widow,105,104,color_jitter,color_jitter,0,"{""brightness"":0.889117,""contrast"":1.107581,""hue"":-0.06314,""saturation"":1.145098}",0.028816044,0.24475743,0.21594138,0.97159517,0.78289443,0.011259442,0.021207044,0.96033573,0.76168739,-0.19864834,0.74030622,10.30217,4.8961026,50.440481,False,0.89784801,True,True,True,0.74030622,10.30217,4.8961026,50.440481,0.73923162,10.357459,4.8255594,49.980533,0.80603499,8.206703,0.82812885,6.7962075,0.76698875,13.310313,0.68734191,9.1487358,0.68893323,11.177314,1.9361187,21.640606,0.75796322,11.201013,2.7444596,30.740729,0.73640418,9.5038023,2.4545051,23.327131,0.76726777,9.107403,2.3469929,21.37501
0b_baseline_last,file,19,baseline,1186,022.Chuck_will_Widow/Chuck_Will_Widow_0007_796958.jpg,22,21,022.Chuck_will_Widow,105,104,rotation,rotation,0,"{""angle"":4.176394}",0.028816044,0.041121289,0.012305245,0.97159517,0.95971274,0.011259442,0.011601787,0.96033573,0.94811096,-0.012224769,0.78367922,1.4919086,4.8961026,7.3045375,False,0.98415351,True,True,True,0.78367922,1.4919086,4.8961026,7.3045375,0.77863849,1.4959714,4.8255594,7.2188987,0.97802787,1.3467037,0.82812885,1.1152442,0.71323158,1.9325121,0.68734191,1.3282965,0.75866253,1.5345885,1.9361187,2.9711454,0.73319236,1.4937864,2.7444596,4.0996364,0.77250089,1.4803937,2.4545051,3.6336337,0.87529317,1.4455327,2.3469929,3.3926551
0b_baseline_last,file,19,baseline,1186,022.Chuck_will_Widow/Chuck_Will_Widow_0007_796958.jpg,22,21,022.Chuck_will_Widow,105,104,random_resized_crop,random_resized_crop,0,"{""area_fraction"":0.772384,""aspect"":0.993756,""fallback"":false,""height"":0.88161,""left"":0.027801,""top"":0.039309,""width"":0.876106}",0.028816044,0.034101427,0.0052853823,0.97159517,0.96647346,0.011259442,0.0047848197,0.96033573,0.96168864,0.0013529146,0.74615603,1.3046283,4.8961026,6.3875942,False,0.95140994,True,True,True,0.74615603,1.3046283,4.8961026,6.3875942,0.74166517,1.3080413,4.8255594,6.3120312,0.91844881,1.1829116,0.82812885,0.9796032,0.71864869,1.6731851,0.68734191,1.1500503,0.66413192,1.3731417,1.9361187,2.6585654,0.75703241,1.3540551,2.7444596,3.7161495,0.73834267,1.1948832,2.4545051,2.9328469,0.78904842,1.2810541,2.3469929,3.006625
0b_baseline_last,file,19,baseline,1186,022.Chuck_will_Widow/Chuck_Will_Widow_0007_796958.jpg,22,21,022.Chuck_will_Widow,105,104,gaussian_blur,gaussian_blur,0,"{""sigma"":1.364274}",0.028816044,0.45460424,0.42578819,0.97159517,0.63469911,0.011259442,0.08996895,0.96033573,0.54473016,-0.41560557,0.65689388,13.192699,4.8961026,64.592806,False,0.90499628,True,True,True,0.65689388,13.192699,4.8961026,64.592806,0.65106654,13.22076,4.8255594,63.797562,0.8733438,12.201651,0.82812885,10.104539,0.65640694,16.627477,0.68734191,11.428762,0.67774343,15.467649,1.9361187,29.947203,0.62830997,13.02857,2.7444596,35.756385,0.61932619,12.439258,2.4545051,30.532222,0.70777895,12.289513,2.3469929,28.8434
0b_baseline_last,file,19,baseline,1186,022.Chuck_will_Widow/Chuck_Will_Widow_0007_796958.jpg,22,21,022.Chuck_will_Widow,105,104,random_erasing,random_erasing,0,"{""area_fraction"":0.109667,""erased"":true,""height"":0.472554,""left"":0.104591,""top"":0.477517,""width"":0.232073}",0.028816044,0.084220342,0.055404298,0.97159517,0.91922867,0.011259442,0.043088567,0.96033573,0.87614011,-0.084195619,0.88767214,2.6779801,4.8961026,13.111666,False,0.97859991,True,True,True,0.88767214,2.6779801,4.8961026,13.111666,0.88513571,2.6635345,4.8255594,12.853044,0.97213713,3.1291479,0.82812885,2.5913376,0.88207347,2.6981666,0.68734191,1.854563,0.91165397,2.8686776,1.9361187,5.5541002,0.88687307,2.5717456,2.7444596,7.0580519,0.86729714,2.6547575,2.4545051,6.5161156,0.88565194,2.6484541,2.3469929,6.215903
0b_baseline_last,file,19,baseline,7585,130.Tree_Sparrow/Tree_Sparrow_0041_123497.jpg,130,129,130.Tree_Sparrow,31,30,identity,identity,0,{},3.8780284,3.8780284,0,0.020691581,0.020691581,0.14478305,0.14478305,-0.12409147,-0.12409147,0,1,1,141.72464,141.72464,False,0.99999988,True,False,False,1,1,141.72464,141.72464,1,1,139.13606,139.13606,1,1,26.963506,26.963506,1,1,32.250123,32.250123,1,1,74.016637,74.016637,1,1,74.511791,74.511791,1,1,63.046779,63.046779,1,1,57.562193,57.562193
0b_baseline_last,file,19,baseline,7585,130.Tree_Sparrow/Tree_Sparrow_0041_123497.jpg,130,129,130.Tree_Sparrow,31,30,horizontal_flip,horizontal_flip,0,"{""flipped"":true}",3.8780284,4.1468873,0.26885891,0.020691581,0.015813563,0.14478305,0.32550824,-0.12409147,-0.30969467,-0.18560321,0.74714249,1.0167646,141.72464,144.10059,False,0.97154295,True,False,False,0.74714249,1.0167646,141.72464,144.10059,0.73898138,1.0148632,139.13606,141.20407,0.95487141,1.0661462,26.963506,28.747041,0.79904203,1.105406,32.250123,35.64948,0.82660726,0.89091741,74.016637,65.94271,0.72693704,1.0424491,74.511791,77.674747,0.66585924,1.071131,63.046779,67.531359,0.71810619,1.0603514,57.562193,61.036151
0b_baseline_last,file,19,baseline,7585,130.Tree_Sparrow/Tree_Sparrow_0041_123497.jpg,130,129,130.Tree_Sparrow,31,30,color_jitter,color_jitter,0,"{""brightness"":1.314646,""contrast"":1.053178,""hue"":0.051403,""saturation"":1.109298}",3.8780284,6.7036324,2.825604,0.020691581,0.0012264492,0.14478305,0.0172763,-0.12409147,-0.016049851,0.10804162,0.67571278,0.80913709,141.72464,114.67466,False,0.91082782,False,False,False,0.67571278,0.80913709,141.72464,114.67466,0.6662648,0.79954308,139.13606,111.24527,0.89169854,1.032308,26.963506,27.834644,0.76664412,0.94771111,32.250123,30.5638,0.7149661,0.7252307,74.016637,53.679138,0.66500963,0.77804526,74.511791,57.973546,0.60681876,0.77193499,63.046779,48.668015,0.64709763,0.92424502,57.562193,53.20157
0b_baseline_last,file,19,baseline,7585,130.Tree_Sparrow/Tree_Sparrow_0041_123497.jpg,130,129,130.Tree_Sparrow,31,30,rotation,rotation,0,"{""angle"":-10.755425}",3.8780284,3.3463821,-0.53164625,0.020691581,0.035211515,0.14478305,0.080309622,-0.12409147,-0.045098107,0.078993361,0.75212974,1.3278979,141.72464,188.19585,False,0.93753517,False,False,False,0.75212974,1.3278979,141.72464,188.19585,0.74811693,1.3376258,139.13606,186.11199,0.91413433,1.0357935,26.963506,27.928624,0.77773234,1.3680199,32.250123,44.118811,0.80359532,1.3130591,74.016637,97.18822,0.7278247,1.3904509,74.511791,103.60499,0.70635482,1.3680252,63.046779,86.249584,0.73796895,1.2373167,57.562193,71.222662
0b_baseline_last,file,19,baseline,7585,130.Tree_Sparrow/Tree_Sparrow_0041_123497.jpg,130,129,130.Tree_Sparrow,31,30,random_resized_crop,random_resized_crop,0,"{""area_fraction"":0.505761,""aspect"":0.822109,""fallback"":false,""height"":0.784346,""left"":0.164283,""top"":0.057344,""width"":0.644818}",3.8780284,4.478117,0.6000886,0.020691581,0.011354774,0.14478305,0.054796785,-0.12409147,-0.043442011,0.080649458,0.60111412,0.93668452,141.72464,132.75127,False,0.88016534,False,False,False,0.60111412,0.93668452,141.72464,132.75127,0.59169893,0.93231959,139.13606,129.71927,0.82835481,1.0462338,26.963506,28.210132,0.7193197,1.2544338,32.250123,40.455645,0.6366612,0.93751002,74.016637,69.391339,0.54979936,0.83622891,74.511791,62.308913,0.54890684,0.87702818,63.046779,55.293802,0.5942027,1.0182527,57.562193,58.612858
0b_baseline_last,file,19,baseline,7585,130.Tree_Sparrow/Tree_Sparrow_0041_123497.jpg,130,129,130.Tree_Sparrow,31,30,gaussian_blur,gaussian_blur,0,"{""sigma"":1.032966}",3.8780284,4.186769,0.30874062,0.020691581,0.015195302,0.14478305,0.16670093,-0.12409147,-0.15150563,-0.027414159,0.67586261,1.0832766,141.72464,153.52699,False,0.94374275,False,False,False,0.67586261,1.0832766,141.72464,153.52699,0.66717107,1.083152,139.13606,150.7055,0.90656572,1.0865896,26.963506,29.298265,0.75039342,1.3808866,32.250123,44.533762,0.5606987,0.93276811,74.016637,69.040358,0.69335859,1.1345523,74.511791,84.537522,0.66663308,1.117339,63.046779,70.444627,0.76079102,1.0783955,57.562193,62.074812
0b_baseline_last,file,19,baseline,7585,130.Tree_Sparrow/Tree_Sparrow_0041_123497.jpg,130,129,130.Tree_Sparrow,31,30,random_erasing,random_erasing,0,"{""area_fraction"":0.185863,""erased"":true,""height"":0.728269,""left"":0.737709,""top"":0.061896,""width"":0.255213}",3.8780284,3.9679508,0.089922428,0.020691581,0.018912148,0.14478305,0.13638958,-0.12409147,-0.11747744,0.0066140331,0.93702643,0.99320896,141.72464,140.76218,False,0.97461522,False,False,False,0.93702643,0.99320896,141.72464,140.76218,0.93569863,0.99315428,139.13606,138.18357,0.97232944,0.99466388,26.963506,26.819626,0.94056531,1.0047663,32.250123,32.403836,0.94275002,0.94113167,74.016637,69.659401,0.95201885,1.0133357,74.511791,75.505461,0.92780267,1.0116028,63.046779,63.778298,0.90840986,1.0164795,57.562193,58.51079
0b_baseline_last,file,19,baseline,1286,023.Brandt_Cormorant/Brandt_Cormorant_0063_22865.jpg,23,22,023.Brandt_Cormorant,58,57,identity,identity,0,{},2.6135242,2.6135242,0,0.073275842,0.073275842,0.1782106,0.1782106,-0.10493476,-0.10493476,0,1,1,124.87671,124.87671,False,1.0000001,True,False,False,1,1,124.87671,124.87671,1,1,122.75401,122.75401,1,1,22.926962,22.926962,1,1,27.35612,27.35612,1,1,50.121699,50.121699,1,1,61.670548,61.670548,1,1,61.166673,61.166673,1,1,65.29461,65.29461
0b_baseline_last,file,19,baseline,1286,023.Brandt_Cormorant/Brandt_Cormorant_0063_22865.jpg,23,22,023.Brandt_Cormorant,58,57,horizontal_flip,horizontal_flip,0,"{""flipped"":true}",2.6135242,2.2600646,-0.3534596,0.073275842,0.10434374,0.1782106,0.12290051,-0.10493476,-0.018556766,0.086377993,0.62230252,1.210406,124.87671,151.15151,False,0.9459793,False,False,False,0.62230252,1.210406,124.87671,151.15151,0.61216656,1.2120172,122.75401,148.77997,0.92555128,1.1632694,22.926962,26.670234,0.48960543,1.3175685,27.35612,36.043561,0.42841034,1.2509853,50.121699,62.701509,0.65570503,1.2782391,61.670548,78.829707,0.62393006,1.2056141,61.166673,73.743401,0.70771292,1.1099716,65.29461,72.475161
0b_baseline_last,file,19,baseline,1286,023.Brandt_Cormorant/Brandt_Cormorant_0063_22865.jpg,23,22,023.Brandt_Cormorant,58,57,color_jitter,color_jitter,0,"{""brightness"":1.187783,""contrast"":1.007096,""hue"":0.099264,""saturation"":0.640056}",2.6135242,3.4341216,0.82059741,0.073275842,0.032253735,0.1782106,0.18727198,-0.10493476,-0.15501825,-0.050083488,0.83975029,0.9479021,124.87671,118.37089,False,0.97202587,False,False,False,0.83975029,0.9479021,124.87671,118.37089,0.83500255,0.94443463,122.75401,115.93314,0.96700211,1.0424102,22.926962,23.899299,0.83976209,1.0845258,27.35612,29.668419,0.77337787,0.80121977,50.121699,40.158496,0.82612246,0.84696723,61.670548,52.232933,0.8437576,1.0115413,61.166673,61.872619,0.87606941,1.0148642,65.29461,66.265163
0b_baseline_last,file,19,baseline,1286,023.Brandt_Cormorant/Brandt_Cormorant_0063_22865.jpg,23,22,023.Brandt_Cormorant,58,57,rotation,rotation,0,"{""angle"":3.888311}",2.6135242,2.4183264,-0.19519782,0.073275842,0.089070581,0.1782106,0.16617203,-0.10493476,-0.077101447,0.027833313,0.8200816,1.0124355,124.87671,126.42961,False,0.96794838,True,False,False,0.8200816,1.0124355,124.87671,126.42961,0.81516181,1.0134271,122.75401,124.40224,0.96574953,0.98358362,22.926962,22.550584,0.80690648,1.1224557,27.35612,30.706032,0.74854132,1.007148,50.121699,50.47997,0.79459382,1.0230092,61.670548,63.089538,0.82933568,1.0504423,61.166673,64.252063,0.86726002,0.9535126,65.29461,62.259234
0b_baseline_last,file,19,baseline,1286,023.Brandt_Cormorant/Brandt_Cormorant_0063_22865.jpg,23,22,023.Brandt_Cormorant,58,57,random_resized_crop,random_resized_crop,0,"{""area_fraction"":0.629938,""aspect"":1.007303,""fallback"":false,""height"":0.790804,""left"":0.036089,""top"":0.060395,""width"":0.796579}",2.6135242,2.4812472,-0.13227701,0.073275842,0.083638854,0.1782106,0.019474262,-0.10493476,0.064164592,0.16909935,0.63338347,1.0986782,124.87671,137.19931,False,0.91486239,False,False,False,0.63338347,1.0986782,124.87671,137.19931,0.62420553,1.0981344,122.75401,134.8004,0.89276603,1.1141544,22.926962,25.544174,0.44962157,1.3643254,27.35612,37.32265,0.48519522,1.1241806,50.121699,56.345844,0.60361294,1.0829607,61.670548,66.786781,0.68842289,1.09984,61.166673,67.273555,0.71688999,1.0406571,65.29461,67.949298
0b_baseline_last,file,19,baseline,1286,023.Brandt_Cormorant/Brandt_Cormorant_0063_22865.jpg,23,22,023.Brandt_Cormorant,58,57,gaussian_blur,gaussian_blur,0,"{""sigma"":1.95878}",2.6135242,2.3226819,-0.29084229,0.073275842,0.098010398,0.1782106,0.0011552346,-0.10493476,0.096855164,0.20178992,0.31124033,1.5323869,124.87671,191.35943,False,0.76247674,False,False,False,0.31124033,1.5323869,124.87671,191.35943,0.30184604,1.5384672,122.75401,188.85301,0.62163392,1.3464608,22.926962,30.870256,-0.11326685,1.9746024,27.35612,54.017459,0.33070503,1.7604581,50.121699,88.237152,0.28388101,1.605489,61.670548,99.011386,0.30863474,1.4457774,61.166673,88.433391,0.41111235,1.311938,65.29461,85.662478
0b_baseline_last,file,19,baseline,1286,023.Brandt_Cormorant/Brandt_Cormorant_0063_22865.jpg,23,22,023.Brandt_Cormorant,58,57,random_erasing,random_erasing,0,"{""area_fraction"":0.158468,""erased"":true,""height"":0.445117,""left"":0.116659,""top"":0.475086,""width"":0.356013}",2.6135242,3.7209697,1.1074455,0.073275842,0.024210479,0.1782106,0.087495498,-0.10493476,-0.063285019,0.04164974,0.78939491,1.037505,124.87671,129.56021,False,0.96103823,False,False,False,0.78939491,1.037505,124.87671,129.56021,0.78347354,1.0334073,122.75401,126.85489,0.9463539,1.1487744,22.926962,26.337906,0.80382308,1.0288269,27.35612,28.144712,0.75462971,0.9789168,50.121699,49.064974,0.78170776,0.99146037,61.670548,61.143904,0.77749479,1.0659191,61.166673,65.198723,0.80427258,1.0724158,65.29461,70.022972
0b_baseline_last,file,19,baseline,4426,076.Dark_eyed_Junco/Dark_Eyed_Junco_0096_68514.jpg,76,75,076.Dark_eyed_Junco,160,159,identity,identity,0,{},0.17890938,0.17890938,0,0.8361817,0.8361817,0.050918274,0.050918274,0.78526343,0.78526343,0,1,1,29.49332,29.49332,False,0.99999988,True,True,True,1,1,29.49332,29.49332,1,1,29.005754,29.005754,1,1,5.3406155,5.3406155,1,1,5.48414,5.48414,1,1,12.536237,12.536237,1,1,16.864813,16.864813,1,1,14.600545,14.600545,1,1,12.510112,12.510112
0b_baseline_last,file,19,baseline,4426,076.Dark_eyed_Junco/Dark_Eyed_Junco_0096_68514.jpg,76,75,076.Dark_eyed_Junco,160,159,horizontal_flip,horizontal_flip,0,"{""flipped"":true}",0.17890938,0.12873964,-0.050169736,0.8361817,0.87920284,0.050918274,0.0099339793,0.78526343,0.86926886,0.084005437,0.52245942,0.63100888,29.49332,18.610547,False,0.95851386,True,True,True,0.52245942,0.63100888,29.49332,18.610547,0.50701541,0.62663609,29.005754,18.176052,0.91176026,0.74859284,5.3406155,3.9979465,0.42376114,0.59081835,5.48414,3.2401305,0.48774044,0.53324976,12.536237,6.6849455,0.47007925,0.59487477,16.864813,10.032452,0.4763554,0.65547411,14.600545,9.5702795,0.63899316,0.72798932,12.510112,9.1072283
0b_baseline_last,file,19,baseline,4426,076.Dark_eyed_Junco/Dark_Eyed_Junco_0096_68514.jpg,76,75,076.Dark_eyed_Junco,160,159,color_jitter,color_jitter,0,"{""brightness"":1.250656,""contrast"":1.00047,""hue"":0.07384,""saturation"":0.69346}",0.17890938,1.7492146,1.5703053,0.8361817,0.17391047,0.050918274,0.051062785,0.78526343,0.12284768,-0.66241574,0.45417805,3.9778543,29.49332,117.32013,False,0.8933171,True,True,True,0.45417805,3.9778543,29.49332,117.32013,0.43888543,3.9541099,29.005754,114.69194,0.84529983,4.6237304,5.3406155,24.693566,0.20173993,4.003079,5.48414,21.953445,0.18870666,3.4191385,12.536237,42.863131,0.40402262,3.6805203,16.864813,62.071286,0.50570121,4.1689316,14.600545,60.868674,0.64510209,4.5760443,12.510112,57.246829
0b_baseline_last,file,19,baseline,4426,076.Dark_eyed_Junco/Dark_Eyed_Junco_0096_68514.jpg,76,75,076.Dark_eyed_Junco,160,159,rotation,rotation,0,"{""angle"":8.12498}",0.17890938,0.57414818,0.3952388,0.8361817,0.56318438,0.050918274,0.0097463988,0.78526343,0.55343798,-0.23182544,0.49302888,2.080007,29.49332,61.346312,False,0.91251433,True,True,True,0.49302888,2.080007,29.49332,61.346312,0.47956714,2.070255,29.005754,60.049309,0.84672362,2.3495283,5.3406155,12.547927,0.56467414,1.7530315,5.48414,9.6138702,0.42781415,1.6486092,12.536237,20.667356,0.48099553,1.8544678,16.864813,31.275252,0.45147663,2.2239409,14.600545,32.470751,0.55880492,2.5949603,12.510112,32.463246
0b_baseline_last,file,19,baseline,4426,076.Dark_eyed_Junco/Dark_Eyed_Junco_0096_68514.jpg,76,75,076.Dark_eyed_Junco,160,159,random_resized_crop,random_resized_crop,0,"{""area_fraction"":0.708024,""aspect"":0.806838,""fallback"":false,""height"":0.936766,""left"":0.040268,""top"":0.04859,""width"":0.755818}",0.17890938,0.5989415,0.42003213,0.8361817,0.54939288,0.050918274,0.016929325,0.78526343,0.53246355,-0.25279987,0.45961982,2.2798612,29.49332,67.240676,False,0.94271976,True,True,True,0.45961982,2.2798612,29.49332,67.240676,0.44373303,2.2577566,29.005754,65.487933,0.8423084,2.8559462,5.3406155,15.252511,0.51666122,2.1632734,5.48414,11.863694,0.21711197,1.9175673,12.536237,24.039078,0.46072652,2.2398792,16.864813,37.775144,0.45371561,2.2639545,14.600545,33.05497,0.57058736,2.5907587,12.510112,32.410682
0b_baseline_last,file,19,baseline,4426,076.Dark_eyed_Junco/Dark_Eyed_Junco_0096_68514.jpg,76,75,076.Dark_eyed_Junco,160,159,gaussian_blur,gaussian_blur,0,"{""sigma"":1.703614}",0.17890938,2.7794449,2.6005356,0.8361817,0.062072955,0.050918274,0.01277455,0.78526343,0.049298405,-0.73596502,0.23761589,3.6187106,29.49332,106.72779,False,0.75418723,False,True,False,0.23761589,3.6187106,29.49332,106.72779,0.21814082,3.5828699,29.005754,103.92384,0.6964486,4.5506761,5.3406155,24.303411,0.022368688,3.1442291,5.48414,17.243392,0.0047322491,3.1592726,12.536237,39.60539,0.11979931,3.2684726,16.864813,55.122179,0.27868934,3.6033624,14.600545,52.611056,0.4683048,4.4705698,12.510112,55.92733
0b_baseline_last,file,19,baseline,4426,076.Dark_eyed_Junco/Dark_Eyed_Junco_0096_68514.jpg,76,75,076.Dark_eyed_Junco,160,159,random_erasing,random_erasing,0,"{""area_fraction"":0.082677,""erased"":true,""height"":0.283205,""left"":0.399249,""top"":0.533503,""width"":0.291932}",0.17890938,0.27930516,0.10039578,0.8361817,0.75630903,0.050918274,0.064319558,0.78526343,0.69198947,-0.093273953,0.95540081,1.3593489,29.49332,40.091713,False,0.98152196,True,True,True,0.95540081,1.3593489,29.49332,40.091713,0.9546101,1.3594355,29.005754,39.431453,0.97877188,1.3567912,5.3406155,7.2460999,0.96563813,1.3349036,5.48414,7.3207984,0.96133935,1.3710682,12.536237,17.188037,0.96201181,1.3371135,16.864813,22.550168,0.95018366,1.360868,14.600545,19.869414,0.93940978,1.3903075,12.510112,17.392903
0b_baseline_last,file,19,baseline,3621,063.Ivory_Gull/Ivory_Gull_0089_49699.jpg,63,62,063.Ivory_Gull,71,70,identity,identity,0,{},0.41591865,0.41591865,0,0.65973395,0.65973395,0.031611256,0.031611256,0.62812269,0.62812269,0,1,1,68.978259,68.978259,False,1,True,True,True,1,1,68.978259,68.978259,1,1,68.381648,68.381648,1,1,9.0526466,9.0526466,1,1,20.332164,20.332164,1,1,33.645184,33.645184,1,1,37.943235,37.943235,1,1,29.994436,29.994436,1,1,28.130042,28.130042
0b_baseline_last,file,19,baseline,3621,063.Ivory_Gull/Ivory_Gull_0089_49699.jpg,63,62,063.Ivory_Gull,71,70,horizontal_flip,horizontal_flip,0,"{""flipped"":true}",0.41591865,0.34975851,-0.066160142,0.65973395,0.7048583,0.031611256,0.02390484,0.62812269,0.68095346,0.052830769,0.64868117,0.66904523,68.978259,46.149575,False,0.95876861,True,True,True,0.64868117,0.66904523,68.978259,46.149575,0.64238668,0.66550118,68.381648,45.508067,0.94940668,0.84705121,9.0526466,7.6680553,0.089802237,0.42805259,20.332164,8.7032354,0.67617404,0.62161973,33.645184,20.91451,0.67252286,0.66461281,37.943235,25.21756,0.65583421,0.71073293,29.994436,21.318033,0.73088357,0.76858391,28.130042,21.620298
0b_baseline_last,file,19,baseline,3621,063.Ivory_Gull/Ivory_Gull_0089_49699.jpg,63,62,063.Ivory_Gull,71,70,color_jitter,color_jitter,0,"{""brightness"":1.132275,""contrast"":1.170446,""hue"":-0.088355,""saturation"":1.029595}",0.41591865,1.2128879,0.79696923,0.65973395,0.29733735,0.031611256,0.088068306,0.62812269,0.20926905,-0.41885365,0.80799283,1.6997629,68.978259,117.24668,False,0.95020556,True,True,True,0.80799283,1.6997629,68.978259,117.24668,0.80545204,1.6938889,68.381648,115.83092,0.94176082,2.0066468,9.0526466,18.165464,0.85243179,1.7576795,20.332164,35.737427,0.80986126,1.6164694,33.645184,54.386409,0.80353235,1.7038437,37.943235,64.649342,0.76681314,1.67396,29.994436,50.209487,0.82253647,1.7707725,28.130042,49.811905
0b_baseline_last,file,19,baseline,3621,063.Ivory_Gull/Ivory_Gull_0089_49699.jpg,63,62,063.Ivory_Gull,71,70,rotation,rotation,0,"{""angle"":1.575944}",0.41591865,0.25172481,-0.16419384,0.65973395,0.77745867,0.031611256,0.0093440171,0.62812269,0.76811465,0.13999196,0.86529335,0.62837539,68.978259,43.34424,False,0.96412528,True,True,True,0.86529335,0.62837539,68.978259,43.34424,0.86373704,0.62840584,68.381648,42.971427,0.95434967,0.6266354,9.0526466,5.6727089,0.90301411,0.6150062,20.332164,12.504407,0.88954558,0.65172809,33.645184,21.927511,0.85147589,0.64165664,37.943235,24.346529,0.82905171,0.6080372,29.994436,18.237733,0.8693193,0.59908469,28.130042,16.852278
0b_baseline_last,file,19,baseline,3621,063.Ivory_Gull/Ivory_Gull_0089_49699.jpg,63,62,063.Ivory_Gull,71,70,random_resized_crop,random_resized_crop,0,"{""area_fraction"":0.681789,""aspect"":1.268379,""fallback"":false,""height"":0.733163,""left"":0.017402,""top"":0.258509,""width"":0.929928}",0.41591865,0.88541812,0.46949947,0.65973395,0.41254166,0.031611256,0.037790284,0.62812269,0.37475137,-0.25337132,0.74619734,1.516074,68.978259,104.57614,False,0.93544406,True,True,True,0.74619734,1.516074,68.978259,104.57614,0.74343212,1.5077502,68.381648,103.10245,0.89188699,1.9325226,9.0526466,17.494444,0.84877478,1.5190107,20.332164,30.884775,0.82109987,1.46649,33.645184,49.340324,0.73504754,1.4009866,37.943235,53.157963,0.65567,1.5948038,29.994436,47.835241,0.71057507,1.639815,28.130042,46.128064
0b_baseline_last,file,19,baseline,3621,063.Ivory_Gull/Ivory_Gull_0089_49699.jpg,63,62,063.Ivory_Gull,71,70,gaussian_blur,gaussian_blur,0,"{""sigma"":1.944306}",0.41591865,0.85163921,0.43572056,0.65973395,0.4267149,0.031611256,0.0050108694,0.62812269,0.42170403,-0.20641867,0.5529629,1.5447527,68.978259,106.55435,False,0.81513286,True,True,True,0.5529629,1.5447527,68.978259,106.55435,0.54858742,1.5447613,68.381648,105.63332,0.8027057,1.5442644,9.0526466,13.97968,0.6905434,1.3370965,20.332164,27.186065,0.54439028,1.3317757,33.645184,44.807839,0.51480143,1.5706831,37.943235,59.596799,0.52798164,1.78515,29.994436,53.544566,0.59580376,1.5869336,28.130042,44.640508
0b_baseline_last,file,19,baseline,3621,063.Ivory_Gull/Ivory_Gull_0089_49699.jpg,63,62,063.Ivory_Gull,71,70,random_erasing,random_erasing,0,"{""area_fraction"":0.102621,""erased"":true,""height"":0.198628,""left"":0.177156,""top"":0.36699,""width"":0.516652}",0.41591865,0.51542062,0.099501967,0.65973395,0.59724933,0.031611256,0.045671396,0.62812269,0.55157793,-0.076544762,0.69678851,0.99040583,68.978259,68.31647,False,0.93878448,True,True,True,0.69678851,0.99040583,68.978259,68.31647,0.69237463,0.98619192,68.381648,67.437429,0.91655174,1.2067161,9.0526466,10.923975,0.65007223,0.65014967,20.332164,13.21895,0.72431895,0.90716263,33.645184,30.521653,0.67089497,1.017266,37.943235,38.598362,0.67547056,1.0590424,29.994436,31.765379,0.75054561,1.0914363,28.130042,30.70215
0b_baseline_last,file,19,baseline,3866,067.Anna_Hummingbird/Anna_Hummingbird_0127_56520.jpg,67,66,067.Anna_Hummingbird,35,34,identity,identity,0,{},0.0079916017,0.0079916017,0,0.99204022,0.99204022,0.0014728131,0.0014728131,0.9905674,0.9905674,0,1,1,1.3669116,1.3669116,False,1,True,True,True,1,1,1.3669116,1.3669116,1,1,1.3426013,1.3426013,1,1,0.25664972,0.25664972,1,1,0.23191654,0.23191654,1,1,0.5377355,0.5377355,1,1,0.69874664,0.69874664,1,1,0.72922746,0.72922746,1,1,0.66303383,0.66303383
0b_baseline_last,file,19,baseline,3866,067.Anna_Hummingbird/Anna_Hummingbird_0127_56520.jpg,67,66,067.Anna_Hummingbird,35,34,horizontal_flip,horizontal_flip,0,"{""flipped"":true}",0.0079916017,0.038181871,0.030190269,0.99204022,0.96253788,0.0014728131,0.01373927,0.9905674,0.94879861,-0.041768789,0.55327293,5.5700114,1.3669116,7.6137131,False,0.95384359,True,True,True,0.55327293,5.5700114,1.3669116,7.6137131,0.54113895,5.5921823,1.3426013,7.5080711,0.93467504,4.9246918,0.25664972,1.2639207,0.56509228,5.6470607,0.23191654,1.3096468,0.37533074,5.8514782,0.5377355,3.1465476,0.54844832,5.5737766,0.69874664,3.8946577,0.52818562,5.6456981,0.72922746,4.1169981,0.66605717,5.3615346,0.66303383,3.5548788
0b_baseline_last,file,19,baseline,3866,067.Anna_Hummingbird/Anna_Hummingbird_0127_56520.jpg,67,66,067.Anna_Hummingbird,35,34,color_jitter,color_jitter,0,"{""brightness"":0.609444,""contrast"":1.389755,""hue"":0.030631,""saturation"":0.602028}",0.0079916017,0.25880778,0.25081618,0.99204022,0.7719714,0.0014728131,0.024785699,0.9905674,0.74718571,-0.2433817,0.66069226,31.663638,1.3669116,43.281394,False,0.94900805,True,True,True,0.66069226,31.663638,1.3669116,43.281394,0.65308695,31.812697,1.3426013,42.711767,0.91110725,27.270065,0.25664972,6.9988543,0.54954251,51.611055,0.23191654,11.969458,0.40762545,34.577497,0.5377355,18.593548,0.66888399,34.509002,0.69874664,24.113049,0.73905734,27.951382,0.72922746,20.382915,0.78666263,27.744861,0.66303383,18.395781
0b_baseline_last,file,19,baseline,3866,067.Anna_Hummingbird/Anna_Hummingbird_0127_56520.jpg,67,66,067.Anna_Hummingbird,35,34,rotation,rotation,0,"{""angle"":-4.439626}",0.0079916017,0.017272992,0.0092813903,0.99204022,0.98287535,0.0014728131,0.0055588279,0.9905674,0.97731652,-0.013250885,0.80647326,2.5987068,1.3669116,3.5522024,False,0.97830486,True,True,True,0.80647326,2.5987068,1.3669116,3.5522024,0.8018945,2.6120033,1.3426013,3.5068789,0.96629192,2.2039147,0.25664972,0.56563408,0.75312539,2.9864449,0.23191654,0.69260598,0.73461599,2.8324074,0.5377355,1.523086,0.79297819,2.7354469,0.69874664,1.9113843,0.81728466,2.4957138,0.72922746,1.819943,0.86159393,2.4004489,0.66303383,1.5915788
0b_baseline_last,file,19,baseline,3866,067.Anna_Hummingbird/Anna_Hummingbird_0127_56520.jpg,67,66,067.Anna_Hummingbird,35,34,random_resized_crop,random_resized_crop,0,"{""area_fraction"":0.642209,""aspect"":0.854108,""fallback"":false,""height"":0.867125,""left"":0.182549,""top"":0.032522,""width"":0.740619}",0.0079916017,0.10881699,0.10082539,0.99204022,0.89689451,0.0014728131,0.038725082,0.9905674,0.85816943,-0.13239797,0.70122861,15.703298,1.3669116,21.46502,False,0.94591618,True,True,True,0.70122861,15.703298,1.3669116,21.46502,0.6955876,15.806555,1.3426013,21.221901,0.9138087,12.552091,0.25664972,3.2214905,0.58953459,21.772235,0.23191654,5.0493414,0.6895111,19.012605,0.5377355,10.223753,0.71141246,15.926923,0.69874664,11.128884,0.69647729,14.491737,0.72922746,10.567773,0.72688366,13.890212,0.66303383,9.2096805
0b_baseline_last,file,19,baseline,3866,067.Anna_Hummingbird/Anna_Hummingbird_0127_56520.jpg,67,66,067.Anna_Hummingbird,35,34,gaussian_blur,gaussian_blur,0,"{""sigma"":1.643896}",0.0079916017,1.567503,1.5595114,0.99204022,0.20856534,0.0014728131,0.48096961,0.9905674,-0.27240427,-1.2629717,0.60695213,100.15765,1.3669116,136.90665,False,0.85684228,False,True,False,0.60695213,100.15765,1.3669116,136.90665,0.60037059,100.06996,1.3426013,134.35406,0.78291676,102.52823,0.25664972,26.313842,0.40686697,84.232601,0.23191654,19.534934,0.55047517,110.29506,0.5377355,59.309571,0.63661896,106.09078,0.69874664,74.130575,0.60633516,95.328647,0.72922746,69.516267,0.61425269,93.265021,0.66303383,61.837863
0b_baseline_last,file,19,baseline,3866,067.Anna_Hummingbird/Anna_Hummingbird_0127_56520.jpg,67,66,067.Anna_Hummingbird,35,34,random_erasing,random_erasing,0,"{""area_fraction"":0.080488,""erased"":true,""height"":0.163582,""left"":0.4999,""top"":0.387143,""width"":0.492033}",0.0079916017,0.10718966,0.099198054,0.99204022,0.89835531,0.0014728131,0.023855634,0.9905674,0.87449967,-0.11606773,0.7493094,11.35271,1.3669116,15.51815,False,0.95666331,True,True,True,0.7493094,11.35271,1.3669116,15.51815,0.74228647,11.366931,1.3426013,15.261256,0.94919101,10.956368,0.25664972,2.8119486,0.75230262,11.486961,0.23191654,2.6640163,0.65524359,10.8277,0.5377355,5.8224387,0.68275513,10.715964,0.69874664,7.4877439,0.7642675,11.625693,0.72922746,8.4777745,0.82894615,12.062844,0.66303383,7.9980738
0b_baseline_last,file,19,baseline,9639,164.Cerulean_Warbler/Cerulean_Warbler_0078_163271.jpg,164,163,164.Cerulean_Warbler,179,178,identity,identity,0,{},3.3862696,3.3862696,0,0.033834662,0.033834662,0.17670734,0.17670734,-0.14287268,-0.14287268,0,1,1,152.83757,152.83757,False,0.99999988,True,False,False,1,1,152.83757,152.83757,1,1,150.42385,150.42385,1,1,27.055232,27.055232,1,1,28.435228,28.435228,1,1,76.109109,76.109109,1,1,81.755565,81.755565,1,1,68.527593,68.527593,1,1,68.162847,68.162847
0b_baseline_last,file,19,baseline,9639,164.Cerulean_Warbler/Cerulean_Warbler_0078_163271.jpg,164,163,164.Cerulean_Warbler,179,178,horizontal_flip,horizontal_flip,0,"{""flipped"":true}",3.3862696,3.1138666,-0.272403,0.033834662,0.044428837,0.17670734,0.092932202,-0.14287268,-0.048503365,0.094369315,0.60204475,0.97113643,152.83757,148.42613,False,0.94894528,False,False,False,0.60204475,0.97113643,152.83757,148.42613,0.59171709,0.97210396,150.42385,146.22762,0.93225498,0.94073709,27.055232,25.45186,0.23315315,0.87431224,28.435228,24.861268,0.46607258,0.85092821,76.109109,64.763387,0.62751907,1.0198608,81.755565,83.379294,0.62678424,1.0159772,68.527593,69.622475,0.69780501,1.013317,68.162847,69.070568
0b_baseline_last,file,19,baseline,9639,164.Cerulean_Warbler/Cerulean_Warbler_0078_163271.jpg,164,163,164.Cerulean_Warbler,179,178,color_jitter,color_jitter,0,"{""brightness"":0.697682,""contrast"":0.930653,""hue"":0.073765,""saturation"":1.153727}",3.3862696,4.2189646,0.83269501,0.033834662,0.014713868,0.17670734,0.18609673,-0.14287268,-0.17138286,-0.02851018,0.66327621,0.7512086,152.83757,114.81289,False,0.91517186,False,False,False,0.66327621,0.7512086,152.83757,114.81289,0.65432761,0.74575972,150.42385,112.18005,0.90337438,0.90358145,27.055232,24.446605,0.49613161,0.85054885,28.435228,24.185551,0.53321884,0.54887329,76.109109,41.774257,0.66751548,0.72105396,81.755565,58.950175,0.69506593,0.81225819,68.527593,55.662099,0.7584645,0.8900856,68.162847,60.670768
0b_baseline_last,file,19,baseline,9639,164.Cerulean_Warbler/Cerulean_Warbler_0078_163271.jpg,164,163,164.Cerulean_Warbler,179,178,rotation,rotation,0,"{""angle"":-13.005491}",3.3862696,1.9933528,-1.3929168,0.033834662,0.13623789,0.17670734,0.0046173315,-0.14287268,0.13162056,0.27449324,0.65873148,0.87564313,152.83757,133.83116,False,0.9095372,False,False,False,0.65873148,0.87564313,152.83757,133.83116,0.65218895,0.87484702,150.42385,131.59786,0.85559847,0.89990509,27.055232,24.347141,0.51483838,0.72336752,28.435228,20.56912,0.74692664,0.91727481,76.109109,69.812968,0.60575122,0.84728747,81.755565,69.270466,0.6096607,0.86788064,68.527593,59.473772,0.6585888,0.89064022,68.162847,60.708573
0b_baseline_last,file,19,baseline,9639,164.Cerulean_Warbler/Cerulean_Warbler_0078_163271.jpg,164,163,164.Cerulean_Warbler,179,178,random_resized_crop,random_resized_crop,0,"{""area_fraction"":0.896385,""aspect"":1.014273,""fallback"":false,""height"":0.940091,""left"":0.021816,""top"":0.050298,""width"":0.953509}",3.3862696,3.9310408,0.54477119,0.033834662,0.019623239,0.17670734,0.0089954603,-0.14287268,0.010627778,0.15350046,0.6910924,1.2270894,152.83757,187.54536,False,0.940395,False,False,False,0.6910924,1.2270894,152.83757,187.54536,0.68511072,1.2280363,150.42385,184.72596,0.88093638,1.1974481,27.055232,32.397236,0.60430781,1.131679,28.435228,32.17955,0.71207998,1.2256264,76.109109,93.281332,0.67293452,1.281519,81.755565,104.77131,0.64347212,1.2191261,68.527593,83.543778,0.72831358,1.1764219,68.162847,80.188268
0b_baseline_last,file,19,baseline,9639,164.Cerulean_Warbler/Cerulean_Warbler_0078_163271.jpg,164,163,164.Cerulean_Warbler,179,178,gaussian_blur,gaussian_blur,0,"{""sigma"":1.740528}",3.3862696,2.436116,-0.95015359,0.033834662,0.087500036,0.17670734,0.0031302327,-0.14287268,0.084369803,0.22724248,0.44585224,1.6595127,152.83757,253.63588,False,0.85480213,False,False,False,0.44585224,1.6595127,152.83757,253.63588,0.44069539,1.6703746,150.42385,251.26418,0.66962353,1.279033,27.055232,34.604534,0.39712319,2.4325233,28.435228,69.169354,0.47002719,1.563398,76.109109,118.98883,0.4450971,1.7533432,81.755565,143.34557,0.42165975,1.7162518,68.527593,117.6106,0.44497639,1.4531257,68.162847,99.049182
0b_baseline_last,file,19,baseline,9639,164.Cerulean_Warbler/Cerulean_Warbler_0078_163271.jpg,164,163,164.Cerulean_Warbler,179,178,random_erasing,random_erasing,0,"{""area_fraction"":0.097249,""erased"":true,""height"":0.179964,""left"":0.253876,""top"":0.747144,""width"":0.540382}",3.3862696,2.1808772,-1.2053924,0.033834662,0.1129424,0.17670734,0.042542271,-0.14287268,0.070400126,0.21327281,0.83808887,0.8943728,152.83757,136.69376,False,0.94741201,False,False,False,0.83808887,0.8943728,152.83757,136.69376,0.83506134,0.89157079,150.42385,134.11351,0.92688324,0.97703383,27.055232,26.433877,0.72068853,0.85309146,28.435228,24.25785,0.86280208,0.86995465,76.109109,66.211473,0.85534322,0.89603035,81.755565,73.255468,0.80611555,0.88352985,68.527593,60.546174,0.82164692,0.92574976,68.162847,63.101739
0b_baseline_last,file,19,baseline,8083,138.Tree_Swallow/Tree_Swallow_0017_135062.jpg,138,137,138.Tree_Swallow,111,110,identity,identity,0,{},0.021792358,0.021792358,0,0.97844338,0.97844338,0.01052445,0.01052445,0.96791893,0.96791893,0,1,1,3.121235,3.121235,False,1,True,True,True,1,1,3.121235,3.121235,1,1,3.0529644,3.0529644,1,1,0.64924255,0.64924255,1,1,0.67827669,0.67827669,1,1,1.4556525,1.4556525,1,1,1.6982318,1.6982318,1,1,1.3846497,1.3846497,1,1,1.3929689,1.3929689
0b_baseline_last,file,19,baseline,8083,138.Tree_Swallow/Tree_Swallow_0017_135062.jpg,138,137,138.Tree_Swallow,111,110,horizontal_flip,horizontal_flip,0,"{""flipped"":true}",0.021792358,0.029703204,0.0079108458,0.97844338,0.97073358,0.01052445,0.015363036,0.96791893,0.95537055,-0.012548387,0.63787463,1.4418285,3.121235,4.5002854,False,0.97272575,True,True,True,0.63787463,1.4418285,3.121235,4.5002854,0.62460174,1.4479412,3.0529644,4.4205129,0.96852974,1.2993363,0.64924255,0.84358441,0.5448994,1.392224,0.67827669,0.94431311,0.5235183,1.4978607,1.4556525,2.1803647,0.6184957,1.4967368,1.6982318,2.541806,0.66098796,1.4138178,1.3846497,1.9576425,0.740372,1.3624951,1.3929689,1.8979133
0b_baseline_last,file,19,baseline,8083,138.Tree_Swallow/Tree_Swallow_0017_135062.jpg,138,137,138.Tree_Swallow,111,110,color_jitter,color_jitter,0,"{""brightness"":0.63462,""contrast"":0.906647,""hue"":0.012937,""saturation"":0.692295}",0.021792358,0.08887063,0.067078272,0.97844338,0.91496396,0.01052445,0.042908493,0.96791893,0.87205547,-0.095863467,0.79595125,5.5508489,3.121235,17.325504,False,0.96056235,True,True,True,0.79595125,5.5508489,3.121235,17.325504,0.7921096,5.6091464,3.0529644,17.124525,0.95454184,4.0528758,0.64924255,2.6312995,0.80670151,8.2232192,0.67827669,5.5776179,0.78796476,6.6333841,1.4556525,9.6559021,0.82607829,5.4967181,1.6982318,9.3347012,0.80848992,4.9501649,1.3846497,6.8542445,0.79313826,4.2340824,1.3929689,5.8979452
0b_baseline_last,file,19,baseline,8083,138.Tree_Swallow/Tree_Swallow_0017_135062.jpg,138,137,138.Tree_Swallow,111,110,rotation,rotation,0,"{""angle"":-8.236464}",0.021792358,0.097071536,0.075279178,0.97844338,0.90749109,0.01052445,0.035987798,0.96791893,0.87150329,-0.096415645,0.78718047,4.4278393,3.121235,13.820327,False,0.9600755,True,True,True,0.78718047,4.4278393,3.121235,13.820327,0.7805479,4.4472943,3.0529644,13.577431,0.95614039,3.9733811,0.64924255,2.5796881,0.78467205,4.2824878,0.67827669,2.9047117,0.79874013,4.7894114,1.4556525,6.9717186,0.79691259,4.3831517,1.6982318,7.4436074,0.73430849,4.4999771,1.3846497,6.2308921,0.78566498,4.1285372,1.3929689,5.7509239
0b_baseline_last,file,19,baseline,8083,138.Tree_Swallow/Tree_Swallow_0017_135062.jpg,138,137,138.Tree_Swallow,111,110,random_resized_crop,random_resized_crop,0,"{""area_fraction"":0.747511,""aspect"":0.860153,""fallback"":false,""height"":0.932225,""left"":0.086591,""top"":0.034763,""width"":0.801856}",0.021792358,0.054865491,0.033073133,0.97844338,0.94661248,0.01052445,0.024023788,0.96791893,0.92258869,-0.045330245,0.77164882,2.416319,3.121235,7.5418993,False,0.96903849,True,True,True,0.77164882,2.416319,3.121235,7.5418993,0.76244194,2.4091175,3.0529644,7.35495,0.96400358,2.5704086,0.64924255,1.6688187,0.72761246,2.718996,0.67827669,1.8442317,0.75668673,2.4779242,1.4556525,3.6069965,0.78605339,2.3830617,1.6982318,4.0469911,0.73200529,2.4154725,1.3846497,3.3445834,0.77738104,2.2836724,1.3929689,3.1810846
0b_baseline_last,file,19,baseline,8083,138.Tree_Swallow/Tree_Swallow_0017_135062.jpg,138,137,138.Tree_Swallow,111,110,gaussian_blur,gaussian_blur,0,"{""sigma"":1.853621}",0.021792358,0.15596932,0.13417696,0.97844338,0.85558546,0.01052445,0.037546709,0.96791893,0.81803875,-0.14988019,0.63649877,8.7161882,3.121235,27.205271,False,0.92545944,True,True,True,0.63649877,8.7161882,3.121235,27.205271,0.62953477,8.8151661,3.0529644,26.912389,0.89891372,6.1321044,0.64924255,3.9812231,0.5472161,10.938459,0.67827669,7.4193019,0.57434433,9.5271053,1.4556525,13.868155,0.65346198,9.1007296,1.6982318,15.455148,0.65646273,8.6540446,1.3846497,11.982821,0.68938724,6.977049,1.3929689,9.7188123
0b_baseline_last,file,19,baseline,8083,138.Tree_Swallow/Tree_Swallow_0017_135062.jpg,138,137,138.Tree_Swallow,111,110,random_erasing,random_erasing,0,"{""area_fraction"":0.180795,""erased"":true,""height"":0.341799,""left"":0.358473,""top"":0.124289,""width"":0.52895}",0.021792358,4.105588,4.0837956,0.97844338,0.016480323,0.01052445,0.0051809652,0.96791893,0.011299358,-0.95661958,0.15857452,31.088122,3.121235,97.033332,False,0.69609505,False,True,False,0.15857452,31.088122,3.121235,97.033332,0.1358549,30.910831,3.0529644,94.369668,0.60613715,34.778204,0.64924255,22.57949,-0.061690591,20.512861,0.67827669,13.913396,-0.025218915,28.026884,1.4556525,40.797403,0.12883567,25.547631,1.6982318,43.385798,0.15450452,31.743706,1.3846497,43.953914,0.28185202,40.821119,1.3929689,56.862549
0b_baseline_last,file,19,baseline,1436,026.Bronzed_Cowbird/Bronzed_Cowbird_0002_796244.jpg,26,25,026.Bronzed_Cowbird,108,107,identity,identity,0,{},3.5644319,3.5644319,0,0.028313065,0.028313065,0.25893185,0.25893185,-0.23061878,-0.23061878,0,1,1,207.45239,207.45239,False,0.99999994,True,False,False,1,1,207.45239,207.45239,1,1,204.29005,204.29005,1,1,36.084214,36.084214,1,1,65.399185,65.399185,1,1,99.394477,99.394477,1,1,103.70037,103.70037,1,1,94.515488,94.515488,1,1,88.832225,88.832225
0b_baseline_last,file,19,baseline,1436,026.Bronzed_Cowbird/Bronzed_Cowbird_0002_796244.jpg,26,25,026.Bronzed_Cowbird,108,107,horizontal_flip,horizontal_flip,0,"{""flipped"":true}",3.5644319,3.8323007,0.26786876,0.028313065,0.021659726,0.25893185,0.087613724,-0.23061878,-0.065953998,0.16466478,0.67212558,1.0604317,207.45239,219.9891,False,0.96733934,False,False,False,0.67212558,1.0604317,207.45239,219.9891,0.66460209,1.0611137,204.29005,216.77497,0.91871496,1.0383352,36.084214,37.467508,0.66484532,0.87212361,65.399185,57.036173,0.61535047,0.9681606,99.394477,96.229817,0.6845506,1.0748192,103.70037,111.45915,0.63362895,1.1320264,94.515488,106.99403,0.73739265,1.159392,88.832225,102.99137
0b_baseline_last,file,19,baseline,1436,026.Bronzed_Cowbird/Bronzed_Cowbird_0002_796244.jpg,26,25,026.Bronzed_Cowbird,108,107,color_jitter,color_jitter,0,"{""brightness"":1.2226,""contrast"":0.67149,""hue"":-0.000587,""saturation"":0.936647}",3.5644319,4.600605,1.0361731,0.028313065,0.010045758,0.25893185,0.15421866,-0.23061878,-0.1441729,0.086445879,0.77459562,1.1059257,207.45239,229.42693,False,0.96461147,False,False,False,0.77459562,1.1059257,207.45239,229.42693,0.76937485,1.106741,204.29005,226.09617,0.94639521,1.0794676,36.084214,38.951739,0.54605832,0.92822945,65.399185,60.70545,0.76144808,1.2892514,99.394477,128.14447,0.8029323,1.1117426,103.70037,115.28812,0.81160521,1.0383726,94.515488,98.142297,0.81885419,1.012524,88.832225,89.944763
0b_baseline_last,file,19,baseline,1436,026.Bronzed_Cowbird/Bronzed_Cowbird_0002_796244.jpg,26,25,026.Bronzed_Cowbird,108,107,rotation,rotation,0,"{""angle"":-14.728203}",3.5644319,3.1673198,-0.39711213,0.028313065,0.042116329,0.25893185,0.34717041,-0.23061878,-0.30505408,-0.074435303,0.68931359,0.71003542,207.45239,147.29855,False,0.92674506,True,False,False,0.68931359,0.71003542,207.45239,147.29855,0.68188547,0.70456619,204.29005,143.93586,0.89711056,0.86725573,36.084214,31.294241,0.670604,0.67352519,65.399185,44.047999,0.65374754,0.5766022,99.394477,57.311074,0.65579126,0.59373412,103.70037,61.570449,0.69756801,0.7885501,94.515488,74.530198,0.76008525,0.88259967,88.832225,78.403293
0b_baseline_last,file,19,baseline,1436,026.Bronzed_Cowbird/Bronzed_Cowbird_0002_796244.jpg,26,25,026.Bronzed_Cowbird,108,107,random_resized_crop,random_resized_crop,0,"{""area_fraction"":0.532486,""aspect"":1.196501,""fallback"":false,""height"":0.66711,""left"":0.195945,""top"":0.062146,""width"":0.798198}",3.5644319,4.6876683,1.1232364,0.028313065,0.0092081316,0.25893185,0.40979353,-0.23061878,-0.40058539,-0.16996661,0.72270863,1.1669533,207.45239,242.08726,False,0.91086346,True,False,False,0.72270863,1.1669533,207.45239,242.08726,0.71800135,1.1694275,204.29005,238.90241,0.88736803,1.0846639,36.084214,39.139245,0.74549765,1.3379882,65.399185,87.503336,0.67247332,1.1231266,99.394477,111.63258,0.75034493,1.1439566,103.70037,118.62873,0.71120254,1.1498495,94.515488,108.67859,0.72520294,1.184514,88.832225,105.22302
0b_baseline_last,file,19,baseline,1436,026.Bronzed_Cowbird/Bronzed_Cowbird_0002_796244.jpg,26,25,026.Bronzed_Cowbird,108,107,gaussian_blur,gaussian_blur,0,"{""sigma"":1.447722}",3.5644319,2.289813,-1.2746189,0.028313065,0.1012854,0.25893185,0.13171335,-0.23061878,-0.030427948,0.20019083,0.76275812,0.77244138,207.45239,160.24481,False,0.95490277,False,False,False,0.76275812,0.77244138,207.45239,160.24481,0.75705184,0.76888811,204.29005,157.07619,0.92936846,0.87875407,36.084214,31.70915,0.2530385,0.69080656,65.399185,45.178186,0.78445059,0.68385062,99.394477,67.970975,0.82903068,0.81857459,103.70037,84.886489,0.79464858,0.79060851,94.515488,74.724749,0.83117014,0.81350554,88.832225,72.265507
0b_baseline_last,file,19,baseline,1436,026.Bronzed_Cowbird/Bronzed_Cowbird_0002_796244.jpg,26,25,026.Bronzed_Cowbird,108,107,random_erasing,random_erasing,0,"{""area_fraction"":0.137293,""erased"":true,""height"":0.62907,""left"":0.197765,""top"":0.221933,""width"":0.218247}",3.5644319,4.2562861,0.69185424,0.028313065,0.014174847,0.25893185,0.063224994,-0.23061878,-0.049050147,0.18156863,0.73423231,0.8153978,207.45239,169.15622,False,0.91820151,False,False,False,0.73423231,0.8153978,207.45239,169.15622,0.72945121,0.81482702,204.29005,166.46105,0.88422956,0.83348537,36.084214,30.075664,0.66812549,0.56878667,65.399185,37.198185,0.78237498,0.71660734,99.394477,71.226812,0.77534184,0.84314579,103.70037,87.434532,0.68128985,0.9005245,94.515488,85.113513,0.72409739,0.89798198,88.832225,79.769737
0b_baseline_last,file,19,baseline,5050,087.Mallard/Mallard_0053_75985.jpg,87,86,087.Mallard,137,136,identity,identity,0,{},1.5150405,1.5150405,0,0.21979928,0.21979928,0.057789247,0.057789247,0.16201003,0.16201003,0,1,1,91.652217,91.652217,False,1.0000001,True,True,True,1,1,91.652217,91.652217,1,1,89.484816,89.484816,1,1,19.81405,19.81405,1,1,21.263397,21.263397,1,1,32.675776,32.675776,1,1,44.731966,44.731966,1,1,45.237965,45.237965,1,1,49.399106,49.399106
0b_baseline_last,file,19,baseline,5050,087.Mallard/Mallard_0053_75985.jpg,87,86,087.Mallard,137,136,horizontal_flip,horizontal_flip,0,"{""flipped"":true}",1.5150405,1.2947563,-0.22028422,0.21979928,0.27396464,0.057789247,0.035532448,0.16201003,0.2384322,0.076422162,0.59275384,0.81220448,91.652217,74.440341,False,0.95483029,True,True,True,0.59275384,0.81220448,91.652217,74.440341,0.57216995,0.80402549,89.484816,71.948074,0.95215682,0.9640009,19.81405,19.100763,0.50225847,0.68374206,21.263397,14.538679,0.35306759,0.79134722,32.675776,25.857885,0.58843088,0.75117101,44.731966,33.601356,0.56379222,0.79003831,45.237965,35.739725,0.66780222,0.88009229,49.399106,43.475773
0b_baseline_last,file,19,baseline,5050,087.Mallard/Mallard_0053_75985.jpg,87,86,087.Mallard,137,136,color_jitter,color_jitter,0,"{""brightness"":1.008479,""contrast"":0.637498,""hue"":0.019003,""saturation"":1.049454}",1.5150405,2.9380209,1.4229804,0.21979928,0.052970458,0.057789247,0.039956018,0.16201003,0.013014439,-0.14899559,0.79177417,1.2557748,91.652217,115.09455,False,0.95246887,False,True,False,0.79177417,1.2557748,91.652217,115.09455,0.78407769,1.2542512,89.484816,112.23644,0.94506657,1.2864568,19.81405,25.48992,0.8289305,1.2171884,21.263397,25.881559,0.72802154,1.5251027,32.675776,49.833915,0.77733449,1.3028411,44.731966,58.278644,0.79115397,1.169545,45.237965,52.907834,0.82161883,1.1537081,49.399106,56.992151
0b_baseline_last,file,19,baseline,5050,087.Mallard/Mallard_0053_75985.jpg,87,86,087.Mallard,137,136,rotation,rotation,0,"{""angle"":12.539001}",1.5150405,1.6381172,0.12307668,0.21979928,0.19434561,0.057789247,0.015943194,0.16201003,0.17840241,0.016392382,0.59170068,0.93515383,91.652217,85.708922,False,0.92803538,True,True,True,0.59170068,0.93515383,91.652217,85.708922,0.57457652,0.93251372,89.484816,83.445819,0.92245697,0.98746339,19.81405,19.565649,0.37177907,0.84628427,21.263397,17.994878,0.31489317,0.90921441,32.675776,29.709287,0.60760517,0.88240575,44.731966,39.471744,0.57163711,0.95662594,45.237965,43.275811,0.69281683,0.97629149,49.399106,48.227927
0b_baseline_last,file,19,baseline,5050,087.Mallard/Mallard_0053_75985.jpg,87,86,087.Mallard,137,136,random_resized_crop,random_resized_crop,0,"{""area_fraction"":0.585484,""aspect"":1.168541,""fallback"":false,""height"":0.707841,""left"":0.074277,""top"":0.069504,""width"":0.827141}",1.5150405,2.4725885,0.95754802,0.21979928,0.084366195,0.057789247,0.047245782,0.16201003,0.037120413,-0.12488962,0.52631234,1.1184642,91.652217,102.50972,False,0.8847391,False,True,False,0.52631234,1.1184642,91.652217,102.50972,0.50788255,1.1142202,89.484816,99.705789,0.87626113,1.2017598,19.81405,23.81173,0.12092732,0.8951768,21.263397,19.0345,0.22121705,1.1047365,32.675776,36.098123,0.53311908,1.0061246,44.731966,45.00593,0.53961834,1.1710538,45.237965,52.976091,0.63989934,1.1879646,49.399106,58.684392
0b_baseline_last,file,19,baseline,5050,087.Mallard/Mallard_0053_75985.jpg,87,86,087.Mallard,137,136,gaussian_blur,gaussian_blur,0,"{""sigma"":1.702987}",1.5150405,4.1116481,2.5966076,0.21979928,0.016380755,0.057789247,0.066668384,0.16201003,-0.050287629,-0.21229766,0.5773346,1.1382196,91.652217,104.32035,False,0.8962068,False,True,False,0.5773346,1.1382196,91.652217,104.32035,0.56327053,1.1425129,89.484816,102.23755,0.89252811,1.0468183,19.81405,20.74171,0.43541681,1.759385,21.263397,37.410502,0.52874523,1.2305374,32.675776,40.208765,0.62301787,1.0517652,44.731966,47.047527,0.5234991,1.0897366,45.237965,49.297467,0.62575902,1.0697414,49.399106,52.844269
0b_baseline_last,file,19,baseline,5050,087.Mallard/Mallard_0053_75985.jpg,87,86,087.Mallard,137,136,random_erasing,random_erasing,0,"{""area_fraction"":0.07991,""erased"":true,""height"":0.428923,""left"":0.134195,""top"":0.134532,""width"":0.186303}",1.5150405,2.0458214,0.53078091,0.21979928,0.12927395,0.057789247,0.060701419,0.16201003,0.068572532,-0.0934375,0.91969684,1.0794566,91.652217,98.934588,False,0.99129099,True,True,True,0.91969684,1.0794566,91.652217,98.934588,0.91617138,1.0786609,89.484816,96.523769,0.99059995,1.0955599,19.81405,21.707479,0.88791484,1.1155342,21.263397,23.720046,0.88913913,1.023049,32.675776,33.42892,0.92110763,1.0540519,44.731966,47.149814,0.91022862,1.0749689,45.237965,48.629406,0.9345813,1.1177482,49.399106,55.215764
0b_baseline_last,file,19,baseline,6935,119.Field_Sparrow/Field_Sparrow_0102_113595.jpg,119,118,119.Field_Sparrow,118,117,identity,identity,0,{},2.2556729,2.2556729,0,0.104803,0.104803,0.14200146,0.14200146,-0.037198462,-0.037198462,0,1,1,116.5257,116.5257,False,1,True,False,False,1,1,116.5257,116.5257,1,1,114.99847,114.99847,1,1,18.803966,18.803966,1,1,19.556315,19.556315,1,1,47.364617,47.364617,1,1,66.472804,66.472804,1,1,57.194863,57.194863,1,1,53.934283,53.934283
0b_baseline_last,file,19,baseline,6935,119.Field_Sparrow/Field_Sparrow_0102_113595.jpg,119,118,119.Field_Sparrow,118,117,horizontal_flip,horizontal_flip,0,"{""flipped"":true}",2.2556729,2.5472543,0.29158139,0.104803,0.078296348,0.14200146,0.11836162,-0.037198462,-0.040065274,-0.0028668121,0.55693047,1.2177916,116.5257,141.90402,False,0.90187216,True,False,False,0.55693047,1.2177916,116.5257,141.90402,0.54868356,1.2200717,114.99847,140.30639,0.89182119,1.1292121,18.803966,21.233667,0.074999818,1.259754,19.556315,24.636146,0.46941982,1.1654632,47.364617,55.201716,0.57325076,1.2522298,66.472804,83.239227,0.56826211,1.2788898,57.194863,73.145926,0.61753339,1.135801,53.934283,61.258614
0b_baseline_last,file,19,baseline,6935,119.Field_Sparrow/Field_Sparrow_0102_113595.jpg,119,118,119.Field_Sparrow,118,117,color_jitter,color_jitter,0,"{""brightness"":1.095902,""contrast"":0.875034,""hue"":0.048434,""saturation"":1.375828}",2.2556729,5.3738265,3.1181536,0.104803,0.0046363566,0.14200146,0.0016431676,-0.037198462,0.002993189,0.040191651,0.45060137,0.97988353,116.5257,114.18161,False,0.73866892,False,False,False,0.45060137,0.97988353,116.5257,114.18161,0.44289104,0.97095844,114.99847,111.65874,0.68690012,1.2694013,18.803966,23.869779,0.45759409,1.111809,19.556315,21.742887,0.42085882,1.2169397,47.364617,57.639884,0.39909661,0.94410314,66.472804,62.757183,0.47624637,0.83729525,57.194863,47.888987,0.51569135,0.91600186,53.934283,49.403904
0b_baseline_last,file,19,baseline,6935,119.Field_Sparrow/Field_Sparrow_0102_113595.jpg,119,118,119.Field_Sparrow,118,117,rotation,rotation,0,"{""angle"":12.315759}",2.2556729,2.3862009,0.13052797,0.104803,0.091978453,0.14200146,0.21055572,-0.037198462,-0.11857726,-0.081378803,0.68433343,1.1642357,116.5257,135.66338,False,0.93914133,True,False,False,0.68433343,1.1642357,116.5257,135.66338,0.67808313,1.1660067,114.99847,134.08899,0.93432855,1.0959454,18.803966,20.60812,0.24260206,1.1432711,19.556315,22.35817,0.67227646,1.293417,47.364617,61.2622,0.70478584,1.1487255,66.472804,76.359005,0.68155437,1.1787275,57.194863,67.417159,0.7026772,1.0733256,53.934283,57.889046
0b_baseline_last,file,19,baseline,6935,119.Field_Sparrow/Field_Sparrow_0102_113595.jpg,119,118,119.Field_Sparrow,118,117,random_resized_crop,random_resized_crop,0,"{""area_fraction"":0.581775,""aspect"":0.8779,""fallback"":false,""height"":0.814057,""left"":0.268803,""top"":0.087489,""width"":0.714661}",2.2556729,1.920589,-0.33508396,0.104803,0.14652063,0.14200146,0.035815738,-0.037198462,0.11070489,0.14790335,0.596315,1.2700473,116.5257,147.99314,False,0.89493728,False,False,False,0.596315,1.2700473,116.5257,147.99314,0.59021563,1.2745182,114.99847,146.56765,0.87028622,1.0897352,18.803966,20.491345,0.1069695,1.5976553,19.556315,31.24425,0.47820899,1.3082254,47.364617,61.963594,0.6379397,1.3064252,66.472804,86.841747,0.62048356,1.2903575,57.194863,73.801818,0.66571981,1.1244808,53.934283,60.648063
0b_baseline_last,file,19,baseline,6935,119.Field_Sparrow/Field_Sparrow_0102_113595.jpg,119,118,119.Field_Sparrow,118,117,gaussian_blur,gaussian_blur,0,"{""sigma"":1.392647}",2.2556729,3.2916813,1.0360084,0.104803,0.037191264,0.14200146,0.013200091,-0.037198462,0.023991173,0.061189635,0.48954392,0.79926831,116.5257,93.135298,False,0.85886866,False,False,False,0.48954392,0.79926831,116.5257,93.135298,0.47726028,0.7870012,114.99847,90.503937,0.83612311,1.1690241,18.803966,21.982289,0.42225577,0.79231897,19.556315,15.494839,0.29221896,0.76920614,47.364617,36.433154,0.43193594,0.66888831,66.472804,44.462882,0.53681574,0.8281993,57.194863,47.368745,0.60672783,0.90884447,53.934283,49.017875
0b_baseline_last,file,19,baseline,6935,119.Field_Sparrow/Field_Sparrow_0102_113595.jpg,119,118,119.Field_Sparrow,118,117,random_erasing,random_erasing,0,"{""area_fraction"":0.113024,""erased"":true,""height"":0.333873,""left"":0.403589,""top"":0.012028,""width"":0.338523}",2.2556729,3.5867805,1.3311076,0.104803,0.02768732,0.14200146,0.23075806,-0.037198462,-0.20307074,-0.16587227,0.61942112,0.86103113,116.5257,100.33225,False,0.88799965,True,False,False,0.61942112,0.86103113,116.5257,100.33225,0.61108414,0.85189128,114.99847,97.966198,0.87741717,1.1519209,18.803966,21.660681,0.32074191,0.73940505,19.556315,14.460038,0.54878023,0.70980863,47.364617,33.619814,0.61535711,0.79190284,66.472804,52.640002,0.61393842,0.93911679,57.194863,53.712656,0.68356272,0.94577192,53.934283,51.009531
0b_baseline_last,file,19,baseline,11423,194.Cactus_Wren/Cactus_Wren_0098_185637.jpg,194,193,194.Cactus_Wren,195,194,identity,identity,0,{},0.010434359,0.010434359,0,0.98961991,0.98961991,0.0065582772,0.0065582772,0.98306163,0.98306163,0,1,1,2.4535997,2.4535997,False,0.99999994,True,True,True,1,1,2.4535997,2.4535997,1,1,2.4164387,2.4164387,1,1,0.42541234,0.42541234,1,1,0.40677526,0.40677526,1,1,1.1259767,1.1259767,1,1,1.4611619,1.4611619,1,1,1.1122648,1.1122648,1,1,1.0167395,1.0167395
0b_baseline_last,file,19,baseline,11423,194.Cactus_Wren/Cactus_Wren_0098_185637.jpg,194,193,194.Cactus_Wren,195,194,horizontal_flip,horizontal_flip,0,"{""flipped"":true}",0.010434359,0.0055095488,-0.0049248105,0.98961991,0.99450558,0.0065582772,0.0027246098,0.98306163,0.99178097,0.0087193409,0.73670464,0.49985105,2.4535997,1.2264344,False,0.95920086,True,True,True,0.73670464,0.49985105,2.4535997,1.2264344,0.73065419,0.50104169,2.4164387,1.2107365,0.95208643,0.45978335,0.42541234,0.19559751,0.65602209,0.60019607,0.40677526,0.24414491,0.65001082,0.4648981,1.1259767,0.52346444,0.79371109,0.49978799,1.4611619,0.73027118,0.69664521,0.51804793,1.1122648,0.57620645,0.75378434,0.50816686,1.0167395,0.51667333
0b_baseline_last,file,19,baseline,11423,194.Cactus_Wren/Cactus_Wren_0098_185637.jpg,194,193,194.Cactus_Wren,195,194,color_jitter,color_jitter,0,"{""brightness"":0.844975,""contrast"":1.251949,""hue"":0.062354,""saturation"":0.948702}",0.010434359,0.010717333,0.00028297398,0.98961991,0.98933989,0.0065582772,0.00018942184,0.98306163,0.98915047,0.0060888327,0.48123819,0.9424681,2.4535997,2.3124395,False,0.87958443,True,True,True,0.48123819,0.9424681,2.4535997,2.3124395,0.47402818,0.94257901,2.4164387,2.2776844,0.71478863,0.93888247,0.42541234,0.39941219,0.39577614,1.0790771,0.40677526,0.43894186,0.20062368,0.93142927,1.1259767,1.0487677,0.61286617,0.98353515,1.4611619,1.4371041,0.44696852,0.91405258,1.1122648,1.0166685,0.5610472,0.87770861,1.0167395,0.89240103
0b_baseline_last,file,19,baseline,11423,194.Cactus_Wren/Cactus_Wren_0098_185637.jpg,194,193,194.Cactus_Wren,195,194,rotation,rotation,0,"{""angle"":4.987698}",0.010434359,0.011963403,0.0015290435,0.98961991,0.98810786,0.0065582772,0.0038668003,0.98306163,0.98424106,0.0011794262,0.84481445,1.0295503,2.4535997,2.5261044,False,0.98211777,True,True,True,0.84481445,1.0295503,2.4535997,2.5261044,0.84205086,1.0326628,2.4164387,2.4953664,0.94965433,0.92351273,0.42541234,0.39287371,0.73773288,1.1844257,0.40677526,0.48179507,0.87435604,1.1094321,1.1259767,1.2491947,0.85870966,1.0247619,1.4611619,1.497343,0.79695017,0.9608384,1.1122648,1.0687067,0.84174793,1.0078579,1.0167395,1.024729
0b_baseline_last,file,19,baseline,11423,194.Cactus_Wren/Cactus_Wren_0098_185637.jpg,194,193,194.Cactus_Wren,195,194,random_resized_crop,random_resized_crop,0,"{""area_fraction"":0.710097,""aspect"":0.895407,""fallback"":false,""height"":0.89053,""left"":0.090924,""top"":0.094002,""width"":0.797387}",0.010434359,0.019664925,0.0092305653,0.98961991,0.98052716,0.0065582772,0.0043604323,0.98306163,0.97616673,-0.0068949033,0.75916521,1.6938152,2.4535997,4.1559445,False,0.95018947,True,True,True,0.75916521,1.6938152,2.4535997,4.1559445,0.75527147,1.6944254,2.4164387,4.0944751,0.88638319,1.6740076,0.42541234,0.7121435,0.65187281,1.974177,0.40677526,0.80304634,0.74929048,1.518375,1.1259767,1.7096549,0.80632803,1.7774347,1.4611619,2.5971199,0.71206972,1.6765739,1.1122648,1.864794,0.73026885,1.6962604,1.0167395,1.724655
0b_baseline_last,file,19,baseline,11423,194.Cactus_Wren/Cactus_Wren_0098_185637.jpg,194,193,194.Cactus_Wren,195,194,gaussian_blur,gaussian_blur,0,"{""sigma"":1.922994}",0.010434359,3.2263827,3.2159484,0.98961991,0.039700851,0.0065582772,0.050337404,0.98306163,-0.010636553,-0.99369819,0.41286794,74.304728,2.4535997,182.31406,False,0.72616673,False,True,False,0.41286794,74.304728,2.4535997,182.31406,0.4075462,74.536244,2.4164387,180.11226,0.60828921,66.403084,0.42541234,28.248691,0.38934806,102.71168,0.40677526,41.780572,0.36002605,77.453638,1.1259767,87.210992,0.51339431,71.472955,1.4611619,104.43356,0.31507393,77.597574,1.1122648,86.309047,0.3833788,67.667242,1.0167395,68.799959
0b_baseline_last,file,19,baseline,11423,194.Cactus_Wren/Cactus_Wren_0098_185637.jpg,194,193,194.Cactus_Wren,195,194,random_erasing,random_erasing,0,"{""area_fraction"":0.117565,""erased"":true,""height"":0.504376,""left"":0.391734,""top"":0.244309,""width"":0.23309}",0.010434359,0.036913838,0.026479479,0.98961991,0.96375918,0.0065582772,0.0012354611,0.98306163,0.96252372,-0.020537911,0.57436443,2.7026531,2.4535997,6.631229,False,0.91153431,True,True,True,0.57436443,2.7026531,2.4535997,6.631229,0.56899876,2.7008611,2.4164387,6.5264651,0.74391719,2.7598503,0.42541234,1.1740744,0.39766216,3.858188,0.40677526,1.5694154,0.61658971,2.7155778,1.1259767,3.0576773,0.59549578,2.5524989,1.4611619,3.7296141,0.50747226,2.5936985,1.1122648,2.8848794,0.57966594,2.8758536,1.0167395,2.9239941
0b_baseline_last,file,19,baseline,11347,193.Bewick_Wren/Bewick_Wren_0010_185142.jpg,193,192,193.Bewick_Wren,195,194,identity,identity,0,{},0.024896562,0.024896562,0,0.97541082,0.97541082,0.011091405,0.011091405,0.96431941,0.96431941,0,1,1,3.9322487,3.9322487,False,1,True,True,True,1,1,3.9322487,3.9322487,1,1,3.8495483,3.8495483,1,1,0.80222046,0.80222046,1,1,0.87413608,0.87413608,1,1,1.9734899,1.9734899,1,1,1.8462344,1.8462344,1,1,1.8038712,1.8038712,1,1,1.8702175,1.8702175
0b_baseline_last,file,19,baseline,11347,193.Bewick_Wren/Bewick_Wren_0010_185142.jpg,193,192,193.Bewick_Wren,195,194,horizontal_flip,horizontal_flip,0,"{""flipped"":true}",0.024896562,0.022429474,-0.0024670884,0.97541082,0.97782022,0.011091405,0.0075380118,0.96431941,0.97028221,0.0059627914,0.63309653,0.82828767,3.9322487,3.2570332,False,0.97189075,True,True,True,0.63309653,0.82828767,3.9322487,3.2570332,0.61835339,0.82755163,3.8495483,3.1857,0.96568238,0.84505894,0.80222046,0.67792356,0.41493011,0.69141326,0.87413608,0.60438928,0.59267994,0.8023737,1.9734899,1.5834764,0.53486706,0.80751112,1.8462344,1.4908548,0.63006789,0.85075302,1.8038712,1.5346488,0.74719546,0.87830511,1.8702175,1.6426216
0b_baseline_last,file,19,baseline,11347,193.Bewick_Wren/Bewick_Wren_0010_185142.jpg,193,192,193.Bewick_Wren,195,194,color_jitter,color_jitter,0,"{""brightness"":0.654146,""contrast"":1.036709,""hue"":-0.044732,""saturation"":0.760377}",0.024896562,0.031063035,0.006166473,0.97541082,0.96941447,0.011091405,0.0045876387,0.96431941,0.96482683,0.00050741946,0.63011378,1.0856325,3.9322487,4.2689769,False,0.97276151,True,True,True,0.63011378,1.0856325,3.9322487,4.2689769,0.61714085,1.0805143,3.8495483,4.1594921,0.90284257,1.1974502,0.80222046,0.96061905,0.56750276,1.0144523,0.87413608,0.88676938,0.49856483,0.80737384,1.9734899,1.5933441,0.54115906,1.1910864,1.8462344,2.1990248,0.66324806,1.1252542,1.8038712,2.0298136,0.775234,1.1980577,1.8702175,2.2406285
0b_baseline_last,file,19,baseline,11347,193.Bewick_Wren/Bewick_Wren_0010_185142.jpg,193,192,193.Bewick_Wren,195,194,rotation,rotation,0,"{""angle"":9.612734}",0.024896562,0.065783016,0.040886454,0.97541082,0.93633401,0.011091405,0.031931788,0.96431941,0.90440223,-0.059917188,0.81750918,2.7962902,3.9322487,10.995709,False,0.97222799,True,True,True,0.81750918,2.7962902,3.9322487,10.995709,0.8111102,2.7975393,3.8495483,10.769263,0.96650901,2.7673712,0.80222046,2.2200418,0.73158582,2.3517437,0.87413608,2.055744,0.8254422,3.0045666,1.9734899,5.9294817,0.80260754,3.0075237,1.8462344,5.5525939,0.80833239,2.6688871,1.8038712,4.8143285,0.83312631,2.5409723,1.8702175,4.7521709
0b_baseline_last,file,19,baseline,11347,193.Bewick_Wren/Bewick_Wren_0010_185142.jpg,193,192,193.Bewick_Wren,195,194,random_resized_crop,random_resized_crop,0,"{""area_fraction"":0.600123,""aspect"":0.771721,""fallback"":false,""height"":0.88184,""left"":0.173564,""top"":0.057496,""width"":0.680535}",0.024896562,0.14524655,0.12034999,0.97541082,0.86480904,0.011091405,0.078228258,0.96431941,0.78658078,-0.17773864,0.72475434,6.2891817,3.9322487,24.730627,False,0.9538672,True,True,True,0.72475434,6.2891817,3.9322487,24.730627,0.71712165,6.3236309,3.8495483,24.343123,0.93722158,5.4358706,0.80222046,4.3607666,0.64431933,8.6635705,0.87413608,7.5731396,0.70709955,6.141869,1.9734899,12.120916,0.7122741,6.9472221,1.8462344,12.826201,0.72892176,5.924788,1.8038712,10.687554,0.77139893,5.5973199,1.8702175,10.468206
0b_baseline_last,file,19,baseline,11347,193.Bewick_Wren/Bewick_Wren_0010_185142.jpg,193,192,193.Bewick_Wren,195,194,gaussian_blur,gaussian_blur,0,"{""sigma"":1.814638}",0.024896562,1.0630087,1.0381121,0.97541082,0.345415,0.011091405,0.074908078,0.96431941,0.27050692,-0.6938125,0.36176379,24.316857,3.9322487,95.619929,False,0.82885325,True,True,True,0.36176379,24.316857,3.9322487,95.619929,0.34639167,24.440964,3.8495483,94.086671,0.77209724,21.259598,0.80222046,17.054885,0.39792456,31.252724,0.87413608,27.319134,0.23491143,25.197506,1.9734899,49.727023,0.32922769,26.243013,1.8462344,48.450755,0.32548528,22.294535,1.8038712,40.216469,0.52155839,21.839939,1.8702175,40.845437
0b_baseline_last,file,19,baseline,11347,193.Bewick_Wren/Bewick_Wren_0010_185142.jpg,193,192,193.Bewick_Wren,195,194,random_erasing,random_erasing,0,"{""area_fraction"":0.092513,""erased"":true,""height"":0.169239,""left"":0.306907,""top"":0.550321,""width"":0.546642}",0.024896562,0.086820811,0.061924249,0.97541082,0.91684139,0.011091405,0.016499169,0.96431941,0.90034222,-0.063977196,0.7371921,3.0936489,3.9322487,12.164997,False,0.9037776,True,True,True,0.7371921,3.0936489,3.9322487,12.164997,0.73149373,3.094462,3.8495483,11.912281,0.8692573,3.074865,0.80222046,2.4667196,0.70950123,3.5810367,0.87413608,3.1303134,0.79294092,3.0744716,1.9734899,6.0674385,0.71754128,3.1838306,1.8462344,5.8780978,0.70490679,2.9135942,1.8038712,5.2557486,0.70969347,3.0769415,1.8702175,5.7545499
0b_baseline_last,file,19,baseline,10212,174.Palm_Warbler/Palm_Warbler_0054_169175.jpg,174,173,174.Palm_Warbler,173,172,identity,identity,0,{},0.21000497,0.21000497,0,0.81058019,0.81058019,0.071133412,0.071133412,0.73944678,0.73944678,0,1,1,33.375987,33.375987,False,1,True,True,True,1,1,33.375987,33.375987,1,1,32.944099,32.944099,1,1,5.3518998,5.3518998,1,1,7.9338056,7.9338056,1,1,17.137458,17.137458,1,1,18.973818,18.973818,1,1,13.393264,13.393264,1,1,13.758293,13.758293
0b_baseline_last,file,19,baseline,10212,174.Palm_Warbler/Palm_Warbler_0054_169175.jpg,174,173,174.Palm_Warbler,173,172,horizontal_flip,horizontal_flip,0,"{""flipped"":true}",0.21000497,0.099520683,-0.11048429,0.81058019,0.90527123,0.071133412,0.052564554,0.73944678,0.85270668,0.1132599,0.5561961,0.61948073,33.375987,20.675781,False,0.95275092,True,True,True,0.5561961,0.61948073,33.375987,20.675781,0.54682943,0.62008511,32.944099,20.428145,0.92579488,0.59612877,5.3518998,3.1904214,0.029234202,0.56960605,7.9338056,4.5191437,0.46569978,0.66472636,17.137458,11.39172,0.58457441,0.59069276,18.973818,11.207697,0.61293242,0.66397972,13.393264,8.8928554,0.72429547,0.57424432,13.758293,7.9006215
0b_baseline_last,file,19,baseline,10212,174.Palm_Warbler/Palm_Warbler_0054_169175.jpg,174,173,174.Palm_Warbler,173,172,color_jitter,color_jitter,0,"{""brightness"":0.96123,""contrast"":1.331492,""hue"":-0.093745,""saturation"":1.055467}",0.21000497,1.0770046,0.86699958,0.81058019,0.34061429,0.071133412,0.072716273,0.73944678,0.26789802,-0.47154877,0.65678947,2.9211682,33.375987,97.496871,False,0.88769293,True,True,True,0.65678947,2.9211682,33.375987,97.496871,0.65130245,2.9182493,32.944099,96.139093,0.85750075,3.0296989,5.3518998,16.214645,0.6793815,3.4453059,7.9338056,27.334387,0.64420087,2.4557549,17.137458,42.085398,0.69352258,2.9768139,18.973818,56.481526,0.58912928,3.2495746,13.393264,43.522409,0.65370352,2.9434664,13.758293,40.497073
0b_baseline_last,file,19,baseline,10212,174.Palm_Warbler/Palm_Warbler_0054_169175.jpg,174,173,174.Palm_Warbler,173,172,rotation,rotation,0,"{""angle"":-8.743628}",0.21000497,0.11772104,-0.092283927,0.81058019,0.88894397,0.071133412,0.021278562,0.73944678,0.86766541,0.12821863,0.74815482,0.49294093,33.375987,16.45239,False,0.95506072,True,True,True,0.74815482,0.49294093,33.375987,16.45239,0.7427548,0.49031148,32.944099,16.15287,0.93106467,0.58391413,5.3518998,3.1250499,0.72812483,0.39013719,7.9338056,3.0952726,0.76764904,0.44610156,17.137458,7.6450468,0.73123309,0.45684401,18.973818,8.6680752,0.71359317,0.55191464,13.393264,7.3919383,0.78577233,0.57741704,13.758293,7.9442727
0b_baseline_last,file,19,baseline,10212,174.Palm_Warbler/Palm_Warbler_0054_169175.jpg,174,173,174.Palm_Warbler,173,172,random_resized_crop,random_resized_crop,0,"{""area_fraction"":0.726663,""aspect"":0.964088,""fallback"":false,""height"":0.868176,""left"":0.001696,""top"":0.101583,""width"":0.836999}",0.21000497,0.04141916,-0.16858581,0.81058019,0.95942688,0.071133412,0.026300345,0.73944678,0.93312654,0.19367975,0.82579337,0.23442067,33.375987,7.8240211,False,0.96269506,True,True,True,0.82579337,0.23442067,33.375987,7.8240211,0.82291516,0.23354005,32.944099,7.6937664,0.92833129,0.26564623,5.3518998,1.421712,0.76670428,0.19191354,7.9338056,1.5226047,0.8812046,0.26078427,17.137458,4.4691795,0.82603718,0.22385196,18.973818,4.2473264,0.77264783,0.22692002,13.393264,3.0391997,0.79199831,0.22550186,13.758293,3.1025206
0b_baseline_last,file,19,baseline,10212,174.Palm_Warbler/Palm_Warbler_0054_169175.jpg,174,173,174.Palm_Warbler,173,172,gaussian_blur,gaussian_blur,0,"{""sigma"":1.588977}",0.21000497,2.4303961,2.2203911,0.81058019,0.088001974,0.071133412,0.0059656538,0.73944678,0.08203632,-0.65741046,0.50090022,4.5160209,33.375987,150.72665,False,0.78935474,False,True,False,0.50090022,4.5160209,33.375987,150.72665,0.49573874,4.5257606,32.944099,149.0971,0.71726071,4.1300804,5.3518998,22.103776,0.33779827,6.1309681,7.9338056,48.641909,0.53945172,4.4045742,17.137458,75.483207,0.52424873,4.1779449,18.973818,79.271565,0.42569095,4.7371289,13.393264,63.445616,0.53435,4.5139102,13.758293,62.103699
0b_baseline_last,file,19,baseline,10212,174.Palm_Warbler/Palm_Warbler_0054_169175.jpg,174,173,174.Palm_Warbler,173,172,random_erasing,random_erasing,0,"{""area_fraction"":0.147506,""erased"":true,""height"":0.574717,""left"":0.382874,""top"":0.235509,""width"":0.256659}",0.21000497,5.4398942,5.2298892,0.81058019,0.0043399427,0.071133412,0.0037231438,0.73944678,0.00061679888,-0.73882998,0.34653484,5.1832398,33.375987,172.99574,False,0.68135858,False,True,False,0.34653484,5.1832398,33.375987,172.99574,0.34020819,5.1983969,32.944099,171.2565,0.62189636,4.5720424,5.3518998,24.469113,0.45131223,4.3067762,7.9338056,34.169126,0.30730947,5.1466133,17.137458,88.19987,0.32795898,5.1541096,18.973818,97.793138,0.3357741,5.4802332,13.393264,73.398209,0.38853696,5.3565512,13.758293,73.697
0b_baseline_last,file,19,baseline,6587,113.Baird_Sparrow/Baird_Sparrow_0045_794571.jpg,113,112,113.Baird_Sparrow,123,122,identity,identity,0,{},0.0030196568,0.0030196568,0,0.9969849,0.9969849,0.0023142553,0.0023142553,0.99467064,0.99467064,0,1,1,0.53860762,0.53860762,False,1,True,True,True,1,1,0.53860762,0.53860762,1,1,0.52355058,0.52355058,1,1,0.12646327,0.12646327,1,1,0.095475682,0.095475682,1,1,0.26039765,0.26039765,1,1,0.28845258,0.28845258,1,1,0.24083073,0.24083073,1,1,0.23659741,0.23659741
0b_baseline_last,file,19,baseline,6587,113.Baird_Sparrow/Baird_Sparrow_0045_794571.jpg,113,112,113.Baird_Sparrow,123,122,horizontal_flip,horizontal_flip,0,"{""flipped"":true}",0.0030196568,0.0037643304,0.00074467366,0.9969849,0.99624276,0.0023142553,0.0012594162,0.99467064,0.99498335,0.00031270168,0.42618023,0.93001164,0.53860762,0.50091135,False,0.97542083,True,True,True,0.42618023,0.93001164,0.53860762,0.50091135,0.39690927,0.92710027,0.52355058,0.48538388,0.90206057,0.97856439,0.12646327,0.12375245,0.29781926,1.0375993,0.095475682,0.099065498,0.26344133,0.77458872,0.26039765,0.20170109,0.3237109,0.91856974,0.28845258,0.26496382,0.40381181,0.98587747,0.24083073,0.23742959,0.63560096,1.022464,0.23659741,0.24191234
0b_baseline_last,file,19,baseline,6587,113.Baird_Sparrow/Baird_Sparrow_0045_794571.jpg,113,112,113.Baird_Sparrow,123,122,color_jitter,color_jitter,0,"{""brightness"":1.318976,""contrast"":1.293288,""hue"":-0.057275,""saturation"":1.073505}",0.0030196568,0.011952449,0.0089327919,0.9969849,0.98811871,0.0023142553,0.0016369533,0.99467064,0.98648175,-0.0081888889,0.30584717,2.6689354,0.53860762,1.4375089,False,0.93136388,True,True,True,0.30584717,2.6689354,0.53860762,1.4375089,0.27405955,2.6214942,0.52355058,1.3724848,0.73761573,3.3800682,0.12646327,0.42745446,0.26794313,3.0782334,0.095475682,0.29389644,0.18102824,2.0603239,0.26039765,0.53650352,0.18473523,2.5601876,0.28845258,0.73849273,0.28792018,2.8539041,0.24083073,0.6873078,0.4647676,2.9638604,0.23659741,0.7012417
0b_baseline_last,file,19,baseline,6587,113.Baird_Sparrow/Baird_Sparrow_0045_794571.jpg,113,112,113.Baird_Sparrow,123,122,rotation,rotation,0,"{""angle"":5.522332}",0.0030196568,0.0060064052,0.0029867485,0.9969849,0.99401158,0.0023142553,0.004785304,0.99467064,0.98922628,-0.0054443667,0.83238214,2.0670673,0.53860762,1.1133382,False,0.98534548,True,True,True,0.83238214,2.0670673,0.53860762,1.1133382,0.82399523,2.072383,0.52355058,1.0849973,0.98424868,1.9737373,0.12646327,0.24960527,0.76925708,2.2330603,0.095475682,0.21320296,0.78824955,1.9993689,0.26039765,0.52063098,0.8269377,2.1346418,0.28845258,0.61574295,0.82830258,2.0782397,0.24083073,0.50050398,0.86901493,2.0316816,0.23659741,0.48069061
0b_baseline_last,file,19,baseline,6587,113.Baird_Sparrow/Baird_Sparrow_0045_794571.jpg,113,112,113.Baird_Sparrow,123,122,random_resized_crop,random_resized_crop,0,"{""area_fraction"":0.720446,""aspect"":0.978835,""fallback"":false,""height"":0.857918,""left"":0.147278,""top"":0.079225,""width"":0.839761}",0.0030196568,0.0030574503,3.7793536e-05,0.9969849,0.99694723,0.0023142553,0.0024549093,0.99467064,0.99449232,-0.00017832406,0.75703649,1.1214575,0.53860762,0.60402556,False,0.97239447,True,True,True,0.75703649,1.1214575,0.53860762,0.60402556,0.74620742,1.1279261,0.52355058,0.59052635,0.97038586,1.0041356,0.12646327,0.12698626,0.66199739,1.082576,0.095475682,0.10335968,0.71077496,1.1259195,0.26039765,0.29318679,0.76583626,1.179671,0.28845258,0.34027915,0.7360804,1.1414725,0.24083073,0.27490165,0.78911939,1.0414819,0.23659741,0.24641191
0b_baseline_last,file,19,baseline,6587,113.Baird_Sparrow/Baird_Sparrow_0045_794571.jpg,113,112,113.Baird_Sparrow,123,122,gaussian_blur,gaussian_blur,0,"{""sigma"":1.667431}",0.0030196568,0.62113559,0.61811594,0.9969849,0.53733391,0.0023142553,0.20976944,0.99467064,0.32756446,-0.66710618,0.44756801,134.6652,0.53860762,72.531703,False,0.80980057,True,True,True,0.44756801,134.6652,0.53860762,72.531703,0.43362817,136.2939,0.52355058,71.356752,0.78141006,102.81548,0.12646327,13.002382,0.54385842,205.69085,0.095475682,19.638474,0.36163623,137.76204,0.26039765,35.872911,0.40574493,138.4309,0.28845258,39.93075,0.45531334,130.63504,0.24083073,31.460931,0.53808597,122.13275,0.23659741,28.896293
0b_baseline_last,file,19,baseline,6587,113.Baird_Sparrow/Baird_Sparrow_0045_794571.jpg,113,112,113.Baird_Sparrow,123,122,random_erasing,random_erasing,0,"{""area_fraction"":0.087091,""erased"":true,""height"":0.421125,""left"":0.621093,""top"":0.528867,""width"":0.206805}",0.0030196568,0.0034223578,0.00040270109,0.9969849,0.99658352,0.0023142553,0.0014709338,0.99467064,0.99511259,0.00044194388,0.71166479,0.82005068,0.53860762,0.44168554,False,0.98659897,True,True,True,0.71166479,0.82005068,0.53860762,0.44168554,0.69645039,0.80912871,0.52355058,0.4236198,0.93844882,0.98866276,0.12646327,0.12502952,0.70139128,0.89924623,0.095475682,0.085856146,0.72703562,0.71263458,0.26039765,0.18556837,0.60583324,0.78274632,0.28845258,0.2257852,0.70047639,0.8315288,0.24083073,0.20025768,0.79018006,0.91204995,0.23659741,0.21578865
0b_baseline_last,file,19,baseline,6137,105.Whip_poor_Will/Whip_Poor_Will_0003_796409.jpg,105,104,105.Whip_poor_Will,22,21,identity,identity,0,{},0.49620593,0.49620593,0,0.60883623,0.60883623,0.31716135,0.31716135,0.29167488,0.29167488,0,1,1,117.1919,117.1919,False,1,True,True,True,1,1,117.1919,117.1919,1,1,116.03626,116.03626,1,1,16.417324,16.417324,1,1,23.352456,23.352456,1,1,57.184425,57.184425,1,1,73.216789,73.216789,1,1,52.583206,52.583206,1,1,39.029808,39.029808
0b_baseline_last,file,19,baseline,6137,105.Whip_poor_Will/Whip_Poor_Will_0003_796409.jpg,105,104,105.Whip_poor_Will,22,21,horizontal_flip,horizontal_flip,0,"{""flipped"":true}",0.49620593,0.2535013,-0.24270463,0.60883623,0.77607876,0.31716135,0.055060413,0.29167488,0.72101835,0.42934347,0.72683654,0.54386296,117.1919,63.736335,False,0.9651863,True,True,True,0.72683654,0.54386296,117.1919,63.736335,0.72574432,0.54350962,116.03626,63.066823,0.78004237,0.56123142,16.417324,9.2139177,0.66333662,0.6042634,23.352456,14.111035,0.74807363,0.48152512,57.184425,27.535737,0.77646846,0.53130493,73.216789,38.900441,0.67505953,0.57235593,52.583206,30.096309,0.66328294,0.62814554,39.029808,24.5164
0b_baseline_last,file,19,baseline,6137,105.Whip_poor_Will/Whip_Poor_Will_0003_796409.jpg,105,104,105.Whip_poor_Will,22,21,color_jitter,color_jitter,0,"{""brightness"":0.965609,""contrast"":0.790348,""hue"":-0.049851,""saturation"":1.152035}",0.49620593,2.9090922,2.4128863,0.60883623,0.054525208,0.31716135,0.92471677,0.29167488,-0.87019156,-1.1618664,0.78117194,1.970475,117.1919,230.92372,False,0.91660333,False,True,False,0.78117194,1.970475,117.1919,230.92372,0.77849348,1.9627601,116.03626,227.75134,0.90508723,2.3234995,16.417324,38.145643,0.73634958,1.6555703,23.352456,38.661632,0.76301107,1.9246766,57.184425,110.06153,0.8149027,1.7882495,73.216789,130.92988,0.77456446,2.095906,52.583206,110.20946,0.75891514,2.4271031,39.029808,94.729366
0b_baseline_last,file,19,baseline,6137,105.Whip_poor_Will/Whip_Poor_Will_0003_796409.jpg,105,104,105.Whip_poor_Will,22,21,rotation,rotation,0,"{""angle"":-7.557303}",0.49620593,0.28525776,-0.21094817,0.60883623,0.75182045,0.31716135,0.23755822,0.29167488,0.51426223,0.22258735,0.87327927,0.60637807,117.1919,71.062599,False,0.95726532,True,True,True,0.87327927,0.60637807,117.1919,71.062599,0.87175379,0.60580755,116.03626,70.295642,0.94696988,0.63422556,16.417324,10.412286,0.79993387,0.64680857,23.352456,15.104569,0.88034618,0.60076253,57.184425,34.35426,0.89582219,0.5827018,73.216789,42.663554,0.85550247,0.61997954,52.583206,32.600512,0.83837176,0.65329245,39.029808,25.497879
0b_baseline_last,file,19,baseline,6137,105.Whip_poor_Will/Whip_Poor_Will_0003_796409.jpg,105,104,105.Whip_poor_Will,22,21,random_resized_crop,random_resized_crop,0,"{""area_fraction"":0.519549,""aspect"":1.077687,""fallback"":false,""height"":0.694331,""left"":0.090847,""top"":0.025079,""width"":0.748272}",0.49620593,0.028750138,-0.46745579,0.60883623,0.97165924,0.31716135,0.02141254,0.29167488,0.9502467,0.65857182,0.67587105,0.065447601,117.1919,7.6699288,False,0.90695798,True,True,True,0.67587105,0.065447601,117.1919,7.6699288,0.67157301,0.065512335,116.03626,7.6018062,0.90321074,0.062127993,16.417324,1.0199754,0.599977,0.067299618,23.352456,1.5716114,0.65819366,0.058183021,57.184425,3.3271626,0.66018426,0.062864333,73.216789,4.6027246,0.68631397,0.071923081,52.583206,3.7819462,0.74598208,0.075829489,39.029808,2.9596104
0b_baseline_last,file,19,baseline,6137,105.Whip_poor_Will/Whip_Poor_Will_0003_796409.jpg,105,104,105.Whip_poor_Will,22,21,gaussian_blur,gaussian_blur,0,"{""sigma"":1.302931}",0.49620593,0.039742194,-0.45646373,0.60883623,0.96103716,0.31716135,0.012782285,0.29167488,0.94825487,0.65657999,0.5891693,0.05911226,117.1919,6.9274781,False,0.86176646,True,True,True,0.5891693,0.05911226,117.1919,6.9274781,0.58415765,0.058755633,116.03626,6.8177838,0.80265178,0.074793908,16.417324,1.2279158,0.49955796,0.049229904,23.352456,1.1496392,0.51935377,0.047982086,57.184425,2.743828,0.64189795,0.051781896,73.216789,3.7913041,0.57448163,0.064722803,52.583206,3.4033325,0.64667885,0.087546094,39.029808,3.4169072
0b_baseline_last,file,19,baseline,6137,105.Whip_poor_Will/Whip_Poor_Will_0003_796409.jpg,105,104,105.Whip_poor_Will,22,21,random_erasing,random_erasing,0,"{""area_fraction"":0.17098,""erased"":true,""height"":0.424277,""left"":0.232784,""top"":0.297023,""width"":0.402992}",0.49620593,0.11947384,-0.37673208,0.60883623,0.88738722,0.31716135,0.091437392,0.29167488,0.79594982,0.50427494,0.60622211,0.20644007,117.1919,24.193105,False,0.86649656,True,True,True,0.60622211,0.20644007,117.1919,24.193105,0.60005427,0.20494687,116.03626,23.781268,0.8624873,0.27074778,16.417324,4.444954,0.49393436,0.1766086,23.352456,4.1242447,0.46829848,0.18161969,57.184425,10.385818,0.63396128,0.19334664,73.216789,14.15622,0.66292471,0.21548543,52.583206,11.330915,0.67357796,0.27101373,39.029808,10.577614
0b_baseline_last,file,19,baseline,11074,189.Red_bellied_Woodpecker/Red_Bellied_Woodpecker_0066_182253.jpg,189,188,189.Red_bellied_Woodpecker,36,35,identity,identity,0,{},0.00026651646,0.00026651646,0,0.99973351,0.99973351,2.8043924e-05,2.8043924e-05,0.99970546,0.99970546,0,1,1,0.040295509,0.040295509,False,0.99999994,True,True,True,1,1,0.040295509,0.040295509,1,1,0.039378623,0.039378623,1,1,0.0085470531,0.0085470531,1,1,0.0088905033,0.0088905033,1,1,0.014604995,0.014604995,1,1,0.017262723,0.017262723,1,1,0.016917961,0.016917961,1,1,0.025963628,0.025963628
0b_baseline_last,file,19,baseline,11074,189.Red_bellied_Woodpecker/Red_Bellied_Woodpecker_0066_182253.jpg,189,188,189.Red_bellied_Woodpecker,36,35,horizontal_flip,horizontal_flip,0,"{""flipped"":true}",0.00026651646,0.00048518329,0.00021866683,0.99973351,0.99951494,2.8043924e-05,9.5008429e-05,0.99970546,0.99941993,-0.00028553474,0.58712532,1.6186114,0.040295509,0.065222772,False,0.98014617,True,True,True,0.58712532,1.6186114,0.040295509,0.065222772,0.56693848,1.6089005,0.039378623,0.063356286,0.9714564,1.8125128,0.0085470531,0.015491643,0.51370869,0.97045256,0.0088905033,0.0086278117,0.57063319,1.5209324,0.014604995,0.02221321,0.42398136,1.558684,0.017262723,0.02690713,0.40708679,1.7867478,0.016917961,0.03022813,0.71079013,1.6378881,0.025963628,0.042525517
0b_baseline_last,file,19,baseline,11074,189.Red_bellied_Woodpecker/Red_Bellied_Woodpecker_0066_182253.jpg,189,188,189.Red_bellied_Woodpecker,36,35,color_jitter,color_jitter,0,"{""brightness"":1.069032,""contrast"":1.172644,""hue"":-0.016749,""saturation"":1.374802}",0.00026651646,0.0010266992,0.00076018274,0.99973351,0.99897385,2.8043924e-05,8.6712011e-05,0.99970546,0.99888713,-0.00081832928,0.89613664,3.5228251,0.040295509,0.14195403,False,0.9919287,True,True,True,0.89613664,3.5228251,0.040295509,0.14195403,0.89159592,3.5201287,0.039378623,0.13861782,0.99104156,3.5795812,0.0085470531,0.03059487,0.88352212,3.2417386,0.0088905033,0.028820688,0.83921534,3.3054851,0.014604995,0.048276593,0.85890247,3.410476,0.017262723,0.058874102,0.85871878,3.7203008,0.016917961,0.062939905,0.93780989,3.5771779,0.025963628,0.092876517
0b_baseline_last,file,19,baseline,11074,189.Red_bellied_Woodpecker/Red_Bellied_Woodpecker_0066_182253.jpg,189,188,189.Red_bellied_Woodpecker,36,35,rotation,rotation,0,"{""angle"":13.552226}",0.00026651646,0.00010203794,-0.00016447852,0.99973351,0.99989796,2.8043924e-05,2.233556e-05,0.99970546,0.99987562,0.00017015758,0.76077661,0.37068214,0.040295509,0.014936825,False,0.98177809,True,True,True,0.76077661,0.37068214,0.040295509,0.014936825,0.75011628,0.36947778,0.039378623,0.014549526,0.97390073,0.39538265,0.0085470531,0.0033793565,0.78290382,0.29831607,0.0088905033,0.00265218,0.71075067,0.35492749,0.014604995,0.0051837143,0.70008365,0.38041821,0.017262723,0.0065670541,0.63938684,0.38679447,0.016917961,0.0065437738,0.83336467,0.36909865,0.025963628,0.0095831401
0b_baseline_last,file,19,baseline,11074,189.Red_bellied_Woodpecker/Red_Bellied_Woodpecker_0066_182253.jpg,189,188,189.Red_bellied_Woodpecker,36,35,random_resized_crop,random_resized_crop,0,"{""area_fraction"":0.878776,""aspect"":0.91881,""fallback"":false,""height"":0.977972,""left"":0.050017,""top"":0.006348,""width"":0.89857}",0.00026651646,0.00034028461,7.376814e-05,0.99973351,0.99965978,2.8043924e-05,3.6621779e-05,0.99970546,0.99962315,-8.2308801e-05,0.88818821,1.200168,0.040295509,0.04836138,False,0.99648255,True,True,True,0.88818821,1.200168,0.040295509,0.04836138,0.88292169,1.1964872,0.039378623,0.047116018,0.9947733,1.2757974,0.0085470531,0.010904308,0.87879391,1.0860142,0.0088905033,0.0096552128,0.83839827,1.1472204,0.014604995,0.016755148,0.83728026,1.1587939,0.017262723,0.020003937,0.82783568,1.2112709,0.016917961,0.020492233,0.9396529,1.2336194,0.025963628,0.032029236
0b_baseline_last,file,19,baseline,11074,189.Red_bellied_Woodpecker/Red_Bellied_Woodpecker_0066_182253.jpg,189,188,189.Red_bellied_Woodpecker,36,35,gaussian_blur,gaussian_blur,0,"{""sigma"":1.964457}",0.00026651646,0.013090034,0.012823518,0.99973351,0.98699528,2.8043924e-05,0.0010669351,0.99970546,0.98592834,-0.013777119,0.27916322,65.492915,0.040295509,2.6390703,False,0.8977564,True,True,True,0.27916322,65.492915,0.040295509,2.6390703,0.25838516,66.158901,0.039378623,2.6052464,0.88310711,49.276536,0.0085470531,0.42116917,-0.35645587,101.01668,0.0088905033,0.8980891,-0.0078615033,90.478693,0.014604995,1.3214409,0.22108362,76.862743,0.017262723,1.3268602,0.36282141,68.206442,0.016917961,1.1539139,0.62551231,41.167621,0.025963628,1.0688608
0b_baseline_last,file,19,baseline,11074,189.Red_bellied_Woodpecker/Red_Bellied_Woodpecker_0066_182253.jpg,189,188,189.Red_bellied_Woodpecker,36,35,random_erasing,random_erasing,0,"{""area_fraction"":0.108165,""erased"":true,""height"":0.248075,""left"":0.541419,""top"":0.648575,""width"":0.436018}",0.00026651646,0.00027998342,1.3466954e-05,0.99973351,0.99972004,2.8043924e-05,3.594649e-05,0.99970546,0.99968409,-2.1373216e-05,0.96807842,1.0430364,0.040295509,0.042029681,False,0.99268138,True,True,True,0.96807842,1.0430364,0.040295509,0.042029681,0.96694877,1.0414389,0.039378623,0.041010429,0.99178184,1.0763864,0.0085470531,0.0091999318,0.96910127,0.98408596,0.0088905033,0.0087490195,0.96322876,1.0059135,0.014604995,0.014691362,0.9603601,1.0347984,0.017262723,0.017863437,0.95719413,1.0657172,0.016917961,0.018029762,0.97541304,1.0514774,0.025963628,0.027300168
0b_baseline_last,file,19,baseline,7561,129.Song_Sparrow/Song_Sparrow_0135_121261.jpg,129,128,129.Song_Sparrow,131,130,identity,identity,0,{},0.0090889288,0.0090889288,0,0.99095225,0.99095225,0.0074284817,0.0074284817,0.98352377,0.98352377,0,1,1,2.5369903,2.5369903,False,1,True,True,True,1,1,2.5369903,2.5369903,1,1,2.5043846,2.5043846,1,1,0.40543485,0.40543485,1,1,0.48102994,0.48102994,1,1,1.3340013,1.3340013,1,1,1.4758161,1.4758161,1,1,1.076619,1.076619,1,1,0.96117184,0.96117184
0b_baseline_last,file,19,baseline,7561,129.Song_Sparrow/Song_Sparrow_0135_121261.jpg,129,128,129.Song_Sparrow,131,130,horizontal_flip,horizontal_flip,0,"{""flipped"":true}",0.0090889288,0.014097511,0.005008582,0.99095225,0.98600137,0.0074284817,0.0075617656,0.98352377,0.97843961,-0.0050841649,0.7239075,1.5441702,2.5369903,3.9175447,False,0.96668887,True,True,True,0.7239075,1.5441702,2.5369903,3.9175447,0.71920853,1.5458511,2.5043846,3.8714058,0.91205298,1.4786046,0.40543485,0.59947784,0.67982439,1.4261312,0.48102994,0.68601178,0.73198831,1.7271549,1.3340013,2.3040268,0.73994617,1.4968317,1.4758161,2.2090483,0.64603365,1.4540518,1.076619,1.5654598,0.75747488,1.4257885,0.96117184,1.3704278
0b_baseline_last,file,19,baseline,7561,129.Song_Sparrow/Song_Sparrow_0135_121261.jpg,129,128,129.Song_Sparrow,131,130,color_jitter,color_jitter,0,"{""brightness"":0.984724,""contrast"":0.669906,""hue"":0.054646,""saturation"":0.659232}",0.0090889288,1.9222447,1.9131557,0.99095225,0.14627826,0.0074284817,0.63096815,0.98352377,-0.48468989,-1.4682137,0.71914533,93.020368,2.5369903,235.99177,False,0.86969841,False,True,False,0.71914533,93.020368,2.5369903,235.99177,0.7163156,93.419474,2.5043846,233.95829,0.86600376,76.247267,0.40543485,30.913299,0.74885562,88.398741,0.48102994,42.522441,0.56952699,86.889663,1.3340013,115.91092,0.77612716,100.48076,1.4758161,148.29113,0.7819369,95.090061,1.076619,102.37577,0.74845888,87.182064,0.96117184,83.796946
0b_baseline_last,file,19,baseline,7561,129.Song_Sparrow/Song_Sparrow_0135_121261.jpg,129,128,129.Song_Sparrow,131,130,rotation,rotation,0,"{""angle"":0.751179}",0.0090889288,0.0037615988,-0.00532733,0.99095225,0.99624544,0.0074284817,0.0029304158,0.98352377,0.99331503,0.0097912564,0.93253637,0.41903923,2.5369903,1.0630985,False,0.99256921,True,True,True,0.93253637,0.41903923,2.5369903,1.0630985,0.93094851,0.41874612,2.5043846,1.0487013,0.99185012,0.43007378,0.40543485,0.1743669,0.93314917,0.42714341,0.48102994,0.20546877,0.91735618,0.44472613,1.3340013,0.59326522,0.94655156,0.41191398,1.4758161,0.6079093,0.92387291,0.40365332,1.076619,0.43458084,0.93638973,0.39913725,0.96117184,0.38363949
0b_baseline_last,file,19,baseline,7561,129.Song_Sparrow/Song_Sparrow_0135_121261.jpg,129,128,129.Song_Sparrow,131,130,random_resized_crop,random_resized_crop,0,"{""area_fraction"":0.654366,""aspect"":0.974766,""fallback"":false,""height"":0.819333,""left"":0.071243,""top"":0.098038,""width"":0.798658}",0.0090889288,0.00084555155,-0.0082433773,0.99095225,0.99915481,0.0074284817,0.00057977636,0.98352377,0.99857503,0.015051258,0.83830445,0.085150881,2.5369903,0.21602696,False,0.97692657,True,True,True,0.83830445,0.085150881,2.5369903,0.21602696,0.83452704,0.084809144,2.5043846,0.21239471,0.9716246,0.097297587,0.40543485,0.039447832,0.8053861,0.085407746,0.48102994,0.041083683,0.84900672,0.091767496,1.3340013,0.12241796,0.85096529,0.080611706,1.4758161,0.11896806,0.80248776,0.079932647,1.076619,0.086057007,0.82263794,0.086285726,0.96117184,0.082935411
0b_baseline_last,file,19,baseline,7561,129.Song_Sparrow/Song_Sparrow_0135_121261.jpg,129,128,129.Song_Sparrow,131,130,gaussian_blur,gaussian_blur,0,"{""sigma"":1.494257}",0.0090889288,0.93115354,0.92206461,0.99095225,0.39409882,0.0074284817,0.26103643,0.98352377,0.13306239,-0.85046138,0.66295406,67.736916,2.5369903,171.8479,False,0.87214398,True,True,True,0.66295406,67.736916,2.5369903,171.8479,0.6601417,68.115059,2.5043846,170.58631,0.8319486,51.265708,0.40543485,20.784905,0.63135879,66.488336,0.48102994,31.98288,0.59933211,62.674465,1.3340013,83.607817,0.72091943,74.971657,1.4758161,110.64438,0.62170246,67.82155,1.076619,73.01797,0.68232552,61.662379,0.96117184,59.268143
0b_baseline_last,file,19,baseline,7561,129.Song_Sparrow/Song_Sparrow_0135_121261.jpg,129,128,129.Song_Sparrow,131,130,random_erasing,random_erasing,0,"{""area_fraction"":0.104664,""erased"":true,""height"":0.414773,""left"":0.093213,""top"":0.326643,""width"":0.252341}",0.0090889288,0.0039282078,-0.005160721,0.99095225,0.9960795,0.0074284817,0.0031291153,0.98352377,0.99295039,0.0094266175,0.97416476,0.46253095,2.5369903,1.1734365,False,0.99326617,True,True,True,0.97416476,0.46253095,2.5369903,1.1734365,0.97371974,0.4630801,2.5043846,1.1597307,0.99311967,0.4410672,0.40543485,0.17882401,0.97518442,0.47862681,0.48102994,0.23023383,0.98630056,0.48311188,1.3340013,0.64447187,0.98027013,0.4558382,1.4758161,0.67273336,0.95719069,0.46093342,1.076619,0.49624968,0.95610872,0.43868448,0.96117184,0.42165117
0b_baseline_last,file,19,baseline,5796,099.Ovenbird/Ovenbird_0054_92594.jpg,99,98,099.Ovenbird,125,124,identity,identity,0,{},0.095563002,0.095563002,0,0.9088611,0.9088611,0.015154655,0.015154655,0.89370645,0.89370645,0,1,1,13.283417,13.283417,False,1,True,True,True,1,1,13.283417,13.283417,1,1,13.093983,13.093983,1,1,2.2353433,2.2353433,1,1,2.2762999,2.2762999,1,1,6.5122306,6.5122306,1,1,7.1508871,7.1508871,1,1,5.6677828,5.6677828,1,1,6.37203,6.37203
0b_baseline_last,file,19,baseline,5796,099.Ovenbird/Ovenbird_0054_92594.jpg,99,98,099.Ovenbird,125,124,horizontal_flip,horizontal_flip,0,"{""flipped"":true}",0.095563002,0.035533186,-0.060029816,0.9088611,0.96509069,0.015154655,0.0020685242,0.89370645,0.96302217,0.069315722,0.66938587,0.399913,13.283417,5.312211,False,0.9651351,True,True,True,0.66938587,0.399913,13.283417,5.312211,0.66096477,0.39983375,13.093983,5.2354165,0.95635091,0.40262267,2.2353433,0.89999988,0.49640322,0.38107787,2.2762999,0.86744751,0.63567569,0.41941765,6.5122306,2.7313444,0.65134769,0.37531277,7.1508871,2.6838193,0.60823802,0.41616025,5.6677828,2.3587059,0.76690117,0.39796469,6.37203,2.5358429
0b_baseline_last,file,19,baseline,5796,099.Ovenbird/Ovenbird_0054_92594.jpg,99,98,099.Ovenbird,125,124,color_jitter,color_jitter,0,"{""brightness"":0.957141,""contrast"":1.027234,""hue"":-0.069727,""saturation"":1.121134}",0.095563002,0.055888925,-0.039674077,0.9088611,0.94564414,0.015154655,0.0050911829,0.89370645,0.94055296,0.046846512,0.70982756,0.53345699,13.283417,7.0861315,False,0.95052373,True,True,True,0.70982756,0.53345699,13.283417,7.0861315,0.70286284,0.53074627,13.093983,6.9495828,0.92281825,0.61932251,2.2353433,1.3843984,0.61191641,0.50714755,2.2762999,1.1544199,0.61333013,0.47841823,6.5122306,3.1155698,0.68325721,0.51296838,7.1508871,3.668179,0.70071086,0.57221332,5.6677828,3.2431808,0.82261723,0.57197646,6.37203,3.6446511
0b_baseline_last,file,19,baseline,5796,099.Ovenbird/Ovenbird_0054_92594.jpg,99,98,099.Ovenbird,125,124,rotation,rotation,0,"{""angle"":-14.427927}",0.095563002,0.097020693,0.0014576912,0.9088611,0.90753722,0.015154655,0.012177736,0.89370645,0.89535949,0.0016530408,0.76044131,1.0607974,13.283417,14.091015,False,0.9643234,True,True,True,0.76044131,1.0607974,13.283417,14.091015,0.75458795,1.0608946,13.093983,13.891337,0.9619429,1.0574569,2.2353433,2.3637791,0.72795374,1.1050665,2.2762999,2.5154627,0.83932514,1.033579,6.5122306,6.7309051,0.75072949,1.0527575,7.1508871,7.5281504,0.66190981,1.1583081,5.6677828,6.5650386,0.76076393,1.0117657,6.37203,6.4470012
0b_baseline_last,file,19,baseline,5796,099.Ovenbird/Ovenbird_0054_92594.jpg,99,98,099.Ovenbird,125,124,random_resized_crop,random_resized_crop,0,"{""area_fraction"":0.536305,""aspect"":0.846949,""fallback"":false,""height"":0.795751,""left"":0.014704,""top"":0.045989,""width"":0.67396}",0.095563002,1.3303813,1.2348183,0.9088611,0.26437643,0.015154655,0.062511876,0.89370645,0.20186456,-0.69184189,0.51007657,7.0851187,13.283417,94.114585,False,0.90090686,False,True,False,0.51007657,7.0851187,13.283417,94.114585,0.497292,7.0258982,13.093983,91.996995,0.8706774,8.8810317,2.2353433,19.852155,0.61715972,8.4379432,2.2762999,19.207289,0.56160044,5.458425,6.5122306,35.546522,0.44211917,7.1024058,7.1508871,50.788502,0.4207598,7.4772614,5.6677828,42.379493,0.57139608,7.776609,6.37203,49.552786
0b_baseline_last,file,19,baseline,5796,099.Ovenbird/Ovenbird_0054_92594.jpg,99,98,099.Ovenbird,125,124,gaussian_blur,gaussian_blur,0,"{""sigma"":1.001581}",0.095563002,0.082365721,-0.01319728,0.9088611,0.92093509,0.015154655,0.0077157123,0.89370645,0.91321938,0.019512936,0.79317436,1.049551,13.283417,13.941624,False,0.95563638,True,True,True,0.79317436,1.049551,13.283417,13.941624,0.78968249,1.0541661,13.093983,13.803233,0.95046967,0.87659667,2.2353433,1.9594945,0.76116679,1.2621435,2.2762999,2.873017,0.81830387,1.0642154,6.5122306,6.9304163,0.7817223,1.1526198,7.1508871,8.2422543,0.74972595,1.0357994,5.6677828,5.8706857,0.82863806,0.88560567,6.37203,5.6431059
0b_baseline_last,file,19,baseline,5796,099.Ovenbird/Ovenbird_0054_92594.jpg,99,98,099.Ovenbird,125,124,random_erasing,random_erasing,0,"{""area_fraction"":0.19646,""erased"":true,""height"":0.488408,""left"":0.57647,""top"":0.234272,""width"":0.402246}",0.095563002,6.1620369,6.0664739,0.9088611,0.0021079546,0.015154655,0.00073197129,0.89370645,0.0013759833,-0.89233046,0.23074963,9.0866382,13.283417,120.7016,False,0.69249719,False,True,False,0.23074963,9.0866382,13.283417,120.7016,0.21290719,8.8520419,13.093983,115.90849,0.62219377,15.065419,2.2353433,33.676383,0.29650848,7.7544486,2.2762999,17.65145,0.1219176,6.0385522,6.5122306,39.324444,0.22829849,7.1992063,7.1508871,51.480712,0.16340911,9.744303,5.6677828,55.228592,0.29643937,12.030269,6.37203,76.657233
0b_baseline_last,file,19,baseline,2455,043.Yellow_bellied_Flycatcher/Yellow_Bellied_Flycatcher_0049_42593.jpg,43,42,043.Yellow_bellied_Flycatcher,102,101,identity,identity,0,{},3.2251594,3.2251594,0,0.039749447,0.039749447,0.40990752,0.40990752,-0.37015807,-0.37015807,0,1,1,221.09928,221.09928,False,1,True,False,False,1,1,221.09928,221.09928,1,1,218.47953,218.47953,1,1,33.935049,33.935049,1,1,65.245865,65.245865,1,1,101.74075,101.74075,1,1,124.04066,124.04066,1,1,100.26275,100.26275,1,1,87.672095,87.672095
0b_baseline_last,file,19,baseline,2455,043.Yellow_bellied_Flycatcher/Yellow_Bellied_Flycatcher_0049_42593.jpg,43,42,043.Yellow_bellied_Flycatcher,102,101,horizontal_flip,horizontal_flip,0,"{""flipped"":true}",3.2251594,3.1778233,-0.047336102,0.039749447,0.041676275,0.40990752,0.18958087,-0.37015807,-0.1479046,0.22225348,0.42806187,0.66720483,221.09928,147.51851,False,0.9416604,True,False,False,0.42806187,0.66720483,221.09928,147.51851,0.41432579,0.66375552,218.47953,145.01699,0.90913734,0.79715433,33.935049,27.051471,-0.21373663,0.80854883,65.245865,52.754467,0.15848323,0.57033264,101.74075,58.026072,0.57763368,0.63931766,124.04066,79.301387,0.54642485,0.67019543,100.26275,67.195637,0.63672725,0.72820004,87.672095,63.842823
0b_baseline_last,file,19,baseline,2455,043.Yellow_bellied_Flycatcher/Yellow_Bellied_Flycatcher_0049_42593.jpg,43,42,043.Yellow_bellied_Flycatcher,102,101,color_jitter,color_jitter,0,"{""brightness"":0.624555,""contrast"":0.995681,""hue"":-0.095893,""saturation"":0.767727}",3.2251594,7.5653868,4.3402274,0.039749447,0.00051807694,0.40990752,0.69658422,-0.37015807,-0.69606615,-0.32590808,0.61990074,0.87544415,221.09928,193.56007,False,0.92109704,True,False,False,0.61990074,0.87544415,221.09928,193.56007,0.61171392,0.86495031,218.47953,188.97394,0.89594827,1.2342694,33.935049,41.884993,0.62117511,1.2114537,65.245865,79.042347,0.56027307,0.8809286,101.74075,89.626338,0.59032014,0.73132005,124.04066,90.713425,0.64344552,0.78753387,100.26275,78.960311,0.71154456,0.95204839,87.672095,83.468077
0b_baseline_last,file,19,baseline,2455,043.Yellow_bellied_Flycatcher/Yellow_Bellied_Flycatcher_0049_42593.jpg,43,42,043.Yellow_bellied_Flycatcher,102,101,rotation,rotation,0,"{""angle"":-2.28612}",3.2251594,2.5188022,-0.70635724,0.039749447,0.08055605,0.40990752,0.30676109,-0.37015807,-0.22620504,0.14395304,0.86169921,1.029876,221.09928,227.70485,False,0.97969788,True,False,False,0.86169921,1.029876,221.09928,227.70485,0.85948285,1.0314055,218.47953,225.34099,0.96186016,0.96434709,33.935049,32.725166,0.89797567,1.0075431,65.245865,65.738021,0.84380346,1.133395,101.74075,115.31246,0.86211046,1.0039991,124.04066,124.53671,0.85098687,1.0168154,100.26275,101.94871,0.87663518,0.9716783,87.672095,85.189072
0b_baseline_last,file,19,baseline,2455,043.Yellow_bellied_Flycatcher/Yellow_Bellied_Flycatcher_0049_42593.jpg,43,42,043.Yellow_bellied_Flycatcher,102,101,random_resized_crop,random_resized_crop,0,"{""area_fraction"":0.624082,""aspect"":1.285854,""fallback"":false,""height"":0.696666,""left"":0.096464,""top"":0.215546,""width"":0.895812}",3.2251594,3.8758643,0.65070486,0.039749447,0.020736409,0.40990752,0.7034933,-0.37015807,-0.68275689,-0.31259882,0.70980194,1.155014,221.09928,255.37276,False,0.91752481,True,False,False,0.70980194,1.155014,221.09928,255.37276,0.70606567,1.1572321,218.47953,252.83152,0.88177089,1.0589959,33.935049,35.937077,0.77820238,1.0522038,65.245865,68.651946,0.67576195,1.2822351,101.74075,130.45557,0.73302,1.1675639,124.04066,144.8254,0.68845199,1.0955627,100.26275,109.84413,0.69115328,1.0911748,87.672095,95.665577
0b_baseline_last,file,19,baseline,2455,043.Yellow_bellied_Flycatcher/Yellow_Bellied_Flycatcher_0049_42593.jpg,43,42,043.Yellow_bellied_Flycatcher,102,101,gaussian_blur,gaussian_blur,0,"{""sigma"":1.861429}",3.2251594,3.9879134,0.76275396,0.039749447,0.018538356,0.40990752,0.096790932,-0.37015807,-0.078252576,0.2919055,0.53054643,0.9956077,221.09928,220.12815,False,0.82292157,False,False,False,0.53054643,0.9956077,221.09928,220.12815,0.5259077,0.99912564,218.47953,218.2885,0.76828326,0.83687846,33.935049,28.399512,0.65936088,0.73948169,65.245865,48.248123,0.50536813,0.9975991,101.74075,101.49648,0.53186144,1.0190066,124.04066,126.39825,0.4742238,1.0326285,100.26275,103.53418,0.56575642,1.040688,87.672095,91.239293
0b_baseline_last,file,19,baseline,2455,043.Yellow_bellied_Flycatcher/Yellow_Bellied_Flycatcher_0049_42593.jpg,43,42,043.Yellow_bellied_Flycatcher,102,101,random_erasing,random_erasing,0,"{""area_fraction"":0.171891,""erased"":true,""height"":0.746484,""left"":0.695711,""top"":0.090595,""width"":0.230267}",3.2251594,2.84764,-0.37751937,0.039749447,0.057980996,0.40990752,0.35074207,-0.37015807,-0.29276108,0.077396996,0.95414859,0.93853386,221.09928,207.50916,False,0.98540545,True,False,False,0.95414859,0.93853386,221.09928,207.50916,0.95344849,0.93786066,218.47953,204.90336,0.98272919,0.96602522,33.935049,32.782114,0.95337122,0.99185846,65.245865,64.714663,0.95698476,0.92670899,101.74075,94.28407,0.96649129,0.92163694,124.04066,114.32046,0.94718416,0.94899463,100.26275,95.148811,0.93280024,0.9395673,87.672095,82.373834
0b_baseline_last,file,19,baseline,10437,178.Swainson_Warbler/Swainson_Warbler_0034_794890.jpg,178,177,178.Swainson_Warbler,69,68,identity,identity,0,{},1.1801915,1.1801915,0,0.30721986,0.30721986,0.15421905,0.15421905,0.15300082,0.15300082,0,1,1,187.03839,187.03839,False,1,True,True,True,1,1,187.03839,187.03839,1,1,185.98948,185.98948,1,1,19.780612,19.780612,1,1,42.754482,42.754482,1,1,99.201566,99.201566,1,1,107.2175,107.2175,1,1,80.277027,80.277027,1,1,70.591765,70.591765
0b_baseline_last,file,19,baseline,10437,178.Swainson_Warbler/Swainson_Warbler_0034_794890.jpg,178,177,178.Swainson_Warbler,69,68,horizontal_flip,horizontal_flip,0,"{""flipped"":true}",1.1801915,0.19335757,-0.98683394,0.30721986,0.82418722,0.15421905,0.037568543,0.15300082,0.78661868,0.63361786,0.7257959,0.25372953,187.03839,47.457163,False,0.93641853,True,True,True,0.7257959,0.25372953,187.03839,47.457163,0.72338907,0.25339532,185.98948,47.128865,0.92121836,0.28171348,19.780612,5.5724651,0.81681035,0.211593,42.754482,9.0465491,0.78037114,0.24749258,99.201566,24.551652,0.70661405,0.25486688,107.2175,27.326191,0.61117458,0.26034772,80.277027,20.899941,0.77555731,0.26614592,70.591765,18.78771
0b_baseline_last,file,19,baseline,10437,178.Swainson_Warbler/Swainson_Warbler_0034_794890.jpg,178,177,178.Swainson_Warbler,69,68,color_jitter,color_jitter,0,"{""brightness"":0.694304,""contrast"":1.263476,""hue"":-0.012129,""saturation"":0.639959}",1.1801915,0.16223694,-1.0179546,0.30721986,0.85023975,0.15421905,0.010397454,0.15300082,0.8398423,0.68684148,0.83854978,0.23882382,187.03839,44.669223,False,0.92640764,True,True,True,0.83854978,0.23882382,187.03839,44.669223,0.83795186,0.2389153,185.98948,44.435733,0.89384073,0.2305925,19.780612,4.5612607,0.82317379,0.34784495,42.754482,14.871931,0.82404036,0.25530558,99.201566,25.326714,0.87921966,0.22053654,107.2175,23.645377,0.83157755,0.22309317,80.277027,17.909256,0.84341042,0.21580308,70.591765,15.23392
0b_baseline_last,file,19,baseline,10437,178.Swainson_Warbler/Swainson_Warbler_0034_794890.jpg,178,177,178.Swainson_Warbler,69,68,rotation,rotation,0,"{""angle"":-5.939162}",1.1801915,1.0539482,-0.12624335,0.30721986,0.34855887,0.15421905,0.091132604,0.15300082,0.25742627,0.10442545,0.90340649,0.87188229,187.03839,163.07546,False,0.96088916,True,True,True,0.90340649,0.87188229,187.03839,163.07546,0.90284509,0.87234631,185.98948,162.24724,0.95669794,0.82983447,19.780612,16.414634,0.91475995,0.82996392,42.754482,35.484678,0.92420908,0.93186277,99.201566,92.442246,0.90896234,0.87289337,107.2175,93.589448,0.86728368,0.8176947,80.277027,65.6421,0.88979129,0.83225038,70.591765,58.750024
0b_baseline_last,file,19,baseline,10437,178.Swainson_Warbler/Swainson_Warbler_0034_794890.jpg,178,177,178.Swainson_Warbler,69,68,random_resized_crop,random_resized_crop,0,"{""area_fraction"":0.871476,""aspect"":0.987211,""fallback"":false,""height"":0.939556,""left"":0.002911,""top"":0.057836,""width"":0.92754}",1.1801915,1.2203863,0.04019475,0.30721986,0.29511616,0.15421905,0.15306878,0.15300082,0.14204738,-0.010953441,0.92887587,0.98784627,187.03839,184.76518,False,0.98735464,True,True,True,0.92887587,0.98784627,187.03839,184.76518,0.92824589,0.98801134,185.98948,183.75972,0.98552791,0.9731422,19.780612,19.249348,0.93688135,1.0965881,42.754482,46.884059,0.93969367,0.99399738,99.201566,98.606096,0.93011896,0.94545674,107.2175,101.36951,0.90786601,1.0071296,80.277027,80.849373,0.92914049,1.0050803,70.591765,70.95039
0b_baseline_last,file,19,baseline,10437,178.Swainson_Warbler/Swainson_Warbler_0034_794890.jpg,178,177,178.Swainson_Warbler,69,68,gaussian_blur,gaussian_blur,0,"{""sigma"":1.6368}",1.1801915,2.6043229,1.4241314,0.30721986,0.073953196,0.15421905,0.1661787,0.15300082,-0.092225507,-0.24522632,0.77120803,1.0382305,187.03839,194.18896,False,0.9136849,False,True,False,0.77120803,1.0382305,187.03839,194.18896,0.76956384,1.036366,185.98948,192.75318,0.9050604,1.1915918,19.780612,23.570414,0.63301479,1.0896694,42.754482,46.588251,0.80015035,1.0046495,99.201566,99.662801,0.77559517,0.96059691,107.2175,102.9928,0.7479299,1.0872028,80.277027,87.277411,0.79083764,1.1703675,70.591765,82.618307
0b_baseline_last,file,19,baseline,10437,178.Swainson_Warbler/Swainson_Warbler_0034_794890.jpg,178,177,178.Swainson_Warbler,69,68,random_erasing,random_erasing,0,"{""area_fraction"":0.151889,""erased"":true,""height"":0.352855,""left"":0.201184,""top"":0.400526,""width"":0.430456}",1.1801915,1.5044854,0.32429385,0.30721986,0.22213158,0.15421905,0.0671013,0.15300082,0.15503028,0.0020294636,0.7458688,0.83318608,187.03839,155.83779,False,0.87049401,True,True,True,0.7458688,0.83318608,187.03839,155.83779,0.74457481,0.83097831,185.98948,154.55323,0.85401196,1.0094664,19.780612,19.967863,0.76113256,0.82987991,42.754482,35.481086,0.75466694,0.68814632,99.201566,68.265193,0.77920535,0.8319572,107.2175,89.200374,0.70303321,0.89230653,80.277027,71.631716,0.7387309,0.98957571,70.591765,69.855896
0b_baseline_last,file,19,baseline,5857,100.Brown_Pelican/Brown_Pelican_0011_94683.jpg,100,99,100.Brown_Pelican,23,22,identity,identity,0,{},0.12083374,0.12083374,0,0.88618129,0.88618129,0.037655663,0.037655663,0.84852563,0.84852563,0,1,1,17.520954,17.520954,False,0.99999994,True,True,True,1,1,17.520954,17.520954,1,1,17.173726,17.173726,1,1,3.4708718,3.4708718,1,1,4.6438331,4.6438331,1,1,7.5211108,7.5211108,1,1,8.675992,8.675992,1,1,8.3417453,8.3417453,1,1,8.4821591,8.4821591
0b_baseline_last,file,19,baseline,5857,100.Brown_Pelican/Brown_Pelican_0011_94683.jpg,100,99,100.Brown_Pelican,23,22,horizontal_flip,horizontal_flip,0,"{""flipped"":true}",0.12083374,0.5022288,0.38139506,0.88618129,0.60518032,0.037655663,0.080941573,0.84852563,0.52423875,-0.32428688,0.65483122,3.3009718,17.520954,57.836174,False,0.95773309,True,True,True,0.65483122,3.3009718,17.520954,57.836174,0.64325009,3.3051516,17.173726,56.761768,0.94831036,3.1969358,3.4708718,11.096154,0.78053783,3.0721504,4.6438331,14.266554,0.61633815,3.2171979,7.5211108,24.196902,0.62590345,3.332016,8.675992,28.908544,0.5668056,3.2996152,8.3417453,27.52455,0.71629622,3.4160308,8.4821591,28.975317
0b_baseline_last,file,19,baseline,5857,100.Brown_Pelican/Brown_Pelican_0011_94683.jpg,100,99,100.Brown_Pelican,23,22,color_jitter,color_jitter,0,"{""brightness"":1.049924,""contrast"":0.824736,""hue"":0.096753,""saturation"":0.868464}",0.12083374,2.6105847,2.489751,0.88618129,0.073491551,0.037655663,0.0099588688,0.84852563,0.063532682,-0.78499295,0.59595309,6.6348965,17.520954,116.24971,False,0.86548281,False,True,False,0.59595309,6.6348965,17.520954,116.24971,0.58685819,6.6369415,17.173726,113.98101,0.82040369,6.5846334,3.4708718,22.854418,0.69039329,4.8498521,4.6438331,22.521904,0.49028837,7.0142323,7.5211108,52.754819,0.5234876,7.1509579,8.675992,62.041653,0.63660978,6.4925226,8.3417453,54.15897,0.68220237,6.369582,8.4821591,54.027808
0b_baseline_last,file,19,baseline,5857,100.Brown_Pelican/Brown_Pelican_0011_94683.jpg,100,99,100.Brown_Pelican,23,22,rotation,rotation,0,"{""angle"":-3.363344}",0.12083374,0.42337129,0.30253755,0.88618129,0.65483546,0.037655663,0.097231962,0.84852563,0.5576035,-0.29092213,0.84583703,2.7915525,17.520954,48.910663,False,0.97722316,True,True,True,0.84583703,2.7915525,17.520954,48.910663,0.8404291,2.7889636,17.173726,47.896897,0.97542639,2.8542023,3.4708718,9.9065703,0.89414988,2.9035279,4.6438331,13.483499,0.84082307,2.685497,7.5211108,20.197921,0.81153361,2.6716371,8.675992,23.179102,0.82624002,2.8527919,8.3417453,23.797263,0.8675893,2.88967,8.4821591,24.510641
0b_baseline_last,file,19,baseline,5857,100.Brown_Pelican/Brown_Pelican_0011_94683.jpg,100,99,100.Brown_Pelican,23,22,random_resized_crop,random_resized_crop,0,"{""area_fraction"":0.717751,""aspect"":0.772737,""fallback"":false,""height"":0.963765,""left"":0.042468,""top"":0.031551,""width"":0.744737}",0.12083374,0.74719119,0.62635745,0.88618129,0.47369522,0.037655663,0.15224496,0.84852563,0.32145026,-0.52707537,0.7686019,4.2001621,17.520954,73.590845,False,0.96608198,True,True,True,0.7686019,4.2001621,17.520954,73.590845,0.76105067,4.2053804,17.173726,72.22205,0.96000145,4.0703203,3.4708718,14.12756,0.72051309,3.3271372,4.6438331,15.45067,0.75199275,3.8580773,7.5211108,29.017027,0.77926882,4.5681015,8.675992,39.632812,0.73786675,4.4148319,8.3417453,36.827403,0.79195843,4.0980785,8.4821591,34.760553
0b_baseline_last,file,19,baseline,5857,100.Brown_Pelican/Brown_Pelican_0011_94683.jpg,100,99,100.Brown_Pelican,23,22,gaussian_blur,gaussian_blur,0,"{""sigma"":1.858462}",0.12083374,3.1782556,3.0574218,0.88618129,0.041658264,0.037655663,0.42551804,0.84852563,-0.38385977,-1.2323854,0.56465363,8.8617395,17.520954,155.26613,False,0.81853002,False,True,False,0.56465363,8.8617395,17.520954,155.26613,0.5559641,8.8857843,17.173726,152.60203,0.79524735,8.2512386,3.4708718,28.638991,0.58886175,7.6084044,4.6438331,35.33216,0.52667982,8.790527,7.5211108,66.114527,0.59393769,9.2525106,8.675992,80.274707,0.5342329,9.6512528,8.3417453,80.508292,0.55826589,8.1187063,8.4821591,68.864158
0b_baseline_last,file,19,baseline,5857,100.Brown_Pelican/Brown_Pelican_0011_94683.jpg,100,99,100.Brown_Pelican,23,22,random_erasing,random_erasing,0,"{""area_fraction"":0.1362,""erased"":true,""height"":0.249001,""left"":0.099169,""top"":0.386937,""width"":0.546984}",0.12083374,0.35834077,0.23750703,0.88618129,0.6988349,0.037655663,0.048833903,0.84852563,0.65000099,-0.19852464,0.68729408,2.5333957,17.520954,44.387508,False,0.9378041,True,True,True,0.68729408,2.5333957,17.520954,44.387508,0.67904736,2.5381166,17.173726,43.588919,0.90030939,2.41494,3.4708718,8.3819473,0.77481808,2.2772533,4.6438331,10.575184,0.74651268,2.58058,7.5211108,19.408828,0.62836491,2.533602,8.675992,21.981511,0.63150704,2.4923743,8.3417453,20.790752,0.69843526,2.6256738,8.4821591,22.271383
0b_baseline_last,file,19,baseline,3092,054.Blue_Grosbeak/Blue_Grosbeak_0067_36965.jpg,54,53,054.Blue_Grosbeak,14,13,identity,identity,0,{},0.038182557,0.038182557,0,0.96253723,0.96253723,0.0319511,0.0319511,0.93058613,0.93058613,0,1,1,7.3906166,7.3906166,False,1,True,True,True,1,1,7.3906166,7.3906166,1,1,7.262569,7.262569,1,1,1.3697829,1.3697829,1,1,1.4618886,1.4618886,1,1,3.1100669,3.1100669,1,1,4.4494863,4.4494863,1,1,3.455306,3.455306,1,1,3.0328544,3.0328544
0b_baseline_last,file,19,baseline,3092,054.Blue_Grosbeak/Blue_Grosbeak_0067_36965.jpg,54,53,054.Blue_Grosbeak,14,13,horizontal_flip,horizontal_flip,0,"{""flipped"":true}",0.038182557,0.081797324,0.043614767,0.96253723,0.92145872,0.0319511,0.068262249,0.93058613,0.85319647,-0.077389657,0.74044299,1.8748178,7.3906166,13.85606,False,0.97122985,True,True,True,0.74044299,1.8748178,7.3906166,13.85606,0.73151745,1.8677924,7.262569,13.564971,0.97116493,2.0625425,1.3697829,2.8252355,0.70213137,1.7516857,1.4618886,2.5607693,0.62948166,1.6895786,3.1100669,5.2547025,0.75865535,1.8536707,4.4494863,8.2478821,0.74367691,1.9667476,3.455306,6.7957147,0.76486375,1.9681333,3.0328544,5.9690617
0b_baseline_last,file,19,baseline,3092,054.Blue_Grosbeak/Blue_Grosbeak_0067_36965.jpg,54,53,054.Blue_Grosbeak,14,13,color_jitter,color_jitter,0,"{""brightness"":1.155167,""contrast"":1.0139,""hue"":0.042887,""saturation"":0.97532}",0.038182557,0.018471956,-0.0197106,0.96253723,0.98169762,0.0319511,0.014722486,0.93058613,0.96697513,0.036389004,0.87425416,0.43817663,7.3906166,3.2383955,False,0.98653048,True,True,True,0.87425416,0.43817663,7.3906166,3.2383955,0.87003312,0.43666907,7.262569,3.1713392,0.98605443,0.47861672,1.3697829,0.655601,0.83122966,0.47710681,1.4618886,0.69747699,0.75173857,0.48257103,3.1100669,1.5008282,0.90736307,0.39555537,4.4494863,1.7600182,0.90361431,0.43714818,3.455306,1.5104808,0.91404528,0.45915746,3.0328544,1.3925577
0b_baseline_last,file,19,baseline,3092,054.Blue_Grosbeak/Blue_Grosbeak_0067_36965.jpg,54,53,054.Blue_Grosbeak,14,13,rotation,rotation,0,"{""angle"":2.257111}",0.038182557,0.10255866,0.064376108,0.96253723,0.90252519,0.0319511,0.091723979,0.93058613,0.81080121,-0.11978492,0.91376397,2.9307055,7.3906166,21.65972,False,0.9840855,True,True,True,0.91376397,2.9307055,7.3906166,21.65972,0.91140555,2.9339977,7.262569,21.308361,0.98284165,2.8365947,1.3697829,3.885519,0.87807534,3.0924539,1.4618886,4.520823,0.85444058,2.9393287,3.1100669,9.141509,0.93603148,2.960327,4.4494863,13.171934,0.9171244,2.8980791,3.455306,10.01375,0.91955389,2.879482,3.0328544,8.7330495
0b_baseline_last,file,19,baseline,3092,054.Blue_Grosbeak/Blue_Grosbeak_0067_36965.jpg,54,53,054.Blue_Grosbeak,14,13,random_resized_crop,random_resized_crop,0,"{""area_fraction"":0.650784,""aspect"":1.236987,""fallback"":false,""height"":0.725331,""left"":0.082799,""top"":0.031776,""width"":0.897225}",0.038182557,0.1717858,0.13360325,0.96253723,0.84215951,0.0319511,0.15092596,0.93058613,0.69123355,-0.23935258,0.81410697,4.6412327,7.3906166,34.301571,False,0.95601743,True,True,True,0.81410697,4.6412327,7.3906166,34.301571,0.80917618,4.6430945,7.262569,33.720794,0.95441813,4.5885862,1.3697829,6.285367,0.7597128,4.5256407,1.4618886,6.6159825,0.78914696,4.9679155,3.1100669,15.45055,0.8541053,4.7165575,4.4494863,20.986258,0.7845796,4.2817403,3.455306,14.794723,0.77945915,4.6077971,3.0328544,13.974777
0b_baseline_last,file,19,baseline,3092,054.Blue_Grosbeak/Blue_Grosbeak_0067_36965.jpg,54,53,054.Blue_Grosbeak,14,13,gaussian_blur,gaussian_blur,0,"{""sigma"":1.285089}",0.038182557,0.24036482,0.20218226,0.96253723,0.78634095,0.0319511,0.20462002,0.93058613,0.58172093,-0.3488652,0.78743733,6.4070945,7.3906166,47.352379,False,0.96925211,True,True,True,0.78743733,6.4070945,7.3906166,47.352379,0.78102543,6.4069519,7.262569,46.53093,0.96756612,6.4111019,1.3697829,8.7818179,0.68203313,7.5092682,1.4618886,10.977713,0.68703808,6.6008519,3.1100669,20.529091,0.81321969,6.0365833,4.4494863,26.859695,0.79746799,6.4971141,3.455306,22.449518,0.82788381,6.575872,3.0328544,19.943662
0b_baseline_last,file,19,baseline,3092,054.Blue_Grosbeak/Blue_Grosbeak_0067_36965.jpg,54,53,054.Blue_Grosbeak,14,13,random_erasing,random_erasing,0,"{""area_fraction"":0.188963,""erased"":true,""height"":0.54598,""left"":0.163131,""top"":0.261636,""width"":0.346099}",0.038182557,7.6519012,7.6137187,0.96253723,0.00047513982,0.0319511,0.0076903342,0.93058613,-0.0072151944,-0.93780132,0.072655942,14.001215,7.3906166,103.47761,False,0.53537965,False,True,False,0.072655942,14.001215,7.3906166,103.47761,0.055848788,13.740191,7.262569,99.789085,0.40231484,19.989762,1.3697829,27.381634,-0.14266904,16.605087,1.4618886,24.274787,-0.070540643,13.091445,3.1100669,40.715271,0.059038989,10.582819,4.4494863,47.088108,0.11905684,12.429631,3.455306,42.948178,0.13336141,19.917599,3.0328544,60.407177
0b_baseline_last,file,19,baseline,275,005.Crested_Auklet/Crested_Auklet_0075_785259.jpg,5,4,005.Crested_Auklet,89,88,identity,identity,0,{},5.2674799,5.2674799,0,0.0051565897,0.0051565897,0.42801869,0.42801869,-0.4228621,-0.4228621,0,1,1,138.66733,138.66733,False,1,True,False,False,1,1,138.66733,138.66733,1,1,135.78702,135.78702,1,1,28.116067,28.116067,1,1,28.974467,28.974467,1,1,64.671428,64.671428,1,1,71.816627,71.816627,1,1,62.800853,62.800853,1,1,65.685813,65.685813
0b_baseline_last,file,19,baseline,275,005.Crested_Auklet/Crested_Auklet_0075_785259.jpg,5,4,005.Crested_Auklet,89,88,horizontal_flip,horizontal_flip,0,"{""flipped"":true}",5.2674799,5.7971649,0.52968502,0.0051565897,0.0030361505,0.42801869,0.52677405,-0.4228621,-0.5237379,-0.1008758,0.73912362,0.87338801,138.66733,121.11038,False,0.96441984,True,False,False,0.73912362,0.87338801,138.66733,121.11038,0.72865317,0.86342449,135.78702,117.24184,0.95199726,1.0800124,28.116067,30.365701,0.57657431,0.86045933,28.974467,24.931351,0.77729696,0.79387999,64.671428,51.341353,0.68583063,0.84334197,71.816627,60.565975,0.71753223,0.89149045,62.800853,55.986361,0.77659218,0.92421412,65.685813,60.707756
0b_baseline_last,file,19,baseline,275,005.Crested_Auklet/Crested_Auklet_0075_785259.jpg,5,4,005.Crested_Auklet,89,88,color_jitter,color_jitter,0,"{""brightness"":0.943497,""contrast"":1.264143,""hue"":-0.007123,""saturation"":0.697073}",5.2674799,5.4711819,0.20370197,0.0051565897,0.0042062583,0.42801869,0.52289599,-0.4228621,-0.51868973,-0.095827634,0.88823956,0.98259554,138.66733,136.2539,False,0.97247553,True,False,False,0.88823956,0.98259554,138.66733,136.2539,0.88516728,0.98449052,135.78702,133.68103,0.96453434,0.93731058,28.116067,26.353487,0.8518928,0.90922636,28.974467,26.344349,0.89775142,0.99080871,64.671428,64.077015,0.88588261,1.0172648,71.816627,73.056529,0.87294917,0.97729442,62.800853,61.374923,0.89064589,0.95882025,65.685813,62.980887
0b_baseline_last,file,19,baseline,275,005.Crested_Auklet/Crested_Auklet_0075_785259.jpg,5,4,005.Crested_Auklet,89,88,rotation,rotation,0,"{""angle"":13.39445}",5.2674799,4.1765184,-1.0909615,0.0051565897,0.015351864,0.42801869,0.043090045,-0.4228621,-0.027738182,0.39512392,0.54591524,0.8306134,138.66733,115.17894,False,0.8359766,False,False,False,0.54591524,0.8306134,138.66733,115.17894,0.53608371,0.82426699,135.78702,111.92476,0.74803367,0.96689343,28.116067,27.18524,0.74894207,0.84916807,28.974467,24.604192,0.61306236,0.80249868,64.671428,51.898736,0.51433403,0.83818554,71.816627,60.195658,0.4520172,0.78182971,62.800853,49.099573,0.52218645,0.86039384,65.685813,56.515669
0b_baseline_last,file,19,baseline,275,005.Crested_Auklet/Crested_Auklet_0075_785259.jpg,5,4,005.Crested_Auklet,89,88,random_resized_crop,random_resized_crop,0,"{""area_fraction"":0.515796,""aspect"":1.27259,""fallback"":false,""height"":0.636641,""left"":0.013303,""top"":0.345703,""width"":0.810183}",5.2674799,4.3553171,-0.91216278,0.0051565897,0.012838366,0.42801869,0.055234186,-0.4228621,-0.042395821,0.38046628,0.39306553,0.97510989,138.66733,135.21588,False,0.83763587,False,False,False,0.39306553,0.97510989,138.66733,135.21588,0.37936216,0.9742643,135.78702,132.29244,0.70622267,0.99462882,28.116067,27.96505,0.30844845,0.93970353,28.974467,27.227409,0.3659474,0.86735022,64.671428,56.092778,0.35892733,1.0072971,71.816627,72.340677,0.36127156,0.9865113,62.800853,61.953751,0.44580164,1.0260243,65.685813,67.395242
0b_baseline_last,file,19,baseline,275,005.Crested_Auklet/Crested_Auklet_0075_785259.jpg,5,4,005.Crested_Auklet,89,88,gaussian_blur,gaussian_blur,0,"{""sigma"":1.778084}",5.2674799,4.793026,-0.47445393,0.0051565897,0.0082873441,0.42801869,0.011821556,-0.4228621,-0.0035342118,0.41932789,0.47805808,1.5946018,138.66733,221.11917,False,0.77269232,False,False,False,0.47805808,1.5946018,138.66733,221.11917,0.47254749,1.6107052,135.78702,218.71286,0.68255909,1.1570848,28.116067,32.532673,0.53131837,1.6032016,28.974467,46.451912,0.54635142,1.6808566,64.671428,108.7034,0.41798224,1.7559113,71.816627,126.10363,0.44506893,1.5615687,62.800853,98.067847,0.49197172,1.3904492,65.685813,91.332784
0b_baseline_last,file,19,baseline,275,005.Crested_Auklet/Crested_Auklet_0075_785259.jpg,5,4,005.Crested_Auklet,89,88,random_erasing,random_erasing,0,"{""area_fraction"":0.061261,""erased"":true,""height"":0.288666,""left"":0.775103,""top"":0.266327,""width"":0.212222}",5.2674799,5.2361012,-0.031378746,0.0051565897,0.0053209621,0.42801869,0.46547934,-0.4228621,-0.46015838,-0.037296283,0.96922696,1.0039534,138.66733,139.21553,False,0.99177164,True,False,False,0.96922696,1.0039534,138.66733,139.21553,0.96833159,1.0044053,135.78702,136.3852,0.99040009,0.99335494,28.116067,27.929234,0.98499045,0.99106275,28.974467,28.715515,0.97596696,1.000018,64.671428,64.672595,0.97213586,1.026465,71.816627,73.71725,0.96419202,1.001505,62.800853,62.895371,0.95714946,0.98706591,65.685813,64.836227
0b_baseline_last,file,19,baseline,823,015.Lazuli_Bunting/Lazuli_Bunting_0031_15018.jpg,15,14,015.Lazuli_Bunting,14,13,identity,identity,0,{},0.0081705134,0.0081705134,0,0.99186277,0.99186277,0.00068430981,0.00068430981,0.99117846,0.99117846,0,1,1,1.1400007,1.1400007,False,1,True,True,True,1,1,1.1400007,1.1400007,1,1,1.1186213,1.1186213,1,1,0.21974501,0.21974501,1,1,0.22566596,0.22566596,1,1,0.37981946,0.37981946,1,1,0.5112426,0.5112426,1,1,0.58918151,0.58918151,1,1,0.6690455,0.6690455
0b_baseline_last,file,19,baseline,823,015.Lazuli_Bunting/Lazuli_Bunting_0031_15018.jpg,15,14,015.Lazuli_Bunting,14,13,horizontal_flip,horizontal_flip,0,"{""flipped"":true}",0.0081705134,0.0074093542,-0.00076115923,0.99186277,0.99261802,0.00068430981,0.00066926231,0.99117846,0.99194876,0.00077029795,0.60494109,0.98881034,1.1400007,1.1272445,False,0.97941232,True,True,True,0.60494109,0.98881034,1.1400007,1.1272445,0.59177187,0.99169014,1.1186213,1.1093257,0.97852783,0.91101551,0.21974501,0.20019112,0.25724962,1.0437085,0.22566596,0.23552949,0.37269034,1.2388337,0.37981946,0.47053315,0.54488923,1.0177474,0.5112426,0.52031582,0.59497408,0.90011708,0.58918151,0.53033234,0.7621668,0.94737234,0.6690455,0.63383521
0b_baseline_last,file,19,baseline,823,015.Lazuli_Bunting/Lazuli_Bunting_0031_15018.jpg,15,14,015.Lazuli_Bunting,14,13,color_jitter,color_jitter,0,"{""brightness"":1.083719,""contrast"":0.841983,""hue"":0.044877,""saturation"":1.028267}",0.0081705134,0.0069994959,-0.0011710175,0.99186277,0.99302495,0.00068430981,0.0011913157,0.99117846,0.99183363,0.00065516547,0.57177209,0.96344403,1.1400007,1.0983268,False,0.95252568,True,True,True,0.57177209,0.96344403,1.1400007,1.0983268,0.5587745,0.96416854,1.1186213,1.0785395,0.91572708,0.94447557,0.21974501,0.2075438,0.51812769,1.1204962,0.22566596,0.25285786,0.24036311,1.2297519,0.37981946,0.46708369,0.52869751,1.1024273,0.5112426,0.56360778,0.56203611,0.86688312,0.58918151,0.5107515,0.76204834,0.82223287,0.6690455,0.55011121
0b_baseline_last,file,19,baseline,823,015.Lazuli_Bunting/Lazuli_Bunting_0031_15018.jpg,15,14,015.Lazuli_Bunting,14,13,rotation,rotation,0,"{""angle"":2.888723}",0.0081705134,0.041201256,0.033030743,0.99186277,0.95963597,0.00068430981,0.005427191,0.99117846,0.95420878,-0.036969682,0.83898722,4.7765877,1.1400007,5.4453132,False,0.98388225,True,True,True,0.83898722,4.7765877,1.1400007,5.4453132,0.83369371,4.7826836,1.1186213,5.3500119,0.98163065,4.6158134,0.21974501,1.014302,0.77521007,5.1516044,0.22566596,1.1625418,0.70083095,5.0597538,0.37981946,1.921793,0.79014237,4.648453,0.5112426,2.3764872,0.84446071,4.6384049,0.58918151,2.7328624,0.90329424,4.8344109,0.6690455,3.2344409
0b_baseline_last,file,19,baseline,823,015.Lazuli_Bunting/Lazuli_Bunting_0031_15018.jpg,15,14,015.Lazuli_Bunting,14,13,random_resized_crop,random_resized_crop,0,"{""area_fraction"":0.542099,""aspect"":1.206668,""fallback"":false,""height"":0.670264,""left"":0.145236,""top"":0.240508,""width"":0.808785}",0.0081705134,0.4656921,0.45752159,0.99186277,0.62770051,0.00068430981,0.026517635,0.99117846,0.60118287,-0.38999559,0.4611723,58.648436,1.1400007,66.859257,False,0.86260855,True,True,True,0.4611723,58.648436,1.1400007,66.859257,0.44944621,59.027839,1.1186213,66.029799,0.84662294,47.777409,0.21974501,10.498847,0.50459236,77.313356,0.22566596,17.446993,0.15562884,79.171558,0.37981946,30.070898,0.45438268,72.784023,0.5112426,37.210293,0.47323083,50.697271,0.58918151,29.869895,0.62982117,44.199226,0.6690455,29.571294
0b_baseline_last,file,19,baseline,823,015.Lazuli_Bunting/Lazuli_Bunting_0031_15018.jpg,15,14,015.Lazuli_Bunting,14,13,gaussian_blur,gaussian_blur,0,"{""sigma"":1.176957}",0.0081705134,0.013624181,0.0054536676,0.99186277,0.9864682,0.00068430981,0.00098080258,0.99117846,0.98548739,-0.0056910707,0.70615352,1.8531253,1.1400007,2.1125641,False,0.96919692,True,True,True,0.70615352,1.8531253,1.1400007,2.1125641,0.69725396,1.8597843,1.1186213,2.0803944,0.96667384,1.671341,0.21974501,0.36726884,0.84231764,2.166482,0.22566596,0.48890123,0.61788855,2.248865,0.37981946,0.85416269,0.61914093,2.0637143,0.5112426,1.0550587,0.6762966,1.747169,0.58918151,1.0293997,0.80282998,1.6281647,0.6690455,1.0893163
0b_baseline_last,file,19,baseline,823,015.Lazuli_Bunting/Lazuli_Bunting_0031_15018.jpg,15,14,015.Lazuli_Bunting,14,13,random_erasing,random_erasing,0,"{""area_fraction"":0.119295,""erased"":true,""height"":0.244338,""left"":0.214245,""top"":0.319971,""width"":0.488237}",0.0081705134,5.644031,5.6358605,0.99186277,0.0035385757,0.00068430981,0.9807421,0.99117846,-0.97720352,-1.968382,0.24176691,132.6861,1.1400007,151.26224,False,0.7472055,False,True,False,0.24176691,132.6861,1.1400007,151.26224,0.2254079,130.75711,1.1186213,146.26769,0.56773164,175.42632,0.21974501,38.549058,0.19729685,104.34407,0.22566596,23.546905,0.098623031,171.16098,0.37981946,65.010272,0.28273077,148.82802,0.5112426,76.087224,0.2226325,117.43012,0.58918151,69.187654,0.25630377,116.13518,0.6690455,77.699722
0b_baseline_last,file,19,baseline,10795,184.Louisiana_Waterthrush/Louisiana_Waterthrush_0026_177503.jpg,184,183,184.Louisiana_Waterthrush,183,182,identity,identity,0,{},0.31341502,0.31341502,0,0.73094648,0.73094648,0.10160501,0.10160501,0.62934148,0.62934148,0,1,1,39.286374,39.286374,False,1,True,True,True,1,1,39.286374,39.286374,1,1,38.455618,38.455618,1,1,8.036458,8.036458,1,1,6.7109279,6.7109279,1,1,17.129906,17.129906,1,1,21.048993,21.048993,1,1,19.161932,19.161932,1,1,18.169331,18.169331
0b_baseline_last,file,19,baseline,10795,184.Louisiana_Waterthrush/Louisiana_Waterthrush_0026_177503.jpg,184,183,184.Louisiana_Waterthrush,183,182,horizontal_flip,horizontal_flip,0,"{""flipped"":true}",0.31341502,0.68448561,0.37107059,0.73094648,0.50434959,0.10160501,0.094870083,0.62934148,0.40947951,-0.21986197,0.6497321,2.0444696,39.286374,80.319797,False,0.96388745,True,True,True,0.6497321,2.0444696,39.286374,80.319797,0.63918295,2.0569982,38.455618,79.103135,0.94566974,1.7329881,8.036458,13.927086,0.42991812,2.360162,6.7109279,15.838877,0.6019102,2.1433938,17.129906,36.716134,0.64287718,2.1427876,21.048993,45.103521,0.62195521,1.9374512,19.161932,37.125307,0.72870797,1.9425657,18.169331,35.29512
0b_baseline_last,file,19,baseline,10795,184.Louisiana_Waterthrush/Louisiana_Waterthrush_0026_177503.jpg,184,183,184.Louisiana_Waterthrush,183,182,color_jitter,color_jitter,0,"{""brightness"":0.850765,""contrast"":0.86375,""hue"":-0.02542,""saturation"":0.810981}",0.31341502,0.20675315,-0.10666187,0.73094648,0.81322038,0.10160501,0.032069352,0.62934148,0.78115103,0.15180955,0.8166842,0.74778776,39.286374,29.37787,False,0.96823597,True,True,True,0.8166842,0.74778776,39.286374,29.37787,0.81158653,0.74912043,38.455618,28.807889,0.93947898,0.71659484,8.036458,5.7588844,0.55863488,0.77342543,6.7109279,5.1904022,0.77286912,0.75784381,17.129906,12.981793,0.81334309,0.7283077,21.048993,15.330143,0.82425175,0.74018235,19.161932,14.183324,0.86505019,0.77493393,18.169331,14.080031
0b_baseline_last,file,19,baseline,10795,184.Louisiana_Waterthrush/Louisiana_Waterthrush_0026_177503.jpg,184,183,184.Louisiana_Waterthrush,183,182,rotation,rotation,0,"{""angle"":12.844021}",0.31341502,0.21755412,-0.095860898,0.73094648,0.80448407,0.10160501,0.022026429,0.62934148,0.78245764,0.15311616,0.61613511,0.93755407,39.286374,36.8331,False,0.95402098,True,True,True,0.61613511,0.93755407,39.286374,36.8331,0.60664407,0.94114103,38.455618,36.19216,0.85937888,0.85129617,8.036458,6.8414059,0.46012924,1.1244556,6.7109279,7.5461407,0.59161468,1.0000585,17.129906,17.130908,0.6315188,0.95698298,21.048993,20.143528,0.56312682,0.89175244,19.161932,17.087699,0.66430014,0.89036974,18.169331,16.177423
0b_baseline_last,file,19,baseline,10795,184.Louisiana_Waterthrush/Louisiana_Waterthrush_0026_177503.jpg,184,183,184.Louisiana_Waterthrush,183,182,random_resized_crop,random_resized_crop,0,"{""area_fraction"":0.561433,""aspect"":0.768149,""fallback"":false,""height"":0.854922,""left"":0.190878,""top"":0.088328,""width"":0.656707}",0.31341502,0.21961905,-0.09379597,0.73094648,0.80282456,0.10160501,0.018674977,0.62934148,0.78414958,0.1548081,0.66941391,0.74959344,39.286374,29.448808,False,0.94469815,True,True,True,0.66941391,0.74959344,39.286374,29.448808,0.65916261,0.74936418,38.455618,28.817263,0.90246336,0.75482392,8.036458,6.0661107,0.41522737,0.72624818,6.7109279,4.8737991,0.6772493,0.72786504,17.129906,12.46826,0.64389991,0.72232699,21.048993,15.204255,0.64125284,0.73337644,19.161932,14.052909,0.71385078,0.821096,18.169331,14.918765
0b_baseline_last,file,19,baseline,10795,184.Louisiana_Waterthrush/Louisiana_Waterthrush_0026_177503.jpg,184,183,184.Louisiana_Waterthrush,183,182,gaussian_blur,gaussian_blur,0,"{""sigma"":1.617197}",0.31341502,0.51133478,0.19791976,0.73094648,0.59969455,0.10160501,0.01111055,0.62934148,0.588584,-0.040757475,0.40036367,1.952457,39.286374,76.704958,False,0.85147417,True,True,True,0.40036367,1.952457,39.286374,76.704958,0.38527695,1.9611579,38.455618,75.417541,0.79213963,1.7413726,8.036458,13.994467,0.20849653,2.6406019,6.7109279,17.720889,0.20330974,2.3050063,17.129906,39.484541,0.36846844,1.8990131,21.048993,39.972314,0.44071423,1.7482782,19.161932,33.500387,0.60243532,1.8209817,18.169331,33.08602
0b_baseline_last,file,19,baseline,10795,184.Louisiana_Waterthrush/Louisiana_Waterthrush_0026_177503.jpg,184,183,184.Louisiana_Waterthrush,183,182,random_erasing,random_erasing,0,"{""area_fraction"":0.199789,""erased"":true,""height"":0.529908,""left"":0.208854,""top"":0.43362,""width"":0.377025}",0.31341502,5.2592144,4.9457994,0.73094648,0.0051993895,0.10160501,0.011421981,0.62934148,-0.0062225917,-0.63556407,0.31109656,3.2794301,39.286374,128.83692,False,0.77898109,False,True,False,0.31109656,3.2794301,39.286374,128.83692,0.29307042,3.2675399,38.455618,125.65526,0.69295841,3.5407809,8.036458,28.455337,0.21602391,3.702823,6.7109279,24.849378,0.085285433,3.1291234,17.129906,53.60159,0.27452195,3.2187965,21.048993,67.752423,0.37626386,3.1166074,19.161932,59.720219,0.41028198,3.5420269,18.169331,64.35626
0b_baseline_last,file,19,baseline,7766,133.White_throated_Sparrow/White_Throated_Sparrow_0108_129184.jpg,133,132,133.White_throated_Sparrow,132,131,identity,identity,0,{},0.22399177,0.22399177,0,0.79932171,0.79932171,0.053524166,0.053524166,0.74579754,0.74579754,0,1,1,43.022546,43.022546,False,1,True,True,True,1,1,43.022546,43.022546,1,1,42.391371,42.391371,1,1,7.3424147,7.3424147,1,1,9.6749518,9.6749518,1,1,21.721274,21.721274,1,1,24.932121,24.932121,1,1,18.959537,18.959537,1,1,15.828305,15.828305
0b_baseline_last,file,19,baseline,7766,133.White_throated_Sparrow/White_Throated_Sparrow_0108_129184.jpg,133,132,133.White_throated_Sparrow,132,131,horizontal_flip,horizontal_flip,0,"{""flipped"":true}",0.22399177,1.4803712,1.2563795,0.79932171,0.2275532,0.053524166,0.12270369,0.74579754,0.10484951,-0.64094803,0.71095786,3.5818287,43.022546,154.09939,False,0.96035093,True,True,True,0.71095786,3.5818287,43.022546,154.09939,0.70398453,3.5790926,42.391371,151.72264,0.93775414,3.6718653,7.3424147,26.960358,0.43996255,3.8167404,9.6749518,36.92678,0.69416767,3.7027095,21.721274,80.427567,0.7496706,3.3216781,24.932121,82.816481,0.69806335,3.6494151,18.959537,69.191221,0.73707543,3.7597978,15.828305,59.511224
0b_baseline_last,file,19,baseline,7766,133.White_throated_Sparrow/White_Throated_Sparrow_0108_129184.jpg,133,132,133.White_throated_Sparrow,132,131,color_jitter,color_jitter,0,"{""brightness"":1.266744,""contrast"":1.210813,""hue"":0.021015,""saturation"":1.184675}",0.22399177,0.028419735,-0.19557203,0.79932171,0.97198033,0.053524166,0.010675033,0.74579754,0.9613053,0.21550776,0.76976036,0.12132856,43.022546,5.2198635,False,0.95751196,True,True,True,0.76976036,0.12132856,43.022546,5.2198635,0.76453377,0.12055549,42.391371,5.1105128,0.92731725,0.14475383,7.3424147,1.0628427,0.46255139,0.099576566,9.6749518,0.96339848,0.74685159,0.09963303,21.721274,2.1641563,0.81312448,0.11117682,24.932121,2.7718738,0.78425041,0.13772108,18.959537,2.611128,0.80420627,0.15480995,15.828305,2.450379
0b_baseline_last,file,19,baseline,7766,133.White_throated_Sparrow/White_Throated_Sparrow_0108_129184.jpg,133,132,133.White_throated_Sparrow,132,131,rotation,rotation,0,"{""angle"":-5.167259}",0.22399177,1.3521035,1.1281117,0.79932171,0.25869551,0.053524166,0.07151591,0.74579754,0.1871796,-0.55861794,0.78593052,4.0314798,43.022546,173.44453,False,0.95358616,False,True,False,0.78593052,4.0314798,43.022546,173.44453,0.78337877,4.0347091,42.391371,171.03685,0.87373068,3.9223184,7.3424147,28.799288,0.69136171,3.8288529,9.6749518,37.043967,0.79801825,4.1159719,21.721274,89.404153,0.80808643,3.8514507,24.932121,96.024834,0.75567022,4.205975,18.959537,79.74334,0.77503696,4.1469377,15.828305,65.638992
0b_baseline_last,file,19,baseline,7766,133.White_throated_Sparrow/White_Throated_Sparrow_0108_129184.jpg,133,132,133.White_throated_Sparrow,132,131,random_resized_crop,random_resized_crop,0,"{""area_fraction"":0.534237,""aspect"":1.22274,""fallback"":false,""height"":0.660998,""left"":0.112416,""top"":0.065292,""width"":0.808228}",0.22399177,0.29154,0.06754823,0.79932171,0.74711215,0.053524166,0.011127915,0.74579754,0.73598424,-0.009813305,0.66814313,1.3964953,43.022546,60.080781,False,0.8938998,True,True,True,0.66814313,1.3964953,43.022546,60.080781,0.66428293,1.4018575,42.391371,59.426664,0.82547967,1.2041659,7.3424147,8.8414856,0.49545549,1.609364,9.6749518,15.570519,0.70937797,1.3307673,21.721274,28.905962,0.72080562,1.3466491,24.932121,33.574817,0.60170119,1.3896575,18.959537,26.347264,0.62687146,1.5883773,15.828305,25.14132
0b_baseline_last,file,19,baseline,7766,133.White_throated_Sparrow/White_Throated_Sparrow_0108_129184.jpg,133,132,133.White_throated_Sparrow,132,131,gaussian_blur,gaussian_blur,0,"{""sigma"":1.040608}",0.22399177,2.9976878,2.7736961,0.79932171,0.049902324,0.053524166,0.05688668,0.74579754,-0.0069843568,-0.7527819,0.72245088,5.4363443,43.022546,233.88537,False,0.94319856,False,True,False,0.72245088,5.4363443,43.022546,233.88537,0.71769057,5.4557825,42.391371,231.2781,0.91188232,4.7430381,7.3424147,34.825353,0.39159129,6.445678,9.6749518,62.361624,0.69853632,5.3866384,21.721274,117.00465,0.77652779,5.2647612,24.932121,131.26166,0.71436419,5.553937,18.959537,105.30008,0.76660241,5.505107,15.828305,87.136511
0b_baseline_last,file,19,baseline,7766,133.White_throated_Sparrow/White_Throated_Sparrow_0108_129184.jpg,133,132,133.White_throated_Sparrow,132,131,random_erasing,random_erasing,0,"{""area_fraction"":0.165065,""erased"":true,""height"":0.663351,""left"":0.688802,""top"":0.215332,""width"":0.248835}",0.22399177,0.31795475,0.093962982,0.79932171,0.72763574,0.053524166,0.058163743,0.74579754,0.669472,-0.076325547,0.94093811,1.2728633,43.022546,54.761821,False,0.98208654,True,True,True,0.94093811,1.2728633,43.022546,54.761821,0.94062944,1.2680084,42.391371,53.752617,0.95631862,1.4252608,7.3424147,10.464856,0.95341911,1.2081472,9.6749518,11.688766,0.95600575,1.2436778,21.721274,27.014265,0.9577709,1.2172755,24.932121,30.349259,0.92812839,1.2942664,18.959537,24.538693,0.89887223,1.4123081,15.828305,22.354443
0b_baseline_last,file,19,baseline,744,014.Indigo_Bunting/Indigo_Bunting_0056_12637.jpg,14,13,014.Indigo_Bunting,54,53,identity,identity,0,{},1.6102276,1.6102276,0,0.19984213,0.19984213,0.58383358,0.58383358,-0.38399145,-0.38399145,0,1,1,186.62426,186.62426,False,1,True,False,False,1,1,186.62426,186.62426,1,1,184.90395,184.90395,1,1,25.281245,25.281245,1,1,34.236248,34.236248,1,1,76.122975,76.122975,1,1,114.5796,114.5796,1,1,87.657982,87.657982,1,1,80.06396,80.06396
0b_baseline_last,file,19,baseline,744,014.Indigo_Bunting/Indigo_Bunting_0056_12637.jpg,14,13,014.Indigo_Bunting,54,53,horizontal_flip,horizontal_flip,0,"{""flipped"":true}",1.6102276,0.63197482,-0.97825277,0.19984213,0.53154105,0.58383358,0.12694113,-0.38399145,0.40459992,0.78859137,0.69031226,0.55914463,186.62426,104.34995,False,0.96340907,False,False,True,0.69031226,0.55914463,186.62426,104.34995,0.68688535,0.55827198,184.90395,103.2267,0.86184869,0.60399028,25.281245,15.269626,0.63428544,0.53336027,34.236248,18.260255,0.68553216,0.56122255,76.122975,42.72193,0.72484107,0.52819095,114.5796,60.519906,0.60475953,0.55605495,87.657982,48.742655,0.72403637,0.61931393,80.06396,49.584726
0b_baseline_last,file,19,baseline,744,014.Indigo_Bunting/Indigo_Bunting_0056_12637.jpg,14,13,014.Indigo_Bunting,54,53,color_jitter,color_jitter,0,"{""brightness"":1.076127,""contrast"":1.065191,""hue"":-0.052806,""saturation"":1.110463}",1.6102276,0.069205992,-1.5410216,0.19984213,0.93313444,0.58383358,0.0028108985,-0.38399145,0.93032354,1.314315,0.22600587,0.051093106,186.62426,9.5352129,False,0.80923033,False,False,True,0.22600587,0.051093106,186.62426,9.5352129,0.21540029,0.050755987,184.90395,9.3849826,0.66606424,0.066687291,25.281245,1.6859377,0.15551715,0.040388756,34.236248,1.3827595,0.062828889,0.048321262,76.122975,3.6783582,0.16526435,0.036189562,114.5796,4.1465854,0.21497005,0.057585253,87.657982,5.0478071,0.39976454,0.068366176,80.06396,5.4736668
0b_baseline_last,file,19,baseline,744,014.Indigo_Bunting/Indigo_Bunting_0056_12637.jpg,14,13,014.Indigo_Bunting,54,53,rotation,rotation,0,"{""angle"":5.864084}",1.6102276,1.7113539,0.10112631,0.19984213,0.18062107,0.58383358,0.7014845,-0.38399145,-0.52086343,-0.13687198,0.90251636,1.1402972,186.62426,212.80711,False,0.98393404,True,False,False,0.90251636,1.1402972,186.62426,212.80711,0.90105009,1.1399171,184.90395,210.77517,0.97970452,1.1604497,25.281245,29.337612,0.91645672,1.3637765,34.236248,46.690589,0.89288165,1.2259459,76.122975,93.322646,0.92363855,1.1163443,114.5796,127.91028,0.87088488,1.0878987,87.657982,95.363,0.90195478,1.1228449,80.06396,89.899407
0b_baseline_last,file,19,baseline,744,014.Indigo_Bunting/Indigo_Bunting_0056_12637.jpg,14,13,014.Indigo_Bunting,54,53,random_resized_crop,random_resized_crop,0,"{""area_fraction"":0.537907,""aspect"":0.907401,""fallback"":false,""height"":0.769935,""left"":0.251881,""top"":0.154868,""width"":0.698639}",1.6102276,0.99006045,-0.62016714,0.19984213,0.37155423,0.58383358,0.14275177,-0.38399145,0.22880246,0.61279391,0.65962974,0.56234554,186.62426,104.94732,False,0.89625233,False,False,True,0.65962974,0.56234554,186.62426,104.94732,0.65628105,0.55996429,184.90395,103.53961,0.8194212,0.67763746,25.281245,17.131518,0.64056315,0.57945772,34.236248,19.838458,0.62356646,0.50048177,76.122975,38.098161,0.73186476,0.5003628,114.5796,57.331368,0.59849482,0.56631479,87.657982,49.642012,0.65002199,0.69812381,80.06396,55.894557
0b_baseline_last,file,19,baseline,744,014.Indigo_Bunting/Indigo_Bunting_0056_12637.jpg,14,13,014.Indigo_Bunting,54,53,gaussian_blur,gaussian_blur,0,"{""sigma"":1.311377}",1.6102276,0.28627723,-1.3239504,0.19984213,0.75105435,0.58383358,0.085544892,-0.38399145,0.66550945,1.0495009,0.56908191,0.24004587,186.62426,44.798382,False,0.89381981,False,False,True,0.56908191,0.24004587,186.62426,44.798382,0.56298865,0.23895208,184.90395,44.183184,0.84668428,0.29265696,25.281245,7.3987323,0.24139025,0.2358702,34.236248,8.0753106,0.40722762,0.21763052,76.122975,16.566683,0.61885718,0.21046613,114.5796,24.115124,0.55345338,0.26243917,87.657982,23.004888,0.6652765,0.27976629,80.06396,22.399197
0b_baseline_last,file,19,baseline,744,014.Indigo_Bunting/Indigo_Bunting_0056_12637.jpg,14,13,014.Indigo_Bunting,54,53,random_erasing,random_erasing,0,"{""area_fraction"":0.115779,""erased"":true,""height"":0.250593,""left"":0.044387,""top"":0.022051,""width"":0.46202}",1.6102276,2.1384182,0.52819061,0.19984213,0.1178411,0.58383358,0.32531106,-0.38399145,-0.20746996,0.17652149,0.86226199,0.74773897,186.62426,139.54623,False,0.96662921,True,False,False,0.86226199,0.74773897,186.62426,139.54623,0.86147877,0.7438475,184.90395,137.54034,0.91729604,0.93252934,25.281245,23.575502,0.87225532,0.65825973,34.236248,22.536343,0.86184073,0.65208086,76.122975,49.638335,0.91099758,0.71684102,114.5796,82.135356,0.81379439,0.74147413,87.657982,64.996126,0.84457502,0.88094734,80.06396,70.532133
0b_baseline_last,file,19,baseline,11685,199.Winter_Wren/Winter_Wren_0081_190049.jpg,199,198,199.Winter_Wren,196,195,identity,identity,0,{},0.012395487,0.012395487,0,0.98768103,0.98768103,0.0063787992,0.0063787992,0.98130223,0.98130223,0,1,1,2.4457221,2.4457221,False,0.99999994,True,True,True,1,1,2.4457221,2.4457221,1,1,2.3923531,2.3923531,1,1,0.50813693,0.50813693,1,1,0.77842352,0.77842352,1,1,1.2979291,1.2979291,1,1,1.2629568,1.2629568,1,1,0.96901685,0.96901685,1,1,0.94801721,0.94801721
0b_baseline_last,file,19,baseline,11685,199.Winter_Wren/Winter_Wren_0081_190049.jpg,199,198,199.Winter_Wren,196,195,horizontal_flip,horizontal_flip,0,"{""flipped"":true}",0.012395487,0.020620961,0.0082254736,0.98768103,0.97959018,0.0063787992,0.016530035,0.98130223,0.96306014,-0.01824209,0.66956485,1.926782,2.4457221,4.7123732,False,0.9842034,True,True,True,0.66956485,1.926782,2.4457221,4.7123732,0.65859111,1.9333912,2.3923531,4.6253544,0.93705153,1.7739701,0.50813693,0.90141972,0.73842955,1.7766363,0.77842352,1.3829755,0.64556585,1.9036446,1.2979291,2.4707957,0.62739182,1.9910525,1.2629568,2.5146133,0.62211788,2.0937734,0.96901685,2.0289017,0.74282103,1.8076556,0.94801721,1.7136886
0b_baseline_last,file,19,baseline,11685,199.Winter_Wren/Winter_Wren_0081_190049.jpg,199,198,199.Winter_Wren,196,195,color_jitter,color_jitter,0,"{""brightness"":0.795686,""contrast"":1.171552,""hue"":0.034854,""saturation"":0.949657}",0.012395487,0.014256061,0.0018605739,0.98768103,0.98584509,0.0063787992,0.012550131,0.98130223,0.97329496,-0.0080072745,0.75098841,1.3239971,2.4457221,3.2381289,False,0.98621488,True,True,True,0.75098841,1.3239971,2.4457221,3.2381289,0.74428043,1.3266901,2.3923531,3.1739112,0.90807366,1.2628289,0.50813693,0.64168999,0.90291636,1.2635509,0.77842352,0.98357772,0.75003588,1.2376841,1.2979291,1.6064261,0.69803473,1.3910448,1.2629568,1.7568295,0.69434823,1.4569822,0.96901685,1.4118403,0.78732168,1.2684077,0.94801721,1.2024723
0b_baseline_last,file,19,baseline,11685,199.Winter_Wren/Winter_Wren_0081_190049.jpg,199,198,199.Winter_Wren,196,195,rotation,rotation,0,"{""angle"":14.220542}",0.012395487,0.19188017,0.17948468,0.98768103,0.82540578,0.0063787992,0.05755708,0.98130223,0.7678487,-0.21345354,0.836563,13.090127,2.4457221,32.014812,False,0.97006893,True,True,True,0.836563,13.090127,2.4457221,32.014812,0.83190754,13.133377,2.3923531,31.419676,0.95138891,12.091776,0.50813693,6.1442779,0.93122954,14.278499,0.77842352,11.11472,0.87095486,13.550271,1.2979291,17.58729,0.84077303,13.248543,1.2629568,16.732337,0.72601043,12.142324,0.96901685,11.766117,0.77342064,12.298361,0.94801721,11.659058
0b_baseline_last,file,19,baseline,11685,199.Winter_Wren/Winter_Wren_0081_190049.jpg,199,198,199.Winter_Wren,196,195,random_resized_crop,random_resized_crop,0,"{""area_fraction"":0.601561,""aspect"":0.789204,""fallback"":false,""height"":0.873062,""left"":0.072531,""top"":0.096992,""width"":0.689025}",0.012395487,0.92823195,0.91583647,0.98768103,0.39525193,0.0063787992,0.022100747,0.98130223,0.37315118,-0.60815105,0.70996229,82.391759,2.4457221,201.50734,False,0.93945014,False,True,False,0.70996229,82.391759,2.4457221,201.50734,0.70878253,83.404851,2.3923531,199.53385,0.80797329,55.364474,0.50813693,28.132734,0.86321973,90.153405,0.77842352,70.177531,0.80738723,92.286471,1.2979291,119.7813,0.67518603,86.490895,1.2629568,109.23426,0.55134027,72.411191,0.96901685,70.167664,0.60860617,64.038787,0.94801721,60.709872
0b_baseline_last,file,19,baseline,11685,199.Winter_Wren/Winter_Wren_0081_190049.jpg,199,198,199.Winter_Wren,196,195,gaussian_blur,gaussian_blur,0,"{""sigma"":1.725656}",0.012395487,4.2992539,4.2868585,0.98768103,0.013578683,0.0063787992,0.012518071,0.98130223,0.0010606125,-0.98024162,0.52116275,76.709313,2.4457221,187.60966,False,0.78581035,False,True,False,0.52116275,76.709313,2.4457221,187.60966,0.51417711,76.745824,2.3923531,183.60311,0.67777296,75.895495,0.50813693,38.565304,0.79824189,65.091074,0.77842352,50.668423,0.58035717,68.282628,1.2979291,88.626009,0.51015109,82.036766,1.2629568,103.60889,0.38851858,83.388853,0.96901685,80.805203,0.41356216,81.870003,0.94801721,77.614172
0b_baseline_last,file,19,baseline,11685,199.Winter_Wren/Winter_Wren_0081_190049.jpg,199,198,199.Winter_Wren,196,195,random_erasing,random_erasing,0,"{""area_fraction"":0.16069,""erased"":true,""height"":0.428611,""left"":0.380512,""top"":0.259973,""width"":0.374909}",0.012395487,2.5073574,2.4949619,0.98768103,0.081483297,0.0063787992,0.750844,0.98130223,-0.6693607,-1.6506629,0.61197452,76.343317,2.4457221,186.71454,False,0.88869703,False,True,False,0.61197452,76.343317,2.4457221,186.71454,0.60180343,76.369367,2.3923531,182.70249,0.83924886,75.763607,0.50813693,38.498287,0.47908618,51.486868,0.77842352,40.078589,0.57223253,66.099136,1.2979291,85.791992,0.65173731,83.921853,1.2629568,105.98967,0.62847471,89.35705,0.96901685,86.588487,0.62132611,79.514157,0.94801721,75.380789
0b_baseline_last,file,19,baseline,10734,183.Northern_Waterthrush/Northern_Waterthrush_0044_176961.jpg,183,182,183.Northern_Waterthrush,184,183,identity,identity,0,{},0.016406279,0.016406279,0,0.98372757,0.98372757,0.014770056,0.014770056,0.96895752,0.96895752,0,1,1,3.2197373,3.2197373,False,1,True,True,True,1,1,3.2197373,3.2197373,1,1,3.1498335,3.1498335,1,1,0.6672762,0.6672762,1,1,0.75811069,0.75811069,1,1,1.3931693,1.3931693,1,1,1.8664664,1.8664664,1,1,1.4217061,1.4217061,1,1,1.3787144,1.3787144
0b_baseline_last,file,19,baseline,10734,183.Northern_Waterthrush/Northern_Waterthrush_0044_176961.jpg,183,182,183.Northern_Waterthrush,184,183,horizontal_flip,horizontal_flip,0,"{""flipped"":true}",0.016406279,0.13023645,0.11383017,0.98372757,0.87788785,0.014770056,0.11392453,0.96895752,0.76396331,-0.20499421,0.73384431,8.219311,3.2197373,26.464023,False,0.96222031,True,True,True,0.73384431,8.219311,3.2197373,26.464023,0.7260972,8.2802885,3.1498335,26.08153,0.96211363,6.7185224,0.6672762,4.4831101,0.64665059,7.3717279,0.75811069,5.5885857,0.74545214,9.8777462,1.3931693,13.761373,0.7315296,8.2270796,1.8664664,15.355568,0.68845881,7.8798695,1.4217061,11.202858,0.78171963,7.1927188,1.3787144,9.916705
0b_baseline_last,file,19,baseline,10734,183.Northern_Waterthrush/Northern_Waterthrush_0044_176961.jpg,183,182,183.Northern_Waterthrush,184,183,color_jitter,color_jitter,0,"{""brightness"":1.104506,""contrast"":0.955575,""hue"":0.018551,""saturation"":1.196918}",0.016406279,0.0094401883,-0.0069660908,0.98372757,0.99060422,0.014770056,0.0074298717,0.96895752,0.98317435,0.014216832,0.9362209,0.51834831,3.2197373,1.6689454,False,0.99342263,True,True,True,0.9362209,0.51834831,3.2197373,1.6689454,0.93373882,0.51807603,3.1498335,1.6318532,0.99092855,0.52437874,0.6672762,0.34990545,0.91076801,0.4670053,0.75811069,0.35404171,0.90284549,0.50535072,1.3931693,0.70403912,0.94620887,0.49731329,1.8664664,0.92821855,0.9389559,0.5320039,1.4217061,0.75635317,0.9490613,0.56568331,1.3787144,0.77991571
0b_baseline_last,file,19,baseline,10734,183.Northern_Waterthrush/Northern_Waterthrush_0044_176961.jpg,183,182,183.Northern_Waterthrush,184,183,rotation,rotation,0,"{""angle"":1.603631}",0.016406279,0.090645842,0.074239563,0.98372757,0.9133411,0.014770056,0.076347694,0.96895752,0.83699341,-0.13196411,0.88245424,4.9164606,3.2197373,15.829712,False,0.98238051,True,True,True,0.88245424,4.9164606,3.2197373,15.829712,0.87841758,4.9317689,3.1498335,15.534251,0.98226429,4.5620477,0.6672762,3.0441458,0.85366284,5.0124552,0.75811069,3.7999959,0.85307212,4.7803627,1.3931693,6.6598548,0.88318563,4.9004123,1.8664664,9.146455,0.87527443,5.0848319,1.4217061,7.2291362,0.90670823,4.9513605,1.3787144,6.826512
0b_baseline_last,file,19,baseline,10734,183.Northern_Waterthrush/Northern_Waterthrush_0044_176961.jpg,183,182,183.Northern_Waterthrush,184,183,random_resized_crop,random_resized_crop,0,"{""area_fraction"":0.655388,""aspect"":1.16684,""fallback"":false,""height"":0.749452,""left"":0.093077,""top"":0.183334,""width"":0.87449}",0.016406279,0.10663027,0.090223987,0.98372757,0.89885795,0.014770056,0.086099483,0.96895752,0.81275847,-0.15619905,0.75945155,5.6602952,3.2197373,18.224664,False,0.95276403,True,True,True,0.75945155,5.6602952,3.2197373,18.224664,0.75191594,5.6851144,3.1498335,17.907164,0.95221307,5.0758776,0.6672762,3.3870123,0.62175082,5.4638225,0.75811069,4.1421823,0.67911268,5.6133302,1.3931693,7.8203196,0.79747195,5.7644654,1.8664664,10.759181,0.73957532,5.7049457,1.4217061,8.1107559,0.79224093,5.6559147,1.3787144,7.7978909
0b_baseline_last,file,19,baseline,10734,183.Northern_Waterthrush/Northern_Waterthrush_0044_176961.jpg,183,182,183.Northern_Waterthrush,184,183,gaussian_blur,gaussian_blur,0,"{""sigma"":1.613726}",0.016406279,1.8476541,1.8312478,0.98372757,0.15760647,0.014770056,0.74285048,0.96895752,-0.58524401,-1.5542015,0.5974824,64.903955,3.2197373,208.97369,False,0.86954182,False,True,False,0.5974824,64.903955,3.2197373,208.97369,0.59141272,65.747674,3.1498335,207.09422,0.86949325,41.907649,0.6672762,27.963977,0.49445479,84.596041,0.75811069,64.133163,0.52787564,82.999503,1.3931693,115.63236,0.63438946,60.845537,1.8664664,113.56615,0.62369564,61.349234,1.4217061,87.220577,0.67248479,50.76889,1.3787144,69.995799
0b_baseline_last,file,19,baseline,10734,183.Northern_Waterthrush/Northern_Waterthrush_0044_176961.jpg,183,182,183.Northern_Waterthrush,184,183,random_erasing,random_erasing,0,"{""area_fraction"":0.155072,""erased"":true,""height"":0.375776,""left"":0.551634,""top"":0.113532,""width"":0.412672}",0.016406279,0.035230447,0.018824168,0.98372757,0.96538293,0.014770056,0.030692561,0.96895752,0.93469037,-0.034267145,0.91529206,1.9998549,3.2197373,6.4390075,False,0.9740504,True,True,True,0.91529206,1.9998549,3.2197373,6.4390075,0.91260078,1.9969323,3.1498335,6.2900043,0.97379053,2.0639038,0.6672762,1.3771939,0.90053819,2.0845443,0.75811069,1.5803154,0.92630221,1.9598868,1.3931693,2.7304543,0.93855944,1.9319148,1.8664664,3.6058541,0.88365499,2.032304,1.4217061,2.8893389,0.89125958,2.0846817,1.3787144,2.8741807
0b_baseline_last,file,19,baseline,3690,064.Ring_billed_Gull/Ring_Billed_Gull_0118_51322.jpg,64,63,064.Ring_billed_Gull,62,61,identity,identity,0,{},0.0076815928,0.0076815928,0,0.99234784,0.99234784,0.005277758,0.005277758,0.98707008,0.98707008,0,1,1,1.4760874,1.4760874,False,0.99999988,True,True,True,1,1,1.4760874,1.4760874,1,1,1.4381635,1.4381635,1,1,0.33244518,0.33244518,1,1,0.28549879,0.28549879,1,1,0.71821521,0.71821521,1,1,0.75045654,0.75045654,1,1,0.67685349,0.67685349,1,1,0.67056382,0.67056382
0b_baseline_last,file,19,baseline,3690,064.Ring_billed_Gull/Ring_Billed_Gull_0118_51322.jpg,64,63,064.Ring_billed_Gull,62,61,horizontal_flip,horizontal_flip,0,"{""flipped"":true}",0.0076815928,0.0097858934,0.0021043005,0.99234784,0.99026185,0.005277758,0.0035026544,0.98707008,0.9867592,-0.00031088013,0.6839318,1.123875,1.4760874,1.6589377,False,0.97124678,True,True,True,0.6839318,1.123875,1.4760874,1.6589377,0.67111687,1.123223,1.4381635,1.6153783,0.92109866,1.1360069,0.33244518,0.37766001,0.46175037,1.2082794,0.28549879,0.34496229,0.70473315,1.0227665,0.71821521,0.73456643,0.6743191,1.1448799,0.75045654,0.8591826,0.61935755,1.1582351,0.67685349,0.78395545,0.72970706,1.153292,0.67056382,0.77335591
0b_baseline_last,file,19,baseline,3690,064.Ring_billed_Gull/Ring_Billed_Gull_0118_51322.jpg,64,63,064.Ring_billed_Gull,62,61,color_jitter,color_jitter,0,"{""brightness"":1.226954,""contrast"":1.199259,""hue"":0.011173,""saturation"":0.631252}",0.0076815928,0.0032035005,-0.0044780923,0.99234784,0.99680161,0.005277758,0.00086222269,0.98707008,0.99593939,0.0088693136,0.73167568,0.31483986,1.4760874,0.46473114,False,0.98066378,True,True,True,0.73167568,0.31483986,1.4760874,0.46473114,0.72163192,0.31122956,1.4381635,0.44759898,0.89956915,0.37606425,0.33244518,0.12502075,0.67087626,0.29832868,0.28549879,0.085172475,0.74892111,0.25073181,0.71821521,0.1800794,0.69307869,0.29581038,0.75045654,0.22199283,0.69797692,0.33727504,0.67685349,0.22828579,0.78433726,0.36304895,0.67056382,0.24344749
0b_baseline_last,file,19,baseline,3690,064.Ring_billed_Gull/Ring_Billed_Gull_0118_51322.jpg,64,63,064.Ring_billed_Gull,62,61,rotation,rotation,0,"{""angle"":-8.24946}",0.0076815928,0.033345923,0.02566433,0.99234784,0.96720392,0.005277758,0.021222774,0.98707008,0.94598114,-0.041088937,0.77005515,4.3133995,1.4760874,6.3669545,False,0.96002984,True,True,True,0.77005515,4.3133995,1.4760874,6.3669545,0.76042271,4.3182702,1.4381635,6.2103784,0.95465468,4.2212108,0.33244518,1.4033212,0.7280106,4.458063,0.28549879,1.2727716,0.78733918,4.1749241,0.71821521,2.998494,0.76176211,4.4082428,0.75045654,3.3081947,0.70096747,4.3487481,0.67685349,2.9434653,0.7967832,4.3091986,0.67056382,2.8895927
0b_baseline_last,file,19,baseline,3690,064.Ring_billed_Gull/Ring_Billed_Gull_0118_51322.jpg,64,63,064.Ring_billed_Gull,62,61,random_resized_crop,random_resized_crop,0,"{""area_fraction"":0.560723,""aspect"":0.771289,""fallback"":false,""height"":0.85264,""left"":0.238382,""top"":0.116214,""width"":0.657632}",0.0076815928,0.019559953,0.011878361,0.99234784,0.9806301,0.005277758,0.012801774,0.98707008,0.96782833,-0.019241753,0.74070798,2.8237962,1.4760874,4.16817,False,0.96870035,True,True,True,0.74070798,2.8237962,1.4760874,4.16817,0.73049189,2.8412171,1.4381635,4.0861346,0.96690004,2.4752604,0.33244518,0.82288837,0.5182825,3.0612724,0.28549879,0.87398955,0.72873898,2.9825745,0.71821521,2.1421304,0.72569644,2.7623901,0.75045654,2.0730537,0.72676754,2.8622366,0.67685349,1.9373148,0.78912833,2.7062461,0.67056382,1.8147107
0b_baseline_last,file,19,baseline,3690,064.Ring_billed_Gull/Ring_Billed_Gull_0118_51322.jpg,64,63,064.Ring_billed_Gull,62,61,gaussian_blur,gaussian_blur,0,"{""sigma"":1.177585}",0.0076815928,0.20158426,0.19390267,0.99234784,0.81743467,0.005277758,0.14567097,0.98707008,0.6717637,-0.31530638,0.76056506,26.327473,1.4760874,38.86165,False,0.94632703,True,True,True,0.76056506,26.327473,1.4760874,38.86165,0.75292686,26.514225,1.4381635,38.13179,0.93821031,22.548963,0.33244518,7.496294,0.68591311,29.73834,0.28549879,8.4902599,0.7276523,28.607533,0.71821521,20.546366,0.74482873,25.452855,0.75045654,19.101261,0.75677978,25.709999,0.67685349,17.401902,0.81140227,25.487903,0.67056382,17.091266
0b_baseline_last,file,19,baseline,3690,064.Ring_billed_Gull/Ring_Billed_Gull_0118_51322.jpg,64,63,064.Ring_billed_Gull,62,61,random_erasing,random_erasing,0,"{""area_fraction"":0.094205,""erased"":true,""height"":0.225286,""left"":0.33422,""top"":0.075603,""width"":0.418159}",0.0076815928,0.0057462738,-0.001935319,0.99234784,0.99427021,0.005277758,0.0044033816,0.98707008,0.98986682,0.0027967454,0.93738131,0.79196007,1.4760874,1.1690023,False,0.98924536,True,True,True,0.93738131,0.79196007,1.4760874,1.1690023,0.93478158,0.79201913,1.4381635,1.139053,0.9861064,0.79085411,0.33244518,0.26291563,0.83861213,0.8828815,0.28549879,0.2520616,0.95338054,0.75741559,0.71821521,0.54398739,0.93259572,0.80861225,0.75045654,0.60682835,0.93163852,0.77878725,0.67685349,0.52712487,0.94229203,0.80568323,0.67056382,0.54026203
0b_baseline_last,file,19,baseline,9269,158.Bay_breasted_Warbler/Bay_Breasted_Warbler_0045_797135.jpg,158,157,158.Bay_breasted_Warbler,165,164,identity,identity,0,{},0.0025446198,0.0025446198,0,0.99745864,0.99745864,0.0004788214,0.0004788214,0.99697982,0.99697982,0,1,1,0.43184403,0.43184403,False,0.99999994,True,True,True,1,1,0.43184403,0.43184403,1,1,0.42428627,0.42428627,1,1,0.080438962,0.080438962,1,1,0.065268564,0.065268564,1,1,0.16024374,0.16024374,1,1,0.22034951,0.22034951,1,1,0.21433777,0.21433777,1,1,0.23576728,0.23576728
0b_baseline_last,file,19,baseline,9269,158.Bay_breasted_Warbler/Bay_Breasted_Warbler_0045_797135.jpg,158,157,158.Bay_breasted_Warbler,165,164,horizontal_flip,horizontal_flip,0,"{""flipped"":true}",0.0025446198,0.0004147623,-0.0021298575,0.99745864,0.99958533,0.0004788214,4.4683969e-05,0.99697982,0.99954065,0.0025608312,0.65905152,0.14162504,0.43184403,0.061159926,False,0.97510976,True,True,True,0.65905152,0.14162504,0.43184403,0.061159926,0.64608961,0.13950562,0.42428627,0.05919032,0.95353588,0.19140212,0.080438962,0.015396188,0.32423222,0.12631177,0.065268564,0.0082441876,0.5437567,0.13165918,0.16024374,0.021097559,0.60030121,0.12806594,0.22034951,0.028219266,0.62151773,0.13583357,0.21433777,0.029114264,0.76309249,0.15563671,0.23576728,0.036694045
0b_baseline_last,file,19,baseline,9269,158.Bay_breasted_Warbler/Bay_Breasted_Warbler_0045_797135.jpg,158,157,158.Bay_breasted_Warbler,165,164,color_jitter,color_jitter,0,"{""brightness"":1.254824,""contrast"":1.233826,""hue"":0.041824,""saturation"":0.728653}",0.0025446198,0.0037776316,0.0012330117,0.99745864,0.99622947,0.0004788214,0.00050001562,0.99697982,0.99572945,-0.0012503612,0.74164616,1.4108534,0.43184403,0.60926861,False,0.96899021,True,True,True,0.74164616,1.4108534,0.43184403,0.60926861,0.73297245,1.4051381,0.42428627,0.5961808,0.96277296,1.5614987,0.080438962,0.12560534,0.38054322,1.1175227,0.065268564,0.072939104,0.54239498,1.3616669,0.16024374,0.2181986,0.69160501,1.3504382,0.22034951,0.29756839,0.74402045,1.440925,0.21433777,0.30884465,0.86261224,1.4605006,0.23576728,0.34433826
0b_baseline_last,file,19,baseline,9269,158.Bay_breasted_Warbler/Bay_Breasted_Warbler_0045_797135.jpg,158,157,158.Bay_breasted_Warbler,165,164,rotation,rotation,0,"{""angle"":1.090161}",0.0025446198,0.0040751994,0.0015305795,0.99745864,0.99593312,0.0004788214,0.0019808789,0.99697982,0.99395224,-0.0030275788,0.88515093,1.8848611,0.43184403,0.81396603,False,0.99197578,True,True,True,0.88515093,1.8848611,0.43184403,0.81396603,0.88312798,1.8897917,0.42428627,0.80181267,0.94904279,1.7420981,0.080438962,0.14013256,0.86018494,2.5637587,0.065268564,0.16733285,0.88017064,2.205113,0.16024374,0.35335556,0.89904922,1.9861811,0.22034951,0.43765403,0.87366079,1.8119609,0.21433777,0.38837166,0.90263196,1.6299036,0.23576728,0.38427794
0b_baseline_last,file,19,baseline,9269,158.Bay_breasted_Warbler/Bay_Breasted_Warbler_0045_797135.jpg,158,157,158.Bay_breasted_Warbler,165,164,random_resized_crop,random_resized_crop,0,"{""area_fraction"":0.550582,""aspect"":1.153202,""fallback"":false,""height"":0.690969,""left"":0.077743,""top"":0.104182,""width"":0.796827}",0.0025446198,0.03533724,0.03279262,0.99745864,0.96527982,0.0004788214,0.023670871,0.99697982,0.94160895,-0.055370869,0.65034052,14.669132,0.43184403,6.334777,False,0.96279001,True,True,True,0.65034052,14.669132,0.43184403,6.334777,0.64146724,14.602765,0.42428627,6.1957528,0.87429774,16.408291,0.080438962,1.3198659,0.61486287,22.202075,0.065268564,1.4490975,0.64634059,15.973351,0.16024374,2.5596295,0.66434324,14.96818,0.22034951,3.2982312,0.61376464,14.571007,0.21433777,3.1231172,0.65977242,12.797422,0.23576728,3.0172133
0b_baseline_last,file,19,baseline,9269,158.Bay_breasted_Warbler/Bay_Breasted_Warbler_0045_797135.jpg,158,157,158.Bay_breasted_Warbler,165,164,gaussian_blur,gaussian_blur,0,"{""sigma"":1.688188}",0.0025446198,0.30849248,0.30594786,0.99745864,0.73455346,0.0004788214,0.062036421,0.99697982,0.67251704,-0.32446278,0.58924119,134.28682,0.43184403,57.990962,False,0.87939537,True,True,True,0.58924119,134.28682,0.43184403,57.990962,0.58338113,135.43375,0.42428627,57.462682,0.84876444,97.088916,0.080438962,7.8097317,0.53901948,218.97599,0.065268564,14.292249,0.60562873,177.26925,0.16024374,28.406287,0.64162165,142.26227,0.22034951,31.347421,0.50952721,128.33429,0.21433777,27.506886,0.63713501,99.605465,0.23576728,23.48371
0b_baseline_last,file,19,baseline,9269,158.Bay_breasted_Warbler/Bay_Breasted_Warbler_0045_797135.jpg,158,157,158.Bay_breasted_Warbler,165,164,random_erasing,random_erasing,0,"{""area_fraction"":0.078911,""erased"":true,""height"":0.459246,""left"":0.687305,""top"":0.318608,""width"":0.171826}",0.0025446198,0.0024881377,-5.6482153e-05,0.99745864,0.99751496,0.0004788214,0.00062005036,0.99697982,0.99689491,-8.4902567e-05,0.94575783,1.0232651,0.43184403,0.44189093,False,0.99146891,True,True,True,0.94575783,1.0232651,0.43184403,0.44189093,0.94447469,1.0241266,0.42428627,0.43452284,0.98263678,0.99900029,0.080438962,0.080358546,0.9454937,1.133838,0.065268564,0.07400398,0.95593802,1.0721913,0.16024374,0.17181195,0.96175671,1.0618958,0.22034951,0.23398821,0.9283299,0.98858098,0.21433777,0.21189024,0.93839532,0.98714437,0.23576728,0.23273635
0b_baseline_last,file,19,baseline,5852,100.Brown_Pelican/Brown_Pelican_0007_94078.jpg,100,99,100.Brown_Pelican,23,22,identity,identity,0,{},0.04380019,0.04380019,0,0.95714521,0.95714521,0.0096569406,0.0096569406,0.94748827,0.94748827,0,1,1,8.0327952,8.0327952,False,0.99999988,True,True,True,1,1,8.0327952,8.0327952,1,1,7.9036573,7.9036573,1,1,1.4345731,1.4345731,1,1,2.420514,2.420514,1,1,2.8803631,2.8803631,1,1,3.6293124,3.6293124,1,1,4.235476,4.235476,1,1,4.1474395,4.1474395
0b_baseline_last,file,19,baseline,5852,100.Brown_Pelican/Brown_Pelican_0007_94078.jpg,100,99,100.Brown_Pelican,23,22,horizontal_flip,horizontal_flip,0,"{""flipped"":true}",0.04380019,0.14678784,0.10298765,0.95714521,0.86347717,0.0096569406,0.021538166,0.94748827,0.841939,-0.10554927,0.67032217,3.5451033,8.0327952,28.477089,False,0.95002317,True,True,True,0.67032217,3.5451033,8.0327952,28.477089,0.66363954,3.5650607,7.9036573,28.177018,0.93713536,2.8741187,1.4345731,4.1231334,0.51863123,3.1061406,2.420514,7.5184568,0.5458097,4.2394951,2.8803631,12.211285,0.63916073,3.6742841,3.6293124,13.335125,0.68240854,3.4815463,4.235476,14.746006,0.79140665,3.3499165,4.1474395,13.893576
0b_baseline_last,file,19,baseline,5852,100.Brown_Pelican/Brown_Pelican_0007_94078.jpg,100,99,100.Brown_Pelican,23,22,color_jitter,color_jitter,0,"{""brightness"":0.656106,""contrast"":0.621677,""hue"":-0.015946,""saturation"":1.385882}",0.04380019,0.45634848,0.41254829,0.95714521,0.63359302,0.0096569406,0.083972342,0.94748827,0.54962068,-0.39786759,0.77547089,9.7358743,8.0327952,78.206284,False,0.94146925,True,True,True,0.77547089,9.7358743,8.0327952,78.206284,0.77203494,9.7859082,7.9036573,77.344465,0.91598017,8.070892,1.4345731,11.578285,0.70249594,9.9254463,2.420514,24.024682,0.69498342,10.773959,2.8803631,31.032913,0.77802247,11.019784,3.6293124,39.994239,0.80395811,9.1896419,4.235476,38.922508,0.81734125,8.7847041,4.1474395,36.434029
0b_baseline_last,file,19,baseline,5852,100.Brown_Pelican/Brown_Pelican_0007_94078.jpg,100,99,100.Brown_Pelican,23,22,rotation,rotation,0,"{""angle"":7.824522}",0.04380019,0.15167771,0.10787752,0.95714521,0.85926515,0.0096569406,0.021595331,0.94748827,0.83766982,-0.10981846,0.83358434,2.8513373,8.0327952,22.904209,False,0.9761939,True,True,True,0.83358434,2.8513373,8.0327952,22.904209,0.82914787,2.8457615,7.9036573,22.491924,0.96201487,3.0156811,1.4345731,4.326215,0.81130262,3.009474,2.420514,7.2844739,0.76910796,2.8463611,2.8803631,8.1985535,0.80753073,2.8152136,3.6293124,10.21729,0.83561547,2.7765177,4.235476,11.759874,0.87457782,2.8824725,4.1474395,11.95488
0b_baseline_last,file,19,baseline,5852,100.Brown_Pelican/Brown_Pelican_0007_94078.jpg,100,99,100.Brown_Pelican,23,22,random_resized_crop,random_resized_crop,0,"{""area_fraction"":0.687535,""aspect"":1.100348,""fallback"":false,""height"":0.790464,""left"":0.068977,""top"":0.047469,""width"":0.869786}",0.04380019,0.19807015,0.15426996,0.95714521,0.82031232,0.0096569406,0.0067879343,0.94748827,0.81352439,-0.13396389,0.72219129,4.14372,8.0327952,33.285654,False,0.94288582,True,True,True,0.72219129,4.14372,8.0327952,33.285654,0.71543806,4.137378,7.9036573,32.700418,0.91871222,4.3318065,1.4345731,6.2142931,0.70680692,4.8817885,2.420514,11.816437,0.57368986,4.2114026,2.8803631,12.130368,0.69331889,4.226816,3.6293124,15.340436,0.72640056,3.7493972,4.235476,15.880482,0.80276437,4.1414183,4.1474395,17.176282
0b_baseline_last,file,19,baseline,5852,100.Brown_Pelican/Brown_Pelican_0007_94078.jpg,100,99,100.Brown_Pelican,23,22,gaussian_blur,gaussian_blur,0,"{""sigma"":1.237207}",0.04380019,1.5422658,1.4984656,0.95714521,0.2138959,0.0096569406,0.047829613,0.94748827,0.16606629,-0.78142198,0.52730252,15.628424,8.0327952,125.53993,False,0.82937664,True,True,True,0.52730252,15.628424,8.0327952,125.53993,0.51840271,15.628185,7.9036573,123.51982,0.79731504,15.635671,1.4345731,22.430512,0.42361487,15.206016,2.420514,36.806375,0.44807487,18.870605,2.8803631,54.354194,0.43857296,15.102318,3.6293124,54.811031,0.54248169,14.982223,4.235476,63.456846,0.6362687,15.090333,4.1474395,62.586243
0b_baseline_last,file,19,baseline,5852,100.Brown_Pelican/Brown_Pelican_0007_94078.jpg,100,99,100.Brown_Pelican,23,22,random_erasing,random_erasing,0,"{""area_fraction"":0.164397,""erased"":true,""height"":0.293921,""left"":0.113425,""top"":0.118177,""width"":0.559324}",0.04380019,2.5066352,2.462835,0.95714521,0.081542164,0.0096569406,0.023583952,0.94748827,0.057958212,-0.88953006,0.6192161,21.619039,8.0327952,173.66131,False,0.81834877,False,True,False,0.6192161,21.619039,8.0327952,173.66131,0.61549854,21.760301,7.9036573,171.98596,0.78615267,16.774387,1.4345731,24.064085,0.68919752,19.581482,2.420514,47.397252,0.51466505,24.946355,2.8803631,71.854561,0.63332072,23.530485,3.6293124,85.399478,0.6047265,20.632203,4.235476,87.387201,0.65444754,20.515835,4.1474395,85.088185
0b_baseline_last,file,19,baseline,2966,052.Pied_billed_Grebe/Pied_Billed_Grebe_0032_35931.jpg,52,51,052.Pied_billed_Grebe,50,49,identity,identity,0,{},0.0093830312,0.0093830312,0,0.99066085,0.99066085,0.0035125341,0.0035125341,0.98714831,0.98714831,0,1,1,1.5090884,1.5090884,False,1.0000001,True,True,True,1,1,1.5090884,1.5090884,1,1,1.4840004,1.4840004,1,1,0.27402691,0.27402691,1,1,0.40476343,0.40476343,1,1,0.72607725,0.72607725,1,1,0.73893011,0.73893011,1,1,0.70022954,0.70022954,1,1,0.68912724,0.68912724
0b_baseline_last,file,19,baseline,2966,052.Pied_billed_Grebe/Pied_Billed_Grebe_0032_35931.jpg,52,51,052.Pied_billed_Grebe,50,49,horizontal_flip,horizontal_flip,0,"{""flipped"":true}",0.0093830312,0.055523612,0.04614058,0.99066085,0.94598967,0.0035125341,0.01635484,0.98714831,0.92963483,-0.057513484,0.67869035,6.9937482,1.5090884,10.554184,False,0.95884252,True,True,True,0.67869035,6.9937482,1.5090884,10.554184,0.67213359,7.0359473,1.4840004,10.441348,0.93639765,5.6168647,0.27402691,1.5391721,0.7522048,6.0931091,0.40476343,2.4662678,0.67755582,7.02139,0.72607725,5.0980715,0.63400416,7.0943412,0.73893011,5.2422223,0.64229225,7.6208099,0.70022954,5.3363162,0.72840532,6.6485234,0.68912724,4.5816786
0b_baseline_last,file,19,baseline,2966,052.Pied_billed_Grebe/Pied_Billed_Grebe_0032_35931.jpg,52,51,052.Pied_billed_Grebe,50,49,color_jitter,color_jitter,0,"{""brightness"":0.835658,""contrast"":0.76432,""hue"":-0.006499,""saturation"":1.056878}",0.0093830312,0.016000913,0.0066178823,0.99066085,0.98412645,0.0035125341,0.0042894389,0.98714831,0.97983701,-0.0073113025,0.89720905,1.7753904,1.5090884,2.6792211,False,0.99259257,True,True,True,0.89720905,1.7753904,1.5090884,2.6792211,0.89477961,1.7821574,1.4840004,2.6447222,0.98583932,1.5639626,0.27402691,0.42856783,0.91558614,2.0879712,0.40476343,0.8451344,0.88396026,1.8381227,0.72607725,1.3346191,0.87581175,1.8553903,0.73893011,1.3710038,0.90613984,1.6774248,0.70022954,1.1745824,0.92460608,1.6157583,0.68912724,1.1134631
0b_baseline_last,file,19,baseline,2966,052.Pied_billed_Grebe/Pied_Billed_Grebe_0032_35931.jpg,52,51,052.Pied_billed_Grebe,50,49,rotation,rotation,0,"{""angle"":8.468802}",0.0093830312,0.026172016,0.016788985,0.99066085,0.97416753,0.0035125341,0.0074014971,0.98714831,0.96676603,-0.020382283,0.79144904,3.2153772,1.5090884,4.8522884,False,0.96736425,True,True,True,0.79144904,3.2153772,1.5090884,4.8522884,0.78711985,3.233228,1.4840004,4.7981115,0.96297112,2.6386788,0.27402691,0.72306901,0.90594845,3.7864234,0.40476343,1.5326057,0.79468135,3.2872466,0.72607725,2.3867949,0.7859537,3.3203321,0.73893011,2.4534933,0.75247306,3.2968665,0.70022954,2.3085633,0.78032818,2.7636364,0.68912724,1.9044971
0b_baseline_last,file,19,baseline,2966,052.Pied_billed_Grebe/Pied_Billed_Grebe_0032_35931.jpg,52,51,052.Pied_billed_Grebe,50,49,random_resized_crop,random_resized_crop,0,"{""area_fraction"":0.790701,""aspect"":1.012162,""fallback"":false,""height"":0.883855,""left"":0.012038,""top"":0.099548,""width"":0.894604}",0.0093830312,0.071503647,0.062120616,0.99066085,0.9309929,0.0035125341,0.021477563,0.98714831,0.90951534,-0.077632974,0.80084455,7.8120369,1.5090884,11.789054,False,0.96355748,True,True,True,0.80084455,7.8120369,1.5090884,11.789054,0.79657012,7.8487099,1.4840004,11.647488,0.95963456,6.6471141,0.27402691,1.8214881,0.90641984,9.0980413,0.40476343,3.6825544,0.74889614,7.7914061,0.72607725,5.6571627,0.79656242,8.1674687,0.73893011,6.0351885,0.81092814,7.7155778,0.70022954,5.4026755,0.79799971,7.1807092,0.68912724,4.9484224
0b_baseline_last,file,19,baseline,2966,052.Pied_billed_Grebe/Pied_Billed_Grebe_0032_35931.jpg,52,51,052.Pied_billed_Grebe,50,49,gaussian_blur,gaussian_blur,0,"{""sigma"":1.301579}",0.0093830312,1.2643179,1.2549348,0.99066085,0.28243187,0.0035125341,0.15019715,0.98714831,0.13223472,-0.85491359,0.56635827,122.36785,1.5090884,184.6639,False,0.85152328,True,True,True,0.56635827,122.36785,1.5090884,184.6639,0.56241503,123.56869,1.4840004,183.37598,0.8011018,79.450933,0.27402691,21.771694,0.62915438,186.98896,0.40476343,75.686294,0.55146417,146.65197,0.72607725,106.48066,0.57862157,116.34843,0.73893011,85.97336,0.56563317,105.4562,0.70022954,73.843548,0.59831663,88.457258,0.68912724,60.958306
0b_baseline_last,file,19,baseline,2966,052.Pied_billed_Grebe/Pied_Billed_Grebe_0032_35931.jpg,52,51,052.Pied_billed_Grebe,50,49,random_erasing,random_erasing,0,"{""area_fraction"":0.173582,""erased"":true,""height"":0.256425,""left"":0.23428,""top"":0.71654,""width"":0.676931}",0.0093830312,0.0074647311,-0.0019183001,0.99066085,0.99256307,0.0035125341,0.0014748385,0.98714831,0.99108823,0.0039399182,0.8790174,0.70699608,1.5090884,1.0669196,False,0.976592,True,True,True,0.8790174,0.70699608,1.5090884,1.0669196,0.87629824,0.70416745,1.4840004,1.0449848,0.95556898,0.78543648,0.27402691,0.21523073,0.94117101,0.55453268,0.40476343,0.22445455,0.84960564,0.58349674,0.72607725,0.4236637,0.87256707,0.70630462,0.73893011,0.52190974,0.89150461,0.78109946,0.70022954,0.54694892,0.89944672,0.78222743,0.68912724,0.53905423
0b_baseline_last,file,19,baseline,2953,052.Pied_billed_Grebe/Pied_Billed_Grebe_0082_35356.jpg,52,51,052.Pied_billed_Grebe,50,49,identity,identity,0,{},0.041790228,0.041790228,0,0.95907092,0.95907092,0.028648669,0.028648669,0.93042225,0.93042225,0,1,1,6.6324214,6.6324214,False,1.0000001,True,True,True,1,1,6.6324214,6.6324214,1,1,6.4601948,6.4601948,1,1,1.5016312,1.5016312,1,1,1.1373378,1.1373378,1,1,2.6377648,2.6377648,1,1,3.4357433,3.4357433,1,1,3.2684732,3.2684732,1,1,3.3159505,3.3159505
0b_baseline_last,file,19,baseline,2953,052.Pied_billed_Grebe/Pied_Billed_Grebe_0082_35356.jpg,52,51,052.Pied_billed_Grebe,50,49,horizontal_flip,horizontal_flip,0,"{""flipped"":true}",0.041790228,0.12685224,0.085062016,0.95907092,0.88086385,0.028648669,0.10370662,0.93042225,0.77715722,-0.15326503,0.67888566,3.2912857,6.6324214,21.829194,False,0.96616155,True,True,True,0.67888566,3.2912857,6.6324214,21.829194,0.66502201,3.3042108,6.4601948,21.345846,0.95978781,3.0421674,1.5016312,4.5682136,0.57959109,3.7844731,1.1373378,4.3042243,0.61496723,3.621798,2.6377648,9.5534514,0.68422154,3.3720395,3.4357433,11.585462,0.61086883,3.1824288,3.2684732,10.401683,0.75222231,3.0670458,3.3159505,10.170172
0b_baseline_last,file,19,baseline,2953,052.Pied_billed_Grebe/Pied_Billed_Grebe_0082_35356.jpg,52,51,052.Pied_billed_Grebe,50,49,color_jitter,color_jitter,0,"{""brightness"":1.334162,""contrast"":1.138341,""hue"":-0.047535,""saturation"":1.319156}",0.041790228,2.018075,1.9762848,0.95907092,0.13291107,0.028648669,0.1615905,0.93042225,-0.02867943,-0.95910168,0.48536714,17.850461,6.6324214,118.39178,False,0.78642023,False,True,False,0.48536714,17.850461,6.6324214,118.39178,0.47478907,17.885775,6.4601948,115.54559,0.68951678,17.183758,1.5016312,25.803667,0.51341672,20.383931,1.1373378,23.183415,0.49936743,17.576996,2.6377648,46.363981,0.44810106,18.494667,3.4357433,63.542929,0.48058371,16.905723,3.2684732,55.255903,0.48018072,18.025813,3.3159505,59.772703
0b_baseline_last,file,19,baseline,2953,052.Pied_billed_Grebe/Pied_Billed_Grebe_0082_35356.jpg,52,51,052.Pied_billed_Grebe,50,49,rotation,rotation,0,"{""angle"":5.419836}",0.041790228,0.14517541,0.10338518,0.95907092,0.86487055,0.028648669,0.08713384,0.93042225,0.77773671,-0.15268554,0.84158565,3.4756745,6.6324214,23.052138,False,0.97150874,True,True,True,0.84158565,3.4756745,6.6324214,23.052138,0.83550579,3.4913566,6.4601948,22.554844,0.96917006,3.1714587,1.5016312,4.7623613,0.82259886,3.3310023,1.1373378,3.7884748,0.8235931,4.0079873,2.6377648,10.572128,0.85123355,3.4879152,3.4357433,11.983581,0.82054408,3.3450746,3.2684732,10.933287,0.85147247,3.2960603,3.3159505,10.929573
0b_baseline_last,file,19,baseline,2953,052.Pied_billed_Grebe/Pied_Billed_Grebe_0082_35356.jpg,52,51,052.Pied_billed_Grebe,50,49,random_resized_crop,random_resized_crop,0,"{""area_fraction"":0.848028,""aspect"":0.976269,""fallback"":false,""height"":0.93201,""left"":0.080387,""top"":0.02815,""width"":0.909892}",0.041790228,0.070933923,0.029143695,0.95907092,0.93152344,0.028648669,0.050194923,0.93042225,0.88132852,-0.049093733,0.85914589,1.8574963,6.6324214,12.319698,False,0.98414981,True,True,True,0.85914589,1.8574963,6.6324214,12.319698,0.85331898,1.8665762,6.4601948,12.058446,0.98344062,1.6806103,1.5016312,2.5236569,0.86536597,1.9213001,1.1373378,2.1851672,0.84164752,2.026129,2.6377648,5.3444517,0.85325862,1.9134301,3.4357433,6.5740547,0.84736657,1.7852925,3.2684732,5.8351806,0.87030017,1.7790352,3.3159505,5.8991926
0b_baseline_last,file,19,baseline,2953,052.Pied_billed_Grebe/Pied_Billed_Grebe_0082_35356.jpg,52,51,052.Pied_billed_Grebe,50,49,gaussian_blur,gaussian_blur,0,"{""sigma"":1.618922}",0.041790228,3.1714473,3.129657,0.95907092,0.041942853,0.028648669,0.13000536,0.93042225,-0.088062506,-1.0184848,0.42377588,30.346069,6.6324214,201.26791,False,0.78149563,False,True,False,0.42377588,30.346069,6.6324214,201.26791,0.41841591,30.862382,6.4601948,199.377,0.64769448,18.329588,1.5016312,27.524282,0.21212872,51.013457,1.1373378,58.019533,0.41423864,43.142816,2.6377648,113.8006,0.41562967,28.81968,3.4357433,99.017022,0.48118323,26.942478,3.2684732,88.060768,0.47484089,23.115646,3.3159505,76.650339
0b_baseline_last,file,19,baseline,2953,052.Pied_billed_Grebe/Pied_Billed_Grebe_0082_35356.jpg,52,51,052.Pied_billed_Grebe,50,49,random_erasing,random_erasing,0,"{""area_fraction"":0.185938,""erased"":true,""height"":0.524278,""left"":0.157153,""top"":0.154888,""width"":0.354656}",0.041790228,2.9733658,2.9315756,0.95907092,0.051130932,0.028648669,0.096464828,0.93042225,-0.045333896,-0.97575615,0.44540724,19.75955,6.6324214,131.05366,False,0.8223511,False,True,False,0.44540724,19.75955,6.6324214,131.05366,0.43206213,19.823149,6.4601948,128.06141,0.71039664,18.543102,1.5016312,27.844901,0.48710054,26.144899,1.1373378,29.735582,0.40506507,18.096316,2.6377648,47.733826,0.44153052,18.761642,3.4357433,64.460186,0.40192465,19.429901,3.2684732,63.506111,0.46159184,21.428342,3.3159505,71.055323
0b_baseline_last,file,19,baseline,6638,114.Black_throated_Sparrow/Black_Throated_Sparrow_0011_107115.jpg,114,113,114.Black_throated_Sparrow,85,84,identity,identity,0,{},0.0083750468,0.0083750468,0,0.99165994,0.99165994,0.0031285682,0.0031285682,0.98853137,0.98853137,0,1,1,1.3747571,1.3747571,False,1,True,True,True,1,1,1.3747571,1.3747571,1,1,1.3481248,1.3481248,1,1,0.26928919,0.26928919,1,1,0.29700445,0.29700445,1,1,0.64595045,0.64595045,1,1,0.70128953,0.70128953,1,1,0.62737006,0.62737006,1,1,0.6531283,0.6531283
0b_baseline_last,file,19,baseline,6638,114.Black_throated_Sparrow/Black_Throated_Sparrow_0011_107115.jpg,114,113,114.Black_throated_Sparrow,85,84,horizontal_flip,horizontal_flip,0,"{""flipped"":true}",0.0083750468,0.00092106347,-0.0074539833,0.99165994,0.99907935,0.0031285682,0.00019220218,0.98853137,0.99888714,0.010355773,0.5814946,0.098613533,1.3747571,0.13556965,False,0.96521503,True,True,True,0.5814946,0.098613533,1.3747571,0.13556965,0.56481057,0.097710703,1.3481248,0.13172622,0.93558467,0.11902467,0.26928919,0.032052056,0.60111327,0.094824045,0.29700445,0.028163164,0.48881923,0.091529945,0.64595045,0.059123809,0.50177254,0.08953924,0.70128953,0.062792931,0.53938757,0.1003518,0.62737006,0.062957717,0.70797102,0.10994463,0.6531283,0.071807951
0b_baseline_last,file,19,baseline,6638,114.Black_throated_Sparrow/Black_Throated_Sparrow_0011_107115.jpg,114,113,114.Black_throated_Sparrow,85,84,color_jitter,color_jitter,0,"{""brightness"":0.919932,""contrast"":1.098295,""hue"":0.071976,""saturation"":1.22421}",0.0083750468,0.065829672,0.057454625,0.99165994,0.93629032,0.0031285682,0.0065061566,0.98853137,0.92978417,-0.058747204,0.6424629,7.001499,1.3747571,9.6253604,False,0.89605737,True,True,True,0.6424629,7.001499,1.3747571,9.6253604,0.63514231,7.0282267,1.3481248,9.4749265,0.85108689,6.294683,0.26928919,1.6950901,0.41980802,6.4252615,0.29700445,1.9083313,0.54229709,6.5724502,0.64595045,4.2454772,0.63998381,7.4674899,0.70128953,5.2368725,0.67404816,7.3511386,0.62737006,4.6118843,0.72526569,6.7462172,0.6531283,4.4061454
0b_baseline_last,file,19,baseline,6638,114.Black_throated_Sparrow/Black_Throated_Sparrow_0011_107115.jpg,114,113,114.Black_throated_Sparrow,85,84,rotation,rotation,0,"{""angle"":4.040347}",0.0083750468,0.016202794,0.0078277476,0.99165994,0.98392779,0.0031285682,0.0077478872,0.98853137,0.9761799,-0.012351472,0.83467495,2.0070379,1.3747571,2.7591896,False,0.97966802,True,True,True,0.83467495,2.0070379,1.3747571,2.7591896,0.82914121,2.0074566,1.3481248,2.706302,0.97413565,1.9965154,0.26928919,0.53764,0.70281256,2.0465901,0.29700445,0.60784636,0.86416112,2.0265966,0.64595045,1.309081,0.817504,2.0528931,0.70128953,1.4396724,0.79828393,1.9865571,0.62737006,1.2463065,0.86493661,1.9457315,0.6531283,1.2708123
0b_baseline_last,file,19,baseline,6638,114.Black_throated_Sparrow/Black_Throated_Sparrow_0011_107115.jpg,114,113,114.Black_throated_Sparrow,85,84,random_resized_crop,random_resized_crop,0,"{""area_fraction"":0.68525,""aspect"":0.931228,""fallback"":false,""height"":0.857821,""left"":0.007065,""top"":0.001079,""width"":0.798827}",0.0083750468,0.058774691,0.050399644,0.99165994,0.94291919,0.0031285682,0.028566856,0.98853137,0.91435234,-0.074179032,0.70186293,8.2508867,1.3747571,11.342965,False,0.95282251,True,True,True,0.70186293,8.2508867,1.3747571,11.342965,0.69431789,8.3019367,1.3481248,11.192047,0.94372267,6.8482744,0.26928919,1.8441663,0.25994464,11.275748,0.29700445,3.3489473,0.72278253,8.6904326,0.64595045,5.6135888,0.73628875,8.5144732,0.70128953,5.9711109,0.71058548,7.9745973,0.62737006,5.0030236,0.74782611,7.156883,0.6531283,4.6743628
0b_baseline_last,file,19,baseline,6638,114.Black_throated_Sparrow/Black_Throated_Sparrow_0011_107115.jpg,114,113,114.Black_throated_Sparrow,85,84,gaussian_blur,gaussian_blur,0,"{""sigma"":1.363179}",0.0083750468,0.059159826,0.05078478,0.99165994,0.94255608,0.0031285682,0.018854573,0.98853137,0.92370151,-0.064829861,0.66826417,8.1406445,1.3747571,11.191409,False,0.92707551,True,True,True,0.66826417,8.1406445,1.3747571,11.191409,0.6603147,8.1881325,1.3481248,11.038624,0.91706312,6.8436955,0.26928919,1.8429332,0.53269596,8.7290194,0.29700445,2.5925576,0.58692851,8.3769933,0.64595045,5.4111226,0.68793439,9.3159694,0.70128953,6.5331918,0.67499132,7.7428864,0.62737006,4.8576552,0.74612906,6.7732842,0.6531283,4.4238236
0b_baseline_last,file,19,baseline,6638,114.Black_throated_Sparrow/Black_Throated_Sparrow_0011_107115.jpg,114,113,114.Black_throated_Sparrow,85,84,random_erasing,random_erasing,0,"{""area_fraction"":0.103919,""erased"":true,""height"":0.571897,""left"":0.605938,""top"":0.05689,""width"":0.18171}",0.0083750468,0.026080269,0.017705223,0.99165994,0.97425687,0.0031285682,0.011499823,0.98853137,0.96275705,-0.025774321,0.89390099,2.9651335,1.3747571,4.0763383,False,0.98756635,True,True,True,0.89390099,2.9651335,1.3747571,4.0763383,0.89020248,2.9617221,1.3481248,3.9927709,0.98429503,3.0493856,0.26928919,0.82116656,0.89142967,2.9492515,0.29700445,0.87594084,0.91034886,2.7536604,0.64595045,1.7787282,0.89013333,2.9333497,0.70128953,2.0571274,0.86447138,3.0789674,0.62737006,1.931652,0.89956974,3.0805116,0.6531283,2.0119693
0b_baseline_last,file,19,baseline,8966,153.Philadelphia_Vireo/Philadelphia_Vireo_0015_794778.jpg,153,152,153.Philadelphia_Vireo,179,178,identity,identity,0,{},0.27386329,0.27386329,0,0.76043606,0.76043606,0.072385363,0.072385363,0.68805069,0.68805069,0,1,1,42.271886,42.271886,False,1,True,True,True,1,1,42.271886,42.271886,1,1,41.452869,41.452869,1,1,8.2808203,8.2808203,1,1,6.2101773,6.2101773,1,1,16.872452,16.872452,1,1,25.221238,25.221238,1,1,20.153535,20.153535,1,1,18.783467,18.783467
0b_baseline_last,file,19,baseline,8966,153.Philadelphia_Vireo/Philadelphia_Vireo_0015_794778.jpg,153,152,153.Philadelphia_Vireo,179,178,horizontal_flip,horizontal_flip,0,"{""flipped"":true}",0.27386329,0.29036447,0.016501188,0.76043606,0.74799091,0.072385363,0.058608592,0.68805069,0.68938231,0.0013316199,0.70615185,1.0138591,42.271886,42.857736,False,0.97739655,True,True,True,0.70615185,1.0138591,42.271886,42.857736,0.69531004,1.0131064,41.452869,41.996169,0.97284499,1.0325408,8.2808203,8.5502849,0.49057093,0.93498116,6.2101773,5.8063988,0.55968812,0.90600926,16.872452,15.286598,0.73156513,1.0017962,25.221238,25.266539,0.67658053,1.0581592,20.153535,21.325649,0.77273138,1.0688875,18.783467,20.077414
0b_baseline_last,file,19,baseline,8966,153.Philadelphia_Vireo/Philadelphia_Vireo_0015_794778.jpg,153,152,153.Philadelphia_Vireo,179,178,color_jitter,color_jitter,0,"{""brightness"":0.685656,""contrast"":1.094621,""hue"":0.022547,""saturation"":0.809781}",0.27386329,0.23191614,-0.041947141,0.76043606,0.79301262,0.072385363,0.066647053,0.68805069,0.72636557,0.038314871,0.72353336,0.92818126,42.271886,39.235972,False,0.98350906,True,True,True,0.72353336,0.92818126,42.271886,39.235972,0.71495436,0.92920037,41.452869,38.518021,0.94523231,0.90226791,8.2808203,7.4715184,0.15982024,1.6137638,6.2101773,10.021759,0.64347428,1.0806869,16.872452,18.233837,0.74367163,0.90218323,25.221238,22.754178,0.7575182,0.83305908,20.153535,16.789085,0.84175359,0.84362729,18.783467,15.846245
0b_baseline_last,file,19,baseline,8966,153.Philadelphia_Vireo/Philadelphia_Vireo_0015_794778.jpg,153,152,153.Philadelphia_Vireo,179,178,rotation,rotation,0,"{""angle"":3.451549}",0.27386329,0.24784955,-0.026013732,0.76043606,0.78047734,0.072385363,0.062904954,0.68805069,0.71757239,0.029521696,0.85520534,0.91217194,42.271886,38.559228,False,0.98383319,True,True,True,0.85520534,0.91217194,42.271886,38.559228,0.85056586,0.91309024,41.452869,37.85021,0.97493418,0.88885049,8.2808203,7.3604111,0.80078181,0.99281511,6.2101773,6.1655579,0.78537211,1.04087,16.872452,17.562029,0.87673534,0.9052751,25.221238,22.832158,0.85017964,0.8360972,20.153535,16.850314,0.88161139,0.89237142,18.783467,16.761829
0b_baseline_last,file,19,baseline,8966,153.Philadelphia_Vireo/Philadelphia_Vireo_0015_794778.jpg,153,152,153.Philadelphia_Vireo,179,178,random_resized_crop,random_resized_crop,0,"{""area_fraction"":0.512688,""aspect"":0.990105,""fallback"":false,""height"":0.719591,""left"":0.059282,""top"":0.095269,""width"":0.712471}",0.27386329,0.58843875,0.31457546,0.76043606,0.55519342,0.072385363,0.095896453,0.68805069,0.45929697,-0.22875372,0.64437133,2.1383857,42.271886,90.393598,False,0.91449386,True,True,True,0.64437133,2.1383857,42.271886,90.393598,0.63790609,2.1536785,41.452869,89.276154,0.86487883,1.7111067,8.2808203,14.169367,0.48693017,2.9953311,6.2101773,18.601537,0.55602303,2.6409037,16.872452,44.558521,0.70785842,2.1560865,25.221238,54.379169,0.61806434,1.9258866,20.153535,38.813423,0.67114115,1.8250545,18.783467,34.280851
0b_baseline_last,file,19,baseline,8966,153.Philadelphia_Vireo/Philadelphia_Vireo_0015_794778.jpg,153,152,153.Philadelphia_Vireo,179,178,gaussian_blur,gaussian_blur,0,"{""sigma"":1.316071}",0.27386329,0.4831655,0.20930222,0.76043606,0.61682773,0.072385363,0.036166493,0.68805069,0.58066123,-0.10738946,0.64557275,1.6890425,42.271886,71.399011,False,0.93660945,True,True,True,0.64557275,1.6890425,42.271886,71.399011,0.63792672,1.6965439,41.452869,70.326613,0.86924294,1.4887739,8.2808203,12.328269,0.44262069,2.3189993,6.2101773,14.401397,0.64873399,2.2157028,16.872452,37.384339,0.65085141,1.6119856,25.221238,40.656272,0.59540727,1.4834137,20.153535,29.89603,0.72696358,1.5002802,18.783467,28.180463
0b_baseline_last,file,19,baseline,8966,153.Philadelphia_Vireo/Philadelphia_Vireo_0015_794778.jpg,153,152,153.Philadelphia_Vireo,179,178,random_erasing,random_erasing,0,"{""area_fraction"":0.199315,""erased"":true,""height"":0.674039,""left"":0.395359,""top"":0.318501,""width"":0.295703}",0.27386329,5.3642693,5.090406,0.76043606,0.0046808794,0.072385363,0.023374731,0.68805069,-0.018693851,-0.70674455,0.33079937,4.1162535,42.271886,174.0018,False,0.68379784,False,True,False,0.33079937,4.1162535,42.271886,174.0018,0.32180797,4.1398439,41.452869,171.60841,0.60430871,3.4731739,8.2808203,28.760728,0.25674171,4.3911918,6.2101773,27.27008,0.34571102,4.8133776,16.872452,81.213481,0.27856269,3.4063255,25.221238,85.911744,0.34249154,4.340795,20.153535,87.482363,0.35733103,4.4784043,18.783467,84.119959
0b_baseline_last,file,19,baseline,5646,097.Orchard_Oriole/Orchard_Oriole_0006_91724.jpg,97,96,097.Orchard_Oriole,30,29,identity,identity,0,{},0.053068399,0.053068399,0,0.94831514,0.94831514,0.012744136,0.012744136,0.93557101,0.93557101,0,1,1,10.580956,10.580956,False,1,True,True,True,1,1,10.580956,10.580956,1,1,10.434951,10.434951,1,1,1.7516897,1.7516897,1,1,3.1100446,3.1100446,1,1,5.2676273,5.2676273,1,1,5.2848341,5.2848341,1,1,4.6691329,4.6691329,1,1,4.6623665,4.6623665
0b_baseline_last,file,19,baseline,5646,097.Orchard_Oriole/Orchard_Oriole_0006_91724.jpg,97,96,097.Orchard_Oriole,30,29,horizontal_flip,horizontal_flip,0,"{""flipped"":true}",0.053068399,0.0097110476,-0.043357352,0.94831514,0.99033594,0.012744136,0.0010281084,0.93557101,0.98930783,0.053736825,0.63723334,0.16388255,10.580956,1.734034,False,0.95358253,True,True,True,0.63723334,0.16388255,10.580956,1.734034,0.62787394,0.16337089,10.434951,1.7047673,0.94012742,0.18110616,1.7516897,0.31724179,0.54516779,0.12981831,3.1100446,0.40374072,0.6869631,0.15907368,5.2676273,0.83794087,0.62759923,0.15771165,5.2848341,0.83347993,0.55202356,0.17436246,4.6691329,0.81412147,0.67181936,0.17733475,4.6623665,0.8267996
0b_baseline_last,file,19,baseline,5646,097.Orchard_Oriole/Orchard_Oriole_0006_91724.jpg,97,96,097.Orchard_Oriole,30,29,color_jitter,color_jitter,0,"{""brightness"":0.752195,""contrast"":1.275139,""hue"":0.001791,""saturation"":0.863526}",0.053068399,0.21417055,0.16110215,0.94831514,0.80721074,0.012744136,0.083721057,0.93557101,0.72348969,-0.21208132,0.79729248,3.7756498,10.580956,39.949983,False,0.97095221,True,True,True,0.79729248,3.7756498,10.580956,39.949983,0.79327625,3.777729,10.434951,39.420419,0.94292924,3.7011068,1.7516897,6.4831905,0.71440765,3.1468046,3.1100446,9.7867024,0.73106218,3.6918536,5.2676273,19.447309,0.83845135,3.9607337,5.2848341,20.931821,0.79579263,3.9331141,4.6691329,18.364232,0.8441859,3.74337,4.6623665,17.452963
0b_baseline_last,file,19,baseline,5646,097.Orchard_Oriole/Orchard_Oriole_0006_91724.jpg,97,96,097.Orchard_Oriole,30,29,rotation,rotation,0,"{""angle"":-1.652569}",0.053068399,0.037349287,-0.015719112,0.94831514,0.96333957,0.012744136,0.008522084,0.93557101,0.95481748,0.019246476,0.82845606,0.65749974,10.580956,6.9569756,False,0.97369915,True,True,True,0.82845606,0.65749974,10.580956,6.9569756,0.82479816,0.65720562,10.434951,6.8579087,0.95629757,0.66785303,1.7516897,1.1698713,0.76712274,0.58937987,3.1100446,1.8329976,0.8233313,0.63090006,5.2676273,3.3233464,0.84664812,0.6762759,5.2848341,3.5740059,0.78871478,0.66766366,4.6691329,3.1174103,0.86008591,0.68280647,4.6623665,3.183494
0b_baseline_last,file,19,baseline,5646,097.Orchard_Oriole/Orchard_Oriole_0006_91724.jpg,97,96,097.Orchard_Oriole,30,29,random_resized_crop,random_resized_crop,0,"{""area_fraction"":0.850149,""aspect"":0.911927,""fallback"":false,""height"":0.965534,""left"":0.048761,""top"":0.002165,""width"":0.880497}",0.053068399,0.0085413614,-0.044527038,0.94831514,0.99149501,0.012744136,0.00044801744,0.93557101,0.991047,0.055475988,0.7368197,0.13155034,10.580956,1.3919283,False,0.96018535,True,True,True,0.7368197,0.13155034,10.580956,1.3919283,0.73109685,0.13098801,10.434951,1.3668535,0.9206503,0.15014845,1.7516897,0.26301349,0.72181527,0.096571888,3.1100446,0.30034288,0.75496231,0.11294707,5.2676273,0.59496307,0.76405963,0.13263155,5.2848341,0.70093574,0.65850497,0.13949195,4.6691329,0.65130647,0.76826866,0.15295994,4.6623665,0.71315528
0b_baseline_last,file,19,baseline,5646,097.Orchard_Oriole/Orchard_Oriole_0006_91724.jpg,97,96,097.Orchard_Oriole,30,29,gaussian_blur,gaussian_blur,0,"{""sigma"":1.999554}",0.053068399,6.286716,6.2336476,0.94831514,0.001860861,0.012744136,0.013162946,0.93557101,-0.011302085,-0.94687309,0.2305839,9.1001936,10.580956,96.288747,False,0.60648924,False,True,False,0.2305839,9.1001936,10.580956,96.288747,0.2191499,9.0375708,10.434951,94.306612,0.56577484,11.095978,1.7516897,19.43671,0.2978756,8.9652337,3.1100446,27.882276,0.049432907,7.4844749,5.2676273,39.425424,0.29999239,8.0913024,5.2848341,42.761191,0.17893918,9.1612099,4.6691329,42.774906,0.30263573,11.557727,4.6623665,53.886358
0b_baseline_last,file,19,baseline,5646,097.Orchard_Oriole/Orchard_Oriole_0006_91724.jpg,97,96,097.Orchard_Oriole,30,29,random_erasing,random_erasing,0,"{""area_fraction"":0.083563,""erased"":true,""height"":0.168329,""left"":0.069177,""top"":0.461864,""width"":0.496424}",0.053068399,0.81615496,0.76308656,0.94831514,0.44212839,0.012744136,0.063236281,0.93557101,0.37889211,-0.5566789,0.58669524,7.6168294,10.580956,80.593336,False,0.91141963,True,True,True,0.58669524,7.6168294,10.580956,80.593336,0.57695731,7.5798872,10.434951,79.095754,0.89001067,8.8282731,1.7516897,15.464395,0.56099876,8.6065166,3.1100446,26.76665,0.56147264,6.2384432,5.2676273,32.861794,0.52849185,7.0968692,5.2848341,37.505776,0.55846913,7.861217,4.6691329,36.705066,0.68465364,8.8585572,4.6623665,41.301841
0b_baseline_last,file,19,baseline,2734,048.European_Goldfinch/European_Goldfinch_0014_794672.jpg,48,47,048.European_Goldfinch,191,190,identity,identity,0,{},0.0004634975,0.0004634975,0,0.99953663,0.99953663,5.1485647e-05,5.1485647e-05,0.99948515,0.99948515,0,1,1,0.071073104,0.071073104,False,1,True,True,True,1,1,0.071073104,0.071073104,1,1,0.069762226,0.069762226,1,1,0.013587419,0.013587419,1,1,0.010020294,0.010020294,1,1,0.023703026,0.023703026,1,1,0.031495429,0.031495429,1,1,0.035846072,0.035846072,1,1,0.043904732,0.043904732
0b_baseline_last,file,19,baseline,2734,048.European_Goldfinch/European_Goldfinch_0014_794672.jpg,48,47,048.European_Goldfinch,191,190,horizontal_flip,horizontal_flip,0,"{""flipped"":true}",0.0004634975,0.00065031357,0.00018681606,0.99953663,0.99934989,5.1485647e-05,0.00018563059,0.99948515,0.99916426,-0.00032088629,0.5528746,1.3359821,0.071073104,0.094952394,False,0.97092694,True,True,True,0.5528746,1.3359821,0.071073104,0.094952394,0.53661243,1.3325299,0.069762226,0.09296025,0.95520836,1.4239718,0.013587419,0.019348101,0.24059139,1.335099,0.010020294,0.013378085,0.36275162,1.3948495,0.023703026,0.033062153,0.44406736,1.2942735,0.031495429,0.0407637,0.4866035,1.3796164,0.035846072,0.049453827,0.69018102,1.3008939,0.043904732,0.057115398
0b_baseline_last,file,19,baseline,2734,048.European_Goldfinch/European_Goldfinch_0014_794672.jpg,48,47,048.European_Goldfinch,191,190,color_jitter,color_jitter,0,"{""brightness"":0.995157,""contrast"":0.852607,""hue"":-0.047259,""saturation"":0.763313}",0.0004634975,0.00081827532,0.00035477782,0.99953663,0.99918205,5.1485647e-05,0.00020957767,0.99948515,0.99897247,-0.00051268006,0.77288425,1.8054508,0.071073104,0.12831899,False,0.97024405,True,True,True,0.77288425,1.8054508,0.071073104,0.12831899,0.76582031,1.8015295,0.069762226,0.12567871,0.95007904,1.9059152,0.013587419,0.025896468,0.53928364,1.8954207,0.010020294,0.018992672,0.62614297,2.245215,0.023703026,0.053218389,0.71254513,1.8798074,0.031495429,0.059205342,0.77514096,1.7557228,0.035846072,0.062935767,0.8722613,1.6323101,0.043904732,0.071666138
0b_baseline_last,file,19,baseline,2734,048.European_Goldfinch/European_Goldfinch_0014_794672.jpg,48,47,048.European_Goldfinch,191,190,rotation,rotation,0,"{""angle"":-3.084932}",0.0004634975,0.00048160876,1.8111255e-05,0.99953663,0.99951851,5.1485647e-05,0.00010210446,0.99948515,0.99941641,-6.8738624e-05,0.80630819,1.0573868,0.071073104,0.07515176,False,0.98612159,True,True,True,0.80630819,1.0573868,0.071073104,0.07515176,0.7996593,1.0569917,0.069762226,0.073738092,0.97985546,1.0677497,0.013587419,0.014507962,0.5758908,1.285578,0.010020294,0.012881869,0.66841623,1.2573234,0.023703026,0.029802369,0.75194965,1.1702432,0.031495429,0.036857313,0.82122349,1.0087388,0.035846072,0.036159324,0.89574657,0.94384822,0.043904732,0.041439404
0b_baseline_last,file,19,baseline,2734,048.European_Goldfinch/European_Goldfinch_0014_794672.jpg,48,47,048.European_Goldfinch,191,190,random_resized_crop,random_resized_crop,0,"{""area_fraction"":0.761399,""aspect"":1.031298,""fallback"":false,""height"":0.859239,""left"":0.001067,""top"":0.070402,""width"":0.886131}",0.0004634975,0.00035947061,-0.0001040269,0.99953663,0.99964058,5.1485647e-05,3.0913241e-05,0.99948515,0.99960967,0.00012452291,0.73200427,0.72286295,0.071073104,0.051376114,False,0.96576905,True,True,True,0.73200427,0.72286295,0.071073104,0.051376114,0.72243805,0.71910427,0.069762226,0.050166315,0.9598963,0.81572421,0.013587419,0.011083586,0.55898682,0.62193562,0.010020294,0.0062319777,0.59220624,0.75480767,0.023703026,0.017891226,0.676996,0.67635086,0.031495429,0.021301961,0.6961328,0.70066526,0.035846072,0.025116097,0.80745681,0.74613188,0.043904732,0.032758721
0b_baseline_last,file,19,baseline,2734,048.European_Goldfinch/European_Goldfinch_0014_794672.jpg,48,47,048.European_Goldfinch,191,190,gaussian_blur,gaussian_blur,0,"{""sigma"":1.407859}",0.0004634975,0.012375942,0.011912444,0.99953663,0.98770034,5.1485647e-05,0.0008026929,0.99948515,0.98689765,-0.012587498,0.29612531,37.738178,0.071073104,2.6821694,False,0.88682699,True,True,True,0.29612531,37.738178,0.071073104,2.6821694,0.28259308,38.151421,0.069762226,2.6615281,0.88201373,24.44292,0.013587419,0.33211618,0.23743707,62.833178,0.010020294,0.62960692,0.1548347,46.21817,0.023703026,1.0955105,0.11874977,49.721655,0.031495429,1.5660049,0.28825313,39.893362,0.035846072,1.4300203,0.60251406,22.66075,0.043904732,0.99491416
0b_baseline_last,file,19,baseline,2734,048.European_Goldfinch/European_Goldfinch_0014_794672.jpg,48,47,048.European_Goldfinch,191,190,random_erasing,random_erasing,0,"{""area_fraction"":0.175577,""erased"":true,""height"":0.381219,""left"":0.319149,""top"":0.242969,""width"":0.460566}",0.0004634975,2.1382496,2.1377861,0.99953663,0.11786096,5.1485647e-05,0.00033332725,0.99948515,0.11752763,-0.88195752,0.29187251,1793.8773,0.071073104,127.49643,False,0.70628667,False,True,False,0.29187251,1793.8773,0.071073104,127.49643,0.27733472,1795.512,0.069762226,125.25891,0.685113,1750.2352,0.013587419,23.781178,0.45396537,2310.1249,0.010020294,23.148131,0.2734859,2408.0132,0.023703026,57.077199,0.20373768,2023.5245,0.031495429,63.731773,0.22924636,1774.5922,0.035846072,63.612161,0.37616406,1401.8072,0.043904732,61.54597
0b_baseline_last,file,19,baseline,3949,068.Ruby_throated_Hummingbird/Ruby_Throated_Hummingbird_0055_57781.jpg,68,67,068.Ruby_throated_Hummingbird,69,68,identity,identity,0,{},0.10026309,0.10026309,0,0.90459937,0.90459937,0.057104226,0.057104226,0.84749514,0.84749514,0,1,1,14.370679,14.370679,False,0.99999988,True,True,True,1,1,14.370679,14.370679,1,1,13.927047,13.927047,1,1,3.543129,3.543129,1,1,2.9050221,2.9050221,1,1,5.9184011,5.9184011,1,1,7.3955409,7.3955409,1,1,6.4435528,6.4435528,1,1,7.3676741,7.3676741
0b_baseline_last,file,19,baseline,3949,068.Ruby_throated_Hummingbird/Ruby_Throated_Hummingbird_0055_57781.jpg,68,67,068.Ruby_throated_Hummingbird,69,68,horizontal_flip,horizontal_flip,0,"{""flipped"":true}",0.10026309,0.041835502,-0.058427587,0.90459937,0.95902753,0.057104226,0.029661514,0.84749514,0.92936601,0.081870873,0.67379134,0.45230245,14.370679,6.4998932,False,0.95220268,True,True,True,0.67379134,0.45230245,14.370679,6.4998932,0.65628449,0.45230479,13.927047,6.2992702,0.94430504,0.45226631,3.543129,1.6024379,0.51881884,0.53614236,2.9050221,1.5575054,0.55986968,0.46000924,5.9184011,2.7225192,0.72001894,0.44970664,7.3955409,3.3258239,0.62864131,0.44864665,6.4435528,2.8908784,0.70571321,0.43822693,7.3676741,3.2287132
0b_baseline_last,file,19,baseline,3949,068.Ruby_throated_Hummingbird/Ruby_Throated_Hummingbird_0055_57781.jpg,68,67,068.Ruby_throated_Hummingbird,69,68,color_jitter,color_jitter,0,"{""brightness"":1.063103,""contrast"":0.739581,""hue"":0.072666,""saturation"":0.966558}",0.10026309,0.18603799,0.085774899,0.90459937,0.83024204,0.057104226,0.077360988,0.84749514,0.75288105,-0.094614092,0.79256574,1.8424358,14.370679,26.477053,False,0.94341922,True,True,True,0.79256574,1.8424358,14.370679,26.477053,0.78416857,1.8482382,13.927047,25.740501,0.93066905,1.750343,3.543129,6.201691,0.58441657,1.506366,2.9050221,4.3760266,0.71331345,1.9102667,5.9184011,11.305725,0.84002813,1.8205181,7.3955409,13.463716,0.80269876,1.9359992,6.4435528,12.474713,0.78981966,1.8144674,7.3676741,13.368404
0b_baseline_last,file,19,baseline,3949,068.Ruby_throated_Hummingbird/Ruby_Throated_Hummingbird_0055_57781.jpg,68,67,068.Ruby_throated_Hummingbird,69,68,rotation,rotation,0,"{""angle"":-6.756088}",0.10026309,0.031715177,-0.068547912,0.90459937,0.96878248,0.057104226,0.022121266,0.84749514,0.94666122,0.099166077,0.83451033,0.34266397,14.370679,4.9243139,False,0.98099917,True,True,True,0.83451033,0.34266397,14.370679,4.9243139,0.82477991,0.34118333,13.927047,4.7516764,0.97687195,0.36477772,3.543129,1.2924545,0.80708522,0.34033726,2.9050221,0.98868726,0.79207218,0.30806032,5.9184011,1.8232245,0.84521184,0.33168948,7.3955409,2.4530231,0.80199783,0.36378649,6.4435528,2.3440775,0.84901664,0.35301705,7.3676741,2.6009146
0b_baseline_last,file,19,baseline,3949,068.Ruby_throated_Hummingbird/Ruby_Throated_Hummingbird_0055_57781.jpg,68,67,068.Ruby_throated_Hummingbird,69,68,random_resized_crop,random_resized_crop,0,"{""area_fraction"":0.503449,""aspect"":0.90861,""fallback"":false,""height"":0.74437,""left"":0.103326,""top"":0.056495,""width"":0.676342}",0.10026309,0.1458063,0.045543209,0.90459937,0.86432511,0.057104226,0.032975759,0.84749514,0.83134935,-0.016145796,0.6373097,1.4918135,14.370679,21.438373,False,0.95382971,True,True,True,0.6373097,1.4918135,14.370679,21.438373,0.62438128,1.5042675,13.927047,20.950004,0.87887654,1.2841344,3.543129,4.5498536,0.45851578,1.3462145,2.9050221,3.9107828,0.5567705,1.4841102,5.9184011,8.7835595,0.65378625,1.4238903,7.3955409,10.530439,0.59396621,1.6456626,6.4435528,10.603914,0.69140786,1.5060579,7.3676741,11.096144
0b_baseline_last,file,19,baseline,3949,068.Ruby_throated_Hummingbird/Ruby_Throated_Hummingbird_0055_57781.jpg,68,67,068.Ruby_throated_Hummingbird,69,68,gaussian_blur,gaussian_blur,0,"{""sigma"":1.032735}",0.10026309,0.19320448,0.092941388,0.90459937,0.8243134,0.057104226,0.067085758,0.84749514,0.75722764,-0.090267498,0.77133065,2.0069592,14.370679,28.841366,False,0.96987128,True,True,True,0.77133065,2.0069592,14.370679,28.841366,0.76272774,2.0220326,13.927047,28.160944,0.93141357,1.757716,3.543129,6.2278146,0.54574658,2.2995271,2.9050221,6.680177,0.63880364,2.0387934,5.9184011,12.066397,0.79761079,1.9436818,7.3955409,14.374578,0.77553698,2.0955857,6.4435528,13.503017,0.84145221,1.9848624,7.3676741,14.623819
0b_baseline_last,file,19,baseline,3949,068.Ruby_throated_Hummingbird/Ruby_Throated_Hummingbird_0055_57781.jpg,68,67,068.Ruby_throated_Hummingbird,69,68,random_erasing,random_erasing,0,"{""area_fraction"":0.177466,""erased"":true,""height"":0.504292,""left"":0.369822,""top"":0.464309,""width"":0.351912}",0.10026309,0.13035345,0.030090362,0.90459937,0.87778515,0.057104226,0.0098372586,0.84749514,0.86794789,0.020452745,0.67669923,1.3401619,14.370679,19.259036,False,0.95948094,True,True,True,0.67669923,1.3401619,14.370679,19.259036,0.66903143,1.3557069,13.927047,18.880994,0.84442448,1.0717014,3.543129,3.7971764,0.46718765,1.2986819,2.9050221,3.7726997,0.65665935,1.2559488,5.9184011,7.4332085,0.6876308,1.3143343,7.3955409,9.7202128,0.62869956,1.4852938,6.4435528,9.5705691,0.72571187,1.363562,7.3676741,10.046281
0b_baseline_last,file,19,baseline,8324,142.Black_Tern/Black_Tern_0082_144372.jpg,142,141,142.Black_Tern,30,29,identity,identity,0,{},1.9794782,1.9794782,0,0.1381413,0.1381413,0.52038395,0.52038395,-0.38224265,-0.38224265,0,1,1,163.75952,163.75952,False,1,True,False,False,1,1,163.75952,163.75952,1,1,161.39621,161.39621,1,1,27.720839,27.720839,1,1,52.686972,52.686972,1,1,76.348669,76.348669,1,1,83.743559,83.743559,1,1,73.378545,73.378545,1,1,71.037344,71.037344
0b_baseline_last,file,19,baseline,8324,142.Black_Tern/Black_Tern_0082_144372.jpg,142,141,142.Black_Tern,30,29,horizontal_flip,horizontal_flip,0,"{""flipped"":true}",1.9794782,1.7988211,-0.18065715,0.1381413,0.16549386,0.52038395,0.057441592,-0.38224265,0.10805227,0.49029492,0.44037634,0.89821798,163.75952,147.09174,False,0.92897636,False,False,False,0.44037634,0.89821798,163.75952,147.09174,0.43076499,0.89831441,161.39621,144.98454,0.76741218,0.89494292,27.720839,24.808568,0.67083661,1.0549956,52.686972,55.584523,0.5227301,0.96623858,76.348669,73.771029,0.20316622,0.77073164,83.743559,64.54381,0.37403674,0.90213456,73.378545,66.197322,0.50591983,0.88369266,71.037344,62.775179
0b_baseline_last,file,19,baseline,8324,142.Black_Tern/Black_Tern_0082_144372.jpg,142,141,142.Black_Tern,30,29,color_jitter,color_jitter,0,"{""brightness"":0.747842,""contrast"":1.047949,""hue"":-0.089632,""saturation"":0.978746}",1.9794782,3.5224214,1.5429431,0.1381413,0.02952786,0.52038395,0.07870426,-0.38224265,-0.049176401,0.33306625,0.50301597,0.76889353,163.75952,125.91363,False,0.83983839,False,False,False,0.50301597,0.76889353,163.75952,125.91363,0.49463751,0.76054074,161.39621,122.74839,0.73632177,1.0120502,27.720839,28.05488,0.74909019,0.87799413,52.686972,46.258853,0.47447496,0.66583425,76.348669,50.835559,0.37250763,0.67244005,83.743559,56.312523,0.5069938,0.77173828,73.378545,56.629033,0.50717185,0.88641985,71.037344,62.968912
0b_baseline_last,file,19,baseline,8324,142.Black_Tern/Black_Tern_0082_144372.jpg,142,141,142.Black_Tern,30,29,rotation,rotation,0,"{""angle"":13.823643}",1.9794782,0.81495708,-1.1645212,0.1381413,0.44265831,0.52038395,0.08193931,-0.38224265,0.360719,0.74296165,0.51339706,0.63544389,163.75952,104.05999,False,0.92614233,False,False,True,0.51339706,0.63544389,163.75952,104.05999,0.50449892,0.6359793,161.39621,102.64465,0.82452314,0.61701979,27.720839,17.104306,0.67066828,0.77737214,52.686972,40.957384,0.63019242,0.68387793,76.348669,52.21317,0.30124004,0.54357553,83.743559,45.520949,0.44193133,0.6201142,73.378545,45.503078,0.55999417,0.62789464,71.037344,44.603967
0b_baseline_last,file,19,baseline,8324,142.Black_Tern/Black_Tern_0082_144372.jpg,142,141,142.Black_Tern,30,29,random_resized_crop,random_resized_crop,0,"{""area_fraction"":0.712307,""aspect"":0.921615,""fallback"":false,""height"":0.879142,""left"":0.153929,""top"":0.079526,""width"":0.81023}",1.9794782,1.7507427,-0.22873557,0.1381413,0.17364493,0.52038395,0.060252655,-0.38224265,0.11339227,0.49563492,0.45733984,0.92804282,163.75952,151.97585,False,0.91289353,False,False,False,0.45733984,0.92804282,163.75952,151.97585,0.44866895,0.92953314,161.39621,150.02312,0.7700008,0.87602562,27.720839,24.284165,0.61844935,0.88846732,52.686972,46.810653,0.52883721,1.052185,76.348669,80.332928,0.27843483,0.85143184,83.743559,71.301932,0.38967717,0.90599016,73.378545,66.48024,0.5397502,0.92938018,71.037344,66.020699
0b_baseline_last,file,19,baseline,8324,142.Black_Tern/Black_Tern_0082_144372.jpg,142,141,142.Black_Tern,30,29,gaussian_blur,gaussian_blur,0,"{""sigma"":1.379313}",1.9794782,2.8524132,0.87293494,0.1381413,0.057704907,0.52038395,0.0039694095,-0.38224265,0.053735497,0.43597815,0.55225655,1.1847249,163.75952,194.00998,False,0.77532029,False,False,False,0.55225655,1.1847249,163.75952,194.00998,0.55134609,1.1891437,161.39621,191.92328,0.5941595,1.0237167,27.720839,28.378287,0.83214473,1.2293655,52.686972,64.771549,0.69838619,1.2845742,76.348669,98.075527,0.53693513,1.0871644,83.743559,91.043018,0.39110694,1.2212404,73.378545,89.612847,0.40300734,1.1523541,71.037344,81.860173
0b_baseline_last,file,19,baseline,8324,142.Black_Tern/Black_Tern_0082_144372.jpg,142,141,142.Black_Tern,30,29,random_erasing,random_erasing,0,"{""area_fraction"":0.115111,""erased"":true,""height"":0.393405,""left"":0.352204,""top"":0.095975,""width"":0.292601}",1.9794782,4.1787953,2.1993171,0.1381413,0.015316947,0.52038395,0.7270667,-0.38224265,-0.71174975,-0.3295071,0.82032391,1.0643363,163.75952,174.2952,False,0.95379239,True,False,False,0.82032391,1.0643363,163.75952,174.2952,0.81622132,1.05869,161.39621,170.86854,0.94898838,1.2406274,27.720839,34.391232,0.87429313,1.0146399,52.686972,53.458302,0.83056619,0.95678309,76.348669,73.049115,0.84409764,1.0842149,83.743559,90.796016,0.7673755,1.0239471,73.378545,75.135752,0.79545647,1.1872263,71.037344,84.337405
0b_baseline_last,file,19,baseline,8209,140.Summer_Tanager/Summer_Tanager_0058_139427.jpg,140,139,140.Summer_Tanager,139,138,identity,identity,0,{},0.0013761583,0.0013761583,0,0.9986248,0.9986248,0.00093481177,0.00093481177,0.99768999,0.99768999,0,1,1,0.18787529,0.18787529,False,1,True,True,True,1,1,0.18787529,0.18787529,1,1,0.18155614,0.18155614,1,1,0.048316575,0.048316575,1,1,0.036229513,0.036229513,1,1,0.078247095,0.078247095,1,1,0.083617276,0.083617276,1,1,0.086420687,0.086420687,1,1,0.10520011,0.10520011
0b_baseline_last,file,19,baseline,8209,140.Summer_Tanager/Summer_Tanager_0058_139427.jpg,140,139,140.Summer_Tanager,139,138,horizontal_flip,horizontal_flip,0,"{""flipped"":true}",0.0013761583,0.0014098476,3.3689314e-05,0.9986248,0.99859113,0.00093481177,0.00069687731,0.99768999,0.99789425,0.00020425784,0.71826409,0.99407789,0.18787529,0.18676267,False,0.98563266,True,True,True,0.71826409,0.99407789,0.18787529,0.18676267,0.7013284,0.99813013,0.18155614,0.18121665,0.97498103,0.93498815,0.048316575,0.045175425,0.75608737,1.0067209,0.036229513,0.036473009,0.68298796,1.0035664,0.078247095,0.078526153,0.61193119,0.99479208,0.083617276,0.083181804,0.62417065,1.0113263,0.086420687,0.087399515,0.81537414,0.98717215,0.10520011,0.10385062
0b_baseline_last,file,19,baseline,8209,140.Summer_Tanager/Summer_Tanager_0058_139427.jpg,140,139,140.Summer_Tanager,139,138,color_jitter,color_jitter,0,"{""brightness"":1.156802,""contrast"":0.997757,""hue"":-0.035248,""saturation"":1.130596}",0.0013761583,0.0039930386,0.0026168802,0.9986248,0.99601495,0.00093481177,0.0027839064,0.99768999,0.99323105,-0.0044589436,0.88497709,3.3029396,0.18787529,0.62054072,False,0.99096483,True,True,True,0.88497709,3.3029396,0.18787529,0.62054072,0.8795178,3.3364352,0.18155614,0.6057503,0.99078473,2.7873468,0.048316575,0.13467505,0.80546769,3.1398718,0.036229513,0.11375603,0.85521654,3.531844,0.078247095,0.27635653,0.87631129,3.6289424,0.083617276,0.30344227,0.86394227,3.4126419,0.086420687,0.29492286,0.92832476,2.9842935,0.10520011,0.313948
0b_baseline_last,file,19,baseline,8209,140.Summer_Tanager/Summer_Tanager_0058_139427.jpg,140,139,140.Summer_Tanager,139,138,rotation,rotation,0,"{""angle"":10.831409}",0.0013761583,0.0011478033,-0.00022835506,0.9986248,0.99885285,0.00093481177,0.00077983597,0.99768999,0.99807301,0.00038302317,0.84337878,0.88045514,0.18787529,0.16541576,False,0.98465163,True,True,True,0.84337878,0.88045514,0.18787529,0.16541576,0.83353045,0.88058311,0.18155614,0.15987527,0.98274408,0.87864614,0.048316575,0.042453172,0.75149076,1.0441802,0.036229513,0.037830141,0.85854631,0.96920737,0.078247095,0.075837661,0.81603278,0.85308297,0.083617276,0.071332474,0.79446517,0.87305531,0.086420687,0.07545004,0.87490658,0.82850187,0.10520011,0.087158487
0b_baseline_last,file,19,baseline,8209,140.Summer_Tanager/Summer_Tanager_0058_139427.jpg,140,139,140.Summer_Tanager,139,138,random_resized_crop,random_resized_crop,0,"{""area_fraction"":0.745387,""aspect"":1.278505,""fallback"":false,""height"":0.763554,""left"":0.005137,""top"":0.012431,""width"":0.976207}",0.0013761583,0.0014091334,3.2975106e-05,0.9986248,0.99859184,0.00093481177,0.00081857928,0.99768999,0.99777326,8.3271123e-05,0.82884638,0.99446348,0.18787529,0.18683511,False,0.9805274,True,True,True,0.82884638,0.99446348,0.18787529,0.18683511,0.81830066,0.99438782,0.18155614,0.18053722,0.97757978,0.99553124,0.048316575,0.04810066,0.8324243,1.0013108,0.036229513,0.036277004,0.8462432,1.0513825,0.078247095,0.082267628,0.78267329,0.90794138,0.083617276,0.075919585,0.75833415,0.98596554,0.086420687,0.085207819,0.86282075,1.0187313,0.10520011,0.10717064
0b_baseline_last,file,19,baseline,8209,140.Summer_Tanager/Summer_Tanager_0058_139427.jpg,140,139,140.Summer_Tanager,139,138,gaussian_blur,gaussian_blur,0,"{""sigma"":1.044195}",0.0013761583,0.0027668311,0.0013906728,0.9986248,0.99723697,0.00093481177,0.0012653314,0.99768999,0.99597164,-0.0017183542,0.84914805,1.8510687,0.18787529,0.34777006,False,0.99095511,True,True,True,0.84914805,1.8510687,0.18787529,0.34777006,0.84102757,1.8599931,0.18155614,0.33769318,0.97556789,1.7201215,0.048316575,0.083110377,0.74894887,1.7620298,0.036229513,0.06383748,0.83199512,1.9498173,0.078247095,0.15256754,0.78681047,1.8742408,0.083617276,0.15671891,0.81394502,1.8095766,0.086420687,0.15638485,0.91040426,1.8448778,0.10520011,0.19408134
0b_baseline_last,file,19,baseline,8209,140.Summer_Tanager/Summer_Tanager_0058_139427.jpg,140,139,140.Summer_Tanager,139,138,random_erasing,random_erasing,0,"{""area_fraction"":0.071879,""erased"":true,""height"":0.248827,""left"":0.11625,""top"":0.659231,""width"":0.288872}",0.0013761583,0.0014618674,8.5709034e-05,0.9986248,0.99853921,0.00093481177,0.001036985,0.99768999,0.99750222,-0.00018776546,0.97680064,1.0652514,0.18787529,0.20013442,False,0.99681276,True,True,True,0.97680064,1.0652514,0.18787529,0.20013442,0.97538695,1.0634495,0.18155614,0.19307579,0.99655339,1.0903765,0.048316575,0.052683256,0.98791315,1.0839551,0.036229513,0.039271164,0.98350941,1.0810009,0.078247095,0.084585178,0.97523159,1.0296533,0.083617276,0.086096803,0.96441715,1.0605069,0.086420687,0.091649731,0.97722196,1.0741456,0.10520011,0.11300023
0b_baseline_last,file,19,baseline,11708,199.Winter_Wren/Winter_Wren_0051_189990.jpg,199,198,199.Winter_Wren,11,10,identity,identity,0,{},4.3195186,4.3195186,0,0.013306287,0.013306287,0.22677484,0.22677484,-0.21346855,-0.21346855,0,1,1,129.05596,129.05596,False,0.99999988,True,False,False,1,1,129.05596,129.05596,1,1,126.03539,126.03539,1,1,27.758282,27.758282,1,1,27.303731,27.303731,1,1,49.507274,49.507274,1,1,68.518225,68.518225,1,1,61.938058,61.938058,1,1,64.477789,64.477789
0b_baseline_last,file,19,baseline,11708,199.Winter_Wren/Winter_Wren_0051_189990.jpg,199,198,199.Winter_Wren,11,10,horizontal_flip,horizontal_flip,0,"{""flipped"":true}",4.3195186,4.2469468,-0.072571754,0.013306287,0.014307853,0.22677484,0.22387967,-0.21346855,-0.20957181,0.0038967421,0.60607903,1.0951594,129.05596,141.33685,False,0.94666803,True,False,False,0.60607903,1.0951594,129.05596,141.33685,0.59228441,1.1016285,126.03539,138.84418,0.94135013,0.95204896,27.758282,26.427244,0.5417854,1.1456675,27.303731,31.280997,0.48465392,1.3613684,49.507274,67.397637,0.6187195,1.1148871,68.518225,76.390087,0.55623339,0.99159443,61.938058,61.417433,0.70553176,0.99901704,64.477789,64.41441
0b_baseline_last,file,19,baseline,11708,199.Winter_Wren/Winter_Wren_0051_189990.jpg,199,198,199.Winter_Wren,11,10,color_jitter,color_jitter,0,"{""brightness"":0.954295,""contrast"":0.876032,""hue"":-0.037438,""saturation"":1.060713}",4.3195186,4.3051038,-0.014414787,0.013306287,0.013499484,0.22677484,0.23568529,-0.21346855,-0.2221858,-0.0087172501,0.79159298,0.99660078,129.05596,128.61727,False,0.94292676,False,False,False,0.79159298,0.99660078,129.05596,128.61727,0.78478363,0.99715392,126.03539,125.67668,0.9337423,0.98512824,27.758282,27.345468,0.77446186,0.9612786,27.303731,26.246493,0.73190201,1.0558591,49.507274,52.272705,0.80499501,0.96963009,68.518225,66.437333,0.77147833,0.95159049,61.938058,58.939667,0.81069077,1.0387136,64.477789,66.973957
0b_baseline_last,file,19,baseline,11708,199.Winter_Wren/Winter_Wren_0051_189990.jpg,199,198,199.Winter_Wren,11,10,rotation,rotation,0,"{""angle"":-13.473958}",4.3195186,3.429934,-0.88958454,0.013306287,0.032389075,0.22677484,0.089352801,-0.21346855,-0.056963727,0.15650483,0.68693239,1.1528807,129.05596,148.78613,False,0.93933821,False,False,False,0.68693239,1.1528807,129.05596,148.78613,0.67712422,1.1588291,126.03539,146.05347,0.92123959,1.0225686,27.758282,28.384749,0.72917736,1.2657644,27.303731,34.560092,0.64280229,1.2825512,49.507274,63.495613,0.68933226,1.1590991,68.518225,79.419412,0.64020305,1.1462665,61.938058,70.997522,0.71714155,1.069735,64.477789,68.97415
0b_baseline_last,file,19,baseline,11708,199.Winter_Wren/Winter_Wren_0051_189990.jpg,199,198,199.Winter_Wren,11,10,random_resized_crop,random_resized_crop,0,"{""area_fraction"":0.870972,""aspect"":0.871993,""fallback"":false,""height"":0.999414,""left"":0.02819,""top"":0.000371,""width"":0.871483}",4.3195186,4.2715349,-0.047983646,0.013306287,0.013960336,0.22677484,0.38969326,-0.21346855,-0.37573292,-0.16226437,0.73187002,1.0899399,129.05596,140.66324,False,0.9702456,True,False,False,0.73187002,1.0899399,129.05596,140.66324,0.72284275,1.0956693,126.03539,138.09311,0.94906978,0.96426665,27.758282,26.766386,0.67382285,1.1099934,27.303731,30.306962,0.67686585,1.2337391,49.507274,61.07906,0.74541642,1.1665424,68.518225,79.929417,0.68287039,1.0423232,61.938058,64.559473,0.78930993,0.96405804,64.477789,62.160331
0b_baseline_last,file,19,baseline,11708,199.Winter_Wren/Winter_Wren_0051_189990.jpg,199,198,199.Winter_Wren,11,10,gaussian_blur,gaussian_blur,0,"{""sigma"":1.902126}",4.3195186,6.6491957,2.3296771,0.013306287,0.0012950638,0.22677484,0.029137334,-0.21346855,-0.02784227,0.18562628,0.33870599,0.78966265,129.05596,101.91067,False,0.76194638,False,False,False,0.33870599,0.78966265,129.05596,101.91067,0.321139,0.79198205,126.03539,99.817766,0.72692372,0.74022877,27.758282,20.547479,0.2514353,0.68139669,27.303731,18.604672,0.12127393,0.91986875,49.507274,45.540194,0.3221228,0.75639168,68.518225,51.826615,0.35363146,0.77125452,61.938058,47.770007,0.44274377,0.78709415,64.477789,50.750091
0b_baseline_last,file,19,baseline,11708,199.Winter_Wren/Winter_Wren_0051_189990.jpg,199,198,199.Winter_Wren,11,10,random_erasing,random_erasing,0,"{""area_fraction"":0.149216,""erased"":true,""height"":0.304911,""left"":0.156512,""top"":0.216249,""width"":0.489375}",4.3195186,6.0299106,1.710392,0.013306287,0.0024057091,0.22677484,0.001874445,-0.21346855,0.00053126412,0.21399982,0.50640284,0.91043888,129.05596,117.49757,False,0.86494207,False,False,False,0.50640284,0.91043888,129.05596,117.49757,0.48997883,0.9063922,126.03539,114.23749,0.81822421,0.99018638,27.758282,27.485873,0.43361499,0.56266779,27.303731,15.36293,0.50738047,0.85922267,49.507274,42.537772,0.42695196,0.84801406,68.518225,58.104418,0.45932654,0.95821071,61.938058,59.349711,0.58475225,0.99382641,64.477789,64.079729
0b_baseline_last,file,19,baseline,515,010.Red_winged_Blackbird/Red_Winged_Blackbird_0046_4242.jpg,10,9,010.Red_winged_Blackbird,109,108,identity,identity,0,{},0.016154937,0.016154937,0,0.98397487,0.98397487,0.0024422151,0.0024422151,0.98153266,0.98153266,0,1,1,1.8220948,1.8220948,False,0.99999994,True,True,True,1,1,1.8220948,1.8220948,1,1,1.7778524,1.7778524,1,1,0.39908686,0.39908686,1,1,0.50337841,0.50337841,1,1,0.68529862,0.68529862,1,1,0.77681334,0.77681334,1,1,0.84997394,0.84997394,1,1,1.0544384,1.0544384
0b_baseline_last,file,19,baseline,515,010.Red_winged_Blackbird/Red_Winged_Blackbird_0046_4242.jpg,10,9,010.Red_winged_Blackbird,109,108,horizontal_flip,horizontal_flip,0,"{""flipped"":true}",0.016154937,0.0084542474,-0.0077006901,0.98397487,0.99158138,0.0024422151,0.00072513579,0.98153266,0.99085624,0.0093235857,0.56946037,0.54456774,1.8220948,0.99225404,False,0.97692555,True,True,True,0.56946037,0.54456774,1.8220948,0.99225404,0.54884537,0.54406223,1.7778524,0.96726234,0.97096393,0.55450434,0.39908686,0.22129539,0.13327685,0.41961341,0.50337841,0.21122433,0.51483894,0.57766258,0.68529862,0.39587137,0.51666457,0.60390577,0.77681334,0.46912206,0.49436267,0.54711005,0.84997394,0.46502928,0.70592035,0.51765728,1.0544384,0.54583773
0b_baseline_last,file,19,baseline,515,010.Red_winged_Blackbird/Red_Winged_Blackbird_0046_4242.jpg,10,9,010.Red_winged_Blackbird,109,108,color_jitter,color_jitter,0,"{""brightness"":0.697069,""contrast"":0.759818,""hue"":0.043924,""saturation"":0.785219}",0.016154937,1.609273,1.593118,0.98397487,0.20003301,0.0024422151,0.025953032,0.98153266,0.17407998,-0.80745268,0.65892195,64.006658,1.8220948,116.6262,False,0.85892189,True,True,True,0.65892195,64.006658,1.8220948,116.6262,0.65325511,64.739007,1.7778524,115.0964,0.84530693,47.17742,0.39908686,18.827888,0.73471094,81.187205,0.50337841,40.867886,0.59128741,78.268499,0.68529862,53.637294,0.67224909,73.598549,0.77681334,57.172334,0.67201744,65.6037,0.84997394,55.761435,0.69112128,45.699569,1.0544384,48.187382
0b_baseline_last,file,19,baseline,515,010.Red_winged_Blackbird/Red_Winged_Blackbird_0046_4242.jpg,10,9,010.Red_winged_Blackbird,109,108,rotation,rotation,0,"{""angle"":9.513422}",0.016154937,0.0059643383,-0.010190599,0.98397487,0.99405342,0.0024422151,0.00039352107,0.98153266,0.9936599,0.012127243,0.60504558,0.36945171,1.8220948,0.67317603,False,0.95497584,True,True,True,0.60504558,0.36945171,1.8220948,0.67317603,0.58646915,0.36783614,1.7778524,0.65395835,0.94595169,0.4001663,0.39908686,0.15970111,0.41486405,0.21198635,0.50337841,0.10670935,0.43373917,0.30863573,0.68529862,0.21150764,0.51582831,0.37440105,0.77681334,0.29083973,0.54299903,0.3889378,0.84997394,0.330587,0.73705544,0.39974042,1.0544384,0.42150166
0b_baseline_last,file,19,baseline,515,010.Red_winged_Blackbird/Red_Winged_Blackbird_0046_4242.jpg,10,9,010.Red_winged_Blackbird,109,108,random_resized_crop,random_resized_crop,0,"{""area_fraction"":0.848832,""aspect"":0.882818,""fallback"":false,""height"":0.980563,""left"":0.089876,""top"":0.010859,""width"":0.865658}",0.016154937,0.033759646,0.017604709,0.98397487,0.96680385,0.0024422151,0.0043622917,0.98153266,0.96244156,-0.019091102,0.79994005,2.0962652,1.8220948,3.8195939,False,0.98546541,True,True,True,0.79994005,2.0962652,1.8220948,3.8195939,0.79133206,2.1021299,1.7778524,3.7372766,0.98310153,1.976283,0.39908686,0.78870859,0.86609388,2.2753466,0.50337841,1.1453603,0.75850336,2.1929197,0.68529862,1.5028048,0.74801875,2.0542494,0.77681334,1.5957684,0.75719211,2.1584736,0.84997394,1.8346464,0.83715793,2.0083467,1.0544384,2.1176779
0b_baseline_last,file,19,baseline,515,010.Red_winged_Blackbird/Red_Winged_Blackbird_0046_4242.jpg,10,9,010.Red_winged_Blackbird,109,108,gaussian_blur,gaussian_blur,0,"{""sigma"":1.475936}",0.016154937,0.12445931,0.10830437,0.98397487,0.88297421,0.0024422151,0.0047287447,0.98153266,0.87824546,-0.1032872,0.56931258,9.4143607,1.8220948,17.153857,False,0.922364,True,True,True,0.56931258,9.4143607,1.8220948,17.153857,0.55818901,9.5275603,1.7778524,16.938596,0.91100933,6.7880505,0.39908686,2.7090217,0.74058657,8.5884595,0.50337841,4.3232451,0.49291613,11.283185,0.68529862,7.7323512,0.4501981,11.159188,0.77681334,8.6686063,0.50937931,9.6785467,0.84997394,8.2265125,0.70158993,7.6821701,1.0544384,8.1003754
0b_baseline_last,file,19,baseline,515,010.Red_winged_Blackbird/Red_Winged_Blackbird_0046_4242.jpg,10,9,010.Red_winged_Blackbird,109,108,random_erasing,random_erasing,0,"{""area_fraction"":0.184621,""erased"":true,""height"":0.27494,""left"":0.022839,""top"":0.346072,""width"":0.671495}",0.016154937,0.16155002,0.14539508,0.98397487,0.850824,0.0024422151,0.024954524,0.98153266,0.82586947,-0.15566318,0.64647221,9.4778467,1.8220948,17.269535,False,0.91093701,True,True,True,0.64647221,9.4778467,1.8220948,17.269535,0.63360185,9.4901888,1.7778524,16.872155,0.90934091,9.2295,0.39908686,3.6833722,0.80110747,8.4316201,0.50337841,4.2442955,0.59512256,10.579509,0.68529862,7.2501227,0.46672957,9.0581894,0.77681334,7.0365224,0.60597775,10.088403,0.84997394,8.5748794,0.73244078,9.0493824,1.0544384,9.5420165
0b_baseline_last,file,19,baseline,3542,061.Heermann_Gull/Heermann_Gull_0079_45468.jpg,61,60,061.Heermann_Gull,26,25,identity,identity,0,{},0.031882968,0.031882968,0,0.96861994,0.96861994,0.0051347902,0.0051347902,0.96348515,0.96348515,0,1,1,5.2244345,5.2244345,False,1.0000001,True,True,True,1,1,5.2244345,5.2244345,1,1,5.1319527,5.1319527,1,1,0.97866087,0.97866087,1,1,1.2057886,1.2057886,1,1,2.3526142,2.3526142,1,1,2.6251942,2.6251942,1,1,2.5086397,2.5086397,1,1,2.4825997,2.4825997
0b_baseline_last,file,19,baseline,3542,061.Heermann_Gull/Heermann_Gull_0079_45468.jpg,61,60,061.Heermann_Gull,26,25,horizontal_flip,horizontal_flip,0,"{""flipped"":true}",0.031882968,0.017469816,-0.014413152,0.96861994,0.98268187,0.0051347902,0.0022017444,0.96348515,0.98048013,0.016994974,0.65672063,0.49871262,5.2244345,2.6054914,False,0.96637201,True,True,True,0.65672063,0.49871262,5.2244345,2.6054914,0.64405415,0.49564497,5.1319527,2.5436266,0.96330592,0.57670823,0.97866087,0.56440177,0.674626,0.66126918,1.2057886,0.79735082,0.38126043,0.38788975,2.3526142,0.91255492,0.6854806,0.49160601,2.6251942,1.2905612,0.67925143,0.4992934,2.5086397,1.2525472,0.75252998,0.53545434,2.4825997,1.3293187
0b_baseline_last,file,19,baseline,3542,061.Heermann_Gull/Heermann_Gull_0079_45468.jpg,61,60,061.Heermann_Gull,26,25,color_jitter,color_jitter,0,"{""brightness"":0.901015,""contrast"":1.008505,""hue"":0.021131,""saturation"":0.764685}",0.031882968,0.030725766,-0.0011572018,0.96861994,0.96974146,0.0051347902,0.002741327,0.96348515,0.96700014,0.0035149842,0.91630996,1.0180057,5.2244345,5.3185039,False,0.99309844,True,True,True,0.91630996,1.0180057,5.2244345,5.3185039,0.91378452,1.0184467,5.1319527,5.2266202,0.98669646,1.0058033,0.97866087,0.9843403,0.92828293,1.0188957,1.2057886,1.2285728,0.90184277,1.097618,2.3526142,2.5822716,0.91111905,1.0298072,2.6251942,2.703444,0.91550034,0.98770253,2.5086397,2.4777898,0.9284859,0.9610043,2.4825997,2.3857889
0b_baseline_last,file,19,baseline,3542,061.Heermann_Gull/Heermann_Gull_0079_45468.jpg,61,60,061.Heermann_Gull,26,25,rotation,rotation,0,"{""angle"":-4.230178}",0.031882968,0.036731724,0.0048487559,0.96861994,0.96393472,0.0051347902,0.0035057999,0.96348515,0.96042892,-0.0030562328,0.8463954,1.2282757,5.2244345,6.4170457,False,0.9731673,True,True,True,0.8463954,1.2282757,5.2244345,6.4170457,0.84186536,1.2261493,5.1319527,6.2925404,0.96613052,1.2853677,0.97866087,1.2579391,0.82959632,1.4653281,1.2057886,1.7668758,0.8384865,1.1077129,2.3526142,2.6060212,0.8567993,1.2587216,2.6251942,3.3043887,0.8280177,1.2347038,2.5086397,3.0974269,0.85288851,1.2197588,2.4825997,3.0281727
0b_baseline_last,file,19,baseline,3542,061.Heermann_Gull/Heermann_Gull_0079_45468.jpg,61,60,061.Heermann_Gull,26,25,random_resized_crop,random_resized_crop,0,"{""area_fraction"":0.815719,""aspect"":1.156602,""fallback"":false,""height"":0.839805,""left"":0.00972,""top"":0.061139,""width"":0.97132}",0.031882968,0.021459414,-0.010423554,0.96861994,0.97876918,0.0051347902,0.0017469067,0.96348515,0.97702228,0.013537124,0.75851722,0.64830362,5.2244345,3.3870198,False,0.96982825,True,True,True,0.75851722,0.64830362,5.2244345,3.3870198,0.75084835,0.6469282,5.1319527,3.3200049,0.95885963,0.6850438,0.97866087,0.67042556,0.67829703,0.6569756,1.2057886,0.79217367,0.73607744,0.68347143,2.3526142,1.6079446,0.77306109,0.60471184,2.6251942,1.587486,0.73111595,0.63695995,2.5086397,1.597903,0.78126608,0.66627191,2.4825997,1.6540864
0b_baseline_last,file,19,baseline,3542,061.Heermann_Gull/Heermann_Gull_0079_45468.jpg,61,60,061.Heermann_Gull,26,25,gaussian_blur,gaussian_blur,0,"{""sigma"":1.797587}",0.031882968,0.26689565,0.23501268,0.96861994,0.76575297,0.0051347902,0.0069349781,0.96348515,0.75881799,-0.20466716,0.51900032,7.1195461,5.2244345,37.195602,False,0.89228368,True,True,True,0.51900032,7.1195461,5.2244345,37.195602,0.50603408,7.1055472,5.1319527,36.465332,0.85776202,7.4942491,0.97866087,7.3343283,0.29361277,6.1477288,1.2057886,7.4128612,0.4783764,5.7827111,2.3526142,13.604488,0.50538557,7.112517,2.6251942,18.671738,0.48437184,8.0659912,2.5086397,20.234666,0.60614703,7.3351437,2.4825997,18.210225
0b_baseline_last,file,19,baseline,3542,061.Heermann_Gull/Heermann_Gull_0079_45468.jpg,61,60,061.Heermann_Gull,26,25,random_erasing,random_erasing,0,"{""area_fraction"":0.089768,""erased"":true,""height"":0.465451,""left"":0.213843,""top"":0.196349,""width"":0.192862}",0.031882968,0.042235676,0.010352708,0.96861994,0.95864385,0.0051347902,0.0088347131,0.96348515,0.94980914,-0.013676012,0.82186068,1.2197209,5.2244345,6.372352,False,0.96115887,True,True,True,0.82186068,1.2197209,5.2244345,6.372352,0.8167246,1.2162137,5.1319527,6.2415512,0.95502822,1.3124954,0.97866087,1.2844879,0.76268897,0.98798687,1.2057886,1.1913033,0.8382212,1.1408255,2.3526142,2.6839224,0.8234041,1.1553571,2.6251942,3.0330369,0.79207151,1.233522,2.5086397,3.0944622,0.83732653,1.3694912,2.4825997,3.3998985
0b_baseline_last,file,19,baseline,11652,198.Rock_Wren/Rock_Wren_0063_189121.jpg,198,197,198.Rock_Wren,104,103,identity,identity,0,{},0.081113949,0.081113949,0,0.92208862,0.92208862,0.042639852,0.042639852,0.87944877,0.87944877,0,1,1,15.705873,15.705873,False,1,True,True,True,1,1,15.705873,15.705873,1,1,15.484444,15.484444,1,1,2.6280118,2.6280118,1,1,3.6619962,3.6619962,1,1,7.9663541,7.9663541,1,1,8.8531297,8.8531297,1,1,6.7294216,6.7294216,1,1,6.2635423,6.2635423
0b_baseline_last,file,19,baseline,11652,198.Rock_Wren/Rock_Wren_0063_189121.jpg,198,197,198.Rock_Wren,104,103,horizontal_flip,horizontal_flip,0,"{""flipped"":true}",0.081113949,0.025649527,-0.055464422,0.92208862,0.97467661,0.042639852,0.0043585137,0.87944877,0.9703181,0.090869324,0.44016601,0.28748331,15.705873,4.5151764,False,0.96867895,True,True,True,0.44016601,0.28748331,15.705873,4.5151764,0.42655672,0.28372856,15.484444,4.3933789,0.80221377,0.39636507,2.6280118,1.0416521,0.35100415,0.20619432,3.6619962,0.7550828,0.45622104,0.27141096,7.9663541,2.1621558,0.34153997,0.27090571,8.8531297,2.3983633,0.43795414,0.29828874,6.7294216,2.0073107,0.5421739,0.33011225,6.2635423,2.067672
0b_baseline_last,file,19,baseline,11652,198.Rock_Wren/Rock_Wren_0063_189121.jpg,198,197,198.Rock_Wren,104,103,color_jitter,color_jitter,0,"{""brightness"":1.38571,""contrast"":1.221433,""hue"":-0.075618,""saturation"":1.001625}",0.081113949,3.8872657,3.8061517,0.92208862,0.020501329,0.042639852,0.01535332,0.87944877,0.0051480085,-0.87430076,0.33477813,8.9522859,15.705873,140.60346,False,0.7246626,False,True,False,0.33477813,8.9522859,15.705873,140.60346,0.32609562,8.92193,15.484444,138.15112,0.60701759,9.9488806,2.6280118,26.145776,0.15122245,10.09312,3.6619962,36.960967,0.34063853,7.3040442,7.9663541,58.186602,0.34884287,8.4819347,8.8531297,75.091668,0.32366483,10.124182,6.7294216,68.12989,0.34834603,10.16471,6.2635423,63.667089
0b_baseline_last,file,19,baseline,11652,198.Rock_Wren/Rock_Wren_0063_189121.jpg,198,197,198.Rock_Wren,104,103,rotation,rotation,0,"{""angle"":-0.004473}",0.081113949,0.09681122,0.015697271,0.92208862,0.90772736,0.042639852,0.050711088,0.87944877,0.85701627,-0.022432499,0.99152183,1.1676967,15.705873,18.339696,False,0.9998467,True,True,True,0.99152183,1.1676967,15.705873,18.339696,0.99128123,1.167485,15.484444,18.077856,0.9998409,1.1750223,2.6280118,3.0879724,0.98950544,1.1911826,3.6619962,4.3621061,0.99183186,1.1673573,7.9663541,9.2995814,0.99054615,1.166577,8.8531297,10.327858,0.99117013,1.1668551,6.7294216,7.8522597,0.99269345,1.1620367,6.2635423,7.2784662
0b_baseline_last,file,19,baseline,11652,198.Rock_Wren/Rock_Wren_0063_189121.jpg,198,197,198.Rock_Wren,104,103,random_resized_crop,random_resized_crop,0,"{""area_fraction"":0.604187,""aspect"":0.757093,""fallback"":false,""height"":0.893328,""left"":0.29539,""top"":0.080307,""width"":0.676332}",0.081113949,1.6404316,1.5593177,0.92208862,0.19389631,0.042639852,0.074539177,0.87944877,0.11935713,-0.76009164,0.59277758,11.178459,15.705873,175.56745,False,0.90419579,False,True,False,0.59277758,11.178459,15.705873,175.56745,0.58931783,11.201303,15.484444,173.44595,0.72450157,10.354163,2.6280118,27.210861,0.75610813,11.793044,3.6619962,43.186082,0.70537008,11.942168,7.9663541,95.135542,0.58654115,11.298671,8.8531297,100.0286,0.48235636,10.817509,6.7294216,72.79558,0.44404429,9.9226913,6.2635423,62.151196
0b_baseline_last,file,19,baseline,11652,198.Rock_Wren/Rock_Wren_0063_189121.jpg,198,197,198.Rock_Wren,104,103,gaussian_blur,gaussian_blur,0,"{""sigma"":1.470657}",0.081113949,1.5314922,1.4503783,0.92208862,0.21621278,0.042639852,0.13288943,0.87944877,0.083323345,-0.79612543,0.58313518,9.1104786,15.705873,143.08802,False,0.83950901,True,True,True,0.58313518,9.1104786,15.705873,143.08802,0.57831128,9.1432169,15.484444,141.57763,0.78339257,7.8901438,2.6280118,20.735391,0.57654141,8.4437668,3.6619962,30.921042,0.52565879,10.586173,7.9663541,84.333199,0.6268928,8.4289513,8.8531297,74.622599,0.580572,9.0708314,6.7294216,61.041449,0.60655448,8.2672978,6.2635423,51.782569
0b_baseline_last,file,19,baseline,11652,198.Rock_Wren/Rock_Wren_0063_189121.jpg,198,197,198.Rock_Wren,104,103,random_erasing,random_erasing,0,"{""area_fraction"":0.076819,""erased"":true,""height"":0.330699,""left"":0.02628,""top"":0.225648,""width"":0.232294}",0.081113949,0.085659415,0.0045454651,0.92208862,0.91790682,0.042639852,0.034984294,0.87944877,0.88292253,0.003473755,0.97537344,0.95860193,15.705873,15.05568,False,0.99263442,True,True,True,0.97537344,0.95860193,15.705873,15.05568,0.97509399,0.95694569,15.484444,14.817772,0.98613582,1.0144258,2.6280118,2.6659229,0.99026932,0.98714626,3.6619962,3.6149259,0.98126926,0.97354253,7.9663541,7.7555846,0.98358627,0.92766013,8.8531297,8.2126955,0.96797315,0.94782187,6.7294216,6.378293,0.95379153,0.98700033,6.2635423,6.1821183
0b_baseline_last,file,19,baseline,4289,074.Florida_Jay/Florida_Jay_0092_64924.jpg,74,73,074.Florida_Jay,72,71,identity,identity,0,{},4.0595541,4.0595541,0,0.017256711,0.017256711,0.1786814,0.1786814,-0.16142469,-0.16142469,0,1,1,176.92166,176.92166,False,0.99999994,True,False,False,1,1,176.92166,176.92166,1,1,174.82099,174.82099,1,1,27.182649,27.182649,1,1,68.340195,68.340195,1,1,92.934251,92.934251,1,1,81.955982,81.955982,1,1,72.366061,72.366061,1,1,72.812022,72.812022
0b_baseline_last,file,19,baseline,4289,074.Florida_Jay/Florida_Jay_0092_64924.jpg,74,73,074.Florida_Jay,72,71,horizontal_flip,horizontal_flip,0,"{""flipped"":true}",4.0595541,4.6932259,0.63367176,0.017256711,0.0091570988,0.1786814,0.098874554,-0.16142469,-0.089717455,0.071707238,0.71633214,1.054803,176.92166,186.61749,False,0.95285815,False,False,False,0.71633214,1.054803,176.92166,186.61749,0.71116523,1.0559668,174.82099,184.60516,0.94161672,1.0054859,27.182649,27.33177,0.81600309,1.1340494,68.340195,77.501158,0.77062538,1.1871651,92.934251,110.3283,0.66635681,0.9780752,81.955982,80.159113,0.59696684,0.98402138,72.366061,71.209751,0.67758129,0.91142289,72.812022,66.362544
0b_baseline_last,file,19,baseline,4289,074.Florida_Jay/Florida_Jay_0092_64924.jpg,74,73,074.Florida_Jay,72,71,color_jitter,color_jitter,0,"{""brightness"":1.071455,""contrast"":1.188049,""hue"":-0.06786,""saturation"":0.755207}",4.0595541,5.1153107,1.0557566,0.017256711,0.0060041132,0.1786814,0.12067527,-0.16142469,-0.11467115,0.04675354,0.85654797,0.81395019,176.92166,144.00542,False,0.97118521,False,False,False,0.85654797,0.81395019,176.92166,144.00542,0.8538543,0.80963702,174.82099,141.54154,0.96353066,0.97578998,27.182649,26.524557,0.89532544,0.78554116,68.340195,53.684036,0.82346871,0.77248017,92.934251,71.789866,0.85282655,0.79615537,81.955982,65.249695,0.85740062,0.83702428,72.366061,60.57215,0.86750198,0.87636882,72.812022,63.810186
0b_baseline_last,file,19,baseline,4289,074.Florida_Jay/Florida_Jay_0092_64924.jpg,74,73,074.Florida_Jay,72,71,rotation,rotation,0,"{""angle"":-10.623782}",4.0595541,4.2121992,0.15264511,0.017256711,0.014813751,0.1786814,0.015276142,-0.16142469,-0.00046239141,0.1609623,0.72864246,1.3813561,176.92166,244.39181,False,0.92821568,False,False,False,0.72864246,1.3813561,176.92166,244.39181,0.72746558,1.3866527,174.82099,242.41599,0.80143399,1.1409347,27.182649,31.013627,0.86811638,1.494286,68.340195,102.1198,0.8017919,1.4519721,92.934251,134.93794,0.70908467,1.3803106,81.955982,113.12471,0.59513176,1.3566453,72.366061,98.175073,0.61287346,1.2046262,72.812022,87.711271
0b_baseline_last,file,19,baseline,4289,074.Florida_Jay/Florida_Jay_0092_64924.jpg,74,73,074.Florida_Jay,72,71,random_resized_crop,random_resized_crop,0,"{""area_fraction"":0.730329,""aspect"":1.30093,""fallback"":false,""height"":0.749259,""left"":0.018677,""top"":0.169334,""width"":0.974734}",4.0595541,3.7799926,-0.27956152,0.017256711,0.022822862,0.1786814,0.10002687,-0.16142469,-0.077204006,0.084220687,0.77240452,1.2756103,176.92166,225.68309,False,0.94428778,False,False,False,0.77240452,1.2756103,176.92166,225.68309,0.76925572,1.279909,174.82099,223.75495,0.93692117,1.0829591,27.182649,29.437698,0.82947919,1.1169561,68.340195,76.332995,0.81462074,1.4383704,92.934251,133.67387,0.74378182,1.3408038,81.955982,109.88689,0.70214262,1.2155652,72.366061,87.965662,0.75910946,1.1121792,72.812022,80.980017
0b_baseline_last,file,19,baseline,4289,074.Florida_Jay/Florida_Jay_0092_64924.jpg,74,73,074.Florida_Jay,72,71,gaussian_blur,gaussian_blur,0,"{""sigma"":1.59884}",4.0595541,6.6191196,2.5595655,0.017256711,0.0013346056,0.1786814,0.096426748,-0.16142469,-0.095092142,0.066332551,0.55509012,0.68624852,176.92166,121.41223,False,0.83542562,False,False,False,0.55509012,0.68624852,176.92166,121.41223,0.54771073,0.67906268,174.82099,118.71441,0.80438888,0.9363425,27.182649,25.45227,0.5523086,0.37346323,68.340195,25.52255,0.6385118,0.71074716,92.934251,66.052755,0.51327306,0.70511872,81.955982,57.788697,0.47852978,0.66581547,72.366061,48.182443,0.56023416,0.80290007,72.812022,58.460778
0b_baseline_last,file,19,baseline,4289,074.Florida_Jay/Florida_Jay_0092_64924.jpg,74,73,074.Florida_Jay,72,71,random_erasing,random_erasing,0,"{""area_fraction"":0.139348,""erased"":true,""height"":0.350658,""left"":0.456862,""top"":0.263532,""width"":0.39739}",4.0595541,3.7441063,-0.31544781,0.017256711,0.023656763,0.1786814,0.25311977,-0.16142469,-0.229463,-0.068038311,0.92657617,1.0036016,176.92166,177.55886,False,0.94789213,True,False,False,0.92657617,1.0036016,176.92166,177.55886,0.92633815,1.0049327,174.82099,175.68332,0.93862738,0.94690831,27.182649,25.739476,0.97105011,0.87755282,68.340195,59.972131,0.9523154,1.0337174,92.934251,96.067753,0.93448575,1.0293005,81.955982,84.357333,0.89999291,1.0401426,72.366061,75.27102,0.87240239,0.99579272,72.812022,72.505682
0b_baseline_last,file,19,baseline,4332,075.Green_Jay/Green_Jay_0075_65701.jpg,75,74,075.Green_Jay,168,167,identity,identity,0,{},0.030213401,0.030213401,0,0.97023845,0.97023845,0.0088942423,0.0088942423,0.9613442,0.9613442,0,1,1,4.7035122,4.7035122,False,0.99999994,True,True,True,1,1,4.7035122,4.7035122,1,1,4.6138094,4.6138094,1,1,0.9142154,0.9142154,1,1,1.0558163,1.0558163,1,1,2.012885,2.012885,1,1,2.4495708,2.4495708,1,1,2.257682,2.257682,1,1,2.2412625,2.2412625
0b_baseline_last,file,19,baseline,4332,075.Green_Jay/Green_Jay_0075_65701.jpg,75,74,075.Green_Jay,168,167,horizontal_flip,horizontal_flip,0,"{""flipped"":true}",0.030213401,0.024881678,-0.005331723,0.97023845,0.9754253,0.0088942423,0.006688172,0.9613442,0.96873713,0.0073929261,0.59382748,0.83529688,4.7035122,3.9288291,False,0.95205158,True,True,True,0.59382748,0.83529688,4.7035122,3.9288291,0.5790894,0.83314402,4.6138094,3.8439677,0.94703849,0.88837262,0.9142154,0.81216393,0.49700928,0.69930975,1.0558163,0.73834264,0.49715057,0.84494021,2.012885,1.7007675,0.58029559,0.87646619,2.4495708,2.1469659,0.55041665,0.78368277,2.257682,1.7693065,0.68925552,0.84637564,2.2412625,1.89695
0b_baseline_last,file,19,baseline,4332,075.Green_Jay/Green_Jay_0075_65701.jpg,75,74,075.Green_Jay,168,167,color_jitter,color_jitter,0,"{""brightness"":0.894317,""contrast"":0.849661,""hue"":-0.094086,""saturation"":0.921917}",0.030213401,3.3329797,3.3027663,0.97023845,0.035686612,0.0088942423,0.0080748154,0.9613442,0.027611797,-0.93373241,0.52280795,46.254787,4.7035122,217.55995,False,0.78926075,False,True,False,0.52280795,46.254787,4.7035122,217.55995,0.51936936,46.73738,4.6138094,215.63736,0.69215677,31.567304,0.9142154,28.859315,0.52128939,47.383047,1.0558163,50.027794,0.48619566,50.784108,2.012885,102.22257,0.52110902,52.979316,2.4495708,129.77658,0.56971453,45.951931,2.257682,103.74485,0.5212186,34.3941,2.2412625,77.086207
0b_baseline_last,file,19,baseline,4332,075.Green_Jay/Green_Jay_0075_65701.jpg,75,74,075.Green_Jay,168,167,rotation,rotation,0,"{""angle"":6.457788}",0.030213401,0.019511204,-0.010702197,0.97023845,0.9806779,0.0088942423,0.0026019644,0.9613442,0.97807594,0.016731733,0.67922146,0.68792937,4.7035122,3.2356841,False,0.96523273,True,True,True,0.67922146,0.68792937,4.7035122,3.2356841,0.66899643,0.68849484,4.6138094,3.1765839,0.94566137,0.67336689,0.9142154,0.61560238,0.47361643,0.74430986,1.0558163,0.7858545,0.59482052,0.70508313,2.012885,1.4192513,0.64628388,0.70364321,2.4495708,1.7236238,0.6903268,0.6419331,2.257682,1.4492808,0.7869204,0.68941943,2.2412625,1.5451699
0b_baseline_last,file,19,baseline,4332,075.Green_Jay/Green_Jay_0075_65701.jpg,75,74,075.Green_Jay,168,167,random_resized_crop,random_resized_crop,0,"{""area_fraction"":0.875714,""aspect"":0.963583,""fallback"":false,""height"":0.953315,""left"":0.060685,""top"":0.031301,""width"":0.918599}",0.030213401,0.059413396,0.029199995,0.97023845,0.94231713,0.0088942423,0.026304703,0.9613442,0.91601242,-0.04533178,0.75042398,2.2029578,4.7035122,10.361639,False,0.97707456,True,True,True,0.75042398,2.2029578,4.7035122,10.361639,0.74299996,2.2109894,4.6138094,10.201084,0.96489448,1.9874849,0.9142154,1.8169893,0.53369252,2.6501664,1.0558163,2.7980889,0.74590914,2.4723766,2.012885,4.9766098,0.75248017,2.2794022,2.4495708,5.583557,0.73307159,2.0915263,2.257682,4.7220013,0.82194604,1.8925882,2.2412625,4.2417869
0b_baseline_last,file,19,baseline,4332,075.Green_Jay/Green_Jay_0075_65701.jpg,75,74,075.Green_Jay,168,167,gaussian_blur,gaussian_blur,0,"{""sigma"":1.001463}",0.030213401,0.021796791,-0.0084166098,0.97023845,0.97843903,0.0088942423,0.011704118,0.9613442,0.96673492,0.0053907102,0.61541896,0.90593774,4.7035122,4.2610892,False,0.96437931,True,True,True,0.61541896,0.90593774,4.7035122,4.2610892,0.60326261,0.90711827,4.6138094,4.1852708,0.9366564,0.8753335,0.9142154,0.80024336,0.042532773,1.3077614,1.0558163,1.3807558,0.54080248,1.0303824,2.012885,2.0740413,0.64932586,0.92220328,2.4495708,2.2590022,0.66376326,0.82656825,2.257682,1.8661283,0.79486537,0.73623709,2.2412625,1.6501006
0b_baseline_last,file,19,baseline,4332,075.Green_Jay/Green_Jay_0075_65701.jpg,75,74,075.Green_Jay,168,167,random_erasing,random_erasing,0,"{""area_fraction"":0.106652,""erased"":true,""height"":0.228926,""left"":0.058844,""top"":0.013868,""width"":0.46588}",0.030213401,0.019223575,-0.010989826,0.97023845,0.98096001,0.0088942423,0.0066678119,0.9613442,0.9742922,0.012947995,0.88777429,0.65795236,4.7035122,3.0946869,False,0.98096734,True,True,True,0.88777429,0.65795236,4.7035122,3.0946869,0.88423669,0.65771134,4.6138094,3.0345548,0.97705342,0.66406156,0.9142154,0.6070953,0.82301397,0.64372143,1.0558163,0.67965159,0.89340119,0.65423996,2.012885,1.3169098,0.8969902,0.68058157,2.4495708,1.6671327,0.87023521,0.64004582,2.257682,1.4450199,0.88931073,0.65345232,2.2412625,1.4645582
0b_baseline_last,file,19,baseline,4183,072.Pomarine_Jaeger/Pomarine_Jaeger_0039_61348.jpg,72,71,072.Pomarine_Jaeger,23,22,identity,identity,0,{},0.070970789,0.070970789,0,0.93148911,0.93148911,0.017462147,0.017462147,0.91402696,0.91402696,0,1,1,12.796418,12.796418,False,1,True,True,True,1,1,12.796418,12.796418,1,1,12.634339,12.634339,1,1,2.030217,2.030217,1,1,3.0773335,3.0773335,1,1,5.8679017,5.8679017,1,1,6.0020714,6.0020714,1,1,6.2743261,6.2743261,1,1,6.3507674,6.3507674
0b_baseline_last,file,19,baseline,4183,072.Pomarine_Jaeger/Pomarine_Jaeger_0039_61348.jpg,72,71,072.Pomarine_Jaeger,23,22,horizontal_flip,horizontal_flip,0,"{""flipped"":true}",0.070970789,0.18710285,0.11613207,0.93148911,0.8293584,0.017462147,0.047567062,0.91402696,0.78179134,-0.13223563,0.71955819,2.5013382,12.796418,32.008168,False,0.96010315,True,True,True,0.71955819,2.5013382,12.796418,32.008168,0.71383573,2.5047091,12.634339,31.645344,0.95517998,2.367101,2.030217,4.8057287,0.79551174,2.907283,3.0773335,8.9466795,0.698518,2.4509635,5.8679017,14.382013,0.67534486,2.5540285,6.0020714,15.329461,0.68596367,2.4952679,6.2743261,15.656125,0.77162978,2.4109366,6.3507674,15.311298
0b_baseline_last,file,19,baseline,4183,072.Pomarine_Jaeger/Pomarine_Jaeger_0039_61348.jpg,72,71,072.Pomarine_Jaeger,23,22,color_jitter,color_jitter,0,"{""brightness"":1.164731,""contrast"":1.196514,""hue"":0.025807,""saturation"":1.261414}",0.070970789,0.18939199,0.1184212,0.93148911,0.82746208,0.017462147,0.037405368,0.91402696,0.79005671,-0.12397025,0.79683266,2.4823944,12.796418,31.765755,False,0.96442556,True,True,True,0.79683266,2.4823944,12.796418,31.765755,0.79279574,2.4815479,12.634339,31.352718,0.95116532,2.5149554,2.030217,5.1059053,0.67643093,2.4698525,3.0773335,7.6005598,0.73408031,2.1246729,5.8679017,12.467371,0.78419119,2.5601831,6.0020714,15.366402,0.81265297,2.660444,6.2743261,16.692493,0.85861829,2.5145708,6.3507674,15.969454
0b_baseline_last,file,19,baseline,4183,072.Pomarine_Jaeger/Pomarine_Jaeger_0039_61348.jpg,72,71,072.Pomarine_Jaeger,23,22,rotation,rotation,0,"{""angle"":4.005578}",0.070970789,0.22299954,0.15202875,0.93148911,0.80011523,0.017462147,0.074706323,0.91402696,0.7254089,-0.18861806,0.80598915,3.0452492,12.796418,38.968281,False,0.95902979,True,True,True,0.80598915,3.0452492,12.796418,38.968281,0.8023566,3.0427392,12.634339,38.443,0.94266751,3.1409109,2.030217,6.3767307,0.7599457,3.5096017,3.0773335,10.800215,0.79327036,2.8156972,5.8679017,16.522235,0.79683042,3.216629,6.0020714,19.306437,0.80822065,3.0288952,6.2743261,19.004276,0.82674368,2.964015,6.3507674,18.82377
0b_baseline_last,file,19,baseline,4183,072.Pomarine_Jaeger/Pomarine_Jaeger_0039_61348.jpg,72,71,072.Pomarine_Jaeger,23,22,random_resized_crop,random_resized_crop,0,"{""area_fraction"":0.521982,""aspect"":1.01696,""fallback"":false,""height"":0.716433,""left"":0.033465,""top"":0.092924,""width"":0.728584}",0.070970789,0.24785216,0.17688137,0.93148911,0.78047532,0.017462147,0.038567618,0.91402696,0.7419077,-0.17211926,0.6813283,3.3856962,12.796418,43.324783,False,0.93230081,True,True,True,0.6813283,3.3856962,12.796418,43.324783,0.67578382,3.3917948,12.634339,42.853087,0.91521453,3.1404128,2.030217,6.3757194,0.5905722,3.9141896,3.0773335,12.045267,0.68202575,3.2851126,5.8679017,19.276718,0.67921961,3.632638,6.0020714,21.803353,0.66001482,3.3964702,6.2743261,21.310561,0.71511854,3.1103308,6.3507674,19.752987
0b_baseline_last,file,19,baseline,4183,072.Pomarine_Jaeger/Pomarine_Jaeger_0039_61348.jpg,72,71,072.Pomarine_Jaeger,23,22,gaussian_blur,gaussian_blur,0,"{""sigma"":1.726714}",0.070970789,0.098554365,0.027583577,0.93148911,0.90614641,0.017462147,0.002771318,0.91402696,0.90337509,-0.010651873,0.39666547,1.2941224,12.796418,16.560131,False,0.84776902,True,True,True,0.39666547,1.2941224,12.796418,16.560131,0.38637743,1.2949798,12.634339,16.361215,0.80614644,1.2604685,2.030217,2.5590245,0.27569555,1.1312705,3.0773335,3.4812966,0.34783563,1.1384914,5.8679017,6.6805555,0.24178614,1.2960454,6.0020714,7.7789573,0.41094843,1.4241333,6.2743261,8.9354765,0.54261734,1.3229108,6.3507674,8.4014986
0b_baseline_last,file,19,baseline,4183,072.Pomarine_Jaeger/Pomarine_Jaeger_0039_61348.jpg,72,71,072.Pomarine_Jaeger,23,22,random_erasing,random_erasing,0,"{""area_fraction"":0.145536,""erased"":true,""height"":0.57801,""left"":0.162684,""top"":0.069911,""width"":0.251787}",0.070970789,0.1910986,0.12012781,0.93148911,0.82605112,0.017462147,0.0097085638,0.91402696,0.81634255,-0.09768441,0.71745763,2.1493396,12.796418,27.503848,False,0.94523335,True,True,True,0.71745763,2.1493396,12.796418,27.503848,0.71240816,2.1521008,12.634339,27.190371,0.92481491,2.0395353,2.030217,4.1406993,0.76272895,2.2924319,3.0773335,7.0545775,0.6813215,1.9420275,5.8679017,11.395627,0.6645507,2.0452927,6.0020714,12.275993,0.70641492,2.2033668,6.2743261,13.824642,0.77212197,2.3241849,6.3507674,14.760358
0b_baseline_last,file,19,baseline,5357,092.Nighthawk/Nighthawk_0034_82578.jpg,92,91,092.Nighthawk,105,104,identity,identity,0,{},2.2673018,2.2673018,0,0.1035913,0.1035913,0.89439237,0.89439237,-0.79080107,-0.79080107,0,1,1,231.91276,231.91276,False,1,True,False,False,1,1,231.91276,231.91276,1,1,227.79989,227.79989,1,1,43.482605,43.482605,1,1,34.270064,34.270064,1,1,96.840491,96.840491,1,1,116.16724,116.16724,1,1,124.69782,124.69782,1,1,110.88687,110.88687
0b_baseline_last,file,19,baseline,5357,092.Nighthawk/Nighthawk_0034_82578.jpg,92,91,092.Nighthawk,105,104,horizontal_flip,horizontal_flip,0,"{""flipped"":true}",2.2673018,0.44121721,-1.8260846,0.1035913,0.64325297,0.89439237,0.35496321,-0.79080107,0.28828976,1.0790908,0.76905136,0.34490331,231.91276,79.987478,False,0.97335052,False,False,True,0.76905136,0.34490331,231.91276,79.987478,0.7606918,0.3424933,227.79989,78.019937,0.97337142,0.40549463,43.482605,17.631963,0.71330245,0.32811109,34.270064,11.244388,0.69485796,0.32291156,96.840491,31.270914,0.7361841,0.35762619,116.16724,41.544446,0.77020511,0.33922205,124.69782,42.300251,0.82983682,0.345475,110.88687,38.308643
0b_baseline_last,file,19,baseline,5357,092.Nighthawk/Nighthawk_0034_82578.jpg,92,91,092.Nighthawk,105,104,color_jitter,color_jitter,0,"{""brightness"":0.609393,""contrast"":1.068935,""hue"":-0.097521,""saturation"":0.837828}",2.2673018,4.4987316,2.2314298,0.1035913,0.011123095,0.89439237,0.96149331,-0.79080107,-0.95037022,-0.15956915,0.70862685,1.1441182,231.91276,265.33561,False,0.91113818,True,False,False,0.70862685,1.1441182,231.91276,265.33561,0.70225657,1.1484755,227.79989,261.6226,0.91107177,1.017269,43.482605,44.233508,0.49121152,2.1015129,34.270064,72.018982,0.72178987,1.2219672,96.840491,118.3359,0.77163997,1.2388331,116.16724,143.91182,0.69613869,0.99754586,124.69782,124.3918,0.68390924,1.0310896,110.88687,114.3343
0b_baseline_last,file,19,baseline,5357,092.Nighthawk/Nighthawk_0034_82578.jpg,92,91,092.Nighthawk,105,104,rotation,rotation,0,"{""angle"":6.119156}",2.2673018,3.210942,0.94364023,0.1035913,0.040318608,0.89439237,0.95489639,-0.79080107,-0.91457778,-0.12377671,0.87942108,1.0771132,231.91276,249.79629,False,0.97308093,True,False,False,0.87942108,1.0771132,231.91276,249.79629,0.87639428,1.0801171,227.79989,246.05055,0.97310104,0.9911217,43.482605,43.096554,0.86685057,1.0810572,34.270064,37.0479,0.8842419,1.0643739,96.840491,103.07449,0.87086387,1.1352165,116.16724,131.87497,0.87214217,1.0532415,124.69782,131.33692,0.88493469,1.0633671,110.88687,117.91345
0b_baseline_last,file,19,baseline,5357,092.Nighthawk/Nighthawk_0034_82578.jpg,92,91,092.Nighthawk,105,104,random_resized_crop,random_resized_crop,0,"{""area_fraction"":0.677633,""aspect"":1.295466,""fallback"":false,""height"":0.723243,""left"":0.035229,""top"":0.079053,""width"":0.936937}",2.2673018,4.6087952,2.3414934,0.1035913,0.0099638132,0.89439237,0.98798752,-0.79080107,-0.97802371,-0.18722263,0.77950287,1.0884123,231.91276,252.41669,False,0.95641702,True,False,False,0.77950287,1.0884123,231.91276,252.41669,0.77337868,1.0901241,227.79989,248.33015,0.9564546,1.0403302,43.482605,45.236266,0.58705941,1.1710247,34.270064,40.131092,0.70357981,1.0625017,96.840491,102.89319,0.77299557,1.2079928,116.16724,140.32919,0.8010628,1.0370774,124.69782,129.3213,0.82187448,1.0303692,110.88687,114.25442
0b_baseline_last,file,19,baseline,5357,092.Nighthawk/Nighthawk_0034_82578.jpg,92,91,092.Nighthawk,105,104,gaussian_blur,gaussian_blur,0,"{""sigma"":1.092196}",2.2673018,4.2142115,1.9469097,0.1035913,0.014783979,0.89439237,0.97733235,-0.79080107,-0.96254837,-0.1717473,0.73768987,1.1709164,231.91276,271.55046,False,0.93721837,True,False,False,0.73768987,1.1709164,231.91276,271.55046,0.73104226,1.173921,227.79989,267.41907,0.93725695,1.0852123,43.482605,47.18786,0.67370358,1.2042711,34.270064,41.270448,0.61695456,1.1460956,96.840491,110.98846,0.74524922,1.3238908,116.16724,153.79274,0.75945721,1.1257005,124.69782,140.3724,0.78445355,1.0721669,110.88687,118.88924
0b_baseline_last,file,19,baseline,5357,092.Nighthawk/Nighthawk_0034_82578.jpg,92,91,092.Nighthawk,105,104,random_erasing,random_erasing,0,"{""area_fraction"":0.059739,""erased"":true,""height"":0.178131,""left"":0.409815,""top"":0.340461,""width"":0.335364}",2.2673018,1.2692349,-0.9980669,0.1035913,0.2810466,0.89439237,0.69210929,-0.79080107,-0.41106269,0.37973838,0.86514187,0.65731167,231.91276,152.43896,False,0.97498196,True,False,False,0.86514187,0.65731167,231.91276,152.43896,0.86105906,0.65675466,227.79989,149.60864,0.97481905,0.67241906,43.482605,29.238532,0.83110899,0.63384367,34.270064,21.721863,0.85120014,0.66981995,96.840491,64.865692,0.8502978,0.67362952,116.16724,78.25368,0.8608396,0.61155156,124.69782,76.259148,0.88662399,0.68468583,110.88687,75.922671
0b_baseline_last,file,19,baseline,10491,179.Tennessee_Warbler/Tennessee_Warbler_0084_174891.jpg,179,178,179.Tennessee_Warbler,154,153,identity,identity,0,{},0.19798948,0.19798948,0,0.82037848,0.82037848,0.032170493,0.032170493,0.78820799,0.78820799,0,1,1,30.780357,30.780357,False,1,True,True,True,1,1,30.780357,30.780357,1,1,30.247569,30.247569,1,1,5.7021896,5.7021896,1,1,5.7741766,5.7741766,1,1,13.052612,13.052612,1,1,17.676059,17.676059,1,1,14.041341,14.041341,1,1,14.198637,14.198637
0b_baseline_last,file,19,baseline,10491,179.Tennessee_Warbler/Tennessee_Warbler_0084_174891.jpg,179,178,179.Tennessee_Warbler,154,153,horizontal_flip,horizontal_flip,0,"{""flipped"":true}",0.19798948,0.57996553,0.38197605,0.82037848,0.55991769,0.032170493,0.052009553,0.78820799,0.50790814,-0.28029985,0.68806788,2.4602456,30.780357,75.727237,False,0.95667064,True,True,True,0.68806788,2.4602456,30.780357,75.727237,0.68024757,2.4693955,30.247569,74.693211,0.94143465,2.1871438,5.7021896,12.471509,0.59112228,2.5249146,5.7741766,14.579303,0.68305882,2.6315146,13.052612,34.348139,0.6965364,2.3824507,17.676059,42.112339,0.62302181,2.5692303,14.041341,36.07544,0.73249951,2.3484117,14.198637,33.344244
0b_baseline_last,file,19,baseline,10491,179.Tennessee_Warbler/Tennessee_Warbler_0084_174891.jpg,179,178,179.Tennessee_Warbler,154,153,color_jitter,color_jitter,0,"{""brightness"":1.216994,""contrast"":1.067889,""hue"":0.026686,""saturation"":0.870209}",0.19798948,1.2258587,1.0278692,0.82037848,0.29350555,0.032170493,0.12269678,0.78820799,0.17080877,-0.61739922,0.84349399,3.7818619,30.780357,116.40706,False,0.96163338,True,True,True,0.84349399,3.7818619,30.780357,116.40706,0.8395041,3.7731225,30.247569,114.12778,0.95050091,4.0199904,5.7021896,22.922747,0.67240937,3.6658503,5.7741766,21.167267,0.816091,3.7347117,13.052612,48.747743,0.86710805,3.7689569,17.676059,66.620304,0.82839442,3.8653656,14.041341,54.274917,0.85485342,3.7378811,14.198637,53.072816
0b_baseline_last,file,19,baseline,10491,179.Tennessee_Warbler/Tennessee_Warbler_0084_174891.jpg,179,178,179.Tennessee_Warbler,154,153,rotation,rotation,0,"{""angle"":14.233955}",0.19798948,1.7025789,1.5045894,0.82037848,0.18221299,0.032170493,0.052231018,0.78820799,0.12998198,-0.65822601,0.6529514,3.8831209,30.780357,119.52385,False,0.92417264,False,True,False,0.6529514,3.8831209,30.780357,119.52385,0.64433019,3.8777597,30.247569,117.2928,0.88678575,4.0310546,5.7021896,22.985838,0.66349901,3.7455355,5.7741766,21.627383,0.62559427,3.4199911,13.052612,44.639817,0.6283471,3.5846416,17.676059,63.362337,0.64594591,4.4558582,14.041341,62.566225,0.68857633,4.0872216,14.198637,58.032975
0b_baseline_last,file,19,baseline,10491,179.Tennessee_Warbler/Tennessee_Warbler_0084_174891.jpg,179,178,179.Tennessee_Warbler,154,153,random_resized_crop,random_resized_crop,0,"{""area_fraction"":0.680658,""aspect"":1.256012,""fallback"":false,""height"":0.736152,""left"":0.036356,""top"":0.229526,""width"":0.924616}",0.19798948,3.3006549,3.1026654,0.82037848,0.036859028,0.032170493,0.001796642,0.78820799,0.035062386,-0.7531456,0.5897143,6.0432929,30.780357,186.01471,False,0.88207114,False,True,False,0.5897143,6.0432929,30.780357,186.01471,0.58268897,6.0696161,30.247569,183.59113,0.82436015,5.2487581,5.7021896,29.929414,0.50907757,6.9196683,5.7741766,39.955387,0.55892942,6.1937815,13.052612,80.845027,0.6039699,6.1215347,17.676059,108.20461,0.54993602,6.4539923,14.041341,90.622709,0.63098304,5.2951587,14.198637,75.184036
0b_baseline_last,file,19,baseline,10491,179.Tennessee_Warbler/Tennessee_Warbler_0084_174891.jpg,179,178,179.Tennessee_Warbler,154,153,gaussian_blur,gaussian_blur,0,"{""sigma"":1.700942}",0.19798948,3.8051996,3.6072101,0.82037848,0.022254754,0.032170493,0.0057596234,0.78820799,0.01649513,-0.77171286,0.36674196,3.7617562,30.780357,115.7882,False,0.73190415,False,True,False,0.36674196,3.7617562,30.780357,115.7882,0.35542021,3.7679099,30.247569,113.97011,0.70208135,3.5842715,5.7021896,20.438196,0.10046127,4.6118249,5.7741766,26.629491,0.19655673,4.3483031,13.052612,56.756714,0.3964007,3.4721998,17.676059,61.374808,0.34627477,3.5599153,14.041341,49.985985,0.52118281,3.7222844,14.198637,52.851364
0b_baseline_last,file,19,baseline,10491,179.Tennessee_Warbler/Tennessee_Warbler_0084_174891.jpg,179,178,179.Tennessee_Warbler,154,153,random_erasing,random_erasing,0,"{""area_fraction"":0.084665,""erased"":true,""height"":0.437403,""left"":0.360142,""top"":0.350074,""width"":0.193563}",0.19798948,0.44921798,0.2512285,0.82037848,0.63812697,0.032170493,0.0228639,0.78820799,0.61526307,-0.17294492,0.77691217,2.2769978,30.780357,70.086806,False,0.9742794,True,True,True,0.77691217,2.2769978,30.780357,70.086806,0.77144026,2.2837014,30.247569,69.076414,0.94930178,2.0795314,5.7021896,11.857882,0.73133025,1.7046051,5.7741766,9.8426908,0.72600113,2.1192254,13.052612,27.661427,0.80459956,2.257309,17.676059,39.900327,0.74539533,2.5335679,14.041341,35.574692,0.79986875,2.284259,14.198637,32.433365
0b_baseline_last,file,19,baseline,1357,025.Pelagic_Cormorant/Pelagic_Cormorant_0017_23875.jpg,25,24,025.Pelagic_Cormorant,72,71,identity,identity,0,{},3.731384,3.731384,0,0.023959653,0.023959653,0.62662923,0.62662923,-0.60266958,-0.60266958,0,1,1,246.04018,246.04018,False,1,True,False,False,1,1,246.04018,246.04018,1,1,242.87279,242.87279,1,1,39.351956,39.351956,1,1,77.325108,77.325108,1,1,108.73939,108.73939,1,1,126.11846,126.11846,1,1,114.51487,114.51487,1,1,110.29163,110.29163
0b_baseline_last,file,19,baseline,1357,025.Pelagic_Cormorant/Pelagic_Cormorant_0017_23875.jpg,25,24,025.Pelagic_Cormorant,72,71,horizontal_flip,horizontal_flip,0,"{""flipped"":true}",3.731384,2.5119264,-1.2194576,0.023959653,0.081111826,0.62662923,0.39884478,-0.60266958,-0.31773295,0.28493663,0.72076154,0.72024944,246.04018,177.2103,False,0.95893902,True,False,False,0.72076154,0.72024944,246.04018,177.2103,0.71485718,0.7153798,242.87279,173.74629,0.9183793,0.88603326,39.351956,34.867142,0.77821649,0.80094821,77.325108,61.933407,0.73848581,0.68623481,108.73939,74.620756,0.7209891,0.69303875,126.11846,87.404979,0.65803124,0.69983086,114.51487,80.141043,0.71441008,0.74334807,110.29163,81.985067
0b_baseline_last,file,19,baseline,1357,025.Pelagic_Cormorant/Pelagic_Cormorant_0017_23875.jpg,25,24,025.Pelagic_Cormorant,72,71,color_jitter,color_jitter,0,"{""brightness"":0.669818,""contrast"":1.277357,""hue"":0.038264,""saturation"":0.628735}",3.731384,2.2376041,-1.4937799,0.023959653,0.10671388,0.62662923,0.30065987,-0.60266958,-0.19394599,0.40872359,0.76468633,0.85702151,246.04018,210.86172,False,0.9412986,False,False,False,0.76468633,0.85702151,246.04018,210.86172,0.76120201,0.85743998,242.87279,208.24884,0.90015567,0.84092621,39.351956,33.092091,0.7362587,0.67791463,77.325108,52.419822,0.78285066,0.89545149,108.73939,97.37085,0.76970307,0.89295153,126.11846,112.61767,0.75202695,0.89132389,114.51487,102.06984,0.75895899,0.81287257,110.29163,89.653037
0b_baseline_last,file,19,baseline,1357,025.Pelagic_Cormorant/Pelagic_Cormorant_0017_23875.jpg,25,24,025.Pelagic_Cormorant,72,71,rotation,rotation,0,"{""angle"":6.155899}",3.731384,4.8313484,1.0999644,0.023959653,0.0079757599,0.62662923,0.64779055,-0.60266958,-0.63981479,-0.037145211,0.83223481,0.89558382,246.04018,220.3496,False,0.94795376,True,False,False,0.83223481,0.89558382,246.04018,220.3496,0.82919147,0.89299551,242.87279,216.88431,0.94112263,0.9891461,39.351956,38.924834,0.85637802,0.95164996,77.325108,73.586436,0.81484822,0.8102069,108.73939,88.101406,0.8493469,0.87122266,126.11846,109.87726,0.81583178,0.89479149,114.51487,102.46693,0.82397276,0.96337368,110.29163,106.25205
0b_baseline_last,file,19,baseline,1357,025.Pelagic_Cormorant/Pelagic_Cormorant_0017_23875.jpg,25,24,025.Pelagic_Cormorant,72,71,random_resized_crop,random_resized_crop,0,"{""area_fraction"":0.872877,""aspect"":1.031603,""fallback"":false,""height"":0.919857,""left"":0.015918,""top"":0.016395,""width"":0.948927}",3.731384,3.4948845,-0.23649955,0.023959653,0.030352253,0.62662923,0.62287277,-0.60266958,-0.59252052,0.010149064,0.88951035,1.0243536,246.04018,252.03215,False,0.98186886,True,False,False,0.88951035,1.0243536,246.04018,252.03215,0.88728423,1.0258821,242.87279,249.15884,0.98138065,0.9643316,39.351956,37.948335,0.92598608,1.1724427,77.325108,90.659257,0.87443015,0.96575287,108.73939,105.01538,0.8931833,1.0589154,126.11846,133.54878,0.86701513,1.0114183,114.51487,115.82243,0.89915188,0.97580287,110.29163,107.62288
0b_baseline_last,file,19,baseline,1357,025.Pelagic_Cormorant/Pelagic_Cormorant_0017_23875.jpg,25,24,025.Pelagic_Cormorant,72,71,gaussian_blur,gaussian_blur,0,"{""sigma"":1.193672}",3.731384,9.547164,5.8157799,0.023959653,7.1403454e-05,0.62662923,0.98012125,-0.60266958,-0.98004985,-0.37738027,0.62175819,1.1432497,246.04018,281.28535,False,0.87499839,True,False,False,0.62175819,1.1432497,246.04018,281.28535,0.61617403,1.1436867,242.87279,277.77038,0.83778549,1.126476,39.351956,44.329033,0.82381204,1.6209693,77.325108,125.34163,0.60593945,1.0777651,108.73939,117.19552,0.58883446,1.0406375,126.11846,131.2436,0.53691695,1.1208986,114.51487,128.35956,0.62995434,1.0731903,110.29163,118.3639
0b_baseline_last,file,19,baseline,1357,025.Pelagic_Cormorant/Pelagic_Cormorant_0017_23875.jpg,25,24,025.Pelagic_Cormorant,72,71,random_erasing,random_erasing,0,"{""area_fraction"":0.190369,""erased"":true,""height"":0.694829,""left"":0.485391,""top"":0.16762,""width"":0.273979}",3.731384,6.1938415,2.4624574,0.023959653,0.0020419676,0.62662923,0.20812604,-0.60266958,-0.20608407,0.39658551,0.69096637,0.79188177,246.04018,194.83473,False,0.8931495,False,False,False,0.69096637,0.79188177,246.04018,194.83473,0.68805135,0.78850902,242.87279,191.50739,0.79407607,0.91110547,39.351956,35.853783,0.85105751,0.77782494,77.325108,60.145398,0.68873564,0.68214344,108.73939,74.175863,0.71757766,0.71931986,126.11846,90.719511,0.63869622,0.83240395,114.51487,95.322633,0.65476137,0.91746334,110.29163,101.18852
0b_baseline_last,file,19,baseline,9675,165.Chestnut_sided_Warbler/Chestnut_Sided_Warbler_0069_163921.jpg,165,164,165.Chestnut_sided_Warbler,158,157,identity,identity,0,{},0.046280172,0.046280172,0,0.95477444,0.95477444,0.014581296,0.014581296,0.94019314,0.94019314,0,1,1,7.1705618,7.1705618,False,1,True,True,True,1,1,7.1705618,7.1705618,1,1,7.0152002,7.0152002,1,1,1.4845615,1.4845615,1,1,1.0617715,1.0617715,1,1,3.1210942,3.1210942,1,1,3.9869468,3.9869468,1,1,3.2702716,3.2702716,1,1,3.4284144,3.4284144
0b_baseline_last,file,19,baseline,9675,165.Chestnut_sided_Warbler/Chestnut_Sided_Warbler_0069_163921.jpg,165,164,165.Chestnut_sided_Warbler,158,157,horizontal_flip,horizontal_flip,0,"{""flipped"":true}",0.046280172,0.17472032,0.12844015,0.95477444,0.83969182,0.014581296,0.021561606,0.94019314,0.81813021,-0.12206293,0.7185852,3.6907324,7.1705618,26.464625,False,0.97012722,True,True,True,0.7185852,3.6907324,7.1705618,26.464625,0.71019227,3.7132567,7.0152002,26.049239,0.94931763,3.1460423,1.4845615,4.6704933,0.49015316,3.563963,1.0617715,3.7841146,0.65711026,3.3279241,3.1210942,10.386765,0.7876699,4.0633934,3.9869468,16.200534,0.65258096,3.7723364,3.2702716,12.336564,0.71805234,3.4722219,3.4284144,11.904216
0b_baseline_last,file,19,baseline,9675,165.Chestnut_sided_Warbler/Chestnut_Sided_Warbler_0069_163921.jpg,165,164,165.Chestnut_sided_Warbler,158,157,color_jitter,color_jitter,0,"{""brightness"":1.072768,""contrast"":1.143154,""hue"":-0.06986,""saturation"":1.166089}",0.046280172,1.4441799,1.3978997,0.95477444,0.2359395,0.014581296,0.21076371,0.94019314,0.025175795,-0.91501735,0.57709738,19.305332,7.1705618,138.43008,False,0.89051461,False,True,False,0.57709738,19.305332,7.1705618,138.43008,0.56715429,19.405495,7.0152002,136.13343,0.83706256,16.91493,1.4845615,25.111253,0.2428005,30.562361,1.0617715,32.450245,0.54852583,23.56442,3.1210942,73.546777,0.60389664,18.539371,3.9869468,73.915487,0.59867484,18.681518,3.2702716,61.093637,0.59726173,15.637514,3.4284144,53.611878
0b_baseline_last,file,19,baseline,9675,165.Chestnut_sided_Warbler/Chestnut_Sided_Warbler_0069_163921.jpg,165,164,165.Chestnut_sided_Warbler,158,157,rotation,rotation,0,"{""angle"":-0.357886}",0.046280172,0.028702646,-0.017577525,0.95477444,0.97170538,0.014581296,0.01464085,0.94019314,0.95706453,0.016871383,0.9170968,0.69636518,7.1705618,4.9933296,False,0.99261904,True,True,True,0.9170968,0.69636518,7.1705618,4.9933296,0.91434167,0.69529458,7.0152002,4.8776307,0.97704713,0.71985685,1.4845615,1.0686718,0.84394673,0.70513947,1.0617715,0.74869702,0.90423333,0.7418559,3.1210942,2.3154022,0.92871672,0.71578869,3.9869468,2.8538114,0.90861111,0.67354711,3.2702716,2.202682,0.92078946,0.64391952,3.4284144,2.2076229
0b_baseline_last,file,19,baseline,9675,165.Chestnut_sided_Warbler/Chestnut_Sided_Warbler_0069_163921.jpg,165,164,165.Chestnut_sided_Warbler,158,157,random_resized_crop,random_resized_crop,0,"{""area_fraction"":0.837367,""aspect"":0.872588,""fallback"":false,""height"":0.97961,""left"":0.134008,""top"":0.020365,""width"":0.854796}",0.046280172,0.027607627,-0.018672545,0.95477444,0.97276998,0.014581296,0.014096987,0.94019314,0.95867299,0.018479845,0.79208528,0.73281412,7.1705618,5.254689,False,0.9737072,True,True,True,0.79208528,0.73281412,7.1705618,5.254689,0.78623549,0.73715432,7.0152002,5.1712852,0.95517041,0.62813507,1.4845615,0.93250514,0.71601833,0.88391101,1.0617715,0.93851156,0.79232797,0.8539941,3.1210942,2.6653961,0.79617852,0.72618598,3.9869468,2.8952649,0.76859874,0.71360752,3.2702716,2.3336904,0.80955862,0.64752839,3.4284144,2.2199956
0b_baseline_last,file,19,baseline,9675,165.Chestnut_sided_Warbler/Chestnut_Sided_Warbler_0069_163921.jpg,165,164,165.Chestnut_sided_Warbler,158,157,gaussian_blur,gaussian_blur,0,"{""sigma"":1.422357}",0.046280172,0.033615801,-0.01266437,0.95477444,0.96694291,0.014581296,0.014194941,0.94019314,0.95274797,0.012554822,0.54882255,0.86686848,7.1705618,6.215934,False,0.91532332,True,True,True,0.54882255,0.86686848,7.1705618,6.215934,0.53649675,0.87360063,7.0152002,6.1284834,0.90544654,0.699872,1.4845615,1.039003,0.49954242,1.2845789,1.0617715,1.3639293,0.42375919,0.80676739,3.1210942,2.5179971,0.4905009,0.9279421,3.9869468,3.6996558,0.58332152,0.88142777,3.2702716,2.8825082,0.67489898,0.79138276,3.4284144,2.713188
0b_baseline_last,file,19,baseline,9675,165.Chestnut_sided_Warbler/Chestnut_Sided_Warbler_0069_163921.jpg,165,164,165.Chestnut_sided_Warbler,158,157,random_erasing,random_erasing,0,"{""area_fraction"":0.060476,""erased"":true,""height"":0.206054,""left"":0.020283,""top"":0.569287,""width"":0.293495}",0.046280172,0.038732946,-0.0075472258,0.95477444,0.96200758,0.014581296,0.014233748,0.94019314,0.94777383,0.0075806901,0.94540768,0.87456672,7.1705618,6.2711347,False,0.9934814,True,True,True,0.94540768,0.87456672,7.1705618,6.2711347,0.94342938,0.87506328,7.0152002,6.1387441,0.99026054,0.86340428,1.4845615,1.2817767,0.83036062,0.82819128,1.0617715,0.87934994,0.94224613,0.9090566,3.1210942,2.8372513,0.95758284,0.86092384,3.9869468,3.4324576,0.93137392,0.87536918,3.2702716,2.8626949,0.94778778,0.86938953,3.4284144,2.9806276
0b_baseline_last,file,19,baseline,570,011.Rusty_Blackbird/Rusty_Blackbird_0114_6760.jpg,11,10,011.Rusty_Blackbird,9,8,identity,identity,0,{},2.2385321,2.2385321,0,0.10661489,0.10661489,0.87682587,0.87682587,-0.77021098,-0.77021098,0,1,1,214.75168,214.75168,False,1,True,False,False,1,1,214.75168,214.75168,1,1,211.05358,211.05358,1,1,39.682116,39.682116,1,1,84.049087,84.049087,1,1,118.3053,118.3053,1,1,96.108852,96.108852,1,1,82.795872,82.795872,1,1,85.971811,85.971811
0b_baseline_last,file,19,baseline,570,011.Rusty_Blackbird/Rusty_Blackbird_0114_6760.jpg,11,10,011.Rusty_Blackbird,9,8,horizontal_flip,horizontal_flip,0,"{""flipped"":true}",2.2385321,0.85303128,-1.3855008,0.10661489,0.42612129,0.87682587,0.42647886,-0.77021098,-0.00035756826,0.76985341,0.67388754,0.53853105,214.75168,115.65045,False,0.95222527,True,False,False,0.67388754,0.53853105,214.75168,115.65045,0.6645309,0.53865789,211.05358,113.68567,0.94042419,0.53493065,39.682116,21.22718,0.59973856,0.44224208,84.049087,37.170043,0.72168232,0.58709443,118.3053,69.456381,0.61318655,0.50561078,96.108852,48.593671,0.62457129,0.54865768,82.795872,45.426591,0.71112353,0.55707458,85.971811,47.892711
0b_baseline_last,file,19,baseline,570,011.Rusty_Blackbird/Rusty_Blackbird_0114_6760.jpg,11,10,011.Rusty_Blackbird,9,8,color_jitter,color_jitter,0,"{""brightness"":1.082484,""contrast"":1.207176,""hue"":0.096548,""saturation"":1.143911}",2.2385321,4.4498158,2.2112837,0.10661489,0.01168072,0.87682587,0.9827649,-0.77021098,-0.97108418,-0.2008732,0.78830524,0.88579275,214.75168,190.22548,False,0.96348989,True,False,False,0.78830524,0.88579275,214.75168,190.22548,0.78140274,0.87704164,211.05358,185.10278,0.96350185,1.1049951,39.682116,43.848544,0.90582141,0.66121736,84.049087,55.574715,0.82055572,0.80461639,118.3053,95.19038,0.68013269,0.87785192,96.108852,84.36934,0.74926231,0.98414239,82.795872,81.482927,0.82522675,1.0632452,85.971811,91.40912
0b_baseline_last,file,19,baseline,570,011.Rusty_Blackbird/Rusty_Blackbird_0114_6760.jpg,11,10,011.Rusty_Blackbird,9,8,rotation,rotation,0,"{""angle"":14.657863}",2.2385321,3.5338039,1.2952719,0.10661489,0.029193653,0.87682587,0.9292326,-0.77021098,-0.90003894,-0.12982796,0.80872072,0.96816927,214.75168,207.91597,False,0.94841951,True,False,False,0.80872072,0.96816927,214.75168,207.91597,0.80364148,0.96711081,211.05358,204.1122,0.94837943,0.99764545,39.682116,39.588683,0.94907176,0.81522344,84.049087,68.518786,0.87424886,1.0956177,118.3053,129.61738,0.68249751,0.85563036,96.108852,82.233652,0.72497518,0.96444533,82.795872,79.852092,0.7715829,0.97509395,85.971811,83.830593
0b_baseline_last,file,19,baseline,570,011.Rusty_Blackbird/Rusty_Blackbird_0114_6760.jpg,11,10,011.Rusty_Blackbird,9,8,random_resized_crop,random_resized_crop,0,"{""area_fraction"":0.650055,""aspect"":1.250525,""fallback"":false,""height"":0.720989,""left"":0.065246,""top"":0.049766,""width"":0.901615}",2.2385321,5.366004,3.1274719,0.10661489,0.0046727657,0.87682587,0.95398539,-0.77021098,-0.94931263,-0.17910165,0.79149389,0.96364403,214.75168,206.94417,False,0.92447972,True,False,False,0.79149389,0.96364403,214.75168,206.94417,0.78638569,0.95775876,211.05358,202.13841,0.92439728,1.1173563,39.682116,44.339063,0.88430767,0.81283485,84.049087,68.318027,0.85394362,1.0148455,118.3053,120.0616,0.70651,0.88262322,96.108852,84.827904,0.70592192,0.99203027,82.795872,82.136011,0.75965329,1.0296339,85.971811,88.519487
0b_baseline_last,file,19,baseline,570,011.Rusty_Blackbird/Rusty_Blackbird_0114_6760.jpg,11,10,011.Rusty_Blackbird,9,8,gaussian_blur,gaussian_blur,0,"{""sigma"":1.365255}",2.2385321,2.2208562,-0.017675877,0.10661489,0.10851615,0.87682587,0.81231642,-0.77021098,-0.70380027,0.066410713,0.81253981,0.94123539,214.75168,202.13188,False,0.96684736,True,False,False,0.81253981,0.94123539,214.75168,202.13188,0.80702653,0.94070092,211.05358,198.53829,0.96606937,0.95623029,39.682116,37.945241,0.85958787,0.8296881,84.049087,69.734527,0.80786492,0.87284144,118.3053,103.26177,0.71655638,0.93800776,96.108852,90.150849,0.82750848,1.0843308,82.795872,89.778116,0.86790651,1.0209624,85.971811,87.773985
0b_baseline_last,file,19,baseline,570,011.Rusty_Blackbird/Rusty_Blackbird_0114_6760.jpg,11,10,011.Rusty_Blackbird,9,8,random_erasing,random_erasing,0,"{""area_fraction"":0.175081,""erased"":true,""height"":0.571013,""left"":0.305979,""top"":0.170892,""width"":0.306615}",2.2385321,3.7763083,1.5377762,0.10661489,0.022907102,0.87682587,0.91186291,-0.77021098,-0.88895581,-0.11874483,0.65161674,0.70955733,214.75168,152.37863,False,0.92501694,True,False,False,0.65161674,0.70955733,214.75168,152.37863,0.63986362,0.69483403,211.05358,146.64721,0.92475801,1.0432554,39.682116,41.398581,0.71240422,0.50170243,84.049087,42.167631,0.64861554,0.56800972,118.3053,67.198559,0.59902916,0.69199256,96.108852,66.506611,0.61365871,0.82957013,82.795872,68.684982,0.71717157,0.90629622,85.971811,77.915927
0b_baseline_last,file,19,baseline,862,016.Painted_Bunting/Painted_Bunting_0034_15207.jpg,16,15,016.Painted_Bunting,14,13,identity,identity,0,{},0.0010966008,0.0010966008,0,0.99890399,0.99890399,0.00029694731,0.00029694731,0.99860704,0.99860704,0,1,1,0.15508446,0.15508446,False,0.99999988,True,True,True,1,1,0.15508446,0.15508446,1,1,0.15102908,0.15102908,1,1,0.035233594,0.035233594,1,1,0.024536038,0.024536038,1,1,0.054372744,0.054372744,1,1,0.075340353,0.075340353,1,1,0.071712616,0.071712616,1,1,0.091828655,0.091828655
0b_baseline_last,file,19,baseline,862,016.Painted_Bunting/Painted_Bunting_0034_15207.jpg,16,15,016.Painted_Bunting,14,13,horizontal_flip,horizontal_flip,0,"{""flipped"":true}",0.0010966008,0.0013410394,0.00024443865,0.99890399,0.99865985,0.00029694731,0.00013653901,0.99860704,0.99852331,-8.3732317e-05,0.67418176,1.3209583,0.15508446,0.2048601,False,0.97634917,True,True,True,0.67418176,1.3209583,0.15508446,0.2048601,0.66076063,1.32841,0.15102908,0.20062854,0.957627,1.1756625,0.035233594,0.041422814,0.66760422,1.4580519,0.024536038,0.035774817,0.51350893,1.4078403,0.054372744,0.07654814,0.61336251,1.3150055,0.075340353,0.099072981,0.61562122,1.3855637,0.071712616,0.099362396,0.78324993,1.2617201,0.091828655,0.11586206
0b_baseline_last,file,19,baseline,862,016.Painted_Bunting/Painted_Bunting_0034_15207.jpg,16,15,016.Painted_Bunting,14,13,color_jitter,color_jitter,0,"{""brightness"":0.894402,""contrast"":0.895358,""hue"":-0.015454,""saturation"":1.176656}",0.0010966008,0.001033249,-6.3351821e-05,0.99890399,0.99896729,0.00029694731,0.0002712573,0.99860704,0.99869603,8.8990142e-05,0.81521977,1.0802594,0.15508446,0.16753145,False,0.98750287,True,True,True,0.81521977,1.0802594,0.15508446,0.16753145,0.80766384,1.0854957,0.15102908,0.16394142,0.97328385,0.97907534,0.035233594,0.034496343,0.54188105,1.1907381,0.024536038,0.029215996,0.67169239,1.3937896,0.054372744,0.075784168,0.80374755,1.1819936,0.075340353,0.089051814,0.84594809,1.0453707,0.071712616,0.074966265,0.91609644,0.89335301,0.091828655,0.082035405
0b_baseline_last,file,19,baseline,862,016.Painted_Bunting/Painted_Bunting_0034_15207.jpg,16,15,016.Painted_Bunting,14,13,rotation,rotation,0,"{""angle"":4.303533}",0.0010966008,0.0019864368,0.000889836,0.99890399,0.99801552,0.00029694731,0.00029238235,0.99860704,0.99772314,-0.00088390187,0.8334181,1.9503249,0.15508446,0.30246507,False,0.98813152,True,True,True,0.8334181,1.9503249,0.15508446,0.30246507,0.82626454,1.9547655,0.15102908,0.29522642,0.9718872,1.8668538,0.035233594,0.065775968,0.73752803,2.3978855,0.024536038,0.058834612,0.74517698,2.086407,0.054372744,0.11344368,0.79735279,2.0078757,0.075340353,0.15127407,0.81323215,1.9768586,0.071712616,0.1417657,0.90220676,1.8172119,0.091828655,0.16687213
0b_baseline_last,file,19,baseline,862,016.Painted_Bunting/Painted_Bunting_0034_15207.jpg,16,15,016.Painted_Bunting,14,13,random_resized_crop,random_resized_crop,0,"{""area_fraction"":0.605371,""aspect"":1.028735,""fallback"":false,""height"":0.767113,""left"":0.023369,""top"":0.056961,""width"":0.789155}",0.0010966008,0.00031359046,-0.00078301033,0.99890399,0.99968648,0.00029694731,7.1333925e-05,0.99860704,0.99961515,0.0010081032,0.74957691,0.34665736,0.15508446,0.053761168,False,0.9798215,True,True,True,0.74957691,0.34665736,0.15508446,0.053761168,0.73788024,0.34721301,0.15102908,0.052439261,0.97184167,0.33628442,0.035233594,0.011848509,0.68118208,0.48860025,0.024536038,0.011988314,0.67213205,0.38496856,0.054372744,0.020931797,0.71372663,0.35401163,0.075340353,0.026671361,0.71112404,0.34315931,0.071712616,0.024608852,0.81728003,0.31768861,0.091828655,0.029172918
0b_baseline_last,file,19,baseline,862,016.Painted_Bunting/Painted_Bunting_0034_15207.jpg,16,15,016.Painted_Bunting,14,13,gaussian_blur,gaussian_blur,0,"{""sigma"":1.075982}",0.0010966008,0.0026749326,0.0015783318,0.99890399,0.99732864,0.00029694731,0.00088864396,0.99860704,0.99644,-0.0021670474,0.64266672,3.0987668,0.15508446,0.48057056,False,0.96528023,True,True,True,0.64266672,3.0987668,0.15508446,0.48057056,0.62799051,3.1155562,0.15102908,0.47053958,0.9499074,2.7722352,0.035233594,0.097675811,0.38369291,4.5937889,0.024536038,0.11271338,0.46068154,4.2818994,0.054372744,0.23281862,0.60011063,3.2458834,0.075340353,0.244546,0.67986457,2.980369,0.071712616,0.21373006,0.79971332,2.4109491,0.091828655,0.22139421
0b_baseline_last,file,19,baseline,862,016.Painted_Bunting/Painted_Bunting_0034_15207.jpg,16,15,016.Painted_Bunting,14,13,random_erasing,random_erasing,0,"{""area_fraction"":0.195512,""erased"":true,""height"":0.26477,""left"":0.085608,""top"":0.069767,""width"":0.738423}",0.0010966008,0.010705422,0.0096088209,0.99890399,0.98935169,0.00029694731,0.001394505,0.99860704,0.98795718,-0.010649858,0.70609975,10.230152,0.15508446,1.5865376,False,0.93971181,True,True,True,0.70609975,10.230152,0.15508446,1.5865376,0.69691224,10.310679,0.15102908,1.5572124,0.91896852,8.6176224,0.035233594,0.30362981,0.69475288,13.303644,0.024536038,0.32641871,0.68491118,11.452625,0.054372744,0.62271065,0.6853995,10.008506,0.075340353,0.75404434,0.66836268,10.820008,0.071712616,0.77593105,0.73728494,9.4931788,0.091828655,0.87174584
0b_baseline_last,file,19,baseline,8466,145.Elegant_Tern/Elegant_Tern_0032_150488.jpg,145,144,145.Elegant_Tern,143,142,identity,identity,0,{},0.18501319,0.18501319,0,0.83109331,0.83109331,0.15109892,0.15109892,0.67999439,0.67999439,0,1,1,26.683979,26.683979,False,1,True,True,True,1,1,26.683979,26.683979,1,1,25.714331,25.714331,1,1,7.1279693,7.1279693,1,1,4.6181451,4.6181451,1,1,13.09739,13.09739,1,1,12.270137,12.270137,1,1,11.763441,11.763441,1,1,13.394891,13.394891
0b_baseline_last,file,19,baseline,8466,145.Elegant_Tern/Elegant_Tern_0032_150488.jpg,145,144,145.Elegant_Tern,143,142,horizontal_flip,horizontal_flip,0,"{""flipped"":true}",0.18501319,0.10206083,-0.082952358,0.83109331,0.90297461,0.15109892,0.075653963,0.67999439,0.82732064,0.14732625,0.69724236,0.56738624,26.683979,15.140123,False,0.98107946,True,True,True,0.69724236,0.56738624,26.683979,15.140123,0.67907312,0.57257264,25.714331,14.723322,0.97772725,0.49495785,7.1279693,3.5280444,0.62608961,0.48737003,4.6181451,2.2507455,0.71052477,0.54163306,13.09739,7.0939793,0.6614947,0.59388697,12.270137,7.2870745,0.60484151,0.59726477,11.763441,7.0258887,0.733685,0.57305562,13.394891,7.6760177
0b_baseline_last,file,19,baseline,8466,145.Elegant_Tern/Elegant_Tern_0032_150488.jpg,145,144,145.Elegant_Tern,143,142,color_jitter,color_jitter,0,"{""brightness"":0.614174,""contrast"":1.33129,""hue"":-0.050594,""saturation"":1.083633}",0.18501319,2.2856996,2.1006864,0.83109331,0.10170288,0.15109892,0.85195655,0.67999439,-0.75025366,-1.4302481,0.7254426,5.0492884,26.683979,134.73511,False,0.84943533,False,True,False,0.7254426,5.0492884,26.683979,134.73511,0.71604911,5.0496505,25.714331,129.84838,0.84781511,5.0445733,7.1279693,35.957564,0.49395668,6.1782201,4.6181451,28.531917,0.75420747,4.8128625,13.09739,63.035936,0.7510362,4.9726185,12.270137,61.01471,0.70853648,5.2579202,11.763441,61.851232,0.69400669,5.0217199,13.394891,67.265392
0b_baseline_last,file,19,baseline,8466,145.Elegant_Tern/Elegant_Tern_0032_150488.jpg,145,144,145.Elegant_Tern,143,142,rotation,rotation,0,"{""angle"":-14.886423}",0.18501319,0.16830434,-0.016708851,0.83109331,0.84509659,0.15109892,0.080974557,0.67999439,0.76412203,0.084127642,0.64119723,0.79424177,26.683979,21.193531,False,0.95276362,True,True,True,0.64119723,0.79424177,26.683979,21.193531,0.62239461,0.79793371,25.714331,20.518331,0.90488834,0.74452644,7.1279693,5.3069616,0.61825139,0.90759678,4.6181451,4.1914136,0.63824931,0.77243464,13.09739,10.116877,0.58344019,0.74560042,12.270137,9.1486193,0.58787475,0.82764263,11.763441,9.735925,0.66767187,0.82661109,13.394891,11.072366
0b_baseline_last,file,19,baseline,8466,145.Elegant_Tern/Elegant_Tern_0032_150488.jpg,145,144,145.Elegant_Tern,143,142,random_resized_crop,random_resized_crop,0,"{""area_fraction"":0.513507,""aspect"":0.939065,""fallback"":false,""height"":0.739478,""left"":0.153667,""top"":0.187863,""width"":0.694418}",0.18501319,0.22592518,0.040911987,0.83109331,0.79777777,0.15109892,0.12920922,0.67999439,0.66856855,-0.011425838,0.66587169,1.0927533,26.683979,29.159005,False,0.92044771,True,True,True,0.66587169,1.0927533,26.683979,29.159005,0.65037889,1.1028179,25.714331,28.358225,0.9061634,0.95211625,7.1279693,6.7866554,0.61369841,1.2939683,4.6181451,5.9757331,0.67859578,1.066265,13.09739,13.965288,0.65748352,1.1530719,12.270137,14.14835,0.59273767,1.1123826,11.763441,13.085446,0.67136355,1.0611711,13.394891,14.214272
0b_baseline_last,file,19,baseline,8466,145.Elegant_Tern/Elegant_Tern_0032_150488.jpg,145,144,145.Elegant_Tern,143,142,gaussian_blur,gaussian_blur,0,"{""sigma"":1.77781}",0.18501319,0.23468378,0.049670592,0.83109331,0.7908209,0.15109892,0.15088616,0.67999439,0.63993473,-0.040059656,0.63138011,1.2692826,26.683979,33.86951,False,0.91753691,True,True,True,0.63138011,1.2692826,26.683979,33.86951,0.61822214,1.2925778,25.714331,33.237774,0.91009086,0.91345444,7.1279693,6.5110752,0.63738154,1.6391024,4.6181451,7.5696128,0.6041177,1.213706,13.09739,15.89638,0.603862,1.3844137,12.270137,16.986946,0.57132306,1.3921725,11.763441,16.376738,0.69877301,1.1517306,13.394891,15.427306
0b_baseline_last,file,19,baseline,8466,145.Elegant_Tern/Elegant_Tern_0032_150488.jpg,145,144,145.Elegant_Tern,143,142,random_erasing,random_erasing,0,"{""area_fraction"":0.182623,""erased"":true,""height"":0.592672,""left"":0.027593,""top"":0.134812,""width"":0.308134}",0.18501319,0.7178058,0.53279261,0.83109331,0.48782146,0.15109892,0.35716254,0.67999439,0.13065892,-0.54933546,0.70914498,3.0275679,26.683979,80.787559,False,0.88075203,True,True,True,0.70914498,3.0275679,26.683979,80.787559,0.69940381,3.0597762,25.714331,78.680096,0.87003908,2.5718787,7.1279693,18.332273,0.6742715,2.9910902,4.6181451,13.813289,0.76789834,2.7382254,13.09739,35.863605,0.69938542,3.4284369,12.270137,42.067391,0.63724654,3.1319584,11.763441,36.842607,0.70125963,2.9735971,13.394891,39.83101
0b_baseline_last,file,19,baseline,2787,049.Boat_tailed_Grackle/Boat_Tailed_Grackle_0030_33615.jpg,49,48,049.Boat_tailed_Grackle,9,8,identity,identity,0,{},0.74497467,0.74497467,0,0.47474632,0.47474632,0.17360778,0.17360778,0.30113854,0.30113854,0,1,1,68.529794,68.529794,False,1,True,True,True,1,1,68.529794,68.529794,1,1,66.801213,66.801213,1,1,15.29479,15.29479,1,1,19.257198,19.257198,1,1,28.743459,28.743459,1,1,30.235383,30.235383,1,1,32.548366,32.548366,1,1,35.941638,35.941638
0b_baseline_last,file,19,baseline,2787,049.Boat_tailed_Grackle/Boat_Tailed_Grackle_0030_33615.jpg,49,48,049.Boat_tailed_Grackle,9,8,horizontal_flip,horizontal_flip,0,"{""flipped"":true}",0.74497467,0.66709948,-0.077875197,0.47474632,0.51319498,0.17360778,0.10658518,0.30113854,0.4066098,0.10547126,0.56532284,1.0219962,68.529794,70.037189,False,0.95907724,True,True,True,0.56532284,1.0219962,68.529794,70.037189,0.54613768,1.021342,66.801213,68.226881,0.9267184,1.0343974,15.29479,15.820891,0.40276265,1.1047176,19.257198,21.273767,0.50536336,1.0159074,28.743459,29.200694,0.46919769,1.0073658,30.235383,30.458092,0.51430211,1.008449,32.548366,32.823369,0.69684187,1.0202256,35.941638,36.66858
0b_baseline_last,file,19,baseline,2787,049.Boat_tailed_Grackle/Boat_Tailed_Grackle_0030_33615.jpg,49,48,049.Boat_tailed_Grackle,9,8,color_jitter,color_jitter,0,"{""brightness"":0.850935,""contrast"":0.82149,""hue"":-0.070851,""saturation"":1.112576}",0.74497467,1.8545816,1.1096069,0.47474632,0.15651841,0.17360778,0.28632742,0.30113854,-0.12980901,-0.43094754,0.73000589,1.734241,68.529794,118.84718,False,0.9246881,False,True,False,0.73000589,1.734241,68.529794,118.84718,0.72218543,1.7478912,66.801213,116.76125,0.92219798,1.4494432,15.29479,22.168928,0.73518276,1.8420338,19.257198,35.472411,0.66583114,1.8977385,28.743459,54.547569,0.69175702,1.6865375,30.235383,50.993107,0.73396913,1.7376257,32.548366,56.556877,0.77392661,1.6694852,35.941638,60.004034
0b_baseline_last,file,19,baseline,2787,049.Boat_tailed_Grackle/Boat_Tailed_Grackle_0030_33615.jpg,49,48,049.Boat_tailed_Grackle,9,8,rotation,rotation,0,"{""angle"":6.787145}",0.74497467,0.56870526,-0.17626941,0.47474632,0.56625813,0.17360778,0.16778381,0.30113854,0.39847432,0.097335786,0.73881763,1.1133751,68.529794,76.299366,False,0.95384669,True,True,True,0.73881763,1.1133751,68.529794,76.299366,0.73032623,1.1213305,66.801213,74.906235,0.94010175,0.94893479,15.29479,14.513758,0.68305918,1.1084805,19.257198,21.34623,0.73257754,1.2563739,28.743459,36.112532,0.67542576,1.1995845,30.235383,36.269896,0.72036688,1.0789029,32.548366,35.116527,0.80883098,1.0041293,35.941638,36.090052
0b_baseline_last,file,19,baseline,2787,049.Boat_tailed_Grackle/Boat_Tailed_Grackle_0030_33615.jpg,49,48,049.Boat_tailed_Grackle,9,8,random_resized_crop,random_resized_crop,0,"{""area_fraction"":0.817665,""aspect"":1.164103,""fallback"":false,""height"":0.838093,""left"":0.013023,""top"":0.124974,""width"":0.975626}",0.74497467,0.92151153,0.17653686,0.47474632,0.39791712,0.17360778,0.21418631,0.30113854,0.18373081,-0.11740772,0.7493204,1.3950852,68.529794,95.604902,False,0.96604323,True,True,True,0.7493204,1.3950852,68.529794,95.604902,0.74073923,1.406349,66.801213,93.945818,0.9612903,1.1594538,15.29479,17.733602,0.72092624,1.4532371,19.257198,27.985276,0.71368822,1.4596777,28.743459,41.956186,0.66194468,1.5089188,30.235383,45.622737,0.76321383,1.3999955,32.548366,45.567565,0.81755852,1.2824153,35.941638,46.092107
0b_baseline_last,file,19,baseline,2787,049.Boat_tailed_Grackle/Boat_Tailed_Grackle_0030_33615.jpg,49,48,049.Boat_tailed_Grackle,9,8,gaussian_blur,gaussian_blur,0,"{""sigma"":1.014402}",0.74497467,0.41921401,-0.32576066,0.47474632,0.65756345,0.17360778,0.023577342,0.30113854,0.63398611,0.33284757,0.54158283,0.7938206,68.529794,54.400362,False,0.93948853,True,True,True,0.54158283,0.7938206,68.529794,54.400362,0.52869347,0.80213468,66.801213,53.583569,0.88146725,0.61403347,15.29479,9.3915128,-0.0087110207,0.86528697,19.257198,16.663003,0.4445733,0.82268255,28.743459,23.646742,0.54951674,0.94410746,30.235383,28.545451,0.60370278,0.7356975,32.548366,23.945752,0.70955405,0.70723395,35.941638,25.419147
0b_baseline_last,file,19,baseline,2787,049.Boat_tailed_Grackle/Boat_Tailed_Grackle_0030_33615.jpg,49,48,049.Boat_tailed_Grackle,9,8,random_erasing,random_erasing,0,"{""area_fraction"":0.173714,""erased"":true,""height"":0.744558,""left"":0.450821,""top"":0.12632,""width"":0.233312}",0.74497467,3.7688961,3.0239214,0.47474632,0.023077518,0.17360778,0.020081729,0.30113854,0.0029957891,-0.29814275,0.39769706,1.7995523,68.529794,123.32295,False,0.83877093,False,True,False,0.39769706,1.7995523,68.529794,123.32295,0.38376168,1.8202753,66.801213,121.5966,0.77531579,1.3444125,15.29479,20.562506,0.43542097,1.9773635,19.257198,38.078481,0.24716111,1.9239378,28.743459,55.300627,0.33419349,1.8577274,30.235383,56.1691,0.3389639,1.6575422,32.548366,53.950289,0.53257259,1.8057034,35.941638,64.899937
0b_baseline_last,file,19,baseline,2661,047.American_Goldfinch/American_Goldfinch_0053_32359.jpg,47,46,047.American_Goldfinch,55,54,identity,identity,0,{},0.0077897105,0.0077897105,0,0.99224055,0.99224055,0.0024338148,0.0024338148,0.98980673,0.98980673,0,1,1,1.2395955,1.2395955,False,1,True,True,True,1,1,1.2395955,1.2395955,1,1,1.2193824,1.2193824,1,1,0.22294327,0.22294327,1,1,0.265533,0.265533,1,1,0.46967332,0.46967332,1,1,0.60181696,0.60181696,1,1,0.61013048,0.61013048,1,1,0.67922731,0.67922731
0b_baseline_last,file,19,baseline,2661,047.American_Goldfinch/American_Goldfinch_0053_32359.jpg,47,46,047.American_Goldfinch,55,54,horizontal_flip,horizontal_flip,0,"{""flipped"":true}",0.0077897105,0.015824217,0.0080345068,0.99224055,0.98430032,0.0024338148,0.0018256748,0.98980673,0.98247464,-0.0073320927,0.6322407,1.7521614,1.2395955,2.1719714,False,0.97209322,True,True,True,0.6322407,1.7521614,1.2395955,2.1719714,0.62131706,1.7497701,1.2193824,2.1336388,0.94652914,1.8222458,0.22294327,0.40625743,0.58666189,1.6742013,0.265533,0.4445557,0.59406427,1.6694886,0.46967332,0.78411427,0.53221269,1.8103709,0.60181696,1.0895119,0.59399602,1.7907254,0.61013048,1.0925761,0.73689947,1.7164261,0.67922731,1.1658434
0b_baseline_last,file,19,baseline,2661,047.American_Goldfinch/American_Goldfinch_0053_32359.jpg,47,46,047.American_Goldfinch,55,54,color_jitter,color_jitter,0,"{""brightness"":0.707977,""contrast"":1.087143,""hue"":-0.073238,""saturation"":0.907021}",0.0077897105,3.7974789,3.7896892,0.99224055,0.022427244,0.0024338148,0.032936882,0.98980673,-0.010509638,-1.0003164,0.49551447,188.05428,1.2395955,233.11125,False,0.7386899,False,True,False,0.49551447,188.05428,1.2395955,233.11125,0.49360265,189.84771,1.2193824,231.49696,0.63054919,122.84007,0.22294327,27.386367,0.33204043,255.75344,0.265533,67.910978,0.59017777,249.84816,0.46967332,117.34701,0.63737228,221.44238,0.60181696,133.26778,0.43981889,153.21607,0.61013048,93.481795,0.38833697,137.39811,0.67922731,93.324547
0b_baseline_last,file,19,baseline,2661,047.American_Goldfinch/American_Goldfinch_0053_32359.jpg,47,46,047.American_Goldfinch,55,54,rotation,rotation,0,"{""angle"":13.407675}",0.0077897105,0.012790782,0.0050010718,0.99224055,0.98729068,0.0024338148,0.00013692513,0.98980673,0.98715376,-0.002652978,0.52967274,2.0728919,1.2395955,2.5695475,False,0.94677567,True,True,True,0.52967274,2.0728919,1.2395955,2.5695475,0.52081419,2.0742338,1.2193824,2.5292842,0.8002474,2.0323375,0.22294327,0.45309598,0.42802677,1.7494848,0.265533,0.46454593,0.33687902,2.06382,0.46967332,0.96932121,0.50594884,2.3119708,0.60181696,1.3913832,0.57689837,2.3195432,0.61013048,1.415224,0.61689543,1.680627,0.67922731,1.1415278
0b_baseline_last,file,19,baseline,2661,047.American_Goldfinch/American_Goldfinch_0053_32359.jpg,47,46,047.American_Goldfinch,55,54,random_resized_crop,random_resized_crop,0,"{""area_fraction"":0.576205,""aspect"":0.817467,""fallback"":false,""height"":0.839563,""left"":0.304673,""top"":0.004961,""width"":0.686316}",0.0077897105,5.4053583,5.3975686,0.99224055,0.0044924458,0.0024338148,0.0025800772,0.98980673,0.0019123687,-0.98789436,0.26578461,112.5201,1.2395955,139.47941,False,0.66505897,False,True,False,0.26578461,112.5201,1.2395955,139.47941,0.25480391,112.18029,1.2193824,136.79067,0.56816529,122.24956,0.22294327,27.254716,0.11465707,97.814861,0.265533,25.973073,0.12359389,103.6381,0.46967332,48.67605,0.32775997,128.90642,0.60181696,77.578068,0.26246935,105.32628,0.61013048,64.262774,0.26339224,109.38086,0.67922731,74.294468
0b_baseline_last,file,19,baseline,2661,047.American_Goldfinch/American_Goldfinch_0053_32359.jpg,47,46,047.American_Goldfinch,55,54,gaussian_blur,gaussian_blur,0,"{""sigma"":1.068318}",0.0077897105,0.0023008322,-0.0054888783,0.99224055,0.99770182,0.0024338148,0.00047370043,0.98980673,0.99722812,0.0074213899,0.72514166,0.30605286,1.2395955,0.37938176,False,0.96990788,True,True,True,0.72514166,0.30605286,1.2395955,0.37938176,0.71750477,0.30645265,1.2193824,0.37368297,0.9640256,0.2938416,0.22294327,0.065510007,0.47452016,0.29053512,0.265533,0.077146661,0.60197654,0.30733654,0.46967332,0.14434777,0.65563037,0.32020804,0.60181696,0.19270663,0.74678082,0.3199906,0.61013048,0.19523601,0.84595429,0.28547492,0.67922731,0.19390236
0b_baseline_last,file,19,baseline,2661,047.American_Goldfinch/American_Goldfinch_0053_32359.jpg,47,46,047.American_Goldfinch,55,54,random_erasing,random_erasing,0,"{""area_fraction"":0.100963,""erased"":true,""height"":0.327403,""left"":0.118412,""top"":0.250872,""width"":0.308374}",0.0077897105,0.95792747,0.95013775,0.99224055,0.38368729,0.0024338148,0.007157627,0.98980673,0.37652966,-0.61327707,0.50674111,90.418963,1.2395955,112.08294,False,0.81495845,True,True,True,0.50674111,90.418963,1.2395955,112.08294,0.50103442,90.656838,1.2193824,110.54535,0.69515416,82.988213,0.22294327,18.501664,0.52422877,70.894315,0.265533,18.82478,0.43152646,88.146331,0.46967332,41.39998,0.52484986,94.246968,0.60181696,56.719424,0.55583649,108.45913,0.61013048,66.17422,0.47088062,74.43039,0.67922731,50.555153
0b_baseline_last,file,19,baseline,10932,186.Cedar_Waxwing/Cedar_Waxwing_0031_178929.jpg,186,185,186.Cedar_Waxwing,111,110,identity,identity,0,{},2.8505764,2.8505764,0,0.057810996,0.057810996,0.44425568,0.44425568,-0.38644468,-0.38644468,0,1,1,255.48607,255.48607,False,1,True,False,False,1,1,255.48607,255.48607,1,1,253.75462,253.75462,1,1,29.693871,29.693871,1,1,58.811677,58.811677,1,1,137.13532,137.13532,1,1,141.70615,141.70615,1,1,117.07151,117.07151,1,1,91.324292,91.324292
0b_baseline_last,file,19,baseline,10932,186.Cedar_Waxwing/Cedar_Waxwing_0031_178929.jpg,186,185,186.Cedar_Waxwing,111,110,horizontal_flip,horizontal_flip,0,"{""flipped"":true}",2.8505764,5.5894074,2.738831,0.057810996,0.0037372413,0.44425568,0.43547207,-0.38644468,-0.43173483,-0.045290146,0.64098513,0.95321905,255.48607,243.53419,False,0.89103121,True,False,False,0.64098513,0.95321905,255.48607,243.53419,0.63737938,0.95218214,253.75462,241.62062,0.88710269,1.0261145,29.693871,30.469312,0.58728787,1.0086836,58.811677,59.322372,0.64856513,0.83507432,137.13532,114.51818,0.63477486,1.0130487,141.70615,143.55523,0.61255296,0.9839017,117.07151,115.18686,0.70000933,0.97145904,91.324292,88.717809
0b_baseline_last,file,19,baseline,10932,186.Cedar_Waxwing/Cedar_Waxwing_0031_178929.jpg,186,185,186.Cedar_Waxwing,111,110,color_jitter,color_jitter,0,"{""brightness"":0.903293,""contrast"":0.692247,""hue"":0.086033,""saturation"":0.664529}",2.8505764,7.120903,4.2703266,0.057810996,0.00080803671,0.44425568,0.0093269357,-0.38644468,-0.008518899,0.37792579,0.38674878,0.5662785,255.48607,144.67627,False,0.77828014,False,False,False,0.38674878,0.5662785,255.48607,144.67627,0.38184976,0.55498825,253.75462,140.83083,0.65997248,1.115872,29.693871,33.13456,0.3160244,0.44547079,58.811677,26.198884,0.43731194,0.55326929,137.13532,75.87276,0.35471677,0.56734825,141.70615,80.396736,0.34494979,0.4833095,117.07151,56.581773,0.40953599,0.66832029,91.324292,61.033877
0b_baseline_last,file,19,baseline,10932,186.Cedar_Waxwing/Cedar_Waxwing_0031_178929.jpg,186,185,186.Cedar_Waxwing,111,110,rotation,rotation,0,"{""angle"":-0.881884}",2.8505764,3.7874668,0.93689036,0.057810996,0.022652915,0.44425568,0.28235295,-0.38644468,-0.25970004,0.12674464,0.92185228,0.87327884,255.48607,223.11058,False,0.98196113,True,False,False,0.92185228,0.87327884,255.48607,223.11058,0.92128837,0.8720888,253.75462,221.29656,0.96326373,0.95619101,29.693871,28.393012,0.88108377,0.8928808,58.811677,52.511818,0.92741504,0.85849364,137.13532,117.7298,0.92733429,0.8803445,141.70615,124.75023,0.92136191,0.85425727,117.07151,100.00919,0.91161132,0.90228932,91.324292,82.400933
0b_baseline_last,file,19,baseline,10932,186.Cedar_Waxwing/Cedar_Waxwing_0031_178929.jpg,186,185,186.Cedar_Waxwing,111,110,random_resized_crop,random_resized_crop,0,"{""area_fraction"":0.575741,""aspect"":0.797099,""fallback"":false,""height"":0.84988,""left"":0.016217,""top"":0.09193,""width"":0.677438}",2.8505764,4.9025612,2.0519848,0.057810996,0.0074275336,0.44425568,0.29879716,-0.38644468,-0.29136963,0.095075057,0.71517541,0.93799176,255.48607,239.64383,False,0.92441356,False,False,False,0.71517541,0.93799176,255.48607,239.64383,0.71283967,0.93556993,253.75462,237.40519,0.86948319,1.1005422,29.693871,32.679359,0.52707609,0.86942073,58.811677,51.132091,0.77014673,0.89419036,137.13532,122.62508,0.73176928,0.9307475,141.70615,131.89265,0.67742573,0.98674447,117.07151,115.51967,0.68310148,0.97751949,91.324292,89.271276
0b_baseline_last,file,19,baseline,10932,186.Cedar_Waxwing/Cedar_Waxwing_0031_178929.jpg,186,185,186.Cedar_Waxwing,111,110,gaussian_blur,gaussian_blur,0,"{""sigma"":1.421682}",2.8505764,6.0351095,3.1845331,0.057810996,0.0023932345,0.44425568,0.028086361,-0.38644468,-0.025693126,0.36075156,0.51756164,0.55649418,255.48607,142.17651,False,0.84826589,False,False,False,0.51756164,0.55649418,255.48607,142.17651,0.51359845,0.55000564,253.75462,139.56647,0.75824113,0.91323683,29.693871,27.117537,0.55298464,0.59090547,58.811677,34.752142,0.59099171,0.44882163,137.13532,61.549297,0.47676133,0.5311958,141.70615,75.273712,0.45827321,0.58665685,117.07151,68.680804,0.56446865,0.7011062,91.324292,64.028028
0b_baseline_last,file,19,baseline,10932,186.Cedar_Waxwing/Cedar_Waxwing_0031_178929.jpg,186,185,186.Cedar_Waxwing,111,110,random_erasing,random_erasing,0,"{""area_fraction"":0.133673,""erased"":true,""height"":0.345793,""left"":0.387989,""top"":0.503623,""width"":0.386571}",2.8505764,2.6791658,-0.17141056,0.057810996,0.068620376,0.44425568,0.28382766,-0.38644468,-0.21520729,0.1712374,0.75003402,0.8333454,255.48607,212.90814,False,0.87129116,True,False,False,0.75003402,0.8333454,255.48607,212.90814,0.7486591,0.83281525,253.75462,211.33072,0.84676997,0.8711896,29.693871,25.868992,0.8234286,0.74198444,58.811677,43.637349,0.79362693,0.72481056,137.13532,99.397127,0.77084822,0.85187006,141.70615,120.71523,0.7190371,0.91938036,117.07151,107.63325,0.6638969,0.89760414,91.324292,81.973063
0b_baseline_last,file,19,baseline,7598,130.Tree_Sparrow/Tree_Sparrow_0039_124140.jpg,130,129,130.Tree_Sparrow,133,132,identity,identity,0,{},3.5397911,3.5397911,0,0.029019389,0.029019389,0.73391104,0.73391104,-0.70489165,-0.70489165,0,1,1,202.50668,202.50668,False,1,True,False,False,1,1,202.50668,202.50668,1,1,200.07307,200.07307,1,1,31.300517,31.300517,1,1,38.649309,38.649309,1,1,91.080838,91.080838,1,1,107.53212,107.53212,1,1,98.807426,98.807426,1,1,94.412288,94.412288
0b_baseline_last,file,19,baseline,7598,130.Tree_Sparrow/Tree_Sparrow_0039_124140.jpg,130,129,130.Tree_Sparrow,133,132,horizontal_flip,horizontal_flip,0,"{""flipped"":true}",3.5397911,0.87756193,-2.6622292,0.029019389,0.41579545,0.73391104,0.16831462,-0.70489165,0.24748082,0.95237247,0.57652757,0.42966581,202.50668,87.010196,False,0.95101798,False,False,True,0.57652757,0.42966581,202.50668,87.010196,0.56825116,0.42579261,200.07307,85.189635,0.85372892,0.56567566,31.300517,17.705941,0.54976099,0.44580364,38.649309,17.230003,0.59162093,0.40111494,91.080838,36.533885,0.49638069,0.40818962,107.53212,43.893496,0.55883394,0.42089463,98.807426,41.587515,0.64711709,0.47005773,94.412288,44.379226
0b_baseline_last,file,19,baseline,7598,130.Tree_Sparrow/Tree_Sparrow_0039_124140.jpg,130,129,130.Tree_Sparrow,133,132,color_jitter,color_jitter,0,"{""brightness"":0.912241,""contrast"":0.924698,""hue"":0.051104,""saturation"":1.274153}",3.5397911,6.8045692,3.2647781,0.029019389,0.0011086974,0.73391104,0.33734155,-0.70489165,-0.33623285,0.3686588,0.54441779,0.71416872,202.50668,144.62394,False,0.82933158,False,False,False,0.54441779,0.71416872,202.50668,144.62394,0.53947857,0.70239921,200.07307,140.53117,0.72597218,1.0914347,31.300517,34.162471,0.57962642,0.70410281,38.649309,27.213087,0.64641881,0.70673742,91.080838,64.370237,0.5440406,0.67098712,107.53212,72.152669,0.46219015,0.67910976,98.807426,67.101087,0.51379698,0.76057723,94.412288,71.807836
0b_baseline_last,file,19,baseline,7598,130.Tree_Sparrow/Tree_Sparrow_0039_124140.jpg,130,129,130.Tree_Sparrow,133,132,rotation,rotation,0,"{""angle"":-2.282451}",3.5397911,3.2804239,-0.25936723,0.029019389,0.037612315,0.73391104,0.50092214,-0.70489165,-0.46330983,0.24158182,0.85975468,0.78540564,202.50668,159.04989,False,0.9754622,True,False,False,0.85975468,0.78540564,202.50668,159.04989,0.85715317,0.78350705,200.07307,156.75866,0.96024069,0.85939851,31.300517,26.899618,0.83379492,0.83412116,38.649309,32.238206,0.84950415,0.78107697,91.080838,71.141145,0.84531454,0.76204501,107.53212,81.944316,0.85875135,0.81081244,98.807426,80.11429,0.88321342,0.77398339,94.412288,73.073542
0b_baseline_last,file,19,baseline,7598,130.Tree_Sparrow/Tree_Sparrow_0039_124140.jpg,130,129,130.Tree_Sparrow,133,132,random_resized_crop,random_resized_crop,0,"{""area_fraction"":0.583443,""aspect"":1.202625,""fallback"":false,""height"":0.696521,""left"":0.026281,""top"":0.178893,""width"":0.837653}",3.5397911,2.1862955,-1.3534956,0.029019389,0.1123321,0.73391104,0.41114178,-0.70489165,-0.29880968,0.40608196,0.71784222,0.85832992,202.50668,173.81754,False,0.90622747,True,False,False,0.71784222,0.85832992,202.50668,173.81754,0.71394417,0.85802294,200.07307,171.66728,0.87485044,0.87078013,31.300517,27.255868,0.56795182,1.0025234,38.649309,38.746837,0.75120125,0.88665224,91.080838,80.757029,0.70316637,0.83134916,107.53212,89.396739,0.70502501,0.87825321,98.807426,86.777939,0.73490797,0.81525899,94.412288,76.970466
0b_baseline_last,file,19,baseline,7598,130.Tree_Sparrow/Tree_Sparrow_0039_124140.jpg,130,129,130.Tree_Sparrow,133,132,gaussian_blur,gaussian_blur,0,"{""sigma"":1.952207}",3.5397911,4.813601,1.2738099,0.029019389,0.0081185717,0.73391104,0.0090022869,-0.70489165,-0.00088371523,0.70400793,0.27328477,0.55722253,202.50668,112.84128,False,0.82611191,False,False,False,0.27328477,0.55722253,202.50668,112.84128,0.26120386,0.54880212,200.07307,109.80052,0.62216618,0.83127136,31.300517,26.019223,0.085842519,0.76528804,38.649309,29.577854,0.27993114,0.53596605,91.080838,48.816237,0.20629834,0.51170157,107.53212,55.024355,0.2865268,0.53525391,98.807426,52.887061,0.32582631,0.57757691,94.412288,54.530357
0b_baseline_last,file,19,baseline,7598,130.Tree_Sparrow/Tree_Sparrow_0039_124140.jpg,130,129,130.Tree_Sparrow,133,132,random_erasing,random_erasing,0,"{""area_fraction"":0.129329,""erased"":true,""height"":0.353103,""left"":0.013885,""top"":0.165811,""width"":0.366265}",3.5397911,3.643158,0.10336685,0.029019389,0.026169572,0.73391104,0.64965272,-0.70489165,-0.62348315,0.081408501,0.92977551,0.9522694,202.50668,192.84091,False,0.96531188,True,False,False,0.92977551,0.9522694,202.50668,192.84091,0.92896059,0.95180953,200.07307,190.43145,0.9625959,0.97087221,31.300517,30.388802,0.92921532,0.93556462,38.649309,36.158926,0.93742855,0.92454951,91.080838,84.208744,0.94605075,0.96157968,107.53212,103.4007,0.91660559,0.96657569,98.807426,95.504856,0.91314984,0.95047691,94.412288,89.7367
0b_baseline_last,file,19,baseline,5609,096.Hooded_Oriole/Hooded_Oriole_0079_89978.jpg,96,95,096.Hooded_Oriole,95,94,identity,identity,0,{},0.011363782,0.011363782,0,0.98870057,0.98870057,0.0018549806,0.0018549806,0.98684559,0.98684559,0,1,1,1.6810774,1.6810774,False,1,True,True,True,1,1,1.6810774,1.6810774,1,1,1.6506291,1.6506291,1,1,0.31850385,0.31850385,1,1,0.37506006,0.37506006,1,1,0.57727856,0.57727856,1,1,0.81517884,0.81517884,1,1,0.8524167,0.8524167,1,1,0.9271058,0.9271058
0b_baseline_last,file,19,baseline,5609,096.Hooded_Oriole/Hooded_Oriole_0079_89978.jpg,96,95,096.Hooded_Oriole,95,94,horizontal_flip,horizontal_flip,0,"{""flipped"":true}",0.011363782,0.0043949918,-0.0069687902,0.98870057,0.99561465,0.0018549806,0.00040366984,0.98684559,0.99521098,0.0083653899,0.6051998,0.35760717,1.6810774,0.60116533,False,0.97544426,True,True,True,0.6051998,0.35760717,1.6810774,0.60116533,0.59021576,0.3561495,1.6506291,0.58787074,0.97136595,0.39474839,0.31850385,0.12572888,0.18922009,0.25057655,0.37506006,0.093981257,0.42963924,0.32947319,0.57727856,0.19019781,0.49661373,0.32410947,0.81517884,0.26420718,0.58387384,0.3722501,0.8524167,0.31731221,0.75956218,0.38904134,0.9271058,0.36068248
0b_baseline_last,file,19,baseline,5609,096.Hooded_Oriole/Hooded_Oriole_0079_89978.jpg,96,95,096.Hooded_Oriole,95,94,color_jitter,color_jitter,0,"{""brightness"":1.017525,""contrast"":1.348068,""hue"":-0.048601,""saturation"":1.235321}",0.011363782,0.14918253,0.13781875,0.98870057,0.86141187,0.0018549806,0.012713195,0.98684559,0.84869867,-0.13814691,0.63079595,12.973069,1.6810774,21.808732,False,0.93144798,True,True,True,0.63079595,12.973069,1.6810774,21.808732,0.62225553,13.048807,1.6506291,21.53874,0.92108339,10.740953,0.31850385,3.4210348,0.41768976,10.045306,0.37506006,3.7675932,0.39347282,13.298095,0.57727856,7.676705,0.61190309,13.380459,0.81517884,10.907467,0.63279296,13.983519,0.8524167,11.919785,0.74985913,12.285761,0.9271058,11.3902
0b_baseline_last,file,19,baseline,5609,096.Hooded_Oriole/Hooded_Oriole_0079_89978.jpg,96,95,096.Hooded_Oriole,95,94,rotation,rotation,0,"{""angle"":-3.416476}",0.011363782,0.005645996,-0.005717786,0.98870057,0.99436992,0.0018549806,0.0010404397,0.98684559,0.99332948,0.0064838963,0.84835573,0.4719516,1.6810774,0.79338717,False,0.98931754,True,True,True,0.84835573,0.4719516,1.6810774,0.79338717,0.84291381,0.47062974,1.6506291,0.77683515,0.98641431,0.50616409,0.31850385,0.16121521,0.84449132,0.53865017,0.37506006,0.20202616,0.76778193,0.46041368,0.57727856,0.26578694,0.7971011,0.43926497,0.81517884,0.35807951,0.83789829,0.46585205,0.8524167,0.39710007,0.90937279,0.48968433,0.9271058,0.45398918
0b_baseline_last,file,19,baseline,5609,096.Hooded_Oriole/Hooded_Oriole_0079_89978.jpg,96,95,096.Hooded_Oriole,95,94,random_resized_crop,random_resized_crop,0,"{""area_fraction"":0.720612,""aspect"":1.062383,""fallback"":false,""height"":0.823588,""left"":0.016411,""top"":0.125471,""width"":0.874967}",0.011363782,0.041100238,0.029736456,0.98870057,0.95973295,0.0018549806,0.0025075793,0.98684559,0.95722537,-0.029620218,0.73958535,3.6523817,1.6810774,6.1399363,False,0.97554296,True,True,True,0.73958535,3.6523817,1.6810774,6.1399363,0.73187081,3.663067,1.6506291,6.0463652,0.96876724,3.3526818,0.31850385,1.067842,0.60398268,3.2830306,0.37506006,1.2313337,0.68628388,4.1089722,0.57727856,2.3720215,0.73885585,3.8771286,0.81517884,3.1605532,0.71391384,3.5952274,0.8524167,3.0646319,0.78894832,3.4168429,0.9271058,3.1677749
0b_baseline_last,file,19,baseline,5609,096.Hooded_Oriole/Hooded_Oriole_0079_89978.jpg,96,95,096.Hooded_Oriole,95,94,gaussian_blur,gaussian_blur,0,"{""sigma"":1.839995}",0.011363782,1.0339792,1.0226154,0.98870057,0.35558918,0.0018549806,0.059865776,0.98684559,0.2957234,-0.69112218,0.47606944,75.2827,1.6810774,126.55605,False,0.86367327,True,True,True,0.47606944,75.2827,1.6810774,126.55605,0.46910925,76.154137,1.6506291,125.70224,0.8449541,46.077453,0.31850385,14.675846,0.34882281,88.037348,0.37506006,33.019293,0.35100361,101.28867,0.57727856,58.471776,0.46555371,87.674954,0.81517884,71.470767,0.52211999,74.465146,0.8524167,63.475334,0.59933706,50.067765,0.9271058,46.418115
0b_baseline_last,file,19,baseline,5609,096.Hooded_Oriole/Hooded_Oriole_0079_89978.jpg,96,95,096.Hooded_Oriole,95,94,random_erasing,random_erasing,0,"{""area_fraction"":0.052371,""erased"":true,""height"":0.260197,""left"":0.075919,""top"":0.017121,""width"":0.201274}",0.011363782,0.012976722,0.0016129399,0.98870057,0.9871071,0.0018549806,0.0026070527,0.98684559,0.98450005,-0.0023455427,0.97358316,1.1323252,1.6810774,1.9035264,False,0.99688613,True,True,True,0.97358316,1.1323252,1.6810774,1.9035264,0.97276308,1.1320972,1.6506291,1.8686726,0.99550066,1.138433,0.31850385,0.36259528,0.97248916,1.0288217,0.37506006,0.38586993,0.97510639,1.1392056,0.57727856,0.65763896,0.97613242,1.1481339,0.81517884,0.93593447,0.96819705,1.1467507,0.8524167,0.97750941,0.9740365,1.1204499,0.9271058,1.0387756
0b_baseline_last,file,19,baseline,7001,120.Fox_Sparrow/Fox_Sparrow_0113_114389.jpg,120,119,120.Fox_Sparrow,34,33,identity,identity,0,{},0.009869704,0.009869704,0,0.99017882,0.99017882,0.0017983969,0.0017983969,0.98838043,0.98838043,0,1,1,1.4494537,1.4494537,False,1.0000001,True,True,True,1,1,1.4494537,1.4494537,1,1,1.4232965,1.4232965,1,1,0.27412239,0.27412239,1,1,0.23403596,0.23403596,1,1,0.57614654,0.57614654,1,1,0.6615752,0.6615752,1,1,0.68438054,0.68438054,1,1,0.85615238,0.85615238
0b_baseline_last,file,19,baseline,7001,120.Fox_Sparrow/Fox_Sparrow_0113_114389.jpg,120,119,120.Fox_Sparrow,34,33,horizontal_flip,horizontal_flip,0,"{""flipped"":true}",0.009869704,0.0079686586,-0.0019010454,0.99017882,0.99206299,0.0017983969,0.0013565848,0.98838043,0.9907064,0.0023259745,0.63309988,0.84594763,1.4494537,1.2261619,False,0.97029489,True,True,True,0.63309988,0.84594763,1.4494537,1.2261619,0.62148091,0.84767482,1.4232965,1.2064926,0.96695943,0.79797675,0.27412239,0.21874329,0.10418948,0.87986832,0.23403596,0.20592083,0.43518157,0.96430943,0.57614654,0.55558354,0.52881439,0.83464794,0.6615752,0.55218237,0.650248,0.8472713,0.68438054,0.57985598,0.80926717,0.79511781,0.85615238,0.68074201
0b_baseline_last,file,19,baseline,7001,120.Fox_Sparrow/Fox_Sparrow_0113_114389.jpg,120,119,120.Fox_Sparrow,34,33,color_jitter,color_jitter,0,"{""brightness"":0.798991,""contrast"":1.093315,""hue"":0.004048,""saturation"":1.150317}",0.009869704,0.0099631865,9.3482435e-05,0.99017882,0.99008626,0.0017983969,0.0017431101,0.98838043,0.98834315,-3.7279213e-05,0.86931368,0.98591833,1.4494537,1.429043,False,0.99117911,True,True,True,0.86931368,0.98591833,1.4494537,1.429043,0.86477334,0.98521106,1.4232965,1.4022475,0.98949257,1.004798,0.27412239,0.27543762,0.70708637,0.94431742,0.23403596,0.22100423,0.81906146,1.0485608,0.57614654,0.60412469,0.79395441,0.97000897,0.6615752,0.64173388,0.86423718,0.97484392,0.68438054,0.6671642,0.94195323,0.9741271,0.85615238,0.83400123
0b_baseline_last,file,19,baseline,7001,120.Fox_Sparrow/Fox_Sparrow_0113_114389.jpg,120,119,120.Fox_Sparrow,34,33,rotation,rotation,0,"{""angle"":10.771701}",0.009869704,0.0084433723,-0.0014263317,0.99017882,0.99159217,0.0017983969,0.00032292321,0.98838043,0.99126925,0.0028888191,0.69553353,0.82647534,1.4494537,1.1979378,False,0.95218301,True,True,True,0.69553353,0.82647534,1.4494537,1.1979378,0.68663098,0.82596466,1.4232965,1.1755926,0.93158756,0.84012568,0.27412239,0.23029726,0.61092735,0.86888253,0.23403596,0.20334976,0.63971462,0.75192039,0.57614654,0.43321633,0.56785136,0.85904215,0.6615752,0.56832098,0.65060479,0.88129841,0.68438054,0.60314348,0.81780712,0.79752492,0.85615238,0.68280286
0b_baseline_last,file,19,baseline,7001,120.Fox_Sparrow/Fox_Sparrow_0113_114389.jpg,120,119,120.Fox_Sparrow,34,33,random_resized_crop,random_resized_crop,0,"{""area_fraction"":0.6966,""aspect"":1.090783,""fallback"":false,""height"":0.79914,""left"":0.031707,""top"":0.038585,""width"":0.871688}",0.009869704,0.0017898744,-0.0080798296,0.99017882,0.99821174,0.0017983969,7.4938624e-05,0.98838043,0.9981368,0.0097563763,0.69833924,0.19264362,1.4494537,0.27922801,False,0.94456744,True,True,True,0.69833924,0.19264362,1.4494537,0.27922801,0.68967958,0.19120315,1.4232965,0.27213877,0.9044739,0.22807377,0.27412239,0.062520128,0.63911968,0.20681017,0.23403596,0.048401017,0.71963427,0.20253849,0.57614654,0.11669185,0.60792992,0.18906814,0.6615752,0.12508279,0.62531989,0.19858781,0.68438054,0.13590963,0.77718092,0.18088321,0.85615238,0.15486359
0b_baseline_last,file,19,baseline,7001,120.Fox_Sparrow/Fox_Sparrow_0113_114389.jpg,120,119,120.Fox_Sparrow,34,33,gaussian_blur,gaussian_blur,0,"{""sigma"":1.067545}",0.009869704,0.062026102,0.052156398,0.99017882,0.93985838,0.0017983969,0.00079237157,0.98838043,0.93906601,-0.049314421,0.56556907,6.4934829,1.4494537,9.412003,False,0.91397965,True,True,True,0.56556907,6.4934829,1.4494537,9.412003,0.55489015,6.5162378,1.4232965,9.2745386,0.88964484,5.8467564,0.27412239,1.6027268,0.22930179,8.8938201,0.23403596,2.0814737,0.4418428,8.203152,0.57614654,4.7262176,0.42028489,6.7319269,0.6615752,4.4536759,0.59061973,6.1656801,0.68438054,4.2196715,0.76863799,5.4418213,0.85615238,4.6590282
0b_baseline_last,file,19,baseline,7001,120.Fox_Sparrow/Fox_Sparrow_0113_114389.jpg,120,119,120.Fox_Sparrow,34,33,random_erasing,random_erasing,0,"{""area_fraction"":0.188297,""erased"":true,""height"":0.661532,""left"":0.146965,""top"":0.055495,""width"":0.284638}",0.009869704,0.015232309,0.0053626047,0.99017882,0.98488313,0.0017983969,0.0012968008,0.98838043,0.98358633,-0.0047940977,0.75201474,1.480579,1.4494537,2.1460307,False,0.97045529,True,True,True,0.75201474,1.480579,1.4494537,2.1460307,0.74404954,1.4798018,1.4232965,2.1061968,0.96373723,1.50138,0.27412239,0.41156186,0.53832129,1.4029621,0.23403596,0.32834359,0.67879949,1.4574337,0.57614654,0.8396954,0.64660275,1.587042,0.6615752,1.0499476,0.72320548,1.5188427,0.68438054,1.0394664,0.87308617,1.4017591,0.85615238,1.2001194
0b_baseline_last,file,19,baseline,7653,131.Vesper_Sparrow/Vesper_Sparrow_0070_125555.jpg,131,130,131.Vesper_Sparrow,104,103,identity,identity,0,{},0.00063685159,0.00063685159,0,0.99936336,0.99936336,0.00012265118,0.00012265118,0.99924071,0.99924071,0,1,1,0.094736576,0.094736576,False,0.99999988,True,True,True,1,1,0.094736576,0.094736576,1,1,0.091714072,0.091714072,1,1,0.023739164,0.023739164,1,1,0.021661469,0.021661469,1,1,0.037459768,0.037459768,1,1,0.047845229,0.047845229,1,1,0.043844218,0.043844218,1,1,0.048244544,0.048244544
0b_baseline_last,file,19,baseline,7653,131.Vesper_Sparrow/Vesper_Sparrow_0070_125555.jpg,131,130,131.Vesper_Sparrow,104,103,horizontal_flip,horizontal_flip,0,"{""flipped"":true}",0.00063685159,0.00087461359,0.000237762,0.99936336,0.99912578,0.00012265118,0.00034152271,0.99924071,0.99878426,-0.00045645564,0.63059084,1.3973564,0.094736576,0.13238076,False,0.96929991,True,True,True,0.63059084,1.3973564,0.094736576,0.13238076,0.60963512,1.396141,0.091714072,0.12804578,0.93917943,1.415373,0.023739164,0.03359977,0.77532002,1.6361265,0.021661469,0.035440903,0.44209346,1.5003603,0.037459768,0.056203147,0.60243136,1.3819911,0.047845229,0.066121681,0.54840675,1.271523,0.043844218,0.055748933,0.73749826,1.3905898,0.048244544,0.06708837
0b_baseline_last,file,19,baseline,7653,131.Vesper_Sparrow/Vesper_Sparrow_0070_125555.jpg,131,130,131.Vesper_Sparrow,104,103,color_jitter,color_jitter,0,"{""brightness"":1.376602,""contrast"":1.380312,""hue"":0.083627,""saturation"":0.851764}",0.00063685159,0.077621594,0.076984742,0.99936336,0.92531449,0.00012265118,0.0042137112,0.99924071,0.92110077,-0.078139937,0.36902276,155.8186,0.094736576,14.761721,False,0.85127568,True,True,True,0.36902276,155.8186,0.094736576,14.761721,0.35209063,158.99292,0.091714072,14.581888,0.82878118,96.766615,0.023739164,2.2971585,0.18656213,175.77948,0.021661469,3.8076417,0.25218645,193.90779,0.037459768,7.2637409,0.26144944,166.38739,0.047845229,7.9608426,0.37851043,143.8158,0.043844218,6.3054915,0.5825083,134.70979,0.048244544,6.4990123
0b_baseline_last,file,19,baseline,7653,131.Vesper_Sparrow/Vesper_Sparrow_0070_125555.jpg,131,130,131.Vesper_Sparrow,104,103,rotation,rotation,0,"{""angle"":-12.769417}",0.00063685159,0.0083982162,0.0077613646,0.99936336,0.99163693,0.00012265118,0.00064712414,0.99924071,0.99098981,-0.0082509038,0.53589512,13.51045,0.094736576,1.2799337,False,0.9237166,True,True,True,0.53589512,13.51045,0.094736576,1.2799337,0.51742744,13.659217,0.091714072,1.2527424,0.88790511,11.054509,0.023739164,0.2624248,0.23927295,8.1163632,0.021661469,0.17581235,0.44927394,16.849352,0.037459768,0.63117282,0.48306448,13.29754,0.047845229,0.63622388,0.47160407,13.428701,0.043844218,0.58877088,0.69945553,12.921917,0.048244544,0.623412
0b_baseline_last,file,19,baseline,7653,131.Vesper_Sparrow/Vesper_Sparrow_0070_125555.jpg,131,130,131.Vesper_Sparrow,104,103,random_resized_crop,random_resized_crop,0,"{""area_fraction"":0.74787,""aspect"":0.86262,""fallback"":false,""height"":0.931115,""left"":0.196211,""top"":0.0494,""width"":0.803198}",0.00063685159,0.0013771107,0.00074025913,0.99936336,0.99862385,0.00012265118,0.00020159503,0.99924071,0.99842225,-0.00081845868,0.64305748,2.344023,0.094736576,0.22206471,False,0.96388435,True,True,True,0.64305748,2.344023,0.094736576,0.22206471,0.62641745,2.3649671,0.091714072,0.21690076,0.94421226,2.0055843,0.023739164,0.047610893,0.7077383,2.5051906,0.021661469,0.054266108,0.61309662,2.5406971,0.037459768,0.095173924,0.56104796,2.524626,0.047845229,0.12079131,0.57075393,2.3476616,0.043844218,0.10293139,0.75683797,2.0579666,0.048244544,0.099285661
0b_baseline_last,file,19,baseline,7653,131.Vesper_Sparrow/Vesper_Sparrow_0070_125555.jpg,131,130,131.Vesper_Sparrow,104,103,gaussian_blur,gaussian_blur,0,"{""sigma"":1.859299}",0.00063685159,2.8861248,2.885488,0.99936336,0.055791989,0.00012265118,0.00033023459,0.99924071,0.055461754,-0.94377896,0.18344902,2437.2801,0.094736576,230.89957,False,0.72583812,False,True,False,0.18344902,2437.2801,0.094736576,230.89957,0.16672342,2482.8454,0.091714072,227.71186,0.58497679,1610.6317,0.023739164,38.23505,0.1035342,2832.6333,0.021661469,61.358999,0.21074235,3286.7099,0.037459768,123.11939,0.1033722,2675.8278,0.047845229,128.0256,0.15660287,2156.7764,0.043844218,94.562175,0.25918848,1806.6241,0.048244544,87.159754
0b_baseline_last,file,19,baseline,7653,131.Vesper_Sparrow/Vesper_Sparrow_0070_125555.jpg,131,130,131.Vesper_Sparrow,104,103,random_erasing,random_erasing,0,"{""area_fraction"":0.052725,""erased"":true,""height"":0.351067,""left"":0.021232,""top"":0.156581,""width"":0.150186}",0.00063685159,0.0010108605,0.00037400896,0.99936336,0.99898964,0.00012265118,0.00011692043,0.99924071,0.99887272,-0.00036799037,0.96110616,1.7140896,0.094736576,0.16238698,False,0.99626446,True,True,True,0.96110616,1.7140896,0.094736576,0.16238698,0.95980731,1.7253223,0.091714072,0.15823633,0.9889565,1.5367026,0.023739164,0.036480033,0.9779046,1.7488766,0.021661469,0.037883237,0.95587211,1.8143629,0.037459768,0.067965614,0.96374651,1.7539033,0.047845229,0.083915908,0.9550376,1.7494748,0.043844218,0.076704356,0.96180439,1.6134161,0.048244544,0.077838522
0b_baseline_last,file,19,baseline,9715,166.Golden_winged_Warbler/Golden_Winged_Warbler_0083_794801.jpg,166,165,166.Golden_winged_Warbler,165,164,identity,identity,0,{},0.0044550453,0.0044550453,0,0.99555486,0.99555486,0.0011246229,0.0011246229,0.99443024,0.99443024,0,1,1,0.78735041,0.78735041,False,1,True,True,True,1,1,0.78735041,0.78735041,1,1,0.77357995,0.77357995,1,1,0.1466108,0.1466108,1,1,0.16344075,0.16344075,1,1,0.30333291,0.30333291,1,1,0.38821233,0.38821233,1,1,0.38639941,0.38639941,1,1,0.42389727,0.42389727
0b_baseline_last,file,19,baseline,9715,166.Golden_winged_Warbler/Golden_Winged_Warbler_0083_794801.jpg,166,165,166.Golden_winged_Warbler,165,164,horizontal_flip,horizontal_flip,0,"{""flipped"":true}",0.0044550453,0.011390418,0.0069353725,0.99555486,0.98867422,0.0011246229,0.0020780864,0.99443024,0.98659614,-0.0078341045,0.71325178,2.3884361,0.78735041,1.8805362,False,0.97598016,True,True,True,0.71325178,2.3884361,0.78735041,1.8805362,0.70345867,2.3811187,0.77357995,1.8419857,0.96679858,2.5838515,0.1466108,0.37882054,0.75176525,2.8177578,0.16344075,0.46053645,0.6510064,2.2074199,0.30333291,0.66958312,0.71838684,2.2694897,0.38821233,0.88104387,0.64794948,2.4495371,0.38639941,0.94649968,0.75802169,2.4292337,0.42389727,1.0297455
0b_baseline_last,file,19,baseline,9715,166.Golden_winged_Warbler/Golden_Winged_Warbler_0083_794801.jpg,166,165,166.Golden_winged_Warbler,165,164,color_jitter,color_jitter,0,"{""brightness"":0.778533,""contrast"":0.949162,""hue"":0.014529,""saturation"":0.900504}",0.0044550453,0.010165701,0.0057106554,0.99555486,0.98988581,0.0011246229,0.0014830907,0.99443024,0.98840272,-0.0060275252,0.88598235,2.4531842,0.78735041,1.9315156,False,0.98825932,True,True,True,0.88598235,2.4531842,0.78735041,1.9315156,0.88312709,2.4615624,0.77357995,1.9042153,0.97974566,2.2071989,0.1466108,0.3235992,0.6889227,3.4844267,0.16344075,0.56949732,0.88113051,2.6747175,0.30333291,0.81132987,0.89594438,2.3867852,0.38821233,0.92657943,0.89120559,2.4056902,0.38639941,0.92955725,0.9281526,2.263749,0.42389727,0.95959702
0b_baseline_last,file,19,baseline,9715,166.Golden_winged_Warbler/Golden_Winged_Warbler_0083_794801.jpg,166,165,166.Golden_winged_Warbler,165,164,rotation,rotation,0,"{""angle"":14.180254}",0.0044550453,0.0034613241,-0.00099372119,0.99555486,0.99654466,0.0011246229,0.0012634645,0.99443024,0.99528119,0.00085095316,0.76598488,0.92407287,0.78735041,0.72756915,False,0.96848744,True,True,True,0.76598488,0.92407287,0.78735041,0.72756915,0.76069828,0.92923414,0.77357995,0.7188369,0.95821944,0.76655306,0.1466108,0.11238496,0.68152408,1.0334748,0.16344075,0.16891189,0.74136205,1.0295107,0.30333291,0.31228447,0.77966187,1.030778,0.38821233,0.40016073,0.73414949,0.89181976,0.38639941,0.34459862,0.81203822,0.78877687,0.42389727,0.33436036
0b_baseline_last,file,19,baseline,9715,166.Golden_winged_Warbler/Golden_Winged_Warbler_0083_794801.jpg,166,165,166.Golden_winged_Warbler,165,164,random_resized_crop,random_resized_crop,0,"{""area_fraction"":0.52486,""aspect"":1.053218,""fallback"":false,""height"":0.705932,""left"":0.092062,""top"":0.256346,""width"":0.7435}",0.0044550453,0.2436578,0.23920275,0.99555486,0.78375578,0.0011246229,0.0029186965,0.99443024,0.78083708,-0.21359316,0.53002798,56.999075,0.78735041,44.878246,False,0.88453984,True,True,True,0.53002798,56.999075,0.78735041,44.878246,0.52202551,57.179217,0.77357995,44.232696,0.77885199,51.732612,0.1466108,7.5845598,0.73535771,87.85998,0.16344075,14.359901,0.41486912,63.662441,0.30333291,19.310914,0.52619158,54.103627,0.38821233,21.003695,0.50409302,56.312131,0.38639941,21.758974,0.56776969,50.750279,0.42389727,21.512905
0b_baseline_last,file,19,baseline,9715,166.Golden_winged_Warbler/Golden_Winged_Warbler_0083_794801.jpg,166,165,166.Golden_winged_Warbler,165,164,gaussian_blur,gaussian_blur,0,"{""sigma"":1.333722}",0.0044550453,0.0066766278,0.0022215825,0.99555486,0.99334562,0.0011246229,0.00043941964,0.99443024,0.9929062,-0.0015240429,0.52102694,2.0285358,0.78735041,1.5971685,False,0.91737008,True,True,True,0.52102694,2.0285358,0.78735041,1.5971685,0.51256388,2.0425687,0.77357995,1.5800902,0.83999578,1.5888513,0.1466108,0.23294277,0.4796049,3.91779,0.16344075,0.64032654,0.38216066,2.0887798,0.30333291,0.63359567,0.48302484,2.0530062,0.38821233,0.79700232,0.53421273,2.0295868,0.38639941,0.78423115,0.68513478,1.5558944,0.42389727,0.65953938
0b_baseline_last,file,19,baseline,9715,166.Golden_winged_Warbler/Golden_Winged_Warbler_0083_794801.jpg,166,165,166.Golden_winged_Warbler,165,164,random_erasing,random_erasing,0,"{""area_fraction"":0.075751,""erased"":true,""height"":0.423708,""left"":0.128099,""top"":0.079528,""width"":0.178781}",0.0044550453,0.0053062076,0.00085116224,0.99555486,0.99470782,0.0011246229,0.00090547581,0.99443024,0.99380235,-0.00062789454,0.90009024,1.1262855,0.78735041,0.88678134,False,0.98703885,True,True,True,0.90009024,1.1262855,0.78735041,0.88678134,0.89728434,1.1274888,0.77357995,0.87220271,0.98116671,1.0922531,0.1466108,0.16013611,0.87024645,1.3442569,0.16344075,0.21970635,0.87664038,1.1633804,0.30333291,0.35289157,0.88959167,1.0970517,0.38821233,0.42588898,0.8988683,1.0916264,0.38639941,0.42180378,0.92132614,1.1280027,0.42389727,0.47815727
0b_baseline_last,file,19,baseline,7616,130.Tree_Sparrow/Tree_Sparrow_0046_125344.jpg,130,129,130.Tree_Sparrow,133,132,identity,identity,0,{},4.7983351,4.7983351,0,0.0082434583,0.0082434583,0.17999111,0.17999111,-0.17174765,-0.17174765,0,1,1,136.40403,136.40403,False,0.99999994,True,False,False,1,1,136.40403,136.40403,1,1,134.24545,134.24545,1,1,24.170635,24.170635,1,1,34.464579,34.464579,1,1,62.792799,62.792799,1,1,74.825178,74.825178,1,1,62.027646,62.027646,1,1,58.692945,58.692945
0b_baseline_last,file,19,baseline,7616,130.Tree_Sparrow/Tree_Sparrow_0046_125344.jpg,130,129,130.Tree_Sparrow,133,132,horizontal_flip,horizontal_flip,0,"{""flipped"":true}",4.7983351,4.2981424,-0.50019264,0.0082434583,0.01359379,0.17999111,0.43942705,-0.17174765,-0.42583326,-0.25408561,0.64827283,1.1314016,136.40403,154.32775,False,0.94485134,True,False,False,0.64827283,1.1314016,136.40403,154.32775,0.6396644,1.1311602,134.24545,151.85311,0.91205049,1.1388245,24.170635,27.526112,0.60863254,1.0644523,34.464579,36.685899,0.63943649,1.1077559,62.792799,69.559097,0.66560186,1.1438395,74.825178,85.587992,0.60448246,1.1951053,62.027646,74.129571,0.65164813,1.0848888,58.692945,63.675319
0b_baseline_last,file,19,baseline,7616,130.Tree_Sparrow/Tree_Sparrow_0046_125344.jpg,130,129,130.Tree_Sparrow,133,132,color_jitter,color_jitter,0,"{""brightness"":1.148133,""contrast"":1.19798,""hue"":0.096655,""saturation"":1.111826}",4.7983351,8.7677965,3.9694614,0.0082434583,0.00015566622,0.17999111,0.0022247317,-0.17174765,-0.0020690655,0.16967859,0.35064752,0.69770583,136.40403,95.169889,False,0.78079265,False,False,False,0.35064752,0.69770583,136.40403,95.169889,0.33155604,0.67646151,134.24545,90.81188,0.74103391,1.1778533,24.170635,28.469461,0.31170492,0.56126483,34.464579,19.343756,0.34070797,0.5307801,62.792799,33.329168,0.33222095,0.61755368,74.825178,46.208565,0.30961322,0.7124833,62.027646,44.193661,0.37030354,0.88095134,58.692945,51.705628
0b_baseline_last,file,19,baseline,7616,130.Tree_Sparrow/Tree_Sparrow_0046_125344.jpg,130,129,130.Tree_Sparrow,133,132,rotation,rotation,0,"{""angle"":0.954478}",4.7983351,4.0522242,-0.74611092,0.0082434583,0.01738367,0.17999111,0.14011106,-0.17174765,-0.12272739,0.049020264,0.90002117,1.0938511,136.40403,149.2057,False,0.98243743,True,False,False,0.90002117,1.0938511,136.40403,149.2057,0.89818713,1.0987831,134.24545,147.50663,0.97931907,0.92893443,24.170635,22.452935,0.85053398,1.0265093,34.464579,35.378211,0.89231671,1.1581843,62.792799,72.725634,0.91540537,1.1302056,74.825178,84.567838,0.89668248,1.0910266,62.027646,67.673812,0.89962393,1.0059687,58.692945,59.043265
0b_baseline_last,file,19,baseline,7616,130.Tree_Sparrow/Tree_Sparrow_0046_125344.jpg,130,129,130.Tree_Sparrow,133,132,random_resized_crop,random_resized_crop,0,"{""area_fraction"":0.615323,""aspect"":1.062526,""fallback"":false,""height"":0.760995,""left"":0.013192,""top"":0.068071,""width"":0.808577}",4.7983351,4.4664216,-0.33191347,0.0082434583,0.011488352,0.17999111,0.095503695,-0.17174765,-0.084015343,0.087732309,0.70869172,1.0827776,136.40403,147.69523,False,0.91338766,False,False,False,0.70869172,1.0827776,136.40403,147.69523,0.70296732,1.085351,134.24545,145.70344,0.90262117,1.0001447,24.170635,24.174132,0.7180477,0.92684886,34.464579,31.943455,0.76874341,1.1847424,62.792799,74.39329,0.73614632,1.0408915,74.825178,77.884895,0.63181459,1.0861809,62.027646,67.373243,0.65115046,1.0868922,58.692945,63.792905
0b_baseline_last,file,19,baseline,7616,130.Tree_Sparrow/Tree_Sparrow_0046_125344.jpg,130,129,130.Tree_Sparrow,133,132,gaussian_blur,gaussian_blur,0,"{""sigma"":1.081601}",4.7983351,3.0983889,-1.6999462,0.0082434583,0.045121845,0.17999111,0.046856303,-0.17174765,-0.0017344579,0.17001319,0.71058344,1.5466608,136.40403,210.97076,False,0.91114843,False,False,False,0.71058344,1.5466608,136.40403,210.97076,0.70896245,1.5627009,134.24545,209.78549,0.89354964,0.92392628,24.170635,22.331885,0.73705328,1.8339399,34.464579,63.205967,0.68108822,1.7305044,62.792799,108.66322,0.73303954,1.6431185,74.825178,122.94664,0.71675359,1.4554275,62.027646,90.276739,0.71653766,1.197687,58.692945,70.295777
0b_baseline_last,file,19,baseline,7616,130.Tree_Sparrow/Tree_Sparrow_0046_125344.jpg,130,129,130.Tree_Sparrow,133,132,random_erasing,random_erasing,0,"{""area_fraction"":0.18872,""erased"":true,""height"":0.770948,""left"":0.530306,""top"":0.082567,""width"":0.244789}",4.7983351,6.3890185,1.5906835,0.0082434583,0.0016799042,0.17999111,0.010539189,-0.17174765,-0.0088592848,0.16288837,0.55550576,0.84815385,136.40403,115.69161,False,0.91075581,False,False,False,0.55550576,0.84815385,136.40403,115.69161,0.54279585,0.83909686,134.24545,112.64494,0.87548021,1.0912203,24.170635,26.375487,0.32918186,0.60721387,34.464579,20.92737,0.5299229,0.82789627,62.792799,51.985924,0.56532356,0.75563774,74.825178,56.540728,0.50310456,0.80668961,62.027646,50.037058,0.6283692,1.056871,58.692945,62.030874
0b_baseline_last,file,19,baseline,1905,034.Gray_crowned_Rosy_Finch/Gray_Crowned_Rosy_Finch_0056_797293.jpg,34,33,034.Gray_crowned_Rosy_Finch,56,55,identity,identity,0,{},0.0038609975,0.0038609975,0,0.99614644,0.99614644,0.001355303,0.001355303,0.99479114,0.99479114,0,1,1,0.69114428,0.69114428,False,0.99999994,True,True,True,1,1,0.69114428,0.69114428,1,1,0.6778758,0.6778758,1,1,0.13477689,0.13477689,1,1,0.11821093,0.11821093,1,1,0.32334845,0.32334845,1,1,0.35067169,0.35067169,1,1,0.31648043,0.31648043,1,1,0.34330316,0.34330316
0b_baseline_last,file,19,baseline,1905,034.Gray_crowned_Rosy_Finch/Gray_Crowned_Rosy_Finch_0056_797293.jpg,34,33,034.Gray_crowned_Rosy_Finch,56,55,horizontal_flip,horizontal_flip,0,"{""flipped"":true}",0.0038609975,0.0025236921,-0.0013373054,0.99614644,0.9974795,0.001355303,0.0014340094,0.99479114,0.99604549,0.0012543515,0.65700004,0.72009335,0.69114428,0.4976884,False,0.96985924,True,True,True,0.65700004,0.72009335,0.69114428,0.4976884,0.64500321,0.71935237,0.6778758,0.48763157,0.95279903,0.73859076,0.13477689,0.099544962,0.44317982,0.86382865,0.11821093,0.10211399,0.68530356,0.65627511,0.32334845,0.21220554,0.61269004,0.74284262,0.35067169,0.26049387,0.57441283,0.73392206,0.31648043,0.23227197,0.74173426,0.71658416,0.34330316,0.24600561
0b_baseline_last,file,19,baseline,1905,034.Gray_crowned_Rosy_Finch/Gray_Crowned_Rosy_Finch_0056_797293.jpg,34,33,034.Gray_crowned_Rosy_Finch,56,55,color_jitter,color_jitter,0,"{""brightness"":1.291902,""contrast"":0.676346,""hue"":-0.061413,""saturation"":0.899046}",0.0038609975,1.021764,1.017903,0.99614644,0.35995942,0.001355303,0.40088743,0.99479114,-0.040928006,-1.0357191,0.63905789,213.97671,0.69114428,147.88878,False,0.88767815,False,True,False,0.63905789,213.97671,0.69114428,147.88878,0.63371787,215.86444,0.6778758,146.32928,0.85184947,158.93241,0.13477689,21.420415,0.33125892,315.9094,0.11821093,37.343944,0.69860186,236.25577,0.32334845,76.392938,0.65466251,226.26445,0.35067169,79.344536,0.62048161,206.02903,0.31648043,65.204156,0.63400769,175.61218,0.34330316,60.288218
0b_baseline_last,file,19,baseline,1905,034.Gray_crowned_Rosy_Finch/Gray_Crowned_Rosy_Finch_0056_797293.jpg,34,33,034.Gray_crowned_Rosy_Finch,56,55,rotation,rotation,0,"{""angle"":-1.939992}",0.0038609975,0.0096223829,0.0057613854,0.99614644,0.99042374,0.001355303,0.0061312402,0.99479114,0.9842925,-0.010498639,0.82063829,3.2270394,0.69114428,2.2303498,False,0.97616303,True,True,True,0.82063829,3.2270394,0.69114428,2.2303498,0.81631447,3.2392352,0.6778758,2.1957992,0.94755723,2.9015203,0.13477689,0.39105787,0.61779214,3.8810355,0.11821093,0.45878082,0.85271002,3.5591359,0.32334845,1.1508411,0.80276049,3.3001017,0.35067169,1.1572522,0.81439131,3.1585605,0.31648043,0.99962258,0.84011246,2.8363423,0.34330316,0.97372528
0b_baseline_last,file,19,baseline,1905,034.Gray_crowned_Rosy_Finch/Gray_Crowned_Rosy_Finch_0056_797293.jpg,34,33,034.Gray_crowned_Rosy_Finch,56,55,random_resized_crop,random_resized_crop,0,"{""area_fraction"":0.714499,""aspect"":1.082821,""fallback"":false,""height"":0.812311,""left"":0.022904,""top"":0.005487,""width"":0.879588}",0.0038609975,0.0044876817,0.00062668417,0.99614644,0.99552238,0.001355303,0.00054344186,0.99479114,0.99497894,0.0001878005,0.7857611,1.2496995,0.69114428,0.86372269,False,0.97527456,True,True,True,0.7857611,1.2496995,0.69114428,0.86372269,0.78050477,1.2551842,0.6778758,0.85085902,0.94367525,1.1019097,0.13477689,0.14851195,0.62812362,1.4026976,0.11821093,0.16581419,0.78803777,1.3497572,0.32334845,0.43644191,0.77977058,1.3485103,0.35067169,0.47288437,0.759862,1.1532333,0.31648043,0.36497577,0.82645987,1.1249827,0.34330316,0.38621011
0b_baseline_last,file,19,baseline,1905,034.Gray_crowned_Rosy_Finch/Gray_Crowned_Rosy_Finch_0056_797293.jpg,34,33,034.Gray_crowned_Rosy_Finch,56,55,gaussian_blur,gaussian_blur,0,"{""sigma"":1.798872}",0.0038609975,3.37673,3.372869,0.99614644,0.034158975,0.001355303,0.029348275,0.99479114,0.0048107002,-0.98998044,0.47920449,286.49321,0.69114428,198.00814,False,0.70800436,False,True,False,0.47920449,286.49321,0.69114428,198.00814,0.47505771,289.15735,0.6778758,196.01277,0.65046602,208.0445,0.13477689,28.039589,0.36124626,402.78994,0.11821093,47.614174,0.62682585,332.15609,0.32334845,107.40216,0.52464608,333.74571,0.35067169,117.03517,0.36167417,253.15985,0.31648043,80.120138,0.37409809,195.44961,0.34330316,67.098469
0b_baseline_last,file,19,baseline,1905,034.Gray_crowned_Rosy_Finch/Gray_Crowned_Rosy_Finch_0056_797293.jpg,34,33,034.Gray_crowned_Rosy_Finch,56,55,random_erasing,random_erasing,0,"{""area_fraction"":0.185311,""erased"":true,""height"":0.418088,""left"":0.212609,""top"":0.269952,""width"":0.443234}",0.0038609975,0.037204009,0.033343011,0.99614644,0.96347958,0.001355303,0.00070044241,0.99479114,0.96277914,-0.032012001,0.54794076,7.2073486,0.69114428,4.9813177,False,0.90061957,True,True,True,0.54794076,7.2073486,0.69114428,4.9813177,0.53509959,7.1795901,0.6778758,4.8668704,0.84627886,7.8770848,0.13477689,1.061649,0.47265813,7.7992225,0.11821093,0.92195335,0.47606245,5.9999037,0.32334845,1.9400596,0.50182484,6.9594517,0.35067169,2.4404827,0.51827456,7.3730473,0.31648043,2.3334252,0.63415827,8.0680759,0.34330316,2.769796
0b_baseline_last,file,19,baseline,5621,096.Hooded_Oriole/Hooded_Oriole_0075_90788.jpg,96,95,096.Hooded_Oriole,55,54,identity,identity,0,{},0.014310354,0.014310354,0,0.98579156,0.98579156,0.0052439887,0.0052439887,0.98054758,0.98054758,0,1,1,2.1751162,2.1751162,False,1,True,True,True,1,1,2.1751162,2.1751162,1,1,2.1311488,2.1311488,1,1,0.43512654,0.43512654,1,1,0.42396276,0.42396276,1,1,0.91218841,0.91218841,1,1,0.96963662,0.96963662,1,1,1.1043142,1.1043142,1,1,1.1705803,1.1705803
0b_baseline_last,file,19,baseline,5621,096.Hooded_Oriole/Hooded_Oriole_0075_90788.jpg,96,95,096.Hooded_Oriole,55,54,horizontal_flip,horizontal_flip,0,"{""flipped"":true}",0.014310354,0.010589244,-0.0037211105,0.98579156,0.98946661,0.0052439887,0.0026554645,0.98054758,0.98681114,0.0062635678,0.62731171,0.75937116,2.1751162,1.6517205,False,0.98030305,True,True,True,0.62731171,0.75937116,2.1751162,1.6517205,0.61437294,0.76162582,2.1311488,1.623138,0.96544398,0.7031223,0.43512654,0.30594718,0.38388997,0.78293596,0.42396276,0.33193569,0.59545384,0.8092428,0.91218841,0.7381819,0.49881489,0.763243,0.96963662,0.74006837,0.59066483,0.7548833,1.1043142,0.83362834,0.7648321,0.73330909,1.1705803,0.85839716
0b_baseline_last,file,19,baseline,5621,096.Hooded_Oriole/Hooded_Oriole_0075_90788.jpg,96,95,096.Hooded_Oriole,55,54,color_jitter,color_jitter,0,"{""brightness"":0.872195,""contrast"":0.816462,""hue"":-0.029811,""saturation"":0.609636}",0.014310354,5.3196559,5.3053455,0.98579156,0.0048944382,0.0052439887,0.0041960976,0.98054758,0.00069834059,-0.97984923,0.39019833,108.53035,2.1751162,236.06612,False,0.79637331,False,True,False,0.39019833,108.53035,2.1751162,236.06612,0.38425582,109.2266,2.1311488,232.77814,0.56965678,90.232594,0.43512654,39.262597,0.46059796,136.41075,0.42396276,57.833077,0.54874648,131.41582,0.91218841,119.87599,0.34749438,126.88178,0.96963662,123.02922,0.37269064,93.618105,1.1043142,103.3838,0.29244164,88.145277,1.1705803,103.18112
0b_baseline_last,file,19,baseline,5621,096.Hooded_Oriole/Hooded_Oriole_0075_90788.jpg,96,95,096.Hooded_Oriole,55,54,rotation,rotation,0,"{""angle"":-6.376053}",0.014310354,0.012795961,-0.0015143938,0.98579156,0.98728555,0.0052439887,0.0030752444,0.98054758,0.98421031,0.0036627348,0.79999847,0.90320695,2.1751162,1.9645801,False,0.99027985,True,True,True,0.79999847,0.90320695,2.1751162,1.9645801,0.79267944,0.90352087,2.1311488,1.9255374,0.97714175,0.89564371,0.43512654,0.38971835,0.70766453,0.76830237,0.42396276,0.32573159,0.71872584,0.86379863,0.91218841,0.7879471,0.74975973,0.97126975,0.96963662,0.94177871,0.79371002,0.89818309,1.1043142,0.99187633,0.8793542,0.90002342,1.1705803,1.0535497
0b_baseline_last,file,19,baseline,5621,096.Hooded_Oriole/Hooded_Oriole_0075_90788.jpg,96,95,096.Hooded_Oriole,55,54,random_resized_crop,random_resized_crop,0,"{""area_fraction"":0.540717,""aspect"":1.3012,""fallback"":false,""height"":0.644634,""left"":0.015665,""top"":0.13912,""width"":0.838798}",0.014310354,0.0059800991,-0.0083302553,0.98579156,0.99403775,0.0052439887,0.0026547655,0.98054758,0.99138298,0.010835407,0.65036318,0.43502694,2.1751162,0.94623414,False,0.96183157,True,True,True,0.65036318,0.43502694,2.1751162,0.94623414,0.63715024,0.43303757,2.1311488,0.9228675,0.93947264,0.48028494,0.43512654,0.20898473,0.49877335,0.45579533,0.42396276,0.19324024,0.60728246,0.43956556,0.91218841,0.40096661,0.60535197,0.44420896,0.96963662,0.43072127,0.58855705,0.42000719,1.1043142,0.4638199,0.74038841,0.42962472,1.1705803,0.50291023
0b_baseline_last,file,19,baseline,5621,096.Hooded_Oriole/Hooded_Oriole_0075_90788.jpg,96,95,096.Hooded_Oriole,55,54,gaussian_blur,gaussian_blur,0,"{""sigma"":1.664934}",0.014310354,0.42972088,0.41541052,0.98579156,0.65069067,0.0052439887,0.0098494384,0.98054758,0.64084124,-0.33970634,0.52921285,29.603704,2.1751162,64.391496,False,0.89468217,True,True,True,0.52921285,29.603704,2.1751162,64.391496,0.52172284,29.930278,2.1311488,63.785877,0.83455984,20.248371,0.43512654,8.8106037,0.30856711,40.402499,0.42396276,17.129155,0.42444331,27.77037,0.91218841,25.33181,0.53777036,37.716918,0.96963662,36.571705,0.5408599,30.296666,1.1043142,33.457038,0.65089142,22.222154,1.1705803,26.012815
0b_baseline_last,file,19,baseline,5621,096.Hooded_Oriole/Hooded_Oriole_0075_90788.jpg,96,95,096.Hooded_Oriole,55,54,random_erasing,random_erasing,0,"{""area_fraction"":0.183816,""erased"":true,""height"":0.655242,""left"":0.225746,""top"":0.322343,""width"":0.280531}",0.014310354,0.088391908,0.074081553,0.98579156,0.91540205,0.0052439887,0.0047734035,0.98054758,0.91062865,-0.069918924,0.6607129,6.1137849,2.1751162,13.298193,False,0.92605007,True,True,True,0.6607129,6.1137849,2.1751162,13.298193,0.65220831,6.1293422,2.1311488,13.06254,0.88047737,5.7279459,0.43512654,2.4923813,0.67279775,5.9861154,0.42396276,2.53789,0.69052394,5.9806475,0.91218841,5.4554773,0.66262453,6.8738989,0.96963662,6.6651841,0.61949711,6.4539441,1.1043142,7.127182,0.6600462,5.3489922,1.1705803,6.2614247
0b_color_jitter_best,file,15,baseline_color_jitter,3891,067.Anna_Hummingbird/Anna_Hummingbird_0118_55773.jpg,67,66,067.Anna_Hummingbird,69,68,identity,identity,0,{},2.2586653,2.2586653,0,0.10448985,0.10448985,0.76220447,0.76220447,-0.65771462,-0.65771462,0,1,1,161.17515,161.17515,False,1,True,False,False,1,1,161.17515,161.17515,1,1,157.25886,157.25886,1,1,35.314041,35.314041,1,1,46.549561,46.549561,1,1,63.595001,63.595001,1,1,83.332926,83.332926,1,1,72.644567,72.644567,1,1,79.357125,79.357125
0b_color_jitter_best,file,15,baseline_color_jitter,3891,067.Anna_Hummingbird/Anna_Hummingbird_0118_55773.jpg,67,66,067.Anna_Hummingbird,69,68,color_jitter,color_jitter,0,"{""brightness"":0.675779,""contrast"":0.930573,""hue"":-0.018551,""saturation"":0.613646}",2.2586653,2.2036037,-0.055061579,0.10448985,0.11040457,0.76220447,0.71848226,-0.65771462,-0.60807768,0.049636938,0.84425693,1.0419746,161.17515,167.94042,False,0.97959197,True,False,False,0.84425693,1.0419746,161.17515,167.94042,0.83868538,1.0480798,157.25886,164.81984,0.97892914,0.91250784,35.314041,32.224339,0.7824442,1.1013002,46.549561,51.265042,0.76474451,1.3981311,63.595001,88.914147,0.8828724,0.99233335,83.332926,82.694042,0.86825475,0.923721,72.644567,67.103312,0.90612522,0.91657094,79.357125,72.736435
0b_color_jitter_best,file,15,baseline_color_jitter,5405,093.Clark_Nutcracker/Clark_Nutcracker_0011_85698.jpg,93,92,093.Clark_Nutcracker,198,197,identity,identity,0,{},0.0017780937,0.0017780937,0,0.99822348,0.99822348,0.00069822039,0.00069822039,0.99752526,0.99752526,0,1,1,0.22758685,0.22758685,False,0.99999994,True,True,True,1,1,0.22758685,0.22758685,1,1,0.21964807,0.21964807,1,1,0.05958609,0.05958609,1,1,0.050644886,0.050644886,1,1,0.072721757,0.072721757,1,1,0.10181767,0.10181767,1,1,0.10906562,0.10906562,1,1,0.13464683,0.13464683
0b_color_jitter_best,file,15,baseline_color_jitter,5405,093.Clark_Nutcracker/Clark_Nutcracker_0011_85698.jpg,93,92,093.Clark_Nutcracker,198,197,color_jitter,color_jitter,0,"{""brightness"":0.713279,""contrast"":0.711295,""hue"":-0.014537,""saturation"":0.768784}",0.0017780937,0.0024657818,0.00068768801,0.99822348,0.99753726,0.00069822039,0.0015738463,0.99752526,0.99596341,-0.0015618542,0.77389129,1.8298363,0.22758685,0.41644668,False,0.99002236,True,True,True,0.77389129,1.8298363,0.22758685,0.41644668,0.76245652,1.8481224,0.21964807,0.40593651,0.96840213,1.5602606,0.05958609,0.092969831,0.60695311,2.1138279,0.050644886,0.10705458,0.61677868,2.6648867,0.072721757,0.19379524,0.75459572,2.0396266,0.10181767,0.20767003,0.81253051,1.6618663,0.10906562,0.18125248,0.89292165,1.4814234,0.13464683,0.19946896
0b_color_jitter_best,file,15,baseline_color_jitter,920,017.Cardinal/Cardinal_0079_19044.jpg,17,16,017.Cardinal,42,41,identity,identity,0,{},0.0018550821,0.0018550821,0,0.99814665,0.99814665,0.0010801717,0.0010801717,0.99706648,0.99706648,0,1,1,0.2881688,0.2881688,False,1,True,True,True,1,1,0.2881688,0.2881688,1,1,0.28007729,0.28007729,1,1,0.067808328,0.067808328,1,1,0.059195142,0.059195142,1,1,0.1175692,0.1175692,1,1,0.14289167,0.14289167,1,1,0.13660125,0.13660125,1,1,0.14845464,0.14845464
0b_color_jitter_best,file,15,baseline_color_jitter,920,017.Cardinal/Cardinal_0079_19044.jpg,17,16,017.Cardinal,42,41,color_jitter,color_jitter,0,"{""brightness"":0.687248,""contrast"":1.173776,""hue"":0.097519,""saturation"":1.253802}",0.0018550821,0.0027726563,0.00091757416,0.99814665,0.99723119,0.0010801717,0.00043541793,0.99706648,0.99679577,-0.00027071399,0.63465823,1.2366919,0.2881688,0.35637602,False,0.97294641,True,True,True,0.63465823,1.2366919,0.2881688,0.35637602,0.61876236,1.2238187,0.28007729,0.34276384,0.87312872,1.4386755,0.067808328,0.097554177,0.51511207,1.1167163,0.059195142,0.066104182,0.47496712,1.1677971,0.1175692,0.13729697,0.57601838,1.2376667,0.14289167,0.17685226,0.5973892,1.1563121,0.13660125,0.15795367,0.76923138,1.3138044,0.14845464,0.19504037
0b_color_jitter_best,file,15,baseline_color_jitter,5043,087.Mallard/Mallard_0071_76940.jpg,87,86,087.Mallard,75,74,identity,identity,0,{},0.02936779,0.02936779,0,0.97105926,0.97105926,0.0024110898,0.0024110898,0.96864817,0.96864817,0,1,1,2.781315,2.781315,False,1,True,True,True,1,1,2.781315,2.781315,1,1,2.6879458,2.6879458,1,1,0.7146053,0.7146053,1,1,0.36168453,0.36168453,1,1,0.81205646,0.81205646,1,1,1.1143211,1.1143211,1,1,1.3505172,1.3505172,1,1,1.8355362,1.8355362
0b_color_jitter_best,file,15,baseline_color_jitter,5043,087.Mallard/Mallard_0071_76940.jpg,87,86,087.Mallard,75,74,color_jitter,color_jitter,0,"{""brightness"":1.181324,""contrast"":1.253952,""hue"":0.092556,""saturation"":0.636442}",0.02936779,0.028699983,-0.00066780671,0.97105926,0.97170794,0.0024110898,0.0037025076,0.96864817,0.96800543,-0.0006427404,0.70086971,1.1379989,2.781315,3.1651334,False,0.97092032,True,True,True,0.70086971,1.1379989,2.781315,3.1651334,0.68380408,1.1393453,2.6879458,3.0624983,0.94686977,1.1187759,0.7146053,0.79948316,0.51837762,1.4991892,0.36168453,0.54223356,0.49049711,1.4674514,0.81205646,1.1916534,0.56322412,1.1949464,1.1143211,1.331554,0.6573951,1.1491094,1.3505172,1.5518919,0.8287433,1.0168127,1.8355362,1.8663966
0b_color_jitter_best,file,15,baseline_color_jitter,11743,200.Common_Yellowthroat/Common_Yellowthroat_0106_190989.jpg,200,199,200.Common_Yellowthroat,168,167,identity,identity,0,{},0.00063363498,0.00063363498,0,0.99936658,0.99936658,0.00024508135,0.00024508135,0.9991215,0.9991215,0,1,1,0.10852359,0.10852359,False,0.99999994,True,True,True,1,1,0.10852359,0.10852359,1,1,0.1061596,0.1061596,1,1,0.022527947,0.022527947,1,1,0.01684877,0.01684877,1,1,0.040120358,0.040120358,1,1,0.054791287,0.054791287,1,1,0.058303181,0.058303181,1,1,0.054543477,0.054543477
0b_color_jitter_best,file,15,baseline_color_jitter,11743,200.Common_Yellowthroat/Common_Yellowthroat_0106_190989.jpg,200,199,200.Common_Yellowthroat,168,167,color_jitter,color_jitter,0,"{""brightness"":1.03304,""contrast"":0.655468,""hue"":-0.028749,""saturation"":1.383961}",0.00063363498,0.0014982915,0.00086465653,0.99936658,0.99850285,0.00024508135,0.0008437463,0.9991215,0.9976591,-0.0014623959,0.85347774,2.8742567,0.10852359,0.31192465,False,0.98821211,True,True,True,0.85347774,2.8742567,0.10852359,0.31192465,0.84918222,2.8903625,0.1061596,0.30683974,0.97335855,2.4899061,0.022527947,0.056092474,0.65384793,3.0466712,0.01684877,0.051332664,0.77882646,3.0962759,0.040120358,0.1242237,0.86171677,3.1835644,0.054791287,0.17443159,0.86684152,2.832142,0.058303181,0.16512289,0.89673416,2.4864109,0.054543477,0.1356175
0b_color_jitter_best,file,15,baseline_color_jitter,3563,062.Herring_Gull/Herring_Gull_0129_46708.jpg,62,61,062.Herring_Gull,65,64,identity,identity,0,{},1.7805899,1.7805899,0,0.1685387,0.1685387,0.4343968,0.4343968,-0.2658581,-0.2658581,0,1,1,132.01889,132.01889,False,0.99999994,True,False,False,1,1,132.01889,132.01889,1,1,129.26655,129.26655,1,1,26.816877,26.816877,1,1,25.891255,25.891255,1,1,51.215491,51.215491,1,1,64.997485,64.997485,1,1,66.889098,66.889098,1,1,68.685035,68.685035
0b_color_jitter_best,file,15,baseline_color_jitter,3563,062.Herring_Gull/Herring_Gull_0129_46708.jpg,62,61,062.Herring_Gull,65,64,color_jitter,color_jitter,0,"{""brightness"":0.749589,""contrast"":0.716231,""hue"":0.056657,""saturation"":1.065315}",1.7805899,0.97743762,-0.80315232,0.1685387,0.37627405,0.4343968,0.37655529,-0.2658581,-0.00028124452,0.26557685,0.84284959,0.78021337,132.01889,103.0029,False,0.98759931,True,False,False,0.84284959,0.78021337,132.01889,103.0029,0.83705312,0.78103324,129.26655,100.96148,0.98137147,0.76091451,26.816877,20.405351,0.53796586,0.79455205,25.891255,20.57195,0.67411292,0.88353547,51.215491,45.250703,0.85756068,0.79545701,64.997485,51.702705,0.89975309,0.753593,66.889098,50.407156,0.91859772,0.72917344,68.685035,50.083304
0b_color_jitter_best,file,15,baseline_color_jitter,956,018.Spotted_Catbird/Spotted_Catbird_0016_796803.jpg,18,17,018.Spotted_Catbird,105,104,identity,identity,0,{},0.078368306,0.078368306,0,0.92462385,0.92462385,0.02342408,0.02342408,0.90119977,0.90119977,0,1,1,18.532189,18.532189,False,1,True,True,True,1,1,18.532189,18.532189,1,1,18.364692,18.364692,1,1,2.4859791,2.4859791,1,1,3.2788536,3.2788536,1,1,7.7564941,7.7564941,1,1,10.534551,10.534551,1,1,9.4602382,9.4602382,1,1,8.1163399,8.1163399
0b_color_jitter_best,file,15,baseline_color_jitter,956,018.Spotted_Catbird/Spotted_Catbird_0016_796803.jpg,18,17,018.Spotted_Catbird,105,104,color_jitter,color_jitter,0,"{""brightness"":0.649776,""contrast"":1.013893,""hue"":-0.0164,""saturation"":1.198283}",0.078368306,0.14527655,0.06690824,0.92462385,0.86478311,0.02342408,0.049658325,0.90119977,0.81512478,-0.086074984,0.92316613,2.0756367,18.532189,38.46609,False,0.9934026,True,True,True,0.92316613,2.0756367,18.532189,38.46609,0.92221734,2.080196,18.364692,38.202158,0.99153451,1.809491,2.4859791,4.4983568,0.59284489,2.8640759,3.2788536,9.3908857,0.90096347,2.3028271,7.7564941,17.861865,0.94626917,2.0859969,10.534551,21.97504,0.95320429,1.9349921,9.4602382,18.305486,0.96449252,1.8854355,8.1163399,15.302835
0b_color_jitter_best,file,15,baseline_color_jitter,11179,190.Red_cockaded_Woodpecker/Red_Cockaded_Woodpecker_0060_182377.jpg,190,189,190.Red_cockaded_Woodpecker,187,186,identity,identity,0,{},0.026954308,0.026954308,0,0.97340572,0.97340572,0.017196771,0.017196771,0.95620895,0.95620895,0,1,1,4.1778397,4.1778397,False,0.99999988,True,True,True,1,1,4.1778397,4.1778397,1,1,4.0905583,4.0905583,1,1,0.84951622,0.84951622,1,1,0.90680401,0.90680401,1,1,1.6415037,1.6415037,1,1,2.3344225,2.3344225,1,1,2.0408383,2.0408383,1,1,1.8977064,1.8977064
0b_color_jitter_best,file,15,baseline_color_jitter,11179,190.Red_cockaded_Woodpecker/Red_Cockaded_Woodpecker_0060_182377.jpg,190,189,190.Red_cockaded_Woodpecker,187,186,color_jitter,color_jitter,0,"{""brightness"":1.00288,""contrast"":0.645759,""hue"":0.020285,""saturation"":0.777821}",0.026954308,0.081176385,0.054222077,0.97340572,0.92203104,0.017196771,0.066690505,0.95620895,0.85534054,-0.10086841,0.87042588,3.5236974,4.1778397,14.721443,False,0.99086499,True,True,True,0.87042588,3.5236974,4.1778397,14.721443,0.86595031,3.5295793,4.0905583,14.43795,0.97938179,3.3844576,0.84951622,2.8751516,0.82265807,2.6989522,0.90680401,2.4474207,0.81484716,3.5972452,1.6415037,5.9048912,0.85865477,3.6690995,2.3344225,8.5652283,0.89181116,3.5864494,2.0408383,7.3193633,0.90309213,3.3601425,1.8977064,6.3765641
0b_color_jitter_best,file,15,baseline_color_jitter,4184,072.Pomarine_Jaeger/Pomarine_Jaeger_0075_61349.jpg,72,71,072.Pomarine_Jaeger,71,70,identity,identity,0,{},0.013216627,0.013216627,0,0.98687035,0.98687035,0.0043081804,0.0043081804,0.98256217,0.98256217,0,1,1,1.9472772,1.9472772,False,1,True,True,True,1,1,1.9472772,1.9472772,1,1,1.9061517,1.9061517,1,1,0.39808811,0.39808811,1,1,0.67860049,0.67860049,1,1,0.75312983,0.75312983,1,1,0.88447948,0.88447948,1,1,0.91212059,0.91212059,1,1,0.9957124,0.9957124
0b_color_jitter_best,file,15,baseline_color_jitter,4184,072.Pomarine_Jaeger/Pomarine_Jaeger_0075_61349.jpg,72,71,072.Pomarine_Jaeger,71,70,color_jitter,color_jitter,0,"{""brightness"":0.878992,""contrast"":1.254021,""hue"":-0.035923,""saturation"":1.322681}",0.013216627,0.019798402,0.0065817749,0.98687035,0.98039627,0.0043081804,0.0026489852,0.98256217,0.97774729,-0.0048148825,0.70953564,1.7616037,1.9472772,3.4303307,False,0.97184473,True,True,True,0.70953564,1.7616037,1.9472772,3.4303307,0.70146608,1.7698479,1.9061517,3.3735985,0.92475601,1.5606862,0.39808811,0.6212906,0.74138729,1.8812464,0.67860049,1.2766147,0.62954935,1.8120677,0.75312983,1.3647223,0.63253709,1.6785744,0.88447948,1.4846646,0.68676194,1.8377011,0.91212059,1.676205,0.79421593,1.7029023,0.9957124,1.6956009
0b_color_jitter_best,file,15,baseline_color_jitter,881,016.Painted_Bunting/Painted_Bunting_0086_16540.jpg,16,15,016.Painted_Bunting,134,133,identity,identity,0,{},0.051534407,0.051534407,0,0.94977099,0.94977099,0.0045088455,0.0045088455,0.94526214,0.94526214,0,1,1,6.7977686,6.7977686,False,0.99999988,True,True,True,1,1,6.7977686,6.7977686,1,1,6.6786322,6.6786322,1,1,1.2670948,1.2670948,1,1,1.265697,1.265697,1,1,2.5373711,2.5373711,1,1,3.2437773,3.2437773,1,1,3.5030996,3.5030996,1,1,3.7108072,3.7108072
0b_color_jitter_best,file,15,baseline_color_jitter,881,016.Painted_Bunting/Painted_Bunting_0086_16540.jpg,16,15,016.Painted_Bunting,134,133,color_jitter,color_jitter,0,"{""brightness"":1.344469,""contrast"":0.683746,""hue"":0.092923,""saturation"":1.342968}",0.051534407,0.091783412,0.040249005,0.94977099,0.91230273,0.0045088455,0.00058231299,0.94526214,0.91172042,-0.033541722,0.63238131,2.130305,6.7977686,14.48132,False,0.94718277,True,True,True,0.63238131,2.130305,6.7977686,14.48132,0.62247276,2.1324998,6.6786322,14.242182,0.9164722,2.0683975,1.2670948,2.6208557,0.471495,1.912911,1.265697,2.4211658,0.47514979,2.5395,2.5373711,6.4436537,0.56454979,2.3347411,3.2437773,7.5733801,0.67488542,2.1070471,3.5030996,7.3811958,0.7620207,1.7797908,3.7108072,6.6044603
0b_color_jitter_best,file,15,baseline_color_jitter,2199,039.Least_Flycatcher/Least_Flycatcher_0049_30361.jpg,39,38,039.Least_Flycatcher,38,37,identity,identity,0,{},0.24707629,0.24707629,0,0.78108108,0.78108108,0.11698492,0.11698492,0.66409616,0.66409616,0,1,1,41.176269,41.176269,False,1,True,True,True,1,1,41.176269,41.176269,1,1,40.547692,40.547692,1,1,7.1672706,7.1672706,1,1,12.026472,12.026472,1,1,19.851874,19.851874,1,1,21.149908,21.149908,1,1,19.853037,19.853037,1,1,16.245637,16.245637
0b_color_jitter_best,file,15,baseline_color_jitter,2199,039.Least_Flycatcher/Least_Flycatcher_0049_30361.jpg,39,38,039.Least_Flycatcher,38,37,color_jitter,color_jitter,0,"{""brightness"":1.081852,""contrast"":1.142514,""hue"":0.032865,""saturation"":0.817336}",0.24707629,0.15498807,-0.092088223,0.78108108,0.8564254,0.11698492,0.061577033,0.66409616,0.79484837,0.13075221,0.92361415,0.56142669,41.176269,23.117456,False,0.99377149,True,True,True,0.92361415,0.56142669,41.176269,23.117456,0.92152444,0.55912852,40.547692,22.671371,0.98937598,0.63057221,7.1672706,4.5194817,0.88679662,0.62512186,12.026472,7.5180103,0.90732341,0.50703462,19.851874,10.065587,0.92521616,0.542382,21.149908,11.47133,0.93531487,0.56403173,19.853037,11.197743,0.9472316,0.61300143,16.245637,9.9585987
0b_color_jitter_best,file,15,baseline_color_jitter,4531,078.Gray_Kingbird/Gray_Kingbird_0037_70050.jpg,78,77,078.Gray_Kingbird,112,111,identity,identity,0,{},0.029118761,0.029118761,0,0.97130108,0.97130108,0.0086897556,0.0086897556,0.96261132,0.96261132,0,1,1,4.0099311,4.0099311,False,1,True,True,True,1,1,4.0099311,4.0099311,1,1,3.8945064,3.8945064,1,1,0.95517892,0.95517892,1,1,0.95924741,0.95924741,1,1,1.4887186,1.4887186,1,1,1.8613446,1.8613446,1,1,2.0329436,2.0329436,1,1,2.1055351,2.1055351
0b_color_jitter_best,file,15,baseline_color_jitter,4531,078.Gray_Kingbird/Gray_Kingbird_0037_70050.jpg,78,77,078.Gray_Kingbird,112,111,color_jitter,color_jitter,0,"{""brightness"":0.855864,""contrast"":1.238648,""hue"":0.041369,""saturation"":0.616595}",0.029118761,0.017913695,-0.011205066,0.97130108,0.9822458,0.0086897556,0.007650062,0.96261132,0.97459574,0.011984418,0.88340512,0.64708394,4.0099311,2.594762,False,0.99409223,True,True,True,0.88340512,0.64708394,4.0099311,2.594762,0.87705366,0.64617235,3.8945064,2.5165224,0.98670415,0.66205441,0.95517892,0.63238041,0.6440689,0.55522316,0.95924741,0.53259637,0.75120737,0.65039451,1.4887186,0.96825441,0.8824343,0.65051349,1.8613446,1.2108298,0.92139948,0.65491927,2.0329436,1.3314139,0.93735822,0.64997876,2.1055351,1.3685531
0b_color_jitter_best,file,15,baseline_color_jitter,782,015.Lazuli_Bunting/Lazuli_Bunting_0102_14605.jpg,15,14,015.Lazuli_Bunting,16,15,identity,identity,0,{},0.015700301,0.015700301,0,0.98442233,0.98442233,0.0084966887,0.0084966887,0.97592564,0.97592564,0,1,1,2.3196477,2.3196477,False,0.99999994,True,True,True,1,1,2.3196477,2.3196477,1,1,2.2794628,2.2794628,1,1,0.42990063,0.42990063,1,1,0.47433123,0.47433123,1,1,0.86495297,0.86495297,1,1,1.1016245,1.1016245,1,1,1.1643116,1.1643116,1,1,1.2859312,1.2859312
0b_color_jitter_best,file,15,baseline_color_jitter,782,015.Lazuli_Bunting/Lazuli_Bunting_0102_14605.jpg,15,14,015.Lazuli_Bunting,16,15,color_jitter,color_jitter,0,"{""brightness"":0.915665,""contrast"":1.368227,""hue"":0.002614,""saturation"":0.711481}",0.015700301,0.0066328128,-0.0090674884,0.98442233,0.99338913,0.0084966887,0.0022643059,0.97592564,0.99112482,0.015199186,0.89869924,0.3899374,2.3196477,0.90451739,False,0.99389964,True,True,True,0.89869924,0.3899374,2.3196477,0.90451739,0.89576977,0.38938871,2.2794628,0.88759709,0.97854793,0.40505941,0.42990063,0.1741353,0.86219418,0.47836554,0.47433123,0.22690371,0.85766968,0.37502053,0.86495297,0.32437512,0.89404977,0.36435869,1.1016245,0.40138645,0.89194591,0.36996573,1.1643116,0.4307554,0.9276937,0.41475823,1.2859312,0.53335053
0b_color_jitter_best,file,15,baseline_color_jitter,3068,053.Western_Grebe/Western_Grebe_0007_36074.jpg,53,52,053.Western_Grebe,51,50,identity,identity,0,{},0.48026305,0.48026305,0,0.61862063,0.61862063,0.31965232,0.31965232,0.29896832,0.29896832,0,1,1,63.583014,63.583014,False,0.99999994,True,True,True,1,1,63.583014,63.583014,1,1,61.835098,61.835098,1,1,14.806095,14.806095,1,1,18.943089,18.943089,1,1,25.84498,25.84498,1,1,29.609885,29.609885,1,1,30.078427,30.078427,1,1,31.864065,31.864065
0b_color_jitter_best,file,15,baseline_color_jitter,3068,053.Western_Grebe/Western_Grebe_0007_36074.jpg,53,52,053.Western_Grebe,51,50,color_jitter,color_jitter,0,"{""brightness"":1.314602,""contrast"":1.051328,""hue"":-0.062143,""saturation"":0.601164}",0.48026305,0.50738329,0.027120233,0.61862063,0.60206896,0.31965232,0.31996223,0.29896832,0.28210673,-0.016861588,0.89132115,1.0523721,63.583014,66.912989,False,0.98543501,True,True,True,0.89132115,1.0523721,63.583014,66.912989,0.88601723,1.0530884,61.835098,65.117822,0.98508091,1.0397994,14.806095,15.395369,0.90477465,0.99010648,18.943089,18.755675,0.8876086,1.0331342,25.84498,26.701333,0.85723623,1.03276,29.609885,30.579904,0.8811683,1.1009703,30.078427,33.115454,0.90911608,1.0614014,31.864065,33.820562
0b_color_jitter_best,file,15,baseline_color_jitter,1464,027.Shiny_Cowbird/Shiny_Cowbird_0019_24323.jpg,27,26,027.Shiny_Cowbird,131,130,identity,identity,0,{},4.9705515,4.9705515,0,0.006939318,0.006939318,0.11314306,0.11314306,-0.10620375,-0.10620375,0,1,1,114.44086,114.44086,False,1.0000001,True,False,False,1,1,114.44086,114.44086,1,1,110.19405,110.19405,1,1,30.886606,30.886606,1,1,29.815652,29.815652,1,1,37.43458,37.43458,1,1,50.162794,50.162794,1,1,51.674699,51.674699,1,1,68.306854,68.306854
0b_color_jitter_best,file,15,baseline_color_jitter,1464,027.Shiny_Cowbird/Shiny_Cowbird_0019_24323.jpg,27,26,027.Shiny_Cowbird,131,130,color_jitter,color_jitter,0,"{""brightness"":0.649759,""contrast"":0.880847,""hue"":-0.026788,""saturation"":0.601111}",4.9705515,5.8154955,0.844944,0.006939318,0.0029810024,0.11314306,0.069955245,-0.10620375,-0.066974242,0.039229504,0.63800607,1.1675511,114.44086,133.61555,False,0.9595114,False,False,False,0.63800607,1.1675511,114.44086,133.61555,0.61734673,1.1739648,110.19405,129.36393,0.92511326,1.0826006,30.886606,33.437859,0.73273524,1.0167878,29.815652,30.316191,0.47080148,1.6039801,37.43458,60.044322,0.43324608,1.2278022,50.162794,61.589986,0.6286749,1.1276305,51.674699,58.269965,0.7950028,1.0374581,68.306854,70.865497
0b_color_jitter_best,file,15,baseline_color_jitter,11718,199.Winter_Wren/Winter_Wren_0126_190342.jpg,199,198,199.Winter_Wren,129,128,identity,identity,0,{},6.1464682,6.1464682,0,0.0021410303,0.0021410303,0.19551091,0.19551091,-0.19336988,-0.19336988,0,1,1,124.6776,124.6776,False,1.0000001,True,False,False,1,1,124.6776,124.6776,1,1,121.81972,121.81972,1,1,26.541673,26.541673,1,1,28.551825,28.551825,1,1,51.862273,51.862273,1,1,65.699649,65.699649,1,1,56.995966,56.995966,1,1,61.401613,61.401613
0b_color_jitter_best,file,15,baseline_color_jitter,11718,199.Winter_Wren/Winter_Wren_0126_190342.jpg,199,198,199.Winter_Wren,129,128,color_jitter,color_jitter,0,"{""brightness"":0.857128,""contrast"":1.185306,""hue"":0.024741,""saturation"":1.287992}",6.1464682,6.1245041,-0.021964073,0.0021410303,0.0021885757,0.19551091,0.18660812,-0.19336988,-0.18441955,0.0089503336,0.91672401,0.96265522,124.6776,120.02155,False,0.9902494,False,False,False,0.91672401,0.96265522,124.6776,120.02155,0.91352886,0.9595629,121.81972,116.89368,0.98163143,1.0256329,26.541673,27.222014,0.90401439,1.2563149,28.551825,35.870084,0.90844621,0.95739436,51.862273,49.652648,0.91764574,0.90630229,65.699649,59.543742,0.91369542,0.9261837,56.995966,52.788735,0.9266905,0.97445177,61.401613,59.832911
0b_color_jitter_best,file,15,baseline_color_jitter,736,014.Indigo_Bunting/Indigo_Bunting_0059_11596.jpg,14,13,014.Indigo_Bunting,54,53,identity,identity,0,{},3.4120817,3.4120817,0,0.032972496,0.032972496,0.9206419,0.9206419,-0.8876694,-0.8876694,0,1,1,197.53501,197.53501,False,1,True,False,False,1,1,197.53501,197.53501,1,1,192.92323,192.92323,1,1,42.43472,42.43472,1,1,45.529484,45.529484,1,1,91.151694,91.151694,1,1,97.101601,97.101601,1,1,89.169772,89.169772,1,1,97.25142,97.25142
0b_color_jitter_best,file,15,baseline_color_jitter,736,014.Indigo_Bunting/Indigo_Bunting_0059_11596.jpg,14,13,014.Indigo_Bunting,54,53,color_jitter,color_jitter,0,"{""brightness"":0.644507,""contrast"":1.299525,""hue"":-0.05439,""saturation"":1.196095}",3.4120817,2.1333368,-1.2787449,0.032972496,0.11844142,0.9206419,0.5084424,-0.8876694,-0.39000098,0.49766842,0.79779389,0.83520415,197.53501,164.98206,False,0.96973115,True,False,False,0.79779389,0.83520415,197.53501,164.98206,0.7929477,0.84052016,192.92323,162.15586,0.92506527,0.71654753,42.43472,30.406494,0.42842146,0.83527548,45.529484,38.029661,0.81983306,0.84185103,91.151694,76.736147,0.80408194,0.84874633,97.101601,82.414628,0.81485728,0.8496252,89.169772,75.760885,0.8195991,0.82440442,97.25142,80.1745
0b_color_jitter_best,file,15,baseline_color_jitter,10670,182.Yellow_Warbler/Yellow_Warbler_0018_176674.jpg,182,181,182.Yellow_Warbler,172,171,identity,identity,0,{},3.5421047,3.5421047,0,0.028952323,0.028952323,0.27791879,0.27791879,-0.24896646,-0.24896646,0,1,1,158.91266,158.91266,False,1,True,False,False,1,1,158.91266,158.91266,1,1,156.63495,156.63495,1,1,26.809089,26.809089,1,1,35.985616,35.985616,1,1,65.796981,65.796981,1,1,95.67338,95.67338,1,1,75.237452,75.237452,1,1,64.001801,64.001801
0b_color_jitter_best,file,15,baseline_color_jitter,10670,182.Yellow_Warbler/Yellow_Warbler_0018_176674.jpg,182,181,182.Yellow_Warbler,172,171,color_jitter,color_jitter,0,"{""brightness"":1.080209,""contrast"":0.777715,""hue"":-0.011995,""saturation"":1.202656}",3.5421047,3.3077812,-0.2343235,0.028952323,0.036597282,0.27791879,0.32939151,-0.24896646,-0.29279423,-0.043827765,0.95821605,1.0024709,158.91266,159.30532,False,0.99381107,True,False,False,0.95821605,1.0024709,158.91266,159.30532,0.95729591,1.0015115,156.63495,156.87171,0.98911273,1.0346865,26.809089,27.739002,0.96064715,1.041842,35.985616,37.491327,0.94581759,1.0574378,65.796981,69.576217,0.96718561,0.96844418,95.67338,92.654328,0.95564066,0.99109329,75.237452,74.567333,0.95309441,1.0146552,64.001801,64.939759
0b_color_jitter_best,file,15,baseline_color_jitter,7916,135.Bank_Swallow/Bank_Swallow_0007_129514.jpg,135,134,135.Bank_Swallow,69,68,identity,identity,0,{},0.42012697,0.42012697,0,0.65696341,0.65696341,0.051444761,0.051444761,0.60551865,0.60551865,0,1,1,64.201411,64.201411,False,1,True,True,True,1,1,64.201411,64.201411,1,1,63.393376,63.393376,1,1,10.15387,10.15387,1,1,11.412427,11.412427,1,1,31.591411,31.591411,1,1,33.865397,33.865397,1,1,30.097811,30.097811,1,1,28.943325,28.943325
0b_color_jitter_best,file,15,baseline_color_jitter,7916,135.Bank_Swallow/Bank_Swallow_0007_129514.jpg,135,134,135.Bank_Swallow,69,68,color_jitter,color_jitter,0,"{""brightness"":0.865098,""contrast"":0.73174,""hue"":0.054085,""saturation"":0.991629}",0.42012697,1.2327067,0.81257969,0.65696341,0.29150251,0.051444761,0.14498481,0.60551865,0.14651769,-0.45900095,0.88872362,2.1474154,64.201411,137.8671,False,0.98404539,True,True,True,0.88872362,2.1474154,64.201411,137.8671,0.88659353,2.1492224,63.393376,136.24646,0.97521455,2.0757539,10.15387,21.076936,0.84123965,1.8983055,11.412427,21.664272,0.89774867,2.4442891,31.591411,77.218542,0.89162062,2.1790043,33.865397,73.792846,0.87269642,1.9963317,30.097811,60.085214,0.90538124,1.9160422,28.943325,55.45663
0b_color_jitter_best,file,15,baseline_color_jitter,8376,143.Caspian_Tern/Caspian_Tern_0013_145553.jpg,143,142,143.Caspian_Tern,137,136,identity,identity,0,{},4.2035065,4.2035065,0,0.014943086,0.014943086,0.21441606,0.21441606,-0.19947297,-0.19947297,0,1,1,97.858561,97.858561,False,0.99999994,True,False,False,1,1,97.858561,97.858561,1,1,95.3063,95.3063,1,1,22.203763,22.203763,1,1,16.775563,16.775563,1,1,32.364689,32.364689,1,1,45.124741,45.124741,1,1,50.666288,50.666288,1,1,56.13451,56.13451
0b_color_jitter_best,file,15,baseline_color_jitter,8376,143.Caspian_Tern/Caspian_Tern_0013_145553.jpg,143,142,143.Caspian_Tern,137,136,color_jitter,color_jitter,0,"{""brightness"":1.215998,""contrast"":0.754233,""hue"":0.064796,""saturation"":0.663104}",4.2035065,4.6386366,0.43513012,0.014943086,0.0096708741,0.21441606,0.038104698,-0.19947297,-0.028433824,0.17103915,0.71893641,1.0093716,97.858561,98.775655,False,0.92116165,False,False,False,0.71893641,1.0093716,97.858561,98.775655,0.70908024,1.0095513,95.3063,96.2166,0.90116414,1.0060555,22.203763,22.338218,0.64531397,2.01522,16.775563,33.806449,0.67469295,1.2527116,32.364689,40.543623,0.70307254,0.95085812,45.124741,42.907227,0.71306615,0.84292658,50.666288,42.707961,0.78921945,0.94365183,56.13451,52.971433
0b_color_jitter_best,file,15,baseline_color_jitter,4061,070.Green_Violetear/Green_Violetear_0027_60841.jpg,70,69,070.Green_Violetear,67,66,identity,identity,0,{},0.00059598801,0.00059598801,0,0.99940419,0.99940419,0.00018543718,0.00018543718,0.99921875,0.99921875,0,1,1,0.07755721,0.07755721,False,1,True,True,True,1,1,0.07755721,0.07755721,1,1,0.075621579,0.075621579,1,1,0.017219107,0.017219107,1,1,0.013118602,0.013118602,1,1,0.027298173,0.027298173,1,1,0.033423766,0.033423766,1,1,0.036344493,0.036344493,1,1,0.048613423,0.048613423
0b_color_jitter_best,file,15,baseline_color_jitter,4061,070.Green_Violetear/Green_Violetear_0027_60841.jpg,70,69,070.Green_Violetear,67,66,color_jitter,color_jitter,0,"{""brightness"":0.931341,""contrast"":0.826553,""hue"":0.053613,""saturation"":0.880607}",0.00059598801,0.0017420369,0.0011460489,0.99940419,0.99825948,0.00018543718,0.0010126727,0.99921875,0.99724681,-0.0019719427,0.78427577,3.3753815,0.07755721,0.26178517,False,0.98648578,True,True,True,0.78427577,3.3753815,0.07755721,0.26178517,0.77582635,3.3847055,0.075621579,0.25595678,0.95848633,3.1902204,0.017219107,0.054932747,0.57700539,4.229465,0.013118602,0.05548467,0.72112962,4.400694,0.027298173,0.12013091,0.74054872,4.0075089,0.033423766,0.13394604,0.78739976,3.1474454,0.036344493,0.11439231,0.89087795,2.6802236,0.048613423,0.13029484
0b_color_jitter_best,file,15,baseline_color_jitter,6612,113.Baird_Sparrow/Baird_Sparrow_0049_787324.jpg,113,112,113.Baird_Sparrow,115,114,identity,identity,0,{},0.058702074,0.058702074,0,0.94298768,0.94298768,0.051187564,0.051187564,0.89180012,0.89180012,0,1,1,14.69005,14.69005,False,1,True,True,True,1,1,14.69005,14.69005,1,1,14.474984,14.474984,1,1,2.5044806,2.5044806,1,1,3.067577,3.067577,1,1,6.91261,6.91261,1,1,9.0788843,9.0788843,1,1,6.3538544,6.3538544,1,1,5.4344589,5.4344589
0b_color_jitter_best,file,15,baseline_color_jitter,6612,113.Baird_Sparrow/Baird_Sparrow_0049_787324.jpg,113,112,113.Baird_Sparrow,115,114,color_jitter,color_jitter,0,"{""brightness"":1.134451,""contrast"":0.988913,""hue"":0.047093,""saturation"":0.78984}",0.058702074,0.035114322,-0.023587752,0.94298768,0.96549505,0.051187564,0.030230505,0.89180012,0.93526454,0.043464428,0.94054044,0.5429325,14.69005,7.9757057,False,0.99684417,True,True,True,0.94054044,0.5429325,14.69005,7.9757057,0.93886461,0.54087821,14.474984,7.8292033,0.99653325,0.60757603,2.5044806,1.5216624,0.91845301,0.58961066,3.067577,1.8086761,0.89731957,0.48200755,6.91261,3.3319302,0.95223019,0.53135088,9.0788843,4.8240731,0.95265361,0.57746482,6.3538544,3.6691274,0.96395366,0.58737207,5.4344589,3.1920493
0b_color_jitter_best,file,15,baseline_color_jitter,6151,106.Horned_Puffin/Horned_Puffin_0029_100888.jpg,106,105,106.Horned_Puffin,58,57,identity,identity,0,{},0.57526255,0.57526255,0,0.56255716,0.56255716,0.21304639,0.21304639,0.34951077,0.34951077,0,1,1,67.155905,67.155905,False,0.99999994,True,True,True,1,1,67.155905,67.155905,1,1,65.716432,65.716432,1,1,13.829898,13.829898,1,1,20.882097,20.882097,1,1,23.577699,23.577699,1,1,32.540857,32.540857,1,1,34.179733,34.179733,1,1,33.158982,33.158982
0b_color_jitter_best,file,15,baseline_color_jitter,6151,106.Horned_Puffin/Horned_Puffin_0029_100888.jpg,106,105,106.Horned_Puffin,58,57,color_jitter,color_jitter,0,"{""brightness"":1.349409,""contrast"":1.26693,""hue"":-0.05496,""saturation"":1.088734}",0.57526255,1.0229511,0.44768858,0.56255716,0.35953236,0.21304639,0.41894069,0.34951077,-0.059408337,-0.40891911,0.77490443,1.5413529,67.155905,103.51095,False,0.97050494,False,True,False,0.77490443,1.5413529,67.155905,103.51095,0.76763415,1.5448557,65.716432,101.5224,0.94978606,1.4600289,13.829898,20.192051,0.73803341,1.1624441,20.882097,24.27427,0.55579995,1.4363337,23.577699,33.865443,0.76256982,1.6148818,32.540857,52.549639,0.80561505,1.6442439,34.179733,56.199817,0.85051394,1.5527008,33.158982,51.485976
0b_color_jitter_best,file,15,baseline_color_jitter,4937,085.Horned_Lark/Horned_Lark_0046_73950.jpg,85,84,085.Horned_Lark,132,131,identity,identity,0,{},0.0041577094,0.0041577094,0,0.99585092,0.99585092,0.0019358878,0.0019358878,0.99391503,0.99391503,0,1,1,0.61921165,0.61921165,False,0.99999988,True,True,True,1,1,0.61921165,0.61921165,1,1,0.60246672,0.60246672,1,1,0.14302769,0.14302769,1,1,0.19094848,0.19094848,1,1,0.246844,0.246844,1,1,0.31072972,0.31072972,1,1,0.27268642,0.27268642,1,1,0.30767194,0.30767194
0b_color_jitter_best,file,15,baseline_color_jitter,4937,085.Horned_Lark/Horned_Lark_0046_73950.jpg,85,84,085.Horned_Lark,132,131,color_jitter,color_jitter,0,"{""brightness"":1.103198,""contrast"":0.979275,""hue"":-0.095119,""saturation"":0.904012}",0.0041577094,0.012353217,0.0081955078,0.99585092,0.98772275,0.0019358878,0.0082275812,0.99391503,0.97949517,-0.01441986,0.83077973,3.440316,0.61921165,2.1302838,False,0.98659074,True,True,True,0.83077973,3.440316,0.61921165,2.1302838,0.8234955,3.4484531,0.60246672,2.0775782,0.96698439,3.2925989,0.14302769,0.47093282,0.88832648,2.8689465,0.19094848,0.54782096,0.74991389,3.3196565,0.246844,0.8194373,0.81005093,3.4930777,0.31072972,1.0854031,0.82039624,3.8841948,0.27268642,1.0591672,0.87756055,3.3222398,0.30767194,1.02216
0b_color_jitter_best,file,15,baseline_color_jitter,6726,115.Brewer_Sparrow/Brewer_Sparrow_0023_107489.jpg,115,114,115.Brewer_Sparrow,198,197,identity,identity,0,{},0.16154799,0.16154799,0,0.85082573,0.85082573,0.037368596,0.037368596,0.81345713,0.81345713,0,1,1,29.049223,29.049223,False,1,True,True,True,1,1,29.049223,29.049223,1,1,28.748345,28.748345,1,1,4.1701377,4.1701377,1,1,8.6290005,8.6290005,1,1,15.158756,15.158756,1,1,15.595059,15.595059,1,1,12.218253,12.218253,1,1,11.38983,11.38983
0b_color_jitter_best,file,15,baseline_color_jitter,6726,115.Brewer_Sparrow/Brewer_Sparrow_0023_107489.jpg,115,114,115.Brewer_Sparrow,198,197,color_jitter,color_jitter,0,"{""brightness"":0.736783,""contrast"":0.848047,""hue"":-0.069942,""saturation"":1.189983}",0.16154799,0.21966623,0.058118239,0.85082573,0.80278671,0.037368596,0.024092259,0.81345713,0.77869445,-0.034762682,0.84510436,1.333228,29.049223,38.729237,False,0.98722965,True,True,True,0.84510436,1.333228,29.049223,38.729237,0.84232139,1.3332082,28.748345,38.32753,0.9772713,1.3341653,4.1701377,5.5636529,0.84363626,1.4849835,8.6290005,12.813923,0.77948678,1.3449123,15.158756,20.387198,0.84743811,1.2801004,15.595059,19.963241,0.87536504,1.3449312,12.218253,16.43271,0.91240357,1.3040243,11.38983,14.852615
0b_color_jitter_best,file,15,baseline_color_jitter,8770,150.Sage_Thrasher/Sage_Thrasher_0095_796446.jpg,150,149,150.Sage_Thrasher,120,119,identity,identity,0,{},0.011569076,0.011569076,0,0.98849761,0.98849761,0.0016946846,0.0016946846,0.98680293,0.98680293,0,1,1,2.165342,2.165342,False,1.0000001,True,True,True,1,1,2.165342,2.165342,1,1,2.1375552,2.1375552,1,1,0.34578025,0.34578025,1,1,0.40259249,0.40259249,1,1,1.0079829,1.0079829,1,1,1.2012814,1.2012814,1,1,1.0489906,1.0489906,1,1,0.92063757,0.92063757
0b_color_jitter_best,file,15,baseline_color_jitter,8770,150.Sage_Thrasher/Sage_Thrasher_0095_796446.jpg,150,149,150.Sage_Thrasher,120,119,color_jitter,color_jitter,0,"{""brightness"":0.611351,""contrast"":0.664039,""hue"":-0.087459,""saturation"":0.749623}",0.011569076,0.0015818476,-0.0099872287,0.98849761,0.9984194,0.0016946846,8.6272266e-05,0.98680293,0.99833313,0.011530202,0.76363583,0.16261878,2.165342,0.35212528,False,0.97712696,True,True,True,0.76363583,0.16261878,2.165342,0.35212528,0.75905163,0.16286175,2.1375552,0.34812599,0.95149914,0.15304471,0.34578025,0.052919839,0.48619456,0.24266217,0.40259249,0.097693966,0.74964948,0.20104788,1.0079829,0.20265284,0.76700104,0.15153717,1.2012814,0.18203878,0.81364246,0.1333727,1.0489906,0.13990671,0.85687173,0.14519183,0.92063757,0.13366905
0b_color_jitter_best,file,15,baseline_color_jitter,4112,071.Long_tailed_Jaeger/Long_Tailed_Jaeger_0054_797088.jpg,71,70,071.Long_tailed_Jaeger,61,60,identity,identity,0,{},2.9220433,2.9220433,0,0.053823587,0.053823587,0.66213524,0.66213524,-0.60831166,-0.60831166,0,1,1,138.84089,138.84089,False,1,True,False,False,1,1,138.84089,138.84089,1,1,134.65451,134.65451,1,1,33.837223,33.837223,1,1,28.658467,28.658467,1,1,46.323805,46.323805,1,1,67.378607,67.378607,1,1,69.791001,69.791001,1,1,75.854949,75.854949
0b_color_jitter_best,file,15,baseline_color_jitter,4112,071.Long_tailed_Jaeger/Long_Tailed_Jaeger_0054_797088.jpg,71,70,071.Long_tailed_Jaeger,61,60,color_jitter,color_jitter,0,"{""brightness"":0.702273,""contrast"":0.912562,""hue"":0.000702,""saturation"":1.132793}",2.9220433,2.6245122,-0.29753113,0.053823587,0.072475106,0.66213524,0.40649587,-0.60831166,-0.33402076,0.27429089,0.84075793,0.94691127,138.84089,131.47001,False,0.98728704,True,False,False,0.84075793,0.94691127,138.84089,131.47001,0.83397612,0.95195042,134.65451,128.18441,0.96301004,0.86319717,33.837223,29.208195,0.50804797,1.021668,28.658467,29.279439,0.69973962,1.0897011,46.323805,50.479102,0.85655215,0.95867299,67.378607,64.594051,0.87285775,0.91950202,69.791001,64.172966,0.89948874,0.90716838,75.854949,68.813211
0b_color_jitter_best,file,15,baseline_color_jitter,6465,111.Loggerhead_Shrike/Loggerhead_Shrike_0119_105138.jpg,111,110,111.Loggerhead_Shrike,78,77,identity,identity,0,{},0.95002723,0.95002723,0,0.38673049,0.38673049,0.25396386,0.25396386,0.13276663,0.13276663,0,1,1,91.479881,91.479881,False,1.0000001,True,True,True,1,1,91.479881,91.479881,1,1,89.846163,89.846163,1,1,17.211495,17.211495,1,1,22.456146,22.456146,1,1,46.275,46.275,1,1,47.285895,47.285895,1,1,41.221761,41.221761,1,1,38.619807,38.619807
0b_color_jitter_best,file,15,baseline_color_jitter,6465,111.Loggerhead_Shrike/Loggerhead_Shrike_0119_105138.jpg,111,110,111.Loggerhead_Shrike,78,77,color_jitter,color_jitter,0,"{""brightness"":1.015257,""contrast"":1.125734,""hue"":-0.096999,""saturation"":0.82247}",0.95002723,0.73091406,-0.21911317,0.38673049,0.48146871,0.25396386,0.19634135,0.13276663,0.28512736,0.15236072,0.9237429,0.76206243,91.479881,69.71338,False,0.99099165,True,True,True,0.9237429,0.76206243,91.479881,69.71338,0.9217332,0.75559321,89.846163,67.887151,0.98604819,0.92102012,17.211495,15.852133,0.89483046,0.79936977,22.456146,17.950764,0.92007685,0.73116551,46.275,33.834684,0.92844818,0.73660474,47.285895,34.831014,0.92099887,0.74368886,41.221761,30.656164,0.92867897,0.81416249,38.619807,31.442798
0b_color_jitter_best,file,15,baseline_color_jitter,2001,036.Northern_Flicker/Northern_Flicker_0037_28751.jpg,36,35,036.Northern_Flicker,189,188,identity,identity,0,{},0.19731219,0.19731219,0,0.8209343,0.8209343,0.12793729,0.12793729,0.69299701,0.69299701,0,1,1,32.991532,32.991532,False,1,True,True,True,1,1,32.991532,32.991532,1,1,32.570869,32.570869,1,1,5.2516385,5.2516385,1,1,4.9840425,4.9840425,1,1,12.548639,12.548639,1,1,19.220588,19.220588,1,1,16.396468,16.396468,1,1,15.50088,15.50088
0b_color_jitter_best,file,15,baseline_color_jitter,2001,036.Northern_Flicker/Northern_Flicker_0037_28751.jpg,36,35,036.Northern_Flicker,189,188,color_jitter,color_jitter,0,"{""brightness"":0.87569,""contrast"":0.849528,""hue"":-0.025919,""saturation"":1.303166}",0.19731219,0.078285746,-0.11902644,0.8209343,0.92470014,0.12793729,0.036278933,0.69299701,0.88842121,0.1954242,0.89938803,0.37106098,32.991532,12.24187,False,0.99165475,True,True,True,0.89938803,0.37106098,32.991532,12.24187,0.89734194,0.37069091,32.570869,12.073725,0.97579168,0.38502568,5.2516385,2.0220157,0.72401357,0.43214828,4.9840425,2.1538454,0.84659756,0.38502761,12.548639,4.8315723,0.91553425,0.34464966,19.220588,6.6243692,0.90489833,0.37318211,16.396468,6.1188686,0.92324396,0.38958734,15.50088,6.0389467
0b_color_jitter_best,file,15,baseline_color_jitter,7827,134.Cape_Glossy_Starling/Cape_Glossy_Starling_0043_129358.jpg,134,133,134.Cape_Glossy_Starling,73,72,identity,identity,0,{},0.014008294,0.014008294,0,0.98608935,0.98608935,0.0031105636,0.0031105636,0.98297879,0.98297879,0,1,1,1.8200127,1.8200127,False,1,True,True,True,1,1,1.8200127,1.8200127,1,1,1.781762,1.781762,1,1,0.37117433,0.37117433,1,1,0.32850951,0.32850951,1,1,0.81381518,0.81381518,1,1,0.87757147,0.87757147,1,1,0.80569357,0.80569357,1,1,0.99256656,0.99256656
0b_color_jitter_best,file,15,baseline_color_jitter,7827,134.Cape_Glossy_Starling/Cape_Glossy_Starling_0043_129358.jpg,134,133,134.Cape_Glossy_Starling,73,72,color_jitter,color_jitter,0,"{""brightness"":0.943933,""contrast"":0.609591,""hue"":0.020459,""saturation"":1.042706}",0.014008294,0.022854846,0.0088465521,0.98608935,0.97740436,0.0031105636,0.0036633667,0.98297879,0.97374099,-0.0092377958,0.92465998,1.8108171,1.8200127,3.2957101,False,0.99285698,True,True,True,0.92465998,1.8108171,1.8200127,3.2957101,0.92257013,1.8205384,1.781762,3.2437661,0.99025973,1.5702237,0.37117433,0.58282674,0.90869703,1.9535027,0.32850951,0.64174421,0.90057188,2.0415202,0.81381518,1.6614201,0.93073021,1.9042221,0.87757147,1.671091,0.92472553,1.7777374,0.80569357,1.4323116,0.94884125,1.5948283,0.99256656,1.5829733
0b_color_jitter_best,file,15,baseline_color_jitter,11579,197.Marsh_Wren/Marsh_Wren_0094_188710.jpg,197,196,197.Marsh_Wren,121,120,identity,identity,0,{},2.4468751,2.4468751,0,0.086563669,0.086563669,0.53148925,0.53148925,-0.44492558,-0.44492558,0,1,1,151.7719,151.7719,False,1,True,False,False,1,1,151.7719,151.7719,1,1,149.45229,149.45229,1,1,26.433343,26.433343,1,1,33.236953,33.236953,1,1,71.206776,71.206776,1,1,93.368441,93.368441,1,1,63.617564,63.617564,1,1,58.27545,58.27545
0b_color_jitter_best,file,15,baseline_color_jitter,11579,197.Marsh_Wren/Marsh_Wren_0094_188710.jpg,197,196,197.Marsh_Wren,121,120,color_jitter,color_jitter,0,"{""brightness"":0.741961,""contrast"":0.607853,""hue"":0.062997,""saturation"":0.77137}",2.4468751,5.9684038,3.5215287,0.086563669,0.0025583217,0.53148925,0.066699445,-0.44492558,-0.064141124,0.38078446,0.70292275,2.2385992,151.7719,339.75645,False,0.93660849,False,False,False,0.70292275,2.2385992,151.7719,339.75645,0.70483693,2.2621952,149.45229,338.09026,0.71176743,1.2713823,26.433343,33.606885,0.6419381,2.4379636,33.236953,81.030481,0.69624188,2.6099162,71.206776,185.84372,0.7957469,2.4456185,93.368441,228.34359,0.65358759,1.835397,63.617564,116.76349,0.56777502,1.4788088,58.27545,86.178249
0b_color_jitter_best,file,15,baseline_color_jitter,7688,132.White_crowned_Sparrow/White_Crowned_Sparrow_0087_128008.jpg,132,131,132.White_crowned_Sparrow,159,158,identity,identity,0,{},2.3668778,2.3668778,0,0.093773037,0.093773037,0.46034551,0.46034551,-0.36657247,-0.36657247,0,1,1,165.58543,165.58543,False,1,True,False,False,1,1,165.58543,165.58543,1,1,163.35484,163.35484,1,1,27.087487,27.087487,1,1,30.634059,30.634059,1,1,73.701138,73.701138,1,1,94.765171,94.765171,1,1,79.398529,79.398529,1,1,70.922042,70.922042
0b_color_jitter_best,file,15,baseline_color_jitter,7688,132.White_crowned_Sparrow/White_Crowned_Sparrow_0087_128008.jpg,132,131,132.White_crowned_Sparrow,159,158,color_jitter,color_jitter,0,"{""brightness"":0.71096,""contrast"":0.969036,""hue"":-0.007463,""saturation"":0.623073}",2.3668778,3.6941164,1.3272386,0.093773037,0.024869421,0.46034551,0.71939725,-0.36657247,-0.69452783,-0.32795536,0.88454467,1.4600327,165.58543,241.76015,False,0.97672582,True,False,False,0.88454467,1.4600327,165.58543,241.76015,0.88312098,1.4662196,163.35484,239.51406,0.96257143,1.2137825,27.087487,32.878317,0.75519335,1.6954545,30.634059,51.938654,0.8542889,1.8192154,73.701138,134.07825,0.92890164,1.4474804,94.765171,137.17073,0.90668263,1.2901598,79.398529,102.43679,0.89599284,1.211556,70.922042,85.926027
0b_color_jitter_best,file,15,baseline_color_jitter,6623,114.Black_throated_Sparrow/Black_Throated_Sparrow_0033_107042.jpg,114,113,114.Black_throated_Sparrow,118,117,identity,identity,0,{},0.0045720567,0.0045720567,0,0.9954384,0.9954384,0.0016172922,0.0016172922,0.9938211,0.9938211,0,1,1,0.9450805,0.9450805,False,0.99999994,True,True,True,1,1,0.9450805,0.9450805,1,1,0.93318281,0.93318281,1,1,0.14948912,0.14948912,1,1,0.16709434,0.16709434,1,1,0.61012288,0.61012288,1,1,0.43398273,0.43398273,1,1,0.37775855,0.37775855,1,1,0.37365382,0.37365382
0b_color_jitter_best,file,15,baseline_color_jitter,6623,114.Black_throated_Sparrow/Black_Throated_Sparrow_0033_107042.jpg,114,113,114.Black_throated_Sparrow,118,117,color_jitter,color_jitter,0,"{""brightness"":0.773013,""contrast"":1.314996,""hue"":0.05536,""saturation"":0.866379}",0.0045720567,0.0076484694,0.0030764127,0.9954384,0.99238068,0.0016172922,0.0022916775,0.9938211,0.990089,-0.0037321036,0.942126,1.6293083,0.9450805,1.5398275,False,0.99597847,True,True,True,0.942126,1.6293083,0.9450805,1.5398275,0.94080322,1.6296195,0.93318281,1.5207329,0.99409822,1.6171346,0.14948912,0.24174403,0.73634661,1.7920324,0.16709434,0.29943847,0.96021775,1.5453251,0.61012288,0.94283822,0.93596666,1.6670629,0.43398273,0.72347649,0.93396446,1.7075716,0.37775855,0.6450498,0.95637944,1.6809764,0.37365382,0.62810324
0b_color_jitter_best,file,15,baseline_color_jitter,2550,045.Northern_Fulmar/Northern_Fulmar_0083_43618.jpg,45,44,045.Northern_Fulmar,72,71,identity,identity,0,{},3.2976923,3.2976923,0,0.036968373,0.036968373,0.43439886,0.43439886,-0.39743049,-0.39743049,0,1,1,245.28254,245.28254,False,1,True,False,False,1,1,245.28254,245.28254,1,1,241.48884,241.48884,1,1,42.97284,42.97284,1,1,72.223302,72.223302,1,1,110.18758,110.18758,1,1,141.95173,141.95173,1,1,102.89727,102.89727,1,1,101.1,101.1
0b_color_jitter_best,file,15,baseline_color_jitter,2550,045.Northern_Fulmar/Northern_Fulmar_0083_43618.jpg,45,44,045.Northern_Fulmar,72,71,color_jitter,color_jitter,0,"{""brightness"":0.681194,""contrast"":0.899841,""hue"":0.02548,""saturation"":1.396315}",3.2976923,3.6579385,0.36024618,0.036968373,0.02578561,0.43439886,0.44591641,-0.39743049,-0.4201308,-0.022700317,0.79385276,0.84647999,245.28254,207.62676,False,0.97646594,True,False,False,0.79385276,0.84647999,245.28254,207.62676,0.78769179,0.84283229,241.48884,203.53459,0.97158802,0.95452859,42.97284,41.018804,0.068307008,0.49905613,72.223302,36.043482,0.71633352,0.89612774,110.18758,98.742144,0.85475931,0.78863065,141.95173,111.94748,0.87943432,0.88913937,102.89727,91.490015,0.90260113,0.96278107,101.1,97.337165
0b_color_jitter_best,file,15,baseline_color_jitter,6381,109.American_Redstart/American_Redstart_0031_102890.jpg,109,108,109.American_Redstart,171,170,identity,identity,0,{},0.088321634,0.088321634,0,0.91546637,0.91546637,0.0084892577,0.0084892577,0.90697711,0.90697711,0,1,1,10.857716,10.857716,False,1.0000001,True,True,True,1,1,10.857716,10.857716,1,1,10.607444,10.607444,1,1,2.3177879,2.3177879,1,1,2.2982561,2.2982561,1,1,4.1217021,4.1217021,1,1,5.5061926,5.5061926,1,1,5.4584037,5.4584037,1,1,5.4895466,5.4895466
0b_color_jitter_best,file,15,baseline_color_jitter,6381,109.American_Redstart/American_Redstart_0031_102890.jpg,109,108,109.American_Redstart,171,170,color_jitter,color_jitter,0,"{""brightness"":0.935355,""contrast"":1.341865,""hue"":-0.03961,""saturation"":1.201679}",0.088321634,0.047775872,-0.040545762,0.91546637,0.95334744,0.0084892577,0.0038199828,0.90697711,0.94952746,0.042550351,0.87909269,0.54937029,10.857716,5.9649066,False,0.98729599,True,True,True,0.87909269,0.54937029,10.857716,5.9649066,0.87397447,0.5484328,10.607444,5.81747,0.98302977,0.56865058,2.3177879,1.3180114,0.73352651,0.54236337,2.2982561,1.2464899,0.82533275,0.55952094,4.1217021,2.3061786,0.86955034,0.53731306,5.5061926,2.9585491,0.87993681,0.54132557,5.4584037,2.9547735,0.92427281,0.5610859,5.4895466,3.0801072
0b_color_jitter_best,file,15,baseline_color_jitter,10708,182.Yellow_Warbler/Yellow_Warbler_0067_176856.jpg,182,181,182.Yellow_Warbler,175,174,identity,identity,0,{},0.53574836,0.53574836,0,0.58523118,0.58523118,0.30382821,0.30382821,0.28140298,0.28140298,0,1,1,73.947501,73.947501,False,1,True,True,True,1,1,73.947501,73.947501,1,1,72.685659,72.685659,1,1,13.602493,13.602493,1,1,25.165491,25.165491,1,1,31.336241,31.336241,1,1,38.783749,38.783749,1,1,32.533235,32.533235,1,1,33.246843,33.246843
0b_color_jitter_best,file,15,baseline_color_jitter,10708,182.Yellow_Warbler/Yellow_Warbler_0067_176856.jpg,182,181,182.Yellow_Warbler,175,174,color_jitter,color_jitter,0,"{""brightness"":0.770891,""contrast"":1.276105,""hue"":-0.005714,""saturation"":1.142387}",0.53574836,0.13558462,-0.40016374,0.58523118,0.87320524,0.30382821,0.082513414,0.28140298,0.79069183,0.50928885,0.88911159,0.30445878,73.947501,22.513966,False,0.98850209,True,True,True,0.88911159,0.30445878,73.947501,22.513966,0.88567108,0.30414075,72.685659,22.106671,0.9848334,0.31340335,13.602493,4.2630671,0.86673833,0.34372427,25.165491,8.6499901,0.7822746,0.27389949,31.336241,8.5829803,0.91283061,0.30937671,38.783749,11.998789,0.90504734,0.29881188,32.533235,9.7213171,0.93344457,0.30338608,33.246843,10.08663
0b_color_jitter_best,file,15,baseline_color_jitter,479,009.Brewer_Blackbird/Brewer_Blackbird_0116_2327.jpg,9,8,009.Brewer_Blackbird,26,25,identity,identity,0,{},0.044599831,0.044599831,0,0.95638013,0.95638013,0.020495843,0.020495843,0.93588429,0.93588429,0,1,1,7.0732577,7.0732577,False,1,True,True,True,1,1,7.0732577,7.0732577,1,1,6.9266542,6.9266542,1,1,1.4326323,1.4326323,1,1,1.5484316,1.5484316,1,1,2.8410517,2.8410517,1,1,3.6806989,3.6806989,1,1,3.508213,3.508213,1,1,3.4138279,3.4138279
0b_color_jitter_best,file,15,baseline_color_jitter,479,009.Brewer_Blackbird/Brewer_Blackbird_0116_2327.jpg,9,8,009.Brewer_Blackbird,26,25,color_jitter,color_jitter,0,"{""brightness"":1.235766,""contrast"":1.088629,""hue"":0.062965,""saturation"":1.044742}",0.044599831,0.072486922,0.027887091,0.95638013,0.93007791,0.020495843,0.036464073,0.93588429,0.89361384,-0.042270448,0.86061724,1.6421864,7.0732577,11.615607,False,0.99113142,True,True,True,0.86061724,1.6421864,7.0732577,11.615607,0.85533884,1.6432554,6.9266542,11.382262,0.98611814,1.6169941,1.4326323,2.316558,0.80199658,1.4700392,1.5484316,2.2762551,0.72976943,1.4694416,2.8410517,4.1747596,0.85022667,1.6948709,3.6806989,6.2383097,0.88086335,1.7104736,3.508213,6.0007058,0.92595106,1.6575841,3.4138279,5.6587066
0b_color_jitter_best,file,15,baseline_color_jitter,4952,085.Horned_Lark/Horned_Lark_0138_74083.jpg,85,84,085.Horned_Lark,114,113,identity,identity,0,{},0.19256841,0.19256841,0,0.82483792,0.82483792,0.040222254,0.040222254,0.78461567,0.78461567,0,1,1,27.883465,27.883465,False,1.0000001,True,True,True,1,1,27.883465,27.883465,1,1,27.359799,27.359799,1,1,5.3785681,5.3785681,1,1,5.3677383,5.3677383,1,1,10.785731,10.785731,1,1,14.733149,14.733149,1,1,13.567513,13.567513,1,1,14.222198,14.222198
0b_color_jitter_best,file,15,baseline_color_jitter,4952,085.Horned_Lark/Horned_Lark_0138_74083.jpg,85,84,085.Horned_Lark,114,113,color_jitter,color_jitter,0,"{""brightness"":0.809392,""contrast"":1.313244,""hue"":0.099762,""saturation"":0.979307}",0.19256841,0.53660893,0.34404053,0.82483792,0.58472776,0.040222254,0.071824118,0.78461567,0.51290365,-0.27171202,0.82032803,2.3713672,27.883465,66.121934,False,0.98233676,True,True,True,0.82032803,2.3713672,27.883465,66.121934,0.81484986,2.3788063,27.359799,65.083663,0.97906282,2.1700254,5.3785681,11.67163,0.64583676,2.2949932,5.3677383,12.318923,0.69099943,2.512675,10.785731,27.101036,0.79454943,2.2915229,14.733149,33.761347,0.85084611,2.4379399,13.567513,33.076782,0.90355021,2.3486509,14.222198,33.402979
0b_color_jitter_best,file,15,baseline_color_jitter,10656,181.Worm_eating_Warbler/Worm_Eating_Warbler_0074_176093.jpg,181,180,181.Worm_eating_Warbler,195,194,identity,identity,0,{},0.19353883,0.19353883,0,0.82403785,0.82403785,0.024429107,0.024429107,0.79960874,0.79960874,0,1,1,26.563515,26.563515,False,1,True,True,True,1,1,26.563515,26.563515,1,1,26.177534,26.177534,1,1,4.5118789,4.5118789,1,1,7.544048,7.544048,1,1,11.555478,11.555478,1,1,13.488502,13.488502,1,1,13.140541,13.140541,1,1,11.840948,11.840948
0b_color_jitter_best,file,15,baseline_color_jitter,10656,181.Worm_eating_Warbler/Worm_Eating_Warbler_0074_176093.jpg,181,180,181.Worm_eating_Warbler,195,194,color_jitter,color_jitter,0,"{""brightness"":0.961048,""contrast"":1.181156,""hue"":0.034143,""saturation"":1.288441}",0.19353883,0.20885481,0.01531598,0.82403785,0.81151307,0.024429107,0.0086758286,0.79960874,0.80283724,0.0032284949,0.84410619,1.0289156,26.563515,27.331615,False,0.98901117,True,True,True,0.84410619,1.0289156,26.563515,27.331615,0.83988343,1.0261543,26.177534,26.862189,0.97758736,1.1178955,4.5118789,5.0438093,0.72084772,0.77776252,7.544048,5.8674778,0.76004036,0.90182131,11.555478,10.420976,0.85174913,0.99075932,13.488502,13.363859,0.86803473,1.12148,13.140541,14.736853,0.90908095,1.1417854,11.840948,13.519821
0b_color_jitter_best,file,15,baseline_color_jitter,3630,063.Ivory_Gull/Ivory_Gull_0117_49227.jpg,63,62,063.Ivory_Gull,60,59,identity,identity,0,{},0.0024443767,0.0024443767,0,0.99755859,0.99755859,0.00055905181,0.00055905181,0.99699954,0.99699954,0,1,1,0.38433985,0.38433985,False,0.99999994,True,True,True,1,1,0.38433985,0.38433985,1,1,0.37625005,0.37625005,1,1,0.078441185,0.078441185,1,1,0.074442283,0.074442283,1,1,0.13298018,0.13298018,1,1,0.1904703,0.1904703,1,1,0.17798357,0.17798357,1,1,0.22445853,0.22445853
0b_color_jitter_best,file,15,baseline_color_jitter,3630,063.Ivory_Gull/Ivory_Gull_0117_49227.jpg,63,62,063.Ivory_Gull,60,59,color_jitter,color_jitter,0,"{""brightness"":1.088348,""contrast"":1.369909,""hue"":0.097231,""saturation"":0.611034}",0.0024443767,0.0025265459,8.2169194e-05,0.99755859,0.99747664,0.00055905181,0.00082313636,0.99699954,0.9966535,-0.00034604094,0.89325504,1.0386501,0.38433985,0.39919461,False,0.99281633,True,True,True,0.89325504,1.0386501,0.38433985,0.39919461,0.8890269,1.0370978,0.37625005,0.39020809,0.98772815,1.0737448,0.078441185,0.084225817,0.80751616,0.93363947,0.074442283,0.069502254,0.80684308,0.95583087,0.13298018,0.12710656,0.90230089,1.0959555,0.1904703,0.20874698,0.86339508,1.030843,0.17798357,0.18347312,0.93214897,1.0356514,0.22445853,0.2324608
0b_color_jitter_best,file,15,baseline_color_jitter,10772,183.Northern_Waterthrush/Northern_Waterthrush_0055_177114.jpg,183,182,183.Northern_Waterthrush,99,98,identity,identity,0,{},0.041558683,0.041558683,0,0.95929307,0.95929307,0.015546735,0.015546735,0.94374633,0.94374633,0,1,1,6.5735999,6.5735999,False,1,True,True,True,1,1,6.5735999,6.5735999,1,1,6.4666297,6.4666297,1,1,1.1810661,1.1810661,1,1,1.1074968,1.1074968,1,1,3.1006924,3.1006924,1,1,3.744538,3.744538,1,1,2.9065328,2.9065328,1,1,2.9166692,2.9166692
0b_color_jitter_best,file,15,baseline_color_jitter,10772,183.Northern_Waterthrush/Northern_Waterthrush_0055_177114.jpg,183,182,183.Northern_Waterthrush,99,98,color_jitter,color_jitter,0,"{""brightness"":1.349743,""contrast"":1.298996,""hue"":-0.053558,""saturation"":1.269305}",0.041558683,0.039131038,-0.002427645,0.95929307,0.96162468,0.015546735,0.015353682,0.94374633,0.946271,0.0025246684,0.80853285,1.011653,6.5735999,6.6502022,False,0.97235554,True,True,True,0.80853285,1.011653,6.5735999,6.6502022,0.80425166,1.0142331,6.4666297,6.5586698,0.95122931,0.93099226,1.1810661,1.0995634,0.64970672,1.2370545,1.1074968,1.3700339,0.78229433,1.0516751,3.1006924,3.2609209,0.80438469,0.94107525,3.744538,3.523892,0.80944893,1.0421544,2.9065328,3.029056,0.85835971,1.0235615,2.9166692,2.9853904
0b_color_jitter_best,file,15,baseline_color_jitter,4129,071.Long_tailed_Jaeger/Long_Tailed_Jaeger_0060_60886.jpg,71,70,071.Long_tailed_Jaeger,72,71,identity,identity,0,{},2.7476895,2.7476895,0,0.064075731,0.064075731,0.51723439,0.51723439,-0.45315865,-0.45315865,0,1,1,132.00297,132.00297,False,1,True,False,False,1,1,132.00297,132.00297,1,1,128.87214,128.87214,1,1,28.578945,28.578945,1,1,40.126984,40.126984,1,1,46.356191,46.356191,1,1,63.813843,63.813843,1,1,67.336878,67.336878,1,1,65.134433,65.134433
0b_color_jitter_best,file,15,baseline_color_jitter,4129,071.Long_tailed_Jaeger/Long_Tailed_Jaeger_0060_60886.jpg,71,70,071.Long_tailed_Jaeger,72,71,color_jitter,color_jitter,0,"{""brightness"":0.882586,""contrast"":1.042012,""hue"":0.087416,""saturation"":0.953581}",2.7476895,3.0801311,0.33244157,0.064075731,0.04595324,0.51723439,0.628043,-0.45315865,-0.58208976,-0.1289311,0.88470368,1.031432,132.00297,136.15208,False,0.98874831,True,False,False,0.88470368,1.031432,132.00297,136.15208,0.87982711,1.0314865,128.87214,132.92987,0.98397699,1.0303223,28.578945,29.445525,0.85076521,1.0412991,40.126984,41.784194,0.8138215,1.2058154,46.356191,55.897008,0.87422788,0.97247939,63.813843,62.057647,0.895851,0.98596591,67.336878,66.391866,0.92728154,1.0345739,65.134433,67.386387
0b_color_jitter_best,file,15,baseline_color_jitter,11036,188.Pileated_Woodpecker/Pileated_Woodpecker_0004_180307.jpg,188,187,188.Pileated_Woodpecker,191,190,identity,identity,0,{},0.020847481,0.020847481,0,0.97936833,0.97936833,0.016870219,0.016870219,0.96249811,0.96249811,0,1,1,3.175429,3.175429,False,1,True,True,True,1,1,3.175429,3.175429,1,1,3.0543193,3.0543193,1,1,0.86860993,0.86860993,1,1,0.62804122,0.62804122,1,1,1.1665649,1.1665649,1,1,1.5714498,1.5714498,1,1,1.508624,1.508624,1,1,1.6817121,1.6817121
0b_color_jitter_best,file,15,baseline_color_jitter,11036,188.Pileated_Woodpecker/Pileated_Woodpecker_0004_180307.jpg,188,187,188.Pileated_Woodpecker,191,190,color_jitter,color_jitter,0,"{""brightness"":0.734814,""contrast"":0.840095,""hue"":0.007586,""saturation"":1.248845}",0.020847481,0.042084929,0.021237448,0.97936833,0.95878834,0.016870219,0.02230322,0.96249811,0.93648512,-0.026012994,0.85597917,2.0464824,3.175429,6.4984597,False,0.98873305,True,True,True,0.85597917,2.0464824,3.175429,6.4984597,0.84996741,2.0735098,3.0543193,6.333161,0.96608862,1.676682,0.86860993,1.4563826,0.69636191,2.2119545,0.62804122,1.3891986,0.82955772,2.4678523,1.1665649,2.8789098,0.84010799,2.0905612,1.5714498,3.2852121,0.85962579,2.0018112,1.508624,3.0199805,0.90248982,1.8783253,1.6817121,3.1588024
0b_color_jitter_best,file,15,baseline_color_jitter,5450,094.White_breasted_Nuthatch/White_Breasted_Nuthatch_0068_86033.jpg,94,93,094.White_breasted_Nuthatch,112,111,identity,identity,0,{},0.027213158,0.027213158,0,0.97315377,0.97315377,0.0030220211,0.0030220211,0.97013175,0.97013175,0,1,1,4.6365143,4.6365143,False,1,True,True,True,1,1,4.6365143,4.6365143,1,1,4.5795786,4.5795786,1,1,0.72437865,0.72437865,1,1,0.92514869,0.92514869,1,1,2.4418948,2.4418948,1,1,2.316319,2.316319,1,1,2.1060299,2.1060299,1,1,2.086407,2.086407
0b_color_jitter_best,file,15,baseline_color_jitter,5450,094.White_breasted_Nuthatch/White_Breasted_Nuthatch_0068_86033.jpg,94,93,094.White_breasted_Nuthatch,112,111,color_jitter,color_jitter,0,"{""brightness"":0.941272,""contrast"":1.032435,""hue"":0.076144,""saturation"":0.663586}",0.027213158,0.017197652,-0.010015506,0.97315377,0.98294938,0.0030220211,0.0023021142,0.97013175,0.98064726,0.010515513,0.91787402,0.66261839,4.6365143,3.0722396,False,0.99359632,True,True,True,0.91787402,0.66261839,4.6365143,3.0722396,0.91597324,0.6624227,4.5795786,3.0336168,0.99300641,0.67039314,0.72437865,0.48561848,0.8454768,0.59843253,0.92514869,0.55363907,0.91504214,0.75112579,2.4418948,1.8341701,0.92170337,0.62171037,2.316319,1.4400795,0.9140488,0.6166608,2.1060299,1.2987061,0.94321769,0.63795808,2.086407,1.3310402
0b_color_jitter_best,file,15,baseline_color_jitter,4776,082.Ringed_Kingfisher/Ringed_Kingfisher_0017_73145.jpg,82,81,082.Ringed_Kingfisher,80,79,identity,identity,0,{},0.79713726,0.79713726,0,0.4506171,0.4506171,0.43141413,0.43141413,0.019202977,0.019202977,0,1,1,79.285212,79.285212,False,1,True,True,True,1,1,79.285212,79.285212,1,1,76.905486,76.905486,1,1,19.279291,19.279291,1,1,11.364728,11.364728,1,1,29.67242,29.67242,1,1,41.771559,41.771559,1,1,38.437223,38.437223,1,1,41.019033,41.019033
0b_color_jitter_best,file,15,baseline_color_jitter,4776,082.Ringed_Kingfisher/Ringed_Kingfisher_0017_73145.jpg,82,81,082.Ringed_Kingfisher,80,79,color_jitter,color_jitter,0,"{""brightness"":0.740578,""contrast"":0.770521,""hue"":0.058531,""saturation"":0.78607}",0.79713726,0.96259129,0.16545403,0.4506171,0.38190201,0.43141413,0.36589852,0.019202977,0.016003489,-0.0031994879,0.83333528,1.2122532,79.285212,96.113756,False,0.98737723,True,True,True,0.83333528,1.2122532,79.285212,96.113756,0.8265512,1.2221578,76.905486,93.990639,0.97001169,1.0420582,19.279291,20.090144,0.47999748,2.2047638,11.364728,25.056541,0.76992902,1.4667427,29.67242,43.521806,0.8718313,1.2510253,41.771559,52.257279,0.85699434,1.0659153,38.437223,40.970824,0.88915811,1.0634441,41.019033,43.621448
0b_color_jitter_best,file,15,baseline_color_jitter,6166,106.Horned_Puffin/Horned_Puffin_0082_100876.jpg,106,105,106.Horned_Puffin,151,150,identity,identity,0,{},0.088489242,0.088489242,0,0.91531295,0.91531295,0.005911753,0.005911753,0.90940119,0.90940119,0,1,1,13.001491,13.001491,False,0.99999994,True,True,True,1,1,13.001491,13.001491,1,1,12.858695,12.858695,1,1,1.9216498,1.9216498,1,1,4.7356654,4.7356654,1,1,4.8907641,4.8907641,1,1,6.8298558,6.8298558,1,1,6.2069839,6.2069839,1,1,5.8160422,5.8160422
0b_color_jitter_best,file,15,baseline_color_jitter,6166,106.Horned_Puffin/Horned_Puffin_0082_100876.jpg,106,105,106.Horned_Puffin,151,150,color_jitter,color_jitter,0,"{""brightness"":1.056539,""contrast"":0.763708,""hue"":0.039869,""saturation"":0.709897}",0.088489242,0.050232872,-0.03825637,0.91531295,0.95100796,0.005911753,0.003480731,0.90940119,0.94752723,0.038126038,0.88502345,0.56579549,13.001491,7.356185,False,0.98023385,True,True,True,0.88502345,0.56579549,13.001491,7.356185,0.88288119,0.56411338,12.858695,7.2537617,0.97633717,0.63657457,1.9216498,1.2232734,0.91847828,0.46286725,4.7356654,2.1919844,0.8231212,0.5841809,4.8907641,2.857091,0.89124129,0.57324489,6.8298558,3.91518,0.87746463,0.57327447,6.2069839,3.5583055,0.91151279,0.58709095,5.8160422,3.4145458
0b_color_jitter_best,file,15,baseline_color_jitter,6776,116.Chipping_Sparrow/Chipping_Sparrow_0010_109760.jpg,116,115,116.Chipping_Sparrow,117,116,identity,identity,0,{},3.3158813,3.3158813,0,0.036302049,0.036302049,0.22945623,0.22945623,-0.19315418,-0.19315418,0,1,1,161.0792,161.0792,False,1,True,False,False,1,1,161.0792,161.0792,1,1,158.00766,158.00766,1,1,31.306343,31.306343,1,1,27.953494,27.953494,1,1,72.648514,72.648514,1,1,84.576524,84.576524,1,1,79.500612,79.500612,1,1,73.713504,73.713504
0b_color_jitter_best,file,15,baseline_color_jitter,6776,116.Chipping_Sparrow/Chipping_Sparrow_0010_109760.jpg,116,115,116.Chipping_Sparrow,117,116,color_jitter,color_jitter,0,"{""brightness"":1.064627,""contrast"":1.008562,""hue"":-0.088131,""saturation"":1.017984}",3.3158813,3.7489026,0.43302131,0.036302049,0.02354357,0.22945623,0.056237504,-0.19315418,-0.032693934,0.16046025,0.78134046,0.95593491,161.0792,153.98123,False,0.96149164,False,False,False,0.78134046,0.95593491,161.0792,153.98123,0.77516314,0.95610159,158.00766,151.07138,0.93943898,0.95167918,31.306343,29.793595,0.71056866,0.88326665,27.953494,24.690389,0.73857262,0.90281008,72.648514,65.587811,0.76785641,0.98369517,84.576524,83.197519,0.76114772,0.92708432,79.500612,73.70377,0.84273298,1.0112941,73.713504,74.546035
0b_color_jitter_best,file,15,baseline_color_jitter,5910,101.White_Pelican/White_Pelican_0047_97190.jpg,101,100,101.White_Pelican,143,142,identity,identity,0,{},0.0031515714,0.0031515714,0,0.99685341,0.99685341,0.00089051266,0.00089051266,0.9959629,0.9959629,0,1,1,0.44682443,0.44682443,False,0.99999994,True,True,True,1,1,0.44682443,0.44682443,1,1,0.43531527,0.43531527,1,1,0.10076056,0.10076056,1,1,0.075896112,0.075896112,1,1,0.15844401,0.15844401,1,1,0.23147487,0.23147487,1,1,0.19960125,0.19960125,1,1,0.25536912,0.25536912
0b_color_jitter_best,file,15,baseline_color_jitter,5910,101.White_Pelican/White_Pelican_0047_97190.jpg,101,100,101.White_Pelican,143,142,color_jitter,color_jitter,0,"{""brightness"":1.356112,""contrast"":0.703897,""hue"":-0.036751,""saturation"":0.828766}",0.0031515714,0.0019120759,-0.0012394955,0.99685341,0.99808973,0.00089051266,0.0005979219,0.9959629,0.99749181,0.0015289103,0.8030348,0.68375003,0.44682443,0.30551622,False,0.98663116,True,True,True,0.8030348,0.68375003,0.44682443,0.30551622,0.79373772,0.6851659,0.43531527,0.29826318,0.98475334,0.65676299,0.10076056,0.066175807,0.63916467,1.0181651,0.075896112,0.07727477,0.69705097,0.73721801,0.15844401,0.11680777,0.78743794,0.72255056,0.23147487,0.1672523,0.77518722,0.62842161,0.19960125,0.12543374,0.89300715,0.62701528,0.25536912,0.16012034
0b_color_jitter_best,file,15,baseline_color_jitter,2998,052.Pied_billed_Grebe/Pied_Billed_Grebe_0052_35937.jpg,52,51,052.Pied_billed_Grebe,155,154,identity,identity,0,{},0.0024490147,0.0024490147,0,0.997554,0.997554,0.00033726543,0.00033726543,0.99721674,0.99721674,0,1,1,0.39406707,0.39406707,False,0.99999994,True,True,True,1,1,0.39406707,0.39406707,1,1,0.38772025,0.38772025,1,1,0.070440474,0.070440474,1,1,0.061206531,0.061206531,1,1,0.14808248,0.14808248,1,1,0.1943284,0.1943284,1,1,0.20055098,0.20055098,1,1,0.21602803,0.21602803
0b_color_jitter_best,file,15,baseline_color_jitter,2998,052.Pied_billed_Grebe/Pied_Billed_Grebe_0052_35937.jpg,52,51,052.Pied_billed_Grebe,155,154,color_jitter,color_jitter,0,"{""brightness"":0.951998,""contrast"":1.185879,""hue"":0.084998,""saturation"":0.620447}",0.0024490147,0.0016727754,-0.00077623932,0.997554,0.99832863,0.00033726543,0.00015152011,0.99721674,0.99817711,0.00096036728,0.88942614,0.74651294,0.39406707,0.29417616,False,0.98733771,True,True,True,0.88942614,0.74651294,0.39406707,0.29417616,0.88652762,0.74728222,0.38772025,0.28973645,0.98069056,0.72281842,0.070440474,0.050915672,0.74841721,0.70004168,0.061206531,0.042847123,0.8470437,0.85295448,0.14808248,0.12630761,0.88622914,0.75616235,0.1943284,0.14694382,0.88850504,0.71856685,0.20055098,0.14410929,0.92416249,0.71409801,0.21602803,0.15426518
0b_color_jitter_best,file,15,baseline_color_jitter,3365,058.Pigeon_Guillemot/Pigeon_Guillemot_0058_40184.jpg,58,57,058.Pigeon_Guillemot,106,105,identity,identity,0,{},0.0087810326,0.0087810326,0,0.99125743,0.99125743,0.0019656192,0.0019656192,0.98929181,0.98929181,0,1,1,1.4203041,1.4203041,False,0.99999994,True,True,True,1,1,1.4203041,1.4203041,1,1,1.3885944,1.3885944,1,1,0.29844482,0.29844482,1,1,0.27421538,0.27421538,1,1,0.55930608,0.55930608,1,1,0.75372311,0.75372311,1,1,0.65308412,0.65308412,1,1,0.73862014,0.73862014
0b_color_jitter_best,file,15,baseline_color_jitter,3365,058.Pigeon_Guillemot/Pigeon_Guillemot_0058_40184.jpg,58,57,058.Pigeon_Guillemot,106,105,color_jitter,color_jitter,0,"{""brightness"":0.930273,""contrast"":0.708554,""hue"":-0.096304,""saturation"":1.211491}",0.0087810326,0.015963135,0.0071821027,0.99125743,0.98416358,0.0019656192,0.0022946023,0.98929181,0.98186898,-0.00742283,0.85950299,1.8577893,1.4203041,2.6386258,False,0.98724592,True,True,True,0.85950299,1.8577893,1.4203041,2.6386258,0.85420622,1.8624517,1.3885944,2.58619,0.982759,1.753821,0.29844482,0.5234188,0.40487655,1.5258027,0.27421538,0.41839855,0.78186615,2.0592127,0.55930608,1.1517302,0.88974589,1.928731,0.75372311,1.4537291,0.87441742,1.7977723,0.65308412,1.1740965,0.90690026,1.7626446,0.73862014,1.3019248
0b_color_jitter_best,file,15,baseline_color_jitter,10968,187.American_Three_toed_Woodpecker/American_Three_Toed_Woodpecker_0008_179850.jpg,187,186,187.American_Three_toed_Woodpecker,190,189,identity,identity,0,{},0.76632959,0.76632959,0,0.46471563,0.46471563,0.41078463,0.41078463,0.053930998,0.053930998,0,1,1,119.36191,119.36191,False,0.99999994,True,True,True,1,1,119.36191,119.36191,1,1,117.62915,117.62915,1,1,20.264473,20.264473,1,1,20.616346,20.616346,1,1,54.119438,54.119438,1,1,68.967522,68.967522,1,1,59.693389,59.693389,1,1,46.506452,46.506452
0b_color_jitter_best,file,15,baseline_color_jitter,10968,187.American_Three_toed_Woodpecker/American_Three_Toed_Woodpecker_0008_179850.jpg,187,186,187.American_Three_toed_Woodpecker,190,189,color_jitter,color_jitter,0,"{""brightness"":0.818365,""contrast"":1.243664,""hue"":0.088741,""saturation"":1.148367}",0.76632959,0.89662266,0.13029307,0.46471563,0.40794513,0.41078463,0.4065927,0.053930998,0.0013524294,-0.052578568,0.87400706,1.1409112,119.36191,136.18135,False,0.96348685,True,True,True,0.87400706,1.1409112,119.36191,136.18135,0.87173177,1.1436073,117.62915,134.52155,0.96121202,1.0460158,20.264473,21.196959,0.71786323,0.9974307,20.616346,20.563376,0.85325344,1.0852485,54.119438,58.733037,0.88109023,1.166362,68.967522,80.441099,0.88541411,1.1828443,59.693389,70.607983,0.88186838,1.1311502,46.506452,52.605781
0b_color_jitter_best,file,15,baseline_color_jitter,10980,187.American_Three_toed_Woodpecker/American_Three_Toed_Woodpecker_0013_179833.jpg,187,186,187.American_Three_toed_Woodpecker,192,191,identity,identity,0,{},0.022263821,0.022263821,0,0.97798216,0.97798216,0.010138446,0.010138446,0.96784372,0.96784372,0,1,1,4.6185806,4.6185806,False,1,True,True,True,1,1,4.6185806,4.6185806,1,1,4.5608245,4.5608245,1,1,0.72812537,0.72812537,1,1,0.90705953,0.90705953,1,1,2.1356655,2.1356655,1,1,2.4471245,2.4471245,1,1,2.3404135,2.3404135,1,1,1.9877983,1.9877983
0b_color_jitter_best,file,15,baseline_color_jitter,10980,187.American_Three_toed_Woodpecker/American_Three_Toed_Woodpecker_0013_179833.jpg,187,186,187.American_Three_toed_Woodpecker,192,191,color_jitter,color_jitter,0,"{""brightness"":0.605468,""contrast"":0.828856,""hue"":-0.047042,""saturation"":0.814021}",0.022263821,0.0082880361,-0.013975785,0.97798216,0.99174619,0.010138446,0.0018578658,0.96784372,0.98988832,0.022044604,0.83848325,0.36784942,4.6185806,1.6989422,False,0.987023,True,True,True,0.83848325,0.36784942,4.6185806,1.6989422,0.83550552,0.36684098,4.5608245,1.6730973,0.94827637,0.40544093,0.72812537,0.29521182,0.7677963,0.7228076,0.90705953,0.65562952,0.82071803,0.38887716,2.1356655,0.83051153,0.87158291,0.32621062,2.4471245,0.79827797,0.86903917,0.31948981,2.3404135,0.74773828,0.89711539,0.34973069,1.9877983,0.69519409
0b_color_jitter_best,file,15,baseline_color_jitter,9585,163.Cape_May_Warbler/Cape_May_Warbler_0040_163036.jpg,163,162,163.Cape_May_Warbler,174,173,identity,identity,0,{},0.74443686,0.74443686,0,0.47500169,0.47500169,0.18663728,0.18663728,0.28836441,0.28836441,0,1,1,70.277427,70.277427,False,0.99999994,True,True,True,1,1,70.277427,70.277427,1,1,69.156703,69.156703,1,1,12.500686,12.500686,1,1,14.210328,14.210328,1,1,24.699532,24.699532,1,1,37.726948,37.726948,1,1,35.504392,35.504392,1,1,35.871504,35.871504
0b_color_jitter_best,file,15,baseline_color_jitter,9585,163.Cape_May_Warbler/Cape_May_Warbler_0040_163036.jpg,163,162,163.Cape_May_Warbler,174,173,color_jitter,color_jitter,0,"{""brightness"":0.739245,""contrast"":1.133355,""hue"":0.09251,""saturation"":0.999682}",0.74443686,0.33319071,-0.41124615,0.47500169,0.7166335,0.18663728,0.12646055,0.28836441,0.59017295,0.30180854,0.7898876,0.65587219,70.277427,46.09301,False,0.95565987,True,True,True,0.7898876,0.65587219,70.277427,46.09301,0.78508181,0.65716239,69.156703,45.447184,0.9487147,0.61507711,12.500686,7.688886,0.72129259,0.65619243,14.210328,9.3247095,0.61152695,0.77511285,24.699532,19.144925,0.8171641,0.68792067,37.726948,25.953148,0.81316591,0.63891557,35.504392,22.684309,0.8500014,0.57390954,35.871504,20.586998
0b_color_jitter_best,file,15,baseline_color_jitter,5511,095.Baltimore_Oriole/Baltimore_Oriole_0020_87066.jpg,95,94,095.Baltimore_Oriole,47,46,identity,identity,0,{},4.4226131,4.4226131,0,0.012002829,0.012002829,0.15670294,0.15670294,-0.14470011,-0.14470011,0,1,1,136.88615,136.88615,False,0.99999994,True,False,False,1,1,136.88615,136.88615,1,1,134.02809,134.02809,1,1,27.826044,27.826044,1,1,24.065135,24.065135,1,1,43.750617,43.750617,1,1,63.168033,63.168033,1,1,76.616517,76.616517,1,1,74.899865,74.899865
0b_color_jitter_best,file,15,baseline_color_jitter,5511,095.Baltimore_Oriole/Baltimore_Oriole_0020_87066.jpg,95,94,095.Baltimore_Oriole,47,46,color_jitter,color_jitter,0,"{""brightness"":1.240933,""contrast"":1.115647,""hue"":-0.021031,""saturation"":1.149328}",4.4226131,3.7395549,-0.68305826,0.012002829,0.023764681,0.15670294,0.20138809,-0.14470011,-0.17762341,-0.032923303,0.8536283,1.0199577,136.88615,139.61808,False,0.98581934,False,False,False,0.8536283,1.0199577,136.88615,139.61808,0.84826792,1.0188773,134.02809,136.55818,0.97517042,1.0447089,27.826044,29.070116,0.66777804,1.4591758,24.065135,35.115262,0.70911109,1.0640024,43.750617,46.550761,0.83714052,0.96608551,63.168033,61.025722,0.87840798,0.99746248,76.616517,76.4221,0.91145846,1.0065396,74.899865,75.389683
0b_color_jitter_best,file,15,baseline_color_jitter,1671,030.Fish_Crow/Fish_Crow_0003_25970.jpg,30,29,030.Fish_Crow,29,28,identity,identity,0,{},1.748795,1.748795,0,0.17398348,0.17398348,0.47782212,0.47782212,-0.30383864,-0.30383864,0,1,1,172.287,172.287,False,0.99999988,True,False,False,1,1,172.287,172.287,1,1,169.97924,169.97924,1,1,28.104617,28.104617,1,1,45.656416,45.656416,1,1,71.001058,71.001058,1,1,92.906642,92.906642,1,1,87.917155,87.917155,1,1,73.526957,73.526957
0b_color_jitter_best,file,15,baseline_color_jitter,1671,030.Fish_Crow/Fish_Crow_0003_25970.jpg,30,29,030.Fish_Crow,29,28,color_jitter,color_jitter,0,"{""brightness"":1.206129,""contrast"":0.671023,""hue"":-0.027485,""saturation"":1.248787}",1.748795,2.7394562,0.99066114,0.17398348,0.064605467,0.47782212,0.60110128,-0.30383864,-0.53649581,-0.23265717,0.90527728,1.0299939,172.287,177.45456,False,0.98528826,True,False,False,0.90527728,1.0299939,172.287,177.45456,0.90326248,1.0239608,169.97924,174.05207,0.98144146,1.2305166,28.104617,34.583198,0.79566828,0.73147289,45.656416,33.396431,0.84716095,0.98053865,71.001058,69.619282,0.92547272,1.0544295,92.906642,97.963505,0.92680366,1.0580327,87.917155,93.019227,0.92772196,1.0607075,73.526957,77.990598
0b_color_jitter_best,file,15,baseline_color_jitter,3774,065.Slaty_backed_Gull/Slaty_Backed_Gull_0002_53238.jpg,65,64,065.Slaty_backed_Gull,66,65,identity,identity,0,{},0.044254549,0.044254549,0,0.9567104,0.9567104,0.025464261,0.025464261,0.93124614,0.93124614,0,1,1,5.9010261,5.9010261,False,1,True,True,True,1,1,5.9010261,5.9010261,1,1,5.7340473,5.7340473,1,1,1.3938476,1.3938476,1,1,1.1346852,1.1346852,1,1,2.2540089,2.2540089,1,1,2.8173925,2.8173925,1,1,2.82771,2.82771,1,1,3.2523202,3.2523202
0b_color_jitter_best,file,15,baseline_color_jitter,3774,065.Slaty_backed_Gull/Slaty_Backed_Gull_0002_53238.jpg,65,64,065.Slaty_backed_Gull,66,65,color_jitter,color_jitter,0,"{""brightness"":0.97745,""contrast"":1.127241,""hue"":-0.067152,""saturation"":0.831871}",0.044254549,0.055700533,0.011445984,0.9567104,0.94582236,0.025464261,0.03291842,0.93124614,0.91290394,-0.018342199,0.93457255,1.2725786,5.9010261,7.5095197,False,0.99270016,True,True,True,0.93457255,1.2725786,5.9010261,7.5095197,0.9312201,1.2731422,5.7340473,7.3002575,0.99179169,1.263003,1.3938476,1.7604337,0.77257307,1.3562739,1.1346852,1.538944,0.90528351,1.2023915,2.2540089,2.7102011,0.93095237,1.2347256,2.8173925,3.4787067,0.94022948,1.3146653,2.82771,3.7174922,0.958048,1.2920837,3.2523202,4.20227
0b_color_jitter_best,file,15,baseline_color_jitter,10791,184.Louisiana_Waterthrush/Louisiana_Waterthrush_0015_177515.jpg,184,183,184.Louisiana_Waterthrush,183,182,identity,identity,0,{},4.0947194,4.0947194,0,0.01666042,0.01666042,0.72447217,0.72447217,-0.70781174,-0.70781174,0,1,1,221.4221,221.4221,False,1,True,False,False,1,1,221.4221,221.4221,1,1,218.96846,218.96846,1,1,32.871855,32.871855,1,1,73.195093,73.195093,1,1,93.623183,93.623183,1,1,126.1693,126.1693,1,1,106.63944,106.63944,1,1,80.831309,80.831309
0b_color_jitter_best,file,15,baseline_color_jitter,10791,184.Louisiana_Waterthrush/Louisiana_Waterthrush_0015_177515.jpg,184,183,184.Louisiana_Waterthrush,183,182,color_jitter,color_jitter,0,"{""brightness"":1.279065,""contrast"":1.310881,""hue"":0.097289,""saturation"":0.964848}",4.0947194,4.8841887,0.78946924,0.01666042,0.0075652581,0.72447217,0.033977628,-0.70781174,-0.02641237,0.68139938,0.20570705,0.90358474,221.4221,200.07363,False,0.80633408,False,False,False,0.20570705,0.90358474,221.4221,200.07363,0.1960354,0.90258905,218.96846,197.63853,0.61509013,0.94671269,32.871855,31.120202,-0.070812292,0.96430975,73.195093,70.582742,-0.066174302,0.90134463,93.623183,84.386753,0.29479996,0.82216666,126.1693,103.73219,0.28639228,0.93865103,106.63944,100.09722,0.38673165,0.97240808,80.831309,78.601018
0b_color_jitter_best,file,15,baseline_color_jitter,269,005.Crested_Auklet/Crested_Auklet_0066_785251.jpg,5,4,005.Crested_Auklet,8,7,identity,identity,0,{},0.13448249,0.13448249,0,0.87416822,0.87416822,0.09825556,0.09825556,0.77591266,0.77591266,0,1,1,33.770328,33.770328,False,1,True,True,True,1,1,33.770328,33.770328,1,1,33.420748,33.420748,1,1,4.8465046,4.8465046,1,1,6.4504333,6.4504333,1,1,18.230917,18.230917,1,1,17.641394,17.641394,1,1,15.272842,15.272842,1,1,14.088773,14.088773
0b_color_jitter_best,file,15,baseline_color_jitter,269,005.Crested_Auklet/Crested_Auklet_0066_785251.jpg,5,4,005.Crested_Auklet,8,7,color_jitter,color_jitter,0,"{""brightness"":1.286411,""contrast"":1.332077,""hue"":-0.085454,""saturation"":1.37967}",0.13448249,1.1814797,1.0469972,0.87416822,0.30682439,0.09825556,0.2778742,0.77591266,0.028950185,-0.74696247,0.74777163,3.5105088,33.770328,118.55103,False,0.94066966,True,True,True,0.74777163,3.5105088,33.770328,118.55103,0.74460347,3.4914299,33.420748,116.6862,0.8861253,4.321597,4.8465046,20.94464,0.63703933,5.0665531,6.4504333,32.681463,0.69406297,2.5487361,18.230917,46.465795,0.79661449,3.6208403,17.641394,63.876671,0.76180213,3.8067282,15.272842,58.139556,0.79670765,3.8407723,14.088773,54.111771
0b_color_jitter_best,file,15,baseline_color_jitter,4032,070.Green_Violetear/Green_Violetear_0089_795698.jpg,70,69,070.Green_Violetear,67,66,identity,identity,0,{},0.0015707785,0.0015707785,0,0.99843043,0.99843043,0.0010866604,0.0010866604,0.99734377,0.99734377,0,1,1,0.25200461,0.25200461,False,1,True,True,True,1,1,0.25200461,0.25200461,1,1,0.24557444,0.24557444,1,1,0.056564276,0.056564276,1,1,0.044429412,0.044429412,1,1,0.11720974,0.11720974,1,1,0.13936661,0.13936661,1,1,0.11173995,0.11173995,1,1,0.11263144,0.11263144
0b_color_jitter_best,file,15,baseline_color_jitter,4032,070.Green_Violetear/Green_Violetear_0089_795698.jpg,70,69,070.Green_Violetear,67,66,color_jitter,color_jitter,0,"{""brightness"":0.953645,""contrast"":0.641371,""hue"":-0.060168,""saturation"":0.694816}",0.0015707785,0.029396035,0.027825256,0.99843043,0.97103184,0.0010866604,0.021732654,0.99734377,0.94929919,-0.04804458,0.80445355,25.84669,0.25200461,6.5134849,False,0.96394658,True,True,True,0.80445355,25.84669,0.25200461,6.5134849,0.80038419,26.183664,0.24557444,6.4300385,0.96287945,18.373328,0.056564276,1.039274,0.72006816,25.246521,0.044429412,1.1216881,0.72991772,29.35906,0.11720974,3.4411678,0.84958851,28.382877,0.13936661,3.9556253,0.81554408,24.415984,0.11173995,2.7282407,0.84688169,20.158936,0.11263144,2.27053
0b_color_jitter_best,file,15,baseline_color_jitter,5581,096.Hooded_Oriole/Hooded_Oriole_0091_90821.jpg,96,95,096.Hooded_Oriole,139,138,identity,identity,0,{},2.4872594,2.4872594,0,0.083137505,0.083137505,0.35786277,0.35786277,-0.27472527,-0.27472527,0,1,1,164.33373,164.33373,False,1,True,False,False,1,1,164.33373,164.33373,1,1,161.52965,161.52965,1,1,30.228239,30.228239,1,1,36.87933,36.87933,1,1,65.222746,65.222746,1,1,81.239972,81.239972,1,1,90.208946,90.208946,1,1,75.763767,75.763767
0b_color_jitter_best,file,15,baseline_color_jitter,5581,096.Hooded_Oriole/Hooded_Oriole_0091_90821.jpg,96,95,096.Hooded_Oriole,139,138,color_jitter,color_jitter,0,"{""brightness"":1.07579,""contrast"":0.887901,""hue"":0.083326,""saturation"":1.106252}",2.4872594,1.8292254,-0.65803397,0.083137505,0.16053788,0.35786277,0.10924941,-0.27472527,0.051288478,0.32601374,0.81453247,0.78258576,164.33373,128.60523,False,0.96419871,False,False,False,0.81453247,0.78258576,164.33373,128.60523,0.81117669,0.78054106,161.52965,126.08052,0.90573255,0.83887141,30.228239,25.357606,0.67451822,0.61730857,36.87933,22.765927,0.77996433,0.79151784,65.222746,51.624967,0.83770249,0.78586152,81.239972,63.843368,0.83605428,0.78924771,90.208946,71.197204,0.79839855,0.78839179,75.763767,59.731531
0b_color_jitter_best,file,15,baseline_color_jitter,9536,163.Cape_May_Warbler/Cape_May_Warbler_0108_163108.jpg,163,162,163.Cape_May_Warbler,175,174,identity,identity,0,{},0.20739965,0.20739965,0,0.81269479,0.81269479,0.029974746,0.029974746,0.78272004,0.78272004,0,1,1,30.086626,30.086626,False,0.99999994,True,True,True,1,1,30.086626,30.086626,1,1,29.671858,29.671858,1,1,4.9785449,4.9785449,1,1,5.4106634,5.4106634,1,1,13.214922,13.214922,1,1,17.170733,17.170733,1,1,13.825481,13.825481,1,1,13.803323,13.803323
0b_color_jitter_best,file,15,baseline_color_jitter,9536,163.Cape_May_Warbler/Cape_May_Warbler_0108_163108.jpg,163,162,163.Cape_May_Warbler,175,174,color_jitter,color_jitter,0,"{""brightness"":1.248592,""contrast"":0.932182,""hue"":-0.037895,""saturation"":1.34661}",0.20739965,0.13174617,-0.075653479,0.81269479,0.87656349,0.029974746,0.017112438,0.78272004,0.85945105,0.076731009,0.89106951,0.66739552,30.086626,20.07968,False,0.98367023,True,True,True,0.89106951,0.66739552,30.086626,20.07968,0.88865192,0.6677685,29.671858,19.813932,0.97893938,0.65400883,4.9785449,3.2560124,0.79766526,0.75002337,5.4106634,4.058124,0.84836005,0.6634434,13.214922,8.767353,0.91088847,0.66975388,17.170733,11.500165,0.88507722,0.67736631,13.825481,9.3649149,0.91264485,0.64514512,13.803323,8.9051466
0b_color_jitter_best,file,15,baseline_color_jitter,2615,046.Gadwall/Gadwall_0030_31855.jpg,46,45,046.Gadwall,87,86,identity,identity,0,{},0.049324032,0.049324032,0,0.95187265,0.95187265,0.026233215,0.026233215,0.92563943,0.92563943,0,1,1,9.3408961,9.3408961,False,0.99999994,True,True,True,1,1,9.3408961,9.3408961,1,1,9.2008296,9.2008296,1,1,1.611544,1.611544,1,1,1.3877317,1.3877317,1,1,4.1066617,4.1066617,1,1,4.9055415,4.9055415,1,1,4.5304607,4.5304607,1,1,4.6125248,4.6125248
0b_color_jitter_best,file,15,baseline_color_jitter,2615,046.Gadwall/Gadwall_0030_31855.jpg,46,45,046.Gadwall,87,86,color_jitter,color_jitter,0,"{""brightness"":0.985318,""contrast"":0.838442,""hue"":0.031137,""saturation"":1.134698}",0.049324032,0.056344133,0.007020101,0.95187265,0.94521379,0.026233215,0.034520086,0.92563943,0.91069371,-0.014945723,0.9691966,1.1616322,9.3408961,10.850686,False,0.99817407,True,True,True,0.9691966,1.1616322,9.3408961,10.850686,0.96837384,1.1600502,9.2008296,10.673424,0.99576799,1.2120696,1.611544,1.9533035,0.91487569,1.0557635,1.3877317,1.4651165,0.96260672,1.2026951,4.1066617,4.9390619,0.97050745,1.1653376,4.9055415,5.7166121,0.96558295,1.1384848,4.5304607,5.1578604,0.97892534,1.149207,4.6125248,5.3007456
0b_color_jitter_best,file,15,baseline_color_jitter,2793,049.Boat_tailed_Grackle/Boat_Tailed_Grackle_0043_33595.jpg,49,48,049.Boat_tailed_Grackle,69,68,identity,identity,0,{},1.4883174,1.4883174,0,0.22575219,0.22575219,0.11160713,0.11160713,0.11414506,0.11414506,0,1,1,132.43506,132.43506,False,1,True,True,True,1,1,132.43506,132.43506,1,1,130.48314,130.48314,1,1,22.653841,22.653841,1,1,26.290805,26.290805,1,1,56.30095,56.30095,1,1,74.395241,74.395241,1,1,61.586482,61.586482,1,1,61.945944,61.945944
0b_color_jitter_best,file,15,baseline_color_jitter,2793,049.Boat_tailed_Grackle/Boat_Tailed_Grackle_0043_33595.jpg,49,48,049.Boat_tailed_Grackle,69,68,color_jitter,color_jitter,0,"{""brightness"":1.298512,""contrast"":0.630882,""hue"":0.099472,""saturation"":1.014343}",1.4883174,3.8742621,2.3859447,0.22575219,0.020769656,0.11160713,0.064270593,0.11414506,-0.043500938,-0.157646,0.72277871,1.6240734,132.43506,215.08427,False,0.94921839,False,True,False,0.72277871,1.6240734,132.43506,215.08427,0.71911625,1.6276857,130.48314,212.38554,0.85706297,1.4993091,22.653841,33.965109,0.51332207,1.5248969,26.290805,40.090766,0.70857481,1.8365984,56.30095,103.40223,0.76062688,1.6344146,74.395241,121.59266,0.71453538,1.6131244,61.586482,99.346659,0.71691853,1.4576957,61.945944,90.298337
0b_color_jitter_best,file,15,baseline_color_jitter,8764,150.Sage_Thrasher/Sage_Thrasher_0025_155661.jpg,150,149,150.Sage_Thrasher,194,193,identity,identity,0,{},0.046108633,0.046108633,0,0.95493823,0.95493823,0.016912298,0.016912298,0.93802593,0.93802593,0,1,1,6.506823,6.506823,False,1,True,True,True,1,1,6.506823,6.506823,1,1,6.3581116,6.3581116,1,1,1.383171,1.383171,1,1,1.0408899,1.0408899,1,1,2.7052703,2.7052703,1,1,3.3655897,3.3655897,1,1,3.0980227,3.0980227,1,1,3.3314719,3.3314719
0b_color_jitter_best,file,15,baseline_color_jitter,8764,150.Sage_Thrasher/Sage_Thrasher_0025_155661.jpg,150,149,150.Sage_Thrasher,194,193,color_jitter,color_jitter,0,"{""brightness"":1.311212,""contrast"":1.139836,""hue"":0.02354,""saturation"":1.222101}",0.046108633,0.066906616,0.020797983,0.95493823,0.93528253,0.016912298,0.011209517,0.93802593,0.92407301,-0.013952923,0.85251531,1.2015199,6.506823,7.8180776,False,0.98884261,True,True,True,0.85251531,1.2015199,6.506823,7.8180776,0.84704565,1.1888289,6.3581116,7.5587067,0.9629415,1.4438348,1.383171,1.9970704,0.78376067,1.1343888,1.0408899,1.1807738,0.81629318,0.99754641,2.7052703,2.6986327,0.83471432,1.0977152,3.3655897,3.694459,0.84102501,1.2351832,3.0980227,3.8266255,0.89814492,1.3479201,3.3314719,4.4905581
0b_color_jitter_best,file,15,baseline_color_jitter,2169,038.Great_Crested_Flycatcher/Great_Crested_Flycatcher_0069_29603.jpg,38,37,038.Great_Crested_Flycatcher,39,38,identity,identity,0,{},1.9346712,1.9346712,0,0.14447176,0.14447176,0.33595747,0.33595747,-0.1914857,-0.1914857,0,1,1,124.73887,124.73887,False,0.99999994,True,False,False,1,1,124.73887,124.73887,1,1,122.30246,122.30246,1,1,24.53352,24.53352,1,1,26.296806,26.296806,1,1,52.070655,52.070655,1,1,65.76725,65.76725,1,1,61.812673,61.812673,1,1,58.385614,58.385614
0b_color_jitter_best,file,15,baseline_color_jitter,2169,038.Great_Crested_Flycatcher/Great_Crested_Flycatcher_0069_29603.jpg,38,37,038.Great_Crested_Flycatcher,39,38,color_jitter,color_jitter,0,"{""brightness"":0.620934,""contrast"":1.072884,""hue"":-0.043088,""saturation"":0.970894}",1.9346712,1.609895,-0.32477617,0.14447176,0.19990861,0.33595747,0.32808989,-0.1914857,-0.12818128,0.063304424,0.88473128,1.0788292,124.73887,134.57194,False,0.98959196,True,False,False,0.88473128,1.0788292,124.73887,134.57194,0.88129347,1.0835338,122.30246,132.51886,0.98859317,0.95449327,24.53352,23.41708,0.80130782,1.6478902,26.296806,43.334247,0.81787275,1.140299,52.070655,59.376117,0.90371,1.0644136,65.76725,70.003556,0.91054213,1.0186202,61.812673,62.963636,0.93637836,0.98284888,58.385614,57.384236
0b_color_jitter_best,file,15,baseline_color_jitter,2664,047.American_Goldfinch/American_Goldfinch_0048_32885.jpg,47,46,047.American_Goldfinch,55,54,identity,identity,0,{},0.017723637,0.017723637,0,0.98243248,0.98243248,0.0035638653,0.0035638653,0.97886862,0.97886862,0,1,1,2.6962915,2.6962915,False,0.99999994,True,True,True,1,1,2.6962915,2.6962915,1,1,2.6398612,2.6398612,1,1,0.54874423,0.54874423,1,1,0.75629549,0.75629549,1,1,0.92357974,0.92357974,1,1,1.2803363,1.2803363,1,1,1.3246826,1.3246826,1,1,1.4662332,1.4662332
0b_color_jitter_best,file,15,baseline_color_jitter,2664,047.American_Goldfinch/American_Goldfinch_0048_32885.jpg,47,46,047.American_Goldfinch,55,54,color_jitter,color_jitter,0,"{""brightness"":0.900341,""contrast"":0.80785,""hue"":0.031143,""saturation"":1.167431}",0.017723637,0.020502776,0.0027791392,0.98243248,0.97970599,0.0035638653,0.0049669063,0.97886862,0.97473908,-0.0041295362,0.90425686,1.2367582,2.6962915,3.3346606,False,0.99436367,True,True,True,0.90425686,1.2367582,2.6962915,3.3346606,0.90059611,1.2376506,2.6398612,3.2672258,0.99062802,1.2159233,0.54874423,0.66723088,0.84834349,1.0282461,0.75629549,0.77765788,0.82447024,1.4631525,0.92357974,1.351338,0.90221682,1.2845774,1.2803363,1.6446911,0.91961053,1.2305297,1.3246826,1.6300612,0.94579932,1.1577854,1.4662332,1.6975835
0b_color_jitter_best,file,15,baseline_color_jitter,6240,107.Common_Raven/Common_Raven_0079_101100.jpg,107,106,107.Common_Raven,30,29,identity,identity,0,{},0.80418921,0.80418921,0,0.44745055,0.44745055,0.32870877,0.32870877,0.11874178,0.11874178,0,1,1,102.56401,102.56401,False,0.99999994,True,True,True,1,1,102.56401,102.56401,1,1,100.89035,100.89035,1,1,18.453012,18.453012,1,1,50.620636,50.620636,1,1,42.856343,42.856343,1,1,44.216228,44.216228,1,1,43.719548,43.719548,1,1,43.740992,43.740992
0b_color_jitter_best,file,15,baseline_color_jitter,6240,107.Common_Raven/Common_Raven_0079_101100.jpg,107,106,107.Common_Raven,30,29,color_jitter,color_jitter,0,"{""brightness"":1.046725,""contrast"":0.830243,""hue"":-0.012248,""saturation"":0.947987}",0.80418921,0.85335755,0.049168348,0.44745055,0.42598227,0.32870877,0.38449585,0.11874178,0.041486412,-0.077255368,0.95278839,0.97096889,102.56401,99.586465,False,0.99835289,True,True,True,0.95278839,0.97096889,102.56401,99.586465,0.95142305,0.96701649,100.89035,97.562633,0.99509604,1.0824736,18.453012,19.974898,0.97273524,0.75998295,50.620636,38.47082,0.92589816,0.89267036,42.856343,38.256587,0.95452367,1.0509477,44.216228,46.468945,0.96661484,1.0722954,43.719548,46.880269,0.975876,1.0766389,43.740992,47.093254
0b_color_jitter_best,file,15,baseline_color_jitter,10156,173.Orange_crowned_Warbler/Orange_Crowned_Warbler_0120_167587.jpg,173,172,173.Orange_crowned_Warbler,199,198,identity,identity,0,{},2.8371367,2.8371367,0,0.058593195,0.058593195,0.88290608,0.88290608,-0.82431288,-0.82431288,0,1,1,285.04214,285.04214,False,1.0000001,True,False,False,1,1,285.04214,285.04214,1,1,282.54104,282.54104,1,1,37.67738,37.67738,1,1,73.097395,73.097395,1,1,141.92794,141.92794,1,1,162.0337,162.0337,1,1,128.35392,128.35392,1,1,107.76373,107.76373
0b_color_jitter_best,file,15,baseline_color_jitter,10156,173.Orange_crowned_Warbler/Orange_Crowned_Warbler_0120_167587.jpg,173,172,173.Orange_crowned_Warbler,199,198,color_jitter,color_jitter,0,"{""brightness"":1.008859,""contrast"":1.002707,""hue"":0.019934,""saturation"":1.374866}",2.8371367,1.8657374,-0.97139931,0.058593195,0.15478204,0.88290608,0.75362259,-0.82431288,-0.59884055,0.22547233,0.93784138,0.82404782,285.04214,234.88835,False,0.98486024,True,False,False,0.93784138,0.82404782,285.04214,234.88835,0.93699921,0.82283001,282.54104,232.48324,0.98445564,0.88985283,37.67738,33.527323,0.90990853,0.9255255,73.097395,67.653503,0.92530018,0.83003379,141.92794,117.80498,0.94688661,0.79763776,162.0337,129.2442,0.9421005,0.80476895,128.35392,103.29525,0.94747657,0.84129729,107.76373,90.661332
0b_color_jitter_best,file,15,baseline_color_jitter,9794,167.Hooded_Warbler/Hooded_Warbler_0057_164137.jpg,167,166,167.Hooded_Warbler,176,175,identity,identity,0,{},0.0061271447,0.0061271447,0,0.9938916,0.9938916,0.0012060791,0.0012060791,0.99268552,0.99268552,0,1,1,0.91772943,0.91772943,False,1,True,True,True,1,1,0.91772943,0.91772943,1,1,0.90189704,0.90189704,1,1,0.16973222,0.16973222,1,1,0.12471533,0.12471533,1,1,0.3751368,0.3751368,1,1,0.49457605,0.49457605,1,1,0.42190401,0.42190401,1,1,0.48428119,0.48428119
0b_color_jitter_best,file,15,baseline_color_jitter,9794,167.Hooded_Warbler/Hooded_Warbler_0057_164137.jpg,167,166,167.Hooded_Warbler,176,175,color_jitter,color_jitter,0,"{""brightness"":1.043897,""contrast"":1.278162,""hue"":0.001775,""saturation"":0.880803}",0.0061271447,0.006784854,0.00065770932,0.9938916,0.99323809,0.0012060791,0.0011633578,0.99268552,0.99207473,-0.00061078393,0.94080245,1.0780761,0.91772943,0.98938217,False,0.99707156,True,True,True,0.94080245,1.0780761,0.91772943,0.98938217,0.93881958,1.0775968,0.90189704,0.97188133,0.99614912,1.0915236,0.16973222,0.18526672,0.7396105,1.2870416,0.12471533,0.16051382,0.91864902,1.0236484,0.3751368,0.38400819,0.9422611,1.0722948,0.49457605,0.53033134,0.93925118,1.0692007,0.42190401,0.45110009,0.96378336,1.1054221,0.48428119,0.53533515
0b_color_jitter_best,file,15,baseline_color_jitter,9937,169.Magnolia_Warbler/Magnolia_Warbler_0032_165960.jpg,169,168,169.Magnolia_Warbler,172,171,identity,identity,0,{},2.6925728,2.6925728,0,0.067706518,0.067706518,0.55064017,0.55064017,-0.48293365,-0.48293365,0,1,1,136.84346,136.84346,False,0.99999994,True,False,False,1,1,136.84346,136.84346,1,1,134.20663,134.20663,1,1,26.734088,26.734088,1,1,21.4471,21.4471,1,1,58.760458,58.760458,1,1,71.870899,71.870899,1,1,68.468611,68.468611,1,1,65.155771,65.155771
0b_color_jitter_best,file,15,baseline_color_jitter,9937,169.Magnolia_Warbler/Magnolia_Warbler_0032_165960.jpg,169,168,169.Magnolia_Warbler,172,171,color_jitter,color_jitter,0,"{""brightness"":0.642229,""contrast"":1.125032,""hue"":0.05201,""saturation"":0.618737}",2.6925728,3.5585771,0.86600423,0.067706518,0.028479315,0.55064017,0.38905811,-0.48293365,-0.3605788,0.12235485,0.8147991,1.0820505,136.84346,148.07153,False,0.97717488,True,False,False,0.8147991,1.0820505,136.84346,148.07153,0.80908225,1.0814392,134.20663,145.13632,0.95686455,1.0973434,26.734088,29.336475,0.50032983,1.8198975,21.4471,39.031524,0.79374446,1.0997634,58.760458,64.622602,0.82062863,1.0920288,71.870899,78.485091,0.8327995,1.000916,68.468611,68.531327,0.86628328,1.0305426,65.155771,67.145794
0b_color_jitter_best,file,15,baseline_color_jitter,9237,158.Bay_breasted_Warbler/Bay_Breasted_Warbler_0062_159783.jpg,158,157,158.Bay_breasted_Warbler,165,164,identity,identity,0,{},0.92652571,0.92652571,0,0.39592689,0.39592689,0.55435622,0.55435622,-0.15842932,-0.15842932,0,1,1,110.90538,110.90538,False,0.99999994,True,False,False,1,1,110.90538,110.90538,1,1,108.37008,108.37008,1,1,23.57816,23.57816,1,1,18.504259,18.504259,1,1,42.23552,42.23552,1,1,59.690295,59.690295,1,1,55.35862,55.35862,1,1,54.683807,54.683807
0b_color_jitter_best,file,15,baseline_color_jitter,9237,158.Bay_breasted_Warbler/Bay_Breasted_Warbler_0062_159783.jpg,158,157,158.Bay_breasted_Warbler,165,164,color_jitter,color_jitter,0,"{""brightness"":1.296523,""contrast"":0.851232,""hue"":0.096889,""saturation"":0.704018}",0.92652571,1.5889307,0.66240501,0.39592689,0.20414379,0.55435622,0.77030349,-0.15842932,-0.5661597,-0.40773037,0.86330946,1.5690128,110.90538,174.01196,False,0.98432565,True,False,False,0.86330946,1.5690128,110.90538,174.01196,0.85838353,1.5759144,108.37008,170.78196,0.98395728,1.4153741,23.57816,33.371917,0.68685944,1.8452019,18.504259,34.144094,0.81886481,1.8056487,42.23552,76.262509,0.8732898,1.5787371,59.690295,94.235282,0.86687417,1.4948692,55.35862,82.753898,0.89481039,1.4693644,54.683807,80.35044
0b_color_jitter_best,file,15,baseline_color_jitter,8240,141.Artic_Tern/Artic_Tern_0080_140889.jpg,141,140,141.Artic_Tern,146,145,identity,identity,0,{},0.061902512,0.061902512,0,0.93997455,0.93997455,0.040156707,0.040156707,0.89981784,0.89981784,0,1,1,8.5991149,8.5991149,False,1,True,True,True,1,1,8.5991149,8.5991149,1,1,8.327381,8.327381,1,1,2.1446451,2.1446451,1,1,2.4542811,2.4542811,1,1,3.9770022,3.9770022,1,1,3.7746849,3.7746849,1,1,4.1752762,4.1752762,1,1,3.9779462,3.9779462
0b_color_jitter_best,file,15,baseline_color_jitter,8240,141.Artic_Tern/Artic_Tern_0080_140889.jpg,141,140,141.Artic_Tern,146,145,color_jitter,color_jitter,0,"{""brightness"":1.081502,""contrast"":0.651572,""hue"":0.053877,""saturation"":1.363877}",0.061902512,0.18088698,0.11898447,0.93997455,0.8345297,0.040156707,0.13749669,0.89981784,0.697033,-0.20278484,0.79899109,2.966246,8.5991149,25.50709,False,0.98333406,True,True,True,0.79899109,2.966246,8.5991149,25.50709,0.78772451,2.9712424,8.327381,24.742668,0.97392612,2.8898696,2.1446451,6.1977447,0.73249504,3.0465335,2.4542811,7.4770495,0.71568966,2.878009,3.9770022,11.445848,0.74371762,3.0078275,3.7746849,11.353601,0.82008896,2.9600558,4.1752762,12.35905,0.88290291,3.012812,3.9779462,11.984804
0b_color_jitter_best,file,15,baseline_color_jitter,2115,038.Great_Crested_Flycatcher/Great_Crested_Flycatcher_0084_29716.jpg,38,37,038.Great_Crested_Flycatcher,39,38,identity,identity,0,{},2.3021803,2.3021803,0,0.10004048,0.10004048,0.6085695,0.6085695,-0.50852902,-0.50852902,0,1,1,213.54259,213.54259,False,1,True,False,False,1,1,213.54259,213.54259,1,1,210.85565,210.85565,1,1,33.768787,33.768787,1,1,39.256826,39.256826,1,1,100.95961,100.95961,1,1,116.5717,116.5717,1,1,104.81955,104.81955,1,1,90.277713,90.277713
0b_color_jitter_best,file,15,baseline_color_jitter,2115,038.Great_Crested_Flycatcher/Great_Crested_Flycatcher_0084_29716.jpg,38,37,038.Great_Crested_Flycatcher,39,38,color_jitter,color_jitter,0,"{""brightness"":1.226767,""contrast"":1.208678,""hue"":0.094967,""saturation"":1.311673}",2.3021803,3.1342583,0.83207798,0.10004048,0.043532033,0.6085695,0.84363502,-0.50852902,-0.80010299,-0.29157397,0.74788901,0.90405184,213.54259,193.05357,False,0.96712959,True,False,False,0.74788901,0.90405184,213.54259,193.05357,0.742224,0.89331548,210.85565,188.36062,0.94702787,1.2528701,33.768787,42.307903,0.60669705,1.0231527,39.256826,40.165729,0.63418374,0.71798417,100.95961,72.487404,0.74178674,0.83175634,116.5717,96.95925,0.77952585,0.96924136,104.81955,101.59544,0.84537622,1.0443662,90.277713,94.282994
0b_color_jitter_best,file,15,baseline_color_jitter,2563,045.Northern_Fulmar/Northern_Fulmar_0041_44013.jpg,45,44,045.Northern_Fulmar,65,64,identity,identity,0,{},1.0089693,1.0089693,0,0.36459455,0.36459455,0.18239348,0.18239348,0.18220107,0.18220107,0,1,1,119.81631,119.81631,False,1,True,True,True,1,1,119.81631,119.81631,1,1,118.15065,118.15065,1,1,19.909061,19.909061,1,1,19.874704,19.874704,1,1,51.586229,51.586229,1,1,66.683499,66.683499,1,1,58.615135,58.615135,1,1,54.963723,54.963723
0b_color_jitter_best,file,15,baseline_color_jitter,2563,045.Northern_Fulmar/Northern_Fulmar_0041_44013.jpg,45,44,045.Northern_Fulmar,65,64,color_jitter,color_jitter,0,"{""brightness"":1.040027,""contrast"":1.186635,""hue"":0.021552,""saturation"":1.235431}",1.0089693,2.3080719,1.2991025,0.36459455,0.099452831,0.18239348,0.099166758,0.18220107,0.00028607249,-0.181915,0.9081631,1.4502938,119.81631,173.76885,False,0.98581868,False,True,False,0.9081631,1.4502938,119.81631,173.76885,0.9067511,1.4541951,118.15065,171.8141,0.96871415,1.3054841,19.909061,25.990962,0.80375399,1.7262095,19.874704,34.307902,0.88087999,1.3915882,51.586229,71.786786,0.91899627,1.4504502,66.683499,96.721096,0.91345157,1.498411,58.615135,87.829561,0.92254949,1.4233924,54.963723,78.234948
0b_color_jitter_best,file,15,baseline_color_jitter,2526,044.Frigatebird/Frigatebird_0082_42989.jpg,44,43,044.Frigatebird,72,71,identity,identity,0,{},2.7351005,2.7351005,0,0.064887494,0.064887494,0.41163376,0.41163376,-0.34674627,-0.34674627,0,1,1,167.89726,167.89726,False,1,True,False,False,1,1,167.89726,167.89726,1,1,165.7038,165.7038,1,1,27.050708,27.050708,1,1,41.577531,41.577531,1,1,75.184886,75.184886,1,1,85.128499,85.128499,1,1,85.99761,85.99761,1,1,73.714601,73.714601
0b_color_jitter_best,file,15,baseline_color_jitter,2526,044.Frigatebird/Frigatebird_0082_42989.jpg,44,43,044.Frigatebird,72,71,color_jitter,color_jitter,0,"{""brightness"":1.154491,""contrast"":0.617929,""hue"":-0.047442,""saturation"":1.252719}",2.7351005,3.171145,0.43604445,0.064887494,0.041955531,0.41163376,0.27750537,-0.34674627,-0.23554984,0.11119643,0.84258617,1.0307607,167.89726,173.06189,False,0.97969198,False,False,False,0.84258617,1.0307607,167.89726,173.06189,0.83938192,1.0311585,165.7038,170.86688,0.96474292,1.0157211,27.050708,27.475976,0.62855207,1.2342172,41.577531,51.315706,0.79905715,0.96979592,75.184886,72.913996,0.8648543,1.0560652,85.128499,89.901247,0.87659905,0.9899664,85.99761,85.134744,0.88319476,1.0433862,73.714601,76.9128
0b_color_jitter_best,file,15,baseline_color_jitter,6959,119.Field_Sparrow/Field_Sparrow_0027_113353.jpg,119,118,119.Field_Sparrow,43,42,identity,identity,0,{},0.6791091,0.6791091,0,0.50706857,0.50706857,0.2408281,0.2408281,0.26624048,0.26624048,0,1,1,98.927771,98.927771,False,1,True,True,True,1,1,98.927771,98.927771,1,1,97.399369,97.399369,1,1,17.322434,17.322434,1,1,24.363179,24.363179,1,1,48.479081,48.479081,1,1,56.468538,56.468538,1,1,43.046789,43.046789,1,1,38.744414,38.744414
0b_color_jitter_best,file,15,baseline_color_jitter,6959,119.Field_Sparrow/Field_Sparrow_0027_113353.jpg,119,118,119.Field_Sparrow,43,42,color_jitter,color_jitter,0,"{""brightness"":1.18375,""contrast"":0.958964,""hue"":-0.00081,""saturation"":1.332677}",0.6791091,0.90854311,0.22943401,0.50706857,0.4031111,0.2408281,0.33115032,0.26624048,0.071960777,-0.1942797,0.9440633,1.2438023,98.927771,123.04659,False,0.99453342,True,True,True,0.9440633,1.2438023,98.927771,123.04659,0.94252153,1.243489,97.399369,121.11504,0.99244106,1.2536662,17.322434,21.71655,0.89041988,1.4357392,24.363179,34.97917,0.93254398,1.2275812,48.479081,59.512007,0.95598956,1.2050326,56.468538,68.046431,0.94790378,1.2524018,43.046789,53.911875,0.9528206,1.2556656,38.744414,48.650029
0b_color_jitter_best,file,15,baseline_color_jitter,10368,177.Prothonotary_Warbler/Prothonotary_Warbler_0112_174594.jpg,177,176,177.Prothonotary_Warbler,140,139,identity,identity,0,{},0.0078687211,0.0078687211,0,0.99216217,0.99216217,0.001310326,0.001310326,0.99085184,0.99085184,0,1,1,1.1475107,1.1475107,False,1,True,True,True,1,1,1.1475107,1.1475107,1,1,1.1273003,1.1273003,1,1,0.21441769,0.21441769,1,1,0.19325087,0.19325087,1,1,0.39454551,0.39454551,1,1,0.55112523,0.55112523,1,1,0.59309348,0.59309348,1,1,0.64984223,0.64984223
0b_color_jitter_best,file,15,baseline_color_jitter,10368,177.Prothonotary_Warbler/Prothonotary_Warbler_0112_174594.jpg,177,176,177.Prothonotary_Warbler,140,139,color_jitter,color_jitter,0,"{""brightness"":0.611577,""contrast"":1.358545,""hue"":-0.051668,""saturation"":0.901554}",0.0078687211,0.0098589631,0.0019902419,0.99216217,0.99018949,0.001310326,0.0021405844,0.99085184,0.98804891,-0.0028029337,0.79538539,1.355882,1.1475107,1.5558891,False,0.98727977,True,True,True,0.79538539,1.355882,1.1475107,1.5558891,0.78891647,1.3560446,1.1273003,1.5286694,0.97481638,1.3513796,0.21441769,0.28975969,0.47611159,2.4227401,0.19325087,0.46819662,0.61992321,1.4245199,0.39454551,0.56203792,0.79354766,1.2130054,0.55112523,0.66851787,0.82229394,1.3311506,0.59309348,0.78949676,0.90241285,1.3161441,0.64984223,0.85528601
0b_color_jitter_best,file,15,baseline_color_jitter,6810,117.Clay_colored_Sparrow/Clay_Colored_Sparrow_0064_110664.jpg,117,116,117.Clay_colored_Sparrow,115,114,identity,identity,0,{},0.021847527,0.021847527,0,0.97838938,0.97838938,0.015431397,0.015431397,0.96295799,0.96295799,0,1,1,3.1368816,3.1368816,False,1,True,True,True,1,1,3.1368816,3.1368816,1,1,3.0405557,3.0405557,1,1,0.77139279,0.77139279,1,1,0.69088243,0.69088243,1,1,1.2512522,1.2512522,1,1,1.6655985,1.6655985,1,1,1.4883336,1.4883336,1,1,1.4875058,1.4875058
0b_color_jitter_best,file,15,baseline_color_jitter,6810,117.Clay_colored_Sparrow/Clay_Colored_Sparrow_0064_110664.jpg,117,116,117.Clay_colored_Sparrow,115,114,color_jitter,color_jitter,0,"{""brightness"":0.891745,""contrast"":1.127771,""hue"":0.035881,""saturation"":1.367818}",0.021847527,0.018274862,-0.0035726652,0.97838938,0.9818911,0.015431397,0.01024093,0.96295799,0.97165017,0.0086921798,0.89986509,0.7598729,3.1368816,2.3836313,False,0.98936123,True,True,True,0.89986509,0.7598729,3.1368816,2.3836313,0.89462623,0.76095381,3.0405557,2.3137225,0.98348424,0.74287734,0.77139279,0.57305022,0.85743679,0.71587332,0.69088243,0.4945843,0.86033148,0.7140266,1.2512522,0.89342731,0.89805836,0.74852549,1.6655985,1.2467429,0.90216638,0.77718557,1.4883336,1.1567114,0.91504578,0.80057191,1.4875058,1.1908553
0b_color_jitter_best,file,15,baseline_color_jitter,1601,029.American_Crow/American_Crow_0132_25704.jpg,29,28,029.American_Crow,107,106,identity,identity,0,{},0.28557363,0.28557363,0,0.75158298,0.75158298,0.12416679,0.12416679,0.62741619,0.62741619,0,1,1,35.019169,35.019169,False,1,True,True,True,1,1,35.019169,35.019169,1,1,33.931011,33.931011,1,1,8.6619103,8.6619103,1,1,11.362037,11.362037,1,1,15.564993,15.564993,1,1,14.746514,14.746514,1,1,16.155268,16.155268,1,1,17.363647,17.363647
0b_color_jitter_best,file,15,baseline_color_jitter,1601,029.American_Crow/American_Crow_0132_25704.jpg,29,28,029.American_Crow,107,106,color_jitter,color_jitter,0,"{""brightness"":0.67593,""contrast"":0.852742,""hue"":-0.073279,""saturation"":0.697542}",0.28557363,0.32847717,0.042903543,0.75158298,0.7200194,0.12416679,0.17347193,0.62741619,0.54654747,-0.080868714,0.81078915,1.3253957,35.019169,46.414254,False,0.98512936,True,True,True,0.81078915,1.3253957,35.019169,46.414254,0.80150189,1.3342518,33.931011,45.27251,0.97746333,1.1812015,8.6619103,10.231462,0.76158881,1.7748491,11.362037,20.165901,0.77212763,1.370361,15.564993,21.32966,0.72132385,1.2716185,14.746514,18.751939,0.84532068,1.1966008,16.155268,19.331406,0.90210601,1.2387464,17.363647,21.509155
0b_color_jitter_best,file,15,baseline_color_jitter,10767,183.Northern_Waterthrush/Northern_Waterthrush_0016_177345.jpg,183,182,183.Northern_Waterthrush,184,183,identity,identity,0,{},0.53456384,0.53456384,0,0.5859248,0.5859248,0.20792262,0.20792262,0.37800218,0.37800218,0,1,1,56.083953,56.083953,False,1,True,True,True,1,1,56.083953,56.083953,1,1,55.050516,55.050516,1,1,10.716827,10.716827,1,1,11.218761,11.218761,1,1,26.445485,26.445485,1,1,30.493207,30.493207,1,1,26.189358,26.189358,1,1,24.282029,24.282029
0b_color_jitter_best,file,15,baseline_color_jitter,10767,183.Northern_Waterthrush/Northern_Waterthrush_0016_177345.jpg,183,182,183.Northern_Waterthrush,184,183,color_jitter,color_jitter,0,"{""brightness"":0.993896,""contrast"":0.991549,""hue"":0.022081,""saturation"":1.172955}",0.53456384,0.51281095,-0.021752894,0.5859248,0.59880996,0.20792262,0.18657798,0.37800218,0.41223198,0.0342298,0.96297899,0.95250565,56.083953,53.420282,False,0.99745929,True,True,True,0.96297899,0.95250565,56.083953,53.420282,0.96170601,0.95286269,55.050516,52.455583,0.99696926,0.94303568,10.716827,10.10635,0.96209766,0.98009184,11.218761,10.995416,0.95276184,0.92688373,26.445485,24.511889,0.95893969,0.96766268,30.493207,29.507138,0.96369722,0.95773068,26.189358,25.082352,0.9748238,0.94815173,24.282029,23.023048
0b_color_jitter_best,file,15,baseline_color_jitter,138,003.Sooty_Albatross/Sooty_Albatross_0055_1160.jpg,3,2,003.Sooty_Albatross,1,0,identity,identity,0,{},0.10395452,0.10395452,0,0.90126628,0.90126628,0.026426835,0.026426835,0.87483944,0.87483944,0,1,1,17.889175,17.889175,False,1,True,True,True,1,1,17.889175,17.889175,1,1,17.596936,17.596936,1,1,3.2203138,3.2203138,1,1,4.1271928,4.1271928,1,1,6.8855025,6.8855025,1,1,10.243827,10.243827,1,1,8.9740589,8.9740589,1,1,7.7290728,7.7290728
0b_color_jitter_best,file,15,baseline_color_jitter,138,003.Sooty_Albatross/Sooty_Albatross_0055_1160.jpg,3,2,003.Sooty_Albatross,1,0,color_jitter,color_jitter,0,"{""brightness"":0.863765,""contrast"":0.689232,""hue"":0.021901,""saturation"":1.316295}",0.10395452,0.095697559,-0.0082569644,0.90126628,0.90873879,0.026426835,0.022657692,0.87483944,0.8860811,0.011241658,0.8716145,0.93234334,17.889175,16.678853,False,0.99097246,True,True,True,0.8716145,0.93234334,17.889175,16.678853,0.86753856,0.93134651,17.596936,16.388845,0.98991705,0.96163193,3.2203138,3.0967566,0.5712389,0.89158824,4.1271928,3.6797566,0.71026912,0.99067181,6.8855025,6.8212732,0.91148993,0.92034501,10.243827,9.427855,0.92113621,0.91926222,8.9740589,8.2495133,0.93555381,0.92925322,7.7290728,7.1822658
0b_color_jitter_best,file,15,baseline_color_jitter,11555,197.Marsh_Wren/Marsh_Wren_0103_188483.jpg,197,196,197.Marsh_Wren,193,192,identity,identity,0,{},0.16969152,0.16969152,0,0.84392512,0.84392512,0.07052926,0.07052926,0.77339586,0.77339586,0,1,1,28.121723,28.121723,False,1.0000001,True,True,True,1,1,28.121723,28.121723,1,1,27.640393,27.640393,1,1,5.1807298,5.1807298,1,1,6.1769918,6.1769918,1,1,11.379102,11.379102,1,1,15.589587,15.589587,1,1,13.551613,13.551613,1,1,13.02577,13.02577
0b_color_jitter_best,file,15,baseline_color_jitter,11555,197.Marsh_Wren/Marsh_Wren_0103_188483.jpg,197,196,197.Marsh_Wren,193,192,color_jitter,color_jitter,0,"{""brightness"":1.331881,""contrast"":0.838661,""hue"":-0.081779,""saturation"":1.315849}",0.16969152,0.33943343,0.16974191,0.84392512,0.7121737,0.07052926,0.042074889,0.77339586,0.67009881,-0.10329705,0.79275653,1.7376164,28.121723,48.864766,False,0.95919037,True,True,True,0.79275653,1.7376164,28.121723,48.864766,0.7888206,1.7375269,27.640393,48.025928,0.90462276,1.7401608,5.1807298,9.0153029,0.7616443,1.9047822,6.1769918,11.765824,0.78023295,1.6994025,11.379102,19.337673,0.8073301,1.7080687,15.589587,26.628086,0.76949664,1.8101125,13.551613,24.529945,0.80017836,1.6878013,13.02577,21.984912
0b_color_jitter_best,file,15,baseline_color_jitter,5018,086.Pacific_Loon/Pacific_Loon_0023_75476.jpg,86,85,086.Pacific_Loon,52,51,identity,identity,0,{},0.0029016319,0.0029016319,0,0.99710256,0.99710256,0.0003335716,0.0003335716,0.99676899,0.99676899,0,1,1,0.37658176,0.37658176,False,0.99999994,True,True,True,1,1,0.37658176,0.37658176,1,1,0.36878429,0.36878429,1,1,0.076236279,0.076236279,1,1,0.068467133,0.068467133,1,1,0.19493746,0.19493746,1,1,0.16055573,0.16055573,1,1,0.16247164,0.16247164,1,1,0.20282581,0.20282581
0b_color_jitter_best,file,15,baseline_color_jitter,5018,086.Pacific_Loon/Pacific_Loon_0023_75476.jpg,86,85,086.Pacific_Loon,52,51,color_jitter,color_jitter,0,"{""brightness"":1.384971,""contrast"":0.610954,""hue"":0.009436,""saturation"":1.201139}",0.0029016319,0.0042817583,0.0013801265,0.99710256,0.99572742,0.0003335716,0.0005307743,0.99676899,0.99519665,-0.0015723415,0.87642788,1.5496651,0.37658176,0.58357561,False,0.99374324,True,True,True,0.87642788,1.5496651,0.37658176,0.58357561,0.87187003,1.5538588,0.36878429,0.57303869,0.99297061,1.4480696,0.076236279,0.11039544,0.42186318,1.8655746,0.068467133,0.12773054,0.86814116,1.6104693,0.19493746,0.3139408,0.85529784,1.5837371,0.16055573,0.25427806,0.90233796,1.5523461,0.16247164,0.25221222,0.9379261,1.4393811,0.20282581,0.29194364
0b_color_jitter_best,file,15,baseline_color_jitter,10036,171.Myrtle_Warbler/Myrtle_Warbler_0084_166747.jpg,171,170,171.Myrtle_Warbler,10,9,identity,identity,0,{},1.0128238,1.0128238,0,0.36319193,0.36319193,0.14265643,0.14265643,0.2205355,0.2205355,0,1,1,90.633431,90.633431,False,1,True,True,True,1,1,90.633431,90.633431,1,1,88.885141,88.885141,1,1,17.715829,17.715829,1,1,19.486607,19.486607,1,1,37.67457,37.67457,1,1,48.895375,48.895375,1,1,46.217989,46.217989,1,1,39.681318,39.681318
0b_color_jitter_best,file,15,baseline_color_jitter,10036,171.Myrtle_Warbler/Myrtle_Warbler_0084_166747.jpg,171,170,171.Myrtle_Warbler,10,9,color_jitter,color_jitter,0,"{""brightness"":0.860943,""contrast"":1.170567,""hue"":0.030823,""saturation"":1.044687}",1.0128238,1.4589808,0.44615698,0.36319193,0.23247308,0.14265643,0.082588717,0.2205355,0.14988436,-0.070651144,0.91265092,1.1956233,90.633431,108.36344,False,0.99290186,True,True,True,0.91265092,1.1956233,90.633431,108.36344,0.90983903,1.1959447,88.885141,106.30171,0.98395994,1.1875046,17.715829,21.037628,0.89419051,1.5460109,19.486607,30.126506,0.90230324,1.2616046,37.67457,47.530409,0.90006341,1.1206284,48.895375,54.793548,0.9166252,1.1565537,46.217989,53.453585,0.94079535,1.2016538,39.681318,47.683208
0b_color_jitter_best,file,15,baseline_color_jitter,6388,110.Geococcyx/Geococcyx_0107_104534.jpg,110,109,110.Geococcyx,100,99,identity,identity,0,{},0.0036940211,0.0036940211,0,0.9963128,0.9963128,0.0012423298,0.0012423298,0.99507047,0.99507047,0,1,1,0.48441228,0.48441228,False,0.99999988,True,True,True,1,1,0.48441228,0.48441228,1,1,0.47033398,0.47033398,1,1,0.11593623,0.11593623,1,1,0.063241175,0.063241175,1,1,0.20447207,0.20447207,1,1,0.25700372,0.25700372,1,1,0.21234352,0.21234352,1,1,0.25350561,0.25350561
0b_color_jitter_best,file,15,baseline_color_jitter,6388,110.Geococcyx/Geococcyx_0107_104534.jpg,110,109,110.Geococcyx,100,99,color_jitter,color_jitter,0,"{""brightness"":0.735807,""contrast"":0.789395,""hue"":-0.088327,""saturation"":0.910334}",0.0036940211,0.0043998579,0.00070583681,0.9963128,0.99560982,0.0012423298,0.0011500908,0.99507047,0.99445973,-0.00061073818,0.86139966,1.4103976,0.48441228,0.6832139,False,0.98904979,True,True,True,0.86139966,1.4103976,0.48441228,0.6832139,0.85574903,1.4225479,0.47033398,0.66907261,0.98505832,1.192778,0.11593623,0.13828619,0.33618077,1.5159752,0.063241175,0.095872054,0.80230822,1.6217134,0.20447207,0.3315951,0.89359923,1.5447623,0.25700372,0.39700966,0.86303374,1.3260399,0.21234352,0.28157598,0.91333626,1.1939418,0.25350561,0.30267095
0b_color_jitter_best,file,15,baseline_color_jitter,5211,090.Red_breasted_Merganser/Red_Breasted_Merganser_0081_79396.jpg,90,89,090.Red_breasted_Merganser,25,24,identity,identity,0,{},0.00096679665,0.00096679665,0,0.99903369,0.99903369,0.00028162068,0.00028162068,0.99875207,0.99875207,0,1,1,0.14510895,0.14510895,False,1,True,True,True,1,1,0.14510895,0.14510895,1,1,0.14192735,0.14192735,1,1,0.030219757,0.030219757,1,1,0.034433566,0.034433566,1,1,0.059826988,0.059826988,1,1,0.071213205,0.071213205,1,1,0.069433164,0.069433164,1,1,0.074068543,0.074068543
0b_color_jitter_best,file,15,baseline_color_jitter,5211,090.Red_breasted_Merganser/Red_Breasted_Merganser_0081_79396.jpg,90,89,090.Red_breasted_Merganser,25,24,color_jitter,color_jitter,0,"{""brightness"":0.692614,""contrast"":1.335003,""hue"":0.04763,""saturation"":1.257185}",0.00096679665,0.00095679273,-1.0003918e-05,0.99903369,0.99904364,0.00028162068,0.00017929135,0.99875207,0.99886435,0.00011228331,0.87268059,0.91963116,0.14510895,0.13344671,False,0.99148411,True,True,True,0.87268059,0.91963116,0.14510895,0.13344671,0.86752246,0.91737973,0.14192735,0.13020128,0.98170879,0.96796055,0.030219757,0.029251533,0.80190936,1.0439049,0.034433566,0.03594537,0.79833508,0.80027341,0.059826988,0.047877948,0.84609655,0.91785909,0.071213205,0.065363687,0.88330004,0.9022523,0.069433164,0.062646232,0.93335085,0.97085696,0.074068543,0.071909961
0b_color_jitter_best,file,15,baseline_color_jitter,7367,126.Nelson_Sharp_tailed_Sparrow/Nelson_Sharp_Tailed_Sparrow_0074_796901.jpg,126,125,126.Nelson_Sharp_tailed_Sparrow,128,127,identity,identity,0,{},6.8112497,6.8112497,0,0.0011013156,0.0011013156,0.99451137,0.99451137,-0.99341005,-0.99341005,0,1,1,185.19588,185.19588,False,1,True,False,False,1,1,185.19588,185.19588,1,1,179.63979,179.63979,1,1,45.022913,45.022913,1,1,36.80407,36.80407,1,1,89.613272,89.613272,1,1,101.87989,101.87989,1,1,75.453641,75.453641,1,1,82.538535,82.538535
0b_color_jitter_best,file,15,baseline_color_jitter,7367,126.Nelson_Sharp_tailed_Sparrow/Nelson_Sharp_Tailed_Sparrow_0074_796901.jpg,126,125,126.Nelson_Sharp_tailed_Sparrow,128,127,color_jitter,color_jitter,0,"{""brightness"":1.243766,""contrast"":1.050318,""hue"":-0.069495,""saturation"":0.733363}",6.8112497,6.2380042,-0.57324553,0.0011013156,0.0019537513,0.99451137,0.99170482,-0.99341005,-0.98975107,0.00365898,0.91700996,0.96428183,185.19588,178.58103,False,0.99066633,True,False,False,0.91700996,0.96428183,185.19588,178.58103,0.91225873,0.96236078,179.63979,172.87828,0.99067489,0.99436493,45.022913,44.769206,0.74231813,1.0481533,36.80407,38.576308,0.87050438,0.87935547,89.613272,78.801921,0.94530905,0.94177021,101.87989,95.947451,0.91928091,0.99982192,75.453641,75.440204,0.94443052,1.0345781,82.538535,85.39256
0b_color_jitter_best,file,15,baseline_color_jitter,290,006.Least_Auklet/Least_Auklet_0026_795066.jpg,6,5,006.Least_Auklet,40,39,identity,identity,0,{},0.014665306,0.014665306,0,0.98544168,0.98544168,0.0032999238,0.0032999238,0.98214176,0.98214176,0,1,1,2.1651407,2.1651407,False,0.99999994,True,True,True,1,1,2.1651407,2.1651407,1,1,2.1232316,2.1232316,1,1,0.4239361,0.4239361,1,1,0.38853045,0.38853045,1,1,0.79374607,0.79374607,1,1,1.0923632,1.0923632,1,1,1.152706,1.152706,1,1,1.0977866,1.0977866
0b_color_jitter_best,file,15,baseline_color_jitter,290,006.Least_Auklet/Least_Auklet_0026_795066.jpg,6,5,006.Least_Auklet,40,39,color_jitter,color_jitter,0,"{""brightness"":0.662184,""contrast"":1.306548,""hue"":-0.0216,""saturation"":0.750981}",0.014665306,0.0049590683,-0.0097062374,0.98544168,0.99505323,0.0032999238,0.00083814654,0.98214176,0.99421509,0.012073324,0.89536996,0.33914337,2.1651407,0.73429311,False,0.98966849,True,True,True,0.89536996,0.33914337,2.1651407,0.73429311,0.89157109,0.33817634,2.1232316,0.71802669,0.98633352,0.36255735,0.4239361,0.15370115,0.75595427,0.32956351,0.38853045,0.12804546,0.79145208,0.37130301,0.79374607,0.29472031,0.89589979,0.33196677,1.0923632,0.36262829,0.91661874,0.32492419,1.152706,0.37454205,0.9376219,0.34147571,1.0977866,0.37486746
0b_color_jitter_best,file,15,baseline_color_jitter,8666,148.Green_tailed_Towhee/Green_Tailed_Towhee_0064_154771.jpg,148,147,148.Green_tailed_Towhee,114,113,identity,identity,0,{},0.068888582,0.068888582,0,0.93343067,0.93343067,0.01365914,0.01365914,0.91977153,0.91977153,0,1,1,9.6999896,9.6999896,False,1,True,True,True,1,1,9.6999896,9.6999896,1,1,9.4857991,9.4857991,1,1,2.0271692,2.0271692,1,1,1.5850019,1.5850019,1,1,4.0078659,4.0078659,1,1,4.9882697,4.9882697,1,1,4.7096792,4.7096792,1,1,4.9336854,4.9336854
0b_color_jitter_best,file,15,baseline_color_jitter,8666,148.Green_tailed_Towhee/Green_Tailed_Towhee_0064_154771.jpg,148,147,148.Green_tailed_Towhee,114,113,color_jitter,color_jitter,0,"{""brightness"":0.809038,""contrast"":0.848749,""hue"":-0.018586,""saturation"":1.224494}",0.068888582,0.036298994,-0.032589588,0.93343067,0.96435189,0.01365914,0.0048660976,0.91977153,0.95948579,0.039714263,0.92574909,0.49065281,9.6999896,4.7593271,False,0.99561721,True,True,True,0.92574909,0.49065281,9.6999896,4.7593271,0.9225765,0.48912613,9.4857991,4.6397522,0.992697,0.52296521,2.0271692,1.060139,0.78219387,0.58118317,1.5850019,0.92117644,0.90022785,0.48529507,4.0078659,1.9449975,0.91987485,0.46768404,4.9882697,2.3329342,0.92735459,0.47225404,4.7096792,2.224165,0.95558975,0.5170031,4.9336854,2.5507306
0b_color_jitter_best,file,15,baseline_color_jitter,5144,088.Western_Meadowlark/Western_Meadowlark_0069_78587.jpg,88,87,088.Western_Meadowlark,121,120,identity,identity,0,{},2.9125097,2.9125097,0,0.054339185,0.054339185,0.39473855,0.39473855,-0.34039937,-0.34039937,0,1,1,153.64342,153.64342,False,1,True,False,False,1,1,153.64342,153.64342,1,1,148.85879,148.85879,1,1,38.04422,38.04422,1,1,25.182014,25.182014,1,1,55.547162,55.547162,1,1,86.603424,86.603424,1,1,68.504799,68.504799,1,1,79.033266,79.033266
0b_color_jitter_best,file,15,baseline_color_jitter,5144,088.Western_Meadowlark/Western_Meadowlark_0069_78587.jpg,88,87,088.Western_Meadowlark,121,120,color_jitter,color_jitter,0,"{""brightness"":0.791624,""contrast"":1.274085,""hue"":0.098883,""saturation"":1.253763}",2.9125097,3.5199816,0.60747194,0.054339185,0.02959998,0.39473855,0.60989773,-0.34039937,-0.58029775,-0.23989838,0.82665864,1.2121323,153.64342,186.23616,False,0.97856116,True,False,False,0.82665864,1.2121323,153.64342,186.23616,0.82016544,1.221883,148.85879,181.88803,0.95098921,1.0516232,38.04422,40.008183,0.71749716,1.4597879,25.182014,36.760399,0.75575935,1.2491427,55.547162,69.386335,0.8624615,1.3505896,86.603424,116.96568,0.80945169,1.1671437,68.504799,79.954944,0.83501021,1.046732,79.033266,82.726651
0b_color_jitter_best,file,15,baseline_color_jitter,3275,057.Rose_breasted_Grosbeak/Rose_Breasted_Grosbeak_0017_39161.jpg,57,56,057.Rose_breasted_Grosbeak,137,136,identity,identity,0,{},5.3136253,5.3136253,0,0.0049240435,0.0049240435,0.89217484,0.89217484,-0.8872508,-0.8872508,0,1,1,259.91,259.91,False,1,True,False,False,1,1,259.91,259.91,1,1,256.24637,256.24637,1,1,43.48568,43.48568,1,1,65.096109,65.096109,1,1,107.50236,107.50236,1,1,138.41828,138.41828,1,1,132.75173,132.75173,1,1,114.39099,114.39099
0b_color_jitter_best,file,15,baseline_color_jitter,3275,057.Rose_breasted_Grosbeak/Rose_Breasted_Grosbeak_0017_39161.jpg,57,56,057.Rose_breasted_Grosbeak,137,136,color_jitter,color_jitter,0,"{""brightness"":1.271146,""contrast"":1.321371,""hue"":0.031324,""saturation"":0.965167}",5.3136253,5.1118536,-0.20177174,0.0049240435,0.0060249059,0.89217484,0.68855596,-0.8872508,-0.68253105,0.20471975,0.87806909,0.80304583,259.91,208.71964,False,0.98096418,True,False,False,0.87806909,0.80304583,259.91,208.71964,0.87522649,0.80028612,256.24637,205.07041,0.97164548,0.89360222,43.48568,38.8589,0.72603793,0.67516884,65.096109,43.950864,0.85340049,0.79408334,107.50236,85.365831,0.87593854,0.78356912,138.41828,108.46029,0.89624828,0.81093831,132.75173,107.65346,0.90890474,0.85125054,114.39099,97.375393
0b_color_jitter_best,file,15,baseline_color_jitter,113,002.Laysan_Albatross/Laysan_Albatross_0029_482.jpg,2,1,002.Laysan_Albatross,45,44,identity,identity,0,{},0.052576408,0.052576408,0,0.94878185,0.94878185,0.026047949,0.026047949,0.9227339,0.9227339,0,1,1,9.7652965,9.7652965,False,1,True,True,True,1,1,9.7652965,9.7652965,1,1,9.6028882,9.6028882,1,1,1.7735713,1.7735713,1,1,4.063581,4.063581,1,1,3.8976876,3.8976876,1,1,4.6441827,4.6441827,1,1,4.4489476,4.4489476,1,1,4.3759838,4.3759838
0b_color_jitter_best,file,15,baseline_color_jitter,113,002.Laysan_Albatross/Laysan_Albatross_0029_482.jpg,2,1,002.Laysan_Albatross,45,44,color_jitter,color_jitter,0,"{""brightness"":1.13861,""contrast"":1.353499,""hue"":0.01753,""saturation"":0.686924}",0.052576408,0.088173747,0.035597339,0.94878185,0.91560179,0.026047949,0.049633935,0.9227339,0.86596785,-0.056766044,0.85422269,1.5503744,9.7652965,15.139866,False,0.9912197,True,True,True,0.85422269,1.5503744,9.7652965,15.139866,0.84930791,1.5446054,9.6028882,14.832673,0.98860732,1.7108758,1.7735713,3.0343603,0.72480909,1.2277958,4.063581,4.9892478,0.74251494,1.324436,3.8976876,5.1622377,0.89529809,1.55887,4.6441827,7.2396774,0.89721676,1.6935181,4.4489476,7.5343732,0.92480799,1.7595627,4.3759838,7.6998179
0b_color_jitter_best,file,15,baseline_color_jitter,3819,066.Western_Gull/Western_Gull_0094_55156.jpg,66,65,066.Western_Gull,62,61,identity,identity,0,{},0.21672662,0.21672662,0,0.80515003,0.80515003,0.135029,0.135029,0.67012103,0.67012103,0,1,1,26.053915,26.053915,False,1,True,True,True,1,1,26.053915,26.053915,1,1,25.11132,25.11132,1,1,6.9446453,6.9446453,1,1,4.2406389,4.2406389,1,1,9.7919023,9.7919023,1,1,12.488604,12.488604,1,1,13.23248,13.23248,1,1,13.625352,13.625352
0b_color_jitter_best,file,15,baseline_color_jitter,3819,066.Western_Gull/Western_Gull_0094_55156.jpg,66,65,066.Western_Gull,62,61,color_jitter,color_jitter,0,"{""brightness"":0.68282,""contrast"":0.600696,""hue"":0.010734,""saturation"":0.682312}",0.21672662,0.47858346,0.26185684,0.80515003,0.61966056,0.135029,0.2985777,0.67012103,0.32108286,-0.34903817,0.8285479,2.4776036,26.053915,64.551272,False,0.9777869,True,True,True,0.8285479,2.4776036,26.053915,64.551272,0.81959276,2.501598,25.11132,62.818427,0.97500392,2.1392561,6.9446453,14.856375,0.5354353,2.9674971,4.2406389,12.584084,0.75846062,3.1982528,9.7919023,31.316978,0.83722601,2.4879269,12.488604,31.070735,0.85535638,2.2334352,13.23248,29.553887,0.87821876,2.2837009,13.625352,31.116229
0b_color_jitter_best,file,15,baseline_color_jitter,9415,161.Blue_winged_Warbler/Blue_Winged_Warbler_0059_162064.jpg,161,160,161.Blue_winged_Warbler,188,187,identity,identity,0,{},2.4635592,2.4635592,0,0.085131414,0.085131414,0.16119801,0.16119801,-0.076066591,-0.076066591,0,1,1,205.47285,205.47285,False,1,True,False,False,1,1,205.47285,205.47285,1,1,203.48568,203.48568,1,1,28.507363,28.507363,1,1,57.782627,57.782627,1,1,109.85554,109.85554,1,1,108.06007,108.06007,1,1,87.51397,87.51397,1,1,81.631343,81.631343
0b_color_jitter_best,file,15,baseline_color_jitter,9415,161.Blue_winged_Warbler/Blue_Winged_Warbler_0059_162064.jpg,161,160,161.Blue_winged_Warbler,188,187,color_jitter,color_jitter,0,"{""brightness"":1.06335,""contrast"":0.96403,""hue"":-0.005297,""saturation"":1.283635}",2.4635592,1.5595345,-0.9040246,0.085131414,0.21023388,0.16119801,0.059697136,-0.076066591,0.15053675,0.22660334,0.93980202,0.76492761,205.47285,157.17185,False,0.99123454,False,False,True,0.93980202,0.76492761,205.47285,157.17185,0.93893433,0.76348016,203.48568,155.35728,0.98393426,0.83536431,28.507363,23.814034,0.92082578,0.63263761,57.782627,36.555463,0.93778461,0.74097785,109.85554,81.400519,0.94691696,0.7954994,108.06007,85.961721,0.93714314,0.77290719,87.51397,67.640176,0.94567051,0.79474666,81.631343,64.876237
0b_color_jitter_best,file,15,baseline_color_jitter,1298,024.Red_faced_Cormorant/Red_Faced_Cormorant_0002_796275.jpg,24,23,024.Red_faced_Cormorant,25,24,identity,identity,0,{},0.10423372,0.10423372,0,0.90101469,0.90101469,0.088993341,0.088993341,0.81202134,0.81202134,0,1,1,17.34375,17.34375,False,1.0000001,True,True,True,1,1,17.34375,17.34375,1,1,16.792557,16.792557,1,1,4.3377049,4.3377049,1,1,4.3942091,4.3942091,1,1,7.3687973,7.3687973,1,1,8.016465,8.016465,1,1,8.3893765,8.3893765,1,1,8.5869896,8.5869896
0b_color_jitter_best,file,15,baseline_color_jitter,1298,024.Red_faced_Cormorant/Red_Faced_Cormorant_0002_796275.jpg,24,23,024.Red_faced_Cormorant,25,24,color_jitter,color_jitter,0,"{""brightness"":1.090536,""contrast"":1.336059,""hue"":-0.055838,""saturation"":0.818097}",0.10423372,0.18637483,0.082141109,0.90101469,0.82996243,0.088993341,0.14192574,0.81202134,0.6880367,-0.12398465,0.86297722,1.7226513,17.34375,29.877234,False,0.9818368,True,True,True,0.86297722,1.7226513,17.34375,29.877234,0.85522346,1.7217819,16.792557,28.913122,0.97828143,1.7356281,4.3377049,7.5286424,0.79936674,1.6210704,4.3942091,7.1233223,0.80077035,1.6332781,7.3687973,12.035296,0.8276343,1.7632901,8.016465,14.135353,0.87671142,1.7743281,8.3893765,14.885507,0.91228128,1.723349,8.5869896,14.79838
0b_color_jitter_best,file,15,baseline_color_jitter,5560,095.Baltimore_Oriole/Baltimore_Oriole_0064_89554.jpg,95,94,095.Baltimore_Oriole,96,95,identity,identity,0,{},0.0024875433,0.0024875433,0,0.99751556,0.99751556,0.0012168102,0.0012168102,0.99629875,0.99629875,0,1,1,0.32391067,0.32391067,False,1,True,True,True,1,1,0.32391067,0.32391067,1,1,0.31105758,0.31105758,1,1,0.09033996,0.09033996,1,1,0.086945796,0.086945796,1,1,0.11042883,0.11042883,1,1,0.1314806,0.1314806,1,1,0.15947373,0.15947373,1,1,0.18515858,0.18515858
0b_color_jitter_best,file,15,baseline_color_jitter,5560,095.Baltimore_Oriole/Baltimore_Oriole_0064_89554.jpg,95,94,095.Baltimore_Oriole,96,95,color_jitter,color_jitter,0,"{""brightness"":1.264927,""contrast"":0.778984,""hue"":-0.000865,""saturation"":0.723159}",0.0024875433,0.0055342079,0.0030466646,0.99751556,0.99448109,0.0012168102,0.0012563616,0.99629875,0.99322473,-0.0030740239,0.87628992,2.4149184,0.32391067,0.78221783,False,0.99271309,True,True,True,0.87628992,2.4149184,0.32391067,0.78221783,0.87127256,2.436979,0.31105758,0.75804079,0.95124628,2.1360848,0.09033996,0.19297381,0.89393713,1.9639194,0.086945796,0.17075454,0.80546998,2.5264077,0.11042883,0.27898825,0.84490096,2.7809374,0.1314806,0.36563932,0.88672874,2.5125404,0.15947373,0.4006842,0.90887388,2.2489181,0.18515858,0.41640647
0b_color_jitter_best,file,15,baseline_color_jitter,10914,186.Cedar_Waxwing/Cedar_Waxwing_0062_178788.jpg,186,185,186.Cedar_Waxwing,185,184,identity,identity,0,{},0.030575009,0.030575009,0,0.96988767,0.96988767,0.028824419,0.028824419,0.94106326,0.94106326,0,1,1,4.7516962,4.7516962,False,1,True,True,True,1,1,4.7516962,4.7516962,1,1,4.5890718,4.5890718,1,1,1.2324922,1.2324922,1,1,1.041652,1.041652,1,1,1.9706454,1.9706454,1,1,2.5639341,2.5639341,1,1,2.0748691,2.0748691,1,1,2.283037,2.283037
0b_color_jitter_best,file,15,baseline_color_jitter,10914,186.Cedar_Waxwing/Cedar_Waxwing_0062_178788.jpg,186,185,186.Cedar_Waxwing,185,184,color_jitter,color_jitter,0,"{""brightness"":0.601474,""contrast"":1.220541,""hue"":0.008547,""saturation"":0.66427}",0.030575009,0.10743958,0.076864569,0.96988767,0.89813077,0.028824419,0.098574907,0.94106326,0.79955587,-0.14150739,0.87007043,3.6809773,4.7516962,17.490886,False,0.98623544,True,True,True,0.87007043,3.6809773,4.7516962,17.490886,0.86298312,3.7071901,4.5890718,17.012562,0.98623107,3.2961592,1.2324922,4.0624906,0.82393157,4.9358378,1.041652,5.1414255,0.73595381,4.0486733,1.9706454,7.9784993,0.90755459,3.6145298,2.5639341,9.267416,0.88777423,3.4839996,2.0748691,7.2288431,0.92447318,3.4264654,2.283037,7.8227474
0b_color_jitter_best,file,15,baseline_color_jitter,4238,073.Blue_Jay/Blue_Jay_0061_63645.jpg,73,72,073.Blue_Jay,164,163,identity,identity,0,{},1.21667,1.21667,0,0.29621491,0.29621491,0.29430357,0.29430357,0.0019113421,0.0019113421,0,1,1,98.203607,98.203607,False,1.0000001,True,True,True,1,1,98.203607,98.203607,1,1,96.057568,96.057568,1,1,20.417934,20.417934,1,1,23.211845,23.211845,1,1,42.965429,42.965429,1,1,48.438784,48.438784,1,1,46.428882,46.428882,1,1,48.376458,48.376458
0b_color_jitter_best,file,15,baseline_color_jitter,4238,073.Blue_Jay/Blue_Jay_0061_63645.jpg,73,72,073.Blue_Jay,164,163,color_jitter,color_jitter,0,"{""brightness"":1.325288,""contrast"":1.155579,""hue"":-0.061074,""saturation"":1.27585}",1.21667,2.6088901,1.39222,0.29621491,0.073616222,0.29430357,0.3858383,0.0019113421,-0.31222208,-0.31413342,0.79822469,1.3625553,98.203607,133.80784,False,0.94592351,False,True,False,0.79822469,1.3625553,98.203607,133.80784,0.79190084,1.3639574,96.057568,131.01843,0.94186703,1.3311441,20.417934,27.179213,0.85654523,1.5079257,23.211845,35.001737,0.78217217,1.2950471,42.965429,55.642257,0.79989931,1.3776404,48.438784,66.731228,0.76813345,1.4440705,46.428882,67.046579,0.80265825,1.2903118,48.376458,62.420716
0b_color_jitter_best,file,15,baseline_color_jitter,4661,080.Green_Kingfisher/Green_Kingfisher_0059_71119.jpg,80,79,080.Green_Kingfisher,82,81,identity,identity,0,{},0.011550104,0.011550104,0,0.98851633,0.98851633,0.0086968699,0.0086968699,0.97981946,0.97981946,0,1,1,1.5746825,1.5746825,False,0.99999988,True,True,True,1,1,1.5746825,1.5746825,1,1,1.506562,1.506562,1,1,0.45814412,0.45814412,1,1,0.35379753,0.35379753,1,1,0.5680833,0.5680833,1,1,0.73096126,0.73096126,1,1,0.71919826,0.71919826,1,1,0.87766003,0.87766003
0b_color_jitter_best,file,15,baseline_color_jitter,4661,080.Green_Kingfisher/Green_Kingfisher_0059_71119.jpg,80,79,080.Green_Kingfisher,82,81,color_jitter,color_jitter,0,"{""brightness"":1.313456,""contrast"":1.195382,""hue"":0.095343,""saturation"":0.938106}",0.011550104,0.018868016,0.0073179118,0.98851633,0.98130888,0.0086968699,0.01307286,0.97981946,0.96823602,-0.011583444,0.74370717,1.8784761,1.5746825,2.9580034,False,0.96067452,True,True,True,0.74370717,1.8784761,1.5746825,2.9580034,0.72624032,1.8902937,1.506562,2.8478446,0.9504189,1.7455824,0.45814412,0.7997283,0.72781347,1.6885736,0.35379753,0.59741317,0.69260004,1.959626,0.5680833,1.1132308,0.71447223,1.9330395,0.73096126,1.412977,0.68065751,1.9619993,0.71919826,1.4110665,0.78520727,1.8110339,0.87766003,1.589472
0b_color_jitter_best,file,15,baseline_color_jitter,2841,050.Eared_Grebe/Eared_Grebe_0027_34341.jpg,50,49,050.Eared_Grebe,51,50,identity,identity,0,{},0.14843796,0.14843796,0,0.86205351,0.86205351,0.12208499,0.12208499,0.73996852,0.73996852,0,1,1,25.871464,25.871464,False,1.0000001,True,True,True,1,1,25.871464,25.871464,1,1,25.430776,25.430776,1,1,4.754817,4.754817,1,1,6.3532523,6.3532523,1,1,10.342142,10.342142,1,1,13.590253,13.590253,1,1,13.349699,13.349699,1,1,11.682946,11.682946
0b_color_jitter_best,file,15,baseline_color_jitter,2841,050.Eared_Grebe/Eared_Grebe_0027_34341.jpg,50,49,050.Eared_Grebe,51,50,color_jitter,color_jitter,0,"{""brightness"":1.135559,""contrast"":0.735603,""hue"":-0.072886,""saturation"":1.05125}",0.14843796,0.18804748,0.039609522,0.86205351,0.82857537,0.12208499,0.15026157,0.73996852,0.67831381,-0.061654717,0.91472068,1.3547528,25.871464,35.049439,False,0.98839271,True,True,True,0.91472068,1.3547528,25.871464,35.049439,0.91226278,1.3563994,25.430776,34.49429,0.98831553,1.3067722,4.754817,6.2134628,0.92553179,1.1995572,6.3532523,7.6210897,0.8617783,1.3922716,10.342142,14.39907,0.92213784,1.4232725,13.590253,19.342633,0.92877406,1.3700867,13.349699,18.290246,0.92023371,1.2573159,11.682946,14.689154
0b_color_jitter_best,file,15,baseline_color_jitter,6566,113.Baird_Sparrow/Baird_Sparrow_0008_106929.jpg,113,112,113.Baird_Sparrow,127,126,identity,identity,0,{},3.6310558,3.6310558,0,0.026488205,0.026488205,0.36572018,0.36572018,-0.33923198,-0.33923198,0,1,1,169.31351,169.31351,False,0.99999994,True,False,False,1,1,169.31351,169.31351,1,1,167.22906,167.22906,1,1,26.485977,26.485977,1,1,30.807957,30.807957,1,1,70.840729,70.840729,1,1,94.220448,94.220448,1,1,84.450465,84.450465,1,1,77.386337,77.386337
0b_color_jitter_best,file,15,baseline_color_jitter,6566,113.Baird_Sparrow/Baird_Sparrow_0008_106929.jpg,113,112,113.Baird_Sparrow,127,126,color_jitter,color_jitter,0,"{""brightness"":0.94238,""contrast"":1.14043,""hue"":-0.013657,""saturation"":0.655702}",3.6310558,3.430728,-0.20032787,0.026488205,0.032363378,0.36572018,0.1613072,-0.33923198,-0.12894382,0.21028815,0.87769798,0.91959128,169.31351,155.69923,False,0.98414779,False,False,False,0.87769798,0.91959128,169.31351,155.69923,0.87552671,0.91839501,167.22906,153.58233,0.96107943,0.96607496,26.485977,25.587439,0.87767618,0.88428664,30.807957,27.243065,0.8147346,0.84474379,70.840729,59.842266,0.88534119,0.91357253,94.220448,86.077214,0.88161689,0.9431438,84.450465,79.648933,0.90264742,0.95929327,77.386337,74.236193
0b_color_jitter_best,file,15,baseline_color_jitter,10350,176.Prairie_Warbler/Prairie_Warbler_0031_172818.jpg,176,175,176.Prairie_Warbler,182,181,identity,identity,0,{},0.85762405,0.85762405,0,0.42416871,0.42416871,0.22442921,0.22442921,0.1997395,0.1997395,0,1,1,81.641267,81.641267,False,1,True,True,True,1,1,81.641267,81.641267,1,1,79.419472,79.419472,1,1,18.916762,18.916762,1,1,15.544639,15.544639,1,1,33.153208,33.153208,1,1,45.633603,45.633603,1,1,37.085816,37.085816,1,1,38.844536,38.844536
0b_color_jitter_best,file,15,baseline_color_jitter,10350,176.Prairie_Warbler/Prairie_Warbler_0031_172818.jpg,176,175,176.Prairie_Warbler,182,181,color_jitter,color_jitter,0,"{""brightness"":0.820075,""contrast"":1.399327,""hue"":-0.065289,""saturation"":0.744931}",0.85762405,1.8598566,1.0022326,0.42416871,0.15569495,0.22442921,0.20467044,0.1997395,-0.048975497,-0.248715,0.85322719,1.4435215,81.641267,117.85092,False,0.96710479,False,True,False,0.85322719,1.4435215,81.641267,117.85092,0.8475819,1.443541,79.419472,114.64526,0.9527578,1.4431777,18.916762,27.30025,0.65474146,1.412756,15.544639,21.960782,0.8239176,1.4103742,33.153208,46.758428,0.89136413,1.4653962,45.633603,66.871307,0.82996868,1.4699764,37.085816,54.515275,0.85030287,1.417356,38.844536,55.056536
0b_color_jitter_best,file,15,baseline_color_jitter,7555,129.Song_Sparrow/Song_Sparrow_0121_121203.jpg,129,128,129.Song_Sparrow,22,21,identity,identity,0,{},4.506783,4.506783,0,0.0110339,0.0110339,0.32832715,0.32832715,-0.31729325,-0.31729325,0,1,1,132.74636,132.74636,False,1,True,False,False,1,1,132.74636,132.74636,1,1,130.07134,130.07134,1,1,26.51496,26.51496,1,1,25.541529,25.541529,1,1,56.433713,56.433713,1,1,73.314777,73.314777,1,1,61.307161,61.307161,1,1,62.831487,62.831487
0b_color_jitter_best,file,15,baseline_color_jitter,7555,129.Song_Sparrow/Song_Sparrow_0121_121203.jpg,129,128,129.Song_Sparrow,22,21,color_jitter,color_jitter,0,"{""brightness"":0.953883,""contrast"":1.2308,""hue"":-0.045173,""saturation"":1.334377}",4.506783,4.531096,0.024312973,0.0110339,0.010768869,0.32832715,0.24213821,-0.31729325,-0.23136934,0.085923911,0.87544218,0.94893425,132.74636,125.96757,False,0.97625661,True,False,False,0.87544218,0.94893425,132.74636,125.96757,0.87135768,0.94762605,130.07134,123.25899,0.97096877,0.97988907,26.51496,25.98172,0.82919062,1.0084591,25.541529,25.757588,0.80823254,0.86960457,56.433713,49.075015,0.89985674,0.92578534,73.314777,67.873746,0.87090871,0.97330078,61.307161,59.670307,0.89156992,1.000732,62.831487,62.877481
0b_color_jitter_best,file,15,baseline_color_jitter,1074,020.Yellow_breasted_Chat/Yellow_Breasted_Chat_0044_22106.jpg,20,19,020.Yellow_breasted_Chat,200,199,identity,identity,0,{},0.0031188915,0.0031188915,0,0.99688596,0.99688596,0.0010151067,0.0010151067,0.99587085,0.99587085,0,1,1,0.3608415,0.3608415,False,1,True,True,True,1,1,0.3608415,0.3608415,1,1,0.34895445,0.34895445,1,1,0.09185521,0.09185521,1,1,0.070350157,0.070350157,1,1,0.12632482,0.12632482,1,1,0.1526156,0.1526156,1,1,0.18211733,0.18211733,1,1,0.21072223,0.21072223
0b_color_jitter_best,file,15,baseline_color_jitter,1074,020.Yellow_breasted_Chat/Yellow_Breasted_Chat_0044_22106.jpg,20,19,020.Yellow_breasted_Chat,200,199,color_jitter,color_jitter,0,"{""brightness"":1.063165,""contrast"":0.879768,""hue"":-0.061573,""saturation"":0.709538}",0.0031188915,0.0036379602,0.00051906868,0.99688596,0.99636865,0.0010151067,0.00099285995,0.99587085,0.99537579,-0.00049506198,0.85441473,1.1578208,0.3608415,0.41778981,False,0.99122775,True,True,True,0.85441473,1.1578208,0.3608415,0.41778981,0.84558924,1.1588298,0.34895445,0.40437881,0.98360512,1.1431605,0.09185521,0.10500525,0.72416501,1.0139837,0.070350157,0.071333915,0.74326581,1.1981747,0.12632482,0.1513592,0.76653872,1.1318228,0.1526156,0.17273382,0.86424698,1.138171,0.18211733,0.20728067,0.92172411,1.1884996,0.21072223,0.25044328
0b_color_jitter_best,file,15,baseline_color_jitter,7464,128.Seaside_Sparrow/Seaside_Sparrow_0051_796522.jpg,128,127,128.Seaside_Sparrow,126,125,identity,identity,0,{},0.0001386308,0.0001386308,0,0.99986136,0.99986136,5.6123892e-05,5.6123892e-05,0.99980524,0.99980524,0,1,1,0.017103865,0.017103865,False,1,True,True,True,1,1,0.017103865,0.017103865,1,1,0.01623083,0.01623083,1,1,0.0053946581,0.0053946581,1,1,0.0022122484,0.0022122484,1,1,0.0055139968,0.0055139968,1,1,0.0080738761,0.0080738761,1,1,0.0077005716,0.0077005716,1,1,0.010181128,0.010181128
0b_color_jitter_best,file,15,baseline_color_jitter,7464,128.Seaside_Sparrow/Seaside_Sparrow_0051_796522.jpg,128,127,128.Seaside_Sparrow,126,125,color_jitter,color_jitter,0,"{""brightness"":1.207109,""contrast"":0.687895,""hue"":-0.011984,""saturation"":1.20612}",0.0001386308,0.00012611547,-1.2515331e-05,0.99986136,0.99987388,5.6123892e-05,4.6896002e-05,0.99980524,0.99982698,2.1744865e-05,0.93719748,0.93343464,0.017103865,0.01596534,False,0.99781203,True,True,True,0.93719748,0.93343464,0.017103865,0.01596534,0.93085691,0.93544292,0.01623083,0.015183015,0.99607777,0.91505478,0.0053946581,0.0049364077,0.83123677,1.1105525,0.0022122484,0.002456818,0.88132588,1.0417897,0.0055139968,0.0057444252,0.92478907,0.97112528,0.0080738761,0.0078407452,0.92798075,0.90479216,0.0077005716,0.0069674169,0.96444878,0.88653526,0.010181128,0.0090259293
0b_color_jitter_best,file,15,baseline_color_jitter,8913,152.Blue_headed_Vireo/Blue_Headed_Vireo_0122_156017.jpg,152,151,152.Blue_headed_Vireo,179,178,identity,identity,0,{},0.2058765,0.2058765,0,0.81393361,0.81393361,0.045239668,0.045239668,0.76869394,0.76869394,0,1,1,37.436433,37.436433,False,1,True,True,True,1,1,37.436433,37.436433,1,1,37.012111,37.012111,1,1,5.6205085,5.6205085,1,1,6.153904,6.153904,1,1,17.758362,17.758362,1,1,21.365517,21.365517,1,1,18.147254,18.147254,1,1,15.19402,15.19402
0b_color_jitter_best,file,15,baseline_color_jitter,8913,152.Blue_headed_Vireo/Blue_Headed_Vireo_0122_156017.jpg,152,151,152.Blue_headed_Vireo,179,178,color_jitter,color_jitter,0,"{""brightness"":1.216142,""contrast"":0.966841,""hue"":-0.009495,""saturation"":0.97909}",0.2058765,0.26338542,0.057508916,0.81393361,0.76844567,0.045239668,0.053038992,0.76869394,0.71540668,-0.053287264,0.92768373,1.1242358,37.436433,42.087379,False,0.99371284,True,True,True,0.92768373,1.1242358,37.436433,42.087379,0.92615788,1.1214384,37.012111,41.506801,0.99208421,1.2394883,5.6205085,6.9665548,0.7739094,1.3429061,6.153904,8.2641155,0.91603383,0.97861646,17.758362,17.378626,0.94447158,1.1396398,21.365517,24.348995,0.92917615,1.1393106,18.147254,20.67536,0.94174959,1.1994988,15.19402,18.225209
0b_color_jitter_best,file,15,baseline_color_jitter,3196,056.Pine_Grosbeak/Pine_Grosbeak_0104_38362.jpg,56,55,056.Pine_Grosbeak,35,34,identity,identity,0,{},0.0011559002,0.0011559002,0,0.99884474,0.99884474,0.00092665287,0.00092665287,0.99791809,0.99791809,0,1,1,0.21595245,0.21595245,False,0.99999988,True,True,True,1,1,0.21595245,0.21595245,1,1,0.20897952,0.20897952,1,1,0.054433659,0.054433659,1,1,0.037899712,0.037899712,1,1,0.093479413,0.093479413,1,1,0.11101207,0.11101207,1,1,0.099907819,0.099907819,1,1,0.10579412,0.10579412
0b_color_jitter_best,file,15,baseline_color_jitter,3196,056.Pine_Grosbeak/Pine_Grosbeak_0104_38362.jpg,56,55,056.Pine_Grosbeak,35,34,color_jitter,color_jitter,0,"{""brightness"":1.071948,""contrast"":0.827001,""hue"":-0.062523,""saturation"":1.223774}",0.0011559002,0.0035973378,0.0024414376,0.99884474,0.99640912,0.00092665287,0.0027358243,0.99791809,0.99367329,-0.0042447961,0.89738493,3.0934282,0.21595245,0.6680334,False,0.99138111,True,True,True,0.89738493,3.0934282,0.21595245,0.6680334,0.89161935,3.1050243,0.20897952,0.64888648,0.98948045,2.9171695,0.054433659,0.15879221,0.70756825,3.1141995,0.037899712,0.11802726,0.8871497,2.9014627,0.093479413,0.27122703,0.89207846,3.0560896,0.11101207,0.33926285,0.8941981,3.2894386,0.099907819,0.32864063,0.91840439,3.1414596,0.10579412,0.33234797
0b_color_jitter_best,file,15,baseline_color_jitter,8123,139.Scarlet_Tanager/Scarlet_Tanager_0040_137885.jpg,139,138,139.Scarlet_Tanager,191,190,identity,identity,0,{},0.041890606,0.041890606,0,0.95897466,0.95897466,0.01623548,0.01623548,0.94273918,0.94273918,0,1,1,5.6611701,5.6611701,False,1,True,True,True,1,1,5.6611701,5.6611701,1,1,5.5529332,5.5529332,1,1,1.1017167,1.1017167,1,1,1.4749894,1.4749894,1,1,2.2891648,2.2891648,1,1,2.6290772,2.6290772,1,1,2.9374367,2.9374367,1,1,2.8068873,2.8068873
0b_color_jitter_best,file,15,baseline_color_jitter,8123,139.Scarlet_Tanager/Scarlet_Tanager_0040_137885.jpg,139,138,139.Scarlet_Tanager,191,190,color_jitter,color_jitter,0,"{""brightness"":0.629566,""contrast"":1.174097,""hue"":-0.092755,""saturation"":0.736296}",0.041890606,0.19921577,0.15732516,0.95897466,0.81937307,0.01623548,0.046528302,0.94273918,0.77284477,-0.16989441,0.67557945,4.5609678,5.6611701,25.820415,False,0.92634612,True,True,True,0.67557945,4.5609678,5.6611701,25.820415,0.66645311,4.5647395,5.5529332,25.347694,0.91281624,4.4640812,1.1017167,4.9181527,0.39961915,5.2758619,1.4749894,7.7818407,0.61861613,4.6860891,2.2891648,10.72723,0.65007664,4.8214525,2.6290772,12.675971,0.69443735,4.3298697,2.9374367,12.718718,0.78318779,4.2815624,2.8068873,12.017863
0b_color_jitter_best,file,15,baseline_color_jitter,7080,121.Grasshopper_Sparrow/Grasshopper_Sparrow_0026_115915.jpg,121,120,121.Grasshopper_Sparrow,119,118,identity,identity,0,{},0.0038658662,0.0038658662,0,0.99614161,0.99614161,0.0014586728,0.0014586728,0.99468294,0.99468294,0,1,1,0.54802924,0.54802924,False,0.99999988,True,True,True,1,1,0.54802924,0.54802924,1,1,0.53061967,0.53061967,1,1,0.13703583,0.13703583,1,1,0.078409646,0.078409646,1,1,0.1848302,0.1848302,1,1,0.24688006,0.24688006,1,1,0.26846425,0.26846425,1,1,0.32897437,0.32897437
0b_color_jitter_best,file,15,baseline_color_jitter,7080,121.Grasshopper_Sparrow/Grasshopper_Sparrow_0026_115915.jpg,121,120,121.Grasshopper_Sparrow,119,118,color_jitter,color_jitter,0,"{""brightness"":0.604405,""contrast"":1.127468,""hue"":-0.052333,""saturation"":0.963408}",0.0038658662,0.0044413973,0.00057553104,0.99614161,0.99556845,0.0014586728,0.0024356351,0.99468294,0.99313282,-0.0015501205,0.86271481,1.2533176,0.54802924,0.68685471,False,0.99380839,True,True,True,0.86271481,1.2533176,0.54802924,0.68685471,0.85519031,1.256526,0.53061967,0.66673739,0.98116944,1.2041894,0.13703583,0.1650171,0.53137528,1.7717811,0.078409646,0.13892473,0.77938132,1.3327279,0.1848302,0.24632838,0.85177013,1.373918,0.24688006,0.33919295,0.869472,1.226834,0.26846425,0.32936107,0.91524793,1.1415484,0.32897437,0.37554018
0b_color_jitter_best,file,15,baseline_color_jitter,3435,060.Glaucous_winged_Gull/Glaucous_Winged_Gull_0023_45090.jpg,60,59,060.Glaucous_winged_Gull,61,60,identity,identity,0,{},5.4239421,5.4239421,0,0.0044097281,0.0044097281,0.41592202,0.41592202,-0.41151229,-0.41151229,0,1,1,115.66834,115.66834,False,1,True,False,False,1,1,115.66834,115.66834,1,1,111.72817,111.72817,1,1,29.932956,29.932956,1,1,31.44038,31.44038,1,1,43.141295,43.141295,1,1,49.724872,49.724872,1,1,57.86518,57.86518,1,1,61.746034,61.746034
0b_color_jitter_best,file,15,baseline_color_jitter,3435,060.Glaucous_winged_Gull/Glaucous_Winged_Gull_0023_45090.jpg,60,59,060.Glaucous_winged_Gull,61,60,color_jitter,color_jitter,0,"{""brightness"":1.209485,""contrast"":0.907526,""hue"":0.096314,""saturation"":1.274114}",5.4239421,4.8873153,-0.53662682,0.0044097281,0.0075416421,0.41592202,0.15191765,-0.41151229,-0.14437601,0.26713628,0.73844037,1.127797,115.66834,130.45041,False,0.9773441,False,False,False,0.73844037,1.127797,115.66834,130.45041,0.72767753,1.1334404,111.72817,126.63722,0.90315916,1.0460083,29.932956,31.310121,0.6633671,0.97339661,31.44038,30.603959,0.61119026,1.0687359,43.141295,46.106653,0.65737891,1.1982101,49.724872,59.580846,0.77480783,1.1506214,57.86518,66.580916,0.80439871,1.1442307,61.746034,70.651705
0b_color_jitter_best,file,15,baseline_color_jitter,6277,108.White_necked_Raven/White_Necked_Raven_0018_102746.jpg,108,107,108.White_necked_Raven,107,106,identity,identity,0,{},2.2821746,2.2821746,0,0.10206203,0.10206203,0.82465303,0.82465303,-0.722591,-0.722591,0,1,1,146.67496,146.67496,False,0.99999982,True,False,False,1,1,146.67496,146.67496,1,1,142.53299,142.53299,1,1,34.610561,34.610561,1,1,29.752544,29.752544,1,1,60.96205,60.96205,1,1,74.329718,74.329718,1,1,67.805469,67.805469,1,1,74.77687,74.77687
0b_color_jitter_best,file,15,baseline_color_jitter,6277,108.White_necked_Raven/White_Necked_Raven_0018_102746.jpg,108,107,108.White_necked_Raven,107,106,color_jitter,color_jitter,0,"{""brightness"":1.364056,""contrast"":0.633664,""hue"":0.091883,""saturation"":1.217216}",2.2821746,2.7973483,0.51517367,0.10206203,0.060971521,0.82465303,0.77260113,-0.722591,-0.71162961,0.010961391,0.76198144,1.1112495,146.67496,162.99248,False,0.94749415,True,False,False,0.76198144,1.1112495,146.67496,162.99248,0.75234597,1.1166318,142.53299,159.15687,0.94489685,1.0156338,34.610561,35.151655,0.51054095,1.671361,29.752544,49.727243,0.76900403,1.1665804,60.96205,71.117136,0.75065544,1.1550009,74.329718,85.850892,0.7625909,1.0158321,67.805469,68.878974,0.82043385,1.0083878,74.77687,75.404082
0b_color_jitter_best,file,15,baseline_color_jitter,6248,107.Common_Raven/Common_Raven_0068_101216.jpg,107,106,107.Common_Raven,29,28,identity,identity,0,{},0.47282499,0.47282499,0,0.62323916,0.62323916,0.11192231,0.11192231,0.51131685,0.51131685,0,1,1,50.531326,50.531326,False,1,True,True,True,1,1,50.531326,50.531326,1,1,49.448413,49.448413,1,1,10.405254,10.405254,1,1,13.510623,13.510623,1,1,19.828543,19.828543,1,1,27.360822,27.360822,1,1,23.669433,23.669433,1,1,23.676589,23.676589
0b_color_jitter_best,file,15,baseline_color_jitter,6248,107.Common_Raven/Common_Raven_0068_101216.jpg,107,106,107.Common_Raven,29,28,color_jitter,color_jitter,0,"{""brightness"":1.075442,""contrast"":1.367551,""hue"":-0.008253,""saturation"":1.028825}",0.47282499,0.77056986,0.29774487,0.62323916,0.46274927,0.11192231,0.13179731,0.51131685,0.33095196,-0.18036489,0.90853554,1.5635885,50.531326,79.010201,False,0.99281889,True,True,True,0.90853554,1.5635885,50.531326,79.010201,0.90571796,1.5719158,49.448413,77.728741,0.99097219,1.3620349,10.405254,14.172318,0.90184298,1.6142981,13.510623,21.810173,0.88520491,1.6390031,19.828543,32.499044,0.90829389,1.6096726,27.360822,44.041965,0.90108324,1.5537387,23.669433,36.776114,0.92727324,1.4738475,23.676589,34.89568
0b_color_jitter_best,file,15,baseline_color_jitter,1241,023.Brandt_Cormorant/Brandt_Cormorant_0067_23352.jpg,23,22,023.Brandt_Cormorant,100,99,identity,identity,0,{},0.91553974,0.91553974,0,0.40030053,0.40030053,0.078175686,0.078175686,0.32212485,0.32212485,0,1,1,78.357283,78.357283,False,1,True,True,True,1,1,78.357283,78.357283,1,1,76.846883,76.846883,1,1,15.310792,15.310792,1,1,16.52066,16.52066,1,1,31.490369,31.490369,1,1,36.5518,36.5518,1,1,39.880174,39.880174,1,1,41.405381,41.405381
0b_color_jitter_best,file,15,baseline_color_jitter,1241,023.Brandt_Cormorant/Brandt_Cormorant_0067_23352.jpg,23,22,023.Brandt_Cormorant,100,99,color_jitter,color_jitter,0,"{""brightness"":1.197676,""contrast"":0.995009,""hue"":0.087631,""saturation"":0.707859}",0.91553974,0.81538033,-0.10015941,0.40030053,0.44247103,0.078175686,0.057865199,0.32212485,0.38460583,0.062480982,0.8774968,0.87248689,78.357283,68.365702,False,0.98883164,True,True,True,0.8774968,0.87248689,78.357283,68.365702,0.87286058,0.86747219,76.846883,66.662534,0.98717644,0.99047475,15.310792,15.164953,0.8418073,0.84465246,16.52066,13.954216,0.84407071,0.83807074,31.490369,26.391157,0.84044877,0.88135863,36.5518,32.215244,0.87892246,0.843029,39.880174,33.620143,0.91379905,0.89866249,41.405381,37.209463
0b_color_jitter_best,file,15,baseline_color_jitter,11303,192.Downy_Woodpecker/Downy_Woodpecker_0123_184692.jpg,192,191,192.Downy_Woodpecker,190,189,identity,identity,0,{},3.0077,3.0077,0,0.049405176,0.049405176,0.078796647,0.078796647,-0.029391471,-0.029391471,0,1,1,187.91413,187.91413,False,1.0000001,True,False,False,1,1,187.91413,187.91413,1,1,185.88136,185.88136,1,1,27.565217,27.565217,1,1,51.443331,51.443331,1,1,68.162299,68.162299,1,1,106.9587,106.9587,1,1,96.706383,96.706383,1,1,80.418134,80.418134
0b_color_jitter_best,file,15,baseline_color_jitter,11303,192.Downy_Woodpecker/Downy_Woodpecker_0123_184692.jpg,192,191,192.Downy_Woodpecker,190,189,color_jitter,color_jitter,0,"{""brightness"":0.70472,""contrast"":1.075048,""hue"":-0.034083,""saturation"":0.741194}",3.0077,2.1444907,-0.86320925,0.049405176,0.11712766,0.078796647,0.039836239,-0.029391471,0.077291418,0.10668289,0.90069769,1.03247,187.91413,194.0157,False,0.98485208,False,False,True,0.90069769,1.03247,187.91413,194.0157,0.89930364,1.035168,185.88136,192.41844,0.98199364,0.90128785,27.565217,24.844196,0.59287336,1.0429543,51.443331,53.653042,0.88875304,1.1256496,68.162299,76.726862,0.94012766,1.0395187,106.9587,111.18557,0.92715349,1.0040717,96.706383,97.100146,0.92682682,1.0001121,80.418134,80.42715
0b_color_jitter_best,file,15,baseline_color_jitter,6956,119.Field_Sparrow/Field_Sparrow_0013_113599.jpg,119,118,119.Field_Sparrow,130,129,identity,identity,0,{},0.0014811509,0.0014811509,0,0.99851996,0.99851996,0.00079339917,0.00079339917,0.99772656,0.99772656,0,1,1,0.2239447,0.2239447,False,1.0000001,True,True,True,1,1,0.2239447,0.2239447,1,1,0.21254685,0.21254685,1,1,0.070534154,0.070534154,1,1,0.057072533,0.057072533,1,1,0.091352455,0.091352455,1,1,0.1056898,0.1056898,1,1,0.099571827,0.099571827,1,1,0.111753,0.111753
0b_color_jitter_best,file,15,baseline_color_jitter,6956,119.Field_Sparrow/Field_Sparrow_0013_113599.jpg,119,118,119.Field_Sparrow,130,129,color_jitter,color_jitter,0,"{""brightness"":0.804185,""contrast"":1.117062,""hue"":0.059129,""saturation"":1.092743}",0.0014811509,0.0023273544,0.00084620353,0.99851996,0.99767536,0.00079339917,0.00057284487,0.99772656,0.99710251,-0.00062404352,0.82439416,1.6799804,0.2239447,0.3762227,False,0.9908486,True,True,True,0.82439416,1.6799804,0.2239447,0.3762227,0.81392977,1.7021829,0.21254685,0.36179362,0.94359329,1.4630287,0.070534154,0.10319349,0.70837773,1.2767463,0.057072533,0.072867145,0.76405784,1.9163904,0.091352455,0.17506697,0.79406456,1.6953997,0.1056898,0.17918646,0.83278673,1.7112844,0.099571827,0.17039571,0.88866868,1.6449817,0.111753,0.18383164
0b_color_jitter_best,file,15,baseline_color_jitter,9150,156.White_eyed_Vireo/White_Eyed_Vireo_0118_159036.jpg,156,155,156.White_eyed_Vireo,165,164,identity,identity,0,{},0.00038223114,0.00038223114,0,0.99961782,0.99961782,8.2791594e-05,8.2791594e-05,0.99953502,0.99953502,0,1,1,0.059897742,0.059897742,False,0.99999994,True,True,True,1,1,0.059897742,0.059897742,1,1,0.058322098,0.058322098,1,1,0.013648162,0.013648162,1,1,0.0090919861,0.0090919861,1,1,0.018990891,0.018990891,1,1,0.030425072,0.030425072,1,1,0.03194291,0.03194291,1,1,0.031813747,0.031813747
0b_color_jitter_best,file,15,baseline_color_jitter,9150,156.White_eyed_Vireo/White_Eyed_Vireo_0118_159036.jpg,156,155,156.White_eyed_Vireo,165,164,color_jitter,color_jitter,0,"{""brightness"":0.766892,""contrast"":1.370634,""hue"":-0.094857,""saturation"":0.725569}",0.00038223114,0.0011101757,0.0007279446,0.99961782,0.99889046,8.2791594e-05,0.00070752978,0.99953502,0.99818293,-0.0013520937,0.74692513,3.5851504,0.059897742,0.21474241,False,0.98030937,True,True,True,0.74692513,3.5851504,0.059897742,0.21474241,0.73875063,3.5976054,0.058322098,0.2098199,0.90906458,3.3495766,0.013648162,0.045715563,0.68563402,4.3490716,0.0090919861,0.039541699,0.62378367,5.0541674,0.018990891,0.09598314,0.73268758,3.750619,0.030425072,0.11411285,0.76442739,3.1475125,0.03194291,0.10054071,0.83055683,3.1617712,0.031813747,0.10058779
0b_color_jitter_best,file,15,baseline_color_jitter,1514,027.Shiny_Cowbird/Shiny_Cowbird_0062_24271.jpg,27,26,027.Shiny_Cowbird,30,29,identity,identity,0,{},0.16228235,0.16228235,0,0.85020113,0.85020113,0.082597829,0.082597829,0.7676033,0.7676033,0,1,1,22.272667,22.272667,False,1,True,True,True,1,1,22.272667,22.272667,1,1,21.520181,21.520181,1,1,5.7405143,5.7405143,1,1,4.6402626,4.6402626,1,1,8.0502035,8.0502035,1,1,10.821634,10.821634,1,1,11.097297,11.097297,1,1,11.684288,11.684288
0b_color_jitter_best,file,15,baseline_color_jitter,1514,027.Shiny_Cowbird/Shiny_Cowbird_0062_24271.jpg,27,26,027.Shiny_Cowbird,30,29,color_jitter,color_jitter,0,"{""brightness"":1.23957,""contrast"":0.690919,""hue"":0.079061,""saturation"":1.112384}",0.16228235,0.36407477,0.20179242,0.85020113,0.69483924,0.082597829,0.21217795,0.7676033,0.48266129,-0.28494201,0.7956038,2.1691729,22.272667,48.313266,False,0.96423221,True,True,True,0.7956038,2.1691729,22.272667,48.313266,0.78698108,2.1889814,21.520181,47.107275,0.94695411,1.8687111,5.7405143,10.727363,0.64127634,2.4285022,4.6402626,11.268888,0.69011434,2.4673072,8.0502035,19.862325,0.79270738,2.2776071,10.821634,24.647431,0.81216889,2.0785324,11.097297,23.066092,0.84994294,2.0217911,11.684288,23.62319
0b_color_jitter_best,file,15,baseline_color_jitter,1639,029.American_Crow/American_Crow_0062_25587.jpg,29,28,029.American_Crow,107,106,identity,identity,0,{},0.58645803,0.58645803,0,0.5562942,0.5562942,0.354669,0.354669,0.2016252,0.2016252,0,1,1,77.199909,77.199909,False,0.99999988,True,True,True,1,1,77.199909,77.199909,1,1,75.462558,75.462558,1,1,16.285832,16.285832,1,1,34.539334,34.539334,1,1,32.025335,32.025335,1,1,34.125238,34.125238,1,1,34.204264,34.204264,1,1,33.786778,33.786778
0b_color_jitter_best,file,15,baseline_color_jitter,1639,029.American_Crow/American_Crow_0062_25587.jpg,29,28,029.American_Crow,107,106,color_jitter,color_jitter,0,"{""brightness"":0.809822,""contrast"":0.820395,""hue"":-0.090033,""saturation"":1.245976}",0.58645803,0.62252897,0.036070943,0.5562942,0.53658569,0.354669,0.3422274,0.2016252,0.19435829,-0.0072669089,0.8868908,1.0378558,77.199909,80.122372,False,0.98879671,True,True,True,0.8868908,1.0378558,77.199909,80.122372,0.88220015,1.0378654,75.462558,78.319976,0.98762261,1.0376497,16.285832,16.898989,0.95007295,0.77258842,34.539334,26.68469,0.8107844,1.2315047,32.025335,39.439349,0.87667391,1.1024982,34.125238,37.623013,0.90851619,1.0237167,34.204264,35.015475,0.93075527,1.0358698,33.786778,34.998702
0b_color_jitter_best,file,15,baseline_color_jitter,1375,025.Pelagic_Cormorant/Pelagic_Cormorant_0044_23536.jpg,25,24,025.Pelagic_Cormorant,23,22,identity,identity,0,{},0.054949444,0.054949444,0,0.94653302,0.94653302,0.029596029,0.029596029,0.916937,0.916937,0,1,1,5.683659,5.683659,False,0.99999994,True,True,True,1,1,5.683659,5.683659,1,1,5.3649499,5.3649499,1,1,1.8765105,1.8765105,1,1,0.9242918,0.9242918,1,1,1.8707562,1.8707562,1,1,2.4790378,2.4790378,1,1,2.7115951,2.7115951,1,1,3.3060955,3.3060955
0b_color_jitter_best,file,15,baseline_color_jitter,1375,025.Pelagic_Cormorant/Pelagic_Cormorant_0044_23536.jpg,25,24,025.Pelagic_Cormorant,23,22,color_jitter,color_jitter,0,"{""brightness"":0.947381,""contrast"":0.673893,""hue"":-0.006337,""saturation"":0.957465}",0.054949444,0.056966938,0.0020174943,0.94653302,0.94462532,0.029596029,0.033161696,0.916937,0.91146362,-0.0054733735,0.88826162,1.3051835,5.683659,7.4182177,False,0.99309492,True,True,True,0.88826162,1.3051835,5.683659,7.4182177,0.87781471,1.3211739,5.3649499,7.088032,0.9912325,1.1662876,1.8765105,2.188551,0.81202337,1.8039859,0.9242918,1.6674094,0.81184916,1.6829474,1.8707562,3.1483843,0.8609916,1.4013791,2.4790378,3.4740717,0.90664798,1.2434419,2.7115951,3.371711,0.937537,1.136183,3.3060955,3.7563295
0b_color_jitter_best,file,15,baseline_color_jitter,4127,071.Long_tailed_Jaeger/Long_Tailed_Jaeger_0062_797104.jpg,71,70,071.Long_tailed_Jaeger,72,71,identity,identity,0,{},0.27760124,0.27760124,0,0.75759888,0.75759888,0.14464937,0.14464937,0.61294951,0.61294951,0,1,1,45.233819,45.233819,False,1,True,True,True,1,1,45.233819,45.233819,1,1,44.51614,44.51614,1,1,8.0256826,8.0256826,1,1,10.268249,10.268249,1,1,20.565373,20.565373,1,1,23.1286,23.1286,1,1,22.33703,22.33703,1,1,20.480238,20.480238
0b_color_jitter_best,file,15,baseline_color_jitter,4127,071.Long_tailed_Jaeger/Long_Tailed_Jaeger_0062_797104.jpg,71,70,071.Long_tailed_Jaeger,72,71,color_jitter,color_jitter,0,"{""brightness"":1.045974,""contrast"":0.75179,""hue"":0.044061,""saturation"":1.277546}",0.27760124,0.16761854,-0.1099827,0.75759888,0.84567636,0.14464937,0.085514016,0.61294951,0.76016235,0.14721284,0.93594337,0.61129652,45.233819,27.651276,False,0.98892653,True,True,True,0.93594337,0.61129652,45.233819,27.651276,0.93425485,0.61070262,44.51614,27.186124,0.98676512,0.62929459,8.0256826,5.0505186,0.90599781,0.58181578,10.268249,5.9742294,0.92404363,0.64138783,20.565373,13.19038,0.92803297,0.597672,23.1286,13.823317,0.94337534,0.60022238,22.33703,13.407186,0.95073449,0.61486102,20.480238,12.5925
0b_color_jitter_best,file,15,baseline_color_jitter,6533,112.Great_Grey_Shrike/Great_Grey_Shrike_0063_797042.jpg,112,111,112.Great_Grey_Shrike,111,110,identity,identity,0,{},0.79100281,0.79100281,0,0.45338988,0.45338988,0.2460098,0.2460098,0.20738009,0.20738009,0,1,1,78.132211,78.132211,False,0.99999988,True,True,True,1,1,78.132211,78.132211,1,1,75.757374,75.757374,1,1,19.11708,19.11708,1,1,16.724346,16.724346,1,1,32.403036,32.403036,1,1,37.202096,37.202096,1,1,38.619145,38.619145,1,1,39.167395,39.167395
0b_color_jitter_best,file,15,baseline_color_jitter,6533,112.Great_Grey_Shrike/Great_Grey_Shrike_0063_797042.jpg,112,111,112.Great_Grey_Shrike,111,110,color_jitter,color_jitter,0,"{""brightness"":0.715802,""contrast"":1.213417,""hue"":0.053457,""saturation"":1.35239}",0.79100281,0.87441385,0.083411038,0.45338988,0.41710645,0.2460098,0.31302875,0.20738009,0.1040777,-0.10330239,0.89343938,1.12244,78.132211,87.698721,False,0.9895978,True,True,True,0.89343938,1.12244,78.132211,87.698721,0.88787285,1.1243146,75.757374,85.175124,0.98373945,1.0925796,19.11708,20.886933,0.36831488,1.0176651,16.724346,17.019784,0.85845106,1.1572813,32.403036,37.499429,0.90896875,1.0984018,37.202096,40.86285,0.92339117,1.1268857,38.619145,43.519364,0.94166472,1.1404337,39.167395,44.667818
0b_color_jitter_best,file,15,baseline_color_jitter,7844,134.Cape_Glossy_Starling/Cape_Glossy_Starling_0046_129434.jpg,134,133,134.Cape_Glossy_Starling,26,25,identity,identity,0,{},0.012549245,0.012549245,0,0.98752916,0.98752916,0.0086304601,0.0086304601,0.9788987,0.9788987,0,1,1,2.0169983,2.0169983,False,0.99999994,True,True,True,1,1,2.0169983,2.0169983,1,1,1.9699622,1.9699622,1,1,0.43304846,0.43304846,1,1,0.48013124,0.48013124,1,1,0.88836775,0.88836775,1,1,1.0605289,1.0605289,1,1,0.92520051,0.92520051,1,1,0.93824854,0.93824854
0b_color_jitter_best,file,15,baseline_color_jitter,7844,134.Cape_Glossy_Starling/Cape_Glossy_Starling_0046_129434.jpg,134,133,134.Cape_Glossy_Starling,26,25,color_jitter,color_jitter,0,"{""brightness"":0.9508,""contrast"":1.212229,""hue"":0.054505,""saturation"":0.678436}",0.012549245,0.033013571,0.020464326,0.98752916,0.96752542,0.0086304601,0.016581438,0.9788987,0.95094398,-0.027954714,0.8844986,2.9186032,2.0169983,5.8868176,False,0.98733938,True,True,True,0.8844986,2.9186032,2.0169983,5.8868176,0.88173322,2.9356574,1.9699622,5.7831342,0.95954137,2.5401112,0.43304846,1.0999913,0.83660178,3.4181788,0.48013124,1.6411744,0.84067637,3.1112541,0.88836775,2.7639378,0.90320714,3.0571687,1.0605289,3.2422157,0.88872439,2.7565258,0.92520051,2.5503391,0.91480472,2.6314304,0.93824854,2.4689357
0b_color_jitter_best,file,15,baseline_color_jitter,8500,145.Elegant_Tern/Elegant_Tern_0052_150695.jpg,145,144,145.Elegant_Tern,143,142,identity,identity,0,{},2.5813861,2.5813861,0,0.07566905,0.07566905,0.34980878,0.34980878,-0.27413973,-0.27413973,0,1,1,133.86143,133.86143,False,1,True,False,False,1,1,133.86143,133.86143,1,1,130.55866,130.55866,1,1,29.551945,29.551945,1,1,29.256161,29.256161,1,1,58.153164,58.153164,1,1,69.51553,69.51553,1,1,64.583922,64.583922,1,1,61.679487,61.679487
0b_color_jitter_best,file,15,baseline_color_jitter,8500,145.Elegant_Tern/Elegant_Tern_0052_150695.jpg,145,144,145.Elegant_Tern,143,142,color_jitter,color_jitter,0,"{""brightness"":0.829012,""contrast"":1.005591,""hue"":-0.029311,""saturation"":1.267333}",2.5813861,2.7577226,0.17633653,0.07566905,0.063436069,0.34980878,0.35160071,-0.27413973,-0.28816464,-0.014024906,0.93116,0.95215329,133.86143,127.4566,False,0.99482203,True,False,False,0.93116,0.95215329,133.86143,127.4566,0.92804293,0.9528085,130.55866,124.3974,0.99296705,0.93927326,29.551945,27.757352,0.78867523,0.75179116,29.256161,21.994523,0.88270036,0.91394625,58.153164,53.148866,0.9498597,0.98448731,69.51553,68.437157,0.94456842,0.96767584,64.583922,62.496301,0.95027124,0.96962045,61.679487,59.805692
0b_color_jitter_best,file,15,baseline_color_jitter,7770,133.White_throated_Sparrow/White_Throated_Sparrow_0124_128801.jpg,133,132,133.White_throated_Sparrow,119,118,identity,identity,0,{},4.8103008,4.8103008,0,0.0081454068,0.0081454068,0.7694422,0.7694422,-0.76129679,-0.76129679,0,1,1,223.14168,223.14168,False,0.99999994,True,False,False,1,1,223.14168,223.14168,1,1,219.08796,219.08796,1,1,42.340011,42.340011,1,1,52.341551,52.341551,1,1,93.257394,93.257394,1,1,113.44694,113.44694,1,1,110.96435,110.96435,1,1,106.67547,106.67547
0b_color_jitter_best,file,15,baseline_color_jitter,7770,133.White_throated_Sparrow/White_Throated_Sparrow_0124_128801.jpg,133,132,133.White_throated_Sparrow,119,118,color_jitter,color_jitter,0,"{""brightness"":1.100559,""contrast"":0.734844,""hue"":0.028579,""saturation"":0.80646}",4.8103008,4.8484254,0.038124561,0.0081454068,0.0078407126,0.7694422,0.61167568,-0.76129679,-0.60383497,0.15746183,0.92780822,0.89751098,223.14168,200.27211,False,0.99208903,True,False,False,0.92780822,0.89751098,223.14168,200.27211,0.92571154,0.89636479,219.08796,196.38273,0.98257937,0.92767405,42.340011,39.277729,0.92651678,0.79024483,52.341551,41.36264,0.89648374,0.94299593,93.257394,87.941343,0.92461851,0.87292707,113.44694,99.030907,0.93215173,0.89218871,110.96435,99.001143,0.94597575,0.91432503,106.67547,97.536055
0b_color_jitter_best,file,15,baseline_color_jitter,9211,157.Yellow_throated_Vireo/Yellow_Throated_Vireo_0028_795008.jpg,157,156,157.Yellow_throated_Vireo,175,174,identity,identity,0,{},0.10518856,0.10518856,0,0.90015477,0.90015477,0.043907098,0.043907098,0.85624767,0.85624767,0,1,1,18.350085,18.350085,False,0.99999994,True,True,True,1,1,18.350085,18.350085,1,1,18.065508,18.065508,1,1,3.2191668,3.2191668,1,1,5.1361082,5.1361082,1,1,9.2031686,9.2031686,1,1,9.8777678,9.8777678,1,1,8.285021,8.285021,1,1,7.0051975,7.0051975
0b_color_jitter_best,file,15,baseline_color_jitter,9211,157.Yellow_throated_Vireo/Yellow_Throated_Vireo_0028_795008.jpg,157,156,157.Yellow_throated_Vireo,175,174,color_jitter,color_jitter,0,"{""brightness"":1.030601,""contrast"":1.114488,""hue"":0.083133,""saturation"":0.990233}",0.10518856,0.32413101,0.21894245,0.90015477,0.7231555,0.043907098,0.057341166,0.85624767,0.66581433,-0.19043334,0.82422914,3.035197,18.350085,55.696123,False,0.98271298,True,True,True,0.82422914,3.035197,18.350085,55.696123,0.82122596,3.0510635,18.065508,55.119011,0.9574175,2.4841955,3.2191668,7.9970399,0.75991439,3.2756886,5.1361082,16.824291,0.74515949,3.2622512,9.2031686,30.023048,0.84941787,3.0299,9.8777678,29.928649,0.86810425,2.8539145,8.285021,23.644742,0.8935242,2.8509781,7.0051975,19.971665
0b_color_jitter_best,file,15,baseline_color_jitter,2502,044.Frigatebird/Frigatebird_0004_43221.jpg,44,43,044.Frigatebird,62,61,identity,identity,0,{},3.9064264,3.9064264,0,0.020112244,0.020112244,0.11806812,0.11806812,-0.097955877,-0.097955877,0,1,1,116.56491,116.56491,False,1,True,False,False,1,1,116.56491,116.56491,1,1,114.41212,114.41212,1,1,22.298959,22.298959,1,1,37.83711,37.83711,1,1,47.209367,47.209367,1,1,53.641526,53.641526,1,1,58.32885,58.32885,1,1,56.125705,56.125705
0b_color_jitter_best,file,15,baseline_color_jitter,2502,044.Frigatebird/Frigatebird_0004_43221.jpg,44,43,044.Frigatebird,62,61,color_jitter,color_jitter,0,"{""brightness"":1.134893,""contrast"":0.984106,""hue"":0.071843,""saturation"":0.992781}",3.9064264,4.49439,0.58796358,0.020112244,0.011171493,0.11806812,0.11265296,-0.097955877,-0.10148146,-0.0035255877,0.88672008,0.92914707,116.56491,108.30594,False,0.9842543,True,False,False,0.88672008,0.92914707,116.56491,108.30594,0.88283523,0.92500851,114.41212,105.83219,0.98348749,1.0321449,22.298959,23.015756,0.90384482,0.79772108,37.83711,30.18346,0.85181789,0.8937217,47.209367,42.192035,0.8739983,0.97411453,53.641526,52.25299,0.87950716,0.93593638,58.32885,54.592093,0.91288871,0.9425543,56.125705,52.901525
0b_color_jitter_best,file,15,baseline_color_jitter,8194,140.Summer_Tanager/Summer_Tanager_0095_139882.jpg,140,139,140.Summer_Tanager,16,15,identity,identity,0,{},0.0073355143,0.0073355143,0,0.99269134,0.99269134,0.0016862671,0.0016862671,0.99100507,0.99100507,0,1,1,0.82938358,0.82938358,False,1,True,True,True,1,1,0.82938358,0.82938358,1,1,0.80523528,0.80523528,1,1,0.19867881,0.19867881,1,1,0.16191379,0.16191379,1,1,0.32155452,0.32155452,1,1,0.34895107,0.34895107,1,1,0.3970349,0.3970349,1,1,0.48927182,0.48927182
0b_color_jitter_best,file,15,baseline_color_jitter,8194,140.Summer_Tanager/Summer_Tanager_0095_139882.jpg,140,139,140.Summer_Tanager,16,15,color_jitter,color_jitter,0,"{""brightness"":1.311467,""contrast"":0.72312,""hue"":-0.031834,""saturation"":1.171513}",0.0073355143,0.011925944,0.0045904298,0.99269134,0.98814487,0.0016862671,0.0011929803,0.99100507,0.98695189,-0.0040531767,0.73662209,1.7508826,0.82938358,1.4521533,False,0.98516119,True,True,True,0.73662209,1.7508826,0.82938358,1.4521533,0.72400733,1.7554031,0.80523528,1.4135125,0.95456692,1.6748816,0.19867881,0.33276349,0.52605324,2.0028185,0.16191379,0.32428393,0.51102372,1.7424276,0.32155452,0.56028546,0.65607512,1.9026419,0.34895107,0.66392893,0.75796595,1.7989775,0.3970349,0.71425685,0.87030834,1.6196471,0.48927182,0.79244768
0b_color_jitter_best,file,15,baseline_color_jitter,1426,026.Bronzed_Cowbird/Bronzed_Cowbird_0040_24134.jpg,26,25,026.Bronzed_Cowbird,27,26,identity,identity,0,{},0.47217959,0.47217959,0,0.62364149,0.62364149,0.355665,0.355665,0.26797649,0.26797649,0,1,1,86.040002,86.040002,False,0.99999988,True,True,True,1,1,86.040002,86.040002,1,1,84.251168,84.251168,1,1,17.453444,17.453444,1,1,27.625368,27.625368,1,1,46.465516,46.465516,1,1,39.617252,39.617252,1,1,36.003679,36.003679,1,1,36.197551,36.197551
0b_color_jitter_best,file,15,baseline_color_jitter,1426,026.Bronzed_Cowbird/Bronzed_Cowbird_0040_24134.jpg,26,25,026.Bronzed_Cowbird,27,26,color_jitter,color_jitter,0,"{""brightness"":1.120585,""contrast"":1.202291,""hue"":-0.091552,""saturation"":0.804479}",0.47217959,4.4007506,3.928571,0.62364149,0.012268126,0.355665,0.9278838,0.26797649,-0.91561568,-1.1835922,0.62061951,1.7478749,86.040002,150.38716,False,0.92602432,False,True,False,0.62061951,1.7478749,86.040002,150.38716,0.60438599,1.7171329,84.251168,144.67045,0.92595209,2.3531282,17.453444,41.07019,0.49014621,1.2478828,27.625368,34.473221,0.52411614,1.3294418,46.465516,61.773197,0.52240726,1.7012302,39.617252,67.398067,0.67935045,1.8671296,36.003679,67.223534,0.7857491,2.2887593,36.197551,82.847481
0b_color_jitter_best,file,15,baseline_color_jitter,8057,138.Tree_Swallow/Tree_Swallow_0071_136749.jpg,138,137,138.Tree_Swallow,79,78,identity,identity,0,{},0.28635719,0.28635719,0,0.75099432,0.75099432,0.10698671,0.10698671,0.64400762,0.64400762,0,1,1,40.117474,40.117474,False,1,True,True,True,1,1,40.117474,40.117474,1,1,39.558197,39.558197,1,1,6.6753859,6.6753859,1,1,7.7942438,7.7942438,1,1,15.155176,15.155176,1,1,21.039709,21.039709,1,1,20.341049,20.341049,1,1,20.444894,20.444894
0b_color_jitter_best,file,15,baseline_color_jitter,8057,138.Tree_Swallow/Tree_Swallow_0071_136749.jpg,138,137,138.Tree_Swallow,79,78,color_jitter,color_jitter,0,"{""brightness"":1.206844,""contrast"":1.17016,""hue"":-0.054568,""saturation"":1.013813}",0.28635719,0.090181038,-0.19617616,0.75099432,0.91376573,0.10698671,0.029521799,0.64400762,0.88424393,0.24023631,0.82950494,0.32796632,40.117474,13.15718,False,0.97479951,True,True,True,0.82950494,0.32796632,40.117474,13.15718,0.82526716,0.32707978,39.558197,12.938686,0.96880626,0.3577083,6.6753859,2.387841,0.76980472,0.40983168,7.7942438,3.1943281,0.74105522,0.29050684,15.155176,4.4026824,0.80814403,0.28500721,21.039709,5.9964687,0.83720095,0.33870885,20.341049,6.8896933,0.89196178,0.36074607,20.444894,7.3754152
0b_color_jitter_best,file,15,baseline_color_jitter,1802,032.Mangrove_Cuckoo/Mangrove_Cuckoo_0016_794607.jpg,32,31,032.Mangrove_Cuckoo,33,32,identity,identity,0,{},1.4640057,1.4640057,0,0.23130788,0.23130788,0.26477268,0.26477268,-0.033464804,-0.033464804,0,1,1,168.56215,168.56215,False,1.0000002,True,False,False,1,1,168.56215,168.56215,1,1,166.162,166.162,1,1,28.344089,28.344089,1,1,34.24757,34.24757,1,1,78.561447,78.561447,1,1,91.942182,91.942182,1,1,81.322237,81.322237,1,1,72.099534,72.099534
0b_color_jitter_best,file,15,baseline_color_jitter,1802,032.Mangrove_Cuckoo/Mangrove_Cuckoo_0016_794607.jpg,32,31,032.Mangrove_Cuckoo,33,32,color_jitter,color_jitter,0,"{""brightness"":0.911889,""contrast"":0.930362,""hue"":-0.019492,""saturation"":0.962992}",1.4640057,1.4296702,-0.034335494,0.23130788,0.23938785,0.26477268,0.19177705,-0.033464804,0.047610804,0.081075609,0.92150133,1.0012754,168.56215,168.77713,False,0.99411559,False,False,True,0.92150133,1.0012754,168.56215,168.77713,0.9197208,1.0030761,166.162,166.67314,0.98905219,0.9372886,28.344089,26.566592,0.90718368,1.1345144,34.24757,38.854362,0.87212271,1.0173045,78.561447,79.920916,0.92535429,1.019991,91.942182,93.780196,0.9380789,0.96469317,81.322237,78.451006,0.9527495,0.97420652,72.099534,70.239836
0b_color_jitter_best,file,15,baseline_color_jitter,4599,079.Belted_Kingfisher/Belted_Kingfisher_0061_70363.jpg,79,78,079.Belted_Kingfisher,80,79,identity,identity,0,{},2.1451879,2.1451879,0,0.11704604,0.11704604,0.7375468,0.7375468,-0.62050076,-0.62050076,0,1,1,123.59276,123.59276,False,0.99999988,True,False,False,1,1,123.59276,123.59276,1,1,120.06957,120.06957,1,1,29.299641,29.299641,1,1,19.128868,19.128868,1,1,47.246188,47.246188,1,1,62.743489,62.743489,1,1,62.016493,62.016493,1,1,63.527909,63.527909
0b_color_jitter_best,file,15,baseline_color_jitter,4599,079.Belted_Kingfisher/Belted_Kingfisher_0061_70363.jpg,79,78,079.Belted_Kingfisher,80,79,color_jitter,color_jitter,0,"{""brightness"":1.314438,""contrast"":0.666318,""hue"":-0.076595,""saturation"":0.959875}",2.1451879,3.1929152,1.0477273,0.11704604,0.041052025,0.7375468,0.81223738,-0.62050076,-0.77118536,-0.1506846,0.83957632,1.1270078,123.59276,139.29,False,0.97808099,True,False,False,0.83957632,1.1270078,123.59276,139.29,0.83114069,1.1252684,120.06957,135.11049,0.97777867,1.1558276,29.299641,33.865332,0.5998228,1.3030792,19.128868,24.92643,0.75193979,1.1359963,47.246188,53.671497,0.82737013,1.1295171,62.743489,70.869843,0.85036933,1.1100629,62.016493,68.842206,0.88701844,1.1120741,63.527909,70.647744
0b_color_jitter_best,file,15,baseline_color_jitter,5159,089.Hooded_Merganser/Hooded_Merganser_0057_796742.jpg,89,88,089.Hooded_Merganser,58,57,identity,identity,0,{},0.0028219898,0.0028219898,0,0.99718201,0.99718201,0.00036255017,0.00036255017,0.99681946,0.99681946,0,1,1,0.42777364,0.42777364,False,1,True,True,True,1,1,0.42777364,0.42777364,1,1,0.41995535,0.41995535,1,1,0.081411284,0.081411284,1,1,0.10365955,0.10365955,1,1,0.15910903,0.15910903,1,1,0.19661664,0.19661664,1,1,0.21507903,0.21507903,1,1,0.23533894,0.23533894
0b_color_jitter_best,file,15,baseline_color_jitter,5159,089.Hooded_Merganser/Hooded_Merganser_0057_796742.jpg,89,88,089.Hooded_Merganser,58,57,color_jitter,color_jitter,0,"{""brightness"":0.875831,""contrast"":0.662625,""hue"":-0.092439,""saturation"":1.272939}",0.0028219898,0.018502383,0.015680393,0.99718201,0.98166776,0.00036255017,0.0020149199,0.99681946,0.97965284,-0.017166624,0.84169977,7.2748435,0.42777364,3.1119863,False,0.97784036,True,True,True,0.84169977,7.2748435,0.42777364,3.1119863,0.83803971,7.318111,0.41995535,3.0732798,0.97616152,6.0101671,0.081411284,0.48929542,0.6227279,6.9859498,0.10365955,0.72416042,0.73955745,7.601342,0.15910903,1.2094421,0.84797167,7.8310806,0.19661664,1.5397208,0.86434258,7.4575591,0.21507903,1.6039646,0.90481415,6.7379462,0.23533894,1.5857011
0b_color_jitter_best,file,15,baseline_color_jitter,8734,149.Brown_Thrasher/Brown_Thrasher_0013_155329.jpg,149,148,149.Brown_Thrasher,150,149,identity,identity,0,{},0.057242677,0.057242677,0,0.94436485,0.94436485,0.022428401,0.022428401,0.92193644,0.92193644,0,1,1,7.9135677,7.9135677,False,1,True,True,True,1,1,7.9135677,7.9135677,1,1,7.7102617,7.7102617,1,1,1.7822512,1.7822512,1,1,1.101551,1.101551,1,1,3.1107266,3.1107266,1,1,4.0815209,4.0815209,1,1,3.8498039,3.8498039,1,1,4.1325896,4.1325896
0b_color_jitter_best,file,15,baseline_color_jitter,8734,149.Brown_Thrasher/Brown_Thrasher_0013_155329.jpg,149,148,149.Brown_Thrasher,150,149,color_jitter,color_jitter,0,"{""brightness"":1.138316,""contrast"":0.82268,""hue"":0.087923,""saturation"":1.316323}",0.057242677,0.14225815,0.085015476,0.94436485,0.86739731,0.022428401,0.085087508,0.92193644,0.7823098,-0.13962664,0.83556809,2.7248056,7.9135677,21.562933,False,0.98761374,True,True,True,0.83556809,2.7248056,7.9135677,21.562933,0.82934868,2.7313985,7.7102617,21.059797,0.95892013,2.5983319,1.7822512,4.6308801,0.72165758,2.8252106,1.101551,3.1121136,0.79552783,2.9245227,3.1107266,9.0973907,0.82696677,2.9614578,4.0815209,12.087252,0.82693347,2.6551748,3.8498039,10.221902,0.87725978,2.4255708,4.1325896,10.023888
0b_color_jitter_best,file,15,baseline_color_jitter,4520,078.Gray_Kingbird/Gray_Kingbird_0063_70287.jpg,78,77,078.Gray_Kingbird,41,40,identity,identity,0,{},1.6372845,1.6372845,0,0.19450749,0.19450749,0.36802149,0.36802149,-0.17351399,-0.17351399,0,1,1,91.377426,91.377426,False,1,True,False,False,1,1,91.377426,91.377426,1,1,88.131762,88.131762,1,1,24.137656,24.137656,1,1,14.454777,14.454777,1,1,32.751705,32.751705,1,1,44.760311,44.760311,1,1,45.016319,45.016319,1,1,49.554398,49.554398
0b_color_jitter_best,file,15,baseline_color_jitter,4520,078.Gray_Kingbird/Gray_Kingbird_0063_70287.jpg,78,77,078.Gray_Kingbird,41,40,color_jitter,color_jitter,0,"{""brightness"":0.672691,""contrast"":1.025321,""hue"":0.015296,""saturation"":0.659725}",1.6372845,1.5553441,-0.081940413,0.19450749,0.21111673,0.36802149,0.38743109,-0.17351399,-0.17631435,-0.0028003603,0.88272512,0.98494948,91.377426,90.002148,False,0.99330175,True,False,False,0.88272512,0.98494948,91.377426,90.002148,0.87422792,0.98198747,88.131762,86.544286,0.99210306,1.0236187,24.137656,24.707756,0.52142969,1.0010254,14.454777,14.469599,0.75729137,1.0115486,32.751705,33.12994,0.88369065,0.94619797,44.760311,42.352116,0.89307567,0.96390223,45.016319,43.39133,0.93415866,1.0102913,49.554398,50.064378
0b_color_jitter_best,file,15,baseline_color_jitter,1188,022.Chuck_will_Widow/Chuck_Will_Widow_0017_796960.jpg,22,21,022.Chuck_will_Widow,92,91,identity,identity,0,{},3.1267688,3.1267688,0,0.043859284,0.043859284,0.78289479,0.78289479,-0.73903551,-0.73903551,0,1,1,142.82119,142.82119,False,0.99999988,True,False,False,1,1,142.82119,142.82119,1,1,138.77698,138.77698,1,1,33.74674,33.74674,1,1,17.61758,17.61758,1,1,51.442801,51.442801,1,1,77.028373,77.028373,1,1,74.887584,74.887584,1,1,68.998476,68.998476
0b_color_jitter_best,file,15,baseline_color_jitter,1188,022.Chuck_will_Widow/Chuck_Will_Widow_0017_796960.jpg,22,21,022.Chuck_will_Widow,92,91,color_jitter,color_jitter,0,"{""brightness"":1.382068,""contrast"":0.807092,""hue"":-0.094388,""saturation"":0.605591}",3.1267688,2.1430349,-0.98373389,0.043859284,0.11729831,0.78289479,0.61457652,-0.73903551,-0.49727821,0.2417573,0.75275908,0.96036962,142.82119,137.16114,False,0.95820922,True,False,False,0.75275908,0.96036962,142.82119,137.16114,0.74104807,0.96100114,138.77698,133.36484,0.95322754,0.94962626,33.74674,32.046791,0.57518699,0.93443674,17.61758,16.462514,0.51397405,0.93144423,51.442801,47.9161,0.70189115,0.96512314,77.028373,74.341865,0.80625233,0.98338937,74.887584,73.643655,0.84639199,0.94695493,68.998476,65.338447
0b_color_jitter_best,file,15,baseline_color_jitter,264,005.Crested_Auklet/Crested_Auklet_0033_794964.jpg,5,4,005.Crested_Auklet,7,6,identity,identity,0,{},0.071114913,0.071114913,0,0.93135488,0.93135488,0.017089488,0.017089488,0.91426539,0.91426539,0,1,1,9.641391,9.641391,False,0.99999994,True,True,True,1,1,9.641391,9.641391,1,1,9.497078,9.497078,1,1,1.6619057,1.6619057,1,1,1.5232889,1.5232889,1,1,4.4114259,4.4114259,1,1,5.1308541,5.1308541,1,1,4.2943365,4.2943365,1,1,4.8627577,4.8627577
0b_color_jitter_best,file,15,baseline_color_jitter,264,005.Crested_Auklet/Crested_Auklet_0033_794964.jpg,5,4,005.Crested_Auklet,7,6,color_jitter,color_jitter,0,"{""brightness"":1.198345,""contrast"":1.33109,""hue"":-0.088327,""saturation"":0.94807}",0.071114913,0.18443751,0.1133226,0.93135488,0.83157188,0.017089488,0.092269406,0.91426539,0.73930247,-0.17496292,0.77231753,2.5808204,9.641391,24.882699,False,0.96729779,True,True,True,0.77231753,2.5808204,9.641391,24.882699,0.76689371,2.5653123,9.497078,24.362971,0.93251642,3.044147,1.6619057,5.0590852,0.81583839,3.1089455,1.5232889,4.7358223,0.74498524,2.3348633,4.4114259,10.300077,0.7762846,2.506479,5.1308541,12.860378,0.73438794,2.7971994,4.2943365,12.012115,0.80184426,2.5631813,4.8627577,12.464129
0b_color_jitter_best,file,15,baseline_color_jitter,1749,031.Black_billed_Cuckoo/Black_Billed_Cuckoo_0057_795323.jpg,31,30,031.Black_billed_Cuckoo,33,32,identity,identity,0,{},3.5629535,3.5629535,0,0.028354952,0.028354952,0.86796981,0.86796981,-0.83961486,-0.83961486,0,1,1,223.92113,223.92113,False,1,True,False,False,1,1,223.92113,223.92113,1,1,220.36765,220.36765,1,1,39.733797,39.733797,1,1,92.443028,92.443028,1,1,102.87151,102.87151,1,1,104.07233,104.07233,1,1,103.69273,103.69273,1,1,88.602525,88.602525
0b_color_jitter_best,file,15,baseline_color_jitter,1749,031.Black_billed_Cuckoo/Black_Billed_Cuckoo_0057_795323.jpg,31,30,031.Black_billed_Cuckoo,33,32,color_jitter,color_jitter,0,"{""brightness"":0.633522,""contrast"":0.890705,""hue"":-0.064341,""saturation"":1.05304}",3.5629535,3.5378249,-0.025128603,0.028354952,0.029076509,0.86796981,0.79781514,-0.83961486,-0.76873863,0.070876224,0.79339181,0.85920594,223.92113,192.39437,False,0.970079,True,False,False,0.79339181,0.85920594,223.92113,192.39437,0.7872889,0.85689774,220.36765,188.83254,0.96923844,0.92740258,39.733797,36.849226,0.46968432,0.62096097,92.443028,57.403512,0.83048211,0.95072301,102.87151,97.802308,0.82745501,0.90569415,104.07233,94.257703,0.83727335,0.83753028,103.69273,86.845799,0.88466981,0.9008301,88.602525,79.815822
0b_color_jitter_best,file,15,baseline_color_jitter,11302,192.Downy_Woodpecker/Downy_Woodpecker_0044_184170.jpg,192,191,192.Downy_Woodpecker,28,27,identity,identity,0,{},0.030484937,0.030484937,0,0.96997505,0.96997505,0.013127486,0.013127486,0.95684757,0.95684757,0,1,1,7.8372856,7.8372856,False,1.0000001,True,True,True,1,1,7.8372856,7.8372856,1,1,7.7608641,7.7608641,1,1,1.0918031,1.0918031,1,1,1.990478,1.990478,1,1,4.1791063,4.1791063,1,1,4.2443649,4.2443649,1,1,3.5557221,3.5557221,1,1,2.8541699,2.8541699
0b_color_jitter_best,file,15,baseline_color_jitter,11302,192.Downy_Woodpecker/Downy_Woodpecker_0044_184170.jpg,192,191,192.Downy_Woodpecker,28,27,color_jitter,color_jitter,0,"{""brightness"":1.057551,""contrast"":0.741822,""hue"":0.051569,""saturation"":0.786859}",0.030484937,0.10936897,0.078884028,0.96997505,0.89639962,0.013127486,0.043831348,0.95684757,0.85256827,-0.1042793,0.94130627,3.9009377,7.8372856,30.572763,False,0.98967487,True,True,True,0.94130627,3.9009377,7.8372856,30.572763,0.94061796,3.9086824,7.7608641,30.334753,0.98631201,3.4872956,1.0918031,3.8074401,0.91210215,4.3481166,1.990478,8.6548304,0.95688787,4.2118252,4.1791063,17.601666,0.94510989,3.841186,4.2443649,16.303395,0.93275487,3.6137687,3.5557221,12.849557,0.93631531,3.58265,2.8541699,10.225492
0b_color_jitter_best,file,15,baseline_color_jitter,2933,051.Horned_Grebe/Horned_Grebe_0006_34718.jpg,51,50,051.Horned_Grebe,50,49,identity,identity,0,{},0.0098228417,0.0098228417,0,0.99022526,0.99022526,0.0042626518,0.0042626518,0.9859626,0.9859626,0,1,1,1.6521458,1.6521458,False,0.99999988,True,True,True,1,1,1.6521458,1.6521458,1,1,1.6200983,1.6200983,1,1,0.32383225,0.32383225,1,1,0.64383786,0.64383786,1,1,0.63641831,0.63641831,1,1,0.80792357,0.80792357,1,1,0.79548973,0.79548973,1,1,0.72084582,0.72084582
0b_color_jitter_best,file,15,baseline_color_jitter,2933,051.Horned_Grebe/Horned_Grebe_0006_34718.jpg,51,50,051.Horned_Grebe,50,49,color_jitter,color_jitter,0,"{""brightness"":1.364575,""contrast"":0.880728,""hue"":-0.0809,""saturation"":1.056298}",0.0098228417,0.008456612,-0.0013662297,0.99022526,0.99157906,0.0042626518,0.0036166811,0.9859626,0.98796237,0.001999771,0.74105059,0.68161637,1.6521458,1.1261296,False,0.97102618,True,True,True,0.74105059,0.68161637,1.6521458,1.1261296,0.73067028,0.6749207,1.6200983,1.0934379,0.96732972,0.83182734,0.32383225,0.26937252,0.55906165,0.42167956,0.64383786,0.27149327,0.58570418,0.64436532,0.63641831,0.41008589,0.77337434,0.6677914,0.80792357,0.53952441,0.79816673,0.71854367,0.79548973,0.57159411,0.82277232,0.80403727,0.72084582,0.5795869
0b_color_jitter_best,file,15,baseline_color_jitter,9650,164.Cerulean_Warbler/Cerulean_Warbler_0018_797183.jpg,164,163,164.Cerulean_Warbler,159,158,identity,identity,0,{},0.074936002,0.074936002,0,0.92780286,0.92780286,0.04524561,0.04524561,0.88255725,0.88255725,0,1,1,14.993745,14.993745,False,0.99999994,True,True,True,1,1,14.993745,14.993745,1,1,14.806493,14.806493,1,1,2.3622358,2.3622358,1,1,4.7659031,4.7659031,1,1,7.8306473,7.8306473,1,1,8.2933719,8.2933719,1,1,6.0128257,6.0128257,1,1,5.5013888,5.5013888
0b_color_jitter_best,file,15,baseline_color_jitter,9650,164.Cerulean_Warbler/Cerulean_Warbler_0018_797183.jpg,164,163,164.Cerulean_Warbler,159,158,color_jitter,color_jitter,0,"{""brightness"":0.802569,""contrast"":0.780303,""hue"":-0.011111,""saturation"":1.052108}",0.074936002,0.078862093,0.0039260909,0.92780286,0.92416734,0.04524561,0.048097454,0.88255725,0.87606988,-0.0064873695,0.93722759,1.1647973,14.993745,17.464673,False,0.99592507,True,True,True,0.93722759,1.1647973,14.993745,17.464673,0.93583486,1.1661371,14.806493,17.266401,0.99574477,1.1108802,2.3622358,2.6241611,0.81598822,1.1103051,4.7659031,5.2916064,0.94241992,1.2563069,7.8306473,9.8376962,0.95828367,1.1578186,8.2933719,9.6022201,0.94673282,1.107473,6.0128257,6.6590419,0.95441989,1.1027116,5.5013888,6.0664455
0b_color_jitter_best,file,15,baseline_color_jitter,10149,173.Orange_crowned_Warbler/Orange_Crowned_Warbler_0103_168566.jpg,173,172,173.Orange_crowned_Warbler,170,169,identity,identity,0,{},6.0056639,6.0056639,0,0.0024647524,0.0024647524,0.31056589,0.31056589,-0.30810114,-0.30810114,0,1,1,124.33892,124.33892,False,1,True,False,False,1,1,124.33892,124.33892,1,1,121.82843,121.82843,1,1,24.85962,24.85962,1,1,32.339279,32.339279,1,1,45.707008,45.707008,1,1,67.176806,67.176806,1,1,59.184335,59.184335,1,1,60.759349,60.759349
0b_color_jitter_best,file,15,baseline_color_jitter,10149,173.Orange_crowned_Warbler/Orange_Crowned_Warbler_0103_168566.jpg,173,172,173.Orange_crowned_Warbler,170,169,color_jitter,color_jitter,0,"{""brightness"":1.161131,""contrast"":1.354902,""hue"":-0.050131,""saturation"":1.138961}",6.0056639,4.4526668,-1.5529971,0.0024647524,0.011647466,0.31056589,0.11719344,-0.30810114,-0.10554597,0.20255516,0.7765932,0.99246991,124.33892,123.40264,False,0.96057558,True,False,False,0.7765932,0.99246991,124.33892,123.40264,0.77004675,0.99434376,121.82843,121.13934,0.94270257,0.94635269,24.85962,23.525968,0.68139593,1.0764106,32.339279,34.810342,0.71096568,1.0216505,45.707008,46.696589,0.79272559,0.95167696,67.176806,63.930619,0.7537803,1.020126,59.184335,60.375477,0.82371975,0.98063265,60.759349,59.582602
0b_color_jitter_best,file,15,baseline_color_jitter,2467,043.Yellow_bellied_Flycatcher/Yellow_Bellied_Flycatcher_0041_42719.jpg,43,42,043.Yellow_bellied_Flycatcher,119,118,identity,identity,0,{},1.0866671,1.0866671,0,0.33733892,0.33733892,0.34248564,0.34248564,-0.0051467121,-0.0051467121,0,1,1,156.22464,156.22464,False,1,True,False,False,1,1,156.22464,156.22464,1,1,154.51553,154.51553,1,1,23.045396,23.045396,1,1,49.416617,49.416617,1,1,84.491757,84.491757,1,1,81.46115,81.46115,1,1,67.602574,67.602574,1,1,55.571237,55.571237
0b_color_jitter_best,file,15,baseline_color_jitter,2467,043.Yellow_bellied_Flycatcher/Yellow_Bellied_Flycatcher_0041_42719.jpg,43,42,043.Yellow_bellied_Flycatcher,119,118,color_jitter,color_jitter,0,"{""brightness"":1.049078,""contrast"":0.665579,""hue"":0.014699,""saturation"":0.804935}",1.0866671,1.029058,-0.057609081,0.33733892,0.35734344,0.34248564,0.10518772,-0.0051467121,0.25215571,0.25730243,0.82541676,0.83134577,156.22464,129.8767,False,0.99246353,False,False,False,0.82541676,0.83134577,156.22464,129.8767,0.82365062,0.82740132,154.51553,127.84635,0.90495464,0.99260684,23.045396,22.875018,0.88512365,1.0342854,49.416617,51.110886,0.83541787,0.75151532,84.491757,63.49685,0.79281992,0.82416243,81.46115,67.137219,0.81501749,0.82474035,67.602574,55.75457,0.84546518,0.82158958,55.571237,45.656749
0b_color_jitter_best,file,15,baseline_color_jitter,6135,105.Whip_poor_Will/Whip_Poor_Will_0044_796407.jpg,105,104,105.Whip_poor_Will,22,21,identity,identity,0,{},0.029847613,0.029847613,0,0.97059345,0.97059345,0.022090122,0.022090122,0.94850333,0.94850333,0,1,1,5.890502,5.890502,False,1,True,True,True,1,1,5.890502,5.890502,1,1,5.7760889,5.7760889,1,1,1.1553402,1.1553402,1,1,0.91200707,0.91200707,1,1,2.6256439,2.6256439,1,1,3.2952022,3.2952022,1,1,2.9125592,2.9125592,1,1,2.5091993,2.5091993
0b_color_jitter_best,file,15,baseline_color_jitter,6135,105.Whip_poor_Will/Whip_Poor_Will_0044_796407.jpg,105,104,105.Whip_poor_Will,22,21,color_jitter,color_jitter,0,"{""brightness"":1.109725,""contrast"":0.805663,""hue"":0.030511,""saturation"":0.645478}",0.029847613,0.053911272,0.02406366,0.97059345,0.9475162,0.022090122,0.038522229,0.94850333,0.90899397,-0.039509356,0.9136898,1.7493628,5.890502,10.304625,False,0.994008,True,True,True,0.9136898,1.7493628,5.890502,10.304625,0.9104909,1.7494935,5.7760889,10.10523,0.99380273,1.7460926,1.1553402,2.0173309,0.86775797,1.795045,0.91200707,1.6370938,0.86289811,1.6578464,2.6256439,4.3529144,0.91212833,1.7909463,3.2952022,5.9015302,0.92739185,1.7479135,2.9125592,5.0909016,0.94156342,1.7707808,2.5091993,4.4432419
0b_color_jitter_best,file,15,baseline_color_jitter,1581,028.Brown_Creeper/Brown_Creeper_0121_24574.jpg,28,27,028.Brown_Creeper,190,189,identity,identity,0,{},0.060016219,0.060016219,0,0.94174927,0.94174927,0.019793598,0.019793598,0.92195568,0.92195568,0,1,1,10.944788,10.944788,False,0.99999994,True,True,True,1,1,10.944788,10.944788,1,1,10.81831,10.81831,1,1,1.6590837,1.6590837,1,1,1.9779225,1.9779225,1,1,5.3378086,5.3378086,1,1,5.9900149,5.9900149,1,1,5.2695117,5.2695117,1,1,4.5807654,4.5807654
0b_color_jitter_best,file,15,baseline_color_jitter,1581,028.Brown_Creeper/Brown_Creeper_0121_24574.jpg,28,27,028.Brown_Creeper,190,189,color_jitter,color_jitter,0,"{""brightness"":0.681426,""contrast"":0.717518,""hue"":-0.030029,""saturation"":0.609149}",0.060016219,0.055595219,-0.0044209994,0.94174927,0.94592196,0.019793598,0.029208599,0.92195568,0.91671336,-0.0052423179,0.78992608,0.97688813,10.944788,10.691833,False,0.96950155,True,True,True,0.78992608,0.97688813,10.944788,10.691833,0.78604391,0.9762371,10.81831,10.561235,0.95070588,1.0041788,1.6590837,1.6660167,0.54283186,1.3518945,1.9779225,2.6739426,0.81333211,1.2211413,5.3378086,6.5182187,0.77987897,0.82331656,5.9900149,4.9316785,0.80501482,0.82497273,5.2695117,4.3472035,0.8667135,0.94359202,4.5807654,4.3223737
0b_color_jitter_best,file,15,baseline_color_jitter,8782,150.Sage_Thrasher/Sage_Thrasher_0096_155449.jpg,150,149,150.Sage_Thrasher,127,126,identity,identity,0,{},0.128227,0.128227,0,0.87965369,0.87965369,0.022014314,0.022014314,0.85763938,0.85763938,0,1,1,19.452419,19.452419,False,0.99999994,True,True,True,1,1,19.452419,19.452419,1,1,19.197961,19.197961,1,1,3.1360624,3.1360624,1,1,3.7924945,3.7924945,1,1,7.2592341,7.2592341,1,1,10.45479,10.45479,1,1,10.733032,10.733032,1,1,8.7739158,8.7739158
0b_color_jitter_best,file,15,baseline_color_jitter,8782,150.Sage_Thrasher/Sage_Thrasher_0096_155449.jpg,150,149,150.Sage_Thrasher,127,126,color_jitter,color_jitter,0,"{""brightness"":1.203928,""contrast"":0.770635,""hue"":-0.031211,""saturation"":0.963325}",0.128227,0.058348138,-0.069878858,0.87965369,0.94332147,0.022014314,0.0082108295,0.85763938,0.93511064,0.077471259,0.92839384,0.46524698,19.452419,9.0501791,False,0.99400878,True,True,True,0.92839384,0.46524698,19.452419,9.0501791,0.92665262,0.46450518,19.197961,8.9175524,0.99148819,0.49224052,3.1360624,1.543697,0.90336498,0.40501847,3.7924945,1.5360303,0.88776582,0.46359667,7.2592341,3.3653568,0.92797745,0.48150755,10.45479,5.0340604,0.92910178,0.44639647,10.733032,4.7911877,0.95448247,0.47733941,8.7739158,4.1881357
0b_color_jitter_best,file,15,baseline_color_jitter,8635,147.Least_Tern/Least_Tern_0052_154021.jpg,147,146,147.Least_Tern,111,110,identity,identity,0,{},0.13485861,0.13485861,0,0.87383944,0.87383944,0.018214919,0.018214919,0.85562452,0.85562452,0,1,1,21.282316,21.282316,False,1,True,True,True,1,1,21.282316,21.282316,1,1,21.025122,21.025122,1,1,3.2986732,3.2986732,1,1,4.4913598,4.4913598,1,1,10.653297,10.653297,1,1,12.582069,12.582069,1,1,9.3403839,9.3403839,1,1,7.9271342,7.9271342
0b_color_jitter_best,file,15,baseline_color_jitter,8635,147.Least_Tern/Least_Tern_0052_154021.jpg,147,146,147.Least_Tern,111,110,color_jitter,color_jitter,0,"{""brightness"":1.323254,""contrast"":0.625832,""hue"":-0.0043,""saturation"":1.156344}",0.13485861,0.089637116,-0.045221493,0.87383944,0.91426289,0.018214919,0.012145953,0.85562452,0.90211694,0.046492418,0.86407703,0.6413015,21.282316,13.648381,False,0.98286426,True,True,True,0.86407703,0.6413015,21.282316,13.648381,0.86104325,0.63938314,21.025122,13.443108,0.97955229,0.71489663,3.2986732,2.3582104,0.51379625,0.64644809,4.4913598,2.903431,0.77676056,0.6554095,10.653297,6.9822721,0.9134244,0.60683331,12.582069,7.6352186,0.9134641,0.63804598,9.3403839,5.9595945,0.93230476,0.68773528,7.9271342,5.4517699
0b_color_jitter_best,file,15,baseline_color_jitter,566,011.Rusty_Blackbird/Rusty_Blackbird_0023_6752.jpg,11,10,011.Rusty_Blackbird,9,8,identity,identity,0,{},0.037605923,0.037605923,0,0.96309239,0.96309239,0.015541869,0.015541869,0.94755052,0.94755052,0,1,1,6.1949552,6.1949552,False,1,True,True,True,1,1,6.1949552,6.1949552,1,1,6.0280403,6.0280403,1,1,1.4283556,1.4283556,1,1,1.1043795,1.1043795,1,1,2.8641515,2.8641515,1,1,3.1661076,3.1661076,1,1,2.9631322,2.9631322,1,1,2.8477821,2.8477821
0b_color_jitter_best,file,15,baseline_color_jitter,566,011.Rusty_Blackbird/Rusty_Blackbird_0023_6752.jpg,11,10,011.Rusty_Blackbird,9,8,color_jitter,color_jitter,0,"{""brightness"":0.805795,""contrast"":0.844341,""hue"":0.085749,""saturation"":0.786497}",0.037605923,0.097067319,0.059461396,0.96309239,0.9074949,0.015541869,0.043017052,0.94755052,0.86447785,-0.083072667,0.81408497,2.8684274,6.1949552,17.769779,False,0.97878289,True,True,True,0.81408497,2.8684274,6.1949552,17.769779,0.80723751,2.8880607,6.0280403,17.409346,0.96378499,2.4929771,1.4283556,3.5608579,0.7818298,3.7916791,1.1043795,4.1874525,0.73052971,2.9630844,2.8641515,8.4867227,0.81619132,3.0105802,3.1661076,9.5318207,0.81883357,2.7214864,2.9631322,8.064124,0.88546604,2.6659796,2.8477821,7.592129
0b_color_jitter_best,file,15,baseline_color_jitter,8751,149.Brown_Thrasher/Brown_Thrasher_0085_155445.jpg,149,148,149.Brown_Thrasher,99,98,identity,identity,0,{},0.30395734,0.30395734,0,0.73789233,0.73789233,0.085631721,0.085631721,0.65226061,0.65226061,0,1,1,34.726556,34.726556,False,1,True,True,True,1,1,34.726556,34.726556,1,1,34.063731,34.063731,1,1,6.7524754,6.7524754,1,1,5.9955771,5.9955771,1,1,13.073173,13.073173,1,1,17.662255,17.662255,1,1,17.054533,17.054533,1,1,18.726202,18.726202
0b_color_jitter_best,file,15,baseline_color_jitter,8751,149.Brown_Thrasher/Brown_Thrasher_0085_155445.jpg,149,148,149.Brown_Thrasher,99,98,color_jitter,color_jitter,0,"{""brightness"":0.706158,""contrast"":1.201856,""hue"":0.03405,""saturation"":0.813234}",0.30395734,0.20088817,-0.10306917,0.73789233,0.81800389,0.085631721,0.075573906,0.65226061,0.74242999,0.090169378,0.92546185,0.68787431,34.726556,23.887506,False,0.99097711,True,True,True,0.92546185,0.68787431,34.726556,23.887506,0.92294306,0.68572787,34.063731,23.35845,0.987441,0.74040621,6.7524754,4.9995748,0.84464775,0.74746539,5.9955771,4.4814863,0.89344235,0.71981695,13.073173,9.4102914,0.92434838,0.65777778,17.662255,11.617839,0.92244843,0.67860624,17.054533,11.573313,0.94746128,0.69228962,18.726202,12.963955
0b_color_jitter_best,file,15,baseline_color_jitter,6529,112.Great_Grey_Shrike/Great_Grey_Shrike_0089_797036.jpg,112,111,112.Great_Grey_Shrike,173,172,identity,identity,0,{},2.2273564,2.2273564,0,0.10781307,0.10781307,0.1558993,0.1558993,-0.048086233,-0.048086233,0,1,1,211.05813,211.05813,False,0.99999988,True,False,False,1,1,211.05813,211.05813,1,1,209.48851,209.48851,1,1,25.692395,25.692395,1,1,38.799684,38.799684,1,1,121.44705,121.44705,1,1,113.51257,113.51257,1,1,95.424185,95.424185,1,1,75.098295,75.098295
0b_color_jitter_best,file,15,baseline_color_jitter,6529,112.Great_Grey_Shrike/Great_Grey_Shrike_0089_797036.jpg,112,111,112.Great_Grey_Shrike,173,172,color_jitter,color_jitter,0,"{""brightness"":1.132205,""contrast"":1.222555,""hue"":0.027523,""saturation"":0.777003}",2.2273564,3.079412,0.85205555,0.10781307,0.045986291,0.1558993,0.088509113,-0.048086233,-0.042522822,0.0055634119,0.90354424,1.0011156,211.05813,211.29358,False,0.98001051,False,False,False,0.90354424,1.0011156,211.05813,211.29358,0.90244621,0.99993248,209.48851,209.47436,0.97377314,1.0768599,25.692395,27.667109,0.85405128,1.0035487,38.799684,38.937374,0.90776921,0.99983991,121.44705,121.42761,0.89814015,1.0030183,113.51257,113.85518,0.90584941,0.98736296,95.424185,94.218305,0.90608406,1.0122377,75.098295,76.017322
0b_color_jitter_best,file,15,baseline_color_jitter,4639,080.Green_Kingfisher/Green_Kingfisher_0042_71028.jpg,80,79,080.Green_Kingfisher,67,66,identity,identity,0,{},0.098096028,0.098096028,0,0.90656185,0.90656185,0.045608871,0.045608871,0.86095298,0.86095298,0,1,1,16.70367,16.70367,False,0.99999994,True,True,True,1,1,16.70367,16.70367,1,1,16.494962,16.494962,1,1,2.6322691,2.6322691,1,1,3.1128669,3.1128669,1,1,7.3484442,7.3484442,1,1,9.0634385,9.0634385,1,1,8.5764792,8.5764792,1,1,7.2589443,7.2589443
0b_color_jitter_best,file,15,baseline_color_jitter,4639,080.Green_Kingfisher/Green_Kingfisher_0042_71028.jpg,80,79,080.Green_Kingfisher,67,66,color_jitter,color_jitter,0,"{""brightness"":0.829961,""contrast"":0.841242,""hue"":-0.086155,""saturation"":1.199282}",0.098096028,0.39447448,0.29637845,0.90656185,0.67403418,0.045608871,0.18028428,0.86095298,0.4937499,-0.36720308,0.79754471,4.367559,16.70367,72.954265,False,0.96066552,True,True,True,0.79754471,4.367559,16.70367,72.954265,0.79470749,4.3876139,16.494962,72.373523,0.95816538,3.4900837,2.6322691,9.1868396,0.78472033,6.6721398,3.1128669,20.769483,0.72090386,5.6441202,7.3484442,41.475502,0.83557978,4.2233308,9.0634385,38.277899,0.84996924,3.6262965,8.5764792,31.100856,0.87094986,3.5226919,7.2589443,25.571025
0b_color_jitter_best,file,15,baseline_color_jitter,10452,178.Swainson_Warbler/Swainson_Warbler_0036_174699.jpg,178,177,178.Swainson_Warbler,196,195,identity,identity,0,{},0.18705827,0.18705827,0,0.82939541,0.82939541,0.095852628,0.095852628,0.73354279,0.73354279,0,1,1,36.938239,36.938239,False,1,True,True,True,1,1,36.938239,36.938239,1,1,36.431824,36.431824,1,1,6.0955487,6.0955487,1,1,8.3087724,8.3087724,1,1,17.100889,17.100889,1,1,20.23406,20.23406,1,1,17.831941,17.831941,1,1,15.440413,15.440413
0b_color_jitter_best,file,15,baseline_color_jitter,10452,178.Swainson_Warbler/Swainson_Warbler_0036_174699.jpg,178,177,178.Swainson_Warbler,196,195,color_jitter,color_jitter,0,"{""brightness"":0.692705,""contrast"":1.265763,""hue"":0.077558,""saturation"":1.209515}",0.18705827,1.5459019,1.3588436,0.82939541,0.21311958,0.095852628,0.64391226,0.73354279,-0.43079267,-1.1643355,0.78010904,5.9938807,36.938239,221.4034,False,0.96031141,False,True,False,0.78010904,5.9938807,36.938239,221.4034,0.77680889,6.0180826,36.431824,219.24973,0.93213502,5.0538837,6.0955487,30.806194,0.48274471,10.145821,8.3087724,84.299319,0.79274438,6.0592349,17.100889,103.6183,0.81451624,5.8686223,20.23406,118.74606,0.8360938,5.5047488,17.831941,98.160355,0.83722219,5.2180073,15.440413,80.568187
0b_color_jitter_best,file,15,baseline_color_jitter,8335,142.Black_Tern/Black_Tern_0055_144607.jpg,142,141,142.Black_Tern,141,140,identity,identity,0,{},0.005831609,0.005831609,0,0.99418539,0.99418539,0.00093550794,0.00093550794,0.99324988,0.99324988,0,1,1,0.92988751,0.92988751,False,0.99999988,True,True,True,1,1,0.92988751,0.92988751,1,1,0.91054084,0.91054084,1,1,0.18869595,0.18869595,1,1,0.17940852,0.17940852,1,1,0.40687469,0.40687469,1,1,0.46575712,0.46575712,1,1,0.44505287,0.44505287,1,1,0.46513272,0.46513272
0b_color_jitter_best,file,15,baseline_color_jitter,8335,142.Black_Tern/Black_Tern_0055_144607.jpg,142,141,142.Black_Tern,141,140,color_jitter,color_jitter,0,"{""brightness"":1.032771,""contrast"":1.242104,""hue"":0.077679,""saturation"":0.969344}",0.005831609,0.019770235,0.013938626,0.99418539,0.98042393,0.00093550794,0.0026823357,0.99324988,0.97774159,-0.015508289,0.77785102,3.0979556,0.92988751,2.8807502,False,0.97014189,True,True,True,0.77785102,3.0979556,0.92988751,2.8807502,0.7697653,3.0964838,0.91054084,2.819475,0.96403782,3.1320296,0.18869595,0.59100129,0.67935264,4.0485387,0.17940852,0.72634234,0.70551101,2.62828,0.40687469,1.0693806,0.74205728,2.9988432,0.46575712,1.3967326,0.76914409,3.2634351,0.44505287,1.4524011,0.86727272,3.2018427,0.46513272,1.4892818
0b_color_jitter_best,file,15,baseline_color_jitter,1149,021.Eastern_Towhee/Eastern_Towhee_0120_22189.jpg,21,20,021.Eastern_Towhee,109,108,identity,identity,0,{},0.34644747,0.34644747,0,0.707196,0.707196,0.27838391,0.27838391,0.42881209,0.42881209,0,1,1,55.083818,55.083818,False,0.99999994,True,True,True,1,1,55.083818,55.083818,1,1,53.975232,53.975232,1,1,10.995513,10.995513,1,1,13.793967,13.793967,1,1,23.159208,23.159208,1,1,31.200555,31.200555,1,1,25.382453,25.382453,1,1,23.852877,23.852877
0b_color_jitter_best,file,15,baseline_color_jitter,1149,021.Eastern_Towhee/Eastern_Towhee_0120_22189.jpg,21,20,021.Eastern_Towhee,109,108,color_jitter,color_jitter,0,"{""brightness"":1.335179,""contrast"":0.718996,""hue"":-0.010361,""saturation"":1.093386}",0.34644747,0.51871938,0.17227191,0.707196,0.59528238,0.27838391,0.39924896,0.42881209,0.19603342,-0.23277867,0.89961337,1.5534913,55.083818,85.572231,False,0.99124008,True,True,True,0.89961337,1.5534913,55.083818,85.572231,0.8959798,1.5557054,53.975232,83.969561,0.99106695,1.4991494,10.995513,16.483917,0.52304415,1.3527656,13.793967,18.660004,0.87720706,1.6201075,23.159208,37.520406,0.93058765,1.6074221,31.200555,50.152461,0.92763195,1.5823851,25.382453,40.164814,0.93547582,1.4318199,23.852877,34.153024
0b_color_jitter_best,file,15,baseline_color_jitter,4254,073.Blue_Jay/Blue_Jay_0086_63394.jpg,73,72,073.Blue_Jay,94,93,identity,identity,0,{},0.0011817385,0.0011817385,0,0.99881893,0.99881893,0.00029401018,0.00029401018,0.99852492,0.99852492,0,1,1,0.1886589,0.1886589,False,1,True,True,True,1,1,0.1886589,0.1886589,1,1,0.18456774,0.18456774,1,1,0.039075913,0.039075913,1,1,0.033740918,0.033740918,1,1,0.082406631,0.082406631,1,1,0.10005122,0.10005122,1,1,0.087698357,0.087698357,1,1,0.091840625,0.091840625
0b_color_jitter_best,file,15,baseline_color_jitter,4254,073.Blue_Jay/Blue_Jay_0086_63394.jpg,73,72,073.Blue_Jay,94,93,color_jitter,color_jitter,0,"{""brightness"":0.614738,""contrast"":0.912362,""hue"":0.079837,""saturation"":1.315187}",0.0011817385,0.00069403398,-0.00048770447,0.99881893,0.9993062,0.00029401018,9.4881303e-05,0.99852492,0.99921132,0.00068639685,0.79521167,0.61806099,0.1886589,0.1166027,False,0.98664701,True,True,True,0.79521167,0.61806099,0.1886589,0.1166027,0.78755825,0.6192097,0.18456774,0.11428614,0.97462728,0.59185433,0.039075913,0.023127248,0.32484554,0.68290926,0.033740918,0.023041985,0.71580529,0.63040842,0.082406631,0.051949835,0.77936234,0.64378379,0.10005122,0.064411356,0.82782639,0.58487976,0.087698357,0.051292994,0.89662588,0.60151134,0.091840625,0.055243177
0b_color_jitter_best,file,15,baseline_color_jitter,4526,078.Gray_Kingbird/Gray_Kingbird_0059_795030.jpg,78,77,078.Gray_Kingbird,103,102,identity,identity,0,{},0.19828302,0.19828302,0,0.82013774,0.82013774,0.098948672,0.098948672,0.72118907,0.72118907,0,1,1,36.332924,36.332924,False,1,True,True,True,1,1,36.332924,36.332924,1,1,35.674573,35.674573,1,1,6.8852184,6.8852184,1,1,13.815162,13.815162,1,1,13.982536,13.982536,1,1,17.946311,17.946311,1,1,17.072307,17.072307,1,1,16.515793,16.515793
0b_color_jitter_best,file,15,baseline_color_jitter,4526,078.Gray_Kingbird/Gray_Kingbird_0059_795030.jpg,78,77,078.Gray_Kingbird,103,102,color_jitter,color_jitter,0,"{""brightness"":0.736577,""contrast"":1.266857,""hue"":-0.042497,""saturation"":1.039866}",0.19828302,0.060203344,-0.13807967,0.82013774,0.94157302,0.098948672,0.018564416,0.72118907,0.92300861,0.20181954,0.82380707,0.30877871,36.332924,11.218834,False,0.99198174,True,True,True,0.82380707,0.30877871,36.332924,11.218834,0.8182103,0.30819099,35.674573,10.994582,0.96766941,0.32415864,6.8852184,2.231903,0.81105542,0.19801316,13.815162,2.7355838,0.67547211,0.32952904,13.982536,4.6076516,0.81651831,0.31874788,17.946311,5.7203486,0.87205521,0.33136636,17.072307,5.6571882,0.90973265,0.31717498,16.515793,5.2383963
0b_color_jitter_best,file,15,baseline_color_jitter,4356,075.Green_Jay/Green_Jay_0086_65847.jpg,75,74,075.Green_Jay,73,72,identity,identity,0,{},0.032836974,0.032836974,0,0.96769631,0.96769631,0.02188761,0.02188761,0.9458087,0.9458087,0,1,1,5.5900127,5.5900127,False,0.99999988,True,True,True,1,1,5.5900127,5.5900127,1,1,5.4885054,5.4885054,1,1,1.0604487,1.0604487,1,1,1.4477541,1.4477541,1,1,2.3252884,2.3252884,1,1,2.6442002,2.6442002,1,1,2.7241398,2.7241398,1,1,2.8649608,2.8649608
0b_color_jitter_best,file,15,baseline_color_jitter,4356,075.Green_Jay/Green_Jay_0086_65847.jpg,75,74,075.Green_Jay,73,72,color_jitter,color_jitter,0,"{""brightness"":0.738803,""contrast"":0.722534,""hue"":-0.036834,""saturation"":1.060116}",0.032836974,0.033827644,0.00099067017,0.96769631,0.9667381,0.02188761,0.018336391,0.9458087,0.94840171,0.0025930144,0.87873989,1.1324351,5.5900127,6.3303266,False,0.98719305,True,True,True,0.87873989,1.1324351,5.5900127,6.3303266,0.87544739,1.1359791,5.4885054,6.2348271,0.97957149,1.0329868,1.0604487,1.0954295,0.80794349,1.3547543,1.4477541,1.9613511,0.85382963,1.3230226,2.3252884,3.0764091,0.86847118,1.1518802,2.6442002,3.045802,0.89993477,1.0467745,2.7241398,2.85156,0.92539922,0.99667904,2.8649608,2.8554464
0b_color_jitter_best,file,15,baseline_color_jitter,2372,042.Vermilion_Flycatcher/Vermilion_Flycatcher_0006_42564.jpg,42,41,042.Vermilion_Flycatcher,88,87,identity,identity,0,{},0.0010549225,0.0010549225,0,0.99894565,0.99894565,0.00039649001,0.00039649001,0.99854916,0.99854916,0,1,1,0.12326176,0.12326176,False,1,True,True,True,1,1,0.12326176,0.12326176,1,1,0.11875968,0.11875968,1,1,0.033009078,0.033009078,1,1,0.021984444,0.021984444,1,1,0.046400465,0.046400465,1,1,0.050620798,0.050620798,1,1,0.055470356,0.055470356,1,1,0.076342103,0.076342103
0b_color_jitter_best,file,15,baseline_color_jitter,2372,042.Vermilion_Flycatcher/Vermilion_Flycatcher_0006_42564.jpg,42,41,042.Vermilion_Flycatcher,88,87,color_jitter,color_jitter,0,"{""brightness"":1.287154,""contrast"":1.381589,""hue"":0.044248,""saturation"":1.366635}",0.0010549225,0.0021786781,0.0011237556,0.99894565,0.99782372,0.00039649001,0.00077433314,0.99854916,0.99704938,-0.0014997814,0.82149665,1.974884,0.12326176,0.24342767,False,0.99141842,True,True,True,0.82149665,1.974884,0.12326176,0.24342767,0.80787545,1.9676858,0.11875968,0.23368173,0.99033661,2.0657956,0.033009078,0.068190006,0.64412456,2.127214,0.021984444,0.046765618,0.64025503,1.7328799,0.046400465,0.080406433,0.78081029,2.0638382,0.050620798,0.10447314,0.79581815,2.0577766,0.055470356,0.1141456,0.90065112,1.9433748,0.076342103,0.14836132
0b_color_jitter_best,file,15,baseline_color_jitter,9117,156.White_eyed_Vireo/White_Eyed_Vireo_0030_159265.jpg,156,155,156.White_eyed_Vireo,152,151,identity,identity,0,{},4.3800373,4.3800373,0,0.012524892,0.012524892,0.86075264,0.86075264,-0.84822775,-0.84822775,0,1,1,162.12088,162.12088,False,1,True,False,False,1,1,162.12088,162.12088,1,1,158.38514,158.38514,1,1,34.602387,34.602387,1,1,30.645848,30.645848,1,1,80.442425,80.442425,1,1,79.034917,79.034917,1,1,78.276166,78.276166,1,1,72.81501,72.81501
0b_color_jitter_best,file,15,baseline_color_jitter,9117,156.White_eyed_Vireo/White_Eyed_Vireo_0030_159265.jpg,156,155,156.White_eyed_Vireo,152,151,color_jitter,color_jitter,0,"{""brightness"":1.274195,""contrast"":0.892473,""hue"":-0.014029,""saturation"":1.192997}",4.3800373,4.5228572,0.14281988,0.012524892,0.010857954,0.86075264,0.84952289,-0.84822775,-0.83866493,0.0095628155,0.92127293,1.0105199,162.12088,163.82638,False,0.99588984,True,False,False,0.92127293,1.0105199,162.12088,163.82638,0.91779276,1.0114077,158.38514,160.19196,0.99580399,0.99173621,34.602387,34.31644,0.64897794,1.4489685,30.645848,44.404868,0.93512745,1.0083731,80.442425,81.115976,0.91762382,0.99211821,79.034917,78.41198,0.94117425,0.98800889,78.276166,77.337547,0.95684517,0.96918874,72.81501,70.571488
0b_color_jitter_best,file,15,baseline_color_jitter,6481,111.Loggerhead_Shrike/Loggerhead_Shrike_0018_26407.jpg,111,110,111.Loggerhead_Shrike,135,134,identity,identity,0,{},0.10733593,0.10733593,0,0.89822388,0.89822388,0.024083413,0.024083413,0.87414046,0.87414046,0,1,1,17.276545,17.276545,False,1.0000001,True,True,True,1,1,17.276545,17.276545,1,1,17.021377,17.021377,1,1,2.9583344,2.9583344,1,1,3.6846117,3.6846117,1,1,6.3493535,6.3493535,1,1,9.9699046,9.9699046,1,1,8.5058324,8.5058324,1,1,8.0055259,8.0055259
0b_color_jitter_best,file,15,baseline_color_jitter,6481,111.Loggerhead_Shrike/Loggerhead_Shrike_0018_26407.jpg,111,110,111.Loggerhead_Shrike,135,134,color_jitter,color_jitter,0,"{""brightness"":0.9561,""contrast"":1.069753,""hue"":-0.094983,""saturation"":0.724416}",0.10733593,0.14904265,0.041706719,0.89822388,0.86153239,0.024083413,0.022683846,0.87414046,0.83884854,-0.035291919,0.92688848,1.345368,17.276545,23.243311,False,0.98728502,True,True,True,0.92688848,1.345368,17.276545,23.243311,0.92519288,1.3421074,17.021377,22.844517,0.98151963,1.4491726,2.9583344,4.2871372,0.8342957,1.1554145,3.6846117,4.2572537,0.90648507,1.3866853,6.3493535,8.8045553,0.93828838,1.3240838,9.9699046,13.200989,0.92682585,1.3612453,8.5058324,11.578524,0.93442793,1.3563307,8.0055259,10.85814
0b_color_jitter_best,file,15,baseline_color_jitter,1855,033.Yellow_billed_Cuckoo/Yellow_Billed_Cuckoo_0010_26795.jpg,33,32,033.Yellow_billed_Cuckoo,32,31,identity,identity,0,{},2.1006942,2.1006942,0,0.12237144,0.12237144,0.4827134,0.4827134,-0.36034197,-0.36034197,0,1,1,137.11157,137.11157,False,1,True,False,False,1,1,137.11157,137.11157,1,1,134.14974,134.14974,1,1,28.344848,28.344848,1,1,49.30364,49.30364,1,1,56.975925,56.975925,1,1,69.120827,69.120827,1,1,63.091537,63.091537,1,1,59.672576,59.672576
0b_color_jitter_best,file,15,baseline_color_jitter,1855,033.Yellow_billed_Cuckoo/Yellow_Billed_Cuckoo_0010_26795.jpg,33,32,033.Yellow_billed_Cuckoo,32,31,color_jitter,color_jitter,0,"{""brightness"":0.721065,""contrast"":0.692249,""hue"":-0.011677,""saturation"":1.099953}",2.1006942,1.2641354,-0.83655882,0.12237144,0.28248343,0.4827134,0.29495758,-0.36034197,-0.012474149,0.34786782,0.84317093,0.85742282,137.11157,117.56259,False,0.97786885,True,False,False,0.84317093,0.85742282,137.11157,117.56259,0.83811261,0.85905325,134.14974,115.24177,0.9627343,0.82005354,28.344848,23.244293,0.79756341,0.77167842,49.30364,38.046555,0.7952015,0.95374193,56.975925,54.340329,0.8639297,0.87049652,69.120827,60.16944,0.84457618,0.83958935,63.091537,52.970982,0.87386623,0.83015575,59.672576,49.537532
0b_color_jitter_best,file,15,baseline_color_jitter,7482,128.Seaside_Sparrow/Seaside_Sparrow_0001_120720.jpg,128,127,128.Seaside_Sparrow,126,125,identity,identity,0,{},0.027810657,0.027810657,0,0.97257251,0.97257251,0.013708291,0.013708291,0.95886421,0.95886421,0,1,1,3.9830044,3.9830044,False,0.99999988,True,True,True,1,1,3.9830044,3.9830044,1,1,3.8660673,3.8660673,1,1,0.95804389,0.95804389,1,1,0.76194403,0.76194403,1,1,1.7328166,1.7328166,1,1,2.0522522,2.0522522,1,1,1.9257658,1.9257658,1,1,1.8555191,1.8555191
0b_color_jitter_best,file,15,baseline_color_jitter,7482,128.Seaside_Sparrow/Seaside_Sparrow_0001_120720.jpg,128,127,128.Seaside_Sparrow,126,125,color_jitter,color_jitter,0,"{""brightness"":0.890408,""contrast"":1.033862,""hue"":0.036693,""saturation"":1.046441}",0.027810657,0.021934764,-0.0058758929,0.97257251,0.97830403,0.013708291,0.011289899,0.95886421,0.96701413,0.0081499144,0.94255301,0.81963121,3.9830044,3.2645947,False,0.99634898,True,True,True,0.94255301,0.81963121,3.9830044,3.2645947,0.93939295,0.82083135,3.8660673,3.1733892,0.99566171,0.79983435,0.95804389,0.76627641,0.87408118,0.87409235,0.76194403,0.66600945,0.93580728,0.82570838,1.7328166,1.4308012,0.93922988,0.82197663,2.0522522,1.6869034,0.93675672,0.82448169,1.9257658,1.5877586,0.95837347,0.80172803,1.8555191,1.4876217
0b_color_jitter_best,file,15,baseline_color_jitter,641,012.Yellow_headed_Blackbird/Yellow_Headed_Blackbird_0087_8358.jpg,12,11,012.Yellow_headed_Blackbird,98,97,identity,identity,0,{},3.3327355,3.3327355,0,0.035695322,0.035695322,0.15587053,0.15587053,-0.12017521,-0.12017521,0,1,1,136.9824,136.9824,False,1,True,False,False,1,1,136.9824,136.9824,1,1,134.89121,134.89121,1,1,23.84404,23.84404,1,1,25.75786,25.75786,1,1,54.305312,54.305312,1,1,66.501981,66.501981,1,1,72.445101,72.445101,1,1,70.087792,70.087792
0b_color_jitter_best,file,15,baseline_color_jitter,641,012.Yellow_headed_Blackbird/Yellow_Headed_Blackbird_0087_8358.jpg,12,11,012.Yellow_headed_Blackbird,98,97,color_jitter,color_jitter,0,"{""brightness"":0.646251,""contrast"":0.67665,""hue"":-0.037565,""saturation"":0.62912}",3.3327355,2.0663307,-1.2664049,0.035695322,0.12664965,0.15587053,0.025036689,-0.12017521,0.10161296,0.22178816,0.71127749,1.0639647,136.9824,145.74443,False,0.95544219,False,False,False,0.71127749,1.0639647,136.9824,145.74443,0.70475558,1.0664708,134.89121,143.85754,0.94078579,0.9803814,23.84404,23.376253,0.7363922,1.5553591,25.75786,40.062722,0.63641011,1.3722435,54.305312,74.520113,0.64805919,1.0235801,66.501981,68.070107,0.74984809,0.92687573,72.445101,67.147607,0.80911041,0.9458156,70.087792,66.290128
0b_color_jitter_best,file,15,baseline_color_jitter,3930,068.Ruby_throated_Hummingbird/Ruby_Throated_Hummingbird_0119_57575.jpg,68,67,068.Ruby_throated_Hummingbird,78,77,identity,identity,0,{},2.1711919,2.1711919,0,0.11404161,0.11404161,0.68996507,0.68996507,-0.57592346,-0.57592346,0,1,1,162.54578,162.54578,False,1,True,False,False,1,1,162.54578,162.54578,1,1,160.04992,160.04992,1,1,28.375236,28.375236,1,1,31.451219,31.451219,1,1,69.029301,69.029301,1,1,84.580444,84.580444,1,1,84.564773,84.564773,1,1,74.543278,74.543278
0b_color_jitter_best,file,15,baseline_color_jitter,3930,068.Ruby_throated_Hummingbird/Ruby_Throated_Hummingbird_0119_57575.jpg,68,67,068.Ruby_throated_Hummingbird,78,77,color_jitter,color_jitter,0,"{""brightness"":1.301436,""contrast"":1.175443,""hue"":0.071539,""saturation"":1.255174}",2.1711919,2.1121902,-0.059001684,0.11404161,0.12097274,0.68996507,0.45336628,-0.57592346,-0.33239354,0.24352992,0.81215125,0.83897141,162.54578,136.37126,False,0.95439708,True,False,False,0.81215125,0.83897141,162.54578,136.37126,0.80828006,0.83912195,160.04992,134.3014,0.93605834,0.83416782,28.375236,23.669709,0.70504502,0.86568319,31.451219,27.226791,0.77903688,0.84234795,69.029301,58.14669,0.81709145,0.84663076,84.580444,71.608406,0.81262054,0.80607166,84.564773,68.165267,0.8360624,0.86318816,74.543278,64.344875
0b_color_jitter_best,file,15,baseline_color_jitter,2088,037.Acadian_Flycatcher/Acadian_Flycatcher_0008_795599.jpg,37,36,037.Acadian_Flycatcher,43,42,identity,identity,0,{},3.3608303,3.3608303,0,0.034706429,0.034706429,0.79507673,0.79507673,-0.7603703,-0.7603703,0,1,1,170.30465,170.30465,False,1,True,False,False,1,1,170.30465,170.30465,1,1,166.25145,166.25145,1,1,36.934118,36.934118,1,1,32.299029,32.299029,1,1,81.188738,81.188738,1,1,82.963661,82.963661,1,1,83.900963,83.900963,1,1,77.989515,77.989515
0b_color_jitter_best,file,15,baseline_color_jitter,2088,037.Acadian_Flycatcher/Acadian_Flycatcher_0008_795599.jpg,37,36,037.Acadian_Flycatcher,43,42,color_jitter,color_jitter,0,"{""brightness"":1.100519,""contrast"":1.018656,""hue"":-0.048767,""saturation"":0.687883}",3.3608303,3.3026977,-0.058132648,0.034706429,0.036783807,0.79507673,0.66667181,-0.7603703,-0.62988801,0.13048229,0.92595952,1.0198812,170.30465,173.69051,False,0.98872733,True,False,False,0.92595952,1.0198812,170.30465,173.69051,0.92334378,1.0204666,166.25145,169.65405,0.97968439,1.0079469,36.934118,37.227629,0.91501229,0.99527135,32.299029,32.146298,0.9233119,1.077354,81.188738,87.469014,0.90758587,0.98897799,82.963661,82.049235,0.93077495,1.0126381,83.900963,84.961311,0.93594096,1.0053633,77.989515,78.407795
0b_color_jitter_best,file,15,baseline_color_jitter,3431,060.Glaucous_winged_Gull/Glaucous_Winged_Gull_0078_44461.jpg,60,59,060.Glaucous_winged_Gull,59,58,identity,identity,0,{},3.2701602,3.2701602,0,0.038000345,0.038000345,0.38249257,0.38249257,-0.34449223,-0.34449223,0,1,1,159.59779,159.59779,False,1,True,False,False,1,1,159.59779,159.59779,1,1,156.50974,156.50974,1,1,31.243495,31.243495,1,1,57.25584,57.25584,1,1,60.201428,60.201428,1,1,74.561983,74.561983,1,1,78.812257,78.812257,1,1,76.301985,76.301985
0b_color_jitter_best,file,15,baseline_color_jitter,3431,060.Glaucous_winged_Gull/Glaucous_Winged_Gull_0078_44461.jpg,60,59,060.Glaucous_winged_Gull,59,58,color_jitter,color_jitter,0,"{""brightness"":0.675156,""contrast"":0.924171,""hue"":-0.080251,""saturation"":1.340116}",3.2701602,3.4603262,0.190166,0.038000345,0.031419516,0.38249257,0.31265384,-0.34449223,-0.28123432,0.063257903,0.7807019,1.0270435,159.59779,163.91387,False,0.97979671,True,False,False,0.7807019,1.0270435,159.59779,163.91387,0.77352623,1.0280475,156.50974,160.89944,0.9657915,1.0015203,31.243495,31.290994,0.56429783,0.7349818,57.25584,42.082,0.60768716,1.1684953,60.201428,70.345087,0.8119529,1.0915184,74.561983,81.385779,0.8520319,1.0360305,78.812257,81.651902,0.87790209,1.004852,76.301985,76.672205
0b_color_jitter_best,file,15,baseline_color_jitter,2718,048.European_Goldfinch/European_Goldfinch_0041_794645.jpg,48,47,048.European_Goldfinch,132,131,identity,identity,0,{},0.019926134,0.019926134,0,0.9802711,0.9802711,0.0077817929,0.0077817929,0.97248931,0.97248931,0,1,1,2.4358904,2.4358904,False,0.99999994,True,True,True,1,1,2.4358904,2.4358904,1,1,2.3708419,2.3708419,1,1,0.55916973,0.55916973,1,1,0.29652864,0.29652864,1,1,0.78635911,0.78635911,1,1,1.1009483,1.1009483,1,1,1.2459284,1.2459284,1,1,1.466348,1.466348
0b_color_jitter_best,file,15,baseline_color_jitter,2718,048.European_Goldfinch/European_Goldfinch_0041_794645.jpg,48,47,048.European_Goldfinch,132,131,color_jitter,color_jitter,0,"{""brightness"":0.818905,""contrast"":1.34595,""hue"":-0.03487,""saturation"":1.254492}",0.019926134,0.024744574,0.0048184395,0.9802711,0.97555906,0.0077817929,0.0063720508,0.97248931,0.969187,-0.0033023031,0.8417165,1.3078022,2.4358904,3.1856629,False,0.98757261,True,True,True,0.8417165,1.3078022,2.4358904,3.1856629,0.83494716,1.3135476,2.3708419,3.1142136,0.97822801,1.1998339,0.55916973,0.67091082,0.72356555,1.5527677,0.29652864,0.4604401,0.70434394,1.2785987,0.78635911,1.0054378,0.80816333,1.4535672,1.1009483,1.6003023,0.84048914,1.2956866,1.2459284,1.6143327,0.89782828,1.2404251,1.466348,1.818895
0b_color_jitter_best,file,15,baseline_color_jitter,415,008.Rhinoceros_Auklet/Rhinoceros_Auklet_0010_797545.jpg,8,7,008.Rhinoceros_Auklet,5,4,identity,identity,0,{},0.029972797,0.029972797,0,0.97047192,0.97047192,0.011652567,0.011652567,0.95881935,0.95881935,0,1,1,4.7537559,4.7537559,False,1.0000001,True,True,True,1,1,4.7537559,4.7537559,1,1,4.6727816,4.6727816,1,1,0.87367475,0.87367475,1,1,1.275035,1.275035,1,1,1.9743753,1.9743753,1,1,2.2773563,2.2773563,1,1,2.349804,2.349804,1,1,2.3670836,2.3670836
0b_color_jitter_best,file,15,baseline_color_jitter,415,008.Rhinoceros_Auklet/Rhinoceros_Auklet_0010_797545.jpg,8,7,008.Rhinoceros_Auklet,5,4,color_jitter,color_jitter,0,"{""brightness"":0.910831,""contrast"":1.366581,""hue"":-0.07527,""saturation"":1.292852}",0.029972797,0.15903239,0.12905959,0.97047192,0.85296875,0.011652567,0.07516513,0.95881935,0.77780362,-0.18101573,0.839485,5.2444019,4.7537559,24.930607,False,0.97423673,True,True,True,0.839485,5.2444019,4.7537559,24.930607,0.8350434,5.2435847,4.6727816,24.502126,0.96596608,5.2677241,0.87367475,4.6022776,0.84294393,5.8786459,1.275035,7.4954794,0.76508049,5.2328667,1.9743753,10.331643,0.84508275,5.1762588,2.2773563,11.788185,0.84168671,5.3273566,2.349804,12.518244,0.8692573,5.0299698,2.3670836,11.906359
0b_color_jitter_best,file,15,baseline_color_jitter,9953,170.Mourning_Warbler/Mourning_Warbler_0020_166440.jpg,170,169,170.Mourning_Warbler,160,159,identity,identity,0,{},0.0030938163,0.0030938163,0,0.99691099,0.99691099,0.0015600646,0.0015600646,0.99535092,0.99535092,0,1,1,0.4600028,0.4600028,False,0.99999976,True,True,True,1,1,0.4600028,0.4600028,1,1,0.44526329,0.44526329,1,1,0.11551265,0.11551265,1,1,0.071935083,0.071935083,1,1,0.18089853,0.18089853,1,1,0.2208748,0.2208748,1,1,0.22600927,0.22600927,1,1,0.24595649,0.24595649
0b_color_jitter_best,file,15,baseline_color_jitter,9953,170.Mourning_Warbler/Mourning_Warbler_0020_166440.jpg,170,169,170.Mourning_Warbler,160,159,color_jitter,color_jitter,0,"{""brightness"":1.31575,""contrast"":0.673232,""hue"":0.021052,""saturation"":0.745744}",0.0030938163,0.0015808954,-0.0015129209,0.99691099,0.99842036,0.0015600646,0.00084093492,0.99535092,0.99757942,0.0022284981,0.86339401,0.56563668,0.4600028,0.26019445,False,0.99117666,True,True,True,0.86339401,0.56563668,0.4600028,0.26019445,0.85544234,0.56766414,0.44526329,0.25276,0.99031146,0.53460657,0.11551265,0.061753822,0.51378517,0.87937499,0.071935083,0.063257913,0.80567412,0.66392964,0.18089853,0.1201039,0.87079352,0.57806332,0.2208748,0.12767962,0.88699666,0.51211571,0.22600927,0.1157429,0.9285295,0.51045294,0.24595649,0.12554921
0b_color_jitter_best,file,15,baseline_color_jitter,2684,047.American_Goldfinch/American_Goldfinch_0045_31974.jpg,47,46,047.American_Goldfinch,139,138,identity,identity,0,{},0.42664951,0.42664951,0,0.65269226,0.65269226,0.17305431,0.17305431,0.47963795,0.47963795,0,1,1,72.084103,72.084103,False,1,True,True,True,1,1,72.084103,72.084103,1,1,71.167175,71.167175,1,1,11.460853,11.460853,1,1,12.733923,12.733923,1,1,28.421932,28.421932,1,1,34.957304,34.957304,1,1,41.369283,41.369283,1,1,34.078984,34.078984
0b_color_jitter_best,file,15,baseline_color_jitter,2684,047.American_Goldfinch/American_Goldfinch_0045_31974.jpg,47,46,047.American_Goldfinch,139,138,color_jitter,color_jitter,0,"{""brightness"":0.815566,""contrast"":0.739083,""hue"":0.065335,""saturation"":0.701782}",0.42664951,0.40014994,-0.026499569,0.65269226,0.67021954,0.17305431,0.014945626,0.47963795,0.65527391,0.17563596,0.51282298,0.74846571,72.084103,53.95248,False,0.93549764,True,True,True,0.51282298,0.74846571,72.084103,53.95248,0.50386353,0.73909659,71.167175,52.599416,0.78691944,1.0476657,11.460853,12.007142,0.10402836,0.81194535,12.733923,10.339249,0.37038882,0.69879311,28.421932,19.86105,0.39383753,0.76457431,34.957304,26.727457,0.57997018,0.69431076,41.369283,28.723138,0.66023738,0.79062434,34.078984,26.943674
0b_color_jitter_best,file,15,baseline_color_jitter,4006,069.Rufous_Hummingbird/Rufous_Hummingbird_0113_59444.jpg,69,68,069.Rufous_Hummingbird,83,82,identity,identity,0,{},0.19626686,0.19626686,0,0.8217929,0.8217929,0.10134497,0.10134497,0.72044794,0.72044794,0,1,1,29.408722,29.408722,False,1,True,True,True,1,1,29.408722,29.408722,1,1,28.507526,28.507526,1,1,7.2245351,7.2245351,1,1,5.0619478,5.0619478,1,1,13.806796,13.806796,1,1,14.620556,14.620556,1,1,13.639229,13.639229,1,1,14.022799,14.022799
0b_color_jitter_best,file,15,baseline_color_jitter,4006,069.Rufous_Hummingbird/Rufous_Hummingbird_0113_59444.jpg,69,68,069.Rufous_Hummingbird,83,82,color_jitter,color_jitter,0,"{""brightness"":1.139658,""contrast"":1.321413,""hue"":0.071493,""saturation"":0.965011}",0.19626686,0.11439813,-0.08186873,0.8217929,0.8919028,0.10134497,0.046563666,0.72044794,0.84533914,0.1248912,0.81473692,0.52649819,29.408722,15.483639,False,0.97693521,True,True,True,0.81473692,0.52649819,29.408722,15.483639,0.80528216,0.52462426,28.507526,14.95574,0.95512698,0.55486019,7.2245351,4.0086069,0.58996407,0.47822955,5.0619478,2.420773,0.79790601,0.44896623,13.806796,6.1987852,0.8162866,0.5099062,14.620556,7.4551121,0.80039516,0.55078553,13.639229,7.5122899,0.84125557,0.58535254,14.022799,8.2082811
0b_color_jitter_best,file,15,baseline_color_jitter,148,003.Sooty_Albatross/Sooty_Albatross_0017_796349.jpg,3,2,003.Sooty_Albatross,1,0,identity,identity,0,{},1.1814955,1.1814955,0,0.30681953,0.30681953,0.66599947,0.66599947,-0.35917994,-0.35917994,0,1,1,182.11779,182.11779,False,1,True,False,False,1,1,182.11779,182.11779,1,1,178.84356,178.84356,1,1,34.378356,34.378356,1,1,43.085179,43.085179,1,1,98.263409,98.263409,1,1,93.354092,93.354092,1,1,79.928993,79.928993,1,1,73.275908,73.275908
0b_color_jitter_best,file,15,baseline_color_jitter,148,003.Sooty_Albatross/Sooty_Albatross_0017_796349.jpg,3,2,003.Sooty_Albatross,1,0,color_jitter,color_jitter,0,"{""brightness"":0.947044,""contrast"":0.906899,""hue"":-0.090348,""saturation"":0.981734}",1.1814955,1.1192486,-0.062246919,0.30681953,0.32652503,0.66599947,0.63443637,-0.35917994,-0.30791134,0.051268607,0.91180068,0.97821007,182.11779,178.14946,False,0.98363578,True,False,False,0.91180068,0.97821007,182.11779,178.14946,0.90906952,0.97677695,178.84356,174.69027,0.98353323,1.0162275,34.378356,34.93623,0.85657812,0.98234499,43.085179,42.32451,0.89898525,0.9958103,98.263409,97.851714,0.92134011,0.9932566,93.354092,92.724568,0.9081911,0.9504026,79.928993,75.964723,0.92867762,0.94370938,73.275908,69.151161
0b_color_jitter_best,file,15,baseline_color_jitter,1017,019.Gray_Catbird/Gray_Catbird_0080_20139.jpg,19,18,019.Gray_Catbird,76,75,identity,identity,0,{},0.41927031,0.41927031,0,0.65752643,0.65752643,0.071607128,0.071607128,0.58591931,0.58591931,0,1,1,52.894623,52.894623,False,1,True,True,True,1,1,52.894623,52.894623,1,1,51.842915,51.842915,1,1,10.495396,10.495396,1,1,10.718251,10.718251,1,1,28.671263,28.671263,1,1,25.086253,25.086253,1,1,22.690593,22.690593,1,1,24.628896,24.628896
0b_color_jitter_best,file,15,baseline_color_jitter,1017,019.Gray_Catbird/Gray_Catbird_0080_20139.jpg,19,18,019.Gray_Catbird,76,75,color_jitter,color_jitter,0,"{""brightness"":0.930601,""contrast"":0.952959,""hue"":0.083188,""saturation"":0.712696}",0.41927031,0.72889709,0.30962679,0.65752643,0.4824408,0.071607128,0.075759143,0.58591931,0.40668166,-0.17923765,0.92390083,1.6182339,52.894623,85.595873,False,0.99338293,True,True,True,0.92390083,1.6182339,52.894623,85.595873,0.92157112,1.6239978,51.842915,84.192779,0.99106071,1.4706143,10.495396,15.434679,0.8368646,1.7402655,10.718251,18.652603,0.91992326,1.749632,28.671263,50.16416,0.92395161,1.5677147,25.086253,39.328088,0.92201118,1.5808385,22.690593,35.870163,0.94730381,1.5141571,24.628896,37.292017
0b_color_jitter_best,file,15,baseline_color_jitter,671,013.Bobolink/Bobolink_0101_9811.jpg,13,12,013.Bobolink,10,9,identity,identity,0,{},0.096794233,0.096794233,0,0.9077428,0.9077428,0.037554339,0.037554339,0.87018846,0.87018846,0,1,1,13.116133,13.116133,False,1,True,True,True,1,1,13.116133,13.116133,1,1,12.859451,12.859451,1,1,2.5821437,2.5821437,1,1,2.7139012,2.7139012,1,1,4.9552229,4.9552229,1,1,5.9633311,5.9633311,1,1,6.7916304,6.7916304,1,1,7.1943332,7.1943332
0b_color_jitter_best,file,15,baseline_color_jitter,671,013.Bobolink/Bobolink_0101_9811.jpg,13,12,013.Bobolink,10,9,color_jitter,color_jitter,0,"{""brightness"":0.73685,""contrast"":0.984564,""hue"":-0.03688,""saturation"":1.325199}",0.096794233,0.19105123,0.094256997,0.9077428,0.82609028,0.037554339,0.068109959,0.87018846,0.75798032,-0.11220814,0.8919178,1.8367829,13.116133,24.091489,False,0.98939663,True,True,True,0.8919178,1.8367829,13.116133,24.091489,0.8878879,1.833233,12.859451,23.57437,0.98818686,1.9227309,2.5821437,4.9647676,0.88610866,2.3084784,2.7139012,6.2649823,0.84701273,1.9625165,4.9552229,9.7247065,0.84958794,1.7964558,5.9633311,10.712861,0.90088818,1.7582504,6.7916304,11.941387,0.93123412,1.7831314,7.1943332,12.828442
0b_color_jitter_best,file,15,baseline_color_jitter,151,003.Sooty_Albatross/Sooty_Albatross_0075_796352.jpg,3,2,003.Sooty_Albatross,9,8,identity,identity,0,{},0.343312,0.343312,0,0.70941687,0.70941687,0.249547,0.249547,0.45986986,0.45986986,0,1,1,71.921255,71.921255,False,1,True,True,True,1,1,71.921255,71.921255,1,1,71.102769,71.102769,1,1,10.81957,10.81957,1,1,30.439727,30.439727,1,1,31.403719,31.403719,1,1,33.105323,33.105323,1,1,33.051523,33.051523,1,1,30.894461,30.894461
0b_color_jitter_best,file,15,baseline_color_jitter,151,003.Sooty_Albatross/Sooty_Albatross_0075_796352.jpg,3,2,003.Sooty_Albatross,9,8,color_jitter,color_jitter,0,"{""brightness"":1.095277,""contrast"":0.634766,""hue"":0.049161,""saturation"":1.183565}",0.343312,0.30204573,-0.041266263,0.70941687,0.73930424,0.249547,0.17719069,0.45986986,0.56211355,0.10224369,0.82992786,0.95180067,71.921255,68.454699,False,0.98396224,True,True,True,0.82992786,0.95180067,71.921255,68.454699,0.82685302,0.95293544,71.102769,67.756349,0.97156212,0.90143151,10.81957,9.7531015,0.64294171,0.6157513,30.439727,18.743301,0.79634786,1.044311,31.403719,32.795248,0.89439667,1.123967,33.105323,37.20929,0.87323617,0.94796977,33.051523,31.331845,0.90583648,0.91429163,30.894461,28.246547
0b_color_jitter_best,file,15,baseline_color_jitter,4617,080.Green_Kingfisher/Green_Kingfisher_0010_71191.jpg,80,79,080.Green_Kingfisher,82,81,identity,identity,0,{},0.8417629,0.8417629,0,0.43095013,0.43095013,0.21575266,0.21575266,0.21519747,0.21519747,0,1,1,67.114971,67.114971,False,0.99999994,True,True,True,1,1,67.114971,67.114971,1,1,64.680456,64.680456,1,1,17.912508,17.912508,1,1,13.789487,13.789487,1,1,23.451982,23.451982,1,1,29.979594,29.979594,1,1,34.961086,34.961086,1,1,36.364302,36.364302
0b_color_jitter_best,file,15,baseline_color_jitter,4617,080.Green_Kingfisher/Green_Kingfisher_0010_71191.jpg,80,79,080.Green_Kingfisher,82,81,color_jitter,color_jitter,0,"{""brightness"":1.062039,""contrast"":1.216196,""hue"":0.069247,""saturation"":1.068095}",0.8417629,0.81571722,-0.02604568,0.43095013,0.44232199,0.21575266,0.23977038,0.21519747,0.2025516,-0.01264587,0.91197897,1.0423208,67.114971,69.955333,False,0.99270308,True,True,True,0.91197897,1.0423208,67.114971,69.955333,0.90595705,1.0407588,64.680456,67.316753,0.9890722,1.0624777,17.912508,19.031639,0.89991528,1.0603298,13.789487,14.621404,0.86568641,1.055232,23.451982,24.747283,0.88087637,1.0424052,29.979594,31.250884,0.91322528,1.0326303,34.961086,36.101877,0.93439032,1.0382175,36.364302,37.754054
0b_color_jitter_best,file,15,baseline_color_jitter,7287,125.Lincoln_Sparrow/Lincoln_Sparrow_0070_117342.jpg,125,124,125.Lincoln_Sparrow,131,130,identity,identity,0,{},5.219923,5.219923,0,0.0054077441,0.0054077441,0.58815694,0.58815694,-0.58274919,-0.58274919,0,1,1,157.5719,157.5719,False,1,True,False,False,1,1,157.5719,157.5719,1,1,154.70104,154.70104,1,1,29.941436,29.941436,1,1,26.231293,26.231293,1,1,67.137017,67.137017,1,1,93.551076,93.551076,1,1,71.846352,71.846352,1,1,69.449628,69.449628
0b_color_jitter_best,file,15,baseline_color_jitter,7287,125.Lincoln_Sparrow/Lincoln_Sparrow_0070_117342.jpg,125,124,125.Lincoln_Sparrow,131,130,color_jitter,color_jitter,0,"{""brightness"":0.873213,""contrast"":1.328928,""hue"":-0.034749,""saturation"":0.74505}",5.219923,4.7831831,-0.43673992,0.0054077441,0.0083693145,0.58815694,0.49934325,-0.58274919,-0.49097393,0.091775263,0.94163891,0.94079266,157.5719,148.24248,False,0.98853117,True,False,False,0.94163891,0.94079266,157.5719,148.24248,0.93995305,0.94019048,154.70104,145.44845,0.98600418,0.95672806,29.941436,28.645812,0.89750976,0.90614401,26.231293,23.769329,0.91683701,0.94098091,67.137017,63.174651,0.95209798,0.9521363,93.551076,89.073375,0.93635652,0.9329999,71.846352,67.032639,0.94932337,0.93001818,69.449628,64.589417
0b_color_jitter_best,file,15,baseline_color_jitter,9512,162.Canada_Warbler/Canada_Warbler_0016_162411.jpg,162,161,162.Canada_Warbler,169,168,identity,identity,0,{},0.10256211,0.10256211,0,0.90252209,0.90252209,0.068309598,0.068309598,0.83421249,0.83421249,0,1,1,17.72855,17.72855,False,1,True,True,True,1,1,17.72855,17.72855,1,1,17.385454,17.385454,1,1,3.4709476,3.4709476,1,1,2.1480852,2.1480852,1,1,5.9131209,5.9131209,1,1,8.7045938,8.7045938,1,1,9.3189265,9.3189265,1,1,10.003119,10.003119
0b_color_jitter_best,file,15,baseline_color_jitter,9512,162.Canada_Warbler/Canada_Warbler_0016_162411.jpg,162,161,162.Canada_Warbler,169,168,color_jitter,color_jitter,0,"{""brightness"":0.645379,""contrast"":0.724073,""hue"":0.027977,""saturation"":1.339268}",0.10256211,0.05022097,-0.052341145,0.90252209,0.95101923,0.068309598,0.032814275,0.83421249,0.91820495,0.083992463,0.88648411,0.5540308,17.72855,9.8221627,False,0.99155718,True,True,True,0.88648411,0.5540308,17.72855,9.8221627,0.88298621,0.55627914,17.385454,9.6711653,0.99122994,0.49428755,3.4709476,1.7156462,0.62396995,0.87150453,2.1480852,1.872066,0.76260473,0.62658223,5.9131209,3.7050565,0.89637515,0.5953716,8.7045938,5.182468,0.90459635,0.51623481,9.3189265,4.8107543,0.94070363,0.51265617,10.003119,5.1281608
0b_color_jitter_best,file,15,baseline_color_jitter,10901,185.Bohemian_Waxwing/Bohemian_Waxwing_0114_177621.jpg,185,184,185.Bohemian_Waxwing,62,61,identity,identity,0,{},2.9526479,2.9526479,0,0.052201301,0.052201301,0.46110603,0.46110603,-0.40890473,-0.40890473,0,1,1,164.24688,164.24688,False,1,True,False,False,1,1,164.24688,164.24688,1,1,161.16519,161.16519,1,1,31.667288,31.667288,1,1,40.648422,40.648422,1,1,62.873705,62.873705,1,1,85.089379,85.089379,1,1,80.286289,80.286289,1,1,81.747976,81.747976
0b_color_jitter_best,file,15,baseline_color_jitter,10901,185.Bohemian_Waxwing/Bohemian_Waxwing_0114_177621.jpg,185,184,185.Bohemian_Waxwing,62,61,color_jitter,color_jitter,0,"{""brightness"":1.382393,""contrast"":0.963759,""hue"":-0.041418,""saturation"":1.168358}",2.9526479,3.5695951,0.61694717,0.052201301,0.028167257,0.46110603,0.35008237,-0.40890473,-0.32191511,0.086989621,0.84176187,0.90697242,164.24688,148.96739,False,0.9692446,True,False,False,0.84176187,0.90697242,164.24688,148.96739,0.83697604,0.90216289,161.16519,145.39726,0.95745218,1.0237032,31.667288,32.417903,0.79270136,1.0842632,40.648422,44.073588,0.71634389,0.84263223,62.873705,52.979411,0.84673478,0.85492929,85.089379,72.745403,0.85758845,0.88339626,80.286289,70.924607,0.89222203,0.95296485,81.747976,77.902948
0b_color_jitter_best,file,15,baseline_color_jitter,3701,064.Ring_billed_Gull/Ring_Billed_Gull_0017_51412.jpg,64,63,064.Ring_billed_Gull,62,61,identity,identity,0,{},0.47732884,0.47732884,0,0.62043846,0.62043846,0.17160816,0.17160816,0.44883029,0.44883029,0,1,1,63.644777,63.644777,False,1,True,True,True,1,1,63.644777,63.644777,1,1,62.175363,62.175363,1,1,13.597127,13.597127,1,1,12.722197,12.722197,1,1,30.105384,30.105384,1,1,33.082856,33.082856,1,1,29.225132,29.225132,1,1,29.137665,29.137665
0b_color_jitter_best,file,15,baseline_color_jitter,3701,064.Ring_billed_Gull/Ring_Billed_Gull_0017_51412.jpg,64,63,064.Ring_billed_Gull,62,61,color_jitter,color_jitter,0,"{""brightness"":0.651345,""contrast"":0.634109,""hue"":0.061447,""saturation"":1.15033}",0.47732884,1.0631915,0.5858627,0.62043846,0.34535185,0.17160816,0.31914681,0.44883029,0.026205033,-0.42262526,0.78616576,2.1594831,63.644777,137.43982,False,0.96589959,True,True,True,0.78616576,2.1594831,63.644777,137.43982,0.78051779,2.1784028,62.175363,135.44298,0.95759174,1.7167703,13.597127,23.343143,0.25160372,2.6269815,12.722197,33.420976,0.76886217,2.7283466,30.105384,82.137923,0.85675405,2.1528977,33.082856,71.224006,0.82019666,1.7743196,29.225132,51.854725,0.85750156,1.7897162,29.137665,52.148153
0b_color_jitter_best,file,15,baseline_color_jitter,4894,084.Red_legged_Kittiwake/Red_Legged_Kittiwake_0021_73808.jpg,84,83,084.Red_legged_Kittiwake,45,44,identity,identity,0,{},0.33884057,0.33884057,0,0.71259606,0.71259606,0.20954379,0.20954379,0.50305226,0.50305226,0,1,1,48.10789,48.10789,False,1.0000001,True,True,True,1,1,48.10789,48.10789,1,1,47.112265,47.112265,1,1,9.7367141,9.7367141,1,1,9.1895695,9.1895695,1,1,23.262354,23.262354,1,1,22.719792,22.719792,1,1,22.908315,22.908315,1,1,23.515959,23.515959
0b_color_jitter_best,file,15,baseline_color_jitter,4894,084.Red_legged_Kittiwake/Red_Legged_Kittiwake_0021_73808.jpg,84,83,084.Red_legged_Kittiwake,45,44,color_jitter,color_jitter,0,"{""brightness"":1.336386,""contrast"":1.137445,""hue"":-0.02832,""saturation"":1.026694}",0.33884057,0.32624233,-0.012598246,0.71259606,0.72163028,0.20954379,0.21877345,0.50305226,0.50285682,-0.00019544363,0.892496,0.95996983,48.10789,46.182123,False,0.99291182,True,True,True,0.892496,0.95996983,48.10789,46.182123,0.88820273,0.95916138,47.112265,45.188265,0.99117775,0.97870666,9.7367141,9.5293869,0.40963338,1.2142541,9.1895695,11.158473,0.86924764,0.8709051,23.262354,20.259303,0.88780901,0.9266014,22.719792,21.052192,0.93606307,1.0022587,22.908315,22.960058,0.95868067,0.98512356,23.515959,23.166125
0b_color_jitter_best,file,15,baseline_color_jitter,7407,127.Savannah_Sparrow/Savannah_Sparrow_0008_118929.jpg,127,126,127.Savannah_Sparrow,131,130,identity,identity,0,{},2.2180839,2.2180839,0,0.1088174,0.1088174,0.26716083,0.26716083,-0.15834343,-0.15834343,0,1,1,129.36859,129.36859,False,1,True,False,False,1,1,129.36859,129.36859,1,1,127.57994,127.57994,1,1,21.438074,21.438074,1,1,25.60507,25.60507,1,1,61.669429,61.669429,1,1,70.62335,70.62335,1,1,61.340011,61.340011,1,1,55.386356,55.386356
0b_color_jitter_best,file,15,baseline_color_jitter,7407,127.Savannah_Sparrow/Savannah_Sparrow_0008_118929.jpg,127,126,127.Savannah_Sparrow,131,130,color_jitter,color_jitter,0,"{""brightness"":1.23541,""contrast"":1.195848,""hue"":0.013625,""saturation"":0.970896}",2.2180839,2.2813697,0.063285828,0.1088174,0.1021442,0.26716083,0.19453675,-0.15834343,-0.092392541,0.065950893,0.89677001,1.1089398,129.36859,143.46198,False,0.98353183,True,False,False,0.89677001,1.1089398,129.36859,143.46198,0.89483101,1.1116556,127.57994,141.82496,0.976686,1.0080491,21.438074,21.610632,0.80329916,1.3806464,25.60507,35.351549,0.87423496,1.065403,61.669429,65.702795,0.90471889,1.1769329,70.62335,83.118943,0.91096287,1.0860645,61.340011,66.619207,0.92173113,1.0214804,55.386356,56.576074
0b_color_jitter_best,file,15,baseline_color_jitter,4422,076.Dark_eyed_Junco/Dark_Eyed_Junco_0089_68498.jpg,76,75,076.Dark_eyed_Junco,39,38,identity,identity,0,{},0.29970425,0.29970425,0,0.74103737,0.74103737,0.11443491,0.11443491,0.62660246,0.62660246,0,1,1,57.551807,57.551807,False,1.0000001,True,True,True,1,1,57.551807,57.551807,1,1,56.797109,56.797109,1,1,9.2897207,9.2897207,1,1,11.964301,11.964301,1,1,30.674101,30.674101,1,1,30.430174,30.430174,1,1,27.10002,27.10002,1,1,21.942197,21.942197
0b_color_jitter_best,file,15,baseline_color_jitter,4422,076.Dark_eyed_Junco/Dark_Eyed_Junco_0089_68498.jpg,76,75,076.Dark_eyed_Junco,39,38,color_jitter,color_jitter,0,"{""brightness"":1.308334,""contrast"":0.773546,""hue"":-0.062052,""saturation"":0.768328}",0.29970425,0.3328751,0.033170849,0.74103737,0.71685976,0.11443491,0.15280925,0.62660246,0.56405051,-0.062551945,0.87077027,1.2878755,57.551807,74.119565,False,0.98109686,True,True,True,0.87077027,1.2878755,57.551807,74.119565,0.86908663,1.2936615,56.797109,73.476234,0.9671912,1.0489422,9.2897207,9.7443803,0.65283927,1.8679538,11.964301,22.348762,0.900795,1.4563021,30.674101,44.670758,0.90177413,1.242796,30.430174,37.8185,0.87422048,1.1028376,27.10002,29.886922,0.89330517,1.0979015,21.942197,24.090372
0b_color_jitter_best,file,15,baseline_color_jitter,6208,107.Common_Raven/Common_Raven_0010_101390.jpg,107,106,107.Common_Raven,30,29,identity,identity,0,{},2.9485927,2.9485927,0,0.052413415,0.052413415,0.70028996,0.70028996,-0.64787655,-0.64787655,0,1,1,177.89494,177.89494,False,1,True,False,False,1,1,177.89494,177.89494,1,1,173.86081,173.86081,1,1,37.670009,37.670009,1,1,48.975058,48.975058,1,1,75.731895,75.731895,1,1,90.601676,90.601676,1,1,81.347115,81.347115,1,1,85.25073,85.25073
0b_color_jitter_best,file,15,baseline_color_jitter,6208,107.Common_Raven/Common_Raven_0010_101390.jpg,107,106,107.Common_Raven,30,29,color_jitter,color_jitter,0,"{""brightness"":0.858448,""contrast"":0.727278,""hue"":-0.062678,""saturation"":0.698999}",2.9485927,3.5639331,0.61534047,0.052413415,0.028327189,0.70028996,0.77708042,-0.64787655,-0.74875323,-0.10087668,0.9042337,1.187768,177.89494,211.29791,False,0.99463683,True,False,False,0.9042337,1.187768,177.89494,211.29791,0.90043949,1.1911433,173.86081,207.09313,0.99266837,1.1134404,37.670009,41.943311,0.82285987,1.0950665,48.975058,53.630946,0.87230376,1.4159616,75.731895,107.23345,0.9125874,1.1637076,90.601676,105.43386,0.91544701,1.1165668,81.347115,90.829487,0.94370244,1.1218041,85.25073,95.634616
0b_color_jitter_best,file,15,baseline_color_jitter,7375,126.Nelson_Sharp_tailed_Sparrow/Nelson_Sharp_Tailed_Sparrow_0017_796910.jpg,126,125,126.Nelson_Sharp_tailed_Sparrow,124,123,identity,identity,0,{},0.90407449,0.90407449,0,0.40491647,0.40491647,0.5557183,0.5557183,-0.15080184,-0.15080184,0,1,1,139.28938,139.28938,False,1,True,False,False,1,1,139.28938,139.28938,1,1,137.24125,137.24125,1,1,23.798506,23.798506,1,1,27.137114,27.137114,1,1,66.399745,66.399745,1,1,88.211995,88.211995,1,1,57.107889,57.107889,1,1,51.450415,51.450415
0b_color_jitter_best,file,15,baseline_color_jitter,7375,126.Nelson_Sharp_tailed_Sparrow/Nelson_Sharp_Tailed_Sparrow_0017_796910.jpg,126,125,126.Nelson_Sharp_tailed_Sparrow,124,123,color_jitter,color_jitter,0,"{""brightness"":0.857761,""contrast"":1.074101,""hue"":-0.062262,""saturation"":0.726541}",0.90407449,1.2357675,0.33169299,0.40491647,0.29061165,0.5557183,0.67840999,-0.15080184,-0.38779834,-0.2369965,0.9639632,1.3812,139.28938,192.38649,False,0.99344355,True,False,False,0.9639632,1.3812,139.28938,192.38649,0.96336432,1.3855459,137.24125,190.15405,0.99328837,1.2279465,23.798506,29.223292,0.95127705,1.5591475,27.137114,42.310765,0.96418959,1.4408473,66.399745,95.671894,0.97325943,1.3885202,88.211995,122.48414,0.95267356,1.3332042,57.107889,76.136478,0.95513421,1.2916109,51.450415,66.453916
0b_color_jitter_best,file,15,baseline_color_jitter,3555,062.Herring_Gull/Herring_Gull_0094_47172.jpg,62,61,062.Herring_Gull,66,65,identity,identity,0,{},0.82025802,0.82025802,0,0.44031802,0.44031802,0.20433898,0.20433898,0.23597904,0.23597904,0,1,1,83.50814,83.50814,False,0.99999994,True,True,True,1,1,83.50814,83.50814,1,1,81.793611,81.793611,1,1,16.834922,16.834922,1,1,21.077769,21.077769,1,1,37.684829,37.684829,1,1,41.859249,41.859249,1,1,40.106063,40.106063,1,1,38.276405,38.276405
0b_color_jitter_best,file,15,baseline_color_jitter,3555,062.Herring_Gull/Herring_Gull_0094_47172.jpg,62,61,062.Herring_Gull,66,65,color_jitter,color_jitter,0,"{""brightness"":1.27949,""contrast"":1.136089,""hue"":-0.021546,""saturation"":1.068807}",0.82025802,0.92137772,0.1011197,0.44031802,0.39797038,0.20433898,0.17140743,0.23597904,0.22656295,-0.0094160885,0.80808371,0.92885471,83.50814,77.566929,False,0.96927476,True,True,True,0.80808371,0.92885471,83.50814,77.566929,0.80100809,0.92185533,81.793611,75.401877,0.96029916,1.0809972,16.834922,18.198503,0.83566814,0.99160507,21.077769,20.900822,0.69864031,0.72468513,37.684829,27.309635,0.77579588,0.8907957,41.859249,37.288039,0.84597074,0.98429928,40.106063,39.476368,0.86334796,1.0298987,38.276405,39.420819
0b_color_jitter_best,file,15,baseline_color_jitter,9793,167.Hooded_Warbler/Hooded_Warbler_0021_165057.jpg,167,166,167.Hooded_Warbler,161,160,identity,identity,0,{},0.96460664,0.96460664,0,0.38113308,0.38113308,0.20223199,0.20223199,0.17890109,0.17890109,0,1,1,71.042121,71.042121,False,1.0000001,True,True,True,1,1,71.042121,71.042121,1,1,69.199053,69.199053,1,1,16.077128,16.077128,1,1,10.065168,10.065168,1,1,27.726874,27.726874,1,1,40.839989,40.839989,1,1,33.080529,33.080529,1,1,34.002878,34.002878
0b_color_jitter_best,file,15,baseline_color_jitter,9793,167.Hooded_Warbler/Hooded_Warbler_0021_165057.jpg,167,166,167.Hooded_Warbler,161,160,color_jitter,color_jitter,0,"{""brightness"":0.737298,""contrast"":0.864036,""hue"":-0.052532,""saturation"":1.073449}",0.96460664,0.81059879,-0.15400785,0.38113308,0.44459176,0.20223199,0.19628827,0.17890109,0.24830349,0.069402397,0.8699666,1.0231988,71.042121,72.690212,False,0.9897089,True,True,True,0.8699666,1.0231988,71.042121,72.690212,0.86440223,1.0280227,69.199053,71.138196,0.9882316,0.92931303,16.077128,14.940684,0.51684304,1.4148386,10.065168,14.240588,0.81906347,1.2407654,27.726874,34.402547,0.89181038,1.0402231,40.839989,42.4827,0.88739796,0.92082744,33.080529,30.461458,0.91845152,0.90245422,34.002878,30.68604
0b_color_jitter_best,file,15,baseline_color_jitter,303,006.Least_Auklet/Least_Auklet_0010_795092.jpg,6,5,006.Least_Auklet,7,6,identity,identity,0,{},0.0018052248,0.0018052248,0,0.99819642,0.99819642,0.001752214,0.001752214,0.99644421,0.99644421,0,1,1,0.56171368,0.56171368,False,1,True,True,True,1,1,0.56171368,0.56171368,1,1,0.55387937,0.55387937,1,1,0.093487449,0.093487449,1,1,0.19411556,0.19411556,1,1,0.24551337,0.24551337,1,1,0.3005301,0.3005301,1,1,0.25549995,0.25549995,1,1,0.23070787,0.23070787
0b_color_jitter_best,file,15,baseline_color_jitter,303,006.Least_Auklet/Least_Auklet_0010_795092.jpg,6,5,006.Least_Auklet,7,6,color_jitter,color_jitter,0,"{""brightness"":0.704103,""contrast"":0.829153,""hue"":-0.013264,""saturation"":1.23284}",0.0018052248,0.00091272651,-0.0008924983,0.99819642,0.99908769,0.001752214,0.00081411598,0.99644421,0.99827358,0.0018293663,0.88991372,0.46403903,0.56171368,0.26065707,False,0.98771298,True,True,True,0.88991372,0.46403903,0.56171368,0.26065707,0.88716228,0.46405974,0.55387937,0.25703311,0.98665011,0.46331178,0.093487449,0.043313836,0.62988422,0.31781408,0.19411556,0.061692658,0.87643317,0.52777774,0.24551337,0.12957649,0.94242861,0.49057921,0.3005301,0.14743382,0.92925278,0.45471852,0.25549995,0.11618056,0.92262832,0.43851879,0.23070787,0.10116973
0b_color_jitter_best,file,15,baseline_color_jitter,9474,162.Canada_Warbler/Canada_Warbler_0121_162310.jpg,162,161,162.Canada_Warbler,172,171,identity,identity,0,{},0.16322012,0.16322012,0,0.84940422,0.84940422,0.08568801,0.08568801,0.76371621,0.76371621,0,1,1,25.021596,25.021596,False,1.0000001,True,True,True,1,1,25.021596,25.021596,1,1,24.425155,24.425155,1,1,5.4306598,5.4306598,1,1,6.1877455,6.1877455,1,1,9.1253034,9.1253034,1,1,12.832591,12.832591,1,1,12.307699,12.307699,1,1,12.604522,12.604522
0b_color_jitter_best,file,15,baseline_color_jitter,9474,162.Canada_Warbler/Canada_Warbler_0121_162310.jpg,162,161,162.Canada_Warbler,172,171,color_jitter,color_jitter,0,"{""brightness"":1.131524,""contrast"":1.187424,""hue"":-0.085072,""saturation"":1.342747}",0.16322012,0.050915461,-0.11230466,0.84940422,0.95035899,0.08568801,0.018775791,0.76371621,0.9315832,0.16786699,0.84207083,0.3546464,25.021596,8.8738189,False,0.97426856,True,True,True,0.84207083,0.3546464,25.021596,8.8738189,0.83675053,0.3558263,24.425155,8.6911125,0.96047113,0.32987362,5.4306598,1.7914314,0.76500295,0.2819658,6.1877455,1.7447326,0.73783542,0.36445846,9.1253034,3.3257941,0.87134904,0.36083344,12.832591,4.6304281,0.8490381,0.36900466,12.307699,4.5415982,0.86074686,0.34911225,12.604522,4.4003931
0b_color_jitter_best,file,15,baseline_color_jitter,4449,077.Tropical_Kingbird/Tropical_Kingbird_0060_69942.jpg,77,76,077.Tropical_Kingbird,38,37,identity,identity,0,{},0.0095827114,0.0095827114,0,0.99046308,0.99046308,0.0071715037,0.0071715037,0.98329157,0.98329157,0,1,1,1.3153263,1.3153263,False,1,True,True,True,1,1,1.3153263,1.3153263,1,1,1.2565097,1.2565097,1,1,0.38892989,0.38892989,1,1,0.23400633,0.23400633,1,1,0.56759924,0.56759924,1,1,0.59982266,0.59982266,1,1,0.59409957,0.59409957,1,1,0.69939067,0.69939067
0b_color_jitter_best,file,15,baseline_color_jitter,4449,077.Tropical_Kingbird/Tropical_Kingbird_0060_69942.jpg,77,76,077.Tropical_Kingbird,38,37,color_jitter,color_jitter,0,"{""brightness"":0.861392,""contrast"":1.268198,""hue"":-0.026902,""saturation"":1.111928}",0.0095827114,0.0044754581,-0.0051072533,0.99046308,0.99553454,0.0071715037,0.0024821162,0.98329157,0.99305242,0.0097608487,0.91150711,0.41382395,1.3153263,0.54431351,False,0.99526387,True,True,True,0.91150711,0.41382395,1.3153263,0.54431351,0.90456106,0.41264982,1.2565097,0.51849852,0.98216556,0.42588555,0.38892989,0.16563962,0.81624995,0.39026455,0.23400633,0.091324377,0.90865598,0.36551584,0.56759924,0.20746651,0.89156868,0.40636764,0.59982266,0.24374852,0.90044373,0.42477156,0.59409957,0.2523566,0.92870539,0.43921431,0.69939067,0.30718239
0b_color_jitter_best,file,15,baseline_color_jitter,4363,075.Green_Jay/Green_Jay_0095_65881.jpg,75,74,075.Green_Jay,16,15,identity,identity,0,{},0.046903811,0.046903811,0,0.95417917,0.95417917,0.009245567,0.009245567,0.9449336,0.9449336,0,1,1,8.3539229,8.3539229,False,1,True,True,True,1,1,8.3539229,8.3539229,1,1,8.2259852,8.2259852,1,1,1.4564329,1.4564329,1,1,2.0119156,2.0119156,1,1,3.8974722,3.8974722,1,1,4.7063065,4.7063065,1,1,3.5950748,3.5950748,1,1,3.6544294,3.6544294
0b_color_jitter_best,file,15,baseline_color_jitter,4363,075.Green_Jay/Green_Jay_0095_65881.jpg,75,74,075.Green_Jay,16,15,color_jitter,color_jitter,0,"{""brightness"":1.052185,""contrast"":1.097573,""hue"":0.034793,""saturation"":0.891556}",0.046903811,0.054384656,0.0074808449,0.95417917,0.94706774,0.009245567,0.014140534,0.9449336,0.9329272,-0.012006397,0.93507125,1.1073771,8.3539229,9.2509429,False,0.99449736,True,True,True,0.93507125,1.1073771,8.3539229,9.2509429,0.93330782,1.1064094,8.2259852,9.1013072,0.99012742,1.1378157,1.4564329,1.6571521,0.88409436,1.152873,2.0119156,2.3194832,0.91423847,1.0680116,3.8974722,4.1625456,0.94395966,1.0832166,4.7063065,5.0979494,0.93192436,1.1239875,3.5950748,4.0408191,0.9551332,1.1548051,3.6544294,4.2201536
0b_color_jitter_best,file,15,baseline_color_jitter,6394,110.Geococcyx/Geococcyx_0091_104301.jpg,110,109,110.Geococcyx,100,99,identity,identity,0,{},0.012455298,0.012455298,0,0.98762196,0.98762196,0.0011826133,0.0011826133,0.98643935,0.98643935,0,1,1,1.2384386,1.2384386,False,0.99999988,True,True,True,1,1,1.2384386,1.2384386,1,1,1.2035134,1.2035134,1,1,0.29203713,0.29203713,1,1,0.2064095,0.2064095,1,1,0.40466925,0.40466925,1,1,0.58180149,0.58180149,1,1,0.58100797,0.58100797,1,1,0.75234249,0.75234249
0b_color_jitter_best,file,15,baseline_color_jitter,6394,110.Geococcyx/Geococcyx_0091_104301.jpg,110,109,110.Geococcyx,100,99,color_jitter,color_jitter,0,"{""brightness"":0.621306,""contrast"":0.861791,""hue"":0.011396,""saturation"":0.616565}",0.012455298,0.012559722,0.00010442454,0.98762196,0.98751885,0.0011826133,0.0012336217,0.98643935,0.98628523,-0.00015412446,0.80324822,1.2111304,1.2384386,1.4999106,False,0.98671567,True,True,True,0.80324822,1.2111304,1.2384386,1.4999106,0.79484221,1.2212127,1.2035134,1.4697458,0.98514782,1.024862,0.29203713,0.29929776,0.39081454,2.0040275,0.2064095,0.41365032,0.7015017,1.5236024,0.40466925,0.61655503,0.80275169,1.3195416,0.58180149,0.7677113,0.81492509,1.0794329,0.58100797,0.62715911,0.91051011,1.0518162,0.75234249,0.79132605
0b_color_jitter_best,file,15,baseline_color_jitter,5235,090.Red_breasted_Merganser/Red_Breasted_Merganser_0016_79476.jpg,90,89,090.Red_breasted_Merganser,25,24,identity,identity,0,{},0.0073406026,0.0073406026,0,0.99268627,0.99268627,0.0031205411,0.0031205411,0.98956573,0.98956573,0,1,1,1.2821007,1.2821007,False,1,True,True,True,1,1,1.2821007,1.2821007,1,1,1.2624312,1.2624312,1,1,0.22371739,0.22371739,1,1,0.2709654,0.2709654,1,1,0.52871208,0.52871208,1,1,0.69853561,0.69853561,1,1,0.6744583,0.6744583,1,1,0.54582776,0.54582776
0b_color_jitter_best,file,15,baseline_color_jitter,5235,090.Red_breasted_Merganser/Red_Breasted_Merganser_0016_79476.jpg,90,89,090.Red_breasted_Merganser,25,24,color_jitter,color_jitter,0,"{""brightness"":1.193331,""contrast"":0.916042,""hue"":-0.066151,""saturation"":1.341834}",0.0073406026,0.0061799861,-0.0011606165,0.99268627,0.99383909,0.0031205411,0.0029457444,0.98956573,0.99089334,0.0013276101,0.87790574,0.88240678,1.2821007,1.1313343,False,0.99253029,True,True,True,0.87790574,0.88240678,1.2821007,1.1313343,0.87443549,0.88291612,1.2624312,1.1146209,0.99072284,0.86603124,0.22371739,0.19374625,0.74144753,1.1028193,0.2709654,0.29882586,0.85697168,0.8160923,0.52871208,0.43147786,0.89021652,0.89795754,0.69853561,0.62725532,0.87893555,0.8734453,0.6744583,0.58910243,0.90723623,0.87176738,0.54582776,0.47583483
0b_color_jitter_best,file,15,baseline_color_jitter,9193,157.Yellow_throated_Vireo/Yellow_Throated_Vireo_0012_794977.jpg,157,156,157.Yellow_throated_Vireo,175,174,identity,identity,0,{},0.6407243,0.6407243,0,0.5269106,0.5269106,0.44090495,0.44090495,0.086005658,0.086005658,0,1,1,84.183277,84.183277,False,1,True,True,True,1,1,84.183277,84.183277,1,1,82.144776,82.144776,1,1,18.413579,18.413579,1,1,12.788081,12.788081,1,1,32.373528,32.373528,1,1,49.415382,49.415382,1,1,40.843677,40.843677,1,1,37.763713,37.763713
0b_color_jitter_best,file,15,baseline_color_jitter,9193,157.Yellow_throated_Vireo/Yellow_Throated_Vireo_0012_794977.jpg,157,156,157.Yellow_throated_Vireo,175,174,color_jitter,color_jitter,0,"{""brightness"":1.388558,""contrast"":1.233119,""hue"":0.065562,""saturation"":1.070079}",0.6407243,1.6135504,0.97282612,0.5269106,0.19917917,0.44090495,0.76069623,0.086005658,-0.56151706,-0.64752272,0.85394411,1.7378116,84.183277,146.29468,False,0.97992498,False,True,False,0.85394411,1.7378116,84.183277,146.29468,0.84861846,1.746869,82.144776,143.49616,0.97972894,1.5465643,18.413579,28.477784,0.75737925,2.4282381,12.788081,31.052506,0.70519501,1.6686739,32.373528,54.02086,0.87606122,1.6928758,49.415382,83.654104,0.87984238,1.8161852,40.843677,74.179684,0.89065636,1.7177631,37.763713,64.869113
0b_color_jitter_best,file,15,baseline_color_jitter,3990,069.Rufous_Hummingbird/Rufous_Hummingbird_0064_58509.jpg,69,68,069.Rufous_Hummingbird,67,66,identity,identity,0,{},0.53845042,0.53845042,0,0.58365196,0.58365196,0.23602393,0.23602393,0.34762803,0.34762803,0,1,1,76.753097,76.753097,False,1,True,True,True,1,1,76.753097,76.753097,1,1,75.022659,75.022659,1,1,16.206127,16.206127,1,1,12.385575,12.385575,1,1,40.785777,40.785777,1,1,39.592053,39.592053,1,1,32.664678,32.664678,1,1,34.307512,34.307512
0b_color_jitter_best,file,15,baseline_color_jitter,3990,069.Rufous_Hummingbird/Rufous_Hummingbird_0064_58509.jpg,69,68,069.Rufous_Hummingbird,67,66,color_jitter,color_jitter,0,"{""brightness"":0.662117,""contrast"":1.314687,""hue"":-0.033402,""saturation"":1.05663}",0.53845042,0.38146737,-0.15698305,0.58365196,0.68285865,0.23602393,0.19725655,0.34762803,0.4856021,0.13797407,0.90835415,0.76598052,76.753097,58.791377,False,0.99282843,True,True,True,0.90835415,0.76598052,76.753097,58.791377,0.90456193,0.76452911,75.022659,57.357007,0.98708991,0.79644909,16.206127,12.907355,0.50785037,0.62742067,12.385575,7.7709659,0.8783501,0.71643666,40.785777,29.220426,0.92268498,0.75714861,39.592053,29.977068,0.92556656,0.80330281,32.664678,26.239628,0.94288267,0.81846715,34.307512,28.079572
0b_color_jitter_best,file,15,baseline_color_jitter,1790,032.Mangrove_Cuckoo/Mangrove_Cuckoo_0027_26360.jpg,32,31,032.Mangrove_Cuckoo,106,105,identity,identity,0,{},3.3420177,3.3420177,0,0.035365522,0.035365522,0.17499498,0.17499498,-0.13962945,-0.13962945,0,1,1,134.32843,134.32843,False,1,True,False,False,1,1,134.32843,134.32843,1,1,131.87438,131.87438,1,1,25.559222,25.559222,1,1,25.042642,25.042642,1,1,51.680365,51.680365,1,1,68.877737,68.877737,1,1,67.422287,67.422287,1,1,69.303326,69.303326
0b_color_jitter_best,file,15,baseline_color_jitter,1790,032.Mangrove_Cuckoo/Mangrove_Cuckoo_0027_26360.jpg,32,31,032.Mangrove_Cuckoo,106,105,color_jitter,color_jitter,0,"{""brightness"":0.788708,""contrast"":0.982414,""hue"":0.030408,""saturation"":1.29903}",3.3420177,3.8050218,0.46300411,0.035365522,0.022258712,0.17499498,0.17155173,-0.13962945,-0.14929302,-0.0096635688,0.9147788,1.0474961,134.32843,140.70851,False,0.98894113,True,False,False,0.9147788,1.0474961,134.32843,140.70851,0.91198805,1.0469055,131.87438,138.06002,0.9880438,1.0630982,25.559222,27.171964,0.84163995,1.1574632,25.042642,28.985937,0.89356345,1.1082022,51.680365,57.272293,0.91172173,1.0126132,68.877737,69.746502,0.91320628,1.0093519,67.422287,68.05281,0.9344538,1.0646951,69.303326,73.786913
0b_color_jitter_best,file,15,baseline_color_jitter,181,004.Groove_billed_Ani/Groove_Billed_Ani_0033_1494.jpg,4,3,004.Groove_billed_Ani,30,29,identity,identity,0,{},2.091085,2.091085,0,0.12355302,0.12355302,0.38381898,0.38381898,-0.26026597,-0.26026597,0,1,1,178.88944,178.88944,False,0.99999994,True,False,False,1,1,178.88944,178.88944,1,1,175.57368,175.57368,1,1,34.282824,34.282824,1,1,44.075498,44.075498,1,1,80.894332,80.894332,1,1,93.925148,93.925148,1,1,87.235367,87.235367,1,1,76.86113,76.86113
0b_color_jitter_best,file,15,baseline_color_jitter,181,004.Groove_billed_Ani/Groove_Billed_Ani_0033_1494.jpg,4,3,004.Groove_billed_Ani,30,29,color_jitter,color_jitter,0,"{""brightness"":1.13068,""contrast"":1.386836,""hue"":-0.001373,""saturation"":0.951004}",2.091085,1.0225654,-1.0685196,0.12355302,0.35967109,0.38381898,0.19595914,-0.26026597,0.16371195,0.42397792,0.81707674,0.68874672,178.88944,123.20951,False,0.97104931,False,False,True,0.81707674,0.68874672,178.88944,123.20951,0.81142531,0.68794526,175.57368,120.78508,0.96118283,0.70944432,34.282824,24.321755,0.7202317,0.93411747,44.075498,41.171693,0.75118801,0.64462837,80.894332,52.146781,0.83226793,0.66079675,93.925148,62.065433,0.84513481,0.67735784,87.235367,59.08956,0.86165043,0.69224387,76.86113,53.206646
0b_color_jitter_best,file,15,baseline_color_jitter,710,013.Bobolink/Bobolink_0133_9618.jpg,13,12,013.Bobolink,10,9,identity,identity,0,{},1.2725291,1.2725291,0,0.28012225,0.28012225,0.47147056,0.47147056,-0.19134831,-0.19134831,0,1,1,80.905957,80.905957,False,1,True,False,False,1,1,80.905957,80.905957,1,1,78.296882,78.296882,1,1,20.380682,20.380682,1,1,19.665449,19.665449,1,1,33.303682,33.303682,1,1,39.920021,39.920021,1,1,37.84181,37.84181,1,1,40.111418,40.111418
0b_color_jitter_best,file,15,baseline_color_jitter,710,013.Bobolink/Bobolink_0133_9618.jpg,13,12,013.Bobolink,10,9,color_jitter,color_jitter,0,"{""brightness"":1.038301,""contrast"":1.118898,""hue"":-0.053877,""saturation"":1.104971}",1.2725291,1.6018291,0.32929993,0.28012225,0.20152758,0.47147056,0.47195488,-0.19134831,-0.2704273,-0.079078987,0.8873881,1.0143915,80.905957,82.070311,False,0.98610961,True,False,False,0.8873881,1.0143915,80.905957,82.070311,0.8805905,1.0097747,78.296882,79.062209,0.98305158,1.0802372,20.380682,22.015972,0.90210524,1.1189442,19.665449,22.004539,0.82988139,0.97631722,33.303682,32.514958,0.88154422,0.96285843,39.920021,38.437329,0.8875218,1.0178597,37.84181,38.517653,0.90378664,1.0424351,40.111418,41.813548
0b_color_jitter_best,file,15,baseline_color_jitter,11178,190.Red_cockaded_Woodpecker/Red_Cockaded_Woodpecker_0032_182376.jpg,190,189,190.Red_cockaded_Woodpecker,189,188,identity,identity,0,{},0.0081828106,0.0081828106,0,0.99185055,0.99185055,0.0017547929,0.0017547929,0.99009576,0.99009576,0,1,1,1.027897,1.027897,False,1.0000001,True,True,True,1,1,1.027897,1.027897,1,1,1.0064195,1.0064195,1,1,0.20902667,0.20902667,1,1,0.14001364,0.14001364,1,1,0.37539277,0.37539277,1,1,0.46852305,0.46852305,1,1,0.54197872,0.54197872,1,1,0.58232449,0.58232449
0b_color_jitter_best,file,15,baseline_color_jitter,11178,190.Red_cockaded_Woodpecker/Red_Cockaded_Woodpecker_0032_182376.jpg,190,189,190.Red_cockaded_Woodpecker,189,188,color_jitter,color_jitter,0,"{""brightness"":1.14089,""contrast"":1.137823,""hue"":0.039157,""saturation"":0.668663}",0.0081828106,0.0025984829,-0.0055843277,0.99185055,0.99740487,0.0017547929,0.00036202723,0.99009576,0.99704285,0.0069470841,0.90620989,0.31656208,1.027897,0.32539322,False,0.99394375,True,True,True,0.90620989,0.31656208,1.027897,0.32539322,0.90253153,0.31522189,1.0064195,0.31724545,0.98765577,0.34617935,0.20902667,0.072360718,0.78652581,0.34062303,0.14001364,0.047691869,0.83855604,0.31069803,0.37539277,0.1166338,0.88668247,0.31489879,0.46852305,0.14753734,0.89996563,0.31035091,0.54197872,0.16820359,0.94814244,0.31992156,0.58232449,0.18629816
0b_color_jitter_best,file,15,baseline_color_jitter,5845,100.Brown_Pelican/Brown_Pelican_0071_94549.jpg,100,99,100.Brown_Pelican,53,52,identity,identity,0,{},0.072204702,0.072204702,0,0.93034041,0.93034041,0.023528064,0.023528064,0.90681235,0.90681235,0,1,1,10.571321,10.571321,False,1,True,True,True,1,1,10.571321,10.571321,1,1,10.370148,10.370148,1,1,2.0525278,2.0525278,1,1,2.421958,2.421958,1,1,3.7962058,3.7962058,1,1,4.9462978,4.9462978,1,1,5.3064706,5.3064706,1,1,5.8854409,5.8854409
0b_color_jitter_best,file,15,baseline_color_jitter,5845,100.Brown_Pelican/Brown_Pelican_0071_94549.jpg,100,99,100.Brown_Pelican,53,52,color_jitter,color_jitter,0,"{""brightness"":0.624769,""contrast"":0.848996,""hue"":-0.065876,""saturation"":1.385149}",0.072204702,0.19093728,0.11873258,0.93034041,0.82618439,0.023528064,0.032561753,0.90681235,0.79362264,-0.11318971,0.78194814,2.5638112,10.571321,27.102873,False,0.98480761,True,True,True,0.78194814,2.5638112,10.571321,27.102873,0.77584937,2.5757861,10.370148,26.711282,0.96879644,2.236532,2.0525278,4.5905441,0.75552327,3.7561927,2.421958,9.0973409,0.6340854,2.8980488,3.7962058,11.00159,0.71429706,2.5139876,4.9462978,12.434931,0.82527038,2.4317473,5.3064706,12.903996,0.88270748,2.3331383,5.8854409,13.731548
0b_color_jitter_best,file,15,baseline_color_jitter,8544,146.Forsters_Tern/Forsters_Tern_0104_152666.jpg,146,145,146.Forsters_Tern,144,143,identity,identity,0,{},0.0011426832,0.0011426832,0,0.99885798,0.99885798,0.00040673895,0.00040673895,0.99845124,0.99845124,0,1,1,0.18543764,0.18543764,False,1,True,True,True,1,1,0.18543764,0.18543764,1,1,0.18000869,0.18000869,1,1,0.044542011,0.044542011,1,1,0.037368816,0.037368816,1,1,0.066403393,0.066403393,1,1,0.097020817,0.097020817,1,1,0.092248703,0.092248703,1,1,0.093136609,0.093136609
0b_color_jitter_best,file,15,baseline_color_jitter,8544,146.Forsters_Tern/Forsters_Tern_0104_152666.jpg,146,145,146.Forsters_Tern,144,143,color_jitter,color_jitter,0,"{""brightness"":1.320545,""contrast"":0.734652,""hue"":-0.044642,""saturation"":0.722714}",0.0011426832,0.0029698573,0.0018271741,0.99885798,0.99703455,0.00040673895,0.00073783618,0.99845124,0.99629671,-0.0021545225,0.83810322,2.7488444,0.18543764,0.50973924,False,0.98935658,True,True,True,0.83810322,2.7488444,0.18543764,0.50973924,0.83134727,2.7604112,0.18000869,0.496898,0.95986215,2.5525254,0.044542011,0.11369461,0.64232191,3.8811255,0.037368816,0.14503306,0.77060307,3.0037311,0.066403393,0.19945794,0.85021475,2.7028596,0.097020817,0.26223364,0.85218582,2.6312692,0.092248703,0.24273117,0.88677907,2.5947967,0.093136609,0.24167056
0b_color_jitter_best,file,15,baseline_color_jitter,6326,109.American_Redstart/American_Redstart_0111_102945.jpg,109,108,109.American_Redstart,98,97,identity,identity,0,{},0.0053600408,0.0053600408,0,0.9946543,0.9946543,0.0011585886,0.0011585886,0.99349571,0.99349571,0,1,1,0.65608601,0.65608601,False,0.99999994,True,True,True,1,1,0.65608601,0.65608601,1,1,0.63837859,0.63837859,1,1,0.1513989,0.1513989,1,1,0.11527861,0.11527861,1,1,0.26074579,0.26074579,1,1,0.29147708,0.29147708,1,1,0.3089715,0.3089715,1,1,0.38187357,0.38187357
0b_color_jitter_best,file,15,baseline_color_jitter,6326,109.American_Redstart/American_Redstart_0111_102945.jpg,109,108,109.American_Redstart,98,97,color_jitter,color_jitter,0,"{""brightness"":0.86481,""contrast"":0.915382,""hue"":0.034857,""saturation"":1.284623}",0.0053600408,0.0069231396,0.0015630987,0.9946543,0.99310076,0.0011585886,0.0026447286,0.99349571,0.99045603,-0.0030396755,0.91627104,1.3342008,0.65608601,0.87535045,False,0.99382341,True,True,True,0.91627104,1.3342008,0.65608601,0.87535045,0.91254456,1.3321327,0.63837859,0.850405,0.98102052,1.3704479,0.1513989,0.2074843,0.81161004,1.2665421,0.11527861,0.14600521,0.90013022,1.3023059,0.26074579,0.33957078,0.90391664,1.3844575,0.29147708,0.40353762,0.90482131,1.4014702,0.3089715,0.43301435,0.94109829,1.2727339,0.38187357,0.48602345
0b_color_jitter_best,file,15,baseline_color_jitter,4683,081.Pied_Kingfisher/Pied_Kingfisher_0016_72280.jpg,81,80,081.Pied_Kingfisher,159,158,identity,identity,0,{},0.21444936,0.21444936,0,0.80698568,0.80698568,0.085632987,0.085632987,0.72135269,0.72135269,0,1,1,25.678994,25.678994,False,0.99999994,True,True,True,1,1,25.678994,25.678994,1,1,25.16439,25.16439,1,1,5.1151001,5.1151001,1,1,4.2031797,4.2031797,1,1,9.6042235,9.6042235,1,1,12.728537,12.728537,1,1,12.468989,12.468989,1,1,14.347381,14.347381
0b_color_jitter_best,file,15,baseline_color_jitter,4683,081.Pied_Kingfisher/Pied_Kingfisher_0016_72280.jpg,81,80,081.Pied_Kingfisher,159,158,color_jitter,color_jitter,0,"{""brightness"":1.198233,""contrast"":0.625145,""hue"":0.071699,""saturation"":0.871011}",0.21444936,0.20335339,-0.011095971,0.80698568,0.81598985,0.085632987,0.11141153,0.72135269,0.70457833,-0.016774364,0.82072641,1.0092404,25.678994,25.916279,False,0.9854607,True,True,True,0.82072641,1.0092404,25.678994,25.916279,0.81396557,1.0067715,25.16439,25.33479,0.97642241,1.0672545,5.1151001,5.4591135,0.63958391,1.3025775,4.2031797,5.4749673,0.695118,0.90448249,9.6042235,8.686852,0.77917551,0.99403212,12.728537,12.652575,0.81826199,1.0207889,12.468989,12.728206,0.90872266,1.0203726,14.347381,14.639674
0b_color_jitter_best,file,15,baseline_color_jitter,9125,156.White_eyed_Vireo/White_Eyed_Vireo_0050_158829.jpg,156,155,156.White_eyed_Vireo,174,173,identity,identity,0,{},0.017477665,0.017477665,0,0.98267418,0.98267418,0.0083152512,0.0083152512,0.97435893,0.97435893,0,1,1,2.740087,2.740087,False,0.99999994,True,True,True,1,1,2.740087,2.740087,1,1,2.6744022,2.6744022,1,1,0.59636343,0.59636343,1,1,0.55642221,0.55642221,1,1,1.1374499,1.1374499,1,1,1.3388283,1.3388283,1,1,1.3327297,1.3327297,1,1,1.4072667,1.4072667
0b_color_jitter_best,file,15,baseline_color_jitter,9125,156.White_eyed_Vireo/White_Eyed_Vireo_0050_158829.jpg,156,155,156.White_eyed_Vireo,174,173,color_jitter,color_jitter,0,"{""brightness"":0.968804,""contrast"":0.884205,""hue"":-0.068038,""saturation"":0.63575}",0.017477665,0.013411191,-0.0040664738,0.98267418,0.98667836,0.0083152512,0.0032768815,0.97435893,0.98340148,0.0090425501,0.8429697,0.78563791,2.740087,2.1527162,False,0.98033053,True,True,True,0.8429697,0.78563791,2.740087,2.1527162,0.83826249,0.789385,2.6744022,2.111133,0.95383073,0.70607177,0.59636343,0.42107539,0.8189687,0.69405195,0.55642221,0.38618592,0.82751906,0.85967346,1.1374499,0.97783553,0.81743627,0.8208387,1.3388283,1.0989621,0.82696532,0.77161342,1.3327297,1.0283521,0.88656285,0.7406439,1.4072667,1.0422835
0b_color_jitter_best,file,15,baseline_color_jitter,3979,069.Rufous_Hummingbird/Rufous_Hummingbird_0060_58986.jpg,69,68,069.Rufous_Hummingbird,68,67,identity,identity,0,{},0.1974171,0.1974171,0,0.82084817,0.82084817,0.044350199,0.044350199,0.77649797,0.77649797,0,1,1,26.093884,26.093884,False,1,True,True,True,1,1,26.093884,26.093884,1,1,25.576183,25.576183,1,1,5.1720075,5.1720075,1,1,4.7315205,4.7315205,1,1,10.83822,10.83822,1,1,13.794746,13.794746,1,1,12.620661,12.620661,1,1,12.833968,12.833968
0b_color_jitter_best,file,15,baseline_color_jitter,3979,069.Rufous_Hummingbird/Rufous_Hummingbird_0060_58986.jpg,69,68,069.Rufous_Hummingbird,68,67,color_jitter,color_jitter,0,"{""brightness"":0.865403,""contrast"":0.720497,""hue"":-0.040934,""saturation"":1.07805}",0.1974171,0.29231283,0.094895735,0.82084817,0.74653494,0.044350199,0.037954256,0.77649797,0.70858069,-0.06791728,0.79910294,1.6245565,26.093884,42.390988,False,0.98069441,True,True,True,0.79910294,1.6245565,26.093884,42.390988,0.79388878,1.6318023,25.576183,41.735275,0.95030105,1.4360304,5.1720075,7.42716,0.82312336,2.3724316,4.7315205,11.225209,0.74083255,1.6726446,10.83822,18.12849,0.75496391,1.5677124,13.794746,21.626195,0.81273925,1.6245098,12.620661,20.502388,0.86822278,1.5566991,12.833968,19.978627
0b_color_jitter_best,file,15,baseline_color_jitter,6330,109.American_Redstart/American_Redstart_0128_102983.jpg,109,108,109.American_Redstart,10,9,identity,identity,0,{},0.49371469,0.49371469,0,0.6103549,0.6103549,0.13783528,0.13783528,0.47251962,0.47251962,0,1,1,52.819755,52.819755,False,1.0000001,True,True,True,1,1,52.819755,52.819755,1,1,51.779335,51.779335,1,1,10.432019,10.432019,1,1,12.006041,12.006041,1,1,21.679391,21.679391,1,1,29.005765,29.005765,1,1,25.206416,25.206416,1,1,24.295282,24.295282
0b_color_jitter_best,file,15,baseline_color_jitter,6330,109.American_Redstart/American_Redstart_0128_102983.jpg,109,108,109.American_Redstart,10,9,color_jitter,color_jitter,0,"{""brightness"":1.330227,""contrast"":0.995903,""hue"":0.013226,""saturation"":1.371112}",0.49371469,0.71778989,0.2240752,0.6103549,0.48782924,0.13783528,0.13368244,0.47251962,0.35414679,-0.11837283,0.84045123,1.4037522,52.819755,74.145846,False,0.96750766,True,True,True,0.84045123,1.4037522,52.819755,74.145846,0.83618651,1.4070819,51.779335,72.857764,0.95421825,1.3190685,10.432019,13.760548,0.8517765,1.4599949,12.006041,17.528759,0.81203152,1.3549523,21.679391,29.374541,0.84978714,1.4446653,29.005765,41.903622,0.81861817,1.4576286,25.206416,36.741593,0.85467594,1.3224391,24.295282,32.129031
0b_color_jitter_best,file,15,baseline_color_jitter,1259,023.Brandt_Cormorant/Brandt_Cormorant_0083_23156.jpg,23,22,023.Brandt_Cormorant,72,71,identity,identity,0,{},3.6427152,3.6427152,0,0.02618116,0.02618116,0.58739555,0.58739555,-0.56121439,-0.56121439,0,1,1,151.38555,151.38555,False,1,True,False,False,1,1,151.38555,151.38555,1,1,146.22954,146.22954,1,1,39.172772,39.172772,1,1,53.228767,53.228767,1,1,60.774056,60.774056,1,1,61.091766,61.091766,1,1,68.433152,68.433152,1,1,80.255776,80.255776
0b_color_jitter_best,file,15,baseline_color_jitter,1259,023.Brandt_Cormorant/Brandt_Cormorant_0083_23156.jpg,23,22,023.Brandt_Cormorant,72,71,color_jitter,color_jitter,0,"{""brightness"":1.294745,""contrast"":1.227583,""hue"":-0.056756,""saturation"":1.134073}",3.6427152,3.3555777,-0.28713751,0.02618116,0.034889206,0.58739555,0.54421854,-0.56121439,-0.50932933,0.051885055,0.82464087,0.97102617,151.38555,146.99933,False,0.98101717,True,False,False,0.82464087,0.97102617,151.38555,146.99933,0.81494347,0.97687579,146.22954,142.84809,0.97745285,0.8855008,39.172772,34.687521,0.79210619,1.0402168,53.228767,55.369458,0.72710389,0.9516132,60.774056,57.833394,0.77343885,0.99610565,61.091766,60.853853,0.84434421,1.0149315,68.433152,69.454964,0.88369478,0.92137117,80.255776,73.945359
0b_color_jitter_best,file,15,baseline_color_jitter,7930,136.Barn_Swallow/Barn_Swallow_0026_132386.jpg,136,135,136.Barn_Swallow,137,136,identity,identity,0,{},0.34109163,0.34109163,0,0.71099377,0.71099377,0.20866644,0.20866644,0.50232732,0.50232732,0,1,1,53.355836,53.355836,False,1,True,True,True,1,1,53.355836,53.355836,1,1,52.101584,52.101584,1,1,11.500881,11.500881,1,1,18.82805,18.82805,1,1,23.74667,23.74667,1,1,26.819876,26.819876,1,1,23.270822,23.270822,1,1,23.137379,23.137379
0b_color_jitter_best,file,15,baseline_color_jitter,7930,136.Barn_Swallow/Barn_Swallow_0026_132386.jpg,136,135,136.Barn_Swallow,137,136,color_jitter,color_jitter,0,"{""brightness"":1.277334,""contrast"":1.222299,""hue"":0.015868,""saturation"":0.651088}",0.34109163,1.3040426,0.96295094,0.71099377,0.27143228,0.20866644,0.32757044,0.50232732,-0.056138158,-0.55846548,0.803305,2.3429873,53.355836,125.01205,False,0.94136423,False,True,False,0.803305,2.3429873,53.355836,125.01205,0.79876216,2.344449,52.101584,122.14951,0.89788481,2.3127847,11.500881,26.599061,0.80591789,2.0676272,18.82805,38.92939,0.77843172,2.0697291,23.74667,49.149173,0.82443171,2.3433891,26.819876,62.849405,0.80087774,2.5804391,23.270822,60.048939,0.79322911,2.5325068,23.137379,58.595568
0b_color_jitter_best,file,15,baseline_color_jitter,2286,040.Olive_sided_Flycatcher/Olive_Sided_Flycatcher_0017_30704.jpg,40,39,040.Olive_sided_Flycatcher,102,101,identity,identity,0,{},0.11098785,0.11098785,0,0.89494962,0.89494962,0.059320368,0.059320368,0.83562925,0.83562925,0,1,1,17.508562,17.508562,False,1.0000001,True,True,True,1,1,17.508562,17.508562,1,1,16.999946,16.999946,1,1,4.1894589,4.1894589,1,1,5.2144707,5.2144707,1,1,8.6138882,8.6138882,1,1,7.6099945,7.6099945,1,1,8.3446296,8.3446296,1,1,7.7500668,7.7500668
0b_color_jitter_best,file,15,baseline_color_jitter,2286,040.Olive_sided_Flycatcher/Olive_Sided_Flycatcher_0017_30704.jpg,40,39,040.Olive_sided_Flycatcher,102,101,color_jitter,color_jitter,0,"{""brightness"":0.646754,""contrast"":0.684867,""hue"":-0.085095,""saturation"":1.375681}",0.11098785,0.2354407,0.12445285,0.89494962,0.79022253,0.059320368,0.10112089,0.83562925,0.68910164,-0.14652761,0.846178,2.3432122,17.508562,41.026276,False,0.9755218,True,True,True,0.846178,2.3432122,17.508562,41.026276,0.84175842,2.3714134,16.999946,40.313901,0.96997524,1.8169757,4.1894589,7.6121452,0.86690216,2.9416761,5.2144707,15.339284,0.85088466,2.715003,8.6138882,23.386732,0.82436763,2.3477334,7.6099945,17.866238,0.85170374,2.0583554,8.3446296,17.176213,0.8699936,1.9515421,7.7500668,15.124582
0b_color_jitter_best,file,15,baseline_color_jitter,6891,118.House_Sparrow/House_Sparrow_0093_110990.jpg,118,117,118.House_Sparrow,130,129,identity,identity,0,{},0.78661585,0.78661585,0,0.45538327,0.45538327,0.24365376,0.24365376,0.21172951,0.21172951,0,1,1,88.331824,88.331824,False,1,True,True,True,1,1,88.331824,88.331824,1,1,86.473684,86.473684,1,1,18.022574,18.022574,1,1,16.255083,16.255083,1,1,34.561917,34.561917,1,1,48.69141,48.69141,1,1,43.642391,43.642391,1,1,41.754431,41.754431
0b_color_jitter_best,file,15,baseline_color_jitter,6891,118.House_Sparrow/House_Sparrow_0093_110990.jpg,118,117,118.House_Sparrow,130,129,color_jitter,color_jitter,0,"{""brightness"":0.76809,""contrast"":0.934358,""hue"":0.082244,""saturation"":0.926581}",0.78661585,1.1192571,0.33264124,0.45538327,0.32652229,0.24365376,0.32984304,0.21172951,-0.0033207536,-0.21505027,0.85949918,1.3385157,88.331824,118.23354,False,0.98401153,False,True,False,0.85949918,1.3385157,88.331824,118.23354,0.85510307,1.344583,86.473684,116.27105,0.97997344,1.1903162,18.022574,21.452562,0.6537137,1.2287403,16.255083,19.973275,0.75551567,1.7709206,34.561917,61.206411,0.90366189,1.3093345,48.69141,63.75334,0.89461122,1.2103481,43.642391,52.822485,0.91595107,1.2020426,41.754431,50.190603
0b_color_jitter_best,file,15,baseline_color_jitter,9317,159.Black_and_white_Warbler/Black_And_White_Warbler_0022_160512.jpg,159,158,159.Black_and_white_Warbler,164,163,identity,identity,0,{},0.025235804,0.025235804,0,0.97507995,0.97507995,0.0085410457,0.0085410457,0.96653891,0.96653891,0,1,1,3.7746515,3.7746515,False,1,True,True,True,1,1,3.7746515,3.7746515,1,1,3.6859745,3.6859745,1,1,0.8133793,0.8133793,1,1,0.70921765,0.70921765,1,1,1.6910553,1.6910553,1,1,2.0966909,2.0966909,1,1,1.6585335,1.6585335,1,1,1.7541107,1.7541107
0b_color_jitter_best,file,15,baseline_color_jitter,9317,159.Black_and_white_Warbler/Black_And_White_Warbler_0022_160512.jpg,159,158,159.Black_and_white_Warbler,164,163,color_jitter,color_jitter,0,"{""brightness"":1.031362,""contrast"":0.840196,""hue"":0.09141,""saturation"":0.823282}",0.025235804,0.040919341,0.015683537,0.97507995,0.95990658,0.0085410457,0.0039440398,0.96653891,0.95596254,-0.01057637,0.87138583,1.8734712,3.7746515,7.0717009,False,0.98133689,True,True,True,0.87138583,1.8734712,3.7746515,7.0717009,0.86846918,1.8840816,3.6859745,6.9446769,0.94820153,1.6404675,0.8133793,1.3343223,0.76593969,2.0110206,0.70921765,1.4262513,0.82604039,2.0283797,1.6910553,3.4301022,0.89083143,1.9607327,2.0966909,4.1110504,0.88437694,1.8023558,1.6585335,2.9892674,0.89494849,1.6710807,1.7541107,2.9312606
0b_color_jitter_best,file,15,baseline_color_jitter,2279,040.Olive_sided_Flycatcher/Olive_Sided_Flycatcher_0049_796889.jpg,40,39,040.Olive_sided_Flycatcher,78,77,identity,identity,0,{},0.0073277038,0.0073277038,0,0.99269909,0.99269909,0.0036540015,0.0036540015,0.98904509,0.98904509,0,1,1,1.673726,1.673726,False,1,True,True,True,1,1,1.673726,1.673726,1,1,1.6459836,1.6459836,1,1,0.30347463,0.30347463,1,1,0.36750222,0.36750222,1,1,0.86913265,0.86913265,1,1,0.89086616,0.89086616,1,1,0.75179727,0.75179727,1,1,0.67821156,0.67821156
0b_color_jitter_best,file,15,baseline_color_jitter,2279,040.Olive_sided_Flycatcher/Olive_Sided_Flycatcher_0049_796889.jpg,40,39,040.Olive_sided_Flycatcher,78,77,color_jitter,color_jitter,0,"{""brightness"":1.399254,""contrast"":0.697276,""hue"":0.062358,""saturation"":0.868595}",0.0073277038,0.050779842,0.043452138,0.99269909,0.95048791,0.0036540015,0.014910931,0.98904509,0.93557698,-0.053468104,0.82007083,6.3754008,1.673726,10.670674,False,0.97292387,True,True,True,0.82007083,6.3754008,1.673726,10.670674,0.81592754,6.3919663,1.6459836,10.521072,0.95577738,5.8671948,0.30347463,1.7805448,0.77480235,9.27241,0.36750222,3.4076313,0.80637657,5.9971958,0.86913265,5.2123587,0.80933167,6.3707679,0.89086616,5.6755016,0.84043051,6.3186076,0.75179727,4.7503119,0.85949158,6.1035663,0.67821156,4.1395093
0b_color_jitter_best,file,15,baseline_color_jitter,11516,196.House_Wren/House_Wren_0133_187101.jpg,196,195,196.House_Wren,199,198,identity,identity,0,{},1.9034673,1.9034673,0,0.14905092,0.14905092,0.76023221,0.76023221,-0.61118129,-0.61118129,0,1,1,159.60212,159.60212,False,0.99999994,True,False,False,1,1,159.60212,159.60212,1,1,156.04696,156.04696,1,1,33.498979,33.498979,1,1,28.929683,28.929683,1,1,68.341264,68.341264,1,1,84.664222,84.664222,1,1,80.095831,80.095831,1,1,72.524665,72.524665
0b_color_jitter_best,file,15,baseline_color_jitter,11516,196.House_Wren/House_Wren_0133_187101.jpg,196,195,196.House_Wren,199,198,color_jitter,color_jitter,0,"{""brightness"":0.721131,""contrast"":1.241376,""hue"":-0.054831,""saturation"":1.348461}",1.9034673,3.7071846,1.8037173,0.14905092,0.024546536,0.76023221,0.82558775,-0.61118129,-0.80104121,-0.18985992,0.86580201,1.0835831,159.60212,172.94215,False,0.97009265,True,False,False,0.86580201,1.0835831,159.60212,172.94215,0.86095141,1.082759,156.04696,168.96125,0.96940327,1.1013126,33.498979,36.892849,0.46412177,0.85522789,28.929683,24.741472,0.82579745,1.1629684,68.341264,79.478731,0.8896544,1.0862989,84.664222,91.970653,0.87646803,1.0457715,80.095831,83.761937,0.89262961,1.0808069,72.524665,78.385159
0b_color_jitter_best,file,15,baseline_color_jitter,1717,031.Black_billed_Cuckoo/Black_Billed_Cuckoo_0088_26217.jpg,31,30,031.Black_billed_Cuckoo,33,32,identity,identity,0,{},0.003923458,0.003923458,0,0.99608421,0.99608421,0.0015851158,0.0015851158,0.9944991,0.9944991,0,1,1,0.66188122,0.66188122,False,1.0000001,True,True,True,1,1,0.66188122,0.66188122,1,1,0.64708101,0.64708101,1,1,0.13918661,0.13918661,1,1,0.15057873,0.15057873,1,1,0.27843692,0.27843692,1,1,0.3440278,0.3440278,1,1,0.32180077,0.32180077,1,1,0.31080845,0.31080845
0b_color_jitter_best,file,15,baseline_color_jitter,1717,031.Black_billed_Cuckoo/Black_Billed_Cuckoo_0088_26217.jpg,31,30,031.Black_billed_Cuckoo,33,32,color_jitter,color_jitter,0,"{""brightness"":0.894446,""contrast"":1.395802,""hue"":-0.096755,""saturation"":0.628044}",0.003923458,0.0049957214,0.0010722633,0.99608421,0.99501675,0.0015851158,0.0022665097,0.9944991,0.99275024,-0.0017488535,0.82885838,1.3302538,0.66188122,0.88046998,False,0.98479068,True,True,True,0.82885838,1.3302538,0.66188122,0.88046998,0.82171039,1.3286738,0.64708101,0.85975958,0.97962601,1.3639549,0.13918661,0.18984427,0.77059941,1.3529535,0.15057873,0.20372602,0.79586392,1.699616,0.27843692,0.47323585,0.8125676,1.2218444,0.3440278,0.42034843,0.84789445,1.2244192,0.32180077,0.39401904,0.88540469,1.2115024,0.31080845,0.37654518
0b_color_jitter_best,file,15,baseline_color_jitter,3371,059.California_Gull/California_Gull_0096_40978.jpg,59,58,059.California_Gull,144,143,identity,identity,0,{},3.2811925,3.2811925,0,0.037583411,0.037583411,0.5209344,0.5209344,-0.48335099,-0.48335099,0,1,1,110.46524,110.46524,False,1,True,False,False,1,1,110.46524,110.46524,1,1,106.60294,106.60294,1,1,28.954802,28.954802,1,1,16.332803,16.332803,1,1,39.634278,39.634278,1,1,49.974345,49.974345,1,1,54.051765,54.051765,1,1,64.089958,64.089958
0b_color_jitter_best,file,15,baseline_color_jitter,3371,059.California_Gull/California_Gull_0096_40978.jpg,59,58,059.California_Gull,144,143,color_jitter,color_jitter,0,"{""brightness"":1.368644,""contrast"":1.388039,""hue"":0.027986,""saturation"":1.016782}",3.2811925,4.1572757,0.87608314,0.037583411,0.015650136,0.5209344,0.56433314,-0.48335099,-0.548683,-0.065332012,0.81686339,0.96793408,110.46524,106.92307,False,0.97551262,True,False,False,0.81686339,0.96793408,110.46524,106.92307,0.80424516,0.95977481,106.60294,102.31482,0.97458714,1.072426,28.954802,31.051882,0.68550417,1.2487729,16.332803,20.395961,0.73054196,0.88364739,39.634278,35.022726,0.79012929,0.91486022,49.974345,45.719541,0.80040467,0.95216379,54.051765,51.466134,0.85368834,0.99746167,64.089958,63.927276
0b_color_jitter_best,file,15,baseline_color_jitter,11075,189.Red_bellied_Woodpecker/Red_Bellied_Woodpecker_0073_180994.jpg,189,188,189.Red_bellied_Woodpecker,36,35,identity,identity,0,{},0.0026376003,0.0026376003,0,0.99736589,0.99736589,0.00031056369,0.00031056369,0.99705533,0.99705533,0,1,1,0.34785316,0.34785316,False,0.99999994,True,True,True,1,1,0.34785316,0.34785316,1,1,0.34106817,0.34106817,1,1,0.068369019,0.068369019,1,1,0.058433053,0.058433053,1,1,0.10005154,0.10005154,1,1,0.13131132,0.13131132,1,1,0.16888277,0.16888277,1,1,0.23903706,0.23903706
0b_color_jitter_best,file,15,baseline_color_jitter,11075,189.Red_bellied_Woodpecker/Red_Bellied_Woodpecker_0073_180994.jpg,189,188,189.Red_bellied_Woodpecker,36,35,color_jitter,color_jitter,0,"{""brightness"":0.96299,""contrast"":0.70905,""hue"":0.082176,""saturation"":0.629633}",0.0026376003,0.0043219971,0.0016843968,0.99736589,0.99568731,0.00031056369,0.0008382352,0.99705533,0.99484907,-0.0022062575,0.88000617,1.724973,0.34785316,0.60003732,False,0.98777509,True,True,True,0.88000617,1.724973,0.34785316,0.60003732,0.87609685,1.728723,0.34106817,0.58961241,0.98476048,1.6288703,0.068369019,0.11136427,0.85202366,1.8850495,0.058433053,0.1101492,0.79139339,2.2306544,0.10005154,0.2231804,0.86164069,1.8758307,0.13131132,0.24631781,0.87115168,1.7595839,0.16888277,0.2971634,0.92138138,1.54687,0.23903706,0.36975925
0b_color_jitter_best,file,15,baseline_color_jitter,2038,036.Northern_Flicker/Northern_Flicker_0118_28500.jpg,36,35,036.Northern_Flicker,88,87,identity,identity,0,{},0.60342741,0.60342741,0,0.54693389,0.54693389,0.073564,0.073564,0.47336989,0.47336989,0,1,1,47.627242,47.627242,False,1,True,True,True,1,1,47.627242,47.627242,1,1,46.196854,46.196854,1,1,11.584685,11.584685,1,1,6.2229552,6.2229552,1,1,15.799169,15.799169,1,1,21.331687,21.331687,1,1,22.500979,22.500979,1,1,29.740132,29.740132
0b_color_jitter_best,file,15,baseline_color_jitter,2038,036.Northern_Flicker/Northern_Flicker_0118_28500.jpg,36,35,036.Northern_Flicker,88,87,color_jitter,color_jitter,0,"{""brightness"":0.74871,""contrast"":0.73373,""hue"":0.096897,""saturation"":0.970558}",0.60342741,0.8879115,0.28448409,0.54693389,0.41151431,0.073564,0.37466431,0.47336989,0.036850005,-0.43651988,0.69770969,1.944648,47.627242,92.618222,False,0.97408724,True,True,True,0.69770969,1.944648,47.627242,92.618222,0.68740821,1.9584025,46.196854,90.472036,0.89123128,1.7111263,11.584685,19.822858,0.4740184,2.5332596,6.2229552,15.764361,0.58791249,2.5299757,15.799169,39.971513,0.71257018,2.2260092,21.331687,47.484532,0.68409586,1.882847,22.500979,42.365902,0.75992644,1.6088244,29.740132,47.84665
0b_color_jitter_best,file,15,baseline_color_jitter,6845,117.Clay_colored_Sparrow/Clay_Colored_Sparrow_0066_110819.jpg,117,116,117.Clay_colored_Sparrow,119,118,identity,identity,0,{},0.75807637,0.75807637,0,0.46856689,0.46856689,0.41407174,0.41407174,0.054495156,0.054495156,0,1,1,135.89717,135.89717,False,1.0000001,True,True,True,1,1,135.89717,135.89717,1,1,133.69792,133.69792,1,1,24.349668,24.349668,1,1,30.503742,30.503742,1,1,59.834818,59.834818,1,1,76.569635,76.569635,1,1,65.001606,65.001606,1,1,57.239257,57.239257
0b_color_jitter_best,file,15,baseline_color_jitter,6845,117.Clay_colored_Sparrow/Clay_Colored_Sparrow_0066_110819.jpg,117,116,117.Clay_colored_Sparrow,119,118,color_jitter,color_jitter,0,"{""brightness"":1.079067,""contrast"":1.327254,""hue"":-0.031102,""saturation"":1.004599}",0.75807637,0.83284187,0.074765503,0.46856689,0.43481186,0.41407174,0.4822945,0.054495156,-0.04748264,-0.1019778,0.90610044,1.0840602,135.89717,147.32072,False,0.99204302,False,True,False,0.90610044,1.0840602,135.89717,147.32072,0.90321735,1.0827228,133.69792,144.75778,0.99045857,1.1236352,24.349668,27.360145,0.82885823,1.0585162,30.503742,32.288706,0.83545598,0.93909099,59.834818,56.190338,0.91757255,1.0835193,76.569635,82.964675,0.92726638,1.1439498,65.001606,74.358573,0.93972218,1.1512755,57.239257,65.898153
0b_color_jitter_best,file,15,baseline_color_jitter,7382,126.Nelson_Sharp_tailed_Sparrow/Nelson_Sharp_Tailed_Sparrow_0015_796922.jpg,126,125,126.Nelson_Sharp_tailed_Sparrow,124,123,identity,identity,0,{},0.014909034,0.014909034,0,0.98520154,0.98520154,0.011082773,0.011082773,0.97411876,0.97411876,0,1,1,3.4515558,3.4515558,False,0.99999988,True,True,True,1,1,3.4515558,3.4515558,1,1,3.3970944,3.3970944,1,1,0.6107262,0.6107262,1,1,0.68737845,0.68737845,1,1,1.8276914,1.8276914,1,1,1.9580797,1.9580797,1,1,1.4808279,1.4808279,1,1,1.3039856,1.3039856
0b_color_jitter_best,file,15,baseline_color_jitter,7382,126.Nelson_Sharp_tailed_Sparrow/Nelson_Sharp_Tailed_Sparrow_0015_796922.jpg,126,125,126.Nelson_Sharp_tailed_Sparrow,124,123,color_jitter,color_jitter,0,"{""brightness"":0.756583,""contrast"":1.186714,""hue"":0.024177,""saturation"":0.918145}",0.014909034,0.0074740783,-0.0074349553,0.98520154,0.99255377,0.011082773,0.0035623277,0.97411876,0.98899144,0.014872678,0.89156617,0.44253116,3.4515558,1.527421,False,0.99415243,True,True,True,0.89156617,0.44253116,3.4515558,1.527421,0.8890774,0.44215714,3.3970944,1.5020496,0.96686757,0.45395109,0.6107262,0.27723982,0.7376849,0.57416647,0.68737845,0.39466966,0.9003486,0.4126449,1.8276914,0.75418754,0.90227143,0.43950907,1.9580797,0.86059378,0.88748309,0.45183908,1.4808279,0.6690959,0.91055006,0.44931483,1.3039856,0.58590009
0b_color_jitter_best,file,15,baseline_color_jitter,3016,053.Western_Grebe/Western_Grebe_0046_36118.jpg,53,52,053.Western_Grebe,50,49,identity,identity,0,{},2.7544208,2.7544208,0,0.063645869,0.063645869,0.34680361,0.34680361,-0.28315774,-0.28315774,0,1,1,139.33184,139.33184,False,0.99999988,True,False,False,1,1,139.33184,139.33184,1,1,135.50893,135.50893,1,1,32.414389,32.414389,1,1,22.743363,22.743363,1,1,49.083317,49.083317,1,1,65.407869,65.407869,1,1,72.41217,72.41217,1,1,76.905954,76.905954
0b_color_jitter_best,file,15,baseline_color_jitter,3016,053.Western_Grebe/Western_Grebe_0046_36118.jpg,53,52,053.Western_Grebe,50,49,color_jitter,color_jitter,0,"{""brightness"":0.819906,""contrast"":0.928132,""hue"":-0.08343,""saturation"":1.259292}",2.7544208,2.6822817,-0.072139025,0.063645869,0.068406902,0.34680361,0.27129805,-0.28315774,-0.20289115,0.080266587,0.91193738,1.0778255,139.33184,150.17541,False,0.99065399,False,False,False,0.91193738,1.0778255,139.33184,150.17541,0.90881775,1.0827839,135.50893,146.72689,0.975447,0.98715596,32.414389,31.998057,0.79428247,1.020418,22.743363,23.207737,0.88396731,1.1779704,49.083317,57.818692,0.90548874,1.089117,65.407869,71.236823,0.9200837,1.0778293,72.41217,78.047962,0.92434997,1.0467944,76.905954,80.50472
0b_color_jitter_best,file,15,baseline_color_jitter,5196,089.Hooded_Merganser/Hooded_Merganser_0032_79032.jpg,89,88,089.Hooded_Merganser,90,89,identity,identity,0,{},0.00026460961,0.00026460961,0,0.99973541,0.99973541,6.535156e-05,6.535156e-05,0.99967006,0.99967006,0,1,1,0.035283841,0.035283841,False,1,True,True,True,1,1,0.035283841,0.035283841,1,1,0.034362467,0.034362467,1,1,0.0080106382,0.0080106382,1,1,0.0067254514,0.0067254514,1,1,0.01209544,0.01209544,1,1,0.014876176,0.014876176,1,1,0.016577207,0.016577207,1,1,0.022206832,0.022206832
0b_color_jitter_best,file,15,baseline_color_jitter,5196,089.Hooded_Merganser/Hooded_Merganser_0032_79032.jpg,89,88,089.Hooded_Merganser,90,89,color_jitter,color_jitter,0,"{""brightness"":0.984784,""contrast"":1.222763,""hue"":-0.081034,""saturation"":0.854578}",0.00026460961,0.0002699726,5.3629919e-06,0.99973541,0.99973005,6.535156e-05,5.7456054e-05,0.99967006,0.99967259,2.5310874e-06,0.89023586,1.0380114,0.035283841,0.03662503,False,0.99332458,True,True,True,0.89023586,1.0380114,0.035283841,0.03662503,0.88479294,1.0389019,0.034362467,0.035699233,0.99221769,1.0214869,0.0080106382,0.0081827618,0.83582664,1.1344978,0.0067254514,0.0076300096,0.8027286,1.0108954,0.01209544,0.012227225,0.84689751,1.0042073,0.014876176,0.014938765,0.881451,1.0796908,0.016577207,0.017898257,0.93324705,1.0300227,0.022206832,0.022873541
0b_color_jitter_best,file,15,baseline_color_jitter,4439,077.Tropical_Kingbird/Tropical_Kingbird_0102_69654.jpg,77,76,077.Tropical_Kingbird,32,31,identity,identity,0,{},0.63679498,0.63679498,0,0.52898514,0.52898514,0.19921549,0.19921549,0.32976966,0.32976966,0,1,1,74.849843,74.849843,False,1,True,True,True,1,1,74.849843,74.849843,1,1,73.65533,73.65533,1,1,13.318835,13.318835,1,1,18.227875,18.227875,1,1,35.836369,35.836369,1,1,40.846275,40.846275,1,1,34.578583,34.578583,1,1,30.732885,30.732885
0b_color_jitter_best,file,15,baseline_color_jitter,4439,077.Tropical_Kingbird/Tropical_Kingbird_0102_69654.jpg,77,76,077.Tropical_Kingbird,32,31,color_jitter,color_jitter,0,"{""brightness"":0.749802,""contrast"":1.166438,""hue"":-0.093516,""saturation"":1.099221}",0.63679498,0.74460292,0.10780793,0.52898514,0.47492287,0.19921549,0.26032907,0.32976966,0.2145938,-0.11517586,0.78049393,1.118338,74.849843,83.707425,False,0.96250528,True,True,True,0.78049393,1.118338,74.849843,83.707425,0.7742217,1.1138466,73.65533,82.040735,0.95657495,1.2479165,13.318835,16.620793,0.55679945,1.0262935,18.227875,18.70715,0.70212224,1.0356792,35.836369,37.114982,0.79808905,1.1302231,40.846275,46.165402,0.81981904,1.1458592,34.578583,39.622186,0.83548976,1.1741105,30.732885,36.083804
0b_color_jitter_best,file,15,baseline_color_jitter,11759,200.Common_Yellowthroat/Common_Yellowthroat_0088_190594.jpg,200,199,200.Common_Yellowthroat,68,67,identity,identity,0,{},0.429764,0.429764,0,0.6506626,0.6506626,0.076723076,0.076723076,0.57393952,0.57393952,0,1,1,62.811678,62.811678,False,1.0000002,True,True,True,1,1,62.811678,62.811678,1,1,61.904187,61.904187,1,1,10.638537,10.638537,1,1,16.885702,16.885702,1,1,25.711954,25.711954,1,1,33.711546,33.711546,1,1,29.870807,29.870807,1,1,29.277353,29.277353
0b_color_jitter_best,file,15,baseline_color_jitter,11759,200.Common_Yellowthroat/Common_Yellowthroat_0088_190594.jpg,200,199,200.Common_Yellowthroat,68,67,color_jitter,color_jitter,0,"{""brightness"":1.006242,""contrast"":0.600444,""hue"":0.006174,""saturation"":0.904586}",0.429764,0.28604218,-0.14372182,0.6506626,0.7512309,0.076723076,0.051107243,0.57393952,0.70012365,0.12618413,0.84978497,0.79378757,62.811678,49.859129,False,0.98173118,True,True,True,0.84978497,0.79378757,62.811678,49.859129,0.84638996,0.79555749,61.904187,49.24834,0.97776394,0.73133601,10.638537,7.7803451,0.85874361,0.67173597,16.885702,11.342734,0.77673597,0.93253202,25.711954,23.977221,0.8590947,0.83621757,33.711546,28.190187,0.85876965,0.7495934,29.870807,22.39096,0.9041643,0.70480212,29.277353,20.63474
0b_color_jitter_best,file,15,baseline_color_jitter,11421,194.Cactus_Wren/Cactus_Wren_0034_185817.jpg,194,193,194.Cactus_Wren,36,35,identity,identity,0,{},0.0083681904,0.0083681904,0,0.99166673,0.99166673,0.0017564321,0.0017564321,0.9899103,0.9899103,0,1,1,1.4651207,1.4651207,False,1,True,True,True,1,1,1.4651207,1.4651207,1,1,1.443089,1.443089,1,1,0.25312579,0.25312579,1,1,0.27911806,0.27911806,1,1,0.60359671,0.60359671,1,1,0.74461086,0.74461086,1,1,0.71305835,0.71305835,1,1,0.75985029,0.75985029
0b_color_jitter_best,file,15,baseline_color_jitter,11421,194.Cactus_Wren/Cactus_Wren_0034_185817.jpg,194,193,194.Cactus_Wren,36,35,color_jitter,color_jitter,0,"{""brightness"":0.977277,""contrast"":0.874875,""hue"":-0.032051,""saturation"":1.359444}",0.0083681904,0.014881317,0.0065131262,0.99166673,0.98522884,0.0017564321,0.0029422813,0.9899103,0.98228656,-0.0076237469,0.93260958,1.9690764,1.4651207,2.8849345,False,0.9923538,True,True,True,0.93260958,1.9690764,1.4651207,2.8849345,0.93111523,1.97297,1.443089,2.8471713,0.98702083,1.8380388,0.25312579,0.46525504,0.92458645,1.8917923,0.27911806,0.52803339,0.93935171,2.094041,0.60359671,1.2639562,0.92859772,2.0287064,0.74461086,1.5105968,0.91762698,1.9425234,0.71305835,1.3851325,0.94408823,1.874843,0.75985029,1.4246
0b_color_jitter_best,file,15,baseline_color_jitter,3928,068.Ruby_throated_Hummingbird/Ruby_Throated_Hummingbird_0079_58075.jpg,68,67,068.Ruby_throated_Hummingbird,31,30,identity,identity,0,{},2.8065464,2.8065464,0,0.060413275,0.060413275,0.12735678,0.12735678,-0.066943508,-0.066943508,0,1,1,141.08563,141.08563,False,1,True,False,False,1,1,141.08563,141.08563,1,1,138.41472,138.41472,1,1,27.322536,27.322536,1,1,39.051987,39.051987,1,1,53.361582,53.361582,1,1,69.078454,69.078454,1,1,68.25395,68.25395,1,1,73.182541,73.182541
0b_color_jitter_best,file,15,baseline_color_jitter,3928,068.Ruby_throated_Hummingbird/Ruby_Throated_Hummingbird_0079_58075.jpg,68,67,068.Ruby_throated_Hummingbird,31,30,color_jitter,color_jitter,0,"{""brightness"":1.379864,""contrast"":0.642946,""hue"":0.017056,""saturation"":0.600909}",2.8065464,2.6143656,-0.19218087,0.060413275,0.073214218,0.12735678,0.10217787,-0.066943508,-0.028963648,0.03797986,0.73579734,1.0665956,141.08563,150.48132,False,0.95789742,True,False,False,0.73579734,1.0665956,141.08563,150.48132,0.72794589,1.0691184,138.41472,147.98173,0.95289494,0.9996756,27.322536,27.313673,0.5139079,0.97572438,39.051987,38.103976,0.64170452,1.0568162,53.361582,56.393382,0.72652268,1.0948826,69.078454,75.632796,0.73796471,1.0993819,68.25395,75.037155,0.82422928,1.0509712,73.182541,76.912743
0b_color_jitter_best,file,15,baseline_color_jitter,7969,136.Barn_Swallow/Barn_Swallow_0042_132043.jpg,136,135,136.Barn_Swallow,135,134,identity,identity,0,{},11.727365,11.727365,0,8.0699365e-06,8.0699365e-06,0.99728811,0.99728811,-0.99728004,-0.99728004,0,1,1,230.94786,230.94786,False,1.0000001,True,False,False,1,1,230.94786,230.94786,1,1,226.22234,226.22234,1,1,46.47974,46.47974,1,1,43.149101,43.149101,1,1,89.635063,89.635063,1,1,123.491,123.491,1,1,110.41351,110.41351,1,1,117.63966,117.63966
0b_color_jitter_best,file,15,baseline_color_jitter,7969,136.Barn_Swallow/Barn_Swallow_0042_132043.jpg,136,135,136.Barn_Swallow,135,134,color_jitter,color_jitter,0,"{""brightness"":0.648838,""contrast"":0.783133,""hue"":-0.021287,""saturation"":0.82719}",11.727365,11.37397,-0.35339546,8.0699365e-06,1.1490731e-05,0.99728811,0.99579191,-0.99728004,-0.99578042,0.0014996166,0.81598179,1.0044779,230.94786,231.98202,False,0.98900574,True,False,False,0.81598179,1.0044779,230.94786,231.98202,0.80888408,1.005551,226.22234,227.4781,0.98901539,0.97871352,46.47974,45.49035,0.56113307,1.1102058,43.149101,47.90438,0.70593809,1.2179673,89.635063,109.17258,0.80475131,0.97807211,123.491,120.7831,0.84749602,0.9220306,110.41351,101.80463,0.91158524,0.95342747,117.63966,112.16088
0b_color_jitter_best,file,15,baseline_color_jitter,1491,027.Shiny_Cowbird/Shiny_Cowbird_0070_796832.jpg,27,26,027.Shiny_Cowbird,9,8,identity,identity,0,{},3.1554198,3.1554198,0,0.04262051,0.04262051,0.72732931,0.72732931,-0.6847088,-0.6847088,0,1,1,159.75809,159.75809,False,1,True,False,False,1,1,159.75809,159.75809,1,1,156.41521,156.41521,1,1,32.510428,32.510428,1,1,36.768618,36.768618,1,1,84.045622,84.045622,1,1,84.324478,84.324478,1,1,70.819935,70.819935,1,1,62.642155,62.642155
0b_color_jitter_best,file,15,baseline_color_jitter,1491,027.Shiny_Cowbird/Shiny_Cowbird_0070_796832.jpg,27,26,027.Shiny_Cowbird,9,8,color_jitter,color_jitter,0,"{""brightness"":0.843739,""contrast"":0.80471,""hue"":0.073391,""saturation"":1.104624}",3.1554198,2.9607387,-0.19468117,0.04262051,0.051780656,0.72732931,0.79793888,-0.6847088,-0.74615823,-0.061449423,0.93101,1.1318733,159.75809,180.82591,False,0.99410319,True,False,False,0.93101,1.1318733,159.75809,180.82591,0.92855709,1.1341213,156.41521,177.39383,0.99184639,1.0785265,32.510428,35.063356,0.91606809,1.1239686,36.768618,41.326771,0.90693795,1.1567097,84.045622,97.216382,0.93237059,1.1356248,84.324478,95.760969,0.93990723,1.1185606,70.819935,79.21639,0.95233348,1.1133737,62.642155,69.744127
0b_color_jitter_best,file,15,baseline_color_jitter,6000,103.Sayornis/Sayornis_0076_98941.jpg,103,102,103.Sayornis,77,76,identity,identity,0,{},0.070120178,0.070120178,0,0.93228179,0.93228179,0.026319336,0.026319336,0.90596246,0.90596246,0,1,1,11.546586,11.546586,False,0.99999994,True,True,True,1,1,11.546586,11.546586,1,1,11.353405,11.353405,1,1,2.1032946,2.1032946,1,1,4.2868327,4.2868327,1,1,4.9385283,4.9385283,1,1,5.544936,5.544936,1,1,5.3893683,5.3893683,1,1,5.1324662,5.1324662
0b_color_jitter_best,file,15,baseline_color_jitter,6000,103.Sayornis/Sayornis_0076_98941.jpg,103,102,103.Sayornis,77,76,color_jitter,color_jitter,0,"{""brightness"":1.017756,""contrast"":1.20443,""hue"":-0.077248,""saturation"":0.823879}",0.070120178,0.077891804,0.0077716261,0.93228179,0.9250645,0.026319336,0.015676726,0.90596246,0.90938778,0.0034253225,0.89625951,1.1259289,11.546586,13.000635,False,0.99006832,True,True,True,0.89625951,1.1259289,11.546586,13.000635,0.89374013,1.1269324,11.353405,12.794521,0.97205004,1.0962847,2.1032946,2.3058096,0.95615466,1.1222804,4.2868327,4.8110283,0.82876001,1.0880211,4.9385283,5.3732229,0.88939557,1.156011,5.544936,6.4100071,0.88542044,1.1470395,5.3893683,6.1818184,0.92462177,1.1086815,5.1324662,5.6902701
0b_color_jitter_best,file,15,baseline_color_jitter,3208,056.Pine_Grosbeak/Pine_Grosbeak_0068_38981.jpg,56,55,056.Pine_Grosbeak,158,157,identity,identity,0,{},0.0064145387,0.0064145387,0,0.99360597,0.99360597,0.0015940894,0.0015940894,0.99201188,0.99201188,0,1,1,1.1676409,1.1676409,False,0.99999994,True,True,True,1,1,1.1676409,1.1676409,1,1,1.1490549,1.1490549,1,1,0.20750435,0.20750435,1,1,0.20181154,0.20181154,1,1,0.50623745,0.50623745,1,1,0.63016962,0.63016962,1,1,0.57954971,0.57954971,1,1,0.538824,0.538824
0b_color_jitter_best,file,15,baseline_color_jitter,3208,056.Pine_Grosbeak/Pine_Grosbeak_0068_38981.jpg,56,55,056.Pine_Grosbeak,158,157,color_jitter,color_jitter,0,"{""brightness"":1.097205,""contrast"":0.850594,""hue"":-0.090586,""saturation"":1.015437}",0.0064145387,0.0028530152,-0.0035615235,0.99360597,0.99715108,0.0015940894,0.0005505617,0.99201188,0.99660052,0.0045886332,0.86517803,0.46155281,1.1676409,0.53892793,False,0.98182082,True,True,True,0.86517803,0.46155281,1.1676409,0.53892793,0.86152131,0.46143288,1.1490549,0.53021172,0.97642341,0.46521527,0.20750435,0.096534189,0.84259219,0.52149518,0.20181154,0.10524375,0.84781889,0.50461935,0.50623745,0.25545721,0.86534034,0.43863893,0.63016962,0.27641693,0.85990105,0.4498633,0.57954971,0.26071815,0.88099639,0.45614815,0.538824,0.24578357
0b_color_jitter_best,file,15,baseline_color_jitter,5522,095.Baltimore_Oriole/Baltimore_Oriole_0045_88178.jpg,95,94,095.Baltimore_Oriole,97,96,identity,identity,0,{},0.011572259,0.011572259,0,0.98849446,0.98849446,0.0039203758,0.0039203758,0.98457408,0.98457408,0,1,1,1.5655253,1.5655253,False,1,True,True,True,1,1,1.5655253,1.5655253,1,1,1.5343117,1.5343117,1,1,0.31105832,0.31105832,1,1,0.325837,0.325837,1,1,0.57972531,0.57972531,1,1,0.73636372,0.73636372,1,1,0.80807074,0.80807074,1,1,0.8465526,0.8465526
0b_color_jitter_best,file,15,baseline_color_jitter,5522,095.Baltimore_Oriole/Baltimore_Oriole_0045_88178.jpg,95,94,095.Baltimore_Oriole,97,96,color_jitter,color_jitter,0,"{""brightness"":1.116973,""contrast"":0.905056,""hue"":0.072919,""saturation"":1.055291}",0.011572259,0.015106205,0.0035339464,0.98849446,0.98500735,0.0039203758,0.0036840516,0.98457408,0.98132329,-0.0032507859,0.81730908,1.2780636,1.5655253,2.0008409,False,0.98538613,True,True,True,0.81730908,1.2780636,1.5655253,2.0008409,0.81077869,1.2757237,1.5343117,1.9573579,0.97005903,1.3337277,0.31105832,0.4148671,0.70131732,1.1208212,0.325837,0.36520502,0.73575184,1.252278,0.57972531,0.72597726,0.80585239,1.2865916,0.73636372,0.9473994,0.80465346,1.3113648,0.80807074,1.0596756,0.87075157,1.2669569,0.8465526,1.0725456
0b_color_jitter_best,file,15,baseline_color_jitter,8626,147.Least_Tern/Least_Tern_0020_153458.jpg,147,146,147.Least_Tern,146,145,identity,identity,0,{},0.59799421,0.59799421,0,0.54991359,0.54991359,0.20640241,0.20640241,0.34351118,0.34351118,0,1,1,67.380454,67.380454,False,0.99999988,True,True,True,1,1,67.380454,67.380454,1,1,66.023991,66.023991,1,1,13.452071,13.452071,1,1,12.12175,12.12175,1,1,26.172632,26.172632,1,1,39.575026,39.575026,1,1,33.161107,33.161107,1,1,29.349313,29.349313
0b_color_jitter_best,file,15,baseline_color_jitter,8626,147.Least_Tern/Least_Tern_0020_153458.jpg,147,146,147.Least_Tern,146,145,color_jitter,color_jitter,0,"{""brightness"":1.220148,""contrast"":1.161802,""hue"":-0.053544,""saturation"":0.632222}",0.59799421,1.4270335,0.82903934,0.54991359,0.24001989,0.20640241,0.1341107,0.34351118,0.10590918,-0.237602,0.89071145,1.792818,67.380454,120.80089,False,0.98058218,False,True,False,0.89071145,1.792818,67.380454,120.80089,0.88968258,1.7994767,66.023991,118.80863,0.92268409,1.6241853,13.452071,21.848657,0.82707726,1.7961596,12.12175,21.772598,0.81259911,1.680829,26.172632,43.991719,0.91797285,1.8256271,39.575026,72.249239,0.90530897,1.8356783,33.161107,60.873125,0.88700039,1.7967093,29.349313,52.732186
0b_color_jitter_best,file,15,baseline_color_jitter,1332,024.Red_faced_Cormorant/Red_Faced_Cormorant_0036_796329.jpg,24,23,024.Red_faced_Cormorant,5,4,identity,identity,0,{},0.022056395,0.022056395,0,0.97818506,0.97818506,0.006338893,0.006338893,0.97184616,0.97184616,0,1,1,3.2752328,3.2752328,False,1,True,True,True,1,1,3.2752328,3.2752328,1,1,3.1908454,3.1908454,1,1,0.73868484,0.73868484,1,1,0.78070743,0.78070743,1,1,1.119022,1.119022,1,1,1.4629537,1.4629537,1,1,1.678486,1.678486,1,1,1.8336389,1.8336389
0b_color_jitter_best,file,15,baseline_color_jitter,1332,024.Red_faced_Cormorant/Red_Faced_Cormorant_0036_796329.jpg,24,23,024.Red_faced_Cormorant,5,4,color_jitter,color_jitter,0,"{""brightness"":1.197173,""contrast"":1.22877,""hue"":-0.096109,""saturation"":1.006886}",0.022056395,0.14440475,0.12234836,0.97818506,0.86553735,0.006338893,0.0019295663,0.97184616,0.86360778,-0.10823839,0.67981969,6.5439718,3.2752328,21.433031,False,0.9524315,True,True,True,0.67981969,6.5439718,3.2752328,21.433031,0.66995204,6.5711076,3.1908454,20.967388,0.88349001,6.0152284,0.73868484,4.443358,0.70663406,7.4341732,0.78070743,5.8039143,0.47436611,6.0759344,1.119022,6.7991042,0.56730844,6.2997729,1.4629537,9.216276,0.67213833,6.8163755,1.678486,11.441191,0.79359531,6.5415809,1.8336389,11.994897
0b_color_jitter_best,file,15,baseline_color_jitter,3799,066.Western_Gull/Western_Gull_0080_53445.jpg,66,65,066.Western_Gull,59,58,identity,identity,0,{},0.022196665,0.022196665,0,0.97804785,0.97804785,0.019451562,0.019451562,0.95859629,0.95859629,0,1,1,3.6880865,3.6880865,False,1.0000002,True,True,True,1,1,3.6880865,3.6880865,1,1,3.549293,3.549293,1,1,1.0022483,1.0022483,1,1,0.70736754,0.70736754,1,1,1.4395701,1.4395701,1,1,1.8863224,1.8863224,1,1,1.7820847,1.7820847,1,1,1.8140318,1.8140318
0b_color_jitter_best,file,15,baseline_color_jitter,3799,066.Western_Gull/Western_Gull_0080_53445.jpg,66,65,066.Western_Gull,59,58,color_jitter,color_jitter,0,"{""brightness"":1.263109,""contrast"":1.36606,""hue"":-0.030434,""saturation"":1.391283}",0.022196665,0.091499634,0.069302969,0.97804785,0.91256166,0.019451562,0.074410893,0.95859629,0.83815076,-0.12044552,0.87077287,4.1548491,3.6880865,15.323443,False,0.98813486,True,True,True,0.87077287,4.1548491,3.6880865,15.323443,0.86159137,4.1576864,3.549293,14.756847,0.98703198,4.1191009,1.0022483,4.1283617,0.82053783,6.2384835,0.70736754,4.4129007,0.78972487,3.649684,1.4395701,5.2539761,0.8595818,3.8954306,1.8863224,7.3480381,0.8844573,4.220186,1.7820847,7.520729,0.91165976,4.2747067,1.8140318,7.7544539
0b_color_jitter_best,file,15,baseline_color_jitter,861,016.Painted_Bunting/Painted_Bunting_0028_15205.jpg,16,15,016.Painted_Bunting,172,171,identity,identity,0,{},0.016184498,0.016184498,0,0.98394579,0.98394579,0.0037471089,0.0037471089,0.98019868,0.98019868,0,1,1,2.4352279,2.4352279,False,1,True,True,True,1,1,2.4352279,2.4352279,1,1,2.394406,2.394406,1,1,0.44402118,0.44402118,1,1,0.34097811,0.34097811,1,1,0.94655893,0.94655893,1,1,1.2257166,1.2257166,1,1,1.2607471,1.2607471,1,1,1.2763525,1.2763525
0b_color_jitter_best,file,15,baseline_color_jitter,861,016.Painted_Bunting/Painted_Bunting_0028_15205.jpg,16,15,016.Painted_Bunting,172,171,color_jitter,color_jitter,0,"{""brightness"":0.662524,""contrast"":1.307215,""hue"":-0.049374,""saturation"":1.264882}",0.016184498,0.01292012,-0.0032643778,0.98394579,0.98716301,0.0037471089,0.0030856051,0.98019868,0.9840774,0.0038787241,0.82470514,0.76905432,2.4352279,1.8728225,False,0.97449464,True,True,True,0.82470514,0.76905432,2.4352279,1.8728225,0.81982418,0.76763578,2.394406,1.8380317,0.9604557,0.80921819,0.44402118,0.35931002,0.43691468,1.0713429,0.34097811,0.36530448,0.76056686,0.79808155,0.94655893,0.75543122,0.81837091,0.78004882,1.2257166,0.95611875,0.83643408,0.72413957,1.2607471,0.91295688,0.88551667,0.75417416,1.2763525,0.96259211
0b_color_jitter_best,file,15,baseline_color_jitter,8361,143.Caspian_Tern/Caspian_Tern_0101_145164.jpg,143,142,143.Caspian_Tern,145,144,identity,identity,0,{},0.75453961,0.75453961,0,0.47022706,0.47022706,0.41429755,0.41429755,0.055929512,0.055929512,0,1,1,71.801146,71.801146,False,1,True,True,True,1,1,71.801146,71.801146,1,1,68.9961,68.9961,1,1,19.873166,19.873166,1,1,13.658046,13.658046,1,1,32.195072,32.195072,1,1,35.136615,35.136615,1,1,33.593744,33.593744,1,1,34.267704,34.267704
0b_color_jitter_best,file,15,baseline_color_jitter,8361,143.Caspian_Tern/Caspian_Tern_0101_145164.jpg,143,142,143.Caspian_Tern,145,144,color_jitter,color_jitter,0,"{""brightness"":1.228593,""contrast"":0.607968,""hue"":-0.075495,""saturation"":0.959277}",0.75453961,0.617378,-0.13716161,0.47022706,0.53935677,0.41429755,0.35055539,0.055929512,0.18880138,0.13287187,0.86938846,0.86237376,71.801146,61.919424,False,0.98952997,True,True,True,0.86938846,0.86237376,71.801146,61.919424,0.85900262,0.85875814,68.9961,59.250963,0.98929339,0.90481889,19.873166,17.981617,0.77059134,0.73958773,13.658046,10.101323,0.77691377,0.79806204,32.195072,25.693665,0.87161485,0.87389736,35.136615,30.705795,0.88027691,0.88026282,33.593744,29.571323,0.90642586,0.89048916,34.267704,30.515019
0b_color_jitter_best,file,15,baseline_color_jitter,1973,035.Purple_Finch/Purple_Finch_0134_27526.jpg,35,34,035.Purple_Finch,119,118,identity,identity,0,{},0.14181156,0.14181156,0,0.86778474,0.86778474,0.068048745,0.068048745,0.79973599,0.79973599,0,1,1,24.704643,24.704643,False,0.99999988,True,True,True,1,1,24.704643,24.704643,1,1,24.403962,24.403962,1,1,3.8426577,3.8426577,1,1,4.6188238,4.6188238,1,1,12.203587,12.203587,1,1,12.909909,12.909909,1,1,12.259928,12.259928,1,1,10.407723,10.407723
0b_color_jitter_best,file,15,baseline_color_jitter,1973,035.Purple_Finch/Purple_Finch_0134_27526.jpg,35,34,035.Purple_Finch,119,118,color_jitter,color_jitter,0,"{""brightness"":1.33967,""contrast"":1.206209,""hue"":-0.07596,""saturation"":1.347234}",0.14181156,0.14404458,0.0022330135,0.86778474,0.86584914,0.068048745,0.0093259038,0.79973599,0.85652323,0.05678724,0.51453476,0.94289654,24.704643,23.293922,False,0.87400317,True,True,True,0.51453476,0.94289654,24.704643,23.293922,0.50832098,0.94253122,24.403962,23.001496,0.76129381,0.9575145,3.8426577,3.6794005,0.22485775,0.95807161,4.6188238,4.4251639,0.41710408,0.90837732,12.203587,11.085462,0.4834932,0.96225188,12.909909,12.422584,0.55690769,0.91147789,12.259928,11.174654,0.65338268,0.99576799,10.407723,10.363677
0b_color_jitter_best,file,15,baseline_color_jitter,1837,033.Yellow_billed_Cuckoo/Yellow_Billed_Cuckoo_0097_26713.jpg,33,32,033.Yellow_billed_Cuckoo,31,30,identity,identity,0,{},0.84473431,0.84473431,0,0.4296715,0.4296715,0.3094745,0.3094745,0.120197,0.120197,0,1,1,75.989835,75.989835,False,1,True,True,True,1,1,75.989835,75.989835,1,1,73.922363,73.922363,1,1,17.605092,17.605092,1,1,14.463592,14.463592,1,1,25.140572,25.140572,1,1,42.364506,42.364506,1,1,38.900713,38.900713,1,1,36.266446,36.266446
0b_color_jitter_best,file,15,baseline_color_jitter,1837,033.Yellow_billed_Cuckoo/Yellow_Billed_Cuckoo_0097_26713.jpg,33,32,033.Yellow_billed_Cuckoo,31,30,color_jitter,color_jitter,0,"{""brightness"":1.362076,""contrast"":1.218716,""hue"":0.070342,""saturation"":0.98155}",0.84473431,2.0070982,1.1623639,0.4296715,0.13437806,0.3094745,0.2871381,0.120197,-0.15276004,-0.27295704,0.67866011,1.6487275,75.989835,125.28653,False,0.94598591,False,True,False,0.67866011,1.6487275,75.989835,125.28653,0.66564734,1.6452974,73.922363,121.62427,0.90010484,1.7080724,17.605092,30.070771,0.68732719,2.5869891,14.463592,37.417153,0.54653684,1.7688787,25.140572,44.470621,0.69704989,1.4680824,42.364506,62.194586,0.64915978,1.5787554,38.900713,61.414711,0.72441878,1.6941228,36.266446,61.439814
0b_color_jitter_best,file,15,baseline_color_jitter,4840,083.White_breasted_Kingfisher/White_Breasted_Kingfisher_0074_73408.jpg,83,82,083.White_breasted_Kingfisher,33,32,identity,identity,0,{},1.6711317,1.6711317,0,0.18803415,0.18803415,0.65134841,0.65134841,-0.46331427,-0.46331427,0,1,1,187.81647,187.81647,False,1,True,False,False,1,1,187.81647,187.81647,1,1,184.99572,184.99572,1,1,32.428531,32.428531,1,1,37.966033,37.966033,1,1,73.255587,73.255587,1,1,95.408095,95.408095,1,1,101.72185,101.72185,1,1,89.250079,89.250079
0b_color_jitter_best,file,15,baseline_color_jitter,4840,083.White_breasted_Kingfisher/White_Breasted_Kingfisher_0074_73408.jpg,83,82,083.White_breasted_Kingfisher,33,32,color_jitter,color_jitter,0,"{""brightness"":1.021979,""contrast"":0.722407,""hue"":-0.098743,""saturation"":0.994786}",1.6711317,5.1392641,3.4681324,0.18803415,0.0058620009,0.65134841,0.5375275,-0.46331427,-0.5316655,-0.068351236,0.79755656,1.0469186,187.81647,196.62856,False,0.92907888,True,False,False,0.79755656,1.0469186,187.81647,196.62856,0.794018,1.0463016,184.99572,193.56133,0.91064737,1.0668027,32.428531,34.594843,0.75160141,0.85794209,37.966033,32.572658,0.73170762,1.018946,73.255587,74.643486,0.80518749,1.0680872,95.408095,101.90417,0.80065674,1.0272914,101.72185,104.49798,0.82211595,1.0937466,89.250079,97.616971
0b_color_jitter_best,file,15,baseline_color_jitter,8917,152.Blue_headed_Vireo/Blue_Headed_Vireo_0031_156056.jpg,152,151,152.Blue_headed_Vireo,157,156,identity,identity,0,{},0.09261287,0.09261287,0,0.91154629,0.91154629,0.02326704,0.02326704,0.88827925,0.88827925,0,1,1,18.117188,18.117188,False,1,True,True,True,1,1,18.117188,18.117188,1,1,17.889805,17.889805,1,1,2.8613545,2.8613545,1,1,4.1801506,4.1801506,1,1,10.868061,10.868061,1,1,9.095499,9.095499,1,1,7.5928833,7.5928833,1,1,6.6390325,6.6390325
0b_color_jitter_best,file,15,baseline_color_jitter,8917,152.Blue_headed_Vireo/Blue_Headed_Vireo_0031_156056.jpg,152,151,152.Blue_headed_Vireo,157,156,color_jitter,color_jitter,0,"{""brightness"":1.159483,""contrast"":0.778887,""hue"":-0.070882,""saturation"":1.350364}",0.09261287,0.092100821,-0.0005120486,0.91154629,0.91201317,0.02326704,0.023769606,0.88827925,0.88824357,-3.5682693e-05,0.92124858,0.95747502,18.117188,17.346755,False,0.99140996,True,True,True,0.92124858,0.95747502,18.117188,17.346755,0.91941527,0.95607445,17.889805,17.103986,0.99042449,1.0107041,2.8613545,2.8919829,0.75263406,0.69293816,4.1801506,2.8965859,0.92998119,0.94186698,10.868061,10.236268,0.92373347,0.97648207,9.095499,8.8815916,0.92408025,0.99449958,7.5928833,7.5511192,0.9401463,0.99312608,6.6390325,6.5933964
0b_color_jitter_best,file,15,baseline_color_jitter,2827,049.Boat_tailed_Grackle/Boat_Tailed_Grackle_0067_34032.jpg,49,48,049.Boat_tailed_Grackle,29,28,identity,identity,0,{},3.9948373,3.9948373,0,0.018410442,0.018410442,0.59640795,0.59640795,-0.57799751,-0.57799751,0,1,1,205.83423,205.83423,False,1,True,False,False,1,1,205.83423,205.83423,1,1,201.86465,201.86465,1,1,40.229271,40.229271,1,1,45.289762,45.289762,1,1,87.110295,87.110295,1,1,112.12251,112.12251,1,1,97.860032,97.860032,1,1,94.667454,94.667454
0b_color_jitter_best,file,15,baseline_color_jitter,2827,049.Boat_tailed_Grackle/Boat_Tailed_Grackle_0067_34032.jpg,49,48,049.Boat_tailed_Grackle,29,28,color_jitter,color_jitter,0,"{""brightness"":1.264688,""contrast"":0.747241,""hue"":0.031255,""saturation"":0.655545}",3.9948373,5.3589358,1.3640985,0.018410442,0.004705911,0.59640795,0.80290973,-0.57799751,-0.79820382,-0.22020631,0.89652454,1.0809457,205.83423,222.49563,False,0.98784029,True,False,False,0.89652454,1.0809457,205.83423,222.49563,0.89389628,1.0802388,201.86465,218.06202,0.9617176,1.0985956,40.229271,44.195698,0.88750973,0.78208014,45.289762,35.420224,0.87199445,1.0670617,87.110295,92.952062,0.90163067,1.0752202,112.12251,120.55638,0.89213595,1.1202379,97.860032,109.62652,0.91278178,1.1131402,94.667454,105.37815
0b_color_jitter_best,file,15,baseline_color_jitter,5699,098.Scott_Oriole/Scott_Oriole_0068_795804.jpg,98,97,098.Scott_Oriole,95,94,identity,identity,0,{},0.66785461,0.66785461,0,0.51280761,0.51280761,0.39862531,0.39862531,0.11418229,0.11418229,0,1,1,81.609237,81.609237,False,1.0000001,True,True,True,1,1,81.609237,81.609237,1,1,79.531363,79.531363,1,1,18.298355,18.298355,1,1,18.42479,18.42479,1,1,30.795653,30.795653,1,1,37.772257,37.772257,1,1,41.279788,41.279788,1,1,43.664956,43.664956
0b_color_jitter_best,file,15,baseline_color_jitter,5699,098.Scott_Oriole/Scott_Oriole_0068_795804.jpg,98,97,098.Scott_Oriole,95,94,color_jitter,color_jitter,0,"{""brightness"":1.106978,""contrast"":1.153796,""hue"":-0.029376,""saturation"":1.357136}",0.66785461,1.3678849,0.70003027,0.51280761,0.25464502,0.39862531,0.56661439,0.11418229,-0.31196937,-0.42615166,0.90005689,1.4017538,81.609237,114.39606,False,0.98934162,False,True,False,0.90005689,1.4017538,81.609237,114.39606,0.89540063,1.4007273,79.531363,111.40175,0.9868507,1.4210054,18.298355,26.002062,0.81075008,1.6373534,18.42479,30.167893,0.81822171,1.2832951,30.795653,39.51991,0.90159211,1.341769,37.772257,50.681644,0.91124117,1.4258816,41.279788,58.860089,0.93329053,1.4311772,43.664956,62.492288
0b_color_jitter_best,file,15,baseline_color_jitter,8653,148.Green_tailed_Towhee/Green_Tailed_Towhee_0074_154915.jpg,148,147,148.Green_tailed_Towhee,76,75,identity,identity,0,{},1.6582502,1.6582502,0,0.19047196,0.19047196,0.084300548,0.084300548,0.10617141,0.10617141,0,1,1,140.88784,140.88784,False,1,True,True,True,1,1,140.88784,140.88784,1,1,138.62752,138.62752,1,1,25.135511,25.135511,1,1,25.029137,25.029137,1,1,56.793355,56.793355,1,1,76.432984,76.432984,1,1,67.918174,67.918174,1,1,70.076864,70.076864
0b_color_jitter_best,file,15,baseline_color_jitter,8653,148.Green_tailed_Towhee/Green_Tailed_Towhee_0074_154915.jpg,148,147,148.Green_tailed_Towhee,76,75,color_jitter,color_jitter,0,"{""brightness"":1.25199,""contrast"":1.031941,""hue"":-0.078995,""saturation"":1.075311}",1.6582502,2.0494995,0.3912493,0.19047196,0.12879936,0.084300548,0.01177369,0.10617141,0.11702567,0.01085426,0.8155849,1.1495266,140.88784,161.95431,False,0.95680058,False,True,False,0.8155849,1.1495266,140.88784,161.95431,0.81160763,1.1508576,138.62752,159.54053,0.94177339,1.1082767,25.135511,27.857102,0.68681601,1.1074075,25.029137,27.717453,0.80064372,1.1823124,56.793355,67.147489,0.82222015,1.1917613,76.432984,91.089876,0.79573664,1.1503836,67.918174,78.131956,0.84003322,1.0843516,70.076864,75.987961
0b_color_jitter_best,file,15,baseline_color_jitter,7111,122.Harris_Sparrow/Harris_Sparrow_0081_116574.jpg,122,121,122.Harris_Sparrow,120,119,identity,identity,0,{},0.18742453,0.18742453,0,0.82909167,0.82909167,0.14002329,0.14002329,0.68906838,0.68906838,0,1,1,44.998641,44.998641,False,1,True,True,True,1,1,44.998641,44.998641,1,1,44.496807,44.496807,1,1,6.7016324,6.7016324,1,1,9.0494941,9.0494941,1,1,24.031085,24.031085,1,1,24.942284,24.942284,1,1,19.218127,19.218127,1,1,18.141818,18.141818
0b_color_jitter_best,file,15,baseline_color_jitter,7111,122.Harris_Sparrow/Harris_Sparrow_0081_116574.jpg,122,121,122.Harris_Sparrow,120,119,color_jitter,color_jitter,0,"{""brightness"":0.631475,""contrast"":0.869491,""hue"":0.033738,""saturation"":0.972895}",0.18742453,0.041589331,-0.14583519,0.82909167,0.95926362,0.14002329,0.022497514,0.68906838,0.93676611,0.24769773,0.84220185,0.21115434,44.998641,9.5016582,False,0.98372507,True,True,True,0.84220185,0.21115434,44.998641,9.5016582,0.83940009,0.21065383,44.496807,9.373423,0.95816358,0.23214941,6.7016324,1.55578,0.58852731,0.3181272,9.0494941,2.8788903,0.81385501,0.19850624,24.031085,4.7703204,0.89070149,0.20010283,24.942284,4.9910216,0.85435628,0.21311458,19.218127,4.0956629,0.89759289,0.21442344,18.141818,3.890031
0b_color_jitter_best,file,15,baseline_color_jitter,6416,110.Geococcyx/Geococcyx_0106_104216.jpg,110,109,110.Geococcyx,100,99,identity,identity,0,{},0.00042417587,0.00042417587,0,0.99957591,0.99957591,0.00014084615,0.00014084615,0.99943507,0.99943507,0,1,1,0.058393588,0.058393588,False,1,True,True,True,1,1,0.058393588,0.058393588,1,1,0.056505724,0.056505724,1,1,0.014728008,0.014728008,1,1,0.009668285,0.009668285,1,1,0.021859276,0.021859276,1,1,0.028628793,0.028628793,1,1,0.026900539,0.026900539,1,1,0.032838186,0.032838186
0b_color_jitter_best,file,15,baseline_color_jitter,6416,110.Geococcyx/Geococcyx_0106_104216.jpg,110,109,110.Geococcyx,100,99,color_jitter,color_jitter,0,"{""brightness"":1.277459,""contrast"":1.018756,""hue"":-0.034075,""saturation"":0.643314}",0.00042417587,0.00032896354,-9.5212337e-05,0.99957591,0.9996711,0.00014084615,0.00010014363,0.99943507,0.99957096,0.00013589114,0.91140353,0.76965243,0.058393588,0.044942767,False,0.9963243,True,True,True,0.91140353,0.76965243,0.058393588,0.044942767,0.90569574,0.76941656,0.056505724,0.04347644,0.99502783,0.7731161,0.014728008,0.01138646,0.79243043,0.81639846,0.009668285,0.007893173,0.85971432,0.73616706,0.021859276,0.016092079,0.87586946,0.71199959,0.028628793,0.020383689,0.90590385,0.80201291,0.026900539,0.021574579,0.95808463,0.79874982,0.032838186,0.026229495
0b_color_jitter_best,file,15,baseline_color_jitter,2343,041.Scissor_tailed_Flycatcher/Scissor_Tailed_Flycatcher_0126_41905.jpg,41,40,041.Scissor_tailed_Flycatcher,77,76,identity,identity,0,{},0.17930922,0.17930922,0,0.83584738,0.83584738,0.032512717,0.032512717,0.80333466,0.80333466,0,1,1,24.7209,24.7209,False,1.0000001,True,True,True,1,1,24.7209,24.7209,1,1,24.343835,24.343835,1,1,4.3012327,4.3012327,1,1,5.0945293,5.0945293,1,1,9.4912481,9.4912481,1,1,13.82422,13.82422,1,1,12.572048,12.572048,1,1,11.287996,11.287996
0b_color_jitter_best,file,15,baseline_color_jitter,2343,041.Scissor_tailed_Flycatcher/Scissor_Tailed_Flycatcher_0126_41905.jpg,41,40,041.Scissor_tailed_Flycatcher,77,76,color_jitter,color_jitter,0,"{""brightness"":1.366771,""contrast"":0.660324,""hue"":-0.052442,""saturation"":1.189437}",0.17930922,0.06997402,-0.1093352,0.83584738,0.93241805,0.032512717,0.0066687157,0.80333466,0.92574933,0.12241467,0.82302633,0.50038808,24.7209,12.370044,False,0.97403228,True,True,True,0.82302633,0.50038808,24.7209,12.370044,0.81941564,0.50229978,24.343835,12.227903,0.96504213,0.43472631,4.3012327,1.869859,0.84289103,0.69561274,5.0945293,3.5438195,0.75207741,0.5704601,9.4912481,5.4143783,0.80907257,0.48619547,13.82422,6.7212731,0.8426344,0.4729236,12.572048,5.945618,0.88270369,0.46136076,11.287996,5.2078383
0b_color_jitter_best,file,15,baseline_color_jitter,7633,131.Vesper_Sparrow/Vesper_Sparrow_0087_125712.jpg,131,130,131.Vesper_Sparrow,104,103,identity,identity,0,{},0.050712876,0.050712876,0,0.95055157,0.95055157,0.038564537,0.038564537,0.91198703,0.91198703,0,1,1,8.8102086,8.8102086,False,1,True,True,True,1,1,8.8102086,8.8102086,1,1,8.6154059,8.6154059,1,1,1.8424321,1.8424321,1,1,1.3688319,1.3688319,1,1,3.7600979,3.7600979,1,1,4.9803514,4.9803514,1,1,4.0401853,4.0401853,1,1,4.1335439,4.1335439
0b_color_jitter_best,file,15,baseline_color_jitter,7633,131.Vesper_Sparrow/Vesper_Sparrow_0087_125712.jpg,131,130,131.Vesper_Sparrow,104,103,color_jitter,color_jitter,0,"{""brightness"":1.257137,""contrast"":0.751328,""hue"":-0.090114,""saturation"":0.863792}",0.050712876,0.056720749,0.0060078725,0.95055157,0.9448579,0.038564537,0.047218144,0.91198703,0.89763975,-0.014347281,0.83082491,1.2772796,8.8102086,11.253099,False,0.98064089,True,True,True,0.83082491,1.2772796,8.8102086,11.253099,0.8246423,1.2811019,8.6154059,11.037213,0.97842318,1.1906362,1.8424321,2.1936663,0.58964687,1.531866,1.3688319,2.0968671,0.76609082,1.3230294,3.7600979,4.9747202,0.83073213,1.2630578,4.9803514,6.2904718,0.85206836,1.2849043,4.0401853,5.1912514,0.87491975,1.2372721,4.1335439,5.1143185
0b_color_jitter_best,file,15,baseline_color_jitter,1571,028.Brown_Creeper/Brown_Creeper_0115_24488.jpg,28,27,028.Brown_Creeper,187,186,identity,identity,0,{},0.0016455217,0.0016455217,0,0.99835581,0.99835581,0.0004001045,0.0004001045,0.9979557,0.9979557,0,1,1,0.42974968,0.42974968,False,1,True,True,True,1,1,0.42974968,0.42974968,1,1,0.426436,0.426436,1,1,0.053264669,0.053264669,1,1,0.17590396,0.17590396,1,1,0.21974376,0.21974376,1,1,0.21821769,0.21821769,1,1,0.17426543,0.17426543,1,1,0.15694184,0.15694184
0b_color_jitter_best,file,15,baseline_color_jitter,1571,028.Brown_Creeper/Brown_Creeper_0115_24488.jpg,28,27,028.Brown_Creeper,187,186,color_jitter,color_jitter,0,"{""brightness"":1.139623,""contrast"":1.074221,""hue"":-0.040775,""saturation"":0.713785}",0.0016455217,0.0021490592,0.00050353748,0.99835581,0.99785322,0.0004001045,0.0008882804,0.9979557,0.99696494,-0.00099076226,0.92705939,1.2214363,0.42974968,0.52491185,False,0.99320799,True,True,True,0.92705939,1.2214363,0.42974968,0.52491185,0.92628648,1.219617,0.426436,0.5200886,0.97598656,1.3328726,0.053264669,0.070995019,0.92321243,1.1343753,0.17590396,0.1995411,0.92496391,1.1367725,0.21974376,0.24979866,0.93210853,1.2322727,0.21821769,0.26890369,0.917719,1.2831761,0.17426543,0.22361323,0.94512988,1.3660622,0.15694184,0.21439231
0b_color_jitter_best,file,15,baseline_color_jitter,1952,035.Purple_Finch/Purple_Finch_0102_27308.jpg,35,34,035.Purple_Finch,130,129,identity,identity,0,{},0.017079296,0.017079296,0,0.98306572,0.98306572,0.0080334553,0.0080334553,0.97503227,0.97503227,0,1,1,2.7633506,2.7633506,False,1,True,True,True,1,1,2.7633506,2.7633506,1,1,2.7134872,2.7134872,1,1,0.52258383,0.52258383,1,1,0.60747228,0.60747228,1,1,1.1045651,1.1045651,1,1,1.4985163,1.4985163,1,1,1.3305806,1.3305806,1,1,1.3258697,1.3258697
0b_color_jitter_best,file,15,baseline_color_jitter,1952,035.Purple_Finch/Purple_Finch_0102_27308.jpg,35,34,035.Purple_Finch,130,129,color_jitter,color_jitter,0,"{""brightness"":0.866055,""contrast"":1.069572,""hue"":0.030272,""saturation"":1.320952}",0.017079296,0.01794133,0.00086203404,0.98306572,0.98221868,0.0080334553,0.0089057535,0.97503227,0.97331293,-0.0017193398,0.91580065,1.187391,2.7633506,3.2811777,False,0.9914977,True,True,True,0.91580065,1.187391,2.7633506,3.2811777,0.91346822,1.19146,2.7134872,3.2330113,0.99066303,1.0718795,0.52258383,0.56014692,0.88812208,1.1489958,0.60747228,0.69798309,0.86498342,1.2234016,1.1045651,1.3513267,0.91494018,1.2328402,1.4985163,1.8474312,0.92516214,1.2312915,1.3305806,1.6383326,0.94806288,1.0777624,1.3258697,1.4289725
0b_color_jitter_best,file,15,baseline_color_jitter,8012,137.Cliff_Swallow/Cliff_Swallow_0071_133742.jpg,137,136,137.Cliff_Swallow,76,75,identity,identity,0,{},0.10715336,0.10715336,0,0.89838791,0.89838791,0.03325009,0.03325009,0.86513782,0.86513782,0,1,1,18.149313,18.149313,False,1,True,True,True,1,1,18.149313,18.149313,1,1,17.915326,17.915326,1,1,2.9049373,2.9049373,1,1,3.709412,3.709412,1,1,7.5256736,7.5256736,1,1,10.028606,10.028606,1,1,9.3635538,9.3635538,1,1,7.8939432,7.8939432
0b_color_jitter_best,file,15,baseline_color_jitter,8012,137.Cliff_Swallow/Cliff_Swallow_0071_133742.jpg,137,136,137.Cliff_Swallow,76,75,color_jitter,color_jitter,0,"{""brightness"":0.96928,""contrast"":0.645052,""hue"":-0.032565,""saturation"":0.921266}",0.10715336,0.082894966,-0.02425839,0.89838791,0.92044783,0.03325009,0.043029025,0.86513782,0.8774188,0.012280982,0.89485399,1.0197989,18.149313,18.50865,False,0.98950374,True,True,True,0.89485399,1.0197989,18.149313,18.50865,0.89315979,1.0223684,17.915326,18.316063,0.97192003,0.91673913,2.9049373,2.6630697,0.80223201,0.76693724,3.709412,2.8448862,0.8525381,1.1799289,7.5256736,8.8797597,0.9264719,1.0400207,10.028606,10.429958,0.90248189,0.97645953,9.3635538,9.1431313,0.90394144,0.94928269,7.8939432,7.4935837
0b_color_jitter_best,file,15,baseline_color_jitter,11532,196.House_Wren/House_Wren_0094_187226.jpg,196,195,196.House_Wren,199,198,identity,identity,0,{},0.021016054,0.021016054,0,0.97920322,0.97920322,0.0065276409,0.0065276409,0.97267558,0.97267558,0,1,1,3.376052,3.376052,False,1,True,True,True,1,1,3.376052,3.376052,1,1,3.3071631,3.3071631,1,1,0.67852739,0.67852739,1,1,0.61339877,0.61339877,1,1,1.6509732,1.6509732,1,1,1.7513503,1.7513503,1,1,1.5962125,1.5962125,1,1,1.4900453,1.4900453
0b_color_jitter_best,file,15,baseline_color_jitter,11532,196.House_Wren/House_Wren_0094_187226.jpg,196,195,196.House_Wren,199,198,color_jitter,color_jitter,0,"{""brightness"":1.120859,""contrast"":1.107965,""hue"":0.046098,""saturation"":1.387175}",0.021016054,0.04702938,0.026013326,0.97920322,0.95405936,0.0065276409,0.0146979,0.97267558,0.93936146,-0.033314121,0.78713552,1.8830465,3.376052,6.3572629,False,0.9780513,True,True,True,0.78713552,1.8830465,3.376052,6.3572629,0.77835555,1.8715933,3.3071631,6.1896642,0.97641547,2.1371578,0.67852739,1.4501201,0.64463536,2.2416565,0.61339877,1.3750294,0.73353271,1.6890027,1.6509732,2.7884982,0.71584619,1.724958,1.7513503,3.0210057,0.83292586,1.9821582,1.5962125,3.1639457,0.87458476,2.0694561,1.4900453,3.0835835
0b_color_jitter_best,file,15,baseline_color_jitter,8107,139.Scarlet_Tanager/Scarlet_Tanager_0093_138250.jpg,139,138,139.Scarlet_Tanager,140,139,identity,identity,0,{},1.0972047,1.0972047,0,0.33380285,0.33380285,0.33748141,0.33748141,-0.0036785603,-0.0036785603,0,1,1,118.28749,118.28749,False,1,True,False,False,1,1,118.28749,118.28749,1,1,116.20744,116.20744,1,1,22.085272,22.085272,1,1,24.025209,24.025209,1,1,47.142736,47.142736,1,1,61.447973,61.447973,1,1,64.482742,64.482742,1,1,52.636912,52.636912
0b_color_jitter_best,file,15,baseline_color_jitter,8107,139.Scarlet_Tanager/Scarlet_Tanager_0093_138250.jpg,139,138,139.Scarlet_Tanager,140,139,color_jitter,color_jitter,0,"{""brightness"":0.771931,""contrast"":1.218561,""hue"":0.039807,""saturation"":0.826987}",1.0972047,3.0160055,1.9188008,0.33380285,0.048996557,0.33748141,0.12568554,-0.0036785603,-0.076688986,-0.073010426,0.70742211,1.6793422,118.28749,198.64517,False,0.93908525,False,False,False,0.70742211,1.6793422,118.28749,198.64517,0.70341591,1.6899913,116.20744,196.38957,0.8633371,1.351593,22.085272,29.850299,0.54153776,2.5765277,24.025209,61.901617,0.62738029,1.7595807,47.142736,82.951448,0.73084356,1.6329154,61.447973,100.33934,0.75096785,1.6548392,64.482742,106.70857,0.74110381,1.5200133,52.636912,80.008808
0b_color_jitter_best,file,15,baseline_color_jitter,7871,135.Bank_Swallow/Bank_Swallow_0068_129806.jpg,135,134,135.Bank_Swallow,137,136,identity,identity,0,{},0.76558518,0.76558518,0,0.46506169,0.46506169,0.25599355,0.25599355,0.20906815,0.20906815,0,1,1,63.61632,63.61632,False,0.99999994,True,True,True,1,1,63.61632,63.61632,1,1,60.824144,60.824144,1,1,18.640273,18.640273,1,1,9.994998,9.994998,1,1,23.25719,23.25719,1,1,27.865779,27.865779,1,1,30.233184,30.233184,1,1,36.989627,36.989627
0b_color_jitter_best,file,15,baseline_color_jitter,7871,135.Bank_Swallow/Bank_Swallow_0068_129806.jpg,135,134,135.Bank_Swallow,137,136,color_jitter,color_jitter,0,"{""brightness"":0.890841,""contrast"":1.277662,""hue"":-0.059988,""saturation"":1.209037}",0.76558518,0.71969193,-0.045893252,0.46506169,0.48690224,0.25599355,0.31452489,0.20906815,0.17237735,-0.036690801,0.81826283,1.0678149,63.61632,67.930452,False,0.99029905,True,True,True,0.81826283,1.0678149,63.61632,67.930452,0.80478202,1.0737125,60.824144,65.307646,0.97369186,1.0028708,18.640273,18.693785,0.72805035,1.4801708,9.994998,14.794304,0.69005358,1.0495357,23.25719,24.409251,0.72900039,1.1256971,27.865779,31.368427,0.83219317,1.1012276,30.233184,33.293617,0.89689163,0.99623994,36.989627,36.850544
0b_color_jitter_best,file,15,baseline_color_jitter,1027,019.Gray_Catbird/Gray_Catbird_0063_20707.jpg,19,18,019.Gray_Catbird,102,101,identity,identity,0,{},0.092921428,0.092921428,0,0.91126508,0.91126508,0.033395469,0.033395469,0.87786961,0.87786961,0,1,1,13.797731,13.797731,False,1.0000001,True,True,True,1,1,13.797731,13.797731,1,1,13.512149,13.512149,1,1,2.7927056,2.7927056,1,1,3.0511721,3.0511721,1,1,6.5762142,6.5762142,1,1,7.1234092,7.1234092,1,1,6.1214195,6.1214195,1,1,6.4658486,6.4658486
0b_color_jitter_best,file,15,baseline_color_jitter,1027,019.Gray_Catbird/Gray_Catbird_0063_20707.jpg,19,18,019.Gray_Catbird,102,101,color_jitter,color_jitter,0,"{""brightness"":1.305002,""contrast"":1.175956,""hue"":0.017035,""saturation"":0.843525}",0.092921428,0.11519779,0.022276357,0.91126508,0.89118987,0.033395469,0.021957846,0.87786961,0.86923203,-0.0086375792,0.8730872,1.2470971,13.797731,17.207111,False,0.9931435,True,True,True,0.8730872,1.2470971,13.797731,17.207111,0.86898997,1.2477145,13.512149,16.859305,0.97024492,1.2325552,2.7927056,3.4421638,0.74860638,1.5372335,3.0511721,4.6903641,0.8401737,1.1274951,6.5762142,7.4146494,0.88463806,1.2292449,7.1234092,8.7564145,0.87428668,1.3096615,6.1214195,8.0169876,0.91531991,1.2594269,6.4658486,8.143264
0b_color_jitter_best,file,15,baseline_color_jitter,3069,053.Western_Grebe/Western_Grebe_0061_36181.jpg,53,52,053.Western_Grebe,51,50,identity,identity,0,{},0.00097298954,0.00097298954,0,0.99902749,0.99902749,0.000642934,0.000642934,0.99838456,0.99838456,0,1,1,0.20165182,0.20165182,False,1,True,True,True,1,1,0.20165182,0.20165182,1,1,0.19806921,0.19806921,1,1,0.037842364,0.037842364,1,1,0.064568553,0.064568553,1,1,0.082261657,0.082261657,1,1,0.097968978,0.097968978,1,1,0.094841582,0.094841582,1,1,0.098501198,0.098501198
0b_color_jitter_best,file,15,baseline_color_jitter,3069,053.Western_Grebe/Western_Grebe_0061_36181.jpg,53,52,053.Western_Grebe,51,50,color_jitter,color_jitter,0,"{""brightness"":0.74308,""contrast"":1.24021,""hue"":0.042501,""saturation"":0.958637}",0.00097298954,0.00059539231,-0.00037759723,0.99902749,0.99940479,0.000642934,0.00028410312,0.99838456,0.99912068,0.00073612828,0.91383139,0.52619908,0.20165182,0.106109,False,0.99536574,True,True,True,0.91383139,0.52619908,0.20165182,0.106109,0.91116576,0.52518813,0.19806921,0.1040236,0.9843489,0.55317628,0.037842364,0.020933498,0.9167031,0.43141924,0.064568553,0.027856116,0.86991939,0.55619436,0.082261657,0.045753469,0.91217873,0.51667474,0.097968978,0.050618096,0.9183151,0.51723386,0.094841582,0.049055277,0.93955996,0.55447469,0.098501198,0.054616422
0b_color_jitter_best,file,15,baseline_color_jitter,9721,166.Golden_winged_Warbler/Golden_Winged_Warbler_0030_164462.jpg,166,165,166.Golden_winged_Warbler,165,164,identity,identity,0,{},0.3973901,0.3973901,0,0.67207181,0.67207181,0.11692847,0.11692847,0.55514334,0.55514334,0,1,1,47.844894,47.844894,False,0.99999988,True,True,True,1,1,47.844894,47.844894,1,1,47.175983,47.175983,1,1,7.972482,7.972482,1,1,7.1092819,7.1092819,1,1,17.588988,17.588988,1,1,25.580786,25.580786,1,1,25.274048,25.274048,1,1,23.927074,23.927074
0b_color_jitter_best,file,15,baseline_color_jitter,9721,166.Golden_winged_Warbler/Golden_Winged_Warbler_0030_164462.jpg,166,165,166.Golden_winged_Warbler,165,164,color_jitter,color_jitter,0,"{""brightness"":0.812608,""contrast"":0.696022,""hue"":0.044761,""saturation"":1.187721}",0.3973901,0.46081185,0.063421756,0.67207181,0.63077134,0.11692847,0.15352911,0.55514334,0.47724223,-0.07790111,0.88523001,1.096144,47.844894,52.444893,False,0.99054825,True,True,True,0.88523001,1.096144,47.844894,52.444893,0.88216034,1.092797,47.175983,51.553772,0.98678222,1.2075048,7.972482,9.62681,0.62863625,1.2093331,7.1092819,8.5974896,0.83420848,1.1602121,17.588988,20.406957,0.88783187,1.0901236,25.580786,27.886218,0.8864675,1.0679502,25.274048,26.991424,0.92572535,1.0747169,23.927074,25.714831
0b_color_jitter_best,file,15,baseline_color_jitter,9988,170.Mourning_Warbler/Mourning_Warbler_0051_795352.jpg,170,169,170.Mourning_Warbler,88,87,identity,identity,0,{},0.55471754,0.55471754,0,0.57423443,0.57423443,0.097018532,0.097018532,0.47721589,0.47721589,0,1,1,70.049342,70.049342,False,0.99999994,True,True,True,1,1,70.049342,70.049342,1,1,69.199759,69.199759,1,1,10.876754,10.876754,1,1,12.235577,12.235577,1,1,31.760689,31.760689,1,1,38.047456,38.047456,1,1,32.50062,32.50062,1,1,33.559748,33.559748
0b_color_jitter_best,file,15,baseline_color_jitter,9988,170.Mourning_Warbler/Mourning_Warbler_0051_795352.jpg,170,169,170.Mourning_Warbler,88,87,color_jitter,color_jitter,0,"{""brightness"":0.842256,""contrast"":1.374721,""hue"":0.088415,""saturation"":0.890968}",0.55471754,0.8968572,0.34213966,0.57423443,0.40784943,0.097018532,0.20110324,0.47721589,0.20674619,-0.2704697,0.85608897,1.5604151,70.049342,109.30605,False,0.98397332,True,True,True,0.85608897,1.5604151,70.049342,109.30605,0.85320124,1.5614249,69.199759,108.05022,0.97655989,1.5189816,10.876754,16.521589,0.73546629,1.6100386,12.235577,19.699751,0.78531052,1.6446627,31.760689,52.235621,0.87165779,1.5429943,38.047456,58.707008,0.86026825,1.5519517,32.50062,50.439393,0.9068236,1.5098787,33.559748,50.671147
0b_color_jitter_best,file,15,baseline_color_jitter,5099,088.Western_Meadowlark/Western_Meadowlark_0098_78382.jpg,88,87,088.Western_Meadowlark,194,193,identity,identity,0,{},0.039010663,0.039010663,0,0.96174043,0.96174043,0.024826704,0.024826704,0.93691373,0.93691373,0,1,1,6.1001267,6.1001267,False,0.99999994,True,True,True,1,1,6.1001267,6.1001267,1,1,5.9640961,5.9640961,1,1,1.2810559,1.2810559,1,1,0.94508672,0.94508672,1,1,2.1269097,2.1269097,1,1,2.9681617,2.9681617,1,1,3.0149336,3.0149336,1,1,3.5005285,3.5005285
0b_color_jitter_best,file,15,baseline_color_jitter,5099,088.Western_Meadowlark/Western_Meadowlark_0098_78382.jpg,88,87,088.Western_Meadowlark,194,193,color_jitter,color_jitter,0,"{""brightness"":1.018477,""contrast"":1.014088,""hue"":-0.051694,""saturation"":1.219554}",0.039010663,0.03617207,-0.002838593,0.96174043,0.96447432,0.024826704,0.021406272,0.93691373,0.94306805,0.0061543174,0.94620369,0.93691249,6.1001267,5.7152849,False,0.9962256,True,True,True,0.94620369,0.93691249,6.1001267,5.7152849,0.94397444,0.93765937,5.9640961,5.5922906,0.99557179,0.92057509,1.2810559,1.1793081,0.89805952,1.0171159,0.94508672,0.96126272,0.92142659,0.96664195,2.1269097,2.0559602,0.94152884,0.97151607,2.9681617,2.8836167,0.93571653,0.90357351,3.0149336,2.7242142,0.96578068,0.92064713,3.5005285,3.2227515
0b_color_jitter_best,file,15,baseline_color_jitter,10420,177.Prothonotary_Warbler/Prothonotary_Warbler_0082_173970.jpg,177,176,177.Prothonotary_Warbler,180,179,identity,identity,0,{},1.4276876,1.4276876,0,0.23986293,0.23986293,0.30437177,0.30437177,-0.06450884,-0.06450884,0,1,1,117.95971,117.95971,False,0.99999988,True,False,False,1,1,117.95971,117.95971,1,1,116.60368,116.60368,1,1,17.834624,17.834624,1,1,42.870918,42.870918,1,1,56.029202,56.029202,1,1,57.359046,57.359046,1,1,53.187002,53.187002,1,1,50.003147,50.003147
0b_color_jitter_best,file,15,baseline_color_jitter,10420,177.Prothonotary_Warbler/Prothonotary_Warbler_0082_173970.jpg,177,176,177.Prothonotary_Warbler,180,179,color_jitter,color_jitter,0,"{""brightness"":0.608031,""contrast"":0.798025,""hue"":-0.060956,""saturation"":1.153205}",1.4276876,0.70465153,-0.72303611,0.23986293,0.49428079,0.30437177,0.20367663,-0.06450884,0.29060416,0.355113,0.81909495,0.70439894,117.95971,83.090694,False,0.95298785,False,False,True,0.81909495,0.70439894,117.95971,83.090694,0.8162531,0.70547208,116.60368,82.260643,0.95159877,0.6568894,17.834624,11.715375,0.82091973,0.69971663,42.870918,29.997494,0.7699224,0.72550355,56.029202,40.649385,0.80977541,0.7287003,57.359046,41.797554,0.84009401,0.68367344,53.187002,36.362541,0.85921254,0.67680934,50.003147,33.842597
0b_color_jitter_best,file,15,baseline_color_jitter,3164,055.Evening_Grosbeak/Evening_Grosbeak_0069_37684.jpg,55,54,055.Evening_Grosbeak,168,167,identity,identity,0,{},0.00093416439,0.00093416439,0,0.99906629,0.99906629,0.00024822506,0.00024822506,0.99881807,0.99881807,0,1,1,0.14782942,0.14782942,False,0.99999994,True,True,True,1,1,0.14782942,0.14782942,1,1,0.14458616,0.14458616,1,1,0.030795738,0.030795738,1,1,0.024635411,0.024635411,1,1,0.052625655,0.052625655,1,1,0.070714352,0.070714352,1,1,0.06972325,0.06972325,1,1,0.087561091,0.087561091
0b_color_jitter_best,file,15,baseline_color_jitter,3164,055.Evening_Grosbeak/Evening_Grosbeak_0069_37684.jpg,55,54,055.Evening_Grosbeak,168,167,color_jitter,color_jitter,0,"{""brightness"":0.982312,""contrast"":0.897519,""hue"":-0.08959,""saturation"":1.337396}",0.00093416439,0.0028286467,0.0018944823,0.99906629,0.99717534,0.00024822506,0.00025585742,0.99881807,0.99691948,-0.0018985897,0.77544349,2.9634968,0.14782942,0.438092,False,0.98152053,True,True,True,0.77544349,2.9634968,0.14782942,0.438092,0.76761404,2.9719318,0.14458616,0.42970022,0.96236255,2.7710492,0.030795738,0.085336504,0.50362044,3.4051921,0.024635411,0.083888306,0.6638026,3.0712127,0.052625655,0.16162458,0.67930686,2.7097568,0.070714352,0.1916187,0.75583113,3.1550808,0.06972325,0.21998249,0.89574524,2.9422729,0.087561091,0.25762862
0b_color_jitter_best,file,15,baseline_color_jitter,8053,138.Tree_Swallow/Tree_Swallow_0030_134942.jpg,138,137,138.Tree_Swallow,160,159,identity,identity,0,{},0.71284962,0.71284962,0,0.49024519,0.49024519,0.2471768,0.2471768,0.2430684,0.2430684,0,1,1,93.414665,93.414665,False,1.0000001,True,True,True,1,1,93.414665,93.414665,1,1,91.776548,91.776548,1,1,17.417373,17.417373,1,1,26.089235,26.089235,1,1,35.162601,35.162601,1,1,46.666772,46.666772,1,1,46.690351,46.690351,1,1,46.347618,46.347618
0b_color_jitter_best,file,15,baseline_color_jitter,8053,138.Tree_Swallow/Tree_Swallow_0030_134942.jpg,138,137,138.Tree_Swallow,160,159,color_jitter,color_jitter,0,"{""brightness"":1.220467,""contrast"":0.708912,""hue"":0.081315,""saturation"":1.048585}",0.71284962,1.6353595,0.92250991,0.49024519,0.1948823,0.2471768,0.6731624,0.2430684,-0.4782801,-0.72134849,0.81066147,2.0507093,93.414665,191.56633,False,0.97399676,False,True,False,0.81066147,2.0507093,93.414665,191.56633,0.80634773,2.0519403,91.776548,188.32,0.93267438,2.0162321,17.417373,35.117466,0.73526851,1.6223436,26.089235,42.325705,0.68422067,2.2825938,35.162601,80.261934,0.8244274,2.1472818,46.666772,100.20671,0.84558564,2.0471874,46.690351,95.583895,0.85699486,1.9362429,46.347618,89.740247
0b_color_jitter_best,file,15,baseline_color_jitter,8498,145.Elegant_Tern/Elegant_Tern_0004_150948.jpg,145,144,145.Elegant_Tern,147,146,identity,identity,0,{},1.4487264,1.4487264,0,0.23486923,0.23486923,0.65148687,0.65148687,-0.41661765,-0.41661765,0,1,1,137.87661,137.87661,False,1,True,False,False,1,1,137.87661,137.87661,1,1,134.84974,134.84974,1,1,28.731637,28.731637,1,1,52.238239,52.238239,1,1,66.036188,66.036188,1,1,61.117615,61.117615,1,1,59.863506,59.863506,1,1,61.447846,61.447846
0b_color_jitter_best,file,15,baseline_color_jitter,8498,145.Elegant_Tern/Elegant_Tern_0004_150948.jpg,145,144,145.Elegant_Tern,147,146,color_jitter,color_jitter,0,"{""brightness"":1.024728,""contrast"":0.77693,""hue"":0.043722,""saturation"":0.83908}",1.4487264,1.8452543,0.39652789,0.23486923,0.15798514,0.65148687,0.72520518,-0.41661765,-0.56722005,-0.1506024,0.92320702,1.0995107,137.87661,151.5968,False,0.99060524,True,False,False,0.92320702,1.0995107,137.87661,151.5968,0.92013035,1.0991816,134.84974,148.22434,0.99053865,1.106736,28.731637,31.798337,0.95445583,0.93269832,52.238239,48.722517,0.90264082,1.0847261,66.036188,71.631176,0.91064808,1.1791776,61.117615,72.068521,0.91741458,1.1361244,59.863506,68.012389,0.94220085,1.1092578,61.447846,68.161502
0b_color_jitter_best,file,15,baseline_color_jitter,6675,115.Brewer_Sparrow/Brewer_Sparrow_0046_796696.jpg,115,114,115.Brewer_Sparrow,117,116,identity,identity,0,{},0.26330736,0.26330736,0,0.76850563,0.76850563,0.22008011,0.22008011,0.54842553,0.54842553,0,1,1,34.709891,34.709891,False,0.99999994,True,True,True,1,1,34.709891,34.709891,1,1,33.254762,33.254762,1,1,9.9447142,9.9447142,1,1,7.6674589,7.6674589,1,1,15.853661,15.853661,1,1,17.72178,17.72178,1,1,15.369291,15.369291,1,1,15.667613,15.667613
0b_color_jitter_best,file,15,baseline_color_jitter,6675,115.Brewer_Sparrow/Brewer_Sparrow_0046_796696.jpg,115,114,115.Brewer_Sparrow,117,116,color_jitter,color_jitter,0,"{""brightness"":1.324969,""contrast"":1.380075,""hue"":0.007847,""saturation"":1.223402}",0.26330736,0.31063861,0.047331244,0.76850563,0.7329787,0.22008011,0.25759938,0.54842553,0.47537932,-0.073046207,0.78911231,1.3482745,34.709891,46.79846,False,0.97229648,True,True,True,0.78911231,1.3482745,34.709891,46.79846,0.77492295,1.3599021,33.254762,45.223221,0.97227918,1.2106707,9.9447142,12.039774,0.55119054,1.6444737,7.6674589,12.608935,0.69897252,1.2763378,15.853661,20.234626,0.80310174,1.4450094,17.72178,25.608138,0.8176856,1.3618402,15.369291,20.930518,0.84935333,1.2488551,15.667613,19.566578
0b_color_jitter_best,file,15,baseline_color_jitter,5635,097.Orchard_Oriole/Orchard_Oriole_0080_91417.jpg,97,96,097.Orchard_Oriole,95,94,identity,identity,0,{},0.046887092,0.046887092,0,0.95419514,0.95419514,0.0057816193,0.0057816193,0.94841352,0.94841352,0,1,1,6.1610943,6.1610943,False,1,True,True,True,1,1,6.1610943,6.1610943,1,1,6.0242549,6.0242549,1,1,1.2912921,1.2912921,1,1,1.0516679,1.0516679,1,1,2.2530735,2.2530735,1,1,3.0410138,3.0410138,1,1,3.1928861,3.1928861,1,1,3.2660398,3.2660398
0b_color_jitter_best,file,15,baseline_color_jitter,5635,097.Orchard_Oriole/Orchard_Oriole_0080_91417.jpg,97,96,097.Orchard_Oriole,95,94,color_jitter,color_jitter,0,"{""brightness"":0.993661,""contrast"":1.188732,""hue"":-0.096234,""saturation"":1.072664}",0.046887092,0.26672044,0.21983335,0.95419514,0.76588714,0.0057816193,0.041020717,0.94841352,0.72486642,-0.2235471,0.74767792,6.2116413,6.1610943,38.270507,False,0.95403099,True,True,True,0.74767792,6.2116413,6.1610943,38.270507,0.74020421,6.2442487,6.0242549,37.616946,0.940509,5.4538572,1.2912921,7.0425225,0.63705078,8.2973171,1.0516679,8.7260217,0.65746867,7.2039697,2.2530735,16.231073,0.71143385,6.4764982,3.0410138,19.69512,0.76874526,6.0245912,3.1928861,19.235833,0.8252152,5.4559426,3.2660398,17.819326
0b_color_jitter_best,file,15,baseline_color_jitter,2888,050.Eared_Grebe/Eared_Grebe_0004_34277.jpg,50,49,050.Eared_Grebe,52,51,identity,identity,0,{},2.9706573,2.9706573,0,0.051269598,0.051269598,0.67019767,0.67019767,-0.61892807,-0.61892807,0,1,1,122.4369,122.4369,False,0.99999994,True,False,False,1,1,122.4369,122.4369,1,1,117.77475,117.77475,1,1,33.464969,33.464969,1,1,20.405619,20.405619,1,1,49.09682,49.09682,1,1,65.945755,65.945755,1,1,56.733632,56.733632,1,1,58.961481,58.961481
0b_color_jitter_best,file,15,baseline_color_jitter,2888,050.Eared_Grebe/Eared_Grebe_0004_34277.jpg,50,49,050.Eared_Grebe,52,51,color_jitter,color_jitter,0,"{""brightness"":1.289716,""contrast"":0.940025,""hue"":0.001166,""saturation"":0.69644}",2.9706573,2.918587,-0.052070379,0.051269598,0.054009952,0.67019767,0.61759412,-0.61892807,-0.56358417,0.055343896,0.91417543,0.91134354,122.4369,111.58208,False,0.98622572,True,False,False,0.91417543,0.91134354,122.4369,111.58208,0.90822512,0.90699375,117.77475,106.82096,0.9850887,0.96359276,33.464969,32.246602,0.65545785,0.81434378,20.405619,16.617189,0.90173839,0.85610017,49.09682,42.031796,0.92059304,0.89517963,65.945755,59.033296,0.91007329,0.91302242,56.733632,51.799078,0.92488722,0.95939119,58.961481,56.567126
0b_color_jitter_best,file,15,baseline_color_jitter,3761,065.Slaty_backed_Gull/Slaty_Backed_Gull_0032_796046.jpg,65,64,065.Slaty_backed_Gull,110,109,identity,identity,0,{},3.8690283,3.8690283,0,0.020878645,0.020878645,0.67574853,0.67574853,-0.65486988,-0.65486988,0,1,1,200.50193,200.50193,False,1,True,False,False,1,1,200.50193,200.50193,1,1,196.47522,196.47522,1,1,39.981397,39.981397,1,1,50.898268,50.898268,1,1,84.560397,84.560397,1,1,94.907941,94.907941,1,1,90.141698,90.141698,1,1,108.29763,108.29763
0b_color_jitter_best,file,15,baseline_color_jitter,3761,065.Slaty_backed_Gull/Slaty_Backed_Gull_0032_796046.jpg,65,64,065.Slaty_backed_Gull,110,109,color_jitter,color_jitter,0,"{""brightness"":1.229567,""contrast"":0.655302,""hue"":-0.078723,""saturation"":0.66837}",3.8690283,1.9981059,-1.8709224,0.020878645,0.13559188,0.67574853,0.44343168,-0.65486988,-0.3078398,0.34703009,0.84995659,1.0419715,200.50193,208.91729,False,0.98378813,True,False,False,0.84995659,1.0419715,200.50193,208.91729,0.84615648,1.0482998,196.47522,205.96494,0.9732391,0.87536399,39.981397,34.998275,0.82909169,1.6236742,50.898268,82.642202,0.82353351,1.0356019,84.560397,87.570906,0.84515942,1.0950028,94.907941,103.92446,0.85266822,0.93527815,90.141698,84.30756,0.90789424,0.92407813,108.29763,100.07547
0b_color_jitter_best,file,15,baseline_color_jitter,4768,082.Ringed_Kingfisher/Ringed_Kingfisher_0026_72867.jpg,82,81,082.Ringed_Kingfisher,79,78,identity,identity,0,{},0.035490617,0.035490617,0,0.96513182,0.96513182,0.017548107,0.017548107,0.94758371,0.94758371,0,1,1,4.1331277,4.1331277,False,1,True,True,True,1,1,4.1331277,4.1331277,1,1,3.9759818,3.9759818,1,1,1.1288549,1.1288549,1,1,0.91508212,0.91508212,1,1,1.5320244,1.5320244,1,1,1.6992529,1.6992529,1,1,1.9479356,1.9479356,1,1,2.4376308,2.4376308
0b_color_jitter_best,file,15,baseline_color_jitter,4768,082.Ringed_Kingfisher/Ringed_Kingfisher_0026_72867.jpg,82,81,082.Ringed_Kingfisher,79,78,color_jitter,color_jitter,0,"{""brightness"":0.860813,""contrast"":1.278874,""hue"":-0.051849,""saturation"":0.688592}",0.035490617,0.055971552,0.020480935,0.96513182,0.94556606,0.017548107,0.022416173,0.94758371,0.92314989,-0.024433827,0.85609241,1.5357933,4.1331277,6.3476299,False,0.9889257,True,True,True,0.85609241,1.5357933,4.1331277,6.3476299,0.84618308,1.5316448,3.9759818,6.089792,0.9752692,1.5863553,1.1288549,1.790765,0.73883652,1.2749115,0.91508212,1.1666487,0.79973409,1.4779708,1.5320244,2.2642874,0.80822478,1.5221549,1.6992529,2.586526,0.85141058,1.5561767,1.9479356,3.0313319,0.89242359,1.573847,2.4376308,3.836458
0b_color_jitter_best,file,15,baseline_color_jitter,2152,038.Great_Crested_Flycatcher/Great_Crested_Flycatcher_0136_29490.jpg,38,37,038.Great_Crested_Flycatcher,77,76,identity,identity,0,{},1.3474753,1.3474753,0,0.25989562,0.25989562,0.1741114,0.1741114,0.085784227,0.085784227,0,1,1,126.77642,126.77642,False,1,True,True,True,1,1,126.77642,126.77642,1,1,124.27033,124.27033,1,1,25.082753,25.082753,1,1,38.615847,38.615847,1,1,57.112292,57.112292,1,1,64.044399,64.044399,1,1,57.679319,57.679319,1,1,57.109804,57.109804
0b_color_jitter_best,file,15,baseline_color_jitter,2152,038.Great_Crested_Flycatcher/Great_Crested_Flycatcher_0136_29490.jpg,38,37,038.Great_Crested_Flycatcher,77,76,color_jitter,color_jitter,0,"{""brightness"":1.223788,""contrast"":0.837195,""hue"":0.091453,""saturation"":1.142645}",1.3474753,3.272949,1.9254737,0.25989562,0.037894513,0.1741114,0.012359691,0.085784227,0.025534823,-0.060249404,0.78159132,1.488184,126.77642,188.66664,False,0.93577528,False,True,False,0.78159132,1.488184,126.77642,188.66664,0.77873214,1.4994963,124.27033,186.34291,0.8933327,1.1768981,25.082753,29.519845,0.84323684,1.8833643,38.615847,72.727706,0.78443159,1.462547,57.112292,83.529411,0.78543892,1.5355312,64.044399,98.342176,0.74126152,1.4175002,57.679319,81.760444,0.78012844,1.3677241,57.109804,78.110457
0b_color_jitter_best,file,15,baseline_color_jitter,4699,081.Pied_Kingfisher/Pied_Kingfisher_0106_71404.jpg,81,80,081.Pied_Kingfisher,80,79,identity,identity,0,{},0.040935133,0.040935133,0,0.95989138,0.95989138,0.018310351,0.018310351,0.94158103,0.94158103,0,1,1,6.3211723,6.3211723,False,1,True,True,True,1,1,6.3211723,6.3211723,1,1,6.1781288,6.1781288,1,1,1.3371399,1.3371399,1,1,2.1632018,2.1632018,1,1,2.5478166,2.5478166,1,1,3.3149983,3.3149983,1,1,2.7384394,2.7384394,1,1,2.9172248,2.9172248
0b_color_jitter_best,file,15,baseline_color_jitter,4699,081.Pied_Kingfisher/Pied_Kingfisher_0106_71404.jpg,81,80,081.Pied_Kingfisher,80,79,color_jitter,color_jitter,0,"{""brightness"":1.227911,""contrast"":1.201977,""hue"":0.044913,""saturation"":0.656793}",0.040935133,0.039334949,-0.0016001835,0.95989138,0.96142864,0.018310351,0.016369268,0.94158103,0.94505937,0.0034783464,0.83725014,0.88205867,6.3211723,5.5756448,False,0.9821496,True,True,True,0.83725014,0.88205867,6.3211723,5.5756448,0.83096189,0.88048965,6.1781288,5.4397785,0.96702903,0.9149126,1.3371399,1.2233661,0.84640347,0.71794621,2.1632018,1.5530625,0.81680218,0.81678665,2.5478166,2.0810226,0.82165859,0.82736885,3.3149983,2.7427263,0.80475189,0.96276257,2.7384394,2.636467,0.88501422,0.99202633,2.9172248,2.8939638
0b_color_jitter_best,file,15,baseline_color_jitter,1229,022.Chuck_will_Widow/Chuck_Will_Widow_0050_22750.jpg,22,21,022.Chuck_will_Widow,105,104,identity,identity,0,{},0.70993149,0.70993149,0,0.49167788,0.49167788,0.47403491,0.47403491,0.017642975,0.017642975,0,1,1,100.79422,100.79422,False,1,True,True,True,1,1,100.79422,100.79422,1,1,98.379797,98.379797,1,1,21.929208,21.929208,1,1,16.545732,16.545732,1,1,36.667419,36.667419,1,1,56.702625,56.702625,1,1,53.289389,53.289389,1,1,44.781436,44.781436
0b_color_jitter_best,file,15,baseline_color_jitter,1229,022.Chuck_will_Widow/Chuck_Will_Widow_0050_22750.jpg,22,21,022.Chuck_will_Widow,105,104,color_jitter,color_jitter,0,"{""brightness"":1.260525,""contrast"":1.196604,""hue"":0.024364,""saturation"":0.72662}",0.70993149,1.0339987,0.32406723,0.49167788,0.35558227,0.47403491,0.61773258,0.017642975,-0.26215032,-0.27979329,0.89839955,1.407263,100.79422,141.84397,False,0.9846462,False,True,False,0.89839955,1.407263,100.79422,141.84397,0.89444848,1.4110331,98.379797,138.81715,0.98435723,1.3291123,21.929208,29.146379,0.79525773,1.4880056,16.545732,24.620141,0.84202547,1.5160715,36.667419,55.59043,0.91370721,1.391654,56.702625,78.910437,0.90506975,1.4123594,53.289389,75.263767,0.90404692,1.3550625,44.781436,60.681646
0b_color_jitter_best,file,15,baseline_color_jitter,4770,082.Ringed_Kingfisher/Ringed_Kingfisher_0077_72872.jpg,82,81,082.Ringed_Kingfisher,80,79,identity,identity,0,{},0.11913887,0.11913887,0,0.88768452,0.88768452,0.027040703,0.027040703,0.86064382,0.86064382,0,1,1,15.450643,15.450643,False,0.99999988,True,True,True,1,1,15.450643,15.450643,1,1,15.048629,15.048629,1,1,3.5015917,3.5015917,1,1,3.0633559,3.0633559,1,1,5.4036549,5.4036549,1,1,7.4683531,7.4683531,1,1,8.1598843,8.1598843,1,1,8.0942935,8.0942935
0b_color_jitter_best,file,15,baseline_color_jitter,4770,082.Ringed_Kingfisher/Ringed_Kingfisher_0077_72872.jpg,82,81,082.Ringed_Kingfisher,80,79,color_jitter,color_jitter,0,"{""brightness"":1.100598,""contrast"":0.995812,""hue"":-0.078499,""saturation"":0.962092}",0.11913887,0.15168068,0.032541804,0.88768452,0.85926265,0.027040703,0.047477759,0.86064382,0.81178489,-0.048858935,0.89466738,1.2287675,15.450643,18.985248,False,0.99290633,True,True,True,0.89466738,1.2287675,15.450643,18.985248,0.88944339,1.2219828,15.048629,18.389165,0.9862027,1.3479534,3.5015917,4.7199824,0.82508467,1.1063924,3.0633559,3.3892736,0.81157316,1.2045135,5.4036549,6.5087754,0.88328736,1.2947179,7.4683531,9.6694107,0.90124359,1.1768797,8.1598843,9.6032022,0.92842483,1.2267042,8.0942935,9.9293035
0b_color_jitter_best,file,15,baseline_color_jitter,822,015.Lazuli_Bunting/Lazuli_Bunting_0105_15017.jpg,15,14,015.Lazuli_Bunting,164,163,identity,identity,0,{},0.0061543952,0.0061543952,0,0.99386448,0.99386448,0.0020626942,0.0020626942,0.99180178,0.99180178,0,1,1,0.76558594,0.76558594,False,0.99999994,True,True,True,1,1,0.76558594,0.76558594,1,1,0.74106942,0.74106942,1,1,0.19219248,0.19219248,1,1,0.1166726,0.1166726,1,1,0.26719057,0.26719057,1,1,0.37647147,0.37647147,1,1,0.37365557,0.37365557,1,1,0.42758781,0.42758781
0b_color_jitter_best,file,15,baseline_color_jitter,822,015.Lazuli_Bunting/Lazuli_Bunting_0105_15017.jpg,15,14,015.Lazuli_Bunting,164,163,color_jitter,color_jitter,0,"{""brightness"":1.229233,""contrast"":0.602735,""hue"":-0.078445,""saturation"":0.774179}",0.0061543952,0.032389168,0.026234773,0.99386448,0.96812975,0.0020626942,0.018388806,0.99180178,0.94974095,-0.042060834,0.64210559,7.0442593,0.76558594,5.3929859,False,0.95905012,True,True,True,0.64210559,7.0442593,0.76558594,5.3929859,0.62753082,7.1295566,0.74106942,5.2834964,0.9339171,5.6255372,0.19219248,1.081186,0.21694706,9.5010328,0.1166726,1.1085102,0.63866183,9.053968,0.26719057,2.4191349,0.60457793,7.6380631,0.37647147,2.8755128,0.64193803,7.2450001,0.37365557,2.7071346,0.72798972,5.3520869,0.42758781,2.2884871
0b_color_jitter_best,file,15,baseline_color_jitter,11174,190.Red_cockaded_Woodpecker/Red_Cockaded_Woodpecker_0029_794724.jpg,190,189,190.Red_cockaded_Woodpecker,187,186,identity,identity,0,{},1.2050699,1.2050699,0,0.29967105,0.29967105,0.14432059,0.14432059,0.15535046,0.15535046,0,1,1,95.579037,95.579037,False,1.0000001,True,True,True,1,1,95.579037,95.579037,1,1,94.198569,94.198569,1,1,16.185857,16.185857,1,1,16.611045,16.611045,1,1,36.346418,36.346418,1,1,59.99314,59.99314,1,1,45.663167,45.663167,1,1,39.900875,39.900875
0b_color_jitter_best,file,15,baseline_color_jitter,11174,190.Red_cockaded_Woodpecker/Red_Cockaded_Woodpecker_0029_794724.jpg,190,189,190.Red_cockaded_Woodpecker,187,186,color_jitter,color_jitter,0,"{""brightness"":0.970499,""contrast"":1.001765,""hue"":-0.002398,""saturation"":1.223477}",1.2050699,1.1485014,-0.056568503,0.29967105,0.31711164,0.14432059,0.14105304,0.15535046,0.17605861,0.020708144,0.9761217,0.96249106,95.579037,91.993969,False,0.99780864,True,True,True,0.9761217,0.96249106,95.579037,91.993969,0.97547683,0.9617653,94.198569,90.596915,0.99772203,0.98675778,16.185857,15.97152,0.91654553,1.0703763,16.611045,17.780069,0.96136566,0.95557615,36.346418,34.731771,0.9829479,0.95079258,59.99314,57.041032,0.97765569,0.96948179,45.663167,44.269609,0.98018465,0.96151537,39.900875,38.365304
0b_color_jitter_best,file,15,baseline_color_jitter,1877,034.Gray_crowned_Rosy_Finch/Gray_Crowned_Rosy_Finch_0074_27156.jpg,34,33,034.Gray_crowned_Rosy_Finch,36,35,identity,identity,0,{},0.00014709345,0.00014709345,0,0.9998529,0.9998529,1.3672943e-05,1.3672943e-05,0.99983922,0.99983922,0,1,1,0.024727531,0.024727531,False,1,True,True,True,1,1,0.024727531,0.024727531,1,1,0.02412382,0.02412382,1,1,0.0054306617,0.0054306617,1,1,0.0041407683,0.0041407683,1,1,0.0091431902,0.0091431902,1,1,0.012058534,0.012058534,1,1,0.012345812,0.012345812,1,1,0.013542064,0.013542064
0b_color_jitter_best,file,15,baseline_color_jitter,1877,034.Gray_crowned_Rosy_Finch/Gray_Crowned_Rosy_Finch_0074_27156.jpg,34,33,034.Gray_crowned_Rosy_Finch,36,35,color_jitter,color_jitter,0,"{""brightness"":0.972889,""contrast"":0.89855,""hue"":0.088717,""saturation"":1.07667}",0.00014709345,0.00020192015,5.4826698e-05,0.9998529,0.99979812,1.3672943e-05,1.5883803e-05,0.99983922,0.99978224,-5.6987528e-05,0.88278775,1.5350033,0.024727531,0.037956843,False,0.99023521,True,True,True,0.88278775,1.5350033,0.024727531,0.037956843,0.87841996,1.5435577,0.02412382,0.03723651,0.98812133,1.3552007,0.0054306617,0.0073596365,0.8455873,1.5211107,0.0041407683,0.006298567,0.82869332,1.7867358,0.0091431902,0.016336465,0.87988696,1.6978351,0.012058534,0.020473402,0.87932992,1.4363524,0.012345812,0.017732937,0.92646382,1.3743482,0.013542064,0.018611511
0b_color_jitter_best,file,15,baseline_color_jitter,605,012.Yellow_headed_Blackbird/Yellow_Headed_Blackbird_0074_8452.jpg,12,11,012.Yellow_headed_Blackbird,49,48,identity,identity,0,{},0.13505672,0.13505672,0,0.87366635,0.87366635,0.01069079,0.01069079,0.86297556,0.86297556,0,1,1,16.462029,16.462029,False,0.99999994,True,True,True,1,1,16.462029,16.462029,1,1,16.137462,16.137462,1,1,3.2528046,3.2528046,1,1,3.4707922,3.4707922,1,1,7.2634788,7.2634788,1,1,8.2070354,8.2070354,1,1,7.8683559,7.8683559,1,1,8.145348,8.145348
0b_color_jitter_best,file,15,baseline_color_jitter,605,012.Yellow_headed_Blackbird/Yellow_Headed_Blackbird_0074_8452.jpg,12,11,012.Yellow_headed_Blackbird,49,48,color_jitter,color_jitter,0,"{""brightness"":1.077875,""contrast"":1.390794,""hue"":0.045298,""saturation"":1.097854}",0.13505672,0.10223897,-0.032817751,0.87366635,0.90281379,0.01069079,0.005038036,0.86297556,0.89777576,0.0348002,0.78252295,0.69338301,16.462029,11.414491,False,0.9823029,True,True,True,0.78252295,0.69338301,16.462029,11.414491,0.773755,0.6899055,16.137462,11.133324,0.97982305,0.77406437,3.2528046,2.5178802,0.3829945,0.71115791,3.4707922,2.4682813,0.64676405,0.55465584,7.2634788,4.0287309,0.78845435,0.65093544,8.2070354,5.3422502,0.8149232,0.72499388,7.8683559,5.7045099,0.88036621,0.78175077,8.145348,6.367632
0b_color_jitter_best,file,15,baseline_color_jitter,5342,092.Nighthawk/Nighthawk_0073_83540.jpg,92,91,092.Nighthawk,22,21,identity,identity,0,{},0.008520795,0.008520795,0,0.9915154,0.9915154,0.0028732654,0.0028732654,0.98864213,0.98864213,0,1,1,1.2207106,1.2207106,False,0.99999994,True,True,True,1,1,1.2207106,1.2207106,1,1,1.190288,1.190288,1,1,0.27083014,0.27083014,1,1,0.29251726,0.29251726,1,1,0.47538211,0.47538211,1,1,0.58636724,0.58636724,1,1,0.58207737,0.58207737,1,1,0.65006948,0.65006948
0b_color_jitter_best,file,15,baseline_color_jitter,5342,092.Nighthawk/Nighthawk_0073_83540.jpg,92,91,092.Nighthawk,22,21,color_jitter,color_jitter,0,"{""brightness"":0.830967,""contrast"":1.026568,""hue"":-0.076719,""saturation"":0.841806}",0.008520795,0.0045730057,-0.0039477893,0.9915154,0.99543744,0.0028732654,0.0029282749,0.98864213,0.99250917,0.0038670357,0.83138026,0.59909075,1.2207106,0.73131644,False,0.99411881,True,True,True,0.83138026,0.59909075,1.2207106,0.73131644,0.82523258,0.59810253,1.190288,0.71191424,0.94674531,0.61786891,0.27083014,0.16733752,0.89106923,0.67011167,0.29251726,0.19601923,0.66352651,0.63670641,0.47538211,0.30267884,0.81301822,0.58841218,0.58636724,0.34502562,0.86232833,0.59679587,0.58207737,0.34738137,0.88864702,0.56951774,0.65006948,0.3702261
0b_color_jitter_best,file,15,baseline_color_jitter,4858,084.Red_legged_Kittiwake/Red_Legged_Kittiwake_0032_795399.jpg,84,83,084.Red_legged_Kittiwake,146,145,identity,identity,0,{},0.040260579,0.040260579,0,0.9605391,0.9605391,0.022367431,0.022367431,0.93817167,0.93817167,0,1,1,6.5719261,6.5719261,False,1,True,True,True,1,1,6.5719261,6.5719261,1,1,6.4500572,6.4500572,1,1,1.2597518,1.2597518,1,1,1.6087141,1.6087141,1,1,2.6188119,2.6188119,1,1,3.189991,3.189991,1,1,3.2561634,3.2561634,1,1,3.373197,3.373197
0b_color_jitter_best,file,15,baseline_color_jitter,4858,084.Red_legged_Kittiwake/Red_Legged_Kittiwake_0032_795399.jpg,84,83,084.Red_legged_Kittiwake,146,145,color_jitter,color_jitter,0,"{""brightness"":1.195491,""contrast"":0.77937,""hue"":0.049782,""saturation"":0.866767}",0.040260579,0.048994344,0.0087337643,0.9605391,0.95218652,0.022367431,0.024920808,0.93817167,0.92726572,-0.010905955,0.92457021,1.2842866,6.5719261,8.4402366,False,0.99202305,True,True,True,0.92457021,1.2842866,6.5719261,8.4402366,0.92222529,1.2854277,6.4500572,8.2910824,0.98785719,1.2540009,1.2597518,1.5797299,0.8216734,1.0039678,1.6087141,1.6150972,0.89315873,1.4128924,2.6188119,3.7000995,0.92442469,1.3324882,3.189991,4.2506252,0.93488208,1.2730922,3.2561634,4.1453964,0.95635627,1.2291486,3.373197,4.1461605
0b_color_jitter_best,file,15,baseline_color_jitter,10803,184.Louisiana_Waterthrush/Louisiana_Waterthrush_0077_795247.jpg,184,183,184.Louisiana_Waterthrush,181,180,identity,identity,0,{},0.49285048,0.49285048,0,0.61088258,0.61088258,0.074258909,0.074258909,0.53662367,0.53662367,0,1,1,74.585267,74.585267,False,1,True,True,True,1,1,74.585267,74.585267,1,1,73.609963,73.609963,1,1,12.022288,12.022288,1,1,27.808681,27.808681,1,1,33.323366,33.323366,1,1,37.545357,37.545357,1,1,34.712589,34.712589,1,1,30.332152,30.332152
0b_color_jitter_best,file,15,baseline_color_jitter,10803,184.Louisiana_Waterthrush/Louisiana_Waterthrush_0077_795247.jpg,184,183,184.Louisiana_Waterthrush,181,180,color_jitter,color_jitter,0,"{""brightness"":0.78065,""contrast"":0.77429,""hue"":-0.024293,""saturation"":0.931744}",0.49285048,0.51788473,0.025034249,0.61088258,0.59577942,0.074258909,0.026963821,0.53662367,0.5688156,0.032191927,0.90438856,1.1047113,74.585267,82.395189,False,0.98464179,True,True,True,0.90438856,1.1047113,74.585267,82.395189,0.90281225,1.1073559,73.609963,81.512431,0.97433808,1.0005373,12.022288,12.028748,0.93157358,0.92024204,27.808681,25.590718,0.89076803,1.2292226,33.323366,40.961835,0.90501591,1.1380396,37.545357,42.728104,0.90458639,1.0952101,34.712589,38.017579,0.91220726,1.0634479,30.332152,32.256664
0b_color_jitter_best,file,15,baseline_color_jitter,5691,098.Scott_Oriole/Scott_Oriole_0003_92247.jpg,98,97,098.Scott_Oriole,21,20,identity,identity,0,{},0.45679823,0.45679823,0,0.63330811,0.63330811,0.081309162,0.081309162,0.55199895,0.55199895,0,1,1,56.855259,56.855259,False,1,True,True,True,1,1,56.855259,56.855259,1,1,56.183972,56.183972,1,1,8.7110086,8.7110086,1,1,13.257245,13.257245,1,1,22.984354,22.984354,1,1,29.306253,29.306253,1,1,29.393221,29.393221,1,1,27.014548,27.014548
0b_color_jitter_best,file,15,baseline_color_jitter,5691,098.Scott_Oriole/Scott_Oriole_0003_92247.jpg,98,97,098.Scott_Oriole,21,20,color_jitter,color_jitter,0,"{""brightness"":0.730415,""contrast"":0.722274,""hue"":0.037556,""saturation"":0.755163}",0.45679823,0.3250674,-0.13173082,0.63330811,0.72247869,0.081309162,0.081181787,0.55199895,0.6412969,0.08929795,0.83367972,0.9313905,56.855259,52.954448,False,0.98010975,True,True,True,0.83367972,0.9313905,56.855259,52.954448,0.83074586,0.93333251,56.183972,52.438328,0.97209731,0.84666629,8.7110086,7.3753174,0.59394175,1.0441361,13.257245,13.842367,0.76238928,1.1022853,22.984354,25.335316,0.86324926,0.95256607,29.306253,27.916142,0.87110134,0.84552805,29.393221,24.852793,0.89667018,0.84356469,27.014548,22.788518
0b_color_jitter_best,file,15,baseline_color_jitter,11484,195.Carolina_Wren/Carolina_Wren_0033_186848.jpg,195,194,195.Carolina_Wren,199,198,identity,identity,0,{},0.00045408428,0.00045408428,0,0.99954599,0.99954599,0.00011713155,0.00011713155,0.99942886,0.99942886,0,1,1,0.081511956,0.081511956,False,1,True,True,True,1,1,0.081511956,0.081511956,1,1,0.079987169,0.079987169,1,1,0.01569241,0.01569241,1,1,0.014146529,0.014146529,1,1,0.036617119,0.036617119,1,1,0.044559849,0.044559849,1,1,0.038079703,0.038079703,1,1,0.037701004,0.037701004
0b_color_jitter_best,file,15,baseline_color_jitter,11484,195.Carolina_Wren/Carolina_Wren_0033_186848.jpg,195,194,195.Carolina_Wren,199,198,color_jitter,color_jitter,0,"{""brightness"":1.028562,""contrast"":1.160893,""hue"":-0.065388,""saturation"":0.68143}",0.00045408428,0.00021395778,-0.00024012649,0.99954599,0.99978608,0.00011713155,5.0017887e-05,0.99942886,0.99973606,0.00030720118,0.88542636,0.42438595,0.081511956,0.034592529,False,0.99255598,True,True,True,0.88542636,0.42438595,0.081511956,0.034592529,0.88144476,0.42082325,0.079987169,0.03366046,0.98619479,0.50827082,0.01569241,0.007975994,0.70904821,0.38322254,0.014146529,0.0054212687,0.83190395,0.35747402,0.036617119,0.013089669,0.89917495,0.4214126,0.044559849,0.018778082,0.88584482,0.4361276,0.038079703,0.016607609,0.9243631,0.4623699,0.037701004,0.017431809
0b_color_jitter_best,file,15,baseline_color_jitter,1299,024.Red_faced_Cormorant/Red_Faced_Cormorant_0050_796276.jpg,24,23,024.Red_faced_Cormorant,5,4,identity,identity,0,{},0.0041797902,0.0041797902,0,0.99582893,0.99582893,0.0040316433,0.0040316433,0.99179728,0.99179728,0,1,1,0.84848858,0.84848858,False,0.99999994,True,True,True,1,1,0.84848858,0.84848858,1,1,0.81996212,0.81996212,1,1,0.21816277,0.21816277,1,1,0.25413426,0.25413426,1,1,0.33857049,0.33857049,1,1,0.37952812,0.37952812,1,1,0.40286885,0.40286885,1,1,0.4321791,0.4321791
0b_color_jitter_best,file,15,baseline_color_jitter,1299,024.Red_faced_Cormorant/Red_Faced_Cormorant_0050_796276.jpg,24,23,024.Red_faced_Cormorant,5,4,color_jitter,color_jitter,0,"{""brightness"":0.837954,""contrast"":1.121685,""hue"":0.070191,""saturation"":1.219592}",0.0041797902,0.0036324966,-0.00054729357,0.99582893,0.99637407,0.0040316433,0.0034857474,0.99179728,0.99288832,0.00109104,0.92354909,0.82208564,0.84848858,0.69753028,False,0.99606395,True,True,True,0.92354909,0.82208564,0.84848858,0.69753028,0.91820384,0.81799864,0.81996212,0.6707279,0.99605079,0.87778889,0.21816277,0.19150086,0.86668114,0.94124546,0.25413426,0.23920272,0.8391136,0.73444466,0.33857049,0.24866129,0.93353273,0.81223463,0.37952812,0.30826588,0.93906524,0.80300454,0.40286885,0.32350551,0.95873144,0.83792842,0.4321791,0.36213515
0b_color_jitter_best,file,15,baseline_color_jitter,9021,154.Red_eyed_Vireo/Red_Eyed_Vireo_0038_156963.jpg,154,153,154.Red_eyed_Vireo,181,180,identity,identity,0,{},0.52514368,0.52514368,0,0.59147036,0.59147036,0.39611253,0.39611253,0.19535783,0.19535783,0,1,1,106.17601,106.17601,False,0.99999988,True,True,True,1,1,106.17601,106.17601,1,1,104.74283,104.74283,1,1,17.386337,17.386337,1,1,17.514251,17.514251,1,1,48.131864,48.131864,1,1,59.11302,59.11302,1,1,54.834748,54.834748,1,1,42.970183,42.970183
0b_color_jitter_best,file,15,baseline_color_jitter,9021,154.Red_eyed_Vireo/Red_Eyed_Vireo_0038_156963.jpg,154,153,154.Red_eyed_Vireo,181,180,color_jitter,color_jitter,0,"{""brightness"":1.118374,""contrast"":1.060825,""hue"":-0.0171,""saturation"":1.26072}",0.52514368,0.68270099,0.15755731,0.59147036,0.50525045,0.39611253,0.47753242,0.19535783,0.027718037,-0.16763979,0.94683022,1.2290726,106.17601,130.49803,False,0.99518502,True,True,True,0.94683022,1.2290726,106.17601,130.49803,0.94555121,1.2300767,104.74283,128.84171,0.99518538,1.19206,17.386337,20.725557,0.86534551,1.6954417,17.514251,29.694393,0.93132431,1.1144693,48.131864,53.641486,0.954209,1.2636806,59.11302,74.699975,0.95710365,1.2243434,54.834748,67.136561,0.9618398,1.2211937,42.970183,52.474915
0b_color_jitter_best,file,15,baseline_color_jitter,11412,194.Cactus_Wren/Cactus_Wren_0069_186033.jpg,194,193,194.Cactus_Wren,198,197,identity,identity,0,{},0.50423145,0.50423145,0,0.60396957,0.60396957,0.20315051,0.20315051,0.40081906,0.40081906,0,1,1,54.188698,54.188698,False,0.99999994,True,True,True,1,1,54.188698,54.188698,1,1,53.039428,53.039428,1,1,11.101085,11.101085,1,1,7.7621549,7.7621549,1,1,22.762345,22.762345,1,1,27.667042,27.667042,1,1,28.44568,28.44568,1,1,25.694038,25.694038
0b_color_jitter_best,file,15,baseline_color_jitter,11412,194.Cactus_Wren/Cactus_Wren_0069_186033.jpg,194,193,194.Cactus_Wren,198,197,color_jitter,color_jitter,0,"{""brightness"":0.849269,""contrast"":1.250635,""hue"":0.065662,""saturation"":1.387006}",0.50423145,0.70465839,0.20042694,0.60396957,0.49427739,0.20315051,0.19381131,0.40081906,0.30046608,-0.10035299,0.83271264,1.3075481,54.188698,70.854327,False,0.98893559,True,True,True,0.83271264,1.3075481,54.188698,70.854327,0.82701379,1.3078646,53.039428,69.36839,0.96357587,1.3003012,11.101085,14.434753,0.76721678,1.4269237,7.7621549,11.076002,0.75780561,1.1992656,22.762345,27.298097,0.79077487,1.373767,27.667042,38.008068,0.85856756,1.3149297,28.44568,37.40407,0.89272053,1.2910683,25.694038,33.172758
0b_color_jitter_best,file,15,baseline_color_jitter,10931,186.Cedar_Waxwing/Cedar_Waxwing_0125_178921.jpg,186,185,186.Cedar_Waxwing,185,184,identity,identity,0,{},0.011896849,0.011896849,0,0.98817366,0.98817366,0.0074837431,0.0074837431,0.98068992,0.98068992,0,1,1,1.8203133,1.8203133,False,0.99999988,True,True,True,1,1,1.8203133,1.8203133,1,1,1.7720693,1.7720693,1,1,0.41630639,0.41630639,1,1,0.40346746,0.40346746,1,1,0.82642099,0.82642099,1,1,1.0299041,1.0299041,1,1,0.77657969,0.77657969,1,1,0.79416218,0.79416218
0b_color_jitter_best,file,15,baseline_color_jitter,10931,186.Cedar_Waxwing/Cedar_Waxwing_0125_178921.jpg,186,185,186.Cedar_Waxwing,185,184,color_jitter,color_jitter,0,"{""brightness"":1.07693,""contrast"":0.750954,""hue"":-0.073864,""saturation"":0.965869}",0.011896849,0.062851384,0.050954536,0.98817366,0.93908304,0.0074837431,0.036042932,0.98068992,0.90304011,-0.077649813,0.85907118,6.0274231,1.8203133,10.971799,False,0.97477555,True,True,True,0.85907118,6.0274231,1.8203133,10.971799,0.85500075,6.0863978,1.7720693,10.785519,0.97374815,4.8358479,0.41630639,2.0131944,0.89458875,4.7512301,0.40346746,1.9169667,0.83109849,6.9906383,0.82642099,5.7772102,0.88153433,6.3143515,1.0299041,6.5031763,0.83578233,5.7521147,0.77657969,4.4669754,0.87811167,5.1965485,0.79416218,4.1269023
0b_color_jitter_best,file,15,baseline_color_jitter,9559,163.Cape_May_Warbler/Cape_May_Warbler_0028_163177.jpg,163,162,163.Cape_May_Warbler,88,87,identity,identity,0,{},0.84271348,0.84271348,0,0.43054068,0.43054068,0.046674896,0.046674896,0.38386578,0.38386578,0,1,1,58.469003,58.469003,False,1.0000001,True,True,True,1,1,58.469003,58.469003,1,1,57.079609,57.079609,1,1,12.670537,12.670537,1,1,9.9489204,9.9489204,1,1,17.790773,17.790773,1,1,28.86319,28.86319,1,1,29.174199,29.174199,1,1,34.034858,34.034858
0b_color_jitter_best,file,15,baseline_color_jitter,9559,163.Cape_May_Warbler/Cape_May_Warbler_0028_163177.jpg,163,162,163.Cape_May_Warbler,88,87,color_jitter,color_jitter,0,"{""brightness"":0.881315,""contrast"":1.372822,""hue"":-0.002184,""saturation"":0.665514}",0.84271348,0.69639063,-0.14632285,0.43054068,0.4983809,0.046674896,0.041636102,0.38386578,0.4567448,0.072879013,0.88451091,0.96465276,58.469003,56.402285,False,0.98577321,True,True,True,0.88451091,0.96465276,58.469003,56.402285,0.87994627,0.96691168,57.079609,55.190941,0.9832814,0.91760895,12.670537,11.626598,0.83779508,1.0346745,9.9489204,10.293894,0.81004497,1.0484596,17.790773,18.652906,0.89444464,1.0099879,28.86319,29.151473,0.86998406,0.97086839,29.174199,28.324308,0.90651051,0.90085762,34.034858,30.660561
0b_color_jitter_best,file,15,baseline_color_jitter,72,002.Laysan_Albatross/Laysan_Albatross_0065_809.jpg,2,1,002.Laysan_Albatross,3,2,identity,identity,0,{},0.013241215,0.013241215,0,0.98684609,0.98684609,0.0028191651,0.0028191651,0.98402692,0.98402692,0,1,1,1.8660616,1.8660616,False,1,True,True,True,1,1,1.8660616,1.8660616,1,1,1.8274105,1.8274105,1,1,0.37783188,0.37783188,1,1,0.38714902,0.38714902,1,1,0.72434613,0.72434613,1,1,0.95011527,0.95011527,1,1,0.8551722,0.8551722,1,1,1.0152974,1.0152974
0b_color_jitter_best,file,15,baseline_color_jitter,72,002.Laysan_Albatross/Laysan_Albatross_0065_809.jpg,2,1,002.Laysan_Albatross,3,2,color_jitter,color_jitter,0,"{""brightness"":0.933377,""contrast"":1.08273,""hue"":0.047213,""saturation"":1.219032}",0.013241215,0.013200981,-4.0234067e-05,0.98684609,0.98688579,0.0028191651,0.0039376146,0.98402692,0.98294817,-0.0010787528,0.93177449,0.98356277,1.8660616,1.8353887,False,0.99335754,True,True,True,0.93177449,0.98356277,1.8660616,1.8353887,0.92926282,0.98273674,1.8274105,1.7958634,0.98953968,1.0026915,0.37783188,0.3788488,0.93305368,1.1749721,0.38714902,0.45488931,0.91389303,0.99617866,0.72434613,0.72157815,0.92717016,0.97390228,0.95011527,0.92531943,0.91782821,0.96754239,0.8551722,0.82741536,0.94966016,0.96337019,1.0152974,0.97810724
0b_color_jitter_best,file,15,baseline_color_jitter,7761,133.White_throated_Sparrow/White_Throated_Sparrow_0015_129138.jpg,133,132,133.White_throated_Sparrow,121,120,identity,identity,0,{},0.048035752,0.048035752,0,0.95309973,0.95309973,0.016681891,0.016681891,0.93641784,0.93641784,0,1,1,5.8493208,5.8493208,False,1.0000001,True,True,True,1,1,5.8493208,5.8493208,1,1,5.7052856,5.7052856,1,1,1.2900657,1.2900657,1,1,0.81660594,0.81660594,1,1,2.1147179,2.1147179,1,1,3.1671945,3.1671945,1,1,2.8188035,2.8188035,1,1,3.0715847,3.0715847
0b_color_jitter_best,file,15,baseline_color_jitter,7761,133.White_throated_Sparrow/White_Throated_Sparrow_0015_129138.jpg,133,132,133.White_throated_Sparrow,121,120,color_jitter,color_jitter,0,"{""brightness"":1.332589,""contrast"":0.92955,""hue"":0.00875,""saturation"":0.625515}",0.048035752,0.024123712,-0.023912041,0.95309973,0.97616494,0.016681891,0.011239362,0.93641784,0.96492558,0.028507738,0.89232383,0.5655739,5.8493208,3.3082231,False,0.99241531,True,True,True,0.89232383,0.5655739,5.8493208,3.3082231,0.88739123,0.56507545,5.7052856,3.2239168,0.98722787,0.57523591,1.2900657,0.74209212,0.68958039,0.53887268,0.81660594,0.44004663,0.79965061,0.64524007,2.1147179,1.3645007,0.8987128,0.55398825,3.1671945,1.7545885,0.90217073,0.54518871,2.8188035,1.5367798,0.93033754,0.55421266,3.0715847,1.7023111
0b_color_jitter_best,file,15,baseline_color_jitter,5287,091.Mockingbird/Mockingbird_0008_81226.jpg,91,90,091.Mockingbird,71,70,identity,identity,0,{},2.2633746,2.2633746,0,0.10399894,0.10399894,0.44498816,0.44498816,-0.34098922,-0.34098922,0,1,1,153.9107,153.9107,False,0.99999994,True,False,False,1,1,153.9107,153.9107,1,1,151.32127,151.32127,1,1,28.113646,28.113646,1,1,30.009691,30.009691,1,1,58.801427,58.801427,1,1,79.432251,79.432251,1,1,75.054264,75.054264,1,1,81.223847,81.223847
0b_color_jitter_best,file,15,baseline_color_jitter,5287,091.Mockingbird/Mockingbird_0008_81226.jpg,91,90,091.Mockingbird,71,70,color_jitter,color_jitter,0,"{""brightness"":1.116187,""contrast"":0.722566,""hue"":0.077037,""saturation"":0.629283}",2.2633746,3.2755322,1.0121577,0.10399894,0.037796743,0.44498816,0.7779752,-0.34098922,-0.74017846,-0.39918923,0.85216854,1.3842509,153.9107,213.05103,False,0.98045313,True,False,False,0.85216854,1.3842509,153.9107,213.05103,0.84877997,1.3861623,151.32127,209.75585,0.95542983,1.3276811,28.113646,37.325957,0.76239761,1.1395981,30.009691,34.198986,0.77468572,1.574356,58.801427,92.574379,0.86528248,1.4078135,79.432251,111.8258,0.85708808,1.3453803,75.054264,100.97653,0.88867928,1.3235265,81.223847,107.50192
0b_color_jitter_best,file,15,baseline_color_jitter,4209,073.Blue_Jay/Blue_Jay_0066_61490.jpg,73,72,073.Blue_Jay,74,73,identity,identity,0,{},0.052403796,0.052403796,0,0.94894558,0.94894558,0.044582944,0.044582944,0.90436264,0.90436264,0,1,1,9.1602299,9.1602299,False,0.99999994,True,True,True,1,1,9.1602299,9.1602299,1,1,8.8875106,8.8875106,1,1,2.2185505,2.2185505,1,1,1.7895223,1.7895223,1,1,3.5469927,3.5469927,1,1,4.704123,4.704123,1,1,4.4691442,4.4691442,1,1,4.5937212,4.5937212
0b_color_jitter_best,file,15,baseline_color_jitter,4209,073.Blue_Jay/Blue_Jay_0066_61490.jpg,73,72,073.Blue_Jay,74,73,color_jitter,color_jitter,0,"{""brightness"":1.022806,""contrast"":1.046611,""hue"":0.074077,""saturation"":0.801406}",0.052403796,0.10798964,0.055585843,0.94894558,0.89763689,0.044582944,0.077664465,0.90436264,0.81997243,-0.084390212,0.8997286,1.7508242,9.1602299,16.037952,False,0.98973078,True,True,True,0.8997286,1.7508242,9.1602299,16.037952,0.89431463,1.7510282,8.8875106,15.562281,0.9867869,1.7475471,2.2185505,3.8770214,0.79089908,1.4820384,1.7895223,2.6521406,0.84944036,1.5925568,3.5469927,5.6487873,0.90456099,1.7903282,4.704123,8.4219238,0.89436915,1.7838139,4.4691442,7.9721215,0.924554,1.8050879,4.5937212,8.2920706
0b_color_jitter_best,file,15,baseline_color_jitter,8378,143.Caspian_Tern/Caspian_Tern_0078_146824.jpg,143,142,143.Caspian_Tern,146,145,identity,identity,0,{},0.44048294,0.44048294,0,0.64372545,0.64372545,0.17551506,0.17551506,0.4682104,0.4682104,0,1,1,44.500251,44.500251,False,1,True,True,True,1,1,44.500251,44.500251,1,1,43.191169,43.191169,1,1,10.714254,10.714254,1,1,11.428149,11.428149,1,1,16.983088,16.983088,1,1,19.722504,19.722504,1,1,21.857739,21.857739,1,1,24.077194,24.077194
0b_color_jitter_best,file,15,baseline_color_jitter,8378,143.Caspian_Tern/Caspian_Tern_0078_146824.jpg,143,142,143.Caspian_Tern,146,145,color_jitter,color_jitter,0,"{""brightness"":1.345036,""contrast"":1.092987,""hue"":0.034865,""saturation"":1.35294}",0.44048294,0.21033692,-0.23014602,0.64372545,0.8103112,0.17551506,0.086239897,0.4682104,0.7240713,0.2558609,0.85058591,0.56542023,44.500251,25.161342,False,0.9865911,True,True,True,0.85058591,0.56542023,44.500251,25.161342,0.84312332,0.56791093,43.191169,24.528737,0.98489485,0.52328619,10.714254,5.6066209,0.83490121,0.80806435,11.428149,9.2346795,0.71429671,0.54448116,16.983088,9.2469714,0.84732292,0.57200472,19.722504,11.281366,0.87132765,0.53640798,21.857739,11.724666,0.90582454,0.5353357,24.077194,12.889381
0b_color_jitter_best,file,15,baseline_color_jitter,1548,028.Brown_Creeper/Brown_Creeper_0007_24902.jpg,28,27,028.Brown_Creeper,187,186,identity,identity,0,{},0.020845963,0.020845963,0,0.97936982,0.97936982,0.004566113,0.004566113,0.97480371,0.97480371,0,1,1,4.3311056,4.3311056,False,1,True,True,True,1,1,4.3311056,4.3311056,1,1,4.2932442,4.2932442,1,1,0.57142788,0.57142788,1,1,1.0743054,1.0743054,1,1,2.1618301,2.1618301,1,1,2.0903348,2.0903348,1,1,2.2314712,2.2314712,1,1,1.8042566,1.8042566
0b_color_jitter_best,file,15,baseline_color_jitter,1548,028.Brown_Creeper/Brown_Creeper_0007_24902.jpg,28,27,028.Brown_Creeper,187,186,color_jitter,color_jitter,0,"{""brightness"":1.295459,""contrast"":1.342565,""hue"":0.00702,""saturation"":0.695413}",0.020845963,0.024668748,0.0038227849,0.97936982,0.97563303,0.004566113,0.005552893,0.97480371,0.97008013,-0.004723574,0.89224291,1.0906618,4.3311056,4.7237713,False,0.98436958,True,True,True,0.89224291,1.0906618,4.3311056,4.7237713,0.89059234,1.0892295,4.2932442,4.6763284,0.98125162,1.1686661,0.57142788,0.66780836,0.81353238,0.9874245,1.0743054,1.0607955,0.8840556,0.97793859,2.1618301,2.114137,0.87739543,1.137727,2.0903348,2.3782303,0.9082658,1.0904204,2.2314712,2.4332417,0.92556905,1.201132,1.8042566,2.1671503
0b_color_jitter_best,file,15,baseline_color_jitter,9783,167.Hooded_Warbler/Hooded_Warbler_0039_164928.jpg,167,166,167.Hooded_Warbler,180,179,identity,identity,0,{},5.1936221,5.1936221,0,0.0055518607,0.0055518607,0.970586,0.970586,-0.96503414,-0.96503414,0,1,1,158.22385,158.22385,False,1,True,False,False,1,1,158.22385,158.22385,1,1,154.39884,154.39884,1,1,34.580091,34.580091,1,1,31.29016,31.29016,1,1,57.853539,57.853539,1,1,81.974507,81.974507,1,1,80.675088,80.675088,1,1,79.275516,79.275516
0b_color_jitter_best,file,15,baseline_color_jitter,9783,167.Hooded_Warbler/Hooded_Warbler_0039_164928.jpg,167,166,167.Hooded_Warbler,180,179,color_jitter,color_jitter,0,"{""brightness"":1.210807,""contrast"":1.178529,""hue"":0.00686,""saturation"":0.79498}",5.1936221,5.2114835,0.017861366,0.0055518607,0.0054535768,0.970586,0.95403552,-0.96503414,-0.94858194,0.016452197,0.91632453,1.0025149,158.22385,158.62176,False,0.98741645,True,False,False,0.91632453,1.0025149,158.22385,158.62176,0.91273301,1.0021157,154.39884,154.72551,0.98736487,1.0104396,34.580091,34.941095,0.82158722,0.91529975,31.29016,28.639875,0.86532093,0.97403257,57.853539,56.351231,0.91316023,1.0344079,81.974507,84.795081,0.92179286,1.0070294,80.675088,81.242185,0.94202737,0.98953672,79.275516,78.446035
0b_color_jitter_best,file,15,baseline_color_jitter,4267,074.Florida_Jay/Florida_Jay_0039_64576.jpg,74,73,074.Florida_Jay,107,106,identity,identity,0,{},0.0027450758,0.0027450758,0,0.99725866,0.99725866,0.0010686383,0.0010686383,0.99619002,0.99619002,0,1,1,0.60046529,0.60046529,False,1,True,True,True,1,1,0.60046529,0.60046529,1,1,0.59219056,0.59219056,1,1,0.099342407,0.099342407,1,1,0.15388363,0.15388363,1,1,0.24820224,0.24820224,1,1,0.31895119,0.31895119,1,1,0.28268772,0.28268772,1,1,0.28941825,0.28941825
0b_color_jitter_best,file,15,baseline_color_jitter,4267,074.Florida_Jay/Florida_Jay_0039_64576.jpg,74,73,074.Florida_Jay,107,106,color_jitter,color_jitter,0,"{""brightness"":0.618385,""contrast"":1.131219,""hue"":-0.031222,""saturation"":1.125346}",0.0027450758,0.0038165839,0.001071508,0.99725866,0.99619067,0.0010686383,0.00087678072,0.99619002,0.99531389,-0.00087613845,0.8980922,1.3351397,0.60046529,0.80170508,False,0.99331635,True,True,True,0.8980922,1.3351397,0.60046529,0.80170508,0.89587882,1.3363286,0.59219056,0.79136116,0.97992443,1.2921853,0.099342407,0.1283688,0.85329889,1.7823606,0.15388363,0.27427611,0.8308994,1.3967007,0.24820224,0.34666425,0.91094672,1.2488815,0.31895119,0.39833225,0.91565564,1.2682608,0.28268772,0.35852174,0.94628341,1.3095307,0.28941825,0.37900208
0b_color_jitter_best,file,15,baseline_color_jitter,5492,094.White_breasted_Nuthatch/White_Breasted_Nuthatch_0131_86416.jpg,94,93,094.White_breasted_Nuthatch,73,72,identity,identity,0,{},0.0044392608,0.0044392608,0,0.9955706,0.9955706,0.0012913414,0.0012913414,0.99427926,0.99427926,0,1,1,0.71665182,0.71665182,False,1,True,True,True,1,1,0.71665182,0.71665182,1,1,0.70328186,0.70328186,1,1,0.1377841,0.1377841,1,1,0.16070766,0.16070766,1,1,0.27453581,0.27453581,1,1,0.3396156,0.3396156,1,1,0.36426567,0.36426567,1,1,0.38128766,0.38128766
0b_color_jitter_best,file,15,baseline_color_jitter,5492,094.White_breasted_Nuthatch/White_Breasted_Nuthatch_0131_86416.jpg,94,93,094.White_breasted_Nuthatch,73,72,color_jitter,color_jitter,0,"{""brightness"":0.836836,""contrast"":0.836261,""hue"":0.066684,""saturation"":0.632963}",0.0044392608,0.003751979,-0.00068728183,0.9955706,0.99625504,0.0012913414,0.0010933025,0.99427926,0.99516174,0.00088247901,0.8216773,0.86841214,0.71665182,0.62234914,False,0.98644173,True,True,True,0.8216773,0.86841214,0.71665182,0.62234914,0.81549224,0.8685824,0.70328186,0.61085824,0.98369032,0.86396459,0.1377841,0.11904059,0.70371894,0.72194561,0.16070766,0.11602219,0.68502969,0.98207536,0.27453581,0.26961485,0.78552305,0.90441435,0.3396156,0.30715322,0.85291351,0.82530068,0.36426567,0.3006287,0.9117096,0.83874386,0.38128766,0.31980268
0b_color_jitter_best,file,15,baseline_color_jitter,6081,104.American_Pipit/American_Pipit_0062_100000.jpg,104,103,104.American_Pipit,150,149,identity,identity,0,{},0.0063704755,0.0063704755,0,0.99364978,0.99364978,0.0031050546,0.0031050546,0.99054473,0.99054473,0,1,1,1.0990695,1.0990695,False,0.99999994,True,True,True,1,1,1.0990695,1.0990695,1,1,1.0718669,1.0718669,1,1,0.24301251,0.24301251,1,1,0.1710884,0.1710884,1,1,0.47859497,0.47859497,1,1,0.60504848,0.60504848,1,1,0.50023874,0.50023874,1,1,0.5236905,0.5236905
0b_color_jitter_best,file,15,baseline_color_jitter,6081,104.American_Pipit/American_Pipit_0062_100000.jpg,104,103,104.American_Pipit,150,149,color_jitter,color_jitter,0,"{""brightness"":0.831428,""contrast"":1.122786,""hue"":-0.09607,""saturation"":1.114831}",0.0063704755,0.0063812546,1.0779127e-05,0.99364978,0.99363905,0.0031050546,0.0033850465,0.99054473,0.99025401,-0.00029072072,0.9073752,0.97186886,1.0990695,1.0681514,False,0.99562711,True,True,True,0.9073752,0.97186886,1.0990695,1.0681514,0.90275994,0.96999908,1.0718669,1.0397099,0.99443838,1.0075547,0.24301251,0.2448484,0.67164748,1.0411294,0.1710884,0.17812517,0.85747322,0.95368855,0.47859497,0.45643054,0.91980209,0.96130158,0.60504848,0.58163406,0.90236758,0.96688016,0.50023874,0.48367091,0.9439989,0.98983306,0.5236905,0.51836617
0b_color_jitter_best,file,15,baseline_color_jitter,7469,128.Seaside_Sparrow/Seaside_Sparrow_0039_796530.jpg,128,127,128.Seaside_Sparrow,150,149,identity,identity,0,{},4.9996843,4.9996843,0,0.0067400751,0.0067400751,0.32238141,0.32238141,-0.31564133,-0.31564133,0,1,1,185.78134,185.78134,False,1,True,False,False,1,1,185.78134,185.78134,1,1,183.99275,183.99275,1,1,25.717176,25.717176,1,1,50.053967,50.053967,1,1,92.545779,92.545779,1,1,100.55582,100.55582,1,1,79.343138,79.343138,1,1,79.852396,79.852396
0b_color_jitter_best,file,15,baseline_color_jitter,7469,128.Seaside_Sparrow/Seaside_Sparrow_0039_796530.jpg,128,127,128.Seaside_Sparrow,150,149,color_jitter,color_jitter,0,"{""brightness"":1.296,""contrast"":0.744336,""hue"":-0.009277,""saturation"":1.111399}",4.9996843,5.6652732,0.66558886,0.0067400751,0.0034642008,0.32238141,0.26682699,-0.31564133,-0.26336279,0.052278545,0.8405918,1.2149495,185.78134,225.71494,False,0.9654091,False,False,False,0.8405918,1.2149495,185.78134,225.71494,0.83860685,1.2171487,183.99275,223.94653,0.95787744,1.0965046,25.717176,28.199003,0.55266921,0.9409486,50.053967,47.09821,0.8699187,1.2363868,92.545779,114.42238,0.85319638,1.3146959,100.55582,132.20033,0.84164895,1.1836158,79.343138,93.911792,0.87060617,1.1576239,79.852396,92.439044
0b_color_jitter_best,file,15,baseline_color_jitter,8975,153.Philadelphia_Vireo/Philadelphia_Vireo_0071_794796.jpg,153,152,153.Philadelphia_Vireo,155,154,identity,identity,0,{},0.10124274,0.10124274,0,0.90371364,0.90371364,0.034998141,0.034998141,0.8687155,0.8687155,0,1,1,17.000923,17.000923,False,0.99999994,True,True,True,1,1,17.000923,17.000923,1,1,16.737505,16.737505,1,1,2.9811605,2.9811605,1,1,4.0070798,4.0070798,1,1,7.6606267,7.6606267,1,1,10.009804,10.009804,1,1,7.5918916,7.5918916,1,1,6.8970414,6.8970414
0b_color_jitter_best,file,15,baseline_color_jitter,8975,153.Philadelphia_Vireo/Philadelphia_Vireo_0071_794796.jpg,153,152,153.Philadelphia_Vireo,155,154,color_jitter,color_jitter,0,"{""brightness"":1.282592,""contrast"":1.185852,""hue"":0.050155,""saturation"":1.042697}",0.10124274,0.11193798,0.010695241,0.90371364,0.89409971,0.034998141,0.048487321,0.8687155,0.84561239,-0.02310311,0.85630483,0.93473752,17.000923,15.891401,False,0.9853313,True,True,True,0.85630483,0.93473752,17.000923,15.891401,0.85210961,0.92934253,16.737505,15.554875,0.97959163,1.0912099,2.9811605,3.2530718,0.52576842,1.017725,4.0070798,4.0781054,0.81032037,0.85407643,7.6606267,6.5427606,0.89162249,0.87036217,10.009804,8.7121551,0.88065689,0.97207221,7.5918916,7.3798669,0.91439518,1.0470566,6.8970414,7.2215928
0b_color_jitter_best,file,15,baseline_color_jitter,7079,121.Grasshopper_Sparrow/Grasshopper_Sparrow_0115_115914.jpg,121,120,121.Grasshopper_Sparrow,119,118,identity,identity,0,{},1.7253089,1.7253089,0,0.17811804,0.17811804,0.45353946,0.45353946,-0.27542143,-0.27542143,0,1,1,144.38036,144.38036,False,1,True,False,False,1,1,144.38036,144.38036,1,1,141.41314,141.41314,1,1,29.120669,29.120669,1,1,41.32373,41.32373,1,1,62.790893,62.790893,1,1,76.399717,76.399717,1,1,64.757419,64.757419,1,1,65.703034,65.703034
0b_color_jitter_best,file,15,baseline_color_jitter,7079,121.Grasshopper_Sparrow/Grasshopper_Sparrow_0115_115914.jpg,121,120,121.Grasshopper_Sparrow,119,118,color_jitter,color_jitter,0,"{""brightness"":1.015779,""contrast"":0.944496,""hue"":0.072567,""saturation"":1.222904}",1.7253089,1.8254678,0.10015893,0.17811804,0.16114224,0.45353946,0.47895202,-0.27542143,-0.31780978,-0.04238835,0.85188929,1.0058794,144.38036,145.22923,False,0.98641694,True,False,False,0.85188929,1.0058794,144.38036,145.22923,0.84585962,1.0020294,141.41314,141.70012,0.98533518,1.0927443,29.120669,31.821445,0.68923522,0.76739243,41.32373,31.711517,0.75800945,0.97675816,62.790893,61.331517,0.87571843,0.99674256,76.399717,76.15085,0.86867088,1.0666031,64.757419,69.070463,0.91655818,1.0480898,65.703034,68.862683
0b_color_jitter_best,file,15,baseline_color_jitter,7290,125.Lincoln_Sparrow/Lincoln_Sparrow_0014_117883.jpg,125,124,125.Lincoln_Sparrow,129,128,identity,identity,0,{},0.060729969,0.060729969,0,0.94107735,0.94107735,0.024837269,0.024837269,0.91624008,0.91624008,0,1,1,10.110411,10.110411,False,1,True,True,True,1,1,10.110411,10.110411,1,1,9.9539946,9.9539946,1,1,1.7715518,1.7715518,1,1,1.5507762,1.5507762,1,1,3.9265837,3.9265837,1,1,5.1231227,5.1231227,1,1,5.4120301,5.4120301,1,1,5.0717438,5.0717438
0b_color_jitter_best,file,15,baseline_color_jitter,7290,125.Lincoln_Sparrow/Lincoln_Sparrow_0014_117883.jpg,125,124,125.Lincoln_Sparrow,129,128,color_jitter,color_jitter,0,"{""brightness"":1.365975,""contrast"":0.787487,""hue"":0.094464,""saturation"":1.02068}",0.060729969,0.039924681,-0.020805288,0.94107735,0.9608618,0.024837269,0.0099355299,0.91624008,0.95092627,0.034686189,0.82027584,0.69243128,10.110411,7.0007646,False,0.98758465,True,True,True,0.82027584,0.69243128,10.110411,7.0007646,0.81598476,0.69408127,9.9539946,6.9088812,0.9704376,0.63814989,1.7715518,1.1305156,0.61358807,1.0344389,1.5507762,1.6041832,0.72636904,0.713779,3.9265837,2.802713,0.8154868,0.73891918,5.1231227,3.7855736,0.83792703,0.63805682,5.4120301,3.4531827,0.89691035,0.65539649,5.0717438,3.324003
0b_color_jitter_best,file,15,baseline_color_jitter,6478,111.Loggerhead_Shrike/Loggerhead_Shrike_0128_105238.jpg,111,110,111.Loggerhead_Shrike,78,77,identity,identity,0,{},1.2096024,1.2096024,0,0.29831588,0.29831588,0.47065762,0.47065762,-0.17234173,-0.17234173,0,1,1,120.32994,120.32994,False,1,True,False,False,1,1,120.32994,120.32994,1,1,118.16949,118.16949,1,1,22.699489,22.699489,1,1,26.476469,26.476469,1,1,50.061189,50.061189,1,1,64.452369,64.452369,1,1,59.426509,59.426509,1,1,55.419173,55.419173
0b_color_jitter_best,file,15,baseline_color_jitter,6478,111.Loggerhead_Shrike/Loggerhead_Shrike_0128_105238.jpg,111,110,111.Loggerhead_Shrike,78,77,color_jitter,color_jitter,0,"{""brightness"":0.664645,""contrast"":1.122925,""hue"":-0.042477,""saturation"":0.977502}",1.2096024,1.2904329,0.080830574,0.29831588,0.27515164,0.47065762,0.40826675,-0.17234173,-0.13311511,0.039226621,0.89382642,1.0834108,120.32994,130.36676,False,0.99292207,True,False,False,0.89382642,1.0834108,120.32994,130.36676,0.89080227,1.0867334,118.16949,128.41873,0.98770185,0.98912787,22.699489,22.452697,0.52458533,1.3807722,26.476469,36.557972,0.87106232,1.1736991,50.061189,58.756772,0.93116717,1.0943841,64.452369,70.535647,0.92480929,1.0251253,59.426509,60.919621,0.941947,0.99096682,55.419173,54.918562
0b_color_jitter_best,file,15,baseline_color_jitter,7254,124.Le_Conte_Sparrow/Le_Conte_Sparrow_0016_795223.jpg,124,123,124.Le_Conte_Sparrow,126,125,identity,identity,0,{},0.14556836,0.14556836,0,0.8645308,0.8645308,0.043008216,0.043008216,0.82152259,0.82152259,0,1,1,24.903965,24.903965,False,0.99999994,True,True,True,1,1,24.903965,24.903965,1,1,24.599216,24.599216,1,1,3.8840722,3.8840722,1,1,3.9159556,3.9159556,1,1,11.42571,11.42571,1,1,15.539011,15.539011,1,1,11.115609,11.115609,1,1,9.706816,9.706816
0b_color_jitter_best,file,15,baseline_color_jitter,7254,124.Le_Conte_Sparrow/Le_Conte_Sparrow_0016_795223.jpg,124,123,124.Le_Conte_Sparrow,126,125,color_jitter,color_jitter,0,"{""brightness"":0.846321,""contrast"":0.744189,""hue"":-0.04135,""saturation"":1.116882}",0.14556836,0.088899322,-0.056669034,0.8645308,0.91493767,0.043008216,0.029364353,0.82152259,0.88557332,0.064050736,0.90370876,0.63823787,24.903965,15.894653,False,0.99226022,True,True,True,0.90370876,0.63823787,24.903965,15.894653,0.90157261,0.63821667,24.599216,15.69963,0.98927655,0.63908799,3.8840722,2.4822639,0.62042508,0.73264805,3.9159556,2.8690173,0.85096471,0.7238331,11.42571,8.2703069,0.93520273,0.61027934,15.539011,9.4831371,0.92185368,0.59528265,11.115609,6.6169291,0.94585278,0.61928453,9.706816,6.011281
0b_color_jitter_best,file,15,baseline_color_jitter,1704,031.Black_billed_Cuckoo/Black_Billed_Cuckoo_0028_26165.jpg,31,30,031.Black_billed_Cuckoo,33,32,identity,identity,0,{},2.6649957,2.6649957,0,0.069599643,0.069599643,0.42422336,0.42422336,-0.35462372,-0.35462372,0,1,1,172.29436,172.29436,False,1,True,False,False,1,1,172.29436,172.29436,1,1,168.82301,168.82301,1,1,34.411309,34.411309,1,1,28.190143,28.190143,1,1,72.936138,72.936138,1,1,95.386713,95.386713,1,1,86.836212,86.836212,1,1,75.813525,75.813525
0b_color_jitter_best,file,15,baseline_color_jitter,1704,031.Black_billed_Cuckoo/Black_Billed_Cuckoo_0028_26165.jpg,31,30,031.Black_billed_Cuckoo,33,32,color_jitter,color_jitter,0,"{""brightness"":0.616855,""contrast"":1.379674,""hue"":-0.07347,""saturation"":0.85542}",2.6649957,4.0573149,1.3923192,0.069599643,0.017295398,0.42422336,0.3674311,-0.35462372,-0.35013571,0.0044880137,0.81631314,0.9490383,172.29436,163.51394,False,0.97316778,True,False,False,0.81631314,0.9490383,172.29436,163.51394,0.80974148,0.9477353,168.82301,159.99952,0.96973432,0.97987791,34.411309,33.718881,0.54546836,1.5745471,28.190143,44.38671,0.78926544,0.97367088,72.936138,71.015794,0.80622229,0.85870963,95.386713,81.909489,0.84694181,0.95645926,86.836212,83.055299,0.87752326,0.93073863,75.813525,70.562576
0b_color_jitter_best,file,15,baseline_color_jitter,3415,059.California_Gull/California_Gull_0074_41358.jpg,59,58,059.California_Gull,146,145,identity,identity,0,{},3.3926978,3.3926978,0,0.033617854,0.033617854,0.353351,0.353351,-0.31973314,-0.31973314,0,1,1,164.90861,164.90861,False,1,True,False,False,1,1,164.90861,164.90861,1,1,162.23043,162.23043,1,1,29.599593,29.599593,1,1,45.845257,45.845257,1,1,62.822771,62.822771,1,1,85.814707,85.814707,1,1,82.775778,82.775778,1,1,77.808944,77.808944
0b_color_jitter_best,file,15,baseline_color_jitter,3415,059.California_Gull/California_Gull_0074_41358.jpg,59,58,059.California_Gull,146,145,color_jitter,color_jitter,0,"{""brightness"":0.9296,""contrast"":1.269933,""hue"":-0.06085,""saturation"":0.929382}",3.3926978,4.9356332,1.5429354,0.033617854,0.007185909,0.353351,0.13709134,-0.31973314,-0.12990543,0.18982771,0.84122436,1.0655224,164.90861,175.71381,False,0.96690363,False,False,False,0.84122436,1.0655224,164.90861,175.71381,0.839647,1.0660159,162.23043,172.94022,0.88938971,1.0505885,29.599593,31.096991,0.88968332,0.86076992,45.845257,39.462218,0.77223834,1.1494268,62.822771,72.210178,0.84655192,1.0192433,85.814707,87.466066,0.8499893,1.0925629,82.775778,90.437747,0.86106929,1.0986346,77.808944,85.483599
0b_color_jitter_best,file,15,baseline_color_jitter,9006,154.Red_eyed_Vireo/Red_Eyed_Vireo_0029_156777.jpg,154,153,154.Red_eyed_Vireo,165,164,identity,identity,0,{},0.40503585,0.40503585,0,0.66695291,0.66695291,0.075905949,0.075905949,0.59104696,0.59104696,0,1,1,55.542879,55.542879,False,0.99999988,True,True,True,1,1,55.542879,55.542879,1,1,54.60451,54.60451,1,1,10.166554,10.166554,1,1,15.206133,15.206133,1,1,23.34443,23.34443,1,1,29.190129,29.190129,1,1,27.535317,27.535317,1,1,24.396851,24.396851
0b_color_jitter_best,file,15,baseline_color_jitter,9006,154.Red_eyed_Vireo/Red_Eyed_Vireo_0029_156777.jpg,154,153,154.Red_eyed_Vireo,165,164,color_jitter,color_jitter,0,"{""brightness"":0.967766,""contrast"":0.714152,""hue"":-0.05023,""saturation"":0.913367}",0.40503585,1.4485582,1.0435224,0.66695291,0.23490874,0.075905949,0.21476774,0.59104696,0.020141006,-0.57090595,0.86459609,2.2052836,55.542879,122.4878,False,0.97821331,True,True,True,0.86459609,2.2052836,55.542879,122.4878,0.86081909,2.2017677,54.60451,120.22645,0.96956671,2.3044019,10.166554,23.427826,0.890521,1.8150238,15.206133,27.599494,0.8392379,2.3984661,23.34443,55.990824,0.82404452,2.1951991,29.190129,64.078144,0.88448984,2.132287,27.535317,58.713198,0.90426604,2.2467173,24.396851,54.812827
0b_color_jitter_best,file,15,baseline_color_jitter,6037,104.American_Pipit/American_Pipit_0074_100154.jpg,104,103,104.American_Pipit,99,98,identity,identity,0,{},0.028026398,0.028026398,0,0.9723627,0.9723627,0.0035633428,0.0035633428,0.96879935,0.96879935,0,1,1,4.7075264,4.7075264,False,0.99999994,True,True,True,1,1,4.7075264,4.7075264,1,1,4.6347348,4.6347348,1,1,0.8246443,0.8246443,1,1,1.1270725,1.1270725,1,1,2.0404933,2.0404933,1,1,2.534176,2.534176,1,1,2.201779,2.201779,1,1,2.1856309,2.1856309
0b_color_jitter_best,file,15,baseline_color_jitter,6037,104.American_Pipit/American_Pipit_0074_100154.jpg,104,103,104.American_Pipit,99,98,color_jitter,color_jitter,0,"{""brightness"":0.988939,""contrast"":1.12325,""hue"":0.006684,""saturation"":0.759221}",0.028026398,0.033371978,0.0053455792,0.9723627,0.9671787,0.0035633428,0.0044812527,0.96879935,0.96269745,-0.0061019047,0.96128417,1.253784,4.7075264,5.9022211,False,0.99648297,True,True,True,0.96128417,1.253784,4.7075264,5.9022211,0.96028132,1.2555099,4.6347348,5.8189553,0.99550928,1.1979872,0.8246443,0.98791334,0.95303493,1.3145671,1.1270725,1.4816124,0.93801347,1.2104006,2.0404933,2.4698143,0.96419589,1.2949028,2.534176,3.2815115,0.96603466,1.2588523,2.201779,2.7717146,0.97189094,1.2203691,2.1856309,2.6672764
0b_color_jitter_best,file,15,baseline_color_jitter,6111,105.Whip_poor_Will/Whip_Poor_Will_0006_22800.jpg,105,104,105.Whip_poor_Will,92,91,identity,identity,0,{},6.434763,6.434763,0,0.0016047888,0.0016047888,0.85570335,0.85570335,-0.85409857,-0.85409857,0,1,1,134.04509,134.04509,False,1,True,False,False,1,1,134.04509,134.04509,1,1,130.3653,130.3653,1,1,31.192544,31.192544,1,1,30.483372,30.483372,1,1,45.951816,45.951816,1,1,65.283807,65.283807,1,1,70.842942,70.842942,1,1,68.363785,68.363785
0b_color_jitter_best,file,15,baseline_color_jitter,6111,105.Whip_poor_Will/Whip_Poor_Will_0006_22800.jpg,105,104,105.Whip_poor_Will,92,91,color_jitter,color_jitter,0,"{""brightness"":1.187967,""contrast"":0.706245,""hue"":-0.066291,""saturation"":0.790184}",6.434763,5.6870251,-0.74773788,0.0016047888,0.0033896619,0.85570335,0.74680853,-0.85409857,-0.74341887,0.1106797,0.86427393,0.93261668,134.04509,125.01268,False,0.9867624,True,False,False,0.86427393,0.93261668,134.04509,125.01268,0.85763299,0.93420169,130.3653,121.78748,0.9845116,0.90448322,31.192544,28.213132,0.84508537,1.0901491,30.483372,33.231422,0.64512752,0.99230544,45.951816,45.598237,0.85243626,0.93699978,65.283807,61.170913,0.90169602,0.89292443,70.842942,63.257393,0.92778903,0.91411382,68.363785,62.49228
0b_color_jitter_best,file,15,baseline_color_jitter,5035,087.Mallard/Mallard_0061_76378.jpg,87,86,087.Mallard,86,85,identity,identity,0,{},0.10493175,0.10493175,0,0.90038598,0.90038598,0.017806089,0.017806089,0.88257989,0.88257989,0,1,1,14.785368,14.785368,False,1,True,True,True,1,1,14.785368,14.785368,1,1,14.547724,14.547724,1,1,2.6402335,2.6402335,1,1,2.9249162,2.9249162,1,1,5.9557258,5.9557258,1,1,8.3631015,8.3631015,1,1,6.9990911,6.9990911,1,1,6.9772291,6.9772291
0b_color_jitter_best,file,15,baseline_color_jitter,5035,087.Mallard/Mallard_0061_76378.jpg,87,86,087.Mallard,86,85,color_jitter,color_jitter,0,"{""brightness"":0.604357,""contrast"":0.632768,""hue"":0.040273,""saturation"":0.649192}",0.10493175,0.45307243,0.34814068,0.90038598,0.63567209,0.017806089,0.083949544,0.88257989,0.55172255,-0.33085734,0.76553145,3.9055242,14.785368,57.744613,False,0.94619274,True,True,True,0.76553145,3.9055242,14.785368,57.744613,0.76048153,3.9159922,14.547724,56.968774,0.93668061,3.5731438,2.6402335,9.4339338,0.66268395,5.8271986,2.9249162,17.044067,0.77428906,4.6179617,5.9557258,27.503314,0.78499694,3.8167861,8.3631015,31.92017,0.74772338,3.4281321,6.9990911,23.993809,0.78891719,3.5221076,6.9772291,24.574552
0b_color_jitter_best,file,15,baseline_color_jitter,9757,166.Golden_winged_Warbler/Golden_Winged_Warbler_0016_794841.jpg,166,165,166.Golden_winged_Warbler,48,47,identity,identity,0,{},0.36413753,0.36413753,0,0.69479561,0.69479561,0.062652573,0.062652573,0.63214304,0.63214304,0,1,1,45.365192,45.365192,False,1,True,True,True,1,1,45.365192,45.365192,1,1,44.628292,44.628292,1,1,8.1434784,8.1434784,1,1,12.342774,12.342774,1,1,18.578023,18.578023,1,1,22.869451,22.869451,1,1,22.413538,22.413538,1,1,21.652228,21.652228
0b_color_jitter_best,file,15,baseline_color_jitter,9757,166.Golden_winged_Warbler/Golden_Winged_Warbler_0016_794841.jpg,166,165,166.Golden_winged_Warbler,48,47,color_jitter,color_jitter,0,"{""brightness"":0.748592,""contrast"":0.84733,""hue"":0.090782,""saturation"":0.909227}",0.36413753,0.10808466,-0.25605287,0.69479561,0.8975516,0.062652573,0.013111223,0.63214304,0.88444037,0.25229734,0.77784966,0.36464494,45.365192,16.542188,False,0.96688163,True,True,True,0.77784966,0.36464494,45.365192,16.542188,0.77178831,0.36361906,44.628292,16.227698,0.94821404,0.39421318,8.1434784,3.2102665,0.46404461,0.2520408,12.342774,3.1108825,0.76844722,0.39631464,18.578023,7.3627423,0.80089833,0.38762919,22.869451,8.8648667,0.76966347,0.35085087,22.413538,7.8638095,0.82947453,0.3548267,21.652228,7.6827885
0b_color_jitter_best,file,15,baseline_color_jitter,8411,144.Common_Tern/Common_Tern_0043_147753.jpg,144,143,144.Common_Tern,141,140,identity,identity,0,{},3.8520198,3.8520198,0,0.021236802,0.021236802,0.72413808,0.72413808,-0.70290128,-0.70290128,0,1,1,180.68251,180.68251,False,1,True,False,False,1,1,180.68251,180.68251,1,1,177.32024,177.32024,1,1,34.694383,34.694383,1,1,29.077952,29.077952,1,1,89.695766,89.695766,1,1,86.545972,86.545972,1,1,83.421763,83.421763,1,1,90.0123,90.0123
0b_color_jitter_best,file,15,baseline_color_jitter,8411,144.Common_Tern/Common_Tern_0043_147753.jpg,144,143,144.Common_Tern,141,140,color_jitter,color_jitter,0,"{""brightness"":1.068584,""contrast"":1.238488,""hue"":0.098584,""saturation"":0.888986}",3.8520198,4.0831389,0.23111916,0.021236802,0.016854476,0.72413808,0.40870556,-0.70290128,-0.39185109,0.31105019,0.79598939,0.93804939,180.68251,169.48911,False,0.9730584,True,False,False,0.79598939,0.93804939,180.68251,169.48911,0.79102458,0.93477183,177.32024,165.75396,0.91775474,1.0199402,34.694383,35.386197,0.52690283,0.94738638,29.077952,27.548056,0.70980136,0.7989311,89.695766,71.660737,0.79436756,0.95449114,86.545972,82.607363,0.82609983,0.98456031,83.421763,82.133757,0.85966511,0.99431103,90.0123,89.500222
0b_color_jitter_best,file,15,baseline_color_jitter,10264,175.Pine_Warbler/Pine_Warbler_0091_171627.jpg,175,174,175.Pine_Warbler,157,156,identity,identity,0,{},0.88213718,0.88213718,0,0.4138974,0.4138974,0.49615848,0.49615848,-0.082261086,-0.082261086,0,1,1,88.344546,88.344546,False,1,True,False,False,1,1,88.344546,88.344546,1,1,85.858466,85.858466,1,1,20.810638,20.810638,1,1,17.875412,17.875412,1,1,37.433033,37.433033,1,1,48.49439,48.49439,1,1,41.163796,41.163796,1,1,40.059329,40.059329
0b_color_jitter_best,file,15,baseline_color_jitter,10264,175.Pine_Warbler/Pine_Warbler_0091_171627.jpg,175,174,175.Pine_Warbler,157,156,color_jitter,color_jitter,0,"{""brightness"":1.261781,""contrast"":0.969826,""hue"":-0.059535,""saturation"":1.32133}",0.88213718,0.86830992,-0.013827264,0.4138974,0.41966021,0.49615848,0.40992561,-0.082261086,0.0097346008,0.091995686,0.89836482,0.90538417,88.344546,79.985753,False,0.9906522,False,False,True,0.89836482,0.90538417,88.344546,79.985753,0.89333579,0.90540192,85.858466,77.73642,0.98399638,0.90508191,20.810638,18.835332,0.84033623,0.84790259,17.875412,15.156608,0.87973751,0.87883259,37.433033,32.897369,0.89757484,0.88151616,48.49439,42.748589,0.89332608,0.93939329,41.163796,38.668994,0.910464,0.93677978,40.059329,37.526769
0b_color_jitter_best,file,15,baseline_color_jitter,955,018.Spotted_Catbird/Spotted_Catbird_0012_796802.jpg,18,17,018.Spotted_Catbird,67,66,identity,identity,0,{},0.13080131,0.13080131,0,0.87739211,0.87739211,0.046695262,0.046695262,0.83069685,0.83069685,0,1,1,33.302593,33.302593,False,1,True,True,True,1,1,33.302593,33.302593,1,1,33.022125,33.022125,1,1,4.3130003,4.3130003,1,1,9.6837135,9.6837135,1,1,17.525656,17.525656,1,1,18.343444,18.343444,1,1,14.268405,14.268405,1,1,12.22573,12.22573
0b_color_jitter_best,file,15,baseline_color_jitter,955,018.Spotted_Catbird/Spotted_Catbird_0012_796802.jpg,18,17,018.Spotted_Catbird,67,66,color_jitter,color_jitter,0,"{""brightness"":0.761649,""contrast"":0.967532,""hue"":-0.000669,""saturation"":1.202638}",0.13080131,0.35565907,0.22485776,0.87739211,0.70071149,0.046695262,0.095766723,0.83069685,0.60494477,-0.22575209,0.94673409,2.5083732,33.302593,83.53533,False,0.99197865,True,True,True,0.94673409,2.5083732,33.302593,83.53533,0.94601193,2.5091595,33.022125,82.857778,0.99005034,2.4618385,4.3130003,10.61791,0.9222569,3.0738119,9.6837135,29.765914,0.94186582,2.4475565,17.525656,42.895032,0.95661057,2.3839173,18.343444,43.729255,0.95315093,2.5301316,14.268405,36.100942,0.95857292,2.486199,12.22573,30.395597
0b_color_jitter_best,file,15,baseline_color_jitter,762,014.Indigo_Bunting/Indigo_Bunting_0026_11964.jpg,14,13,014.Indigo_Bunting,54,53,identity,identity,0,{},0.069253601,0.069253601,0,0.93309003,0.93309003,0.038169749,0.038169749,0.89492028,0.89492028,0,1,1,12.322442,12.322442,False,1,True,True,True,1,1,12.322442,12.322442,1,1,12.14286,12.14286,1,1,2.0960743,2.0960743,1,1,2.9397862,2.9397862,1,1,4.933899,4.933899,1,1,6.4480919,6.4480919,1,1,6.1811516,6.1811516,1,1,5.8888727,5.8888727
0b_color_jitter_best,file,15,baseline_color_jitter,762,014.Indigo_Bunting/Indigo_Bunting_0026_11964.jpg,14,13,014.Indigo_Bunting,54,53,color_jitter,color_jitter,0,"{""brightness"":1.020566,""contrast"":0.800532,""hue"":0.012295,""saturation"":0.750448}",0.069253601,0.18135881,0.11210521,0.93309003,0.83413601,0.038169749,0.1078238,0.89492028,0.72631221,-0.16860808,0.91055116,2.5204745,12.322442,31.0584,False,0.99144232,True,True,True,0.91055116,2.5204745,12.322442,31.0584,0.90819438,2.518898,12.14286,30.586625,0.98818643,2.5728231,2.0960743,5.3928283,0.90622201,2.2642041,2.9397862,6.6562758,0.88823725,2.7338986,4.933899,13.48878,0.8996563,2.6030955,6.4480919,16.784999,0.91384971,2.4502849,6.1811516,15.145583,0.93538532,2.3904505,5.8888727,14.077059
0b_color_jitter_best,file,15,baseline_color_jitter,9402,160.Black_throated_Blue_Warbler/Black_Throated_Blue_Warbler_0108_161714.jpg,160,159,160.Black_throated_Blue_Warbler,79,78,identity,identity,0,{},0.00086722907,0.00086722907,0,0.99913317,0.99913317,0.00037131307,0.00037131307,0.99876186,0.99876186,0,1,1,0.15476786,0.15476786,False,1,True,True,True,1,1,0.15476786,0.15476786,1,1,0.15019583,0.15019583,1,1,0.037340385,0.037340385,1,1,0.021741253,0.021741253,1,1,0.054002021,0.054002021,1,1,0.079929396,0.079929396,1,1,0.082950503,0.082950503,1,1,0.076814013,0.076814013
0b_color_jitter_best,file,15,baseline_color_jitter,9402,160.Black_throated_Blue_Warbler/Black_Throated_Blue_Warbler_0108_161714.jpg,160,159,160.Black_throated_Blue_Warbler,79,78,color_jitter,color_jitter,0,"{""brightness"":0.736361,""contrast"":0.849802,""hue"":0.033549,""saturation"":1.25954}",0.00086722907,0.0019044611,0.001037232,0.99913317,0.99809736,0.00037131307,0.00046317116,0.99876186,0.99763419,-0.0011276676,0.82567374,2.8120358,0.15476786,0.43521277,False,0.9914633,True,True,True,0.82567374,2.8120358,0.15476786,0.43521277,0.82131563,2.8498202,0.15019583,0.42803111,0.95702588,2.1086304,0.037340385,0.078737072,0.4021199,4.0072131,0.021741253,0.087121835,0.796746,3.5909095,0.054002021,0.19391637,0.83104943,3.1045171,0.079929396,0.24814218,0.86393013,2.5970554,0.082950503,0.21542705,0.88453151,2.2561218,0.076814013,0.17330177
0b_color_jitter_best,file,15,baseline_color_jitter,11244,191.Red_headed_Woodpecker/Red_Headed_Woodpecker_0022_183010.jpg,191,190,191.Red_headed_Woodpecker,189,188,identity,identity,0,{},0.002123246,0.002123246,0,0.99787903,0.99787903,0.00026449747,0.00026449747,0.99761453,0.99761453,0,1,1,0.30966627,0.30966627,False,0.99999994,True,True,True,1,1,0.30966627,0.30966627,1,1,0.30354605,0.30354605,1,1,0.061261691,0.061261691,1,1,0.061781709,0.061781709,1,1,0.10507926,0.10507926,1,1,0.14143989,0.14143989,1,1,0.1527414,0.1527414,1,1,0.18424548,0.18424548
0b_color_jitter_best,file,15,baseline_color_jitter,11244,191.Red_headed_Woodpecker/Red_Headed_Woodpecker_0022_183010.jpg,191,190,191.Red_headed_Woodpecker,189,188,color_jitter,color_jitter,0,"{""brightness"":0.927866,""contrast"":1.353297,""hue"":0.056768,""saturation"":1.23454}",0.002123246,0.00324402,0.0011207741,0.99787903,0.99676126,0.00026449747,0.00044246684,0.99761453,0.9963188,-0.0012957353,0.82042944,1.6138792,0.30966627,0.49976396,False,0.98731017,True,True,True,0.82042944,1.6138792,0.30966627,0.49976396,0.81416742,1.6176555,0.30354605,0.49103295,0.9858283,1.5182233,0.061261691,0.093008924,0.60013982,1.7486131,0.061781709,0.1080323,0.7031621,1.7714962,0.10507926,0.18614751,0.78534815,1.601457,0.14143989,0.2265099,0.8182702,1.6626256,0.1527414,0.25395177,0.90168582,1.5254506,0.18424548,0.28105737
0b_color_jitter_best,file,15,baseline_color_jitter,617,012.Yellow_headed_Blackbird/Yellow_Headed_Blackbird_0017_8511.jpg,12,11,012.Yellow_headed_Blackbird,108,107,identity,identity,0,{},1.2015092,1.2015092,0,0.30073997,0.30073997,0.18056142,0.18056142,0.12017855,0.12017855,0,1,1,104.29175,104.29175,False,1,True,True,True,1,1,104.29175,104.29175,1,1,102.61912,102.61912,1,1,18.603347,18.603347,1,1,29.60713,29.60713,1,1,43.92293,43.92293,1,1,50.795578,50.795578,1,1,48.986364,48.986364,1,1,52.392978,52.392978
0b_color_jitter_best,file,15,baseline_color_jitter,617,012.Yellow_headed_Blackbird/Yellow_Headed_Blackbird_0017_8511.jpg,12,11,012.Yellow_headed_Blackbird,108,107,color_jitter,color_jitter,0,"{""brightness"":1.237863,""contrast"":1.326028,""hue"":-0.094601,""saturation"":0.8988}",1.2015092,1.8034155,0.6019063,0.30073997,0.16473529,0.18056142,0.17958729,0.12017855,-0.014852002,-0.13503055,0.81568469,1.0209576,104.29175,106.47745,False,0.97695816,False,True,False,0.81568469,1.0209576,104.29175,106.47745,0.81014288,1.0185254,102.61912,104.52018,0.97484204,1.0923782,18.603347,20.321891,0.58590614,0.72784266,29.60713,21.549332,0.74946029,0.92075599,43.92293,40.442301,0.81156722,0.97507848,50.795578,49.529675,0.83364763,1.0887514,48.986364,53.333974,0.88847606,1.1334913,52.392978,59.386985
0b_color_jitter_best,file,15,baseline_color_jitter,10429,178.Swainson_Warbler/Swainson_Warbler_0025_794881.jpg,178,177,178.Swainson_Warbler,153,152,identity,identity,0,{},1.1030513,1.1030513,0,0.33185694,0.33185694,0.1291976,0.1291976,0.20265934,0.20265934,0,1,1,118.96029,118.96029,False,1,True,True,True,1,1,118.96029,118.96029,1,1,117.70323,117.70323,1,1,17.248176,17.248176,1,1,21.253093,21.253093,1,1,69.270822,69.270822,1,1,60.277497,60.277497,1,1,53.600924,53.600924,1,1,45.798189,45.798189
0b_color_jitter_best,file,15,baseline_color_jitter,10429,178.Swainson_Warbler/Swainson_Warbler_0025_794881.jpg,178,177,178.Swainson_Warbler,153,152,color_jitter,color_jitter,0,"{""brightness"":1.223365,""contrast"":0.836123,""hue"":-0.045924,""saturation"":1.163952}",1.1030513,0.98081827,-0.12223303,0.33185694,0.37500411,0.1291976,0.094124764,0.20265934,0.28087935,0.07822001,0.92962034,0.91205661,118.96029,108.49852,False,0.98864269,True,True,True,0.92962034,0.91205661,118.96029,108.49852,0.92839336,0.91104792,117.70323,107.23328,0.98510798,0.9578538,17.248176,16.521231,0.89059813,1.0749165,21.253093,22.8453,0.93477503,0.82227362,69.270822,56.959569,0.92743876,0.96579734,60.277497,58.215846,0.92910014,0.92917987,53.600924,49.804899,0.94213655,0.94246577,45.798189,43.163226
0b_color_jitter_best,file,15,baseline_color_jitter,7544,129.Song_Sparrow/Song_Sparrow_0007_121133.jpg,129,128,129.Song_Sparrow,125,124,identity,identity,0,{},0.95174474,0.95174474,0,0.38606685,0.38606685,0.58305055,0.58305055,-0.1969837,-0.1969837,0,1,1,138.07714,138.07714,False,1,True,False,False,1,1,138.07714,138.07714,1,1,135.42588,135.42588,1,1,26.928179,26.928179,1,1,25.620949,25.620949,1,1,63.901294,63.901294,1,1,76.99561,76.99561,1,1,68.144448,68.144448,1,1,55.030639,55.030639
0b_color_jitter_best,file,15,baseline_color_jitter,7544,129.Song_Sparrow/Song_Sparrow_0007_121133.jpg,129,128,129.Song_Sparrow,125,124,color_jitter,color_jitter,0,"{""brightness"":0.73791,""contrast"":1.374197,""hue"":0.098769,""saturation"":0.64796}",0.95174474,0.75196481,-0.19977993,0.38606685,0.47143936,0.58305055,0.46525535,-0.1969837,0.0061840117,0.20316771,0.88191244,0.90947695,138.07714,125.57798,False,0.97808278,False,False,True,0.88191244,0.90947695,138.07714,125.57798,0.87833643,0.91085035,135.42588,123.35271,0.9768928,0.87402328,26.928179,23.535856,0.76838416,1.1504367,25.620949,29.475282,0.84057674,0.92842011,63.901294,59.327246,0.89501748,0.90242713,76.99561,69.482927,0.89824042,0.89303224,68.144448,60.855189,0.90732385,0.87075339,55.030639,47.918116
0b_color_jitter_best,file,15,baseline_color_jitter,6861,118.House_Sparrow/House_Sparrow_0006_111034.jpg,118,117,118.House_Sparrow,130,129,identity,identity,0,{},0.81428182,0.81428182,0,0.44295734,0.44295734,0.49621478,0.49621478,-0.053257436,-0.053257436,0,1,1,98.231227,98.231227,False,1,True,False,False,1,1,98.231227,98.231227,1,1,95.478687,95.478687,1,1,23.091001,23.091001,1,1,22.022118,22.022118,1,1,44.25519,44.25519,1,1,51.025089,51.025089,1,1,46.973239,46.973239,1,1,43.158304,43.158304
0b_color_jitter_best,file,15,baseline_color_jitter,6861,118.House_Sparrow/House_Sparrow_0006_111034.jpg,118,117,118.House_Sparrow,130,129,color_jitter,color_jitter,0,"{""brightness"":1.222253,""contrast"":0.849341,""hue"":0.046402,""saturation"":1.330313}",0.81428182,0.91276205,0.098480225,0.44295734,0.40141398,0.49621478,0.45305824,-0.053257436,-0.051644266,0.0016131699,0.90378772,0.90278344,98.231227,88.681525,False,0.99322736,True,False,False,0.90378772,0.90278344,98.231227,88.681525,0.89863953,0.8982664,95.478687,85.765296,0.98771746,0.97678635,23.091001,22.554975,0.79593253,0.79092826,22.022118,17.417915,0.85064845,0.82682312,44.25519,36.591214,0.90770133,0.86555151,51.025089,44.164843,0.92644689,0.94741541,46.973239,44.503171,0.92957645,0.97820177,43.158304,42.21753
0b_color_jitter_best,file,15,baseline_color_jitter,9382,160.Black_throated_Blue_Warbler/Black_Throated_Blue_Warbler_0060_161644.jpg,160,159,160.Black_throated_Blue_Warbler,79,78,identity,identity,0,{},0.18055823,0.18055823,0,0.83480406,0.83480406,0.047176372,0.047176372,0.78762769,0.78762769,0,1,1,25.09625,25.09625,False,1,True,True,True,1,1,25.09625,25.09625,1,1,24.65488,24.65488,1,1,4.6860109,4.6860109,1,1,8.0573877,8.0573877,1,1,11.707424,11.707424,1,1,12.04764,12.04764,1,1,11.224442,11.224442,1,1,11.607932,11.607932
0b_color_jitter_best,file,15,baseline_color_jitter,9382,160.Black_throated_Blue_Warbler/Black_Throated_Blue_Warbler_0060_161644.jpg,160,159,160.Black_throated_Blue_Warbler,79,78,color_jitter,color_jitter,0,"{""brightness"":0.742525,""contrast"":1.064009,""hue"":-0.001621,""saturation"":0.805106}",0.18055823,0.14532635,-0.035231888,0.83480406,0.86474007,0.047176372,0.032040644,0.78762769,0.83269943,0.045071743,0.93376215,0.80848049,25.09625,20.289829,False,0.99498332,True,True,True,0.93376215,0.80848049,25.09625,20.289829,0.93160378,0.80823007,24.65488,19.926815,0.99302134,0.81538203,4.6860109,3.8208891,0.91894652,0.74996573,8.0573877,6.0427647,0.92174815,0.78749678,11.707424,9.219559,0.92521389,0.82713522,12.04764,9.9650272,0.93808255,0.80967177,11.224442,9.0881136,0.94965484,0.83375547,11.607932,9.6781772
0b_color_jitter_best,file,15,baseline_color_jitter,1415,026.Bronzed_Cowbird/Bronzed_Cowbird_0052_796216.jpg,26,25,026.Bronzed_Cowbird,27,26,identity,identity,0,{},2.2100143,2.2100143,0,0.10969907,0.10969907,0.78575528,0.78575528,-0.67605621,-0.67605621,0,1,1,149.99874,149.99874,False,1,True,False,False,1,1,149.99874,149.99874,1,1,146.01451,146.01451,1,1,34.342177,34.342177,1,1,37.143747,37.143747,1,1,78.201884,78.201884,1,1,65.907206,65.907206,1,1,64.398788,64.398788,1,1,73.034792,73.034792
0b_color_jitter_best,file,15,baseline_color_jitter,1415,026.Bronzed_Cowbird/Bronzed_Cowbird_0052_796216.jpg,26,25,026.Bronzed_Cowbird,27,26,color_jitter,color_jitter,0,"{""brightness"":0.871978,""contrast"":1.01534,""hue"":0.053105,""saturation"":0.844938}",2.2100143,3.2775297,1.0675154,0.10969907,0.037721325,0.78575528,0.72453839,-0.67605621,-0.68681706,-0.010760855,0.92823358,1.0221624,149.99874,153.32307,False,0.9874208,True,False,False,0.92823358,1.0221624,149.99874,153.32307,0.92532052,1.023077,146.01451,149.38408,0.98194798,1.0054853,34.342177,34.530552,0.94499977,0.91708469,37.143747,34.063962,0.94797855,1.0712228,78.201884,83.771642,0.88935322,1.0393376,65.907206,68.499837,0.90565313,0.99286702,64.398788,63.939433,0.94154603,1.0021539,73.034792,73.192099
0b_color_jitter_best,file,15,baseline_color_jitter,1897,034.Gray_crowned_Rosy_Finch/Gray_Crowned_Rosy_Finch_0006_797284.jpg,34,33,034.Gray_crowned_Rosy_Finch,54,53,identity,identity,0,{},0.0048282226,0.0048282226,0,0.99518341,0.99518341,0.00072873943,0.00072873943,0.99445467,0.99445467,0,1,1,0.83196316,0.83196316,False,1.0000001,True,True,True,1,1,0.83196316,0.83196316,1,1,0.81813621,0.81813621,1,1,0.15104912,0.15104912,1,1,0.13180639,0.13180639,1,1,0.41946916,0.41946916,1,1,0.42846644,0.42846644,1,1,0.38939054,0.38939054,1,1,0.37524802,0.37524802
0b_color_jitter_best,file,15,baseline_color_jitter,1897,034.Gray_crowned_Rosy_Finch/Gray_Crowned_Rosy_Finch_0006_797284.jpg,34,33,034.Gray_crowned_Rosy_Finch,54,53,color_jitter,color_jitter,0,"{""brightness"":1.249358,""contrast"":1.123096,""hue"":-0.05926,""saturation"":1.31431}",0.0048282226,0.0078768823,0.0030486598,0.99518341,0.99215406,0.00072873943,0.00096331886,0.99445467,0.99119074,-0.0032639259,0.76224286,1.5576157,0.83196316,1.2958789,False,0.97664952,True,True,True,0.76224286,1.5576157,0.83196316,1.2958789,0.75478814,1.5531696,0.81813621,1.2707043,0.96645489,1.6828303,0.15104912,0.25419003,0.78013959,2.2601852,0.13180639,0.29790685,0.59613299,1.2873051,0.41946916,0.53998477,0.72205793,1.5476873,0.42846644,0.66313205,0.82951792,1.5801874,0.38939054,0.61531001,0.88880068,1.7188258,0.37524802,0.64498599
0b_color_jitter_best,file,15,baseline_color_jitter,8323,142.Black_Tern/Black_Tern_0069_144359.jpg,142,141,142.Black_Tern,103,102,identity,identity,0,{},0.092057876,0.092057876,0,0.91205239,0.91205239,0.025481081,0.025481081,0.88657131,0.88657131,0,1,1,15.434236,15.434236,False,1,True,True,True,1,1,15.434236,15.434236,1,1,15.107817,15.107817,1,1,3.1574524,3.1574524,1,1,2.0596442,2.0596442,1,1,7.5045179,7.5045179,1,1,8.3824721,8.3824721,1,1,6.8859703,6.8859703,1,1,7.0713351,7.0713351
0b_color_jitter_best,file,15,baseline_color_jitter,8323,142.Black_Tern/Black_Tern_0069_144359.jpg,142,141,142.Black_Tern,103,102,color_jitter,color_jitter,0,"{""brightness"":0.803408,""contrast"":1.200296,""hue"":0.078943,""saturation"":1.262644}",0.092057876,0.05585127,-0.036206607,0.91205239,0.94567978,0.025481081,0.007951526,0.88657131,0.93772826,0.051156946,0.86950482,0.55114195,15.434236,8.5064548,False,0.98934811,True,True,True,0.86950482,0.55114195,15.434236,8.5064548,0.86481333,0.54943571,15.107817,8.300774,0.97171801,0.58885459,3.1574524,1.8592803,0.65234827,0.68269937,2.0596442,1.4061178,0.82235681,0.48676156,7.5045179,3.6529108,0.88244848,0.52201342,8.3824721,4.375763,0.87360575,0.5868542,6.8859703,4.0410606,0.90876641,0.60171561,7.0713351,4.2549328
0b_color_jitter_best,file,15,baseline_color_jitter,4275,074.Florida_Jay/Florida_Jay_0029_65114.jpg,74,73,074.Florida_Jay,103,102,identity,identity,0,{},0.42537642,0.42537642,0,0.65352374,0.65352374,0.11305012,0.11305012,0.54047363,0.54047363,0,1,1,66.544139,66.544139,False,0.99999994,True,True,True,1,1,66.544139,66.544139,1,1,65.619489,65.619489,1,1,11.05464,11.05464,1,1,13.584709,13.584709,1,1,26.242011,26.242011,1,1,30.159279,30.159279,1,1,36.158082,36.158082,1,1,34.867477,34.867477
0b_color_jitter_best,file,15,baseline_color_jitter,4275,074.Florida_Jay/Florida_Jay_0029_65114.jpg,74,73,074.Florida_Jay,103,102,color_jitter,color_jitter,0,"{""brightness"":0.871275,""contrast"":0.644102,""hue"":0.031096,""saturation"":0.639211}",0.42537642,0.59832442,0.172948,0.65352374,0.54973203,0.11305012,0.085860409,0.54047363,0.46387162,-0.076602004,0.87328784,1.2995644,66.544139,86.478393,False,0.98755318,True,True,True,0.87328784,1.2995644,66.544139,86.478393,0.87045384,1.3009263,65.619489,85.36612,0.97782101,1.2506304,11.05464,13.825268,0.79160622,1.2172567,13.584709,16.536079,0.80465649,1.4543934,26.242011,38.166207,0.84297266,1.281753,30.159279,38.656745,0.89537428,1.2762529,36.158082,46.146856,0.92325531,1.2610723,34.867477,43.970411
0b_color_jitter_best,file,15,baseline_color_jitter,4612,079.Belted_Kingfisher/Belted_Kingfisher_0084_70399.jpg,79,78,079.Belted_Kingfisher,80,79,identity,identity,0,{},0.041686069,0.041686069,0,0.95917082,0.95917082,0.026311813,0.026311813,0.93285901,0.93285901,0,1,1,6.8914126,6.8914126,False,0.99999988,True,True,True,1,1,6.8914126,6.8914126,1,1,6.7021841,6.7021841,1,1,1.603838,1.603838,1,1,1.361274,1.361274,1,1,2.551544,2.551544,1,1,3.4637621,3.4637621,1,1,3.4324357,3.4324357,1,1,3.5744322,3.5744322
0b_color_jitter_best,file,15,baseline_color_jitter,4612,079.Belted_Kingfisher/Belted_Kingfisher_0084_70399.jpg,79,78,079.Belted_Kingfisher,80,79,color_jitter,color_jitter,0,"{""brightness"":1.339146,""contrast"":0.96765,""hue"":0.047005,""saturation"":0.919483}",0.041686069,0.051026478,0.0093404092,0.95917082,0.95025349,0.026311813,0.018475173,0.93285901,0.93177831,-0.0010806918,0.81724128,1.1301786,6.8914126,7.7885271,False,0.97955245,True,True,True,0.81724128,1.1301786,6.8914126,7.7885271,0.81000687,1.1311105,6.7021841,7.5809106,0.94563164,1.11378,1.603838,1.7863227,0.77409019,1.406719,1.361274,1.91493,0.66944074,1.146326,2.551544,2.9249012,0.80399969,1.1258933,3.4637621,3.8998264,0.83164269,1.0994708,3.4324357,3.7738628,0.88043117,1.1119553,3.5744322,3.9746088
0b_color_jitter_best,file,15,baseline_color_jitter,5800,099.Ovenbird/Ovenbird_0096_93131.jpg,99,98,099.Ovenbird,183,182,identity,identity,0,{},0.0067157042,0.0067157042,0,0.99330682,0.99330682,0.0035051818,0.0035051818,0.98980163,0.98980163,0,1,1,1.1476671,1.1476671,False,1,True,True,True,1,1,1.1476671,1.1476671,1,1,1.127346,1.127346,1,1,0.21501314,0.21501314,1,1,0.2202955,0.2202955,1,1,0.6858843,0.6858843,1,1,0.49839977,0.49839977,1,1,0.48520711,0.48520711,1,1,0.51779671,0.51779671
0b_color_jitter_best,file,15,baseline_color_jitter,5800,099.Ovenbird/Ovenbird_0096_93131.jpg,99,98,099.Ovenbird,183,182,color_jitter,color_jitter,0,"{""brightness"":0.971668,""contrast"":1.371322,""hue"":-0.072608,""saturation"":1.236482}",0.0067157042,0.010644327,0.0039286227,0.99330682,0.98941213,0.0035051818,0.0071980641,0.98980163,0.98221406,-0.0075875691,0.87620325,1.4555719,1.1476671,1.670512,False,0.99048996,True,True,True,0.87620325,1.4555719,1.1476671,1.670512,0.87221559,1.4426712,1.127346,1.6263897,0.98332472,1.7738503,0.21501314,0.38140113,0.82397672,1.6222121,0.2202955,0.35736603,0.88325126,1.2184907,0.6858843,0.83574363,0.85184149,1.5331495,0.49839977,0.76412136,0.86095105,1.5432369,0.48520711,0.74878951,0.9191146,1.5859846,0.51779671,0.82121761
0b_color_jitter_best,file,15,baseline_color_jitter,7074,121.Grasshopper_Sparrow/Grasshopper_Sparrow_0110_115644.jpg,121,120,121.Grasshopper_Sparrow,115,114,identity,identity,0,{},0.43893224,0.43893224,0,0.64472449,0.64472449,0.10766266,0.10766266,0.53706183,0.53706183,0,1,1,55.98021,55.98021,False,1,True,True,True,1,1,55.98021,55.98021,1,1,54.608621,54.608621,1,1,12.315942,12.315942,1,1,18.044111,18.044111,1,1,21.304681,21.304681,1,1,27.679985,27.679985,1,1,25.495919,25.495919,1,1,28.0428,28.0428
0b_color_jitter_best,file,15,baseline_color_jitter,7074,121.Grasshopper_Sparrow/Grasshopper_Sparrow_0110_115644.jpg,121,120,121.Grasshopper_Sparrow,115,114,color_jitter,color_jitter,0,"{""brightness"":1.367194,""contrast"":1.01985,""hue"":-0.094538,""saturation"":0.825622}",0.43893224,0.32808715,-0.11084509,0.64472449,0.72030026,0.10766266,0.081263453,0.53706183,0.6390368,0.10197498,0.81570243,0.83248588,55.98021,46.602734,False,0.96869153,True,True,True,0.81570243,0.83248588,55.98021,46.602734,0.80902235,0.83532227,54.608621,45.615797,0.95954449,0.7746156,12.315942,9.5401212,0.88198879,0.96144412,18.044111,17.348404,0.70491126,0.84174079,21.304681,17.933019,0.80108953,0.8766767,27.679985,24.266398,0.80867975,0.79772838,25.495919,20.338818,0.85600768,0.76124648,28.0428,21.347483
0b_color_jitter_best,file,15,baseline_color_jitter,2325,041.Scissor_tailed_Flycatcher/Scissor_Tailed_Flycatcher_0110_42136.jpg,41,40,041.Scissor_tailed_Flycatcher,32,31,identity,identity,0,{},6.816566,6.816566,0,0.0010954762,0.0010954762,0.89957261,0.89957261,-0.89847713,-0.89847713,0,1,1,206.56156,206.56156,False,1,True,False,False,1,1,206.56156,206.56156,1,1,202.82253,202.82253,1,1,39.124127,39.124127,1,1,29.124879,29.124879,1,1,79.942884,79.942884,1,1,111.96619,111.96619,1,1,106.36156,106.36156,1,1,100.24295,100.24295
0b_color_jitter_best,file,15,baseline_color_jitter,2325,041.Scissor_tailed_Flycatcher/Scissor_Tailed_Flycatcher_0110_42136.jpg,41,40,041.Scissor_tailed_Flycatcher,32,31,color_jitter,color_jitter,0,"{""brightness"":1.311285,""contrast"":1.055811,""hue"":0.0578,""saturation"":1.047535}",6.816566,5.8412962,-0.97526979,0.0010954762,0.002905074,0.89957261,0.78096688,-0.89847713,-0.7780618,0.12041533,0.84831992,0.83402762,206.56156,172.27804,False,0.98136365,True,False,False,0.84831992,0.83402762,206.56156,172.27804,0.84316663,0.83134371,202.82253,168.61524,0.97859976,0.90317438,39.124127,35.335909,0.49604691,0.94977725,29.124879,27.662147,0.80045763,0.75304005,79.942884,60.200193,0.85418591,0.8151476,111.96619,91.268969,0.84050013,0.84181471,106.36156,89.536723,0.89274214,0.87508496,100.24295,87.721095
0b_color_jitter_best,file,15,baseline_color_jitter,8526,146.Forsters_Tern/Forsters_Tern_0118_151564.jpg,146,145,146.Forsters_Tern,145,144,identity,identity,0,{},1.1899829,1.1899829,0,0.30422649,0.30422649,0.43269849,0.43269849,-0.128472,-0.128472,0,1,1,142.71777,142.71777,False,1,True,False,False,1,1,142.71777,142.71777,1,1,139.43511,139.43511,1,1,30.433709,30.433709,1,1,46.84331,46.84331,1,1,64.157163,64.157163,1,1,61.955514,61.955514,1,1,65.279096,65.279096,1,1,70.93566,70.93566
0b_color_jitter_best,file,15,baseline_color_jitter,8526,146.Forsters_Tern/Forsters_Tern_0118_151564.jpg,146,145,146.Forsters_Tern,145,144,color_jitter,color_jitter,0,"{""brightness"":0.817424,""contrast"":0.71577,""hue"":0.034309,""saturation"":1.015935}",1.1899829,1.0550363,-0.13494658,0.30422649,0.34817976,0.43269849,0.53548414,-0.128472,-0.18730438,-0.058832377,0.87821036,1.0009354,142.71777,142.85127,False,0.99415141,True,False,False,0.87821036,1.0009354,142.71777,142.85127,0.87380361,1.0011656,139.43511,139.59764,0.97119492,0.99609048,30.433709,30.314728,0.93076212,0.81605763,46.84331,38.22684,0.83582058,1.1612503,64.157163,74.502527,0.84769483,1.0478163,61.955514,64.917997,0.88101593,0.96139583,65.279096,62.759051,0.92796271,0.92684018,70.93566,65.74602
0b_color_jitter_best,file,15,baseline_color_jitter,6685,115.Brewer_Sparrow/Brewer_Sparrow_0069_796709.jpg,115,114,115.Brewer_Sparrow,131,130,identity,identity,0,{},6.1814532,6.1814532,0,0.0020674211,0.0020674211,0.77918786,0.77918786,-0.77712044,-0.77712044,0,1,1,167.97875,167.97875,False,1,True,False,False,1,1,167.97875,167.97875,1,1,164.3375,164.3375,1,1,34.785726,34.785726,1,1,30.732876,30.732876,1,1,79.763771,79.763771,1,1,85.789212,85.789212,1,1,76.337609,76.337609,1,1,80.702075,80.702075
0b_color_jitter_best,file,15,baseline_color_jitter,6685,115.Brewer_Sparrow/Brewer_Sparrow_0069_796709.jpg,115,114,115.Brewer_Sparrow,131,130,color_jitter,color_jitter,0,"{""brightness"":0.742607,""contrast"":1.152806,""hue"":0.002673,""saturation"":1.27489}",6.1814532,6.1213102,-0.060142994,0.0020674211,0.0021955778,0.77918786,0.80590796,-0.77712044,-0.80371239,-0.02659195,0.92475406,1.0207362,167.97875,171.46199,False,0.99460351,True,False,False,0.92475406,1.0207362,167.97875,171.46199,0.92172183,1.0215825,164.3375,167.88432,0.99394757,1.0016608,34.785726,34.843498,0.52716849,0.84399769,30.732876,25.938476,0.90609945,1.0975088,79.763771,87.541438,0.93418012,1.0124843,85.789212,86.86023,0.94135316,1.0135858,76.337609,77.374716,0.96057323,0.98487412,80.702075,79.481385
0b_color_jitter_best,file,15,baseline_color_jitter,15,001.Black_footed_Albatross/Black_Footed_Albatross_0040_796066.jpg,1,0,001.Black_footed_Albatross,2,1,identity,identity,0,{},0.010504314,0.010504314,0,0.98955065,0.98955065,0.0044473847,0.0044473847,0.98510327,0.98510327,0,1,1,1.830423,1.830423,False,1.0000001,True,True,True,1,1,1.830423,1.830423,1,1,1.7953372,1.7953372,1,1,0.35666872,0.35666872,1,1,0.47784165,0.47784165,1,1,0.84670327,0.84670327,1,1,0.91114446,0.91114446,1,1,0.8697746,0.8697746,1,1,0.83144726,0.83144726
0b_color_jitter_best,file,15,baseline_color_jitter,15,001.Black_footed_Albatross/Black_Footed_Albatross_0040_796066.jpg,1,0,001.Black_footed_Albatross,2,1,color_jitter,color_jitter,0,"{""brightness"":1.122856,""contrast"":1.118432,""hue"":0.083745,""saturation"":0.771533}",0.010504314,0.08260788,0.072103566,0.98955065,0.92071211,0.0044473847,0.014201334,0.98510327,0.90651078,-0.078592486,0.83922246,7.4915365,1.830423,13.712681,False,0.97868782,True,True,True,0.83922246,7.4915365,1.830423,13.712681,0.83557018,7.5150939,1.7953372,13.492128,0.94377289,6.8677445,0.35666872,2.4495096,0.62335042,6.1441302,0.47784165,2.9359213,0.80722147,7.3271276,0.84670327,6.2039029,0.85361864,7.8774141,0.91114446,7.1774622,0.85427881,7.6685187,0.8697746,6.6698828,0.88422398,7.503884,0.83144726,6.2390838
0b_color_jitter_best,file,15,baseline_color_jitter,2402,042.Vermilion_Flycatcher/Vermilion_Flycatcher_0065_42467.jpg,42,41,042.Vermilion_Flycatcher,17,16,identity,identity,0,{},0.0003566106,0.0003566106,0,0.99964345,0.99964345,0.00014006413,0.00014006413,0.99950338,0.99950338,0,1,1,0.045125099,0.045125099,False,0.99999988,True,True,True,1,1,0.045125099,0.045125099,1,1,0.043548451,0.043548451,1,1,0.011823999,0.011823999,1,1,0.0084577288,0.0084577288,1,1,0.01577881,0.01577881,1,1,0.018514185,0.018514185,1,1,0.020899859,0.020899859,1,1,0.028220284,0.028220284
0b_color_jitter_best,file,15,baseline_color_jitter,2402,042.Vermilion_Flycatcher/Vermilion_Flycatcher_0065_42467.jpg,42,41,042.Vermilion_Flycatcher,17,16,color_jitter,color_jitter,0,"{""brightness"":1.386032,""contrast"":1.144564,""hue"":-0.032338,""saturation"":1.340892}",0.0003566106,0.0070950221,0.0067384115,0.99964345,0.99293011,0.00014006413,0.0024546902,0.99950338,0.99047542,-0.0090279568,0.7179273,20.976219,0.045125099,0.94655395,False,0.96066117,True,True,True,0.7179273,20.976219,0.045125099,0.94655395,0.70498454,21.192084,0.043548451,0.92288243,0.93742174,17.79115,0.011823999,0.21036254,0.60171237,21.88218,0.0084577288,0.18507354,0.54734826,23.7805,0.01577881,0.375228,0.63058622,22.411724,0.018514185,0.4149348,0.71265991,22.38581,0.020899859,0.46786028,0.81810074,18.937272,0.028220284,0.53441517
0b_color_jitter_best,file,15,baseline_color_jitter,8836,151.Black_capped_Vireo/Black_Capped_Vireo_0022_797459.jpg,151,150,151.Black_capped_Vireo,152,151,identity,identity,0,{},0.00076872361,0.00076872361,0,0.99923158,0.99923158,0.00019768167,0.00019768167,0.9990339,0.9990339,0,1,1,0.10535946,0.10535946,False,1.0000001,True,True,True,1,1,0.10535946,0.10535946,1,1,0.10234634,0.10234634,1,1,0.025016852,0.025016852,1,1,0.024671348,0.024671348,1,1,0.034008127,0.034008127,1,1,0.048616126,0.048616126,1,1,0.052590196,0.052590196,1,1,0.059835508,0.059835508
0b_color_jitter_best,file,15,baseline_color_jitter,8836,151.Black_capped_Vireo/Black_Capped_Vireo_0022_797459.jpg,151,150,151.Black_capped_Vireo,152,151,color_jitter,color_jitter,0,"{""brightness"":0.967618,""contrast"":1.177042,""hue"":-0.015572,""saturation"":0.952661}",0.00076872361,0.00080695964,3.823603e-05,0.99923158,0.99919337,0.00019768167,0.00018157094,0.9990339,0.9990118,-2.2095846e-05,0.97084232,1.082969,0.10535946,0.11410102,False,0.99899191,True,True,True,0.97084232,1.082969,0.10535946,0.11410102,0.96930391,1.0854159,0.10234634,0.11108834,0.99848093,1.0411606,0.025016852,0.026046561,0.96006697,1.1094481,0.024671348,0.02737158,0.93730598,1.098669,0.034008127,0.037363675,0.96719582,1.0898978,0.048616126,0.052986609,0.96968974,1.0784469,0.052590196,0.056715732,0.98264702,1.0793622,0.059835508,0.064584188
0b_color_jitter_best,file,15,baseline_color_jitter,11647,198.Rock_Wren/Rock_Wren_0080_189340.jpg,198,197,198.Rock_Wren,150,149,identity,identity,0,{},0.99873298,0.99873298,0,0.36834583,0.36834583,0.15779479,0.15779479,0.21055104,0.21055104,0,1,1,99.410188,99.410188,False,0.99999988,True,True,True,1,1,99.410188,99.410188,1,1,98.255779,98.255779,1,1,15.105878,15.105878,1,1,35.352083,35.352083,1,1,46.627348,46.627348,1,1,51.176582,51.176582,1,1,44.563706,44.563706,1,1,40.315658,40.315658
0b_color_jitter_best,file,15,baseline_color_jitter,11647,198.Rock_Wren/Rock_Wren_0080_189340.jpg,198,197,198.Rock_Wren,150,149,color_jitter,color_jitter,0,"{""brightness"":0.851351,""contrast"":1.177205,""hue"":-0.024933,""saturation"":1.345069}",0.99873298,1.3100277,0.31129473,0.36834583,0.26981258,0.15779479,0.11900537,0.21055104,0.15080721,-0.059743829,0.86905396,1.0423171,99.410188,103.61694,False,0.97485507,True,True,True,0.86905396,1.0423171,99.410188,103.61694,0.8666455,1.0412342,98.255779,102.30727,0.96743805,1.0871449,15.105878,16.422278,0.86485721,1.1581582,35.352083,40.943304,0.85418486,1.0329584,46.627348,48.164111,0.88308136,1.0170452,51.176582,52.048895,0.84740788,0.98363981,44.563706,43.834635,0.88704235,1.0640072,40.315658,42.896152
0b_color_jitter_best,file,15,baseline_color_jitter,9326,159.Black_and_white_Warbler/Black_And_White_Warbler_0081_110906.jpg,159,158,159.Black_and_white_Warbler,99,98,identity,identity,0,{},0.088801481,0.088801481,0,0.9150272,0.9150272,0.040020667,0.040020667,0.87500653,0.87500653,0,1,1,12.773805,12.773805,False,1,True,True,True,1,1,12.773805,12.773805,1,1,12.516296,12.516296,1,1,2.5519434,2.5519434,1,1,1.8597444,1.8597444,1,1,5.1154932,5.1154932,1,1,6.2828033,6.2828033,1,1,6.3558344,6.3558344,1,1,6.8673505,6.8673505
0b_color_jitter_best,file,15,baseline_color_jitter,9326,159.Black_and_white_Warbler/Black_And_White_Warbler_0081_110906.jpg,159,158,159.Black_and_white_Warbler,99,98,color_jitter,color_jitter,0,"{""brightness"":1.303172,""contrast"":1.065247,""hue"":0.01558,""saturation"":0.870441}",0.088801481,0.30500197,0.21620049,0.9150272,0.73712188,0.040020667,0.035094846,0.87500653,0.70202703,-0.1729795,0.76128531,4.4452886,12.773805,56.783248,False,0.98537797,True,True,True,0.76128531,4.4452886,12.773805,56.783248,0.75873455,4.4801057,12.516296,56.07433,0.8620246,3.5050348,2.5519434,8.9446504,0.68347285,6.8278516,1.8597444,12.698059,0.74500303,4.8037406,5.1154932,24.573503,0.76048757,4.7702178,6.2828033,29.97034,0.76339337,4.3917602,6.3558344,27.913301,0.79197692,3.857765,6.8673505,26.492624
0b_color_jitter_best,file,15,baseline_color_jitter,533,010.Red_winged_Blackbird/Red_Winged_Blackbird_0020_4050.jpg,10,9,010.Red_winged_Blackbird,27,26,identity,identity,0,{},0.11986201,0.11986201,0,0.88704282,0.88704282,0.038480327,0.038480327,0.84856249,0.84856249,0,1,1,11.735929,11.735929,False,0.99999994,True,True,True,1,1,11.735929,11.735929,1,1,11.35421,11.35421,1,1,2.9688284,2.9688284,1,1,2.4599315,2.4599315,1,1,3.9556091,3.9556091,1,1,4.8902735,4.8902735,1,1,5.4106218,5.4106218,1,1,7.3505358,7.3505358
0b_color_jitter_best,file,15,baseline_color_jitter,533,010.Red_winged_Blackbird/Red_Winged_Blackbird_0020_4050.jpg,10,9,010.Red_winged_Blackbird,27,26,color_jitter,color_jitter,0,"{""brightness"":1.391096,""contrast"":1.026073,""hue"":-0.053413,""saturation"":1.28437}",0.11986201,0.13947245,0.01961045,0.88704282,0.86981696,0.038480327,0.058003601,0.84856249,0.81181336,-0.036749136,0.83573805,1.2134273,11.735929,14.240696,False,0.98018456,True,True,True,0.83573805,1.2134273,11.735929,14.240696,0.82676205,1.2163885,11.35421,13.811131,0.97293089,1.1692575,2.9688284,3.4713247,0.82062387,1.2510096,2.4599315,3.077398,0.71466076,1.2782512,3.9556091,5.0562621,0.78627566,1.233751,4.8902735,6.0333796,0.81374678,1.2469677,5.4106218,6.7468706,0.89066084,1.1686313,7.3505358,8.5900664
0b_color_jitter_best,file,15,baseline_color_jitter,11755,200.Common_Yellowthroat/Common_Yellowthroat_0009_190578.jpg,200,199,200.Common_Yellowthroat,197,196,identity,identity,0,{},0.2719706,0.2719706,0,0.76187664,0.76187664,0.094592616,0.094592616,0.66728403,0.66728403,0,1,1,46.368099,46.368099,False,1,True,True,True,1,1,46.368099,46.368099,1,1,45.822573,45.822573,1,1,7.0917132,7.0917132,1,1,7.8610492,7.8610492,1,1,21.286277,21.286277,1,1,25.08501,25.08501,1,1,24.063231,24.063231,1,1,19.403857,19.403857
0b_color_jitter_best,file,15,baseline_color_jitter,11755,200.Common_Yellowthroat/Common_Yellowthroat_0009_190578.jpg,200,199,200.Common_Yellowthroat,197,196,color_jitter,color_jitter,0,"{""brightness"":1.324882,""contrast"":1.116773,""hue"":-0.053219,""saturation"":1.387447}",0.2719706,0.55538654,0.28341594,0.76187664,0.57385039,0.094592616,0.04399021,0.66728403,0.52986018,-0.13742384,0.82482248,1.5320006,46.368099,71.035955,False,0.97244918,True,True,True,0.82482248,1.5320006,46.368099,71.035955,0.82211537,1.5294835,45.822573,70.084868,0.93238473,1.6336332,7.0917132,11.585258,0.64555349,1.4209464,7.8610492,11.17013,0.75577587,1.3156683,21.286277,28.005681,0.8509139,1.4761011,25.08501,37.028011,0.84686641,1.6247675,24.063231,39.097155,0.84699325,1.7116965,19.403857,33.213516
0b_color_jitter_best,file,15,baseline_color_jitter,5637,097.Orchard_Oriole/Orchard_Oriole_0005_91682.jpg,97,96,097.Orchard_Oriole,95,94,identity,identity,0,{},0.41629812,0.41629812,0,0.65948361,0.65948361,0.15587001,0.15587001,0.50361361,0.50361361,0,1,1,46.65883,46.65883,False,1.0000001,True,True,True,1,1,46.65883,46.65883,1,1,45.507052,45.507052,1,1,10.303141,10.303141,1,1,11.609402,11.609402,1,1,17.082874,17.082874,1,1,20.376768,20.376768,1,1,23.615083,23.615083,1,1,25.911468,25.911468
0b_color_jitter_best,file,15,baseline_color_jitter,5637,097.Orchard_Oriole/Orchard_Oriole_0005_91682.jpg,97,96,097.Orchard_Oriole,95,94,color_jitter,color_jitter,0,"{""brightness"":1.058519,""contrast"":0.827197,""hue"":-0.094598,""saturation"":0.762045}",0.41629812,0.5302372,0.11393908,0.65948361,0.58846539,0.15587001,0.17488217,0.50361361,0.41358322,-0.090030387,0.83187735,1.2614869,46.65883,58.859503,False,0.97847241,True,True,True,0.83187735,1.2614869,46.65883,58.859503,0.82439429,1.2605356,45.507052,57.36326,0.97574166,1.2799028,10.303141,13.187019,0.79391962,1.0388361,11.609402,12.060266,0.67386818,1.1952509,17.082874,20.418321,0.78698625,1.3654653,20.376768,27.823769,0.8549654,1.2870365,23.615083,30.393473,0.89694183,1.2387438,25.911468,32.097669
0b_color_jitter_best,file,15,baseline_color_jitter,2487,044.Frigatebird/Frigatebird_0080_43064.jpg,44,43,044.Frigatebird,23,22,identity,identity,0,{},0.00094464491,0.00094464491,0,0.9990558,0.9990558,0.00050197676,0.00050197676,0.99855383,0.99855383,0,1,1,0.20567041,0.20567041,False,1,True,True,True,1,1,0.20567041,0.20567041,1,1,0.2015725,0.2015725,1,1,0.040851512,0.040851512,1,1,0.062420945,0.062420945,1,1,0.079878406,0.079878406,1,1,0.1045557,0.1045557,1,1,0.094395154,0.094395154,1,1,0.102529,0.102529
0b_color_jitter_best,file,15,baseline_color_jitter,2487,044.Frigatebird/Frigatebird_0080_43064.jpg,44,43,044.Frigatebird,23,22,color_jitter,color_jitter,0,"{""brightness"":1.076325,""contrast"":0.91505,""hue"":-0.01049,""saturation"":1.158916}",0.00094464491,0.00089343201,-5.1212905e-05,0.9990558,0.99910694,0.00050197676,0.00048876472,0.99855383,0.99861818,6.4352818e-05,0.96755987,0.93226227,0.20567041,0.19173876,False,0.99842262,True,True,True,0.96755987,0.93226227,0.20567041,0.19173876,0.96627692,0.93113008,0.2015725,0.18769021,0.99829061,0.95941568,0.040851512,0.039193581,0.96535669,0.8775019,0.062420945,0.054774498,0.93598679,0.91705574,0.079878406,0.07325295,0.97026485,0.94166356,0.1045557,0.098456297,0.96861545,0.93750385,0.094395154,0.08849582,0.97917493,0.94240782,0.102529,0.096624134
0b_color_jitter_best,file,15,baseline_color_jitter,7243,124.Le_Conte_Sparrow/Le_Conte_Sparrow_0078_117052.jpg,124,123,124.Le_Conte_Sparrow,126,125,identity,identity,0,{},0.15798961,0.15798961,0,0.85385865,0.85385865,0.14344425,0.14344425,0.71041439,0.71041439,0,1,1,31.393261,31.393261,False,0.99999988,True,True,True,1,1,31.393261,31.393261,1,1,30.684898,30.684898,1,1,6.6312834,6.6312834,1,1,5.4565942,5.4565942,1,1,12.435247,12.435247,1,1,20.86619,20.86619,1,1,12.867097,12.867097,1,1,12.497724,12.497724
0b_color_jitter_best,file,15,baseline_color_jitter,7243,124.Le_Conte_Sparrow/Le_Conte_Sparrow_0078_117052.jpg,124,123,124.Le_Conte_Sparrow,126,125,color_jitter,color_jitter,0,"{""brightness"":1.139963,""contrast"":0.882691,""hue"":0.024947,""saturation"":0.977952}",0.15798961,0.18540773,0.027418122,0.85385865,0.83076549,0.14344425,0.16649619,0.71041439,0.6642693,-0.046145096,0.98031622,1.1599341,31.393261,36.414114,False,0.99912345,True,True,True,0.98031622,1.1599341,31.393261,36.414114,0.97945403,1.1606386,30.684898,35.614078,0.99912264,1.144744,6.6312834,7.5911216,0.96194615,1.2307154,5.4565942,6.7155146,0.97031757,1.1647861,12.435247,14.484403,0.98713065,1.1622815,20.86619,24.252386,0.97113975,1.1449393,12.867097,14.732046,0.97979391,1.154694,12.497724,14.431046
0b_color_jitter_best,file,15,baseline_color_jitter,3438,060.Glaucous_winged_Gull/Glaucous_Winged_Gull_0093_44724.jpg,60,59,060.Glaucous_winged_Gull,64,63,identity,identity,0,{},2.2232006,2.2232006,0,0.10826206,0.10826206,0.62306041,0.62306041,-0.51479834,-0.51479834,0,1,1,153.21779,153.21779,False,1,True,False,False,1,1,153.21779,153.21779,1,1,149.19521,149.19521,1,1,34.878075,34.878075,1,1,27.256851,27.256851,1,1,51.92581,51.92581,1,1,75.1227,75.1227,1,1,78.678169,78.678169,1,1,83.584146,83.584146
0b_color_jitter_best,file,15,baseline_color_jitter,3438,060.Glaucous_winged_Gull/Glaucous_Winged_Gull_0093_44724.jpg,60,59,060.Glaucous_winged_Gull,64,63,color_jitter,color_jitter,0,"{""brightness"":0.804989,""contrast"":0.934494,""hue"":-0.017592,""saturation"":1.345848}",2.2232006,1.9627218,-0.26047873,0.10826206,0.14047554,0.62306041,0.52119207,-0.51479834,-0.38071653,0.13408181,0.91969037,0.91704805,153.21779,140.50807,False,0.99325705,True,False,False,0.91969037,0.91704805,153.21779,140.50807,0.91579578,0.91542662,149.19521,136.57726,0.98911085,0.94622652,34.878075,33.002559,0.82099795,0.76591752,27.256851,20.8765,0.88212744,0.99649294,51.92581,51.743704,0.89207618,0.88978489,75.1227,66.843043,0.92540295,0.8973875,78.678169,70.604806,0.95126583,0.93342742,83.584146,78.019734
0b_color_jitter_best,file,15,baseline_color_jitter,2254,040.Olive_sided_Flycatcher/Olive_Sided_Flycatcher_0086_30553.jpg,40,39,040.Olive_sided_Flycatcher,83,82,identity,identity,0,{},1.5453483,1.5453483,0,0.21323758,0.21323758,0.092124373,0.092124373,0.12111321,0.12111321,0,1,1,151.77015,151.77015,False,1,True,True,True,1,1,151.77015,151.77015,1,1,150.50074,150.50074,1,1,19.588383,19.588383,1,1,34.60331,34.60331,1,1,88.754754,88.754754,1,1,78.892558,78.892558,1,1,62.321537,62.321537,1,1,58.88691,58.88691
0b_color_jitter_best,file,15,baseline_color_jitter,2254,040.Olive_sided_Flycatcher/Olive_Sided_Flycatcher_0086_30553.jpg,40,39,040.Olive_sided_Flycatcher,83,82,color_jitter,color_jitter,0,"{""brightness"":0.643702,""contrast"":0.993171,""hue"":0.020503,""saturation"":0.960713}",1.5453483,1.1927735,-0.35257483,0.21323758,0.3033787,0.092124373,0.04038335,0.12111321,0.26299535,0.14188214,0.88937541,0.79518849,151.77015,120.68588,False,0.98509371,True,True,True,0.88937541,0.79518849,151.77015,120.68588,0.8877256,0.7937064,150.50074,119.4534,0.98186542,0.87825747,19.588383,17.203644,0.59903203,0.78070682,34.60331,27.01504,0.89662896,0.81661469,88.754754,72.478436,0.90247301,0.75891367,78.892558,59.872641,0.9007936,0.77148329,62.321537,48.080024,0.92735136,0.83015298,58.88691,48.885144
0b_color_jitter_best,file,15,baseline_color_jitter,368,007.Parakeet_Auklet/Parakeet_Auklet_0019_795987.jpg,7,6,007.Parakeet_Auklet,6,5,identity,identity,0,{},0.80477327,0.80477327,0,0.44718927,0.44718927,0.53525352,0.53525352,-0.088064253,-0.088064253,0,1,1,122.31504,122.31504,False,1.0000001,True,False,False,1,1,122.31504,122.31504,1,1,119.2351,119.2351,1,1,27.27564,27.27564,1,1,28.982629,28.982629,1,1,50.332312,50.332312,1,1,64.302689,64.302689,1,1,58.194967,58.194967,1,1,57.638394,57.638394
0b_color_jitter_best,file,15,baseline_color_jitter,368,007.Parakeet_Auklet/Parakeet_Auklet_0019_795987.jpg,7,6,007.Parakeet_Auklet,6,5,color_jitter,color_jitter,0,"{""brightness"":1.013106,""contrast"":1.094264,""hue"":-0.068649,""saturation"":0.866313}",0.80477327,1.344126,0.53935272,0.44718927,0.26076752,0.53525352,0.72298771,-0.088064253,-0.46222019,-0.37415594,0.9082018,1.4307688,122.31504,175.00454,False,0.99209404,True,False,False,0.9082018,1.4307688,122.31504,175.00454,0.90422968,1.4355888,119.2351,171.17258,0.9920795,1.3353184,27.27564,36.421663,0.75724785,1.6748257,28.982629,48.540852,0.91190805,1.4364922,50.332312,72.301976,0.91421092,1.4494643,64.302689,93.204452,0.90878058,1.4363125,58.194967,83.586158,0.93105324,1.3486464,57.638394,77.733814
0b_color_jitter_best,file,15,baseline_color_jitter,11657,198.Rock_Wren/Rock_Wren_0123_189405.jpg,198,197,198.Rock_Wren,194,193,identity,identity,0,{},0.0038803534,0.0038803534,0,0.99612719,0.99612719,0.0015231816,0.0015231816,0.99460401,0.99460401,0,1,1,0.54808677,0.54808677,False,1,True,True,True,1,1,0.54808677,0.54808677,1,1,0.53260241,0.53260241,1,1,0.1293591,0.1293591,1,1,0.15502027,0.15502027,1,1,0.21637035,0.21637035,1,1,0.25681559,0.25681559,1,1,0.24917709,0.24917709,1,1,0.29116053,0.29116053
0b_color_jitter_best,file,15,baseline_color_jitter,11657,198.Rock_Wren/Rock_Wren_0123_189405.jpg,198,197,198.Rock_Wren,194,193,color_jitter,color_jitter,0,"{""brightness"":0.691464,""contrast"":1.347342,""hue"":-0.005414,""saturation"":1.328342}",0.0038803534,0.014271809,0.010391455,0.99612719,0.98582953,0.0015231816,0.004540049,0.99460401,0.98128948,-0.013314524,0.86716457,3.9725283,0.54808677,2.1772902,False,0.98845142,True,True,True,0.86716457,3.9725283,0.54808677,2.1772902,0.8613645,3.9970316,0.53260241,2.1288287,0.98477941,3.531382,0.1293591,0.4568164,0.72543208,4.4557048,0.15502027,0.69072455,0.7589714,4.2406391,0.21637035,0.91754855,0.89237885,4.2468672,0.25681559,1.0906617,0.89463927,3.7471332,0.24917709,0.93369974,0.92872192,3.6856501,0.29116053,1.0731158
0b_color_jitter_best,file,15,baseline_color_jitter,8625,147.Least_Tern/Least_Tern_0056_153965.jpg,147,146,147.Least_Tern,71,70,identity,identity,0,{},3.9397686,3.9397686,0,0.019452715,0.019452715,0.29671499,0.29671499,-0.27726228,-0.27726228,0,1,1,129.63154,129.63154,False,0.99999994,True,False,False,1,1,129.63154,129.63154,1,1,127.06232,127.06232,1,1,25.680805,25.680805,1,1,22.736759,22.736759,1,1,61.826051,61.826051,1,1,65.276599,65.276599,1,1,61.12359,61.12359,1,1,61.711301,61.711301
0b_color_jitter_best,file,15,baseline_color_jitter,8625,147.Least_Tern/Least_Tern_0056_153965.jpg,147,146,147.Least_Tern,71,70,color_jitter,color_jitter,0,"{""brightness"":0.75817,""contrast"":1.336678,""hue"":-0.034907,""saturation"":0.777869}",3.9397686,3.8422828,-0.097485781,0.019452715,0.021444591,0.29671499,0.29405263,-0.27726228,-0.27260804,0.0046542361,0.88864795,0.971666,129.63154,125.95856,False,0.98523444,True,False,False,0.88864795,0.971666,129.63154,125.95856,0.88473013,0.97152739,127.06232,123.44452,0.98421608,0.97505297,25.680805,25.040145,0.71495564,0.96284288,22.736759,21.891927,0.86360935,0.92724301,61.826051,57.327774,0.8934859,0.99450132,65.276599,64.917663,0.88970774,0.97468574,61.12359,59.576291,0.91373637,0.9869029,61.711301,60.903061
0b_color_jitter_best,file,15,baseline_color_jitter,6663,114.Black_throated_Sparrow/Black_Throated_Sparrow_0066_106974.jpg,114,113,114.Black_throated_Sparrow,151,150,identity,identity,0,{},0.0015512587,0.0015512587,0,0.99844992,0.99844992,0.0003696155,0.0003696155,0.99808031,0.99808031,0,1,1,0.23021114,0.23021114,False,1,True,True,True,1,1,0.23021114,0.23021114,1,1,0.22470084,0.22470084,1,1,0.05006698,0.05006698,1,1,0.037518036,0.037518036,1,1,0.10150767,0.10150767,1,1,0.11454546,0.11454546,1,1,0.10967237,0.10967237,1,1,0.11674915,0.11674915
0b_color_jitter_best,file,15,baseline_color_jitter,6663,114.Black_throated_Sparrow/Black_Throated_Sparrow_0066_106974.jpg,114,113,114.Black_throated_Sparrow,151,150,color_jitter,color_jitter,0,"{""brightness"":1.15368,""contrast"":1.293051,""hue"":-0.093387,""saturation"":0.679787}",0.0015512587,0.0014936492,-5.7609519e-05,0.99844992,0.99850744,0.0003696155,0.00021593114,0.99808031,0.99829151,0.00021120285,0.80988073,0.95712906,0.23021114,0.22034177,False,0.98871267,True,True,True,0.80988073,0.95712906,0.23021114,0.22034177,0.8012836,0.95668893,0.22470084,0.2149688,0.98142104,0.96595155,0.05006698,0.048362277,0.5298332,0.8172408,0.037518036,0.03066127,0.64861671,0.84280029,0.10150767,0.085550695,0.79208129,0.94351434,0.11454546,0.10807528,0.83811466,1.0118982,0.10967237,0.11097728,0.90313723,1.0118866,0.11674915,0.1181369
0b_color_jitter_best,file,15,baseline_color_jitter,7200,123.Henslow_Sparrow/Henslow_Sparrow_0006_796607.jpg,123,122,123.Henslow_Sparrow,124,123,identity,identity,0,{},0.010317914,0.010317914,0,0.98973513,0.98973513,0.0031410144,0.0031410144,0.98659411,0.98659411,0,1,1,1.3823837,1.3823837,False,1,True,True,True,1,1,1.3823837,1.3823837,1,1,1.3445289,1.3445289,1,1,0.32128918,0.32128918,1,1,0.18846722,0.18846722,1,1,0.54199603,0.54199603,1,1,0.70071525,0.70071525,1,1,0.69394764,0.69394764,1,1,0.71127566,0.71127566
0b_color_jitter_best,file,15,baseline_color_jitter,7200,123.Henslow_Sparrow/Henslow_Sparrow_0006_796607.jpg,123,122,123.Henslow_Sparrow,124,123,color_jitter,color_jitter,0,"{""brightness"":1.115831,""contrast"":0.990554,""hue"":-0.071082,""saturation"":0.819826}",0.010317914,0.01510597,0.004788056,0.98973513,0.98500752,0.0031410144,0.0073794974,0.98659411,0.97762803,-0.008966085,0.83491695,1.4069881,1.3823837,1.9449974,False,0.99343503,True,True,True,0.83491695,1.4069881,1.3823837,1.9449974,0.82654528,1.4025395,1.3445289,1.8857549,0.97481391,1.4827322,0.32128918,0.4763858,0.81767556,1.4831804,0.18846722,0.27953089,0.63760438,1.4117827,0.54199603,0.7651806,0.80083176,1.3701376,0.70071525,0.9600763,0.8700003,1.4001105,0.69394764,0.97160338,0.9196847,1.4245514,0.71127566,1.0132487
0b_color_jitter_best,file,15,baseline_color_jitter,9896,169.Magnolia_Warbler/Magnolia_Warbler_0018_165958.jpg,169,168,169.Magnolia_Warbler,20,19,identity,identity,0,{},0.0085315509,0.0085315509,0,0.99150473,0.99150473,0.0016552041,0.0016552041,0.98984952,0.98984952,0,1,1,1.1820601,1.1820601,False,0.99999988,True,True,True,1,1,1.1820601,1.1820601,1,1,1.1606365,1.1606365,1,1,0.22402899,0.22402899,1,1,0.22528606,0.22528606,1,1,0.40531043,0.40531043,1,1,0.49117383,0.49117383,1,1,0.59282721,0.59282721,1,1,0.73440508,0.73440508
0b_color_jitter_best,file,15,baseline_color_jitter,9896,169.Magnolia_Warbler/Magnolia_Warbler_0018_165958.jpg,169,168,169.Magnolia_Warbler,20,19,color_jitter,color_jitter,0,"{""brightness"":1.206629,""contrast"":0.83245,""hue"":-0.085639,""saturation"":0.94517}",0.0085315509,0.030318301,0.02178675,0.99150473,0.9701367,0.0016552041,0.0049233595,0.98984952,0.96521334,-0.024636182,0.81737185,3.6471037,1.1820601,4.3110957,False,0.98049361,True,True,True,0.81737185,3.6471037,1.1820601,4.3110957,0.81206645,3.6575013,1.1606365,4.2450294,0.9754875,3.3560163,0.22402899,0.75184494,0.63398518,3.4064762,0.22528606,0.76743161,0.7251657,4.1715136,0.40531043,1.690758,0.76677505,4.0725017,0.49117383,2.0003062,0.80636541,3.5955927,0.59282721,2.1315652,0.8996373,3.343075,0.73440508,2.4551713
0b_color_jitter_best,file,15,baseline_color_jitter,3746,065.Slaty_backed_Gull/Slaty_Backed_Gull_0033_796023.jpg,65,64,065.Slaty_backed_Gull,66,65,identity,identity,0,{},0.44076544,0.44076544,0,0.64354366,0.64354366,0.1335202,0.1335202,0.51002346,0.51002346,0,1,1,78.64529,78.64529,False,0.99999994,True,True,True,1,1,78.64529,78.64529,1,1,77.283286,77.283286,1,1,14.573105,14.573105,1,1,14.718359,14.718359,1,1,40.993478,40.993478,1,1,37.682195,37.682195,1,1,36.533367,36.533367,1,1,36.345236,36.345236
0b_color_jitter_best,file,15,baseline_color_jitter,3746,065.Slaty_backed_Gull/Slaty_Backed_Gull_0033_796023.jpg,65,64,065.Slaty_backed_Gull,66,65,color_jitter,color_jitter,0,"{""brightness"":0.953877,""contrast"":1.020955,""hue"":0.039549,""saturation"":1.391941}",0.44076544,0.36449951,-0.076265931,0.64354366,0.6945442,0.1335202,0.096857086,0.51002346,0.59768711,0.087663651,0.94667212,0.83664183,78.64529,65.79794,False,0.99361879,True,True,True,0.94667212,0.83664183,78.64529,65.79794,0.94510752,0.83661795,77.283286,64.656584,0.99063756,0.83731316,14.573105,12.202253,0.95312084,0.98551955,14.718359,14.505231,0.9304043,0.76761538,40.993478,31.467224,0.94308424,0.85348755,37.682195,32.161284,0.9517711,0.85588951,36.533367,31.268526,0.96289759,0.85595146,36.345236,31.109758
0b_color_jitter_best,file,15,baseline_color_jitter,5003,086.Pacific_Loon/Pacific_Loon_0019_75422.jpg,86,85,086.Pacific_Loon,25,24,identity,identity,0,{},0.079408385,0.079408385,0,0.92366266,0.92366266,0.027081652,0.027081652,0.89658101,0.89658101,0,1,1,18.353722,18.353722,False,1,True,True,True,1,1,18.353722,18.353722,1,1,18.167082,18.167082,1,1,2.6107911,2.6107911,1,1,6.8099043,6.8099043,1,1,7.9011941,7.9011941,1,1,9.319196,9.319196,1,1,8.3596028,8.3596028,1,1,8.0317394,8.0317394
0b_color_jitter_best,file,15,baseline_color_jitter,5003,086.Pacific_Loon/Pacific_Loon_0019_75422.jpg,86,85,086.Pacific_Loon,25,24,color_jitter,color_jitter,0,"{""brightness"":1.125449,""contrast"":1.061656,""hue"":0.053947,""saturation"":1.147959}",0.079408385,0.16960511,0.090196721,0.92366266,0.84399807,0.027081652,0.058642477,0.89658101,0.7853556,-0.11122541,0.92344864,2.0687411,18.353722,37.9691,False,0.99242365,True,True,True,0.92344864,2.0687411,18.353722,37.9691,0.92218128,2.0710903,18.167082,37.625667,0.9901705,1.9516163,2.6107911,5.0952625,0.94077017,2.3823186,6.8099043,16.223362,0.91794134,2.0556161,7.9011941,16.241822,0.91627785,1.9509889,9.319196,18.181648,0.91262266,2.0796944,8.3596028,17.385419,0.93972614,1.9915963,8.0317394,15.995983
0b_color_jitter_best,file,15,baseline_color_jitter,5946,102.Western_Wood_Pewee/Western_Wood_Pewee_0041_795048.jpg,102,101,102.Western_Wood_Pewee,40,39,identity,identity,0,{},0.78552604,0.78552604,0,0.45587981,0.45587981,0.39387929,0.39387929,0.062000513,0.062000513,0,1,1,83.585588,83.585588,False,1,True,True,True,1,1,83.585588,83.585588,1,1,81.103588,81.103588,1,1,20.217776,20.217776,1,1,17.724192,17.724192,1,1,30.472085,30.472085,1,1,39.341905,39.341905,1,1,44.397345,44.397345,1,1,42.616749,42.616749
0b_color_jitter_best,file,15,baseline_color_jitter,5946,102.Western_Wood_Pewee/Western_Wood_Pewee_0041_795048.jpg,102,101,102.Western_Wood_Pewee,40,39,color_jitter,color_jitter,0,"{""brightness"":0.728994,""contrast"":0.943487,""hue"":-0.009053,""saturation"":0.672137}",0.78552604,0.31895888,-0.46656716,0.45587981,0.72690547,0.39387929,0.13363673,0.062000513,0.59326874,0.53126822,0.83156857,0.50031806,83.585588,41.819379,False,0.98741233,True,True,True,0.83156857,0.50031806,83.585588,41.819379,0.82412608,0.50293978,81.103588,40.790221,0.96741552,0.45606101,20.217776,9.2205395,0.77701907,0.40793146,17.724192,7.2302555,0.71460659,0.55589256,30.472085,16.939206,0.78961532,0.53624802,39.341905,21.097019,0.8679959,0.4857873,44.397345,21.567666,0.88924683,0.47766044,42.616749,20.356335
0b_color_jitter_best,file,15,baseline_color_jitter,7141,122.Harris_Sparrow/Harris_Sparrow_0039_116409.jpg,122,121,122.Harris_Sparrow,99,98,identity,identity,0,{},1.1792034,1.1792034,0,0.30752361,0.30752361,0.09135212,0.09135212,0.21617149,0.21617149,0,1,1,113.39993,113.39993,False,1,True,True,True,1,1,113.39993,113.39993,1,1,112.094,112.094,1,1,17.160344,17.160344,1,1,26.972862,26.972862,1,1,52.534653,52.534653,1,1,65.150783,65.150783,1,1,49.92526,49.92526,1,1,48.378555,48.378555
0b_color_jitter_best,file,15,baseline_color_jitter,7141,122.Harris_Sparrow/Harris_Sparrow_0039_116409.jpg,122,121,122.Harris_Sparrow,99,98,color_jitter,color_jitter,0,"{""brightness"":1.167494,""contrast"":1.296765,""hue"":0.084174,""saturation"":0.698681}",1.1792034,1.3856742,0.20647085,0.30752361,0.25015506,0.09135212,0.043625757,0.21617149,0.2065293,-0.0096421838,0.86000117,1.2569253,113.39993,142.53524,False,0.96618533,True,True,True,0.86000117,1.2569253,113.39993,142.53524,0.85815831,1.2590437,112.094,141.13125,0.94778575,1.1629485,17.160344,19.956596,0.77498395,1.151362,26.972862,31.055529,0.85259649,1.3526788,52.534653,71.062514,0.87300915,1.1988972,65.150783,78.109089,0.85591675,1.3209256,49.92526,65.947553,0.87342858,1.2147381,48.378555,58.767274
0b_color_jitter_best,file,15,baseline_color_jitter,3375,059.California_Gull/California_Gull_0111_41033.jpg,59,58,059.California_Gull,66,65,identity,identity,0,{},0.73971117,0.73971117,0,0.47725174,0.47725174,0.4400695,0.4400695,0.037182242,0.037182242,0,1,1,77.412098,77.412098,False,0.99999994,True,True,True,1,1,77.412098,77.412098,1,1,75.39515,75.39515,1,1,17.555749,17.555749,1,1,11.591678,11.591678,1,1,38.126771,38.126771,1,1,40.524075,40.524075,1,1,33.347685,33.347685,1,1,36.63526,36.63526
0b_color_jitter_best,file,15,baseline_color_jitter,3375,059.California_Gull/California_Gull_0111_41033.jpg,59,58,059.California_Gull,66,65,color_jitter,color_jitter,0,"{""brightness"":1.268139,""contrast"":0.663428,""hue"":0.072114,""saturation"":1.015485}",0.73971117,0.93247819,0.19276702,0.47725174,0.39357713,0.4400695,0.48647773,0.037182242,-0.092900604,-0.13008285,0.874406,1.3256954,77.412098,102.62486,False,0.98324782,False,True,False,0.874406,1.3256954,77.412098,102.62486,0.8694991,1.33278,75.39515,100.48515,0.98154459,1.1874747,17.555749,20.847008,0.68297836,2.3610859,11.591678,27.368947,0.8581639,1.4321963,38.126771,54.605021,0.88529447,1.2649328,40.524075,51.260233,0.89407312,1.27929,33.347685,42.66136,0.91795557,1.1957109,36.63526,43.80518
0b_color_jitter_best,file,15,baseline_color_jitter,1165,021.Eastern_Towhee/Eastern_Towhee_0082_22330.jpg,21,20,021.Eastern_Towhee,158,157,identity,identity,0,{},0.086475924,0.086475924,0,0.91715765,0.91715765,0.03975926,0.03975926,0.87739839,0.87739839,0,1,1,12.209123,12.209123,False,0.99999994,True,True,True,1,1,12.209123,12.209123,1,1,11.90458,11.90458,1,1,2.7099182,2.7099182,1,1,2.370285,2.370285,1,1,4.7258746,4.7258746,1,1,6.3202822,6.3202822,1,1,6.1598612,6.1598612,1,1,5.9897432,5.9897432
0b_color_jitter_best,file,15,baseline_color_jitter,1165,021.Eastern_Towhee/Eastern_Towhee_0082_22330.jpg,21,20,021.Eastern_Towhee,158,157,color_jitter,color_jitter,0,"{""brightness"":1.318748,""contrast"":0.678232,""hue"":-0.083126,""saturation"":1.066382}",0.086475924,0.046005376,-0.040470548,0.91715765,0.95503682,0.03975926,0.0077554733,0.87739839,0.94728135,0.069882955,0.77090603,0.51703766,12.209123,6.3125763,False,0.97573721,True,True,True,0.77090603,0.51703766,12.209123,6.3125763,0.76362264,0.51877958,11.90458,6.175853,0.9240953,0.48219096,2.7099182,1.3066981,0.76767877,0.50358654,2.370285,1.1936436,0.70029688,0.54567758,4.7258746,2.5788038,0.74796761,0.50768125,6.3202822,3.2086888,0.76619858,0.50290286,6.1598612,3.0978118,0.8189529,0.53252275,5.9897432,3.1896745
0b_color_jitter_best,file,15,baseline_color_jitter,1171,021.Eastern_Towhee/Eastern_Towhee_0027_22372.jpg,21,20,021.Eastern_Towhee,195,194,identity,identity,0,{},3.9013391,3.9013391,0,0.020214822,0.020214822,0.68177664,0.68177664,-0.66156182,-0.66156182,0,1,1,330.61233,330.61233,False,1,True,False,False,1,1,330.61233,330.61233,1,1,328.43061,328.43061,1,1,37.91897,37.91897,1,1,138.12957,138.12957,1,1,169.65004,169.65004,1,1,167.61339,167.61339,1,1,141.36572,141.36572,1,1,109.21188,109.21188
0b_color_jitter_best,file,15,baseline_color_jitter,1171,021.Eastern_Towhee/Eastern_Towhee_0027_22372.jpg,21,20,021.Eastern_Towhee,195,194,color_jitter,color_jitter,0,"{""brightness"":1.354355,""contrast"":1.34858,""hue"":-0.044754,""saturation"":1.067687}",3.9013391,6.3603601,2.4590211,0.020214822,0.0017287444,0.68177664,0.90086663,-0.66156182,-0.89913788,-0.23757606,0.87861549,0.95774303,330.61233,316.64165,False,0.95526564,True,False,False,0.87861549,0.95774303,330.61233,316.64165,0.87771962,0.95568872,328.43061,313.87743,0.94563324,1.1009804,37.91897,41.748044,0.90514317,0.86826457,138.12957,119.93301,0.87529284,0.85862653,169.65004,145.66603,0.88500593,0.9721301,167.61339,162.94202,0.87704305,1.0630539,141.36572,150.27938,0.86209827,1.0749655,109.21188,117.399
0b_color_jitter_best,file,15,baseline_color_jitter,6988,120.Fox_Sparrow/Fox_Sparrow_0116_115311.jpg,120,119,120.Fox_Sparrow,104,103,identity,identity,0,{},0.0044748648,0.0044748648,0,0.99553514,0.99553514,0.0020765411,0.0020765411,0.99345859,0.99345859,0,1,1,0.66317472,0.66317472,False,1.0000001,True,True,True,1,1,0.66317472,0.66317472,1,1,0.6454756,0.6454756,1,1,0.15219051,0.15219051,1,1,0.15011962,0.15011962,1,1,0.29111133,0.29111133,1,1,0.3551491,0.3551491,1,1,0.26798205,0.26798205,1,1,0.33378404,0.33378404
0b_color_jitter_best,file,15,baseline_color_jitter,6988,120.Fox_Sparrow/Fox_Sparrow_0116_115311.jpg,120,119,120.Fox_Sparrow,104,103,color_jitter,color_jitter,0,"{""brightness"":1.299544,""contrast"":1.215251,""hue"":-0.082303,""saturation"":1.38902}",0.0044748648,0.011629644,0.007154779,0.99553514,0.98843771,0.0020765411,0.0082300398,0.99345859,0.98020767,-0.013250922,0.80711152,2.850567,0.66317472,1.890424,False,0.98091292,True,True,True,0.80711152,2.850567,0.66317472,1.890424,0.79787542,2.8364104,0.6454756,1.8308337,0.96229066,3.0941762,0.15219051,0.47090427,0.49057243,2.368393,0.15011962,0.35554226,0.78539344,2.560053,0.29111133,0.74526045,0.83449537,2.7920829,0.3551491,0.99160574,0.76420452,3.163876,0.26798205,0.84786196,0.84897316,2.9475888,0.33378404,0.98385809
0b_color_jitter_best,file,15,baseline_color_jitter,1860,033.Yellow_billed_Cuckoo/Yellow_Billed_Cuckoo_0121_26807.jpg,33,32,033.Yellow_billed_Cuckoo,31,30,identity,identity,0,{},0.075906627,0.075906627,0,0.92690277,0.92690277,0.068313621,0.068313621,0.85858915,0.85858915,0,1,1,14.294471,14.294471,False,1,True,True,True,1,1,14.294471,14.294471,1,1,13.809237,13.809237,1,1,3.6928107,3.6928107,1,1,2.417465,2.417465,1,1,5.23771,5.23771,1,1,7.0858814,7.0858814,1,1,7.3161904,7.3161904,1,1,7.3267277,7.3267277
0b_color_jitter_best,file,15,baseline_color_jitter,1860,033.Yellow_billed_Cuckoo/Yellow_Billed_Cuckoo_0121_26807.jpg,33,32,033.Yellow_billed_Cuckoo,31,30,color_jitter,color_jitter,0,"{""brightness"":1.234838,""contrast"":0.987202,""hue"":0.084384,""saturation"":1.072909}",0.075906627,0.059815802,-0.016090825,0.92690277,0.94193804,0.068313621,0.046291817,0.85858915,0.89564623,0.037057076,0.80308608,0.69645139,14.294471,9.9554039,False,0.98521817,True,True,True,0.80308608,0.69645139,14.294471,9.9554039,0.78990505,0.69319154,13.809237,9.5724465,0.97725182,0.74053465,3.6928107,2.7346543,0.70950967,0.64784917,2.417465,1.5661527,0.7376366,0.68311465,5.23771,3.5779564,0.73985033,0.71009569,7.0858814,5.0316538,0.79319648,0.68163215,7.3161904,4.9869506,0.86911493,0.69848478,7.3267277,5.1176078
0b_color_jitter_best,file,15,baseline_color_jitter,7022,120.Fox_Sparrow/Fox_Sparrow_0036_115581.jpg,120,119,120.Fox_Sparrow,34,33,identity,identity,0,{},5.5273552,5.5273552,0,0.0039764927,0.0039764927,0.20290294,0.20290294,-0.19892645,-0.19892645,0,1,1,126.0812,126.0812,False,0.99999988,True,False,False,1,1,126.0812,126.0812,1,1,123.37304,123.37304,1,1,25.991558,25.991558,1,1,22.95342,22.95342,1,1,63.335876,63.335876,1,1,68.111609,68.111609,1,1,54.764915,54.764915,1,1,55.174515,55.174515
0b_color_jitter_best,file,15,baseline_color_jitter,7022,120.Fox_Sparrow/Fox_Sparrow_0036_115581.jpg,120,119,120.Fox_Sparrow,34,33,color_jitter,color_jitter,0,"{""brightness"":0.848299,""contrast"":0.768084,""hue"":0.092421,""saturation"":1.083921}",5.5273552,5.3892426,-0.13811255,0.0039764927,0.0045654299,0.20290294,0.041819975,-0.19892645,-0.037254545,0.16167191,0.78554921,1.5012577,126.0812,189.28037,False,0.95545435,False,False,False,0.78554921,1.5012577,126.0812,189.28037,0.78352862,1.5204504,123.37304,187.58258,0.93387055,0.97319643,25.991558,25.294891,0.619257,1.713461,22.95342,39.329789,0.8230264,1.7054873,63.335876,108.01853,0.78819588,1.494854,68.111609,101.81691,0.76715904,1.5366159,54.764915,84.152639,0.79264484,1.219059,55.174515,67.260988
0b_color_jitter_best,file,15,baseline_color_jitter,9421,161.Blue_winged_Warbler/Blue_Winged_Warbler_0012_162086.jpg,161,160,161.Blue_winged_Warbler,42,41,identity,identity,0,{},0.021430943,0.021430943,0,0.97879708,0.97879708,0.0068761772,0.0068761772,0.9719209,0.9719209,0,1,1,3.9703996,3.9703996,False,1.0000001,True,True,True,1,1,3.9703996,3.9703996,1,1,3.9239179,3.9239179,1,1,0.60575645,0.60575645,1,1,0.74849443,0.74849443,1,1,1.5556131,1.5556131,1,1,2.0699168,2.0699168,1,1,2.0812911,2.0812911,1,1,1.9495199,1.9495199
0b_color_jitter_best,file,15,baseline_color_jitter,9421,161.Blue_winged_Warbler/Blue_Winged_Warbler_0012_162086.jpg,161,160,161.Blue_winged_Warbler,42,41,color_jitter,color_jitter,0,"{""brightness"":0.798626,""contrast"":0.988833,""hue"":-0.024235,""saturation"":1.317508}",0.021430943,0.018818649,-0.0026122946,0.97879708,0.98135734,0.0068761772,0.0064980341,0.9719209,0.9748593,0.002938401,0.88633554,0.94547659,3.9703996,3.7539199,False,0.99111551,True,True,True,0.88633554,0.94547659,3.9703996,3.7539199,0.88394275,0.94571151,3.9239179,3.7108944,0.9878779,0.93556595,0.60575645,0.56672511,0.54575788,0.97008093,0.74849443,0.72610017,0.83704632,0.9859024,1.5556131,1.5336827,0.89062048,0.9597747,2.0699168,1.9866538,0.90463331,0.92608969,2.0812911,1.9274622,0.93800287,0.92179682,1.9495199,1.7970612
0b_color_jitter_best,file,15,baseline_color_jitter,7272,125.Lincoln_Sparrow/Lincoln_Sparrow_0110_117264.jpg,125,124,125.Lincoln_Sparrow,131,130,identity,identity,0,{},0.25003493,0.25003493,0,0.77877361,0.77877361,0.19181594,0.19181594,0.58695766,0.58695766,0,1,1,54.575216,54.575216,False,1,True,True,True,1,1,54.575216,54.575216,1,1,53.796109,53.796109,1,1,9.1887334,9.1887334,1,1,9.9593593,9.9593593,1,1,22.920185,22.920185,1,1,32.606834,32.606834,1,1,25.981319,25.981319,1,1,23.049146,23.049146
0b_color_jitter_best,file,15,baseline_color_jitter,7272,125.Lincoln_Sparrow/Lincoln_Sparrow_0110_117264.jpg,125,124,125.Lincoln_Sparrow,131,130,color_jitter,color_jitter,0,"{""brightness"":1.354612,""contrast"":1.261651,""hue"":-0.083641,""saturation"":1.032076}",0.25003493,0.24160562,-0.0084293038,0.77877361,0.78536582,0.19181594,0.14329661,0.58695766,0.64206921,0.055111542,0.85540734,0.90263659,54.575216,49.261587,False,0.97888952,True,True,True,0.85540734,0.90263659,54.575216,49.261587,0.85233604,0.90357029,53.796109,48.608566,0.96533307,0.87002754,9.1887334,7.9944511,0.6351002,0.72984162,9.9593593,7.2687549,0.76657896,0.87752018,22.920185,20.112925,0.90306587,0.93806686,32.606834,30.58739,0.84433947,0.90682022,25.981319,23.560385,0.8775577,0.88356255,23.049146,20.365362
0b_color_jitter_best,file,15,baseline_color_jitter,32,001.Black_footed_Albatross/Black_Footed_Albatross_0017_796098.jpg,1,0,001.Black_footed_Albatross,3,2,identity,identity,0,{},3.0387633,3.0387633,0,0.047894079,0.047894079,0.93796295,0.93796295,-0.89006887,-0.89006887,0,1,1,192.65235,192.65235,False,0.99999988,True,False,False,1,1,192.65235,192.65235,1,1,187.39235,187.39235,1,1,44.710572,44.710572,1,1,44.872444,44.872444,1,1,88.120894,88.120894,1,1,96.447847,96.447847,1,1,92.213729,92.213729,1,1,86.784244,86.784244
0b_color_jitter_best,file,15,baseline_color_jitter,32,001.Black_footed_Albatross/Black_Footed_Albatross_0017_796098.jpg,1,0,001.Black_footed_Albatross,3,2,color_jitter,color_jitter,0,"{""brightness"":0.684288,""contrast"":1.118105,""hue"":0.058529,""saturation"":1.244216}",3.0387633,2.5071347,-0.53162861,0.047894079,0.081501432,0.93796295,0.876243,-0.89006887,-0.79474156,0.095327307,0.89304036,0.9885896,192.65235,190.45411,False,0.98821318,True,False,False,0.89304036,0.9885896,192.65235,190.45411,0.8878008,0.99005193,187.39235,185.52816,0.9880474,0.96253941,44.710572,43.035688,0.79778678,1.210001,44.872444,54.295703,0.8558159,1.0020262,88.120894,88.299442,0.89248109,0.97800005,96.447847,94.325999,0.90802137,0.97027138,92.213729,89.472343,0.93133383,0.94832169,86.784244,82.299381
0b_color_jitter_best,file,15,baseline_color_jitter,8997,154.Red_eyed_Vireo/Red_Eyed_Vireo_0034_157219.jpg,154,153,154.Red_eyed_Vireo,178,177,identity,identity,0,{},0.44899333,0.44899333,0,0.63827038,0.63827038,0.10535657,0.10535657,0.53291381,0.53291381,0,1,1,51.240083,51.240083,False,1,True,True,True,1,1,51.240083,51.240083,1,1,50.151096,50.151096,1,1,10.507794,10.507794,1,1,11.633109,11.633109,1,1,17.492309,17.492309,1,1,27.218475,27.218475,1,1,26.541755,26.541755,1,1,25.070145,25.070145
0b_color_jitter_best,file,15,baseline_color_jitter,8997,154.Red_eyed_Vireo/Red_Eyed_Vireo_0034_157219.jpg,154,153,154.Red_eyed_Vireo,178,177,color_jitter,color_jitter,0,"{""brightness"":0.750073,""contrast"":0.78525,""hue"":-0.010601,""saturation"":1.277163}",0.44899333,0.60779935,0.15880603,0.63827038,0.54454792,0.10535657,0.11160287,0.53291381,0.43294505,-0.099968761,0.89016239,1.2129337,51.240083,62.150821,False,0.98901355,True,True,True,0.89016239,1.2129337,51.240083,62.150821,0.88600375,1.2129065,50.151096,60.828592,0.98484244,1.213551,10.507794,12.751744,0.7044809,1.2198861,11.633109,14.191068,0.83059522,1.3862752,17.492309,24.249155,0.90497204,1.185322,27.218475,32.262656,0.9030957,1.1695556,26.541755,31.042059,0.92153497,1.2007713,25.070145,30.103509
0b_color_jitter_best,file,15,baseline_color_jitter,3145,055.Evening_Grosbeak/Evening_Grosbeak_0133_37976.jpg,55,54,055.Evening_Grosbeak,48,47,identity,identity,0,{},0.0023088008,0.0023088008,0,0.99769384,0.99769384,0.00057204836,0.00057204836,0.99712179,0.99712179,0,1,1,0.32830631,0.32830631,False,1,True,True,True,1,1,0.32830631,0.32830631,1,1,0.31835325,0.31835325,1,1,0.080226209,0.080226209,1,1,0.049601734,0.049601734,1,1,0.11398233,0.11398233,1,1,0.15769293,0.15769293,1,1,0.16584875,0.16584875,1,1,0.18309455,0.18309455
0b_color_jitter_best,file,15,baseline_color_jitter,3145,055.Evening_Grosbeak/Evening_Grosbeak_0133_37976.jpg,55,54,055.Evening_Grosbeak,48,47,color_jitter,color_jitter,0,"{""brightness"":0.607725,""contrast"":1.009349,""hue"":-0.0572,""saturation"":1.138937}",0.0023088008,0.0032308307,0.00092202984,0.99769384,0.99677438,0.00057204836,0.00043531833,0.99712179,0.99633906,-0.00078273122,0.75029729,1.4086254,0.32830631,0.4624606,False,0.98842251,True,True,True,0.75029729,1.4086254,0.32830631,0.4624606,0.73722005,1.4138802,0.31835325,0.45011335,0.97190113,1.3231314,0.080226209,0.10614981,0.45017437,1.8477388,0.049601734,0.091651049,0.54823043,1.4705638,0.11398233,0.16761829,0.68309548,1.4209612,0.15769293,0.22407554,0.74047051,1.3820344,0.16584875,0.22920868,0.88600672,1.374774,0.18309455,0.25171363
0b_color_jitter_best,file,15,baseline_color_jitter,2386,042.Vermilion_Flycatcher/Vermilion_Flycatcher_0004_42395.jpg,42,41,042.Vermilion_Flycatcher,56,55,identity,identity,0,{},0.11119577,0.11119577,0,0.89476359,0.89476359,0.0089531923,0.0089531923,0.8858104,0.8858104,0,1,1,15.284823,15.284823,False,1,True,True,True,1,1,15.284823,15.284823,1,1,15.094914,15.094914,1,1,2.4019511,2.4019511,1,1,4.0309825,4.0309825,1,1,6.0471507,6.0471507,1,1,7.1002916,7.1002916,1,1,7.5288457,7.5288457,1,1,8.2426897,8.2426897
0b_color_jitter_best,file,15,baseline_color_jitter,2386,042.Vermilion_Flycatcher/Vermilion_Flycatcher_0004_42395.jpg,42,41,042.Vermilion_Flycatcher,56,55,color_jitter,color_jitter,0,"{""brightness"":1.247546,""contrast"":1.013123,""hue"":0.029354,""saturation"":0.720215}",0.11119577,0.24886225,0.13766649,0.89476359,0.77968735,0.0089531923,0.025419762,0.8858104,0.75426758,-0.13154281,0.87072576,2.037604,15.284823,31.144416,False,0.98047823,True,True,True,0.87072576,2.037604,15.284823,31.144416,0.86791233,2.0342143,15.094914,30.706291,0.97672122,2.1672427,2.4019511,5.2056111,0.82938941,2.20074,4.0309825,8.8711444,0.84255511,1.983726,6.0471507,11.99589,0.86253809,1.9768039,7.1002916,14.035884,0.8621324,2.0718991,7.5288457,15.599009,0.901269,2.0298574,8.2426897,16.731485
0b_color_jitter_best,file,15,baseline_color_jitter,11332,193.Bewick_Wren/Bewick_Wren_0015_184981.jpg,193,192,193.Bewick_Wren,178,177,identity,identity,0,{},0.0022776395,0.0022776395,0,0.99772495,0.99772495,0.0016440583,0.0016440583,0.99608089,0.99608089,0,1,1,0.42413215,0.42413215,False,1,True,True,True,1,1,0.42413215,0.42413215,1,1,0.41227706,0.41227706,1,1,0.099577658,0.099577658,1,1,0.11048225,0.11048225,1,1,0.16636813,0.16636813,1,1,0.20930864,0.20930864,1,1,0.20916894,0.20916894,1,1,0.20621817,0.20621817
0b_color_jitter_best,file,15,baseline_color_jitter,11332,193.Bewick_Wren/Bewick_Wren_0015_184981.jpg,193,192,193.Bewick_Wren,178,177,color_jitter,color_jitter,0,"{""brightness"":0.770884,""contrast"":1.167958,""hue"":-0.096431,""saturation"":1.137268}",0.0022776395,0.023405697,0.021128058,0.99772495,0.97686607,0.0016440583,0.0074569848,0.99608089,0.96940908,-0.02667181,0.61718624,10.125003,0.42413215,4.2943391,False,0.9685297,True,True,True,0.61718624,10.125003,0.42413215,4.2943391,0.60557319,10.245002,0.41227706,4.2237792,0.90153159,7.7855419,0.099577658,0.77526603,0.6167094,11.66211,0.11048225,1.2884562,0.41895756,13.013093,0.16636813,2.164964,0.5346034,9.4873978,0.20930864,1.9857943,0.68658084,9.4532736,0.20916894,1.9773313,0.7870781,9.2516258,0.20621817,1.9078533
0b_color_jitter_best,file,15,baseline_color_jitter,5359,092.Nighthawk/Nighthawk_0068_82368.jpg,92,91,092.Nighthawk,194,193,identity,identity,0,{},0.14125632,0.14125632,0,0.86826676,0.86826676,0.0246611,0.0246611,0.84360566,0.84360566,0,1,1,19.503826,19.503826,False,0.99999988,True,True,True,1,1,19.503826,19.503826,1,1,19.179348,19.179348,1,1,3.5428567,3.5428567,1,1,2.9947019,2.9947019,1,1,8.4750788,8.4750788,1,1,10.432134,10.432134,1,1,9.3005016,9.3005016,1,1,9.5772345,9.5772345
0b_color_jitter_best,file,15,baseline_color_jitter,5359,092.Nighthawk/Nighthawk_0068_82368.jpg,92,91,092.Nighthawk,194,193,color_jitter,color_jitter,0,"{""brightness"":1.003955,""contrast"":1.062647,""hue"":0.087225,""saturation"":1.196495}",0.14125632,0.094422244,-0.046834074,0.86826676,0.90989846,0.0246611,0.015952131,0.84360566,0.89394633,0.050340667,0.87446585,0.66991656,19.503826,13.065936,False,0.98877597,True,True,True,0.87446585,0.66991656,19.503826,13.065936,0.87040721,0.66796526,19.179348,12.811138,0.98689702,0.72477269,3.5428567,2.5677658,0.85383156,0.61788116,2.9947019,1.8503699,0.79672153,0.62077692,8.4750788,5.2611333,0.849582,0.6412424,10.432134,6.6895268,0.8841722,0.7091053,9.3005016,6.595035,0.93762391,0.69869932,9.5772345,6.6916072
0b_color_jitter_best,file,15,baseline_color_jitter,2598,046.Gadwall/Gadwall_0017_30979.jpg,46,45,046.Gadwall,45,44,identity,identity,0,{},0.00554713,0.00554713,0,0.99446821,0.99446821,0.0011510958,0.0011510958,0.99331712,0.99331712,0,1,1,0.83218987,0.83218987,False,1,True,True,True,1,1,0.83218987,0.83218987,1,1,0.81442455,0.81442455,1,1,0.17103402,0.17103402,1,1,0.16077251,0.16077251,1,1,0.29984804,0.29984804,1,1,0.42502284,0.42502284,1,1,0.42904349,0.42904349,1,1,0.42756049,0.42756049
0b_color_jitter_best,file,15,baseline_color_jitter,2598,046.Gadwall/Gadwall_0017_30979.jpg,46,45,046.Gadwall,45,44,color_jitter,color_jitter,0,"{""brightness"":0.608497,""contrast"":0.779492,""hue"":-0.018978,""saturation"":0.64082}",0.00554713,0.0094492808,0.0039021508,0.99446821,0.99059522,0.0011510958,0.0022611427,0.99331712,0.98833408,-0.0049830375,0.7704314,1.8509861,0.83218987,1.5403719,False,0.97151673,True,True,True,0.7704314,1.8509861,0.83218987,1.5403719,0.76333614,1.8595727,0.81442455,1.5144817,0.95799403,1.6442974,0.17103402,0.28123079,0.28443718,1.9870146,0.16077251,0.31945732,0.62348479,2.3009143,0.29984804,0.68992465,0.79117557,1.8883828,0.42502284,0.80260584,0.81314582,1.7459036,0.42904349,0.74906856,0.87320938,1.6708068,0.42756049,0.714371
0b_color_jitter_best,file,15,baseline_color_jitter,388,008.Rhinoceros_Auklet/Rhinoceros_Auklet_0016_2114.jpg,8,7,008.Rhinoceros_Auklet,25,24,identity,identity,0,{},0.3100884,0.3100884,0,0.73338211,0.73338211,0.23703018,0.23703018,0.49635193,0.49635193,0,1,1,77.225658,77.225658,False,1,True,True,True,1,1,77.225658,77.225658,1,1,76.380901,76.380901,1,1,11.391235,11.391235,1,1,24.148655,24.148655,1,1,38.294579,38.294579,1,1,41.37852,41.37852,1,1,33.555977,33.555977,1,1,30.760757,30.760757
0b_color_jitter_best,file,15,baseline_color_jitter,388,008.Rhinoceros_Auklet/Rhinoceros_Auklet_0016_2114.jpg,8,7,008.Rhinoceros_Auklet,25,24,color_jitter,color_jitter,0,"{""brightness"":0.610309,""contrast"":0.669512,""hue"":-0.040844,""saturation"":0.766573}",0.3100884,0.43320981,0.12312141,0.73338211,0.64842445,0.23703018,0.29157063,0.49635193,0.35685381,-0.13949811,0.82015183,1.3452236,77.225658,103.88577,False,0.97503167,True,True,True,0.82015183,1.3452236,77.225658,103.88577,0.81726908,1.3485666,76.380901,103.00473,0.97433721,1.1852185,11.391235,13.501103,0.80819241,1.5158777,24.148655,36.606408,0.79370068,1.3953222,38.294579,53.433278,0.82407462,1.3010409,41.37852,53.835148,0.81743629,1.3183513,33.555977,44.238565,0.85797148,1.2838181,30.760757,39.491217
0b_color_jitter_best,file,15,baseline_color_jitter,7936,136.Barn_Swallow/Barn_Swallow_0094_132154.jpg,136,135,136.Barn_Swallow,97,96,identity,identity,0,{},0.11987406,0.11987406,0,0.88703215,0.88703215,0.061045095,0.061045095,0.82598706,0.82598706,0,1,1,19.644066,19.644066,False,0.99999994,True,True,True,1,1,19.644066,19.644066,1,1,19.278559,19.278559,1,1,3.7717982,3.7717982,1,1,4.9068025,4.9068025,1,1,8.9409935,8.9409935,1,1,9.7609422,9.7609422,1,1,9.2634258,9.2634258,1,1,9.3036406,9.3036406
0b_color_jitter_best,file,15,baseline_color_jitter,7936,136.Barn_Swallow/Barn_Swallow_0094_132154.jpg,136,135,136.Barn_Swallow,97,96,color_jitter,color_jitter,0,"{""brightness"":0.914389,""contrast"":1.101688,""hue"":0.053389,""saturation"":0.624214}",0.11987406,0.23787934,0.11800528,0.88703215,0.78829783,0.061045095,0.038188417,0.82598706,0.75010942,-0.07587764,0.74012543,1.7425905,19.644066,34.231563,False,0.9549793,True,True,True,0.74012543,1.7425905,19.644066,34.231563,0.7343153,1.7411339,19.278559,33.566554,0.88875636,1.7802215,3.7717982,6.714636,0.66790835,1.8633594,4.9068025,9.1431366,0.72538681,1.6689532,8.9409935,14.9221,0.73358627,1.880439,9.7609422,18.354856,0.70296523,1.7008916,9.2634258,15.756083,0.80169275,1.6487365,9.3036406,15.339251
0b_color_jitter_best,file,15,baseline_color_jitter,9947,169.Magnolia_Warbler/Magnolia_Warbler_0102_165884.jpg,169,168,169.Magnolia_Warbler,163,162,identity,identity,0,{},0.014962705,0.014962705,0,0.98514867,0.98514867,0.009451678,0.009451678,0.97569699,0.97569699,0,1,1,1.6152844,1.6152844,False,1,True,True,True,1,1,1.6152844,1.6152844,1,1,1.5357639,1.5357639,1,1,0.50057267,0.50057267,1,1,0.2258501,0.2258501,1,1,0.44322409,0.44322409,1,1,0.64328387,0.64328387,1,1,0.79053647,0.79053647,1,1,1.0355447,1.0355447
0b_color_jitter_best,file,15,baseline_color_jitter,9947,169.Magnolia_Warbler/Magnolia_Warbler_0102_165884.jpg,169,168,169.Magnolia_Warbler,163,162,color_jitter,color_jitter,0,"{""brightness"":0.848225,""contrast"":1.207927,""hue"":0.017482,""saturation"":1.193324}",0.014962705,0.019278066,0.0043153614,0.98514867,0.98090655,0.009451678,0.0094574308,0.97569699,0.97144912,-0.004247875,0.94149897,1.288124,1.6152844,2.0806867,False,0.99650651,True,True,True,0.94149897,1.288124,1.6152844,2.0806867,0.93718032,1.2986166,1.5357639,1.9943685,0.9896652,1.1848157,0.50057267,0.59308637,0.8721166,1.2717806,0.2258501,0.28723178,0.87706281,1.380641,0.44322409,0.61193335,0.91546983,1.3128396,0.64328387,0.84452852,0.93399704,1.2953674,0.79053647,1.0240352,0.96306404,1.280627,1.0355447,1.3261465
0b_color_jitter_best,file,15,baseline_color_jitter,5267,091.Mockingbird/Mockingbird_0096_79878.jpg,91,90,091.Mockingbird,78,77,identity,identity,0,{},0.21462204,0.21462204,0,0.80684632,0.80684632,0.059650172,0.059650172,0.74719615,0.74719615,0,1,1,22.96847,22.96847,False,1,True,True,True,1,1,22.96847,22.96847,1,1,22.395877,22.395877,1,1,5.0965958,5.0965958,1,1,4.4649697,4.4649697,1,1,8.9302869,8.9302869,1,1,10.54441,10.54441,1,1,11.330155,11.330155,1,1,12.740971,12.740971
0b_color_jitter_best,file,15,baseline_color_jitter,5267,091.Mockingbird/Mockingbird_0096_79878.jpg,91,90,091.Mockingbird,78,77,color_jitter,color_jitter,0,"{""brightness"":1.134433,""contrast"":0.663395,""hue"":-0.048728,""saturation"":0.602842}",0.21462204,0.098328136,-0.1162939,0.80684632,0.90635145,0.059650172,0.053723168,0.74719615,0.85262828,0.10543213,0.83143335,0.5878557,22.96847,13.502146,False,0.9763509,True,True,True,0.83143335,0.5878557,22.96847,13.502146,0.8253122,0.5882854,22.395877,13.175168,0.95151337,0.57949588,5.0965958,2.9534563,0.88012157,0.81424638,4.4649697,3.6355854,0.81142933,0.63981055,8.9302869,5.7136917,0.81359802,0.63764828,10.54441,6.7236248,0.82275738,0.55886975,11.330155,6.3320808,0.85712456,0.51118395,12.740971,6.5129801
0b_color_jitter_best,file,15,baseline_color_jitter,9223,157.Yellow_throated_Vireo/Yellow_Throated_Vireo_0070_159602.jpg,157,156,157.Yellow_throated_Vireo,177,176,identity,identity,0,{},0.623245,0.623245,0,0.53620166,0.53620166,0.051447302,0.051447302,0.48475435,0.48475435,0,1,1,81.029867,81.029867,False,0.99999994,True,True,True,1,1,81.029867,81.029867,1,1,80.171538,80.171538,1,1,11.762815,11.762815,1,1,14.633853,14.633853,1,1,36.883922,36.883922,1,1,47.815135,47.815135,1,1,38.769315,38.769315,1,1,32.612196,32.612196
0b_color_jitter_best,file,15,baseline_color_jitter,9223,157.Yellow_throated_Vireo/Yellow_Throated_Vireo_0070_159602.jpg,157,156,157.Yellow_throated_Vireo,177,176,color_jitter,color_jitter,0,"{""brightness"":1.170761,""contrast"":1.001684,""hue"":-0.003639,""saturation"":0.604719}",0.623245,0.27095568,-0.35228932,0.53620166,0.76265031,0.051447302,0.036416747,0.48475435,0.72623356,0.24147921,0.91869071,0.56284432,81.029867,45.607201,False,0.98549962,True,True,True,0.91869071,0.56284432,81.029867,45.607201,0.91734134,0.56314128,80.171538,45.147903,0.98329948,0.54887244,11.762815,6.4562847,0.70864937,0.48987251,14.633853,7.1687225,0.90638075,0.59280833,36.883922,21.865096,0.94410605,0.54915167,47.815135,26.257761,0.91955649,0.56429856,38.769315,21.877468,0.91324669,0.56604166,32.612196,18.459861
0b_color_jitter_best,file,15,baseline_color_jitter,10306,175.Pine_Warbler/Pine_Warbler_0041_171477.jpg,175,174,175.Pine_Warbler,173,172,identity,identity,0,{},0.41173741,0.41173741,0,0.66249824,0.66249824,0.069265611,0.069265611,0.59323262,0.59323262,0,1,1,64.954023,64.954023,False,1,True,True,True,1,1,64.954023,64.954023,1,1,64.172106,64.172106,1,1,10.04818,10.04818,1,1,18.661996,18.661996,1,1,30.784009,30.784009,1,1,31.311415,31.311415,1,1,31.713815,31.713815,1,1,28.913027,28.913027
0b_color_jitter_best,file,15,baseline_color_jitter,10306,175.Pine_Warbler/Pine_Warbler_0041_171477.jpg,175,174,175.Pine_Warbler,173,172,color_jitter,color_jitter,0,"{""brightness"":0.78944,""contrast"":0.882009,""hue"":-0.035932,""saturation"":0.656521}",0.41173741,0.45207408,0.040336668,0.66249824,0.636307,0.069265611,0.098624952,0.59323262,0.53768205,-0.055550575,0.86614285,1.2212813,64.954023,79.327131,False,0.98491067,True,True,True,0.86614285,1.2212813,64.954023,79.327131,0.86375864,1.2244358,64.172106,78.574625,0.98211993,1.0848285,10.04818,10.900553,0.88004348,1.4716425,18.661996,27.463787,0.84655607,1.4320622,30.784009,44.084616,0.88041935,1.2000363,31.311415,37.574834,0.87255236,1.0697624,31.713815,33.926247,0.89352214,1.0452905,28.913027,30.222514
0b_color_jitter_best,file,15,baseline_color_jitter,4853,084.Red_legged_Kittiwake/Red_Legged_Kittiwake_0001_795394.jpg,84,83,084.Red_legged_Kittiwake,63,62,identity,identity,0,{},0.89223284,0.89223284,0,0.40973985,0.40973985,0.25268447,0.25268447,0.15705538,0.15705538,0,1,1,100.90887,100.90887,False,0.99999994,True,True,True,1,1,100.90887,100.90887,1,1,99.560768,99.560768,1,1,16.439376,16.439376,1,1,15.873613,15.873613,1,1,43.821077,43.821077,1,1,55.846473,55.846473,1,1,49.471423,49.471423,1,1,46.624434,46.624434
0b_color_jitter_best,file,15,baseline_color_jitter,4853,084.Red_legged_Kittiwake/Red_Legged_Kittiwake_0001_795394.jpg,84,83,084.Red_legged_Kittiwake,63,62,color_jitter,color_jitter,0,"{""brightness"":0.893047,""contrast"":0.888535,""hue"":-0.042392,""saturation"":1.227125}",0.89223284,0.59251684,-0.299716,0.40973985,0.55293387,0.25268447,0.13210613,0.15705538,0.42082775,0.26377237,0.95065475,0.76347026,100.90887,77.04092,False,0.99333358,True,True,True,0.95065475,0.76347026,100.90887,77.04092,0.94979489,0.76438819,99.560768,76.103075,0.98476462,0.72900425,16.439376,11.984375,0.86082898,0.78334973,15.873613,12.43459,0.94140352,0.7783453,43.821077,34.107929,0.9579819,0.78446692,55.846473,43.809711,0.95268301,0.73992669,49.471423,36.605227,0.95423168,0.74744749,46.624434,34.849316
0b_color_jitter_best,file,15,baseline_color_jitter,10599,180.Wilson_Warbler/Wilson_Warbler_0076_175780.jpg,180,179,180.Wilson_Warbler,182,181,identity,identity,0,{},0.05378532,0.05378532,0,0.94763553,0.94763553,0.038714562,0.038714562,0.90892097,0.90892097,0,1,1,8.8676853,8.8676853,False,1,True,True,True,1,1,8.8676853,8.8676853,1,1,8.6852768,8.6852768,1,1,1.7893602,1.7893602,1,1,1.5537628,1.5537628,1,1,3.3323482,3.3323482,1,1,4.7399215,4.7399215,1,1,4.7661478,4.7661478,1,1,4.0905121,4.0905121
0b_color_jitter_best,file,15,baseline_color_jitter,10599,180.Wilson_Warbler/Wilson_Warbler_0076_175780.jpg,180,179,180.Wilson_Warbler,182,181,color_jitter,color_jitter,0,"{""brightness"":0.789353,""contrast"":0.902499,""hue"":-0.079816,""saturation"":0.677698}",0.05378532,0.20812377,0.15433845,0.94763553,0.81210649,0.038714562,0.059830066,0.90892097,0.75227642,-0.15664455,0.63239716,3.1738975,8.8676853,28.145125,False,0.9669987,True,True,True,0.63239716,3.1738975,8.8676853,28.145125,0.62171624,3.1823901,8.6852768,27.639939,0.90382226,2.9667888,1.7893602,5.3086539,0.16396618,3.7462504,1.5537628,5.8207847,0.390803,3.6935887,3.3323482,12.308324,0.56500048,3.1992842,4.7399215,15.164356,0.75915727,2.9832427,4.7661478,14.218576,0.80154741,2.9586132,4.0905121,12.102243
0b_color_jitter_best,file,15,baseline_color_jitter,912,017.Cardinal/Cardinal_0051_17223.jpg,17,16,017.Cardinal,56,55,identity,identity,0,{},0.031957094,0.031957094,0,0.96854812,0.96854812,0.0081074657,0.0081074657,0.96044065,0.96044065,0,1,1,4.969932,4.969932,False,0.99999994,True,True,True,1,1,4.969932,4.969932,1,1,4.8660008,4.8660008,1,1,1.011069,1.011069,1,1,1.1488761,1.1488761,1,1,1.9629185,1.9629185,1,1,2.3995523,2.3995523,1,1,2.5462546,2.5462546,1,1,2.5027455,2.5027455
0b_color_jitter_best,file,15,baseline_color_jitter,912,017.Cardinal/Cardinal_0051_17223.jpg,17,16,017.Cardinal,56,55,color_jitter,color_jitter,0,"{""brightness"":1.38731,""contrast"":0.673878,""hue"":-0.073368,""saturation"":0.981854}",0.031957094,0.0081409533,-0.02381614,0.96854812,0.9918921,0.0081074657,0.0011348149,0.96044065,0.99075728,0.030316631,0.77151061,0.25393998,4.969932,1.2620644,False,0.96676528,True,True,True,0.77151061,0.25393998,4.969932,1.2620644,0.76292583,0.25258783,4.8660008,1.2290926,0.95359506,0.2834597,1.011069,0.2865973,0.62530375,0.25486312,1.1488761,0.29280614,0.68255564,0.24220717,1.9629185,0.47543293,0.7688099,0.25151311,2.3995523,0.60351886,0.76707069,0.24378601,2.5462546,0.62074125,0.82839399,0.26783776,2.5027455,0.67032975
0b_color_jitter_best,file,15,baseline_color_jitter,9503,162.Canada_Warbler/Canada_Warbler_0076_162393.jpg,162,161,162.Canada_Warbler,167,166,identity,identity,0,{},0.0040408871,0.0040408871,0,0.99596727,0.99596727,0.0010804211,0.0010804211,0.99488685,0.99488685,0,1,1,0.676282,0.676282,False,1,True,True,True,1,1,0.676282,0.676282,1,1,0.66498579,0.66498579,1,1,0.12309039,0.12309039,1,1,0.12277829,0.12277829,1,1,0.30394146,0.30394146,1,1,0.32745018,0.32745018,1,1,0.33447746,0.33447746,1,1,0.34007704,0.34007704
0b_color_jitter_best,file,15,baseline_color_jitter,9503,162.Canada_Warbler/Canada_Warbler_0076_162393.jpg,162,161,162.Canada_Warbler,167,166,color_jitter,color_jitter,0,"{""brightness"":0.823534,""contrast"":1.340126,""hue"":0.058094,""saturation"":1.16448}",0.0040408871,0.0065179374,0.0024770503,0.99596727,0.99350327,0.0010804211,0.0013779403,0.99488685,0.99212533,-0.0027615156,0.90010542,1.6668555,0.676282,1.1272643,False,0.99169588,True,True,True,0.90010542,1.6668555,0.676282,1.1272643,0.89770673,1.6704126,0.66498579,1.1108007,0.97715529,1.5594654,0.12309039,0.1919552,0.89349606,2.0636011,0.12277829,0.25336542,0.90025387,1.5950896,0.30394146,0.48481386,0.8666694,1.6637824,0.32745018,0.54480585,0.89534198,1.7423323,0.33447746,0.58277088,0.93436226,1.6057563,0.34007704,0.54608085
0b_color_jitter_best,file,15,baseline_color_jitter,8233,141.Artic_Tern/Artic_Tern_0012_143410.jpg,141,140,141.Artic_Tern,84,83,identity,identity,0,{},1.5558448,1.5558448,0,0.21101105,0.21101105,0.46553043,0.46553043,-0.25451937,-0.25451937,0,1,1,112.76879,112.76879,False,1,True,False,False,1,1,112.76879,112.76879,1,1,108.86554,108.86554,1,1,29.412485,29.412485,1,1,22.464519,22.464519,1,1,47.332448,47.332448,1,1,58.558364,58.558364,1,1,54.124492,54.124492,1,1,52.422773,52.422773
0b_color_jitter_best,file,15,baseline_color_jitter,8233,141.Artic_Tern/Artic_Tern_0012_143410.jpg,141,140,141.Artic_Tern,84,83,color_jitter,color_jitter,0,"{""brightness"":1.187026,""contrast"":0.693034,""hue"":0.052414,""saturation"":1.146399}",1.5558448,1.6915767,0.13573194,0.21101105,0.18422882,0.46553043,0.38565192,-0.25451937,-0.20142309,0.05309628,0.9056776,1.1112993,112.76879,125.31987,False,0.98472524,True,False,False,0.9056776,1.1112993,112.76879,125.31987,0.90142814,1.1171032,108.86554,121.61404,0.9718101,1.0284931,29.412485,30.250539,0.8091634,1.3178929,22.464519,29.605831,0.88838061,1.0826104,47.332448,51.2426,0.91682892,1.1251626,58.558364,65.887681,0.90706036,1.1108238,54.124492,60.122773,0.90967921,1.1010702,52.422773,57.721155
0b_color_jitter_best,file,15,baseline_color_jitter,444,009.Brewer_Blackbird/Brewer_Blackbird_0078_2659.jpg,9,8,009.Brewer_Blackbird,26,25,identity,identity,0,{},0.17167225,0.17167225,0,0.84225518,0.84225518,0.048304196,0.048304196,0.79395098,0.79395098,0,1,1,20.140475,20.140475,False,1,True,True,True,1,1,20.140475,20.140475,1,1,19.689232,19.689232,1,1,4.2394419,4.2394419,1,1,4.848329,4.848329,1,1,9.3800127,9.3800127,1,1,9.4310833,9.4310833,1,1,9.1700396,9.1700396,1,1,10.155785,10.155785
0b_color_jitter_best,file,15,baseline_color_jitter,444,009.Brewer_Blackbird/Brewer_Blackbird_0078_2659.jpg,9,8,009.Brewer_Blackbird,26,25,color_jitter,color_jitter,0,"{""brightness"":1.130795,""contrast"":1.210593,""hue"":-0.047305,""saturation"":0.823496}",0.17167225,0.11170144,-0.059970818,0.84225518,0.89431125,0.048304196,0.037430275,0.79395098,0.85688097,0.062929995,0.93297221,0.70848563,20.140475,14.269237,False,0.99610603,True,True,True,0.93297221,0.70848563,20.140475,14.269237,0.9301416,0.70871868,19.689232,13.954127,0.99451009,0.70343996,4.2394419,2.9821928,0.87371902,0.63822637,4.848329,3.0943314,0.89046642,0.65102419,9.3800127,6.1066152,0.93117474,0.73726311,9.4310833,6.9531897,0.94091107,0.73761201,9.1700396,6.7639313,0.96717655,0.72192737,10.155785,7.3317391
0b_color_jitter_best,file,15,baseline_color_jitter,2198,039.Least_Flycatcher/Least_Flycatcher_0019_30358.jpg,39,38,039.Least_Flycatcher,103,102,identity,identity,0,{},2.0381536,2.0381536,0,0.13026901,0.13026901,0.443279,0.443279,-0.31300999,-0.31300999,0,1,1,136.32471,136.32471,False,1,True,False,False,1,1,136.32471,136.32471,1,1,131.7566,131.7566,1,1,34.994654,34.994654,1,1,37.963791,37.963791,1,1,60.110001,60.110001,1,1,66.553275,66.553275,1,1,58.979721,58.979721,1,1,66.312849,66.312849
0b_color_jitter_best,file,15,baseline_color_jitter,2198,039.Least_Flycatcher/Least_Flycatcher_0019_30358.jpg,39,38,039.Least_Flycatcher,103,102,color_jitter,color_jitter,0,"{""brightness"":0.620793,""contrast"":0.964919,""hue"":-0.013121,""saturation"":0.922432}",2.0381536,2.6807413,0.64258766,0.13026901,0.068512343,0.443279,0.59126341,-0.31300999,-0.52275107,-0.20974108,0.81975557,1.30016,136.32471,177.24394,False,0.98411477,True,False,False,0.81975557,1.30016,136.32471,177.24394,0.81309197,1.317352,131.7566,173.56981,0.96544732,1.0259196,34.994654,35.901703,0.49417469,1.7382371,37.963791,65.990071,0.82337125,1.4837261,60.110001,89.186775,0.86860048,1.3020732,66.553275,86.657236,0.86138547,1.1829298,58.979721,69.768867,0.89721059,1.112283,66.312849,73.758652
0b_color_jitter_best,file,15,baseline_color_jitter,10347,176.Prairie_Warbler/Prairie_Warbler_0053_173290.jpg,176,175,176.Prairie_Warbler,181,180,identity,identity,0,{},0.073204018,0.073204018,0,0.92941117,0.92941117,0.011184009,0.011184009,0.91822716,0.91822716,0,1,1,9.1775859,9.1775859,False,1,True,True,True,1,1,9.1775859,9.1775859,1,1,9.0388007,9.0388007,1,1,1.5900203,1.5900203,1,1,1.5373353,1.5373353,1,1,3.4757612,3.4757612,1,1,4.6444537,4.6444537,1,1,4.4172494,4.4172494,1,1,5.1159124,5.1159124
0b_color_jitter_best,file,15,baseline_color_jitter,10347,176.Prairie_Warbler/Prairie_Warbler_0053_173290.jpg,176,175,176.Prairie_Warbler,181,180,color_jitter,color_jitter,0,"{""brightness"":1.091331,""contrast"":1.053816,""hue"":-0.046824,""saturation"":0.70254}",0.073204018,0.072455212,-0.0007488057,0.92941117,0.93010741,0.011184009,0.014424709,0.91822716,0.91568271,-0.002544458,0.92036881,0.99411238,9.1775859,9.1235518,False,0.99209505,True,True,True,0.92036881,0.99411238,9.1775859,9.1235518,0.91817393,0.99313387,9.0388007,8.9767391,0.98952899,1.0252313,1.5900203,1.6301386,0.88816957,1.0139647,1.5373353,1.5588037,0.84923996,0.98837581,3.4757612,3.4353583,0.92324976,1.0328417,4.6444537,4.7969854,0.92451784,0.9829621,4.4172494,4.3419887,0.94525658,0.9672505,5.1159124,4.9483688
0b_color_jitter_best,file,15,baseline_color_jitter,5285,091.Mockingbird/Mockingbird_0056_81986.jpg,91,90,091.Mockingbird,19,18,identity,identity,0,{},0.88563222,0.88563222,0,0.41245335,0.41245335,0.23507647,0.23507647,0.17737688,0.17737688,0,1,1,115.27378,115.27378,False,1.0000001,True,True,True,1,1,115.27378,115.27378,1,1,113.30937,113.30937,1,1,21.19035,21.19035,1,1,33.769572,33.769572,1,1,53.792944,53.792944,1,1,56.705877,56.705877,1,1,53.37134,53.37134,1,1,52.353532,52.353532
0b_color_jitter_best,file,15,baseline_color_jitter,5285,091.Mockingbird/Mockingbird_0056_81986.jpg,91,90,091.Mockingbird,19,18,color_jitter,color_jitter,0,"{""brightness"":0.919269,""contrast"":1.079295,""hue"":-0.053763,""saturation"":0.731039}",0.88563222,0.66617042,-0.2194618,0.41245335,0.51367199,0.23507647,0.18663482,0.17737688,0.32703717,0.14966029,0.92923694,0.77692452,115.27378,89.559026,False,0.98864651,True,True,True,0.92923694,0.77692452,115.27378,89.559026,0.92743726,0.7755002,113.30937,87.87144,0.97930008,0.81659923,21.19035,17.304024,0.93441035,0.85370838,33.769572,28.829367,0.91165083,0.74147093,53.792944,39.885904,0.93218065,0.7746678,56.705877,43.928217,0.92570015,0.76163707,53.37134,40.649591,0.93940318,0.7915465,52.353532,41.440255
0b_color_jitter_best,file,15,baseline_color_jitter,361,007.Parakeet_Auklet/Parakeet_Auklet_0025_795975.jpg,7,6,007.Parakeet_Auklet,5,4,identity,identity,0,{},0.00040487197,0.00040487197,0,0.99959522,0.99959522,0.00013314831,0.00013314831,0.99946208,0.99946208,0,1,1,0.051299447,0.051299447,False,1,True,True,True,1,1,0.051299447,0.051299447,1,1,0.049540216,0.049540216,1,1,0.013319167,0.013319167,1,1,0.0091585548,0.0091585548,1,1,0.016869623,0.016869623,1,1,0.021658394,0.021658394,1,1,0.025246036,0.025246036,1,1,0.031294111,0.031294111
0b_color_jitter_best,file,15,baseline_color_jitter,361,007.Parakeet_Auklet/Parakeet_Auklet_0025_795975.jpg,7,6,007.Parakeet_Auklet,5,4,color_jitter,color_jitter,0,"{""brightness"":1.211306,""contrast"":0.703078,""hue"":0.047907,""saturation"":1.275592}",0.00040487197,0.00054094463,0.00013607266,0.99959522,0.99945921,0.00013314831,0.00013097322,0.99946208,0.99932823,-0.00013384271,0.85631404,1.3431718,0.051299447,0.068903968,False,0.99272573,True,True,True,0.85631404,1.3431718,0.051299447,0.068903968,0.84814923,1.3489078,0.049540216,0.066825187,0.97894639,1.2611419,0.013319167,0.016797359,0.57558681,0.9761591,0.0091585548,0.0089402066,0.7179162,1.3280627,0.016869623,0.022403918,0.80791127,1.3921106,0.021658394,0.03015088,0.85117878,1.3334286,0.025246036,0.033663787,0.92218337,1.3712398,0.031294111,0.04291173
0b_color_jitter_best,file,15,baseline_color_jitter,8848,151.Black_capped_Vireo/Black_Capped_Vireo_0012_797473.jpg,151,150,151.Black_capped_Vireo,152,151,identity,identity,0,{},0.10433286,0.10433286,0,0.9009254,0.9009254,0.022542363,0.022542363,0.87838303,0.87838303,0,1,1,21.510292,21.510292,False,1.0000001,True,True,True,1,1,21.510292,21.510292,1,1,21.288953,21.288953,1,1,3.0778479,3.0778479,1,1,4.8160408,4.8160408,1,1,9.9092731,9.9092731,1,1,11.845946,11.845946,1,1,9.7870386,9.7870386,1,1,9.7836095,9.7836095
0b_color_jitter_best,file,15,baseline_color_jitter,8848,151.Black_capped_Vireo/Black_Capped_Vireo_0012_797473.jpg,151,150,151.Black_capped_Vireo,152,151,color_jitter,color_jitter,0,"{""brightness"":0.900221,""contrast"":1.364669,""hue"":0.062319,""saturation"":1.112761}",0.10433286,0.11188447,0.0075516105,0.9009254,0.89414757,0.022542363,0.021399369,0.87838303,0.87274821,-0.0056348294,0.91710378,1.0981346,21.510292,23.621195,False,0.99025649,True,True,True,0.91710378,1.0981346,21.510292,23.621195,0.91584671,1.1001532,21.288953,23.421109,0.98786506,0.9967955,3.0778479,3.0679849,0.80943788,1.3535717,4.8160408,6.5188567,0.91703152,1.0870717,9.9092731,10.77209,0.92173372,1.0619535,11.845946,12.579844,0.91646349,1.1099084,9.7870386,10.862716,0.94451278,1.0901921,9.7836095,10.666014
0b_color_jitter_best,file,15,baseline_color_jitter,2931,051.Horned_Grebe/Horned_Grebe_0033_34736.jpg,51,50,051.Horned_Grebe,50,49,identity,identity,0,{},4.3555803,4.3555803,0,0.01283499,0.01283499,0.61437351,0.61437351,-0.60153851,-0.60153851,0,1,1,155.56361,155.56361,False,1,True,False,False,1,1,155.56361,155.56361,1,1,152.00733,152.00733,1,1,33.072772,33.072772,1,1,33.935225,33.935225,1,1,60.372954,60.372954,1,1,77.959379,77.959379,1,1,80.36444,80.36444,1,1,75.984392,75.984392
0b_color_jitter_best,file,15,baseline_color_jitter,2931,051.Horned_Grebe/Horned_Grebe_0033_34736.jpg,51,50,051.Horned_Grebe,50,49,color_jitter,color_jitter,0,"{""brightness"":0.729421,""contrast"":0.604905,""hue"":-0.087535,""saturation"":0.785009}",4.3555803,3.3514757,-1.0041046,0.01283499,0.035032615,0.61437351,0.21940309,-0.60153851,-0.18437047,0.41716804,0.61087508,0.95678456,155.56361,148.84086,False,0.95293939,False,False,False,0.61087508,0.95678456,155.56361,148.84086,0.60028359,0.96140409,152.00733,146.14047,0.86710801,0.85337508,33.072772,28.223479,0.51245184,1.0578582,33.935225,35.898655,0.49498988,1.157747,60.372954,69.896604,0.6331245,0.97123879,77.959379,75.717173,0.61012938,0.86544739,80.36444,69.551195,0.67326937,0.89379059,75.984392,67.914135
0b_color_jitter_best,file,15,baseline_color_jitter,2071,037.Acadian_Flycatcher/Acadian_Flycatcher_0054_29113.jpg,37,36,037.Acadian_Flycatcher,43,42,identity,identity,0,{},3.5353127,3.5353127,0,0.02914964,0.02914964,0.70258772,0.70258772,-0.67343808,-0.67343808,0,1,1,131.15184,131.15184,False,1,True,False,False,1,1,131.15184,131.15184,1,1,126.82954,126.82954,1,1,33.392703,33.392703,1,1,24.976976,24.976976,1,1,53.680433,53.680433,1,1,65.942817,65.942817,1,1,62.809448,62.809448,1,1,65.473761,65.473761
0b_color_jitter_best,file,15,baseline_color_jitter,2071,037.Acadian_Flycatcher/Acadian_Flycatcher_0054_29113.jpg,37,36,037.Acadian_Flycatcher,43,42,color_jitter,color_jitter,0,"{""brightness"":1.378881,""contrast"":0.974926,""hue"":-0.008765,""saturation"":1.246512}",3.5353127,3.7685277,0.23321509,0.02914964,0.023086028,0.70258772,0.82404959,-0.67343808,-0.80096356,-0.12752548,0.87140083,1.0367878,131.15184,135.97663,False,0.97774053,True,False,False,0.87140083,1.0367878,131.15184,135.97663,0.86401051,1.031286,126.82954,130.79754,0.97253797,1.1131331,33.392703,37.170523,0.66456479,1.1546445,24.976976,28.839529,0.83446298,0.9644381,53.680433,51.771455,0.87316879,0.99514079,65.942817,65.622387,0.87509613,1.0590419,62.809448,66.51784,0.89793765,1.0653134,65.473761,69.750077
0b_color_jitter_best,file,15,baseline_color_jitter,662,013.Bobolink/Bobolink_0104_10273.jpg,13,12,013.Bobolink,108,107,identity,identity,0,{},0.0003958157,0.0003958157,0,0.99960428,0.99960428,7.1007787e-05,7.1007787e-05,0.99953328,0.99953328,0,1,1,0.064358277,0.064358277,False,1,True,True,True,1,1,0.064358277,0.064358277,1,1,0.063074324,0.063074324,1,1,0.012791304,0.012791304,1,1,0.010554716,0.010554716,1,1,0.027234314,0.027234314,1,1,0.034466188,0.034466188,1,1,0.030524307,0.030524307,1,1,0.03171134,0.03171134
0b_color_jitter_best,file,15,baseline_color_jitter,662,013.Bobolink/Bobolink_0104_10273.jpg,13,12,013.Bobolink,108,107,color_jitter,color_jitter,0,"{""brightness"":1.297703,""contrast"":0.940069,""hue"":-0.023862,""saturation"":1.182763}",0.0003958157,0.00074561447,0.00034979876,0.99960428,0.99925464,7.1007787e-05,0.00014302267,0.99953328,0.99911162,-0.00042165573,0.83860573,1.8434146,0.064358277,0.11863899,False,0.98865592,True,True,True,0.83860573,1.8434146,0.064358277,0.11863899,0.83254311,1.8438898,0.063074324,0.1163021,0.98700726,1.831823,0.012791304,0.023431405,0.37836336,2.2429871,0.010554716,0.023674092,0.79302724,1.7403013,0.027234314,0.047395912,0.83887922,1.8536267,0.034466188,0.063887448,0.84300012,1.8457568,0.030524307,0.056340447,0.90671302,1.8558484,0.03171134,0.058851439
0b_color_jitter_best,file,15,baseline_color_jitter,3271,057.Rose_breasted_Grosbeak/Rose_Breasted_Grosbeak_0012_39149.jpg,57,56,057.Rose_breasted_Grosbeak,192,191,identity,identity,0,{},0.0080715427,0.0080715427,0,0.99196094,0.99196094,0.00095969677,0.00095969677,0.99100125,0.99100125,0,1,1,1.1409402,1.1409402,False,0.99999988,True,True,True,1,1,1.1409402,1.1409402,1,1,1.1195767,1.1195767,1,1,0.21975576,0.21975576,1,1,0.28570632,0.28570632,1,1,0.37530863,0.37530863,1,1,0.53399692,0.53399692,1,1,0.58558643,0.58558643,1,1,0.63474657,0.63474657
0b_color_jitter_best,file,15,baseline_color_jitter,3271,057.Rose_breasted_Grosbeak/Rose_Breasted_Grosbeak_0012_39149.jpg,57,56,057.Rose_breasted_Grosbeak,192,191,color_jitter,color_jitter,0,"{""brightness"":1.082803,""contrast"":0.996411,""hue"":-0.03532,""saturation"":0.835634}",0.0080715427,0.0097309994,0.0016594566,0.99196094,0.99031621,0.00095969677,0.0013103557,0.99100125,0.98900586,-0.0019953895,0.93940554,1.2773991,1.1409402,1.4574361,False,0.99690789,True,True,True,0.93940554,1.2773991,1.1409402,1.4574361,0.93737087,1.2796585,1.1195767,1.4326759,0.99605328,1.2172902,0.21975576,0.26750653,0.90180388,1.2630898,0.28570632,0.36087275,0.8759466,1.4031491,0.37530863,0.52661398,0.92944965,1.2840428,0.53399692,0.68567487,0.9479871,1.2876576,0.58558643,0.75403479,0.96820319,1.2267044,0.63474657,0.77864643
0b_color_jitter_best,file,15,baseline_color_jitter,11283,192.Downy_Woodpecker/Downy_Woodpecker_0041_184528.jpg,192,191,192.Downy_Woodpecker,13,12,identity,identity,0,{},0.0027700409,0.0027700409,0,0.99723381,0.99723381,0.00021978143,0.00021978143,0.99701403,0.99701403,0,1,1,0.48103502,0.48103502,False,1.0000001,True,True,True,1,1,0.48103502,0.48103502,1,1,0.47540763,0.47540763,1,1,0.073364012,0.073364012,1,1,0.080555642,0.080555642,1,1,0.17516755,0.17516755,1,1,0.27337968,0.27337968,1,1,0.23700642,0.23700642,1,1,0.24068868,0.24068868
0b_color_jitter_best,file,15,baseline_color_jitter,11283,192.Downy_Woodpecker/Downy_Woodpecker_0041_184528.jpg,192,191,192.Downy_Woodpecker,13,12,color_jitter,color_jitter,0,"{""brightness"":1.210089,""contrast"":1.194211,""hue"":0.081648,""saturation"":0.715344}",0.0027700409,0.0076675154,0.0048974745,0.99723381,0.99236178,0.00021978143,0.00055361632,0.99701403,0.99180817,-0.0052058589,0.91209333,2.9041176,0.48103502,1.3969823,False,0.9862448,True,True,True,0.91209333,2.9041176,0.48103502,1.3969823,0.91062855,2.9104436,0.47540763,1.3836471,0.98506749,2.6247487,0.073364012,0.1925621,0.82550678,4.0168533,0.080555642,0.3235802,0.82391639,3.0362135,0.17516755,0.53184609,0.94025223,2.9191645,0.27337968,0.79804025,0.91969143,2.9080027,0.23700642,0.68921532,0.93751476,2.6766002,0.24068868,0.64422736
0b_color_jitter_best,file,15,baseline_color_jitter,9371,160.Black_throated_Blue_Warbler/Black_Throated_Blue_Warbler_0133_161539.jpg,160,159,160.Black_throated_Blue_Warbler,37,36,identity,identity,0,{},4.3859887,4.3859887,0,0.012450573,0.012450573,0.15416515,0.15416515,-0.14171458,-0.14171458,0,1,1,146.08697,146.08697,False,1,True,False,False,1,1,146.08697,146.08697,1,1,143.86532,143.86532,1,1,25.380563,25.380563,1,1,45.640922,45.640922,1,1,65.67513,65.67513,1,1,71.908029,71.908029,1,1,65.649742,65.649742,1,1,69.428091,69.428091
0b_color_jitter_best,file,15,baseline_color_jitter,9371,160.Black_throated_Blue_Warbler/Black_Throated_Blue_Warbler_0133_161539.jpg,160,159,160.Black_throated_Blue_Warbler,37,36,color_jitter,color_jitter,0,"{""brightness"":0.894678,""contrast"":1.325492,""hue"":-0.018487,""saturation"":0.98298}",4.3859887,4.5310068,0.1450181,0.012450573,0.010769831,0.15416515,0.13522722,-0.14171458,-0.12445739,0.017257188,0.92409599,0.89097087,146.08697,130.15923,False,0.99116433,True,False,False,0.92409599,0.89097087,146.08697,130.15923,0.92208133,0.88697967,143.86532,127.60561,0.98853022,1.0108552,25.380563,25.656074,0.94587549,0.94226497,45.640922,43.005842,0.90070172,0.75545506,65.67513,49.614609,0.91995957,0.86578258,71.908029,62.256719,0.92052901,0.93169848,65.649742,61.165765,0.94316178,0.95050716,69.428091,65.991898
0b_color_jitter_best,file,15,baseline_color_jitter,511,010.Red_winged_Blackbird/Red_Winged_Blackbird_0012_6015.jpg,10,9,010.Red_winged_Blackbird,27,26,identity,identity,0,{},0.089488231,0.089488231,0,0.91439903,0.91439903,0.018784678,0.018784678,0.89561435,0.89561435,0,1,1,10.151073,10.151073,False,1,True,True,True,1,1,10.151073,10.151073,1,1,9.8511304,9.8511304,1,1,2.4493911,2.4493911,1,1,2.1651785,2.1651785,1,1,3.8906754,3.8906754,1,1,4.6030474,4.6030474,1,1,4.8072549,4.8072549,1,1,5.737741,5.737741
0b_color_jitter_best,file,15,baseline_color_jitter,511,010.Red_winged_Blackbird/Red_Winged_Blackbird_0012_6015.jpg,10,9,010.Red_winged_Blackbird,27,26,color_jitter,color_jitter,0,"{""brightness"":1.353972,""contrast"":1.022883,""hue"":-0.024788,""saturation"":0.745023}",0.089488231,0.13587323,0.046384998,0.91439903,0.8729533,0.018784678,0.034238931,0.89561435,0.83871436,-0.056899985,0.85727523,1.4039542,10.151073,14.251642,False,0.99136645,True,True,True,0.85727523,1.4039542,10.151073,14.251642,0.84888377,1.4001527,9.8511304,13.793087,0.98788702,1.4640746,2.4493911,3.5860913,0.51089752,1.3108829,2.1651785,2.8382954,0.81338996,1.272362,3.8906754,4.9503474,0.83178208,1.4377401,4.6030474,6.6179858,0.85017296,1.4727298,4.8072549,7.0797873,0.92245129,1.3917285,5.737741,7.9853779
0b_color_jitter_best,file,15,baseline_color_jitter,7106,122.Harris_Sparrow/Harris_Sparrow_0074_116539.jpg,122,121,122.Harris_Sparrow,118,117,identity,identity,0,{},0.63793427,0.63793427,0,0.52838278,0.52838278,0.24581647,0.24581647,0.28256631,0.28256631,0,1,1,105.04757,105.04757,False,1,True,True,True,1,1,105.04757,105.04757,1,1,103.9999,103.9999,1,1,14.799062,14.799062,1,1,29.662448,29.662448,1,1,50.485254,50.485254,1,1,59.707538,59.707538,1,1,47.180241,47.180241,1,1,39.954885,39.954885
0b_color_jitter_best,file,15,baseline_color_jitter,7106,122.Harris_Sparrow/Harris_Sparrow_0074_116539.jpg,122,121,122.Harris_Sparrow,118,117,color_jitter,color_jitter,0,"{""brightness"":1.17426,""contrast"":0.837486,""hue"":-0.013995,""saturation"":0.73838}",0.63793427,0.54732168,-0.09061259,0.52838278,0.57849711,0.24581647,0.15492636,0.28256631,0.42357075,0.14100444,0.92594354,0.85958316,105.04757,90.297122,False,0.99162722,True,True,True,0.92594354,0.85958316,105.04757,90.297122,0.92480931,0.85980112,103.9999,89.419233,0.98276305,0.84874937,14.799062,12.560695,0.93697397,0.73834746,29.662448,21.901193,0.91618677,0.91799288,50.485254,46.345104,0.92260836,0.82350043,59.707538,49.169183,0.929436,0.88133713,47.180241,41.581698,0.94239094,0.87477941,39.954885,34.951711
0b_color_jitter_best,file,15,baseline_color_jitter,6182,106.Horned_Puffin/Horned_Puffin_0067_100737.jpg,106,105,106.Horned_Puffin,84,83,identity,identity,0,{},0.011878943,0.011878943,0,0.98819131,0.98819131,0.0064476859,0.0064476859,0.98174362,0.98174362,0,1,1,1.8777393,1.8777393,False,0.99999994,True,True,True,1,1,1.8777393,1.8777393,1,1,1.8419706,1.8419706,1,1,0.36475942,0.36475942,1,1,0.60463407,0.60463407,1,1,0.7064609,0.7064609,1,1,0.97728283,0.97728283,1,1,0.87199659,0.87199659,1,1,0.90151339,0.90151339
0b_color_jitter_best,file,15,baseline_color_jitter,6182,106.Horned_Puffin/Horned_Puffin_0067_100737.jpg,106,105,106.Horned_Puffin,84,83,color_jitter,color_jitter,0,"{""brightness"":1.340089,""contrast"":0.720285,""hue"":-0.076869,""saturation"":0.799579}",0.011878943,0.032429099,0.020550156,0.98819131,0.96809107,0.0064476859,0.021131881,0.98174362,0.94695919,-0.034784431,0.88439676,2.9090356,1.8777393,5.4624106,False,0.98364758,True,True,True,0.88439676,2.9090356,1.8777393,5.4624106,0.88065378,2.9091824,1.8419706,5.3586284,0.97997413,2.9052887,0.36475942,1.0597314,0.86339011,2.856038,0.60463407,1.7268579,0.82001108,2.8427459,0.7064609,2.0082888,0.89453729,2.8665253,0.97728283,2.801406,0.89725182,3.1156243,0.87199659,2.7168137,0.89518897,2.8216485,0.90151339,2.5437539
0b_color_jitter_best,file,15,baseline_color_jitter,8405,144.Common_Tern/Common_Tern_0019_149769.jpg,144,143,144.Common_Tern,147,146,identity,identity,0,{},2.7793868,2.7793868,0,0.062076572,0.062076572,0.38543969,0.38543969,-0.32336312,-0.32336312,0,1,1,160.43453,160.43453,False,1,True,False,False,1,1,160.43453,160.43453,1,1,157.95709,157.95709,1,1,28.085521,28.085521,1,1,28.918423,28.918423,1,1,51.664873,51.664873,1,1,92.168694,92.168694,1,1,85.620291,85.620291,1,1,74.960034,74.960034
0b_color_jitter_best,file,15,baseline_color_jitter,8405,144.Common_Tern/Common_Tern_0019_149769.jpg,144,143,144.Common_Tern,147,146,color_jitter,color_jitter,0,"{""brightness"":0.911421,""contrast"":1.11013,""hue"":-0.068575,""saturation"":1.38346}",2.7793868,2.6420441,-0.13734269,0.062076572,0.071215563,0.38543969,0.18582858,-0.32336312,-0.11461302,0.2087501,0.84628626,0.84306572,160.43453,135.25686,False,0.98355263,True,False,False,0.84628626,0.84306572,160.43453,135.25686,0.84249756,0.84224603,157.95709,133.03874,0.96288058,0.86859401,28.085521,24.394915,0.67658129,0.61807842,28.918423,17.873853,0.69293776,0.83768162,51.664873,43.278714,0.85298363,0.80065455,92.168694,73.795284,0.87181673,0.87302163,85.620291,74.748366,0.88241068,0.89228724,74.960034,66.885882
0b_color_jitter_best,file,15,baseline_color_jitter,2439,043.Yellow_bellied_Flycatcher/Yellow_Bellied_Flycatcher_0018_795494.jpg,43,42,043.Yellow_bellied_Flycatcher,42,41,identity,identity,0,{},3.2071559,3.2071559,0,0.04047155,0.04047155,0.63918626,0.63918626,-0.59871471,-0.59871471,0,1,1,205.39134,205.39134,False,0.99999994,True,False,False,1,1,205.39134,205.39134,1,1,202.48398,202.48398,1,1,34.435983,34.435983,1,1,51.335238,51.335238,1,1,78.169518,78.169518,1,1,115.50299,115.50299,1,1,99.515223,99.515223,1,1,94.919774,94.919774
0b_color_jitter_best,file,15,baseline_color_jitter,2439,043.Yellow_bellied_Flycatcher/Yellow_Bellied_Flycatcher_0018_795494.jpg,43,42,043.Yellow_bellied_Flycatcher,42,41,color_jitter,color_jitter,0,"{""brightness"":1.397309,""contrast"":0.839768,""hue"":-0.044579,""saturation"":1.122826}",3.2071559,2.4447217,-0.76243424,0.04047155,0.086750284,0.63918626,0.24817005,-0.59871471,-0.16141976,0.43729495,0.80010036,0.76034675,205.39134,156.16863,False,0.94943392,True,False,False,0.80010036,0.76034675,205.39134,156.16863,0.79732901,0.76090631,202.48398,154.07134,0.89880769,0.74074031,34.435983,25.508121,0.72554379,0.93004085,51.335238,47.743869,0.67865776,0.78374564,78.169518,61.265019,0.84322809,0.77258044,115.50299,89.235351,0.81771673,0.72755266,99.515223,72.402565,0.82654628,0.70672505,94.919774,67.082182
0b_color_jitter_best,file,15,baseline_color_jitter,9446,161.Blue_winged_Warbler/Blue_Winged_Warbler_0023_161774.jpg,161,160,161.Blue_winged_Warbler,163,162,identity,identity,0,{},3.527483,3.527483,0,0.029378762,0.029378762,0.18631211,0.18631211,-0.15693335,-0.15693335,0,1,1,181.70038,181.70038,False,1,True,False,False,1,1,181.70038,181.70038,1,1,179.49838,179.49838,1,1,28.202182,28.202182,1,1,72.762952,72.762952,1,1,88.977101,88.977101,1,1,85.408746,85.408746,1,1,76.691533,76.691533,1,1,76.367857,76.367857
0b_color_jitter_best,file,15,baseline_color_jitter,9446,161.Blue_winged_Warbler/Blue_Winged_Warbler_0023_161774.jpg,161,160,161.Blue_winged_Warbler,163,162,color_jitter,color_jitter,0,"{""brightness"":0.780612,""contrast"":1.252088,""hue"":0.082417,""saturation"":1.000192}",3.527483,5.8315043,2.3040214,0.029378762,0.0029336605,0.18631211,0.03332537,-0.15693335,-0.03039171,0.12654164,0.76139759,1.0239327,181.70038,186.04897,False,0.9333002,False,False,False,0.76139759,1.0239327,181.70038,186.04897,0.75838578,1.0257707,179.49838,184.12417,0.89603508,0.9464823,28.202182,26.692866,0.79677576,1.3094879,72.762952,95.282208,0.81062159,0.99532759,88.977101,88.561364,0.69621318,0.8665822,85.408746,74.013699,0.72494132,0.95434263,76.691533,73.19,0.78221529,1.0264872,76.367857,78.390628
0b_color_jitter_best,file,15,baseline_color_jitter,3497,061.Heermann_Gull/Heermann_Gull_0128_45663.jpg,61,60,061.Heermann_Gull,66,65,identity,identity,0,{},0.12180749,0.12180749,0,0.88531882,0.88531882,0.035339918,0.035339918,0.8499789,0.8499789,0,1,1,22.983506,22.983506,False,0.99999988,True,True,True,1,1,22.983506,22.983506,1,1,22.579599,22.579599,1,1,4.2898989,4.2898989,1,1,6.4659105,6.4659105,1,1,10.494942,10.494942,1,1,11.806756,11.806756,1,1,10.558101,10.558101,1,1,10.344733,10.344733
0b_color_jitter_best,file,15,baseline_color_jitter,3497,061.Heermann_Gull/Heermann_Gull_0128_45663.jpg,61,60,061.Heermann_Gull,66,65,color_jitter,color_jitter,0,"{""brightness"":1.231701,""contrast"":0.819628,""hue"":-0.073444,""saturation"":1.101559}",0.12180749,0.23962429,0.11781681,0.88531882,0.78692347,0.035339918,0.10634513,0.8499789,0.68057834,-0.16940056,0.80617512,1.8197414,22.983506,41.824036,False,0.97091806,True,True,True,0.80617512,1.8197414,22.983506,41.824036,0.80100882,1.8152667,22.579599,40.987994,0.94182995,1.9396065,4.2898989,8.3207158,0.69169502,1.5803615,6.4659105,10.218476,0.72465233,1.8642002,10.494942,19.564673,0.82687699,1.7695789,11.806756,20.892986,0.8313759,1.868134,10.558101,19.723948,0.85613537,1.8525675,10.344733,19.164317
0b_color_jitter_best,file,15,baseline_color_jitter,8172,140.Summer_Tanager/Summer_Tanager_0018_139290.jpg,140,139,140.Summer_Tanager,16,15,identity,identity,0,{},0.59135467,0.59135467,0,0.55357683,0.55357683,0.25460964,0.25460964,0.29896718,0.29896718,0,1,1,69.651767,69.651767,False,1.0000001,True,True,True,1,1,69.651767,69.651767,1,1,68.516001,68.516001,1,1,12.527017,12.527017,1,1,12.408865,12.408865,1,1,30.691223,30.691223,1,1,38.621294,38.621294,1,1,34.226751,34.226751,1,1,30.584908,30.584908
0b_color_jitter_best,file,15,baseline_color_jitter,8172,140.Summer_Tanager/Summer_Tanager_0018_139290.jpg,140,139,140.Summer_Tanager,16,15,color_jitter,color_jitter,0,"{""brightness"":1.279586,""contrast"":1.267794,""hue"":-0.088703,""saturation"":1.091817}",0.59135467,1.5733588,0.98200411,0.55357683,0.20734756,0.25460964,0.28295356,0.29896718,-0.075606003,-0.37457319,0.72000246,1.5412179,69.651767,107.34855,False,0.92891979,False,True,False,0.72000246,1.5412179,69.651767,107.34855,0.71277169,1.5318276,68.516001,104.9547,0.91313221,1.7996134,12.527017,22.543788,0.45352139,1.4673346,12.408865,18.207957,0.58765215,1.4425538,30.691223,44.27374,0.75743187,1.5425863,38.621294,59.576679,0.74344092,1.5084592,34.226751,51.629658,0.76248398,1.6376658,30.584908,50.087856
0b_color_jitter_best,file,15,baseline_color_jitter,1658,030.Fish_Crow/Fish_Crow_0033_25915.jpg,30,29,030.Fish_Crow,107,106,identity,identity,0,{},4.6884546,4.6884546,0,0.0092008943,0.0092008943,0.71123517,0.71123517,-0.70203427,-0.70203427,0,1,1,215.42245,215.42245,False,1,True,False,False,1,1,215.42245,215.42245,1,1,212.03587,212.03587,1,1,38.047615,38.047615,1,1,79.175356,79.175356,1,1,112.9083,112.9083,1,1,112.02202,112.02202,1,1,82.9709,82.9709,1,1,80.678911,80.678911
0b_color_jitter_best,file,15,baseline_color_jitter,1658,030.Fish_Crow/Fish_Crow_0033_25915.jpg,30,29,030.Fish_Crow,107,106,color_jitter,color_jitter,0,"{""brightness"":1.363897,""contrast"":1.356895,""hue"":0.028062,""saturation"":1.22008}",4.6884546,4.3323555,-0.35609913,0.0092008943,0.013136566,0.71123517,0.50563043,-0.70203427,-0.49249387,0.2095404,0.86867077,0.75173551,215.42245,161.94071,False,0.97114253,True,False,False,0.86867077,0.75173551,215.42245,161.94071,0.86572879,0.74708961,212.03587,158.4098,0.95775835,0.88395175,38.047615,33.632256,0.87195129,0.66453559,79.175356,52.614842,0.85987254,0.68166819,112.9083,76.965997,0.887423,0.7912309,112.02202,88.635287,0.85958779,0.78263965,82.9709,64.936316,0.85364691,0.81548435,80.678911,65.792389
0b_color_jitter_best,file,15,baseline_color_jitter,3706,064.Ring_billed_Gull/Ring_Billed_Gull_0028_51454.jpg,64,63,064.Ring_billed_Gull,63,62,identity,identity,0,{},1.7405077,1.7405077,0,0.17543131,0.17543131,0.25539419,0.25539419,-0.079962879,-0.079962879,0,1,1,84.301686,84.301686,False,1,True,False,False,1,1,84.301686,84.301686,1,1,81.935606,81.935606,1,1,19.832567,19.832567,1,1,22.341072,22.341072,1,1,33.450439,33.450439,1,1,35.339901,35.339901,1,1,39.579051,39.579051,1,1,47.749116,47.749116
0b_color_jitter_best,file,15,baseline_color_jitter,3706,064.Ring_billed_Gull/Ring_Billed_Gull_0028_51454.jpg,64,63,064.Ring_billed_Gull,63,62,color_jitter,color_jitter,0,"{""brightness"":0.757662,""contrast"":0.890901,""hue"":-0.075168,""saturation"":1.293454}",1.7405077,1.4887745,-0.25173318,0.17543131,0.22564903,0.25539419,0.10348384,-0.079962879,0.12216519,0.20212807,0.8113305,0.84980442,84.301686,71.639945,False,0.98322701,False,False,True,0.8113305,0.84980442,84.301686,71.639945,0.8019255,0.84576107,81.935606,69.297946,0.96196995,0.91606929,19.832567,18.168006,0.6756492,0.50571366,22.341072,11.298185,0.7568867,0.72243804,33.450439,24.16587,0.79478546,0.94555605,35.339901,33.415857,0.79973207,0.89013902,39.579051,35.230858,0.86395543,0.8717674,47.749116,41.626123
0b_color_jitter_best,file,15,baseline_color_jitter,5096,088.Western_Meadowlark/Western_Meadowlark_0050_77864.jpg,88,87,088.Western_Meadowlark,36,35,identity,identity,0,{},0.041700132,0.041700132,0,0.95915735,0.95915735,0.01142383,0.01142383,0.94773352,0.94773352,0,1,1,6.183864,6.183864,False,1,True,True,True,1,1,6.183864,6.183864,1,1,6.0648154,6.0648154,1,1,1.2075545,1.2075545,1,1,1.6301384,1.6301384,1,1,2.3287867,2.3287867,1,1,3.3701414,3.3701414,1,1,3.0316365,3.0316365,1,1,2.8552959,2.8552959
0b_color_jitter_best,file,15,baseline_color_jitter,5096,088.Western_Meadowlark/Western_Meadowlark_0050_77864.jpg,88,87,088.Western_Meadowlark,36,35,color_jitter,color_jitter,0,"{""brightness"":0.673422,""contrast"":0.96586,""hue"":0.037273,""saturation"":0.663149}",0.041700132,0.052992884,0.011292752,0.95915735,0.94838679,0.01142383,0.0098882662,0.94773352,0.93849852,-0.0092349956,0.8642272,1.2830731,6.183864,7.9343493,False,0.98623633,True,True,True,0.8642272,1.2830731,6.183864,7.9343493,0.85968784,1.2836018,6.0648154,7.7848077,0.98003636,1.2696644,1.2075545,1.533189,0.75202816,1.1232163,1.6301384,1.8309981,0.74494079,1.4566364,2.3287867,3.3921954,0.89712584,1.2893692,3.3701414,4.3453566,0.88805458,1.2607856,3.0316365,3.8222436,0.90360578,1.2258933,2.8552959,3.5002882
0b_color_jitter_best,file,15,baseline_color_jitter,5432,093.Clark_Nutcracker/Clark_Nutcracker_0066_85390.jpg,93,92,093.Clark_Nutcracker,11,10,identity,identity,0,{},8.0802135,8.0802135,0,0.00030960503,0.00030960503,0.40246072,0.40246072,-0.40215112,-0.40215112,0,1,1,207.80935,207.80935,False,0.99999994,True,False,False,1,1,207.80935,207.80935,1,1,204.18923,204.18923,1,1,38.619725,38.619725,1,1,46.993117,46.993117,1,1,103.24116,103.24116,1,1,109.16461,109.16461,1,1,93.634083,93.634083,1,1,90.232473,90.232473
0b_color_jitter_best,file,15,baseline_color_jitter,5432,093.Clark_Nutcracker/Clark_Nutcracker_0066_85390.jpg,93,92,093.Clark_Nutcracker,11,10,color_jitter,color_jitter,0,"{""brightness"":1.313213,""contrast"":1.209043,""hue"":0.059724,""saturation"":1.02514}",8.0802135,7.1491551,-0.93105841,0.00030960503,0.00078552734,0.40246072,0.49402112,-0.40215112,-0.49323559,-0.091084471,0.81104278,0.84215395,207.80935,175.00746,False,0.95728886,True,False,False,0.81104278,0.84215395,207.80935,175.00746,0.8072913,0.83845837,204.18923,171.20417,0.90968585,0.93959683,38.619725,36.286971,0.69919482,0.93685617,46.993117,44.025792,0.80917345,0.76242827,103.24116,78.713977,0.82738611,0.79723877,109.16461,87.030259,0.80169254,0.88646403,93.634083,83.003246,0.82613879,0.9080135,90.232473,81.932304
0b_color_jitter_best,file,15,baseline_color_jitter,6880,118.House_Sparrow/House_Sparrow_0055_111393.jpg,118,117,118.House_Sparrow,133,132,identity,identity,0,{},1.9166268,1.9166268,0,0.14710233,0.14710233,0.24341565,0.24341565,-0.096313328,-0.096313328,0,1,1,175.21223,175.21223,False,1,True,False,False,1,1,175.21223,175.21223,1,1,172.50945,172.50945,1,1,30.656398,30.656398,1,1,72.178928,72.178928,1,1,83.92979,83.92979,1,1,88.207264,88.207264,1,1,67.643335,67.643335,1,1,71.759057,71.759057
0b_color_jitter_best,file,15,baseline_color_jitter,6880,118.House_Sparrow/House_Sparrow_0055_111393.jpg,118,117,118.House_Sparrow,133,132,color_jitter,color_jitter,0,"{""brightness"":0.995619,""contrast"":0.757055,""hue"":-0.097707,""saturation"":1.350233}",1.9166268,2.09431,0.17768323,0.14710233,0.1231552,0.24341565,0.13074836,-0.096313328,-0.0075931624,0.088720165,0.85804654,1.1279007,175.21223,197.62201,False,0.98182577,False,False,False,0.85804654,1.1279007,175.21223,197.62201,0.85554854,1.1295345,172.50945,194.85537,0.94219245,1.0748855,30.656398,32.952118,0.90869762,0.91010845,72.178928,65.690652,0.82372434,1.1952855,83.92979,100.32006,0.88536004,1.2265863,88.207264,108.19382,0.83357099,1.1415885,67.643335,77.220852,0.85322674,1.0722456,71.759057,76.943334
0b_color_jitter_best,file,15,baseline_color_jitter,2034,036.Northern_Flicker/Northern_Flicker_0138_28476.jpg,36,35,036.Northern_Flicker,194,193,identity,identity,0,{},0.070143074,0.070143074,0,0.93226045,0.93226045,0.010928366,0.010928366,0.92133209,0.92133209,0,1,1,9.7861822,9.7861822,False,0.99999994,True,True,True,1,1,9.7861822,9.7861822,1,1,9.6433005,9.6433005,1,1,1.6661681,1.6661681,1,1,1.1490871,1.1490871,1,1,2.8016191,2.8016191,1,1,4.3161945,4.3161945,1,1,5.139662,5.139662,1,1,6.2272076,6.2272076
0b_color_jitter_best,file,15,baseline_color_jitter,2034,036.Northern_Flicker/Northern_Flicker_0138_28476.jpg,36,35,036.Northern_Flicker,194,193,color_jitter,color_jitter,0,"{""brightness"":1.228991,""contrast"":0.797741,""hue"":-0.014827,""saturation"":1.101409}",0.070143074,0.058754344,-0.01138873,0.93226045,0.94293839,0.010928366,0.0097117079,0.92133209,0.93322668,0.011894592,0.95640145,0.85691205,9.7861822,8.3858974,False,0.99736106,True,True,True,0.95640145,0.85691205,9.7861822,8.3858974,0.95517514,0.85669206,9.6433005,8.261339,0.99715637,0.8642489,1.6661681,1.4399839,0.87817106,0.91664984,1.1490871,1.0533105,0.91730325,0.89172888,2.8016191,2.4982847,0.93947973,0.88658203,4.3161945,3.8266605,0.95511082,0.85982251,5.139662,4.4191971,0.97541558,0.83018572,6.2272076,5.1697388
0b_color_jitter_best,file,15,baseline_color_jitter,8949,153.Philadelphia_Vireo/Philadelphia_Vireo_0070_794758.jpg,153,152,153.Philadelphia_Vireo,161,160,identity,identity,0,{},1.0265979,1.0265979,0,0.35822362,0.35822362,0.22591485,0.22591485,0.13230877,0.13230877,0,1,1,116.54352,116.54352,False,1,True,True,True,1,1,116.54352,116.54352,1,1,114.65227,114.65227,1,1,20.910467,20.910467,1,1,23.112547,23.112547,1,1,50.71867,50.71867,1,1,63.715119,63.715119,1,1,57.36324,57.36324,1,1,51.849903,51.849903
0b_color_jitter_best,file,15,baseline_color_jitter,8949,153.Philadelphia_Vireo/Philadelphia_Vireo_0070_794758.jpg,153,152,153.Philadelphia_Vireo,161,160,color_jitter,color_jitter,0,"{""brightness"":0.687831,""contrast"":1.126441,""hue"":-0.042827,""saturation"":0.966725}",1.0265979,0.68382502,-0.34277284,0.35822362,0.50468284,0.22591485,0.13862535,0.13230877,0.36605749,0.23374872,0.90228883,0.79117076,116.54352,92.205822,False,0.98749232,True,True,True,0.90228883,0.79117076,116.54352,92.205822,0.89966155,0.7912025,114.65227,90.713164,0.98137303,0.790216,20.910467,16.523786,0.77408148,1.064087,23.112547,24.593761,0.81778478,0.76316655,50.71867,38.706793,0.92757896,0.79815124,63.715119,50.854301,0.93195425,0.76505566,57.36324,43.886071,0.94092121,0.77474424,51.849903,40.170413
0b_color_jitter_best,file,15,baseline_color_jitter,10877,185.Bohemian_Waxwing/Bohemian_Waxwing_0117_177858.jpg,185,184,185.Bohemian_Waxwing,186,185,identity,identity,0,{},4.5426989,4.5426989,0,0.010644638,0.010644638,0.94262296,0.94262296,-0.93197832,-0.93197832,0,1,1,134.94813,134.94813,False,1,True,False,False,1,1,134.94813,134.94813,1,1,130.6903,130.6903,1,1,33.630975,33.630975,1,1,24.764726,24.764726,1,1,47.136377,47.136377,1,1,67.845644,67.845644,1,1,66.014154,66.014154,1,1,72.690616,72.690616
0b_color_jitter_best,file,15,baseline_color_jitter,10877,185.Bohemian_Waxwing/Bohemian_Waxwing_0117_177858.jpg,185,184,185.Bohemian_Waxwing,186,185,color_jitter,color_jitter,0,"{""brightness"":0.780591,""contrast"":0.864937,""hue"":-0.039339,""saturation"":1.11368}",4.5426989,4.2867298,-0.25596905,0.010644638,0.013749819,0.94262296,0.88880336,-0.93197832,-0.87505354,0.056924778,0.90757335,1.0592491,134.94813,142.94368,False,0.99186981,True,False,False,0.90757335,1.0592491,134.94813,142.94368,0.90261675,1.064171,130.6903,139.07683,0.99146048,0.98192764,33.630975,33.023184,0.73511793,0.99234933,24.764726,24.575259,0.82166668,1.1691521,47.136377,55.109596,0.91063436,1.1026192,67.845644,74.807911,0.91822184,1.0551863,66.014154,69.657228,0.94525211,0.99706947,72.690616,72.477594
0b_color_jitter_best,file,15,baseline_color_jitter,11558,197.Marsh_Wren/Marsh_Wren_0008_188533.jpg,197,196,197.Marsh_Wren,196,195,identity,identity,0,{},0.0033984783,0.0033984783,0,0.9966073,0.9966073,0.0026409125,0.0026409125,0.99396639,0.99396639,0,1,1,0.67377345,0.67377345,False,0.99999988,True,True,True,1,1,0.67377345,0.67377345,1,1,0.65646156,0.65646156,1,1,0.1517527,0.1517527,1,1,0.14698349,0.14698349,1,1,0.28018551,0.28018551,1,1,0.35447589,0.35447589,1,1,0.31203719,0.31203719,1,1,0.32834943,0.32834943
0b_color_jitter_best,file,15,baseline_color_jitter,11558,197.Marsh_Wren/Marsh_Wren_0008_188533.jpg,197,196,197.Marsh_Wren,196,195,color_jitter,color_jitter,0,"{""brightness"":1.350379,""contrast"":1.275284,""hue"":0.075675,""saturation"":0.730537}",0.0033984783,0.0026167934,-0.00078168488,0.9966073,0.99738663,0.0026409125,0.0019209762,0.99396639,0.99546566,0.0014992671,0.85706132,0.73663216,0.67377345,0.49632319,False,0.98245835,True,True,True,0.85706132,0.73663216,0.67377345,0.49632319,0.84998451,0.73262816,0.65646156,0.48094222,0.98102484,0.8079075,0.1517527,0.12260214,0.61398122,0.61760824,0.14698349,0.090778212,0.77141707,0.69261575,0.28018551,0.1940609,0.8763522,0.74795657,0.35447589,0.26513258,0.85244906,0.73091879,0.31203719,0.22807384,0.91168629,0.7649823,0.32834943,0.2511815
0b_color_jitter_best,file,15,baseline_color_jitter,10353,176.Prairie_Warbler/Prairie_Warbler_0020_173359.jpg,176,175,176.Prairie_Warbler,161,160,identity,identity,0,{},0.019173406,0.019173406,0,0.98100924,0.98100924,0.0054813339,0.0054813339,0.97552791,0.97552791,0,1,1,2.1566848,2.1566848,False,1.0000001,True,True,True,1,1,2.1566848,2.1566848,1,1,2.0837472,2.0837472,1,1,0.55613568,0.55613568,1,1,0.3944878,0.3944878,1,1,0.7577454,0.7577454,1,1,0.99532481,0.99532481,1,1,0.98487453,0.98487453,1,1,1.2851282,1.2851282
0b_color_jitter_best,file,15,baseline_color_jitter,10353,176.Prairie_Warbler/Prairie_Warbler_0020_173359.jpg,176,175,176.Prairie_Warbler,161,160,color_jitter,color_jitter,0,"{""brightness"":1.207866,""contrast"":0.655979,""hue"":-0.034457,""saturation"":1.082705}",0.019173406,0.019783558,0.00061015226,0.98100924,0.98041087,0.0054813339,0.0071623735,0.97552791,0.9732485,-0.0022794106,0.90219825,1.13955,2.1566848,2.4576501,False,0.99481398,True,True,True,0.90219825,1.13955,2.1566848,2.4576501,0.89609703,1.142723,2.0837472,2.3811458,0.99246443,1.0940337,0.55613568,0.60843115,0.84482003,1.0884846,0.3944878,0.4293939,0.86940776,1.256458,0.7577454,0.95207525,0.89086465,1.2813157,0.99532481,1.2753253,0.88370386,1.0995909,0.98487453,1.0829591,0.93468032,1.0380923,1.2851282,1.3340817
0b_color_jitter_best,file,15,baseline_color_jitter,5997,103.Sayornis/Sayornis_0098_98419.jpg,103,102,103.Sayornis,76,75,identity,identity,0,{},3.5094023,3.5094023,0,0.029914787,0.029914787,0.41244745,0.41244745,-0.38253267,-0.38253267,0,1,1,132.04589,132.04589,False,1,True,False,False,1,1,132.04589,132.04589,1,1,128.40795,128.40795,1,1,30.781723,30.781723,1,1,27.36339,27.36339,1,1,58.527267,58.527267,1,1,72.026096,72.026096,1,1,60.103578,60.103578,1,1,59.280751,59.280751
0b_color_jitter_best,file,15,baseline_color_jitter,5997,103.Sayornis/Sayornis_0098_98419.jpg,103,102,103.Sayornis,76,75,color_jitter,color_jitter,0,"{""brightness"":1.26965,""contrast"":0.672296,""hue"":-0.039911,""saturation"":1.084101}",3.5094023,3.6476536,0.1382513,0.029914787,0.026052186,0.41244745,0.42805704,-0.38253267,-0.40200486,-0.019472193,0.88517701,1.1664239,132.04589,154.02148,False,0.98814762,True,False,False,0.88517701,1.1664239,132.04589,154.02148,0.88020484,1.1710827,128.40795,150.37633,0.98143668,1.0821456,30.781723,33.310305,0.67581195,1.0261937,27.36339,28.080139,0.85705305,1.3505464,58.527267,79.043791,0.90207175,1.1453729,72.026096,82.496737,0.89537069,1.1134347,60.103578,66.921406,0.91422339,1.1051936,59.280751,65.516704
0b_color_jitter_best,file,15,baseline_color_jitter,3787,066.Western_Gull/Western_Gull_0131_53349.jpg,66,65,066.Western_Gull,65,64,identity,identity,0,{},4.2315063,4.2315063,0,0.014530485,0.014530485,0.96041387,0.96041387,-0.94588339,-0.94588339,0,1,1,255.42192,255.42192,False,1,True,False,False,1,1,255.42192,255.42192,1,1,249.91879,249.91879,1,1,52.734779,52.734779,1,1,76.127381,76.127381,1,1,130.23105,130.23105,1,1,132.75976,132.75976,1,1,104.69213,104.69213,1,1,105.44335,105.44335
0b_color_jitter_best,file,15,baseline_color_jitter,3787,066.Western_Gull/Western_Gull_0131_53349.jpg,66,65,066.Western_Gull,65,64,color_jitter,color_jitter,0,"{""brightness"":1.241338,""contrast"":1.129572,""hue"":-0.02736,""saturation"":1.13678}",4.2315063,5.126122,0.89461565,0.014530485,0.0059395488,0.96041387,0.98482591,-0.94588339,-0.97888636,-0.033002973,0.88256977,0.88662007,255.42192,226.4622,False,0.98235816,True,False,False,0.88256977,0.88662007,255.42192,226.4622,0.87791187,0.88391281,249.91879,220.90642,0.98228691,0.94538396,52.734779,49.854614,0.81897246,1.0775589,76.127381,82.031736,0.87495148,0.74404469,130.23105,96.897722,0.90798489,0.84477836,132.75976,112.15257,0.87010289,0.92344142,104.69213,96.677054,0.91322353,0.98360046,105.44335,103.71413
0b_color_jitter_best,file,15,baseline_color_jitter,11232,191.Red_headed_Woodpecker/Red_Headed_Woodpecker_0013_182721.jpg,191,190,191.Red_headed_Woodpecker,188,187,identity,identity,0,{},1.2210057,1.2210057,0,0.29493341,0.29493341,0.66908497,0.66908497,-0.37415156,-0.37415156,0,1,1,97.480805,97.480805,False,1,True,False,False,1,1,97.480805,97.480805,1,1,94.015802,94.015802,1,1,25.759198,25.759198,1,1,30.126399,30.126399,1,1,38.023161,38.023161,1,1,41.02806,41.02806,1,1,45.32829,45.32829,1,1,52.418077,52.418077
0b_color_jitter_best,file,15,baseline_color_jitter,11232,191.Red_headed_Woodpecker/Red_Headed_Woodpecker_0013_182721.jpg,191,190,191.Red_headed_Woodpecker,188,187,color_jitter,color_jitter,0,"{""brightness"":0.771749,""contrast"":1.385232,""hue"":0.043243,""saturation"":1.119682}",1.2210057,0.8671518,-0.35385388,0.29493341,0.42014652,0.66908497,0.54971135,-0.37415156,-0.12956482,0.24458674,0.86125616,0.88297892,97.480805,86.073496,False,0.98851115,True,False,False,0.86125616,0.88297892,97.480805,86.073496,0.85169066,0.88290113,94.015802,83.006658,0.98851836,0.88401461,25.759198,22.771507,0.85253521,0.91050396,30.126399,27.430205,0.74661163,0.85503426,38.023161,32.511105,0.81486934,0.84133859,41.02806,34.51849,0.87572423,0.91952674,45.32829,41.680575,0.90908112,0.88497711,52.418077,46.388798
0b_color_jitter_best,file,15,baseline_color_jitter,4848,083.White_breasted_Kingfisher/White_Breasted_Kingfisher_0118_73511.jpg,83,82,083.White_breasted_Kingfisher,80,79,identity,identity,0,{},0.044215888,0.044215888,0,0.95674741,0.95674741,0.011498161,0.011498161,0.94524925,0.94524925,0,1,1,6.2453528,6.2453528,False,1,True,True,True,1,1,6.2453528,6.2453528,1,1,6.1284806,6.1284806,1,1,1.2025628,1.2025628,1,1,1.2591542,1.2591542,1,1,2.7878557,2.7878557,1,1,2.9267585,2.9267585,1,1,2.8770985,2.8770985,1,1,3.370023,3.370023
0b_color_jitter_best,file,15,baseline_color_jitter,4848,083.White_breasted_Kingfisher/White_Breasted_Kingfisher_0118_73511.jpg,83,82,083.White_breasted_Kingfisher,80,79,color_jitter,color_jitter,0,"{""brightness"":1.289972,""contrast"":0.751762,""hue"":-0.020454,""saturation"":1.089121}",0.044215888,0.028525518,-0.01569037,0.95674741,0.97187752,0.011498161,0.0063039069,0.94524925,0.96557361,0.020324356,0.91581957,0.62561787,6.2453528,3.9072043,False,0.99541807,True,True,True,0.91581957,0.62561787,6.2453528,3.9072043,0.91269505,0.62428953,6.1284806,3.8259463,0.99397344,0.65917935,1.2025628,0.79270457,0.83413013,0.53427574,1.2591542,0.67273552,0.89225701,0.61950382,2.7878557,1.7270872,0.89325382,0.61353711,2.9267585,1.7956749,0.90797316,0.61526734,2.8770985,1.7701847,0.95432845,0.65311519,3.370023,2.2010132
0b_color_jitter_best,file,15,baseline_color_jitter,9080,155.Warbling_Vireo/Warbling_Vireo_0132_158420.jpg,155,154,155.Warbling_Vireo,145,144,identity,identity,0,{},5.6051149,5.6051149,0,0.0036789973,0.0036789973,0.26263276,0.26263276,-0.25895376,-0.25895376,0,1,1,137.73679,137.73679,False,1,True,False,False,1,1,137.73679,137.73679,1,1,135.27032,135.27032,1,1,25.949249,25.949249,1,1,21.804971,21.804971,1,1,49.777201,49.777201,1,1,68.971102,68.971102,1,1,72.254038,72.254038,1,1,73.261,73.261
0b_color_jitter_best,file,15,baseline_color_jitter,9080,155.Warbling_Vireo/Warbling_Vireo_0132_158420.jpg,155,154,155.Warbling_Vireo,145,144,color_jitter,color_jitter,0,"{""brightness"":1.320927,""contrast"":0.712402,""hue"":-0.017408,""saturation"":1.365088}",5.6051149,5.148509,-0.45660591,0.0036789973,0.0058080582,0.26263276,0.22111893,-0.25895376,-0.21531087,0.043642891,0.88507558,0.98538239,137.73679,135.72341,False,0.98696977,True,False,False,0.88507558,0.98538239,137.73679,135.72341,0.88128772,0.98427832,135.27032,133.14364,0.98530014,1.0149248,25.949249,26.336535,0.56266436,1.0542934,21.804971,22.988837,0.83246347,0.994852,49.777201,49.520948,0.89361606,0.9709659,68.971102,66.968588,0.891963,0.98768901,72.254038,71.364519,0.91350192,0.98133929,73.261,71.893897
0b_color_jitter_best,file,15,baseline_color_jitter,5394,093.Clark_Nutcracker/Clark_Nutcracker_0098_85105.jpg,93,92,093.Clark_Nutcracker,60,59,identity,identity,0,{},0.65034699,0.65034699,0,0.52186465,0.52186465,0.10379208,0.10379208,0.41807257,0.41807257,0,1,1,89.60463,89.60463,False,1.0000001,True,True,True,1,1,89.60463,89.60463,1,1,88.521236,88.521236,1,1,13.891742,13.891742,1,1,18.698151,18.698151,1,1,49.934828,49.934828,1,1,45.641641,45.641641,1,1,38.164787,38.164787,1,1,38.120742,38.120742
0b_color_jitter_best,file,15,baseline_color_jitter,5394,093.Clark_Nutcracker/Clark_Nutcracker_0098_85105.jpg,93,92,093.Clark_Nutcracker,60,59,color_jitter,color_jitter,0,"{""brightness"":1.27264,""contrast"":1.266901,""hue"":0.070474,""saturation"":1.103824}",0.65034699,0.81858796,0.16824096,0.52186465,0.44105399,0.10379208,0.079092465,0.41807257,0.36196152,-0.056111053,0.89150666,1.2291319,89.60463,110.13591,False,0.97859687,True,True,True,0.89150666,1.2291319,89.60463,110.13591,0.88988786,1.2325939,88.521236,109.11074,0.97429669,1.079213,13.891742,14.99215,0.63462363,1.0980206,18.698151,20.530956,0.90380301,1.2211562,49.934828,60.978225,0.90128956,1.2454766,45.641641,56.845595,0.88705305,1.2849054,38.164787,49.03814,0.91011027,1.2104298,38.120742,46.142481
0b_color_jitter_best,file,15,baseline_color_jitter,4994,086.Pacific_Loon/Pacific_Loon_0063_75865.jpg,86,85,086.Pacific_Loon,89,88,identity,identity,0,{},0.024700614,0.024700614,0,0.97560197,0.97560197,0.0059513827,0.0059513827,0.96965059,0.96965059,0,1,1,6.3615398,6.3615398,False,1.0000001,True,True,True,1,1,6.3615398,6.3615398,1,1,6.3224166,6.3224166,1,1,0.70444125,0.70444125,1,1,1.6253764,1.6253764,1,1,3.5625203,3.5625203,1,1,3.2639507,3.2639507,1,1,2.711106,2.711106,1,1,2.5760593,2.5760593
0b_color_jitter_best,file,15,baseline_color_jitter,4994,086.Pacific_Loon/Pacific_Loon_0063_75865.jpg,86,85,086.Pacific_Loon,89,88,color_jitter,color_jitter,0,"{""brightness"":0.88569,""contrast"":1.391165,""hue"":0.089943,""saturation"":1.105776}",0.024700614,0.026465084,0.0017644707,0.97560197,0.97388202,0.0059513827,0.0077891168,0.96965059,0.9660929,-0.0035576858,0.93951786,1.0954953,6.3615398,6.9690369,False,0.99460822,True,True,True,0.93951786,1.0954953,6.3615398,6.9690369,0.93886298,1.0954035,6.3224166,6.9255971,0.99193485,1.1028649,0.70444125,0.77690356,0.93162993,1.1319114,1.6253764,1.8397822,0.94920837,1.116762,3.5625203,3.9784872,0.92648693,1.0485432,3.2639507,3.4223934,0.92641673,1.0932525,2.711106,2.9639234,0.95621338,1.1152011,2.5760593,2.8728241
0b_color_jitter_best,file,15,baseline_color_jitter,11088,189.Red_bellied_Woodpecker/Red_Bellied_Woodpecker_0125_180780.jpg,189,188,189.Red_bellied_Woodpecker,36,35,identity,identity,0,{},0.0010053824,0.0010053824,0,0.99899513,0.99899513,0.00026814669,0.00026814669,0.99872698,0.99872698,0,1,1,0.13316738,0.13316738,False,0.99999994,True,True,True,1,1,0.13316738,0.13316738,1,1,0.12892814,0.12892814,1,1,0.033332964,0.033332964,1,1,0.027064704,0.027064704,1,1,0.039165712,0.039165712,1,1,0.060373658,0.060373658,1,1,0.063583164,0.063583164,1,1,0.081659149,0.081659149
0b_color_jitter_best,file,15,baseline_color_jitter,11088,189.Red_bellied_Woodpecker/Red_Bellied_Woodpecker_0125_180780.jpg,189,188,189.Red_bellied_Woodpecker,36,35,color_jitter,color_jitter,0,"{""brightness"":0.86638,""contrast"":1.254693,""hue"":0.065738,""saturation"":0.705738}",0.0010053824,0.0047851568,0.0037797744,0.99899513,0.99522626,0.00026814669,0.00066563545,0.99872698,0.99456063,-0.0041663501,0.84267198,4.7812665,0.13316738,0.63670875,False,0.98285425,True,True,True,0.84267198,4.7812665,0.13316738,0.63670875,0.83476264,4.7976965,0.12892814,0.61855809,0.96936151,4.5283538,0.033332964,0.15094346,0.79945215,4.0684624,0.027064704,0.11011173,0.7646858,5.1598677,0.039165712,0.20208989,0.79043019,4.6889977,0.060373658,0.28309194,0.80969916,5.0363562,0.063583164,0.32022746,0.8989463,4.6945982,0.081659149,0.3833569
0b_color_jitter_best,file,15,baseline_color_jitter,4716,081.Pied_Kingfisher/Pied_Kingfisher_0071_72576.jpg,81,80,081.Pied_Kingfisher,79,78,identity,identity,0,{},0.0080966111,0.0080966111,0,0.99193609,0.99193609,0.0016823622,0.0016823622,0.99025373,0.99025373,0,1,1,1.4683695,1.4683695,False,1,True,True,True,1,1,1.4683695,1.4683695,1,1,1.447956,1.447956,1,1,0.24399259,0.24399259,1,1,0.45753042,0.45753042,1,1,0.66057319,0.66057319,1,1,0.75628092,0.75628092,1,1,0.67310251,0.67310251,1,1,0.65257779,0.65257779
0b_color_jitter_best,file,15,baseline_color_jitter,4716,081.Pied_Kingfisher/Pied_Kingfisher_0071_72576.jpg,81,80,081.Pied_Kingfisher,79,78,color_jitter,color_jitter,0,"{""brightness"":1.335165,""contrast"":1.247795,""hue"":-0.043644,""saturation"":1.262387}",0.0080966111,0.012792783,0.0046961717,0.99193609,0.98728871,0.0016823622,0.0064213532,0.99025373,0.98086736,-0.0093863652,0.7099443,1.5655137,1.4683695,2.2987526,False,0.97271389,True,True,True,0.7099443,1.5655137,1.4683695,2.2987526,0.70280945,1.5587586,1.447956,2.2570138,0.93553621,1.7872027,0.24399259,0.43606422,0.46394534,1.0965033,0.45753042,0.50168362,0.49690004,1.3851459,0.66057319,0.91499026,0.7480633,1.6802943,0.75628092,1.2707745,0.77211435,1.6620756,0.67310251,1.1187473,0.84670778,1.6352447,0.65257779,1.0671244
0b_color_jitter_best,file,15,baseline_color_jitter,10989,187.American_Three_toed_Woodpecker/American_Three_Toed_Woodpecker_0004_179908.jpg,187,186,187.American_Three_toed_Woodpecker,190,189,identity,identity,0,{},0.18817894,0.18817894,0,0.82846648,0.82846648,0.11864229,0.11864229,0.70982418,0.70982418,0,1,1,38.918791,38.918791,False,1,True,True,True,1,1,38.918791,38.918791,1,1,38.447823,38.447823,1,1,6.0363205,6.0363205,1,1,15.83396,15.83396,1,1,19.584361,19.584361,1,1,19.509264,19.509264,1,1,15.91946,15.91946,1,1,14.489065,14.489065
0b_color_jitter_best,file,15,baseline_color_jitter,10989,187.American_Three_toed_Woodpecker/American_Three_Toed_Woodpecker_0004_179908.jpg,187,186,187.American_Three_toed_Woodpecker,190,189,color_jitter,color_jitter,0,"{""brightness"":1.25767,""contrast"":1.026582,""hue"":-0.04698,""saturation"":1.342738}",0.18817894,0.36022657,0.17204763,0.82846648,0.69751829,0.11864229,0.20311604,0.70982418,0.49440224,-0.21542194,0.9500125,1.7290446,38.918791,67.292324,False,0.99252152,True,True,True,0.9500125,1.7290446,38.918791,67.292324,0.94904689,1.7300656,38.447823,66.517257,0.99047795,1.6871007,6.0363205,10.18388,0.96601211,1.5169999,15.83396,24.020116,0.94197945,1.724612,19.584361,33.775424,0.95349107,1.8032223,19.509264,35.17954,0.94455521,1.8192493,15.91946,28.961467,0.95311547,1.7329232,14.489065,25.108438
0b_color_jitter_best,file,15,baseline_color_jitter,8410,144.Common_Tern/Common_Tern_0100_149541.jpg,144,143,144.Common_Tern,145,144,identity,identity,0,{},8.5655441,8.5655441,0,0.00019055985,0.00019055985,0.85083157,0.85083157,-0.85064101,-0.85064101,0,1,1,228.62473,228.62473,False,0.99999988,True,False,False,1,1,228.62473,228.62473,1,1,223.99142,223.99142,1,1,45.7942,45.7942,1,1,49.2452,49.2452,1,1,102.13958,102.13958,1,1,116.77581,116.77581,1,1,112.85617,112.85617,1,1,104.60147,104.60147
0b_color_jitter_best,file,15,baseline_color_jitter,8410,144.Common_Tern/Common_Tern_0100_149541.jpg,144,143,144.Common_Tern,145,144,color_jitter,color_jitter,0,"{""brightness"":0.984268,""contrast"":0.748437,""hue"":-0.071721,""saturation"":0.949907}",8.5655441,9.3595486,0.79400444,0.00019055985,8.6138971e-05,0.85083157,0.92859954,-0.85064101,-0.9285134,-0.077872389,0.92181331,1.0457333,228.62473,239.08049,False,0.99279094,True,False,False,0.92181331,1.0457333,228.62473,239.08049,0.91888864,1.0451183,223.99142,234.09753,0.99087238,1.0603409,45.7942,48.557464,0.86273686,0.736629,49.2452,36.275442,0.8755827,1.0598758,102.13958,108.25527,0.92194139,1.0448683,116.77581,122.01534,0.93763585,1.0547732,112.85617,119.03767,0.95212245,1.0777425,104.60147,112.73345
0b_color_jitter_best,file,15,baseline_color_jitter,10124,172.Nashville_Warbler/Nashville_Warbler_0076_167389.jpg,172,171,172.Nashville_Warbler,16,15,identity,identity,0,{},1.3368142,1.3368142,0,0.26268122,0.26268122,0.26313967,0.26313967,-0.00045844913,-0.00045844913,0,1,1,131.9418,131.9418,False,0.99999994,True,False,False,1,1,131.9418,131.9418,1,1,130.48103,130.48103,1,1,19.579056,19.579056,1,1,26.546795,26.546795,1,1,52.473657,52.473657,1,1,76.68231,76.68231,1,1,69.269535,69.269535,1,1,53.746034,53.746034
0b_color_jitter_best,file,15,baseline_color_jitter,10124,172.Nashville_Warbler/Nashville_Warbler_0076_167389.jpg,172,171,172.Nashville_Warbler,16,15,color_jitter,color_jitter,0,"{""brightness"":1.120106,""contrast"":0.846525,""hue"":0.045786,""saturation"":1.176093}",1.3368142,1.0916331,-0.24518108,0.26268122,0.33566791,0.26313967,0.39215252,-0.00045844913,-0.05648461,-0.056026161,0.888055,0.91744634,131.9418,121.04952,False,0.98615503,True,False,False,0.888055,0.91744634,131.9418,121.04952,0.88631053,0.91633228,130.48103,119.56398,0.96276788,0.96562983,19.579056,18.90612,0.76098271,0.65602379,26.546795,17.415329,0.86664589,0.90529726,52.473657,47.504258,0.89375781,0.94009723,76.68231,72.088828,0.89415904,0.90702656,69.269535,62.829309,0.90751832,0.94713168,53.746034,50.904571
0b_color_jitter_best,file,15,baseline_color_jitter,9855,168.Kentucky_Warbler/Kentucky_Warbler_0066_165290.jpg,168,167,168.Kentucky_Warbler,162,161,identity,identity,0,{},1.6608603,1.6608603,0,0.18997549,0.18997549,0.51128662,0.51128662,-0.32131113,-0.32131113,0,1,1,161.67247,161.67247,False,1,True,False,False,1,1,161.67247,161.67247,1,1,159.27416,159.27416,1,1,27.744028,27.744028,1,1,34.304716,34.304716,1,1,70.422492,70.422492,1,1,91.702263,91.702263,1,1,78.510406,78.510406,1,1,68.256339,68.256339
0b_color_jitter_best,file,15,baseline_color_jitter,9855,168.Kentucky_Warbler/Kentucky_Warbler_0066_165290.jpg,168,167,168.Kentucky_Warbler,162,161,color_jitter,color_jitter,0,"{""brightness"":0.61918,""contrast"":1.395798,""hue"":0.006392,""saturation"":1.093456}",1.6608603,1.0935184,-0.56734192,0.18997549,0.33503562,0.51128662,0.35313112,-0.32131113,-0.018095493,0.30321564,0.68288143,0.7510126,161.67247,121.41806,False,0.94376999,True,False,False,0.68288143,0.7510126,161.67247,121.41806,0.67540024,0.75017499,159.27416,119.48349,0.92103107,0.77811357,27.744028,21.588004,0.2621388,0.89866719,34.304716,30.828523,0.55517073,0.66345264,70.422492,46.721988,0.66723376,0.70669649,91.702263,64.805667,0.7428615,0.78745729,78.510406,61.823592,0.83353315,0.81847625,68.256339,55.866193
0b_color_jitter_best,file,15,baseline_color_jitter,1603,029.American_Crow/American_Crow_0068_25198.jpg,29,28,029.American_Crow,142,141,identity,identity,0,{},6.3669419,6.3669419,0,0.0017174029,0.0017174029,0.55512011,0.55512011,-0.55340271,-0.55340271,0,1,1,122.82541,122.82541,False,1,True,False,False,1,1,122.82541,122.82541,1,1,117.11397,117.11397,1,1,37.018882,37.018882,1,1,22.559059,22.559059,1,1,41.544345,41.544345,1,1,53.775558,53.775558,1,1,59.757404,59.757404,1,1,70.838418,70.838418
0b_color_jitter_best,file,15,baseline_color_jitter,1603,029.American_Crow/American_Crow_0068_25198.jpg,29,28,029.American_Crow,142,141,color_jitter,color_jitter,0,"{""brightness"":0.786598,""contrast"":1.205501,""hue"":-0.019579,""saturation"":1.018745}",6.3669419,5.9237552,-0.44318676,0.0017174029,0.0026751359,0.55512011,0.11019514,-0.55340271,-0.10752,0.44588271,0.45516378,0.66905234,122.82541,82.176626,False,0.98113191,False,False,False,0.45516378,0.66905234,122.82541,82.176626,0.39796181,0.63610791,117.11397,74.497126,0.8738329,0.9370037,37.018882,34.686829,0.32878036,0.72075715,22.559059,16.259603,0.26755292,0.59856993,41.544345,24.867196,0.052676616,0.52363602,53.775558,28.158819,0.30916901,0.57825927,59.757404,34.555273,0.64268395,0.73081142,70.838418,51.769525
0b_color_jitter_best,file,15,baseline_color_jitter,10539,179.Tennessee_Warbler/Tennessee_Warbler_0044_174824.jpg,179,178,179.Tennessee_Warbler,148,147,identity,identity,0,{},0.083808012,0.083808012,0,0.91960782,0.91960782,0.019372668,0.019372668,0.90023515,0.90023515,0,1,1,11.825585,11.825585,False,1,True,True,True,1,1,11.825585,11.825585,1,1,11.603235,11.603235,1,1,2.2824112,2.2824112,1,1,2.1716396,2.1716396,1,1,4.5910689,4.5910689,1,1,6.2317135,6.2317135,1,1,5.7480295,5.7480295,1,1,6.0800521,6.0800521
0b_color_jitter_best,file,15,baseline_color_jitter,10539,179.Tennessee_Warbler/Tennessee_Warbler_0044_174824.jpg,179,178,179.Tennessee_Warbler,148,147,color_jitter,color_jitter,0,"{""brightness"":0.70125,""contrast"":0.795166,""hue"":0.008051,""saturation"":0.882553}",0.083808012,0.096876033,0.01306802,0.91960782,0.90766853,0.019372668,0.018610299,0.90023515,0.88905823,-0.011176918,0.85913983,1.2850717,11.825585,15.196724,False,0.99065143,True,True,True,0.85913983,1.2850717,11.825585,15.196724,0.85516539,1.2914142,11.603235,14.984582,0.98849251,1.1086354,2.2824112,2.530362,0.55083511,2.0244333,2.1716396,4.3963395,0.79679155,1.4584182,4.5910689,6.6956986,0.89027954,1.2648714,6.2317135,7.8823162,0.8903843,1.2096433,5.7480295,6.9530651,0.9224267,1.1618485,6.0800521,7.0640993
0b_color_jitter_best,file,15,baseline_color_jitter,3160,055.Evening_Grosbeak/Evening_Grosbeak_0041_37928.jpg,55,54,055.Evening_Grosbeak,48,47,identity,identity,0,{},0.0307112,0.0307112,0,0.96975559,0.96975559,0.011246422,0.011246422,0.95850917,0.95850917,0,1,1,4.9630095,4.9630095,False,1,True,True,True,1,1,4.9630095,4.9630095,1,1,4.8739726,4.8739726,1,1,0.93587084,0.93587084,1,1,1.1735845,1.1735845,1,1,2.1060157,2.1060157,1,1,2.5916047,2.5916047,1,1,2.3488551,2.3488551,1,1,2.3894499,2.3894499
0b_color_jitter_best,file,15,baseline_color_jitter,3160,055.Evening_Grosbeak/Evening_Grosbeak_0041_37928.jpg,55,54,055.Evening_Grosbeak,48,47,color_jitter,color_jitter,0,"{""brightness"":1.036399,""contrast"":1.078355,""hue"":-0.008983,""saturation"":1.313902}",0.0307112,0.19707073,0.16635953,0.96975559,0.82113254,0.011246422,0.085086606,0.95850917,0.73604593,-0.22246323,0.88553752,6.8809776,4.9630095,34.150357,False,0.97900778,True,True,True,0.88553752,6.8809776,4.9630095,34.150357,0.88330836,6.9176736,4.8739726,33.716551,0.97110492,5.7977666,0.93587084,5.4259607,0.92186673,7.1397792,1.1735845,8.3791345,0.8711267,6.6100754,2.1060157,13.920922,0.90558887,7.6486472,2.5916047,19.82227,0.86027166,6.9808307,2.3488551,16.39696,0.8901763,6.0794611,2.3894499,14.526568
0b_color_jitter_best,file,15,baseline_color_jitter,6513,112.Great_Grey_Shrike/Great_Grey_Shrike_0032_797021.jpg,112,111,112.Great_Grey_Shrike,111,110,identity,identity,0,{},0.27567998,0.27567998,0,0.75905579,0.75905579,0.23802038,0.23802038,0.52103542,0.52103542,0,1,1,50.723564,50.723564,False,0.99999994,True,True,True,1,1,50.723564,50.723564,1,1,49.695258,49.695258,1,1,10.161755,10.161755,1,1,19.281899,19.281899,1,1,20.220488,20.220488,1,1,25.132294,25.132294,1,1,23.609303,23.609303,1,1,22.359059,22.359059
0b_color_jitter_best,file,15,baseline_color_jitter,6513,112.Great_Grey_Shrike/Great_Grey_Shrike_0032_797021.jpg,112,111,112.Great_Grey_Shrike,111,110,color_jitter,color_jitter,0,"{""brightness"":0.904001,""contrast"":1.154224,""hue"":0.068964,""saturation"":1.154194}",0.27567998,0.26581699,-0.0098629892,0.75905579,0.76657939,0.23802038,0.22906435,0.52103542,0.53751504,0.016479626,0.90398178,0.87680102,50.723564,44.474473,False,0.98787194,True,True,True,0.90398178,0.87680102,50.723564,44.474473,0.90031061,0.87398318,49.695258,43.43282,0.98787848,0.94168417,10.161755,9.569164,0.92311123,0.84377383,19.281899,16.269562,0.85069214,0.88299708,20.220488,17.854632,0.88638098,0.83450197,25.132294,20.972949,0.91211903,0.8860983,23.609303,20.920163,0.92983859,0.92246104,22.359059,20.625361
0b_color_jitter_best,file,15,baseline_color_jitter,7430,127.Savannah_Sparrow/Savannah_Sparrow_0118_118603.jpg,127,126,127.Savannah_Sparrow,128,127,identity,identity,0,{},0.36473653,0.36473653,0,0.69437957,0.69437957,0.056058507,0.056058507,0.63832106,0.63832106,0,1,1,39.246337,39.246337,False,0.99999988,True,True,True,1,1,39.246337,39.246337,1,1,38.544896,38.544896,1,1,7.3868816,7.3868816,1,1,8.6692293,8.6692293,1,1,17.251397,17.251397,1,1,20.790644,20.790644,1,1,17.820211,17.820211,1,1,19.056021,19.056021
0b_color_jitter_best,file,15,baseline_color_jitter,7430,127.Savannah_Sparrow/Savannah_Sparrow_0118_118603.jpg,127,126,127.Savannah_Sparrow,128,127,color_jitter,color_jitter,0,"{""brightness"":1.083011,""contrast"":0.863319,""hue"":0.06326,""saturation"":0.699374}",0.36473653,0.36781505,0.0030785203,0.69437957,0.69224519,0.056058507,0.065655626,0.63832106,0.62658956,-0.011731502,0.91181691,0.99734081,39.246337,39.141974,False,0.98811567,True,True,True,0.91181691,0.99734081,39.246337,39.141974,0.90907468,0.99716146,38.544896,38.435484,0.98611655,1.002212,7.3868816,7.4032212,0.82143206,0.9218737,8.6692293,7.9919345,0.89017301,0.91406223,17.251397,15.768851,0.90613588,0.99685854,20.790644,20.725331,0.92091194,1.0939405,17.820211,19.494251,0.93933044,0.98900923,19.056021,18.846581
0b_color_jitter_best,file,15,baseline_color_jitter,1772,032.Mangrove_Cuckoo/Mangrove_Cuckoo_0015_26380.jpg,32,31,032.Mangrove_Cuckoo,33,32,identity,identity,0,{},2.6744094,2.6744094,0,0.068947531,0.068947531,0.78203505,0.78203505,-0.71308752,-0.71308752,0,1,1,137.15713,137.15713,False,1,True,False,False,1,1,137.15713,137.15713,1,1,132.56501,132.56501,1,1,35.193711,35.193711,1,1,24.825136,24.825136,1,1,50.984185,50.984185,1,1,68.032711,68.032711,1,1,67.776898,67.776898,1,1,71.663441,71.663441
0b_color_jitter_best,file,15,baseline_color_jitter,1772,032.Mangrove_Cuckoo/Mangrove_Cuckoo_0015_26380.jpg,32,31,032.Mangrove_Cuckoo,33,32,color_jitter,color_jitter,0,"{""brightness"":0.787935,""contrast"":0.633835,""hue"":0.075012,""saturation"":0.861509}",2.6744094,2.439064,-0.23534536,0.068947531,0.087242477,0.78203505,0.53252679,-0.71308752,-0.44528431,0.26780321,0.78018046,1.1507618,137.15713,157.83519,False,0.96414053,True,False,False,0.78018046,1.1507618,137.15713,157.83519,0.77385657,1.1698199,132.56501,155.07718,0.94857783,0.83472645,35.193711,29.377122,0.58157984,1.3109039,24.825136,32.543367,0.70514202,1.3847177,50.984185,70.598702,0.80447587,1.250161,68.032711,85.051844,0.77619821,1.1417983,67.776898,77.387544,0.84231078,0.96505965,71.663441,69.159495
0b_color_jitter_best,file,15,baseline_color_jitter,5158,089.Hooded_Merganser/Hooded_Merganser_0089_796740.jpg,89,88,089.Hooded_Merganser,90,89,identity,identity,0,{},0.0012148389,0.0012148389,0,0.99878591,0.99878591,0.00015139693,0.00015139693,0.99863452,0.99863452,0,1,1,0.19206846,0.19206846,False,1,True,True,True,1,1,0.19206846,0.19206846,1,1,0.18914008,0.18914008,1,1,0.033411409,0.033411409,1,1,0.037194468,0.037194468,1,1,0.066153323,0.066153323,1,1,0.092543461,0.092543461,1,1,0.096116811,0.096116811,1,1,0.11050586,0.11050586
0b_color_jitter_best,file,15,baseline_color_jitter,5158,089.Hooded_Merganser/Hooded_Merganser_0089_796740.jpg,89,88,089.Hooded_Merganser,90,89,color_jitter,color_jitter,0,"{""brightness"":1.075267,""contrast"":1.075833,""hue"":-0.013664,""saturation"":1.199768}",0.0012148389,0.0014828173,0.00026797841,0.99878591,0.99851829,0.00015139693,0.00021207202,0.99863452,0.99830622,-0.00032829994,0.9534577,1.2069665,0.19206846,0.23182019,False,0.99768728,True,True,True,0.9534577,1.2069665,0.19206846,0.23182019,0.95207916,1.2065967,0.18914008,0.2282158,0.9972404,1.218757,0.033411409,0.040720387,0.91502193,1.1153619,0.037194468,0.041485293,0.91842413,1.1955225,0.066153323,0.079087787,0.95741246,1.2328853,0.092543461,0.11409547,0.94847648,1.2211271,0.096116811,0.11737084,0.96766829,1.1906909,0.11050586,0.13157832
0b_color_jitter_best,file,15,baseline_color_jitter,10638,181.Worm_eating_Warbler/Worm_Eating_Warbler_0006_176037.jpg,181,180,181.Worm_eating_Warbler,195,194,identity,identity,0,{},0.0053012273,0.0053012273,0,0.99471277,0.99471277,0.0021515577,0.0021515577,0.99256121,0.99256121,0,1,1,1.1005843,1.1005843,False,1,True,True,True,1,1,1.1005843,1.1005843,1,1,1.084354,1.084354,1,1,0.18831402,0.18831402,1,1,0.27058414,0.27058414,1,1,0.58368959,0.58368959,1,1,0.60520366,0.60520366,1,1,0.471801,0.471801,1,1,0.4159888,0.4159888
0b_color_jitter_best,file,15,baseline_color_jitter,10638,181.Worm_eating_Warbler/Worm_Eating_Warbler_0006_176037.jpg,181,180,181.Worm_eating_Warbler,195,194,color_jitter,color_jitter,0,"{""brightness"":1.015284,""contrast"":0.716122,""hue"":0.062165,""saturation"":0.914203}",0.0053012273,0.0021308591,-0.0031703683,0.99471277,0.9978714,0.0021515577,0.0005593762,0.99256121,0.99731202,0.0047508104,0.84312496,0.32307696,1.1005843,0.35557343,False,0.99203694,True,True,True,0.84312496,0.32307696,1.1005843,0.35557343,0.83858678,0.32104441,1.084354,0.3481258,0.98202915,0.38443246,0.18831402,0.072394021,0.878862,0.29527099,0.27058414,0.079895647,0.829646,0.30767613,0.58368959,0.17958735,0.81031325,0.29044436,0.60520366,0.17577799,0.84407821,0.3414614,0.471801,0.16110183,0.9031417,0.38541326,0.4159888,0.1603276
0b_color_jitter_best,file,15,baseline_color_jitter,2832,050.Eared_Grebe/Eared_Grebe_0068_34052.jpg,50,49,050.Eared_Grebe,51,50,identity,identity,0,{},1.2060319,1.2060319,0,0.2993829,0.2993829,0.55593443,0.55593443,-0.25655153,-0.25655153,0,1,1,87.370297,87.370297,False,0.99999994,True,False,False,1,1,87.370297,87.370297,1,1,84.904124,84.904124,1,1,20.612099,20.612099,1,1,19.712757,19.712757,1,1,37.659182,37.659182,1,1,43.617126,43.617126,1,1,42.931907,42.931907,1,1,40.69768,40.69768
0b_color_jitter_best,file,15,baseline_color_jitter,2832,050.Eared_Grebe/Eared_Grebe_0068_34052.jpg,50,49,050.Eared_Grebe,51,50,color_jitter,color_jitter,0,"{""brightness"":1.036719,""contrast"":1.174383,""hue"":0.036896,""saturation"":1.120726}",1.2060319,0.93468243,-0.27134949,0.2993829,0.39271057,0.55593443,0.45119891,-0.25655153,-0.058488339,0.19806319,0.94786765,0.82988123,87.370297,72.50697,False,0.9962728,True,False,False,0.94786765,0.82988123,87.370297,72.50697,0.94501178,0.82849682,84.904124,70.342797,0.99531107,0.85302864,20.612099,17.58271,0.94809301,0.9859938,19.712757,19.436656,0.9081175,0.78343174,37.659182,29.503399,0.94902952,0.84724459,43.617126,36.954374,0.95583944,0.80490724,42.931907,34.556203,0.96348078,0.82966972,40.69768,33.765633
0b_color_jitter_best,file,15,baseline_color_jitter,10225,174.Palm_Warbler/Palm_Warbler_0126_170311.jpg,174,173,174.Palm_Warbler,168,167,identity,identity,0,{},1.8474441,1.8474441,0,0.15763956,0.15763956,0.27052617,0.27052617,-0.11288661,-0.11288661,0,1,1,199.33364,199.33364,False,1,True,False,False,1,1,199.33364,199.33364,1,1,197.66907,197.66907,1,1,25.706734,25.706734,1,1,59.652249,59.652249,1,1,92.192199,92.192199,1,1,114.85071,114.85071,1,1,92.276474,92.276474,1,1,72.867252,72.867252
0b_color_jitter_best,file,15,baseline_color_jitter,10225,174.Palm_Warbler/Palm_Warbler_0126_170311.jpg,174,173,174.Palm_Warbler,168,167,color_jitter,color_jitter,0,"{""brightness"":1.286146,""contrast"":1.076523,""hue"":0.03349,""saturation"":1.188609}",1.8474441,1.4283317,-0.41911232,0.15763956,0.23970848,0.27052617,0.037217095,-0.11288661,0.20249139,0.315378,0.53374569,0.93606237,199.33364,186.58872,False,0.95353448,False,False,False,0.53374569,0.93606237,199.33364,186.58872,0.52952755,0.93369311,197.66907,184.56225,0.7566834,1.0668367,25.706734,27.424888,0.50031356,0.84414273,59.652249,50.355012,0.42351903,0.89347792,92.192199,82.371694,0.48803963,0.92464276,114.85071,106.19588,0.60503158,0.96747319,92.276474,89.275015,0.67807442,1.0172972,72.867252,74.127648
0b_color_jitter_best,file,15,baseline_color_jitter,460,009.Brewer_Blackbird/Brewer_Blackbird_0018_2261.jpg,9,8,009.Brewer_Blackbird,11,10,identity,identity,0,{},0.03228968,0.03228968,0,0.96822608,0.96822608,0.014025518,0.014025518,0.95420056,0.95420056,0,1,1,4.0483394,4.0483394,False,1,True,True,True,1,1,4.0483394,4.0483394,1,1,3.9143721,3.9143721,1,1,1.0328324,1.0328324,1,1,1.0079199,1.0079199,1,1,1.6212894,1.6212894,1,1,1.821574,1.821574,1,1,1.8700496,1.8700496,1,1,2.2051327,2.2051327
0b_color_jitter_best,file,15,baseline_color_jitter,460,009.Brewer_Blackbird/Brewer_Blackbird_0018_2261.jpg,9,8,009.Brewer_Blackbird,11,10,color_jitter,color_jitter,0,"{""brightness"":0.906213,""contrast"":0.73661,""hue"":0.072153,""saturation"":0.851419}",0.03228968,0.028041698,-0.0042479821,0.96822608,0.9723478,0.014025518,0.018191796,0.95420056,0.954156,-4.4557266e-05,0.77944232,0.9728532,4.0483394,3.93844,False,0.99057198,True,True,True,0.77944232,0.9728532,4.0483394,3.93844,0.76535519,0.96969526,3.9143721,3.7957481,0.9731767,1.0171315,1.0328324,1.0505264,0.54536164,1.2045411,1.0079199,1.2140809,0.53103814,0.91157494,1.6212894,1.4779268,0.75469789,0.94793282,1.821574,1.7267298,0.84272875,0.97042729,1.8700496,1.8147472,0.89999851,0.95926699,2.2051327,2.115311
0b_color_jitter_best,file,15,baseline_color_jitter,7417,127.Savannah_Sparrow/Savannah_Sparrow_0054_120057.jpg,127,126,127.Savannah_Sparrow,120,119,identity,identity,0,{},5.1159716,5.1159716,0,0.0060001444,0.0060001444,0.2843771,0.2843771,-0.27837695,-0.27837695,0,1,1,222.83885,222.83885,False,0.99999994,True,False,False,1,1,222.83885,222.83885,1,1,220.72551,220.72551,1,1,30.617018,30.617018,1,1,40.999487,40.999487,1,1,115.5727,115.5727,1,1,137.69526,137.69526,1,1,89.05586,89.05586,1,1,82.406406,82.406406
0b_color_jitter_best,file,15,baseline_color_jitter,7417,127.Savannah_Sparrow/Savannah_Sparrow_0054_120057.jpg,127,126,127.Savannah_Sparrow,120,119,color_jitter,color_jitter,0,"{""brightness"":0.706581,""contrast"":1.20523,""hue"":-0.063935,""saturation"":0.639299}",5.1159716,3.6186719,-1.4972997,0.0060001444,0.026818272,0.2843771,0.16079378,-0.27837695,-0.13397551,0.14440144,0.82620283,0.77162572,222.83885,171.94819,False,0.97151911,False,False,False,0.82620283,0.77162572,222.83885,171.94819,0.8242008,0.77007458,220.72551,169.97511,0.92444807,0.84834833,30.617018,25.973896,0.53926014,1.0361936,40.999487,42.483407,0.83244689,0.760213,115.5727,87.859868,0.85404164,0.72579623,137.69526,99.938698,0.81560837,0.79352509,89.05586,70.668059,0.85108749,0.80362726,82.406406,66.224034
0b_color_jitter_best,file,15,baseline_color_jitter,3546,061.Heermann_Gull/Heermann_Gull_0131_45548.jpg,61,60,061.Heermann_Gull,66,65,identity,identity,0,{},3.941401,3.941401,0,0.019420987,0.019420987,0.47426656,0.47426656,-0.45484557,-0.45484557,0,1,1,131.32174,131.32174,False,1,True,False,False,1,1,131.32174,131.32174,1,1,127.80725,127.80725,1,1,30.177928,30.177928,1,1,23.711823,23.711823,1,1,61.36393,61.36393,1,1,65.895969,65.895969,1,1,58.315926,58.315926,1,1,65.298419,65.298419
0b_color_jitter_best,file,15,baseline_color_jitter,3546,061.Heermann_Gull/Heermann_Gull_0131_45548.jpg,61,60,061.Heermann_Gull,66,65,color_jitter,color_jitter,0,"{""brightness"":0.660713,""contrast"":1.317764,""hue"":-0.05499,""saturation"":0.658899}",3.941401,3.9966149,0.055213928,0.019420987,0.018377746,0.47426656,0.33193836,-0.45484557,-0.31356061,0.14128496,0.88468314,0.99800381,131.32174,131.0596,False,0.98270774,True,False,False,0.88468314,0.99800381,131.32174,131.0596,0.88023875,1.0005779,127.80725,127.8811,0.96968633,0.9506517,30.177928,28.688698,0.60834509,1.1992264,23.711823,28.435844,0.87927671,1.0553779,61.36393,64.762134,0.91206529,0.97536341,65.895969,64.272517,0.87840986,0.96635084,58.315926,56.353644,0.89887848,0.97389301,65.298419,63.593674
0b_color_jitter_best,file,15,baseline_color_jitter,5772,099.Ovenbird/Ovenbird_0010_92957.jpg,99,98,099.Ovenbird,149,148,identity,identity,0,{},0.0089961924,0.0089961924,0,0.99104416,0.99104416,0.0071423119,0.0071423119,0.98390185,0.98390185,0,1,1,1.5871623,1.5871623,False,1,True,True,True,1,1,1.5871623,1.5871623,1,1,1.5510443,1.5510443,1,1,0.33666851,0.33666851,1,1,0.36694213,0.36694213,1,1,0.63914163,0.63914163,1,1,0.88178564,0.88178564,1,1,0.73769483,0.73769483,1,1,0.73542526,0.73542526
0b_color_jitter_best,file,15,baseline_color_jitter,5772,099.Ovenbird/Ovenbird_0010_92957.jpg,99,98,099.Ovenbird,149,148,color_jitter,color_jitter,0,"{""brightness"":0.68096,""contrast"":1.015039,""hue"":-0.090969,""saturation"":0.617047}",0.0089961924,0.0081124566,-0.00088373572,0.99104416,0.99192035,0.0071423119,0.0054754079,0.98390185,0.98644494,0.0025430922,0.86843972,0.82994567,1.5871623,1.3172585,False,0.98703814,True,True,True,0.86843972,0.82994567,1.5871623,1.3172585,0.86289942,0.82870323,1.5510443,1.2853554,0.9827275,0.85589105,0.33666851,0.28815157,0.85433741,1.0067884,0.36694213,0.36943309,0.73854523,0.88834182,0.63914163,0.56777624,0.89361491,0.79263626,0.88178564,0.69893528,0.88467017,0.78762801,0.73769483,0.58102911,0.91230395,0.82395308,0.73542526,0.6059559
0b_color_jitter_best,file,15,baseline_color_jitter,11034,188.Pileated_Woodpecker/Pileated_Woodpecker_0038_180300.jpg,188,187,188.Pileated_Woodpecker,191,190,identity,identity,0,{},0.0050347447,0.0050347447,0,0.99497789,0.99497789,0.0044442536,0.0044442536,0.99053364,0.99053364,0,1,1,0.87334205,0.87334205,False,1,True,True,True,1,1,0.87334205,0.87334205,1,1,0.84717381,0.84717381,1,1,0.21218591,0.21218591,1,1,0.19773182,0.19773182,1,1,0.30047198,0.30047198,1,1,0.4353718,0.4353718,1,1,0.46197131,0.46197131,1,1,0.43053001,0.43053001
0b_color_jitter_best,file,15,baseline_color_jitter,11034,188.Pileated_Woodpecker/Pileated_Woodpecker_0038_180300.jpg,188,187,188.Pileated_Woodpecker,191,190,color_jitter,color_jitter,0,"{""brightness"":1.354319,""contrast"":1.029245,""hue"":0.077769,""saturation"":0.902529}",0.0050347447,0.0021559584,-0.0028787863,0.99497789,0.99784636,0.0044442536,0.0015703349,0.99053364,0.99627603,0.0057423923,0.86812486,0.4200171,0.87334205,0.36681859,False,0.99140042,True,True,True,0.86812486,0.4200171,0.87334205,0.36681859,0.8611746,0.42076958,0.84717381,0.35646497,0.98283095,0.40783455,0.21218591,0.086536746,0.83494065,0.47098066,0.19773182,0.093127865,0.7614516,0.40883341,0.30047198,0.12284299,0.85754148,0.42297582,0.4353718,0.18415174,0.8664585,0.41383055,0.46197131,0.19117784,0.91390297,0.42093941,0.43053001,0.18122705
0b_color_jitter_best,file,15,baseline_color_jitter,8042,137.Cliff_Swallow/Cliff_Swallow_0011_133033.jpg,137,136,137.Cliff_Swallow,118,117,identity,identity,0,{},4.3485155,4.3485155,0,0.012925984,0.012925984,0.62583256,0.62583256,-0.61290657,-0.61290657,0,1,1,158.26739,158.26739,False,1,True,False,False,1,1,158.26739,158.26739,1,1,155.65282,155.65282,1,1,28.649011,28.649011,1,1,29.152454,29.152454,1,1,72.637722,72.637722,1,1,78.972404,78.972404,1,1,77.567691,77.567691,1,1,76.474235,76.474235
0b_color_jitter_best,file,15,baseline_color_jitter,8042,137.Cliff_Swallow/Cliff_Swallow_0011_133033.jpg,137,136,137.Cliff_Swallow,118,117,color_jitter,color_jitter,0,"{""brightness"":1.391313,""contrast"":1.043276,""hue"":-0.099341,""saturation"":0.864569}",4.3485155,4.0144377,-0.33407784,0.012925984,0.018053103,0.62583256,0.46632564,-0.61290657,-0.44827254,0.16463404,0.7823856,1.2005764,158.26739,190.01209,False,0.94813156,True,False,False,0.7823856,1.2005764,158.26739,190.01209,0.77827833,1.2022667,155.65282,187.1362,0.90994635,1.1495622,28.649011,32.93382,0.53930293,1.3581963,29.152454,39.594756,0.75626747,1.1740565,72.637722,85.28079,0.78074279,1.2819328,78.972404,101.23731,0.81806364,1.207331,77.567691,93.649877,0.80018476,1.1064827,76.474235,84.617416
0b_color_jitter_best,file,15,baseline_color_jitter,1670,030.Fish_Crow/Fish_Crow_0028_25968.jpg,30,29,030.Fish_Crow,26,25,identity,identity,0,{},5.4603672,5.4603672,0,0.0042519951,0.0042519951,0.3169634,0.3169634,-0.31271141,-0.31271141,0,1,1,149.49066,149.49066,False,1,True,False,False,1,1,149.49066,149.49066,1,1,146.05474,146.05474,1,1,31.866455,31.866455,1,1,22.880613,22.880613,1,1,47.814129,47.814129,1,1,94.621223,94.621223,1,1,73.563512,73.563512,1,1,64.478744,64.478744
0b_color_jitter_best,file,15,baseline_color_jitter,1670,030.Fish_Crow/Fish_Crow_0028_25968.jpg,30,29,030.Fish_Crow,26,25,color_jitter,color_jitter,0,"{""brightness"":0.904451,""contrast"":0.777403,""hue"":0.013319,""saturation"":0.762716}",5.4603672,5.2228556,-0.23751163,0.0042519951,0.0053919093,0.3169634,0.32027349,-0.31271141,-0.31488158,-0.0021701702,0.89329126,1.1055509,149.49066,165.26954,False,0.97734654,True,False,False,0.89329126,1.1055509,149.49066,165.26954,0.89080465,1.1132217,146.05474,162.59131,0.96976736,0.92989791,31.866455,29.632549,0.68586884,1.3028908,22.880613,29.810941,0.76976993,1.2388416,47.814129,59.234131,0.92816377,1.1330771,94.621223,107.21314,0.9051634,1.0736865,73.563512,78.984151,0.90548853,1.0176315,64.478744,65.615602
0b_color_jitter_best,file,15,baseline_color_jitter,11448,195.Carolina_Wren/Carolina_Wren_0014_186525.jpg,195,194,195.Carolina_Wren,193,192,identity,identity,0,{},0.0080752084,0.0080752084,0,0.99195731,0.99195731,0.0043911398,0.0043911398,0.98756617,0.98756617,0,1,1,2.2336741,2.2336741,False,1,True,True,True,1,1,2.2336741,2.2336741,1,1,2.2082204,2.2082204,1,1,0.336248,0.336248,1,1,0.42291514,0.42291514,1,1,1.122865,1.122865,1,1,1.3293349,1.3293349,1,1,0.99994223,0.99994223,1,1,0.81825353,0.81825353
0b_color_jitter_best,file,15,baseline_color_jitter,11448,195.Carolina_Wren/Carolina_Wren_0014_186525.jpg,195,194,195.Carolina_Wren,193,192,color_jitter,color_jitter,0,"{""brightness"":0.906215,""contrast"":1.110091,""hue"":-0.096197,""saturation"":1.142543}",0.0080752084,0.096628435,0.088553227,0.99195731,0.9078933,0.0043911398,0.018393774,0.98756617,0.88949953,-0.098066641,0.76013072,10.29399,2.2336741,22.99342,False,0.94018954,True,True,True,0.76013072,10.29399,2.2336741,22.99342,0.75758299,10.317322,2.2082204,22.782921,0.88753691,9.2317954,0.336248,3.1041728,0.60195919,9.9704089,0.42291514,4.2166369,0.7361311,9.4603978,1.122865,10.622749,0.77265222,10.126113,1.3293349,13.460994,0.77236913,10.992125,0.99994223,10.99149,0.78149626,11.361558,0.81825353,9.2966349
0b_color_jitter_best,file,15,baseline_color_jitter,5979,103.Sayornis/Sayornis_0086_98829.jpg,103,102,103.Sayornis,39,38,identity,identity,0,{},1.7693552,1.7693552,0,0.17044286,0.17044286,0.17140339,0.17140339,-0.00096052885,-0.00096052885,0,1,1,119.01532,119.01532,False,1,True,False,False,1,1,119.01532,119.01532,1,1,116.93635,116.93635,1,1,22.148074,22.148074,1,1,34.292976,34.292976,1,1,46.829706,46.829706,1,1,64.336136,64.336136,1,1,56.51491,56.51491,1,1,54.516109,54.516109
0b_color_jitter_best,file,15,baseline_color_jitter,5979,103.Sayornis/Sayornis_0086_98829.jpg,103,102,103.Sayornis,39,38,color_jitter,color_jitter,0,"{""brightness"":0.95238,""contrast"":0.702214,""hue"":-0.015011,""saturation"":0.661437}",1.7693552,1.4841253,-0.28522992,0.17044286,0.22670056,0.17140339,0.19426924,-0.00096052885,0.032431319,0.033391848,0.90624182,1.0794452,119.01532,128.47051,False,0.98675507,False,False,True,0.90624182,1.0794452,119.01532,128.47051,0.90398116,1.0831444,116.93635,126.65895,0.98184355,0.97066909,22.148074,21.498451,0.93377353,1.0267476,34.292976,35.210231,0.86987374,1.2548448,46.829706,58.764013,0.91965234,1.14151,64.336136,73.440344,0.90399206,1.019984,56.51491,57.644301,0.92132224,0.94127094,54.516109,51.314429
0b_color_jitter_best,file,15,baseline_color_jitter,7152,123.Henslow_Sparrow/Henslow_Sparrow_0081_116755.jpg,123,122,123.Henslow_Sparrow,197,196,identity,identity,0,{},3.9601057,3.9601057,0,0.019061102,0.019061102,0.24156877,0.24156877,-0.22250767,-0.22250767,0,1,1,165.02086,165.02086,False,1,True,False,False,1,1,165.02086,165.02086,1,1,162.638,162.638,1,1,27.942144,27.942144,1,1,31.78326,31.78326,1,1,71.673808,71.673808,1,1,105.7872,105.7872,1,1,70.559521,70.559521,1,1,64.29799,64.29799
0b_color_jitter_best,file,15,baseline_color_jitter,7152,123.Henslow_Sparrow/Henslow_Sparrow_0081_116755.jpg,123,122,123.Henslow_Sparrow,197,196,color_jitter,color_jitter,0,"{""brightness"":1.278913,""contrast"":1.280889,""hue"":0.070787,""saturation"":0.833723}",3.9601057,1.7177461,-2.2423595,0.019061102,0.1794702,0.24156877,0.021606904,-0.22250767,0.15786329,0.38037097,0.81267808,0.92215018,165.02086,152.17401,False,0.94103897,False,False,True,0.81267808,0.92215018,165.02086,152.17401,0.81058289,0.92506596,162.638,150.45088,0.89911407,0.81724433,27.942144,22.835559,0.7394232,0.93506311,31.78326,29.719354,0.77276453,0.94460531,71.673808,67.703459,0.84746478,0.93151872,105.7872,98.542756,0.80454494,0.92362257,70.559521,65.170366,0.78275339,0.8812454,64.29799,56.662308
0b_color_jitter_best,file,15,baseline_color_jitter,2554,045.Northern_Fulmar/Northern_Fulmar_0076_43893.jpg,45,44,045.Northern_Fulmar,63,62,identity,identity,0,{},2.5668638,2.5668638,0,0.076775961,0.076775961,0.48124602,0.48124602,-0.40447006,-0.40447006,0,1,1,137.53254,137.53254,False,1,True,False,False,1,1,137.53254,137.53254,1,1,134.36091,134.36091,1,1,29.365726,29.365726,1,1,34.108885,34.108885,1,1,53.652727,53.652727,1,1,68.190484,68.190484,1,1,65.718637,65.718637,1,1,71.00663,71.00663
0b_color_jitter_best,file,15,baseline_color_jitter,2554,045.Northern_Fulmar/Northern_Fulmar_0076_43893.jpg,45,44,045.Northern_Fulmar,63,62,color_jitter,color_jitter,0,"{""brightness"":1.349508,""contrast"":0.713663,""hue"":0.00536,""saturation"":1.27447}",2.5668638,4.3452864,1.7784226,0.076775961,0.012967792,0.48124602,0.202802,-0.40447006,-0.18983421,0.21463585,0.68861773,0.80969205,137.53254,111.35901,False,0.95164096,False,False,False,0.68861773,0.80969205,137.53254,111.35901,0.67665239,0.80417682,134.36091,108.04993,0.91383996,0.91757133,29.365726,26.945148,0.51363656,0.72286024,34.108885,24.655957,0.50446483,0.89049585,53.652727,47.777531,0.69462595,0.76630312,68.190484,52.254581,0.69973711,0.77361854,65.718637,50.841156,0.78555148,0.82945268,71.00663,58.89664
0b_color_jitter_best,file,15,baseline_color_jitter,115,002.Laysan_Albatross/Laysan_Albatross_0018_492.jpg,2,1,002.Laysan_Albatross,59,58,identity,identity,0,{},0.0038668162,0.0038668162,0,0.99614066,0.99614066,0.0006380165,0.0006380165,0.99550264,0.99550264,0,1,1,0.62869543,0.62869543,False,0.99999988,True,True,True,1,1,0.62869543,0.62869543,1,1,0.61745768,0.61745768,1,1,0.11833831,0.11833831,1,1,0.18733257,0.18733257,1,1,0.23818881,0.23818881,1,1,0.30602009,0.30602009,1,1,0.30711088,0.30711088,1,1,0.31852976,0.31852976
0b_color_jitter_best,file,15,baseline_color_jitter,115,002.Laysan_Albatross/Laysan_Albatross_0018_492.jpg,2,1,002.Laysan_Albatross,59,58,color_jitter,color_jitter,0,"{""brightness"":1.146946,""contrast"":0.796996,""hue"":-0.009488,""saturation"":1.016171}",0.0038668162,0.006086742,0.0022199259,0.99614066,0.99393177,0.0006380165,0.0009868074,0.99550264,0.99294496,-0.0025576794,0.94037685,1.5845246,0.62869543,0.99618336,False,0.99643505,True,True,True,0.94037685,1.5845246,0.62869543,0.99618336,0.93839743,1.5855082,0.61745768,0.9789842,0.99537901,1.5575079,0.11833831,0.18431284,0.88532077,1.3939526,0.18733257,0.26113272,0.91976735,1.6677458,0.23818881,0.39723837,0.93601974,1.5772944,0.30602009,0.48268378,0.94663854,1.6187216,0.30711088,0.49712703,0.96328343,1.5769241,0.31852976,0.50229725
0b_color_jitter_best,file,15,baseline_color_jitter,9090,155.Warbling_Vireo/Warbling_Vireo_0003_158484.jpg,155,154,155.Warbling_Vireo,179,178,identity,identity,0,{},0.036297958,0.036297958,0,0.96435291,0.96435291,0.013382236,0.013382236,0.95097067,0.95097067,0,1,1,5.1963314,5.1963314,False,1,True,True,True,1,1,5.1963314,5.1963314,1,1,5.0890523,5.0890523,1,1,1.0504314,1.0504314,1,1,1.0566412,1.0566412,1,1,2.1495779,2.1495779,1,1,2.5082283,2.5082283,1,1,2.6396283,2.6396283,1,1,2.6272478,2.6272478
0b_color_jitter_best,file,15,baseline_color_jitter,9090,155.Warbling_Vireo/Warbling_Vireo_0003_158484.jpg,155,154,155.Warbling_Vireo,179,178,color_jitter,color_jitter,0,"{""brightness"":1.079123,""contrast"":0.783303,""hue"":0.084186,""saturation"":1.0774}",0.036297958,0.019614778,-0.01668318,0.96435291,0.98057634,0.013382236,0.0077984827,0.95097067,0.97277785,0.021807184,0.87012339,0.57276988,5.1963314,2.9763021,False,0.98614275,True,True,True,0.87012339,0.57276988,5.1963314,2.9763021,0.86553149,0.57325608,5.0890523,2.9173302,0.98039723,0.56123732,1.0504314,0.5895413,0.85583317,0.51656552,1.0566412,0.54582442,0.80560031,0.58472882,2.1495779,1.2569202,0.84875214,0.62108286,2.5082283,1.5578176,0.88772058,0.548434,2.6396283,1.4476619,0.90947165,0.55296024,2.6272478,1.4527636
0b_color_jitter_best,file,15,baseline_color_jitter,313,006.Least_Auklet/Least_Auklet_0030_795116.jpg,6,5,006.Least_Auklet,7,6,identity,identity,0,{},0.058674309,0.058674309,0,0.94301385,0.94301385,0.012307386,0.012307386,0.93070646,0.93070646,0,1,1,13.264874,13.264874,False,0.99999994,True,True,True,1,1,13.264874,13.264874,1,1,13.118346,13.118346,1,1,1.9661877,1.9661877,1,1,3.6465292,3.6465292,1,1,6.01006,6.01006,1,1,6.9003061,6.9003061,1,1,6.5336051,6.5336051,1,1,5.6895324,5.6895324
0b_color_jitter_best,file,15,baseline_color_jitter,313,006.Least_Auklet/Least_Auklet_0030_795116.jpg,6,5,006.Least_Auklet,7,6,color_jitter,color_jitter,0,"{""brightness"":0.944761,""contrast"":0.643839,""hue"":0.003654,""saturation"":0.923567}",0.058674309,0.078835547,0.020161238,0.94301385,0.92419189,0.012307386,0.0192737,0.93070646,0.90491819,-0.025788269,0.92765207,1.3479228,13.264874,17.880027,False,0.99267721,True,True,True,0.92765207,1.3479228,13.264874,17.880027,0.92624028,1.3480316,13.118346,17.683945,0.99073667,1.3430702,1.9661877,2.640728,0.91656637,1.7007157,3.6465292,6.2017096,0.89921264,1.3556364,6.01006,8.147456,0.93549328,1.3084109,6.9003061,9.0284358,0.9358575,1.293697,6.5336051,8.4525055,0.95222357,1.3025585,5.6895324,7.410949
0b_color_jitter_best,file,15,baseline_color_jitter,5206,090.Red_breasted_Merganser/Red_Breasted_Merganser_0080_79488.jpg,90,89,090.Red_breasted_Merganser,51,50,identity,identity,0,{},0.035785567,0.035785567,0,0.96484715,0.96484715,0.0087235318,0.0087235318,0.95612362,0.95612362,0,1,1,5.3390692,5.3390692,False,0.99999994,True,True,True,1,1,5.3390692,5.3390692,1,1,5.2348282,5.2348282,1,1,1.0498733,1.0498733,1,1,1.7891899,1.7891899,1,1,1.8924182,1.8924182,1,1,2.4270011,2.4270011,1,1,2.720374,2.720374,1,1,2.7074361,2.7074361
0b_color_jitter_best,file,15,baseline_color_jitter,5206,090.Red_breasted_Merganser/Red_Breasted_Merganser_0080_79488.jpg,90,89,090.Red_breasted_Merganser,51,50,color_jitter,color_jitter,0,"{""brightness"":1.19882,""contrast"":1.101208,""hue"":-0.075349,""saturation"":1.270891}",0.035785567,0.18147168,0.14568611,0.96484715,0.83404189,0.0087235318,0.084939919,0.95612362,0.74910197,-0.20702164,0.74934447,4.7642221,5.3390692,25.436512,False,0.97090513,True,True,True,0.74934447,4.7642221,5.3390692,25.436512,0.74129141,4.7531039,5.2348282,24.881682,0.93960716,5.03275,1.0498733,5.2837499,0.75417836,5.2254295,1.7891899,9.3492856,0.64400525,4.8647005,1.8924182,9.2060477,0.71240362,4.6017821,2.4270011,11.16853,0.72027795,4.6065449,2.720374,12.531525,0.82925916,4.7467622,2.7074361,12.851555
0b_color_jitter_best,file,15,baseline_color_jitter,10103,172.Nashville_Warbler/Nashville_Warbler_0023_167242.jpg,172,171,172.Nashville_Warbler,179,178,identity,identity,0,{},1.5900985,1.5900985,0,0.20390552,0.20390552,0.10532528,0.10532528,0.098580241,0.098580241,0,1,1,144.71885,144.71885,False,0.99999994,True,True,True,1,1,144.71885,144.71885,1,1,142.89961,142.89961,1,1,22.874582,22.874582,1,1,32.083757,32.083757,1,1,56.955271,56.955271,1,1,84.728937,84.728937,1,1,72.121454,72.121454,1,1,61.372082,61.372082
0b_color_jitter_best,file,15,baseline_color_jitter,10103,172.Nashville_Warbler/Nashville_Warbler_0023_167242.jpg,172,171,172.Nashville_Warbler,179,178,color_jitter,color_jitter,0,"{""brightness"":1.111541,""contrast"":0.747833,""hue"":0.043867,""saturation"":0.963074}",1.5900985,1.3026057,-0.28749275,0.20390552,0.27182257,0.10532528,0.17890951,0.098580241,0.092913061,-0.0056671798,0.83732907,1.0672784,144.71885,154.45531,False,0.98565,True,True,True,0.83732907,1.0672784,144.71885,154.45531,0.83409004,1.0693184,142.89961,152.80518,0.9774482,0.98437084,22.874582,22.517072,0.74884375,1.3930723,32.083757,44.694992,0.76208251,1.3996784,56.955271,79.719063,0.87837128,0.98391267,84.728937,83.365875,0.86473989,0.95998362,72.121454,69.235415,0.90178388,0.92936697,61.372082,57.037186
0b_color_jitter_best,file,15,baseline_color_jitter,10552,180.Wilson_Warbler/Wilson_Warbler_0108_175179.jpg,180,179,180.Wilson_Warbler,182,181,identity,identity,0,{},0.27869749,0.27869749,0,0.75676876,0.75676876,0.10925673,0.10925673,0.64751203,0.64751203,0,1,1,38.728532,38.728532,False,1,True,True,True,1,1,38.728532,38.728532,1,1,38.137049,38.137049,1,1,6.742751,6.742751,1,1,10.703618,10.703618,1,1,17.09562,17.09562,1,1,21.397756,21.397756,1,1,17.614329,17.614329,1,1,16.717603,16.717603
0b_color_jitter_best,file,15,baseline_color_jitter,10552,180.Wilson_Warbler/Wilson_Warbler_0108_175179.jpg,180,179,180.Wilson_Warbler,182,181,color_jitter,color_jitter,0,"{""brightness"":0.792673,""contrast"":0.963207,""hue"":-0.024715,""saturation"":0.650882}",0.27869749,0.63566756,0.35697007,0.75676876,0.52958184,0.10925673,0.11277093,0.64751203,0.41681091,-0.23070112,0.86958318,2.1580983,38.728532,83.57998,False,0.97583193,True,True,True,0.86958318,2.1580983,38.728532,83.57998,0.86750511,2.1664064,38.137049,82.620346,0.95545858,1.8729741,6.742751,12.628998,0.84397228,2.403407,10.703618,25.725149,0.85177285,2.3041433,17.09562,39.390758,0.87766192,2.2568339,21.397756,48.291183,0.87201371,2.0263165,17.614329,35.692205,0.89040045,1.8979443,16.717603,31.72908
0b_color_jitter_best,file,15,baseline_color_jitter,345,007.Parakeet_Auklet/Parakeet_Auklet_0047_795956.jpg,7,6,007.Parakeet_Auklet,5,4,identity,identity,0,{},0.0023216456,0.0023216456,0,0.99768102,0.99768102,0.00099470315,0.00099470315,0.99668632,0.99668632,0,1,1,0.33881431,0.33881431,False,1,True,True,True,1,1,0.33881431,0.33881431,1,1,0.33077044,0.33077044,1,1,0.073389756,0.073389756,1,1,0.076894334,0.076894334,1,1,0.12921211,0.12921211,1,1,0.16256504,0.16256504,1,1,0.16406047,0.16406047,1,1,0.18291349,0.18291349
0b_color_jitter_best,file,15,baseline_color_jitter,345,007.Parakeet_Auklet/Parakeet_Auklet_0047_795956.jpg,7,6,007.Parakeet_Auklet,5,4,color_jitter,color_jitter,0,"{""brightness"":0.666193,""contrast"":1.323208,""hue"":0.054369,""saturation"":0.831128}",0.0023216456,0.0049259732,0.0026043276,0.99768102,0.99508613,0.00099470315,0.0017008492,0.99668632,0.99338528,-0.0033010342,0.87271215,2.4011489,0.33881431,0.8135436,False,0.98559874,True,True,True,0.87271215,2.4011489,0.33881431,0.8135436,0.86819413,2.4094004,0.33077044,0.79695841,0.97459876,2.2269241,0.073389756,0.16343342,0.85335976,3.0623493,0.076894334,0.23547731,0.86661527,2.6834317,0.12921211,0.34673188,0.85355144,2.4986049,0.16256504,0.40618579,0.86073266,2.3135225,0.16406047,0.37955759,0.91100485,2.1203426,0.18291349,0.38783926
0b_color_jitter_best,file,15,baseline_color_jitter,9955,170.Mourning_Warbler/Mourning_Warbler_0008_166467.jpg,170,169,170.Mourning_Warbler,21,20,identity,identity,0,{},0.60261291,0.60261291,0,0.54737949,0.54737949,0.043254912,0.043254912,0.50412458,0.50412458,0,1,1,71.720485,71.720485,False,0.99999994,True,True,True,1,1,71.720485,71.720485,1,1,70.64693,70.64693,1,1,12.362814,12.362814,1,1,17.017524,17.017524,1,1,32.665499,32.665499,1,1,38.840753,38.840753,1,1,34.980293,34.980293,1,1,30.035526,30.035526
0b_color_jitter_best,file,15,baseline_color_jitter,9955,170.Mourning_Warbler/Mourning_Warbler_0008_166467.jpg,170,169,170.Mourning_Warbler,21,20,color_jitter,color_jitter,0,"{""brightness"":0.99608,""contrast"":1.001125,""hue"":-0.034681,""saturation"":1.065011}",0.60261291,0.7605505,0.15793759,0.54737949,0.46740904,0.043254912,0.04702168,0.50412458,0.42038736,-0.083737217,0.95481781,1.1979187,71.720485,85.91531,False,0.99592692,True,True,True,0.95481781,1.1979187,71.720485,85.91531,0.95359175,1.1985208,70.64693,84.671812,0.99568649,1.1780898,12.362814,14.564505,0.95919454,1.2706402,17.017524,21.623151,0.96007368,1.1582687,32.665499,37.835426,0.94778227,1.2105425,38.840753,47.018383,0.95013558,1.1954325,34.980293,41.816578,0.96001744,1.2054422,30.035526,36.206091
0b_color_jitter_best,file,15,baseline_color_jitter,7995,137.Cliff_Swallow/Cliff_Swallow_0044_133927.jpg,137,136,137.Cliff_Swallow,135,134,identity,identity,0,{},1.5141959,1.5141959,0,0.21998501,0.21998501,0.15022993,0.15022993,0.069755077,0.069755077,0,1,1,125.01265,125.01265,False,1,True,True,True,1,1,125.01265,125.01265,1,1,122.98474,122.98474,1,1,22.425758,22.425758,1,1,39.229313,39.229313,1,1,49.825247,49.825247,1,1,64.709549,64.709549,1,1,60.246689,60.246689,1,1,57.330305,57.330305
0b_color_jitter_best,file,15,baseline_color_jitter,7995,137.Cliff_Swallow/Cliff_Swallow_0044_133927.jpg,137,136,137.Cliff_Swallow,135,134,color_jitter,color_jitter,0,"{""brightness"":0.652126,""contrast"":1.00219,""hue"":0.01277,""saturation"":0.794186}",1.5141959,1.8146925,0.30049658,0.21998501,0.16288798,0.15022993,0.40496016,0.069755077,-0.24207218,-0.31182726,0.81003037,1.0712259,125.01265,133.91678,False,0.98097497,False,True,False,0.81003037,1.0712259,125.01265,133.91678,0.80538221,1.0668287,122.98474,131.20365,0.93983373,1.1959408,22.425758,26.819879,0.89111507,1.1691825,39.229313,45.866228,0.75230165,1.2741981,49.825247,63.487235,0.81250507,1.0170586,64.709549,65.813401,0.80357468,0.98319866,60.246689,59.234464,0.82267595,0.99285027,57.330305,56.920409
0b_color_jitter_best,file,15,baseline_color_jitter,7867,135.Bank_Swallow/Bank_Swallow_0015_129853.jpg,135,134,135.Bank_Swallow,103,102,identity,identity,0,{},0.10692907,0.10692907,0,0.89858943,0.89858943,0.021459481,0.021459481,0.87712995,0.87712995,0,1,1,19.905281,19.905281,False,0.99999994,True,True,True,1,1,19.905281,19.905281,1,1,19.652902,19.652902,1,1,3.1596919,3.1596919,1,1,4.5132784,4.5132784,1,1,11.014553,11.014553,1,1,9.7698134,9.7698134,1,1,8.9725542,8.9725542,1,1,8.2819387,8.2819387
0b_color_jitter_best,file,15,baseline_color_jitter,7867,135.Bank_Swallow/Bank_Swallow_0015_129853.jpg,135,134,135.Bank_Swallow,103,102,color_jitter,color_jitter,0,"{""brightness"":0.736237,""contrast"":1.082094,""hue"":0.082696,""saturation"":0.955616}",0.10692907,0.060251273,-0.046677798,0.89858943,0.9415279,0.021459481,0.0096571967,0.87712995,0.93187071,0.054740755,0.89239022,0.55341441,19.905281,11.015869,False,0.98666364,True,True,True,0.89239022,0.55341441,19.905281,11.015869,0.8899844,0.55159409,19.652902,10.840424,0.98111961,0.61974602,3.1596919,1.9582065,0.83282093,0.774341,4.5132784,3.4948165,0.90062601,0.49243527,11.014553,5.4239542,0.89033497,0.56031707,9.7698134,5.4741932,0.89844177,0.54820935,8.9725542,4.9188381,0.91706415,0.56272745,8.2819387,4.6604742
0b_color_jitter_best,file,15,baseline_color_jitter,2741,048.European_Goldfinch/European_Goldfinch_0100_794685.jpg,48,47,048.European_Goldfinch,47,46,identity,identity,0,{},0.0033605788,0.0033605788,0,0.99664503,0.99664503,0.00052082172,0.00052082172,0.99612421,0.99612421,0,1,1,0.41820259,0.41820259,False,0.99999994,True,True,True,1,1,0.41820259,0.41820259,1,1,0.40682289,0.40682289,1,1,0.096894477,0.096894477,1,1,0.10972883,0.10972883,1,1,0.13439163,0.13439163,1,1,0.15437207,0.15437207,1,1,0.19097435,0.19097435,1,1,0.27404634,0.27404634
0b_color_jitter_best,file,15,baseline_color_jitter,2741,048.European_Goldfinch/European_Goldfinch_0100_794685.jpg,48,47,048.European_Goldfinch,47,46,color_jitter,color_jitter,0,"{""brightness"":0.847625,""contrast"":1.030867,""hue"":0.082629,""saturation"":1.288417}",0.0033605788,0.0032992712,-6.1307568e-05,0.99664503,0.99670619,0.00052082172,0.00072534563,0.99612421,0.99598084,-0.00014336954,0.77715674,1.0816775,0.41820259,0.45236033,False,0.98906511,True,True,True,0.77715674,1.0816775,0.41820259,0.45236033,0.76594925,1.080254,0.40682289,0.43947204,0.97025664,1.1064716,0.096894477,0.10721099,0.79430294,1.0330152,0.10972883,0.11335155,0.59745332,1.1266876,0.13439163,0.15141739,0.65157246,1.2844574,0.15437207,0.19828434,0.74785178,1.1287178,0.19097435,0.21555615,0.87528023,0.97626563,0.27404634,0.26754203
0b_color_jitter_best,file,15,baseline_color_jitter,213,004.Groove_billed_Ani/Groove_Billed_Ani_0047_1706.jpg,4,3,004.Groove_billed_Ani,29,28,identity,identity,0,{},0.14835626,0.14835626,0,0.86212391,0.86212391,0.030051244,0.030051244,0.83207266,0.83207266,0,1,1,22.508064,22.508064,False,0.99999994,True,True,True,1,1,22.508064,22.508064,1,1,22.208831,22.208831,1,1,3.6579699,3.6579699,1,1,3.877668,3.877668,1,1,8.1984928,8.1984928,1,1,12.095289,12.095289,1,1,11.016,11.016,1,1,11.972148,11.972148
0b_color_jitter_best,file,15,baseline_color_jitter,213,004.Groove_billed_Ani/Groove_Billed_Ani_0047_1706.jpg,4,3,004.Groove_billed_Ani,29,28,color_jitter,color_jitter,0,"{""brightness"":0.853999,""contrast"":1.374562,""hue"":0.013893,""saturation"":0.895687}",0.14835626,0.10762425,-0.040732011,0.86212391,0.89796495,0.030051244,0.026484314,0.83207266,0.87148064,0.039407978,0.86823305,0.74097641,22.508064,16.677944,False,0.98885679,True,True,True,0.86823305,0.74097641,22.508064,16.677944,0.86489443,0.74027165,22.208831,16.440568,0.98759979,0.76650257,3.6579699,2.8038433,0.63198636,0.85019652,3.877668,3.2967798,0.81232454,0.7793378,8.1984928,6.3893953,0.86729648,0.70111499,12.095289,8.4801887,0.86261468,0.74248916,11.016,8.1792605,0.92091322,0.74608661,11.972148,8.9322592
0b_color_jitter_best,file,15,baseline_color_jitter,5874,101.White_Pelican/White_Pelican_0035_96312.jpg,101,100,101.White_Pelican,100,99,identity,identity,0,{},0.0041359845,0.0041359845,0,0.99587256,0.99587256,0.0019549991,0.0019549991,0.99391756,0.99391756,0,1,1,0.60419015,0.60419015,False,1,True,True,True,1,1,0.60419015,0.60419015,1,1,0.58881195,0.58881195,1,1,0.13544824,0.13544824,1,1,0.11718711,0.11718711,1,1,0.20218641,0.20218641,1,1,0.29574332,0.29574332,1,1,0.29506036,0.29506036,1,1,0.34287405,0.34287405
0b_color_jitter_best,file,15,baseline_color_jitter,5874,101.White_Pelican/White_Pelican_0035_96312.jpg,101,100,101.White_Pelican,100,99,color_jitter,color_jitter,0,"{""brightness"":1.385088,""contrast"":1.226015,""hue"":-0.031861,""saturation"":0.632963}",0.0041359845,0.0099319089,0.0057959245,0.99587256,0.99011725,0.0019549991,0.0042047203,0.99391756,0.98591253,-0.0080050265,0.71985157,2.6367938,0.60419015,1.5931249,False,0.95064074,True,True,True,0.71985157,2.6367938,0.60419015,1.5931249,0.70958551,2.6521352,0.58881195,1.5616089,0.94672579,2.327949,0.13544824,0.3153166,0.53615205,3.5827462,0.11718711,0.41985167,0.6065101,2.9201307,0.20218641,0.59041073,0.7026142,2.9140739,0.29574332,0.86181789,0.71385687,2.5117909,0.29506036,0.74112992,0.80815525,2.2997265,0.34287405,0.78851654
0b_color_jitter_best,file,15,baseline_color_jitter,11493,196.House_Wren/House_Wren_0087_187946.jpg,196,195,196.House_Wren,199,198,identity,identity,0,{},0.64700502,0.64700502,0,0.52361161,0.52361161,0.43051118,0.43051118,0.093100429,0.093100429,0,1,1,96.485531,96.485531,False,0.99999994,True,True,True,1,1,96.485531,96.485531,1,1,94.887325,94.887325,1,1,17.488658,17.488658,1,1,12.887888,12.887888,1,1,49.122112,49.122112,1,1,49.09438,49.09438,1,1,46.492135,46.492135,1,1,43.043561,43.043561
0b_color_jitter_best,file,15,baseline_color_jitter,11493,196.House_Wren/House_Wren_0087_187946.jpg,196,195,196.House_Wren,199,198,color_jitter,color_jitter,0,"{""brightness"":0.899835,""contrast"":1.301611,""hue"":0.05887,""saturation"":0.632078}",0.64700502,0.5421803,-0.10482472,0.52361161,0.58147907,0.43051118,0.28460038,0.093100429,0.2968787,0.20377827,0.85774,0.74453052,96.485531,71.836423,False,0.98322475,True,True,True,0.85774,0.74453052,96.485531,71.836423,0.85379315,0.74405452,94.887325,70.601344,0.97187838,0.75840892,17.488658,13.263554,0.68095116,0.78323904,12.887888,10.094297,0.86585642,0.6761116,49.122112,33.21203,0.81883352,0.74770365,49.09438,36.708047,0.85516508,0.77264302,46.492135,35.921824,0.90389465,0.78501653,43.043561,33.789906
0b_color_jitter_best,file,15,baseline_color_jitter,2334,041.Scissor_tailed_Flycatcher/Scissor_Tailed_Flycatcher_0008_41670.jpg,41,40,041.Scissor_tailed_Flycatcher,135,134,identity,identity,0,{},0.0070125177,0.0070125177,0,0.99301201,0.99301201,0.0034504961,0.0034504961,0.98956151,0.98956151,0,1,1,1.0297262,1.0297262,False,0.99999988,True,True,True,1,1,1.0297262,1.0297262,1,1,0.99991253,0.99991253,1,1,0.24598991,0.24598991,1,1,0.19429894,0.19429894,1,1,0.38748719,0.38748719,1,1,0.49342017,0.49342017,1,1,0.53829346,0.53829346,1,1,0.52792361,0.52792361
0b_color_jitter_best,file,15,baseline_color_jitter,2334,041.Scissor_tailed_Flycatcher/Scissor_Tailed_Flycatcher_0008_41670.jpg,41,40,041.Scissor_tailed_Flycatcher,135,134,color_jitter,color_jitter,0,"{""brightness"":1.281673,""contrast"":0.611256,""hue"":-0.050239,""saturation"":0.747027}",0.0070125177,0.0037840444,-0.0032284732,0.99301201,0.99622309,0.0034504961,0.0013961932,0.98956151,0.9948269,0.005265384,0.87198342,0.54796319,1.0297262,0.56425207,False,0.99125075,True,True,True,0.87198342,0.54796319,1.0297262,0.56425207,0.86542809,0.54854098,0.99991253,0.548493,0.98249788,0.53832658,0.24598991,0.13242291,0.78980197,0.45389921,0.19429894,0.088192134,0.80975532,0.60857001,0.38748719,0.23581308,0.84874447,0.5481209,0.49342017,0.27045391,0.8810189,0.54069222,0.53829346,0.29105109,0.91187485,0.53443296,0.52792361,0.28213978
0b_color_jitter_best,file,15,baseline_color_jitter,409,008.Rhinoceros_Auklet/Rhinoceros_Auklet_0013_797537.jpg,8,7,008.Rhinoceros_Auklet,142,141,identity,identity,0,{},0.66299105,0.66299105,0,0.51530772,0.51530772,0.22739533,0.22739533,0.2879124,0.2879124,0,1,1,111.54896,111.54896,False,0.99999994,True,True,True,1,1,111.54896,111.54896,1,1,110.50811,110.50811,1,1,15.202881,15.202881,1,1,33.896325,33.896325,1,1,59.200969,59.200969,1,1,56.053441,56.053441,1,1,48.402752,48.402752,1,1,45.535836,45.535836
0b_color_jitter_best,file,15,baseline_color_jitter,409,008.Rhinoceros_Auklet/Rhinoceros_Auklet_0013_797537.jpg,8,7,008.Rhinoceros_Auklet,142,141,color_jitter,color_jitter,0,"{""brightness"":1.065965,""contrast"":1.113575,""hue"":0.077871,""saturation"":1.057693}",0.66299105,0.67278814,0.0097970963,0.51530772,0.51028383,0.22739533,0.14264393,0.2879124,0.3676399,0.079727501,0.90605689,0.93003773,111.54896,103.74474,False,0.98445106,True,True,True,0.90605689,0.93003773,111.54896,103.74474,0.90493359,0.92876838,110.50811,102.63644,0.96356432,0.99480535,15.202881,15.123907,0.94613189,0.9163863,33.896325,31.062128,0.90821724,0.88626413,59.200969,52.467695,0.88480083,0.93781176,56.053441,52.567576,0.895903,0.97459193,48.402752,47.172932,0.92145364,0.93890471,45.535836,42.753811
0b_color_jitter_best,file,15,baseline_color_jitter,10558,180.Wilson_Warbler/Wilson_Warbler_0010_175750.jpg,180,179,180.Wilson_Warbler,182,181,identity,identity,0,{},0.019485835,0.019485835,0,0.98070276,0.98070276,0.0071119177,0.0071119177,0.97359084,0.97359084,0,1,1,2.4991667,2.4991667,False,1,True,True,True,1,1,2.4991667,2.4991667,1,1,2.4423869,2.4423869,1,1,0.52969839,0.52969839,1,1,0.45802573,0.45802573,1,1,0.94755482,0.94755482,1,1,1.2308354,1.2308354,1,1,1.2675983,1.2675983,1,1,1.3175147,1.3175147
0b_color_jitter_best,file,15,baseline_color_jitter,10558,180.Wilson_Warbler/Wilson_Warbler_0010_175750.jpg,180,179,180.Wilson_Warbler,182,181,color_jitter,color_jitter,0,"{""brightness"":1.257739,""contrast"":0.802853,""hue"":-0.049657,""saturation"":1.119274}",0.019485835,0.054333512,0.034847677,0.98070276,0.9471162,0.0071119177,0.015719792,0.97359084,0.9313964,-0.042194436,0.91287569,2.8484851,2.4991667,7.1188391,False,0.9928897,True,True,True,0.91287569,2.8484851,2.4991667,7.1188391,0.90978302,2.860198,2.4423869,6.9857102,0.9899899,2.5869445,0.52969839,1.3703003,0.78040537,2.7801085,0.45802573,1.2733612,0.87031293,2.7881391,0.94755482,2.6419147,0.91081161,2.9746653,1.2308354,3.6613235,0.9148757,2.8983692,1.2675983,3.6739678,0.94158218,2.7675751,1.3175147,3.6463209
0b_color_jitter_best,file,15,baseline_color_jitter,9888,168.Kentucky_Warbler/Kentucky_Warbler_0020_795903.jpg,168,167,168.Kentucky_Warbler,162,161,identity,identity,0,{},0.05245572,0.05245572,0,0.94889635,0.94889635,0.026731363,0.026731363,0.92216499,0.92216499,0,1,1,6.9047356,6.9047356,False,0.99999994,True,True,True,1,1,6.9047356,6.9047356,1,1,6.731147,6.731147,1,1,1.5385168,1.5385168,1,1,1.1370536,1.1370536,1,1,2.198459,2.198459,1,1,3.1416786,3.1416786,1,1,3.5608581,3.5608581,1,1,4.0782806,4.0782806
0b_color_jitter_best,file,15,baseline_color_jitter,9888,168.Kentucky_Warbler/Kentucky_Warbler_0020_795903.jpg,168,167,168.Kentucky_Warbler,162,161,color_jitter,color_jitter,0,"{""brightness"":1.003704,""contrast"":0.840652,""hue"":0.003878,""saturation"":1.238137}",0.05245572,0.046281651,-0.0061740689,0.94889635,0.95477301,0.026731363,0.023990083,0.92216499,0.93078293,0.0086179394,0.95949009,0.89877,6.9047356,6.2057693,False,0.997208,True,True,True,0.95949009,0.89877,6.9047356,6.2057693,0.9575131,0.89847508,6.731147,6.0477679,0.99710425,0.90439662,1.5385168,1.3914294,0.94319458,0.80545812,1.1370536,0.91584906,0.92688032,0.91500711,2.198459,2.0116056,0.94763556,0.91866524,3.1416786,2.886151,0.95843057,0.91007752,3.5608581,3.2406569,0.9740849,0.87925927,4.0782806,3.585866
0b_color_jitter_best,file,15,baseline_color_jitter,11206,191.Red_headed_Woodpecker/Red_Headed_Woodpecker_0063_183358.jpg,191,190,191.Red_headed_Woodpecker,12,11,identity,identity,0,{},0.013633354,0.013633354,0,0.98645914,0.98645914,0.0019214209,0.0019214209,0.98453772,0.98453772,0,1,1,1.9678016,1.9678016,False,0.99999988,True,True,True,1,1,1.9678016,1.9678016,1,1,1.9280706,1.9280706,1,1,0.39342982,0.39342982,1,1,0.46859137,0.46859137,1,1,0.70536167,0.70536167,1,1,0.97803486,0.97803486,1,1,0.97812503,0.97812503,1,1,1.0426229,1.0426229
0b_color_jitter_best,file,15,baseline_color_jitter,11206,191.Red_headed_Woodpecker/Red_Headed_Woodpecker_0063_183358.jpg,191,190,191.Red_headed_Woodpecker,12,11,color_jitter,color_jitter,0,"{""brightness"":1.336462,""contrast"":0.83752,""hue"":-0.004765,""saturation"":0.698015}",0.013633354,0.03211965,0.018486297,0.98645914,0.9683907,0.0019214209,0.0077553745,0.98453772,0.96063533,-0.023902386,0.87137343,2.6912238,1.9678016,5.2957945,False,0.9802115,True,True,True,0.87137343,2.6912238,1.9678016,5.2957945,0.86814303,2.703699,1.9280706,5.2129225,0.96701737,2.371983,0.39342982,0.93320886,0.81724526,2.9389736,0.46859137,1.3771776,0.77260833,2.8099247,0.70536167,1.9820132,0.8847383,2.9141117,0.97803486,2.8501028,0.88833191,2.6808846,0.97812503,2.6222403,0.9033284,2.416969,1.0426229,2.5199873
0b_color_jitter_best,file,15,baseline_color_jitter,10180,173.Orange_crowned_Warbler/Orange_Crowned_Warbler_0030_168376.jpg,173,172,173.Orange_crowned_Warbler,179,178,identity,identity,0,{},0.11025486,0.11025486,0,0.89560586,0.89560586,0.031651787,0.031651787,0.86395407,0.86395407,0,1,1,19.215214,19.215214,False,0.99999988,True,True,True,1,1,19.215214,19.215214,1,1,18.998301,18.998301,1,1,2.87906,2.87906,1,1,3.5062704,3.5062704,1,1,10.382212,10.382212,1,1,10.72862,10.72862,1,1,8.4432169,8.4432169,1,1,7.3797015,7.3797015
0b_color_jitter_best,file,15,baseline_color_jitter,10180,173.Orange_crowned_Warbler/Orange_Crowned_Warbler_0030_168376.jpg,173,172,173.Orange_crowned_Warbler,179,178,color_jitter,color_jitter,0,"{""brightness"":0.638599,""contrast"":0.727824,""hue"":-0.017373,""saturation"":0.608952}",0.11025486,0.21974978,0.10949492,0.89560586,0.80271965,0.031651787,0.046737768,0.86395407,0.75598188,-0.10797219,0.81462072,2.7105374,19.215214,52.083555,False,0.97280049,True,True,True,0.81462072,2.7105374,19.215214,52.083555,0.81288065,2.7245868,18.998301,51.762521,0.95544973,2.0054881,2.87906,5.7739207,0.16969068,2.5777052,3.5062704,9.0381315,0.84952018,3.340454,10.382212,34.681301,0.84253853,2.5622155,10.72862,27.489036,0.8388964,2.2960479,8.4432169,19.38603,0.85438452,2.1992755,7.3797015,16.229997
0b_color_jitter_best,file,15,baseline_color_jitter,6068,104.American_Pipit/American_Pipit_0095_99959.jpg,104,103,104.American_Pipit,131,130,identity,identity,0,{},0.056147154,0.056147154,0,0.9454,0.9454,0.023425445,0.023425445,0.92197455,0.92197455,0,1,1,9.9160623,9.9160623,False,1,True,True,True,1,1,9.9160623,9.9160623,1,1,9.7595252,9.7595252,1,1,1.7549811,1.7549811,1,1,1.3957244,1.3957244,1,1,4.185671,4.185671,1,1,5.6764521,5.6764521,1,1,4.7109609,4.7109609,1,1,4.6222487,4.6222487
0b_color_jitter_best,file,15,baseline_color_jitter,6068,104.American_Pipit/American_Pipit_0095_99959.jpg,104,103,104.American_Pipit,131,130,color_jitter,color_jitter,0,"{""brightness"":0.754476,""contrast"":1.227499,""hue"":-0.086938,""saturation"":0.957592}",0.056147154,0.17285152,0.11670436,0.9454,0.84126252,0.023425445,0.03249497,0.92197455,0.80876755,-0.113207,0.83678005,3.0610013,9.9160623,30.35308,False,0.98633277,True,True,True,0.83678005,3.0610013,9.9160623,30.35308,0.83375112,3.0737037,9.7595252,29.997889,0.95543705,2.6381577,1.7549811,4.6299171,0.61886796,5.1434144,1.3957244,7.178789,0.69439638,2.8525855,4.185671,11.939985,0.8713437,2.9514083,5.6764521,16.753528,0.86587624,3.1718603,4.7109609,14.94251,0.90416049,3.0734365,4.6222487,14.206188
0b_color_jitter_best,file,15,baseline_color_jitter,3310,058.Pigeon_Guillemot/Pigeon_Guillemot_0018_40195.jpg,58,57,058.Pigeon_Guillemot,8,7,identity,identity,0,{},0.0024547225,0.0024547225,0,0.99754828,0.99754828,0.00082604826,0.00082604826,0.99672223,0.99672223,0,1,1,0.38629386,0.38629386,False,0.99999988,True,True,True,1,1,0.38629386,0.38629386,1,1,0.37495143,0.37495143,1,1,0.092921322,0.092921322,1,1,0.07929936,0.07929936,1,1,0.15115993,0.15115993,1,1,0.18448404,0.18448404,1,1,0.18157807,0.18157807,1,1,0.21082198,0.21082198
0b_color_jitter_best,file,15,baseline_color_jitter,3310,058.Pigeon_Guillemot/Pigeon_Guillemot_0018_40195.jpg,58,57,058.Pigeon_Guillemot,8,7,color_jitter,color_jitter,0,"{""brightness"":1.012663,""contrast"":1.035331,""hue"":-0.018648,""saturation"":0.746452}",0.0024547225,0.0019497924,-0.00050493015,0.99754828,0.99805212,0.00082604826,0.00064346968,0.99672223,0.99740865,0.00068641664,0.96764332,0.8198843,0.38629386,0.31671627,False,0.99886841,True,True,True,0.96764332,0.8198843,0.38629386,0.31671627,0.96573669,0.81993539,0.37495143,0.30743595,0.99872186,0.81905189,0.092921322,0.076107385,0.93371673,0.8461411,0.07929936,0.067098447,0.94973421,0.82027188,0.15115993,0.12399224,0.9614573,0.82173915,0.18448404,0.15159776,0.96778372,0.81590508,0.18157807,0.14815047,0.98054155,0.81759173,0.21082198,0.17236631
0b_color_jitter_best,file,15,baseline_color_jitter,10086,172.Nashville_Warbler/Nashville_Warbler_0121_167078.jpg,172,171,172.Nashville_Warbler,170,169,identity,identity,0,{},0.028468978,0.028468978,0,0.97193247,0.97193247,0.0032536597,0.0032536597,0.96867881,0.96867881,0,1,1,3.6949026,3.6949026,False,1,True,True,True,1,1,3.6949026,3.6949026,1,1,3.6301499,3.6301499,1,1,0.68870688,0.68870688,1,1,0.68659205,0.68659205,1,1,1.1618328,1.1618328,1,1,1.9307083,1.9307083,1,1,1.9542187,1.9542187,1,1,1.9519525,1.9519525
0b_color_jitter_best,file,15,baseline_color_jitter,10086,172.Nashville_Warbler/Nashville_Warbler_0121_167078.jpg,172,171,172.Nashville_Warbler,170,169,color_jitter,color_jitter,0,"{""brightness"":0.839622,""contrast"":0.935103,""hue"":-0.019358,""saturation"":1.23317}",0.028468978,0.024561625,-0.0039073527,0.97193247,0.97573757,0.0032536597,0.0036356219,0.96867881,0.97210195,0.0034231388,0.93422407,0.8624741,3.6949026,3.1867578,False,0.99518162,True,True,True,0.93422407,0.8624741,3.6949026,3.1867578,0.93201725,0.86112014,3.6301499,3.1259952,0.99378101,0.89927673,0.68870688,0.61933807,0.85055123,0.74486007,0.68659205,0.511415,0.85416335,0.89522531,1.1618328,1.0401022,0.93201605,0.85569814,1.9307083,1.6521035,0.94200485,0.86501689,1.9542187,1.6904322,0.9606152,0.86358108,1.9519525,1.6856693
0b_color_jitter_best,file,15,baseline_color_jitter,4027,070.Green_Violetear/Green_Violetear_0013_795684.jpg,70,69,070.Green_Violetear,68,67,identity,identity,0,{},7.05902,7.05902,0,0.00085962011,0.00085962011,0.56051177,0.56051177,-0.55965215,-0.55965215,0,1,1,131.92008,131.92008,False,1.0000002,True,False,False,1,1,131.92008,131.92008,1,1,126.27039,126.27039,1,1,38.192893,38.192893,1,1,21.301844,21.301844,1,1,53.292287,53.292287,1,1,64.293495,64.293495,1,1,58.366084,58.366084,1,1,71.485107,71.485107
0b_color_jitter_best,file,15,baseline_color_jitter,4027,070.Green_Violetear/Green_Violetear_0013_795684.jpg,70,69,070.Green_Violetear,68,67,color_jitter,color_jitter,0,"{""brightness"":0.834789,""contrast"":0.666478,""hue"":-0.009944,""saturation"":1.093518}",7.05902,7.1126823,0.0536623,0.00085962011,0.00081470702,0.56051177,0.50715864,-0.55965215,-0.50634393,0.053308218,0.90959657,1.0358807,131.92008,136.65347,False,0.99521971,True,False,False,0.90959657,1.0358807,131.92008,136.65347,0.90244909,1.0400109,126.27039,131.32258,0.99273288,0.98961286,38.192893,37.796178,0.79429482,1.417182,21.301844,30.18859,0.83027651,1.1786812,53.292287,62.814615,0.9328011,1.0350919,64.293495,66.549673,0.9134792,0.9613546,58.366084,56.110503,0.94617539,0.97032602,71.485107,69.36386
0b_color_jitter_best,file,15,baseline_color_jitter,4929,085.Horned_Lark/Horned_Lark_0028_74408.jpg,85,84,085.Horned_Lark,168,167,identity,identity,0,{},0.067170046,0.067170046,0,0.93503618,0.93503618,0.009321928,0.009321928,0.92571425,0.92571425,0,1,1,11.409812,11.409812,False,1.0000001,True,True,True,1,1,11.409812,11.409812,1,1,11.299607,11.299607,1,1,1.5819909,1.5819909,1,1,1.7635199,1.7635199,1,1,4.5296771,4.5296771,1,1,6.7626885,6.7626885,1,1,5.6023633,5.6023633,1,1,5.1896742,5.1896742
0b_color_jitter_best,file,15,baseline_color_jitter,4929,085.Horned_Lark/Horned_Lark_0028_74408.jpg,85,84,085.Horned_Lark,168,167,color_jitter,color_jitter,0,"{""brightness"":1.214812,""contrast"":1.016537,""hue"":0.05374,""saturation"":1.078713}",0.067170046,0.099356852,0.032186806,0.93503618,0.90541953,0.009321928,0.020681674,0.92571425,0.88473785,-0.0409764,0.90687639,1.4648328,11.409812,16.713468,False,0.98998582,True,True,True,0.90687639,1.4648328,11.409812,16.713468,0.90524732,1.4632379,11.299607,16.534014,0.98692216,1.5440161,1.5819909,2.4426195,0.86981981,1.5165315,1.7635199,2.6744335,0.85298313,1.3708042,4.5296771,6.2093005,0.90825392,1.4608077,6.7626885,9.8789872,0.90671145,1.5256613,5.6023633,8.547309,0.94254482,1.4549681,5.1896742,7.5508105
0b_color_jitter_best,file,15,baseline_color_jitter,5875,101.White_Pelican/White_Pelican_0009_97340.jpg,101,100,101.White_Pelican,143,142,identity,identity,0,{},0.042527389,0.042527389,0,0.95836419,0.95836419,0.017753333,0.017753333,0.94061086,0.94061086,0,1,1,6.5737909,6.5737909,False,1,True,True,True,1,1,6.5737909,6.5737909,1,1,6.4376374,6.4376374,1,1,1.330996,1.330996,1,1,1.9278898,1.9278898,1,1,2.7402427,2.7402427,1,1,3.0130101,3.0130101,1,1,3.0926668,3.0926668,1,1,3.4021566,3.4021566
0b_color_jitter_best,file,15,baseline_color_jitter,5875,101.White_Pelican/White_Pelican_0009_97340.jpg,101,100,101.White_Pelican,143,142,color_jitter,color_jitter,0,"{""brightness"":1.18069,""contrast"":1.02802,""hue"":0.026122,""saturation"":0.838449}",0.042527389,0.056433596,0.013906207,0.95836419,0.94512922,0.017753333,0.020053213,0.94061086,0.925076,-0.015534854,0.94144099,1.3349896,6.5737909,8.7759425,False,0.99538088,True,True,True,0.94144099,1.3349896,6.5737909,8.7759425,0.93925334,1.3357875,6.4376374,8.5993155,0.99347924,1.3161863,1.330996,1.7518387,0.96499036,1.8131023,1.9278898,3.4954614,0.9260797,1.291594,2.7402427,3.539281,0.94040848,1.2992804,3.0130101,3.9147448,0.93730201,1.2599454,3.0926668,3.8965913,0.9601789,1.2708851,3.4021566,4.3237503
0b_color_jitter_best,file,15,baseline_color_jitter,6291,108.White_necked_Raven/White_Necked_Raven_0042_797356.jpg,108,107,108.White_necked_Raven,107,106,identity,identity,0,{},0.36519668,0.36519668,0,0.69406015,0.69406015,0.22955242,0.22955242,0.46450773,0.46450773,0,1,1,60.748474,60.748474,False,1,True,True,True,1,1,60.748474,60.748474,1,1,59.345961,59.345961,1,1,12.978215,12.978215,1,1,14.492997,14.492997,1,1,23.085905,23.085905,1,1,30.530399,30.530399,1,1,27.835836,27.835836,1,1,32.741382,32.741382
0b_color_jitter_best,file,15,baseline_color_jitter,6291,108.White_necked_Raven/White_Necked_Raven_0042_797356.jpg,108,107,108.White_necked_Raven,107,106,color_jitter,color_jitter,0,"{""brightness"":0.974129,""contrast"":1.264171,""hue"":0.013059,""saturation"":0.748746}",0.36519668,0.41225347,0.047056794,0.69406015,0.6621564,0.22955242,0.09344583,0.46450773,0.56871057,0.10420284,0.68930797,0.91845318,60.748474,55.79463,False,0.9849121,True,True,True,0.68930797,0.91845318,60.748474,55.79463,0.68151471,0.91506505,59.345961,54.305415,0.84230273,0.98663717,12.978215,12.804789,0.12906568,0.71404883,14.492997,10.348708,0.60392384,0.78521807,23.085905,18.12747,0.67785313,0.77089601,30.530399,23.535763,0.69028697,0.98813162,27.835836,27.505469,0.80023114,1.0592945,32.741382,34.682765
0b_color_jitter_best,file,15,baseline_color_jitter,3867,067.Anna_Hummingbird/Anna_Hummingbird_0038_57036.jpg,67,66,067.Anna_Hummingbird,68,67,identity,identity,0,{},1.1398001,1.1398001,0,0.31988299,0.31988299,0.60154766,0.60154766,-0.28166467,-0.28166467,0,1,1,106.12359,106.12359,False,1,True,False,False,1,1,106.12359,106.12359,1,1,103.05138,103.05138,1,1,25.350152,25.350152,1,1,30.709025,30.709025,1,1,44.221685,44.221685,1,1,51.839523,51.839523,1,1,50.36992,50.36992,1,1,49.965187,49.965187
0b_color_jitter_best,file,15,baseline_color_jitter,3867,067.Anna_Hummingbird/Anna_Hummingbird_0038_57036.jpg,67,66,067.Anna_Hummingbird,68,67,color_jitter,color_jitter,0,"{""brightness"":1.184639,""contrast"":1.019552,""hue"":-0.053089,""saturation"":1.159466}",1.1398001,0.91264355,-0.22715652,0.31988299,0.40146154,0.60154766,0.52406567,-0.28166467,-0.12260413,0.15906054,0.900419,0.8881386,106.12359,94.252458,False,0.99073207,True,False,False,0.900419,0.8881386,106.12359,94.252458,0.89527667,0.89049532,103.05138,91.76677,0.99063547,0.84824577,25.350152,21.50316,0.83602065,0.76263913,30.709025,23.419904,0.86612651,0.94467628,44.221685,41.775177,0.90046094,0.89449584,51.839523,46.370238,0.91085549,0.90257525,50.36992,45.462643,0.92251431,0.87477881,49.965187,43.708487
0b_color_jitter_best,file,15,baseline_color_jitter,3363,058.Pigeon_Guillemot/Pigeon_Guillemot_0055_40171.jpg,58,57,058.Pigeon_Guillemot,25,24,identity,identity,0,{},1.392297,1.392297,0,0.24850383,0.24850383,0.56572777,0.56572777,-0.31722394,-0.31722394,0,1,1,156.14134,156.14134,False,1,True,False,False,1,1,156.14134,156.14134,1,1,153.88418,153.88418,1,1,26.453274,26.453274,1,1,45.001233,45.001233,1,1,70.06468,70.06468,1,1,79.58737,79.58737,1,1,73.043082,73.043082,1,1,71.25118,71.25118
0b_color_jitter_best,file,15,baseline_color_jitter,3363,058.Pigeon_Guillemot/Pigeon_Guillemot_0055_40171.jpg,58,57,058.Pigeon_Guillemot,25,24,color_jitter,color_jitter,0,"{""brightness"":0.91344,""contrast"":1.168401,""hue"":-0.071393,""saturation"":0.929177}",1.392297,1.9584329,0.56613588,0.24850383,0.14107934,0.56572777,0.64327031,-0.31722394,-0.50219098,-0.18496704,0.95225853,1.1209797,156.14134,175.03127,False,0.99650043,True,False,False,0.95225853,1.1209797,156.14134,175.03127,0.9509563,1.1208073,153.88418,172.47452,0.99610441,1.1267977,26.453274,29.807489,0.9491653,1.2251021,45.001233,55.131107,0.94012781,1.0882031,70.06468,76.244604,0.94717301,1.0866852,79.58737,86.486415,0.95332038,1.1331852,73.043082,82.771341,0.96648518,1.1370647,71.25118,81.017202
0b_color_jitter_best,file,15,baseline_color_jitter,5957,102.Western_Wood_Pewee/Western_Wood_Pewee_0039_795063.jpg,102,101,102.Western_Wood_Pewee,198,197,identity,identity,0,{},1.9863029,1.9863029,0,0.13720174,0.13720174,0.49126774,0.49126774,-0.354066,-0.354066,0,1,1,183.83013,183.83013,False,1,True,False,False,1,1,183.83013,183.83013,1,1,181.7512,181.7512,1,1,27.568383,27.568383,1,1,46.518484,46.518484,1,1,94.263356,94.263356,1,1,100.24026,100.24026,1,1,82.660546,82.660546,1,1,71.435812,71.435812
0b_color_jitter_best,file,15,baseline_color_jitter,5957,102.Western_Wood_Pewee/Western_Wood_Pewee_0039_795063.jpg,102,101,102.Western_Wood_Pewee,198,197,color_jitter,color_jitter,0,"{""brightness"":1.050296,""contrast"":0.638006,""hue"":0.040824,""saturation"":0.958428}",1.9863029,1.4206645,-0.5656383,0.13720174,0.24155346,0.49126774,0.34694213,-0.354066,-0.10538867,0.24867733,0.89316247,0.9247703,183.83013,170.00064,False,0.98689902,True,False,False,0.89316247,0.9247703,183.83013,170.00064,0.89127734,0.92592129,181.7512,168.28731,0.98153577,0.87327865,27.568383,24.074881,0.77364317,0.62027926,46.518484,28.854451,0.88144756,1.034609,94.263356,97.525713,0.90942951,0.94637209,100.24026,94.864583,0.9083432,0.87438573,82.660546,72.277202,0.92411408,0.85763347,71.435812,61.265743
0b_color_jitter_best,file,15,baseline_color_jitter,1343,025.Pelagic_Cormorant/Pelagic_Cormorant_0054_23812.jpg,25,24,025.Pelagic_Cormorant,23,22,identity,identity,0,{},0.40112835,0.40112835,0,0.66956413,0.66956413,0.2861726,0.2861726,0.38339153,0.38339153,0,1,1,39.298814,39.298814,False,0.99999988,True,True,True,1,1,39.298814,39.298814,1,1,37.641953,37.641953,1,1,11.290711,11.290711,1,1,7.1919822,7.1919822,1,1,14.256099,14.256099,1,1,17.630157,17.630157,1,1,18.764082,18.764082,1,1,22.339259,22.339259
0b_color_jitter_best,file,15,baseline_color_jitter,1343,025.Pelagic_Cormorant/Pelagic_Cormorant_0054_23812.jpg,25,24,025.Pelagic_Cormorant,23,22,color_jitter,color_jitter,0,"{""brightness"":0.831764,""contrast"":0.738592,""hue"":0.095722,""saturation"":1.377062}",0.40112835,0.25465798,-0.14647037,0.66956413,0.77518159,0.2861726,0.18922327,0.38339153,0.58595832,0.20256679,0.82425736,0.68268602,39.298814,26.828751,False,0.98013014,True,True,True,0.82425736,0.68268602,39.298814,26.828751,0.81077046,0.68460939,37.641953,25.770035,0.98000165,0.66093146,11.290711,7.4623863,0.78850411,0.79965238,7.1919822,5.7510857,0.67231975,0.76188813,14.256099,10.861553,0.79171107,0.72166729,17.630157,12.723108,0.82993229,0.65523948,18.764082,12.294967,0.88849533,0.63306625,22.339259,14.142231
0b_color_jitter_best,file,15,baseline_color_jitter,10014,171.Myrtle_Warbler/Myrtle_Warbler_0026_166680.jpg,171,170,171.Myrtle_Warbler,99,98,identity,identity,0,{},4.2650828,4.2650828,0,0.014050702,0.014050702,0.24742782,0.24742782,-0.23337712,-0.23337712,0,1,1,129.298,129.298,False,1,True,False,False,1,1,129.298,129.298,1,1,126.20873,126.20873,1,1,28.094977,28.094977,1,1,22.518829,22.518829,1,1,63.773857,63.773857,1,1,67.209557,67.209557,1,1,56.938455,56.938455,1,1,59.961071,59.961071
0b_color_jitter_best,file,15,baseline_color_jitter,10014,171.Myrtle_Warbler/Myrtle_Warbler_0026_166680.jpg,171,170,171.Myrtle_Warbler,99,98,color_jitter,color_jitter,0,"{""brightness"":1.113618,""contrast"":1.15226,""hue"":-0.012283,""saturation"":0.975212}",4.2650828,4.3927698,0.12768698,0.014050702,0.012366428,0.24742782,0.32724446,-0.23337712,-0.31487803,-0.081500913,0.93981835,0.93970053,129.298,121.5014,False,0.99516994,True,False,False,0.93981835,0.93970053,129.298,121.5014,0.93729893,0.93562606,126.20873,118.08418,0.98973494,1.0184457,28.094977,28.613208,0.90172533,1.0202956,22.518829,22.975864,0.94306968,0.91106419,63.773857,58.102077,0.93537382,0.90426218,67.209557,60.775061,0.93065596,0.9430369,56.938455,53.695064,0.94703224,0.98147607,59.961071,58.850356
0b_color_jitter_best,file,15,baseline_color_jitter,3605,062.Herring_Gull/Herring_Gull_0065_48098.jpg,62,61,062.Herring_Gull,74,73,identity,identity,0,{},1.6604441,1.6604441,0,0.19005455,0.19005455,0.35928065,0.35928065,-0.1692261,-0.1692261,0,1,1,143.05768,143.05768,False,0.99999988,True,False,False,1,1,143.05768,143.05768,1,1,141.28864,141.28864,1,1,22.428078,22.428078,1,1,27.830518,27.830518,1,1,67.014807,67.014807,1,1,78.72263,78.72263,1,1,68.615836,68.615836,1,1,61.575748,61.575748
0b_color_jitter_best,file,15,baseline_color_jitter,3605,062.Herring_Gull/Herring_Gull_0065_48098.jpg,62,61,062.Herring_Gull,74,73,color_jitter,color_jitter,0,"{""brightness"":1.068373,""contrast"":1.173033,""hue"":-0.062039,""saturation"":1.379359}",1.6604441,2.6049151,0.944471,0.19005455,0.073909417,0.35928065,0.6018886,-0.1692261,-0.52797918,-0.35875309,0.86798074,1.2930165,143.05768,184.97594,False,0.98134089,True,False,False,0.86798074,1.2930165,143.05768,184.97594,0.86564051,1.2947045,141.28864,182.92704,0.96753738,1.2241515,22.428078,27.455365,0.83068822,1.4889941,27.830518,41.439479,0.84254331,1.3009418,67.014807,87.182365,0.86653415,1.2947758,78.72263,101.92815,0.86929309,1.2921605,68.615836,88.662675,0.89919418,1.246784,61.575748,76.77166
0b_color_jitter_best,file,15,baseline_color_jitter,11366,193.Bewick_Wren/Bewick_Wren_0067_184816.jpg,193,192,193.Bewick_Wren,178,177,identity,identity,0,{},0.52184296,0.52184296,0,0.59342593,0.59342593,0.26331252,0.26331252,0.33011341,0.33011341,0,1,1,71.92934,71.92934,False,1,True,True,True,1,1,71.92934,71.92934,1,1,70.397875,70.397875,1,1,14.763779,14.763779,1,1,12.788136,12.788136,1,1,31.299279,31.299279,1,1,37.636742,37.636742,1,1,35.42718,35.42718,1,1,33.779729,33.779729
0b_color_jitter_best,file,15,baseline_color_jitter,11366,193.Bewick_Wren/Bewick_Wren_0067_184816.jpg,193,192,193.Bewick_Wren,178,177,color_jitter,color_jitter,0,"{""brightness"":1.33716,""contrast"":1.320027,""hue"":0.001226,""saturation"":0.774763}",0.52184296,0.34952557,-0.17231739,0.59342593,0.70502251,0.26331252,0.1693873,0.33011341,0.53563522,0.20552181,0.8678493,0.64753245,71.92934,46.576582,False,0.98509967,True,True,True,0.8678493,0.64753245,71.92934,46.576582,0.86256623,0.64621675,70.397875,45.492286,0.98343196,0.67675715,14.763779,9.9914928,0.67479037,0.89252967,12.788136,11.413791,0.82669982,0.60135071,31.299279,18.821843,0.87122145,0.63451546,37.636742,23.881094,0.88567855,0.63674677,35.42718,22.558142,0.90300395,0.665807,33.779729,22.49078
0b_color_jitter_best,file,15,baseline_color_jitter,7676,131.Vesper_Sparrow/Vesper_Sparrow_0057_125649.jpg,131,130,131.Vesper_Sparrow,119,118,identity,identity,0,{},0.43814376,0.43814376,0,0.64523304,0.64523304,0.14069338,0.14069338,0.50453965,0.50453965,0,1,1,66.077028,66.077028,False,0.99999994,True,True,True,1,1,66.077028,66.077028,1,1,64.853202,64.853202,1,1,12.658428,12.658428,1,1,12.449553,12.449553,1,1,31.941042,31.941042,1,1,37.246504,37.246504,1,1,31.409827,31.409827,1,1,25.62883,25.62883
0b_color_jitter_best,file,15,baseline_color_jitter,7676,131.Vesper_Sparrow/Vesper_Sparrow_0057_125649.jpg,131,130,131.Vesper_Sparrow,119,118,color_jitter,color_jitter,0,"{""brightness"":1.3147,""contrast"":0.994582,""hue"":-0.090566,""saturation"":1.311035}",0.43814376,0.54932845,0.11118469,0.64523304,0.57733738,0.14069338,0.17964906,0.50453965,0.39768833,-0.10685132,0.83983192,1.3814977,66.077028,91.285263,False,0.98169458,True,True,True,0.83983192,1.3814977,66.077028,91.285263,0.83616309,1.3887518,64.853202,90.065003,0.96500066,1.1751828,12.658428,14.875966,0.77301182,2.1318327,12.449553,26.540363,0.82806466,1.4735735,31.941042,47.067473,0.85808931,1.3215191,37.246504,49.221967,0.84323952,1.3107553,31.409827,41.170598,0.85729616,1.2788011,25.62883,32.774177
0b_color_jitter_best,file,15,baseline_color_jitter,10852,185.Bohemian_Waxwing/Bohemian_Waxwing_0039_177702.jpg,185,184,185.Bohemian_Waxwing,186,185,identity,identity,0,{},0.00013457824,0.00013457824,0,0.99986541,0.99986541,2.6618804e-05,2.6618804e-05,0.99983879,0.99983879,0,1,1,0.021516621,0.021516621,False,0.99999988,True,True,True,1,1,0.021516621,0.021516621,1,1,0.020966687,0.020966687,1,1,0.0048335318,0.0048335318,1,1,0.0043572196,0.0043572196,1,1,0.0091129066,0.0091129066,1,1,0.0090549528,0.0090549528,1,1,0.010516169,0.010516169,1,1,0.012041161,0.012041161
0b_color_jitter_best,file,15,baseline_color_jitter,10852,185.Bohemian_Waxwing/Bohemian_Waxwing_0039_177702.jpg,185,184,185.Bohemian_Waxwing,186,185,color_jitter,color_jitter,0,"{""brightness"":0.965562,""contrast"":1.389119,""hue"":-0.076927,""saturation"":1.122606}",0.00013457824,0.00020597244,7.1394199e-05,0.99986541,0.99979407,2.6618804e-05,4.002768e-05,0.99983879,0.99975404,-8.4755637e-05,0.87148343,1.4036926,0.021516621,0.030202721,False,0.99466383,True,True,True,0.87148343,1.4036926,0.021516621,0.030202721,0.86476176,1.3996981,0.020966687,0.029347031,0.99254066,1.4768407,0.0048335318,0.0071383566,0.86687586,1.7518253,0.0043572196,0.0076330874,0.77777408,1.0855577,0.0091129066,0.009892586,0.82548682,1.3469182,0.0090549528,0.012196281,0.87358351,1.4477066,0.010516169,0.015224328,0.93170307,1.4962365,0.012041161,0.018016425
0b_color_jitter_best,file,15,baseline_color_jitter,2635,046.Gadwall/Gadwall_0012_30920.jpg,46,45,046.Gadwall,90,89,identity,identity,0,{},0.33632976,0.33632976,0,0.71438748,0.71438748,0.1184812,0.1184812,0.59590627,0.59590627,0,1,1,54.865194,54.865194,False,1,True,True,True,1,1,54.865194,54.865194,1,1,53.854896,53.854896,1,1,10.480444,10.480444,1,1,14.76686,14.76686,1,1,24.180644,24.180644,1,1,28.434729,28.434729,1,1,26.722768,26.722768,1,1,23.978032,23.978032
0b_color_jitter_best,file,15,baseline_color_jitter,2635,046.Gadwall/Gadwall_0012_30920.jpg,46,45,046.Gadwall,90,89,color_jitter,color_jitter,0,"{""brightness"":0.848759,""contrast"":1.364889,""hue"":-0.042545,""saturation"":1.222407}",0.33632976,0.45420891,0.11787915,0.71438748,0.6349501,0.1184812,0.1203052,0.59590627,0.51464491,-0.081261367,0.89262642,1.303798,54.865194,71.533133,False,0.98519802,True,True,True,0.89262642,1.303798,54.865194,71.533133,0.88995217,1.3044107,53.854896,70.248904,0.96424038,1.2875147,10.480444,13.493726,0.95366562,1.6225119,14.76686,23.959406,0.85680326,1.241605,24.180644,30.022808,0.89685336,1.3035495,28.434729,37.066077,0.89551712,1.2702361,26.722768,33.944225,0.8871946,1.2741371,23.978032,30.5513
0b_color_jitter_best,file,15,baseline_color_jitter,7837,134.Cape_Glossy_Starling/Cape_Glossy_Starling_0096_129388.jpg,134,133,134.Cape_Glossy_Starling,9,8,identity,identity,0,{},0.32623175,0.32623175,0,0.7216379,0.7216379,0.063940495,0.063940495,0.65769741,0.65769741,0,1,1,35.526557,35.526557,False,1,True,True,True,1,1,35.526557,35.526557,1,1,34.966597,34.966597,1,1,6.2827773,6.2827773,1,1,9.8375463,9.8375463,1,1,17.023454,17.023454,1,1,18.208097,18.208097,1,1,14.436999,14.436999,1,1,17.208309,17.208309
0b_color_jitter_best,file,15,baseline_color_jitter,7837,134.Cape_Glossy_Starling/Cape_Glossy_Starling_0096_129388.jpg,134,133,134.Cape_Glossy_Starling,9,8,color_jitter,color_jitter,0,"{""brightness"":0.744449,""contrast"":1.111917,""hue"":-0.049103,""saturation"":1.038802}",0.32623175,0.20663477,-0.11959697,0.7216379,0.81331664,0.063940495,0.060881812,0.65769741,0.75243483,0.094737422,0.92791805,0.72900957,35.526557,25.8992,False,0.99556696,True,True,True,0.92791805,0.72900957,35.526557,25.8992,0.92582421,0.72805043,34.966597,25.457446,0.99093636,0.75811754,6.2827773,4.7630837,0.81477021,0.84392392,9.8375463,8.3021406,0.93080874,0.71756288,17.023454,12.215398,0.93880312,0.72524477,18.208097,13.205327,0.9302859,0.73960035,14.436999,10.677609,0.95192698,0.69137517,17.208309,11.897398
0b_color_jitter_best,file,15,baseline_color_jitter,9657,165.Chestnut_sided_Warbler/Chestnut_Sided_Warbler_0081_163854.jpg,165,164,165.Chestnut_sided_Warbler,166,165,identity,identity,0,{},0.00046671464,0.00046671464,0,0.99953341,0.99953341,0.00011921266,0.00011921266,0.9994142,0.9994142,0,1,1,0.065809523,0.065809523,False,1.0000001,True,True,True,1,1,0.065809523,0.065809523,1,1,0.063773245,0.063773245,1,1,0.016243968,0.016243968,1,1,0.01412818,0.01412818,1,1,0.024970819,0.024970819,1,1,0.032036334,0.032036334,1,1,0.031609936,0.031609936,1,1,0.034905083,0.034905083
0b_color_jitter_best,file,15,baseline_color_jitter,9657,165.Chestnut_sided_Warbler/Chestnut_Sided_Warbler_0081_163854.jpg,165,164,165.Chestnut_sided_Warbler,166,165,color_jitter,color_jitter,0,"{""brightness"":1.149382,""contrast"":0.663842,""hue"":0.092628,""saturation"":0.631627}",0.00046671464,0.00033480284,-0.0001319118,0.99953341,0.99966526,0.00011921266,0.00011827765,0.9994142,0.99954698,0.00013278048,0.77154398,0.75378816,0.065809523,0.049606439,False,0.9835521,True,True,True,0.77154398,0.75378816,0.065809523,0.049606439,0.75821312,0.75206593,0.063773245,0.047961685,0.97017,0.77985237,0.016243968,0.012667897,0.56991751,0.74338438,0.01412818,0.010502668,0.67677957,0.81663219,0.024970819,0.020391974,0.75632753,0.78045801,0.032036334,0.025003014,0.74481425,0.73005085,0.031609936,0.02307686,0.85477664,0.71133665,0.034905083,0.024829264
0b_color_jitter_best,file,15,baseline_color_jitter,4392,076.Dark_eyed_Junco/Dark_Eyed_Junco_0013_66332.jpg,76,75,076.Dark_eyed_Junco,104,103,identity,identity,0,{},0.60633242,0.60633242,0,0.54534727,0.54534727,0.10530514,0.10530514,0.44004214,0.44004214,0,1,1,80.43689,80.43689,False,1,True,True,True,1,1,80.43689,80.43689,1,1,79.273641,79.273641,1,1,13.630227,13.630227,1,1,28.951977,28.951977,1,1,36.823982,36.823982,1,1,43.903004,43.903004,1,1,32.981902,32.981902,1,1,32.784263,32.784263
0b_color_jitter_best,file,15,baseline_color_jitter,4392,076.Dark_eyed_Junco/Dark_Eyed_Junco_0013_66332.jpg,76,75,076.Dark_eyed_Junco,104,103,color_jitter,color_jitter,0,"{""brightness"":1.320244,""contrast"":0.856666,""hue"":0.099813,""saturation"":0.90191}",0.60633242,0.49535218,-0.11098024,0.54534727,0.60935628,0.10530514,0.13089319,0.44004214,0.4784631,0.03842096,0.83263782,0.85771829,80.43689,68.992191,False,0.95099592,True,True,True,0.83263782,0.85771829,80.43689,68.992191,0.82942208,0.85811555,79.273641,68.025944,0.94331932,0.84417039,13.630227,11.506234,0.79101205,0.865395,28.951977,25.054896,0.78619754,0.84625913,36.823982,31.162631,0.86157238,0.85728178,43.903004,37.637245,0.82971393,0.83018912,32.981902,27.381217,0.85573736,0.89574318,32.784263,29.36628
0b_color_jitter_best,file,15,baseline_color_jitter,225,004.Groove_billed_Ani/Groove_Billed_Ani_0027_1754.jpg,4,3,004.Groove_billed_Ani,54,53,identity,identity,0,{},0.028153664,0.028153664,0,0.97223896,0.97223896,0.013825761,0.013825761,0.9584132,0.9584132,0,1,1,4.8616163,4.8616163,False,1.0000001,True,True,True,1,1,4.8616163,4.8616163,1,1,4.7702745,4.7702745,1,1,0.93797318,0.93797318,1,1,0.92169392,0.92169392,1,1,1.7240738,1.7240738,1,1,2.5244018,2.5244018,1,1,2.4464239,2.4464239,1,1,2.5643663,2.5643663
0b_color_jitter_best,file,15,baseline_color_jitter,225,004.Groove_billed_Ani/Groove_Billed_Ani_0027_1754.jpg,4,3,004.Groove_billed_Ani,54,53,color_jitter,color_jitter,0,"{""brightness"":1.325757,""contrast"":0.770317,""hue"":0.065775,""saturation"":1.18766}",0.028153664,0.011690324,-0.016463339,0.97223896,0.98837775,0.013825761,0.0034745235,0.9584132,0.98490323,0.02649003,0.82008685,0.42106816,4.8616163,2.0470718,False,0.98536795,True,True,True,0.82008685,0.42106816,4.8616163,2.0470718,0.81432059,0.42054382,4.7702745,2.0061095,0.96488325,0.43441007,0.93797318,0.407465,0.67105477,0.38897505,0.92169392,0.35851594,0.72389475,0.44014917,1.7240738,0.75884964,0.81036978,0.44809512,2.5244018,1.1311721,0.80752143,0.40352188,2.4464239,0.98718558,0.89124985,0.40262353,2.5643663,1.0324742
0b_color_jitter_best,file,15,baseline_color_jitter,55,001.Black_footed_Albatross/Black_Footed_Albatross_0007_796138.jpg,1,0,001.Black_footed_Albatross,8,7,identity,identity,0,{},1.0757535,1.0757535,0,0.3410407,0.3410407,0.1482991,0.1482991,0.1927416,0.1927416,0,1,1,113.50783,113.50783,False,1,True,True,True,1,1,113.50783,113.50783,1,1,112.1767,112.1767,1,1,17.332542,17.332542,1,1,17.698026,17.698026,1,1,55.852668,55.852668,1,1,65.73361,65.73361,1,1,51.084099,51.084099,1,1,47.120889,47.120889
0b_color_jitter_best,file,15,baseline_color_jitter,55,001.Black_footed_Albatross/Black_Footed_Albatross_0007_796138.jpg,1,0,001.Black_footed_Albatross,8,7,color_jitter,color_jitter,0,"{""brightness"":0.881096,""contrast"":0.75422,""hue"":-0.073489,""saturation"":1.352048}",1.0757535,2.0792472,1.0034938,0.3410407,0.12502429,0.1482991,0.023948528,0.1927416,0.10107576,-0.091665842,0.81968279,1.2321395,113.50783,139.85748,False,0.93659544,True,True,True,0.81968279,1.2321395,113.50783,139.85748,0.81759207,1.2331889,112.1767,138.33506,0.91121337,1.1873464,17.332542,20.579731,0.75167243,1.270258,17.698026,22.48106,0.81841865,1.2343773,55.852668,68.943268,0.84075415,1.1661573,65.73361,76.65573,0.79272816,1.2986151,51.084099,66.33858,0.81832561,1.2735168,47.120889,60.009245
0b_color_jitter_best,file,15,baseline_color_jitter,4845,083.White_breasted_Kingfisher/White_Breasted_Kingfisher_0018_71137.jpg,83,82,083.White_breasted_Kingfisher,16,15,identity,identity,0,{},0.059977036,0.059977036,0,0.94178617,0.94178617,0.019496933,0.019496933,0.92228924,0.92228924,0,1,1,10.569378,10.569378,False,1,True,True,True,1,1,10.569378,10.569378,1,1,10.420866,10.420866,1,1,1.7655858,1.7655858,1,1,2.1557019,2.1557019,1,1,4.1484948,4.1484948,1,1,5.5783176,5.5783176,1,1,5.3655161,5.3655161,1,1,5.1798651,5.1798651
0b_color_jitter_best,file,15,baseline_color_jitter,4845,083.White_breasted_Kingfisher/White_Breasted_Kingfisher_0018_71137.jpg,83,82,083.White_breasted_Kingfisher,16,15,color_jitter,color_jitter,0,"{""brightness"":1.096269,""contrast"":1.364652,""hue"":0.012824,""saturation"":1.096295}",0.059977036,0.07978753,0.019810494,0.94178617,0.92331249,0.019496933,0.020749614,0.92228924,0.90256287,-0.019726366,0.92297495,1.2877059,10.569378,13.610251,False,0.99599648,True,True,True,0.92297495,1.2877059,10.569378,13.610251,0.92096097,1.2878284,10.420866,13.420288,0.99337984,1.2834323,1.7655858,2.2660097,0.85211979,1.2225005,2.1557019,2.6353468,0.85795425,1.2439335,4.1484948,5.1604516,0.91898046,1.2792379,5.5783176,7.1359952,0.93422378,1.329959,5.3655161,7.1359166,0.95992282,1.2905142,5.1798651,6.6846894
0b_color_jitter_best,file,15,baseline_color_jitter,3657,063.Ivory_Gull/Ivory_Gull_0027_48974.jpg,63,62,063.Ivory_Gull,145,144,identity,identity,0,{},0.69832462,0.69832462,0,0.49741799,0.49741799,0.17047036,0.17047036,0.32694763,0.32694763,0,1,1,101.94459,101.94459,False,1,True,True,True,1,1,101.94459,101.94459,1,1,100.37023,100.37023,1,1,17.847072,17.847072,1,1,22.45333,22.45333,1,1,37.163083,37.163083,1,1,52.775789,52.775789,1,1,53.55746,53.55746,1,1,50.351268,50.351268
0b_color_jitter_best,file,15,baseline_color_jitter,3657,063.Ivory_Gull/Ivory_Gull_0027_48974.jpg,63,62,063.Ivory_Gull,145,144,color_jitter,color_jitter,0,"{""brightness"":1.346363,""contrast"":0.795211,""hue"":0.011671,""saturation"":1.001502}",0.69832462,1.5388165,0.84049183,0.49741799,0.21463498,0.17047036,0.056833412,0.32694763,0.15780157,-0.16914606,0.71507035,1.5365519,101.94459,156.64316,False,0.96216261,False,True,False,0.71507035,1.5365519,101.94459,156.64316,0.71028945,1.5298858,100.37023,153.55498,0.85389654,1.7342174,17.847072,30.950704,0.57121633,1.4699975,22.45333,33.006339,0.62315214,1.6078603,37.163083,59.753047,0.730352,1.4835053,52.775789,78.293161,0.73430705,1.5025784,53.55746,80.474282,0.73922727,1.5780466,50.351268,79.45665
0b_color_jitter_best,file,15,baseline_color_jitter,8870,151.Black_capped_Vireo/Black_Capped_Vireo_0018_155868.jpg,151,150,151.Black_capped_Vireo,152,151,identity,identity,0,{},0.017529791,0.017529791,0,0.98262298,0.98262298,0.010950061,0.010950061,0.97167292,0.97167292,0,1,1,2.0163777,2.0163777,False,1,True,True,True,1,1,2.0163777,2.0163777,1,1,1.9215376,1.9215376,1,1,0.611124,0.611124,1,1,0.37241878,0.37241878,1,1,0.75495206,0.75495206,1,1,0.8564596,0.8564596,1,1,0.96021992,0.96021992,1,1,1.1524378,1.1524378
0b_color_jitter_best,file,15,baseline_color_jitter,8870,151.Black_capped_Vireo/Black_Capped_Vireo_0018_155868.jpg,151,150,151.Black_capped_Vireo,152,151,color_jitter,color_jitter,0,"{""brightness"":0.887125,""contrast"":1.196324,""hue"":-0.051744,""saturation"":1.188154}",0.017529791,0.0045682592,-0.012961532,0.98262298,0.99544215,0.010950061,0.0020372241,0.97167292,0.99340493,0.021732007,0.82719436,0.27723943,2.0163777,0.55901942,False,0.98358274,True,True,True,0.82719436,0.27723943,2.0163777,0.55901942,0.81446352,0.27985541,1.9215376,0.53775268,0.97300302,0.24990751,0.611124,0.15272447,0.76350466,0.33669146,0.37241878,0.12539022,0.763452,0.25549545,0.75495206,0.19288681,0.75606236,0.28332726,0.8564596,0.24265835,0.80682533,0.27881574,0.96021992,0.26772443,0.88139662,0.28209826,1.1524378,0.32510071
0b_color_jitter_best,file,15,baseline_color_jitter,9664,165.Chestnut_sided_Warbler/Chestnut_Sided_Warbler_0073_163868.jpg,165,164,165.Chestnut_sided_Warbler,158,157,identity,identity,0,{},0.0065374793,0.0065374793,0,0.99348384,0.99348384,0.0036189838,0.0036189838,0.98986486,0.98986486,0,1,1,0.94750778,0.94750778,False,1.0000001,True,True,True,1,1,0.94750778,0.94750778,1,1,0.91833352,0.91833352,1,1,0.2333121,0.2333121,1,1,0.14485435,0.14485435,1,1,0.39118749,0.39118749,1,1,0.4690633,0.4690633,1,1,0.44151432,0.44151432,1,1,0.50435181,0.50435181
0b_color_jitter_best,file,15,baseline_color_jitter,9664,165.Chestnut_sided_Warbler/Chestnut_Sided_Warbler_0073_163868.jpg,165,164,165.Chestnut_sided_Warbler,158,157,color_jitter,color_jitter,0,"{""brightness"":1.158866,""contrast"":1.352215,""hue"":0.043837,""saturation"":1.09693}",0.0065374793,0.010484968,0.003947489,0.99348384,0.98956978,0.0036189838,0.0058181402,0.98986486,0.98375164,-0.0061132147,0.84795998,1.571037,0.94750778,1.4885698,False,0.98527437,True,True,True,0.84795998,1.571037,0.94750778,1.4885698,0.8393309,1.5732053,0.91833352,1.4447272,0.98500741,1.5370537,0.2333121,0.35861323,0.64284852,1.7084354,0.14485435,0.24747431,0.77032763,1.5087362,0.39118749,0.59019873,0.83345158,1.5627236,0.4690633,0.73301632,0.83789337,1.6012268,0.44151432,0.70696457,0.90319004,1.5868718,0.50435181,0.80034164
0b_color_jitter_best,file,15,baseline_color_jitter,5922,102.Western_Wood_Pewee/Western_Wood_Pewee_0046_98113.jpg,102,101,102.Western_Wood_Pewee,39,38,identity,identity,0,{},3.8544812,3.8544812,0,0.021184588,0.021184588,0.70917678,0.70917678,-0.68799219,-0.68799219,0,1,1,179.89287,179.89287,False,1,True,False,False,1,1,179.89287,179.89287,1,1,175.96114,175.96114,1,1,37.40486,37.40486,1,1,42.325714,42.325714,1,1,74.512978,74.512978,1,1,102.44982,102.44982,1,1,84.482045,84.482045,1,1,77.365949,77.365949
0b_color_jitter_best,file,15,baseline_color_jitter,5922,102.Western_Wood_Pewee/Western_Wood_Pewee_0046_98113.jpg,102,101,102.Western_Wood_Pewee,39,38,color_jitter,color_jitter,0,"{""brightness"":0.796604,""contrast"":1.122091,""hue"":-0.046134,""saturation"":1.226896}",3.8544812,3.1598349,-0.69464636,0.021184588,0.042432744,0.70917678,0.64139599,-0.68799219,-0.59896324,0.089028949,0.8800841,0.85157253,179.89287,153.19183,False,0.98465955,True,False,False,0.8800841,0.85157253,179.89287,153.19183,0.87526828,0.84910372,175.96114,149.40926,0.98180844,0.90448375,37.40486,33.832088,0.71440458,0.53590439,42.325714,22.682536,0.82587607,1.033102,74.512978,76.979509,0.90167477,0.80711508,102.44982,82.688797,0.90667841,0.81071695,84.482045,68.491026,0.92125301,0.85292454,77.365949,65.987317
0b_color_jitter_best,file,15,baseline_color_jitter,2094,037.Acadian_Flycatcher/Acadian_Flycatcher_0039_795606.jpg,37,36,037.Acadian_Flycatcher,39,38,identity,identity,0,{},3.2666273,3.2666273,0,0.038134828,0.038134828,0.53177488,0.53177488,-0.49364005,-0.49364005,0,1,1,131.41313,131.41313,False,0.99999988,True,False,False,1,1,131.41313,131.41313,1,1,127.42676,127.42676,1,1,32.122132,32.122132,1,1,38.630395,38.630395,1,1,57.311677,57.311677,1,1,59.1485,59.1485,1,1,63.79495,63.79495,1,1,62.388319,62.388319
0b_color_jitter_best,file,15,baseline_color_jitter,2094,037.Acadian_Flycatcher/Acadian_Flycatcher_0039_795606.jpg,37,36,037.Acadian_Flycatcher,39,38,color_jitter,color_jitter,0,"{""brightness"":1.313111,""contrast"":1.154352,""hue"":0.068053,""saturation"":1.394604}",3.2666273,3.0243137,-0.24231362,0.038134828,0.048591163,0.53177488,0.34920523,-0.49364005,-0.30061406,0.19302599,0.73318334,0.84724018,131.41313,111.33848,False,0.9623189,True,False,False,0.73318334,0.84724018,131.41313,111.33848,0.72033341,0.84460201,127.42676,107.6249,0.92642768,0.88772424,32.122132,28.515595,0.73155463,0.79732076,38.630395,30.800816,0.6239271,0.72759427,57.311677,41.699648,0.64876542,0.86027696,59.1485,50.884092,0.76844407,0.864197,63.79495,55.131404,0.80260243,0.91614657,62.388319,57.156845
0b_color_jitter_best,file,15,baseline_color_jitter,9063,155.Warbling_Vireo/Warbling_Vireo_0104_158800.jpg,155,154,155.Warbling_Vireo,153,152,identity,identity,0,{},1.8529472,1.8529472,0,0.15677443,0.15677443,0.81420076,0.81420076,-0.65742633,-0.65742633,0,1,1,159.24625,159.24625,False,1,True,False,False,1,1,159.24625,159.24625,1,1,155.55164,155.55164,1,1,34.103619,34.103619,1,1,32.176489,32.176489,1,1,73.041886,73.041886,1,1,87.934799,87.934799,1,1,74.051611,74.051611,1,1,67.894765,67.894765
0b_color_jitter_best,file,15,baseline_color_jitter,9063,155.Warbling_Vireo/Warbling_Vireo_0104_158800.jpg,155,154,155.Warbling_Vireo,153,152,color_jitter,color_jitter,0,"{""brightness"":0.746179,""contrast"":0.780782,""hue"":0.059317,""saturation"":0.632511}",1.8529472,0.45420218,-1.3987451,0.15677443,0.63495433,0.81420076,0.31909326,-0.65742633,0.31586108,0.9732874,0.72863448,0.52102894,159.24625,82.971908,False,0.97069508,False,False,True,0.72863448,0.52102894,159.24625,82.971908,0.72077042,0.52610691,155.55164,81.836792,0.96927686,0.40106023,34.103619,13.677605,0.30392981,0.61413014,32.176489,19.760552,0.66552249,0.74834355,73.041886,54.660425,0.8121667,0.44379018,87.934799,39.0246,0.82080206,0.42235415,74.051611,31.276005,0.84300765,0.42122759,67.894765,28.599148
0b_color_jitter_best,file,15,baseline_color_jitter,7197,123.Henslow_Sparrow/Henslow_Sparrow_0098_796601.jpg,123,122,123.Henslow_Sparrow,113,112,identity,identity,0,{},0.50642693,0.50642693,0,0.60264504,0.60264504,0.12379273,0.12379273,0.47885231,0.47885231,0,1,1,54.330517,54.330517,False,0.99999994,True,True,True,1,1,54.330517,54.330517,1,1,53.33139,53.33139,1,1,10.371496,10.371496,1,1,8.4236903,8.4236903,1,1,23.952598,23.952598,1,1,32.291216,32.291216,1,1,24.34001,24.34001,1,1,23.756955,23.756955
0b_color_jitter_best,file,15,baseline_color_jitter,7197,123.Henslow_Sparrow/Henslow_Sparrow_0098_796601.jpg,123,122,123.Henslow_Sparrow,113,112,color_jitter,color_jitter,0,"{""brightness"":0.919516,""contrast"":1.214919,""hue"":0.075511,""saturation"":1.149618}",0.50642693,0.30591455,-0.20051238,0.60264504,0.73644954,0.12379273,0.13042359,0.47885231,0.60602595,0.12717364,0.85243896,0.68020737,54.330517,36.956018,False,0.98727554,True,True,True,0.85243896,0.68020737,54.330517,36.956018,0.84815372,0.67826981,53.33139,36.173072,0.95995682,0.72957465,10.371496,7.5667805,0.80685987,0.73516094,8.4236903,6.1927681,0.80869147,0.65259992,23.952598,15.631464,0.86600069,0.66096443,32.291216,21.343345,0.83836525,0.71296069,24.34001,17.353471,0.87339611,0.69052533,23.756955,16.404779
0b_color_jitter_best,file,15,baseline_color_jitter,4604,079.Belted_Kingfisher/Belted_Kingfisher_0111_70375.jpg,79,78,079.Belted_Kingfisher,90,89,identity,identity,0,{},1.1072125,1.1072125,0,0.33047891,0.33047891,0.10211093,0.10211093,0.22836798,0.22836798,0,1,1,75.74676,75.74676,False,1,True,True,True,1,1,75.74676,75.74676,1,1,74.176117,74.176117,1,1,15.345206,15.345206,1,1,14.132411,14.132411,1,1,30.062537,30.062537,1,1,36.20382,36.20382,1,1,36.543086,36.543086,1,1,41.862888,41.862888
0b_color_jitter_best,file,15,baseline_color_jitter,4604,079.Belted_Kingfisher/Belted_Kingfisher_0111_70375.jpg,79,78,079.Belted_Kingfisher,90,89,color_jitter,color_jitter,0,"{""brightness"":1.126413,""contrast"":1.247611,""hue"":-0.016252,""saturation"":1.293936}",1.1072125,1.3208677,0.21365511,0.33047891,0.26690364,0.10211093,0.16805774,0.22836798,0.098845899,-0.12952208,0.87571798,1.0598879,75.74676,80.283071,False,0.98161077,True,True,True,0.87571798,1.0598879,75.74676,80.283071,0.87113011,1.0547617,74.176117,78.238126,0.97683228,1.173307,15.345206,18.004639,0.69226401,1.0436985,14.132411,14.749976,0.84674692,0.95493094,30.062537,28.707647,0.85575353,1.0803951,36.20382,39.11443,0.87751352,1.0812182,36.543086,39.51105,0.91154055,1.0651932,41.862888,44.592062
0b_color_jitter_best,file,15,baseline_color_jitter,10665,182.Yellow_Warbler/Yellow_Warbler_0121_176402.jpg,182,181,182.Yellow_Warbler,180,179,identity,identity,0,{},0.74232984,0.74232984,0,0.47600362,0.47600362,0.11006957,0.11006957,0.36593405,0.36593405,0,1,1,105.34125,105.34125,False,1,True,True,True,1,1,105.34125,105.34125,1,1,104.47296,104.47296,1,1,13.497389,13.497389,1,1,32.447111,32.447111,1,1,44.342289,44.342289,1,1,63.546845,63.546845,1,1,47.987654,47.987654,1,1,39.427516,39.427516
0b_color_jitter_best,file,15,baseline_color_jitter,10665,182.Yellow_Warbler/Yellow_Warbler_0121_176402.jpg,182,181,182.Yellow_Warbler,180,179,color_jitter,color_jitter,0,"{""brightness"":0.998509,""contrast"":0.995471,""hue"":0.093625,""saturation"":0.839551}",0.74232984,1.6504213,0.90809143,0.47600362,0.19196902,0.11006957,0.088168636,0.36593405,0.10380039,-0.26213367,0.82928599,1.7366352,105.34125,182.93932,False,0.96523643,False,True,False,0.82928599,1.7366352,105.34125,182.93932,0.82718187,1.7363501,104.47296,181.40163,0.95414393,1.7536339,13.497389,23.669479,0.77943778,1.4276826,32.447111,46.324174,0.71823428,1.939429,44.342289,85.998723,0.87477228,1.7190446,63.546845,109.23986,0.8518859,1.7375631,47.987654,83.381574,0.86586247,1.6974288,39.427516,66.9254
0b_color_jitter_best,file,15,baseline_color_jitter,8730,149.Brown_Thrasher/Brown_Thrasher_0052_155254.jpg,149,148,149.Brown_Thrasher,150,149,identity,identity,0,{},1.7656841,1.7656841,0,0.17106971,0.17106971,0.68609935,0.68609935,-0.51502964,-0.51502964,0,1,1,126.36251,126.36251,False,0.99999994,True,False,False,1,1,126.36251,126.36251,1,1,123.30384,123.30384,1,1,27.634164,27.634164,1,1,31.0594,31.0594,1,1,57.764055,57.764055,1,1,62.364352,62.364352,1,1,58.229166,58.229166,1,1,60.187345,60.187345
0b_color_jitter_best,file,15,baseline_color_jitter,8730,149.Brown_Thrasher/Brown_Thrasher_0052_155254.jpg,149,148,149.Brown_Thrasher,150,149,color_jitter,color_jitter,0,"{""brightness"":0.947663,""contrast"":0.837021,""hue"":-0.025181,""saturation"":0.937766}",1.7656841,1.9570019,0.1913178,0.17106971,0.14128137,0.68609935,0.73360389,-0.51502964,-0.59232253,-0.077292889,0.96477499,1.097858,126.36251,138.7281,False,0.99867988,True,False,False,0.96477499,1.097858,126.36251,138.7281,0.96320257,1.1001781,123.30384,135.65618,0.99853713,1.0506009,27.634164,29.032477,0.95054091,1.1614029,31.0594,36.072476,0.95128838,1.2010206,57.764055,69.375818,0.96566714,1.0839784,62.364352,67.60161,0.9696389,1.0561255,58.229166,61.497307,0.97738171,1.0424341,60.187345,62.741342
0b_color_jitter_best,file,15,baseline_color_jitter,6794,117.Clay_colored_Sparrow/Clay_Colored_Sparrow_0002_110606.jpg,117,116,117.Clay_colored_Sparrow,119,118,identity,identity,0,{},0.013334734,0.013334734,0,0.98675376,0.98675376,0.0060104798,0.0060104798,0.98074328,0.98074328,0,1,1,2.7110408,2.7110408,False,1,True,True,True,1,1,2.7110408,2.7110408,1,1,2.6625653,2.6625653,1,1,0.51038044,0.51038044,1,1,0.5030612,0.5030612,1,1,1.0520747,1.0520747,1,1,1.525232,1.525232,1,1,1.3491714,1.3491714,1,1,1.2580643,1.2580643
0b_color_jitter_best,file,15,baseline_color_jitter,6794,117.Clay_colored_Sparrow/Clay_Colored_Sparrow_0002_110606.jpg,117,116,117.Clay_colored_Sparrow,119,118,color_jitter,color_jitter,0,"{""brightness"":1.024999,""contrast"":1.148055,""hue"":0.05493,""saturation"":1.285229}",0.013334734,0.12020445,0.10686971,0.98675376,0.88673913,0.0060104798,0.054739367,0.98074328,0.83199977,-0.14874351,0.89388095,8.7732521,2.7110408,23.784645,False,0.98439646,True,True,True,0.89388095,8.7732521,2.7110408,23.784645,0.89149487,8.8131294,2.6625653,23.465533,0.97848248,7.608153,0.51038044,3.8830524,0.83764376,8.6005146,0.5030612,4.3265852,0.84752062,8.9953863,1.0520747,9.4638188,0.89377405,8.8952247,1.525232,13.567282,0.89563299,8.6237502,1.3491714,11.634918,0.92372033,8.8121715,1.2580643,11.086279
0b_color_jitter_best,file,15,baseline_color_jitter,11456,195.Carolina_Wren/Carolina_Wren_0128_186581.jpg,195,194,195.Carolina_Wren,199,198,identity,identity,0,{},0.0004258441,0.0004258441,0,0.99957424,0.99957424,0.00021948885,0.00021948885,0.99935476,0.99935476,0,1,1,0.10396643,0.10396643,False,1.0000001,True,True,True,1,1,0.10396643,0.10396643,1,1,0.10251058,0.10251058,1,1,0.017337778,0.017337778,1,1,0.03480938,0.03480938,1,1,0.053782778,0.053782778,1,1,0.058903476,0.058903476,1,1,0.040365447,0.040365447,1,1,0.036126873,0.036126873
0b_color_jitter_best,file,15,baseline_color_jitter,11456,195.Carolina_Wren/Carolina_Wren_0128_186581.jpg,195,194,195.Carolina_Wren,199,198,color_jitter,color_jitter,0,"{""brightness"":1.065531,""contrast"":1.390322,""hue"":-0.082845,""saturation"":1.261563}",0.0004258441,0.035989359,0.035563515,0.99957424,0.96465057,0.00021948885,0.0026049824,0.99935476,0.96204559,-0.037309166,0.39146246,84.995494,0.10396643,8.8366781,False,0.90996629,True,True,True,0.39146246,84.995494,0.10396643,8.8366781,0.38162005,85.337553,0.10251058,8.7480024,0.80465053,72.023785,0.017337778,1.2487324,0.22524256,78.017816,0.03480938,2.7157518,0.16443292,71.685353,0.053782778,3.8554375,0.41146798,86.802675,0.058903476,5.1129793,0.52831379,100.76157,0.040365447,4.0672858,0.61900983,94.285489,0.036126873,3.4062399
0b_color_jitter_best,file,15,baseline_color_jitter,10255,175.Pine_Warbler/Pine_Warbler_0032_172080.jpg,175,174,175.Pine_Warbler,157,156,identity,identity,0,{},0.0036461558,0.0036461558,0,0.99636048,0.99636048,0.00055076223,0.00055076223,0.99580972,0.99580972,0,1,1,0.54040151,0.54040151,False,0.99999988,True,True,True,1,1,0.54040151,0.54040151,1,1,0.52804593,0.52804593,1,1,0.11489686,0.11489686,1,1,0.10244163,0.10244163,1,1,0.21724725,0.21724725,1,1,0.27680927,0.27680927,1,1,0.26375415,0.26375415,1,1,0.27377403,0.27377403
0b_color_jitter_best,file,15,baseline_color_jitter,10255,175.Pine_Warbler/Pine_Warbler_0032_172080.jpg,175,174,175.Pine_Warbler,157,156,color_jitter,color_jitter,0,"{""brightness"":0.846744,""contrast"":0.714196,""hue"":0.070807,""saturation"":0.696061}",0.0036461558,0.013149215,0.0095030591,0.99636048,0.98693687,0.00055076223,0.0071341339,0.99580972,0.97980273,-0.016006985,0.59921441,4.8026175,0.54040151,2.5953417,False,0.95776147,True,True,True,0.59921441,4.8026175,0.54040151,2.5953417,0.58654847,4.8176044,0.52804593,2.5439164,0.88883116,4.474356,0.11489686,0.51408947,0.24758449,4.2051061,0.10244163,0.43077791,0.56171726,5.7507155,0.21724725,1.2493272,0.60653563,5.8142724,0.27680927,1.6094445,0.57522004,4.1326256,0.26375415,1.0899972,0.70929475,3.554004,0.27377403,0.97299401
0b_color_jitter_best,file,15,baseline_color_jitter,10426,177.Prothonotary_Warbler/Prothonotary_Warbler_0045_173536.jpg,177,176,177.Prothonotary_Warbler,161,160,identity,identity,0,{},0.048109144,0.048109144,0,0.95302975,0.95302975,0.034037326,0.034037326,0.91899243,0.91899243,0,1,1,8.5491754,8.5491754,False,1.0000001,True,True,True,1,1,8.5491754,8.5491754,1,1,8.4096894,8.4096894,1,1,1.5380259,1.5380259,1,1,2.4526606,2.4526606,1,1,3.6192158,3.6192158,1,1,4.5137071,4.5137071,1,1,4.0438869,4.0438869,1,1,3.8577243,3.8577243
0b_color_jitter_best,file,15,baseline_color_jitter,10426,177.Prothonotary_Warbler/Prothonotary_Warbler_0045_173536.jpg,177,176,177.Prothonotary_Warbler,161,160,color_jitter,color_jitter,0,"{""brightness"":1.245903,""contrast"":0.876054,""hue"":-0.072632,""saturation"":1.250753}",0.048109144,0.064778157,0.016669013,0.95302975,0.93727535,0.034037326,0.02859522,0.91899243,0.90868013,-0.010312296,0.79470186,1.0790837,8.5491754,9.2252762,False,0.97991908,True,True,True,0.79470186,1.0790837,8.5491754,9.2252762,0.78897657,1.0768655,8.4096894,9.056104,0.95728994,1.1434188,1.5380259,1.7586077,0.72805805,0.90506774,2.4526606,2.219824,0.67926234,0.97849287,3.6192158,3.5413768,0.79162984,1.0503572,4.5137071,4.7410049,0.81298054,1.1379551,4.0438869,4.6017619,0.87047488,1.1848011,3.8577243,4.5706358
0b_color_jitter_best,file,15,baseline_color_jitter,7265,124.Le_Conte_Sparrow/Le_Conte_Sparrow_0067_117146.jpg,124,123,124.Le_Conte_Sparrow,123,122,identity,identity,0,{},0.029245656,0.029245656,0,0.97117788,0.97117788,0.023881199,0.023881199,0.94729668,0.94729668,0,1,1,5.2902254,5.2902254,False,1,True,True,True,1,1,5.2902254,5.2902254,1,1,5.1466416,5.1466416,1,1,1.2241587,1.2241587,1,1,0.76473918,0.76473918,1,1,2.6988874,2.6988874,1,1,2.8388057,2.8388057,1,1,2.3387969,2.3387969,1,1,2.256172,2.256172
0b_color_jitter_best,file,15,baseline_color_jitter,7265,124.Le_Conte_Sparrow/Le_Conte_Sparrow_0067_117146.jpg,124,123,124.Le_Conte_Sparrow,123,122,color_jitter,color_jitter,0,"{""brightness"":1.265562,""contrast"":0.924737,""hue"":-0.017519,""saturation"":1.234563}",0.029245656,0.05186677,0.022621114,0.97117788,0.94945538,0.023881199,0.043108623,0.94729668,0.90634676,-0.04094992,0.94444966,1.760472,5.2902254,9.3132938,False,0.99602526,True,True,True,0.94444966,1.760472,5.2902254,9.3132938,0.94152951,1.7598379,5.1466416,9.0572548,0.99574093,1.7716437,1.2241587,2.1687731,0.79841489,2.009073,0.76473918,1.5364168,0.93994543,1.6151216,2.6988874,4.3590313,0.94446272,1.8219027,2.8388057,5.1720277,0.94458287,1.8087924,2.3387969,4.2303981,0.9610308,1.7743542,2.256172,4.0032482
0b_color_jitter_best,file,15,baseline_color_jitter,10209,174.Palm_Warbler/Palm_Warbler_0095_170610.jpg,174,173,174.Palm_Warbler,195,194,identity,identity,0,{},0.53539616,0.53539616,0,0.58543736,0.58543736,0.15282662,0.15282662,0.43261074,0.43261074,0,1,1,89.314904,89.314904,False,1,True,True,True,1,1,89.314904,89.314904,1,1,88.517657,88.517657,1,1,11.906992,11.906992,1,1,17.521181,17.521181,1,1,39.317987,39.317987,1,1,55.116601,55.116601,1,1,41.293569,41.293569,1,1,35.206266,35.206266
0b_color_jitter_best,file,15,baseline_color_jitter,10209,174.Palm_Warbler/Palm_Warbler_0095_170610.jpg,174,173,174.Palm_Warbler,195,194,color_jitter,color_jitter,0,"{""brightness"":1.126635,""contrast"":0.970923,""hue"":-0.008472,""saturation"":0.877487}",0.53539616,0.73240441,0.19700825,0.58543736,0.48075166,0.15282662,0.17628273,0.43261074,0.30446893,-0.12814181,0.96922916,1.1954505,89.314904,106.77155,False,0.99634236,True,True,True,0.96922916,1.1954505,89.314904,106.77155,0.96874745,1.1945998,88.517657,105.74318,0.99555157,1.2415582,11.906992,14.783223,0.925459,1.2901023,17.521181,22.604116,0.96220776,1.1769708,39.317987,46.27612,0.97558836,1.1759592,55.116601,64.814872,0.97022132,1.2069203,41.293569,49.838046,0.97123114,1.2198518,35.206266,42.946427
0b_color_jitter_best,file,15,baseline_color_jitter,7740,132.White_crowned_Sparrow/White_Crowned_Sparrow_0057_127927.jpg,132,131,132.White_crowned_Sparrow,133,132,identity,identity,0,{},0.070861965,0.070861965,0,0.9315905,0.9315905,0.012510302,0.012510302,0.9190802,0.9190802,0,1,1,10.425956,10.425956,False,1.0000001,True,True,True,1,1,10.425956,10.425956,1,1,10.224648,10.224648,1,1,2.0389058,2.0389058,1,1,1.9451584,1.9451584,1,1,4.5213277,4.5213277,1,1,5.2741005,5.2741005,1,1,4.6548167,4.6548167,1,1,5.5528301,5.5528301
0b_color_jitter_best,file,15,baseline_color_jitter,7740,132.White_crowned_Sparrow/White_Crowned_Sparrow_0057_127927.jpg,132,131,132.White_crowned_Sparrow,133,132,color_jitter,color_jitter,0,"{""brightness"":1.053063,""contrast"":1.049389,""hue"":0.064114,""saturation"":1.298848}",0.070861965,0.063788056,-0.007073909,0.9315905,0.93820381,0.012510302,0.016284175,0.9190802,0.92191964,0.0028394405,0.8995089,0.86030786,10.425956,8.9695319,False,0.98927307,True,True,True,0.8995089,0.86030786,10.425956,8.9695319,0.89603189,0.85910812,10.224648,8.7840779,0.98445588,0.88994727,2.0389058,1.8145187,0.87993226,1.0385429,1.9451584,2.0201304,0.85086551,0.75405104,4.5213277,3.4093119,0.91355109,0.87598455,5.2741005,4.6200305,0.88055059,0.87229177,4.6548167,4.0603583,0.92629225,0.87532013,5.5528301,4.8605039
0b_color_jitter_best,file,15,baseline_color_jitter,1974,035.Purple_Finch/Purple_Finch_0053_27543.jpg,35,34,035.Purple_Finch,56,55,identity,identity,0,{},0.034296691,0.034296691,0,0.96628475,0.96628475,0.0044651479,0.0044651479,0.9618196,0.9618196,0,1,1,6.1242836,6.1242836,False,1,True,True,True,1,1,6.1242836,6.1242836,1,1,6.0349256,6.0349256,1,1,1.0423642,1.0423642,1,1,1.6393158,1.6393158,1,1,2.9678385,2.9678385,1,1,3.2142944,3.2142944,1,1,2.6743448,2.6743448,1,1,2.7278374,2.7278374
0b_color_jitter_best,file,15,baseline_color_jitter,1974,035.Purple_Finch/Purple_Finch_0053_27543.jpg,35,34,035.Purple_Finch,56,55,color_jitter,color_jitter,0,"{""brightness"":0.74166,""contrast"":0.956686,""hue"":0.044735,""saturation"":1.393986}",0.034296691,0.036181845,0.0018851534,0.96628475,0.9644649,0.0044651479,0.00514314,0.9618196,0.95932176,-0.0024978411,0.84058013,1.1728114,6.1242836,7.1826296,False,0.9853909,True,True,True,0.84058013,1.1728114,6.1242836,7.1826296,0.83695281,1.1739622,6.0349256,7.0847743,0.96700271,1.1335619,1.0423642,1.1815844,0.85428871,1.1731007,1.6393158,1.9230825,0.82943813,1.2674221,2.9678385,3.7615042,0.81865808,1.172465,3.2142944,3.7686477,0.82236744,1.1348719,2.6743448,3.0350388,0.88808013,1.0956527,2.7278374,2.9887625
0b_color_jitter_best,file,15,baseline_color_jitter,10503,179.Tennessee_Warbler/Tennessee_Warbler_0063_168561.jpg,179,178,179.Tennessee_Warbler,56,55,identity,identity,0,{},1.5625812,1.5625812,0,0.20959437,0.20959437,0.082292438,0.082292438,0.12730193,0.12730193,0,1,1,135.47425,135.47425,False,1,True,True,True,1,1,135.47425,135.47425,1,1,134.05636,134.05636,1,1,19.549017,19.549017,1,1,34.62355,34.62355,1,1,62.68617,62.68617,1,1,74.512347,74.512347,1,1,62.617851,62.617851,1,1,58.04891,58.04891
0b_color_jitter_best,file,15,baseline_color_jitter,10503,179.Tennessee_Warbler/Tennessee_Warbler_0063_168561.jpg,179,178,179.Tennessee_Warbler,56,55,color_jitter,color_jitter,0,"{""brightness"":1.311657,""contrast"":0.816626,""hue"":-0.079538,""saturation"":1.236466}",1.5625812,2.4899147,0.92733347,0.20959437,0.082917035,0.082292438,0.050234631,0.12730193,0.032682404,-0.094619527,0.72872944,1.2270427,135.47425,166.23268,False,0.90806377,False,True,False,0.72872944,1.2270427,135.47425,166.23268,0.72520264,1.2267543,134.05636,164.45422,0.89277888,1.2405252,19.549017,24.251048,0.75539148,1.2355263,34.62355,42.778306,0.71943832,1.2193057,62.68617,76.433605,0.72238419,1.1671274,74.512347,86.965403,0.69504875,1.2582487,62.617851,78.788829,0.76223953,1.2894216,58.04891,74.849517
0b_color_jitter_best,file,15,baseline_color_jitter,8679,148.Green_tailed_Towhee/Green_Tailed_Towhee_0094_797396.jpg,148,147,148.Green_tailed_Towhee,116,115,identity,identity,0,{},0.0047170552,0.0047170552,0,0.99529403,0.99529403,0.0012060454,0.0012060454,0.99408799,0.99408799,0,1,1,0.90872634,0.90872634,False,1.0000001,True,True,True,1,1,0.90872634,0.90872634,1,1,0.89508505,0.89508505,1,1,0.15686397,0.15686397,1,1,0.19691269,0.19691269,1,1,0.39058879,0.39058879,1,1,0.50340171,0.50340171,1,1,0.43589709,0.43589709,1,1,0.40795034,0.40795034
0b_color_jitter_best,file,15,baseline_color_jitter,8679,148.Green_tailed_Towhee/Green_Tailed_Towhee_0094_797396.jpg,148,147,148.Green_tailed_Towhee,116,115,color_jitter,color_jitter,0,"{""brightness"":0.777529,""contrast"":1.335707,""hue"":0.004733,""saturation"":0.649047}",0.0047170552,0.0045375242,-0.00017953105,0.99529403,0.99547273,0.0012060454,0.00084832404,0.99408799,0.99462441,0.00053641608,0.90737661,0.92083193,0.90872634,0.83678423,False,0.98372328,True,True,True,0.90737661,0.92083193,0.90872634,0.83678423,0.90524321,0.91971929,0.89508505,0.82322699,0.97484988,0.95635238,0.15686397,0.15001723,0.83985199,1.0692058,0.19691269,0.21054019,0.89465957,0.90075704,0.39058879,0.3518256,0.92126899,0.89447252,0.50340171,0.450279,0.89860049,0.92715426,0.43589709,0.40414385,0.9197865,0.92861359,0.40795034,0.37882823
0b_color_jitter_best,file,15,baseline_color_jitter,5721,098.Scott_Oriole/Scott_Oriole_0077_795831.jpg,98,97,098.Scott_Oriole,69,68,identity,identity,0,{},2.706727,2.706727,0,0.066754945,0.066754945,0.14949028,0.14949028,-0.082735337,-0.082735337,0,1,1,152.46825,152.46825,False,0.99999988,True,False,False,1,1,152.46825,152.46825,1,1,150.40644,150.40644,1,1,24.989389,24.989389,1,1,28.78273,28.78273,1,1,55.934804,55.934804,1,1,79.215517,79.215517,1,1,80.950668,80.950668,1,1,76.39922,76.39922
0b_color_jitter_best,file,15,baseline_color_jitter,5721,098.Scott_Oriole/Scott_Oriole_0077_795831.jpg,98,97,098.Scott_Oriole,69,68,color_jitter,color_jitter,0,"{""brightness"":1.126136,""contrast"":1.359718,""hue"":-0.055675,""saturation"":0.705377}",2.706727,3.4924064,0.78567934,0.066754945,0.03042756,0.14949028,0.031412579,-0.082735337,-0.00098501891,0.081750318,0.72818478,0.97449572,152.46825,148.57966,False,0.94072396,False,False,False,0.72818478,0.97449572,152.46825,148.57966,0.72249837,0.97349364,150.40644,146.41971,0.92719353,1.0101272,24.989389,25.24246,0.57734095,1.4322401,28.78273,41.22378,0.57358348,0.97320217,55.934804,54.435872,0.70896144,0.93876303,79.215517,74.364599,0.76590417,0.92071693,80.950668,74.532651,0.81241321,0.98741559,76.39922,75.437781
0b_color_jitter_best,file,15,baseline_color_jitter,545,011.Rusty_Blackbird/Rusty_Blackbird_0113_6664.jpg,11,10,011.Rusty_Blackbird,9,8,identity,identity,0,{},0.16693319,0.16693319,0,0.84625614,0.84625614,0.040015586,0.040015586,0.80624055,0.80624055,0,1,1,27.285854,27.285854,False,1,True,True,True,1,1,27.285854,27.285854,1,1,26.894209,26.894209,1,1,4.6064455,4.6064455,1,1,5.7299952,5.7299952,1,1,11.74554,11.74554,1,1,14.548945,14.548945,1,1,13.634757,13.634757,1,1,12.447069,12.447069
0b_color_jitter_best,file,15,baseline_color_jitter,545,011.Rusty_Blackbird/Rusty_Blackbird_0113_6664.jpg,11,10,011.Rusty_Blackbird,9,8,color_jitter,color_jitter,0,"{""brightness"":1.026822,""contrast"":0.627654,""hue"":-0.084024,""saturation"":0.761505}",0.16693319,0.399239,0.23230581,0.84625614,0.67083037,0.040015586,0.044625204,0.80624055,0.62620516,-0.18003539,0.68246084,2.2833435,27.285854,62.302975,False,0.97125709,True,True,True,0.68246084,2.2833435,27.285854,62.302975,0.67554103,2.2777948,26.894209,61.25949,0.90248411,2.4650208,4.6064455,11.354984,0.72976291,2.0266734,5.7299952,11.612829,0.5984442,2.5969301,11.74554,30.502345,0.65561807,2.3643861,14.548945,34.399323,0.69488058,2.0370567,13.634757,27.774773,0.76792849,2.174717,12.447069,27.068853
0b_color_jitter_best,file,15,baseline_color_jitter,8129,139.Scarlet_Tanager/Scarlet_Tanager_0083_138500.jpg,139,138,139.Scarlet_Tanager,42,41,identity,identity,0,{},0.0090625854,0.0090625854,0,0.99097836,0.99097836,0.0036186308,0.0036186308,0.98735973,0.98735973,0,1,1,1.1920089,1.1920089,False,1.0000001,True,True,True,1,1,1.1920089,1.1920089,1,1,1.1630411,1.1630411,1,1,0.26119083,0.26119083,1,1,0.22032413,0.22032413,1,1,0.3712555,0.3712555,1,1,0.49390844,0.49390844,1,1,0.64532783,0.64532783,1,1,0.71126485,0.71126485
0b_color_jitter_best,file,15,baseline_color_jitter,8129,139.Scarlet_Tanager/Scarlet_Tanager_0083_138500.jpg,139,138,139.Scarlet_Tanager,42,41,color_jitter,color_jitter,0,"{""brightness"":1.01463,""contrast"":0.745723,""hue"":-0.082753,""saturation"":1.041389}",0.0090625854,0.0062649287,-0.0027976567,0.99097836,0.99375463,0.0036186308,0.0036332321,0.98735973,0.99012139,0.0027616639,0.79593369,0.80865371,1.1920089,0.96392244,False,0.98166668,True,True,True,0.79593369,0.80865371,1.1920089,0.96392244,0.78737489,0.80782785,1.1630411,0.93953699,0.9622968,0.82485802,0.26119083,0.21544535,0.57578616,0.78861008,0.22032413,0.17374983,0.70063131,0.969304,0.3712555,0.35985944,0.73392861,0.88362094,0.49390844,0.43642784,0.79537567,0.76992007,0.64532783,0.49685085,0.8719677,0.75150665,0.71126485,0.53452027
0b_color_jitter_best,file,15,baseline_color_jitter,2176,039.Least_Flycatcher/Least_Flycatcher_0024_30230.jpg,39,38,039.Least_Flycatcher,43,42,identity,identity,0,{},1.9583493,1.9583493,0,0.14109112,0.14109112,0.36512098,0.36512098,-0.22402985,-0.22402985,0,1,1,143.72952,143.72952,False,1,True,False,False,1,1,143.72952,143.72952,1,1,140.71627,140.71627,1,1,29.276368,29.276368,1,1,21.938885,21.938885,1,1,74.359968,74.359968,1,1,73.131176,73.131176,1,1,66.330162,66.330162,1,1,63.580575,63.580575
0b_color_jitter_best,file,15,baseline_color_jitter,2176,039.Least_Flycatcher/Least_Flycatcher_0024_30230.jpg,39,38,039.Least_Flycatcher,43,42,color_jitter,color_jitter,0,"{""brightness"":1.235014,""contrast"":0.817958,""hue"":-0.024196,""saturation"":1.202647}",1.9583493,2.0202537,0.061904311,0.14109112,0.13262181,0.36512098,0.35945737,-0.22402985,-0.22683556,-0.0028057098,0.94638239,0.9760457,143.72952,140.28658,False,0.99696153,True,False,False,0.94638239,0.9760457,143.72952,140.28658,0.94415039,0.97289457,140.71627,136.90209,0.99672065,1.0462049,29.276368,30.62908,0.77609251,1.0979225,21.938885,24.087195,0.94130566,0.87945984,74.359968,65.396606,0.95244803,1.0129598,73.131176,74.078942,0.94797302,0.99712811,66.330162,66.139669,0.96265153,0.99760247,63.580575,63.428139
0b_color_jitter_best,file,15,baseline_color_jitter,1034,019.Gray_Catbird/Gray_Catbird_0050_20763.jpg,19,18,019.Gray_Catbird,155,154,identity,identity,0,{},0.0026751705,0.0026751705,0,0.9973284,0.9973284,0.00070337974,0.00070337974,0.99662502,0.99662502,0,1,1,0.40230536,0.40230536,False,1,True,True,True,1,1,0.40230536,0.40230536,1,1,0.39325771,0.39325771,1,1,0.084840869,0.084840869,1,1,0.075033403,0.075033403,1,1,0.14526248,0.14526248,1,1,0.21855286,0.21855286,1,1,0.19475574,0.19475574,1,1,0.2054879,0.2054879
0b_color_jitter_best,file,15,baseline_color_jitter,1034,019.Gray_Catbird/Gray_Catbird_0050_20763.jpg,19,18,019.Gray_Catbird,155,154,color_jitter,color_jitter,0,"{""brightness"":1.071847,""contrast"":0.750333,""hue"":-0.000886,""saturation"":0.859879}",0.0026751705,0.0027814533,0.00010628277,0.9973284,0.99722242,0.00070337974,0.00091834663,0.99662502,0.99630408,-0.00032094395,0.93149721,1.0765954,0.40230536,0.43312008,False,0.99704671,True,True,True,0.93149721,1.0765954,0.40230536,0.43312008,0.92855715,1.0765011,0.39325771,0.42334236,0.99454337,1.0786189,0.084840869,0.091510962,0.7384955,0.95683527,0.075033403,0.071794606,0.86695453,1.1962123,0.14526248,0.17376477,0.94694759,1.0716715,0.21855286,0.23421688,0.93660484,1.0560405,0.19475574,0.20566995,0.96230243,1.0517921,0.2054879,0.21613055
0b_color_jitter_best,file,15,baseline_color_jitter,4167,072.Pomarine_Jaeger/Pomarine_Jaeger_0006_795775.jpg,72,71,072.Pomarine_Jaeger,23,22,identity,identity,0,{},0.48781964,0.48781964,0,0.6139636,0.6139636,0.10118601,0.10118601,0.51277759,0.51277759,0,1,1,62.5437,62.5437,False,1,True,True,True,1,1,62.5437,62.5437,1,1,61.278547,61.278547,1,1,12.516157,12.516157,1,1,16.957087,16.957087,1,1,21.785266,21.785266,1,1,31.281733,31.281733,1,1,31.666405,31.666405,1,1,31.805843,31.805843
0b_color_jitter_best,file,15,baseline_color_jitter,4167,072.Pomarine_Jaeger/Pomarine_Jaeger_0006_795775.jpg,72,71,072.Pomarine_Jaeger,23,22,color_jitter,color_jitter,0,"{""brightness"":1.108384,""contrast"":1.214189,""hue"":-0.058694,""saturation"":1.012552}",0.48781964,0.66775668,0.17993703,0.6139636,0.51285779,0.10118601,0.15796195,0.51277759,0.35489585,-0.15788174,0.86983547,1.289414,62.5437,80.644724,False,0.99323326,True,True,True,0.86983547,1.289414,62.5437,80.644724,0.86488392,1.290114,61.278547,79.056314,0.99024615,1.2725186,12.516157,15.927042,0.8663535,1.4699779,16.957087,24.926544,0.64092601,1.2644667,21.785266,27.546743,0.86762006,1.252269,31.281733,39.173144,0.90128404,1.2860816,31.666405,40.725581,0.93182752,1.2873973,31.805843,40.946757
0b_color_jitter_best,file,15,baseline_color_jitter,5465,094.White_breasted_Nuthatch/White_Breasted_Nuthatch_0094_86156.jpg,94,93,094.White_breasted_Nuthatch,159,158,identity,identity,0,{},0.056671973,0.056671973,0,0.94490397,0.94490397,0.014168383,0.014168383,0.93073559,0.93073559,0,1,1,9.0142264,9.0142264,False,1,True,True,True,1,1,9.0142264,9.0142264,1,1,8.8705959,8.8705959,1,1,1.6027493,1.6027493,1,1,2.1673945,2.1673945,1,1,4.3473721,4.3473721,1,1,4.5076586,4.5076586,1,1,4.0867906,4.0867906,1,1,4.2508099,4.2508099
0b_color_jitter_best,file,15,baseline_color_jitter,5465,094.White_breasted_Nuthatch/White_Breasted_Nuthatch_0094_86156.jpg,94,93,094.White_breasted_Nuthatch,159,158,color_jitter,color_jitter,0,"{""brightness"":0.792148,""contrast"":0.842138,""hue"":-0.022783,""saturation"":1.27878}",0.056671973,0.042941671,-0.013730302,0.94490397,0.95796728,0.014168383,0.011800821,0.93073559,0.94616646,0.015430873,0.91920091,0.80042455,9.0142264,7.2152081,False,0.99489868,True,True,True,0.91920091,0.80042455,9.0142264,7.2152081,0.91691819,0.80149276,8.8705959,7.1097184,0.99313492,0.76698253,1.6027493,1.2292807,0.86559007,1.0334199,2.1673945,2.2398287,0.9068597,0.79342431,4.3473721,3.4493107,0.91239193,0.81513337,4.5076586,3.6743429,0.92804971,0.77306975,4.0867906,3.1593742,0.95489142,0.74952202,4.2508099,3.1860756
0b_color_jitter_best,file,15,baseline_color_jitter,6768,116.Chipping_Sparrow/Chipping_Sparrow_0037_109851.jpg,116,115,116.Chipping_Sparrow,130,129,identity,identity,0,{},1.9799621,1.9799621,0,0.13807447,0.13807447,0.34360063,0.34360063,-0.20552616,-0.20552616,0,1,1,102.19411,102.19411,False,0.99999994,True,False,False,1,1,102.19411,102.19411,1,1,98.238002,98.238002,1,1,28.159019,28.159019,1,1,16.975788,16.975788,1,1,44.74518,44.74518,1,1,50.07071,50.07071,1,1,46.052383,46.052383,1,1,52.273305,52.273305
0b_color_jitter_best,file,15,baseline_color_jitter,6768,116.Chipping_Sparrow/Chipping_Sparrow_0037_109851.jpg,116,115,116.Chipping_Sparrow,130,129,color_jitter,color_jitter,0,"{""brightness"":1.263151,""contrast"":0.831041,""hue"":0.078689,""saturation"":0.79458}",1.9799621,1.8180906,-0.16187155,0.13807447,0.16233544,0.34360063,0.30514574,-0.20552616,-0.1428103,0.062715858,0.81729158,1.2183573,102.19411,124.50893,False,0.97776079,False,False,False,0.81729158,1.2183573,102.19411,124.50893,0.80587331,1.2256138,98.238002,120.40185,0.97123177,1.1262972,28.159019,31.715424,0.51669678,1.9353542,16.975788,32.854162,0.70631053,1.2096533,44.74518,54.126156,0.83282275,1.2084613,50.07071,60.508515,0.8631654,1.2454655,46.052383,57.356657,0.8781856,1.1376457,52.273305,59.468502
0b_color_jitter_best,file,15,baseline_color_jitter,984,018.Spotted_Catbird/Spotted_Catbird_0013_19428.jpg,18,17,018.Spotted_Catbird,181,180,identity,identity,0,{},0.002752922,0.002752922,0,0.99725085,0.99725085,0.0011145404,0.0011145404,0.99613631,0.99613631,0,1,1,0.6961072,0.6961072,False,0.99999994,True,True,True,1,1,0.6961072,0.6961072,1,1,0.68939075,0.68939075,1,1,0.09646571,0.09646571,1,1,0.21567331,0.21567331,1,1,0.35129457,0.35129457,1,1,0.37686077,0.37686077,1,1,0.31051872,0.31051872,1,1,0.25863263,0.25863263
0b_color_jitter_best,file,15,baseline_color_jitter,984,018.Spotted_Catbird/Spotted_Catbird_0013_19428.jpg,18,17,018.Spotted_Catbird,181,180,color_jitter,color_jitter,0,"{""brightness"":0.817799,""contrast"":1.01149,""hue"":0.06853,""saturation"":1.199451}",0.002752922,0.00069188973,-0.0020610323,0.99725085,0.99930835,0.0011145404,0.00021803888,0.99613631,0.99909031,0.0029539942,0.88594808,0.26833969,0.6961072,0.18679319,False,0.97179317,True,True,True,0.88594808,0.26833969,0.6961072,0.18679319,0.88449704,0.26848045,0.68939075,0.18508794,0.96250798,0.26105026,0.09646571,0.025182398,0.89943271,0.27747891,0.21567331,0.059844793,0.88006516,0.28739253,0.35129457,0.10095944,0.88929334,0.26144565,0.37686077,0.098528609,0.86754881,0.25107572,0.31051872,0.07796371,0.90348444,0.26499158,0.25863263,0.06853547
0b_color_jitter_best,file,15,baseline_color_jitter,10060,171.Myrtle_Warbler/Myrtle_Warbler_0037_166690.jpg,171,170,171.Myrtle_Warbler,122,121,identity,identity,0,{},1.0940138,1.0940138,0,0.33486971,0.33486971,0.23372383,0.23372383,0.10114588,0.10114588,0,1,1,114.24827,114.24827,False,1,True,True,True,1,1,114.24827,114.24827,1,1,112.7479,112.7479,1,1,18.454747,18.454747,1,1,31.809909,31.809909,1,1,50.719271,50.719271,1,1,64.283767,64.283767,1,1,52.02819,52.02819,1,1,47.837626,47.837626
0b_color_jitter_best,file,15,baseline_color_jitter,10060,171.Myrtle_Warbler/Myrtle_Warbler_0037_166690.jpg,171,170,171.Myrtle_Warbler,122,121,color_jitter,color_jitter,0,"{""brightness"":1.017565,""contrast"":0.946623,""hue"":0.053503,""saturation"":0.711178}",1.0940138,1.2132696,0.11925578,0.33486971,0.2972239,0.23372383,0.18165575,0.10114588,0.11556815,0.014422268,0.92584178,1.07151,114.24827,122.41816,False,0.99292397,True,True,True,0.92584178,1.07151,114.24827,122.41816,0.92431445,1.0710349,112.7479,120.75694,0.98203042,1.0890929,18.454747,20.098935,0.93181251,1.0156016,31.809909,32.306196,0.90680238,1.0650969,50.719271,54.020938,0.92088426,1.0877449,64.283767,69.924337,0.92815985,1.0450696,52.02819,54.373082,0.94351231,1.1010781,47.837626,52.672962
0b_color_jitter_best,file,15,baseline_color_jitter,8280,141.Artic_Tern/Artic_Tern_0052_143244.jpg,141,140,141.Artic_Tern,146,145,identity,identity,0,{},1.5953653,1.5953653,0,0.20283441,0.20283441,0.61301994,0.61301994,-0.41018553,-0.41018553,0,1,1,110.89378,110.89378,False,1,True,False,False,1,1,110.89378,110.89378,1,1,105.80812,105.80812,1,1,33.197503,33.197503,1,1,19.946549,19.946549,1,1,42.470915,42.470915,1,1,51.746337,51.746337,1,1,55.59149,55.59149,1,1,56.794513,56.794513
0b_color_jitter_best,file,15,baseline_color_jitter,8280,141.Artic_Tern/Artic_Tern_0052_143244.jpg,141,140,141.Artic_Tern,146,145,color_jitter,color_jitter,0,"{""brightness"":0.863991,""contrast"":1.344464,""hue"":0.001178,""saturation"":1.189461}",1.5953653,1.3489826,-0.24638271,0.20283441,0.25950414,0.61301994,0.5410372,-0.41018553,-0.28153306,0.12865247,0.91451413,0.89330395,110.89378,99.061856,False,0.99406064,True,False,False,0.91451413,0.89330395,110.89378,99.061856,0.90664539,0.89227947,105.80812,94.410409,0.9935095,0.90364519,33.197503,29.998764,0.65725153,1.0332964,19.946549,20.610697,0.87930856,0.82857123,42.470915,35.190178,0.90109128,0.85545278,51.746337,44.266548,0.92556213,0.89753433,55.59149,49.895271,0.94518135,0.93187735,56.794513,52.92552
0b_color_jitter_best,file,15,baseline_color_jitter,7704,132.White_crowned_Sparrow/White_Crowned_Sparrow_0021_127092.jpg,132,131,132.White_crowned_Sparrow,119,118,identity,identity,0,{},4.8708639,4.8708639,0,0.0076667373,0.0076667373,0.84358692,0.84358692,-0.83592018,-0.83592018,0,1,1,223.33751,223.33751,False,0.99999994,True,False,False,1,1,223.33751,223.33751,1,1,220.70822,220.70822,1,1,34.169038,34.169038,1,1,44.686134,44.686134,1,1,99.441229,99.441229,1,1,116.30097,116.30097,1,1,114.28478,114.28478,1,1,101.19182,101.19182
0b_color_jitter_best,file,15,baseline_color_jitter,7704,132.White_crowned_Sparrow/White_Crowned_Sparrow_0021_127092.jpg,132,131,132.White_crowned_Sparrow,119,118,color_jitter,color_jitter,0,"{""brightness"":1.049829,""contrast"":1.097562,""hue"":0.039454,""saturation"":0.644303}",4.8708639,3.7709849,-1.099879,0.0076667373,0.023029372,0.84358692,0.61533099,-0.83592018,-0.59230162,0.24361856,0.89750691,0.81127811,223.33751,181.18883,False,0.98387474,True,False,False,0.89750691,0.81127811,223.33751,181.18883,0.89563848,0.80955427,220.70822,178.67529,0.97226926,0.8801972,34.169038,30.075491,0.90092516,0.91163897,44.686134,40.737621,0.84840541,0.78793214,99.441229,78.35294,0.90121621,0.81673131,116.30097,94.986646,0.91419345,0.79426188,114.28478,90.772042,0.91006052,0.81874036,101.19182,82.84983
0b_color_jitter_best,file,15,baseline_color_jitter,2932,051.Horned_Grebe/Horned_Grebe_0066_34738.jpg,51,50,051.Horned_Grebe,50,49,identity,identity,0,{},0.1647824,0.1647824,0,0.84807825,0.84807825,0.14138815,0.14138815,0.7066901,0.7066901,0,1,1,23.169484,23.169484,False,1,True,True,True,1,1,23.169484,23.169484,1,1,22.465594,22.465594,1,1,5.667635,5.667635,1,1,3.116672,3.116672,1,1,8.0621374,8.0621374,1,1,12.204461,12.204461,1,1,12.138457,12.138457,1,1,11.56288,11.56288
0b_color_jitter_best,file,15,baseline_color_jitter,2932,051.Horned_Grebe/Horned_Grebe_0066_34738.jpg,51,50,051.Horned_Grebe,50,49,color_jitter,color_jitter,0,"{""brightness"":0.637344,""contrast"":0.871301,""hue"":0.017751,""saturation"":1.125079}",0.1647824,0.21110544,0.046323031,0.84807825,0.80968869,0.14138815,0.17196853,0.7066901,0.63772015,-0.06896995,0.91107558,1.3369018,23.169484,30.975325,False,0.99635422,True,True,True,0.91107558,1.3369018,23.169484,30.975325,0.90640544,1.3440612,22.465594,30.195133,0.99610471,1.2189044,5.667635,6.9083051,0.42041853,1.6667073,3.116672,5.1945801,0.83643721,1.5869209,8.0621374,12.793975,0.9216949,1.3586658,12.204461,16.581784,0.9361761,1.280968,12.138457,15.548976,0.95926695,1.236294,11.56288,14.29512
0b_color_jitter_best,file,15,baseline_color_jitter,9308,159.Black_and_white_Warbler/Black_And_White_Warbler_0080_160375.jpg,159,158,159.Black_and_white_Warbler,165,164,identity,identity,0,{},0.050542437,0.050542437,0,0.95071357,0.95071357,0.011767302,0.011767302,0.93894627,0.93894627,0,1,1,8.4684819,8.4684819,False,0.99999994,True,True,True,1,1,8.4684819,8.4684819,1,1,8.3264537,8.3264537,1,1,1.5444595,1.5444595,1,1,1.4908707,1.4908707,1,1,4.3022412,4.3022412,1,1,4.2124627,4.2124627,1,1,3.9046445,3.9046445,1,1,3.9505399,3.9505399
0b_color_jitter_best,file,15,baseline_color_jitter,9308,159.Black_and_white_Warbler/Black_And_White_Warbler_0080_160375.jpg,159,158,159.Black_and_white_Warbler,165,164,color_jitter,color_jitter,0,"{""brightness"":0.953528,""contrast"":1.124128,""hue"":-0.097532,""saturation"":1.333691}",0.050542437,0.14729939,0.096756957,0.95071357,0.86303556,0.011767302,0.070503831,0.93894627,0.79253173,-0.14641454,0.82878739,2.9214981,8.4684819,24.740653,False,0.97567475,True,True,True,0.82878739,2.9214981,8.4684819,24.740653,0.82485642,2.9215299,8.3264537,24.325983,0.94307785,2.9205723,1.5444595,4.5107057,0.69065784,3.1981093,1.4908707,4.7679674,0.85412104,2.8245821,4.3022412,12.152034,0.81346205,3.0257739,4.2124627,12.74596,0.8043144,2.9511599,3.9046445,11.52323,0.84855703,2.8425458,3.9505399,11.229591
0b_color_jitter_best,file,15,baseline_color_jitter,3289,057.Rose_breasted_Grosbeak/Rose_Breasted_Grosbeak_0062_39234.jpg,57,56,057.Rose_breasted_Grosbeak,21,20,identity,identity,0,{},0.30382901,0.30382901,0,0.73798704,0.73798704,0.077564992,0.077564992,0.66042205,0.66042205,0,1,1,39.978605,39.978605,False,1,True,True,True,1,1,39.978605,39.978605,1,1,39.189652,39.189652,1,1,7.9031658,7.9031658,1,1,5.8674267,5.8674267,1,1,15.030174,15.030174,1,1,21.589963,21.589963,1,1,19.985671,19.985671,1,1,20.247036,20.247036
0b_color_jitter_best,file,15,baseline_color_jitter,3289,057.Rose_breasted_Grosbeak/Rose_Breasted_Grosbeak_0062_39234.jpg,57,56,057.Rose_breasted_Grosbeak,21,20,color_jitter,color_jitter,0,"{""brightness"":1.088985,""contrast"":0.877263,""hue"":-0.094176,""saturation"":1.258627}",0.30382901,0.40373841,0.099909395,0.73798704,0.66781878,0.077564992,0.074800819,0.66042205,0.59301797,-0.067404084,0.81915175,1.3222676,39.978605,52.862416,False,0.98114872,True,True,True,0.81915175,1.3222676,39.978605,52.862416,0.81275604,1.3200373,39.189652,51.731803,0.97069972,1.3759722,7.9031658,10.874537,0.62411809,1.3772427,5.8674267,8.0808705,0.6590872,1.3998615,15.030174,21.040162,0.82490525,1.2930439,21.589963,27.916769,0.8297067,1.353157,19.985671,27.043752,0.89391695,1.2664261,20.247036,25.641375
0b_color_jitter_best,file,15,baseline_color_jitter,3205,056.Pine_Grosbeak/Pine_Grosbeak_0036_38968.jpg,56,55,056.Pine_Grosbeak,34,33,identity,identity,0,{},1.6312684,1.6312684,0,0.1956812,0.1956812,0.5624494,0.5624494,-0.3667682,-0.3667682,0,1,1,195.95698,195.95698,False,0.99999976,True,False,False,1,1,195.95698,195.95698,1,1,193.31687,193.31687,1,1,32.058204,32.058204,1,1,30.225371,30.225371,1,1,100.39638,100.39638,1,1,96.566271,96.566271,1,1,98.165758,98.165758,1,1,86.121098,86.121098
0b_color_jitter_best,file,15,baseline_color_jitter,3205,056.Pine_Grosbeak/Pine_Grosbeak_0036_38968.jpg,56,55,056.Pine_Grosbeak,34,33,color_jitter,color_jitter,0,"{""brightness"":0.866551,""contrast"":1.162596,""hue"":-0.013922,""saturation"":1.256149}",1.6312684,1.1341445,-0.49712384,0.1956812,0.32169721,0.5624494,0.48523721,-0.3667682,-0.16354001,0.20322819,0.95289848,0.8086864,195.95698,158.46775,False,0.99443263,True,False,False,0.95289848,0.8086864,195.95698,158.46775,0.95174599,0.80770342,193.31687,156.14269,0.99389933,0.84365273,32.058204,27.045992,0.91003442,0.89726216,30.225371,27.120082,0.95006168,0.73780257,100.39638,74.072707,0.94678717,0.8251356,96.566271,79.680268,0.95940971,0.82751723,98.165758,81.233856,0.96220907,0.83815747,86.121098,72.183041
0b_color_jitter_best,file,15,baseline_color_jitter,9290,158.Bay_breasted_Warbler/Bay_Breasted_Warbler_0079_159998.jpg,158,157,158.Bay_breasted_Warbler,21,20,identity,identity,0,{},0.018101847,0.018101847,0,0.98206103,0.98206103,0.0080820583,0.0080820583,0.97397897,0.97397897,0,1,1,2.0377254,2.0377254,False,0.99999994,True,True,True,1,1,2.0377254,2.0377254,1,1,1.9621458,1.9621458,1,1,0.54982605,0.54982605,1,1,0.37961414,0.37961414,1,1,0.74613139,0.74613139,1,1,0.89566536,0.89566536,1,1,0.98392941,0.98392941,1,1,1.1742503,1.1742503
0b_color_jitter_best,file,15,baseline_color_jitter,9290,158.Bay_breasted_Warbler/Bay_Breasted_Warbler_0079_159998.jpg,158,157,158.Bay_breasted_Warbler,21,20,color_jitter,color_jitter,0,"{""brightness"":1.153359,""contrast"":0.893274,""hue"":-0.070227,""saturation"":0.657351}",0.018101847,0.038865965,0.020764118,0.98206103,0.96187961,0.0080820583,0.010599501,0.97397897,0.95128011,-0.022698861,0.83679201,2.1344184,2.0377254,4.3493587,False,0.98477936,True,True,True,0.83679201,2.1344184,2.0377254,4.3493587,0.82693531,2.1394115,1.9621458,4.1978372,0.96696979,2.0697771,0.54982605,1.1380174,0.61162091,1.8312908,0.37961414,0.6951839,0.72765843,2.0965219,0.74613139,1.5642808,0.82559801,2.346227,0.89566536,2.1014342,0.8395441,2.1619415,0.98392941,2.1271978,0.88407794,2.0421864,1.1742503,2.3980379
0b_color_jitter_best,file,15,baseline_color_jitter,9869,168.Kentucky_Warbler/Kentucky_Warbler_0071_165342.jpg,168,167,168.Kentucky_Warbler,20,19,identity,identity,0,{},1.3651118,1.3651118,0,0.25535211,0.25535211,0.21723288,0.21723288,0.038119227,0.038119227,0,1,1,100.28986,100.28986,False,1,True,True,True,1,1,100.28986,100.28986,1,1,98.663401,98.663401,1,1,17.988611,17.988611,1,1,25.209121,25.209121,1,1,39.248445,39.248445,1,1,50.381693,50.381693,1,1,50.209578,50.209578,1,1,49.992097,49.992097
0b_color_jitter_best,file,15,baseline_color_jitter,9869,168.Kentucky_Warbler/Kentucky_Warbler_0071_165342.jpg,168,167,168.Kentucky_Warbler,20,19,color_jitter,color_jitter,0,"{""brightness"":0.966313,""contrast"":0.705359,""hue"":-0.089358,""saturation"":0.63546}",1.3651118,1.3564003,-0.0087115765,0.25535211,0.25758636,0.21723288,0.088521138,0.038119227,0.16906522,0.130946,0.78607671,1.1338491,100.28986,113.71357,False,0.95693135,True,True,True,0.78607671,1.1338491,100.28986,113.71357,0.78107034,1.1347023,98.663401,111.95359,0.9405471,1.1078734,17.988611,19.929103,0.77434353,0.98510268,25.209121,24.833573,0.68704735,1.2487346,39.248445,49.010893,0.76966558,1.1926125,50.381693,60.085839,0.81600112,1.1572806,50.209578,58.10657,0.83960994,1.0057734,49.992097,50.280719
0b_color_jitter_best,file,15,baseline_color_jitter,4485,077.Tropical_Kingbird/Tropical_Kingbird_0003_69852.jpg,77,76,077.Tropical_Kingbird,103,102,identity,identity,0,{},0.0076682251,0.0076682251,0,0.99236113,0.99236113,0.0037226388,0.0037226388,0.98863849,0.98863849,0,1,1,1.1472062,1.1472062,False,1.0000001,True,True,True,1,1,1.1472062,1.1472062,1,1,1.1079608,1.1079608,1,1,0.29749776,0.29749776,1,1,0.17918913,0.17918913,1,1,0.55231325,0.55231325,1,1,0.56271832,0.56271832,1,1,0.50678327,0.50678327,1,1,0.56297181,0.56297181
0b_color_jitter_best,file,15,baseline_color_jitter,4485,077.Tropical_Kingbird/Tropical_Kingbird_0003_69852.jpg,77,76,077.Tropical_Kingbird,103,102,color_jitter,color_jitter,0,"{""brightness"":0.838966,""contrast"":0.779843,""hue"":0.012559,""saturation"":0.602918}",0.0076682251,0.11072857,0.10306034,0.99236113,0.89518172,0.0037226388,0.074435979,0.98863849,0.82074574,-0.16789275,0.81322176,16.889293,1.1472062,19.375501,False,0.97501647,True,True,True,0.81322176,16.889293,1.1472062,19.375501,0.80681685,17.089148,1.1079608,18.934106,0.94040138,13.822426,0.29749776,4.1121409,0.49829888,23.240056,0.17918913,4.1643654,0.83223669,18.548436,0.55231325,10.244547,0.78821264,16.942633,0.56271832,9.5339302,0.82046158,17.330484,0.50678327,8.7827994,0.85283464,14.666404,0.56297181,8.256772
0b_color_jitter_best,file,15,baseline_color_jitter,8564,146.Forsters_Tern/Forsters_Tern_0045_151227.jpg,146,145,146.Forsters_Tern,147,146,identity,identity,0,{},1.2969248,1.2969248,0,0.27337119,0.27337119,0.65965158,0.65965158,-0.38628039,-0.38628039,0,1,1,105.94963,105.94963,False,0.99999994,True,False,False,1,1,105.94963,105.94963,1,1,102.3321,102.3321,1,1,27.449322,27.449322,1,1,19.187951,19.187951,1,1,44.691683,44.691683,1,1,50.871092,50.871092,1,1,49.338456,49.338456,1,1,55.535426,55.535426
0b_color_jitter_best,file,15,baseline_color_jitter,8564,146.Forsters_Tern/Forsters_Tern_0045_151227.jpg,146,145,146.Forsters_Tern,147,146,color_jitter,color_jitter,0,"{""brightness"":1.003183,""contrast"":1.36076,""hue"":-0.095743,""saturation"":0.851851}",1.2969248,1.6027215,0.30579662,0.27337119,0.2013478,0.65965158,0.28898865,-0.38628039,-0.087640852,0.29863954,0.62028926,0.94963042,105.94963,100.61299,False,0.96515942,False,False,False,0.62028926,0.94963042,105.94963,100.61299,0.60542744,0.95251482,102.3321,97.472841,0.83747397,0.90859488,27.449322,24.940313,0.46921626,0.83567079,19.187951,16.03481,0.56906158,0.71771656,44.691683,32.075961,0.57252375,0.9202015,50.871092,46.811655,0.57477222,1.1243476,49.338456,55.473574,0.710653,0.97739507,55.535426,54.280051
0b_color_jitter_best,file,15,baseline_color_jitter,8881,152.Blue_headed_Vireo/Blue_Headed_Vireo_0020_155994.jpg,152,151,152.Blue_headed_Vireo,172,171,identity,identity,0,{},0.0026765971,0.0026765971,0,0.99732697,0.99732697,0.00084757502,0.00084757502,0.9964794,0.9964794,0,1,1,0.35103774,0.35103774,False,1,True,True,True,1,1,0.35103774,0.35103774,1,1,0.34022061,0.34022061,1,1,0.08647216,0.08647216,1,1,0.10434846,0.10434846,1,1,0.13732111,0.13732111,1,1,0.16879794,0.16879794,1,1,0.16168813,0.16168813,1,1,0.17711177,0.17711177
0b_color_jitter_best,file,15,baseline_color_jitter,8881,152.Blue_headed_Vireo/Blue_Headed_Vireo_0020_155994.jpg,152,151,152.Blue_headed_Vireo,172,171,color_jitter,color_jitter,0,"{""brightness"":0.682814,""contrast"":0.711775,""hue"":-0.016283,""saturation"":1.374779}",0.0026765971,0.02231605,0.019639453,0.99732697,0.97793114,0.00084757502,0.015224334,0.9964794,0.96270681,-0.033772587,0.72406631,14.949977,0.35103774,5.2480061,False,0.97597831,True,True,True,0.72406631,14.949977,0.35103774,5.2480061,0.719656,15.241627,0.34022061,5.1855157,0.92059732,9.3378285,0.08647216,0.8074622,0.83943125,18.648455,0.10434846,1.9459375,0.70088225,17.519588,0.13732111,2.4058092,0.70483156,17.077404,0.16879794,2.8826306,0.7008435,14.48574,0.16168813,2.3421721,0.78026276,10.592598,0.17711177,1.8760738
0b_color_jitter_best,file,15,baseline_color_jitter,1058,020.Yellow_breasted_Chat/Yellow_Breasted_Chat_0090_21931.jpg,20,19,020.Yellow_breasted_Chat,170,169,identity,identity,0,{},0.16049463,0.16049463,0,0.85172242,0.85172242,0.022808585,0.022808585,0.82891383,0.82891383,0,1,1,22.359295,22.359295,False,1,True,True,True,1,1,22.359295,22.359295,1,1,21.990604,21.990604,1,1,4.0436862,4.0436862,1,1,6.0099988,6.0099988,1,1,9.5283747,9.5283747,1,1,10.593229,10.593229,1,1,11.566379,11.566379,1,1,10.52041,10.52041
0b_color_jitter_best,file,15,baseline_color_jitter,1058,020.Yellow_breasted_Chat/Yellow_Breasted_Chat_0090_21931.jpg,20,19,020.Yellow_breasted_Chat,170,169,color_jitter,color_jitter,0,"{""brightness"":0.889825,""contrast"":1.311191,""hue"":-0.010543,""saturation"":1.220858}",0.16049463,0.044714518,-0.11578011,0.85172242,0.95627046,0.022808585,0.0030478716,0.82891383,0.95322258,0.12430875,0.92045409,0.28303921,22.359295,6.328557,False,0.99163944,True,True,True,0.92045409,0.28303921,22.359295,6.328557,0.91834035,0.28193209,21.990604,6.1998568,0.98173734,0.3140221,4.0436862,1.2698069,0.92109156,0.31967207,6.0099988,1.9212288,0.9179875,0.25642193,9.5283747,2.4432842,0.90926842,0.27340256,10.593229,2.8962159,0.91855991,0.28786295,11.566379,3.3295318,0.93263883,0.28993006,10.52041,3.0501831
0b_color_jitter_best,file,15,baseline_color_jitter,929,017.Cardinal/Cardinal_0028_18054.jpg,17,16,017.Cardinal,137,136,identity,identity,0,{},0.49691868,0.49691868,0,0.60840243,0.60840243,0.051776003,0.051776003,0.55662643,0.55662643,0,1,1,59.013879,59.013879,False,1,True,True,True,1,1,59.013879,59.013879,1,1,58.166948,58.166948,1,1,9.9621305,9.9621305,1,1,9.9985246,9.9985246,1,1,22.972964,22.972964,1,1,31.483055,31.483055,1,1,31.651597,31.651597,1,1,27.6163,27.6163
0b_color_jitter_best,file,15,baseline_color_jitter,929,017.Cardinal/Cardinal_0028_18054.jpg,17,16,017.Cardinal,137,136,color_jitter,color_jitter,0,"{""brightness"":0.764917,""contrast"":1.325137,""hue"":-0.000672,""saturation"":0.626528}",0.49691868,1.3627973,0.86587858,0.60840243,0.25594383,0.051776003,0.15692861,0.55662643,0.099015221,-0.45761121,0.81935305,1.8633272,59.013879,109.96217,False,0.97373402,True,True,True,0.81935305,1.8633272,59.013879,109.96217,0.81501045,1.8625741,58.166948,108.34025,0.96541987,1.8888222,9.9621305,18.816693,0.62607866,2.2183133,9.9985246,22.17986,0.71628569,1.7697001,22.972964,40.655256,0.82146955,1.9444105,31.483055,61.215983,0.84947695,1.8781818,31.651597,59.447454,0.86362322,1.7408997,27.6163,48.077208
0b_color_jitter_best,file,15,baseline_color_jitter,10633,181.Worm_eating_Warbler/Worm_Eating_Warbler_0065_795551.jpg,181,180,181.Worm_eating_Warbler,8,7,identity,identity,0,{},2.8233917,2.8233917,0,0.059404124,0.059404124,0.33463988,0.33463988,-0.27523575,-0.27523575,0,1,1,146.20432,146.20432,False,0.99999994,True,False,False,1,1,146.20432,146.20432,1,1,142.91985,142.91985,1,1,30.81588,30.81588,1,1,26.081623,26.081623,1,1,56.046459,56.046459,1,1,77.65668,77.65668,1,1,72.454174,72.454174,1,1,72.968893,72.968893
0b_color_jitter_best,file,15,baseline_color_jitter,10633,181.Worm_eating_Warbler/Worm_Eating_Warbler_0065_795551.jpg,181,180,181.Worm_eating_Warbler,8,7,color_jitter,color_jitter,0,"{""brightness"":0.775232,""contrast"":0.877648,""hue"":0.026748,""saturation"":1.197888}",2.8233917,1.8734449,-0.94994676,0.059404124,0.15359363,0.33463988,0.16572331,-0.27523575,-0.012129679,0.26310607,0.88059699,0.86523551,146.20432,126.50117,False,0.99026871,True,False,False,0.88059699,0.86523551,146.20432,126.50117,0.87621706,0.86469222,142.91985,123.58168,0.97358501,0.87684012,30.81588,27.0206,0.60084526,0.6383599,26.081623,16.649462,0.85487476,0.9456724,56.046459,53.00159,0.87908349,0.82421953,77.65668,64.006152,0.88545251,0.87322447,72.454174,63.268758,0.91052574,0.87605075,72.968893,63.924454
0b_color_jitter_best,file,15,baseline_color_jitter,6757,116.Chipping_Sparrow/Chipping_Sparrow_0079_110449.jpg,116,115,116.Chipping_Sparrow,119,118,identity,identity,0,{},0.49796021,0.49796021,0,0.60776913,0.60776913,0.16048276,0.16048276,0.44728637,0.44728637,0,1,1,62.137364,62.137364,False,1,True,True,True,1,1,62.137364,62.137364,1,1,60.684904,60.684904,1,1,13.356436,13.356436,1,1,13.633347,13.633347,1,1,28.882997,28.882997,1,1,31.222643,31.222643,1,1,27.399258,27.399258,1,1,30.610278,30.610278
0b_color_jitter_best,file,15,baseline_color_jitter,6757,116.Chipping_Sparrow/Chipping_Sparrow_0079_110449.jpg,116,115,116.Chipping_Sparrow,119,118,color_jitter,color_jitter,0,"{""brightness"":0.662308,""contrast"":1.344436,""hue"":0.047843,""saturation"":1.148447}",0.49796021,0.88142556,0.38346535,0.60776913,0.41419202,0.16048276,0.34169102,0.44728637,0.072501004,-0.37478536,0.87430345,1.7310471,62.137364,107.56271,False,0.98976463,True,True,True,0.87430345,1.7310471,62.137364,107.56271,0.86972768,1.7360264,60.684904,105.3506,0.97705789,1.624853,13.356436,21.702244,0.81921416,2.3248956,13.633347,31.696108,0.80870543,1.6837404,28.882997,48.631471,0.90238702,1.783129,31.222643,55.674001,0.87569009,1.7654741,27.399258,48.372681,0.91567646,1.5631839,30.610278,47.849496
0b_color_jitter_best,file,15,baseline_color_jitter,3123,054.Blue_Grosbeak/Blue_Grosbeak_0065_36847.jpg,54,53,054.Blue_Grosbeak,15,14,identity,identity,0,{},0.11276399,0.11276399,0,0.89336145,0.89336145,0.10025723,0.10025723,0.79310422,0.79310422,0,1,1,26.764028,26.764028,False,1,True,True,True,1,1,26.764028,26.764028,1,1,26.375131,26.375131,1,1,4.5459515,4.5459515,1,1,6.0437157,6.0437157,1,1,10.875151,10.875151,1,1,15.005716,15.005716,1,1,12.996426,12.996426,1,1,12.115011,12.115011
0b_color_jitter_best,file,15,baseline_color_jitter,3123,054.Blue_Grosbeak/Blue_Grosbeak_0065_36847.jpg,54,53,054.Blue_Grosbeak,15,14,color_jitter,color_jitter,0,"{""brightness"":1.258002,""contrast"":1.02642,""hue"":-0.035516,""saturation"":0.742101}",0.11276399,0.12269245,0.0099284649,0.89336145,0.88453567,0.10025723,0.10616083,0.79310422,0.77837484,-0.014729373,0.92669282,1.0671654,26.764028,28.561645,False,0.98930436,True,True,True,0.92669282,1.0671654,26.764028,28.561645,0.92479567,1.0663442,26.375131,28.124967,0.98921903,1.0944506,4.5459515,4.9753195,0.82791421,0.87732973,6.0437157,5.3023315,0.8958332,1.0018983,10.875151,10.895796,0.93891245,1.0878237,15.005716,16.323573,0.93452326,1.115845,12.996426,14.501997,0.93914171,1.0680012,12.115011,12.938847
0b_color_jitter_best,file,15,baseline_color_jitter,6283,108.White_necked_Raven/White_Necked_Raven_0025_797346.jpg,108,107,108.White_necked_Raven,23,22,identity,identity,0,{},0.35392824,0.35392824,0,0.70192534,0.70192534,0.16631432,0.16631432,0.53561102,0.53561102,0,1,1,74.873166,74.873166,False,1.0000001,True,True,True,1,1,74.873166,74.873166,1,1,73.930808,73.930808,1,1,11.841735,11.841735,1,1,28.201953,28.201953,1,1,36.400539,36.400539,1,1,37.605292,37.605292,1,1,31.425857,31.425857,1,1,30.719253,30.719253
0b_color_jitter_best,file,15,baseline_color_jitter,6283,108.White_necked_Raven/White_Necked_Raven_0025_797346.jpg,108,107,108.White_necked_Raven,23,22,color_jitter,color_jitter,0,"{""brightness"":0.939109,""contrast"":1.111321,""hue"":-0.055499,""saturation"":0.651}",0.35392824,0.14593807,-0.20799017,0.70192534,0.8642112,0.16631432,0.039928552,0.53561102,0.82428265,0.28867163,0.90579534,0.52116762,74.873166,39.02147,False,0.98961389,True,True,True,0.90579534,0.52116762,74.873166,39.02147,0.90534017,0.52318859,73.930808,38.679755,0.94222376,0.43514142,11.841735,5.1528293,0.94597106,0.65890934,28.201953,18.58253,0.88473978,0.50544062,36.400539,18.398311,0.91830446,0.50753479,37.605292,19.085994,0.8957626,0.48805458,31.425857,15.337534,0.91451658,0.47487054,30.719253,14.587668
0b_color_jitter_best,file,15,baseline_color_jitter,3114,054.Blue_Grosbeak/Blue_Grosbeak_0037_36794.jpg,54,53,054.Blue_Grosbeak,14,13,identity,identity,0,{},0.016030475,0.016030475,0,0.9840973,0.9840973,0.010327679,0.010327679,0.97376962,0.97376962,0,1,1,2.6240726,2.6240726,False,0.99999994,True,True,True,1,1,2.6240726,2.6240726,1,1,2.5508607,2.5508607,1,1,0.61552147,0.61552147,1,1,0.53103924,0.53103924,1,1,0.96415631,0.96415631,1,1,1.3522635,1.3522635,1,1,1.2839613,1.2839613,1,1,1.3483756,1.3483756
0b_color_jitter_best,file,15,baseline_color_jitter,3114,054.Blue_Grosbeak/Blue_Grosbeak_0037_36794.jpg,54,53,054.Blue_Grosbeak,14,13,color_jitter,color_jitter,0,"{""brightness"":1.295927,""contrast"":0.93154,""hue"":-0.024923,""saturation"":0.990467}",0.016030475,0.011291883,-0.0047385925,0.9840973,0.98877162,0.010327679,0.005284504,0.97376962,0.98348711,0.0097174905,0.89992458,0.65252651,2.6240726,1.7122769,False,0.9952926,True,True,True,0.89992458,0.65252651,2.6240726,1.7122769,0.89540965,0.65025476,2.5508607,1.6587093,0.97447979,0.69037724,0.61552147,0.42494201,0.80244987,0.49560392,0.53103924,0.26318513,0.86608744,0.65747242,0.96415631,0.63390618,0.91319593,0.66936355,1.3522635,0.90515592,0.88432373,0.64399791,1.2839613,0.82686838,0.91737427,0.65381361,1.3483756,0.88158633
0b_color_jitter_best,file,15,baseline_color_jitter,11057,188.Pileated_Woodpecker/Pileated_Woodpecker_0124_180168.jpg,188,187,188.Pileated_Woodpecker,187,186,identity,identity,0,{},0.081904523,0.081904523,0,0.9213599,0.9213599,0.070883557,0.070883557,0.85047634,0.85047634,0,1,1,23.303034,23.303034,False,1,True,True,True,1,1,23.303034,23.303034,1,1,23.075191,23.075191,1,1,3.2506826,3.2506826,1,1,8.9493334,8.9493334,1,1,11.887361,11.887361,1,1,12.504428,12.504428,1,1,8.9110396,8.9110396,1,1,8.677395,8.677395
0b_color_jitter_best,file,15,baseline_color_jitter,11057,188.Pileated_Woodpecker/Pileated_Woodpecker_0124_180168.jpg,188,187,188.Pileated_Woodpecker,187,186,color_jitter,color_jitter,0,"{""brightness"":0.677637,""contrast"":1.284596,""hue"":-0.085468,""saturation"":0.97085}",0.081904523,0.12836079,0.04645627,0.9213599,0.87953597,0.070883557,0.11644377,0.85047634,0.7630922,-0.087384135,0.90715016,1.77158,23.303034,41.28319,False,0.98824185,True,True,True,0.90715016,1.77158,23.303034,41.28319,0.90561839,1.7726541,23.075191,40.904332,0.98731596,1.7165885,3.2506826,5.5800843,0.93485798,2.1842949,8.9493334,19.547983,0.90180072,1.7022587,11.887361,20.235365,0.92370302,1.7071294,12.504428,21.346676,0.87564055,1.7119786,8.9110396,15.255509,0.90151537,1.6016545,8.677395,13.898188
0b_color_jitter_best,file,15,baseline_color_jitter,1103,020.Yellow_breasted_Chat/Yellow_Breasted_Chat_0012_21961.jpg,20,19,020.Yellow_breasted_Chat,200,199,identity,identity,0,{},0.031085687,0.031085687,0,0.96939248,0.96939248,0.0078002932,0.0078002932,0.96159219,0.96159219,0,1,1,3.7367866,3.7367866,False,1,True,True,True,1,1,3.7367866,3.7367866,1,1,3.6397843,3.6397843,1,1,0.84589866,0.84589866,1,1,0.61553843,0.61553843,1,1,1.2623119,1.2623119,1,1,1.825277,1.825277,1,1,1.8878739,1.8878739,1,1,2.0928465,2.0928465
0b_color_jitter_best,file,15,baseline_color_jitter,1103,020.Yellow_breasted_Chat/Yellow_Breasted_Chat_0012_21961.jpg,20,19,020.Yellow_breasted_Chat,200,199,color_jitter,color_jitter,0,"{""brightness"":1.134761,""contrast"":1.029855,""hue"":-0.053014,""saturation"":1.291177}",0.031085687,0.085604921,0.054519234,0.96939248,0.91795683,0.0078002932,0.0095487544,0.96159219,0.90840807,-0.053184111,0.81333952,3.1293109,3.7367866,11.693567,False,0.98765188,True,True,True,0.81333952,3.1293109,3.7367866,11.693567,0.80692407,3.1306416,3.6397843,11.39486,0.93314359,3.1045703,0.84589866,2.6261519,0.71132496,2.6892929,0.61553843,1.6553631,0.77010323,3.2461506,1.2623119,4.0976546,0.81926354,3.1480528,1.825277,5.7460684,0.79057812,3.3783979,1.8878739,6.3779894,0.84073417,2.8913244,2.0928465,6.0510981
0b_color_jitter_best,file,15,baseline_color_jitter,9607,164.Cerulean_Warbler/Cerulean_Warbler_0060_797209.jpg,164,163,164.Cerulean_Warbler,160,159,identity,identity,0,{},0.0067494507,0.0067494507,0,0.99327326,0.99327326,0.0026971488,0.0026971488,0.99057611,0.99057611,0,1,1,1.2935431,1.2935431,False,1.0000001,True,True,True,1,1,1.2935431,1.2935431,1,1,1.2745165,1.2745165,1,1,0.22104628,0.22104628,1,1,0.21665053,0.21665053,1,1,0.56633256,0.56633256,1,1,0.75426161,0.75426161,1,1,0.60206869,0.60206869,1,1,0.57037279,0.57037279
0b_color_jitter_best,file,15,baseline_color_jitter,9607,164.Cerulean_Warbler/Cerulean_Warbler_0060_797209.jpg,164,163,164.Cerulean_Warbler,160,159,color_jitter,color_jitter,0,"{""brightness"":1.178304,""contrast"":1.191064,""hue"":-0.00968,""saturation"":0.675595}",0.0067494507,0.0096667754,0.0029173247,0.99327326,0.99037981,0.0026971488,0.0031966206,0.99057611,0.98718319,-0.0033929197,0.92105346,1.3729437,1.2935431,1.7759619,False,0.99359816,True,True,True,0.92105346,1.3729437,1.2935431,1.7759619,0.91896426,1.3733113,1.2745165,1.750308,0.99119228,1.3606666,0.22104628,0.30077029,0.82907707,1.4813188,0.21665053,0.3209285,0.90885512,1.3110857,0.56633256,0.74251049,0.93291353,1.3590977,0.75426161,1.0251152,0.91138258,1.3890427,0.60206869,0.8362991,0.92862112,1.4232628,0.57037279,0.81179037
0b_color_jitter_best,file,15,baseline_color_jitter,1186,022.Chuck_will_Widow/Chuck_Will_Widow_0007_796958.jpg,22,21,022.Chuck_will_Widow,105,104,identity,identity,0,{},0.024304647,0.024304647,0,0.97598833,0.97598833,0.012614891,0.012614891,0.96337344,0.96337344,0,1,1,4.4745609,4.4745609,False,0.99999994,True,True,True,1,1,4.4745609,4.4745609,1,1,4.378932,4.378932,1,1,0.92013552,0.92013552,1,1,0.65189674,0.65189674,1,1,1.720065,1.720065,1,1,2.3427452,2.3427452,1,1,2.4446523,2.4446523,1,1,2.0800656,2.0800656
0b_color_jitter_best,file,15,baseline_color_jitter,1186,022.Chuck_will_Widow/Chuck_Will_Widow_0007_796958.jpg,22,21,022.Chuck_will_Widow,105,104,color_jitter,color_jitter,0,"{""brightness"":0.889117,""contrast"":1.107581,""hue"":-0.06314,""saturation"":1.145098}",0.024304647,0.011242848,-0.013061799,0.97598833,0.98882014,0.012614891,0.0054388582,0.96337344,0.98338128,0.02000784,0.88840843,0.44089212,4.4745609,1.9727986,False,0.98372024,True,True,True,0.88840843,0.44089212,4.4745609,1.9727986,0.88405284,0.4395225,4.378932,1.9246391,0.98250284,0.47084583,0.92013552,0.43324198,0.80416312,0.46215928,0.65189674,0.30128012,0.8037214,0.37854416,1.720065,0.65112057,0.88324152,0.43752656,2.3427452,1.0250133,0.90783736,0.4511241,2.4446523,1.1028416,0.91295822,0.46177334,2.0800656,0.96051883
0b_color_jitter_best,file,15,baseline_color_jitter,7585,130.Tree_Sparrow/Tree_Sparrow_0041_123497.jpg,130,129,130.Tree_Sparrow,196,195,identity,identity,0,{},4.0252662,4.0252662,0,0.017858673,0.017858673,0.11509129,0.11509129,-0.097232614,-0.097232614,0,1,1,147.81088,147.81088,False,0.99999988,True,False,False,1,1,147.81088,147.81088,1,1,145.59562,145.59562,1,1,25.494577,25.494577,1,1,40.957638,40.957638,1,1,73.415112,73.415112,1,1,74.996518,74.996518,1,1,67.649982,67.649982,1,1,62.68795,62.68795
0b_color_jitter_best,file,15,baseline_color_jitter,7585,130.Tree_Sparrow/Tree_Sparrow_0041_123497.jpg,130,129,130.Tree_Sparrow,196,195,color_jitter,color_jitter,0,"{""brightness"":1.314646,""contrast"":1.053178,""hue"":0.051403,""saturation"":1.109298}",4.0252662,3.803699,-0.22156715,0.017858673,0.02228817,0.11509129,0.0859432,-0.097232614,-0.06365503,0.033577584,0.86298454,1.0207633,147.81088,150.87993,False,0.97717822,False,False,False,0.86298454,1.0207633,147.81088,150.87993,0.85973275,1.0211479,145.59562,148.67466,0.97047461,1.0081415,25.494577,25.70214,0.8904608,1.4012307,40.957638,57.3911,0.84627325,1.0081324,73.415112,74.012152,0.86698734,0.9863654,74.996518,73.973971,0.86217976,0.94992851,67.649982,64.262647,0.87766946,0.97435171,62.68795,61.080111
0b_color_jitter_best,file,15,baseline_color_jitter,1286,023.Brandt_Cormorant/Brandt_Cormorant_0063_22865.jpg,23,22,023.Brandt_Cormorant,24,23,identity,identity,0,{},1.5254729,1.5254729,0,0.21751818,0.21751818,0.066999778,0.066999778,0.1505184,0.1505184,0,1,1,98.49963,98.49963,False,0.99999994,True,True,True,1,1,98.49963,98.49963,1,1,96.712327,96.712327,1,1,18.678941,18.678941,1,1,22.268649,22.268649,1,1,42.587234,42.587234,1,1,46.749309,46.749309,1,1,46.728018,46.728018,1,1,51.717535,51.717535
0b_color_jitter_best,file,15,baseline_color_jitter,1286,023.Brandt_Cormorant/Brandt_Cormorant_0063_22865.jpg,23,22,023.Brandt_Cormorant,24,23,color_jitter,color_jitter,0,"{""brightness"":1.187783,""contrast"":1.007096,""hue"":0.099264,""saturation"":0.640056}",1.5254729,1.6168127,0.091339827,0.21751818,0.19853047,0.066999778,0.067359038,0.1505184,0.13117143,-0.019346975,0.8805566,1.0269848,98.49963,101.15762,False,0.99051124,True,True,True,0.8805566,1.0269848,98.49963,101.15762,0.87632859,1.0250333,96.712327,99.133357,0.9894072,1.0779837,18.678941,20.135594,0.59608349,1.0834554,22.268649,24.127088,0.78014161,0.8803573,42.587234,37.491982,0.90629557,1.0737399,46.749309,50.196599,0.91616662,1.0602855,46.728018,49.545039,0.93486094,1.035007,51.717535,53.52801
0b_color_jitter_best,file,15,baseline_color_jitter,4426,076.Dark_eyed_Junco/Dark_Eyed_Junco_0096_68514.jpg,76,75,076.Dark_eyed_Junco,79,78,identity,identity,0,{},0.22140971,0.22140971,0,0.80138826,0.80138826,0.046146546,0.046146546,0.75524172,0.75524172,0,1,1,34.559821,34.559821,False,1,True,True,True,1,1,34.559821,34.559821,1,1,33.948831,33.948831,1,1,6.4697858,6.4697858,1,1,6.6504071,6.6504071,1,1,13.632033,13.632033,1,1,18.977097,18.977097,1,1,17.492352,17.492352,1,1,16.010942,16.010942
0b_color_jitter_best,file,15,baseline_color_jitter,4426,076.Dark_eyed_Junco/Dark_Eyed_Junco_0096_68514.jpg,76,75,076.Dark_eyed_Junco,79,78,color_jitter,color_jitter,0,"{""brightness"":1.250656,""contrast"":1.00047,""hue"":0.07384,""saturation"":0.69346}",0.22140971,0.21660635,-0.0048033595,0.80138826,0.80524689,0.046146546,0.031107336,0.75524172,0.77413955,0.018897835,0.84385574,0.89775948,34.559821,31.026407,False,0.987104,True,True,True,0.84385574,0.89775948,34.559821,31.026407,0.83867207,0.89563361,33.948831,30.405714,0.97943275,0.95443494,6.4697858,6.1749896,0.83968214,1.1895457,6.6504071,7.9109634,0.7517954,0.87858841,13.632033,11.976947,0.82751984,0.83816294,18.977097,15.9059,0.85247872,0.87590992,17.492352,15.321725,0.90677193,0.94870122,16.010942,15.1896
0b_color_jitter_best,file,15,baseline_color_jitter,3621,063.Ivory_Gull/Ivory_Gull_0089_49699.jpg,63,62,063.Ivory_Gull,60,59,identity,identity,0,{},0.014907625,0.014907625,0,0.98520297,0.98520297,0.0021163279,0.0021163279,0.98308664,0.98308664,0,1,1,3.1916154,3.1916154,False,1,True,True,True,1,1,3.1916154,3.1916154,1,1,3.1609033,3.1609033,1,1,0.4417001,0.4417001,1,1,0.83117027,0.83117027,1,1,1.3166668,1.3166668,1,1,1.8553252,1.8553252,1,1,1.4743407,1.4743407,1,1,1.3967612,1.3967612
0b_color_jitter_best,file,15,baseline_color_jitter,3621,063.Ivory_Gull/Ivory_Gull_0089_49699.jpg,63,62,063.Ivory_Gull,60,59,color_jitter,color_jitter,0,"{""brightness"":1.132275,""contrast"":1.170446,""hue"":-0.088355,""saturation"":1.029595}",0.014907625,0.058562223,0.043654598,0.98520297,0.94311953,0.0021163279,0.0046621216,0.98308664,0.9384574,-0.044629236,0.79345962,3.8353513,3.1916154,12.240966,False,0.96546662,True,True,True,0.79345962,3.8353513,3.1916154,12.240966,0.79036348,3.8363337,3.1609033,12.12628,0.95425233,3.7847011,0.4417001,1.6717028,0.56259107,3.3815197,0.83117027,2.8106186,0.74383312,3.7838828,1.3166668,4.9821129,0.80686427,3.7880669,1.8553252,7.0280961,0.78549611,3.9789324,1.4743407,5.8663018,0.87948715,3.9550858,1.3967612,5.5243105
0b_color_jitter_best,file,15,baseline_color_jitter,3866,067.Anna_Hummingbird/Anna_Hummingbird_0127_56520.jpg,67,66,067.Anna_Hummingbird,69,68,identity,identity,0,{},0.049401417,0.049401417,0,0.95179898,0.95179898,0.0211886,0.0211886,0.93061038,0.93061038,0,1,1,9.7969227,9.7969227,False,1,True,True,True,1,1,9.7969227,9.7969227,1,1,9.6655206,9.6655206,1,1,1.5991891,1.5991891,1,1,2.1428221,2.1428221,1,1,4.6601793,4.6601793,1,1,5.5557387,5.5557387,1,1,4.6752793,4.6752793,1,1,3.7932653,3.7932653
0b_color_jitter_best,file,15,baseline_color_jitter,3866,067.Anna_Hummingbird/Anna_Hummingbird_0127_56520.jpg,67,66,067.Anna_Hummingbird,69,68,color_jitter,color_jitter,0,"{""brightness"":0.609444,""contrast"":1.389755,""hue"":0.030631,""saturation"":0.602028}",0.049401417,0.10640854,0.057007127,0.95179898,0.89905727,0.0211886,0.062146112,0.93061038,0.83691116,-0.093699219,0.82513062,2.4832773,9.7969227,24.328476,False,0.96671712,True,True,True,0.82513062,2.4832773,9.7969227,24.328476,0.82190122,2.4841976,9.6655206,24.011063,0.94485555,2.4494251,1.5991891,3.917094,0.69963006,3.7401151,2.1428221,8.0144012,0.77637367,2.6062695,4.6601793,12.145683,0.87415724,2.3584845,5.5557387,13.103123,0.84174069,2.3168083,4.6752793,10.831726,0.86391132,2.2946707,3.7932653,8.7042946
0b_color_jitter_best,file,15,baseline_color_jitter,9639,164.Cerulean_Warbler/Cerulean_Warbler_0078_163271.jpg,164,163,164.Cerulean_Warbler,153,152,identity,identity,0,{},2.0308764,2.0308764,0,0.13122047,0.13122047,0.44614127,0.44614127,-0.3149208,-0.3149208,0,1,1,167.64967,167.64967,False,1,True,False,False,1,1,167.64967,167.64967,1,1,165.38066,165.38066,1,1,27.489047,27.489047,1,1,35.222665,35.222665,1,1,78.862115,78.862115,1,1,95.904353,95.904353,1,1,75.263375,75.263375,1,1,70.91314,70.91314
0b_color_jitter_best,file,15,baseline_color_jitter,9639,164.Cerulean_Warbler/Cerulean_Warbler_0078_163271.jpg,164,163,164.Cerulean_Warbler,153,152,color_jitter,color_jitter,0,"{""brightness"":0.697682,""contrast"":0.930653,""hue"":0.073765,""saturation"":1.153727}",2.0308764,2.7397256,0.70884919,0.13122047,0.064588062,0.44614127,0.56336755,-0.3149208,-0.49877948,-0.18385869,0.87589248,1.2821076,167.64967,214.9449,False,0.9789288,True,False,False,0.87589248,1.2821076,167.64967,214.9449,0.87375937,1.2866731,165.38066,212.79085,0.97587964,1.1042225,27.489047,30.354026,0.66752893,1.4731898,35.222665,51.88967,0.82777391,1.3862791,78.862115,109.32491,0.90724543,1.2946641,95.904353,124.16392,0.90126498,1.2210164,75.263375,91.897816,0.91756089,1.1606,70.91314,82.301787
0b_color_jitter_best,file,15,baseline_color_jitter,8083,138.Tree_Swallow/Tree_Swallow_0017_135062.jpg,138,137,138.Tree_Swallow,111,110,identity,identity,0,{},0.10393841,0.10393841,0,0.90128082,0.90128082,0.071915761,0.071915761,0.82936506,0.82936506,0,1,1,13.924361,13.924361,False,1,True,True,True,1,1,13.924361,13.924361,1,1,13.618833,13.618833,1,1,2.900901,2.900901,1,1,2.6366286,2.6366286,1,1,5.8297707,5.8297707,1,1,7.0865535,7.0865535,1,1,6.6233331,6.6233331,1,1,7.10259,7.10259
0b_color_jitter_best,file,15,baseline_color_jitter,8083,138.Tree_Swallow/Tree_Swallow_0017_135062.jpg,138,137,138.Tree_Swallow,111,110,color_jitter,color_jitter,0,"{""brightness"":0.63462,""contrast"":0.906647,""hue"":0.012937,""saturation"":0.692295}",0.10393841,0.053515632,-0.050422776,0.90128082,0.94789112,0.071915761,0.036148403,0.82936506,0.91174271,0.082377654,0.87705563,0.57924891,13.924361,8.0656709,False,0.98991752,True,True,True,0.87705563,0.57924891,13.924361,8.0656709,0.87260589,0.58153393,13.618833,7.9198133,0.98959228,0.52637415,2.900901,1.5269593,0.76930156,0.76449897,2.6366286,2.0156999,0.80428043,0.64057597,5.8297707,3.734411,0.88523069,0.56809899,7.0865535,4.0258639,0.90207726,0.55108964,6.6233331,3.6500503,0.91978072,0.54862819,7.10259,3.8966811
0b_color_jitter_best,file,15,baseline_color_jitter,1436,026.Bronzed_Cowbird/Bronzed_Cowbird_0002_796244.jpg,26,25,026.Bronzed_Cowbird,108,107,identity,identity,0,{},3.6624668,3.6624668,0,0.025669117,0.025669117,0.51654136,0.51654136,-0.49087225,-0.49087225,0,1,1,286.02867,286.02867,False,1,True,False,False,1,1,286.02867,286.02867,1,1,283.03295,283.03295,1,1,41.288649,41.288649,1,1,129.31864,129.31864,1,1,158.63709,158.63709,1,1,119.75958,119.75958,1,1,106.5937,106.5937,1,1,111.86618,111.86618
0b_color_jitter_best,file,15,baseline_color_jitter,1436,026.Bronzed_Cowbird/Bronzed_Cowbird_0002_796244.jpg,26,25,026.Bronzed_Cowbird,108,107,color_jitter,color_jitter,0,"{""brightness"":1.2226,""contrast"":0.67149,""hue"":-0.000587,""saturation"":0.936647}",3.6624668,3.338249,-0.3242178,0.025669117,0.035499066,0.51654136,0.49519351,-0.49087225,-0.45969445,0.0311778,0.91187078,1.0518913,286.02867,300.87108,False,0.99533558,True,False,False,0.91187078,1.0518913,286.02867,300.87108,0.9102634,1.0530107,283.03295,298.03671,0.99286867,0.99787896,41.288649,41.201074,0.9272826,0.7877807,129.31864,101.87473,0.90847516,1.2309261,158.63709,195.27053,0.90831149,1.0066648,119.75958,120.55775,0.92062465,1.0291342,106.5937,109.69922,0.95655684,1.0481727,111.86618,117.25507
0b_color_jitter_best,file,15,baseline_color_jitter,5050,087.Mallard/Mallard_0053_75985.jpg,87,86,087.Mallard,137,136,identity,identity,0,{},0.48211852,0.48211852,0,0.6174739,0.6174739,0.060302436,0.060302436,0.55717146,0.55717146,0,1,1,57.810535,57.810535,False,1,True,True,True,1,1,57.810535,57.810535,1,1,56.618521,56.618521,1,1,11.679085,11.679085,1,1,12.553407,12.553407,1,1,20.537544,20.537544,1,1,26.14621,26.14621,1,1,28.896319,28.896319,1,1,33.281475,33.281475
0b_color_jitter_best,file,15,baseline_color_jitter,5050,087.Mallard/Mallard_0053_75985.jpg,87,86,087.Mallard,137,136,color_jitter,color_jitter,0,"{""brightness"":1.008479,""contrast"":0.637498,""hue"":0.019003,""saturation"":1.049454}",0.48211852,1.0127559,0.53063735,0.6174739,0.36321661,0.060302436,0.20177898,0.55717146,0.16143763,-0.39573383,0.88848517,1.8360713,57.810535,106.14426,False,0.98374361,True,True,True,0.88848517,1.8360713,57.810535,106.14426,0.88556257,1.8420907,56.618521,104.29645,0.96666745,1.6884362,11.679085,19.719389,0.82930625,1.8201902,12.553407,22.849589,0.83209965,2.2599307,20.537544,46.413426,0.88045714,1.8361866,26.14621,48.00932,0.9028479,1.797579,28.896319,51.943416,0.92334479,1.6992827,33.281475,56.554636
0b_color_jitter_best,file,15,baseline_color_jitter,6935,119.Field_Sparrow/Field_Sparrow_0102_113595.jpg,119,118,119.Field_Sparrow,118,117,identity,identity,0,{},1.2082725,1.2082725,0,0.29871285,0.29871285,0.13795413,0.13795413,0.16075872,0.16075872,0,1,1,88.050842,88.050842,False,1,True,True,True,1,1,88.050842,88.050842,1,1,86.549293,86.549293,1,1,16.191684,16.191684,1,1,16.685119,16.685119,1,1,38.462177,38.462177,1,1,47.320877,47.320877,1,1,42.700037,42.700037,1,1,40.871621,40.871621
0b_color_jitter_best,file,15,baseline_color_jitter,6935,119.Field_Sparrow/Field_Sparrow_0102_113595.jpg,119,118,119.Field_Sparrow,118,117,color_jitter,color_jitter,0,"{""brightness"":1.095902,""contrast"":0.875034,""hue"":0.048434,""saturation"":1.375828}",1.2082725,1.2224264,0.014153957,0.29871285,0.29451469,0.13795413,0.11130255,0.16075872,0.18321214,0.02245342,0.75843319,0.98190574,88.050842,86.457627,False,0.95190752,True,True,True,0.75843319,0.98190574,88.050842,86.457627,0.75166486,0.97387496,86.549293,84.28819,0.93136284,1.1886571,16.191684,19.246359,0.62034817,0.8876815,16.685119,14.811072,0.71251021,0.95495656,38.462177,36.729708,0.71068805,0.92660429,47.320877,43.847727,0.77297199,1.0104319,42.700037,43.145479,0.83293689,1.0240786,40.871621,41.855753
0b_color_jitter_best,file,15,baseline_color_jitter,11423,194.Cactus_Wren/Cactus_Wren_0098_185637.jpg,194,193,194.Cactus_Wren,121,120,identity,identity,0,{},0.1381053,0.1381053,0,0.87100697,0.87100697,0.037305903,0.037305903,0.83370106,0.83370106,0,1,1,24.591567,24.591567,False,1,True,True,True,1,1,24.591567,24.591567,1,1,24.293644,24.293644,1,1,3.8162865,3.8162865,1,1,5.9256123,5.9256123,1,1,11.946726,11.946726,1,1,14.817252,14.817252,1,1,10.260888,10.260888,1,1,9.3545277,9.3545277
0b_color_jitter_best,file,15,baseline_color_jitter,11423,194.Cactus_Wren/Cactus_Wren_0098_185637.jpg,194,193,194.Cactus_Wren,121,120,color_jitter,color_jitter,0,"{""brightness"":0.844975,""contrast"":1.251949,""hue"":0.062354,""saturation"":0.948702}",0.1381053,0.07952939,-0.058575913,0.87100697,0.9235509,0.037305903,0.013726637,0.83370106,0.90982427,0.076123204,0.93840389,0.60114219,24.591567,14.783029,False,0.99335402,True,True,True,0.93840389,0.60114219,24.591567,14.783029,0.93730519,0.60193163,24.293644,14.623113,0.98708995,0.56822972,3.8162865,2.1685274,0.89435067,0.49552639,5.9256123,2.9362973,0.94083734,0.59733745,11.946726,7.1362271,0.95054287,0.61362364,14.817252,9.0922164,0.92466946,0.61689404,10.260888,6.3298808,0.93420836,0.60047092,9.3545277,5.6171218
0b_color_jitter_best,file,15,baseline_color_jitter,11347,193.Bewick_Wren/Bewick_Wren_0010_185142.jpg,193,192,193.Bewick_Wren,195,194,identity,identity,0,{},0.49552137,0.49552137,0,0.60925317,0.60925317,0.35863194,0.35863194,0.25062123,0.25062123,0,1,1,85.013611,85.013611,False,1,True,True,True,1,1,85.013611,85.013611,1,1,83.476514,83.476514,1,1,16.093031,16.093031,1,1,21.59055,21.59055,1,1,48.334883,48.334883,1,1,40.827789,40.827789,1,1,34.663728,34.663728,1,1,36.019901,36.019901
0b_color_jitter_best,file,15,baseline_color_jitter,11347,193.Bewick_Wren/Bewick_Wren_0010_185142.jpg,193,192,193.Bewick_Wren,195,194,color_jitter,color_jitter,0,"{""brightness"":0.654146,""contrast"":1.036709,""hue"":-0.044732,""saturation"":0.760377}",0.49552137,0.45740911,-0.038112253,0.60925317,0.63292134,0.35863194,0.3339141,0.25062123,0.29900724,0.048386008,0.92747008,0.97914425,85.013611,83.240589,False,0.99639255,True,True,True,0.92747008,0.97914425,85.013611,83.240589,0.92501519,0.98031131,83.476514,81.832971,0.99635906,0.94720335,16.093031,15.243373,0.90155141,1.3871685,21.59055,29.949729,0.9252215,0.98825456,48.334883,47.767169,0.92440243,0.88785373,40.827789,36.249105,0.93954528,0.94425695,34.663728,32.731466,0.96159827,0.93432026,36.019901,33.654123
0b_color_jitter_best,file,15,baseline_color_jitter,10212,174.Palm_Warbler/Palm_Warbler_0054_169175.jpg,174,173,174.Palm_Warbler,173,172,identity,identity,0,{},0.1575838,0.1575838,0,0.85420525,0.85420525,0.10266835,0.10266835,0.7515369,0.7515369,0,1,1,27.887065,27.887065,False,1,True,True,True,1,1,27.887065,27.887065,1,1,27.383218,27.383218,1,1,5.2771,5.2771,1,1,6.8177333,6.8177333,1,1,13.058911,13.058911,1,1,15.400077,15.400077,1,1,12.433019,12.433019,1,1,11.877779,11.877779
0b_color_jitter_best,file,15,baseline_color_jitter,10212,174.Palm_Warbler/Palm_Warbler_0054_169175.jpg,174,173,174.Palm_Warbler,173,172,color_jitter,color_jitter,0,"{""brightness"":0.96123,""contrast"":1.331492,""hue"":-0.093745,""saturation"":1.055467}",0.1575838,0.23070689,0.073123083,0.85420525,0.79397213,0.10266835,0.1288289,0.7515369,0.66514324,-0.086393662,0.85001137,1.372503,27.887065,38.27508,False,0.98300236,True,True,True,0.85001137,1.372503,27.887065,38.27508,0.84524559,1.3734004,27.383218,37.608123,0.9808853,1.348114,5.2771,7.1141322,0.80171058,1.9514195,6.8177333,13.304258,0.7782703,1.2844614,13.058911,16.773667,0.87177097,1.3398742,15.400077,20.634166,0.86889024,1.3597636,12.433019,16.905966,0.90258076,1.3162643,11.877779,15.634296
0b_color_jitter_best,file,15,baseline_color_jitter,6587,113.Baird_Sparrow/Baird_Sparrow_0045_794571.jpg,113,112,113.Baird_Sparrow,123,122,identity,identity,0,{},0.001106127,0.001106127,0,0.99889451,0.99889451,0.00048029263,0.00048029263,0.99841422,0.99841422,0,1,1,0.18642185,0.18642185,False,1.0000001,True,True,True,1,1,0.18642185,0.18642185,1,1,0.18069397,0.18069397,1,1,0.045856262,0.045856262,1,1,0.044681725,0.044681725,1,1,0.074790856,0.074790856,1,1,0.10616483,0.10616483,1,1,0.086846656,0.086846656,1,1,0.079037143,0.079037143
0b_color_jitter_best,file,15,baseline_color_jitter,6587,113.Baird_Sparrow/Baird_Sparrow_0045_794571.jpg,113,112,113.Baird_Sparrow,123,122,color_jitter,color_jitter,0,"{""brightness"":1.318976,""contrast"":1.293288,""hue"":-0.057275,""saturation"":1.073505}",0.001106127,0.00070463622,-0.00040149083,0.99889451,0.99929559,0.00048029263,0.00025775793,0.99841422,0.99903783,0.00062361435,0.76935784,0.52885807,0.18642185,0.098590701,False,0.97453266,True,True,True,0.76935784,0.52885807,0.18642185,0.098590701,0.7550784,0.52431896,0.18069397,0.094741275,0.97049283,0.59490989,0.045856262,0.027280344,0.74991779,0.54690999,0.044681725,0.024436882,0.5934214,0.48739595,0.074790856,0.03645276,0.7508845,0.46684635,0.10616483,0.049562662,0.7904479,0.54497121,0.086846656,0.047328927,0.85794241,0.61379328,0.079037143,0.048512467
0b_color_jitter_best,file,15,baseline_color_jitter,6137,105.Whip_poor_Will/Whip_Poor_Will_0003_796409.jpg,105,104,105.Whip_poor_Will,22,21,identity,identity,0,{},0.023844507,0.023844507,0,0.97643751,0.97643751,0.013246284,0.013246284,0.96319123,0.96319123,0,1,1,5.8606339,5.8606339,False,1,True,True,True,1,1,5.8606339,5.8606339,1,1,5.7844222,5.7844222,1,1,0.94206655,0.94206655,1,1,1.1446207,1.1446207,1,1,2.46289,2.46289,1,1,3.3327636,3.3327636,1,1,3.0049913,3.0049913,1,1,2.4384975,2.4384975
0b_color_jitter_best,file,15,baseline_color_jitter,6137,105.Whip_poor_Will/Whip_Poor_Will_0003_796409.jpg,105,104,105.Whip_poor_Will,22,21,color_jitter,color_jitter,0,"{""brightness"":0.965609,""contrast"":0.790348,""hue"":-0.049851,""saturation"":1.152035}",0.023844507,0.040942226,0.017097719,0.97643751,0.95988458,0.013246284,0.022722382,0.96319123,0.9371622,-0.026029023,0.9277749,1.9037495,5.8606339,11.157179,False,0.99155068,True,True,True,0.9277749,1.9037495,5.8606339,11.157179,0.92651123,1.9097916,5.7844222,11.047041,0.99151095,1.6599874,0.94206655,1.5638186,0.93124135,1.9832638,1.1446207,2.2700847,0.90139722,2.0453275,2.46289,5.0374167,0.92387146,1.9654221,3.3327636,6.5502871,0.94070221,1.8438741,3.0049913,5.5408256,0.94698788,1.7350796,2.4384975,4.2309874
0b_color_jitter_best,file,15,baseline_color_jitter,11074,189.Red_bellied_Woodpecker/Red_Bellied_Woodpecker_0066_182253.jpg,189,188,189.Red_bellied_Woodpecker,36,35,identity,identity,0,{},0.00020299281,0.00020299281,0,0.99979705,0.99979705,4.649354e-05,4.649354e-05,0.99975055,0.99975055,0,1,1,0.025797312,0.025797312,False,0.99999994,True,True,True,1,1,0.025797312,0.025797312,1,1,0.024954089,0.024954089,1,1,0.006541766,0.006541766,1,1,0.0044783539,0.0044783539,1,1,0.0072544546,0.0072544546,1,1,0.010522219,0.010522219,1,1,0.011829153,0.011829153,1,1,0.017302539,0.017302539
0b_color_jitter_best,file,15,baseline_color_jitter,11074,189.Red_bellied_Woodpecker/Red_Bellied_Woodpecker_0066_182253.jpg,189,188,189.Red_bellied_Woodpecker,36,35,color_jitter,color_jitter,0,"{""brightness"":1.069032,""contrast"":1.172644,""hue"":-0.016749,""saturation"":1.374802}",0.00020299281,0.00022277735,1.9784537e-05,0.99979705,0.99977726,4.649354e-05,4.237851e-05,0.99975055,0.99973488,-1.5673711e-05,0.92397766,1.088798,0.025797312,0.028088062,False,0.99745136,True,True,True,0.92397766,1.088798,0.025797312,0.028088062,0.91901422,1.0889692,0.024954089,0.027174235,0.99638053,1.0863041,0.006541766,0.0071063472,0.90395141,0.95342138,0.0044783539,0.0042697583,0.76180422,0.98415876,0.0072544546,0.0071395351,0.87965707,1.0954337,0.010522219,0.011526393,0.90567417,1.0977663,0.011829153,0.012985646,0.96634968,1.1083242,0.017302539,0.019176823
0b_color_jitter_best,file,15,baseline_color_jitter,7561,129.Song_Sparrow/Song_Sparrow_0135_121261.jpg,129,128,129.Song_Sparrow,131,130,identity,identity,0,{},0.051298086,0.051298086,0,0.94999546,0.94999546,0.024698887,0.024698887,0.92529657,0.92529657,0,1,1,9.8592475,9.8592475,False,1,True,True,True,1,1,9.8592475,9.8592475,1,1,9.69153,9.69153,1,1,1.8108031,1.8108031,1,1,1.3996658,1.3996658,1,1,3.6019089,3.6019089,1,1,6.0360293,6.0360293,1,1,4.6956294,4.6956294,1,1,4.528836,4.528836
0b_color_jitter_best,file,15,baseline_color_jitter,7561,129.Song_Sparrow/Song_Sparrow_0135_121261.jpg,129,128,129.Song_Sparrow,131,130,color_jitter,color_jitter,0,"{""brightness"":0.984724,""contrast"":0.669906,""hue"":0.054646,""saturation"":0.659232}",0.051298086,0.09480463,0.043506544,0.94999546,0.90955061,0.024698887,0.051021773,0.92529657,0.85852883,-0.066767737,0.87452437,2.1930625,9.8592475,21.621945,False,0.98397249,True,True,True,0.87452437,2.1930625,9.8592475,21.621945,0.87185844,2.2034938,9.69153,21.355226,0.97600344,1.8697124,1.8108031,3.3856809,0.69576138,2.0838541,1.3996658,2.9166993,0.7268343,2.5261167,3.6019089,9.098842,0.90116462,2.2343846,6.0360293,13.486811,0.90029315,2.1179707,4.6956294,9.9452053,0.9249187,2.0231112,4.528836,9.1623391
0b_color_jitter_best,file,15,baseline_color_jitter,5796,099.Ovenbird/Ovenbird_0054_92594.jpg,99,98,099.Ovenbird,104,103,identity,identity,0,{},0.038439207,0.038439207,0,0.96229023,0.96229023,0.012090998,0.012090998,0.95019923,0.95019923,0,1,1,6.7968914,6.7968914,False,1,True,True,True,1,1,6.7968914,6.7968914,1,1,6.7157123,6.7157123,1,1,1.0473493,1.0473493,1,1,1.4401231,1.4401231,1,1,3.8600665,3.8600665,1,1,3.3216863,3.3216863,1,1,2.998151,2.998151,1,1,2.8467903,2.8467903
0b_color_jitter_best,file,15,baseline_color_jitter,5796,099.Ovenbird/Ovenbird_0054_92594.jpg,99,98,099.Ovenbird,104,103,color_jitter,color_jitter,0,"{""brightness"":0.957141,""contrast"":1.027234,""hue"":-0.069727,""saturation"":1.121134}",0.038439207,0.04465501,0.0062158033,0.96229023,0.95632738,0.012090998,0.015883351,0.95019923,0.94044403,-0.0097552016,0.84081826,1.1324324,6.7968914,7.6970199,False,0.98670614,True,True,True,0.84081826,1.1324324,6.7968914,7.6970199,0.83739753,1.1322827,6.7157123,7.6040852,0.98069801,1.1385679,1.0473493,1.1924783,0.77656979,1.2290273,1.4401231,1.7699507,0.85482085,1.0867141,3.8600665,4.1947887,0.75068587,1.1108639,3.3216863,3.6899416,0.86458574,1.1697733,2.998151,3.507157,0.90887917,1.1743925,2.8467903,3.3432491
0b_color_jitter_best,file,15,baseline_color_jitter,2455,043.Yellow_bellied_Flycatcher/Yellow_Bellied_Flycatcher_0049_42593.jpg,43,42,043.Yellow_bellied_Flycatcher,37,36,identity,identity,0,{},2.9883826,2.9883826,0,0.050368834,0.050368834,0.15838231,0.15838231,-0.10801348,-0.10801348,0,1,1,156.63025,156.63025,False,1,True,False,False,1,1,156.63025,156.63025,1,1,153.44086,153.44086,1,1,31.447386,31.447386,1,1,33.708612,33.708612,1,1,73.817591,73.817591,1,1,84.320301,84.320301,1,1,71.098943,71.098943,1,1,69.237405,69.237405
0b_color_jitter_best,file,15,baseline_color_jitter,2455,043.Yellow_bellied_Flycatcher/Yellow_Bellied_Flycatcher_0049_42593.jpg,43,42,043.Yellow_bellied_Flycatcher,37,36,color_jitter,color_jitter,0,"{""brightness"":0.624555,""contrast"":0.995681,""hue"":-0.095893,""saturation"":0.767727}",2.9883826,4.125978,1.1375954,0.050368834,0.016147694,0.15838231,0.13775954,-0.10801348,-0.12161184,-0.013598366,0.74135685,1.5193465,156.63025,237.97563,False,0.96371019,False,False,False,0.74135685,1.5193465,156.63025,237.97563,0.73673259,1.5317641,153.44086,235.03521,0.90718002,1.1859214,31.447386,37.294127,0.20746524,1.9573221,33.708612,65.97861,0.76168581,1.8593892,73.817591,137.25563,0.78014333,1.355089,84.320301,114.26151,0.78852433,1.4051404,71.098943,99.903999,0.80228935,1.3711601,69.237405,94.935567
0b_color_jitter_best,file,15,baseline_color_jitter,10437,178.Swainson_Warbler/Swainson_Warbler_0034_794890.jpg,178,177,178.Swainson_Warbler,195,194,identity,identity,0,{},0.26054168,0.26054168,0,0.77063406,0.77063406,0.11737905,0.11737905,0.65325501,0.65325501,0,1,1,56.096839,56.096839,False,0.99999988,True,True,True,1,1,56.096839,56.096839,1,1,55.351489,55.351489,1,1,9.1141627,9.1141627,1,1,16.195148,16.195148,1,1,27.532612,27.532612,1,1,29.529019,29.529019,1,1,25.845381,25.845381,1,1,22.439097,22.439097
0b_color_jitter_best,file,15,baseline_color_jitter,10437,178.Swainson_Warbler/Swainson_Warbler_0034_794890.jpg,178,177,178.Swainson_Warbler,195,194,color_jitter,color_jitter,0,"{""brightness"":0.694304,""contrast"":1.263476,""hue"":-0.012129,""saturation"":0.639959}",0.26054168,0.46959773,0.20905605,0.77063406,0.62525374,0.11737905,0.12482211,0.65325501,0.50043163,-0.15282338,0.88992994,1.5513267,56.096839,87.024526,False,0.9849807,True,True,True,0.88992994,1.5513267,56.096839,87.024526,0.88815163,1.5559558,55.351489,86.124473,0.97151087,1.3697058,9.1141627,12.483722,0.921895,1.9806933,16.195148,32.077621,0.8714977,1.70398,27.532612,46.915019,0.90057669,1.4877154,29.529019,43.930776,0.8890863,1.3698004,25.845381,35.403014,0.91063793,1.4121894,22.439097,31.688255
0b_color_jitter_best,file,15,baseline_color_jitter,5857,100.Brown_Pelican/Brown_Pelican_0011_94683.jpg,100,99,100.Brown_Pelican,25,24,identity,identity,0,{},1.3115501,1.3115501,0,0.26940215,0.26940215,0.58979964,0.58979964,-0.3203975,-0.3203975,0,1,1,114.84103,114.84103,False,0.99999994,True,False,False,1,1,114.84103,114.84103,1,1,112.36601,112.36601,1,1,23.713733,23.713733,1,1,28.577135,28.577135,1,1,41.609319,41.609319,1,1,53.669917,53.669917,1,1,57.558992,57.558992,1,1,62.326836,62.326836
0b_color_jitter_best,file,15,baseline_color_jitter,5857,100.Brown_Pelican/Brown_Pelican_0011_94683.jpg,100,99,100.Brown_Pelican,25,24,color_jitter,color_jitter,0,"{""brightness"":1.049924,""contrast"":0.824736,""hue"":0.096753,""saturation"":0.868464}",1.3115501,2.300004,0.98845387,0.26940215,0.10025844,0.58979964,0.78230333,-0.3203975,-0.68204489,-0.3616474,0.89366594,1.2508258,114.84103,143.64612,False,0.98782319,True,False,False,0.89366594,1.2508258,114.84103,143.64612,0.88946011,1.2500714,112.36601,140.46554,0.98687263,1.2676455,23.713733,30.060608,0.88946429,0.93529842,28.577135,26.728149,0.78920679,1.3292635,41.609319,55.30975,0.88525655,1.3058949,53.669917,70.087268,0.90779224,1.2559598,57.558992,72.291779,0.93301714,1.2238751,62.326836,76.280262
0b_color_jitter_best,file,15,baseline_color_jitter,3092,054.Blue_Grosbeak/Blue_Grosbeak_0067_36965.jpg,54,53,054.Blue_Grosbeak,14,13,identity,identity,0,{},0.11770907,0.11770907,0,0.88895464,0.88895464,0.099522263,0.099522263,0.78943238,0.78943238,0,1,1,20.926647,20.926647,False,0.99999994,True,True,True,1,1,20.926647,20.926647,1,1,20.500262,20.500262,1,1,4.2028354,4.2028354,1,1,4.337009,4.337009,1,1,9.357002,9.357002,1,1,10.737692,10.737692,1,1,10.059764,10.059764,1,1,9.8691797,9.8691797
0b_color_jitter_best,file,15,baseline_color_jitter,3092,054.Blue_Grosbeak/Blue_Grosbeak_0067_36965.jpg,54,53,054.Blue_Grosbeak,14,13,color_jitter,color_jitter,0,"{""brightness"":1.155167,""contrast"":1.0139,""hue"":0.042887,""saturation"":0.97532}",0.11770907,0.05835421,-0.05935486,0.88895464,0.94331574,0.099522263,0.048486855,0.78943238,0.89482889,0.10539651,0.94076008,0.47882917,20.926647,10.020289,False,0.99630618,True,True,True,0.94076008,0.47882917,20.926647,10.020289,0.93836679,0.47758645,20.500262,9.7906472,0.99600751,0.5074994,4.2028354,2.1329364,0.92659722,0.46511424,4.337009,2.0172046,0.88828175,0.4514632,9.357002,4.2243421,0.94580583,0.48024812,10.737692,5.1567565,0.95144868,0.49281106,10.059764,4.9575629,0.96187505,0.48353654,9.8691797,4.772109
0b_color_jitter_best,file,15,baseline_color_jitter,275,005.Crested_Auklet/Crested_Auklet_0075_785259.jpg,5,4,005.Crested_Auklet,89,88,identity,identity,0,{},3.8731599,3.8731599,0,0.020792561,0.020792561,0.38077268,0.38077268,-0.35998012,-0.35998012,0,1,1,134.75895,134.75895,False,0.99999994,True,False,False,1,1,134.75895,134.75895,1,1,131.62788,131.62788,1,1,28.880366,28.880366,1,1,30.326791,30.326791,1,1,59.114629,59.114629,1,1,74.787945,74.787945,1,1,58.437891,58.437891,1,1,62.477373,62.477373
0b_color_jitter_best,file,15,baseline_color_jitter,275,005.Crested_Auklet/Crested_Auklet_0075_785259.jpg,5,4,005.Crested_Auklet,89,88,color_jitter,color_jitter,0,"{""brightness"":0.943497,""contrast"":1.264143,""hue"":-0.007123,""saturation"":0.697073}",3.8731599,4.1627102,0.2895503,0.020792561,0.015565317,0.38077268,0.36413035,-0.35998012,-0.34856503,0.011415089,0.8917786,0.95476003,134.75895,128.66246,False,0.99009722,True,False,False,0.8917786,0.95476003,134.75895,128.66246,0.88700917,0.95138008,131.62788,125.22815,0.98616669,1.0224466,28.880366,29.528633,0.86511473,1.2613158,30.326791,38.251661,0.84687705,0.94170148,59.114629,55.668334,0.90086777,0.89075857,74.787945,66.618003,0.88913093,0.93570011,58.437891,54.680341,0.9222454,0.97254632,62.477373,60.762139
0b_color_jitter_best,file,15,baseline_color_jitter,823,015.Lazuli_Bunting/Lazuli_Bunting_0031_15018.jpg,15,14,015.Lazuli_Bunting,16,15,identity,identity,0,{},0.0071362131,0.0071362131,0,0.99288917,0.99288917,0.0046459814,0.0046459814,0.98824318,0.98824318,0,1,1,1.0895694,1.0895694,False,0.99999994,True,True,True,1,1,1.0895694,1.0895694,1,1,1.0630048,1.0630048,1,1,0.23912845,0.23912845,1,1,0.21605559,0.21605559,1,1,0.39900536,0.39900536,1,1,0.5267326,0.5267326,1,1,0.53775634,0.53775634,1,1,0.59788354,0.59788354
0b_color_jitter_best,file,15,baseline_color_jitter,823,015.Lazuli_Bunting/Lazuli_Bunting_0031_15018.jpg,15,14,015.Lazuli_Bunting,16,15,color_jitter,color_jitter,0,"{""brightness"":1.083719,""contrast"":0.841983,""hue"":0.044877,""saturation"":1.028267}",0.0071362131,0.01330568,0.0061694668,0.99288917,0.98678243,0.0046459814,0.0092913099,0.98824318,0.97749112,-0.010752063,0.93430752,1.9504731,1.0895694,2.1251759,False,0.99720109,True,True,True,0.93430752,1.9504731,1.0895694,2.1251759,0.93134845,1.9544211,1.0630048,2.077559,0.99625011,1.8707479,0.23912845,0.44734905,0.89965338,2.0714215,0.21605559,0.4475422,0.89378361,2.0560111,0.39900536,0.82035946,0.92463024,1.9932305,0.5267326,1.0498995,0.93383103,1.9193414,0.53775634,1.032138,0.95918038,1.8888674,0.59788354,1.1293227
0b_color_jitter_best,file,15,baseline_color_jitter,10795,184.Louisiana_Waterthrush/Louisiana_Waterthrush_0026_177503.jpg,184,183,184.Louisiana_Waterthrush,195,194,identity,identity,0,{},0.13655213,0.13655213,0,0.87236083,0.87236083,0.053854335,0.053854335,0.81850649,0.81850649,0,1,1,24.189577,24.189577,False,1,True,True,True,1,1,24.189577,24.189577,1,1,23.776768,23.776768,1,1,4.4498254,4.4498254,1,1,4.2845729,4.2845729,1,1,10.690523,10.690523,1,1,14.085236,14.085236,1,1,11.415395,11.415395,1,1,10.197291,10.197291
0b_color_jitter_best,file,15,baseline_color_jitter,10795,184.Louisiana_Waterthrush/Louisiana_Waterthrush_0026_177503.jpg,184,183,184.Louisiana_Waterthrush,195,194,color_jitter,color_jitter,0,"{""brightness"":0.850765,""contrast"":0.86375,""hue"":-0.02542,""saturation"":0.810981}",0.13655213,0.06434577,-0.072206356,0.87236083,0.93768072,0.053854335,0.012535044,0.81850649,0.92514568,0.10663919,0.89472383,0.49351323,24.189577,11.937877,False,0.99275661,True,True,True,0.89472383,0.49351323,24.189577,11.937877,0.89226704,0.49385318,23.776768,11.742233,0.96652492,0.48370652,4.4498254,2.1524096,0.82279545,0.64685508,4.2845729,2.7714977,0.86842681,0.5350797,10.690523,5.7202821,0.89867907,0.47837666,14.085236,6.738048,0.90482183,0.47581742,11.415395,5.4316436,0.92558203,0.46592,10.197291,4.7511219
0b_color_jitter_best,file,15,baseline_color_jitter,7766,133.White_throated_Sparrow/White_Throated_Sparrow_0108_129184.jpg,133,132,133.White_throated_Sparrow,116,115,identity,identity,0,{},0.045589741,0.045589741,0,0.95543385,0.95543385,0.009436477,0.009436477,0.94599737,0.94599737,0,1,1,7.6232747,7.6232747,False,1,True,True,True,1,1,7.6232747,7.6232747,1,1,7.4719079,7.4719079,1,1,1.5115913,1.5115913,1,1,1.1606104,1.1606104,1,1,3.2351977,3.2351977,1,1,3.8956979,3.8956979,1,1,3.7719658,3.7719658,1,1,3.8225253,3.8225253
0b_color_jitter_best,file,15,baseline_color_jitter,7766,133.White_throated_Sparrow/White_Throated_Sparrow_0108_129184.jpg,133,132,133.White_throated_Sparrow,116,115,color_jitter,color_jitter,0,"{""brightness"":1.266744,""contrast"":1.210813,""hue"":0.021015,""saturation"":1.184675}",0.045589741,0.29081047,0.24522072,0.95543385,0.74765736,0.009436477,0.062334113,0.94599737,0.68532325,-0.26067412,0.87258291,6.22743,7.6232747,47.473409,False,0.97933555,True,True,True,0.87258291,6.22743,7.6232747,47.473409,0.86912906,6.2548385,7.4719079,46.735578,0.97495546,5.5155706,1.5115913,8.3372886,0.5708428,6.8732092,1.1606104,7.9771181,0.83789401,6.2354499,3.2351977,20.172913,0.8809979,6.3885403,3.8956979,24.887823,0.87876333,6.3904758,3.7719658,24.104656,0.90326532,5.9263994,3.8225253,22.653812
0b_color_jitter_best,file,15,baseline_color_jitter,744,014.Indigo_Bunting/Indigo_Bunting_0056_12637.jpg,14,13,014.Indigo_Bunting,54,53,identity,identity,0,{},0.4584378,0.4584378,0,0.63227063,0.63227063,0.18677215,0.18677215,0.44549848,0.44549848,0,1,1,71.226376,71.226376,False,1,True,True,True,1,1,71.226376,71.226376,1,1,70.232996,70.232996,1,1,11.854233,11.854233,1,1,14.777602,14.777602,1,1,29.117838,29.117838,1,1,38.628943,38.628943,1,1,35.537391,35.537391,1,1,33.336863,33.336863
0b_color_jitter_best,file,15,baseline_color_jitter,744,014.Indigo_Bunting/Indigo_Bunting_0056_12637.jpg,14,13,014.Indigo_Bunting,54,53,color_jitter,color_jitter,0,"{""brightness"":1.076127,""contrast"":1.065191,""hue"":-0.052806,""saturation"":1.110463}",0.4584378,0.17424342,-0.28419438,0.63227063,0.84009236,0.18677215,0.062261399,0.44549848,0.77783096,0.33233248,0.88802268,0.42975364,71.226376,30.609794,False,0.98354447,True,True,True,0.88802268,0.42975364,71.226376,30.609794,0.88548376,0.42987184,70.232996,30.191187,0.97808599,0.42558384,11.854233,5.0449699,0.74786873,0.30865728,14.777602,4.5612144,0.79265626,0.4161424,29.117838,12.117167,0.90727146,0.42589323,38.628943,16.451805,0.91071314,0.44881741,35.537391,15.9498,0.92210884,0.44372935,33.336863,14.792545
0b_color_jitter_best,file,15,baseline_color_jitter,11685,199.Winter_Wren/Winter_Wren_0081_190049.jpg,199,198,199.Winter_Wren,195,194,identity,identity,0,{},0.070444755,0.070444755,0,0.93197924,0.93197924,0.049245704,0.049245704,0.88273354,0.88273354,0,1,1,11.451286,11.451286,False,0.99999994,True,True,True,1,1,11.451286,11.451286,1,1,11.150691,11.150691,1,1,2.6065396,2.6065396,1,1,2.0663934,2.0663934,1,1,5.2855225,5.2855225,1,1,6.1359154,6.1359154,1,1,5.0209258,5.0209258,1,1,5.4103618,5.4103618
0b_color_jitter_best,file,15,baseline_color_jitter,11685,199.Winter_Wren/Winter_Wren_0081_190049.jpg,199,198,199.Winter_Wren,195,194,color_jitter,color_jitter,0,"{""brightness"":0.795686,""contrast"":1.171552,""hue"":0.034854,""saturation"":0.949657}",0.070444755,0.10696667,0.036521912,0.93197924,0.89855564,0.049245704,0.051416092,0.88273354,0.84713954,-0.03559399,0.8620407,1.4776676,11.451286,16.921194,False,0.99431968,True,True,True,0.8620407,1.4776676,11.451286,16.921194,0.85682328,1.4822663,11.150691,16.528293,0.96546556,1.3908228,2.6065396,3.6252347,0.85831813,1.9251071,2.0663934,3.9780286,0.82304898,1.4589454,5.2855225,7.7112889,0.84592074,1.4827229,6.1359154,9.097862,0.85632972,1.5294625,5.0209258,7.6793179,0.9144066,1.3850303,5.4103618,7.4935151
0b_color_jitter_best,file,15,baseline_color_jitter,10734,183.Northern_Waterthrush/Northern_Waterthrush_0044_176961.jpg,183,182,183.Northern_Waterthrush,184,183,identity,identity,0,{},0.011664638,0.011664638,0,0.98840314,0.98840314,0.0062688827,0.0062688827,0.98213426,0.98213426,0,1,1,1.8242421,1.8242421,False,1.0000001,True,True,True,1,1,1.8242421,1.8242421,1,1,1.7874571,1.7874571,1,1,0.36449476,0.36449476,1,1,0.45384818,0.45384818,1,1,0.84351377,0.84351377,1,1,0.85481954,0.85481954,1,1,0.89738686,0.89738686,1,1,0.86109781,0.86109781
0b_color_jitter_best,file,15,baseline_color_jitter,10734,183.Northern_Waterthrush/Northern_Waterthrush_0044_176961.jpg,183,182,183.Northern_Waterthrush,184,183,color_jitter,color_jitter,0,"{""brightness"":1.104506,""contrast"":0.955575,""hue"":0.018551,""saturation"":1.196918}",0.011664638,0.0084460909,-0.0032185474,0.98840314,0.99158949,0.0062688827,0.0041310219,0.98213426,0.98745846,0.0053242058,0.96044367,0.70952163,1.8242421,1.2943392,False,0.99829674,True,True,True,0.96044367,0.70952163,1.8242421,1.2943392,0.95888297,0.70886918,1.7874571,1.2670732,0.99737366,0.7250353,0.36449476,0.26427157,0.93508554,0.70969975,0.45384818,0.32209594,0.94643778,0.72274702,0.84351377,0.60964707,0.94898475,0.7198015,0.85481954,0.61530038,0.96840741,0.68518879,0.89738686,0.61487942,0.97843328,0.70962296,0.86109781,0.61105477
0b_color_jitter_best,file,15,baseline_color_jitter,3690,064.Ring_billed_Gull/Ring_Billed_Gull_0118_51322.jpg,64,63,064.Ring_billed_Gull,62,61,identity,identity,0,{},0.012838094,0.012838094,0,0.98724395,0.98724395,0.0064364849,0.0064364849,0.98080747,0.98080747,0,1,1,2.2347705,2.2347705,False,1,True,True,True,1,1,2.2347705,2.2347705,1,1,2.1703117,2.1703117,1,1,0.53286614,0.53286614,1,1,0.51558264,0.51558264,1,1,0.95865097,0.95865097,1,1,1.1492166,1.1492166,1,1,1.0472027,1.0472027,1,1,1.0526554,1.0526554
0b_color_jitter_best,file,15,baseline_color_jitter,3690,064.Ring_billed_Gull/Ring_Billed_Gull_0118_51322.jpg,64,63,064.Ring_billed_Gull,62,61,color_jitter,color_jitter,0,"{""brightness"":1.226954,""contrast"":1.199259,""hue"":0.011173,""saturation"":0.631252}",0.012838094,0.0083807213,-0.0044573732,0.98724395,0.99165428,0.0064364849,0.0028379958,0.98080747,0.98881628,0.0080088156,0.89956894,0.61527868,2.2347705,1.3750066,False,0.99005842,True,True,True,0.89956894,0.61527868,2.2347705,1.3750066,0.89525585,0.61720454,2.1703117,1.3395262,0.97682595,0.58240316,0.53286614,0.31034293,0.85439105,0.78084683,0.51558264,0.40259107,0.86743156,0.56945917,0.95865097,0.54591259,0.91210172,0.62088515,1.1492166,0.71353153,0.88873254,0.60208294,1.0472027,0.63050289,0.92493236,0.62117937,1.0526554,0.6538878
0b_color_jitter_best,file,15,baseline_color_jitter,9269,158.Bay_breasted_Warbler/Bay_Breasted_Warbler_0045_797135.jpg,158,157,158.Bay_breasted_Warbler,165,164,identity,identity,0,{},0.007312438,0.007312438,0,0.99271423,0.99271423,0.0037152835,0.0037152835,0.98899894,0.98899894,0,1,1,1.1003843,1.1003843,False,1,True,True,True,1,1,1.1003843,1.1003843,1,1,1.0697699,1.0697699,1,1,0.25775532,0.25775532,1,1,0.1905571,0.1905571,1,1,0.39665626,0.39665626,1,1,0.54382404,0.54382404,1,1,0.54604079,0.54604079,1,1,0.59737292,0.59737292
0b_color_jitter_best,file,15,baseline_color_jitter,9269,158.Bay_breasted_Warbler/Bay_Breasted_Warbler_0045_797135.jpg,158,157,158.Bay_breasted_Warbler,165,164,color_jitter,color_jitter,0,"{""brightness"":1.254824,""contrast"":1.233826,""hue"":0.041824,""saturation"":0.728653}",0.007312438,0.0036152736,-0.0036971644,0.99271423,0.99639124,0.0037152835,0.001541936,0.98899894,0.9948493,0.0058503581,0.87016902,0.50139548,1.1003843,0.55172769,False,0.98844659,True,True,True,0.87016902,0.50139548,1.1003843,0.55172769,0.86448606,0.49820095,1.0697699,0.5329604,0.96281117,0.55353567,0.25775532,0.14267676,0.6395632,0.46456154,0.1905571,0.088525498,0.80074165,0.47893485,0.39665626,0.18997251,0.86488804,0.47989297,0.54382404,0.26097733,0.87011892,0.49771282,0.54604079,0.2717715,0.90771499,0.52444876,0.59737292,0.31329149
0b_color_jitter_best,file,15,baseline_color_jitter,5852,100.Brown_Pelican/Brown_Pelican_0007_94078.jpg,100,99,100.Brown_Pelican,53,52,identity,identity,0,{},0.30889827,0.30889827,0,0.73425543,0.73425543,0.17330354,0.17330354,0.56095189,0.56095189,0,1,1,46.72712,46.72712,False,1,True,True,True,1,1,46.72712,46.72712,1,1,46.046087,46.046087,1,1,7.9486882,7.9486882,1,1,14.219674,14.219674,1,1,20.168142,20.168142,1,1,21.62096,21.62096,1,1,22.561689,22.561689,1,1,23.125598,23.125598
0b_color_jitter_best,file,15,baseline_color_jitter,5852,100.Brown_Pelican/Brown_Pelican_0007_94078.jpg,100,99,100.Brown_Pelican,53,52,color_jitter,color_jitter,0,"{""brightness"":0.656106,""contrast"":0.621677,""hue"":-0.015946,""saturation"":1.385882}",0.30889827,0.22218952,-0.086708754,0.73425543,0.80076361,0.17330354,0.11044144,0.56095189,0.69032217,0.12937028,0.73792322,0.84868267,46.72712,39.656497,False,0.97716516,True,True,True,0.73792322,0.84868267,46.72712,39.656497,0.73213398,0.85199546,46.046087,39.231057,0.97381523,0.72883296,7.9486882,5.7932659,0.45988356,1.4861254,14.219674,21.132218,0.67305159,0.88916133,20.168142,17.932732,0.83361169,0.7344008,21.62096,15.878451,0.86656536,0.69222737,22.561689,15.617819,0.91131179,0.71693413,23.125598,16.57953
0b_color_jitter_best,file,15,baseline_color_jitter,2966,052.Pied_billed_Grebe/Pied_Billed_Grebe_0032_35931.jpg,52,51,052.Pied_billed_Grebe,51,50,identity,identity,0,{},0.050833546,0.050833546,0,0.95043683,0.95043683,0.034437798,0.034437798,0.91599903,0.91599903,0,1,1,8.8319918,8.8319918,False,0.99999994,True,True,True,1,1,8.8319918,8.8319918,1,1,8.6671072,8.6671072,1,1,1.6986264,1.6986264,1,1,1.6653073,1.6653073,1,1,3.9107129,3.9107129,1,1,4.4212696,4.4212696,1,1,4.5056864,4.5056864,1,1,4.1476486,4.1476486
0b_color_jitter_best,file,15,baseline_color_jitter,2966,052.Pied_billed_Grebe/Pied_Billed_Grebe_0032_35931.jpg,52,51,052.Pied_billed_Grebe,51,50,color_jitter,color_jitter,0,"{""brightness"":0.835658,""contrast"":0.76432,""hue"":-0.006499,""saturation"":1.056878}",0.050833546,0.056904551,0.006071005,0.95043683,0.94468421,0.034437798,0.038288485,0.91599903,0.90639572,-0.0096033104,0.92926704,1.121216,8.8319918,9.9025707,False,0.99793482,True,True,True,0.92926704,1.121216,8.8319918,9.9025707,0.92660835,1.1208266,8.6671072,9.714324,0.99788264,1.1313083,1.6986264,1.9216702,0.74400028,1.2804127,1.6653073,2.1322806,0.87480425,1.0803061,3.9107129,4.224767,0.9369385,1.107692,4.4212696,4.8974049,0.95195418,1.1313633,4.5056864,5.0975681,0.96470191,1.1309395,4.1476486,4.6907396
0b_color_jitter_best,file,15,baseline_color_jitter,2953,052.Pied_billed_Grebe/Pied_Billed_Grebe_0082_35356.jpg,52,51,052.Pied_billed_Grebe,50,49,identity,identity,0,{},0.021646431,0.021646431,0,0.9785862,0.9785862,0.012839079,0.012839079,0.96574712,0.96574712,0,1,1,3.1064838,3.1064838,False,1,True,True,True,1,1,3.1064838,3.1064838,1,1,3.0242891,3.0242891,1,1,0.70987137,0.70987137,1,1,0.76723483,0.76723483,1,1,1.1405228,1.1405228,1,1,1.5379621,1.5379621,1,1,1.4966905,1.4966905,1,1,1.6283344,1.6283344
0b_color_jitter_best,file,15,baseline_color_jitter,2953,052.Pied_billed_Grebe/Pied_Billed_Grebe_0082_35356.jpg,52,51,052.Pied_billed_Grebe,50,49,color_jitter,color_jitter,0,"{""brightness"":1.334162,""contrast"":1.138341,""hue"":-0.047535,""saturation"":1.319156}",0.021646431,0.019553524,-0.0020929072,0.9785862,0.98063642,0.012839079,0.0083045587,0.96574712,0.97233186,0.0065847412,0.86646251,0.89197087,3.1064838,2.7708931,False,0.97975278,True,True,True,0.86646251,0.89197087,3.1064838,2.7708931,0.86141686,0.89448183,3.0242891,2.7051716,0.96472304,0.84510024,0.70987137,0.59991246,0.87315931,1.311821,0.76723483,1.0064748,0.81131452,0.81123477,1.1405228,0.92523175,0.85364207,0.80665349,1.5379621,1.2406025,0.86359242,0.8670575,1.4966905,1.2977168,0.9101222,0.91620803,1.6283344,1.4918931
0b_color_jitter_best,file,15,baseline_color_jitter,6638,114.Black_throated_Sparrow/Black_Throated_Sparrow_0011_107115.jpg,114,113,114.Black_throated_Sparrow,118,117,identity,identity,0,{},0.00090724783,0.00090724783,0,0.99909317,0.99909317,0.00048599194,0.00048599194,0.99860718,0.99860718,0,1,1,0.1851502,0.1851502,False,1,True,True,True,1,1,0.1851502,0.1851502,1,1,0.18122914,0.18122914,1,1,0.037902454,0.037902454,1,1,0.045009752,0.045009752,1,1,0.099522081,0.099522081,1,1,0.083849409,0.083849409,1,1,0.082918853,0.082918853,1,1,0.083709126,0.083709126
0b_color_jitter_best,file,15,baseline_color_jitter,6638,114.Black_throated_Sparrow/Black_Throated_Sparrow_0011_107115.jpg,114,113,114.Black_throated_Sparrow,118,117,color_jitter,color_jitter,0,"{""brightness"":0.919932,""contrast"":1.098295,""hue"":0.071976,""saturation"":1.22421}",0.00090724783,0.0022578957,0.0013506478,0.99909317,0.99774468,0.00048599194,0.0014190536,0.99860718,0.99632563,-0.0022815572,0.91480082,2.7622413,0.1851502,0.51142951,False,0.99011195,True,True,True,0.91480082,2.7622413,0.1851502,0.51142951,0.91234707,2.7753392,0.18122914,0.50297233,0.98565309,2.443715,0.037902454,0.092622797,0.89560793,2.9307959,0.045009752,0.1319144,0.91358992,2.9225436,0.099522081,0.29085762,0.89652125,2.7560639,0.083849409,0.23109433,0.91464867,2.7023228,0.082918853,0.2240735,0.93498887,2.5999804,0.083709126,0.21764209
0b_color_jitter_best,file,15,baseline_color_jitter,8966,153.Philadelphia_Vireo/Philadelphia_Vireo_0015_794778.jpg,153,152,153.Philadelphia_Vireo,20,19,identity,identity,0,{},0.78036457,0.78036457,0,0.45823893,0.45823893,0.17493813,0.17493813,0.2833008,0.2833008,0,1,1,83.024888,83.024888,False,1,True,True,True,1,1,83.024888,83.024888,1,1,81.42079,81.42079,1,1,16.241522,16.241522,1,1,13.603077,13.603077,1,1,32.334113,32.334113,1,1,42.475365,42.475365,1,1,42.72968,42.72968,1,1,42.057392,42.057392
0b_color_jitter_best,file,15,baseline_color_jitter,8966,153.Philadelphia_Vireo/Philadelphia_Vireo_0015_794778.jpg,153,152,153.Philadelphia_Vireo,20,19,color_jitter,color_jitter,0,"{""brightness"":0.685656,""contrast"":1.094621,""hue"":0.022547,""saturation"":0.809781}",0.78036457,0.70643157,-0.073933005,0.45823893,0.49340174,0.17493813,0.13866556,0.2833008,0.35473618,0.071435377,0.90340162,0.98642944,83.024888,81.898194,False,0.99513859,True,True,True,0.90340162,0.98642944,83.024888,81.898194,0.89995613,0.98589328,81.42079,80.27221,0.9888717,0.99980951,16.241522,16.238428,0.39495362,1.2842883,13.603077,17.470273,0.83332846,1.0488482,32.334113,33.913577,0.92446987,0.98834443,42.475365,41.980291,0.9434466,0.96199339,42.72968,41.10567,0.95165183,0.93194614,42.057392,39.195224
0b_color_jitter_best,file,15,baseline_color_jitter,5646,097.Orchard_Oriole/Orchard_Oriole_0006_91724.jpg,97,96,097.Orchard_Oriole,30,29,identity,identity,0,{},0.084065713,0.084065713,0,0.91937083,0.91937083,0.019481612,0.019481612,0.89988922,0.89988922,0,1,1,14.686615,14.686615,False,0.99999988,True,True,True,1,1,14.686615,14.686615,1,1,14.478816,14.478816,1,1,2.4618142,2.4618142,1,1,4.7611538,4.7611538,1,1,6.3490337,6.3490337,1,1,6.669417,6.669417,1,1,7.5436094,7.5436094,1,1,6.7283092,6.7283092
0b_color_jitter_best,file,15,baseline_color_jitter,5646,097.Orchard_Oriole/Orchard_Oriole_0006_91724.jpg,97,96,097.Orchard_Oriole,30,29,color_jitter,color_jitter,0,"{""brightness"":0.752195,""contrast"":1.275139,""hue"":0.001791,""saturation"":0.863526}",0.084065713,0.052929681,-0.031136032,0.91937083,0.94844669,0.019481612,0.010342388,0.89988922,0.9381043,0.038215085,0.87235823,0.69965309,14.686615,10.275535,False,0.98649377,True,True,True,0.87235823,0.69965309,14.686615,10.275535,0.86951566,0.70127292,14.478816,10.153602,0.98333232,0.64110822,2.4618142,1.5782893,0.86436531,0.81205213,4.7611538,3.8663051,0.81973079,0.71377982,6.3490337,4.5318121,0.85667788,0.68726753,6.669417,4.5836738,0.89290992,0.67911882,7.5436094,5.1230071,0.9104048,0.67054312,6.7283092,4.5116215
0b_color_jitter_best,file,15,baseline_color_jitter,2734,048.European_Goldfinch/European_Goldfinch_0014_794672.jpg,48,47,048.European_Goldfinch,192,191,identity,identity,0,{},0.002258966,0.002258966,0,0.99774361,0.99774361,0.00022250303,0.00022250303,0.9975211,0.9975211,0,1,1,0.31130569,0.31130569,False,1.0000001,True,True,True,1,1,0.31130569,0.31130569,1,1,0.30516385,0.30516385,1,1,0.061532545,0.061532545,1,1,0.040304325,0.040304325,1,1,0.095868051,0.095868051,1,1,0.13324651,0.13324651,1,1,0.15278235,0.15278235,1,1,0.2030093,0.2030093
0b_color_jitter_best,file,15,baseline_color_jitter,2734,048.European_Goldfinch/European_Goldfinch_0014_794672.jpg,48,47,048.European_Goldfinch,192,191,color_jitter,color_jitter,0,"{""brightness"":0.995157,""contrast"":0.852607,""hue"":-0.047259,""saturation"":0.763313}",0.002258966,0.0014298464,-0.00082911958,0.99774361,0.99857116,0.00022250303,0.00011617624,0.9975211,0.99845498,0.00093387768,0.88273178,0.69800309,0.31130569,0.21729233,False,0.99070418,True,True,True,0.88273178,0.69800309,0.31130569,0.21729233,0.87864545,0.69924261,0.30516385,0.21338357,0.98908828,0.66679143,0.061532545,0.041029373,0.76434095,0.79802217,0.040304325,0.032163745,0.77744872,0.77476755,0.095868051,0.074275455,0.85070005,0.77096112,0.13324651,0.10272788,0.87364539,0.68763365,0.15278235,0.10505829,0.93458494,0.64959932,0.2030093,0.1318747
0b_color_jitter_best,file,15,baseline_color_jitter,3949,068.Ruby_throated_Hummingbird/Ruby_Throated_Hummingbird_0055_57781.jpg,68,67,068.Ruby_throated_Hummingbird,200,199,identity,identity,0,{},0.067274258,0.067274258,0,0.93493873,0.93493873,0.020756483,0.020756483,0.91418225,0.91418225,0,1,1,11.435919,11.435919,False,0.99999988,True,True,True,1,1,11.435919,11.435919,1,1,11.206048,11.206048,1,1,2.2813879,2.2813879,1,1,3.7378197,3.7378197,1,1,4.8431845,4.8431845,1,1,5.5748919,5.5748919,1,1,5.2355982,5.2355982,1,1,5.4458119,5.4458119
0b_color_jitter_best,file,15,baseline_color_jitter,3949,068.Ruby_throated_Hummingbird/Ruby_Throated_Hummingbird_0055_57781.jpg,68,67,068.Ruby_throated_Hummingbird,200,199,color_jitter,color_jitter,0,"{""brightness"":1.063103,""contrast"":0.739581,""hue"":0.072666,""saturation"":0.966558}",0.067274258,0.19135046,0.1240762,0.93493873,0.8258431,0.020756483,0.046526477,0.91418225,0.77931662,-0.13486563,0.84264469,2.5944906,11.435919,29.670384,False,0.98503292,True,True,True,0.84264469,2.5944906,11.435919,29.670384,0.83680004,2.594047,11.206048,29.069014,0.98306486,2.605171,2.2813879,5.9434055,0.81161805,2.1357449,3.7378197,7.9830291,0.75290272,2.5360144,4.8431845,12.282386,0.84112283,2.7827224,5.5748919,15.513377,0.85195209,2.6429167,5.2355982,13.83725,0.90129697,2.5857411,5.4458119,14.08146
0b_color_jitter_best,file,15,baseline_color_jitter,8324,142.Black_Tern/Black_Tern_0082_144372.jpg,142,141,142.Black_Tern,72,71,identity,identity,0,{},1.833325,1.833325,0,0.15988109,0.15988109,0.13653718,0.13653718,0.023343906,0.023343906,0,1,1,125.68815,125.68815,False,1,True,True,True,1,1,125.68815,125.68815,1,1,123.24118,123.24118,1,1,24.680375,24.680375,1,1,53.84507,53.84507,1,1,57.459132,57.459132,1,1,55.020219,55.020219,1,1,52.993169,52.993169,1,1,56.143079,56.143079
0b_color_jitter_best,file,15,baseline_color_jitter,8324,142.Black_Tern/Black_Tern_0082_144372.jpg,142,141,142.Black_Tern,72,71,color_jitter,color_jitter,0,"{""brightness"":0.747842,""contrast"":1.047949,""hue"":-0.089632,""saturation"":0.978746}",1.833325,1.6005955,-0.23272955,0.15988109,0.20177633,0.13653718,0.07531254,0.023343906,0.12646379,0.10311988,0.8402415,1.0707825,125.68815,134.58467,False,0.9800145,False,True,False,0.8402415,1.0707825,125.68815,134.58467,0.83628784,1.0750589,123.24118,132.49153,0.95626821,0.95799932,24.680375,23.643782,0.95809678,1.0833939,53.84507,58.335421,0.74739242,0.9664739,57.459132,55.532752,0.78477122,1.0629402,55.020219,58.4832,0.82756675,1.1531462,52.993169,61.108872,0.87016695,1.1141199,56.143079,62.550121
0b_color_jitter_best,file,15,baseline_color_jitter,8209,140.Summer_Tanager/Summer_Tanager_0058_139427.jpg,140,139,140.Summer_Tanager,139,138,identity,identity,0,{},0.0020719743,0.0020719743,0,0.99793017,0.99793017,0.0014551403,0.0014551403,0.99647503,0.99647503,0,1,1,0.34225181,0.34225181,False,1,True,True,True,1,1,0.34225181,0.34225181,1,1,0.33315706,0.33315706,1,1,0.078375212,0.078375212,1,1,0.081359902,0.081359902,1,1,0.14073802,0.14073802,1,1,0.16178026,0.16178026,1,1,0.16573421,0.16573421,1,1,0.17585882,0.17585882
0b_color_jitter_best,file,15,baseline_color_jitter,8209,140.Summer_Tanager/Summer_Tanager_0058_139427.jpg,140,139,140.Summer_Tanager,139,138,color_jitter,color_jitter,0,"{""brightness"":1.156802,""contrast"":0.997757,""hue"":-0.035248,""saturation"":1.130596}",0.0020719743,0.0017503669,-0.00032160745,0.99793017,0.99825114,0.0014551403,0.0012599397,0.99647503,0.9969912,0.00051617157,0.92007354,0.84036723,0.34225181,0.28761721,False,0.99703407,True,True,True,0.92007354,0.84036723,0.34225181,0.28761721,0.91576059,0.83960389,0.33315706,0.27971997,0.99681433,0.85404273,0.078375212,0.06693578,0.85127337,0.71981815,0.081359902,0.058564334,0.89424879,0.85710533,0.14073802,0.12062731,0.89732154,0.8158874,0.16178026,0.13199447,0.91608181,0.86285321,0.16573421,0.14300429,0.95877846,0.85086485,0.17585882,0.14963209
0b_color_jitter_best,file,15,baseline_color_jitter,11708,199.Winter_Wren/Winter_Wren_0051_189990.jpg,199,198,199.Winter_Wren,22,21,identity,identity,0,{},6.7957764,6.7957764,0,0.0011184891,0.0011184891,0.18577729,0.18577729,-0.1846588,-0.1846588,0,1,1,151.09118,151.09118,False,1,True,False,False,1,1,151.09118,151.09118,1,1,147.25407,147.25407,1,1,33.834663,33.834663,1,1,40.449089,40.449089,1,1,61.713495,61.713495,1,1,78.618466,78.618466,1,1,69.394779,69.394779,1,1,72.405653,72.405653
0b_color_jitter_best,file,15,baseline_color_jitter,11708,199.Winter_Wren/Winter_Wren_0051_189990.jpg,199,198,199.Winter_Wren,22,21,color_jitter,color_jitter,0,"{""brightness"":0.954295,""contrast"":0.876032,""hue"":-0.037438,""saturation"":1.060713}",6.7957764,6.7291231,-0.066653252,0.0011184891,0.0011955812,0.18577729,0.35851008,-0.1846588,-0.3573145,-0.17265569,0.90165253,1.1030311,151.09118,166.65827,False,0.99392831,True,False,False,0.90165253,1.1030311,151.09118,166.65827,0.89802314,1.1067347,147.25407,162.97119,0.9776907,1.0303682,33.834663,34.862162,0.86544361,1.1356693,40.449089,45.936789,0.86502821,1.1679868,61.713495,72.08055,0.9094858,1.0755222,78.618466,84.555907,0.88973124,1.1164838,69.394779,77.478148,0.93096963,1.07879,72.405653,78.110492
0b_color_jitter_best,file,15,baseline_color_jitter,515,010.Red_winged_Blackbird/Red_Winged_Blackbird_0046_4242.jpg,10,9,010.Red_winged_Blackbird,109,108,identity,identity,0,{},0.014540305,0.014540305,0,0.98556489,0.98556489,0.0043408358,0.0043408358,0.98122405,0.98122405,0,1,1,1.7059838,1.7059838,False,0.99999994,True,True,True,1,1,1.7059838,1.7059838,1,1,1.6479572,1.6479572,1,1,0.44115508,0.44115508,1,1,0.44995629,0.44995629,1,1,0.60381498,0.60381498,1,1,0.73838685,0.73838685,1,1,0.83640062,0.83640062,1,1,0.95075166,0.95075166
0b_color_jitter_best,file,15,baseline_color_jitter,515,010.Red_winged_Blackbird/Red_Winged_Blackbird_0046_4242.jpg,10,9,010.Red_winged_Blackbird,109,108,color_jitter,color_jitter,0,"{""brightness"":0.697069,""contrast"":0.759818,""hue"":0.043924,""saturation"":0.785219}",0.014540305,0.068203233,0.053662928,0.98556489,0.93407065,0.0043408358,0.01490573,0.98122405,0.91916492,-0.062059135,0.78815661,5.209539,1.7059838,8.8873894,False,0.97516251,True,True,True,0.78815661,5.209539,1.7059838,8.8873894,0.77695295,5.2311192,1.6479572,8.6206607,0.95670679,4.898493,0.44115508,2.160995,0.717496,5.5827019,0.44995629,2.5119718,0.61673202,6.0223263,0.60381498,3.6363708,0.75433597,5.0629818,0.73838685,3.7384392,0.80839002,5.2509359,0.83640062,4.3918861,0.866345,4.8790347,0.95075166,4.6387503
0b_color_jitter_best,file,15,baseline_color_jitter,3542,061.Heermann_Gull/Heermann_Gull_0079_45468.jpg,61,60,061.Heermann_Gull,60,59,identity,identity,0,{},0.12017083,0.12017083,0,0.88676894,0.88676894,0.020138679,0.020138679,0.86663026,0.86663026,0,1,1,18.712492,18.712492,False,1,True,True,True,1,1,18.712492,18.712492,1,1,18.350227,18.350227,1,1,3.6642245,3.6642245,1,1,4.4156263,4.4156263,1,1,9.4231938,9.4231938,1,1,9.2485212,9.2485212,1,1,8.5094792,8.5094792,1,1,8.3958385,8.3958385
0b_color_jitter_best,file,15,baseline_color_jitter,3542,061.Heermann_Gull/Heermann_Gull_0079_45468.jpg,61,60,061.Heermann_Gull,60,59,color_jitter,color_jitter,0,"{""brightness"":0.901015,""contrast"":1.008505,""hue"":0.021131,""saturation"":0.764685}",0.12017083,0.15237595,0.03220512,0.88676894,0.85866541,0.020138679,0.030026179,0.86663026,0.82863923,-0.03799103,0.96038041,1.3209447,18.712492,24.718167,False,0.99819344,True,True,True,0.96038041,1.3209447,18.712492,24.718167,0.95904029,1.323431,18.350227,24.285259,0.9969947,1.2569815,3.6642245,4.6058625,0.94319515,1.4501946,4.4156263,6.4035175,0.94946399,1.3713299,9.4231938,12.922307,0.96444458,1.3130752,9.2485212,12.144004,0.96047033,1.2960145,8.5094792,11.028408,0.97219694,1.2643274,8.3958385,10.615089
0b_color_jitter_best,file,15,baseline_color_jitter,11652,198.Rock_Wren/Rock_Wren_0063_189121.jpg,198,197,198.Rock_Wren,104,103,identity,identity,0,{},0.019735755,0.019735755,0,0.98045772,0.98045772,0.0095247328,0.0095247328,0.97093299,0.97093299,0,1,1,4.0335305,4.0335305,False,1.0000001,True,True,True,1,1,4.0335305,4.0335305,1,1,3.9715162,3.9715162,1,1,0.70457594,0.70457594,1,1,0.94743362,0.94743362,1,1,1.972966,1.972966,1,1,2.176592,2.176592,1,1,1.8343425,1.8343425,1,1,1.6971597,1.6971597
0b_color_jitter_best,file,15,baseline_color_jitter,11652,198.Rock_Wren/Rock_Wren_0063_189121.jpg,198,197,198.Rock_Wren,104,103,color_jitter,color_jitter,0,"{""brightness"":1.38571,""contrast"":1.221433,""hue"":-0.075618,""saturation"":1.001625}",0.019735755,0.052271549,0.032535793,0.98045772,0.94907111,0.0095247328,0.0049065929,0.97093299,0.94416452,-0.026768474,0.78298898,2.1536671,4.0335305,8.6868822,False,0.97690403,True,True,True,0.78298898,2.1536671,4.0335305,8.6868822,0.77886459,2.1492009,3.9715162,8.5355861,0.90746729,2.2910452,0.70457594,1.6142153,0.61287952,2.249708,0.94743362,2.131449,0.75248678,1.9892201,1.972966,3.9246635,0.79312215,2.1250474,2.176592,4.625361,0.79892137,2.2613437,1.8343425,4.1480789,0.82161668,2.2289062,1.6971597,3.7828097
0b_color_jitter_best,file,15,baseline_color_jitter,4289,074.Florida_Jay/Florida_Jay_0092_64924.jpg,74,73,074.Florida_Jay,78,77,identity,identity,0,{},3.0470943,3.0470943,0,0.047496736,0.047496736,0.18445845,0.18445845,-0.13696171,-0.13696171,0,1,1,150.69917,150.69917,False,1,True,False,False,1,1,150.69917,150.69917,1,1,148.64732,148.64732,1,1,24.783328,24.783328,1,1,62.186177,62.186177,1,1,66.813452,66.813452,1,1,69.344693,69.344693,1,1,67.850889,67.850889,1,1,65.973015,65.973015
0b_color_jitter_best,file,15,baseline_color_jitter,4289,074.Florida_Jay/Florida_Jay_0092_64924.jpg,74,73,074.Florida_Jay,78,77,color_jitter,color_jitter,0,"{""brightness"":1.071455,""contrast"":1.188049,""hue"":-0.06786,""saturation"":0.755207}",3.0470943,3.7807016,0.73360729,0.047496736,0.022806684,0.18445845,0.14452456,-0.13696171,-0.12171788,0.015243838,0.86370166,0.92622442,150.69917,139.58125,False,0.98091781,True,False,False,0.86370166,0.92622442,150.69917,139.58125,0.86060341,0.92345701,148.64732,137.26941,0.96874243,1.0208032,24.783328,25.298901,0.92773912,0.84814959,62.186177,52.743181,0.81130988,0.95998543,66.813452,64.139941,0.82982811,0.8929347,69.344693,61.920283,0.86454615,0.93515312,67.850889,63.450971,0.89043104,0.96902357,65.973015,63.929406
0b_color_jitter_best,file,15,baseline_color_jitter,4332,075.Green_Jay/Green_Jay_0075_65701.jpg,75,74,075.Green_Jay,114,113,identity,identity,0,{},0.012874107,0.012874107,0,0.98720843,0.98720843,0.0016941532,0.0016941532,0.98551427,0.98551427,0,1,1,1.9685493,1.9685493,False,1.0000001,True,True,True,1,1,1.9685493,1.9685493,1,1,1.9320502,1.9320502,1,1,0.37731722,0.37731722,1,1,0.4027764,0.4027764,1,1,0.79318172,0.79318172,1,1,1.0209935,1.0209935,1,1,0.96824612,0.96824612,1,1,0.98057319,0.98057319
0b_color_jitter_best,file,15,baseline_color_jitter,4332,075.Green_Jay/Green_Jay_0075_65701.jpg,75,74,075.Green_Jay,114,113,color_jitter,color_jitter,0,"{""brightness"":0.894317,""contrast"":0.849661,""hue"":-0.094086,""saturation"":0.921917}",0.012874107,0.022480994,0.0096068876,0.98720843,0.97776979,0.0016941532,0.0013637877,0.98551427,0.976406,-0.0091082684,0.83753197,1.8159645,1.9685493,3.5748157,False,0.98604548,True,True,True,0.83753197,1.8159645,1.9685493,3.5748157,0.83269856,1.8216479,1.9320502,3.5195152,0.98009592,1.660022,0.37731722,0.6263549,0.75266971,1.7523036,0.4027764,0.70578655,0.75132971,2.1022953,0.79318172,1.6675022,0.83951415,1.8402851,1.0209935,1.8789191,0.85176889,1.749378,0.96824612,1.6938285,0.89666199,1.6784803,0.98057319,1.6458727
0b_color_jitter_best,file,15,baseline_color_jitter,4183,072.Pomarine_Jaeger/Pomarine_Jaeger_0039_61348.jpg,72,71,072.Pomarine_Jaeger,30,29,identity,identity,0,{},0.17910811,0.17910811,0,0.83601552,0.83601552,0.058006655,0.058006655,0.77800887,0.77800887,0,1,1,27.943921,27.943921,False,0.99999994,True,True,True,1,1,27.943921,27.943921,1,1,27.455392,27.455392,1,1,5.2023237,5.2023237,1,1,9.3311496,9.3311496,1,1,11.60344,11.60344,1,1,12.222011,12.222011,1,1,13.806173,13.806173,1,1,13.86003,13.86003
0b_color_jitter_best,file,15,baseline_color_jitter,4183,072.Pomarine_Jaeger/Pomarine_Jaeger_0039_61348.jpg,72,71,072.Pomarine_Jaeger,30,29,color_jitter,color_jitter,0,"{""brightness"":1.164731,""contrast"":1.196514,""hue"":0.025807,""saturation"":1.261414}",0.17910811,0.40621236,0.22710425,0.83601552,0.66616869,0.058006655,0.14948761,0.77800887,0.51668108,-0.26132779,0.88539218,1.988921,27.943921,55.578252,False,0.99067545,True,True,True,0.88539218,1.988921,27.943921,55.578252,0.88160761,1.9847674,27.455392,54.492568,0.9863436,2.1013116,5.2023237,10.931703,0.86143528,1.6461793,9.3311496,15.360745,0.79535421,1.8612782,11.60344,21.59723,0.88195564,2.1193909,12.222011,25.903219,0.90279382,2.0523826,13.806173,28.335549,0.93200203,2.0319741,13.86003,28.163222
0b_color_jitter_best,file,15,baseline_color_jitter,5357,092.Nighthawk/Nighthawk_0034_82578.jpg,92,91,092.Nighthawk,105,104,identity,identity,0,{},2.8929384,2.8929384,0,0.055413142,0.055413142,0.93443501,0.93443501,-0.87902187,-0.87902187,0,1,1,237.87703,237.87703,False,1,True,False,False,1,1,237.87703,237.87703,1,1,234.4299,234.4299,1,1,40.349756,40.349756,1,1,34.91234,34.91234,1,1,102.45208,102.45208,1,1,133.38865,133.38865,1,1,121.52246,121.52246,1,1,103.35297,103.35297
0b_color_jitter_best,file,15,baseline_color_jitter,5357,092.Nighthawk/Nighthawk_0034_82578.jpg,92,91,092.Nighthawk,105,104,color_jitter,color_jitter,0,"{""brightness"":0.609393,""contrast"":1.068935,""hue"":-0.097521,""saturation"":0.837828}",2.8929384,2.8659515,-0.026986837,0.055413142,0.056928936,0.93443501,0.93787247,-0.87902187,-0.88094353,-0.0019216649,0.8571046,1.1481242,237.87703,273.11237,False,0.98206282,True,False,False,0.8571046,1.1481242,237.87703,273.11237,0.85359617,1.149594,234.4299,269.49921,0.98207241,1.0973544,40.349756,44.277984,0.59186083,1.7991794,34.91234,62.813564,0.80034594,1.1564808,102.45208,118.48386,0.8738939,1.1258602,133.38865,150.17697,0.8863706,1.143882,121.52246,139.00735,0.89364163,1.0933701,103.35297,113.00305
0b_color_jitter_best,file,15,baseline_color_jitter,10491,179.Tennessee_Warbler/Tennessee_Warbler_0084_174891.jpg,179,178,179.Tennessee_Warbler,172,171,identity,identity,0,{},0.15690334,0.15690334,0,0.85478669,0.85478669,0.029843561,0.029843561,0.82494313,0.82494313,0,1,1,27.838655,27.838655,False,1,True,True,True,1,1,27.838655,27.838655,1,1,27.451975,27.451975,1,1,4.6238264,4.6238264,1,1,4.7156969,4.7156969,1,1,14.512914,14.512914,1,1,14.823723,14.823723,1,1,12.75634,12.75634,1,1,11.759315,11.759315
0b_color_jitter_best,file,15,baseline_color_jitter,10491,179.Tennessee_Warbler/Tennessee_Warbler_0084_174891.jpg,179,178,179.Tennessee_Warbler,172,171,color_jitter,color_jitter,0,"{""brightness"":1.216994,""contrast"":1.067889,""hue"":0.026686,""saturation"":0.870209}",0.15690334,0.29380867,0.13690533,0.85478669,0.74541909,0.029843561,0.036997993,0.82494313,0.70842109,-0.11652204,0.90967236,1.7806749,27.838655,49.571593,False,0.9923563,True,True,True,0.90967236,1.7806749,27.838655,49.571593,0.90753868,1.7814609,27.451975,48.904619,0.98623118,1.7527444,4.6238264,8.1043859,0.83521828,2.2735938,4.7156969,10.721579,0.92247407,1.7774601,14.512914,25.796125,0.90563977,1.8235132,14.823723,27.031255,0.89187819,1.6983858,12.75634,21.665187,0.92861739,1.7244267,11.759315,20.278077
0b_color_jitter_best,file,15,baseline_color_jitter,1357,025.Pelagic_Cormorant/Pelagic_Cormorant_0017_23875.jpg,25,24,025.Pelagic_Cormorant,71,70,identity,identity,0,{},1.1464919,1.1464919,0,0.31774953,0.31774953,0.18790428,0.18790428,0.12984525,0.12984525,0,1,1,119.59695,119.59695,False,0.99999988,True,True,True,1,1,119.59695,119.59695,1,1,118.00048,118.00048,1,1,19.476084,19.476084,1,1,44.304641,44.304641,1,1,45.471999,45.471999,1,1,60.321867,60.321867,1,1,56.799121,56.799121,1,1,55.033092,55.033092
0b_color_jitter_best,file,15,baseline_color_jitter,1357,025.Pelagic_Cormorant/Pelagic_Cormorant_0017_23875.jpg,25,24,025.Pelagic_Cormorant,71,70,color_jitter,color_jitter,0,"{""brightness"":0.669818,""contrast"":1.277357,""hue"":0.038264,""saturation"":0.628735}",1.1464919,1.8413993,0.69490743,0.31774953,0.15859534,0.18790428,0.24045482,0.12984525,-0.081859484,-0.21170473,0.8341188,1.2047028,119.59695,144.07879,False,0.96321571,False,True,False,0.8341188,1.2047028,119.59695,144.07879,0.83089825,1.203951,118.00048,142.0668,0.9498647,1.2319834,19.476084,23.994211,0.80672809,1.1500839,44.304641,50.954056,0.66776164,1.1246453,45.471999,51.139868,0.86669113,1.271413,60.321867,76.694004,0.86253829,1.2216386,56.799121,69.387999,0.87437054,1.1880352,55.033092,65.381252
0b_color_jitter_best,file,15,baseline_color_jitter,9675,165.Chestnut_sided_Warbler/Chestnut_Sided_Warbler_0069_163921.jpg,165,164,165.Chestnut_sided_Warbler,156,155,identity,identity,0,{},0.21612012,0.21612012,0,0.80563855,0.80563855,0.045267172,0.045267172,0.76037138,0.76037138,0,1,1,30.505942,30.505942,False,0.99999994,True,True,True,1,1,30.505942,30.505942,1,1,29.982653,29.982653,1,1,5.6260998,5.6260998,1,1,5.1423252,5.1423252,1,1,14.512722,14.512722,1,1,15.930081,15.930081,1,1,13.82707,13.82707,1,1,14.728935,14.728935
0b_color_jitter_best,file,15,baseline_color_jitter,9675,165.Chestnut_sided_Warbler/Chestnut_Sided_Warbler_0069_163921.jpg,165,164,165.Chestnut_sided_Warbler,156,155,color_jitter,color_jitter,0,"{""brightness"":1.072768,""contrast"":1.143154,""hue"":-0.06986,""saturation"":1.166089}",0.21612012,0.99542916,0.77930903,0.80563855,0.3695648,0.045267172,0.029614057,0.76037138,0.33995074,-0.42042064,0.84213003,3.1758033,30.505942,96.88087,False,0.97041154,True,True,True,0.84213003,3.1758033,30.505942,96.88087,0.83908948,3.1833196,29.982653,95.444368,0.93744777,2.9543627,5.6260998,16.621539,0.77110378,4.474944,5.1423252,23.011617,0.82712728,3.0183958,14.512722,43.80514,0.86580246,3.3361201,15.930081,53.144662,0.83420918,3.1659324,13.82707,43.775569,0.84618903,2.975371,14.728935,43.824047
0b_color_jitter_best,file,15,baseline_color_jitter,570,011.Rusty_Blackbird/Rusty_Blackbird_0114_6760.jpg,11,10,011.Rusty_Blackbird,9,8,identity,identity,0,{},1.6912696,1.6912696,0,0.1842854,0.1842854,0.7945118,0.7945118,-0.61022639,-0.61022639,0,1,1,204.91342,204.91342,False,1,True,False,False,1,1,204.91342,204.91342,1,1,201.83613,201.83613,1,1,35.379165,35.379165,1,1,74.586964,74.586964,1,1,109.97634,109.97634,1,1,98.586549,98.586549,1,1,81.975547,81.975547,1,1,81.489353,81.489353
0b_color_jitter_best,file,15,baseline_color_jitter,570,011.Rusty_Blackbird/Rusty_Blackbird_0114_6760.jpg,11,10,011.Rusty_Blackbird,9,8,color_jitter,color_jitter,0,"{""brightness"":1.082484,""contrast"":1.207176,""hue"":0.096548,""saturation"":1.143911}",1.6912696,0.63922137,-1.0520483,0.1842854,0.52770317,0.7945118,0.46473035,-0.61022639,0.062972814,0.67319921,0.89904977,0.57462014,204.91342,117.74738,False,0.98664594,False,False,True,0.89904977,0.57462014,204.91342,117.74738,0.89624244,0.57351592,201.83613,115.75624,0.98663839,0.60946725,35.379165,21.562442,0.9253667,0.60351655,74.586964,45.014468,0.84957138,0.48315059,109.97634,53.135135,0.90946459,0.58740603,98.586549,57.910334,0.91091285,0.63147614,81.975547,51.765602,0.93209935,0.61560796,81.489353,50.165495
0b_color_jitter_best,file,15,baseline_color_jitter,862,016.Painted_Bunting/Painted_Bunting_0034_15207.jpg,16,15,016.Painted_Bunting,172,171,identity,identity,0,{},0.01183618,0.01183618,0,0.98823357,0.98823357,0.0031342609,0.0031342609,0.98509931,0.98509931,0,1,1,1.5648143,1.5648143,False,1,True,True,True,1,1,1.5648143,1.5648143,1,1,1.5291581,1.5291581,1,1,0.33214367,0.33214367,1,1,0.35382951,0.35382951,1,1,0.59690456,0.59690456,1,1,0.76746668,0.76746668,1,1,0.75300687,0.75300687,1,1,0.83714377,0.83714377
0b_color_jitter_best,file,15,baseline_color_jitter,862,016.Painted_Bunting/Painted_Bunting_0034_15207.jpg,16,15,016.Painted_Bunting,172,171,color_jitter,color_jitter,0,"{""brightness"":0.894402,""contrast"":0.895358,""hue"":-0.015454,""saturation"":1.176656}",0.01183618,0.0088092741,-0.0030269055,0.98823357,0.99122941,0.0031342609,0.0027717028,0.98509931,0.98845771,0.0033584067,0.94734063,0.79502475,1.5648143,1.2440661,False,0.99777937,True,True,True,0.94734063,0.79502475,1.5648143,1.2440661,0.94512519,0.79626091,1.5291581,1.2176088,0.99658124,0.76835536,0.33214367,0.25520437,0.88054759,0.67535071,0.35382951,0.23895901,0.93030912,0.89600983,0.59690456,0.53483235,0.94699832,0.81705704,0.76746668,0.62706406,0.94628214,0.7854096,0.75300687,0.59141882,0.96972157,0.75212141,0.83714377,0.62963375
0b_color_jitter_best,file,15,baseline_color_jitter,8466,145.Elegant_Tern/Elegant_Tern_0032_150488.jpg,145,144,145.Elegant_Tern,143,142,identity,identity,0,{},0.67196745,0.67196745,0,0.51070279,0.51070279,0.21198441,0.21198441,0.29871838,0.29871838,0,1,1,63.059513,63.059513,False,1,True,True,True,1,1,63.059513,63.059513,1,1,61.638326,61.638326,1,1,13.312362,13.312362,1,1,11.814438,11.814438,1,1,25.290136,25.290136,1,1,30.998028,30.998028,1,1,32.037432,32.037432,1,1,32.137774,32.137774
0b_color_jitter_best,file,15,baseline_color_jitter,8466,145.Elegant_Tern/Elegant_Tern_0032_150488.jpg,145,144,145.Elegant_Tern,143,142,color_jitter,color_jitter,0,"{""brightness"":0.614174,""contrast"":1.33129,""hue"":-0.050594,""saturation"":1.083633}",0.67196745,1.4204683,0.74850088,0.51070279,0.24160086,0.21198441,0.60022539,0.29871838,-0.35862453,-0.65734291,0.76286105,1.6236305,63.059513,102.38535,False,0.97442669,False,True,False,0.76286105,1.6236305,63.059513,102.38535,0.75499019,1.616995,61.638326,99.668863,0.9205036,1.7598775,13.312362,23.428126,0.63415366,2.4527412,11.814438,28.977757,0.66938633,1.5461298,25.290136,39.101832,0.75010944,1.6658299,30.998028,51.637443,0.78471364,1.5353341,32.037432,49.188163,0.8260679,1.5493527,32.137774,49.792748
0b_color_jitter_best,file,15,baseline_color_jitter,2787,049.Boat_tailed_Grackle/Boat_Tailed_Grackle_0030_33615.jpg,49,48,049.Boat_tailed_Grackle,9,8,identity,identity,0,{},2.3612118,2.3612118,0,0.09430588,0.09430588,0.74623448,0.74623448,-0.6519286,-0.6519286,0,1,1,164.62309,164.62309,False,0.99999994,True,False,False,1,1,164.62309,164.62309,1,1,160.84139,160.84139,1,1,35.082893,35.082893,1,1,69.537047,69.537047,1,1,68.842936,68.842936,1,1,78.514282,78.514282,1,1,67.716668,67.716668,1,1,74.465856,74.465856
0b_color_jitter_best,file,15,baseline_color_jitter,2787,049.Boat_tailed_Grackle/Boat_Tailed_Grackle_0030_33615.jpg,49,48,049.Boat_tailed_Grackle,9,8,color_jitter,color_jitter,0,"{""brightness"":0.850935,""contrast"":0.82149,""hue"":-0.070851,""saturation"":1.112576}",2.3612118,3.1631203,0.80190849,0.09430588,0.042293563,0.74623448,0.86367577,-0.6519286,-0.82138221,-0.16945361,0.89131393,1.0559187,164.62309,173.82861,False,0.98855829,True,False,False,0.89131393,1.0559187,164.62309,173.82861,0.88659244,1.0536744,160.84139,169.47445,0.9870534,1.1020352,35.082893,38.662582,0.95816453,0.94484859,69.537047,65.70198,0.83912877,0.96680714,68.842936,66.557842,0.87134925,1.0707093,78.514282,84.065969,0.87149221,1.133814,67.716668,76.778107,0.90801939,1.1245856,74.465856,83.743233
0b_color_jitter_best,file,15,baseline_color_jitter,2661,047.American_Goldfinch/American_Goldfinch_0053_32359.jpg,47,46,047.American_Goldfinch,55,54,identity,identity,0,{},0.0057038409,0.0057038409,0,0.99431241,0.99431241,0.0013438676,0.0013438676,0.99296854,0.99296854,0,1,1,0.97748535,0.97748535,False,0.99999994,True,True,True,1,1,0.97748535,0.97748535,1,1,0.96194071,0.96194071,1,1,0.17363085,0.17363085,1,1,0.20787598,0.20787598,1,1,0.35754549,0.35754549,1,1,0.54255759,0.54255759,1,1,0.47608416,0.47608416,1,1,0.48296362,0.48296362
0b_color_jitter_best,file,15,baseline_color_jitter,2661,047.American_Goldfinch/American_Goldfinch_0053_32359.jpg,47,46,047.American_Goldfinch,55,54,color_jitter,color_jitter,0,"{""brightness"":0.707977,""contrast"":1.087143,""hue"":-0.073238,""saturation"":0.907021}",0.0057038409,0.033435389,0.027731549,0.99431241,0.96711737,0.0013438676,0.014233007,0.99296854,0.95288436,-0.040084176,0.79375178,6.1573879,0.97748535,6.0187564,False,0.9782486,True,True,True,0.79375178,6.1573879,0.97748535,6.0187564,0.78854987,6.1617973,0.96194071,5.9272837,0.95737003,6.0204788,0.17363085,1.0453408,0.49302153,6.1022563,0.20787598,1.2685125,0.67352068,7.6581851,0.35754549,2.7381495,0.83261791,6.2861669,0.54255759,3.4106076,0.81648314,5.8767702,0.47608416,2.7978372,0.87139718,5.3056054,0.48296362,2.5624144
0b_color_jitter_best,file,15,baseline_color_jitter,10932,186.Cedar_Waxwing/Cedar_Waxwing_0031_178929.jpg,186,185,186.Cedar_Waxwing,111,110,identity,identity,0,{},8.3677549,8.3677549,0,0.00023223629,0.00023223629,0.81155783,0.81155783,-0.81132559,-0.81132559,0,1,1,199.28167,199.28167,False,1.0000002,True,False,False,1,1,199.28167,199.28167,1,1,194.93774,194.93774,1,1,41.381912,41.381912,1,1,34.397029,34.397029,1,1,86.003647,86.003647,1,1,106.49304,106.49304,1,1,103.19116,103.19116,1,1,86.207634,86.207634
0b_color_jitter_best,file,15,baseline_color_jitter,10932,186.Cedar_Waxwing/Cedar_Waxwing_0031_178929.jpg,186,185,186.Cedar_Waxwing,111,110,color_jitter,color_jitter,0,"{""brightness"":0.903293,""contrast"":0.692247,""hue"":0.086033,""saturation"":0.664529}",8.3677549,9.7694798,1.4017248,0.00023223629,5.7170098e-05,0.81155783,0.92409784,-0.81132559,-0.92404067,-0.11271507,0.84072404,1.1446063,199.28167,228.09906,False,0.9828645,True,False,False,0.84072404,1.1446063,199.28167,228.09906,0.83482249,1.146973,194.93774,223.58833,0.97944974,1.090766,41.381912,45.137985,0.71945427,1.2631923,34.397029,43.450064,0.78868205,1.334702,86.003647,114.78924,0.83521166,1.1299197,106.49304,120.32858,0.86740759,1.0655451,103.19116,109.95483,0.88570507,1.0605019,86.207634,91.42336
0b_color_jitter_best,file,15,baseline_color_jitter,7598,130.Tree_Sparrow/Tree_Sparrow_0039_124140.jpg,130,129,130.Tree_Sparrow,118,117,identity,identity,0,{},0.90475255,0.90475255,0,0.40464199,0.40464199,0.44383022,0.44383022,-0.039188236,-0.039188236,0,1,1,108.53513,108.53513,False,1,True,False,False,1,1,108.53513,108.53513,1,1,105.81621,105.81621,1,1,24.141367,24.141367,1,1,19.833897,19.833897,1,1,42.648862,42.648862,1,1,60.049425,60.049425,1,1,53.77674,53.77674,1,1,49.868722,49.868722
0b_color_jitter_best,file,15,baseline_color_jitter,7598,130.Tree_Sparrow/Tree_Sparrow_0039_124140.jpg,130,129,130.Tree_Sparrow,118,117,color_jitter,color_jitter,0,"{""brightness"":0.912241,""contrast"":0.924698,""hue"":0.051104,""saturation"":1.274153}",0.90475255,0.93942958,0.034677029,0.40464199,0.39085072,0.44383022,0.34601384,-0.039188236,0.044836879,0.084025115,0.90452857,0.97520681,108.53513,105.8442,False,0.98826313,False,False,True,0.90452857,0.97520681,108.53513,105.8442,0.90083194,0.97590269,105.81621,103.26632,0.97668753,0.96173941,24.141367,23.217704,0.86604621,0.89385285,19.833897,17.728585,0.88286042,1.0013118,42.648862,42.70481,0.91359396,0.97323566,60.049425,58.442242,0.88810835,0.98345648,53.77674,52.887083,0.91682686,0.96448664,49.868722,48.097716
0b_color_jitter_best,file,15,baseline_color_jitter,5609,096.Hooded_Oriole/Hooded_Oriole_0079_89978.jpg,96,95,096.Hooded_Oriole,167,166,identity,identity,0,{},0.20894399,0.20894399,0,0.81144071,0.81144071,0.033165887,0.033165887,0.77827482,0.77827482,0,1,1,25.344069,25.344069,False,0.99999988,True,True,True,1,1,25.344069,25.344069,1,1,24.890023,24.890023,1,1,4.7758306,4.7758306,1,1,4.8763187,4.8763187,1,1,8.8554024,8.8554024,1,1,12.549198,12.549198,1,1,13.735835,13.735835,1,1,13.082855,13.082855
0b_color_jitter_best,file,15,baseline_color_jitter,5609,096.Hooded_Oriole/Hooded_Oriole_0079_89978.jpg,96,95,096.Hooded_Oriole,167,166,color_jitter,color_jitter,0,"{""brightness"":1.017525,""contrast"":1.348068,""hue"":-0.048601,""saturation"":1.235321}",0.20894399,0.11479676,-0.094147235,0.81144071,0.89154732,0.033165887,0.0078652473,0.77827482,0.88368207,0.10540726,0.79909615,0.69378859,25.344069,17.583426,False,0.97628266,True,True,True,0.79909615,0.69378859,25.344069,17.583426,0.79361575,0.69562204,24.890023,17.314049,0.96287565,0.64199018,4.7758306,3.0660363,0.6903986,0.79212093,4.8763187,3.8626341,0.68993987,0.69547404,8.8554024,6.1587025,0.7952989,0.73936972,12.549198,9.2784968,0.78948399,0.68521927,13.735835,9.4120591,0.86962343,0.64970244,13.082855,8.4999625
0b_color_jitter_best,file,15,baseline_color_jitter,7001,120.Fox_Sparrow/Fox_Sparrow_0113_114389.jpg,120,119,120.Fox_Sparrow,6,5,identity,identity,0,{},0.015454301,0.015454301,0,0.9846645,0.9846645,0.0043880302,0.0043880302,0.98027647,0.98027647,0,1,1,2.2436535,2.2436535,False,0.99999988,True,True,True,1,1,2.2436535,2.2436535,1,1,2.2011281,2.2011281,1,1,0.43475991,0.43475991,1,1,0.40794856,0.40794856,1,1,0.87147823,0.87147823,1,1,1.1079406,1.1079406,1,1,1.1474843,1.1474843,1,1,1.1725254,1.1725254
0b_color_jitter_best,file,15,baseline_color_jitter,7001,120.Fox_Sparrow/Fox_Sparrow_0113_114389.jpg,120,119,120.Fox_Sparrow,6,5,color_jitter,color_jitter,0,"{""brightness"":0.798991,""contrast"":1.093315,""hue"":0.004048,""saturation"":1.150317}",0.015454301,0.015914446,0.00046014506,0.9846645,0.9842115,0.0043880302,0.0039487933,0.98027647,0.98026271,-1.3758428e-05,0.951055,1.1190932,2.2436535,2.5108573,False,0.99821913,True,True,True,0.951055,1.1190932,2.2436535,2.5108573,0.9495783,1.1229432,2.2011281,2.4717418,0.99756954,1.0154356,0.43475991,0.44147071,0.91085497,1.2554815,0.40794856,0.51217187,0.92298068,1.2736266,0.87147823,1.1099379,0.94124345,1.1059055,1.1079406,1.2252776,0.96484823,1.1023871,1.1474843,1.2649719,0.97386207,1.0493182,1.1725254,1.2303522
0b_color_jitter_best,file,15,baseline_color_jitter,7653,131.Vesper_Sparrow/Vesper_Sparrow_0070_125555.jpg,131,130,131.Vesper_Sparrow,127,126,identity,identity,0,{},0.0097760959,0.0097760959,0,0.99027151,0.99027151,0.0040096184,0.0040096184,0.98626189,0.98626189,0,1,1,1.4939448,1.4939448,False,1,True,True,True,1,1,1.4939448,1.4939448,1,1,1.45431,1.45431,1,1,0.34183834,0.34183834,1,1,0.34651585,0.34651585,1,1,0.74207164,0.74207164,1,1,0.75644369,0.75644369,1,1,0.66291781,0.66291781,1,1,0.65772867,0.65772867
0b_color_jitter_best,file,15,baseline_color_jitter,7653,131.Vesper_Sparrow/Vesper_Sparrow_0070_125555.jpg,131,130,131.Vesper_Sparrow,127,126,color_jitter,color_jitter,0,"{""brightness"":1.376602,""contrast"":1.380312,""hue"":0.083627,""saturation"":0.851764}",0.0097760959,0.016357845,0.0065817488,0.99027151,0.9837752,0.0040096184,0.010034396,0.98626189,0.9737408,-0.012521088,0.67324382,1.7413732,1.4939448,2.6015154,False,0.97558486,True,True,True,0.67324382,1.7413732,1.4939448,2.6015154,0.6579352,1.7424352,1.45431,2.534041,0.95365232,1.7220373,0.34183834,0.58865835,0.47002446,1.7995424,0.34651585,0.62356997,0.50943528,1.5401672,0.74207164,1.1429144,0.62405452,1.8502007,0.75644369,1.3995726,0.75365912,1.8013583,0.66291781,1.1941525,0.83191895,1.7609347,0.65772867,1.1582172
0b_color_jitter_best,file,15,baseline_color_jitter,9715,166.Golden_winged_Warbler/Golden_Winged_Warbler_0083_794801.jpg,166,165,166.Golden_winged_Warbler,165,164,identity,identity,0,{},0.058743443,0.058743443,0,0.94294864,0.94294864,0.015396414,0.015396414,0.92755223,0.92755223,0,1,1,10.505231,10.505231,False,1,True,True,True,1,1,10.505231,10.505231,1,1,10.377937,10.377937,1,1,1.6304282,1.6304282,1,1,2.4890181,2.4890181,1,1,4.5914015,4.5914015,1,1,5.6175277,5.6175277,1,1,5.0805593,5.0805593,1,1,4.8017391,4.8017391
0b_color_jitter_best,file,15,baseline_color_jitter,9715,166.Golden_winged_Warbler/Golden_Winged_Warbler_0083_794801.jpg,166,165,166.Golden_winged_Warbler,165,164,color_jitter,color_jitter,0,"{""brightness"":0.778533,""contrast"":0.949162,""hue"":0.014529,""saturation"":0.900504}",0.058743443,0.059693404,0.0009499602,0.94294864,0.94205332,0.015396414,0.017340111,0.92755223,0.92471321,-0.0028390177,0.95442112,1.0300985,10.505231,10.821422,False,0.99664259,True,True,True,0.95442112,1.0300985,10.505231,10.821422,0.95339823,1.0301973,10.377937,10.691323,0.99603727,1.0260884,1.6304282,1.6729635,0.89299435,1.3092284,2.4890181,3.2586931,0.94929543,1.0473042,4.5914015,4.8085942,0.96380426,1.0088338,5.6175277,5.6671518,0.96260561,1.0052133,5.0805593,5.1070457,0.96539527,0.98486807,4.8017391,4.7290795
0b_color_jitter_best,file,15,baseline_color_jitter,7616,130.Tree_Sparrow/Tree_Sparrow_0046_125344.jpg,130,129,130.Tree_Sparrow,119,118,identity,identity,0,{},2.3505657,2.3505657,0,0.095315218,0.095315218,0.58040214,0.58040214,-0.48508692,-0.48508692,0,1,1,148.89256,148.89256,False,0.99999994,True,False,False,1,1,148.89256,148.89256,1,1,146.10344,146.10344,1,1,28.68411,28.68411,1,1,44.341717,44.341717,1,1,58.296865,58.296865,1,1,78.489308,78.489308,1,1,75.066237,75.066237,1,1,64.699239,64.699239
0b_color_jitter_best,file,15,baseline_color_jitter,7616,130.Tree_Sparrow/Tree_Sparrow_0046_125344.jpg,130,129,130.Tree_Sparrow,119,118,color_jitter,color_jitter,0,"{""brightness"":1.148133,""contrast"":1.19798,""hue"":0.096655,""saturation"":1.111826}",2.3505657,3.0241427,0.67357707,0.095315218,0.048599463,0.58040214,0.31305841,-0.48508692,-0.26445894,0.22062797,0.79330135,0.88897284,148.89256,132.36144,False,0.95683777,True,False,False,0.79330135,0.88897284,148.89256,132.36144,0.78825525,0.88817354,146.10344,129.76521,0.92136692,0.90946435,28.68411,26.087175,0.83524407,0.85423158,44.341717,37.878095,0.71756567,0.92711603,58.296865,54.047958,0.81111897,0.95927518,78.489308,75.292846,0.79492086,0.81590116,75.066237,61.24663,0.79110811,0.85539822,64.699239,55.343614
0b_color_jitter_best,file,15,baseline_color_jitter,1905,034.Gray_crowned_Rosy_Finch/Gray_Crowned_Rosy_Finch_0056_797293.jpg,34,33,034.Gray_crowned_Rosy_Finch,54,53,identity,identity,0,{},0.0080598351,0.0080598351,0,0.99197257,0.99197257,0.001217476,0.001217476,0.99075509,0.99075509,0,1,1,1.3413436,1.3413436,False,0.99999994,True,True,True,1,1,1.3413436,1.3413436,1,1,1.3174184,1.3174184,1,1,0.25221328,0.25221328,1,1,0.22467309,0.22467309,1,1,0.54704708,0.54704708,1,1,0.73343951,0.73343951,1,1,0.64310008,0.64310008,1,1,0.65904584,0.65904584
0b_color_jitter_best,file,15,baseline_color_jitter,1905,034.Gray_crowned_Rosy_Finch/Gray_Crowned_Rosy_Finch_0056_797293.jpg,34,33,034.Gray_crowned_Rosy_Finch,54,53,color_jitter,color_jitter,0,"{""brightness"":1.291902,""contrast"":0.676346,""hue"":-0.061413,""saturation"":0.899046}",0.0080598351,0.0045509338,-0.0035089012,0.99197257,0.99545938,0.001217476,0.00078898901,0.99075509,0.99467039,0.0039152991,0.86131659,0.5594045,1.3413436,0.75035365,False,0.98563689,True,True,True,0.86131659,0.5594045,1.3413436,0.75035365,0.85700406,0.5572604,1.3174184,0.73414508,0.97195863,0.61502728,0.25221328,0.15511804,0.64438564,0.61699022,0.22467309,0.1386211,0.80429456,0.6097892,0.54704708,0.3335834,0.87345361,0.52642701,0.73343951,0.38610237,0.86683842,0.54520146,0.64310008,0.35061911,0.90046651,0.56052814,0.65904584,0.36941374
0b_color_jitter_best,file,15,baseline_color_jitter,5621,096.Hooded_Oriole/Hooded_Oriole_0075_90788.jpg,96,95,096.Hooded_Oriole,97,96,identity,identity,0,{},0.056892838,0.056892838,0,0.94469529,0.94469529,0.030240901,0.030240901,0.91445439,0.91445439,0,1,1,11.352683,11.352683,False,1,True,True,True,1,1,11.352683,11.352683,1,1,11.219753,11.219753,1,1,1.7322159,1.7322159,1,1,2.7962485,2.7962485,1,1,5.3490461,5.3490461,1,1,5.7018354,5.7018354,1,1,5.7965824,5.7965824,1,1,4.8311754,4.8311754
0b_color_jitter_best,file,15,baseline_color_jitter,5621,096.Hooded_Oriole/Hooded_Oriole_0075_90788.jpg,96,95,096.Hooded_Oriole,97,96,color_jitter,color_jitter,0,"{""brightness"":0.872195,""contrast"":0.816462,""hue"":-0.029811,""saturation"":0.609636}",0.056892838,1.1210954,1.0642026,0.94469529,0.32592261,0.030240901,0.59649539,0.91445439,-0.27057278,-1.1850272,0.84868281,15.617203,11.352683,177.29716,False,0.96402299,False,True,False,0.84868281,15.617203,11.352683,177.29716,0.84672516,15.628821,11.219753,175.35151,0.9340174,15.121763,1.7322159,26.19416,0.79841995,16.169941,2.7962485,45.215174,0.83205799,17.174693,5.3490461,91.868226,0.84933847,15.800392,5.7018354,90.091235,0.8749096,14.776235,5.7965824,85.651665,0.85150835,14.35753,4.8311754,69.363748
0b_rotation_best,file,14,baseline_rotation,3891,067.Anna_Hummingbird/Anna_Hummingbird_0118_55773.jpg,67,66,067.Anna_Hummingbird,68,67,identity,identity,0,{},0.87255156,0.87255156,0,0.41788393,0.41788393,0.39219218,0.39219218,0.025691748,0.025691748,0,1,1,141.35021,141.35021,False,0.99999988,True,True,True,1,1,141.35021,141.35021,1,1,139.50906,139.50906,1,1,22.739898,22.739898,1,1,49.812051,49.812051,1,1,76.719024,76.719024,1,1,71.432607,71.432607,1,1,56.006485,56.006485,1,1,53.445158,53.445158
0b_rotation_best,file,14,baseline_rotation,3891,067.Anna_Hummingbird/Anna_Hummingbird_0118_55773.jpg,67,66,067.Anna_Hummingbird,68,67,rotation,rotation,0,"{""angle"":-12.795946}",0.87255156,1.7551239,0.88257229,0.41788393,0.17288582,0.39219218,0.16100438,0.025691748,0.011881441,-0.013810307,0.75195205,1.6248745,141.35021,229.67634,False,0.9611159,False,True,False,0.75195205,1.6248745,141.35021,229.67634,0.75047829,1.6298427,139.50906,227.37783,0.82199423,1.4253409,22.739898,32.412106,0.91603984,1.3959919,49.812051,69.537218,0.78827582,1.7787276,76.719024,136.46225,0.71843455,1.6630712,71.432607,118.79751,0.65649313,1.5732139,56.006485,88.11018,0.71383664,1.4930037,53.445158,79.793819
0b_rotation_best,file,14,baseline_rotation,5405,093.Clark_Nutcracker/Clark_Nutcracker_0011_85698.jpg,93,92,093.Clark_Nutcracker,19,18,identity,identity,0,{},0.0028110535,0.0028110535,0,0.99719292,0.99719292,0.0020494922,0.0020494922,0.99514343,0.99514343,0,1,1,0.41202507,0.41202507,False,0.99999994,True,True,True,1,1,0.41202507,0.41202507,1,1,0.39722531,0.39722531,1,1,0.10943819,0.10943819,1,1,0.11101506,0.11101506,1,1,0.14927534,0.14927534,1,1,0.1976608,0.1976608,1,1,0.18930951,0.18930951,1,1,0.21971025,0.21971025
0b_rotation_best,file,14,baseline_rotation,5405,093.Clark_Nutcracker/Clark_Nutcracker_0011_85698.jpg,93,92,093.Clark_Nutcracker,19,18,rotation,rotation,0,"{""angle"":2.525267}",0.0028110535,0.0033516681,0.00054061459,0.99719292,0.99665391,0.0020494922,0.0022972103,0.99514343,0.9943567,-0.00078672287,0.88985317,1.2532685,0.41202507,0.51637803,False,0.99355149,True,True,True,0.88985317,1.2532685,0.41202507,0.51637803,0.88269479,1.2587099,0.39722531,0.49999141,0.99228472,1.1792384,0.10943819,0.12905372,0.90696367,1.1575672,0.11101506,0.12850739,0.83711327,1.3324328,0.14927534,0.19889935,0.86347707,1.3339376,0.1976608,0.26366717,0.87160481,1.2491632,0.18930951,0.23647847,0.93049392,1.191001,0.21971025,0.26167512
0b_rotation_best,file,14,baseline_rotation,920,017.Cardinal/Cardinal_0079_19044.jpg,17,16,017.Cardinal,139,138,identity,identity,0,{},0.047200762,0.047200762,0,0.95389587,0.95389587,0.0080628321,0.0080628321,0.94583303,0.94583303,0,1,1,8.0869293,8.0869293,False,0.99999988,True,True,True,1,1,8.0869293,8.0869293,1,1,8.0147304,8.0147304,1,1,1.0782036,1.0782036,1,1,1.6630836,1.6630836,1,1,3.9097386,3.9097386,1,1,4.0854166,4.0854166,1,1,4.0294234,4.0294234,1,1,3.6410325,3.6410325
0b_rotation_best,file,14,baseline_rotation,920,017.Cardinal/Cardinal_0079_19044.jpg,17,16,017.Cardinal,139,138,rotation,rotation,0,"{""angle"":-14.175184}",0.047200762,0.039134819,-0.0080659427,0.95389587,0.96162105,0.0080628321,0.0052917819,0.94583303,0.95632926,0.010496229,0.76183331,0.96149919,8.0869293,7.775576,False,0.97281456,True,True,True,0.76183331,0.96149919,8.0869293,7.775576,0.75829465,0.96226972,8.0147304,7.7123324,0.9676454,0.91791811,1.0782036,0.98970258,0.82967636,0.98815571,1.6630836,1.6433856,0.79736241,1.0473987,3.9097386,4.0950549,0.68283015,1.0023879,4.0854166,4.0951722,0.74932669,0.90220081,4.0294234,3.635349,0.81869721,0.86953903,3.6410325,3.1660199
0b_rotation_best,file,14,baseline_rotation,5043,087.Mallard/Mallard_0071_76940.jpg,87,86,087.Mallard,66,65,identity,identity,0,{},0.036887873,0.036887873,0,0.96378422,0.96378422,0.0038617728,0.0038617728,0.95992245,0.95992245,0,1,1,4.0182954,4.0182954,False,1,True,True,True,1,1,4.0182954,4.0182954,1,1,3.9277158,3.9277158,1,1,0.84837856,0.84837856,1,1,0.6495842,0.6495842,1,1,1.3546963,1.3546963,1,1,1.6480693,1.6480693,1,1,1.8753151,1.8753151,1,1,2.6337902,2.6337902
0b_rotation_best,file,14,baseline_rotation,5043,087.Mallard/Mallard_0071_76940.jpg,87,86,087.Mallard,66,65,rotation,rotation,0,"{""angle"":-11.349628}",0.036887873,0.078398176,0.041510303,0.96378422,0.92459619,0.0038617728,0.0045486027,0.95992245,0.92004759,-0.039874857,0.73166936,2.1571321,4.0182954,8.6679941,False,0.97967482,True,True,True,0.73166936,2.1571321,4.0182954,8.6679941,0.72150131,2.1663452,3.9277158,8.5087885,0.97780635,1.9492181,0.84837856,1.6536748,0.55804851,2.826513,0.6495842,1.8360582,0.71363404,2.429325,1.3546963,3.2909977,0.67661564,2.1803636,1.6480693,3.5933905,0.66922323,2.1984877,1.8753151,4.122857,0.79127882,2.0193638,2.6337902,5.3185806
0b_rotation_best,file,14,baseline_rotation,11743,200.Common_Yellowthroat/Common_Yellowthroat_0106_190989.jpg,200,199,200.Common_Yellowthroat,168,167,identity,identity,0,{},0.012466718,0.012466718,0,0.9876107,0.9876107,0.0047714892,0.0047714892,0.98283921,0.98283921,0,1,1,1.7051706,1.7051706,False,1,True,True,True,1,1,1.7051706,1.7051706,1,1,1.6586111,1.6586111,1,1,0.39574743,0.39574743,1,1,0.36707273,0.36707273,1,1,0.60404818,0.60404818,1,1,0.84529937,0.84529937,1,1,0.8853664,0.8853664,1,1,0.86773814,0.86773814
0b_rotation_best,file,14,baseline_rotation,11743,200.Common_Yellowthroat/Common_Yellowthroat_0106_190989.jpg,200,199,200.Common_Yellowthroat,168,167,rotation,rotation,0,"{""angle"":1.262044}",0.012466718,0.013267683,0.00080096535,0.9876107,0.98681992,0.0047714892,0.0075937924,0.98283921,0.97922613,-0.003613078,0.90340201,1.2195214,1.7051706,2.079492,False,0.99636596,True,True,True,0.90340201,1.2195214,1.7051706,2.079492,0.8990828,1.2209961,1.6586111,2.0251576,0.9812542,1.1933211,0.39574743,0.47225374,0.84146548,1.1581557,0.36707273,0.42512737,0.83907306,1.2634561,0.60404818,0.76318834,0.87906107,1.2299398,0.84529937,1.0396673,0.91632669,1.2365461,0.8853664,1.0947964,0.94210672,1.1856989,0.86773814,1.0288762
0b_rotation_best,file,14,baseline_rotation,3563,062.Herring_Gull/Herring_Gull_0129_46708.jpg,62,61,062.Herring_Gull,65,64,identity,identity,0,{},1.1912904,1.1912904,0,0.30382895,0.30382895,0.64342368,0.64342368,-0.33959472,-0.33959472,0,1,1,127.26171,127.26171,False,1,True,False,False,1,1,127.26171,127.26171,1,1,123.88274,123.88274,1,1,29.130897,29.130897,1,1,30.776723,30.776723,1,1,55.114386,55.114386,1,1,69.601793,69.601793,1,1,54.485895,54.485895,1,1,59.573557,59.573557
0b_rotation_best,file,14,baseline_rotation,3563,062.Herring_Gull/Herring_Gull_0129_46708.jpg,62,61,062.Herring_Gull,65,64,rotation,rotation,0,"{""angle"":-0.15022}",1.1912904,1.3128535,0.12156308,0.30382895,0.26905125,0.64342368,0.68056524,-0.33959472,-0.41151398,-0.071919262,0.97050609,1.0745732,127.26171,136.75202,False,0.99902779,True,False,False,0.97050609,1.0745732,127.26171,136.75202,0.96895731,1.0753749,123.88274,133.22039,0.99901839,1.0599691,29.130897,30.877851,0.96371381,1.058269,30.776723,32.57005,0.95619639,1.0689807,55.114386,58.916214,0.97142029,1.0688923,69.601793,74.396818,0.96775448,1.0828565,54.485895,59.000404,0.97890389,1.0878307,59.573557,64.805942
0b_rotation_best,file,14,baseline_rotation,956,018.Spotted_Catbird/Spotted_Catbird_0016_796803.jpg,18,17,018.Spotted_Catbird,187,186,identity,identity,0,{},0.031181134,0.031181134,0,0.96929997,0.96929997,0.0049133841,0.0049133841,0.96438659,0.96438659,0,1,1,5.8104626,5.8104626,False,0.99999994,True,True,True,1,1,5.8104626,5.8104626,1,1,5.7450933,5.7450933,1,1,0.86912508,0.86912508,1,1,1.3897427,1.3897427,1,1,2.3850885,2.3850885,1,1,3.1976629,3.1976629,1,1,2.6411436,2.6411436,1,1,2.86101,2.86101
0b_rotation_best,file,14,baseline_rotation,956,018.Spotted_Catbird/Spotted_Catbird_0016_796803.jpg,18,17,018.Spotted_Catbird,187,186,rotation,rotation,0,"{""angle"":12.335611}",0.031181134,0.032076128,0.00089499354,0.96929997,0.96843284,0.0049133841,0.0024712801,0.96438659,0.96596156,0.0015749757,0.74774091,1.1676738,5.8104626,6.7847247,False,0.9583751,True,True,True,0.74774091,1.1676738,5.8104626,6.7847247,0.74354919,1.1691299,5.7450933,6.7167604,0.94329788,1.1021705,0.86912508,0.95792402,0.79065656,1.4087002,1.3897427,1.9577308,0.68053381,1.2171215,2.3850885,2.9029425,0.70360831,1.1450062,3.1976629,3.6613437,0.74700221,1.1688782,2.6411436,3.0871751,0.83245074,1.1008155,2.86101,3.1494441
0b_rotation_best,file,14,baseline_rotation,11179,190.Red_cockaded_Woodpecker/Red_Cockaded_Woodpecker_0060_182377.jpg,190,189,190.Red_cockaded_Woodpecker,192,191,identity,identity,0,{},0.0080562877,0.0080562877,0,0.99197608,0.99197608,0.005055909,0.005055909,0.98692017,0.98692017,0,1,1,1.7163302,1.7163302,False,1,True,True,True,1,1,1.7163302,1.7163302,1,1,1.6946653,1.6946653,1,1,0.27184373,0.27184373,1,1,0.33492286,0.33492286,1,1,0.83469762,0.83469762,1,1,1.025012,1.025012,1,1,0.72819111,0.72819111,1,1,0.69432342,0.69432342
0b_rotation_best,file,14,baseline_rotation,11179,190.Red_cockaded_Woodpecker/Red_Cockaded_Woodpecker_0060_182377.jpg,190,189,190.Red_cockaded_Woodpecker,192,191,rotation,rotation,0,"{""angle"":-3.712897}",0.0080562877,0.012028422,0.0039721346,0.99197608,0.98804361,0.005055909,0.0090238173,0.98692017,0.97901979,-0.0079003843,0.90690519,1.5401206,1.7163302,2.6433555,False,0.98688948,True,True,True,0.90690519,1.5401206,1.7163302,2.6433555,0.90496403,1.5391802,1.6946653,2.6083952,0.98082022,1.5762334,0.27184373,0.42848917,0.78924311,1.4417754,0.33492286,0.48288353,0.90912006,1.4062002,0.83469762,1.173752,0.92206041,1.629159,1.025012,1.6699076,0.89070188,1.5713107,0.72819111,1.1442145,0.91047675,1.5071365,0.69432342,1.0464402
0b_rotation_best,file,14,baseline_rotation,4184,072.Pomarine_Jaeger/Pomarine_Jaeger_0075_61349.jpg,72,71,072.Pomarine_Jaeger,44,43,identity,identity,0,{},0.0037526917,0.0037526917,0,0.99625432,0.99625432,0.0016873495,0.0016873495,0.99456698,0.99456698,0,1,1,0.74725818,0.74725818,False,0.99999994,True,True,True,1,1,0.74725818,0.74725818,1,1,0.73241232,0.73241232,1,1,0.14821263,0.14821263,1,1,0.21730774,0.21730774,1,1,0.27788668,0.27788668,1,1,0.37863746,0.37863746,1,1,0.37444092,0.37444092,1,1,0.35834594,0.35834594
0b_rotation_best,file,14,baseline_rotation,4184,072.Pomarine_Jaeger/Pomarine_Jaeger_0075_61349.jpg,72,71,072.Pomarine_Jaeger,44,43,rotation,rotation,0,"{""angle"":-5.6273}",0.0037526917,0.00091260741,-0.0028400843,0.99625432,0.99908781,0.0016873495,0.0004051638,0.99456698,0.99868265,0.0041156713,0.75878461,0.21696073,0.74725818,0.16212568,False,0.97503817,True,True,True,0.75878461,0.21696073,0.74725818,0.16212568,0.75014455,0.21559401,0.73241232,0.15790371,0.94931479,0.24800886,0.14821263,0.036758045,0.74054606,0.24035671,0.21730774,0.052231372,0.63591321,0.19931287,0.27788668,0.055386391,0.73873936,0.184938,0.37863746,0.070024456,0.767735,0.22591756,0.37444092,0.084592778,0.81784042,0.23478298,0.35834594,0.084133528
0b_rotation_best,file,14,baseline_rotation,881,016.Painted_Bunting/Painted_Bunting_0086_16540.jpg,16,15,016.Painted_Bunting,172,171,identity,identity,0,{},0.077726156,0.077726156,0,0.92521775,0.92521775,0.018146496,0.018146496,0.90707125,0.90707125,0,1,1,11.196285,11.196285,False,0.99999988,True,True,True,1,1,11.196285,11.196285,1,1,11.028936,11.028936,1,1,1.9285673,1.9285673,1,1,2.2149044,2.2149044,1,1,4.5121483,4.5121483,1,1,5.5721796,5.5721796,1,1,5.5390713,5.5390713,1,1,5.8857157,5.8857157
0b_rotation_best,file,14,baseline_rotation,881,016.Painted_Bunting/Painted_Bunting_0086_16540.jpg,16,15,016.Painted_Bunting,172,171,rotation,rotation,0,"{""angle"":-12.28768}",0.077726156,0.024738178,-0.052987978,0.92521775,0.97556531,0.018146496,0.0083862664,0.90707125,0.96717905,0.060107796,0.74929127,0.32775304,11.196285,3.6696165,False,0.9701848,True,True,True,0.74929127,0.32775304,11.196285,3.6696165,0.74208282,0.32642531,11.028936,3.6001238,0.96343105,0.36854797,1.9285673,0.71076956,0.74495497,0.30536514,2.2149044,0.67635461,0.64494986,0.30373285,4.5121483,1.3704877,0.72121338,0.31496502,5.5721796,1.7550416,0.71728322,0.33859594,5.5390713,1.8755071,0.83441393,0.3409719,5.8857157,2.0068636
0b_rotation_best,file,14,baseline_rotation,2199,039.Least_Flycatcher/Least_Flycatcher_0049_30361.jpg,39,38,039.Least_Flycatcher,103,102,identity,identity,0,{},0.37328038,0.37328038,0,0.68847215,0.68847215,0.086805284,0.086805284,0.60166687,0.60166687,0,1,1,56.075531,56.075531,False,1,True,True,True,1,1,56.075531,56.075531,1,1,55.207122,55.207122,1,1,9.8305095,9.8305095,1,1,13.631964,13.631964,1,1,34.691266,34.691266,1,1,25.700539,25.700539,1,1,23.528466,23.528466,1,1,21.080927,21.080927
0b_rotation_best,file,14,baseline_rotation,2199,039.Least_Flycatcher/Least_Flycatcher_0049_30361.jpg,39,38,039.Least_Flycatcher,103,102,rotation,rotation,0,"{""angle"":-12.689207}",0.37328038,0.8677755,0.49449512,0.68847215,0.41988453,0.086805284,0.072118178,0.60166687,0.34776635,-0.25390051,0.78403974,1.9885908,56.075531,111.51128,False,0.97542435,True,True,True,0.78403974,1.9885908,56.075531,111.51128,0.7787851,1.9903747,55.207122,109.88286,0.95515814,1.931484,9.8305095,18.987471,0.7645302,2.2992966,13.631964,31.343928,0.84168863,1.733826,34.691266,60.148619,0.73028281,2.1114717,25.700539,54.265959,0.73868294,2.1236783,23.528466,49.966892,0.7938518,2.1385591,21.080927,45.082809
0b_rotation_best,file,14,baseline_rotation,4531,078.Gray_Kingbird/Gray_Kingbird_0037_70050.jpg,78,77,078.Gray_Kingbird,77,76,identity,identity,0,{},0.018558318,0.018558318,0,0.9816128,0.9816128,0.0068870862,0.0068870862,0.97472572,0.97472572,0,1,1,3.1715657,3.1715657,False,1,True,True,True,1,1,3.1715657,3.1715657,1,1,3.1042844,3.1042844,1,1,0.64980545,0.64980545,1,1,0.81584032,0.81584032,1,1,1.4896502,1.4896502,1,1,1.4772751,1.4772751,1,1,1.5051902,1.5051902,1,1,1.5178898,1.5178898
0b_rotation_best,file,14,baseline_rotation,4531,078.Gray_Kingbird/Gray_Kingbird_0037_70050.jpg,78,77,078.Gray_Kingbird,77,76,rotation,rotation,0,"{""angle"":-8.470536}",0.018558318,0.027326144,0.0087678265,0.9816128,0.97304386,0.0068870862,0.0061103995,0.97472572,0.96693346,-0.0077922558,0.71928667,1.4099311,3.1715657,4.4716889,False,0.98648894,True,True,True,0.71928667,1.4099311,3.1715657,4.4716889,0.70839394,1.4070942,3.1042844,4.3680207,0.95745344,1.4731889,0.64980545,0.95728616,0.35851155,1.1673842,0.81584032,0.95239907,0.67150054,1.2645161,1.4896502,1.8836866,0.69531284,1.4416197,1.4772751,2.1296689,0.73116101,1.5243089,1.5051902,2.2943748,0.8188644,1.447076,1.5178898,2.1965018
0b_rotation_best,file,14,baseline_rotation,782,015.Lazuli_Bunting/Lazuli_Bunting_0102_14605.jpg,15,14,015.Lazuli_Bunting,158,157,identity,identity,0,{},0.0303523,0.0303523,0,0.97010368,0.97010368,0.0016327217,0.0016327217,0.96847096,0.96847096,0,1,1,3.3981765,3.3981765,False,1,True,True,True,1,1,3.3981765,3.3981765,1,1,3.3313582,3.3313582,1,1,0.67056412,0.67056412,1,1,0.44739307,0.44739307,1,1,1.2246936,1.2246936,1,1,1.3430347,1.3430347,1,1,1.6525658,1.6525658,1,1,2.2052657,2.2052657
0b_rotation_best,file,14,baseline_rotation,782,015.Lazuli_Bunting/Lazuli_Bunting_0102_14605.jpg,15,14,015.Lazuli_Bunting,158,157,rotation,rotation,0,"{""angle"":-8.015346}",0.0303523,0.022529598,-0.0078227017,0.97010368,0.97772229,0.0016327217,0.00069430901,0.96847096,0.97702798,0.0085570188,0.75745566,0.77542835,3.3981765,2.6350424,False,0.98109233,True,True,True,0.75745566,0.77542835,3.3981765,2.6350424,0.74819977,0.77428439,3.3313582,2.5794187,0.9781774,0.80314619,0.67056412,0.53856102,0.53721773,0.91460296,0.44739307,0.40918702,0.75204288,0.69629736,1.2246936,0.8527509,0.63454123,0.76232445,1.3430347,1.0238282,0.69880679,0.8090599,1.6525658,1.3370247,0.82990906,0.77526074,2.2052657,1.7096559
0b_rotation_best,file,14,baseline_rotation,3068,053.Western_Grebe/Western_Grebe_0007_36074.jpg,53,52,053.Western_Grebe,51,50,identity,identity,0,{},0.054763362,0.054763362,0,0.94670916,0.94670916,0.016228475,0.016228475,0.93048068,0.93048068,0,1,1,8.5993854,8.5993854,False,1,True,True,True,1,1,8.5993854,8.5993854,1,1,8.3931204,8.3931204,1,1,1.8721536,1.8721536,1,1,3.0351222,3.0351222,1,1,3.324894,3.324894,1,1,3.8528343,3.8528343,1,1,4.2034079,4.2034079,1,1,4.2029292,4.2029292
0b_rotation_best,file,14,baseline_rotation,3068,053.Western_Grebe/Western_Grebe_0007_36074.jpg,53,52,053.Western_Grebe,51,50,rotation,rotation,0,"{""angle"":4.8813}",0.054763362,0.013185804,-0.041577558,0.94670916,0.98690075,0.016228475,0.0039526825,0.93048068,0.98294806,0.052467383,0.78693018,0.24209568,8.5993854,2.081874,False,0.98217762,True,True,True,0.78693018,0.24209568,8.5993854,2.081874,0.77759049,0.24202701,8.3931204,2.0313618,0.97354345,0.24347164,1.8721536,0.4558163,0.76577813,0.23171896,3.0351222,0.70329535,0.75106141,0.22709437,3.324894,0.75506472,0.74919719,0.24846828,3.8528343,0.95730712,0.7585479,0.24822219,4.2034079,1.0433791,0.84421884,0.24457083,4.2029292,1.0279139
0b_rotation_best,file,14,baseline_rotation,1464,027.Shiny_Cowbird/Shiny_Cowbird_0019_24323.jpg,27,26,027.Shiny_Cowbird,92,91,identity,identity,0,{},4.7167025,4.7167025,0,0.0089446278,0.0089446278,0.17771752,0.17771752,-0.16877289,-0.16877289,0,1,1,170.54824,170.54824,False,1.0000001,True,False,False,1,1,170.54824,170.54824,1,1,167.89842,167.89842,1,1,29.947005,29.947005,1,1,41.643982,41.643982,1,1,74.917303,74.917303,1,1,93.097414,93.097414,1,1,79.720768,79.720768,1,1,76.292366,76.292366
0b_rotation_best,file,14,baseline_rotation,1464,027.Shiny_Cowbird/Shiny_Cowbird_0019_24323.jpg,27,26,027.Shiny_Cowbird,92,91,rotation,rotation,0,"{""angle"":2.439543}",4.7167025,3.6415429,-1.0751595,0.0089446278,0.026211871,0.17771752,0.012730436,-0.16877289,0.013481434,0.18225433,0.81304342,0.91413378,170.54824,155.9039,False,0.96559769,False,False,False,0.81304342,0.91413378,170.54824,155.9039,0.80876769,0.91106192,167.89842,152.96585,0.93862423,1.0059214,29.947005,30.124333,0.81571692,0.91485327,41.643982,38.098133,0.81730826,0.93533141,74.917303,70.072507,0.77881936,0.85578328,93.097414,79.67121,0.80070833,0.92486198,79.720768,73.730708,0.85060353,0.95001675,76.292366,72.479026
0b_rotation_best,file,14,baseline_rotation,11718,199.Winter_Wren/Winter_Wren_0126_190342.jpg,199,198,199.Winter_Wren,125,124,identity,identity,0,{},6.7591481,6.7591481,0,0.001160217,0.001160217,0.24877714,0.24877714,-0.24761692,-0.24761692,0,1,1,178.1677,178.1677,False,1,True,False,False,1,1,178.1677,178.1677,1,1,176.01384,176.01384,1,1,27.619879,27.619879,1,1,80.571068,80.571068,1,1,91.497421,91.497421,1,1,84.003615,84.003615,1,1,67.707365,67.707365,1,1,66.906678,66.906678
0b_rotation_best,file,14,baseline_rotation,11718,199.Winter_Wren/Winter_Wren_0126_190342.jpg,199,198,199.Winter_Wren,125,124,rotation,rotation,0,"{""angle"":-6.059028}",6.7591481,6.7830858,0.023937702,0.001160217,0.0011327739,0.24877714,0.22870632,-0.24761692,-0.22757354,0.020043378,0.86876036,0.96311372,178.1677,171.59576,False,0.97312325,True,False,False,0.86876036,0.96311372,178.1677,171.59576,0.86630897,0.96250645,176.01384,169.41446,0.96607677,0.98746015,27.619879,27.27353,0.93460239,0.94536074,80.571068,76.168725,0.8642417,0.90577783,91.497421,82.876335,0.84214275,1.0189053,84.003615,85.591725,0.8209632,0.98530501,67.707365,66.712406,0.86621842,0.97490071,66.906678,65.227368
0b_rotation_best,file,14,baseline_rotation,736,014.Indigo_Bunting/Indigo_Bunting_0059_11596.jpg,14,13,014.Indigo_Bunting,54,53,identity,identity,0,{},0.53062344,0.53062344,0,0.58823812,0.58823812,0.27454695,0.27454695,0.31369117,0.31369117,0,1,1,106.57239,106.57239,False,1,True,True,True,1,1,106.57239,106.57239,1,1,105.65169,105.65169,1,1,13.978379,13.978379,1,1,21.43536,21.43536,1,1,53.225088,53.225088,1,1,63.983106,63.983106,1,1,45.754679,45.754679,1,1,41.019106,41.019106
0b_rotation_best,file,14,baseline_rotation,736,014.Indigo_Bunting/Indigo_Bunting_0059_11596.jpg,14,13,014.Indigo_Bunting,54,53,rotation,rotation,0,"{""angle"":-5.411018}",0.53062344,0.4289082,-0.10171524,0.58823812,0.65121973,0.27454695,0.24845625,0.31369117,0.40276347,0.089072302,0.92182934,0.83838318,106.57239,89.348503,False,0.98511177,True,True,True,0.92182934,0.83838318,106.57239,89.348503,0.92070228,0.83772353,105.65169,88.506909,0.98432349,0.87524186,13.978379,12.234463,0.83418165,0.77226607,21.43536,16.553801,0.93347042,0.85127788,53.225088,45.30934,0.93313143,0.84142577,63.983106,53.837035,0.90124838,0.83259807,45.754679,38.095257,0.91532667,0.82918074,41.019106,34.012253
0b_rotation_best,file,14,baseline_rotation,10670,182.Yellow_Warbler/Yellow_Warbler_0018_176674.jpg,182,181,182.Yellow_Warbler,175,174,identity,identity,0,{},1.1161598,1.1161598,0,0.32753518,0.32753518,0.39980009,0.39980009,-0.07226491,-0.07226491,0,1,1,109.36239,109.36239,False,1.0000001,True,False,False,1,1,109.36239,109.36239,1,1,107.32227,107.32227,1,1,21.025293,21.025293,1,1,23.682539,23.682539,1,1,46.579273,46.579273,1,1,62.675971,62.675971,1,1,50.983065,50.983065,1,1,47.539745,47.539745
0b_rotation_best,file,14,baseline_rotation,10670,182.Yellow_Warbler/Yellow_Warbler_0018_176674.jpg,182,181,182.Yellow_Warbler,175,174,rotation,rotation,0,"{""angle"":11.592071}",1.1161598,2.8832679,1.7671081,0.32753518,0.05595161,0.39980009,0.78544635,-0.07226491,-0.72949474,-0.65722983,0.72298981,1.4540574,109.36239,159.01919,False,0.96069837,True,False,False,0.72298981,1.4540574,109.36239,159.01919,0.71321968,1.4425034,107.32227,154.81274,0.94678786,1.728083,21.025293,36.333452,0.68501787,0.98485679,23.682539,23.32391,0.58451931,1.2405425,46.579273,57.783567,0.78983835,1.5174773,62.675971,95.109366,0.69479318,1.5057506,50.983065,76.767778,0.72458905,1.5088078,47.539745,71.728336
0b_rotation_best,file,14,baseline_rotation,7916,135.Bank_Swallow/Bank_Swallow_0007_129514.jpg,135,134,135.Bank_Swallow,40,39,identity,identity,0,{},0.67293811,0.67293811,0,0.51020736,0.51020736,0.18075599,0.18075599,0.32945137,0.32945137,0,1,1,98.014156,98.014156,False,1,True,True,True,1,1,98.014156,98.014156,1,1,96.927533,96.927533,1,1,14.554313,14.554313,1,1,23.294843,23.294843,1,1,50.172978,50.172978,1,1,54.750299,54.750299,1,1,42.259674,42.259674,1,1,39.389009,39.389009
0b_rotation_best,file,14,baseline_rotation,7916,135.Bank_Swallow/Bank_Swallow_0007_129514.jpg,135,134,135.Bank_Swallow,40,39,rotation,rotation,0,"{""angle"":-8.631514}",0.67293811,0.63578606,-0.037152052,0.51020736,0.52951908,0.18075599,0.056947667,0.32945137,0.47257141,0.14312005,0.8066152,1.045545,98.014156,102.47821,False,0.97510171,True,True,True,0.8066152,1.045545,98.014156,102.47821,0.80417104,1.0464496,96.927533,101.42978,0.92019085,1.0046047,14.554313,14.621331,0.74317653,1.0179892,23.294843,23.713898,0.81141226,0.9894907,50.172978,49.645695,0.80708356,1.0983691,54.750299,60.136035,0.79309823,1.0718531,42.259674,45.296163,0.82629192,1.0132471,39.389009,39.910798
0b_rotation_best,file,14,baseline_rotation,8376,143.Caspian_Tern/Caspian_Tern_0013_145553.jpg,143,142,143.Caspian_Tern,48,47,identity,identity,0,{},4.9148083,4.9148083,0,0.0073371269,0.0073371269,0.11170389,0.11170389,-0.10436676,-0.10436676,0,1,1,106.62218,106.62218,False,1,True,False,False,1,1,106.62218,106.62218,1,1,104.76269,104.76269,1,1,19.825928,19.825928,1,1,25.343483,25.343483,1,1,39.050399,39.050399,1,1,57.147864,57.147864,1,1,50.686338,50.686338,1,1,54.525332,54.525332
0b_rotation_best,file,14,baseline_rotation,8376,143.Caspian_Tern/Caspian_Tern_0013_145553.jpg,143,142,143.Caspian_Tern,48,47,rotation,rotation,0,"{""angle"":-1.000696}",4.9148083,5.4273262,0.51251793,0.0073371269,0.0043948321,0.11170389,0.16990112,-0.10436676,-0.16550629,-0.061139525,0.92027288,1.0898197,106.62218,116.19895,False,0.99367738,True,False,False,0.92027288,1.0898197,106.62218,116.19895,0.91777542,1.0907041,104.76269,114.26509,0.99195741,1.0648295,19.825928,21.111234,0.93325372,1.0510738,25.343483,26.637869,0.854341,1.1016017,39.050399,43.017988,0.91471506,1.1043632,57.147864,63.111996,0.92637722,1.1027587,50.686338,55.894799,0.94435133,1.0676765,54.525332,58.215417
0b_rotation_best,file,14,baseline_rotation,4061,070.Green_Violetear/Green_Violetear_0027_60841.jpg,70,69,070.Green_Violetear,18,17,identity,identity,0,{},0.00046159103,0.00046159103,0,0.99953854,0.99953854,0.00013555906,0.00013555906,0.99940298,0.99940298,0,1,1,0.064165047,0.064165047,False,1.0000001,True,True,True,1,1,0.064165047,0.064165047,1,1,0.062679821,0.062679821,1,1,0.013725643,0.013725643,1,1,0.011548019,0.011548019,1,1,0.022541866,0.022541866,1,1,0.028290699,0.028290699,1,1,0.02908472,0.02908472,1,1,0.040509048,0.040509048
0b_rotation_best,file,14,baseline_rotation,4061,070.Green_Violetear/Green_Violetear_0027_60841.jpg,70,69,070.Green_Violetear,18,17,rotation,rotation,0,"{""angle"":-3.257868}",0.00046159103,0.00024828213,-0.0002133089,0.99953854,0.99975175,0.00013555906,7.4815696e-05,0.99940298,0.99967693,0.00027394918,0.88952023,0.49407012,0.064165047,0.031702033,False,0.99550772,True,True,True,0.88952023,0.49407012,0.064165047,0.031702033,0.88432902,0.49042666,0.062679821,0.030739855,0.99193377,0.56471971,0.013725643,0.0077511408,0.8826597,0.42522973,0.011548019,0.004910561,0.84469179,0.51090066,0.022541866,0.011516654,0.84237318,0.48813449,0.028290699,0.013809666,0.84805299,0.48096499,0.02908472,0.013988732,0.93647088,0.49482664,0.040509048,0.020044956
0b_rotation_best,file,14,baseline_rotation,6612,113.Baird_Sparrow/Baird_Sparrow_0049_787324.jpg,113,112,113.Baird_Sparrow,115,114,identity,identity,0,{},0.012813615,0.012813615,0,0.98726815,0.98726815,0.0078275185,0.0078275185,0.97944063,0.97944063,0,1,1,2.6467016,2.6467016,False,1,True,True,True,1,1,2.6467016,2.6467016,1,1,2.6076235,2.6076235,1,1,0.45313216,0.45313216,1,1,0.456486,0.456486,1,1,1.3407948,1.3407948,1,1,1.5868453,1.5868453,1,1,1.0998862,1.0998862,1,1,1.0323577,1.0323577
0b_rotation_best,file,14,baseline_rotation,6612,113.Baird_Sparrow/Baird_Sparrow_0049_787324.jpg,113,112,113.Baird_Sparrow,115,114,rotation,rotation,0,"{""angle"":10.671567}",0.012813615,0.0034436232,-0.0093699915,0.98726815,0.9965623,0.0078275185,0.0011599645,0.97944063,0.99540234,0.015961706,0.81120595,0.22631398,2.6467016,0.59898557,False,0.97633266,True,True,True,0.81120595,0.22631398,2.6467016,0.59898557,0.80685037,0.22543446,2.6076235,0.58784821,0.94485166,0.25372379,0.45313216,0.11497041,0.78486241,0.23777318,0.456486,0.10854013,0.81946222,0.2204522,1.3407948,0.29558118,0.82412086,0.22053933,1.5868453,0.34996181,0.75053869,0.22428861,1.0998862,0.24669194,0.81701435,0.24329701,1.0323577,0.25116955
0b_rotation_best,file,14,baseline_rotation,6151,106.Horned_Puffin/Horned_Puffin_0029_100888.jpg,106,105,106.Horned_Puffin,89,88,identity,identity,0,{},1.5402763,1.5402763,0,0.21432187,0.21432187,0.55049527,0.55049527,-0.3361734,-0.3361734,0,1,1,118.93889,118.93889,False,1,True,False,False,1,1,118.93889,118.93889,1,1,116.06043,116.06043,1,1,26.008387,26.008387,1,1,25.311548,25.311548,1,1,50.5516,50.5516,1,1,59.569896,59.569896,1,1,56.853053,56.853053,1,1,59.101975,59.101975
0b_rotation_best,file,14,baseline_rotation,6151,106.Horned_Puffin/Horned_Puffin_0029_100888.jpg,106,105,106.Horned_Puffin,89,88,rotation,rotation,0,"{""angle"":5.047163}",1.5402763,0.69366205,-0.84661424,0.21432187,0.49974263,0.55049527,0.15567303,-0.3361734,0.3440696,0.680243,0.75966922,0.64876489,118.93889,77.163379,False,0.97916013,False,False,True,0.75966922,0.64876489,118.93889,77.163379,0.75327133,0.65210357,116.06043,75.683423,0.90859028,0.57828125,26.008387,15.040162,0.71336821,0.80178222,25.311548,20.294349,0.75792017,0.63716185,50.5516,32.209551,0.74098053,0.65536611,59.569896,39.040091,0.75422981,0.65107213,56.853053,37.015438,0.77562873,0.62954643,59.101975,37.207437
0b_rotation_best,file,14,baseline_rotation,4937,085.Horned_Lark/Horned_Lark_0046_73950.jpg,85,84,085.Horned_Lark,168,167,identity,identity,0,{},0.015639629,0.015639629,0,0.98448205,0.98448205,0.0066263573,0.0066263573,0.97785569,0.97785569,0,1,1,2.1138431,2.1138431,False,1.0000001,True,True,True,1,1,2.1138431,2.1138431,1,1,2.0656896,2.0656896,1,1,0.44861922,0.44861922,1,1,0.51097845,0.51097845,1,1,0.88492934,0.88492934,1,1,1.0601864,1.0601864,1,1,0.9419313,0.9419313,1,1,1.1007474,1.1007474
0b_rotation_best,file,14,baseline_rotation,4937,085.Horned_Lark/Horned_Lark_0046_73950.jpg,85,84,085.Horned_Lark,168,167,rotation,rotation,0,"{""angle"":-9.795632}",0.015639629,0.023093442,0.0074538123,0.98448205,0.97717118,0.0066263573,0.009028147,0.97785569,0.96814304,-0.009712657,0.83717082,1.5410402,2.1138431,3.2575172,False,0.9858622,True,True,True,0.83717082,1.5410402,2.1138431,3.2575172,0.8310043,1.546906,2.0656896,3.1954278,0.98391003,1.4109448,0.44861922,0.63297694,0.81208874,1.4692082,0.51097845,0.75073372,0.83633025,1.5774464,0.88492934,1.3959286,0.82715451,1.6354402,1.0601864,1.7338715,0.7978604,1.5550409,0.9419313,1.4647417,0.864906,1.4497948,1.1007474,1.5958579
0b_rotation_best,file,14,baseline_rotation,6726,115.Brewer_Sparrow/Brewer_Sparrow_0023_107489.jpg,115,114,115.Brewer_Sparrow,117,116,identity,identity,0,{},0.22239092,0.22239092,0,0.80060232,0.80060232,0.060625661,0.060625661,0.73997666,0.73997666,0,1,1,33.058104,33.058104,False,0.99999988,True,True,True,1,1,33.058104,33.058104,1,1,32.517573,32.517573,1,1,5.9536287,5.9536287,1,1,8.670437,8.670437,1,1,15.672039,15.672039,1,1,18.368931,18.368931,1,1,14.256253,14.256253,1,1,13.998033,13.998033
0b_rotation_best,file,14,baseline_rotation,6726,115.Brewer_Sparrow/Brewer_Sparrow_0023_107489.jpg,115,114,115.Brewer_Sparrow,117,116,rotation,rotation,0,"{""angle"":-4.942738}",0.22239092,0.086802013,-0.13558891,0.80060232,0.91685861,0.060625661,0.046520587,0.73997666,0.87033803,0.13036137,0.66701033,0.39054276,33.058104,12.910603,False,0.98671466,True,True,True,0.66701033,0.39054276,33.058104,12.910603,0.65551816,0.38714074,32.517573,12.588877,0.95805437,0.48109073,5.9536287,2.8642356,0.63486654,0.34878916,8.670437,3.0241544,0.47269518,0.33564644,15.672039,5.2602641,0.61684678,0.39439369,18.368931,7.2445903,0.71946558,0.41815557,14.256253,5.9613315,0.85594865,0.4143586,13.998033,5.8002051
0b_rotation_best,file,14,baseline_rotation,8770,150.Sage_Thrasher/Sage_Thrasher_0095_796446.jpg,150,149,150.Sage_Thrasher,129,128,identity,identity,0,{},0.0010963627,0.0010963627,0,0.99890423,0.99890423,0.00031297089,0.00031297089,0.99859126,0.99859126,0,1,1,0.14813152,0.14813152,False,0.99999988,True,True,True,1,1,0.14813152,0.14813152,1,1,0.14289255,0.14289255,1,1,0.039046975,0.039046975,1,1,0.02660597,0.02660597,1,1,0.050392798,0.050392798,1,1,0.071786139,0.071786139,1,1,0.073805926,0.073805926,1,1,0.081058035,0.081058035
0b_rotation_best,file,14,baseline_rotation,8770,150.Sage_Thrasher/Sage_Thrasher_0095_796446.jpg,150,149,150.Sage_Thrasher,129,128,rotation,rotation,0,"{""angle"":8.468398}",0.0010963627,0.0020299798,0.00093361712,0.99890423,0.99797207,0.00031297089,0.00051785586,0.99859126,0.99745422,-0.001137042,0.76926216,2.0745853,0.14813152,0.30731148,False,0.98644423,True,True,True,0.76926216,2.0745853,0.14813152,0.30731148,0.75499806,2.0862001,0.14289255,0.29810245,0.98039276,1.9122548,0.039046975,0.074667767,0.72000843,1.8293605,0.02660597,0.04867191,0.58681422,2.3387685,0.050392798,0.11785709,0.71269062,2.1189962,0.071786139,0.15211455,0.7660724,2.1187927,0.073805926,0.15637946,0.86731492,1.9511114,0.081058035,0.15815326
0b_rotation_best,file,14,baseline_rotation,4112,071.Long_tailed_Jaeger/Long_Tailed_Jaeger_0054_797088.jpg,71,70,071.Long_tailed_Jaeger,142,141,identity,identity,0,{},3.5672619,3.5672619,0,0.028233053,0.028233053,0.4042733,0.4042733,-0.37604025,-0.37604025,0,1,1,121.54401,121.54401,False,0.99999988,True,False,False,1,1,121.54401,121.54401,1,1,117.77203,117.77203,1,1,30.044861,30.044861,1,1,33.076317,33.076317,1,1,45.262079,45.262079,1,1,57.198881,57.198881,1,1,61.534373,61.534373,1,1,60.57526,60.57526
0b_rotation_best,file,14,baseline_rotation,4112,071.Long_tailed_Jaeger/Long_Tailed_Jaeger_0054_797088.jpg,71,70,071.Long_tailed_Jaeger,142,141,rotation,rotation,0,"{""angle"":-10.704844}",3.5672619,3.4848032,-0.082458735,0.028233053,0.030659795,0.4042733,0.51090109,-0.37604025,-0.4802413,-0.10420105,0.74529237,1.2190973,121.54401,148.17397,False,0.9799931,True,False,False,0.74529237,1.2190973,121.54401,148.17397,0.73052303,1.2197622,117.77203,143.65387,0.9743088,1.2088361,30.044861,36.319311,0.55780202,1.1273151,33.076317,37.287432,0.58748085,1.2906012,45.262079,58.415296,0.75285105,1.292126,57.198881,73.908163,0.77332192,1.1749023,61.534373,72.296878,0.80443363,1.1840647,60.57526,71.725026
0b_rotation_best,file,14,baseline_rotation,6465,111.Loggerhead_Shrike/Loggerhead_Shrike_0119_105138.jpg,111,110,111.Loggerhead_Shrike,78,77,identity,identity,0,{},0.095916577,0.095916577,0,0.90853983,0.90853983,0.051974803,0.051974803,0.85656503,0.85656503,0,1,1,18.275128,18.275128,False,1,True,True,True,1,1,18.275128,18.275128,1,1,17.916407,17.916407,1,1,3.6031447,3.6031447,1,1,4.3084249,4.3084249,1,1,9.2949654,9.2949654,1,1,9.4130086,9.4130086,1,1,8.4948162,8.4948162,1,1,7.4345206,7.4345206
0b_rotation_best,file,14,baseline_rotation,6465,111.Loggerhead_Shrike/Loggerhead_Shrike_0119_105138.jpg,111,110,111.Loggerhead_Shrike,78,77,rotation,rotation,0,"{""angle"":6.177638}",0.095916577,0.60028833,0.50437175,0.90853983,0.54865342,0.051974803,0.11486354,0.85656503,0.43378989,-0.42277514,0.747679,5.148799,18.275128,94.094958,False,0.97818196,True,True,True,0.747679,5.148799,18.275128,94.094958,0.74142013,5.1365882,17.916407,92.029204,0.89494159,5.4420061,3.6031447,19.608335,0.75866545,6.050057,4.3084249,26.066216,0.75800464,5.0387466,9.2949654,46.834975,0.72752738,5.0889465,9.4130086,47.902297,0.72618898,5.1183252,8.4948162,43.479232,0.75558067,5.0531545,7.4345206,37.567781
0b_rotation_best,file,14,baseline_rotation,2001,036.Northern_Flicker/Northern_Flicker_0037_28751.jpg,36,35,036.Northern_Flicker,189,188,identity,identity,0,{},0.34587833,0.34587833,0,0.70759857,0.70759857,0.28764117,0.28764117,0.4199574,0.4199574,0,1,1,52.286786,52.286786,False,0.99999988,True,True,True,1,1,52.286786,52.286786,1,1,50.945588,50.945588,1,1,11.766693,11.766693,1,1,6.6405517,6.6405517,1,1,22.124765,22.124765,1,1,27.704159,27.704159,1,1,24.008266,24.008266,1,1,26.794281,26.794281
0b_rotation_best,file,14,baseline_rotation,2001,036.Northern_Flicker/Northern_Flicker_0037_28751.jpg,36,35,036.Northern_Flicker,189,188,rotation,rotation,0,"{""angle"":-11.595545}",0.34587833,0.12765658,-0.21822175,0.70759857,0.88015556,0.28764117,0.1178477,0.4199574,0.76230786,0.34235046,0.80565126,0.42149487,52.286786,22.038612,False,0.97520208,True,True,True,0.80565126,0.42149487,52.286786,22.038612,0.79599122,0.4196482,50.945588,21.379224,0.97522291,0.4547263,11.766693,5.3506249,0.62736791,0.44211294,6.6405517,2.9358738,0.72207349,0.41775182,22.124765,9.2426609,0.83583277,0.42791093,27.704159,11.854913,0.77737347,0.41816032,24.008266,10.039304,0.82955734,0.41171865,26.794281,11.031705
0b_rotation_best,file,14,baseline_rotation,7827,134.Cape_Glossy_Starling/Cape_Glossy_Starling_0043_129358.jpg,134,133,134.Cape_Glossy_Starling,14,13,identity,identity,0,{},0.0037561357,0.0037561357,0,0.99625093,0.99625093,0.0014292992,0.0014292992,0.99482163,0.99482163,0,1,1,0.5205523,0.5205523,False,1,True,True,True,1,1,0.5205523,0.5205523,1,1,0.50857802,0.50857802,1,1,0.11100947,0.11100947,1,1,0.099412341,0.099412341,1,1,0.20548699,0.20548699,1,1,0.22567648,0.22567648,1,1,0.23215828,0.23215828,1,1,0.3189303,0.3189303
0b_rotation_best,file,14,baseline_rotation,7827,134.Cape_Glossy_Starling/Cape_Glossy_Starling_0043_129358.jpg,134,133,134.Cape_Glossy_Starling,14,13,rotation,rotation,0,"{""angle"":12.826031}",0.0037561357,0.0028644267,-0.000891709,0.99625093,0.99713969,0.0014292992,0.0012552178,0.99482163,0.99588447,0.0010628463,0.75370836,0.71697082,0.5205523,0.37322081,False,0.98170662,True,True,True,0.75370836,0.71697082,0.5205523,0.37322081,0.74142465,0.70947664,0.50857802,0.36082422,0.97969096,0.85931506,0.11100947,0.095392106,0.62003047,0.66404959,0.099412341,0.066014725,0.6960329,0.64954153,0.20548699,0.13347234,0.70046086,0.73053823,0.22567648,0.1648653,0.68329772,0.74255817,0.23215828,0.17239103,0.82497168,0.70893835,0.3189303,0.22610192
0b_rotation_best,file,14,baseline_rotation,11579,197.Marsh_Wren/Marsh_Wren_0094_188710.jpg,197,196,197.Marsh_Wren,123,122,identity,identity,0,{},1.1533861,1.1533861,0,0.31556642,0.31556642,0.16192144,0.16192144,0.15364498,0.15364498,0,1,1,128.62926,128.62926,False,0.99999994,True,True,True,1,1,128.62926,128.62926,1,1,127.44572,127.44572,1,1,17.408988,17.408988,1,1,30.790786,30.790786,1,1,62.985259,62.985259,1,1,81.901177,81.901177,1,1,50.124372,50.124372,1,1,45.901435,45.901435
0b_rotation_best,file,14,baseline_rotation,11579,197.Marsh_Wren/Marsh_Wren_0094_188710.jpg,197,196,197.Marsh_Wren,123,122,rotation,rotation,0,"{""angle"":-4.841934}",1.1533861,1.1527934,-0.00059270859,0.31556642,0.31575349,0.16192144,0.16111007,0.15364498,0.15464342,0.0009984374,0.90539674,1.030011,128.62926,132.48955,False,0.98461962,True,True,True,0.90539674,1.030011,128.62926,132.48955,0.90397054,1.0299257,127.44572,131.25962,0.98149571,1.0345728,17.408988,18.010866,0.90058071,0.95273348,30.790786,29.335413,0.8798397,1.0159908,62.985259,63.992443,0.92189097,1.0454129,81.901177,85.620546,0.88507756,1.0427879,50.124372,52.269089,0.91689446,1.0242931,45.901435,47.016525
0b_rotation_best,file,14,baseline_rotation,7688,132.White_crowned_Sparrow/White_Crowned_Sparrow_0087_128008.jpg,132,131,132.White_crowned_Sparrow,122,121,identity,identity,0,{},0.22482766,0.22482766,0,0.79865384,0.79865384,0.052468788,0.052468788,0.74618505,0.74618505,0,1,1,23.555882,23.555882,False,0.99999988,True,True,True,1,1,23.555882,23.555882,1,1,22.892586,22.892586,1,1,5.550592,5.550592,1,1,4.9286759,4.9286759,1,1,9.5463193,9.5463193,1,1,11.550964,11.550964,1,1,10.717,10.717,1,1,12.663632,12.663632
0b_rotation_best,file,14,baseline_rotation,7688,132.White_crowned_Sparrow/White_Crowned_Sparrow_0087_128008.jpg,132,131,132.White_crowned_Sparrow,122,121,rotation,rotation,0,"{""angle"":-0.160633}",0.22482766,0.21220607,-0.012621596,0.79865384,0.80879802,0.052468788,0.048236568,0.74618505,0.76056145,0.014376394,0.96588127,0.98037101,23.555882,23.093504,False,0.99896765,True,True,True,0.96588127,0.98037101,23.555882,23.093504,0.9640109,0.98172297,22.892586,22.474178,0.99881115,0.95708132,5.550592,5.312368,0.93029487,0.97745885,4.9286759,4.8175779,0.95404338,1.0165914,9.5463193,9.7047058,0.96039112,0.98460785,11.550964,11.37317,0.96350835,0.99469733,10.717,10.660171,0.97977317,0.94992879,12.663632,12.029549
0b_rotation_best,file,14,baseline_rotation,6623,114.Black_throated_Sparrow/Black_Throated_Sparrow_0033_107042.jpg,114,113,114.Black_throated_Sparrow,148,147,identity,identity,0,{},0.0029547627,0.0029547627,0,0.99704957,0.99704957,0.0010745777,0.0010745777,0.99597499,0.99597499,0,1,1,0.3336004,0.3336004,False,1,True,True,True,1,1,0.3336004,0.3336004,1,1,0.32060326,0.32060326,1,1,0.092210474,0.092210474,1,1,0.064564715,0.064564715,1,1,0.11407811,0.11407811,1,1,0.13826458,0.13826458,1,1,0.15755689,0.15755689,1,1,0.20411459,0.20411459
0b_rotation_best,file,14,baseline_rotation,6623,114.Black_throated_Sparrow/Black_Throated_Sparrow_0033_107042.jpg,114,113,114.Black_throated_Sparrow,148,147,rotation,rotation,0,"{""angle"":5.838589}",0.0029547627,0.001407943,-0.0015468197,0.99704957,0.99859303,0.0010745777,0.00070343161,0.99597499,0.9978896,0.0019146084,0.79701466,0.50644362,0.3336004,0.16894979,False,0.98848563,True,True,True,0.79701466,0.50644362,0.3336004,0.16894979,0.78088161,0.50361471,0.32060326,0.16146052,0.98081048,0.53946887,0.092210474,0.04974468,0.81389756,0.44714129,0.064564715,0.02886955,0.68754152,0.47237287,0.11407811,0.053887406,0.68817272,0.56206251,0.13826458,0.077713337,0.75657866,0.49638952,0.15755689,0.078209588,0.87230919,0.49421564,0.20411459,0.10087662
0b_rotation_best,file,14,baseline_rotation,2550,045.Northern_Fulmar/Northern_Fulmar_0083_43618.jpg,45,44,045.Northern_Fulmar,72,71,identity,identity,0,{},6.3882475,6.3882475,0,0.0016812001,0.0016812001,0.63807023,0.63807023,-0.63638903,-0.63638903,0,1,1,183.64993,183.64993,False,1.0000002,True,False,False,1,1,183.64993,183.64993,1,1,179.38941,179.38941,1,1,39.328569,39.328569,1,1,43.629883,43.629883,1,1,84.731735,84.731735,1,1,94.063172,94.063172,1,1,77.468005,77.468005,1,1,90.820459,90.820459
0b_rotation_best,file,14,baseline_rotation,2550,045.Northern_Fulmar/Northern_Fulmar_0083_43618.jpg,45,44,045.Northern_Fulmar,72,71,rotation,rotation,0,"{""angle"":-10.501813}",6.3882475,6.1940136,-0.19423389,0.0016812001,0.002041616,0.63807023,0.8171972,-0.63638903,-0.81515559,-0.17876656,0.81954171,1.2584029,183.64993,231.10561,False,0.95108545,True,False,False,0.81954171,1.2584029,183.64993,231.10561,0.81478147,1.265762,179.38941,227.0643,0.94248474,1.0941229,39.328569,43.03029,0.80269543,1.7177993,43.629883,74.94738,0.83265084,1.2663156,84.731735,107.29712,0.84222893,1.2111885,94.063172,113.92823,0.77143996,1.2978779,77.468005,100.54401,0.82297671,1.1725102,90.820459,106.48792
0b_rotation_best,file,14,baseline_rotation,6381,109.American_Redstart/American_Redstart_0031_102890.jpg,109,108,109.American_Redstart,171,170,identity,identity,0,{},0.076266222,0.076266222,0,0.92656952,0.92656952,0.018540308,0.018540308,0.90802921,0.90802921,0,1,1,12.773267,12.773267,False,0.99999994,True,True,True,1,1,12.773267,12.773267,1,1,12.632209,12.632209,1,1,1.8930546,1.8930546,1,1,2.7592911,2.7592911,1,1,5.7093098,5.7093098,1,1,6.8011854,6.8011854,1,1,6.33791,6.33791,1,1,5.7391258,5.7391258
0b_rotation_best,file,14,baseline_rotation,6381,109.American_Redstart/American_Redstart_0031_102890.jpg,109,108,109.American_Redstart,171,170,rotation,rotation,0,"{""angle"":-2.668414}",0.076266222,0.095980257,0.019714035,0.92656952,0.90848196,0.018540308,0.039898269,0.90802921,0.86858369,-0.039445527,0.89316644,1.3064073,12.773267,16.687089,False,0.98734349,True,True,True,0.89316644,1.3064073,12.773267,16.687089,0.89131664,1.3055023,12.632209,16.491377,0.97345975,1.3460896,1.8930546,2.548221,0.90656955,1.4413155,2.7592911,3.9770091,0.89078174,1.3969172,5.7093098,7.9754329,0.89743976,1.3360777,6.8011854,9.086912,0.87828037,1.1743189,6.33791,7.4427276,0.90284841,1.2872178,5.7391258,7.3875049
0b_rotation_best,file,14,baseline_rotation,10708,182.Yellow_Warbler/Yellow_Warbler_0067_176856.jpg,182,181,182.Yellow_Warbler,175,174,identity,identity,0,{},0.013919656,0.013919656,0,0.98617679,0.98617679,0.0070292396,0.0070292396,0.97914755,0.97914755,0,1,1,2.2737407,2.2737407,False,1,True,True,True,1,1,2.2737407,2.2737407,1,1,2.2108103,2.2108103,1,1,0.53123878,0.53123878,1,1,0.72084118,0.72084118,1,1,0.945403,0.945403,1,1,1.13311,1.13311,1,1,1.0231097,1.0231097,1,1,1.0693885,1.0693885
0b_rotation_best,file,14,baseline_rotation,10708,182.Yellow_Warbler/Yellow_Warbler_0067_176856.jpg,182,181,182.Yellow_Warbler,175,174,rotation,rotation,0,"{""angle"":-6.37114}",0.013919656,0.025385857,0.0114662,0.98617679,0.97493368,0.0070292396,0.0058058342,0.97914755,0.96912785,-0.0100197,0.81411101,2.1226111,2.2737407,4.8262673,False,0.99044436,True,True,True,0.81411101,2.1226111,2.2737407,4.8262673,0.80805017,2.1339809,2.2108103,4.7178268,0.93562054,1.9150199,0.53123878,1.0173329,0.92049188,2.1347846,0.72084118,1.5388407,0.7934516,2.1799462,0.945403,2.0609277,0.76984557,2.1583962,1.13311,2.4457002,0.80168323,2.223625,1.0231097,2.2750122,0.82200746,1.9804349,1.0693885,2.1178542
0b_rotation_best,file,14,baseline_rotation,479,009.Brewer_Blackbird/Brewer_Blackbird_0116_2327.jpg,9,8,009.Brewer_Blackbird,11,10,identity,identity,0,{},0.079938859,0.079938859,0,0.92317277,0.92317277,0.040741876,0.040741876,0.8824309,0.8824309,0,1,1,10.977671,10.977671,False,1,True,True,True,1,1,10.977671,10.977671,1,1,10.602806,10.602806,1,1,2.8442519,2.8442519,1,1,2.4233669,2.4233669,1,1,4.4213341,4.4213341,1,1,5.2477469,5.2477469,1,1,5.4020225,5.4020225,1,1,5.5025355,5.5025355
0b_rotation_best,file,14,baseline_rotation,479,009.Brewer_Blackbird/Brewer_Blackbird_0116_2327.jpg,9,8,009.Brewer_Blackbird,11,10,rotation,rotation,0,"{""angle"":-2.157986}",0.079938859,0.13273515,0.052796289,0.92317277,0.87569702,0.040741876,0.024076145,0.8824309,0.85162087,-0.030810025,0.74582141,1.5427507,10.977671,16.93581,False,0.98929876,True,True,True,0.74582141,1.5427507,10.977671,16.93581,0.73382564,1.5485635,10.602806,16.419118,0.92390701,1.4595788,2.8442519,4.1514099,0.76497443,1.7540561,2.4233669,4.2507215,0.55653296,1.6252715,4.4213341,7.1858681,0.71363091,1.4436629,5.2477469,7.5759778,0.78526838,1.579063,5.4020225,8.5301338,0.8190441,1.5174931,5.5025355,8.3500594
0b_rotation_best,file,14,baseline_rotation,4952,085.Horned_Lark/Horned_Lark_0138_74083.jpg,85,84,085.Horned_Lark,135,134,identity,identity,0,{},0.10481121,0.10481121,0,0.90049452,0.90049452,0.023337122,0.023337122,0.87715739,0.87715739,0,1,1,16.301881,16.301881,False,1,True,True,True,1,1,16.301881,16.301881,1,1,16.051643,16.051643,1,1,2.8453613,2.8453613,1,1,2.6087788,2.6087788,1,1,7.2607101,7.2607101,1,1,9.007412,9.007412,1,1,7.8880539,7.8880539,1,1,7.4011311,7.4011311
0b_rotation_best,file,14,baseline_rotation,4952,085.Horned_Lark/Horned_Lark_0138_74083.jpg,85,84,085.Horned_Lark,135,134,rotation,rotation,0,"{""angle"":10.160309}",0.10481121,0.026344106,-0.078467101,0.90049452,0.97399986,0.023337122,0.0037673048,0.87715739,0.97023255,0.093075159,0.7187994,0.28320552,16.301881,4.6167827,False,0.95549506,True,True,True,0.7187994,0.28320552,16.301881,4.6167827,0.711977,0.28322856,16.051643,4.5462838,0.93650483,0.28247115,2.8453613,0.80373247,0.60027173,0.3653259,2.6087788,0.95305446,0.65496971,0.28183479,7.2607101,2.0463207,0.72891298,0.29249958,9.007412,2.6346642,0.71092815,0.28067672,7.8880539,2.2139931,0.77091265,0.26094012,7.4011311,1.931252
0b_rotation_best,file,14,baseline_rotation,10656,181.Worm_eating_Warbler/Worm_Eating_Warbler_0074_176093.jpg,181,180,181.Worm_eating_Warbler,157,156,identity,identity,0,{},0.40947506,0.40947506,0,0.66399872,0.66399872,0.07557182,0.07557182,0.5884269,0.5884269,0,1,1,59.775065,59.775065,False,1.0000001,True,True,True,1,1,59.775065,59.775065,1,1,59.086449,59.086449,1,1,9.0470927,9.0470927,1,1,13.349621,13.349621,1,1,26.703076,26.703076,1,1,32.784446,32.784446,1,1,29.070361,29.070361,1,1,26.077501,26.077501
0b_rotation_best,file,14,baseline_rotation,10656,181.Worm_eating_Warbler/Worm_Eating_Warbler_0074_176093.jpg,181,180,181.Worm_eating_Warbler,157,156,rotation,rotation,0,"{""angle"":9.257764}",0.40947506,0.24060065,-0.16887441,0.66399872,0.78615552,0.07557182,0.026688455,0.5884269,0.75946707,0.17104016,0.78812144,0.65937919,59.775065,39.414434,False,0.96034765,True,True,True,0.78812144,0.65937919,59.775065,39.414434,0.78442947,0.6596877,59.086449,38.978604,0.94908128,0.64608272,9.0470927,5.8451702,0.7633822,0.86276787,13.349621,11.517624,0.75510955,0.62585048,26.703076,16.712133,0.78550978,0.63951853,32.784446,20.966261,0.78412365,0.66648556,29.070361,19.374976,0.83128724,0.65573403,26.077501,17.099905
0b_rotation_best,file,14,baseline_rotation,3630,063.Ivory_Gull/Ivory_Gull_0117_49227.jpg,63,62,063.Ivory_Gull,62,61,identity,identity,0,{},0.017354069,0.017354069,0,0.98279566,0.98279566,0.0058226767,0.0058226767,0.97697298,0.97697298,0,1,1,3.2148983,3.2148983,False,0.99999994,True,True,True,1,1,3.2148983,3.2148983,1,1,3.1779122,3.1779122,1,1,0.48625656,0.48625656,1,1,0.76651508,0.76651508,1,1,1.2483246,1.2483246,1,1,1.5581069,1.5581069,1,1,1.6463055,1.6463055,1,1,1.6778699,1.6778699
0b_rotation_best,file,14,baseline_rotation,3630,063.Ivory_Gull/Ivory_Gull_0117_49227.jpg,63,62,063.Ivory_Gull,62,61,rotation,rotation,0,"{""angle"":-9.03164}",0.017354069,0.0036731174,-0.013680952,0.98279566,0.9963336,0.0058226767,0.00023127369,0.97697298,0.99610233,0.019129346,0.69073362,0.18017066,3.2148983,0.57923035,False,0.96947646,True,True,True,0.69073362,0.18017066,3.2148983,0.57923035,0.68436939,0.17950865,3.1779122,0.57046273,0.9336601,0.2064744,0.48625656,0.10039953,0.33987066,0.18124149,0.76651508,0.13892434,0.49633711,0.18385245,1.2483246,0.22950753,0.66961518,0.1746662,1.5581069,0.27214861,0.74525966,0.16946549,1.6463055,0.27899196,0.81550406,0.1899273,1.6778699,0.3186733
0b_rotation_best,file,14,baseline_rotation,10772,183.Northern_Waterthrush/Northern_Waterthrush_0055_177114.jpg,183,182,183.Northern_Waterthrush,163,162,identity,identity,0,{},0.70417428,0.70417428,0,0.49451673,0.49451673,0.24777348,0.24777348,0.24674325,0.24674325,0,1,1,114.15893,114.15893,False,1.0000001,True,True,True,1,1,114.15893,114.15893,1,1,113.00787,113.00787,1,1,16.170424,16.170424,1,1,21.989633,21.989633,1,1,56.116425,56.116425,1,1,66.607373,66.607373,1,1,50.245185,50.245185,1,1,46.658975,46.658975
0b_rotation_best,file,14,baseline_rotation,10772,183.Northern_Waterthrush/Northern_Waterthrush_0055_177114.jpg,183,182,183.Northern_Waterthrush,163,162,rotation,rotation,0,"{""angle"":-0.640202}",0.70417428,0.46731558,-0.2368587,0.49451673,0.62668228,0.24777348,0.18321292,0.24674325,0.44346936,0.19672611,0.96048099,0.83522285,114.15893,95.348144,False,0.99308294,True,True,True,0.96048099,0.83522285,114.15893,95.348144,0.95999693,0.83668225,113.00787,94.551676,0.99078344,0.76054496,16.170424,12.298335,0.93968171,0.84392397,21.989633,18.557578,0.96016445,0.86422366,56.116425,48.497142,0.96531852,0.85524006,66.607373,56.965293,0.95548559,0.80472541,50.245185,40.433577,0.9617972,0.79146415,46.658975,36.928906
0b_rotation_best,file,14,baseline_rotation,4129,071.Long_tailed_Jaeger/Long_Tailed_Jaeger_0060_60886.jpg,71,70,071.Long_tailed_Jaeger,72,71,identity,identity,0,{},3.3037953,3.3037953,0,0.036743451,0.036743451,0.64392304,0.64392304,-0.60717959,-0.60717959,0,1,1,119.87021,119.87021,False,1.0000001,True,False,False,1,1,119.87021,119.87021,1,1,116.44075,116.44075,1,1,28.467864,28.467864,1,1,28.403571,28.403571,1,1,47.075398,47.075398,1,1,59.911287,59.911287,1,1,58.703785,58.703785,1,1,59.161601,59.161601
0b_rotation_best,file,14,baseline_rotation,4129,071.Long_tailed_Jaeger/Long_Tailed_Jaeger_0060_60886.jpg,71,70,071.Long_tailed_Jaeger,72,71,rotation,rotation,0,"{""angle"":-9.083321}",3.3037953,2.9190338,-0.38476157,0.036743451,0.053985819,0.64392304,0.83363491,-0.60717959,-0.77964909,-0.1724695,0.74946285,1.3055083,119.87021,156.49155,False,0.95274067,True,False,False,0.74946285,1.3055083,119.87021,156.49155,0.73889301,1.3091185,116.44075,152.43473,0.9365572,1.2435566,28.467864,35.4014,0.57945632,1.4670155,28.403571,41.668477,0.72763583,1.3939305,47.075398,65.619832,0.74667667,1.3489195,59.911287,80.815504,0.74630928,1.2832224,58.703785,75.33001,0.7816245,1.1938212,59.161601,70.628373
0b_rotation_best,file,14,baseline_rotation,11036,188.Pileated_Woodpecker/Pileated_Woodpecker_0004_180307.jpg,188,187,188.Pileated_Woodpecker,106,105,identity,identity,0,{},0.0074453256,0.0074453256,0,0.99258232,0.99258232,0.00095454737,0.00095454737,0.99162777,0.99162777,0,1,1,1.1927267,1.1927267,False,1,True,True,True,1,1,1.1927267,1.1927267,1,1,1.1699341,1.1699341,1,1,0.23205839,0.23205839,1,1,0.3012598,0.3012598,1,1,0.48127032,0.48127032,1,1,0.54857763,0.54857763,1,1,0.5623818,0.5623818,1,1,0.65510037,0.65510037
0b_rotation_best,file,14,baseline_rotation,11036,188.Pileated_Woodpecker/Pileated_Woodpecker_0004_180307.jpg,188,187,188.Pileated_Woodpecker,106,105,rotation,rotation,0,"{""angle"":-8.468376}",0.0074453256,0.012110632,0.0046653063,0.99258232,0.98796242,0.00095454737,0.00091121835,0.99162777,0.98705121,-0.0045765674,0.69385391,1.9087104,1.1927267,2.2765697,False,0.97662038,True,True,True,0.69385391,1.9087104,1.1927267,2.2765697,0.68469945,1.9170682,1.1699341,2.2428434,0.96471643,1.6823949,0.23205839,0.39041384,0.6337585,2.2596227,0.3012598,0.68073347,0.66303934,2.0710153,0.48127032,0.99671816,0.60999704,2.0746663,0.54857763,1.1381155,0.66031775,1.8877465,0.5623818,1.0616342,0.81598815,1.6377735,0.65510037,1.072906
0b_rotation_best,file,14,baseline_rotation,5450,094.White_breasted_Nuthatch/White_Breasted_Nuthatch_0068_86033.jpg,94,93,094.White_breasted_Nuthatch,112,111,identity,identity,0,{},0.00079731143,0.00079731143,0,0.99920303,0.99920303,0.00025485578,0.00025485578,0.99894817,0.99894817,0,1,1,0.13546907,0.13546907,False,0.99999988,True,True,True,1,1,0.13546907,0.13546907,1,1,0.1325579,0.1325579,1,1,0.027933378,0.027933378,1,1,0.022026701,0.022026701,1,1,0.074650342,0.074650342,1,1,0.064229038,0.064229038,1,1,0.056821055,0.056821055,1,1,0.064496084,0.064496084
0b_rotation_best,file,14,baseline_rotation,5450,094.White_breasted_Nuthatch/White_Breasted_Nuthatch_0068_86033.jpg,94,93,094.White_breasted_Nuthatch,112,111,rotation,rotation,0,"{""angle"":-5.427792}",0.00079731143,0.00055893534,-0.00023837609,0.99920303,0.99944121,0.00025485578,0.00011354349,0.99894817,0.99932766,0.00037949245,0.83964137,0.7988689,0.13546907,0.10822203,False,0.98741764,True,True,True,0.83964137,0.7988689,0.13546907,0.10822203,0.83425568,0.80154513,0.1325579,0.10625114,0.97465677,0.73602814,0.027933378,0.020559752,0.70329045,0.89294459,0.022026701,0.019668623,0.87847248,0.87370245,0.074650342,0.065222187,0.77056762,0.7636109,0.064229038,0.049045993,0.8064417,0.7784849,0.056821055,0.044234333,0.87998345,0.74137185,0.064496084,0.047815581
0b_rotation_best,file,14,baseline_rotation,4776,082.Ringed_Kingfisher/Ringed_Kingfisher_0017_73145.jpg,82,81,082.Ringed_Kingfisher,80,79,identity,identity,0,{},0.15845579,0.15845579,0,0.85346067,0.85346067,0.11494529,0.11494529,0.73851538,0.73851538,0,1,1,28.520003,28.520003,False,1,True,True,True,1,1,28.520003,28.520003,1,1,28.040423,28.040423,1,1,5.2081925,5.2081925,1,1,6.1445307,6.1445307,1,1,12.132139,12.132139,1,1,16.992057,16.992057,1,1,13.519323,13.519323,1,1,11.393822,11.393822
0b_rotation_best,file,14,baseline_rotation,4776,082.Ringed_Kingfisher/Ringed_Kingfisher_0017_73145.jpg,82,81,082.Ringed_Kingfisher,80,79,rotation,rotation,0,"{""angle"":2.882188}",0.15845579,0.1894203,0.030964509,0.85346067,0.82743865,0.11494529,0.13495733,0.73851538,0.69248132,-0.04603406,0.91763447,1.1992737,28.520003,34.203289,False,0.99173963,True,True,True,0.91763447,1.1992737,28.520003,34.203289,0.91507746,1.1988538,28.040423,33.616367,0.99103441,1.2113809,5.2081925,6.3091051,0.85282438,1.1793432,6.1445307,7.2465105,0.90822027,1.2539097,12.132139,15.212606,0.91755734,1.1785279,16.992057,20.025614,0.91750761,1.1740387,13.519323,15.872208,0.93375803,1.2198415,11.393822,13.898657
0b_rotation_best,file,14,baseline_rotation,6166,106.Horned_Puffin/Horned_Puffin_0082_100876.jpg,106,105,106.Horned_Puffin,89,88,identity,identity,0,{},0.094411068,0.094411068,0,0.90990865,0.90990865,0.026857484,0.026857484,0.88305117,0.88305117,0,1,1,13.057821,13.057821,False,1,True,True,True,1,1,13.057821,13.057821,1,1,12.831484,12.831484,1,1,2.4206832,2.4206832,1,1,3.5075134,3.5075134,1,1,5.1658947,5.1658947,1,1,5.6968104,5.6968104,1,1,6.5452143,6.5452143,1,1,7.0967869,7.0967869
0b_rotation_best,file,14,baseline_rotation,6166,106.Horned_Puffin/Horned_Puffin_0082_100876.jpg,106,105,106.Horned_Puffin,89,88,rotation,rotation,0,"{""angle"":-12.371478}",0.094411068,0.13993667,0.045525603,0.90990865,0.86941332,0.026857484,0.013698618,0.88305117,0.8557147,-0.02733647,0.68478796,1.429286,13.057821,18.66336,False,0.96109509,True,True,True,0.68478796,1.429286,13.057821,18.66336,0.67623082,1.4318325,12.831484,18.372535,0.9397018,1.3557807,2.4206832,3.2819156,0.58677442,1.5505544,3.5075134,5.4385904,0.6324446,1.2787596,5.1658947,6.6059376,0.62777954,1.552144,5.6968104,8.8422702,0.68878195,1.4600627,6.5452143,9.556423,0.75156784,1.3721252,7.0967869,9.73768
0b_rotation_best,file,14,baseline_rotation,6776,116.Chipping_Sparrow/Chipping_Sparrow_0010_109760.jpg,116,115,116.Chipping_Sparrow,174,173,identity,identity,0,{},4.4201193,4.4201193,0,0.012032795,0.012032795,0.31852511,0.31852511,-0.30649231,-0.30649231,0,1,1,188.5305,188.5305,False,1,True,False,False,1,1,188.5305,188.5305,1,1,186.05742,186.05742,1,1,30.436631,30.436631,1,1,28.354945,28.354945,1,1,77.342697,77.342697,1,1,110.04164,110.04164,1,1,95.056387,95.056387,1,1,81.77155,81.77155
0b_rotation_best,file,14,baseline_rotation,6776,116.Chipping_Sparrow/Chipping_Sparrow_0010_109760.jpg,116,115,116.Chipping_Sparrow,174,173,rotation,rotation,0,"{""angle"":-9.110071}",4.4201193,4.768167,0.34804773,0.012032795,0.008495939,0.31852511,0.25283894,-0.30649231,-0.244343,0.06214931,0.71363734,1.0341248,188.5305,194.96406,False,0.91758263,False,False,False,0.71363734,1.0341248,188.5305,194.96406,0.70912433,1.0328679,186.05742,192.17273,0.87560576,1.0800439,30.436631,32.872897,0.39592637,1.0027527,28.354945,28.432996,0.58923638,1.0011696,77.342697,77.433158,0.73472437,1.083012,110.04164,119.17642,0.72754194,1.0069998,95.056387,95.721761,0.78107514,1.005501,81.77155,82.221374
0b_rotation_best,file,14,baseline_rotation,5910,101.White_Pelican/White_Pelican_0047_97190.jpg,101,100,101.White_Pelican,100,99,identity,identity,0,{},0.00069510617,0.00069510617,0,0.99930513,0.99930513,0.0002235117,0.0002235117,0.99908162,0.99908162,0,1,1,0.10470037,0.10470037,False,0.99999988,True,True,True,1,1,0.10470037,0.10470037,1,1,0.10195221,0.10195221,1,1,0.023830933,0.023830933,1,1,0.018324368,0.018324368,1,1,0.04146523,0.04146523,1,1,0.049815312,0.049815312,1,1,0.048716061,0.048716061,1,1,0.059027842,0.059027842
0b_rotation_best,file,14,baseline_rotation,5910,101.White_Pelican/White_Pelican_0047_97190.jpg,101,100,101.White_Pelican,100,99,rotation,rotation,0,"{""angle"":7.568571}",0.00069510617,0.0013465156,0.00065140944,0.99930513,0.99865437,0.0002235117,0.00042996049,0.99908162,0.99822441,-0.0008572123,0.82209433,1.9580038,0.10470037,0.20500372,False,0.98651767,True,True,True,0.82209433,1.9580038,0.10470037,0.20500372,0.81406344,1.9661197,0.10195221,0.20045026,0.98531321,1.8030204,0.023830933,0.042967658,0.72826624,2.3557649,0.018324368,0.043167904,0.76787144,1.9765531,0.04146523,0.081958229,0.80876136,1.9920351,0.049815312,0.099233852,0.77092894,1.9984558,0.048716061,0.097356894,0.88636698,1.8768757,0.059027842,0.11078792
0b_rotation_best,file,14,baseline_rotation,2998,052.Pied_billed_Grebe/Pied_Billed_Grebe_0052_35937.jpg,52,51,052.Pied_billed_Grebe,46,45,identity,identity,0,{},0.00050555798,0.00050555798,0,0.99949455,0.99949455,0.00026434625,0.00026434625,0.99923021,0.99923021,0,1,1,0.0694164,0.0694164,False,0.99999988,True,True,True,1,1,0.0694164,0.0694164,1,1,0.066713051,0.066713051,1,1,0.019183465,0.019183465,1,1,0.010343941,0.010343941,1,1,0.024916411,0.024916411,1,1,0.032143566,0.032143566,1,1,0.031702617,0.031702617,1,1,0.04104317,0.04104317
0b_rotation_best,file,14,baseline_rotation,2998,052.Pied_billed_Grebe/Pied_Billed_Grebe_0052_35937.jpg,52,51,052.Pied_billed_Grebe,46,45,rotation,rotation,0,"{""angle"":-1.847791}",0.00050555798,0.0010220548,0.00051649683,0.99949455,0.9989785,0.00026434625,0.00044868002,0.99923021,0.99852982,-0.00070039078,0.87547257,2.079905,0.0694164,0.14437952,False,0.99297279,True,True,True,0.87547257,2.079905,0.0694164,0.14437952,0.86717064,2.0940805,0.066713051,0.1397025,0.98997445,1.9001129,0.019183465,0.036450748,0.8452399,2.4441222,0.010343941,0.025281855,0.79261944,2.251554,0.024916411,0.056100644,0.8449499,2.1849011,0.032143566,0.070230513,0.85860237,2.0606736,0.031702617,0.065328746,0.92482429,1.9688886,0.04104317,0.08080943
0b_rotation_best,file,14,baseline_rotation,3365,058.Pigeon_Guillemot/Pigeon_Guillemot_0058_40184.jpg,58,57,058.Pigeon_Guillemot,8,7,identity,identity,0,{},0.11694409,0.11694409,0,0.88963491,0.88963491,0.037113044,0.037113044,0.85252186,0.85252186,0,1,1,19.232142,19.232142,False,1,True,True,True,1,1,19.232142,19.232142,1,1,18.925357,18.925357,1,1,3.4214263,3.4214263,1,1,4.3412406,4.3412406,1,1,8.5198226,8.5198226,1,1,10.550221,10.550221,1,1,8.5423813,8.5423813,1,1,9.0805257,9.0805257
0b_rotation_best,file,14,baseline_rotation,3365,058.Pigeon_Guillemot/Pigeon_Guillemot_0058_40184.jpg,58,57,058.Pigeon_Guillemot,8,7,rotation,rotation,0,"{""angle"":2.834544}",0.11694409,0.10906833,-0.0078757629,0.88963491,0.89666915,0.037113044,0.026328394,0.85252186,0.87034076,0.017818892,0.86921373,0.9650338,19.232142,18.559667,False,0.98110986,True,True,True,0.86921373,0.9650338,19.232142,18.559667,0.86594172,0.96478593,18.925357,18.258918,0.96855031,0.97258729,3.4214263,3.3276357,0.77246285,0.92448396,4.3412406,4.0134072,0.89014631,1.0139065,8.5198226,8.6383032,0.86914333,0.91608205,10.550221,9.6648679,0.83424791,0.98324673,8.5423813,8.3992684,0.89104638,0.97697759,9.0805257,8.8714701
0b_rotation_best,file,14,baseline_rotation,10968,187.American_Three_toed_Woodpecker/American_Three_Toed_Woodpecker_0008_179850.jpg,187,186,187.American_Three_toed_Woodpecker,34,33,identity,identity,0,{},2.2316396,2.2316396,0,0.10735227,0.10735227,0.089057803,0.089057803,0.018294469,0.018294469,0,1,1,186.11228,186.11228,False,1,True,True,True,1,1,186.11228,186.11228,1,1,184.74562,184.74562,1,1,22.513023,22.513023,1,1,32.3188,32.3188,1,1,92.489058,92.489058,1,1,117.08365,117.08365,1,1,83.391067,83.391067,1,1,62.205803,62.205803
0b_rotation_best,file,14,baseline_rotation,10968,187.American_Three_toed_Woodpecker/American_Three_Toed_Woodpecker_0008_179850.jpg,187,186,187.American_Three_toed_Woodpecker,34,33,rotation,rotation,0,"{""angle"":12.595579}",2.2316396,1.1420364,-1.0896032,0.10735227,0.31916839,0.089057803,0.019516373,0.018294469,0.29965202,0.28135755,0.79199181,0.86363841,186.11228,160.73371,False,0.94691336,True,True,True,0.79199181,0.86363841,186.11228,160.73371,0.79002113,0.86464774,184.74562,159.73988,0.9396909,0.79271746,22.513023,17.846466,0.68961923,1.0614612,32.3188,34.305153,0.75239975,0.79714916,92.489058,73.727576,0.82822846,0.89308698,117.08365,104.56588,0.77944536,0.83928579,83.391067,69.988937,0.79188675,0.89096862,62.205803,55.423419
0b_rotation_best,file,14,baseline_rotation,10980,187.American_Three_toed_Woodpecker/American_Three_Toed_Woodpecker_0013_179833.jpg,187,186,187.American_Three_toed_Woodpecker,190,189,identity,identity,0,{},0.012214268,0.012214268,0,0.98786002,0.98786002,0.0087789884,0.0087789884,0.97908104,0.97908104,0,1,1,3.3398637,3.3398637,False,1,True,True,True,1,1,3.3398637,3.3398637,1,1,3.3048289,3.3048289,1,1,0.48248867,0.48248867,1,1,0.8098052,0.8098052,1,1,1.4804506,1.4804506,1,1,1.8760378,1.8760378,1,1,1.6577199,1.6577199,1,1,1.3441811,1.3441811
0b_rotation_best,file,14,baseline_rotation,10980,187.American_Three_toed_Woodpecker/American_Three_Toed_Woodpecker_0013_179833.jpg,187,186,187.American_Three_toed_Woodpecker,190,189,rotation,rotation,0,"{""angle"":5.639044}",0.012214268,0.023412799,0.011198532,0.98786002,0.97685915,0.0087789884,0.019840468,0.97908104,0.95701868,-0.022062351,0.88047647,2.0280958,3.3398637,6.7735637,False,0.98764193,True,True,True,0.88047647,2.0280958,3.3398637,6.7735637,0.87834607,2.0280645,3.3048289,6.7024062,0.98035311,2.0295668,0.48248867,0.979243,0.88146701,2.4591885,0.8098052,1.9914637,0.84059615,1.917612,1.4804506,2.8389299,0.88942916,2.0474804,1.8760378,3.8411506,0.88090091,1.9941255,1.6577199,3.3057015,0.90417759,1.9982567,1.3441811,2.6860189
0b_rotation_best,file,14,baseline_rotation,9585,163.Cape_May_Warbler/Cape_May_Warbler_0040_163036.jpg,163,162,163.Cape_May_Warbler,182,181,identity,identity,0,{},0.014833631,0.014833631,0,0.98527586,0.98527586,0.004874479,0.004874479,0.98040139,0.98040139,0,1,1,1.9351627,1.9351627,False,1,True,True,True,1,1,1.9351627,1.9351627,1,1,1.885232,1.885232,1,1,0.43675514,0.43675514,1,1,0.3853078,0.3853078,1,1,0.73365775,0.73365775,1,1,1.0005411,1.0005411,1,1,0.95289097,0.95289097,1,1,0.97892799,0.97892799
0b_rotation_best,file,14,baseline_rotation,9585,163.Cape_May_Warbler/Cape_May_Warbler_0040_163036.jpg,163,162,163.Cape_May_Warbler,182,181,rotation,rotation,0,"{""angle"":9.799704}",0.014833631,0.0086713675,-0.0061622635,0.98527586,0.99136615,0.004874479,0.0033152462,0.98040139,0.9880509,0.0076495162,0.83378058,0.69772193,1.9351627,1.3502055,False,0.98586589,True,True,True,0.83378058,0.69772193,1.9351627,1.3502055,0.82643382,0.70003853,1.885232,1.319735,0.98242722,0.65305843,0.43675514,0.28522663,0.82720838,0.78478795,0.3853078,0.30238492,0.80963646,0.78057338,0.73365775,0.57267371,0.80594557,0.7206463,1.0005411,0.72103627,0.82889178,0.66851236,0.95289097,0.63701939,0.86787424,0.64333546,0.97892799,0.62977909
0b_rotation_best,file,14,baseline_rotation,5511,095.Baltimore_Oriole/Baltimore_Oriole_0020_87066.jpg,95,94,095.Baltimore_Oriole,96,95,identity,identity,0,{},0.3015542,0.3015542,0,0.73966771,0.73966771,0.20674627,0.20674627,0.53292145,0.53292145,0,1,1,42.747591,42.747591,False,1,True,True,True,1,1,42.747591,42.747591,1,1,41.516495,41.516495,1,1,10.185147,10.185147,1,1,6.551863,6.551863,1,1,17.230089,17.230089,1,1,23.407104,23.407104,1,1,20.673253,20.673253,1,1,20.212384,20.212384
0b_rotation_best,file,14,baseline_rotation,5511,095.Baltimore_Oriole/Baltimore_Oriole_0020_87066.jpg,95,94,095.Baltimore_Oriole,96,95,rotation,rotation,0,"{""angle"":-1.036821}",0.3015542,0.28058463,-0.02096957,0.73966771,0.75534201,0.20674627,0.12246663,0.53292145,0.63287538,0.099953927,0.85235043,0.95438805,42.747591,40.79779,False,0.9905197,True,True,True,0.85235043,0.95438805,42.747591,40.79779,0.84761581,0.96145029,41.516495,39.916046,0.95268531,0.82828168,10.185147,8.4361709,0.63008924,1.6462576,6.551863,10.786054,0.83017253,0.96323927,17.230089,16.596699,0.88194654,0.93654963,23.407104,21.921915,0.86384737,0.95916581,20.673253,19.829078,0.86372554,0.89566638,20.212384,18.103553
0b_rotation_best,file,14,baseline_rotation,1671,030.Fish_Crow/Fish_Crow_0003_25970.jpg,30,29,030.Fish_Crow,29,28,identity,identity,0,{},0.21363056,0.21363056,0,0.80764669,0.80764669,0.099136584,0.099136584,0.70851011,0.70851011,0,1,1,36.377498,36.377498,False,1,True,True,True,1,1,36.377498,36.377498,1,1,35.519063,35.519063,1,1,7.8561121,7.8561121,1,1,9.9791348,9.9791348,1,1,15.697274,15.697274,1,1,17.754303,17.754303,1,1,17.984075,17.984075,1,1,16.642538,16.642538
0b_rotation_best,file,14,baseline_rotation,1671,030.Fish_Crow/Fish_Crow_0003_25970.jpg,30,29,030.Fish_Crow,29,28,rotation,rotation,0,"{""angle"":0.91661}",0.21363056,0.65111899,0.43748844,0.80764669,0.52146196,0.099136584,0.15020467,0.70851011,0.37125729,-0.33725282,0.90097612,2.4597254,36.377498,89.478657,False,0.98889124,True,True,True,0.90097612,2.4597254,36.377498,89.478657,0.89775139,2.4648348,35.519063,87.548622,0.97096149,2.352854,7.8561121,18.484284,0.78846548,2.1563879,9.9791348,21.518885,0.88484918,2.634501,15.697274,41.354484,0.90396583,2.5465189,17.754303,45.211667,0.907109,2.3218416,17.984075,41.756174,0.933335,2.480241,16.642538,41.277507
0b_rotation_best,file,14,baseline_rotation,3774,065.Slaty_backed_Gull/Slaty_Backed_Gull_0002_53238.jpg,65,64,065.Slaty_backed_Gull,66,65,identity,identity,0,{},0.045103624,0.045103624,0,0.9558984,0.9558984,0.039965373,0.039965373,0.91593303,0.91593303,0,1,1,8.7628557,8.7628557,False,1,True,True,True,1,1,8.7628557,8.7628557,1,1,8.5490947,8.5490947,1,1,1.9236993,1.9236993,1,1,2.6140406,2.6140406,1,1,3.8055005,3.8055005,1,1,4.3142526,4.3142526,1,1,4.0306282,4.0306282,1,1,4.1125708,4.1125708
0b_rotation_best,file,14,baseline_rotation,3774,065.Slaty_backed_Gull/Slaty_Backed_Gull_0002_53238.jpg,65,64,065.Slaty_backed_Gull,66,65,rotation,rotation,0,"{""angle"":-12.281201}",0.045103624,0.0081816278,-0.036921997,0.9558984,0.99185175,0.039965373,0.0059359055,0.91593303,0.98591584,0.06998281,0.78231676,0.16862599,8.7628557,1.4776452,False,0.97996855,True,True,True,0.78231676,0.16862599,8.7628557,1.4776452,0.77270374,0.16866755,8.5490947,1.4419548,0.9731614,0.16780303,1.9236993,0.32280258,0.5794036,0.11933141,2.6140406,0.31193715,0.77803532,0.18196674,3.8055005,0.69247452,0.79762076,0.17596759,4.3142526,0.75916863,0.77030734,0.16106842,4.0306282,0.64920693,0.81284117,0.17272724,4.1125708,0.71035299
0b_rotation_best,file,14,baseline_rotation,10791,184.Louisiana_Waterthrush/Louisiana_Waterthrush_0015_177515.jpg,184,183,184.Louisiana_Waterthrush,99,98,identity,identity,0,{},3.4956441,3.4956441,0,0.030329211,0.030329211,0.43653047,0.43653047,-0.40620126,-0.40620126,0,1,1,198.31185,198.31185,False,0.99999988,True,False,False,1,1,198.31185,198.31185,1,1,195.828,195.828,1,1,31.288764,31.288764,1,1,60.661567,60.661567,1,1,99.979392,99.979392,1,1,108.75795,108.75795,1,1,82.000832,82.000832,1,1,78.23344,78.23344
0b_rotation_best,file,14,baseline_rotation,10791,184.Louisiana_Waterthrush/Louisiana_Waterthrush_0015_177515.jpg,184,183,184.Louisiana_Waterthrush,99,98,rotation,rotation,0,"{""angle"":12.106259}",3.4956441,2.848855,-0.64678907,0.030329211,0.057910584,0.43653047,0.01778256,-0.40620126,0.040128024,0.44632928,0.65075777,1.1060953,198.31185,219.3518,False,0.95175165,False,False,False,0.65075777,1.1060953,198.31185,219.3518,0.64633139,1.1056036,195.828,216.50813,0.82122707,1.1251867,31.288764,35.2057,0.84689643,1.3667505,60.661567,82.909227,0.49797549,1.0183258,99.979392,101.81159,0.64896232,1.1220391,108.75795,122.03068,0.66604516,1.1107449,82.000832,91.082008,0.71430501,1.0264727,78.23344,80.304487
0b_rotation_best,file,14,baseline_rotation,269,005.Crested_Auklet/Crested_Auklet_0066_785251.jpg,5,4,005.Crested_Auklet,7,6,identity,identity,0,{},0.043095484,0.043095484,0,0.95781994,0.95781994,0.021533698,0.021533698,0.93628624,0.93628624,0,1,1,8.7291098,8.7291098,False,1,True,True,True,1,1,8.7291098,8.7291098,1,1,8.6134607,8.6134607,1,1,1.4162105,1.4162105,1,1,1.570595,1.570595,1,1,4.1510535,4.1510535,1,1,4.8088481,4.8088481,1,1,4.1474435,4.1474435,1,1,3.7639587,3.7639587
0b_rotation_best,file,14,baseline_rotation,269,005.Crested_Auklet/Crested_Auklet_0066_785251.jpg,5,4,005.Crested_Auklet,7,6,rotation,rotation,0,"{""angle"":10.470037}",0.043095484,0.038982116,-0.0041133687,0.95781994,0.96176791,0.021533698,0.023399981,0.93628624,0.93836793,0.0020816904,0.83681096,0.87857302,8.7291098,7.6691604,False,0.97968185,True,True,True,0.83681096,0.87857302,8.7291098,7.6691604,0.83275699,0.87538676,8.6134607,7.5401095,0.97558965,0.98925183,1.4162105,1.4009888,0.77422621,1.0623786,1.570595,1.6685665,0.85935222,0.82220487,4.1510535,3.4130164,0.83453295,0.85277934,4.8088481,4.1008863,0.80340574,0.88081852,4.1474435,3.653145,0.85374441,0.93016498,3.7639587,3.5011026
0b_rotation_best,file,14,baseline_rotation,4032,070.Green_Violetear/Green_Violetear_0089_795698.jpg,70,69,070.Green_Violetear,67,66,identity,identity,0,{},0.0006685406,0.0006685406,0,0.99933165,0.99933165,0.00045616017,0.00045616017,0.99887549,0.99887549,0,1,1,0.12172139,0.12172139,False,0.99999994,True,True,True,1,1,0.12172139,0.12172139,1,1,0.11925725,0.11925725,1,1,0.024368118,0.024368118,1,1,0.021339622,0.021339622,1,1,0.070183667,0.070183667,1,1,0.063939323,0.063939323,1,1,0.045779738,0.045779738,1,1,0.051547479,0.051547479
0b_rotation_best,file,14,baseline_rotation,4032,070.Green_Violetear/Green_Violetear_0089_795698.jpg,70,69,070.Green_Violetear,67,66,rotation,rotation,0,"{""angle"":13.02281}",0.0006685406,0.0010523025,0.00038376194,0.99933165,0.99894828,0.00045616017,0.00072709442,0.99887549,0.99822118,-0.00065431133,0.87268827,1.5200723,0.12172139,0.18502531,False,0.98867369,True,True,True,0.87268827,1.5200723,0.12172139,0.18502531,0.86766768,1.516841,0.11925725,0.18089428,0.98807664,1.5955118,0.024368118,0.038879619,0.84068602,1.6213908,0.021339622,0.034599867,0.88587859,1.400924,0.070183667,0.098321982,0.88421776,1.5321216,0.063939323,0.097962818,0.80267049,1.6422312,0.045779738,0.075180915,0.87890978,1.5771634,0.051547479,0.081298796
0b_rotation_best,file,14,baseline_rotation,5581,096.Hooded_Oriole/Hooded_Oriole_0091_90821.jpg,96,95,096.Hooded_Oriole,139,138,identity,identity,0,{},0.71775103,0.71775103,0,0.48784819,0.48784819,0.22965212,0.22965212,0.25819607,0.25819607,0,1,1,92.862793,92.862793,False,0.99999988,True,True,True,1,1,92.862793,92.862793,1,1,91.180208,91.180208,1,1,17.597384,17.597384,1,1,23.194143,23.194143,1,1,34.007553,34.007553,1,1,46.182578,46.182578,1,1,46.769645,46.769645,1,1,47.949121,47.949121
0b_rotation_best,file,14,baseline_rotation,5581,096.Hooded_Oriole/Hooded_Oriole_0091_90821.jpg,96,95,096.Hooded_Oriole,139,138,rotation,rotation,0,"{""angle"":-7.926842}",0.71775103,2.0989585,1.3812075,0.48784819,0.12258402,0.22965212,0.45648363,0.25819607,-0.33389962,-0.59209569,0.85995661,1.8689072,92.862793,173.55194,False,0.98302895,False,True,False,0.85995661,1.8689072,92.862793,173.55194,0.85607849,1.8747858,91.180208,170.94336,0.97836238,1.7035149,17.597384,29.977405,0.88666818,1.9507245,23.194143,45.245383,0.8337262,1.9725369,34.007553,67.081153,0.86154421,1.8335175,46.182578,84.676563,0.8319568,1.8765241,46.769645,87.764365,0.87996132,1.8421271,47.949121,88.328377
0b_rotation_best,file,14,baseline_rotation,9536,163.Cape_May_Warbler/Cape_May_Warbler_0108_163108.jpg,163,162,163.Cape_May_Warbler,88,87,identity,identity,0,{},0.0069284667,0.0069284667,0,0.99309546,0.99309546,0.00094234035,0.00094234035,0.99215312,0.99215312,0,1,1,1.4226972,1.4226972,False,0.99999988,True,True,True,1,1,1.4226972,1.4226972,1,1,1.4086741,1.4086741,1,1,0.19925979,0.19925979,1,1,0.4092041,0.4092041,1,1,0.71041384,0.71041384,1,1,0.79919212,0.79919212,1,1,0.63047609,0.63047609,1,1,0.52537491,0.52537491
0b_rotation_best,file,14,baseline_rotation,9536,163.Cape_May_Warbler/Cape_May_Warbler_0108_163108.jpg,163,162,163.Cape_May_Warbler,88,87,rotation,rotation,0,"{""angle"":2.085275}",0.0069284667,0.010278506,0.0033500395,0.99309546,0.98977411,0.00094234035,0.00047901939,0.99215312,0.98929509,-0.0028580287,0.88594319,1.4812,1.4226972,2.107299,False,0.98547447,True,True,True,0.88594319,1.4812,1.4226972,2.107299,0.88414558,1.4809394,1.4086741,2.086161,0.97502362,1.4941664,0.19925979,0.29772728,0.93806876,1.4895532,0.4092041,0.60953127,0.89675373,1.5695557,0.71041384,1.1150341,0.86839701,1.4057264,0.79919212,1.1234454,0.86353723,1.4640264,0.63047609,0.92303367,0.89628252,1.502504,0.52537491,0.78937792
0b_rotation_best,file,14,baseline_rotation,2615,046.Gadwall/Gadwall_0030_31855.jpg,46,45,046.Gadwall,52,51,identity,identity,0,{},0.016143912,0.016143912,0,0.98398572,0.98398572,0.004227086,0.004227086,0.97975864,0.97975864,0,1,1,3.005852,3.005852,False,1,True,True,True,1,1,3.005852,3.005852,1,1,2.958776,2.958776,1,1,0.52989739,0.52989739,1,1,0.57788905,0.57788905,1,1,1.4883701,1.4883701,1,1,1.5916047,1.5916047,1,1,1.3059017,1.3059017,1,1,1.402344,1.402344
0b_rotation_best,file,14,baseline_rotation,2615,046.Gadwall/Gadwall_0030_31855.jpg,46,45,046.Gadwall,52,51,rotation,rotation,0,"{""angle"":-0.488865}",0.016143912,0.02817893,0.012035018,0.98398572,0.9722144,0.004227086,0.0050985953,0.97975864,0.96711581,-0.012642831,0.90582549,1.7497047,3.005852,5.2593536,False,0.98510045,True,True,True,0.90582549,1.7497047,3.005852,5.2593536,0.90379567,1.7525409,2.958776,5.1853759,0.97401157,1.6588498,0.52989739,0.87902017,0.84891422,1.9993575,0.57788905,1.1554068,0.91884565,1.7745981,1.4883701,2.6412588,0.91166419,1.6991133,1.5916047,2.7043168,0.88830157,1.7984396,1.3059017,2.3485854,0.90390959,1.7095962,1.402344,2.397442
0b_rotation_best,file,14,baseline_rotation,2793,049.Boat_tailed_Grackle/Boat_Tailed_Grackle_0043_33595.jpg,49,48,049.Boat_tailed_Grackle,34,33,identity,identity,0,{},4.2536602,4.2536602,0,0.014212123,0.014212123,0.15551077,0.15551077,-0.14129865,-0.14129865,0,1,1,121.44312,121.44312,False,1,True,False,False,1,1,121.44312,121.44312,1,1,118.94574,118.94574,1,1,24.501869,24.501869,1,1,24.769647,24.769647,1,1,54.974228,54.974228,1,1,66.733982,66.733982,1,1,53.930703,53.930703,1,1,56.128809,56.128809
0b_rotation_best,file,14,baseline_rotation,2793,049.Boat_tailed_Grackle/Boat_Tailed_Grackle_0043_33595.jpg,49,48,049.Boat_tailed_Grackle,34,33,rotation,rotation,0,"{""angle"":-12.607152}",4.2536602,3.8960266,-0.35763359,0.014212123,0.020322504,0.15551077,0.069319002,-0.14129865,-0.048996499,0.092302146,0.77368163,1.0541372,121.44312,128.01771,False,0.9535085,False,False,False,0.77368163,1.0541372,121.44312,128.01771,0.76640078,1.0520022,118.94574,125.13118,0.93813431,1.1032581,24.501869,27.031886,0.68604682,0.97237932,24.769647,24.085492,0.7377862,1.0456072,54.974228,57.481449,0.81336033,0.98830003,66.733982,65.953196,0.73133372,1.0788447,53.930703,58.182855,0.78263342,1.1322049,56.128809,63.54931
0b_rotation_best,file,14,baseline_rotation,8764,150.Sage_Thrasher/Sage_Thrasher_0025_155661.jpg,150,149,150.Sage_Thrasher,194,193,identity,identity,0,{},0.38884419,0.38884419,0,0.67783988,0.67783988,0.27998307,0.27998307,0.3978568,0.3978568,0,1,1,107.40586,107.40586,False,1,True,True,True,1,1,107.40586,107.40586,1,1,106.62943,106.62943,1,1,12.891285,12.891285,1,1,15.969217,15.969217,1,1,56.903059,56.903059,1,1,65.127927,65.127927,1,1,46.735231,46.735231,1,1,38.092412,38.092412
0b_rotation_best,file,14,baseline_rotation,8764,150.Sage_Thrasher/Sage_Thrasher_0025_155661.jpg,150,149,150.Sage_Thrasher,194,193,rotation,rotation,0,"{""angle"":-11.047634}",0.38884419,0.073472433,-0.31537176,0.67783988,0.92916173,0.27998307,0.048203692,0.3978568,0.88095804,0.48310123,0.86002472,0.1656486,107.40586,17.791631,False,0.97933912,True,True,True,0.86002472,0.1656486,107.40586,17.791631,0.85843824,0.16488083,106.62943,17.581149,0.97103958,0.21166383,12.891285,2.7286187,0.74380667,0.17321326,15.969217,2.7660801,0.84945332,0.15175497,56.903059,8.6353217,0.89029272,0.15975195,65.127927,10.404313,0.83659626,0.17064695,46.735231,7.9752245,0.86331481,0.19473012,38.092412,7.41774
0b_rotation_best,file,14,baseline_rotation,2169,038.Great_Crested_Flycatcher/Great_Crested_Flycatcher_0069_29603.jpg,38,37,038.Great_Crested_Flycatcher,39,38,identity,identity,0,{},0.89757371,0.89757371,0,0.40755731,0.40755731,0.29077446,0.29077446,0.11678284,0.11678284,0,1,1,109.01569,109.01569,False,0.99999988,True,True,True,1,1,109.01569,109.01569,1,1,107.25892,107.25892,1,1,19.492192,19.492192,1,1,28.667898,28.667898,1,1,53.700787,53.700787,1,1,55.066154,55.066154,1,1,50.976068,50.976068,1,1,46.561913,46.561913
0b_rotation_best,file,14,baseline_rotation,2169,038.Great_Crested_Flycatcher/Great_Crested_Flycatcher_0069_29603.jpg,38,37,038.Great_Crested_Flycatcher,39,38,rotation,rotation,0,"{""angle"":-0.860567}",0.89757371,1.0876801,0.19010639,0.40755731,0.33699739,0.29077446,0.44454393,0.11678284,-0.10754654,-0.22432938,0.90053528,1.2628018,109.01569,137.66521,False,0.99258935,False,True,False,0.90053528,1.2628018,109.01569,137.66521,0.89812514,1.2651202,107.25892,135.69543,0.97970501,1.1904656,19.492192,23.204783,0.86786044,1.4832445,28.667898,42.521502,0.87955079,1.2764361,53.700787,68.545625,0.89755441,1.2656505,55.066154,69.694505,0.91451404,1.2215594,50.976068,62.270294,0.92618074,1.2095365,46.561913,56.318332
0b_rotation_best,file,14,baseline_rotation,2664,047.American_Goldfinch/American_Goldfinch_0048_32885.jpg,47,46,047.American_Goldfinch,177,176,identity,identity,0,{},0.039047007,0.039047007,0,0.96170551,0.96170551,0.01063122,0.01063122,0.95107429,0.95107429,0,1,1,8.3123173,8.3123173,False,1,True,True,True,1,1,8.3123173,8.3123173,1,1,8.2144208,8.2144208,1,1,1.2719705,1.2719705,1,1,2.1136303,2.1136303,1,1,3.2205177,3.2205177,1,1,4.4383213,4.4383213,1,1,4.2961967,4.2961967,1,1,3.8054618,3.8054618
0b_rotation_best,file,14,baseline_rotation,2664,047.American_Goldfinch/American_Goldfinch_0048_32885.jpg,47,46,047.American_Goldfinch,177,176,rotation,rotation,0,"{""angle"":-9.825487}",0.039047007,0.15410466,0.11505766,0.96170551,0.85718232,0.01063122,0.030400295,0.95107429,0.82678203,-0.12429226,0.73565414,4.3721322,8.3123173,36.34255,False,0.96943927,True,True,True,0.73565414,4.3721322,8.3123173,36.34255,0.73181434,4.3659187,8.2144208,35.863493,0.88804624,4.623844,1.2719705,5.8813932,0.7063565,3.0141263,2.1136303,6.3707487,0.60830427,4.8731064,3.2205177,15.693925,0.74859563,4.4554477,4.4383213,19.774708,0.77307945,4.3049457,4.2961967,18.494893,0.77639381,4.2874604,3.8054618,16.315767
0b_rotation_best,file,14,baseline_rotation,6240,107.Common_Raven/Common_Raven_0079_101100.jpg,107,106,107.Common_Raven,30,29,identity,identity,0,{},5.416409,5.416409,0,0.0044430736,0.0044430736,0.95806575,0.95806575,-0.95362267,-0.95362267,0,1,1,164.33219,164.33219,False,1,True,False,False,1,1,164.33219,164.33219,1,1,157.31688,157.31688,1,1,47.502291,47.502291,1,1,54.984464,54.984464,1,1,58.760127,58.760127,1,1,76.254175,76.254175,1,1,74.260535,74.260535,1,1,83.326059,83.326059
0b_rotation_best,file,14,baseline_rotation,6240,107.Common_Raven/Common_Raven_0079_101100.jpg,107,106,107.Common_Raven,30,29,rotation,rotation,0,"{""angle"":9.468617}",5.416409,4.4255476,-0.99086142,0.0044430736,0.011967654,0.95806575,0.91676801,-0.95362267,-0.90480036,0.048822314,0.79103692,0.98733605,164.33219,162.2511,False,0.98468852,True,False,False,0.79103692,0.98733605,164.33219,162.2511,0.77472734,0.99264252,157.31688,156.15943,0.98425392,0.92714437,47.502291,44.041482,0.84201814,0.69770291,54.984464,38.36282,0.69417051,1.0185581,58.760127,59.850605,0.74506899,1.0549767,76.254175,80.446374,0.76073108,1.0522421,74.260535,78.140061,0.85133423,0.98631365,83.326059,82.185629
0b_rotation_best,file,14,baseline_rotation,10156,173.Orange_crowned_Warbler/Orange_Crowned_Warbler_0120_167587.jpg,173,172,173.Orange_crowned_Warbler,170,169,identity,identity,0,{},0.3024013,0.3024013,0,0.73904145,0.73904145,0.078478992,0.078478992,0.66056246,0.66056246,0,1,1,47.370038,47.370038,False,1,True,True,True,1,1,47.370038,47.370038,1,1,46.750948,46.750948,1,1,7.6334401,7.6334401,1,1,10.571168,10.571168,1,1,20.65301,20.65301,1,1,24.819903,24.819903,1,1,23.478345,23.478345,1,1,21.911057,21.911057
0b_rotation_best,file,14,baseline_rotation,10156,173.Orange_crowned_Warbler/Orange_Crowned_Warbler_0120_167587.jpg,173,172,173.Orange_crowned_Warbler,170,169,rotation,rotation,0,"{""angle"":11.205647}",0.3024013,0.3854126,0.083011299,0.73904145,0.68016994,0.078478992,0.092663325,0.66056246,0.58750661,-0.073055841,0.81827157,1.3217309,47.370038,62.610442,False,0.97339153,True,True,True,0.81827157,1.3217309,47.370038,62.610442,0.81442921,1.3225885,46.750948,61.832266,0.96639603,1.2891502,7.6334401,9.8406506,0.84501058,1.6146052,10.571168,17.068262,0.770727,1.4400971,20.65301,29.742341,0.81522225,1.294267,24.819903,32.123581,0.8107911,1.2705695,23.478345,29.830869,0.86507281,1.2292856,21.911057,26.934948
0b_rotation_best,file,14,baseline_rotation,9794,167.Hooded_Warbler/Hooded_Warbler_0057_164137.jpg,167,166,167.Hooded_Warbler,168,167,identity,identity,0,{},0.0031261405,0.0031261405,0,0.99687874,0.99687874,0.0015800734,0.0015800734,0.99529867,0.99529867,0,1,1,0.46581583,0.46581583,False,0.99999994,True,True,True,1,1,0.46581583,0.46581583,1,1,0.45474582,0.45474582,1,1,0.10094866,0.10094866,1,1,0.075821741,0.075821741,1,1,0.17429178,0.17429178,1,1,0.21917536,0.21917536,1,1,0.23351476,0.23351476,1,1,0.26096017,0.26096017
0b_rotation_best,file,14,baseline_rotation,9794,167.Hooded_Warbler/Hooded_Warbler_0057_164137.jpg,167,166,167.Hooded_Warbler,168,167,rotation,rotation,0,"{""angle"":-13.090669}",0.0031261405,0.03852088,0.03539474,0.99687874,0.96221161,0.0015800734,0.029995086,0.99529867,0.93221652,-0.063082147,0.72836046,16.327248,0.46581583,7.6054904,False,0.97213697,True,True,True,0.72836046,16.327248,0.46581583,7.6054904,0.72028511,16.462508,0.45474582,7.4862566,0.94749883,13.288284,0.10094866,1.3414345,0.6402391,20.561887,0.075821741,1.5590381,0.69202235,17.58018,0.17429178,3.064081,0.72105149,18.427913,0.21917536,4.0389444,0.70058194,16.418275,0.23351476,3.8339096,0.78151748,13.929163,0.26096017,3.6349568
0b_rotation_best,file,14,baseline_rotation,9937,169.Magnolia_Warbler/Magnolia_Warbler_0032_165960.jpg,169,168,169.Magnolia_Warbler,152,151,identity,identity,0,{},3.9951277,3.9951277,0,0.018405097,0.018405097,0.29071563,0.29071563,-0.27231054,-0.27231054,0,1,1,102.30202,102.30202,False,1,True,False,False,1,1,102.30202,102.30202,1,1,100.24377,100.24377,1,1,20.417891,20.417891,1,1,14.486875,14.486875,1,1,40.941369,40.941369,1,1,58.143967,58.143967,1,1,48.403172,48.403172,1,1,49.38785,49.38785
0b_rotation_best,file,14,baseline_rotation,9937,169.Magnolia_Warbler/Magnolia_Warbler_0032_165960.jpg,169,168,169.Magnolia_Warbler,152,151,rotation,rotation,0,"{""angle"":4.956194}",3.9951277,2.9746351,-1.0204926,0.018405097,0.051066067,0.29071563,0.19564152,-0.27231054,-0.14457545,0.12773509,0.84501612,1.1131054,102.30202,113.87294,False,0.97326696,False,False,False,0.84501612,1.1131054,102.30202,113.87294,0.84031637,1.1130545,100.24377,111.57678,0.95817042,1.1143331,20.417891,22.752332,0.79005556,1.1196849,14.486875,16.220735,0.80047378,1.0619222,40.941369,43.476548,0.85984467,1.2005767,58.143967,69.806294,0.8304023,1.0639842,48.403172,51.500212,0.8571636,1.0658289,49.38785,52.638996
0b_rotation_best,file,14,baseline_rotation,9237,158.Bay_breasted_Warbler/Bay_Breasted_Warbler_0062_159783.jpg,158,157,158.Bay_breasted_Warbler,165,164,identity,identity,0,{},0.0083240941,0.0083240941,0,0.99171048,0.99171048,0.0074204486,0.0074204486,0.98429004,0.98429004,0,1,1,1.6312711,1.6312711,False,1,True,True,True,1,1,1.6312711,1.6312711,1,1,1.5931566,1.5931566,1,1,0.35056728,0.35056728,1,1,0.33188593,0.33188593,1,1,0.71649032,0.71649032,1,1,0.91396893,0.91396893,1,1,0.75054057,0.75054057,1,1,0.71832506,0.71832506
0b_rotation_best,file,14,baseline_rotation,9237,158.Bay_breasted_Warbler/Bay_Breasted_Warbler_0062_159783.jpg,158,157,158.Bay_breasted_Warbler,165,164,rotation,rotation,0,"{""angle"":10.586473}",0.0083240941,0.056152675,0.047828581,0.99171048,0.94539481,0.0074204486,0.052403752,0.98429004,0.89299106,-0.091298973,0.78188413,6.856601,1.6312711,11.184975,False,0.98104668,True,True,True,0.78188413,6.856601,1.6312711,11.184975,0.77240695,6.8608467,1.5931566,10.930403,0.98035675,6.76832,0.35056728,2.3727515,0.68197928,6.7998965,0.33188593,2.25679,0.67003993,7.1562108,0.71649032,5.1273557,0.82408758,6.5297613,0.91396893,5.9679989,0.77293481,6.9501365,0.75054057,5.2163594,0.81902801,6.9972118,0.71832506,5.0262726
0b_rotation_best,file,14,baseline_rotation,8240,141.Artic_Tern/Artic_Tern_0080_140889.jpg,141,140,141.Artic_Tern,144,143,identity,identity,0,{},0.034749173,0.034749173,0,0.96584767,0.96584767,0.015210365,0.015210365,0.95063731,0.95063731,0,1,1,5.0126499,5.0126499,False,1,True,True,True,1,1,5.0126499,5.0126499,1,1,4.8931705,4.8931705,1,1,1.0879069,1.0879069,1,1,1.3530833,1.3530833,1,1,2.2683774,2.2683774,1,1,2.5656952,2.5656952,1,1,2.1868842,2.1868842,1,1,2.3667472,2.3667472
0b_rotation_best,file,14,baseline_rotation,8240,141.Artic_Tern/Artic_Tern_0080_140889.jpg,141,140,141.Artic_Tern,144,143,rotation,rotation,0,"{""angle"":8.34874}",0.034749173,0.025318446,-0.009430727,0.96584767,0.97499937,0.015210365,0.0092892041,0.95063731,0.96571016,0.015072858,0.82119406,0.70312401,5.0126499,3.5245145,False,0.98137695,True,True,True,0.82119406,0.70312401,5.0126499,3.5245145,0.81349366,0.70145124,4.8931705,3.4323205,0.97054118,0.73614844,1.0879069,0.80086099,0.71115392,0.5622918,1.3530833,0.76082765,0.79860211,0.7083023,2.2683774,1.606697,0.83561775,0.70322074,2.5656952,1.80425,0.78673437,0.70436232,2.1868842,1.5403588,0.85523752,0.7309081,2.3667472,1.7298747
0b_rotation_best,file,14,baseline_rotation,2115,038.Great_Crested_Flycatcher/Great_Crested_Flycatcher_0084_29716.jpg,38,37,038.Great_Crested_Flycatcher,39,38,identity,identity,0,{},0.14825389,0.14825389,0,0.86221218,0.86221218,0.074147925,0.074147925,0.78806426,0.78806426,0,1,1,29.22995,29.22995,False,1.0000001,True,True,True,1,1,29.22995,29.22995,1,1,28.677998,28.677998,1,1,5.6535316,5.6535316,1,1,5.7862192,5.7862192,1,1,14.133543,14.133543,1,1,15.984055,15.984055,1,1,13.423887,13.423887,1,1,12.38949,12.38949
0b_rotation_best,file,14,baseline_rotation,2115,038.Great_Crested_Flycatcher/Great_Crested_Flycatcher_0084_29716.jpg,38,37,038.Great_Crested_Flycatcher,39,38,rotation,rotation,0,"{""angle"":7.826897}",0.14825389,0.037173454,-0.11108043,0.86221218,0.96350902,0.074147925,0.0164189,0.78806426,0.94709012,0.15902587,0.81545339,0.23696597,29.22995,6.9265036,False,0.98120224,True,True,True,0.81545339,0.23696597,29.22995,6.9265036,0.808916,0.23635866,28.677998,6.7782932,0.97479622,0.25209013,5.6535316,1.4251995,0.84278839,0.23760184,5.7862192,1.3748163,0.8267901,0.24111454,14.133543,3.4078027,0.78683617,0.22796989,15.984055,3.6438832,0.78936317,0.23621512,13.423887,3.1709251,0.8367377,0.24360753,12.38949,3.0181731
0b_rotation_best,file,14,baseline_rotation,2563,045.Northern_Fulmar/Northern_Fulmar_0041_44013.jpg,45,44,045.Northern_Fulmar,142,141,identity,identity,0,{},2.8658338,2.8658338,0,0.056935642,0.056935642,0.44221276,0.44221276,-0.38527712,-0.38527712,0,1,1,155.83609,155.83609,False,0.99999988,True,False,False,1,1,155.83609,155.83609,1,1,152.30721,152.30721,1,1,32.975778,32.975778,1,1,45.168368,45.168368,1,1,63.113206,63.113206,1,1,79.510965,79.510965,1,1,70.814557,70.814557,1,1,76.402437,76.402437
0b_rotation_best,file,14,baseline_rotation,2563,045.Northern_Fulmar/Northern_Fulmar_0041_44013.jpg,45,44,045.Northern_Fulmar,142,141,rotation,rotation,0,"{""angle"":-0.334819}",2.8658338,2.9262259,0.060392141,0.056935642,0.053598948,0.44221276,0.31006864,-0.38527712,-0.25646969,0.12880743,0.93623735,1.02887,155.83609,160.33509,False,0.99353147,True,False,False,0.93623735,1.02887,155.83609,160.33509,0.93426266,1.0308536,152.30721,157.00643,0.98120015,0.98560479,32.975778,32.501084,0.97255298,1.0125157,45.168368,45.733683,0.92062039,1.0934688,63.113206,69.012322,0.93566219,1.0476204,79.510965,83.297308,0.92467469,0.99900153,70.814557,70.743851,0.93971664,1.0013937,76.402437,76.508922
0b_rotation_best,file,14,baseline_rotation,2526,044.Frigatebird/Frigatebird_0082_42989.jpg,44,43,044.Frigatebird,72,71,identity,identity,0,{},0.33020392,0.33020392,0,0.71877712,0.71877712,0.21843182,0.21843182,0.5003453,0.5003453,0,1,1,61.250626,61.250626,False,1,True,True,True,1,1,61.250626,61.250626,1,1,60.482675,60.482675,1,1,9.6687754,9.6687754,1,1,16.827006,16.827006,1,1,27.777708,27.777708,1,1,31.327459,31.327459,1,1,30.895788,30.895788,1,1,25.834965,25.834965
0b_rotation_best,file,14,baseline_rotation,2526,044.Frigatebird/Frigatebird_0082_42989.jpg,44,43,044.Frigatebird,72,71,rotation,rotation,0,"{""angle"":2.39386}",0.33020392,0.22500645,-0.10519747,0.71877712,0.79851109,0.21843182,0.12850834,0.5003453,0.67000274,0.16965744,0.90163341,0.68632768,61.250626,42.038,False,0.98681295,True,True,True,0.90163341,0.68632768,61.250626,42.038,0.89981053,0.68752666,60.482675,41.583452,0.98104439,0.63764302,9.6687754,6.1652271,0.900304,0.71234991,16.827006,11.986716,0.87908544,0.72736849,27.777708,20.204629,0.89951228,0.6601365,31.327459,20.680399,0.90493547,0.67168899,30.895788,20.752361,0.92148407,0.69126354,25.834965,17.85877
0b_rotation_best,file,14,baseline_rotation,6959,119.Field_Sparrow/Field_Sparrow_0027_113353.jpg,119,118,119.Field_Sparrow,117,116,identity,identity,0,{},1.0979722,1.0979722,0,0.33354679,0.33354679,0.320739,0.320739,0.012807786,0.012807786,0,1,1,94.003342,94.003342,False,0.99999994,True,True,True,1,1,94.003342,94.003342,1,1,91.079347,91.079347,1,1,23.263294,23.263294,1,1,16.614582,16.614582,1,1,30.994288,30.994288,1,1,51.170344,51.170344,1,1,46.879128,46.879128,1,1,47.357159,47.357159
0b_rotation_best,file,14,baseline_rotation,6959,119.Field_Sparrow/Field_Sparrow_0027_113353.jpg,119,118,119.Field_Sparrow,117,116,rotation,rotation,0,"{""angle"":5.080577}",1.0979722,0.86922729,-0.22874486,0.33354679,0.4192754,0.320739,0.37819898,0.012807786,0.041076422,0.028268635,0.87036096,1.0882292,94.003342,102.29718,False,0.98824573,True,True,True,0.87036096,1.0882292,94.003342,102.29718,0.86561847,1.0990669,91.079347,100.10229,0.97399252,0.90602365,23.263294,21.077094,0.8328533,1.2220471,16.614582,20.303801,0.80392044,1.1777203,30.994288,36.502601,0.89372232,1.1450607,51.170344,58.593147,0.85026942,1.079218,46.879128,50.592799,0.88624745,1.0089439,47.357159,47.780718
0b_rotation_best,file,14,baseline_rotation,10368,177.Prothonotary_Warbler/Prothonotary_Warbler_0112_174594.jpg,177,176,177.Prothonotary_Warbler,180,179,identity,identity,0,{},0.022982189,0.022982189,0,0.9772799,0.9772799,0.012185141,0.012185141,0.96509476,0.96509476,0,1,1,3.9850312,3.9850312,False,0.99999988,True,True,True,1,1,3.9850312,3.9850312,1,1,3.9258507,3.9258507,1,1,0.68422961,0.68422961,1,1,0.98548888,0.98548888,1,1,1.81196,1.81196,1,1,2.2118229,2.2118229,1,1,1.7715461,1.7715461,1,1,1.7684399,1.7684399
0b_rotation_best,file,14,baseline_rotation,10368,177.Prothonotary_Warbler/Prothonotary_Warbler_0112_174594.jpg,177,176,177.Prothonotary_Warbler,180,179,rotation,rotation,0,"{""angle"":-1.515146}",0.022982189,0.032097254,0.0091150645,0.9772799,0.9684124,0.012185141,0.015169892,0.96509476,0.95324251,-0.011852252,0.91309546,1.3681752,3.9850312,5.4522209,False,0.99361438,True,True,True,0.91309546,1.3681752,3.9850312,5.4522209,0.91082218,1.3698113,3.9258507,5.3776747,0.99195114,1.3131755,0.68422961,0.89851357,0.91076427,1.513541,0.98548888,1.4915778,0.90232071,1.3639401,1.81196,2.4714049,0.90765715,1.3764954,2.2118229,3.0445641,0.90132023,1.3278795,1.7715461,2.3523997,0.93616567,1.3599039,1.7684399,2.4049083
0b_rotation_best,file,14,baseline_rotation,6810,117.Clay_colored_Sparrow/Clay_Colored_Sparrow_0064_110664.jpg,117,116,117.Clay_colored_Sparrow,115,114,identity,identity,0,{},0.012207437,0.012207437,0,0.98786676,0.98786676,0.0061164782,0.0061164782,0.98175028,0.98175028,0,1,1,2.0057353,2.0057353,False,0.99999988,True,True,True,1,1,2.0057353,2.0057353,1,1,1.9618878,1.9618878,1,1,0.41709777,0.41709777,1,1,0.61099493,0.61099493,1,1,1.0465368,1.0465368,1,1,1.0270169,1.0270169,1,1,0.81216558,0.81216558,1,1,0.81613284,0.81613284
0b_rotation_best,file,14,baseline_rotation,6810,117.Clay_colored_Sparrow/Clay_Colored_Sparrow_0064_110664.jpg,117,116,117.Clay_colored_Sparrow,115,114,rotation,rotation,0,"{""angle"":-1.412195}",0.012207437,0.014077647,0.0018702094,0.98786676,0.98602098,0.0061164782,0.0050353003,0.98175028,0.98098568,-0.00076459907,0.84787413,1.1376941,2.0057353,2.2819132,False,0.98526889,True,True,True,0.84787413,1.1376941,2.0057353,2.2819132,0.84221954,1.1389413,1.9618878,2.234475,0.97654456,1.1097416,0.41709777,0.46287073,0.89779974,1.3207873,0.61099493,0.80699437,0.81464063,1.0341639,1.0465368,1.0822906,0.84886669,1.115466,1.0270169,1.1456024,0.80618049,1.1968314,0.81216558,0.97202525,0.88678621,1.1708085,0.81613284,0.95553529
0b_rotation_best,file,14,baseline_rotation,1601,029.American_Crow/American_Crow_0132_25704.jpg,29,28,029.American_Crow,30,29,identity,identity,0,{},0.29253769,0.29253769,0,0.7463671,0.7463671,0.15778312,0.15778312,0.58858398,0.58858398,0,1,1,39.629379,39.629379,False,0.99999988,True,True,True,1,1,39.629379,39.629379,1,1,38.485212,38.485212,1,1,9.4538945,9.4538945,1,1,12.150456,12.150456,1,1,16.114418,16.114418,1,1,18.611383,18.611383,1,1,19.879795,19.879795,1,1,18.226729,18.226729
0b_rotation_best,file,14,baseline_rotation,1601,029.American_Crow/American_Crow_0132_25704.jpg,29,28,029.American_Crow,30,29,rotation,rotation,0,"{""angle"":6.637665}",0.29253769,0.15691711,-0.13562058,0.7463671,0.85477489,0.15778312,0.086581044,0.58858398,0.76819385,0.17960987,0.82449291,0.64609868,39.629379,25.604489,False,0.9826026,True,True,True,0.82449291,0.64609868,39.629379,25.604489,0.81611728,0.6481619,38.485212,24.944648,0.97312676,0.61089413,9.4538945,5.7753286,0.80247631,0.79432543,12.150456,9.651416,0.79840757,0.67575409,16.114418,10.889384,0.79399653,0.67678528,18.611383,12.59591,0.82510045,0.58436363,19.879795,11.617029,0.87575322,0.59318279,18.226729,10.811782
0b_rotation_best,file,14,baseline_rotation,10767,183.Northern_Waterthrush/Northern_Waterthrush_0016_177345.jpg,183,182,183.Northern_Waterthrush,184,183,identity,identity,0,{},0.054835476,0.054835476,0,0.94664091,0.94664091,0.016753713,0.016753713,0.9298872,0.9298872,0,1,1,7.734567,7.734567,False,0.99999994,True,True,True,1,1,7.734567,7.734567,1,1,7.6039974,7.6039974,1,1,1.415186,1.415186,1,1,1.5389973,1.5389973,1,1,3.7228137,3.7228137,1,1,4.1313474,4.1313474,1,1,3.5372064,3.5372064,1,1,3.4659863,3.4659863
0b_rotation_best,file,14,baseline_rotation,10767,183.Northern_Waterthrush/Northern_Waterthrush_0016_177345.jpg,183,182,183.Northern_Waterthrush,184,183,rotation,rotation,0,"{""angle"":5.497094}",0.054835476,0.085159771,0.030324295,0.94664091,0.91836554,0.016753713,0.025327634,0.9298872,0.8930379,-0.036849292,0.83059498,1.479147,7.734567,11.440562,False,0.97899461,True,True,True,0.83059498,1.479147,7.734567,11.440562,0.82535271,1.4759839,7.6039974,11.223377,0.97454326,1.5677186,1.415186,2.2186134,0.66735462,1.2258591,1.5389973,1.8865939,0.81742441,1.4479193,3.7228137,5.3903337,0.82039942,1.5660928,4.1313474,6.4700735,0.82378917,1.4452465,3.5372064,5.1121353,0.87502393,1.4527538,3.4659863,5.0352248
0b_rotation_best,file,14,baseline_rotation,138,003.Sooty_Albatross/Sooty_Albatross_0055_1160.jpg,3,2,003.Sooty_Albatross,93,92,identity,identity,0,{},1.0501513,1.0501513,0,0.34988478,0.34988478,0.095420182,0.095420182,0.2544646,0.2544646,0,1,1,103.62492,103.62492,False,1,True,True,True,1,1,103.62492,103.62492,1,1,102.01325,102.01325,1,1,18.204953,18.204953,1,1,35.228683,35.228683,1,1,51.049678,51.049678,1,1,51.842317,51.842317,1,1,45.809419,45.809419,1,1,42.112288,42.112288
0b_rotation_best,file,14,baseline_rotation,138,003.Sooty_Albatross/Sooty_Albatross_0055_1160.jpg,3,2,003.Sooty_Albatross,93,92,rotation,rotation,0,"{""angle"":-12.48523}",1.0501513,1.776704,0.72655261,0.34988478,0.16919492,0.095420182,0.24452206,0.2544646,-0.075327143,-0.32979174,0.7958891,1.378206,103.62492,142.81649,False,0.93190014,False,True,False,0.7958891,1.378206,103.62492,142.81649,0.79229513,1.3796999,102.01325,140.74767,0.91342908,1.3304464,18.204953,24.220714,0.89708447,0.98927593,35.228683,34.850888,0.83213096,1.3909331,51.049678,71.006688,0.77520545,1.5211791,51.842317,78.861448,0.76861854,1.373569,45.809419,62.922397,0.76570252,1.3795233,42.112288,58.094885
0b_rotation_best,file,14,baseline_rotation,11555,197.Marsh_Wren/Marsh_Wren_0103_188483.jpg,197,196,197.Marsh_Wren,193,192,identity,identity,0,{},0.21147679,0.21147679,0,0.80938804,0.80938804,0.072176374,0.072176374,0.73721167,0.73721167,0,1,1,29.298997,29.298997,False,1,True,True,True,1,1,29.298997,29.298997,1,1,28.680745,28.680745,1,1,5.9871587,5.9871587,1,1,7.5325197,7.5325197,1,1,13.789924,13.789924,1,1,14.006508,14.006508,1,1,13.859501,13.859501,1,1,13.690006,13.690006
0b_rotation_best,file,14,baseline_rotation,11555,197.Marsh_Wren/Marsh_Wren_0103_188483.jpg,197,196,197.Marsh_Wren,193,192,rotation,rotation,0,"{""angle"":8.510225}",0.21147679,0.062590621,-0.14888617,0.80938804,0.93932796,0.072176374,0.019583696,0.73721167,0.91974426,0.18253259,0.75921463,0.38802408,29.298997,11.368717,False,0.97122955,True,True,True,0.75921463,0.38802408,29.298997,11.368717,0.7522713,0.39048953,28.680745,11.199531,0.9616639,0.32636981,5.9871587,1.9540279,0.59678195,0.45125435,7.5325197,3.3990823,0.76834167,0.42969928,13.789924,5.9255204,0.72937777,0.39784425,14.006508,5.5724087,0.76075372,0.36846016,13.859501,5.106674,0.82926371,0.33975478,13.690006,4.651245
0b_rotation_best,file,14,baseline_rotation,5018,086.Pacific_Loon/Pacific_Loon_0023_75476.jpg,86,85,086.Pacific_Loon,53,52,identity,identity,0,{},0.024811676,0.024811676,0,0.97549361,0.97549361,0.0039266264,0.0039266264,0.97156698,0.97156698,0,1,1,3.3380715,3.3380715,False,0.99999994,True,True,True,1,1,3.3380715,3.3380715,1,1,3.2883259,3.2883259,1,1,0.57413771,0.57413771,1,1,0.64324434,0.64324434,1,1,1.9137543,1.9137543,1,1,1.662308,1.662308,1,1,1.2475834,1.2475834,1,1,1.5547143,1.5547143
0b_rotation_best,file,14,baseline_rotation,5018,086.Pacific_Loon/Pacific_Loon_0023_75476.jpg,86,85,086.Pacific_Loon,53,52,rotation,rotation,0,"{""angle"":-11.972653}",0.024811676,0.080699354,0.055887679,0.97549361,0.92247099,0.0039266264,0.018225402,0.97156698,0.90424559,-0.067321398,0.74917638,3.3418289,3.3380715,11.155264,False,0.95560777,True,True,True,0.74917638,3.3418289,3.3380715,11.155264,0.74318866,3.34164,3.2883259,10.988401,0.94522056,3.3480213,0.57413771,1.9222253,0.65477227,3.5468277,0.64324434,2.2814768,0.79056156,3.1315066,1.9137543,5.9929342,0.71879233,3.7602921,1.662308,6.2507637,0.6908638,3.4412066,1.2475834,4.2931922,0.77363035,3.0251854,1.5547143,4.7032989
0b_rotation_best,file,14,baseline_rotation,10036,171.Myrtle_Warbler/Myrtle_Warbler_0084_166747.jpg,171,170,171.Myrtle_Warbler,166,165,identity,identity,0,{},1.6838729,1.6838729,0,0.18565355,0.18565355,0.61905193,0.61905193,-0.43339838,-0.43339838,0,1,1,140.79202,140.79202,False,1,True,False,False,1,1,140.79202,140.79202,1,1,138.18714,138.18714,1,1,26.957466,26.957466,1,1,40.78083,40.78083,1,1,62.240495,62.240495,1,1,71.767706,71.767706,1,1,64.951618,64.951618,1,1,64.725692,64.725692
0b_rotation_best,file,14,baseline_rotation,10036,171.Myrtle_Warbler/Myrtle_Warbler_0084_166747.jpg,171,170,171.Myrtle_Warbler,166,165,rotation,rotation,0,"{""angle"":1.009462}",1.6838729,1.3881819,-0.29569101,0.18565355,0.24952856,0.61905193,0.53847754,-0.43339838,-0.28894898,0.1444494,0.93225656,0.92149892,140.79202,129.73969,False,0.99563253,True,False,False,0.93225656,0.92149892,140.79202,129.73969,0.92992758,0.92224568,138.18714,127.4425,0.99508215,0.90165455,26.957466,24.306322,0.93638756,0.93453847,40.78083,38.111255,0.93623157,0.94086236,62.240495,58.559739,0.91990302,0.91974899,71.767706,66.008275,0.92036395,0.93527594,64.951618,60.747686,0.94487795,0.88920441,64.725692,57.554371
0b_rotation_best,file,14,baseline_rotation,6388,110.Geococcyx/Geococcyx_0107_104534.jpg,110,109,110.Geococcyx,194,193,identity,identity,0,{},0.016496923,0.016496923,0,0.98363841,0.98363841,0.0035288199,0.0035288199,0.98010959,0.98010959,0,1,1,2.238098,2.238098,False,1,True,True,True,1,1,2.238098,2.238098,1,1,2.18975,2.18975,1,1,0.46268489,0.46268489,1,1,0.28004615,0.28004615,1,1,0.90183157,0.90183157,1,1,1.1971208,1.1971208,1,1,1.1071439,1.1071439,1,1,1.1155328,1.1155328
0b_rotation_best,file,14,baseline_rotation,6388,110.Geococcyx/Geococcyx_0107_104534.jpg,110,109,110.Geococcyx,194,193,rotation,rotation,0,"{""angle"":-9.451384}",0.016496923,0.018141298,0.0016443748,0.98363841,0.98202229,0.0035288199,0.0057135397,0.98010959,0.97630875,-0.0038008401,0.7783638,1.2644239,2.238098,2.8299046,False,0.96661311,True,True,True,0.7783638,1.2644239,2.238098,2.8299046,0.77059939,1.266203,2.18975,2.7726681,0.95871723,1.2238968,0.46268489,0.56627854,0.59740369,1.3289941,0.28004615,0.37217967,0.74543367,1.2275157,0.90183157,1.1070124,0.78642008,1.2680736,1.1971208,1.5180373,0.76558501,1.2869078,1.1071439,1.4247922,0.78519398,1.2643274,1.1155328,1.4103986
0b_rotation_best,file,14,baseline_rotation,5211,090.Red_breasted_Merganser/Red_Breasted_Merganser_0081_79396.jpg,90,89,090.Red_breasted_Merganser,50,49,identity,identity,0,{},0.013610187,0.013610187,0,0.98648202,0.98648202,0.0013168385,0.0013168385,0.98516519,0.98516519,0,1,1,2.06521,2.06521,False,0.99999988,True,True,True,1,1,2.06521,2.06521,1,1,2.0418031,2.0418031,1,1,0.31005228,0.31005228,1,1,0.35533164,0.35533164,1,1,0.73573319,0.73573319,1,1,1.1534811,1.1534811,1,1,1.0242135,1.0242135,1,1,1.0591808,1.0591808
0b_rotation_best,file,14,baseline_rotation,5211,090.Red_breasted_Merganser/Red_Breasted_Merganser_0081_79396.jpg,90,89,090.Red_breasted_Merganser,50,49,rotation,rotation,0,"{""angle"":-12.263558}",0.013610187,0.0031205551,-0.010489632,0.98648202,0.99688429,0.0013168385,0.00023252066,0.98516519,0.99665177,0.01148658,0.70361568,0.23181467,2.06521,0.47874597,False,0.9763788,True,True,True,0.70361568,0.23181467,2.06521,0.47874597,0.69662846,0.23092087,2.0418031,0.47149495,0.97248319,0.26772036,0.31005228,0.083007308,0.49330473,0.28903635,0.35533164,0.10270376,0.56082643,0.23240247,0.73573319,0.17098621,0.68551174,0.21380676,1.1534811,0.24662205,0.69165673,0.23677056,1.0242135,0.2425036,0.81049607,0.23677184,1.0591808,0.2507842
0b_rotation_best,file,14,baseline_rotation,7367,126.Nelson_Sharp_tailed_Sparrow/Nelson_Sharp_Tailed_Sparrow_0074_796901.jpg,126,125,126.Nelson_Sharp_tailed_Sparrow,128,127,identity,identity,0,{},7.025352,7.025352,0,0.00088905456,0.00088905456,0.99672526,0.99672526,-0.99583621,-0.99583621,0,1,1,170.49544,170.49544,False,0.99999994,True,False,False,1,1,170.49544,170.49544,1,1,164.53922,164.53922,1,1,44.671453,44.671453,1,1,26.220832,26.220832,1,1,76.577688,76.577688,1,1,92.587924,92.587924,1,1,76.883696,76.883696,1,1,77.703638,77.703638
0b_rotation_best,file,14,baseline_rotation,7367,126.Nelson_Sharp_tailed_Sparrow/Nelson_Sharp_Tailed_Sparrow_0074_796901.jpg,126,125,126.Nelson_Sharp_tailed_Sparrow,128,127,rotation,rotation,0,"{""angle"":-0.534034}",7.025352,6.5971365,-0.4282155,0.00088905456,0.0013642687,0.99672526,0.991844,-0.99583621,-0.99047973,0.0053564769,0.91561577,1.1002454,170.49544,187.58683,False,0.98760569,True,False,False,0.91561577,1.1002454,170.49544,187.58683,0.91141189,1.1089182,164.53922,182.46054,0.98761456,0.97498989,44.671453,43.554215,0.8895443,1.0113598,26.220832,26.518696,0.88921867,1.1964804,76.577688,91.623705,0.9126987,1.1317781,92.587924,104.78898,0.91804949,1.096336,76.883696,84.290362,0.93861394,1.0058009,77.703638,78.154387
0b_rotation_best,file,14,baseline_rotation,290,006.Least_Auklet/Least_Auklet_0026_795066.jpg,6,5,006.Least_Auklet,7,6,identity,identity,0,{},0.076718993,0.076718993,0,0.92615008,0.92615008,0.038777232,0.038777232,0.88737285,0.88737285,0,1,1,14.680688,14.680688,False,1,True,True,True,1,1,14.680688,14.680688,1,1,14.496649,14.496649,1,1,2.3172768,2.3172768,1,1,2.8742283,2.8742283,1,1,7.0926637,7.0926637,1,1,7.9429468,7.9429468,1,1,6.9466413,6.9466413,1,1,6.3434639,6.3434639
0b_rotation_best,file,14,baseline_rotation,290,006.Least_Auklet/Least_Auklet_0026_795066.jpg,6,5,006.Least_Auklet,7,6,rotation,rotation,0,"{""angle"":-6.366214}",0.076718993,0.052057922,-0.024661072,0.92615008,0.94927388,0.038777232,0.014747416,0.88737285,0.93452647,0.047153617,0.7978933,0.65088791,14.680688,9.5554823,False,0.97839904,True,True,True,0.7978933,0.65088791,14.680688,9.5554823,0.79391964,0.65120929,14.496649,9.4403525,0.95674059,0.63818286,2.3172768,1.4788463,0.67753488,0.68445487,2.8742283,1.9672795,0.71552311,0.57633842,7.0926637,4.0877746,0.8131543,0.65977071,7.9429468,5.2405237,0.8107702,0.67060073,6.9466413,4.6584227,0.8591421,0.69391704,6.3434639,4.4018377
0b_rotation_best,file,14,baseline_rotation,8666,148.Green_tailed_Towhee/Green_Tailed_Towhee_0064_154771.jpg,148,147,148.Green_tailed_Towhee,114,113,identity,identity,0,{},0.062257886,0.062257886,0,0.93964052,0.93964052,0.035916124,0.035916124,0.9037244,0.9037244,0,1,1,11.417856,11.417856,False,1.0000001,True,True,True,1,1,11.417856,11.417856,1,1,11.206547,11.206547,1,1,2.1864906,2.1864906,1,1,2.501599,2.501599,1,1,4.8127715,4.8127715,1,1,6.5223862,6.5223862,1,1,5.3357199,5.3357199,1,1,5.0154262,5.0154262
0b_rotation_best,file,14,baseline_rotation,8666,148.Green_tailed_Towhee/Green_Tailed_Towhee_0064_154771.jpg,148,147,148.Green_tailed_Towhee,114,113,rotation,rotation,0,"{""angle"":7.028396}",0.062257886,0.029419649,-0.032838237,0.93964052,0.9710089,0.035916124,0.0074826377,0.9037244,0.96352626,0.059801861,0.7166856,0.39916821,11.417856,4.5576452,False,0.96163094,True,True,True,0.7166856,0.39916821,11.417856,4.5576452,0.70905299,0.39889588,11.206547,4.4702455,0.91367143,0.40625663,2.1864906,0.88827632,0.81018288,0.42228516,2.501599,1.0563882,0.66837451,0.4065322,4.8127715,1.9565466,0.72627382,0.37866414,6.5223862,2.4697937,0.65625729,0.38790707,5.3357199,2.0697635,0.75212701,0.43019389,5.0154262,2.1576057
0b_rotation_best,file,14,baseline_rotation,5144,088.Western_Meadowlark/Western_Meadowlark_0069_78587.jpg,88,87,088.Western_Meadowlark,113,112,identity,identity,0,{},2.120189,2.120189,0,0.12000895,0.12000895,0.27751419,0.27751419,-0.15750524,-0.15750524,0,1,1,133.0388,133.0388,False,1.0000002,True,False,False,1,1,133.0388,133.0388,1,1,129.12535,129.12535,1,1,32.030711,32.030711,1,1,29.479878,29.479878,1,1,55.166033,55.166033,1,1,64.063459,64.063459,1,1,60.378275,60.378275,1,1,70.790803,70.790803
0b_rotation_best,file,14,baseline_rotation,5144,088.Western_Meadowlark/Western_Meadowlark_0069_78587.jpg,88,87,088.Western_Meadowlark,113,112,rotation,rotation,0,"{""angle"":-11.980959}",2.120189,2.0841556,-0.036033392,0.12000895,0.12441213,0.27751419,0.51414263,-0.15750524,-0.3897305,-0.23222525,0.77340251,1.5561645,133.0388,207.03025,False,0.972803,True,False,False,0.77340251,1.5561645,133.0388,207.03025,0.76759917,1.5781333,129.12535,203.77701,0.9429855,1.141328,32.030711,36.557547,0.66679906,1.4272671,29.479878,42.075659,0.72885631,1.6391988,55.166033,90.428098,0.76977147,1.7959259,64.063459,115.05323,0.77607679,1.6644393,60.378275,100.49597,0.8327989,1.2823523,70.790803,90.778749
0b_rotation_best,file,14,baseline_rotation,3275,057.Rose_breasted_Grosbeak/Rose_Breasted_Grosbeak_0017_39161.jpg,57,56,057.Rose_breasted_Grosbeak,68,67,identity,identity,0,{},1.4746056,1.4746056,0,0.22886896,0.22886896,0.24454486,0.24454486,-0.015675902,-0.015675902,0,1,1,155.00391,155.00391,False,0.99999994,True,False,False,1,1,155.00391,155.00391,1,1,153.44288,153.44288,1,1,21.942932,21.942932,1,1,25.612165,25.612165,1,1,66.836179,66.836179,1,1,81.041531,81.041531,1,1,82.241697,82.241697,1,1,71.345881,71.345881
0b_rotation_best,file,14,baseline_rotation,3275,057.Rose_breasted_Grosbeak/Rose_Breasted_Grosbeak_0017_39161.jpg,57,56,057.Rose_breasted_Grosbeak,68,67,rotation,rotation,0,"{""angle"":3.200788}",1.4746056,2.0096755,0.53506994,0.22886896,0.13403215,0.24454486,0.32242933,-0.015675902,-0.18839718,-0.17272128,0.88484493,1.1372855,155.00391,176.2837,False,0.98347712,True,False,False,0.88484493,1.1372855,155.00391,176.2837,0.88288294,1.1373671,153.44288,174.52088,0.9811359,1.1332905,21.942932,24.867716,0.66969192,1.0969224,25.612165,28.094557,0.85982886,1.0899072,66.836179,72.84523,0.87594328,1.1731365,81.041531,95.072778,0.90034592,1.1297124,82.241697,92.909463,0.91605394,1.14649,71.345881,81.797342
0b_rotation_best,file,14,baseline_rotation,113,002.Laysan_Albatross/Laysan_Albatross_0029_482.jpg,2,1,002.Laysan_Albatross,45,44,identity,identity,0,{},0.02302343,0.02302343,0,0.97723961,0.97723961,0.016492363,0.016492363,0.96074725,0.96074725,0,1,1,5.4095981,5.4095981,False,1.0000001,True,True,True,1,1,5.4095981,5.4095981,1,1,5.3214297,5.3214297,1,1,0.97269637,0.97269637,1,1,1.7103644,1.7103644,1,1,2.3493847,2.3493847,1,1,2.7742745,2.7742745,1,1,2.6104481,2.6104481,1,1,2.3155173,2.3155173
0b_rotation_best,file,14,baseline_rotation,113,002.Laysan_Albatross/Laysan_Albatross_0029_482.jpg,2,1,002.Laysan_Albatross,45,44,rotation,rotation,0,"{""angle"":12.443523}",0.02302343,0.01024653,-0.0127769,0.97723961,0.98980576,0.016492363,0.0058307829,0.96074725,0.98397498,0.023227729,0.71813893,0.38544622,5.4095981,2.0851092,False,0.97373354,True,True,True,0.71813893,0.38544622,5.4095981,2.0851092,0.70921892,0.38365651,5.3214297,2.0416011,0.95885367,0.43562153,0.97269637,0.42372748,0.3666305,0.30178852,1.7103644,0.51616833,0.68859433,0.40213175,2.3493847,0.94476219,0.72149216,0.36159842,2.7742745,1.0031733,0.76818725,0.40490312,2.6104481,1.0569786,0.79187089,0.40640899,2.3155173,0.94104704
0b_rotation_best,file,14,baseline_rotation,3819,066.Western_Gull/Western_Gull_0094_55156.jpg,66,65,066.Western_Gull,59,58,identity,identity,0,{},0.042399082,0.042399082,0,0.95848721,0.95848721,0.033389084,0.033389084,0.92509813,0.92509813,0,1,1,8.1881384,8.1881384,False,1,True,True,True,1,1,8.1881384,8.1881384,1,1,7.9598221,7.9598221,1,1,1.9201155,1.9201155,1,1,1.9209779,1.9209779,1,1,3.9679393,3.9679393,1,1,4.0139163,4.0139163,1,1,3.8090206,3.8090206,1,1,3.6474522,3.6474522
0b_rotation_best,file,14,baseline_rotation,3819,066.Western_Gull/Western_Gull_0094_55156.jpg,66,65,066.Western_Gull,59,58,rotation,rotation,0,"{""angle"":12.335466}",0.042399082,0.012371467,-0.030027615,0.95848721,0.98770475,0.033389084,0.0094030323,0.92509813,0.97830172,0.053203593,0.82482436,0.29320774,8.1881384,2.4008255,False,0.9811939,True,True,True,0.82482436,0.29320774,8.1881384,2.4008255,0.81541701,0.29224996,7.9598221,2.3262577,0.97886197,0.30920401,1.9201155,0.59370742,0.79873814,0.22446295,1.9209779,0.43118836,0.85155946,0.30236554,3.9679393,1.1997681,0.81147511,0.30100982,4.0139163,1.2082282,0.7789437,0.28499832,3.8090206,1.0855645,0.8257605,0.29373217,3.6474522,1.071374
0b_rotation_best,file,14,baseline_rotation,9415,161.Blue_winged_Warbler/Blue_Winged_Warbler_0059_162064.jpg,161,160,161.Blue_winged_Warbler,43,42,identity,identity,0,{},3.4868045,3.4868045,0,0.030598495,0.030598495,0.2891914,0.2891914,-0.2585929,-0.2585929,0,1,1,216.0883,216.0883,False,0.99999988,True,False,False,1,1,216.0883,216.0883,1,1,213.75501,213.75501,1,1,31.669388,31.669388,1,1,48.982017,48.982017,1,1,98.012673,98.012673,1,1,125.80645,125.80645,1,1,96.462033,96.462033,1,1,92.484027,92.484027
0b_rotation_best,file,14,baseline_rotation,9415,161.Blue_winged_Warbler/Blue_Winged_Warbler_0059_162064.jpg,161,160,161.Blue_winged_Warbler,43,42,rotation,rotation,0,"{""angle"":-14.383995}",3.4868045,3.6735637,0.18675923,0.030598495,0.02538584,0.2891914,0.22267228,-0.2585929,-0.19728644,0.061306456,0.74208858,1.2085316,216.0883,261.14954,False,0.9142791,True,False,False,0.74208858,1.2085316,216.0883,261.14954,0.73913374,1.2110554,213.75501,258.86916,0.89624286,1.0873589,31.669388,34.43599,0.67484733,1.4695561,48.982017,71.981823,0.77760405,1.3263111,98.012673,129.9953,0.76825277,1.1799367,125.80645,148.44365,0.67062552,1.143947,96.462033,110.34745,0.74426155,1.1195696,92.484027,103.5423
0b_rotation_best,file,14,baseline_rotation,1298,024.Red_faced_Cormorant/Red_Faced_Cormorant_0002_796275.jpg,24,23,024.Red_faced_Cormorant,25,24,identity,identity,0,{},0.048212979,0.048212979,0,0.95293081,0.95293081,0.044562895,0.044562895,0.90836791,0.90836791,0,1,1,7.8420681,7.8420681,False,0.99999988,True,True,True,1,1,7.8420681,7.8420681,1,1,7.5212582,7.5212582,1,1,2.2200692,2.2200692,1,1,1.6708259,1.6708259,1,1,2.8598909,2.8598909,1,1,3.4725852,3.4725852,1,1,3.651968,3.651968,1,1,4.4947716,4.4947716
0b_rotation_best,file,14,baseline_rotation,1298,024.Red_faced_Cormorant/Red_Faced_Cormorant_0002_796275.jpg,24,23,024.Red_faced_Cormorant,25,24,rotation,rotation,0,"{""angle"":7.019389}",0.048212979,0.041375011,-0.0068379678,0.95293081,0.95946926,0.044562895,0.038265835,0.90836791,0.92120342,0.01283551,0.81545315,0.89279827,7.8420681,7.0013848,False,0.98535657,True,True,True,0.81545315,0.89279827,7.8420681,7.0013848,0.80103795,0.89454981,7.5212582,6.7281401,0.98533155,0.87244314,2.2200692,1.9368842,0.62455232,0.85201255,1.6708259,1.4235646,0.70796699,0.94844004,2.8598909,2.712435,0.76063823,0.92275799,3.4725852,3.2043557,0.80018132,0.87761372,3.651968,3.2050172,0.89333479,0.87148847,4.4947716,3.9171416
0b_rotation_best,file,14,baseline_rotation,5560,095.Baltimore_Oriole/Baltimore_Oriole_0064_89554.jpg,95,94,095.Baltimore_Oriole,96,95,identity,identity,0,{},0.001749891,0.001749891,0,0.99825162,0.99825162,0.0015083236,0.0015083236,0.99674329,0.99674329,0,1,1,0.2666625,0.2666625,False,1.0000001,True,True,True,1,1,0.2666625,0.2666625,1,1,0.25681075,0.25681075,1,1,0.071813139,0.071813139,1,1,0.048735627,0.048735627,1,1,0.098422487,0.098422487,1,1,0.13426657,0.13426657,1,1,0.1283027,0.1283027,1,1,0.13928574,0.13928574
0b_rotation_best,file,14,baseline_rotation,5560,095.Baltimore_Oriole/Baltimore_Oriole_0064_89554.jpg,95,94,095.Baltimore_Oriole,96,95,rotation,rotation,0,"{""angle"":-4.112379}",0.001749891,0.0018563911,0.00010650011,0.99825162,0.99814534,0.0015083236,0.0015895882,0.99674329,0.99655575,-0.00018753973,0.88392794,1.0731048,0.2666625,0.2861568,False,0.99516988,True,True,True,0.88392794,1.0731048,0.2666625,0.2861568,0.87533717,1.0740104,0.25681075,0.27581743,0.99514697,1.0614547,0.071813139,0.076226393,0.80790016,1.1962469,0.048735627,0.058299842,0.82054313,1.0751354,0.098422487,0.1058175,0.87016019,1.0608633,0.13426657,0.14243848,0.87354933,1.0807718,0.1283027,0.13866594,0.91941971,1.0639715,0.13928574,0.14819607
0b_rotation_best,file,14,baseline_rotation,10914,186.Cedar_Waxwing/Cedar_Waxwing_0062_178788.jpg,186,185,186.Cedar_Waxwing,185,184,identity,identity,0,{},0.00064495264,0.00064495264,0,0.99935526,0.99935526,0.00029208683,0.00029208683,0.99906317,0.99906317,0,1,1,0.10684167,0.10684167,False,1,True,True,True,1,1,0.10684167,0.10684167,1,1,0.10446784,0.10446784,1,1,0.022396694,0.022396694,1,1,0.026782656,0.026782656,1,1,0.05202037,0.05202037,1,1,0.049716792,0.049716792,1,1,0.047207613,0.047207613,1,1,0.05281839,0.05281839
0b_rotation_best,file,14,baseline_rotation,10914,186.Cedar_Waxwing/Cedar_Waxwing_0062_178788.jpg,186,185,186.Cedar_Waxwing,185,184,rotation,rotation,0,"{""angle"":5.000735}",0.00064495264,0.00050913246,-0.00013582018,0.99935526,0.99949098,0.00029208683,0.00021888675,0.99906317,0.99927209,0.00020891985,0.86805646,0.8455925,0.10684167,0.090344512,False,0.99571627,True,True,True,0.86805646,0.8455925,0.10684167,0.090344512,0.86276265,0.84834694,0.10446784,0.088624974,0.99545619,0.78326999,0.022396694,0.017542658,0.84710782,0.88475296,0.026782656,0.023696034,0.85160417,0.8603838,0.05202037,0.044757484,0.83690083,0.90273576,0.049716792,0.044881126,0.85404007,0.8379176,0.047207613,0.03955609,0.91791345,0.78306113,0.05281839,0.041360028
0b_rotation_best,file,14,baseline_rotation,4238,073.Blue_Jay/Blue_Jay_0061_63645.jpg,73,72,073.Blue_Jay,164,163,identity,identity,0,{},0.024144309,0.024144309,0,0.97614485,0.97614485,0.0066493247,0.0066493247,0.96949553,0.96949553,0,1,1,4.2144065,4.2144065,False,1,True,True,True,1,1,4.2144065,4.2144065,1,1,4.1526739,4.1526739,1,1,0.71869475,0.71869475,1,1,0.97777293,0.97777293,1,1,1.6342102,1.6342102,1,1,2.0964444,2.0964444,1,1,2.1402942,2.1402942,1,1,2.1545485,2.1545485
0b_rotation_best,file,14,baseline_rotation,4238,073.Blue_Jay/Blue_Jay_0061_63645.jpg,73,72,073.Blue_Jay,164,163,rotation,rotation,0,"{""angle"":-6.867932}",0.024144309,0.15247913,0.12833482,0.97614485,0.85857683,0.0066493247,0.039643455,0.96949553,0.81893338,-0.15056215,0.81346963,5.4689329,4.2144065,23.048307,False,0.97246456,True,True,True,0.81346963,5.4689329,4.2144065,23.048307,0.80839483,5.4516233,4.1526739,22.638814,0.97079738,6.0183254,0.71869475,4.3253388,0.61976862,6.4242097,0.97777293,6.2814183,0.79200861,5.3827936,1.6342102,8.7966162,0.78571968,5.33452,2.0964444,11.183524,0.81580003,5.4090608,2.1402942,11.576981,0.88049794,5.4242495,2.1545485,11.686809
0b_rotation_best,file,14,baseline_rotation,4661,080.Green_Kingfisher/Green_Kingfisher_0059_71119.jpg,80,79,080.Green_Kingfisher,82,81,identity,identity,0,{},0.067072727,0.067072727,0,0.9351272,0.9351272,0.0440161,0.0440161,0.8911111,0.8911111,0,1,1,9.6184122,9.6184122,False,0.99999988,True,True,True,1,1,9.6184122,9.6184122,1,1,9.3984317,9.3984317,1,1,2.0453204,2.0453204,1,1,2.3550658,2.3550658,1,1,3.4439334,3.4439334,1,1,5.1232411,5.1232411,1,1,4.7077717,4.7077717,1,1,4.7447646,4.7447646
0b_rotation_best,file,14,baseline_rotation,4661,080.Green_Kingfisher/Green_Kingfisher_0059_71119.jpg,80,79,080.Green_Kingfisher,82,81,rotation,rotation,0,"{""angle"":11.773896}",0.067072727,0.0258001,-0.041272627,0.9351272,0.97452986,0.0440161,0.020144248,0.8911111,0.95438561,0.063274516,0.79453325,0.44096242,9.6184122,4.2413583,False,0.97419816,True,True,True,0.79453325,0.44096242,9.6184122,4.2413583,0.78570013,0.43935241,9.3984317,4.1292236,0.96966639,0.47368161,2.0453204,0.96883067,0.76602643,0.43643749,2.3550658,1.027839,0.69854481,0.49021012,3.4439334,1.688251,0.79818536,0.44003849,5.1232411,2.2544233,0.77952726,0.41330951,4.7077717,1.9457668,0.83746819,0.43578693,4.7447646,2.0677064
0b_rotation_best,file,14,baseline_rotation,2841,050.Eared_Grebe/Eared_Grebe_0027_34341.jpg,50,49,050.Eared_Grebe,51,50,identity,identity,0,{},0.25409701,0.25409701,0,0.77561659,0.77561659,0.19216558,0.19216558,0.583451,0.583451,0,1,1,35.318327,35.318327,False,1,True,True,True,1,1,35.318327,35.318327,1,1,34.304709,34.304709,1,1,8.4006656,8.4006656,1,1,9.0406089,9.0406089,1,1,14.036767,14.036767,1,1,18.171585,18.171585,1,1,17.33518,17.33518,1,1,16.350371,16.350371
0b_rotation_best,file,14,baseline_rotation,2841,050.Eared_Grebe/Eared_Grebe_0027_34341.jpg,50,49,050.Eared_Grebe,51,50,rotation,rotation,0,"{""angle"":-2.772146}",0.25409701,0.040105071,-0.21399194,0.77561659,0.96068847,0.19216558,0.025978971,0.583451,0.9347095,0.3512585,0.85064216,0.17098304,35.318327,6.0388351,False,0.98370802,True,True,True,0.85064216,0.17098304,35.318327,6.0388351,0.84362263,0.17142655,34.304709,5.8807381,0.97436197,0.16340998,8.4006656,1.3727526,0.89492998,0.21521567,9.0406089,1.9456807,0.85441209,0.19650495,14.036767,2.7582942,0.82723688,0.16041065,18.171585,2.9149158,0.83429748,0.15461513,17.33518,2.6802812,0.86569163,0.16759121,16.350371,2.7401786
0b_rotation_best,file,14,baseline_rotation,6566,113.Baird_Sparrow/Baird_Sparrow_0008_106929.jpg,113,112,113.Baird_Sparrow,165,164,identity,identity,0,{},5.9838972,5.9838972,0,0.0025189908,0.0025189908,0.36327681,0.36327681,-0.36075782,-0.36075782,0,1,1,249.22099,249.22099,False,1,True,False,False,1,1,249.22099,249.22099,1,1,246.74739,246.74739,1,1,35.026127,35.026127,1,1,38.193414,38.193414,1,1,112.55949,112.55949,1,1,143.92353,143.92353,1,1,121.84568,121.84568,1,1,105.80902,105.80902
0b_rotation_best,file,14,baseline_rotation,6566,113.Baird_Sparrow/Baird_Sparrow_0008_106929.jpg,113,112,113.Baird_Sparrow,165,164,rotation,rotation,0,"{""angle"":-7.967071}",5.9838972,4.8016539,-1.1822433,0.0025189908,0.0082161473,0.36327681,0.03348333,-0.36075782,-0.025267183,0.33549064,0.7882268,0.98778962,249.22099,246.17791,False,0.95667541,False,False,False,0.7882268,0.98778962,249.22099,246.17791,0.78620716,0.98493781,246.74739,243.03083,0.88274217,1.1202337,35.026127,39.237447,0.73621601,1.072919,38.193414,40.978438,0.75844543,0.90989235,112.55949,102.41702,0.82449961,1.0158678,143.92353,146.20728,0.75561603,0.95411306,121.84568,116.25455,0.79343276,1.0354689,105.80902,109.56194
0b_rotation_best,file,14,baseline_rotation,10350,176.Prairie_Warbler/Prairie_Warbler_0031_172818.jpg,176,175,176.Prairie_Warbler,163,162,identity,identity,0,{},0.40967482,0.40967482,0,0.6638661,0.6638661,0.1718576,0.1718576,0.49200851,0.49200851,0,1,1,50.894719,50.894719,False,1.0000001,True,True,True,1,1,50.894719,50.894719,1,1,49.521405,49.521405,1,1,11.743206,11.743206,1,1,7.544821,7.544821,1,1,24.08659,24.08659,1,1,26.272627,26.272627,1,1,24.811611,24.811611,1,1,22.570212,22.570212
0b_rotation_best,file,14,baseline_rotation,10350,176.Prairie_Warbler/Prairie_Warbler_0031_172818.jpg,176,175,176.Prairie_Warbler,163,162,rotation,rotation,0,"{""angle"":-3.9038}",0.40967482,1.0413566,0.63168174,0.6638661,0.35297555,0.1718576,0.39342678,0.49200851,-0.040451229,-0.53245974,0.83726891,1.9584188,50.894719,99.673176,False,0.98182851,False,True,False,0.83726891,1.9584188,50.894719,99.673176,0.8291109,1.9553358,49.521405,96.830977,0.97855566,2.012456,11.743206,23.632686,0.59996676,2.6467186,7.544821,19.969018,0.85081266,2.1341133,24.08659,51.403514,0.8114081,1.8107325,26.272627,47.572699,0.82698581,1.8605754,24.811611,46.163873,0.87552081,1.9519328,22.570212,44.055537
0b_rotation_best,file,14,baseline_rotation,7555,129.Song_Sparrow/Song_Sparrow_0121_121203.jpg,129,128,129.Song_Sparrow,22,21,identity,identity,0,{},5.1173792,5.1173792,0,0.0059917071,0.0059917071,0.17223562,0.17223562,-0.16624392,-0.16624392,0,1,1,121.30513,121.30513,False,0.99999988,True,False,False,1,1,121.30513,121.30513,1,1,118.55562,118.55562,1,1,25.680698,25.680698,1,1,25.786503,25.786503,1,1,55.459927,55.459927,1,1,65.480773,65.480773,1,1,52.261782,52.261782,1,1,57.407865,57.407865
0b_rotation_best,file,14,baseline_rotation,7555,129.Song_Sparrow/Song_Sparrow_0121_121203.jpg,129,128,129.Song_Sparrow,22,21,rotation,rotation,0,"{""angle"":11.966102}",5.1173792,5.0318022,-0.085577011,0.0059917071,0.0065270383,0.17223562,0.18802826,-0.16624392,-0.18150122,-0.015257307,0.84440515,1.0890925,121.30513,132.11251,False,0.97350049,False,False,False,0.84440515,1.0890925,121.30513,132.11251,0.83873476,1.090354,118.55562,129.2676,0.96878165,1.0618505,25.680698,27.269061,0.86208833,1.166502,25.786503,30.080007,0.87801517,1.084137,55.459927,60.126158,0.85977968,1.1084431,65.480773,72.581709,0.79101131,1.0975847,52.261782,57.36173,0.80929825,1.0497414,57.407865,60.263412
0b_rotation_best,file,14,baseline_rotation,1074,020.Yellow_breasted_Chat/Yellow_Breasted_Chat_0044_22106.jpg,20,19,020.Yellow_breasted_Chat,200,199,identity,identity,0,{},0.0020296229,0.0020296229,0,0.99797243,0.99797243,0.00088759174,0.00088759174,0.99708484,0.99708484,0,1,1,0.25227427,0.25227427,False,1.0000001,True,True,True,1,1,0.25227427,0.25227427,1,1,0.24347908,0.24347908,1,1,0.066032136,0.066032136,1,1,0.047067885,0.047067885,1,1,0.10289883,0.10289883,1,1,0.10706232,0.10706232,1,1,0.1202881,0.1202881,1,1,0.14334204,0.14334204
0b_rotation_best,file,14,baseline_rotation,1074,020.Yellow_breasted_Chat/Yellow_Breasted_Chat_0044_22106.jpg,20,19,020.Yellow_breasted_Chat,200,199,rotation,rotation,0,"{""angle"":-12.127721}",0.0020296229,0.0021473938,0.00011777086,0.99797243,0.99785489,0.00088759174,0.0017066833,0.99708484,0.99614821,-0.00093663193,0.70245771,1.449915,0.25227427,0.36577624,False,0.98454809,True,True,True,0.70245771,1.449915,0.25227427,0.36577624,0.68696852,1.460669,0.24347908,0.35564234,0.94480522,1.2948713,0.066032136,0.085503118,0.67429363,1.2738847,0.047067885,0.059959059,0.72322023,1.6567684,0.10289883,0.17047953,0.59663801,1.5689627,0.10706232,0.16797678,0.66345271,1.5235346,0.1202881,0.18326308,0.76179985,1.2483825,0.14334204,0.1789457
0b_rotation_best,file,14,baseline_rotation,7464,128.Seaside_Sparrow/Seaside_Sparrow_0051_796522.jpg,128,127,128.Seaside_Sparrow,174,173,identity,identity,0,{},0.00039998637,0.00039998637,0,0.99960011,0.99960011,5.5916331e-05,5.5916331e-05,0.9995442,0.9995442,0,1,1,0.055711168,0.055711168,False,0.99999994,True,True,True,1,1,0.055711168,0.055711168,1,1,0.05365811,0.05365811,1,1,0.014984709,0.014984709,1,1,0.0083515097,0.0083515097,1,1,0.022722638,0.022722638,1,1,0.026134232,0.026134232,1,1,0.02411178,0.02411178,1,1,0.032074144,0.032074144
0b_rotation_best,file,14,baseline_rotation,7464,128.Seaside_Sparrow/Seaside_Sparrow_0051_796522.jpg,128,127,128.Seaside_Sparrow,174,173,rotation,rotation,0,"{""angle"":7.038211}",0.00039998637,0.00066925539,0.00026926902,0.99960011,0.999331,5.5916331e-05,8.9415051e-05,0.9995442,0.99924158,-0.00030261369,0.85164901,1.6953332,0.055711168,0.094448995,False,0.99220854,True,True,True,0.85164901,1.6953332,0.055711168,0.094448995,0.84080266,1.6942773,0.05365811,0.090911719,0.9895724,1.7088148,0.014984709,0.025606093,0.79349279,1.7181406,0.0083515097,0.014349068,0.80970164,1.8287783,0.022722638,0.041554667,0.82318011,1.7348671,0.026134232,0.045339419,0.80804371,1.6245277,0.02411178,0.039170255,0.89506128,1.6326799,0.032074144,0.05236681
0b_rotation_best,file,14,baseline_rotation,8913,152.Blue_headed_Vireo/Blue_Headed_Vireo_0122_156017.jpg,152,151,152.Blue_headed_Vireo,153,152,identity,identity,0,{},0.10759738,0.10759738,0,0.89798909,0.89798909,0.015779449,0.015779449,0.88220965,0.88220965,0,1,1,20.873193,20.873193,False,1,True,True,True,1,1,20.873193,20.873193,1,1,20.669488,20.669488,1,1,2.9090305,2.9090305,1,1,4.0227322,4.0227322,1,1,11.752355,11.752355,1,1,10.784134,10.784134,1,1,9.7823485,9.7823485,1,1,7.8061282,7.8061282
0b_rotation_best,file,14,baseline_rotation,8913,152.Blue_headed_Vireo/Blue_Headed_Vireo_0122_156017.jpg,152,151,152.Blue_headed_Vireo,153,152,rotation,rotation,0,"{""angle"":-7.907797}",0.10759738,0.28903365,0.18143627,0.89798909,0.74898702,0.015779449,0.045270532,0.88220965,0.70371649,-0.17849316,0.78152427,2.0799532,20.873193,43.415265,False,0.9760344,True,True,True,0.78152427,2.0799532,20.873193,43.415265,0.77732975,2.0724077,20.669488,42.835607,0.97180348,2.4306318,2.9090305,7.0707822,0.66946203,1.9472987,4.0227322,7.8334613,0.77999803,1.8051084,11.752355,21.214275,0.77673472,2.1383047,10.784134,23.059763,0.78141945,2.2098725,9.7823485,21.617743,0.81274752,2.3073079,7.8061282,18.011141
0b_rotation_best,file,14,baseline_rotation,3196,056.Pine_Grosbeak/Pine_Grosbeak_0104_38362.jpg,56,55,056.Pine_Grosbeak,35,34,identity,identity,0,{},0.0067534768,0.0067534768,0,0.99326926,0.99326926,0.0026979689,0.0026979689,0.9905713,0.9905713,0,1,1,0.99974029,0.99974029,False,1.0000001,True,True,True,1,1,0.99974029,0.99974029,1,1,0.97546037,0.97546037,1,1,0.21899249,0.21899249,1,1,0.14896697,0.14896697,1,1,0.39121458,0.39121458,1,1,0.47468589,0.47468589,1,1,0.49333882,0.49333882,1,1,0.55459269,0.55459269
0b_rotation_best,file,14,baseline_rotation,3196,056.Pine_Grosbeak/Pine_Grosbeak_0104_38362.jpg,56,55,056.Pine_Grosbeak,35,34,rotation,rotation,0,"{""angle"":-13.49033}",0.0067534768,0.015955627,0.0092021502,0.99326926,0.98417097,0.0026979689,0.005349054,0.9905713,0.97882192,-0.011749377,0.80535371,2.2689871,0.99974029,2.2683978,False,0.97757685,True,True,True,0.80535371,2.2689871,0.99974029,2.2683978,0.79684828,2.2696335,0.97546037,2.2139376,0.97513301,2.2561232,0.21899249,0.49407404,0.78704329,2.5320673,0.14896697,0.37719439,0.83962336,2.4587762,0.39121458,0.96190907,0.78680321,2.2443756,0.47468589,1.0653734,0.75049577,2.2325049,0.49333882,1.1013813,0.82097531,2.1979743,0.55459269,1.2189805
0b_rotation_best,file,14,baseline_rotation,8123,139.Scarlet_Tanager/Scarlet_Tanager_0040_137885.jpg,139,138,139.Scarlet_Tanager,191,190,identity,identity,0,{},0.015337617,0.015337617,0,0.98477942,0.98477942,0.0065031922,0.0065031922,0.97827623,0.97827623,0,1,1,2.3529862,2.3529862,False,1,True,True,True,1,1,2.3529862,2.3529862,1,1,2.3020037,2.3020037,1,1,0.48715811,0.48715811,1,1,0.76882174,0.76882174,1,1,1.0222832,1.0222832,1,1,1.1923205,1.1923205,1,1,1.1076223,1.1076223,1,1,1.0072815,1.0072815
0b_rotation_best,file,14,baseline_rotation,8123,139.Scarlet_Tanager/Scarlet_Tanager_0040_137885.jpg,139,138,139.Scarlet_Tanager,191,190,rotation,rotation,0,"{""angle"":9.905669}",0.015337617,0.027411746,0.012074129,0.98477942,0.97296053,0.0065031922,0.0059016133,0.97827623,0.96705892,-0.011217307,0.81312478,1.8843808,2.3529862,4.4339221,False,0.98593658,True,True,True,0.81312478,1.8843808,2.3529862,4.4339221,0.8071523,1.8872166,2.3020037,4.3443796,0.95193147,1.8199103,0.48715811,0.88658405,0.8239577,1.6885656,0.76882174,1.298206,0.83449092,1.9538409,1.0222832,1.9973788,0.80197668,1.9700282,1.1923205,2.348905,0.77382084,1.8745569,1.1076223,2.076301,0.82205949,1.8225917,1.0072815,1.835863
0b_rotation_best,file,14,baseline_rotation,7080,121.Grasshopper_Sparrow/Grasshopper_Sparrow_0026_115915.jpg,121,120,121.Grasshopper_Sparrow,113,112,identity,identity,0,{},0.019537741,0.019537741,0,0.98065186,0.98065186,0.005546628,0.005546628,0.97510523,0.97510523,0,1,1,3.3617152,3.3617152,False,0.99999994,True,True,True,1,1,3.3617152,3.3617152,1,1,3.2950543,3.2950543,1,1,0.66614327,0.66614327,1,1,0.45582153,0.45582153,1,1,1.6380372,1.6380372,1,1,1.5848488,1.5848488,1,1,1.5864926,1.5864926,1,1,1.7139834,1.7139834
0b_rotation_best,file,14,baseline_rotation,7080,121.Grasshopper_Sparrow/Grasshopper_Sparrow_0026_115915.jpg,121,120,121.Grasshopper_Sparrow,113,112,rotation,rotation,0,"{""angle"":13.100198}",0.019537741,0.0050418614,-0.01449588,0.98065186,0.9949708,0.005546628,0.00075393036,0.97510523,0.99421687,0.019111641,0.79218021,0.29360877,3.3617152,0.98702909,False,0.96892798,True,True,True,0.79218021,0.29360877,3.3617152,0.98702909,0.78615805,0.29400437,3.2950543,0.96876036,0.94532801,0.28375763,0.66614327,0.18902324,0.6746295,0.30121893,0.45582153,0.13730207,0.83539938,0.27819745,1.6380372,0.45569777,0.77269797,0.33454991,1.5848488,0.53021103,0.74908315,0.29636045,1.5864926,0.47017365,0.80966467,0.26723502,1.7139834,0.45803638
0b_rotation_best,file,14,baseline_rotation,3435,060.Glaucous_winged_Gull/Glaucous_Winged_Gull_0023_45090.jpg,60,59,060.Glaucous_winged_Gull,66,65,identity,identity,0,{},2.7721419,2.7721419,0,0.062527932,0.062527932,0.63293165,0.63293165,-0.57040372,-0.57040372,0,1,1,150.588,150.588,False,0.99999994,True,False,False,1,1,150.588,150.588,1,1,146.71105,146.71105,1,1,33.950176,33.950176,1,1,48.504007,48.504007,1,1,57.989913,57.989913,1,1,69.989061,69.989061,1,1,71.134874,71.134874,1,1,76.485452,76.485452
0b_rotation_best,file,14,baseline_rotation,3435,060.Glaucous_winged_Gull/Glaucous_Winged_Gull_0023_45090.jpg,60,59,060.Glaucous_winged_Gull,66,65,rotation,rotation,0,"{""angle"":-1.420816}",2.7721419,3.0416515,0.26950955,0.062527932,0.047755957,0.63293165,0.28523645,-0.57040372,-0.23748049,0.33292323,0.79676198,0.85818496,150.588,129.23236,False,0.9898383,False,False,False,0.79676198,0.85818496,150.588,129.23236,0.79028928,0.8526355,146.71105,125.09105,0.90949256,0.95591653,33.950176,32.453535,0.88239544,0.70566381,48.504007,34.227522,0.6733787,0.79026468,57.989913,45.82738,0.77892836,0.84938923,69.989061,59.447954,0.80785718,0.88262621,71.134874,62.785504,0.82184518,0.91520857,76.485452,70.000141
0b_rotation_best,file,14,baseline_rotation,6277,108.White_necked_Raven/White_Necked_Raven_0018_102746.jpg,108,107,108.White_necked_Raven,107,106,identity,identity,0,{},1.1863695,1.1863695,0,0.30532774,0.30532774,0.44966555,0.44966555,-0.1443378,-0.1443378,0,1,1,97.456536,97.456536,False,0.99999988,True,False,False,1,1,97.456536,97.456536,1,1,94.900916,94.900916,1,1,22.171887,22.171887,1,1,17.639502,17.639502,1,1,39.482206,39.482206,1,1,51.436252,51.436252,1,1,48.180884,48.180884,1,1,46.573615,46.573615
0b_rotation_best,file,14,baseline_rotation,6277,108.White_necked_Raven/White_Necked_Raven_0018_102746.jpg,108,107,108.White_necked_Raven,107,106,rotation,rotation,0,"{""angle"":6.577819}",1.1863695,0.90122306,-0.28514647,0.30532774,0.40607271,0.44966555,0.31215963,-0.1443378,0.093913078,0.23825088,0.83215937,0.9817891,97.456536,95.681764,False,0.96961719,False,False,True,0.83215937,0.9817891,97.456536,95.681764,0.82618267,0.98794515,94.900916,93.756899,0.9652523,0.86125496,22.171887,19.095648,0.63181744,0.91505449,17.639502,16.141105,0.83771592,1.1391032,39.482206,44.974308,0.83797078,0.99671968,51.436252,51.267524,0.8172722,0.96818581,48.180884,46.648049,0.85182301,0.88599922,46.573615,41.264186
0b_rotation_best,file,14,baseline_rotation,6248,107.Common_Raven/Common_Raven_0068_101216.jpg,107,106,107.Common_Raven,29,28,identity,identity,0,{},0.15299597,0.15299597,0,0.8581332,0.8581332,0.055102091,0.055102091,0.80303111,0.80303111,0,1,1,21.270785,21.270785,False,1,True,True,True,1,1,21.270785,21.270785,1,1,20.730009,20.730009,1,1,4.7658202,4.7658202,1,1,5.9402499,5.9402499,1,1,9.6895137,9.6895137,1,1,9.9963417,9.9963417,1,1,10.204197,10.204197,1,1,9.8238254,9.8238254
0b_rotation_best,file,14,baseline_rotation,6248,107.Common_Raven/Common_Raven_0068_101216.jpg,107,106,107.Common_Raven,29,28,rotation,rotation,0,"{""angle"":-9.081087}",0.15299597,0.23496628,0.081970304,0.8581332,0.7905975,0.055102091,0.041255705,0.80303111,0.74934179,-0.053689312,0.77140493,1.3877157,21.270785,29.517802,False,0.97197664,True,True,True,0.77140493,1.3877157,21.270785,29.517802,0.7625538,1.3904429,20.730009,28.823895,0.9464219,1.3350661,4.7658202,6.3626848,0.71442493,1.3671942,5.9402499,8.1214751,0.69881084,1.2521376,9.6895137,12.132604,0.76342292,1.4538547,9.9963417,14.533228,0.76247849,1.3804134,10.204197,14.08601,0.83645209,1.4681834,9.8238254,14.423177
0b_rotation_best,file,14,baseline_rotation,1241,023.Brandt_Cormorant/Brandt_Cormorant_0067_23352.jpg,23,22,023.Brandt_Cormorant,100,99,identity,identity,0,{},2.6258397,2.6258397,0,0.072378948,0.072378948,0.28695306,0.28695306,-0.21457411,-0.21457411,0,1,1,128.44347,128.44347,False,1,True,False,False,1,1,128.44347,128.44347,1,1,125.91319,125.91319,1,1,25.36919,25.36919,1,1,35.840804,35.840804,1,1,52.103519,52.103519,1,1,68.689534,68.689534,1,1,57.724455,57.724455,1,1,61.680026,61.680026
0b_rotation_best,file,14,baseline_rotation,1241,023.Brandt_Cormorant/Brandt_Cormorant_0067_23352.jpg,23,22,023.Brandt_Cormorant,100,99,rotation,rotation,0,"{""angle"":-14.953602}",2.6258397,4.0071964,1.3813567,0.072378948,0.018184306,0.28695306,0.05947762,-0.21457411,-0.041293314,0.1732808,0.73613277,1.1663649,128.44347,149.81196,False,0.94978809,False,False,False,0.73613277,1.1663649,128.44347,149.81196,0.72875715,1.1645123,125.91319,146.62745,0.91137496,1.2111069,25.36919,30.724801,0.74120918,1.3391252,35.840804,47.995325,0.62624764,1.184519,52.103519,61.717606,0.78744696,1.1379814,68.689534,78.167411,0.71023396,1.1538872,57.724455,66.607508,0.74732083,1.1279535,61.680026,69.572203
0b_rotation_best,file,14,baseline_rotation,11303,192.Downy_Woodpecker/Downy_Woodpecker_0123_184692.jpg,192,191,192.Downy_Woodpecker,188,187,identity,identity,0,{},2.3951683,2.3951683,0,0.091157325,0.091157325,0.069716774,0.069716774,0.021440551,0.021440551,0,1,1,165.04407,165.04407,False,1,True,True,True,1,1,165.04407,165.04407,1,1,163.24438,163.24438,1,1,24.306701,24.306701,1,1,35.393295,35.393295,1,1,56.139362,56.139362,1,1,98.939859,98.939859,1,1,89.332282,89.332282,1,1,66.895904,66.895904
0b_rotation_best,file,14,baseline_rotation,11303,192.Downy_Woodpecker/Downy_Woodpecker_0123_184692.jpg,192,191,192.Downy_Woodpecker,188,187,rotation,rotation,0,"{""angle"":-12.812744}",2.3951683,2.3899083,-0.0052599907,0.091157325,0.091638096,0.069716774,0.063832723,0.021440551,0.027805373,0.0063648224,0.80291796,0.92659911,165.04407,152.92968,False,0.96330392,False,True,False,0.80291796,0.92659911,165.04407,152.92968,0.7992013,0.92199395,163.24438,150.51033,0.95570091,1.1147054,24.306701,27.094811,0.75942605,0.84538954,35.393295,29.921122,0.64820158,0.98193998,56.139362,55.125484,0.84666523,0.89970972,98.939859,89.017153,0.81608914,0.93077278,89.332282,83.148057,0.79358414,0.93133656,66.895904,62.302601
0b_rotation_best,file,14,baseline_rotation,6956,119.Field_Sparrow/Field_Sparrow_0013_113599.jpg,119,118,119.Field_Sparrow,115,114,identity,identity,0,{},0.011782695,0.011782695,0,0.98828644,0.98828644,0.0033771039,0.0033771039,0.98490933,0.98490933,0,1,1,1.7681601,1.7681601,False,1.0000001,True,True,True,1,1,1.7681601,1.7681601,1,1,1.7218036,1.7218036,1,1,0.40222204,0.40222204,1,1,0.37889764,0.37889764,1,1,0.82128975,0.82128975,1,1,0.92906698,0.92906698,1,1,0.78185464,0.78185464,1,1,0.81979583,0.81979583
0b_rotation_best,file,14,baseline_rotation,6956,119.Field_Sparrow/Field_Sparrow_0013_113599.jpg,119,118,119.Field_Sparrow,115,114,rotation,rotation,0,"{""angle"":4.61046}",0.011782695,0.0034581167,-0.0083245779,0.98828644,0.99654788,0.0033771039,0.0012914581,0.98490933,0.99525642,0.010347088,0.84326135,0.3027165,1.7681601,0.53525125,False,0.98745769,True,True,True,0.84326135,0.3027165,1.7681601,0.53525125,0.83568948,0.30111319,1.7218036,0.51845777,0.97309222,0.33072326,0.40222204,0.13302419,0.87835954,0.2906241,0.37889764,0.11011679,0.8168252,0.26405985,0.82128975,0.21686965,0.81406642,0.3074423,0.92906698,0.28563449,0.83202165,0.32206539,0.78185464,0.25180832,0.88291416,0.31014481,0.81979583,0.25425542
0b_rotation_best,file,14,baseline_rotation,9150,156.White_eyed_Vireo/White_Eyed_Vireo_0118_159036.jpg,156,155,156.White_eyed_Vireo,55,54,identity,identity,0,{},0.00041595389,0.00041595389,0,0.99958414,0.99958414,6.9992428e-05,6.9992428e-05,0.99951415,0.99951415,0,1,1,0.060198267,0.060198267,False,0.99999994,True,True,True,1,1,0.060198267,0.060198267,1,1,0.058546319,0.058546319,1,1,0.01400571,0.01400571,1,1,0.0095073398,0.0095073398,1,1,0.023892657,0.023892657,1,1,0.025051362,0.025051362,1,1,0.029144695,0.029144695,1,1,0.035908758,0.035908758
0b_rotation_best,file,14,baseline_rotation,9150,156.White_eyed_Vireo/White_Eyed_Vireo_0118_159036.jpg,156,155,156.White_eyed_Vireo,55,54,rotation,rotation,0,"{""angle"":-1.856498}",0.00041595389,0.00060218317,0.00018622927,0.99958414,0.99939799,6.9992428e-05,0.00010512849,0.99951415,0.99929286,-0.00022128136,0.89054049,1.4957205,0.060198267,0.09003978,False,0.99629772,True,True,True,0.89054049,1.4957205,0.060198267,0.09003978,0.88496336,1.5004716,0.058546319,0.08784709,0.99586915,1.4101177,0.01400571,0.0197497,0.69436832,1.4505171,0.0095073398,0.013790559,0.849276,1.4112676,0.023892657,0.033718932,0.84549041,1.6234402,0.025051362,0.04066939,0.88198354,1.5431301,0.029144695,0.044974056,0.94028012,1.450603,0.035908758,0.052089351
0b_rotation_best,file,14,baseline_rotation,1514,027.Shiny_Cowbird/Shiny_Cowbird_0062_24271.jpg,27,26,027.Shiny_Cowbird,29,28,identity,identity,0,{},0.14413531,0.14413531,0,0.86577058,0.86577058,0.074056603,0.074056603,0.79171398,0.79171398,0,1,1,22.380248,22.380248,False,1,True,True,True,1,1,22.380248,22.380248,1,1,21.886445,21.886445,1,1,4.6753603,4.6753603,1,1,5.6665496,5.6665496,1,1,10.100818,10.100818,1,1,11.625782,11.625782,1,1,10.209361,10.209361,1,1,10.270848,10.270848
0b_rotation_best,file,14,baseline_rotation,1514,027.Shiny_Cowbird/Shiny_Cowbird_0062_24271.jpg,27,26,027.Shiny_Cowbird,29,28,rotation,rotation,0,"{""angle"":1.861996}",0.14413531,0.066331699,-0.077803612,0.86577058,0.9358204,0.074056603,0.032735705,0.79171398,0.9030847,0.11137072,0.90351931,0.51742073,22.380248,11.580004,False,0.99266708,True,True,True,0.90351931,0.51742073,22.380248,11.580004,0.89949048,0.51725,21.886445,11.320764,0.99117087,0.52114815,4.6753603,2.4365553,0.88142032,0.60787542,5.6665496,3.4445562,0.87650148,0.53074684,10.100818,5.3609772,0.90533997,0.52130306,11.625782,6.0605556,0.89773743,0.50100922,10.209361,5.1149842,0.9318932,0.48350532,10.270848,4.9660099
0b_rotation_best,file,14,baseline_rotation,1639,029.American_Crow/American_Crow_0062_25587.jpg,29,28,029.American_Crow,30,29,identity,identity,0,{},0.14253627,0.14253627,0,0.86715609,0.86715609,0.086372927,0.086372927,0.78078316,0.78078316,0,1,1,21.304223,21.304223,False,1,True,True,True,1,1,21.304223,21.304223,1,1,20.655304,20.655304,1,1,5.2180805,5.2180805,1,1,5.8099955,5.8099955,1,1,9.1115311,9.1115311,1,1,10.530492,10.530492,1,1,10.618569,10.618569,1,1,9.2854862,9.2854862
0b_rotation_best,file,14,baseline_rotation,1639,029.American_Crow/American_Crow_0062_25587.jpg,29,28,029.American_Crow,30,29,rotation,rotation,0,"{""angle"":4.495847}",0.14253627,0.41196153,0.26942526,0.86715609,0.66234976,0.086372927,0.21222475,0.78078316,0.45012501,-0.33065815,0.85341845,2.8759684,21.304223,61.270274,False,0.98585415,True,True,True,0.85341845,2.8759684,21.304223,61.270274,0.84574706,2.888029,20.655304,59.653116,0.98521048,2.6799125,5.2180805,13.983999,0.87691613,4.0560828,5.8099955,23.565823,0.81092536,2.9354196,9.1115311,26.746167,0.836691,2.8336991,10.530492,29.840247,0.86789609,2.7165065,10.618569,28.845411,0.88623434,2.5605383,9.2854862,23.775843
0b_rotation_best,file,14,baseline_rotation,1375,025.Pelagic_Cormorant/Pelagic_Cormorant_0044_23536.jpg,25,24,025.Pelagic_Cormorant,23,22,identity,identity,0,{},0.15127723,0.15127723,0,0.85960937,0.85960937,0.11544579,0.11544579,0.74416358,0.74416358,0,1,1,16.519946,16.519946,False,0.99999994,True,True,True,1,1,16.519946,16.519946,1,1,15.412052,15.412052,1,1,5.9478786,5.9478786,1,1,3.2973641,3.2973641,1,1,5.146125,5.146125,1,1,7.1260879,7.1260879,1,1,7.6523475,7.6523475,1,1,9.5308227,9.5308227
0b_rotation_best,file,14,baseline_rotation,1375,025.Pelagic_Cormorant/Pelagic_Cormorant_0044_23536.jpg,25,24,025.Pelagic_Cormorant,23,22,rotation,rotation,0,"{""angle"":-14.409428}",0.15127723,0.11886572,-0.032411508,0.85960937,0.88792706,0.11544579,0.056630362,0.74416358,0.83129669,0.087133113,0.54735395,0.74223466,16.519946,12.261676,False,0.96770692,True,True,True,0.54735395,0.74223466,16.519946,12.261676,0.49220717,0.74520643,15.412052,11.48516,0.92978246,0.72196473,5.9478786,4.2941586,0.10779332,0.85148864,3.2973641,2.8076681,0.2416314,0.94351341,5.146125,4.8554379,0.34169278,0.73886148,7.1260879,5.2651919,0.54381374,0.69887224,7.6523475,5.3480132,0.71099359,0.69698348,9.5308227,6.642826
0b_rotation_best,file,14,baseline_rotation,4127,071.Long_tailed_Jaeger/Long_Tailed_Jaeger_0062_797104.jpg,71,70,071.Long_tailed_Jaeger,72,71,identity,identity,0,{},0.80473465,0.80473465,0,0.44720659,0.44720659,0.43516365,0.43516365,0.01204294,0.01204294,0,1,1,95.093924,95.093924,False,1,True,True,True,1,1,95.093924,95.093924,1,1,93.106204,93.106204,1,1,19.341384,19.341384,1,1,16.427113,16.427113,1,1,39.095811,39.095811,1,1,52.968113,52.968113,1,1,48.073814,48.073814,1,1,41.877442,41.877442
0b_rotation_best,file,14,baseline_rotation,4127,071.Long_tailed_Jaeger/Long_Tailed_Jaeger_0062_797104.jpg,71,70,071.Long_tailed_Jaeger,72,71,rotation,rotation,0,"{""angle"":-2.092553}",0.80473465,0.40194592,-0.40278873,0.44720659,0.66901696,0.43516365,0.27843851,0.01204294,0.39057845,0.37853551,0.90973305,0.70359958,95.093924,66.908045,False,0.98083252,True,True,True,0.90973305,0.70359958,95.093924,66.908045,0.90689756,0.70505576,93.106204,65.645065,0.98019083,0.66896831,19.341384,12.938773,0.8449996,1.0857434,16.427113,17.83563,0.86738627,0.7386989,39.095811,28.880033,0.92964825,0.69959253,52.968113,37.056096,0.92475702,0.66617435,48.073814,32.025542,0.9257179,0.65757579,41.877442,27.537592
0b_rotation_best,file,14,baseline_rotation,6533,112.Great_Grey_Shrike/Great_Grey_Shrike_0063_797042.jpg,112,111,112.Great_Grey_Shrike,74,73,identity,identity,0,{},0.47206628,0.47206628,0,0.62371218,0.62371218,0.1041752,0.1041752,0.51953699,0.51953699,0,1,1,90.466555,90.466555,False,1,True,True,True,1,1,90.466555,90.466555,1,1,89.476922,89.476922,1,1,13.344581,13.344581,1,1,20.396509,20.396509,1,1,45.438111,45.438111,1,1,46.884749,46.884749,1,1,42.954386,42.954386,1,1,38.499625,38.499625
0b_rotation_best,file,14,baseline_rotation,6533,112.Great_Grey_Shrike/Great_Grey_Shrike_0063_797042.jpg,112,111,112.Great_Grey_Shrike,74,73,rotation,rotation,0,"{""angle"":7.875577}",0.47206628,0.20478034,-0.26728594,0.62371218,0.81482625,0.1041752,0.019254006,0.51953699,0.79557224,0.27603526,0.74484075,0.40942215,90.466555,37.039011,False,0.97181869,True,True,True,0.74484075,0.40942215,90.466555,37.039011,0.74129089,0.40665074,89.476922,36.385857,0.89153367,0.51894871,13.344581,6.9251532,0.59509216,0.38896136,20.396509,7.9334541,0.76245466,0.38450639,45.438111,17.471244,0.73295543,0.41954948,46.884749,19.670472,0.71889623,0.39735955,42.954386,17.068336,0.7933665,0.4326811,38.499625,16.65806
0b_rotation_best,file,14,baseline_rotation,7844,134.Cape_Glossy_Starling/Cape_Glossy_Starling_0046_129434.jpg,134,133,134.Cape_Glossy_Starling,9,8,identity,identity,0,{},0.001342468,0.001342468,0,0.99865842,0.99865842,0.00032194229,0.00032194229,0.99833648,0.99833648,0,1,1,0.16228038,0.16228038,False,1,True,True,True,1,1,0.16228038,0.16228038,1,1,0.15769244,0.15769244,1,1,0.038314695,0.038314695,1,1,0.035994092,0.035994092,1,1,0.051434232,0.051434232,1,1,0.064617553,0.064617553,1,1,0.070562019,0.070562019,1,1,0.10849619,0.10849619
0b_rotation_best,file,14,baseline_rotation,7844,134.Cape_Glossy_Starling/Cape_Glossy_Starling_0046_129434.jpg,134,133,134.Cape_Glossy_Starling,9,8,rotation,rotation,0,"{""angle"":-9.451414}",0.001342468,0.0005274812,-0.00081498676,0.99865842,0.99947268,0.00032194229,8.9187553e-05,0.99833648,0.99938349,0.0010470138,0.8399831,0.40653661,0.16228038,0.065972915,False,0.98951751,True,True,True,0.8399831,0.40653661,0.16228038,0.065972915,0.83111711,0.40589948,0.15769244,0.06400728,0.98640166,0.41718113,0.038314695,0.015984168,0.68742664,0.45204777,0.035994092,0.016271049,0.78940414,0.41463388,0.051434232,0.021326375,0.82784368,0.41138132,0.064617553,0.026582454,0.76193439,0.39324504,0.070562019,0.027748164,0.88928874,0.40183872,0.10849619,0.043597971
0b_rotation_best,file,14,baseline_rotation,8500,145.Elegant_Tern/Elegant_Tern_0052_150695.jpg,145,144,145.Elegant_Tern,143,142,identity,identity,0,{},3.7649598,3.7649598,0,0.023168547,0.023168547,0.85610378,0.85610378,-0.83293523,-0.83293523,0,1,1,148.2643,148.2643,False,0.99999988,True,False,False,1,1,148.2643,148.2643,1,1,142.76027,142.76027,1,1,40.022605,40.022605,1,1,33.516895,33.516895,1,1,59.532486,59.532486,1,1,77.293196,77.293196,1,1,66.751151,66.751151,1,1,72.684522,72.684522
0b_rotation_best,file,14,baseline_rotation,8500,145.Elegant_Tern/Elegant_Tern_0052_150695.jpg,145,144,145.Elegant_Tern,143,142,rotation,rotation,0,"{""angle"":13.759029}",3.7649598,3.4539821,-0.3109777,0.023168547,0.031619471,0.85610378,0.75145602,-0.83293523,-0.71983655,0.11309868,0.80456759,0.9863965,148.2643,146.24739,False,0.96050435,True,False,False,0.80456759,0.9863965,148.2643,146.24739,0.79439602,0.99462512,142.76027,141.99295,0.95787169,0.87497005,40.022605,35.018581,0.85430515,0.91188293,33.516895,30.563485,0.77987599,0.97725528,59.532486,58.178436,0.81526118,1.0468346,77.293196,80.91319,0.76928383,1.0049717,66.751151,67.083021,0.7913685,0.95279733,72.684522,69.253619
0b_rotation_best,file,14,baseline_rotation,7770,133.White_throated_Sparrow/White_Throated_Sparrow_0124_128801.jpg,133,132,133.White_throated_Sparrow,117,116,identity,identity,0,{},1.8360257,1.8360257,0,0.15944986,0.15944986,0.5270375,0.5270375,-0.36758764,-0.36758764,0,1,1,209.49006,209.49006,False,1,True,False,False,1,1,209.49006,209.49006,1,1,207.22871,207.22871,1,1,30.697627,30.697627,1,1,46.283308,46.283308,1,1,96.619293,96.619293,1,1,125.56136,125.56136,1,1,98.867405,98.867405,1,1,76.979786,76.979786
0b_rotation_best,file,14,baseline_rotation,7770,133.White_throated_Sparrow/White_Throated_Sparrow_0124_128801.jpg,133,132,133.White_throated_Sparrow,117,116,rotation,rotation,0,"{""angle"":-11.09905}",1.8360257,4.7286382,2.8926125,0.15944986,0.008838499,0.5270375,0.90619457,-0.36758764,-0.89735607,-0.52976843,0.72743571,1.300826,209.49006,272.51011,False,0.95242691,True,False,False,0.72743571,1.300826,209.49006,272.51011,0.72273843,1.2990142,207.22871,269.19304,0.93013487,1.3808706,30.697627,42.38945,0.43746471,1.2237292,46.283308,56.638236,0.61600712,1.3198157,96.619293,127.51966,0.76010575,1.2729879,125.56136,159.83809,0.78700091,1.2918181,98.867405,127.71871,0.78645049,1.3708103,76.979786,105.52468
0b_rotation_best,file,14,baseline_rotation,9211,157.Yellow_throated_Vireo/Yellow_Throated_Vireo_0028_795008.jpg,157,156,157.Yellow_throated_Vireo,175,174,identity,identity,0,{},0.63037723,0.63037723,0,0.53239095,0.53239095,0.40782592,0.40782592,0.12456504,0.12456504,0,1,1,93.451858,93.451858,False,1,True,True,True,1,1,93.451858,93.451858,1,1,92.102083,92.102083,1,1,15.825806,15.825806,1,1,29.448643,29.448643,1,1,52.856551,52.856551,1,1,47.744446,47.744446,1,1,37.659082,37.659082,1,1,33.526371,33.526371
0b_rotation_best,file,14,baseline_rotation,9211,157.Yellow_throated_Vireo/Yellow_Throated_Vireo_0028_795008.jpg,157,156,157.Yellow_throated_Vireo,175,174,rotation,rotation,0,"{""angle"":12.218264}",0.63037723,0.1215966,-0.50878064,0.53239095,0.8855055,0.40782592,0.1050063,0.12456504,0.7804992,0.65593416,0.86158147,0.28749526,93.451858,26.866967,False,0.96110439,True,True,True,0.86158147,0.28749526,93.451858,26.866967,0.85851038,0.28690133,92.102083,26.42421,0.96071178,0.30693363,15.825806,4.857472,0.91904362,0.28806251,29.448643,8.4830502,0.87243191,0.27411397,52.856551,14.488719,0.8657075,0.29966861,47.744446,14.307512,0.80345481,0.28609085,37.659082,10.773919,0.83690204,0.29159339,33.526371,9.7760684
0b_rotation_best,file,14,baseline_rotation,2502,044.Frigatebird/Frigatebird_0004_43221.jpg,44,43,044.Frigatebird,33,32,identity,identity,0,{},2.9833479,2.9833479,0,0.050623074,0.050623074,0.083849028,0.083849028,-0.033225954,-0.033225954,0,1,1,145.42584,145.42584,False,1,True,False,False,1,1,145.42584,145.42584,1,1,143.94447,143.94447,1,1,20.704199,20.704199,1,1,41.963228,41.963228,1,1,74.347614,74.347614,1,1,74.878226,74.878226,1,1,63.414799,63.414799,1,1,61.671262,61.671262
0b_rotation_best,file,14,baseline_rotation,2502,044.Frigatebird/Frigatebird_0004_43221.jpg,44,43,044.Frigatebird,33,32,rotation,rotation,0,"{""angle"":1.568531}",2.9833479,3.2529035,0.26955557,0.050623074,0.038661793,0.083849028,0.14018799,-0.033225954,-0.1015262,-0.068300247,0.87460394,1.0043528,145.42584,146.05885,False,0.98374158,True,False,False,0.87460394,1.0043528,145.42584,146.05885,0.87228254,1.0023787,143.94447,144.28687,0.98064939,1.0955403,20.704199,22.682285,0.85936566,1.1119571,41.963228,46.661308,0.87616495,0.95619853,74.347614,71.09108,0.86083824,0.96536625,74.878226,72.284912,0.86024992,1.017032,63.414799,64.49488,0.90677874,1.0512009,61.671262,64.828886
0b_rotation_best,file,14,baseline_rotation,8194,140.Summer_Tanager/Summer_Tanager_0095_139882.jpg,140,139,140.Summer_Tanager,139,138,identity,identity,0,{},0.0021586944,0.0021586944,0,0.99784362,0.99784362,0.00041234813,0.00041234813,0.99743128,0.99743128,0,1,1,0.2372174,0.2372174,False,1,True,True,True,1,1,0.2372174,0.2372174,1,1,0.22777592,0.22777592,1,1,0.066258756,0.066258756,1,1,0.049073517,0.049073517,1,1,0.077219397,0.077219397,1,1,0.097160377,0.097160377,1,1,0.10527919,0.10527919,1,1,0.15161457,0.15161457
0b_rotation_best,file,14,baseline_rotation,8194,140.Summer_Tanager/Summer_Tanager_0095_139882.jpg,140,139,140.Summer_Tanager,139,138,rotation,rotation,0,"{""angle"":-7.251492}",0.0021586944,0.0011719747,-0.00098671974,0.99784362,0.99882871,0.00041234813,0.00044796275,0.99743128,0.99838075,0.00094947134,0.72666978,0.57769508,0.2372174,0.13703932,False,0.98541456,True,True,True,0.72666978,0.57769508,0.2372174,0.13703932,0.70621869,0.57715242,0.22777592,0.13146142,0.96553773,0.58406973,0.066258756,0.038699734,0.60819603,0.47225099,0.049073517,0.023175017,0.55129327,0.66481003,0.077219397,0.05133623,0.64022787,0.58570927,0.097160377,0.056907734,0.62590319,0.59223176,0.10527919,0.062349682,0.83829234,0.55118843,0.15161457,0.083568195
0b_rotation_best,file,14,baseline_rotation,1426,026.Bronzed_Cowbird/Bronzed_Cowbird_0040_24134.jpg,26,25,026.Bronzed_Cowbird,27,26,identity,identity,0,{},1.1949325,1.1949325,0,0.30272445,0.30272445,0.67418689,0.67418689,-0.37146243,-0.37146243,0,1,1,189.38231,189.38231,False,1,True,False,False,1,1,189.38231,189.38231,1,1,186.6565,186.6565,1,1,32.015778,32.015778,1,1,62.456435,62.456435,1,1,106.74232,106.74232,1,1,82.489401,82.489401,1,1,84.856327,84.856327,1,1,74.436693,74.436693
0b_rotation_best,file,14,baseline_rotation,1426,026.Bronzed_Cowbird/Bronzed_Cowbird_0040_24134.jpg,26,25,026.Bronzed_Cowbird,27,26,rotation,rotation,0,"{""angle"":-9.19095}",1.1949325,0.0091492916,-1.1857832,0.30272445,0.99089241,0.67418689,0.0037927791,-0.37146243,0.98709963,1.3585621,0.69113639,0.0077818094,189.38231,1.473737,False,0.94706404,False,False,True,0.69113639,0.0077818094,189.38231,1.473737,0.68608137,0.0076833517,186.6565,1.4341475,0.85031532,0.010597771,32.015778,0.33929587,0.70304235,0.0064703391,62.456435,0.40411431,0.7853863,0.0074016338,106.74232,0.79006758,0.56759096,0.0074542962,82.489401,0.61490043,0.62834306,0.0076092879,84.856327,0.64569622,0.71131593,0.0092514759,74.436693,0.68864927
0b_rotation_best,file,14,baseline_rotation,8057,138.Tree_Swallow/Tree_Swallow_0071_136749.jpg,138,137,138.Tree_Swallow,134,133,identity,identity,0,{},0.049126912,0.049126912,0,0.95206028,0.95206028,0.0059002093,0.0059002093,0.94616007,0.94616007,0,1,1,6.1138987,6.1138987,False,1,True,True,True,1,1,6.1138987,6.1138987,1,1,5.9805153,5.9805153,1,1,1.2701158,1.2701158,1,1,1.0768312,1.0768312,1,1,2.3604579,2.3604579,1,1,2.7601933,2.7601933,1,1,3.1260382,3.1260382,1,1,3.4123972,3.4123972
0b_rotation_best,file,14,baseline_rotation,8057,138.Tree_Swallow/Tree_Swallow_0071_136749.jpg,138,137,138.Tree_Swallow,134,133,rotation,rotation,0,"{""angle"":1.769558}",0.049126912,0.065490194,0.016363282,0.95206028,0.93660825,0.0059002093,0.007231086,0.94616007,0.92937717,-0.016782904,0.8779195,1.3760271,6.1138987,8.4128902,False,0.99166524,True,True,True,0.8779195,1.3760271,6.1138987,8.4128902,0.87302705,1.3779407,5.9805153,8.2407952,0.99052184,1.3328949,1.2701158,1.6929309,0.81815554,1.6202157,1.0768312,1.7446988,0.79344689,1.4382254,2.3604579,3.3948703,0.84398812,1.3928823,2.7601933,3.8446244,0.88181227,1.3377003,3.1260382,4.1817023,0.93504935,1.3452779,3.4123972,4.5906227
0b_rotation_best,file,14,baseline_rotation,1802,032.Mangrove_Cuckoo/Mangrove_Cuckoo_0016_794607.jpg,32,31,032.Mangrove_Cuckoo,178,177,identity,identity,0,{},0.95287657,0.95287657,0,0.38563016,0.38563016,0.23330231,0.23330231,0.15232785,0.15232785,0,1,1,153.37196,153.37196,False,1,True,True,True,1,1,153.37196,153.37196,1,1,152.14322,152.14322,1,1,19.375248,19.375248,1,1,29.777634,29.777634,1,1,79.503446,79.503446,1,1,88.846184,88.846184,1,1,68.825614,68.825614,1,1,57.527768,57.527768
0b_rotation_best,file,14,baseline_rotation,1802,032.Mangrove_Cuckoo/Mangrove_Cuckoo_0016_794607.jpg,32,31,032.Mangrove_Cuckoo,178,177,rotation,rotation,0,"{""angle"":2.142215}",0.95287657,0.38685021,-0.56602636,0.38563016,0.67919284,0.23330231,0.026178494,0.15232785,0.65301435,0.5006865,0.82103496,0.38156864,153.37196,58.521931,False,0.97428799,True,True,True,0.82103496,0.38156864,153.37196,58.521931,0.81923318,0.37960544,152.14322,57.754394,0.93285469,0.48758254,19.375248,9.4470326,0.66629073,0.43065434,29.777634,12.823867,0.83460102,0.35172256,79.503446,27.963155,0.83284068,0.36658902,88.846184,32.570036,0.81071146,0.38691076,68.825614,26.629371,0.83321053,0.432569,57.527768,24.884729
0b_rotation_best,file,14,baseline_rotation,4599,079.Belted_Kingfisher/Belted_Kingfisher_0061_70363.jpg,79,78,079.Belted_Kingfisher,80,79,identity,identity,0,{},0.23632891,0.23632891,0,0.78952098,0.78952098,0.14554781,0.14554781,0.64397317,0.64397317,0,1,1,34.142497,34.142497,False,1,True,True,True,1,1,34.142497,34.142497,1,1,33.31717,33.31717,1,1,7.4616555,7.4616555,1,1,5.8924217,5.8924217,1,1,14.011271,14.011271,1,1,17.886569,17.886569,1,1,17.589747,17.589747,1,1,15.800916,15.800916
0b_rotation_best,file,14,baseline_rotation,4599,079.Belted_Kingfisher/Belted_Kingfisher_0061_70363.jpg,79,78,079.Belted_Kingfisher,80,79,rotation,rotation,0,"{""angle"":-2.641464}",0.23632891,0.15430574,-0.082023174,0.78952098,0.85700995,0.14554781,0.10287119,0.64397317,0.75413876,0.11016559,0.8169114,0.72304342,34.142497,24.686508,False,0.98643649,True,True,True,0.8169114,0.72304342,34.142497,24.686508,0.80846343,0.72316057,33.31717,24.093663,0.98591957,0.72070393,7.4616555,5.3776445,0.72135711,0.78107844,5.8924217,4.6024436,0.77354418,0.7541524,14.011271,10.566633,0.78765211,0.71798052,17.886569,12.842208,0.81555609,0.71310138,17.589747,12.543273,0.87045532,0.70874169,15.800916,11.198768
0b_rotation_best,file,14,baseline_rotation,5159,089.Hooded_Merganser/Hooded_Merganser_0057_796742.jpg,89,88,089.Hooded_Merganser,90,89,identity,identity,0,{},0.012605986,0.012605986,0,0.98747313,0.98747313,0.00098895736,0.00098895736,0.98648417,0.98648417,0,1,1,2.0768755,2.0768755,False,1,True,True,True,1,1,2.0768755,2.0768755,1,1,2.0520117,2.0520117,1,1,0.3204052,0.3204052,1,1,0.54454863,0.54454863,1,1,0.87110467,0.87110467,1,1,0.94625992,0.94625992,1,1,1.0098946,1.0098946,1,1,1.1135981,1.1135981
0b_rotation_best,file,14,baseline_rotation,5159,089.Hooded_Merganser/Hooded_Merganser_0057_796742.jpg,89,88,089.Hooded_Merganser,90,89,rotation,rotation,0,"{""angle"":-14.44436}",0.012605986,0.030659869,0.018053884,0.98747313,0.96980536,0.00098895736,0.0010058744,0.98648417,0.96879949,-0.017684687,0.71043567,2.5521017,2.0768755,5.3003974,False,0.95820558,True,True,True,0.71043567,2.5521017,2.0768755,5.3003974,0.70516096,2.5579267,2.0520117,5.2488957,0.9549101,2.300503,0.3204052,0.73709311,0.46584754,1.9832992,0.54454863,1.0800029,0.69283807,2.7038297,0.87110467,2.3553187,0.66339647,2.7118947,0.94625992,2.5661572,0.71344777,2.7226749,1.0098946,2.7496146,0.80109012,2.3229025,1.1135981,2.5867799
0b_rotation_best,file,14,baseline_rotation,8734,149.Brown_Thrasher/Brown_Thrasher_0013_155329.jpg,149,148,149.Brown_Thrasher,120,119,identity,identity,0,{},0.090999961,0.090999961,0,0.91301775,0.91301775,0.059890855,0.059890855,0.85312689,0.85312689,0,1,1,13.145561,13.145561,False,0.99999994,True,True,True,1,1,13.145561,13.145561,1,1,12.824764,12.824764,1,1,2.8863817,2.8863817,1,1,1.7721973,1.7721973,1,1,5.2952848,5.2952848,1,1,7.1371074,7.1371074,1,1,6.5023034,6.5023034,1,1,6.3305285,6.3305285
0b_rotation_best,file,14,baseline_rotation,8734,149.Brown_Thrasher/Brown_Thrasher_0013_155329.jpg,149,148,149.Brown_Thrasher,120,119,rotation,rotation,0,"{""angle"":-12.946094}",0.090999961,0.027762309,-0.063237652,0.91301775,0.97261953,0.059890855,0.018143162,0.85312689,0.95447637,0.10134948,0.75551339,0.3480466,13.145561,4.5752678,False,0.97165167,True,True,True,0.75551339,0.3480466,13.145561,4.5752678,0.74429069,0.34735669,12.824764,4.4547675,0.96902773,0.36139733,2.8863817,1.0431307,0.53560181,0.29898952,1.7721973,0.52986842,0.68432568,0.36791922,5.2952848,1.9482371,0.72437603,0.33033071,7.1371074,2.3576057,0.74496252,0.34339666,6.5023034,2.2328693,0.82619216,0.36106442,6.3305285,2.2857286
0b_rotation_best,file,14,baseline_rotation,4520,078.Gray_Kingbird/Gray_Kingbird_0063_70287.jpg,78,77,078.Gray_Kingbird,103,102,identity,identity,0,{},1.0148735,1.0148735,0,0.36244828,0.36244828,0.29517955,0.29517955,0.067268729,0.067268729,0,1,1,75.484106,75.484106,False,1,True,True,True,1,1,75.484106,75.484106,1,1,72.438369,72.438369,1,1,21.225764,21.225764,1,1,16.873584,16.873584,1,1,29.26846,29.26846,1,1,36.527522,36.527522,1,1,38.3734,38.3734,1,1,36.044125,36.044125
0b_rotation_best,file,14,baseline_rotation,4520,078.Gray_Kingbird/Gray_Kingbird_0063_70287.jpg,78,77,078.Gray_Kingbird,103,102,rotation,rotation,0,"{""angle"":2.992295}",1.0148735,0.74402493,-0.27084857,0.36244828,0.47519743,0.29517955,0.32376176,0.067268729,0.15143567,0.084166944,0.80933395,0.84836541,75.484106,64.038104,False,0.98234379,True,True,True,0.80933395,0.84836541,75.484106,64.038104,0.79493346,0.84681997,72.438369,61.342257,0.97349956,0.86616189,21.225764,18.384948,0.62824813,0.87268704,16.873584,14.725358,0.68233773,0.74901789,29.26846,21.9226,0.77196028,0.82342132,36.527522,30.07754,0.83856563,0.86496563,38.3734,33.191672,0.87144711,0.90288415,36.044125,32.54367
0b_rotation_best,file,14,baseline_rotation,1188,022.Chuck_will_Widow/Chuck_Will_Widow_0017_796960.jpg,22,21,022.Chuck_will_Widow,92,91,identity,identity,0,{},0.82383406,0.82383406,0,0.43874624,0.43874624,0.12624779,0.12624779,0.31249845,0.31249845,0,1,1,93.771857,93.771857,False,1,True,True,True,1,1,93.771857,93.771857,1,1,92.586497,92.586497,1,1,14.862769,14.862769,1,1,14.361353,14.361353,1,1,46.019716,46.019716,1,1,53.861989,53.861989,1,1,41.897932,41.897932,1,1,39.89544,39.89544
0b_rotation_best,file,14,baseline_rotation,1188,022.Chuck_will_Widow/Chuck_Will_Widow_0017_796960.jpg,22,21,022.Chuck_will_Widow,92,91,rotation,rotation,0,"{""angle"":9.258474}",0.82383406,0.46283489,-0.36099917,0.43874624,0.62949651,0.12624779,0.12405562,0.31249845,0.5054409,0.19294245,0.83889453,0.62087947,93.771857,58.221021,False,0.98160386,True,True,True,0.83889453,0.62087947,93.771857,58.221021,0.83521213,0.61952916,92.586497,57.360034,0.97341361,0.67118462,14.862769,9.9756622,0.77034731,0.63959357,14.361353,9.1854288,0.86134538,0.52987366,46.019716,24.384635,0.8335476,0.58952175,53.861989,31.752814,0.81774553,0.69331531,41.897932,29.048478,0.86113154,0.69061571,39.89544,27.552418
0b_rotation_best,file,14,baseline_rotation,264,005.Crested_Auklet/Crested_Auklet_0033_794964.jpg,5,4,005.Crested_Auklet,7,6,identity,identity,0,{},0.54181075,0.54181075,0,0.58169401,0.58169401,0.39652276,0.39652276,0.18517125,0.18517125,0,1,1,77.77347,77.77347,False,1,True,True,True,1,1,77.77347,77.77347,1,1,76.098566,76.098566,1,1,16.053688,16.053688,1,1,18.55766,18.55766,1,1,34.453981,34.453981,1,1,41.135906,41.135906,1,1,36.199244,36.199244,1,1,35.453915,35.453915
0b_rotation_best,file,14,baseline_rotation,264,005.Crested_Auklet/Crested_Auklet_0033_794964.jpg,5,4,005.Crested_Auklet,7,6,rotation,rotation,0,"{""angle"":-1.941969}",0.54181075,0.79404336,0.25223261,0.58169401,0.45201349,0.39652276,0.48006451,0.18517125,-0.028051019,-0.21322227,0.87481262,1.2503822,77.77347,97.246565,False,0.98464179,False,True,False,0.87481262,1.2503822,77.77347,97.246565,0.87041256,1.2541397,76.098566,95.438233,0.98385816,1.1627544,16.053688,18.666495,0.90118419,1.2131265,18.55766,22.51279,0.86552995,1.2856584,34.453981,44.296049,0.8446138,1.2805544,41.135906,52.676765,0.86729353,1.2409567,36.199244,44.921696,0.9081147,1.2120843,35.453915,42.973134
0b_rotation_best,file,14,baseline_rotation,1749,031.Black_billed_Cuckoo/Black_Billed_Cuckoo_0057_795323.jpg,31,30,031.Black_billed_Cuckoo,33,32,identity,identity,0,{},3.8173444,3.8173444,0,0.021986112,0.021986112,0.92476201,0.92476201,-0.9027759,-0.9027759,0,1,1,191.06681,191.06681,False,1.0000001,True,False,False,1,1,191.06681,191.06681,1,1,186.28436,186.28436,1,1,42.481308,42.481308,1,1,49.997105,49.997105,1,1,92.658158,92.658158,1,1,96.204995,96.204995,1,1,91.355532,91.355532,1,1,77.558913,77.558913
0b_rotation_best,file,14,baseline_rotation,1749,031.Black_billed_Cuckoo/Black_Billed_Cuckoo_0057_795323.jpg,31,30,031.Black_billed_Cuckoo,33,32,rotation,rotation,0,"{""angle"":-12.558921}",3.8173444,4.2877488,0.47040439,0.021986112,0.013735816,0.92476201,0.81542486,-0.9027759,-0.80168904,0.10108685,0.75371837,1.083984,191.06681,207.11337,False,0.95648718,True,False,False,0.75371837,1.083984,191.06681,207.11337,0.74508714,1.0903935,186.28436,203.12326,0.9503496,0.95238323,42.481308,40.458486,0.68088833,1.2684979,49.997105,63.421225,0.8300405,1.2525374,92.658158,116.05781,0.71968182,1.0793141,96.204995,103.83541,0.70064106,0.93307426,91.355532,85.241495,0.76083927,0.97509485,77.558913,75.627297
0b_rotation_best,file,14,baseline_rotation,11302,192.Downy_Woodpecker/Downy_Woodpecker_0044_184170.jpg,192,191,192.Downy_Woodpecker,28,27,identity,identity,0,{},0.0042461478,0.0042461478,0,0.99576283,0.99576283,0.0015417463,0.0015417463,0.99422108,0.99422108,0,1,1,0.83767243,0.83767243,False,1.0000001,True,True,True,1,1,0.83767243,0.83767243,1,1,0.82386817,0.82386817,1,1,0.15144746,0.15144746,1,1,0.19078649,0.19078649,1,1,0.4380354,0.4380354,1,1,0.43240447,0.43240447,1,1,0.37898292,0.37898292,1,1,0.34624066,0.34624066
0b_rotation_best,file,14,baseline_rotation,11302,192.Downy_Woodpecker/Downy_Woodpecker_0044_184170.jpg,192,191,192.Downy_Woodpecker,28,27,rotation,rotation,0,"{""angle"":-4.639967}",0.0042461478,0.00077753823,-0.0034686096,0.99576283,0.99922276,0.0015417463,0.00012583396,0.99422108,0.99909692,0.0048758428,0.84504701,0.20144531,0.83767243,0.16874518,False,0.98290449,True,True,True,0.84504701,0.20144531,0.83767243,0.16874518,0.84154923,0.20177767,0.82386817,0.1662382,0.9553522,0.19134858,0.15144746,0.028979256,0.87492734,0.22134817,0.19078649,0.042230241,0.85106407,0.20740469,0.4380354,0.090850597,0.83155435,0.20837812,0.43240447,0.090103631,0.82059345,0.19639098,0.37898292,0.074428825,0.86480525,0.18127921,0.34624066,0.062766232
0b_rotation_best,file,14,baseline_rotation,2933,051.Horned_Grebe/Horned_Grebe_0006_34718.jpg,51,50,051.Horned_Grebe,50,49,identity,identity,0,{},0.13817996,0.13817996,0,0.87094194,0.87094194,0.097128727,0.097128727,0.77381321,0.77381321,0,1,1,20.780059,20.780059,False,1,True,True,True,1,1,20.780059,20.780059,1,1,20.306363,20.306363,1,1,4.4116322,4.4116322,1,1,5.4568363,5.4568363,1,1,8.5110742,8.5110742,1,1,11.388677,11.388677,1,1,10.007689,10.007689,1,1,8.9597492,8.9597492
0b_rotation_best,file,14,baseline_rotation,2933,051.Horned_Grebe/Horned_Grebe_0006_34718.jpg,51,50,051.Horned_Grebe,50,49,rotation,rotation,0,"{""angle"":0.262943}",0.13817996,0.0784977,-0.059682257,0.87094194,0.92450416,0.097128727,0.057483777,0.77381321,0.86702038,0.093207173,0.94484579,0.57955114,20.780059,12.043107,False,0.99614131,True,True,True,0.94484579,0.57955114,20.780059,12.043107,0.94237022,0.57867738,20.306363,11.750833,0.99609501,0.59776318,4.4116322,2.6371113,0.93634221,0.70415825,5.4568363,3.8424763,0.90659736,0.56044918,8.5110742,4.7700246,0.94696544,0.56571848,11.388677,6.4427852,0.95222715,0.56898622,10.007689,5.6942371,0.96631349,0.5759619,8.9597492,5.1604741
0b_rotation_best,file,14,baseline_rotation,9650,164.Cerulean_Warbler/Cerulean_Warbler_0018_797183.jpg,164,163,164.Cerulean_Warbler,159,158,identity,identity,0,{},0.072349645,0.072349645,0,0.93020558,0.93020558,0.05000357,0.05000357,0.88020201,0.88020201,0,1,1,14.511002,14.511002,False,0.99999994,True,True,True,1,1,14.511002,14.511002,1,1,14.262166,14.262166,1,1,2.6757801,2.6757801,1,1,4.3591697,4.3591697,1,1,7.6116831,7.6116831,1,1,7.7528028,7.7528028,1,1,6.0629982,6.0629982,1,1,5.4409,5.4409
0b_rotation_best,file,14,baseline_rotation,9650,164.Cerulean_Warbler/Cerulean_Warbler_0018_797183.jpg,164,163,164.Cerulean_Warbler,159,158,rotation,rotation,0,"{""angle"":-7.551452}",0.072349645,0.01331462,-0.059035026,0.93020558,0.98677361,0.05000357,0.010300176,0.88020201,0.97647343,0.09627142,0.81664375,0.20040027,14.511002,2.9080087,False,0.96759808,True,True,True,0.81664375,0.20040027,14.511002,2.9080087,0.81110737,0.19991001,14.262166,2.8511497,0.96546318,0.21385952,2.6757801,0.57224105,0.79065344,0.17169449,4.3591697,0.74844542,0.83206278,0.20596499,7.6116831,1.5677403,0.80694401,0.19738918,7.7528028,1.5303194,0.77685446,0.20310821,6.0629982,1.2314447,0.83744065,0.20571216,5.4409,1.1192593
0b_rotation_best,file,14,baseline_rotation,10149,173.Orange_crowned_Warbler/Orange_Crowned_Warbler_0103_168566.jpg,173,172,173.Orange_crowned_Warbler,170,169,identity,identity,0,{},6.5709462,6.5709462,0,0.0014004718,0.0014004718,0.7342242,0.7342242,-0.73282373,-0.73282373,0,1,1,151.56945,151.56945,False,1.0000001,True,False,False,1,1,151.56945,151.56945,1,1,147.40459,147.40459,1,1,35.287157,35.287157,1,1,41.231862,41.231862,1,1,59.021196,59.021196,1,1,76.828925,76.828925,1,1,69.559171,69.559171,1,1,76.179945,76.179945
0b_rotation_best,file,14,baseline_rotation,10149,173.Orange_crowned_Warbler/Orange_Crowned_Warbler_0103_168566.jpg,173,172,173.Orange_crowned_Warbler,170,169,rotation,rotation,0,"{""angle"":10.592784}",6.5709462,6.5703764,-0.0005698204,0.0014004718,0.0014012696,0.7342242,0.42512029,-0.73282373,-0.42371902,0.3091047,0.72857981,0.87046247,151.56945,131.93552,False,0.96907425,True,False,False,0.72857981,0.87046247,151.56945,131.93552,0.71696142,0.87191957,147.40459,128.52495,0.93821632,0.84463208,35.287157,29.804665,0.81578398,0.86372491,41.231862,35.612986,0.64262252,0.94918434,59.021196,56.021995,0.74100142,0.86085318,76.828925,66.138424,0.65877617,0.82387215,69.559171,57.307864,0.76102386,0.87600529,76.179945,66.734035
0b_rotation_best,file,14,baseline_rotation,2467,043.Yellow_bellied_Flycatcher/Yellow_Bellied_Flycatcher_0041_42719.jpg,43,42,043.Yellow_bellied_Flycatcher,155,154,identity,identity,0,{},0.32484224,0.32484224,0,0.72264135,0.72264135,0.07123673,0.07123673,0.65140462,0.65140462,0,1,1,55.764628,55.764628,False,1,True,True,True,1,1,55.764628,55.764628,1,1,55.03135,55.03135,1,1,9.0135612,9.0135612,1,1,26.083717,26.083717,1,1,24.065567,24.065567,1,1,28.411048,28.411048,1,1,22.805159,22.805159,1,1,21.016059,21.016059
0b_rotation_best,file,14,baseline_rotation,2467,043.Yellow_bellied_Flycatcher/Yellow_Bellied_Flycatcher_0041_42719.jpg,43,42,043.Yellow_bellied_Flycatcher,155,154,rotation,rotation,0,"{""angle"":-5.589338}",0.32484224,0.35922435,0.034382105,0.72264135,0.69821769,0.07123673,0.092657603,0.65140462,0.60556009,-0.045844533,0.80468132,1.0705197,55.764628,59.697132,False,0.97269905,True,True,True,0.80468132,1.0705197,55.764628,59.697132,0.80034886,1.0697594,55.03135,58.870305,0.96222921,1.0984838,9.0135612,9.9012505,0.92451793,0.84526129,26.083717,22.047557,0.77778849,1.1181321,24.065567,26.908484,0.74330729,1.1198638,28.411048,31.816505,0.7667143,1.1277009,22.805159,25.717399,0.86000294,1.1477949,21.016059,24.122126
0b_rotation_best,file,14,baseline_rotation,6135,105.Whip_poor_Will/Whip_Poor_Will_0044_796407.jpg,105,104,105.Whip_poor_Will,22,21,identity,identity,0,{},0.046453387,0.046453387,0,0.95460904,0.95460904,0.035613321,0.035613321,0.91899572,0.91899572,0,1,1,9.5821204,9.5821204,False,1,True,True,True,1,1,9.5821204,9.5821204,1,1,9.4179915,9.4179915,1,1,1.7659182,1.7659182,1,1,1.516598,1.516598,1,1,4.6286906,4.6286906,1,1,5.4806816,5.4806816,1,1,4.4187868,4.4187868,1,1,3.9255791,3.9255791
0b_rotation_best,file,14,baseline_rotation,6135,105.Whip_poor_Will/Whip_Poor_Will_0044_796407.jpg,105,104,105.Whip_poor_Will,22,21,rotation,rotation,0,"{""angle"":5.200094}",0.046453387,0.15113385,0.10468046,0.95460904,0.85973263,0.035613321,0.088359669,0.91899572,0.77137296,-0.14762276,0.8473078,2.8872619,9.5821204,27.666091,False,0.98256016,True,True,True,0.8473078,2.8872619,9.5821204,27.666091,0.84328273,2.8947716,9.4179915,27.262934,0.9744851,2.6648177,1.7659182,4.7058502,0.68421742,2.7365183,1.516598,4.1501983,0.84699861,2.9220529,4.6286906,13.525279,0.83708904,2.8309334,5.4806816,15.515445,0.83993625,2.9195872,4.4187868,12.901033,0.87668978,2.9701422,3.9255791,11.659528
0b_rotation_best,file,14,baseline_rotation,1581,028.Brown_Creeper/Brown_Creeper_0121_24574.jpg,28,27,028.Brown_Creeper,190,189,identity,identity,0,{},0.045029555,0.045029555,0,0.95596921,0.95596921,0.019198654,0.019198654,0.93677056,0.93677056,0,1,1,8.3955574,8.3955574,False,1.0000001,True,True,True,1,1,8.3955574,8.3955574,1,1,8.2946028,8.2946028,1,1,1.2980555,1.2980555,1,1,1.1347593,1.1347593,1,1,3.4580428,3.4580428,1,1,4.8795608,4.8795608,1,1,4.2022289,4.2022289,1,1,3.7531129,3.7531129
0b_rotation_best,file,14,baseline_rotation,1581,028.Brown_Creeper/Brown_Creeper_0121_24574.jpg,28,27,028.Brown_Creeper,190,189,rotation,rotation,0,"{""angle"":-2.184267}",0.045029555,0.0093186665,-0.035710888,0.95596921,0.99072462,0.019198654,0.0025741749,0.93677056,0.98815045,0.051379888,0.83863632,0.20327396,8.3955574,1.7065982,False,0.973557,True,True,True,0.83863632,0.20327396,8.3955574,1.7065982,0.83555043,0.20279973,8.2946028,1.6821433,0.95712871,0.22177339,1.2980555,0.28787416,0.59389194,0.22340163,1.1347593,0.25350707,0.78005696,0.18663938,3.4580428,0.64540697,0.8385881,0.20697862,4.8795608,1.0099647,0.84799187,0.20033468,4.2022289,0.84185218,0.88442802,0.20980718,3.7531129,0.78743002
0b_rotation_best,file,14,baseline_rotation,8782,150.Sage_Thrasher/Sage_Thrasher_0096_155449.jpg,150,149,150.Sage_Thrasher,127,126,identity,identity,0,{},1.0098101,1.0098101,0,0.36428815,0.36428815,0.32562536,0.32562536,0.038662791,0.038662791,0,1,1,108.98087,108.98087,False,1.0000001,True,True,True,1,1,108.98087,108.98087,1,1,107.30541,107.30541,1,1,19.036203,19.036203,1,1,22.099409,22.099409,1,1,53.707823,53.707823,1,1,56.72116,56.72116,1,1,51.444633,51.444633,1,1,47.725231,47.725231
0b_rotation_best,file,14,baseline_rotation,8782,150.Sage_Thrasher/Sage_Thrasher_0096_155449.jpg,150,149,150.Sage_Thrasher,127,126,rotation,rotation,0,"{""angle"":3.749317}",1.0098101,1.49879,0.48897994,0.36428815,0.22340032,0.32562536,0.58335716,0.038662791,-0.35995683,-0.39861962,0.80197807,1.3328387,108.98087,145.25392,False,0.97683835,False,True,False,0.80197807,1.3328387,108.98087,145.25392,0.79680404,1.3307342,107.30541,142.79499,0.95941052,1.3980599,19.036203,26.613752,0.77770956,1.1992579,22.099409,26.502891,0.83004606,1.2719094,53.707823,68.311486,0.76107954,1.3589487,56.72116,77.081144,0.7701338,1.3576241,51.444633,69.842472,0.8448416,1.3582625,47.725231,64.823393
0b_rotation_best,file,14,baseline_rotation,8635,147.Least_Tern/Least_Tern_0052_154021.jpg,147,146,147.Least_Tern,111,110,identity,identity,0,{},0.27428317,0.27428317,0,0.76011682,0.76011682,0.10190618,0.10190618,0.65821064,0.65821064,0,1,1,37.088155,37.088155,False,1,True,True,True,1,1,37.088155,37.088155,1,1,36.327317,36.327317,1,1,7.4737711,7.4737711,1,1,5.5754125,5.5754125,1,1,16.85062,16.85062,1,1,19.086363,19.086363,1,1,18.311573,18.311573,1,1,17.465462,17.465462
0b_rotation_best,file,14,baseline_rotation,8635,147.Least_Tern/Least_Tern_0052_154021.jpg,147,146,147.Least_Tern,111,110,rotation,rotation,0,"{""angle"":-12.414751}",0.27428317,0.17759383,-0.096689343,0.76011682,0.83728242,0.10190618,0.057575658,0.65821064,0.77970676,0.12149613,0.83669461,0.68840959,37.088155,25.531841,False,0.97480583,True,True,True,0.83669461,0.68840959,37.088155,25.531841,0.83106258,0.68833366,36.327317,25.005315,0.96939901,0.69020094,7.4737711,5.1584038,0.67102038,0.6015303,5.5754125,3.3537796,0.86997512,0.75843174,16.85062,12.780045,0.80723007,0.647492,19.086363,12.358268,0.81541598,0.67797222,18.311573,12.414737,0.85571522,0.6866787,17.465462,11.993161
0b_rotation_best,file,14,baseline_rotation,566,011.Rusty_Blackbird/Rusty_Blackbird_0023_6752.jpg,11,10,011.Rusty_Blackbird,9,8,identity,identity,0,{},0.28708711,0.28708711,0,0.75044638,0.75044638,0.093710035,0.093710035,0.65673634,0.65673634,0,1,1,39.979574,39.979574,False,0.99999994,True,True,True,1,1,39.979574,39.979574,1,1,38.844448,38.844448,1,1,9.4591309,9.4591309,1,1,7.9471375,7.9471375,1,1,20.120782,20.120782,1,1,20.76222,20.76222,1,1,17.780711,17.780711,1,1,17.136652,17.136652
0b_rotation_best,file,14,baseline_rotation,566,011.Rusty_Blackbird/Rusty_Blackbird_0023_6752.jpg,11,10,011.Rusty_Blackbird,9,8,rotation,rotation,0,"{""angle"":-11.41031}",0.28708711,0.87071615,0.58362904,0.75044638,0.41865161,0.093710035,0.22416919,0.65673634,0.19448242,-0.46225393,0.76459998,2.2545428,39.979574,90.135659,False,0.9719519,True,True,True,0.76459998,2.2545428,39.979574,90.135659,0.75374793,2.2467938,38.844448,87.275464,0.93847922,2.3814254,9.4591309,22.526215,0.6217593,1.8562071,7.9471375,14.751533,0.81736729,2.3782294,20.120782,47.851835,0.72743104,2.2132848,20.76222,45.952705,0.72011213,2.1809737,17.780711,38.779263,0.76223944,2.2556231,17.136652,38.653829
0b_rotation_best,file,14,baseline_rotation,8751,149.Brown_Thrasher/Brown_Thrasher_0085_155445.jpg,149,148,149.Brown_Thrasher,33,32,identity,identity,0,{},0.084279731,0.084279731,0,0.91917408,0.91917408,0.010438413,0.010438413,0.90873566,0.90873566,0,1,1,11.86044,11.86044,False,1.0000001,True,True,True,1,1,11.86044,11.86044,1,1,11.682455,11.682455,1,1,2.0470188,2.0470188,1,1,3.0528921,3.0528921,1,1,6.155623,6.155623,1,1,5.3310248,5.3310248,1,1,4.8348241,4.8348241,1,1,6.1214842,6.1214842
0b_rotation_best,file,14,baseline_rotation,8751,149.Brown_Thrasher/Brown_Thrasher_0085_155445.jpg,149,148,149.Brown_Thrasher,33,32,rotation,rotation,0,"{""angle"":1.970062}",0.084279731,0.11923379,0.034954064,0.91917408,0.88760024,0.010438413,0.014241586,0.90873566,0.87335866,-0.035377005,0.89927965,1.4231462,11.86044,16.879141,False,0.99175823,True,True,True,0.89927965,1.4231462,11.86044,16.879141,0.89669858,1.4257728,11.682455,16.656526,0.99097956,1.3347748,2.0470188,2.7323092,0.86921235,1.3038844,3.0528921,3.9806186,0.90989411,1.4093919,6.155623,8.6756849,0.87290735,1.5124203,5.3310248,8.06275,0.86083501,1.4616784,4.8348241,7.0669578,0.93585674,1.3801397,6.1214842,8.4485035
0b_rotation_best,file,14,baseline_rotation,6529,112.Great_Grey_Shrike/Great_Grey_Shrike_0089_797036.jpg,112,111,112.Great_Grey_Shrike,197,196,identity,identity,0,{},2.5212655,2.5212655,0,0.080357864,0.080357864,0.79456776,0.79456776,-0.7142099,-0.7142099,0,1,1,339.1909,339.1909,False,1,True,False,False,1,1,339.1909,339.1909,1,1,336.82069,336.82069,1,1,40.02855,40.02855,1,1,92.811855,92.811855,1,1,190.53489,190.53489,1,1,182.79979,182.79979,1,1,149.66036,149.66036,1,1,112.76795,112.76795
0b_rotation_best,file,14,baseline_rotation,6529,112.Great_Grey_Shrike/Great_Grey_Shrike_0089_797036.jpg,112,111,112.Great_Grey_Shrike,197,196,rotation,rotation,0,"{""angle"":-13.903082}",2.5212655,3.4819908,0.96072531,0.080357864,0.03074614,0.79456776,0.85256374,-0.7142099,-0.8218176,-0.1076077,0.85228228,1.0044748,339.1909,340.70871,False,0.95405596,True,False,False,0.85228228,1.0044748,339.1909,340.70871,0.85077171,1.0032854,336.82069,337.92727,0.95374478,1.0853846,40.02855,43.446371,0.88814112,1.0296481,92.811855,95.563554,0.88410766,1.0233693,190.53489,194.98756,0.84492024,0.97520897,182.79979,178.26799,0.81242266,0.97802785,149.66036,146.372,0.81273081,1.0431623,112.76795,117.63527
0b_rotation_best,file,14,baseline_rotation,4639,080.Green_Kingfisher/Green_Kingfisher_0042_71028.jpg,80,79,080.Green_Kingfisher,67,66,identity,identity,0,{},0.021869455,0.021869455,0,0.97836792,0.97836792,0.012318243,0.012318243,0.96604968,0.96604968,0,1,1,3.7789549,3.7789549,False,1,True,True,True,1,1,3.7789549,3.7789549,1,1,3.6969117,3.6969117,1,1,0.78316248,0.78316248,1,1,0.90898247,0.90898247,1,1,1.6075799,1.6075799,1,1,1.8942603,1.8942603,1,1,1.9185466,1.9185466,1,1,1.7284534,1.7284534
0b_rotation_best,file,14,baseline_rotation,4639,080.Green_Kingfisher/Green_Kingfisher_0042_71028.jpg,80,79,080.Green_Kingfisher,67,66,rotation,rotation,0,"{""angle"":-3.894026}",0.021869455,0.099479347,0.077609893,0.97836792,0.90530866,0.012318243,0.035028689,0.96604968,0.87027998,-0.095769706,0.82072509,5.0365721,3.7789549,19.032979,False,0.98197699,True,True,True,0.82072509,5.0365721,3.7789549,19.032979,0.81622348,5.0750015,3.6969117,18.761833,0.96387329,4.0875772,0.78316248,3.2012371,0.78893385,4.7151966,0.90898247,4.286031,0.82835507,5.8169548,1.6075799,9.3512198,0.80311345,5.3295356,1.8942603,10.095528,0.81689911,4.9375773,1.9185466,9.4729721,0.85260747,4.2724447,1.7284534,7.3847213
0b_rotation_best,file,14,baseline_rotation,10452,178.Swainson_Warbler/Swainson_Warbler_0036_174699.jpg,178,177,178.Swainson_Warbler,193,192,identity,identity,0,{},0.27739424,0.27739424,0,0.7577557,0.7577557,0.20624629,0.20624629,0.55150941,0.55150941,0,1,1,65.086991,65.086991,False,1,True,True,True,1,1,65.086991,65.086991,1,1,64.372063,64.372063,1,1,9.6204918,9.6204918,1,1,16.323169,16.323169,1,1,29.661847,29.661847,1,1,38.960912,38.960912,1,1,29.097969,29.097969,1,1,25.156452,25.156452
0b_rotation_best,file,14,baseline_rotation,10452,178.Swainson_Warbler/Swainson_Warbler_0036_174699.jpg,178,177,178.Swainson_Warbler,193,192,rotation,rotation,0,"{""angle"":-2.298586}",0.27739424,0.207158,-0.070236236,0.7577557,0.81289119,0.20624629,0.16824993,0.55150941,0.64464125,0.09313184,0.91030275,0.80355043,65.086991,52.300679,False,0.99148089,True,True,True,0.91030275,0.80355043,65.086991,52.300679,0.90842766,0.80241024,64.372063,51.652803,0.9909353,0.85303799,9.6204918,8.206645,0.9196638,0.97320431,16.323169,15.885778,0.86905368,0.80222497,29.661847,23.795474,0.92444898,0.77703196,38.960912,30.273874,0.9119773,0.78705005,29.097969,22.901558,0.92550283,0.80336911,25.156452,20.209917
0b_rotation_best,file,14,baseline_rotation,8335,142.Black_Tern/Black_Tern_0055_144607.jpg,142,141,142.Black_Tern,64,63,identity,identity,0,{},0.015749471,0.015749471,0,0.98437393,0.98437393,0.0016200747,0.0016200747,0.98275385,0.98275385,0,1,1,2.8132135,2.8132135,False,1,True,True,True,1,1,2.8132135,2.8132135,1,1,2.7738918,2.7738918,1,1,0.46871601,0.46871601,1,1,0.92141756,0.92141756,1,1,1.1374161,1.1374161,1,1,1.4145734,1.4145734,1,1,1.344995,1.344995,1,1,1.3197425,1.3197425
0b_rotation_best,file,14,baseline_rotation,8335,142.Black_Tern/Black_Tern_0055_144607.jpg,142,141,142.Black_Tern,64,63,rotation,rotation,0,"{""angle"":10.343033}",0.015749471,0.013844885,-0.0019045863,0.98437393,0.98625052,0.0016200747,0.0017830515,0.98275385,0.98446747,0.0017136158,0.773559,0.99849343,2.8132135,2.8089752,False,0.96729779,True,True,True,0.773559,0.99849343,2.8132135,2.8089752,0.7682976,0.99884855,2.7738918,2.7706978,0.96030057,0.98597508,0.46871601,0.46214231,0.85595573,1.0898973,0.92141756,1.0042505,0.66022766,1.084134,1.1374161,1.2331115,0.78347921,1.0206997,1.4145734,1.4438546,0.75365477,0.95545196,1.344995,1.2850781,0.81886017,0.90023853,1.3197425,1.1880831
0b_rotation_best,file,14,baseline_rotation,1149,021.Eastern_Towhee/Eastern_Towhee_0120_22189.jpg,21,20,021.Eastern_Towhee,158,157,identity,identity,0,{},0.043666799,0.043666799,0,0.95727289,0.95727289,0.007523336,0.007523336,0.94974955,0.94974955,0,1,1,6.2910598,6.2910598,False,0.99999994,True,True,True,1,1,6.2910598,6.2910598,1,1,6.1771079,6.1771079,1,1,1.1919608,1.1919608,1,1,1.6926507,1.6926507,1,1,2.4420711,2.4420711,1,1,3.0110196,3.0110196,1,1,3.210139,3.210139,1,1,3.1554164,3.1554164
0b_rotation_best,file,14,baseline_rotation,1149,021.Eastern_Towhee/Eastern_Towhee_0120_22189.jpg,21,20,021.Eastern_Towhee,158,157,rotation,rotation,0,"{""angle"":-1.836173}",0.043666799,0.038912635,-0.0047541633,0.95727289,0.96183473,0.007523336,0.0050272183,0.94974955,0.95680751,0.0070579592,0.85734585,0.88045396,6.2910598,5.5389885,False,0.99070412,True,True,True,0.85734585,0.88045396,6.2910598,5.5389885,0.85237913,0.87840135,6.1771079,5.42598,0.98435558,0.93389348,1.1919608,1.1131644,0.78672658,0.67341168,1.6926507,1.1398508,0.80775212,0.87486338,2.4420711,2.1364786,0.82503777,0.9139687,3.0110196,2.7519777,0.8626337,0.8769925,3.210139,2.8152678,0.91480077,0.90075044,3.1554164,2.8422427
0b_rotation_best,file,14,baseline_rotation,4254,073.Blue_Jay/Blue_Jay_0086_63394.jpg,73,72,073.Blue_Jay,74,73,identity,identity,0,{},0.00069224712,0.00069224712,0,0.99930799,0.99930799,0.00035522628,0.00035522628,0.99895276,0.99895276,0,1,1,0.11553353,0.11553353,False,0.99999994,True,True,True,1,1,0.11553353,0.11553353,1,1,0.11229765,0.11229765,1,1,0.027152051,0.027152051,1,1,0.029048669,0.029048669,1,1,0.049651122,0.049651122,1,1,0.060459771,0.060459771,1,1,0.052517746,0.052517746,1,1,0.053742028,0.053742028
0b_rotation_best,file,14,baseline_rotation,4254,073.Blue_Jay/Blue_Jay_0086_63394.jpg,73,72,073.Blue_Jay,74,73,rotation,rotation,0,"{""angle"":1.949}",0.00069224712,0.00037079136,-0.00032145577,0.99930799,0.99962926,0.00035522628,0.00011463494,0.99895276,0.99951462,0.00056186038,0.85853898,0.54821868,0.11553353,0.063337638,False,0.99062371,True,True,True,0.85853898,0.54821868,0.11553353,0.063337638,0.85255989,0.55063502,0.11229765,0.06183502,0.97307192,0.50509895,0.027152051,0.013714473,0.89344949,0.57807973,0.029048669,0.016792447,0.84257662,0.55648409,0.049651122,0.027630059,0.80933637,0.54661133,0.060459771,0.033047996,0.85045936,0.52774843,0.052517746,0.027716158,0.90493609,0.56371787,0.053742028,0.030295342
0b_rotation_best,file,14,baseline_rotation,4526,078.Gray_Kingbird/Gray_Kingbird_0059_795030.jpg,78,77,078.Gray_Kingbird,103,102,identity,identity,0,{},0.63892335,0.63892335,0,0.5278604,0.5278604,0.21947841,0.21947841,0.30838199,0.30838199,0,1,1,64.46617,64.46617,False,1,True,True,True,1,1,64.46617,64.46617,1,1,62.553992,62.553992,1,1,15.584772,15.584772,1,1,16.073381,16.073381,1,1,28.751478,28.751478,1,1,30.75359,30.75359,1,1,29.947748,29.947748,1,1,31.390284,31.390284
0b_rotation_best,file,14,baseline_rotation,4526,078.Gray_Kingbird/Gray_Kingbird_0059_795030.jpg,78,77,078.Gray_Kingbird,103,102,rotation,rotation,0,"{""angle"":1.440292}",0.63892335,0.36056334,-0.27836001,0.5278604,0.69728339,0.21947841,0.13068011,0.30838199,0.56660327,0.25822128,0.86456679,0.73112401,64.46617,47.132765,False,0.98997104,True,True,True,0.86456679,0.73112401,64.46617,47.132765,0.85773858,0.7341109,62.553992,45.921568,0.98540504,0.68120095,15.584772,10.616362,0.86091641,0.89026815,16.073381,14.309619,0.750967,0.64147302,28.751478,18.443297,0.86035954,0.74120189,30.75359,22.794619,0.88698813,0.78191822,29.947748,23.416689,0.91916234,0.70944163,31.390284,22.269575
0b_rotation_best,file,14,baseline_rotation,4356,075.Green_Jay/Green_Jay_0086_65847.jpg,75,74,075.Green_Jay,73,72,identity,identity,0,{},0.0047082752,0.0047082752,0,0.9953028,0.9953028,0.0015429361,0.0015429361,0.99375986,0.99375986,0,1,1,0.76935949,0.76935949,False,1,True,True,True,1,1,0.76935949,0.76935949,1,1,0.75633746,0.75633746,1,1,0.14095274,0.14095274,1,1,0.17985918,0.17985918,1,1,0.29789422,0.29789422,1,1,0.39095069,0.39095069,1,1,0.37700006,0.37700006,1,1,0.39494882,0.39494882
0b_rotation_best,file,14,baseline_rotation,4356,075.Green_Jay/Green_Jay_0086_65847.jpg,75,74,075.Green_Jay,73,72,rotation,rotation,0,"{""angle"":-2.368705}",0.0047082752,0.012634236,0.0079259612,0.9953028,0.98744524,0.0015429361,0.0010872651,0.99375986,0.98635797,-0.0074018901,0.79776325,2.981617,0.76935949,2.2939353,False,0.97593117,True,True,True,0.79776325,2.981617,0.76935949,2.2939353,0.79393649,2.9974559,0.75633746,2.2670882,0.94460454,2.4826015,0.14095274,0.34992947,0.77837094,3.0777465,0.17985918,0.55356097,0.74677321,3.3301861,0.29789422,0.99204319,0.77590373,3.1686131,0.39095069,1.2387715,0.79035501,2.9058442,0.37700006,1.0955034,0.86578386,2.6729137,0.39494882,1.0556641
0b_rotation_best,file,14,baseline_rotation,2372,042.Vermilion_Flycatcher/Vermilion_Flycatcher_0006_42564.jpg,42,41,042.Vermilion_Flycatcher,17,16,identity,identity,0,{},0.0055283988,0.0055283988,0,0.99448687,0.99448687,0.0015935729,0.0015935729,0.9928933,0.9928933,0,1,1,0.6777136,0.6777136,False,1,True,True,True,1,1,0.6777136,0.6777136,1,1,0.66235294,0.66235294,1,1,0.14347232,0.14347232,1,1,0.13822422,0.13822422,1,1,0.28422765,0.28422765,1,1,0.30655246,0.30655246,1,1,0.31757486,0.31757486,1,1,0.37946268,0.37946268
0b_rotation_best,file,14,baseline_rotation,2372,042.Vermilion_Flycatcher/Vermilion_Flycatcher_0006_42564.jpg,42,41,042.Vermilion_Flycatcher,17,16,rotation,rotation,0,"{""angle"":4.777596}",0.0055283988,0.006536887,0.0010084882,0.99448687,0.99348444,0.0015935729,0.0023786991,0.9928933,0.99110574,-0.0017875572,0.86375098,1.238785,0.6777136,0.83954145,False,0.99463439,True,True,True,0.86375098,1.238785,0.6777136,0.83954145,0.85786791,1.239949,0.66235294,0.82128387,0.99203559,1.2137115,0.14347232,0.174134,0.90115159,1.1832045,0.13822422,0.16354752,0.83294736,1.2197952,0.28422765,0.34669951,0.82463364,1.2434463,0.30655246,0.38118152,0.83196723,1.2437856,0.31757486,0.39499503,0.90580623,1.2534705,0.37946268,0.47564527
0b_rotation_best,file,14,baseline_rotation,9117,156.White_eyed_Vireo/White_Eyed_Vireo_0030_159265.jpg,156,155,156.White_eyed_Vireo,152,151,identity,identity,0,{},6.2215071,6.2215071,0,0.00198625,0.00198625,0.97824943,0.97824943,-0.97626318,-0.97626318,0,1,1,163.13029,163.13029,False,1,True,False,False,1,1,163.13029,163.13029,1,1,157.70883,157.70883,1,1,41.706311,41.706311,1,1,32.102097,32.102097,1,1,71.893957,71.893957,1,1,74.910047,74.910047,1,1,77.502859,77.502859,1,1,83.991546,83.991546
0b_rotation_best,file,14,baseline_rotation,9117,156.White_eyed_Vireo/White_Eyed_Vireo_0030_159265.jpg,156,155,156.White_eyed_Vireo,152,151,rotation,rotation,0,"{""angle"":-0.429705}",6.2215071,6.1111183,-0.11038876,0.00198625,0.002218069,0.97824943,0.95376867,-0.97626318,-0.9515506,0.024712579,0.93018872,1.0076642,163.13029,164.38054,False,0.99553353,True,False,False,0.93018872,1.0076642,163.13029,164.38054,0.92560499,1.0072188,157.70883,158.8473,0.99531249,1.0140104,41.706311,42.290633,0.89004582,1.0681502,32.102097,34.289861,0.91875357,1.1120237,71.893957,79.947783,0.9036554,0.96255368,74.910047,72.104941,0.92670128,0.96431748,77.502859,74.737361,0.95862585,0.98756526,83.991546,82.947133
0b_rotation_best,file,14,baseline_rotation,6481,111.Loggerhead_Shrike/Loggerhead_Shrike_0018_26407.jpg,111,110,111.Loggerhead_Shrike,112,111,identity,identity,0,{},0.0029265929,0.0029265929,0,0.9970777,0.9970777,0.00083553419,0.00083553419,0.99624217,0.99624217,0,1,1,0.4531623,0.4531623,False,1.0000001,True,True,True,1,1,0.4531623,0.4531623,1,1,0.44090581,0.44090581,1,1,0.10468112,0.10468112,1,1,0.12144696,0.12144696,1,1,0.19332317,0.19332317,1,1,0.21527109,0.21527109,1,1,0.20413412,0.20413412,1,1,0.23294278,0.23294278
0b_rotation_best,file,14,baseline_rotation,6481,111.Loggerhead_Shrike/Loggerhead_Shrike_0018_26407.jpg,111,110,111.Loggerhead_Shrike,112,111,rotation,rotation,0,"{""angle"":1.287645}",0.0029265929,0.0050519435,0.0021253505,0.9970777,0.99496078,0.00083553419,0.001617962,0.99624217,0.99334282,-0.0028993464,0.83629821,2.29703,0.4531623,1.0409274,False,0.9908489,True,True,True,0.83629821,2.29703,0.4531623,1.0409274,0.83138498,2.3189449,0.44090581,1.0224363,0.96357861,1.8659565,0.10468112,0.19533042,0.79693599,2.5822136,0.12144696,0.31360201,0.83956995,2.7340704,0.19332317,0.52855916,0.8309104,2.438053,0.21527109,0.52484233,0.81826743,2.2700596,0.20413412,0.46339661,0.89027491,1.808422,0.23294278,0.42125884
0b_rotation_best,file,14,baseline_rotation,1855,033.Yellow_billed_Cuckoo/Yellow_Billed_Cuckoo_0010_26795.jpg,33,32,033.Yellow_billed_Cuckoo,32,31,identity,identity,0,{},0.37878937,0.37878937,0,0.68468982,0.68468982,0.15059467,0.15059467,0.53409515,0.53409515,0,1,1,50.757362,50.757362,False,1,True,True,True,1,1,50.757362,50.757362,1,1,49.57851,49.57851,1,1,10.875713,10.875713,1,1,17.64718,17.64718,1,1,24.065785,24.065785,1,1,25.816228,25.816228,1,1,21.50775,21.50775,1,1,20.937593,20.937593
0b_rotation_best,file,14,baseline_rotation,1855,033.Yellow_billed_Cuckoo/Yellow_Billed_Cuckoo_0010_26795.jpg,33,32,033.Yellow_billed_Cuckoo,32,31,rotation,rotation,0,"{""angle"":-7.28111}",0.37878937,0.321776,-0.057013363,0.68468982,0.72486055,0.15059467,0.15184397,0.53409515,0.57301658,0.038921431,0.77950082,0.76406651,50.757362,38.782001,False,0.97375381,True,True,True,0.77950082,0.76406651,50.757362,38.782001,0.76958067,0.75856162,49.57851,37.608355,0.96614053,0.87062276,10.875713,9.4686431,0.77398952,0.58941655,17.64718,10.40154,0.76241866,0.653682,24.065785,15.73137,0.78282738,0.74626443,25.816228,19.265733,0.74798931,0.85505704,21.50775,18.390353,0.8151722,0.89269197,20.937593,18.690821
0b_rotation_best,file,14,baseline_rotation,7482,128.Seaside_Sparrow/Seaside_Sparrow_0001_120720.jpg,128,127,128.Seaside_Sparrow,88,87,identity,identity,0,{},0.010453824,0.010453824,0,0.9896006,0.9896006,0.0027155101,0.0027155101,0.98688509,0.98688509,0,1,1,1.3882481,1.3882481,False,1,True,True,True,1,1,1.3882481,1.3882481,1,1,1.3499928,1.3499928,1,1,0.32365458,0.32365458,1,1,0.19897659,0.19897659,1,1,0.54024079,0.54024079,1,1,0.74087257,0.74087257,1,1,0.67440368,0.67440368,1,1,0.69808043,0.69808043
0b_rotation_best,file,14,baseline_rotation,7482,128.Seaside_Sparrow/Seaside_Sparrow_0001_120720.jpg,128,127,128.Seaside_Sparrow,88,87,rotation,rotation,0,"{""angle"":9.156972}",0.010453824,0.0098924851,-0.00056133885,0.9896006,0.99015629,0.0027155101,0.0011489607,0.98688509,0.98900733,0.0021222435,0.65964771,1.0677508,1.3882481,1.482303,False,0.97981751,True,True,True,0.65964771,1.0677508,1.3882481,1.482303,0.6420309,1.0669562,1.3499928,1.4403832,0.96208558,1.081481,0.32365458,0.35002629,0.47199734,1.0716664,0.19897659,0.21323651,0.4899138,1.1354777,0.54024079,0.61343137,0.58255125,1.0300124,0.74087257,0.76310795,0.67182587,1.0584514,0.67440368,0.7138235,0.79036754,1.072997,0.69808043,0.7490382
0b_rotation_best,file,14,baseline_rotation,641,012.Yellow_headed_Blackbird/Yellow_Headed_Blackbird_0087_8358.jpg,12,11,012.Yellow_headed_Blackbird,98,97,identity,identity,0,{},2.0266433,2.0266433,0,0.13177712,0.13177712,0.48129213,0.48129213,-0.34951501,-0.34951501,0,1,1,139.51181,139.51181,False,0.99999994,True,False,False,1,1,139.51181,139.51181,1,1,136.40813,136.40813,1,1,29.263746,29.263746,1,1,34.048655,34.048655,1,1,57.835559,57.835559,1,1,68.788114,68.788114,1,1,66.557458,66.557458,1,1,70.293773,70.293773
0b_rotation_best,file,14,baseline_rotation,641,012.Yellow_headed_Blackbird/Yellow_Headed_Blackbird_0087_8358.jpg,12,11,012.Yellow_headed_Blackbird,98,97,rotation,rotation,0,"{""angle"":-8.910438}",2.0266433,2.9009652,0.87432194,0.13177712,0.054970145,0.48129213,0.47944054,-0.34951501,-0.42447039,-0.074955389,0.80257933,1.074061,139.51181,149.84418,False,0.98337382,True,False,False,0.80257933,1.074061,139.51181,149.84418,0.79426799,1.0737406,136.40813,146.46695,0.98197366,1.080998,29.263746,31.634052,0.77291918,1.1975589,34.048655,40.775268,0.80756771,1.1413355,57.835559,66.009776,0.77036432,1.0633248,68.788114,73.144105,0.77389058,1.0318348,66.557458,68.6763,0.83493367,1.0421132,70.293773,73.25407
0b_rotation_best,file,14,baseline_rotation,3930,068.Ruby_throated_Hummingbird/Ruby_Throated_Hummingbird_0119_57575.jpg,68,67,068.Ruby_throated_Hummingbird,69,68,identity,identity,0,{},0.19400543,0.19400543,0,0.82365346,0.82365346,0.07264255,0.07264255,0.75101091,0.75101091,0,1,1,24.36523,24.36523,False,1,True,True,True,1,1,24.36523,24.36523,1,1,23.789478,23.789478,1,1,5.2654686,5.2654686,1,1,4.0220122,4.0220122,1,1,10.329644,10.329644,1,1,13.88576,13.88576,1,1,11.55091,11.55091,1,1,10.808482,10.808482
0b_rotation_best,file,14,baseline_rotation,3930,068.Ruby_throated_Hummingbird/Ruby_Throated_Hummingbird_0119_57575.jpg,68,67,068.Ruby_throated_Hummingbird,69,68,rotation,rotation,0,"{""angle"":-10.579459}",0.19400543,1.0874453,0.89343983,0.82365346,0.33707654,0.07264255,0.072708823,0.75101091,0.26436772,-0.48664319,0.4632073,5.0231663,24.36523,122.3906,False,0.94616795,True,True,True,0.4632073,5.0231663,24.36523,122.3906,0.45036313,5.0835699,23.789478,120.93547,0.86423864,3.5736138,5.2654686,18.816751,0.02513064,6.3968956,4.0220122,25.728392,0.27895789,6.2975159,10.329644,65.051098,0.47042445,4.5540515,13.88576,63.236466,0.51377946,4.9029718,11.55091,56.633787,0.65626591,4.649582,10.808482,50.254922
0b_rotation_best,file,14,baseline_rotation,2088,037.Acadian_Flycatcher/Acadian_Flycatcher_0008_795599.jpg,37,36,037.Acadian_Flycatcher,43,42,identity,identity,0,{},4.4109249,4.4109249,0,0.01214394,0.01214394,0.77654094,0.77654094,-0.764397,-0.764397,0,1,1,184.87511,184.87511,False,0.99999994,True,False,False,1,1,184.87511,184.87511,1,1,180.83504,180.83504,1,1,38.438197,38.438197,1,1,36.013567,36.013567,1,1,104.86432,104.86432,1,1,91.663157,91.663157,1,1,82.878019,82.878019,1,1,71.672226,71.672226
0b_rotation_best,file,14,baseline_rotation,2088,037.Acadian_Flycatcher/Acadian_Flycatcher_0008_795599.jpg,37,36,037.Acadian_Flycatcher,43,42,rotation,rotation,0,"{""angle"":-0.995329}",4.4109249,5.0945778,0.68365288,0.01214394,0.0061298949,0.77654094,0.83024454,-0.764397,-0.82411465,-0.059717651,0.9197179,1.0724723,184.87511,198.27343,False,0.9918952,True,False,False,0.9197179,1.0724723,184.87511,198.27343,0.91667695,1.0743288,180.83504,194.2763,0.99064759,1.030526,38.438197,39.611562,0.88044975,0.99089678,36.013567,35.685728,0.93135957,1.0936821,104.86432,114.68823,0.89528198,1.0732187,91.663157,98.37461,0.91392137,1.0741737,82.878019,89.02539,0.93323388,1.0546149,71.672226,75.586598
0b_rotation_best,file,14,baseline_rotation,3431,060.Glaucous_winged_Gull/Glaucous_Winged_Gull_0078_44461.jpg,60,59,060.Glaucous_winged_Gull,59,58,identity,identity,0,{},3.452106,3.452106,0,0.031678848,0.031678848,0.34002459,0.34002459,-0.30834574,-0.30834574,0,1,1,134.01332,134.01332,False,1,True,False,False,1,1,134.01332,134.01332,1,1,131.19014,131.19014,1,1,27.362714,27.362714,1,1,37.847199,37.847199,1,1,67.499726,67.499726,1,1,64.737194,64.737194,1,1,60.117684,60.117684,1,1,58.456718,58.456718
0b_rotation_best,file,14,baseline_rotation,3431,060.Glaucous_winged_Gull/Glaucous_Winged_Gull_0078_44461.jpg,60,59,060.Glaucous_winged_Gull,59,58,rotation,rotation,0,"{""angle"":-11.362423}",3.452106,2.7988949,-0.65321112,0.031678848,0.060877305,0.34002459,0.086657889,-0.30834574,-0.025780585,0.28256516,0.7754475,0.98469919,134.01332,131.96281,False,0.96639907,False,False,False,0.7754475,0.98469919,134.01332,131.96281,0.76799369,0.97957468,131.19014,128.51053,0.93326089,1.0959104,27.362714,29.987083,0.78820467,1.1354937,37.847199,42.975255,0.75003398,0.82060146,67.499726,55.390374,0.77873732,1.0284237,64.737194,66.577268,0.7600367,1.0224215,60.117684,61.465611,0.79239388,0.99593131,58.456718,58.218876
0b_rotation_best,file,14,baseline_rotation,2718,048.European_Goldfinch/European_Goldfinch_0041_794645.jpg,48,47,048.European_Goldfinch,132,131,identity,identity,0,{},0.0027752714,0.0027752714,0,0.99722856,0.99722856,0.0006704058,0.0006704058,0.99655816,0.99655816,0,1,1,0.41192207,0.41192207,False,1,True,True,True,1,1,0.41192207,0.41192207,1,1,0.40447634,0.40447634,1,1,0.077965941,0.077965941,1,1,0.058560955,0.058560955,1,1,0.14676704,0.14676704,1,1,0.196446,0.196446,1,1,0.1973933,0.1973933,1,1,0.24713561,0.24713561
0b_rotation_best,file,14,baseline_rotation,2718,048.European_Goldfinch/European_Goldfinch_0041_794645.jpg,48,47,048.European_Goldfinch,132,131,rotation,rotation,0,"{""angle"":9.044545}",0.0027752714,0.001856272,-0.00091899943,0.99722856,0.99814546,0.0006704058,0.00057758775,0.99655816,0.99756787,0.0010097163,0.80423766,0.62803739,0.41192207,0.25870246,False,0.98108429,True,True,True,0.80423766,0.62803739,0.41192207,0.25870246,0.79723802,0.62452593,0.40447634,0.25260596,0.97576446,0.71610546,0.077965941,0.055831836,0.69900921,0.56133695,0.058560955,0.032872428,0.75374184,0.62655829,0.14676704,0.091958105,0.79405938,0.61557991,0.196446,0.12092821,0.74242526,0.61526435,0.1973933,0.12144906,0.8532989,0.63849704,0.24713561,0.15779536
0b_rotation_best,file,14,baseline_rotation,415,008.Rhinoceros_Auklet/Rhinoceros_Auklet_0010_797545.jpg,8,7,008.Rhinoceros_Auklet,5,4,identity,identity,0,{},0.38198799,0.38198799,0,0.68250328,0.68250328,0.12778836,0.12778836,0.55471492,0.55471492,0,1,1,50.029006,50.029006,False,1,True,True,True,1,1,50.029006,50.029006,1,1,49.031076,49.031076,1,1,9.9425877,9.9425877,1,1,10.078679,10.078679,1,1,20.539577,20.539577,1,1,25.291436,25.291436,1,1,24.5923,24.5923,1,1,25.222102,25.222102
0b_rotation_best,file,14,baseline_rotation,415,008.Rhinoceros_Auklet/Rhinoceros_Auklet_0010_797545.jpg,8,7,008.Rhinoceros_Auklet,5,4,rotation,rotation,0,"{""angle"":2.547446}",0.38198799,0.58609039,0.2041024,0.68250328,0.55649877,0.12778836,0.25808755,0.55471492,0.29841122,-0.2563037,0.79626713,1.8216018,50.029006,91.132928,False,0.98059124,True,True,True,0.79626713,1.8216018,50.029006,91.132928,0.79058791,1.8291169,49.031076,89.683568,0.95662773,1.6281999,9.9425877,16.18852,0.70903272,2.1006665,10.078679,21.171943,0.68621711,1.7080449,20.539577,35.082518,0.795524,1.8909662,25.291436,47.825252,0.817842,1.8821579,24.5923,46.28659,0.8450984,1.7437829,25.222102,43.98187
0b_rotation_best,file,14,baseline_rotation,9953,170.Mourning_Warbler/Mourning_Warbler_0020_166440.jpg,170,169,170.Mourning_Warbler,160,159,identity,identity,0,{},0.00088009244,0.00088009244,0,0.9991203,0.9991203,0.00017365791,0.00017365791,0.99894664,0.99894664,0,1,1,0.14600702,0.14600702,False,1,True,True,True,1,1,0.14600702,0.14600702,1,1,0.14305466,0.14305466,1,1,0.02921322,0.02921322,1,1,0.028305412,0.028305412,1,1,0.063424397,0.063424397,1,1,0.072343063,0.072343063,1,1,0.072953611,0.072953611,1,1,0.071309454,0.071309454
0b_rotation_best,file,14,baseline_rotation,9953,170.Mourning_Warbler/Mourning_Warbler_0020_166440.jpg,170,169,170.Mourning_Warbler,160,159,rotation,rotation,0,"{""angle"":14.715056}",0.00088009244,0.00015746307,-0.00072262937,0.9991203,0.99984252,0.00017365791,3.5754052e-05,0.99894664,0.99980677,0.00086013334,0.79888479,0.16911151,0.14600702,0.024691467,False,0.98400253,True,True,True,0.79888479,0.16911151,0.14600702,0.024691467,0.79057637,0.16800874,0.14305466,0.024034434,0.979427,0.19368413,0.02921322,0.0056581371,0.81323803,0.14728563,0.028305412,0.0041689804,0.85762669,0.1772333,0.063424397,0.011240915,0.76666873,0.15668383,0.072343063,0.011334988,0.73011531,0.16032105,0.072953611,0.011695999,0.81976421,0.18210817,0.071309454,0.012986034
0b_rotation_best,file,14,baseline_rotation,2684,047.American_Goldfinch/American_Goldfinch_0045_31974.jpg,47,46,047.American_Goldfinch,177,176,identity,identity,0,{},0.041234203,0.041234203,0,0.95960438,0.95960438,0.01595764,0.01595764,0.94364674,0.94364674,0,1,1,6.3995105,6.3995105,False,0.99999994,True,True,True,1,1,6.3995105,6.3995105,1,1,6.3038461,6.3038461,1,1,1.1023875,1.1023875,1,1,1.3657829,1.3657829,1,1,2.5071998,2.5071998,1,1,3.1260137,3.1260137,1,1,3.3166447,3.3166447,1,1,3.288612,3.288612
0b_rotation_best,file,14,baseline_rotation,2684,047.American_Goldfinch/American_Goldfinch_0045_31974.jpg,47,46,047.American_Goldfinch,177,176,rotation,rotation,0,"{""angle"":12.746468}",0.041234203,0.012178232,-0.029055971,0.95960438,0.98789561,0.01595764,0.0062068151,0.94364674,0.98168879,0.038042051,0.80487463,0.3212965,6.3995105,2.0561403,False,0.9770385,True,True,True,0.80487463,0.3212965,6.3995105,2.0561403,0.79986223,0.32122909,6.3038461,2.0249787,0.96765038,0.32349309,1.1023875,0.35661472,0.74995843,0.31472427,1.3657829,0.42984503,0.78403049,0.35425774,2.5071998,0.88819493,0.75414273,0.31193958,3.1260137,0.97512739,0.79764286,0.31381778,3.3166447,1.0408221,0.86449043,0.31786112,3.288612,1.0453219
0b_rotation_best,file,14,baseline_rotation,4006,069.Rufous_Hummingbird/Rufous_Hummingbird_0113_59444.jpg,69,68,069.Rufous_Hummingbird,68,67,identity,identity,0,{},0.3945218,0.3945218,0,0.67400229,0.67400229,0.15522206,0.15522206,0.51878023,0.51878023,0,1,1,54.335828,54.335828,False,1,True,True,True,1,1,54.335828,54.335828,1,1,53.221445,53.221445,1,1,10.948054,10.948054,1,1,10.710499,10.710499,1,1,30.016037,30.016037,1,1,27.897174,27.897174,1,1,23.450233,23.450233,1,1,22.106091,22.106091
0b_rotation_best,file,14,baseline_rotation,4006,069.Rufous_Hummingbird/Rufous_Hummingbird_0113_59444.jpg,69,68,069.Rufous_Hummingbird,68,67,rotation,rotation,0,"{""angle"":2.115161}",0.3945218,0.639359,0.24483719,0.67400229,0.52763057,0.15522206,0.20230919,0.51878023,0.32532138,-0.19345886,0.89193453,1.3665851,54.335828,74.254531,False,0.98645663,True,True,True,0.89193453,1.3665851,54.335828,74.254531,0.88805187,1.3669482,53.221445,72.750962,0.98431439,1.3579744,10.948054,14.867178,0.8196642,1.469715,10.710499,15.741381,0.91313944,1.2536821,30.016037,37.630568,0.88092892,1.4118959,27.897174,39.387906,0.87608176,1.4110746,23.450233,33.090028,0.89631768,1.4179246,22.106091,31.34477
0b_rotation_best,file,14,baseline_rotation,148,003.Sooty_Albatross/Sooty_Albatross_0017_796349.jpg,3,2,003.Sooty_Albatross,1,0,identity,identity,0,{},1.7696259,1.7696259,0,0.17039673,0.17039673,0.50622725,0.50622725,-0.33583052,-0.33583052,0,1,1,140.17487,140.17487,False,1,True,False,False,1,1,140.17487,140.17487,1,1,136.95971,136.95971,1,1,29.850128,29.850128,1,1,38.163053,38.163053,1,1,70.531459,70.531459,1,1,76.486874,76.486874,1,1,57.104476,57.104476,1,1,56.707094,56.707094
0b_rotation_best,file,14,baseline_rotation,148,003.Sooty_Albatross/Sooty_Albatross_0017_796349.jpg,3,2,003.Sooty_Albatross,1,0,rotation,rotation,0,"{""angle"":12.213986}",1.7696259,1.2510669,-0.51855898,0.17039673,0.28619927,0.50622725,0.18368174,-0.33583052,0.10251753,0.43834805,0.65571735,0.88846388,140.17487,124.54031,False,0.96174479,False,False,True,0.65571735,0.88846388,140.17487,124.54031,0.64533466,0.89346773,136.95971,122.36908,0.91379307,0.77566599,29.850128,23.153729,0.55580553,1.053023,38.163053,40.186571,0.6808709,0.90188759,70.531459,63.611448,0.66573291,0.86140109,76.486874,65.885877,0.5939818,0.91410669,57.104476,52.199584,0.6632594,0.83593201,56.707094,47.403275
0b_rotation_best,file,14,baseline_rotation,1017,019.Gray_Catbird/Gray_Catbird_0080_20139.jpg,19,18,019.Gray_Catbird,193,192,identity,identity,0,{},2.1743817,2.1743817,0,0.11367841,0.11367841,0.068377808,0.068377808,0.045300603,0.045300603,0,1,1,113.5249,113.5249,False,0.99999994,True,True,True,1,1,113.5249,113.5249,1,1,111.89665,111.89665,1,1,19.158354,19.158354,1,1,31.351637,31.351637,1,1,44.923164,44.923164,1,1,56.927267,56.927267,1,1,53.769423,53.769423,1,1,58.206364,58.206364
0b_rotation_best,file,14,baseline_rotation,1017,019.Gray_Catbird/Gray_Catbird_0080_20139.jpg,19,18,019.Gray_Catbird,193,192,rotation,rotation,0,"{""angle"":11.304498}",2.1743817,2.1575427,-0.016839027,0.11367841,0.11560886,0.068377808,0.014392265,0.045300603,0.10121659,0.055915988,0.61169289,1.2111523,113.5249,137.49595,False,0.92408001,True,True,True,0.61169289,1.2111523,113.5249,137.49595,0.60369764,1.2141381,111.89665,135.85799,0.91418454,1.1044772,19.158354,21.159964,0.50451473,1.4161882,31.351637,44.399819,0.57071709,1.563156,44.923164,70.221915,0.54772646,1.1459478,56.927267,65.235674,0.63294808,1.0912182,53.769423,58.674175,0.73140864,1.0669171,58.206364,62.101365
0b_rotation_best,file,14,baseline_rotation,671,013.Bobolink/Bobolink_0101_9811.jpg,13,12,013.Bobolink,12,11,identity,identity,0,{},0.016606085,0.016606085,0,0.98353106,0.98353106,0.0041751298,0.0041751298,0.97935593,0.97935593,0,1,1,2.5568296,2.5568296,False,1,True,True,True,1,1,2.5568296,2.5568296,1,1,2.5035736,2.5035736,1,1,0.51913072,0.51913072,1,1,0.91310356,0.91310356,1,1,1.0251235,1.0251235,1,1,1.0395365,1.0395365,1,1,1.2286022,1.2286022,1,1,1.3390837,1.3390837
0b_rotation_best,file,14,baseline_rotation,671,013.Bobolink/Bobolink_0101_9811.jpg,13,12,013.Bobolink,12,11,rotation,rotation,0,"{""angle"":14.933811}",0.016606085,0.2145471,0.19794101,0.98353106,0.80690682,0.0041751298,0.036209755,0.97935593,0.77069706,-0.20865886,0.68159335,11.438484,2.5568296,29.246254,False,0.93745542,True,True,True,0.68159335,11.438484,2.5568296,29.246254,0.67229795,11.485834,2.5035736,28.75563,0.92730902,10.275877,0.51913072,5.3345235,0.64149023,8.0818038,0.91310356,7.3795238,0.60326329,11.30418,1.0251235,11.588181,0.64883933,13.545832,1.0395365,14.081388,0.66601074,12.285899,1.2286022,15.094481,0.77249174,10.873633,1.3390837,14.560704
0b_rotation_best,file,14,baseline_rotation,151,003.Sooty_Albatross/Sooty_Albatross_0075_796352.jpg,3,2,003.Sooty_Albatross,9,8,identity,identity,0,{},2.5021768,2.5021768,0,0.081906505,0.081906505,0.51304489,0.51304489,-0.43113839,-0.43113839,0,1,1,156.74477,156.74477,False,0.99999988,True,False,False,1,1,156.74477,156.74477,1,1,154.41232,154.41232,1,1,26.939894,26.939894,1,1,42.396577,42.396577,1,1,68.381007,68.381007,1,1,79.813653,79.813653,1,1,78.464341,78.464341,1,1,69.590667,69.590667
0b_rotation_best,file,14,baseline_rotation,151,003.Sooty_Albatross/Sooty_Albatross_0075_796352.jpg,3,2,003.Sooty_Albatross,9,8,rotation,rotation,0,"{""angle"":-1.787428}",2.5021768,2.659503,0.15732622,0.081906505,0.069982998,0.51304489,0.6755262,-0.43113839,-0.6055432,-0.17440481,0.89086141,1.0993731,156.74477,172.32098,False,0.9887597,True,False,False,0.89086141,1.0993731,156.74477,172.32098,0.88808565,1.0984385,154.41232,169.61244,0.97987267,1.1296468,26.939894,30.432564,0.78156069,1.1971374,42.396577,50.754529,0.87104536,1.2255231,68.381007,83.802507,0.8955451,1.0835588,79.813653,86.482786,0.91071686,1.0133588,78.464341,79.512529,0.92622415,1.052821,69.590667,73.266512
0b_rotation_best,file,14,baseline_rotation,4617,080.Green_Kingfisher/Green_Kingfisher_0010_71191.jpg,80,79,080.Green_Kingfisher,82,81,identity,identity,0,{},0.90845656,0.90845656,0,0.40314597,0.40314597,0.22129288,0.22129288,0.18185309,0.18185309,0,1,1,83.12952,83.12952,False,1,True,True,True,1,1,83.12952,83.12952,1,1,81.555258,81.555258,1,1,16.101459,16.101459,1,1,18.911664,18.911664,1,1,37.005987,37.005987,1,1,44.008955,44.008955,1,1,39.028635,39.028635,1,1,38.264129,38.264129
0b_rotation_best,file,14,baseline_rotation,4617,080.Green_Kingfisher/Green_Kingfisher_0010_71191.jpg,80,79,080.Green_Kingfisher,82,81,rotation,rotation,0,"{""angle"":8.839951}",0.90845656,1.7979522,0.88949561,0.40314597,0.16563775,0.22129288,0.11318418,0.18185309,0.052453563,-0.12939952,0.79377781,1.6152851,83.12952,134.27788,False,0.973508,False,True,False,0.79377781,1.6152851,83.12952,134.27788,0.78872748,1.6213294,81.555258,132.22794,0.94318154,1.4516395,16.101459,23.373513,0.81094046,1.9845334,18.911664,37.530829,0.73125074,1.4687673,37.005987,54.353185,0.77399319,1.5798597,44.008955,69.527976,0.80187871,1.6972139,39.028635,66.239943,0.84444768,1.6319772,38.264129,62.446188
0b_rotation_best,file,14,baseline_rotation,7287,125.Lincoln_Sparrow/Lincoln_Sparrow_0070_117342.jpg,125,124,125.Lincoln_Sparrow,131,130,identity,identity,0,{},4.7567821,4.7567821,0,0.0085932193,0.0085932193,0.69313717,0.69313717,-0.68454395,-0.68454395,0,1,1,208.91263,208.91263,False,1.0000001,True,False,False,1,1,208.91263,208.91263,1,1,206.38415,206.38415,1,1,32.404797,32.404797,1,1,41.343,41.343,1,1,95.748557,95.748557,1,1,131.51356,131.51356,1,1,91.3127,91.3127,1,1,77.997188,77.997188
0b_rotation_best,file,14,baseline_rotation,7287,125.Lincoln_Sparrow/Lincoln_Sparrow_0070_117342.jpg,125,124,125.Lincoln_Sparrow,131,130,rotation,rotation,0,"{""angle"":9.795789}",4.7567821,4.7422609,-0.014521122,0.0085932193,0.0087189116,0.69313717,0.800708,-0.68454395,-0.79198908,-0.10744513,0.8358025,0.99273292,208.91263,207.39445,False,0.95936942,True,False,False,0.8358025,0.99273292,208.91263,207.39445,0.83267782,0.99052865,206.38415,204.42941,0.95516631,1.0783538,32.404797,34.943835,0.80151358,0.82663564,41.343,34.175597,0.83218732,1.0993889,95.748557,105.2649,0.87736119,0.94301514,131.51356,124.01928,0.78389556,0.95024219,91.3127,86.76918,0.80136868,1.0441849,77.997188,81.443488
0b_rotation_best,file,14,baseline_rotation,9512,162.Canada_Warbler/Canada_Warbler_0016_162411.jpg,162,161,162.Canada_Warbler,169,168,identity,identity,0,{},0.14829779,0.14829779,0,0.86217433,0.86217433,0.076695457,0.076695457,0.78547888,0.78547888,0,1,1,19.793314,19.793314,False,1,True,True,True,1,1,19.793314,19.793314,1,1,19.36963,19.36963,1,1,4.0734161,4.0734161,1,1,2.5901531,2.5901531,1,1,7.7168765,7.7168765,1,1,8.5706425,8.5706425,1,1,9.6578596,9.6578596,1,1,11.924484,11.924484
0b_rotation_best,file,14,baseline_rotation,9512,162.Canada_Warbler/Canada_Warbler_0016_162411.jpg,162,161,162.Canada_Warbler,169,168,rotation,rotation,0,"{""angle"":-0.364317}",0.14829779,0.12154709,-0.026750699,0.86217433,0.88554937,0.076695457,0.072013803,0.78547888,0.81353556,0.028056689,0.96123835,0.85885284,19.793314,16.999544,False,0.99809968,True,True,True,0.96123835,0.85885284,19.793314,16.999544,0.95965258,0.85793293,19.36963,16.617844,0.99650031,0.87939637,4.0734161,3.5821473,0.8531775,0.95634642,2.5901531,2.4770837,0.94738456,0.84905182,7.7168765,6.5520281,0.95138577,0.84807196,8.5706425,7.2685216,0.95858038,0.85862513,9.6578596,8.292481,0.97555944,0.86132732,11.924484,10.270884
0b_rotation_best,file,14,baseline_rotation,10901,185.Bohemian_Waxwing/Bohemian_Waxwing_0114_177621.jpg,185,184,185.Bohemian_Waxwing,62,61,identity,identity,0,{},1.6046273,1.6046273,0,0.20096445,0.20096445,0.099340796,0.099340796,0.10162365,0.10162365,0,1,1,115.52162,115.52162,False,1,True,True,True,1,1,115.52162,115.52162,1,1,112.82331,112.82331,1,1,24.822282,24.822282,1,1,31.317169,31.317169,1,1,49.974544,49.974544,1,1,57.224445,57.224445,1,1,52.557389,52.557389,1,1,56.691825,56.691825
0b_rotation_best,file,14,baseline_rotation,10901,185.Bohemian_Waxwing/Bohemian_Waxwing_0114_177621.jpg,185,184,185.Bohemian_Waxwing,62,61,rotation,rotation,0,"{""angle"":8.008586}",1.6046273,1.4367489,-0.16787839,0.20096445,0.2376993,0.099340796,0.020679815,0.10162365,0.21701949,0.11539583,0.82887321,1.0474159,115.52162,120.99919,False,0.97844535,True,True,True,0.82887321,1.0474159,115.52162,120.99919,0.82265297,1.0501727,112.82331,118.48396,0.96680236,0.98874617,24.822282,24.542936,0.92249696,1.1712759,31.317169,36.681045,0.81349575,0.98393838,49.974544,49.171872,0.83913449,1.1112624,57.224445,63.591372,0.77877412,1.0677629,52.557389,56.118832,0.82221785,0.9792377,56.691825,55.514773
0b_rotation_best,file,14,baseline_rotation,3701,064.Ring_billed_Gull/Ring_Billed_Gull_0017_51412.jpg,64,63,064.Ring_billed_Gull,94,93,identity,identity,0,{},1.499517,1.499517,0,0.22323798,0.22323798,0.52386332,0.52386332,-0.30062534,-0.30062534,0,1,1,214.12227,214.12227,False,1,True,False,False,1,1,214.12227,214.12227,1,1,211.76949,211.76949,1,1,31.654832,31.654832,1,1,52.014919,52.014919,1,1,99.224826,99.224826,1,1,116.95721,116.95721,1,1,101.44109,101.44109,1,1,91.246448,91.246448
0b_rotation_best,file,14,baseline_rotation,3701,064.Ring_billed_Gull/Ring_Billed_Gull_0017_51412.jpg,64,63,064.Ring_billed_Gull,94,93,rotation,rotation,0,"{""angle"":1.721667}",1.499517,3.0388541,1.5393372,0.22323798,0.047889732,0.52386332,0.78086233,-0.30062534,-0.7329726,-0.43234726,0.89539682,1.460639,214.12227,312.75534,False,0.98153067,True,False,False,0.89539682,1.460639,214.12227,312.75534,0.89379804,1.4630418,211.76949,309.82762,0.97592086,1.3487244,31.654832,42.693643,0.91571109,1.8887677,52.014919,98.244099,0.86962192,1.7119569,99.224826,169.86863,0.91786389,1.4133867,116.95721,165.30576,0.90680445,1.2792204,101.44109,129.76551,0.91388326,1.2648806,91.246448,115.41586
0b_rotation_best,file,14,baseline_rotation,4894,084.Red_legged_Kittiwake/Red_Legged_Kittiwake_0021_73808.jpg,84,83,084.Red_legged_Kittiwake,45,44,identity,identity,0,{},1.9773133,1.9773133,0,0.13844068,0.13844068,0.67494768,0.67494768,-0.536507,-0.536507,0,1,1,118.42672,118.42672,False,1,True,False,False,1,1,118.42672,118.42672,1,1,114.57617,114.57617,1,1,29.953092,29.953092,1,1,18.151893,18.151893,1,1,54.808534,54.808534,1,1,53.319367,53.319367,1,1,57.360884,57.360884,1,1,60.506257,60.506257
0b_rotation_best,file,14,baseline_rotation,4894,084.Red_legged_Kittiwake/Red_Legged_Kittiwake_0021_73808.jpg,84,83,084.Red_legged_Kittiwake,45,44,rotation,rotation,0,"{""angle"":11.523871}",1.9773133,1.6742429,-0.30307043,0.13844068,0.18745007,0.67494768,0.51751351,-0.536507,-0.33006345,0.20644355,0.73907641,0.78621102,118.42672,93.10839,False,0.97898853,True,False,False,0.73907641,0.78621102,118.42672,93.10839,0.72219827,0.78282271,114.57617,89.692831,0.97221667,0.83421648,29.953092,24.987363,0.2282681,0.82841875,18.151893,15.037368,0.71948502,0.85623034,54.808534,46.92873,0.61013817,0.77609175,53.319367,41.38072,0.76300278,0.72740182,57.360884,41.724411,0.8303088,0.76866398,60.506257,46.50898
0b_rotation_best,file,14,baseline_rotation,7407,127.Savannah_Sparrow/Savannah_Sparrow_0008_118929.jpg,127,126,127.Savannah_Sparrow,123,122,identity,identity,0,{},3.5896533,3.5896533,0,0.027607903,0.027607903,0.79742634,0.79742634,-0.76981844,-0.76981844,0,1,1,229.29645,229.29645,False,1,True,False,False,1,1,229.29645,229.29645,1,1,226.62775,226.62775,1,1,34.881614,34.881614,1,1,51.979672,51.979672,1,1,104.66492,104.66492,1,1,136.53533,136.53533,1,1,106.60952,106.60952,1,1,87.726964,87.726964
0b_rotation_best,file,14,baseline_rotation,7407,127.Savannah_Sparrow/Savannah_Sparrow_0008_118929.jpg,127,126,127.Savannah_Sparrow,123,122,rotation,rotation,0,"{""angle"":-12.382232}",3.5896533,1.5192953,-2.0703579,0.027607903,0.21886607,0.79742634,0.23628396,-0.76981844,-0.017417893,0.75240055,0.73644645,0.70093457,229.29645,160.72181,False,0.94555509,True,False,False,0.73644645,0.70093457,229.29645,160.72181,0.73380749,0.70172978,226.62775,159.03144,0.85468458,0.66650265,34.881614,23.248688,0.76293003,0.86826053,51.979672,45.131898,0.76065182,0.78444635,104.66492,82.104013,0.73564115,0.65240947,136.53533,89.076942,0.70968352,0.66127702,106.60952,70.498425,0.72867814,0.6847294,87.726964,60.069232
0b_rotation_best,file,14,baseline_rotation,4422,076.Dark_eyed_Junco/Dark_Eyed_Junco_0089_68498.jpg,76,75,076.Dark_eyed_Junco,26,25,identity,identity,0,{},0.00070809084,0.00070809084,0,0.99929214,0.99929214,0.00016649222,0.00016649222,0.99912564,0.99912564,0,1,1,0.11994484,0.11994484,False,1.0000001,True,True,True,1,1,0.11994484,0.11994484,1,1,0.11718339,0.11718339,1,1,0.025589415,0.025589415,1,1,0.025208619,0.025208619,1,1,0.044134246,0.044134246,1,1,0.061797774,0.061797774,1,1,0.060450165,0.060450165,1,1,0.060625514,0.060625514
0b_rotation_best,file,14,baseline_rotation,4422,076.Dark_eyed_Junco/Dark_Eyed_Junco_0089_68498.jpg,76,75,076.Dark_eyed_Junco,26,25,rotation,rotation,0,"{""angle"":2.069541}",0.00070809084,0.0019500303,0.0012419395,0.99929214,0.99805188,0.00016649222,0.00015914559,0.99912564,0.99789274,-0.0012329068,0.87358685,3.2859798,0.11994484,0.39413632,False,0.99147868,True,True,True,0.87358685,3.2859798,0.11994484,0.39413632,0.87050012,3.3128987,0.11718339,0.38821669,0.97460437,2.6594283,0.025589415,0.068053214,0.85530918,3.285275,0.025208619,0.082817246,0.8207469,3.7538463,0.044134246,0.16567317,0.8727479,3.567837,0.061797774,0.22048439,0.87914315,3.2359396,0.060450165,0.19561309,0.91451221,2.8344058,0.060625514,0.17183731
0b_rotation_best,file,14,baseline_rotation,6208,107.Common_Raven/Common_Raven_0010_101390.jpg,107,106,107.Common_Raven,29,28,identity,identity,0,{},1.4008231,1.4008231,0,0.24639407,0.24639407,0.58813995,0.58813995,-0.34174588,-0.34174588,0,1,1,140.64651,140.64651,False,1,True,False,False,1,1,140.64651,140.64651,1,1,136.72186,136.72186,1,1,32.993558,32.993558,1,1,42.397119,42.397119,1,1,65.293928,65.293928,1,1,69.141521,69.141521,1,1,64.318169,64.318169,1,1,60.948143,60.948143
0b_rotation_best,file,14,baseline_rotation,6208,107.Common_Raven/Common_Raven_0010_101390.jpg,107,106,107.Common_Raven,29,28,rotation,rotation,0,"{""angle"":-12.22189}",1.4008231,2.6332021,1.232379,0.24639407,0.071848042,0.58813995,0.51498866,-0.34174588,-0.44314062,-0.10139474,0.77811582,1.1625243,140.64651,163.50498,False,0.97526634,True,False,False,0.77811582,1.1625243,140.64651,163.50498,0.76798862,1.1597373,136.72186,158.56144,0.94552491,1.2093795,32.993558,39.901731,0.65651075,1.0755858,42.397119,45.60174,0.72950214,1.0791226,65.293928,70.460151,0.79295736,1.1479684,69.141521,79.372284,0.78138152,1.2039406,64.318169,77.435256,0.81432398,1.2497005,60.948143,76.166923
0b_rotation_best,file,14,baseline_rotation,7375,126.Nelson_Sharp_tailed_Sparrow/Nelson_Sharp_Tailed_Sparrow_0017_796910.jpg,126,125,126.Nelson_Sharp_tailed_Sparrow,124,123,identity,identity,0,{},0.076425932,0.076425932,0,0.92642152,0.92642152,0.019965023,0.019965023,0.9064565,0.9064565,0,1,1,12.681962,12.681962,False,0.99999994,True,True,True,1,1,12.681962,12.681962,1,1,12.527164,12.527164,1,1,1.9754258,1.9754258,1,1,2.2407844,2.2407844,1,1,6.1676045,6.1676045,1,1,7.6382735,7.6382735,1,1,5.3633147,5.3633147,1,1,5.1731053,5.1731053
0b_rotation_best,file,14,baseline_rotation,7375,126.Nelson_Sharp_tailed_Sparrow/Nelson_Sharp_Tailed_Sparrow_0017_796910.jpg,126,125,126.Nelson_Sharp_tailed_Sparrow,124,123,rotation,rotation,0,"{""angle"":3.567374}",0.076425932,0.11605719,0.039631262,0.92642152,0.89042431,0.019965023,0.054005235,0.9064565,0.83641908,-0.070037425,0.87143107,1.4782352,12.681962,18.746922,False,0.98844445,True,True,True,0.87143107,1.4782352,12.681962,18.746922,0.86886869,1.4743386,12.527164,18.469281,0.96892643,1.6272232,1.9754258,3.2144587,0.85590721,1.4678573,2.2407844,3.2891517,0.86444225,1.4583507,6.1676045,8.9945303,0.87989446,1.4561249,7.6382735,11.122281,0.84285522,1.5445844,5.3633147,8.2840923,0.8845348,1.4602452,5.1731053,7.5540024
0b_rotation_best,file,14,baseline_rotation,3555,062.Herring_Gull/Herring_Gull_0094_47172.jpg,62,61,062.Herring_Gull,64,63,identity,identity,0,{},1.6663244,1.6663244,0,0.18894029,0.18894029,0.41620156,0.41620156,-0.22726128,-0.22726128,0,1,1,141.34247,141.34247,False,1,True,False,False,1,1,141.34247,141.34247,1,1,138.62829,138.62829,1,1,27.566116,27.566116,1,1,42.689847,42.689847,1,1,54.80853,54.80853,1,1,70.659915,70.659915,1,1,69.237924,69.237924,1,1,67.857874,67.857874
0b_rotation_best,file,14,baseline_rotation,3555,062.Herring_Gull/Herring_Gull_0094_47172.jpg,62,61,062.Herring_Gull,64,63,rotation,rotation,0,"{""angle"":-12.56045}",1.6663244,0.42129382,-1.2450306,0.18894029,0.65619725,0.41620156,0.14105393,-0.22726128,0.51514332,0.7424046,0.77598048,0.49275295,141.34247,69.646918,False,0.94843769,False,False,True,0.77598048,0.49275295,141.34247,69.646918,0.77062155,0.49512483,138.62829,68.638309,0.94047611,0.42842408,27.566116,11.809988,0.85294773,0.50205816,42.689847,21.432786,0.70833071,0.60501919,54.80853,33.160212,0.796293,0.48926296,70.659915,34.571279,0.74732086,0.46493025,69.237924,32.190805,0.80324568,0.44718786,67.857874,30.345217
0b_rotation_best,file,14,baseline_rotation,9793,167.Hooded_Warbler/Hooded_Warbler_0021_165057.jpg,167,166,167.Hooded_Warbler,180,179,identity,identity,0,{},1.4714332,1.4714332,0,0.22959621,0.22959621,0.14005855,0.14005855,0.089537665,0.089537665,0,1,1,126.14067,126.14067,False,1,True,True,True,1,1,126.14067,126.14067,1,1,124.51038,124.51038,1,1,20.214722,20.214722,1,1,23.141931,23.141931,1,1,61.867817,61.867817,1,1,66.210507,66.210507,1,1,63.55469,63.55469,1,1,52.121281,52.121281
0b_rotation_best,file,14,baseline_rotation,9793,167.Hooded_Warbler/Hooded_Warbler_0021_165057.jpg,167,166,167.Hooded_Warbler,180,179,rotation,rotation,0,"{""angle"":-2.495267}",1.4714332,0.7318759,-0.73955727,0.22959621,0.48100582,0.14005855,0.025705744,0.089537665,0.45530007,0.36576241,0.79980828,0.75244395,126.14067,94.913783,False,0.96774745,True,True,True,0.79980828,0.75244395,126.14067,94.913783,0.79681241,0.75334373,124.51038,93.799111,0.92007652,0.71747481,20.214722,14.503554,0.8296143,0.82669178,23.141931,19.131244,0.81453777,0.7092625,61.867817,43.880522,0.7524827,0.72863609,66.210507,48.243365,0.80602741,0.74888291,63.55469,47.595022,0.82691055,0.8393879,52.121281,43.749973
0b_rotation_best,file,14,baseline_rotation,303,006.Least_Auklet/Least_Auklet_0010_795092.jpg,6,5,006.Least_Auklet,7,6,identity,identity,0,{},0.00154257,0.00154257,0,0.99845862,0.99845862,0.0014939945,0.0014939945,0.99696463,0.99696463,0,1,1,0.4222455,0.4222455,False,1.0000001,True,True,True,1,1,0.4222455,0.4222455,1,1,0.41541414,0.41541414,1,1,0.07564623,0.07564623,1,1,0.11570721,0.11570721,1,1,0.1958082,0.1958082,1,1,0.2171272,0.2171272,1,1,0.18065169,0.18065169,1,1,0.20263426,0.20263426
0b_rotation_best,file,14,baseline_rotation,303,006.Least_Auklet/Least_Auklet_0010_795092.jpg,6,5,006.Least_Auklet,7,6,rotation,rotation,0,"{""angle"":6.429863}",0.00154257,0.0013274676,-0.00021510234,0.99845862,0.99867344,0.0014939945,0.0012802763,0.99696463,0.99739316,0.0004285333,0.90707217,0.87322633,0.4222455,0.36871589,False,0.98799288,True,True,True,0.90707217,0.87322633,0.4222455,0.36871589,0.9043874,0.87321069,0.41541414,0.36274407,0.98799162,0.8736979,0.07564623,0.066091953,0.93894177,0.80393827,0.11570721,0.093021451,0.89292695,0.86333283,0.1958082,0.16904765,0.90178529,0.89784532,0.2171272,0.19494664,0.87613445,0.89887168,0.18065169,0.16238269,0.9333154,0.85449388,0.20263426,0.17314974
0b_rotation_best,file,14,baseline_rotation,9474,162.Canada_Warbler/Canada_Warbler_0121_162310.jpg,162,161,162.Canada_Warbler,170,169,identity,identity,0,{},0.064719155,0.064719155,0,0.93733066,0.93733066,0.032032225,0.032032225,0.90529844,0.90529844,0,1,1,10.209456,10.209456,False,1,True,True,True,1,1,10.209456,10.209456,1,1,9.9421424,9.9421424,1,1,2.320947,2.320947,1,1,3.1137705,3.1137705,1,1,4.6986893,4.6986893,1,1,4.7126722,4.7126722,1,1,4.6069496,4.6069496,1,1,4.8620658,4.8620658
0b_rotation_best,file,14,baseline_rotation,9474,162.Canada_Warbler/Canada_Warbler_0121_162310.jpg,162,161,162.Canada_Warbler,170,169,rotation,rotation,0,"{""angle"":-6.154647}",0.064719155,0.055813052,-0.0089061037,0.93733066,0.9457159,0.032032225,0.026706139,0.90529844,0.91900977,0.013711328,0.85915923,0.9375194,10.209456,9.5715631,False,0.98400426,True,True,True,0.85915923,0.9375194,10.209456,9.5715631,0.85318069,0.94162901,9.9421424,9.3618097,0.98295599,0.85862441,2.320947,1.9928217,0.83590388,0.91591668,3.1137705,2.8519543,0.87492236,0.96562374,4.6986893,4.5371659,0.85724447,0.99363967,4.7126722,4.682698,0.82362142,0.90612683,4.6069496,4.1744807,0.86375869,0.90986033,4.8620658,4.4238008
0b_rotation_best,file,14,baseline_rotation,4449,077.Tropical_Kingbird/Tropical_Kingbird_0060_69942.jpg,77,76,077.Tropical_Kingbird,38,37,identity,identity,0,{},0.022049164,0.022049164,0,0.97819215,0.97819215,0.019308461,0.019308461,0.95888369,0.95888369,0,1,1,3.2421878,3.2421878,False,1,True,True,True,1,1,3.2421878,3.2421878,1,1,3.1101198,3.1101198,1,1,0.91593453,0.91593453,1,1,0.62555639,0.62555639,1,1,1.3257171,1.3257171,1,1,1.61007,1.61007,1,1,1.4273208,1.4273208,1,1,1.701302,1.701302
0b_rotation_best,file,14,baseline_rotation,4449,077.Tropical_Kingbird/Tropical_Kingbird_0060_69942.jpg,77,76,077.Tropical_Kingbird,38,37,rotation,rotation,0,"{""angle"":7.936687}",0.022049164,0.039480723,0.017431559,0.97819215,0.96128851,0.019308461,0.036149152,0.95888369,0.92513936,-0.03374433,0.83817901,1.9379371,3.2421878,6.2831559,False,0.99259174,True,True,True,0.83817901,1.9379371,3.2421878,6.2831559,0.8254694,1.9444772,3.1101198,6.0475571,0.99205089,1.8608705,0.91593453,1.7044356,0.75663246,1.9771236,0.62555639,1.2368023,0.80006876,1.9811057,1.3257171,2.6263857,0.79959927,1.8700939,1.61007,3.0109821,0.80366823,2.0188168,1.4273208,2.8814992,0.89045515,1.9295397,1.701302,3.2827297
0b_rotation_best,file,14,baseline_rotation,4363,075.Green_Jay/Green_Jay_0095_65881.jpg,75,74,075.Green_Jay,16,15,identity,identity,0,{},0.19204605,0.19204605,0,0.82526886,0.82526886,0.079111159,0.079111159,0.74615771,0.74615771,0,1,1,30.009989,30.009989,False,0.99999994,True,True,True,1,1,30.009989,30.009989,1,1,29.433716,29.433716,1,1,5.8528436,5.8528436,1,1,8.2121664,8.2121664,1,1,13.935338,13.935338,1,1,17.343338,17.343338,1,1,12.575754,12.575754,1,1,12.073499,12.073499
0b_rotation_best,file,14,baseline_rotation,4363,075.Green_Jay/Green_Jay_0095_65881.jpg,75,74,075.Green_Jay,16,15,rotation,rotation,0,"{""angle"":-13.062367}",0.19204605,0.29401377,0.10196772,0.82526886,0.74526626,0.079111159,0.14541323,0.74615771,0.59985302,-0.14630468,0.72483634,1.5578773,30.009989,46.751881,False,0.9617815,True,True,True,0.72483634,1.5578773,30.009989,46.751881,0.71565425,1.5570236,29.433716,45.828992,0.95384811,1.5793141,5.8528436,9.2434787,0.791866,1.994617,8.2121664,16.380127,0.68955183,1.4510142,13.935338,20.220374,0.71451688,1.4357637,17.343338,24.900934,0.6882756,1.6571824,12.575754,20.840318,0.757311,1.590495,12.073499,19.202839
0b_rotation_best,file,14,baseline_rotation,6394,110.Geococcyx/Geococcyx_0091_104301.jpg,110,109,110.Geococcyx,41,40,identity,identity,0,{},0.0053931219,0.0053931219,0,0.9946214,0.9946214,0.00070379447,0.00070379447,0.9939176,0.9939176,0,1,1,0.60026334,0.60026334,False,1.0000001,True,True,True,1,1,0.60026334,0.60026334,1,1,0.58367953,0.58367953,1,1,0.14012237,0.14012237,1,1,0.074089141,0.074089141,1,1,0.23187225,0.23187225,1,1,0.27971712,0.27971712,1,1,0.26802225,0.26802225,1,1,0.36242277,0.36242277
0b_rotation_best,file,14,baseline_rotation,6394,110.Geococcyx/Geococcyx_0091_104301.jpg,110,109,110.Geococcyx,41,40,rotation,rotation,0,"{""angle"":4.544623}",0.0053931219,0.010152249,0.0047591268,0.9946214,0.9898991,0.00070379447,0.00054566754,0.9939176,0.98935343,-0.0045641703,0.81985922,1.8297061,0.60026334,1.0983055,False,0.97851825,True,True,True,0.81985922,1.8297061,0.60026334,1.0983055,0.81125478,1.8319892,0.58367953,1.0692946,0.97290459,1.7896265,0.14012237,0.25076672,0.59793298,2.0612209,0.074089141,0.15271409,0.81907717,1.9066873,0.23187225,0.44210788,0.74463022,1.6687221,0.27971712,0.46677013,0.75958161,1.8467077,0.26802225,0.49495875,0.88359116,1.8749456,0.36242277,0.67952299
0b_rotation_best,file,14,baseline_rotation,5235,090.Red_breasted_Merganser/Red_Breasted_Merganser_0016_79476.jpg,90,89,090.Red_breasted_Merganser,8,7,identity,identity,0,{},0.107867,0.107867,0,0.89774698,0.89774698,0.042806163,0.042806163,0.85494082,0.85494082,0,1,1,19.535298,19.535298,False,1,True,True,True,1,1,19.535298,19.535298,1,1,19.274624,19.274624,1,1,3.1806819,3.1806819,1,1,3.4998206,3.4998206,1,1,7.5578449,7.5578449,1,1,11.039635,11.039635,1,1,10.627789,10.627789,1,1,8.2047499,8.2047499
0b_rotation_best,file,14,baseline_rotation,5235,090.Red_breasted_Merganser/Red_Breasted_Merganser_0016_79476.jpg,90,89,090.Red_breasted_Merganser,8,7,rotation,rotation,0,"{""angle"":-0.80748}",0.107867,0.10780107,-6.5930188e-05,0.89774698,0.89780617,0.042806163,0.049565587,0.85494082,0.84824058,-0.0067002364,0.84706711,1.0941814,19.535298,21.37516,False,0.98946095,True,True,True,0.84706711,1.0941814,19.535298,21.37516,0.84360992,1.0960043,19.274624,21.12507,0.98467174,1.0249985,3.1806819,3.2601941,0.48283945,1.2062756,3.4998206,4.221748,0.78131345,1.1249204,7.5578449,8.501974,0.84050354,1.1150701,11.039635,12.309966,0.88692626,1.075345,10.627789,11.42854,0.90968473,1.0485634,8.2047499,8.6032008
0b_rotation_best,file,14,baseline_rotation,9193,157.Yellow_throated_Vireo/Yellow_Throated_Vireo_0012_794977.jpg,157,156,157.Yellow_throated_Vireo,175,174,identity,identity,0,{},0.23048009,0.23048009,0,0.79415226,0.79415226,0.20331022,0.20331022,0.59084204,0.59084204,0,1,1,39.273558,39.273558,False,1,True,True,True,1,1,39.273558,39.273558,1,1,38.155259,38.155259,1,1,9.3052989,9.3052989,1,1,6.2445856,6.2445856,1,1,17.707198,17.707198,1,1,21.283524,21.283524,1,1,18.355896,18.355896,1,1,17.701886,17.701886
0b_rotation_best,file,14,baseline_rotation,9193,157.Yellow_throated_Vireo/Yellow_Throated_Vireo_0012_794977.jpg,157,156,157.Yellow_throated_Vireo,175,174,rotation,rotation,0,"{""angle"":2.229832}",0.23048009,0.12489162,-0.10558847,0.79415226,0.88259256,0.20331022,0.11578812,0.59084204,0.76680443,0.1759624,0.9098713,0.57699594,39.273558,22.660683,False,0.99527812,True,True,True,0.9098713,0.57699594,39.273558,22.660683,0.90469929,0.57633772,38.155259,21.990315,0.99528174,0.58795234,9.3052989,5.4710722,0.84334149,0.63038742,6.2445856,3.9365082,0.90367394,0.58614252,17.707198,10.378942,0.89696453,0.55693469,21.283524,11.853533,0.90163076,0.57265835,18.355896,10.511657,0.92923405,0.59074258,17.701886,10.457258
0b_rotation_best,file,14,baseline_rotation,3990,069.Rufous_Hummingbird/Rufous_Hummingbird_0064_58509.jpg,69,68,069.Rufous_Hummingbird,68,67,identity,identity,0,{},0.36764142,0.36764142,0,0.69236541,0.69236541,0.1157174,0.1157174,0.576648,0.576648,0,1,1,47.159042,47.159042,False,1,True,True,True,1,1,47.159042,47.159042,1,1,46.12749,46.12749,1,1,9.8096872,9.8096872,1,1,8.4590407,8.4590407,1,1,23.402886,23.402886,1,1,24.848601,24.848601,1,1,20.677235,20.677235,1,1,21.528908,21.528908
0b_rotation_best,file,14,baseline_rotation,3990,069.Rufous_Hummingbird/Rufous_Hummingbird_0064_58509.jpg,69,68,069.Rufous_Hummingbird,68,67,rotation,rotation,0,"{""angle"":-10.177681}",0.36764142,0.18698411,-0.18065731,0.69236541,0.82945693,0.1157174,0.025179753,0.576648,0.80427717,0.22762917,0.67526704,0.67850402,47.159042,31.997599,False,0.96245754,True,True,True,0.67526704,0.67850402,47.159042,31.997599,0.6666563,0.68220545,46.12749,31.468425,0.90186835,0.59076547,9.8096872,5.7952245,0.35043723,0.92619463,8.4590407,7.8347181,0.66638086,0.6244058,23.402886,14.612898,0.68569593,0.66947971,24.848601,16.635634,0.66544366,0.73240162,20.677235,15.14404,0.72167712,0.67191889,21.528908,14.46568
0b_rotation_best,file,14,baseline_rotation,1790,032.Mangrove_Cuckoo/Mangrove_Cuckoo_0027_26360.jpg,32,31,032.Mangrove_Cuckoo,199,198,identity,identity,0,{},2.5229278,2.5229278,0,0.080224402,0.080224402,0.12011284,0.12011284,-0.039888442,-0.039888442,0,1,1,142.54643,142.54643,False,1.0000001,True,False,False,1,1,142.54643,142.54643,1,1,140.09526,140.09526,1,1,26.321161,26.321161,1,1,23.831623,23.831623,1,1,67.839634,67.839634,1,1,73.237088,73.237088,1,1,67.465188,67.465188,1,1,67.389146,67.389146
0b_rotation_best,file,14,baseline_rotation,1790,032.Mangrove_Cuckoo/Mangrove_Cuckoo_0027_26360.jpg,32,31,032.Mangrove_Cuckoo,199,198,rotation,rotation,0,"{""angle"":-10.979609}",2.5229278,2.7761989,0.2532711,0.080224402,0.062274769,0.12011284,0.089119732,-0.039888442,-0.026844963,0.013043478,0.73786898,1.4170988,142.54643,202.00238,False,0.95148331,False,False,False,0.73786898,1.4170988,142.54643,202.00238,0.73350033,1.4276446,140.09526,200.00624,0.93090801,1.0762372,26.321161,28.327812,0.68250375,1.9355623,23.831623,46.127591,0.81238805,1.5199928,67.839634,103.11576,0.71751859,1.5369935,73.237088,112.56493,0.69749313,1.4056861,67.465188,94.834874,0.74346302,1.1082164,67.389146,74.681757
0b_rotation_best,file,14,baseline_rotation,181,004.Groove_billed_Ani/Groove_Billed_Ani_0033_1494.jpg,4,3,004.Groove_billed_Ani,30,29,identity,identity,0,{},3.9887168,3.9887168,0,0.018523468,0.018523468,0.40526378,0.40526378,-0.38674031,-0.38674031,0,1,1,151.40229,151.40229,False,1,True,False,False,1,1,151.40229,151.40229,1,1,147.34103,147.34103,1,1,34.83208,34.83208,1,1,39.936169,39.936169,1,1,64.322071,64.322071,1,1,74.049627,74.049627,1,1,71.538337,71.538337,1,1,73.321706,73.321706
0b_rotation_best,file,14,baseline_rotation,181,004.Groove_billed_Ani/Groove_Billed_Ani_0033_1494.jpg,4,3,004.Groove_billed_Ani,30,29,rotation,rotation,0,"{""angle"":9.08458}",3.9887168,4.2301636,0.24144673,0.018523468,0.014550011,0.40526378,0.28110483,-0.38674031,-0.26655482,0.12018549,0.7737097,1.3383356,151.40229,202.62708,False,0.97241831,False,False,False,0.7737097,1.3383356,151.40229,202.62708,0.7663367,1.3516604,147.34103,199.15504,0.95994794,1.0722802,34.83208,37.349749,0.77856461,1.5300871,39.936169,61.105817,0.77953895,1.5229741,64.322071,97.96085,0.75836308,1.3523341,74.049627,100.13984,0.73362856,1.3283337,71.538337,95.02678,0.8098581,1.1632316,73.321706,85.290122
0b_rotation_best,file,14,baseline_rotation,710,013.Bobolink/Bobolink_0133_9618.jpg,13,12,013.Bobolink,10,9,identity,identity,0,{},2.2326846,2.2326846,0,0.10724016,0.10724016,0.13722202,0.13722202,-0.029981859,-0.029981859,0,1,1,98.574068,98.574068,False,1,True,False,False,1,1,98.574068,98.574068,1,1,96.966225,96.966225,1,1,17.731276,17.731276,1,1,33.351121,33.351121,1,1,41.436081,41.436081,1,1,44.121407,44.121407,1,1,43.497422,43.497422,1,1,52.29224,52.29224
0b_rotation_best,file,14,baseline_rotation,710,013.Bobolink/Bobolink_0133_9618.jpg,13,12,013.Bobolink,10,9,rotation,rotation,0,"{""angle"":-9.172744}",2.2326846,1.7835492,-0.44913542,0.10724016,0.16804068,0.13722202,0.083796568,-0.029981859,0.08424411,0.11422597,0.82493331,1.0058491,98.574068,99.150641,False,0.97064984,False,False,True,0.82493331,1.0058491,98.574068,99.150641,0.82005351,1.0048186,96.966225,97.433469,0.96682768,1.036194,17.731276,18.373041,0.92173028,1.0702586,33.351121,35.694323,0.83143204,1.0268793,41.436081,42.549854,0.79458766,0.9983345,44.121407,44.047923,0.76439024,1.0014264,43.497422,43.559467,0.82667713,0.96965852,52.29224,50.705616
0b_rotation_best,file,14,baseline_rotation,11178,190.Red_cockaded_Woodpecker/Red_Cockaded_Woodpecker_0032_182376.jpg,190,189,190.Red_cockaded_Woodpecker,189,188,identity,identity,0,{},0.01569772,0.01569772,0,0.98442483,0.98442483,0.0061243768,0.0061243768,0.97830045,0.97830045,0,1,1,1.8900247,1.8900247,False,1,True,True,True,1,1,1.8900247,1.8900247,1,1,1.8492058,1.8492058,1,1,0.39068049,0.39068049,1,1,0.3325664,0.3325664,1,1,0.70624596,0.70624596,1,1,0.88419966,0.88419966,1,1,0.923045,0.923045,1,1,1.0846,1.0846
0b_rotation_best,file,14,baseline_rotation,11178,190.Red_cockaded_Woodpecker/Red_Cockaded_Woodpecker_0032_182376.jpg,190,189,190.Red_cockaded_Woodpecker,189,188,rotation,rotation,0,"{""angle"":-2.915816}",0.01569772,0.018010879,0.0023131594,0.98442483,0.98215038,0.0061243768,0.0041804169,0.97830045,0.97796996,-0.00033049379,0.75802069,1.0717239,1.8900247,2.0255845,False,0.98813379,True,True,True,0.75802069,1.0717239,1.8900247,2.0255845,0.74822259,1.0638005,1.8492058,1.9671861,0.95507928,1.2359935,0.39068049,0.48287853,0.67547946,0.8970331,0.3325664,0.29832307,0.59225156,0.91913006,0.70624596,0.64913189,0.61184263,1.0171892,0.88419966,0.89939832,0.77317744,1.1558275,0.923045,1.0668808,0.88082077,1.0957057,1.0846,1.1884024
0b_rotation_best,file,14,baseline_rotation,5845,100.Brown_Pelican/Brown_Pelican_0071_94549.jpg,100,99,100.Brown_Pelican,101,100,identity,identity,0,{},0.065635666,0.065635666,0,0.936472,0.936472,0.04604413,0.04604413,0.89042787,0.89042787,0,1,1,9.4325539,9.4325539,False,1,True,True,True,1,1,9.4325539,9.4325539,1,1,9.1535168,9.1535168,1,1,2.2773239,2.2773239,1,1,2.7085474,2.7085474,1,1,4.2933384,4.2933384,1,1,4.31349,4.31349,1,1,4.02044,4.02044,1,1,4.8215922,4.8215922
0b_rotation_best,file,14,baseline_rotation,5845,100.Brown_Pelican/Brown_Pelican_0071_94549.jpg,100,99,100.Brown_Pelican,101,100,rotation,rotation,0,"{""angle"":14.572886}",0.065635666,0.15742534,0.091789678,0.936472,0.85434061,0.04604413,0.080159768,0.89042787,0.77418084,-0.11624702,0.7267589,2.326402,9.4325539,21.943913,False,0.96403253,True,True,True,0.7267589,2.326402,9.4325539,21.943913,0.71627537,2.3508554,9.1535168,21.518594,0.95436008,1.8879465,2.2773239,4.2994659,0.82542968,2.4914026,2.7085474,6.7480821,0.71625187,2.1259278,4.2933384,9.1273274,0.65991263,2.5097065,4.31349,10.825594,0.68802679,2.5289105,4.02044,10.167333,0.75860357,2.2109019,4.8215922,10.660067
0b_rotation_best,file,14,baseline_rotation,8544,146.Forsters_Tern/Forsters_Tern_0104_152666.jpg,146,145,146.Forsters_Tern,144,143,identity,identity,0,{},0.049254701,0.049254701,0,0.95193863,0.95193863,0.027867008,0.027867008,0.92407162,0.92407162,0,1,1,9.1168065,9.1168065,False,0.99999994,True,True,True,1,1,9.1168065,9.1168065,1,1,8.9354349,8.9354349,1,1,1.8094653,1.8094653,1,1,1.723997,1.723997,1,1,3.5475588,3.5475588,1,1,4.6855663,4.6855663,1,1,4.7110156,4.7110156,1,1,4.4873664,4.4873664
0b_rotation_best,file,14,baseline_rotation,8544,146.Forsters_Tern/Forsters_Tern_0104_152666.jpg,146,145,146.Forsters_Tern,144,143,rotation,rotation,0,"{""angle"":-2.353819}",0.049254701,0.039572969,-0.0096817315,0.95193863,0.96119982,0.027867008,0.021980349,0.92407162,0.93921947,0.01514785,0.89602001,0.93816564,9.1168065,8.5530746,False,0.99455488,True,True,True,0.89602001,0.93816564,9.1168065,8.5530746,0.89286332,0.94285586,8.9354349,8.4248271,0.99414781,0.81548546,1.8094653,1.4755926,0.7259876,1.1677755,1.723997,2.0132414,0.83031045,0.99577214,3.5475588,3.5325603,0.89565693,0.97929297,4.6855663,4.5885421,0.92145171,0.89936031,4.7110156,4.2369005,0.94373892,0.87564025,4.4873664,3.9293186
0b_rotation_best,file,14,baseline_rotation,6326,109.American_Redstart/American_Redstart_0111_102945.jpg,109,108,109.American_Redstart,21,20,identity,identity,0,{},0.00026282194,0.00026282194,0,0.9997372,0.9997372,7.0948314e-05,7.0948314e-05,0.99966625,0.99966625,0,1,1,0.031952226,0.031952226,False,1,True,True,True,1,1,0.031952226,0.031952226,1,1,0.030738678,0.030738678,1,1,0.0087222963,0.0087222963,1,1,0.0052608558,0.0052608558,1,1,0.011107018,0.011107018,1,1,0.014202951,0.014202951,1,1,0.015529333,0.015529333,1,1,0.018733389,0.018733389
0b_rotation_best,file,14,baseline_rotation,6326,109.American_Redstart/American_Redstart_0111_102945.jpg,109,108,109.American_Redstart,21,20,rotation,rotation,0,"{""angle"":7.030854}",0.00026282194,0.00011705667,-0.00014576527,0.9997372,0.99988294,7.0948314e-05,4.6407658e-05,0.99966625,0.99983653,0.00017027401,0.81638081,0.49472731,0.031952226,0.015807639,False,0.9924522,True,True,True,0.81638081,0.49472731,0.031952226,0.015807639,0.80313653,0.49566499,0.030738678,0.015236086,0.98546389,0.48293009,0.0087222963,0.0042122594,0.49663904,0.50211879,0.0052608558,0.0026415745,0.74222077,0.53203482,0.011107018,0.00590932,0.77443151,0.52945534,0.014202951,0.0075198282,0.78762004,0.48249457,0.015529333,0.007492819,0.88599075,0.47008359,0.018733389,0.0088062588
0b_rotation_best,file,14,baseline_rotation,4683,081.Pied_Kingfisher/Pied_Kingfisher_0016_72280.jpg,81,80,081.Pied_Kingfisher,159,158,identity,identity,0,{},0.046977971,0.046977971,0,0.95410842,0.95410842,0.030299814,0.030299814,0.9238086,0.9238086,0,1,1,7.4605118,7.4605118,False,0.99999994,True,True,True,1,1,7.4605118,7.4605118,1,1,7.3422136,7.3422136,1,1,1.3233049,1.3233049,1,1,1.7191713,1.7191713,1,1,2.7117192,2.7117192,1,1,4.2298808,4.2298808,1,1,3.649917,3.649917,1,1,3.5192818,3.5192818
0b_rotation_best,file,14,baseline_rotation,4683,081.Pied_Kingfisher/Pied_Kingfisher_0016_72280.jpg,81,80,081.Pied_Kingfisher,159,158,rotation,rotation,0,"{""angle"":-12.778498}",0.046977971,0.063889042,0.016911071,0.95410842,0.9381091,0.030299814,0.04194409,0.9238086,0.89616501,-0.027643593,0.750299,1.249249,7.4605118,9.3200366,False,0.9756031,True,True,True,0.750299,1.249249,7.4605118,9.3200366,0.74248044,1.2459765,7.3422136,9.1482258,0.9752535,1.3461031,1.3233049,1.7813049,0.49105165,1.1767202,1.7191713,2.0229836,0.58582395,1.2222784,2.7117192,3.3144759,0.78452214,1.1649132,4.2298808,4.9274441,0.75530378,1.2640065,3.649917,4.6135189,0.81845197,1.3641384,3.5192818,4.8007874
0b_rotation_best,file,14,baseline_rotation,9125,156.White_eyed_Vireo/White_Eyed_Vireo_0050_158829.jpg,156,155,156.White_eyed_Vireo,157,156,identity,identity,0,{},0.0073772864,0.0073772864,0,0.99264985,0.99264985,0.0018466435,0.0018466435,0.99080321,0.99080321,0,1,1,1.1690356,1.1690356,False,1,True,True,True,1,1,1.1690356,1.1690356,1,1,1.143901,1.143901,1,1,0.2411113,0.2411113,1,1,0.20440818,0.20440818,1,1,0.52166941,0.52166941,1,1,0.60170936,0.60170936,1,1,0.56526581,0.56526581,1,1,0.55947139,0.55947139
0b_rotation_best,file,14,baseline_rotation,9125,156.White_eyed_Vireo/White_Eyed_Vireo_0050_158829.jpg,156,155,156.White_eyed_Vireo,157,156,rotation,rotation,0,"{""angle"":4.884884}",0.0073772864,0.019921694,0.012544408,0.99264985,0.98027545,0.0018466435,0.0046318267,0.99080321,0.97564363,-0.015159584,0.80330086,3.0237897,1.1690356,3.5349177,False,0.98174465,True,True,True,0.80330086,3.0237897,1.1690356,3.5349177,0.79753242,3.0395548,1.143901,3.4769498,0.96007133,2.6441918,0.2411113,0.63754453,0.58955259,3.1367718,0.20440818,0.64118183,0.741877,3.085252,0.52166941,1.6094816,0.78909867,3.0350849,0.60170936,1.826239,0.82167482,3.1935931,0.56526581,1.805229,0.86734265,2.8225295,0.55947139,1.5791245
0b_rotation_best,file,14,baseline_rotation,3979,069.Rufous_Hummingbird/Rufous_Hummingbird_0060_58986.jpg,69,68,069.Rufous_Hummingbird,23,22,identity,identity,0,{},0.89167887,0.89167887,0,0.40996689,0.40996689,0.062038649,0.062038649,0.34792824,0.34792824,0,1,1,92.479334,92.479334,False,1.0000002,True,True,True,1,1,92.479334,92.479334,1,1,91.176554,91.176554,1,1,15.468135,15.468135,1,1,16.837583,16.837583,1,1,42.613839,42.613839,1,1,53.229035,53.229035,1,1,43.618375,43.618375,1,1,38.442526,38.442526
0b_rotation_best,file,14,baseline_rotation,3979,069.Rufous_Hummingbird/Rufous_Hummingbird_0060_58986.jpg,69,68,069.Rufous_Hummingbird,23,22,rotation,rotation,0,"{""angle"":7.842782}",0.89167887,0.45425498,-0.43742388,0.40996689,0.63492084,0.062038649,0.034607198,0.34792824,0.60031364,0.2523854,0.77830795,0.58864498,92.479334,54.437496,False,0.96648252,True,True,True,0.77830795,0.58864498,92.479334,54.437496,0.77432167,0.58356502,91.176554,53.207447,0.90917771,0.74390921,15.468135,11.506888,0.81865658,0.59942983,16.837583,10.09295,0.81300498,0.56712546,42.613839,24.167393,0.76818962,0.54321716,53.229035,28.914925,0.76296534,0.61225899,43.618375,26.705742,0.75551912,0.6349655,38.442526,24.409678
0b_rotation_best,file,14,baseline_rotation,6330,109.American_Redstart/American_Redstart_0128_102983.jpg,109,108,109.American_Redstart,21,20,identity,identity,0,{},0.010758611,0.010758611,0,0.98929906,0.98929906,0.0081273271,0.0081273271,0.98117173,0.98117173,0,1,1,1.4618597,1.4618597,False,0.99999994,True,True,True,1,1,1.4618597,1.4618597,1,1,1.4160077,1.4160077,1,1,0.3632577,0.3632577,1,1,0.3388444,0.3388444,1,1,0.55447209,0.55447209,1,1,0.71285295,0.71285295,1,1,0.73587394,0.73587394,1,1,0.7301733,0.7301733
0b_rotation_best,file,14,baseline_rotation,6330,109.American_Redstart/American_Redstart_0128_102983.jpg,109,108,109.American_Redstart,21,20,rotation,rotation,0,"{""angle"":6.669315}",0.010758611,0.050112467,0.039353856,0.98929906,0.95112246,0.0081273271,0.027020311,0.98117173,0.92410215,-0.05706958,0.77109614,4.2621534,1.4618597,6.2306703,False,0.97522116,True,True,True,0.77109614,4.2621534,1.4618597,6.2306703,0.76021437,4.2894868,1.4160077,6.0739461,0.9614634,3.8228501,0.3632577,1.3886797,0.79849099,4.6438133,0.3388444,1.5735302,0.72947272,4.2372765,0.55447209,2.3494516,0.72491883,4.3950476,0.71285295,3.1330226,0.74337502,4.3633075,0.73587394,3.2108443,0.82631378,4.0561333,0.7301733,2.9616803
0b_rotation_best,file,14,baseline_rotation,1259,023.Brandt_Cormorant/Brandt_Cormorant_0083_23156.jpg,23,22,023.Brandt_Cormorant,30,29,identity,identity,0,{},5.5354738,5.5354738,0,0.0039443397,0.0039443397,0.56338137,0.56338137,-0.55943703,-0.55943703,0,1,1,205.12025,205.12025,False,1,True,False,False,1,1,205.12025,205.12025,1,1,200.46771,200.46771,1,1,43.439789,43.439789,1,1,67.005866,67.005866,1,1,89.086837,89.086837,1,1,91.462494,91.462494,1,1,95.416919,95.416919,1,1,101.44592,101.44592
0b_rotation_best,file,14,baseline_rotation,1259,023.Brandt_Cormorant/Brandt_Cormorant_0083_23156.jpg,23,22,023.Brandt_Cormorant,30,29,rotation,rotation,0,"{""angle"":-7.684121}",5.5354738,5.291944,-0.2435298,0.0039443397,0.0050319675,0.56338137,0.34595543,-0.55943703,-0.34092346,0.21851357,0.79147643,1.0700824,205.12025,219.49558,False,0.98435295,False,False,False,0.79147643,1.0700824,205.12025,219.49558,0.78382047,1.0696312,200.46771,214.42651,0.9530434,1.0796483,43.439789,46.899692,0.70806236,1.1403579,67.005866,76.410669,0.80304388,1.0624159,89.086837,94.64727,0.75731744,1.0417582,91.462494,95.281806,0.76725698,1.0840727,95.416919,103.43888,0.8422311,1.0526654,101.44592,106.78861
0b_rotation_best,file,14,baseline_rotation,7930,136.Barn_Swallow/Barn_Swallow_0026_132386.jpg,136,135,136.Barn_Swallow,137,136,identity,identity,0,{},0.069431335,0.069431335,0,0.93292421,0.93292421,0.056142181,0.056142181,0.87678203,0.87678203,0,1,1,13.544969,13.544969,False,1,True,True,True,1,1,13.544969,13.544969,1,1,13.262158,13.262158,1,1,2.7534296,2.7534296,1,1,4.5065273,4.5065273,1,1,6.9288229,6.9288229,1,1,6.5029307,6.5029307,1,1,5.852414,5.852414,1,1,5.5703313,5.5703313
0b_rotation_best,file,14,baseline_rotation,7930,136.Barn_Swallow/Barn_Swallow_0026_132386.jpg,136,135,136.Barn_Swallow,137,136,rotation,rotation,0,"{""angle"":-9.829237}",0.069431335,0.070768453,0.0013371184,0.93292421,0.93167758,0.056142181,0.065814853,0.87678203,0.86586273,-0.010919303,0.83393066,1.000891,13.544969,13.557039,False,0.97697997,True,True,True,0.83393066,1.000891,13.544969,13.557039,0.82738045,0.99095274,13.262158,13.142171,0.97419153,1.2087312,2.7534296,3.3281564,0.88022341,1.1524861,4.5065273,5.19371,0.87061038,0.91935045,6.9288229,6.3700164,0.79918233,0.96861958,6.5029307,6.298866,0.78850525,0.96494776,5.852414,5.6472737,0.81713983,1.0405731,5.5703313,5.7963369
0b_rotation_best,file,14,baseline_rotation,2286,040.Olive_sided_Flycatcher/Olive_Sided_Flycatcher_0017_30704.jpg,40,39,040.Olive_sided_Flycatcher,102,101,identity,identity,0,{},0.017494883,0.017494883,0,0.98265725,0.98265725,0.010869252,0.010869252,0.971788,0.971788,0,1,1,3.2784649,3.2784649,False,1,True,True,True,1,1,3.2784649,3.2784649,1,1,3.1888974,3.1888974,1,1,0.76109467,0.76109467,1,1,0.92221089,0.92221089,1,1,1.7066349,1.7066349,1,1,1.6704923,1.6704923,1,1,1.3708359,1.3708359,1,1,1.3176705,1.3176705
0b_rotation_best,file,14,baseline_rotation,2286,040.Olive_sided_Flycatcher/Olive_Sided_Flycatcher_0017_30704.jpg,40,39,040.Olive_sided_Flycatcher,102,101,rotation,rotation,0,"{""angle"":-11.614948}",0.017494883,0.013960332,-0.0035345517,0.98265725,0.98613667,0.010869252,0.011106603,0.971788,0.97503007,0.0032420708,0.84323246,0.96430507,3.2784649,3.1614403,False,0.97782469,True,True,True,0.84323246,0.96430507,3.2784649,3.1614403,0.83749951,0.9690269,3.1888974,3.0901274,0.95836906,0.8772833,0.76109467,0.66769564,0.80471249,0.99923833,0.92221089,0.92150847,0.89364991,1.0436473,1.7066349,1.781125,0.83113895,0.93171362,1.6704923,1.5564204,0.79162342,0.9546932,1.3708359,1.3087277,0.81773801,0.89542021,1.3176705,1.1798688
0b_rotation_best,file,14,baseline_rotation,6891,118.House_Sparrow/House_Sparrow_0093_110990.jpg,118,117,118.House_Sparrow,132,131,identity,identity,0,{},4.1686983,4.1686983,0,0.01547239,0.01547239,0.15752035,0.15752035,-0.14204796,-0.14204796,0,1,1,134.52396,134.52396,False,1,True,False,False,1,1,134.52396,134.52396,1,1,131.72191,131.72191,1,1,27.313641,27.313641,1,1,17.292093,17.292093,1,1,70.605859,70.605859,1,1,68.041634,68.041634,1,1,61.582229,61.582229,1,1,60.369051,60.369051
0b_rotation_best,file,14,baseline_rotation,6891,118.House_Sparrow/House_Sparrow_0093_110990.jpg,118,117,118.House_Sparrow,132,131,rotation,rotation,0,"{""angle"":-14.124942}",4.1686983,2.434917,-1.7337813,0.01547239,0.087605014,0.15752035,0.028287441,-0.14204796,0.059317574,0.20136554,0.67429175,1.0288075,134.52396,138.39926,False,0.94128573,False,False,False,0.67429175,1.0288075,134.52396,138.39926,0.66446495,1.0313078,131.72191,135.84584,0.91883747,0.96883747,27.313641,26.462479,0.36577292,1.1577792,17.292093,20.020426,0.70147505,1.0366173,70.605859,73.191255,0.6357552,1.0813342,68.041634,73.575749,0.64696186,0.97294377,61.582229,59.916046,0.70007809,1.0066413,60.369051,60.76998
0b_rotation_best,file,14,baseline_rotation,9317,159.Black_and_white_Warbler/Black_And_White_Warbler_0022_160512.jpg,159,158,159.Black_and_white_Warbler,164,163,identity,identity,0,{},0.0044053174,0.0044053174,0,0.9956044,0.9956044,0.0020607114,0.0020607114,0.99354368,0.99354368,0,1,1,0.62811493,0.62811493,False,1,True,True,True,1,1,0.62811493,0.62811493,1,1,0.61143839,0.61143839,1,1,0.14377572,0.14377572,1,1,0.1361973,0.1361973,1,1,0.31769452,0.31769452,1,1,0.31520725,0.31520725,1,1,0.25902363,0.25902363,1,1,0.29652747,0.29652747
0b_rotation_best,file,14,baseline_rotation,9317,159.Black_and_white_Warbler/Black_And_White_Warbler_0022_160512.jpg,159,158,159.Black_and_white_Warbler,164,163,rotation,rotation,0,"{""angle"":-3.354661}",0.0044053174,0.0078081628,0.0034028455,0.9956044,0.99222225,0.0020607114,0.0042674658,0.99354368,0.98795478,-0.0055889008,0.89398414,1.8267562,0.62811493,1.1474128,False,0.99379426,True,True,True,0.89398414,1.8267562,0.62811493,1.1474128,0.88866698,1.8278454,0.61143839,1.1176148,0.99131688,1.8069443,0.14377572,0.25979471,0.80926873,1.9406678,0.1361973,0.26431372,0.89159673,1.7466449,0.31769452,0.55489951,0.87915835,1.87115,0.31520725,0.58980006,0.87202768,1.8587275,0.25902363,0.48145434,0.9290433,1.8211581,0.29652747,0.54002342
0b_rotation_best,file,14,baseline_rotation,2279,040.Olive_sided_Flycatcher/Olive_Sided_Flycatcher_0049_796889.jpg,40,39,040.Olive_sided_Flycatcher,102,101,identity,identity,0,{},0.016235871,0.016235871,0,0.98389524,0.98389524,0.0064213574,0.0064213574,0.97747388,0.97747388,0,1,1,3.0443489,3.0443489,False,0.99999994,True,True,True,1,1,3.0443489,3.0443489,1,1,2.975702,2.975702,1,1,0.64285125,0.64285125,1,1,0.68956003,0.68956003,1,1,1.6178315,1.6178315,1,1,1.7061465,1.7061465,1,1,1.2562083,1.2562083,1,1,1.1282443,1.1282443
0b_rotation_best,file,14,baseline_rotation,2279,040.Olive_sided_Flycatcher/Olive_Sided_Flycatcher_0049_796889.jpg,40,39,040.Olive_sided_Flycatcher,102,101,rotation,rotation,0,"{""angle"":-3.154059}",0.016235871,0.028420083,0.012184212,0.98389524,0.97197998,0.0064213574,0.012844067,0.97747388,0.95913591,-0.018337976,0.78130354,1.8094244,3.0443489,5.5085192,False,0.98345745,True,True,True,0.78130354,1.8094244,3.0443489,5.5085192,0.77475836,1.8131169,2.975702,5.3952956,0.92927515,1.7284116,0.64285125,1.1111116,0.75661781,1.9189197,0.68956003,1.3232103,0.767295,1.8577285,1.6178315,3.0054917,0.79483603,1.8225511,1.7061465,3.1095391,0.74573093,1.7220668,1.2562083,2.1632747,0.78848147,1.7674192,1.1282443,1.9940807
0b_rotation_best,file,14,baseline_rotation,11516,196.House_Wren/House_Wren_0133_187101.jpg,196,195,196.House_Wren,199,198,identity,identity,0,{},1.3365006,1.3365006,0,0.26276356,0.26276356,0.56283176,0.56283176,-0.3000682,-0.3000682,0,1,1,127.58875,127.58875,False,1,True,False,False,1,1,127.58875,127.58875,1,1,125.24857,125.24857,1,1,24.324606,24.324606,1,1,26.247338,26.247338,1,1,60.375917,60.375917,1,1,69.464807,69.464807,1,1,61.106091,61.106091,1,1,52.855613,52.855613
0b_rotation_best,file,14,baseline_rotation,11516,196.House_Wren/House_Wren_0133_187101.jpg,196,195,196.House_Wren,199,198,rotation,rotation,0,"{""angle"":0.812336}",1.3365006,1.2985346,-0.037966013,0.26276356,0.27293146,0.56283176,0.38947785,-0.3000682,-0.11654639,0.18352181,0.86587177,0.87552784,127.58875,111.70751,False,0.98669147,True,False,False,0.86587177,0.87552784,127.58875,111.70751,0.86218199,0.87425815,125.24857,109.49958,0.96062268,0.90854388,24.324606,22.099972,0.72872195,0.73973028,26.247338,19.415951,0.86658168,0.80827995,60.375917,48.800643,0.8702697,0.87410198,69.464807,60.719325,0.86440092,0.92308905,61.106091,56.406364,0.87560875,0.91972001,52.855613,48.612365
0b_rotation_best,file,14,baseline_rotation,1717,031.Black_billed_Cuckoo/Black_Billed_Cuckoo_0088_26217.jpg,31,30,031.Black_billed_Cuckoo,33,32,identity,identity,0,{},0.0098315775,0.0098315775,0,0.99021661,0.99021661,0.0080485735,0.0080485735,0.98216804,0.98216804,0,1,1,1.2127138,1.2127138,False,1,True,True,True,1,1,1.2127138,1.2127138,1,1,1.1418451,1.1418451,1,1,0.40849082,0.40849082,1,1,0.22290787,0.22290787,1,1,0.43817945,0.43817945,1,1,0.53515576,0.53515576,1,1,0.58077115,0.58077115,1,1,0.66214361,0.66214361
0b_rotation_best,file,14,baseline_rotation,1717,031.Black_billed_Cuckoo/Black_Billed_Cuckoo_0088_26217.jpg,31,30,031.Black_billed_Cuckoo,33,32,rotation,rotation,0,"{""angle"":-3.193963}",0.0098315775,0.017409485,0.0075779073,0.99021661,0.98274118,0.0080485735,0.015153261,0.98216804,0.96758792,-0.014580123,0.85182659,1.6757192,1.2127138,2.0321678,False,0.98684591,True,True,True,0.85182659,1.6757192,1.2127138,2.0321678,0.83376996,1.6636204,1.1418451,1.8995967,0.98600198,1.7674043,0.40849082,0.72196843,0.79534884,1.5639116,0.22290787,0.34860819,0.78544191,1.553572,0.43817945,0.68074334,0.79823129,1.611977,0.53515576,0.86265877,0.81928653,1.6744761,0.58077115,0.97248741,0.89079794,1.7440676,0.66214361,1.1548232
0b_rotation_best,file,14,baseline_rotation,3371,059.California_Gull/California_Gull_0096_40978.jpg,59,58,059.California_Gull,147,146,identity,identity,0,{},2.7215278,2.7215278,0,0.06577418,0.06577418,0.17158778,0.17158778,-0.1058136,-0.1058136,0,1,1,114.62066,114.62066,False,1.0000001,True,False,False,1,1,114.62066,114.62066,1,1,112.2417,112.2417,1,1,23.231392,23.231392,1,1,18.312738,18.312738,1,1,48.66694,48.66694,1,1,61.720837,61.720837,1,1,55.170022,55.170022,1,1,55.146878,55.146878
0b_rotation_best,file,14,baseline_rotation,3371,059.California_Gull/California_Gull_0096_40978.jpg,59,58,059.California_Gull,147,146,rotation,rotation,0,"{""angle"":11.113128}",2.7215278,2.7847378,0.063210011,0.06577418,0.061745279,0.17158778,0.05519532,-0.1058136,0.0065499581,0.11236356,0.77126136,0.93335422,114.62066,106.98168,False,0.95923382,False,False,False,0.77126136,0.93335422,114.62066,106.98168,0.76324604,0.92822983,112.2417,104.18609,0.94256199,1.0458637,23.231392,24.296869,0.70798675,0.97195809,18.312738,17.799214,0.72853098,0.79250231,48.66694,38.568663,0.77046055,0.86705698,61.720837,53.515483,0.75950472,0.96827006,55.170022,53.419481,0.79906401,1.0468545,55.146878,57.730756
0b_rotation_best,file,14,baseline_rotation,11075,189.Red_bellied_Woodpecker/Red_Bellied_Woodpecker_0073_180994.jpg,189,188,189.Red_bellied_Woodpecker,36,35,identity,identity,0,{},0.0023837266,0.0023837266,0,0.99761909,0.99761909,0.0010965791,0.0010965791,0.99652251,0.99652251,0,1,1,0.29052171,0.29052171,False,0.99999994,True,True,True,1,1,0.29052171,0.29052171,1,1,0.2814634,0.2814634,1,1,0.071980659,0.071980659,1,1,0.035528415,0.035528415,1,1,0.093110253,0.093110253,1,1,0.12995892,0.12995892,1,1,0.135572,0.135572,1,1,0.18444721,0.18444721
0b_rotation_best,file,14,baseline_rotation,11075,189.Red_bellied_Woodpecker/Red_Bellied_Woodpecker_0073_180994.jpg,189,188,189.Red_bellied_Woodpecker,36,35,rotation,rotation,0,"{""angle"":-1.913192}",0.0023837266,0.0024305822,4.6855537e-05,0.99761909,0.99757236,0.0010965791,0.0014791666,0.99652251,0.9960932,-0.00042931747,0.88749572,1.0589052,0.29052171,0.30763494,False,0.99357736,True,True,True,0.88749572,1.0589052,0.29052171,0.30763494,0.88077203,1.0551245,0.2814634,0.29697893,0.98604066,1.1151177,0.071980659,0.080266904,0.83737873,1.2258331,0.035528415,0.043551905,0.84334067,1.2088086,0.093110253,0.11255247,0.84968597,1.095838,0.12995892,0.14241391,0.85910332,1.0237623,0.135572,0.13879351,0.92787985,1.0009625,0.18444721,0.18462474
0b_rotation_best,file,14,baseline_rotation,2038,036.Northern_Flicker/Northern_Flicker_0118_28500.jpg,36,35,036.Northern_Flicker,24,23,identity,identity,0,{},1.4434011,1.4434011,0,0.23612332,0.23612332,0.074136436,0.074136436,0.16198689,0.16198689,0,1,1,94.143872,94.143872,False,1,True,True,True,1,1,94.143872,94.143872,1,1,92.32653,92.32653,1,1,18.408705,18.408705,1,1,14.258449,14.258449,1,1,39.01703,39.01703,1,1,48.149361,48.149361,1,1,45.056055,45.056055,1,1,49.498961,49.498961
0b_rotation_best,file,14,baseline_rotation,2038,036.Northern_Flicker/Northern_Flicker_0118_28500.jpg,36,35,036.Northern_Flicker,24,23,rotation,rotation,0,"{""angle"":-2.596345}",1.4434011,0.90461683,-0.53878427,0.23612332,0.40469691,0.074136436,0.030241838,0.16198689,0.37445507,0.21246819,0.8752291,0.816758,94.143872,76.89276,False,0.98507375,True,True,True,0.8752291,0.816758,94.143872,76.89276,0.87115037,0.81810477,92.32653,75.532775,0.98339911,0.7821188,18.408705,14.397794,0.80002076,0.87608748,14.258449,12.491649,0.87321524,0.79230425,39.01703,30.913358,0.85458672,0.79111477,48.149361,38.091671,0.8611301,0.81790688,45.056055,36.851657,0.90014354,0.8534195,49.498961,42.243378
0b_rotation_best,file,14,baseline_rotation,6845,117.Clay_colored_Sparrow/Clay_Colored_Sparrow_0066_110819.jpg,117,116,117.Clay_colored_Sparrow,116,115,identity,identity,0,{},0.7397784,0.7397784,0,0.47721964,0.47721964,0.22316431,0.22316431,0.25405534,0.25405534,0,1,1,80.544107,80.544107,False,1,True,True,True,1,1,80.544107,80.544107,1,1,78.670033,78.670033,1,1,17.273656,17.273656,1,1,17.596436,17.596436,1,1,30.741531,30.741531,1,1,45.521077,45.521077,1,1,39.491815,39.491815,1,1,36.090523,36.090523
0b_rotation_best,file,14,baseline_rotation,6845,117.Clay_colored_Sparrow/Clay_Colored_Sparrow_0066_110819.jpg,117,116,117.Clay_colored_Sparrow,116,115,rotation,rotation,0,"{""angle"":-4.641525}",0.7397784,1.8916996,1.1519212,0.47721964,0.15081528,0.22316431,0.59676808,0.25405534,-0.4459528,-0.70000814,0.76165158,1.9744741,80.544107,159.03225,False,0.97575951,False,True,False,0.76165158,1.9744741,80.544107,159.03225,0.75266059,1.9753517,78.670033,155.40099,0.95000473,1.9561808,17.273656,33.790395,0.75156686,2.2518463,17.596436,39.62447,0.73402077,2.2492059,30.741531,69.144032,0.71098565,1.8690314,45.521077,85.080324,0.78060867,1.9088548,39.491815,75.384139,0.80930908,1.935018,36.090523,69.835813
0b_rotation_best,file,14,baseline_rotation,7382,126.Nelson_Sharp_tailed_Sparrow/Nelson_Sharp_Tailed_Sparrow_0015_796922.jpg,126,125,126.Nelson_Sharp_tailed_Sparrow,124,123,identity,identity,0,{},0.40748858,0.40748858,0,0.66531903,0.66531903,0.30029032,0.30029032,0.36502871,0.36502871,0,1,1,64.714487,64.714487,False,1,True,True,True,1,1,64.714487,64.714487,1,1,63.529046,63.529046,1,1,12.329845,12.329845,1,1,12.272642,12.272642,1,1,31.351482,31.351482,1,1,35.193992,35.193992,1,1,30.052277,30.052277,1,1,27.579886,27.579886
0b_rotation_best,file,14,baseline_rotation,7382,126.Nelson_Sharp_tailed_Sparrow/Nelson_Sharp_Tailed_Sparrow_0015_796922.jpg,126,125,126.Nelson_Sharp_tailed_Sparrow,124,123,rotation,rotation,0,"{""angle"":-5.895056}",0.40748858,0.12964289,-0.2778457,0.66531903,0.87840909,0.30029032,0.11670076,0.36502871,0.76170833,0.39667962,0.8576102,0.42448161,64.714487,27.470109,False,0.97356451,True,True,True,0.8576102,0.42448161,64.714487,27.470109,0.8533446,0.42473615,63.529046,26.983083,0.97288588,0.41766727,12.329845,5.1497729,0.85079342,0.52004114,12.272642,6.3822788,0.88150784,0.46104893,31.351482,14.454567,0.83330317,0.42365633,35.193992,14.910157,0.8267812,0.39333917,30.052277,11.820738,0.89308684,0.39114653,27.579886,10.787777
0b_rotation_best,file,14,baseline_rotation,3016,053.Western_Grebe/Western_Grebe_0046_36118.jpg,53,52,053.Western_Grebe,86,85,identity,identity,0,{},0.37489876,0.37489876,0,0.68735886,0.68735886,0.11467825,0.11467825,0.57268061,0.57268061,0,1,1,48.722915,48.722915,False,0.99999994,True,True,True,1,1,48.722915,48.722915,1,1,47.960136,47.960136,1,1,8.5876546,8.5876546,1,1,8.3477638,8.3477638,1,1,17.632116,17.632116,1,1,25.469383,25.469383,1,1,26.192688,26.192688,1,1,24.183705,24.183705
0b_rotation_best,file,14,baseline_rotation,3016,053.Western_Grebe/Western_Grebe_0046_36118.jpg,53,52,053.Western_Grebe,86,85,rotation,rotation,0,"{""angle"":13.139183}",0.37489876,0.080485001,-0.29441376,0.68735886,0.92266876,0.11467825,0.027268417,0.57268061,0.89540034,0.32271973,0.74639388,0.28467231,48.722915,13.870065,False,0.96542633,True,True,True,0.74639388,0.28467231,48.722915,13.870065,0.73963441,0.28483541,47.960136,13.660745,0.96134331,0.2795375,8.5876546,2.4005715,0.35500733,0.37552064,8.3477638,3.1347576,0.72238936,0.30572804,17.632116,5.3906321,0.71745017,0.26106855,25.469383,6.6492551,0.7673003,0.28696821,26.192688,7.5164689,0.80847322,0.28354403,24.183705,6.8571451
0b_rotation_best,file,14,baseline_rotation,5196,089.Hooded_Merganser/Hooded_Merganser_0032_79032.jpg,89,88,089.Hooded_Merganser,106,105,identity,identity,0,{},0.0016126735,0.0016126735,0,0.99838865,0.99838865,0.00055935106,0.00055935106,0.9978293,0.9978293,0,1,1,0.21198618,0.21198618,False,1,True,True,True,1,1,0.21198618,0.21198618,1,1,0.20742615,0.20742615,1,1,0.043732519,0.043732519,1,1,0.047557474,0.047557474,1,1,0.077804385,0.077804385,1,1,0.089891774,0.089891774,1,1,0.092974249,0.092974249,1,1,0.13411051,0.13411051
0b_rotation_best,file,14,baseline_rotation,5196,089.Hooded_Merganser/Hooded_Merganser_0032_79032.jpg,89,88,089.Hooded_Merganser,106,105,rotation,rotation,0,"{""angle"":-2.432155}",0.0016126735,0.0010120514,-0.00060062215,0.99838865,0.99898845,0.00055935106,0.00024758562,0.9978293,0.99874086,0.00091156698,0.86860942,0.61166468,0.21198618,0.12966446,False,0.99445659,True,True,True,0.86860942,0.61166468,0.21198618,0.12966446,0.86309309,0.61056112,0.20742615,0.12664634,0.98843834,0.63598519,0.043732519,0.027813235,0.81959474,0.61811178,0.047557474,0.029395834,0.80081631,0.60193307,0.077804385,0.046833033,0.82564785,0.60797213,0.089891774,0.054651693,0.82276102,0.60252155,0.092974249,0.056018989,0.92461394,0.61744959,0.13411051,0.082806483
0b_rotation_best,file,14,baseline_rotation,4439,077.Tropical_Kingbird/Tropical_Kingbird_0102_69654.jpg,77,76,077.Tropical_Kingbird,32,31,identity,identity,0,{},0.17859155,0.17859155,0,0.83644748,0.83644748,0.017569803,0.017569803,0.81887767,0.81887767,0,1,1,26.954753,26.954753,False,1,True,True,True,1,1,26.954753,26.954753,1,1,26.668658,26.668658,1,1,3.9168113,3.9168113,1,1,7.2536223,7.2536223,1,1,12.465152,12.465152,1,1,13.858699,13.858699,1,1,13.471786,13.471786,1,1,11.38726,11.38726
0b_rotation_best,file,14,baseline_rotation,4439,077.Tropical_Kingbird/Tropical_Kingbird_0102_69654.jpg,77,76,077.Tropical_Kingbird,32,31,rotation,rotation,0,"{""angle"":3.578199}",0.17859155,0.24949706,0.070905507,0.83644748,0.77919257,0.017569803,0.011180695,0.81887767,0.76801187,-0.050865803,0.85279532,1.4402981,26.954753,38.82288,False,0.97641313,True,True,True,0.85279532,1.4402981,26.954753,38.82288,0.85041764,1.4421956,26.668658,38.461422,0.97245152,1.3494041,3.9168113,5.2853612,0.81857262,1.6564394,7.2536223,12.015186,0.8525407,1.4631694,12.465152,18.238629,0.82082517,1.4118333,13.858699,19.566172,0.86436322,1.4233502,13.471786,19.17507,0.89253232,1.3933677,11.38726,15.86664
0b_rotation_best,file,14,baseline_rotation,11759,200.Common_Yellowthroat/Common_Yellowthroat_0088_190594.jpg,200,199,200.Common_Yellowthroat,98,97,identity,identity,0,{},0.025323443,0.025323443,0,0.97499448,0.97499448,0.0035522487,0.0035522487,0.97144223,0.97144223,0,1,1,4.1014543,4.1014543,False,1,True,True,True,1,1,4.1014543,4.1014543,1,1,4.0342252,4.0342252,1,1,0.73956403,0.73956403,1,1,1.0788628,1.0788628,1,1,2.0598259,2.0598259,1,1,2.0764019,2.0764019,1,1,1.8673546,1.8673546,1,1,1.7520521,1.7520521
0b_rotation_best,file,14,baseline_rotation,11759,200.Common_Yellowthroat/Common_Yellowthroat_0088_190594.jpg,200,199,200.Common_Yellowthroat,98,97,rotation,rotation,0,"{""angle"":10.735906}",0.025323443,0.020461898,-0.0048615448,0.97499448,0.97974604,0.0035522487,0.0040354058,0.97144223,0.97571064,0.004268406,0.78930829,0.85765979,4.1014543,3.5176524,False,0.97498953,True,True,True,0.78930829,0.85765979,4.1014543,3.5176524,0.78326262,0.8566752,4.0342252,3.4560206,0.96360267,0.88645653,0.73956403,0.65559137,0.73394133,0.6287212,1.0788628,0.67830392,0.79182535,0.85750993,2.0598259,1.7663212,0.78365961,0.85347213,2.0764019,1.7721511,0.76706185,0.89285843,1.8673546,1.6672833,0.81446177,0.89223726,1.7520521,1.5632462
0b_rotation_best,file,14,baseline_rotation,11421,194.Cactus_Wren/Cactus_Wren_0034_185817.jpg,194,193,194.Cactus_Wren,36,35,identity,identity,0,{},0.11643405,0.11643405,0,0.8900888,0.8900888,0.067889117,0.067889117,0.82219968,0.82219968,0,1,1,21.583599,21.583599,False,1,True,True,True,1,1,21.583599,21.583599,1,1,21.28835,21.28835,1,1,3.5577971,3.5577971,1,1,5.2630364,5.2630364,1,1,8.3584164,8.3584164,1,1,11.460905,11.460905,1,1,10.408569,10.408569,1,1,10.767567,10.767567
0b_rotation_best,file,14,baseline_rotation,11421,194.Cactus_Wren/Cactus_Wren_0034_185817.jpg,194,193,194.Cactus_Wren,36,35,rotation,rotation,0,"{""angle"":0.589683}",0.11643405,0.16362476,0.047190711,0.8900888,0.84906054,0.067889117,0.1178048,0.82219968,0.73125573,-0.090943947,0.90809768,1.5164842,21.583599,32.731187,False,0.98708355,True,True,True,0.90809768,1.5164842,21.583599,32.731187,0.90609441,1.5152446,21.28835,32.257056,0.97813113,1.5602178,3.5577971,5.5509385,0.9150012,1.4026755,5.2630364,7.3823323,0.86874066,1.4743163,8.3584164,12.322949,0.91439143,1.6127399,11.460905,18.48346,0.90406651,1.4826534,10.408569,15.432301,0.92156817,1.4812045,10.767567,15.948968
0b_rotation_best,file,14,baseline_rotation,3928,068.Ruby_throated_Hummingbird/Ruby_Throated_Hummingbird_0079_58075.jpg,68,67,068.Ruby_throated_Hummingbird,33,32,identity,identity,0,{},4.1912093,4.1912093,0,0.015127979,0.015127979,0.21166019,0.21166019,-0.19653221,-0.19653221,0,1,1,134.54747,134.54747,False,0.99999994,True,False,False,1,1,134.54747,134.54747,1,1,130.82329,130.82329,1,1,31.437042,31.437042,1,1,26.178608,26.178608,1,1,48.514142,48.514142,1,1,68.360207,68.360207,1,1,65.944543,65.944543,1,1,71.091437,71.091437
0b_rotation_best,file,14,baseline_rotation,3928,068.Ruby_throated_Hummingbird/Ruby_Throated_Hummingbird_0079_58075.jpg,68,67,068.Ruby_throated_Hummingbird,33,32,rotation,rotation,0,"{""angle"":-10.129748}",4.1912093,5.7876577,1.5964484,0.015127979,0.003065153,0.21166019,0.29395711,-0.19653221,-0.29089196,-0.094359749,0.72089491,1.1393762,134.54747,153.30019,False,0.95698714,True,False,False,0.72089491,1.1393762,134.54747,153.30019,0.70967582,1.1444015,130.82329,149.71438,0.93556695,1.0485365,31.437042,32.962887,0.72362448,1.8856684,26.178608,49.364175,0.64621866,1.1867091,48.514142,57.572172,0.69938449,1.0585805,68.360207,72.364779,0.69306553,1.1175834,65.944543,73.698528,0.78695052,1.0891134,71.091437,77.426635
0b_rotation_best,file,14,baseline_rotation,7969,136.Barn_Swallow/Barn_Swallow_0042_132043.jpg,136,135,136.Barn_Swallow,135,134,identity,identity,0,{},7.8655586,7.8655586,0,0.00038373488,0.00038373488,0.98222363,0.98222363,-0.9818399,-0.9818399,0,1,1,257.24897,257.24897,False,1,True,False,False,1,1,257.24897,257.24897,1,1,253.92036,253.92036,1,1,41.249024,41.249024,1,1,66.272379,66.272379,1,1,110.43493,110.43493,1,1,154.34763,154.34763,1,1,111.78549,111.78549,1,1,107.55679,107.55679
0b_rotation_best,file,14,baseline_rotation,7969,136.Barn_Swallow/Barn_Swallow_0042_132043.jpg,136,135,136.Barn_Swallow,135,134,rotation,rotation,0,"{""angle"":-11.29878}",7.8655586,10.172592,2.3070335,0.00038373488,3.8203176e-05,0.98222363,0.99738008,-0.9818399,-0.99734187,-0.01550198,0.76830768,1.1521612,257.24897,296.39228,False,0.96580648,True,False,False,0.76830768,1.1521612,257.24897,296.39228,0.76325764,1.1530176,253.92036,292.77464,0.96578122,1.119228,41.249024,46.167061,0.71479486,1.3317446,66.272379,88.257883,0.69473792,1.2325499,110.43493,136.11656,0.81954504,1.0976848,154.34763,169.42504,0.72137491,1.1453672,111.78549,128.03543,0.80553427,1.1118828,107.55679,119.59054
0b_rotation_best,file,14,baseline_rotation,1491,027.Shiny_Cowbird/Shiny_Cowbird_0070_796832.jpg,27,26,027.Shiny_Cowbird,29,28,identity,identity,0,{},4.3928528,4.3928528,0,0.012365406,0.012365406,0.41961154,0.41961154,-0.40724614,-0.40724614,0,1,1,176.10121,176.10121,False,1,True,False,False,1,1,176.10121,176.10121,1,1,172.91602,172.91602,1,1,33.341929,33.341929,1,1,34.400504,34.400504,1,1,79.230949,79.230949,1,1,96.705844,96.705844,1,1,81.714395,81.714395,1,1,80.060921,80.060921
0b_rotation_best,file,14,baseline_rotation,1491,027.Shiny_Cowbird/Shiny_Cowbird_0070_796832.jpg,27,26,027.Shiny_Cowbird,29,28,rotation,rotation,0,"{""angle"":7.615884}",4.3928528,4.9869022,0.59404945,0.012365406,0.0068267798,0.41961154,0.24586055,-0.40724614,-0.23903377,0.16821237,0.86182023,1.2482739,176.10121,219.82255,False,0.97989511,False,False,False,0.86182023,1.2482739,176.10121,219.82255,0.85987089,1.256664,172.91602,217.29734,0.9505646,0.99645708,33.341929,33.223801,0.82247885,1.5575981,34.400504,53.58216,0.87764773,1.3691631,79.230949,108.48009,0.88089029,1.2314013,96.705844,119.08371,0.83156809,1.2178629,81.714395,99.516932,0.85959258,1.1512007,80.060921,92.166191
0b_rotation_best,file,14,baseline_rotation,6000,103.Sayornis/Sayornis_0076_98941.jpg,103,102,103.Sayornis,77,76,identity,identity,0,{},0.11323683,0.11323683,0,0.89293915,0.89293915,0.056638058,0.056638058,0.83630109,0.83630109,0,1,1,16.210507,16.210507,False,1,True,True,True,1,1,16.210507,16.210507,1,1,15.821115,15.821115,1,1,3.5316925,3.5316925,1,1,3.2224197,3.2224197,1,1,7.6157163,7.6157163,1,1,7.6781606,7.6781606,1,1,7.9251333,7.9251333,1,1,7.7564604,7.7564604
0b_rotation_best,file,14,baseline_rotation,6000,103.Sayornis/Sayornis_0076_98941.jpg,103,102,103.Sayornis,77,76,rotation,rotation,0,"{""angle"":-0.843318}",0.11323683,0.15635397,0.043117136,0.89293915,0.85525638,0.056638058,0.088006943,0.83630109,0.76724944,-0.069051657,0.91403941,1.4332156,16.210507,23.233151,False,0.99511582,True,True,True,0.91403941,1.4332156,16.210507,23.233151,0.91023217,1.435145,15.821115,22.705595,0.99307313,1.3939302,3.5316925,4.9229328,0.84424304,1.4754215,3.2224197,4.7544271,0.88296642,1.4821056,7.6157163,11.287295,0.89628267,1.4547259,7.6781606,11.169619,0.92742194,1.4170098,7.9251333,11.229991,0.94801066,1.3805391,7.7564604,10.708097
0b_rotation_best,file,14,baseline_rotation,3208,056.Pine_Grosbeak/Pine_Grosbeak_0068_38981.jpg,56,55,056.Pine_Grosbeak,185,184,identity,identity,0,{},0.00051556644,0.00051556644,0,0.99948454,0.99948454,0.00038185096,0.00038185096,0.99910269,0.99910269,0,1,1,0.10115636,0.10115636,False,1,True,True,True,1,1,0.10115636,0.10115636,1,1,0.098652924,0.098652924,1,1,0.022365386,0.022365386,1,1,0.013542154,0.013542154,1,1,0.043681124,0.043681124,1,1,0.051911593,0.051911593,1,1,0.04970753,0.04970753,1,1,0.049752556,0.049752556
0b_rotation_best,file,14,baseline_rotation,3208,056.Pine_Grosbeak/Pine_Grosbeak_0068_38981.jpg,56,55,056.Pine_Grosbeak,185,184,rotation,rotation,0,"{""angle"":0.295309}",0.00051556644,0.00052545569,9.8892488e-06,0.99948454,0.9994747,0.00038185096,0.00038283441,0.99910269,0.99909187,-1.0818214e-05,0.9503538,1.0284659,0.10115636,0.10403587,False,0.9984712,True,True,True,0.9503538,1.0284659,0.10115636,0.10403587,0.9479648,1.0297828,0.098652924,0.10159108,0.99842677,1.0024999,0.022365386,0.022421298,0.90534836,1.099743,0.013542154,0.014892889,0.9200464,1.0679984,0.043681124,0.04665137,0.95267187,1.0643378,0.051911593,0.055251471,0.95178893,0.99684065,0.04970753,0.049550487,0.96800707,0.98766414,0.049752556,0.049138815
0b_rotation_best,file,14,baseline_rotation,5522,095.Baltimore_Oriole/Baltimore_Oriole_0045_88178.jpg,95,94,095.Baltimore_Oriole,96,95,identity,identity,0,{},0.00064936053,0.00064936053,0,0.99935085,0.99935085,0.00048315214,0.00048315214,0.99886769,0.99886769,0,1,1,0.074071404,0.074071404,False,0.99999988,True,True,True,1,1,0.074071404,0.074071404,1,1,0.069343909,0.069343909,1,1,0.026038341,0.026038341,1,1,0.010919716,0.010919716,1,1,0.020816714,0.020816714,1,1,0.027944511,0.027944511,1,1,0.034144945,0.034144945,1,1,0.048054437,0.048054437
0b_rotation_best,file,14,baseline_rotation,5522,095.Baltimore_Oriole/Baltimore_Oriole_0045_88178.jpg,95,94,095.Baltimore_Oriole,96,95,rotation,rotation,0,"{""angle"":3.15713}",0.00064936053,0.00054999959,-9.9360943e-05,0.99935085,0.99945015,0.00048315214,0.00046476285,0.99886769,0.99898538,0.00011769062,0.86112975,0.86990542,0.074071404,0.064435116,False,0.99460715,True,True,True,0.86112975,0.86990542,0.074071404,0.064435116,0.84211204,0.86613139,0.069343909,0.060060936,0.99192033,0.89621622,0.026038341,0.023335983,0.78167666,1.1237216,0.010919716,0.01227072,0.66732586,0.93775763,0.020816714,0.019521032,0.71789956,0.86862647,0.027944511,0.024273342,0.82337818,0.84887173,0.034144945,0.028984679,0.93829958,0.8443645,0.048054437,0.040575461
0b_rotation_best,file,14,baseline_rotation,8626,147.Least_Tern/Least_Tern_0020_153458.jpg,147,146,147.Least_Tern,145,144,identity,identity,0,{},0.12226679,0.12226679,0,0.88491225,0.88491225,0.015750056,0.015750056,0.8691622,0.8691622,0,1,1,23.174429,23.174429,False,1,True,True,True,1,1,23.174429,23.174429,1,1,22.921469,22.921469,1,1,3.4147391,3.4147391,1,1,3.0180871,3.0180871,1,1,14.081459,14.081459,1,1,11.593347,11.593347,1,1,9.9903854,9.9903854,1,1,9.1533553,9.1533553
0b_rotation_best,file,14,baseline_rotation,8626,147.Least_Tern/Least_Tern_0020_153458.jpg,147,146,147.Least_Tern,145,144,rotation,rotation,0,"{""angle"":4.110252}",0.12226679,0.10041502,-0.021851771,0.88491225,0.90446198,0.015750056,0.0038902867,0.8691622,0.90057169,0.031409497,0.87975727,0.8193023,23.174429,18.986863,False,0.96901786,True,True,True,0.87975727,0.8193023,23.174429,18.986863,0.87799957,0.81860821,22.921469,18.763703,0.95664024,0.84998855,3.4147391,2.9024892,0.63781711,0.91733316,3.0180871,2.7685914,0.92859848,0.83054708,14.081459,11.695315,0.85559843,0.8092914,11.593347,9.3823959,0.84159089,0.80485405,9.9903854,8.0408022,0.86499948,0.80982741,9.1533553,7.412638
0b_rotation_best,file,14,baseline_rotation,1332,024.Red_faced_Cormorant/Red_Faced_Cormorant_0036_796329.jpg,24,23,024.Red_faced_Cormorant,8,7,identity,identity,0,{},0.043076646,0.043076646,0,0.957838,0.957838,0.005733585,0.005733585,0.95210441,0.95210441,0,1,1,7.7071122,7.7071122,False,1.0000001,True,True,True,1,1,7.7071122,7.7071122,1,1,7.5963993,7.5963993,1,1,1.3016513,1.3016513,1,1,2.5936492,2.5936492,1,1,3.396799,3.396799,1,1,3.6444089,3.6444089,1,1,3.5202269,3.5202269,1,1,3.7102976,3.7102976
0b_rotation_best,file,14,baseline_rotation,1332,024.Red_faced_Cormorant/Red_Faced_Cormorant_0036_796329.jpg,24,23,024.Red_faced_Cormorant,8,7,rotation,rotation,0,"{""angle"":-8.106606}",0.043076646,0.041611858,-0.0014647879,0.957838,0.95924205,0.005733585,0.0043054167,0.95210441,0.95493663,0.0028322153,0.75541346,1.1071343,7.7071122,8.5328083,False,0.97524887,True,True,True,0.75541346,1.1071343,7.7071122,8.5328083,0.74995737,1.1081698,7.5963993,8.4181002,0.94806206,1.0712697,1.3016513,1.3944196,0.76217651,0.8694875,2.5936492,2.2551456,0.6309996,1.0713704,3.396799,3.6392299,0.76970714,1.2446805,3.6444089,4.5361247,0.76310673,1.1764441,3.5202269,4.1413502,0.82998807,1.0371284,3.7102976,3.8480549
0b_rotation_best,file,14,baseline_rotation,3799,066.Western_Gull/Western_Gull_0080_53445.jpg,66,65,066.Western_Gull,59,58,identity,identity,0,{},0.047000721,0.047000721,0,0.95408672,0.95408672,0.024039024,0.024039024,0.9300477,0.9300477,0,1,1,9.4753452,9.4753452,False,0.99999988,True,True,True,1,1,9.4753452,9.4753452,1,1,9.1993521,9.1993521,1,1,2.2702615,2.2702615,1,1,2.3776137,2.3776137,1,1,5.0407881,5.0407881,1,1,4.4054094,4.4054094,1,1,4.1409428,4.1409428,1,1,4.1243726,4.1243726
0b_rotation_best,file,14,baseline_rotation,3799,066.Western_Gull/Western_Gull_0080_53445.jpg,66,65,066.Western_Gull,59,58,rotation,rotation,0,"{""angle"":-5.92186}",0.047000721,0.36484182,0.3178411,0.95408672,0.69430649,0.024039024,0.14971048,0.9300477,0.54459602,-0.38545168,0.85714487,6.4210517,9.4753452,60.841682,False,0.98826694,True,True,True,0.85714487,6.4210517,9.4753452,60.841682,0.848616,6.3760283,9.1993521,58.655329,0.9874458,7.1197163,2.2702615,16.163618,0.76659167,4.9569857,2.3776137,11.785797,0.8783767,5.8245705,5.0407881,29.360425,0.82140844,6.5825936,4.4054094,28.99902,0.83538967,6.7414042,4.1409428,27.915769,0.88874998,6.9399589,4.1243726,28.622976
0b_rotation_best,file,14,baseline_rotation,861,016.Painted_Bunting/Painted_Bunting_0028_15205.jpg,16,15,016.Painted_Bunting,97,96,identity,identity,0,{},0.038426016,0.038426016,0,0.96230292,0.96230292,0.012889267,0.012889267,0.94941366,0.94941366,0,1,1,6.2917048,6.2917048,False,1,True,True,True,1,1,6.2917048,6.2917048,1,1,6.1767574,6.1767574,1,1,1.1971701,1.1971701,1,1,1.2547883,1.2547883,1,1,2.5003659,2.5003659,1,1,3.076756,3.076756,1,1,3.1472668,3.1472668,1,1,3.3097271,3.3097271
0b_rotation_best,file,14,baseline_rotation,861,016.Painted_Bunting/Painted_Bunting_0028_15205.jpg,16,15,016.Painted_Bunting,97,96,rotation,rotation,0,"{""angle"":0.67264}",0.038426016,0.012764536,-0.02566148,0.96230292,0.98731661,0.012889267,0.0032872672,0.94941366,0.98402934,0.034615685,0.9084094,0.31286267,6.2917048,1.9684396,False,0.99357152,True,True,True,0.9084094,0.31286267,6.2917048,1.9684396,0.90529886,0.31104867,6.1767574,1.9212722,0.98894004,0.35778625,1.1971701,0.428331,0.81952184,0.25675832,1.2547883,0.32217734,0.86828989,0.29562651,2.5003659,0.73917442,0.88256101,0.30575148,3.076756,0.94072268,0.91529842,0.30806523,3.1472668,0.96956348,0.94793672,0.33319001,3.3097271,1.102768
0b_rotation_best,file,14,baseline_rotation,8361,143.Caspian_Tern/Caspian_Tern_0101_145164.jpg,143,142,143.Caspian_Tern,145,144,identity,identity,0,{},0.71097046,0.71097046,0,0.49116731,0.49116731,0.48217419,0.48217419,0.008993119,0.008993119,0,1,1,92.47673,92.47673,False,0.99999994,True,True,True,1,1,92.47673,92.47673,1,1,89.980808,89.980808,1,1,21.340099,21.340099,1,1,18.89544,18.89544,1,1,43.490947,43.490947,1,1,50.046473,50.046473,1,1,39.808015,39.808015,1,1,41.937072,41.937072
0b_rotation_best,file,14,baseline_rotation,8361,143.Caspian_Tern/Caspian_Tern_0101_145164.jpg,143,142,143.Caspian_Tern,145,144,rotation,rotation,0,"{""angle"":-9.252853}",0.71097046,0.80154532,0.090574861,0.49116731,0.44863519,0.48217419,0.49673238,0.008993119,-0.048097193,-0.057090312,0.81566289,1.0340054,92.47673,95.62144,False,0.9734748,False,True,False,0.81566289,1.0340054,92.47673,95.62144,0.8067795,1.033798,89.980808,93.021982,0.97301429,1.0376856,21.340099,22.144314,0.79976926,1.2019187,18.89544,22.710784,0.7839944,0.85478016,43.490947,37.175199,0.82913286,1.0694505,50.046473,53.522224,0.78191474,1.0582818,39.808015,42.128099,0.83456633,1.0968579,41.937072,45.999009
0b_rotation_best,file,14,baseline_rotation,1973,035.Purple_Finch/Purple_Finch_0134_27526.jpg,35,34,035.Purple_Finch,140,139,identity,identity,0,{},0.010189066,0.010189066,0,0.98986268,0.98986268,0.0027901833,0.0027901833,0.9870725,0.9870725,0,1,1,1.8239406,1.8239406,False,1,True,True,True,1,1,1.8239406,1.8239406,1,1,1.7904633,1.7904633,1,1,0.34785133,0.34785133,1,1,0.38900514,0.38900514,1,1,0.90329949,0.90329949,1,1,0.90525385,0.90525385,1,1,0.86895621,0.86895621,1,1,0.81480945,0.81480945
0b_rotation_best,file,14,baseline_rotation,1973,035.Purple_Finch/Purple_Finch_0134_27526.jpg,35,34,035.Purple_Finch,140,139,rotation,rotation,0,"{""angle"":-11.879495}",0.010189066,0.024942374,0.014753308,0.98986268,0.97536612,0.0027901833,0.0029840905,0.9870725,0.97238203,-0.014690472,0.7542352,2.5604976,1.8239406,4.6701956,False,0.96184897,True,True,True,0.7542352,2.5604976,1.8239406,4.6701956,0.74823853,2.5698618,1.7904633,4.6012432,0.93640753,2.2985533,0.34785133,0.79955483,0.74111087,2.7594855,0.38900514,1.073454,0.77585772,2.6877984,0.90329949,2.4278869,0.72560961,2.557558,0.90525385,2.3152392,0.71455047,2.4535973,0.86895621,2.1320686,0.78195588,2.520696,0.81480945,2.0538869
0b_rotation_best,file,14,baseline_rotation,1837,033.Yellow_billed_Cuckoo/Yellow_Billed_Cuckoo_0097_26713.jpg,33,32,033.Yellow_billed_Cuckoo,31,30,identity,identity,0,{},0.39189702,0.39189702,0,0.67577368,0.67577368,0.049994998,0.049994998,0.62577868,0.62577868,0,1,1,41.990876,41.990876,False,1,True,True,True,1,1,41.990876,41.990876,1,1,41.051692,41.051692,1,1,8.8313204,8.8313204,1,1,10.202481,10.202481,1,1,14.527633,14.527633,1,1,20.914286,20.914286,1,1,21.851253,21.851253,1,1,21.335745,21.335745
0b_rotation_best,file,14,baseline_rotation,1837,033.Yellow_billed_Cuckoo/Yellow_Billed_Cuckoo_0097_26713.jpg,33,32,033.Yellow_billed_Cuckoo,31,30,rotation,rotation,0,"{""angle"":-1.658042}",0.39189702,0.45319396,0.06129694,0.67577368,0.63559484,0.049994998,0.038989078,0.62577868,0.59660577,-0.029172916,0.8216059,1.3085565,41.990876,54.947433,False,0.97874594,True,True,True,0.8216059,1.3085565,41.990876,54.947433,0.8157394,1.3156087,41.051692,54.007964,0.97474741,1.1456179,8.8313204,10.117319,0.81018517,1.3269639,10.202481,13.538325,0.70600901,1.4301338,14.527633,20.776459,0.80286995,1.370676,20.914286,28.666711,0.83179888,1.2887975,21.851253,28.161841,0.8768415,1.2285255,21.335745,26.211507
0b_rotation_best,file,14,baseline_rotation,4840,083.White_breasted_Kingfisher/White_Breasted_Kingfisher_0074_73408.jpg,83,82,083.White_breasted_Kingfisher,33,32,identity,identity,0,{},0.43193409,0.43193409,0,0.64925218,0.64925218,0.078432307,0.078432307,0.57081987,0.57081987,0,1,1,52.380966,52.380966,False,1,True,True,True,1,1,52.380966,52.380966,1,1,51.252355,51.252355,1,1,10.814886,10.814886,1,1,11.544978,11.544978,1,1,20.758982,20.758982,1,1,24.779215,24.779215,1,1,27.104332,27.104332,1,1,26.719426,26.719426
0b_rotation_best,file,14,baseline_rotation,4840,083.White_breasted_Kingfisher/White_Breasted_Kingfisher_0074_73408.jpg,83,82,083.White_breasted_Kingfisher,33,32,rotation,rotation,0,"{""angle"":12.349149}",0.43193409,0.33608779,-0.095846295,0.64925218,0.71456039,0.078432307,0.054749507,0.57081987,0.65981088,0.088991012,0.64000164,0.86628306,52.380966,45.376744,False,0.94784951,True,True,True,0.64000164,0.86628306,52.380966,45.376744,0.62648511,0.86581104,51.252355,44.374855,0.93980334,0.87681704,10.814886,9.4826763,0.53464207,0.75283023,11.544978,8.6914082,0.43741494,0.78290776,20.758982,16.252368,0.5545601,0.91412033,24.779215,22.651185,0.65088524,0.88269981,27.104332,23.924988,0.78670567,0.87288882,26.719426,23.323088
0b_rotation_best,file,14,baseline_rotation,8917,152.Blue_headed_Vireo/Blue_Headed_Vireo_0031_156056.jpg,152,151,152.Blue_headed_Vireo,171,170,identity,identity,0,{},0.18064083,0.18064083,0,0.8347351,0.8347351,0.052150328,0.052150328,0.78258477,0.78258477,0,1,1,29.137922,29.137922,False,1,True,True,True,1,1,29.137922,29.137922,1,1,28.691092,28.691092,1,1,5.0832833,5.0832833,1,1,8.013434,8.013434,1,1,16.565913,16.565913,1,1,14.395807,14.395807,1,1,12.392442,12.392442,1,1,11.123051,11.123051
0b_rotation_best,file,14,baseline_rotation,8917,152.Blue_headed_Vireo/Blue_Headed_Vireo_0031_156056.jpg,152,151,152.Blue_headed_Vireo,171,170,rotation,rotation,0,"{""angle"":0.708749}",0.18064083,0.22821964,0.047578812,0.8347351,0.7959494,0.052150328,0.043244861,0.78258477,0.75270454,-0.029880229,0.89868263,1.2183307,29.137922,35.499624,False,0.99299395,True,True,True,0.89868263,1.2183307,29.137922,35.499624,0.89622059,1.2187283,28.691092,34.966644,0.97802145,1.2055957,5.0832833,6.1283846,0.92405755,1.3476939,8.013434,10.799656,0.90629354,1.1534865,16.565913,19.108557,0.86026908,1.2126422,14.395807,17.456963,0.8977824,1.2648266,12.392442,15.67429,0.92293504,1.2407572,11.123051,13.801005
0b_rotation_best,file,14,baseline_rotation,2827,049.Boat_tailed_Grackle/Boat_Tailed_Grackle_0067_34032.jpg,49,48,049.Boat_tailed_Grackle,29,28,identity,identity,0,{},4.0951996,4.0951996,0,0.016652422,0.016652422,0.87063444,0.87063444,-0.85398201,-0.85398201,0,1,1,228.686,228.686,False,0.99999988,True,False,False,1,1,228.686,228.686,1,1,224.71809,224.71809,1,1,42.415408,42.415408,1,1,56.478936,56.478936,1,1,112.4845,112.4845,1,1,124.09564,124.09564,1,1,98.896161,98.896161,1,1,97.341714,97.341714
0b_rotation_best,file,14,baseline_rotation,2827,049.Boat_tailed_Grackle/Boat_Tailed_Grackle_0067_34032.jpg,49,48,049.Boat_tailed_Grackle,29,28,rotation,rotation,0,"{""angle"":-13.413294}",4.0951996,3.2229433,-0.87225628,0.016652422,0.039837632,0.87063444,0.84794027,-0.85398201,-0.80810263,0.045879381,0.78854909,1.0918092,228.686,249.68148,False,0.95324767,True,False,False,0.78854909,1.0918092,228.686,249.68148,0.78321764,1.0945682,224.71809,245.96928,0.95291062,1.0113006,42.415408,42.894728,0.77431348,1.1502386,56.478936,64.964252,0.78201794,1.0567643,112.4845,118.8696,0.7894159,1.1257692,124.09564,139.70304,0.75283108,1.1343982,98.896161,112.18762,0.81535329,1.0297481,97.341714,100.23744
0b_rotation_best,file,14,baseline_rotation,5699,098.Scott_Oriole/Scott_Oriole_0068_795804.jpg,98,97,098.Scott_Oriole,95,94,identity,identity,0,{},0.013371199,0.013371199,0,0.98671782,0.98671782,0.0035617666,0.0035617666,0.98315605,0.98315605,0,1,1,2.6416555,2.6416555,False,1,True,True,True,1,1,2.6416555,2.6416555,1,1,2.6126998,2.6126998,1,1,0.39005592,0.39005592,1,1,0.79507943,0.79507943,1,1,1.1986259,1.1986259,1,1,1.2577343,1.2577343,1,1,1.3151931,1.3151931,1,1,1.2023795,1.2023795
0b_rotation_best,file,14,baseline_rotation,5699,098.Scott_Oriole/Scott_Oriole_0068_795804.jpg,98,97,098.Scott_Oriole,95,94,rotation,rotation,0,"{""angle"":2.6107}",0.013371199,0.00135723,-0.012013969,0.98671782,0.9986437,0.0035617666,0.00028709404,0.98315605,0.9983566,0.015200549,0.89218939,0.11127229,2.6416555,0.29394305,False,0.98964477,True,True,True,0.89218939,0.11127229,2.6416555,0.29394305,0.89001561,0.11117206,2.6126998,0.29045922,0.98660856,0.11567972,0.39005592,0.045121559,0.87243692,0.12074525,0.79507943,0.096002062,0.87770852,0.11157866,1.1986259,0.13374108,0.85370244,0.11466399,1.2577343,0.14421682,0.90565826,0.10800185,1.3151931,0.14204329,0.93892186,0.10614552,1.2023795,0.12762719
0b_rotation_best,file,14,baseline_rotation,8653,148.Green_tailed_Towhee/Green_Tailed_Towhee_0074_154915.jpg,148,147,148.Green_tailed_Towhee,156,155,identity,identity,0,{},0.61108065,0.61108065,0,0.54276401,0.54276401,0.0962722,0.0962722,0.44649181,0.44649181,0,1,1,92.866482,92.866482,False,0.99999994,True,True,True,1,1,92.866482,92.866482,1,1,91.652792,91.652792,1,1,14.964936,14.964936,1,1,14.629704,14.629704,1,1,38.176149,38.176149,1,1,51.307715,51.307715,1,1,45.204292,45.204292,1,1,45.308697,45.308697
0b_rotation_best,file,14,baseline_rotation,8653,148.Green_tailed_Towhee/Green_Tailed_Towhee_0074_154915.jpg,148,147,148.Green_tailed_Towhee,156,155,rotation,rotation,0,"{""angle"":2.924128}",0.61108065,1.7498201,1.1387395,0.54276401,0.17380519,0.0962722,0.20347841,0.44649181,-0.029673219,-0.47616503,0.79870006,2.0380122,92.866482,189.26302,False,0.9672277,False,True,False,0.79870006,2.0380122,92.866482,189.26302,0.79505237,2.0432282,91.652792,187.26757,0.95599103,1.8316673,14.964936,27.410784,0.75348972,2.0754584,14.629704,30.363342,0.71810938,2.0510786,38.176149,78.302283,0.79605673,2.0580848,51.307715,105.59563,0.80337274,2.0814242,45.204292,94.089305,0.84688354,1.9756436,45.308697,89.513838
0b_rotation_best,file,14,baseline_rotation,7111,122.Harris_Sparrow/Harris_Sparrow_0081_116574.jpg,122,121,122.Harris_Sparrow,120,119,identity,identity,0,{},0.070053384,0.070053384,0,0.93234402,0.93234402,0.0098514417,0.0098514417,0.92249258,0.92249258,0,1,1,18.077719,18.077719,False,1,True,True,True,1,1,18.077719,18.077719,1,1,17.975338,17.975338,1,1,1.9212369,1.9212369,1,1,4.1367652,4.1367652,1,1,11.184723,11.184723,1,1,10.314319,10.314319,1,1,6.7563075,6.7563075,1,1,5.3729911,5.3729911
0b_rotation_best,file,14,baseline_rotation,7111,122.Harris_Sparrow/Harris_Sparrow_0081_116574.jpg,122,121,122.Harris_Sparrow,120,119,rotation,rotation,0,"{""angle"":-14.485897}",0.070053384,0.13027413,0.060220748,0.93234402,0.87785476,0.0098514417,0.013768057,0.92249258,0.86408671,-0.058405871,0.82477884,1.7206387,18.077719,31.105222,False,0.97021657,True,True,True,0.82477884,1.7206387,18.077719,31.105222,0.82305322,1.7192587,17.975338,30.904255,0.96792056,1.8374286,1.9212369,3.5301356,0.73884176,1.766653,4.1367652,7.3082288,0.87898359,1.5594442,11.184723,17.441952,0.82879118,1.8007969,10.314319,18.573994,0.74251503,1.832323,6.7563075,12.379738,0.79464033,1.853607,5.3729911,9.9594137
0b_rotation_best,file,14,baseline_rotation,6416,110.Geococcyx/Geococcyx_0106_104216.jpg,110,109,110.Geococcyx,194,193,identity,identity,0,{},0.002521314,0.002521314,0,0.99748188,0.99748188,0.00044586879,0.00044586879,0.99703601,0.99703601,0,1,1,0.30707194,0.30707194,False,1.0000001,True,True,True,1,1,0.30707194,0.30707194,1,1,0.2994076,0.2994076,1,1,0.068178167,0.068178167,1,1,0.054929872,0.054929872,1,1,0.10930175,0.10930175,1,1,0.12616998,0.12616998,1,1,0.14437123,0.14437123,1,1,0.19472758,0.19472758
0b_rotation_best,file,14,baseline_rotation,6416,110.Geococcyx/Geococcyx_0106_104216.jpg,110,109,110.Geococcyx,194,193,rotation,rotation,0,"{""angle"":5.579203}",0.002521314,0.0027739638,0.00025264989,0.99748188,0.99722987,0.00044586879,0.00048606639,0.99703601,0.99674381,-0.00029220604,0.82139868,1.1567475,0.30707194,0.3552047,False,0.98540914,True,True,True,0.82139868,1.1567475,0.30707194,0.3552047,0.812764,1.1551005,0.2994076,0.34584587,0.98361277,1.1880647,0.068178167,0.081000071,0.72011201,1.2195864,0.054929872,0.066991725,0.68092725,1.1893674,0.10930175,0.12999994,0.77379088,1.2526622,0.12616998,0.15804837,0.79438208,1.1359986,0.14437123,0.16400552,0.896846,1.1055315,0.19472758,0.21527747
0b_rotation_best,file,14,baseline_rotation,2343,041.Scissor_tailed_Flycatcher/Scissor_Tailed_Flycatcher_0126_41905.jpg,41,40,041.Scissor_tailed_Flycatcher,91,90,identity,identity,0,{},0.16550207,0.16550207,0,0.84746814,0.84746814,0.056135137,0.056135137,0.791333,0.791333,0,1,1,33.853758,33.853758,False,1.0000001,True,True,True,1,1,33.853758,33.853758,1,1,33.497411,33.497411,1,1,4.8990192,4.8990192,1,1,6.8449334,6.8449334,1,1,13.93226,13.93226,1,1,20.84154,20.84154,1,1,15.857857,15.857857,1,1,13.974053,13.974053
0b_rotation_best,file,14,baseline_rotation,2343,041.Scissor_tailed_Flycatcher/Scissor_Tailed_Flycatcher_0126_41905.jpg,41,40,041.Scissor_tailed_Flycatcher,91,90,rotation,rotation,0,"{""angle"":-8.672316}",0.16550207,0.016412025,-0.14909005,0.84746814,0.98372191,0.056135137,0.0076661636,0.791333,0.97605575,0.18472275,0.69156157,0.10218391,33.853758,3.4593094,False,0.95999169,True,True,True,0.69156157,0.10218391,33.853758,3.4593094,0.68544477,0.10173068,33.497411,3.4077145,0.94166414,0.12150069,4.8990192,0.59523421,0.51737588,0.13842622,6.8449334,0.94751824,0.59299098,0.1168853,13.93226,1.6284764,0.75681839,0.088841842,20.84154,1.8516008,0.64456769,0.095743368,15.857857,1.5182846,0.78347076,0.10921416,13.974053,1.5261645
0b_rotation_best,file,14,baseline_rotation,7633,131.Vesper_Sparrow/Vesper_Sparrow_0087_125712.jpg,131,130,131.Vesper_Sparrow,125,124,identity,identity,0,{},1.1104872,1.1104872,0,0.32939845,0.32939845,0.19421868,0.19421868,0.13517977,0.13517977,0,1,1,136.61301,136.61301,False,1,True,True,True,1,1,136.61301,136.61301,1,1,135.24826,135.24826,1,1,19.261904,19.261904,1,1,29.019792,29.019792,1,1,66.372957,66.372957,1,1,87.054589,87.054589,1,1,55.776088,55.776088,1,1,48.529385,48.529385
0b_rotation_best,file,14,baseline_rotation,7633,131.Vesper_Sparrow/Vesper_Sparrow_0087_125712.jpg,131,130,131.Vesper_Sparrow,125,124,rotation,rotation,0,"{""angle"":8.957027}",1.1104872,2.385586,1.2750988,0.32939845,0.092035025,0.19421868,0.58172989,0.13517977,-0.48969486,-0.62487464,0.84514263,1.6205254,136.61301,221.38485,False,0.96052623,False,True,False,0.84514263,1.6205254,136.61301,221.38485,0.84368639,1.6202437,135.24826,219.13515,0.91634946,1.6343524,19.261904,31.480739,0.9107249,1.5552341,29.019792,45.13257,0.82584016,1.5541468,66.372957,103.15332,0.88898992,1.6908346,87.054589,147.19491,0.78084557,1.6086834,55.776088,89.726064,0.78534818,1.5455308,48.529385,75.003656
0b_rotation_best,file,14,baseline_rotation,1571,028.Brown_Creeper/Brown_Creeper_0115_24488.jpg,28,27,028.Brown_Creeper,188,187,identity,identity,0,{},0.0038438973,0.0038438973,0,0.99616349,0.99616349,0.0029464611,0.0029464611,0.99321703,0.99321703,0,1,1,0.93385932,0.93385932,False,1,True,True,True,1,1,0.93385932,0.93385932,1,1,0.91893952,0.91893952,1,1,0.166263,0.166263,1,1,0.34500015,0.34500015,1,1,0.43312049,0.43312049,1,1,0.48051167,0.48051167,1,1,0.4070053,0.4070053,1,1,0.37588109,0.37588109
0b_rotation_best,file,14,baseline_rotation,1571,028.Brown_Creeper/Brown_Creeper_0115_24488.jpg,28,27,028.Brown_Creeper,188,187,rotation,rotation,0,"{""angle"":-5.406787}",0.0038438973,0.01288305,0.0090391531,0.99616349,0.9871996,0.0029464611,0.011029393,0.99321703,0.97617021,-0.017046815,0.88297787,3.2247306,0.93385932,3.0114447,False,0.98203307,True,True,True,0.88297787,3.2247306,0.93385932,3.0114447,0.87966687,3.2184449,0.91893952,2.9575562,0.97985134,3.4111687,0.166263,0.56715113,0.90213944,3.1622693,0.34500015,1.0909834,0.88983737,3.2270188,0.43312049,1.397688,0.87771881,3.2935047,0.48051167,1.5825675,0.85030334,3.0780532,0.4070053,1.252784,0.88529134,3.2900803,0.37588109,1.236679
0b_rotation_best,file,14,baseline_rotation,1952,035.Purple_Finch/Purple_Finch_0102_27308.jpg,35,34,035.Purple_Finch,56,55,identity,identity,0,{},0.011501081,0.011501081,0,0.98856479,0.98856479,0.0061214068,0.0061214068,0.98244338,0.98244338,0,1,1,2.1144888,2.1144888,False,1,True,True,True,1,1,2.1144888,2.1144888,1,1,2.0736725,2.0736725,1,1,0.41345525,0.41345525,1,1,0.44573942,0.44573942,1,1,0.96406264,0.96406264,1,1,1.1133582,1.1133582,1,1,0.94527965,0.94527965,1,1,1.019263,1.019263
0b_rotation_best,file,14,baseline_rotation,1952,035.Purple_Finch/Purple_Finch_0102_27308.jpg,35,34,035.Purple_Finch,56,55,rotation,rotation,0,"{""angle"":9.007274}",0.011501081,0.0080663394,-0.0034347419,0.98856479,0.99196613,0.0061214068,0.0023706497,0.98244338,0.98959548,0.0071520961,0.80440372,0.70625617,2.1144888,1.4933707,False,0.98694086,True,True,True,0.80440372,0.70625617,2.1144888,1.4933707,0.79884892,0.70647414,2.0736725,1.464996,0.9453014,0.70075081,0.41345525,0.28972911,0.67127841,0.76830512,0.44573942,0.34246388,0.74747321,0.65213168,0.96406264,0.62869578,0.79927382,0.72767265,1.1133582,0.81016033,0.79729995,0.70768082,0.94527965,0.66895627,0.87101478,0.71412507,1.019263,0.72788123
0b_rotation_best,file,14,baseline_rotation,8012,137.Cliff_Swallow/Cliff_Swallow_0071_133742.jpg,137,136,137.Cliff_Swallow,135,134,identity,identity,0,{},0.064247064,0.064247064,0,0.93777329,0.93777329,0.041206293,0.041206293,0.89656699,0.89656699,0,1,1,10.120679,10.120679,False,0.99999988,True,True,True,1,1,10.120679,10.120679,1,1,9.809566,9.809566,1,1,2.490091,2.490091,1,1,2.4951767,2.4951767,1,1,4.3250938,4.3250938,1,1,5.1875539,5.1875539,1,1,4.8181067,4.8181067,1,1,4.6011276,4.6011276
0b_rotation_best,file,14,baseline_rotation,8012,137.Cliff_Swallow/Cliff_Swallow_0071_133742.jpg,137,136,137.Cliff_Swallow,135,134,rotation,rotation,0,"{""angle"":-10.633153}",0.064247064,0.07325121,0.0090041459,0.93777329,0.9293673,0.041206293,0.0067973598,0.89656699,0.92256994,0.02600295,0.45120865,1.220257,10.120679,12.349829,False,0.9772014,True,True,True,0.45120865,1.220257,10.120679,12.349829,0.42894332,1.2158759,9.809566,11.927215,0.77849194,1.2863355,2.490091,3.2030924,0.45041565,1.1575648,2.4951767,2.8883286,0.43895037,1.424507,4.3250938,6.1611264,0.38905996,1.1967056,5.1875539,6.2079748,0.42425107,1.102435,4.8181067,5.3116497,0.47685335,1.1745099,4.6011276,5.4040701
0b_rotation_best,file,14,baseline_rotation,11532,196.House_Wren/House_Wren_0094_187226.jpg,196,195,196.House_Wren,153,152,identity,identity,0,{},0.063570276,0.063570276,0,0.9384082,0.9384082,0.020722669,0.020722669,0.91768553,0.91768553,0,1,1,16.165365,16.165365,False,1,True,True,True,1,1,16.165365,16.165365,1,1,16.048557,16.048557,1,1,1.9398076,1.9398076,1,1,4.5183485,4.5183485,1,1,10.363185,10.363185,1,1,8.3990899,8.3990899,1,1,5.7194073,5.7194073,1,1,5.1467244,5.1467244
0b_rotation_best,file,14,baseline_rotation,11532,196.House_Wren/House_Wren_0094_187226.jpg,196,195,196.House_Wren,153,152,rotation,rotation,0,"{""angle"":5.384722}",0.063570276,0.080005772,0.016435497,0.9384082,0.92311102,0.020722669,0.023012195,0.91768553,0.90009883,-0.017586701,0.89519882,1.0680722,16.165365,17.265777,False,0.9812451,True,True,True,0.89519882,1.0680722,16.165365,17.265777,0.89410802,1.0641732,16.048557,17.078445,0.97468284,1.3075981,1.9398076,2.5364888,0.9396984,1.0266624,4.5183485,4.6388183,0.91558596,0.99948978,10.363185,10.357898,0.87850459,1.0671984,8.3990899,8.9634949,0.85148878,1.1640559,5.7194073,6.6577099,0.89670735,1.2008715,5.1467244,6.1805549
0b_rotation_best,file,14,baseline_rotation,8107,139.Scarlet_Tanager/Scarlet_Tanager_0093_138250.jpg,139,138,139.Scarlet_Tanager,140,139,identity,identity,0,{},1.7889541,1.7889541,0,0.16713487,0.16713487,0.8224839,0.8224839,-0.65534903,-0.65534903,0,1,1,198.07045,198.07045,False,0.99999994,True,False,False,1,1,198.07045,198.07045,1,1,194.88776,194.88776,1,1,35.364757,35.364757,1,1,45.78002,45.78002,1,1,81.052504,81.052504,1,1,104.39597,104.39597,1,1,105.1924,105.1924,1,1,85.743571,85.743571
0b_rotation_best,file,14,baseline_rotation,8107,139.Scarlet_Tanager/Scarlet_Tanager_0093_138250.jpg,139,138,139.Scarlet_Tanager,140,139,rotation,rotation,0,"{""angle"":2.324345}",1.7889541,2.5279653,0.73901117,0.16713487,0.079821274,0.8224839,0.9168117,-0.65534903,-0.83699043,-0.1816414,0.89403697,1.1979558,198.07045,237.27964,False,0.99150932,True,False,False,0.89403697,1.1979558,198.07045,237.27964,0.89099377,1.1995818,194.88776,233.78381,0.99150619,1.1474788,35.364757,40.580307,0.88200619,1.2936853,45.78002,59.224941,0.83443404,1.2724412,81.052504,103.13455,0.8811399,1.201054,104.39597,125.3852,0.91375965,1.1746503,105.1924,123.56429,0.93438201,1.1379909,85.743571,97.575402
0b_rotation_best,file,14,baseline_rotation,7871,135.Bank_Swallow/Bank_Swallow_0068_129806.jpg,135,134,135.Bank_Swallow,137,136,identity,identity,0,{},1.3815056,1.3815056,0,0.25120005,0.25120005,0.235209,0.235209,0.015991047,0.015991047,0,1,1,88.561875,88.561875,False,1,True,True,True,1,1,88.561875,88.561875,1,1,85.165453,85.165453,1,1,24.290972,24.290972,1,1,18.498015,18.498015,1,1,35.751539,35.751539,1,1,43.115218,43.115218,1,1,40.6781,40.6781,1,1,46.034503,46.034503
0b_rotation_best,file,14,baseline_rotation,7871,135.Bank_Swallow/Bank_Swallow_0068_129806.jpg,135,134,135.Bank_Swallow,137,136,rotation,rotation,0,"{""angle"":3.737606}",1.3815056,1.3302866,-0.051218987,0.25120005,0.26440147,0.235209,0.20879228,0.015991047,0.055609182,0.039618134,0.88139223,1.0075488,88.561875,89.230412,False,0.99218148,True,True,True,0.88139223,1.0075488,88.561875,89.230412,0.87236884,1.0063067,85.165453,85.702563,0.99064027,1.0226946,24.290972,24.842247,0.84162,1.0543912,18.498015,19.504144,0.85291404,0.96092252,35.751539,34.354459,0.86441114,1.0033982,43.115218,43.261732,0.85632221,1.0190927,40.6781,41.454754,0.90882615,1.0175508,46.034503,46.842446
0b_rotation_best,file,14,baseline_rotation,1027,019.Gray_Catbird/Gray_Catbird_0063_20707.jpg,19,18,019.Gray_Catbird,93,92,identity,identity,0,{},0.034293007,0.034293007,0,0.96628833,0.96628833,0.0053170701,0.0053170701,0.96097126,0.96097126,0,1,1,5.185098,5.185098,False,0.99999994,True,True,True,1,1,5.185098,5.185098,1,1,5.0877682,5.0877682,1,1,0.99992825,0.99992825,1,1,1.3577531,1.3577531,1,1,2.663707,2.663707,1,1,2.5048062,2.5048062,1,1,2.1769533,2.1769533,1,1,2.4358524,2.4358524
0b_rotation_best,file,14,baseline_rotation,1027,019.Gray_Catbird/Gray_Catbird_0063_20707.jpg,19,18,019.Gray_Catbird,93,92,rotation,rotation,0,"{""angle"":12.463057}",0.034293007,0.0091637028,-0.025129304,0.96628833,0.99087816,0.0053170701,0.0012590652,0.96097126,0.9896191,0.028647841,0.78727875,0.33378059,5.185098,1.7306851,False,0.97167349,True,True,True,0.78727875,0.33378059,5.185098,1.7306851,0.78223237,0.33495194,5.0877682,1.7041578,0.93635394,0.30187748,0.99992825,0.30185582,0.80334582,0.3306122,1.3577531,0.44888972,0.85500933,0.35724009,2.663707,0.95158294,0.78550816,0.35055132,2.5048062,0.87806312,0.68542731,0.3241673,2.1769533,0.70569708,0.75965918,0.29834791,2.4358524,0.72673147
0b_rotation_best,file,14,baseline_rotation,3069,053.Western_Grebe/Western_Grebe_0061_36181.jpg,53,52,053.Western_Grebe,51,50,identity,identity,0,{},0.0012304363,0.0012304363,0,0.9987703,0.9987703,0.00082102593,0.00082102593,0.99794927,0.99794927,0,1,1,0.27564536,0.27564536,False,0.99999994,True,True,True,1,1,0.27564536,0.27564536,1,1,0.27159805,0.27159805,1,1,0.0470623,0.0470623,1,1,0.060131286,0.060131286,1,1,0.11926684,0.11926684,1,1,0.13442987,0.13442987,1,1,0.13948279,0.13948279,1,1,0.13564039,0.13564039
0b_rotation_best,file,14,baseline_rotation,3069,053.Western_Grebe/Western_Grebe_0061_36181.jpg,53,52,053.Western_Grebe,51,50,rotation,rotation,0,"{""angle"":13.504198}",0.0012304363,0.0025474736,0.0013170374,0.9987703,0.99745578,0.00082102593,0.0019033834,0.99794927,0.99555239,-0.0023968783,0.78130748,2.1383923,0.27564536,0.5894379,False,0.98456812,True,True,True,0.78130748,2.1383923,0.27564536,0.5894379,0.77521021,2.1378445,0.27159805,0.5806344,0.98264272,2.1565577,0.0470623,0.10149257,0.55040419,1.7243458,0.060131286,0.10368713,0.77845842,1.9841105,0.11926684,0.23663859,0.77773396,2.2785537,0.13442987,0.30630569,0.76728546,2.2082772,0.13948279,0.30801666,0.82177077,2.1071502,0.13564039,0.28581467
0b_rotation_best,file,14,baseline_rotation,9721,166.Golden_winged_Warbler/Golden_Winged_Warbler_0030_164462.jpg,166,165,166.Golden_winged_Warbler,171,170,identity,identity,0,{},0.23734806,0.23734806,0,0.78871673,0.78871673,0.10208784,0.10208784,0.68662889,0.68662889,0,1,1,30.473028,30.473028,False,1,True,True,True,1,1,30.473028,30.473028,1,1,29.970066,29.970066,1,1,5.5136729,5.5136729,1,1,4.724835,4.724835,1,1,10.420844,10.420844,1,1,15.469605,15.469605,1,1,16.495267,16.495267,1,1,15.996383,15.996383
0b_rotation_best,file,14,baseline_rotation,9721,166.Golden_winged_Warbler/Golden_Winged_Warbler_0030_164462.jpg,166,165,166.Golden_winged_Warbler,171,170,rotation,rotation,0,"{""angle"":1.399548}",0.23734806,0.31798467,0.080636606,0.78871673,0.72761393,0.10208784,0.13550216,0.68662889,0.59211177,-0.094517127,0.89343818,1.3123858,30.473028,39.992369,False,0.99178934,True,True,True,0.89343818,1.3123858,30.473028,39.992369,0.89025091,1.3138406,29.970066,39.375889,0.99149238,1.2686504,5.5136729,6.9949234,0.80236621,1.8368116,4.724835,8.6786317,0.81950529,1.3349293,10.420844,13.91109,0.87123527,1.3421875,15.469605,20.763111,0.90426434,1.2523706,16.495267,20.658188,0.94416476,1.2868744,15.996383,20.585335
0b_rotation_best,file,14,baseline_rotation,9988,170.Mourning_Warbler/Mourning_Warbler_0051_795352.jpg,170,169,170.Mourning_Warbler,98,97,identity,identity,0,{},1.2653779,1.2653779,0,0.28213269,0.28213269,0.2107958,0.2107958,0.07133688,0.07133688,0,1,1,88.603165,88.603165,False,1,True,True,True,1,1,88.603165,88.603165,1,1,86.755697,86.755697,1,1,17.99916,17.99916,1,1,16.011692,16.011692,1,1,39.351718,39.351718,1,1,43.787837,43.787837,1,1,41.392529,41.392529,1,1,45.726391,45.726391
0b_rotation_best,file,14,baseline_rotation,9988,170.Mourning_Warbler/Mourning_Warbler_0051_795352.jpg,170,169,170.Mourning_Warbler,98,97,rotation,rotation,0,"{""angle"":11.115744}",1.2653779,1.1784873,-0.086890578,0.28213269,0.30774394,0.2107958,0.38039303,0.07133688,-0.072649091,-0.14398597,0.82541886,1.2036796,88.603165,106.64982,False,0.98001796,False,True,False,0.82541886,1.2036796,88.603165,106.64982,0.82033983,1.2071827,86.755697,104.72997,0.95496391,1.1192127,17.99916,20.144889,0.86653649,1.1750575,16.011692,18.81466,0.85440246,1.3207981,39.351718,51.975675,0.82571,1.269883,43.787837,55.60543,0.77148191,1.1479262,41.392529,47.515569,0.82812399,1.1071981,45.726391,50.628171
0b_rotation_best,file,14,baseline_rotation,5099,088.Western_Meadowlark/Western_Meadowlark_0098_78382.jpg,88,87,088.Western_Meadowlark,169,168,identity,identity,0,{},0.035237927,0.035237927,0,0.96537572,0.96537572,0.0058457693,0.0058457693,0.95952995,0.95952995,0,1,1,4.7475292,4.7475292,False,1,True,True,True,1,1,4.7475292,4.7475292,1,1,4.6526105,4.6526105,1,1,0.94458949,0.94458949,1,1,0.69608227,0.69608227,1,1,1.7606001,1.7606001,1,1,2.3105509,2.3105509,1,1,2.2114506,2.2114506,1,1,2.798818,2.798818
0b_rotation_best,file,14,baseline_rotation,5099,088.Western_Meadowlark/Western_Meadowlark_0098_78382.jpg,88,87,088.Western_Meadowlark,169,168,rotation,rotation,0,"{""angle"":5.97511}",0.035237927,0.070708141,0.035470214,0.96537572,0.93173379,0.0058457693,0.013224421,0.95952995,0.91850937,-0.041020586,0.82588934,1.7598672,4.7475292,8.355021,False,0.98022294,True,True,True,0.82588934,1.7598672,4.7475292,8.355021,0.81934929,1.7464583,4.6526105,8.1255902,0.97116764,2.0585881,0.94458949,1.9445207,0.81490627,1.8595037,0.69608227,1.2943676,0.7638664,1.607622,1.7606001,2.8303795,0.80773861,1.7104244,2.3105509,3.9520227,0.78048415,1.6911744,2.2114506,3.7399485,0.87098715,1.8473528,2.798818,5.1704044
0b_rotation_best,file,14,baseline_rotation,10420,177.Prothonotary_Warbler/Prothonotary_Warbler_0082_173970.jpg,177,176,177.Prothonotary_Warbler,180,179,identity,identity,0,{},0.094455644,0.094455644,0,0.90986806,0.90986806,0.0092466576,0.0092466576,0.9006214,0.9006214,0,1,1,10.3873,10.3873,False,1.0000001,True,True,True,1,1,10.3873,10.3873,1,1,10.171837,10.171837,1,1,2.1046904,2.1046904,1,1,2.2065295,2.2065295,1,1,4.5080999,4.5080999,1,1,5.2418052,5.2418052,1,1,4.8760879,4.8760879,1,1,5.1982476,5.1982476
0b_rotation_best,file,14,baseline_rotation,10420,177.Prothonotary_Warbler/Prothonotary_Warbler_0082_173970.jpg,177,176,177.Prothonotary_Warbler,180,179,rotation,rotation,0,"{""angle"":12.16329}",0.094455644,0.40949667,0.31504102,0.90986806,0.66398436,0.0092466576,0.015316571,0.9006214,0.64866779,-0.25195362,0.70073313,3.9756605,10.3873,41.296377,False,0.96011293,True,True,True,0.70073313,3.9756605,10.3873,41.296377,0.69064981,3.9868754,10.171837,40.553847,0.95605909,3.7040649,2.1046904,7.79591,0.41518901,5.3301275,2.2065295,11.761083,0.65623299,4.0597827,4.5080999,18.301906,0.7042995,3.7533432,5.2418052,19.674294,0.6954628,4.0023749,4.8760879,19.515932,0.77741444,3.8636825,5.1982476,20.084378
0b_rotation_best,file,14,baseline_rotation,3164,055.Evening_Grosbeak/Evening_Grosbeak_0069_37684.jpg,55,54,055.Evening_Grosbeak,133,132,identity,identity,0,{},0.00033456451,0.00033456451,0,0.9996655,0.9996655,8.1657417e-05,8.1657417e-05,0.99958384,0.99958384,0,1,1,0.049454136,0.049454136,False,0.99999994,True,True,True,1,1,0.049454136,0.049454136,1,1,0.047939213,0.047939213,1,1,0.012146747,0.012146747,1,1,0.0096985062,0.0096985062,1,1,0.016239437,0.016239437,1,1,0.02205719,0.02205719,1,1,0.023369044,0.023369044,1,1,0.030128988,0.030128988
0b_rotation_best,file,14,baseline_rotation,3164,055.Evening_Grosbeak/Evening_Grosbeak_0069_37684.jpg,55,54,055.Evening_Grosbeak,133,132,rotation,rotation,0,"{""angle"":-5.645089}",0.00033456451,0.00021538799,-0.00011917652,0.9996655,0.99978465,8.1657417e-05,4.1845404e-05,0.99958384,0.9997428,0.0001589617,0.84848981,0.63868444,0.049454136,0.031585587,False,0.99424696,True,True,True,0.84848981,0.63868444,0.049454136,0.031585587,0.83916142,0.63787554,0.047939213,0.030579251,0.99099679,0.65115437,0.012146747,0.0079094074,0.66489364,0.65786195,0.0096985062,0.0063802782,0.80459881,0.69278057,0.016239437,0.011250366,0.80870672,0.62251887,0.02205719,0.013731017,0.80023342,0.62208167,0.023369044,0.014537454,0.90882542,0.63664908,0.030128988,0.019181593
0b_rotation_best,file,14,baseline_rotation,8053,138.Tree_Swallow/Tree_Swallow_0030_134942.jpg,138,137,138.Tree_Swallow,111,110,identity,identity,0,{},0.91358137,0.91358137,0,0.4010852,0.4010852,0.065278374,0.065278374,0.33580682,0.33580682,0,1,1,104.76456,104.76456,False,1,True,True,True,1,1,104.76456,104.76456,1,1,103.56737,103.56737,1,1,15.792813,15.792813,1,1,21.343891,21.343891,1,1,45.219736,45.219736,1,1,58.931401,58.931401,1,1,49.033116,49.033116,1,1,48.462946,48.462946
0b_rotation_best,file,14,baseline_rotation,8053,138.Tree_Swallow/Tree_Swallow_0030_134942.jpg,138,137,138.Tree_Swallow,111,110,rotation,rotation,0,"{""angle"":-6.165752}",0.91358137,0.59441531,-0.31916606,0.4010852,0.55188513,0.065278374,0.020371323,0.33580682,0.5315138,0.19570698,0.87314952,0.66759725,104.76456,69.940531,False,0.98050392,True,True,True,0.87314952,0.66759725,104.76456,69.940531,0.87068669,0.66456238,103.56737,68.826977,0.97477169,0.78711843,15.792813,12.430814,0.87796508,0.75834694,21.343891,16.186074,0.88521257,0.6220109,45.219736,28.127169,0.88646371,0.64260177,58.931401,37.869422,0.83892017,0.68392238,49.033116,33.534846,0.87311504,0.69220292,48.462946,33.546193
0b_rotation_best,file,14,baseline_rotation,8498,145.Elegant_Tern/Elegant_Tern_0004_150948.jpg,145,144,145.Elegant_Tern,147,146,identity,identity,0,{},2.6110322,2.6110322,0,0.073458672,0.073458672,0.81031632,0.81031632,-0.73685765,-0.73685765,0,1,1,164.5745,164.5745,False,1,True,False,False,1,1,164.5745,164.5745,1,1,160.59227,160.59227,1,1,35.984579,35.984579,1,1,46.394979,46.394979,1,1,84.093809,84.093809,1,1,76.52327,76.52327,1,1,68.74177,68.74177,1,1,77.358721,77.358721
0b_rotation_best,file,14,baseline_rotation,8498,145.Elegant_Tern/Elegant_Tern_0004_150948.jpg,145,144,145.Elegant_Tern,147,146,rotation,rotation,0,"{""angle"":3.604861}",2.6110322,2.0917838,-0.51924849,0.073458672,0.1234667,0.81031632,0.66873717,-0.73685765,-0.54527047,0.19158718,0.85606492,0.86194941,164.5745,141.85489,False,0.98500323,True,False,False,0.85606492,0.86194941,164.5745,141.85489,0.84942476,0.85958045,160.59227,138.04197,0.98249719,0.9078444,35.984579,32.668398,0.8513306,0.77596647,46.394979,36.000948,0.86563104,0.78014919,84.093809,65.605716,0.81667921,0.85567552,76.52327,65.479089,0.83146896,0.95906197,68.74177,65.927618,0.88847562,0.89759285,77.358721,69.436634
0b_rotation_best,file,14,baseline_rotation,6675,115.Brewer_Sparrow/Brewer_Sparrow_0046_796696.jpg,115,114,115.Brewer_Sparrow,117,116,identity,identity,0,{},0.24086012,0.24086012,0,0.78595155,0.78595155,0.094648473,0.094648473,0.69130308,0.69130308,0,1,1,39.986918,39.986918,False,0.99999994,True,True,True,1,1,39.986918,39.986918,1,1,39.376772,39.376772,1,1,6.9586944,6.9586944,1,1,10.246487,10.246487,1,1,20.158054,20.158054,1,1,22.319798,22.319798,1,1,17.502626,17.502626,1,1,15.319179,15.319179
0b_rotation_best,file,14,baseline_rotation,6675,115.Brewer_Sparrow/Brewer_Sparrow_0046_796696.jpg,115,114,115.Brewer_Sparrow,117,116,rotation,rotation,0,"{""angle"":-0.365811}",0.24086012,0.13872872,-0.1021314,0.78595155,0.87046415,0.094648473,0.094774701,0.69130308,0.77568945,0.084386364,0.8980828,0.61101734,39.986918,24.4327,False,0.99212039,True,True,True,0.8980828,0.61101734,39.986918,24.4327,0.89610857,0.60752188,39.376772,23.922251,0.96318367,0.71395209,6.9586944,4.9681744,0.85338353,0.59943739,10.246487,6.1421271,0.88904489,0.58084057,20.158054,11.708615,0.90216109,0.60613545,22.319798,13.528821,0.89946184,0.62094322,17.502626,10.868137,0.9116738,0.6406238,15.319179,9.8138308
0b_rotation_best,file,14,baseline_rotation,5635,097.Orchard_Oriole/Orchard_Oriole_0080_91417.jpg,97,96,097.Orchard_Oriole,16,15,identity,identity,0,{},0.15188532,0.15188532,0,0.85908681,0.85908681,0.038019374,0.038019374,0.82106744,0.82106744,0,1,1,20.182229,20.182229,False,1.0000001,True,True,True,1,1,20.182229,20.182229,1,1,19.867402,19.867402,1,1,3.5508731,3.5508731,1,1,4.4372308,4.4372308,1,1,9.1689608,9.1689608,1,1,10.610189,10.610189,1,1,9.4298574,9.4298574,1,1,9.4581443,9.4581443
0b_rotation_best,file,14,baseline_rotation,5635,097.Orchard_Oriole/Orchard_Oriole_0080_91417.jpg,97,96,097.Orchard_Oriole,16,15,rotation,rotation,0,"{""angle"":-10.552573}",0.15188532,0.066029325,-0.085855991,0.85908681,0.9361034,0.038019374,0.0027035936,0.82106744,0.93339981,0.11233237,0.71582015,0.47499729,20.182229,9.5865042,False,0.95784175,True,True,True,0.71582015,0.47499729,20.182229,9.5865042,0.70948701,0.4757113,19.867402,9.4511478,0.92534627,0.45207539,3.5508731,1.6052624,0.78809932,0.6319222,4.4372308,2.8039846,0.6988834,0.50308733,9.1689608,4.612788,0.7125122,0.45322696,10.610189,4.8088238,0.66681815,0.45755025,9.4298574,4.3146336,0.74771882,0.45405894,9.4581443,4.294555
0b_rotation_best,file,14,baseline_rotation,2888,050.Eared_Grebe/Eared_Grebe_0004_34277.jpg,50,49,050.Eared_Grebe,52,51,identity,identity,0,{},2.524029,2.524029,0,0.080136083,0.080136083,0.71242058,0.71242058,-0.6322845,-0.6322845,0,1,1,155.85332,155.85332,False,0.99999994,True,False,False,1,1,155.85332,155.85332,1,1,151.86283,151.86283,1,1,35.04194,35.04194,1,1,29.481697,29.481697,1,1,68.548501,68.548501,1,1,77.600831,77.600831,1,1,73.133032,73.133032,1,1,78.255503,78.255503
0b_rotation_best,file,14,baseline_rotation,2888,050.Eared_Grebe/Eared_Grebe_0004_34277.jpg,50,49,050.Eared_Grebe,52,51,rotation,rotation,0,"{""angle"":2.899181}",2.524029,2.1201587,-0.40387034,0.080136083,0.12001258,0.71242058,0.67644703,-0.6322845,-0.55643445,0.075850047,0.83963263,1.1059054,155.85332,172.35902,False,0.98707592,True,False,False,0.83963263,1.1059054,155.85332,172.35902,0.83310972,1.1124997,151.86283,168.94735,0.9867135,0.97379507,35.04194,34.123668,0.77432024,1.2201789,29.481697,35.972944,0.83394758,1.0993256,68.548501,75.357121,0.78831308,1.166587,77.600831,90.52812,0.83070435,1.1403802,73.133032,83.39946,0.89971823,1.0238605,78.255503,80.122715
0b_rotation_best,file,14,baseline_rotation,3761,065.Slaty_backed_Gull/Slaty_Backed_Gull_0032_796046.jpg,65,64,065.Slaty_backed_Gull,45,44,identity,identity,0,{},0.3174037,0.3174037,0,0.72803676,0.72803676,0.062452905,0.062452905,0.66558386,0.66558386,0,1,1,59.588207,59.588207,False,1,True,True,True,1,1,59.588207,59.588207,1,1,58.694938,58.694938,1,1,10.279043,10.279043,1,1,11.35519,11.35519,1,1,26.909303,26.909303,1,1,30.470819,30.470819,1,1,27.167916,27.167916,1,1,30.421675,30.421675
0b_rotation_best,file,14,baseline_rotation,3761,065.Slaty_backed_Gull/Slaty_Backed_Gull_0032_796046.jpg,65,64,065.Slaty_backed_Gull,45,44,rotation,rotation,0,"{""angle"":-14.965887}",0.3174037,0.089069776,-0.22833393,0.72803676,0.91478175,0.062452905,0.034529615,0.66558386,0.88025213,0.21466828,0.79142405,0.2977836,59.588207,17.744391,False,0.96168923,True,True,True,0.79142405,0.2977836,59.588207,17.744391,0.78698066,0.29675354,58.694938,17.417931,0.9260856,0.32961059,10.279043,3.3880815,0.80041641,0.30141057,11.35519,3.4225742,0.82929323,0.29109447,26.909303,7.8331493,0.82579386,0.30012153,30.470819,9.1449486,0.71595608,0.30849521,27.167916,8.3811719,0.77271876,0.2873898,30.421675,8.7428791
0b_rotation_best,file,14,baseline_rotation,4768,082.Ringed_Kingfisher/Ringed_Kingfisher_0026_72867.jpg,82,81,082.Ringed_Kingfisher,79,78,identity,identity,0,{},0.0098902425,0.0098902425,0,0.9901585,0.9901585,0.0016244939,0.0016244939,0.988534,0.988534,0,1,1,1.2188376,1.2188376,False,1.0000001,True,True,True,1,1,1.2188376,1.2188376,1,1,1.1886869,1.1886869,1,1,0.26942255,0.26942255,1,1,0.25062246,0.25062246,1,1,0.47035023,0.47035023,1,1,0.57086222,0.57086222,1,1,0.60809315,0.60809315,1,1,0.65823606,0.65823606
0b_rotation_best,file,14,baseline_rotation,4768,082.Ringed_Kingfisher/Ringed_Kingfisher_0026_72867.jpg,82,81,082.Ringed_Kingfisher,79,78,rotation,rotation,0,"{""angle"":-5.062479}",0.0098902425,0.011108695,0.0012184521,0.9901585,0.98895276,0.0016244939,0.00086231262,0.988534,0.98809044,-0.00044356112,0.78927344,1.1181666,1.2188376,1.3628635,False,0.98141664,True,True,True,0.78927344,1.1181666,1.2188376,1.3628635,0.7804466,1.1219711,1.1886869,1.3336724,0.97649191,1.0413434,0.26942255,0.28056139,0.72134873,1.106541,0.25062246,0.27732404,0.72559722,1.0364118,0.47035023,0.48747652,0.76479803,1.1030321,0.57086222,0.62967935,0.75714146,1.1755592,0.60809315,0.71484952,0.84853431,1.1334524,0.65823606,0.74607922
0b_rotation_best,file,14,baseline_rotation,2152,038.Great_Crested_Flycatcher/Great_Crested_Flycatcher_0136_29490.jpg,38,37,038.Great_Crested_Flycatcher,32,31,identity,identity,0,{},2.3550882,2.3550882,0,0.094885148,0.094885148,0.11780766,0.11780766,-0.022922508,-0.022922508,0,1,1,146.40742,146.40742,False,1,True,False,False,1,1,146.40742,146.40742,1,1,143.8505,143.8505,1,1,27.242717,27.242717,1,1,43.855621,43.855621,1,1,61.21642,61.21642,1,1,77.532908,77.532908,1,1,69.099637,69.099637,1,1,65.085254,65.085254
0b_rotation_best,file,14,baseline_rotation,2152,038.Great_Crested_Flycatcher/Great_Crested_Flycatcher_0136_29490.jpg,38,37,038.Great_Crested_Flycatcher,32,31,rotation,rotation,0,"{""angle"":-4.268931}",2.3550882,2.2413673,-0.11372089,0.094885148,0.10631304,0.11780766,0.1162283,-0.022922508,-0.009915255,0.013007253,0.85232928,1.0063209,146.40742,147.33284,False,0.98486513,True,False,False,0.85232928,1.0063209,146.40742,147.33284,0.8479879,1.0082706,143.8505,145.04023,0.98219565,0.95035054,27.242717,25.890131,0.87445675,1.093812,43.855621,47.969807,0.84616729,0.97567428,61.21642,59.727287,0.83966584,1.0002201,77.532908,77.549976,0.81958428,1.0023059,69.099637,69.258976,0.88169923,1.0142189,65.085254,66.010696
0b_rotation_best,file,14,baseline_rotation,4699,081.Pied_Kingfisher/Pied_Kingfisher_0106_71404.jpg,81,80,081.Pied_Kingfisher,79,78,identity,identity,0,{},0.0069805556,0.0069805556,0,0.99304378,0.99304378,0.0038895756,0.0038895756,0.9891542,0.9891542,0,1,1,1.5519237,1.5519237,False,1,True,True,True,1,1,1.5519237,1.5519237,1,1,1.5326071,1.5326071,1,1,0.24409513,0.24409513,1,1,0.54473903,0.54473903,1,1,0.76269384,0.76269384,1,1,0.75822259,0.75822259,1,1,0.67199996,0.67199996,1,1,0.66630077,0.66630077
0b_rotation_best,file,14,baseline_rotation,4699,081.Pied_Kingfisher/Pied_Kingfisher_0106_71404.jpg,81,80,081.Pied_Kingfisher,79,78,rotation,rotation,0,"{""angle"":-7.596268}",0.0069805556,0.012580912,0.005600356,0.99304378,0.98749793,0.0038895756,0.005881405,0.9891542,0.98161652,-0.0075376839,0.86806808,1.882238,1.5519237,2.9210898,False,0.98389155,True,True,True,0.86806808,1.882238,1.5519237,2.9210898,0.86559641,1.8864923,1.5326071,2.8912516,0.98010052,1.7060939,0.24409513,0.41644921,0.93125264,1.9294615,0.54473903,1.051053,0.86416514,1.7790231,0.76269384,1.3568499,0.84090155,1.9879853,0.75822259,1.5073354,0.83849133,1.9377219,0.67199996,1.302149,0.89032236,1.8046926,0.66630077,1.2024681
0b_rotation_best,file,14,baseline_rotation,1229,022.Chuck_will_Widow/Chuck_Will_Widow_0050_22750.jpg,22,21,022.Chuck_will_Widow,105,104,identity,identity,0,{},0.80299324,0.80299324,0,0.44798601,0.44798601,0.46491307,0.46491307,-0.016927063,-0.016927063,0,1,1,97.369193,97.369193,False,1.0000001,True,False,False,1,1,97.369193,97.369193,1,1,95.420119,95.420119,1,1,19.384546,19.384546,1,1,14.307619,14.307619,1,1,42.5311,42.5311,1,1,55.115396,55.115396,1,1,48.641692,48.641692,1,1,41.081329,41.081329
0b_rotation_best,file,14,baseline_rotation,1229,022.Chuck_will_Widow/Chuck_Will_Widow_0050_22750.jpg,22,21,022.Chuck_will_Widow,105,104,rotation,rotation,0,"{""angle"":12.05653}",0.80299324,0.16342798,-0.63956526,0.44798601,0.84922767,0.46491307,0.14172332,-0.016927063,0.70750435,0.72443141,0.81950928,0.3183639,97.369193,30.998836,False,0.96442914,False,False,True,0.81950928,0.3183639,97.369193,30.998836,0.81364181,0.31846483,95.420119,30.387952,0.96285895,0.31590856,19.384546,6.1237439,0.58056214,0.34193663,14.307619,4.892299,0.81792557,0.32750577,42.5311,13.92918,0.8286995,0.31507667,55.115396,17.365576,0.81371972,0.31420785,48.641692,15.283601,0.81315859,0.31767818,41.081329,13.050642
0b_rotation_best,file,14,baseline_rotation,4770,082.Ringed_Kingfisher/Ringed_Kingfisher_0077_72872.jpg,82,81,082.Ringed_Kingfisher,79,78,identity,identity,0,{},0.018754303,0.018754303,0,0.98142046,0.98142046,0.0072606998,0.0072606998,0.97415976,0.97415976,0,1,1,2.5625295,2.5625295,False,0.99999994,True,True,True,1,1,2.5625295,2.5625295,1,1,2.4715079,2.4715079,1,1,0.67690921,0.67690921,1,1,0.50812278,0.50812278,1,1,1.0575905,1.0575905,1,1,1.1233902,1.1233902,1,1,1.2883753,1.2883753,1,1,1.3452689,1.3452689
0b_rotation_best,file,14,baseline_rotation,4770,082.Ringed_Kingfisher/Ringed_Kingfisher_0077_72872.jpg,82,81,082.Ringed_Kingfisher,79,78,rotation,rotation,0,"{""angle"":-2.850121}",0.018754303,0.051130239,0.032375935,0.98142046,0.9501549,0.0072606998,0.034407564,0.97415976,0.91574734,-0.058412421,0.69598291,3.0826712,2.5625295,7.8994359,False,0.97886086,True,True,True,0.69598291,3.0826712,2.5625295,7.8994359,0.67673468,3.0808633,2.4715079,7.614378,0.95047201,3.1066721,0.67690921,2.1029349,0.63668266,3.5112479,0.50812278,1.7841451,0.59978787,3.1609464,1.0575905,3.342987,0.5959006,3.387619,1.1233902,3.8056182,0.67093225,2.8628989,1.2883753,3.6884881,0.81136745,2.929607,1.3452689,3.9411092
0b_rotation_best,file,14,baseline_rotation,822,015.Lazuli_Bunting/Lazuli_Bunting_0105_15017.jpg,15,14,015.Lazuli_Bunting,136,135,identity,identity,0,{},0.010669095,0.010669095,0,0.98938763,0.98938763,0.0020206934,0.0020206934,0.98736694,0.98736694,0,1,1,1.6466456,1.6466456,False,1,True,True,True,1,1,1.6466456,1.6466456,1,1,1.615152,1.615152,1,1,0.32050835,0.32050835,1,1,0.30226827,0.30226827,1,1,0.65432628,0.65432628,1,1,0.86996485,0.86996485,1,1,0.77990476,0.77990476,1,1,0.85095049,0.85095049
0b_rotation_best,file,14,baseline_rotation,822,015.Lazuli_Bunting/Lazuli_Bunting_0105_15017.jpg,15,14,015.Lazuli_Bunting,136,135,rotation,rotation,0,"{""angle"":-14.717126}",0.010669095,0.0041962909,-0.0064728046,0.98938763,0.99581248,0.0020206934,0.00070330192,0.98736694,0.99510917,0.0077422357,0.75311626,0.42482854,1.6466456,0.69954203,False,0.968234,True,True,True,0.75311626,0.42482854,1.6466456,0.69954203,0.74468624,0.42363359,1.615152,0.68423264,0.95456975,0.45412174,0.32050835,0.14554981,0.66455966,0.48758504,0.30226827,0.14738149,0.67013897,0.41654126,0.65432628,0.27255389,0.74177947,0.40809257,0.86996485,0.35502619,0.72286484,0.42370657,0.77990476,0.33045077,0.82082251,0.4348493,0.85095049,0.37003523
0b_rotation_best,file,14,baseline_rotation,11174,190.Red_cockaded_Woodpecker/Red_Cockaded_Woodpecker_0029_794724.jpg,190,189,190.Red_cockaded_Woodpecker,28,27,identity,identity,0,{},1.2171661,1.2171661,0,0.29606804,0.29606804,0.10189346,0.10189346,0.19417458,0.19417458,0,1,1,89.917717,89.917717,False,0.99999994,True,True,True,1,1,89.917717,89.917717,1,1,88.739599,88.739599,1,1,14.507911,14.507911,1,1,24.971196,24.971196,1,1,41.520899,41.520899,1,1,46.821079,46.821079,1,1,42.060372,42.060372,1,1,39.57123,39.57123
0b_rotation_best,file,14,baseline_rotation,11174,190.Red_cockaded_Woodpecker/Red_Cockaded_Woodpecker_0029_794724.jpg,190,189,190.Red_cockaded_Woodpecker,28,27,rotation,rotation,0,"{""angle"":10.108824}",1.2171661,0.68917382,-0.52799225,0.29606804,0.50199062,0.10189346,0.074086361,0.19417458,0.42790426,0.23372968,0.77483673,0.72794779,89.917717,65.455403,False,0.95085895,True,True,True,0.77483673,0.72794779,89.917717,65.455403,0.76981833,0.72572199,88.739599,64.400278,0.9479443,0.80682195,14.507911,11.705301,0.74833469,0.69884998,24.971196,17.45112,0.79539799,0.6304015,41.520899,26.174837,0.74953611,0.74987451,46.821079,35.109934,0.74661206,0.74759196,42.060372,31.443996,0.81701364,0.77326418,39.57123,30.599015
0b_rotation_best,file,14,baseline_rotation,1877,034.Gray_crowned_Rosy_Finch/Gray_Crowned_Rosy_Finch_0074_27156.jpg,34,33,034.Gray_crowned_Rosy_Finch,199,198,identity,identity,0,{},0.0026630436,0.0026630436,0,0.9973405,0.9973405,0.00099790166,0.00099790166,0.9963426,0.9963426,0,1,1,0.42947074,0.42947074,False,1,True,True,True,1,1,0.42947074,0.42947074,1,1,0.42009611,0.42009611,1,1,0.089243366,0.089243366,1,1,0.082201158,0.082201158,1,1,0.18110327,0.18110327,1,1,0.23281408,0.23281408,1,1,0.2035126,0.2035126,1,1,0.20323763,0.20323763
0b_rotation_best,file,14,baseline_rotation,1877,034.Gray_crowned_Rosy_Finch/Gray_Crowned_Rosy_Finch_0074_27156.jpg,34,33,034.Gray_crowned_Rosy_Finch,199,198,rotation,rotation,0,"{""angle"":-10.600415}",0.0026630436,0.0084411269,0.0057780833,0.9973405,0.99159437,0.00099790166,0.0020005871,0.9963426,0.98959379,-0.0067488116,0.66331654,3.5421344,0.42947074,1.5212431,False,0.97395045,True,True,True,0.66331654,3.5421344,0.42947074,1.5212431,0.65302234,3.57024,0.42009611,1.4998439,0.96552284,2.8490769,0.089243366,0.25426121,0.36011742,3.7149763,0.082201158,0.30537536,0.52994718,3.4529184,0.18110327,0.62533483,0.69713029,3.9934832,0.23281408,0.92973913,0.64039204,3.4707905,0.2035126,0.7063496,0.77182701,3.1192426,0.20323763,0.63394747
0b_rotation_best,file,14,baseline_rotation,605,012.Yellow_headed_Blackbird/Yellow_Headed_Blackbird_0074_8452.jpg,12,11,012.Yellow_headed_Blackbird,13,12,identity,identity,0,{},0.007055487,0.007055487,0,0.99296933,0.99296933,0.0011759313,0.0011759313,0.9917934,0.9917934,0,1,1,1.0974165,1.0974165,False,1,True,True,True,1,1,1.0974165,1.0974165,1,1,1.0766221,1.0766221,1,1,0.21262132,0.21262132,1,1,0.36464125,0.36464125,1,1,0.51059875,0.51059875,1,1,0.49217949,0.49217949,1,1,0.48423628,0.48423628,1,1,0.53732234,0.53732234
0b_rotation_best,file,14,baseline_rotation,605,012.Yellow_headed_Blackbird/Yellow_Headed_Blackbird_0074_8452.jpg,12,11,012.Yellow_headed_Blackbird,13,12,rotation,rotation,0,"{""angle"":5.92086}",0.007055487,0.0070444788,-1.1008233e-05,0.99296933,0.9929803,0.0011759313,0.0024493327,0.9917934,0.99053097,-0.0012624342,0.81802504,1.0687429,1.0974165,1.1728561,False,0.98750144,True,True,True,0.81802504,1.0687429,1.0974165,1.1728561,0.81201129,1.0680959,1.0766221,1.1499356,0.96988472,1.085201,0.21262132,0.23073688,0.92741206,1.424336,0.36464125,0.51937167,0.80488827,0.96018422,0.51059875,0.49026887,0.77777523,1.0798253,0.49217949,0.53146785,0.76412425,1.0084355,0.48423628,0.48832108,0.84148786,1.0045107,0.53732234,0.53974603
0b_rotation_best,file,14,baseline_rotation,5342,092.Nighthawk/Nighthawk_0073_83540.jpg,92,91,092.Nighthawk,22,21,identity,identity,0,{},0.0090536075,0.0090536075,0,0.99098724,0.99098724,0.002082665,0.002082665,0.98890458,0.98890458,0,1,1,1.5499386,1.5499386,False,1,True,True,True,1,1,1.5499386,1.5499386,1,1,1.5272789,1.5272789,1,1,0.26406252,0.26406252,1,1,0.33734139,0.33734139,1,1,0.70572694,0.70572694,1,1,0.7857922,0.7857922,1,1,0.73385018,0.73385018,1,1,0.7514822,0.7514822
0b_rotation_best,file,14,baseline_rotation,5342,092.Nighthawk/Nighthawk_0073_83540.jpg,92,91,092.Nighthawk,22,21,rotation,rotation,0,"{""angle"":-11.499185}",0.0090536075,0.031147625,0.022094018,0.99098724,0.96933246,0.002082665,0.022272687,0.98890458,0.94705977,-0.041844807,0.68153367,4.3259354,1.5499386,6.7049343,False,0.95808756,True,True,True,0.68153367,4.3259354,1.5499386,6.7049343,0.67608709,4.330284,1.5272789,6.6135512,0.87080585,4.1778577,0.26406252,1.1032156,0.76302181,3.8044228,0.33734139,1.2833893,0.62273007,4.2955203,0.70572694,3.0314644,0.63026838,4.3064971,0.7857922,3.3840118,0.69042154,4.5920632,0.73385018,3.3698864,0.74677592,4.2278954,0.7514822,3.1771882
0b_rotation_best,file,14,baseline_rotation,4858,084.Red_legged_Kittiwake/Red_Legged_Kittiwake_0032_795399.jpg,84,83,084.Red_legged_Kittiwake,106,105,identity,identity,0,{},0.010541,0.010541,0,0.98951435,0.98951435,0.0014937387,0.0014937387,0.98802061,0.98802061,0,1,1,1.6531782,1.6531782,False,1,True,True,True,1,1,1.6531782,1.6531782,1,1,1.6255616,1.6255616,1,1,0.3009115,0.3009115,1,1,0.38550353,0.38550353,1,1,0.62500357,0.62500357,1,1,0.77103339,0.77103339,1,1,0.86288918,0.86288918,1,1,0.87414979,0.87414979
0b_rotation_best,file,14,baseline_rotation,4858,084.Red_legged_Kittiwake/Red_Legged_Kittiwake_0032_795399.jpg,84,83,084.Red_legged_Kittiwake,106,105,rotation,rotation,0,"{""angle"":12.712716}",0.010541,0.0048517119,-0.0056892885,0.98951435,0.99516004,0.0014937387,0.00083442009,0.98802061,0.99432562,0.006305011,0.75235073,0.47858657,1.6531782,0.7911889,False,0.97683841,True,True,True,0.75235073,0.47858657,1.6531782,0.7911889,0.7443504,0.47758327,1.6255616,0.77634103,0.9735775,0.50699211,0.3009115,0.15255976,0.5016559,0.50404531,0.38550353,0.19431125,0.57102464,0.50353204,0.62500357,0.31470932,0.70320997,0.45161118,0.77103339,0.3482073,0.80192078,0.4782767,0.86288918,0.41269979,0.86329749,0.47764924,0.87414979,0.41753699
0b_rotation_best,file,14,baseline_rotation,10803,184.Louisiana_Waterthrush/Louisiana_Waterthrush_0077_795247.jpg,184,183,184.Louisiana_Waterthrush,183,182,identity,identity,0,{},0.058148962,0.058148962,0,0.9435094,0.9435094,0.046133261,0.046133261,0.89737614,0.89737614,0,1,1,14.871054,14.871054,False,0.99999988,True,True,True,1,1,14.871054,14.871054,1,1,14.637205,14.637205,1,1,2.6268802,2.6268802,1,1,4.0434027,4.0434027,1,1,7.2907413,7.2907413,1,1,8.564274,8.564274,1,1,6.242478,6.242478,1,1,5.694596,5.694596
0b_rotation_best,file,14,baseline_rotation,10803,184.Louisiana_Waterthrush/Louisiana_Waterthrush_0077_795247.jpg,184,183,184.Louisiana_Waterthrush,183,182,rotation,rotation,0,"{""angle"":-13.215343}",0.058148962,0.035974178,-0.022174783,0.9435094,0.96466517,0.046133261,0.024807727,0.89737614,0.93985745,0.042481309,0.85388797,0.63831007,14.871054,9.4923438,False,0.96744466,True,True,True,0.85388797,0.63831007,14.871054,9.4923438,0.85050356,0.63905232,14.637205,9.3539395,0.96372829,0.61481907,2.6268802,1.615056,0.76474987,0.59017204,4.0434027,2.3863032,0.87035048,0.63754612,7.2907413,4.6481838,0.880109,0.65753793,8.564274,5.631335,0.82013231,0.64634632,6.242478,4.0348027,0.82789513,0.61347682,5.694596,3.4935027
0b_rotation_best,file,14,baseline_rotation,5691,098.Scott_Oriole/Scott_Oriole_0003_92247.jpg,98,97,098.Scott_Oriole,55,54,identity,identity,0,{},0.27756116,0.27756116,0,0.75762922,0.75762922,0.10393304,0.10393304,0.65369618,0.65369618,0,1,1,41.407143,41.407143,False,1,True,True,True,1,1,41.407143,41.407143,1,1,40.79868,40.79868,1,1,7.0724246,7.0724246,1,1,10.880425,10.880425,1,1,17.72034,17.72034,1,1,20.408177,20.408177,1,1,21.082795,21.082795,1,1,19.265519,19.265519
0b_rotation_best,file,14,baseline_rotation,5691,098.Scott_Oriole/Scott_Oriole_0003_92247.jpg,98,97,098.Scott_Oriole,55,54,rotation,rotation,0,"{""angle"":1.071774}",0.27756116,0.16014986,-0.1174113,0.75762922,0.85201609,0.10393304,0.046265077,0.65369618,0.80575101,0.15205484,0.88627904,0.59338435,41.407143,24.57035,False,0.98996723,True,True,True,0.88627904,0.59338435,41.407143,24.57035,0.88336875,0.5934037,40.79868,24.210088,0.98323647,0.59273999,7.0724246,4.1921089,0.9011606,0.56995551,10.880425,6.2013585,0.87755257,0.54110259,17.72034,9.5885219,0.8281725,0.59426298,20.408177,12.127824,0.89613526,0.60473891,21.082795,12.749586,0.93089568,0.62739052,19.265519,12.087004
0b_rotation_best,file,14,baseline_rotation,11484,195.Carolina_Wren/Carolina_Wren_0033_186848.jpg,195,194,195.Carolina_Wren,199,198,identity,identity,0,{},0.001265321,0.001265321,0,0.99873549,0.99873549,0.00065552251,0.00065552251,0.99807996,0.99807996,0,1,1,0.23151305,0.23151305,False,1.0000001,True,True,True,1,1,0.23151305,0.23151305,1,1,0.22673231,0.22673231,1,1,0.046805475,0.046805475,1,1,0.053716638,0.053716638,1,1,0.11369549,0.11369549,1,1,0.11899238,0.11899238,1,1,0.097698948,0.097698948,1,1,0.10904645,0.10904645
0b_rotation_best,file,14,baseline_rotation,11484,195.Carolina_Wren/Carolina_Wren_0033_186848.jpg,195,194,195.Carolina_Wren,199,198,rotation,rotation,0,"{""angle"":5.067808}",0.001265321,0.00063720898,-0.00062811206,0.99873549,0.99936301,0.00065552251,0.00027535093,0.99807996,0.99908765,0.0010076893,0.88065317,0.52128841,0.23151305,0.12068507,False,0.98743653,True,True,True,0.88065317,0.52128841,0.23151305,0.12068507,0.87652991,0.52214566,0.22673231,0.11838729,0.98228253,0.50075135,0.046805475,0.023437905,0.90507136,0.53824712,0.053716638,0.028912826,0.88199394,0.51888645,0.11369549,0.058995049,0.8731166,0.52940552,0.11899238,0.062995223,0.83998693,0.52512518,0.097698948,0.051304178,0.89804093,0.51047666,0.10904645,0.055665669
0b_rotation_best,file,14,baseline_rotation,1299,024.Red_faced_Cormorant/Red_Faced_Cormorant_0050_796276.jpg,24,23,024.Red_faced_Cormorant,25,24,identity,identity,0,{},4.0172723e-05,4.0172723e-05,0,0.99995983,0.99995983,2.0418143e-05,2.0418143e-05,0.99993941,0.99993941,0,1,1,0.0078664928,0.0078664928,False,1,True,True,True,1,1,0.0078664928,0.0078664928,1,1,0.0076462347,0.0076462347,1,1,0.0018484596,0.0018484596,1,1,0.0024112685,0.0024112685,1,1,0.0031317816,0.0031317816,1,1,0.0037379291,0.0037379291,1,1,0.0037345106,0.0037345106,1,1,0.0038631529,0.0038631529
0b_rotation_best,file,14,baseline_rotation,1299,024.Red_faced_Cormorant/Red_Faced_Cormorant_0050_796276.jpg,24,23,024.Red_faced_Cormorant,25,24,rotation,rotation,0,"{""angle"":-14.41069}",4.0172723e-05,3.5762723e-06,-3.6596451e-05,0.99995983,0.99999642,2.0418143e-05,2.8685081e-06,0.99993941,0.99999356,5.4146887e-05,0.69568155,0.077610659,0.0078664928,0.00061052369,False,0.99101651,True,True,True,0.69568155,0.077610659,0.0078664928,0.00061052369,0.67758965,0.074774595,0.0076462347,0.00057174411,0.95737709,0.11583759,0.0018484596,0.00021412111,0.7855596,0.058243812,0.0024112685,0.00014044147,0.550193,0.062147107,0.0031317816,0.00019463117,0.62692074,0.068668268,0.0037379291,0.00025667711,0.60188413,0.074546741,0.0037345106,0.0002783956,0.82697859,0.091847894,0.0038631529,0.00035482246
0b_rotation_best,file,14,baseline_rotation,9021,154.Red_eyed_Vireo/Red_Eyed_Vireo_0038_156963.jpg,154,153,154.Red_eyed_Vireo,181,180,identity,identity,0,{},1.2152026,1.2152026,0,0.29664993,0.29664993,0.60985255,0.60985255,-0.31320262,-0.31320262,0,1,1,173.89119,173.89119,False,0.99999994,True,False,False,1,1,173.89119,173.89119,1,1,172.02023,172.02023,1,1,25.439836,25.439836,1,1,42.956652,42.956652,1,1,91.148196,91.148196,1,1,97.196836,97.196836,1,1,78.701271,78.701271,1,1,61.616379,61.616379
0b_rotation_best,file,14,baseline_rotation,9021,154.Red_eyed_Vireo/Red_Eyed_Vireo_0038_156963.jpg,154,153,154.Red_eyed_Vireo,181,180,rotation,rotation,0,"{""angle"":-8.253871}",1.2152026,2.0816426,0.86644006,0.29664993,0.12472516,0.60985255,0.71912044,-0.31320262,-0.59439528,-0.28119266,0.83655059,1.2216223,173.89119,212.42936,False,0.97698176,True,False,False,0.83655059,1.2216223,173.89119,212.42936,0.83348752,1.221568,172.02023,210.13442,0.97631356,1.2241021,25.439836,31.140957,0.75052768,1.1316978,42.956652,48.613947,0.83015224,1.2010203,91.148196,109.47084,0.85686071,1.2501412,97.196836,121.50977,0.81982782,1.2149547,78.701271,95.618478,0.84259287,1.2467954,61.616379,76.823015
0b_rotation_best,file,14,baseline_rotation,11412,194.Cactus_Wren/Cactus_Wren_0069_186033.jpg,194,193,194.Cactus_Wren,198,197,identity,identity,0,{},0.094910555,0.094910555,0,0.90945429,0.90945429,0.028693261,0.028693261,0.88076103,0.88076103,0,1,1,12.814666,12.814666,False,1,True,True,True,1,1,12.814666,12.814666,1,1,12.547442,12.547442,1,1,2.6033386,2.6033386,1,1,1.9332856,1.9332856,1,1,5.2305817,5.2305817,1,1,6.6685029,6.6685029,1,1,6.7341392,6.7341392,1,1,6.0435212,6.0435212
0b_rotation_best,file,14,baseline_rotation,11412,194.Cactus_Wren/Cactus_Wren_0069_186033.jpg,194,193,194.Cactus_Wren,198,197,rotation,rotation,0,"{""angle"":8.84951}",0.094910555,0.10309045,0.0081798956,0.90945429,0.90204537,0.028693261,0.035288207,0.88076103,0.86675716,-0.014003864,0.81687682,1.1485445,12.814666,14.718214,False,0.98109883,True,True,True,0.81687682,1.1485445,12.814666,14.718214,0.80989398,1.1480456,12.547442,14.405035,0.97744864,1.1600742,2.6033386,3.020066,0.72901604,1.2902016,1.9332856,2.4943283,0.81308246,1.3219852,5.2305817,6.9147516,0.80157408,1.1443996,6.6685029,7.6314324,0.8047354,1.053505,6.7341392,7.0944496,0.84511312,1.1087436,6.0435212,6.7007155
0b_rotation_best,file,14,baseline_rotation,10931,186.Cedar_Waxwing/Cedar_Waxwing_0125_178921.jpg,186,185,186.Cedar_Waxwing,185,184,identity,identity,0,{},0.021777194,0.021777194,0,0.97845823,0.97845823,0.013886048,0.013886048,0.96457218,0.96457218,0,1,1,4.2415443,4.2415443,False,0.99999994,True,True,True,1,1,4.2415443,4.2415443,1,1,4.1682189,4.1682189,1,1,0.78527035,0.78527035,1,1,0.76265236,0.76265236,1,1,1.9521393,1.9521393,1,1,2.3580404,2.3580404,1,1,1.9373673,1.9373673,1,1,1.9151542,1.9151542
0b_rotation_best,file,14,baseline_rotation,10931,186.Cedar_Waxwing/Cedar_Waxwing_0125_178921.jpg,186,185,186.Cedar_Waxwing,185,184,rotation,rotation,0,"{""angle"":-11.84185}",0.021777194,0.17843249,0.1566553,0.97845823,0.83658051,0.013886048,0.035682179,0.96457218,0.80089834,-0.16367384,0.68733228,8.7724357,4.2415443,37.208675,False,0.95962554,True,True,True,0.68733228,8.7724357,4.2415443,37.208675,0.68305821,8.8284707,4.1682189,36.798998,0.85675982,7.0119656,0.78527035,5.5062887,0.73543404,11.553631,0.76265236,8.8114036,0.72829459,10.13228,1.9521393,19.779623,0.68807265,8.7561601,2.3580404,20.64738,0.61231606,8.1845764,1.9373673,15.85653,0.70304563,7.5223869,1.9151542,14.406531
0b_rotation_best,file,14,baseline_rotation,9559,163.Cape_May_Warbler/Cape_May_Warbler_0028_163177.jpg,163,162,163.Cape_May_Warbler,95,94,identity,identity,0,{},0.028853223,0.028853223,0,0.97155905,0.97155905,0.010642922,0.010642922,0.96091613,0.96091613,0,1,1,3.7551345,3.7551345,False,0.99999988,True,True,True,1,1,3.7551345,3.7551345,1,1,3.624719,3.624719,1,1,0.98104391,0.98104391,1,1,0.72821745,0.72821745,1,1,1.6122723,1.6122723,1,1,1.7635522,1.7635522,1,1,1.8358507,1.8358507,1,1,1.8784039,1.8784039
0b_rotation_best,file,14,baseline_rotation,9559,163.Cape_May_Warbler/Cape_May_Warbler_0028_163177.jpg,163,162,163.Cape_May_Warbler,95,94,rotation,rotation,0,"{""angle"":-7.306411}",0.028853223,0.014589298,-0.014263925,0.97155905,0.98551661,0.010642922,0.0030821371,0.96091613,0.98243447,0.021518345,0.8244759,0.48742203,3.7551345,1.8303353,False,0.98694402,True,True,True,0.8244759,0.48742203,3.7551345,1.8303353,0.81398595,0.48717678,3.624719,1.765879,0.96665239,0.49075771,0.98104391,0.48145486,0.7837802,0.49985267,0.72821745,0.36400144,0.83384206,0.43999269,1.6122723,0.70938805,0.79661109,0.49406567,1.7635522,0.8713106,0.79040574,0.49194189,1.8358507,0.90313188,0.84604126,0.5072232,1.8784039,0.95277002
0b_rotation_best,file,14,baseline_rotation,72,002.Laysan_Albatross/Laysan_Albatross_0065_809.jpg,2,1,002.Laysan_Albatross,59,58,identity,identity,0,{},0.040133014,0.040133014,0,0.96066165,0.96066165,0.0043601808,0.0043601808,0.95630147,0.95630147,0,1,1,6.613917,6.613917,False,1,True,True,True,1,1,6.613917,6.613917,1,1,6.5094095,6.5094095,1,1,1.1711044,1.1711044,1,1,1.4424187,1.4424187,1,1,2.6518366,2.6518366,1,1,3.5392463,3.5392463,1,1,3.2971406,3.2971406,1,1,3.1404145,3.1404145
0b_rotation_best,file,14,baseline_rotation,72,002.Laysan_Albatross/Laysan_Albatross_0065_809.jpg,2,1,002.Laysan_Albatross,59,58,rotation,rotation,0,"{""angle"":6.252144}",0.040133014,0.013967503,-0.026165511,0.96066165,0.98612958,0.0043601808,0.0013776172,0.95630147,0.98475196,0.028450496,0.7721251,0.3121603,6.613917,2.0646023,False,0.97642148,True,True,True,0.7721251,0.3121603,6.613917,2.0646023,0.76485609,0.31031748,6.5094095,2.0199836,0.972964,0.36453316,1.1711044,0.42690639,0.71662698,0.29090535,1.4424187,0.4196073,0.6904222,0.26674467,2.6518366,0.70736326,0.75639686,0.29105397,3.5392463,1.0301117,0.76674317,0.32004142,3.2971406,1.0552215,0.83369871,0.35305152,3.1404145,1.1087281
0b_rotation_best,file,14,baseline_rotation,7761,133.White_throated_Sparrow/White_Throated_Sparrow_0015_129138.jpg,133,132,133.White_throated_Sparrow,132,131,identity,identity,0,{},0.0099260071,0.0099260071,0,0.99012309,0.99012309,0.0037074594,0.0037074594,0.98641563,0.98641563,0,1,1,1.1621223,1.1621223,False,1,True,True,True,1,1,1.1621223,1.1621223,1,1,1.1230453,1.1230453,1,1,0.2988269,0.2988269,1,1,0.17051784,0.17051784,1,1,0.40981154,0.40981154,1,1,0.59287304,0.59287304,1,1,0.52807631,0.52807631,1,1,0.65866971,0.65866971
0b_rotation_best,file,14,baseline_rotation,7761,133.White_throated_Sparrow/White_Throated_Sparrow_0015_129138.jpg,133,132,133.White_throated_Sparrow,132,131,rotation,rotation,0,"{""angle"":9.685247}",0.0099260071,0.0017038365,-0.0082221706,0.99012309,0.99829763,0.0037074594,0.00040205824,0.98641563,0.99789557,0.01147994,0.77675954,0.18214015,1.1621223,0.21166912,False,0.98694307,True,True,True,0.77675954,0.18214015,1.1621223,0.21166912,0.76260194,0.18197173,1.1230453,0.20436249,0.97404679,0.18450243,0.2988269,0.055134289,0.60834685,0.21452212,0.17051784,0.036579849,0.63789523,0.18426741,0.40981154,0.075514913,0.77152145,0.181085,0.59287304,0.10736041,0.73776796,0.17879159,0.52807631,0.094415605,0.83329778,0.18144297,0.65866971,0.11951099
0b_rotation_best,file,14,baseline_rotation,5287,091.Mockingbird/Mockingbird_0008_81226.jpg,91,90,091.Mockingbird,63,62,identity,identity,0,{},2.2501307,2.2501307,0,0.10538545,0.10538545,0.26901093,0.26901093,-0.16362549,-0.16362549,0,1,1,153.79383,153.79383,False,1,True,False,False,1,1,153.79383,153.79383,1,1,151.26112,151.26112,1,1,27.795978,27.795978,1,1,41.135579,41.135579,1,1,61.277876,61.277876,1,1,81.951015,81.951015,1,1,75.31307,75.31307,1,1,71.026644,71.026644
0b_rotation_best,file,14,baseline_rotation,5287,091.Mockingbird/Mockingbird_0008_81226.jpg,91,90,091.Mockingbird,63,62,rotation,rotation,0,"{""angle"":4.784959}",2.2501307,2.8211007,0.57097006,0.10538545,0.059540376,0.26901093,0.42661425,-0.16362549,-0.36707388,-0.20344839,0.82480268,1.0166297,153.79383,156.35137,False,0.97501618,True,False,False,0.82480268,1.0166297,153.79383,156.35137,0.82029512,1.0169303,151.26112,153.82202,0.95954559,1.0076847,27.795978,28.009582,0.7118129,1.0846196,41.135579,44.616457,0.74891959,1.0722944,61.277876,65.707922,0.82798249,1.0021122,81.951015,82.124112,0.84472232,0.9874112,75.31307,74.364969,0.88127882,1.0033397,71.026644,71.263851
0b_rotation_best,file,14,baseline_rotation,4209,073.Blue_Jay/Blue_Jay_0066_61490.jpg,73,72,073.Blue_Jay,74,73,identity,identity,0,{},0.020141831,0.020141831,0,0.98005968,0.98005968,0.015911018,0.015911018,0.96414866,0.96414866,0,1,1,3.6740367,3.6740367,False,0.99999994,True,True,True,1,1,3.6740367,3.6740367,1,1,3.5907357,3.5907357,1,1,0.77792204,0.77792204,1,1,1.1861177,1.1861177,1,1,1.3964646,1.3964646,1,1,1.7938832,1.7938832,1,1,1.7835755,1.7835755,1,1,1.7712244,1.7712244
0b_rotation_best,file,14,baseline_rotation,4209,073.Blue_Jay/Blue_Jay_0066_61490.jpg,73,72,073.Blue_Jay,74,73,rotation,rotation,0,"{""angle"":8.596013}",0.020141831,0.0072835623,-0.012858268,0.98005968,0.9927429,0.015911018,0.0045537986,0.96414866,0.9881891,0.024040433,0.74071053,0.35237036,3.6740367,1.2946216,False,0.97466302,True,True,True,0.74071053,0.35237036,3.6740367,1.2946216,0.73018042,0.35251496,3.5907357,1.2657881,0.96717247,0.34927519,0.77792204,0.27170887,0.78327686,0.31064145,1.1861177,0.36845734,0.67398316,0.38348963,1.3964646,0.5355297,0.70071024,0.38208957,1.7938832,0.68542403,0.70663339,0.33767975,1.7835755,0.60227732,0.81620276,0.33263486,1.7712244,0.58917098
0b_rotation_best,file,14,baseline_rotation,8378,143.Caspian_Tern/Caspian_Tern_0078_146824.jpg,143,142,143.Caspian_Tern,146,145,identity,identity,0,{},1.8399574,1.8399574,0,0.15882421,0.15882421,0.74212456,0.74212456,-0.58330035,-0.58330035,0,1,1,155.76722,155.76722,False,1,True,False,False,1,1,155.76722,155.76722,1,1,153.0035,153.0035,1,1,29.21225,29.21225,1,1,38.06549,38.06549,1,1,65.393257,65.393257,1,1,78.302898,78.302898,1,1,77.714337,77.714337,1,1,74.255978,74.255978
0b_rotation_best,file,14,baseline_rotation,8378,143.Caspian_Tern/Caspian_Tern_0078_146824.jpg,143,142,143.Caspian_Tern,146,145,rotation,rotation,0,"{""angle"":10.317199}",1.8399574,2.9000235,1.0600661,0.15882421,0.055021934,0.74212456,0.85848331,-0.58330035,-0.80346138,-0.22016103,0.76871356,1.0656715,155.76722,165.99669,False,0.9689678,True,False,False,0.76871356,1.0656715,155.76722,165.99669,0.7608222,1.0617184,153.0035,162.44664,0.9687654,1.168913,29.21225,34.146578,0.69503432,1.0071316,38.06549,38.336958,0.74991551,1.0832405,65.393257,70.836626,0.74084919,1.0002642,78.302898,78.323586,0.75586934,1.0649745,77.714337,82.763784,0.81234151,1.1200189,74.255978,83.168101
0b_rotation_best,file,14,baseline_rotation,1548,028.Brown_Creeper/Brown_Creeper_0007_24902.jpg,28,27,028.Brown_Creeper,187,186,identity,identity,0,{},0.00027187943,0.00027187943,0,0.99972814,0.99972814,9.8769087e-05,9.8769087e-05,0.99962937,0.99962937,0,1,1,0.049412761,0.049412761,False,0.99999982,True,True,True,1,1,0.049412761,0.049412761,1,1,0.048486903,0.048486903,1,1,0.0095205665,0.0095205665,1,1,0.011338516,0.011338516,1,1,0.023693067,0.023693067,1,1,0.024005215,0.024005215,1,1,0.023202306,0.023202306,1,1,0.023376464,0.023376464
0b_rotation_best,file,14,baseline_rotation,1548,028.Brown_Creeper/Brown_Creeper_0007_24902.jpg,28,27,028.Brown_Creeper,187,186,rotation,rotation,0,"{""angle"":-13.295623}",0.00027187943,0.0031420647,0.0028701852,0.99972814,0.99686289,9.8769087e-05,0.0019800486,0.99962937,0.99488284,-0.0047465344,0.6489345,12.224086,0.049412761,0.60402583,False,0.96571124,True,True,True,0.6489345,12.224086,0.049412761,0.60402583,0.63838479,12.24745,0.048486903,0.59384094,0.93871483,11.601644,0.0095205665,0.11045422,0.66788363,14.778869,0.011338516,0.16757045,0.49003082,10.382625,0.023693067,0.24599623,0.61208003,13.824931,0.024005215,0.33187044,0.67214363,12.245492,0.023202306,0.28412365,0.78256734,11.572936,0.023376464,0.27053433
0b_rotation_best,file,14,baseline_rotation,9783,167.Hooded_Warbler/Hooded_Warbler_0039_164928.jpg,167,166,167.Hooded_Warbler,180,179,identity,identity,0,{},8.4139214,8.4139214,0,0.00022175848,0.00022175848,0.99611723,0.99611723,-0.99589548,-0.99589548,0,1,1,138.02265,138.02265,False,0.99999994,True,False,False,1,1,138.02265,138.02265,1,1,132.10797,132.10797,1,1,39.971697,39.971697,1,1,23.99496,23.99496,1,1,48.66361,48.66361,1,1,58.6558,58.6558,1,1,72.899532,72.899532,1,1,75.853588,75.853588
0b_rotation_best,file,14,baseline_rotation,9783,167.Hooded_Warbler/Hooded_Warbler_0039_164928.jpg,167,166,167.Hooded_Warbler,180,179,rotation,rotation,0,"{""angle"":-4.80561}",8.4139214,8.0853062,-0.32861519,0.00022175848,0.00030803226,0.99611723,0.99570918,-0.99589548,-0.99540115,0.00049432718,0.83344342,0.97684243,138.02265,134.82639,False,0.99152321,True,False,False,0.83344342,0.97684243,138.02265,134.82639,0.81870224,0.97523682,132.10797,128.83656,0.99153372,0.99421215,39.971697,39.740346,0.79016164,0.99770373,23.99496,23.939861,0.74750274,0.92429661,48.66361,44.97961,0.71480816,0.93424531,58.6558,54.798906,0.82236721,0.98494981,72.899532,71.80238,0.90404889,1.0078172,75.853588,76.446549
0b_rotation_best,file,14,baseline_rotation,4267,074.Florida_Jay/Florida_Jay_0039_64576.jpg,74,73,074.Florida_Jay,54,53,identity,identity,0,{},0.0036608838,0.0036608838,0,0.99634582,0.99634582,0.0010798654,0.0010798654,0.99526595,0.99526595,0,1,1,0.81216278,0.81216278,False,0.99999988,True,True,True,1,1,0.81216278,0.81216278,1,1,0.80228467,0.80228467,1,1,0.12628419,0.12628419,1,1,0.23845355,0.23845355,1,1,0.378057,0.378057,1,1,0.4246886,0.4246886,1,1,0.35426474,0.35426474,1,1,0.37149642,0.37149642
0b_rotation_best,file,14,baseline_rotation,4267,074.Florida_Jay/Florida_Jay_0039_64576.jpg,74,73,074.Florida_Jay,54,53,rotation,rotation,0,"{""angle"":13.598705}",0.0036608838,0.0043462105,0.00068532676,0.99634582,0.99566323,0.0010798654,0.0011426122,0.99526595,0.99452061,-0.0007453392,0.7679242,1.2882068,0.81216278,1.0462336,False,0.97436094,True,True,True,0.7679242,1.2882068,0.81216278,1.0462336,0.76325456,1.289692,0.80228467,1.0347001,0.96700124,1.2267629,0.12628419,0.15492076,0.71252718,1.2994047,0.23845355,0.30984766,0.65517191,1.2933463,0.378057,0.48895862,0.77521685,1.2708209,0.4246886,0.53970314,0.78771892,1.3332051,0.35426474,0.47230755,0.86059887,1.2659103,0.37149642,0.47028114
0b_rotation_best,file,14,baseline_rotation,5492,094.White_breasted_Nuthatch/White_Breasted_Nuthatch_0131_86416.jpg,94,93,094.White_breasted_Nuthatch,160,159,identity,identity,0,{},0.00040379952,0.00040379952,0,0.9995963,0.9995963,0.00011367902,0.00011367902,0.99948262,0.99948262,0,1,1,0.066171534,0.066171534,False,1,True,True,True,1,1,0.066171534,0.066171534,1,1,0.064623016,0.064623016,1,1,0.014231575,0.014231575,1,1,0.019133278,0.019133278,1,1,0.024809297,0.024809297,1,1,0.030992636,0.030992636,1,1,0.030347885,0.030347885,1,1,0.036235522,0.036235522
0b_rotation_best,file,14,baseline_rotation,5492,094.White_breasted_Nuthatch/White_Breasted_Nuthatch_0131_86416.jpg,94,93,094.White_breasted_Nuthatch,160,159,rotation,rotation,0,"{""angle"":0.351687}",0.00040379952,0.00042965717,2.5857647e-05,0.9995963,0.99957043,0.00011367902,0.00013131111,0.99948262,0.99943912,-4.3500513e-05,0.94503305,1.0965457,0.066171534,0.072560113,False,0.99794257,True,True,True,0.94503305,1.0965457,0.066171534,0.072560113,0.94255302,1.0971904,0.064623016,0.070903755,0.99690556,1.0831669,0.014231575,0.015415171,0.96148813,1.2763544,0.019133278,0.024420844,0.89285013,1.1035249,0.024809297,0.027377677,0.93447728,1.1171116,0.030992636,0.034622233,0.94219102,1.0551179,0.030347885,0.032020597,0.97213755,1.0535529,0.036235522,0.038176039
0b_rotation_best,file,14,baseline_rotation,6081,104.American_Pipit/American_Pipit_0062_100000.jpg,104,103,104.American_Pipit,152,151,identity,identity,0,{},0.078367203,0.078367203,0,0.92462486,0.92462486,0.016861679,0.016861679,0.90776318,0.90776318,0,1,1,13.143892,13.143892,False,1,True,True,True,1,1,13.143892,13.143892,1,1,12.95994,12.95994,1,1,2.1913121,2.1913121,1,1,1.8940014,1.8940014,1,1,6.4852652,6.4852652,1,1,7.3158887,7.3158887,1,1,5.7731085,5.7731085,1,1,5.9550934,5.9550934
0b_rotation_best,file,14,baseline_rotation,6081,104.American_Pipit/American_Pipit_0062_100000.jpg,104,103,104.American_Pipit,152,151,rotation,rotation,0,"{""angle"":-4.586376}",0.078367203,0.12900655,0.050639346,0.92462486,0.87896818,0.016861679,0.014743198,0.90776318,0.86422498,-0.0435382,0.87161848,1.8539508,13.143892,24.36813,False,0.9901669,True,True,True,0.87161848,1.8539508,13.143892,24.36813,0.86965107,1.8639583,12.95994,24.156789,0.98474084,1.461403,2.1913121,3.2023902,0.84590515,1.9010809,1.8940014,3.6006498,0.85585132,2.033434,6.4852652,13.187359,0.88962016,1.9975386,7.3158887,14.61377,0.84717027,1.6822504,5.7731085,9.711814,0.90325965,1.5823857,5.9550934,9.4232543
0b_rotation_best,file,14,baseline_rotation,7469,128.Seaside_Sparrow/Seaside_Sparrow_0039_796530.jpg,128,127,128.Seaside_Sparrow,125,124,identity,identity,0,{},3.6227446,3.6227446,0,0.026709268,0.026709268,0.55300909,0.55300909,-0.52629982,-0.52629982,0,1,1,251.10673,251.10673,False,0.99999988,True,False,False,1,1,251.10673,251.10673,1,1,249.3071,249.3071,1,1,30.009309,30.009309,1,1,100.96481,100.96481,1,1,123.18502,123.18502,1,1,138.72753,138.72753,1,1,102.90154,102.90154,1,1,83.375862,83.375862
0b_rotation_best,file,14,baseline_rotation,7469,128.Seaside_Sparrow/Seaside_Sparrow_0039_796530.jpg,128,127,128.Seaside_Sparrow,125,124,rotation,rotation,0,"{""angle"":-14.073563}",3.6227446,3.4129405,-0.20980406,0.026709268,0.032944188,0.55300909,0.16246524,-0.52629982,-0.12952106,0.39677877,0.60776942,0.7450938,251.10673,187.09807,False,0.92007124,True,False,False,0.60776942,0.7450938,251.10673,187.09807,0.60341075,0.74126149,249.3071,184.80175,0.85908902,0.97380639,30.009309,29.223257,0.45616713,0.52160037,100.96481,52.663283,0.64784648,0.7942789,123.18502,97.843261,0.62100308,0.69220006,138.72753,96.027206,0.5908399,0.80830851,102.90154,83.176187,0.67514284,0.90277032,83.375862,75.269254
0b_rotation_best,file,14,baseline_rotation,8975,153.Philadelphia_Vireo/Philadelphia_Vireo_0071_794796.jpg,153,152,153.Philadelphia_Vireo,155,154,identity,identity,0,{},0.039949078,0.039949078,0,0.96083838,0.96083838,0.018622758,0.018622758,0.94221562,0.94221562,0,1,1,9.1419271,9.1419271,False,0.99999988,True,True,True,1,1,9.1419271,9.1419271,1,1,9.0238021,9.0238021,1,1,1.4648639,1.4648639,1,1,1.7653812,1.7653812,1,1,5.484229,5.484229,1,1,5.1166879,5.1166879,1,1,3.5490963,3.5490963,1,1,3.0755628,3.0755628
0b_rotation_best,file,14,baseline_rotation,8975,153.Philadelphia_Vireo/Philadelphia_Vireo_0071_794796.jpg,153,152,153.Philadelphia_Vireo,155,154,rotation,rotation,0,"{""angle"":-12.60683}",0.039949078,0.1359313,0.09598222,0.96083838,0.87290263,0.018622758,0.097572908,0.94221562,0.77532972,-0.1668859,0.76838388,2.7693829,9.1419271,25.317497,False,0.97070068,True,True,True,0.76838388,2.7693829,9.1419271,25.317497,0.76358446,2.7422818,9.0238021,24.745808,0.93579563,3.6520973,1.4648639,5.3498255,0.65215869,2.5562652,1.7653812,4.5127825,0.80828388,2.6631891,5.484229,14.605539,0.77259159,2.5677447,5.1166879,13.138348,0.69754307,2.9105321,3.5490963,10.329759,0.75223685,3.2408193,3.0755628,9.9673432
0b_rotation_best,file,14,baseline_rotation,7079,121.Grasshopper_Sparrow/Grasshopper_Sparrow_0115_115914.jpg,121,120,121.Grasshopper_Sparrow,117,116,identity,identity,0,{},2.5912836,2.5912836,0,0.074923806,0.074923806,0.27330169,0.27330169,-0.19837788,-0.19837788,0,1,1,155.56272,155.56272,False,1,True,False,False,1,1,155.56272,155.56272,1,1,153.01685,153.01685,1,1,28.028625,28.028625,1,1,35.093771,35.093771,1,1,81.822785,81.822785,1,1,76.423442,76.423442,1,1,68.042601,68.042601,1,1,70.832743,70.832743
0b_rotation_best,file,14,baseline_rotation,7079,121.Grasshopper_Sparrow/Grasshopper_Sparrow_0115_115914.jpg,121,120,121.Grasshopper_Sparrow,117,116,rotation,rotation,0,"{""angle"":-8.021096}",2.5912836,3.4860787,0.89479518,0.074923806,0.030620707,0.27330169,0.51574528,-0.19837788,-0.48512457,-0.28674669,0.72708705,1.0185726,155.56272,158.45192,False,0.95771354,True,False,False,0.72708705,1.0185726,155.56272,158.45192,0.71966182,1.0127898,153.01685,154.97391,0.92535775,1.1779617,28.028625,33.016647,0.55972447,1.0015077,35.093771,35.146681,0.75384776,1.0507697,81.822785,85.976905,0.66762509,0.9761475,76.423442,74.600552,0.70109892,1.0182679,68.042601,69.285599,0.78888675,1.0006557,70.832743,70.879186
0b_rotation_best,file,14,baseline_rotation,7290,125.Lincoln_Sparrow/Lincoln_Sparrow_0014_117883.jpg,125,124,125.Lincoln_Sparrow,131,130,identity,identity,0,{},0.033681963,0.033681963,0,0.96687895,0.96687895,0.013214364,0.013214364,0.95366459,0.95366459,0,1,1,5.9704508,5.9704508,False,0.99999988,True,True,True,1,1,5.9704508,5.9704508,1,1,5.8873076,5.8873076,1,1,0.9929209,0.9929209,1,1,1.1209346,1.1209346,1,1,2.5797582,2.5797582,1,1,3.4564088,3.4564088,1,1,2.8366404,2.8366404,1,1,2.5991256,2.5991256
0b_rotation_best,file,14,baseline_rotation,7290,125.Lincoln_Sparrow/Lincoln_Sparrow_0014_117883.jpg,125,124,125.Lincoln_Sparrow,131,130,rotation,rotation,0,"{""angle"":-12.509004}",0.033681963,0.022482043,-0.01119992,0.96687895,0.97776878,0.013214364,0.010958795,0.95366459,0.96680998,0.013145396,0.78970382,0.71318788,5.9704508,4.2580532,False,0.97253758,True,True,True,0.78970382,0.71318788,5.9704508,4.2580532,0.78441863,0.71214253,5.8873076,4.1926022,0.96734273,0.74901216,0.9929209,0.74370983,0.52079328,1.0415149,1.1209346,1.1674701,0.79841425,0.73746343,2.5797582,1.9024773,0.81455776,0.68211073,3.4564088,2.3576536,0.76607964,0.66867928,2.8366404,1.8968027,0.83029196,0.71350354,2.5991256,1.8544853
0b_rotation_best,file,14,baseline_rotation,6478,111.Loggerhead_Shrike/Loggerhead_Shrike_0128_105238.jpg,111,110,111.Loggerhead_Shrike,78,77,identity,identity,0,{},3.1856985,3.1856985,0,0.041349351,0.041349351,0.89776897,0.89776897,-0.85641962,-0.85641962,0,1,1,227.93825,227.93825,False,1.0000001,True,False,False,1,1,227.93825,227.93825,1,1,224.86522,224.86522,1,1,37.302486,37.302486,1,1,66.120628,66.120628,1,1,108.65465,108.65465,1,1,117.28789,117.28789,1,1,110.97704,110.97704,1,1,91.182492,91.182492
0b_rotation_best,file,14,baseline_rotation,6478,111.Loggerhead_Shrike/Loggerhead_Shrike_0128_105238.jpg,111,110,111.Loggerhead_Shrike,78,77,rotation,rotation,0,"{""angle"":-6.332662}",3.1856985,2.2267323,-0.95896626,0.041349351,0.10788039,0.89776897,0.81651729,-0.85641962,-0.7086369,0.14778272,0.80816302,0.99783465,227.93825,227.44468,False,0.97742784,True,False,False,0.80816302,0.99783465,227.93825,227.44468,0.80386634,0.99955728,224.86522,224.76567,0.97728902,0.9330813,37.302486,34.806252,0.81273962,1.0270294,66.120628,67.907826,0.8134102,0.91651733,108.65465,99.583869,0.76490573,1.0565439,117.28789,123.91981,0.80982033,1.0352524,110.97704,114.88924,0.85668362,0.94568068,91.182492,86.229522
0b_rotation_best,file,14,baseline_rotation,7254,124.Le_Conte_Sparrow/Le_Conte_Sparrow_0016_795223.jpg,124,123,124.Le_Conte_Sparrow,126,125,identity,identity,0,{},0.64918673,0.64918673,0,0.52247053,0.52247053,0.047803532,0.047803532,0.474667,0.474667,0,1,1,79.291473,79.291473,False,0.99999994,True,True,True,1,1,79.291473,79.291473,1,1,78.397269,78.397269,1,1,11.874589,11.874589,1,1,12.864899,12.864899,1,1,43.038422,43.038422,1,1,42.213721,42.213721,1,1,35.831002,35.831002,1,1,32.595421,32.595421
0b_rotation_best,file,14,baseline_rotation,7254,124.Le_Conte_Sparrow/Le_Conte_Sparrow_0016_795223.jpg,124,123,124.Le_Conte_Sparrow,126,125,rotation,rotation,0,"{""angle"":-7.788469}",0.64918673,0.32145685,-0.32772988,0.52247053,0.72509193,0.047803532,0.038490221,0.474667,0.68660171,0.21193471,0.81084595,0.59209052,79.291473,46.947729,False,0.97434211,True,True,True,0.81084595,0.59209052,79.291473,46.947729,0.80678855,0.58960296,78.397269,46.223262,0.97167771,0.69188055,11.874589,8.2157971,0.78022944,0.59640867,12.864899,7.6727373,0.80940539,0.52088251,43.038422,22.417961,0.80201009,0.60310982,42.213721,25.459509,0.7943392,0.62473613,35.831002,22.384922,0.84230569,0.63312347,32.595421,20.636926
0b_rotation_best,file,14,baseline_rotation,1704,031.Black_billed_Cuckoo/Black_Billed_Cuckoo_0028_26165.jpg,31,30,031.Black_billed_Cuckoo,186,185,identity,identity,0,{},2.7745695,2.7745695,0,0.062376317,0.062376317,0.29789898,0.29789898,-0.23552266,-0.23552266,0,1,1,180.47282,180.47282,False,1,True,False,False,1,1,180.47282,180.47282,1,1,177.41089,177.41089,1,1,33.103122,33.103122,1,1,33.777359,33.777359,1,1,75.153679,75.153679,1,1,101.26423,101.26423,1,1,90.153694,90.153694,1,1,79.394622,79.394622
0b_rotation_best,file,14,baseline_rotation,1704,031.Black_billed_Cuckoo/Black_Billed_Cuckoo_0028_26165.jpg,31,30,031.Black_billed_Cuckoo,186,185,rotation,rotation,0,"{""angle"":12.161824}",2.7745695,1.7453743,-1.0291952,0.062376317,0.17457964,0.29789898,0.060449958,-0.23552266,0.11412968,0.34965234,0.71693763,0.82861589,180.47282,149.54265,False,0.95221996,False,False,False,0.71693763,0.82861589,180.47282,149.54265,0.70946553,0.82745307,177.41089,146.79919,0.9236681,0.86134518,33.103122,28.513215,0.69422608,0.86998858,33.777359,29.385917,0.55122102,0.82936203,75.153679,62.329608,0.74290886,0.77106225,101.26423,78.081023,0.74148838,0.87442863,90.153694,78.832971,0.76353796,0.84399916,79.394622,67.008995
0b_rotation_best,file,14,baseline_rotation,3415,059.California_Gull/California_Gull_0074_41358.jpg,59,58,059.California_Gull,146,145,identity,identity,0,{},2.2471099,2.2471099,0,0.10570426,0.10570426,0.27967831,0.27967831,-0.17397405,-0.17397405,0,1,1,150.86454,150.86454,False,1,True,False,False,1,1,150.86454,150.86454,1,1,148.27983,148.27983,1,1,27.806525,27.806525,1,1,35.562479,35.562479,1,1,68.964893,68.964893,1,1,74.435607,74.435607,1,1,75.141976,75.141976,1,1,69.130928,69.130928
0b_rotation_best,file,14,baseline_rotation,3415,059.California_Gull/California_Gull_0074_41358.jpg,59,58,059.California_Gull,146,145,rotation,rotation,0,"{""angle"":2.973216}",2.2471099,2.2759471,0.028837204,0.10570426,0.10269959,0.27967831,0.27511752,-0.17397405,-0.17241793,0.0015561208,0.88810014,1.060807,150.86454,160.03816,False,0.99328768,False,False,False,0.88810014,1.060807,150.86454,160.03816,0.88434992,1.0597221,148.27983,157.13541,0.99203246,1.0912063,27.806525,30.342654,0.87361507,1.4197218,35.562479,50.488827,0.85604624,1.0144989,68.964893,69.964808,0.87176233,1.0284617,74.435607,76.554173,0.90140308,1.0377417,75.141976,77.97796,0.9247743,1.0537096,69.130928,72.843925
0b_rotation_best,file,14,baseline_rotation,9006,154.Red_eyed_Vireo/Red_Eyed_Vireo_0029_156777.jpg,154,153,154.Red_eyed_Vireo,151,150,identity,identity,0,{},0.035227224,0.035227224,0,0.96538603,0.96538603,0.018402031,0.018402031,0.946984,0.946984,0,1,1,6.0855156,6.0855156,False,1,True,True,True,1,1,6.0855156,6.0855156,1,1,5.9470756,5.9470756,1,1,1.2906554,1.2906554,1,1,1.1893884,1.1893884,1,1,2.797834,2.797834,1,1,3.1616833,3.1616833,1,1,2.9040992,2.9040992,1,1,2.7740143,2.7740143
0b_rotation_best,file,14,baseline_rotation,9006,154.Red_eyed_Vireo/Red_Eyed_Vireo_0029_156777.jpg,154,153,154.Red_eyed_Vireo,151,150,rotation,rotation,0,"{""angle"":-5.627052}",0.035227224,0.057639997,0.022412773,0.96538603,0.94398975,0.018402031,0.028948752,0.946984,0.915041,-0.031943001,0.81641897,1.7304272,6.0855156,10.530541,False,0.98220271,True,True,True,0.81641897,1.7304272,6.0855156,10.530541,0.81012744,1.7405513,5.9470756,10.35119,0.98021808,1.4994257,1.2906554,1.9352418,0.73424262,2.0058527,1.1893884,2.3857379,0.81150446,1.9397468,2.797834,5.4270897,0.78382464,1.7226345,3.1616833,5.4464248,0.80901514,1.6447984,2.9040992,4.7766578,0.87671054,1.5927752,2.7740143,4.4183812
0b_rotation_best,file,14,baseline_rotation,6037,104.American_Pipit/American_Pipit_0074_100154.jpg,104,103,104.American_Pipit,131,130,identity,identity,0,{},0.017812639,0.017812639,0,0.98234504,0.98234504,0.0034481448,0.0034481448,0.9788969,0.9788969,0,1,1,3.0853293,3.0853293,False,1,True,True,True,1,1,3.0853293,3.0853293,1,1,3.041675,3.041675,1,1,0.51717562,0.51717562,1,1,0.81810704,0.81810704,1,1,1.3953807,1.3953807,1,1,1.6691459,1.6691459,1,1,1.4296958,1.4296958,1,1,1.3436227,1.3436227
0b_rotation_best,file,14,baseline_rotation,6037,104.American_Pipit/American_Pipit_0074_100154.jpg,104,103,104.American_Pipit,131,130,rotation,rotation,0,"{""angle"":-14.833224}",0.017812639,0.010208064,-0.0076045757,0.98234504,0.98984385,0.0034481448,0.0020364816,0.9788969,0.98780736,0.0089104639,0.78239576,0.57874634,3.0853293,1.7856231,False,0.96643424,True,True,True,0.78239576,0.57874634,3.0853293,1.7856231,0.7767441,0.57731768,3.041675,1.7560127,0.96514047,0.62616051,0.51717562,0.32383495,0.87106457,0.60240718,0.81810704,0.49283355,0.80165594,0.57019185,1.3953807,0.79563468,0.74731542,0.57811596,1.6691459,0.96495989,0.7416153,0.56734524,1.4296958,0.81113113,0.79852506,0.58535669,1.3436227,0.78649854
0b_rotation_best,file,14,baseline_rotation,6111,105.Whip_poor_Will/Whip_Poor_Will_0006_22800.jpg,105,104,105.Whip_poor_Will,92,91,identity,identity,0,{},5.3968019,5.3968019,0,0.0045310492,0.0045310492,0.84502137,0.84502137,-0.84049032,-0.84049032,0,1,1,184.30297,184.30297,False,1.0000001,True,False,False,1,1,184.30297,184.30297,1,1,181.24796,181.24796,1,1,33.417998,33.417998,1,1,46.284754,46.284754,1,1,96.703956,96.703956,1,1,98.334054,98.334054,1,1,77.541335,77.541335,1,1,75.330228,75.330228
0b_rotation_best,file,14,baseline_rotation,6111,105.Whip_poor_Will/Whip_Poor_Will_0006_22800.jpg,105,104,105.Whip_poor_Will,92,91,rotation,rotation,0,"{""angle"":14.117454}",5.3968019,4.2842636,-1.1125383,0.0045310492,0.013783766,0.84502137,0.81459206,-0.84049032,-0.8008083,0.03968202,0.76224406,1.098701,184.30297,202.49386,False,0.95172048,True,False,False,0.76224406,1.098701,184.30297,202.49386,0.75585782,1.0989494,181.24796,199.18232,0.9514248,1.0913701,33.417998,36.471402,0.68577449,1.006575,46.284754,46.589074,0.78059407,0.94019308,96.703956,90.92039,0.75694065,1.1611945,98.334054,114.18497,0.73734751,1.2116684,77.541335,93.954383,0.78462826,1.1397016,75.330228,85.853985
0b_rotation_best,file,14,baseline_rotation,5035,087.Mallard/Mallard_0061_76378.jpg,87,86,087.Mallard,46,45,identity,identity,0,{},0.030164706,0.030164706,0,0.97028571,0.97028571,0.015391354,0.015391354,0.95489436,0.95489436,0,1,1,6.3900441,6.3900441,False,1.0000001,True,True,True,1,1,6.3900441,6.3900441,1,1,6.2936021,6.2936021,1,1,1.1060003,1.1060003,1,1,1.3873885,1.3873885,1,1,3.5215262,3.5215262,1,1,3.2164636,3.2164636,1,1,2.7369128,2.7369128,1,1,2.7289381,2.7289381
0b_rotation_best,file,14,baseline_rotation,5035,087.Mallard/Mallard_0061_76378.jpg,87,86,087.Mallard,46,45,rotation,rotation,0,"{""angle"":8.43279}",0.030164706,0.073080361,0.042915655,0.97028571,0.92952615,0.015391354,0.018699588,0.95489436,0.91082656,-0.044067797,0.75307865,1.9195992,6.3900441,12.266324,False,0.96997613,True,True,True,0.75307865,1.9195992,6.3900441,12.266324,0.74676844,1.9152911,6.2936021,12.05408,0.94537736,2.0542219,1.1060003,2.2719701,0.68888148,1.9656307,1.3873885,2.7270934,0.81449573,1.8852962,3.5215262,6.6391201,0.72293616,1.9935393,3.2164636,6.4121467,0.66935132,1.8176164,2.7369128,4.9746577,0.76141398,1.9363673,2.7289381,5.2842266
0b_rotation_best,file,14,baseline_rotation,9757,166.Golden_winged_Warbler/Golden_Winged_Warbler_0016_794841.jpg,166,165,166.Golden_winged_Warbler,48,47,identity,identity,0,{},0.035911851,0.035911851,0,0.96472532,0.96472532,0.0076543968,0.0076543968,0.95707092,0.95707092,0,1,1,5.5117408,5.5117408,False,1,True,True,True,1,1,5.5117408,5.5117408,1,1,5.422844,5.422844,1,1,0.98592602,0.98592602,1,1,1.2584029,1.2584029,1,1,2.1613582,2.1613582,1,1,2.7175692,2.7175692,1,1,2.6128249,2.6128249,1,1,2.9900089,2.9900089
0b_rotation_best,file,14,baseline_rotation,9757,166.Golden_winged_Warbler/Golden_Winged_Warbler_0016_794841.jpg,166,165,166.Golden_winged_Warbler,48,47,rotation,rotation,0,"{""angle"":9.547414}",0.035911851,0.029565141,-0.00634671,0.96472532,0.97086763,0.0076543968,0.0050401026,0.95707092,0.96582753,0.0087566124,0.77792401,0.92683513,5.5117408,5.108475,False,0.97591007,True,True,True,0.77792401,0.92683513,5.5117408,5.108475,0.77251388,0.93042792,5.422844,5.0455655,0.97296954,0.81065024,0.98592602,0.79924117,0.84106554,1.0785664,1.2584029,1.3572711,0.7448651,0.906819,2.1613582,1.9599607,0.74763163,0.94392786,2.7175692,2.5651893,0.75863935,0.97259366,2.6128249,2.541217,0.81132391,0.86802542,2.9900089,2.5954037
0b_rotation_best,file,14,baseline_rotation,8411,144.Common_Tern/Common_Tern_0043_147753.jpg,144,143,144.Common_Tern,141,140,identity,identity,0,{},4.0520825,4.0520825,0,0.017386133,0.017386133,0.52474195,0.52474195,-0.50735581,-0.50735581,0,1,1,160.21055,160.21055,False,1,True,False,False,1,1,160.21055,160.21055,1,1,156.73352,156.73352,1,1,33.196763,33.196763,1,1,25.016766,25.016766,1,1,71.391247,71.391247,1,1,78.568908,78.568908,1,1,80.074784,80.074784,1,1,79.106279,79.106279
0b_rotation_best,file,14,baseline_rotation,8411,144.Common_Tern/Common_Tern_0043_147753.jpg,144,143,144.Common_Tern,141,140,rotation,rotation,0,"{""angle"":-11.367454}",4.0520825,4.7086353,0.65655279,0.017386133,0.0090170763,0.52474195,0.6506995,-0.50735581,-0.64168242,-0.13432661,0.80982301,1.0860789,160.21055,174.00131,False,0.97317547,True,False,False,0.80982301,1.0860789,160.21055,174.00131,0.80284891,1.08393,156.73352,169.88816,0.95931655,1.1329241,33.196763,37.609414,0.75993048,1.1432382,25.016766,28.600124,0.78768236,1.1659087,71.391247,83.235673,0.78670606,1.0684689,78.568908,83.948438,0.80344633,1.0392744,80.074784,83.219673,0.83914491,1.068388,79.106279,84.516201
0b_rotation_best,file,14,baseline_rotation,10264,175.Pine_Warbler/Pine_Warbler_0091_171627.jpg,175,174,175.Pine_Warbler,157,156,identity,identity,0,{},2.5836389,2.5836389,0,0.075498775,0.075498775,0.80803555,0.80803555,-0.73253678,-0.73253678,0,1,1,159.78092,159.78092,False,1,True,False,False,1,1,159.78092,159.78092,1,1,156.52933,156.52933,1,1,32.070363,32.070363,1,1,36.327463,36.327463,1,1,79.123675,79.123675,1,1,88.054059,88.054059,1,1,72.464142,72.464142,1,1,62.582928,62.582928
0b_rotation_best,file,14,baseline_rotation,10264,175.Pine_Warbler/Pine_Warbler_0091_171627.jpg,175,174,175.Pine_Warbler,157,156,rotation,rotation,0,"{""angle"":-7.932238}",2.5836389,1.5326755,-1.0509634,0.075498775,0.21595712,0.80803555,0.75517535,-0.73253678,-0.53921823,0.19331855,0.80351242,0.9422533,159.78092,150.55409,False,0.96790606,True,False,False,0.80351242,0.9422533,159.78092,150.55409,0.79644818,0.94086454,156.52933,147.2729,0.96643052,0.97475194,32.070363,31.260649,0.68307722,0.88732923,36.327463,32.23442,0.8152847,0.89791302,79.123675,71.046178,0.8260656,0.92783406,88.054059,81.699555,0.77065864,0.97460298,72.464142,70.623769,0.78671406,1.0029997,62.582928,62.770661
0b_rotation_best,file,14,baseline_rotation,955,018.Spotted_Catbird/Spotted_Catbird_0012_796802.jpg,18,17,018.Spotted_Catbird,37,36,identity,identity,0,{},0.013284976,0.013284976,0,0.98680288,0.98680288,0.0033646603,0.0033646603,0.98343822,0.98343822,0,1,1,3.1115903,3.1115903,False,0.99999988,True,True,True,1,1,3.1115903,3.1115903,1,1,3.0801589,3.0801589,1,1,0.44115221,0.44115221,1,1,0.71910575,0.71910575,1,1,1.5334161,1.5334161,1,1,1.768673,1.768673,1,1,1.3184346,1.3184346,1,1,1.3237927,1.3237927
0b_rotation_best,file,14,baseline_rotation,955,018.Spotted_Catbird/Spotted_Catbird_0012_796802.jpg,18,17,018.Spotted_Catbird,37,36,rotation,rotation,0,"{""angle"":-13.22607}",0.013284976,0.00455485,-0.0087301256,0.98680288,0.9954555,0.0033646603,0.0018040967,0.98343822,0.99365141,0.010213191,0.85980665,0.36259054,3.1115903,1.1282332,False,0.98255408,True,True,True,0.85980665,0.36259054,3.1115903,1.1282332,0.85744342,0.36240445,3.0801589,1.1162633,0.97243844,0.37154929,0.44115221,0.16390979,0.87803534,0.39328068,0.71910575,0.2828104,0.84571034,0.3437833,1.5334161,0.52716284,0.87188716,0.36749909,1.768673,0.6499857,0.8241328,0.36279331,1.3184346,0.47831926,0.87513731,0.36766643,1.3237927,0.48671414
0b_rotation_best,file,14,baseline_rotation,762,014.Indigo_Bunting/Indigo_Bunting_0026_11964.jpg,14,13,014.Indigo_Bunting,54,53,identity,identity,0,{},0.4600578,0.4600578,0,0.63124716,0.63124716,0.23223238,0.23223238,0.39901479,0.39901479,0,1,1,67.994011,67.994011,False,1,True,True,True,1,1,67.994011,67.994011,1,1,66.936322,66.936322,1,1,11.946313,11.946313,1,1,11.11832,11.11832,1,1,24.793546,24.793546,1,1,41.81804,41.81804,1,1,33.560705,33.560705,1,1,29.445964,29.445964
0b_rotation_best,file,14,baseline_rotation,762,014.Indigo_Bunting/Indigo_Bunting_0026_11964.jpg,14,13,014.Indigo_Bunting,54,53,rotation,rotation,0,"{""angle"":2.490916}",0.4600578,0.85874683,0.39868903,0.63124716,0.4236927,0.23223238,0.4039655,0.39901479,0.0197272,-0.37928759,0.88731208,1.456655,67.994011,99.043819,False,0.99145031,True,True,True,0.88731208,1.456655,67.994011,99.043819,0.8840126,1.4455496,66.936322,96.759773,0.98948294,1.7702265,11.946313,21.14768,0.79376554,1.6508534,11.11832,18.354717,0.80625069,1.3815935,24.793546,34.254602,0.8958772,1.4289583,41.81804,59.756236,0.88976974,1.4091624,33.560705,47.292483,0.9221586,1.5356738,29.445964,45.219394
0b_rotation_best,file,14,baseline_rotation,9402,160.Black_throated_Blue_Warbler/Black_Throated_Blue_Warbler_0108_161714.jpg,160,159,160.Black_throated_Blue_Warbler,164,163,identity,identity,0,{},0.0010090742,0.0010090742,0,0.99899143,0.99899143,0.00047165388,0.00047165388,0.99851978,0.99851978,0,1,1,0.23445094,0.23445094,False,0.99999994,True,True,True,1,1,0.23445094,0.23445094,1,1,0.23012594,0.23012594,1,1,0.044825151,0.044825151,1,1,0.051604838,0.051604838,1,1,0.10825607,0.10825607,1,1,0.13102409,0.13102409,1,1,0.11358956,0.11358956,1,1,0.092225873,0.092225873
0b_rotation_best,file,14,baseline_rotation,9402,160.Black_throated_Blue_Warbler/Black_Throated_Blue_Warbler_0108_161714.jpg,160,159,160.Black_throated_Blue_Warbler,164,163,rotation,rotation,0,"{""angle"":-14.373268}",0.0010090742,0.00070439797,-0.00030467618,0.99899143,0.99929583,0.00047165388,0.00017034553,0.99851978,0.99912549,0.00060570927,0.6605172,0.5319738,0.23445094,0.12472176,False,0.97307456,True,True,True,0.6605172,0.5319738,0.23445094,0.12472176,0.64904655,0.52846854,0.23012594,0.12161432,0.92700491,0.6172249,0.044825151,0.0276672,0.67916368,0.62427914,0.051604838,0.032215824,0.61899467,0.47914167,0.10825607,0.051869992,0.66400137,0.48908459,0.13102409,0.064081862,0.61534566,0.53337187,0.11358956,0.060585478,0.70944408,0.62142483,0.092225873,0.057311448
0b_rotation_best,file,14,baseline_rotation,11244,191.Red_headed_Woodpecker/Red_Headed_Woodpecker_0022_183010.jpg,191,190,191.Red_headed_Woodpecker,139,138,identity,identity,0,{},0.00095631636,0.00095631636,0,0.99904412,0.99904412,0.00010841191,0.00010841191,0.99893571,0.99893571,0,1,1,0.12686666,0.12686666,False,1,True,True,True,1,1,0.12686666,0.12686666,1,1,0.12318208,0.12318208,1,1,0.03035334,0.03035334,1,1,0.024746592,0.024746592,1,1,0.041545196,0.041545196,1,1,0.056189925,0.056189925,1,1,0.060866263,0.060866263,1,1,0.077287888,0.077287888
0b_rotation_best,file,14,baseline_rotation,11244,191.Red_headed_Woodpecker/Red_Headed_Woodpecker_0022_183010.jpg,191,190,191.Red_headed_Woodpecker,139,138,rotation,rotation,0,"{""angle"":14.505536}",0.00095631636,0.00050317502,-0.00045314134,0.99904412,0.99949694,0.00010841191,0.00018609822,0.99893571,0.99931084,0.00037513018,0.72844859,0.54043099,0.12686666,0.068562675,False,0.98305517,True,True,True,0.72844859,0.54043099,0.12686666,0.068562675,0.71381703,0.53747825,0.12318208,0.066207688,0.95176873,0.58692824,0.03035334,0.017815233,0.75527444,0.69555134,0.024746592,0.017212525,0.57788128,0.62848691,0.041545196,0.026110612,0.65631464,0.51716324,0.056189925,0.029059364,0.67605881,0.50089891,0.060866263,0.030487845,0.81582584,0.52261007,0.077287888,0.040391429
0b_rotation_best,file,14,baseline_rotation,617,012.Yellow_headed_Blackbird/Yellow_Headed_Blackbird_0017_8511.jpg,12,11,012.Yellow_headed_Blackbird,96,95,identity,identity,0,{},0.11484395,0.11484395,0,0.89150524,0.89150524,0.043647319,0.043647319,0.84785792,0.84785792,0,1,1,16.413756,16.413756,False,1,True,True,True,1,1,16.413756,16.413756,1,1,16.08133,16.08133,1,1,3.2866684,3.2866684,1,1,4.2269281,4.2269281,1,1,6.3616433,6.3616433,1,1,7.9186613,7.9186613,1,1,7.8872107,7.8872107,1,1,8.6809256,8.6809256
0b_rotation_best,file,14,baseline_rotation,617,012.Yellow_headed_Blackbird/Yellow_Headed_Blackbird_0017_8511.jpg,12,11,012.Yellow_headed_Blackbird,96,95,rotation,rotation,0,"{""angle"":2.508772}",0.11484395,0.043597527,-0.071246423,0.89150524,0.95733917,0.043647319,0.01036162,0.84785792,0.94697755,0.099119625,0.82922157,0.43856744,16.413756,7.1985388,False,0.98623025,True,True,True,0.82922157,0.43856744,16.413756,7.1985388,0.82382313,0.43987024,16.08133,7.0736986,0.97174252,0.40613212,3.2866684,1.3348216,0.84721549,0.48074763,4.2269281,2.0320857,0.75053331,0.43430875,6.3616433,2.7629174,0.79922934,0.4714308,7.9186613,3.7331008,0.81775388,0.42977237,7.8872107,3.3897053,0.89200077,0.41290626,8.6809256,3.5844085
0b_rotation_best,file,14,baseline_rotation,10429,178.Swainson_Warbler/Swainson_Warbler_0025_794881.jpg,178,177,178.Swainson_Warbler,181,180,identity,identity,0,{},1.9748942,1.9748942,0,0.138776,0.138776,0.32660893,0.32660893,-0.18783292,-0.18783292,0,1,1,115.46706,115.46706,False,1,True,False,False,1,1,115.46706,115.46706,1,1,112.85683,112.85683,1,1,24.412665,24.412665,1,1,22.576709,22.576709,1,1,55.980403,55.980403,1,1,61.20294,61.20294,1,1,52.584747,52.584747,1,1,50.815296,50.815296
0b_rotation_best,file,14,baseline_rotation,10429,178.Swainson_Warbler/Swainson_Warbler_0025_794881.jpg,178,177,178.Swainson_Warbler,181,180,rotation,rotation,0,"{""angle"":10.982608}",1.9748942,2.8670759,0.89218175,0.138776,0.056864958,0.32660893,0.14864451,-0.18783292,-0.091779549,0.096053373,0.75487911,1.2927901,115.46706,149.27467,False,0.95174253,False,False,False,0.75487911,1.2927901,115.46706,149.27467,0.74834565,1.2985423,112.85683,146.54936,0.9151688,1.1630799,24.412665,28.393879,0.81762977,1.7613548,22.576709,39.765595,0.75322824,1.2850414,55.980403,71.937136,0.77894874,1.3025048,61.20294,79.717126,0.70130309,1.2498072,52.584747,65.720796,0.73799998,1.2518172,50.815296,63.611463
0b_rotation_best,file,14,baseline_rotation,7544,129.Song_Sparrow/Song_Sparrow_0007_121133.jpg,129,128,129.Song_Sparrow,125,124,identity,identity,0,{},1.6177883,1.6177883,0,0.19833687,0.19833687,0.75371456,0.75371456,-0.55537769,-0.55537769,0,1,1,209.99218,209.99218,False,1,True,False,False,1,1,209.99218,209.99218,1,1,206.18085,206.18085,1,1,39.826777,39.826777,1,1,35.493449,35.493449,1,1,109.6509,109.6509,1,1,116.31883,116.31883,1,1,95.744745,95.744745,1,1,80.810344,80.810344
0b_rotation_best,file,14,baseline_rotation,7544,129.Song_Sparrow/Song_Sparrow_0007_121133.jpg,129,128,129.Song_Sparrow,125,124,rotation,rotation,0,"{""angle"":-11.949574}",1.6177883,0.42645514,-1.1913332,0.19833687,0.65281916,0.75371456,0.26390421,-0.55537769,0.38891494,0.94429263,0.8231035,0.41172091,209.99218,86.458173,False,0.93974507,False,False,True,0.8231035,0.41172091,209.99218,86.458173,0.8194899,0.41286667,206.18085,85.125202,0.93118926,0.37972815,39.826777,15.123348,0.80534252,0.44770434,35.493449,15.890571,0.82503908,0.42205719,109.6509,46.278952,0.82930777,0.41776245,116.31883,48.593641,0.80345455,0.40578026,95.744745,38.851328,0.81609348,0.38764098,80.810344,31.325401
0b_rotation_best,file,14,baseline_rotation,6861,118.House_Sparrow/House_Sparrow_0006_111034.jpg,118,117,118.House_Sparrow,130,129,identity,identity,0,{},0.97540677,0.97540677,0,0.37703896,0.37703896,0.56153411,0.56153411,-0.18449515,-0.18449515,0,1,1,127.07721,127.07721,False,0.99999988,True,False,False,1,1,127.07721,127.07721,1,1,124.06458,124.06458,1,1,27.506319,27.506319,1,1,20.772991,20.772991,1,1,51.963321,51.963321,1,1,71.803565,71.803565,1,1,60.58458,60.58458,1,1,58.600966,58.600966
0b_rotation_best,file,14,baseline_rotation,6861,118.House_Sparrow/House_Sparrow_0006_111034.jpg,118,117,118.House_Sparrow,130,129,rotation,rotation,0,"{""angle"":-14.68755}",0.97540677,1.199862,0.22445524,0.37703896,0.30123582,0.56153411,0.55629599,-0.18449515,-0.25506017,-0.070565015,0.78885846,1.0664563,127.07721,135.52229,False,0.95282626,True,False,False,0.78885846,1.0664563,127.07721,135.52229,0.7808008,1.0654043,124.06458,132.17893,0.94959059,1.0876378,27.506319,29.916913,0.61993511,1.1068171,20.772991,22.991901,0.6803054,0.97577346,51.963321,50.70443,0.8424279,1.1255963,71.803565,80.82183,0.78015075,1.0592613,60.58458,64.174898,0.78146337,1.040955,58.600966,61.000969
0b_rotation_best,file,14,baseline_rotation,9382,160.Black_throated_Blue_Warbler/Black_Throated_Blue_Warbler_0060_161644.jpg,160,159,160.Black_throated_Blue_Warbler,21,20,identity,identity,0,{},0.0090439199,0.0090439199,0,0.99099684,0.99099684,0.0028993255,0.0028993255,0.98809751,0.98809751,0,1,1,1.4568279,1.4568279,False,0.99999988,True,True,True,1,1,1.4568279,1.4568279,1,1,1.423746,1.423746,1,1,0.30869877,0.30869877,1,1,0.41163928,0.41163928,1,1,0.70085381,0.70085381,1,1,0.68130612,0.68130612,1,1,0.66136864,0.66136864,1,1,0.68177944,0.68177944
0b_rotation_best,file,14,baseline_rotation,9382,160.Black_throated_Blue_Warbler/Black_Throated_Blue_Warbler_0060_161644.jpg,160,159,160.Black_throated_Blue_Warbler,21,20,rotation,rotation,0,"{""angle"":-13.907652}",0.0090439199,0.018376339,0.0093324194,0.99099684,0.9817915,0.0028993255,0.0078024184,0.98809751,0.97398908,-0.014108434,0.7918432,2.3308556,1.4568279,3.3956556,False,0.96986216,True,True,True,0.7918432,2.3308556,1.4568279,3.3956556,0.78410635,2.3326457,1.423746,3.3210949,0.95941643,2.2924485,0.30869877,0.70767602,0.82233494,2.4697114,0.41163928,1.0166302,0.84298256,2.420713,0.70085381,1.6965659,0.75753013,2.3793929,0.68130612,1.6210949,0.7214701,2.2657551,0.66136864,1.4984994,0.79245661,2.1973606,0.68177944,1.4981153
0b_rotation_best,file,14,baseline_rotation,1415,026.Bronzed_Cowbird/Bronzed_Cowbird_0052_796216.jpg,26,25,026.Bronzed_Cowbird,49,48,identity,identity,0,{},3.4300237,3.4300237,0,0.032386173,0.032386173,0.50990945,0.50990945,-0.47752328,-0.47752328,0,1,1,129.05918,129.05918,False,1,True,False,False,1,1,129.05918,129.05918,1,1,125.01377,125.01377,1,1,32.059757,32.059757,1,1,39.40518,39.40518,1,1,60.970797,60.970797,1,1,59.065629,59.065629,1,1,57.585386,57.585386,1,1,59.610499,59.610499
0b_rotation_best,file,14,baseline_rotation,1415,026.Bronzed_Cowbird/Bronzed_Cowbird_0052_796216.jpg,26,25,026.Bronzed_Cowbird,49,48,rotation,rotation,0,"{""angle"":4.136004}",3.4300237,3.1112866,-0.31873703,0.032386173,0.044543616,0.50990945,0.61151141,-0.47752328,-0.56696779,-0.089444514,0.80380538,1.0625952,129.05918,137.13766,False,0.9862833,True,False,False,0.80380538,1.0625952,129.05918,137.13766,0.79328912,1.0675256,125.01377,133.4554,0.9796572,0.98458942,32.059757,31.565697,0.80946368,0.90280208,39.40518,35.575078,0.78416484,1.0256056,60.970797,62.531992,0.68843657,1.1175999,59.065629,66.01174,0.80696408,1.1189629,57.585386,64.435912,0.89643953,1.0774267,59.610499,64.225945
0b_rotation_best,file,14,baseline_rotation,1897,034.Gray_crowned_Rosy_Finch/Gray_Crowned_Rosy_Finch_0006_797284.jpg,34,33,034.Gray_crowned_Rosy_Finch,16,15,identity,identity,0,{},0.0014881737,0.0014881737,0,0.99851292,0.99851292,0.00016809738,0.00016809738,0.99834483,0.99834483,0,1,1,0.21811827,0.21811827,False,1.0000001,True,True,True,1,1,0.21811827,0.21811827,1,1,0.21190106,0.21190106,1,1,0.051706109,0.051706109,1,1,0.031286995,0.031286995,1,1,0.086675676,0.086675676,1,1,0.12476205,0.12476205,1,1,0.098488026,0.098488026,1,1,0.10557011,0.10557011
0b_rotation_best,file,14,baseline_rotation,1897,034.Gray_crowned_Rosy_Finch/Gray_Crowned_Rosy_Finch_0006_797284.jpg,34,33,034.Gray_crowned_Rosy_Finch,16,15,rotation,rotation,0,"{""angle"":3.267078}",0.0014881737,0.003371628,0.0018834543,0.99851292,0.99663407,0.00016809738,0.00014852606,0.99834483,0.99648554,-0.0018592863,0.77533027,2.6926338,0.21811827,0.58731262,False,0.976538,True,True,True,0.77533027,2.6926338,0.21811827,0.58731262,0.76667574,2.7062162,0.21190106,0.57345008,0.93921183,2.4533035,0.051706109,0.12685078,0.65949366,3.6659287,0.031286995,0.11469589,0.77921347,2.9387653,0.086675676,0.25471947,0.77538928,2.5145069,0.12476205,0.31371504,0.71985534,2.8165913,0.098488026,0.27740052,0.81310279,2.6017102,0.10557011,0.27466283
0b_rotation_best,file,14,baseline_rotation,8323,142.Black_Tern/Black_Tern_0069_144359.jpg,142,141,142.Black_Tern,160,159,identity,identity,0,{},0.11325599,0.11325599,0,0.89292204,0.89292204,0.0213561,0.0213561,0.87156594,0.87156594,0,1,1,17.405309,17.405309,False,1,True,True,True,1,1,17.405309,17.405309,1,1,17.144806,17.144806,1,1,3.0000714,3.0000714,1,1,3.6447521,3.6447521,1,1,8.1668305,8.1668305,1,1,9.2187004,9.2187004,1,1,7.8266738,7.8266738,1,1,8.2293231,8.2293231
0b_rotation_best,file,14,baseline_rotation,8323,142.Black_Tern/Black_Tern_0069_144359.jpg,142,141,142.Black_Tern,160,159,rotation,rotation,0,"{""angle"":-6.889023}",0.11325599,0.15911546,0.045859471,0.89292204,0.85289788,0.0213561,0.045861211,0.87156594,0.80703667,-0.064529272,0.83227059,1.4704498,17.405309,25.593633,False,0.96804726,True,True,True,0.83227059,1.4704498,17.405309,25.593633,0.82846897,1.4710505,17.144806,25.220874,0.95824801,1.4506957,3.0000714,4.3521905,0.84995042,1.577401,3.6447521,5.7492358,0.84286819,1.6009615,8.1668305,13.074781,0.81930731,1.4441566,9.2187004,13.313247,0.80644615,1.4494937,7.8266738,11.344714,0.84677611,1.3647994,8.2293231,11.231375
0b_rotation_best,file,14,baseline_rotation,4275,074.Florida_Jay/Florida_Jay_0029_65114.jpg,74,73,074.Florida_Jay,79,78,identity,identity,0,{},1.2507759,1.2507759,0,0.28628257,0.28628257,0.18636765,0.18636765,0.099914923,0.099914923,0,1,1,151.75752,151.75752,False,1,True,True,True,1,1,151.75752,151.75752,1,1,150.1781,150.1781,1,1,21.837692,21.837692,1,1,34.935626,34.935626,1,1,71.687656,71.687656,1,1,80.875492,80.875492,1,1,74.580062,74.580062,1,1,63.959455,63.959455
0b_rotation_best,file,14,baseline_rotation,4275,074.Florida_Jay/Florida_Jay_0029_65114.jpg,74,73,074.Florida_Jay,79,78,rotation,rotation,0,"{""angle"":10.539079}",1.2507759,1.4726759,0.22189999,0.28628257,0.22931105,0.18636765,0.056689769,0.099914923,0.17262128,0.072706357,0.78256961,0.84206717,151.75752,127.79003,False,0.96336651,True,True,True,0.78256961,0.84206717,151.75752,127.79003,0.77886455,0.83691579,150.1781,125.68642,0.94218548,1.0574125,21.837692,23.091449,0.69694928,0.77792496,34.935626,27.177296,0.79263524,0.7302154,71.687656,52.34743,0.76584294,0.81101276,80.875492,65.591057,0.78709199,0.90478513,74.580062,67.47893,0.80811314,0.92002142,63.959455,58.844069
0b_rotation_best,file,14,baseline_rotation,4612,079.Belted_Kingfisher/Belted_Kingfisher_0084_70399.jpg,79,78,079.Belted_Kingfisher,82,81,identity,identity,0,{},0.17307813,0.17307813,0,0.8410719,0.8410719,0.064889677,0.064889677,0.77618223,0.77618223,0,1,1,28.025374,28.025374,False,0.99999988,True,True,True,1,1,28.025374,28.025374,1,1,27.620787,27.620787,1,1,4.7448629,4.7448629,1,1,5.2386246,5.2386246,1,1,13.513678,13.513678,1,1,13.623937,13.623937,1,1,14.269746,14.269746,1,1,12.790928,12.790928
0b_rotation_best,file,14,baseline_rotation,4612,079.Belted_Kingfisher/Belted_Kingfisher_0084_70399.jpg,79,78,079.Belted_Kingfisher,82,81,rotation,rotation,0,"{""angle"":-4.701342}",0.17307813,0.081719436,-0.091358699,0.8410719,0.92153049,0.064889677,0.043471813,0.77618223,0.87805867,0.10187645,0.83383645,0.49437675,28.025374,13.855093,False,0.97367877,True,True,True,0.83383645,0.49437675,28.025374,13.855093,0.82977645,0.49356943,27.620787,13.632776,0.96535543,0.5209951,4.7448629,2.4720503,0.75195378,0.55836066,5.2386246,2.9250419,0.84183192,0.4272962,13.513678,5.7743435,0.81090909,0.52648891,13.623937,7.1728518,0.83129319,0.50322706,14.269746,7.1809224,0.86523964,0.50022154,12.790928,6.3982979
0b_rotation_best,file,14,baseline_rotation,5800,099.Ovenbird/Ovenbird_0096_93131.jpg,99,98,099.Ovenbird,183,182,identity,identity,0,{},0.014286851,0.014286851,0,0.98581475,0.98581475,0.0036932353,0.0036932353,0.98212151,0.98212151,0,1,1,2.2149617,2.2149617,False,0.99999994,True,True,True,1,1,2.2149617,2.2149617,1,1,2.1756959,2.1756959,1,1,0.41521366,0.41521366,1,1,0.42356367,0.42356367,1,1,1.2240163,1.2240163,1,1,0.97094755,0.97094755,1,1,0.96519072,0.96519072,1,1,1.0870596,1.0870596
0b_rotation_best,file,14,baseline_rotation,5800,099.Ovenbird/Ovenbird_0096_93131.jpg,99,98,099.Ovenbird,183,182,rotation,rotation,0,"{""angle"":13.980667}",0.014286851,0.0070746629,-0.0072121876,0.98581475,0.99295032,0.0036932353,0.0026653956,0.98212151,0.99028492,0.0081634098,0.82916306,0.48228594,2.2149617,1.0682449,False,0.97904176,True,True,True,0.82916306,0.48228594,2.2149617,1.0682449,0.82366809,0.48011714,2.1756959,1.0445889,0.96893684,0.53843251,0.41521366,0.22356453,0.79625098,0.51929176,0.42356367,0.21995312,0.91225488,0.49646183,1.2240163,0.60767737,0.76625258,0.47586495,0.97094755,0.46203991,0.73851938,0.46331453,0.96519072,0.44718689,0.82387495,0.46911753,1.0870596,0.50995869
0b_rotation_best,file,14,baseline_rotation,7074,121.Grasshopper_Sparrow/Grasshopper_Sparrow_0110_115644.jpg,121,120,121.Grasshopper_Sparrow,128,127,identity,identity,0,{},3.1006327,3.1006327,0,0.045020711,0.045020711,0.4095085,0.4095085,-0.36448779,-0.36448779,0,1,1,154.18975,154.18975,False,1,True,False,False,1,1,154.18975,154.18975,1,1,150.73943,150.73943,1,1,32.436135,32.436135,1,1,44.336491,44.336491,1,1,66.623898,66.623898,1,1,79.306261,79.306261,1,1,71.278265,71.278265,1,1,70.340836,70.340836
0b_rotation_best,file,14,baseline_rotation,7074,121.Grasshopper_Sparrow/Grasshopper_Sparrow_0110_115644.jpg,121,120,121.Grasshopper_Sparrow,128,127,rotation,rotation,0,"{""angle"":-2.212399}",3.1006327,2.7828436,-0.31778908,0.045020711,0.061862357,0.4095085,0.26782328,-0.36448779,-0.20596092,0.15852686,0.84698126,0.80291751,154.18975,123.80165,False,0.98217583,True,False,False,0.84698126,0.80291751,154.18975,123.80165,0.84108524,0.79626058,150.73943,120.02787,0.96580886,0.93519567,32.436135,30.334133,0.86341685,0.6884132,44.336491,30.521826,0.82442434,0.75213798,66.623898,50.110364,0.83335836,0.80893622,79.306261,64.153707,0.84146876,0.78549893,71.278265,55.989001,0.86289869,0.86634234,70.340836,60.939245
0b_rotation_best,file,14,baseline_rotation,2325,041.Scissor_tailed_Flycatcher/Scissor_Tailed_Flycatcher_0110_42136.jpg,41,40,041.Scissor_tailed_Flycatcher,32,31,identity,identity,0,{},5.294704,5.294704,0,0.0050180987,0.0050180987,0.46187872,0.46187872,-0.45686062,-0.45686062,0,1,1,161.87612,161.87612,False,1,True,False,False,1,1,161.87612,161.87612,1,1,157.52407,157.52407,1,1,37.283286,37.283286,1,1,30.953973,30.953973,1,1,55.5462,55.5462,1,1,87.984946,87.984946,1,1,79.924818,79.924818,1,1,81.492195,81.492195
0b_rotation_best,file,14,baseline_rotation,2325,041.Scissor_tailed_Flycatcher/Scissor_Tailed_Flycatcher_0110_42136.jpg,41,40,041.Scissor_tailed_Flycatcher,32,31,rotation,rotation,0,"{""angle"":-12.416296}",5.294704,5.4168472,0.12214327,0.0050180987,0.0044411272,0.46187872,0.50367534,-0.45686062,-0.49923421,-0.042373596,0.6618488,1.112668,161.87612,180.11437,False,0.95071614,True,False,False,0.6618488,1.112668,161.87612,180.11437,0.64931319,1.1203791,157.52407,176.48669,0.9288129,0.96469921,37.283286,35.967157,0.68247074,1.1915264,30.953973,36.882475,0.48598294,1.1943977,55.5462,66.344253,0.67197268,1.1458963,87.984946,100.82163,0.63098046,1.129652,79.924818,90.287231,0.72497183,1.0317146,81.492195,84.076685
0b_rotation_best,file,14,baseline_rotation,8526,146.Forsters_Tern/Forsters_Tern_0118_151564.jpg,146,145,146.Forsters_Tern,145,144,identity,identity,0,{},0.086533867,0.086533867,0,0.91710448,0.91710448,0.02249282,0.02249282,0.89461166,0.89461166,0,1,1,14.276802,14.276802,False,1,True,True,True,1,1,14.276802,14.276802,1,1,14.070609,14.070609,1,1,2.4176498,2.4176498,1,1,4.0084089,4.0084089,1,1,7.3270863,7.3270863,1,1,7.321473,7.321473,1,1,6.1865097,6.1865097,1,1,6.0292326,6.0292326
0b_rotation_best,file,14,baseline_rotation,8526,146.Forsters_Tern/Forsters_Tern_0118_151564.jpg,146,145,146.Forsters_Tern,145,144,rotation,rotation,0,"{""angle"":-9.291813}",0.086533867,0.03856894,-0.047964927,0.91710448,0.96216536,0.02249282,0.014265222,0.89461166,0.94790013,0.053288472,0.79527062,0.43230928,14.276802,6.1719941,False,0.98353076,True,True,True,0.79527062,0.43230928,14.276802,6.1719941,0.78931015,0.42931031,14.070609,6.0406577,0.97597557,0.5238466,2.4176498,1.2664776,0.75932756,0.41631041,4.0084089,1.6687424,0.76359503,0.36044644,7.3270863,2.6410222,0.78836331,0.41981906,7.321473,3.0736939,0.79560603,0.4726786,6.1865097,2.9242308,0.84747101,0.49008691,6.0292326,2.9548479
0b_rotation_best,file,14,baseline_rotation,6685,115.Brewer_Sparrow/Brewer_Sparrow_0069_796709.jpg,115,114,115.Brewer_Sparrow,131,130,identity,identity,0,{},3.9251337,3.9251337,0,0.019739497,0.019739497,0.70718282,0.70718282,-0.68744333,-0.68744333,0,1,1,132.58266,132.58266,False,0.99999988,True,False,False,1,1,132.58266,132.58266,1,1,129.03739,129.03739,1,1,30.455105,30.455105,1,1,24.633714,24.633714,1,1,61.812661,61.812661,1,1,66.442406,66.442406,1,1,62.379787,62.379787,1,1,62.587467,62.587467
0b_rotation_best,file,14,baseline_rotation,6685,115.Brewer_Sparrow/Brewer_Sparrow_0069_796709.jpg,115,114,115.Brewer_Sparrow,131,130,rotation,rotation,0,"{""angle"":10.203433}",3.9251337,3.367301,-0.55783272,0.019739497,0.03448258,0.70718282,0.27555758,-0.68744333,-0.241075,0.44636833,0.7030611,0.86041158,132.58266,114.07565,False,0.96549779,True,False,False,0.7030611,0.86041158,132.58266,114.07565,0.69276353,0.86370462,129.03739,111.45019,0.90492403,0.79898973,30.455105,24.333316,0.76002303,0.85656571,24.633714,21.100394,0.74304477,0.84395906,61.812661,52.167355,0.63393893,0.7949621,66.442406,52.819195,0.67192017,0.89668969,62.379787,55.935312,0.71993881,0.92281873,62.587467,57.756886
0b_rotation_best,file,14,baseline_rotation,15,001.Black_footed_Albatross/Black_Footed_Albatross_0040_796066.jpg,1,0,001.Black_footed_Albatross,2,1,identity,identity,0,{},0.017155936,0.017155936,0,0.98299038,0.98299038,0.0048204879,0.0048204879,0.9781699,0.9781699,0,1,1,3.3379977,3.3379977,False,1.0000001,True,True,True,1,1,3.3379977,3.3379977,1,1,3.277259,3.277259,1,1,0.63387883,0.63387883,1,1,0.89100771,0.89100771,1,1,1.5975396,1.5975396,1,1,1.7234105,1.7234105,1,1,1.6444843,1.6444843,1,1,1.3114599,1.3114599
0b_rotation_best,file,14,baseline_rotation,15,001.Black_footed_Albatross/Black_Footed_Albatross_0040_796066.jpg,1,0,001.Black_footed_Albatross,2,1,rotation,rotation,0,"{""angle"":-5.987525}",0.017155936,0.010955541,-0.0062003946,0.98299038,0.98910427,0.0048204879,0.0027216352,0.9781699,0.98638264,0.0082127396,0.85630237,0.62073562,3.3379977,2.0720141,False,0.98879743,True,True,True,0.85630237,0.62073562,3.3379977,2.0720141,0.85131417,0.61990123,3.277259,2.0315769,0.98545739,0.64263799,0.63387883,0.40735462,0.80875209,0.62473578,0.89100771,0.5566444,0.78157623,0.62544303,1.5975396,0.99916997,0.85171251,0.61740538,1.7234105,1.0640429,0.89204923,0.61172885,1.6444843,1.0059785,0.91123595,0.62643306,1.3114599,0.82154181
0b_rotation_best,file,14,baseline_rotation,2402,042.Vermilion_Flycatcher/Vermilion_Flycatcher_0065_42467.jpg,42,41,042.Vermilion_Flycatcher,139,138,identity,identity,0,{},0.0021099227,0.0021099227,0,0.99789232,0.99789232,0.00039179574,0.00039179574,0.99750052,0.99750052,0,1,1,0.26915413,0.26915413,False,1.0000001,True,True,True,1,1,0.26915413,0.26915413,1,1,0.26276169,0.26276169,1,1,0.05831159,0.05831159,1,1,0.055000323,0.055000323,1,1,0.11282148,0.11282148,1,1,0.1158628,0.1158628,1,1,0.12975566,0.12975566,1,1,0.15175395,0.15175395
0b_rotation_best,file,14,baseline_rotation,2402,042.Vermilion_Flycatcher/Vermilion_Flycatcher_0065_42467.jpg,42,41,042.Vermilion_Flycatcher,139,138,rotation,rotation,0,"{""angle"":-8.105696}",0.0021099227,0.003815159,0.0017052363,0.99789232,0.9961921,0.00039179574,0.001234801,0.99750052,0.9949573,-0.0025432278,0.83956104,1.9866119,0.26915413,0.53470478,False,0.98647267,True,True,True,0.83956104,1.9866119,0.26915413,0.53470478,0.8334996,1.9936838,0.26276169,0.52386372,0.97581697,1.8371326,0.05831159,0.10712612,0.83115838,2.1512527,0.055000323,0.11831959,0.81550461,2.0589569,0.11282148,0.23229456,0.77974588,2.0365625,0.1158628,0.23596183,0.82788134,2.018295,0.12975566,0.2618852,0.8848426,1.8894053,0.15175395,0.28672472
0b_rotation_best,file,14,baseline_rotation,8836,151.Black_capped_Vireo/Black_Capped_Vireo_0022_797459.jpg,151,150,151.Black_capped_Vireo,114,113,identity,identity,0,{},0.0099760517,0.0099760517,0,0.99007356,0.99007356,0.003218241,0.003218241,0.98685532,0.98685532,0,1,1,1.6409705,1.6409705,False,1,True,True,True,1,1,1.6409705,1.6409705,1,1,1.6176024,1.6176024,1,1,0.27594734,0.27594734,1,1,0.4564851,0.4564851,1,1,0.76684189,0.76684189,1,1,0.83165278,0.83165278,1,1,0.7568836,0.7568836,1,1,0.74544826,0.74544826
0b_rotation_best,file,14,baseline_rotation,8836,151.Black_capped_Vireo/Black_Capped_Vireo_0022_797459.jpg,151,150,151.Black_capped_Vireo,114,113,rotation,rotation,0,"{""angle"":13.892045}",0.0099760517,0.0047030547,-0.0052729971,0.99007356,0.99530798,0.003218241,0.0023201942,0.98685532,0.99298779,0.0061324672,0.65962855,0.42377581,1.6409705,0.69540362,False,0.97468555,True,True,True,0.65962855,0.42377581,1.6409705,0.69540362,0.64903406,0.41982985,1.6176024,0.67911775,0.96242165,0.54219431,0.27594734,0.14961708,0.63538058,0.32896398,0.4564851,0.15016716,0.53569643,0.33788507,0.76684189,0.25910442,0.62998602,0.42698089,0.83165278,0.35509985,0.6793419,0.47089596,0.7568836,0.35641343,0.75514723,0.46157104,0.74544826,0.34407733
0b_rotation_best,file,14,baseline_rotation,11647,198.Rock_Wren/Rock_Wren_0080_189340.jpg,198,197,198.Rock_Wren,150,149,identity,identity,0,{},1.5894005,1.5894005,0,0.2040479,0.2040479,0.54008836,0.54008836,-0.33604045,-0.33604045,0,1,1,161.09332,161.09332,False,0.99999988,True,False,False,1,1,161.09332,161.09332,1,1,159.03825,159.03825,1,1,25.649409,25.649409,1,1,49.194454,49.194454,1,1,84.993638,84.993638,1,1,85.713917,85.713917,1,1,68.081996,68.081996,1,1,60.556736,60.556736
0b_rotation_best,file,14,baseline_rotation,11647,198.Rock_Wren/Rock_Wren_0080_189340.jpg,198,197,198.Rock_Wren,150,149,rotation,rotation,0,"{""angle"":10.627642}",1.5894005,0.65845037,-0.93095016,0.2040479,0.51765287,0.54008836,0.069850773,-0.33604045,0.4478021,0.78384255,0.69514048,0.54454844,161.09332,87.723116,False,0.92438912,False,False,True,0.69514048,0.54454844,161.09332,87.723116,0.69213158,0.54387182,159.03825,86.496423,0.80626916,0.56995298,25.649409,14.618957,0.63537879,0.72266145,49.194454,35.550936,0.75229449,0.50602541,84.993638,43.008941,0.72137681,0.49615594,85.713917,42.527469,0.66482839,0.55216692,68.081996,37.592626,0.64813519,0.55907248,60.556736,33.855604
0b_rotation_best,file,14,baseline_rotation,9326,159.Black_and_white_Warbler/Black_And_White_Warbler_0081_110906.jpg,159,158,159.Black_and_white_Warbler,99,98,identity,identity,0,{},0.10460754,0.10460754,0,0.90067792,0.90067792,0.026676664,0.026676664,0.87400126,0.87400126,0,1,1,14.881583,14.881583,False,1,True,True,True,1,1,14.881583,14.881583,1,1,14.643928,14.643928,1,1,2.6489367,2.6489367,1,1,2.4644579,2.4644579,1,1,6.392686,6.392686,1,1,8.0983661,8.0983661,1,1,6.8573257,6.8573257,1,1,7.4093317,7.4093317
0b_rotation_best,file,14,baseline_rotation,9326,159.Black_and_white_Warbler/Black_And_White_Warbler_0081_110906.jpg,159,158,159.Black_and_white_Warbler,99,98,rotation,rotation,0,"{""angle"":-11.799102}",0.10460754,0.081514977,-0.023092568,0.90067792,0.9217189,0.026676664,0.028815566,0.87400126,0.89290333,0.018902075,0.76340428,0.72446074,14.881583,10.781122,False,0.96990156,True,True,True,0.76340428,0.72446074,14.881583,10.781122,0.75640484,0.72259843,14.643928,10.58168,0.96386947,0.77923165,2.6489367,2.0641353,0.6663562,0.68927252,2.4644579,1.6986831,0.71374222,0.73382123,6.392686,4.6910887,0.71992662,0.65256983,8.0983661,5.2847494,0.74927349,0.74227054,6.8573257,5.0899908,0.84393468,0.77816998,7.4093317,5.7657195
0b_rotation_best,file,14,baseline_rotation,533,010.Red_winged_Blackbird/Red_Winged_Blackbird_0020_4050.jpg,10,9,010.Red_winged_Blackbird,97,96,identity,identity,0,{},0.0042583742,0.0042583742,0,0.99575067,0.99575067,0.00052341569,0.00052341569,0.99522725,0.99522725,0,1,1,0.5619512,0.5619512,False,0.99999994,True,True,True,1,1,0.5619512,0.5619512,1,1,0.54826698,0.54826698,1,1,0.12325775,0.12325775,1,1,0.11546893,0.11546893,1,1,0.2054132,0.2054132,1,1,0.2587899,0.2587899,1,1,0.25606097,0.25606097,1,1,0.3354543,0.3354543
0b_rotation_best,file,14,baseline_rotation,533,010.Red_winged_Blackbird/Red_Winged_Blackbird_0020_4050.jpg,10,9,010.Red_winged_Blackbird,97,96,rotation,rotation,0,"{""angle"":1.729979}",0.0042583742,0.0026032389,-0.0016551353,0.99575067,0.99740016,0.00052341569,0.00031789366,0.99522725,0.99708227,0.001855021,0.88763919,0.63719769,0.5619512,0.358074,False,0.99401569,True,True,True,0.88763919,0.63719769,0.5619512,0.358074,0.88219552,0.63576599,0.54826698,0.3485695,0.99147491,0.66489139,0.12325775,0.081953015,0.83999736,0.72693118,0.11546893,0.083937968,0.83058928,0.67832923,0.2054132,0.13933777,0.86595468,0.64464562,0.2587899,0.16682778,0.85997637,0.62379431,0.25606097,0.15972938,0.93611359,0.60870831,0.3354543,0.20419382
0b_rotation_best,file,14,baseline_rotation,11755,200.Common_Yellowthroat/Common_Yellowthroat_0009_190578.jpg,200,199,200.Common_Yellowthroat,197,196,identity,identity,0,{},0.027033212,0.027033212,0,0.97332889,0.97332889,0.0048986552,0.0048986552,0.96843023,0.96843023,0,1,1,3.981224,3.981224,False,1,True,True,True,1,1,3.981224,3.981224,1,1,3.8951186,3.8951186,1,1,0.82352595,0.82352595,1,1,0.74580764,0.74580764,1,1,1.6306299,1.6306299,1,1,2.0321016,2.0321016,1,1,1.9925604,1.9925604,1,1,1.9639329,1.9639329
0b_rotation_best,file,14,baseline_rotation,11755,200.Common_Yellowthroat/Common_Yellowthroat_0009_190578.jpg,200,199,200.Common_Yellowthroat,197,196,rotation,rotation,0,"{""angle"":-10.326624}",0.027033212,0.0057262429,-0.021306969,0.97332889,0.99429011,0.0048986552,0.0014962682,0.96843023,0.99279385,0.024363612,0.75763593,0.24752412,3.981224,0.98544895,False,0.97738683,True,True,True,0.75763593,0.24752412,3.981224,0.98544895,0.74892421,0.24827985,3.8951186,0.96707947,0.97017982,0.22996927,0.82352595,0.18938566,0.61641083,0.29666818,0.74580764,0.2212574,0.75385389,0.28025591,1.6306299,0.45699368,0.75755713,0.25492383,2.0321016,0.51803113,0.74364374,0.22772134,1.9925604,0.45374852,0.77693244,0.22952813,1.9639329,0.45077786
0b_rotation_best,file,14,baseline_rotation,5637,097.Orchard_Oriole/Orchard_Oriole_0005_91682.jpg,97,96,097.Orchard_Oriole,16,15,identity,identity,0,{},0.21348497,0.21348497,0,0.80776429,0.80776429,0.069295943,0.069295943,0.73846835,0.73846835,0,1,1,26.097793,26.097793,False,1.0000001,True,True,True,1,1,26.097793,26.097793,1,1,25.496599,25.496599,1,1,5.5694003,5.5694003,1,1,6.5027541,6.5027541,1,1,9.9244572,9.9244572,1,1,12.626764,12.626764,1,1,11.762612,11.762612,1,1,14.543098,14.543098
0b_rotation_best,file,14,baseline_rotation,5637,097.Orchard_Oriole/Orchard_Oriole_0005_91682.jpg,97,96,097.Orchard_Oriole,16,15,rotation,rotation,0,"{""angle"":-12.24497}",0.21348497,0.28819391,0.074708939,0.80776429,0.74961621,0.069295943,0.07144516,0.73846835,0.67817105,-0.060297303,0.80588943,1.3529868,26.097793,35.30997,False,0.97991812,True,True,True,0.80588943,1.3529868,26.097793,35.30997,0.79821642,1.3550735,25.496599,34.549766,0.97289593,1.3084894,5.5694003,7.2875012,0.74643842,1.1037832,6.5027541,7.1776308,0.74796642,1.3335563,9.9244572,13.234823,0.79056473,1.4513816,12.626764,18.326254,0.7663273,1.3949384,11.762612,16.408119,0.86464705,1.3081425,14.543098,19.024444
0b_rotation_best,file,14,baseline_rotation,2487,044.Frigatebird/Frigatebird_0080_43064.jpg,44,43,044.Frigatebird,49,48,identity,identity,0,{},0.00435535,0.00435535,0,0.99565411,0.99565411,0.001065156,0.001065156,0.99458895,0.99458895,0,1,1,0.84195684,0.84195684,False,1.0000001,True,True,True,1,1,0.84195684,0.84195684,1,1,0.82594993,0.82594993,1,1,0.16339536,0.16339536,1,1,0.23796931,0.23796931,1,1,0.36153344,0.36153344,1,1,0.40629657,0.40629657,1,1,0.39898893,0.39898893,1,1,0.41302349,0.41302349
0b_rotation_best,file,14,baseline_rotation,2487,044.Frigatebird/Frigatebird_0080_43064.jpg,44,43,044.Frigatebird,49,48,rotation,rotation,0,"{""angle"":5.921578}",0.00435535,0.0024217821,-0.0019335679,0.99565411,0.99758112,0.001065156,0.00066578219,0.99458895,0.99691534,0.0023263919,0.8657012,0.58833062,0.84195684,0.495349,False,0.98540223,True,True,True,0.8657012,0.58833062,0.84195684,0.495349,0.86148351,0.58934453,0.82594993,0.48676907,0.97971185,0.56180277,0.16339536,0.091795963,0.87213213,0.57208918,0.23796931,0.13613967,0.87625471,0.631629,0.36153344,0.228355,0.84325029,0.59597885,0.40629657,0.24214416,0.83826572,0.57579837,0.39898893,0.22973718,0.8886655,0.56704576,0.41302349,0.23420322
0b_rotation_best,file,14,baseline_rotation,7243,124.Le_Conte_Sparrow/Le_Conte_Sparrow_0078_117052.jpg,124,123,124.Le_Conte_Sparrow,126,125,identity,identity,0,{},0.08955548,0.08955548,0,0.91433752,0.91433752,0.028041225,0.028041225,0.88629629,0.88629629,0,1,1,13.623495,13.623495,False,1,True,True,True,1,1,13.623495,13.623495,1,1,13.425408,13.425408,1,1,2.3147434,2.3147434,1,1,2.4218584,2.4218584,1,1,7.7334214,7.7334214,1,1,7.0162363,7.0162363,1,1,6.0320328,6.0320328,1,1,5.3812073,5.3812073
0b_rotation_best,file,14,baseline_rotation,7243,124.Le_Conte_Sparrow/Le_Conte_Sparrow_0078_117052.jpg,124,123,124.Le_Conte_Sparrow,126,125,rotation,rotation,0,"{""angle"":-11.10264}",0.08955548,0.12937248,0.039816998,0.91433752,0.87864661,0.028041225,0.066322565,0.88629629,0.81232405,-0.073972244,0.81559976,1.4419014,13.623495,19.643737,False,0.97922397,True,True,True,0.81559976,1.4419014,13.623495,19.643737,0.81103077,1.4366954,13.425408,19.288223,0.95796045,1.6072337,2.3147434,3.7203336,0.77873047,1.3334382,2.4218584,3.2293985,0.8885708,1.3976939,7.7334214,10.808956,0.77949022,1.5261969,7.0162363,10.708158,0.76059788,1.4360123,6.0320328,8.6620732,0.78492764,1.3791286,5.3812073,7.4213766
0b_rotation_best,file,14,baseline_rotation,3438,060.Glaucous_winged_Gull/Glaucous_Winged_Gull_0093_44724.jpg,60,59,060.Glaucous_winged_Gull,64,63,identity,identity,0,{},0.92318726,0.92318726,0,0.39725089,0.39725089,0.17872408,0.17872408,0.21852681,0.21852681,0,1,1,91.815676,91.815676,False,1.0000001,True,True,True,1,1,91.815676,91.815676,1,1,90.287687,90.287687,1,1,16.680883,16.680883,1,1,17.381152,17.381152,1,1,30.788941,30.788941,1,1,46.301175,46.301175,1,1,48.636981,48.636981,1,1,48.91266,48.91266
0b_rotation_best,file,14,baseline_rotation,3438,060.Glaucous_winged_Gull/Glaucous_Winged_Gull_0093_44724.jpg,60,59,060.Glaucous_winged_Gull,64,63,rotation,rotation,0,"{""angle"":11.224906}",0.92318726,0.77135277,-0.15183449,0.39725089,0.46238714,0.17872408,0.17245349,0.21852681,0.28993365,0.071406841,0.69849662,1.0088417,91.815676,92.627484,False,0.96157712,True,True,True,0.69849662,1.0088417,91.815676,92.627484,0.68991116,1.0088817,90.287687,91.089599,0.95032599,1.0076686,16.680883,16.808802,0.55945332,1.2810414,17.381152,22.265975,0.59596254,1.2449487,30.788941,38.330653,0.68620201,1.0071837,46.301175,46.633787,0.67899009,0.90639405,48.636981,44.084271,0.78931912,0.96202008,48.91266,47.054961
0b_rotation_best,file,14,baseline_rotation,2254,040.Olive_sided_Flycatcher/Olive_Sided_Flycatcher_0086_30553.jpg,40,39,040.Olive_sided_Flycatcher,37,36,identity,identity,0,{},1.1798869,1.1798869,0,0.30731347,0.30731347,0.062924355,0.062924355,0.24438912,0.24438912,0,1,1,108.50944,108.50944,False,1,True,True,True,1,1,108.50944,108.50944,1,1,106.78851,106.78851,1,1,19.248662,19.248662,1,1,37.051255,37.051255,1,1,49.871294,49.871294,1,1,55.732823,55.732823,1,1,48.469714,48.469714,1,1,45.698845,45.698845
0b_rotation_best,file,14,baseline_rotation,2254,040.Olive_sided_Flycatcher/Olive_Sided_Flycatcher_0086_30553.jpg,40,39,040.Olive_sided_Flycatcher,37,36,rotation,rotation,0,"{""angle"":10.942002}",1.1798869,0.87168169,-0.30820525,0.30731347,0.41824761,0.062924355,0.074836798,0.24438912,0.34341081,0.099021696,0.63866675,0.90340473,108.50944,98.027937,False,0.92000341,True,True,True,0.63866675,0.90340473,108.50944,98.027937,0.62972254,0.90266546,106.78851,96.394302,0.90725608,0.92586976,19.248662,17.821754,0.64482101,1.0041538,37.051255,37.205159,0.64860667,0.82958295,49.871294,41.372375,0.59314017,0.86081637,55.732823,47.975726,0.58807471,0.94765327,48.469714,45.932482,0.70443249,0.9243856,45.698845,42.243354
0b_rotation_best,file,14,baseline_rotation,368,007.Parakeet_Auklet/Parakeet_Auklet_0019_795987.jpg,7,6,007.Parakeet_Auklet,58,57,identity,identity,0,{},0.7181226,0.7181226,0,0.48766696,0.48766696,0.23240967,0.23240967,0.25525729,0.25525729,0,1,1,109.84628,109.84628,False,1,True,True,True,1,1,109.84628,109.84628,1,1,108.86101,108.86101,1,1,14.679479,14.679479,1,1,35.543345,35.543345,1,1,41.945995,41.945995,1,1,67.701774,67.701774,1,1,49.198958,49.198958,1,1,42.706615,42.706615
0b_rotation_best,file,14,baseline_rotation,368,007.Parakeet_Auklet/Parakeet_Auklet_0019_795987.jpg,7,6,007.Parakeet_Auklet,58,57,rotation,rotation,0,"{""angle"":-3.514447}",0.7181226,0.54606974,-0.17205286,0.48766696,0.57922184,0.23240967,0.18271498,0.25525729,0.39650686,0.14124957,0.91446517,0.87836565,109.84628,96.4852,False,0.98503214,True,True,True,0.91446517,0.87836565,109.84628,96.4852,0.91318131,0.87798399,108.86101,95.57822,0.98366595,0.89910547,14.679479,13.1984,0.9327096,0.89552528,35.543345,31.829964,0.89190188,0.90968515,41.945995,38.157649,0.93006615,0.84886932,67.701774,57.469959,0.89384643,0.89623483,49.198958,44.09382,0.90807896,0.88205029,42.706615,37.669382
0b_rotation_best,file,14,baseline_rotation,11657,198.Rock_Wren/Rock_Wren_0123_189405.jpg,198,197,198.Rock_Wren,194,193,identity,identity,0,{},0.0086534042,0.0086534042,0,0.99138391,0.99138391,0.0015683024,0.0015683024,0.98981561,0.98981561,0,1,1,1.3625732,1.3625732,False,0.99999988,True,True,True,1,1,1.3625732,1.3625732,1,1,1.3362572,1.3362572,1,1,0.26650059,0.26650059,1,1,0.35334891,0.35334891,1,1,0.6649562,0.6649562,1,1,0.6407321,0.6407321,1,1,0.56508903,0.56508903,1,1,0.69906921,0.69906921
0b_rotation_best,file,14,baseline_rotation,11657,198.Rock_Wren/Rock_Wren_0123_189405.jpg,198,197,198.Rock_Wren,194,193,rotation,rotation,0,"{""angle"":10.79544}",0.0086534042,0.010128647,0.0014752429,0.99138391,0.98992246,0.0015683024,0.0007495794,0.98981561,0.98917288,-0.00064272329,0.73830798,1.3371038,1.3625732,1.8219018,False,0.96721518,True,True,True,0.73830798,1.3371038,1.3625732,1.8219018,0.73019522,1.3390483,1.3362572,1.7893128,0.95103185,1.2872533,0.26650059,0.34305376,0.62704419,1.1781541,0.35334891,0.41629948,0.71309984,1.2878064,0.6649562,0.85633486,0.73368812,1.5088655,0.6407321,0.96677856,0.7034277,1.4562565,0.56508903,0.82291459,0.80649218,1.1823507,0.69906921,0.82654494
0b_rotation_best,file,14,baseline_rotation,8625,147.Least_Tern/Least_Tern_0056_153965.jpg,147,146,147.Least_Tern,145,144,identity,identity,0,{},5.9176722,5.9176722,0,0.0026914584,0.0026914584,0.2156973,0.2156973,-0.21300584,-0.21300584,0,1,1,144.79121,144.79121,False,1,True,False,False,1,1,144.79121,144.79121,1,1,142.54114,142.54114,1,1,25.426714,25.426714,1,1,28.257085,28.257085,1,1,77.159882,77.159882,1,1,72.710818,72.710818,1,1,66.29024,66.29024,1,1,62.326615,62.326615
0b_rotation_best,file,14,baseline_rotation,8625,147.Least_Tern/Least_Tern_0056_153965.jpg,147,146,147.Least_Tern,145,144,rotation,rotation,0,"{""angle"":-7.401531}",5.9176722,5.5454445,-0.37222767,0.0026914584,0.0039052079,0.2156973,0.27862138,-0.21300584,-0.27471617,-0.061710323,0.80952798,1.0287422,144.79121,148.95283,False,0.96312535,True,False,False,0.80952798,1.0287422,144.79121,148.95283,0.80519848,1.0246175,142.54114,146.05015,0.93594639,1.1508603,25.426714,29.262595,0.83386657,1.2483187,28.257085,35.273849,0.89065868,1.0272108,77.159882,79.259463,0.77670173,1.0683087,72.710818,77.677602,0.75284548,0.96985587,66.29024,64.291978,0.76866403,0.96761427,62.326615,60.308123
0b_rotation_best,file,14,baseline_rotation,6663,114.Black_throated_Sparrow/Black_Throated_Sparrow_0066_106974.jpg,114,113,114.Black_throated_Sparrow,85,84,identity,identity,0,{},0.0085710278,0.0085710278,0,0.99146563,0.99146563,0.0015575319,0.0015575319,0.9899081,0.9899081,0,1,1,1.1506336,1.1506336,False,1,True,True,True,1,1,1.1506336,1.1506336,1,1,1.131108,1.131108,1,1,0.21107448,0.21107448,1,1,0.21280088,0.21280088,1,1,0.43749488,0.43749488,1,1,0.5163631,0.5163631,1,1,0.59341007,0.59341007,1,1,0.65111672,0.65111672
0b_rotation_best,file,14,baseline_rotation,6663,114.Black_throated_Sparrow/Black_Throated_Sparrow_0066_106974.jpg,114,113,114.Black_throated_Sparrow,85,84,rotation,rotation,0,"{""angle"":-0.863333}",0.0085710278,0.017548768,0.0089777401,0.99146563,0.98260432,0.0015575319,0.0038945428,0.9899081,0.97870978,-0.011198314,0.88588981,1.996856,1.1506336,2.2976497,False,0.99375421,True,True,True,0.88588981,1.996856,1.1506336,2.2976497,0.88227331,1.9983241,1.131108,2.2603204,0.99230112,1.9542271,0.21107448,0.41248745,0.8569264,2.0304095,0.21280088,0.43207294,0.83211958,2.0302133,0.43749488,0.88820794,0.81767221,2.0033551,0.5163631,1.0344586,0.8993814,1.9467518,0.59341007,1.1552221,0.93472151,2.0193619,0.65111672,1.3148403
0b_rotation_best,file,14,baseline_rotation,7200,123.Henslow_Sparrow/Henslow_Sparrow_0006_796607.jpg,123,122,123.Henslow_Sparrow,113,112,identity,identity,0,{},0.0030838335,0.0030838335,0,0.99692094,0.99692094,0.0018876701,0.0018876701,0.99503327,0.99503327,0,1,1,0.41513117,0.41513117,False,1,True,True,True,1,1,0.41513117,0.41513117,1,1,0.39946872,0.39946872,1,1,0.11295411,0.11295411,1,1,0.054997783,0.054997783,1,1,0.15670402,0.15670402,1,1,0.23764617,0.23764617,1,1,0.18401639,0.18401639,1,1,0.20409953,0.20409953
0b_rotation_best,file,14,baseline_rotation,7200,123.Henslow_Sparrow/Henslow_Sparrow_0006_796607.jpg,123,122,123.Henslow_Sparrow,113,112,rotation,rotation,0,"{""angle"":-4.353912}",0.0030838335,0.002097432,-0.00098640146,0.99692094,0.99790478,0.0018876701,0.0011405654,0.99503327,0.99676421,0.001730939,0.87078788,0.62251417,0.41513117,0.25842504,False,0.99276429,True,True,True,0.87078788,0.62251417,0.41513117,0.25842504,0.86064422,0.61807821,0.39946872,0.24690291,0.99003149,0.67553975,0.11295411,0.076304992,0.63127944,0.5594959,0.054997783,0.030771034,0.78033363,0.57152231,0.15670402,0.089559845,0.87711357,0.61248649,0.23764617,0.14555507,0.84572022,0.62373582,0.18401639,0.11477762,0.91000395,0.65061139,0.20409953,0.13278948
0b_rotation_best,file,14,baseline_rotation,9896,169.Magnolia_Warbler/Magnolia_Warbler_0018_165958.jpg,169,168,169.Magnolia_Warbler,171,170,identity,identity,0,{},0.0046243868,0.0046243868,0,0.9953863,0.9953863,0.00091032096,0.00091032096,0.99447598,0.99447598,0,1,1,0.54808011,0.54808011,False,1,True,True,True,1,1,0.54808011,0.54808011,1,1,0.5343303,0.5343303,1,1,0.12199565,0.12199565,1,1,0.095855264,0.095855264,1,1,0.1947476,0.1947476,1,1,0.24759038,0.24759038,1,1,0.25682208,0.25682208,1,1,0.33336981,0.33336981
0b_rotation_best,file,14,baseline_rotation,9896,169.Magnolia_Warbler/Magnolia_Warbler_0018_165958.jpg,169,168,169.Magnolia_Warbler,171,170,rotation,rotation,0,"{""angle"":-8.443509}",0.0046243868,0.002475295,-0.0021490918,0.9953863,0.99752778,0.00091032096,0.00058839569,0.99447598,0.99693938,0.0024634009,0.80546418,0.57242898,0.54808011,0.31373694,False,0.98685563,True,True,True,0.80546418,0.57242898,0.54808011,0.31373694,0.79650376,0.56918867,0.5343303,0.30413476,0.96452305,0.63137853,0.12199565,0.077025433,0.79014997,0.64363883,0.095855264,0.061696171,0.77330449,0.56675765,0.1947476,0.1103747,0.74428914,0.58091037,0.24759038,0.14382782,0.74852818,0.57255628,0.25682208,0.1470451,0.86569709,0.55473864,0.33336981,0.18493312
0b_rotation_best,file,14,baseline_rotation,3746,065.Slaty_backed_Gull/Slaty_Backed_Gull_0033_796023.jpg,65,64,065.Slaty_backed_Gull,59,58,identity,identity,0,{},0.079244092,0.079244092,0,0.92381442,0.92381442,0.024403043,0.024403043,0.89941137,0.89941137,0,1,1,15.081111,15.081111,False,0.99999994,True,True,True,1,1,15.081111,15.081111,1,1,14.793411,14.793411,1,1,2.9317076,2.9317076,1,1,2.6453979,2.6453979,1,1,6.8880051,6.8880051,1,1,7.9186079,7.9186079,1,1,7.3602586,7.3602586,1,1,6.8938022,6.8938022
0b_rotation_best,file,14,baseline_rotation,3746,065.Slaty_backed_Gull/Slaty_Backed_Gull_0033_796023.jpg,65,64,065.Slaty_backed_Gull,59,58,rotation,rotation,0,"{""angle"":-3.924376}",0.079244092,0.35674849,0.2775044,0.92381442,0.69994855,0.024403043,0.0912297,0.89941137,0.60871885,-0.29069252,0.83508389,4.2752771,15.081111,64.475931,False,0.97058648,True,True,True,0.83508389,4.2752771,15.081111,64.475931,0.8313687,4.2961836,14.793411,63.555211,0.95374006,3.703402,2.9317076,10.857292,0.69550548,3.7275433,2.6453979,9.8608352,0.87122852,4.8427114,6.8880051,33.356621,0.81184293,4.3714977,7.9186079,34.616176,0.82468542,4.0387706,7.3602586,29.726396,0.85086423,3.9657504,6.8938022,27.339099
0b_rotation_best,file,14,baseline_rotation,5003,086.Pacific_Loon/Pacific_Loon_0019_75422.jpg,86,85,086.Pacific_Loon,72,71,identity,identity,0,{},0.26035187,0.26035187,0,0.77078032,0.77078032,0.089666292,0.089666292,0.68111403,0.68111403,0,1,1,56.207417,56.207417,False,1,True,True,True,1,1,56.207417,56.207417,1,1,55.756603,55.756603,1,1,7.1045701,7.1045701,1,1,29.484229,29.484229,1,1,27.780999,27.780999,1,1,24.311187,24.311187,1,1,21.65301,21.65301,1,1,20.194269,20.194269
0b_rotation_best,file,14,baseline_rotation,5003,086.Pacific_Loon/Pacific_Loon_0019_75422.jpg,86,85,086.Pacific_Loon,72,71,rotation,rotation,0,"{""angle"":3.823216}",0.26035187,0.2010431,-0.059308767,0.77078032,0.81787717,0.089666292,0.027772281,0.68111403,0.79010489,0.10899086,0.88504629,0.71666969,56.207417,40.282152,False,0.98328352,True,True,True,0.88504629,0.71666969,56.207417,40.282152,0.88426646,0.71518737,55.756603,39.876418,0.93363853,0.80270851,7.1045701,5.7028989,0.95482741,0.69278751,29.484229,20.426305,0.89555954,0.6848985,27.780999,19.027165,0.84276328,0.77665976,24.311187,18.881521,0.82914161,0.73421198,21.65301,15.897899,0.85564083,0.70311183,20.194269,14.198829
0b_rotation_best,file,14,baseline_rotation,5946,102.Western_Wood_Pewee/Western_Wood_Pewee_0041_795048.jpg,102,101,102.Western_Wood_Pewee,40,39,identity,identity,0,{},0.46915901,0.46915901,0,0.6255281,0.6255281,0.30334941,0.30334941,0.32217869,0.32217869,0,1,1,62.269503,62.269503,False,1,True,True,True,1,1,62.269503,62.269503,1,1,60.389123,60.389123,1,1,15.186994,15.186994,1,1,15.98029,15.98029,1,1,27.847239,27.847239,1,1,29.904704,29.904704,1,1,28.74011,28.74011,1,1,29.928625,29.928625
0b_rotation_best,file,14,baseline_rotation,5946,102.Western_Wood_Pewee/Western_Wood_Pewee_0041_795048.jpg,102,101,102.Western_Wood_Pewee,40,39,rotation,rotation,0,"{""angle"":14.359811}",0.46915901,0.83025903,0.36110002,0.6255281,0.43593636,0.30334941,0.51832229,0.32217869,-0.082385927,-0.40456462,0.75452523,1.6485693,62.269503,102.65559,False,0.9772889,False,True,False,0.75452523,1.6485693,62.269503,102.65559,0.73968367,1.6403238,60.389123,99.057717,0.9736914,1.773856,15.186994,26.939542,0.72501337,1.6720759,15.98029,26.720257,0.71432591,1.4782213,27.847239,41.164382,0.71619267,1.6485739,29.904704,49.300116,0.73574333,1.6910268,28.74011,48.600295,0.79298766,1.7074781,29.928625,51.102473
0b_rotation_best,file,14,baseline_rotation,7141,122.Harris_Sparrow/Harris_Sparrow_0039_116409.jpg,122,121,122.Harris_Sparrow,99,98,identity,identity,0,{},2.5855105,2.5855105,0,0.075357594,0.075357594,0.80305928,0.80305928,-0.72770169,-0.72770169,0,1,1,176.67191,176.67191,False,1.0000001,True,False,False,1,1,176.67191,176.67191,1,1,173.8502,173.8502,1,1,31.44951,31.44951,1,1,41.58559,41.58559,1,1,93.385853,93.385853,1,1,92.11318,92.11318,1,1,76.430273,76.430273,1,1,73.805073,73.805073
0b_rotation_best,file,14,baseline_rotation,7141,122.Harris_Sparrow/Harris_Sparrow_0039_116409.jpg,122,121,122.Harris_Sparrow,99,98,rotation,rotation,0,"{""angle"":-3.429972}",2.5855105,1.9079504,-0.67756009,0.075357594,0.14838421,0.80305928,0.57885236,-0.72770169,-0.43046814,0.29723354,0.82425642,0.87695088,176.67191,154.93259,False,0.97669071,True,False,False,0.82425642,0.87695088,176.67191,154.93259,0.8195866,0.8773184,173.8502,152.52198,0.96895217,0.86564494,31.44951,27.224109,0.7753546,0.93660982,41.58559,38.949472,0.81239321,0.81992046,93.385853,76.568972,0.82801759,0.93451691,92.11318,86.081324,0.80514883,0.87394841,76.430273,66.796115,0.85384293,0.85814397,73.805073,63.335379
0b_rotation_best,file,14,baseline_rotation,3375,059.California_Gull/California_Gull_0111_41033.jpg,59,58,059.California_Gull,66,65,identity,identity,0,{},0.063795775,0.063795775,0,0.9381966,0.9381966,0.035212632,0.035212632,0.90298397,0.90298397,0,1,1,9.7482923,9.7482923,False,1,True,True,True,1,1,9.7482923,9.7482923,1,1,9.4552249,9.4552249,1,1,2.3723249,2.3723249,1,1,1.6659051,1.6659051,1,1,5.0928743,5.0928743,1,1,5.0480174,5.0480174,1,1,4.0929736,4.0929736,1,1,4.2957836,4.2957836
0b_rotation_best,file,14,baseline_rotation,3375,059.California_Gull/California_Gull_0111_41033.jpg,59,58,059.California_Gull,66,65,rotation,rotation,0,"{""angle"":-9.06972}",0.063795775,0.19196597,0.12817019,0.9381966,0.82533497,0.035212632,0.096741267,0.90298397,0.7285937,-0.17439027,0.85374258,2.7613592,9.7482923,26.918536,False,0.98221785,True,True,True,0.85374258,2.7613592,9.7482923,26.918536,0.84591093,2.7636829,9.4552249,26.131244,0.98003803,2.7241798,2.3723249,6.4626396,0.79073276,3.3599474,1.6659051,5.5973537,0.87439612,2.6095044,5.0928743,13.289878,0.84931932,2.7808451,5.0480174,14.037754,0.80230881,2.7788744,4.0929736,11.373859,0.85807809,2.8364375,4.2957836,12.184722
0b_rotation_best,file,14,baseline_rotation,1165,021.Eastern_Towhee/Eastern_Towhee_0082_22330.jpg,21,20,021.Eastern_Towhee,109,108,identity,identity,0,{},0.0075789057,0.0075789057,0,0.99244976,0.99244976,0.0026971544,0.0026971544,0.98975261,0.98975261,0,1,1,0.97406785,0.97406785,False,0.99999994,True,True,True,1,1,0.97406785,0.97406785,1,1,0.93637843,0.93637843,1,1,0.26833488,0.26833488,1,1,0.15331253,0.15331253,1,1,0.39063072,0.39063072,1,1,0.50104884,0.50104884,1,1,0.43697239,0.43697239,1,1,0.50863805,0.50863805
0b_rotation_best,file,14,baseline_rotation,1165,021.Eastern_Towhee/Eastern_Towhee_0082_22330.jpg,21,20,021.Eastern_Towhee,109,108,rotation,rotation,0,"{""angle"":6.394969}",0.0075789057,0.020682033,0.013103127,0.99244976,0.97953039,0.0026971544,0.010002411,0.98975261,0.96952798,-0.020224623,0.80113117,2.7538248,0.97406785,2.6824122,False,0.98003584,True,True,True,0.80113117,2.7538248,0.97406785,2.6824122,0.78777231,2.7618109,0.93637843,2.5861001,0.97095322,2.6546503,0.26833488,0.71233527,0.7217922,3.4012071,0.15331253,0.52144766,0.78205702,2.8116174,0.39063072,1.0983041,0.7875525,2.716153,0.50104884,1.3609253,0.72090791,2.6908839,0.43697239,1.175842,0.84914267,2.7629691,0.50863805,1.4053512
0b_rotation_best,file,14,baseline_rotation,1171,021.Eastern_Towhee/Eastern_Towhee_0027_22372.jpg,21,20,021.Eastern_Towhee,195,194,identity,identity,0,{},2.8290854,2.8290854,0,0.059066858,0.059066858,0.24559984,0.24559984,-0.18653298,-0.18653298,0,1,1,213.82806,213.82806,False,0.99999988,True,False,False,1,1,213.82806,213.82806,1,1,211.82614,211.82614,1,1,29.19119,29.19119,1,1,80.752802,80.752802,1,1,116.05979,116.05979,1,1,101.48442,101.48442,1,1,90.553361,90.553361,1,1,79.877566,79.877566
0b_rotation_best,file,14,baseline_rotation,1171,021.Eastern_Towhee/Eastern_Towhee_0027_22372.jpg,21,20,021.Eastern_Towhee,195,194,rotation,rotation,0,"{""angle"":-6.062127}",2.8290854,1.4598082,-1.3692771,0.059066858,0.23228082,0.24559984,0.085912459,-0.18653298,0.14636836,0.33290134,0.76121988,0.7657071,213.82806,163.72966,False,0.95895922,False,False,True,0.76121988,0.7657071,213.82806,163.72966,0.7578645,0.76524336,211.82614,162.09855,0.93279381,0.78974139,29.19119,23.053491,0.80065353,0.70721354,80.752802,57.109475,0.73491728,0.68725249,116.05979,79.762379,0.71693371,0.85600324,101.48442,86.870988,0.77934345,0.79459811,90.553361,71.95353,0.82460483,0.78467579,79.877566,62.677992
0b_rotation_best,file,14,baseline_rotation,6988,120.Fox_Sparrow/Fox_Sparrow_0116_115311.jpg,120,119,120.Fox_Sparrow,99,98,identity,identity,0,{},0.021918437,0.021918437,0,0.97832,0.97832,0.0040067355,0.0040067355,0.97431327,0.97431327,0,1,1,2.9558107,2.9558107,False,0.99999994,True,True,True,1,1,2.9558107,2.9558107,1,1,2.8925372,2.8925372,1,1,0.60831337,0.60831337,1,1,0.64755209,0.64755209,1,1,1.365169,1.365169,1,1,1.5625624,1.5625624,1,1,1.2461609,1.2461609,1,1,1.4454214,1.4454214
0b_rotation_best,file,14,baseline_rotation,6988,120.Fox_Sparrow/Fox_Sparrow_0116_115311.jpg,120,119,120.Fox_Sparrow,99,98,rotation,rotation,0,"{""angle"":-8.45198}",0.021918437,0.017576411,-0.0043420251,0.97832,0.98257715,0.0040067355,0.0059617064,0.97431327,0.97661544,0.0023021717,0.77649166,0.79958446,2.9558107,2.3634203,False,0.97976708,True,True,True,0.77649166,0.79958446,2.9558107,2.3634203,0.76820414,0.79918639,2.8925372,2.3116764,0.96175802,0.80853256,0.60831337,0.49184116,0.58450419,0.78676332,0.64755209,0.50947023,0.77833942,0.79044709,1.365169,1.0790939,0.77579015,0.83191653,1.5625624,1.2999215,0.72097697,0.76063328,1.2461609,0.94787144,0.82127335,0.79834467,1.4454214,1.1539445
0b_rotation_best,file,14,baseline_rotation,1860,033.Yellow_billed_Cuckoo/Yellow_Billed_Cuckoo_0121_26807.jpg,33,32,033.Yellow_billed_Cuckoo,31,30,identity,identity,0,{},0.0055039772,0.0055039772,0,0.99451113,0.99451113,0.0018368433,0.0018368433,0.99267428,0.99267428,0,1,1,0.78013397,0.78013397,False,1.0000001,True,True,True,1,1,0.78013397,0.78013397,1,1,0.75267775,0.75267775,1,1,0.2051468,0.2051468,1,1,0.19950526,0.19950526,1,1,0.27195081,0.27195081,1,1,0.38173442,0.38173442,1,1,0.39679453,0.39679453,1,1,0.38677789,0.38677789
0b_rotation_best,file,14,baseline_rotation,1860,033.Yellow_billed_Cuckoo/Yellow_Billed_Cuckoo_0121_26807.jpg,33,32,033.Yellow_billed_Cuckoo,31,30,rotation,rotation,0,"{""angle"":-0.994648}",0.0055039772,0.014911148,0.0094071706,0.99451113,0.98519945,0.0018368433,0.0045051826,0.99267428,0.98069427,-0.011980015,0.86425685,2.8979918,0.78013397,2.2608218,False,0.98860866,True,True,True,0.86425685,2.8979918,0.78013397,2.2608218,0.85582521,2.906859,0.75267775,2.1879281,0.98397198,2.7758711,0.2051468,0.56946107,0.90928941,3.6115012,0.19950526,0.7205135,0.7777098,3.1198591,0.27195081,0.84844819,0.85672419,3.1195904,0.38173442,1.190855,0.85458549,2.6989042,0.39679453,1.0709104,0.90388523,2.5634453,0.38677789,0.99148395
0b_rotation_best,file,14,baseline_rotation,7022,120.Fox_Sparrow/Fox_Sparrow_0036_115581.jpg,120,119,120.Fox_Sparrow,11,10,identity,identity,0,{},3.9609988,3.9609988,0,0.019044084,0.019044084,0.21930909,0.21930909,-0.20026501,-0.20026501,0,1,1,151.08351,151.08351,False,1,True,False,False,1,1,151.08351,151.08351,1,1,148.33466,148.33466,1,1,28.688939,28.688939,1,1,30.284316,30.284316,1,1,68.887235,68.887235,1,1,83.300966,83.300966,1,1,72.214254,72.214254,1,1,64.70418,64.70418
0b_rotation_best,file,14,baseline_rotation,7022,120.Fox_Sparrow/Fox_Sparrow_0036_115581.jpg,120,119,120.Fox_Sparrow,11,10,rotation,rotation,0,"{""angle"":12.386214}",3.9609988,5.541326,1.5803273,0.019044084,0.0039213235,0.21930909,0.44810566,-0.20026501,-0.44418434,-0.24391933,0.71589358,0.93202991,151.08351,140.81435,False,0.93857098,True,False,False,0.71589358,0.93202991,151.08351,140.81435,0.70785618,0.92554577,148.33466,137.29052,0.90745615,1.0911825,28.688939,31.304868,0.79683989,0.93183591,30.284316,28.220013,0.7046874,0.95018313,68.887235,65.455489,0.67320715,0.83869543,83.300966,69.86414,0.69940996,0.91557976,72.214254,66.117909,0.75891026,1.038513,64.70418,67.196131
0b_rotation_best,file,14,baseline_rotation,9421,161.Blue_winged_Warbler/Blue_Winged_Warbler_0012_162086.jpg,161,160,161.Blue_winged_Warbler,177,176,identity,identity,0,{},0.0023323495,0.0023323495,0,0.99767035,0.99767035,0.00075720582,0.00075720582,0.99691315,0.99691315,0,1,1,0.43040871,0.43040871,False,1,True,True,True,1,1,0.43040871,0.43040871,1,1,0.42255016,0.42255016,1,1,0.081871981,0.081871981,1,1,0.089389202,0.089389202,1,1,0.17398365,0.17398365,1,1,0.2142808,0.2142808,1,1,0.21606982,0.21606982,1,1,0.21837003,0.21837003
0b_rotation_best,file,14,baseline_rotation,9421,161.Blue_winged_Warbler/Blue_Winged_Warbler_0012_162086.jpg,161,160,161.Blue_winged_Warbler,177,176,rotation,rotation,0,"{""angle"":-0.084254}",0.0023323495,0.0023724288,4.0079234e-05,0.99767035,0.99763036,0.00075720582,0.00074486411,0.99691315,0.99688549,-2.7653005e-05,0.98933681,1.0163881,0.43040871,0.4374623,False,0.99970412,True,True,True,0.98933681,1.0163881,0.43040871,0.4374623,0.98896668,1.0164646,0.42255016,0.4295073,0.9992186,1.0143476,0.081871981,0.08304665,0.97986309,1.017757,0.089389202,0.090976483,0.98556858,1.011711,0.17398365,0.17602118,0.98728519,1.0211476,0.2142808,0.21881233,0.98915407,1.012211,0.21606982,0.21870825,0.99410108,1.0188917,0.21837003,0.22249541
0b_rotation_best,file,14,baseline_rotation,7272,125.Lincoln_Sparrow/Lincoln_Sparrow_0110_117264.jpg,125,124,125.Lincoln_Sparrow,133,132,identity,identity,0,{},0.040029712,0.040029712,0,0.96076089,0.96076089,0.0051649036,0.0051649036,0.95559599,0.95559599,0,1,1,7.9037563,7.9037563,False,1,True,True,True,1,1,7.9037563,7.9037563,1,1,7.8346317,7.8346317,1,1,1.0430294,1.0430294,1,1,1.8424464,1.8424464,1,1,3.477759,3.477759,1,1,4.6661444,4.6661444,1,1,3.7336318,3.7336318,1,1,3.1904746,3.1904746
0b_rotation_best,file,14,baseline_rotation,7272,125.Lincoln_Sparrow/Lincoln_Sparrow_0110_117264.jpg,125,124,125.Lincoln_Sparrow,133,132,rotation,rotation,0,"{""angle"":8.820121}",0.040029712,0.10795797,0.067928255,0.96076089,0.89766532,0.0051649036,0.012862436,0.95559599,0.88480289,-0.070793102,0.87019338,3.1033425,7.9037563,24.528063,False,0.97677624,True,True,True,0.87019338,3.1033425,7.9037563,24.528063,0.86901113,3.1125574,7.8346317,24.385741,0.97077767,2.52962,1.0430294,2.638468,0.8551311,3.5722267,1.8424464,6.5816364,0.87018415,3.3118384,3.477759,11.517776,0.89329464,3.168788,4.6661444,14.786022,0.84645086,2.9623907,3.7336318,11.060476,0.86088956,2.763311,3.1904746,8.8162734
0b_rotation_best,file,14,baseline_rotation,32,001.Black_footed_Albatross/Black_Footed_Albatross_0017_796098.jpg,1,0,001.Black_footed_Albatross,3,2,identity,identity,0,{},2.2492568,2.2492568,0,0.10547759,0.10547759,0.87314582,0.87314582,-0.76766822,-0.76766822,0,1,1,167.71599,167.71599,False,1,True,False,False,1,1,167.71599,167.71599,1,1,161.37421,161.37421,1,1,45.683897,45.683897,1,1,30.664223,30.664223,1,1,69.496078,69.496078,1,1,87.871715,87.871715,1,1,81.021062,81.021062,1,1,77.367852,77.367852
0b_rotation_best,file,14,baseline_rotation,32,001.Black_footed_Albatross/Black_Footed_Albatross_0017_796098.jpg,1,0,001.Black_footed_Albatross,3,2,rotation,rotation,0,"{""angle"":8.790477}",2.2492568,3.1586225,0.90936565,0.10547759,0.042484228,0.87314582,0.95227426,-0.76766822,-0.90979004,-0.14212181,0.83647925,1.2220435,167.71599,204.95623,False,0.96695328,True,False,False,0.83647925,1.2220435,167.71599,204.95623,0.82840634,1.2352422,161.37421,199.33623,0.96691307,1.043405,45.683897,47.666805,0.69784109,1.7080008,30.664223,52.374519,0.83274454,1.2946496,69.496078,89.973069,0.8404971,1.2181558,87.871715,107.04144,0.82533116,1.2068149,81.021062,97.777425,0.85570466,1.1472506,77.367852,88.760315
0b_rotation_best,file,14,baseline_rotation,8997,154.Red_eyed_Vireo/Red_Eyed_Vireo_0034_157219.jpg,154,153,154.Red_eyed_Vireo,117,116,identity,identity,0,{},1.3688097,1.3688097,0,0.25440964,0.25440964,0.4415926,0.4415926,-0.18718296,-0.18718296,0,1,1,133.42838,133.42838,False,0.99999994,True,False,False,1,1,133.42838,133.42838,1,1,131.22146,131.22146,1,1,24.167347,24.167347,1,1,30.57604,30.57604,1,1,53.726478,53.726478,1,1,72.706822,72.706822,1,1,65.648083,65.648083,1,1,61.65785,61.65785
0b_rotation_best,file,14,baseline_rotation,8997,154.Red_eyed_Vireo/Red_Eyed_Vireo_0034_157219.jpg,154,153,154.Red_eyed_Vireo,117,116,rotation,rotation,0,"{""angle"":-14.325443}",1.3688097,2.0371435,0.66833377,0.25440964,0.13040069,0.4415926,0.22728448,-0.18718296,-0.096883789,0.090299174,0.63436342,1.1189615,133.42838,149.30122,False,0.94287848,True,False,False,0.63436342,1.1189615,133.42838,149.30122,0.62572848,1.1202427,131.22146,146.99988,0.8986975,1.0805092,24.167347,26.113041,0.32085237,1.1695839,30.57604,35.761243,0.63801676,1.223538,53.726478,65.73639,0.61224821,1.1154904,72.706822,81.103758,0.63636423,1.0964437,65.648083,71.979426,0.70866076,1.0573151,61.65785,65.191778
0b_rotation_best,file,14,baseline_rotation,3145,055.Evening_Grosbeak/Evening_Grosbeak_0133_37976.jpg,55,54,055.Evening_Grosbeak,168,167,identity,identity,0,{},0.00088021153,0.00088021153,0,0.99912018,0.99912018,0.00019428683,0.00019428683,0.99892589,0.99892589,0,1,1,0.13341502,0.13341502,False,0.99999994,True,True,True,1,1,0.13341502,0.13341502,1,1,0.13060614,0.13060614,1,1,0.027232422,0.027232422,1,1,0.029557714,0.029557714,1,1,0.045776319,0.045776319,1,1,0.062323566,0.062323566,1,1,0.066971359,0.066971359,1,1,0.075627006,0.075627006
0b_rotation_best,file,14,baseline_rotation,3145,055.Evening_Grosbeak/Evening_Grosbeak_0133_37976.jpg,55,54,055.Evening_Grosbeak,168,167,rotation,rotation,0,"{""angle"":-10.648684}",0.00088021153,0.0018143873,0.00093417574,0.99912018,0.99818724,0.00019428683,7.4449345e-05,0.99892589,0.99811279,-0.00081309442,0.76654585,2.3921958,0.13341502,0.31915486,False,0.97150302,True,True,True,0.76654585,2.3921958,0.13341502,0.31915486,0.76104213,2.4110708,0.13060614,0.31490065,0.9470404,1.9071582,0.027232422,0.051936537,0.78953093,2.8618991,0.029557714,0.084591198,0.72997035,2.5920166,0.045776319,0.11865298,0.72192741,2.4560128,0.062323566,0.15306748,0.72421861,2.403068,0.066971359,0.16093673,0.83417706,2.236096,0.075627006,0.16910924
0b_rotation_best,file,14,baseline_rotation,2386,042.Vermilion_Flycatcher/Vermilion_Flycatcher_0004_42395.jpg,42,41,042.Vermilion_Flycatcher,139,138,identity,identity,0,{},0.088577949,0.088577949,0,0.91523176,0.91523176,0.034677681,0.034677681,0.88055408,0.88055408,0,1,1,11.626066,11.626066,False,0.99999994,True,True,True,1,1,11.626066,11.626066,1,1,11.401673,11.401673,1,1,2.273161,2.273161,1,1,3.6742269,3.6742269,1,1,5.6549431,5.6549431,1,1,4.8516285,4.8516285,1,1,5.2107668,5.2107668,1,1,5.8163067,5.8163067
0b_rotation_best,file,14,baseline_rotation,2386,042.Vermilion_Flycatcher/Vermilion_Flycatcher_0004_42395.jpg,42,41,042.Vermilion_Flycatcher,139,138,rotation,rotation,0,"{""angle"":4.018812}",0.088577949,0.21280897,0.12423102,0.91523176,0.80831057,0.034677681,0.088056192,0.88055408,0.72025438,-0.16029971,0.85755451,2.3573923,11.626066,27.407197,False,0.98560828,True,True,True,0.85755451,2.3573923,11.626066,27.407197,0.85266901,2.3592269,11.401673,26.899133,0.98321987,2.3107577,2.273161,5.2527244,0.93367678,2.3758486,3.6742269,8.7294069,0.88490844,2.2771032,5.6549431,12.876889,0.77922138,2.5445443,4.8516285,12.345184,0.80818246,2.3990434,5.2107668,12.500855,0.88672133,2.260552,5.8163067,13.148064
0b_rotation_best,file,14,baseline_rotation,11332,193.Bewick_Wren/Bewick_Wren_0015_184981.jpg,193,192,193.Bewick_Wren,178,177,identity,identity,0,{},0.026903482,0.026903482,0,0.97345519,0.97345519,0.010452193,0.010452193,0.963003,0.963003,0,1,1,4.5525304,4.5525304,False,1,True,True,True,1,1,4.5525304,4.5525304,1,1,4.4732717,4.4732717,1,1,0.84579727,0.84579727,1,1,1.0536118,1.0536118,1,1,2.1873357,2.1873357,1,1,2.248836,2.248836,1,1,2.1429668,2.1429668,1,1,2.1133043,2.1133043
0b_rotation_best,file,14,baseline_rotation,11332,193.Bewick_Wren/Bewick_Wren_0015_184981.jpg,193,192,193.Bewick_Wren,178,177,rotation,rotation,0,"{""angle"":-7.213928}",0.026903482,0.01236923,-0.014534252,0.97345519,0.98770696,0.010452193,0.0026967532,0.963003,0.98501021,0.022007209,0.78116513,0.42877953,4.5525304,1.9520319,False,0.98058277,True,True,True,0.78116513,0.42877953,4.5525304,1.9520319,0.77429464,0.42690877,4.4732717,1.9096789,0.95757886,0.4781513,0.84579727,0.40441907,0.71273573,0.33777691,1.0536118,0.35588572,0.80777682,0.41071285,2.1873357,0.89836686,0.72192963,0.44059813,2.248836,0.99083293,0.74973572,0.43723129,2.1429668,0.93697215,0.84300414,0.43715656,2.1133043,0.92384482
0b_rotation_best,file,14,baseline_rotation,5359,092.Nighthawk/Nighthawk_0068_82368.jpg,92,91,092.Nighthawk,194,193,identity,identity,0,{},0.16392209,0.16392209,0,0.84880817,0.84880817,0.065574393,0.065574393,0.78323378,0.78323378,0,1,1,23.998649,23.998649,False,1,True,True,True,1,1,23.998649,23.998649,1,1,23.513793,23.513793,1,1,4.7996567,4.7996567,1,1,3.9106276,3.9106276,1,1,10.34445,10.34445,1,1,13.506499,13.506499,1,1,11.497897,11.497897,1,1,10.768968,10.768968
0b_rotation_best,file,14,baseline_rotation,5359,092.Nighthawk/Nighthawk_0068_82368.jpg,92,91,092.Nighthawk,194,193,rotation,rotation,0,"{""angle"":-7.413541}",0.16392209,0.018545797,-0.14537629,0.84880817,0.98162514,0.065574393,0.0041017057,0.78323378,0.97752343,0.19428966,0.76566409,0.15917048,23.998649,3.8198765,False,0.96423435,True,True,True,0.76566409,0.15917048,23.998649,3.8198765,0.7606856,0.16044731,23.513793,3.7727249,0.9431826,0.12466173,4.7996567,0.59833353,0.68248572,0.16742499,3.9106276,0.65473677,0.75554583,0.19332579,10.34445,1.9998488,0.78592061,0.16482172,13.506499,2.2261645,0.73917555,0.14409801,11.497897,1.656824,0.79318226,0.1347103,10.768968,1.4506908
0b_rotation_best,file,14,baseline_rotation,2598,046.Gadwall/Gadwall_0017_30979.jpg,46,45,046.Gadwall,90,89,identity,identity,0,{},0.01202689,0.01202689,0,0.98804516,0.98804516,0.0014586556,0.0014586556,0.9865865,0.9865865,0,1,1,1.8605508,1.8605508,False,1,True,True,True,1,1,1.8605508,1.8605508,1,1,1.833979,1.833979,1,1,0.31332168,0.31332168,1,1,0.37042951,0.37042951,1,1,0.70700592,0.70700592,1,1,0.91047877,0.91047877,1,1,0.92072268,0.92072268,1,1,1.0245495,1.0245495
0b_rotation_best,file,14,baseline_rotation,2598,046.Gadwall/Gadwall_0017_30979.jpg,46,45,046.Gadwall,90,89,rotation,rotation,0,"{""angle"":-1.337926}",0.01202689,0.017274985,0.0052480949,0.98804516,0.98287338,0.0014586556,0.0018184736,0.9865865,0.98105491,-0.0055315938,0.88405825,1.410554,1.8605508,2.6244075,False,0.98797596,True,True,True,0.88405825,1.410554,1.8605508,2.6244075,0.88096852,1.4089737,1.833979,2.5840281,0.98658374,1.4636702,0.31332168,0.4585996,0.76732755,1.1983496,0.37042951,0.44390407,0.82202684,1.4218482,0.70700592,1.0052551,0.8652219,1.4210687,0.91047877,1.2938529,0.88404106,1.4153004,0.92072268,1.3030992,0.93314825,1.4135688,1.0245495,1.4482713
0b_rotation_best,file,14,baseline_rotation,388,008.Rhinoceros_Auklet/Rhinoceros_Auklet_0016_2114.jpg,8,7,008.Rhinoceros_Auklet,25,24,identity,identity,0,{},1.1781888,1.1781888,0,0.30783579,0.30783579,0.28685093,0.28685093,0.020984858,0.020984858,0,1,1,116.26723,116.26723,False,1,True,True,True,1,1,116.26723,116.26723,1,1,114.28489,114.28489,1,1,21.378327,21.378327,1,1,24.69359,24.69359,1,1,48.769861,48.769861,1,1,63.829772,63.829772,1,1,55.271649,55.271649,1,1,54.254667,54.254667
0b_rotation_best,file,14,baseline_rotation,388,008.Rhinoceros_Auklet/Rhinoceros_Auklet_0016_2114.jpg,8,7,008.Rhinoceros_Auklet,25,24,rotation,rotation,0,"{""angle"":-11.804865}",1.1781888,0.36288923,-0.81529957,0.30783579,0.69566345,0.28685093,0.15573148,0.020984858,0.53993197,0.51894711,0.76231201,0.53656891,116.26723,62.385383,False,0.94366217,True,True,True,0.76231201,0.53656891,116.26723,62.385383,0.75749084,0.53883285,114.28489,61.580454,0.92872261,0.46725728,21.378327,9.9891792,0.68661209,0.65538085,24.69359,16.183706,0.7491371,0.53463017,48.769861,26.073839,0.8009186,0.54203477,63.829772,34.597956,0.71799966,0.52789131,55.271649,29.177423,0.7662475,0.52199313,54.254667,28.320564
0b_rotation_best,file,14,baseline_rotation,7936,136.Barn_Swallow/Barn_Swallow_0094_132154.jpg,136,135,136.Barn_Swallow,137,136,identity,identity,0,{},0.13494371,0.13494371,0,0.87376511,0.87376511,0.037144676,0.037144676,0.83662044,0.83662044,0,1,1,17.709447,17.709447,False,1,True,True,True,1,1,17.709447,17.709447,1,1,17.294097,17.294097,1,1,3.8129641,3.8129641,1,1,3.963346,3.963346,1,1,7.7426585,7.7426585,1,1,9.16279,9.16279,1,1,8.1688471,8.1688471,1,1,8.5289008,8.5289008
0b_rotation_best,file,14,baseline_rotation,7936,136.Barn_Swallow/Barn_Swallow_0094_132154.jpg,136,135,136.Barn_Swallow,137,136,rotation,rotation,0,"{""angle"":-11.492894}",0.13494371,0.047792919,-0.08715079,0.87376511,0.95333117,0.037144676,0.020160832,0.83662044,0.93317034,0.096549906,0.81020521,0.37524312,17.709447,6.6453481,False,0.97598952,True,True,True,0.81020521,0.37524312,17.709447,6.6453481,0.80216369,0.37361948,17.294097,6.4614116,0.96483975,0.40721038,3.8129641,1.5526785,0.69250966,0.35475718,3.963346,1.4060254,0.83900217,0.41547867,7.7426585,3.2169095,0.79104034,0.35917516,9.16279,3.2910465,0.77977195,0.35541929,8.1688471,2.9033659,0.82869076,0.37379823,8.5289008,3.188088
0b_rotation_best,file,14,baseline_rotation,9947,169.Magnolia_Warbler/Magnolia_Warbler_0102_165884.jpg,169,168,169.Magnolia_Warbler,163,162,identity,identity,0,{},0.0095686605,0.0095686605,0,0.99047697,0.99047697,0.0076236092,0.0076236092,0.98285336,0.98285336,0,1,1,1.8262704,1.8262704,False,1,True,True,True,1,1,1.8262704,1.8262704,1,1,1.7876597,1.7876597,1,1,0.37354534,0.37354534,1,1,0.39540014,0.39540014,1,1,0.77051034,0.77051034,1,1,0.86862188,0.86862188,1,1,0.89913734,0.89913734,1,1,0.93954668,0.93954668
0b_rotation_best,file,14,baseline_rotation,9947,169.Magnolia_Warbler/Magnolia_Warbler_0102_165884.jpg,169,168,169.Magnolia_Warbler,163,162,rotation,rotation,0,"{""angle"":14.239524}",0.0095686605,0.0021266956,-0.0074419649,0.99047697,0.99787557,0.0076236092,0.0017247392,0.98285336,0.99615083,0.013297475,0.80510127,0.22713011,1.8262704,0.41480099,False,0.984721,True,True,True,0.80510127,0.22713011,1.8262704,0.41480099,0.79689969,0.22660752,1.7876597,0.40509715,0.9844128,0.23878582,0.37354534,0.08919733,0.74545747,0.23720177,0.39540014,0.093789615,0.78998115,0.22949611,0.77051034,0.17682913,0.77043425,0.2217977,0.86862188,0.19265834,0.77515682,0.22867631,0.89913734,0.20561141,0.85422285,0.22488987,0.93954668,0.21129453
0b_rotation_best,file,14,baseline_rotation,5267,091.Mockingbird/Mockingbird_0096_79878.jpg,91,90,091.Mockingbird,112,111,identity,identity,0,{},0.044542141,0.044542141,0,0.95643532,0.95643532,0.013323667,0.013323667,0.94311166,0.94311166,0,1,1,6.7778284,6.7778284,False,1,True,True,True,1,1,6.7778284,6.7778284,1,1,6.6278833,6.6278833,1,1,1.417787,1.417787,1,1,1.5979221,1.5979221,1,1,2.6006104,2.6006104,1,1,3.4358465,3.4358465,1,1,3.3326764,3.3326764,1,1,3.4206044,3.4206044
0b_rotation_best,file,14,baseline_rotation,5267,091.Mockingbird/Mockingbird_0096_79878.jpg,91,90,091.Mockingbird,112,111,rotation,rotation,0,"{""angle"":-0.795145}",0.044542141,0.049578972,0.0050368309,0.95643532,0.95163,0.013323667,0.011908684,0.94311166,0.93972131,-0.0033903429,0.88545138,1.153388,6.7778284,7.8174658,False,0.99235445,True,True,True,0.88545138,1.153388,6.7778284,7.8174658,0.88090811,1.1534642,6.6278833,7.6450261,0.98489044,1.1517212,1.417787,1.6328954,0.91081817,1.3292811,1.5979221,2.1240876,0.84283901,1.1909793,2.6006104,3.0972732,0.86416268,1.1523333,3.4358465,3.9592404,0.88502029,1.136019,3.3326764,3.7859839,0.91379238,1.1067648,3.4206044,3.7858045
0b_rotation_best,file,14,baseline_rotation,9223,157.Yellow_throated_Vireo/Yellow_Throated_Vireo_0070_159602.jpg,157,156,157.Yellow_throated_Vireo,175,174,identity,identity,0,{},0.31501433,0.31501433,0,0.72977841,0.72977841,0.15930898,0.15930898,0.57046942,0.57046942,0,1,1,32.543791,32.543791,False,0.99999994,True,True,True,1,1,32.543791,32.543791,1,1,31.613801,31.613801,1,1,7.7243719,7.7243719,1,1,5.0031012,5.0031012,1,1,12.045311,12.045311,1,1,19.044305,19.044305,1,1,15.697029,15.697029,1,1,14.840135,14.840135
0b_rotation_best,file,14,baseline_rotation,9223,157.Yellow_throated_Vireo/Yellow_Throated_Vireo_0070_159602.jpg,157,156,157.Yellow_throated_Vireo,175,174,rotation,rotation,0,"{""angle"":13.370073}",0.31501433,0.15140417,-0.16361016,0.72977841,0.85950023,0.15930898,0.063069984,0.57046942,0.79643025,0.22596082,0.75885947,0.57003285,32.543791,18.55103,False,0.96544009,True,True,True,0.75885947,0.57003285,32.543791,18.55103,0.74790207,0.57136842,31.613801,18.063127,0.95118752,0.54717711,7.7243719,4.2265995,0.5450548,0.55796985,5.0031012,2.7915796,0.64584112,0.57499767,12.045311,6.9260257,0.79766384,0.55957092,19.044305,10.656639,0.73172296,0.57914064,15.697029,9.0907876,0.77617868,0.58086917,14.840135,8.6201768
0b_rotation_best,file,14,baseline_rotation,10306,175.Pine_Warbler/Pine_Warbler_0041_171477.jpg,175,174,175.Pine_Warbler,182,181,identity,identity,0,{},0.011544448,0.011544448,0,0.98852193,0.98852193,0.0035688695,0.0035688695,0.98495306,0.98495306,0,1,1,1.9577859,1.9577859,False,1.0000001,True,True,True,1,1,1.9577859,1.9577859,1,1,1.9217607,1.9217607,1,1,0.37384687,0.37384687,1,1,0.41975203,0.41975203,1,1,0.83200121,0.83200121,1,1,0.95458054,0.95458054,1,1,0.98499925,0.98499925,1,1,0.97123573,0.97123573
0b_rotation_best,file,14,baseline_rotation,10306,175.Pine_Warbler/Pine_Warbler_0041_171477.jpg,175,174,175.Pine_Warbler,182,181,rotation,rotation,0,"{""angle"":-4.429966}",0.011544448,0.011249566,-0.00029488187,0.98852193,0.98881346,0.0035688695,0.0022828369,0.98495306,0.98653062,0.0015775589,0.87359734,0.95279453,1.9577859,1.8653677,False,0.98832107,True,True,True,0.87359734,0.95279453,1.9577859,1.8653677,0.86949043,0.95240147,1.9217607,1.8302877,0.98096634,0.96312296,0.37384687,0.36006051,0.88503244,0.94360245,0.41975203,0.39607905,0.87979993,1.014005,0.83200121,0.84365341,0.83470776,0.94057505,0.95458054,0.89785464,0.85586752,0.91773776,0.98499925,0.90397101,0.90719116,0.95372522,0.97123573,0.92629201
0b_rotation_best,file,14,baseline_rotation,4853,084.Red_legged_Kittiwake/Red_Legged_Kittiwake_0001_795394.jpg,84,83,084.Red_legged_Kittiwake,45,44,identity,identity,0,{},1.1501958,1.1501958,0,0.31657478,0.31657478,0.61959982,0.61959982,-0.30302504,-0.30302504,0,1,1,135.08883,135.08883,False,0.99999994,True,False,False,1,1,135.08883,135.08883,1,1,132.57306,132.57306,1,1,25.949489,25.949489,1,1,29.790152,29.790152,1,1,71.12192,71.12192,1,1,67.327011,67.327011,1,1,59.631694,59.631694,1,1,59.506057,59.506057
0b_rotation_best,file,14,baseline_rotation,4853,084.Red_legged_Kittiwake/Red_Legged_Kittiwake_0001_795394.jpg,84,83,084.Red_legged_Kittiwake,45,44,rotation,rotation,0,"{""angle"":-8.244065}",1.1501958,0.44133207,-0.70886377,0.31657478,0.64317912,0.61959982,0.32515749,-0.30302504,0.31802163,0.62104666,0.84666234,0.543727,135.08883,73.451446,False,0.95995724,False,False,True,0.84666234,0.543727,135.08883,73.451446,0.84237099,0.54394196,132.57306,72.112051,0.95993647,0.53808612,25.949489,13.96306,0.90127803,0.60186604,29.790152,17.929681,0.89383906,0.55557927,71.12192,39.513865,0.80694099,0.52535788,67.327011,35.370776,0.80974221,0.55191111,59.631694,32.911394,0.83021697,0.5269054,59.506057,31.354063
0b_rotation_best,file,14,baseline_rotation,10599,180.Wilson_Warbler/Wilson_Warbler_0076_175780.jpg,180,179,180.Wilson_Warbler,182,181,identity,identity,0,{},0.013601955,0.013601955,0,0.98649013,0.98649013,0.0086875232,0.0086875232,0.97780261,0.97780261,0,1,1,1.8709353,1.8709353,False,1,True,True,True,1,1,1.8709353,1.8709353,1,1,1.816926,1.816926,1,1,0.4462944,0.4462944,1,1,0.3417545,0.3417545,1,1,0.63545186,0.63545186,1,1,0.94700375,0.94700375,1,1,0.99886028,0.99886028,1,1,0.94132191,0.94132191
0b_rotation_best,file,14,baseline_rotation,10599,180.Wilson_Warbler/Wilson_Warbler_0076_175780.jpg,180,179,180.Wilson_Warbler,182,181,rotation,rotation,0,"{""angle"":6.146694}",0.013601955,0.02870369,0.015101735,0.98649013,0.97170436,0.0086875232,0.016538471,0.97780261,0.95516589,-0.022636714,0.81395472,1.9103584,1.8709353,3.5741569,False,0.99186707,True,True,True,0.81395472,1.9103584,1.8709353,3.5741569,0.80344639,1.9118028,1.816926,3.4736042,0.99054956,1.8862578,0.4462944,0.84182631,0.64165797,1.8870594,0.3417545,0.64491104,0.60783731,1.9384435,0.63545186,1.2317875,0.79687246,1.876374,0.94700375,1.7769332,0.82746497,1.8405784,0.99886028,1.8384807,0.89256122,2.0142998,0.94132191,1.8961045
0b_rotation_best,file,14,baseline_rotation,912,017.Cardinal/Cardinal_0051_17223.jpg,17,16,017.Cardinal,140,139,identity,identity,0,{},0.05520273,0.05520273,0,0.94629329,0.94629329,0.0084692407,0.0084692407,0.93782405,0.93782405,0,1,1,8.3050755,8.3050755,False,1,True,True,True,1,1,8.3050755,8.3050755,1,1,8.1575354,8.1575354,1,1,1.5584913,1.5584913,1,1,2.3195061,2.3195061,1,1,2.788806,2.788806,1,1,4.0496858,4.0496858,1,1,4.1962906,4.1962906,1,1,4.4021616,4.4021616
0b_rotation_best,file,14,baseline_rotation,912,017.Cardinal/Cardinal_0051_17223.jpg,17,16,017.Cardinal,140,139,rotation,rotation,0,"{""angle"":-2.479329}",0.05520273,0.08878915,0.03358642,0.94629329,0.91503847,0.0084692407,0.016315544,0.93782405,0.89872292,-0.039101131,0.85656964,1.7573685,8.3050755,14.595078,False,0.98687613,True,True,True,0.85656964,1.7573685,8.3050755,14.595078,0.85230778,1.7615687,8.1575354,14.370059,0.98432138,1.63811,1.5584913,2.5529802,0.83022527,2.0631716,2.3195061,4.7855392,0.76949633,1.8422013,2.788806,5.1375419,0.83326785,1.828466,4.0496858,7.4047129,0.86326066,1.7185673,4.1962906,7.2116077,0.91414961,1.6121371,4.4021616,7.0968881
0b_rotation_best,file,14,baseline_rotation,9503,162.Canada_Warbler/Canada_Warbler_0076_162393.jpg,162,161,162.Canada_Warbler,176,175,identity,identity,0,{},0.0024560308,0.0024560308,0,0.99754697,0.99754697,0.00091467577,0.00091467577,0.9966323,0.9966323,0,1,1,0.3683906,0.3683906,False,1.0000001,True,True,True,1,1,0.3683906,0.3683906,1,1,0.36133955,0.36133955,1,1,0.071731167,0.071731167,1,1,0.051888906,0.051888906,1,1,0.13052529,0.13052529,1,1,0.19075119,0.19075119,1,1,0.18479611,0.18479611,1,1,0.20075194,0.20075194
0b_rotation_best,file,14,baseline_rotation,9503,162.Canada_Warbler/Canada_Warbler_0076_162393.jpg,162,161,162.Canada_Warbler,176,175,rotation,rotation,0,"{""angle"":9.379519}",0.0024560308,0.083269387,0.080813357,0.99754697,0.92010325,0.00091467577,0.0074548125,0.9966323,0.91264844,-0.083983856,0.70875925,34.352855,0.3683906,12.655269,False,0.9585228,True,True,True,0.70875925,34.352855,0.3683906,12.655269,0.70430591,34.694743,0.36133955,12.536583,0.91760939,24.105788,0.071731167,1.7291363,0.66535381,40.333501,0.051888906,2.0928613,0.66276549,39.001649,0.13052529,5.0907016,0.6679273,35.163445,0.19075119,6.707469,0.67246942,34.661181,0.18479611,6.4052515,0.8005981,31.838556,0.20075194,6.391652
0b_rotation_best,file,14,baseline_rotation,8233,141.Artic_Tern/Artic_Tern_0012_143410.jpg,141,140,141.Artic_Tern,84,83,identity,identity,0,{},2.8574896,2.8574896,0,0.05741271,0.05741271,0.56647134,0.56647134,-0.50905863,-0.50905863,0,1,1,190.8876,190.8876,False,1,True,False,False,1,1,190.8876,190.8876,1,1,187.95105,187.95105,1,1,33.353801,33.353801,1,1,49.313899,49.313899,1,1,97.324894,97.324894,1,1,104.74174,104.74174,1,1,82.549679,82.549679,1,1,75.075437,75.075437
0b_rotation_best,file,14,baseline_rotation,8233,141.Artic_Tern/Artic_Tern_0012_143410.jpg,141,140,141.Artic_Tern,84,83,rotation,rotation,0,"{""angle"":4.614843}",2.8574896,2.7347572,-0.1227324,0.05741271,0.064909764,0.56647134,0.50598103,-0.50905863,-0.44107126,0.067987364,0.90780261,0.91035438,190.8876,173.77536,False,0.99114424,True,False,False,0.90780261,0.91035438,190.8876,173.77536,0.905188,0.90957141,187.95105,170.95491,0.98891076,0.93487583,33.353801,31.181662,0.94224676,0.93150962,49.313899,45.936371,0.91766341,0.85294239,97.324894,83.012528,0.90803895,0.90103473,104.74174,94.375947,0.88078508,0.96708456,82.549679,79.832521,0.90087967,0.93660073,75.075437,70.315709
0b_rotation_best,file,14,baseline_rotation,444,009.Brewer_Blackbird/Brewer_Blackbird_0078_2659.jpg,9,8,009.Brewer_Blackbird,11,10,identity,identity,0,{},0.056070626,0.056070626,0,0.94547236,0.94547236,0.034228653,0.034228653,0.91124371,0.91124371,0,1,1,7.4420112,7.4420112,False,1,True,True,True,1,1,7.4420112,7.4420112,1,1,7.2224645,7.2224645,1,1,1.7943071,1.7943071,1,1,1.4824033,1.4824033,1,1,3.9484516,3.9484516,1,1,3.4314158,3.4314158,1,1,3.1541034,3.1541034,1,1,3.5571366,3.5571366
0b_rotation_best,file,14,baseline_rotation,444,009.Brewer_Blackbird/Brewer_Blackbird_0078_2659.jpg,9,8,009.Brewer_Blackbird,11,10,rotation,rotation,0,"{""angle"":-12.421798}",0.056070626,0.027615163,-0.028455462,0.94547236,0.97276264,0.034228653,0.013476844,0.91124371,0.9592858,0.048042093,0.74575279,0.53258612,7.4420112,3.9635119,False,0.97050208,True,True,True,0.74575279,0.53258612,7.4420112,3.9635119,0.73216837,0.53189338,7.2224645,3.841581,0.96124603,0.54368724,1.7943071,0.97554187,0.38964531,0.64792652,1.4824033,0.96048841,0.78561235,0.52844472,3.9484516,2.0865384,0.68860969,0.50332606,3.4314158,1.727121,0.71256087,0.55643177,3.1541034,1.7550434,0.80007181,0.51977268,3.5571366,1.8489025
0b_rotation_best,file,14,baseline_rotation,2198,039.Least_Flycatcher/Least_Flycatcher_0019_30358.jpg,39,38,039.Least_Flycatcher,103,102,identity,identity,0,{},3.5621352,3.5621352,0,0.028378163,0.028378163,0.30568457,0.30568457,-0.2773064,-0.2773064,0,1,1,143.63663,143.63663,False,1.0000001,True,False,False,1,1,143.63663,143.63663,1,1,140.72794,140.72794,1,1,28.759814,28.759814,1,1,33.666057,33.666057,1,1,70.429049,70.429049,1,1,73.897183,73.897183,1,1,64.669115,64.669115,1,1,63.779391,63.779391
0b_rotation_best,file,14,baseline_rotation,2198,039.Least_Flycatcher/Least_Flycatcher_0019_30358.jpg,39,38,039.Least_Flycatcher,103,102,rotation,rotation,0,"{""angle"":-7.743597}",3.5621352,4.3846321,0.82249689,0.028378163,0.012467477,0.30568457,0.14668077,-0.2773064,-0.13421329,0.14309311,0.76332712,1.0732067,143.63663,154.15179,False,0.95205986,False,False,False,0.76332712,1.0732067,143.63663,154.15179,0.75601542,1.0705555,140.72794,150.65707,0.92972144,1.1348384,28.759814,32.637741,0.80703794,1.6337022,33.666057,55.000312,0.72884505,0.99035855,70.429049,69.750011,0.76460832,1.0746626,73.897183,79.414541,0.75286098,1.0275206,64.669115,66.44885,0.79276054,1.0021518,63.779391,63.916631
0b_rotation_best,file,14,baseline_rotation,10347,176.Prairie_Warbler/Prairie_Warbler_0053_173290.jpg,176,175,176.Prairie_Warbler,163,162,identity,identity,0,{},0.016877824,0.016877824,0,0.98326379,0.98326379,0.0060045519,0.0060045519,0.97725924,0.97725924,0,1,1,2.1732273,2.1732273,False,1,True,True,True,1,1,2.1732273,2.1732273,1,1,2.126442,2.126442,1,1,0.44851032,0.44851032,1,1,0.36704419,0.36704419,1,1,0.71190809,0.71190809,1,1,0.95779788,0.95779788,1,1,1.0401768,1.0401768,1,1,1.3714504,1.3714504
0b_rotation_best,file,14,baseline_rotation,10347,176.Prairie_Warbler/Prairie_Warbler_0053_173290.jpg,176,175,176.Prairie_Warbler,163,162,rotation,rotation,0,"{""angle"":-0.775637}",0.016877824,0.013259566,-0.0036182581,0.98326379,0.98682797,0.0060045519,0.003491679,0.97725924,0.98333629,0.0060770519,0.93982435,0.80133247,2.1732273,1.7414776,False,0.99574769,True,True,True,0.93982435,0.80133247,2.1732273,1.7414776,0.93767335,0.80288056,2.126442,1.7072789,0.99153537,0.76570864,0.44851032,0.34342823,0.87836225,0.82712783,0.36704419,0.30359247,0.89279771,0.84114983,0.71190809,0.59882137,0.92317502,0.80943316,0.95779788,0.77527337,0.93445283,0.81426948,1.0401768,0.84698426,0.96525051,0.78043942,1.3714504,1.070334
0b_rotation_best,file,14,baseline_rotation,5285,091.Mockingbird/Mockingbird_0056_81986.jpg,91,90,091.Mockingbird,7,6,identity,identity,0,{},3.532599,3.532599,0,0.029228846,0.029228846,0.23523906,0.23523906,-0.20601021,-0.20601021,0,1,1,157.93987,157.93987,False,0.99999994,True,False,False,1,1,157.93987,157.93987,1,1,155.12986,155.12986,1,1,29.660263,29.660263,1,1,46.8935,46.8935,1,1,72.073093,72.073093,1,1,81.23296,81.23296,1,1,72.639275,72.639275,1,1,69.256647,69.256647
0b_rotation_best,file,14,baseline_rotation,5285,091.Mockingbird/Mockingbird_0056_81986.jpg,91,90,091.Mockingbird,7,6,rotation,rotation,0,"{""angle"":-3.653079}",3.532599,4.0800524,0.5474534,0.029228846,0.01690658,0.23523906,0.18692696,-0.20601021,-0.17002038,0.035989832,0.83994829,1.0720877,157.93987,169.32539,False,0.9755165,False,False,False,0.83994829,1.0720877,157.93987,169.32539,0.8359861,1.0738965,155.12986,166.59341,0.95493051,1.0213665,29.660263,30.294,0.78954071,0.91665267,46.8935,42.985052,0.84538186,1.1582259,72.073093,83.47692,0.83896784,1.0660214,81.23296,86.596075,0.83265069,1.0946312,72.639275,79.51322,0.85115115,1.0327724,69.256647,71.526355
0b_rotation_best,file,14,baseline_rotation,361,007.Parakeet_Auklet/Parakeet_Auklet_0025_795975.jpg,7,6,007.Parakeet_Auklet,6,5,identity,identity,0,{},0.0089915842,0.0089915842,0,0.99104869,0.99104869,0.0054020346,0.0054020346,0.98564666,0.98564666,0,1,1,1.3192822,1.3192822,False,0.99999988,True,True,True,1,1,1.3192822,1.3192822,1,1,1.2888527,1.2888527,1,1,0.28171633,0.28171633,1,1,0.32850742,0.32850742,1,1,0.50534343,0.50534343,1,1,0.63103068,0.63103068,1,1,0.61616369,0.61616369,1,1,0.72110665,0.72110665
0b_rotation_best,file,14,baseline_rotation,361,007.Parakeet_Auklet/Parakeet_Auklet_0025_795975.jpg,7,6,007.Parakeet_Auklet,6,5,rotation,rotation,0,"{""angle"":-13.764008}",0.0089915842,0.0012635351,-0.0077280491,0.99104869,0.99873728,0.0054020346,0.00076839962,0.98564666,0.99796888,0.012322217,0.81222074,0.15510422,1.3192822,0.20462624,False,0.98252445,True,True,True,0.81222074,0.15510422,1.3192822,0.20462624,0.80396998,0.15499255,1.2888527,0.19976257,0.9823417,0.15742338,0.28171633,0.044348736,0.80831087,0.17503239,0.32850742,0.057499439,0.79811071,0.16676689,0.50534343,0.084274554,0.78574311,0.15275095,0.63103068,0.096390537,0.758625,0.1492146,0.61616369,0.091940619,0.85662825,0.15033683,0.72110665,0.10840889
0b_rotation_best,file,14,baseline_rotation,8848,151.Black_capped_Vireo/Black_Capped_Vireo_0012_797473.jpg,151,150,151.Black_capped_Vireo,6,5,identity,identity,0,{},0.52922595,0.52922595,0,0.58906072,0.58906072,0.13492022,0.13492022,0.4541405,0.4541405,0,1,1,83.922586,83.922586,False,0.99999994,True,True,True,1,1,83.922586,83.922586,1,1,82.787019,82.787019,1,1,13.758996,13.758996,1,1,28.463272,28.463272,1,1,32.999137,32.999137,1,1,45.722792,45.722792,1,1,40.854304,40.854304,1,1,34.56793,34.56793
0b_rotation_best,file,14,baseline_rotation,8848,151.Black_capped_Vireo/Black_Capped_Vireo_0012_797473.jpg,151,150,151.Black_capped_Vireo,6,5,rotation,rotation,0,"{""angle"":13.794358}",0.52922595,0.39473704,-0.13448891,0.58906072,0.67385721,0.13492022,0.088732325,0.4541405,0.58512489,0.13098439,0.76998442,0.72443952,83.922586,60.796838,False,0.96823955,True,True,True,0.76998442,0.72443952,83.922586,60.796838,0.76439738,0.72307622,82.787019,59.861325,0.96100802,0.77217658,13.758996,10.624375,0.74876868,0.75137875,28.463272,21.386698,0.70681493,0.77432453,32.999137,25.552042,0.79124498,0.69209524,45.722792,31.644527,0.76017088,0.66316406,40.854304,27.093106,0.7989701,0.78570067,34.56793,27.160046
0b_rotation_best,file,14,baseline_rotation,2931,051.Horned_Grebe/Horned_Grebe_0033_34736.jpg,51,50,051.Horned_Grebe,50,49,identity,identity,0,{},1.3697414,1.3697414,0,0.25417268,0.25417268,0.19541821,0.19541821,0.058754474,0.058754474,0,1,1,113.51531,113.51531,False,1,True,True,True,1,1,113.51531,113.51531,1,1,111.28861,111.28861,1,1,22.373439,22.373439,1,1,24.760763,24.760763,1,1,49.845366,49.845366,1,1,64.85832,64.85832,1,1,51.948346,51.948346,1,1,48.808459,48.808459
0b_rotation_best,file,14,baseline_rotation,2931,051.Horned_Grebe/Horned_Grebe_0033_34736.jpg,51,50,051.Horned_Grebe,50,49,rotation,rotation,0,"{""angle"":-11.334958}",1.3697414,3.6618657,2.2921243,0.25417268,0.02568455,0.19541821,0.20037076,0.058754474,-0.17468621,-0.23344068,0.71826258,1.7585203,113.51531,199.61897,False,0.9596982,False,True,False,0.71826258,1.7585203,113.51531,199.61897,0.71306167,1.7665222,111.28861,196.5938,0.87125578,1.5474127,22.373439,34.620943,0.70094975,1.7230482,24.760763,42.663986,0.76583781,1.8757477,49.845366,93.49733,0.72042399,1.697538,64.85832,110.09946,0.65903037,1.7669361,51.948346,91.789406,0.70886958,1.7790562,48.808459,86.832993
0b_rotation_best,file,14,baseline_rotation,2071,037.Acadian_Flycatcher/Acadian_Flycatcher_0054_29113.jpg,37,36,037.Acadian_Flycatcher,43,42,identity,identity,0,{},3.2764289,3.2764289,0,0.037762865,0.037762865,0.89865661,0.89865661,-0.86089374,-0.86089374,0,1,1,141.8221,141.8221,False,1,True,False,False,1,1,141.8221,141.8221,1,1,137.52774,137.52774,1,1,34.635672,34.635672,1,1,30.847232,30.847232,1,1,60.827548,60.827548,1,1,69.100052,69.100052,1,1,69.449806,69.449806,1,1,68.295274,68.295274
0b_rotation_best,file,14,baseline_rotation,2071,037.Acadian_Flycatcher/Acadian_Flycatcher_0054_29113.jpg,37,36,037.Acadian_Flycatcher,43,42,rotation,rotation,0,"{""angle"":-13.551335}",3.2764289,3.0811784,-0.19525051,0.037762865,0.045905128,0.89865661,0.93974888,-0.86089374,-0.89384376,-0.032950014,0.76409545,1.2182915,141.8221,172.78066,False,0.95636576,True,False,False,0.76409545,1.2182915,141.8221,172.78066,0.75191893,1.2182368,137.52774,167.54136,0.95593167,1.219153,34.635672,42.226182,0.72668059,1.2721017,30.847232,39.240816,0.74806936,1.3368739,60.827548,81.318764,0.71854158,1.2577877,69.100052,86.913196,0.75536379,1.1726614,69.449806,81.441107,0.80418537,1.1084682,68.295274,75.703142
0b_rotation_best,file,14,baseline_rotation,662,013.Bobolink/Bobolink_0104_10273.jpg,13,12,013.Bobolink,171,170,identity,identity,0,{},0.000225161,0.000225161,0,0.99977487,0.99977487,5.251628e-05,5.251628e-05,0.99972236,0.99972236,0,1,1,0.042648671,0.042648671,False,1,True,True,True,1,1,0.042648671,0.042648671,1,1,0.041905358,0.041905358,1,1,0.0079278017,0.0079278017,1,1,0.008735625,0.008735625,1,1,0.021396044,0.021396044,1,1,0.022409705,0.022409705,1,1,0.018904465,0.018904465,1,1,0.019036375,0.019036375
0b_rotation_best,file,14,baseline_rotation,662,013.Bobolink/Bobolink_0104_10273.jpg,13,12,013.Bobolink,171,170,rotation,rotation,0,"{""angle"":-4.302917}",0.000225161,0.00064399961,0.00041883861,0.99977487,0.99935621,5.251628e-05,0.00016055394,0.99972236,0.99919566,-0.00052670069,0.84674586,2.8210281,0.042648671,0.1203131,False,0.99083877,True,True,True,0.84674586,2.8210281,0.042648671,0.1203131,0.84183818,2.8246086,0.041905358,0.11836624,0.98978381,2.719082,0.0079278017,0.021556343,0.83101322,3.2723062,0.008735625,0.02858564,0.86695537,2.9244062,0.021396044,0.062570724,0.78331674,2.6351851,0.022409705,0.059053721,0.83004935,2.8171895,0.018904465,0.053257459,0.90377588,2.8554038,0.019036375,0.054356536
0b_rotation_best,file,14,baseline_rotation,3271,057.Rose_breasted_Grosbeak/Rose_Breasted_Grosbeak_0012_39149.jpg,57,56,057.Rose_breasted_Grosbeak,192,191,identity,identity,0,{},0.0043411069,0.0043411069,0,0.99566829,0.99566829,0.0010234819,0.0010234819,0.99464481,0.99464481,0,1,1,0.64390366,0.64390366,False,1,True,True,True,1,1,0.64390366,0.64390366,1,1,0.63375324,0.63375324,1,1,0.11388045,0.11388045,1,1,0.19143006,0.19143006,1,1,0.22719049,0.22719049,1,1,0.25946561,0.25946561,1,1,0.30288499,0.30288499,1,1,0.39283643,0.39283643
0b_rotation_best,file,14,baseline_rotation,3271,057.Rose_breasted_Grosbeak/Rose_Breasted_Grosbeak_0012_39149.jpg,57,56,057.Rose_breasted_Grosbeak,192,191,rotation,rotation,0,"{""angle"":5.135754}",0.0043411069,0.0086919311,0.0043508243,0.99566829,0.99134576,0.0010234819,0.0017693583,0.99464481,0.9895764,-0.0050684052,0.83651641,2.0449012,0.64390366,1.3167194,False,0.98881358,True,True,True,0.83651641,2.0449012,0.64390366,1.3167194,0.83198794,2.0486558,0.63375324,1.2983423,0.98734638,1.9250001,0.11388045,0.21921987,0.76793978,1.5870327,0.19143006,0.30380577,0.73541848,1.782721,0.22719049,0.40501724,0.75991569,2.0809013,0.25946561,0.53992232,0.81810091,2.1809677,0.30288499,0.66058237,0.91821814,2.1320282,0.39283643,0.83753837
0b_rotation_best,file,14,baseline_rotation,11283,192.Downy_Woodpecker/Downy_Woodpecker_0041_184528.jpg,192,191,192.Downy_Woodpecker,159,158,identity,identity,0,{},0.00026806575,0.00026806575,0,0.99973196,0.99973196,2.7525655e-05,2.7525655e-05,0.99970443,0.99970443,0,1,1,0.042582979,0.042582979,False,1,True,True,True,1,1,0.042582979,0.042582979,1,1,0.041774864,0.041774864,1,1,0.0082565624,0.0082565624,1,1,0.0090843118,0.0090843118,1,1,0.018087236,0.018087236,1,1,0.021652755,0.021652755,1,1,0.018774455,0.018774455,1,1,0.022674755,0.022674755
0b_rotation_best,file,14,baseline_rotation,11283,192.Downy_Woodpecker/Downy_Woodpecker_0041_184528.jpg,192,191,192.Downy_Woodpecker,159,158,rotation,rotation,0,"{""angle"":0.257276}",0.00026806575,0.0001619923,-0.00010607345,0.99973196,0.99983799,2.7525655e-05,1.5314494e-05,0.99970443,0.99982268,0.00011824782,0.96276872,0.5926835,0.042582979,0.025238229,False,0.99861825,True,True,True,0.96276872,0.5926835,0.042582979,0.025238229,0.96136608,0.59138293,0.041774864,0.024704941,0.99815932,0.62505698,0.0082565624,0.0051608219,0.95232677,0.58633904,0.0090843118,0.0053264866,0.9454214,0.59210542,0.018087236,0.01070955,0.96267248,0.57682779,0.021652755,0.012489911,0.95424467,0.57626573,0.018774455,0.010819075,0.97716596,0.61461348,0.022674755,0.01393621
0b_rotation_best,file,14,baseline_rotation,9371,160.Black_throated_Blue_Warbler/Black_Throated_Blue_Warbler_0133_161539.jpg,160,159,160.Black_throated_Blue_Warbler,170,169,identity,identity,0,{},1.0434251,1.0434251,0,0.35224614,0.35224614,0.098156519,0.098156519,0.25408962,0.25408962,0,1,1,107.04437,107.04437,False,0.99999988,True,True,True,1,1,107.04437,107.04437,1,1,105.57553,105.57553,1,1,17.672166,17.672166,1,1,21.014583,21.014583,1,1,54.255713,54.255713,1,1,58.126653,58.126653,1,1,47.608581,47.608581,1,1,45.995785,45.995785
0b_rotation_best,file,14,baseline_rotation,9371,160.Black_throated_Blue_Warbler/Black_Throated_Blue_Warbler_0133_161539.jpg,160,159,160.Black_throated_Blue_Warbler,170,169,rotation,rotation,0,"{""angle"":-1.11968}",1.0434251,1.1032257,0.059800625,0.35224614,0.33179906,0.098156519,0.08979895,0.25408962,0.24200011,-0.012089506,0.93094441,1.1920482,107.04437,127.60205,False,0.98493588,True,True,True,0.93094441,1.1920482,107.04437,127.60205,0.92978936,1.1953697,105.57553,126.20178,0.98302919,1.0667539,17.672166,18.851852,0.90105889,1.3698531,21.014583,28.786891,0.94142495,1.2001978,54.255713,65.117589,0.93901167,1.2337863,58.126653,71.71587,0.9174237,1.1853742,47.608581,56.433982,0.92411157,1.093547,45.995785,50.298553
0b_rotation_best,file,14,baseline_rotation,511,010.Red_winged_Blackbird/Red_Winged_Blackbird_0012_6015.jpg,10,9,010.Red_winged_Blackbird,12,11,identity,identity,0,{},0.0030680273,0.0030680273,0,0.99693668,0.99693668,0.00090952648,0.00090952648,0.99602715,0.99602715,0,1,1,0.42830794,0.42830794,False,1,True,True,True,1,1,0.42830794,0.42830794,1,1,0.41593158,0.41593158,1,1,0.10221845,0.10221845,1,1,0.12191775,0.12191775,1,1,0.15181379,0.15181379,1,1,0.20736986,0.20736986,1,1,0.19289192,0.19289192,1,1,0.23426089,0.23426089
0b_rotation_best,file,14,baseline_rotation,511,010.Red_winged_Blackbird/Red_Winged_Blackbird_0012_6015.jpg,10,9,010.Red_winged_Blackbird,12,11,rotation,rotation,0,"{""angle"":-13.467804}",0.0030680273,0.0069078673,0.0038398399,0.99693668,0.99311596,0.00090952648,0.00066961843,0.99602715,0.99244634,-0.0035808093,0.70395473,2.6309785,0.42830794,1.126869,False,0.97822839,True,True,True,0.70395473,2.6309785,0.42830794,1.126869,0.69216836,2.6522296,0.41593158,1.103146,0.94304378,2.2501367,0.10221845,0.23000548,0.8190975,2.7524265,0.12191775,0.33556965,0.56630554,3.0832321,0.15181379,0.46807716,0.67946913,2.7284982,0.20736986,0.56580829,0.65308931,2.5764048,0.19289192,0.49696768,0.76826411,2.4076331,0.23426089,0.56401427
0b_rotation_best,file,14,baseline_rotation,7106,122.Harris_Sparrow/Harris_Sparrow_0074_116539.jpg,122,121,122.Harris_Sparrow,119,118,identity,identity,0,{},0.26826617,0.26826617,0,0.76470423,0.76470423,0.032592297,0.032592297,0.73211193,0.73211193,0,1,1,42.477319,42.477319,False,1,True,True,True,1,1,42.477319,42.477319,1,1,41.921625,41.921625,1,1,6.8483532,6.8483532,1,1,10.408286,10.408286,1,1,19.787326,19.787326,1,1,22.353998,22.353998,1,1,20.583752,20.583752,1,1,18.280041,18.280041
0b_rotation_best,file,14,baseline_rotation,7106,122.Harris_Sparrow/Harris_Sparrow_0074_116539.jpg,122,121,122.Harris_Sparrow,119,118,rotation,rotation,0,"{""angle"":-3.74129}",0.26826617,0.21813761,-0.050128564,0.76470423,0.8040148,0.032592297,0.016028667,0.73211193,0.78798614,0.055874204,0.7807517,0.92382767,42.477319,39.241722,False,0.97712398,True,True,True,0.7807517,0.92382767,42.477319,39.241722,0.77629036,0.92600423,41.921625,38.819603,0.96922251,0.83820401,6.8483532,5.7403171,0.71563073,1.0128698,10.408286,10.542238,0.7155445,0.94430018,19.787326,18.685175,0.76695773,0.99046341,22.353998,22.140817,0.80335267,0.84863202,20.583752,17.468031,0.86882945,0.86726703,18.280041,15.853677
0b_rotation_best,file,14,baseline_rotation,6182,106.Horned_Puffin/Horned_Puffin_0067_100737.jpg,106,105,106.Horned_Puffin,84,83,identity,identity,0,{},0.023197576,0.023197576,0,0.97706944,0.97706944,0.014192759,0.014192759,0.96287668,0.96287668,0,1,1,3.9216552,3.9216552,False,0.99999994,True,True,True,1,1,3.9216552,3.9216552,1,1,3.8463062,3.8463062,1,1,0.76505432,0.76505432,1,1,1.0465554,1.0465554,1,1,1.6784531,1.6784531,1,1,1.9941475,1.9941475,1,1,1.8173437,1.8173437,1,1,1.8979531,1.8979531
0b_rotation_best,file,14,baseline_rotation,6182,106.Horned_Puffin/Horned_Puffin_0067_100737.jpg,106,105,106.Horned_Puffin,84,83,rotation,rotation,0,"{""angle"":-9.185592}",0.023197576,0.015254145,-0.0079434309,0.97706944,0.98486161,0.014192759,0.0093889749,0.96287668,0.97547264,0.012595959,0.80252334,0.74573024,3.9216552,2.9244969,False,0.99012107,True,True,True,0.80252334,0.74573024,3.9216552,2.9244969,0.79564983,0.74744917,3.8463062,2.8749184,0.98939973,0.70088437,0.76505432,0.53621462,0.73525113,1.0654908,1.0465554,1.1150952,0.73874826,0.7188258,1.6784531,1.2065154,0.79267181,0.70377177,1.9941475,1.4034247,0.80928254,0.75671909,1.8173437,1.3752187,0.88890801,0.68802416,1.8979531,1.3058376
0b_rotation_best,file,14,baseline_rotation,8405,144.Common_Tern/Common_Tern_0019_149769.jpg,144,143,144.Common_Tern,142,141,identity,identity,0,{},0.92087555,0.92087555,0,0.39817026,0.39817026,0.25676674,0.25676674,0.14140353,0.14140353,0,1,1,118.02187,118.02187,False,1,True,True,True,1,1,118.02187,118.02187,1,1,116.3219,116.3219,1,1,19.959345,19.959345,1,1,28.051565,28.051565,1,1,48.419091,48.419091,1,1,60.702653,60.702653,1,1,62.417992,62.417992,1,1,53.091136,53.091136
0b_rotation_best,file,14,baseline_rotation,8405,144.Common_Tern/Common_Tern_0019_149769.jpg,144,143,144.Common_Tern,142,141,rotation,rotation,0,"{""angle"":-10.085863}",0.92087555,0.27553737,-0.64533818,0.39817026,0.75916404,0.25676674,0.022005856,0.14140353,0.73715818,0.59575465,0.67089099,0.35040696,118.02187,41.355682,False,0.95894414,True,True,True,0.67089099,0.35040696,118.02187,41.355682,0.66541451,0.34695223,116.3219,40.358143,0.83640989,0.45234155,19.959345,9.0284408,0.64449366,0.35050058,28.051565,9.8320899,0.62397139,0.30428307,48.419091,14.733109,0.65486691,0.34250687,60.702653,20.791075,0.68991499,0.35195423,62.417992,21.968276,0.68586839,0.37679135,53.091136,20.004281
0b_rotation_best,file,14,baseline_rotation,2439,043.Yellow_bellied_Flycatcher/Yellow_Bellied_Flycatcher_0018_795494.jpg,43,42,043.Yellow_bellied_Flycatcher,174,173,identity,identity,0,{},1.9091872,1.9091872,0,0.1482008,0.1482008,0.69809276,0.69809276,-0.54989196,-0.54989196,0,1,1,245.29865,245.29865,False,0.99999994,True,False,False,1,1,245.29865,245.29865,1,1,243.20537,243.20537,1,1,31.977736,31.977736,1,1,69.878656,69.878656,1,1,112.63618,112.63618,1,1,140.5622,140.5622,1,1,112.75918,112.75918,1,1,95.428271,95.428271
0b_rotation_best,file,14,baseline_rotation,2439,043.Yellow_bellied_Flycatcher/Yellow_Bellied_Flycatcher_0018_795494.jpg,43,42,043.Yellow_bellied_Flycatcher,174,173,rotation,rotation,0,"{""angle"":8.788985}",1.9091872,2.8266313,0.91744411,0.1482008,0.059211988,0.69809276,0.85028934,-0.54989196,-0.79107736,-0.24118539,0.82945897,1.0605032,245.29865,260.14001,False,0.97139215,True,False,False,0.82945897,1.0605032,245.29865,260.14001,0.82689159,1.0588591,243.20537,257.52021,0.96887496,1.1516183,31.977736,36.826145,0.82292857,1.0414812,69.878656,72.777308,0.82266878,1.0225319,112.63618,115.17408,0.83500134,1.0220008,140.5622,143.65468,0.81102129,1.1211106,112.75918,126.41551,0.84497382,1.1059026,95.428271,105.53438
0b_rotation_best,file,14,baseline_rotation,9446,161.Blue_winged_Warbler/Blue_Winged_Warbler_0023_161774.jpg,161,160,161.Blue_winged_Warbler,88,87,identity,identity,0,{},3.1430581,3.1430581,0,0.043150634,0.043150634,0.34677529,0.34677529,-0.30362466,-0.30362466,0,1,1,183.27895,183.27895,False,1,True,False,False,1,1,183.27895,183.27895,1,1,180.38323,180.38323,1,1,32.450966,32.450966,1,1,59.473353,59.473353,1,1,76.280264,76.280264,1,1,95.21576,95.21576,1,1,84.167979,84.167979,1,1,83.857379,83.857379
0b_rotation_best,file,14,baseline_rotation,9446,161.Blue_winged_Warbler/Blue_Winged_Warbler_0023_161774.jpg,161,160,161.Blue_winged_Warbler,88,87,rotation,rotation,0,"{""angle"":4.690157}",3.1430581,4.0933595,0.95030141,0.043150634,0.016683094,0.34677529,0.08384119,-0.30362466,-0.067158096,0.23646656,0.70070662,0.97359039,183.27895,178.43862,False,0.975914,False,False,False,0.70070662,0.97359039,183.27895,178.43862,0.69354629,0.9736723,180.38323,175.63415,0.92254825,0.97105619,32.450966,31.511711,0.2771794,0.91752616,59.473353,54.568357,0.62065363,1.06171,76.280264,80.98752,0.755188,0.94414708,95.21576,89.897682,0.75186558,0.97768745,84.167979,82.289976,0.82613914,0.95827201,83.857379,80.358179
0b_rotation_best,file,14,baseline_rotation,3497,061.Heermann_Gull/Heermann_Gull_0128_45663.jpg,61,60,061.Heermann_Gull,66,65,identity,identity,0,{},0.074229337,0.074229337,0,0.92845875,0.92845875,0.051557593,0.051557593,0.87690116,0.87690116,0,1,1,13.785769,13.785769,False,0.99999994,True,True,True,1,1,13.785769,13.785769,1,1,13.487255,13.487255,1,1,2.8533062,2.8533062,1,1,4.2480156,4.2480156,1,1,6.32275,6.32275,1,1,7.0555105,7.0555105,1,1,5.7650597,5.7650597,1,1,6.3927389,6.3927389
0b_rotation_best,file,14,baseline_rotation,3497,061.Heermann_Gull/Heermann_Gull_0128_45663.jpg,61,60,061.Heermann_Gull,66,65,rotation,rotation,0,"{""angle"":-6.461883}",0.074229337,0.089937225,0.015707888,0.92845875,0.91398853,0.051557593,0.043811712,0.87690116,0.87017682,-0.006724339,0.82676824,1.0931193,13.785769,15.06949,False,0.98959094,True,True,True,0.82676824,1.0931193,13.785769,15.06949,0.82017944,1.0924052,13.487255,14.733547,0.97187707,1.1089555,2.8533062,3.1641898,0.88051515,1.1587954,4.2480156,4.9225811,0.79419266,1.0110899,6.32275,6.3928683,0.81013335,1.0553098,7.0555105,7.4457493,0.7818371,1.1422335,5.7650597,6.5850444,0.86294552,1.1406862,6.3927389,7.2921093
0b_rotation_best,file,14,baseline_rotation,8172,140.Summer_Tanager/Summer_Tanager_0018_139290.jpg,140,139,140.Summer_Tanager,16,15,identity,identity,0,{},0.9680829,0.9680829,0,0.37981048,0.37981048,0.56961167,0.56961167,-0.18980119,-0.18980119,0,1,1,197.51697,197.51697,False,0.99999994,True,False,False,1,1,197.51697,197.51697,1,1,196.09709,196.09709,1,1,23.640771,23.640771,1,1,43.843445,43.843445,1,1,118.15372,118.15372,1,1,112.50184,112.50184,1,1,78.634405,78.634405,1,1,61.085887,61.085887
0b_rotation_best,file,14,baseline_rotation,8172,140.Summer_Tanager/Summer_Tanager_0018_139290.jpg,140,139,140.Summer_Tanager,16,15,rotation,rotation,0,"{""angle"":-9.414898}",0.9680829,1.1092739,0.14119101,0.37981048,0.32979834,0.56961167,0.65259612,-0.18980119,-0.32279778,-0.13299659,0.85102834,0.94693372,197.51697,187.03548,False,0.97057039,True,False,False,0.85102834,0.94693372,197.51697,187.03548,0.84918996,0.94408316,196.09709,185.13196,0.9700964,1.1258655,23.640771,26.616329,0.74736054,1.0924961,43.843445,47.898792,0.88576456,0.8796601,118.15372,103.93511,0.86517357,0.92249632,112.50184,103.78253,0.80432899,1.0110847,78.634405,79.506043,0.83287865,1.0462994,61.085887,63.914125
0b_rotation_best,file,14,baseline_rotation,1658,030.Fish_Crow/Fish_Crow_0033_25915.jpg,30,29,030.Fish_Crow,107,106,identity,identity,0,{},3.434062,3.434062,0,0.032255653,0.032255653,0.81705004,0.81705004,-0.78479439,-0.78479439,0,1,1,254.60108,254.60108,False,1,True,False,False,1,1,254.60108,254.60108,1,1,250.9541,250.9541,1,1,42.938913,42.938913,1,1,79.145715,79.145715,1,1,114.81388,114.81388,1,1,138.108,138.108,1,1,115.89446,115.89446,1,1,105.00639,105.00639
0b_rotation_best,file,14,baseline_rotation,1658,030.Fish_Crow/Fish_Crow_0033_25915.jpg,30,29,030.Fish_Crow,107,106,rotation,rotation,0,"{""angle"":1.154446}",3.434062,1.9634045,-1.4706575,0.032255653,0.14037967,0.81705004,0.51267242,-0.78479439,-0.37229276,0.41250163,0.90995767,0.82834869,254.60108,210.89847,False,0.96868104,True,False,False,0.90995767,0.82834869,254.60108,210.89847,0.90875345,0.82809379,250.9541,207.81353,0.95070352,0.83700905,42.938913,35.940259,0.92272945,0.79162957,79.145715,62.654088,0.90092049,0.87701954,114.81388,100.69402,0.9217747,0.85526721,138.108,118.11925,0.89436403,0.78283431,115.89446,90.726161,0.91014704,0.79324853,105.00639,83.296162
0b_rotation_best,file,14,baseline_rotation,3706,064.Ring_billed_Gull/Ring_Billed_Gull_0028_51454.jpg,64,63,064.Ring_billed_Gull,62,61,identity,identity,0,{},0.40279579,0.40279579,0,0.66844857,0.66844857,0.23660684,0.23660684,0.43184173,0.43184173,0,1,1,52.572711,52.572711,False,1,True,True,True,1,1,52.572711,52.572711,1,1,51.05181,51.05181,1,1,12.553987,12.553987,1,1,12.506542,12.506542,1,1,21.395374,21.395374,1,1,27.262809,27.262809,1,1,22.983253,22.983253,1,1,26.844384,26.844384
0b_rotation_best,file,14,baseline_rotation,3706,064.Ring_billed_Gull/Ring_Billed_Gull_0028_51454.jpg,64,63,064.Ring_billed_Gull,62,61,rotation,rotation,0,"{""angle"":-2.783046}",0.40279579,0.29964012,-0.10315567,0.66844857,0.74108487,0.23660684,0.11920346,0.43184173,0.62188141,0.19003968,0.82724929,0.75045316,52.572711,39.453357,False,0.98745334,True,True,True,0.82724929,0.75045316,52.572711,39.453357,0.81941297,0.75253959,51.05181,38.418508,0.96465062,0.71506754,12.553987,8.9769485,0.66568248,0.60068269,12.506542,7.5124634,0.79849981,0.84644937,21.395374,18.110101,0.82647211,0.70669923,27.262809,19.266606,0.810341,0.78060393,22.983253,17.940818,0.87138291,0.74363079,26.844384,19.962311
0b_rotation_best,file,14,baseline_rotation,5096,088.Western_Meadowlark/Western_Meadowlark_0050_77864.jpg,88,87,088.Western_Meadowlark,174,173,identity,identity,0,{},0.015795939,0.015795939,0,0.98432815,0.98432815,0.0046570543,0.0046570543,0.9796711,0.9796711,0,1,1,2.1354961,2.1354961,False,1.0000001,True,True,True,1,1,2.1354961,2.1354961,1,1,2.0911303,2.0911303,1,1,0.43303285,0.43303285,1,1,0.44385702,0.44385702,1,1,0.8653482,0.8653482,1,1,1.1566376,1.1566376,1,1,0.97246529,0.97246529,1,1,1.069341,1.069341
0b_rotation_best,file,14,baseline_rotation,5096,088.Western_Meadowlark/Western_Meadowlark_0050_77864.jpg,88,87,088.Western_Meadowlark,174,173,rotation,rotation,0,"{""angle"":-4.162125}",0.015795939,0.0038636099,-0.011932329,0.98432815,0.99614382,0.0046570543,0.0012645887,0.9796711,0.99487923,0.015208133,0.80089365,0.28798679,2.1354961,0.61499467,False,0.98352194,True,True,True,0.80089365,0.28798679,2.1354961,0.61499467,0.79338929,0.28833978,2.0911303,0.60295606,0.98170528,0.27962904,0.43303285,0.12108856,0.71353442,0.28904068,0.44385702,0.12829274,0.74548996,0.29794112,0.8653482,0.25782281,0.78653585,0.30081122,1.1566376,0.34792957,0.79159638,0.29132265,0.97246529,0.28330116,0.85933888,0.26335848,1.069341,0.28162003
0b_rotation_best,file,14,baseline_rotation,5432,093.Clark_Nutcracker/Clark_Nutcracker_0066_85390.jpg,93,92,093.Clark_Nutcracker,11,10,identity,identity,0,{},6.0062828,6.0062828,0,0.0024632274,0.0024632274,0.53611636,0.53611636,-0.53365313,-0.53365313,0,1,1,231.08413,231.08413,False,1,True,False,False,1,1,231.08413,231.08413,1,1,228.73088,228.73088,1,1,32.894728,32.894728,1,1,74.268075,74.268075,1,1,114.63683,114.63683,1,1,123.25135,123.25135,1,1,104.02246,104.02246,1,1,87.457965,87.457965
0b_rotation_best,file,14,baseline_rotation,5432,093.Clark_Nutcracker/Clark_Nutcracker_0066_85390.jpg,93,92,093.Clark_Nutcracker,11,10,rotation,rotation,0,"{""angle"":9.03203}",6.0062828,6.650012,0.64372921,0.0024632274,0.0012940067,0.53611636,0.60833699,-0.53365313,-0.60704298,-0.073389844,0.78602901,1.0647567,231.08413,246.04839,False,0.9589532,True,False,False,0.78602901,1.0647567,231.08413,246.04839,0.78249618,1.0644851,228.73088,243.4806,0.95478915,1.0778109,32.894728,35.454297,0.63880131,1.008011,74.268075,74.863039,0.78681462,1.0697842,114.63683,122.63667,0.80622824,1.0549774,123.25135,130.0274,0.79325263,1.0744895,104.02246,111.77103,0.81148476,1.0990204,87.457965,96.118092
0b_rotation_best,file,14,baseline_rotation,6880,118.House_Sparrow/House_Sparrow_0055_111393.jpg,118,117,118.House_Sparrow,193,192,identity,identity,0,{},6.432301,6.432301,0,0.0016087446,0.0016087446,0.97119474,0.97119474,-0.969586,-0.969586,0,1,1,302.74067,302.74067,False,0.99999988,True,False,False,1,1,302.74067,302.74067,1,1,298.19401,298.19401,1,1,52.270865,52.270865,1,1,102.08823,102.08823,1,1,167.83087,167.83087,1,1,150.73126,150.73126,1,1,118.00861,118.00861,1,1,116.98082,116.98082
0b_rotation_best,file,14,baseline_rotation,6880,118.House_Sparrow/House_Sparrow_0055_111393.jpg,118,117,118.House_Sparrow,193,192,rotation,rotation,0,"{""angle"":9.194747}",6.432301,6.0400896,-0.39221144,0.0016087446,0.002381345,0.97119474,0.94672388,-0.969586,-0.94434253,0.025243466,0.84681494,1.0002838,302.74067,302.82658,False,0.98052895,True,False,False,0.84681494,1.0002838,302.74067,302.82658,0.84301872,1.0021124,298.19401,298.82391,0.98044099,0.93883009,52.270865,49.073461,0.82403312,1.1343602,102.08823,115.80483,0.87199956,0.91220881,167.83087,153.0968,0.85854375,1.0589076,150.73126,159.61049,0.78326208,0.99523215,118.00861,117.44597,0.85348429,0.9812919,116.98082,114.79233
0b_rotation_best,file,14,baseline_rotation,2034,036.Northern_Flicker/Northern_Flicker_0138_28476.jpg,36,35,036.Northern_Flicker,194,193,identity,identity,0,{},0.0333126,0.0333126,0,0.96723616,0.96723616,0.017014971,0.017014971,0.95022119,0.95022119,0,1,1,5.4880921,5.4880921,False,1.0000001,True,True,True,1,1,5.4880921,5.4880921,1,1,5.3957398,5.3957398,1,1,1.0025702,1.0025702,1,1,0.81408108,0.81408108,1,1,1.9444681,1.9444681,1,1,2.8029617,2.8029617,1,1,2.5858796,2.5858796,1,1,3.1822879,3.1822879
0b_rotation_best,file,14,baseline_rotation,2034,036.Northern_Flicker/Northern_Flicker_0138_28476.jpg,36,35,036.Northern_Flicker,194,193,rotation,rotation,0,"{""angle"":0.250216}",0.0333126,0.012705451,-0.020607149,0.96723616,0.9873749,0.017014971,0.0064150402,0.95022119,0.98095986,0.030738671,0.96345898,0.39898885,5.4880921,2.1896876,False,0.99486017,True,True,True,0.96345898,0.39898885,5.4880921,2.1896876,0.9623986,0.39904467,5.3957398,2.1531412,0.99431048,0.39736863,1.0025702,0.39838996,0.90423891,0.42451935,0.81408108,0.34559317,0.95112274,0.40254037,1.9444681,0.7827269,0.96764146,0.39512126,2.8029617,1.1075097,0.95534988,0.39753538,2.5858796,1.0279786,0.97146681,0.40003579,3.1822879,1.2730291
0b_rotation_best,file,14,baseline_rotation,8949,153.Philadelphia_Vireo/Philadelphia_Vireo_0070_794758.jpg,153,152,153.Philadelphia_Vireo,161,160,identity,identity,0,{},1.0835764,1.0835764,0,0.33838317,0.33838317,0.13609695,0.13609695,0.20228621,0.20228621,0,1,1,108.33118,108.33118,False,1,True,True,True,1,1,108.33118,108.33118,1,1,106.68179,106.68179,1,1,18.831894,18.831894,1,1,20.433188,20.433188,1,1,55.294772,55.294772,1,1,52.926952,52.926952,1,1,49.026001,49.026001,1,1,51.972736,51.972736
0b_rotation_best,file,14,baseline_rotation,8949,153.Philadelphia_Vireo/Philadelphia_Vireo_0070_794758.jpg,153,152,153.Philadelphia_Vireo,161,160,rotation,rotation,0,"{""angle"":-8.813803}",1.0835764,1.1499932,0.06641674,0.33838317,0.31663895,0.13609695,0.096523732,0.20228621,0.22011521,0.017829001,0.67583657,0.98936799,108.33118,107.1794,False,0.9592818,True,True,True,0.67583657,0.98936799,108.33118,107.1794,0.66686498,0.98453583,106.68179,105.03204,0.93239037,1.1335548,18.831894,21.346983,0.51655468,1.1176075,20.433188,22.836285,0.53049748,0.75972281,55.294772,42.008699,0.68873122,1.1122311,52.926952,58.867,0.69759816,1.0387404,49.026001,50.925288,0.78375264,0.99733625,51.972736,51.834294
0b_rotation_best,file,14,baseline_rotation,10877,185.Bohemian_Waxwing/Bohemian_Waxwing_0117_177858.jpg,185,184,185.Bohemian_Waxwing,186,185,identity,identity,0,{},7.324317,7.324317,0,0.00065930991,0.00065930991,0.99750274,0.99750274,-0.99684343,-0.99684343,0,1,1,198.91422,198.91422,False,1.0000001,True,False,False,1,1,198.91422,198.91422,1,1,194.28961,194.28961,1,1,42.642893,42.642893,1,1,38.356349,38.356349,1,1,83.423525,83.423525,1,1,101.71447,101.71447,1,1,96.874231,96.874231,1,1,97.914794,97.914794
0b_rotation_best,file,14,baseline_rotation,10877,185.Bohemian_Waxwing/Bohemian_Waxwing_0117_177858.jpg,185,184,185.Bohemian_Waxwing,186,185,rotation,rotation,0,"{""angle"":3.871884}",7.324317,8.2128353,0.88851833,0.00065930991,0.00027115078,0.99750274,0.99843222,-0.99684343,-0.99816107,-0.001317634,0.86599618,0.97633852,198.91422,194.20762,False,0.98926502,True,False,False,0.86599618,0.97633852,198.91422,194.20762,0.85981047,0.97404966,194.28961,189.24773,0.98927623,1.0226966,42.642893,43.610742,0.72019518,0.93081496,38.356349,35.702663,0.79014283,0.87182431,83.423525,72.730657,0.870433,1.0450691,101.71447,106.29865,0.86606932,0.99101953,96.874231,96.004255,0.91445031,0.9544641,97.914794,93.456156
0b_rotation_best,file,14,baseline_rotation,11558,197.Marsh_Wren/Marsh_Wren_0008_188533.jpg,197,196,197.Marsh_Wren,196,195,identity,identity,0,{},0.002060673,0.002060673,0,0.99794143,0.99794143,0.0017685087,0.0017685087,0.99617293,0.99617293,0,1,1,0.47089114,0.47089114,False,1,True,True,True,1,1,0.47089114,0.47089114,1,1,0.46057293,0.46057293,1,1,0.098035906,0.098035906,1,1,0.094147619,0.094147619,1,1,0.21459955,0.21459955,1,1,0.26940192,0.26940192,1,1,0.20549624,0.20549624,1,1,0.20592374,0.20592374
0b_rotation_best,file,14,baseline_rotation,11558,197.Marsh_Wren/Marsh_Wren_0008_188533.jpg,197,196,197.Marsh_Wren,196,195,rotation,rotation,0,"{""angle"":-7.002569}",0.002060673,0.002708816,0.000648143,0.99794143,0.99729484,0.0017685087,0.0023493962,0.99617293,0.99494545,-0.0012274787,0.8611059,1.2626866,0.47089114,0.59458792,False,0.98580474,True,True,True,0.8611059,1.2626866,0.47089114,0.59458792,0.85526666,1.2605226,0.46057293,0.58056258,0.98575965,1.3095385,0.098035906,0.12838179,0.84137963,1.453781,0.094147619,0.13687002,0.84498638,1.2256337,0.21459955,0.26302045,0.86113305,1.2201613,0.26940192,0.3287138,0.83702385,1.27966,0.20549624,0.26296532,0.88111301,1.302469,0.20592374,0.26820929
0b_rotation_best,file,14,baseline_rotation,10353,176.Prairie_Warbler/Prairie_Warbler_0020_173359.jpg,176,175,176.Prairie_Warbler,163,162,identity,identity,0,{},0.13639435,0.13639435,0,0.87249851,0.87249851,0.041731436,0.041731436,0.83076708,0.83076708,0,1,1,16.274865,16.274865,False,1,True,True,True,1,1,16.274865,16.274865,1,1,15.986909,15.986909,1,1,3.0479454,3.0479454,1,1,2.3962874,2.3962874,1,1,4.9348545,4.9348545,1,1,7.9815352,7.9815352,1,1,8.3951892,8.3951892,1,1,9.5552162,9.5552162
0b_rotation_best,file,14,baseline_rotation,10353,176.Prairie_Warbler/Prairie_Warbler_0020_173359.jpg,176,175,176.Prairie_Warbler,163,162,rotation,rotation,0,"{""angle"":13.513442}",0.13639435,0.22637348,0.089979127,0.87249851,0.7974202,0.041731436,0.062044397,0.83076708,0.73537581,-0.09539127,0.78945128,1.6754978,16.274865,27.268499,False,0.97552681,True,True,True,0.78945128,1.6754978,16.274865,27.268499,0.78315425,1.6782341,15.986909,26.829776,0.97225419,1.5983794,3.0479454,4.8717732,0.634823,1.7503478,2.3962874,4.1943363,0.61641953,1.6915706,4.9348545,8.3476548,0.7716316,1.6614754,7.9815352,13.261124,0.77441987,1.6600055,8.3951892,13.936061,0.85178655,1.6955701,9.5552162,16.201539
0b_rotation_best,file,14,baseline_rotation,5997,103.Sayornis/Sayornis_0098_98419.jpg,103,102,103.Sayornis,102,101,identity,identity,0,{},1.8456545,1.8456545,0,0.15792193,0.15792193,0.21400078,0.21400078,-0.056078851,-0.056078851,0,1,1,90.578664,90.578664,False,0.99999988,True,False,False,1,1,90.578664,90.578664,1,1,87.836674,87.836674,1,1,22.118163,22.118163,1,1,16.549402,16.549402,1,1,36.061717,36.061717,1,1,45.301057,45.301057,1,1,44.953627,44.953627,1,1,45.474572,45.474572
0b_rotation_best,file,14,baseline_rotation,5997,103.Sayornis/Sayornis_0098_98419.jpg,103,102,103.Sayornis,102,101,rotation,rotation,0,"{""angle"":3.268407}",1.8456545,2.0689049,0.22325039,0.15792193,0.12632404,0.21400078,0.330787,-0.056078851,-0.20446296,-0.14838411,0.80930366,1.2037354,90.578664,109.03274,False,0.9800123,True,False,False,0.80930366,1.2037354,90.578664,109.03274,0.79968816,1.2067487,87.836674,105.99679,0.96844627,1.1551731,22.118163,25.550307,0.53649711,1.5281812,16.549402,25.290486,0.70928204,1.3524604,36.061717,48.772045,0.804199,1.2271588,45.301057,55.591592,0.85340712,1.1498006,44.953627,51.687708,0.87219685,1.0895651,45.474572,49.547505
0b_rotation_best,file,14,baseline_rotation,3787,066.Western_Gull/Western_Gull_0131_53349.jpg,66,65,066.Western_Gull,65,64,identity,identity,0,{},4.5048084,4.5048084,0,0.011055711,0.011055711,0.97024846,0.97024846,-0.95919275,-0.95919275,0,1,1,225.03064,225.03064,False,0.99999994,True,False,False,1,1,225.03064,225.03064,1,1,218.51868,218.51868,1,1,53.743606,53.743606,1,1,46.115296,46.115296,1,1,89.937588,89.937588,1,1,127.5234,127.5234,1,1,101.73499,101.73499,1,1,104.51217,104.51217
0b_rotation_best,file,14,baseline_rotation,3787,066.Western_Gull/Western_Gull_0131_53349.jpg,66,65,066.Western_Gull,65,64,rotation,rotation,0,"{""angle"":-9.637193}",4.5048084,4.8443565,0.33954811,0.011055711,0.0078726802,0.97024846,0.89232558,-0.95919275,-0.8844529,0.07473985,0.82654407,1.0661536,225.03064,239.91723,False,0.96756208,True,False,False,0.82654407,1.0661536,225.03064,239.91723,0.81957342,1.073495,218.51868,234.5787,0.96597095,0.93648338,53.743606,50.329994,0.47185176,1.3491039,46.115296,62.214324,0.78991513,0.99798228,89.937588,89.756119,0.86929011,1.1112013,127.5234,141.70417,0.82350044,1.0616044,101.73499,108.00232,0.855151,1.0196291,104.51217,106.56366
0b_rotation_best,file,14,baseline_rotation,11232,191.Red_headed_Woodpecker/Red_Headed_Woodpecker_0013_182721.jpg,191,190,191.Red_headed_Woodpecker,188,187,identity,identity,0,{},0.87333345,0.87333345,0,0.4175573,0.4175573,0.54836464,0.54836464,-0.13080734,-0.13080734,0,1,1,97.416215,97.416215,False,1,True,False,False,1,1,97.416215,97.416215,1,1,95.032495,95.032495,1,1,21.418307,21.418307,1,1,26.863827,26.863827,1,1,41.953751,41.953751,1,1,42.481541,42.481541,1,1,47.593942,47.593942,1,1,49.794859,49.794859
0b_rotation_best,file,14,baseline_rotation,11232,191.Red_headed_Woodpecker/Red_Headed_Woodpecker_0013_182721.jpg,191,190,191.Red_headed_Woodpecker,188,187,rotation,rotation,0,"{""angle"":-0.174229}",0.87333345,0.67981887,-0.19351459,0.4175573,0.50670874,0.54836464,0.46278539,-0.13080734,0.043923348,0.17473069,0.96248832,0.8231635,97.416215,80.189473,False,0.9969877,False,False,True,0.96248832,0.8231635,97.416215,80.189473,0.96070335,0.82151447,95.032495,78.07057,0.99698197,0.85498016,21.418307,18.312227,0.96325177,0.81965868,26.863827,22.019169,0.95242135,0.76552716,41.953751,32.116736,0.94330308,0.82756686,42.481541,35.156316,0.96556475,0.84194321,47.593942,40.071396,0.97541595,0.83698108,49.794859,41.677355
0b_rotation_best,file,14,baseline_rotation,4848,083.White_breasted_Kingfisher/White_Breasted_Kingfisher_0118_73511.jpg,83,82,083.White_breasted_Kingfisher,14,13,identity,identity,0,{},0.10618741,0.10618741,0,0.89925611,0.89925611,0.01763122,0.01763122,0.88162489,0.88162489,0,1,1,15.746623,15.746623,False,1,True,True,True,1,1,15.746623,15.746623,1,1,15.485652,15.485652,1,1,2.854945,2.854945,1,1,2.8874405,2.8874405,1,1,6.6554883,6.6554883,1,1,9.3276512,9.3276512,1,1,7.2008107,7.2008107,1,1,6.9509589,6.9509589
0b_rotation_best,file,14,baseline_rotation,4848,083.White_breasted_Kingfisher/White_Breasted_Kingfisher_0118_73511.jpg,83,82,083.White_breasted_Kingfisher,14,13,rotation,rotation,0,"{""angle"":5.601364}",0.10618741,0.054816853,-0.051370557,0.89925611,0.94665849,0.01763122,0.0059736352,0.88162489,0.94068486,0.059059966,0.82081818,0.49583718,15.746623,7.8077611,False,0.97670305,True,True,True,0.82081818,0.49583718,15.746623,7.8077611,0.81574995,0.49576033,15.485652,7.677172,0.96924293,0.49809302,2.854945,1.4220282,0.69455472,0.58092815,2.8874405,1.6773955,0.76683383,0.45637149,6.6554883,3.0373751,0.84057821,0.469354,9.3276512,4.3779704,0.79622279,0.50831335,7.2008107,3.6602683,0.86646777,0.54470501,6.9509589,3.7862222
0b_rotation_best,file,14,baseline_rotation,9080,155.Warbling_Vireo/Warbling_Vireo_0132_158420.jpg,155,154,155.Warbling_Vireo,78,77,identity,identity,0,{},3.1485722,3.1485722,0,0.042913355,0.042913355,0.10602826,0.10602826,-0.063114904,-0.063114904,0,1,1,139.60589,139.60589,False,0.99999994,True,False,False,1,1,139.60589,139.60589,1,1,137.34158,137.34158,1,1,25.041847,25.041847,1,1,27.714015,27.714015,1,1,53.725379,53.725379,1,1,75.964963,75.964963,1,1,71.096381,71.096381,1,1,66.203141,66.203141
0b_rotation_best,file,14,baseline_rotation,9080,155.Warbling_Vireo/Warbling_Vireo_0132_158420.jpg,155,154,155.Warbling_Vireo,78,77,rotation,rotation,0,"{""angle"":-4.547871}",3.1485722,3.47644,0.32786775,0.042913355,0.030917278,0.10602826,0.16202717,-0.063114904,-0.13110989,-0.067994984,0.76569017,0.95644334,139.60589,133.52512,False,0.9655602,True,False,False,0.76569017,0.95644334,139.60589,133.52512,0.75876557,0.95378431,137.34158,130.99425,0.96032983,1.033232,25.041847,25.874036,0.61474064,0.93007615,27.714015,25.776144,0.65079278,1.0035973,53.725379,53.918646,0.72241072,0.95901296,75.964963,72.851384,0.81136862,0.93471355,71.096381,66.45475,0.84928316,0.93898157,66.203141,62.16353
0b_rotation_best,file,14,baseline_rotation,5394,093.Clark_Nutcracker/Clark_Nutcracker_0098_85105.jpg,93,92,093.Clark_Nutcracker,3,2,identity,identity,0,{},0.039186288,0.039186288,0,0.96157157,0.96157157,0.0042665368,0.0042665368,0.95730504,0.95730504,0,1,1,11.706418,11.706418,False,0.99999988,True,True,True,1,1,11.706418,11.706418,1,1,11.644153,11.644153,1,1,1.2057867,1.2057867,1,1,2.8530742,2.8530742,1,1,8.2418166,8.2418166,1,1,5.4518832,5.4518832,1,1,4.0159963,4.0159963,1,1,3.6969536,3.6969536
0b_rotation_best,file,14,baseline_rotation,5394,093.Clark_Nutcracker/Clark_Nutcracker_0098_85105.jpg,93,92,093.Clark_Nutcracker,3,2,rotation,rotation,0,"{""angle"":-13.294635}",0.039186288,0.066195585,0.027009297,0.96157157,0.93594778,0.0042665368,0.0013420207,0.95730504,0.93460576,-0.022699282,0.87788512,1.5194895,11.706418,17.787779,False,0.95797431,True,True,True,0.87788512,1.5194895,11.706418,17.787779,0.8771874,1.517654,11.644153,17.671795,0.94118153,1.681879,1.2057867,2.0279873,0.89449629,1.6220324,2.8530742,4.6277787,0.94054278,1.3498229,8.2418166,11.124992,0.85791521,1.6036478,5.4518832,8.7429003,0.78187513,1.7268343,4.0159963,6.93496,0.82011761,1.765028,3.6969536,6.5252267
0b_rotation_best,file,14,baseline_rotation,4994,086.Pacific_Loon/Pacific_Loon_0063_75865.jpg,86,85,086.Pacific_Loon,53,52,identity,identity,0,{},0.043478489,0.043478489,0,0.95745313,0.95745313,0.014765355,0.014765355,0.94268778,0.94268778,0,1,1,8.1133668,8.1133668,False,1,True,True,True,1,1,8.1133668,8.1133668,1,1,7.98875,7.98875,1,1,1.4165429,1.4165429,1,1,1.6965138,1.6965138,1,1,4.0118285,4.0118285,1,1,4.4217855,4.4217855,1,1,3.4494151,3.4494151,1,1,3.6601295,3.6601295
0b_rotation_best,file,14,baseline_rotation,4994,086.Pacific_Loon/Pacific_Loon_0063_75865.jpg,86,85,086.Pacific_Loon,53,52,rotation,rotation,0,"{""angle"":-13.902613}",0.043478489,0.47884035,0.43536186,0.95745313,0.61950135,0.014765355,0.12405039,0.94268778,0.49545096,-0.44723682,0.76492858,9.8377348,8.1133668,79.81715,False,0.94497162,True,True,True,0.76492858,9.8377348,8.1133668,79.81715,0.75930825,9.8314942,7.98875,78.541349,0.94022737,10.034192,1.4165429,14.213864,0.72717935,9.8576833,1.6965138,16.723696,0.72690562,9.2317978,4.0118285,37.036389,0.7463398,9.9788156,4.4217855,44.124182,0.77725127,10.555059,3.4494151,36.40878,0.80966144,9.6395697,3.6601295,35.282073
0b_rotation_best,file,14,baseline_rotation,11088,189.Red_bellied_Woodpecker/Red_Bellied_Woodpecker_0125_180780.jpg,189,188,189.Red_bellied_Woodpecker,36,35,identity,identity,0,{},0.0023482863,0.0023482863,0,0.9976545,0.9976545,0.0021403648,0.0021403648,0.99551413,0.99551413,0,1,1,0.39352087,0.39352087,False,0.99999988,True,True,True,1,1,0.39352087,0.39352087,1,1,0.3786445,0.3786445,1,1,0.10717752,0.10717752,1,1,0.073303426,0.073303426,1,1,0.13780717,0.13780717,1,1,0.1854589,0.1854589,1,1,0.19323268,0.19323268,1,1,0.21742488,0.21742488
0b_rotation_best,file,14,baseline_rotation,11088,189.Red_bellied_Woodpecker/Red_Bellied_Woodpecker_0125_180780.jpg,189,188,189.Red_bellied_Woodpecker,36,35,rotation,rotation,0,"{""angle"":-1.730436}",0.0023482863,0.003398597,0.0010503107,0.9976545,0.99660718,0.0021403648,0.0031736025,0.99551413,0.99343358,-0.0020805509,0.88694321,1.4670136,0.39352087,0.57730045,False,0.99342144,True,True,True,0.88694321,1.4670136,0.39352087,0.57730045,0.87832159,1.4656866,0.3786445,0.55497419,0.99332069,1.483475,0.10717752,0.15899516,0.79399756,1.1663789,0.073303426,0.085499568,0.82367907,1.5514588,0.13780717,0.21380215,0.86635245,1.5362553,0.1854589,0.28491222,0.87899215,1.4263515,0.19323268,0.27561772,0.92243902,1.4385907,0.21742488,0.31278542
0b_rotation_best,file,14,baseline_rotation,4716,081.Pied_Kingfisher/Pied_Kingfisher_0071_72576.jpg,81,80,081.Pied_Kingfisher,79,78,identity,identity,0,{},0.021424176,0.021424176,0,0.97880369,0.97880369,0.010476872,0.010476872,0.96832682,0.96832682,0,1,1,4.061808,4.061808,False,1,True,True,True,1,1,4.061808,4.061808,1,1,3.9941483,3.9941483,1,1,0.73828408,0.73828408,1,1,1.3626476,1.3626476,1,1,1.8343795,1.8343795,1,1,2.0030786,2.0030786,1,1,1.8790844,1.8790844,1,1,1.7855481,1.7855481
0b_rotation_best,file,14,baseline_rotation,4716,081.Pied_Kingfisher/Pied_Kingfisher_0071_72576.jpg,81,80,081.Pied_Kingfisher,79,78,rotation,rotation,0,"{""angle"":8.301379}",0.021424176,0.052817289,0.031393113,0.97880369,0.94855332,0.010476872,0.020236593,0.96832682,0.92831673,-0.040010091,0.77531842,2.3755901,4.061808,9.6491908,False,0.97340232,True,True,True,0.77531842,2.3755901,4.061808,9.6491908,0.76864156,2.3712488,3.9941483,9.4711192,0.96176255,2.4993166,0.73828408,1.8452056,0.67584624,2.0613888,1.3626476,2.8089466,0.73365225,2.2684396,1.8343795,4.1611791,0.73021156,2.4139524,2.0030786,4.8353364,0.79834079,2.4913153,1.8790844,4.6813917,0.86844496,2.4540638,1.7855481,4.3818489
0b_rotation_best,file,14,baseline_rotation,10989,187.American_Three_toed_Woodpecker/American_Three_Toed_Woodpecker_0004_179908.jpg,187,186,187.American_Three_toed_Woodpecker,190,189,identity,identity,0,{},0.011712004,0.011712004,0,0.98835629,0.98835629,0.010810505,0.010810505,0.97754579,0.97754579,0,1,1,2.7990876,2.7990876,False,1,True,True,True,1,1,2.7990876,2.7990876,1,1,2.7512085,2.7512085,1,1,0.51550281,0.51550281,1,1,0.86324042,0.86324042,1,1,1.2207422,1.2207422,1,1,1.4961766,1.4961766,1,1,1.2820581,1.2820581,1,1,1.2047967,1.2047967
0b_rotation_best,file,14,baseline_rotation,10989,187.American_Three_toed_Woodpecker/American_Three_Toed_Woodpecker_0004_179908.jpg,187,186,187.American_Three_toed_Woodpecker,190,189,rotation,rotation,0,"{""angle"":13.073302}",0.011712004,0.012698153,0.0009861486,0.98835629,0.98738211,0.010810505,0.012018233,0.97754579,0.97536388,-0.0021819063,0.81978103,1.1469519,2.7990876,3.2104187,False,0.977961,True,True,True,0.81978103,1.1469519,2.7990876,3.2104187,0.81396104,1.1446814,2.7512085,3.1492571,0.97783587,1.2098344,0.51550281,0.62367304,0.72277639,1.1284097,0.86324042,0.97408886,0.72132169,1.146192,1.2207422,1.3992049,0.8481213,1.1477133,1.4961766,1.7171819,0.83389094,1.1374918,1.2820581,1.4583306,0.87960986,1.1548124,1.2047967,1.3913142
0b_rotation_best,file,14,baseline_rotation,8410,144.Common_Tern/Common_Tern_0100_149541.jpg,144,143,144.Common_Tern,145,144,identity,identity,0,{},7.4911833,7.4911833,0,0.00055798236,0.00055798236,0.8451587,0.8451587,-0.84460071,-0.84460071,0,1,1,215.77867,215.77867,False,1,True,False,False,1,1,215.77867,215.77867,1,1,212.17501,212.17501,1,1,39.27083,39.27083,1,1,65.052495,65.052495,1,1,93.497931,93.497931,1,1,103.18837,103.18837,1,1,103.28482,103.28482,1,1,103.58064,103.58064
0b_rotation_best,file,14,baseline_rotation,8410,144.Common_Tern/Common_Tern_0100_149541.jpg,144,143,144.Common_Tern,145,144,rotation,rotation,0,"{""angle"":-7.752798}",7.4911833,6.6977763,-0.79340696,0.00055798236,0.0012336522,0.8451587,0.75003552,-0.84460071,-0.74880187,0.095798842,0.8229728,0.89262481,215.77867,192.60939,False,0.98214585,True,False,False,0.8229728,0.89262481,215.77867,192.60939,0.81735402,0.88998797,212.17501,188.83321,0.97671214,0.96643154,39.27083,37.952569,0.85985945,0.6764186,65.052495,44.002718,0.7812262,0.94117077,93.497931,87.997519,0.78163182,0.89452857,103.18837,92.304949,0.83351551,0.89797792,103.28482,92.74749,0.86477728,0.90852563,103.58064,94.105669
0b_rotation_best,file,14,baseline_rotation,10124,172.Nashville_Warbler/Nashville_Warbler_0076_167389.jpg,172,171,172.Nashville_Warbler,16,15,identity,identity,0,{},0.13147874,0.13147874,0,0.87679791,0.87679791,0.063215636,0.063215636,0.81358228,0.81358228,0,1,1,15.982461,15.982461,False,0.99999994,True,True,True,1,1,15.982461,15.982461,1,1,15.622169,15.622169,1,1,3.3744471,3.3744471,1,1,2.5548596,2.5548596,1,1,6.5270048,6.5270048,1,1,8.3670855,8.3670855,1,1,8.0130967,8.0130967,1,1,7.791356,7.791356
0b_rotation_best,file,14,baseline_rotation,10124,172.Nashville_Warbler/Nashville_Warbler_0076_167389.jpg,172,171,172.Nashville_Warbler,16,15,rotation,rotation,0,"{""angle"":9.189832}",0.13147874,0.43266702,0.30118828,0.87679791,0.64877647,0.063215636,0.20581622,0.81358228,0.44296025,-0.37062203,0.7785522,3.2274515,15.982461,51.582617,False,0.95668811,True,True,True,0.7785522,3.2274515,15.982461,51.582617,0.77198115,3.2465647,15.622169,50.718383,0.95139932,2.7864619,3.3744471,9.4027683,0.66714886,3.6074215,2.5548596,9.2164553,0.77676834,3.4277593,6.5270048,22.373001,0.78434365,3.3160854,8.3670855,27.74597,0.75762432,3.2613793,8.0130967,26.133747,0.78743819,2.9660421,7.791356,23.10949
0b_rotation_best,file,14,baseline_rotation,9855,168.Kentucky_Warbler/Kentucky_Warbler_0066_165290.jpg,168,167,168.Kentucky_Warbler,166,165,identity,identity,0,{},3.4331434,3.4331434,0,0.032285299,0.032285299,0.62493521,0.62493521,-0.59264991,-0.59264991,0,1,1,245.29757,245.29757,False,1,True,False,False,1,1,245.29757,245.29757,1,1,243.2219,243.2219,1,1,31.843418,31.843418,1,1,71.264321,71.264321,1,1,99.181988,99.181988,1,1,135.39186,135.39186,1,1,121.87746,121.87746,1,1,105.14825,105.14825
0b_rotation_best,file,14,baseline_rotation,9855,168.Kentucky_Warbler/Kentucky_Warbler_0066_165290.jpg,168,167,168.Kentucky_Warbler,166,165,rotation,rotation,0,"{""angle"":-7.585658}",3.4331434,2.5231442,-0.90999913,0.032285299,0.080207035,0.62493521,0.13104793,-0.59264991,-0.050840899,0.54180901,0.55379659,0.73641522,245.29757,180.64086,False,0.95422268,False,False,False,0.55379659,0.73641522,245.29757,180.64086,0.54953506,0.73155792,243.2219,177.93091,0.76270854,0.97892481,31.843418,31.172312,0.48205832,0.54567696,71.264321,38.887298,0.57662449,0.85640097,99.181988,84.93955,0.57042042,0.66814,135.39186,90.460714,0.49546462,0.72026835,121.87746,87.784477,0.60073259,0.79814739,105.14825,83.923802
0b_rotation_best,file,14,baseline_rotation,1603,029.American_Crow/American_Crow_0068_25198.jpg,29,28,029.American_Crow,30,29,identity,identity,0,{},3.3794339,3.3794339,0,0.03406674,0.03406674,0.27586788,0.27586788,-0.24180114,-0.24180114,0,1,1,107.0502,107.0502,False,1,True,False,False,1,1,107.0502,107.0502,1,1,103.37869,103.37869,1,1,27.795514,27.795514,1,1,28.362163,28.362163,1,1,39.260474,39.260474,1,1,46.163142,46.163142,1,1,54.555318,54.555318,1,1,56.86861,56.86861
0b_rotation_best,file,14,baseline_rotation,1603,029.American_Crow/American_Crow_0068_25198.jpg,29,28,029.American_Crow,30,29,rotation,rotation,0,"{""angle"":-3.861072}",3.3794339,3.9700739,0.59064007,0.03406674,0.018872038,0.27586788,0.20953399,-0.24180114,-0.19066195,0.051139187,0.74701979,1.2114126,107.0502,129.68196,False,0.96474028,False,False,False,0.74701979,1.2114126,107.0502,129.68196,0.73571337,1.2199921,103.37869,126.12119,0.9275189,1.0858007,27.795514,30.180387,0.8550685,1.2859664,28.362163,36.472788,0.73457896,1.455066,39.260474,57.126579,0.65636804,1.1998048,46.163142,55.38676,0.72814563,1.0960363,54.555318,59.794611,0.77373413,1.2016403,56.86861,68.335616
0b_rotation_best,file,14,baseline_rotation,10539,179.Tennessee_Warbler/Tennessee_Warbler_0044_174824.jpg,179,178,179.Tennessee_Warbler,148,147,identity,identity,0,{},0.020202463,0.020202463,0,0.98000026,0.98000026,0.0043449751,0.0043449751,0.97565528,0.97565528,0,1,1,3.7077661,3.7077661,False,1,True,True,True,1,1,3.7077661,3.7077661,1,1,3.6493148,3.6493148,1,1,0.65576752,0.65576752,1,1,0.90251899,0.90251899,1,1,1.7588957,1.7588957,1,1,1.9763064,1.9763064,1,1,1.789927,1.789927,1,1,1.5164493,1.5164493
0b_rotation_best,file,14,baseline_rotation,10539,179.Tennessee_Warbler/Tennessee_Warbler_0044_174824.jpg,179,178,179.Tennessee_Warbler,148,147,rotation,rotation,0,"{""angle"":14.096569}",0.020202463,0.0075480267,-0.012654437,0.98000026,0.9924804,0.0043449751,0.0008319316,0.97565528,0.99164847,0.015993183,0.79510409,0.35380893,3.7077661,1.3118408,False,0.97504228,True,True,True,0.79510409,0.35380893,3.7077661,1.3118408,0.78931278,0.35296789,3.6493148,1.2880909,0.96410105,0.37893189,0.65576752,0.24849122,0.84327115,0.350686,0.90251899,0.31650078,0.81876951,0.34645754,1.7588957,0.60938268,0.7935508,0.35119738,1.9763064,0.69407363,0.73541255,0.34248209,1.789927,0.61301794,0.79921733,0.37889076,1.5164493,0.57456861
0b_rotation_best,file,14,baseline_rotation,3160,055.Evening_Grosbeak/Evening_Grosbeak_0041_37928.jpg,55,54,055.Evening_Grosbeak,96,95,identity,identity,0,{},0.014386971,0.014386971,0,0.98571604,0.98571604,0.0044380641,0.0044380641,0.98127798,0.98127798,0,1,1,2.2655215,2.2655215,False,0.99999994,True,True,True,1,1,2.2655215,2.2655215,1,1,2.2143798,2.2143798,1,1,0.4786541,0.4786541,1,1,0.75964086,0.75964086,1,1,0.9497767,0.9497767,1,1,1.0023154,1.0023154,1,1,1.1266651,1.1266651,1,1,1.0725379,1.0725379
0b_rotation_best,file,14,baseline_rotation,3160,055.Evening_Grosbeak/Evening_Grosbeak_0041_37928.jpg,55,54,055.Evening_Grosbeak,96,95,rotation,rotation,0,"{""angle"":-3.83272}",0.014386971,0.010749176,-0.0036377953,0.98571604,0.98930842,0.0044380641,0.0027464661,0.98127798,0.98656195,0.0052839699,0.8569799,0.84312945,2.2655215,1.9101279,False,0.98930061,True,True,True,0.8569799,0.84312945,2.2655215,1.9101279,0.85228609,0.84661179,2.2143798,1.8747201,0.97243208,0.76480759,0.4786541,0.36607829,0.92460499,0.77661194,0.75964086,0.58994617,0.86387371,0.8737066,0.9497767,0.82982617,0.79310124,0.91660242,1.0023154,0.91872473,0.840927,0.84140176,1.1266651,0.94797802,0.88559165,0.7994532,1.0725379,0.85744388
0b_rotation_best,file,14,baseline_rotation,6513,112.Great_Grey_Shrike/Great_Grey_Shrike_0032_797021.jpg,112,111,112.Great_Grey_Shrike,111,110,identity,identity,0,{},0.19797266,0.19797266,0,0.82039231,0.82039231,0.17520422,0.17520422,0.64518809,0.64518809,0,1,1,37.542211,37.542211,False,1,True,True,True,1,1,37.542211,37.542211,1,1,36.729523,36.729523,1,1,7.7691537,7.7691537,1,1,13.492082,13.492082,1,1,17.266416,17.266416,1,1,18.537738,18.537738,1,1,17.303294,17.303294,1,1,15.027999,15.027999
0b_rotation_best,file,14,baseline_rotation,6513,112.Great_Grey_Shrike/Great_Grey_Shrike_0032_797021.jpg,112,111,112.Great_Grey_Shrike,111,110,rotation,rotation,0,"{""angle"":2.637367}",0.19797266,0.14157681,-0.056395844,0.82039231,0.86798853,0.17520422,0.13001458,0.64518809,0.73797394,0.09278585,0.91261703,0.74484703,37.542211,27.963204,False,0.99396807,True,True,True,0.91261703,0.74484703,37.542211,27.963204,0.90883951,0.74311661,36.729523,27.294318,0.99395764,0.78252473,7.7691537,6.0795549,0.91897541,0.74022551,13.492082,9.9871829,0.89401988,0.69219801,17.266416,11.951779,0.90462399,0.76091637,18.537738,14.105668,0.91259852,0.75835637,17.303294,13.122064,0.92379525,0.76228898,15.027999,11.455678
0b_rotation_best,file,14,baseline_rotation,7430,127.Savannah_Sparrow/Savannah_Sparrow_0118_118603.jpg,127,126,127.Savannah_Sparrow,128,127,identity,identity,0,{},0.1336225,0.1336225,0,0.87492031,0.87492031,0.04527773,0.04527773,0.82964258,0.82964258,0,1,1,15.979318,15.979318,False,1,True,True,True,1,1,15.979318,15.979318,1,1,15.649453,15.649453,1,1,3.2300521,3.2300521,1,1,4.2782542,4.2782542,1,1,7.4974082,7.4974082,1,1,7.8804117,7.8804117,1,1,6.8810154,6.8810154,1,1,7.8065046,7.8065046
0b_rotation_best,file,14,baseline_rotation,7430,127.Savannah_Sparrow/Savannah_Sparrow_0118_118603.jpg,127,126,127.Savannah_Sparrow,128,127,rotation,rotation,0,"{""angle"":10.661615}",0.1336225,0.25886601,0.12524351,0.87492031,0.77192646,0.04527773,0.047547527,0.82964258,0.72437894,-0.10526364,0.78815611,2.0733549,15.979318,33.130797,False,0.96527982,True,True,True,0.78815611,2.0733549,15.979318,33.130797,0.78251791,2.0814963,15.649453,32.574277,0.93957764,1.8721057,3.2300521,6.0469988,0.86921903,2.1492095,4.2782542,9.1948647,0.83367951,2.232342,7.4974082,16.736779,0.76063931,2.0445685,7.8804117,16.112041,0.73252288,2.0726977,6.8810154,14.262265,0.76829803,1.9570475,7.8065046,15.2777
0b_rotation_best,file,14,baseline_rotation,1772,032.Mangrove_Cuckoo/Mangrove_Cuckoo_0015_26380.jpg,32,31,032.Mangrove_Cuckoo,33,32,identity,identity,0,{},3.7372053,3.7372053,0,0.023820581,0.023820581,0.79396486,0.79396486,-0.77014428,-0.77014428,0,1,1,155.98183,155.98183,False,0.99999988,True,False,False,1,1,155.98183,155.98183,1,1,149.70855,149.70855,1,1,43.791339,43.791339,1,1,25.232322,25.232322,1,1,66.513512,66.513512,1,1,84.488999,84.488999,1,1,71.879709,71.879709,1,1,71.041184,71.041184
0b_rotation_best,file,14,baseline_rotation,1772,032.Mangrove_Cuckoo/Mangrove_Cuckoo_0015_26380.jpg,32,31,032.Mangrove_Cuckoo,33,32,rotation,rotation,0,"{""angle"":12.145537}",3.7372053,3.9459753,0.20877004,0.023820581,0.019332353,0.79396486,0.62035513,-0.77014428,-0.60102278,0.16912151,0.77735599,0.91154116,155.98183,142.18386,False,0.96402144,True,False,False,0.77735599,0.91154116,155.98183,142.18386,0.76454996,0.92040781,149.70855,137.79292,0.95644429,0.80066619,43.791339,35.062245,0.75125596,0.91016238,25.232322,22.96551,0.76987321,0.8524205,66.513512,56.697481,0.77775596,0.9455035,84.488999,79.884644,0.73413223,0.93978365,71.879709,67.551375,0.77687152,0.92306092,71.041184,65.575341
0b_rotation_best,file,14,baseline_rotation,5158,089.Hooded_Merganser/Hooded_Merganser_0089_796740.jpg,89,88,089.Hooded_Merganser,46,45,identity,identity,0,{},0.0034607302,0.0034607302,0,0.99654526,0.99654526,0.00027766338,0.00027766338,0.99626759,0.99626759,0,1,1,0.49861716,0.49861716,False,0.99999988,True,True,True,1,1,0.49861716,0.49861716,1,1,0.48985984,0.48985984,1,1,0.093039839,0.093039839,1,1,0.082825511,0.082825511,1,1,0.19912909,0.19912909,1,1,0.21335506,0.21335506,1,1,0.23783776,0.23783776,1,1,0.30226317,0.30226317
0b_rotation_best,file,14,baseline_rotation,5158,089.Hooded_Merganser/Hooded_Merganser_0089_796740.jpg,89,88,089.Hooded_Merganser,46,45,rotation,rotation,0,"{""angle"":8.195938}",0.0034607302,0.0016133876,-0.0018473426,0.99654526,0.99838793,0.00027766338,0.00012854494,0.99626759,0.99825939,0.001991796,0.76753221,0.44978002,0.49861716,0.22426804,False,0.98636729,True,True,True,0.76753221,0.44978002,0.49861716,0.22426804,0.75899476,0.44804736,0.48985984,0.21948041,0.98530214,0.49540442,0.093039839,0.046092347,0.70652968,0.4738606,0.082825511,0.039247746,0.74424786,0.40140312,0.19912909,0.079931039,0.69303735,0.444276,0.21335506,0.094788531,0.69391057,0.45312399,0.23783776,0.10776999,0.84173219,0.46368099,0.30226317,0.14015368
0b_rotation_best,file,14,baseline_rotation,10638,181.Worm_eating_Warbler/Worm_Eating_Warbler_0006_176037.jpg,181,180,181.Worm_eating_Warbler,174,173,identity,identity,0,{},0.011812736,0.011812736,0,0.98825675,0.98825675,0.0018112563,0.0018112563,0.9864455,0.9864455,0,1,1,2.2646289,2.2646289,False,1,True,True,True,1,1,2.2646289,2.2646289,1,1,2.2394307,2.2394307,1,1,0.33688898,0.33688898,1,1,0.42444428,0.42444428,1,1,1.1313982,1.1313982,1,1,1.2941933,1.2941933,1,1,0.97333336,0.97333336,1,1,0.96567125,0.96567125
0b_rotation_best,file,14,baseline_rotation,10638,181.Worm_eating_Warbler/Worm_Eating_Warbler_0006_176037.jpg,181,180,181.Worm_eating_Warbler,174,173,rotation,rotation,0,"{""angle"":4.131689}",0.011812736,0.0033005783,-0.0085121579,0.98825675,0.99670488,0.0018112563,0.00088283024,0.9864455,0.99582205,0.00937655,0.85799464,0.26397808,2.2646289,0.59781238,False,0.98841238,True,True,True,0.85799464,0.26397808,2.2646289,0.59781238,0.85503012,0.26262212,2.2394307,0.58812404,0.98153677,0.3181768,0.33688898,0.10719026,0.78640473,0.24187233,0.42444428,0.10266133,0.87104644,0.24442948,1.1313982,0.27654707,0.84943861,0.26650501,1.2941933,0.34490899,0.83364563,0.26794692,0.97333336,0.26080167,0.88263431,0.27765954,0.96567125,0.26812783
0b_rotation_best,file,14,baseline_rotation,2832,050.Eared_Grebe/Eared_Grebe_0068_34052.jpg,50,49,050.Eared_Grebe,51,50,identity,identity,0,{},0.24920331,0.24920331,0,0.77942151,0.77942151,0.1621644,0.1621644,0.6172571,0.6172571,0,1,1,30.81181,30.81181,False,1,True,True,True,1,1,30.81181,30.81181,1,1,30.193084,30.193084,1,1,6.1437174,6.1437174,1,1,6.8074028,6.8074028,1,1,13.108095,13.108095,1,1,16.218673,16.218673,1,1,14.644967,14.644967,1,1,14.694864,14.694864
0b_rotation_best,file,14,baseline_rotation,2832,050.Eared_Grebe/Eared_Grebe_0068_34052.jpg,50,49,050.Eared_Grebe,51,50,rotation,rotation,0,"{""angle"":9.881167}",0.24920331,0.12784438,-0.12135893,0.77942151,0.87999034,0.1621644,0.053220186,0.6172571,0.82677015,0.20951305,0.69166562,0.50321246,30.81181,15.504887,False,0.96285617,True,True,True,0.69166562,0.50321246,30.81181,15.504887,0.68254959,0.5050796,30.193084,15.249911,0.93915584,0.4558003,6.1437174,2.8003082,0.41277023,0.50118788,6.8074028,3.4117878,0.63391258,0.50167489,13.108095,6.5760022,0.6908198,0.46285819,16.218673,7.5069458,0.70770529,0.50033447,14.644967,7.3273815,0.74467793,0.55963785,14.694864,8.2238024
0b_rotation_best,file,14,baseline_rotation,10225,174.Palm_Warbler/Palm_Warbler_0126_170311.jpg,174,173,174.Palm_Warbler,156,155,identity,identity,0,{},1.7172589,1.7172589,0,0.17955768,0.17955768,0.40080276,0.40080276,-0.22124508,-0.22124508,0,1,1,125.27956,125.27956,False,1,True,False,False,1,1,125.27956,125.27956,1,1,122.69708,122.69708,1,1,25.306058,25.306058,1,1,38.45272,38.45272,1,1,52.632338,52.632338,1,1,61.564129,61.564129,1,1,58.503725,58.503725,1,1,59.941387,59.941387
0b_rotation_best,file,14,baseline_rotation,10225,174.Palm_Warbler/Palm_Warbler_0126_170311.jpg,174,173,174.Palm_Warbler,156,155,rotation,rotation,0,"{""angle"":9.913804}",1.7172589,2.399997,0.68273807,0.17955768,0.090718225,0.40080276,0.5340777,-0.22124508,-0.44335948,-0.2221144,0.8339897,1.2727724,125.27956,159.45237,False,0.96702242,True,False,False,0.8339897,1.2727724,125.27956,159.45237,0.82899268,1.2762698,122.69708,156.59457,0.9623135,1.1875912,25.306058,30.053251,0.88953643,1.4243331,38.45272,54.769481,0.8172786,1.3536527,52.632338,71.245905,0.80905433,1.2060955,61.564129,74.252221,0.82115227,1.2806781,58.503725,74.924437,0.84456221,1.216727,59.941387,72.932304
0b_rotation_best,file,14,baseline_rotation,460,009.Brewer_Blackbird/Brewer_Blackbird_0018_2261.jpg,9,8,009.Brewer_Blackbird,11,10,identity,identity,0,{},0.34849641,0.34849641,0,0.70574844,0.70574844,0.23961042,0.23961042,0.46613802,0.46613802,0,1,1,36.845019,36.845019,False,1,True,True,True,1,1,36.845019,36.845019,1,1,35.061493,35.061493,1,1,11.324624,11.324624,1,1,7.2807621,7.2807621,1,1,14.02789,14.02789,1,1,15.963704,15.963704,1,1,16.690351,16.690351,1,1,21.121303,21.121303
0b_rotation_best,file,14,baseline_rotation,460,009.Brewer_Blackbird/Brewer_Blackbird_0018_2261.jpg,9,8,009.Brewer_Blackbird,11,10,rotation,rotation,0,"{""angle"":-7.595293}",0.34849641,0.17390156,-0.17459485,0.70574844,0.8403796,0.23961042,0.11322894,0.46613802,0.72715066,0.26101264,0.82073664,0.58816432,36.845019,21.670925,False,0.98811984,True,True,True,0.82073664,0.58816432,36.845019,21.670925,0.80581159,0.59382169,35.061493,20.820275,0.98547516,0.53088594,11.324624,6.0120837,0.71121876,0.89700097,7.2807621,6.5308506,0.81371112,0.61501628,14.02789,8.6273807,0.77574192,0.5844482,15.963704,9.3299581,0.78634469,0.57635752,16.690351,9.619609,0.86680989,0.55379163,21.121303,11.696801
0b_rotation_best,file,14,baseline_rotation,7417,127.Savannah_Sparrow/Savannah_Sparrow_0054_120057.jpg,127,126,127.Savannah_Sparrow,120,119,identity,identity,0,{},8.2452812,8.2452812,0,0.00026249426,0.00026249426,0.7667309,0.7667309,-0.76646841,-0.76646841,0,1,1,184.45347,184.45347,False,1,True,False,False,1,1,184.45347,184.45347,1,1,180.54363,180.54363,1,1,37.776694,37.776694,1,1,29.476019,29.476019,1,1,82.751997,82.751997,1,1,101.94821,101.94821,1,1,86.103957,86.103957,1,1,84.094863,84.094863
0b_rotation_best,file,14,baseline_rotation,7417,127.Savannah_Sparrow/Savannah_Sparrow_0054_120057.jpg,127,126,127.Savannah_Sparrow,120,119,rotation,rotation,0,"{""angle"":-11.314415}",8.2452812,7.7636433,-0.48163795,0.00026249426,0.00042490577,0.7667309,0.5995422,-0.76646841,-0.59911729,0.16735112,0.73760606,0.87960403,184.45347,162.24601,False,0.9674207,True,False,False,0.73760606,0.87960403,184.45347,162.24601,0.72747744,0.87788765,180.54363,158.49702,0.95956328,0.91793438,37.776694,34.676526,0.70385704,0.88694708,29.476019,26.143669,0.5172992,0.86955643,82.751997,71.957531,0.76553621,0.89668077,101.94821,91.414996,0.77880639,0.85016134,86.103957,73.202255,0.82262312,0.88545786,84.094863,74.462458
0b_rotation_best,file,14,baseline_rotation,3546,061.Heermann_Gull/Heermann_Gull_0131_45548.jpg,61,60,061.Heermann_Gull,66,65,identity,identity,0,{},0.5062651,0.5062651,0,0.60274255,0.60274255,0.19431482,0.19431482,0.40842773,0.40842773,0,1,1,69.751897,69.751897,False,1,True,True,True,1,1,69.751897,69.751897,1,1,68.657822,68.657822,1,1,12.305717,12.305717,1,1,14.420351,14.420351,1,1,31.799512,31.799512,1,1,38.222619,38.222619,1,1,30.882642,30.882642,1,1,32.863882,32.863882
0b_rotation_best,file,14,baseline_rotation,3546,061.Heermann_Gull/Heermann_Gull_0131_45548.jpg,61,60,061.Heermann_Gull,66,65,rotation,rotation,0,"{""angle"":-9.802473}",0.5062651,0.43673262,-0.069532484,0.60274255,0.64614415,0.19431482,0.061547603,0.40842773,0.58459655,0.17616882,0.76094506,0.91430004,69.751897,63.774162,False,0.97187233,True,True,True,0.76094506,0.91430004,69.751897,63.774162,0.75596616,0.91616904,68.657822,62.902171,0.92902156,0.85407685,12.305717,10.510028,0.77085508,0.87145995,14.420351,12.566758,0.7832852,0.95170757,31.799512,30.263837,0.7792893,0.90875808,38.222619,34.735114,0.70879415,0.94044394,30.882642,29.043393,0.73905776,0.87812203,32.863882,28.858499
0b_rotation_best,file,14,baseline_rotation,5772,099.Ovenbird/Ovenbird_0010_92957.jpg,99,98,099.Ovenbird,149,148,identity,identity,0,{},0.10050602,0.10050602,0,0.90437967,0.90437967,0.050202336,0.050202336,0.85417733,0.85417733,0,1,1,17.975871,17.975871,False,1,True,True,True,1,1,17.975871,17.975871,1,1,17.771944,17.771944,1,1,2.6999887,2.6999887,1,1,3.2505338,3.2505338,1,1,9.1071495,9.1071495,1,1,10.074234,10.074234,1,1,7.9389909,7.9389909,1,1,7.6038192,7.6038192
0b_rotation_best,file,14,baseline_rotation,5772,099.Ovenbird/Ovenbird_0010_92957.jpg,99,98,099.Ovenbird,149,148,rotation,rotation,0,"{""angle"":-7.215985}",0.10050602,0.054964792,-0.045541223,0.90437967,0.94651848,0.050202336,0.025893655,0.85417733,0.92062483,0.066447496,0.84917423,0.49745545,17.975871,8.9421947,False,0.98462236,True,True,True,0.84917423,0.49745545,17.975871,8.9421947,0.84582916,0.49578085,17.771944,8.8109893,0.98341295,0.56526483,2.6999887,1.5262087,0.74409598,0.51430335,3.2505338,1.6717604,0.84603682,0.46854218,9.1071495,4.2670837,0.86047319,0.485165,10.074234,4.8876659,0.82509906,0.52051934,7.9389909,4.1323983,0.86683594,0.52051108,7.6038192,3.9578722
0b_rotation_best,file,14,baseline_rotation,11034,188.Pileated_Woodpecker/Pileated_Woodpecker_0038_180300.jpg,188,187,188.Pileated_Woodpecker,191,190,identity,identity,0,{},0.0018057008,0.0018057008,0,0.99819595,0.99819595,0.0015199216,0.0015199216,0.99667602,0.99667602,0,1,1,0.27904959,0.27904959,False,1,True,True,True,1,1,0.27904959,0.27904959,1,1,0.2692736,0.2692736,1,1,0.073214753,0.073214753,1,1,0.056265367,0.056265367,1,1,0.10463222,0.10463222,1,1,0.13298,0.13298,1,1,0.13671882,0.13671882,1,1,0.14838755,0.14838755
0b_rotation_best,file,14,baseline_rotation,11034,188.Pileated_Woodpecker/Pileated_Woodpecker_0038_180300.jpg,188,187,188.Pileated_Woodpecker,191,190,rotation,rotation,0,"{""angle"":-3.447597}",0.0018057008,0.001538404,-0.0002672968,0.99819595,0.9984628,0.0015199216,0.0013145196,0.99667602,0.99714828,0.00047225202,0.85383731,0.87391689,0.27904959,0.24386615,False,0.99441284,True,True,True,0.85383731,0.87391689,0.27904959,0.24386615,0.84358605,0.87468167,0.2692736,0.23552869,0.99436309,0.86350535,0.073214753,0.063221331,0.73637385,0.78294631,0.056265367,0.044052762,0.7637805,0.85214014,0.10463222,0.089161318,0.7818075,0.92996914,0.13298,0.12366729,0.8702246,0.87295479,0.13671882,0.11934935,0.93072381,0.85364891,0.14838755,0.12667087
0b_rotation_best,file,14,baseline_rotation,8042,137.Cliff_Swallow/Cliff_Swallow_0011_133033.jpg,137,136,137.Cliff_Swallow,118,117,identity,identity,0,{},6.3588247,6.3588247,0,0.0017314,0.0017314,0.96245515,0.96245515,-0.96072375,-0.96072375,0,1,1,202.29905,202.29905,False,1.0000001,True,False,False,1,1,202.29905,202.29905,1,1,198.77984,198.77984,1,1,37.569666,37.569666,1,1,43.290972,43.290972,1,1,88.557678,88.557678,1,1,100.58277,100.58277,1,1,100.20612,100.20612,1,1,98.176855,98.176855
0b_rotation_best,file,14,baseline_rotation,8042,137.Cliff_Swallow/Cliff_Swallow_0011_133033.jpg,137,136,137.Cliff_Swallow,118,117,rotation,rotation,0,"{""angle"":-2.945566}",6.3588247,6.2781973,-0.080627441,0.0017314,0.001876781,0.96245515,0.95292854,-0.96072375,-0.95105176,0.0096719913,0.84502768,0.95592877,202.29905,193.38348,False,0.9749369,True,False,False,0.84502768,0.95592877,202.29905,193.38348,0.84018154,0.95413724,198.77984,189.66325,0.97494321,1.0047861,37.569666,37.749477,0.80909266,1.0333087,43.290972,44.732939,0.8278098,0.93586912,88.557678,82.878396,0.81398977,0.8852359,100.58277,89.039482,0.8483889,0.96618422,100.20612,96.817574,0.87583658,1.0083644,98.176855,98.998044
0b_rotation_best,file,14,baseline_rotation,1670,030.Fish_Crow/Fish_Crow_0028_25968.jpg,30,29,030.Fish_Crow,27,26,identity,identity,0,{},6.8918948,6.8918948,0,0.0010159869,0.0010159869,0.55168915,0.55168915,-0.55067316,-0.55067316,0,1,1,182.81312,182.81312,False,0.99999988,True,False,False,1,1,182.81312,182.81312,1,1,178.77916,178.77916,1,1,38.192244,38.192244,1,1,33.488756,33.488756,1,1,75.143722,75.143722,1,1,105.47405,105.47405,1,1,86.795285,86.795285,1,1,80.843766,80.843766
0b_rotation_best,file,14,baseline_rotation,1670,030.Fish_Crow/Fish_Crow_0028_25968.jpg,30,29,030.Fish_Crow,27,26,rotation,rotation,0,"{""angle"":8.948775}",6.8918948,6.4845891,-0.40730572,0.0010159869,0.001526788,0.55168915,0.24118263,-0.55067316,-0.23965584,0.31101732,0.75242025,1.0562344,182.81312,193.0935,False,0.96023667,False,False,False,0.75242025,1.0562344,182.81312,193.0935,0.74660411,1.0620899,178.77916,189.87954,0.90740608,0.91860594,38.192244,35.083622,0.82414496,1.1931415,33.488756,39.956825,0.73855545,1.1771285,75.143722,88.453815,0.75296795,1.0459571,105.47405,110.32133,0.71989231,1.0397941,86.795285,90.249224,0.76754999,0.98319496,80.843766,79.485184
0b_rotation_best,file,14,baseline_rotation,11448,195.Carolina_Wren/Carolina_Wren_0014_186525.jpg,195,194,195.Carolina_Wren,196,195,identity,identity,0,{},0.0098646283,0.0098646283,0,0.99018389,0.99018389,0.0026431668,0.0026431668,0.98754072,0.98754072,0,1,1,2.3554148,2.3554148,False,1,True,True,True,1,1,2.3554148,2.3554148,1,1,2.3264688,2.3264688,1,1,0.36813274,0.36813274,1,1,0.41861561,0.41861561,1,1,1.2780607,1.2780607,1,1,1.243429,1.243429,1,1,1.0825819,1.0825819,1,1,0.94110551,0.94110551
0b_rotation_best,file,14,baseline_rotation,11448,195.Carolina_Wren/Carolina_Wren_0014_186525.jpg,195,194,195.Carolina_Wren,196,195,rotation,rotation,0,"{""angle"":-10.301891}",0.0098646283,0.0060425457,-0.0038220827,0.99018389,0.9939757,0.0026431668,0.00064425281,0.98754072,0.99333145,0.0057907231,0.78873349,0.66790444,2.3554148,1.573192,False,0.97925687,True,True,True,0.78873349,0.66790444,2.3554148,1.573192,0.7852262,0.66711166,2.3264688,1.5520145,0.92327905,0.6988313,0.36813274,0.25726268,0.69945194,0.57223801,0.41861561,0.23954777,0.82642149,0.64211999,1.2780607,0.82066835,0.74869253,0.71329544,1.243429,0.88693221,0.78274788,0.66766115,1.0825819,0.72279786,0.80507048,0.64527903,0.94110551,0.60727565
0b_rotation_best,file,14,baseline_rotation,5979,103.Sayornis/Sayornis_0086_98829.jpg,103,102,103.Sayornis,38,37,identity,identity,0,{},0.19286777,0.19286777,0,0.82459098,0.82459098,0.047068261,0.047068261,0.77752272,0.77752272,0,1,1,29.524632,29.524632,False,1,True,True,True,1,1,29.524632,29.524632,1,1,29.033511,29.033511,1,1,5.3627552,5.3627552,1,1,8.2332726,8.2332726,1,1,13.220546,13.220546,1,1,15.915733,15.915733,1,1,13.605186,13.605186,1,1,12.726489,12.726489
0b_rotation_best,file,14,baseline_rotation,5979,103.Sayornis/Sayornis_0086_98829.jpg,103,102,103.Sayornis,38,37,rotation,rotation,0,"{""angle"":9.949889}",0.19286777,0.25494525,0.062077478,0.82459098,0.77495891,0.047068261,0.030831315,0.77752272,0.74412759,-0.033395126,0.86868164,1.316143,29.524632,38.858638,False,0.97875845,True,True,True,0.86868164,1.316143,29.524632,38.858638,0.86574998,1.3194985,29.033511,38.309674,0.96504683,1.2136784,5.3627552,6.5086599,0.8817571,1.152397,8.2332726,9.4879984,0.85953598,1.3982841,13.220546,18.48608,0.87918228,1.3231192,15.915733,21.058411,0.85501241,1.3457389,13.605186,18.309027,0.86402465,1.2601554,12.726489,16.037353
0b_rotation_best,file,14,baseline_rotation,7152,123.Henslow_Sparrow/Henslow_Sparrow_0081_116755.jpg,123,122,123.Henslow_Sparrow,117,116,identity,identity,0,{},1.542938,1.542938,0,0.21375217,0.21375217,0.1470464,0.1470464,0.066705763,0.066705763,0,1,1,139.80412,139.80412,False,1,True,True,True,1,1,139.80412,139.80412,1,1,138.13939,138.13939,1,1,21.510518,21.510518,1,1,19.64514,19.64514,1,1,62.691633,62.691633,1,1,88.035225,88.035225,1,1,64.711685,64.711685,1,1,53.183784,53.183784
0b_rotation_best,file,14,baseline_rotation,7152,123.Henslow_Sparrow/Henslow_Sparrow_0081_116755.jpg,123,122,123.Henslow_Sparrow,117,116,rotation,rotation,0,"{""angle"":0.87158}",1.542938,1.1599385,-0.38299954,0.21375217,0.3135055,0.1470464,0.062840842,0.066705763,0.25066466,0.1839589,0.8988461,0.83015262,139.80412,116.05876,False,0.98522365,True,True,True,0.8988461,0.83015262,139.80412,116.05876,0.89693039,0.829785,138.13939,114.62599,0.97656223,0.84517475,21.510518,18.180146,0.71818524,0.81277779,19.64514,15.967134,0.85816123,0.87902908,62.691633,55.107768,0.91631833,0.82288562,88.035225,72.442921,0.91145087,0.79175793,64.711685,51.23599,0.90833479,0.83544181,53.183784,44.431957
0b_rotation_best,file,14,baseline_rotation,2554,045.Northern_Fulmar/Northern_Fulmar_0076_43893.jpg,45,44,045.Northern_Fulmar,63,62,identity,identity,0,{},0.616696,0.616696,0,0.53972471,0.53972471,0.18395574,0.18395574,0.35576896,0.35576896,0,1,1,68.761795,68.761795,False,0.99999988,True,True,True,1,1,68.761795,68.761795,1,1,67.28009,67.28009,1,1,14.197673,14.197673,1,1,16.260697,16.260697,1,1,35.722471,35.722471,1,1,32.945258,32.945258,1,1,32.131458,32.131458,1,1,29.466671,29.466671
0b_rotation_best,file,14,baseline_rotation,2554,045.Northern_Fulmar/Northern_Fulmar_0076_43893.jpg,45,44,045.Northern_Fulmar,63,62,rotation,rotation,0,"{""angle"":10.092686}",0.616696,1.0363919,0.41969585,0.53972471,0.3547323,0.18395574,0.32322392,0.35576896,0.031508386,-0.32426058,0.84722008,1.3039751,68.761795,89.66367,False,0.96928114,True,True,True,0.84722008,1.3039751,68.761795,89.66367,0.84158405,1.2949859,67.28009,87.12677,0.96516403,1.4916396,14.197673,21.177811,0.87878879,1.6339716,16.260697,26.569516,0.87053432,1.0840376,35.722471,38.724501,0.84372585,1.3327469,32.945258,43.907692,0.82826982,1.3124625,32.131458,42.171335,0.83357943,1.3906743,29.466671,40.978543
0b_rotation_best,file,14,baseline_rotation,115,002.Laysan_Albatross/Laysan_Albatross_0018_492.jpg,2,1,002.Laysan_Albatross,62,61,identity,identity,0,{},0.01274488,0.01274488,0,0.98733598,0.98733598,0.0033068112,0.0033068112,0.98402917,0.98402917,0,1,1,2.5827341,2.5827341,False,1.0000001,True,True,True,1,1,2.5827341,2.5827341,1,1,2.5527669,2.5527669,1,1,0.3922965,0.3922965,1,1,0.63441096,0.63441096,1,1,1.0926579,1.0926579,1,1,1.2932342,1.2932342,1,1,1.2674445,1.2674445,1,1,1.2811595,1.2811595
0b_rotation_best,file,14,baseline_rotation,115,002.Laysan_Albatross/Laysan_Albatross_0018_492.jpg,2,1,002.Laysan_Albatross,62,61,rotation,rotation,0,"{""angle"":5.114174}",0.01274488,0.0077546979,-0.0049901824,0.98733598,0.9922753,0.0033068112,0.00059505663,0.98402917,0.99168024,0.0076510723,0.65747307,0.63417774,2.5827341,1.6379125,False,0.97955847,True,True,True,0.65747307,0.63417774,2.5827341,1.6379125,0.65122311,0.63236823,2.5527669,1.6142887,0.89827853,0.70655993,0.3922965,0.27718099,0.59555605,0.78638765,0.63441096,0.49889295,0.58682979,0.6612851,1.0926579,0.7225584,0.6025066,0.65519507,1.2932342,0.8473207,0.66682827,0.60219392,1.2674445,0.76324739,0.77571482,0.57062127,1.2811595,0.73105686
0b_rotation_best,file,14,baseline_rotation,9090,155.Warbling_Vireo/Warbling_Vireo_0003_158484.jpg,155,154,155.Warbling_Vireo,153,152,identity,identity,0,{},0.23308259,0.23308259,0,0.79208815,0.79208815,0.17287345,0.17287345,0.6192147,0.6192147,0,1,1,42.298809,42.298809,False,1,True,True,True,1,1,42.298809,42.298809,1,1,41.641445,41.641445,1,1,7.4282812,7.4282812,1,1,9.8543492,9.8543492,1,1,22.122607,22.122607,1,1,23.489339,23.489339,1,1,18.168189,18.168189,1,1,16.299073,16.299073
0b_rotation_best,file,14,baseline_rotation,9090,155.Warbling_Vireo/Warbling_Vireo_0003_158484.jpg,155,154,155.Warbling_Vireo,153,152,rotation,rotation,0,"{""angle"":-11.628893}",0.23308259,0.20588882,-0.02719377,0.79208815,0.81392354,0.17287345,0.13499561,0.6192147,0.67892793,0.05971323,0.87047667,0.77983522,42.298809,32.986101,False,0.98691118,True,True,True,0.87047667,0.77983522,42.298809,32.986101,0.86664585,0.77763884,41.641445,32.382005,0.98412274,0.84595597,7.4282812,6.2839989,0.88160263,0.82792572,9.8543492,8.1586691,0.90112518,0.76303782,22.122607,16.880386,0.85918928,0.72110536,23.489339,16.938288,0.82595085,0.7893537,18.168189,14.341128,0.87594443,0.87739202,16.299073,14.300677
0b_rotation_best,file,14,baseline_rotation,313,006.Least_Auklet/Least_Auklet_0030_795116.jpg,6,5,006.Least_Auklet,7,6,identity,identity,0,{},0.00304925,0.00304925,0,0.99695539,0.99695539,0.00087161938,0.00087161938,0.99608378,0.99608378,0,1,1,0.69386248,0.69386248,False,0.99999994,True,True,True,1,1,0.69386248,0.69386248,1,1,0.68701622,0.68701622,1,1,0.097230897,0.097230897,1,1,0.149519,0.149519,1,1,0.32414705,0.32414705,1,1,0.3911274,0.3911274,1,1,0.31717311,0.31717311,1,1,0.30163659,0.30163659
0b_rotation_best,file,14,baseline_rotation,313,006.Least_Auklet/Least_Auklet_0030_795116.jpg,6,5,006.Least_Auklet,7,6,rotation,rotation,0,"{""angle"":-6.248952}",0.00304925,0.0014187756,-0.0016304743,0.99695539,0.99858224,0.00087161938,0.00051196269,0.99608378,0.99807028,0.0019865059,0.91111141,0.53732733,0.69386248,0.37283127,False,0.98982441,True,True,True,0.91111141,0.53732733,0.69386248,0.37283127,0.90978282,0.53797402,0.68701622,0.36959688,0.98382067,0.50398729,0.097230897,0.049003136,0.84919877,0.51326968,0.149519,0.076743569,0.92428047,0.52502383,0.32414705,0.17018492,0.91817614,0.56120008,0.3911274,0.21950073,0.88889509,0.55237125,0.31717311,0.17519731,0.92188724,0.50141084,0.30163659,0.15124385
0b_rotation_best,file,14,baseline_rotation,5206,090.Red_breasted_Merganser/Red_Breasted_Merganser_0080_79488.jpg,90,89,090.Red_breasted_Merganser,51,50,identity,identity,0,{},0.25230008,0.25230008,0,0.77701151,0.77701151,0.042224884,0.042224884,0.73478663,0.73478663,0,1,1,35.782255,35.782255,False,0.99999994,True,True,True,1,1,35.782255,35.782255,1,1,35.386643,35.386643,1,1,5.3061546,5.3061546,1,1,10.785801,10.785801,1,1,17.069925,17.069925,1,1,15.79512,15.79512,1,1,17.81519,17.81519,1,1,16.662287,16.662287
0b_rotation_best,file,14,baseline_rotation,5206,090.Red_breasted_Merganser/Red_Breasted_Merganser_0080_79488.jpg,90,89,090.Red_breasted_Merganser,51,50,rotation,rotation,0,"{""angle"":-13.142848}",0.25230008,0.20591483,-0.046385258,0.77701151,0.81390238,0.042224884,0.034256425,0.73478663,0.77964595,0.044859324,0.71814075,0.88678638,35.782255,31.731216,False,0.95968717,True,True,True,0.71814075,0.88678638,35.782255,31.731216,0.71292604,0.88631204,35.386643,31.363608,0.94481694,0.90763222,5.3061546,4.8160369,0.67105751,0.82964993,10.785801,8.9484388,0.74412575,0.95413461,17.069925,16.287006,0.65389337,0.91090235,15.79512,14.387812,0.7161351,0.85220991,17.81519,15.182282,0.75085572,0.85049763,16.662287,14.171236
0b_rotation_best,file,14,baseline_rotation,10103,172.Nashville_Warbler/Nashville_Warbler_0023_167242.jpg,172,171,172.Nashville_Warbler,200,199,identity,identity,0,{},0.37750441,0.37750441,0,0.68557018,0.68557018,0.044030681,0.044030681,0.6415395,0.6415395,0,1,1,53.470416,53.470416,False,0.99999994,True,True,True,1,1,53.470416,53.470416,1,1,52.660307,52.660307,1,1,9.2724053,9.2724053,1,1,13.647014,13.647014,1,1,22.119774,22.119774,1,1,26.75307,26.75307,1,1,27.112665,27.112665,1,1,25.431459,25.431459
0b_rotation_best,file,14,baseline_rotation,10103,172.Nashville_Warbler/Nashville_Warbler_0023_167242.jpg,172,171,172.Nashville_Warbler,200,199,rotation,rotation,0,"{""angle"":-7.37826}",0.37750441,0.2754409,-0.10206351,0.68557018,0.75923729,0.044030681,0.028252097,0.6415395,0.73098519,0.089445693,0.79648477,0.74755192,53.470416,39.971912,False,0.96993899,True,True,True,0.79648477,0.74755192,53.470416,39.971912,0.79134551,0.74717175,52.660307,39.346294,0.95961674,0.75971174,9.2724053,7.0443552,0.72822447,0.67238149,13.647014,9.1759998,0.75769221,0.67072526,22.119774,14.836291,0.78700039,0.74563907,26.75307,19.948135,0.7896003,0.76505464,27.112665,20.74267,0.84044462,0.801645,25.431459,20.387002
0b_rotation_best,file,14,baseline_rotation,10552,180.Wilson_Warbler/Wilson_Warbler_0108_175179.jpg,180,179,180.Wilson_Warbler,182,181,identity,identity,0,{},0.040907897,0.040907897,0,0.95991755,0.95991755,0.022758752,0.022758752,0.93715879,0.93715879,0,1,1,5.842224,5.842224,False,1,True,True,True,1,1,5.842224,5.842224,1,1,5.721064,5.721064,1,1,1.1836418,1.1836418,1,1,1.1946323,1.1946323,1,1,2.2581672,2.2581672,1,1,3.0132683,3.0132683,1,1,2.9989812,2.9989812,1,1,2.8513916,2.8513916
0b_rotation_best,file,14,baseline_rotation,10552,180.Wilson_Warbler/Wilson_Warbler_0108_175179.jpg,180,179,180.Wilson_Warbler,182,181,rotation,rotation,0,"{""angle"":-6.99463}",0.040907897,0.16573834,0.12483045,0.95991755,0.84726793,0.022758752,0.12114014,0.93715879,0.72612779,-0.211031,0.78186601,4.3337453,5.842224,25.318711,False,0.98224282,True,True,True,0.78186601,4.3337453,5.842224,25.318711,0.77352667,4.3261097,5.721064,24.749951,0.96944946,4.5084499,1.1836418,5.3363895,0.84500118,5.5068955,1.1946323,6.5787153,0.75470285,4.6441111,2.2581672,10.487179,0.75610238,4.0842036,3.0132683,12.306801,0.76229238,4.3016799,2.9989812,12.900657,0.81052134,4.1705311,2.8513916,11.891817
0b_rotation_best,file,14,baseline_rotation,345,007.Parakeet_Auklet/Parakeet_Auklet_0047_795956.jpg,7,6,007.Parakeet_Auklet,5,4,identity,identity,0,{},0.051032029,0.051032029,0,0.95024824,0.95024824,0.018732553,0.018732553,0.93151569,0.93151569,0,1,1,7.3127667,7.3127667,False,1,True,True,True,1,1,7.3127667,7.3127667,1,1,7.1857023,7.1857023,1,1,1.3572913,1.3572913,1,1,1.6444614,1.6444614,1,1,3.1773208,3.1773208,1,1,3.9051221,3.9051221,1,1,3.2731799,3.2731799,1,1,3.5876193,3.5876193
0b_rotation_best,file,14,baseline_rotation,345,007.Parakeet_Auklet/Parakeet_Auklet_0047_795956.jpg,7,6,007.Parakeet_Auklet,5,4,rotation,rotation,0,"{""angle"":-3.760086}",0.051032029,0.025132926,-0.025899103,0.95024824,0.97518027,0.018732553,0.013882939,0.93151569,0.96129733,0.029781641,0.8339418,0.52352873,7.3127667,3.8284435,False,0.98568225,True,True,True,0.8339418,0.52352873,7.3127667,3.8284435,0.82864057,0.52209552,7.1857023,3.751623,0.97412376,0.56221454,1.3572913,0.76308887,0.88850167,0.51997362,1.6444614,0.85507655,0.76147516,0.56909408,3.1773208,1.8081944,0.82236908,0.51591739,3.9051221,2.0147204,0.82431496,0.50355289,3.2731799,1.6482192,0.88973388,0.50621375,3.5876193,1.8161022
0b_rotation_best,file,14,baseline_rotation,9955,170.Mourning_Warbler/Mourning_Warbler_0008_166467.jpg,170,169,170.Mourning_Warbler,76,75,identity,identity,0,{},2.4196725,2.4196725,0,0.088950761,0.088950761,0.29316989,0.29316989,-0.20421913,-0.20421913,0,1,1,145.3311,145.3311,False,0.99999988,True,False,False,1,1,145.3311,145.3311,1,1,142.98743,142.98743,1,1,25.994649,25.994649,1,1,32.593163,32.593163,1,1,67.514901,67.514901,1,1,76.929562,76.929562,1,1,67.642703,67.642703,1,1,65.811373,65.811373
0b_rotation_best,file,14,baseline_rotation,9955,170.Mourning_Warbler/Mourning_Warbler_0008_166467.jpg,170,169,170.Mourning_Warbler,76,75,rotation,rotation,0,"{""angle"":-12.522956}",2.4196725,2.3825092,-0.037163258,0.088950761,0.092318647,0.29316989,0.25089684,-0.20421913,-0.15857819,0.045640931,0.73671286,1.0341871,145.3311,150.29954,False,0.94499868,True,False,False,0.73671286,1.0341871,145.3311,150.29954,0.7303606,1.0358215,142.98743,148.10946,0.94011107,0.98345014,25.994649,25.564441,0.77341019,1.061055,32.593163,34.58314,0.77020274,1.0202487,67.514901,68.881991,0.74951664,1.0758339,76.929562,82.763431,0.67716525,1.0392373,67.642703,70.29682,0.70811256,0.98524424,65.811373,64.840276
0b_rotation_best,file,14,baseline_rotation,7995,137.Cliff_Swallow/Cliff_Swallow_0044_133927.jpg,137,136,137.Cliff_Swallow,136,135,identity,identity,0,{},2.1386914,2.1386914,0,0.11780892,0.11780892,0.20359719,0.20359719,-0.085788265,-0.085788265,0,1,1,105.95312,105.95312,False,0.99999988,True,False,False,1,1,105.95312,105.95312,1,1,102.63597,102.63597,1,1,26.304409,26.304409,1,1,28.898011,28.898011,1,1,42.564182,42.564182,1,1,47.994453,47.994453,1,1,48.149695,48.149695,1,1,57.14435,57.14435
0b_rotation_best,file,14,baseline_rotation,7995,137.Cliff_Swallow/Cliff_Swallow_0044_133927.jpg,137,136,137.Cliff_Swallow,136,135,rotation,rotation,0,"{""angle"":-3.634044}",2.1386914,2.583338,0.4446466,0.11780892,0.075521484,0.20359719,0.25789252,-0.085788265,-0.18237104,-0.09658277,0.67511347,1.1305798,105.95312,119.78846,False,0.96709025,False,False,False,0.67511347,1.1305798,105.95312,119.78846,0.65761548,1.1275729,102.63597,115.72953,0.93121479,1.1754094,26.304409,30.918449,0.412229,0.81859922,28.898011,23.655889,0.51725705,1.0630559,42.564182,45.248104,0.65511691,1.2154436,47.994453,58.33455,0.68358416,1.214379,48.149695,58.471979,0.77109774,1.1018378,57.14435,62.963805
0b_rotation_best,file,14,baseline_rotation,7867,135.Bank_Swallow/Bank_Swallow_0015_129853.jpg,135,134,135.Bank_Swallow,102,101,identity,identity,0,{},0.017404446,0.017404446,0,0.98274612,0.98274612,0.0056724492,0.0056724492,0.97707368,0.97707368,0,1,1,2.8293741,2.8293741,False,1,True,True,True,1,1,2.8293741,2.8293741,1,1,2.7702512,2.7702512,1,1,0.57538347,0.57538347,1,1,0.78129689,0.78129689,1,1,1.2842785,1.2842785,1,1,1.3438679,1.3438679,1,1,1.2714791,1.2714791,1,1,1.4113312,1.4113312
0b_rotation_best,file,14,baseline_rotation,7867,135.Bank_Swallow/Bank_Swallow_0015_129853.jpg,135,134,135.Bank_Swallow,102,101,rotation,rotation,0,"{""angle"":-10.973012}",0.017404446,0.029040948,0.011636501,0.98274612,0.97137672,0.0056724492,0.008226634,0.97707368,0.96315008,-0.013923592,0.81852141,2.2433245,2.8293741,6.3472043,False,0.98070621,True,True,True,0.81852141,2.2433245,2.8293741,6.3472043,0.81407412,2.2614469,2.7702512,6.264776,0.97373481,1.7720355,0.57538347,1.0196,0.85009953,2.2322597,0.78129689,1.7440575,0.83232026,2.7654684,1.2842785,3.5516316,0.79768109,2.2785129,1.3438679,3.0620202,0.79427923,2.1576794,1.2714791,2.7434442,0.85486042,1.8325516,1.4113312,2.5863374
0b_rotation_best,file,14,baseline_rotation,2741,048.European_Goldfinch/European_Goldfinch_0100_794685.jpg,48,47,048.European_Goldfinch,166,165,identity,identity,0,{},0.0015695883,0.0015695883,0,0.99843162,0.99843162,0.00018001752,0.00018001752,0.99825161,0.99825161,0,1,1,0.24213246,0.24213246,False,1,True,True,True,1,1,0.24213246,0.24213246,1,1,0.23765416,0.23765416,1,1,0.046353323,0.046353323,1,1,0.057675266,0.057675266,1,1,0.11252205,0.11252205,1,1,0.099529205,0.099529205,1,1,0.10743481,0.10743481,1,1,0.13799837,0.13799837
0b_rotation_best,file,14,baseline_rotation,2741,048.European_Goldfinch/European_Goldfinch_0100_794685.jpg,48,47,048.European_Goldfinch,166,165,rotation,rotation,0,"{""angle"":-3.132641}",0.0015695883,0.0018914919,0.00032190362,0.99843162,0.99811029,0.00018001752,0.00022654368,0.99825161,0.99788375,-0.00036785479,0.90239271,1.1685289,0.24213246,0.28293879,False,0.99235535,True,True,True,0.90239271,1.1685289,0.24213246,0.28293879,0.89900061,1.1685019,0.23765416,0.27769933,0.99150245,1.1692396,0.046353323,0.054198141,0.90006128,1.07195,0.057675266,0.061825005,0.90519593,1.0645814,0.11252205,0.11978888,0.83462265,1.2113379,0.099529205,0.1205635,0.89007197,1.2175273,0.10743481,0.13080481,0.93842722,1.1973068,0.13799837,0.16522638
0b_rotation_best,file,14,baseline_rotation,213,004.Groove_billed_Ani/Groove_Billed_Ani_0047_1706.jpg,4,3,004.Groove_billed_Ani,11,10,identity,identity,0,{},1.6192515,1.6192515,0,0.19804688,0.19804688,0.13601132,0.13601132,0.062035561,0.062035561,0,1,1,130.18974,130.18974,False,1,True,True,True,1,1,130.18974,130.18974,1,1,128.9266,128.9266,1,1,18.091418,18.091418,1,1,29.515003,29.515003,1,1,55.758236,55.758236,1,1,67.860834,67.860834,1,1,63.60284,63.60284,1,1,63.178619,63.178619
0b_rotation_best,file,14,baseline_rotation,213,004.Groove_billed_Ani/Groove_Billed_Ani_0047_1706.jpg,4,3,004.Groove_billed_Ani,11,10,rotation,rotation,0,"{""angle"":-13.35757}",1.6192515,0.55341387,-1.0658376,0.19804688,0.57498354,0.13601132,0.044289391,0.062035561,0.53069415,0.46865859,0.80000547,0.71170306,130.18974,92.656434,False,0.96586585,True,True,True,0.80000547,0.71170306,130.18974,92.656434,0.79773321,0.71390694,128.9266,92.041595,0.95446089,0.58903272,18.091418,10.656437,0.77546714,0.85865822,29.515003,25.3433,0.80975698,0.83284028,55.758236,46.437705,0.81214165,0.72557764,67.860834,49.238304,0.77657362,0.65807411,63.60284,41.855382,0.82182408,0.61233183,63.178619,38.686279
0b_rotation_best,file,14,baseline_rotation,5874,101.White_Pelican/White_Pelican_0035_96312.jpg,101,100,101.White_Pelican,100,99,identity,identity,0,{},0.0060475222,0.0060475222,0,0.99397075,0.99397075,0.0014194337,0.0014194337,0.99255132,0.99255132,0,1,1,0.89060074,0.89060074,False,0.99999994,True,True,True,1,1,0.89060074,0.89060074,1,1,0.87243521,0.87243521,1,1,0.17895946,0.17895946,1,1,0.22228038,0.22228038,1,1,0.36917005,0.36917005,1,1,0.44479728,0.44479728,1,1,0.40871589,0.40871589,1,1,0.45886251,0.45886251
0b_rotation_best,file,14,baseline_rotation,5874,101.White_Pelican/White_Pelican_0035_96312.jpg,101,100,101.White_Pelican,100,99,rotation,rotation,0,"{""angle"":-12.640239}",0.0060475222,0.0055912295,-0.00045629265,0.99397075,0.99442434,0.0014194337,0.00062494643,0.99255132,0.9937994,0.0012480787,0.75284385,0.98596869,0.89060074,0.87810445,False,0.9662025,True,True,True,0.75284385,0.98596869,0.89060074,0.87810445,0.74490064,0.98388953,0.87243521,0.85837986,0.93334243,1.0341527,0.17895946,0.18507141,0.6423618,1.2524867,0.22228038,0.27840322,0.75364547,0.94605549,0.36917005,0.34925536,0.75920738,0.99480839,0.44479728,0.44248807,0.70143859,0.95362681,0.40871589,0.38976243,0.79951651,0.94898004,0.45886251,0.43545136
0b_rotation_best,file,14,baseline_rotation,11493,196.House_Wren/House_Wren_0087_187946.jpg,196,195,196.House_Wren,199,198,identity,identity,0,{},0.012019823,0.012019823,0,0.98805213,0.98805213,0.0044778981,0.0044778981,0.98357423,0.98357423,0,1,1,1.9989207,1.9989207,False,0.99999994,True,True,True,1,1,1.9989207,1.9989207,1,1,1.9600717,1.9600717,1,1,0.3921771,0.3921771,1,1,0.29270991,0.29270991,1,1,1.049278,1.049278,1,1,0.93565763,0.93565763,1,1,0.94797601,0.94797601,1,1,0.93867139,0.93867139
0b_rotation_best,file,14,baseline_rotation,11493,196.House_Wren/House_Wren_0087_187946.jpg,196,195,196.House_Wren,199,198,rotation,rotation,0,"{""angle"":4.974361}",0.012019823,0.010737737,-0.0012820866,0.98805213,0.98931968,0.0044778981,0.0025429123,0.98357423,0.98677677,0.0032025382,0.80632707,0.87838751,1.9989207,1.755827,False,0.98842573,True,True,True,0.80632707,0.87838751,1.9989207,1.755827,0.79937229,0.877861,1.9600717,1.7206705,0.97749753,0.89143862,0.3921771,0.34960182,0.61951122,0.97504308,0.29270991,0.28540477,0.79222959,0.84385184,1.049278,0.88543514,0.74553287,0.91118775,0.93565763,0.85255977,0.80333482,0.86364673,0.94797601,0.81871638,0.87978729,0.89011381,0.93867139,0.83552437
0b_rotation_best,file,14,baseline_rotation,2334,041.Scissor_tailed_Flycatcher/Scissor_Tailed_Flycatcher_0008_41670.jpg,41,40,041.Scissor_tailed_Flycatcher,135,134,identity,identity,0,{},0.013486937,0.013486937,0,0.98660362,0.98660362,0.0031660681,0.0031660681,0.98343755,0.98343755,0,1,1,2.0860497,2.0860497,False,1,True,True,True,1,1,2.0860497,2.0860497,1,1,2.0460086,2.0460086,1,1,0.40675775,0.40675775,1,1,0.49206707,0.49206707,1,1,0.93371184,0.93371184,1,1,1.051232,1.051232,1,1,0.95854955,0.95854955,1,1,1.023864,1.023864
0b_rotation_best,file,14,baseline_rotation,2334,041.Scissor_tailed_Flycatcher/Scissor_Tailed_Flycatcher_0008_41670.jpg,41,40,041.Scissor_tailed_Flycatcher,135,134,rotation,rotation,0,"{""angle"":-13.418278}",0.013486937,0.01097252,-0.0025144164,0.98660362,0.98908746,0.0031660681,0.0072436854,0.98343755,0.98184378,-0.0015937726,0.68016729,1.0407975,2.0860497,2.1711553,False,0.96006584,True,True,True,0.68016729,1.0407975,2.0860497,2.1711553,0.67140888,1.0398467,2.0460086,2.1275352,0.89680017,1.0645735,0.40675775,0.43302354,0.73448015,1.1800259,0.49206707,0.5806519,0.67550165,1.0068321,0.93371184,0.94009105,0.7062341,1.0898205,1.051232,1.1456542,0.6109347,1.0572491,0.95854955,1.0134256,0.67158495,0.95990677,1.023864,0.98281402
0b_rotation_best,file,14,baseline_rotation,409,008.Rhinoceros_Auklet/Rhinoceros_Auklet_0013_797537.jpg,8,7,008.Rhinoceros_Auklet,5,4,identity,identity,0,{},3.0147402,3.0147402,0,0.049058583,0.049058583,0.12373833,0.12373833,-0.074679743,-0.074679743,0,1,1,135.71135,135.71135,False,0.99999994,True,False,False,1,1,135.71135,135.71135,1,1,133.57837,133.57837,1,1,23.966425,23.966425,1,1,27.275899,27.275899,1,1,61.424039,61.424039,1,1,71.386343,71.386343,1,1,64.003931,64.003931,1,1,64.294487,64.294487
0b_rotation_best,file,14,baseline_rotation,409,008.Rhinoceros_Auklet/Rhinoceros_Auklet_0013_797537.jpg,8,7,008.Rhinoceros_Auklet,5,4,rotation,rotation,0,"{""angle"":14.700169}",3.0147402,4.1180048,1.1032646,0.049058583,0.016276959,0.12373833,0.093316436,-0.074679743,-0.077039476,-0.002359733,0.75591457,1.1117393,135.71135,150.87564,False,0.95827645,False,False,False,0.75591457,1.1117393,135.71135,150.87564,0.74963621,1.1126058,133.57837,148.62007,0.95624862,1.0844755,23.966425,25.991,0.74418287,1.156943,27.275899,31.556661,0.72280163,1.2457546,61.424039,76.519278,0.72532157,1.03272,71.386343,73.722103,0.76250945,1.0772327,64.003931,68.947125,0.80168334,1.1050875,64.294487,71.051033
0b_rotation_best,file,14,baseline_rotation,10558,180.Wilson_Warbler/Wilson_Warbler_0010_175750.jpg,180,179,180.Wilson_Warbler,172,171,identity,identity,0,{},0.0098835146,0.0098835146,0,0.99016517,0.99016517,0.001432032,0.001432032,0.98873314,0.98873314,0,1,1,1.4612018,1.4612018,False,1,True,True,True,1,1,1.4612018,1.4612018,1,1,1.4359112,1.4359112,1,1,0.27068384,0.27068384,1,1,0.30146213,0.30146213,1,1,0.59294934,0.59294934,1,1,0.8088263,0.8088263,1,1,0.65172581,0.65172581,1,1,0.73513684,0.73513684
0b_rotation_best,file,14,baseline_rotation,10558,180.Wilson_Warbler/Wilson_Warbler_0010_175750.jpg,180,179,180.Wilson_Warbler,172,171,rotation,rotation,0,"{""angle"":13.404096}",0.0098835146,0.015689505,0.0058059907,0.99016517,0.98443294,0.001432032,0.0010267446,0.98873314,0.98340619,-0.0053269509,0.78655097,1.5538051,1.4612018,2.2704228,False,0.98324764,True,True,True,0.78655097,1.5538051,1.4612018,2.2704228,0.77951592,1.550611,1.4359112,2.2265397,0.97482027,1.6411409,0.27068384,0.44423031,0.80955895,1.6768791,0.30146213,0.50551553,0.73065298,1.6435336,0.59294934,0.97453219,0.81342836,1.518136,0.8088263,1.2279083,0.71657625,1.5550146,0.65172581,1.0134431,0.82042968,1.500885,0.73513684,1.1033559
0b_rotation_best,file,14,baseline_rotation,9888,168.Kentucky_Warbler/Kentucky_Warbler_0020_795903.jpg,168,167,168.Kentucky_Warbler,162,161,identity,identity,0,{},0.036497049,0.036497049,0,0.96416092,0.96416092,0.029210532,0.029210532,0.93495039,0.93495039,0,1,1,6.9168572,6.9168572,False,1,True,True,True,1,1,6.9168572,6.9168572,1,1,6.7853994,6.7853994,1,1,1.3421137,1.3421137,1,1,1.5899723,1.5899723,1,1,3.334727,3.334727,1,1,3.3986135,3.3986135,1,1,3.1807946,3.1807946,1,1,3.2749353,3.2749353
0b_rotation_best,file,14,baseline_rotation,9888,168.Kentucky_Warbler/Kentucky_Warbler_0020_795903.jpg,168,167,168.Kentucky_Warbler,162,161,rotation,rotation,0,"{""angle"":10.677477}",0.036497049,0.011357535,-0.025139514,0.96416092,0.98870671,0.029210532,0.0085382387,0.93495039,0.98016847,0.045218082,0.86914797,0.28221697,6.9168572,1.9520545,False,0.9887709,True,True,True,0.86914797,0.28221697,6.9168572,1.9520545,0.86417705,0.28065761,6.7853994,1.904374,0.98775995,0.31950232,1.3421137,0.42880843,0.80177664,0.24791326,1.5899723,0.39417521,0.88780169,0.26062194,3.334727,0.86910301,0.87342772,0.27355732,3.3986135,0.92971561,0.82953648,0.28943047,3.1807946,0.92061889,0.88446064,0.30596204,3.2749353,1.0020059
0b_rotation_best,file,14,baseline_rotation,11206,191.Red_headed_Woodpecker/Red_Headed_Woodpecker_0063_183358.jpg,191,190,191.Red_headed_Woodpecker,188,187,identity,identity,0,{},0.0095882611,0.0095882611,0,0.99045753,0.99045753,0.0025956396,0.0025956396,0.9878619,0.9878619,0,1,1,1.5531899,1.5531899,False,1,True,True,True,1,1,1.5531899,1.5531899,1,1,1.5250642,1.5250642,1,1,0.2942415,0.2942415,1,1,0.42610202,0.42610202,1,1,0.7005336,0.7005336,1,1,0.74822561,0.74822561,1,1,0.74161936,0.74161936,1,1,0.73733952,0.73733952
0b_rotation_best,file,14,baseline_rotation,11206,191.Red_headed_Woodpecker/Red_Headed_Woodpecker_0063_183358.jpg,191,190,191.Red_headed_Woodpecker,188,187,rotation,rotation,0,"{""angle"":-2.978767}",0.0095882611,0.0041331351,-0.0054551261,0.99045753,0.99587542,0.0025956396,0.00083033112,0.9878619,0.99504509,0.0071831918,0.85297985,0.46582596,1.5531899,0.72351615,False,0.98670357,True,True,True,0.85297985,0.46582596,1.5531899,0.72351615,0.8482957,0.46609636,1.5250642,0.71082686,0.98100938,0.45850211,0.2942415,0.13491035,0.83418162,0.52311827,0.42610202,0.22290175,0.85747981,0.45757762,0.7005336,0.3205485,0.80239378,0.46101033,0.74822561,0.34493973,0.84087355,0.45357456,0.74161936,0.33637968,0.90158393,0.4711862,0.73733952,0.34742421
0b_rotation_best,file,14,baseline_rotation,10180,173.Orange_crowned_Warbler/Orange_Crowned_Warbler_0030_168376.jpg,173,172,173.Orange_crowned_Warbler,179,178,identity,identity,0,{},0.071918748,0.071918748,0,0.93060648,0.93060648,0.019023798,0.019023798,0.91158269,0.91158269,0,1,1,12.455088,12.455088,False,1.0000001,True,True,True,1,1,12.455088,12.455088,1,1,12.28208,12.28208,1,1,2.0687519,2.0687519,1,1,2.3653137,2.3653137,1,1,6.6265265,6.6265265,1,1,6.6769425,6.6769425,1,1,5.2797312,5.2797312,1,1,5.3746447,5.3746447
0b_rotation_best,file,14,baseline_rotation,10180,173.Orange_crowned_Warbler/Orange_Crowned_Warbler_0030_168376.jpg,173,172,173.Orange_crowned_Warbler,179,178,rotation,rotation,0,"{""angle"":9.581008}",0.071918748,0.020099068,-0.05181968,0.93060648,0.98010159,0.019023798,0.0067548333,0.91158269,0.97334675,0.061764066,0.85786986,0.31288338,12.455088,3.8969902,False,0.97904068,True,True,True,0.85786986,0.31288338,12.455088,3.8969902,0.8544082,0.31231338,12.28208,3.8358579,0.97413881,0.33235073,2.0687519,0.68755118,0.85886109,0.34310882,2.3653137,0.81155998,0.89694067,0.34050097,6.6265265,2.2563387,0.85735073,0.2984062,6.6769425,1.9924411,0.787404,0.2848703,5.2797312,1.5040386,0.84819934,0.3075411,5.3746447,1.6529241
0b_rotation_best,file,14,baseline_rotation,6068,104.American_Pipit/American_Pipit_0095_99959.jpg,104,103,104.American_Pipit,99,98,identity,identity,0,{},0.9290781,0.9290781,0,0.39491764,0.39491764,0.24265197,0.24265197,0.15226567,0.15226567,0,1,1,128.19632,128.19632,False,0.99999994,True,True,True,1,1,128.19632,128.19632,1,1,126.96327,126.96327,1,1,17.737635,17.737635,1,1,25.194292,25.194292,1,1,59.102332,59.102332,1,1,75.450246,75.450246,1,1,58.192657,58.192657,1,1,53.969515,53.969515
0b_rotation_best,file,14,baseline_rotation,6068,104.American_Pipit/American_Pipit_0095_99959.jpg,104,103,104.American_Pipit,99,98,rotation,rotation,0,"{""angle"":0.992698}",0.9290781,0.89884996,-0.030228138,0.39491764,0.4070375,0.24265197,0.1797449,0.15226567,0.2272926,0.075026929,0.91011691,0.95995156,128.19632,123.06225,False,0.99127626,True,True,True,0.91011691,0.95995156,128.19632,123.06225,0.90860775,0.95945678,126.96327,121.81577,0.98574291,0.98496894,17.737635,17.47102,0.91874778,1.1132936,25.194292,28.048644,0.85533925,0.96006993,59.102332,56.742372,0.92066471,0.95115751,75.450246,71.765069,0.91801612,0.96169849,58.192657,55.96379,0.93929219,0.93575702,53.969515,50.502352
0b_rotation_best,file,14,baseline_rotation,3310,058.Pigeon_Guillemot/Pigeon_Guillemot_0018_40195.jpg,58,57,058.Pigeon_Guillemot,25,24,identity,identity,0,{},0.0558719,0.0558719,0,0.94566029,0.94566029,0.011576348,0.011576348,0.93408395,0.93408395,0,1,1,9.5939768,9.5939768,False,1.0000001,True,True,True,1,1,9.5939768,9.5939768,1,1,9.4195362,9.4195362,1,1,1.8211888,1.8211888,1,1,2.3736326,2.3736326,1,1,3.7185201,3.7185201,1,1,5.0674707,5.0674707,1,1,4.6152994,4.6152994,1,1,4.7207935,4.7207935
0b_rotation_best,file,14,baseline_rotation,3310,058.Pigeon_Guillemot/Pigeon_Guillemot_0018_40195.jpg,58,57,058.Pigeon_Guillemot,25,24,rotation,rotation,0,"{""angle"":-12.288902}",0.0558719,0.052146636,-0.0037252642,0.94566029,0.94918966,0.011576348,0.0053136107,0.93408395,0.94387605,0.0097921072,0.76386037,0.93296614,9.5939768,8.9508555,False,0.95456201,True,True,True,0.76386037,0.93296614,9.5939768,8.9508555,0.75791312,0.93540112,9.4195362,8.8110448,0.93809257,0.86528682,1.8211888,1.5758506,0.70553712,0.87929729,2.3736326,2.0871287,0.70584228,1.0700845,3.7185201,3.9791308,0.78909165,0.86503981,5.0674707,4.3835639,0.75063479,0.95172255,4.6152994,4.3924845,0.78951525,0.92176853,4.7207935,4.3514789
0b_rotation_best,file,14,baseline_rotation,10086,172.Nashville_Warbler/Nashville_Warbler_0121_167078.jpg,172,171,172.Nashville_Warbler,170,169,identity,identity,0,{},0.069170624,0.069170624,0,0.93316746,0.93316746,0.012362371,0.012362371,0.92080509,0.92080509,0,1,1,8.4541172,8.4541172,False,1,True,True,True,1,1,8.4541172,8.4541172,1,1,8.2999783,8.2999783,1,1,1.6070031,1.6070031,1,1,2.0255703,2.0255703,1,1,3.4584158,3.4584158,1,1,4.3259711,4.3259711,1,1,3.8962367,3.8962367,1,1,4.3510204,4.3510204
0b_rotation_best,file,14,baseline_rotation,10086,172.Nashville_Warbler/Nashville_Warbler_0121_167078.jpg,172,171,172.Nashville_Warbler,170,169,rotation,rotation,0,"{""angle"":11.170346}",0.069170624,0.073209003,0.0040383786,0.93316746,0.92940658,0.012362371,0.029775772,0.92080509,0.89963081,-0.021174275,0.74182892,1.0859884,8.4541172,9.1810731,False,0.97108001,True,True,True,0.74182892,1.0859884,8.4541172,9.1810731,0.73384872,1.084157,8.2999783,8.9984797,0.94611112,1.1337501,1.6070031,1.82194,0.77816888,0.93556631,2.0255703,1.8950553,0.74693227,1.0287887,3.4584158,3.557979,0.74068461,1.1117213,4.3259711,4.8092743,0.68270457,1.1424836,3.8962367,4.4513865,0.75748384,1.0725564,4.3510204,4.6667148
0b_rotation_best,file,14,baseline_rotation,4027,070.Green_Violetear/Green_Violetear_0013_795684.jpg,70,69,070.Green_Violetear,68,67,identity,identity,0,{},5.2406492,5.2406492,0,0.0052968161,0.0052968161,0.59961528,0.59961528,-0.59431846,-0.59431846,0,1,1,111.54665,111.54665,False,1,True,False,False,1,1,111.54665,111.54665,1,1,107.19323,107.19323,1,1,30.858806,30.858806,1,1,25.159232,25.159232,1,1,47.618435,47.618435,1,1,53.805021,53.805021,1,1,47.065495,47.065495,1,1,58.98937,58.98937
0b_rotation_best,file,14,baseline_rotation,4027,070.Green_Violetear/Green_Violetear_0013_795684.jpg,70,69,070.Green_Violetear,68,67,rotation,rotation,0,"{""angle"":-4.556764}",5.2406492,5.7580833,0.51743412,0.0052968161,0.0031571575,0.59961528,0.66249263,-0.59431846,-0.65933548,-0.065017016,0.81960465,1.0583091,111.54665,118.05084,False,0.9764365,True,False,False,0.81960465,1.0583091,111.54665,118.05084,0.80654426,1.0570735,107.19323,113.31113,0.97492726,1.0731063,30.858806,33.114779,0.80567549,0.87637666,25.159232,22.048964,0.72480397,0.98741337,47.618435,47.019079,0.83679113,1.0520739,53.805021,56.606861,0.78549362,1.1099269,47.065495,52.239261,0.84835802,1.099829,58.98937,64.87822
0b_rotation_best,file,14,baseline_rotation,4929,085.Horned_Lark/Horned_Lark_0028_74408.jpg,85,84,085.Horned_Lark,181,180,identity,identity,0,{},0.47302231,0.47302231,0,0.6231162,0.6231162,0.034125298,0.034125298,0.5889909,0.5889909,0,1,1,70.327211,70.327211,False,1,True,True,True,1,1,70.327211,70.327211,1,1,69.726224,69.726224,1,1,9.1744346,9.1744346,1,1,12.354323,12.354323,1,1,28.080695,28.080695,1,1,44.74065,44.74065,1,1,33.408314,33.408314,1,1,28.332851,28.332851
0b_rotation_best,file,14,baseline_rotation,4929,085.Horned_Lark/Horned_Lark_0028_74408.jpg,85,84,085.Horned_Lark,181,180,rotation,rotation,0,"{""angle"":6.97826}",0.47302231,0.2796607,-0.19336161,0.6231162,0.75604022,0.034125298,0.030861048,0.5889909,0.72517917,0.13618827,0.84323045,0.64145605,70.327211,45.111815,False,0.97734725,True,True,True,0.84323045,0.64145605,70.327211,45.111815,0.8407719,0.64012691,69.726224,44.633633,0.97548203,0.71404182,9.1744346,6.5509299,0.83058676,0.58995879,12.354323,7.2885415,0.80732532,0.67364532,28.080695,18.916429,0.8624541,0.60670188,44.74065,27.144236,0.82107983,0.65162166,33.408314,21.769581,0.85889595,0.67935029,28.332851,19.24793
0b_rotation_best,file,14,baseline_rotation,5875,101.White_Pelican/White_Pelican_0009_97340.jpg,101,100,101.White_Pelican,145,144,identity,identity,0,{},0.085694864,0.085694864,0,0.91787428,0.91787428,0.028025256,0.028025256,0.88984902,0.88984902,0,1,1,12.835764,12.835764,False,1,True,True,True,1,1,12.835764,12.835764,1,1,12.664337,12.664337,1,1,2.0907923,2.0907923,1,1,3.6180822,3.6180822,1,1,5.3036775,5.3036775,1,1,6.3658913,6.3658913,1,1,6.1412953,6.1412953,1,1,6.3973297,6.3973297
0b_rotation_best,file,14,baseline_rotation,5875,101.White_Pelican/White_Pelican_0009_97340.jpg,101,100,101.White_Pelican,145,144,rotation,rotation,0,"{""angle"":-11.917265}",0.085694864,0.04222836,-0.043466505,0.91787428,0.95865083,0.028025256,0.027532076,0.88984902,0.93111875,0.041269731,0.69248232,0.62545019,12.835764,8.0281309,False,0.96180022,True,True,True,0.69248232,0.62545019,12.835764,8.0281309,0.68571,0.62434384,12.664337,7.9069005,0.92717064,0.66476988,2.0907923,1.3898957,0.64945886,0.44059641,3.6180822,1.594114,0.57135785,0.64787684,5.3036775,3.4361298,0.64774911,0.6378214,6.3658913,4.0603017,0.73192163,0.64492836,6.1412953,3.9606955,0.78006465,0.62521652,6.3973297,3.9997162
0b_rotation_best,file,14,baseline_rotation,6291,108.White_necked_Raven/White_Necked_Raven_0042_797356.jpg,108,107,108.White_necked_Raven,107,106,identity,identity,0,{},0.16463701,0.16463701,0,0.84820151,0.84820151,0.12420664,0.12420664,0.72399487,0.72399487,0,1,1,26.532329,26.532329,False,1.0000001,True,True,True,1,1,26.532329,26.532329,1,1,25.489779,25.489779,1,1,7.3644865,7.3644865,1,1,5.4580096,5.4580096,1,1,10.540123,10.540123,1,1,12.213059,12.213059,1,1,12.797816,12.797816,1,1,13.996495,13.996495
0b_rotation_best,file,14,baseline_rotation,6291,108.White_necked_Raven/White_Necked_Raven_0042_797356.jpg,108,107,108.White_necked_Raven,107,106,rotation,rotation,0,"{""angle"":-7.691748}",0.16463701,0.19732344,0.032686427,0.84820151,0.82092506,0.12420664,0.16044262,0.72399487,0.66048244,-0.063512437,0.78832448,1.3721611,26.532329,36.406629,False,0.98315775,True,True,True,0.78832448,1.3721611,26.532329,36.406629,0.77386142,1.381035,25.489779,35.202277,0.98110918,1.2610079,7.3644865,9.286676,0.60804,1.4709128,5.4580096,8.0282562,0.67406102,1.3952405,10.540123,14.706006,0.74518693,1.4216376,12.213059,17.362543,0.78767946,1.3820554,12.797816,17.687291,0.87399029,1.3254861,13.996495,18.55216
0b_rotation_best,file,14,baseline_rotation,3867,067.Anna_Hummingbird/Anna_Hummingbird_0038_57036.jpg,67,66,067.Anna_Hummingbird,68,67,identity,identity,0,{},0.51192629,0.51192629,0,0.59933996,0.59933996,0.28386217,0.28386217,0.31547779,0.31547779,0,1,1,78.977365,78.977365,False,1,True,True,True,1,1,78.977365,78.977365,1,1,77.748132,77.748132,1,1,13.879917,13.879917,1,1,27.074214,27.074214,1,1,44.80841,44.80841,1,1,37.520687,37.520687,1,1,31.5533,31.5533,1,1,30.009209,30.009209
0b_rotation_best,file,14,baseline_rotation,3867,067.Anna_Hummingbird/Anna_Hummingbird_0038_57036.jpg,67,66,067.Anna_Hummingbird,68,67,rotation,rotation,0,"{""angle"":-1.283507}",0.51192629,1.0580518,0.54612553,0.59933996,0.3471314,0.28386217,0.4855741,0.31547779,-0.1384427,-0.45392048,0.93125065,1.6480891,78.977365,130.16173,False,0.99306333,False,True,False,0.93125065,1.6480891,78.977365,130.16173,0.92923092,1.6448905,77.748132,127.88716,0.99255832,1.7454755,13.879917,24.227054,0.9664174,1.7218601,27.074214,46.61801,0.93241653,1.6656154,44.80841,74.633578,0.91855195,1.6208589,37.520687,60.815739,0.91582375,1.5850738,31.5533,50.014309,0.92289449,1.6364768,30.009209,49.109374
0b_rotation_best,file,14,baseline_rotation,3363,058.Pigeon_Guillemot/Pigeon_Guillemot_0055_40171.jpg,58,57,058.Pigeon_Guillemot,25,24,identity,identity,0,{},2.0595145,2.0595145,0,0.12751585,0.12751585,0.27462229,0.27462229,-0.14710644,-0.14710644,0,1,1,172.2835,172.2835,False,1.0000001,True,False,False,1,1,172.2835,172.2835,1,1,170.18498,170.18498,1,1,26.808206,26.808206,1,1,47.978467,47.978467,1,1,75.503937,75.503937,1,1,93.385036,93.385036,1,1,81.565111,81.565111,1,1,74.742997,74.742997
0b_rotation_best,file,14,baseline_rotation,3363,058.Pigeon_Guillemot/Pigeon_Guillemot_0055_40171.jpg,58,57,058.Pigeon_Guillemot,25,24,rotation,rotation,0,"{""angle"":8.589383}",2.0595145,2.7878885,0.728374,0.12751585,0.061551049,0.27462229,0.2406012,-0.14710644,-0.17905015,-0.031943709,0.75006978,0.98883529,172.2835,170.36001,False,0.97726095,False,False,False,0.75006978,0.98883529,172.2835,170.36001,0.74478561,0.98575446,170.18498,167.7606,0.94472104,1.1058737,26.808206,29.646489,0.47123677,0.69335233,47.978467,33.265982,0.69529256,0.92867358,75.503937,70.118512,0.78408467,0.9525694,93.385036,88.955728,0.75780092,1.0544661,81.565111,86.007646,0.81081518,1.1040823,74.742997,82.522423
0b_rotation_best,file,14,baseline_rotation,5957,102.Western_Wood_Pewee/Western_Wood_Pewee_0039_795063.jpg,102,101,102.Western_Wood_Pewee,91,90,identity,identity,0,{},2.108567,2.108567,0,0.12141183,0.12141183,0.37764505,0.37764505,-0.25623322,-0.25623322,0,1,1,141.821,141.821,False,1,True,False,False,1,1,141.821,141.821,1,1,139.21853,139.21853,1,1,27.044374,27.044374,1,1,25.988566,25.988566,1,1,68.762662,68.762662,1,1,75.9116,75.9116,1,1,66.124449,66.124449,1,1,61.992545,61.992545
0b_rotation_best,file,14,baseline_rotation,5957,102.Western_Wood_Pewee/Western_Wood_Pewee_0039_795063.jpg,102,101,102.Western_Wood_Pewee,91,90,rotation,rotation,0,"{""angle"":-3.361996}",2.108567,2.0627909,-0.045776129,0.12141183,0.12709877,0.37764505,0.29031116,-0.25623322,-0.16321239,0.093020827,0.85583101,1.0880102,141.821,154.30269,False,0.98109025,True,False,False,0.85583101,1.0880102,141.821,154.30269,0.85226095,1.0930142,139.21853,152.16782,0.97384548,0.94580812,27.044374,25.578788,0.75681522,1.2607833,25.988566,32.765949,0.87645854,1.1682876,68.762662,80.334562,0.83635007,1.0960069,75.9116,83.199634,0.84354798,1.0470593,66.124449,69.236216,0.88322509,1.0089228,61.992545,62.545694
0b_rotation_best,file,14,baseline_rotation,1343,025.Pelagic_Cormorant/Pelagic_Cormorant_0054_23812.jpg,25,24,025.Pelagic_Cormorant,23,22,identity,identity,0,{},2.125138,2.125138,0,0.11941648,0.11941648,0.84357679,0.84357679,-0.72416031,-0.72416031,0,1,1,157.17456,157.17456,False,1,True,False,False,1,1,157.17456,157.17456,1,1,152.58554,152.58554,1,1,37.702713,37.702713,1,1,47.746494,47.746494,1,1,70.635412,70.635412,1,1,76.0422,76.0422,1,1,70.213538,70.213538,1,1,72.807282,72.807282
0b_rotation_best,file,14,baseline_rotation,1343,025.Pelagic_Cormorant/Pelagic_Cormorant_0054_23812.jpg,25,24,025.Pelagic_Cormorant,23,22,rotation,rotation,0,"{""angle"":14.15864}",2.125138,3.3265877,1.2014496,0.11941648,0.035915449,0.84357679,0.90444404,-0.72416031,-0.86852859,-0.14436828,0.77015799,1.0835043,157.17456,170.29931,False,0.97292483,True,False,False,0.77015799,1.0835043,157.17456,170.29931,0.75753159,1.0821559,152.58554,165.12134,0.9727853,1.1053566,37.702713,41.674942,0.77327086,0.88560163,47.746494,42.284373,0.81312339,1.0471685,70.635412,73.96718,0.72296376,1.0788159,76.0422,82.03553,0.69913639,1.1102567,70.213538,77.955051,0.79965804,1.1653733,72.807282,84.84766
0b_rotation_best,file,14,baseline_rotation,10014,171.Myrtle_Warbler/Myrtle_Warbler_0026_166680.jpg,171,170,171.Myrtle_Warbler,99,98,identity,identity,0,{},3.7578361,3.7578361,0,0.023334179,0.023334179,0.2469416,0.2469416,-0.22360742,-0.22360742,0,1,1,117.6973,117.6973,False,1,True,False,False,1,1,117.6973,117.6973,1,1,114.45138,114.45138,1,1,27.45061,27.45061,1,1,24.131367,24.131367,1,1,48.945602,48.945602,1,1,63.580613,63.580613,1,1,56.107103,56.107103,1,1,54.13523,54.13523
0b_rotation_best,file,14,baseline_rotation,10014,171.Myrtle_Warbler/Myrtle_Warbler_0026_166680.jpg,171,170,171.Myrtle_Warbler,99,98,rotation,rotation,0,"{""angle"":-5.221658}",3.7578361,3.1424832,-0.61535287,0.023334179,0.043175455,0.2469416,0.2012922,-0.22360742,-0.15811675,0.065490671,0.79959606,1.0603484,117.6973,124.80015,False,0.97265196,True,False,False,0.79959606,1.0603484,117.6973,124.80015,0.78999149,1.0611976,114.45138,121.45553,0.96915232,1.0454766,27.45061,28.698969,0.83119154,1.0833578,24.131367,26.142905,0.77429595,1.0083483,48.945602,49.354216,0.79037316,1.1123337,63.580613,70.72286,0.77300475,1.0757409,56.107103,60.356706,0.81615273,1.0096575,54.13523,54.65804
0b_rotation_best,file,14,baseline_rotation,3605,062.Herring_Gull/Herring_Gull_0065_48098.jpg,62,61,062.Herring_Gull,74,73,identity,identity,0,{},2.1641555,2.1641555,0,0.11484689,0.11484689,0.35412985,0.35412985,-0.23928297,-0.23928297,0,1,1,182.15929,182.15929,False,1,True,False,False,1,1,182.15929,182.15929,1,1,180.3632,180.3632,1,1,25.517123,25.517123,1,1,43.385893,43.385893,1,1,88.505666,88.505666,1,1,98.932628,98.932628,1,1,81.196517,81.196517,1,1,80.216937,80.216937
0b_rotation_best,file,14,baseline_rotation,3605,062.Herring_Gull/Herring_Gull_0065_48098.jpg,62,61,062.Herring_Gull,74,73,rotation,rotation,0,"{""angle"":4.608091}",2.1641555,1.8859344,-0.27822113,0.11484689,0.15168725,0.35412985,0.18039973,-0.23928297,-0.028712481,0.21057048,0.79384066,0.86365248,182.15929,157.32233,False,0.96470785,True,False,False,0.79384066,0.86365248,182.15929,157.32233,0.7906343,0.86198511,180.3632,155.4704,0.94339059,0.94321137,25.517123,24.06804,0.81652666,0.92201571,43.385893,40.002475,0.78325535,0.78115028,88.505666,69.136226,0.7997715,0.92474624,98.932628,91.487576,0.75148452,0.85321326,81.196517,69.277945,0.8241649,0.8474829,80.216937,67.982482
0b_rotation_best,file,14,baseline_rotation,11366,193.Bewick_Wren/Bewick_Wren_0067_184816.jpg,193,192,193.Bewick_Wren,178,177,identity,identity,0,{},0.012182118,0.012182118,0,0.98789179,0.98789179,0.0043749553,0.0043749553,0.98351684,0.98351684,0,1,1,2.0531043,2.0531043,False,0.99999988,True,True,True,1,1,2.0531043,2.0531043,1,1,2.0041125,2.0041125,1,1,0.44583656,0.44583656,1,1,0.36899435,0.36899435,1,1,0.8132662,0.8132662,1,1,1.0768187,1.0768187,1,1,0.99239264,0.99239264,1,1,1.0365938,1.0365938
0b_rotation_best,file,14,baseline_rotation,11366,193.Bewick_Wren/Bewick_Wren_0067_184816.jpg,193,192,193.Bewick_Wren,178,177,rotation,rotation,0,"{""angle"":-1.477489}",0.012182118,0.013318031,0.0011359127,0.98789179,0.98677027,0.0043749553,0.0041352827,0.98351684,0.98263499,-0.00088184839,0.84728277,1.2137432,2.0531043,2.4919413,False,0.98282087,True,True,True,0.84728277,1.2137432,2.0531043,2.4919413,0.84198431,1.2209682,2.0041125,2.4469576,0.97936481,1.0572245,0.44583656,0.47134932,0.76410051,1.3509859,0.36899435,0.49850616,0.7739068,1.4166172,0.8132662,1.1520868,0.8341295,1.2120043,1.0768187,1.3051088,0.85995296,1.1857144,0.99239264,1.1766943,0.91133068,1.1099774,1.0365938,1.1505957
0b_rotation_best,file,14,baseline_rotation,7676,131.Vesper_Sparrow/Vesper_Sparrow_0057_125649.jpg,131,130,131.Vesper_Sparrow,104,103,identity,identity,0,{},0.33200717,0.33200717,0,0.71748221,0.71748221,0.19371207,0.19371207,0.52377014,0.52377014,0,1,1,43.168809,43.168809,False,1,True,True,True,1,1,43.168809,43.168809,1,1,41.87676,41.87676,1,1,10.482511,10.482511,1,1,5.8809087,5.8809087,1,1,18.501916,18.501916,1,1,23.966108,23.966108,1,1,20.737911,20.737911,1,1,19.295642,19.295642
0b_rotation_best,file,14,baseline_rotation,7676,131.Vesper_Sparrow/Vesper_Sparrow_0057_125649.jpg,131,130,131.Vesper_Sparrow,104,103,rotation,rotation,0,"{""angle"":-7.955895}",0.33200717,0.85853255,0.52652538,0.71748221,0.42378351,0.19371207,0.16747129,0.52377014,0.25631222,-0.26745792,0.64318115,2.2123892,43.168809,95.506207,False,0.97004133,True,True,True,0.64318115,2.2123892,43.168809,95.506207,0.63264273,2.2404112,41.87676,93.821161,0.88744878,1.7039121,10.482511,17.861278,0.6050663,3.0510496,5.8809087,17.942944,0.58958605,2.5722168,18.501916,47.590939,0.62562552,2.1632028,23.966108,51.843551,0.62341016,2.0827154,20.737911,43.191166,0.72058716,2.1130014,19.295642,40.771719
0b_rotation_best,file,14,baseline_rotation,10852,185.Bohemian_Waxwing/Bohemian_Waxwing_0039_177702.jpg,185,184,185.Bohemian_Waxwing,56,55,identity,identity,0,{},0.0036457994,0.0036457994,0,0.99636084,0.99636084,0.0014154559,0.0014154559,0.99494538,0.99494538,0,1,1,0.58223484,0.58223484,False,1,True,True,True,1,1,0.58223484,0.58223484,1,1,0.56730731,0.56730731,1,1,0.13099548,0.13099548,1,1,0.11710349,0.11710349,1,1,0.29331998,0.29331998,1,1,0.28861474,0.28861474,1,1,0.2597171,0.2597171,1,1,0.26708859,0.26708859
0b_rotation_best,file,14,baseline_rotation,10852,185.Bohemian_Waxwing/Bohemian_Waxwing_0039_177702.jpg,185,184,185.Bohemian_Waxwing,56,55,rotation,rotation,0,"{""angle"":-3.975545}",0.0036457994,0.0015309054,-0.002114894,0.99636084,0.99847025,0.0014154559,0.00055647612,0.99494538,0.99791377,0.0029683882,0.8692179,0.41129043,0.58223484,0.23946762,False,0.99315673,True,True,True,0.8692179,0.41129043,0.58223484,0.23946762,0.86230343,0.40963763,0.56730731,0.23239042,0.99189648,0.44114356,0.13099548,0.057787811,0.85367658,0.40809468,0.11710349,0.047789311,0.83090249,0.35966384,0.29331998,0.10549659,0.8618492,0.41296029,0.28861474,0.11918643,0.85188259,0.42753615,0.2597171,0.11103845,0.91517215,0.44390628,0.26708859,0.1185623
0b_rotation_best,file,14,baseline_rotation,2635,046.Gadwall/Gadwall_0012_30920.jpg,46,45,046.Gadwall,90,89,identity,identity,0,{},0.0088902134,0.0088902134,0,0.99114919,0.99114919,0.0031771748,0.0031771748,0.98797201,0.98797201,0,1,1,1.7834987,1.7834987,False,1.0000001,True,True,True,1,1,1.7834987,1.7834987,1,1,1.7457399,1.7457399,1,1,0.36504792,0.36504792,1,1,0.44105308,0.44105308,1,1,0.83187264,0.83187264,1,1,0.89365748,0.89365748,1,1,0.82914919,0.82914919,1,1,0.82155686,0.82155686
0b_rotation_best,file,14,baseline_rotation,2635,046.Gadwall/Gadwall_0012_30920.jpg,46,45,046.Gadwall,90,89,rotation,rotation,0,"{""angle"":-3.237533}",0.0088902134,0.0075883707,-0.0013018427,0.99114919,0.99244034,0.0031771748,0.0031182349,0.98797201,0.98932211,0.0013500957,0.86850442,0.89229115,1.7834987,1.5914001,False,0.99024236,True,True,True,0.86850442,0.89229115,1.7834987,1.5914001,0.86360382,0.89360121,1.7457399,1.5599953,0.98526446,0.861787,0.36504792,0.31459355,0.84268121,0.85706775,0.44105308,0.37801238,0.86342013,0.91464031,0.83187264,0.76086424,0.82721059,0.89146091,0.89365748,0.79666071,0.86958214,0.90793929,0.82914919,0.75281713,0.90843848,0.8695755,0.82155686,0.71440571
0b_rotation_best,file,14,baseline_rotation,7837,134.Cape_Glossy_Starling/Cape_Glossy_Starling_0096_129388.jpg,134,133,134.Cape_Glossy_Starling,9,8,identity,identity,0,{},0.13733593,0.13733593,0,0.87167734,0.87167734,0.029344477,0.029344477,0.84233286,0.84233286,0,1,1,17.680885,17.680885,False,1,True,True,True,1,1,17.680885,17.680885,1,1,17.390934,17.390934,1,1,3.1889027,3.1889027,1,1,3.7018481,3.7018481,1,1,8.2528271,8.2528271,1,1,8.5688925,8.5688925,1,1,7.5293302,7.5293302,1,1,9.5139386,9.5139386
0b_rotation_best,file,14,baseline_rotation,7837,134.Cape_Glossy_Starling/Cape_Glossy_Starling_0096_129388.jpg,134,133,134.Cape_Glossy_Starling,9,8,rotation,rotation,0,"{""angle"":-2.497212}",0.13733593,0.17143166,0.034095734,0.87167734,0.84245783,0.029344477,0.087805524,0.84233286,0.75465231,-0.087680556,0.86419882,1.5209209,17.680885,26.891228,False,0.9880296,True,True,True,0.86419882,1.5209209,17.680885,26.891228,0.86146707,1.5212822,17.390934,26.456519,0.94606745,1.5101367,3.1889027,4.8156789,0.81320493,1.8863952,3.7018481,6.9831484,0.86642345,1.538518,8.2528271,12.697123,0.873398,1.6820008,8.5688925,14.412884,0.84366609,1.4883981,7.5293302,11.206641,0.88598175,1.315526,9.5139386,12.515833
0b_rotation_best,file,14,baseline_rotation,9657,165.Chestnut_sided_Warbler/Chestnut_Sided_Warbler_0081_163854.jpg,165,164,165.Chestnut_sided_Warbler,166,165,identity,identity,0,{},0.0018741201,0.0018741201,0,0.99812764,0.99812764,0.00092998327,0.00092998327,0.99719766,0.99719766,0,1,1,0.32293253,0.32293253,False,0.99999982,True,True,True,1,1,0.32293253,0.32293253,1,1,0.31473218,0.31473218,1,1,0.072312356,0.072312356,1,1,0.075031195,0.075031195,1,1,0.1286282,0.1286282,1,1,0.17597993,0.17597993,1,1,0.15218835,0.15218835,1,1,0.15083509,0.15083509
0b_rotation_best,file,14,baseline_rotation,9657,165.Chestnut_sided_Warbler/Chestnut_Sided_Warbler_0081_163854.jpg,165,164,165.Chestnut_sided_Warbler,166,165,rotation,rotation,0,"{""angle"":6.046282}",0.0018741201,0.0025825503,0.00070843019,0.99812764,0.99742079,0.00092998327,0.0011786694,0.99719766,0.99624212,-0.0009555376,0.83534587,1.3388631,0.32293253,0.43236245,False,0.99155092,True,True,True,0.83534587,1.3388631,0.32293253,0.43236245,0.82756231,1.341521,0.31473218,0.42221983,0.98965423,1.2874774,0.072312356,0.093100522,0.77375977,1.2732609,0.075031195,0.095534288,0.78544266,1.4072461,0.1286282,0.18101153,0.83634376,1.2780165,0.17597993,0.22490525,0.80507497,1.3522369,0.15218835,0.2057947,0.88494251,1.3818516,0.15083509,0.2084317
0b_rotation_best,file,14,baseline_rotation,4392,076.Dark_eyed_Junco/Dark_Eyed_Junco_0013_66332.jpg,76,75,076.Dark_eyed_Junco,26,25,identity,identity,0,{},1.0480897,1.0480897,0,0.35060686,0.35060686,0.62680912,0.62680912,-0.27620226,-0.27620226,0,1,1,117.21059,117.21059,False,1,True,False,False,1,1,117.21059,117.21059,1,1,113.22647,113.22647,1,1,30.299969,30.299969,1,1,27.073102,27.073102,1,1,53.674906,53.674906,1,1,55.679798,55.679798,1,1,53.510208,53.510208,1,1,56.944735,56.944735
0b_rotation_best,file,14,baseline_rotation,4392,076.Dark_eyed_Junco/Dark_Eyed_Junco_0013_66332.jpg,76,75,076.Dark_eyed_Junco,26,25,rotation,rotation,0,"{""angle"":-1.712629}",1.0480897,0.77331638,-0.27477336,0.35060686,0.46148008,0.62680912,0.5183394,-0.27620226,-0.056859314,0.21934295,0.88939509,0.87963054,117.21059,103.10201,False,0.99146503,True,False,False,0.88939509,0.87963054,117.21059,103.10201,0.88303314,0.88492916,113.22647,100.19741,0.9914678,0.80199112,30.299969,24.300306,0.82569486,1.0351313,27.073102,28.024216,0.87150725,0.88615305,53.674906,47.564182,0.86801235,0.91619844,55.679798,51.013745,0.89448868,0.86231735,53.510208,46.142781,0.92065644,0.83488183,56.944735,47.542125
0b_rotation_best,file,14,baseline_rotation,225,004.Groove_billed_Ani/Groove_Billed_Ani_0027_1754.jpg,4,3,004.Groove_billed_Ani,27,26,identity,identity,0,{},0.0071350294,0.0071350294,0,0.99289036,0.99289036,0.0019491846,0.0019491846,0.99094117,0.99094117,0,1,1,1.1709769,1.1709769,False,1,True,True,True,1,1,1.1709769,1.1709769,1,1,1.1485112,1.1485112,1,1,0.22827372,0.22827372,1,1,0.24728797,0.24728797,1,1,0.41041571,0.41041571,1,1,0.59056651,0.59056651,1,1,0.59993569,0.59993569,1,1,0.61708498,0.61708498
0b_rotation_best,file,14,baseline_rotation,225,004.Groove_billed_Ani/Groove_Billed_Ani_0027_1754.jpg,4,3,004.Groove_billed_Ani,27,26,rotation,rotation,0,"{""angle"":-4.932019}",0.0071350294,0.02713717,0.02000214,0.99289036,0.97322774,0.0019491846,0.0074750367,0.99094117,0.9657527,-0.025188471,0.80348846,4.5821525,1.1709769,5.3655945,False,0.98246437,True,True,True,0.80348846,4.5821525,1.1709769,5.3655945,0.79834908,4.6043618,1.1485112,5.288161,0.96233269,3.9788717,0.22827372,0.90827184,0.8510602,5.8708668,0.24728797,1.4517947,0.72647318,5.4067475,0.41041571,2.2190141,0.77101683,4.7340423,0.59056651,2.7957669,0.80629068,4.4853954,0.59993569,2.6909488,0.87376118,3.9280196,0.61708498,2.4239219
0b_rotation_best,file,14,baseline_rotation,55,001.Black_footed_Albatross/Black_Footed_Albatross_0007_796138.jpg,1,0,001.Black_footed_Albatross,90,89,identity,identity,0,{},0.046310902,0.046310902,0,0.95474511,0.95474511,0.0041448707,0.0041448707,0.95060024,0.95060024,0,1,1,8.7925292,8.7925292,False,1,True,True,True,1,1,8.7925292,8.7925292,1,1,8.6906953,8.6906953,1,1,1.334311,1.334311,1,1,1.8980946,1.8980946,1,1,4.0427562,4.0427562,1,1,5.1082089,5.1082089,1,1,4.0966678,4.0966678,1,1,3.5644156,3.5644156
0b_rotation_best,file,14,baseline_rotation,55,001.Black_footed_Albatross/Black_Footed_Albatross_0007_796138.jpg,1,0,001.Black_footed_Albatross,90,89,rotation,rotation,0,"{""angle"":11.78078}",0.046310902,0.090462148,0.044151247,0.95474511,0.91350889,0.0041448707,0.0051100557,0.95060024,0.90839884,-0.042201407,0.80424791,1.8907121,8.7925292,16.624141,False,0.97483683,True,True,True,0.80424791,1.8907121,8.7925292,16.624141,0.80038367,1.8907309,8.6906953,16.431766,0.96824925,1.8899109,1.334311,2.5217289,0.81260284,1.7862365,1.8980946,3.3904459,0.78825049,2.024836,4.0427562,8.1859184,0.79361042,1.8046784,5.1082089,9.2186743,0.78922491,1.9037319,4.0966678,7.7989574,0.84647456,1.8963845,3.5644156,6.7595025
0b_rotation_best,file,14,baseline_rotation,4845,083.White_breasted_Kingfisher/White_Breasted_Kingfisher_0018_71137.jpg,83,82,083.White_breasted_Kingfisher,69,68,identity,identity,0,{},0.2181306,0.2181306,0,0.8040204,0.8040204,0.042184953,0.042184953,0.76183545,0.76183545,0,1,1,33.058334,33.058334,False,1,True,True,True,1,1,33.058334,33.058334,1,1,32.703033,32.703033,1,1,4.833738,4.833738,1,1,5.5975775,5.5975775,1,1,13.311596,13.311596,1,1,17.582206,17.582206,1,1,16.89744,16.89744,1,1,16.318685,16.318685
0b_rotation_best,file,14,baseline_rotation,4845,083.White_breasted_Kingfisher/White_Breasted_Kingfisher_0018_71137.jpg,83,82,083.White_breasted_Kingfisher,69,68,rotation,rotation,0,"{""angle"":-4.124921}",0.2181306,0.35495684,0.13682623,0.8040204,0.7012037,0.042184953,0.053998083,0.76183545,0.64720562,-0.11462983,0.86908382,1.4516836,33.058334,47.990242,False,0.98941433,True,True,True,0.86908382,1.4516836,33.058334,47.990242,0.86658682,1.4526743,32.703033,47.506855,0.98766966,1.4055929,4.833738,6.7942679,0.77971655,1.5797122,5.5975775,8.8425615,0.81918203,1.5137349,13.311596,20.150227,0.85240161,1.3875186,17.582206,24.395637,0.86796813,1.4409746,16.89744,24.348782,0.92576163,1.481732,16.318685,24.179918
0b_rotation_best,file,14,baseline_rotation,3657,063.Ivory_Gull/Ivory_Gull_0027_48974.jpg,63,62,063.Ivory_Gull,145,144,identity,identity,0,{},0.92319196,0.92319196,0,0.39724901,0.39724901,0.36684313,0.36684313,0.030405879,0.030405879,0,1,1,116.65975,116.65975,False,0.99999994,True,True,True,1,1,116.65975,116.65975,1,1,114.45063,114.45063,1,1,22.595388,22.595388,1,1,32.331668,32.331668,1,1,45.77787,45.77787,1,1,62.183824,62.183824,1,1,56.294305,56.294305,1,1,54.056625,54.056625
0b_rotation_best,file,14,baseline_rotation,3657,063.Ivory_Gull/Ivory_Gull_0027_48974.jpg,63,62,063.Ivory_Gull,145,144,rotation,rotation,0,"{""angle"":-10.569024}",0.92319196,1.4863093,0.56311733,0.39724901,0.22620597,0.36684313,0.3790729,0.030405879,-0.15286693,-0.18327281,0.74340626,1.1533643,116.65975,134.5512,False,0.97364742,False,True,False,0.74340626,1.1533643,116.65975,134.5512,0.73408196,1.147051,114.45063,131.28071,0.95961653,1.3049381,22.595388,29.485583,0.70311221,1.0393344,32.331668,33.603415,0.72888395,1.1479799,45.77787,52.552073,0.71277159,1.0877817,62.183824,67.642426,0.71342545,1.1570286,56.294305,65.134122,0.79698143,1.244506,54.056625,67.273792
0b_rotation_best,file,14,baseline_rotation,8870,151.Black_capped_Vireo/Black_Capped_Vireo_0018_155868.jpg,151,150,151.Black_capped_Vireo,153,152,identity,identity,0,{},0.2596316,0.2596316,0,0.77133566,0.77133566,0.021809828,0.021809828,0.74952583,0.74952583,0,1,1,25.961667,25.961667,False,0.99999994,True,True,True,1,1,25.961667,25.961667,1,1,25.502849,25.502849,1,1,4.8593092,4.8593092,1,1,6.5763498,6.5763498,1,1,9.9069727,9.9069727,1,1,12.371445,12.371445,1,1,12.525592,12.525592,1,1,14.10871,14.10871
0b_rotation_best,file,14,baseline_rotation,8870,151.Black_capped_Vireo/Black_Capped_Vireo_0018_155868.jpg,151,150,151.Black_capped_Vireo,153,152,rotation,rotation,0,"{""angle"":14.955795}",0.2596316,0.056364529,-0.20326708,0.77133566,0.94519454,0.021809828,0.0029281736,0.74952583,0.94226637,0.19274053,0.7194124,0.25031823,25.961667,6.4986787,False,0.9577226,True,True,True,0.7194124,0.25031823,25.961667,6.4986787,0.71083479,0.25015145,25.502849,6.3795746,0.95142271,0.25486917,4.8593092,1.2384881,0.81878327,0.27955102,6.5763498,1.8384253,0.67409393,0.24747667,9.9069727,2.4517446,0.69665089,0.25247386,12.371445,3.1234664,0.67091545,0.25352268,12.525592,3.1755217,0.74871793,0.24002642,14.10871,3.3864632
0b_rotation_best,file,14,baseline_rotation,9664,165.Chestnut_sided_Warbler/Chestnut_Sided_Warbler_0073_163868.jpg,165,164,165.Chestnut_sided_Warbler,166,165,identity,identity,0,{},0.00093511713,0.00093511713,0,0.99906534,0.99906534,0.00031052498,0.00031052498,0.99875481,0.99875481,0,1,1,0.14261507,0.14261507,False,1.0000001,True,True,True,1,1,0.14261507,0.14261507,1,1,0.13876671,0.13876671,1,1,0.032906802,0.032906802,1,1,0.025135216,0.025135216,1,1,0.060753547,0.060753547,1,1,0.070752182,0.070752182,1,1,0.06718782,0.06718782,1,1,0.0735755,0.0735755
0b_rotation_best,file,14,baseline_rotation,9664,165.Chestnut_sided_Warbler/Chestnut_Sided_Warbler_0073_163868.jpg,165,164,165.Chestnut_sided_Warbler,166,165,rotation,rotation,0,"{""angle"":13.686927}",0.00093511713,0.0055233012,0.0045881841,0.99906534,0.99449193,0.00031052498,0.00042929832,0.99875481,0.99406264,-0.0046921781,0.659725,5.6189234,0.14261507,0.80134316,False,0.97311366,True,True,True,0.659725,5.6189234,0.14261507,0.80134316,0.64702551,5.6657256,0.13876671,0.78621413,0.94219648,4.7096068,0.032906802,0.1549781,0.47612944,6.6455715,0.025135216,0.16703787,0.66326242,5.847031,0.060753547,0.35522787,0.60043642,5.6159144,0.070752182,0.3973382,0.60241502,5.3613542,0.06718782,0.3602177,0.7383846,5.7085793,0.0735755,0.42001158
0b_rotation_best,file,14,baseline_rotation,5922,102.Western_Wood_Pewee/Western_Wood_Pewee_0046_98113.jpg,102,101,102.Western_Wood_Pewee,39,38,identity,identity,0,{},2.0994475,2.0994475,0,0.12252411,0.12252411,0.70818585,0.70818585,-0.58566175,-0.58566175,0,1,1,209.17979,209.17979,False,0.99999994,True,False,False,1,1,209.17979,209.17979,1,1,206.43111,206.43111,1,1,33.799087,33.799087,1,1,37.306792,37.306792,1,1,112.10385,112.10385,1,1,122.30426,122.30426,1,1,89.64969,89.64969,1,1,75.228563,75.228563
0b_rotation_best,file,14,baseline_rotation,5922,102.Western_Wood_Pewee/Western_Wood_Pewee_0046_98113.jpg,102,101,102.Western_Wood_Pewee,39,38,rotation,rotation,0,"{""angle"":-0.479798}",2.0994475,1.2036927,-0.89575481,0.12252411,0.30008405,0.70818585,0.53651685,-0.58566175,-0.23643279,0.34922896,0.95303054,0.88703661,209.17979,185.55013,False,0.99350584,True,False,False,0.95303054,0.88703661,209.17979,185.55013,0.95213597,0.88891638,206.43111,183.5,0.99310497,0.81382021,33.799087,27.506381,0.86793301,0.98482923,37.306792,36.740819,0.95469154,0.91789434,112.10385,102.89949,0.96343815,0.88664231,122.30426,108.44013,0.95001703,0.86420356,89.64969,77.47558,0.9466217,0.83779904,75.228563,63.026417
0b_rotation_best,file,14,baseline_rotation,2094,037.Acadian_Flycatcher/Acadian_Flycatcher_0039_795606.jpg,37,36,037.Acadian_Flycatcher,39,38,identity,identity,0,{},3.3468652,3.3468652,0,0.035194509,0.035194509,0.43070787,0.43070787,-0.39551336,-0.39551336,0,1,1,154.48388,154.48388,False,1,True,False,False,1,1,154.48388,154.48388,1,1,150.38981,150.38981,1,1,35.329514,35.329514,1,1,35.556561,35.556561,1,1,62.81348,62.81348,1,1,74.467234,74.467234,1,1,79.796307,79.796307,1,1,74.124703,74.124703
0b_rotation_best,file,14,baseline_rotation,2094,037.Acadian_Flycatcher/Acadian_Flycatcher_0039_795606.jpg,37,36,037.Acadian_Flycatcher,39,38,rotation,rotation,0,"{""angle"":11.496396}",3.3468652,3.0722167,-0.27464843,0.035194509,0.046318363,0.43070787,0.3548921,-0.39551336,-0.30857374,0.086939622,0.70779503,1.2461195,154.48388,192.50538,False,0.96819615,False,False,False,0.70779503,1.2461195,154.48388,192.50538,0.69999993,1.2566133,150.38981,188.98183,0.8912611,1.0377493,35.329514,36.663178,0.58708249,1.0192227,35.556561,36.240055,0.64081383,1.2639937,62.81348,79.395841,0.67472613,1.3108875,74.467234,97.618163,0.73196914,1.2698817,79.796307,101.33187,0.75802277,1.2290416,74.124703,91.102342
0b_rotation_best,file,14,baseline_rotation,9063,155.Warbling_Vireo/Warbling_Vireo_0104_158800.jpg,155,154,155.Warbling_Vireo,153,152,identity,identity,0,{},4.6084256,4.6084256,0,0.0099675003,0.0099675003,0.87306529,0.87306529,-0.86309779,-0.86309779,0,1,1,181.777,181.777,False,1,True,False,False,1,1,181.777,181.777,1,1,176.76692,176.76692,1,1,42.383185,42.383185,1,1,41.861056,41.861056,1,1,99.009634,99.009634,1,1,93.712754,93.712754,1,1,75.954149,75.954149,1,1,71.695019,71.695019
0b_rotation_best,file,14,baseline_rotation,9063,155.Warbling_Vireo/Warbling_Vireo_0104_158800.jpg,155,154,155.Warbling_Vireo,153,152,rotation,rotation,0,"{""angle"":9.109154}",4.6084256,4.2328076,-0.37561798,0.0099675003,0.014511591,0.87306529,0.96815377,-0.86309779,-0.95364218,-0.090544391,0.83441746,1.0443499,181.777,189.83879,False,0.96243262,True,False,False,0.83441746,1.0443499,181.777,189.83879,0.82760562,1.0471257,176.76692,185.09719,0.96017454,0.99482669,42.383185,42.163924,0.66346606,0.86337917,41.861056,36.141964,0.86685462,0.9642453,99.009634,95.469574,0.84643189,1.1306778,93.712754,105.95893,0.78289634,1.0727414,75.954149,81.479163,0.83568072,1.0780742,71.695019,77.292549
0b_rotation_best,file,14,baseline_rotation,7197,123.Henslow_Sparrow/Henslow_Sparrow_0098_796601.jpg,123,122,123.Henslow_Sparrow,99,98,identity,identity,0,{},1.0748305,1.0748305,0,0.34135562,0.34135562,0.11666295,0.11666295,0.22469267,0.22469267,0,1,1,97.829629,97.829629,False,1.0000001,True,True,True,1,1,97.829629,97.829629,1,1,96.353194,96.353194,1,1,16.932163,16.932163,1,1,14.571385,14.571385,1,1,37.224193,37.224193,1,1,57.450096,57.450096,1,1,47.370495,47.370495,1,1,46.276289,46.276289
0b_rotation_best,file,14,baseline_rotation,7197,123.Henslow_Sparrow/Henslow_Sparrow_0098_796601.jpg,123,122,123.Henslow_Sparrow,99,98,rotation,rotation,0,"{""angle"":-14.781661}",1.0748305,1.2269512,0.15212071,0.34135562,0.29318506,0.11666295,0.36660221,0.22469267,-0.073417157,-0.29810983,0.69682468,1.2341744,97.829629,120.73882,False,0.97016358,False,True,False,0.69682468,1.2341744,97.829629,120.73882,0.69011446,1.2341802,96.353194,118.91721,0.91415107,1.2339853,16.932163,20.894041,0.52509351,1.0869895,14.571385,15.838943,0.55746563,1.2516565,37.224193,46.591902,0.73899975,1.2539949,57.450096,72.042128,0.6884075,1.2494489,47.370495,59.187014,0.71908332,1.1887992,46.276289,55.013218
0b_rotation_best,file,14,baseline_rotation,4604,079.Belted_Kingfisher/Belted_Kingfisher_0111_70375.jpg,79,78,079.Belted_Kingfisher,52,51,identity,identity,0,{},2.0403888,2.0403888,0,0.12997815,0.12997815,0.046797726,0.046797726,0.083180424,0.083180424,0,1,1,112.37441,112.37441,False,0.99999994,True,True,True,1,1,112.37441,112.37441,1,1,110.54998,110.54998,1,1,20.167062,20.167062,1,1,21.704811,21.704811,1,1,52.365215,52.365215,1,1,54.864382,54.864382,1,1,54.422888,54.422888,1,1,55.101105,55.101105
0b_rotation_best,file,14,baseline_rotation,4604,079.Belted_Kingfisher/Belted_Kingfisher_0111_70375.jpg,79,78,079.Belted_Kingfisher,52,51,rotation,rotation,0,"{""angle"":-12.911794}",2.0403888,0.69523937,-1.3451495,0.12997815,0.49895498,0.046797726,0.0064026043,0.083180424,0.49255238,0.40937195,0.70830818,0.64540144,112.37441,72.526606,False,0.94875163,True,True,True,0.70830818,0.64540144,112.37441,72.526606,0.7003679,0.64438355,110.54998,71.236586,0.93674271,0.67527296,20.167062,13.618271,0.66949382,0.80591353,21.704811,17.492201,0.71932415,0.59857537,52.365215,31.344528,0.67034723,0.62573933,54.864382,34.330802,0.70003376,0.65991478,54.422888,35.914468,0.72482169,0.65880191,55.101105,36.300713
0b_rotation_best,file,14,baseline_rotation,10665,182.Yellow_Warbler/Yellow_Warbler_0121_176402.jpg,182,181,182.Yellow_Warbler,180,179,identity,identity,0,{},0.73716879,0.73716879,0,0.47846663,0.47846663,0.2878139,0.2878139,0.19065273,0.19065273,0,1,1,76.815045,76.815045,False,1.0000002,True,True,True,1,1,76.815045,76.815045,1,1,75.50563,75.50563,1,1,14.122715,14.122715,1,1,22.505582,22.505582,1,1,34.622466,34.622466,1,1,37.831589,37.831589,1,1,38.651443,38.651443,1,1,32.721867,32.721867
0b_rotation_best,file,14,baseline_rotation,10665,182.Yellow_Warbler/Yellow_Warbler_0121_176402.jpg,182,181,182.Yellow_Warbler,180,179,rotation,rotation,0,"{""angle"":8.216679}",0.73716879,0.99602658,0.25885779,0.47846663,0.36934409,0.2878139,0.45942113,0.19065273,-0.090077043,-0.28072977,0.80107802,1.2875617,76.815045,98.904114,False,0.97780341,False,True,False,0.80107802,1.2875617,76.815045,98.904114,0.79486324,1.2848066,75.50563,97.010129,0.9697923,1.3639645,14.122715,19.262882,0.81620508,1.1986084,22.505582,26.97538,0.77494136,1.3133235,34.622466,45.4705,0.76332456,1.3922534,37.831589,52.671157,0.80461884,1.2155787,38.651443,46.983871,0.850157,1.2353414,32.721867,40.422677
0b_rotation_best,file,14,baseline_rotation,8730,149.Brown_Thrasher/Brown_Thrasher_0052_155254.jpg,149,148,149.Brown_Thrasher,150,149,identity,identity,0,{},0.46308142,0.46308142,0,0.62934142,0.62934142,0.15268271,0.15268271,0.47665872,0.47665872,0,1,1,47.160839,47.160839,False,1,True,True,True,1,1,47.160839,47.160839,1,1,46.032785,46.032785,1,1,10.253164,10.253164,1,1,10.66138,10.66138,1,1,20.419433,20.419433,1,1,22.874159,22.874159,1,1,21.720571,21.720571,1,1,24.35957,24.35957
0b_rotation_best,file,14,baseline_rotation,8730,149.Brown_Thrasher/Brown_Thrasher_0052_155254.jpg,149,148,149.Brown_Thrasher,150,149,rotation,rotation,0,"{""angle"":-2.787799}",0.46308142,0.2741698,-0.18891162,0.62934142,0.760203,0.15268271,0.13514836,0.47665872,0.62505464,0.14839593,0.89556341,0.6485098,47.160839,30.584266,False,0.9914999,True,True,True,0.89556341,0.6485098,47.160839,30.584266,0.89097191,0.64438842,46.032785,29.662994,0.98376179,0.72661551,10.253164,7.4501079,0.76405047,0.69503279,10.66138,7.410009,0.90597596,0.61152471,20.419433,12.486988,0.87555579,0.62455763,22.874159,14.286231,0.88988798,0.644328,21.720571,13.995172,0.92242678,0.67342047,24.35957,16.404233
0b_rotation_best,file,14,baseline_rotation,6794,117.Clay_colored_Sparrow/Clay_Colored_Sparrow_0002_110606.jpg,117,116,117.Clay_colored_Sparrow,132,131,identity,identity,0,{},0.12746802,0.12746802,0,0.88032156,0.88032156,0.03617999,0.03617999,0.84414157,0.84414157,0,1,1,23.573803,23.573803,False,0.99999994,True,True,True,1,1,23.573803,23.573803,1,1,23.281723,23.281723,1,1,3.6993957,3.6993957,1,1,4.8729584,4.8729584,1,1,10.884692,10.884692,1,1,13.573898,13.573898,1,1,10.965024,10.965024,1,1,9.763911,9.763911
0b_rotation_best,file,14,baseline_rotation,6794,117.Clay_colored_Sparrow/Clay_Colored_Sparrow_0002_110606.jpg,117,116,117.Clay_colored_Sparrow,132,131,rotation,rotation,0,"{""angle"":-10.606434}",0.12746802,0.10284148,-0.024626538,0.88032156,0.90226996,0.03617999,0.025169965,0.84414157,0.87709999,0.032958422,0.82529477,0.93695649,23.573803,22.087627,False,0.970653,True,True,True,0.82529477,0.93695649,23.573803,22.087627,0.82238306,0.93816704,23.281723,21.842146,0.94840963,0.88768413,3.6993957,3.2838949,0.80081655,0.83634465,4.8729584,4.0754727,0.82705431,0.89771299,10.884692,9.7713293,0.8427569,0.99863699,13.573898,13.555396,0.78824434,0.90610156,10.965024,9.9354251,0.8274192,0.93042393,9.763911,9.0845764
0b_rotation_best,file,14,baseline_rotation,11456,195.Carolina_Wren/Carolina_Wren_0128_186581.jpg,195,194,195.Carolina_Wren,199,198,identity,identity,0,{},0.0047810045,0.0047810045,0,0.99523038,0.99523038,0.0026414446,0.0026414446,0.99258893,0.99258893,0,1,1,1.0404673,1.0404673,False,0.99999994,True,True,True,1,1,1.0404673,1.0404673,1,1,1.0278994,1.0278994,1,1,0.16122941,0.16122941,1,1,0.21291448,0.21291448,1,1,0.50598336,0.50598336,1,1,0.62097751,0.62097751,1,1,0.43466628,0.43466628,1,1,0.42506193,0.42506193
0b_rotation_best,file,14,baseline_rotation,11456,195.Carolina_Wren/Carolina_Wren_0128_186581.jpg,195,194,195.Carolina_Wren,199,198,rotation,rotation,0,"{""angle"":-12.625443}",0.0047810045,0.0015932735,-0.003187731,0.99523038,0.99840802,0.0026414446,0.0007810074,0.99258893,0.99762701,0.00503808,0.81755492,0.30207158,1.0404673,0.31429559,False,0.9750042,True,True,True,0.81755492,0.30207158,1.0404673,0.31429559,0.81357535,0.30119311,1.0278994,0.30959622,0.96734103,0.33583832,0.16122941,0.054147015,0.61122805,0.30669944,0.21291448,0.065300753,0.7767497,0.28166711,0.50598336,0.14251887,0.85072922,0.29576299,0.62097751,0.18366217,0.79666486,0.31792837,0.43466628,0.13819274,0.85774197,0.31951177,0.42506193,0.13581229
0b_rotation_best,file,14,baseline_rotation,10255,175.Pine_Warbler/Pine_Warbler_0032_172080.jpg,175,174,175.Pine_Warbler,157,156,identity,identity,0,{},0.005345575,0.005345575,0,0.99466866,0.99466866,0.0021861352,0.0021861352,0.99248253,0.99248253,0,1,1,0.93941183,0.93941183,False,1,True,True,True,1,1,0.93941183,0.93941183,1,1,0.92381571,0.92381571,1,1,0.17046734,0.17046734,1,1,0.1753195,0.1753195,1,1,0.4653947,0.4653947,1,1,0.49466265,0.49466265,1,1,0.42375498,0.42375498,1,1,0.4264351,0.4264351
0b_rotation_best,file,14,baseline_rotation,10255,175.Pine_Warbler/Pine_Warbler_0032_172080.jpg,175,174,175.Pine_Warbler,157,156,rotation,rotation,0,"{""angle"":-11.100921}",0.005345575,0.010497237,0.0051516616,0.99466866,0.98955768,0.0021861352,0.0073042121,0.99248253,0.98225347,-0.010229056,0.77462879,2.1656065,0.93941183,2.0343964,False,0.97859132,True,True,True,0.77462879,2.1656065,0.93941183,2.0343964,0.76839357,2.161953,0.92381571,1.9972461,0.94990635,2.2702879,0.17046734,0.38700994,0.73119148,2.4875125,0.1753195,0.43610945,0.83462612,2.4003261,0.4653947,1.117099,0.77847822,2.1579632,0.49466265,1.0674638,0.69115985,2.0241389,0.42375498,0.85773895,0.75785264,1.9276247,0.4264351,0.82200685
0b_rotation_best,file,14,baseline_rotation,10426,177.Prothonotary_Warbler/Prothonotary_Warbler_0045_173536.jpg,177,176,177.Prothonotary_Warbler,161,160,identity,identity,0,{},0.0086758584,0.0086758584,0,0.99136168,0.99136168,0.0052191368,0.0052191368,0.98614254,0.98614254,0,1,1,1.3510237,1.3510237,False,1,True,True,True,1,1,1.3510237,1.3510237,1,1,1.3147893,1.3147893,1,1,0.31079595,0.31079595,1,1,0.28199848,0.28199848,1,1,0.48091252,0.48091252,1,1,0.6691174,0.6691174,1,1,0.66389187,0.66389187,1,1,0.72759911,0.72759911
0b_rotation_best,file,14,baseline_rotation,10426,177.Prothonotary_Warbler/Prothonotary_Warbler_0045_173536.jpg,177,176,177.Prothonotary_Warbler,161,160,rotation,rotation,0,"{""angle"":3.480026}",0.0086758584,0.021923102,0.013247244,0.99136168,0.97831547,0.0052191368,0.017249824,0.98614254,0.96106565,-0.025076893,0.80531747,3.1958366,1.3510237,4.317651,False,0.99131113,True,True,True,0.80531747,3.1958366,1.3510237,4.317651,0.79801736,3.2239271,1.3147893,4.2387849,0.97990635,2.6431164,0.31079595,0.82146986,0.62354283,3.5921155,0.28199848,1.0129711,0.69900108,3.8762858,0.48091252,1.8641544,0.78472894,3.4177539,0.6691174,2.2868786,0.82453155,3.0612488,0.66389187,2.0323382,0.90168157,2.7849167,0.72759911,2.0263029
0b_rotation_best,file,14,baseline_rotation,7265,124.Le_Conte_Sparrow/Le_Conte_Sparrow_0067_117146.jpg,124,123,124.Le_Conte_Sparrow,123,122,identity,identity,0,{},0.26915294,0.26915294,0,0.7640264,0.7640264,0.12552999,0.12552999,0.63849641,0.63849641,0,1,1,36.469577,36.469577,False,1,True,True,True,1,1,36.469577,36.469577,1,1,35.852589,35.852589,1,1,6.6799625,6.6799625,1,1,5.1269689,5.1269689,1,1,18.252941,18.252941,1,1,20.333906,20.333906,1,1,16.713567,16.713567,1,1,15.268969,15.268969
0b_rotation_best,file,14,baseline_rotation,7265,124.Le_Conte_Sparrow/Le_Conte_Sparrow_0067_117146.jpg,124,123,124.Le_Conte_Sparrow,123,122,rotation,rotation,0,"{""angle"":4.934949}",0.26915294,0.16348214,-0.10567079,0.7640264,0.84918165,0.12552999,0.053203411,0.63849641,0.79597824,0.15748183,0.85718334,0.62113352,36.469577,22.652477,False,0.9777323,True,True,True,0.85718334,0.62113352,36.469577,22.652477,0.85355039,0.62154879,35.852589,22.284134,0.96415534,0.60904936,6.6799625,4.0684268,0.68301349,0.61963821,5.1269689,3.1768658,0.85594639,0.59220434,18.252941,10.809471,0.85506991,0.62018526,20.333906,12.610789,0.8551335,0.64595142,16.713567,10.796152,0.866861,0.63516249,15.268969,9.6982761
0b_rotation_best,file,14,baseline_rotation,10209,174.Palm_Warbler/Palm_Warbler_0095_170610.jpg,174,173,174.Palm_Warbler,179,178,identity,identity,0,{},0.16438055,0.16438055,0,0.84841907,0.84841907,0.045355361,0.045355361,0.80306371,0.80306371,0,1,1,36.115631,36.115631,False,1,True,True,True,1,1,36.115631,36.115631,1,1,35.789526,35.789526,1,1,4.8423774,4.8423774,1,1,9.3686827,9.3686827,1,1,18.625526,18.625526,1,1,22.471159,22.471159,1,1,14.232691,14.232691,1,1,11.776473,11.776473
0b_rotation_best,file,14,baseline_rotation,10209,174.Palm_Warbler/Palm_Warbler_0095_170610.jpg,174,173,174.Palm_Warbler,179,178,rotation,rotation,0,"{""angle"":-12.788114}",0.16438055,0.28521627,0.12083572,0.84841907,0.75185162,0.045355361,0.02943602,0.80306371,0.7224156,-0.080648111,0.80665967,1.9151926,36.115631,69.16839,False,0.96264219,True,True,True,0.80665967,1.9151926,36.115631,69.16839,0.80493837,1.9181199,35.789526,68.648603,0.91327617,1.7478555,4.8423774,8.4637761,0.78243599,2.4189867,9.3686827,22.662719,0.79168175,1.9445439,18.625526,36.218152,0.85614882,1.8243576,22.471159,40.995429,0.76062502,1.9105939,14.232691,27.192892,0.76368427,1.8354207,11.776473,21.614782
0b_rotation_best,file,14,baseline_rotation,7740,132.White_crowned_Sparrow/White_Crowned_Sparrow_0057_127927.jpg,132,131,132.White_crowned_Sparrow,133,132,identity,identity,0,{},0.031139998,0.031139998,0,0.96933985,0.96933985,0.015197633,0.015197633,0.95414221,0.95414221,0,1,1,4.3852898,4.3852898,False,1,True,True,True,1,1,4.3852898,4.3852898,1,1,4.2784942,4.2784942,1,1,0.96190139,0.96190139,1,1,0.74441857,0.74441857,1,1,1.8111655,1.8111655,1,1,2.2534945,2.2534945,1,1,2.0266006,2.0266006,1,1,2.2990619,2.2990619
0b_rotation_best,file,14,baseline_rotation,7740,132.White_crowned_Sparrow/White_Crowned_Sparrow_0057_127927.jpg,132,131,132.White_crowned_Sparrow,133,132,rotation,rotation,0,"{""angle"":-11.232876}",0.031139998,0.0070757284,-0.024064269,0.96933985,0.99294925,0.015197633,0.0040353574,0.95414221,0.98891389,0.034771675,0.74961441,0.24741902,4.3852898,1.0850041,False,0.97543186,True,True,True,0.74961441,0.24741902,4.3852898,1.0850041,0.73799836,0.24703658,4.2784942,1.0569446,0.97271589,0.25486723,0.96190139,0.24515715,0.76862165,0.32899026,0.74441857,0.24490646,0.71988288,0.23676892,1.8111655,0.4288277,0.71687696,0.24450026,2.2534945,0.55098,0.7093072,0.25210658,2.0266006,0.51091936,0.79353274,0.24164444,2.2990619,0.55555552
0b_rotation_best,file,14,baseline_rotation,1974,035.Purple_Finch/Purple_Finch_0053_27543.jpg,35,34,035.Purple_Finch,56,55,identity,identity,0,{},0.032932255,0.032932255,0,0.9676041,0.9676041,0.014140325,0.014140325,0.95346378,0.95346378,0,1,1,6.1272766,6.1272766,False,1,True,True,True,1,1,6.1272766,6.1272766,1,1,6.0475114,6.0475114,1,1,0.98545611,0.98545611,1,1,1.8914565,1.8914565,1,1,3.0690438,3.0690438,1,1,2.8929276,2.8929276,1,1,2.732049,2.732049,1,1,2.7825592,2.7825592
0b_rotation_best,file,14,baseline_rotation,1974,035.Purple_Finch/Purple_Finch_0053_27543.jpg,35,34,035.Purple_Finch,56,55,rotation,rotation,0,"{""angle"":13.594469}",0.032932255,0.020548206,-0.01238405,0.9676041,0.97966146,0.014140325,0.0095327953,0.95346378,0.97012867,0.016664893,0.82064194,0.7013306,6.1272766,4.2972466,False,0.97059977,True,True,True,0.82064194,0.7013306,6.1272766,4.2972466,0.81697263,0.70038848,6.0475114,4.2356074,0.95313184,0.73593309,0.98545611,0.72522976,0.90540391,0.62070008,1.8914565,1.1740272,0.84715327,0.69850767,3.0690438,2.1437507,0.79654044,0.73902426,2.8929276,2.1379437,0.77416166,0.7007743,2.732049,1.9145497,0.81252483,0.69408629,2.7825592,1.9313362
0b_rotation_best,file,14,baseline_rotation,10503,179.Tennessee_Warbler/Tennessee_Warbler_0063_168561.jpg,179,178,179.Tennessee_Warbler,154,153,identity,identity,0,{},0.88839096,0.88839096,0,0.41131705,0.41131705,0.3497918,0.3497918,0.061525255,0.061525255,0,1,1,115.47561,115.47561,False,1,True,True,True,1,1,115.47561,115.47561,1,1,113.64318,113.64318,1,1,20.490076,20.490076,1,1,27.913596,27.913596,1,1,61.847549,61.847549,1,1,65.317551,65.317551,1,1,47.445514,47.445514,1,1,42.344125,42.344125
0b_rotation_best,file,14,baseline_rotation,10503,179.Tennessee_Warbler/Tennessee_Warbler_0063_168561.jpg,179,178,179.Tennessee_Warbler,154,153,rotation,rotation,0,"{""angle"":-14.478511}",0.88839096,2.1480703,1.2596794,0.41131705,0.11670914,0.3497918,0.60082668,0.061525255,-0.48411754,-0.54564279,0.80812117,1.4923576,115.47561,172.33089,False,0.9550432,False,True,False,0.80812117,1.4923576,115.47561,172.33089,0.80365148,1.4937732,113.64318,169.75714,0.95032333,1.4481347,20.490076,29.672391,0.74445121,1.6553448,27.913596,46.206627,0.857527,1.4690673,61.847549,90.85821,0.81775981,1.4864365,65.317551,97.090391,0.74126368,1.5005914,47.445514,71.196329,0.7664227,1.4808131,42.344125,62.703737
0b_rotation_best,file,14,baseline_rotation,8679,148.Green_tailed_Towhee/Green_Tailed_Towhee_0094_797396.jpg,148,147,148.Green_tailed_Towhee,174,173,identity,identity,0,{},0.0050901347,0.0050901347,0,0.99492282,0.99492282,0.0011537102,0.0011537102,0.99376911,0.99376911,0,1,1,0.98930108,0.98930108,False,1,True,True,True,1,1,0.98930108,0.98930108,1,1,0.97466734,0.97466734,1,1,0.16952936,0.16952936,1,1,0.23205152,0.23205152,1,1,0.43429223,0.43429223,1,1,0.54029222,0.54029222,1,1,0.45809778,0.45809778,1,1,0.4535962,0.4535962
0b_rotation_best,file,14,baseline_rotation,8679,148.Green_tailed_Towhee/Green_Tailed_Towhee_0094_797396.jpg,148,147,148.Green_tailed_Towhee,174,173,rotation,rotation,0,"{""angle"":-3.790317}",0.0050901347,0.014028748,0.0089386129,0.99492282,0.9860692,0.0011537102,0.0022029597,0.99376911,0.98386624,-0.0099028639,0.86201309,2.7258813,0.98930108,2.6967173,False,0.98219997,True,True,True,0.86201309,2.7258813,0.98930108,2.6967173,0.8587286,2.7294062,0.97466734,2.6602631,0.97657593,2.6066874,0.16952936,0.44191006,0.86634178,2.2735315,0.23205152,0.52757644,0.85090137,2.9064143,0.43429223,1.2622331,0.85603916,2.7751621,0.54029222,1.4993985,0.84214759,2.7475814,0.45809778,1.2586609,0.89369798,2.5832535,0.4535962,1.171754
0b_rotation_best,file,14,baseline_rotation,5721,098.Scott_Oriole/Scott_Oriole_0077_795831.jpg,98,97,098.Scott_Oriole,16,15,identity,identity,0,{},3.1733041,3.1733041,0,0.041865043,0.041865043,0.49250504,0.49250504,-0.45064,-0.45064,0,1,1,150.76387,150.76387,False,1,True,False,False,1,1,150.76387,150.76387,1,1,148.29093,148.29093,1,1,27.194546,27.194546,1,1,42.197813,42.197813,1,1,56.966382,56.966382,1,1,74.00557,74.00557,1,1,76.148091,76.148091,1,1,75.425592,75.425592
0b_rotation_best,file,14,baseline_rotation,5721,098.Scott_Oriole/Scott_Oriole_0077_795831.jpg,98,97,098.Scott_Oriole,16,15,rotation,rotation,0,"{""angle"":-14.710288}",3.1733041,2.1586928,-1.0146112,0.041865043,0.11547597,0.49250504,0.36557773,-0.45064,-0.25010176,0.20053824,0.72459386,1.0438738,150.76387,157.37845,False,0.95455742,True,False,False,0.72459386,1.0438738,150.76387,157.37845,0.71749791,1.0455538,148.29093,155.04615,0.94779047,0.99262042,27.194546,26.993862,0.60263295,1.0420097,42.197813,43.970529,0.70878888,1.1769027,56.966382,67.043888,0.692238,1.0713829,74.00557,79.288303,0.73481851,0.97791188,76.148091,74.466122,0.77482982,1.0078928,75.425592,76.020912
0b_rotation_best,file,14,baseline_rotation,545,011.Rusty_Blackbird/Rusty_Blackbird_0113_6664.jpg,11,10,011.Rusty_Blackbird,22,21,identity,identity,0,{},1.1484853,1.1484853,0,0.31711674,0.31711674,0.24007241,0.24007241,0.077044323,0.077044323,0,1,1,148.45366,148.45366,False,1,True,True,True,1,1,148.45366,148.45366,1,1,146.87761,146.87761,1,1,21.574452,21.574452,1,1,26.963918,26.963918,1,1,65.049205,65.049205,1,1,80.947972,80.947972,1,1,78.001554,78.001554,1,1,63.069519,63.069519
0b_rotation_best,file,14,baseline_rotation,545,011.Rusty_Blackbird/Rusty_Blackbird_0113_6664.jpg,11,10,011.Rusty_Blackbird,22,21,rotation,rotation,0,"{""angle"":9.64582}",1.1484853,0.53894764,-0.60953766,0.31711674,0.58336186,0.24007241,0.1080442,0.077044323,0.47531766,0.39827334,0.78365825,0.66668136,148.45366,98.971289,False,0.95547807,True,True,True,0.78365825,0.66668136,148.45366,98.971289,0.78061776,0.66816823,146.87761,98.138953,0.94763081,0.5936959,21.574452,12.808664,0.76187446,0.84440588,26.963918,22.768491,0.78335862,0.78397719,65.049205,50.997093,0.77606614,0.67798696,80.947972,54.881669,0.78946771,0.58225745,78.001554,45.416986,0.81184284,0.6011409,63.069519,37.913667
0b_rotation_best,file,14,baseline_rotation,8129,139.Scarlet_Tanager/Scarlet_Tanager_0083_138500.jpg,139,138,139.Scarlet_Tanager,42,41,identity,identity,0,{},0.0039094463,0.0039094463,0,0.99609816,0.99609816,0.0022075714,0.0022075714,0.99389059,0.99389059,0,1,1,0.49188479,0.49188479,False,0.99999994,True,True,True,1,1,0.49188479,0.49188479,1,1,0.47493502,0.47493502,1,1,0.12801316,0.12801316,1,1,0.098127335,0.098127335,1,1,0.18754525,0.18754525,1,1,0.20871049,0.20871049,1,1,0.23364117,0.23364117,1,1,0.28742445,0.28742445
0b_rotation_best,file,14,baseline_rotation,8129,139.Scarlet_Tanager/Scarlet_Tanager_0083_138500.jpg,139,138,139.Scarlet_Tanager,42,41,rotation,rotation,0,"{""angle"":0.887943}",0.0039094463,0.0019382515,-0.0019711948,0.99609816,0.99806362,0.0022075714,0.0010345485,0.99389059,0.99702908,0.0031384861,0.92461574,0.49629673,0.49188479,0.24412081,False,0.99632078,True,True,True,0.92461574,0.49629673,0.49188479,0.24412081,0.91933572,0.49525336,0.47493502,0.23521317,0.99552236,0.51044138,0.12801316,0.065343217,0.89576064,0.52383771,0.098127335,0.051402799,0.86935125,0.46302725,0.18754525,0.086838564,0.89270832,0.49404593,0.20871049,0.10311257,0.92101956,0.51062987,0.23364117,0.11930416,0.95628656,0.49541751,0.28742445,0.14239511
0b_rotation_best,file,14,baseline_rotation,2176,039.Least_Flycatcher/Least_Flycatcher_0024_30230.jpg,39,38,039.Least_Flycatcher,43,42,identity,identity,0,{},1.9234298,1.9234298,0,0.14610498,0.14610498,0.22093312,0.22093312,-0.074828148,-0.074828148,0,1,1,134.18469,134.18469,False,0.99999988,True,False,False,1,1,134.18469,134.18469,1,1,131.57026,131.57026,1,1,26.35902,26.35902,1,1,29.325453,29.325453,1,1,68.346549,68.346549,1,1,70.877722,70.877722,1,1,62.092257,62.092257,1,1,53.855357,53.855357
0b_rotation_best,file,14,baseline_rotation,2176,039.Least_Flycatcher/Least_Flycatcher_0024_30230.jpg,39,38,039.Least_Flycatcher,43,42,rotation,rotation,0,"{""angle"":-11.297233}",1.9234298,0.61540532,-1.3080245,0.14610498,0.54042184,0.22093312,0.20747496,-0.074828148,0.33294688,0.40777503,0.75806319,0.5493781,134.18469,73.718129,False,0.96814871,False,False,True,0.75806319,0.5493781,134.18469,73.718129,0.75023666,0.54837987,131.57026,72.150479,0.94519771,0.57368844,26.35902,15.121865,0.80009651,0.54024981,29.325453,15.843071,0.78324868,0.51250187,68.346549,35.027734,0.71506313,0.56472169,70.877722,40.026187,0.7298314,0.55889934,62.092257,34.703321,0.77922102,0.56361016,53.855357,30.353426
0b_rotation_best,file,14,baseline_rotation,1034,019.Gray_Catbird/Gray_Catbird_0050_20763.jpg,19,18,019.Gray_Catbird,155,154,identity,identity,0,{},0.0016856284,0.0016856284,0,0.99831581,0.99831581,0.00042338867,0.00042338867,0.99789242,0.99789242,0,1,1,0.30785515,0.30785515,False,1,True,True,True,1,1,0.30785515,0.30785515,1,1,0.30197233,0.30197233,1,1,0.059895772,0.059895772,1,1,0.069627624,0.069627624,1,1,0.13777689,0.13777689,1,1,0.16589584,0.16589584,1,1,0.14190563,0.14190563,1,1,0.14035019,0.14035019
0b_rotation_best,file,14,baseline_rotation,1034,019.Gray_Catbird/Gray_Catbird_0050_20763.jpg,19,18,019.Gray_Catbird,155,154,rotation,rotation,0,"{""angle"":-1.733731}",0.0016856284,0.0034165364,0.0017309079,0.99831581,0.9965893,0.00042338867,0.00054492749,0.99789242,0.99604438,-0.001848047,0.87851589,2.1222352,0.30785515,0.65334103,False,0.98927617,True,True,True,0.87851589,2.1222352,0.30785515,0.65334103,0.87501121,2.1287575,0.30197233,0.64282588,0.97910406,1.9491357,0.059895772,0.11674498,0.80287921,2.0990585,0.069627624,0.14615245,0.84997898,2.0235858,0.13777689,0.27880336,0.8762933,2.2649398,0.16589584,0.37574409,0.87824412,2.1052558,0.14190563,0.29874764,0.91560354,2.0613341,0.14035019,0.28930863
0b_rotation_best,file,14,baseline_rotation,4167,072.Pomarine_Jaeger/Pomarine_Jaeger_0006_795775.jpg,72,71,072.Pomarine_Jaeger,71,70,identity,identity,0,{},0.073912188,0.073912188,0,0.92875326,0.92875326,0.02538437,0.02538437,0.90336889,0.90336889,0,1,1,14.062181,14.062181,False,0.99999994,True,True,True,1,1,14.062181,14.062181,1,1,13.864782,13.864782,1,1,2.3479265,2.3479265,1,1,3.5999618,3.5999618,1,1,6.2734298,6.2734298,1,1,7.4510292,7.4510292,1,1,6.7614782,6.7614782,1,1,6.2194143,6.2194143
0b_rotation_best,file,14,baseline_rotation,4167,072.Pomarine_Jaeger/Pomarine_Jaeger_0006_795775.jpg,72,71,072.Pomarine_Jaeger,71,70,rotation,rotation,0,"{""angle"":-8.048789}",0.073912188,0.037216641,-0.036695547,0.92875326,0.96346736,0.02538437,0.013686595,0.90336889,0.94978076,0.046411878,0.83110027,0.54528704,14.062181,7.6679252,False,0.97006297,True,True,True,0.83110027,0.54528704,14.062181,7.6679252,0.82725114,0.54532757,13.864782,7.560848,0.96568326,0.54387167,2.3479265,1.2769707,0.83177991,0.70963187,3.5999618,2.5546476,0.83245527,0.57727398,6.2734298,3.6214878,0.83400428,0.53319361,7.4510292,3.9728411,0.80612253,0.50260622,6.7614782,3.398361,0.85349319,0.51332821,6.2194143,3.1926008
0b_rotation_best,file,14,baseline_rotation,5465,094.White_breasted_Nuthatch/White_Breasted_Nuthatch_0094_86156.jpg,94,93,094.White_breasted_Nuthatch,59,58,identity,identity,0,{},0.18171047,0.18171047,0,0.83384275,0.83384275,0.012559595,0.012559595,0.82128316,0.82128316,0,1,1,34.096547,34.096547,False,1,True,True,True,1,1,34.096547,34.096547,1,1,33.86623,33.86623,1,1,3.9563837,3.9563837,1,1,8.1695098,8.1695098,1,1,18.329305,18.329305,1,1,18.265479,18.265479,1,1,15.374372,15.374372,1,1,13.199174,13.199174
0b_rotation_best,file,14,baseline_rotation,5465,094.White_breasted_Nuthatch/White_Breasted_Nuthatch_0094_86156.jpg,94,93,094.White_breasted_Nuthatch,59,58,rotation,rotation,0,"{""angle"":4.976136}",0.18171047,0.31634745,0.13463698,0.83384275,0.7288062,0.012559595,0.035834126,0.82128316,0.69297207,-0.12831109,0.89368601,1.5809726,34.096547,53.905708,False,0.98003292,True,True,True,0.89368601,1.5809726,34.096547,53.905708,0.89249519,1.5795738,33.86623,53.494209,0.97739272,1.6803048,3.9563837,6.6479306,0.90635402,1.5569534,8.1695098,12.719546,0.93331222,1.6585989,18.329305,30.400966,0.88014608,1.4971132,18.265479,27.345489,0.85859404,1.5659958,15.374372,24.076201,0.87752579,1.6039181,13.199174,21.170393
0b_rotation_best,file,14,baseline_rotation,6768,116.Chipping_Sparrow/Chipping_Sparrow_0037_109851.jpg,116,115,116.Chipping_Sparrow,117,116,identity,identity,0,{},0.039031185,0.039031185,0,0.96172071,0.96172071,0.011518624,0.011518624,0.95020208,0.95020208,0,1,1,6.503597,6.503597,False,1.0000001,True,True,True,1,1,6.503597,6.503597,1,1,6.3470629,6.3470629,1,1,1.4182969,1.4182969,1,1,0.96910077,0.96910077,1,1,3.0670365,3.0670365,1,1,3.3863539,3.3863539,1,1,3.000448,3.000448,1,1,3.0772158,3.0772158
0b_rotation_best,file,14,baseline_rotation,6768,116.Chipping_Sparrow/Chipping_Sparrow_0037_109851.jpg,116,115,116.Chipping_Sparrow,117,116,rotation,rotation,0,"{""angle"":2.561204}",0.039031185,0.043844461,0.0048132762,0.96172071,0.95710284,0.011518624,0.023891013,0.95020208,0.93321182,-0.016990259,0.85629283,1.316746,6.503597,8.5635854,False,0.99093843,True,True,True,0.85629283,1.316746,6.503597,8.5635854,0.85196365,1.3227783,6.3470629,8.3957571,0.95732972,1.189515,1.4182969,1.6870854,0.7378678,1.7776028,0.96910077,1.7226763,0.82189087,1.2620238,3.0670365,3.8706729,0.85566019,1.4130492,3.3863539,4.7850847,0.86123112,1.3191128,3.000448,3.9579293,0.89689351,1.214914,3.0772158,3.7385527
0b_rotation_best,file,14,baseline_rotation,984,018.Spotted_Catbird/Spotted_Catbird_0013_19428.jpg,18,17,018.Spotted_Catbird,181,180,identity,identity,0,{},0.0018773327,0.0018773327,0,0.99812442,0.99812442,0.00066274294,0.00066274294,0.99746168,0.99746168,0,1,1,0.41340601,0.41340601,False,0.99999994,True,True,True,1,1,0.41340601,0.41340601,1,1,0.4072442,0.4072442,1,1,0.071110383,0.071110383,1,1,0.11141884,0.11141884,1,1,0.19759899,0.19759899,1,1,0.23008476,0.23008476,1,1,0.17682483,0.17682483,1,1,0.17373055,0.17373055
0b_rotation_best,file,14,baseline_rotation,984,018.Spotted_Catbird/Spotted_Catbird_0013_19428.jpg,18,17,018.Spotted_Catbird,181,180,rotation,rotation,0,"{""angle"":14.697701}",0.0018773327,0.00026901919,-0.0016083135,0.99812442,0.999731,0.00066274294,3.2223685e-05,0.99746168,0.99969878,0.0022371028,0.73914335,0.14897874,0.41340601,0.061588704,False,0.97439754,True,True,True,0.73914335,0.14897874,0.41340601,0.061588704,0.73327452,0.14917194,0.4072442,0.060749409,0.94139699,0.14249682,0.071110383,0.010133004,0.7362399,0.14131442,0.11141884,0.015745089,0.69956628,0.15784479,0.19759899,0.031189972,0.74070512,0.14834325,0.23008476,0.034131522,0.69479111,0.13587257,0.17682483,0.024025643,0.80438137,0.15526124,0.17373055,0.02697362
0b_rotation_best,file,14,baseline_rotation,10060,171.Myrtle_Warbler/Myrtle_Warbler_0037_166690.jpg,171,170,171.Myrtle_Warbler,128,127,identity,identity,0,{},0.024710616,0.024710616,0,0.9755922,0.9755922,0.0031638332,0.0031638332,0.97242836,0.97242836,0,1,1,3.7314174,3.7314174,False,0.99999988,True,True,True,1,1,3.7314174,3.7314174,1,1,3.661204,3.661204,1,1,0.72045891,0.72045891,1,1,0.92054556,0.92054556,1,1,1.7027649,1.7027649,1,1,1.7367795,1.7367795,1,1,1.7339733,1.7339733,1,1,1.9064458,1.9064458
0b_rotation_best,file,14,baseline_rotation,10060,171.Myrtle_Warbler/Myrtle_Warbler_0037_166690.jpg,171,170,171.Myrtle_Warbler,128,127,rotation,rotation,0,"{""angle"":8.435712}",0.024710616,0.059791438,0.035080822,0.9755922,0.94196099,0.0031638332,0.0043264404,0.97242836,0.93763455,-0.034793813,0.81062699,2.4548946,3.7314174,9.1602364,False,0.98585957,True,True,True,0.81062699,2.4548946,3.7314174,9.1602364,0.8048477,2.4634093,3.661204,9.0190439,0.98006463,2.2237452,0.72045891,1.6021171,0.78716929,2.0253875,0.92054556,1.8644615,0.80659093,2.4400952,1.7027649,4.1549085,0.79514205,2.7895226,1.7367795,4.8447857,0.78895563,2.5222473,1.7339733,4.3735095,0.84622006,2.2256747,1.9064458,4.2431282
0b_rotation_best,file,14,baseline_rotation,8280,141.Artic_Tern/Artic_Tern_0052_143244.jpg,141,140,141.Artic_Tern,144,143,identity,identity,0,{},1.386011,1.386011,0,0.25007087,0.25007087,0.25208408,0.25208408,-0.0020132065,-0.0020132065,0,1,1,114.78594,114.78594,False,1.0000001,True,False,False,1,1,114.78594,114.78594,1,1,112.45948,112.45948,1,1,22.99301,22.99301,1,1,25.971685,25.971685,1,1,52.022269,52.022269,1,1,59.55174,59.55174,1,1,54.457368,54.457368,1,1,52.481187,52.481187
0b_rotation_best,file,14,baseline_rotation,8280,141.Artic_Tern/Artic_Tern_0052_143244.jpg,141,140,141.Artic_Tern,144,143,rotation,rotation,0,"{""angle"":-4.46107}",1.386011,0.95843822,-0.42757279,0.25007087,0.38349137,0.25208408,0.24454977,-0.0020132065,0.1389416,0.14095481,0.85768176,0.93914025,114.78594,107.8001,False,0.98517555,False,False,True,0.85768176,0.93914025,114.78594,107.8001,0.85306299,0.94037376,112.45948,105.75394,0.97244013,0.90913327,22.99301,20.90371,0.89693682,1.0395112,25.971685,26.997857,0.83709785,0.88741613,52.022269,46.165401,0.83687333,0.92441168,59.55174,55.050324,0.85316841,0.97209236,54.457368,52.937591,0.87929317,0.95097565,52.481187,49.908331
0b_rotation_best,file,14,baseline_rotation,7704,132.White_crowned_Sparrow/White_Crowned_Sparrow_0021_127092.jpg,132,131,132.White_crowned_Sparrow,119,118,identity,identity,0,{},0.71063519,0.71063519,0,0.49133202,0.49133202,0.21072014,0.21072014,0.28061189,0.28061189,0,1,1,105.13098,105.13098,False,1,True,True,True,1,1,105.13098,105.13098,1,1,103.98884,103.98884,1,1,15.454578,15.454578,1,1,21.902605,21.902605,1,1,51.042261,51.042261,1,1,59.868359,59.868359,1,1,48.882109,48.882109,1,1,41.892254,41.892254
0b_rotation_best,file,14,baseline_rotation,7704,132.White_crowned_Sparrow/White_Crowned_Sparrow_0021_127092.jpg,132,131,132.White_crowned_Sparrow,119,118,rotation,rotation,0,"{""angle"":8.766807}",0.71063519,0.99043351,0.27979833,0.49133202,0.37141564,0.21072014,0.18178055,0.28061189,0.1896351,-0.09097679,0.78004125,1.2286101,105.13098,129.16498,False,0.96678573,True,True,True,0.78004125,1.2286101,105.13098,129.16498,0.77607215,1.2272497,103.98884,127.62027,0.95208434,1.2886966,15.454578,19.916262,0.77368774,1.4031556,21.902605,30.732762,0.78390926,1.2808666,51.042261,65.378327,0.77546444,1.2146483,59.868359,72.718999,0.7380375,1.1538846,48.882109,56.404314,0.82024566,1.2168485,41.892254,50.976527
0b_rotation_best,file,14,baseline_rotation,2932,051.Horned_Grebe/Horned_Grebe_0066_34738.jpg,51,50,051.Horned_Grebe,50,49,identity,identity,0,{},0.42604959,0.42604959,0,0.65308398,0.65308398,0.32641014,0.32641014,0.32667384,0.32667384,0,1,1,67.100141,67.100141,False,1.0000001,True,True,True,1,1,67.100141,67.100141,1,1,66.107575,66.107575,1,1,11.498588,11.498588,1,1,11.468579,11.468579,1,1,25.21088,25.21088,1,1,36.003475,36.003475,1,1,35.589672,35.589672,1,1,32.252437,32.252437
0b_rotation_best,file,14,baseline_rotation,2932,051.Horned_Grebe/Horned_Grebe_0066_34738.jpg,51,50,051.Horned_Grebe,50,49,rotation,rotation,0,"{""angle"":-14.790007}",0.42604959,0.28067961,-0.14536998,0.65308398,0.7552703,0.32641014,0.19475855,0.32667384,0.56051175,0.23383792,0.74380957,0.68804144,67.100141,46.167678,False,0.96405327,True,True,True,0.74380957,0.68804144,67.100141,46.167678,0.7374754,0.68845807,66.107575,45.512293,0.95778543,0.67412565,11.498588,7.7514932,0.6506978,0.77881761,11.468579,8.9319313,0.64322676,0.75598769,25.21088,19.059115,0.71765583,0.67739055,36.003475,24.388414,0.75348271,0.66947166,35.589672,23.826277,0.82462674,0.66920947,32.252437,21.583636
0b_rotation_best,file,14,baseline_rotation,9308,159.Black_and_white_Warbler/Black_And_White_Warbler_0080_160375.jpg,159,158,159.Black_and_white_Warbler,114,113,identity,identity,0,{},0.0061474047,0.0061474047,0,0.99387145,0.99387145,0.00075950101,0.00075950101,0.99311195,0.99311195,0,1,1,1.0646265,1.0646265,False,0.99999994,True,True,True,1,1,1.0646265,1.0646265,1,1,1.0493437,1.0493437,1,1,0.179742,0.179742,1,1,0.22032698,0.22032698,1,1,0.43776979,0.43776979,1,1,0.58701503,0.58701503,1,1,0.50209501,0.50209501,1,1,0.51405241,0.51405241
0b_rotation_best,file,14,baseline_rotation,9308,159.Black_and_white_Warbler/Black_And_White_Warbler_0080_160375.jpg,159,158,159.Black_and_white_Warbler,114,113,rotation,rotation,0,"{""angle"":-0.698883}",0.0061474047,0.0067155859,0.00056818128,0.99387145,0.99330693,0.00075950101,0.00058916258,0.99311195,0.99271777,-0.00039417716,0.91608705,1.0782131,1.0646265,1.1478942,False,0.99364656,True,True,True,0.91608705,1.0782131,1.0646265,1.1478942,0.91387429,1.0784085,1.0493437,1.1316212,0.99200638,1.0715353,0.179742,0.19259989,0.87580792,1.0300072,0.22032698,0.22693839,0.88660562,1.0807595,0.43776979,0.47312386,0.91351683,1.049854,0.58701503,0.61628007,0.90895089,1.0857897,0.50209501,0.54516958,0.94561401,1.1144674,0.51405241,0.57289463
0b_rotation_best,file,14,baseline_rotation,3289,057.Rose_breasted_Grosbeak/Rose_Breasted_Grosbeak_0062_39234.jpg,57,56,057.Rose_breasted_Grosbeak,6,5,identity,identity,0,{},2.0296803,2.0296803,0,0.1313775,0.1313775,0.15417032,0.15417032,-0.022792816,-0.022792816,0,1,1,118.57946,118.57946,False,0.99999994,True,False,False,1,1,118.57946,118.57946,1,1,116.77429,116.77429,1,1,20.612004,20.612004,1,1,19.868112,19.868112,1,1,47.960598,47.960598,1,1,66.920926,66.920926,1,1,57.937821,57.937821,1,1,55.732147,55.732147
0b_rotation_best,file,14,baseline_rotation,3289,057.Rose_breasted_Grosbeak/Rose_Breasted_Grosbeak_0062_39234.jpg,57,56,057.Rose_breasted_Grosbeak,6,5,rotation,rotation,0,"{""angle"":6.839368}",2.0296803,1.7464542,-0.28322601,0.1313775,0.17439118,0.15417032,0.18698427,-0.022792816,-0.012593091,0.010199726,0.85187514,1.1461923,118.57946,135.91487,False,0.98307371,True,False,False,0.85187514,1.1461923,118.57946,135.91487,0.84916089,1.152361,116.77429,134.56613,0.98003351,0.92664145,20.612004,19.099938,0.80882697,1.3211272,19.868112,26.248302,0.83702879,1.1813716,47.960598,56.659287,0.84347666,1.2140992,66.920926,81.248641,0.84984297,1.0803897,57.937821,62.595426,0.88001917,1.0898438,55.732147,60.739335
0b_rotation_best,file,14,baseline_rotation,3205,056.Pine_Grosbeak/Pine_Grosbeak_0036_38968.jpg,56,55,056.Pine_Grosbeak,34,33,identity,identity,0,{},0.075790487,0.075790487,0,0.92701042,0.92701042,0.042153355,0.042153355,0.88485706,0.88485706,0,1,1,17.312159,17.312159,False,1,True,True,True,1,1,17.312159,17.312159,1,1,17.1123,17.1123,1,1,2.6229819,2.6229819,1,1,3.1508923,3.1508923,1,1,7.6137308,7.6137308,1,1,9.4594194,9.4594194,1,1,8.5977413,8.5977413,1,1,7.8442348,7.8442348
0b_rotation_best,file,14,baseline_rotation,3205,056.Pine_Grosbeak/Pine_Grosbeak_0036_38968.jpg,56,55,056.Pine_Grosbeak,34,33,rotation,rotation,0,"{""angle"":7.808209}",0.075790487,0.01838664,-0.057403848,0.92701042,0.98178136,0.042153355,0.004432728,0.88485706,0.97734864,0.092491573,0.79214688,0.20552618,17.312159,3.5581019,False,0.97864079,True,True,True,0.79214688,0.20552618,17.312159,3.5581019,0.78867485,0.20500253,17.1123,3.5080648,0.92969241,0.22669531,2.6229819,0.59461771,0.75053171,0.19605747,3.1508923,0.61775598,0.80138981,0.23129994,7.6137308,1.7610555,0.76209126,0.20212471,9.4594194,1.9119824,0.78260234,0.18899595,8.5977413,1.6249383,0.83570764,0.20267174,7.8442348,1.5898048
0b_rotation_best,file,14,baseline_rotation,9290,158.Bay_breasted_Warbler/Bay_Breasted_Warbler_0079_159998.jpg,158,157,158.Bay_breasted_Warbler,137,136,identity,identity,0,{},0.25124246,0.25124246,0,0.77783376,0.77783376,0.057745483,0.057745483,0.72008828,0.72008828,0,1,1,33.343743,33.343743,False,0.99999994,True,True,True,1,1,33.343743,33.343743,1,1,32.93962,32.93962,1,1,5.1755776,5.1755776,1,1,6.7064011,6.7064011,1,1,13.418793,13.418793,1,1,18.549247,18.549247,1,1,16.505309,16.505309,1,1,15.603813,15.603813
0b_rotation_best,file,14,baseline_rotation,9290,158.Bay_breasted_Warbler/Bay_Breasted_Warbler_0079_159998.jpg,158,157,158.Bay_breasted_Warbler,137,136,rotation,rotation,0,"{""angle"":-8.983297}",0.25124246,0.47318566,0.2219432,0.77783376,0.62301439,0.057745483,0.144188,0.72008828,0.47882639,-0.24126189,0.75329887,1.8737322,33.343743,62.477245,False,0.9530701,True,True,True,0.75329887,1.8737322,33.343743,62.477245,0.74904336,1.8771726,32.93962,61.833353,0.9429892,1.7286288,5.1755776,8.9466527,0.66432128,1.8400881,6.7064011,12.340369,0.74034337,1.8366406,13.418793,24.645501,0.80016518,1.8642644,18.549247,34.580701,0.70239271,1.9116491,16.505309,31.552359,0.75240862,1.892791,15.603813,29.534757
0b_rotation_best,file,14,baseline_rotation,9869,168.Kentucky_Warbler/Kentucky_Warbler_0071_165342.jpg,168,167,168.Kentucky_Warbler,20,19,identity,identity,0,{},0.94027358,0.94027358,0,0.39052099,0.39052099,0.36768398,0.36768398,0.022837013,0.022837013,0,1,1,117.49592,117.49592,False,1,True,True,True,1,1,117.49592,117.49592,1,1,115.97054,115.97054,1,1,18.87127,18.87127,1,1,30.168125,30.168125,1,1,52.341689,52.341689,1,1,61.912116,61.912116,1,1,57.95542,57.95542,1,1,51.063277,51.063277
0b_rotation_best,file,14,baseline_rotation,9869,168.Kentucky_Warbler/Kentucky_Warbler_0071_165342.jpg,168,167,168.Kentucky_Warbler,20,19,rotation,rotation,0,"{""angle"":1.85594}",0.94027358,2.0193214,1.0790479,0.39052099,0.1327455,0.36768398,0.70077765,0.022837013,-0.56803215,-0.59086916,0.86630721,1.6125687,117.49592,189.47024,False,0.98444587,False,True,False,0.86630721,1.6125687,117.49592,189.47024,0.86353505,1.6135637,115.97054,187.12586,0.97384722,1.5745321,18.87127,29.713421,0.87127209,1.718967,30.168125,51.85801,0.84354569,1.7891012,52.341689,93.644578,0.85198552,1.5366597,61.912116,95.137853,0.87079118,1.5554696,57.95542,90.147897,0.90082447,1.5641935,51.063277,79.872847
0b_rotation_best,file,14,baseline_rotation,4485,077.Tropical_Kingbird/Tropical_Kingbird_0003_69852.jpg,77,76,077.Tropical_Kingbird,38,37,identity,identity,0,{},0.0036161051,0.0036161051,0,0.9963904,0.9963904,0.0033716632,0.0033716632,0.99301874,0.99301874,0,1,1,0.59335646,0.59335646,False,1,True,True,True,1,1,0.59335646,0.59335646,1,1,0.56595358,0.56595358,1,1,0.17823703,0.17823703,1,1,0.11924036,0.11924036,1,1,0.2642967,0.2642967,1,1,0.29642585,0.29642585,1,1,0.23611814,0.23611814,1,1,0.30432282,0.30432282
0b_rotation_best,file,14,baseline_rotation,4485,077.Tropical_Kingbird/Tropical_Kingbird_0003_69852.jpg,77,76,077.Tropical_Kingbird,38,37,rotation,rotation,0,"{""angle"":-9.298587}",0.0036161051,0.0014193709,-0.0021967342,0.9963904,0.99858165,0.0033716632,0.0011146788,0.99301874,0.99746697,0.0044482299,0.84760822,0.33268508,0.59335646,0.19740084,False,0.98350441,True,True,True,0.84760822,0.33268508,0.59335646,0.19740084,0.83365941,0.32855557,0.56595358,0.1859472,0.97772254,0.37176671,0.17823703,0.066262597,0.56140023,0.30824006,0.11924036,0.036754655,0.86124432,0.33281843,0.2642967,0.087962815,0.84781944,0.31086908,0.29642585,0.092149633,0.77965537,0.3186589,0.23611814,0.075241146,0.87158105,0.34984876,0.30432282,0.10646696
0b_rotation_best,file,14,baseline_rotation,8564,146.Forsters_Tern/Forsters_Tern_0045_151227.jpg,146,145,146.Forsters_Tern,147,146,identity,identity,0,{},0.81802094,0.81802094,0,0.44130418,0.44130418,0.35482848,0.35482848,0.0864757,0.0864757,0,1,1,68.715584,68.715584,False,1,True,True,True,1,1,68.715584,68.715584,1,1,66.329721,66.329721,1,1,17.949919,17.949919,1,1,13.175033,13.175033,1,1,24.933366,24.933366,1,1,30.114944,30.114944,1,1,34.312801,34.312801,1,1,38.988454,38.988454
0b_rotation_best,file,14,baseline_rotation,8564,146.Forsters_Tern/Forsters_Tern_0045_151227.jpg,146,145,146.Forsters_Tern,147,146,rotation,rotation,0,"{""angle"":12.152352}",0.81802094,0.3847436,-0.43327734,0.44130418,0.68062514,0.35482848,0.12024401,0.0864757,0.56038113,0.47390543,0.67636685,0.58971252,68.715584,40.52244,False,0.97224605,True,True,True,0.67636685,0.58971252,68.715584,40.52244,0.65844697,0.59189523,66.329721,39.260246,0.93646717,0.55905563,17.949919,10.035003,0.37805447,0.58564473,13.175033,7.7158884,0.50872976,0.58199901,24.933366,14.511195,0.59682112,0.61197098,30.114944,18.429472,0.6765836,0.6056153,34.312801,20.780357,0.77844994,0.57339925,38.988454,22.35595
0b_rotation_best,file,14,baseline_rotation,8881,152.Blue_headed_Vireo/Blue_Headed_Vireo_0020_155994.jpg,152,151,152.Blue_headed_Vireo,172,171,identity,identity,0,{},0.0021182497,0.0021182497,0,0.99788398,0.99788398,0.00092771428,0.00092771428,0.99695626,0.99695626,0,1,1,0.37680257,0.37680257,False,1,True,True,True,1,1,0.37680257,0.37680257,1,1,0.36899631,0.36899631,1,1,0.076301382,0.076301382,1,1,0.097525832,0.097525832,1,1,0.16877984,0.16877984,1,1,0.21121187,0.21121187,1,1,0.16042717,0.16042717,1,1,0.16677237,0.16677237
0b_rotation_best,file,14,baseline_rotation,8881,152.Blue_headed_Vireo/Blue_Headed_Vireo_0020_155994.jpg,152,151,152.Blue_headed_Vireo,172,171,rotation,rotation,0,"{""angle"":-14.532204}",0.0021182497,0.046059452,0.043941202,0.99788398,0.9549852,0.00092771428,0.034239702,0.99695626,0.9207455,-0.076210762,0.75606426,25.738816,0.37680257,9.6984519,False,0.95738363,True,True,True,0.75606426,25.738816,0.37680257,9.6984519,0.75048995,25.890274,0.36899631,9.5534154,0.92042926,21.899926,0.076301382,1.6709946,0.74648622,21.8156,0.097525832,2.1275846,0.71924629,27.825804,0.16877984,4.6964348,0.79355673,26.564036,0.21121187,5.6106396,0.71683106,26.744116,0.16042717,4.2904828,0.75882328,23.06558,0.16677237,3.8467014
0b_rotation_best,file,14,baseline_rotation,1058,020.Yellow_breasted_Chat/Yellow_Breasted_Chat_0090_21931.jpg,20,19,020.Yellow_breasted_Chat,170,169,identity,identity,0,{},0.93870264,0.93870264,0,0.39113495,0.39113495,0.3442888,0.3442888,0.046846151,0.046846151,0,1,1,123.33573,123.33573,False,0.99999988,True,True,True,1,1,123.33573,123.33573,1,1,121.67617,121.67617,1,1,20.164658,20.164658,1,1,29.592879,29.592879,1,1,51.407533,51.407533,1,1,64.26346,64.26346,1,1,63.267655,63.267655,1,1,56.16074,56.16074
0b_rotation_best,file,14,baseline_rotation,1058,020.Yellow_breasted_Chat/Yellow_Breasted_Chat_0090_21931.jpg,20,19,020.Yellow_breasted_Chat,170,169,rotation,rotation,0,"{""angle"":5.931647}",0.93870264,0.9598496,0.021146953,0.39113495,0.38295045,0.3442888,0.42602026,0.046846151,-0.04306981,-0.089915961,0.85841452,1.0955626,123.33573,135.12202,False,0.99149978,False,True,False,0.85841452,1.0955626,123.33573,135.12202,0.85498922,1.0952647,121.67617,133.26761,0.98192435,1.1063559,20.164658,22.309289,0.87200945,1.1222298,29.592879,33.210011,0.85741093,1.2399009,51.407533,63.740245,0.83503362,1.0684564,64.26346,68.662705,0.84749124,1.0421682,63.267655,65.935535,0.89206137,1.0582943,56.16074,59.43459
0b_rotation_best,file,14,baseline_rotation,929,017.Cardinal/Cardinal_0028_18054.jpg,17,16,017.Cardinal,42,41,identity,identity,0,{},0.45080507,0.45080507,0,0.637115,0.637115,0.061928306,0.061928306,0.5751867,0.5751867,0,1,1,45.483287,45.483287,False,1,True,True,True,1,1,45.483287,45.483287,1,1,44.388439,44.388439,1,1,9.9194703,9.9194703,1,1,6.4189697,6.4189697,1,1,18.545293,18.545293,1,1,21.654365,21.654365,1,1,23.310382,23.310382,1,1,23.935686,23.935686
0b_rotation_best,file,14,baseline_rotation,929,017.Cardinal/Cardinal_0028_18054.jpg,17,16,017.Cardinal,42,41,rotation,rotation,0,"{""angle"":14.216495}",0.45080507,0.84610295,0.39529788,0.637115,0.42908385,0.061928306,0.06239108,0.5751867,0.36669277,-0.20849392,0.70156264,1.5302095,45.483287,69.598957,False,0.97238672,True,True,True,0.70156264,1.5302095,45.483287,69.598957,0.68867836,1.5320027,44.388439,68.003208,0.96636707,1.493848,9.9194703,14.818181,0.52621111,1.5703614,6.4189697,10.080102,0.61402758,1.3801804,18.545293,25.595849,0.6474244,1.6150663,21.654365,34.973235,0.70704148,1.5834073,23.310382,36.909828,0.7638199,1.4960118,23.935686,35.808068
0b_rotation_best,file,14,baseline_rotation,10633,181.Worm_eating_Warbler/Worm_Eating_Warbler_0065_795551.jpg,181,180,181.Worm_eating_Warbler,18,17,identity,identity,0,{},2.5894809,2.5894809,0,0.075058997,0.075058997,0.70647037,0.70647037,-0.63141137,-0.63141137,0,1,1,205.77528,205.77528,False,1,True,False,False,1,1,205.77528,205.77528,1,1,202.16256,202.16256,1,1,38.389677,38.389677,1,1,39.57371,39.57371,1,1,105.53691,105.53691,1,1,106.62208,106.62208,1,1,98.835376,98.835376,1,1,83.838429,83.838429
0b_rotation_best,file,14,baseline_rotation,10633,181.Worm_eating_Warbler/Worm_Eating_Warbler_0065_795551.jpg,181,180,181.Worm_eating_Warbler,18,17,rotation,rotation,0,"{""angle"":14.062701}",2.5894809,2.1514921,-0.43798876,0.075058997,0.11631048,0.70647037,0.2418955,-0.63141137,-0.12558502,0.50582635,0.7265394,0.69777912,205.77528,143.5857,False,0.93119347,True,False,False,0.7265394,0.69777912,205.77528,143.5857,0.72151411,0.69444105,202.16256,140.38998,0.85508541,0.78471206,38.389677,30.124843,0.73885727,0.68431984,39.57371,27.081075,0.76586611,0.58304288,105.53691,61.532546,0.71895856,0.69902097,106.62208,74.531069,0.73032623,0.72497085,98.835376,71.652767,0.68042163,0.80019771,83.838429,67.087319
0b_rotation_best,file,14,baseline_rotation,6757,116.Chipping_Sparrow/Chipping_Sparrow_0079_110449.jpg,116,115,116.Chipping_Sparrow,130,129,identity,identity,0,{},0.59908003,0.59908003,0,0.54931676,0.54931676,0.13601187,0.13601187,0.4133049,0.4133049,0,1,1,86.406842,86.406842,False,1,True,True,True,1,1,86.406842,86.406842,1,1,84.968176,84.968176,1,1,15.701955,15.701955,1,1,18.165073,18.165073,1,1,48.221225,48.221225,1,1,43.767244,43.767244,1,1,36.569879,36.569879,1,1,36.213352,36.213352
0b_rotation_best,file,14,baseline_rotation,6757,116.Chipping_Sparrow/Chipping_Sparrow_0079_110449.jpg,116,115,116.Chipping_Sparrow,130,129,rotation,rotation,0,"{""angle"":-8.01915}",0.59908003,1.0821481,0.48306805,0.54931676,0.33886683,0.13601187,0.18829015,0.4133049,0.15057668,-0.26272821,0.77212296,1.8388207,86.406842,158.88669,False,0.97369421,True,True,True,0.77212296,1.8388207,86.406842,158.88669,0.76786584,1.8469955,84.968176,156.93584,0.92687305,1.5808102,15.701955,24.821811,0.73444376,2.6819532,18.165073,48.717877,0.80881656,1.8506848,48.221225,89.242289,0.75530644,1.8815974,43.767244,82.352332,0.73520481,1.7784126,36.569879,65.036333,0.78963091,1.5814019,36.213352,57.267865
0b_rotation_best,file,14,baseline_rotation,3123,054.Blue_Grosbeak/Blue_Grosbeak_0065_36847.jpg,54,53,054.Blue_Grosbeak,15,14,identity,identity,0,{},0.0021062351,0.0021062351,0,0.99789596,0.99789596,0.00096148456,0.00096148456,0.99693447,0.99693447,0,1,1,0.41554942,0.41554942,False,1,True,True,True,1,1,0.41554942,0.41554942,1,1,0.4087835,0.4087835,1,1,0.074681778,0.074681778,1,1,0.081488092,0.081488092,1,1,0.18294463,0.18294463,1,1,0.24024026,0.24024026,1,1,0.18419097,0.18419097,1,1,0.18802449,0.18802449
0b_rotation_best,file,14,baseline_rotation,3123,054.Blue_Grosbeak/Blue_Grosbeak_0065_36847.jpg,54,53,054.Blue_Grosbeak,15,14,rotation,rotation,0,"{""angle"":2.531972}",0.0021062351,0.0020992165,-7.0186798e-06,0.99789596,0.99790299,0.00096148456,0.00099403667,0.99693447,0.99690895,-2.5518762e-05,0.94107257,1.1249102,0.41554942,0.46745576,False,0.99701488,True,True,True,0.94107257,1.1249102,0.41554942,0.46745576,0.93951619,1.1281488,0.4087835,0.4611686,0.99685305,1.0231343,0.074681778,0.076409486,0.93637388,1.265409,0.081488092,0.10311577,0.93680234,1.1328329,0.18294463,0.20724568,0.9469577,1.1681439,0.24024026,0.28063519,0.92627126,1.1270112,0.18419097,0.20758529,0.9499127,1.026408,0.18802449,0.19298984
0b_rotation_best,file,14,baseline_rotation,6283,108.White_necked_Raven/White_Necked_Raven_0025_797346.jpg,108,107,108.White_necked_Raven,23,22,identity,identity,0,{},0.044716798,0.044716798,0,0.95626825,0.95626825,0.0096060075,0.0096060075,0.94666224,0.94666224,0,1,1,9.9418023,9.9418023,False,1.0000001,True,True,True,1,1,9.9418023,9.9418023,1,1,9.804713,9.804713,1,1,1.6453074,1.6453074,1,1,2.9941899,2.9941899,1,1,5.0408797,5.0408797,1,1,4.5822717,4.5822717,1,1,4.4055296,4.4055296,1,1,4.620698,4.620698
0b_rotation_best,file,14,baseline_rotation,6283,108.White_necked_Raven/White_Necked_Raven_0025_797346.jpg,108,107,108.White_necked_Raven,23,22,rotation,rotation,0,"{""angle"":9.412112}",0.044716798,0.032110993,-0.012605805,0.95626825,0.96839911,0.0096060075,0.0062520131,0.94666224,0.96214709,0.015484851,0.84131673,0.75105157,9.9418023,7.4668062,False,0.97572017,True,True,True,0.84131673,0.75105157,9.9418023,7.4668062,0.83789279,0.7515813,9.804713,7.3690389,0.96644772,0.73199147,1.6453074,1.204351,0.80974788,0.61754138,2.9941899,1.8490362,0.87897691,0.78465247,5.0408797,3.9553387,0.83897141,0.84723739,4.5822717,3.8822719,0.79069505,0.72373377,4.4055296,3.1884305,0.8553382,0.68440549,4.620698,3.1624311
0b_rotation_best,file,14,baseline_rotation,3114,054.Blue_Grosbeak/Blue_Grosbeak_0037_36794.jpg,54,53,054.Blue_Grosbeak,14,13,identity,identity,0,{},0.0076522548,0.0076522548,0,0.99237692,0.99237692,0.0059801685,0.0059801685,0.98639676,0.98639676,0,1,1,1.3076173,1.3076173,False,1.0000001,True,True,True,1,1,1.3076173,1.3076173,1,1,1.2784295,1.2784295,1,1,0.27473787,0.27473787,1,1,0.19709714,0.19709714,1,1,0.51602057,0.51602057,1,1,0.75275345,0.75275345,1,1,0.60749269,0.60749269,1,1,0.62735349,0.62735349
0b_rotation_best,file,14,baseline_rotation,3114,054.Blue_Grosbeak/Blue_Grosbeak_0037_36794.jpg,54,53,054.Blue_Grosbeak,14,13,rotation,rotation,0,"{""angle"":11.16861}",0.0076522548,0.008346675,0.00069442019,0.99237692,0.99168807,0.0059801685,0.0066019595,0.98639676,0.98508611,-0.0013106419,0.86145064,1.1293645,1.3076173,1.4767765,False,0.98977435,True,True,True,0.86145064,1.1293645,1.3076173,1.4767765,0.85557944,1.129773,1.2784295,1.4443352,0.98966146,1.1204831,0.27473787,0.30783914,0.78531697,1.1412832,0.19709714,0.22494367,0.81822868,1.1840437,0.51602057,0.61099089,0.88947336,1.1514707,0.75275345,0.86677351,0.81760572,1.105184,0.60749269,0.67139122,0.87696322,1.081257,0.62735349,0.67833033
0b_rotation_best,file,14,baseline_rotation,11057,188.Pileated_Woodpecker/Pileated_Woodpecker_0124_180168.jpg,188,187,188.Pileated_Woodpecker,191,190,identity,identity,0,{},0.0044199158,0.0044199158,0,0.99558985,0.99558985,0.0024115802,0.0024115802,0.99317827,0.99317827,0,1,1,0.65083334,0.65083334,False,1.0000001,True,True,True,1,1,0.65083334,0.65083334,1,1,0.62570243,0.62570243,1,1,0.17911032,0.17911032,1,1,0.1317028,0.1317028,1,1,0.25207779,0.25207779,1,1,0.31818326,0.31818326,1,1,0.30728331,0.30728331,1,1,0.33904436,0.33904436
0b_rotation_best,file,14,baseline_rotation,11057,188.Pileated_Woodpecker/Pileated_Woodpecker_0124_180168.jpg,188,187,188.Pileated_Woodpecker,191,190,rotation,rotation,0,"{""angle"":-7.908669}",0.0044199158,0.0056751557,0.0012552398,0.99558985,0.9943409,0.0024115802,0.0029179628,0.99317827,0.99142293,-0.0017553384,0.76489229,1.4527382,0.65083334,0.94549049,False,0.98603272,True,True,True,0.76489229,1.4527382,0.65083334,0.94549049,0.75121617,1.4649503,0.62570243,0.91662295,0.95924064,1.2944562,0.17911032,0.23185046,0.81179346,2.1153438,0.1317028,0.27859672,0.68747159,1.5295185,0.25207779,0.38555764,0.70530494,1.4589878,0.31818326,0.4642255,0.7496558,1.3902471,0.30728331,0.42719973,0.83568041,1.3705403,0.33904436,0.46467396
0b_rotation_best,file,14,baseline_rotation,1103,020.Yellow_breasted_Chat/Yellow_Breasted_Chat_0012_21961.jpg,20,19,020.Yellow_breasted_Chat,200,199,identity,identity,0,{},0.010200866,0.010200866,0,0.989851,0.989851,0.0052928762,0.0052928762,0.98455812,0.98455812,0,1,1,1.3770904,1.3770904,False,1,True,True,True,1,1,1.3770904,1.3770904,1,1,1.3363596,1.3363596,1,1,0.33244686,0.33244686,1,1,0.26903514,0.26903514,1,1,0.55700098,0.55700098,1,1,0.62383201,0.62383201,1,1,0.67163774,0.67163774,1,1,0.75030884,0.75030884
0b_rotation_best,file,14,baseline_rotation,1103,020.Yellow_breasted_Chat/Yellow_Breasted_Chat_0012_21961.jpg,20,19,020.Yellow_breasted_Chat,200,199,rotation,rotation,0,"{""angle"":-6.691356}",0.010200866,0.0029615373,-0.0072393282,0.989851,0.99704283,0.0052928762,0.00079367368,0.98455812,0.99624916,0.011691039,0.75033863,0.25689352,1.3770904,0.35376559,False,0.97949374,True,True,True,0.75033863,0.25689352,1.3770904,0.35376559,0.73732043,0.25598391,1.3363596,0.34208655,0.95008378,0.27116886,0.33244686,0.090149238,0.66564813,0.21149302,0.26903514,0.056899054,0.71283647,0.20492831,0.55700098,0.11414527,0.67024237,0.2455423,0.62383201,0.15317714,0.71513523,0.26126828,0.67163774,0.17547764,0.82340898,0.28740262,0.75030884,0.21564073
0b_rotation_best,file,14,baseline_rotation,9607,164.Cerulean_Warbler/Cerulean_Warbler_0060_797209.jpg,164,163,164.Cerulean_Warbler,159,158,identity,identity,0,{},0.0026694636,0.0026694636,0,0.99733412,0.99733412,0.0022742846,0.0022742846,0.99505984,0.99505984,0,1,1,0.51745144,0.51745144,False,1,True,True,True,1,1,0.51745144,0.51745144,1,1,0.50403025,0.50403025,1,1,0.11708759,0.11708759,1,1,0.079506382,0.079506382,1,1,0.25783373,0.25783373,1,1,0.2579194,0.2579194,1,1,0.22996678,0.22996678,1,1,0.24867621,0.24867621
0b_rotation_best,file,14,baseline_rotation,9607,164.Cerulean_Warbler/Cerulean_Warbler_0060_797209.jpg,164,163,164.Cerulean_Warbler,159,158,rotation,rotation,0,"{""angle"":-6.393326}",0.0026694636,0.00065984408,-0.0020096196,0.99733412,0.99934036,0.0022742846,0.00059539999,0.99505984,0.99874496,0.0036851173,0.83953895,0.2892858,0.51745144,0.14969135,False,0.99101168,True,True,True,0.83953895,0.2892858,0.51745144,0.14969135,0.83173301,0.28984412,0.50403025,0.1460902,0.99056153,0.27873736,0.11708759,0.032636686,0.72561894,0.34498834,0.079506382,0.027428775,0.8976464,0.31552247,0.25783373,0.081352336,0.78785232,0.28832957,0.2579194,0.074365788,0.77170808,0.27669383,0.22996678,0.063630388,0.87547341,0.26652139,0.24867621,0.066277529
0b_rotation_best,file,14,baseline_rotation,1186,022.Chuck_will_Widow/Chuck_Will_Widow_0007_796958.jpg,22,21,022.Chuck_will_Widow,105,104,identity,identity,0,{},0.10978937,0.10978937,0,0.89602286,0.89602286,0.014861383,0.014861383,0.88116147,0.88116147,0,1,1,16.660903,16.660903,False,1,True,True,True,1,1,16.660903,16.660903,1,1,16.422101,16.422101,1,1,2.8107441,2.8107441,1,1,2.7748516,2.7748516,1,1,6.6519481,6.6519481,1,1,8.9893543,8.9893543,1,1,8.5552043,8.5552043,1,1,7.9835568,7.9835568
0b_rotation_best,file,14,baseline_rotation,1186,022.Chuck_will_Widow/Chuck_Will_Widow_0007_796958.jpg,22,21,022.Chuck_will_Widow,105,104,rotation,rotation,0,"{""angle"":4.176394}",0.10978937,0.041340813,-0.068448558,0.89602286,0.95950204,0.014861383,0.0054185246,0.88116147,0.95408352,0.072922044,0.84934437,0.40434438,16.660903,6.7367426,False,0.97142774,True,True,True,0.84934437,0.40434438,16.660903,6.7367426,0.84596655,0.40468072,16.422101,6.6457077,0.96854459,0.3926904,2.8107441,1.1037522,0.86838583,0.41489416,2.7748516,1.1512698,0.78853618,0.38001666,6.6519481,2.5278511,0.84399114,0.40318845,8.9893543,3.6244038,0.85849766,0.41310299,8.5552043,3.5341805,0.8694881,0.41208072,7.9835568,3.2898698
0b_rotation_best,file,14,baseline_rotation,7585,130.Tree_Sparrow/Tree_Sparrow_0041_123497.jpg,130,129,130.Tree_Sparrow,196,195,identity,identity,0,{},7.2977934,7.2977934,0,0.000677031,0.000677031,0.70391059,0.70391059,-0.70323356,-0.70323356,0,1,1,242.33751,242.33751,False,1,True,False,False,1,1,242.33751,242.33751,1,1,239.96396,239.96396,1,1,33.834401,33.834401,1,1,59.663365,59.663365,1,1,102.55072,102.55072,1,1,139.17088,139.17088,1,1,115.82977,115.82977,1,1,103.54355,103.54355
0b_rotation_best,file,14,baseline_rotation,7585,130.Tree_Sparrow/Tree_Sparrow_0041_123497.jpg,130,129,130.Tree_Sparrow,196,195,rotation,rotation,0,"{""angle"":-10.755425}",7.2977934,6.8668232,-0.43097019,0.000677031,0.0010417816,0.70391059,0.69713002,-0.70323356,-0.69608824,0.0071453154,0.77472353,1.0248905,242.33751,248.36942,False,0.96328682,True,False,False,0.77472353,1.0248905,242.33751,248.36942,0.7709255,1.0245711,239.96396,245.86013,0.96287653,1.0408333,33.834401,35.215971,0.83807899,0.99258854,59.663365,59.221173,0.6925148,1.0302844,102.55072,105.6564,0.76687845,1.0210039,139.17088,142.09402,0.78298696,1.037659,115.82977,120.19181,0.81914715,1.0193412,103.54355,105.54621
0b_rotation_best,file,14,baseline_rotation,1286,023.Brandt_Cormorant/Brandt_Cormorant_0063_22865.jpg,23,22,023.Brandt_Cormorant,58,57,identity,identity,0,{},0.4005875,0.4005875,0,0.66992635,0.66992635,0.048098736,0.048098736,0.62182761,0.62182761,0,1,1,59.115148,59.115148,False,1,True,True,True,1,1,59.115148,59.115148,1,1,58.348425,58.348425,1,1,9.4901012,9.4901012,1,1,13.517391,13.517391,1,1,27.351401,27.351401,1,1,30.967068,30.967068,1,1,27.658048,27.658048,1,1,27.382344,27.382344
0b_rotation_best,file,14,baseline_rotation,1286,023.Brandt_Cormorant/Brandt_Cormorant_0063_22865.jpg,23,22,023.Brandt_Cormorant,58,57,rotation,rotation,0,"{""angle"":3.888311}",0.4005875,1.1646497,0.76406223,0.66992635,0.31203192,0.048098736,0.092571571,0.62182761,0.21946035,-0.40236726,0.83209395,2.0529304,59.115148,121.35928,False,0.98196656,True,True,True,0.83209395,2.0529304,59.115148,121.35928,0.82837426,2.0549777,58.348425,119.90471,0.97913229,1.9739792,9.4901012,18.733263,0.75708947,1.6680105,13.517391,22.547151,0.7492431,2.1317941,27.351401,58.307555,0.83512258,2.0002415,30.967068,61.941617,0.85235138,2.1312059,27.658048,58.944996,0.89581394,2.0521832,27.382344,56.193586
0b_rotation_best,file,14,baseline_rotation,4426,076.Dark_eyed_Junco/Dark_Eyed_Junco_0096_68514.jpg,76,75,076.Dark_eyed_Junco,79,78,identity,identity,0,{},0.14972827,0.14972827,0,0.86094189,0.86094189,0.044239413,0.044239413,0.81670247,0.81670247,0,1,1,25.397831,25.397831,False,1.0000001,True,True,True,1,1,25.397831,25.397831,1,1,25.009841,25.009841,1,1,4.4224093,4.4224093,1,1,4.3305294,4.3305294,1,1,10.309508,10.309508,1,1,13.969396,13.969396,1,1,13.161528,13.161528,1,1,11.49273,11.49273
0b_rotation_best,file,14,baseline_rotation,4426,076.Dark_eyed_Junco/Dark_Eyed_Junco_0096_68514.jpg,76,75,076.Dark_eyed_Junco,79,78,rotation,rotation,0,"{""angle"":8.12498}",0.14972827,0.33268553,0.18295726,0.86094189,0.71699566,0.044239413,0.045536291,0.81670247,0.67145937,-0.14524311,0.6970684,1.7501273,25.397831,44.449438,False,0.95765632,True,True,True,0.6970684,1.7501273,25.397831,44.449438,0.68934083,1.7428782,25.009841,43.589106,0.92091771,1.9679348,4.4224093,8.7030131,0.45748347,1.5573201,4.3305294,6.7440205,0.64488181,1.5668606,10.309508,16.153562,0.67297224,1.6485807,13.969396,23.029677,0.71088835,1.8536798,13.161528,24.39726,0.74795541,1.8823441,11.49273,21.633272
0b_rotation_best,file,14,baseline_rotation,3621,063.Ivory_Gull/Ivory_Gull_0089_49699.jpg,63,62,063.Ivory_Gull,60,59,identity,identity,0,{},0.96594238,0.96594238,0,0.38062435,0.38062435,0.088166803,0.088166803,0.29245755,0.29245755,0,1,1,118.0677,118.0677,False,0.99999994,True,True,True,1,1,118.0677,118.0677,1,1,117.0706,117.0706,1,1,15.311997,15.311997,1,1,30.328745,30.328745,1,1,52.931654,52.931654,1,1,69.091561,69.091561,1,1,53.669319,53.669319,1,1,48.268963,48.268963
0b_rotation_best,file,14,baseline_rotation,3621,063.Ivory_Gull/Ivory_Gull_0089_49699.jpg,63,62,063.Ivory_Gull,60,59,rotation,rotation,0,"{""angle"":1.575944}",0.96594238,1.2628585,0.29691613,0.38062435,0.28284436,0.088166803,0.063261963,0.29245755,0.2195824,-0.07287515,0.89352732,1.0985838,118.0677,129.70726,False,0.98291147,True,True,True,0.89352732,1.0985838,118.0677,129.70726,0.89206179,1.0988126,117.0706,128.63865,0.98034681,1.085123,15.311997,16.615401,0.897362,1.2699297,30.328745,38.515375,0.88763249,1.1529898,52.931654,61.029659,0.89872811,1.0792713,69.091561,74.568539,0.88423372,1.0401828,53.669319,55.8259,0.89892406,1.0690684,48.268963,51.602824
0b_rotation_best,file,14,baseline_rotation,3866,067.Anna_Hummingbird/Anna_Hummingbird_0127_56520.jpg,67,66,067.Anna_Hummingbird,40,39,identity,identity,0,{},0.04934185,0.04934185,0,0.95185566,0.95185566,0.017991582,0.017991582,0.93386408,0.93386408,0,1,1,10.630751,10.630751,False,1,True,True,True,1,1,10.630751,10.630751,1,1,10.488234,10.488234,1,1,1.7348817,1.7348817,1,1,1.9363969,1.9363969,1,1,5.0036092,5.0036092,1,1,5.9053554,5.9053554,1,1,5.1120975,5.1120975,1,1,4.4956152,4.4956152
0b_rotation_best,file,14,baseline_rotation,3866,067.Anna_Hummingbird/Anna_Hummingbird_0127_56520.jpg,67,66,067.Anna_Hummingbird,40,39,rotation,rotation,0,"{""angle"":-4.439626}",0.04934185,0.14566873,0.09632688,0.95185566,0.86444402,0.017991582,0.037327904,0.93386408,0.82711611,-0.10674796,0.86631535,2.8639673,10.630751,30.446124,False,0.98461485,True,True,True,0.86631535,2.8639673,10.630751,30.446124,0.8640353,2.8678496,10.488234,30.078678,0.95544402,2.7182735,1.7348817,4.7158829,0.82693398,3.1497126,1.9363969,6.0990935,0.84043937,2.8641607,5.0036092,14.331141,0.8792429,2.7567202,5.9053554,16.279413,0.86432417,2.9488761,5.1120975,15.074942,0.87742513,2.8991674,4.4956152,13.033541
0b_rotation_best,file,14,baseline_rotation,9639,164.Cerulean_Warbler/Cerulean_Warbler_0078_163271.jpg,164,163,164.Cerulean_Warbler,179,178,identity,identity,0,{},6.5125933,6.5125933,0,0.0014846243,0.0014846243,0.50655103,0.50655103,-0.5050664,-0.5050664,0,1,1,199.02317,199.02317,False,1,True,False,False,1,1,199.02317,199.02317,1,1,196.76068,196.76068,1,1,29.924214,29.924214,1,1,39.244368,39.244368,1,1,95.056932,95.056932,1,1,111.29994,111.29994,1,1,94.511896,94.511896,1,1,82.57511,82.57511
0b_rotation_best,file,14,baseline_rotation,9639,164.Cerulean_Warbler/Cerulean_Warbler_0078_163271.jpg,164,163,164.Cerulean_Warbler,179,178,rotation,rotation,0,"{""angle"":-13.005491}",6.5125933,3.4401073,-3.0724859,0.0014846243,0.032061242,0.50655103,0.17224361,-0.5050664,-0.14018237,0.36488403,0.7303244,0.79340999,199.02317,157.90697,False,0.93012321,False,False,False,0.7303244,0.79340999,199.02317,157.90697,0.72638475,0.79042496,196.76068,155.52455,0.88518064,0.91318328,29.924214,27.326292,0.76296907,1.1439453,39.244368,44.893411,0.75516556,0.77471657,95.056932,73.64218,0.73333018,0.75820021,111.29994,84.387639,0.70935872,0.76739707,94.511896,72.528152,0.70502091,0.80034413,82.57511,66.088505
0b_rotation_best,file,14,baseline_rotation,8083,138.Tree_Swallow/Tree_Swallow_0017_135062.jpg,138,137,138.Tree_Swallow,111,110,identity,identity,0,{},0.012952363,0.012952363,0,0.98713118,0.98713118,0.0041452246,0.0041452246,0.98298595,0.98298595,0,1,1,1.8797782,1.8797782,False,1,True,True,True,1,1,1.8797782,1.8797782,1,1,1.8501887,1.8501887,1,1,0.3322169,0.3322169,1,1,0.36790693,0.36790693,1,1,0.88497377,0.88497377,1,1,1.0563061,1.0563061,1,1,0.82935183,0.82935183,1,1,0.83729149,0.83729149
0b_rotation_best,file,14,baseline_rotation,8083,138.Tree_Swallow/Tree_Swallow_0017_135062.jpg,138,137,138.Tree_Swallow,111,110,rotation,rotation,0,"{""angle"":-8.236464}",0.012952363,0.025300315,0.012347952,0.98713118,0.97501707,0.0041452246,0.0043234541,0.98298595,0.97069362,-0.012292337,0.80041263,2.2347251,1.8797782,4.2007876,False,0.97263539,True,True,True,0.80041263,2.2347251,1.8797782,4.2007876,0.79657462,2.2455408,1.8501887,4.1546742,0.95668715,1.8684305,0.3322169,0.62072419,0.81082657,2.3109104,0.36790693,0.85019992,0.82091779,2.1930175,0.88497377,1.940763,0.82478338,2.3188651,1.0563061,2.4494313,0.72085576,2.345875,0.82935183,1.9455558,0.8033409,2.064154,0.83729149,1.7282986
0b_rotation_best,file,14,baseline_rotation,1436,026.Bronzed_Cowbird/Bronzed_Cowbird_0002_796244.jpg,26,25,026.Bronzed_Cowbird,108,107,identity,identity,0,{},2.6436586,2.6436586,0,0.071100652,0.071100652,0.60124993,0.60124993,-0.53014928,-0.53014928,0,1,1,259.47506,259.47506,False,1.0000002,True,False,False,1,1,259.47506,259.47506,1,1,256.71605,256.71605,1,1,37.738229,37.738229,1,1,79.688869,79.688869,1,1,145.95392,145.95392,1,1,107.63403,107.63403,1,1,119.31797,119.31797,1,1,111.48277,111.48277
0b_rotation_best,file,14,baseline_rotation,1436,026.Bronzed_Cowbird/Bronzed_Cowbird_0002_796244.jpg,26,25,026.Bronzed_Cowbird,108,107,rotation,rotation,0,"{""angle"":-14.728203}",2.6436586,3.7456908,1.1020322,0.071100652,0.023619307,0.60124993,0.5366891,-0.53014928,-0.5130698,0.017079486,0.68435224,0.90305714,259.47506,234.3208,False,0.95338428,True,False,False,0.68435224,0.90305714,259.47506,234.3208,0.67796237,0.89928737,256.71605,230.86151,0.94385813,1.0629777,37.738229,40.114894,0.44290286,1.0977427,79.688869,87.477878,0.67706189,0.68453133,145.95392,99.91003,0.68531815,1.0272258,107.63403,110.56445,0.72167797,0.92913206,119.31797,110.86215,0.80858424,0.94707727,111.48277,105.58279
0b_rotation_best,file,14,baseline_rotation,5050,087.Mallard/Mallard_0053_75985.jpg,87,86,087.Mallard,134,133,identity,identity,0,{},1.2037455,1.2037455,0,0.3000682,0.3000682,0.086163625,0.086163625,0.21390457,0.21390457,0,1,1,84.938837,84.938837,False,1.0000001,True,True,True,1,1,84.938837,84.938837,1,1,83.139676,83.139676,1,1,17.389659,17.389659,1,1,20.582538,20.582538,1,1,33.654535,33.654535,1,1,38.975434,38.975434,1,1,40.313237,40.313237,1,1,47.028667,47.028667
0b_rotation_best,file,14,baseline_rotation,5050,087.Mallard/Mallard_0053_75985.jpg,87,86,087.Mallard,134,133,rotation,rotation,0,"{""angle"":12.539001}",1.2037455,0.85061061,-0.35313487,0.3000682,0.42715403,0.086163625,0.053047895,0.21390457,0.37410614,0.16020156,0.71393483,0.91802905,84.938837,77.97632,False,0.95035189,True,True,True,0.71393483,0.91802905,84.938837,77.97632,0.70394491,0.91881349,83.139676,76.389856,0.9472265,0.89991215,17.389659,15.649166,0.66956496,0.8395534,20.582538,17.28014,0.67555062,1.0506935,33.654535,35.360601,0.68151546,0.97402372,38.975434,37.962997,0.68264154,0.87017185,40.313237,35.079444,0.76990881,0.85443752,47.028667,40.183058
0b_rotation_best,file,14,baseline_rotation,6935,119.Field_Sparrow/Field_Sparrow_0102_113595.jpg,119,118,119.Field_Sparrow,115,114,identity,identity,0,{},2.2369063,2.2369063,0,0.10678838,0.10678838,0.15900034,0.15900034,-0.052211955,-0.052211955,0,1,1,122.89549,122.89549,False,1,True,False,False,1,1,122.89549,122.89549,1,1,121.26228,121.26228,1,1,19.968975,19.968975,1,1,24.178955,24.178955,1,1,58.248411,58.248411,1,1,72.551072,72.551072,1,1,55.171832,55.171832,1,1,49.187928,49.187928
0b_rotation_best,file,14,baseline_rotation,6935,119.Field_Sparrow/Field_Sparrow_0102_113595.jpg,119,118,119.Field_Sparrow,115,114,rotation,rotation,0,"{""angle"":12.315759}",2.2369063,2.5988986,0.36199236,0.10678838,0.074355423,0.15900034,0.078271136,-0.052211955,-0.0039157122,0.048296243,0.78177662,0.999056,122.89549,122.77947,False,0.93353105,False,False,False,0.78177662,0.999056,122.89549,122.77947,0.77768995,0.99725905,121.26228,120.92991,0.92468679,1.0632007,19.968975,21.231029,0.76577113,0.9660379,24.178955,23.357787,0.78886952,0.9717495,58.248411,56.602864,0.81948796,1.0090232,72.551072,73.205712,0.7183375,0.98454859,55.171832,54.319349,0.74890623,1.0296201,49.187928,50.644878
0b_rotation_best,file,14,baseline_rotation,11423,194.Cactus_Wren/Cactus_Wren_0098_185637.jpg,194,193,194.Cactus_Wren,92,91,identity,identity,0,{},0.016089834,0.016089834,0,0.98403889,0.98403889,0.00317069,0.00317069,0.9808682,0.9808682,0,1,1,2.8554203,2.8554203,False,0.99999994,True,True,True,1,1,2.8554203,2.8554203,1,1,2.8113567,2.8113567,1,1,0.49969856,0.49969856,1,1,0.61360894,0.61360894,1,1,1.2356371,1.2356371,1,1,1.7079435,1.7079435,1,1,1.2417092,1.2417092,1,1,1.241571,1.241571
0b_rotation_best,file,14,baseline_rotation,11423,194.Cactus_Wren/Cactus_Wren_0098_185637.jpg,194,193,194.Cactus_Wren,92,91,rotation,rotation,0,"{""angle"":4.987698}",0.016089834,0.0087714614,-0.0073183728,0.98403889,0.99126691,0.00317069,0.0014464529,0.9808682,0.98982045,0.008952254,0.84401263,0.56521231,2.8554203,1.6139187,False,0.98199403,True,True,True,0.84401263,0.56521231,2.8554203,1.6139187,0.83986137,0.56504201,2.8113567,1.5885346,0.97417718,0.57057645,0.49969856,0.28511623,0.82921496,0.72338468,0.61360894,0.4438753,0.80278801,0.59501262,1.2356371,0.7352197,0.86849156,0.53163531,1.7079435,0.90800305,0.80693313,0.5527976,1.2417092,0.68641389,0.87537531,0.56393723,1.241571,0.70016809
0b_rotation_best,file,14,baseline_rotation,11347,193.Bewick_Wren/Bewick_Wren_0010_185142.jpg,193,192,193.Bewick_Wren,195,194,identity,identity,0,{},0.0675309,0.0675309,0,0.93469882,0.93469882,0.02206916,0.02206916,0.91262966,0.91262966,0,1,1,11.3278,11.3278,False,1,True,True,True,1,1,11.3278,11.3278,1,1,11.157441,11.157441,1,1,1.9571809,1.9571809,1,1,3.2951335,3.2951335,1,1,5.9643856,5.9643856,1,1,5.2738599,5.2738599,1,1,4.7243425,4.7243425,1,1,5.2842867,5.2842867
0b_rotation_best,file,14,baseline_rotation,11347,193.Bewick_Wren/Bewick_Wren_0010_185142.jpg,193,192,193.Bewick_Wren,195,194,rotation,rotation,0,"{""angle"":9.612734}",0.0675309,0.063640639,-0.0038902611,0.93469882,0.93834215,0.02206916,0.011001027,0.91262966,0.92734113,0.014711467,0.78131662,0.91175272,11.3278,10.328152,False,0.97259712,True,True,True,0.78131662,0.91175272,11.3278,10.328152,0.77650923,0.9048994,11.157441,10.096362,0.924485,1.1117131,1.9571809,2.1758237,0.71875245,0.62764256,3.2951335,2.068166,0.80470467,0.96489981,5.9643856,5.7550346,0.76451745,0.95722983,5.2738599,5.048296,0.74547281,0.8844106,4.7243425,4.1782586,0.8097079,0.87942095,5.2842867,4.6471124
0b_rotation_best,file,14,baseline_rotation,10212,174.Palm_Warbler/Palm_Warbler_0054_169175.jpg,174,173,174.Palm_Warbler,173,172,identity,identity,0,{},0.67990464,0.67990464,0,0.50666529,0.50666529,0.20083988,0.20083988,0.30582541,0.30582541,0,1,1,113.88707,113.88707,False,1.0000001,True,True,True,1,1,113.88707,113.88707,1,1,112.93501,112.93501,1,1,14.695161,14.695161,1,1,25.909276,25.909276,1,1,55.164572,55.164572,1,1,70.219272,70.219272,1,1,50.1906,50.1906,1,1,39.875478,39.875478
0b_rotation_best,file,14,baseline_rotation,10212,174.Palm_Warbler/Palm_Warbler_0054_169175.jpg,174,173,174.Palm_Warbler,173,172,rotation,rotation,0,"{""angle"":-8.743628}",0.67990464,0.187802,-0.49210264,0.50666529,0.8287788,0.20083988,0.021118086,0.30582541,0.80766072,0.50183531,0.75060897,0.33776926,113.88707,38.467551,False,0.96664304,True,True,True,0.75060897,0.33776926,113.88707,38.467551,0.74763115,0.33729808,112.93501,38.092762,0.91557226,0.36451961,14.695161,5.3566744,0.67540295,0.24979251,25.909276,6.4719431,0.701989,0.38306306,55.164572,21.13151,0.7888095,0.31531801,70.219272,22.141401,0.74926423,0.33816886,50.1906,16.972898,0.77593771,0.34046272,39.875478,13.576114
0b_rotation_best,file,14,baseline_rotation,6587,113.Baird_Sparrow/Baird_Sparrow_0045_794571.jpg,113,112,113.Baird_Sparrow,123,122,identity,identity,0,{},0.022157606,0.022157606,0,0.97808605,0.97808605,0.014486474,0.014486474,0.96359958,0.96359958,0,1,1,3.8831189,3.8831189,False,1,True,True,True,1,1,3.8831189,3.8831189,1,1,3.7965343,3.7965343,1,1,0.81543833,0.81543833,1,1,0.71694116,0.71694116,1,1,1.8255923,1.8255923,1,1,2.1843413,2.1843413,1,1,1.8002752,1.8002752,1,1,1.5982938,1.5982938
0b_rotation_best,file,14,baseline_rotation,6587,113.Baird_Sparrow/Baird_Sparrow_0045_794571.jpg,113,112,113.Baird_Sparrow,123,122,rotation,rotation,0,"{""angle"":5.522332}",0.022157606,0.017885476,-0.0042721294,0.97808605,0.98227352,0.014486474,0.014420169,0.96359958,0.96785335,0.0042537693,0.86135503,0.93133409,3.8831189,3.6164811,False,0.98913515,True,True,True,0.86135503,0.93133409,3.8831189,3.6164811,0.85618157,0.93341215,3.7965343,3.5437313,0.98078703,0.88509036,0.81543833,0.72173661,0.7739804,1.0201785,0.71694116,0.73140792,0.83384867,0.93851926,1.8255923,1.7133535,0.86590467,0.96067147,2.1843413,2.0984344,0.8555451,0.90131488,1.8002752,1.6226148,0.88975654,0.89607854,1.5982938,1.4321968
0b_rotation_best,file,14,baseline_rotation,6137,105.Whip_poor_Will/Whip_Poor_Will_0003_796409.jpg,105,104,105.Whip_poor_Will,22,21,identity,identity,0,{},0.025004346,0.025004346,0,0.97530568,0.97530568,0.024518386,0.024518386,0.95078729,0.95078729,0,1,1,7.71981,7.71981,False,1,True,True,True,1,1,7.71981,7.71981,1,1,7.6137586,7.6137586,1,1,1.2752049,1.2752049,1,1,1.5815588,1.5815588,1,1,3.6444573,3.6444573,1,1,4.4330529,4.4330529,1,1,3.6571983,3.6571983,1,1,3.0263616,3.0263616
0b_rotation_best,file,14,baseline_rotation,6137,105.Whip_poor_Will/Whip_Poor_Will_0003_796409.jpg,105,104,105.Whip_poor_Will,22,21,rotation,rotation,0,"{""angle"":-7.557303}",0.025004346,0.04390664,0.018902294,0.97530568,0.95704329,0.024518386,0.042893954,0.95078729,0.91414934,-0.036637954,0.86623124,1.9164511,7.71981,14.794639,False,0.98498458,True,True,True,0.86623124,1.9164511,7.71981,14.794639,0.86294965,1.9171894,7.6137586,14.597018,0.98498679,1.8899437,1.2752049,2.4100654,0.86123662,2.4185237,1.5815588,3.8250374,0.86176427,1.9124088,3.6444573,6.9696924,0.87065262,1.8427445,4.4330529,8.168984,0.84312573,1.9510417,3.6571983,7.1353464,0.88925675,1.8756054,3.0263616,5.6762602
0b_rotation_best,file,14,baseline_rotation,11074,189.Red_bellied_Woodpecker/Red_Bellied_Woodpecker_0066_182253.jpg,189,188,189.Red_bellied_Woodpecker,36,35,identity,identity,0,{},0.00040570612,0.00040570612,0,0.99959439,0.99959439,0.0002336888,0.0002336888,0.9993607,0.9993607,0,1,1,0.056357548,0.056357548,False,0.99999988,True,True,True,1,1,0.056357548,0.056357548,1,1,0.054421728,0.054421728,1,1,0.014644067,0.014644067,1,1,0.0089271825,0.0089271825,1,1,0.020294682,0.020294682,1,1,0.029425533,0.029425533,1,1,0.024735142,0.024735142,1,1,0.031503437,0.031503437
0b_rotation_best,file,14,baseline_rotation,11074,189.Red_bellied_Woodpecker/Red_Bellied_Woodpecker_0066_182253.jpg,189,188,189.Red_bellied_Woodpecker,36,35,rotation,rotation,0,"{""angle"":13.552226}",0.00040570612,0.00078373228,0.00037802616,0.99959439,0.99921656,0.0002336888,0.0003529742,0.9993607,0.99886358,-0.00049711924,0.79603591,1.9723538,0.056357548,0.11115702,False,0.98207229,True,True,True,0.79603591,1.9723538,0.056357548,0.11115702,0.78532094,1.9897967,0.054421728,0.10828818,0.97628587,1.7133853,0.014644067,0.02509093,0.81482783,1.8671462,0.0089271825,0.016668355,0.69587788,2.0801612,0.020294682,0.042216211,0.78219767,1.9050409,0.029425533,0.056056841,0.75332837,2.1075795,0.024735142,0.052131279,0.84842183,1.9583511,0.031503437,0.06169479
0b_rotation_best,file,14,baseline_rotation,7561,129.Song_Sparrow/Song_Sparrow_0135_121261.jpg,129,128,129.Song_Sparrow,127,126,identity,identity,0,{},0.080571562,0.080571562,0,0.92258888,0.92258888,0.064852864,0.064852864,0.85773602,0.85773602,0,1,1,18.704076,18.704076,False,1.0000001,True,True,True,1,1,18.704076,18.704076,1,1,18.432519,18.432519,1,1,3.1756389,3.1756389,1,1,2.6952705,2.6952705,1,1,10.527192,10.527192,1,1,10.344425,10.344425,1,1,7.9136106,7.9136106,1,1,7.2138176,7.2138176
0b_rotation_best,file,14,baseline_rotation,7561,129.Song_Sparrow/Song_Sparrow_0135_121261.jpg,129,128,129.Song_Sparrow,127,126,rotation,rotation,0,"{""angle"":0.751179}",0.080571562,0.23744763,0.15687607,0.92258888,0.78863817,0.064852864,0.19435878,0.85773602,0.59427939,-0.26345663,0.93153321,2.9054751,18.704076,54.344227,False,0.99299055,True,True,True,0.93153321,2.9054751,18.704076,54.344227,0.92974909,2.9056176,18.432519,53.557852,0.99174478,2.9006714,3.1756389,9.211485,0.81213129,3.1612557,2.6952705,8.5204391,0.9406726,3.0338196,10.527192,31.9376,0.92636449,2.7427582,10.344425,28.372256,0.91956233,2.9199838,7.9136106,23.107615,0.94771333,2.8974782,7.2138176,20.901879
0b_rotation_best,file,14,baseline_rotation,5796,099.Ovenbird/Ovenbird_0054_92594.jpg,99,98,099.Ovenbird,37,36,identity,identity,0,{},0.029498706,0.029498706,0,0.97093213,0.97093213,0.0082443599,0.0082443599,0.96268777,0.96268777,0,1,1,4.1536053,4.1536053,False,1,True,True,True,1,1,4.1536053,4.1536053,1,1,4.0838923,4.0838923,1,1,0.7578003,0.7578003,1,1,0.84026878,0.84026878,1,1,1.9499928,1.9499928,1,1,2.2481272,2.2481272,1,1,1.7976455,1.7976455,1,1,1.9707986,1.9707986
0b_rotation_best,file,14,baseline_rotation,5796,099.Ovenbird/Ovenbird_0054_92594.jpg,99,98,099.Ovenbird,37,36,rotation,rotation,0,"{""angle"":-14.427927}",0.029498706,0.040802158,0.011303453,0.97093213,0.96001905,0.0082443599,0.0044565587,0.96268777,0.95556249,-0.0071252729,0.77815832,1.4402681,4.1536053,5.9823052,False,0.97227162,True,True,True,0.77815832,1.4402681,4.1536053,5.9823052,0.77219687,1.4414301,4.0838923,5.8866451,0.95587769,1.4061025,0.7578003,1.0655449,0.74788851,1.1948,0.84026878,1.0039532,0.81388427,1.4095824,1.9499928,2.7486756,0.7890581,1.5114179,2.2481272,3.3978598,0.70121041,1.4667268,1.7976455,2.6366548,0.77705868,1.398097,1.9707986,2.7553676
0b_rotation_best,file,14,baseline_rotation,2455,043.Yellow_bellied_Flycatcher/Yellow_Bellied_Flycatcher_0049_42593.jpg,43,42,043.Yellow_bellied_Flycatcher,39,38,identity,identity,0,{},0.68394917,0.68394917,0,0.50462019,0.50462019,0.20634249,0.20634249,0.29827771,0.29827771,0,1,1,86.328314,86.328314,False,1.0000001,True,True,True,1,1,86.328314,86.328314,1,1,84.442996,84.442996,1,1,17.943196,17.943196,1,1,21.675013,21.675013,1,1,39.884975,39.884975,1,1,42.95601,42.95601,1,1,41.929228,41.929228,1,1,38.297821,38.297821
0b_rotation_best,file,14,baseline_rotation,2455,043.Yellow_bellied_Flycatcher/Yellow_Bellied_Flycatcher_0049_42593.jpg,43,42,043.Yellow_bellied_Flycatcher,39,38,rotation,rotation,0,"{""angle"":-2.28612}",0.68394917,1.2960714,0.61212224,0.50462019,0.27360454,0.20634249,0.34651279,0.29827771,-0.072908252,-0.37118596,0.8871915,1.697628,86.328314,146.55337,False,0.98714441,False,True,False,0.8871915,1.697628,86.328314,146.55337,0.88313235,1.7021825,84.442996,143.73739,0.98508408,1.5934249,17.943196,28.591136,0.87630181,1.859334,21.675013,40.301089,0.90025897,1.8003479,39.884975,71.806829,0.85824605,1.7034644,42.95601,73.174033,0.88315299,1.6473562,41.929228,69.072373,0.90333724,1.5999563,38.297821,61.274838
0b_rotation_best,file,14,baseline_rotation,10437,178.Swainson_Warbler/Swainson_Warbler_0034_794890.jpg,178,177,178.Swainson_Warbler,196,195,identity,identity,0,{},0.55378324,0.55378324,0,0.57477123,0.57477123,0.13156608,0.13156608,0.44320515,0.44320515,0,1,1,91.432826,91.432826,False,1,True,True,True,1,1,91.432826,91.432826,1,1,90.348953,90.348953,1,1,14.036682,14.036682,1,1,19.969883,19.969883,1,1,46.918902,46.918902,1,1,54.886455,54.886455,1,1,37.011227,37.011227,1,1,34.356947,34.356947
0b_rotation_best,file,14,baseline_rotation,10437,178.Swainson_Warbler/Swainson_Warbler_0034_794890.jpg,178,177,178.Swainson_Warbler,196,195,rotation,rotation,0,"{""angle"":-5.939162}",0.55378324,0.89340061,0.33961737,0.57477123,0.40926164,0.13156608,0.23286839,0.44320515,0.17639326,-0.26681189,0.90354063,1.3362343,91.432826,122.17568,False,0.98074031,True,True,True,0.90354063,1.3362343,91.432826,122.17568,0.9019007,1.3365641,90.348953,120.75717,0.97225566,1.3224955,14.036682,18.563449,0.91447985,1.4692922,19.969883,29.341593,0.89696163,1.4156679,46.918902,66.421585,0.92454274,1.2688429,54.886455,69.642289,0.87625741,1.3216361,37.011227,48.915374,0.8889376,1.3232202,34.356947,45.461808
0b_rotation_best,file,14,baseline_rotation,5857,100.Brown_Pelican/Brown_Pelican_0011_94683.jpg,100,99,100.Brown_Pelican,23,22,identity,identity,0,{},0.27833152,0.27833152,0,0.75704581,0.75704581,0.20755017,0.20755017,0.54949564,0.54949564,0,1,1,47.568114,47.568114,False,1,True,True,True,1,1,47.568114,47.568114,1,1,46.575003,46.575003,1,1,9.6692552,9.6692552,1,1,12.712578,12.712578,1,1,19.949555,19.949555,1,1,24.713677,24.713677,1,1,23.044927,23.044927,1,1,21.628732,21.628732
0b_rotation_best,file,14,baseline_rotation,5857,100.Brown_Pelican/Brown_Pelican_0011_94683.jpg,100,99,100.Brown_Pelican,23,22,rotation,rotation,0,"{""angle"":-3.363344}",0.27833152,0.78686255,0.50853103,0.75704581,0.45527095,0.20755017,0.47228134,0.54949564,-0.017010391,-0.56650603,0.90207077,2.4260159,47.568114,115.401,False,0.99008262,False,True,False,0.90207077,2.4260159,47.568114,115.401,0.89855824,2.4314259,46.575003,113.24367,0.98974386,2.2969183,9.6692552,22.209489,0.93055408,2.2641019,12.712578,28.782573,0.87541747,2.4360051,19.949555,48.597217,0.89527302,2.5660999,24.713677,63.417765,0.89877541,2.3920036,23.044927,55.12355,0.91612557,2.3455147,21.628732,50.730508
0b_rotation_best,file,14,baseline_rotation,3092,054.Blue_Grosbeak/Blue_Grosbeak_0067_36965.jpg,54,53,054.Blue_Grosbeak,14,13,identity,identity,0,{},0.80504322,0.80504322,0,0.44706863,0.44706863,0.53670698,0.53670698,-0.089638352,-0.089638352,0,1,1,108.91993,108.91993,False,0.99999994,True,False,False,1,1,108.91993,108.91993,1,1,107.04398,107.04398,1,1,20.128026,20.128026,1,1,23.976983,23.976983,1,1,53.787611,53.787611,1,1,63.739241,63.739241,1,1,47.037706,47.037706,1,1,41.414665,41.414665
0b_rotation_best,file,14,baseline_rotation,3092,054.Blue_Grosbeak/Blue_Grosbeak_0067_36965.jpg,54,53,054.Blue_Grosbeak,14,13,rotation,rotation,0,"{""angle"":2.257111}",0.80504322,0.48930934,-0.31573388,0.44706863,0.61304969,0.53670698,0.37582812,-0.089638352,0.23722157,0.32685992,0.93948466,0.70262,108.91993,76.529321,False,0.99364984,False,False,True,0.93948466,0.70262,108.91993,76.529321,0.93751203,0.701161,107.04398,75.055065,0.99365584,0.74269851,20.128026,14.949055,0.93473109,0.69224815,23.976983,16.598022,0.94018957,0.7000686,53.787611,37.655018,0.93875898,0.69394805,63.739241,44.231722,0.93102228,0.69582822,47.037706,32.730163,0.94013509,0.72925798,41.414665,30.201975
0b_rotation_best,file,14,baseline_rotation,275,005.Crested_Auklet/Crested_Auklet_0075_785259.jpg,5,4,005.Crested_Auklet,89,88,identity,identity,0,{},7.733984,7.733984,0,0.00043769681,0.00043769681,0.67961252,0.67961252,-0.67917482,-0.67917482,0,1,1,154.91921,154.91921,False,1,True,False,False,1,1,154.91921,154.91921,1,1,151.42356,151.42356,1,1,32.724094,32.724094,1,1,24.196964,24.196964,1,1,66.545976,66.545976,1,1,77.192479,77.192479,1,1,77.456306,77.456306,1,1,77.182099,77.182099
0b_rotation_best,file,14,baseline_rotation,275,005.Crested_Auklet/Crested_Auklet_0075_785259.jpg,5,4,005.Crested_Auklet,89,88,rotation,rotation,0,"{""angle"":13.39445}",7.733984,8.1093407,0.37535667,0.00043769681,0.0003007171,0.67961252,0.61621112,-0.67917482,-0.6159104,0.063264421,0.723502,1.1062208,154.91921,171.37484,False,0.96279526,True,False,False,0.723502,1.1062208,154.91921,171.37484,0.71359513,1.1087355,151.42356,167.88868,0.94828536,1.0509334,32.724094,34.390844,0.42645218,1.2097997,24.196964,29.27348,0.55205499,1.106689,66.545976,73.6457,0.77692329,1.1868153,77.192479,91.613212,0.73004418,1.0845295,77.456306,84.003649,0.78836921,1.0410659,77.182099,80.351651
0b_rotation_best,file,14,baseline_rotation,823,015.Lazuli_Bunting/Lazuli_Bunting_0031_15018.jpg,15,14,015.Lazuli_Bunting,54,53,identity,identity,0,{},0.0047744792,0.0047744792,0,0.99523687,0.99523687,0.00088517985,0.00088517985,0.99435169,0.99435169,0,1,1,0.66861741,0.66861741,False,1,True,True,True,1,1,0.66861741,0.66861741,1,1,0.65577561,0.65577561,1,1,0.13041313,0.13041313,1,1,0.11920874,0.11920874,1,1,0.25960807,0.25960807,1,1,0.29679618,0.29679618,1,1,0.31284531,0.31284531,1,1,0.40308116,0.40308116
0b_rotation_best,file,14,baseline_rotation,823,015.Lazuli_Bunting/Lazuli_Bunting_0031_15018.jpg,15,14,015.Lazuli_Bunting,54,53,rotation,rotation,0,"{""angle"":2.888723}",0.0047744792,0.0066997185,0.0019252393,0.99523687,0.99332267,0.00088517985,0.0016032737,0.99435169,0.9917194,-0.002632297,0.86948066,1.4801093,0.66861741,0.98962685,False,0.99304909,True,True,True,0.86948066,1.4801093,0.66861741,0.98962685,0.86497725,1.4825683,0.65577561,0.97223216,0.98953105,1.4165142,0.13041313,0.18473205,0.83812537,1.8731466,0.11920874,0.22329544,0.81061945,1.4499823,0.25960807,0.37642711,0.83240488,1.5726757,0.29679618,0.46676415,0.86110134,1.5146685,0.31284531,0.47385696,0.92040315,1.3841231,0.40308116,0.55791394
0b_rotation_best,file,14,baseline_rotation,10795,184.Louisiana_Waterthrush/Louisiana_Waterthrush_0026_177503.jpg,184,183,184.Louisiana_Waterthrush,178,177,identity,identity,0,{},1.7473459,1.7473459,0,0.17423578,0.17423578,0.36131549,0.36131549,-0.18707971,-0.18707971,0,1,1,115.64197,115.64197,False,1,True,False,False,1,1,115.64197,115.64197,1,1,113.32517,113.32517,1,1,23.031934,23.031934,1,1,22.552698,22.552698,1,1,48.375586,48.375586,1,1,64.783607,64.783607,1,1,55.315123,55.315123,1,1,52.317244,52.317244
0b_rotation_best,file,14,baseline_rotation,10795,184.Louisiana_Waterthrush/Louisiana_Waterthrush_0026_177503.jpg,184,183,184.Louisiana_Waterthrush,178,177,rotation,rotation,0,"{""angle"":12.844021}",1.7473459,1.0779438,-0.66940212,0.17423578,0.34029451,0.36131549,0.34564033,-0.18707971,-0.0053458214,0.18173389,0.75960147,1.0289137,115.64197,118.9856,False,0.95975363,True,False,False,0.75960147,1.0289137,115.64197,118.9856,0.75332695,1.035343,113.32517,117.33042,0.95564184,0.85869415,23.031934,19.777387,0.70502233,1.2258715,22.552698,27.64671,0.71979348,1.1744435,48.375586,56.814392,0.77990188,1.0453452,64.783607,67.721231,0.75233811,0.98646726,55.315123,54.566557,0.77498662,0.89867811,52.317244,47.016362
0b_rotation_best,file,14,baseline_rotation,7766,133.White_throated_Sparrow/White_Throated_Sparrow_0108_129184.jpg,133,132,133.White_throated_Sparrow,132,131,identity,identity,0,{},0.13349733,0.13349733,0,0.8750298,0.8750298,0.10509294,0.10509294,0.76993687,0.76993687,0,1,1,30.729494,30.729494,False,1,True,True,True,1,1,30.729494,30.729494,1,1,30.061827,30.061827,1,1,6.3709018,6.3709018,1,1,8.2017285,8.2017285,1,1,15.709539,15.709539,1,1,15.7334,15.7334,1,1,13.76814,13.76814,1,1,12.351272,12.351272
0b_rotation_best,file,14,baseline_rotation,7766,133.White_throated_Sparrow/White_Throated_Sparrow_0108_129184.jpg,133,132,133.White_throated_Sparrow,132,131,rotation,rotation,0,"{""angle"":-5.167259}",0.13349733,0.5060873,0.37258998,0.8750298,0.60284972,0.10509294,0.26264325,0.76993687,0.34020647,-0.42973039,0.82888472,2.9262277,30.729494,89.921496,False,0.98250395,True,True,True,0.82888472,2.9262277,30.729494,89.921496,0.82215654,2.9192275,30.061827,87.757311,0.97207359,3.0779678,6.3709018,19.609431,0.88045687,2.7859801,8.2017285,22.849853,0.84549919,2.9960729,15.709539,47.066923,0.76162795,2.8054822,15.7334,44.139774,0.8115707,2.9149176,13.76814,40.132992,0.86710742,3.0347295,12.351272,37.482769
0b_rotation_best,file,14,baseline_rotation,744,014.Indigo_Bunting/Indigo_Bunting_0056_12637.jpg,14,13,014.Indigo_Bunting,54,53,identity,identity,0,{},0.33846512,0.33846512,0,0.71286362,0.71286362,0.12120198,0.12120198,0.59166165,0.59166165,0,1,1,65.915493,65.915493,False,1,True,True,True,1,1,65.915493,65.915493,1,1,65.258841,65.258841,1,1,9.2809419,9.2809419,1,1,9.93731,9.93731,1,1,25.607404,25.607404,1,1,37.60465,37.60465,1,1,33.9339,33.9339,1,1,30.636706,30.636706
0b_rotation_best,file,14,baseline_rotation,744,014.Indigo_Bunting/Indigo_Bunting_0056_12637.jpg,14,13,014.Indigo_Bunting,54,53,rotation,rotation,0,"{""angle"":5.864084}",0.33846512,0.65857369,0.32010856,0.71286362,0.51758903,0.12120198,0.2937991,0.59166165,0.22378993,-0.36787172,0.88197082,1.7571349,65.915493,115.82241,False,0.98178303,True,True,True,0.88197082,1.7571349,65.915493,115.82241,0.88033937,1.7573442,65.258841,114.68225,0.96313737,1.746756,9.2809419,16.211541,0.68170534,2.168509,9.93731,21.549146,0.83425513,1.8005075,25.607404,46.106322,0.90709257,1.8134847,37.60465,68.195456,0.87839959,1.6931532,33.9339,57.455292,0.90641005,1.6675882,30.636706,51.089411
0b_rotation_best,file,14,baseline_rotation,11685,199.Winter_Wren/Winter_Wren_0081_190049.jpg,199,198,199.Winter_Wren,196,195,identity,identity,0,{},0.4756102,0.4756102,0,0.62150574,0.62150574,0.3742367,0.3742367,0.24726903,0.24726903,0,1,1,106.79243,106.79243,False,1,True,True,True,1,1,106.79243,106.79243,1,1,105.38265,105.38265,1,1,17.295066,17.295066,1,1,24.983882,24.983882,1,1,54.619243,54.619243,1,1,57.400386,57.400386,1,1,51.04641,51.04641,1,1,39.968825,39.968825
0b_rotation_best,file,14,baseline_rotation,11685,199.Winter_Wren/Winter_Wren_0081_190049.jpg,199,198,199.Winter_Wren,196,195,rotation,rotation,0,"{""angle"":14.220542}",0.4756102,0.90419155,0.42858136,0.62150574,0.40486908,0.3742367,0.57847744,0.24726903,-0.17360836,-0.4208774,0.8438697,1.4682248,106.79243,156.79529,False,0.9801349,False,True,False,0.8438697,1.4682248,106.79243,156.79529,0.84004204,1.4662024,105.38265,154.5123,0.98007226,1.5414326,17.295066,26.659179,0.89153087,1.8467767,24.983882,46.139652,0.85419157,1.5707359,54.619243,85.792406,0.82799912,1.3231545,57.400386,75.949579,0.82340442,1.411149,51.04641,72.03409,0.85920301,1.4647838,39.968825,58.545689
0b_rotation_best,file,14,baseline_rotation,10734,183.Northern_Waterthrush/Northern_Waterthrush_0044_176961.jpg,183,182,183.Northern_Waterthrush,99,98,identity,identity,0,{},0.009189453,0.009189453,0,0.99085265,0.99085265,0.0044089644,0.0044089644,0.98644369,0.98644369,0,1,1,1.6443275,1.6443275,False,1,True,True,True,1,1,1.6443275,1.6443275,1,1,1.6178233,1.6178233,1,1,0.29404193,0.29404193,1,1,0.39391998,0.39391998,1,1,0.92122836,0.92122836,1,1,0.78647889,0.78647889,1,1,0.70614733,0.70614733,1,1,0.70450294,0.70450294
0b_rotation_best,file,14,baseline_rotation,10734,183.Northern_Waterthrush/Northern_Waterthrush_0044_176961.jpg,183,182,183.Northern_Waterthrush,99,98,rotation,rotation,0,"{""angle"":1.603631}",0.009189453,0.0078701405,-0.0013193125,0.99085265,0.99216074,0.0044089644,0.0026353451,0.98644369,0.98952539,0.0030817029,0.89992907,0.74591806,1.6443275,1.2265335,False,0.99214089,True,True,True,0.89992907,0.74591806,1.6443275,1.2265335,0.8971585,0.74297058,1.6178233,1.2019951,0.98034059,0.8302062,0.29404193,0.24411543,0.89834533,0.72343191,0.39391998,0.28497429,0.92610317,0.67150231,0.92122836,0.61860697,0.86703445,0.72199272,0.78647889,0.56783203,0.88473552,0.77359667,0.70614733,0.54627322,0.91670161,0.85173481,0.70450294,0.60004968
0b_rotation_best,file,14,baseline_rotation,3690,064.Ring_billed_Gull/Ring_Billed_Gull_0118_51322.jpg,64,63,064.Ring_billed_Gull,66,65,identity,identity,0,{},0.038919285,0.038919285,0,0.96182835,0.96182835,0.014601417,0.014601417,0.94722693,0.94722693,0,1,1,7.3530124,7.3530124,False,1,True,True,True,1,1,7.3530124,7.3530124,1,1,7.2292721,7.2292721,1,1,1.3432855,1.3432855,1,1,1.6435705,1.6435705,1,1,3.6477742,3.6477742,1,1,3.8044576,3.8044576,1,1,3.3496368,3.3496368,1,1,3.2497431,3.2497431
0b_rotation_best,file,14,baseline_rotation,3690,064.Ring_billed_Gull/Ring_Billed_Gull_0118_51322.jpg,64,63,064.Ring_billed_Gull,66,65,rotation,rotation,0,"{""angle"":-8.24946}",0.038919285,0.02277701,-0.016142275,0.96182835,0.97748041,0.014601417,0.0024584858,0.94722693,0.97502193,0.027794992,0.80481381,0.5456398,7.3530124,4.0120962,False,0.98224574,True,True,True,0.80481381,0.5456398,7.3530124,4.0120962,0.80035122,0.54170398,7.2292721,3.9161255,0.92536562,0.6493652,1.3432855,0.87228287,0.78521976,0.58877479,1.6435705,0.96769288,0.79406147,0.51786698,3.6477742,1.8890618,0.79909695,0.53900261,3.8044576,2.0506125,0.78091941,0.53320908,3.3496368,1.7860568,0.83530437,0.57040106,3.2497431,1.8536569
0b_rotation_best,file,14,baseline_rotation,9269,158.Bay_breasted_Warbler/Bay_Breasted_Warbler_0045_797135.jpg,158,157,158.Bay_breasted_Warbler,97,96,identity,identity,0,{},0.0074959677,0.0074959677,0,0.99253207,0.99253207,0.0013888046,0.0013888046,0.99114327,0.99114327,0,1,1,1.1204239,1.1204239,False,1,True,True,True,1,1,1.1204239,1.1204239,1,1,1.0999992,1.0999992,1,1,0.21295898,0.21295898,1,1,0.14904131,0.14904131,1,1,0.43348742,0.43348742,1,1,0.55070594,0.55070594,1,1,0.56320788,0.56320788,1,1,0.61594917,0.61594917
0b_rotation_best,file,14,baseline_rotation,9269,158.Bay_breasted_Warbler/Bay_Breasted_Warbler_0045_797135.jpg,158,157,158.Bay_breasted_Warbler,97,96,rotation,rotation,0,"{""angle"":1.090161}",0.0074959677,0.0079441778,0.00044821016,0.99253207,0.9920873,0.0013888046,0.00091391266,0.99114327,0.99117339,3.0122115e-05,0.91688701,1.1090739,1.1204239,1.2426329,False,0.99362701,True,True,True,0.91688701,1.1090739,1.1204239,1.2426329,0.91441804,1.1116766,1.0999992,1.2228434,0.98961806,1.0372241,0.21295898,0.22088618,0.71645401,1.3127378,0.14904131,0.19565217,0.87761039,1.1706392,0.43348742,0.50745736,0.91601495,1.0884613,0.55070594,0.5994221,0.9192668,1.1015839,0.56320788,0.62042076,0.94427012,1.0955081,0.61594917,0.6747773
0b_rotation_best,file,14,baseline_rotation,5852,100.Brown_Pelican/Brown_Pelican_0007_94078.jpg,100,99,100.Brown_Pelican,53,52,identity,identity,0,{},0.37909818,0.37909818,0,0.6844784,0.6844784,0.28059572,0.28059572,0.40388268,0.40388268,0,1,1,65.483189,65.483189,False,1,True,True,True,1,1,65.483189,65.483189,1,1,64.134232,64.134232,1,1,13.223019,13.223019,1,1,21.899737,21.899737,1,1,30.570438,30.570438,1,1,31.088092,31.088092,1,1,28.662847,28.662847,1,1,30.18313,30.18313
0b_rotation_best,file,14,baseline_rotation,5852,100.Brown_Pelican/Brown_Pelican_0007_94078.jpg,100,99,100.Brown_Pelican,53,52,rotation,rotation,0,"{""angle"":7.824522}",0.37909818,0.95228899,0.57319081,0.6844784,0.38585678,0.28059572,0.57560438,0.40388268,-0.1897476,-0.59363028,0.87992119,2.234048,65.483189,146.29259,False,0.98528051,False,True,False,0.87992119,2.234048,65.483189,146.29259,0.87645824,2.246183,64.134232,144.05722,0.98490743,1.9266578,13.223019,25.476233,0.94615045,2.6023613,21.899737,56.991028,0.88700894,2.2848478,30.570438,69.848799,0.85385591,2.241185,31.088092,69.674165,0.84028924,2.1829346,28.662847,62.569121,0.88896163,2.0574025,30.18313,62.098848
0b_rotation_best,file,14,baseline_rotation,2966,052.Pied_billed_Grebe/Pied_Billed_Grebe_0032_35931.jpg,52,51,052.Pied_billed_Grebe,34,33,identity,identity,0,{},0.0030292836,0.0030292836,0,0.9969753,0.9969753,0.00082367338,0.00082367338,0.99615163,0.99615163,0,1,1,0.43920176,0.43920176,False,1.0000001,True,True,True,1,1,0.43920176,0.43920176,1,1,0.42925641,0.42925641,1,1,0.092936093,0.092936093,1,1,0.085642931,0.085642931,1,1,0.17236679,0.17236679,1,1,0.21643794,0.21643794,1,1,0.2266696,0.2266696,1,1,0.22134037,0.22134037
0b_rotation_best,file,14,baseline_rotation,2966,052.Pied_billed_Grebe/Pied_Billed_Grebe_0032_35931.jpg,52,51,052.Pied_billed_Grebe,34,33,rotation,rotation,0,"{""angle"":8.468802}",0.0030292836,0.0027714674,-0.00025781617,0.9969753,0.99723238,0.00082367338,8.9803005e-05,0.99615163,0.99714257,0.00099094521,0.67665419,1.0648274,0.43920176,0.46767407,False,0.97874832,True,True,True,0.67665419,1.0648274,0.43920176,0.46767407,0.66600438,1.0681049,0.42925641,0.45849086,0.92295783,0.99233201,0.092936093,0.092223461,0.54958065,1.3340533,0.085642931,0.11425223,0.64845054,1.1338242,0.17236679,0.19543363,0.63086866,1.1082049,0.21643794,0.23985758,0.64303938,0.97366744,0.2266696,0.22070081,0.76607267,1.0374081,0.22134037,0.2296203
0b_rotation_best,file,14,baseline_rotation,2953,052.Pied_billed_Grebe/Pied_Billed_Grebe_0082_35356.jpg,52,51,052.Pied_billed_Grebe,51,50,identity,identity,0,{},0.016017923,0.016017923,0,0.9841097,0.9841097,0.0066755726,0.0066755726,0.97743413,0.97743413,0,1,1,2.5788581,2.5788581,False,0.99999994,True,True,True,1,1,2.5788581,2.5788581,1,1,2.5161481,2.5161481,1,1,0.56525029,0.56525029,1,1,0.51386539,0.51386539,1,1,1.0612552,1.0612552,1,1,1.2915647,1.2915647,1,1,1.2198538,1.2198538,1,1,1.3358511,1.3358511
0b_rotation_best,file,14,baseline_rotation,2953,052.Pied_billed_Grebe/Pied_Billed_Grebe_0082_35356.jpg,52,51,052.Pied_billed_Grebe,51,50,rotation,rotation,0,"{""angle"":5.419836}",0.016017923,0.0089953654,-0.0070225578,0.9841097,0.991045,0.0066755726,0.0037389607,0.97743413,0.98730604,0.0098719103,0.85255294,0.62505711,2.5788581,1.6119336,False,0.98774183,True,True,True,0.85255294,0.62505711,2.5788581,1.6119336,0.84622512,0.62628224,2.5161481,1.5758189,0.98410405,0.60026588,0.56525029,0.33930046,0.86283688,0.77545319,0.51386539,0.39847856,0.8312426,0.66840477,1.0612552,0.70934804,0.83733563,0.60421449,1.2915647,0.78038211,0.81385488,0.60844765,1.2198538,0.74221721,0.89473769,0.60878198,1.3358511,0.81324211
0b_rotation_best,file,14,baseline_rotation,6638,114.Black_throated_Sparrow/Black_Throated_Sparrow_0011_107115.jpg,114,113,114.Black_throated_Sparrow,85,84,identity,identity,0,{},0.0097038466,0.0097038466,0,0.99034309,0.99034309,0.0032351685,0.0032351685,0.98710793,0.98710793,0,1,1,1.4358507,1.4358507,False,1,True,True,True,1,1,1.4358507,1.4358507,1,1,1.4095942,1.4095942,1,1,0.27333363,0.27333363,1,1,0.30303524,0.30303524,1,1,0.63244979,0.63244979,1,1,0.70443174,0.70443174,1,1,0.68684823,0.68684823,1,1,0.72604976,0.72604976
0b_rotation_best,file,14,baseline_rotation,6638,114.Black_throated_Sparrow/Black_Throated_Sparrow_0011_107115.jpg,114,113,114.Black_throated_Sparrow,85,84,rotation,rotation,0,"{""angle"":4.040347}",0.0097038466,0.018707152,0.0090033058,0.99034309,0.98146671,0.0032351685,0.0046310318,0.98710793,0.97683568,-0.010272247,0.78201945,2.109779,1.4358507,3.0293276,False,0.97999209,True,True,True,0.78201945,2.109779,1.4358507,3.0293276,0.77557858,2.1151233,1.4095942,2.9814657,0.96878031,1.9623113,0.27333363,0.53636566,0.72593168,2.6276945,0.30303524,0.79628403,0.76837096,2.392424,0.63244979,1.5130881,0.75871617,2.2622736,0.70443174,1.5936174,0.73572362,1.8698659,0.68684823,1.2843141,0.87657797,1.8357896,0.72604976,1.3328746
0b_rotation_best,file,14,baseline_rotation,8966,153.Philadelphia_Vireo/Philadelphia_Vireo_0015_794778.jpg,153,152,153.Philadelphia_Vireo,200,199,identity,identity,0,{},0.52125162,0.52125162,0,0.59377688,0.59377688,0.31375468,0.31375468,0.2800222,0.2800222,0,1,1,86.700671,86.700671,False,1,True,True,True,1,1,86.700671,86.700671,1,1,85.504418,85.504418,1,1,14.352732,14.352732,1,1,16.569707,16.569707,1,1,36.459693,36.459693,1,1,47.51606,47.51606,1,1,43.334895,43.334895,1,1,39.641543,39.641543
0b_rotation_best,file,14,baseline_rotation,8966,153.Philadelphia_Vireo/Philadelphia_Vireo_0015_794778.jpg,153,152,153.Philadelphia_Vireo,200,199,rotation,rotation,0,"{""angle"":3.451549}",0.52125162,0.74064559,0.21939397,0.59377688,0.47680598,0.31375468,0.39308727,0.2800222,0.083718717,-0.19630349,0.88711636,1.2363912,86.700671,107.19595,False,0.9886868,True,True,True,0.88711636,1.2363912,86.700671,107.19595,0.88423631,1.2360514,85.504418,105.68785,0.98836213,1.2483921,14.352732,17.917838,0.86846368,1.2818952,16.569707,21.240628,0.85136492,1.2350077,36.459693,45.028003,0.87745584,1.27216,47.51606,60.448032,0.89552226,1.2101725,43.334895,52.442697,0.91353699,1.2063851,39.641543,47.822967
0b_rotation_best,file,14,baseline_rotation,5646,097.Orchard_Oriole/Orchard_Oriole_0006_91724.jpg,97,96,097.Orchard_Oriole,30,29,identity,identity,0,{},0.033622719,0.033622719,0,0.96693623,0.96693623,0.014567589,0.014567589,0.95236864,0.95236864,0,1,1,9.5749021,9.5749021,False,1,True,True,True,1,1,9.5749021,9.5749021,1,1,9.4797866,9.4797866,1,1,1.3462528,1.3462528,1,1,3.2576269,3.2576269,1,1,4.6705488,4.6705488,1,1,5.0302735,5.0302735,1,1,4.3150269,4.3150269,1,1,3.6765591,3.6765591
0b_rotation_best,file,14,baseline_rotation,5646,097.Orchard_Oriole/Orchard_Oriole_0006_91724.jpg,97,96,097.Orchard_Oriole,30,29,rotation,rotation,0,"{""angle"":-1.652569}",0.033622719,0.0039164522,-0.029706267,0.96693623,0.99609119,0.014567589,0.0017599256,0.95236864,0.99433126,0.04196262,0.90696587,0.1051698,9.5749021,1.0069905,False,0.98249429,True,True,True,0.90696587,0.1051698,9.5749021,1.0069905,0.90578119,0.10508133,9.4797866,0.99614857,0.96409665,0.1094668,1.3462528,0.14736998,0.90203122,0.10474638,3.2576269,0.34122461,0.90519553,0.10501333,4.6705488,0.49046989,0.91538574,0.10489052,5.0302735,0.52762798,0.89779765,0.10560563,4.3150269,0.45569116,0.90278798,0.10508643,3.6765591,0.38635646
0b_rotation_best,file,14,baseline_rotation,2734,048.European_Goldfinch/European_Goldfinch_0014_794672.jpg,48,47,048.European_Goldfinch,192,191,identity,identity,0,{},0.00036673972,0.00036673972,0,0.99963331,0.99963331,5.9198694e-05,5.9198694e-05,0.99957411,0.99957411,0,1,1,0.052448739,0.052448739,False,1,True,True,True,1,1,0.052448739,0.052448739,1,1,0.051153761,0.051153761,1,1,0.011582872,0.011582872,1,1,0.0084761603,0.0084761603,1,1,0.018450012,0.018450012,1,1,0.021782166,0.021782166,1,1,0.023742774,0.023742774,1,1,0.034150797,0.034150797
0b_rotation_best,file,14,baseline_rotation,2734,048.European_Goldfinch/European_Goldfinch_0014_794672.jpg,48,47,048.European_Goldfinch,192,191,rotation,rotation,0,"{""angle"":-3.084932}",0.00036673972,0.00028772984,-7.9009886e-05,0.99963331,0.99971229,5.9198694e-05,6.3932719e-05,0.99957411,0.99964836,7.4242129e-05,0.85792283,0.77934888,0.052448739,0.040875866,False,0.99330693,True,True,True,0.85792283,0.77934888,0.052448739,0.040875866,0.85093595,0.77831926,0.051153761,0.039813957,0.99092478,0.79916532,0.011582872,0.0092566293,0.61146637,0.63686052,0.0084761603,0.0053981319,0.78766911,0.79668516,0.018450012,0.014698851,0.75795028,0.7626903,0.021782166,0.016613047,0.82843047,0.78695755,0.023742774,0.018684556,0.93055181,0.78290015,0.034150797,0.026736664
0b_rotation_best,file,14,baseline_rotation,3949,068.Ruby_throated_Hummingbird/Ruby_Throated_Hummingbird_0055_57781.jpg,68,67,068.Ruby_throated_Hummingbird,67,66,identity,identity,0,{},0.049361933,0.049361933,0,0.95183659,0.95183659,0.010081336,0.010081336,0.94175525,0.94175525,0,1,1,6.7525813,6.7525813,False,1.0000001,True,True,True,1,1,6.7525813,6.7525813,1,1,6.6061721,6.6061721,1,1,1.3985151,1.3985151,1,1,2.018794,2.018794,1,1,2.8236542,2.8236542,1,1,3.264199,3.264199,1,1,3.1494287,3.1494287,1,1,3.3194973,3.3194973
0b_rotation_best,file,14,baseline_rotation,3949,068.Ruby_throated_Hummingbird/Ruby_Throated_Hummingbird_0055_57781.jpg,68,67,068.Ruby_throated_Hummingbird,67,66,rotation,rotation,0,"{""angle"":-6.756088}",0.049361933,0.11932246,0.069960523,0.95183659,0.88752156,0.010081336,0.030845117,0.94175525,0.85667645,-0.085078802,0.82633627,2.4518724,6.7525813,16.556468,False,0.98029262,True,True,True,0.82633627,2.4518724,6.7525813,16.556468,0.82007837,2.4583714,6.6061721,16.240425,0.97716183,2.3020895,1.3985151,3.2195068,0.83577819,1.9435993,2.018794,3.9237265,0.78974921,2.5220159,2.8236542,7.1213006,0.8152282,2.5592038,3.264199,8.3537503,0.81043807,2.548291,3.1494287,8.0256608,0.8611038,2.3995589,3.3194973,7.9653292
0b_rotation_best,file,14,baseline_rotation,8324,142.Black_Tern/Black_Tern_0082_144372.jpg,142,141,142.Black_Tern,30,29,identity,identity,0,{},1.9365035,1.9365035,0,0.14420728,0.14420728,0.3496882,0.3496882,-0.20548092,-0.20548092,0,1,1,146.39038,146.39038,False,1,True,False,False,1,1,146.39038,146.39038,1,1,143.33578,143.33578,1,1,29.748935,29.748935,1,1,60.636948,60.636948,1,1,63.260697,63.260697,1,1,68.305698,68.305698,1,1,61.862407,61.862407,1,1,66.134437,66.134437
0b_rotation_best,file,14,baseline_rotation,8324,142.Black_Tern/Black_Tern_0082_144372.jpg,142,141,142.Black_Tern,30,29,rotation,rotation,0,"{""angle"":13.823643}",1.9365035,0.81275016,-1.1237534,0.14420728,0.4436363,0.3496882,0.033707608,-0.20548092,0.40992869,0.61540961,0.77614444,0.79144867,146.39038,115.86047,False,0.95012534,False,False,True,0.77614444,0.79144867,146.39038,115.86047,0.77361676,0.79668618,143.33578,114.19363,0.86085534,0.65824969,29.748935,19.582227,0.9325189,0.90384959,60.636948,54.80668,0.76912809,0.81877751,63.260697,51.796436,0.75705358,0.74065472,68.305698,50.590938,0.69605506,0.78727619,61.862407,48.7028,0.7158961,0.74416919,66.134437,49.21521
0b_rotation_best,file,14,baseline_rotation,8209,140.Summer_Tanager/Summer_Tanager_0058_139427.jpg,140,139,140.Summer_Tanager,139,138,identity,identity,0,{},0.0011770948,0.0011770948,0,0.99882358,0.99882358,0.00048010741,0.00048010741,0.99834348,0.99834348,0,1,1,0.15294692,0.15294692,False,1,True,True,True,1,1,0.15294692,0.15294692,1,1,0.14861237,0.14861237,1,1,0.036154188,0.036154188,1,1,0.029804071,0.029804071,1,1,0.067969289,0.067969289,1,1,0.065611043,0.065611043,1,1,0.070763344,0.070763344,1,1,0.085236552,0.085236552
0b_rotation_best,file,14,baseline_rotation,8209,140.Summer_Tanager/Summer_Tanager_0058_139427.jpg,140,139,140.Summer_Tanager,139,138,rotation,rotation,0,"{""angle"":10.831409}",0.0011770948,0.0011579244,-1.9170344e-05,0.99882358,0.99884272,0.00048010741,0.00064857322,0.99834348,0.99819414,-0.00014933271,0.80330525,1.0282829,0.15294692,0.15727271,False,0.99299788,True,True,True,0.80330525,1.0282829,0.15294692,0.15727271,0.7921686,1.0256989,0.14861237,0.15243155,0.98422134,1.0710002,0.036154188,0.038721142,0.79176682,0.84423931,0.029804071,0.025161769,0.79424563,0.89416456,0.067969289,0.060775729,0.65265834,0.99273009,0.065611043,0.065134057,0.7807563,1.110165,0.070763344,0.078558986,0.88353885,1.0812993,0.085236552,0.092166228
0b_rotation_best,file,14,baseline_rotation,11708,199.Winter_Wren/Winter_Wren_0051_189990.jpg,199,198,199.Winter_Wren,11,10,identity,identity,0,{},2.4660978,2.4660978,0,0.084915578,0.084915578,0.2703748,0.2703748,-0.18545923,-0.18545923,0,1,1,107.9376,107.9376,False,0.99999994,True,False,False,1,1,107.9376,107.9376,1,1,104.82794,104.82794,1,1,25.722136,25.722136,1,1,24.445932,24.445932,1,1,39.014369,39.014369,1,1,51.366556,51.366556,1,1,52.862751,52.862751,1,1,58.61893,58.61893
0b_rotation_best,file,14,baseline_rotation,11708,199.Winter_Wren/Winter_Wren_0051_189990.jpg,199,198,199.Winter_Wren,11,10,rotation,rotation,0,"{""angle"":-13.473958}",2.4660978,2.7462473,0.28014946,0.084915578,0.064168207,0.2703748,0.10837881,-0.18545923,-0.044210605,0.14124862,0.6602982,1.0051111,107.9376,108.48928,False,0.96733242,False,False,False,0.6602982,1.0051111,107.9376,108.48928,0.64244499,1.0023832,104.82794,105.07777,0.94419193,1.0493811,25.722136,26.992323,0.50727491,0.88276927,24.445932,21.580118,0.59425988,1.1076428,39.014369,43.213986,0.61965129,0.99526854,51.366556,51.123517,0.6160855,0.99624986,52.862751,52.664508,0.72959989,0.98310079,58.61893,57.628317
0b_rotation_best,file,14,baseline_rotation,515,010.Red_winged_Blackbird/Red_Winged_Blackbird_0046_4242.jpg,10,9,010.Red_winged_Blackbird,97,96,identity,identity,0,{},0.0062569915,0.0062569915,0,0.99376255,0.99376255,0.0013172346,0.0013172346,0.99244532,0.99244532,0,1,1,0.71698974,0.71698974,False,0.99999988,True,True,True,1,1,0.71698974,0.71698974,1,1,0.69614188,0.69614188,1,1,0.17164137,0.17164137,1,1,0.19117912,0.19117912,1,1,0.31187014,0.31187014,1,1,0.29364402,0.29364402,1,1,0.30849312,0.30849312,1,1,0.41158993,0.41158993
0b_rotation_best,file,14,baseline_rotation,515,010.Red_winged_Blackbird/Red_Winged_Blackbird_0046_4242.jpg,10,9,010.Red_winged_Blackbird,97,96,rotation,rotation,0,"{""angle"":9.513422}",0.0062569915,0.0022576577,-0.0039993338,0.99376255,0.99774492,0.0013172346,0.00030912273,0.99244532,0.9974358,0.004990477,0.73544083,0.37517623,0.71698974,0.26899751,False,0.97756267,True,True,True,0.73544083,0.37517623,0.71698974,0.26899751,0.7201439,0.37242631,0.69614188,0.25926155,0.96428647,0.41782153,0.17164137,0.071715461,0.79589224,0.39326242,0.19117912,0.075183561,0.72521892,0.36785214,0.31187014,0.1147221,0.64789262,0.38184666,0.29364402,0.11212699,0.63153392,0.37585243,0.30849312,0.11594789,0.79024234,0.36351964,0.41158993,0.14962102
0b_rotation_best,file,14,baseline_rotation,3542,061.Heermann_Gull/Heermann_Gull_0079_45468.jpg,61,60,061.Heermann_Gull,66,65,identity,identity,0,{},0.16939762,0.16939762,0,0.84417319,0.84417319,0.038790826,0.038790826,0.80538237,0.80538237,0,1,1,26.740882,26.740882,False,1,True,True,True,1,1,26.740882,26.740882,1,1,26.387131,26.387131,1,1,4.3352181,4.3352181,1,1,8.1147378,8.1147378,1,1,12.747386,12.747386,1,1,13.890276,13.890276,1,1,12.001499,12.001499,1,1,11.44378,11.44378
0b_rotation_best,file,14,baseline_rotation,3542,061.Heermann_Gull/Heermann_Gull_0079_45468.jpg,61,60,061.Heermann_Gull,66,65,rotation,rotation,0,"{""angle"":-4.230178}",0.16939762,0.12263572,-0.0467619,0.84417319,0.88458586,0.038790826,0.031927221,0.80538237,0.85265864,0.04727627,0.86667958,0.7748827,26.740882,20.721047,False,0.9870621,True,True,True,0.86667958,0.7748827,26.740882,20.721047,0.86335618,0.77331664,26.387131,20.405607,0.98344948,0.83082397,4.3352181,3.6018031,0.78991657,0.71914862,8.1147378,5.8357025,0.86592131,0.79103621,12.747386,10.083644,0.87294703,0.76259945,13.890276,10.592717,0.85391019,0.78239518,12.001499,9.389915,0.89225858,0.78293739,11.44378,8.959763
0b_rotation_best,file,14,baseline_rotation,11652,198.Rock_Wren/Rock_Wren_0063_189121.jpg,198,197,198.Rock_Wren,104,103,identity,identity,0,{},0.019653702,0.019653702,0,0.98053819,0.98053819,0.0063373684,0.0063373684,0.97420082,0.97420082,0,1,1,3.4802384,3.4802384,False,1,True,True,True,1,1,3.4802384,3.4802384,1,1,3.4205683,3.4205683,1,1,0.64169435,0.64169435,1,1,0.83863996,0.83863996,1,1,1.9000967,1.9000967,1,1,1.8834584,1.8834584,1,1,1.3668766,1.3668766,1,1,1.4038647,1.4038647
0b_rotation_best,file,14,baseline_rotation,11652,198.Rock_Wren/Rock_Wren_0063_189121.jpg,198,197,198.Rock_Wren,104,103,rotation,rotation,0,"{""angle"":-0.004473}",0.019653702,0.021433277,0.0017795749,0.98053819,0.97879481,0.0063373684,0.0069580409,0.97420082,0.97183677,-0.0023640487,0.99287672,1.0875934,3.4802384,3.7850842,False,0.99981213,True,True,True,0.99287672,1.0875934,3.4802384,3.7850842,0.9926344,1.0876927,3.4205683,3.7205273,0.9997842,1.0847662,0.64169435,0.69608835,0.99298483,1.0849447,0.83863996,0.90987797,0.99300313,1.0895368,1.9000967,2.0702253,0.99283317,1.0894483,1.8834584,2.0519304,0.9907407,1.0830169,1.3668766,1.4803505,0.99327819,1.0865514,1.4038647,1.5253711
0b_rotation_best,file,14,baseline_rotation,4289,074.Florida_Jay/Florida_Jay_0092_64924.jpg,74,73,074.Florida_Jay,72,71,identity,identity,0,{},4.7288666,4.7288666,0,0.0088364827,0.0088364827,0.21727987,0.21727987,-0.20844338,-0.20844338,0,1,1,187.04034,187.04034,False,1,True,False,False,1,1,187.04034,187.04034,1,1,185.20037,185.20037,1,1,26.170821,26.170821,1,1,73.668893,73.668893,1,1,105.40127,105.40127,1,1,81.893186,81.893186,1,1,75.300199,75.300199,1,1,73.389586,73.389586
0b_rotation_best,file,14,baseline_rotation,4289,074.Florida_Jay/Florida_Jay_0092_64924.jpg,74,73,074.Florida_Jay,72,71,rotation,rotation,0,"{""angle"":-10.623782}",4.7288666,5.0758629,0.34699631,0.0088364827,0.0062456946,0.21727987,0.20138286,-0.20844338,-0.19513717,0.013306218,0.82646586,1.1539813,187.04034,215.84106,False,0.94790983,True,False,False,0.82646586,1.1539813,187.04034,215.84106,0.82447972,1.1561894,185.20037,214.12671,0.94209132,1.03741,26.170821,27.149871,0.94896665,1.3285069,73.668893,97.869635,0.90038064,1.1567883,105.40127,121.92696,0.75544084,1.1715294,81.893186,95.940277,0.70743049,1.0948615,75.300199,82.443285,0.73320661,1.0016821,73.389586,73.513031
0b_rotation_best,file,14,baseline_rotation,4332,075.Green_Jay/Green_Jay_0075_65701.jpg,75,74,075.Green_Jay,168,167,identity,identity,0,{},0.095864914,0.095864914,0,0.90858674,0.90858674,0.025272673,0.025272673,0.88331407,0.88331407,0,1,1,14.375028,14.375028,False,1,True,True,True,1,1,14.375028,14.375028,1,1,14.157973,14.157973,1,1,2.4886184,2.4886184,1,1,3.5643671,3.5643671,1,1,6.274783,6.274783,1,1,7.4746831,7.4746831,1,1,6.8023379,6.8023379,1,1,6.7991099,6.7991099
0b_rotation_best,file,14,baseline_rotation,4332,075.Green_Jay/Green_Jay_0075_65701.jpg,75,74,075.Green_Jay,168,167,rotation,rotation,0,"{""angle"":6.457788}",0.095864914,0.064560033,-0.031304881,0.90858674,0.93747985,0.025272673,0.011651835,0.88331407,0.92582802,0.042513951,0.8166005,0.75752761,14.375028,10.88948,False,0.97529221,True,True,True,0.8166005,0.75752761,14.375028,10.88948,0.81213805,0.75828715,14.157973,10.735809,0.96658547,0.73251931,2.4886184,1.822961,0.81580375,0.74534591,3.5643671,2.6566864,0.83085618,0.81081108,6.274783,5.0876636,0.81063135,0.76430165,7.4746831,5.7129127,0.77279651,0.74150355,6.8023379,5.0439578,0.83837625,0.72407255,6.7991099,4.9230489
0b_rotation_best,file,14,baseline_rotation,4183,072.Pomarine_Jaeger/Pomarine_Jaeger_0039_61348.jpg,72,71,072.Pomarine_Jaeger,30,29,identity,identity,0,{},0.010284523,0.010284523,0,0.98976821,0.98976821,0.0062389076,0.0062389076,0.9835293,0.9835293,0,1,1,2.3500513,2.3500513,False,1,True,True,True,1,1,2.3500513,2.3500513,1,1,2.306718,2.306718,1,1,0.44921347,0.44921347,1,1,0.47282012,0.47282012,1,1,1.1683636,1.1683636,1,1,1.1767302,1.1767302,1,1,1.0840594,1.0840594,1,1,1.0827913,1.0827913
0b_rotation_best,file,14,baseline_rotation,4183,072.Pomarine_Jaeger/Pomarine_Jaeger_0039_61348.jpg,72,71,072.Pomarine_Jaeger,30,29,rotation,rotation,0,"{""angle"":4.005578}",0.010284523,0.042319782,0.032035259,0.98976821,0.95856321,0.0062389076,0.018458894,0.9835293,0.94010432,-0.043424984,0.88040028,3.7988526,2.3500513,8.9274983,False,0.986642,True,True,True,0.88040028,3.7988526,2.3500513,8.9274983,0.87709185,3.802268,2.306718,8.7707601,0.97013363,3.7076605,0.44921347,1.6655311,0.7938384,3.9581761,0.47282012,1.8715053,0.89793539,3.6568428,1.1683636,4.2725221,0.8765949,3.918547,1.1767302,4.6110727,0.86062976,3.8967857,1.0840594,4.2243472,0.89009086,3.7013244,1.0827913,4.007762
0b_rotation_best,file,14,baseline_rotation,5357,092.Nighthawk/Nighthawk_0034_82578.jpg,92,91,092.Nighthawk,105,104,identity,identity,0,{},3.7031751,3.7031751,0,0.024645153,0.024645153,0.95566797,0.95566797,-0.93102282,-0.93102282,0,1,1,259.48725,259.48725,False,1,True,False,False,1,1,259.48725,259.48725,1,1,255.35083,255.35083,1,1,46.147459,46.147459,1,1,36.649416,36.649416,1,1,127.24371,127.24371,1,1,149.48876,149.48876,1,1,121.96095,121.96095,1,1,102.21813,102.21813
0b_rotation_best,file,14,baseline_rotation,5357,092.Nighthawk/Nighthawk_0034_82578.jpg,92,91,092.Nighthawk,105,104,rotation,rotation,0,"{""angle"":6.119156}",3.7031751,1.5299587,-2.1732163,0.024645153,0.2165446,0.95566797,0.73094243,-0.93102282,-0.51439783,0.41662499,0.86465366,0.79259596,259.48725,205.66855,False,0.96915281,True,False,False,0.86465366,0.79259596,259.48725,205.66855,0.8619121,0.79561809,255.35083,203.16174,0.96883198,0.69372003,46.147459,32.013417,0.80781274,0.88356563,36.649416,32.382164,0.88782416,0.77823281,127.24371,99.025228,0.85836064,0.80993578,149.48876,121.07629,0.84903118,0.80044222,121.96095,97.622693,0.85811901,0.77220258,102.21813,78.933101
0b_rotation_best,file,14,baseline_rotation,10491,179.Tennessee_Warbler/Tennessee_Warbler_0084_174891.jpg,179,178,179.Tennessee_Warbler,173,172,identity,identity,0,{},0.22865498,0.22865498,0,0.79560298,0.79560298,0.038068891,0.038068891,0.75753409,0.75753409,0,1,1,34.988888,34.988888,False,1,True,True,True,1,1,34.988888,34.988888,1,1,34.479217,34.479217,1,1,5.9502853,5.9502853,1,1,6.5663362,6.5663362,1,1,14.780916,14.780916,1,1,20.777571,20.777571,1,1,16.274135,16.274135,1,1,15.187798,15.187798
0b_rotation_best,file,14,baseline_rotation,10491,179.Tennessee_Warbler/Tennessee_Warbler_0084_174891.jpg,179,178,179.Tennessee_Warbler,173,172,rotation,rotation,0,"{""angle"":14.233955}",0.22865498,0.67627358,0.4476186,0.79560298,0.50850838,0.038068891,0.019229066,0.75753409,0.48927932,-0.26825477,0.71104362,2.5440122,34.988888,89.012158,False,0.95144862,True,True,True,0.71104362,2.5440122,34.988888,89.012158,0.70471627,2.5336835,34.479217,87.359424,0.90397317,2.8693128,5.9502853,17.07323,0.64462702,2.4296787,6.5663362,15.954087,0.69716743,2.4928823,14.780916,36.847085,0.73360559,2.6337746,20.777571,54.723439,0.64941024,2.5217986,16.274135,41.040091,0.7329587,2.4106608,15.187798,36.61263
0b_rotation_best,file,14,baseline_rotation,1357,025.Pelagic_Cormorant/Pelagic_Cormorant_0017_23875.jpg,25,24,025.Pelagic_Cormorant,44,43,identity,identity,0,{},0.76605165,0.76605165,0,0.46484482,0.46484482,0.18745135,0.18745135,0.27739348,0.27739348,0,1,1,79.41088,79.41088,False,1.0000001,True,True,True,1,1,79.41088,79.41088,1,1,76.980558,76.980558,1,1,19.495679,19.495679,1,1,26.981616,26.981616,1,1,28.011857,28.011857,1,1,38.673991,38.673991,1,1,35.56354,35.56354,1,1,40.65577,40.65577
0b_rotation_best,file,14,baseline_rotation,1357,025.Pelagic_Cormorant/Pelagic_Cormorant_0017_23875.jpg,25,24,025.Pelagic_Cormorant,44,43,rotation,rotation,0,"{""angle"":6.155899}",0.76605165,0.86872447,0.10267282,0.46484482,0.41948628,0.18745135,0.35104588,0.27739348,0.068440408,-0.20895307,0.74479556,1.1339905,79.41088,90.051186,False,0.97411799,True,True,True,0.74479556,1.1339905,79.41088,90.051186,0.73157924,1.1319788,76.980558,87.140359,0.9453192,1.1649073,19.495679,22.710659,0.77715205,1.0929873,26.981616,29.490562,0.48688557,0.9856357,28.011857,27.609486,0.73459479,1.1032428,38.673991,42.666801,0.70941839,1.1998017,35.56354,42.669197,0.82920699,1.1848257,40.65577,48.17
0b_rotation_best,file,14,baseline_rotation,9675,165.Chestnut_sided_Warbler/Chestnut_Sided_Warbler_0069_163921.jpg,165,164,165.Chestnut_sided_Warbler,158,157,identity,identity,0,{},0.19956325,0.19956325,0,0.8190884,0.8190884,0.043011114,0.043011114,0.77607729,0.77607729,0,1,1,22.868287,22.868287,False,1,True,True,True,1,1,22.868287,22.868287,1,1,22.260667,22.260667,1,1,5.2365296,5.2365296,1,1,4.0837234,4.0837234,1,1,8.7287717,8.7287717,1,1,12.6394,12.6394,1,1,11.201717,11.201717,1,1,10.836796,10.836796
0b_rotation_best,file,14,baseline_rotation,9675,165.Chestnut_sided_Warbler/Chestnut_Sided_Warbler_0069_163921.jpg,165,164,165.Chestnut_sided_Warbler,158,157,rotation,rotation,0,"{""angle"":-0.357886}",0.19956325,0.10829734,-0.091265909,0.8190884,0.89736074,0.043011114,0.023947356,0.77607729,0.87341339,0.0973361,0.89862296,0.61004169,22.868287,13.950608,False,0.99171448,True,True,True,0.89862296,0.61004169,22.868287,13.950608,0.89405199,0.6116223,22.260667,13.615121,0.98676586,0.5807371,5.2365296,3.041047,0.80140862,0.48946575,4.0837234,1.9988427,0.83067997,0.63750531,8.7287717,5.5646383,0.90434379,0.61663451,12.6394,7.7938905,0.90581964,0.59882308,11.201717,6.7078466,0.92409103,0.61675395,10.836796,6.683637
0b_rotation_best,file,14,baseline_rotation,570,011.Rusty_Blackbird/Rusty_Blackbird_0114_6760.jpg,11,10,011.Rusty_Blackbird,9,8,identity,identity,0,{},2.6364925,2.6364925,0,0.071612008,0.071612008,0.88935536,0.88935536,-0.81774335,-0.81774335,0,1,1,171.14136,171.14136,False,1,True,False,False,1,1,171.14136,171.14136,1,1,166.39931,166.39931,1,1,40.007908,40.007908,1,1,43.658219,43.658219,1,1,81.148127,81.148127,1,1,78.14305,78.14305,1,1,79.031877,79.031877,1,1,82.736319,82.736319
0b_rotation_best,file,14,baseline_rotation,570,011.Rusty_Blackbird/Rusty_Blackbird_0114_6760.jpg,11,10,011.Rusty_Blackbird,9,8,rotation,rotation,0,"{""angle"":14.657863}",2.6364925,3.0502901,0.41379762,0.071612008,0.047345188,0.88935536,0.94171089,-0.81774335,-0.8943657,-0.076622348,0.79868797,0.92497993,171.14136,158.30232,False,0.96229631,True,False,False,0.79868797,0.92497993,171.14136,158.30232,0.78824081,0.91518059,166.39931,152.28542,0.96208579,1.0805197,40.007908,43.229333,0.69737738,0.96630315,43.658219,42.187075,0.83271871,0.89866117,81.148127,72.92467,0.75382785,0.84033935,78.14305,65.66668,0.7557736,0.88277474,79.031877,69.767344,0.83243001,1.0049691,82.736319,83.147441
0b_rotation_best,file,14,baseline_rotation,862,016.Painted_Bunting/Painted_Bunting_0034_15207.jpg,16,15,016.Painted_Bunting,170,169,identity,identity,0,{},0.0050128018,0.0050128018,0,0.99499977,0.99499977,0.0014768258,0.0014768258,0.99352294,0.99352294,0,1,1,0.75481012,0.75481012,False,1,True,True,True,1,1,0.75481012,0.75481012,1,1,0.7422479,0.7422479,1,1,0.13713634,0.13713634,1,1,0.18214772,0.18214772,1,1,0.28457108,0.28457108,1,1,0.36308553,0.36308553,1,1,0.3663059,0.3663059,1,1,0.41323399,0.41323399
0b_rotation_best,file,14,baseline_rotation,862,016.Painted_Bunting/Painted_Bunting_0034_15207.jpg,16,15,016.Painted_Bunting,170,169,rotation,rotation,0,"{""angle"":4.303533}",0.0050128018,0.003759461,-0.0012533409,0.99499977,0.99624759,0.0014768258,0.001022458,0.99352294,0.99522513,0.0017021911,0.85039676,0.73743059,0.75481012,0.55662007,False,0.99264902,True,True,True,0.85039676,0.73743059,0.75481012,0.55662007,0.84532639,0.73529984,0.7422479,0.54577476,0.9900684,0.79732822,0.13713634,0.10934267,0.84173864,0.66533286,0.18214772,0.12118886,0.71984421,0.6692625,0.28457108,0.19045275,0.8056779,0.77713838,0.36308553,0.2821677,0.85259196,0.73686183,0.3663059,0.26991684,0.9292681,0.7436626,0.41323399,0.30730666
0b_rotation_best,file,14,baseline_rotation,8466,145.Elegant_Tern/Elegant_Tern_0032_150488.jpg,145,144,145.Elegant_Tern,147,146,identity,identity,0,{},0.27310243,0.27310243,0,0.76101482,0.76101482,0.058790769,0.058790769,0.70222405,0.70222405,0,1,1,31.067784,31.067784,False,1,True,True,True,1,1,31.067784,31.067784,1,1,30.448649,30.448649,1,1,6.1714646,6.1714646,1,1,5.5625676,5.5625676,1,1,12.512511,12.512511,1,1,14.691579,14.691579,1,1,14.636989,14.636989,1,1,17.593499,17.593499
0b_rotation_best,file,14,baseline_rotation,8466,145.Elegant_Tern/Elegant_Tern_0032_150488.jpg,145,144,145.Elegant_Tern,147,146,rotation,rotation,0,"{""angle"":-14.886423}",0.27310243,0.051594187,-0.22150825,0.76101482,0.94971418,0.058790769,0.011300292,0.70222405,0.93841389,0.23618984,0.73562627,0.22102445,31.067784,6.86674,False,0.96554482,True,True,True,0.73562627,0.22102445,31.067784,6.86674,0.72546378,0.21896737,30.448649,6.6672607,0.95250261,0.2662403,6.1714646,1.6430926,0.64294253,0.20312217,5.5625676,1.1298808,0.7001204,0.20725849,12.512511,2.5933242,0.71172806,0.21261531,14.691579,3.1236546,0.67293701,0.21595351,14.636989,3.1609092,0.78886584,0.23228969,17.593499,4.0867884
0b_rotation_best,file,14,baseline_rotation,2787,049.Boat_tailed_Grackle/Boat_Tailed_Grackle_0030_33615.jpg,49,48,049.Boat_tailed_Grackle,11,10,identity,identity,0,{},1.1744251,1.1744251,0,0.30899653,0.30899653,0.36874577,0.36874577,-0.059749246,-0.059749246,0,1,1,124.95613,124.95613,False,1.0000001,True,False,False,1,1,124.95613,124.95613,1,1,123.38298,123.38298,1,1,19.765485,19.765485,1,1,62.849317,62.849317,1,1,59.756646,59.756646,1,1,50.130048,50.130048,1,1,50.983122,50.983122,1,1,50.893674,50.893674
0b_rotation_best,file,14,baseline_rotation,2787,049.Boat_tailed_Grackle/Boat_Tailed_Grackle_0030_33615.jpg,49,48,049.Boat_tailed_Grackle,11,10,rotation,rotation,0,"{""angle"":6.787145}",1.1744251,1.7538686,0.57944345,0.30899653,0.17310299,0.36874577,0.40171063,-0.059749246,-0.22860764,-0.16885839,0.79112503,1.176838,124.95613,147.05312,False,0.98420459,True,False,False,0.79112503,1.176838,124.95613,147.05312,0.78609615,1.1733036,123.38298,144.76569,0.97151154,1.3071442,19.765485,25.836339,0.86724245,1.0445962,62.849317,65.652157,0.71208161,1.1008721,59.756646,65.784427,0.72697808,1.253574,50.130048,62.841723,0.7767811,1.2695656,50.983122,64.726417,0.85385845,1.2704618,50.893674,64.658467
0b_rotation_best,file,14,baseline_rotation,2661,047.American_Goldfinch/American_Goldfinch_0053_32359.jpg,47,46,047.American_Goldfinch,177,176,identity,identity,0,{},0.039088391,0.039088391,0,0.96166569,0.96166569,0.0077274661,0.0077274661,0.95393822,0.95393822,0,1,1,6.9343373,6.9343373,False,1,True,True,True,1,1,6.9343373,6.9343373,1,1,6.8639556,6.8639556,1,1,0.98546802,0.98546802,1,1,1.7271642,1.7271642,1,1,3.0309268,3.0309268,1,1,3.5338546,3.5338546,1,1,3.4180023,3.4180023,1,1,3.2822866,3.2822866
0b_rotation_best,file,14,baseline_rotation,2661,047.American_Goldfinch/American_Goldfinch_0053_32359.jpg,47,46,047.American_Goldfinch,177,176,rotation,rotation,0,"{""angle"":13.407675}",0.039088391,0.099125415,0.060037024,0.96166569,0.9056291,0.0077274661,0.029232617,0.95393822,0.87639648,-0.077541743,0.79333711,2.7889164,6.9343373,19.339287,False,0.95708752,True,True,True,0.79333711,2.7889164,6.9343373,19.339287,0.79034334,2.788839,6.8639556,19.142467,0.93837733,2.7926672,0.98546802,2.7520842,0.85177598,2.827438,1.7271642,4.8834496,0.82332668,2.7051865,3.0309268,8.1992222,0.81436341,3.0992973,3.5338546,10.952466,0.74205123,2.7568644,3.4180023,9.4229687,0.77576124,2.486525,3.2822866,8.1614877
0b_rotation_best,file,14,baseline_rotation,10932,186.Cedar_Waxwing/Cedar_Waxwing_0031_178929.jpg,186,185,186.Cedar_Waxwing,78,77,identity,identity,0,{},3.0357628,3.0357628,0,0.048037998,0.048037998,0.21243995,0.21243995,-0.16440196,-0.16440196,0,1,1,251.09964,251.09964,False,1,True,False,False,1,1,251.09964,251.09964,1,1,249.16736,249.16736,1,1,31.091052,31.091052,1,1,66.838698,66.838698,1,1,123.44998,123.44998,1,1,140.81067,140.81067,1,1,120.35003,120.35003,1,1,89.806964,89.806964
0b_rotation_best,file,14,baseline_rotation,10932,186.Cedar_Waxwing/Cedar_Waxwing_0031_178929.jpg,186,185,186.Cedar_Waxwing,78,77,rotation,rotation,0,"{""angle"":-0.881884}",3.0357628,3.7264252,0.69066238,0.048037998,0.024078764,0.21243995,0.15893884,-0.16440196,-0.13486008,0.02954188,0.94948804,1.0802718,251.09964,271.25586,False,0.993626,False,False,False,0.94948804,1.0802718,251.09964,271.25586,0.94894218,1.0808154,249.16736,269.30392,0.98629467,1.0447674,31.091052,32.482917,0.94992307,1.139871,66.838698,76.18749,0.94907881,1.1241115,123.44998,138.77154,0.94684808,1.0806668,140.81067,152.16941,0.95348246,1.0498734,120.35003,126.3523,0.94996304,1.0170156,89.806964,91.33508
0b_rotation_best,file,14,baseline_rotation,7598,130.Tree_Sparrow/Tree_Sparrow_0039_124140.jpg,130,129,130.Tree_Sparrow,133,132,identity,identity,0,{},2.3025322,2.3025322,0,0.10000528,0.10000528,0.5441767,0.5441767,-0.44417141,-0.44417141,0,1,1,193.28785,193.28785,False,1,True,False,False,1,1,193.28785,193.28785,1,1,191.58863,191.58863,1,1,25.573247,25.573247,1,1,54.631854,54.631854,1,1,92.525224,92.525224,1,1,106.1244,106.1244,1,1,87.918417,87.918417,1,1,78.540494,78.540494
0b_rotation_best,file,14,baseline_rotation,7598,130.Tree_Sparrow/Tree_Sparrow_0039_124140.jpg,130,129,130.Tree_Sparrow,133,132,rotation,rotation,0,"{""angle"":-2.282451}",2.3025322,2.9558876,0.65335536,0.10000528,0.052032456,0.5441767,0.67783064,-0.44417141,-0.62579818,-0.18162677,0.89641891,1.2188701,193.28785,235.59278,False,0.98574936,True,False,False,0.89641891,1.2188701,193.28785,235.59278,0.89503978,1.220268,191.58863,233.78947,0.98161244,1.1376607,25.573247,29.093679,0.87979054,1.1281322,54.631854,61.631954,0.89808731,1.288057,92.525224,119.17777,0.89503147,1.2407741,106.1244,131.6764,0.88532652,1.1999962,87.918417,105.50176,0.91546086,1.1519997,78.540494,90.478627
0b_rotation_best,file,14,baseline_rotation,5609,096.Hooded_Oriole/Hooded_Oriole_0079_89978.jpg,96,95,096.Hooded_Oriole,55,54,identity,identity,0,{},0.1471571,0.1471571,0,0.86315835,0.86315835,0.068093315,0.068093315,0.79506503,0.79506503,0,1,1,20.664496,20.664496,False,0.99999994,True,True,True,1,1,20.664496,20.664496,1,1,20.204344,20.204344,1,1,4.3365733,4.3365733,1,1,3.8918317,3.8918317,1,1,7.7035071,7.7035071,1,1,10.373487,10.373487,1,1,10.361442,10.361442,1,1,10.897542,10.897542
0b_rotation_best,file,14,baseline_rotation,5609,096.Hooded_Oriole/Hooded_Oriole_0079_89978.jpg,96,95,096.Hooded_Oriole,55,54,rotation,rotation,0,"{""angle"":-3.416476}",0.1471571,0.06094994,-0.086207163,0.86315835,0.94087034,0.068093315,0.029256163,0.79506503,0.91161418,0.11654915,0.87682129,0.43644886,20.664496,9.0189957,False,0.99061906,True,True,True,0.87682129,0.43644886,20.664496,9.0189957,0.87167231,0.4363579,20.204344,8.8163252,0.98807299,0.43841862,4.3365733,1.9012345,0.8765353,0.52364912,3.8918317,2.0379542,0.81300881,0.45817767,7.7035071,3.5295749,0.85466609,0.4377667,10.373487,4.5411672,0.86951103,0.41615774,10.361442,4.3119944,0.92358183,0.42944031,10.897542,4.6798439
0b_rotation_best,file,14,baseline_rotation,7001,120.Fox_Sparrow/Fox_Sparrow_0113_114389.jpg,120,119,120.Fox_Sparrow,34,33,identity,identity,0,{},0.021384504,0.021384504,0,0.9788425,0.9788425,0.0038917658,0.0038917658,0.97495073,0.97495073,0,1,1,3.7767725,3.7767725,False,1,True,True,True,1,1,3.7767725,3.7767725,1,1,3.7280799,3.7280799,1,1,0.60450863,0.60450863,1,1,0.68666789,0.68666789,1,1,1.8062895,1.8062895,1,1,2.021713,2.021713,1,1,1.7103381,1.7103381,1,1,1.7753325,1.7753325
0b_rotation_best,file,14,baseline_rotation,7001,120.Fox_Sparrow/Fox_Sparrow_0113_114389.jpg,120,119,120.Fox_Sparrow,34,33,rotation,rotation,0,"{""angle"":10.771701}",0.021384504,0.0041867942,-0.01719771,0.9788425,0.99582195,0.0038917658,0.00038406177,0.97495073,0.99543789,0.02048716,0.76981728,0.19278809,3.7767725,0.72811677,False,0.9667809,True,True,True,0.76981728,0.19278809,3.7767725,0.72811677,0.76435847,0.19184583,3.7280799,0.71521658,0.95616723,0.22572452,0.60450863,0.13645242,0.50866066,0.175687,0.68666789,0.12063863,0.76373946,0.18196967,1.8062895,0.3286899,0.74654529,0.18737647,2.021713,0.37882143,0.74742409,0.20154127,1.7103381,0.34470372,0.83911925,0.20043221,1.7753325,0.35583381
0b_rotation_best,file,14,baseline_rotation,7653,131.Vesper_Sparrow/Vesper_Sparrow_0070_125555.jpg,131,130,131.Vesper_Sparrow,127,126,identity,identity,0,{},0.0051891641,0.0051891641,0,0.99482429,0.99482429,0.0025736573,0.0025736573,0.99225063,0.99225063,0,1,1,0.84741002,0.84741002,False,1,True,True,True,1,1,0.84741002,0.84741002,1,1,0.82515505,0.82515505,1,1,0.19293234,0.19293234,1,1,0.25277445,0.25277445,1,1,0.4473178,0.4473178,1,1,0.40371336,0.40371336,1,1,0.34104323,0.34104323,1,1,0.37094172,0.37094172
0b_rotation_best,file,14,baseline_rotation,7653,131.Vesper_Sparrow/Vesper_Sparrow_0070_125555.jpg,131,130,131.Vesper_Sparrow,127,126,rotation,rotation,0,"{""angle"":-12.769417}",0.0051891641,0.0024308199,-0.0027583442,0.99482429,0.99757212,0.0025736573,0.0011700995,0.99225063,0.99640202,0.0041513916,0.73904675,0.41211353,0.84741002,0.34922913,False,0.97518671,True,True,True,0.73904675,0.41211353,0.84741002,0.34922913,0.72442342,0.40657515,0.82515505,0.33548754,0.97101583,0.50276963,0.19293234,0.097000523,0.78838266,0.36026816,0.25277445,0.091066586,0.71678288,0.35408227,0.4473178,0.1583873,0.67940475,0.40361862,0.40371336,0.16294623,0.67080859,0.4262699,0.34104323,0.14537646,0.81520158,0.47836133,0.37094172,0.17744418
0b_rotation_best,file,14,baseline_rotation,9715,166.Golden_winged_Warbler/Golden_Winged_Warbler_0083_794801.jpg,166,165,166.Golden_winged_Warbler,114,113,identity,identity,0,{},0.018208023,0.018208023,0,0.98195672,0.98195672,0.0080199642,0.0080199642,0.97393676,0.97393676,0,1,1,2.5565073,2.5565073,False,1,True,True,True,1,1,2.5565073,2.5565073,1,1,2.4858292,2.4858292,1,1,0.59697802,0.59697802,1,1,0.63322947,0.63322947,1,1,0.96423594,0.96423594,1,1,1.0950867,1.0950867,1,1,1.1802649,1.1802649,1,1,1.5021239,1.5021239
0b_rotation_best,file,14,baseline_rotation,9715,166.Golden_winged_Warbler/Golden_Winged_Warbler_0083_794801.jpg,166,165,166.Golden_winged_Warbler,114,113,rotation,rotation,0,"{""angle"":14.180254}",0.018208023,0.0012385325,-0.016969491,0.98195672,0.99876225,0.0080199642,0.00038693543,0.97393676,0.99837531,0.024438558,0.73297184,0.073975694,2.5565073,0.1891194,False,0.97413182,True,True,True,0.73297184,0.073975694,2.5565073,0.1891194,0.71970384,0.07386075,2.4858292,0.18360521,0.9569915,0.075941071,0.59697802,0.04533515,0.74080847,0.070968169,0.63322947,0.044939136,0.68007587,0.07453399,0.96423594,0.071868351,0.59051046,0.069350828,1.0950867,0.075945173,0.69523306,0.075555353,1.1802649,0.08917533,0.81174772,0.075336842,1.5021239,0.11316527
0b_rotation_best,file,14,baseline_rotation,7616,130.Tree_Sparrow/Tree_Sparrow_0046_125344.jpg,130,129,130.Tree_Sparrow,115,114,identity,identity,0,{},4.5341702,4.5341702,0,0.010735812,0.010735812,0.4945778,0.4945778,-0.48384198,-0.48384198,0,1,1,186.75889,186.75889,False,0.99999988,True,False,False,1,1,186.75889,186.75889,1,1,183.64272,183.64272,1,1,33.974009,33.974009,1,1,46.69202,46.69202,1,1,80.4578,80.4578,1,1,101.59413,101.59413,1,1,87.651212,87.651212,1,1,84.065115,84.065115
0b_rotation_best,file,14,baseline_rotation,7616,130.Tree_Sparrow/Tree_Sparrow_0046_125344.jpg,130,129,130.Tree_Sparrow,115,114,rotation,rotation,0,"{""angle"":0.954478}",4.5341702,3.2520399,-1.2821302,0.010735812,0.03869519,0.4945778,0.38231766,-0.48384198,-0.34362247,0.14021951,0.88123972,0.92269363,186.75889,172.32123,False,0.97958237,True,False,False,0.88123972,0.92269363,186.75889,172.32123,0.87812133,0.92319421,183.64272,169.53789,0.97400201,0.90794581,33.974009,30.846559,0.93472042,0.95212471,46.69202,44.456626,0.84925909,1.0279453,80.4578,82.706216,0.88064666,0.90469214,101.59413,91.911412,0.86971647,0.87149082,87.651212,76.387227,0.90287039,0.89364507,84.065115,75.124376
0b_rotation_best,file,14,baseline_rotation,1905,034.Gray_crowned_Rosy_Finch/Gray_Crowned_Rosy_Finch_0056_797293.jpg,34,33,034.Gray_crowned_Rosy_Finch,54,53,identity,identity,0,{},0.0051514511,0.0051514511,0,0.99486178,0.99486178,0.0020056751,0.0020056751,0.99285611,0.99285611,0,1,1,0.64474504,0.64474504,False,1,True,True,True,1,1,0.64474504,0.64474504,1,1,0.62232446,0.62232446,1,1,0.16854803,0.16854803,1,1,0.11959747,0.11959747,1,1,0.24288668,0.24288668,1,1,0.30128184,0.30128184,1,1,0.30470355,0.30470355,1,1,0.36107511,0.36107511
0b_rotation_best,file,14,baseline_rotation,1905,034.Gray_crowned_Rosy_Finch/Gray_Crowned_Rosy_Finch_0056_797293.jpg,34,33,034.Gray_crowned_Rosy_Finch,54,53,rotation,rotation,0,"{""angle"":-1.939992}",0.0051514511,0.0051209712,-3.047986e-05,0.99486178,0.99489212,0.0020056751,0.0020509858,0.99285611,0.99284113,-1.4971942e-05,0.8478961,1.0532947,0.64474504,0.67910655,False,0.99100113,True,True,True,0.8478961,1.0532947,0.64474504,0.67910655,0.83766557,1.0548871,0.62232446,0.65648201,0.99075289,1.0313416,0.16854803,0.1738306,0.71754415,1.120051,0.11959747,0.13395527,0.78502508,1.1483028,0.24288668,0.27890744,0.78919716,1.049302,0.30128184,0.31613563,0.84787135,1.0616314,0.30470355,0.32348284,0.9103185,1.0010623,0.36107511,0.36145867
0b_rotation_best,file,14,baseline_rotation,5621,096.Hooded_Oriole/Hooded_Oriole_0075_90788.jpg,96,95,096.Hooded_Oriole,55,54,identity,identity,0,{},0.043679349,0.043679349,0,0.95726085,0.95726085,0.021579619,0.021579619,0.93568123,0.93568123,0,1,1,6.0282532,6.0282532,False,1,True,True,True,1,1,6.0282532,6.0282532,1,1,5.8979638,5.8979638,1,1,1.2465389,1.2465389,1,1,1.5035212,1.5035212,1,1,2.5361196,2.5361196,1,1,2.7261555,2.7261555,1,1,3.0227629,3.0227629,1,1,3.0861754,3.0861754
0b_rotation_best,file,14,baseline_rotation,5621,096.Hooded_Oriole/Hooded_Oriole_0075_90788.jpg,96,95,096.Hooded_Oriole,55,54,rotation,rotation,0,"{""angle"":-6.376053}",0.043679349,0.018779691,-0.024899658,0.95726085,0.98139554,0.021579619,0.0082944194,0.93568123,0.97310112,0.037419896,0.84423317,0.39403365,6.0282532,2.3753346,False,0.988873,True,True,True,0.84423317,0.39403365,6.0282532,2.3753346,0.83748315,0.39170958,5.8979638,2.3102889,0.98394888,0.44288111,1.2465389,0.55206853,0.86487593,0.33453599,1.5035212,0.50298195,0.81988282,0.37837617,2.5361196,0.95960721,0.7876478,0.38972569,2.7261555,1.0624529,0.82653368,0.39501228,3.0227629,1.1940285,0.89343476,0.41102598,3.0861754,1.2684983
0b_crop_best,file,18,baseline_crop,3891,067.Anna_Hummingbird/Anna_Hummingbird_0118_55773.jpg,67,66,067.Anna_Hummingbird,69,68,identity,identity,0,{},0.49398741,0.49398741,0,0.61018848,0.61018848,0.29918674,0.29918674,0.31100175,0.31100175,0,1,1,84.323894,84.323894,False,0.99999988,True,True,True,1,1,84.323894,84.323894,1,1,82.770204,82.770204,1,1,16.112493,16.112493,1,1,18.085242,18.085242,1,1,44.089893,44.089893,1,1,44.089347,44.089347,1,1,35.777278,35.777278,1,1,36.824285,36.824285
0b_crop_best,file,18,baseline_crop,3891,067.Anna_Hummingbird/Anna_Hummingbird_0118_55773.jpg,67,66,067.Anna_Hummingbird,69,68,random_resized_crop,random_resized_crop,0,"{""area_fraction"":0.5383,""aspect"":1.218286,""fallback"":false,""height"":0.664718,""left"":0.074977,""top"":0.165915,""width"":0.809817}",0.49398741,0.15103535,-0.34295206,0.61018848,0.85981733,0.29918674,0.053090706,0.31100175,0.80672662,0.49572487,0.66083621,0.36196027,84.323894,30.5219,False,0.92475986,True,True,True,0.66083621,0.36196027,84.323894,30.5219,0.65541447,0.36430012,82.770204,30.153195,0.85339646,0.29354965,16.112493,4.7298169,0.22256874,0.42431955,18.085242,7.6739215,0.71973419,0.40413486,44.089893,17.818263,0.67919535,0.35210366,44.089347,15.524021,0.64073062,0.34329201,35.777278,12.282054,0.67018294,0.32244992,36.824285,11.873988
0b_crop_best,file,18,baseline_crop,5405,093.Clark_Nutcracker/Clark_Nutcracker_0011_85698.jpg,93,92,093.Clark_Nutcracker,19,18,identity,identity,0,{},0.0087923771,0.0087923771,0,0.99124616,0.99124616,0.0075110625,0.0075110625,0.9837351,0.9837351,0,1,1,1.4401773,1.4401773,False,1,True,True,True,1,1,1.4401773,1.4401773,1,1,1.3995346,1.3995346,1,1,0.33972571,0.33972571,1,1,0.44454539,0.44454539,1,1,0.56517836,0.56517836,1,1,0.64979007,0.64979007,1,1,0.70741759,0.70741759,1,1,0.72040482,0.72040482
0b_crop_best,file,18,baseline_crop,5405,093.Clark_Nutcracker/Clark_Nutcracker_0011_85698.jpg,93,92,093.Clark_Nutcracker,19,18,random_resized_crop,random_resized_crop,0,"{""area_fraction"":0.897887,""aspect"":1.073875,""fallback"":false,""height"":0.914395,""left"":0.012036,""top"":0.048697,""width"":0.981946}",0.0087923771,0.0092589045,0.00046652742,0.99124616,0.99078381,0.0075110625,0.008070197,0.9837351,0.98271361,-0.0010214876,0.84719678,1.0687855,1.4401773,1.5392406,False,0.98436254,True,True,True,0.84719678,1.0687855,1.4401773,1.5392406,0.83880952,1.0660687,1.3995346,1.492,0.98419608,1.1138827,0.33972571,0.37841458,0.87021621,1.1108004,0.44454539,0.4938012,0.78300977,1.1172708,0.56517836,0.63145725,0.79879045,1.0828454,0.64979007,0.70362222,0.8428015,0.99508166,0.70741759,0.70393827,0.89443308,1.068819,0.72040482,0.76998236
0b_crop_best,file,18,baseline_crop,920,017.Cardinal/Cardinal_0079_19044.jpg,17,16,017.Cardinal,139,138,identity,identity,0,{},0.27104923,0.27104923,0,0.76257896,0.76257896,0.044135883,0.044135883,0.71844308,0.71844308,0,1,1,47.160408,47.160408,False,1,True,True,True,1,1,47.160408,47.160408,1,1,46.876721,46.876721,1,1,5.1649889,5.1649889,1,1,8.0845564,8.0845564,1,1,22.102256,22.102256,1,1,26.200776,26.200776,1,1,23.839879,23.839879,1,1,19.716407,19.716407
0b_crop_best,file,18,baseline_crop,920,017.Cardinal/Cardinal_0079_19044.jpg,17,16,017.Cardinal,139,138,random_resized_crop,random_resized_crop,0,"{""area_fraction"":0.664229,""aspect"":1.166553,""fallback"":false,""height"":0.754582,""left"":0.098057,""top"":0.214585,""width"":0.88026}",0.27104923,0.11869931,-0.15234992,0.76257896,0.88807482,0.044135883,0.027634388,0.71844308,0.86044043,0.14199735,0.70884987,0.40915034,47.160408,19.295697,False,0.94608855,True,True,True,0.70884987,0.40915034,47.160408,19.295697,0.70562595,0.40736474,46.876721,19.095923,0.93710298,0.53618962,5.1649889,2.7694135,0.65012753,0.3671546,8.0845564,2.9682821,0.60145834,0.33822068,22.102256,7.4754399,0.68841972,0.40690759,26.200776,10.661295,0.74829428,0.42415951,23.839879,10.111911,0.79654495,0.46498015,19.716407,9.1677379
0b_crop_best,file,18,baseline_crop,5043,087.Mallard/Mallard_0071_76940.jpg,87,86,087.Mallard,66,65,identity,identity,0,{},0.057894737,0.057894737,0,0.94374931,0.94374931,0.0099780606,0.0099780606,0.93377125,0.93377125,0,1,1,6.2644348,6.2644348,False,1,True,True,True,1,1,6.2644348,6.2644348,1,1,6.0984461,6.0984461,1,1,1.4325146,1.4325146,1,1,0.83250335,0.83250335,1,1,2.076679,2.076679,1,1,2.5365224,2.5365224,1,1,3.0359677,3.0359677,1,1,4.0662441,4.0662441
0b_crop_best,file,18,baseline_crop,5043,087.Mallard/Mallard_0071_76940.jpg,87,86,087.Mallard,66,65,random_resized_crop,random_resized_crop,0,"{""area_fraction"":0.7046,""aspect"":0.782526,""fallback"":false,""height"":0.948903,""left"":0.056551,""top"":0.041886,""width"":0.742542}",0.057894737,0.04556787,-0.012326866,0.94374931,0.95545477,0.0099780606,0.0025113113,0.93377125,0.95294346,0.019172207,0.58964962,0.8632824,6.2644348,5.4079762,False,0.91304755,True,True,True,0.58964962,0.8632824,6.2644348,5.4079762,0.57270426,0.86371667,6.0984461,5.2673296,0.89977948,0.85537364,1.4325146,1.2253352,0.48042476,1.0868604,0.83250335,0.90481492,0.55385175,0.93232371,2.076679,1.9361371,0.51258935,0.91354837,2.5365224,2.3172359,0.51749661,0.85964625,3.0359677,2.6098583,0.64481442,0.8155185,4.0662441,3.3160973
0b_crop_best,file,18,baseline_crop,11743,200.Common_Yellowthroat/Common_Yellowthroat_0106_190989.jpg,200,199,200.Common_Yellowthroat,168,167,identity,identity,0,{},0.015057121,0.015057121,0,0.98505569,0.98505569,0.012901627,0.012901627,0.97215406,0.97215406,0,1,1,2.9519669,2.9519669,False,1,True,True,True,1,1,2.9519669,2.9519669,1,1,2.8848451,2.8848451,1,1,0.62592126,0.62592126,1,1,0.52900005,0.52900005,1,1,1.1717774,1.1717774,1,1,1.6149124,1.6149124,1,1,1.5006299,1.5006299,1,1,1.3452122,1.3452122
0b_crop_best,file,18,baseline_crop,11743,200.Common_Yellowthroat/Common_Yellowthroat_0106_190989.jpg,200,199,200.Common_Yellowthroat,168,167,random_resized_crop,random_resized_crop,0,"{""area_fraction"":0.814598,""aspect"":0.92015,""fallback"":false,""height"":0.940898,""left"":0.030684,""top"":0.050525,""width"":0.865767}",0.015057121,0.084998064,0.069940942,0.98505569,0.91851407,0.012901627,0.075538911,0.97215406,0.84297516,-0.1291789,0.78451959,5.7732081,2.9519669,17.042319,False,0.97946125,True,True,True,0.78451959,5.7732081,2.9519669,17.042319,0.7761242,5.7910943,2.8848451,16.70641,0.97855983,5.3792288,0.62592126,3.3669737,0.67010033,6.3606761,0.52900005,3.364798,0.73893957,5.9218342,1.1717774,6.9390717,0.789112,5.8496026,1.6149124,9.4465956,0.76578312,5.712299,1.5006299,8.5720464,0.81940283,5.6081094,1.3452122,7.5440971
0b_crop_best,file,18,baseline_crop,3563,062.Herring_Gull/Herring_Gull_0129_46708.jpg,62,61,062.Herring_Gull,65,64,identity,identity,0,{},1.7019811,1.7019811,0,0.18232198,0.18232198,0.28078258,0.28078258,-0.0984606,-0.0984606,0,1,1,107.62338,107.62338,False,0.99999994,True,False,False,1,1,107.62338,107.62338,1,1,105.18076,105.18076,1,1,22.799078,22.799078,1,1,22.820411,22.820411,1,1,42.644417,42.644417,1,1,57.707766,57.707766,1,1,48.028801,48.028801,1,1,55.558292,55.558292
0b_crop_best,file,18,baseline_crop,3563,062.Herring_Gull/Herring_Gull_0129_46708.jpg,62,61,062.Herring_Gull,65,64,random_resized_crop,random_resized_crop,0,"{""area_fraction"":0.67415,""aspect"":0.876754,""fallback"":false,""height"":0.876878,""left"":0.219499,""top"":0.071454,""width"":0.768807}",1.7019811,2.2412438,0.53926277,0.18232198,0.10632619,0.28078258,0.47910932,-0.0984606,-0.37278313,-0.27432253,0.73823675,1.4490811,107.62338,155.95501,False,0.95602322,True,False,False,0.73823675,1.4490811,107.62338,155.95501,0.73124999,1.4574856,105.18076,153.29945,0.91844729,1.2569506,22.799078,28.657315,0.76864803,1.5385571,22.820411,35.110504,0.61839692,1.5910011,42.644417,67.847316,0.74262298,1.4257083,57.707766,82.27444,0.73824388,1.5457137,48.028801,74.238776,0.79170068,1.3207274,55.558292,73.377359
0b_crop_best,file,18,baseline_crop,956,018.Spotted_Catbird/Spotted_Catbird_0016_796803.jpg,18,17,018.Spotted_Catbird,128,127,identity,identity,0,{},0.64203513,0.64203513,0,0.52622044,0.52622044,0.053976618,0.053976618,0.47224382,0.47224382,0,1,1,78.193554,78.193554,False,1.0000001,True,True,True,1,1,78.193554,78.193554,1,1,77.334641,77.334641,1,1,11.55791,11.55791,1,1,15.753394,15.753394,1,1,28.307319,28.307319,1,1,43.982636,43.982636,1,1,38.045729,38.045729,1,1,39.360172,39.360172
0b_crop_best,file,18,baseline_crop,956,018.Spotted_Catbird/Spotted_Catbird_0016_796803.jpg,18,17,018.Spotted_Catbird,128,127,random_resized_crop,random_resized_crop,0,"{""area_fraction"":0.795291,""aspect"":0.985035,""fallback"":false,""height"":0.898539,""left"":0.068166,""top"":0.048556,""width"":0.885093}",0.64203513,0.85192615,0.20989102,0.52622044,0.42659247,0.053976618,0.047186717,0.47224382,0.37940575,-0.092838071,0.84315478,1.3073533,78.193554,102.2266,False,0.97811931,True,True,True,0.84315478,1.3073533,78.193554,102.2266,0.84054921,1.3099881,77.334641,101.30746,0.97655672,1.1833988,11.55791,13.677617,0.77608025,1.4743082,15.753394,23.225357,0.71209344,1.3598228,28.307319,38.492937,0.86525651,1.3154028,43.982636,57.854882,0.84781835,1.3141839,38.045729,49.999083,0.88824897,1.2433521,39.360172,48.938551
0b_crop_best,file,18,baseline_crop,11179,190.Red_cockaded_Woodpecker/Red_Cockaded_Woodpecker_0060_182377.jpg,190,189,190.Red_cockaded_Woodpecker,192,191,identity,identity,0,{},0.41858011,0.41858011,0,0.65798038,0.65798038,0.26101241,0.26101241,0.39696798,0.39696798,0,1,1,90.720768,90.720768,False,1.0000001,True,True,True,1,1,90.720768,90.720768,1,1,90.008912,90.008912,1,1,11.342551,11.342551,1,1,22.219488,22.219488,1,1,45.097234,45.097234,1,1,54.42927,54.42927,1,1,39.731603,39.731603,1,1,32.140198,32.140198
0b_crop_best,file,18,baseline_crop,11179,190.Red_cockaded_Woodpecker/Red_Cockaded_Woodpecker_0060_182377.jpg,190,189,190.Red_cockaded_Woodpecker,192,191,random_resized_crop,random_resized_crop,0,"{""area_fraction"":0.839997,""aspect"":0.890794,""fallback"":false,""height"":0.97107,""left"":0.131266,""top"":0.011668,""width"":0.865023}",0.41858011,0.35637033,-0.062209785,0.65798038,0.70021325,0.26101241,0.062593497,0.39696798,0.63761976,0.24065178,0.75540774,0.67590865,90.720768,61.318952,False,0.95718509,True,True,True,0.75540774,0.67590865,90.720768,61.318952,0.75492637,0.67412042,90.008912,60.676846,0.78954476,0.78030619,11.342551,8.8506626,0.84370497,0.74539126,22.219488,16.562212,0.76568762,0.57817048,45.097234,26.073889,0.79566567,0.64945535,54.42927,35.34938,0.70821075,0.7403727,39.731603,29.416194,0.6958412,0.77010855,32.140198,24.751441
0b_crop_best,file,18,baseline_crop,4184,072.Pomarine_Jaeger/Pomarine_Jaeger_0075_61349.jpg,72,71,072.Pomarine_Jaeger,44,43,identity,identity,0,{},0.051718038,0.051718038,0,0.94959658,0.94959658,0.023368351,0.023368351,0.92622823,0.92622823,0,1,1,8.3919678,8.3919678,False,1,True,True,True,1,1,8.3919678,8.3919678,1,1,8.1978087,8.1978087,1,1,1.7947301,1.7947301,1,1,2.7192387,2.7192387,1,1,3.310385,3.310385,1,1,4.1194854,4.1194854,1,1,3.995606,3.995606,1,1,3.9895027,3.9895027
0b_crop_best,file,18,baseline_crop,4184,072.Pomarine_Jaeger/Pomarine_Jaeger_0075_61349.jpg,72,71,072.Pomarine_Jaeger,44,43,random_resized_crop,random_resized_crop,0,"{""area_fraction"":0.715197,""aspect"":1.265809,""fallback"":false,""height"":0.751672,""left"":0.039362,""top"":0.022234,""width"":0.951474}",0.051718038,0.0035094358,-0.048208602,0.94959658,0.99649674,0.023368351,0.0012170138,0.92622823,0.99527972,0.069051491,0.69852171,0.068756268,8.3919678,0.57700039,False,0.93749583,True,True,True,0.69852171,0.068756268,8.3919678,0.57700039,0.68724735,0.068556891,8.1978087,0.56201628,0.92125949,0.072791616,1.7947301,0.1306413,0.67390311,0.060261702,2.7192387,0.16386595,0.59480699,0.067708956,3.310385,0.22414271,0.67744814,0.069100846,4.1194854,0.28465993,0.69192008,0.069066585,3.995606,0.27596286,0.76118007,0.071594959,3.9895027,0.28562828
0b_crop_best,file,18,baseline_crop,881,016.Painted_Bunting/Painted_Bunting_0086_16540.jpg,16,15,016.Painted_Bunting,140,139,identity,identity,0,{},0.019456608,0.019456608,0,0.98073143,0.98073143,0.0050258664,0.0050258664,0.97570556,0.97570556,0,1,1,2.7036169,2.7036169,False,1,True,True,True,1,1,2.7036169,2.7036169,1,1,2.6550484,2.6550484,1,1,0.51015879,0.51015879,1,1,0.50537844,0.50537844,1,1,1.1592201,1.1592201,1,1,1.3323542,1.3323542,1,1,1.2646203,1.2646203,1,1,1.4407122,1.4407122
0b_crop_best,file,18,baseline_crop,881,016.Painted_Bunting/Painted_Bunting_0086_16540.jpg,16,15,016.Painted_Bunting,140,139,random_resized_crop,random_resized_crop,0,"{""area_fraction"":0.651155,""aspect"":0.993842,""fallback"":false,""height"":0.809438,""left"":0.129139,""top"":0.131749,""width"":0.804454}",0.019456608,0.071415856,0.051959248,0.98073143,0.93107462,0.0050258664,0.02172564,0.97570556,0.90934898,-0.066356582,0.77228089,4.1376997,2.7036169,11.186755,False,0.9639591,True,True,True,0.77228089,4.1376997,2.7036169,11.186755,0.76566509,4.1447254,2.6550484,11.004447,0.96158884,3.9426447,0.51015879,2.0113749,0.71004021,4.9858074,0.50537844,2.5197196,0.8002065,4.360461,1.1592201,5.0547339,0.77627884,4.3965958,1.3323542,5.8578228,0.71897048,4.1149325,1.2646203,5.2038271,0.78816567,3.6600017,1.4407122,5.273009
0b_crop_best,file,18,baseline_crop,2199,039.Least_Flycatcher/Least_Flycatcher_0049_30361.jpg,39,38,039.Least_Flycatcher,102,101,identity,identity,0,{},0.62125427,0.62125427,0,0.53727013,0.53727013,0.15596776,0.15596776,0.38130237,0.38130237,0,1,1,80.273583,80.273583,False,0.99999994,True,True,True,1,1,80.273583,80.273583,1,1,78.954069,78.954069,1,1,14.494936,14.494936,1,1,19.662259,19.662259,1,1,45.576912,45.576912,1,1,40.374712,40.374712,1,1,34.369194,34.369194,1,1,30.960085,30.960085
0b_crop_best,file,18,baseline_crop,2199,039.Least_Flycatcher/Least_Flycatcher_0049_30361.jpg,39,38,039.Least_Flycatcher,102,101,random_resized_crop,random_resized_crop,0,"{""area_fraction"":0.681325,""aspect"":1.0758,""fallback"":false,""height"":0.795814,""left"":0.08712,""top"":0.188744,""width"":0.856136}",0.62125427,0.69736224,0.076107979,0.53727013,0.49789691,0.15596776,0.11532585,0.38130237,0.38257106,0.0012686849,0.79119137,1.0556417,80.273583,84.740138,False,0.96827978,True,True,True,0.79119137,1.0556417,80.273583,84.740138,0.78592496,1.0561039,78.954069,83.383703,0.94965661,1.0418324,14.494936,15.101294,0.36148276,0.95600437,19.662259,18.797206,0.85545007,1.0809254,45.576912,49.26524,0.80288669,1.0774613,40.374712,43.50219,0.76293823,1.0207787,34.369194,35.083342,0.78738739,1.0462105,30.960085,32.390766
0b_crop_best,file,18,baseline_crop,4531,078.Gray_Kingbird/Gray_Kingbird_0037_70050.jpg,78,77,078.Gray_Kingbird,103,102,identity,identity,0,{},0.0084509375,0.0084509375,0,0.99158466,0.99158466,0.003217407,0.003217407,0.98836725,0.98836725,0,1,1,1.4011209,1.4011209,False,1.0000001,True,True,True,1,1,1.4011209,1.4011209,1,1,1.3697854,1.3697854,1,1,0.2946654,0.2946654,1,1,0.41611989,0.41611989,1,1,0.54443017,0.54443017,1,1,0.64989695,0.64989695,1,1,0.70616258,0.70616258,1,1,0.69693644,0.69693644
0b_crop_best,file,18,baseline_crop,4531,078.Gray_Kingbird/Gray_Kingbird_0037_70050.jpg,78,77,078.Gray_Kingbird,103,102,random_resized_crop,random_resized_crop,0,"{""area_fraction"":0.735615,""aspect"":1.039745,""fallback"":false,""height"":0.841128,""left"":0.08145,""top"":0.158179,""width"":0.874559}",0.0084509375,0.010876892,0.0024259547,0.99158466,0.98918205,0.003217407,0.00090693176,0.98836725,0.98827512,-9.212835e-05,0.6877343,1.1071916,1.4011209,1.5513092,False,0.96736658,True,True,True,0.6877343,1.1071916,1.4011209,1.5513092,0.67645914,1.1036219,1.3697854,1.5117252,0.91681905,1.1816985,0.2946654,0.34820566,0.69604578,1.109188,0.41611989,0.46155521,0.64867664,1.0710348,0.54443017,0.58310365,0.63701529,1.0910299,0.64989695,0.70905702,0.63688838,1.0827429,0.70616258,0.76459254,0.75710692,1.1522724,0.69693644,0.80306063
0b_crop_best,file,18,baseline_crop,782,015.Lazuli_Bunting/Lazuli_Bunting_0102_14605.jpg,15,14,015.Lazuli_Bunting,14,13,identity,identity,0,{},0.0097384369,0.0097384369,0,0.99030882,0.99030882,0.00071235828,0.00071235828,0.98959646,0.98959646,0,1,1,1.2059902,1.2059902,False,1,True,True,True,1,1,1.2059902,1.2059902,1,1,1.1833163,1.1833163,1,1,0.23275481,0.23275481,1,1,0.21474283,0.21474283,1,1,0.35891669,0.35891669,1,1,0.52231318,0.52231318,1,1,0.58988595,0.58988595,1,1,0.77751233,0.77751233
0b_crop_best,file,18,baseline_crop,782,015.Lazuli_Bunting/Lazuli_Bunting_0102_14605.jpg,15,14,015.Lazuli_Bunting,14,13,random_resized_crop,random_resized_crop,0,"{""area_fraction"":0.661815,""aspect"":0.839069,""fallback"":false,""height"":0.888115,""left"":0.163624,""top"":0.088331,""width"":0.74519}",0.0097384369,0.0037120739,-0.006026363,0.99030882,0.9962948,0.00071235828,0.0001282353,0.98959646,0.99616656,0.0065700982,0.60829231,0.39485449,1.2059902,0.47619065,False,0.95741665,True,True,True,0.60829231,0.39485449,1.2059902,0.47619065,0.59397979,0.39344139,1.1833163,0.46556563,0.94923065,0.42976933,0.23275481,0.10003088,0.57308737,0.45108641,0.21474283,0.096867571,0.43905445,0.39282314,0.35891669,0.14099078,0.49577057,0.38506357,0.52231318,0.20112378,0.52083824,0.39315519,0.58988595,0.23191672,0.71497322,0.3927582,0.77751233,0.30537434
0b_crop_best,file,18,baseline_crop,3068,053.Western_Grebe/Western_Grebe_0007_36074.jpg,53,52,053.Western_Grebe,50,49,identity,identity,0,{},0.10031453,0.10031453,0,0.90455288,0.90455288,0.059967574,0.059967574,0.8445853,0.8445853,0,1,1,17.790589,17.790589,False,1.0000001,True,True,True,1,1,17.790589,17.790589,1,1,17.399264,17.399264,1,1,3.7108819,3.7108819,1,1,5.9330551,5.9330551,1,1,7.1222296,7.1222296,1,1,8.50638,8.50638,1,1,8.5791801,8.5791801,1,1,8.4170228,8.4170228
0b_crop_best,file,18,baseline_crop,3068,053.Western_Grebe/Western_Grebe_0007_36074.jpg,53,52,053.Western_Grebe,50,49,random_resized_crop,random_resized_crop,0,"{""area_fraction"":0.830422,""aspect"":0.906255,""fallback"":false,""height"":0.957248,""left"":0.073564,""top"":0.032015,""width"":0.86751}",0.10031453,0.025223831,-0.075090697,0.90455288,0.97509164,0.059967574,0.01541327,0.8445853,0.95967837,0.11509306,0.86599446,0.28913837,17.790589,5.1439418,False,0.98205513,True,True,True,0.86599446,0.28913837,17.790589,5.1439418,0.86106886,0.28970503,17.399264,5.0406545,0.980416,0.27638746,3.7108819,1.0256412,0.95415421,0.29061578,5.9330551,1.7242394,0.86063286,0.30921894,7.1222296,2.2023283,0.83901016,0.29291164,8.50638,2.4916177,0.83051359,0.27620002,8.5791801,2.3695697,0.87073091,0.28518414,8.4170228,2.4004014
0b_crop_best,file,18,baseline_crop,1464,027.Shiny_Cowbird/Shiny_Cowbird_0019_24323.jpg,27,26,027.Shiny_Cowbird,92,91,identity,identity,0,{},6.0548096,6.0548096,0,0.0023465494,0.0023465494,0.24786465,0.24786465,-0.2455181,-0.2455181,0,1,1,162.20482,162.20482,False,1,True,False,False,1,1,162.20482,162.20482,1,1,158.73281,158.73281,1,1,33.381098,33.381098,1,1,34.057085,34.057085,1,1,66.804971,66.804971,1,1,83.061524,83.061524,1,1,77.336166,77.336166,1,1,81.812087,81.812087
0b_crop_best,file,18,baseline_crop,1464,027.Shiny_Cowbird/Shiny_Cowbird_0019_24323.jpg,27,26,027.Shiny_Cowbird,92,91,random_resized_crop,random_resized_crop,0,"{""area_fraction"":0.667987,""aspect"":0.965547,""fallback"":false,""height"":0.831758,""left"":0.165941,""top"":0.073894,""width"":0.803102}",6.0548096,5.6206498,-0.43415976,0.0023465494,0.0036222858,0.24786465,0.15192455,-0.2455181,-0.14830226,0.097215835,0.65117359,1.100472,162.20482,178.50187,False,0.9293763,False,False,False,0.65117359,1.100472,162.20482,178.50187,0.64061188,1.1017915,158.73281,174.89047,0.89730464,1.0702019,33.381098,35.724514,0.51341847,1.0040023,34.057085,34.193392,0.59390102,1.0869217,66.804971,72.611773,0.65741586,1.1801452,83.061524,98.024656,0.62153141,1.0840383,77.336166,83.835363,0.69443095,1.0591058,81.812087,86.647656
0b_crop_best,file,18,baseline_crop,11718,199.Winter_Wren/Winter_Wren_0126_190342.jpg,199,198,199.Winter_Wren,116,115,identity,identity,0,{},6.2568994,6.2568994,0,0.0019171813,0.0019171813,0.26131678,0.26131678,-0.25939959,-0.25939959,0,1,1,205.56252,205.56252,False,1,True,False,False,1,1,205.56252,205.56252,1,1,203.57385,203.57385,1,1,28.52433,28.52433,1,1,96.794919,96.794919,1,1,104.71371,104.71371,1,1,93.809068,93.809068,1,1,81.480395,81.480395,1,1,75.292093,75.292093
0b_crop_best,file,18,baseline_crop,11718,199.Winter_Wren/Winter_Wren_0126_190342.jpg,199,198,199.Winter_Wren,116,115,random_resized_crop,random_resized_crop,0,"{""area_fraction"":0.73994,""aspect"":0.930532,""fallback"":false,""height"":0.891728,""left"":0.069668,""top"":0.038466,""width"":0.829782}",6.2568994,5.4676242,-0.78927517,0.0019171813,0.0042212498,0.26131678,0.20212604,-0.25939959,-0.19790479,0.061494804,0.83605358,0.95323473,205.56252,195.94933,False,0.9739722,False,False,False,0.83605358,0.95323473,205.56252,195.94933,0.83352363,0.95112268,203.57385,193.62371,0.95662004,1.0552348,28.52433,30.099867,0.92307626,0.8873423,96.794919,85.890227,0.80669633,0.96078282,104.71371,100.60714,0.79374128,0.97829629,93.809068,91.773063,0.81289679,0.95319823,81.480395,77.666968,0.83969423,0.98827651,75.292093,74.409407
0b_crop_best,file,18,baseline_crop,736,014.Indigo_Bunting/Indigo_Bunting_0059_11596.jpg,14,13,014.Indigo_Bunting,54,53,identity,identity,0,{},1.4516637,1.4516637,0,0.23418036,0.23418036,0.53789842,0.53789842,-0.30371806,-0.30371806,0,1,1,166.64613,166.64613,False,1,True,False,False,1,1,166.64613,166.64613,1,1,163.48295,163.48295,1,1,32.314981,32.314981,1,1,33.718773,33.718773,1,1,67.300141,67.300141,1,1,94.421886,94.421886,1,1,75.441727,75.441727,1,1,80.333446,80.333446
0b_crop_best,file,18,baseline_crop,736,014.Indigo_Bunting/Indigo_Bunting_0059_11596.jpg,14,13,014.Indigo_Bunting,54,53,random_resized_crop,random_resized_crop,0,"{""area_fraction"":0.682384,""aspect"":1.21879,""fallback"":false,""height"":0.748256,""left"":0.045426,""top"":0.183602,""width"":0.911967}",1.4516637,0.21076322,-1.2409005,0.23418036,0.80996585,0.53789842,0.070466213,-0.30371806,0.73949964,1.0432177,0.70433755,0.24615916,166.64613,41.021471,False,0.94053358,False,False,True,0.70433755,0.24615916,166.64613,41.021471,0.6978881,0.24646043,163.48295,40.292077,0.87542623,0.23831904,32.314981,7.7012753,0.76210643,0.26845353,33.718773,9.0519238,0.69414678,0.26356588,67.300141,17.738021,0.67442846,0.24000933,94.421886,22.662134,0.65800221,0.24211323,75.441727,18.26544,0.75761903,0.24255565,80.333446,19.485331
0b_crop_best,file,18,baseline_crop,10670,182.Yellow_Warbler/Yellow_Warbler_0018_176674.jpg,182,181,182.Yellow_Warbler,180,179,identity,identity,0,{},1.4742316,1.4742316,0,0.22895458,0.22895458,0.31327483,0.31327483,-0.084320247,-0.084320247,0,1,1,102.6938,102.6938,False,0.99999994,True,False,False,1,1,102.6938,102.6938,1,1,100.23271,100.23271,1,1,22.347731,22.347731,1,1,15.209486,15.209486,1,1,41.857851,41.857851,1,1,56.88858,56.88858,1,1,50.651016,50.651016,1,1,47.553668,47.553668
0b_crop_best,file,18,baseline_crop,10670,182.Yellow_Warbler/Yellow_Warbler_0018_176674.jpg,182,181,182.Yellow_Warbler,180,179,random_resized_crop,random_resized_crop,0,"{""area_fraction"":0.680407,""aspect"":0.810441,""fallback"":false,""height"":0.91627,""left"":0.03398,""top"":0.08337,""width"":0.742583}",1.4742316,2.5588219,1.0845903,0.22895458,0.077395871,0.31327483,0.10451487,-0.084320247,-0.027119003,0.057201244,0.7517247,2.165057,102.6938,222.33793,False,0.96051729,False,False,False,0.7517247,2.165057,102.6938,222.33793,0.7487664,2.190036,100.23271,219.51323,0.87302634,1.5808501,22.347731,35.328413,0.48813646,2.2812427,15.209486,34.696529,0.71546552,2.4878649,41.857851,104.13668,0.79119143,2.4346113,56.88858,138.50158,0.76618498,1.9703172,50.651016,99.798568,0.75214046,1.7588136,47.553668,83.638039
0b_crop_best,file,18,baseline_crop,7916,135.Bank_Swallow/Bank_Swallow_0007_129514.jpg,135,134,135.Bank_Swallow,71,70,identity,identity,0,{},0.34339631,0.34339631,0,0.70935702,0.70935702,0.075353116,0.075353116,0.63400391,0.63400391,0,1,1,52.131073,52.131073,False,1,True,True,True,1,1,52.131073,52.131073,1,1,51.41658,51.41658,1,1,8.6013955,8.6013955,1,1,10.269928,10.269928,1,1,23.587071,23.587071,1,1,30.315484,30.315484,1,1,23.571704,23.571704,1,1,22.520869,22.520869
0b_crop_best,file,18,baseline_crop,7916,135.Bank_Swallow/Bank_Swallow_0007_129514.jpg,135,134,135.Bank_Swallow,71,70,random_resized_crop,random_resized_crop,0,"{""area_fraction"":0.674097,""aspect"":0.751646,""fallback"":false,""height"":0.947011,""left"":0.246113,""top"":0.001952,""width"":0.711816}",0.34339631,0.50481808,0.16142178,0.70935702,0.60361534,0.075353116,0.07686723,0.63400391,0.52674811,-0.10725579,0.73686136,1.3398682,52.131073,69.848769,False,0.95884645,True,True,True,0.73686136,1.3398682,52.131073,69.848769,0.73068315,1.3376869,51.41658,68.779284,0.94662196,1.4156108,8.6013955,12.176228,0.62756985,1.3511627,10.269928,13.876343,0.66265518,1.4965008,23.587071,35.298071,0.78848482,1.3093975,30.315484,39.69502,0.72886015,1.2900664,23.571704,30.409063,0.74416992,1.2493641,22.520869,28.136765
0b_crop_best,file,18,baseline_crop,8376,143.Caspian_Tern/Caspian_Tern_0013_145553.jpg,143,142,143.Caspian_Tern,144,143,identity,identity,0,{},5.0503402,5.0503402,0,0.0064071529,0.0064071529,0.16631901,0.16631901,-0.15991186,-0.15991186,0,1,1,94.862064,94.862064,False,1,True,False,False,1,1,94.862064,94.862064,1,1,91.883106,91.883106,1,1,23.586139,23.586139,1,1,21.686331,21.686331,1,1,38.145732,38.145732,1,1,43.838917,43.838917,1,1,42.715348,42.715348,1,1,52.637056,52.637056
0b_crop_best,file,18,baseline_crop,8376,143.Caspian_Tern/Caspian_Tern_0013_145553.jpg,143,142,143.Caspian_Tern,144,143,random_resized_crop,random_resized_crop,0,"{""area_fraction"":0.686864,""aspect"":1.314098,""fallback"":false,""height"":0.722972,""left"":0.023231,""top"":0.276424,""width"":0.950056}",5.0503402,2.8403726,-2.2099676,0.0064071529,0.058403913,0.16631901,0.065338917,-0.15991186,-0.0069350041,0.15297686,0.63309485,1.155115,94.862064,109.5766,False,0.90642035,False,False,False,0.63309485,1.155115,94.862064,109.5766,0.61686131,1.1587846,91.883106,106.47273,0.89397974,1.0979215,23.586139,25.895729,0.31810863,1.1602302,21.686331,25.161136,0.5514992,1.2102467,38.145732,46.165746,0.62207257,1.2018278,43.838917,52.686828,0.64599946,1.1714282,42.715348,50.037964,0.686171,1.0900931,52.637056,57.37929
0b_crop_best,file,18,baseline_crop,4061,070.Green_Violetear/Green_Violetear_0027_60841.jpg,70,69,070.Green_Violetear,134,133,identity,identity,0,{},0.00015734388,0.00015734388,0,0.99984264,0.99984264,4.3907421e-05,4.3907421e-05,0.99979874,0.99979874,0,1,1,0.017110948,0.017110948,False,0.99999994,True,True,True,1,1,0.017110948,0.017110948,1,1,0.016276949,0.016276949,1,1,0.0052768829,0.0052768829,1,1,0.0022925113,0.0022925113,1,1,0.0046316595,0.0046316595,1,1,0.0061255699,0.0061255699,1,1,0.0075238541,0.0075238541,1,1,0.012004174,0.012004174
0b_crop_best,file,18,baseline_crop,4061,070.Green_Violetear/Green_Violetear_0027_60841.jpg,70,69,070.Green_Violetear,134,133,random_resized_crop,random_resized_crop,0,"{""area_fraction"":0.796788,""aspect"":0.996977,""fallback"":false,""height"":0.893982,""left"":0.063334,""top"":0.082166,""width"":0.89128}",0.00015734388,0.0002624644,0.00010512052,0.99984264,0.99973756,4.3907421e-05,3.2770735e-05,0.99979874,0.99970479,-9.3946303e-05,0.64155725,2.2019326,0.017110948,0.037677154,False,0.98906696,True,True,True,0.64155725,2.2019326,0.017110948,0.037677154,0.61833616,2.2493134,0.016276949,0.036611958,0.96122351,1.6857764,0.0052768829,0.0088956448,0.22256041,3.2347508,0.0022925113,0.0074157028,0.36649243,3.5380723,0.0046316595,0.016387146,0.49071718,2.9071152,0.0061255699,0.017807737,0.60059378,2.2013551,0.0075238541,0.016562675,0.84211107,1.7183057,0.012004174,0.02062684
0b_crop_best,file,18,baseline_crop,6612,113.Baird_Sparrow/Baird_Sparrow_0049_787324.jpg,113,112,113.Baird_Sparrow,123,122,identity,identity,0,{},0.0075960606,0.0075960606,0,0.99243271,0.99243271,0.0026324298,0.0026324298,0.98980028,0.98980028,0,1,1,1.260564,1.260564,False,1.0000001,True,True,True,1,1,1.260564,1.260564,1,1,1.2379841,1.2379841,1,1,0.23752232,0.23752232,1,1,0.19430513,0.19430513,1,1,0.48610065,0.48610065,1,1,0.73189857,0.73189857,1,1,0.58909172,0.58909172,1,1,0.61306754,0.61306754
0b_crop_best,file,18,baseline_crop,6612,113.Baird_Sparrow/Baird_Sparrow_0049_787324.jpg,113,112,113.Baird_Sparrow,123,122,random_resized_crop,random_resized_crop,0,"{""area_fraction"":0.544253,""aspect"":0.992194,""fallback"":false,""height"":0.740631,""left"":0.221777,""top"":0.051728,""width"":0.73485}",0.0075960606,0.039341252,0.031745192,0.99243271,0.96142256,0.0026324298,0.0099652382,0.98980028,0.95145732,-0.038342959,0.68901767,5.0971962,1.260564,6.4253419,False,0.93638486,True,True,True,0.68901767,5.0971962,1.260564,6.4253419,0.68049302,5.1014415,1.2379841,6.3155036,0.9264117,4.9804857,0.23752232,1.1829765,0.7356152,5.0686511,0.19430513,0.9848649,0.65222003,5.9518959,0.48610065,2.8932205,0.6962876,5.3053598,0.73189857,3.8829853,0.64292752,4.7786011,0.58909172,2.8150344,0.7230221,4.4798256,0.61306754,2.7464357
0b_crop_best,file,18,baseline_crop,6151,106.Horned_Puffin/Horned_Puffin_0029_100888.jpg,106,105,106.Horned_Puffin,89,88,identity,identity,0,{},0.32623535,0.32623535,0,0.72163534,0.72163534,0.13861266,0.13861266,0.58302268,0.58302268,0,1,1,45.177408,45.177408,False,1,True,True,True,1,1,45.177408,45.177408,1,1,44.299687,44.299687,1,1,8.8620477,8.8620477,1,1,12.772618,12.772618,1,1,18.920874,18.920874,1,1,23.942798,23.942798,1,1,19.909209,19.909209,1,1,21.7184,21.7184
0b_crop_best,file,18,baseline_crop,6151,106.Horned_Puffin/Horned_Puffin_0029_100888.jpg,106,105,106.Horned_Puffin,89,88,random_resized_crop,random_resized_crop,0,"{""area_fraction"":0.576102,""aspect"":0.861076,""fallback"":false,""height"":0.817954,""left"":0.249279,""top"":0.167927,""width"":0.70432}",0.32623535,0.18734574,-0.13888961,0.72163534,0.82915699,0.13861266,0.030525031,0.58302268,0.79863196,0.21560928,0.71322721,0.66697978,45.177408,30.132418,False,0.96188056,True,True,True,0.71322721,0.66697978,45.177408,30.132418,0.70580301,0.66895378,44.299687,29.634443,0.91719911,0.61560161,8.8620477,5.4554909,0.75370026,0.64661186,12.772618,8.2589263,0.68444353,0.71795102,18.920874,13.584261,0.73476716,0.70066665,23.942798,16.77592,0.66801642,0.65143571,19.909209,12.96957,0.70675719,0.61052379,21.7184,13.2596
0b_crop_best,file,18,baseline_crop,4937,085.Horned_Lark/Horned_Lark_0046_73950.jpg,85,84,085.Horned_Lark,168,167,identity,identity,0,{},0.0012615111,0.0012615111,0,0.9987393,0.9987393,0.00057938491,0.00057938491,0.99815992,0.99815992,0,1,1,0.1716202,0.1716202,False,0.99999988,True,True,True,1,1,0.1716202,0.1716202,1,1,0.16632702,0.16632702,1,1,0.04229439,0.04229439,1,1,0.041056866,0.041056866,1,1,0.068138164,0.068138164,1,1,0.081673454,0.081673454,1,1,0.074799298,0.074799298,1,1,0.095240301,0.095240301
0b_crop_best,file,18,baseline_crop,4937,085.Horned_Lark/Horned_Lark_0046_73950.jpg,85,84,085.Horned_Lark,168,167,random_resized_crop,random_resized_crop,0,"{""area_fraction"":0.579066,""aspect"":0.926672,""fallback"":false,""height"":0.790498,""left"":0.096422,""top"":0.072578,""width"":0.732533}",0.0012615111,0.00032884435,-0.00093266676,0.9987393,0.99967122,0.00057938491,0.00016954342,0.99815992,0.99950168,0.0013417601,0.74577684,0.29960371,0.1716202,0.05141805,False,0.97772139,True,True,True,0.74577684,0.29960371,0.1716202,0.05141805,0.73095779,0.29962051,0.16632702,0.049834988,0.97517106,0.29934377,0.04229439,0.012660562,0.52299421,0.22649495,0.041056866,0.0092991729,0.70576824,0.29868908,0.068138164,0.020352126,0.76733588,0.32362029,0.081673454,0.026431187,0.68600687,0.30781095,0.074799298,0.023024043,0.78095627,0.28833796,0.095240301,0.027461394
0b_crop_best,file,18,baseline_crop,6726,115.Brewer_Sparrow/Brewer_Sparrow_0023_107489.jpg,115,114,115.Brewer_Sparrow,117,116,identity,identity,0,{},0.14735197,0.14735197,0,0.8629902,0.8629902,0.023348099,0.023348099,0.8396421,0.8396421,0,1,1,25.200704,25.200704,False,1,True,True,True,1,1,25.200704,25.200704,1,1,24.859965,24.859965,1,1,4.130088,4.130088,1,1,6.1664821,6.1664821,1,1,11.524882,11.524882,1,1,13.225637,13.225637,1,1,12.141373,12.141373,1,1,11.173137,11.173137
0b_crop_best,file,18,baseline_crop,6726,115.Brewer_Sparrow/Brewer_Sparrow_0023_107489.jpg,115,114,115.Brewer_Sparrow,117,116,random_resized_crop,random_resized_crop,0,"{""area_fraction"":0.590107,""aspect"":1.224485,""fallback"":false,""height"":0.694206,""left"":0.032682,""top"":0.006394,""width"":0.850045}",0.14735197,0.075965852,-0.071386114,0.8629902,0.92684788,0.023348099,0.019214049,0.8396421,0.90763383,0.067991724,0.57462692,0.67056256,25.200704,16.898648,False,0.92841583,True,True,True,0.57462692,0.67056256,25.200704,16.898648,0.56624854,0.67151156,24.859965,16.693754,0.89639095,0.63522358,4.130088,2.6235293,0.31449404,0.61280076,6.1664821,3.7788249,0.3517385,0.68771284,11.524882,7.9258096,0.62057028,0.76305321,13.225637,10.091865,0.65708571,0.64952098,12.141373,7.8860768,0.72732826,0.54842257,11.173137,6.1276008
0b_crop_best,file,18,baseline_crop,8770,150.Sage_Thrasher/Sage_Thrasher_0095_796446.jpg,150,149,150.Sage_Thrasher,198,197,identity,identity,0,{},0.0014462736,0.0014462736,0,0.99855477,0.99855477,0.00028917074,0.00028917074,0.9982656,0.9982656,0,1,1,0.22000985,0.22000985,False,1,True,True,True,1,1,0.22000985,0.22000985,1,1,0.21414053,0.21414053,1,1,0.050479393,0.050479393,1,1,0.03743029,0.03743029,1,1,0.080265359,0.080265359,1,1,0.11442748,0.11442748,1,1,0.10533351,0.10533351,1,1,0.11757472,0.11757472
0b_crop_best,file,18,baseline_crop,8770,150.Sage_Thrasher/Sage_Thrasher_0095_796446.jpg,150,149,150.Sage_Thrasher,198,197,random_resized_crop,random_resized_crop,0,"{""area_fraction"":0.561565,""aspect"":0.872588,""fallback"":false,""height"":0.802223,""left"":0.108634,""top"":0.196663,""width"":0.70001}",0.0014462736,0.0095437467,0.0080974731,0.99855477,0.99050164,0.00028917074,0.00055767468,0.9982656,0.98994397,-0.0083216279,0.63514074,7.0004516,0.22000985,1.5401683,False,0.95147729,True,True,True,0.63514074,7.0004516,0.22000985,1.5401683,0.62075631,7.030371,0.21414053,1.5054874,0.92014348,6.4383093,0.050479393,0.32500195,0.51688027,7.8213308,0.03743029,0.29275468,0.57866624,7.4966534,0.080265359,0.60172158,0.5661123,6.6332242,0.11442748,0.75902316,0.58841979,7.0532537,0.10533351,0.74294394,0.72965524,7.0682304,0.11757472,0.83104521
0b_crop_best,file,18,baseline_crop,4112,071.Long_tailed_Jaeger/Long_Tailed_Jaeger_0054_797088.jpg,71,70,071.Long_tailed_Jaeger,61,60,identity,identity,0,{},0.40224925,0.40224925,0,0.668814,0.668814,0.06888248,0.06888248,0.59993152,0.59993152,0,1,1,47.962414,47.962414,False,1,True,True,True,1,1,47.962414,47.962414,1,1,46.937724,46.937724,1,1,9.8611978,9.8611978,1,1,14.515528,14.515528,1,1,20.315489,20.315489,1,1,23.339514,23.339514,1,1,21.321506,21.321506,1,1,24.091302,24.091302
0b_crop_best,file,18,baseline_crop,4112,071.Long_tailed_Jaeger/Long_Tailed_Jaeger_0054_797088.jpg,71,70,071.Long_tailed_Jaeger,61,60,random_resized_crop,random_resized_crop,0,"{""area_fraction"":0.889469,""aspect"":0.965564,""fallback"":false,""height"":0.959787,""left"":0.065306,""top"":0.02981,""width"":0.926736}",0.40224925,0.51001191,0.10776266,0.668814,0.60048842,0.06888248,0.072872147,0.59993152,0.52761628,-0.072315246,0.83740609,1.1680858,47.962414,56.024213,False,0.98164862,True,True,True,0.83740609,1.1680858,47.962414,56.024213,0.8312521,1.1686819,46.937724,54.85527,0.97860437,1.1544965,9.8611978,11.384719,0.83207701,1.2266207,14.515528,17.805046,0.84829246,1.2751106,20.315489,25.904496,0.84030392,1.0991709,23.339514,25.654114,0.78558927,1.1850095,21.321506,25.266187,0.85197309,1.1172908,24.091302,26.916989
0b_crop_best,file,18,baseline_crop,6465,111.Loggerhead_Shrike/Loggerhead_Shrike_0119_105138.jpg,111,110,111.Loggerhead_Shrike,112,111,identity,identity,0,{},0.49155909,0.49155909,0,0.61167198,0.61167198,0.19244185,0.19244185,0.41923013,0.41923013,0,1,1,61.273635,61.273635,False,0.99999988,True,True,True,1,1,61.273635,61.273635,1,1,60.061073,60.061073,1,1,12.129544,12.129544,1,1,15.645033,15.645033,1,1,29.220483,29.220483,1,1,32.296507,32.296507,1,1,28.278727,28.278727,1,1,25.806552,25.806552
0b_crop_best,file,18,baseline_crop,6465,111.Loggerhead_Shrike/Loggerhead_Shrike_0119_105138.jpg,111,110,111.Loggerhead_Shrike,112,111,random_resized_crop,random_resized_crop,0,"{""area_fraction"":0.662642,""aspect"":1.024553,""fallback"":false,""height"":0.804215,""left"":0.112333,""top"":0.116177,""width"":0.823961}",0.49155909,1.4322597,0.94070059,0.61167198,0.23876877,0.19244185,0.40632567,0.41923013,-0.1675569,-0.58678703,0.79699347,2.365269,61.273635,144.92863,False,0.95731556,False,True,False,0.79699347,2.365269,61.273635,144.92863,0.79089477,2.3696059,60.061073,142.32108,0.95495339,2.2563265,12.129544,27.368212,0.87119847,2.7658033,15.645033,43.271083,0.7822298,2.2773235,29.220483,66.544493,0.79358843,2.4922975,32.296507,80.492504,0.78524351,2.3698734,28.278727,67.017003,0.77921648,2.1168949,25.806552,54.629759
0b_crop_best,file,18,baseline_crop,2001,036.Northern_Flicker/Northern_Flicker_0037_28751.jpg,36,35,036.Northern_Flicker,189,188,identity,identity,0,{},0.0062079458,0.0062079458,0,0.99381131,0.99381131,0.004385273,0.004385273,0.98942604,0.98942604,0,1,1,1.1640208,1.1640208,False,1,True,True,True,1,1,1.1640208,1.1640208,1,1,1.1470013,1.1470013,1,1,0.19832421,0.19832421,1,1,0.16236753,0.16236753,1,1,0.5239997,0.5239997,1,1,0.70239622,0.70239622,1,1,0.51194035,0.51194035,1,1,0.50914597,0.50914597
0b_crop_best,file,18,baseline_crop,2001,036.Northern_Flicker/Northern_Flicker_0037_28751.jpg,36,35,036.Northern_Flicker,189,188,random_resized_crop,random_resized_crop,0,"{""area_fraction"":0.539865,""aspect"":0.842723,""fallback"":false,""height"":0.800388,""left"":0.309179,""top"":0.054185,""width"":0.674505}",0.0062079458,0.03298001,0.026772064,0.99381131,0.96755791,0.004385273,0.03012388,0.98942604,0.93743403,-0.051992009,0.69458736,6.8858567,1.1640208,8.0152804,False,0.93086946,True,True,True,0.69458736,6.8858567,1.1640208,8.0152804,0.68765219,6.8818094,1.1470013,7.893444,0.92212857,7.0198899,0.19832421,1.3922141,0.63073219,7.8339817,0.16236753,1.2719842,0.55184376,6.3313376,0.5239997,3.317619,0.74958157,7.1124584,0.70239622,4.9957639,0.68015061,7.285072,0.51194035,3.7295223,0.72107816,6.4590619,0.50914597,3.2886054
0b_crop_best,file,18,baseline_crop,7827,134.Cape_Glossy_Starling/Cape_Glossy_Starling_0043_129358.jpg,134,133,134.Cape_Glossy_Starling,9,8,identity,identity,0,{},0.0020913652,0.0020913652,0,0.9979108,0.9979108,0.0006687186,0.0006687186,0.99724208,0.99724208,0,1,1,0.24509913,0.24509913,False,1.0000001,True,True,True,1,1,0.24509913,0.24509913,1,1,0.23692185,0.23692185,1,1,0.06278233,0.06278233,1,1,0.02906918,0.02906918,1,1,0.086558728,0.086558728,1,1,0.10839512,0.10839512,1,1,0.11372899,0.11372899,1,1,0.15202219,0.15202219
0b_crop_best,file,18,baseline_crop,7827,134.Cape_Glossy_Starling/Cape_Glossy_Starling_0043_129358.jpg,134,133,134.Cape_Glossy_Starling,9,8,random_resized_crop,random_resized_crop,0,"{""area_fraction"":0.747031,""aspect"":1.120724,""fallback"":false,""height"":0.816432,""left"":0.038608,""top"":0.008278,""width"":0.914995}",0.0020913652,0.0012492479,-0.00084211724,0.9979108,0.99875152,0.0006687186,0.00033529106,0.99724208,0.99841623,0.0011741511,0.82248117,0.65638519,0.24509913,0.16087944,False,0.98698378,True,True,True,0.82248117,0.65638519,0.24509913,0.16087944,0.81190689,0.65857832,0.23692185,0.1560316,0.98243216,0.62431773,0.06278233,0.039196122,0.72835388,0.78756055,0.02906918,0.022893739,0.7874469,0.71893541,0.086558728,0.062230135,0.75731815,0.66840225,0.10839512,0.072451544,0.76370118,0.64994098,0.11372899,0.073917133,0.88432408,0.63217765,0.15202219,0.096105031
0b_crop_best,file,18,baseline_crop,11579,197.Marsh_Wren/Marsh_Wren_0094_188710.jpg,197,196,197.Marsh_Wren,196,195,identity,identity,0,{},0.04562049,0.04562049,0,0.95540446,0.95540446,0.016979849,0.016979849,0.93842461,0.93842461,0,1,1,7.716143,7.716143,False,1,True,True,True,1,1,7.716143,7.716143,1,1,7.5794169,7.5794169,1,1,1.4461336,1.4461336,1,1,1.9258883,1.9258883,1,1,4.3576422,4.3576422,1,1,4.0632493,4.0632493,1,1,3.0209483,3.0209483,1,1,3.0188318,3.0188318
0b_crop_best,file,18,baseline_crop,11579,197.Marsh_Wren/Marsh_Wren_0094_188710.jpg,197,196,197.Marsh_Wren,196,195,random_resized_crop,random_resized_crop,0,"{""area_fraction"":0.550486,""aspect"":1.079411,""fallback"":false,""height"":0.714134,""left"":0.213234,""top"":0.139145,""width"":0.770844}",0.04562049,0.073333085,0.027712595,0.95540446,0.92929125,0.016979849,0.011071594,0.93842461,0.91821965,-0.020204958,0.68318166,1.9474046,7.716143,15.026452,False,0.95840693,True,True,True,0.68318166,1.9474046,7.716143,15.026452,0.6760792,1.957932,7.5794169,14.839983,0.92829513,1.6318768,1.4461336,2.3599118,0.73613614,2.3446892,1.9258883,4.5156093,0.71488978,1.8927475,4.3576422,8.2479164,0.65378587,2.0579762,4.0632493,8.3620705,0.58743843,1.8608712,3.0209483,5.6215957,0.70783034,1.82279,3.0188318,5.5026965
0b_crop_best,file,18,baseline_crop,7688,132.White_crowned_Sparrow/White_Crowned_Sparrow_0087_128008.jpg,132,131,132.White_crowned_Sparrow,159,158,identity,identity,0,{},0.50293237,0.50293237,0,0.60475469,0.60475469,0.073507026,0.073507026,0.53124766,0.53124766,0,1,1,53.284509,53.284509,False,1,True,True,True,1,1,53.284509,53.284509,1,1,52.326283,52.326283,1,1,10.059771,10.059771,1,1,7.1898584,7.1898584,1,1,19.857257,19.857257,1,1,27.962949,27.962949,1,1,26.27685,26.27685,1,1,28.629283,28.629283
0b_crop_best,file,18,baseline_crop,7688,132.White_crowned_Sparrow/White_Crowned_Sparrow_0087_128008.jpg,132,131,132.White_crowned_Sparrow,159,158,random_resized_crop,random_resized_crop,0,"{""area_fraction"":0.624229,""aspect"":1.007171,""fallback"":false,""height"":0.787264,""left"":0.038183,""top"":0.163319,""width"":0.792909}",0.50293237,0.86460614,0.36167377,0.60475469,0.42121741,0.073507026,0.11422654,0.53124766,0.30699087,-0.22425679,0.70274492,1.6219373,53.284509,86.424131,False,0.95079875,True,True,True,0.70274492,1.6219373,53.284509,86.424131,0.69502241,1.6286114,52.326283,85.21918,0.94656333,1.429585,10.059771,14.381298,0.51434383,1.7139608,7.1898584,12.323136,0.6622803,1.7892928,19.857257,35.530445,0.70392295,1.7811861,27.962949,49.807216,0.68099276,1.5576868,26.27685,40.931101,0.74182783,1.4367453,28.629283,41.132987
0b_crop_best,file,18,baseline_crop,6623,114.Black_throated_Sparrow/Black_Throated_Sparrow_0033_107042.jpg,114,113,114.Black_throated_Sparrow,148,147,identity,identity,0,{},0.00025185751,0.00025185751,0,0.99974817,0.99974817,4.7652597e-05,4.7652597e-05,0.99970052,0.99970052,0,1,1,0.039168301,0.039168301,False,1,True,True,True,1,1,0.039168301,0.039168301,1,1,0.038323215,0.038323215,1,1,0.0080924043,0.0080924043,1,1,0.008474943,0.008474943,1,1,0.018337638,0.018337638,1,1,0.017285762,0.017285762,1,1,0.017967945,0.017967945,1,1,0.020950669,0.020950669
0b_crop_best,file,18,baseline_crop,6623,114.Black_throated_Sparrow/Black_Throated_Sparrow_0033_107042.jpg,114,113,114.Black_throated_Sparrow,148,147,random_resized_crop,random_resized_crop,0,"{""area_fraction"":0.531905,""aspect"":1.051333,""fallback"":false,""height"":0.71129,""left"":0.141862,""top"":0.214555,""width"":0.747803}",0.00025185751,0.0021014768,0.0018496193,0.99974817,0.99790072,4.7652597e-05,8.2539729e-05,0.99970052,0.99781818,-0.0018823331,0.62274192,9.0949273,0.039168301,0.35623285,False,0.94951665,True,True,True,0.62274192,9.0949273,0.039168301,0.35623285,0.6117339,9.1497116,0.038323215,0.35064636,0.92171635,7.7654126,0.0080924043,0.062840858,0.46751773,11.593147,0.008474943,0.098251262,0.62822359,8.1886314,0.018337638,0.15016016,0.55710627,9.6760761,0.017285762,0.16725835,0.56088329,9.3705987,0.017967945,0.1683704,0.71867887,8.8563564,0.020950669,0.18554659
0b_crop_best,file,18,baseline_crop,2550,045.Northern_Fulmar/Northern_Fulmar_0083_43618.jpg,45,44,045.Northern_Fulmar,72,71,identity,identity,0,{},0.98686063,0.98686063,0,0.37274504,0.37274504,0.3340376,0.3340376,0.038707435,0.038707435,0,1,1,176.43963,176.43963,False,0.99999988,True,True,True,1,1,176.43963,176.43963,1,1,173.75051,173.75051,1,1,30.687194,30.687194,1,1,47.695983,47.695983,1,1,75.765435,75.765435,1,1,92.930818,92.930818,1,1,81.122898,81.122898,1,1,83.407859,83.407859
0b_crop_best,file,18,baseline_crop,2550,045.Northern_Fulmar/Northern_Fulmar_0083_43618.jpg,45,44,045.Northern_Fulmar,72,71,random_resized_crop,random_resized_crop,0,"{""area_fraction"":0.654157,""aspect"":0.792817,""fallback"":false,""height"":0.908353,""left"":0.186437,""top"":0.035654,""width"":0.720157}",0.98686063,3.4021087,2.415248,0.37274504,0.03330297,0.3340376,0.57193851,0.038707435,-0.53863554,-0.57734298,0.81198133,1.5447512,176.43963,272.55534,False,0.94261098,False,True,False,0.81198133,1.5447512,176.43963,272.55534,0.8087742,1.5480722,173.75051,268.97833,0.92526101,1.4342183,30.687194,44.012135,0.80950028,1.6832481,47.695983,80.284174,0.83842787,1.6550457,75.765435,125.39526,0.82276588,1.5130973,92.930818,140.61337,0.76698173,1.504977,81.122898,122.08809,0.80743632,1.4927591,83.407859,124.50784
0b_crop_best,file,18,baseline_crop,6381,109.American_Redstart/American_Redstart_0031_102890.jpg,109,108,109.American_Redstart,10,9,identity,identity,0,{},0.01568622,0.01568622,0,0.98443615,0.98443615,0.0037645688,0.0037645688,0.98067159,0.98067159,0,1,1,2.212103,2.212103,False,1,True,True,True,1,1,2.212103,2.212103,1,1,2.1690596,2.1690596,1,1,0.43425843,0.43425843,1,1,0.4184123,0.4184123,1,1,0.95278018,0.95278018,1,1,1.0781736,1.0781736,1,1,1.0920558,1.0920558,1,1,1.1255738,1.1255738
0b_crop_best,file,18,baseline_crop,6381,109.American_Redstart/American_Redstart_0031_102890.jpg,109,108,109.American_Redstart,10,9,random_resized_crop,random_resized_crop,0,"{""area_fraction"":0.635039,""aspect"":0.990949,""fallback"":false,""height"":0.800525,""left"":0.134106,""top"":0.034881,""width"":0.793279}",0.01568622,0.063426852,0.047740633,0.98443615,0.93854278,0.0037645688,0.0023068637,0.98067159,0.93623592,-0.044435666,0.66117366,4.0491521,2.212103,8.9571418,False,0.95259404,True,True,True,0.66117366,4.0491521,2.212103,8.9571418,0.6517066,4.064172,2.1690596,8.8154312,0.92744612,3.6544998,0.43425843,1.5869974,0.3937813,6.17994,0.4184123,2.585763,0.65574939,4.049318,0.95278018,3.8581099,0.6610464,3.9095664,1.0781736,4.2151912,0.65691216,3.9187476,1.0920558,4.2794912,0.70432479,3.9790383,1.1255738,4.4787012
0b_crop_best,file,18,baseline_crop,10708,182.Yellow_Warbler/Yellow_Warbler_0067_176856.jpg,182,181,182.Yellow_Warbler,175,174,identity,identity,0,{},0.11053882,0.11053882,0,0.89535159,0.89535159,0.10229351,0.10229351,0.79305808,0.79305808,0,1,1,25.265185,25.265185,False,1,True,True,True,1,1,25.265185,25.265185,1,1,24.814228,24.814228,1,1,4.7522269,4.7522269,1,1,7.650947,7.650947,1,1,10.673154,10.673154,1,1,12.324666,12.324666,1,1,12.318142,12.318142,1,1,11.817727,11.817727
0b_crop_best,file,18,baseline_crop,10708,182.Yellow_Warbler/Yellow_Warbler_0067_176856.jpg,182,181,182.Yellow_Warbler,175,174,random_resized_crop,random_resized_crop,0,"{""area_fraction"":0.551418,""aspect"":1.132765,""fallback"":false,""height"":0.697703,""left"":0.044502,""top"":0.059599,""width"":0.790333}",0.11053882,0.050080605,-0.060458213,0.89535159,0.95115274,0.10229351,0.0046685957,0.79305808,0.94648415,0.15342607,0.23257877,0.52825078,25.265185,13.346353,False,0.94382346,True,True,True,0.23257877,0.52825078,25.265185,13.346353,0.22193622,0.53037711,24.814228,13.160898,0.56429541,0.46655675,4.7522269,2.2171835,0.13640976,0.45027697,7.650947,3.4450453,0.19185284,0.57608703,10.673154,6.1486658,0.31484149,0.64247039,12.324666,7.9182326,0.17558808,0.49677993,12.318142,6.119406,0.21577737,0.40923662,11.817727,4.8362466
0b_crop_best,file,18,baseline_crop,479,009.Brewer_Blackbird/Brewer_Blackbird_0116_2327.jpg,9,8,009.Brewer_Blackbird,26,25,identity,identity,0,{},0.50881207,0.50881207,0,0.60120934,0.60120934,0.31091273,0.31091273,0.29029661,0.29029661,0,1,1,81.708958,81.708958,False,1,True,True,True,1,1,81.708958,81.708958,1,1,79.858984,79.858984,1,1,17.288622,17.288622,1,1,18.942741,18.942741,1,1,36.662014,36.662014,1,1,40.940904,40.940904,1,1,40.356145,40.356145,1,1,37.01014,37.01014
0b_crop_best,file,18,baseline_crop,479,009.Brewer_Blackbird/Brewer_Blackbird_0116_2327.jpg,9,8,009.Brewer_Blackbird,26,25,random_resized_crop,random_resized_crop,0,"{""area_fraction"":0.590801,""aspect"":1.25144,""fallback"":false,""height"":0.687093,""left"":0.055265,""top"":0.295973,""width"":0.859856}",0.50881207,4.3250327,3.8162206,0.60120934,0.013233115,0.31091273,0.53211266,0.29029661,-0.51887954,-0.80917616,0.41799041,2.4562395,81.708958,200.69677,False,0.86633646,False,True,False,0.41799041,2.4562395,81.708958,200.69677,0.39837841,2.4568173,79.858984,196.19893,0.83866625,2.4438789,17.288622,42.251299,0.38435201,3.02082,18.942741,57.222611,0.31091095,2.6982582,36.662014,98.923579,0.31755748,2.2738942,40.940904,93.095286,0.41012703,2.2339186,40.356145,90.152344,0.57999407,2.5114504,37.01014,92.94913
0b_crop_best,file,18,baseline_crop,4952,085.Horned_Lark/Horned_Lark_0138_74083.jpg,85,84,085.Horned_Lark,137,136,identity,identity,0,{},0.37765273,0.37765273,0,0.68546849,0.68546849,0.14015511,0.14015511,0.54531339,0.54531339,0,1,1,60.184116,60.184116,False,1,True,True,True,1,1,60.184116,60.184116,1,1,59.141113,59.141113,1,1,11.15601,11.15601,1,1,13.273574,13.273574,1,1,26.178624,26.178624,1,1,35.58561,35.58561,1,1,27.658466,27.658466,1,1,24.593429,24.593429
0b_crop_best,file,18,baseline_crop,4952,085.Horned_Lark/Horned_Lark_0138_74083.jpg,85,84,085.Horned_Lark,137,136,random_resized_crop,random_resized_crop,0,"{""area_fraction"":0.750462,""aspect"":1.143151,""fallback"":false,""height"":0.810238,""left"":0.029279,""top"":0.060217,""width"":0.926224}",0.37765273,0.43529537,0.057642639,0.68546849,0.64707351,0.14015511,0.20988537,0.54531339,0.43718813,-0.10812525,0.71806635,1.168702,60.184116,70.337295,False,0.96505487,True,True,True,0.71806635,1.168702,60.184116,70.337295,0.71011207,1.169677,59.141113,69.176,0.94745077,1.1409596,11.15601,12.728557,0.58078831,1.0927373,13.273574,14.50453,0.60784633,1.2228197,26.178624,32.011738,0.75174624,1.2194868,35.58561,43.396181,0.72281668,1.0786418,27.658466,29.833577,0.76823882,1.1333597,24.593429,27.873201
0b_crop_best,file,18,baseline_crop,10656,181.Worm_eating_Warbler/Worm_Eating_Warbler_0074_176093.jpg,181,180,181.Worm_eating_Warbler,168,167,identity,identity,0,{},0.082234748,0.082234748,0,0.92105573,0.92105573,0.014083452,0.014083452,0.90697228,0.90697228,0,1,1,13.032002,13.032002,False,0.99999988,True,True,True,1,1,13.032002,13.032002,1,1,12.85266,12.85266,1,1,2.1545781,2.1545781,1,1,2.7692784,2.7692784,1,1,6.1901918,6.1901918,1,1,6.7978016,6.7978016,1,1,6.3745129,6.3745129,1,1,5.6884943,5.6884943
0b_crop_best,file,18,baseline_crop,10656,181.Worm_eating_Warbler/Worm_Eating_Warbler_0074_176093.jpg,181,180,181.Worm_eating_Warbler,168,167,random_resized_crop,random_resized_crop,0,"{""area_fraction"":0.548915,""aspect"":1.085638,""fallback"":false,""height"":0.711066,""left"":0.025508,""top"":0.272541,""width"":0.771961}",0.082234748,0.014491312,-0.067743436,0.92105573,0.98561317,0.014083452,0.0012555827,0.90697228,0.98435758,0.077385302,0.56873682,0.15749098,13.032002,2.0524228,False,0.93903673,True,True,True,0.56873682,0.15749098,13.032002,2.0524228,0.55722103,0.15675793,12.85266,2.0147563,0.9283421,0.18166114,2.1545781,0.3914031,0.36047308,0.1947426,2.7692784,0.53929648,0.48138431,0.14322193,6.1901918,0.88657119,0.55169115,0.15304593,6.7978016,1.0403759,0.5789747,0.1489063,6.3745129,0.94920512,0.67609702,0.17570742,5.6884943,0.99951066
0b_crop_best,file,18,baseline_crop,3630,063.Ivory_Gull/Ivory_Gull_0117_49227.jpg,63,62,063.Ivory_Gull,143,142,identity,identity,0,{},0.0031886469,0.0031886469,0,0.99681646,0.99681646,0.00087886682,0.00087886682,0.99593759,0.99593759,0,1,1,0.4989613,0.4989613,False,1,True,True,True,1,1,0.4989613,0.4989613,1,1,0.48708445,0.48708445,1,1,0.10821794,0.10821794,1,1,0.10116013,0.10116013,1,1,0.2087118,0.2087118,1,1,0.24978866,0.24978866,1,1,0.23186342,0.23186342,1,1,0.25942678,0.25942678
0b_crop_best,file,18,baseline_crop,3630,063.Ivory_Gull/Ivory_Gull_0117_49227.jpg,63,62,063.Ivory_Gull,143,142,random_resized_crop,random_resized_crop,0,"{""area_fraction"":0.773942,""aspect"":0.942347,""fallback"":false,""height"":0.906252,""left"":0.10235,""top"":0.073981,""width"":0.854004}",0.0031886469,0.0076895189,0.004500872,0.99681646,0.99233997,0.00087886682,0.0022103991,0.99593759,0.99012957,-0.00580802,0.78413218,2.3453456,0.4989613,1.1702367,False,0.97823799,True,True,True,0.78413218,2.3453456,0.4989613,1.1702367,0.77493651,2.3471365,0.48708445,1.1432537,0.97362156,2.3087651,0.10821794,0.24984981,0.48636456,2.7395942,0.10116013,0.27713771,0.76309,2.3150622,0.2087118,0.48318081,0.78982398,2.2936366,0.24978866,0.57292441,0.77506791,2.3044848,0.23186342,0.53432572,0.82144834,2.3855709,0.25942678,0.61888099
0b_crop_best,file,18,baseline_crop,10772,183.Northern_Waterthrush/Northern_Waterthrush_0055_177114.jpg,183,182,183.Northern_Waterthrush,184,183,identity,identity,0,{},0.033039641,0.033039641,0,0.96750021,0.96750021,0.010224721,0.010224721,0.95727549,0.95727549,0,1,1,7.1464366,7.1464366,False,1,True,True,True,1,1,7.1464366,7.1464366,1,1,7.06759,7.06759,1,1,1.0586444,1.0586444,1,1,1.4251521,1.4251521,1,1,3.5070564,3.5070564,1,1,4.2147969,4.2147969,1,1,3.0276624,3.0276624,1,1,2.9477233,2.9477233
0b_crop_best,file,18,baseline_crop,10772,183.Northern_Waterthrush/Northern_Waterthrush_0055_177114.jpg,183,182,183.Northern_Waterthrush,184,183,random_resized_crop,random_resized_crop,0,"{""area_fraction"":0.651181,""aspect"":1.05979,""fallback"":false,""height"":0.783864,""left"":0.000955,""top"":0.002365,""width"":0.830732}",0.033039641,0.37008917,0.33704953,0.96750021,0.69067276,0.010224721,0.031262182,0.95727549,0.65941057,-0.29786491,0.74274768,11.007918,7.1464366,78.66739,False,0.94606876,True,True,True,0.74274768,11.007918,7.1464366,78.66739,0.74098447,11.033492,7.06759,77.980196,0.83633817,9.8005664,1.0586444,10.375315,0.84315348,11.75931,1.4251521,16.758805,0.60306577,10.391955,3.5070564,36.445172,0.83318163,11.585851,4.2147969,48.832008,0.71386996,10.960185,3.0276624,33.183739,0.73415864,10.652923,2.9477233,31.401869
0b_crop_best,file,18,baseline_crop,4129,071.Long_tailed_Jaeger/Long_Tailed_Jaeger_0060_60886.jpg,71,70,071.Long_tailed_Jaeger,72,71,identity,identity,0,{},2.8628931,2.8628931,0,0.057103317,0.057103317,0.52804053,0.52804053,-0.47093721,-0.47093721,0,1,1,158.57918,158.57918,False,1,True,False,False,1,1,158.57918,158.57918,1,1,155.70633,155.70633,1,1,30.048177,30.048177,1,1,39.33726,39.33726,1,1,67.907836,67.907836,1,1,77.698124,77.698124,1,1,81.235482,81.235482,1,1,73.819823,73.819823
0b_crop_best,file,18,baseline_crop,4129,071.Long_tailed_Jaeger/Long_Tailed_Jaeger_0060_60886.jpg,71,70,071.Long_tailed_Jaeger,72,71,random_resized_crop,random_resized_crop,0,"{""area_fraction"":0.504417,""aspect"":0.805537,""fallback"":false,""height"":0.79132,""left"":0.298639,""top"":0.185229,""width"":0.637438}",2.8628931,4.3648162,1.5019231,0.057103317,0.012716991,0.52804053,0.92899626,-0.47093721,-0.91627927,-0.44534206,0.52840587,1.1458133,158.57918,181.70214,False,0.95403165,True,False,False,0.52840587,1.1458133,158.57918,181.70214,0.51123641,1.1334434,155.70633,176.48433,0.90602105,1.4387348,30.048177,43.231357,0.48080227,1.0782507,39.33726,42.415428,0.32114882,1.1083143,67.907836,75.263224,0.50638932,1.2114385,77.698124,94.126499,0.53756721,1.0127708,81.235482,82.272926,0.65037094,1.2157529,73.819823,89.746662
0b_crop_best,file,18,baseline_crop,11036,188.Pileated_Woodpecker/Pileated_Woodpecker_0004_180307.jpg,188,187,188.Pileated_Woodpecker,108,107,identity,identity,0,{},0.020153981,0.020153981,0,0.98004776,0.98004776,0.0019722958,0.0019722958,0.97807547,0.97807547,0,1,1,3.7405474,3.7405474,False,1.0000001,True,True,True,1,1,3.7405474,3.7405474,1,1,3.6897697,3.6897697,1,1,0.61424318,0.61424318,1,1,1.20229,1.20229,1,1,1.678427,1.678427,1,1,1.8078148,1.8078148,1,1,1.8031901,1.8031901,1,1,1.6828823,1.6828823
0b_crop_best,file,18,baseline_crop,11036,188.Pileated_Woodpecker/Pileated_Woodpecker_0004_180307.jpg,188,187,188.Pileated_Woodpecker,108,107,random_resized_crop,random_resized_crop,0,"{""area_fraction"":0.537295,""aspect"":0.752509,""fallback"":false,""height"":0.844988,""left"":0.06194,""top"":0.107238,""width"":0.635861}",0.020153981,0.59667051,0.57651653,0.98004776,0.55064195,0.0019722958,0.044570073,0.97807547,0.50607188,-0.47200359,0.5106796,31.020504,3.7405474,116.03367,False,0.89404917,True,True,True,0.5106796,31.020504,3.7405474,116.03367,0.5029018,31.091521,3.6897697,114.72055,0.82073549,28.339109,0.61424318,17.407104,0.28645799,27.882492,1.20229,33.522842,0.52729216,30.059542,1.678427,50.452747,0.54045089,34.123056,1.8078148,61.688165,0.51954839,32.076771,1.8031901,57.840516,0.51854167,28.748079,1.6828823,48.379634
0b_crop_best,file,18,baseline_crop,5450,094.White_breasted_Nuthatch/White_Breasted_Nuthatch_0068_86033.jpg,94,93,094.White_breasted_Nuthatch,155,154,identity,identity,0,{},0.00092475559,0.00092475559,0,0.99907565,0.99907565,9.8291493e-05,9.8291493e-05,0.99897736,0.99897736,0,1,1,0.15078043,0.15078043,False,1,True,True,True,1,1,0.15078043,0.15078043,1,1,0.14757925,0.14757925,1,1,0.030904738,0.030904738,1,1,0.02675858,0.02675858,1,1,0.067992068,0.067992068,1,1,0.073563341,0.073563341,1,1,0.071619408,0.071619408,1,1,0.076810072,0.076810072
0b_crop_best,file,18,baseline_crop,5450,094.White_breasted_Nuthatch/White_Breasted_Nuthatch_0068_86033.jpg,94,93,094.White_breasted_Nuthatch,155,154,random_resized_crop,random_resized_crop,0,"{""area_fraction"":0.679052,""aspect"":0.90362,""fallback"":false,""height"":0.866879,""left"":0.076136,""top"":0.036833,""width"":0.783329}",0.00092475559,0.0026205981,0.0016958425,0.99907565,0.99738282,9.8291493e-05,0.00042373448,0.99897736,0.99695909,-0.0020182745,0.7617181,2.9215251,0.15078043,0.44050881,False,0.97553557,True,True,True,0.7617181,2.9215251,0.15078043,0.44050881,0.75380425,2.9349808,0.14757925,0.43314226,0.97129371,2.595828,0.030904738,0.080223383,0.73900091,3.3611325,0.02675858,0.089939133,0.76554369,3.0621508,0.067992068,0.20820197,0.71617849,2.9619944,0.073563341,0.21789421,0.71963399,2.8641145,0.071619408,0.20512618,0.81508325,2.8110604,0.076810072,0.21591775
0b_crop_best,file,18,baseline_crop,4776,082.Ringed_Kingfisher/Ringed_Kingfisher_0017_73145.jpg,82,81,082.Ringed_Kingfisher,79,78,identity,identity,0,{},0.8148033,0.8148033,0,0.4427264,0.4427264,0.34246483,0.34246483,0.10026157,0.10026157,0,1,1,72.029199,72.029199,False,0.99999994,True,True,True,1,1,72.029199,72.029199,1,1,69.693681,69.693681,1,1,18.193303,18.193303,1,1,11.870449,11.870449,1,1,28.256937,28.256937,1,1,36.484101,36.484101,1,1,33.612003,33.612003,1,1,38.170549,38.170549
0b_crop_best,file,18,baseline_crop,4776,082.Ringed_Kingfisher/Ringed_Kingfisher_0017_73145.jpg,82,81,082.Ringed_Kingfisher,79,78,random_resized_crop,random_resized_crop,0,"{""area_fraction"":0.846854,""aspect"":1.161809,""fallback"":false,""height"":0.853762,""left"":0.001646,""top"":0.026988,""width"":0.991909}",0.8148033,0.78336692,-0.031436384,0.4427264,0.45686519,0.34246483,0.4468652,0.10026157,0.0099999905,-0.090261579,0.70279807,1.1763163,72.029199,84.72912,False,0.95444292,True,True,True,0.70279807,1.1763163,72.029199,84.72912,0.69057828,1.1892068,69.693681,82.880201,0.93738802,0.96760128,18.193303,17.603863,0.6588216,1.5800453,11.870449,18.755848,0.70802536,1.3623492,28.256937,38.495814,0.65974629,1.1651146,36.484101,42.50816,0.66892032,1.1302552,33.612003,37.990142,0.7407972,1.1069243,38.170549,42.251907
0b_crop_best,file,18,baseline_crop,6166,106.Horned_Puffin/Horned_Puffin_0082_100876.jpg,106,105,106.Horned_Puffin,89,88,identity,identity,0,{},0.042599589,0.042599589,0,0.95829505,0.95829505,0.0059251375,0.0059251375,0.95236991,0.95236991,0,1,1,6.1852623,6.1852623,False,1,True,True,True,1,1,6.1852623,6.1852623,1,1,6.0898546,6.0898546,1,1,1.0821925,1.0821925,1,1,1.6703128,1.6703128,1,1,2.3062579,2.3062579,1,1,3.1143207,3.1143207,1,1,2.9237616,2.9237616,1,1,3.2756958,3.2756958
0b_crop_best,file,18,baseline_crop,6166,106.Horned_Puffin/Horned_Puffin_0082_100876.jpg,106,105,106.Horned_Puffin,89,88,random_resized_crop,random_resized_crop,0,"{""area_fraction"":0.636703,""aspect"":0.857805,""fallback"":false,""height"":0.861538,""left"":0.065693,""top"":0.09046,""width"":0.739031}",0.042599589,0.072134055,0.029534467,0.95829505,0.93040615,0.0059251375,0.0037798134,0.95236991,0.92662634,-0.02574357,0.70027811,2.1686613,6.1852623,13.413739,False,0.95422143,True,True,True,0.70027811,2.1686613,6.1852623,13.413739,0.69362068,2.1761414,6.0898546,13.252385,0.94512221,1.9167506,1.0821925,2.0742931,0.72525475,1.9151249,1.6703128,3.1988576,0.63192944,2.2446138,2.3062579,5.1766582,0.68417008,2.4635611,3.1143207,7.6723195,0.65095239,2.094006,2.9237616,6.1223744,0.77774886,1.9842471,3.2756958,6.4997899
0b_crop_best,file,18,baseline_crop,6776,116.Chipping_Sparrow/Chipping_Sparrow_0010_109760.jpg,116,115,116.Chipping_Sparrow,117,116,identity,identity,0,{},4.531745,4.531745,0,0.010761878,0.010761878,0.42568198,0.42568198,-0.4149201,-0.4149201,0,1,1,172.67702,172.67702,False,1,True,False,False,1,1,172.67702,172.67702,1,1,169.70998,169.70998,1,1,31.872843,31.872843,1,1,32.093149,32.093149,1,1,75.864027,75.864027,1,1,94.815405,94.815405,1,1,86.601558,86.601558,1,1,74.339519,74.339519
0b_crop_best,file,18,baseline_crop,6776,116.Chipping_Sparrow/Chipping_Sparrow_0010_109760.jpg,116,115,116.Chipping_Sparrow,117,116,random_resized_crop,random_resized_crop,0,"{""area_fraction"":0.597984,""aspect"":1.092636,""fallback"":false,""height"":0.739788,""left"":0.102527,""top"":0.076169,""width"":0.808318}",4.531745,4.9887376,0.45699263,0.010761878,0.0068142614,0.42568198,0.67581999,-0.4149201,-0.66900573,-0.25408563,0.59781229,1.0181724,172.67702,175.81499,False,0.89135438,True,False,False,0.59781229,1.0181724,172.67702,175.81499,0.58770931,1.0142436,169.70998,172.12726,0.85933966,1.1238597,31.872843,35.820605,0.3350258,0.96766462,32.093149,31.055405,0.51298164,0.9445384,75.864027,71.656487,0.58626478,1.0514179,94.815405,99.690615,0.62232445,1.0199734,86.601558,88.331285,0.66188005,1.023404,74.339519,76.079359
0b_crop_best,file,18,baseline_crop,5910,101.White_Pelican/White_Pelican_0047_97190.jpg,101,100,101.White_Pelican,143,142,identity,identity,0,{},0.00089307473,0.00089307473,0,0.9991073,0.9991073,0.00016015493,0.00016015493,0.99894715,0.99894715,0,1,1,0.15386821,0.15386821,False,0.99999994,True,True,True,1,1,0.15386821,0.15386821,1,1,0.15048351,0.15048351,1,1,0.032095796,0.032095796,1,1,0.033263353,0.033263353,1,1,0.056815296,0.056815296,1,1,0.077348062,0.077348062,1,1,0.069272512,0.069272512,1,1,0.086772431,0.086772431
0b_crop_best,file,18,baseline_crop,5910,101.White_Pelican/White_Pelican_0047_97190.jpg,101,100,101.White_Pelican,143,142,random_resized_crop,random_resized_crop,0,"{""area_fraction"":0.829884,""aspect"":1.168867,""fallback"":false,""height"":0.842609,""left"":0.005293,""top"":0.01767,""width"":0.984898}",0.00089307473,0.001856034,0.00096295931,0.9991073,0.9981457,0.00016015493,0.00016954061,0.99894715,0.99797616,-0.00097098741,0.80313402,2.0562722,0.15386821,0.31639493,False,0.97996902,True,True,True,0.80313402,2.0562722,0.15386821,0.31639493,0.79560298,2.0554668,0.15048351,0.30931385,0.96724598,2.0738989,0.032095796,0.066563435,0.77531736,1.9309235,0.033263353,0.064228991,0.70134879,2.0515029,0.056815296,0.11655674,0.82459529,2.027183,0.077348062,0.15679868,0.75773351,2.1122626,0.069272512,0.14632174,0.84117463,2.060527,0.086772431,0.17879694
0b_crop_best,file,18,baseline_crop,2998,052.Pied_billed_Grebe/Pied_Billed_Grebe_0052_35937.jpg,52,51,052.Pied_billed_Grebe,46,45,identity,identity,0,{},0.013417308,0.013417308,0,0.98667228,0.98667228,0.0029185577,0.0029185577,0.98375372,0.98375372,0,1,1,2.218199,2.218199,False,1,True,True,True,1,1,2.218199,2.218199,1,1,2.1867405,2.1867405,1,1,0.3722533,0.3722533,1,1,0.47704771,0.47704771,1,1,0.99387239,0.99387239,1,1,1.1777447,1.1777447,1,1,1.0307582,1.0307582,1,1,1.0568502,1.0568502
0b_crop_best,file,18,baseline_crop,2998,052.Pied_billed_Grebe/Pied_Billed_Grebe_0052_35937.jpg,52,51,052.Pied_billed_Grebe,46,45,random_resized_crop,random_resized_crop,0,"{""area_fraction"":0.533397,""aspect"":0.850831,""fallback"":false,""height"":0.791779,""left"":0.05268,""top"":0.139806,""width"":0.67367}",0.013417308,0.0028893887,-0.01052792,0.98667228,0.99711478,0.0029185577,5.4247921e-05,0.98375372,0.99706053,0.013306805,0.64230107,0.21612588,2.218199,0.47941021,False,0.94328535,True,True,True,0.64230107,0.21612588,2.218199,0.47941021,0.6345175,0.21479479,2.1867405,0.46970047,0.87641623,0.25788369,0.3722533,0.095998055,0.64856148,0.22907704,0.47704771,0.10928068,0.44241547,0.19562132,0.99387239,0.19442263,0.69508117,0.21971898,1.1777447,0.25877286,0.62578731,0.20969755,1.0307582,0.21614747,0.71676744,0.22628613,1.0568502,0.23915053
0b_crop_best,file,18,baseline_crop,3365,058.Pigeon_Guillemot/Pigeon_Guillemot_0058_40184.jpg,58,57,058.Pigeon_Guillemot,8,7,identity,identity,0,{},0.090907767,0.090907767,0,0.91310191,0.91310191,0.033534408,0.033534408,0.8795675,0.8795675,0,1,1,17.537087,17.537087,False,1,True,True,True,1,1,17.537087,17.537087,1,1,17.301521,17.301521,1,1,2.8647487,2.8647487,1,1,4.1678322,4.1678322,1,1,7.9732867,7.9732867,1,1,10.339545,10.339545,1,1,7.7108104,7.7108104,1,1,7.2135786,7.2135786
0b_crop_best,file,18,baseline_crop,3365,058.Pigeon_Guillemot/Pigeon_Guillemot_0058_40184.jpg,58,57,058.Pigeon_Guillemot,8,7,random_resized_crop,random_resized_crop,0,"{""area_fraction"":0.608079,""aspect"":0.986413,""fallback"":false,""height"":0.785147,""left"":0.024088,""top"":0.082795,""width"":0.774479}",0.090907767,1.2720697,1.1811619,0.91310191,0.280251,0.033534408,0.1903847,0.8795675,0.089866295,-0.78970121,0.77394761,10.372316,17.537087,181.90021,False,0.93598229,True,True,True,0.77394761,10.372316,17.537087,181.90021,0.77026932,10.377112,17.301521,179.53981,0.91061526,10.195858,2.8647487,29.208572,0.52439805,9.6605256,4.1678322,40.26345,0.73902958,10.193837,7.9732867,81.278388,0.85506033,10.803678,10.339545,111.70512,0.74127723,10.437174,7.7108104,80.479071,0.73757037,9.8535831,7.2135786,71.079596
0b_crop_best,file,18,baseline_crop,10968,187.American_Three_toed_Woodpecker/American_Three_Toed_Woodpecker_0008_179850.jpg,187,186,187.American_Three_toed_Woodpecker,34,33,identity,identity,0,{},0.10953394,0.10953394,0,0.89625174,0.89625174,0.039112389,0.039112389,0.85713935,0.85713935,0,1,1,23.737744,23.737744,False,0.99999994,True,True,True,1,1,23.737744,23.737744,1,1,23.483644,23.483644,1,1,3.4639535,3.4639535,1,1,4.0204828,4.0204828,1,1,10.952125,10.952125,1,1,15.072547,15.072547,1,1,10.402102,10.402102,1,1,8.9433112,8.9433112
0b_crop_best,file,18,baseline_crop,10968,187.American_Three_toed_Woodpecker/American_Three_Toed_Woodpecker_0008_179850.jpg,187,186,187.American_Three_toed_Woodpecker,34,33,random_resized_crop,random_resized_crop,0,"{""area_fraction"":0.619586,""aspect"":0.904162,""fallback"":false,""height"":0.827804,""left"":0.241872,""top"":0.007224,""width"":0.748469}",0.10953394,0.10445517,-0.0050787702,0.89625174,0.90081519,0.039112389,0.011236846,0.85713935,0.88957834,0.032438993,0.71586196,0.93939923,23.737744,22.299219,False,0.92795241,True,True,True,0.71586196,0.93939923,23.737744,22.299219,0.71221915,0.94032402,23.483644,22.082234,0.89241975,0.89586563,3.4639535,3.1032368,0.68312871,1.1228169,4.0204828,4.5142658,0.68986684,0.88499918,10.952125,9.6926218,0.73889486,0.88655996,15.072547,13.362716,0.67649937,1.0084637,10.402102,10.490143,0.74193758,1.0290315,8.9433112,9.2029493
0b_crop_best,file,18,baseline_crop,10980,187.American_Three_toed_Woodpecker/American_Three_Toed_Woodpecker_0013_179833.jpg,187,186,187.American_Three_toed_Woodpecker,190,189,identity,identity,0,{},0.17741156,0.17741156,0,0.83743507,0.83743507,0.15757622,0.15757622,0.67985885,0.67985885,0,1,1,56.329918,56.329918,False,1,True,True,True,1,1,56.329918,56.329918,1,1,55.910699,55.910699,1,1,6.8595434,6.8595434,1,1,12.530264,12.530264,1,1,22.45828,22.45828,1,1,35.614497,35.614497,1,1,25.982096,25.982096,1,1,22.828987,22.828987
0b_crop_best,file,18,baseline_crop,10980,187.American_Three_toed_Woodpecker/American_Three_Toed_Woodpecker_0013_179833.jpg,187,186,187.American_Three_toed_Woodpecker,190,189,random_resized_crop,random_resized_crop,0,"{""area_fraction"":0.747538,""aspect"":0.930792,""fallback"":false,""height"":0.89617,""left"":0.077531,""top"":0.033457,""width"":0.834148}",0.17741156,0.18524134,0.0078297853,0.83743507,0.83090371,0.15757622,0.16582747,0.67985885,0.66507624,-0.014782608,0.87073276,1.010785,56.329918,56.937436,False,0.97924757,True,True,True,0.87073276,1.010785,56.329918,56.937436,0.86900649,1.0094374,55.910699,56.438348,0.9792419,1.096613,6.8595434,7.5222646,0.83598454,0.84294667,12.530264,10.562345,0.79541961,0.92430595,22.45828,20.758322,0.89693672,0.99778916,35.614497,35.53576,0.85729024,1.0639909,25.982096,27.644714,0.8998604,1.0870053,22.828987,24.815231
0b_crop_best,file,18,baseline_crop,9585,163.Cape_May_Warbler/Cape_May_Warbler_0040_163036.jpg,163,162,163.Cape_May_Warbler,182,181,identity,identity,0,{},0.1144869,0.1144869,0,0.89182359,0.89182359,0.064318076,0.064318076,0.82750551,0.82750551,0,1,1,15.230427,15.230427,False,1.0000001,True,True,True,1,1,15.230427,15.230427,1,1,14.852242,14.852242,1,1,3.3729521,3.3729521,1,1,3.300454,3.300454,1,1,5.85256,5.85256,1,1,7.7534548,7.7534548,1,1,7.5274548,7.5274548,1,1,7.6593082,7.6593082
0b_crop_best,file,18,baseline_crop,9585,163.Cape_May_Warbler/Cape_May_Warbler_0040_163036.jpg,163,162,163.Cape_May_Warbler,182,181,random_resized_crop,random_resized_crop,0,"{""area_fraction"":0.571277,""aspect"":1.248873,""fallback"":false,""height"":0.676339,""left"":0.087056,""top"":0.099264,""width"":0.844661}",0.1144869,0.057904076,-0.056582827,0.89182359,0.94374049,0.064318076,0.024893718,0.82750551,0.91884677,0.091341255,0.79620144,0.51375678,15.230427,7.8247351,False,0.97702235,True,True,True,0.79620144,0.51375678,15.230427,7.8247351,0.78769147,0.51467947,14.852242,7.6441441,0.96812742,0.49552693,3.3729521,1.6713886,0.74720027,0.5016738,3.300454,1.6557513,0.76906806,0.53437002,5.85256,3.1274326,0.80732768,0.51629203,7.7534548,4.0030469,0.76678452,0.49877066,7.5274548,3.7544736,0.80632039,0.51880407,7.6593082,3.9736803
0b_crop_best,file,18,baseline_crop,5511,095.Baltimore_Oriole/Baltimore_Oriole_0020_87066.jpg,95,94,095.Baltimore_Oriole,96,95,identity,identity,0,{},0.24338531,0.24338531,0,0.7839694,0.7839694,0.20557675,0.20557675,0.57839265,0.57839265,0,1,1,45.045548,45.045548,False,1,True,True,True,1,1,45.045548,45.045548,1,1,44.06983,44.06983,1,1,9.3247771,9.3247771,1,1,11.242774,11.242774,1,1,18.00195,18.00195,1,1,23.510305,23.510305,1,1,21.017487,21.017487,1,1,22.298219,22.298219
0b_crop_best,file,18,baseline_crop,5511,095.Baltimore_Oriole/Baltimore_Oriole_0020_87066.jpg,95,94,095.Baltimore_Oriole,96,95,random_resized_crop,random_resized_crop,0,"{""area_fraction"":0.544803,""aspect"":1.327849,""fallback"":false,""height"":0.640539,""left"":0.133008,""top"":0.11893,""width"":0.850539}",0.24338531,0.63952339,0.39613807,0.7839694,0.52754378,0.20557675,0.46095517,0.57839265,0.06658861,-0.51180404,0.77642662,2.5646442,45.045548,115.5258,False,0.93382204,True,True,True,0.77642662,2.5646442,45.045548,115.5258,0.7696525,2.5684817,44.06983,113.19255,0.93378293,2.4773813,9.3247771,23.101028,0.70552073,2.6708885,11.242774,30.028197,0.78598452,2.8622415,18.00195,51.525928,0.80249367,2.5397224,23.510305,59.709647,0.7214939,2.4468771,21.017487,51.427208,0.78471658,2.4750874,22.298219,55.190041
0b_crop_best,file,18,baseline_crop,1671,030.Fish_Crow/Fish_Crow_0003_25970.jpg,30,29,030.Fish_Crow,29,28,identity,identity,0,{},0.04700743,0.04700743,0,0.95408028,0.95408028,0.014561395,0.014561395,0.93951889,0.93951889,0,1,1,9.1353741,9.1353741,False,1,True,True,True,1,1,9.1353741,9.1353741,1,1,8.954377,8.954377,1,1,1.809473,1.809473,1,1,2.9879603,2.9879603,1,1,4.0937592,4.0937592,1,1,4.7250674,4.7250674,1,1,4.1592496,4.1592496,1,1,3.8559664,3.8559664
0b_crop_best,file,18,baseline_crop,1671,030.Fish_Crow/Fish_Crow_0003_25970.jpg,30,29,030.Fish_Crow,29,28,random_resized_crop,random_resized_crop,0,"{""area_fraction"":0.529105,""aspect"":0.901039,""fallback"":false,""height"":0.7663,""left"":0.00844,""top"":0.12147,""width"":0.690467}",0.04700743,0.81883568,0.77182825,0.95408028,0.44094476,0.014561395,0.035344727,0.93951889,0.40560003,-0.53391885,0.6928648,13.596372,9.1353741,124.20795,False,0.92928886,True,True,True,0.6928648,13.596372,9.1353741,124.20795,0.68696996,13.690121,8.954377,122.5865,0.88700761,11.055209,1.809473,20.004102,0.76021911,14.607319,2.9879603,43.646088,0.64848848,13.560982,4.0937592,55.515397,0.67827578,13.092529,4.7250674,61.863082,0.66802177,14.325474,4.1592496,59.583222,0.72232647,13.383742,3.8559664,51.607257
0b_crop_best,file,18,baseline_crop,3774,065.Slaty_backed_Gull/Slaty_Backed_Gull_0002_53238.jpg,65,64,065.Slaty_backed_Gull,66,65,identity,identity,0,{},0.090096727,0.090096727,0,0.9138428,0.9138428,0.077076077,0.077076077,0.83676672,0.83676672,0,1,1,16.825002,16.825002,False,1,True,True,True,1,1,16.825002,16.825002,1,1,16.488577,16.488577,1,1,3.3477618,3.3477618,1,1,6.1703827,6.1703827,1,1,7.4365044,7.4365044,1,1,8.4463122,8.4463122,1,1,7.3034262,7.3034262,1,1,7.3360574,7.3360574
0b_crop_best,file,18,baseline_crop,3774,065.Slaty_backed_Gull/Slaty_Backed_Gull_0002_53238.jpg,65,64,065.Slaty_backed_Gull,66,65,random_resized_crop,random_resized_crop,0,"{""area_fraction"":0.703077,""aspect"":1.232404,""fallback"":false,""height"":0.75531,""left"":0.037779,""top"":0.200712,""width"":0.930846}",0.090096727,0.0031957766,-0.08690095,0.9138428,0.9968093,0.077076077,0.0024519961,0.83676672,0.99435731,0.15759059,0.79722904,0.035303984,16.825002,0.5939896,False,0.96330786,True,True,True,0.79722904,0.035303984,16.825002,0.5939896,0.78984375,0.035060598,16.488577,0.57809938,0.95997069,0.040765304,3.3477618,0.13647253,0.55591619,0.023841852,6.1703827,0.14711335,0.82490072,0.03243976,7.4365044,0.24123842,0.84957092,0.035753542,8.4463122,0.30198558,0.79608707,0.038838622,7.3034262,0.28365501,0.81913142,0.039201575,7.3360574,0.287585
0b_crop_best,file,18,baseline_crop,10791,184.Louisiana_Waterthrush/Louisiana_Waterthrush_0015_177515.jpg,184,183,184.Louisiana_Waterthrush,183,182,identity,identity,0,{},4.1276979,4.1276979,0,0.016119946,0.016119946,0.87778872,0.87778872,-0.86166878,-0.86166878,0,1,1,210.80394,210.80394,False,1,True,False,False,1,1,210.80394,210.80394,1,1,207.51276,207.51276,1,1,37.104646,37.104646,1,1,62.136702,62.136702,1,1,89.457327,89.457327,1,1,117.29832,117.29832,1,1,98.060672,98.060672,1,1,88.448699,88.448699
0b_crop_best,file,18,baseline_crop,10791,184.Louisiana_Waterthrush/Louisiana_Waterthrush_0015_177515.jpg,184,183,184.Louisiana_Waterthrush,183,182,random_resized_crop,random_resized_crop,0,"{""area_fraction"":0.52865,""aspect"":1.237877,""fallback"":false,""height"":0.6535,""left"":0.181818,""top"":0.314792,""width"":0.808952}",4.1276979,0.69423091,-3.433467,0.016119946,0.49945843,0.87778872,0.031333953,-0.86166878,0.46812448,1.3297933,0.31144501,0.51751513,210.80394,109.09423,False,0.85513663,False,False,True,0.31144501,0.51751513,210.80394,109.09423,0.30306985,0.51937912,207.51276,107.7778,0.61283855,0.45537874,37.104646,16.896667,0.48229318,0.42355209,62.136702,26.31813,0.36657014,0.57173732,89.457327,51.146092,0.21588335,0.54796934,117.29832,64.275884,0.27798387,0.50536484,98.060672,49.556416,0.36358656,0.46892728,88.448699,41.476008
0b_crop_best,file,18,baseline_crop,269,005.Crested_Auklet/Crested_Auklet_0066_785251.jpg,5,4,005.Crested_Auklet,24,23,identity,identity,0,{},0.18710701,0.18710701,0,0.829355,0.829355,0.10994455,0.10994455,0.71941045,0.71941045,0,1,1,35.521364,35.521364,False,1,True,True,True,1,1,35.521364,35.521364,1,1,35.033739,35.033739,1,1,5.8655316,5.8655316,1,1,6.7517001,6.7517001,1,1,15.502729,15.502729,1,1,21.223923,21.223923,1,1,16.376992,16.376992,1,1,14.925884,14.925884
0b_crop_best,file,18,baseline_crop,269,005.Crested_Auklet/Crested_Auklet_0066_785251.jpg,5,4,005.Crested_Auklet,24,23,random_resized_crop,random_resized_crop,0,"{""area_fraction"":0.563263,""aspect"":0.939579,""fallback"":false,""height"":0.774264,""left"":0.163622,""top"":0.132688,""width"":0.727482}",0.18710701,0.26591712,0.078810111,0.829355,0.76650262,0.10994455,0.11837406,0.71941045,0.64812856,-0.071281888,0.68777372,1.7079976,35.521364,60.670404,False,0.95330185,True,True,True,0.68777372,1.7079976,35.521364,60.670404,0.68058161,1.7024966,35.033739,59.644823,0.92221412,1.8938168,5.8655316,11.108242,0.59597198,1.9745294,6.7517001,13.33143,0.4925026,1.7578582,15.502729,27.251599,0.77387526,1.6709741,21.223923,35.464627,0.68795099,1.7251146,16.376992,28.252189,0.72149016,1.6151898,14.925884,24.108136
0b_crop_best,file,18,baseline_crop,4032,070.Green_Violetear/Green_Violetear_0089_795698.jpg,70,69,070.Green_Violetear,18,17,identity,identity,0,{},0.0075073261,0.0075073261,0,0.99252081,0.99252081,0.0044057919,0.0044057919,0.98811502,0.98811502,0,1,1,1.6292764,1.6292764,False,1,True,True,True,1,1,1.6292764,1.6292764,1,1,1.607651,1.607651,1,1,0.26457542,0.26457542,1,1,0.37428988,0.37428988,1,1,0.90651683,0.90651683,1,1,0.86815,0.86815,1,1,0.66151893,0.66151893,1,1,0.65679844,0.65679844
0b_crop_best,file,18,baseline_crop,4032,070.Green_Violetear/Green_Violetear_0089_795698.jpg,70,69,070.Green_Violetear,18,17,random_resized_crop,random_resized_crop,0,"{""area_fraction"":0.740914,""aspect"":0.847613,""fallback"":false,""height"":0.934943,""left"":0.113563,""top"":0.036219,""width"":0.79247}",0.0075073261,0.22411744,0.21661012,0.99252081,0.79922128,0.0044057919,0.18146919,0.98811502,0.61775209,-0.37036293,0.80770248,38.152527,1.6292764,62.161014,False,0.96913922,True,True,True,0.80770248,38.152527,1.6292764,62.161014,0.80490268,38.294813,1.607651,61.564692,0.94042751,32.465411,0.26457542,8.5895495,0.87004126,50.275802,0.37428988,18.817724,0.85339838,39.87376,0.90651683,36.146235,0.78698474,38.086815,0.86815,33.065068,0.73305117,35.797173,0.66151893,23.680508,0.80292137,33.200008,0.65679844,21.805713
0b_crop_best,file,18,baseline_crop,5581,096.Hooded_Oriole/Hooded_Oriole_0091_90821.jpg,96,95,096.Hooded_Oriole,97,96,identity,identity,0,{},3.1126785,3.1126785,0,0.044481654,0.044481654,0.48445573,0.48445573,-0.43997408,-0.43997408,0,1,1,108.54012,108.54012,False,0.99999988,True,False,False,1,1,108.54012,108.54012,1,1,105.39236,105.39236,1,1,25.950111,25.950111,1,1,24.175829,24.175829,1,1,39.010287,39.010287,1,1,48.335165,48.335165,1,1,54.054535,54.054535,1,1,61.180844,61.180844
0b_crop_best,file,18,baseline_crop,5581,096.Hooded_Oriole/Hooded_Oriole_0091_90821.jpg,96,95,096.Hooded_Oriole,97,96,random_resized_crop,random_resized_crop,0,"{""area_fraction"":0.774769,""aspect"":0.778511,""fallback"":false,""height"":0.997594,""left"":0.1694,""top"":0.00057,""width"":0.776638}",3.1126785,2.9072978,-0.20538068,0.044481654,0.054623131,0.48445573,0.09604615,-0.43997408,-0.041423019,0.39855106,0.64772168,1.5323207,108.54012,166.31827,False,0.9658494,False,False,False,0.64772168,1.5323207,108.54012,166.31827,0.63842026,1.5397659,105.39236,162.27956,0.81862388,1.403829,25.950111,36.429518,0.78780907,1.7319727,24.175829,41.871876,0.61020668,1.5563917,39.010287,60.715288,0.57536218,1.5839686,48.335165,76.561383,0.64492654,1.5463542,54.054535,83.587456,0.66197919,1.466187,61.180844,89.702557
0b_crop_best,file,18,baseline_crop,9536,163.Cape_May_Warbler/Cape_May_Warbler_0108_163108.jpg,163,162,163.Cape_May_Warbler,175,174,identity,identity,0,{},0.025203954,0.025203954,0,0.97511101,0.97511101,0.010647581,0.010647581,0.96446343,0.96446343,0,1,1,3.9524221,3.9524221,False,1,True,True,True,1,1,3.9524221,3.9524221,1,1,3.8811082,3.8811082,1,1,0.74742205,0.74742205,1,1,0.82627421,0.82627421,1,1,1.670532,1.670532,1,1,2.1472303,2.1472303,1,1,1.8901565,1.8901565,1,1,1.8456179,1.8456179
0b_crop_best,file,18,baseline_crop,9536,163.Cape_May_Warbler/Cape_May_Warbler_0108_163108.jpg,163,162,163.Cape_May_Warbler,175,174,random_resized_crop,random_resized_crop,0,"{""area_fraction"":0.775896,""aspect"":1.09925,""fallback"":false,""height"":0.840143,""left"":0.02383,""top"":0.032254,""width"":0.923528}",0.025203954,0.10037599,0.075172033,0.97511101,0.90449727,0.010647581,0.05214927,0.96446343,0.852348,-0.11211543,0.76466987,4.3158767,3.9524221,17.058166,False,0.96509451,True,True,True,0.76466987,4.3158767,3.9524221,17.058166,0.75815868,4.3260827,3.8811082,16.789995,0.95493579,4.0309559,0.74742205,3.0128253,0.83374825,4.4718176,0.82627421,3.6949475,0.79954503,4.159838,1.670532,6.9491425,0.75484122,4.5675724,2.1472303,9.8076297,0.72238943,4.22378,1.8901565,7.9836051,0.75383439,4.19811,1.8456179,7.7481068
0b_crop_best,file,18,baseline_crop,2615,046.Gadwall/Gadwall_0030_31855.jpg,46,45,046.Gadwall,87,86,identity,identity,0,{},0.051546637,0.051546637,0,0.94975936,0.94975936,0.014733943,0.014733943,0.93502542,0.93502542,0,1,1,8.0134367,8.0134367,False,1,True,True,True,1,1,8.0134367,8.0134367,1,1,7.8776606,7.8776606,1,1,1.4688879,1.4688879,1,1,1.6629047,1.6629047,1,1,3.272661,3.272661,1,1,3.9372673,3.9372673,1,1,3.6843445,3.6843445,1,1,4.4165038,4.4165038
0b_crop_best,file,18,baseline_crop,2615,046.Gadwall/Gadwall_0030_31855.jpg,46,45,046.Gadwall,87,86,random_resized_crop,random_resized_crop,0,"{""area_fraction"":0.526591,""aspect"":1.190576,""fallback"":false,""height"":0.665056,""left"":0.069676,""top"":0.054826,""width"":0.7918}",0.051546637,0.84349597,0.79194933,0.94975936,0.43020391,0.014733943,0.045969203,0.93502542,0.38423471,-0.55079071,0.55586698,11.387983,8.0134367,91.256877,False,0.90238512,True,True,True,0.55586698,11.387983,8.0134367,91.256877,0.54486837,11.298584,7.8776606,89.00641,0.82655139,13.712018,1.4688879,20.141419,0.34327556,7.7837697,1.6629047,12.943667,0.51339824,11.182981,3.272661,36.598106,0.51601365,12.674528,3.9372673,49.903003,0.5744938,11.994716,3.6843445,44.192665,0.60287159,10.054526,4.4165038,44.405852
0b_crop_best,file,18,baseline_crop,2793,049.Boat_tailed_Grackle/Boat_Tailed_Grackle_0043_33595.jpg,49,48,049.Boat_tailed_Grackle,136,135,identity,identity,0,{},0.3344954,0.3344954,0,0.71569914,0.71569914,0.094875649,0.094875649,0.62082349,0.62082349,0,1,1,50.298917,50.298917,False,1,True,True,True,1,1,50.298917,50.298917,1,1,49.488073,49.488073,1,1,8.9950896,8.9950896,1,1,9.2162305,9.2162305,1,1,20.813497,20.813497,1,1,28.298157,28.298157,1,1,23.35033,23.35033,1,1,24.184814,24.184814
0b_crop_best,file,18,baseline_crop,2793,049.Boat_tailed_Grackle/Boat_Tailed_Grackle_0043_33595.jpg,49,48,049.Boat_tailed_Grackle,136,135,random_resized_crop,random_resized_crop,0,"{""area_fraction"":0.881589,""aspect"":1.07873,""fallback"":false,""height"":0.904017,""left"":0.010486,""top"":0.025884,""width"":0.97519}",0.3344954,0.98264492,0.64814952,0.71569914,0.37431973,0.094875649,0.34987932,0.62082349,0.024440408,-0.59638308,0.79051872,2.2040541,50.298917,110.86154,False,0.97974676,True,True,True,0.79051872,2.2040541,50.298917,110.86154,0.78429037,2.1915435,49.488073,108.45527,0.96122003,2.5538925,8.9950896,22.972492,0.72250666,2.027635,9.2162305,18.687152,0.66083584,1.9967134,20.813497,41.558588,0.8090223,2.209655,28.298157,62.529165,0.78831732,2.2273566,23.35033,52.009512,0.83901067,2.2915044,24.184814,55.419608
0b_crop_best,file,18,baseline_crop,8764,150.Sage_Thrasher/Sage_Thrasher_0025_155661.jpg,150,149,150.Sage_Thrasher,194,193,identity,identity,0,{},0.018362647,0.018362647,0,0.98180491,0.98180491,0.005592091,0.005592091,0.97621282,0.97621282,0,1,1,3.5668841,3.5668841,False,1,True,True,True,1,1,3.5668841,3.5668841,1,1,3.5140333,3.5140333,1,1,0.61174497,0.61174497,1,1,0.49117546,0.49117546,1,1,1.5711669,1.5711669,1,1,2.007694,2.007694,1,1,1.6817868,1.6817868,1,1,1.667144,1.667144
0b_crop_best,file,18,baseline_crop,8764,150.Sage_Thrasher/Sage_Thrasher_0025_155661.jpg,150,149,150.Sage_Thrasher,194,193,random_resized_crop,random_resized_crop,0,"{""area_fraction"":0.625524,""aspect"":0.751578,""fallback"":false,""height"":0.912294,""left"":0.250507,""top"":0.004634,""width"":0.68566}",0.018362647,0.095267177,0.07690453,0.98180491,0.90912998,0.005592091,0.049412373,0.97621282,0.8597176,-0.11649521,0.77138113,6.2358013,3.5668841,22.24238,False,0.95922852,True,True,True,0.77138113,6.2358013,3.5668841,22.24238,0.76734676,6.257866,3.5140333,21.990349,0.93105161,5.457935,0.61174497,3.3388643,0.62736068,7.3040765,0.49117546,3.5875831,0.72733789,6.2932921,1.5711669,9.8878124,0.81917137,6.5589304,2.007694,13.168325,0.71701256,6.046341,1.6817868,10.168656,0.79362999,5.8810555,1.667144,9.8045662
0b_crop_best,file,18,baseline_crop,2169,038.Great_Crested_Flycatcher/Great_Crested_Flycatcher_0069_29603.jpg,38,37,038.Great_Crested_Flycatcher,40,39,identity,identity,0,{},1.1411695,1.1411695,0,0.31944519,0.31944519,0.28688917,0.28688917,0.032556027,0.032556027,0,1,1,119.01459,119.01459,False,0.99999994,True,True,True,1,1,119.01459,119.01459,1,1,117.43721,117.43721,1,1,19.312573,19.312573,1,1,26.436276,26.436276,1,1,60.214147,60.214147,1,1,62.701774,62.701774,1,1,54.994562,54.994562,1,1,50.109509,50.109509
0b_crop_best,file,18,baseline_crop,2169,038.Great_Crested_Flycatcher/Great_Crested_Flycatcher_0069_29603.jpg,38,37,038.Great_Crested_Flycatcher,40,39,random_resized_crop,random_resized_crop,0,"{""area_fraction"":0.780824,""aspect"":0.932508,""fallback"":false,""height"":0.915062,""left"":0.121245,""top"":0.006931,""width"":0.853302}",1.1411695,1.6565347,0.51536512,0.31944519,0.19079901,0.28688917,0.22405048,0.032556027,-0.033251464,-0.065807492,0.7793126,1.225555,119.01459,145.85892,False,0.96160424,False,True,False,0.7793126,1.225555,119.01459,145.85892,0.7750541,1.2266023,117.43721,144.04875,0.94257153,1.1861788,19.312573,22.908165,0.66622438,1.48715,26.436276,39.314708,0.83387502,1.234067,60.214147,74.308292,0.78359959,1.1909378,62.701774,74.673911,0.73771904,1.191551,54.994562,65.528825,0.76286509,1.2322026,50.109509,61.745064
0b_crop_best,file,18,baseline_crop,2664,047.American_Goldfinch/American_Goldfinch_0048_32885.jpg,47,46,047.American_Goldfinch,161,160,identity,identity,0,{},0.0079168584,0.0079168584,0,0.99211442,0.99211442,0.003051406,0.003051406,0.98906302,0.98906302,0,1,1,1.4757579,1.4757579,False,1,True,True,True,1,1,1.4757579,1.4757579,1,1,1.452094,1.452094,1,1,0.26321946,0.26321946,1,1,0.35917512,0.35917512,1,1,0.60494717,0.60494717,1,1,0.75422966,0.75422966,1,1,0.73456606,0.73456606,1,1,0.71074573,0.71074573
0b_crop_best,file,18,baseline_crop,2664,047.American_Goldfinch/American_Goldfinch_0048_32885.jpg,47,46,047.American_Goldfinch,161,160,random_resized_crop,random_resized_crop,0,"{""area_fraction"":0.794349,""aspect"":0.996906,""fallback"":false,""height"":0.892644,""left"":0.018539,""top"":0.071653,""width"":0.889882}",0.0079168584,0.040745165,0.032828307,0.99211442,0.96007377,0.003051406,0.022706481,0.98906302,0.93736729,-0.05169573,0.82360236,5.5374934,1.4757579,8.1719999,False,0.9721204,True,True,True,0.82360236,5.5374934,1.4757579,8.1719999,0.81948466,5.5441407,1.452094,8.0506135,0.95453561,5.3312306,0.26321946,1.4032836,0.82450221,6.1298021,0.35917512,2.2016724,0.78224104,5.4222372,0.60494717,3.280167,0.81061085,5.5293715,0.75422966,4.170416,0.81897095,5.4880677,0.73456606,4.0313482,0.85628449,5.5502152,0.71074573,3.9447917
0b_crop_best,file,18,baseline_crop,6240,107.Common_Raven/Common_Raven_0079_101100.jpg,107,106,107.Common_Raven,30,29,identity,identity,0,{},5.0796437,5.0796437,0,0.0062221256,0.0062221256,0.98396701,0.98396701,-0.97774488,-0.97774488,0,1,1,188.94906,188.94906,False,1,True,False,False,1,1,188.94906,188.94906,1,1,183.24071,183.24071,1,1,46.09329,46.09329,1,1,48.79888,48.79888,1,1,77.527756,77.527756,1,1,93.713725,93.713725,1,1,86.254031,86.254031,1,1,94.674458,94.674458
0b_crop_best,file,18,baseline_crop,6240,107.Common_Raven/Common_Raven_0079_101100.jpg,107,106,107.Common_Raven,30,29,random_resized_crop,random_resized_crop,0,"{""area_fraction"":0.584507,""aspect"":1.24499,""fallback"":false,""height"":0.685192,""left"":0.081369,""top"":0.221643,""width"":0.853057}",5.0796437,3.7844374,-1.2952063,0.0062221256,0.022721641,0.98396701,0.9612779,-0.97774488,-0.93855626,0.039188619,0.7197031,1.0700476,188.94906,202.18449,False,0.93981212,True,False,False,0.7197031,1.0700476,188.94906,202.18449,0.70713009,1.0753275,183.24071,197.04378,0.93985789,0.98284446,46.09329,45.302534,0.71368213,1.219419,48.79888,59.506283,0.66315205,1.1546558,77.527756,89.51787,0.67862611,1.1171265,93.713725,104.69009,0.69513824,1.0357679,86.254031,89.339158,0.79187806,0.96404561,94.674458,91.270496
0b_crop_best,file,18,baseline_crop,10156,173.Orange_crowned_Warbler/Orange_Crowned_Warbler_0120_167587.jpg,173,172,173.Orange_crowned_Warbler,199,198,identity,identity,0,{},0.1735193,0.1735193,0,0.84070092,0.84070092,0.045044754,0.045044754,0.79565617,0.79565617,0,1,1,30.637354,30.637354,False,1,True,True,True,1,1,30.637354,30.637354,1,1,30.323,30.323,1,1,4.3775699,4.3775699,1,1,7.4176014,7.4176014,1,1,13.387062,13.387062,1,1,17.420843,17.420843,1,1,14.057232,14.057232,1,1,13.570502,13.570502
0b_crop_best,file,18,baseline_crop,10156,173.Orange_crowned_Warbler/Orange_Crowned_Warbler_0120_167587.jpg,173,172,173.Orange_crowned_Warbler,199,198,random_resized_crop,random_resized_crop,0,"{""area_fraction"":0.529967,""aspect"":0.857419,""fallback"":false,""height"":0.786191,""left"":0.157297,""top"":0.165814,""width"":0.674095}",0.1735193,0.15196899,-0.021550313,0.84070092,0.85901493,0.045044754,0.0096560009,0.79565617,0.84935893,0.053702757,0.6216253,1.3445871,30.637354,41.194592,False,0.93163776,True,True,True,0.6216253,1.3445871,30.637354,41.194592,0.617463,1.3480565,30.323,40.877117,0.85894664,1.1660526,4.3775699,5.1044769,0.21530659,1.1857418,7.4176014,8.7953604,0.37461213,1.4168411,13.387062,18.967339,0.70894422,1.4720686,17.420843,25.644675,0.71672276,1.2819449,14.057232,18.020598,0.73383165,1.1684546,13.570502,15.856516
0b_crop_best,file,18,baseline_crop,9794,167.Hooded_Warbler/Hooded_Warbler_0057_164137.jpg,167,166,167.Hooded_Warbler,168,167,identity,identity,0,{},0.0016433795,0.0016433795,0,0.99835795,0.99835795,0.00046934889,0.00046934889,0.9978886,0.9978886,0,1,1,0.22499102,0.22499102,False,1,True,True,True,1,1,0.22499102,0.22499102,1,1,0.21894013,0.21894013,1,1,0.051828348,0.051828348,1,1,0.029354125,0.029354125,1,1,0.08437881,0.08437881,1,1,0.097831167,0.097831167,1,1,0.10582142,0.10582142,1,1,0.13850713,0.13850713
0b_crop_best,file,18,baseline_crop,9794,167.Hooded_Warbler/Hooded_Warbler_0057_164137.jpg,167,166,167.Hooded_Warbler,168,167,random_resized_crop,random_resized_crop,0,"{""area_fraction"":0.512979,""aspect"":1.186122,""fallback"":false,""height"":0.657635,""left"":0.219431,""top"":0.093851,""width"":0.780036}",0.0016433795,0.0043063289,0.0026629495,0.99835795,0.99570292,0.00046934889,0.00059205189,0.9978886,0.99511087,-0.0027777323,0.60505643,2.7573565,0.22499102,0.62038046,False,0.95547938,True,True,True,0.60505643,2.7573565,0.22499102,0.62038046,0.59042404,2.7828997,0.21894013,0.60928843,0.94046642,2.2533686,0.051828348,0.11678837,0.37247949,3.6616782,0.029354125,0.10748536,0.58960316,3.1398604,0.08437881,0.26493768,0.47931301,2.860808,0.097831167,0.27987618,0.51476466,2.7356086,0.10582142,0.28948598,0.7184536,2.576529,0.13850713,0.35686763
0b_crop_best,file,18,baseline_crop,9937,169.Magnolia_Warbler/Magnolia_Warbler_0032_165960.jpg,169,168,169.Magnolia_Warbler,172,171,identity,identity,0,{},2.9833376,2.9833376,0,0.050623585,0.050623585,0.63772631,0.63772631,-0.58710272,-0.58710272,0,1,1,135.81249,135.81249,False,1,True,False,False,1,1,135.81249,135.81249,1,1,132.88063,132.88063,1,1,28.067246,28.067246,1,1,22.648274,22.648274,1,1,59.708154,59.708154,1,1,66.953521,66.953521,1,1,68.526175,68.526175,1,1,66.337352,66.337352
0b_crop_best,file,18,baseline_crop,9937,169.Magnolia_Warbler/Magnolia_Warbler_0032_165960.jpg,169,168,169.Magnolia_Warbler,172,171,random_resized_crop,random_resized_crop,0,"{""area_fraction"":0.714162,""aspect"":1.263547,""fallback"":false,""height"":0.751801,""left"":0.047954,""top"":0.196271,""width"":0.949935}",2.9833376,2.3499975,-0.63334012,0.050623585,0.095369391,0.63772631,0.2978434,-0.58710272,-0.20247401,0.38462872,0.67202259,1.2070619,135.81249,163.93409,False,0.92341042,True,False,False,0.67202259,1.2070619,135.81249,163.93409,0.66518213,1.2148495,132.88063,161.42997,0.86543973,1.0169805,28.067246,28.543843,0.67647935,1.3500353,22.648274,30.575969,0.61588704,1.2058926,59.708154,72.001623,0.69699126,1.428472,66.953521,95.641231,0.67168235,1.1487666,68.526175,78.720578,0.6817292,1.0219927,66.337352,67.796293
0b_crop_best,file,18,baseline_crop,9237,158.Bay_breasted_Warbler/Bay_Breasted_Warbler_0062_159783.jpg,158,157,158.Bay_breasted_Warbler,165,164,identity,identity,0,{},0.036068704,0.036068704,0,0.96457404,0.96457404,0.013864732,0.013864732,0.95070931,0.95070931,0,1,1,5.3948559,5.3948559,False,1,True,True,True,1,1,5.3948559,5.3948559,1,1,5.3216655,5.3216655,1,1,0.88563392,0.88563392,1,1,0.94572836,0.94572836,1,1,2.1983149,2.1983149,1,1,2.7475034,2.7475034,1,1,2.7097003,2.7097003,1,1,2.7752265,2.7752265
0b_crop_best,file,18,baseline_crop,9237,158.Bay_breasted_Warbler/Bay_Breasted_Warbler_0062_159783.jpg,158,157,158.Bay_breasted_Warbler,165,164,random_resized_crop,random_resized_crop,0,"{""area_fraction"":0.652229,""aspect"":0.913432,""fallback"":false,""height"":0.84501,""left"":0.108658,""top"":0.12209,""width"":0.771859}",0.036068704,0.013879567,-0.022189137,0.96457404,0.98621631,0.013864732,0.0069765104,0.95070931,0.9792398,0.02853049,0.73480395,0.40452205,5.3948559,2.1823382,False,0.96712357,True,True,True,0.73480395,0.40452205,5.3948559,2.1823382,0.72790283,0.40309834,5.3216655,2.1451545,0.96140823,0.45293935,0.88563392,0.40113845,0.73041142,0.42945156,0.94572836,0.40614452,0.67792141,0.40136751,2.1983149,0.88233216,0.72226745,0.41410002,2.7475034,1.1377412,0.71328754,0.39099518,2.7097003,1.0594798,0.77898585,0.40145333,2.7752265,1.1141239
0b_crop_best,file,18,baseline_crop,8240,141.Artic_Tern/Artic_Tern_0080_140889.jpg,141,140,141.Artic_Tern,144,143,identity,identity,0,{},0.007739557,0.007739557,0,0.99229032,0.99229032,0.0034616452,0.0034616452,0.98882867,0.98882867,0,1,1,1.0959543,1.0959543,False,1,True,True,True,1,1,1.0959543,1.0959543,1,1,1.0626393,1.0626393,1,1,0.26816726,0.26816726,1,1,0.27686785,0.27686785,1,1,0.5006397,0.5006397,1,1,0.51824087,0.51824087,1,1,0.51294756,0.51294756,1,1,0.51982449,0.51982449
0b_crop_best,file,18,baseline_crop,8240,141.Artic_Tern/Artic_Tern_0080_140889.jpg,141,140,141.Artic_Tern,144,143,random_resized_crop,random_resized_crop,0,"{""area_fraction"":0.644905,""aspect"":1.309138,""fallback"":false,""height"":0.701867,""left"":0.061033,""top"":0.0029,""width"":0.918841}",0.007739557,0.058648564,0.050909007,0.99229032,0.94303811,0.0034616452,0.0027329875,0.98882867,0.94030512,-0.048523554,0.55331422,8.072463,1.0959543,8.8470508,False,0.94202292,True,True,True,0.55331422,8.072463,1.0959543,8.8470508,0.53775456,8.1204308,1.0626393,8.6290887,0.82906076,7.2779243,0.26816726,1.951701,0.23528954,12.346481,0.27686785,3.4183437,0.50690173,8.4598631,0.5006397,4.2353434,0.571969,7.557385,0.51824087,3.9165458,0.5851672,7.3831696,0.51294756,3.7871788,0.66007344,7.48918,0.51982449,3.8930591
0b_crop_best,file,18,baseline_crop,2115,038.Great_Crested_Flycatcher/Great_Crested_Flycatcher_0084_29716.jpg,38,37,038.Great_Crested_Flycatcher,39,38,identity,identity,0,{},0.15334065,0.15334065,0,0.85783744,0.85783744,0.1057165,0.1057165,0.75212094,0.75212094,0,1,1,25.925585,25.925585,False,1,True,True,True,1,1,25.925585,25.925585,1,1,25.358028,25.358028,1,1,5.3950324,5.3950324,1,1,5.6547338,5.6547338,1,1,10.887907,10.887907,1,1,13.872839,13.872839,1,1,11.949527,11.949527,1,1,12.540342,12.540342
0b_crop_best,file,18,baseline_crop,2115,038.Great_Crested_Flycatcher/Great_Crested_Flycatcher_0084_29716.jpg,38,37,038.Great_Crested_Flycatcher,39,38,random_resized_crop,random_resized_crop,0,"{""area_fraction"":0.727526,""aspect"":0.980724,""fallback"":false,""height"":0.861293,""left"":0.031725,""top"":0.016575,""width"":0.84469}",0.15334065,0.61670846,0.4633678,0.85783744,0.53971803,0.1057165,0.26067898,0.75212094,0.27903906,-0.47308189,0.74174873,2.8861736,25.925585,74.825738,False,0.96484661,True,True,True,0.74174873,2.8861736,25.925585,74.825738,0.73273107,2.8932646,25.358028,73.367484,0.95456673,2.7248132,5.3950324,14.700456,0.62628246,2.6733992,5.6547338,15.117361,0.68441233,3.3691615,10.887907,36.683118,0.7626052,2.8010445,13.872839,38.858439,0.73798573,2.8475906,11.949527,34.027363,0.76765897,2.6933215,12.540342,33.775172
0b_crop_best,file,18,baseline_crop,2563,045.Northern_Fulmar/Northern_Fulmar_0041_44013.jpg,45,44,045.Northern_Fulmar,65,64,identity,identity,0,{},1.1231102,1.1231102,0,0.32526657,0.32526657,0.20237823,0.20237823,0.12288834,0.12288834,0,1,1,116.93191,116.93191,False,1,True,True,True,1,1,116.93191,116.93191,1,1,114.79907,114.79907,1,1,22.231611,22.231611,1,1,27.96673,27.96673,1,1,50.957786,50.957786,1,1,59.637125,59.637125,1,1,54.839324,54.839324,1,1,56.886328,56.886328
0b_crop_best,file,18,baseline_crop,2563,045.Northern_Fulmar/Northern_Fulmar_0041_44013.jpg,45,44,045.Northern_Fulmar,65,64,random_resized_crop,random_resized_crop,0,"{""area_fraction"":0.593548,""aspect"":0.885678,""fallback"":false,""height"":0.818634,""left"":0.002778,""top"":0.143269,""width"":0.725046}",1.1231102,5.4357533,4.3126432,0.32526657,0.0043579503,0.20237823,0.089369312,0.12288834,-0.085011362,-0.2078997,0.61670372,1.3099259,116.93191,153.17213,False,0.8948344,False,True,False,0.61670372,1.3099259,116.93191,153.17213,0.60645998,1.3021724,114.79907,149.48818,0.85954462,1.5019785,22.231611,33.391402,0.50839715,1.4599549,27.96673,40.830166,0.62705499,1.2661676,50.957786,64.521097,0.62085304,1.3623346,59.637125,81.245719,0.58299499,1.2178543,54.839324,66.786305,0.62401773,1.2983865,56.886328,73.86044
0b_crop_best,file,18,baseline_crop,2526,044.Frigatebird/Frigatebird_0082_42989.jpg,44,43,044.Frigatebird,72,71,identity,identity,0,{},3.6146426,3.6146426,0,0.026926545,0.026926545,0.90782076,0.90782076,-0.88089422,-0.88089422,0,1,1,177.76161,177.76161,False,1,True,False,False,1,1,177.76161,177.76161,1,1,174.55306,174.55306,1,1,33.621729,33.621729,1,1,60.417944,60.417944,1,1,72.991118,72.991118,1,1,87.856048,87.856048,1,1,86.713923,86.713923,1,1,79.074322,79.074322
0b_crop_best,file,18,baseline_crop,2526,044.Frigatebird/Frigatebird_0082_42989.jpg,44,43,044.Frigatebird,72,71,random_resized_crop,random_resized_crop,0,"{""area_fraction"":0.848549,""aspect"":1.124569,""fallback"":false,""height"":0.868651,""left"":0.006257,""top"":0.052996,""width"":0.976858}",3.6146426,3.1604481,-0.45419455,0.026926545,0.042406734,0.90782076,0.64641082,-0.88089422,-0.60400409,0.27689013,0.80115073,0.90545466,177.76161,160.95508,False,0.96311575,True,False,False,0.80115073,0.90545466,177.76161,160.95508,0.79651041,0.90889764,174.55306,158.65086,0.94746447,0.8071405,33.621729,27.137459,0.85557206,1.0294041,60.417944,62.194478,0.71079522,1.0169351,72.991118,74.227231,0.78932589,0.83959296,87.856048,73.76332,0.82050518,0.87734776,86.713923,76.078266,0.83561806,0.85429033,79.074322,67.552428
0b_crop_best,file,18,baseline_crop,6959,119.Field_Sparrow/Field_Sparrow_0027_113353.jpg,119,118,119.Field_Sparrow,130,129,identity,identity,0,{},0.16690575,0.16690575,0,0.84627938,0.84627938,0.06741666,0.06741666,0.77886272,0.77886272,0,1,1,28.416243,28.416243,False,1.0000001,True,True,True,1,1,28.416243,28.416243,1,1,27.955841,27.955841,1,1,5.094488,5.094488,1,1,7.4427566,7.4427566,1,1,12.834843,12.834843,1,1,14.278011,14.278011,1,1,13.039367,13.039367,1,1,13.693595,13.693595
0b_crop_best,file,18,baseline_crop,6959,119.Field_Sparrow/Field_Sparrow_0027_113353.jpg,119,118,119.Field_Sparrow,130,129,random_resized_crop,random_resized_crop,0,"{""area_fraction"":0.638827,""aspect"":1.200821,""fallback"":false,""height"":0.729378,""left"":0.109624,""top"":0.019136,""width"":0.875852}",0.16690575,0.084064946,-0.0828408,0.84627938,0.91937155,0.06741666,0.014908754,0.77886272,0.90446279,0.12560007,0.71834051,0.5736592,28.416243,16.301239,False,0.95460534,True,True,True,0.71834051,0.5736592,28.416243,16.301239,0.71236119,0.57519368,27.955841,16.080023,0.91833652,0.52535726,5.094488,2.6764262,0.8159281,0.5289755,7.4427566,3.9370359,0.72840308,0.55123364,12.834843,7.0749972,0.67208036,0.59396595,14.278011,8.4806525,0.65716822,0.57595032,13.039367,7.5100278,0.766697,0.58735252,13.693595,8.0429673
0b_crop_best,file,18,baseline_crop,10368,177.Prothonotary_Warbler/Prothonotary_Warbler_0112_174594.jpg,177,176,177.Prothonotary_Warbler,180,179,identity,identity,0,{},0.52390569,0.52390569,0,0.59220308,0.59220308,0.37369925,0.37369925,0.21850383,0.21850383,0,1,1,96.22024,96.22024,False,1,True,True,True,1,1,96.22024,96.22024,1,1,95.026382,95.026382,1,1,15.110307,15.110307,1,1,27.082498,27.082498,1,1,48.918054,48.918054,1,1,50.188915,50.188915,1,1,43.594342,43.594342,1,1,38.525081,38.525081
0b_crop_best,file,18,baseline_crop,10368,177.Prothonotary_Warbler/Prothonotary_Warbler_0112_174594.jpg,177,176,177.Prothonotary_Warbler,180,179,random_resized_crop,random_resized_crop,0,"{""area_fraction"":0.574496,""aspect"":0.93944,""fallback"":false,""height"":0.782004,""left"":0.169073,""top"":0.113389,""width"":0.734646}",0.52390569,0.73466122,0.21075553,0.59220308,0.47966793,0.37369925,0.48814574,0.21850383,-0.008477807,-0.22698164,0.75939954,1.391229,96.22024,133.86439,False,0.94011331,False,True,False,0.75939954,1.391229,96.22024,133.86439,0.75475165,1.3904269,95.026382,132.12724,0.93925899,1.4225884,15.110307,21.495747,0.83194767,1.4764852,27.082498,39.986908,0.79870358,1.3849395,48.918054,67.748545,0.75467348,1.4039019,50.188915,70.460315,0.69101402,1.366089,43.594342,59.553752,0.7244586,1.3630535,38.525081,52.511746
0b_crop_best,file,18,baseline_crop,6810,117.Clay_colored_Sparrow/Clay_Colored_Sparrow_0064_110664.jpg,117,116,117.Clay_colored_Sparrow,115,114,identity,identity,0,{},0.15844144,0.15844144,0,0.85347295,0.85347295,0.12756048,0.12756048,0.72591247,0.72591247,0,1,1,23.898699,23.898699,False,0.99999994,True,True,True,1,1,23.898699,23.898699,1,1,23.140385,23.140385,1,1,5.9724714,5.9724714,1,1,5.9919877,5.9919877,1,1,11.485923,11.485923,1,1,12.4646,12.4646,1,1,10.352645,10.352645,1,1,10.252002,10.252002
0b_crop_best,file,18,baseline_crop,6810,117.Clay_colored_Sparrow/Clay_Colored_Sparrow_0064_110664.jpg,117,116,117.Clay_colored_Sparrow,115,114,random_resized_crop,random_resized_crop,0,"{""area_fraction"":0.638628,""aspect"":0.814004,""fallback"":false,""height"":0.885749,""left"":0.095559,""top"":0.08097,""width"":0.721003}",0.15844144,0.29220489,0.13376345,0.85347295,0.74661553,0.12756048,0.1718922,0.72591247,0.57472333,-0.15118913,0.76316236,1.6794616,23.898699,40.136947,False,0.95260882,True,True,True,0.76316236,1.6794616,23.898699,40.136947,0.7522616,1.6880979,23.140385,39.063236,0.94493651,1.5440199,5.9724714,9.2216147,0.8248911,1.6828043,5.9919877,10.083342,0.78154615,1.6302072,11.485923,18.724434,0.76137916,1.6816652,12.4646,20.961284,0.71699452,1.735952,10.352645,17.971694,0.71728473,1.7210026,10.252002,17.643722
0b_crop_best,file,18,baseline_crop,1601,029.American_Crow/American_Crow_0132_25704.jpg,29,28,029.American_Crow,107,106,identity,identity,0,{},0.28294286,0.28294286,0,0.75356281,0.75356281,0.14106308,0.14106308,0.61249973,0.61249973,0,1,1,44.277237,44.277237,False,0.99999976,True,True,True,1,1,44.277237,44.277237,1,1,43.012607,43.012607,1,1,10.506631,10.506631,1,1,14.938519,14.938519,1,1,17.761766,17.761766,1,1,21.061538,21.061538,1,1,21.143906,21.143906,1,1,20.513204,20.513204
0b_crop_best,file,18,baseline_crop,1601,029.American_Crow/American_Crow_0132_25704.jpg,29,28,029.American_Crow,107,106,random_resized_crop,random_resized_crop,0,"{""area_fraction"":0.531327,""aspect"":0.775487,""fallback"":false,""height"":0.827739,""left"":0.056098,""top"":0.032987,""width"":0.641901}",0.28294286,0.89507788,0.61213502,0.75356281,0.4085758,0.14106308,0.061729446,0.61249973,0.34684636,-0.26565337,0.58355637,2.7394307,44.277237,121.29442,False,0.94874406,False,True,False,0.58355637,2.7394307,44.277237,121.29442,0.56934185,2.7433637,43.012607,117.99922,0.8282773,2.6726542,10.506631,28.080592,0.53459517,2.5225275,14.938519,37.682827,0.49852879,2.7699669,17.761766,49.199504,0.56257175,2.943927,21.061538,62.003629,0.57923434,2.7576291,21.143906,58.30705,0.64439105,2.597493,20.513204,53.282904
0b_crop_best,file,18,baseline_crop,10767,183.Northern_Waterthrush/Northern_Waterthrush_0016_177345.jpg,183,182,183.Northern_Waterthrush,125,124,identity,identity,0,{},0.13938142,0.13938142,0,0.86989617,0.86989617,0.055178955,0.055178955,0.81471722,0.81471722,0,1,1,20.805158,20.805158,False,1,True,True,True,1,1,20.805158,20.805158,1,1,20.479209,20.479209,1,1,3.6683283,3.6683283,1,1,3.5656212,3.5656212,1,1,8.6826848,8.6826848,1,1,11.361095,11.361095,1,1,10.545701,10.545701,1,1,9.5398655,9.5398655
0b_crop_best,file,18,baseline_crop,10767,183.Northern_Waterthrush/Northern_Waterthrush_0016_177345.jpg,183,182,183.Northern_Waterthrush,125,124,random_resized_crop,random_resized_crop,0,"{""area_fraction"":0.624601,""aspect"":0.855949,""fallback"":false,""height"":0.854235,""left"":0.146682,""top"":0.083072,""width"":0.731182}",0.13938142,0.024817839,-0.11456358,0.86989617,0.97548759,0.055178955,0.0026426525,0.81471722,0.97284494,0.15812772,0.57021806,0.14775564,20.805158,3.0740795,False,0.9421277,True,True,True,0.57021806,0.14775564,20.805158,3.0740795,0.55767318,0.14619508,20.479209,2.9939596,0.88989047,0.1900755,3.6683283,0.69725934,0.23831572,0.14404569,3.5656212,0.51361235,0.45453261,0.1511884,8.6826848,1.3127212,0.58242588,0.13460065,11.361095,1.5292107,0.55177859,0.13303024,10.545701,1.4028971,0.66034086,0.17128759,9.5398655,1.6340605
0b_crop_best,file,18,baseline_crop,138,003.Sooty_Albatross/Sooty_Albatross_0055_1160.jpg,3,2,003.Sooty_Albatross,93,92,identity,identity,0,{},0.25619811,0.25619811,0,0.7739886,0.7739886,0.040834263,0.040834263,0.73315434,0.73315434,0,1,1,34.905404,34.905404,False,1,True,True,True,1,1,34.905404,34.905404,1,1,34.246601,34.246601,1,1,6.7496335,6.7496335,1,1,8.9803134,8.9803134,1,1,13.190938,13.190938,1,1,16.996195,16.996195,1,1,16.866864,16.866864,1,1,18.569358,18.569358
0b_crop_best,file,18,baseline_crop,138,003.Sooty_Albatross/Sooty_Albatross_0055_1160.jpg,3,2,003.Sooty_Albatross,93,92,random_resized_crop,random_resized_crop,0,"{""area_fraction"":0.856663,""aspect"":0.882063,""fallback"":false,""height"":0.985497,""left"":0.042104,""top"":0.001554,""width"":0.86927}",0.25619811,0.06267225,-0.19352586,0.7739886,0.93925124,0.040834263,0.0054194462,0.73315434,0.9338318,0.20067746,0.77638463,0.30282593,34.905404,10.570261,False,0.9674859,True,True,True,0.77638463,0.30282593,34.905404,10.570261,0.77006911,0.30392459,34.246601,10.408384,0.96168814,0.27302427,6.7496335,1.8428138,0.62573584,0.23973557,8.9803134,2.1529006,0.68770136,0.30938623,13.190938,4.0810946,0.73945029,0.32909423,16.996195,5.5933497,0.78665379,0.30359408,16.866864,5.12068,0.86338667,0.29267655,18.569358,5.4348157
0b_crop_best,file,18,baseline_crop,11555,197.Marsh_Wren/Marsh_Wren_0103_188483.jpg,197,196,197.Marsh_Wren,193,192,identity,identity,0,{},0.28179109,0.28179109,0,0.75443125,0.75443125,0.17932405,0.17932405,0.5751072,0.5751072,0,1,1,46.834637,46.834637,False,1,True,True,True,1,1,46.834637,46.834637,1,1,45.882022,45.882022,1,1,9.3980445,9.3980445,1,1,12.844876,12.844876,1,1,19.748052,19.748052,1,1,23.934915,23.934915,1,1,23.366856,23.366856,1,1,20.767606,20.767606
0b_crop_best,file,18,baseline_crop,11555,197.Marsh_Wren/Marsh_Wren_0103_188483.jpg,197,196,197.Marsh_Wren,193,192,random_resized_crop,random_resized_crop,0,"{""area_fraction"":0.747957,""aspect"":1.199595,""fallback"":false,""height"":0.789625,""left"":0.011788,""top"":0.022305,""width"":0.94723}",0.28179109,0.48937401,0.20758292,0.75443125,0.61300999,0.17932405,0.23020904,0.5751072,0.38280095,-0.19230625,0.73827366,1.6860403,46.834637,78.965083,False,0.91521823,True,True,True,0.73827366,1.6860403,46.834637,78.965083,0.73295632,1.6976138,45.882022,77.889956,0.90915144,1.3817885,9.3980445,12.98611,0.70591418,1.6649058,12.844876,21.385509,0.70728013,1.8910734,19.748052,37.345016,0.73597277,1.7479027,23.934915,41.835903,0.73628573,1.6152981,23.366856,37.744437,0.77276305,1.5528301,20.767606,32.248563
0b_crop_best,file,18,baseline_crop,5018,086.Pacific_Loon/Pacific_Loon_0023_75476.jpg,86,85,086.Pacific_Loon,52,51,identity,identity,0,{},0.0026339146,0.0026339146,0,0.99736953,0.99736953,0.00089783157,0.00089783157,0.9964717,0.9964717,0,1,1,0.38731712,0.38731712,False,1,True,True,True,1,1,0.38731712,0.38731712,1,1,0.3803471,0.3803471,1,1,0.07314806,0.07314806,1,1,0.066176762,0.066176762,1,1,0.17535927,0.17535927,1,1,0.20044816,0.20044816,1,1,0.17428294,0.17428294,1,1,0.1974327,0.1974327
0b_crop_best,file,18,baseline_crop,5018,086.Pacific_Loon/Pacific_Loon_0023_75476.jpg,86,85,086.Pacific_Loon,52,51,random_resized_crop,random_resized_crop,0,"{""area_fraction"":0.649689,""aspect"":1.315534,""fallback"":false,""height"":0.702751,""left"":0.016702,""top"":0.278897,""width"":0.924493}",0.0026339146,0.0092672901,0.0066333755,0.99736953,0.99077553,0.00089783157,0.0010501049,0.9964717,0.98972542,-0.0067462755,0.62719669,4.0847694,0.38731712,1.5821011,False,0.9568156,True,True,True,0.62719669,4.0847694,0.38731712,1.5821011,0.61821728,4.0883979,0.3803471,1.5550103,0.8764412,3.985415,0.07314806,0.29152537,0.45423337,4.1812756,0.066176762,0.27670328,0.63776468,5.2971638,0.17535927,0.92890675,0.58671922,3.6925011,0.20044816,0.74015505,0.59861064,3.9203654,0.17428294,0.68325283,0.70721461,3.4500186,0.1974327,0.68114649
0b_crop_best,file,18,baseline_crop,10036,171.Myrtle_Warbler/Myrtle_Warbler_0084_166747.jpg,171,170,171.Myrtle_Warbler,166,165,identity,identity,0,{},0.60565603,0.60565603,0,0.54571629,0.54571629,0.31456348,0.31456348,0.2311528,0.2311528,0,1,1,65.932404,65.932404,False,1,True,True,True,1,1,65.932404,65.932404,1,1,64.452514,64.452514,1,1,13.890839,13.890839,1,1,11.88413,11.88413,1,1,23.84056,23.84056,1,1,34.712673,34.712673,1,1,33.905918,33.905918,1,1,33.014251,33.014251
0b_crop_best,file,18,baseline_crop,10036,171.Myrtle_Warbler/Myrtle_Warbler_0084_166747.jpg,171,170,171.Myrtle_Warbler,166,165,random_resized_crop,random_resized_crop,0,"{""area_fraction"":0.867004,""aspect"":1.055274,""fallback"":false,""height"":0.906416,""left"":0.01427,""top"":0.041374,""width"":0.956518}",0.60565603,0.10171147,-0.50394455,0.54571629,0.90329015,0.31456348,0.052259594,0.2311528,0.85103056,0.61987776,0.74139219,0.22369833,65.932404,14.748969,False,0.96935123,True,True,True,0.74139219,0.22369833,65.932404,14.748969,0.73090559,0.22333639,64.452514,14.394591,0.95977428,0.2313533,13.890839,3.2136914,0.72241106,0.26209811,11.88413,3.1148079,0.64901431,0.22310019,23.84056,5.3188335,0.70693665,0.2114993,34.712673,7.3417059,0.73011242,0.2233973,33.905918,7.5744904,0.80144937,0.23055943,33.014251,7.6117471
0b_crop_best,file,18,baseline_crop,6388,110.Geococcyx/Geococcyx_0107_104534.jpg,110,109,110.Geococcyx,81,80,identity,identity,0,{},0.0021334761,0.0021334761,0,0.99786878,0.99786878,0.00037564186,0.00037564186,0.99749313,0.99749313,0,1,1,0.32748372,0.32748372,False,1,True,True,True,1,1,0.32748372,0.32748372,1,1,0.32033876,0.32033876,1,1,0.06803428,0.06803428,1,1,0.043414776,0.043414776,1,1,0.16551982,0.16551982,1,1,0.16572481,0.16572481,1,1,0.13981003,0.13981003,1,1,0.16224585,0.16224585
0b_crop_best,file,18,baseline_crop,6388,110.Geococcyx/Geococcyx_0107_104534.jpg,110,109,110.Geococcyx,81,80,random_resized_crop,random_resized_crop,0,"{""area_fraction"":0.71338,""aspect"":1.159082,""fallback"":false,""height"":0.784519,""left"":0.029508,""top"":0.160117,""width"":0.909322}",0.0021334761,0.0006518623,-0.0014816138,0.99786878,0.99934834,0.00037564186,8.8409273e-05,0.99749313,0.99925993,0.0017667987,0.633838,0.29381626,0.32748372,0.096220043,False,0.96319455,True,True,True,0.633838,0.29381626,0.32748372,0.096220043,0.61764017,0.29077444,0.32033876,0.093146324,0.94016124,0.35461385,0.06803428,0.024125898,0.41658881,0.31180514,0.043414776,0.01353695,0.6059672,0.25336545,0.16551982,0.041937003,0.49329404,0.29593556,0.16572481,0.049043865,0.61898515,0.30098117,0.13981003,0.042080186,0.77103191,0.31174287,0.16224585,0.050578985
0b_crop_best,file,18,baseline_crop,5211,090.Red_breasted_Merganser/Red_Breasted_Merganser_0081_79396.jpg,90,89,090.Red_breasted_Merganser,50,49,identity,identity,0,{},0.0015032907,0.0015032907,0,0.99849784,0.99849784,0.00060117419,0.00060117419,0.99789667,0.99789667,0,1,1,0.27185121,0.27185121,False,1.0000001,True,True,True,1,1,0.27185121,0.27185121,1,1,0.26797183,0.26797183,1,1,0.045762205,0.045762205,1,1,0.069158501,0.069158501,1,1,0.11210635,0.11210635,1,1,0.13251866,0.13251866,1,1,0.13814517,0.13814517,1,1,0.13346493,0.13346493
0b_crop_best,file,18,baseline_crop,5211,090.Red_breasted_Merganser/Red_Breasted_Merganser_0081_79396.jpg,90,89,090.Red_breasted_Merganser,50,49,random_resized_crop,random_resized_crop,0,"{""area_fraction"":0.877207,""aspect"":1.00423,""fallback"":false,""height"":0.934619,""left"":0.048777,""top"":0.032366,""width"":0.938572}",0.0015032907,0.002916133,0.0014128423,0.99849784,0.99708813,0.00060117419,0.0012676431,0.99789667,0.99582049,-0.0020761783,0.79993977,1.809773,0.27185121,0.491989,False,0.98972362,True,True,True,0.79993977,1.809773,0.27185121,0.491989,0.7942795,1.8068978,0.26797183,0.48419771,0.98506315,1.9057426,0.045762205,0.087210982,0.72178727,1.6880342,0.069158501,0.11674192,0.75060801,1.871976,0.11210635,0.2098604,0.72515755,1.7783915,0.13251866,0.23567005,0.80950217,1.7536756,0.13814517,0.24226182,0.89377765,1.8738433,0.13346493,0.25009237
0b_crop_best,file,18,baseline_crop,7367,126.Nelson_Sharp_tailed_Sparrow/Nelson_Sharp_Tailed_Sparrow_0074_796901.jpg,126,125,126.Nelson_Sharp_tailed_Sparrow,128,127,identity,identity,0,{},3.0408921,3.0408921,0,0.047792234,0.047792234,0.92517745,0.92517745,-0.87738522,-0.87738522,0,1,1,154.09874,154.09874,False,1,True,False,False,1,1,154.09874,154.09874,1,1,148.41629,148.41629,1,1,41.461145,41.461145,1,1,18.636802,18.636802,1,1,59.327465,59.327465,1,1,82.564447,82.564447,1,1,72.974319,72.974319,1,1,77.576919,77.576919
0b_crop_best,file,18,baseline_crop,7367,126.Nelson_Sharp_tailed_Sparrow/Nelson_Sharp_Tailed_Sparrow_0074_796901.jpg,126,125,126.Nelson_Sharp_tailed_Sparrow,128,127,random_resized_crop,random_resized_crop,0,"{""area_fraction"":0.65423,""aspect"":0.999634,""fallback"":false,""height"":0.808993,""left"":0.025923,""top"":0.17572,""width"":0.808697}",3.0408921,2.0801394,-0.96075273,0.047792234,0.1249128,0.92517745,0.82033092,-0.87738522,-0.69541812,0.1819671,0.75919548,0.94771924,154.09874,146.04234,False,0.9428159,True,False,False,0.75919548,0.94771924,154.09874,146.04234,0.74463105,0.94649538,148.41629,140.47534,0.94268197,0.96326394,41.461145,39.938026,0.72419195,1.0276811,18.636802,19.152688,0.69354561,1.0105814,59.327465,59.955232,0.77729572,0.99111481,82.564447,81.830846,0.72036191,0.87340246,72.974319,63.73595,0.7641131,0.91270321,77.576919,70.804703
0b_crop_best,file,18,baseline_crop,290,006.Least_Auklet/Least_Auklet_0026_795066.jpg,6,5,006.Least_Auklet,120,119,identity,identity,0,{},0.10265947,0.10265947,0,0.90243423,0.90243423,0.034208484,0.034208484,0.86822575,0.86822575,0,1,1,24.137256,24.137256,False,1,True,True,True,1,1,24.137256,24.137256,1,1,23.942367,23.942367,1,1,3.0610806,3.0610806,1,1,4.9182944,4.9182944,1,1,11.926266,11.926266,1,1,14.048746,14.048746,1,1,11.243624,11.243624,1,1,9.1118135,9.1118135
0b_crop_best,file,18,baseline_crop,290,006.Least_Auklet/Least_Auklet_0026_795066.jpg,6,5,006.Least_Auklet,120,119,random_resized_crop,random_resized_crop,0,"{""area_fraction"":0.649353,""aspect"":1.047842,""fallback"":false,""height"":0.787213,""left"":0.125622,""top"":0.151153,""width"":0.824875}",0.10265947,0.12771712,0.025057651,0.90243423,0.88010228,0.034208484,0.014183407,0.86822575,0.86591887,-0.0023068758,0.74720759,1.0828972,24.137256,26.138167,False,0.95288157,True,True,True,0.74720759,1.0828972,24.137256,26.138167,0.74429653,1.0823583,23.942367,25.914219,0.92035727,1.1153692,3.0610806,3.414235,0.64965812,1.3467571,4.9182944,6.623748,0.75656663,1.0709509,11.926266,12.772445,0.77186625,1.0121496,14.048746,14.219432,0.72496151,1.1358299,11.243624,12.770844,0.73915083,1.0933568,9.1118135,9.9624631
0b_crop_best,file,18,baseline_crop,8666,148.Green_tailed_Towhee/Green_Tailed_Towhee_0064_154771.jpg,148,147,148.Green_tailed_Towhee,165,164,identity,identity,0,{},0.0092212269,0.0092212269,0,0.99082118,0.99082118,0.0017631159,0.0017631159,0.98905807,0.98905807,0,1,1,1.5440229,1.5440229,False,0.99999988,True,True,True,1,1,1.5440229,1.5440229,1,1,1.5097547,1.5097547,1,1,0.32349235,0.32349235,1,1,0.29116276,0.29116276,1,1,0.61089456,0.61089456,1,1,0.86588403,0.86588403,1,1,0.7362091,0.7362091,1,1,0.72775848,0.72775848
0b_crop_best,file,18,baseline_crop,8666,148.Green_tailed_Towhee/Green_Tailed_Towhee_0064_154771.jpg,148,147,148.Green_tailed_Towhee,165,164,random_resized_crop,random_resized_crop,0,"{""area_fraction"":0.640822,""aspect"":1.200083,""fallback"":false,""height"":0.73074,""left"":0.021258,""top"":0.026548,""width"":0.876949}",0.0092212269,0.025374582,0.016153355,0.99082118,0.97494465,0.0017631159,0.0017269674,0.98905807,0.97321768,-0.015840383,0.65162464,3.6451549,1.5440229,5.6282026,False,0.95781887,True,True,True,0.65162464,3.6451549,1.5440229,5.6282026,0.64406131,3.6686959,1.5097547,5.538831,0.85665855,3.0881942,0.32349235,0.99900719,0.48195478,3.4003911,0.29116276,0.99006725,0.61711759,4.2278114,0.61089456,2.582747,0.6797385,3.691211,0.86588403,3.1961606,0.62839066,3.5961435,0.7362091,2.6475136,0.66578658,3.3101019,0.72775848,2.4089547
0b_crop_best,file,18,baseline_crop,5144,088.Western_Meadowlark/Western_Meadowlark_0069_78587.jpg,88,87,088.Western_Meadowlark,194,193,identity,identity,0,{},0.45697427,0.45697427,0,0.63319665,0.63319665,0.16753489,0.16753489,0.46566176,0.46566176,0,1,1,58.342574,58.342574,False,1.0000001,True,True,True,1,1,58.342574,58.342574,1,1,55.92754,55.92754,1,1,16.612232,16.612232,1,1,9.3591343,9.3591343,1,1,21.280043,21.280043,1,1,29.866479,29.866479,1,1,28.165314,28.165314,1,1,30.036056,30.036056
0b_crop_best,file,18,baseline_crop,5144,088.Western_Meadowlark/Western_Meadowlark_0069_78587.jpg,88,87,088.Western_Meadowlark,194,193,random_resized_crop,random_resized_crop,0,"{""area_fraction"":0.549307,""aspect"":0.942449,""fallback"":false,""height"":0.763447,""left"":0.27066,""top"":0.013168,""width"":0.719509}",0.45697427,4.161025,3.7040508,0.63319665,0.015591571,0.16753489,0.27377084,0.46566176,-0.25817927,-0.72384103,0.54685306,2.4657302,58.342574,143.85705,False,0.90345228,False,True,False,0.54685306,2.4657302,58.342574,143.85705,0.52584198,2.5039734,55.92754,140.04107,0.86187982,1.9813256,16.612232,32.91424,0.053366641,1.9923362,9.3591343,18.646542,0.60622991,2.5265526,21.280043,53.765148,0.5205772,2.5693722,29.866479,76.738099,0.48509645,2.5752565,28.165314,72.53291,0.56727739,2.4062017,30.036056,72.272809
0b_crop_best,file,18,baseline_crop,3275,057.Rose_breasted_Grosbeak/Rose_Breasted_Grosbeak_0017_39161.jpg,57,56,057.Rose_breasted_Grosbeak,139,138,identity,identity,0,{},0.15928839,0.15928839,0,0.85275042,0.85275042,0.050325628,0.050325628,0.80242479,0.80242479,0,1,1,36.422379,36.422379,False,1,True,True,True,1,1,36.422379,36.422379,1,1,36.014519,36.014519,1,1,5.4354492,5.4354492,1,1,7.862033,7.862033,1,1,16.973932,16.973932,1,1,19.002021,19.002021,1,1,18.869234,18.869234,1,1,15.16558,15.16558
0b_crop_best,file,18,baseline_crop,3275,057.Rose_breasted_Grosbeak/Rose_Breasted_Grosbeak_0017_39161.jpg,57,56,057.Rose_breasted_Grosbeak,139,138,random_resized_crop,random_resized_crop,0,"{""area_fraction"":0.618224,""aspect"":0.86224,""fallback"":false,""height"":0.846757,""left"":0.206728,""top"":0.017644,""width"":0.730108}",0.15928839,0.36974108,0.21045269,0.85275042,0.6909132,0.050325628,0.021851534,0.80242479,0.66906167,-0.13336313,0.72471778,2.8556131,36.422379,104.00822,False,0.96401757,True,True,True,0.72471778,2.8556131,36.422379,104.00822,0.72209073,2.8667686,36.014519,103.24529,0.88405939,2.3134367,5.4354492,12.574568,0.68239207,2.9956056,7.862033,23.55155,0.72161851,2.8235356,16.973932,47.926502,0.7112579,3.0949596,19.002021,58.810489,0.74793747,2.8758641,18.869234,54.265353,0.72292768,2.4712211,15.16558,37.477502
0b_crop_best,file,18,baseline_crop,113,002.Laysan_Albatross/Laysan_Albatross_0029_482.jpg,2,1,002.Laysan_Albatross,45,44,identity,identity,0,{},0.019856134,0.019856134,0,0.98033971,0.98033971,0.0044379844,0.0044379844,0.97590172,0.97590172,0,1,1,4.4441067,4.4441067,False,0.99999994,True,True,True,1,1,4.4441067,4.4441067,1,1,4.3910859,4.3910859,1,1,0.68443323,0.68443323,1,1,1.492417,1.492417,1,1,2.0835302,2.0835302,1,1,2.3804248,2.3804248,1,1,1.9590936,1.9590936,1,1,1.7913008,1.7913008
0b_crop_best,file,18,baseline_crop,113,002.Laysan_Albatross/Laysan_Albatross_0029_482.jpg,2,1,002.Laysan_Albatross,45,44,random_resized_crop,random_resized_crop,0,"{""area_fraction"":0.678419,""aspect"":0.794327,""fallback"":false,""height"":0.924165,""left"":0.06244,""top"":0.001188,""width"":0.734089}",0.019856134,0.039599553,0.019743418,0.98033971,0.96117425,0.0044379844,0.0079499269,0.97590172,0.95322432,-0.022677399,0.73344988,2.1514205,4.4441067,9.5611423,False,0.95366699,True,True,True,0.73344988,2.1514205,4.4441067,9.5611423,0.72810656,2.1497663,4.3910859,9.4398084,0.94692968,2.21844,0.68443323,1.5183741,0.84248924,1.8574623,1.492417,2.7721083,0.76622722,2.2042929,2.0835302,4.5927108,0.68713796,2.2566921,2.3804248,5.371886,0.68858585,2.0688655,1.9590936,4.0531013,0.73522563,2.1655356,1.7913008,3.8791257
0b_crop_best,file,18,baseline_crop,3819,066.Western_Gull/Western_Gull_0094_55156.jpg,66,65,066.Western_Gull,62,61,identity,identity,0,{},0.10734204,0.10734204,0,0.89821839,0.89821839,0.073934205,0.073934205,0.82428419,0.82428419,0,1,1,15.462152,15.462152,False,1,True,True,True,1,1,15.462152,15.462152,1,1,14.847369,14.847369,1,1,4.3166839,4.3166839,1,1,3.039237,3.039237,1,1,6.1779044,6.1779044,1,1,7.4291576,7.4291576,1,1,6.9716857,6.9716857,1,1,8.3213053,8.3213053
0b_crop_best,file,18,baseline_crop,3819,066.Western_Gull/Western_Gull_0094_55156.jpg,66,65,066.Western_Gull,62,61,random_resized_crop,random_resized_crop,0,"{""area_fraction"":0.512022,""aspect"":1.268325,""fallback"":false,""height"":0.635373,""left"":0.00687,""top"":0.004585,""width"":0.80586}",0.10734204,1.1163646,1.0090226,0.89821839,0.32746813,0.073934205,0.19851048,0.82428419,0.12895764,-0.69532654,0.56354047,6.5482091,15.462152,101.2494,False,0.8656311,True,True,True,0.56354047,6.5482091,15.462152,101.2494,0.55045065,6.6582537,14.847369,98.857551,0.78679989,5.0681316,4.3166839,21.877522,0.66528486,9.0047946,3.039237,27.367705,0.59403305,7.6177921,6.1779044,47.061991,0.59673951,7.3685665,7.4291576,54.742242,0.50952412,6.1199492,6.9716857,42.666362,0.49986455,5.3633745,8.3213053,44.630276
0b_crop_best,file,18,baseline_crop,9415,161.Blue_winged_Warbler/Blue_Winged_Warbler_0059_162064.jpg,161,160,161.Blue_winged_Warbler,176,175,identity,identity,0,{},4.7482891,4.7482891,0,0.0086665116,0.0086665116,0.20207514,0.20207514,-0.19340863,-0.19340863,0,1,1,172.66478,172.66478,False,1,True,False,False,1,1,172.66478,172.66478,1,1,169.26662,169.26662,1,1,34.08725,34.08725,1,1,45.111122,45.111122,1,1,74.576691,74.576691,1,1,97.342799,97.342799,1,1,76.017734,76.017734,1,1,76.158878,76.158878
0b_crop_best,file,18,baseline_crop,9415,161.Blue_winged_Warbler/Blue_Winged_Warbler_0059_162064.jpg,161,160,161.Blue_winged_Warbler,176,175,random_resized_crop,random_resized_crop,0,"{""area_fraction"":0.713181,""aspect"":1.103435,""fallback"":false,""height"":0.803945,""left"":0.01847,""top"":0.194745,""width"":0.887101}",4.7482891,7.8430748,3.0947857,0.0086665116,0.00039246041,0.20207514,0.0023819404,-0.19340863,-0.00198948,0.19141915,0.60142095,1.8692238,172.66478,322.74912,False,0.88346791,False,False,False,0.60142095,1.8692238,172.66478,322.74912,0.59902783,1.887531,169.26662,319.49599,0.71895757,1.3409406,34.08725,45.708978,0.77668274,2.535462,45.111122,114.37754,0.72838646,2.3506455,74.576691,175.30336,0.62380385,1.6771316,97.342799,163.25668,0.43516706,1.6855774,76.017734,128.13377,0.50208427,1.6184673,76.158878,123.26065
0b_crop_best,file,18,baseline_crop,1298,024.Red_faced_Cormorant/Red_Faced_Cormorant_0002_796275.jpg,24,23,024.Red_faced_Cormorant,25,24,identity,identity,0,{},0.033821996,0.033821996,0,0.96674359,0.96674359,0.030029729,0.030029729,0.93671386,0.93671386,0,1,1,5.6987126,5.6987126,False,0.99999994,True,True,True,1,1,5.6987126,5.6987126,1,1,5.5225932,5.5225932,1,1,1.4058059,1.4058059,1,1,1.5251089,1.5251089,1,1,2.3030182,2.3030182,1,1,2.5940797,2.5940797,1,1,2.7484853,2.7484853,1,1,2.9301475,2.9301475
0b_crop_best,file,18,baseline_crop,1298,024.Red_faced_Cormorant/Red_Faced_Cormorant_0002_796275.jpg,24,23,024.Red_faced_Cormorant,25,24,random_resized_crop,random_resized_crop,0,"{""area_fraction"":0.662181,""aspect"":1.189855,""fallback"":false,""height"":0.746004,""left"":0.019099,""top"":0.247049,""width"":0.887637}",0.033821996,0.4618386,0.42801661,0.96674359,0.63012403,0.030029729,0.33648783,0.93671386,0.2936362,-0.64307766,0.71960603,12.959702,5.6987126,73.853619,False,0.9441331,True,True,True,0.71960603,12.959702,5.6987126,73.853619,0.70588067,12.999888,5.5225932,71.793091,0.94402782,12.322938,1.4058059,17.323658,0.67601336,11.425086,1.5251089,17.4245,0.68499405,12.628373,2.3030182,29.083374,0.6769308,13.210789,2.5940797,34.26984,0.71279217,14.036753,2.7484853,38.579808,0.747769,12.502063,2.9301475,36.632889
0b_crop_best,file,18,baseline_crop,5560,095.Baltimore_Oriole/Baltimore_Oriole_0064_89554.jpg,95,94,095.Baltimore_Oriole,96,95,identity,identity,0,{},0.00051818771,0.00051818771,0,0.99948198,0.99948198,0.0004306972,0.0004306972,0.99905128,0.99905128,0,1,1,0.075990867,0.075990867,False,0.99999988,True,True,True,1,1,0.075990867,0.075990867,1,1,0.072474196,0.072474196,1,1,0.022849569,0.022849569,1,1,0.017633569,0.017633569,1,1,0.025804835,0.025804835,1,1,0.032364962,0.032364962,1,1,0.03442354,0.03442354,1,1,0.045201836,0.045201836
0b_crop_best,file,18,baseline_crop,5560,095.Baltimore_Oriole/Baltimore_Oriole_0064_89554.jpg,95,94,095.Baltimore_Oriole,96,95,random_resized_crop,random_resized_crop,0,"{""area_fraction"":0.530133,""aspect"":1.133246,""fallback"":false,""height"":0.683959,""left"":0.224011,""top"":0.017701,""width"":0.775094}",0.00051818771,0.0030871611,0.0025689734,0.99948198,0.99691761,0.0004306972,0.0014682015,0.99905128,0.9954494,-0.003601875,0.62866658,5.8659142,0.075990867,0.44575591,False,0.9534384,True,True,True,0.62866658,5.8659142,0.075990867,0.44575591,0.61119994,6.006725,0.072474196,0.43533257,0.91859202,4.1940658,0.022849569,0.095832595,0.47903907,6.3883588,0.017633569,0.11264957,0.50893098,6.9067589,0.025804835,0.17822777,0.57490722,6.6807705,0.032364962,0.21622288,0.58647577,5.8734244,0.03442354,0.20218406,0.72803986,5.3016156,0.045201836,0.23964276
0b_crop_best,file,18,baseline_crop,10914,186.Cedar_Waxwing/Cedar_Waxwing_0062_178788.jpg,186,185,186.Cedar_Waxwing,185,184,identity,identity,0,{},0.00039247915,0.00039247915,0,0.99960762,0.99960762,0.00013241031,0.00013241031,0.99947521,0.99947521,0,1,1,0.073519477,0.073519477,False,1.0000001,True,True,True,1,1,0.073519477,0.073519477,1,1,0.072091333,0.072091333,1,1,0.014420578,0.014420578,1,1,0.017207025,0.017207025,1,1,0.034384504,0.034384504,1,1,0.039925505,0.039925505,1,1,0.031678171,0.031678171,1,1,0.033484803,0.033484803
0b_crop_best,file,18,baseline_crop,10914,186.Cedar_Waxwing/Cedar_Waxwing_0062_178788.jpg,186,185,186.Cedar_Waxwing,185,184,random_resized_crop,random_resized_crop,0,"{""area_fraction"":0.700013,""aspect"":0.795271,""fallback"":false,""height"":0.9382,""left"":0.078661,""top"":0.019798,""width"":0.746123}",0.00039247915,0.0060220463,0.0056295672,0.99960762,0.99399602,0.00013241031,0.0014571289,0.99947521,0.9925389,-0.0069363171,0.71631208,14.459332,0.073519477,1.0630425,False,0.97885513,True,True,True,0.71631208,14.459332,0.073519477,1.0630425,0.70951935,14.570953,0.072091333,1.0504394,0.9571603,11.317607,0.014420578,0.16320644,0.7881668,14.969988,0.017207025,0.25758896,0.6557024,16.367392,0.034384504,0.56278465,0.68187361,13.698991,0.039925505,0.54693915,0.70946727,14.265988,0.031678171,0.45192041,0.80152191,13.910796,0.033484803,0.46580027
0b_crop_best,file,18,baseline_crop,4238,073.Blue_Jay/Blue_Jay_0061_63645.jpg,73,72,073.Blue_Jay,138,137,identity,identity,0,{},0.06690751,0.06690751,0,0.93528169,0.93528169,0.017812937,0.017812937,0.91746876,0.91746876,0,1,1,10.639797,10.639797,False,1,True,True,True,1,1,10.639797,10.639797,1,1,10.431844,10.431844,1,1,2.0933054,2.0933054,1,1,2.6742411,2.6742411,1,1,3.8654296,3.8654296,1,1,5.3829012,5.3829012,1,1,5.4890131,5.4890131,1,1,5.2559831,5.2559831
0b_crop_best,file,18,baseline_crop,4238,073.Blue_Jay/Blue_Jay_0061_63645.jpg,73,72,073.Blue_Jay,138,137,random_resized_crop,random_resized_crop,0,"{""area_fraction"":0.587575,""aspect"":0.815236,""fallback"":false,""height"":0.848965,""left"":0.043796,""top"":0.037417,""width"":0.692107}",0.06690751,1.0212358,0.95432831,0.93528169,0.36014959,0.017812937,0.11616547,0.91746876,0.24398413,-0.67348463,0.60470364,11.207443,10.639797,119.24492,False,0.91661942,True,True,True,0.60470364,11.207443,10.639797,119.24492,0.59525294,11.226389,10.431844,117.11193,0.85095738,10.72621,2.0933054,22.453233,0.59697196,10.995509,2.6742411,29.404641,0.53337026,11.530343,3.8654296,44.569729,0.54426384,11.17235,5.3829012,60.139655,0.59189782,11.346237,5.4890131,62.279646,0.68790744,11.04255,5.2559831,58.039454
0b_crop_best,file,18,baseline_crop,4661,080.Green_Kingfisher/Green_Kingfisher_0059_71119.jpg,80,79,080.Green_Kingfisher,82,81,identity,identity,0,{},0.0027651668,0.0027651668,0,0.99723864,0.99723864,0.002063781,0.002063781,0.99517485,0.99517485,0,1,1,0.51999834,0.51999834,False,1,True,True,True,1,1,0.51999834,0.51999834,1,1,0.50900955,0.50900955,1,1,0.10633695,0.10633695,1,1,0.098196054,0.098196054,1,1,0.19409635,0.19409635,1,1,0.26463735,0.26463735,1,1,0.25720141,0.25720141,1,1,0.27493522,0.27493522
0b_crop_best,file,18,baseline_crop,4661,080.Green_Kingfisher/Green_Kingfisher_0059_71119.jpg,80,79,080.Green_Kingfisher,82,81,random_resized_crop,random_resized_crop,0,"{""area_fraction"":0.753793,""aspect"":1.073941,""fallback"":false,""height"":0.837791,""left"":0.097806,""top"":0.129625,""width"":0.899738}",0.0027651668,0.028203847,0.02543868,0.99723864,0.97219014,0.002063781,0.016679317,0.99517485,0.95551082,-0.03966403,0.7798654,8.1606582,0.51999834,4.2435287,False,0.97749352,True,True,True,0.7798654,8.1606582,0.51999834,4.2435287,0.77179341,8.1721712,0.50900955,4.1597132,0.97183393,7.8922612,0.10633695,0.83923898,0.64503841,8.025922,0.098196054,0.78811387,0.75272344,8.5402697,0.19409635,1.6576352,0.79854576,7.8920771,0.26463735,2.0885384,0.74331987,7.8100117,0.25720141,2.008746,0.79857031,8.5589006,0.27493522,2.3531432
0b_crop_best,file,18,baseline_crop,2841,050.Eared_Grebe/Eared_Grebe_0027_34341.jpg,50,49,050.Eared_Grebe,51,50,identity,identity,0,{},0.038481764,0.038481764,0,0.96224928,0.96224928,0.025071334,0.025071334,0.93717794,0.93717794,0,1,1,6.9811047,6.9811047,False,1,True,True,True,1,1,6.9811047,6.9811047,1,1,6.8720309,6.8720309,1,1,1.2292328,1.2292328,1,1,1.5885163,1.5885163,1,1,2.906974,2.906974,1,1,3.906353,3.906353,1,1,3.465809,3.465809,1,1,2.9965816,2.9965816
0b_crop_best,file,18,baseline_crop,2841,050.Eared_Grebe/Eared_Grebe_0027_34341.jpg,50,49,050.Eared_Grebe,51,50,random_resized_crop,random_resized_crop,0,"{""area_fraction"":0.631292,""aspect"":1.042945,""fallback"":false,""height"":0.778009,""left"":0.043811,""top"":0.106706,""width"":0.81142}",0.038481764,0.019266374,-0.01921539,0.96224928,0.98091805,0.025071334,0.0052846307,0.93717794,0.97563342,0.038455474,0.65985036,0.42725682,6.9811047,2.9827246,False,0.97315961,True,True,True,0.65985036,0.42725682,6.9811047,2.9827246,0.65105845,0.42427444,6.8720309,2.915627,0.89884614,0.51178149,1.2292328,0.62909858,0.5567711,0.43426093,1.5885163,0.68983058,0.66430726,0.48776004,2.906974,1.4179057,0.69174169,0.40070584,3.906353,1.5652985,0.62308229,0.40243449,3.465809,1.3947611,0.64382283,0.42462223,2.9965816,1.2724152
0b_crop_best,file,18,baseline_crop,6566,113.Baird_Sparrow/Baird_Sparrow_0008_106929.jpg,113,112,113.Baird_Sparrow,163,162,identity,identity,0,{},8.6041031,8.6041031,0,0.00018335193,0.00018335193,0.92973733,0.92973733,-0.92955398,-0.92955398,0,1,1,332.39039,332.39039,False,0.99999988,True,False,False,1,1,332.39039,332.39039,1,1,329.77966,329.77966,1,1,41.578175,41.578175,1,1,51.235908,51.235908,1,1,148.3632,148.3632,1,1,197.46231,197.46231,1,1,161.37193,161.37193,1,1,138.15066,138.15066
0b_crop_best,file,18,baseline_crop,6566,113.Baird_Sparrow/Baird_Sparrow_0008_106929.jpg,113,112,113.Baird_Sparrow,163,162,random_resized_crop,random_resized_crop,0,"{""area_fraction"":0.606242,""aspect"":1.288218,""fallback"":false,""height"":0.686007,""left"":0.115434,""top"":0.170302,""width"":0.883726}",8.6041031,7.8667927,-0.73731041,0.00018335193,0.00038326156,0.92973733,0.90458798,-0.92955398,-0.90420472,0.025349255,0.81554165,1.0848725,332.39039,360.6012,False,0.93687141,True,False,False,0.81554165,1.0848725,332.39039,360.6012,0.81363259,1.0849888,329.77966,357.80725,0.93649012,1.0775306,41.578175,44.801756,0.76122019,1.0257711,51.235908,52.556313,0.80256432,0.99104089,148.3632,147.034,0.84772237,1.17386,197.46231,231.79312,0.78690902,1.0783204,161.37193,174.01064,0.80333275,1.0143454,138.15066,140.13249
0b_crop_best,file,18,baseline_crop,10350,176.Prairie_Warbler/Prairie_Warbler_0031_172818.jpg,176,175,176.Prairie_Warbler,163,162,identity,identity,0,{},0.0093240999,0.0093240999,0,0.99071926,0.99071926,0.0024849202,0.0024849202,0.98823434,0.98823434,0,1,1,1.7069708,1.7069708,False,1.0000001,True,True,True,1,1,1.7069708,1.7069708,1,1,1.6731717,1.6731717,1,1,0.33800269,0.33800269,1,1,0.2974657,0.2974657,1,1,0.83097329,0.83097329,1,1,0.84197529,0.84197529,1,1,0.76348624,0.76348624,1,1,0.85362023,0.85362023
0b_crop_best,file,18,baseline_crop,10350,176.Prairie_Warbler/Prairie_Warbler_0031_172818.jpg,176,175,176.Prairie_Warbler,163,162,random_resized_crop,random_resized_crop,0,"{""area_fraction"":0.878464,""aspect"":0.962548,""fallback"":false,""height"":0.955324,""left"":0.057085,""top"":0.044466,""width"":0.919545}",0.0093240999,0.011976596,0.0026524961,0.99071926,0.98809487,0.0024849202,0.0028178378,0.98823434,0.98527703,-0.0029573101,0.81880819,1.4764479,1.7069708,2.5202535,False,0.98743641,True,True,True,0.81880819,1.4764479,1.7069708,2.5202535,0.81277383,1.4791201,1.6731717,2.474822,0.974911,1.4093843,0.33800269,0.47637567,0.6349119,1.0675195,0.2974657,0.31755043,0.81171367,1.5299086,0.83097329,1.2713132,0.79745291,1.5758105,0.84197529,1.3267935,0.77935197,1.5273042,0.76348624,1.1660758,0.89132658,1.329285,0.85362023,1.1347046
0b_crop_best,file,18,baseline_crop,7555,129.Song_Sparrow/Song_Sparrow_0121_121203.jpg,129,128,129.Song_Sparrow,120,119,identity,identity,0,{},3.8328578,3.8328578,0,0.021647664,0.021647664,0.28474945,0.28474945,-0.26310178,-0.26310178,0,1,1,117.57441,117.57441,False,0.99999982,True,False,False,1,1,117.57441,117.57441,1,1,115.08433,115.08433,1,1,24.069466,24.069466,1,1,27.282126,27.282126,1,1,48.897784,48.897784,1,1,66.709846,66.709846,1,1,52.717719,52.717719,1,1,53.663153,53.663153
0b_crop_best,file,18,baseline_crop,7555,129.Song_Sparrow/Song_Sparrow_0121_121203.jpg,129,128,129.Song_Sparrow,120,119,random_resized_crop,random_resized_crop,0,"{""area_fraction"":0.718926,""aspect"":0.901976,""fallback"":false,""height"":0.892781,""left"":0.004057,""top"":0.089017,""width"":0.805266}",3.8328578,5.2375979,1.4047401,0.021647664,0.0053130034,0.28474945,0.43690839,-0.26310178,-0.43159539,-0.16849361,0.73983651,1.3454299,117.57441,158.18813,False,0.94973016,True,False,False,0.73983651,1.3454299,117.57441,158.18813,0.73114751,1.3446338,115.08433,154.74628,0.93579739,1.3635035,24.069466,32.818802,0.75451539,1.3162212,27.282126,35.909312,0.69532721,1.3723673,48.897784,67.105723,0.77129521,1.3039153,66.709846,86.98399,0.69427619,1.3268447,52.717719,69.948223,0.73201786,1.4062499,53.663153,75.463806
0b_crop_best,file,18,baseline_crop,1074,020.Yellow_breasted_Chat/Yellow_Breasted_Chat_0044_22106.jpg,20,19,020.Yellow_breasted_Chat,200,199,identity,identity,0,{},0.010962616,0.010962616,0,0.98909724,0.98909724,0.0019347926,0.0019347926,0.98716244,0.98716244,0,1,1,1.3213081,1.3213081,False,1,True,True,True,1,1,1.3213081,1.3213081,1,1,1.2916083,1.2916083,1,1,0.27857342,0.27857342,1,1,0.25560708,0.25560708,1,1,0.47660242,0.47660242,1,1,0.59206004,0.59206004,1,1,0.65986216,0.65986216,1,1,0.76799353,0.76799353
0b_crop_best,file,18,baseline_crop,1074,020.Yellow_breasted_Chat/Yellow_Breasted_Chat_0044_22106.jpg,20,19,020.Yellow_breasted_Chat,200,199,random_resized_crop,random_resized_crop,0,"{""area_fraction"":0.726472,""aspect"":0.940909,""fallback"":false,""height"":0.87869,""left"":0.158689,""top"":0.021103,""width"":0.826767}",0.010962616,0.0096782278,-0.0012843879,0.98909724,0.99036849,0.0019347926,0.0036534937,0.98716244,0.98671499,-0.00044745323,0.67796269,0.87376411,1.3213081,1.1545116,False,0.95500129,True,True,True,0.67796269,0.87376411,1.3213081,1.1545116,0.66513501,0.86597221,1.2916083,1.1184969,0.91983927,1.027072,0.27857342,0.28611496,0.73524223,1.0038191,0.25560708,0.25658328,0.53649454,0.81893715,0.47660242,0.39030743,0.61322012,0.87582329,0.59206004,0.51853997,0.64237594,0.8584406,0.65986216,0.56645248,0.75212112,0.86675714,0.76799353,0.66566388
0b_crop_best,file,18,baseline_crop,7464,128.Seaside_Sparrow/Seaside_Sparrow_0051_796522.jpg,128,127,128.Seaside_Sparrow,126,125,identity,identity,0,{},2.8848232e-05,2.8848232e-05,0,0.99997115,0.99997115,7.0342894e-06,7.0342894e-06,0.99996412,0.99996412,0,1,1,0.0041767535,0.0041767535,False,0.99999994,True,True,True,1,1,0.0041767535,0.0041767535,1,1,0.0040028897,0.0040028897,1,1,0.0011925368,0.0011925368,1,1,0.00062962579,0.00062962579,1,1,0.0018482718,0.0018482718,1,1,0.0017395191,0.0017395191,1,1,0.001765232,0.001765232,1,1,0.0024634565,0.0024634565
0b_crop_best,file,18,baseline_crop,7464,128.Seaside_Sparrow/Seaside_Sparrow_0051_796522.jpg,128,127,128.Seaside_Sparrow,126,125,random_resized_crop,random_resized_crop,0,"{""area_fraction"":0.58788,""aspect"":0.829634,""fallback"":false,""height"":0.841784,""left"":0.236126,""top"":0.11343,""width"":0.698373}",2.8848232e-05,0.00015770145,0.00012885322,0.99997115,0.99984229,7.0342894e-06,0.00012192745,0.99996412,0.99972036,-0.0002437584,0.5564724,7.3343497,0.0041767535,0.030633771,False,0.95309216,True,True,True,0.5564724,7.3343497,0.0041767535,0.030633771,0.52886844,7.300155,0.0040028897,0.029221715,0.85173918,7.7091434,0.0011925368,0.0091934371,0.46402158,8.6942145,0.00062962579,0.0054741017,0.61967815,8.1909479,0.0018482718,0.015139098,0.4968167,8.5213606,0.0017395191,0.014823069,0.40486325,7.0789391,0.001765232,0.01249597,0.58121549,6.0055952,0.0024634565,0.014794523
0b_crop_best,file,18,baseline_crop,8913,152.Blue_headed_Vireo/Blue_Headed_Vireo_0122_156017.jpg,152,151,152.Blue_headed_Vireo,172,171,identity,identity,0,{},0.062959291,0.062959291,0,0.93898171,0.93898171,0.024095526,0.024095526,0.91488619,0.91488619,0,1,1,12.254782,12.254782,False,0.99999988,True,True,True,1,1,12.254782,12.254782,1,1,12.054026,12.054026,1,1,2.2091023,2.2091023,1,1,2.1562233,2.1562233,1,1,5.2008021,5.2008021,1,1,7.0294727,7.0294727,1,1,6.0627893,6.0627893,1,1,5.2374614,5.2374614
0b_crop_best,file,18,baseline_crop,8913,152.Blue_headed_Vireo/Blue_Headed_Vireo_0122_156017.jpg,152,151,152.Blue_headed_Vireo,172,171,random_resized_crop,random_resized_crop,0,"{""area_fraction"":0.578844,""aspect"":1.137573,""fallback"":false,""height"":0.713331,""left"":0.101572,""top"":0.190448,""width"":0.811466}",0.062959291,0.1291196,0.066160314,0.93898171,0.87886882,0.024095526,0.010336144,0.91488619,0.86853267,-0.046353512,0.62384053,2.4270701,12.254782,29.743215,False,0.94746697,True,True,True,0.62384053,2.4270701,12.254782,29.743215,0.61630643,2.4349668,12.054026,29.351153,0.87826474,2.178886,2.2091023,4.8133821,0.6270838,2.8362372,2.1562233,6.1155607,0.63504111,3.059916,5.2008021,15.914018,0.60480147,2.3012372,7.0294727,16.176484,0.60282953,2.1872887,6.0627893,13.261071,0.66116308,2.2044154,5.2374614,11.545541
0b_crop_best,file,18,baseline_crop,3196,056.Pine_Grosbeak/Pine_Grosbeak_0104_38362.jpg,56,55,056.Pine_Grosbeak,35,34,identity,identity,0,{},0.011888013,0.011888013,0,0.98818237,0.98818237,0.0038060492,0.0038060492,0.98437632,0.98437632,0,1,1,1.6531288,1.6531288,False,1,True,True,True,1,1,1.6531288,1.6531288,1,1,1.6212195,1.6212195,1,1,0.32323686,0.32323686,1,1,0.28970899,0.28970899,1,1,0.70666556,0.70666556,1,1,0.78378895,0.78378895,1,1,0.75614404,0.75614404,1,1,0.92680439,0.92680439
0b_crop_best,file,18,baseline_crop,3196,056.Pine_Grosbeak/Pine_Grosbeak_0104_38362.jpg,56,55,056.Pine_Grosbeak,35,34,random_resized_crop,random_resized_crop,0,"{""area_fraction"":0.631126,""aspect"":0.832012,""fallback"":false,""height"":0.87095,""left"":0.24836,""top"":0.106034,""width"":0.724641}",0.011888013,0.020303162,0.0084151486,0.98818237,0.97990155,0.0038060492,0.0074352003,0.98437632,0.97246635,-0.011909965,0.78255614,1.678109,1.6531288,2.7741303,False,0.97242314,True,True,True,0.78255614,1.678109,1.6531288,2.7741303,0.77475861,1.6740108,1.6212195,2.7139391,0.96859483,1.7780969,0.32323686,0.57474645,0.73982206,1.9397525,0.28970899,0.56196373,0.82565942,1.646974,0.70666556,1.1638598,0.79268178,1.6191515,0.78378895,1.2690731,0.69605485,1.6273265,0.75614404,1.2304932,0.78957587,1.7298761,0.92680439,1.6032568
0b_crop_best,file,18,baseline_crop,8123,139.Scarlet_Tanager/Scarlet_Tanager_0040_137885.jpg,139,138,139.Scarlet_Tanager,42,41,identity,identity,0,{},0.020557666,0.020557666,0,0.97965223,0.97965223,0.010107313,0.010107313,0.96954491,0.96954491,0,1,1,2.5923883,2.5923883,False,0.99999994,True,True,True,1,1,2.5923883,2.5923883,1,1,2.5276114,2.5276114,1,1,0.57589737,0.57589737,1,1,0.70656945,0.70656945,1,1,1.0625551,1.0625551,1,1,1.1806875,1.1806875,1,1,1.264569,1.264569,1,1,1.3294352,1.3294352
0b_crop_best,file,18,baseline_crop,8123,139.Scarlet_Tanager/Scarlet_Tanager_0040_137885.jpg,139,138,139.Scarlet_Tanager,42,41,random_resized_crop,random_resized_crop,0,"{""area_fraction"":0.862382,""aspect"":1.008561,""fallback"":false,""height"":0.924696,""left"":0.014663,""top"":0.030529,""width"":0.932612}",0.020557666,0.041745756,0.02118809,0.97965223,0.9591136,0.010107313,0.017751615,0.96954491,0.94136198,-0.02818293,0.83274741,2.0495529,2.5923883,5.313237,False,0.98274052,True,True,True,0.83274741,2.0495529,2.5923883,5.313237,0.8257873,2.0572924,2.5276114,5.2000356,0.98106652,1.8943045,0.57589737,1.090925,0.8390412,2.4813505,0.70656945,1.7532465,0.84826174,1.9817974,1.0625551,2.1057689,0.80235384,2.0625083,1.1806875,2.4351778,0.78537743,2.0494363,1.264569,2.5916536,0.87019562,1.9737848,1.3294352,2.6240189
0b_crop_best,file,18,baseline_crop,7080,121.Grasshopper_Sparrow/Grasshopper_Sparrow_0026_115915.jpg,121,120,121.Grasshopper_Sparrow,113,112,identity,identity,0,{},0.038562745,0.038562745,0,0.96217132,0.96217132,0.013213533,0.013213533,0.94895778,0.94895778,0,1,1,6.6256779,6.6256779,False,1,True,True,True,1,1,6.6256779,6.6256779,1,1,6.5352501,6.5352501,1,1,1.0909235,1.0909235,1,1,0.8130239,0.8130239,1,1,2.8247663,2.8247663,1,1,3.3246355,3.3246355,1,1,3.2077987,3.2077987,1,1,3.567353,3.567353
0b_crop_best,file,18,baseline_crop,7080,121.Grasshopper_Sparrow/Grasshopper_Sparrow_0026_115915.jpg,121,120,121.Grasshopper_Sparrow,113,112,random_resized_crop,random_resized_crop,0,"{""area_fraction"":0.684349,""aspect"":1.073916,""fallback"":false,""height"":0.798277,""left"":0.094925,""top"":0.169036,""width"":0.857283}",0.038562745,0.62159532,0.58303258,0.96217132,0.5370869,0.013213533,0.32051766,0.94895778,0.21656924,-0.73238854,0.61533505,15.080988,6.6256779,99.921767,False,0.90350246,True,True,True,0.61533505,15.080988,6.6256779,99.921767,0.60938637,15.120134,6.5352501,98.813858,0.85600942,13.601778,1.0909235,14.8385,0.24069966,18.293482,0.8130239,14.873038,0.50196254,14.727745,2.8247663,41.602437,0.66008373,17.859511,3.3246355,59.376363,0.60852806,14.539505,3.2077987,46.639804,0.67276702,12.880644,3.567353,45.949805
0b_crop_best,file,18,baseline_crop,3435,060.Glaucous_winged_Gull/Glaucous_Winged_Gull_0023_45090.jpg,60,59,060.Glaucous_winged_Gull,62,61,identity,identity,0,{},5.1348834,5.1348834,0,0.0058877384,0.0058877384,0.46343321,0.46343321,-0.45754547,-0.45754547,0,1,1,150.60258,150.60258,False,1,True,False,False,1,1,150.60258,150.60258,1,1,146.51172,146.51172,1,1,34.863336,34.863336,1,1,37.023477,37.023477,1,1,62.873401,62.873401,1,1,71.086597,71.086597,1,1,70.128177,70.128177,1,1,78.553277,78.553277
0b_crop_best,file,18,baseline_crop,3435,060.Glaucous_winged_Gull/Glaucous_Winged_Gull_0023_45090.jpg,60,59,060.Glaucous_winged_Gull,62,61,random_resized_crop,random_resized_crop,0,"{""area_fraction"":0.734508,""aspect"":1.305352,""fallback"":false,""height"":0.750126,""left"":0.018927,""top"":0.100809,""width"":0.979179}",5.1348834,5.3701487,0.23526525,0.0058877384,0.0046534394,0.46343321,0.25151598,-0.45754547,-0.24686255,0.21068292,0.60886749,1.3108934,150.60258,197.42392,False,0.93754065,False,False,False,0.60886749,1.3108934,150.60258,197.42392,0.59964123,1.326465,146.51172,194.34268,0.84976927,0.99657036,34.863336,34.743767,0.67179072,1.3087253,37.023477,48.453562,0.54078776,1.7550885,62.873401,110.34838,0.60197276,1.3909361,71.086597,98.876914,0.58970512,1.1290268,70.128177,79.17659,0.69186181,1.0801184,78.553277,84.846842
0b_crop_best,file,18,baseline_crop,6277,108.White_necked_Raven/White_Necked_Raven_0018_102746.jpg,108,107,108.White_necked_Raven,107,106,identity,identity,0,{},2.4944026,2.4944026,0,0.082545735,0.082545735,0.79541844,0.79541844,-0.71287271,-0.71287271,0,1,1,157.22763,157.22763,False,1,True,False,False,1,1,157.22763,157.22763,1,1,153.6106,153.6106,1,1,33.530743,33.530743,1,1,28.090558,28.090558,1,1,62.686224,62.686224,1,1,86.053087,86.053087,1,1,80.376634,80.376634,1,1,70.79575,70.79575
0b_crop_best,file,18,baseline_crop,6277,108.White_necked_Raven/White_Necked_Raven_0018_102746.jpg,108,107,108.White_necked_Raven,107,106,random_resized_crop,random_resized_crop,0,"{""area_fraction"":0.662302,""aspect"":1.150532,""fallback"":false,""height"":0.758715,""left"":0.055193,""top"":0.032608,""width"":0.872926}",2.4944026,4.1728983,1.6784956,0.082545735,0.01540754,0.79541844,0.93120378,-0.71287271,-0.91579624,-0.20292354,0.70236991,0.99279163,157.22763,156.09428,False,0.95947623,True,False,False,0.70236991,0.99279163,157.22763,156.09428,0.68828534,0.98176695,153.6106,150.80981,0.95752341,1.2010432,33.530743,40.27187,0.59002887,1.0491338,28.090558,29.470753,0.61337844,1.0474838,62.686224,65.662804,0.70064381,0.95531414,86.053087,82.20773,0.70416174,0.90396552,80.376634,72.657706,0.73397221,1.0500423,70.79575,74.338533
0b_crop_best,file,18,baseline_crop,6248,107.Common_Raven/Common_Raven_0068_101216.jpg,107,106,107.Common_Raven,29,28,identity,identity,0,{},0.28464758,0.28464758,0,0.75227934,0.75227934,0.1410087,0.1410087,0.61127064,0.61127064,0,1,1,40.680821,40.680821,False,0.99999988,True,True,True,1,1,40.680821,40.680821,1,1,39.696805,39.696805,1,1,8.8934161,8.8934161,1,1,12.242375,12.242375,1,1,17.318783,17.318783,1,1,21.348383,21.348383,1,1,18.845161,18.845161,1,1,17.751813,17.751813
0b_crop_best,file,18,baseline_crop,6248,107.Common_Raven/Common_Raven_0068_101216.jpg,107,106,107.Common_Raven,29,28,random_resized_crop,random_resized_crop,0,"{""area_fraction"":0.848475,""aspect"":0.942411,""fallback"":false,""height"":0.948854,""left"":0.069578,""top"":0.030314,""width"":0.894211}",0.28464758,0.33248737,0.047839791,0.75227934,0.71713769,0.1410087,0.040897861,0.61127064,0.67623983,0.064969197,0.67144302,1.2988231,40.680821,52.837189,False,0.97722554,True,True,True,0.67144302,1.2988231,40.680821,52.837189,0.66291486,1.3097674,39.696805,51.993583,0.89673588,1.0574158,8.8934161,9.4040386,0.61442523,1.162706,12.242375,14.234283,0.60803706,1.2381561,17.318783,21.443357,0.67651381,1.4587673,21.348383,31.142323,0.64782323,1.3019723,18.845161,24.535877,0.74402861,1.2200155,17.751813,21.657487
0b_crop_best,file,18,baseline_crop,1241,023.Brandt_Cormorant/Brandt_Cormorant_0067_23352.jpg,23,22,023.Brandt_Cormorant,100,99,identity,identity,0,{},1.8803306,1.8803306,0,0.15253969,0.15253969,0.39468336,0.39468336,-0.24214368,-0.24214368,0,1,1,122.79058,122.79058,False,1,True,False,False,1,1,122.79058,122.79058,1,1,119.51138,119.51138,1,1,28.187891,28.187891,1,1,21.764143,21.764143,1,1,52.324592,52.324592,1,1,62.133997,62.133997,1,1,58.376728,58.376728,1,1,61.668091,61.668091
0b_crop_best,file,18,baseline_crop,1241,023.Brandt_Cormorant/Brandt_Cormorant_0067_23352.jpg,23,22,023.Brandt_Cormorant,100,99,random_resized_crop,random_resized_crop,0,"{""area_fraction"":0.719227,""aspect"":1.128381,""fallback"":false,""height"":0.798371,""left"":0.042244,""top"":0.018742,""width"":0.900867}",1.8803306,3.21068,1.3303494,0.15253969,0.040329173,0.39468336,0.068225771,-0.24214368,-0.027896598,0.21424708,0.70699254,1.420849,122.79058,174.46688,False,0.95592326,False,False,False,0.70699254,1.420849,122.79058,174.46688,0.69980049,1.4261003,119.51138,170.43522,0.84825986,1.3229011,28.187891,37.289792,0.36012067,1.4448479,21.764143,31.445877,0.69086953,1.5247331,52.324592,79.781037,0.7606138,1.5235875,62.133997,94.666583,0.71358184,1.4265068,58.376728,83.274801,0.67739783,1.234733,61.668091,76.143629
0b_crop_best,file,18,baseline_crop,11303,192.Downy_Woodpecker/Downy_Woodpecker_0123_184692.jpg,192,191,192.Downy_Woodpecker,33,32,identity,identity,0,{},0.12137268,0.12137268,0,0.8857038,0.8857038,0.010521881,0.010521881,0.87518192,0.87518192,0,1,1,23.168619,23.168619,False,0.99999988,True,True,True,1,1,23.168619,23.168619,1,1,22.936676,22.936676,1,1,3.2701371,3.2701371,1,1,3.9145818,3.9145818,1,1,8.3979053,8.3979053,1,1,12.506297,12.506297,1,1,13.371098,13.371098,1,1,10.249323,10.249323
0b_crop_best,file,18,baseline_crop,11303,192.Downy_Woodpecker/Downy_Woodpecker_0123_184692.jpg,192,191,192.Downy_Woodpecker,33,32,random_resized_crop,random_resized_crop,0,"{""area_fraction"":0.511835,""aspect"":1.146694,""fallback"":false,""height"":0.6681,""left"":0.084636,""top"":0.296778,""width"":0.766106}",0.12137268,4.095541,3.9741683,0.8857038,0.016646735,0.010521881,0.050500005,0.87518192,-0.03385327,-0.90903519,0.57907816,12.391844,23.168619,287.10191,False,0.81920028,False,True,False,0.57907816,12.391844,23.168619,287.10191,0.57615094,12.427079,22.936676,285.03588,0.75726988,10.513635,3.2701371,34.381027,0.50925959,22.156612,3.9145818,86.733872,0.53834737,15.619905,8.3979053,131.17448,0.63639643,13.18831,12.506297,164.93692,0.59576559,10.32132,13.371098,138.00738,0.5668976,9.8855188,10.249323,101.31987
0b_crop_best,file,18,baseline_crop,6956,119.Field_Sparrow/Field_Sparrow_0013_113599.jpg,119,118,119.Field_Sparrow,130,129,identity,identity,0,{},0.0011120809,0.0011120809,0,0.99888855,0.99888855,0.00042597865,0.00042597865,0.99846257,0.99846257,0,1,1,0.17313563,0.17313563,False,1.0000001,True,True,True,1,1,0.17313563,0.17313563,1,1,0.16837917,0.16837917,1,1,0.040303882,0.040303882,1,1,0.043452024,0.043452024,1,1,0.068468758,0.068468758,1,1,0.083998617,0.083998617,1,1,0.077583247,0.077583247,1,1,0.093276836,0.093276836
0b_crop_best,file,18,baseline_crop,6956,119.Field_Sparrow/Field_Sparrow_0013_113599.jpg,119,118,119.Field_Sparrow,130,129,random_resized_crop,random_resized_crop,0,"{""area_fraction"":0.543849,""aspect"":1.19285,""fallback"":false,""height"":0.675222,""left"":0.131334,""top"":0.271611,""width"":0.805438}",0.0011120809,0.051555466,0.050443385,0.99888855,0.94975096,0.00042597865,0.034442376,0.99846257,0.91530858,-0.08315399,0.58216723,45.184724,0.17313563,7.8230859,False,0.92031378,True,True,True,0.58216723,45.184724,0.17313563,7.8230859,0.56201754,44.716731,0.16837917,7.5293661,0.88799591,52.687617,0.040303882,2.1235155,0.58663462,44.809731,0.043452024,1.9470735,0.64140571,51.652017,0.068468758,3.5365494,0.57508962,44.245673,0.083998617,3.7165753,0.45383211,41.166141,0.077583247,3.1938029,0.57107692,43.389043,0.093276836,4.0471926
0b_crop_best,file,18,baseline_crop,9150,156.White_eyed_Vireo/White_Eyed_Vireo_0118_159036.jpg,156,155,156.White_eyed_Vireo,152,151,identity,identity,0,{},0.0039445939,0.0039445939,0,0.99606317,0.99606317,0.0010179303,0.0010179303,0.99504524,0.99504524,0,1,1,0.55572611,0.55572611,False,1,True,True,True,1,1,0.55572611,0.55572611,1,1,0.53937661,0.53937661,1,1,0.13380728,0.13380728,1,1,0.092232147,0.092232147,1,1,0.18078598,0.18078598,1,1,0.26815568,0.26815568,1,1,0.29952385,0.29952385,1,1,0.29684134,0.29684134
0b_crop_best,file,18,baseline_crop,9150,156.White_eyed_Vireo/White_Eyed_Vireo_0118_159036.jpg,156,155,156.White_eyed_Vireo,152,151,random_resized_crop,random_resized_crop,0,"{""area_fraction"":0.593228,""aspect"":0.904755,""fallback"":false,""height"":0.80974,""left"":0.115621,""top"":0.087619,""width"":0.732616}",0.0039445939,0.0059427712,0.0019981773,0.99606317,0.99407488,0.0010179303,0.0011054095,0.99504524,0.99296947,-0.0020757709,0.72993636,1.5870821,0.55572611,0.88198295,False,0.97995102,True,True,True,0.72993636,1.5870821,0.55572611,0.88198295,0.71693399,1.5971852,0.53937661,0.86148436,0.97399226,1.4128275,0.13380728,0.18904661,0.71799466,2.7927891,0.092232147,0.25758493,0.65291459,1.9037028,0.18078598,0.34416277,0.7186581,1.6469372,0.26815568,0.44163557,0.69761042,1.429627,0.29952385,0.42820739,0.80327095,1.4251022,0.29684134,0.42302925
0b_crop_best,file,18,baseline_crop,1514,027.Shiny_Cowbird/Shiny_Cowbird_0062_24271.jpg,27,26,027.Shiny_Cowbird,30,29,identity,identity,0,{},0.073951714,0.073951714,0,0.92871654,0.92871654,0.035804253,0.035804253,0.89291229,0.89291229,0,1,1,13.135105,13.135105,False,0.99999988,True,True,True,1,1,13.135105,13.135105,1,1,12.807393,12.807393,1,1,2.9157596,2.9157596,1,1,4.0008308,4.0008308,1,1,5.2816124,5.2816124,1,1,6.6008374,6.6008374,1,1,6.3309125,6.3309125,1,1,6.0395143,6.0395143
0b_crop_best,file,18,baseline_crop,1514,027.Shiny_Cowbird/Shiny_Cowbird_0062_24271.jpg,27,26,027.Shiny_Cowbird,30,29,random_resized_crop,random_resized_crop,0,"{""area_fraction"":0.606966,""aspect"":1.129499,""fallback"":false,""height"":0.73306,""left"":0.072199,""top"":0.026189,""width"":0.82799}",0.073951714,0.032080743,-0.04187097,0.92871654,0.96842837,0.035804253,0.016593361,0.89291229,0.95183501,0.058922725,0.78460675,0.46116727,13.135105,6.0574803,False,0.96536446,True,True,True,0.78460675,0.46116727,13.135105,6.0574803,0.77496339,0.45950925,12.807393,5.8851156,0.96009638,0.49206436,2.9157596,1.4347414,0.78106784,0.47260941,4.0008308,1.8908303,0.76754585,0.48904586,5.2816124,2.5829507,0.76608848,0.43636924,6.6008374,2.8804024,0.76100335,0.44766052,6.3309125,2.8340995,0.80557836,0.47004036,6.0395143,2.8388155
0b_crop_best,file,18,baseline_crop,1639,029.American_Crow/American_Crow_0062_25587.jpg,29,28,029.American_Crow,30,29,identity,identity,0,{},0.32519785,0.32519785,0,0.72238439,0.72238439,0.16267668,0.16267668,0.55970772,0.55970772,0,1,1,38.751762,38.751762,False,1.0000001,True,True,True,1,1,38.751762,38.751762,1,1,37.265962,37.265962,1,1,10.62766,10.62766,1,1,10.09612,10.09612,1,1,15.297069,15.297069,1,1,18.001906,18.001906,1,1,18.903789,18.903789,1,1,19.271693,19.271693
0b_crop_best,file,18,baseline_crop,1639,029.American_Crow/American_Crow_0062_25587.jpg,29,28,029.American_Crow,30,29,random_resized_crop,random_resized_crop,0,"{""area_fraction"":0.590698,""aspect"":0.931252,""fallback"":false,""height"":0.796432,""left"":0.199503,""top"":0.077813,""width"":0.741679}",0.32519785,0.45153689,0.12633905,0.72238439,0.63664895,0.16267668,0.29931107,0.55970772,0.33733788,-0.22236983,0.66321233,1.9991281,38.751762,77.469738,False,0.9425447,True,True,True,0.66321233,1.9991281,38.751762,77.469738,0.64621266,2.0200929,37.265962,75.280704,0.91661621,1.7205997,10.62766,18.285949,0.44447102,1.8826891,10.09612,19.007854,0.51485338,2.1764713,15.297069,33.293632,0.68566677,2.3735614,18.001906,42.72863,0.69032172,1.9375895,18.903789,36.627782,0.74368397,1.6653966,19.271693,32.095011
0b_crop_best,file,18,baseline_crop,1375,025.Pelagic_Cormorant/Pelagic_Cormorant_0044_23536.jpg,25,24,025.Pelagic_Cormorant,24,23,identity,identity,0,{},0.18760033,0.18760033,0,0.82894593,0.82894593,0.16433217,0.16433217,0.66461377,0.66461377,0,1,1,28.90897,28.90897,False,1.0000001,True,True,True,1,1,28.90897,28.90897,1,1,27.516363,27.516363,1,1,8.8644421,8.8644421,1,1,4.7727034,4.7727034,1,1,8.9830025,8.9830025,1,1,13.493418,13.493418,1,1,14.511651,14.511651,1,1,16.156016,16.156016
0b_crop_best,file,18,baseline_crop,1375,025.Pelagic_Cormorant/Pelagic_Cormorant_0044_23536.jpg,25,24,025.Pelagic_Cormorant,24,23,random_resized_crop,random_resized_crop,0,"{""area_fraction"":0.757931,""aspect"":1.2212,""fallback"":false,""height"":0.78781,""left"":0.007186,""top"":0.180555,""width"":0.962074}",0.18760033,3.8069675,3.6193672,0.82894593,0.022215448,0.16433217,0.96769553,0.66461377,-0.94548009,-1.6100939,0.73835993,7.3445417,28.90897,212.32314,False,0.92517972,False,True,False,0.73835993,7.3445417,28.90897,212.32314,0.72527835,7.4885398,27.516363,206.05738,0.92493612,5.7759198,8.8644421,51.200307,0.49067561,9.568517,4.7727034,45.667694,0.61416069,9.4327924,8.9830025,84.734798,0.74583638,8.435265,13.493418,113.82056,0.76155709,6.8099687,14.511651,98.823892,0.78642352,6.3342901,16.156016,102.33689
0b_crop_best,file,18,baseline_crop,4127,071.Long_tailed_Jaeger/Long_Tailed_Jaeger_0062_797104.jpg,71,70,071.Long_tailed_Jaeger,3,2,identity,identity,0,{},0.15665357,0.15665357,0,0.8550002,0.8550002,0.056280442,0.056280442,0.79871976,0.79871976,0,1,1,28.247451,28.247451,False,0.99999988,True,True,True,1,1,28.247451,28.247451,1,1,27.818641,27.818641,1,1,4.9032357,4.9032357,1,1,4.9796404,4.9796404,1,1,14.126948,14.126948,1,1,14.502652,14.502652,1,1,13.02635,13.02635,1,1,13.019086,13.019086
0b_crop_best,file,18,baseline_crop,4127,071.Long_tailed_Jaeger/Long_Tailed_Jaeger_0062_797104.jpg,71,70,071.Long_tailed_Jaeger,3,2,random_resized_crop,random_resized_crop,0,"{""area_fraction"":0.583944,""aspect"":0.840657,""fallback"":false,""height"":0.833444,""left"":0.025038,""top"":0.03436,""width"":0.70064}",0.15665357,0.18662828,0.029974714,0.8550002,0.82975209,0.056280442,0.063866302,0.79871976,0.76588579,-0.032833971,0.80393398,1.2812315,28.247451,36.191526,False,0.95961684,True,True,True,0.80393398,1.2812315,28.247451,36.191526,0.79889187,1.2782802,27.818641,35.560019,0.95703642,1.3728464,4.9032357,6.7313895,0.73752126,1.3311458,4.9796404,6.6286276,0.87295134,1.2869756,14.126948,18.181037,0.78097685,1.2308777,14.502652,17.850991,0.74903421,1.2927117,13.02635,16.839314,0.79344172,1.3030744,13.019086,16.964838
0b_crop_best,file,18,baseline_crop,6533,112.Great_Grey_Shrike/Great_Grey_Shrike_0063_797042.jpg,112,111,112.Great_Grey_Shrike,91,90,identity,identity,0,{},0.69712311,0.69712311,0,0.49801597,0.49801597,0.22599888,0.22599888,0.27201709,0.27201709,0,1,1,117.28387,117.28387,False,0.99999988,True,True,True,1,1,117.28387,117.28387,1,1,115.84375,115.84375,1,1,18.323012,18.323012,1,1,26.181016,26.181016,1,1,44.903689,44.903689,1,1,71.904901,71.904901,1,1,58.023875,58.023875,1,1,46.700123,46.700123
0b_crop_best,file,18,baseline_crop,6533,112.Great_Grey_Shrike/Great_Grey_Shrike_0063_797042.jpg,112,111,112.Great_Grey_Shrike,91,90,random_resized_crop,random_resized_crop,0,"{""area_fraction"":0.598617,""aspect"":0.759661,""fallback"":false,""height"":0.887697,""left"":0.201927,""top"":0.10409,""width"":0.674348}",0.69712311,0.25964853,-0.43747458,0.49801597,0.77132261,0.22599888,0.0972725,0.27201709,0.67405011,0.40203302,0.71185446,0.43605974,117.28387,51.142773,False,0.92693686,True,True,True,0.71185446,0.43605974,117.28387,51.142773,0.70693202,0.43665214,115.84375,50.583419,0.92175146,0.41168309,18.323012,7.5432743,0.77013543,0.6067293,26.181016,15.884789,0.59414674,0.50338759,44.903689,22.603959,0.73577848,0.38138592,71.904901,27.423517,0.72885826,0.40944314,58.023875,23.757477,0.74705838,0.46862661,46.700123,21.88492
0b_crop_best,file,18,baseline_crop,7844,134.Cape_Glossy_Starling/Cape_Glossy_Starling_0046_129434.jpg,134,133,134.Cape_Glossy_Starling,9,8,identity,identity,0,{},0.0045467806,0.0045467806,0,0.99546355,0.99546355,0.0018602079,0.0018602079,0.99360334,0.99360334,0,1,1,0.50521318,0.50521318,False,0.99999988,True,True,True,1,1,0.50521318,0.50521318,1,1,0.48847709,0.48847709,1,1,0.12895925,0.12895925,1,1,0.11079013,0.11079013,1,1,0.19623375,0.19623375,1,1,0.2311713,0.2311713,1,1,0.20965123,0.20965123,1,1,0.30072234,0.30072234
0b_crop_best,file,18,baseline_crop,7844,134.Cape_Glossy_Starling/Cape_Glossy_Starling_0046_129434.jpg,134,133,134.Cape_Glossy_Starling,9,8,random_resized_crop,random_resized_crop,0,"{""area_fraction"":0.579525,""aspect"":1.245282,""fallback"":false,""height"":0.682185,""left"":0.080919,""top"":0.178961,""width"":0.849512}",0.0045467806,0.0045451191,-1.6614795e-06,0.99546355,0.99546522,0.0018602079,0.0017163488,0.99360334,0.99374887,0.000145528,0.74604843,1.0226798,0.50521318,0.51667131,False,0.98312902,True,True,True,0.74604843,1.0226798,0.50521318,0.51667131,0.72979368,1.023534,0.48847709,0.49997293,0.98237068,1.0103438,0.12895925,0.13029318,0.77041602,0.72601399,0.11079013,0.080435183,0.73233084,1.0602512,0.19623375,0.20805707,0.71942411,0.98795739,0.2311713,0.22838739,0.61739651,1.0538915,0.20965123,0.22094966,0.7905053,1.0475349,0.30072234,0.31501716
0b_crop_best,file,18,baseline_crop,8500,145.Elegant_Tern/Elegant_Tern_0052_150695.jpg,145,144,145.Elegant_Tern,143,142,identity,identity,0,{},1.5944468,1.5944468,0,0.20302083,0.20302083,0.77856714,0.77856714,-0.57554631,-0.57554631,0,1,1,121.50524,121.50524,False,1,True,False,False,1,1,121.50524,121.50524,1,1,116.35982,116.35982,1,1,34.984535,34.984535,1,1,30.245293,30.245293,1,1,45.922891,45.922891,1,1,62.612038,62.612038,1,1,53.752673,53.752673,1,1,60.879388,60.879388
0b_crop_best,file,18,baseline_crop,8500,145.Elegant_Tern/Elegant_Tern_0052_150695.jpg,145,144,145.Elegant_Tern,143,142,random_resized_crop,random_resized_crop,0,"{""area_fraction"":0.613463,""aspect"":0.931375,""fallback"":false,""height"":0.811581,""left"":0.006784,""top"":0.04574,""width"":0.755886}",1.5944468,1.1772523,-0.41719449,0.20302083,0.30812421,0.77856714,0.66644996,-0.57554631,-0.35832575,0.21722056,0.74477271,0.97536262,121.50524,118.51167,False,0.96981752,True,False,False,0.74477271,0.97536262,121.50524,118.51167,0.72429228,0.97479205,116.35982,113.42662,0.96977114,0.98165244,34.984535,34.342654,0.65304108,0.96853454,30.245293,29.293611,0.65104883,1.0244807,45.922891,47.047116,0.69980684,0.93767235,62.612038,58.709577,0.73419829,0.99612505,53.752673,53.544384,0.80430307,0.96902305,60.879388,58.99353
0b_crop_best,file,18,baseline_crop,7770,133.White_throated_Sparrow/White_Throated_Sparrow_0124_128801.jpg,133,132,133.White_throated_Sparrow,122,121,identity,identity,0,{},1.8099782,1.8099782,0,0.16365771,0.16365771,0.37106234,0.37106234,-0.20740463,-0.20740463,0,1,1,151.23735,151.23735,False,1,True,False,False,1,1,151.23735,151.23735,1,1,148.46342,148.46342,1,1,28.833138,28.833138,1,1,31.12826,31.12826,1,1,74.913434,74.913434,1,1,85.258986,85.258986,1,1,67.451542,67.451542,1,1,60.345592,60.345592
0b_crop_best,file,18,baseline_crop,7770,133.White_throated_Sparrow/White_Throated_Sparrow_0124_128801.jpg,133,132,133.White_throated_Sparrow,122,121,random_resized_crop,random_resized_crop,0,"{""area_fraction"":0.738661,""aspect"":0.874922,""fallback"":false,""height"":0.918836,""left"":0.017629,""top"":0.017519,""width"":0.80391}",1.8099782,3.7389965,1.9290183,0.16365771,0.023777956,0.37106234,0.031982977,-0.20740463,-0.0082050208,0.19919961,0.59191281,1.8763601,151.23735,283.77573,False,0.92842293,False,False,False,0.59191281,1.8763601,151.23735,283.77573,0.58683206,1.8922236,148.46342,280.92599,0.80254676,1.3912999,28.833138,40.115543,0.37501072,1.8014928,31.12826,56.077337,0.65229911,1.9348508,74.913434,144.94632,0.56569245,1.9883853,85.258986,169.52771,0.56095114,1.8343754,67.451542,123.73145,0.6210378,1.7154364,60.345592,103.51903
0b_crop_best,file,18,baseline_crop,9211,157.Yellow_throated_Vireo/Yellow_Throated_Vireo_0028_795008.jpg,157,156,157.Yellow_throated_Vireo,172,171,identity,identity,0,{},0.20550695,0.20550695,0,0.81423444,0.81423444,0.12890244,0.12890244,0.685332,0.685332,0,1,1,39.250138,39.250138,False,1,True,True,True,1,1,39.250138,39.250138,1,1,38.749577,38.749577,1,1,6.2484853,6.2484853,1,1,9.1753295,9.1753295,1,1,19.032949,19.032949,1,1,20.782901,20.782901,1,1,19.053674,19.053674,1,1,16.128188,16.128188
0b_crop_best,file,18,baseline_crop,9211,157.Yellow_throated_Vireo/Yellow_Throated_Vireo_0028_795008.jpg,157,156,157.Yellow_throated_Vireo,172,171,random_resized_crop,random_resized_crop,0,"{""area_fraction"":0.890642,""aspect"":1.078076,""fallback"":false,""height"":0.908922,""left"":0.012699,""top"":0.065138,""width"":0.979888}",0.20550695,0.027270464,-0.17823649,0.81423444,0.97309804,0.12890244,0.0134104,0.685332,0.95968764,0.27435564,0.84064038,0.12820675,39.250138,5.0321324,False,0.98254925,True,True,True,0.84064038,0.12820675,39.250138,5.0321324,0.83712201,0.12787057,38.749577,4.9549307,0.96740574,0.14052633,6.2484853,0.87807672,0.7895726,0.14743676,9.1753295,1.3527808,0.8710315,0.12591662,19.032949,2.3965646,0.82100145,0.12651399,20.782901,2.6293277,0.82156611,0.12246748,19.053674,2.3334554,0.85985644,0.13326258,16.128188,2.1492841
0b_crop_best,file,18,baseline_crop,2502,044.Frigatebird/Frigatebird_0004_43221.jpg,44,43,044.Frigatebird,62,61,identity,identity,0,{},3.4049129,3.4049129,0,0.033209715,0.033209715,0.077345997,0.077345997,-0.044136282,-0.044136282,0,1,1,158.70622,158.70622,False,1,True,False,False,1,1,158.70622,158.70622,1,1,157.2241,157.2241,1,1,21.639036,21.639036,1,1,47.031337,47.031337,1,1,75.676193,75.676193,1,1,82.96562,82.96562,1,1,72.916273,72.916273,1,1,67.679449,67.679449
0b_crop_best,file,18,baseline_crop,2502,044.Frigatebird/Frigatebird_0004_43221.jpg,44,43,044.Frigatebird,62,61,random_resized_crop,random_resized_crop,0,"{""area_fraction"":0.559706,""aspect"":0.917259,""fallback"":false,""height"":0.781149,""left"":0.063872,""top"":0.170119,""width"":0.716516}",3.4049129,4.4674597,1.0625467,0.033209715,0.011476432,0.077345997,0.013675196,-0.044136282,-0.0021987641,0.041937518,0.58611282,0.8508089,158.70622,135.02867,False,0.86325943,False,False,False,0.58611282,0.8508089,158.70622,135.02867,0.58042641,0.8484326,157.2241,133.39405,0.85421692,0.96800955,21.639036,20.946793,0.81260307,0.84052394,47.031337,39.530965,0.60877223,0.77161351,75.676193,58.392773,0.55420247,0.83682466,82.96562,69.427677,0.48401416,0.88647392,72.916273,64.638374,0.59709477,0.91360584,67.679449,61.83234
0b_crop_best,file,18,baseline_crop,8194,140.Summer_Tanager/Summer_Tanager_0095_139882.jpg,140,139,140.Summer_Tanager,139,138,identity,identity,0,{},0.0013344917,0.0013344917,0,0.99866641,0.99866641,0.00024285569,0.00024285569,0.99842355,0.99842355,0,1,1,0.14782853,0.14782853,False,0.99999994,True,True,True,1,1,0.14782853,0.14782853,1,1,0.14274455,0.14274455,1,1,0.038435227,0.038435227,1,1,0.016925632,0.016925632,1,1,0.041953273,0.041953273,1,1,0.057093805,0.057093805,1,1,0.06906794,0.06906794,1,1,0.10148581,0.10148581
0b_crop_best,file,18,baseline_crop,8194,140.Summer_Tanager/Summer_Tanager_0095_139882.jpg,140,139,140.Summer_Tanager,139,138,random_resized_crop,random_resized_crop,0,"{""area_fraction"":0.795468,""aspect"":1.02862,""fallback"":false,""height"":0.879395,""left"":0.029785,""top"":0.00761,""width"":0.904563}",0.0013344917,0.0027170191,0.0013825274,0.99866641,0.99728668,0.00024285569,0.0006061981,0.99842355,0.99668048,-0.0017430707,0.81084941,2.0006254,0.14782853,0.29574951,False,0.99054831,True,True,True,0.81084941,2.0006254,0.14782853,0.29574951,0.79809123,2.0017777,0.14274455,0.28574286,0.98836886,1.9846638,0.038435227,0.076281003,0.56926716,3.3954963,0.016925632,0.057470921,0.69492501,2.2580109,0.041953273,0.094730949,0.7192179,2.0245703,0.057093805,0.11559042,0.73748678,1.9370111,0.06906794,0.13378537,0.89217048,1.9236591,0.10148581,0.19522411
0b_crop_best,file,18,baseline_crop,1426,026.Bronzed_Cowbird/Bronzed_Cowbird_0040_24134.jpg,26,25,026.Bronzed_Cowbird,27,26,identity,identity,0,{},0.9298712,0.9298712,0,0.39460456,0.39460456,0.52288002,0.52288002,-0.12827545,-0.12827545,0,1,1,132.63626,132.63626,False,1,True,False,False,1,1,132.63626,132.63626,1,1,129.4598,129.4598,1,1,28.853751,28.853751,1,1,43.480151,43.480151,1,1,67.67126,67.67126,1,1,63.117568,63.117568,1,1,57.40731,57.40731,1,1,54.867935,54.867935
0b_crop_best,file,18,baseline_crop,1426,026.Bronzed_Cowbird/Bronzed_Cowbird_0040_24134.jpg,26,25,026.Bronzed_Cowbird,27,26,random_resized_crop,random_resized_crop,0,"{""area_fraction"":0.61533,""aspect"":1.063927,""fallback"":false,""height"":0.760498,""left"":0.045727,""top"":0.132606,""width"":0.809115}",0.9298712,0.010229304,-0.9196419,0.39460456,0.98982286,0.52288002,0.0077148629,-0.12827545,0.982108,1.1103835,0.68338109,0.016940815,132.63626,2.2469665,False,0.92465776,False,False,True,0.68338109,0.016940815,132.63626,2.2469665,0.67241657,0.016990245,129.4598,2.1995538,0.92044942,0.015913117,28.853751,0.45915311,0.66199409,0.011569397,43.480151,0.50303912,0.68169118,0.017431152,67.67126,1.179588,0.68858003,0.017430939,63.117568,1.1001984,0.63037475,0.018718379,57.40731,1.0745718,0.71837854,0.016588477,54.867935,0.91017549
0b_crop_best,file,18,baseline_crop,8057,138.Tree_Swallow/Tree_Swallow_0071_136749.jpg,138,137,138.Tree_Swallow,134,133,identity,identity,0,{},0.054892913,0.054892913,0,0.94658649,0.94658649,0.0064951368,0.0064951368,0.94009135,0.94009135,0,1,1,6.2588817,6.2588817,False,1.0000001,True,True,True,1,1,6.2588817,6.2588817,1,1,6.124167,6.124167,1,1,1.2915802,1.2915802,1,1,1.2663576,1.2663576,1,1,2.1166357,2.1166357,1,1,2.5951469,2.5951469,1,1,3.2029461,3.2029461,1,1,3.7984157,3.7984157
0b_crop_best,file,18,baseline_crop,8057,138.Tree_Swallow/Tree_Swallow_0071_136749.jpg,138,137,138.Tree_Swallow,134,133,random_resized_crop,random_resized_crop,0,"{""area_fraction"":0.626762,""aspect"":0.844886,""fallback"":false,""height"":0.861296,""left"":0.241021,""top"":0.06522,""width"":0.727697}",0.054892913,0.032056041,-0.022836871,0.94658649,0.96845233,0.0064951368,0.008838566,0.94009135,0.95961377,0.019522415,0.55557564,0.69590943,6.2588817,4.3556148,False,0.96279711,True,True,True,0.55557564,0.69590943,6.2588817,4.3556148,0.53843503,0.69634645,6.124167,4.2645419,0.94681125,0.68601046,1.2915802,0.88603749,0.6618877,0.74962052,1.2663576,0.94928768,0.40383682,0.72611909,2.1166357,1.5369296,0.39685085,0.78199263,2.5951469,2.0293857,0.48641997,0.66406829,3.2029461,2.1269749,0.68797001,0.65977782,3.7984157,2.5061104
0b_crop_best,file,18,baseline_crop,1802,032.Mangrove_Cuckoo/Mangrove_Cuckoo_0016_794607.jpg,32,31,032.Mangrove_Cuckoo,33,32,identity,identity,0,{},0.16674533,0.16674533,0,0.84641516,0.84641516,0.057297289,0.057297289,0.78911787,0.78911787,0,1,1,36.617444,36.617444,False,0.99999988,True,True,True,1,1,36.617444,36.617444,1,1,36.081293,36.081293,1,1,6.2431977,6.2431977,1,1,6.6039092,6.6039092,1,1,17.688671,17.688671,1,1,20.283614,20.283614,1,1,17.258066,17.258066,1,1,15.365323,15.365323
0b_crop_best,file,18,baseline_crop,1802,032.Mangrove_Cuckoo/Mangrove_Cuckoo_0016_794607.jpg,32,31,032.Mangrove_Cuckoo,33,32,random_resized_crop,random_resized_crop,0,"{""area_fraction"":0.829096,""aspect"":0.949543,""fallback"":false,""height"":0.934426,""left"":0.08449,""top"":0.019953,""width"":0.887278}",0.16674533,0.29603174,0.12928641,0.84641516,0.7437638,0.057297289,0.04378948,0.78911787,0.69997432,-0.089143548,0.77458864,1.5741476,36.617444,57.641262,False,0.9805364,True,True,True,0.77458864,1.5741476,36.617444,57.641262,0.76940924,1.5765798,36.081293,56.885037,0.95873968,1.4906349,6.2431977,9.3063285,0.47577705,1.6945714,6.6039092,11.190796,0.7292894,1.5092228,17.688671,26.696146,0.78109387,1.5491393,20.283614,31.422144,0.77803541,1.606659,17.258066,27.727826,0.84649503,1.6487702,15.365323,25.333887
0b_crop_best,file,18,baseline_crop,4599,079.Belted_Kingfisher/Belted_Kingfisher_0061_70363.jpg,79,78,079.Belted_Kingfisher,80,79,identity,identity,0,{},0.146549,0.146549,0,0.8636834,0.8636834,0.052438773,0.052438773,0.81124463,0.81124463,0,1,1,21.146049,21.146049,False,1.0000001,True,True,True,1,1,21.146049,21.146049,1,1,20.720691,20.720691,1,1,4.2199964,4.2199964,1,1,4.4814432,4.4814432,1,1,9.0362137,9.0362137,1,1,10.79036,10.79036,1,1,10.600099,10.600099,1,1,9.9406523,9.9406523
0b_crop_best,file,18,baseline_crop,4599,079.Belted_Kingfisher/Belted_Kingfisher_0061_70363.jpg,79,78,079.Belted_Kingfisher,80,79,random_resized_crop,random_resized_crop,0,"{""area_fraction"":0.569375,""aspect"":0.954949,""fallback"":false,""height"":0.772163,""left"":0.018133,""top"":0.182962,""width"":0.737376}",0.146549,1.9118565,1.7653075,0.8636834,0.14780572,0.052438773,0.71716928,0.81124463,-0.56936356,-1.3806082,0.63573687,8.5350409,21.146049,180.4824,False,0.94334209,False,True,False,0.63573687,8.5350409,21.146049,180.4824,0.62726245,8.5732668,20.720691,177.64401,0.87248956,7.5551261,4.2199964,31.882605,0.58841303,11.050596,4.4814432,49.52262,0.652051,9.6084266,9.0362137,86.823796,0.66594532,8.2450301,10.79036,88.966845,0.58621591,7.8782297,10.600099,83.510018,0.62600484,8.2203904,9.9406523,81.716042
0b_crop_best,file,18,baseline_crop,5159,089.Hooded_Merganser/Hooded_Merganser_0057_796742.jpg,89,88,089.Hooded_Merganser,87,86,identity,identity,0,{},0.0022157899,0.0022157899,0,0.99778664,0.99778664,0.00024912844,0.00024912844,0.99753751,0.99753751,0,1,1,0.37849308,0.37849308,False,0.99999994,True,True,True,1,1,0.37849308,0.37849308,1,1,0.3733431,0.3733431,1,1,0.062224903,0.062224903,1,1,0.092930437,0.092930437,1,1,0.14019375,0.14019375,1,1,0.17664836,0.17664836,1,1,0.17928578,0.17928578,1,1,0.21851014,0.21851014
0b_crop_best,file,18,baseline_crop,5159,089.Hooded_Merganser/Hooded_Merganser_0057_796742.jpg,89,88,089.Hooded_Merganser,87,86,random_resized_crop,random_resized_crop,0,"{""area_fraction"":0.531896,""aspect"":1.118726,""fallback"":false,""height"":0.689528,""left"":0.020748,""top"":0.035089,""width"":0.771392}",0.0022157899,0.015241349,0.013025559,0.99778664,0.98487419,0.00024912844,0.00021360922,0.99753751,0.98466058,-0.012876933,0.58105574,8.6128392,0.37849308,3.2599,False,0.92206842,True,True,True,0.58105574,8.6128392,0.37849308,3.2599,0.57432465,8.6150627,0.3733431,3.2163742,0.82574015,8.5324125,0.062224903,0.53092854,0.55013127,7.7473247,0.092930437,0.71996227,0.5000609,9.2680026,0.14019375,1.2993161,0.59466195,9.1170219,0.17664836,1.610507,0.57769003,9.5457485,0.17928578,1.711417,0.60929029,7.4017065,0.21851014,1.617348
0b_crop_best,file,18,baseline_crop,8734,149.Brown_Thrasher/Brown_Thrasher_0013_155329.jpg,149,148,149.Brown_Thrasher,120,119,identity,identity,0,{},0.14488855,0.14488855,0,0.86511868,0.86511868,0.043034505,0.043034505,0.82208418,0.82208418,0,1,1,21.047232,21.047232,False,1,True,True,True,1,1,21.047232,21.047232,1,1,20.676214,20.676214,1,1,3.9344795,3.9344795,1,1,3.1708279,3.1708279,1,1,8.8851771,8.8851771,1,1,11.401577,11.401577,1,1,10.349449,10.349449,1,1,10.06967,10.06967
0b_crop_best,file,18,baseline_crop,8734,149.Brown_Thrasher/Brown_Thrasher_0013_155329.jpg,149,148,149.Brown_Thrasher,120,119,random_resized_crop,random_resized_crop,0,"{""area_fraction"":0.83004,""aspect"":1.008675,""fallback"":false,""height"":0.907139,""left"":0.024701,""top"":0.027897,""width"":0.915009}",0.14488855,0.094213419,-0.050675131,0.86511868,0.91008854,0.043034505,0.041231066,0.82208418,0.86885747,0.046773296,0.74141911,0.67036205,21.047232,14.109265,False,0.97004265,True,True,True,0.74141911,0.67036205,21.047232,14.109265,0.73501385,0.67237292,20.676214,13.902127,0.93884197,0.61222446,3.9344795,2.4087846,0.65671353,0.63143538,3.1708279,2.0021729,0.63913398,0.62270408,8.8851771,5.5328361,0.72085063,0.69202183,11.401577,7.8901404,0.76346251,0.67302964,10.349449,6.9654857,0.80087819,0.68713644,10.06967,6.9192374
0b_crop_best,file,18,baseline_crop,4520,078.Gray_Kingbird/Gray_Kingbird_0063_70287.jpg,78,77,078.Gray_Kingbird,135,134,identity,identity,0,{},1.7250017,1.7250017,0,0.17817275,0.17817275,0.30821827,0.30821827,-0.13004552,-0.13004552,0,1,1,105.15426,105.15426,False,1,True,False,False,1,1,105.15426,105.15426,1,1,101.52701,101.52701,1,1,27.380369,27.380369,1,1,25.717283,25.717283,1,1,48.91156,48.91156,1,1,50.259055,50.259055,1,1,46.247459,46.247459,1,1,50.88432,50.88432
0b_crop_best,file,18,baseline_crop,4520,078.Gray_Kingbird/Gray_Kingbird_0063_70287.jpg,78,77,078.Gray_Kingbird,135,134,random_resized_crop,random_resized_crop,0,"{""area_fraction"":0.834789,""aspect"":0.913631,""fallback"":false,""height"":0.955879,""left"":0.053176,""top"":0.028864,""width"":0.873321}",1.7250017,0.9192884,-0.8057133,0.17817275,0.39880273,0.30821827,0.1628717,-0.13004552,0.23593102,0.36597654,0.80432607,0.8385628,105.15426,88.17845,False,0.98096913,False,False,True,0.80432607,0.8385628,105.15426,88.17845,0.79472652,0.84710923,101.52701,86.004465,0.97335428,0.71070876,27.380369,19.459469,0.76757519,0.97501631,25.717283,25.07477,0.80629166,0.82988883,48.91156,40.591157,0.77432457,0.95805671,50.259055,48.151025,0.7901688,0.79151067,46.247459,36.605358,0.83885529,0.75140853,50.88432,38.234912
0b_crop_best,file,18,baseline_crop,1188,022.Chuck_will_Widow/Chuck_Will_Widow_0017_796960.jpg,22,21,022.Chuck_will_Widow,105,104,identity,identity,0,{},0.60234928,0.60234928,0,0.54752386,0.54752386,0.04903641,0.04903641,0.49848745,0.49848745,0,1,1,94.215058,94.215058,False,1,True,True,True,1,1,94.215058,94.215058,1,1,93.477922,93.477922,1,1,11.762447,11.762447,1,1,13.903217,13.903217,1,1,39.664473,39.664473,1,1,60.282308,60.282308,1,1,45.936544,45.936544,1,1,35.034689,35.034689
0b_crop_best,file,18,baseline_crop,1188,022.Chuck_will_Widow/Chuck_Will_Widow_0017_796960.jpg,22,21,022.Chuck_will_Widow,105,104,random_resized_crop,random_resized_crop,0,"{""area_fraction"":0.730601,""aspect"":0.973773,""fallback"":false,""height"":0.866186,""left"":0.128572,""top"":0.088689,""width"":0.843469}",0.60234928,0.76560992,0.16326064,0.54752386,0.46505019,0.04903641,0.037502088,0.49848745,0.4275481,-0.070939343,0.7754463,0.93319092,94.215058,87.920637,False,0.94742191,True,True,True,0.7754463,0.93319092,94.215058,87.920637,0.77270402,0.92782386,93.477922,86.731046,0.93615183,1.225427,11.762447,14.414019,0.65693286,0.94903674,13.903217,13.194664,0.73247416,0.94490052,39.664473,37.478981,0.79401456,0.90346701,60.282308,54.463076,0.76808125,0.90764144,45.936544,41.69391,0.79251616,1.0046586,35.034689,35.197903
0b_crop_best,file,18,baseline_crop,264,005.Crested_Auklet/Crested_Auklet_0033_794964.jpg,5,4,005.Crested_Auklet,7,6,identity,identity,0,{},0.051217336,0.051217336,0,0.95007217,0.95007217,0.039818581,0.039818581,0.91025359,0.91025359,0,1,1,8.2789196,8.2789196,False,1.0000001,True,True,True,1,1,8.2789196,8.2789196,1,1,8.0606936,8.0606936,1,1,1.8883136,1.8883136,1,1,1.5638592,1.5638592,1,1,3.6207146,3.6207146,1,1,4.6249258,4.6249258,1,1,3.7767477,3.7767477,1,1,3.7102277,3.7102277
0b_crop_best,file,18,baseline_crop,264,005.Crested_Auklet/Crested_Auklet_0033_794964.jpg,5,4,005.Crested_Auklet,7,6,random_resized_crop,random_resized_crop,0,"{""area_fraction"":0.516889,""aspect"":0.971647,""fallback"":false,""height"":0.729364,""left"":0.040196,""top"":0.161886,""width"":0.708685}",0.051217336,0.53891683,0.48769949,0.95007217,0.58337981,0.039818581,0.16322958,0.91025359,0.42015022,-0.49010337,0.53500445,7.7377256,8.2789196,64.060008,False,0.87366039,True,True,True,0.53500445,7.7377256,8.2789196,64.060008,0.51845846,7.7287403,8.0606936,62.299008,0.83010357,7.8996654,1.8883136,14.917046,0.15320112,6.2505731,1.5638592,9.7750159,0.40032366,6.9352113,3.6207146,25.110421,0.60467095,8.233671,4.6249258,38.080118,0.5011106,7.5053849,3.7767477,28.345945,0.55186757,8.0924665,3.7102277,30.024893
0b_crop_best,file,18,baseline_crop,1749,031.Black_billed_Cuckoo/Black_Billed_Cuckoo_0057_795323.jpg,31,30,031.Black_billed_Cuckoo,33,32,identity,identity,0,{},4.0858135,4.0858135,0,0.016809458,0.016809458,0.86363262,0.86363262,-0.84682316,-0.84682316,0,1,1,155.68612,155.68612,False,1,True,False,False,1,1,155.68612,155.68612,1,1,150.94542,150.94542,1,1,38.126734,38.126734,1,1,45.533502,45.533502,1,1,70.491566,70.491566,1,1,74.691849,74.691849,1,1,71.724943,71.724943,1,1,70.843619,70.843619
0b_crop_best,file,18,baseline_crop,1749,031.Black_billed_Cuckoo/Black_Billed_Cuckoo_0057_795323.jpg,31,30,031.Black_billed_Cuckoo,33,32,random_resized_crop,random_resized_crop,0,"{""area_fraction"":0.710191,""aspect"":1.063952,""fallback"":false,""height"":0.817008,""left"":0.087831,""top"":0.01419,""width"":0.869258}",4.0858135,3.6798661,-0.40594745,0.016809458,0.025226358,0.86363262,0.62460977,-0.84682316,-0.59938341,0.24743975,0.71436537,1.1874364,155.68612,184.86735,False,0.94339043,True,False,False,0.71436537,1.1874364,155.68612,184.86735,0.70340757,1.1978304,150.94542,180.80701,0.92773534,1.0106465,38.126734,38.532651,0.51452206,1.1528232,45.533502,52.492079,0.733317,1.380917,70.491566,97.343004,0.73883081,1.2321545,74.691849,92.031895,0.69459409,1.1382157,71.724943,81.638453,0.73304838,1.0300893,70.843619,72.975255
0b_crop_best,file,18,baseline_crop,11302,192.Downy_Woodpecker/Downy_Woodpecker_0044_184170.jpg,192,191,192.Downy_Woodpecker,187,186,identity,identity,0,{},3.7669426e-05,3.7669426e-05,0,0.99996233,0.99996233,1.2412201e-05,1.2412201e-05,0.99994992,0.99994992,0,1,1,0.0075147973,0.0075147973,False,0.99999988,True,True,True,1,1,0.0075147973,0.0075147973,1,1,0.0073488986,0.0073488986,1,1,0.001570308,0.001570308,1,1,0.0016736482,0.0016736482,1,1,0.0034081335,0.0034081335,1,1,0.0036339253,0.0036339253,1,1,0.003627503,0.003627503,1,1,0.0036367083,0.0036367083
0b_crop_best,file,18,baseline_crop,11302,192.Downy_Woodpecker/Downy_Woodpecker_0044_184170.jpg,192,191,192.Downy_Woodpecker,187,186,random_resized_crop,random_resized_crop,0,"{""area_fraction"":0.603275,""aspect"":0.784852,""fallback"":false,""height"":0.876726,""left"":0.102355,""top"":0.047609,""width"":0.6881}",3.7669426e-05,4.7801783e-05,1.0132357e-05,0.99996233,0.9999522,1.2412201e-05,1.5724367e-05,0.99994992,0.99993647,-1.3444956e-05,0.76793082,1.4666778,0.0075147973,0.011021786,False,0.96721047,True,True,True,0.76793082,1.4666778,0.0075147973,0.011021786,0.76121274,1.475989,0.0073488986,0.010846893,0.95299908,1.2454105,0.001570308,0.0019556781,0.74490088,1.9566226,0.0016736482,0.0032746978,0.80281284,1.6381622,0.0034081335,0.0055830756,0.7407225,1.4528702,0.0036339253,0.0052796219,0.71857132,1.3656359,0.003627503,0.0049538484,0.80788398,1.3286022,0.0036367083,0.0048317385
0b_crop_best,file,18,baseline_crop,2933,051.Horned_Grebe/Horned_Grebe_0006_34718.jpg,51,50,051.Horned_Grebe,52,51,identity,identity,0,{},0.031052403,0.031052403,0,0.96942478,0.96942478,0.012116955,0.012116955,0.95730783,0.95730783,0,1,1,4.9654598,4.9654598,False,0.99999988,True,True,True,1,1,4.9654598,4.9654598,1,1,4.8841843,4.8841843,1,1,0.89472586,0.89472586,1,1,1.1107611,1.1107611,1,1,1.9351104,1.9351104,1,1,2.6274882,2.6274882,1,1,2.5305571,2.5305571,1,1,2.3599577,2.3599577
0b_crop_best,file,18,baseline_crop,2933,051.Horned_Grebe/Horned_Grebe_0006_34718.jpg,51,50,051.Horned_Grebe,52,51,random_resized_crop,random_resized_crop,0,"{""area_fraction"":0.644339,""aspect"":1.256301,""fallback"":false,""height"":0.716161,""left"":0.06218,""top"":0.194931,""width"":0.899713}",0.031052403,0.024828071,-0.0062243324,0.96942478,0.97547764,0.012116955,0.012588123,0.95730783,0.96288951,0.0055816835,0.64576584,0.79561297,4.9654598,3.9505842,False,0.95252669,True,True,True,0.64576584,0.79561297,4.9654598,3.9505842,0.63507441,0.79296913,4.8841843,3.8730074,0.93863839,0.87072109,0.89472586,0.77905668,0.52952798,0.91619504,1.1107611,1.0176738,0.44581542,0.88536946,1.9351104,1.7132876,0.63694811,0.73952899,2.6274882,1.9431037,0.66855496,0.72415119,2.5305571,1.8325059,0.76957728,0.83632319,2.3599577,1.9736874
0b_crop_best,file,18,baseline_crop,9650,164.Cerulean_Warbler/Cerulean_Warbler_0018_797183.jpg,164,163,164.Cerulean_Warbler,184,183,identity,identity,0,{},0.0051019951,0.0051019951,0,0.99491102,0.99491102,0.0012912891,0.0012912891,0.99361973,0.99361973,0,1,1,0.87561524,0.87561524,False,1,True,True,True,1,1,0.87561524,0.87561524,1,1,0.85931561,0.85931561,1,1,0.16816282,0.16816282,1,1,0.20124396,0.20124396,1,1,0.4288844,0.4288844,1,1,0.46369086,0.46369086,1,1,0.3754268,0.3754268,1,1,0.39752718,0.39752718
0b_crop_best,file,18,baseline_crop,9650,164.Cerulean_Warbler/Cerulean_Warbler_0018_797183.jpg,164,163,164.Cerulean_Warbler,184,183,random_resized_crop,random_resized_crop,0,"{""area_fraction"":0.839183,""aspect"":1.011975,""fallback"":false,""height"":0.910633,""left"":0.041739,""top"":0.081847,""width"":0.921538}",0.0051019951,0.01815722,0.013055224,0.99491102,0.98200661,0.0012912891,0.0033465719,0.99361973,0.97866004,-0.014959688,0.78149787,4.251693,0.87561524,3.7228472,False,0.97856545,True,True,True,0.78149787,4.251693,0.87561524,3.7228472,0.77660417,4.2835832,0.85931561,3.6809499,0.97201022,3.3119982,0.16816282,0.55695498,0.8241966,4.5139028,0.20124396,0.90839567,0.84990276,5.003296,0.4288844,2.1458356,0.73276847,4.1920364,0.46369086,1.943809,0.70865992,3.9413716,0.3754268,1.4796966,0.80513213,3.6899838,0.39752718,1.4668689
0b_crop_best,file,18,baseline_crop,10149,173.Orange_crowned_Warbler/Orange_Crowned_Warbler_0103_168566.jpg,173,172,173.Orange_crowned_Warbler,170,169,identity,identity,0,{},3.6279147,3.6279147,0,0.02657154,0.02657154,0.60457689,0.60457689,-0.57800535,-0.57800535,0,1,1,140.37999,140.37999,False,0.99999988,True,False,False,1,1,140.37999,140.37999,1,1,136.37444,136.37444,1,1,33.294954,33.294954,1,1,31.022838,31.022838,1,1,51.041196,51.041196,1,1,78.712727,78.712727,1,1,65.312676,65.312676,1,1,67.593858,67.593858
0b_crop_best,file,18,baseline_crop,10149,173.Orange_crowned_Warbler/Orange_Crowned_Warbler_0103_168566.jpg,173,172,173.Orange_crowned_Warbler,170,169,random_resized_crop,random_resized_crop,0,"{""area_fraction"":0.663886,""aspect"":1.162782,""fallback"":false,""height"":0.75561,""left"":0.007126,""top"":0.150468,""width"":0.87861}",3.6279147,4.9719677,1.344053,0.02657154,0.006929501,0.60457689,0.64059609,-0.57800535,-0.63366659,-0.055661245,0.68872193,1.2098035,140.37999,169.83221,False,0.94002753,True,False,False,0.68872193,1.2098035,140.37999,169.83221,0.67432506,1.2120647,136.37444,165.29464,0.93906163,1.171218,33.294954,38.99565,0.82228922,1.4525554,31.022838,45.062389,0.45656059,1.2521565,51.041196,63.911564,0.73473777,1.1705973,78.712727,92.140903,0.66290527,1.2271757,65.312676,80.15013,0.70172398,1.1736062,67.593858,79.328573
0b_crop_best,file,18,baseline_crop,2467,043.Yellow_bellied_Flycatcher/Yellow_Bellied_Flycatcher_0041_42719.jpg,43,42,043.Yellow_bellied_Flycatcher,39,38,identity,identity,0,{},0.22759445,0.22759445,0,0.79644722,0.79644722,0.13430195,0.13430195,0.66214527,0.66214527,0,1,1,46.271386,46.271386,False,0.99999988,True,True,True,1,1,46.271386,46.271386,1,1,45.729797,45.729797,1,1,7.0588085,7.0588085,1,1,19.345522,19.345522,1,1,24.827212,24.827212,1,1,22.529953,22.529953,1,1,19.45736,19.45736,1,1,14.641961,14.641961
0b_crop_best,file,18,baseline_crop,2467,043.Yellow_bellied_Flycatcher/Yellow_Bellied_Flycatcher_0041_42719.jpg,43,42,043.Yellow_bellied_Flycatcher,39,38,random_resized_crop,random_resized_crop,0,"{""area_fraction"":0.656705,""aspect"":1.191811,""fallback"":false,""height"":0.742303,""left"":0.055911,""top"":0.104249,""width"":0.884685}",0.22759445,0.039269965,-0.18832448,0.79644722,0.96149111,0.13430195,0.01020789,0.66214527,0.95128322,0.28913795,0.79072999,0.16407757,46.271386,7.5920965,False,0.94878936,True,True,True,0.79072999,0.16407757,46.271386,7.5920965,0.78838861,0.16391865,45.729797,7.4959665,0.88575941,0.17061405,7.0588085,1.2043319,0.93685568,0.17870274,19.345522,3.4570977,0.84271757,0.16257214,24.827212,4.0362132,0.70600539,0.15540703,22.529953,3.5013132,0.69861158,0.1544923,19.45736,3.0060122,0.70422993,0.17614328,14.641961,2.579083
0b_crop_best,file,18,baseline_crop,6135,105.Whip_poor_Will/Whip_Poor_Will_0044_796407.jpg,105,104,105.Whip_poor_Will,22,21,identity,identity,0,{},0.71769696,0.71769696,0,0.48787457,0.48787457,0.50011313,0.50011313,-0.012238562,-0.012238562,0,1,1,145.93263,145.93263,False,0.99999994,True,False,False,1,1,145.93263,145.93263,1,1,144.24176,144.24176,1,1,22.150576,22.150576,1,1,24.896756,24.896756,1,1,59.53137,59.53137,1,1,89.955921,89.955921,1,1,70.494587,70.494587,1,1,59.835584,59.835584
0b_crop_best,file,18,baseline_crop,6135,105.Whip_poor_Will/Whip_Poor_Will_0044_796407.jpg,105,104,105.Whip_poor_Will,22,21,random_resized_crop,random_resized_crop,0,"{""area_fraction"":0.605841,""aspect"":0.819366,""fallback"":false,""height"":0.859885,""left"":0.061714,""top"":0.013551,""width"":0.70456}",0.71769696,1.097014,0.37931699,0.48787457,0.33386654,0.50011313,0.61817706,-0.012238562,-0.28431052,-0.27207196,0.74330593,1.2622214,145.93263,184.19929,False,0.95049506,True,False,False,0.74330593,1.2622214,145.93263,184.19929,0.73837346,1.2618927,144.24176,182.01762,0.95018419,1.2760823,22.150576,28.265957,0.42910406,1.3217696,24.896756,32.907775,0.64754811,1.2347413,59.53137,73.50584,0.73845163,1.2128914,89.955921,109.10676,0.7604317,1.2712215,70.494587,89.614231,0.84649783,1.368932,59.835584,81.910846
0b_crop_best,file,18,baseline_crop,1581,028.Brown_Creeper/Brown_Creeper_0121_24574.jpg,28,27,028.Brown_Creeper,187,186,identity,identity,0,{},0.04632251,0.04632251,0,0.95473403,0.95473403,0.0056976583,0.0056976583,0.94903637,0.94903637,0,1,1,11.429057,11.429057,False,1,True,True,True,1,1,11.429057,11.429057,1,1,11.360363,11.360363,1,1,1.251198,1.251198,1,1,2.068558,2.068558,1,1,5.2142992,5.2142992,1,1,7.111224,7.111224,1,1,5.4431818,5.4431818,1,1,4.1704035,4.1704035
0b_crop_best,file,18,baseline_crop,1581,028.Brown_Creeper/Brown_Creeper_0121_24574.jpg,28,27,028.Brown_Creeper,187,186,random_resized_crop,random_resized_crop,0,"{""area_fraction"":0.703825,""aspect"":0.926399,""fallback"":false,""height"":0.871632,""left"":0.029839,""top"":0.107028,""width"":0.807479}",0.04632251,0.83548999,0.78916748,0.95473403,0.43366194,0.0056976583,0.18111041,0.94903637,0.25255153,-0.69648484,0.70499594,13.475074,11.429057,154.00738,False,0.92145514,True,True,True,0.70499594,13.475074,11.429057,154.00738,0.7025252,13.466368,11.360363,152.98284,0.89942133,14.174331,1.251198,17.734895,0.67398685,12.827055,2.068558,26.533507,0.70318442,18.012296,5.2142992,93.921503,0.72323331,11.718059,7.111224,83.329741,0.70941212,11.82406,5.4431818,64.36051,0.73730613,12.670884,4.1704035,52.842701
0b_crop_best,file,18,baseline_crop,8782,150.Sage_Thrasher/Sage_Thrasher_0096_155449.jpg,150,149,150.Sage_Thrasher,131,130,identity,identity,0,{},0.049953151,0.049953151,0,0.95127398,0.95127398,0.0077270488,0.0077270488,0.94354693,0.94354693,0,1,1,8.2149043,8.2149043,False,1,True,True,True,1,1,8.2149043,8.2149043,1,1,8.1091161,8.1091161,1,1,1.3141114,1.3141114,1,1,1.269878,1.269878,1,1,3.6714915,3.6714915,1,1,4.8005877,4.8005877,1,1,3.9038688,3.9038688,1,1,3.5184498,3.5184498
0b_crop_best,file,18,baseline_crop,8782,150.Sage_Thrasher/Sage_Thrasher_0096_155449.jpg,150,149,150.Sage_Thrasher,131,130,random_resized_crop,random_resized_crop,0,"{""area_fraction"":0.826589,""aspect"":0.940068,""fallback"":false,""height"":0.937702,""left"":0.103496,""top"":0.009558,""width"":0.881504}",0.049953151,0.1426938,0.092740651,0.95127398,0.86701953,0.0077270488,0.03044029,0.94354693,0.83657924,-0.10696768,0.7815794,2.8566756,8.2149043,23.467317,False,0.96556103,True,True,True,0.7815794,2.8566756,8.2149043,23.467317,0.77746881,2.8637675,8.1091161,23.222623,0.96026204,2.5721194,1.3141114,3.3800515,0.73561858,3.1089183,1.269878,3.9479469,0.7774977,2.9333803,3.6714915,10.769881,0.81337372,2.8463506,4.8005877,13.664156,0.7241913,2.8481528,3.9038688,11.118815,0.78309641,2.8046293,3.5184498,9.8679475
0b_crop_best,file,18,baseline_crop,8635,147.Least_Tern/Least_Tern_0052_154021.jpg,147,146,147.Least_Tern,111,110,identity,identity,0,{},0.76863152,0.76863152,0,0.46364713,0.46364713,0.13158141,0.13158141,0.33206572,0.33206572,0,1,1,111.30299,111.30299,False,1,True,True,True,1,1,111.30299,111.30299,1,1,110.0715,110.0715,1,1,16.511201,16.511201,1,1,18.704235,18.704235,1,1,55.982782,55.982782,1,1,62.042246,62.042246,1,1,52.417606,52.417606,1,1,45.11063,45.11063
0b_crop_best,file,18,baseline_crop,8635,147.Least_Tern/Least_Tern_0052_154021.jpg,147,146,147.Least_Tern,111,110,random_resized_crop,random_resized_crop,0,"{""area_fraction"":0.535683,""aspect"":1.218811,""fallback"":false,""height"":0.662958,""left"":0.186915,""top"":0.221919,""width"":0.80802}",0.76863152,1.4403228,0.67169124,0.46364713,0.2368513,0.13158141,0.0037905551,0.33206572,0.23306075,-0.099004967,0.70121395,1.580656,111.30299,175.93173,False,0.87442243,True,True,True,0.70121395,1.580656,111.30299,175.93173,0.69888203,1.5848664,110.0715,174.44862,0.82673379,1.3806306,16.511201,22.795869,0.67087789,1.8098177,18.704235,33.851255,0.75155078,1.7829553,55.982782,99.814796,0.73677834,1.5656415,62.042246,97.135913,0.62035924,1.4469435,52.417606,75.845316,0.65112567,1.4255628,45.11063,64.308036
0b_crop_best,file,18,baseline_crop,566,011.Rusty_Blackbird/Rusty_Blackbird_0023_6752.jpg,11,10,011.Rusty_Blackbird,34,33,identity,identity,0,{},0.1074445,0.1074445,0,0.89812636,0.89812636,0.040597402,0.040597402,0.85752896,0.85752896,0,1,1,18.880033,18.880033,False,1,True,True,True,1,1,18.880033,18.880033,1,1,18.531008,18.531008,1,1,3.6134997,3.6134997,1,1,3.3447116,3.3447116,1,1,9.4081445,9.4081445,1,1,9.9594256,9.9594256,1,1,8.5148807,8.5148807,1,1,8.4855546,8.4855546
0b_crop_best,file,18,baseline_crop,566,011.Rusty_Blackbird/Rusty_Blackbird_0023_6752.jpg,11,10,011.Rusty_Blackbird,34,33,random_resized_crop,random_resized_crop,0,"{""area_fraction"":0.837933,""aspect"":1.077449,""fallback"":false,""height"":0.881873,""left"":0.027804,""top"":0.110083,""width"":0.950174}",0.1074445,2.063463,1.9560185,0.89812636,0.12701337,0.040597402,0.056936096,0.85752896,0.070077274,-0.78745169,0.55019344,9.7617425,18.880033,184.30202,False,0.89532036,False,True,False,0.55019344,9.7617425,18.880033,184.30202,0.54266207,9.7711262,18.531008,181.06882,0.7538579,9.5116359,3.6134997,34.370294,0.59290501,12.151518,3.3447116,40.643323,0.66990769,9.628769,9.4081445,90.588849,0.42928499,9.9069808,9.9594256,98.667838,0.53530724,10.134241,8.5148807,86.291856,0.55054291,8.9331639,8.4855546,75.80285
0b_crop_best,file,18,baseline_crop,8751,149.Brown_Thrasher/Brown_Thrasher_0085_155445.jpg,149,148,149.Brown_Thrasher,99,98,identity,identity,0,{},0.013446242,0.013446242,0,0.98664373,0.98664373,0.0054543293,0.0054543293,0.9811894,0.9811894,0,1,1,2.3780255,2.3780255,False,1,True,True,True,1,1,2.3780255,2.3780255,1,1,2.3414027,2.3414027,1,1,0.41573861,0.41573861,1,1,0.56911992,0.56911992,1,1,1.2160196,1.2160196,1,1,1.1877983,1.1877983,1,1,0.9950524,0.9950524,1,1,1.1307393,1.1307393
0b_crop_best,file,18,baseline_crop,8751,149.Brown_Thrasher/Brown_Thrasher_0085_155445.jpg,149,148,149.Brown_Thrasher,99,98,random_resized_crop,random_resized_crop,0,"{""area_fraction"":0.787639,""aspect"":1.216014,""fallback"":false,""height"":0.804811,""left"":0.019327,""top"":0.186687,""width"":0.978662}",0.013446242,0.046447355,0.033001114,0.98664373,0.95461482,0.0054543293,0.02535915,0.9811894,0.92925567,-0.051933734,0.84702145,4.0131833,2.3780255,9.5434523,False,0.96332675,True,True,True,0.84702145,4.0131833,2.3780255,9.5434523,0.84418152,4.0265342,2.3414027,9.4277381,0.95493948,3.563856,0.41573861,1.4816325,0.74241889,3.2437773,0.56911992,1.8460983,0.90740186,4.5778057,1.2160196,5.5667015,0.85775811,4.1611132,1.1877983,4.9425634,0.79021097,3.8971064,0.9950524,3.8778251,0.8277401,3.4274085,1.1307393,3.8755054
0b_crop_best,file,18,baseline_crop,6529,112.Great_Grey_Shrike/Great_Grey_Shrike_0089_797036.jpg,112,111,112.Great_Grey_Shrike,197,196,identity,identity,0,{},0.91330576,0.91330576,0,0.40119576,0.40119576,0.11337642,0.11337642,0.28781934,0.28781934,0,1,1,150.08608,150.08608,False,1,True,True,True,1,1,150.08608,150.08608,1,1,148.88955,148.88955,1,1,18.913838,18.913838,1,1,31.439021,31.439021,1,1,72.37026,72.37026,1,1,86.156202,86.156202,1,1,71.133785,71.133785,1,1,58.816019,58.816019
0b_crop_best,file,18,baseline_crop,6529,112.Great_Grey_Shrike/Great_Grey_Shrike_0089_797036.jpg,112,111,112.Great_Grey_Shrike,197,196,random_resized_crop,random_resized_crop,0,"{""area_fraction"":0.507996,""aspect"":1.306907,""fallback"":false,""height"":0.623459,""left"":0.16627,""top"":0.287295,""width"":0.814803}",0.91330576,2.861598,1.9482923,0.40119576,0.057177316,0.11337642,0.028305339,0.28781934,0.028871978,-0.25894736,0.63737911,1.3553984,150.08608,203.42643,False,0.85909724,False,True,False,0.63737911,1.3553984,150.08608,203.42643,0.6342055,1.3550002,148.88955,201.74537,0.83060379,1.3798492,18.913838,26.098243,0.30615701,1.3103384,31.439021,41.195757,0.67910258,1.4397615,72.37026,104.19591,0.65240563,1.3425852,86.156202,115.67204,0.59987691,1.3088005,71.133785,93.09993,0.66575826,1.3278792,58.816019,78.100569
0b_crop_best,file,18,baseline_crop,4639,080.Green_Kingfisher/Green_Kingfisher_0042_71028.jpg,80,79,080.Green_Kingfisher,67,66,identity,identity,0,{},1.9404719,1.9404719,0,0.14363617,0.14363617,0.78261691,0.78261691,-0.63898075,-0.63898075,0,1,1,257.68718,257.68718,False,0.99999988,True,False,False,1,1,257.68718,257.68718,1,1,255.41664,255.41664,1,1,34.132425,34.132425,1,1,65.972662,65.972662,1,1,118.7945,118.7945,1,1,154.66085,154.66085,1,1,115.72732,115.72732,1,1,97.264283,97.264283
0b_crop_best,file,18,baseline_crop,4639,080.Green_Kingfisher/Green_Kingfisher_0042_71028.jpg,80,79,080.Green_Kingfisher,67,66,random_resized_crop,random_resized_crop,0,"{""area_fraction"":0.705783,""aspect"":0.924766,""fallback"":false,""height"":0.873614,""left"":0.146528,""top"":0.03514,""width"":0.807889}",1.9404719,2.5013282,0.56085634,0.14363617,0.081976034,0.78261691,0.86208487,-0.63898075,-0.78010883,-0.14112809,0.7532799,0.85087194,257.68718,219.25879,False,0.97307444,True,False,False,0.7532799,0.85087194,257.68718,219.25879,0.74882613,0.84747461,255.41664,216.45912,0.97296788,1.0232676,34.132425,34.926604,0.50292535,0.76308116,65.972662,50.342495,0.70981948,0.78245466,118.7945,92.951313,0.79138436,0.78396217,154.66085,121.24826,0.75482819,0.91285656,115.72732,105.64245,0.81176223,1.0187676,97.264283,99.089705
0b_crop_best,file,18,baseline_crop,10452,178.Swainson_Warbler/Swainson_Warbler_0036_174699.jpg,178,177,178.Swainson_Warbler,179,178,identity,identity,0,{},0.008662859,0.008662859,0,0.99137455,0.99137455,0.0030481855,0.0030481855,0.98832637,0.98832637,0,1,1,1.2695471,1.2695471,False,1,True,True,True,1,1,1.2695471,1.2695471,1,1,1.2399223,1.2399223,1,1,0.27265805,0.27265805,1,1,0.27296749,0.27296749,1,1,0.53461846,0.53461846,1,1,0.66733009,0.66733009,1,1,0.58892357,0.58892357,1,1,0.62041821,0.62041821
0b_crop_best,file,18,baseline_crop,10452,178.Swainson_Warbler/Swainson_Warbler_0036_174699.jpg,178,177,178.Swainson_Warbler,179,178,random_resized_crop,random_resized_crop,0,"{""area_fraction"":0.605657,""aspect"":1.137707,""fallback"":false,""height"":0.729622,""left"":0.087121,""top"":0.244315,""width"":0.830097}",0.008662859,0.16956486,0.160902,0.99137455,0.84403199,0.0030481855,0.0054294821,0.98832637,0.83860251,-0.14972386,0.60846507,19.776271,1.2695471,25.106906,False,0.87586784,True,True,True,0.60846507,19.776271,1.2695471,25.106906,0.59886307,19.832465,1.2399223,24.590715,0.82171204,18.576107,0.27265805,5.0649251,0.59124441,21.780254,0.27296749,5.9453013,0.55930814,19.618983,0.53461846,10.488671,0.61668166,19.627368,0.66733009,13.097933,0.5681229,20.437013,0.58892357,12.035838,0.63995852,19.269609,0.62041821,11.955216
0b_crop_best,file,18,baseline_crop,8335,142.Black_Tern/Black_Tern_0055_144607.jpg,142,141,142.Black_Tern,64,63,identity,identity,0,{},0.00010084597,0.00010084597,0,0.99989915,0.99989915,1.1425278e-05,1.1425278e-05,0.99988772,0.99988772,0,1,1,0.015087925,0.015087925,False,1.0000001,True,True,True,1,1,0.015087925,0.015087925,1,1,0.014507724,0.014507724,1,1,0.0041438398,0.0041438398,1,1,0.0032060666,0.0032060666,1,1,0.0057342727,0.0057342727,1,1,0.0069931805,0.0069931805,1,1,0.007035767,0.007035767,1,1,0.0083010079,0.0083010079
0b_crop_best,file,18,baseline_crop,8335,142.Black_Tern/Black_Tern_0055_144607.jpg,142,141,142.Black_Tern,64,63,random_resized_crop,random_resized_crop,0,"{""area_fraction"":0.861144,""aspect"":0.914364,""fallback"":false,""height"":0.970461,""left"":0.082516,""top"":0.007972,""width"":0.887355}",0.00010084597,0.00054285093,0.00044200496,0.99989915,0.9994573,1.1425278e-05,1.4953525e-05,0.99988772,0.99944235,-0.00044537748,0.7238197,5.7884517,0.015087925,0.087335724,False,0.98136777,True,True,True,0.7238197,5.7884517,0.015087925,0.087335724,0.70825288,5.8594301,0.014507724,0.085006997,0.96764408,4.834514,0.0041438398,0.020033452,0.40996814,6.3652596,0.0032060666,0.020407446,0.64247646,6.2395256,0.0057342727,0.035779141,0.70737481,6.3428501,0.0069931805,0.044356696,0.69945733,5.8690042,0.007035767,0.041292946,0.81681964,5.1912249,0.0083010079,0.043092399
0b_crop_best,file,18,baseline_crop,1149,021.Eastern_Towhee/Eastern_Towhee_0120_22189.jpg,21,20,021.Eastern_Towhee,136,135,identity,identity,0,{},0.042991005,0.042991005,0,0.95792001,0.95792001,0.01275663,0.01275663,0.94516339,0.94516339,0,1,1,5.9258556,5.9258556,False,1,True,True,True,1,1,5.9258556,5.9258556,1,1,5.7812889,5.7812889,1,1,1.3009471,1.3009471,1,1,1.3207768,1.3207768,1,1,2.0169084,2.0169084,1,1,2.6449941,2.6449941,1,1,2.8669702,2.8669702,1,1,3.5207128,3.5207128
0b_crop_best,file,18,baseline_crop,1149,021.Eastern_Towhee/Eastern_Towhee_0120_22189.jpg,21,20,021.Eastern_Towhee,136,135,random_resized_crop,random_resized_crop,0,"{""area_fraction"":0.713238,""aspect"":1.193505,""fallback"":false,""height"":0.773046,""left"":0.072848,""top"":0.066089,""width"":0.922634}",0.042991005,0.11775718,0.074766174,0.95792001,0.88891184,0.01275663,0.018347161,0.94516339,0.87056468,-0.074598703,0.71639777,2.4749594,5.9258556,14.666252,False,0.94957232,True,True,True,0.71639777,2.4749594,5.9258556,14.666252,0.70735011,2.4887787,5.7812889,14.388349,0.92583962,2.1842117,1.3009471,2.8415438,0.60809925,2.3300266,1.3207768,3.0774451,0.6868133,2.994722,2.0169084,6.0400799,0.74466194,2.7534696,2.6449941,7.2829109,0.68333527,2.3645649,2.8669702,6.7791371,0.7345484,2.2378128,3.5207128,7.8786964
0b_crop_best,file,18,baseline_crop,4254,073.Blue_Jay/Blue_Jay_0086_63394.jpg,73,72,073.Blue_Jay,74,73,identity,identity,0,{},0.0033855285,0.0033855285,0,0.99662018,0.99662018,0.0016445337,0.0016445337,0.99497564,0.99497564,0,1,1,0.45274848,0.45274848,False,1,True,True,True,1,1,0.45274848,0.45274848,1,1,0.44167585,0.44167585,1,1,0.099516958,0.099516958,1,1,0.083366941,0.083366941,1,1,0.18580555,0.18580555,1,1,0.20971884,0.20971884,1,1,0.21952326,0.21952326,1,1,0.24785349,0.24785349
0b_crop_best,file,18,baseline_crop,4254,073.Blue_Jay/Blue_Jay_0086_63394.jpg,73,72,073.Blue_Jay,74,73,random_resized_crop,random_resized_crop,0,"{""area_fraction"":0.511973,""aspect"":1.019652,""fallback"":false,""height"":0.708594,""left"":0.112088,""top"":0.091473,""width"":0.722519}",0.0033855285,0.0031491946,-0.00023633381,0.99662018,0.99685574,0.0016445337,0.0013561457,0.99497564,0.99549959,0.00052394555,0.58813313,1.1134915,0.45274848,0.50413157,False,0.94954997,True,True,True,0.58813313,1.1134915,0.45274848,0.50413157,0.57206887,1.1182012,0.44167585,0.49388248,0.93886326,1.0162813,0.099516958,0.10113722,0.49350248,1.6207913,0.083366941,0.13512042,0.46543422,1.1423846,0.18580555,0.21226141,0.49477626,1.1720311,0.20971884,0.24579701,0.59122104,1.1066859,0.21952326,0.24294331,0.7151266,0.99786934,0.24785349,0.2473254
0b_crop_best,file,18,baseline_crop,4526,078.Gray_Kingbird/Gray_Kingbird_0059_795030.jpg,78,77,078.Gray_Kingbird,111,110,identity,identity,0,{},0.2795063,0.2795063,0,0.75615698,0.75615698,0.10082279,0.10082279,0.65533419,0.65533419,0,1,1,46.042159,46.042159,False,0.99999988,True,True,True,1,1,46.042159,46.042159,1,1,44.993006,44.993006,1,1,9.7729096,9.7729096,1,1,17.158184,17.158184,1,1,19.470953,19.470953,1,1,23.268676,23.268676,1,1,20.732388,20.732388,1,1,19.482971,19.482971
0b_crop_best,file,18,baseline_crop,4526,078.Gray_Kingbird/Gray_Kingbird_0059_795030.jpg,78,77,078.Gray_Kingbird,111,110,random_resized_crop,random_resized_crop,0,"{""area_fraction"":0.632395,""aspect"":0.818326,""fallback"":false,""height"":0.879085,""left"":0.10483,""top"":0.063318,""width"":0.719378}",0.2795063,0.71210968,0.43260339,0.75615698,0.49060807,0.10082279,0.11978456,0.65533419,0.3708235,-0.28451069,0.74447088,2.2913785,46.042159,105.50001,False,0.94763172,True,True,True,0.74447088,2.2913785,46.042159,105.50001,0.73851079,2.3050375,44.993006,103.71057,0.89983746,1.9798247,9.7729096,19.348648,0.72245825,2.209798,17.158184,37.916122,0.72148084,2.4397358,19.470953,47.503981,0.76992588,2.4028606,23.268676,55.911384,0.71860007,2.2470937,20.732388,46.587618,0.74888256,2.1564207,19.482971,42.013481
0b_crop_best,file,18,baseline_crop,4356,075.Green_Jay/Green_Jay_0086_65847.jpg,75,74,075.Green_Jay,151,150,identity,identity,0,{},0.0064372802,0.0064372802,0,0.99358338,0.99358338,0.0011426857,0.0011426857,0.9924407,0.9924407,0,1,1,1.1995125,1.1995125,False,1,True,True,True,1,1,1.1995125,1.1995125,1,1,1.1830939,1.1830939,1,1,0.19778536,0.19778536,1,1,0.39680844,0.39680844,1,1,0.47100687,0.47100687,1,1,0.58228103,0.58228103,1,1,0.54692588,0.54692588,1,1,0.61824563,0.61824563
0b_crop_best,file,18,baseline_crop,4356,075.Green_Jay/Green_Jay_0086_65847.jpg,75,74,075.Green_Jay,151,150,random_resized_crop,random_resized_crop,0,"{""area_fraction"":0.708648,""aspect"":1.033127,""fallback"":false,""height"":0.828206,""left"":0.140504,""top"":0.02556,""width"":0.855642}",0.0064372802,0.0047958344,-0.0016414458,0.99358338,0.99521565,0.0011426857,0.00067313394,0.9924407,0.99454252,0.0021018249,0.73129409,0.73549934,1.1995125,0.88224065,False,0.96232092,True,True,True,0.73129409,0.73549934,1.1995125,0.88224065,0.72467345,0.73233846,1.1830939,0.86642517,0.94439295,0.84081516,0.19778536,0.16630093,0.67223339,0.5661074,0.39680844,0.22463619,0.6759444,0.8084754,0.47100687,0.38079747,0.75672416,0.72105063,0.58228103,0.41985411,0.68277836,0.72503301,0.54692588,0.39653931,0.78528784,0.76159706,0.61824563,0.47085405
0b_crop_best,file,18,baseline_crop,2372,042.Vermilion_Flycatcher/Vermilion_Flycatcher_0006_42564.jpg,42,41,042.Vermilion_Flycatcher,88,87,identity,identity,0,{},0.00044502845,0.00044502845,0,0.99955505,0.99955505,8.4784217e-05,8.4784217e-05,0.99947027,0.99947027,0,1,1,0.056027495,0.056027495,False,1.0000001,True,True,True,1,1,0.056027495,0.056027495,1,1,0.05448022,0.05448022,1,1,0.013076154,0.013076154,1,1,0.010085348,0.010085348,1,1,0.023242264,0.023242264,1,1,0.02331882,0.02331882,1,1,0.02359843,0.02359843,1,1,0.035007486,0.035007486
0b_crop_best,file,18,baseline_crop,2372,042.Vermilion_Flycatcher/Vermilion_Flycatcher_0006_42564.jpg,42,41,042.Vermilion_Flycatcher,88,87,random_resized_crop,random_resized_crop,0,"{""area_fraction"":0.874723,""aspect"":0.976311,""fallback"":false,""height"":0.946545,""left"":0.06049,""top"":0.007748,""width"":0.924122}",0.00044502845,0.00051449414,6.9465692e-05,0.99955505,0.99948561,8.4784217e-05,9.2034956e-05,0.99947027,0.99939358,-7.669015e-05,0.87427224,1.2723227,0.056027495,0.071285052,False,0.99421513,True,True,True,0.87427224,1.2723227,0.056027495,0.071285052,0.86835653,1.2787071,0.05448022,0.069664245,0.99211205,1.1558915,0.013076154,0.015114615,0.9135357,1.5358974,0.010085348,0.015490059,0.88939864,1.3282437,0.023242264,0.030871392,0.8199513,1.3364378,0.02331882,0.031164153,0.81098608,1.3015054,0.02359843,0.030713484,0.91011257,1.1934697,0.035007486,0.041780375
0b_crop_best,file,18,baseline_crop,9117,156.White_eyed_Vireo/White_Eyed_Vireo_0030_159265.jpg,156,155,156.White_eyed_Vireo,152,151,identity,identity,0,{},4.3585711,4.3585711,0,0.012796661,0.012796661,0.95942193,0.95942193,-0.94662527,-0.94662527,0,1,1,203.33081,203.33081,False,1,True,False,False,1,1,203.33081,203.33081,1,1,198.62439,198.62439,1,1,43.494489,43.494489,1,1,33.25633,33.25633,1,1,116.66646,116.66646,1,1,97.207096,97.207096,1,1,86.990394,86.990394,1,1,87.85245,87.85245
0b_crop_best,file,18,baseline_crop,9117,156.White_eyed_Vireo/White_Eyed_Vireo_0030_159265.jpg,156,155,156.White_eyed_Vireo,152,151,random_resized_crop,random_resized_crop,0,"{""area_fraction"":0.781143,""aspect"":1.252408,""fallback"":false,""height"":0.789755,""left"":0.01,""top"":0.074225,""width"":0.989096}",4.3585711,1.8047788,-2.5537922,0.012796661,0.16451086,0.95942193,0.59024161,-0.94662527,-0.42573075,0.52089452,0.74883507,0.67037255,203.33081,136.30739,False,0.95810997,True,False,False,0.74883507,0.67037255,203.33081,136.30739,0.73876867,0.66627993,198.62439,132.33944,0.94022255,0.75065382,43.494489,32.649305,0.53426963,0.71300978,33.25633,23.712088,0.85134366,0.60137212,116.66646,70.159958,0.64780352,0.68398256,97.207096,66.487958,0.68411614,0.66473213,86.990394,57.82531,0.76714949,0.74333884,87.85245,65.304138
0b_crop_best,file,18,baseline_crop,6481,111.Loggerhead_Shrike/Loggerhead_Shrike_0018_26407.jpg,111,110,111.Loggerhead_Shrike,103,102,identity,identity,0,{},0.0040693819,0.0040693819,0,0.9959389,0.9959389,0.00096910138,0.00096910138,0.9949698,0.9949698,0,1,1,0.69914903,0.69914903,False,1,True,True,True,1,1,0.69914903,0.69914903,1,1,0.68821025,0.68821025,1,1,0.12319097,0.12319097,1,1,0.19292116,0.19292116,1,1,0.31296397,0.31296397,1,1,0.36204399,0.36204399,1,1,0.32654569,0.32654569,1,1,0.31742777,0.31742777
0b_crop_best,file,18,baseline_crop,6481,111.Loggerhead_Shrike/Loggerhead_Shrike_0018_26407.jpg,111,110,111.Loggerhead_Shrike,103,102,random_resized_crop,random_resized_crop,0,"{""area_fraction"":0.702209,""aspect"":0.947253,""fallback"":false,""height"":0.860994,""left"":0.114028,""top"":0.133255,""width"":0.815579}",0.0040693819,0.10354821,0.099478832,0.9959389,0.90163255,0.00096910138,0.0017886355,0.9949698,0.89984391,-0.095125884,0.66082792,26.60964,0.69914903,18.604104,False,0.92513812,True,True,True,0.66082792,26.60964,0.69914903,18.604104,0.65548963,26.768924,0.68821025,18.422648,0.89155483,21.040944,0.12319097,2.5920543,0.4769775,23.759429,0.19292116,4.5836967,0.6570897,27.882898,0.31296397,8.7263423,0.66744878,28.449273,0.36204399,10.299888,0.68392911,27.624352,0.32654569,9.0206132,0.67716926,23.315681,0.31742777,7.4010447
0b_crop_best,file,18,baseline_crop,1855,033.Yellow_billed_Cuckoo/Yellow_Billed_Cuckoo_0010_26795.jpg,33,32,033.Yellow_billed_Cuckoo,32,31,identity,identity,0,{},1.0368972,1.0368972,0,0.3545531,0.3545531,0.51191646,0.51191646,-0.15736336,-0.15736336,0,1,1,97.739705,97.739705,False,0.99999988,True,False,False,1,1,97.739705,97.739705,1,1,95.084616,95.084616,1,1,22.626659,22.626659,1,1,29.975711,29.975711,1,1,39.788367,39.788367,1,1,52.42602,52.42602,1,1,45.322163,45.322163,1,1,41.914685,41.914685
0b_crop_best,file,18,baseline_crop,1855,033.Yellow_billed_Cuckoo/Yellow_Billed_Cuckoo_0010_26795.jpg,33,32,033.Yellow_billed_Cuckoo,32,31,random_resized_crop,random_resized_crop,0,"{""area_fraction"":0.85669,""aspect"":0.960739,""fallback"":false,""height"":0.944298,""left"":0.010998,""top"":0.021635,""width"":0.907224}",1.0368972,1.5624723,0.52557516,0.3545531,0.20961715,0.51191646,0.65469366,-0.15736336,-0.44507651,-0.28771316,0.83847118,1.2621653,97.739705,123.36367,False,0.97037679,True,False,False,0.83847118,1.2621653,97.739705,123.36367,0.83132017,1.2646072,95.084616,120.24469,0.97011635,1.2182372,22.626659,27.564637,0.90262373,1.1833828,29.975711,35.47274,0.82093951,1.316762,39.788367,52.391809,0.83760249,1.2563001,52.42602,65.862816,0.80836901,1.2923747,45.322163,58.573217,0.82646596,1.2366716,41.914685,51.834699
0b_crop_best,file,18,baseline_crop,7482,128.Seaside_Sparrow/Seaside_Sparrow_0001_120720.jpg,128,127,128.Seaside_Sparrow,126,125,identity,identity,0,{},0.0054944926,0.0054944926,0,0.99452055,0.99452055,0.0031441876,0.0031441876,0.99137636,0.99137636,0,1,1,0.80010155,0.80010155,False,1,True,True,True,1,1,0.80010155,0.80010155,1,1,0.77658299,0.77658299,1,1,0.19256516,0.19256516,1,1,0.13451886,0.13451886,1,1,0.3336484,0.3336484,1,1,0.39625052,0.39625052,1,1,0.39214409,0.39214409,1,1,0.4035754,0.4035754
0b_crop_best,file,18,baseline_crop,7482,128.Seaside_Sparrow/Seaside_Sparrow_0001_120720.jpg,128,127,128.Seaside_Sparrow,126,125,random_resized_crop,random_resized_crop,0,"{""area_fraction"":0.781862,""aspect"":0.89283,""fallback"":false,""height"":0.935795,""left"":0.157267,""top"":0.046524,""width"":0.835506}",0.0054944926,0.0055831685,8.8675879e-05,0.99452055,0.99443239,0.0031441876,0.0043293149,0.99137636,0.99010307,-0.0012732826,0.66999059,1.1182718,0.80010155,0.89473098,False,0.97388959,True,True,True,0.66999059,1.1182718,0.80010155,0.89473098,0.65068584,1.1130603,0.77658299,0.86438372,0.96301811,1.1998559,0.19256516,0.23105045,0.60668522,1.3752083,0.13451886,0.18499146,0.69139509,1.1295149,0.3336484,0.37686084,0.56602776,1.1472072,0.39625052,0.45458145,0.61433085,1.0745639,0.39214409,0.42138387,0.75282306,1.0706631,0.4035754,0.43209329
0b_crop_best,file,18,baseline_crop,641,012.Yellow_headed_Blackbird/Yellow_Headed_Blackbird_0087_8358.jpg,12,11,012.Yellow_headed_Blackbird,98,97,identity,identity,0,{},4.1905632,4.1905632,0,0.015137753,0.015137753,0.3693642,0.3693642,-0.35422645,-0.35422645,0,1,1,119.75597,119.75597,False,1,True,False,False,1,1,119.75597,119.75597,1,1,116.33897,116.33897,1,1,28.403103,28.403103,1,1,20.436317,20.436317,1,1,43.862935,43.862935,1,1,58.895827,58.895827,1,1,59.203089,59.203089,1,1,64.957154,64.957154
0b_crop_best,file,18,baseline_crop,641,012.Yellow_headed_Blackbird/Yellow_Headed_Blackbird_0087_8358.jpg,12,11,012.Yellow_headed_Blackbird,98,97,random_resized_crop,random_resized_crop,0,"{""area_fraction"":0.574686,""aspect"":1.312369,""fallback"":false,""height"":0.66174,""left"":0.051684,""top"":0.199023,""width"":0.868447}",4.1905632,3.3119152,-0.87864804,0.015137753,0.036446307,0.3693642,0.25409248,-0.35422645,-0.21764618,0.13658027,0.56330791,1.1385488,119.75597,136.34801,False,0.90758628,True,False,False,0.56330791,1.1385488,119.75597,136.34801,0.54616039,1.1449517,116.33897,133.2025,0.887873,1.0251791,28.403103,29.118268,0.57115466,1.4562423,20.436317,29.76023,0.51415492,1.3043492,43.862935,57.212583,0.45029591,1.0921294,58.895827,64.321866,0.54757816,1.1166885,59.203089,66.111409,0.64325607,1.0968091,64.957154,71.245596
0b_crop_best,file,18,baseline_crop,3930,068.Ruby_throated_Hummingbird/Ruby_Throated_Hummingbird_0119_57575.jpg,68,67,068.Ruby_throated_Hummingbird,67,66,identity,identity,0,{},0.44501492,0.44501492,0,0.64081472,0.64081472,0.051744264,0.051744264,0.58907046,0.58907046,0,1,1,55.739575,55.739575,False,1.0000001,True,True,True,1,1,55.739575,55.739575,1,1,54.895691,54.895691,1,1,9.6624702,9.6624702,1,1,11.304562,11.304562,1,1,25.67624,25.67624,1,1,29.159849,29.159849,1,1,26.923167,26.923167,1,1,25.520986,25.520986
0b_crop_best,file,18,baseline_crop,3930,068.Ruby_throated_Hummingbird/Ruby_Throated_Hummingbird_0119_57575.jpg,68,67,068.Ruby_throated_Hummingbird,67,66,random_resized_crop,random_resized_crop,0,"{""area_fraction"":0.515589,""aspect"":1.181244,""fallback"":false,""height"":0.660666,""left"":0.16863,""top"":0.162342,""width"":0.780408}",0.44501492,0.70790964,0.26289472,0.64081472,0.49267298,0.051744264,0.024004072,0.58907046,0.46866891,-0.12040155,0.65718347,1.6618552,55.739575,92.6311,False,0.92357469,True,True,True,0.65718347,1.6618552,55.739575,92.6311,0.6507897,1.6682663,54.895691,91.580629,0.9032901,1.4396682,9.6624702,13.910751,0.70665702,1.794591,11.304562,20.287065,0.61510696,1.698246,25.67624,43.60457,0.66848339,1.7564444,29.159849,51.217652,0.62502606,1.6241923,26.923167,43.728402,0.68606218,1.5370035,25.520986,39.225846
0b_crop_best,file,18,baseline_crop,2088,037.Acadian_Flycatcher/Acadian_Flycatcher_0008_795599.jpg,37,36,037.Acadian_Flycatcher,39,38,identity,identity,0,{},2.8007202,2.8007202,0,0.060766287,0.060766287,0.82320148,0.82320148,-0.76243519,-0.76243519,0,1,1,153.53095,153.53095,False,1.0000001,True,False,False,1,1,153.53095,153.53095,1,1,149.11662,149.11662,1,1,36.551154,36.551154,1,1,19.255473,19.255473,1,1,60.970962,60.970962,1,1,77.870445,77.870445,1,1,84.577586,84.577586,1,1,70.216532,70.216532
0b_crop_best,file,18,baseline_crop,2088,037.Acadian_Flycatcher/Acadian_Flycatcher_0008_795599.jpg,37,36,037.Acadian_Flycatcher,39,38,random_resized_crop,random_resized_crop,0,"{""area_fraction"":0.858501,""aspect"":1.056328,""fallback"":false,""height"":0.901511,""left"":0.040043,""top"":0.041968,""width"":0.952291}",2.8007202,3.6687276,0.86800742,0.060766287,0.025508907,0.82320148,0.81895137,-0.76243519,-0.79344246,-0.031007271,0.82171353,0.91160536,153.53095,139.95964,False,0.98091871,True,False,False,0.82171353,0.91160536,153.53095,139.95964,0.81143305,0.9058181,149.11662,135.07254,0.98024141,1.003036,36.551154,36.662124,0.45227564,1.1301803,19.255473,21.762155,0.75313956,0.79578757,60.970962,48.519933,0.79870243,0.95831775,77.870445,74.62463,0.84524144,0.85621422,84.577586,72.416532,0.86219185,0.96631793,70.216532,67.851494
0b_crop_best,file,18,baseline_crop,3431,060.Glaucous_winged_Gull/Glaucous_Winged_Gull_0078_44461.jpg,60,59,060.Glaucous_winged_Gull,59,58,identity,identity,0,{},3.7400239,3.7400239,0,0.023753535,0.023753535,0.48516122,0.48516122,-0.46140768,-0.46140768,0,1,1,165.2268,165.2268,False,0.99999994,True,False,False,1,1,165.2268,165.2268,1,1,162.94911,162.94911,1,1,27.340113,27.340113,1,1,63.655135,63.655135,1,1,79.641195,79.641195,1,1,81.072581,81.072581,1,1,66.052425,66.052425,1,1,72.263623,72.263623
0b_crop_best,file,18,baseline_crop,3431,060.Glaucous_winged_Gull/Glaucous_Winged_Gull_0078_44461.jpg,60,59,060.Glaucous_winged_Gull,59,58,random_resized_crop,random_resized_crop,0,"{""area_fraction"":0.746666,""aspect"":1.068071,""fallback"":false,""height"":0.836109,""left"":0.105119,""top"":0.146881,""width"":0.893025}",3.7400239,2.6908276,-1.0491962,0.023753535,0.067824781,0.48516122,0.39450976,-0.46140768,-0.32668498,0.1347227,0.76715676,1.1608537,165.2268,191.80413,False,0.95775092,True,False,False,0.76715676,1.1608537,165.2268,191.80413,0.76298873,1.1655722,162.94911,189.92895,0.95498938,0.97859092,27.340113,26.754787,0.77598484,0.97229967,63.655135,61.891867,0.76111626,1.1758252,79.641195,93.644128,0.78627777,1.2878715,81.072581,104.41107,0.73257159,1.1969479,66.052425,79.061313,0.76561992,1.1001882,72.263623,79.503582
0b_crop_best,file,18,baseline_crop,2718,048.European_Goldfinch/European_Goldfinch_0041_794645.jpg,48,47,048.European_Goldfinch,192,191,identity,identity,0,{},0.007585058,0.007585058,0,0.99244362,0.99244362,0.0015087579,0.0015087579,0.99093486,0.99093486,0,1,1,1.0908829,1.0908829,False,0.99999994,True,True,True,1,1,1.0908829,1.0908829,1,1,1.0708709,1.0708709,1,1,0.20799279,0.20799279,1,1,0.17548886,0.17548886,1,1,0.37993449,0.37993449,1,1,0.54434272,0.54434272,1,1,0.50928086,0.50928086,1,1,0.64493563,0.64493563
0b_crop_best,file,18,baseline_crop,2718,048.European_Goldfinch/European_Goldfinch_0041_794645.jpg,48,47,048.European_Goldfinch,192,191,random_resized_crop,random_resized_crop,0,"{""area_fraction"":0.643748,""aspect"":1.026977,""fallback"":false,""height"":0.791731,""left"":0.167373,""top"":0.11258,""width"":0.813089}",0.007585058,0.010475176,0.0028901184,0.99244362,0.9895795,0.0015087579,0.0045559979,0.99093486,0.9850235,-0.0059113624,0.72262931,1.4728703,1.0908829,1.606729,False,0.98182034,True,True,True,0.72262931,1.4728703,1.0908829,1.606729,0.71348221,1.470967,1.0708709,1.5752157,0.9573123,1.5224562,0.20799279,0.31665991,0.61438777,1.3469655,0.17548886,0.23637744,0.65949343,1.4251694,0.37993449,0.541471,0.69017107,1.4327031,0.54434272,0.77988152,0.67956802,1.5329212,0.50928086,0.78068742,0.77695274,1.4828175,0.64493563,0.95632181
0b_crop_best,file,18,baseline_crop,415,008.Rhinoceros_Auklet/Rhinoceros_Auklet_0010_797545.jpg,8,7,008.Rhinoceros_Auklet,5,4,identity,identity,0,{},0.15212095,0.15212095,0,0.85888439,0.85888439,0.092435263,0.092435263,0.76644913,0.76644913,0,1,1,27.651252,27.651252,False,0.99999994,True,True,True,1,1,27.651252,27.651252,1,1,27.264684,27.264684,1,1,4.6074676,4.6074676,1,1,6.1101967,6.1101967,1,1,12.73261,12.73261,1,1,14.602609,14.602609,1,1,12.974464,12.974464,1,1,12.741125,12.741125
0b_crop_best,file,18,baseline_crop,415,008.Rhinoceros_Auklet/Rhinoceros_Auklet_0010_797545.jpg,8,7,008.Rhinoceros_Auklet,5,4,random_resized_crop,random_resized_crop,0,"{""area_fraction"":0.514534,""aspect"":0.971506,""fallback"":false,""height"":0.727753,""left"":0.181892,""top"":0.120986,""width"":0.707017}",0.15212095,0.84050745,0.6883865,0.85888439,0.43149149,0.092435263,0.43249768,0.76644913,-0.001006186,-0.76745532,0.72135734,3.8213926,27.651252,105.66629,False,0.92522281,False,True,False,0.72135734,3.8213926,27.651252,105.66629,0.71536119,3.8155461,27.264684,104.02966,0.92156779,4.0207612,4.6074676,18.525527,0.73218532,5.6757777,6.1101967,34.680118,0.73751256,3.6790878,12.73261,46.84439,0.73779259,3.4387749,14.602609,50.215085,0.67473899,3.8279203,12.974464,49.665213,0.72845807,3.8744391,12.741125,49.364711
0b_crop_best,file,18,baseline_crop,9953,170.Mourning_Warbler/Mourning_Warbler_0020_166440.jpg,170,169,170.Mourning_Warbler,172,171,identity,identity,0,{},0.0020797069,0.0020797069,0,0.99792248,0.99792248,0.00042768213,0.00042768213,0.9974948,0.9974948,0,1,1,0.30840653,0.30840653,False,0.99999994,True,True,True,1,1,0.30840653,0.30840653,1,1,0.30179017,0.30179017,1,1,0.063539623,0.063539623,1,1,0.06268076,0.06268076,1,1,0.12444818,0.12444818,1,1,0.15033073,0.15033073,1,1,0.14564595,0.14564595,1,1,0.16688022,0.16688022
0b_crop_best,file,18,baseline_crop,9953,170.Mourning_Warbler/Mourning_Warbler_0020_166440.jpg,170,169,170.Mourning_Warbler,172,171,random_resized_crop,random_resized_crop,0,"{""area_fraction"":0.678633,""aspect"":1.131904,""fallback"":false,""height"":0.774306,""left"":0.094935,""top"":0.121826,""width"":0.87644}",0.0020797069,0.012709923,0.010630216,0.99792248,0.98737049,0.00042768213,0.0038273919,0.9974948,0.9835431,-0.013951699,0.74052872,6.9925935,0.30840653,2.1565615,False,0.9790175,True,True,True,0.74052872,6.9925935,0.30840653,2.1565615,0.73206848,7.0323258,0.30179017,2.1222868,0.97171985,6.0270642,0.063539623,0.38295739,0.73913302,7.3774646,0.06268076,0.46242509,0.72648775,8.2826038,0.12444818,1.0307549,0.71518646,7.3202423,0.15033073,1.1004573,0.70208345,6.6621828,0.14564595,0.97031997,0.79012182,6.2137845,0.16688022,1.0369577
0b_crop_best,file,18,baseline_crop,2684,047.American_Goldfinch/American_Goldfinch_0045_31974.jpg,47,46,047.American_Goldfinch,177,176,identity,identity,0,{},0.071377456,0.071377456,0,0.93111038,0.93111038,0.022689115,0.022689115,0.90842127,0.90842127,0,1,1,11.802973,11.802973,False,1.0000001,True,True,True,1,1,11.802973,11.802973,1,1,11.650881,11.650881,1,1,1.8886846,1.8886846,1,1,2.7305547,2.7305547,1,1,4.7288255,4.7288255,1,1,5.9700883,5.9700883,1,1,6.1740086,6.1740086,1,1,5.6714175,5.6714175
0b_crop_best,file,18,baseline_crop,2684,047.American_Goldfinch/American_Goldfinch_0045_31974.jpg,47,46,047.American_Goldfinch,177,176,random_resized_crop,random_resized_crop,0,"{""area_fraction"":0.560008,""aspect"":0.951696,""fallback"":false,""height"":0.767093,""left"":0.01506,""top"":0.078005,""width"":0.730039}",0.071377456,0.0059776106,-0.065399846,0.93111038,0.99404019,0.022689115,0.00074154785,0.90842127,0.99329864,0.084877377,0.66752109,0.064965841,11.802973,0.76679004,False,0.9388867,True,True,True,0.66752109,0.064965841,11.802973,0.76679004,0.65989707,0.064437618,11.650881,0.75075503,0.91385777,0.082593527,1.8886846,0.15599312,0.68032678,0.062550351,2.7305547,0.17079716,0.67296987,0.054292123,4.7288255,0.25673797,0.64587018,0.056976276,5.9700883,0.3401534,0.62839583,0.065033929,6.1740086,0.40152003,0.71229734,0.077185153,5.6714175,0.43774923
0b_crop_best,file,18,baseline_crop,4006,069.Rufous_Hummingbird/Rufous_Hummingbird_0113_59444.jpg,69,68,069.Rufous_Hummingbird,118,117,identity,identity,0,{},1.1420289,1.1420289,0,0.3191708,0.3191708,0.045136914,0.045136914,0.27403389,0.27403389,0,1,1,94.115605,94.115605,False,1,True,True,True,1,1,94.115605,94.115605,1,1,92.553589,92.553589,1,1,17.075724,17.075724,1,1,19.518812,19.518812,1,1,42.125129,42.125129,1,1,47.272076,47.272076,1,1,45.307868,45.307868,1,1,46.078241,46.078241
0b_crop_best,file,18,baseline_crop,4006,069.Rufous_Hummingbird/Rufous_Hummingbird_0113_59444.jpg,69,68,069.Rufous_Hummingbird,118,117,random_resized_crop,random_resized_crop,0,"{""area_fraction"":0.593303,""aspect"":0.79477,""fallback"":false,""height"":0.864007,""left"":0.06297,""top"":0.036256,""width"":0.686687}",1.1420289,1.1151956,-0.026833296,0.3191708,0.32785112,0.045136914,0.032472141,0.27403389,0.29537898,0.021345086,0.60991713,1.1005093,94.115605,103.5751,False,0.91828543,True,True,True,0.60991713,1.1005093,94.115605,103.5751,0.59915295,1.0954144,92.553589,101.38453,0.89364907,1.2408901,17.075724,21.189096,0.20613222,1.0228478,19.518812,19.964773,0.65909873,1.1188659,42.125129,47.132369,0.57436576,1.1371805,47.272076,53.756885,0.57801017,1.0847748,45.307868,49.148834,0.66500739,1.0528059,46.078241,48.511442
0b_crop_best,file,18,baseline_crop,148,003.Sooty_Albatross/Sooty_Albatross_0017_796349.jpg,3,2,003.Sooty_Albatross,1,0,identity,identity,0,{},0.9867748,0.9867748,0,0.37277701,0.37277701,0.17876896,0.17876896,0.19400805,0.19400805,0,1,1,104.15474,104.15474,False,1,True,True,True,1,1,104.15474,104.15474,1,1,102.39467,102.39467,1,1,19.066805,19.066805,1,1,26.633519,26.633519,1,1,50.128059,50.128059,1,1,54.44462,54.44462,1,1,47.013758,47.013758,1,1,45.694539,45.694539
0b_crop_best,file,18,baseline_crop,148,003.Sooty_Albatross/Sooty_Albatross_0017_796349.jpg,3,2,003.Sooty_Albatross,1,0,random_resized_crop,random_resized_crop,0,"{""area_fraction"":0.639993,""aspect"":0.822058,""fallback"":false,""height"":0.882341,""left"":0.03916,""top"":0.111601,""width"":0.725335}",0.9867748,3.861764,2.8749892,0.37277701,0.021030869,0.17876896,0.093634896,0.19400805,-0.072604027,-0.26661208,0.66003415,1.5374,104.15474,160.1275,False,0.9068383,False,True,False,0.66003415,1.5374,104.15474,160.1275,0.65222967,1.5216119,102.39467,155.80494,0.85532672,1.9381604,19.066805,36.954527,0.4455751,1.2757104,26.633519,33.976658,0.68273692,1.4527213,50.128059,72.8221,0.69920683,1.4999136,54.44462,81.662226,0.61148508,1.6267528,47.013758,76.479761,0.66210642,1.5931875,45.694539,72.799968
0b_crop_best,file,18,baseline_crop,1017,019.Gray_Catbird/Gray_Catbird_0080_20139.jpg,19,18,019.Gray_Catbird,193,192,identity,identity,0,{},0.051579695,0.051579695,0,0.94972795,0.94972795,0.010811879,0.010811879,0.93891607,0.93891607,0,1,1,10.92251,10.92251,False,1,True,True,True,1,1,10.92251,10.92251,1,1,10.784755,10.784755,1,1,1.7292457,1.7292457,1,1,2.1268395,2.1268395,1,1,4.8023054,4.8023054,1,1,5.7706175,5.7706175,1,1,5.3251125,5.3251125,1,1,5.20274,5.20274
0b_crop_best,file,18,baseline_crop,1017,019.Gray_Catbird/Gray_Catbird_0080_20139.jpg,19,18,019.Gray_Catbird,193,192,random_resized_crop,random_resized_crop,0,"{""area_fraction"":0.827492,""aspect"":0.928084,""fallback"":false,""height"":0.944253,""left"":0.049249,""top"":0.011897,""width"":0.876346}",0.051579695,0.11836863,0.066788938,0.94972795,0.88836849,0.010811879,0.014645616,0.93891607,0.87372287,-0.065193201,0.80064906,2.1281404,10.92251,23.244635,False,0.96863925,True,True,True,0.80064906,2.1281404,10.92251,23.244635,0.79631741,2.1228363,10.784755,22.894269,0.95770459,2.3250784,1.7292457,4.0206319,0.75010792,3.1042917,2.1268395,6.6023304,0.72725921,2.2315692,4.8023054,10.716677,0.81049073,2.0108158,5.7706175,11.603649,0.82207287,1.9979442,5.3251125,10.639278,0.84643732,2.0867523,5.20274,10.85683
0b_crop_best,file,18,baseline_crop,671,013.Bobolink/Bobolink_0101_9811.jpg,13,12,013.Bobolink,12,11,identity,identity,0,{},0.0060850829,0.0060850829,0,0.99393338,0.99393338,0.0038016443,0.0038016443,0.99013174,0.99013174,0,1,1,0.83200357,0.83200357,False,1,True,True,True,1,1,0.83200357,0.83200357,1,1,0.79969803,0.79969803,1,1,0.22959312,0.22959312,1,1,0.18534516,0.18534516,1,1,0.32529969,0.32529969,1,1,0.33870747,0.33870747,1,1,0.38208562,0.38208562,1,1,0.48849979,0.48849979
0b_crop_best,file,18,baseline_crop,671,013.Bobolink/Bobolink_0101_9811.jpg,13,12,013.Bobolink,12,11,random_resized_crop,random_resized_crop,0,"{""area_fraction"":0.531928,""aspect"":0.926653,""fallback"":false,""height"":0.757649,""left"":0.225693,""top"":0.113861,""width"":0.702078}",0.0060850829,0.22450666,0.21842158,0.99393338,0.79891026,0.0038016443,0.059459351,0.99013174,0.73945091,-0.25068083,0.52708077,33.49547,0.83200357,27.868351,False,0.88281214,True,True,True,0.52708077,33.49547,0.83200357,27.868351,0.50320242,33.460633,0.79969803,26.758402,0.81293509,33.915272,0.22959312,7.7867129,0.66673512,38.695267,0.18534516,7.1719803,0.42142697,32.993786,0.32529969,10.732868,0.42512435,35.46305,0.33870747,12.0116,0.4867665,34.087019,0.38208562,13.02416,0.56806811,31.412768,0.48849979,15.345131
0b_crop_best,file,18,baseline_crop,151,003.Sooty_Albatross/Sooty_Albatross_0075_796352.jpg,3,2,003.Sooty_Albatross,9,8,identity,identity,0,{},0.42652127,0.42652127,0,0.652776,0.652776,0.12349165,0.12349165,0.52928435,0.52928435,0,1,1,59.044379,59.044379,False,0.99999994,True,True,True,1,1,59.044379,59.044379,1,1,58.29417,58.29417,1,1,9.3823489,9.3823489,1,1,16.843794,16.843794,1,1,26.300066,26.300066,1,1,30.034352,30.034352,1,1,27.863748,27.863748,1,1,27.282827,27.282827
0b_crop_best,file,18,baseline_crop,151,003.Sooty_Albatross/Sooty_Albatross_0075_796352.jpg,3,2,003.Sooty_Albatross,9,8,random_resized_crop,random_resized_crop,0,"{""area_fraction"":0.527373,""aspect"":1.089454,""fallback"":false,""height"":0.695752,""left"":0.030697,""top"":0.279284,""width"":0.75799}",0.42652127,0.4879038,0.061382532,0.652776,0.61391193,0.12349165,0.053060565,0.52928435,0.56085136,0.031567011,0.6441377,1.0243234,59.044379,60.480541,False,0.92321444,True,True,True,0.6441377,1.0243234,59.044379,60.480541,0.63750441,1.0231795,58.29417,59.645401,0.89012942,1.0675458,9.3823489,10.016087,0.62648461,1.4053983,16.843794,23.672239,0.55449625,1.0171277,26.300066,26.750526,0.68756822,0.98039206,30.034352,29.44544,0.64632192,0.93218416,27.863748,25.974145,0.67487371,0.99701682,27.282827,27.201437
0b_crop_best,file,18,baseline_crop,4617,080.Green_Kingfisher/Green_Kingfisher_0010_71191.jpg,80,79,080.Green_Kingfisher,82,81,identity,identity,0,{},1.4795041,1.4795041,0,0.22775061,0.22775061,0.30051616,0.30051616,-0.072765544,-0.072765544,0,1,1,95.729096,95.729096,False,1,True,False,False,1,1,95.729096,95.729096,1,1,93.609404,93.609404,1,1,20.033453,20.033453,1,1,24.011372,24.011372,1,1,36.860983,36.860983,1,1,47.267129,47.267129,1,1,49.308542,49.308542,1,1,46.496545,46.496545
0b_crop_best,file,18,baseline_crop,4617,080.Green_Kingfisher/Green_Kingfisher_0010_71191.jpg,80,79,080.Green_Kingfisher,82,81,random_resized_crop,random_resized_crop,0,"{""area_fraction"":0.86142,""aspect"":1.002778,""fallback"":false,""height"":0.926841,""left"":0.05171,""top"":0.06206,""width"":0.929415}",1.4795041,1.7729995,0.29349542,0.22775061,0.16982284,0.30051616,0.13258293,-0.072765544,0.037239909,0.11000545,0.64624658,1.7145369,95.729096,164.13106,False,0.95676577,False,False,False,0.64624658,1.7145369,95.729096,164.13106,0.63991532,1.734712,93.609404,162.38536,0.89208962,1.1917423,20.033453,23.874713,0.75679091,2.3647133,24.011372,56.78001,0.61619674,2.1639262,36.860983,79.764449,0.60142354,1.7029391,47.267129,80.493042,0.64378754,1.5967382,49.308542,78.732834,0.70366432,1.3779037,46.496545,64.067761
0b_crop_best,file,18,baseline_crop,7287,125.Lincoln_Sparrow/Lincoln_Sparrow_0070_117342.jpg,125,124,125.Lincoln_Sparrow,131,130,identity,identity,0,{},5.0686102,5.0686102,0,0.006291159,0.006291159,0.48125783,0.48125783,-0.47496667,-0.47496667,0,1,1,201.93559,201.93559,False,1,True,False,False,1,1,201.93559,201.93559,1,1,199.28442,199.28442,1,1,32.6144,32.6144,1,1,29.798667,29.798667,1,1,102.52124,102.52124,1,1,125.54031,125.54031,1,1,82.266233,82.266233,1,1,76.076374,76.076374
0b_crop_best,file,18,baseline_crop,7287,125.Lincoln_Sparrow/Lincoln_Sparrow_0070_117342.jpg,125,124,125.Lincoln_Sparrow,131,130,random_resized_crop,random_resized_crop,0,"{""area_fraction"":0.86646,""aspect"":0.883916,""fallback"":false,""height"":0.990077,""left"":0.066103,""top"":0.001986,""width"":0.875145}",5.0686102,5.5567961,0.48818588,0.006291159,0.003861127,0.48125783,0.77784842,-0.47496667,-0.7739873,-0.29902063,0.86465863,1.1828355,201.93559,238.85658,False,0.96144581,True,False,False,0.86465863,1.1828355,201.93559,238.85658,0.86315033,1.1851589,199.28442,236.18371,0.92853929,1.0925589,32.6144,35.633154,0.79758959,1.2198966,29.798667,36.351291,0.86426255,1.1105225,102.52124,113.85214,0.89811904,1.240952,125.54031,155.7895,0.81433355,1.1826289,82.266233,97.290427,0.83420293,1.1581671,76.076374,88.10915
0b_crop_best,file,18,baseline_crop,9512,162.Canada_Warbler/Canada_Warbler_0016_162411.jpg,162,161,162.Canada_Warbler,169,168,identity,identity,0,{},0.078123137,0.078123137,0,0.92485052,0.92485052,0.048679616,0.048679616,0.87617091,0.87617091,0,1,1,11.513116,11.513116,False,1,True,True,True,1,1,11.513116,11.513116,1,1,11.180145,11.180145,1,1,2.7488573,2.7488573,1,1,1.8531577,1.8531577,1,1,4.2104637,4.2104637,1,1,5.0609625,5.0609625,1,1,5.9823049,5.9823049,1,1,6.5139944,6.5139944
0b_crop_best,file,18,baseline_crop,9512,162.Canada_Warbler/Canada_Warbler_0016_162411.jpg,162,161,162.Canada_Warbler,169,168,random_resized_crop,random_resized_crop,0,"{""area_fraction"":0.797984,""aspect"":0.855545,""fallback"":false,""height"":0.965774,""left"":0.061251,""top"":0.021549,""width"":0.826263}",0.078123137,0.22731452,0.14919138,0.92485052,0.7966702,0.048679616,0.14896406,0.87617091,0.64770614,-0.22846477,0.82938114,2.4183139,11.513116,27.842329,False,0.98059368,True,True,True,0.82938114,2.4183139,11.513116,27.842329,0.81982876,2.404705,11.180145,26.88495,0.97689091,2.6332479,2.7488573,7.2384226,0.78427743,2.5317843,1.8531577,4.6917955,0.76005156,2.1314497,4.2104637,8.9743918,0.77191989,2.296718,5.0609625,11.623603,0.81226789,2.3963725,5.9823049,14.335831,0.8796099,2.5670812,6.5139944,16.721952
0b_crop_best,file,18,baseline_crop,10901,185.Bohemian_Waxwing/Bohemian_Waxwing_0114_177621.jpg,185,184,185.Bohemian_Waxwing,62,61,identity,identity,0,{},0.84686089,0.84686089,0,0.42875874,0.42875874,0.069997333,0.069997333,0.35876141,0.35876141,0,1,1,102.50075,102.50075,False,1,True,True,True,1,1,102.50075,102.50075,1,1,100.93932,100.93932,1,1,17.822973,17.822973,1,1,22.432601,22.432601,1,1,48.458143,48.458143,1,1,51.271568,51.271568,1,1,49.13207,49.13207,1,1,47.901966,47.901966
0b_crop_best,file,18,baseline_crop,10901,185.Bohemian_Waxwing/Bohemian_Waxwing_0114_177621.jpg,185,184,185.Bohemian_Waxwing,62,61,random_resized_crop,random_resized_crop,0,"{""area_fraction"":0.770689,""aspect"":1.292915,""fallback"":false,""height"":0.772066,""left"":0.000863,""top"":0.082983,""width"":0.998216}",0.84686089,2.0745051,1.2276442,0.42875874,0.12561856,0.069997333,0.031620756,0.35876141,0.093997806,-0.2647636,0.8232662,1.4438158,102.50075,147.99221,False,0.95365191,True,True,True,0.8232662,1.4438158,102.50075,147.99221,0.81935364,1.4433889,100.93932,145.69469,0.94758709,1.4574438,17.822973,25.975981,0.73571065,1.854471,22.432601,41.600608,0.85652883,1.3623085,48.458143,66.014939,0.83201503,1.4135028,51.271568,72.472507,0.81339934,1.4571666,49.13207,71.593612,0.80796271,1.4403586,47.901966,68.99601
0b_crop_best,file,18,baseline_crop,3701,064.Ring_billed_Gull/Ring_Billed_Gull_0017_51412.jpg,64,63,064.Ring_billed_Gull,185,184,identity,identity,0,{},1.0910574,1.0910574,0,0.33586115,0.33586115,0.1657417,0.1657417,0.17011945,0.17011945,0,1,1,142.20217,142.20217,False,1,True,True,True,1,1,142.20217,142.20217,1,1,140.12616,140.12616,1,1,24.209852,24.209852,1,1,36.155536,36.155536,1,1,73.84285,73.84285,1,1,79.253203,79.253203,1,1,59.595909,59.595909,1,1,55.159843,55.159843
0b_crop_best,file,18,baseline_crop,3701,064.Ring_billed_Gull/Ring_Billed_Gull_0017_51412.jpg,64,63,064.Ring_billed_Gull,185,184,random_resized_crop,random_resized_crop,0,"{""area_fraction"":0.575818,""aspect"":1.201267,""fallback"":false,""height"":0.692345,""left"":0.013996,""top"":0.140015,""width"":0.831692}",1.0910574,0.93838149,-0.15267593,0.33586115,0.39126056,0.1657417,0.013908399,0.17011945,0.37735217,0.20723272,0.62838821,0.72262479,142.20217,102.75881,False,0.93551075,True,True,True,0.62838821,0.72262479,142.20217,102.75881,0.62045238,0.70421021,140.12616,98.678271,0.86888551,1.1842312,24.209852,28.670063,0.71658953,0.6982148,36.155536,25.24433,0.60832191,0.58152725,73.84285,42.941629,0.68579933,0.69233332,79.253203,54.869633,0.52566119,0.69787792,59.595909,41.590669,0.61846696,0.90929492,55.159843,50.156566
0b_crop_best,file,18,baseline_crop,4894,084.Red_legged_Kittiwake/Red_Legged_Kittiwake_0021_73808.jpg,84,83,084.Red_legged_Kittiwake,3,2,identity,identity,0,{},1.0470636,1.0470636,0,0.35096681,0.35096681,0.17984313,0.17984313,0.17112368,0.17112368,0,1,1,87.445254,87.445254,False,0.99999994,True,True,True,1,1,87.445254,87.445254,1,1,85.754688,85.754688,1,1,17.111572,17.111572,1,1,13.21058,13.21058,1,1,34.309263,34.309263,1,1,48.025337,48.025337,1,1,41.678401,41.678401,1,1,44.257196,44.257196
0b_crop_best,file,18,baseline_crop,4894,084.Red_legged_Kittiwake/Red_Legged_Kittiwake_0021_73808.jpg,84,83,084.Red_legged_Kittiwake,3,2,random_resized_crop,random_resized_crop,0,"{""area_fraction"":0.505548,""aspect"":1.300844,""fallback"":false,""height"":0.623403,""left"":0.003506,""top"":0.307641,""width"":0.81095}",1.0470636,0.13612357,-0.91094002,0.35096681,0.87273479,0.17984313,0.036054693,0.17112368,0.83668009,0.66555641,0.6717333,0.19971225,87.445254,17.463889,False,0.95181835,True,True,True,0.6717333,0.19971225,87.445254,17.463889,0.65966626,0.19887707,85.754688,17.054641,0.94931587,0.21964897,17.111572,3.7585392,0.49425871,0.20148283,13.21058,2.6617051,0.54045071,0.20371172,34.309263,6.989199,0.60609608,0.18387265,48.025337,8.8305457,0.70173649,0.19856795,41.678401,8.2759945,0.76567001,0.2125109,44.257196,9.4051367
0b_crop_best,file,18,baseline_crop,7407,127.Savannah_Sparrow/Savannah_Sparrow_0008_118929.jpg,127,126,127.Savannah_Sparrow,129,128,identity,identity,0,{},1.3679106,1.3679106,0,0.25463843,0.25463843,0.3703379,0.3703379,-0.11569947,-0.11569947,0,1,1,133.29708,133.29708,False,1,True,False,False,1,1,133.29708,133.29708,1,1,131.04492,131.04492,1,1,24.399633,24.399633,1,1,25.375855,25.375855,1,1,69.830658,69.830658,1,1,68.985586,68.985586,1,1,62.954811,62.954811,1,1,54.131282,54.131282
0b_crop_best,file,18,baseline_crop,7407,127.Savannah_Sparrow/Savannah_Sparrow_0008_118929.jpg,127,126,127.Savannah_Sparrow,129,128,random_resized_crop,random_resized_crop,0,"{""area_fraction"":0.704649,""aspect"":1.220701,""fallback"":false,""height"":0.759769,""left"":0.013028,""top"":0.13706,""width"":0.927452}",1.3679106,0.40006405,-0.96784657,0.25463843,0.67027712,0.3703379,0.10688641,-0.11569947,0.56339071,0.67909018,0.67827157,0.39607957,133.29708,52.796251,False,0.95720685,False,False,True,0.67827157,0.39607957,133.29708,52.796251,0.6693137,0.39509848,131.04492,51.775647,0.92095605,0.42340188,24.399633,10.330851,0.53331361,0.38248686,25.375855,9.7059312,0.71601849,0.40788479,69.830658,28.482863,0.58552359,0.34573963,68.985586,23.851051,0.65805441,0.40072097,62.954811,25.227313,0.75619323,0.44103162,54.131282,23.873607
0b_crop_best,file,18,baseline_crop,4422,076.Dark_eyed_Junco/Dark_Eyed_Junco_0089_68498.jpg,76,75,076.Dark_eyed_Junco,119,118,identity,identity,0,{},0.009453414,0.009453414,0,0.99059111,0.99059111,0.0012799331,0.0012799331,0.98931118,0.98931118,0,1,1,1.5623187,1.5623187,False,1.0000001,True,True,True,1,1,1.5623187,1.5623187,1,1,1.536792,1.536792,1,1,0.2812653,0.2812653,1,1,0.30726487,0.30726487,1,1,0.57405756,0.57405756,1,1,0.832241,0.832241,1,1,0.77951179,0.77951179,1,1,0.7984436,0.7984436
0b_crop_best,file,18,baseline_crop,4422,076.Dark_eyed_Junco/Dark_Eyed_Junco_0089_68498.jpg,76,75,076.Dark_eyed_Junco,119,118,random_resized_crop,random_resized_crop,0,"{""area_fraction"":0.515387,""aspect"":0.846105,""fallback"":false,""height"":0.780467,""left"":0.030255,""top"":0.109696,""width"":0.660357}",0.009453414,0.050700068,0.041246654,0.99059111,0.95056373,0.0012799331,0.0095356628,0.98931118,0.94102807,-0.04828311,0.67316307,5.0826654,1.5623187,7.9407434,False,0.95159626,True,True,True,0.67316307,5.0826654,1.5623187,7.9407434,0.66410069,5.0835013,1.536792,7.8122842,0.94509986,5.0576466,0.2812653,1.4225405,0.17299881,5.4261552,0.30726487,1.6672669,0.65257762,5.7826437,0.57405756,3.3195703,0.71722556,5.4113632,0.832241,4.5035583,0.64140686,4.6668571,0.77951179,3.6378701,0.72160085,4.6384683,0.7984436,3.7035553
0b_crop_best,file,18,baseline_crop,6208,107.Common_Raven/Common_Raven_0010_101390.jpg,107,106,107.Common_Raven,30,29,identity,identity,0,{},3.6568432,3.6568432,0,0.025813876,0.025813876,0.573497,0.573497,-0.54768312,-0.54768312,0,1,1,209.70257,209.70257,False,0.99999982,True,False,False,1,1,209.70257,209.70257,1,1,205.76889,205.76889,1,1,40.426867,40.426867,1,1,55.621756,55.621756,1,1,100.19194,100.19194,1,1,108.03975,108.03975,1,1,96.744056,96.744056,1,1,90.424733,90.424733
0b_crop_best,file,18,baseline_crop,6208,107.Common_Raven/Common_Raven_0010_101390.jpg,107,106,107.Common_Raven,30,29,random_resized_crop,random_resized_crop,0,"{""area_fraction"":0.643979,""aspect"":1.025863,""fallback"":false,""height"":0.792302,""left"":0.105886,""top"":0.123365,""width"":0.812794}",3.6568432,3.1146104,-0.54223275,0.025813876,0.044395797,0.573497,0.53273487,-0.54768312,-0.48833907,0.059344048,0.83053865,1.3247053,209.70257,277.7941,False,0.95656765,True,False,False,0.83053865,1.3247053,209.70257,277.7941,0.82724589,1.3335094,205.76889,274.39476,0.95599676,1.0716956,40.426867,43.325294,0.82447364,1.4672441,55.621756,81.610692,0.85433629,1.3601165,100.19194,136.27271,0.8299711,1.3880553,108.03975,149.96515,0.80837467,1.2989459,96.744056,125.6653,0.81772696,1.2003191,90.424733,108.53853
0b_crop_best,file,18,baseline_crop,7375,126.Nelson_Sharp_tailed_Sparrow/Nelson_Sharp_Tailed_Sparrow_0017_796910.jpg,126,125,126.Nelson_Sharp_tailed_Sparrow,124,123,identity,identity,0,{},0.084999487,0.084999487,0,0.91851276,0.91851276,0.023928415,0.023928415,0.89458435,0.89458435,0,1,1,14.878249,14.878249,False,1,True,True,True,1,1,14.878249,14.878249,1,1,14.664953,14.664953,1,1,2.5102719,2.5102719,1,1,2.7757412,2.7757412,1,1,6.3606734,6.3606734,1,1,8.5411867,8.5411867,1,1,6.9613308,6.9613308,1,1,6.7443266,6.7443266
0b_crop_best,file,18,baseline_crop,7375,126.Nelson_Sharp_tailed_Sparrow/Nelson_Sharp_Tailed_Sparrow_0017_796910.jpg,126,125,126.Nelson_Sharp_tailed_Sparrow,124,123,random_resized_crop,random_resized_crop,0,"{""area_fraction"":0.697393,""aspect"":0.813545,""fallback"":false,""height"":0.925866,""left"":0.013797,""top"":0.050183,""width"":0.753234}",0.084999487,0.084157877,-0.00084161013,0.91851276,0.91928613,0.023928415,0.030967182,0.89458435,0.88831895,-0.0062653963,0.80622566,1.1899938,14.878249,17.705024,False,0.97399938,True,True,True,0.80622566,1.1899938,14.878249,17.705024,0.8017774,1.191426,14.664953,17.472206,0.96564481,1.1400366,2.5102719,2.8618019,0.76990757,1.2965089,2.7757412,3.5987731,0.72209075,1.2983855,6.3606734,8.2586064,0.84118164,1.2115719,8.5411867,10.348262,0.79831708,1.130096,6.9613308,7.8669719,0.83355614,1.1010834,6.7443266,7.4260661
0b_crop_best,file,18,baseline_crop,3555,062.Herring_Gull/Herring_Gull_0094_47172.jpg,62,61,062.Herring_Gull,64,63,identity,identity,0,{},2.8327906,2.8327906,0,0.0588484,0.0588484,0.69392025,0.69392025,-0.63507186,-0.63507186,0,1,1,198.46992,198.46992,False,1,True,False,False,1,1,198.46992,198.46992,1,1,194.60906,194.60906,1,1,38.956726,38.956726,1,1,59.680122,59.680122,1,1,89.326237,89.326237,1,1,105.20633,105.20633,1,1,87.424974,87.424974,1,1,87.294286,87.294286
0b_crop_best,file,18,baseline_crop,3555,062.Herring_Gull/Herring_Gull_0094_47172.jpg,62,61,062.Herring_Gull,64,63,random_resized_crop,random_resized_crop,0,"{""area_fraction"":0.596905,""aspect"":0.856318,""fallback"":false,""height"":0.834901,""left"":0.094267,""top"":0.112065,""width"":0.714941}",2.8327906,1.6738836,-1.1589071,0.0588484,0.18751742,0.69392025,0.19901271,-0.63507186,-0.011495292,0.62357656,0.68967089,0.70319555,198.46992,139.56317,False,0.94297504,True,False,False,0.68967089,0.70319555,198.46992,139.56317,0.68309227,0.70265426,194.60906,136.74288,0.85078056,0.71657124,38.956726,27.91527,0.88970867,0.78488858,59.680122,46.842246,0.71038006,0.63213095,89.326237,56.465879,0.65328367,0.71167305,105.20633,74.872511,0.62263021,0.68648088,87.424974,60.015574,0.66037663,0.73424881,87.294286,64.095725
0b_crop_best,file,18,baseline_crop,9793,167.Hooded_Warbler/Hooded_Warbler_0021_165057.jpg,167,166,167.Hooded_Warbler,180,179,identity,identity,0,{},1.476874,1.476874,0,0.22835042,0.22835042,0.26515052,0.26515052,-0.036800101,-0.036800101,0,1,1,107.07196,107.07196,False,0.99999994,True,False,False,1,1,107.07196,107.07196,1,1,105.51481,105.51481,1,1,18.194229,18.194229,1,1,19.222935,19.222935,1,1,43.740632,43.740632,1,1,58.741328,58.741328,1,1,51.980156,51.980156,1,1,51.943533,51.943533
0b_crop_best,file,18,baseline_crop,9793,167.Hooded_Warbler/Hooded_Warbler_0021_165057.jpg,167,166,167.Hooded_Warbler,180,179,random_resized_crop,random_resized_crop,0,"{""area_fraction"":0.511067,""aspect"":1.011277,""fallback"":false,""height"":0.710893,""left"":0.089991,""top"":0.019496,""width"":0.718909}",1.476874,2.0537696,0.57689559,0.22835042,0.12825054,0.26515052,0.7490589,-0.036800101,-0.62080836,-0.58400826,0.55141677,1.8687935,107.07196,200.09538,False,0.89786863,True,False,False,0.55141677,1.8687935,107.07196,200.09538,0.54270867,1.8647889,105.51481,196.76285,0.82594217,1.9988098,18.194229,36.366802,0.5495101,1.6977926,19.222935,32.636556,0.49744984,2.3153254,43.740632,101.2738,0.56177303,1.7473768,58.741328,102.64323,0.54055907,1.7965767,51.980156,93.386338,0.57790426,1.7366516,51.943533,90.207821
0b_crop_best,file,18,baseline_crop,303,006.Least_Auklet/Least_Auklet_0010_795092.jpg,6,5,006.Least_Auklet,7,6,identity,identity,0,{},0.007994676,0.007994676,0,0.99203718,0.99203718,0.0078925425,0.0078925425,0.98414463,0.98414463,0,1,1,2.2656823,2.2656823,False,1,True,True,True,1,1,2.2656823,2.2656823,1,1,2.2301048,2.2301048,1,1,0.39993584,0.39993584,1,1,0.59564077,0.59564077,1,1,1.0433856,1.0433856,1,1,1.2195311,1.2195311,1,1,1.0016197,1.0016197,1,1,1.0195234,1.0195234
0b_crop_best,file,18,baseline_crop,303,006.Least_Auklet/Least_Auklet_0010_795092.jpg,6,5,006.Least_Auklet,7,6,random_resized_crop,random_resized_crop,0,"{""area_fraction"":0.677846,""aspect"":0.968416,""fallback"":false,""height"":0.836632,""left"":0.019744,""top"":0.121114,""width"":0.810208}",0.007994676,0.011952684,0.0039580083,0.99203718,0.98811847,0.0078925425,0.011815536,0.98414463,0.97630293,-0.0078417007,0.81658527,1.7133983,2.2656823,3.8820162,False,0.97260988,True,True,True,0.81658527,1.7133983,2.2656823,3.8820162,0.8116061,1.7138052,2.2301048,3.8219652,0.97262165,1.7006988,0.39993584,0.68017039,0.74001361,1.7037734,0.59564077,1.0148369,0.8100179,1.7124228,1.0433856,1.7867173,0.8262021,1.6829062,1.2195311,2.0523565,0.78849198,1.7785376,1.0016197,1.7814182,0.84125005,1.6987547,1.0195234,1.7319201
0b_crop_best,file,18,baseline_crop,9474,162.Canada_Warbler/Canada_Warbler_0121_162310.jpg,162,161,162.Canada_Warbler,172,171,identity,identity,0,{},0.24332017,0.24332017,0,0.78402042,0.78402042,0.13918853,0.13918853,0.6448319,0.6448319,0,1,1,41.462186,41.462186,False,1,True,True,True,1,1,41.462186,41.462186,1,1,40.629353,40.629353,1,1,8.2685306,8.2685306,1,1,11.247356,11.247356,1,1,15.019427,15.019427,1,1,23.77993,23.77993,1,1,19.321679,19.321679,1,1,18.969601,18.969601
0b_crop_best,file,18,baseline_crop,9474,162.Canada_Warbler/Canada_Warbler_0121_162310.jpg,162,161,162.Canada_Warbler,172,171,random_resized_crop,random_resized_crop,0,"{""area_fraction"":0.712446,""aspect"":1.075646,""fallback"":false,""height"":0.813844,""left"":0.009353,""top"":0.177428,""width"":0.875408}",0.24332017,1.5578907,1.3145705,0.78402042,0.21057977,0.13918853,0.012970895,0.6448319,0.19760887,-0.44722302,0.59757004,4.8695065,41.462186,201.90039,False,0.91806465,False,True,False,0.59757004,4.8695065,41.462186,201.90039,0.59350532,4.8825457,40.629353,198.37467,0.70453136,4.5433343,8.2685306,37.566699,0.88173874,6.3210189,11.247356,71.094752,0.65536851,6.7302768,15.019427,101.0849,0.55216706,4.0277736,23.77993,95.780173,0.55462892,4.6281556,19.321679,89.423736,0.55019184,4.3819087,18.969601,83.123057
0b_crop_best,file,18,baseline_crop,4449,077.Tropical_Kingbird/Tropical_Kingbird_0060_69942.jpg,77,76,077.Tropical_Kingbird,38,37,identity,identity,0,{},0.01277454,0.01277454,0,0.98730671,0.98730671,0.0053244717,0.0053244717,0.98198224,0.98198224,0,1,1,1.8201004,1.8201004,False,1,True,True,True,1,1,1.8201004,1.8201004,1,1,1.7649219,1.7649219,1,1,0.44476532,0.44476532,1,1,0.36533333,0.36533333,1,1,0.68397836,0.68397836,1,1,0.8954892,0.8954892,1,1,0.91678546,0.91678546,1,1,0.93341209,0.93341209
0b_crop_best,file,18,baseline_crop,4449,077.Tropical_Kingbird/Tropical_Kingbird_0060_69942.jpg,77,76,077.Tropical_Kingbird,38,37,random_resized_crop,random_resized_crop,0,"{""area_fraction"":0.592835,""aspect"":1.017178,""fallback"":false,""height"":0.763429,""left"":0.178431,""top"":0.114238,""width"":0.776543}",0.01277454,0.01146997,-0.0013045706,0.98730671,0.98859555,0.0053244717,0.0047994517,0.98198224,0.98379609,0.0018138513,0.61581165,1.1722081,1.8201004,2.1335365,False,0.95352465,True,True,True,0.61581165,1.1722081,1.8201004,2.1335365,0.60202212,1.1857391,1.7649219,2.092737,0.90840992,0.93363146,0.44476532,0.41524689,0.40648203,1.3970668,0.36533333,0.51039507,0.60554591,1.5684705,0.68397836,1.0727999,0.58725982,1.2448392,0.8954892,1.11474,0.60329182,1.0266365,0.91678546,0.94120541,0.6976002,0.98168279,0.93341209,0.91631459
0b_crop_best,file,18,baseline_crop,4363,075.Green_Jay/Green_Jay_0095_65881.jpg,75,74,075.Green_Jay,16,15,identity,identity,0,{},0.0014776989,0.0014776989,0,0.99852341,0.99852341,0.00038516038,0.00038516038,0.99813825,0.99813825,0,1,1,0.24660906,0.24660906,False,1,True,True,True,1,1,0.24660906,0.24660906,1,1,0.24110649,0.24110649,1,1,0.051804331,0.051804331,1,1,0.061914677,0.061914677,1,1,0.11268897,0.11268897,1,1,0.12615922,0.12615922,1,1,0.10866586,0.10866586,1,1,0.11779513,0.11779513
0b_crop_best,file,18,baseline_crop,4363,075.Green_Jay/Green_Jay_0095_65881.jpg,75,74,075.Green_Jay,16,15,random_resized_crop,random_resized_crop,0,"{""area_fraction"":0.667262,""aspect"":0.999613,""fallback"":false,""height"":0.817019,""left"":0.134443,""top"":0.172202,""width"":0.816703}",0.0014776989,1.1019258,1.1004482,0.99852341,0.33223063,0.00038516038,0.18168858,0.99813825,0.15054205,-0.8475962,0.61381666,521.62303,0.24660906,128.63697,False,0.85070646,True,True,True,0.61381666,521.62303,0.24660906,128.63697,0.60530292,524.51955,0.24110649,126.46507,0.83279958,454.37095,0.051804331,23.538383,0.50312814,437.38353,0.061914677,27.08046,0.6750212,572.08121,0.11268897,64.467239,0.62786284,588.76658,0.12615922,74.278336,0.54926755,504.4057,0.10866586,54.811678,0.5937134,431.40814,0.11779513,50.817779
0b_crop_best,file,18,baseline_crop,6394,110.Geococcyx/Geococcyx_0091_104301.jpg,110,109,110.Geococcyx,71,70,identity,identity,0,{},0.0058742743,0.0058742743,0,0.99414295,0.99414295,0.00067849696,0.00067849696,0.99346445,0.99346445,0,1,1,0.73437252,0.73437252,False,1.0000001,True,True,True,1,1,0.73437252,0.73437252,1,1,0.71719734,0.71719734,1,1,0.15789543,0.15789543,1,1,0.12542467,0.12542467,1,1,0.26053568,0.26053568,1,1,0.31220655,0.31220655,1,1,0.35220032,0.35220032,1,1,0.45743179,0.45743179
0b_crop_best,file,18,baseline_crop,6394,110.Geococcyx/Geococcyx_0091_104301.jpg,110,109,110.Geococcyx,71,70,random_resized_crop,random_resized_crop,0,"{""area_fraction"":0.505806,""aspect"":0.949791,""fallback"":false,""height"":0.729757,""left"":0.280351,""top"":0.030072,""width"":0.693116}",0.0058742743,6.3163261,6.3104519,0.99414295,0.0018065681,0.00067849696,0.0068128179,0.99346445,-0.0050062498,-0.9984707,0.26947674,156.85215,0.73437252,115.18791,False,0.61573756,False,True,False,0.26947674,156.85215,0.73437252,115.18791,0.25561761,157.59324,0.71719734,113.02545,0.59142504,140.69382,0.15789543,22.214912,0.50407911,203.95687,0.12542467,25.581223,0.28785622,212.74489,0.26053568,55.427634,0.36930352,213.69329,0.31220655,66.716446,0.20459554,130.08086,0.35220032,45.814521,0.17289446,109.26385,0.45743179,49.980758
0b_crop_best,file,18,baseline_crop,5235,090.Red_breasted_Merganser/Red_Breasted_Merganser_0016_79476.jpg,90,89,090.Red_breasted_Merganser,25,24,identity,identity,0,{},0.020958738,0.020958738,0,0.97925937,0.97925937,0.01301842,0.01301842,0.96624095,0.96624095,0,1,1,3.9404957,3.9404957,False,0.99999988,True,True,True,1,1,3.9404957,3.9404957,1,1,3.8724977,3.8724977,1,1,0.72888147,0.72888147,1,1,1.0031408,1.0031408,1,1,1.5868841,1.5868841,1,1,2.1398119,2.1398119,1,1,2.0295226,2.0295226,1,1,1.6655295,1.6655295
0b_crop_best,file,18,baseline_crop,5235,090.Red_breasted_Merganser/Red_Breasted_Merganser_0016_79476.jpg,90,89,090.Red_breasted_Merganser,25,24,random_resized_crop,random_resized_crop,0,"{""area_fraction"":0.610338,""aspect"":0.901647,""fallback"":false,""height"":0.822748,""left"":0.243319,""top"":0.08232,""width"":0.741828}",0.020958738,0.058933619,0.037974881,0.97925937,0.94276935,0.01301842,0.047584172,0.96624095,0.89518518,-0.071055776,0.73776969,2.9160769,3.9404957,11.490789,False,0.97367859,True,True,True,0.73776969,2.9160769,3.9404957,11.490789,0.72949079,2.9105474,3.8724977,11.271088,0.96045137,3.0680507,0.72888147,2.2362453,0.76014167,3.0142254,1.0031408,3.0236925,0.70222157,3.1587554,1.5868841,5.0125788,0.71549748,2.916279,2.1398119,6.2402885,0.73636223,2.8208759,2.0295226,5.7250315,0.76408385,2.7547995,1.6655295,4.5881999
0b_crop_best,file,18,baseline_crop,9193,157.Yellow_throated_Vireo/Yellow_Throated_Vireo_0012_794977.jpg,157,156,157.Yellow_throated_Vireo,175,174,identity,identity,0,{},0.19628949,0.19628949,0,0.8217743,0.8217743,0.17265521,0.17265521,0.64911909,0.64911909,0,1,1,33.622535,33.622535,False,1,True,True,True,1,1,33.622535,33.622535,1,1,32.92343,32.92343,1,1,6.8207511,6.8207511,1,1,5.0787734,5.0787734,1,1,15.40044,15.40044,1,1,17.821263,17.821263,1,1,16.635441,16.635441,1,1,15.054881,15.054881
0b_crop_best,file,18,baseline_crop,9193,157.Yellow_throated_Vireo/Yellow_Throated_Vireo_0012_794977.jpg,157,156,157.Yellow_throated_Vireo,175,174,random_resized_crop,random_resized_crop,0,"{""area_fraction"":0.631774,""aspect"":0.762396,""fallback"":false,""height"":0.910312,""left"":0.264812,""top"":0.053938,""width"":0.694018}",0.19628949,0.10433919,-0.091950305,0.8217743,0.90091968,0.17265521,0.094672486,0.64911909,0.80624719,0.1571281,0.80570615,0.66496416,33.622535,22.357781,False,0.97932553,True,True,True,0.80570615,0.66496416,33.622535,22.357781,0.79937779,0.66804825,32.92343,21.99444,0.97930875,0.5885494,6.8207511,4.014349,0.75767624,0.7561009,5.0787734,3.8400651,0.79438725,0.73120234,15.40044,11.260838,0.81157148,0.66904002,17.821263,11.923138,0.78598842,0.63402758,16.635441,10.547328,0.81738928,0.62591887,15.054881,9.4231343
0b_crop_best,file,18,baseline_crop,3990,069.Rufous_Hummingbird/Rufous_Hummingbird_0064_58509.jpg,69,68,069.Rufous_Hummingbird,68,67,identity,identity,0,{},0.40997881,0.40997881,0,0.66366428,0.66366428,0.18090555,0.18090555,0.48275873,0.48275873,0,1,1,50.266742,50.266742,False,0.99999994,True,True,True,1,1,50.266742,50.266742,1,1,48.914678,48.914678,1,1,11.58014,11.58014,1,1,12.719564,12.719564,1,1,26.146271,26.146271,1,1,24.670031,24.670031,1,1,19.741633,19.741633,1,1,23.428369,23.428369
0b_crop_best,file,18,baseline_crop,3990,069.Rufous_Hummingbird/Rufous_Hummingbird_0064_58509.jpg,69,68,069.Rufous_Hummingbird,68,67,random_resized_crop,random_resized_crop,0,"{""area_fraction"":0.639043,""aspect"":0.918891,""fallback"":false,""height"":0.833936,""left"":0.06125,""top"":0.02132,""width"":0.766296}",0.40997881,1.0934755,0.68349665,0.66366428,0.33504999,0.18090555,0.22974488,0.48275873,0.10530511,-0.37745363,0.77610093,1.8719004,50.266742,94.094336,False,0.93672651,True,True,True,0.77610093,1.8719004,50.266742,94.094336,0.76948105,1.8835516,48.914678,92.13332,0.91738922,1.6502468,11.58014,19.110089,0.85698976,1.880887,12.719564,23.924062,0.84590975,2.0453761,26.146271,53.478958,0.73409163,1.8199302,24.670031,44.897735,0.67726393,1.8543624,19.741633,36.608142,0.74700387,1.7599944,23.428369,41.2338
0b_crop_best,file,18,baseline_crop,1790,032.Mangrove_Cuckoo/Mangrove_Cuckoo_0027_26360.jpg,32,31,032.Mangrove_Cuckoo,95,94,identity,identity,0,{},1.6082232,1.6082232,0,0.2002431,0.2002431,0.18021227,0.18021227,0.020030826,0.020030826,0,1,1,139.76869,139.76869,False,0.99999976,True,True,True,1,1,139.76869,139.76869,1,1,137.06782,137.06782,1,1,27.344056,27.344056,1,1,23.52533,23.52533,1,1,75.972911,75.972911,1,1,68.470962,68.470962,1,1,59.585982,59.585982,1,1,64.988475,64.988475
0b_crop_best,file,18,baseline_crop,1790,032.Mangrove_Cuckoo/Mangrove_Cuckoo_0027_26360.jpg,32,31,032.Mangrove_Cuckoo,95,94,random_resized_crop,random_resized_crop,0,"{""area_fraction"":0.739016,""aspect"":1.099372,""fallback"":false,""height"":0.819888,""left"":0.001008,""top"":0.059479,""width"":0.901362}",1.6082232,1.9737955,0.36557233,0.2002431,0.13892855,0.18021227,0.053983603,0.020030826,0.084944945,0.064914118,0.7053608,1.142604,139.76869,159.70025,False,0.92802078,False,True,False,0.7053608,1.142604,139.76869,159.70025,0.69946376,1.1497024,137.06782,157.5872,0.89815964,0.94693209,27.344056,25.892964,0.41350484,1.1773729,23.52533,27.698087,0.75138612,0.99238496,75.972911,75.394374,0.70986795,1.3228401,68.470962,90.576137,0.67415434,1.2088992,59.585982,72.033445,0.705611,1.086893,64.988475,70.635518
0b_crop_best,file,18,baseline_crop,181,004.Groove_billed_Ani/Groove_Billed_Ani_0033_1494.jpg,4,3,004.Groove_billed_Ani,30,29,identity,identity,0,{},1.6561881,1.6561881,0,0.19086514,0.19086514,0.23203199,0.23203199,-0.041166842,-0.041166842,0,1,1,161.72841,161.72841,False,0.99999994,True,False,False,1,1,161.72841,161.72841,1,1,159.57527,159.57527,1,1,26.302322,26.302322,1,1,39.470641,39.470641,1,1,72.280618,72.280618,1,1,85.460543,85.460543,1,1,83.816169,83.816169,1,1,65.978738,65.978738
0b_crop_best,file,18,baseline_crop,181,004.Groove_billed_Ani/Groove_Billed_Ani_0033_1494.jpg,4,3,004.Groove_billed_Ani,30,29,random_resized_crop,random_resized_crop,0,"{""area_fraction"":0.848753,""aspect"":0.859473,""fallback"":false,""height"":0.993744,""left"":0.03412,""top"":0.000565,""width"":0.854096}",1.6561881,3.2596269,1.6034387,0.19086514,0.038402718,0.23203199,0.12790246,-0.041166842,-0.089499746,-0.048332904,0.79915121,1.1465736,161.72841,185.43353,False,0.96813333,False,False,False,0.79915121,1.1465736,161.72841,185.43353,0.79476907,1.1440587,159.57527,182.56348,0.95080143,1.235586,26.302322,32.498782,0.74228106,1.3341968,39.470641,52.661601,0.7817438,1.0325408,72.280618,74.632684,0.8050934,1.1443515,85.460543,97.796903,0.80641179,1.1505426,83.816169,96.434076,0.8032642,1.1859216,65.978738,78.24561
0b_crop_best,file,18,baseline_crop,710,013.Bobolink/Bobolink_0133_9618.jpg,13,12,013.Bobolink,89,88,identity,identity,0,{},1.0958161,1.0958161,0,0.33426666,0.33426666,0.13131303,0.13131303,0.20295364,0.20295364,0,1,1,94.534602,94.534602,False,1.0000001,True,True,True,1,1,94.534602,94.534602,1,1,93.489499,93.489499,1,1,14.018011,14.018011,1,1,30.980219,30.980219,1,1,40.565336,40.565336,1,1,48.773875,48.773875,1,1,43.166765,43.166765,1,1,43.505233,43.505233
0b_crop_best,file,18,baseline_crop,710,013.Bobolink/Bobolink_0133_9618.jpg,13,12,013.Bobolink,89,88,random_resized_crop,random_resized_crop,0,"{""area_fraction"":0.683827,""aspect"":1.318204,""fallback"":false,""height"":0.720248,""left"":0.017817,""top"":0.23193,""width"":0.949433}",1.0958161,0.0051078065,-1.0907083,0.33426666,0.99490523,0.13131303,5.3364718e-05,0.20295364,0.99485187,0.79189823,0.56759129,0.010284424,94.534602,0.97223391,False,0.85417551,True,True,True,0.56759129,0.010284424,94.534602,0.97223391,0.56199363,0.010211628,93.489499,0.95467999,0.7787837,0.013119941,14.018011,0.18391547,0.76216204,0.0097883421,30.980219,0.30324498,0.44857524,0.010573337,40.565336,0.42891098,0.56975527,0.010061898,48.773875,0.49075777,0.52396741,0.010063557,43.166765,0.43441121,0.59420287,0.010430955,43.505233,0.45380111
0b_crop_best,file,18,baseline_crop,11178,190.Red_cockaded_Woodpecker/Red_Cockaded_Woodpecker_0032_182376.jpg,190,189,190.Red_cockaded_Woodpecker,189,188,identity,identity,0,{},0.01447028,0.01447028,0,0.98563391,0.98563391,0.0078403838,0.0078403838,0.97779353,0.97779353,0,1,1,1.8780048,1.8780048,False,0.99999988,True,True,True,1,1,1.8780048,1.8780048,1,1,1.8362869,1.8362869,1,1,0.39364032,0.39364032,1,1,0.29100952,0.29100952,1,1,0.68676768,0.68676768,1,1,0.94402653,0.94402653,1,1,0.87738551,0.87738551,1,1,1.0745333,1.0745333
0b_crop_best,file,18,baseline_crop,11178,190.Red_cockaded_Woodpecker/Red_Cockaded_Woodpecker_0032_182376.jpg,190,189,190.Red_cockaded_Woodpecker,189,188,random_resized_crop,random_resized_crop,0,"{""area_fraction"":0.524271,""aspect"":1.087216,""fallback"":false,""height"":0.694416,""left"":0.028103,""top"":0.199984,""width"":0.754981}",0.01447028,0.015542098,0.0010718182,0.98563391,0.98457807,0.0078403838,0.0045049884,0.97779353,0.98007308,0.0022795587,0.63986236,1.1662933,1.8780048,2.1903044,False,0.94917774,True,True,True,0.63986236,1.1662933,1.8780048,2.1903044,0.62985082,1.1750117,1.8362869,2.1576585,0.92034396,0.95710074,0.39364032,0.37675344,0.30771286,1.2137465,0.29100952,0.35321178,0.59465604,1.2621483,0.68676768,0.86680264,0.59176815,1.223382,0.94402653,1.1549051,0.59151686,1.1759171,0.87738551,1.0317327,0.73587228,1.0936888,1.0745333,1.175205
0b_crop_best,file,18,baseline_crop,5845,100.Brown_Pelican/Brown_Pelican_0071_94549.jpg,100,99,100.Brown_Pelican,101,100,identity,identity,0,{},0.013051088,0.013051088,0,0.98703372,0.98703372,0.011747138,0.011747138,0.97528659,0.97528659,0,1,1,2.2732315,2.2732315,False,1,True,True,True,1,1,2.2732315,2.2732315,1,1,2.1932055,2.1932055,1,1,0.59785548,0.59785548,1,1,0.52129787,0.52129787,1,1,0.94549098,0.94549098,1,1,1.020987,1.020987,1,1,1.081236,1.081236,1,1,1.197063,1.197063
0b_crop_best,file,18,baseline_crop,5845,100.Brown_Pelican/Brown_Pelican_0071_94549.jpg,100,99,100.Brown_Pelican,101,100,random_resized_crop,random_resized_crop,0,"{""area_fraction"":0.674137,""aspect"":1.252811,""fallback"":false,""height"":0.733552,""left"":0.067253,""top"":0.046958,""width"":0.919003}",0.013051088,0.033249527,0.020198439,0.98703372,0.96729714,0.011747138,0.027061025,0.97528659,0.94023611,-0.035050475,0.74695915,2.2710336,2.2732315,5.1625852,False,0.96908647,True,True,True,0.74695915,2.2710336,2.2732315,5.1625852,0.73102921,2.2755148,2.1932055,4.9906715,0.96800668,2.2098443,0.59785548,1.3211675,0.7080461,2.19621,0.52129787,1.1448796,0.77429709,2.3356631,0.94549098,2.2083484,0.71193568,2.2740298,1.020987,2.3217548,0.6915505,2.2798234,1.081236,2.4650272,0.75423493,2.2496878,1.197063,2.693018
0b_crop_best,file,18,baseline_crop,8544,146.Forsters_Tern/Forsters_Tern_0104_152666.jpg,146,145,146.Forsters_Tern,144,143,identity,identity,0,{},0.038230404,0.038230404,0,0.96249115,0.96249115,0.023576524,0.023576524,0.93891463,0.93891463,0,1,1,5.8883941,5.8883941,False,1,True,True,True,1,1,5.8883941,5.8883941,1,1,5.7195157,5.7195157,1,1,1.4001164,1.4001164,1,1,1.0464784,1.0464784,1,1,2.3831393,2.3831393,1,1,2.7474314,2.7474314,1,1,2.700521,2.700521,1,1,3.3312455,3.3312455
0b_crop_best,file,18,baseline_crop,8544,146.Forsters_Tern/Forsters_Tern_0104_152666.jpg,146,145,146.Forsters_Tern,144,143,random_resized_crop,random_resized_crop,0,"{""area_fraction"":0.503379,""aspect"":1.138874,""fallback"":false,""height"":0.664828,""left"":0.029779,""top"":0.009201,""width"":0.757156}",0.038230404,0.43568575,0.39745535,0.96249115,0.64682096,0.023576524,0.20668328,0.93891463,0.44013768,-0.49877695,0.54612932,11.821934,5.8883941,69.612206,False,0.8548671,True,True,True,0.54612932,11.821934,5.8883941,69.612206,0.53204947,11.932642,5.7195157,68.248935,0.84267416,9.7914695,1.4001164,13.709197,0.30242863,17.870794,1.0464784,18.701399,0.59619329,15.313371,2.3831393,36.493896,0.5382091,12.014393,2.7474314,33.00872,0.49452417,11.087538,2.700521,29.942131,0.58304057,9.4464532,3.3312455,31.468454
0b_crop_best,file,18,baseline_crop,6326,109.American_Redstart/American_Redstart_0111_102945.jpg,109,108,109.American_Redstart,95,94,identity,identity,0,{},0.00045491836,0.00045491836,0,0.99954516,0.99954516,0.00011419637,0.00011419637,0.99943096,0.99943096,0,1,1,0.059774102,0.059774102,False,1,True,True,True,1,1,0.059774102,0.059774102,1,1,0.057846922,0.057846922,1,1,0.01505579,0.01505579,1,1,0.0091037298,0.0091037298,1,1,0.022923468,0.022923468,1,1,0.024465291,0.024465291,1,1,0.026681119,0.026681119,1,1,0.037781881,0.037781881
0b_crop_best,file,18,baseline_crop,6326,109.American_Redstart/American_Redstart_0111_102945.jpg,109,108,109.American_Redstart,95,94,random_resized_crop,random_resized_crop,0,"{""area_fraction"":0.692608,""aspect"":1.312323,""fallback"":false,""height"":0.726479,""left"":0.035972,""top"":0.128921,""width"":0.953375}",0.00045491836,0.0005876483,0.00013272994,0.99954516,0.99941254,0.00011419637,6.9886904e-05,0.99943096,0.99934265,-8.8310866e-05,0.65450014,1.2129985,0.059774102,0.072505895,False,0.9809314,True,True,True,0.65450014,1.2129985,0.059774102,0.072505895,0.63199462,1.2072733,0.057846922,0.069837047,0.9658164,1.2945724,0.01505579,0.019490811,0.33625691,1.3499005,0.0091037298,0.012289129,0.37827256,1.0322835,0.022923468,0.023663519,0.48195933,1.2636769,0.024465291,0.030916224,0.62560973,1.346119,0.026681119,0.035915962,0.81312542,1.1598957,0.037781881,0.043823042
0b_crop_best,file,18,baseline_crop,4683,081.Pied_Kingfisher/Pied_Kingfisher_0016_72280.jpg,81,80,081.Pied_Kingfisher,159,158,identity,identity,0,{},0.043303158,0.043303158,0,0.95762104,0.95762104,0.034016907,0.034016907,0.92360413,0.92360413,0,1,1,6.3287636,6.3287636,False,1,True,True,True,1,1,6.3287636,6.3287636,1,1,6.1667201,6.1667201,1,1,1.422959,1.422959,1,1,1.4876522,1.4876522,1,1,2.43946,2.43946,1,1,3.2531792,3.2531792,1,1,3.034872,3.034872,1,1,3.1734428,3.1734428
0b_crop_best,file,18,baseline_crop,4683,081.Pied_Kingfisher/Pied_Kingfisher_0016_72280.jpg,81,80,081.Pied_Kingfisher,159,158,random_resized_crop,random_resized_crop,0,"{""area_fraction"":0.75413,""aspect"":0.856951,""fallback"":false,""height"":0.938092,""left"":0.021308,""top"":0.046636,""width"":0.803898}",0.043303158,0.021347279,-0.021955879,0.95762104,0.97887897,0.034016907,0.018860541,0.92360413,0.96001843,0.036414303,0.79101408,0.55834687,6.3287636,3.5336454,False,0.98914927,True,True,True,0.79101408,0.55834687,6.3287636,3.5336454,0.78009779,0.55700108,6.1667201,3.4348697,0.98765946,0.58304579,1.422959,0.82965026,0.65627076,0.52153712,1.4876522,0.77586584,0.63160579,0.54047368,2.43946,1.3184639,0.78876489,0.5561106,3.2531792,1.8091275,0.79982675,0.57246533,3.034872,1.737359,0.86336518,0.56075069,3.1734428,1.7795102
0b_crop_best,file,18,baseline_crop,9125,156.White_eyed_Vireo/White_Eyed_Vireo_0050_158829.jpg,156,155,156.White_eyed_Vireo,152,151,identity,identity,0,{},0.023851955,0.023851955,0,0.97643024,0.97643024,0.010213884,0.010213884,0.96621635,0.96621635,0,1,1,3.389029,3.389029,False,1,True,True,True,1,1,3.389029,3.389029,1,1,3.3154601,3.3154601,1,1,0.7023116,0.7023116,1,1,0.57116685,0.57116685,1,1,1.3518018,1.3518018,1,1,1.5153428,1.5153428,1,1,1.7866193,1.7866193,1,1,1.8304109,1.8304109
0b_crop_best,file,18,baseline_crop,9125,156.White_eyed_Vireo/White_Eyed_Vireo_0050_158829.jpg,156,155,156.White_eyed_Vireo,152,151,random_resized_crop,random_resized_crop,0,"{""area_fraction"":0.860968,""aspect"":1.02768,""fallback"":false,""height"":0.915303,""left"":0.004528,""top"":0.023934,""width"":0.940638}",0.023851955,0.044524126,0.02067217,0.97643024,0.95645255,0.010213884,0.021317763,0.96621635,0.93513479,-0.031081568,0.73501221,1.7704832,3.389029,6.0002187,False,0.98615301,True,True,True,0.73501221,1.7704832,3.389029,6.0002187,0.72338277,1.7671563,3.3154601,5.8589361,0.98412985,1.8430683,0.7023116,1.2944082,0.78921385,1.7160922,0.57116685,0.98017497,0.63558517,1.6209081,1.3518018,2.1911464,0.60938684,1.8332017,1.5153428,2.777929,0.70641014,1.6842057,1.7866193,3.0090346,0.85338233,1.8762193,1.8304109,3.4342522
0b_crop_best,file,18,baseline_crop,3979,069.Rufous_Hummingbird/Rufous_Hummingbird_0060_58986.jpg,69,68,069.Rufous_Hummingbird,68,67,identity,identity,0,{},0.32004058,0.32004058,0,0.72611958,0.72611958,0.1971423,0.1971423,0.52897727,0.52897727,0,1,1,53.725352,53.725352,False,1,True,True,True,1,1,53.725352,53.725352,1,1,52.789637,52.789637,1,1,9.9833721,9.9833721,1,1,10.094592,10.094592,1,1,23.546677,23.546677,1,1,31.840307,31.840307,1,1,24.832903,24.832903,1,1,22.358909,22.358909
0b_crop_best,file,18,baseline_crop,3979,069.Rufous_Hummingbird/Rufous_Hummingbird_0060_58986.jpg,69,68,069.Rufous_Hummingbird,68,67,random_resized_crop,random_resized_crop,0,"{""area_fraction"":0.863901,""aspect"":0.951739,""fallback"":false,""height"":0.952737,""left"":0.039479,""top"":0.022925,""width"":0.906757}",0.32004058,0.60306525,0.28302467,0.72611958,0.54713196,0.1971423,0.31731334,0.52897727,0.22981861,-0.29915866,0.86282529,1.7281442,53.725352,92.845155,False,0.96862251,True,True,True,0.86282529,1.7281442,53.725352,92.845155,0.8593382,1.7315185,52.789637,91.406235,0.96783039,1.6309715,9.9833721,16.282595,0.73999137,1.9108397,10.094592,19.289146,0.8540439,1.787315,23.546677,42.085328,0.87102581,1.6912237,31.840307,53.849082,0.85721298,1.7169775,24.832903,42.637536,0.87366166,1.7288189,22.358909,38.654504
0b_crop_best,file,18,baseline_crop,6330,109.American_Redstart/American_Redstart_0128_102983.jpg,109,108,109.American_Redstart,10,9,identity,identity,0,{},0.023637293,0.023637293,0,0.97663987,0.97663987,0.011230946,0.011230946,0.96540892,0.96540892,0,1,1,3.469449,3.469449,False,1.0000001,True,True,True,1,1,3.469449,3.469449,1,1,3.3898223,3.3898223,1,1,0.73904071,0.73904071,1,1,0.84292474,0.84292474,1,1,1.4611247,1.4611247,1,1,1.8355159,1.8355159,1,1,1.6740069,1.6740069,1,1,1.5729178,1.5729178
0b_crop_best,file,18,baseline_crop,6330,109.American_Redstart/American_Redstart_0128_102983.jpg,109,108,109.American_Redstart,10,9,random_resized_crop,random_resized_crop,0,"{""area_fraction"":0.853908,""aspect"":1.094104,""fallback"":false,""height"":0.883438,""left"":0.010682,""top"":0.049748,""width"":0.966573}",0.023637293,0.038854383,0.01521709,0.97663987,0.96189076,0.011230946,0.01871283,0.96540892,0.94317793,-0.022230994,0.7943391,1.8798246,3.469449,6.5219557,False,0.98331559,True,True,True,0.7943391,1.8798246,3.469449,6.5219557,0.78687378,1.890276,3.3898223,6.4076998,0.98226202,1.6446158,0.73904071,1.215438,0.85597378,2.2785858,0.84292474,1.9206764,0.77837406,2.0914595,1.4611247,3.0558831,0.74017995,1.854386,1.8355159,3.4037551,0.78792814,1.8845416,1.6740069,3.1547356,0.85948898,1.6200426,1.5729178,2.5481938
0b_crop_best,file,18,baseline_crop,1259,023.Brandt_Cormorant/Brandt_Cormorant_0083_23156.jpg,23,22,023.Brandt_Cormorant,72,71,identity,identity,0,{},3.435226,3.435226,0,0.032218136,0.032218136,0.49330309,0.49330309,-0.46108495,-0.46108495,0,1,1,164.68653,164.68653,False,1,True,False,False,1,1,164.68653,164.68653,1,1,161.30167,161.30167,1,1,33.217822,33.217822,1,1,62.173,62.173,1,1,66.262358,66.262358,1,1,75.12629,75.12629,1,1,77.124113,77.124113,1,1,78.549081,78.549081
0b_crop_best,file,18,baseline_crop,1259,023.Brandt_Cormorant/Brandt_Cormorant_0083_23156.jpg,23,22,023.Brandt_Cormorant,72,71,random_resized_crop,random_resized_crop,0,"{""area_fraction"":0.878952,""aspect"":1.081477,""fallback"":false,""height"":0.901517,""left"":0.023923,""top"":0.065474,""width"":0.97497}",3.435226,4.2242408,0.78901482,0.032218136,0.014636445,0.49330309,0.68135339,-0.46108495,-0.66671695,-0.20563199,0.83136447,1.172986,164.68653,193.17499,False,0.97643083,True,False,False,0.83136447,1.172986,164.68653,193.17499,0.82517289,1.165594,161.30167,188.01226,0.96613575,1.3354811,33.217822,44.361773,0.90074637,1.2335277,62.173,76.692121,0.76805188,1.1650583,66.262358,77.199513,0.78918854,1.1352838,75.12629,85.289657,0.80927208,1.1292198,77.124113,87.090077,0.86362624,1.1839155,78.549081,92.995474
0b_crop_best,file,18,baseline_crop,7930,136.Barn_Swallow/Barn_Swallow_0026_132386.jpg,136,135,136.Barn_Swallow,137,136,identity,identity,0,{},0.50155836,0.50155836,0,0.60558623,0.60558623,0.38831231,0.38831231,0.21727392,0.21727392,0,1,1,102.6458,102.6458,False,1,True,True,True,1,1,102.6458,102.6458,1,1,100.16306,100.16306,1,1,22.439272,22.439272,1,1,38.32058,38.32058,1,1,47.896087,47.896087,1,1,52.216311,52.216311,1,1,42.473646,42.473646,1,1,41.708309,41.708309
0b_crop_best,file,18,baseline_crop,7930,136.Barn_Swallow/Barn_Swallow_0026_132386.jpg,136,135,136.Barn_Swallow,137,136,random_resized_crop,random_resized_crop,0,"{""area_fraction"":0.635301,""aspect"":0.848057,""fallback"":false,""height"":0.86552,""left"":0.246148,""top"":0.038176,""width"":0.734011}",0.50155836,0.10676923,-0.39478913,0.60558623,0.89873302,0.38831231,0.099619046,0.21727392,0.79911397,0.58184005,0.81680761,0.25570938,102.6458,26.247493,False,0.98239219,True,True,True,0.81680761,0.25570938,102.6458,26.247493,0.80808652,0.25499635,100.16306,25.541215,0.98240004,0.26952349,22.439272,6.0479109,0.69348459,0.20893562,38.32058,8.0065341,0.809334,0.27596594,47.896087,13.217689,0.84851964,0.24948381,52.216311,13.027124,0.80416708,0.24965741,42.473646,10.603861,0.84252626,0.27483061,41.708309,11.46272
0b_crop_best,file,18,baseline_crop,2286,040.Olive_sided_Flycatcher/Olive_Sided_Flycatcher_0017_30704.jpg,40,39,040.Olive_sided_Flycatcher,135,134,identity,identity,0,{},0.5206247,0.5206247,0,0.59414923,0.59414923,0.22238566,0.22238566,0.37176357,0.37176357,0,1,1,88.159633,88.159633,False,1,True,True,True,1,1,88.159633,88.159633,1,1,86.507747,86.507747,1,1,16.986187,16.986187,1,1,21.551454,21.551454,1,1,45.095523,45.095523,1,1,48.784102,48.784102,1,1,38.3819,38.3819,1,1,33.652045,33.652045
0b_crop_best,file,18,baseline_crop,2286,040.Olive_sided_Flycatcher/Olive_Sided_Flycatcher_0017_30704.jpg,40,39,040.Olive_sided_Flycatcher,135,134,random_resized_crop,random_resized_crop,0,"{""area_fraction"":0.531154,""aspect"":1.136845,""fallback"":false,""height"":0.683533,""left"":0.131025,""top"":0.161335,""width"":0.777071}",0.5206247,1.8424075,1.3217828,0.59414923,0.15843552,0.22238566,0.012158916,0.37176357,0.14627661,-0.22548696,0.70559041,2.5016607,88.159633,220.54549,False,0.93926495,False,True,False,0.70559041,2.5016607,88.159633,220.54549,0.70271878,2.4922171,86.507747,215.59608,0.77638629,2.7352335,16.986187,46.461186,0.67860057,2.7527072,21.551454,59.324844,0.75657477,2.5544312,45.095523,115.19341,0.73208792,2.4537622,48.784102,119.70459,0.65719265,2.3834092,38.3819,91.479773,0.6131579,2.4853162,33.652045,83.635972
0b_crop_best,file,18,baseline_crop,6891,118.House_Sparrow/House_Sparrow_0093_110990.jpg,118,117,118.House_Sparrow,116,115,identity,identity,0,{},1.21184,1.21184,0,0.29764909,0.29764909,0.21031651,0.21031651,0.087332577,0.087332577,0,1,1,105.16105,105.16105,False,1,True,True,True,1,1,105.16105,105.16105,1,1,103.1937,103.1937,1,1,20.246137,20.246137,1,1,14.874422,14.874422,1,1,38.989466,38.989466,1,1,62.115142,62.115142,1,1,50.308499,50.308499,1,1,50.182438,50.182438
0b_crop_best,file,18,baseline_crop,6891,118.House_Sparrow/House_Sparrow_0093_110990.jpg,118,117,118.House_Sparrow,116,115,random_resized_crop,random_resized_crop,0,"{""area_fraction"":0.665812,""aspect"":0.975648,""fallback"":false,""height"":0.826093,""left"":0.026203,""top"":0.00333,""width"":0.805976}",1.21184,1.7333981,0.52155805,0.29764909,0.17668301,0.21031651,0.057327367,0.087332577,0.11935564,0.032023065,0.64266094,1.3856687,105.16105,145.71837,False,0.91987455,False,True,False,0.64266094,1.3856687,105.16105,145.71837,0.63588085,1.3918407,103.1937,143.62919,0.85033155,1.2143818,20.246137,24.58654,0.49291463,1.8127705,14.874422,26.963913,0.55236562,1.6735948,38.989466,65.252569,0.7232826,1.4165545,62.115142,87.989485,0.61242397,1.2962503,50.308499,65.212408,0.61336935,1.2038436,50.182438,60.411809
0b_crop_best,file,18,baseline_crop,9317,159.Black_and_white_Warbler/Black_And_White_Warbler_0022_160512.jpg,159,158,159.Black_and_white_Warbler,164,163,identity,identity,0,{},0.034149699,0.034149699,0,0.96642685,0.96642685,0.011939269,0.011939269,0.95448758,0.95448758,0,1,1,6.2043489,6.2043489,False,1,True,True,True,1,1,6.2043489,6.2043489,1,1,6.1173387,6.1173387,1,1,1.0354283,1.0354283,1,1,1.1272525,1.1272525,1,1,3.1260307,3.1260307,1,1,3.4827181,3.4827181,1,1,2.7633428,2.7633428,1,1,2.5717073,2.5717073
0b_crop_best,file,18,baseline_crop,9317,159.Black_and_white_Warbler/Black_And_White_Warbler_0022_160512.jpg,159,158,159.Black_and_white_Warbler,164,163,random_resized_crop,random_resized_crop,0,"{""area_fraction"":0.640815,""aspect"":1.131786,""fallback"":false,""height"":0.752461,""left"":0.136542,""top"":0.099531,""width"":0.851625}",0.034149699,0.023193616,-0.010956082,0.96642685,0.97707331,0.011939269,0.0028787153,0.95448758,0.9741946,0.019707017,0.69488455,0.7918477,6.2043489,4.9128994,False,0.96936089,True,True,True,0.69488455,0.7918477,6.2043489,4.9128994,0.68911259,0.79474121,6.1173387,4.8617012,0.937008,0.68321433,1.0354283,0.70741943,0.5384269,0.93063196,1.1272525,1.0490572,0.58344954,0.7292163,3.1260307,2.2795525,0.74193295,0.86055732,3.4827181,2.9970785,0.69513353,0.78648638,2.7633428,2.1733314,0.77137049,0.74120024,2.5717073,1.9061501
0b_crop_best,file,18,baseline_crop,2279,040.Olive_sided_Flycatcher/Olive_Sided_Flycatcher_0049_796889.jpg,40,39,040.Olive_sided_Flycatcher,103,102,identity,identity,0,{},0.075910822,0.075910822,0,0.92689884,0.92689884,0.027240902,0.027240902,0.89965793,0.89965793,0,1,1,13.849236,13.849236,False,0.99999994,True,True,True,1,1,13.849236,13.849236,1,1,13.656286,13.656286,1,1,2.3037346,2.3037346,1,1,3.1295425,3.1295425,1,1,6.8621983,6.8621983,1,1,7.8539427,7.8539427,1,1,6.1893704,6.1893704,1,1,5.4422085,5.4422085
0b_crop_best,file,18,baseline_crop,2279,040.Olive_sided_Flycatcher/Olive_Sided_Flycatcher_0049_796889.jpg,40,39,040.Olive_sided_Flycatcher,103,102,random_resized_crop,random_resized_crop,0,"{""area_fraction"":0.754317,""aspect"":1.029068,""fallback"":false,""height"":0.85616,""left"":0.112011,""top"":0.018078,""width"":0.881047}",0.075910822,0.035097864,-0.040812958,0.92689884,0.9655109,0.027240902,0.001166779,0.89965793,0.96434413,0.064686191,0.74563741,0.47068601,13.849236,6.5186419,False,0.96307987,True,True,True,0.74563741,0.47068601,13.849236,6.5186419,0.74107567,0.46981917,13.656286,6.4159851,0.89762265,0.50019397,2.3037346,1.1523142,0.75272581,0.4428993,3.1295425,1.3860722,0.74871331,0.46843885,6.8621983,3.2145203,0.74689415,0.46322758,7.8539427,3.6381628,0.73195968,0.47757973,6.1893704,2.9559179,0.72682815,0.48395605,5.4422085,2.6337897
0b_crop_best,file,18,baseline_crop,11516,196.House_Wren/House_Wren_0133_187101.jpg,196,195,196.House_Wren,199,198,identity,identity,0,{},2.0514481,2.0514481,0,0.12854862,0.12854862,0.58381242,0.58381242,-0.45526379,-0.45526379,0,1,1,118.91382,118.91382,False,0.99999988,True,False,False,1,1,118.91382,118.91382,1,1,116.7148,116.7148,1,1,22.762971,22.762971,1,1,18.608418,18.608418,1,1,50.449073,50.449073,1,1,64.38002,64.38002,1,1,60.572659,60.572659,1,1,54.010448,54.010448
0b_crop_best,file,18,baseline_crop,11516,196.House_Wren/House_Wren_0133_187101.jpg,196,195,196.House_Wren,199,198,random_resized_crop,random_resized_crop,0,"{""area_fraction"":0.697193,""aspect"":1.091528,""fallback"":false,""height"":0.799207,""left"":0.047155,""top"":0.027934,""width"":0.872356}",2.0514481,1.7133424,-0.33810568,0.12854862,0.18026228,0.58381242,0.3731373,-0.45526379,-0.19287501,0.26238878,0.73733949,0.82520497,118.91382,98.128279,False,0.92778361,True,False,False,0.73733949,0.82520497,118.91382,98.128279,0.73001222,0.82106998,116.7148,95.83102,0.91314326,0.92732368,22.762971,21.108642,0.62157233,0.70869161,18.608418,13.18763,0.69876281,0.73890338,50.449073,37.27699,0.76116347,0.81120224,64.38002,52.225217,0.73203864,0.847805,60.572659,51.353804,0.72598143,0.87929581,54.010448,47.491161
0b_crop_best,file,18,baseline_crop,1717,031.Black_billed_Cuckoo/Black_Billed_Cuckoo_0088_26217.jpg,31,30,031.Black_billed_Cuckoo,33,32,identity,identity,0,{},0.0087500727,0.0087500727,0,0.99128813,0.99128813,0.0067929071,0.0067929071,0.98449522,0.98449522,0,1,1,1.4062659,1.4062659,False,1.0000001,True,True,True,1,1,1.4062659,1.4062659,1,1,1.3647506,1.3647506,1,1,0.33917455,0.33917455,1,1,0.28883921,0.28883921,1,1,0.62738833,0.62738833,1,1,0.6827578,0.6827578,1,1,0.66130221,0.66130221,1,1,0.69427751,0.69427751
0b_crop_best,file,18,baseline_crop,1717,031.Black_billed_Cuckoo/Black_Billed_Cuckoo_0088_26217.jpg,31,30,031.Black_billed_Cuckoo,33,32,random_resized_crop,random_resized_crop,0,"{""area_fraction"":0.560618,""aspect"":1.322772,""fallback"":false,""height"":0.651015,""left"":0.133955,""top"":0.315272,""width"":0.861145}",0.0087500727,0.0049840971,-0.0037659756,0.99128813,0.99502832,0.0067929071,0.0026469978,0.98449522,0.99238132,0.0078861008,0.59677069,0.67493903,1.4062659,0.94914371,False,0.90215147,True,True,True,0.59677069,0.67493903,1.4062659,0.94914371,0.58181443,0.67988767,1.3647506,0.92787713,0.88208924,0.58906091,0.33917455,0.19979447,0.31594353,0.89876324,0.28883921,0.25959807,0.68780244,0.72120663,0.62738833,0.45247662,0.57100334,0.67245679,0.6827578,0.45912512,0.51712298,0.65371999,0.66130221,0.43230647,0.62921187,0.62972121,0.69427751,0.43720127
0b_crop_best,file,18,baseline_crop,3371,059.California_Gull/California_Gull_0096_40978.jpg,59,58,059.California_Gull,63,62,identity,identity,0,{},0.89596826,0.89596826,0,0.40821216,0.40821216,0.18346131,0.18346131,0.22475085,0.22475085,0,1,1,93.315907,93.315907,False,1,True,True,True,1,1,93.315907,93.315907,1,1,91.937973,91.937973,1,1,15.977097,15.977097,1,1,17.527839,17.527839,1,1,46.817547,46.817547,1,1,43.41753,43.41753,1,1,43.349292,43.349292,1,1,46.789315,46.789315
0b_crop_best,file,18,baseline_crop,3371,059.California_Gull/California_Gull_0096_40978.jpg,59,58,059.California_Gull,63,62,random_resized_crop,random_resized_crop,0,"{""area_fraction"":0.740296,""aspect"":1.070869,""fallback"":false,""height"":0.831447,""left"":0.080619,""top"":0.063518,""width"":0.890371}",0.89596826,1.0267224,0.13075417,0.40821216,0.35817903,0.18346131,0.43321916,0.22475085,-0.075040132,-0.29979098,0.7713544,1.3806199,93.315907,128.8338,False,0.97266746,False,True,False,0.7713544,1.3806199,93.315907,128.8338,0.76654228,1.3787343,91.937973,126.75804,0.92448589,1.4416645,15.977097,23.033615,0.73076666,1.5500931,17.527839,27.169783,0.81850085,1.2654706,46.817547,59.246229,0.7068768,1.4196848,43.41753,61.639207,0.73731467,1.4702668,43.349292,63.735024,0.81058367,1.3445503,46.789315,62.910588
0b_crop_best,file,18,baseline_crop,11075,189.Red_bellied_Woodpecker/Red_Bellied_Woodpecker_0073_180994.jpg,189,188,189.Red_bellied_Woodpecker,36,35,identity,identity,0,{},0.0013465156,0.0013465156,0,0.99865437,0.99865437,0.00047566427,0.00047566427,0.9981787,0.9981787,0,1,1,0.19995186,0.19995186,False,1,True,True,True,1,1,0.19995186,0.19995186,1,1,0.19578583,0.19578583,1,1,0.040603625,0.040603625,1,1,0.0407941,0.0407941,1,1,0.066579593,0.066579593,1,1,0.082738299,0.082738299,1,1,0.097730568,0.097730568,1,1,0.12584992,0.12584992
0b_crop_best,file,18,baseline_crop,11075,189.Red_bellied_Woodpecker/Red_Bellied_Woodpecker_0073_180994.jpg,189,188,189.Red_bellied_Woodpecker,36,35,random_resized_crop,random_resized_crop,0,"{""area_fraction"":0.778458,""aspect"":0.968559,""fallback"":false,""height"":0.896509,""left"":0.042753,""top"":0.077563,""width"":0.868321}",0.0013465156,0.0011369677,-0.00020954793,0.99865437,0.9988637,0.00047566427,0.00054423377,0.9981787,0.99831946,0.00014076201,0.8186697,0.89622015,0.19995186,0.17920089,False,0.98248744,True,True,True,0.8186697,0.89622015,0.19995186,0.17920089,0.81163949,0.89450759,0.19578583,0.17513191,0.97579485,0.93515436,0.040603625,0.037970657,0.79250943,0.82538447,0.0407941,0.033670817,0.67927763,0.88267516,0.066579593,0.058768153,0.77923686,0.99940104,0.082738299,0.082688742,0.81168756,0.89370999,0.097730568,0.087342784,0.87164198,0.8564556,0.12584992,0.10778487
0b_crop_best,file,18,baseline_crop,2038,036.Northern_Flicker/Northern_Flicker_0118_28500.jpg,36,35,036.Northern_Flicker,24,23,identity,identity,0,{},0.29972836,0.29972836,0,0.74101949,0.74101949,0.039238676,0.039238676,0.70178081,0.70178081,0,1,1,36.998631,36.998631,False,1,True,True,True,1,1,36.998631,36.998631,1,1,36.444525,36.444525,1,1,6.3792858,6.3792858,1,1,5.7480115,5.7480115,1,1,13.536912,13.536912,1,1,17.763004,17.763004,1,1,18.371356,18.371356,1,1,21.421595,21.421595
0b_crop_best,file,18,baseline_crop,2038,036.Northern_Flicker/Northern_Flicker_0118_28500.jpg,36,35,036.Northern_Flicker,24,23,random_resized_crop,random_resized_crop,0,"{""area_fraction"":0.678614,""aspect"":0.994921,""fallback"":false,""height"":0.825881,""left"":0.063965,""top"":0.132592,""width"":0.821686}",0.29972836,0.14696385,-0.15276451,0.74101949,0.86332518,0.039238676,0.0074399402,0.70178081,0.85588524,0.15410443,0.73239144,0.70069619,36.998631,25.924799,False,0.93606377,True,True,True,0.73239144,0.70069619,36.998631,25.924799,0.72760292,0.70376554,36.444525,25.6484,0.92896674,0.59184534,6.3792858,3.7755506,0.60719428,0.85422478,5.7480115,4.9100938,0.65967009,0.81727332,13.536912,11.063357,0.7283694,0.78203333,17.763004,13.891261,0.73771072,0.67465641,18.371356,12.394353,0.78735975,0.59917848,21.421595,12.835359
0b_crop_best,file,18,baseline_crop,6845,117.Clay_colored_Sparrow/Clay_Colored_Sparrow_0066_110819.jpg,117,116,117.Clay_colored_Sparrow,116,115,identity,identity,0,{},0.61347282,0.61347282,0,0.54146719,0.54146719,0.13947143,0.13947143,0.40199576,0.40199576,0,1,1,76.128056,76.128056,False,1,True,True,True,1,1,76.128056,76.128056,1,1,74.790335,74.790335,1,1,14.208681,14.208681,1,1,17.093031,17.093031,1,1,33.816539,33.816539,1,1,40.68867,40.68867,1,1,38.302988,38.302988,1,1,32.174174,32.174174
0b_crop_best,file,18,baseline_crop,6845,117.Clay_colored_Sparrow/Clay_Colored_Sparrow_0066_110819.jpg,117,116,117.Clay_colored_Sparrow,116,115,random_resized_crop,random_resized_crop,0,"{""area_fraction"":0.795081,""aspect"":1.095688,""fallback"":false,""height"":0.851848,""left"":0.038073,""top"":0.0244,""width"":0.93336}",0.61347282,0.58113468,-0.032338142,0.54146719,0.55926341,0.13947143,0.056150507,0.40199576,0.5031129,0.10111714,0.76856171,1.1057952,76.128056,84.182042,False,0.97525537,True,True,True,0.76856171,1.1057952,76.128056,84.182042,0.7633167,1.1093394,74.790335,82.967865,0.93315939,1.0026293,14.208681,14.24604,0.63194654,1.1819351,17.093031,20.202852,0.7851992,1.2125238,33.816539,41.003359,0.75375606,1.1108621,40.68867,45.199502,0.76400595,1.0273538,38.302988,39.350719,0.79919355,1.0779097,32.174174,34.680855
0b_crop_best,file,18,baseline_crop,7382,126.Nelson_Sharp_tailed_Sparrow/Nelson_Sharp_Tailed_Sparrow_0015_796922.jpg,126,125,126.Nelson_Sharp_tailed_Sparrow,124,123,identity,identity,0,{},1.1181118,1.1181118,0,0.32689649,0.32689649,0.54344076,0.54344076,-0.21654427,-0.21654427,0,1,1,125.06692,125.06692,False,1,True,False,False,1,1,125.06692,125.06692,1,1,123.25353,123.25353,1,1,21.220349,21.220349,1,1,24.629684,24.629684,1,1,64.292579,64.292579,1,1,70.746404,70.746404,1,1,54.121291,54.121291,1,1,50.170784,50.170784
0b_crop_best,file,18,baseline_crop,7382,126.Nelson_Sharp_tailed_Sparrow/Nelson_Sharp_Tailed_Sparrow_0015_796922.jpg,126,125,126.Nelson_Sharp_tailed_Sparrow,124,123,random_resized_crop,random_resized_crop,0,"{""area_fraction"":0.713158,""aspect"":1.316075,""fallback"":false,""height"":0.736127,""left"":0.026699,""top"":0.100924,""width"":0.968798}",1.1181118,1.103574,-0.014537811,0.32689649,0.33168352,0.54344076,0.62335128,-0.21654427,-0.29166776,-0.075123489,0.81212241,1.3077518,125.06692,163.5565,False,0.94035631,True,False,False,0.81212241,1.3077518,125.06692,163.5565,0.80906991,1.3122681,123.25353,161.74167,0.93751463,1.1450018,21.220349,24.297337,0.82668985,1.5827099,24.629684,38.981646,0.81301533,1.4628826,64.292579,94.052493,0.81908713,1.2839554,70.746404,90.835224,0.79280422,1.1977494,54.121291,64.823742,0.81853619,1.1522255,50.170784,57.808059
0b_crop_best,file,18,baseline_crop,3016,053.Western_Grebe/Western_Grebe_0046_36118.jpg,53,52,053.Western_Grebe,52,51,identity,identity,0,{},0.18201488,0.18201488,0,0.83358896,0.83358896,0.049587589,0.049587589,0.78400137,0.78400137,0,1,1,30.324597,30.324597,False,0.99999994,True,True,True,1,1,30.324597,30.324597,1,1,29.932238,29.932238,1,1,4.8623347,4.8623347,1,1,6.4155202,6.4155202,1,1,12.23639,12.23639,1,1,15.686782,15.686782,1,1,15.316222,15.316222,1,1,14.979618,14.979618
0b_crop_best,file,18,baseline_crop,3016,053.Western_Grebe/Western_Grebe_0046_36118.jpg,53,52,053.Western_Grebe,52,51,random_resized_crop,random_resized_crop,0,"{""area_fraction"":0.529722,""aspect"":0.858814,""fallback"":false,""height"":0.78537,""left"":0.220809,""top"":0.045667,""width"":0.674487}",0.18201488,0.10625806,-0.075756826,0.83358896,0.89919257,0.049587589,0.016297957,0.78400137,0.88289461,0.098893246,0.69788276,0.69451225,30.324597,21.060804,False,0.96634042,True,True,True,0.69788276,0.69451225,30.324597,21.060804,0.69161301,0.69522003,29.932238,20.809492,0.94605903,0.66713709,4.8623347,3.2438438,0.54666829,0.94966599,6.4155202,6.0926013,0.55859489,0.61896422,12.23639,7.5738874,0.72347947,0.67685275,15.686782,10.617641,0.70919968,0.70361581,15.316222,10.776736,0.76550832,0.69913502,14.979618,10.472776
0b_crop_best,file,18,baseline_crop,5196,089.Hooded_Merganser/Hooded_Merganser_0032_79032.jpg,89,88,089.Hooded_Merganser,46,45,identity,identity,0,{},0.00027605062,0.00027605062,0,0.99972397,0.99972397,3.7117916e-05,3.7117916e-05,0.99968685,0.99968685,0,1,1,0.037689006,0.037689006,False,1,True,True,True,1,1,0.037689006,0.037689006,1,1,0.036771191,0.036771191,1,1,0.0082668424,0.0082668424,1,1,0.0072850216,0.0072850216,1,1,0.013745053,0.013745053,1,1,0.015994349,0.015994349,1,1,0.017296648,0.017296648,1,1,0.023561181,0.023561181
0b_crop_best,file,18,baseline_crop,5196,089.Hooded_Merganser/Hooded_Merganser_0032_79032.jpg,89,88,089.Hooded_Merganser,46,45,random_resized_crop,random_resized_crop,0,"{""area_fraction"":0.84825,""aspect"":1.087848,""fallback"":false,""height"":0.883035,""left"":0.021165,""top"":0.055037,""width"":0.960608}",0.00027605062,0.00029428443,1.8233812e-05,0.99972397,0.99970573,3.7117916e-05,2.8086799e-05,0.99968685,0.99967765,-9.2079044e-06,0.81372434,1.1716678,0.037689006,0.044158996,False,0.99318045,True,True,True,0.81372434,1.1716678,0.037689006,0.044158996,0.80556501,1.1755836,0.036771191,0.043227611,0.98977454,1.0913081,0.0082668424,0.0090216717,0.79526587,1.2121561,0.0072850216,0.008830583,0.76389197,1.1203171,0.013745053,0.015398817,0.74820351,1.2505189,0.015994349,0.020001235,0.74714655,1.2154759,0.017296648,0.021023659,0.8856233,1.1320986,0.023561181,0.02667358
0b_crop_best,file,18,baseline_crop,4439,077.Tropical_Kingbird/Tropical_Kingbird_0102_69654.jpg,77,76,077.Tropical_Kingbird,20,19,identity,identity,0,{},0.10853864,0.10853864,0,0.8971442,0.8971442,0.041621611,0.041621611,0.85552259,0.85552259,0,1,1,16.701107,16.701107,False,1,True,True,True,1,1,16.701107,16.701107,1,1,16.409456,16.409456,1,1,3.1075243,3.1075243,1,1,4.505162,4.505162,1,1,8.7250835,8.7250835,1,1,7.6741576,7.6741576,1,1,7.5081333,7.5081333,1,1,7.5882757,7.5882757
0b_crop_best,file,18,baseline_crop,4439,077.Tropical_Kingbird/Tropical_Kingbird_0102_69654.jpg,77,76,077.Tropical_Kingbird,20,19,random_resized_crop,random_resized_crop,0,"{""area_fraction"":0.773848,""aspect"":1.017815,""fallback"":false,""height"":0.871953,""left"":0.033028,""top"":0.036296,""width"":0.887488}",0.10853864,0.25351712,0.14497848,0.8971442,0.77606648,0.041621611,0.043566391,0.85552259,0.73250009,-0.1230225,0.78169467,2.5884329,16.701107,43.229694,False,0.96899509,True,True,True,0.78169467,2.5884329,16.701107,43.229694,0.77853314,2.610802,16.409456,42.841841,0.94979229,1.8592979,3.1075243,5.7778132,0.83377774,2.676265,4.505162,12.057008,0.84846878,2.7918392,8.7250835,24.35903,0.7041245,2.9036229,7.6741576,22.28286,0.76543518,2.4854633,7.5081333,18.66119,0.78084444,2.0916616,7.5882757,15.872105
0b_crop_best,file,18,baseline_crop,11759,200.Common_Yellowthroat/Common_Yellowthroat_0088_190594.jpg,200,199,200.Common_Yellowthroat,98,97,identity,identity,0,{},0.094502941,0.094502941,0,0.90982509,0.90982509,0.03014821,0.03014821,0.87967688,0.87967688,0,1,1,14.498174,14.498174,False,1,True,True,True,1,1,14.498174,14.498174,1,1,14.135413,14.135413,1,1,3.2229127,3.2229127,1,1,3.1120793,3.1120793,1,1,5.9158173,5.9158173,1,1,7.3494731,7.3494731,1,1,6.7772958,6.7772958,1,1,7.428423,7.428423
0b_crop_best,file,18,baseline_crop,11759,200.Common_Yellowthroat/Common_Yellowthroat_0088_190594.jpg,200,199,200.Common_Yellowthroat,98,97,random_resized_crop,random_resized_crop,0,"{""area_fraction"":0.737135,""aspect"":0.836664,""fallback"":false,""height"":0.938638,""left"":0.111125,""top"":0.026367,""width"":0.785324}",0.094502941,1.1125786,1.0180757,0.90982509,0.32871026,0.03014821,0.0095446426,0.87967688,0.31916562,-0.56051126,0.56131102,9.0449731,14.498174,131.1356,False,0.93140334,False,True,False,0.56131102,9.0449731,14.498174,131.1356,0.54782454,9.0462022,14.135413,127.8718,0.82145826,9.0212974,3.2229127,29.074854,0.44554996,10.24688,3.1120793,31.889103,0.47547162,9.5204419,5.9158173,56.321195,0.47437601,8.8503793,7.3494731,65.045625,0.58377686,9.0195197,6.7772958,61.127953,0.66293049,8.7186857,7.428423,64.766085
0b_crop_best,file,18,baseline_crop,11421,194.Cactus_Wren/Cactus_Wren_0034_185817.jpg,194,193,194.Cactus_Wren,36,35,identity,identity,0,{},0.0057723494,0.0057723494,0,0.99424428,0.99424428,0.0037497648,0.0037497648,0.99049451,0.99049451,0,1,1,0.88802285,0.88802285,False,0.99999988,True,True,True,1,1,0.88802285,0.88802285,1,1,0.86123174,0.86123174,1,1,0.21648203,0.21648203,1,1,0.158163,0.158163,1,1,0.28893295,0.28893295,1,1,0.42927593,0.42927593,1,1,0.4452964,0.4452964,1,1,0.50065519,0.50065519
0b_crop_best,file,18,baseline_crop,11421,194.Cactus_Wren/Cactus_Wren_0034_185817.jpg,194,193,194.Cactus_Wren,36,35,random_resized_crop,random_resized_crop,0,"{""area_fraction"":0.677333,""aspect"":1.187123,""fallback"":false,""height"":0.755359,""left"":0.024833,""top"":0.090078,""width"":0.896704}",0.0057723494,0.14794415,0.1421718,0.99424428,0.86247927,0.0037497648,0.13389811,0.99049451,0.72858116,-0.26191335,0.63555244,33.11788,0.88802285,29.409434,False,0.96007776,True,True,True,0.63555244,33.11788,0.88802285,29.409434,0.61948219,33.365373,0.86123174,28.735318,0.93515713,28.920155,0.21648203,6.2606938,0.55252459,28.705483,0.158163,4.5401454,0.38823728,41.943888,0.28893295,12.118971,0.57903611,35.817258,0.42927593,15.375487,0.65877344,30.910261,0.4452964,13.764228,0.74883292,30.447906,0.50065519,15.243902
0b_crop_best,file,18,baseline_crop,3928,068.Ruby_throated_Hummingbird/Ruby_Throated_Hummingbird_0079_58075.jpg,68,67,068.Ruby_throated_Hummingbird,33,32,identity,identity,0,{},1.8320411,1.8320411,0,0.16008648,0.16008648,0.32224384,0.32224384,-0.16215736,-0.16215736,0,1,1,149.10407,149.10407,False,1,True,False,False,1,1,149.10407,149.10407,1,1,147.32796,147.32796,1,1,22.945471,22.945471,1,1,48.218059,48.218059,1,1,64.934464,64.934464,1,1,70.508233,70.508233,1,1,70.447727,70.447727,1,1,72.317141,72.317141
0b_crop_best,file,18,baseline_crop,3928,068.Ruby_throated_Hummingbird/Ruby_Throated_Hummingbird_0079_58075.jpg,68,67,068.Ruby_throated_Hummingbird,33,32,random_resized_crop,random_resized_crop,0,"{""area_fraction"":0.583702,""aspect"":0.969475,""fallback"":false,""height"":0.775938,""left"":0.166784,""top"":0.001394,""width"":0.752253}",1.8320411,0.45395726,-1.3780839,0.16008648,0.63510984,0.32224384,0.05929821,-0.16215736,0.57581163,0.73796899,0.64478482,0.47530558,149.10407,70.869994,False,0.91067576,False,False,True,0.64478482,0.47530558,149.10407,70.869994,0.63911048,0.47538263,147.32796,70.037153,0.88035053,0.47211815,22.945471,10.832973,0.70429288,0.52936024,48.218059,25.524723,0.66508671,0.45033928,64.934464,29.24254,0.57098129,0.49728517,70.508233,35.062698,0.61313599,0.48005891,70.447727,33.819059,0.68769135,0.44280716,72.317141,32.022548
0b_crop_best,file,18,baseline_crop,7969,136.Barn_Swallow/Barn_Swallow_0042_132043.jpg,136,135,136.Barn_Swallow,135,134,identity,identity,0,{},11.14919,11.14919,0,1.4386936e-05,1.4386936e-05,0.99412835,0.99412835,-0.99411396,-0.99411396,0,1,1,254.72215,254.72215,False,1,True,False,False,1,1,254.72215,254.72215,1,1,250.04928,250.04928,1,1,48.566778,48.566778,1,1,54.796983,54.796983,1,1,108.82291,108.82291,1,1,144.2994,144.2994,1,1,118.33784,118.33784,1,1,113.37259,113.37259
0b_crop_best,file,18,baseline_crop,7969,136.Barn_Swallow/Barn_Swallow_0042_132043.jpg,136,135,136.Barn_Swallow,135,134,random_resized_crop,random_resized_crop,0,"{""area_fraction"":0.503529,""aspect"":0.852147,""fallback"":false,""height"":0.768697,""left"":0.044585,""top"":0.168654,""width"":0.655043}",11.14919,7.4403429,-3.708847,1.4386936e-05,0.00058708375,0.99412835,0.89673555,-0.99411396,-0.89614847,0.097965494,0.67041762,0.8357384,254.72215,212.88108,False,0.93944907,True,False,False,0.67041762,0.8357384,254.72215,212.88108,0.65961145,0.83300032,250.04928,208.29113,0.9362192,0.90530444,48.566778,43.967719,0.51321305,0.75459869,54.796983,41.349732,0.55592804,0.6791684,108.82291,73.909084,0.66665382,0.76127045,144.2994,109.85087,0.67537743,0.89900214,118.33784,106.38597,0.75155403,0.9990001,113.37259,113.25923
0b_crop_best,file,18,baseline_crop,1491,027.Shiny_Cowbird/Shiny_Cowbird_0070_796832.jpg,27,26,027.Shiny_Cowbird,107,106,identity,identity,0,{},3.2168069,3.2168069,0,0.04008285,0.04008285,0.51752698,0.51752698,-0.47744413,-0.47744413,0,1,1,198.76326,198.76326,False,1,True,False,False,1,1,198.76326,198.76326,1,1,196.05107,196.05107,1,1,32.723244,32.723244,1,1,42.827019,42.827019,1,1,82.40145,82.40145,1,1,112.67261,112.67261,1,1,96.787987,96.787987,1,1,88.027496,88.027496
0b_crop_best,file,18,baseline_crop,1491,027.Shiny_Cowbird/Shiny_Cowbird_0070_796832.jpg,27,26,027.Shiny_Cowbird,107,106,random_resized_crop,random_resized_crop,0,"{""area_fraction"":0.897056,""aspect"":0.91902,""fallback"":false,""height"":0.987978,""left"":0.008704,""top"":0.000129,""width"":0.907972}",3.2168069,2.2704833,-0.94632363,0.04008285,0.10326227,0.51752698,0.4435322,-0.47744413,-0.34026993,0.1371742,0.85046446,0.74633754,198.76326,148.34448,False,0.97850293,True,False,False,0.85046446,0.74633754,198.76326,148.34448,0.84693912,0.74383057,196.05107,145.82878,0.96879088,0.83133265,32.723244,27.203901,0.68218583,0.76121094,42.827019,32.600396,0.79862249,0.79748173,82.40145,65.713651,0.87389022,0.67808163,112.67261,76.401227,0.87012857,0.75635665,96.787987,73.206237,0.87082535,0.77786849,88.027496,68.473815
0b_crop_best,file,18,baseline_crop,6000,103.Sayornis/Sayornis_0076_98941.jpg,103,102,103.Sayornis,77,76,identity,identity,0,{},0.28105795,0.28105795,0,0.75498456,0.75498456,0.076531947,0.076531947,0.67845261,0.67845261,0,1,1,37.689557,37.689557,False,0.99999994,True,True,True,1,1,37.689557,37.689557,1,1,37.139904,37.139904,1,1,6.4132838,6.4132838,1,1,9.1619299,9.1619299,1,1,18.632236,18.632236,1,1,18.810652,18.810652,1,1,17.750534,17.750534,1,1,16.713744,16.713744
0b_crop_best,file,18,baseline_crop,6000,103.Sayornis/Sayornis_0076_98941.jpg,103,102,103.Sayornis,77,76,random_resized_crop,random_resized_crop,0,"{""area_fraction"":0.531119,""aspect"":0.984459,""fallback"":false,""height"":0.734509,""left"":0.158987,""top"":0.108844,""width"":0.723094}",0.28105795,0.10661408,-0.17444387,0.75498456,0.89887249,0.076531947,0.04437549,0.67845261,0.854497,0.17604439,0.69054354,0.54659918,37.689557,20.601081,False,0.93535507,True,True,True,0.69054354,0.54659918,37.689557,20.601081,0.68403877,0.54631837,37.139904,20.290212,0.90502074,0.55593452,6.4132838,3.5653659,0.37913619,0.41712749,9.1619299,3.8216929,0.74892296,0.57825486,18.632236,10.774181,0.70052865,0.58797541,18.810652,11.060201,0.65362808,0.53734179,17.750534,9.538104,0.69405966,0.4922929,16.713744,8.2280576
0b_crop_best,file,18,baseline_crop,3208,056.Pine_Grosbeak/Pine_Grosbeak_0068_38981.jpg,56,55,056.Pine_Grosbeak,185,184,identity,identity,0,{},0.01207683,0.01207683,0,0.9879958,0.9879958,0.0008905633,0.0008905633,0.98710524,0.98710524,0,1,1,1.9171971,1.9171971,False,1,True,True,True,1,1,1.9171971,1.9171971,1,1,1.8911819,1.8911819,1,1,0.31476321,0.31476321,1,1,0.31951586,0.31951586,1,1,0.89743261,0.89743261,1,1,0.95505093,0.95505093,1,1,0.87858818,0.87858818,1,1,0.9924988,0.9924988
0b_crop_best,file,18,baseline_crop,3208,056.Pine_Grosbeak/Pine_Grosbeak_0068_38981.jpg,56,55,056.Pine_Grosbeak,185,184,random_resized_crop,random_resized_crop,0,"{""area_fraction"":0.751753,""aspect"":0.830312,""fallback"":false,""height"":0.951518,""left"":0.00073,""top"":0.030617,""width"":0.790056}",0.01207683,0.0010178868,-0.011058943,0.9879958,0.99898261,0.0008905633,3.3922446e-05,0.98710524,0.99894869,0.011843446,0.69141438,0.093009382,1.9171971,0.17831732,False,0.95760477,True,True,True,0.69141438,0.093009382,1.9171971,0.17831732,0.68361357,0.092333893,1.8911819,0.17462019,0.93384267,0.11476183,0.31476321,0.036122802,0.53053588,0.070532161,0.31951586,0.022536144,0.60870583,0.084627356,0.89743261,0.075947349,0.6610586,0.087930571,0.95505093,0.083978173,0.66691441,0.097620701,0.87858818,0.085768394,0.78514349,0.099782735,0.9924988,0.099034244
0b_crop_best,file,18,baseline_crop,5522,095.Baltimore_Oriole/Baltimore_Oriole_0045_88178.jpg,95,94,095.Baltimore_Oriole,20,19,identity,identity,0,{},0.0024328416,0.0024328416,0,0.9975701,0.9975701,0.0011418303,0.0011418303,0.99642827,0.99642827,0,1,1,0.28961937,0.28961937,False,1,True,True,True,1,1,0.28961937,0.28961937,1,1,0.27663379,0.27663379,1,1,0.085750343,0.085750343,1,1,0.046720134,0.046720134,1,1,0.093112717,0.093112717,1,1,0.11491335,0.11491335,1,1,0.14437453,0.14437453,1,1,0.17783257,0.17783257
0b_crop_best,file,18,baseline_crop,5522,095.Baltimore_Oriole/Baltimore_Oriole_0045_88178.jpg,95,94,095.Baltimore_Oriole,20,19,random_resized_crop,random_resized_crop,0,"{""area_fraction"":0.655137,""aspect"":1.047781,""fallback"":false,""height"":0.790735,""left"":0.086335,""top"":0.076291,""width"":0.828516}",0.0024328416,0.0063497461,0.0039169046,0.9975701,0.99367034,0.0011418303,0.0010468565,0.99642827,0.99262349,-0.0038047793,0.69754506,2.6469388,0.28961937,0.76660474,False,0.98468244,True,True,True,0.69754506,2.6469388,0.28961937,0.76660474,0.67861576,2.6745973,0.27663379,0.73988399,0.92850308,2.3397605,0.085750343,0.20063527,0.42816301,3.5926513,0.046720134,0.16784915,0.52356668,2.7666899,0.093112717,0.25761401,0.63707386,3.0070292,0.11491335,0.34554781,0.67066187,2.5437427,0.14437453,0.36725165,0.7838684,2.5060657,0.17783257,0.44566011
0b_crop_best,file,18,baseline_crop,8626,147.Least_Tern/Least_Tern_0020_153458.jpg,147,146,147.Least_Tern,146,145,identity,identity,0,{},0.56479979,0.56479979,0,0.56847394,0.56847394,0.37947085,0.37947085,0.18900308,0.18900308,0,1,1,100.99801,100.99801,False,1.0000001,True,True,True,1,1,100.99801,100.99801,1,1,98.928816,98.928816,1,1,20.339283,20.339283,1,1,28.864676,28.864676,1,1,51.154421,51.154421,1,1,50.457834,50.457834,1,1,44.017859,44.017859,1,1,43.051149,43.051149
0b_crop_best,file,18,baseline_crop,8626,147.Least_Tern/Least_Tern_0020_153458.jpg,147,146,147.Least_Tern,146,145,random_resized_crop,random_resized_crop,0,"{""area_fraction"":0.774232,""aspect"":0.792813,""fallback"":false,""height"":0.988212,""left"":0.161506,""top"":0.011388,""width"":0.783467}",0.56479979,1.4826291,0.91782928,0.56847394,0.22703999,0.37947085,0.69992781,0.18900308,-0.47288781,-0.66189089,0.80654382,1.945489,100.99801,196.49051,False,0.96684217,False,True,False,0.80654382,1.945489,100.99801,196.49051,0.80001935,1.9481026,98.928816,192.72349,0.96672255,1.8825978,20.339283,38.290688,0.86354999,1.7898741,28.864676,51.664136,0.74969435,1.9045964,51.154421,97.428528,0.81974742,2.1074704,50.457834,106.33839,0.79271848,1.8819831,44.017859,82.840868,0.82747105,1.9169064,43.051149,82.525021
0b_crop_best,file,18,baseline_crop,1332,024.Red_faced_Cormorant/Red_Faced_Cormorant_0036_796329.jpg,24,23,024.Red_faced_Cormorant,5,4,identity,identity,0,{},0.52086508,0.52086508,0,0.59400648,0.59400648,0.16870826,0.16870826,0.42529821,0.42529821,0,1,1,71.653652,71.653652,False,1,True,True,True,1,1,71.653652,71.653652,1,1,70.576138,70.576138,1,1,12.379606,12.379606,1,1,15.556318,15.556318,1,1,31.618996,31.618996,1,1,36.953082,36.953082,1,1,35.246389,35.246389,1,1,33.636187,33.636187
0b_crop_best,file,18,baseline_crop,1332,024.Red_faced_Cormorant/Red_Faced_Cormorant_0036_796329.jpg,24,23,024.Red_faced_Cormorant,5,4,random_resized_crop,random_resized_crop,0,"{""area_fraction"":0.532478,""aspect"":0.896379,""fallback"":false,""height"":0.770735,""left"":0.187076,""top"":0.081392,""width"":0.69087}",0.52086508,1.7692826,1.2484175,0.59400648,0.17045525,0.16870826,0.27482739,0.42529821,-0.10437214,-0.52967036,0.72801507,1.8738914,71.653652,134.27116,False,0.91984087,False,True,False,0.72801507,1.8738914,71.653652,134.27116,0.72256894,1.8744469,70.576138,132.29122,0.90684119,1.8557463,12.379606,22.973408,0.75060787,2.0452101,15.556318,31.815939,0.7057203,1.9342502,31.618996,61.15905,0.71886535,1.8715469,36.953082,69.159428,0.72061477,1.8524448,35.246389,65.29199,0.74004631,1.8089393,33.636187,60.845821
0b_crop_best,file,18,baseline_crop,3799,066.Western_Gull/Western_Gull_0080_53445.jpg,66,65,066.Western_Gull,62,61,identity,identity,0,{},0.13033774,0.13033774,0,0.87779891,0.87779891,0.077373929,0.077373929,0.80042499,0.80042499,0,1,1,19.981591,19.981591,False,0.99999988,True,True,True,1,1,19.981591,19.981591,1,1,19.319896,19.319896,1,1,5.0995672,5.0995672,1,1,4.0301574,4.0301574,1,1,10.926554,10.926554,1,1,9.0027561,9.0027561,1,1,8.3721196,8.3721196,1,1,9.2997114,9.2997114
0b_crop_best,file,18,baseline_crop,3799,066.Western_Gull/Western_Gull_0080_53445.jpg,66,65,066.Western_Gull,62,61,random_resized_crop,random_resized_crop,0,"{""area_fraction"":0.547107,""aspect"":1.088839,""fallback"":false,""height"":0.70885,""left"":0.105232,""top"":0.059966,""width"":0.771823}",0.13033774,0.76278722,0.63244948,0.87779891,0.46636474,0.077373929,0.305473,0.80042499,0.16089174,-0.63953324,0.69639991,4.1525733,19.981591,82.97502,False,0.90443891,True,True,True,0.69639991,4.1525733,19.981591,82.97502,0.6850698,4.1894816,19.319896,80.94035,0.89474828,3.5811585,5.0995672,18.262358,0.70693901,4.7440842,4.0301574,19.119406,0.74591679,3.802693,10.926554,41.55033,0.6576866,4.6806187,9.0027561,42.138468,0.61691232,4.0339773,8.3721196,33.772941,0.69592153,4.2240309,9.2997114,39.282269
0b_crop_best,file,18,baseline_crop,861,016.Painted_Bunting/Painted_Bunting_0028_15205.jpg,16,15,016.Painted_Bunting,97,96,identity,identity,0,{},0.014033802,0.014033802,0,0.9860642,0.9860642,0.0036499915,0.0036499915,0.9824142,0.9824142,0,1,1,2.4616466,2.4616466,False,1,True,True,True,1,1,2.4616466,2.4616466,1,1,2.4276131,2.4276131,1,1,0.40791935,0.40791935,1,1,0.38810166,0.38810166,1,1,0.98364206,0.98364206,1,1,1.314585,1.314585,1,1,1.1571713,1.1571713,1,1,1.3068863,1.3068863
0b_crop_best,file,18,baseline_crop,861,016.Painted_Bunting/Painted_Bunting_0028_15205.jpg,16,15,016.Painted_Bunting,97,96,random_resized_crop,random_resized_crop,0,"{""area_fraction"":0.61746,""aspect"":1.126331,""fallback"":false,""height"":0.740409,""left"":0.151067,""top"":0.185246,""width"":0.833945}",0.014033802,0.0011926927,-0.012841109,0.9860642,0.99880803,0.0036499915,0.00011015497,0.9824142,0.99869787,0.016283667,0.68283267,0.079659369,2.4616466,0.19609321,False,0.96603489,True,True,True,0.68283267,0.079659369,2.4616466,0.19609321,0.67473962,0.078812556,2.4276131,0.1913264,0.92514628,0.10534907,0.40791935,0.042973923,0.57624992,0.071256228,0.38810166,0.02765466,0.6514439,0.077941769,0.98364206,0.076666802,0.62235743,0.073889784,1.314585,0.097134402,0.62056512,0.077174067,1.1571713,0.089303617,0.78186376,0.085730562,1.3068863,0.1120401
0b_crop_best,file,18,baseline_crop,8361,143.Caspian_Tern/Caspian_Tern_0101_145164.jpg,143,142,143.Caspian_Tern,145,144,identity,identity,0,{},0.39034379,0.39034379,0,0.67682415,0.67682415,0.31861913,0.31861913,0.35820502,0.35820502,0,1,1,50.392614,50.392614,False,1,True,True,True,1,1,50.392614,50.392614,1,1,48.012884,48.012884,1,1,15.302891,15.302891,1,1,12.136996,12.136996,1,1,19.423314,19.423314,1,1,23.677517,23.677517,1,1,22.845356,22.845356,1,1,26.422153,26.422153
0b_crop_best,file,18,baseline_crop,8361,143.Caspian_Tern/Caspian_Tern_0101_145164.jpg,143,142,143.Caspian_Tern,145,144,random_resized_crop,random_resized_crop,0,"{""area_fraction"":0.629094,""aspect"":0.932128,""fallback"":false,""height"":0.821524,""left"":0.232923,""top"":0.09267,""width"":0.765765}",0.39034379,0.6196422,0.22929841,0.67682415,0.53813696,0.31861913,0.44760317,0.35820502,0.090533793,-0.26767123,0.7544817,1.4821636,50.392614,74.690098,False,0.95684391,True,True,True,0.7544817,1.4821636,50.392614,74.690098,0.73383058,1.4815125,48.012884,71.131687,0.95681537,1.4885582,15.302891,22.779244,0.84003553,1.7646948,12.136996,21.418094,0.68812238,1.5893785,19.423314,30.870997,0.72114061,1.515226,23.677517,35.876791,0.7010008,1.4184873,22.845356,32.405848,0.77743481,1.3701882,26.422153,36.203323
0b_crop_best,file,18,baseline_crop,1973,035.Purple_Finch/Purple_Finch_0134_27526.jpg,35,34,035.Purple_Finch,119,118,identity,identity,0,{},0.19730799,0.19730799,0,0.82093775,0.82093775,0.088034779,0.088034779,0.73290297,0.73290297,0,1,1,38.344562,38.344562,False,1,True,True,True,1,1,38.344562,38.344562,1,1,37.955391,37.955391,1,1,5.4491961,5.4491961,1,1,8.8732498,8.8732498,1,1,19.961107,19.961107,1,1,20.648109,20.648109,1,1,17.682555,17.682555,1,1,14.980459,14.980459
0b_crop_best,file,18,baseline_crop,1973,035.Purple_Finch/Purple_Finch_0134_27526.jpg,35,34,035.Purple_Finch,119,118,random_resized_crop,random_resized_crop,0,"{""area_fraction"":0.606105,""aspect"":0.862266,""fallback"":false,""height"":0.838404,""left"":0.266572,""top"":0.021676,""width"":0.722927}",0.19730799,0.030892566,-0.16641542,0.82093775,0.96957976,0.088034779,0.0042798528,0.73290297,0.9652999,0.23239693,0.67555412,0.13945945,38.344562,5.3475116,False,0.93957335,True,True,True,0.67555412,0.13945945,38.344562,5.3475116,0.6711231,0.13944006,37.955391,5.292502,0.88907825,0.14039697,5.4491961,0.76505064,0.63454734,0.13683157,8.8732498,1.2141407,0.67550546,0.12713403,19.961107,2.5377359,0.6852822,0.1408944,20.648109,2.9092029,0.65469727,0.13602613,17.682555,2.4052896,0.68322781,0.16142038,14.980459,2.4181515
0b_crop_best,file,18,baseline_crop,1837,033.Yellow_billed_Cuckoo/Yellow_Billed_Cuckoo_0097_26713.jpg,33,32,033.Yellow_billed_Cuckoo,31,30,identity,identity,0,{},0.089369081,0.089369081,0,0.91450799,0.91450799,0.049339555,0.049339555,0.86516843,0.86516843,0,1,1,12.668436,12.668436,False,1,True,True,True,1,1,12.668436,12.668436,1,1,12.319567,12.319567,1,1,2.9525474,2.9525474,1,1,2.4800763,2.4800763,1,1,4.9623278,4.9623278,1,1,6.901758,6.901758,1,1,6.0913597,6.0913597,1,1,6.0214063,6.0214063
0b_crop_best,file,18,baseline_crop,1837,033.Yellow_billed_Cuckoo/Yellow_Billed_Cuckoo_0097_26713.jpg,33,32,033.Yellow_billed_Cuckoo,31,30,random_resized_crop,random_resized_crop,0,"{""area_fraction"":0.553981,""aspect"":0.773337,""fallback"":false,""height"":0.846375,""left"":0.11015,""top"":0.136618,""width"":0.654533}",0.089369081,0.14289273,0.053523652,0.91450799,0.86684704,0.049339555,0.085474648,0.86516843,0.78137239,-0.083796039,0.65552698,1.7666899,12.668436,22.381198,False,0.93487573,True,True,True,0.65552698,1.7666899,12.668436,22.381198,0.64113684,1.7747987,12.319567,21.864752,0.93279419,1.6190198,2.9525474,4.7802327,0.62655185,2.5252264,2.4800763,6.2627542,0.67914005,1.643697,4.9623278,8.1565633,0.60997836,1.7219341,6.901758,11.884372,0.61786825,1.7751835,6.0913597,10.813281,0.69558475,1.7743562,6.0214063,10.684119
0b_crop_best,file,18,baseline_crop,4840,083.White_breasted_Kingfisher/White_Breasted_Kingfisher_0074_73408.jpg,83,82,083.White_breasted_Kingfisher,165,164,identity,identity,0,{},0.79986978,0.79986978,0,0.44938746,0.44938746,0.12952195,0.12952195,0.31986551,0.31986551,0,1,1,104.27211,104.27211,False,1,True,True,True,1,1,104.27211,104.27211,1,1,102.86879,102.86879,1,1,17.049503,17.049503,1,1,31.68599,31.68599,1,1,45.763863,45.763863,1,1,52.360539,52.360539,1,1,51.580031,51.580031,1,1,45.62377,45.62377
0b_crop_best,file,18,baseline_crop,4840,083.White_breasted_Kingfisher/White_Breasted_Kingfisher_0074_73408.jpg,83,82,083.White_breasted_Kingfisher,165,164,random_resized_crop,random_resized_crop,0,"{""area_fraction"":0.732499,""aspect"":1.307661,""fallback"":false,""height"":0.748438,""left"":0.006097,""top"":0.107132,""width"":0.978704}",0.79986978,1.0752126,0.27534282,0.44938746,0.34122521,0.12952195,0.14566916,0.31986551,0.19555604,-0.12430947,0.77354914,1.0029952,104.27211,104.58442,False,0.95986611,True,True,True,0.77354914,1.0029952,104.27211,104.58442,0.7684299,1.0025096,102.86879,103.12694,0.95673885,1.0205161,17.049503,17.399292,0.86283891,1.0837409,31.68599,34.339405,0.7398284,0.89091038,45.763863,40.771501,0.73874488,0.98589417,52.360539,51.62195,0.75924801,1.0172872,51.580031,52.471704,0.80091235,1.0682946,45.62377,48.739626
0b_crop_best,file,18,baseline_crop,8917,152.Blue_headed_Vireo/Blue_Headed_Vireo_0031_156056.jpg,152,151,152.Blue_headed_Vireo,156,155,identity,identity,0,{},0.10729503,0.10729503,0,0.89826059,0.89826059,0.016222665,0.016222665,0.88203793,0.88203793,0,1,1,21.542858,21.542858,False,1,True,True,True,1,1,21.542858,21.542858,1,1,21.318661,21.318661,1,1,3.099912,3.099912,1,1,6.1165411,6.1165411,1,1,12.700634,12.700634,1,1,10.504709,10.504709,1,1,9.0017119,9.0017119,1,1,8.0241752,8.0241752
0b_crop_best,file,18,baseline_crop,8917,152.Blue_headed_Vireo/Blue_Headed_Vireo_0031_156056.jpg,152,151,152.Blue_headed_Vireo,156,155,random_resized_crop,random_resized_crop,0,"{""area_fraction"":0.714932,""aspect"":0.868555,""fallback"":false,""height"":0.907264,""left"":0.186204,""top"":0.009791,""width"":0.788009}",0.10729503,0.59136772,0.48407269,0.89826059,0.55356967,0.016222665,0.064459041,0.88203793,0.48911063,-0.39292729,0.8008194,4.5102571,21.542858,97.16383,False,0.94502068,True,True,True,0.8008194,4.5102571,21.542858,97.16383,0.7978534,4.5098197,21.318661,96.143316,0.9404544,4.5308967,3.099912,14.045381,0.62158099,4.1107867,6.1165411,25.143796,0.83448385,4.4928453,12.700634,57.061983,0.80843235,4.7252372,10.504709,49.637243,0.78329838,4.4903329,9.0017119,40.420683,0.80268763,4.4194229,8.0241752,35.462224
0b_crop_best,file,18,baseline_crop,2827,049.Boat_tailed_Grackle/Boat_Tailed_Grackle_0067_34032.jpg,49,48,049.Boat_tailed_Grackle,29,28,identity,identity,0,{},6.1876001,6.1876001,0,0.0020547519,0.0020547519,0.54771256,0.54771256,-0.54565781,-0.54565781,0,1,1,251.08983,251.08983,False,1,True,False,False,1,1,251.08983,251.08983,1,1,247.18756,247.18756,1,1,44.095456,44.095456,1,1,42.532121,42.532121,1,1,131.46078,131.46078,1,1,142.21712,142.21712,1,1,105.95473,105.95473,1,1,102.75534,102.75534
0b_crop_best,file,18,baseline_crop,2827,049.Boat_tailed_Grackle/Boat_Tailed_Grackle_0067_34032.jpg,49,48,049.Boat_tailed_Grackle,29,28,random_resized_crop,random_resized_crop,0,"{""area_fraction"":0.63994,""aspect"":0.893425,""fallback"":false,""height"":0.846332,""left"":0.207811,""top"":0.072464,""width"":0.756134}",6.1876001,4.5106955,-1.6769047,0.0020547519,0.010990816,0.54771256,0.55755413,-0.54565781,-0.54656331,-0.000905497,0.75779726,1.0735559,251.08983,269.55896,False,0.93215334,True,False,False,0.75779726,1.0735559,251.08983,269.55896,0.75393545,1.0763377,247.18756,266.05731,0.89388318,0.98213203,44.095456,43.30756,0.59563776,1.1319732,42.532121,48.145223,0.77955178,1.0011063,131.46078,131.60622,0.78870383,1.0802883,142.21712,153.6355,0.69934614,1.1096829,105.95473,117.57615,0.74205443,1.1399285,102.75534,117.13374
0b_crop_best,file,18,baseline_crop,5699,098.Scott_Oriole/Scott_Oriole_0068_795804.jpg,98,97,098.Scott_Oriole,96,95,identity,identity,0,{},0.011726731,0.011726731,0,0.98834175,0.98834175,0.0019452547,0.0019452547,0.98639649,0.98639649,0,1,1,1.8517903,1.8517903,False,1,True,True,True,1,1,1.8517903,1.8517903,1,1,1.8197996,1.8197996,1,1,0.34271998,0.34271998,1,1,0.53019137,0.53019137,1,1,0.76871892,0.76871892,1,1,0.82005336,0.82005336,1,1,0.8934633,0.8934633,1,1,0.98431426,0.98431426
0b_crop_best,file,18,baseline_crop,5699,098.Scott_Oriole/Scott_Oriole_0068_795804.jpg,98,97,098.Scott_Oriole,96,95,random_resized_crop,random_resized_crop,0,"{""area_fraction"":0.792522,""aspect"":0.822307,""fallback"":false,""height"":0.981722,""left"":0.062355,""top"":0.006348,""width"":0.807277}",0.011726731,0.0028013056,-0.0089254258,0.98834175,0.99720263,0.0019452547,0.00026077181,0.98639649,0.99694186,0.010545369,0.82368584,0.26032375,1.8517903,0.48206499,False,0.97743231,True,True,True,0.82368584,0.26032375,1.8517903,0.48206499,0.81874021,0.26071319,1.8197996,0.47444576,0.97045992,0.24909284,0.34271998,0.085369093,0.87267367,0.30580392,0.53019137,0.1621346,0.79118892,0.25097064,0.76871892,0.19292588,0.77641223,0.27265691,0.82005336,0.22359322,0.80463892,0.2628213,0.8934633,0.23482119,0.86953243,0.24139075,0.98431426,0.23760436
0b_crop_best,file,18,baseline_crop,8653,148.Green_tailed_Towhee/Green_Tailed_Towhee_0074_154915.jpg,148,147,148.Green_tailed_Towhee,174,173,identity,identity,0,{},1.8216594,1.8216594,0,0.16175711,0.16175711,0.36576256,0.36576256,-0.20400545,-0.20400545,0,1,1,178.73244,178.73244,False,1,True,False,False,1,1,178.73244,178.73244,1,1,176.41407,176.41407,1,1,28.694261,28.694261,1,1,30.34657,30.34657,1,1,69.005234,69.005234,1,1,104.25221,104.25221,1,1,87.234729,87.234729,1,1,83.431807,83.431807
0b_crop_best,file,18,baseline_crop,8653,148.Green_tailed_Towhee/Green_Tailed_Towhee_0074_154915.jpg,148,147,148.Green_tailed_Towhee,174,173,random_resized_crop,random_resized_crop,0,"{""area_fraction"":0.878505,""aspect"":0.981876,""fallback"":false,""height"":0.945897,""left"":0.019917,""top"":0.043171,""width"":0.928753}",1.8216594,1.5992223,-0.22243714,0.16175711,0.20205359,0.36576256,0.14936137,-0.20400545,0.05269222,0.25669767,0.7304345,0.89793787,178.73244,160.49062,False,0.92103934,False,False,True,0.7304345,0.89793787,178.73244,160.49062,0.72614344,0.89805641,176.41407,158.42978,0.893477,0.89344558,28.694261,25.63676,0.52464567,0.85023506,30.34657,25.801718,0.59898241,0.93846761,69.005234,64.759177,0.75838341,0.92488164,104.25221,96.420951,0.73564916,0.86003259,87.234729,75.02471,0.78417769,0.87380037,83.431807,72.902744
0b_crop_best,file,18,baseline_crop,7111,122.Harris_Sparrow/Harris_Sparrow_0081_116574.jpg,122,121,122.Harris_Sparrow,99,98,identity,identity,0,{},0.015622729,0.015622729,0,0.98449868,0.98449868,0.002804257,0.002804257,0.98169442,0.98169442,0,1,1,3.0618517,3.0618517,False,1,True,True,True,1,1,3.0618517,3.0618517,1,1,3.0293448,3.0293448,1,1,0.44497825,0.44497825,1,1,0.6278965,0.6278965,1,1,1.3412864,1.3412864,1,1,1.9008688,1.9008688,1,1,1.3109872,1.3109872,1,1,1.2851604,1.2851604
0b_crop_best,file,18,baseline_crop,7111,122.Harris_Sparrow/Harris_Sparrow_0081_116574.jpg,122,121,122.Harris_Sparrow,99,98,random_resized_crop,random_resized_crop,0,"{""area_fraction"":0.613956,""aspect"":0.953477,""fallback"":false,""height"":0.802441,""left"":0.211264,""top"":0.197048,""width"":0.76511}",0.015622729,0.0047737677,-0.010848961,0.98449868,0.99523759,0.002804257,0.00036938154,0.98169442,0.99486821,0.013173785,0.61173258,0.33257912,3.0618517,1.0183079,False,0.95719266,True,True,True,0.61173258,0.33257912,3.0618517,1.0183079,0.60404598,0.33208576,3.0293448,1.0060023,0.94657315,0.35469262,0.44497825,0.1578305,0.49926286,0.36263832,0.6278965,0.22769933,0.7026986,0.36191002,1.3412864,0.48542499,0.53757125,0.29965362,1.9008688,0.56960221,0.53172882,0.3493103,1.3109872,0.45794132,0.7323203,0.33952773,1.2851604,0.43634759
0b_crop_best,file,18,baseline_crop,6416,110.Geococcyx/Geococcyx_0106_104216.jpg,110,109,110.Geococcyx,100,99,identity,identity,0,{},0.00020192015,0.00020192015,0,0.99979812,0.99979812,5.0531169e-05,5.0531169e-05,0.99974759,0.99974759,0,1,1,0.028231219,0.028231219,False,1,True,True,True,1,1,0.028231219,0.028231219,1,1,0.027249763,0.027249763,1,1,0.0073791665,0.0073791665,1,1,0.0071468981,0.0071468981,1,1,0.011271233,0.011271233,1,1,0.011874485,0.011874485,1,1,0.012568679,0.012568679,1,1,0.016292811,0.016292811
0b_crop_best,file,18,baseline_crop,6416,110.Geococcyx/Geococcyx_0106_104216.jpg,110,109,110.Geococcyx,100,99,random_resized_crop,random_resized_crop,0,"{""area_fraction"":0.658122,""aspect"":0.756239,""fallback"":false,""height"":0.932875,""left"":0.04241,""top"":0.013709,""width"":0.705477}",0.00020192015,0.00070725696,0.00050533681,0.99979812,0.99929297,5.0531169e-05,0.00011888646,0.99974759,0.99917408,-0.00057350465,0.75581822,3.9103884,0.028231219,0.11039503,False,0.97320455,True,True,True,0.75581822,3.9103884,0.028231219,0.11039503,0.74327699,3.927289,0.027249763,0.1070177,0.94031763,3.6721647,0.0073791665,0.027097515,0.82228643,3.8545992,0.0071468981,0.027548428,0.68204101,3.7271507,0.011271233,0.042009583,0.74327444,4.4357279,0.011874485,0.052671984,0.67896896,4.0527613,0.012568679,0.050937857,0.80558381,3.6621222,0.016292811,0.059666263
0b_crop_best,file,18,baseline_crop,2343,041.Scissor_tailed_Flycatcher/Scissor_Tailed_Flycatcher_0126_41905.jpg,41,40,041.Scissor_tailed_Flycatcher,91,90,identity,identity,0,{},0.048173785,0.048173785,0,0.95296818,0.95296818,0.017371755,0.017371755,0.93559643,0.93559643,0,1,1,10.335837,10.335837,False,1,True,True,True,1,1,10.335837,10.335837,1,1,10.210746,10.210746,1,1,1.6031845,1.6031845,1,1,2.0818513,2.0818513,1,1,4.4650359,4.4650359,1,1,6.355517,6.355517,1,1,4.6418904,4.6418904,1,1,4.2484041,4.2484041
0b_crop_best,file,18,baseline_crop,2343,041.Scissor_tailed_Flycatcher/Scissor_Tailed_Flycatcher_0126_41905.jpg,41,40,041.Scissor_tailed_Flycatcher,91,90,random_resized_crop,random_resized_crop,0,"{""area_fraction"":0.8261,""aspect"":1.008059,""fallback"":false,""height"":0.90526,""left"":0.072082,""top"":0.002382,""width"":0.912555}",0.048173785,0.71088314,0.66270936,0.95296818,0.49121022,0.017371755,0.12707652,0.93559643,0.3641337,-0.57146272,0.72371617,10.703096,10.335837,110.62545,False,0.94779485,True,True,True,0.72371617,10.703096,10.335837,110.62545,0.7190959,10.713452,10.210746,109.39234,0.91976866,10.274184,1.6031845,16.471412,0.51148742,11.237842,2.0818513,23.395516,0.67176687,11.467894,4.4650359,51.204559,0.73994517,10.501491,6.355517,66.742405,0.72660469,10.560376,4.6418904,49.02011,0.77762251,10.367275,4.2484041,44.044373
0b_crop_best,file,18,baseline_crop,7633,131.Vesper_Sparrow/Vesper_Sparrow_0087_125712.jpg,131,130,131.Vesper_Sparrow,127,126,identity,identity,0,{},0.96358764,0.96358764,0,0.38152167,0.38152167,0.19880077,0.19880077,0.1827209,0.1827209,0,1,1,103.44587,103.44587,False,1,True,True,True,1,1,103.44587,103.44587,1,1,101.72633,101.72633,1,1,18.782981,18.782981,1,1,15.098215,15.098215,1,1,48.973796,48.973796,1,1,66.580091,66.580091,1,1,44.527447,44.527447,1,1,36.142165,36.142165
0b_crop_best,file,18,baseline_crop,7633,131.Vesper_Sparrow/Vesper_Sparrow_0087_125712.jpg,131,130,131.Vesper_Sparrow,127,126,random_resized_crop,random_resized_crop,0,"{""area_fraction"":0.769765,""aspect"":1.29484,""fallback"":false,""height"":0.77103,""left"":0.00035,""top"":0.228957,""width"":0.99836}",0.96358764,0.58859998,-0.37498766,0.38152167,0.5551039,0.19880077,0.034192335,0.1827209,0.52091156,0.33819066,0.70594632,0.72672148,103.44587,75.176334,False,0.94260275,True,True,True,0.70594632,0.72672148,103.44587,75.176334,0.6993769,0.72074042,101.72633,73.318281,0.87721268,0.88434126,18.782981,16.610566,0.54213181,0.8677279,15.098215,13.101142,0.71614046,0.7769053,48.973796,38.048002,0.70279164,0.63036378,66.580091,41.969678,0.70962049,0.7452749,44.527447,33.185189,0.70545136,0.82708462,36.142165,29.892629
0b_crop_best,file,18,baseline_crop,1571,028.Brown_Creeper/Brown_Creeper_0115_24488.jpg,28,27,028.Brown_Creeper,188,187,identity,identity,0,{},0.00010084597,0.00010084597,0,0.99989915,0.99989915,6.8075686e-05,6.8075686e-05,0.99983107,0.99983107,0,1,1,0.0282822,0.0282822,False,1.0000001,True,True,True,1,1,0.0282822,0.0282822,1,1,0.027894816,0.027894816,1,1,0.0046649831,0.0046649831,1,1,0.010555279,0.010555279,1,1,0.01533065,0.01533065,1,1,0.01431127,0.01431127,1,1,0.010808525,0.010808525,1,1,0.01049006,0.01049006
0b_crop_best,file,18,baseline_crop,1571,028.Brown_Creeper/Brown_Creeper_0115_24488.jpg,28,27,028.Brown_Creeper,188,187,random_resized_crop,random_resized_crop,0,"{""area_fraction"":0.803103,""aspect"":0.892917,""fallback"":false,""height"":0.948375,""left"":0.037124,""top"":0.030382,""width"":0.84682}",0.00010084597,3.9576702e-05,-6.1269271e-05,0.99989915,0.99996042,6.8075686e-05,1.5310732e-05,0.99983107,0.99994511,0.00011403853,0.85962426,0.36505309,0.0282822,0.010324504,False,0.9874745,True,True,True,0.85962426,0.36505309,0.0282822,0.010324504,0.85722973,0.36518207,0.027894816,0.010186687,0.94644869,0.36041083,0.0046649831,0.0016813104,0.81289482,0.33461934,0.010555279,0.0035320005,0.88709078,0.35733688,0.01533065,0.0054782065,0.86547474,0.37241718,0.01431127,0.0053297631,0.81977777,0.37629455,0.010808525,0.004067189,0.86627055,0.38527763,0.01049006,0.0040415853
0b_crop_best,file,18,baseline_crop,1952,035.Purple_Finch/Purple_Finch_0102_27308.jpg,35,34,035.Purple_Finch,56,55,identity,identity,0,{},0.020245221,0.020245221,0,0.97995836,0.97995836,0.0028135432,0.0028135432,0.97714481,0.97714481,0,1,1,3.40419,3.40419,False,1,True,True,True,1,1,3.40419,3.40419,1,1,3.3635403,3.3635403,1,1,0.52450584,0.52450584,1,1,0.77343362,0.77343362,1,1,1.4280708,1.4280708,1,1,1.6387559,1.6387559,1,1,1.7397594,1.7397594,1,1,1.7214918,1.7214918
0b_crop_best,file,18,baseline_crop,1952,035.Purple_Finch/Purple_Finch_0102_27308.jpg,35,34,035.Purple_Finch,56,55,random_resized_crop,random_resized_crop,0,"{""area_fraction"":0.752133,""aspect"":1.048595,""fallback"":false,""height"":0.846922,""left"":0.045021,""top"":0.042651,""width"":0.888078}",0.020245221,0.011850553,-0.0083946679,0.97995836,0.98821938,0.0028135432,0.0010160032,0.97714481,0.98720338,0.010058565,0.77372146,0.62612464,3.40419,2.1314472,False,0.98238707,True,True,True,0.77372146,0.62612464,3.40419,2.1314472,0.76886841,0.62609796,3.3635403,2.1059057,0.97294082,0.62722057,0.52450584,0.32898086,0.68053792,0.58889938,0.77343362,0.45547459,0.64882195,0.57860181,1.4280708,0.82628438,0.72016324,0.64782307,1.6387559,1.0616239,0.79784819,0.63401844,1.7397594,1.1030395,0.87823487,0.63657193,1.7214918,1.0958533
0b_crop_best,file,18,baseline_crop,8012,137.Cliff_Swallow/Cliff_Swallow_0071_133742.jpg,137,136,137.Cliff_Swallow,135,134,identity,identity,0,{},0.0083651161,0.0083651161,0,0.99166977,0.99166977,0.0062018884,0.0062018884,0.98546789,0.98546789,0,1,1,1.4652387,1.4652387,False,0.99999994,True,True,True,1,1,1.4652387,1.4652387,1,1,1.4211717,1.4211717,1,1,0.35664464,0.35664464,1,1,0.3811449,0.3811449,1,1,0.5626436,0.5626436,1,1,0.78400456,0.78400456,1,1,0.68482541,0.68482541,1,1,0.68865141,0.68865141
0b_crop_best,file,18,baseline_crop,8012,137.Cliff_Swallow/Cliff_Swallow_0071_133742.jpg,137,136,137.Cliff_Swallow,135,134,random_resized_crop,random_resized_crop,0,"{""area_fraction"":0.581357,""aspect"":1.047966,""fallback"":false,""height"":0.744814,""left"":0.081942,""top"":0.126413,""width"":0.78054}",0.0083651161,0.022800082,0.014434966,0.99166977,0.97745788,0.0062018884,0.0042221709,0.98546789,0.97323571,-0.012232176,0.55286932,3.0101164,1.4652387,4.4105391,False,0.93575138,True,True,True,0.55286932,3.0101164,1.4652387,4.4105391,0.53984517,3.0045954,1.4211717,4.270046,0.75377866,3.0964656,0.35664464,1.1043379,0.74958515,2.7091172,0.3811449,1.0325662,0.59240964,4.1207898,0.5626436,2.318536,0.53823072,2.8197259,0.78400456,2.210678,0.49917422,2.6625815,0.68482541,1.8234035,0.50045283,2.7473715,0.68865141,1.8919813
0b_crop_best,file,18,baseline_crop,11532,196.House_Wren/House_Wren_0094_187226.jpg,196,195,196.House_Wren,199,198,identity,identity,0,{},0.01641742,0.01641742,0,0.98371661,0.98371661,0.0051976084,0.0051976084,0.978519,0.978519,0,1,1,3.5759086,3.5759086,False,1,True,True,True,1,1,3.5759086,3.5759086,1,1,3.5384771,3.5384771,1,1,0.51604524,0.51604524,1,1,0.71283141,0.71283141,1,1,1.9746472,1.9746472,1,1,1.9805943,1.9805943,1,1,1.5407282,1.5407282,1,1,1.3479104,1.3479104
0b_crop_best,file,18,baseline_crop,11532,196.House_Wren/House_Wren_0094_187226.jpg,196,195,196.House_Wren,199,198,random_resized_crop,random_resized_crop,0,"{""area_fraction"":0.542038,""aspect"":0.79764,""fallback"":false,""height"":0.824349,""left"":0.309499,""top"":0.028237,""width"":0.657534}",0.01641742,0.18051603,0.16409861,0.98371661,0.83483928,0.0051976084,0.053893708,0.978519,0.78094558,-0.19757342,0.80967694,15.143853,3.5759086,54.153035,False,0.93106008,True,True,True,0.80967694,15.143853,3.5759086,54.153035,0.80855084,15.212054,3.5384771,53.827503,0.91137136,11.488982,0.51604524,5.9288345,0.74476834,17.210625,0.71283141,12.268274,0.847483,15.959643,1.9746472,31.514664,0.82550472,15.682293,1.9805943,31.06026,0.77547924,14.70599,1.5407282,22.657933,0.75503927,12.316114,1.3479104,16.601019
0b_crop_best,file,18,baseline_crop,8107,139.Scarlet_Tanager/Scarlet_Tanager_0093_138250.jpg,139,138,139.Scarlet_Tanager,140,139,identity,identity,0,{},2.1882193,2.1882193,0,0.11211622,0.11211622,0.88166273,0.88166273,-0.76954651,-0.76954651,0,1,1,197.31085,197.31085,False,1,True,False,False,1,1,197.31085,197.31085,1,1,194.02789,194.02789,1,1,35.843406,35.843406,1,1,42.544824,42.544824,1,1,74.725347,74.725347,1,1,102.66467,102.66467,1,1,106.54024,106.54024,1,1,91.444113,91.444113
0b_crop_best,file,18,baseline_crop,8107,139.Scarlet_Tanager/Scarlet_Tanager_0093_138250.jpg,139,138,139.Scarlet_Tanager,140,139,random_resized_crop,random_resized_crop,0,"{""area_fraction"":0.817806,""aspect"":1.114599,""fallback"":false,""height"":0.856576,""left"":0.002466,""top"":0.039059,""width"":0.954739}",2.1882193,2.2194643,0.031244993,0.11211622,0.1086673,0.88166273,0.88584572,-0.76954651,-0.77717842,-0.0076319128,0.85086571,1.0371768,197.31085,204.64624,False,0.98453879,True,False,False,0.85086571,1.0371768,197.31085,204.64624,0.84674791,1.0397665,194.02789,201.7437,0.98455672,0.95818861,35.843406,34.344743,0.87654095,1.1558221,42.544824,49.174247,0.81064317,1.0796572,74.725347,80.677756,0.8291441,1.0140254,102.66467,104.10458,0.84657888,1.0041267,106.54024,106.9799,0.88826912,1.0653724,91.444113,97.422034
0b_crop_best,file,18,baseline_crop,7871,135.Bank_Swallow/Bank_Swallow_0068_129806.jpg,135,134,135.Bank_Swallow,137,136,identity,identity,0,{},1.1667597,1.1667597,0,0.31137425,0.31137425,0.36918518,0.36918518,-0.057810932,-0.057810932,0,1,1,77.419586,77.419586,False,0.99999994,True,False,False,1,1,77.419586,77.419586,1,1,74.344665,74.344665,1,1,21.602384,21.602384,1,1,15.436283,15.436283,1,1,35.004921,35.004921,1,1,36.527096,36.527096,1,1,34.328943,34.328943,1,1,39.380209,39.380209
0b_crop_best,file,18,baseline_crop,7871,135.Bank_Swallow/Bank_Swallow_0068_129806.jpg,135,134,135.Bank_Swallow,137,136,random_resized_crop,random_resized_crop,0,"{""area_fraction"":0.799226,""aspect"":1.107606,""fallback"":false,""height"":0.849459,""left"":0.026875,""top"":0.124362,""width"":0.940865}",1.1667597,1.4740211,0.30726135,0.31137425,0.22900279,0.36918518,0.39131197,-0.057810932,-0.16230918,-0.10449825,0.7545219,1.3031309,77.419586,100.88785,False,0.96960586,True,False,False,0.7545219,1.3031309,77.419586,100.88785,0.73825043,1.3011987,74.344665,96.737185,0.94378603,1.325801,21.602384,28.640461,0.76711179,1.3914964,15.436283,21.479533,0.7234583,1.3754519,35.004921,48.147583,0.72030295,1.2993226,36.527096,47.46048,0.71277749,1.2631759,34.328943,43.363495,0.78356734,1.2557918,39.380209,49.453342
0b_crop_best,file,18,baseline_crop,1027,019.Gray_Catbird/Gray_Catbird_0063_20707.jpg,19,18,019.Gray_Catbird,102,101,identity,identity,0,{},0.020509318,0.020509318,0,0.97969955,0.97969955,0.0090191932,0.0090191932,0.97068036,0.97068036,0,1,1,3.4819503,3.4819503,False,1,True,True,True,1,1,3.4819503,3.4819503,1,1,3.4068638,3.4068638,1,1,0.71920602,0.71920602,1,1,0.81396511,0.81396511,1,1,1.8111708,1.8111708,1,1,1.8636928,1.8636928,1,1,1.514481,1.514481,1,1,1.3772575,1.3772575
0b_crop_best,file,18,baseline_crop,1027,019.Gray_Catbird/Gray_Catbird_0063_20707.jpg,19,18,019.Gray_Catbird,102,101,random_resized_crop,random_resized_crop,0,"{""area_fraction"":0.840097,""aspect"":0.882826,""fallback"":false,""height"":0.9755,""left"":0.106449,""top"":0.007527,""width"":0.861197}",0.020509318,0.03100583,0.010496512,0.97969955,0.9694699,0.0090191932,0.0075884182,0.97068036,0.96188149,-0.0087988721,0.85328007,1.5780542,3.4819503,5.4947065,False,0.98564464,True,True,True,0.85328007,1.5780542,3.4819503,5.4947065,0.84933561,1.5861978,3.4068638,5.4039597,0.96255843,1.3827672,0.71920602,0.9944945,0.87034813,1.7051773,0.81396511,1.3879548,0.86242843,1.7137341,1.8111708,3.1038653,0.84716263,1.5528535,1.8636928,2.894042,0.83059856,1.5063971,1.514481,2.2814098,0.85240418,1.4633853,1.3772575,2.0154584
0b_crop_best,file,18,baseline_crop,3069,053.Western_Grebe/Western_Grebe_0061_36181.jpg,53,52,053.Western_Grebe,51,50,identity,identity,0,{},0.0035884292,0.0035884292,0,0.996418,0.996418,0.0032416231,0.0032416231,0.99317638,0.99317638,0,1,1,0.67129571,0.67129571,False,0.99999988,True,True,True,1,1,0.67129571,0.67129571,1,1,0.65080397,0.65080397,1,1,0.16459685,0.16459685,1,1,0.17261788,0.17261788,1,1,0.27296828,0.27296828,1,1,0.31170251,0.31170251,1,1,0.31922657,0.31922657,1,1,0.34665996,0.34665996
0b_crop_best,file,18,baseline_crop,3069,053.Western_Grebe/Western_Grebe_0061_36181.jpg,53,52,053.Western_Grebe,51,50,random_resized_crop,random_resized_crop,0,"{""area_fraction"":0.840601,""aspect"":0.859601,""fallback"":false,""height"":0.988886,""left"":0.082513,""top"":0.010804,""width"":0.850048}",0.0035884292,0.0018287854,-0.0017596438,0.996418,0.99817288,0.0032416231,0.0014547032,0.99317638,0.99671818,0.0035417998,0.86869547,0.49438146,0.67129571,0.33187615,False,0.99235219,True,True,True,0.86869547,0.49438146,0.67129571,0.33187615,0.86128773,0.49552516,0.65080397,0.32248974,0.98986998,0.47614428,0.16459685,0.078371846,0.88822154,0.43915881,0.17261788,0.075806662,0.84933413,0.50666191,0.27296828,0.13830263,0.84251371,0.51318264,0.31170251,0.15996032,0.83962407,0.50117786,0.31922657,0.15998929,0.9006231,0.48219321,0.34665996,0.16715708
0b_crop_best,file,18,baseline_crop,9721,166.Golden_winged_Warbler/Golden_Winged_Warbler_0030_164462.jpg,166,165,166.Golden_winged_Warbler,165,164,identity,identity,0,{},0.17352422,0.17352422,0,0.84069681,0.84069681,0.11600096,0.11600096,0.72469585,0.72469585,0,1,1,26.308468,26.308468,False,1,True,True,True,1,1,26.308468,26.308468,1,1,25.678987,25.678987,1,1,5.7205865,5.7205865,1,1,4.3586536,4.3586536,1,1,8.3715041,8.3715041,1,1,13.920493,13.920493,1,1,13.79066,13.79066,1,1,13.651667,13.651667
0b_crop_best,file,18,baseline_crop,9721,166.Golden_winged_Warbler/Golden_Winged_Warbler_0030_164462.jpg,166,165,166.Golden_winged_Warbler,165,164,random_resized_crop,random_resized_crop,0,"{""area_fraction"":0.649676,""aspect"":1.106036,""fallback"":false,""height"":0.766415,""left"":0.09087,""top"":0.193882,""width"":0.847682}",0.17352422,0.0056120935,-0.16791212,0.84069681,0.9944036,0.11600096,0.0040095928,0.72469585,0.99039401,0.26569815,0.66165918,0.038188454,26.308468,1.0046797,False,0.93474841,True,True,True,0.66165918,0.038188454,26.308468,1.0046797,0.64968002,0.038356025,25.678987,0.98494387,0.93222749,0.034639601,5.7205865,0.19815883,0.22688443,0.042530938,4.3586536,0.18537763,0.51713945,0.045028824,8.3715041,0.37695899,0.62785989,0.038996358,13.920493,0.54284853,0.68022992,0.034606993,13.79066,0.47725327,0.7588763,0.038146629,13.651667,0.52076509
0b_crop_best,file,18,baseline_crop,9988,170.Mourning_Warbler/Mourning_Warbler_0051_795352.jpg,170,169,170.Mourning_Warbler,98,97,identity,identity,0,{},0.24741404,0.24741404,0,0.78081733,0.78081733,0.048912454,0.048912454,0.73190488,0.73190488,0,1,1,30.038171,30.038171,False,1,True,True,True,1,1,30.038171,30.038171,1,1,29.448898,29.448898,1,1,5.9206509,5.9206509,1,1,5.4708004,5.4708004,1,1,12.776464,12.776464,1,1,16.996716,16.996716,1,1,13.422932,13.422932,1,1,14.318046,14.318046
0b_crop_best,file,18,baseline_crop,9988,170.Mourning_Warbler/Mourning_Warbler_0051_795352.jpg,170,169,170.Mourning_Warbler,98,97,random_resized_crop,random_resized_crop,0,"{""area_fraction"":0.733923,""aspect"":0.997539,""fallback"":false,""height"":0.857749,""left"":0.035984,""top"":0.117932,""width"":0.855638}",0.24741404,0.2290995,-0.01831454,0.78081733,0.7952494,0.048912454,0.062984936,0.73190488,0.73226447,0.0003595911,0.75491622,1.0907937,30.038171,32.765447,False,0.94331133,True,True,True,0.75491622,1.0907937,30.038171,32.765447,0.74849427,1.0941955,29.448898,32.222851,0.9310068,1.0029669,5.9206509,5.938217,0.73597022,1.0897976,5.4708004,5.9620652,0.73957415,1.1609307,12.776464,14.832589,0.79023375,1.0812931,16.996716,18.378432,0.68688277,1.0547757,13.422932,14.158183,0.75354518,1.0921708,14.318046,15.637752
0b_crop_best,file,18,baseline_crop,5099,088.Western_Meadowlark/Western_Meadowlark_0098_78382.jpg,88,87,088.Western_Meadowlark,194,193,identity,identity,0,{},0.011472562,0.011472562,0,0.98859298,0.98859298,0.006723009,0.006723009,0.98186997,0.98186997,0,1,1,2.4364792,2.4364792,False,0.99999988,True,True,True,1,1,2.4364792,2.4364792,1,1,2.3846537,2.3846537,1,1,0.49985763,0.49985763,1,1,0.36825763,0.36825763,1,1,0.92331492,0.92331492,1,1,1.3338021,1.3338021,1,1,1.171313,1.171313,1,1,1.2439642,1.2439642
0b_crop_best,file,18,baseline_crop,5099,088.Western_Meadowlark/Western_Meadowlark_0098_78382.jpg,88,87,088.Western_Meadowlark,194,193,random_resized_crop,random_resized_crop,0,"{""area_fraction"":0.610218,""aspect"":1.299535,""fallback"":false,""height"":0.685249,""left"":0.057206,""top"":0.166911,""width"":0.890505}",0.011472562,0.03942056,0.027947998,0.98859298,0.96134633,0.006723009,0.026927942,0.98186997,0.93441839,-0.047451587,0.82647411,3.4688743,2.4364792,8.45184,False,0.97067344,True,True,True,0.82647411,3.4688743,2.4364792,8.45184,0.82039962,3.4689421,2.3846537,8.2722255,0.96478909,3.4673311,0.49985763,1.7331719,0.68629079,3.5352593,0.36825763,1.3018862,0.75562201,3.435645,0.92331492,3.1721823,0.86491272,3.5187328,1.3338021,4.6932932,0.79839597,3.5175948,1.171313,4.1202044,0.83648934,3.3790753,1.2439642,4.2034487
0b_crop_best,file,18,baseline_crop,10420,177.Prothonotary_Warbler/Prothonotary_Warbler_0082_173970.jpg,177,176,177.Prothonotary_Warbler,180,179,identity,identity,0,{},0.10499614,0.10499614,0,0.90032798,0.90032798,0.045688447,0.045688447,0.85463953,0.85463953,0,1,1,15.668482,15.668482,False,1,True,True,True,1,1,15.668482,15.668482,1,1,15.342436,15.342436,1,1,3.1797742,3.1797742,1,1,4.4951521,4.4951521,1,1,7.458975,7.458975,1,1,6.9171317,6.9171317,1,1,7.1667926,7.1667926,1,1,7.7677552,7.7677552
0b_crop_best,file,18,baseline_crop,10420,177.Prothonotary_Warbler/Prothonotary_Warbler_0082_173970.jpg,177,176,177.Prothonotary_Warbler,180,179,random_resized_crop,random_resized_crop,0,"{""area_fraction"":0.509741,""aspect"":0.843981,""fallback"":false,""height"":0.777156,""left"":0.21884,""top"":0.064994,""width"":0.655905}",0.10499614,0.44863993,0.34364378,0.90032798,0.63849598,0.045688447,0.24342428,0.85463953,0.3950717,-0.45956783,0.67644774,3.6186899,15.668482,56.699375,False,0.9398849,True,True,True,0.67644774,3.6186899,15.668482,56.699375,0.66551667,3.6145009,15.342436,55.455249,0.92429762,3.7148782,3.1797742,11.812474,0.65726693,2.8312098,4.4951521,12.726719,0.70729758,3.5839519,7.458975,26.732608,0.62742849,3.9767243,6.9171317,27.507526,0.61642324,3.7529681,7.1667926,26.896744,0.71745432,3.4509866,7.7677552,26.806419
0b_crop_best,file,18,baseline_crop,3164,055.Evening_Grosbeak/Evening_Grosbeak_0069_37684.jpg,55,54,055.Evening_Grosbeak,168,167,identity,identity,0,{},0.00075121311,0.00075121311,0,0.99924904,0.99924904,0.00016741453,0.00016741453,0.99908163,0.99908163,0,1,1,0.12358581,0.12358581,False,1,True,True,True,1,1,0.12358581,0.12358581,1,1,0.12091923,0.12091923,1,1,0.025534154,0.025534154,1,1,0.023258549,0.023258549,1,1,0.047836576,0.047836576,1,1,0.062448073,0.062448073,1,1,0.053655503,0.053655503,1,1,0.07080598,0.07080598
0b_crop_best,file,18,baseline_crop,3164,055.Evening_Grosbeak/Evening_Grosbeak_0069_37684.jpg,55,54,055.Evening_Grosbeak,168,167,random_resized_crop,random_resized_crop,0,"{""area_fraction"":0.845615,""aspect"":0.905945,""fallback"":false,""height"":0.96613,""left"":0.05187,""top"":0.029304,""width"":0.875261}",0.00075121311,0.00080314802,5.1934912e-05,0.99924904,0.99919719,0.00016741453,3.4355755e-05,0.99908163,0.99916283,8.1202736e-05,0.7861722,1.3689846,0.12358581,0.16918707,False,0.98016417,True,True,True,0.7861722,1.3689846,0.12358581,0.16918707,0.78134231,1.3794549,0.12091923,0.16680262,0.93917474,1.1084999,0.025534154,0.028304608,0.65275484,1.8823337,0.023258549,0.043780351,0.76126223,1.4260578,0.047836576,0.068217721,0.80258334,1.5897051,0.062448073,0.099274019,0.74249498,1.3663142,0.053655503,0.073310273,0.85790616,1.0960664,0.07080598,0.077608058
0b_crop_best,file,18,baseline_crop,8053,138.Tree_Swallow/Tree_Swallow_0030_134942.jpg,138,137,138.Tree_Swallow,136,135,identity,identity,0,{},0.10789686,0.10789686,0,0.89772016,0.89772016,0.050147079,0.050147079,0.84757308,0.84757308,0,1,1,17.760316,17.760316,False,0.99999994,True,True,True,1,1,17.760316,17.760316,1,1,17.386566,17.386566,1,1,3.6243792,3.6243792,1,1,4.8877604,4.8877604,1,1,6.3384194,6.3384194,1,1,8.8928213,8.8928213,1,1,8.7553211,8.7553211,1,1,9.0823457,9.0823457
0b_crop_best,file,18,baseline_crop,8053,138.Tree_Swallow/Tree_Swallow_0030_134942.jpg,138,137,138.Tree_Swallow,136,135,random_resized_crop,random_resized_crop,0,"{""area_fraction"":0.576733,""aspect"":0.99319,""fallback"":false,""height"":0.762029,""left"":0.073605,""top"":0.187536,""width"":0.756839}",0.10789686,0.079604469,-0.028292388,0.89772016,0.92348152,0.050147079,0.036638934,0.84757308,0.88684259,0.039269511,0.69623498,0.88391121,17.760316,15.698542,False,0.91935253,True,True,True,0.69623498,0.88391121,17.760316,15.698542,0.68757973,0.88662836,17.386566,15.415423,0.91400135,0.81889594,3.6243792,2.9679894,0.76583624,0.98355971,4.8877604,4.8074042,0.60642403,1.0318239,6.3384194,6.5401327,0.70759162,0.87957279,8.8928213,7.8218837,0.67879586,0.83712035,8.7553211,7.3292574,0.70640009,0.83017696,9.0823457,7.5399542
0b_crop_best,file,18,baseline_crop,8498,145.Elegant_Tern/Elegant_Tern_0004_150948.jpg,145,144,145.Elegant_Tern,147,146,identity,identity,0,{},2.7265356,2.7265356,0,0.065445632,0.065445632,0.92701125,0.92701125,-0.86156562,-0.86156562,0,1,1,165.54723,165.54723,False,1,True,False,False,1,1,165.54723,165.54723,1,1,160.57844,160.57844,1,1,40.254817,40.254817,1,1,61.089217,61.089217,1,1,72.611602,72.611602,1,1,76.568819,76.568819,1,1,69.002498,69.002498,1,1,78.466367,78.466367
0b_crop_best,file,18,baseline_crop,8498,145.Elegant_Tern/Elegant_Tern_0004_150948.jpg,145,144,145.Elegant_Tern,147,146,random_resized_crop,random_resized_crop,0,"{""area_fraction"":0.665787,""aspect"":0.942852,""fallback"":false,""height"":0.840322,""left"":0.004576,""top"":0.144824,""width"":0.792299}",2.7265356,1.6902367,-1.0362989,0.065445632,0.18447585,0.92701125,0.80258238,-0.86156562,-0.61810653,0.24345909,0.79213798,0.86224312,165.54723,142.74196,False,0.96796262,True,False,False,0.79213798,0.86224312,165.54723,142.74196,0.78017518,0.85658767,160.57844,137.54952,0.96798085,0.94770502,40.254817,38.149692,0.74459107,0.84852705,61.089217,51.835853,0.81283496,0.93996193,72.611602,68.252141,0.80014519,0.82340326,76.568819,63.047015,0.74022922,0.84063644,69.002498,58.006014,0.78735786,0.82935378,78.466367,65.076378
0b_crop_best,file,18,baseline_crop,6675,115.Brewer_Sparrow/Brewer_Sparrow_0046_796696.jpg,115,114,115.Brewer_Sparrow,117,116,identity,identity,0,{},0.61386049,0.61386049,0,0.54125732,0.54125732,0.33981818,0.33981818,0.20143914,0.20143914,0,1,1,99.122577,99.122577,False,1.0000001,True,True,True,1,1,99.122577,99.122577,1,1,97.210167,97.210167,1,1,19.377013,19.377013,1,1,26.795484,26.795484,1,1,48.487703,48.487703,1,1,54.804252,54.804252,1,1,43.448269,43.448269,1,1,38.594081,38.594081
0b_crop_best,file,18,baseline_crop,6675,115.Brewer_Sparrow/Brewer_Sparrow_0046_796696.jpg,115,114,115.Brewer_Sparrow,117,116,random_resized_crop,random_resized_crop,0,"{""area_fraction"":0.648731,""aspect"":1.212509,""fallback"":false,""height"":0.731459,""left"":0.03154,""top"":0.267038,""width"":0.8869}",0.61386049,3.0596206,2.4457601,0.54125732,0.046905484,0.33981818,0.83519107,0.20143914,-0.78828559,-0.98972473,0.74847704,2.1877116,99.122577,216.85161,False,0.93628734,False,True,False,0.74847704,2.1877116,99.122577,216.85161,0.74077653,2.18166,97.210167,212.07953,0.93122126,2.3348595,19.377013,45.242605,0.85360006,2.648206,26.795484,70.959963,0.75300813,1.9348766,48.487703,93.817721,0.74020999,2.1326973,54.804252,116.88088,0.7250276,2.2484237,43.448269,97.690118,0.69943324,2.308257,38.594081,89.085055
0b_crop_best,file,18,baseline_crop,5635,097.Orchard_Oriole/Orchard_Oriole_0080_91417.jpg,97,96,097.Orchard_Oriole,136,135,identity,identity,0,{},0.018432984,0.018432984,0,0.98173589,0.98173589,0.0036623438,0.0036623438,0.97807354,0.97807354,0,1,1,2.2182873,2.2182873,False,1,True,True,True,1,1,2.2182873,2.2182873,1,1,2.1604654,2.1604654,1,1,0.5031779,0.5031779,1,1,0.44511787,0.44511787,1,1,0.76114866,0.76114866,1,1,1.0806371,1.0806371,1,1,1.0278271,1.0278271,1,1,1.2907085,1.2907085
0b_crop_best,file,18,baseline_crop,5635,097.Orchard_Oriole/Orchard_Oriole_0080_91417.jpg,97,96,097.Orchard_Oriole,136,135,random_resized_crop,random_resized_crop,0,"{""area_fraction"":0.802429,""aspect"":1.130274,""fallback"":false,""height"":0.84258,""left"":0.021899,""top"":0.099076,""width"":0.952347}",0.018432984,0.030408155,0.011975171,0.98173589,0.9700495,0.0036623438,0.0032531421,0.97807354,0.96679636,-0.011277183,0.6502991,1.7284998,2.2182873,3.8343092,False,0.96190536,True,True,True,0.6502991,1.7284998,2.2182873,3.8343092,0.63553332,1.7351096,2.1604654,3.7486442,0.94715331,1.6017667,0.5031779,0.80597359,0.32003046,1.5811948,0.44511787,0.70381807,0.52555721,1.937544,0.76114866,1.474759,0.56128244,1.7394498,1.0806371,1.879714,0.60062185,1.7691301,1.0278271,1.8183599,0.79764549,1.6512387,1.2907085,2.1312677
0b_crop_best,file,18,baseline_crop,2888,050.Eared_Grebe/Eared_Grebe_0004_34277.jpg,50,49,050.Eared_Grebe,52,51,identity,identity,0,{},0.13089031,0.13089031,0,0.87731397,0.87731397,0.051179383,0.051179383,0.82613459,0.82613459,0,1,1,20.254123,20.254123,False,1.0000001,True,True,True,1,1,20.254123,20.254123,1,1,19.923622,19.923622,1,1,3.6440061,3.6440061,1,1,3.7367185,3.7367185,1,1,8.5540916,8.5540916,1,1,11.876134,11.876134,1,1,9.525427,9.525427,1,1,8.8339608,8.8339608
0b_crop_best,file,18,baseline_crop,2888,050.Eared_Grebe/Eared_Grebe_0004_34277.jpg,50,49,050.Eared_Grebe,52,51,random_resized_crop,random_resized_crop,0,"{""area_fraction"":0.615402,""aspect"":1.044688,""fallback"":false,""height"":0.767513,""left"":0.1623,""top"":0.207219,""width"":0.801812}",0.13089031,5.5168638,5.3859735,0.87731397,0.0040184311,0.051179383,0.23410784,0.82613459,-0.23008941,-1.056224,0.57078457,8.1500325,20.254123,165.07176,False,0.82609069,False,True,False,0.57078457,8.1500325,20.254123,165.07176,0.56275474,8.0901261,19.923622,161.18461,0.7793159,9.7727279,3.6440061,35.611881,0.65629442,9.9275134,3.7367185,37.096323,0.6860461,10.43266,8.5540916,89.241928,0.59607828,6.9248755,11.876134,82.240747,0.50580126,7.4777135,9.525427,71.228414,0.43636878,7.8453006,8.8339608,69.305078
0b_crop_best,file,18,baseline_crop,3761,065.Slaty_backed_Gull/Slaty_Backed_Gull_0032_796046.jpg,65,64,065.Slaty_backed_Gull,71,70,identity,identity,0,{},0.44991469,0.44991469,0,0.63768256,0.63768256,0.13421619,0.13421619,0.50346637,0.50346637,0,1,1,89.926003,89.926003,False,0.99999994,True,True,True,1,1,89.926003,89.926003,1,1,88.892739,88.892739,1,1,13.592906,13.592906,1,1,20.099981,20.099981,1,1,42.934042,42.934042,1,1,51.674887,51.674887,1,1,37.119164,37.119164,1,1,40.080563,40.080563
0b_crop_best,file,18,baseline_crop,3761,065.Slaty_backed_Gull/Slaty_Backed_Gull_0032_796046.jpg,65,64,065.Slaty_backed_Gull,71,70,random_resized_crop,random_resized_crop,0,"{""area_fraction"":0.883061,""aspect"":0.925111,""fallback"":false,""height"":0.977009,""left"":0.012764,""top"":0.016784,""width"":0.903841}",0.44991469,0.026989467,-0.42292523,0.63768256,0.97337151,0.13421619,0.006524622,0.50346637,0.96684688,0.46338052,0.84443246,0.062887387,89.926003,5.6552113,False,0.97216797,True,True,True,0.84443246,0.062887387,89.926003,5.6552113,0.84150903,0.062682373,88.892739,5.5720078,0.96119501,0.0711041,13.592906,0.96651133,0.81585964,0.065802022,20.099981,1.3226194,0.86777874,0.057943243,42.934042,2.4877376,0.84105025,0.058578738,51.674887,3.0270497,0.80249959,0.065763846,37.119164,2.441099,0.86655869,0.070511704,40.080563,2.8261488
0b_crop_best,file,18,baseline_crop,4768,082.Ringed_Kingfisher/Ringed_Kingfisher_0026_72867.jpg,82,81,082.Ringed_Kingfisher,80,79,identity,identity,0,{},0.018909426,0.018909426,0,0.98126823,0.98126823,0.0041782698,0.0041782698,0.97708996,0.97708996,0,1,1,2.2890867,2.2890867,False,0.99999988,True,True,True,1,1,2.2890867,2.2890867,1,1,2.2312693,2.2312693,1,1,0.51122928,0.51122928,1,1,0.4760597,0.4760597,1,1,0.86989336,0.86989336,1,1,1.0340273,1.0340273,1,1,1.1553785,1.1553785,1,1,1.2613895,1.2613895
0b_crop_best,file,18,baseline_crop,4768,082.Ringed_Kingfisher/Ringed_Kingfisher_0026_72867.jpg,82,81,082.Ringed_Kingfisher,80,79,random_resized_crop,random_resized_crop,0,"{""area_fraction"":0.664752,""aspect"":0.809774,""fallback"":false,""height"":0.906041,""left"":0.23438,""top"":0.083526,""width"":0.733689}",0.018909426,0.033169728,0.014260301,0.98126823,0.96737438,0.0041782698,0.0034540722,0.97708996,0.96392031,-0.013169645,0.60733084,2.2336863,2.2890867,5.1131017,False,0.92550236,True,True,True,0.60733084,2.2336863,2.2890867,5.1131017,0.59276248,2.2417908,2.2312693,5.0020389,0.90917104,2.073264,0.51122928,1.0599133,0.56958426,3.0655664,0.4760597,1.4593926,0.67546228,2.5096877,0.86989336,2.1831607,0.6015968,2.286273,1.0340273,2.3640686,0.55198533,2.2339402,1.1553785,2.5810464,0.59552781,1.9213597,1.2613895,2.4235829
0b_crop_best,file,18,baseline_crop,2152,038.Great_Crested_Flycatcher/Great_Crested_Flycatcher_0136_29490.jpg,38,37,038.Great_Crested_Flycatcher,97,96,identity,identity,0,{},0.60504335,0.60504335,0,0.54605073,0.54605073,0.06259685,0.06259685,0.48345388,0.48345388,0,1,1,93.330599,93.330599,False,1,True,True,True,1,1,93.330599,93.330599,1,1,92.111924,92.111924,1,1,15.033103,15.033103,1,1,30.835761,30.835761,1,1,40.980111,40.980111,1,1,47.493926,47.493926,1,1,44.607468,44.607468,1,1,40.111016,40.111016
0b_crop_best,file,18,baseline_crop,2152,038.Great_Crested_Flycatcher/Great_Crested_Flycatcher_0136_29490.jpg,38,37,038.Great_Crested_Flycatcher,97,96,random_resized_crop,random_resized_crop,0,"{""area_fraction"":0.87308,""aspect"":0.882284,""fallback"":false,""height"":0.994771,""left"":0.099361,""top"":0.002423,""width"":0.87767}",0.60504335,0.47361058,-0.13143277,0.54605073,0.62274969,0.06259685,0.043411206,0.48345388,0.57933848,0.095884603,0.78908906,1.0327971,93.330599,96.39157,False,0.97683835,True,True,True,0.78908906,1.0327971,93.330599,96.39157,0.78531057,1.0362137,92.111924,95.447633,0.96157732,0.89514098,15.033103,13.456747,0.91591968,1.1099644,30.835761,34.226596,0.75625199,1.022469,40.980111,41.900892,0.76451873,1.067811,47.493926,50.714535,0.75277512,1.0084116,44.607468,44.982689,0.80536348,0.99339166,40.111016,39.845949
0b_crop_best,file,18,baseline_crop,4699,081.Pied_Kingfisher/Pied_Kingfisher_0106_71404.jpg,81,80,081.Pied_Kingfisher,79,78,identity,identity,0,{},0.039338961,0.039338961,0,0.96142477,0.96142477,0.023902871,0.023902871,0.9375219,0.9375219,0,1,1,8.1298531,8.1298531,False,1,True,True,True,1,1,8.1298531,8.1298531,1,1,8.0401799,8.0401799,1,1,1.2041675,1.2041675,1,1,2.5465961,2.5465961,1,1,3.6641774,3.6641774,1,1,4.5524835,4.5524835,1,1,3.5701302,3.5701302,1,1,3.3559216,3.3559216
0b_crop_best,file,18,baseline_crop,4699,081.Pied_Kingfisher/Pied_Kingfisher_0106_71404.jpg,81,80,081.Pied_Kingfisher,79,78,random_resized_crop,random_resized_crop,0,"{""area_fraction"":0.804252,""aspect"":0.862595,""fallback"":false,""height"":0.965589,""left"":0.149111,""top"":0.020984,""width"":0.832913}",0.039338961,0.043022979,0.0036840178,0.96142477,0.95788938,0.023902871,0.017610218,0.9375219,0.94027916,0.0027572624,0.82828929,1.0099263,8.1298531,8.2105526,False,0.97521138,True,True,True,0.82828929,1.0099263,8.1298531,8.2105526,0.82541837,1.0107429,8.0401799,8.1265545,0.96186139,0.97282658,1.2041675,1.1714462,0.89643385,1.0681218,2.5465961,2.7200748,0.76876171,0.96682449,3.6641774,3.5426164,0.84234322,0.96590812,4.5524835,4.3972808,0.80390844,1.0146329,3.5701302,3.6223717,0.84608897,1.1002833,3.3559216,3.6924646
0b_crop_best,file,18,baseline_crop,1229,022.Chuck_will_Widow/Chuck_Will_Widow_0050_22750.jpg,22,21,022.Chuck_will_Widow,105,104,identity,identity,0,{},0.10886906,0.10886906,0,0.89684784,0.89684784,0.10041408,0.10041408,0.79643376,0.79643376,0,1,1,27.353272,27.353272,False,1,True,True,True,1,1,27.353272,27.353272,1,1,26.77672,26.77672,1,1,5.5864799,5.5864799,1,1,4.6172158,4.6172158,1,1,12.256723,12.256723,1,1,16.059765,16.059765,1,1,12.836837,12.836837,1,1,11.079096,11.079096
0b_crop_best,file,18,baseline_crop,1229,022.Chuck_will_Widow/Chuck_Will_Widow_0050_22750.jpg,22,21,022.Chuck_will_Widow,105,104,random_resized_crop,random_resized_crop,0,"{""area_fraction"":0.855308,""aspect"":1.098054,""fallback"":false,""height"":0.88257,""left"":0.022576,""top"":0.032202,""width"":0.96911}",0.10886906,0.1584862,0.049617141,0.89684784,0.85343474,0.10041408,0.1458281,0.79643376,0.70760664,-0.088827118,0.84953726,1.7279879,27.353272,47.266122,False,0.96938944,True,True,True,0.84953726,1.7279879,27.353272,47.266122,0.84511806,1.735574,26.77672,46.47298,0.96933375,1.543468,5.5864799,8.622553,0.79550265,2.1604266,4.6172158,9.9751559,0.84662863,1.661049,12.256723,20.359017,0.85073874,1.7553901,16.059765,28.191152,0.84057584,1.7717268,12.836837,22.743368,0.85564716,1.6489275,11.079096,18.268626
0b_crop_best,file,18,baseline_crop,4770,082.Ringed_Kingfisher/Ringed_Kingfisher_0077_72872.jpg,82,81,082.Ringed_Kingfisher,79,78,identity,identity,0,{},0.16855879,0.16855879,0,0.84488159,0.84488159,0.13093591,0.13093591,0.71394569,0.71394569,0,1,1,30.585838,30.585838,False,1,True,True,True,1,1,30.585838,30.585838,1,1,30.01376,30.01376,1,1,5.8879301,5.8879301,1,1,8.3635233,8.3635233,1,1,13.719898,13.719898,1,1,16.20519,16.20519,1,1,14.269104,14.269104,1,1,13.282551,13.282551
0b_crop_best,file,18,baseline_crop,4770,082.Ringed_Kingfisher/Ringed_Kingfisher_0077_72872.jpg,82,81,082.Ringed_Kingfisher,79,78,random_resized_crop,random_resized_crop,0,"{""area_fraction"":0.529916,""aspect"":1.210782,""fallback"":false,""height"":0.661562,""left"":0.114154,""top"":0.067301,""width"":0.801007}",0.16855879,1.0631201,0.89456134,0.84488159,0.34537649,0.13093591,0.29428026,0.71394569,0.051096231,-0.66284946,0.53002605,3.5072638,30.585838,107.2726,False,0.91108441,True,True,True,0.53002605,3.5072638,30.585838,107.2726,0.51770679,3.5092908,30.01376,105.32701,0.8553086,3.4541755,5.8879301,20.337944,0.18004568,4.0543876,8.3635233,33.908965,0.39839291,3.4561802,13.719898,47.418439,0.61262339,3.6843311,16.20519,59.705284,0.558264,3.3591311,14.269104,47.93179,0.61859355,3.2235348,13.282551,42.816765
0b_crop_best,file,18,baseline_crop,822,015.Lazuli_Bunting/Lazuli_Bunting_0105_15017.jpg,15,14,015.Lazuli_Bunting,136,135,identity,identity,0,{},0.015896143,0.015896143,0,0.98422951,0.98422951,0.0048136567,0.0048136567,0.97941585,0.97941585,0,1,1,2.2875584,2.2875584,False,0.99999994,True,True,True,1,1,2.2875584,2.2875584,1,1,2.2394282,2.2394282,1,1,0.46678144,0.46678144,1,1,0.42348807,0.42348807,1,1,0.81422711,0.81422711,1,1,1.2053123,1.2053123,1,1,1.0960828,1.0960828,1,1,1.2322968,1.2322968
0b_crop_best,file,18,baseline_crop,822,015.Lazuli_Bunting/Lazuli_Bunting_0105_15017.jpg,15,14,015.Lazuli_Bunting,136,135,random_resized_crop,random_resized_crop,0,"{""area_fraction"":0.793131,""aspect"":1.158802,""fallback"":false,""height"":0.827309,""left"":0.02984,""top"":0.030755,""width"":0.958688}",0.015896143,0.013721898,-0.0021742452,0.98422951,0.98637182,0.0048136567,0.0026816863,0.97941585,0.98369013,0.0042742805,0.77435221,1.0606829,2.2875584,2.4263741,False,0.98274183,True,True,True,0.77435221,1.0606829,2.2875584,2.4263741,0.7671202,1.0657406,2.2394282,2.3866496,0.96994589,0.93675252,0.46678144,0.43725869,0.68691102,1.4491407,0.42348807,0.61369379,0.66158402,1.246743,0.81422711,1.0151319,0.75657927,1.1179008,1.2053123,1.3474197,0.78305079,0.99580719,1.0960828,1.0914871,0.86657423,0.91885191,1.2322968,1.1322983
0b_crop_best,file,18,baseline_crop,11174,190.Red_cockaded_Woodpecker/Red_Cockaded_Woodpecker_0029_794724.jpg,190,189,190.Red_cockaded_Woodpecker,187,186,identity,identity,0,{},1.4883561,1.4883561,0,0.22574344,0.22574344,0.16343109,0.16343109,0.06231235,0.06231235,0,1,1,88.355871,88.355871,False,1.0000001,True,True,True,1,1,88.355871,88.355871,1,1,86.68915,86.68915,1,1,17.080726,17.080726,1,1,18.860697,18.860697,1,1,36.937129,36.937129,1,1,48.258736,48.258736,1,1,42.139821,42.139821,1,1,41.112787,41.112787
0b_crop_best,file,18,baseline_crop,11174,190.Red_cockaded_Woodpecker/Red_Cockaded_Woodpecker_0029_794724.jpg,190,189,190.Red_cockaded_Woodpecker,187,186,random_resized_crop,random_resized_crop,0,"{""area_fraction"":0.604787,""aspect"":0.972892,""fallback"":false,""height"":0.78844,""left"":0.054034,""top"":0.201384,""width"":0.767067}",1.4883561,3.6844616,2.1961055,0.22574344,0.025110688,0.16343109,0.02748931,0.06231235,-0.0023786221,-0.064690972,0.65310791,2.1564567,88.355871,190.53561,False,0.89057469,False,True,False,0.65310791,2.1564567,88.355871,190.53561,0.6489964,2.1701516,86.68915,188.1286,0.79651466,1.767503,17.080726,30.190233,0.73011334,2.5771592,18.860697,48.607018,0.57957159,2.1999064,36.937129,81.258228,0.72656238,2.340791,48.258736,112.96362,0.62345084,2.0310955,42.139821,85.59,0.60052704,1.936785,41.112787,79.626627
0b_crop_best,file,18,baseline_crop,1877,034.Gray_crowned_Rosy_Finch/Gray_Crowned_Rosy_Finch_0074_27156.jpg,34,33,034.Gray_crowned_Rosy_Finch,46,45,identity,identity,0,{},0.0012015036,0.0012015036,0,0.9987992,0.9987992,0.0002165724,0.0002165724,0.99858263,0.99858263,0,1,1,0.20251636,0.20251636,False,0.99999994,True,True,True,1,1,0.20251636,0.20251636,1,1,0.19899975,0.19899975,1,1,0.037576295,0.037576295,1,1,0.028551256,0.028551256,1,1,0.073232781,0.073232781,1,1,0.10923395,0.10923395,1,1,0.093062077,0.093062077,1,1,0.11326993,0.11326993
0b_crop_best,file,18,baseline_crop,1877,034.Gray_crowned_Rosy_Finch/Gray_Crowned_Rosy_Finch_0074_27156.jpg,34,33,034.Gray_crowned_Rosy_Finch,46,45,random_resized_crop,random_resized_crop,0,"{""area_fraction"":0.898268,""aspect"":1.050512,""fallback"":false,""height"":0.924703,""left"":0.002584,""top"":0.028716,""width"":0.971412}",0.0012015036,0.0022224507,0.0010209471,0.9987992,0.99778003,0.0002165724,0.00035137599,0.99858263,0.99742865,-0.0011539834,0.76079781,2.0691758,0.20251636,0.41904196,False,0.97812045,True,True,True,0.76079781,2.0691758,0.20251636,0.41904196,0.75480621,2.0793917,0.19899975,0.41379841,0.96987412,1.7586499,0.037576295,0.066083548,0.54477007,2.4286281,0.028551256,0.069340384,0.69805786,2.4561049,0.073232781,0.17986739,0.73956809,2.2051822,0.10923395,0.24088078,0.72948101,1.9207967,0.093062077,0.17875333,0.85293795,1.8538198,0.11326993,0.20998205
0b_crop_best,file,18,baseline_crop,605,012.Yellow_headed_Blackbird/Yellow_Headed_Blackbird_0074_8452.jpg,12,11,012.Yellow_headed_Blackbird,13,12,identity,identity,0,{},0.0086599039,0.0086599039,0,0.99137747,0.99137747,0.0024410451,0.0024410451,0.98893643,0.98893643,0,1,1,1.0417549,1.0417549,False,1.0000001,True,True,True,1,1,1.0417549,1.0417549,1,1,1.0140527,1.0140527,1,1,0.23864313,0.23864313,1,1,0.24950268,0.24950268,1,1,0.4236276,0.4236276,1,1,0.4714348,0.4714348,1,1,0.46178431,0.46178431,1,1,0.592533,0.592533
0b_crop_best,file,18,baseline_crop,605,012.Yellow_headed_Blackbird/Yellow_Headed_Blackbird_0074_8452.jpg,12,11,012.Yellow_headed_Blackbird,13,12,random_resized_crop,random_resized_crop,0,"{""area_fraction"":0.697006,""aspect"":0.768017,""fallback"":false,""height"":0.952649,""left"":0.144847,""top"":0.024399,""width"":0.73165}",0.0086599039,0.013804439,0.0051445356,0.99137747,0.9862904,0.0024410451,0.0057798801,0.98893643,0.98051052,-0.0084259126,0.72921957,1.9742128,1.0417549,2.0566459,False,0.95719081,True,True,True,0.72921957,1.9742128,1.0417549,2.0566459,0.71850952,1.9788021,1.0140527,2.0066096,0.93248766,1.8894307,0.23864313,0.45089965,0.72692546,1.6690788,0.24950268,0.41643963,0.76592522,2.1419677,0.4236276,0.90739664,0.72590976,2.1844288,0.4714348,1.0298157,0.65187177,2.0530637,0.46178431,0.9480726,0.74103133,1.7460077,0.592533,1.0345672
0b_crop_best,file,18,baseline_crop,5342,092.Nighthawk/Nighthawk_0073_83540.jpg,92,91,092.Nighthawk,22,21,identity,identity,0,{},0.032070354,0.032070354,0,0.96843845,0.96843845,0.019964626,0.019964626,0.94847382,0.94847382,0,1,1,4.4963765,4.4963765,False,0.99999994,True,True,True,1,1,4.4963765,4.4963765,1,1,4.3691737,4.3691737,1,1,1.061943,1.061943,1,1,0.76610592,0.76610592,1,1,1.9722229,1.9722229,1,1,1.995493,1.995493,1,1,2.0714698,2.0714698,1,1,2.517959,2.517959
0b_crop_best,file,18,baseline_crop,5342,092.Nighthawk/Nighthawk_0073_83540.jpg,92,91,092.Nighthawk,22,21,random_resized_crop,random_resized_crop,0,"{""area_fraction"":0.524453,""aspect"":0.953857,""fallback"":false,""height"":0.741501,""left"":0.230687,""top"":0.076168,""width"":0.707285}",0.032070354,0.066544637,0.034474283,0.96843845,0.93562114,0.019964626,0.060540278,0.94847382,0.87508086,-0.073392956,0.69586616,3.2520161,4.4963765,14.622289,False,0.94427997,True,True,True,0.69586616,3.2520161,4.4963765,14.622289,0.68641903,3.2877224,4.3691737,14.36463,0.92020393,2.57349,1.061943,2.7328997,0.70426616,4.0023755,0.76610592,3.0662436,0.68866296,3.4181698,1.9722229,6.7413928,0.66401744,3.8124333,1.995493,7.6076841,0.67307851,3.3743831,2.0714698,6.9899329,0.73870616,2.6569806,2.517959,6.690168
0b_crop_best,file,18,baseline_crop,4858,084.Red_legged_Kittiwake/Red_Legged_Kittiwake_0032_795399.jpg,84,83,084.Red_legged_Kittiwake,141,140,identity,identity,0,{},0.0021221754,0.0021221754,0,0.9978801,0.9978801,0.00046079038,0.00046079038,0.99741931,0.99741931,0,1,1,0.31825147,0.31825147,False,1,True,True,True,1,1,0.31825147,0.31825147,1,1,0.30944804,0.30944804,1,1,0.074336466,0.074336466,1,1,0.071941725,0.071941725,1,1,0.13693083,0.13693083,1,1,0.13391762,0.13391762,1,1,0.14477597,0.14477597,1,1,0.18148944,0.18148944
0b_crop_best,file,18,baseline_crop,4858,084.Red_legged_Kittiwake/Red_Legged_Kittiwake_0032_795399.jpg,84,83,084.Red_legged_Kittiwake,141,140,random_resized_crop,random_resized_crop,0,"{""area_fraction"":0.770285,""aspect"":1.14521,""fallback"":false,""height"":0.820131,""left"":0.003542,""top"":0.082429,""width"":0.939222}",0.0021221754,0.0066397996,0.0045176242,0.9978801,0.99338222,0.00046079038,0.0013182238,0.99741931,0.99206399,-0.0053553191,0.57616419,4.0964916,0.31825147,1.3037145,False,0.96845579,True,True,True,0.57616419,4.0964916,0.31825147,1.3037145,0.56096363,4.1398142,0.30944804,1.2810574,0.92711314,3.2554514,0.074336466,0.24199875,-0.11747177,5.4082292,0.071941725,0.38907734,0.41851418,4.4559333,0.13693083,0.61015465,0.56726712,4.5371506,0.13391762,0.6076044,0.65448156,3.8637657,0.14477597,0.55938042,0.76442145,3.6355257,0.18148944,0.65980953
0b_crop_best,file,18,baseline_crop,10803,184.Louisiana_Waterthrush/Louisiana_Waterthrush_0077_795247.jpg,184,183,184.Louisiana_Waterthrush,183,182,identity,identity,0,{},0.48875415,0.48875415,0,0.61339015,0.61339015,0.34712294,0.34712294,0.26626721,0.26626721,0,1,1,97.17963,97.17963,False,0.99999994,True,True,True,1,1,97.17963,97.17963,1,1,95.528732,95.528732,1,1,17.836532,17.836532,1,1,23.11529,23.11529,1,1,42.492954,42.492954,1,1,57.677902,57.677902,1,1,43.988303,43.988303,1,1,39.039207,39.039207
0b_crop_best,file,18,baseline_crop,10803,184.Louisiana_Waterthrush/Louisiana_Waterthrush_0077_795247.jpg,184,183,184.Louisiana_Waterthrush,183,182,random_resized_crop,random_resized_crop,0,"{""area_fraction"":0.74538,""aspect"":0.765832,""fallback"":false,""height"":0.986557,""left"":0.056128,""top"":0.010781,""width"":0.755537}",0.48875415,0.74456245,0.25580829,0.61339015,0.47494206,0.34712294,0.29667765,0.26626721,0.17826441,-0.088002801,0.77573963,1.0908484,97.17963,106.00824,False,0.95170373,True,True,True,0.77573963,1.0908484,97.17963,106.00824,0.77057706,1.0911958,95.528732,104.24055,0.92527892,1.0808351,17.836532,19.278349,0.80753537,0.99662204,23.11529,23.037207,0.6592085,1.0585264,42.492954,44.979913,0.82341609,1.0587865,57.677902,61.068585,0.76917354,1.1207287,43.988303,49.298953,0.78128375,1.188402,39.039207,46.394272
0b_crop_best,file,18,baseline_crop,5691,098.Scott_Oriole/Scott_Oriole_0003_92247.jpg,98,97,098.Scott_Oriole,55,54,identity,identity,0,{},0.060081217,0.060081217,0,0.94168806,0.94168806,0.010037949,0.010037949,0.93165011,0.93165011,0,1,1,9.5585566,9.5585566,False,1,True,True,True,1,1,9.5585566,9.5585566,1,1,9.4455444,9.4455444,1,1,1.4655017,1.4655017,1,1,2.6932296,2.6932296,1,1,4.2041915,4.2041915,1,1,4.7262841,4.7262841,1,1,4.5665373,4.5665373,1,1,4.5933184,4.5933184
0b_crop_best,file,18,baseline_crop,5691,098.Scott_Oriole/Scott_Oriole_0003_92247.jpg,98,97,098.Scott_Oriole,55,54,random_resized_crop,random_resized_crop,0,"{""area_fraction"":0.511947,""aspect"":0.781663,""fallback"":false,""height"":0.809287,""left"":0.211085,""top"":0.158099,""width"":0.63259}",0.060081217,0.013291564,-0.046789654,0.94168806,0.98679638,0.010037949,0.00031326513,0.93165011,0.98648311,0.054833003,0.56547166,0.29410126,9.5585566,2.8111835,False,0.91665381,True,True,True,0.56547166,0.29410126,9.5585566,2.8111835,0.55758286,0.29414733,9.4455444,2.7783817,0.89540138,0.29218088,1.4655017,0.42819159,0.70300028,0.27364397,2.6932296,0.73698606,0.51973773,0.31115816,4.2041915,1.3081685,0.46980399,0.30840494,4.7262841,1.4576094,0.53575672,0.29766467,4.5665373,1.3592968,0.68015481,0.2659811,4.5933184,1.2217359
0b_crop_best,file,18,baseline_crop,11484,195.Carolina_Wren/Carolina_Wren_0033_186848.jpg,195,194,195.Carolina_Wren,197,196,identity,identity,0,{},0.0038689536,0.0038689536,0,0.99613851,0.99613851,0.0021238199,0.0021238199,0.99401469,0.99401469,0,1,1,0.65299231,0.65299231,False,1.0000002,True,True,True,1,1,0.65299231,0.65299231,1,1,0.63489286,0.63489286,1,1,0.15267618,0.15267618,1,1,0.11970905,0.11970905,1,1,0.28847903,0.28847903,1,1,0.34217265,0.34217265,1,1,0.28363869,0.28363869,1,1,0.32864191,0.32864191
0b_crop_best,file,18,baseline_crop,11484,195.Carolina_Wren/Carolina_Wren_0033_186848.jpg,195,194,195.Carolina_Wren,197,196,random_resized_crop,random_resized_crop,0,"{""area_fraction"":0.742408,""aspect"":0.858846,""fallback"":false,""height"":0.929745,""left"":0.05451,""top"":0.003065,""width"":0.798508}",0.0038689536,0.0012212683,-0.0026476852,0.99613851,0.99877948,0.0021238199,0.0004704872,0.99401469,0.99830899,0.0042942953,0.78438018,0.37411687,0.65299231,0.24429544,False,0.97402745,True,True,True,0.78438018,0.37411687,0.65299231,0.24429544,0.77695487,0.37775227,0.63489286,0.23983222,0.96118404,0.30446188,0.15267618,0.046484077,0.63040434,0.41220013,0.11970905,0.049344088,0.74901082,0.40777507,0.28847903,0.11763456,0.78852278,0.37825817,0.34217265,0.1294296,0.75779975,0.36233587,0.28363869,0.10277247,0.82884017,0.35916378,0.32864191,0.11803627
0b_crop_best,file,18,baseline_crop,1299,024.Red_faced_Cormorant/Red_Faced_Cormorant_0050_796276.jpg,24,23,024.Red_faced_Cormorant,5,4,identity,identity,0,{},0.001107437,0.001107437,0,0.9988932,0.9988932,0.00082449883,0.00082449883,0.9980687,0.9980687,0,1,1,0.1949474,0.1949474,False,0.99999994,True,True,True,1,1,0.1949474,0.1949474,1,1,0.18789257,0.18789257,1,1,0.051969905,0.051969905,1,1,0.040814226,0.040814226,1,1,0.090479804,0.090479804,1,1,0.087283285,0.087283285,1,1,0.089127582,0.089127582,1,1,0.099444078,0.099444078
0b_crop_best,file,18,baseline_crop,1299,024.Red_faced_Cormorant/Red_Faced_Cormorant_0050_796276.jpg,24,23,024.Red_faced_Cormorant,5,4,random_resized_crop,random_resized_crop,0,"{""area_fraction"":0.698534,""aspect"":0.855228,""fallback"":false,""height"":0.903759,""left"":0.199,""top"":0.065217,""width"":0.772921}",0.001107437,0.00040058218,-0.00070685477,0.9988932,0.99959952,0.00082449883,0.00029506665,0.9980687,0.99930445,0.0012357472,0.79475776,0.384867,0.1949474,0.075028822,False,0.98880517,True,True,True,0.79475776,0.384867,0.1949474,0.075028822,0.77996219,0.38495502,0.18789257,0.072330189,0.9887826,0.38371464,0.051969905,0.019941613,0.26495047,0.41013861,0.040814226,0.01673949,0.83202972,0.33121277,0.090479804,0.029968066,0.78698933,0.41706919,0.087283285,0.036403169,0.77168732,0.38607613,0.089127582,0.034410032,0.84336654,0.39514962,0.099444078,0.039295289
0b_crop_best,file,18,baseline_crop,9021,154.Red_eyed_Vireo/Red_Eyed_Vireo_0038_156963.jpg,154,153,154.Red_eyed_Vireo,181,180,identity,identity,0,{},0.061447583,0.061447583,0,0.94040221,0.94040221,0.049966779,0.049966779,0.89043543,0.89043543,0,1,1,13.858569,13.858569,False,1,True,True,True,1,1,13.858569,13.858569,1,1,13.645671,13.645671,1,1,2.4198305,2.4198305,1,1,3.1013703,3.1013703,1,1,6.0236591,6.0236591,1,1,7.4814022,7.4814022,1,1,6.8456156,6.8456156,1,1,6.121074,6.121074
0b_crop_best,file,18,baseline_crop,9021,154.Red_eyed_Vireo/Red_Eyed_Vireo_0038_156963.jpg,154,153,154.Red_eyed_Vireo,181,180,random_resized_crop,random_resized_crop,0,"{""area_fraction"":0.755279,""aspect"":1.287379,""fallback"":false,""height"":0.76595,""left"":0.012874,""top"":0.037383,""width"":0.986068}",0.061447583,0.27969694,0.21824936,0.94040221,0.75601286,0.049966779,0.19621196,0.89043543,0.55980089,-0.33063454,0.77651674,4.034977,13.858569,55.919006,False,0.96835649,True,True,True,0.77651674,4.034977,13.858569,55.919006,0.77089415,4.0420905,13.645671,55.157039,0.96802725,3.8018362,2.4198305,9.1997992,0.77916415,4.0672772,3.1013703,12.614133,0.74910689,4.0166487,6.0236591,24.194923,0.75763221,3.8684052,7.4814022,28.941095,0.77244774,4.2811585,6.8456156,29.307165,0.80977219,4.0060361,6.121074,24.521244
0b_crop_best,file,18,baseline_crop,11412,194.Cactus_Wren/Cactus_Wren_0069_186033.jpg,194,193,194.Cactus_Wren,110,109,identity,identity,0,{},0.12648875,0.12648875,0,0.88118404,0.88118404,0.033405587,0.033405587,0.84777845,0.84777845,0,1,1,17.649871,17.649871,False,1.0000001,True,True,True,1,1,17.649871,17.649871,1,1,17.272428,17.272428,1,1,3.6305871,3.6305871,1,1,2.6309861,2.6309861,1,1,6.4442812,6.4442812,1,1,9.9080068,9.9080068,1,1,8.9847988,8.9847988,1,1,8.4255986,8.4255986
0b_crop_best,file,18,baseline_crop,11412,194.Cactus_Wren/Cactus_Wren_0069_186033.jpg,194,193,194.Cactus_Wren,110,109,random_resized_crop,random_resized_crop,0,"{""area_fraction"":0.626245,""aspect"":0.986831,""fallback"":false,""height"":0.796619,""left"":0.036494,""top"":0.133448,""width"":0.786129}",0.12648875,0.089134336,-0.03735441,0.88118404,0.91472268,0.033405587,0.011767359,0.84777845,0.90295532,0.055176868,0.73959403,0.82729518,17.649871,14.601653,False,0.95187336,True,True,True,0.73959403,0.82729518,17.649871,14.601653,0.73245622,0.83039612,17.272428,14.342957,0.92092734,0.75370523,3.6305871,2.7363925,0.68515748,1.0658183,2.6309861,2.8041532,0.70426077,0.98587571,6.4442812,6.3532603,0.7216407,0.80822047,9.9080068,8.007854,0.7441975,0.78421054,8.9847988,7.0459739,0.77540019,0.78478021,8.4255986,6.612243
0b_crop_best,file,18,baseline_crop,10931,186.Cedar_Waxwing/Cedar_Waxwing_0125_178921.jpg,186,185,186.Cedar_Waxwing,185,184,identity,identity,0,{},0.030120984,0.030120984,0,0.97032815,0.97032815,0.011178953,0.011178953,0.9591492,0.9591492,0,1,1,4.8831909,4.8831909,False,1,True,True,True,1,1,4.8831909,4.8831909,1,1,4.8047498,4.8047498,1,1,0.87174143,0.87174143,1,1,1.0396191,1.0396191,1,1,2.4960254,2.4960254,1,1,2.5822694,2.5822694,1,1,2.082774,2.082774,1,1,2.1837141,2.1837141
0b_crop_best,file,18,baseline_crop,10931,186.Cedar_Waxwing/Cedar_Waxwing_0125_178921.jpg,186,185,186.Cedar_Waxwing,185,184,random_resized_crop,random_resized_crop,0,"{""area_fraction"":0.545411,""aspect"":1.062674,""fallback"":false,""height"":0.71641,""left"":0.238689,""top"":0.187522,""width"":0.76131}",0.030120984,0.043694187,0.013573203,0.97032815,0.95724666,0.011178953,0.026422853,0.9591492,0.93082381,-0.028325391,0.71023805,1.550711,4.8831909,7.5724178,False,0.94834507,True,True,True,0.71023805,1.550711,4.8831909,7.5724178,0.70391068,1.5546396,4.8047498,7.4696545,0.9223259,1.4262161,0.87174143,1.2432916,0.66615692,1.441684,1.0396191,1.4988022,0.76461394,1.4728934,2.4960254,3.6763793,0.70341885,1.6831484,2.5822694,4.3463426,0.6296894,1.6149144,2.082774,3.3635018,0.71611734,1.4357372,2.1837141,3.1352396
0b_crop_best,file,18,baseline_crop,9559,163.Cape_May_Warbler/Cape_May_Warbler_0028_163177.jpg,163,162,163.Cape_May_Warbler,182,181,identity,identity,0,{},0.041337952,0.041337952,0,0.95950478,0.95950478,0.019332794,0.019332794,0.94017199,0.94017199,0,1,1,4.6198217,4.6198217,False,1,True,True,True,1,1,4.6198217,4.6198217,1,1,4.4559659,4.4559659,1,1,1.2194754,1.2194754,1,1,0.83861671,0.83861671,1,1,1.5991294,1.5991294,1,1,2.0628978,2.0628978,1,1,2.3305896,2.3305896,1,1,2.6282968,2.6282968
0b_crop_best,file,18,baseline_crop,9559,163.Cape_May_Warbler/Cape_May_Warbler_0028_163177.jpg,163,162,163.Cape_May_Warbler,182,181,random_resized_crop,random_resized_crop,0,"{""area_fraction"":0.676734,""aspect"":1.297213,""fallback"":false,""height"":0.722276,""left"":0.038563,""top"":0.082352,""width"":0.936946}",0.041337952,0.052410472,0.01107252,0.95950478,0.94893926,0.019332794,0.04035553,0.94017199,0.90858373,-0.031588254,0.67005561,1.7537405,4.6198217,8.1019683,False,0.97473127,True,True,True,0.67005561,1.7537405,4.6198217,8.1019683,0.65331895,1.7721735,4.4559659,7.8967446,0.94638338,1.4858781,1.2194754,1.8119917,0.62585628,1.9831939,0.83861671,1.6631396,0.54070811,1.8621235,1.5991294,2.9777765,0.613391,2.0872129,2.0628978,4.305707,0.66041968,1.7548222,2.3305896,4.0897703,0.75457113,1.4959984,2.6282968,3.9319278
0b_crop_best,file,18,baseline_crop,72,002.Laysan_Albatross/Laysan_Albatross_0065_809.jpg,2,1,002.Laysan_Albatross,3,2,identity,identity,0,{},0.00045229695,0.00045229695,0,0.99954778,0.99954778,0.00014360115,0.00014360115,0.99940418,0.99940418,0,1,1,0.074850274,0.074850274,False,0.99999988,True,True,True,1,1,0.074850274,0.074850274,1,1,0.072688849,0.072688849,1,1,0.017857627,0.017857627,1,1,0.016241862,0.016241862,1,1,0.025979627,0.025979627,1,1,0.037669769,0.037669769,1,1,0.036848315,0.036848315,1,1,0.039599492,0.039599492
0b_crop_best,file,18,baseline_crop,72,002.Laysan_Albatross/Laysan_Albatross_0065_809.jpg,2,1,002.Laysan_Albatross,3,2,random_resized_crop,random_resized_crop,0,"{""area_fraction"":0.607132,""aspect"":0.80262,""fallback"":false,""height"":0.869735,""left"":0.106402,""top"":0.070265,""width"":0.698066}",0.00045229695,0.14614883,0.14569653,0.99954778,0.86402911,0.00014360115,0.012409697,0.99940418,0.85161941,-0.14778477,0.54764816,308.55429,0.074850274,23.095373,False,0.91018069,True,True,True,0.54764816,308.55429,0.074850274,23.095373,0.53292984,311.55991,0.072688849,22.646932,0.85830094,253.62286,0.017857627,4.5291024,0.6843284,397.52829,0.016241862,6.4565996,0.42800805,393.91954,0.025979627,10.233883,0.46544908,311.95694,0.037669769,11.751346,0.54831656,278.45093,0.036848315,10.260448,0.6336498,280.17299,0.039599492,11.094708
0b_crop_best,file,18,baseline_crop,7761,133.White_throated_Sparrow/White_Throated_Sparrow_0015_129138.jpg,133,132,133.White_throated_Sparrow,132,131,identity,identity,0,{},0.0031821113,0.0031821113,0,0.99682295,0.99682295,0.00096026342,0.00096026342,0.99586269,0.99586269,0,1,1,0.44644647,0.44644647,False,1,True,True,True,1,1,0.44644647,0.44644647,1,1,0.43514132,0.43514132,1,1,0.099832284,0.099832284,1,1,0.058627711,0.058627711,1,1,0.18475177,0.18475177,1,1,0.23335621,0.23335621,1,1,0.2007171,0.2007171,1,1,0.23882016,0.23882016
0b_crop_best,file,18,baseline_crop,7761,133.White_throated_Sparrow/White_Throated_Sparrow_0015_129138.jpg,133,132,133.White_throated_Sparrow,132,131,random_resized_crop,random_resized_crop,0,"{""area_fraction"":0.71191,""aspect"":0.847743,""fallback"":false,""height"":0.91639,""left"":0.074671,""top"":0.027429,""width"":0.776864}",0.0031821113,0.012464128,0.0092820162,0.99682295,0.9876132,0.00096026342,0.0028689043,0.99586269,0.9847443,-0.011118393,0.75472732,4.3390438,0.44644647,1.9371508,False,0.97274125,True,True,True,0.75472732,4.3390438,0.44644647,1.9371508,0.74543978,4.3662794,0.43514132,1.8999486,0.96568735,3.7845567,0.099832284,0.37782094,0.60701119,5.1050674,0.058627711,0.29929842,0.70858527,4.2252421,0.18475177,0.78062096,0.76776702,4.5168117,0.23335621,1.0540261,0.71000937,4.3501782,0.2007171,0.87315515,0.78176478,4.2650091,0.23882016,1.0185701
0b_crop_best,file,18,baseline_crop,5287,091.Mockingbird/Mockingbird_0008_81226.jpg,91,90,091.Mockingbird,63,62,identity,identity,0,{},5.1953573,5.1953573,0,0.005542235,0.005542235,0.66461551,0.66461551,-0.65907328,-0.65907328,0,1,1,233.52865,233.52865,False,0.99999994,True,False,False,1,1,233.52865,233.52865,1,1,230.83082,230.83082,1,1,35.394406,35.394406,1,1,73.048708,73.048708,1,1,110.26982,110.26982,1,1,128.50047,128.50047,1,1,105.65552,105.65552,1,1,90.065864,90.065864
0b_crop_best,file,18,baseline_crop,5287,091.Mockingbird/Mockingbird_0008_81226.jpg,91,90,091.Mockingbird,63,62,random_resized_crop,random_resized_crop,0,"{""area_fraction"":0.80552,""aspect"":0.847438,""fallback"":false,""height"":0.974954,""left"":0.103579,""top"":0.010221,""width"":0.826213}",5.1953573,6.6073694,1.4120121,0.005542235,0.00135038,0.66461551,0.81641692,-0.65907328,-0.81506654,-0.15599326,0.77671153,0.99440706,233.52865,232.22254,False,0.93665034,True,False,False,0.77671153,0.99440706,233.52865,232.22254,0.77320908,0.99453142,230.83082,229.5685,0.9265073,0.98910293,35.394406,35.008711,0.78645741,0.91427759,73.048708,66.786797,0.73585646,0.97270611,110.26982,107.26012,0.79734009,1.0060834,128.50047,129.28219,0.75809416,0.96336723,105.65552,101.78506,0.79456726,1.0913959,90.065864,98.297514
0b_crop_best,file,18,baseline_crop,4209,073.Blue_Jay/Blue_Jay_0066_61490.jpg,73,72,073.Blue_Jay,164,163,identity,identity,0,{},0.19282658,0.19282658,0,0.82462496,0.82462496,0.053683575,0.053683575,0.77094138,0.77094138,0,1,1,29.842936,29.842936,False,1,True,True,True,1,1,29.842936,29.842936,1,1,29.375977,29.375977,1,1,5.2585891,5.2585891,1,1,7.9686874,7.9686874,1,1,11.406275,11.406275,1,1,14.050917,14.050917,1,1,15.616356,15.616356,1,1,15.101196,15.101196
0b_crop_best,file,18,baseline_crop,4209,073.Blue_Jay/Blue_Jay_0066_61490.jpg,73,72,073.Blue_Jay,164,163,random_resized_crop,random_resized_crop,0,"{""area_fraction"":0.540131,""aspect"":0.86047,""fallback"":false,""height"":0.792286,""left"":0.092337,""top"":0.06526,""width"":0.681738}",0.19282658,0.65952092,0.46669434,0.82462496,0.51709902,0.053683575,0.24686092,0.77094138,0.2702381,-0.50070328,0.59823925,3.2056966,29.842936,95.667397,False,0.93125659,True,True,True,0.59823925,3.2056966,29.842936,95.667397,0.5880005,3.2036139,29.375977,94.109289,0.91138849,3.2700239,5.2585891,17.195712,0.63175223,3.598227,7.9686874,28.673146,0.54567302,3.6017353,11.406275,41.082384,0.46342867,3.3574223,14.050917,47.174861,0.59693739,2.8823075,15.616356,45.011138,0.72151692,3.0310909,15.101196,45.7731
0b_crop_best,file,18,baseline_crop,8378,143.Caspian_Tern/Caspian_Tern_0078_146824.jpg,143,142,143.Caspian_Tern,146,145,identity,identity,0,{},0.69182134,0.69182134,0,0.50066334,0.50066334,0.24399678,0.24399678,0.25666656,0.25666656,0,1,1,86.512555,86.512555,False,1,True,True,True,1,1,86.512555,86.512555,1,1,84.830983,84.830983,1,1,16.974285,16.974285,1,1,16.871269,16.871269,1,1,36.57755,36.57755,1,1,42.955626,42.955626,1,1,42.023489,42.023489,1,1,44.30101,44.30101
0b_crop_best,file,18,baseline_crop,8378,143.Caspian_Tern/Caspian_Tern_0078_146824.jpg,143,142,143.Caspian_Tern,146,145,random_resized_crop,random_resized_crop,0,"{""area_fraction"":0.891425,""aspect"":0.941605,""fallback"":false,""height"":0.972989,""left"":0.067937,""top"":0.001227,""width"":0.916172}",0.69182134,1.5286925,0.83687115,0.50066334,0.21681899,0.24399678,0.63518828,0.25666656,-0.41836929,-0.67503585,0.76925678,1.6478632,86.512555,142.56086,False,0.97687626,False,True,False,0.76925678,1.6478632,86.512555,142.56086,0.76229758,1.643916,84.830983,139.45501,0.93441585,1.7435538,16.974285,29.595579,0.7079227,1.9306976,16.871269,32.573318,0.7699964,1.6663881,36.57755,60.952393,0.71807665,1.4976465,42.955626,64.332343,0.75010076,1.6281873,42.023489,68.422111,0.81775903,1.7266752,44.30101,76.493457
0b_crop_best,file,18,baseline_crop,1548,028.Brown_Creeper/Brown_Creeper_0007_24902.jpg,28,27,028.Brown_Creeper,187,186,identity,identity,0,{},0.019990638,0.019990638,0,0.98020786,0.98020786,0.014305584,0.014305584,0.96590228,0.96590228,0,1,1,6.7224701,6.7224701,False,1.0000001,True,True,True,1,1,6.7224701,6.7224701,1,1,6.6845865,6.6845865,1,1,0.71267629,0.71267629,1,1,1.4481397,1.4481397,1,1,3.1844336,3.1844336,1,1,3.9549579,3.9549579,1,1,3.3075611,3.3075611,1,1,2.4216355,2.4216355
0b_crop_best,file,18,baseline_crop,1548,028.Brown_Creeper/Brown_Creeper_0007_24902.jpg,28,27,028.Brown_Creeper,187,186,random_resized_crop,random_resized_crop,0,"{""area_fraction"":0.800564,""aspect"":1.22314,""fallback"":false,""height"":0.809021,""left"":0.001383,""top"":0.149483,""width"":0.989546}",0.019990638,0.032134425,0.012143787,0.98020786,0.9683764,0.014305584,0.023716263,0.96590228,0.94466013,-0.021242142,0.83307853,1.4934934,6.7224701,10.039965,False,0.95092338,True,True,True,0.83307853,1.4934934,6.7224701,10.039965,0.83169912,1.4921677,6.6845865,9.9745238,0.94806164,1.6058488,0.71267629,1.1444504,0.90304524,1.6136786,1.4481397,2.336832,0.79220841,1.5059427,3.1844336,4.7955745,0.8251391,1.3942705,3.9549579,5.5142812,0.84485248,1.5218015,3.3075611,5.0334512,0.87012642,1.6147052,2.4216355,3.9102275
0b_crop_best,file,18,baseline_crop,9783,167.Hooded_Warbler/Hooded_Warbler_0039_164928.jpg,167,166,167.Hooded_Warbler,180,179,identity,identity,0,{},3.8769374,3.8769374,0,0.020714169,0.020714169,0.86750323,0.86750323,-0.84678906,-0.84678906,0,1,1,216.95985,216.95985,False,1,True,False,False,1,1,216.95985,216.95985,1,1,214.16468,214.16468,1,1,34.714058,34.714058,1,1,36.788381,36.788381,1,1,90.066059,90.066059,1,1,129.1771,129.1771,1,1,106.77418,106.77418,1,1,91.179932,91.179932
0b_crop_best,file,18,baseline_crop,9783,167.Hooded_Warbler/Hooded_Warbler_0039_164928.jpg,167,166,167.Hooded_Warbler,180,179,random_resized_crop,random_resized_crop,0,"{""area_fraction"":0.56813,""aspect"":1.027501,""fallback"":false,""height"":0.743588,""left"":0.04976,""top"":0.106986,""width"":0.764038}",3.8769374,6.1614437,2.2845063,0.020714169,0.002109206,0.86750323,0.96688199,-0.84678906,-0.96477278,-0.11798373,0.69748557,0.80268312,216.95985,174.15001,False,0.96540529,True,False,False,0.69748557,0.80268312,216.95985,174.15001,0.68923283,0.79583295,214.16468,170.43931,0.96272895,1.0300858,34.714058,35.758459,0.52228805,0.7820465,36.788381,28.770224,0.62205517,0.68797302,90.066059,61.963019,0.67952597,0.70082091,129.1771,90.530014,0.73113607,0.85434913,106.77418,91.222426,0.75015383,0.9726479,91.179932,88.685969
0b_crop_best,file,18,baseline_crop,4267,074.Florida_Jay/Florida_Jay_0039_64576.jpg,74,73,074.Florida_Jay,54,53,identity,identity,0,{},0.023410005,0.023410005,0,0.97686189,0.97686189,0.0080323741,0.0080323741,0.96882952,0.96882952,0,1,1,4.1406925,4.1406925,False,1,True,True,True,1,1,4.1406925,4.1406925,1,1,4.0669313,4.0669313,1,1,0.77807752,0.77807752,1,1,0.82150285,0.82150285,1,1,1.797338,1.797338,1,1,2.2887196,2.2887196,1,1,1.8626569,1.8626569,1,1,1.9816435,1.9816435
0b_crop_best,file,18,baseline_crop,4267,074.Florida_Jay/Florida_Jay_0039_64576.jpg,74,73,074.Florida_Jay,54,53,random_resized_crop,random_resized_crop,0,"{""area_fraction"":0.792101,""aspect"":0.895506,""fallback"":false,""height"":0.940494,""left"":0.141479,""top"":0.036345,""width"":0.842218}",0.023410005,0.031815995,0.008405989,0.97686189,0.96868479,0.0080323741,0.012178364,0.96882952,0.95650643,-0.012323092,0.85849283,1.5546042,4.1406925,6.4371381,False,0.96844614,True,True,True,0.85849283,1.5546042,4.1406925,6.4371381,0.85450929,1.5546194,4.0669313,6.3225304,0.96735517,1.5541889,0.77807752,1.2092795,0.82812928,2.0555697,0.82150285,1.6886564,0.81765892,1.5066156,1.797338,2.7078975,0.87180003,1.5149653,2.2887196,3.4673309,0.8442982,1.5550549,1.8626569,2.8965336,0.88495701,1.5453457,1.9816435,3.0623244
0b_crop_best,file,18,baseline_crop,5492,094.White_breasted_Nuthatch/White_Breasted_Nuthatch_0131_86416.jpg,94,93,094.White_breasted_Nuthatch,160,159,identity,identity,0,{},0.0076327352,0.0076327352,0,0.9923963,0.9923963,0.0038319805,0.0038319805,0.98856431,0.98856431,0,1,1,1.2304669,1.2304669,False,1,True,True,True,1,1,1.2304669,1.2304669,1,1,1.2055349,1.2055349,1,1,0.24644356,0.24644356,1,1,0.40198694,0.40198694,1,1,0.42804735,0.42804735,1,1,0.58074929,0.58074929,1,1,0.59318406,0.59318406,1,1,0.64757958,0.64757958
0b_crop_best,file,18,baseline_crop,5492,094.White_breasted_Nuthatch/White_Breasted_Nuthatch_0131_86416.jpg,94,93,094.White_breasted_Nuthatch,160,159,random_resized_crop,random_resized_crop,0,"{""area_fraction"":0.877978,""aspect"":1.131212,""fallback"":false,""height"":0.880987,""left"":0.000364,""top"":0.071769,""width"":0.996583}",0.0076327352,0.0085687824,0.00093604717,0.9923963,0.99146783,0.0038319805,0.0031760419,0.98856431,0.98829179,-0.00027252291,0.78725254,1.085694,1.2304669,1.3359106,False,0.98416483,True,True,True,0.78725254,1.085694,1.2304669,1.3359106,0.7792928,1.0850412,1.2055349,1.3080551,0.97500888,1.101199,0.24644356,0.27138341,0.77133019,1.1828769,0.40198694,0.47550107,0.70468884,1.0430201,0.42804735,0.44646197,0.73753831,1.029381,0.58074929,0.59781226,0.77028187,1.0670568,0.59318406,0.63296106,0.85359367,1.1216116,0.64757958,0.72633278
0b_crop_best,file,18,baseline_crop,6081,104.American_Pipit/American_Pipit_0062_100000.jpg,104,103,104.American_Pipit,150,149,identity,identity,0,{},0.14111792,0.14111792,0,0.86838692,0.86838692,0.10232513,0.10232513,0.7660618,0.7660618,0,1,1,28.201874,28.201874,False,1,True,True,True,1,1,28.201874,28.201874,1,1,27.778248,27.778248,1,1,4.8697701,4.8697701,1,1,3.7445541,3.7445541,1,1,14.998544,14.998544,1,1,16.53418,16.53418,1,1,11.109512,11.109512,1,1,11.655587,11.655587
0b_crop_best,file,18,baseline_crop,6081,104.American_Pipit/American_Pipit_0062_100000.jpg,104,103,104.American_Pipit,150,149,random_resized_crop,random_resized_crop,0,"{""area_fraction"":0.82896,""aspect"":1.106566,""fallback"":false,""height"":0.865522,""left"":0.04005,""top"":0.0316,""width"":0.957757}",0.14111792,0.21387431,0.072756395,0.86838692,0.80744988,0.10232513,0.10444716,0.7660618,0.70300272,-0.063059077,0.85488389,1.4385558,28.201874,40.569971,False,0.97454333,True,True,True,0.85488389,1.4385558,28.201874,40.569971,0.85270039,1.4459324,27.778248,40.165468,0.96066084,1.1735044,4.8697701,5.7146967,0.72314672,1.8555786,3.7445541,6.9483144,0.88432801,1.4511087,14.998544,21.764517,0.87337479,1.5348255,16.53418,25.377081,0.79972416,1.3515927,11.109512,15.015536,0.82964245,1.2778356,11.655587,14.893923
0b_crop_best,file,18,baseline_crop,7469,128.Seaside_Sparrow/Seaside_Sparrow_0039_796530.jpg,128,127,128.Seaside_Sparrow,122,121,identity,identity,0,{},4.6214824,4.6214824,0,0.009838202,0.009838202,0.20953506,0.20953506,-0.19969686,-0.19969686,0,1,1,185.24918,185.24918,False,1,True,False,False,1,1,185.24918,185.24918,1,1,183.11989,183.11989,1,1,28.006478,28.006478,1,1,53.056908,53.056908,1,1,100.29502,100.29502,1,1,91.10842,91.10842,1,1,79.824098,79.824098,1,1,77.370141,77.370141
0b_crop_best,file,18,baseline_crop,7469,128.Seaside_Sparrow/Seaside_Sparrow_0039_796530.jpg,128,127,128.Seaside_Sparrow,122,121,random_resized_crop,random_resized_crop,0,"{""area_fraction"":0.604923,""aspect"":0.918749,""fallback"":false,""height"":0.811431,""left"":0.011375,""top"":0.054472,""width"":0.745501}",4.6214824,5.3684645,0.7469821,0.009838202,0.0046612825,0.20953506,0.2493944,-0.19969686,-0.24473312,-0.045036259,0.7398956,1.0847908,185.24918,200.95661,False,0.94661397,True,False,False,0.7398956,1.0847908,185.24918,200.95661,0.73508007,1.0820484,183.11989,198.14458,0.92975525,1.1961694,28.006478,33.500491,0.65257297,1.3109527,53.056908,69.555098,0.80074278,0.94205172,100.29502,94.483094,0.7017635,1.082293,91.10842,98.606003,0.71855607,1.1154878,79.824098,89.04281,0.76813177,1.1447495,77.370141,88.56943
0b_crop_best,file,18,baseline_crop,8975,153.Philadelphia_Vireo/Philadelphia_Vireo_0071_794796.jpg,153,152,153.Philadelphia_Vireo,155,154,identity,identity,0,{},0.14353529,0.14353529,0,0.86629021,0.86629021,0.11941024,0.11941024,0.74687997,0.74687997,0,1,1,25.991107,25.991107,False,1,True,True,True,1,1,25.991107,25.991107,1,1,25.414442,25.414442,1,1,5.4446133,5.4446133,1,1,5.2575109,5.2575109,1,1,11.952092,11.952092,1,1,15.220737,15.220737,1,1,11.748438,11.748438,1,1,10.28121,10.28121
0b_crop_best,file,18,baseline_crop,8975,153.Philadelphia_Vireo/Philadelphia_Vireo_0071_794796.jpg,153,152,153.Philadelphia_Vireo,155,154,random_resized_crop,random_resized_crop,0,"{""area_fraction"":0.67394,""aspect"":1.185953,""fallback"":false,""height"":0.753836,""left"":0.081598,""top"":0.149825,""width"":0.894014}",0.14353529,0.03645096,-0.10708433,0.86629021,0.96420538,0.11941024,0.026089603,0.74687997,0.93811578,0.19123581,0.78445485,0.24373167,25.991107,6.334856,False,0.95604277,True,True,True,0.78445485,0.24373167,25.991107,6.334856,0.77652827,0.24287016,25.414442,6.1724095,0.94678119,0.26179979,5.4446133,1.4253986,0.60516444,0.20696612,5.2575109,1.0881266,0.78716055,0.24315245,11.952092,2.9061803,0.81976789,0.25334127,15.220737,3.8560409,0.74750184,0.22653418,11.748438,2.6614229,0.74384633,0.24829238,10.28121,2.5527461
0b_crop_best,file,18,baseline_crop,7079,121.Grasshopper_Sparrow/Grasshopper_Sparrow_0115_115914.jpg,121,120,121.Grasshopper_Sparrow,117,116,identity,identity,0,{},2.4356387,2.4356387,0,0.087541826,0.087541826,0.20932069,0.20932069,-0.12177887,-0.12177887,0,1,1,167.95922,167.95922,False,1,True,False,False,1,1,167.95922,167.95922,1,1,165.73577,165.73577,1,1,27.238809,27.238809,1,1,34.341752,34.341752,1,1,80.471826,80.471826,1,1,95.980256,95.980256,1,1,73.660115,73.660115,1,1,71.939233,71.939233
0b_crop_best,file,18,baseline_crop,7079,121.Grasshopper_Sparrow/Grasshopper_Sparrow_0115_115914.jpg,121,120,121.Grasshopper_Sparrow,117,116,random_resized_crop,random_resized_crop,0,"{""area_fraction"":0.641859,""aspect"":1.004703,""fallback"":false,""height"":0.799284,""left"":0.152703,""top"":0.093844,""width"":0.803043}",2.4356387,1.9635198,-0.47211885,0.087541826,0.14036351,0.20932069,0.36704409,-0.12177887,-0.22668058,-0.10490171,0.65405133,1.0060915,167.95922,168.98235,False,0.9621774,True,False,False,0.65405133,1.0060915,167.95922,168.98235,0.64604635,1.003166,165.73577,166.2605,0.92532774,1.10898,27.238809,30.207295,0.69720196,1.0322906,34.341752,35.450668,0.54653587,1.1112634,80.471826,89.425397,0.69147054,0.97362955,95.980256,93.449214,0.6276156,0.97133706,73.660115,71.5488,0.72447465,0.93629894,71.939233,67.356628
0b_crop_best,file,18,baseline_crop,7290,125.Lincoln_Sparrow/Lincoln_Sparrow_0014_117883.jpg,125,124,125.Lincoln_Sparrow,131,130,identity,identity,0,{},0.089706212,0.089706212,0,0.91419971,0.91419971,0.024452144,0.024452144,0.88974757,0.88974757,0,1,1,16.417943,16.417943,False,1,True,True,True,1,1,16.417943,16.417943,1,1,16.288745,16.288745,1,1,2.0556315,2.0556315,1,1,3.0049115,3.0049115,1,1,7.4546721,7.4546721,1,1,9.642385,9.642385,1,1,7.5028103,7.5028103,1,1,7.1731332,7.1731332
0b_crop_best,file,18,baseline_crop,7290,125.Lincoln_Sparrow/Lincoln_Sparrow_0014_117883.jpg,125,124,125.Lincoln_Sparrow,131,130,random_resized_crop,random_resized_crop,0,"{""area_fraction"":0.74627,""aspect"":0.802433,""fallback"":false,""height"":0.96437,""left"":0.151663,""top"":0.009903,""width"":0.773842}",0.089706212,0.23708364,0.14737743,0.91419971,0.78892529,0.024452144,0.070794582,0.88974757,0.71813071,-0.17161686,0.82250475,3.0374008,16.417943,49.867873,False,0.96174181,True,True,True,0.82250475,3.0374008,16.417943,49.867873,0.82117308,3.047092,16.288745,49.633305,0.95846069,2.3501891,2.0556315,4.831123,0.53270806,4.0663856,3.0049115,12.219129,0.80347073,3.2270055,7.4546721,24.056268,0.87039864,3.2252909,9.642385,31.099496,0.81859625,2.7797449,7.5028103,20.855899,0.84867309,2.5451484,7.1731332,18.256688
0b_crop_best,file,18,baseline_crop,6478,111.Loggerhead_Shrike/Loggerhead_Shrike_0128_105238.jpg,111,110,111.Loggerhead_Shrike,138,137,identity,identity,0,{},0.59439909,0.59439909,0,0.55189407,0.55189407,0.1613733,0.1613733,0.39052077,0.39052077,0,1,1,79.400832,79.400832,False,1.0000001,True,True,True,1,1,79.400832,79.400832,1,1,78.061714,78.061714,1,1,14.521047,14.521047,1,1,20.023506,20.023506,1,1,34.787097,34.787097,1,1,44.860364,44.860364,1,1,37.934018,37.934018,1,1,32.110845,32.110845
0b_crop_best,file,18,baseline_crop,6478,111.Loggerhead_Shrike/Loggerhead_Shrike_0128_105238.jpg,111,110,111.Loggerhead_Shrike,138,137,random_resized_crop,random_resized_crop,0,"{""area_fraction"":0.528589,""aspect"":0.772437,""fallback"":false,""height"":0.827233,""left"":0.138458,""top"":0.115787,""width"":0.638985}",0.59439909,2.0648491,1.47045,0.55189407,0.12683742,0.1613733,0.25696889,0.39052077,-0.13013147,-0.52065223,0.63999637,1.7479644,79.400832,138.78983,False,0.87860185,False,True,False,0.63999637,1.7479644,79.400832,138.78983,0.63373998,1.7515836,78.061714,136.73162,0.83445391,1.639927,14.521047,23.813458,0.24269971,1.3670357,20.023506,27.372848,0.61764649,1.8380271,34.787097,63.939628,0.69017117,1.7084973,44.860364,76.643811,0.66320453,1.7318248,37.934018,65.695074,0.63332063,1.8860589,32.110845,60.562945
0b_crop_best,file,18,baseline_crop,7254,124.Le_Conte_Sparrow/Le_Conte_Sparrow_0016_795223.jpg,124,123,124.Le_Conte_Sparrow,126,125,identity,identity,0,{},0.35658902,0.35658902,0,0.70006013,0.70006013,0.10139086,0.10139086,0.59866927,0.59866927,0,1,1,51.185725,51.185725,False,1,True,True,True,1,1,51.185725,51.185725,1,1,50.463682,50.463682,1,1,8.5671028,8.5671028,1,1,7.922941,7.922941,1,1,23.746468,23.746468,1,1,30.140203,30.140203,1,1,23.412689,23.412689,1,1,21.525093,21.525093
0b_crop_best,file,18,baseline_crop,7254,124.Le_Conte_Sparrow/Le_Conte_Sparrow_0016_795223.jpg,124,123,124.Le_Conte_Sparrow,126,125,random_resized_crop,random_resized_crop,0,"{""area_fraction"":0.509397,""aspect"":0.834876,""fallback"":false,""height"":0.78112,""left"":0.211175,""top"":0.029678,""width"":0.652138}",0.35658902,1.0198739,0.66328484,0.70006013,0.36064047,0.10139086,0.16463996,0.59866927,0.1960005,-0.40266877,0.5206616,2.3887737,51.185725,122.27111,False,0.89128858,True,True,True,0.5206616,2.3887737,51.185725,122.27111,0.51153767,2.3809233,50.463682,120.15016,0.80826415,2.6467773,8.5671028,22.675213,0.52533654,2.5992593,7.922941,20.593778,0.54305426,2.5766931,23.746468,61.187362,0.50606468,2.1210897,30.140203,63.930073,0.49229894,2.422973,23.412689,56.728313,0.51023809,2.5287973,21.525093,54.432596
0b_crop_best,file,18,baseline_crop,1704,031.Black_billed_Cuckoo/Black_Billed_Cuckoo_0028_26165.jpg,31,30,031.Black_billed_Cuckoo,33,32,identity,identity,0,{},2.5047772,2.5047772,0,0.081693783,0.081693783,0.80150735,0.80150735,-0.71981357,-0.71981357,0,1,1,210.44315,210.44315,False,1,True,False,False,1,1,210.44315,210.44315,1,1,205.54649,205.54649,1,1,45.132706,45.132706,1,1,39.321729,39.321729,1,1,117.24659,117.24659,1,1,107.54081,107.54081,1,1,92.508282,92.508282,1,1,82.665534,82.665534
0b_crop_best,file,18,baseline_crop,1704,031.Black_billed_Cuckoo/Black_Billed_Cuckoo_0028_26165.jpg,31,30,031.Black_billed_Cuckoo,33,32,random_resized_crop,random_resized_crop,0,"{""area_fraction"":0.708188,""aspect"":1.237974,""fallback"":false,""height"":0.756342,""left"":0.003611,""top"":0.036649,""width"":0.936332}",2.5047772,3.8584914,1.3537142,0.081693783,0.021099808,0.80150735,0.3963187,-0.71981357,-0.3752189,0.34459467,0.76950356,1.2547027,210.44315,264.04359,False,0.933231,False,False,False,0.76950356,1.2547027,210.44315,264.04359,0.76908995,1.2697044,205.54649,260.98328,0.82977255,0.8881415,45.132706,40.084229,0.76441207,1.6802475,39.321729,66.070238,0.86335452,1.3379452,117.24659,156.86951,0.75648068,1.2658264,107.54081,136.128,0.6816876,1.1934303,92.508282,110.40218,0.70605708,1.1099875,82.665534,91.757712
0b_crop_best,file,18,baseline_crop,3415,059.California_Gull/California_Gull_0074_41358.jpg,59,58,059.California_Gull,64,63,identity,identity,0,{},0.17889024,0.17889024,0,0.83619767,0.83619767,0.052164979,0.052164979,0.78403269,0.78403269,0,1,1,20.85769,20.85769,False,1,True,True,True,1,1,20.85769,20.85769,1,1,20.10398,20.10398,1,1,5.5563665,5.5563665,1,1,5.4807028,5.4807028,1,1,8.448148,8.448148,1,1,9.6593068,9.6593068,1,1,9.4501272,9.4501272,1,1,10.961459,10.961459
0b_crop_best,file,18,baseline_crop,3415,059.California_Gull/California_Gull_0074_41358.jpg,59,58,059.California_Gull,64,63,random_resized_crop,random_resized_crop,0,"{""area_fraction"":0.712111,""aspect"":1.144127,""fallback"":false,""height"":0.788927,""left"":0.097184,""top"":0.002431,""width"":0.902633}",0.17889024,1.5248396,1.3459494,0.83619767,0.21765599,0.052164979,0.60647547,0.78403269,-0.38881949,-1.1728522,0.48284827,4.7637559,20.85769,99.360942,False,0.93953878,False,True,False,0.48284827,4.7637559,20.85769,99.360942,0.4541793,4.7648565,20.10398,95.792579,0.85939176,4.7493246,5.5563665,26.388988,0.50693918,4.5441238,5.4807028,24.904992,0.31520762,4.4018877,8.448148,37.187799,0.41428367,5.0550057,9.6593068,48.827851,0.43889372,5.0250472,9.4501272,47.487335,0.56923873,4.5921874,10.961459,50.337074
0b_crop_best,file,18,baseline_crop,9006,154.Red_eyed_Vireo/Red_Eyed_Vireo_0029_156777.jpg,154,153,154.Red_eyed_Vireo,155,154,identity,identity,0,{},0.18327233,0.18327233,0,0.83254141,0.83254141,0.04150793,0.04150793,0.79103348,0.79103348,0,1,1,28.404013,28.404013,False,1,True,True,True,1,1,28.404013,28.404013,1,1,27.930582,27.930582,1,1,5.1643509,5.1643509,1,1,5.8614133,5.8614133,1,1,12.451464,12.451464,1,1,14.940539,14.940539,1,1,14.324647,14.324647,1,1,12.73998,12.73998
0b_crop_best,file,18,baseline_crop,9006,154.Red_eyed_Vireo/Red_Eyed_Vireo_0029_156777.jpg,154,153,154.Red_eyed_Vireo,155,154,random_resized_crop,random_resized_crop,0,"{""area_fraction"":0.821958,""aspect"":1.180348,""fallback"":false,""height"":0.834487,""left"":0.013045,""top"":0.106935,""width"":0.984986}",0.18327233,0.34616306,0.16289073,0.83254141,0.7073971,0.04150793,0.23559706,0.79103348,0.47180004,-0.31923343,0.54730658,2.0138305,28.404013,57.200866,False,0.95839,True,True,True,0.54730658,2.0138305,28.404013,57.200866,0.53488261,2.0001017,27.930582,55.864004,0.86061677,2.3806279,5.1643509,12.294398,0.046816668,2.3892985,5.8614133,14.004666,0.5765355,2.0595117,12.451464,25.643936,0.48612219,2.062023,14.940539,30.807736,0.569493,1.8880267,14.324647,27.045315,0.65558717,1.9008925,12.73998,24.217331
0b_crop_best,file,18,baseline_crop,6037,104.American_Pipit/American_Pipit_0074_100154.jpg,104,103,104.American_Pipit,131,130,identity,identity,0,{},0.015805678,0.015805678,0,0.98431855,0.98431855,0.0035627866,0.0035627866,0.98075577,0.98075577,0,1,1,2.8469748,2.8469748,False,0.99999988,True,True,True,1,1,2.8469748,2.8469748,1,1,2.8032679,2.8032679,1,1,0.49694518,0.49694518,1,1,0.75184608,0.75184608,1,1,1.1940949,1.1940949,1,1,1.6659924,1.6659924,1,1,1.2747535,1.2747535,1,1,1.2110527,1.2110527
0b_crop_best,file,18,baseline_crop,6037,104.American_Pipit/American_Pipit_0074_100154.jpg,104,103,104.American_Pipit,131,130,random_resized_crop,random_resized_crop,0,"{""area_fraction"":0.725082,""aspect"":1.145897,""fallback"":false,""height"":0.795464,""left"":0.063106,""top"":0.119545,""width"":0.91152}",0.015805678,0.038886607,0.023080928,0.98431855,0.96185976,0.0035627866,0.0034626999,0.98075577,0.95839706,-0.022358705,0.78333812,2.661483,2.8469748,7.5771751,False,0.97068298,True,True,True,0.78333812,2.661483,2.8469748,7.5771751,0.7793672,2.6762972,2.8032679,7.5023781,0.96099048,2.1371156,0.49694518,1.0620293,0.78915752,2.5731359,0.75184608,1.9346021,0.6957098,2.5348519,1.1940949,3.0268536,0.82329979,2.8616037,1.6659924,4.7674101,0.77030696,2.6214393,1.2747535,3.341689,0.77968647,2.543197,1.2110527,3.0799456
0b_crop_best,file,18,baseline_crop,6111,105.Whip_poor_Will/Whip_Poor_Will_0006_22800.jpg,105,104,105.Whip_poor_Will,92,91,identity,identity,0,{},2.418179,2.418179,0,0.089083686,0.089083686,0.74176502,0.74176502,-0.65268134,-0.65268134,0,1,1,149.38663,149.38663,False,1,True,False,False,1,1,149.38663,149.38663,1,1,146.52105,146.52105,1,1,29.119514,29.119514,1,1,28.543176,28.543176,1,1,57.686419,57.686419,1,1,78.27929,78.27929,1,1,76.156005,76.156005,1,1,73.475152,73.475152
0b_crop_best,file,18,baseline_crop,6111,105.Whip_poor_Will/Whip_Poor_Will_0006_22800.jpg,105,104,105.Whip_poor_Will,92,91,random_resized_crop,random_resized_crop,0,"{""area_fraction"":0.702996,""aspect"":0.835311,""fallback"":false,""height"":0.917386,""left"":0.110809,""top"":0.014467,""width"":0.766303}",2.418179,1.5174398,-0.90073919,0.089083686,0.21927252,0.74176502,0.4509432,-0.65268134,-0.23167068,0.42101066,0.76371908,0.9761773,149.38663,145.82783,False,0.94535339,True,False,False,0.76371908,0.9761773,149.38663,145.82783,0.75775991,0.97892077,146.52105,143.4325,0.92944761,0.90394798,29.119514,26.322526,0.62756935,1.0772641,28.543176,30.748539,0.72129658,1.0921836,57.686419,63.00416,0.77852204,0.97819036,78.27929,76.572047,0.75770224,0.9573566,76.156005,72.908454,0.78886598,0.91085298,73.475152,66.925061
0b_crop_best,file,18,baseline_crop,5035,087.Mallard/Mallard_0061_76378.jpg,87,86,087.Mallard,86,85,identity,identity,0,{},0.1059167,0.1059167,0,0.8994996,0.8994996,0.028964397,0.028964397,0.8705352,0.8705352,0,1,1,14.547564,14.547564,False,0.99999994,True,True,True,1,1,14.547564,14.547564,1,1,14.217742,14.217742,1,1,3.0801693,3.0801693,1,1,3.0583043,3.0583043,1,1,6.337167,6.337167,1,1,7.2493616,7.2493616,1,1,6.6771608,6.6771608,1,1,7.449399,7.449399
0b_crop_best,file,18,baseline_crop,5035,087.Mallard/Mallard_0061_76378.jpg,87,86,087.Mallard,86,85,random_resized_crop,random_resized_crop,0,"{""area_fraction"":0.739645,""aspect"":0.990165,""fallback"":false,""height"":0.864287,""left"":0.028265,""top"":0.069353,""width"":0.855787}",0.1059167,0.16522653,0.059309833,0.8994996,0.84770167,0.028964397,0.028709995,0.8705352,0.81899167,-0.051543524,0.69709805,1.5524428,14.547564,22.584262,False,0.95592493,True,True,True,0.69709805,1.5524428,14.547564,22.584262,0.68618025,1.5555236,14.217742,22.116032,0.9414309,1.4852857,3.0801693,4.5749315,0.76168287,2.1879653,3.0583043,6.6914639,0.70874489,1.4890597,6.337167,9.4364199,0.674171,1.4898679,7.2493616,10.800591,0.6220551,1.539039,6.6771608,10.276411,0.72532481,1.5483513,7.449399,11.534287
0b_crop_best,file,18,baseline_crop,9757,166.Golden_winged_Warbler/Golden_Winged_Warbler_0016_794841.jpg,166,165,166.Golden_winged_Warbler,167,166,identity,identity,0,{},0.057518341,0.057518341,0,0.94410455,0.94410455,0.017237494,0.017237494,0.92686706,0.92686706,0,1,1,9.0042914,9.0042914,False,0.99999988,True,True,True,1,1,9.0042914,9.0042914,1,1,8.8844429,8.8844429,1,1,1.4642194,1.4642194,1,1,1.7035986,1.7035986,1,1,3.2865879,3.2865879,1,1,4.5464625,4.5464625,1,1,4.5828362,4.5828362,1,1,4.8535253,4.8535253
0b_crop_best,file,18,baseline_crop,9757,166.Golden_winged_Warbler/Golden_Winged_Warbler_0016_794841.jpg,166,165,166.Golden_winged_Warbler,167,166,random_resized_crop,random_resized_crop,0,"{""area_fraction"":0.748256,""aspect"":0.778531,""fallback"":false,""height"":0.980363,""left"":0.132324,""top"":0.016441,""width"":0.763243}",0.057518341,0.058878548,0.0013602078,0.94410455,0.94282126,0.017237494,0.016700137,0.92686706,0.92612113,-0.00074593164,0.79933134,1.2510132,9.0042914,11.264487,False,0.98118806,True,True,True,0.79933134,1.2510132,9.0042914,11.264487,0.79536226,1.2549293,8.8844429,11.149348,0.97353516,1.0971442,1.4642194,1.6064599,0.72676366,1.3517825,1.7035986,2.3028947,0.76400665,1.3196086,3.2865879,4.3370097,0.7877453,1.3358708,4.5464625,6.0734863,0.79429814,1.2733678,4.5828362,5.8356359,0.83995004,1.1143681,4.8535253,5.4086137
0b_crop_best,file,18,baseline_crop,8411,144.Common_Tern/Common_Tern_0043_147753.jpg,144,143,144.Common_Tern,141,140,identity,identity,0,{},3.0361464,3.0361464,0,0.048019584,0.048019584,0.82591897,0.82591897,-0.77789939,-0.77789939,0,1,1,197.67668,197.67668,False,1,True,False,False,1,1,197.67668,197.67668,1,1,193.83597,193.83597,1,1,38.777425,38.777425,1,1,37.419223,37.419223,1,1,89.486363,89.486363,1,1,105.69375,105.69375,1,1,95.640785,95.640785,1,1,88.577913,88.577913
0b_crop_best,file,18,baseline_crop,8411,144.Common_Tern/Common_Tern_0043_147753.jpg,144,143,144.Common_Tern,141,140,random_resized_crop,random_resized_crop,0,"{""area_fraction"":0.766033,""aspect"":0.796312,""fallback"":false,""height"":0.980803,""left"":0.083171,""top"":0.006883,""width"":0.781026}",3.0361464,3.2978001,0.26165366,0.048019584,0.036964394,0.82591897,0.77936465,-0.77789939,-0.74240025,0.035499137,0.84264843,1.0203121,197.67668,201.6919,False,0.97756606,True,False,False,0.84264843,1.0203121,197.67668,201.6919,0.83772806,1.0229083,193.83597,198.27642,0.97661826,0.95314716,38.777425,36.960592,0.85458961,1.1092223,37.419223,41.506237,0.81800656,1.051423,89.486363,94.088024,0.84284709,1.0468784,105.69375,110.6485,0.82109475,0.98687303,95.640785,94.385311,0.87008073,0.98332324,88.577913,87.10072
0b_crop_best,file,18,baseline_crop,10264,175.Pine_Warbler/Pine_Warbler_0091_171627.jpg,175,174,175.Pine_Warbler,157,156,identity,identity,0,{},1.9451398,1.9451398,0,0.14296724,0.14296724,0.61121523,0.61121523,-0.46824799,-0.46824799,0,1,1,151.50473,151.50473,False,1,True,False,False,1,1,151.50473,151.50473,1,1,148.61307,148.61307,1,1,29.459087,29.459087,1,1,30.792952,30.792952,1,1,73.362565,73.362565,1,1,87.318208,87.318208,1,1,71.232644,71.232644,1,1,55.290275,55.290275
0b_crop_best,file,18,baseline_crop,10264,175.Pine_Warbler/Pine_Warbler_0091_171627.jpg,175,174,175.Pine_Warbler,157,156,random_resized_crop,random_resized_crop,0,"{""area_fraction"":0.579886,""aspect"":1.255029,""fallback"":false,""height"":0.679743,""left"":0.135211,""top"":0.123369,""width"":0.853097}",1.9451398,1.9128418,-0.032297969,0.14296724,0.14766018,0.61121523,0.78640419,-0.46824799,-0.63874401,-0.17049602,0.7543009,1.0972547,151.50473,166.23928,False,0.92001837,True,False,False,0.7543009,1.0972547,151.50473,166.23928,0.74856502,1.0994059,148.61307,163.38608,0.90954606,1.0410148,29.459087,30.667347,0.76087336,1.1252933,30.792952,34.651103,0.75696031,1.0377691,73.362565,76.1334,0.76459327,1.0885271,87.318208,95.048234,0.75105588,1.1487981,71.232644,81.831927,0.69279567,1.1392094,55.290275,62.987201
0b_crop_best,file,18,baseline_crop,955,018.Spotted_Catbird/Spotted_Catbird_0012_796802.jpg,18,17,018.Spotted_Catbird,170,169,identity,identity,0,{},0.015745951,0.015745951,0,0.98437738,0.98437738,0.0045172186,0.0045172186,0.97986017,0.97986017,0,1,1,4.2504757,4.2504757,False,1,True,True,True,1,1,4.2504757,4.2504757,1,1,4.2129506,4.2129506,1,1,0.56355231,0.56355231,1,1,0.94892564,0.94892564,1,1,2.0857735,2.0857735,1,1,2.4224513,2.4224513,1,1,1.9375804,1.9375804,1,1,1.6957457,1.6957457
0b_crop_best,file,18,baseline_crop,955,018.Spotted_Catbird/Spotted_Catbird_0012_796802.jpg,18,17,018.Spotted_Catbird,170,169,random_resized_crop,random_resized_crop,0,"{""area_fraction"":0.658072,""aspect"":0.837313,""fallback"":false,""height"":0.886529,""left"":0.113121,""top"":0.005005,""width"":0.742302}",0.015745951,0.25045168,0.23470573,0.98437738,0.77844912,0.0045172186,0.037039012,0.97986017,0.74141011,-0.23845006,0.77511611,12.184203,4.2504757,51.788658,False,0.95088875,True,True,True,0.77511611,12.184203,4.2504757,51.788658,0.77219322,12.17964,4.2129506,51.312223,0.93525667,12.436512,0.56355231,7.008625,0.71500695,10.399225,0.94892564,9.8680912,0.75245063,11.545906,2.0857735,24.082144,0.79308642,11.890387,2.4224513,28.803883,0.76112407,12.822296,1.9375804,24.84423,0.79643897,13.300775,1.6957457,22.554733
0b_crop_best,file,18,baseline_crop,762,014.Indigo_Bunting/Indigo_Bunting_0026_11964.jpg,14,13,014.Indigo_Bunting,54,53,identity,identity,0,{},0.13834637,0.13834637,0,0.87079704,0.87079704,0.072284497,0.072284497,0.79851254,0.79851254,0,1,1,20.748435,20.748435,False,1,True,True,True,1,1,20.748435,20.748435,1,1,20.179759,20.179759,1,1,4.8244038,4.8244038,1,1,2.9257588,2.9257588,1,1,6.7586499,6.7586499,1,1,11.70966,11.70966,1,1,10.606933,10.606933,1,1,10.166617,10.166617
0b_crop_best,file,18,baseline_crop,762,014.Indigo_Bunting/Indigo_Bunting_0026_11964.jpg,14,13,014.Indigo_Bunting,54,53,random_resized_crop,random_resized_crop,0,"{""area_fraction"":0.688435,""aspect"":0.934372,""fallback"":false,""height"":0.858364,""left"":0.114885,""top"":0.126212,""width"":0.802032}",0.13834637,0.25175759,0.11341122,0.87079704,0.77743316,0.072284497,0.10937138,0.79851254,0.66806178,-0.13045076,0.75544766,1.9265977,20.748435,39.973886,False,0.9301368,True,True,True,0.75544766,1.9265977,20.748435,39.973886,0.74773883,1.9399456,20.179759,39.147635,0.91928367,1.6759446,4.8244038,8.0854336,0.67627023,2.5432413,2.9257588,7.4409106,0.61850866,2.2083429,6.7586499,14.925416,0.78618692,1.9762701,11.70966,23.141452,0.75027389,1.8332803,10.606933,19.445481,0.77690892,1.8156853,10.166617,18.459378
0b_crop_best,file,18,baseline_crop,9402,160.Black_throated_Blue_Warbler/Black_Throated_Blue_Warbler_0108_161714.jpg,160,159,160.Black_throated_Blue_Warbler,164,163,identity,identity,0,{},0.0085109845,0.0085109845,0,0.99152511,0.99152511,0.0024536408,0.0024536408,0.98907147,0.98907147,0,1,1,1.5583296,1.5583296,False,0.99999994,True,True,True,1,1,1.5583296,1.5583296,1,1,1.5310594,1.5310594,1,1,0.2902552,0.2902552,1,1,0.3239711,0.3239711,1,1,0.62251632,0.62251632,1,1,0.86612123,0.86612123,1,1,0.79120656,0.79120656,1,1,0.68955446,0.68955446
0b_crop_best,file,18,baseline_crop,9402,160.Black_throated_Blue_Warbler/Black_Throated_Blue_Warbler_0108_161714.jpg,160,159,160.Black_throated_Blue_Warbler,164,163,random_resized_crop,random_resized_crop,0,"{""area_fraction"":0.674418,""aspect"":0.927387,""fallback"":false,""height"":0.852774,""left"":0.098423,""top"":0.035605,""width"":0.790852}",0.0085109845,0.0017672649,-0.0067437196,0.99152511,0.99823427,0.0024536408,0.00024195414,0.98907147,0.99799232,0.0089208451,0.71193462,0.18411119,1.5583296,0.28690591,False,0.96222603,True,True,True,0.71193462,0.18411119,1.5583296,0.28690591,0.7049182,0.18223626,1.5310594,0.27901454,0.88514781,0.2302364,0.2902552,0.066827314,0.57173705,0.1790392,0.3239711,0.058003527,0.70687283,0.15739074,0.62251632,0.097978307,0.73942235,0.17834711,0.86612123,0.15447022,0.68405246,0.17996041,0.79120656,0.14238586,0.71765024,0.20890185,0.68955446,0.1440492
0b_crop_best,file,18,baseline_crop,11244,191.Red_headed_Woodpecker/Red_Headed_Woodpecker_0022_183010.jpg,191,190,191.Red_headed_Woodpecker,139,138,identity,identity,0,{},0.00096477207,0.00096477207,0,0.99903572,0.99903572,0.00010685469,0.00010685469,0.99892886,0.99892886,0,1,1,0.13938137,0.13938137,False,1,True,True,True,1,1,0.13938137,0.13938137,1,1,0.13612369,0.13612369,1,1,0.029958421,0.029958421,1,1,0.023796417,0.023796417,1,1,0.051568495,0.051568495,1,1,0.063894365,0.063894365,1,1,0.069036413,0.069036413,1,1,0.080346527,0.080346527
0b_crop_best,file,18,baseline_crop,11244,191.Red_headed_Woodpecker/Red_Headed_Woodpecker_0022_183010.jpg,191,190,191.Red_headed_Woodpecker,139,138,random_resized_crop,random_resized_crop,0,"{""area_fraction"":0.71796,""aspect"":1.018028,""fallback"":false,""height"":0.839789,""left"":0.114459,""top"":0.059998,""width"":0.854929}",0.00096477207,0.0016708713,0.00070609921,0.99903572,0.99833053,0.00010685469,0.00020330679,0.99892886,0.99812723,-0.00080163465,0.72895765,1.8634976,0.13938137,0.25973685,False,0.98587018,True,True,True,0.72895765,1.8634976,0.13938137,0.25973685,0.71807047,1.8714496,0.13612369,0.25474863,0.98131233,1.6909867,0.029958421,0.050659293,0.37424429,2.5881242,0.023796417,0.061588083,0.66126596,2.0106955,0.051568495,0.10368854,0.65858483,1.7990444,0.063894365,0.1149488,0.72736528,1.883645,0.069036413,0.13004009,0.82690656,1.7701825,0.080346527,0.14222801
0b_crop_best,file,18,baseline_crop,617,012.Yellow_headed_Blackbird/Yellow_Headed_Blackbird_0017_8511.jpg,12,11,012.Yellow_headed_Blackbird,47,46,identity,identity,0,{},0.15148747,0.15148747,0,0.85942864,0.85942864,0.022125361,0.022125361,0.83730328,0.83730328,0,1,1,19.97838,19.97838,False,1,True,True,True,1,1,19.97838,19.97838,1,1,19.609541,19.609541,1,1,3.8212021,3.8212021,1,1,3.5906069,3.5906069,1,1,7.2287611,7.2287611,1,1,10.616872,10.616872,1,1,9.4713333,9.4713333,1,1,10.814921,10.814921
0b_crop_best,file,18,baseline_crop,617,012.Yellow_headed_Blackbird/Yellow_Headed_Blackbird_0017_8511.jpg,12,11,012.Yellow_headed_Blackbird,47,46,random_resized_crop,random_resized_crop,0,"{""area_fraction"":0.679459,""aspect"":1.104992,""fallback"":false,""height"":0.784156,""left"":0.062756,""top"":0.185621,""width"":0.866485}",0.15148747,0.37694672,0.22545925,0.85942864,0.6859526,0.022125361,0.0024566392,0.83730328,0.68349596,-0.15380732,0.65498655,2.7674174,19.97838,55.288517,False,0.92673683,True,True,True,0.65498655,2.7674174,19.97838,55.288517,0.64579268,2.7674355,19.609541,54.268139,0.8971513,2.7669405,3.8212021,10.573039,0.47302911,3.8444971,3.5906069,13.804078,0.58100264,2.9367138,7.2287611,21.228803,0.68801163,2.7832378,10.616872,29.549279,0.6266198,2.8213856,9.4713333,26.722283,0.6914993,2.4751858,10.814921,26.768938
0b_crop_best,file,18,baseline_crop,10429,178.Swainson_Warbler/Swainson_Warbler_0025_794881.jpg,178,177,178.Swainson_Warbler,181,180,identity,identity,0,{},1.9461544,1.9461544,0,0.14282227,0.14282227,0.43660006,0.43660006,-0.29377779,-0.29377779,0,1,1,140.84938,140.84938,False,0.99999994,True,False,False,1,1,140.84938,140.84938,1,1,138.06889,138.06889,1,1,27.848339,27.848339,1,1,26.631826,26.631826,1,1,62.485318,62.485318,1,1,83.096278,83.096278,1,1,65.415243,65.415243,1,1,57.141959,57.141959
0b_crop_best,file,18,baseline_crop,10429,178.Swainson_Warbler/Swainson_Warbler_0025_794881.jpg,178,177,178.Swainson_Warbler,181,180,random_resized_crop,random_resized_crop,0,"{""area_fraction"":0.512389,""aspect"":0.775215,""fallback"":false,""height"":0.812997,""left"":0.213095,""top"":0.002451,""width"":0.630247}",1.9461544,1.6441865,-0.30196786,0.14282227,0.19316964,0.43660006,0.32247737,-0.29377779,-0.12930773,0.16447006,0.68329393,1.0527251,140.84938,148.27567,False,0.87978315,True,False,False,0.68329393,1.0527251,140.84938,148.27567,0.67637416,1.0546656,138.06889,145.6165,0.86279909,1.0038477,27.848339,27.955491,0.58215291,1.5688721,26.631826,41.781928,0.65661954,1.1506138,62.485318,71.896467,0.73498529,0.98992907,83.096278,82.259422,0.65781646,0.96057066,65.415243,62.835963,0.66536738,1.0462712,57.141959,59.785985
0b_crop_best,file,18,baseline_crop,7544,129.Song_Sparrow/Song_Sparrow_0007_121133.jpg,129,128,129.Song_Sparrow,125,124,identity,identity,0,{},0.37121314,0.37121314,0,0.68989688,0.68989688,0.26465386,0.26465386,0.42524302,0.42524302,0,1,1,79.812236,79.812236,False,1,True,True,True,1,1,79.812236,79.812236,1,1,78.79453,78.79453,1,1,12.704924,12.704924,1,1,14.647902,14.647902,1,1,41.279761,41.279761,1,1,44.980596,44.980596,1,1,37.033022,37.033022,1,1,29.921556,29.921556
0b_crop_best,file,18,baseline_crop,7544,129.Song_Sparrow/Song_Sparrow_0007_121133.jpg,129,128,129.Song_Sparrow,125,124,random_resized_crop,random_resized_crop,0,"{""area_fraction"":0.652178,""aspect"":1.007823,""fallback"":false,""height"":0.804435,""left"":0.072411,""top"":0.021163,""width"":0.810728}",0.37121314,0.027445033,-0.3437681,0.68989688,0.97292817,0.26465386,0.0023224461,0.42524302,0.97060572,0.5453627,0.48436006,0.07601879,79.812236,6.0672296,False,0.94061804,True,True,True,0.48436006,0.07601879,79.812236,6.0672296,0.47903196,0.076081799,78.79453,5.9948296,0.69660881,0.073554308,12.704924,0.93450191,0.46824397,0.080429097,14.647902,1.1781175,0.46614347,0.075726131,41.279761,3.1259566,0.49462082,0.081415118,44.980596,3.6621005,0.47924658,0.069572492,37.033022,2.5764796,0.47397805,0.072679034,29.921556,2.1746697
0b_crop_best,file,18,baseline_crop,6861,118.House_Sparrow/House_Sparrow_0006_111034.jpg,118,117,118.House_Sparrow,130,129,identity,identity,0,{},3.0028005,3.0028005,0,0.049647838,0.049647838,0.93625247,0.93625247,-0.88660464,-0.88660464,0,1,1,201.08956,201.08956,False,0.99999994,True,False,False,1,1,201.08956,201.08956,1,1,195.8513,195.8513,1,1,45.599127,45.599127,1,1,31.772173,31.772173,1,1,87.036084,87.036084,1,1,109.97902,109.97902,1,1,92.009224,92.009224,1,1,95.978634,95.978634
0b_crop_best,file,18,baseline_crop,6861,118.House_Sparrow/House_Sparrow_0006_111034.jpg,118,117,118.House_Sparrow,130,129,random_resized_crop,random_resized_crop,0,"{""area_fraction"":0.515204,""aspect"":1.141103,""fallback"":false,""height"":0.671935,""left"":0.187562,""top"":0.122732,""width"":0.766747}",3.0028005,3.7265429,0.72374249,0.049647838,0.024075923,0.93625247,0.94420618,-0.88660464,-0.92013025,-0.033525618,0.69257318,1.2542254,201.08956,252.21164,False,0.93268573,True,False,False,0.69257318,1.2542254,201.08956,252.21164,0.6815018,1.261971,195.8513,247.15867,0.93265931,1.1016112,45.599127,50.232509,0.63588681,1.5803525,31.772173,50.211233,0.66276837,1.3861979,87.036084,120.64923,0.68677252,1.3727831,109.97902,150.97734,0.6825734,1.1566249,92.009224,106.42015,0.72581193,1.0361835,95.978634,99.451474
0b_crop_best,file,18,baseline_crop,9382,160.Black_throated_Blue_Warbler/Black_Throated_Blue_Warbler_0060_161644.jpg,160,159,160.Black_throated_Blue_Warbler,57,56,identity,identity,0,{},0.014056019,0.014056019,0,0.98604232,0.98604232,0.0048936615,0.0048936615,0.98114866,0.98114866,0,1,1,2.2508917,2.2508917,False,1,True,True,True,1,1,2.2508917,2.2508917,1,1,2.2061737,2.2061737,1,1,0.44644262,0.44644262,1,1,0.70541161,0.70541161,1,1,0.94702544,0.94702544,1,1,1.1119986,1.1119986,1,1,1.0137518,1.0137518,1,1,1.0993208,1.0993208
0b_crop_best,file,18,baseline_crop,9382,160.Black_throated_Blue_Warbler/Black_Throated_Blue_Warbler_0060_161644.jpg,160,159,160.Black_throated_Blue_Warbler,57,56,random_resized_crop,random_resized_crop,0,"{""area_fraction"":0.806718,""aspect"":0.855393,""fallback"":false,""height"":0.971132,""left"":0.127585,""top"":0.014316,""width"":0.830699}",0.014056019,0.013957511,-9.8507851e-05,0.98604232,0.98613942,0.0048936615,0.0059105423,0.98114866,0.98022887,-0.00091978488,0.8181925,1.0392984,2.2508917,2.3393482,False,0.97949529,True,True,True,0.8181925,1.0392984,2.2508917,2.3393482,0.8116542,1.0375492,2.2061737,2.2890139,0.97208598,1.081136,0.44644262,0.48266518,0.89943022,0.98098969,0.70541161,0.69200152,0.75126579,1.0299957,0.94702544,0.97543215,0.78843844,1.0125179,1.1119986,1.1259185,0.79838714,1.1021616,1.0137518,1.1173183,0.85937719,1.0344305,1.0993208,1.137171
0b_crop_best,file,18,baseline_crop,1415,026.Bronzed_Cowbird/Bronzed_Cowbird_0052_796216.jpg,26,25,026.Bronzed_Cowbird,27,26,identity,identity,0,{},2.6518269,2.6518269,0,0.070522264,0.070522264,0.51916504,0.51916504,-0.44864278,-0.44864278,0,1,1,125.01565,125.01565,False,1,True,False,False,1,1,125.01565,125.01565,1,1,121.21033,121.21033,1,1,30.609945,30.609945,1,1,26.456836,26.456836,1,1,58.00968,58.00968,1,1,62.625324,62.625324,1,1,58.053756,58.053756,1,1,57.746754,57.746754
0b_crop_best,file,18,baseline_crop,1415,026.Bronzed_Cowbird/Bronzed_Cowbird_0052_796216.jpg,26,25,026.Bronzed_Cowbird,27,26,random_resized_crop,random_resized_crop,0,"{""area_fraction"":0.540552,""aspect"":0.838546,""fallback"":false,""height"":0.802889,""left"":0.20602,""top"":0.134134,""width"":0.673259}",2.6518269,0.59095973,-2.0608671,0.070522264,0.55379552,0.51916504,0.27139807,-0.44864278,0.28239745,0.73104022,0.66621445,0.6285204,125.01565,78.574888,False,0.93324912,False,False,True,0.66621445,0.6285204,125.01565,78.574888,0.65506874,0.63678071,121.21033,77.184401,0.9229292,0.48078163,30.609945,14.716699,0.54489283,0.80053741,26.456836,21.179687,0.67251321,0.64135389,58.00968,37.204734,0.6431596,0.62401655,62.625324,39.079239,0.63067577,0.65087446,58.053756,37.785707,0.7160842,0.59225976,57.746754,34.201079
0b_crop_best,file,18,baseline_crop,1897,034.Gray_crowned_Rosy_Finch/Gray_Crowned_Rosy_Finch_0006_797284.jpg,34,33,034.Gray_crowned_Rosy_Finch,56,55,identity,identity,0,{},0.00044967554,0.00044967554,0,0.9995504,0.9995504,6.9555215e-05,6.9555215e-05,0.99948085,0.99948085,0,1,1,0.081059261,0.081059261,False,1,True,True,True,1,1,0.081059261,0.081059261,1,1,0.079183088,0.079183088,1,1,0.017339044,0.017339044,1,1,0.012401793,0.012401793,1,1,0.033356824,0.033356824,1,1,0.041096385,0.041096385,1,1,0.036164186,0.036164186,1,1,0.044796407,0.044796407
0b_crop_best,file,18,baseline_crop,1897,034.Gray_crowned_Rosy_Finch/Gray_Crowned_Rosy_Finch_0006_797284.jpg,34,33,034.Gray_crowned_Rosy_Finch,56,55,random_resized_crop,random_resized_crop,0,"{""area_fraction"":0.637421,""aspect"":0.950917,""fallback"":false,""height"":0.818732,""left"":0.073358,""top"":0.140191,""width"":0.778547}",0.00044967554,0.17174365,0.17129397,0.9995504,0.84219503,6.9555215e-05,0.0022777149,0.99948085,0.83991732,-0.15956353,0.55079865,491.2222,0.081059261,39.818109,False,0.90869826,True,True,True,0.55079865,491.2222,0.081059261,39.818109,0.54122782,495.06421,0.079183088,39.200713,0.8074046,402.83002,0.017339044,6.9846876,0.1830427,462.45494,0.012401793,5.7352703,0.52676248,522.3456,0.033356824,17.42379,0.52600452,546.4481,0.041096385,22.457041,0.54793328,498.11049,0.036164186,18.01376,0.60049526,430.20722,0.044796407,19.271737
0b_crop_best,file,18,baseline_crop,8323,142.Black_Tern/Black_Tern_0069_144359.jpg,142,141,142.Black_Tern,19,18,identity,identity,0,{},0.029281314,0.029281314,0,0.97114325,0.97114325,0.011190302,0.011190302,0.95995294,0.95995294,0,1,1,3.9161939,3.9161939,False,1.0000001,True,True,True,1,1,3.9161939,3.9161939,1,1,3.8147235,3.8147235,1,1,0.88569728,0.88569728,1,1,0.90854581,0.90854581,1,1,1.5028797,1.5028797,1,1,1.9720064,1.9720064,1,1,1.7832879,1.7832879,1,1,2.0974002,2.0974002
0b_crop_best,file,18,baseline_crop,8323,142.Black_Tern/Black_Tern_0069_144359.jpg,142,141,142.Black_Tern,19,18,random_resized_crop,random_resized_crop,0,"{""area_fraction"":0.508045,""aspect"":0.918262,""fallback"":false,""height"":0.74382,""left"":0.267907,""top"":0.160293,""width"":0.683021}",0.029281314,0.038209293,0.0089279786,0.97114325,0.96251148,0.011190302,0.001492237,0.95995294,0.96101924,0.0010662989,0.49386049,1.316881,3.9161939,5.1571613,False,0.92967927,True,True,True,0.49386049,1.316881,3.9161939,5.1571613,0.47450637,1.3164388,3.8147235,5.0218498,0.85056351,1.3250579,0.88569728,1.1736001,0.23687801,1.009889,0.90854581,0.91753044,0.42458445,1.4387247,1.5028797,2.1622302,0.45290571,1.3380301,1.9720064,2.6386039,0.44462046,1.2947355,1.7832879,2.3088861,0.58253172,1.297745,2.0974002,2.7218907
0b_crop_best,file,18,baseline_crop,4275,074.Florida_Jay/Florida_Jay_0029_65114.jpg,74,73,074.Florida_Jay,40,39,identity,identity,0,{},1.0326352,1.0326352,0,0.35606742,0.35606742,0.13996688,0.13996688,0.21610054,0.21610054,0,1,1,106.37738,106.37738,False,1,True,True,True,1,1,106.37738,106.37738,1,1,104.79808,104.79808,1,1,18.262243,18.262243,1,1,21.847342,21.847342,1,1,49.821836,49.821836,1,1,52.634964,52.634964,1,1,55.563795,55.563795,1,1,46.533218,46.533218
0b_crop_best,file,18,baseline_crop,4275,074.Florida_Jay/Florida_Jay_0029_65114.jpg,74,73,074.Florida_Jay,40,39,random_resized_crop,random_resized_crop,0,"{""area_fraction"":0.722378,""aspect"":0.785988,""fallback"":false,""height"":0.958681,""left"":0.018867,""top"":0.020301,""width"":0.753513}",1.0326352,1.5480611,0.51542592,0.35606742,0.21265988,0.13996688,0.24813478,0.21610054,-0.035474896,-0.25157544,0.73464142,1.3979218,106.37738,148.70725,False,0.93736416,False,True,False,0.73464142,1.3979218,106.37738,148.70725,0.72923863,1.4012765,104.79808,146.85109,0.9318297,1.2825556,18.262243,23.422342,0.5739534,1.768597,21.847342,38.639144,0.80311082,1.4359066,49.821836,71.539503,0.70745231,1.4846171,52.634964,78.142769,0.71968836,1.2904089,55.563795,71.700018,0.7407844,1.3084535,46.533218,60.886553
0b_crop_best,file,18,baseline_crop,4612,079.Belted_Kingfisher/Belted_Kingfisher_0084_70399.jpg,79,78,079.Belted_Kingfisher,82,81,identity,identity,0,{},1.3722181,1.3722181,0,0.25354394,0.25354394,0.68159276,0.68159276,-0.42804882,-0.42804882,0,1,1,143.03812,143.03812,False,1,True,False,False,1,1,143.03812,143.03812,1,1,139.65573,139.65573,1,1,30.922176,30.922176,1,1,29.991962,29.991962,1,1,53.860676,53.860676,1,1,72.77446,72.77446,1,1,74.308175,74.308175,1,1,69.895684,69.895684
0b_crop_best,file,18,baseline_crop,4612,079.Belted_Kingfisher/Belted_Kingfisher_0084_70399.jpg,79,78,079.Belted_Kingfisher,82,81,random_resized_crop,random_resized_crop,0,"{""area_fraction"":0.679085,""aspect"":0.976634,""fallback"":false,""height"":0.833866,""left"":0.012645,""top"":0.045154,""width"":0.814382}",1.3722181,1.4530902,0.080872059,0.25354394,0.23384655,0.68159276,0.57929277,-0.42804882,-0.34544623,0.08260259,0.7295966,0.79047928,143.03812,113.06867,False,0.97153878,True,False,False,0.7295966,0.79047928,143.03812,113.06867,0.71687229,0.78616029,139.65573,109.79179,0.96695291,0.87393034,30.922176,27.023828,0.64635682,0.71341894,29.991962,21.396834,0.61374832,0.75995198,53.860676,40.931527,0.70066656,0.77713352,72.77446,56.555472,0.71939862,0.77848408,74.308175,57.847732,0.79970427,0.83130417,69.895684,58.104574
0b_crop_best,file,18,baseline_crop,5800,099.Ovenbird/Ovenbird_0096_93131.jpg,99,98,099.Ovenbird,183,182,identity,identity,0,{},0.019357227,0.019357227,0,0.98082894,0.98082894,0.0073329583,0.0073329583,0.97349598,0.97349598,0,1,1,3.2736885,3.2736885,False,1,True,True,True,1,1,3.2736885,3.2736885,1,1,3.2155151,3.2155151,1,1,0.61440968,0.61440968,1,1,0.69641651,0.69641651,1,1,1.9419643,1.9419643,1,1,1.4659807,1.4659807,1,1,1.3526397,1.3526397,1,1,1.4507179,1.4507179
0b_crop_best,file,18,baseline_crop,5800,099.Ovenbird/Ovenbird_0096_93131.jpg,99,98,099.Ovenbird,183,182,random_resized_crop,random_resized_crop,0,"{""area_fraction"":0.80001,""aspect"":0.816794,""fallback"":false,""height"":0.989672,""left"":0.142054,""top"":0.002141,""width"":0.808358}",0.019357227,0.041862484,0.022505257,0.98082894,0.95900166,0.0073329583,0.003112128,0.97349598,0.95588953,-0.01760645,0.78443258,2.4852935,3.2736885,8.1360769,False,0.97394943,True,True,True,0.78443258,2.4852935,3.2736885,8.1360769,0.78025261,2.4922518,3.2155151,8.0138731,0.91204222,2.2864929,0.61440968,1.4048433,0.86315872,2.7644797,0.69641651,1.9252293,0.86942809,2.4637817,1.9419643,4.7845762,0.65603589,2.6663488,1.4659807,3.9088159,0.72969046,2.5478449,1.3526397,3.4463161,0.79038953,2.2301781,1.4507179,3.2353592
0b_crop_best,file,18,baseline_crop,7074,121.Grasshopper_Sparrow/Grasshopper_Sparrow_0110_115644.jpg,121,120,121.Grasshopper_Sparrow,128,127,identity,identity,0,{},0.81647241,0.81647241,0,0.44198805,0.44198805,0.20428018,0.20428018,0.23770787,0.23770787,0,1,1,92.530702,92.530702,False,1,True,True,True,1,1,92.530702,92.530702,1,1,90.868751,90.868751,1,1,17.458547,17.458547,1,1,23.305483,23.305483,1,1,39.809513,39.809513,1,1,45.968528,45.968528,1,1,42.953074,42.953074,1,1,46.595225,46.595225
0b_crop_best,file,18,baseline_crop,7074,121.Grasshopper_Sparrow/Grasshopper_Sparrow_0110_115644.jpg,121,120,121.Grasshopper_Sparrow,128,127,random_resized_crop,random_resized_crop,0,"{""area_fraction"":0.505722,""aspect"":0.823918,""fallback"":false,""height"":0.783455,""left"":0.327887,""top"":0.211254,""width"":0.645503}",0.81647241,0.084485494,-0.73198692,0.44198805,0.91898501,0.20428018,0.017450076,0.23770787,0.90153493,0.66382707,0.59314977,0.17556159,92.530702,16.244837,False,0.91389239,True,True,True,0.59314977,0.17556159,92.530702,16.244837,0.58463,0.17584873,90.868751,15.979155,0.83598011,0.16759566,17.458547,2.9259767,0.69672031,0.22619111,23.305483,5.2714929,0.59278772,0.1741541,39.809513,6.93299,0.52228117,0.18299863,45.968528,8.4121777,0.54409535,0.17268015,42.953074,7.4171434,0.65712528,0.15726942,46.595225,7.328004
0b_crop_best,file,18,baseline_crop,2325,041.Scissor_tailed_Flycatcher/Scissor_Tailed_Flycatcher_0110_42136.jpg,41,40,041.Scissor_tailed_Flycatcher,33,32,identity,identity,0,{},3.6212182,3.6212182,0,0.026750069,0.026750069,0.83005559,0.83005559,-0.80330553,-0.80330553,0,1,1,200.94509,200.94509,False,1,True,False,False,1,1,200.94509,200.94509,1,1,196.16511,196.16511,1,1,43.568126,43.568126,1,1,36.140682,36.140682,1,1,70.464602,70.464602,1,1,109.02367,109.02367,1,1,99.345896,99.345896,1,1,102.24272,102.24272
0b_crop_best,file,18,baseline_crop,2325,041.Scissor_tailed_Flycatcher/Scissor_Tailed_Flycatcher_0110_42136.jpg,41,40,041.Scissor_tailed_Flycatcher,33,32,random_resized_crop,random_resized_crop,0,"{""area_fraction"":0.650257,""aspect"":1.156319,""fallback"":false,""height"":0.7499,""left"":0.08327,""top"":0.243917,""width"":0.867124}",3.6212182,6.747426,3.1262078,0.026750069,0.0011738973,0.83005559,0.036847226,-0.80330553,-0.035673329,0.7676322,0.38616571,0.79196445,200.94509,159.14137,False,0.8651647,False,False,False,0.38616571,0.79196445,200.94509,159.14137,0.37683299,0.79199498,196.16511,155.36178,0.57551794,0.79134527,43.568126,34.477431,0.2252773,0.6355732,36.140682,22.970049,0.095092657,0.75081738,70.464602,52.906048,0.39256492,0.75384515,109.02367,82.186962,0.3921175,0.82509413,99.345896,81.969715,0.48327891,0.83776706,102.24272,85.655583
0b_crop_best,file,18,baseline_crop,8526,146.Forsters_Tern/Forsters_Tern_0118_151564.jpg,146,145,146.Forsters_Tern,143,142,identity,identity,0,{},0.042923171,0.042923171,0,0.95798498,0.95798498,0.01920156,0.01920156,0.93878342,0.93878342,0,1,1,8.6966778,8.6966778,False,1,True,True,True,1,1,8.6966778,8.6966778,1,1,8.5273173,8.5273173,1,1,1.7079415,1.7079415,1,1,2.1233073,2.1233073,1,1,3.8247781,3.8247781,1,1,4.1551397,4.1551397,1,1,4.1804465,4.1804465,1,1,4.3400992,4.3400992
0b_crop_best,file,18,baseline_crop,8526,146.Forsters_Tern/Forsters_Tern_0118_151564.jpg,146,145,146.Forsters_Tern,143,142,random_resized_crop,random_resized_crop,0,"{""area_fraction"":0.833495,""aspect"":0.878243,""fallback"":false,""height"":0.974191,""left"":0.14105,""top"":0.002878,""width"":0.855576}",0.042923171,0.017215345,-0.025707826,0.95798498,0.98293197,0.01920156,0.0023214875,0.93878342,0.98061048,0.04182706,0.6654327,0.39919397,8.6966778,3.4716613,False,0.97969449,True,True,True,0.6654327,0.39919397,8.6966778,3.4716613,0.65642339,0.39998602,8.5273173,3.4108077,0.90343954,0.37891542,1.7079415,0.64716539,0.82978016,0.50450155,2.1233073,1.0712118,0.67768433,0.46528851,3.8247781,1.7796253,0.55064383,0.41066975,4.1551397,1.7063902,0.60570206,0.34536534,4.1804465,1.4437813,0.76073434,0.35115918,4.3400992,1.5240657
0b_crop_best,file,18,baseline_crop,6685,115.Brewer_Sparrow/Brewer_Sparrow_0069_796709.jpg,115,114,115.Brewer_Sparrow,131,130,identity,identity,0,{},4.7360148,4.7360148,0,0.0087735392,0.0087735392,0.62270254,0.62270254,-0.613929,-0.613929,0,1,1,163.59765,163.59765,False,1,True,False,False,1,1,163.59765,163.59765,1,1,160.77128,160.77128,1,1,30.278452,30.278452,1,1,29.655665,29.655665,1,1,82.605088,82.605088,1,1,87.087437,87.087437,1,1,72.432658,72.432658,1,1,72.894681,72.894681
0b_crop_best,file,18,baseline_crop,6685,115.Brewer_Sparrow/Brewer_Sparrow_0069_796709.jpg,115,114,115.Brewer_Sparrow,131,130,random_resized_crop,random_resized_crop,0,"{""area_fraction"":0.797705,""aspect"":1.153926,""fallback"":false,""height"":0.831442,""left"":0.021714,""top"":0.093866,""width"":0.959423}",4.7360148,5.6493678,0.91335297,0.0087735392,0.0035197414,0.62270254,0.55921698,-0.613929,-0.55569723,0.058231765,0.80359562,0.96193274,163.59765,157.36993,False,0.93896437,True,False,False,0.80359562,0.96193274,163.59765,157.36993,0.7988859,0.96169815,160.77128,154.61344,0.93546297,0.96852336,30.278452,29.325388,0.84956029,1.0664136,29.655665,31.625206,0.83829683,1.0457628,82.605088,86.38533,0.77024398,0.97423047,87.087437,84.843234,0.7812975,0.8804582,72.432658,63.773927,0.80216777,0.88664422,72.894681,64.631648
0b_crop_best,file,18,baseline_crop,15,001.Black_footed_Albatross/Black_Footed_Albatross_0040_796066.jpg,1,0,001.Black_footed_Albatross,3,2,identity,identity,0,{},0.0079279756,0.0079279756,0,0.9921034,0.9921034,0.0046338341,0.0046338341,0.98746956,0.98746956,0,1,1,1.7888184,1.7888184,False,0.99999988,True,True,True,1,1,1.7888184,1.7888184,1,1,1.7609933,1.7609933,1,1,0.31428313,0.31428313,1,1,0.37200248,0.37200248,1,1,0.93690761,0.93690761,1,1,0.9092568,0.9092568,1,1,0.80572914,0.80572914,1,1,0.7803643,0.7803643
0b_crop_best,file,18,baseline_crop,15,001.Black_footed_Albatross/Black_Footed_Albatross_0040_796066.jpg,1,0,001.Black_footed_Albatross,3,2,random_resized_crop,random_resized_crop,0,"{""area_fraction"":0.712036,""aspect"":0.966101,""fallback"":false,""height"":0.858499,""left"":0.01579,""top"":0.062356,""width"":0.829397}",0.0079279756,0.027529001,0.019601026,0.9921034,0.97284645,0.0046338341,0.020299688,0.98746956,0.95254676,-0.034922803,0.83039535,3.3001266,1.7888184,5.9033274,False,0.97687256,True,True,True,0.83039535,3.3001266,1.7888184,5.9033274,0.82602848,3.2988875,1.7609933,5.8093189,0.96591657,3.3387961,0.31428313,1.0493273,0.74810683,3.8665072,0.37200248,1.4383503,0.84568296,3.2525371,0.93690761,3.0473268,0.82139232,3.4264674,0.9092568,3.1155388,0.80685458,3.1981042,0.80572914,2.5768058,0.85131137,3.1510777,0.7803643,2.4589885
0b_crop_best,file,18,baseline_crop,2402,042.Vermilion_Flycatcher/Vermilion_Flycatcher_0065_42467.jpg,42,41,042.Vermilion_Flycatcher,17,16,identity,identity,0,{},0.0005886014,0.0005886014,0,0.99941158,0.99941158,0.00028636909,0.00028636909,0.99912521,0.99912521,0,1,1,0.098527079,0.098527079,False,1,True,True,True,1,1,0.098527079,0.098527079,1,1,0.096759815,0.096759815,1,1,0.018577499,0.018577499,1,1,0.020267616,0.020267616,1,1,0.042510641,0.042510641,1,1,0.04935027,0.04935027,1,1,0.044888166,0.044888166,1,1,0.051905051,0.051905051
0b_crop_best,file,18,baseline_crop,2402,042.Vermilion_Flycatcher/Vermilion_Flycatcher_0065_42467.jpg,42,41,042.Vermilion_Flycatcher,17,16,random_resized_crop,random_resized_crop,0,"{""area_fraction"":0.509267,""aspect"":1.05073,""fallback"":false,""height"":0.696189,""left"":0.010545,""top"":0.008869,""width"":0.731507}",0.0005886014,0.0014434167,0.0008548153,0.99941158,0.99855763,0.00028636909,0.00071337324,0.99912521,0.99784425,-0.0012809599,0.74276104,2.5025222,0.098527079,0.2465662,False,0.96743572,True,True,True,0.74276104,2.5025222,0.098527079,0.2465662,0.73485433,2.5058061,0.096759815,0.24246133,0.9661449,2.4117325,0.018577499,0.04480396,0.66568354,2.4617423,0.020267616,0.049893648,0.66880005,2.5187093,0.042510641,0.10707195,0.7498661,2.5051084,0.04935027,0.12362778,0.70014013,2.5478433,0.044888166,0.11436801,0.80366369,2.4724938,0.051905051,0.12833492
0b_crop_best,file,18,baseline_crop,8836,151.Black_capped_Vireo/Black_Capped_Vireo_0022_797459.jpg,151,150,151.Black_capped_Vireo,114,113,identity,identity,0,{},0.0043741027,0.0043741027,0,0.99563545,0.99563545,0.00084696017,0.00084696017,0.99478849,0.99478849,0,1,1,0.92083669,0.92083669,False,1.0000001,True,True,True,1,1,0.92083669,0.92083669,1,1,0.90889563,0.90889563,1,1,0.14781387,0.14781387,1,1,0.21809392,0.21809392,1,1,0.43265677,0.43265677,1,1,0.49920339,0.49920339,1,1,0.41181045,0.41181045,1,1,0.41538244,0.41538244
0b_crop_best,file,18,baseline_crop,8836,151.Black_capped_Vireo/Black_Capped_Vireo_0022_797459.jpg,151,150,151.Black_capped_Vireo,114,113,random_resized_crop,random_resized_crop,0,"{""area_fraction"":0.669157,""aspect"":1.000385,""fallback"":false,""height"":0.817863,""left"":0.039502,""top"":0.041995,""width"":0.818178}",0.0043741027,0.0059471559,0.0015730532,0.99563545,0.99407047,0.00084696017,0.00080558262,0.99478849,0.99326489,-0.001523602,0.70186024,1.6428403,0.92083669,1.5127876,False,0.96402156,True,True,True,0.70186024,1.6428403,0.92083669,1.5127876,0.69671404,1.6448336,0.90889563,1.4949821,0.90711376,1.5656131,0.14781387,0.23141932,0.40355134,1.3974134,0.21809392,0.30476737,0.73063788,1.5958492,0.43265677,0.69045494,0.7094775,1.7895354,0.49920339,0.89334213,0.66447561,1.624185,0.41181045,0.66885636,0.75108179,1.5600589,0.41538244,0.64802106
0b_crop_best,file,18,baseline_crop,11647,198.Rock_Wren/Rock_Wren_0080_189340.jpg,198,197,198.Rock_Wren,150,149,identity,identity,0,{},1.1652133,1.1652133,0,0.31185615,0.31185615,0.44167981,0.44167981,-0.12982365,-0.12982365,0,1,1,121.89823,121.89823,False,1,True,False,False,1,1,121.89823,121.89823,1,1,119.90573,119.90573,1,1,21.949812,21.949812,1,1,48.05581,48.05581,1,1,54.214067,54.214067,1,1,64.837741,64.837741,1,1,52.438558,52.438558,1,1,46.638219,46.638219
0b_crop_best,file,18,baseline_crop,11647,198.Rock_Wren/Rock_Wren_0080_189340.jpg,198,197,198.Rock_Wren,150,149,random_resized_crop,random_resized_crop,0,"{""area_fraction"":0.611122,""aspect"":1.217711,""fallback"":false,""height"":0.708422,""left"":0.081593,""top"":0.134095,""width"":0.862653}",1.1652133,0.6613099,-0.50390345,0.31185615,0.51617479,0.44167981,0.31379205,-0.12982365,0.20238274,0.3322064,0.68391067,0.82093149,121.89823,100.0701,False,0.91026628,False,False,True,0.68391067,0.82093149,121.89823,100.0701,0.67795323,0.82485818,119.90573,98.905223,0.90534568,0.69359827,21.949812,15.224351,0.7526038,0.82741052,48.05581,39.761882,0.56829626,0.97620689,54.214067,52.924146,0.71911529,0.76050549,64.837741,49.309458,0.69045283,0.79131435,52.438558,41.495383,0.71037009,0.7571606,46.638219,35.312622
0b_crop_best,file,18,baseline_crop,9326,159.Black_and_white_Warbler/Black_And_White_Warbler_0081_110906.jpg,159,158,159.Black_and_white_Warbler,99,98,identity,identity,0,{},0.041549649,0.041549649,0,0.95930171,0.95930171,0.012087192,0.012087192,0.94721452,0.94721452,0,1,1,6.7440504,6.7440504,False,0.99999988,True,True,True,1,1,6.7440504,6.7440504,1,1,6.6458908,6.6458908,1,1,1.1464516,1.1464516,1,1,1.057123,1.057123,1,1,3.1639736,3.1639736,1,1,3.5153575,3.5153575,1,1,3.176982,3.176982,1,1,3.2540242,3.2540242
0b_crop_best,file,18,baseline_crop,9326,159.Black_and_white_Warbler/Black_And_White_Warbler_0081_110906.jpg,159,158,159.Black_and_white_Warbler,99,98,random_resized_crop,random_resized_crop,0,"{""area_fraction"":0.739945,""aspect"":0.979522,""fallback"":false,""height"":0.869146,""left"":0.127575,""top"":0.038829,""width"":0.851348}",0.041549649,0.057197534,0.015647884,0.95930171,0.94440752,0.012087192,0.018845694,0.94721452,0.92556183,-0.021652689,0.82492461,1.1795071,6.7440504,7.9546556,False,0.97894454,True,True,True,0.82492461,1.1795071,6.7440504,7.9546556,0.82013413,1.1735716,6.6458908,7.7994285,0.97246031,1.3640319,1.1464516,1.5637965,0.72814543,1.1540101,1.057123,1.2199307,0.83565281,1.0646238,3.1639736,3.3684416,0.83679198,1.1772571,3.5153575,4.1384794,0.7797141,1.1646479,3.176982,3.7000654,0.83979426,1.2737308,3.2540242,4.1447509
0b_crop_best,file,18,baseline_crop,533,010.Red_winged_Blackbird/Red_Winged_Blackbird_0020_4050.jpg,10,9,010.Red_winged_Blackbird,109,108,identity,identity,0,{},0.0043349345,0.0043349345,0,0.99567443,0.99567443,0.0020163434,0.0020163434,0.99365809,0.99365809,0,1,1,0.55191435,0.55191435,False,1,True,True,True,1,1,0.55191435,0.55191435,1,1,0.53382195,0.53382195,1,1,0.14015552,0.14015552,1,1,0.089944651,0.089944651,1,1,0.18332045,0.18332045,1,1,0.21958919,0.21958919,1,1,0.25264074,0.25264074,1,1,0.36224673,0.36224673
0b_crop_best,file,18,baseline_crop,533,010.Red_winged_Blackbird/Red_Winged_Blackbird_0020_4050.jpg,10,9,010.Red_winged_Blackbird,109,108,random_resized_crop,random_resized_crop,0,"{""area_fraction"":0.629987,""aspect"":1.18147,""fallback"":false,""height"":0.730221,""left"":0.093061,""top"":0.075679,""width"":0.862734}",0.0043349345,0.0060681393,0.0017332048,0.99567443,0.99395025,0.0020163434,0.0029152117,0.99365809,0.99103504,-0.0026230519,0.69311278,1.8199515,0.55191435,1.0044573,False,0.95873791,True,True,True,0.69311278,1.8199515,0.55191435,1.0044573,0.68150902,1.8459493,0.53382195,0.98540823,0.94359433,1.3891167,0.14015552,0.19469238,0.54560438,3.2620263,0.089944651,0.29340182,0.63800941,2.0722666,0.18332045,0.37988885,0.66902461,1.897247,0.21958919,0.41661493,0.59104874,1.730344,0.25264074,0.4371554,0.77970863,1.6926387,0.36224673,0.61315283
0b_crop_best,file,18,baseline_crop,11755,200.Common_Yellowthroat/Common_Yellowthroat_0009_190578.jpg,200,199,200.Common_Yellowthroat,158,157,identity,identity,0,{},0.008606012,0.008606012,0,0.99143094,0.99143094,0.0017623561,0.0017623561,0.98966858,0.98966858,0,1,1,1.3309859,1.3309859,False,0.99999988,True,True,True,1,1,1.3309859,1.3309859,1,1,1.3073008,1.3073008,1,1,0.24997638,0.24997638,1,1,0.21616562,0.21616562,1,1,0.47123905,0.47123905,1,1,0.6631315,0.6631315,1,1,0.69519678,0.69519678,1,1,0.71916587,0.71916587
0b_crop_best,file,18,baseline_crop,11755,200.Common_Yellowthroat/Common_Yellowthroat_0009_190578.jpg,200,199,200.Common_Yellowthroat,158,157,random_resized_crop,random_resized_crop,0,"{""area_fraction"":0.78148,""aspect"":0.807258,""fallback"":false,""height"":0.983904,""left"":0.006955,""top"":0.00777,""width"":0.794264}",0.008606012,0.0030985698,-0.0055074422,0.99143094,0.99690622,0.0017623561,0.00090204494,0.98966858,0.99600418,0.0063355939,0.67268434,0.3965646,1.3309859,0.5278219,False,0.96521223,True,True,True,0.67268434,0.3965646,1.3309859,0.5278219,0.66113647,0.39475576,1.3073008,0.51606452,0.95833455,0.44318292,0.24997638,0.11078526,0.42163635,0.5697495,0.21616562,0.12316026,0.64126155,0.47750114,0.47123905,0.22501718,0.63988303,0.38936626,0.6631315,0.25820103,0.63725796,0.36229436,0.69519678,0.25186587,0.7633166,0.36898638,0.71916587,0.26536241
0b_crop_best,file,18,baseline_crop,5637,097.Orchard_Oriole/Orchard_Oriole_0005_91682.jpg,97,96,097.Orchard_Oriole,95,94,identity,identity,0,{},0.72642982,0.72642982,0,0.48363256,0.48363256,0.19144848,0.19144848,0.29218408,0.29218408,0,1,1,63.443606,63.443606,False,0.99999994,True,True,True,1,1,63.443606,63.443606,1,1,62.383761,62.383761,1,1,11.548052,11.548052,1,1,12.322549,12.322549,1,1,24.959667,24.959667,1,1,30.520208,30.520208,1,1,30.891643,30.891643,1,1,35.087417,35.087417
0b_crop_best,file,18,baseline_crop,5637,097.Orchard_Oriole/Orchard_Oriole_0005_91682.jpg,97,96,097.Orchard_Oriole,95,94,random_resized_crop,random_resized_crop,0,"{""area_fraction"":0.524403,""aspect"":0.799085,""fallback"":false,""height"":0.810096,""left"":0.132067,""top"":0.103706,""width"":0.647335}",0.72642982,0.29136744,-0.43506238,0.48363256,0.74724108,0.19144848,0.11922564,0.29218408,0.62801544,0.33583136,0.70043018,0.62577999,63.443606,39.701739,False,0.95719111,True,True,True,0.70043018,0.62577999,63.443606,39.701739,0.69224069,0.6267255,62.383761,39.097494,0.95187104,0.5975291,11.548052,6.9002974,0.43654001,0.74509795,12.322549,9.1815056,0.65816685,0.72471424,24.959667,18.088626,0.68853578,0.60789808,30.520208,18.553175,0.68070314,0.59830776,30.891643,18.48271,0.77308807,0.59187586,35.087417,20.767395
0b_crop_best,file,18,baseline_crop,2487,044.Frigatebird/Frigatebird_0080_43064.jpg,44,43,044.Frigatebird,24,23,identity,identity,0,{},0.00065138575,0.00065138575,0,0.99934882,0.99934882,7.4433119e-05,7.4433119e-05,0.99927439,0.99927439,0,1,1,0.13799249,0.13799249,False,1,True,True,True,1,1,0.13799249,0.13799249,1,1,0.13603487,0.13603487,1,1,0.023161227,0.023161227,1,1,0.02640021,0.02640021,1,1,0.057828228,0.057828228,1,1,0.062463549,0.062463549,1,1,0.071967183,0.071967183,1,1,0.073371928,0.073371928
0b_crop_best,file,18,baseline_crop,2487,044.Frigatebird/Frigatebird_0080_43064.jpg,44,43,044.Frigatebird,24,23,random_resized_crop,random_resized_crop,0,"{""area_fraction"":0.662676,""aspect"":1.158102,""fallback"":false,""height"":0.756445,""left"":0.042753,""top"":0.179115,""width"":0.87604}",0.00065138575,0.00046754873,-0.00018383702,0.99934882,0.99953258,7.4433119e-05,0.00010850019,0.99927439,0.99942408,0.00014969405,0.7183402,0.82094152,0.13799249,0.11328376,False,0.9721123,True,True,True,0.7183402,0.82094152,0.13799249,0.11328376,0.71195801,0.82252629,0.13603487,0.11189226,0.95717743,0.76426269,0.023161227,0.017701261,0.56439845,0.87036785,0.02640021,0.022977894,0.65173416,0.92651754,0.057828228,0.053578868,0.68286575,0.90580322,0.062463549,0.056579684,0.74253547,0.76834294,0.071967183,0.055295477,0.79148509,0.72917415,0.073371928,0.053500914
0b_crop_best,file,18,baseline_crop,7243,124.Le_Conte_Sparrow/Le_Conte_Sparrow_0078_117052.jpg,124,123,124.Le_Conte_Sparrow,123,122,identity,identity,0,{},0.017746825,0.017746825,0,0.98240972,0.98240972,0.0047445917,0.0047445917,0.97766512,0.97766512,0,1,1,2.7484514,2.7484514,False,1.0000001,True,True,True,1,1,2.7484514,2.7484514,1,1,2.7035494,2.7035494,1,1,0.49477848,0.49477848,1,1,0.54679188,0.54679188,1,1,1.4914795,1.4914795,1,1,1.46833,1.46833,1,1,1.1689712,1.1689712,1,1,1.1239217,1.1239217
0b_crop_best,file,18,baseline_crop,7243,124.Le_Conte_Sparrow/Le_Conte_Sparrow_0078_117052.jpg,124,123,124.Le_Conte_Sparrow,123,122,random_resized_crop,random_resized_crop,0,"{""area_fraction"":0.787148,""aspect"":1.090784,""fallback"":false,""height"":0.849491,""left"":0.0268,""top"":0.073604,""width"":0.926611}",0.017746825,0.036998048,0.019251224,0.98240972,0.963678,0.0047445917,0.013742178,0.97766512,0.94993582,-0.027729299,0.83046372,2.0786023,2.7484514,5.7129372,False,0.98321193,True,True,True,0.83046372,2.0786023,2.7484514,5.7129372,0.82529538,2.0723394,2.7035494,5.6026719,0.97505085,2.2576039,0.49477848,1.1170138,0.86434946,2.1093764,0.54679188,1.1533899,0.86525118,2.1124927,1.4914795,3.1507395,0.8307728,2.0576803,1.46833,3.0213539,0.75867776,2.0035057,1.1689712,2.3420404,0.80558144,2.0901796,1.1239217,2.3491982
0b_crop_best,file,18,baseline_crop,3438,060.Glaucous_winged_Gull/Glaucous_Winged_Gull_0093_44724.jpg,60,59,060.Glaucous_winged_Gull,64,63,identity,identity,0,{},0.35332885,0.35332885,0,0.70234621,0.70234621,0.17112918,0.17112918,0.53121702,0.53121702,0,1,1,51.662977,51.662977,False,0.99999988,True,True,True,1,1,51.662977,51.662977,1,1,50.602651,50.602651,1,1,10.413211,10.413211,1,1,10.264551,10.264551,1,1,20.21609,20.21609,1,1,28.388874,28.388874,1,1,25.172481,25.172481,1,1,24.637267,24.637267
0b_crop_best,file,18,baseline_crop,3438,060.Glaucous_winged_Gull/Glaucous_Winged_Gull_0093_44724.jpg,60,59,060.Glaucous_winged_Gull,64,63,random_resized_crop,random_resized_crop,0,"{""area_fraction"":0.522138,""aspect"":0.824865,""fallback"":false,""height"":0.795612,""left"":0.056322,""top"":0.200215,""width"":0.656272}",0.35332885,1.2214853,0.8681564,0.70234621,0.29479203,0.17112918,0.17515157,0.53121702,0.11964045,-0.41157657,0.32719127,2.615752,51.662977,135.13754,False,0.85301203,True,True,True,0.32719127,2.615752,51.662977,135.13754,0.31100459,2.6260228,50.602651,132.88371,0.75426559,2.3602603,10.413211,24.577888,-0.091374218,3.3695082,10.264551,34.58649,0.22852358,2.7097105,20.21609,54.779753,0.33631527,2.6517868,28.388874,75.281243,0.25253191,2.5077269,25.172481,63.125708,0.49364971,2.505002,24.637267,61.716402
0b_crop_best,file,18,baseline_crop,2254,040.Olive_sided_Flycatcher/Olive_Sided_Flycatcher_0086_30553.jpg,40,39,040.Olive_sided_Flycatcher,38,37,identity,identity,0,{},1.1914055,1.1914055,0,0.30379397,0.30379397,0.23261212,0.23261212,0.071181849,0.071181849,0,1,1,148.55082,148.55082,False,1,True,True,True,1,1,148.55082,148.55082,1,1,146.94819,146.94819,1,1,21.761794,21.761794,1,1,56.063271,56.063271,1,1,77.575575,77.575575,1,1,77.480963,77.480963,1,1,61.682666,61.682666,1,1,51.231442,51.231442
0b_crop_best,file,18,baseline_crop,2254,040.Olive_sided_Flycatcher/Olive_Sided_Flycatcher_0086_30553.jpg,40,39,040.Olive_sided_Flycatcher,38,37,random_resized_crop,random_resized_crop,0,"{""area_fraction"":0.513642,""aspect"":1.244153,""fallback"":false,""height"":0.64253,""left"":0.014955,""top"":0.00017,""width"":0.799405}",1.1914055,1.3873873,0.19598174,0.30379397,0.24972692,0.23261212,0.0033000093,0.071181849,0.24642691,0.17524506,0.38651838,1.0269647,148.55082,152.55645,False,0.79114842,True,True,True,0.38651838,1.0269647,148.55082,152.55645,0.3789515,1.0265381,146.94819,150.84792,0.72512101,1.0462334,21.761794,22.767916,0.12466114,1.0055256,56.063271,56.373053,0.42710936,0.93986901,77.575575,72.910879,0.3666882,1.0071449,77.480963,78.034554,0.45306481,1.1344688,61.682666,69.977061,0.48356084,1.1170401,51.231442,57.227577
0b_crop_best,file,18,baseline_crop,368,007.Parakeet_Auklet/Parakeet_Auklet_0019_795987.jpg,7,6,007.Parakeet_Auklet,6,5,identity,identity,0,{},0.64016664,0.64016664,0,0.52720457,0.52720457,0.42759454,0.42759454,0.099610031,0.099610031,0,1,1,98.886974,98.886974,False,1,True,True,True,1,1,98.886974,98.886974,1,1,96.897541,96.897541,1,1,19.73576,19.73576,1,1,24.700371,24.700371,1,1,44.627829,44.627829,1,1,51.629786,51.629786,1,1,46.20744,46.20744,1,1,44.571513,44.571513
0b_crop_best,file,18,baseline_crop,368,007.Parakeet_Auklet/Parakeet_Auklet_0019_795987.jpg,7,6,007.Parakeet_Auklet,6,5,random_resized_crop,random_resized_crop,0,"{""area_fraction"":0.703309,""aspect"":0.766194,""fallback"":false,""height"":0.958084,""left"":0.002007,""top"":0.024647,""width"":0.734079}",0.64016664,1.8978651,1.2576984,0.52720457,0.14988828,0.42759454,0.26606256,0.099610031,-0.11617428,-0.21578431,0.64837325,1.7492088,98.886974,172.97397,False,0.93184578,False,True,False,0.64837325,1.7492088,98.886974,172.97397,0.64261647,1.7585498,96.897541,170.39915,0.8178474,1.5066149,19.73576,29.73419,0.4885196,1.8404479,24.700371,45.459746,0.67940207,1.8667088,44.627829,83.307161,0.6911181,1.8857629,51.629786,97.361538,0.60979042,1.6209909,46.20744,74.90184,0.62292899,1.5768504,44.571513,70.282608
0b_crop_best,file,18,baseline_crop,11657,198.Rock_Wren/Rock_Wren_0123_189405.jpg,198,197,198.Rock_Wren,93,92,identity,identity,0,{},0.0021753474,0.0021753474,0,0.99782699,0.99782699,0.00057291338,0.00057291338,0.99725408,0.99725408,0,1,1,0.31672906,0.31672906,False,1,True,True,True,1,1,0.31672906,0.31672906,1,1,0.30915724,0.30915724,1,1,0.068841091,0.068841091,1,1,0.071161268,0.071161268,1,1,0.15261565,0.15261565,1,1,0.15943732,0.15943732,1,1,0.13400893,0.13400893,1,1,0.1544153,0.1544153
0b_crop_best,file,18,baseline_crop,11657,198.Rock_Wren/Rock_Wren_0123_189405.jpg,198,197,198.Rock_Wren,93,92,random_resized_crop,random_resized_crop,0,"{""area_fraction"":0.628893,""aspect"":1.292149,""fallback"":false,""height"":0.697641,""left"":0.038569,""top"":0.169418,""width"":0.901456}",0.0021753474,0.0053063263,0.0031309789,0.99782699,0.9947077,0.00057291338,0.00081178587,0.99725408,0.99389592,-0.0033581624,0.74295714,2.8198853,0.31672906,0.89313959,False,0.96457601,True,True,True,0.74295714,2.8198853,0.31672906,0.89313959,0.73363316,2.8290583,0.30915724,0.87462387,0.94731529,2.6280564,0.068841091,0.18091827,0.62365779,2.9144496,0.071161268,0.20739593,0.74654491,2.7955682,0.15261565,0.42664744,0.73786371,2.8261064,0.15943732,0.45058683,0.71092275,2.9412633,0.13400893,0.39415555,0.75993683,2.7592706,0.1544153,0.4260736
0b_crop_best,file,18,baseline_crop,8625,147.Least_Tern/Least_Tern_0056_153965.jpg,147,146,147.Least_Tern,71,70,identity,identity,0,{},5.8118796,5.8118796,0,0.0029918016,0.0029918016,0.59273791,0.59273791,-0.58974611,-0.58974611,0,1,1,137.38683,137.38683,False,1,True,False,False,1,1,137.38683,137.38683,1,1,133.92051,133.92051,1,1,30.66657,30.66657,1,1,24.578879,24.578879,1,1,57.793256,57.793256,1,1,66.616515,66.616515,1,1,65.006803,65.006803,1,1,72.985459,72.985459
0b_crop_best,file,18,baseline_crop,8625,147.Least_Tern/Least_Tern_0056_153965.jpg,147,146,147.Least_Tern,71,70,random_resized_crop,random_resized_crop,0,"{""area_fraction"":0.763694,""aspect"":1.234169,""fallback"":false,""height"":0.786633,""left"":0.00615,""top"":0.017086,""width"":0.970839}",5.8118796,5.5213623,-0.29051733,0.0029918016,0.0040003946,0.59273791,0.26984698,-0.58974611,-0.26584658,0.32389953,0.70834338,0.85001297,137.38683,116.78059,False,0.94364595,True,False,False,0.70834338,0.85001297,137.38683,116.78059,0.69742153,0.84741485,133.92051,113.48623,0.90600302,0.89812354,30.66657,27.542368,0.72675195,1.1194982,24.578879,27.516011,0.633574,0.91097597,57.793256,52.648268,0.74716223,0.86501241,66.616515,57.624112,0.69590648,0.78152958,65.006803,50.804739,0.70315775,0.80459692,72.985459,58.723875
0b_crop_best,file,18,baseline_crop,6663,114.Black_throated_Sparrow/Black_Throated_Sparrow_0066_106974.jpg,114,113,114.Black_throated_Sparrow,85,84,identity,identity,0,{},0.0057859793,0.0057859793,0,0.99423075,0.99423075,0.0016991349,0.0016991349,0.99253161,0.99253161,0,1,1,0.79243305,0.79243305,False,1,True,True,True,1,1,0.79243305,0.79243305,1,1,0.77519941,0.77519941,1,1,0.16436552,0.16436552,1,1,0.14932908,0.14932908,1,1,0.32580081,0.32580081,1,1,0.38521075,0.38521075,1,1,0.36792845,0.36792845,1,1,0.43443079,0.43443079
0b_crop_best,file,18,baseline_crop,6663,114.Black_throated_Sparrow/Black_Throated_Sparrow_0066_106974.jpg,114,113,114.Black_throated_Sparrow,85,84,random_resized_crop,random_resized_crop,0,"{""area_fraction"":0.514911,""aspect"":0.932464,""fallback"":false,""height"":0.743105,""left"":0.228544,""top"":0.207043,""width"":0.692918}",0.0057859793,0.0069665867,0.0011806074,0.99423075,0.99305761,0.0016991349,0.00038532572,0.99253161,0.99267228,0.0001406706,0.56219534,1.3819595,0.79243305,1.0951104,False,0.93429869,True,True,True,0.56219534,1.3819595,0.79243305,1.0951104,0.54745361,1.3804149,0.77519941,1.0700969,0.88206415,1.41588,0.16436552,0.23272186,0.51828394,1.3774951,0.14932908,0.20570008,0.57195631,1.6993329,0.32580081,0.55364405,0.50945751,1.3300367,0.38521075,0.51234442,0.48887753,1.3585183,0.36792845,0.49983752,0.62461335,1.2265681,0.43443079,0.53285895
0b_crop_best,file,18,baseline_crop,7200,123.Henslow_Sparrow/Henslow_Sparrow_0006_796607.jpg,123,122,123.Henslow_Sparrow,113,112,identity,identity,0,{},0.00034803056,0.00034803056,0,0.99965203,0.99965203,0.00011196766,0.00011196766,0.99954006,0.99954006,0,1,1,0.04937103,0.04937103,False,0.99999982,True,True,True,1,1,0.04937103,0.04937103,1,1,0.047771027,0.047771027,1,1,0.012467061,0.012467061,1,1,0.0060811174,0.0060811174,1,1,0.017598243,0.017598243,1,1,0.025313177,0.025313177,1,1,0.023028959,0.023028959,1,1,0.02764603,0.02764603
0b_crop_best,file,18,baseline_crop,7200,123.Henslow_Sparrow/Henslow_Sparrow_0006_796607.jpg,123,122,123.Henslow_Sparrow,113,112,random_resized_crop,random_resized_crop,0,"{""area_fraction"":0.632126,""aspect"":1.083037,""fallback"":false,""height"":0.763977,""left"":0.134526,""top"":0.122357,""width"":0.827415}",0.00034803056,0.00111994,0.0007719094,0.99965203,0.99888068,0.00011196766,0.00058770605,0.99954006,0.99829298,-0.0012470821,0.58028507,4.5941464,0.04937103,0.22681774,False,0.96584821,True,True,True,0.58028507,4.5941464,0.04937103,0.22681774,0.56073603,4.6426076,0.047771027,0.22178213,0.94052175,3.8123391,0.012467061,0.047528664,0.32941511,6.8248827,0.0060811174,0.041502913,0.37980017,5.5369225,0.017598243,0.097440109,0.53813104,5.0411427,0.025313177,0.12760734,0.57282196,4.528699,0.023028959,0.10429122,0.72796597,3.7607907,0.02764603,0.10397093
0b_crop_best,file,18,baseline_crop,9896,169.Magnolia_Warbler/Magnolia_Warbler_0018_165958.jpg,169,168,169.Magnolia_Warbler,162,161,identity,identity,0,{},0.031102441,0.031102441,0,0.96937627,0.96937627,0.0055633984,0.0055633984,0.96381287,0.96381287,0,1,1,4.0420602,4.0420602,False,1,True,True,True,1,1,4.0420602,4.0420602,1,1,3.9621059,3.9621059,1,1,0.79997965,0.79997965,1,1,0.79410617,0.79410617,1,1,1.3824752,1.3824752,1,1,1.8296974,1.8296974,1,1,1.9277916,1.9277916,1,1,2.468252,2.468252
0b_crop_best,file,18,baseline_crop,9896,169.Magnolia_Warbler/Magnolia_Warbler_0018_165958.jpg,169,168,169.Magnolia_Warbler,162,161,random_resized_crop,random_resized_crop,0,"{""area_fraction"":0.774704,""aspect"":0.82598,""fallback"":false,""height"":0.968463,""left"":0.082642,""top"":0.015873,""width"":0.799931}",0.031102441,0.038858857,0.0077564158,0.96937627,0.96188647,0.0055633984,0.0084935492,0.96381287,0.95339292,-0.010419951,0.84583611,1.3272469,4.0420602,5.3648119,False,0.98705506,True,True,True,0.84583611,1.3272469,4.0420602,5.3648119,0.84057974,1.329345,3.9621059,5.2670058,0.98101873,1.2746989,0.79997965,1.0197332,0.90602042,1.3972977,0.79410617,1.1096028,0.81340561,1.4198619,1.3824752,1.9629239,0.80732069,1.4273084,1.8296974,2.6115425,0.82225472,1.3682631,1.9277916,2.637726,0.8833678,1.207258,2.468252,2.9798169
0b_crop_best,file,18,baseline_crop,3746,065.Slaty_backed_Gull/Slaty_Backed_Gull_0033_796023.jpg,65,64,065.Slaty_backed_Gull,60,59,identity,identity,0,{},0.76760417,0.76760417,0,0.4641237,0.4641237,0.44942799,0.44942799,0.014695704,0.014695704,0,1,1,152.18334,152.18334,False,1,True,True,True,1,1,152.18334,152.18334,1,1,149.93347,149.93347,1,1,26.071504,26.071504,1,1,43.208415,43.208415,1,1,76.604418,76.604418,1,1,78.741793,78.741793,1,1,68.333759,68.333759,1,1,62.250063,62.250063
0b_crop_best,file,18,baseline_crop,3746,065.Slaty_backed_Gull/Slaty_Backed_Gull_0033_796023.jpg,65,64,065.Slaty_backed_Gull,60,59,random_resized_crop,random_resized_crop,0,"{""area_fraction"":0.540734,""aspect"":0.950559,""fallback"":false,""height"":0.754227,""left"":0.182728,""top"":0.093016,""width"":0.716938}",0.76760417,2.8393526,2.0717484,0.4641237,0.058463503,0.44942799,0.0033098252,0.014695704,0.055153677,0.040457973,0.39040165,1.5887464,152.18334,241.78074,False,0.88686085,False,True,False,0.39040165,1.5887464,152.18334,241.78074,0.38595085,1.5829327,149.93347,237.3346,0.52438637,1.7702957,26.071504,46.154272,0.43753752,1.4012928,43.208415,60.547642,0.4053386,1.2808801,76.604418,98.121072,0.38427524,1.5790115,78.741793,124.3342,0.39482325,1.7960351,68.333759,122.72983,0.35458351,1.7969235,62.250063,111.8586
0b_crop_best,file,18,baseline_crop,5003,086.Pacific_Loon/Pacific_Loon_0019_75422.jpg,86,85,086.Pacific_Loon,25,24,identity,identity,0,{},1.2907475,1.2907475,0,0.27506506,0.27506506,0.38958189,0.38958189,-0.11451682,-0.11451682,0,1,1,250.50916,250.50916,False,1,True,False,False,1,1,250.50916,250.50916,1,1,249.2444,249.2444,1,1,25.140961,25.140961,1,1,122.72155,122.72155,1,1,101.83372,101.83372,1,1,133.56164,133.56164,1,1,105.6279,105.6279,1,1,87.727534,87.727534
0b_crop_best,file,18,baseline_crop,5003,086.Pacific_Loon/Pacific_Loon_0019_75422.jpg,86,85,086.Pacific_Loon,25,24,random_resized_crop,random_resized_crop,0,"{""area_fraction"":0.545423,""aspect"":1.263113,""fallback"":false,""height"":0.657121,""left"":0.085346,""top"":0.313164,""width"":0.830019}",1.2907475,2.3044987,1.0137511,0.27506506,0.099808827,0.38958189,0.58219945,-0.11451682,-0.48239063,-0.3678738,0.59406956,0.75427154,250.50916,188.95193,False,0.8850258,True,False,False,0.59406956,0.75427154,250.50916,188.95193,0.59105778,0.74721643,249.2444,186.23951,0.85209259,1.2688869,25.140961,31.901036,0.66285195,0.52702611,122.72155,64.677459,0.4422546,0.82279141,101.83372,83.78791,0.64855133,0.74802835,133.56164,99.907897,0.59085779,0.79085083,105.6279,83.535913,0.63996007,0.92054608,87.727534,80.757237
0b_crop_best,file,18,baseline_crop,5946,102.Western_Wood_Pewee/Western_Wood_Pewee_0041_795048.jpg,102,101,102.Western_Wood_Pewee,40,39,identity,identity,0,{},1.054372,1.054372,0,0.3484112,0.3484112,0.61175716,0.61175716,-0.26334596,-0.26334596,0,1,1,116.92501,116.92501,False,1,True,False,False,1,1,116.92501,116.92501,1,1,113.53461,113.53461,1,1,27.952613,27.952613,1,1,30.316297,30.316297,1,1,48.823959,48.823959,1,1,56.853186,56.853186,1,1,56.384601,56.384601,1,1,56.353738,56.353738
0b_crop_best,file,18,baseline_crop,5946,102.Western_Wood_Pewee/Western_Wood_Pewee_0041_795048.jpg,102,101,102.Western_Wood_Pewee,40,39,random_resized_crop,random_resized_crop,0,"{""area_fraction"":0.899811,""aspect"":0.947411,""fallback"":false,""height"":0.974555,""left"":0.005581,""top"":0.009754,""width"":0.923304}",1.054372,1.4555531,0.4011811,0.3484112,0.23327132,0.61175716,0.71883672,-0.26334596,-0.48556541,-0.22221945,0.84482518,1.1229588,116.92501,131.30196,False,0.97874212,True,False,False,0.84482518,1.1229588,116.92501,131.30196,0.83640078,1.120117,113.53461,127.17206,0.97873138,1.1688431,27.952613,32.67222,0.83922965,1.0770748,30.316297,32.652921,0.84586292,1.1136385,48.823959,54.372241,0.83280919,1.1320515,56.853186,64.360735,0.81621688,1.0939437,56.384601,61.681577,0.8523222,1.1504566,56.353738,64.832528
0b_crop_best,file,18,baseline_crop,7141,122.Harris_Sparrow/Harris_Sparrow_0039_116409.jpg,122,121,122.Harris_Sparrow,99,98,identity,identity,0,{},1.4374242,1.4374242,0,0.23753884,0.23753884,0.60475141,0.60475141,-0.36721256,-0.36721256,0,1,1,155.03472,155.03472,False,0.99999994,True,False,False,1,1,155.03472,155.03472,1,1,153.00361,153.00361,1,1,25.013163,25.013163,1,1,38.664767,38.664767,1,1,87.189751,87.189751,1,1,85.215598,85.215598,1,1,61.179067,61.179067,1,1,57.519672,57.519672
0b_crop_best,file,18,baseline_crop,7141,122.Harris_Sparrow/Harris_Sparrow_0039_116409.jpg,122,121,122.Harris_Sparrow,99,98,random_resized_crop,random_resized_crop,0,"{""area_fraction"":0.648505,""aspect"":1.127072,""fallback"":false,""height"":0.758544,""left"":0.14225,""top"":0.106214,""width"":0.854934}",1.4374242,3.0755117,1.6380875,0.23753884,0.046166003,0.60475141,0.42541686,-0.36721256,-0.37925085,-0.012038291,0.75228508,0.77963229,155.03472,120.87007,False,0.9445889,True,False,False,0.75228508,0.77963229,155.03472,120.87007,0.7478413,0.77308073,153.00361,118.28415,0.90469828,0.99421091,25.013163,24.86836,0.66933987,0.66584534,38.664767,25.744755,0.81922634,0.69368956,87.189751,60.48262,0.79535933,0.79519452,85.215598,67.762976,0.67069781,0.78892676,61.179067,48.265803,0.65480097,0.91149533,57.519672,52.428913
0b_crop_best,file,18,baseline_crop,3375,059.California_Gull/California_Gull_0111_41033.jpg,59,58,059.California_Gull,66,65,identity,identity,0,{},0.036806412,0.036806412,0,0.96386272,0.96386272,0.029249588,0.029249588,0.93461313,0.93461313,0,1,1,4.9504607,4.9504607,False,1,True,True,True,1,1,4.9504607,4.9504607,1,1,4.7325189,4.7325189,1,1,1.4526961,1.4526961,1,1,0.88100147,0.88100147,1,1,2.6001218,2.6001218,1,1,2.2599203,2.2599203,1,1,1.95464,1.95464,1,1,2.4355863,2.4355863
0b_crop_best,file,18,baseline_crop,3375,059.California_Gull/California_Gull_0111_41033.jpg,59,58,059.California_Gull,66,65,random_resized_crop,random_resized_crop,0,"{""area_fraction"":0.533129,""aspect"":1.020321,""fallback"":false,""height"":0.722849,""left"":0.176217,""top"":0.264465,""width"":0.737538}",0.036806412,0.061908677,0.025102265,0.96386272,0.93996871,0.029249588,0.028731456,0.93461313,0.91123725,-0.02337588,0.63596781,2.3233329,4.9504607,11.501568,False,0.91864479,True,True,True,0.63596781,2.3233329,4.9504607,11.501568,0.62105777,2.3698383,4.7325189,11.215305,0.87652747,1.755425,1.4526961,2.550099,0.2274365,2.1145922,0.88100147,1.8629588,0.6835068,2.7160767,2.6001218,7.0621304,0.62025547,2.4228918,2.2599203,5.4755424,0.57936969,2.2614404,1.95464,4.4203019,0.63109879,1.9655588,2.4355863,4.787288
0b_crop_best,file,18,baseline_crop,1165,021.Eastern_Towhee/Eastern_Towhee_0082_22330.jpg,21,20,021.Eastern_Towhee,160,159,identity,identity,0,{},0.064832903,0.064832903,0,0.93722403,0.93722403,0.03396447,0.03396447,0.90325956,0.90325956,0,1,1,10.236548,10.236548,False,1,True,True,True,1,1,10.236548,10.236548,1,1,9.9660942,9.9660942,1,1,2.3374967,2.3374967,1,1,1.775977,1.775977,1,1,3.9925613,3.9925613,1,1,5.4738589,5.4738589,1,1,4.8186485,4.8186485,1,1,5.2005662,5.2005662
0b_crop_best,file,18,baseline_crop,1165,021.Eastern_Towhee/Eastern_Towhee_0082_22330.jpg,21,20,021.Eastern_Towhee,160,159,random_resized_crop,random_resized_crop,0,"{""area_fraction"":0.570504,""aspect"":1.039273,""fallback"":false,""height"":0.740908,""left"":0.101343,""top"":0.257888,""width"":0.770006}",0.064832903,0.34052485,0.27569195,0.93722403,0.71139681,0.03396447,0.016479922,0.90325956,0.69491689,-0.20834267,0.39530715,7.2062964,10.236548,73.767602,False,0.93282109,True,True,True,0.39530715,7.2062964,10.236548,73.767602,0.3788003,7.2707684,9.9660942,72.461162,0.77237854,5.9130302,2.3374967,13.821689,-0.005785792,7.9886409,1.775977,14.187642,0.22112057,9.3198034,3.9925613,37.209887,0.40390451,7.7451,5.4738589,42.395584,0.44945796,6.5113118,4.8186485,31.375723,0.51227339,5.713647,5.2005662,29.714199
0b_crop_best,file,18,baseline_crop,1171,021.Eastern_Towhee/Eastern_Towhee_0027_22372.jpg,21,20,021.Eastern_Towhee,195,194,identity,identity,0,{},1.8629024,1.8629024,0,0.15522145,0.15522145,0.2742537,0.2742537,-0.11903225,-0.11903225,0,1,1,206.54481,206.54481,False,1,True,False,False,1,1,206.54481,206.54481,1,1,204.95922,204.95922,1,1,25.54356,25.54356,1,1,86.193001,86.193001,1,1,105.30368,105.30368,1,1,100.4348,100.4348,1,1,87.928203,87.928203,1,1,75.310471,75.310471
0b_crop_best,file,18,baseline_crop,1171,021.Eastern_Towhee/Eastern_Towhee_0027_22372.jpg,21,20,021.Eastern_Towhee,195,194,random_resized_crop,random_resized_crop,0,"{""area_fraction"":0.639816,""aspect"":1.210304,""fallback"":false,""height"":0.727077,""left"":0.058668,""top"":0.184615,""width"":0.879984}",1.8629024,0.70435172,-1.1585507,0.15522145,0.49442899,0.2742537,0.2180346,-0.11903225,0.2763944,0.39542665,0.77065001,0.53941662,206.54481,111.4137,False,0.9239139,False,False,True,0.77065001,0.53941662,206.54481,111.4137,0.76824853,0.53663115,204.95922,109.9875,0.91550013,0.69566222,25.54356,17.76969,0.93363123,0.54124368,86.193001,46.651417,0.70554629,0.45060744,105.30368,47.450621,0.77081971,0.55868354,100.4348,56.111269,0.71440055,0.57364754,87.928203,50.439798,0.75459721,0.59035544,75.310471,44.459946
0b_crop_best,file,18,baseline_crop,6988,120.Fox_Sparrow/Fox_Sparrow_0116_115311.jpg,120,119,120.Fox_Sparrow,131,130,identity,identity,0,{},0.30370864,0.30370864,0,0.73807585,0.73807585,0.057359397,0.057359397,0.68071645,0.68071645,0,1,1,47.623816,47.623816,False,1.0000001,True,True,True,1,1,47.623816,47.623816,1,1,47.194085,47.194085,1,1,6.3832718,6.3832718,1,1,10.100701,10.100701,1,1,22.269755,22.269755,1,1,28.245648,28.245648,1,1,19.94806,19.94806,1,1,20.822436,20.822436
0b_crop_best,file,18,baseline_crop,6988,120.Fox_Sparrow/Fox_Sparrow_0116_115311.jpg,120,119,120.Fox_Sparrow,131,130,random_resized_crop,random_resized_crop,0,"{""area_fraction"":0.807465,""aspect"":0.974315,""fallback"":false,""height"":0.910357,""left"":0.046351,""top"":0.035056,""width"":0.886975}",0.30370864,0.11528415,-0.18842449,0.73807585,0.89111292,0.057359397,0.025862714,0.68071645,0.86525021,0.18453375,0.81712346,0.41781693,47.623816,19.898036,False,0.97522211,True,True,True,0.81712346,0.41781693,47.623816,19.898036,0.81424131,0.41737644,47.194085,19.697699,0.9673909,0.44122683,6.3832718,2.8164708,0.77217374,0.41975277,10.100701,4.2397973,0.75548353,0.42317576,22.269755,9.4240203,0.83529902,0.40882835,28.245648,11.547621,0.7995408,0.42545058,19.94806,8.4869136,0.8685773,0.41822146,20.822436,8.7083895
0b_crop_best,file,18,baseline_crop,1860,033.Yellow_billed_Cuckoo/Yellow_Billed_Cuckoo_0121_26807.jpg,33,32,033.Yellow_billed_Cuckoo,32,31,identity,identity,0,{},0.014051082,0.014051082,0,0.98604715,0.98604715,0.0033877257,0.0033877257,0.98265942,0.98265942,0,1,1,2.3859413,2.3859413,False,1.0000001,True,True,True,1,1,2.3859413,2.3859413,1,1,2.3372999,2.3372999,1,1,0.47931734,0.47931734,1,1,0.42371078,0.42371078,1,1,0.9865278,0.9865278,1,1,1.3491079,1.3491079,1,1,1.1386874,1.1386874,1,1,1.092475,1.092475
0b_crop_best,file,18,baseline_crop,1860,033.Yellow_billed_Cuckoo/Yellow_Billed_Cuckoo_0121_26807.jpg,33,32,033.Yellow_billed_Cuckoo,32,31,random_resized_crop,random_resized_crop,0,"{""area_fraction"":0.565807,""aspect"":1.130473,""fallback"":false,""height"":0.707464,""left"":0.136074,""top"":0.045859,""width"":0.799769}",0.014051082,0.058405034,0.044353953,0.98604715,0.94326782,0.0033877257,0.009170766,0.98265942,0.93409706,-0.048562367,0.64677113,3.6654055,2.3859413,8.7454424,False,0.94459939,True,True,True,0.64677113,3.6654055,2.3859413,8.7454424,0.63377757,3.6412896,2.3372999,8.5107859,0.92100639,4.198229,0.47931734,2.0122839,0.49112192,4.1892236,0.42371078,1.7750192,0.62065409,4.1535878,0.9865278,4.0976298,0.68413052,3.4451298,1.3491079,4.647852,0.58538089,3.4720153,1.1386874,3.9535403,0.657017,3.5756452,1.092475,3.906303
0b_crop_best,file,18,baseline_crop,7022,120.Fox_Sparrow/Fox_Sparrow_0036_115581.jpg,120,119,120.Fox_Sparrow,49,48,identity,identity,0,{},3.2316818,3.2316818,0,0.039491028,0.039491028,0.35018024,0.35018024,-0.31068921,-0.31068921,0,1,1,127.6272,127.6272,False,1.0000001,True,False,False,1,1,127.6272,127.6272,1,1,124.78055,124.78055,1,1,26.80516,26.80516,1,1,22.736877,22.736877,1,1,54.289123,54.289123,1,1,71.273475,71.273475,1,1,57.667365,57.667365,1,1,60.831555,60.831555
0b_crop_best,file,18,baseline_crop,7022,120.Fox_Sparrow/Fox_Sparrow_0036_115581.jpg,120,119,120.Fox_Sparrow,49,48,random_resized_crop,random_resized_crop,0,"{""area_fraction"":0.713361,""aspect"":1.179634,""fallback"":false,""height"":0.777644,""left"":0.075122,""top"":0.113495,""width"":0.917336}",3.2316818,3.3535814,0.1218996,0.039491028,0.034958929,0.35018024,0.11151403,-0.31068921,-0.076555103,0.23413411,0.71290045,0.97505008,127.6272,124.44291,False,0.96422464,False,False,False,0.71290045,0.97505008,127.6272,124.44291,0.70350546,0.97795738,124.78055,122.03006,0.93353406,0.90977005,26.80516,24.386532,0.75922493,1.2087547,22.736877,27.483307,0.68468959,1.1213766,54.289123,60.878553,0.69474054,0.95387868,71.273475,67.986247,0.67217288,0.92446103,57.667365,53.311232,0.76734184,0.89521318,60.831555,54.457209
0b_crop_best,file,18,baseline_crop,9421,161.Blue_winged_Warbler/Blue_Winged_Warbler_0012_162086.jpg,161,160,161.Blue_winged_Warbler,97,96,identity,identity,0,{},0.035466108,0.035466108,0,0.96515542,0.96515542,0.0093352236,0.0093352236,0.9558202,0.9558202,0,1,1,5.4540577,5.4540577,False,1,True,True,True,1,1,5.4540577,5.4540577,1,1,5.3521307,5.3521307,1,1,1.0494963,1.0494963,1,1,1.4450128,1.4450128,1,1,1.8687314,1.8687314,1,1,2.7447811,2.7447811,1,1,2.6722644,2.6722644,1,1,2.8965952,2.8965952
0b_crop_best,file,18,baseline_crop,9421,161.Blue_winged_Warbler/Blue_Winged_Warbler_0012_162086.jpg,161,160,161.Blue_winged_Warbler,97,96,random_resized_crop,random_resized_crop,0,"{""area_fraction"":0.841649,""aspect"":0.843328,""fallback"":false,""height"":0.999004,""left"":0.092345,""top"":0.000377,""width"":0.842488}",0.035466108,0.025238942,-0.010227166,0.96515542,0.97507691,0.0093352236,0.0031908303,0.9558202,0.97188608,0.016065884,0.82237142,0.73411124,5.4540577,4.003885,False,0.98683077,True,True,True,0.82237142,0.73411124,5.4540577,4.003885,0.81684865,0.73565838,5.3521307,3.9373398,0.97635797,0.69266214,1.0494963,0.72694638,0.64323228,0.50274319,1.4450128,0.72647035,0.71299994,0.8294359,1.8687314,1.5499929,0.84319218,0.77246958,2.7447811,2.1202599,0.8192484,0.72059572,2.6722644,1.9256223,0.88371265,0.72160155,2.8965952,2.0901876
0b_crop_best,file,18,baseline_crop,7272,125.Lincoln_Sparrow/Lincoln_Sparrow_0110_117264.jpg,125,124,125.Lincoln_Sparrow,199,198,identity,identity,0,{},0.0025525866,0.0025525866,0,0.99745065,0.99745065,0.0007687583,0.0007687583,0.99668189,0.99668189,0,1,1,0.48040013,0.48040013,False,1,True,True,True,1,1,0.48040013,0.48040013,1,1,0.47278305,0.47278305,1,1,0.08520838,0.08520838,1,1,0.098308852,0.098308852,1,1,0.20717089,0.20717089,1,1,0.26999017,0.26999017,1,1,0.21611239,0.21611239,1,1,0.22658365,0.22658365
0b_crop_best,file,18,baseline_crop,7272,125.Lincoln_Sparrow/Lincoln_Sparrow_0110_117264.jpg,125,124,125.Lincoln_Sparrow,199,198,random_resized_crop,random_resized_crop,0,"{""area_fraction"":0.816,""aspect"":0.930921,""fallback"":false,""height"":0.936244,""left"":0.124903,""top"":0.015406,""width"":0.871568}",0.0025525866,0.0025675686,1.4981953e-05,0.99745065,0.99743575,0.0007687583,0.0008910707,0.99668189,0.99654468,-0.00013721356,0.78209748,1.1224812,0.48040013,0.53924011,False,0.98233587,True,True,True,0.78209748,1.1224812,0.48040013,0.53924011,0.77698004,1.1271041,0.47278305,0.53287572,0.97392398,0.96943052,0.08520838,0.082603604,0.75778499,1.5954432,0.098308852,0.15684619,0.7951242,1.2675156,0.20717089,0.26259233,0.74509955,1.0074816,0.26999017,0.27201014,0.77593003,1.1205742,0.21611239,0.24216996,0.83511059,1.06073,0.22658365,0.24034407
0b_crop_best,file,18,baseline_crop,32,001.Black_footed_Albatross/Black_Footed_Albatross_0017_796098.jpg,1,0,001.Black_footed_Albatross,3,2,identity,identity,0,{},3.349627,3.349627,0,0.035097439,0.035097439,0.95857549,0.95857549,-0.92347805,-0.92347805,0,1,1,218.11738,218.11738,False,0.99999988,True,False,False,1,1,218.11738,218.11738,1,1,213.00471,213.00471,1,1,46.948759,46.948759,1,1,49.348925,49.348925,1,1,96.989238,96.989238,1,1,102.62576,102.62576,1,1,103.18914,103.18914,1,1,111.12485,111.12485
0b_crop_best,file,18,baseline_crop,32,001.Black_footed_Albatross/Black_Footed_Albatross_0017_796098.jpg,1,0,001.Black_footed_Albatross,3,2,random_resized_crop,random_resized_crop,0,"{""area_fraction"":0.672895,""aspect"":0.90666,""fallback"":false,""height"":0.861493,""left"":0.07213,""top"":0.131843,""width"":0.781081}",3.349627,4.8495178,1.4998908,0.035097439,0.0078321537,0.95857549,0.98734879,-0.92347805,-0.97951664,-0.056038593,0.79856034,1.0731149,218.11738,234.06501,False,0.97977358,True,False,False,0.79856034,1.0731149,218.11738,234.06501,0.79009956,1.0748893,213.00471,228.95649,0.9797898,1.0359151,46.948759,48.634929,0.82824774,1.2059534,49.348925,59.512504,0.85304342,1.1616446,96.989238,112.66702,0.77310729,1.1057966,102.62576,113.48321,0.73132783,1.038313,103.18914,107.14262,0.80169786,0.97866761,111.12485,108.75429
0b_crop_best,file,18,baseline_crop,8997,154.Red_eyed_Vireo/Red_Eyed_Vireo_0034_157219.jpg,154,153,154.Red_eyed_Vireo,117,116,identity,identity,0,{},0.15038161,0.15038161,0,0.86037958,0.86037958,0.027889337,0.027889337,0.83249024,0.83249024,0,1,1,20.480085,20.480085,False,1,True,True,True,1,1,20.480085,20.480085,1,1,20.111604,20.111604,1,1,3.8674595,3.8674595,1,1,4.1893223,4.1893223,1,1,9.3309942,9.3309942,1,1,11.351003,11.351003,1,1,9.3957427,9.3957427,1,1,9.0957961,9.0957961
0b_crop_best,file,18,baseline_crop,8997,154.Red_eyed_Vireo/Red_Eyed_Vireo_0034_157219.jpg,154,153,154.Red_eyed_Vireo,117,116,random_resized_crop,random_resized_crop,0,"{""area_fraction"":0.761988,""aspect"":0.971571,""fallback"":false,""height"":0.885598,""left"":0.096491,""top"":0.076637,""width"":0.860421}",0.15038161,0.18193211,0.031550497,0.86037958,0.83365792,0.027889337,0.071237423,0.83249024,0.7624205,-0.070069741,0.69596673,1.116856,20.480085,22.873305,False,0.95777082,True,True,True,0.69596673,1.116856,20.480085,22.873305,0.68629002,1.109659,20.111604,22.317023,0.92803493,1.2964167,3.8674595,5.0138392,0.60190195,1.1475885,4.1893223,4.8076182,0.67904883,0.95588315,9.3309942,8.9193402,0.68161628,1.0635386,11.351003,12.07223,0.65787187,1.1923908,9.3957427,11.203397,0.75723923,1.2248761,9.0957961,11.141223
0b_crop_best,file,18,baseline_crop,3145,055.Evening_Grosbeak/Evening_Grosbeak_0133_37976.jpg,55,54,055.Evening_Grosbeak,12,11,identity,identity,0,{},0.0045744297,0.0045744297,0,0.99543601,0.99543601,0.001089056,0.001089056,0.99434696,0.99434696,0,1,1,0.68167739,0.68167739,False,1.0000001,True,True,True,1,1,0.68167739,0.68167739,1,1,0.66683849,0.66683849,1,1,0.14145848,0.14145848,1,1,0.13860989,0.13860989,1,1,0.22964461,0.22964461,1,1,0.32845254,0.32845254,1,1,0.33091406,0.33091406,1,1,0.39413073,0.39413073
0b_crop_best,file,18,baseline_crop,3145,055.Evening_Grosbeak/Evening_Grosbeak_0133_37976.jpg,55,54,055.Evening_Grosbeak,12,11,random_resized_crop,random_resized_crop,0,"{""area_fraction"":0.666407,""aspect"":0.929335,""fallback"":false,""height"":0.846806,""left"":0.164184,""top"":0.014786,""width"":0.786966}",0.0045744297,0.0081379972,0.0035635675,0.99543601,0.99189502,0.001089056,0.00083054666,0.99434696,0.99106447,-0.0032824834,0.75855171,2.0798696,0.68167739,1.4178001,False,0.96540862,True,True,True,0.75855171,2.0798696,0.68167739,1.4178001,0.75115787,2.0888962,0.66683849,1.3929564,0.94683751,1.8680617,0.14145848,0.26425316,0.74005314,2.6031862,0.13860989,0.36082736,0.78065351,2.2977744,0.22964461,0.5276715,0.77822049,2.1984448,0.32845254,0.72208479,0.69386374,2.1165048,0.33091406,0.70038119,0.77685089,1.8291884,0.39413073,0.72093937
0b_crop_best,file,18,baseline_crop,2386,042.Vermilion_Flycatcher/Vermilion_Flycatcher_0004_42395.jpg,42,41,042.Vermilion_Flycatcher,139,138,identity,identity,0,{},0.14041705,0.14041705,0,0.86899573,0.86899573,0.10954721,0.10954721,0.75944852,0.75944852,0,1,1,22.798022,22.798022,False,1,True,True,True,1,1,22.798022,22.798022,1,1,22.377836,22.377836,1,1,4.356865,4.356865,1,1,6.7769946,6.7769946,1,1,12.316173,12.316173,1,1,10.366312,10.366312,1,1,9.9945465,9.9945465,1,1,9.7877659,9.7877659
0b_crop_best,file,18,baseline_crop,2386,042.Vermilion_Flycatcher/Vermilion_Flycatcher_0004_42395.jpg,42,41,042.Vermilion_Flycatcher,139,138,random_resized_crop,random_resized_crop,0,"{""area_fraction"":0.658956,""aspect"":1.153209,""fallback"":false,""height"":0.755917,""left"":0.030001,""top"":0.051961,""width"":0.87173}",0.14041705,0.70236075,0.56194369,0.86899573,0.49541438,0.10954721,0.46092078,0.75944852,0.034493595,-0.72495493,0.7745329,5.0868405,22.798022,115.9699,False,0.91787171,True,True,True,0.7745329,5.0868405,22.798022,115.9699,0.76913381,5.0867368,22.377836,113.83016,0.91688603,5.0895763,4.356865,22.174597,0.83717962,5.1569353,6.7769946,34.948523,0.86205562,4.6824104,12.316173,57.669379,0.74761701,5.5624446,10.366312,57.662035,0.71587575,5.1535327,9.9945465,51.507222,0.69029466,5.0387179,9.7877659,49.317791
0b_crop_best,file,18,baseline_crop,11332,193.Bewick_Wren/Bewick_Wren_0015_184981.jpg,193,192,193.Bewick_Wren,178,177,identity,identity,0,{},0.35906836,0.35906836,0,0.69832665,0.69832665,0.074956417,0.074956417,0.62337023,0.62337023,0,1,1,52.246229,52.246229,False,1.0000001,True,True,True,1,1,52.246229,52.246229,1,1,51.663582,51.663582,1,1,7.7809211,7.7809211,1,1,13.061681,13.061681,1,1,25.553558,25.553558,1,1,27.415247,27.415247,1,1,24.204163,24.204163,1,1,22.540998,22.540998
0b_crop_best,file,18,baseline_crop,11332,193.Bewick_Wren/Bewick_Wren_0015_184981.jpg,193,192,193.Bewick_Wren,178,177,random_resized_crop,random_resized_crop,0,"{""area_fraction"":0.635733,""aspect"":0.980041,""fallback"":false,""height"":0.805407,""left"":0.149305,""top"":0.092773,""width"":0.789332}",0.35906836,0.54623556,0.1871672,0.69832665,0.57912576,0.074956417,0.071556844,0.62337023,0.50756892,-0.11580131,0.77183747,1.5386856,52.246229,80.390519,False,0.9558301,True,True,True,0.77183747,1.5386856,52.246229,80.390519,0.76844526,1.5429017,51.663582,79.71183,0.95163413,1.3396867,7.7809211,10.423996,0.8514561,1.6767582,13.061681,21.901281,0.79625243,1.4906754,25.553558,38.09206,0.75703952,1.5638257,27.415247,42.872668,0.71383487,1.5483752,24.204163,37.477125,0.78582809,1.5243946,22.540998,34.361376
0b_crop_best,file,18,baseline_crop,5359,092.Nighthawk/Nighthawk_0068_82368.jpg,92,91,092.Nighthawk,194,193,identity,identity,0,{},0.0113164,0.0113164,0,0.98874742,0.98874742,0.0044706068,0.0044706068,0.98427681,0.98427681,0,1,1,1.8868837,1.8868837,False,1,True,True,True,1,1,1.8868837,1.8868837,1,1,1.8504759,1.8504759,1,1,0.36887525,0.36887525,1,1,0.33986902,0.33986902,1,1,0.8385819,0.8385819,1,1,1.0206415,1.0206415,1,1,0.90719952,0.90719952,1,1,0.86070349,0.86070349
0b_crop_best,file,18,baseline_crop,5359,092.Nighthawk/Nighthawk_0068_82368.jpg,92,91,092.Nighthawk,194,193,random_resized_crop,random_resized_crop,0,"{""area_fraction"":0.550048,""aspect"":1.238034,""fallback"":false,""height"":0.666552,""left"":0.096688,""top"":0.194588,""width"":0.825214}",0.0113164,0.52355266,0.51223626,0.98874742,0.59241217,0.0044706068,0.3403517,0.98427681,0.25206047,-0.73221634,0.53884886,51.186726,1.8868837,96.583397,False,0.86392945,True,True,True,0.53884886,51.186726,1.8868837,96.583397,0.52817047,51.161547,1.8504759,94.67321,0.80422343,51.816331,0.36887525,19.113762,0.52105628,47.797173,0.33986902,16.244778,0.61810636,44.823453,0.8385819,37.588136,0.43402325,52.803924,1.0206415,53.893874,0.53647148,53.556367,0.90719952,48.58631,0.58536404,52.232142,0.86070349,44.956386
0b_crop_best,file,18,baseline_crop,2598,046.Gadwall/Gadwall_0017_30979.jpg,46,45,046.Gadwall,52,51,identity,identity,0,{},0.065606192,0.065606192,0,0.9364996,0.9364996,0.0073306439,0.0073306439,0.92916895,0.92916895,0,1,1,10.115654,10.115654,False,0.99999994,True,True,True,1,1,10.115654,10.115654,1,1,9.9939124,9.9939124,1,1,1.564666,1.564666,1,1,2.808483,2.808483,1,1,4.3133376,4.3133376,1,1,5.3501719,5.3501719,1,1,4.5120606,4.5120606,1,1,4.9399187,4.9399187
0b_crop_best,file,18,baseline_crop,2598,046.Gadwall/Gadwall_0017_30979.jpg,46,45,046.Gadwall,52,51,random_resized_crop,random_resized_crop,0,"{""area_fraction"":0.737058,""aspect"":1.325009,""fallback"":false,""height"":0.745833,""left"":0.007832,""top"":0.039155,""width"":0.988235}",0.065606192,0.20530483,0.13969864,0.9364996,0.814399,0.0073306439,0.0057413983,0.92916895,0.80865761,-0.12051135,0.68093768,2.9094827,10.115654,29.431321,False,0.94660759,True,True,True,0.68093768,2.9094827,10.115654,29.431321,0.67452652,2.9067868,9.9939124,29.050172,0.93336709,3.0174153,1.564666,4.721247,0.78947388,3.2254963,2.808483,9.0587516,0.5721864,3.2911494,4.3133376,14.195839,0.66480934,2.7350395,5.3501719,14.632932,0.66167256,2.7863341,4.5120606,12.572108,0.75457312,2.7767148,4.9399187,13.716745
0b_crop_best,file,18,baseline_crop,388,008.Rhinoceros_Auklet/Rhinoceros_Auklet_0016_2114.jpg,8,7,008.Rhinoceros_Auklet,50,49,identity,identity,0,{},0.14628077,0.14628077,0,0.86391515,0.86391515,0.072506957,0.072506957,0.79140819,0.79140819,0,1,1,25.598755,25.598755,False,1,True,True,True,1,1,25.598755,25.598755,1,1,25.124318,25.124318,1,1,4.9056005,4.9056005,1,1,7.0501214,7.0501214,1,1,10.580527,10.580527,1,1,13.630189,13.630189,1,1,11.786261,11.786261,1,1,12.036676,12.036676
0b_crop_best,file,18,baseline_crop,388,008.Rhinoceros_Auklet/Rhinoceros_Auklet_0016_2114.jpg,8,7,008.Rhinoceros_Auklet,50,49,random_resized_crop,random_resized_crop,0,"{""area_fraction"":0.581922,""aspect"":1.243993,""fallback"":false,""height"":0.683949,""left"":0.040722,""top"":0.109411,""width"":0.850827}",0.14628077,0.63677001,0.49048924,0.86391515,0.52899832,0.072506957,0.0058998778,0.79140819,0.52309844,-0.26830975,0.55992527,3.9513966,25.598755,101.15083,False,0.90762573,True,True,True,0.55992527,3.9513966,25.598755,101.15083,0.55521952,3.9800138,25.124318,99.99513,0.73469225,3.1080408,4.9056005,15.246806,0.16373834,4.0275968,7.0501214,28.395046,0.48002791,3.7317338,10.580527,39.483712,0.6641132,4.0414235,13.630189,55.085366,0.56421204,4.1990349,11.786261,49.490921,0.59812107,3.8522654,12.036676,46.368471
0b_crop_best,file,18,baseline_crop,7936,136.Barn_Swallow/Barn_Swallow_0094_132154.jpg,136,135,136.Barn_Swallow,137,136,identity,identity,0,{},0.014497069,0.014497069,0,0.9856075,0.9856075,0.011783765,0.011783765,0.97382374,0.97382374,0,1,1,2.4060975,2.4060975,False,0.99999988,True,True,True,1,1,2.4060975,2.4060975,1,1,2.3384068,2.3384068,1,1,0.56670847,0.56670847,1,1,0.56856841,0.56856841,1,1,1.3086782,1.3086782,1,1,1.1684928,1.1684928,1,1,0.9655782,0.9655782,1,1,1.065139,1.065139
0b_crop_best,file,18,baseline_crop,7936,136.Barn_Swallow/Barn_Swallow_0094_132154.jpg,136,135,136.Barn_Swallow,137,136,random_resized_crop,random_resized_crop,0,"{""area_fraction"":0.779965,""aspect"":0.935105,""fallback"":false,""height"":0.913287,""left"":0.009509,""top"":0.026543,""width"":0.854019}",0.014497069,0.0064192764,-0.0080777924,0.9856075,0.99360126,0.011783765,0.0023785469,0.97382374,0.99122272,0.017398976,0.67701627,0.36970273,2.4060975,0.88954079,False,0.98054665,True,True,True,0.67701627,0.36970273,2.4060975,0.88954079,0.66325345,0.36796526,2.3384068,0.86045248,0.89557145,0.39812343,0.56670847,0.22561992,0.67545766,0.36183582,0.56856841,0.20572841,0.59691868,0.27837111,1.3086782,0.36429821,0.70474542,0.35741291,1.1684928,0.41763443,0.63450281,0.42064792,0.9655782,0.40616846,0.74692784,0.44627205,1.065139,0.47534174
0b_crop_best,file,18,baseline_crop,9947,169.Magnolia_Warbler/Magnolia_Warbler_0102_165884.jpg,169,168,169.Magnolia_Warbler,163,162,identity,identity,0,{},0.0065320311,0.0065320311,0,0.99348927,0.99348927,0.0033462618,0.0033462618,0.990143,0.990143,0,1,1,0.96501077,0.96501077,False,1,True,True,True,1,1,0.96501077,0.96501077,1,1,0.9444509,0.9444509,1,1,0.19813703,0.19813703,1,1,0.2068611,0.2068611,1,1,0.40636846,0.40636846,1,1,0.45075022,0.45075022,1,1,0.47723278,0.47723278,1,1,0.50312401,0.50312401
0b_crop_best,file,18,baseline_crop,9947,169.Magnolia_Warbler/Magnolia_Warbler_0102_165884.jpg,169,168,169.Magnolia_Warbler,163,162,random_resized_crop,random_resized_crop,0,"{""area_fraction"":0.668119,""aspect"":0.888958,""fallback"":false,""height"":0.866935,""left"":0.156795,""top"":0.007974,""width"":0.770669}",0.0065320311,0.0073318458,0.0007998147,0.99348927,0.99269497,0.0033462618,0.0042766021,0.990143,0.98841837,-0.0017246318,0.81506273,1.2712803,0.96501077,1.2267992,False,0.98183,True,True,True,0.81506273,1.2712803,0.96501077,1.2267992,0.80844892,1.2748894,0.9444509,1.2040704,0.97858418,1.1863236,0.19813703,0.23505464,0.74550149,1.4232187,0.2068611,0.2944086,0.79124313,1.2947046,0.40636846,0.5261271,0.82043893,1.3457112,0.45075022,0.60657963,0.80080948,1.2586721,0.47723278,0.60067961,0.83399191,1.1884751,0.50312401,0.59795034
0b_crop_best,file,18,baseline_crop,5267,091.Mockingbird/Mockingbird_0096_79878.jpg,91,90,091.Mockingbird,102,101,identity,identity,0,{},0.61436164,0.61436164,0,0.54098612,0.54098612,0.061300527,0.061300527,0.47968559,0.47968559,0,1,1,71.186523,71.186523,False,1,True,True,True,1,1,71.186523,71.186523,1,1,70.084082,70.084082,1,1,12.479688,12.479688,1,1,17.304933,17.304933,1,1,30.380996,30.380996,1,1,39.478849,39.478849,1,1,33.03867,33.03867,1,1,32.236308,32.236308
0b_crop_best,file,18,baseline_crop,5267,091.Mockingbird/Mockingbird_0096_79878.jpg,91,90,091.Mockingbird,102,101,random_resized_crop,random_resized_crop,0,"{""area_fraction"":0.817071,""aspect"":0.980977,""fallback"":false,""height"":0.912642,""left"":0.067384,""top"":0.067646,""width"":0.895281}",0.61436164,0.95377076,0.33940911,0.54098612,0.38528547,0.061300527,0.04000276,0.47968559,0.34528271,-0.13440289,0.78152578,1.3220185,71.186523,94.109903,False,0.97243816,True,True,True,0.78152578,1.3220185,71.186523,94.109903,0.77612042,1.3246754,70.084082,92.83866,0.96618607,1.2352975,12.479688,15.416127,0.89017023,1.1885633,17.304933,20.568008,0.77854018,1.4266238,30.380996,43.342253,0.76543787,1.2605734,39.478849,49.765986,0.75037086,1.3320588,33.03867,44.009453,0.79121476,1.3535711,32.236308,43.634134
0b_crop_best,file,18,baseline_crop,9223,157.Yellow_throated_Vireo/Yellow_Throated_Vireo_0070_159602.jpg,157,156,157.Yellow_throated_Vireo,177,176,identity,identity,0,{},0.46480373,0.46480373,0,0.62825841,0.62825841,0.16044316,0.16044316,0.46781525,0.46781525,0,1,1,63.32635,63.32635,False,0.99999994,True,True,True,1,1,63.32635,63.32635,1,1,62.588834,62.588834,1,1,9.6366259,9.6366259,1,1,14.748242,14.748242,1,1,30.547276,30.547276,1,1,35.567418,35.567418,1,1,30.03333,30.03333,1,1,24.488227,24.488227
0b_crop_best,file,18,baseline_crop,9223,157.Yellow_throated_Vireo/Yellow_Throated_Vireo_0070_159602.jpg,157,156,157.Yellow_throated_Vireo,177,176,random_resized_crop,random_resized_crop,0,"{""area_fraction"":0.763465,""aspect"":1.242127,""fallback"":false,""height"":0.783992,""left"":0.003756,""top"":0.088913,""width"":0.973818}",0.46480373,0.46675566,0.0019519329,0.62825841,0.62703329,0.16044316,0.16261525,0.46781525,0.46441804,-0.0033972114,0.77973079,1.073117,63.32635,67.956585,False,0.96529323,True,True,True,0.77973079,1.073117,63.32635,67.956585,0.77581249,1.075097,62.588834,67.289067,0.96281678,0.98597994,9.6366259,9.5015198,0.66778893,1.0736991,14.748242,15.835174,0.71493011,0.95512456,30.547276,29.176454,0.8174898,1.1588246,35.567418,41.216401,0.78303236,1.0657983,30.03333,32.009471,0.80591555,1.0822701,24.488227,26.502875
0b_crop_best,file,18,baseline_crop,10306,175.Pine_Warbler/Pine_Warbler_0041_171477.jpg,175,174,175.Pine_Warbler,157,156,identity,identity,0,{},0.27954155,0.27954155,0,0.75613034,0.75613034,0.030789483,0.030789483,0.72534085,0.72534085,0,1,1,44.567779,44.567779,False,1,True,True,True,1,1,44.567779,44.567779,1,1,44.136399,44.136399,1,1,6.1858863,6.1858863,1,1,10.25439,10.25439,1,1,18.292325,18.292325,1,1,24.92805,24.92805,1,1,22.105787,22.105787,1,1,19.954612,19.954612
0b_crop_best,file,18,baseline_crop,10306,175.Pine_Warbler/Pine_Warbler_0041_171477.jpg,175,174,175.Pine_Warbler,157,156,random_resized_crop,random_resized_crop,0,"{""area_fraction"":0.510528,""aspect"":1.298555,""fallback"":false,""height"":0.627017,""left"":0.177887,""top"":0.324121,""width"":0.814216}",0.27954155,0.64748448,0.36794293,0.75613034,0.52336061,0.030789483,0.084870905,0.72534085,0.43848971,-0.28685115,0.58579307,3.5816521,44.567779,159.62628,False,0.88282794,True,True,True,0.58579307,3.5816521,44.567779,159.62628,0.58285819,3.5882163,44.136399,158.37095,0.75496654,3.2298999,6.1858863,19.979793,0.69558167,3.2612895,10.25439,33.442535,0.54266078,4.0991662,18.292325,74.983282,0.57576626,3.4942749,24.92805,87.10546,0.60570999,3.5292966,22.105787,78.017881,0.58427952,3.4232888,19.954612,68.310402
0b_crop_best,file,18,baseline_crop,4853,084.Red_legged_Kittiwake/Red_Legged_Kittiwake_0001_795394.jpg,84,83,084.Red_legged_Kittiwake,45,44,identity,identity,0,{},0.071521632,0.071521632,0,0.93097615,0.93097615,0.026606997,0.026606997,0.90436915,0.90436915,0,1,1,10.879051,10.879051,False,0.99999994,True,True,True,1,1,10.879051,10.879051,1,1,10.669031,10.669031,1,1,2.1273291,2.1273291,1,1,1.5984591,1.5984591,1,1,4.5001286,4.5001286,1,1,5.6509062,5.6509062,1,1,5.1616348,5.1616348,1,1,5.6962079,5.6962079
0b_crop_best,file,18,baseline_crop,4853,084.Red_legged_Kittiwake/Red_Legged_Kittiwake_0001_795394.jpg,84,83,084.Red_legged_Kittiwake,45,44,random_resized_crop,random_resized_crop,0,"{""area_fraction"":0.584087,""aspect"":1.199537,""fallback"":false,""height"":0.697802,""left"":0.144844,""top"":0.123093,""width"":0.837039}",0.071521632,0.057606909,-0.013914723,0.93097615,0.94402099,0.026606997,0.03491389,0.90436915,0.9091071,0.0047379415,0.69402343,0.89457068,10.879051,9.7320803,False,0.95469868,True,True,True,0.69402343,0.89457068,10.879051,9.7320803,0.68380464,0.89078085,10.669031,9.5037687,0.92980955,0.98511062,2.1273291,2.0956545,0.38139573,1.3305633,1.5984591,2.1268511,0.61724926,0.93401262,4.5001286,4.2031769,0.67779158,0.82908063,5.6509062,4.6850568,0.70371539,0.9081269,5.1616348,4.6874194,0.76327888,0.86379263,5.6962079,4.9203424
0b_crop_best,file,18,baseline_crop,10599,180.Wilson_Warbler/Wilson_Warbler_0076_175780.jpg,180,179,180.Wilson_Warbler,182,181,identity,identity,0,{},0.0057004034,0.0057004034,0,0.9943158,0.9943158,0.0049692513,0.0049692513,0.98934655,0.98934655,0,1,1,0.9268124,0.9268124,False,1,True,True,True,1,1,0.9268124,0.9268124,1,1,0.89909732,0.89909732,1,1,0.22495608,0.22495608,1,1,0.17371112,0.17371112,1,1,0.3378252,0.3378252,1,1,0.4565262,0.4565262,1,1,0.47024278,0.47024278,1,1,0.4842831,0.4842831
0b_crop_best,file,18,baseline_crop,10599,180.Wilson_Warbler/Wilson_Warbler_0076_175780.jpg,180,179,180.Wilson_Warbler,182,181,random_resized_crop,random_resized_crop,0,"{""area_fraction"":0.658415,""aspect"":0.859835,""fallback"":false,""height"":0.875069,""left"":0.148905,""top"":0.065072,""width"":0.752415}",0.0057004034,0.002442712,-0.0032576914,0.9943158,0.99756026,0.0049692513,0.00093476824,0.98934655,0.99662549,0.0072789427,0.5755592,0.34636301,0.9268124,0.32101353,False,0.97176594,True,True,True,0.5755592,0.34636301,0.9268124,0.32101353,0.55408716,0.34538391,0.89909732,0.31053375,0.9037067,0.36164416,0.22495608,0.081354054,0.20944069,0.46712561,0.17371112,0.081144913,0.4253149,0.38489494,0.3378252,0.13002721,0.45669354,0.30429377,0.4565262,0.13891808,0.58351749,0.31153595,0.47024278,0.14649753,0.73560043,0.37041867,0.4842831,0.1793875
0b_crop_best,file,18,baseline_crop,912,017.Cardinal/Cardinal_0051_17223.jpg,17,16,017.Cardinal,42,41,identity,identity,0,{},0.30524957,0.30524957,0,0.73693943,0.73693943,0.1525972,0.1525972,0.58434223,0.58434223,0,1,1,47.557282,47.557282,False,1,True,True,True,1,1,47.557282,47.557282,1,1,46.671929,46.671929,1,1,9.1337891,9.1337891,1,1,13.095093,13.095093,1,1,16.513666,16.513666,1,1,20.758011,20.758011,1,1,26.927721,26.927721,1,1,24.043485,24.043485
0b_crop_best,file,18,baseline_crop,912,017.Cardinal/Cardinal_0051_17223.jpg,17,16,017.Cardinal,42,41,random_resized_crop,random_resized_crop,0,"{""area_fraction"":0.861522,""aspect"":0.868313,""fallback"":false,""height"":0.996082,""left"":0.104911,""top"":0.002515,""width"":0.864911}",0.30524957,0.36511871,0.05986914,0.73693943,0.69411427,0.1525972,0.16992494,0.58434223,0.52418932,-0.060152903,0.76211871,1.1237372,47.557282,53.441888,False,0.97608548,True,True,True,0.76211871,1.1237372,47.557282,53.441888,0.75337388,1.120227,46.671929,52.283153,0.975454,1.2117973,9.1337891,11.068301,0.55762224,0.92347822,13.095093,12.093033,0.64926043,1.1262413,16.513666,18.598373,0.72200527,1.206731,20.758011,25.049336,0.80840251,1.1235538,26.927721,30.254744,0.81295464,1.0992768,24.043485,26.430445
0b_crop_best,file,18,baseline_crop,9503,162.Canada_Warbler/Canada_Warbler_0076_162393.jpg,162,161,162.Canada_Warbler,168,167,identity,identity,0,{},0.0014773417,0.0014773417,0,0.99852377,0.99852377,0.00040591555,0.00040591555,0.99811786,0.99811786,0,1,1,0.26340218,0.26340218,False,1,True,True,True,1,1,0.26340218,0.26340218,1,1,0.25833148,0.25833148,1,1,0.051434934,0.051434934,1,1,0.039341485,0.039341485,1,1,0.10085929,0.10085929,1,1,0.14856527,0.14856527,1,1,0.13055342,0.13055342,1,1,0.12609113,0.12609113
0b_crop_best,file,18,baseline_crop,9503,162.Canada_Warbler/Canada_Warbler_0076_162393.jpg,162,161,162.Canada_Warbler,168,167,random_resized_crop,random_resized_crop,0,"{""area_fraction"":0.602086,""aspect"":0.815303,""fallback"":false,""height"":0.859349,""left"":0.045366,""top"":0.139187,""width"":0.70063}",0.0014773417,0.038108662,0.03663132,0.99852377,0.96260834,0.00040591555,0.011675798,0.99811786,0.95093254,-0.047185317,0.70699605,23.577098,0.26340218,6.2102591,False,0.95058566,True,True,True,0.70699605,23.577098,0.26340218,6.2102591,0.69798153,23.554644,0.25833148,6.084906,0.92911052,24.136618,0.051434934,1.2414653,0.5460165,30.732214,0.039341485,1.2090509,0.71336371,27.61035,0.10085929,2.7847604,0.73399983,23.62439,0.14856527,3.5097637,0.64789932,21.173116,0.13055342,2.7642227,0.71981792,22.220345,0.12609113,2.8017884
0b_crop_best,file,18,baseline_crop,8233,141.Artic_Tern/Artic_Tern_0012_143410.jpg,141,140,141.Artic_Tern,146,145,identity,identity,0,{},4.0210681,4.0210681,0,0.017933799,0.017933799,0.71016854,0.71016854,-0.69223474,-0.69223474,0,1,1,173.52004,173.52004,False,1,True,False,False,1,1,173.52004,173.52004,1,1,169.68795,169.68795,1,1,36.265705,36.265705,1,1,36.203171,36.203171,1,1,57.964213,57.964213,1,1,87.888148,87.888148,1,1,92.869483,92.869483,1,1,88.172639,88.172639
0b_crop_best,file,18,baseline_crop,8233,141.Artic_Tern/Artic_Tern_0012_143410.jpg,141,140,141.Artic_Tern,146,145,random_resized_crop,random_resized_crop,0,"{""area_fraction"":0.649806,""aspect"":1.287725,""fallback"":false,""height"":0.710363,""left"":0.050824,""top"":0.156729,""width"":0.914752}",4.0210681,2.8762817,-1.1447864,0.017933799,0.056343872,0.71016854,0.25087348,-0.69223474,-0.1945296,0.49770514,0.40622099,0.8286296,173.52004,143.78384,False,0.92849123,False,False,False,0.40622099,0.8286296,173.52004,143.78384,0.38479212,0.81893974,169.68795,138.96421,0.79278573,1.0179127,36.265705,36.91532,-0.18444247,0.91003497,36.203171,32.946152,0.40865553,0.94202474,57.964213,54.603722,0.369829,0.81334177,87.888148,71.483102,0.36935258,0.76263984,92.869483,70.825968,0.51480337,0.81135587,88.172639,71.539388
0b_crop_best,file,18,baseline_crop,444,009.Brewer_Blackbird/Brewer_Blackbird_0078_2659.jpg,9,8,009.Brewer_Blackbird,27,26,identity,identity,0,{},0.15708034,0.15708034,0,0.85463542,0.85463542,0.032443207,0.032443207,0.82219221,0.82219221,0,1,1,20.26955,20.26955,False,1,True,True,True,1,1,20.26955,20.26955,1,1,19.847357,19.847357,1,1,4.1154681,4.1154681,1,1,4.8212375,4.8212375,1,1,10.632052,10.632052,1,1,9.4643952,9.4643952,1,1,8.7608502,8.7608502,1,1,9.5553895,9.5553895
0b_crop_best,file,18,baseline_crop,444,009.Brewer_Blackbird/Brewer_Blackbird_0078_2659.jpg,9,8,009.Brewer_Blackbird,27,26,random_resized_crop,random_resized_crop,0,"{""area_fraction"":0.582276,""aspect"":0.935658,""fallback"":false,""height"":0.788871,""left"":0.016007,""top"":0.198078,""width"":0.738113}",0.15708034,1.0973647,0.94028433,0.85463542,0.33374944,0.032443207,0.069982663,0.82219221,0.26376678,-0.55842543,0.65744148,5.3774238,20.26955,108.99796,False,0.90950358,False,True,False,0.65744148,5.3774238,20.26955,108.99796,0.64859888,5.3689093,19.847357,106.55866,0.85604482,5.5717838,4.1154681,22.930499,0.72183468,5.8550048,4.8212375,28.228369,0.7503216,4.9793623,10.632052,52.940836,0.59146685,5.5322056,9.4643952,52.35898,0.56044327,5.479701,8.7608502,48.00684,0.64813063,5.4470401,9.5553895,52.04859
0b_crop_best,file,18,baseline_crop,2198,039.Least_Flycatcher/Least_Flycatcher_0019_30358.jpg,39,38,039.Least_Flycatcher,151,150,identity,identity,0,{},4.0344095,4.0344095,0,0.017696131,0.017696131,0.53709501,0.53709501,-0.51939888,-0.51939888,0,1,1,235.13054,235.13054,False,1,True,False,False,1,1,235.13054,235.13054,1,1,231.7093,231.7093,1,1,39.964599,39.964599,1,1,58.056633,58.056633,1,1,113.24703,113.24703,1,1,123.15052,123.15052,1,1,110.32541,110.32541,1,1,100.77695,100.77695
0b_crop_best,file,18,baseline_crop,2198,039.Least_Flycatcher/Least_Flycatcher_0019_30358.jpg,39,38,039.Least_Flycatcher,151,150,random_resized_crop,random_resized_crop,0,"{""area_fraction"":0.577546,""aspect"":0.87989,""fallback"":false,""height"":0.810176,""left"":0.168768,""top"":0.096368,""width"":0.712865}",4.0344095,7.3753438,3.3409343,0.017696131,0.00062651129,0.53709501,0.9228999,-0.51939888,-0.92227339,-0.40287451,0.68141253,1.4539964,235.13054,341.87895,False,0.94960338,True,False,False,0.68141253,1.4539964,235.13054,341.87895,0.67388907,1.4506652,231.7093,336.13263,0.91811339,1.561846,39.964599,62.418548,0.58063458,1.7474515,58.056633,101.45115,0.58972156,1.4250066,113.24703,161.37776,0.7056295,1.3732658,123.15052,169.1184,0.69026156,1.385796,110.32541,152.88851,0.75485488,1.5586888,100.77695,157.0799
0b_crop_best,file,18,baseline_crop,10347,176.Prairie_Warbler/Prairie_Warbler_0053_173290.jpg,176,175,176.Prairie_Warbler,167,166,identity,identity,0,{},0.0027513765,0.0027513765,0,0.9972524,0.9972524,0.00061425165,0.00061425165,0.99663815,0.99663815,0,1,1,0.39223196,0.39223196,False,1,True,True,True,1,1,0.39223196,0.39223196,1,1,0.38346656,0.38346656,1,1,0.082457934,0.082457934,1,1,0.059488161,0.059488161,1,1,0.12676584,0.12676584,1,1,0.18656592,0.18656592,1,1,0.19746978,0.19746978,1,1,0.23159669,0.23159669
0b_crop_best,file,18,baseline_crop,10347,176.Prairie_Warbler/Prairie_Warbler_0053_173290.jpg,176,175,176.Prairie_Warbler,167,166,random_resized_crop,random_resized_crop,0,"{""area_fraction"":0.779037,""aspect"":0.84804,""fallback"":false,""height"":0.958453,""left"":0.186388,""top"":0.028726,""width"":0.812806}",0.0027513765,0.013883682,0.011132305,0.9972524,0.98621225,0.00061425165,0.0036236562,0.99663815,0.9825886,-0.014049556,0.81502695,5.4002976,0.39223196,2.1181693,False,0.98546374,True,True,True,0.81502695,5.4002976,0.39223196,2.1181693,0.80829252,5.4243909,0.38346656,2.0800725,0.9828239,4.8500426,0.082457934,0.39992449,0.79517237,7.2164869,0.059488161,0.42929554,0.76976927,5.9406411,0.12676584,0.75307035,0.76084107,5.7924153,0.18656592,1.0806673,0.79259399,5.4706468,0.19746978,1.0802874,0.88569527,4.8089877,0.23159669,1.1137456
0b_crop_best,file,18,baseline_crop,5285,091.Mockingbird/Mockingbird_0056_81986.jpg,91,90,091.Mockingbird,76,75,identity,identity,0,{},0.50484544,0.50484544,0,0.60359883,0.60359883,0.32130012,0.32130012,0.28229871,0.28229871,0,1,1,86.103252,86.103252,False,1,True,True,True,1,1,86.103252,86.103252,1,1,84.442256,84.442256,1,1,16.83079,16.83079,1,1,27.239811,27.239811,1,1,35.988166,35.988166,1,1,38.719471,38.719471,1,1,42.025518,42.025518,1,1,42.755087,42.755087
0b_crop_best,file,18,baseline_crop,5285,091.Mockingbird/Mockingbird_0056_81986.jpg,91,90,091.Mockingbird,76,75,random_resized_crop,random_resized_crop,0,"{""area_fraction"":0.701249,""aspect"":0.880164,""fallback"":false,""height"":0.892594,""left"":0.010075,""top"":0.023105,""width"":0.78563}",0.50484544,0.34704921,-0.15779623,0.60359883,0.70677054,0.32130012,0.063432142,0.28229871,0.6433384,0.36103968,0.63116143,0.72543858,86.103252,62.462621,False,0.93052202,True,True,True,0.63116143,0.72543858,86.103252,62.462621,0.6253558,0.72978044,84.442256,61.624306,0.8177365,0.60598524,16.83079,10.199211,0.66053401,0.69449991,27.239811,18.918046,0.62035751,0.75820554,35.988166,27.286427,0.51739083,0.77970428,38.719471,30.189737,0.66152022,0.73857611,42.025518,31.039044,0.68343913,0.66987058,42.755087,28.640375
0b_crop_best,file,18,baseline_crop,361,007.Parakeet_Auklet/Parakeet_Auklet_0025_795975.jpg,7,6,007.Parakeet_Auklet,6,5,identity,identity,0,{},0.00045968455,0.00045968455,0,0.99954045,0.99954045,0.00026371275,0.00026371275,0.99927674,0.99927674,0,1,1,0.06949651,0.06949651,False,1,True,True,True,1,1,0.06949651,0.06949651,1,1,0.067474831,0.067474831,1,1,0.016640673,0.016640673,1,1,0.015370812,0.015370812,1,1,0.028556413,0.028556413,1,1,0.034602676,0.034602676,1,1,0.030960388,0.030960388,1,1,0.036677398,0.036677398
0b_crop_best,file,18,baseline_crop,361,007.Parakeet_Auklet/Parakeet_Auklet_0025_795975.jpg,7,6,007.Parakeet_Auklet,6,5,random_resized_crop,random_resized_crop,0,"{""area_fraction"":0.525366,""aspect"":0.987776,""fallback"":false,""height"":0.729292,""left"":0.073744,""top"":0.136048,""width"":0.720377}",0.00045968455,0.0027098861,0.0022502015,0.99954045,0.99729377,0.00026371275,0.0025113698,0.99927674,0.9947824,-0.0044943349,0.63793842,8.7412117,0.06949651,0.60748371,False,0.96347398,True,True,True,0.63793842,8.7412117,0.06949651,0.60748371,0.62226363,8.7935159,0.067474831,0.593341,0.93138716,7.8313237,0.016640673,0.1303185,0.36426504,8.2815984,0.015370812,0.12729489,0.56917481,9.7536838,0.028556413,0.27853022,0.69221983,9.821602,0.034602676,0.33985371,0.60227919,8.4275154,0.030960388,0.26091915,0.66512954,7.4513674,0.036677398,0.27329677
0b_crop_best,file,18,baseline_crop,8848,151.Black_capped_Vireo/Black_Capped_Vireo_0012_797473.jpg,151,150,151.Black_capped_Vireo,6,5,identity,identity,0,{},0.013166039,0.013166039,0,0.98692024,0.98692024,0.0059955548,0.0059955548,0.98092468,0.98092468,0,1,1,2.7427952,2.7427952,False,1,True,True,True,1,1,2.7427952,2.7427952,1,1,2.6917532,2.6917532,1,1,0.52667893,0.52667893,1,1,0.62821747,0.62821747,1,1,1.2062154,1.2062154,1,1,1.5673584,1.5673584,1,1,1.2527543,1.2527543,1,1,1.1704344,1.1704344
0b_crop_best,file,18,baseline_crop,8848,151.Black_capped_Vireo/Black_Capped_Vireo_0012_797473.jpg,151,150,151.Black_capped_Vireo,6,5,random_resized_crop,random_resized_crop,0,"{""area_fraction"":0.653357,""aspect"":1.09296,""fallback"":false,""height"":0.773167,""left"":0.125057,""top"":0.204798,""width"":0.845041}",0.013166039,0.44273135,0.42956531,0.98692024,0.64227974,0.0059955548,0.14268038,0.98092468,0.49959937,-0.48132532,0.74092865,29.669661,2.7427952,81.377804,False,0.94317091,True,True,True,0.74092865,29.669661,2.7427952,81.377804,0.73560825,29.831039,2.6917532,80.297793,0.91694227,25.089412,0.52667893,13.214065,0.25073846,25.147659,0.62821747,15.798199,0.80655117,34.702851,1.2062154,41.859114,0.78829652,28.836,1.5673584,45.196346,0.70736248,28.414011,1.2527543,35.595774,0.71980983,28.799169,1.1704344,33.707538
0b_crop_best,file,18,baseline_crop,2931,051.Horned_Grebe/Horned_Grebe_0033_34736.jpg,51,50,051.Horned_Grebe,50,49,identity,identity,0,{},2.7065217,2.7065217,0,0.066768639,0.066768639,0.68774676,0.68774676,-0.62097812,-0.62097812,0,1,1,215.06288,215.06288,False,1,True,False,False,1,1,215.06288,215.06288,1,1,212.36182,212.36182,1,1,33.977947,33.977947,1,1,56.148566,56.148566,1,1,95.529743,95.529743,1,1,126.05157,126.05157,1,1,101.39306,101.39306,1,1,81.543851,81.543851
0b_crop_best,file,18,baseline_crop,2931,051.Horned_Grebe/Horned_Grebe_0033_34736.jpg,51,50,051.Horned_Grebe,50,49,random_resized_crop,random_resized_crop,0,"{""area_fraction"":0.684846,""aspect"":1.24809,""fallback"":false,""height"":0.740753,""left"":0.073038,""top"":0.224356,""width"":0.924527}",2.7065217,1.6554155,-1.0511062,0.066768639,0.19101267,0.68774676,0.54827625,-0.62097812,-0.35726358,0.26371454,0.78575271,0.76864218,215.06288,165.3064,False,0.97057003,True,False,False,0.78575271,0.76864218,215.06288,165.3064,0.78053538,0.76518226,212.36182,162.4955,0.96947907,0.8933707,33.977947,30.354902,0.8140733,0.84696757,56.148566,47.556014,0.72017936,0.68264064,95.529743,65.212485,0.8072724,0.76230668,126.05157,96.089956,0.77231125,0.7646251,101.39306,77.527676,0.79614589,0.83595375,81.543851,68.166888
0b_crop_best,file,18,baseline_crop,2071,037.Acadian_Flycatcher/Acadian_Flycatcher_0054_29113.jpg,37,36,037.Acadian_Flycatcher,43,42,identity,identity,0,{},4.3227682,4.3227682,0,0.013263115,0.013263115,0.66585034,0.66585034,-0.65258723,-0.65258723,0,1,1,134.12275,134.12275,False,0.99999994,True,False,False,1,1,134.12275,134.12275,1,1,129.84786,129.84786,1,1,33.59233,33.59233,1,1,31.590977,31.590977,1,1,53.435875,53.435875,1,1,65.525933,65.525933,1,1,67.00692,67.00692,1,1,64.988534,64.988534
0b_crop_best,file,18,baseline_crop,2071,037.Acadian_Flycatcher/Acadian_Flycatcher_0054_29113.jpg,37,36,037.Acadian_Flycatcher,43,42,random_resized_crop,random_resized_crop,0,"{""area_fraction"":0.538229,""aspect"":0.778934,""fallback"":false,""height"":0.831253,""left"":0.276755,""top"":0.029652,""width"":0.647491}",4.3227682,5.5478201,1.2250519,0.013263115,0.0038959398,0.66585034,0.96554416,-0.65258723,-0.96164822,-0.309061,0.71851278,1.4214809,134.12275,190.65293,False,0.93578398,True,False,False,0.71851278,1.4214809,134.12275,190.65293,0.70997059,1.4390729,129.84786,186.86054,0.90215526,1.126374,33.59233,37.837527,0.72822402,1.2955452,31.590977,40.92754,0.76071819,1.8169731,53.435875,97.091547,0.70283023,1.4798417,65.525933,96.968008,0.6994583,1.3252153,67.00692,88.798596,0.70669525,1.2431442,64.988534,80.790118
0b_crop_best,file,18,baseline_crop,662,013.Bobolink/Bobolink_0104_10273.jpg,13,12,013.Bobolink,108,107,identity,identity,0,{},8.2966224e-05,8.2966224e-05,0,0.99991703,0.99991703,1.6126778e-05,1.6126778e-05,0.9999009,0.9999009,0,1,1,0.013158096,0.013158096,False,1,True,True,True,1,1,0.013158096,0.013158096,1,1,0.012818378,0.012818378,1,1,0.0029706382,0.0029706382,1,1,0.0027293253,0.0027293253,1,1,0.005112168,0.005112168,1,1,0.006337773,0.006337773,1,1,0.0062360333,0.0062360333,1,1,0.0071883136,0.0071883136
0b_crop_best,file,18,baseline_crop,662,013.Bobolink/Bobolink_0104_10273.jpg,13,12,013.Bobolink,108,107,random_resized_crop,random_resized_crop,0,"{""area_fraction"":0.834053,""aspect"":0.847023,""fallback"":false,""height"":0.992314,""left"":0.141082,""top"":0.006746,""width"":0.840513}",8.2966224e-05,0.00026830411,0.00018533789,0.99991703,0.99973172,1.6126778e-05,2.5144625e-05,0.9999009,0.99970657,-0.00019432869,0.76038787,3.3603549,0.013158096,0.044215874,False,0.9875747,True,True,True,0.76038787,3.3603549,0.013158096,0.044215874,0.75029525,3.3806055,0.012818378,0.043333878,0.9816295,2.9580871,0.0029706382,0.0087874066,0.80684566,4.3485683,0.0027293253,0.011868658,0.6837903,3.5897256,0.005112168,0.01835128,0.70512756,3.3976524,0.006337773,0.02153355,0.73180695,3.2416885,0.0062360333,0.020215277,0.83557123,3.1961255,0.0071883136,0.022974752
0b_crop_best,file,18,baseline_crop,3271,057.Rose_breasted_Grosbeak/Rose_Breasted_Grosbeak_0012_39149.jpg,57,56,057.Rose_breasted_Grosbeak,192,191,identity,identity,0,{},0.019583099,0.019583099,0,0.98060739,0.98060739,0.0037011565,0.0037011565,0.97690623,0.97690623,0,1,1,2.7762612,2.7762612,False,0.99999988,True,True,True,1,1,2.7762612,2.7762612,1,1,2.7364009,2.7364009,1,1,0.46876092,0.46876092,1,1,0.62664647,0.62664647,1,1,0.97663478,0.97663478,1,1,1.1759396,1.1759396,1,1,1.4647351,1.4647351,1,1,1.6165102,1.6165102
0b_crop_best,file,18,baseline_crop,3271,057.Rose_breasted_Grosbeak/Rose_Breasted_Grosbeak_0012_39149.jpg,57,56,057.Rose_breasted_Grosbeak,192,191,random_resized_crop,random_resized_crop,0,"{""area_fraction"":0.772684,""aspect"":0.814334,""fallback"":false,""height"":0.974092,""left"":0.038485,""top"":0.018829,""width"":0.793236}",0.019583099,0.0036066028,-0.015976496,0.98060739,0.99639988,0.0037011565,0.00032223033,0.97690623,0.99607765,0.019171415,0.78724521,0.1927388,2.7762612,0.53509327,False,0.97761083,True,True,True,0.78724521,0.1927388,2.7762612,0.53509327,0.78179978,0.19246226,2.7364009,0.5266539,0.96498322,0.20193616,0.46876092,0.09465978,0.61489723,0.15152053,0.62664647,0.094949807,0.69726845,0.18640043,0.97663478,0.18204515,0.70135618,0.19731307,1.1759396,0.23202826,0.78566058,0.19104125,1.4647351,0.27982484,0.87238183,0.19860326,1.6165102,0.32104421
0b_crop_best,file,18,baseline_crop,11283,192.Downy_Woodpecker/Downy_Woodpecker_0041_184528.jpg,192,191,192.Downy_Woodpecker,187,186,identity,identity,0,{},0.00027128356,0.00027128356,0,0.99972874,0.99972874,2.6396285e-05,2.6396285e-05,0.99970234,0.99970234,0,1,1,0.04392347,0.04392347,False,1,True,True,True,1,1,0.04392347,0.04392347,1,1,0.043151133,0.043151133,1,1,0.0082006683,0.0082006683,1,1,0.011834726,0.011834726,1,1,0.015913252,0.015913252,1,1,0.02138909,0.02138909,1,1,0.019103754,0.019103754,1,1,0.025422064,0.025422064
0b_crop_best,file,18,baseline_crop,11283,192.Downy_Woodpecker/Downy_Woodpecker_0041_184528.jpg,192,191,192.Downy_Woodpecker,187,186,random_resized_crop,random_resized_crop,0,"{""area_fraction"":0.882293,""aspect"":1.101069,""fallback"":false,""height"":0.895157,""left"":0.012921,""top"":0.009798,""width"":0.98563}",0.00027128356,0.00029666792,2.5384361e-05,0.99972874,0.99970335,2.6396285e-05,4.0570871e-05,0.99970234,0.99966278,-3.9566165e-05,0.82586834,1.0689659,0.04392347,0.046952689,False,0.98920631,True,True,True,0.82586834,1.0689659,0.04392347,0.046952689,0.81991285,1.0679436,0.043151133,0.046082977,0.98669509,1.0968908,0.0082006683,0.0089952377,0.73559595,1.2436177,0.011834726,0.014717875,0.79126915,1.0983467,0.015913252,0.017478268,0.80203277,1.0239397,0.02138909,0.021901138,0.78484861,1.0812651,0.019103754,0.020656222,0.89035254,1.0371528,0.025422064,0.026366564
0b_crop_best,file,18,baseline_crop,9371,160.Black_throated_Blue_Warbler/Black_Throated_Blue_Warbler_0133_161539.jpg,160,159,160.Black_throated_Blue_Warbler,37,36,identity,identity,0,{},1.9786718,1.9786718,0,0.13825274,0.13825274,0.23101109,0.23101109,-0.092758358,-0.092758358,0,1,1,173.15061,173.15061,False,1,True,False,False,1,1,173.15061,173.15061,1,1,170.99601,170.99601,1,1,27.230481,27.230481,1,1,50.533436,50.533436,1,1,78.871918,78.871918,1,1,99.675136,99.675136,1,1,77.169062,77.169062,1,1,67.638982,67.638982
0b_crop_best,file,18,baseline_crop,9371,160.Black_throated_Blue_Warbler/Black_Throated_Blue_Warbler_0133_161539.jpg,160,159,160.Black_throated_Blue_Warbler,37,36,random_resized_crop,random_resized_crop,0,"{""area_fraction"":0.660576,""aspect"":1.035726,""fallback"":false,""height"":0.798618,""left"":0.006191,""top"":0.166462,""width"":0.827149}",1.9786718,3.5740104,1.5953386,0.13825274,0.028043166,0.23101109,0.31607273,-0.092758358,-0.28802957,-0.19527121,0.79940111,1.1688836,173.15061,202.39292,False,0.93503332,True,False,False,0.79940111,1.1688836,173.15061,202.39292,0.79598843,1.1674628,170.99601,199.63149,0.92865904,1.2235955,27.230481,33.319094,0.86082866,1.2800547,50.533436,64.685562,0.79340676,1.2004195,78.871918,94.67939,0.84031527,1.1613583,99.675136,115.75855,0.73801917,1.0866605,77.169062,83.856572,0.73956407,1.170896,67.638982,79.198214
0b_crop_best,file,18,baseline_crop,511,010.Red_winged_Blackbird/Red_Winged_Blackbird_0012_6015.jpg,10,9,010.Red_winged_Blackbird,109,108,identity,identity,0,{},0.020687405,0.020687405,0,0.97952509,0.97952509,0.0048726839,0.0048726839,0.97465241,0.97465241,0,1,1,3.0765429,3.0765429,False,1,True,True,True,1,1,3.0765429,3.0765429,1,1,3.0306736,3.0306736,1,1,0.52927623,0.52927623,1,1,0.84171587,0.84171587,1,1,1.2340435,1.2340435,1,1,1.5588702,1.5588702,1,1,1.3807347,1.3807347,1,1,1.6177543,1.6177543
0b_crop_best,file,18,baseline_crop,511,010.Red_winged_Blackbird/Red_Winged_Blackbird_0012_6015.jpg,10,9,010.Red_winged_Blackbird,109,108,random_resized_crop,random_resized_crop,0,"{""area_fraction"":0.645879,""aspect"":1.20752,""fallback"":false,""height"":0.731355,""left"":0.044774,""top"":0.042326,""width"":0.883126}",0.020687405,0.097910568,0.077223163,0.97952509,0.90673,0.0048726839,0.021990735,0.97465241,0.88473926,-0.089913144,0.71861796,3.9302631,3.0765429,12.091623,False,0.95607531,True,True,True,0.71861796,3.9302631,3.0765429,12.091623,0.7114321,3.927215,3.0306736,11.902107,0.94850718,4.0289266,0.52927623,2.1324151,0.53318729,3.9304726,0.84171587,3.3083411,0.68300977,3.8833038,1.2340435,4.7921659,0.77600994,3.8028547,1.5588702,5.9281568,0.662488,3.8270839,1.3807347,5.2841876,0.75212952,4.1320527,1.6177543,6.6846461
0b_crop_best,file,18,baseline_crop,7106,122.Harris_Sparrow/Harris_Sparrow_0074_116539.jpg,122,121,122.Harris_Sparrow,120,119,identity,identity,0,{},0.24702917,0.24702917,0,0.78111792,0.78111792,0.06135264,0.06135264,0.71976528,0.71976528,0,1,1,42.852236,42.852236,False,0.99999982,True,True,True,1,1,42.852236,42.852236,1,1,42.133082,42.133082,1,1,7.8177712,7.8177712,1,1,8.7823842,8.7823842,1,1,17.707479,17.707479,1,1,23.889747,23.889747,1,1,21.777583,21.777583,1,1,18.426297,18.426297
0b_crop_best,file,18,baseline_crop,7106,122.Harris_Sparrow/Harris_Sparrow_0074_116539.jpg,122,121,122.Harris_Sparrow,120,119,random_resized_crop,random_resized_crop,0,"{""area_fraction"":0.816202,""aspect"":0.973521,""fallback"":false,""height"":0.915643,""left"":0.085631,""top"":0.021603,""width"":0.891398}",0.24702917,0.15197308,-0.095056087,0.78111792,0.85901141,0.06135264,0.02031238,0.71976528,0.83869903,0.11893376,0.77545373,0.79250019,42.852236,33.960406,False,0.97089511,True,True,True,0.77545373,0.79250019,42.852236,33.960406,0.77090032,0.79663113,42.133082,33.564525,0.94785486,0.66134989,7.8177712,5.1702821,0.80560484,0.86136561,8.7823842,7.5648437,0.72727371,0.8266173,17.707479,14.637308,0.78486333,0.84873846,23.889747,20.276147,0.7460225,0.75398865,21.777583,16.42005,0.82698539,0.71661307,18.426297,13.204525
0b_crop_best,file,18,baseline_crop,6182,106.Horned_Puffin/Horned_Puffin_0067_100737.jpg,106,105,106.Horned_Puffin,84,83,identity,identity,0,{},0.0015254301,0.0015254301,0,0.99847573,0.99847573,0.00058905006,0.00058905006,0.99788668,0.99788668,0,1,1,0.21466861,0.21466861,False,1,True,True,True,1,1,0.21466861,0.21466861,1,1,0.20858689,0.20858689,1,1,0.050735784,0.050735784,1,1,0.050337695,0.050337695,1,1,0.085057344,0.085057344,1,1,0.093905261,0.093905261,1,1,0.09728012,0.09728012,1,1,0.12433116,0.12433116
0b_crop_best,file,18,baseline_crop,6182,106.Horned_Puffin/Horned_Puffin_0067_100737.jpg,106,105,106.Horned_Puffin,84,83,random_resized_crop,random_resized_crop,0,"{""area_fraction"":0.545118,""aspect"":0.955851,""fallback"":false,""height"":0.755179,""left"":0.102107,""top"":0.007578,""width"":0.721839}",0.0015254301,0.00018964399,-0.0013357861,0.99847573,0.9998104,0.00058905006,0.00013451223,0.99788668,0.99967589,0.001789205,0.66771445,0.14601284,0.21466861,0.031344374,False,0.96685004,True,True,True,0.66771445,0.14601284,0.21466861,0.031344374,0.6507736,0.14506775,0.20858689,0.030259231,0.92894214,0.16115073,0.050735784,0.0081761085,0.6829875,0.16087279,0.050337695,0.0080979657,0.63676985,0.14004833,0.085057344,0.011912139,0.59112104,0.14820712,0.093905261,0.013917428,0.61240774,0.14589254,0.09728012,0.014192444,0.71182262,0.14230144,0.12433116,0.017692503
0b_crop_best,file,18,baseline_crop,8405,144.Common_Tern/Common_Tern_0019_149769.jpg,144,143,144.Common_Tern,146,145,identity,identity,0,{},1.3972669,1.3972669,0,0.24727185,0.24727185,0.29526803,0.29526803,-0.047996178,-0.047996178,0,1,1,113.70862,113.70862,False,1,True,False,False,1,1,113.70862,113.70862,1,1,110.90315,110.90315,1,1,25.102596,25.102596,1,1,33.022853,33.022853,1,1,51.692227,51.692227,1,1,53.724637,53.724637,1,1,52.900001,52.900001,1,1,53.405684,53.405684
0b_crop_best,file,18,baseline_crop,8405,144.Common_Tern/Common_Tern_0019_149769.jpg,144,143,144.Common_Tern,146,145,random_resized_crop,random_resized_crop,0,"{""area_fraction"":0.645514,""aspect"":0.843438,""fallback"":false,""height"":0.874835,""left"":0.248148,""top"":0.119377,""width"":0.737869}",1.3972669,1.106811,-0.29045582,0.24727185,0.33061159,0.29526803,0.50655961,-0.047996178,-0.17594802,-0.12795185,0.69870725,1.0774367,113.70862,122.51383,False,0.94711483,True,False,False,0.69870725,1.0774367,113.70862,122.51383,0.68789598,1.0767112,110.90315,119.41066,0.90693153,1.0915012,25.102596,27.399514,0.76058193,1.0126353,33.022853,33.440105,0.73052412,1.1038988,51.692227,57.062987,0.68555986,1.1701314,53.724637,62.864886,0.65676029,1.0127482,52.900001,53.574382,0.65588164,1.0361782,53.405684,55.337805
0b_crop_best,file,18,baseline_crop,2439,043.Yellow_bellied_Flycatcher/Yellow_Bellied_Flycatcher_0018_795494.jpg,43,42,043.Yellow_bellied_Flycatcher,174,173,identity,identity,0,{},1.5017421,1.5017421,0,0.22274178,0.22274178,0.62705374,0.62705374,-0.40431195,-0.40431195,0,1,1,161.47473,161.47473,False,0.99999994,True,False,False,1,1,161.47473,161.47473,1,1,158.71705,158.71705,1,1,29.715112,29.715112,1,1,41.006482,41.006482,1,1,64.244249,64.244249,1,1,90.389437,90.389437,1,1,76.945637,76.945637,1,1,72.741771,72.741771
0b_crop_best,file,18,baseline_crop,2439,043.Yellow_bellied_Flycatcher/Yellow_Bellied_Flycatcher_0018_795494.jpg,43,42,043.Yellow_bellied_Flycatcher,174,173,random_resized_crop,random_resized_crop,0,"{""area_fraction"":0.58293,""aspect"":0.835986,""fallback"":false,""height"":0.835043,""left"":0.070096,""top"":0.08733,""width"":0.698084}",1.5017421,0.80401105,-0.69773108,0.22274178,0.4475303,0.62705374,0.24674292,-0.40431195,0.20078738,0.60509934,0.69782268,0.58896264,161.47473,95.102585,False,0.96879148,False,False,True,0.69782268,0.58896264,161.47473,95.102585,0.68951171,0.58642952,158.71705,93.076363,0.91377334,0.65713055,29.715112,19.526708,0.72782097,0.68285553,41.006482,28.001503,0.63091688,0.64317607,64.244249,41.320364,0.69690025,0.54899338,90.389437,49.623202,0.65814579,0.55292504,76.945637,42.545169,0.75551698,0.59910285,72.741771,43.579803
0b_crop_best,file,18,baseline_crop,9446,161.Blue_winged_Warbler/Blue_Winged_Warbler_0023_161774.jpg,161,160,161.Blue_winged_Warbler,98,97,identity,identity,0,{},4.8727117,4.8727117,0,0.0076525854,0.0076525854,0.56685114,0.56685114,-0.55919855,-0.55919855,0,1,1,171.51844,171.51844,False,0.99999994,True,False,False,1,1,171.51844,171.51844,1,1,168.29846,168.29846,1,1,33.078797,33.078797,1,1,55.253254,55.253254,1,1,71.641731,71.641731,1,1,88.312071,88.312071,1,1,78.173102,78.173102,1,1,78.923093,78.923093
0b_crop_best,file,18,baseline_crop,9446,161.Blue_winged_Warbler/Blue_Winged_Warbler_0023_161774.jpg,161,160,161.Blue_winged_Warbler,98,97,random_resized_crop,random_resized_crop,0,"{""area_fraction"":0.703438,""aspect"":1.055142,""fallback"":false,""height"":0.816503,""left"":0.018689,""top"":0.101136,""width"":0.861526}",4.8727117,4.1391187,-0.73359299,0.0076525854,0.015936889,0.56685114,0.44958362,-0.55919855,-0.43364673,0.12555182,0.78083566,1.2654337,171.51844,217.04522,False,0.96942323,True,False,False,0.78083566,1.2654337,171.51844,217.04522,0.77594154,1.2741929,168.29846,214.4447,0.96031209,1.0126664,33.078797,33.497787,0.72888743,1.6213088,55.253254,89.582588,0.78586061,1.363264,71.641731,97.666594,0.78954049,1.3261451,88.312071,117.11462,0.77029819,1.153024,78.173102,90.135464,0.82836887,1.0279949,78.923093,81.132534
0b_crop_best,file,18,baseline_crop,3497,061.Heermann_Gull/Heermann_Gull_0128_45663.jpg,61,60,061.Heermann_Gull,62,61,identity,identity,0,{},0.067446664,0.067446664,0,0.93477756,0.93477756,0.02771619,0.02771619,0.90706137,0.90706137,0,1,1,11.821386,11.821386,False,1,True,True,True,1,1,11.821386,11.821386,1,1,11.599165,11.599165,1,1,2.2813486,2.2813486,1,1,3.0915755,3.0915755,1,1,5.8594612,5.8594612,1,1,6.2202812,6.2202812,1,1,4.9015589,4.9015589,1,1,5.2851031,5.2851031
0b_crop_best,file,18,baseline_crop,3497,061.Heermann_Gull/Heermann_Gull_0128_45663.jpg,61,60,061.Heermann_Gull,62,61,random_resized_crop,random_resized_crop,0,"{""area_fraction"":0.506981,""aspect"":1.099329,""fallback"":false,""height"":0.679097,""left"":0.053106,""top"":0.070414,""width"":0.746551}",0.067446664,1.8916965,1.8242498,0.93477756,0.15081573,0.02771619,0.25191969,0.90706137,-0.10110396,-1.0081653,0.5809819,13.756504,11.821386,162.62095,False,0.86362445,False,True,False,0.5809819,13.756504,11.821386,162.62095,0.57119519,13.701169,11.599165,158.92211,0.81297769,15.116809,2.2813486,34.486711,0.60955067,15.787041,3.0915755,48.80683,0.52216491,11.624681,5.8594612,68.114367,0.66369665,13.65954,6.2202812,84.966181,0.48723138,14.526074,4.9015589,71.20041,0.56861965,14.589897,5.2851031,77.109109
0b_crop_best,file,18,baseline_crop,8172,140.Summer_Tanager/Summer_Tanager_0018_139290.jpg,140,139,140.Summer_Tanager,16,15,identity,identity,0,{},0.87962663,0.87962663,0,0.41493779,0.41493779,0.50834215,0.50834215,-0.093404353,-0.093404353,0,1,1,152.55158,152.55158,False,1,True,False,False,1,1,152.55158,152.55158,1,1,151.27947,151.27947,1,1,19.659835,19.659835,1,1,31.619684,31.619684,1,1,82.945621,82.945621,1,1,85.370808,85.370808,1,1,66.363129,66.363129,1,1,57.562631,57.562631
0b_crop_best,file,18,baseline_crop,8172,140.Summer_Tanager/Summer_Tanager_0018_139290.jpg,140,139,140.Summer_Tanager,16,15,random_resized_crop,random_resized_crop,0,"{""area_fraction"":0.831375,""aspect"":0.904709,""fallback"":false,""height"":0.958615,""left"":0.099914,""top"":0.025659,""width"":0.867267}",0.87962663,0.084102206,-0.79552443,0.41493779,0.91933727,0.50834215,0.04126342,-0.093404353,0.87807385,0.97147821,0.82680935,0.097065172,152.55158,14.807446,False,0.9630363,False,False,True,0.82680935,0.097065172,152.55158,14.807446,0.82494255,0.096783277,151.27947,14.641322,0.93109994,0.1125043,19.659835,2.211816,0.8195331,0.11229734,31.619684,3.5508066,0.82459433,0.085786607,82.945621,7.1156233,0.83559724,0.091690502,85.370808,7.8276922,0.8103632,0.10072693,66.363129,6.6845542,0.85457569,0.11675994,57.562631,6.7210093
0b_crop_best,file,18,baseline_crop,1658,030.Fish_Crow/Fish_Crow_0033_25915.jpg,30,29,030.Fish_Crow,107,106,identity,identity,0,{},3.8846827,3.8846827,0,0.020554353,0.020554353,0.58337277,0.58337277,-0.56281842,-0.56281842,0,1,1,249.77606,249.77606,False,1,True,False,False,1,1,249.77606,249.77606,1,1,246.02403,246.02403,1,1,43.130717,43.130717,1,1,71.770858,71.770858,1,1,131.71814,131.71814,1,1,127.06257,127.06257,1,1,110.49586,110.49586,1,1,98.350734,98.350734
0b_crop_best,file,18,baseline_crop,1658,030.Fish_Crow/Fish_Crow_0033_25915.jpg,30,29,030.Fish_Crow,107,106,random_resized_crop,random_resized_crop,0,"{""area_fraction"":0.504532,""aspect"":0.890983,""fallback"":false,""height"":0.752505,""left"":0.187618,""top"":0.114232,""width"":0.67047}",3.8846827,6.1167035,2.2320209,0.020554353,0.0022057155,0.58337277,0.053298473,-0.56281842,-0.051092758,0.51172566,0.49876794,1.5244025,249.77606,380.75925,False,0.90391994,False,False,False,0.49876794,1.5244025,249.77606,380.75925,0.49676067,1.5382412,246.02403,378.44431,0.65453724,0.97199063,43.130717,41.922653,0.51900146,1.2370124,71.770858,88.78144,0.67893889,1.6115291,131.71814,212.26763,0.38563554,1.6196586,127.06257,205.79798,0.42346906,1.4736281,110.49586,162.82981,0.43486322,1.4878933,98.350734,146.3354
0b_crop_best,file,18,baseline_crop,3706,064.Ring_billed_Gull/Ring_Billed_Gull_0028_51454.jpg,64,63,064.Ring_billed_Gull,62,61,identity,identity,0,{},2.6307151,2.6307151,0,0.072026931,0.072026931,0.5811165,0.5811165,-0.50908957,-0.50908957,0,1,1,149.2928,149.2928,False,1,True,False,False,1,1,149.2928,149.2928,1,1,146.50828,146.50828,1,1,28.699554,28.699554,1,1,42.615433,42.615433,1,1,62.769992,62.769992,1,1,76.466018,76.466018,1,1,66.462173,66.462173,1,1,73.785199,73.785199
0b_crop_best,file,18,baseline_crop,3706,064.Ring_billed_Gull/Ring_Billed_Gull_0028_51454.jpg,64,63,064.Ring_billed_Gull,62,61,random_resized_crop,random_resized_crop,0,"{""area_fraction"":0.501396,""aspect"":1.039164,""fallback"":false,""height"":0.694622,""left"":0.074128,""top"":0.029971,""width"":0.721826}",2.6307151,5.7176838,3.0869687,0.072026931,0.0032873154,0.5811165,0.087439612,-0.50908957,-0.084152296,0.42493727,0.51149763,1.0755153,149.2928,160.56669,False,0.84284198,False,False,False,0.51149763,1.0755153,149.2928,160.56669,0.50328038,1.0768282,146.50828,157.76425,0.73335607,1.0407175,28.699554,29.868128,0.73181618,1.1470693,42.615433,48.882855,0.41776488,1.0815642,62.769992,67.889779,0.52767282,1.0190845,76.466018,77.925334,0.4598067,1.0359437,66.462173,68.851071,0.49610232,1.1402271,73.785199,84.131885
0b_crop_best,file,18,baseline_crop,5096,088.Western_Meadowlark/Western_Meadowlark_0050_77864.jpg,88,87,088.Western_Meadowlark,174,173,identity,identity,0,{},0.081546403,0.081546403,0,0.92168993,0.92168993,0.036235206,0.036235206,0.88545472,0.88545472,0,1,1,11.454728,11.454728,False,1,True,True,True,1,1,11.454728,11.454728,1,1,11.22955,11.22955,1,1,2.2600876,2.2600876,1,1,2.331287,2.331287,1,1,4.7165017,4.7165017,1,1,5.8696913,5.8696913,1,1,5.5377675,5.5377675,1,1,5.7708192,5.7708192
0b_crop_best,file,18,baseline_crop,5096,088.Western_Meadowlark/Western_Meadowlark_0050_77864.jpg,88,87,088.Western_Meadowlark,174,173,random_resized_crop,random_resized_crop,0,"{""area_fraction"":0.735378,""aspect"":1.083293,""fallback"":false,""height"":0.823915,""left"":0.010308,""top"":0.170196,""width"":0.892541}",0.081546403,0.020003958,-0.061542446,0.92168993,0.98019481,0.036235206,0.0029334321,0.88545472,0.97726137,0.091806653,0.67582085,0.24972967,11.454728,2.8605853,False,0.94559848,True,True,True,0.67582085,0.24972967,11.454728,2.8605853,0.66707785,0.2500332,11.22955,2.8077602,0.89905704,0.24211578,2.2600876,0.54720287,0.39088637,0.28730329,2.331287,0.66978641,0.65833686,0.24206482,4.7165017,1.1416991,0.72829745,0.24799115,5.8696913,1.4556315,0.64382786,0.25548009,5.5377675,1.4147894,0.68560374,0.24573189,5.7708192,1.4180743
0b_crop_best,file,18,baseline_crop,5432,093.Clark_Nutcracker/Clark_Nutcracker_0066_85390.jpg,93,92,093.Clark_Nutcracker,102,101,identity,identity,0,{},4.9698782,4.9698782,0,0.0069439951,0.0069439951,0.36379874,0.36379874,-0.35685474,-0.35685474,0,1,1,196.04481,196.04481,False,1,True,False,False,1,1,196.04481,196.04481,1,1,193.19682,193.19682,1,1,33.295033,33.295033,1,1,53.314086,53.314086,1,1,98.810648,98.810648,1,1,98.676843,98.676843,1,1,89.551499,89.551499,1,1,83.4415,83.4415
0b_crop_best,file,18,baseline_crop,5432,093.Clark_Nutcracker/Clark_Nutcracker_0066_85390.jpg,93,92,093.Clark_Nutcracker,102,101,random_resized_crop,random_resized_crop,0,"{""area_fraction"":0.569616,""aspect"":0.816097,""fallback"":false,""height"":0.83545,""left"":0.317999,""top"":0.10739,""width"":0.681808}",4.9698782,5.7456131,0.7757349,0.0069439951,0.0031967741,0.36379874,0.10039346,-0.35685474,-0.097196685,0.25965806,0.67534097,1.3452727,196.04481,263.73373,False,0.94122815,False,False,False,0.67534097,1.3452727,196.04481,263.73373,0.6706602,1.3489326,193.19682,260.60949,0.85378746,1.215629,33.295033,40.474407,0.49447619,1.2108439,53.314086,64.555036,0.76823476,1.419558,98.810648,140.26745,0.65809063,1.3433872,98.676843,132.56121,0.62966376,1.3996662,89.551499,125.3422,0.66236187,1.2449902,83.4415,103.88385
0b_crop_best,file,18,baseline_crop,6880,118.House_Sparrow/House_Sparrow_0055_111393.jpg,118,117,118.House_Sparrow,193,192,identity,identity,0,{},5.2234201,5.2234201,0,0.0053888666,0.0053888666,0.75415355,0.75415355,-0.74876468,-0.74876468,0,1,1,167.00719,167.00719,False,1,True,False,False,1,1,167.00719,167.00719,1,1,163.22534,163.22534,1,1,35.339637,35.339637,1,1,45.010235,45.010235,1,1,73.256623,73.256623,1,1,79.211978,79.211978,1,1,76.196468,76.196468,1,1,84.673604,84.673604
0b_crop_best,file,18,baseline_crop,6880,118.House_Sparrow/House_Sparrow_0055_111393.jpg,118,117,118.House_Sparrow,193,192,random_resized_crop,random_resized_crop,0,"{""area_fraction"":0.509946,""aspect"":0.799458,""fallback"":false,""height"":0.798664,""left"":0.33322,""top"":0.1641,""width"":0.638498}",5.2234201,4.5847564,-0.63866377,0.0053888666,0.010206236,0.75415355,0.27209193,-0.74876468,-0.26188569,0.48687899,0.4659768,1.1056118,167.00719,184.64512,False,0.87147057,True,False,False,0.4659768,1.1056118,167.00719,184.64512,0.4523736,1.1105103,163.22534,181.26342,0.79241754,0.99538571,35.339637,35.17657,0.65671187,1.1097724,45.010235,49.951115,0.26908507,1.2535325,73.256623,91.829558,0.4509192,1.3067676,79.211978,103.51165,0.48391627,0.99248639,76.196468,75.623957,0.57544628,0.87545914,84.673604,74.12828
0b_crop_best,file,18,baseline_crop,2034,036.Northern_Flicker/Northern_Flicker_0138_28476.jpg,36,35,036.Northern_Flicker,194,193,identity,identity,0,{},0.006659931,0.006659931,0,0.99336219,0.99336219,0.0035578159,0.0035578159,0.98980437,0.98980437,0,1,1,1.2199834,1.2199834,False,0.99999994,True,True,True,1,1,1.2199834,1.2199834,1,1,1.2013645,1.2013645,1,1,0.21232698,0.21232698,1,1,0.1794475,0.1794475,1,1,0.37056139,0.37056139,1,1,0.61478159,0.61478159,1,1,0.58128154,0.58128154,1,1,0.74693705,0.74693705
0b_crop_best,file,18,baseline_crop,2034,036.Northern_Flicker/Northern_Flicker_0138_28476.jpg,36,35,036.Northern_Flicker,194,193,random_resized_crop,random_resized_crop,0,"{""area_fraction"":0.709651,""aspect"":0.938633,""fallback"":false,""height"":0.86951,""left"":0.066321,""top"":0.020309,""width"":0.816151}",0.006659931,0.015632,0.0089720688,0.99336219,0.98448956,0.0035578159,0.0024518492,0.98980437,0.98203771,-0.0077666615,0.78439824,2.4319708,1.2199834,2.9669639,False,0.97944367,True,True,True,0.78439824,2.4319708,1.2199834,2.9669639,0.78144976,2.4454673,1.2013645,2.9378976,0.9222925,1.9511674,0.21232698,0.41428548,0.69352739,2.280311,0.1794475,0.40919611,0.53637431,2.8937101,0.37056139,1.0722972,0.81332901,2.488464,0.61478159,1.5298619,0.75857785,2.2992897,0.58128154,1.3365346,0.85472402,2.3901168,0.74693705,1.7852668
0b_crop_best,file,18,baseline_crop,8949,153.Philadelphia_Vireo/Philadelphia_Vireo_0070_794758.jpg,153,152,153.Philadelphia_Vireo,172,171,identity,identity,0,{},0.66786391,0.66786391,0,0.51280284,0.51280284,0.087751515,0.087751515,0.42505132,0.42505132,0,1,1,97.003719,97.003719,False,1,True,True,True,1,1,97.003719,97.003719,1,1,95.55853,95.55853,1,1,16.681994,16.681994,1,1,17.103231,17.103231,1,1,44.942534,44.942534,1,1,54.90672,54.90672,1,1,46.563097,46.563097,1,1,40.450102,40.450102
0b_crop_best,file,18,baseline_crop,8949,153.Philadelphia_Vireo/Philadelphia_Vireo_0070_794758.jpg,153,152,153.Philadelphia_Vireo,172,171,random_resized_crop,random_resized_crop,0,"{""area_fraction"":0.837286,""aspect"":0.991515,""fallback"":false,""height"":0.91894,""left"":0.069121,""top"":0.064025,""width"":0.911143}",0.66786391,1.1038158,0.43595189,0.51280284,0.33160335,0.087751515,0.15947644,0.42505132,0.1721269,-0.25292442,0.81175317,1.5710681,97.003719,152.39945,False,0.93825483,True,True,True,0.81175317,1.5710681,97.003719,152.39945,0.80962012,1.5771684,95.55853,150.71189,0.9022408,1.3557604,16.681994,22.616786,0.66487229,1.7990096,17.103231,30.768876,0.80139876,1.5496037,44.942534,69.643116,0.83897226,1.6107011,54.90672,88.438314,0.80953119,1.551961,46.563097,72.264111,0.79596019,1.5386722,40.450102,62.239449
0b_crop_best,file,18,baseline_crop,10877,185.Bohemian_Waxwing/Bohemian_Waxwing_0117_177858.jpg,185,184,185.Bohemian_Waxwing,186,185,identity,identity,0,{},4.6863523,4.6863523,0,0.0092202583,0.0092202583,0.974922,0.974922,-0.96570174,-0.96570174,0,1,1,162.91904,162.91904,False,0.99999988,True,False,False,1,1,162.91904,162.91904,1,1,159.20337,159.20337,1,1,34.596254,34.596254,1,1,38.824804,38.824804,1,1,68.620037,68.620037,1,1,81.442537,81.442537,1,1,78.657257,78.657257,1,1,79.434164,79.434164
0b_crop_best,file,18,baseline_crop,10877,185.Bohemian_Waxwing/Bohemian_Waxwing_0117_177858.jpg,185,184,185.Bohemian_Waxwing,186,185,random_resized_crop,random_resized_crop,0,"{""area_fraction"":0.791813,""aspect"":1.030855,""fallback"":false,""height"":0.876421,""left"":0.03716,""top"":0.046112,""width"":0.903462}",4.6863523,6.0091162,1.3227639,0.0092202583,0.0024562578,0.974922,0.98831326,-0.96570174,-0.985857,-0.020155257,0.83460462,1.1290827,162.91904,183.94906,False,0.97534525,True,False,False,0.83460462,1.1290827,162.91904,183.94906,0.82793076,1.1288751,159.20337,179.72072,0.97536494,1.1334684,34.596254,39.21376,0.77247837,1.0819963,38.824804,42.008293,0.78299115,1.0818864,68.620037,74.239082,0.83187609,1.1896527,81.442537,96.888332,0.84152481,1.1466246,78.657257,90.190348,0.85844873,1.0903704,79.434164,86.612658
0b_crop_best,file,18,baseline_crop,11558,197.Marsh_Wren/Marsh_Wren_0008_188533.jpg,197,196,197.Marsh_Wren,196,195,identity,identity,0,{},0.00062839309,0.00062839309,0,0.99937183,0.99937183,0.00032024877,0.00032024877,0.99905158,0.99905158,0,1,1,0.11626017,0.11626017,False,1,True,True,True,1,1,0.11626017,0.11626017,1,1,0.1135132,0.1135132,1,1,0.025123341,0.025123341,1,1,0.025028862,0.025028862,1,1,0.060787055,0.060787055,1,1,0.056233162,0.056233162,1,1,0.048125109,0.048125109,1,1,0.055547646,0.055547646
0b_crop_best,file,18,baseline_crop,11558,197.Marsh_Wren/Marsh_Wren_0008_188533.jpg,197,196,197.Marsh_Wren,196,195,random_resized_crop,random_resized_crop,0,"{""area_fraction"":0.800848,""aspect"":1.076082,""fallback"":false,""height"":0.862685,""left"":0.064373,""top"":0.039999,""width"":0.92832}",0.00062839309,0.0021095658,0.0014811727,0.99937183,0.99789268,0.00032024877,0.00023828277,0.99905158,0.9976544,-0.0013971829,0.68724282,3.4848313,0.11626017,0.40514708,False,0.96078432,True,True,True,0.68724282,3.4848313,0.11626017,0.40514708,0.68089813,3.5207616,0.1135132,0.3996529,0.88668222,2.6467821,0.025123341,0.06649601,0.74598016,4.0404276,0.025028862,0.1011273,0.68821722,3.1333437,0.060787055,0.19046674,0.64533871,3.9528211,0.056233162,0.22227963,0.63521467,3.6021922,0.048125109,0.17335589,0.75127254,3.3076559,0.055547646,0.1837325
0b_crop_best,file,18,baseline_crop,10353,176.Prairie_Warbler/Prairie_Warbler_0020_173359.jpg,176,175,176.Prairie_Warbler,169,168,identity,identity,0,{},0.0060328292,0.0060328292,0,0.99398535,0.99398535,0.00067477539,0.00067477539,0.99331058,0.99331058,0,1,1,0.91462915,0.91462915,False,1,True,True,True,1,1,0.91462915,0.91462915,1,1,0.90070191,0.90070191,1,1,0.15900487,0.15900487,1,1,0.12956392,0.12956392,1,1,0.31166721,0.31166721,1,1,0.43732597,0.43732597,1,1,0.44242894,0.44242894,1,1,0.55708465,0.55708465
0b_crop_best,file,18,baseline_crop,10353,176.Prairie_Warbler/Prairie_Warbler_0020_173359.jpg,176,175,176.Prairie_Warbler,169,168,random_resized_crop,random_resized_crop,0,"{""area_fraction"":0.805724,""aspect"":0.930156,""fallback"":false,""height"":0.930712,""left"":0.089473,""top"":0.007155,""width"":0.865707}",0.0060328292,0.0023941919,-0.0036386373,0.99398535,0.99760866,0.00067477539,0.00054698309,0.99331058,0.99706168,0.0037510991,0.79375799,0.4220956,0.91462915,0.38606094,False,0.9802891,True,True,True,0.79375799,0.4220956,0.91462915,0.38606094,0.78778581,0.42088151,0.90070191,0.37908878,0.97228143,0.45935277,0.15900487,0.073039326,0.65328384,0.55482207,0.12956392,0.071884922,0.75172772,0.45835827,0.31166721,0.14285524,0.80878443,0.42617596,0.43732597,0.18637782,0.7374223,0.39767911,0.44242894,0.17594474,0.83174703,0.41106466,0.55708465,0.22899782
0b_crop_best,file,18,baseline_crop,5997,103.Sayornis/Sayornis_0098_98419.jpg,103,102,103.Sayornis,102,101,identity,identity,0,{},3.0606899,3.0606899,0,0.046855357,0.046855357,0.5575943,0.5575943,-0.51073894,-0.51073894,0,1,1,114.09385,114.09385,False,1,True,False,False,1,1,114.09385,114.09385,1,1,109.15987,109.15987,1,1,33.189314,33.189314,1,1,18.757172,18.757172,1,1,44.919021,44.919021,1,1,59.092969,59.092969,1,1,54.782554,54.782554,1,1,55.255948,55.255948
0b_crop_best,file,18,baseline_crop,5997,103.Sayornis/Sayornis_0098_98419.jpg,103,102,103.Sayornis,102,101,random_resized_crop,random_resized_crop,0,"{""area_fraction"":0.701176,""aspect"":0.820685,""fallback"":false,""height"":0.924326,""left"":0.052298,""top"":0.048903,""width"":0.758581}",3.0606899,1.9536532,-1.1070367,0.046855357,0.14175525,0.5575943,0.33764693,-0.51073894,-0.19589168,0.31484726,0.63432292,0.85821368,114.09385,97.916907,False,0.97498804,True,False,False,0.63432292,0.85821368,114.09385,97.916907,0.60392957,0.85237855,109.15987,93.045531,0.94091285,0.9189704,33.189314,30.499997,0.24676548,1.1772897,18.757172,22.082626,0.56230246,0.8699075,44.919021,39.075393,0.58281063,0.84059173,59.092969,49.673062,0.61585764,0.81383228,54.782554,44.583811,0.70802115,0.84649823,55.255948,46.774062
0b_crop_best,file,18,baseline_crop,3787,066.Western_Gull/Western_Gull_0131_53349.jpg,66,65,066.Western_Gull,65,64,identity,identity,0,{},3.3986163,3.3986163,0,0.033419479,0.033419479,0.95006925,0.95006925,-0.91664977,-0.91664977,0,1,1,235.57895,235.57895,False,1,True,False,False,1,1,235.57895,235.57895,1,1,230.42787,230.42787,1,1,48.994243,48.994243,1,1,51.878585,51.878585,1,1,93.10817,93.10817,1,1,136.64642,136.64642,1,1,111.05559,111.05559,1,1,103.59005,103.59005
0b_crop_best,file,18,baseline_crop,3787,066.Western_Gull/Western_Gull_0131_53349.jpg,66,65,066.Western_Gull,65,64,random_resized_crop,random_resized_crop,0,"{""area_fraction"":0.596148,""aspect"":1.265558,""fallback"":false,""height"":0.686335,""left"":0.009683,""top"":0.15204,""width"":0.868596}",3.3986163,4.6536894,1.2550731,0.033419479,0.0095263906,0.95006925,0.80532885,-0.91664977,-0.79580246,0.12084731,0.66051909,0.93702179,235.57895,220.74261,False,0.89545512,True,False,False,0.66051909,0.93702179,235.57895,220.74261,0.64992121,0.93597222,230.42787,215.67409,0.8892892,0.95994455,48.994243,47.031756,0.49463213,1.1877533,51.878585,61.618958,0.49760302,0.97631451,93.10817,90.902856,0.68862342,0.8466838,136.64642,115.69631,0.70177502,0.93183062,111.05559,103.485,0.7164799,0.98258079,103.59005,101.78559
0b_crop_best,file,18,baseline_crop,11232,191.Red_headed_Woodpecker/Red_Headed_Woodpecker_0013_182721.jpg,191,190,191.Red_headed_Woodpecker,188,187,identity,identity,0,{},0.027309904,0.027309904,0,0.97305965,0.97305965,0.024361484,0.024361484,0.94869817,0.94869817,0,1,1,4.9380653,4.9380653,False,0.99999994,True,True,True,1,1,4.9380653,4.9380653,1,1,4.8203322,4.8203322,1,1,1.0718613,1.0718613,1,1,1.1832286,1.1832286,1,1,2.0722304,2.0722304,1,1,2.2952424,2.2952424,1,1,2.3734591,2.3734591,1,1,2.5768174,2.5768174
0b_crop_best,file,18,baseline_crop,11232,191.Red_headed_Woodpecker/Red_Headed_Woodpecker_0013_182721.jpg,191,190,191.Red_headed_Woodpecker,188,187,random_resized_crop,random_resized_crop,0,"{""area_fraction"":0.768216,""aspect"":1.286726,""fallback"":false,""height"":0.772678,""left"":0.003281,""top"":0.116914,""width"":0.994225}",0.027309904,0.59477681,0.56746691,0.97305965,0.55168569,0.024361484,0.42108029,0.94869817,0.1306054,-0.81809277,0.69080119,17.053253,4.9380653,84.210077,False,0.91669637,True,True,True,0.69080119,17.053253,4.9380653,84.210077,0.67909371,17.009397,4.8203322,81.990946,0.91646977,17.917181,1.0718613,19.204732,0.64025965,18.483908,1.1832286,21.870688,0.69352178,16.64645,2.0722304,34.49528,0.63584076,17.504269,2.2952424,40.176541,0.66021899,17.401245,2.3734591,41.301144,0.73521748,16.161497,2.5768174,41.645228
0b_crop_best,file,18,baseline_crop,4848,083.White_breasted_Kingfisher/White_Breasted_Kingfisher_0118_73511.jpg,83,82,083.White_breasted_Kingfisher,14,13,identity,identity,0,{},0.33163264,0.33163264,0,0.71775097,0.71775097,0.12672032,0.12672032,0.59103064,0.59103064,0,1,1,44.637951,44.637951,False,0.99999988,True,True,True,1,1,44.637951,44.637951,1,1,43.958833,43.958833,1,1,7.7567854,7.7567854,1,1,9.8912606,9.8912606,1,1,20.403833,20.403833,1,1,23.692718,23.692718,1,1,22.066273,22.066273,1,1,19.23435,19.23435
0b_crop_best,file,18,baseline_crop,4848,083.White_breasted_Kingfisher/White_Breasted_Kingfisher_0118_73511.jpg,83,82,083.White_breasted_Kingfisher,14,13,random_resized_crop,random_resized_crop,0,"{""area_fraction"":0.540853,""aspect"":1.296774,""fallback"":false,""height"":0.645814,""left"":0.067774,""top"":0.337163,""width"":0.837475}",0.33163264,0.043874353,-0.28775829,0.71775097,0.95707422,0.12672032,0.013113097,0.59103064,0.94396113,0.35293049,0.56592894,0.1733789,44.637951,7.7392791,False,0.91661286,True,True,True,0.56592894,0.1733789,44.637951,7.7392791,0.55520056,0.17287273,43.958833,7.5992834,0.8833836,0.1889156,7.7567854,1.4653778,0.32689318,0.18197343,9.8912606,1.7999466,0.39592948,0.16391553,20.403833,3.344505,0.60067762,0.16960507,23.692718,4.0184052,0.60762285,0.16792618,22.066273,3.705505,0.64878389,0.1906368,19.23435,3.666775
0b_crop_best,file,18,baseline_crop,9080,155.Warbling_Vireo/Warbling_Vireo_0132_158420.jpg,155,154,155.Warbling_Vireo,2,1,identity,identity,0,{},2.7365155,2.7365155,0,0.064795732,0.064795732,0.18753557,0.18753557,-0.12273984,-0.12273984,0,1,1,146.05597,146.05597,False,1,True,False,False,1,1,146.05597,146.05597,1,1,144.47524,144.47524,1,1,21.430135,21.430135,1,1,35.326016,35.326016,1,1,63.672365,63.672365,1,1,80.199482,80.199482,1,1,70.063348,70.063348,1,1,65.039734,65.039734
0b_crop_best,file,18,baseline_crop,9080,155.Warbling_Vireo/Warbling_Vireo_0132_158420.jpg,155,154,155.Warbling_Vireo,2,1,random_resized_crop,random_resized_crop,0,"{""area_fraction"":0.724781,""aspect"":1.02078,""fallback"":false,""height"":0.842631,""left"":0.074697,""top"":0.091841,""width"":0.86014}",2.7365155,3.6999369,0.96342134,0.064795732,0.024725089,0.18753557,0.13581984,-0.12273984,-0.11109475,0.011645088,0.69716229,1.1952182,146.05597,174.56875,False,0.95785451,True,False,False,0.69716229,1.1952182,146.05597,174.56875,0.69176635,1.1962788,144.47524,172.83266,0.95380391,1.1459801,21.430135,24.558508,0.56069266,1.2410657,35.326016,43.841907,0.67044013,1.201849,63.672365,76.52457,0.69072644,1.2147016,80.199482,97.418443,0.69255103,1.202618,70.063348,84.259445,0.75718899,1.1405674,65.039734,74.182198
0b_crop_best,file,18,baseline_crop,5394,093.Clark_Nutcracker/Clark_Nutcracker_0098_85105.jpg,93,92,093.Clark_Nutcracker,3,2,identity,identity,0,{},0.19858107,0.19858107,0,0.8198933,0.8198933,0.054408111,0.054408111,0.76548519,0.76548519,0,1,1,45.633249,45.633249,False,1,True,True,True,1,1,45.633249,45.633249,1,1,45.313981,45.313981,1,1,5.3885577,5.3885577,1,1,11.817875,11.817875,1,1,24.507824,24.507824,1,1,24.540628,24.540628,1,1,19.192896,19.192896,1,1,18.505449,18.505449
0b_crop_best,file,18,baseline_crop,5394,093.Clark_Nutcracker/Clark_Nutcracker_0098_85105.jpg,93,92,093.Clark_Nutcracker,3,2,random_resized_crop,random_resized_crop,0,"{""area_fraction"":0.561945,""aspect"":1.181277,""fallback"":false,""height"":0.689717,""left"":0.084827,""top"":0.213086,""width"":0.814747}",0.19858107,1.6596055,1.4610244,0.8198933,0.19021399,0.054408111,0.23349655,0.76548519,-0.043282554,-0.80876774,0.70776707,5.2389306,45.633249,239.06943,False,0.89009809,False,True,False,0.70776707,5.2389306,45.633249,239.06943,0.70553312,5.2430918,45.313981,237.58536,0.87685408,4.9357802,5.3885577,26.596737,0.59837368,4.4636015,11.817875,52.750282,0.66469906,5.4825387,24.507824,134.36509,0.77676029,5.2213822,24.540628,128.136,0.71280853,5.5115033,19.192896,105.78171,0.69116301,4.8338108,18.505449,89.451837
0b_crop_best,file,18,baseline_crop,4994,086.Pacific_Loon/Pacific_Loon_0063_75865.jpg,86,85,086.Pacific_Loon,53,52,identity,identity,0,{},0.39176846,0.39176846,0,0.67586058,0.67586058,0.11119496,0.11119496,0.56466562,0.56466562,0,1,1,79.845475,79.845475,False,1,True,True,True,1,1,79.845475,79.845475,1,1,79.322022,79.322022,1,1,9.1278014,9.1278014,1,1,16.130804,16.130804,1,1,44.619282,44.619282,1,1,42.842256,42.842256,1,1,34.789538,34.789538,1,1,31.545667,31.545667
0b_crop_best,file,18,baseline_crop,4994,086.Pacific_Loon/Pacific_Loon_0063_75865.jpg,86,85,086.Pacific_Loon,53,52,random_resized_crop,random_resized_crop,0,"{""area_fraction"":0.633082,""aspect"":0.830947,""fallback"":false,""height"":0.872858,""left"":0.205273,""top"":0.078432,""width"":0.725298}",0.39176846,2.7612793,2.3695109,0.67586058,0.063210845,0.11119496,0.32452485,0.56466562,-0.261314,-0.82597963,0.79525359,2.5018908,79.845475,199.76466,False,0.93311584,False,True,False,0.79525359,2.5018908,79.845475,199.76466,0.7933063,2.4951146,79.322022,197.91754,0.93070498,2.969268,9.1278014,27.102889,0.50415087,2.5560395,16.130804,41.230973,0.82946403,2.3030292,44.619282,102.75951,0.78118507,2.5242283,42.842256,108.14363,0.7919454,2.5679829,34.789538,89.338939,0.83296999,2.6964357,31.545667,85.060864
0b_crop_best,file,18,baseline_crop,11088,189.Red_bellied_Woodpecker/Red_Bellied_Woodpecker_0125_180780.jpg,189,188,189.Red_bellied_Woodpecker,36,35,identity,identity,0,{},0.11781324,0.11781324,0,0.88886207,0.88886207,0.088973343,0.088973343,0.79988873,0.79988873,0,1,1,19.937799,19.937799,False,1,True,True,True,1,1,19.937799,19.937799,1,1,19.64279,19.64279,1,1,3.4171071,3.4171071,1,1,3.2359007,3.2359007,1,1,7.3579662,7.3579662,1,1,11.276713,11.276713,1,1,10.000598,10.000598,1,1,9.6980536,9.6980536
0b_crop_best,file,18,baseline_crop,11088,189.Red_bellied_Woodpecker/Red_Bellied_Woodpecker_0125_180780.jpg,189,188,189.Red_bellied_Woodpecker,36,35,random_resized_crop,random_resized_crop,0,"{""area_fraction"":0.764105,""aspect"":0.921248,""fallback"":false,""height"":0.910727,""left"":0.056838,""top"":0.062324,""width"":0.839006}",0.11781324,0.08294522,-0.034868017,0.88886207,0.92040157,0.088973343,0.071776457,0.79988873,0.84862512,0.048736386,0.78595373,0.76826095,19.937799,15.317432,False,0.95954823,True,True,True,0.78595373,0.76826095,19.937799,15.317432,0.78038866,0.76623045,19.64279,15.050904,0.95781578,0.83257545,3.4171071,2.8449995,0.654616,0.7167658,3.2359007,2.319383,0.74068486,0.73946129,7.3579662,5.4409312,0.81840009,0.80295835,11.276713,9.054731,0.74638176,0.74483143,10.000598,7.4487599,0.79906625,0.75824698,9.6980536,7.3535199
0b_crop_best,file,18,baseline_crop,4716,081.Pied_Kingfisher/Pied_Kingfisher_0071_72576.jpg,81,80,081.Pied_Kingfisher,192,191,identity,identity,0,{},0.25408238,0.25408238,0,0.77562791,0.77562791,0.12616709,0.12616709,0.64946082,0.64946082,0,1,1,45.649748,45.649748,False,1,True,True,True,1,1,45.649748,45.649748,1,1,45.078917,45.078917,1,1,7.1965759,7.1965759,1,1,12.0714,12.0714,1,1,18.730227,18.730227,1,1,23.435364,23.435364,1,1,24.076493,24.076493,1,1,20.166181,20.166181
0b_crop_best,file,18,baseline_crop,4716,081.Pied_Kingfisher/Pied_Kingfisher_0071_72576.jpg,81,80,081.Pied_Kingfisher,192,191,random_resized_crop,random_resized_crop,0,"{""area_fraction"":0.544328,""aspect"":1.207769,""fallback"":false,""height"":0.671334,""left"":0.14694,""top"":0.261248,""width"":0.810816}",0.25408238,2.083631,1.8295487,0.77562791,0.12447739,0.12616709,0.024702359,0.64946082,0.099775035,-0.54968579,0.58144177,5.1039318,45.649748,232.9932,False,0.87890697,False,True,False,0.58144177,5.1039318,45.649748,232.9932,0.57817086,5.125412,45.078917,231.04802,0.75103377,4.1747631,7.1965759,30.044,0.33272239,4.1598629,12.0714,50.215368,0.62830412,7.1074826,18.730227,133.12476,0.65644893,5.1745983,23.435364,121.2686,0.56415016,4.4154733,24.076493,106.30911,0.55428558,4.1876752,20.166181,84.449415
0b_crop_best,file,18,baseline_crop,10989,187.American_Three_toed_Woodpecker/American_Three_Toed_Woodpecker_0004_179908.jpg,187,186,187.American_Three_toed_Woodpecker,190,189,identity,identity,0,{},0.12075841,0.12075841,0,0.88624805,0.88624805,0.099665739,0.099665739,0.78658231,0.78658231,0,1,1,32.561118,32.561118,False,0.99999994,True,True,True,1,1,32.561118,32.561118,1,1,32.27854,32.27854,1,1,4.2804515,4.2804515,1,1,9.3450696,9.3450696,1,1,15.52242,15.52242,1,1,18.14707,18.14707,1,1,14.531526,14.531526,1,1,13.15853,13.15853
0b_crop_best,file,18,baseline_crop,10989,187.American_Three_toed_Woodpecker/American_Three_Toed_Woodpecker_0004_179908.jpg,187,186,187.American_Three_toed_Woodpecker,190,189,random_resized_crop,random_resized_crop,0,"{""area_fraction"":0.731268,""aspect"":0.781944,""fallback"":false,""height"":0.967053,""left"":0.030089,""top"":0.021292,""width"":0.756182}",0.12075841,0.52264482,0.4018864,0.88624805,0.59295022,0.099665739,0.14089236,0.78658231,0.45205787,-0.33452445,0.67512132,3.9983789,32.561118,130.19169,False,0.91894412,True,True,True,0.67512132,3.9983789,32.561118,130.19169,0.67290508,4.004792,32.27854,129.26884,0.81822377,3.6150245,4.2804515,15.473937,0.61446715,4.9231682,9.3450696,46.00735,0.72647204,4.3657838,15.52242,67.767532,0.63747227,3.6819016,18.14707,66.815725,0.69260375,4.0068498,14.531526,58.225641,0.68961154,3.5211421,13.15853,46.333055
0b_crop_best,file,18,baseline_crop,8410,144.Common_Tern/Common_Tern_0100_149541.jpg,144,143,144.Common_Tern,145,144,identity,identity,0,{},9.0548477,9.0548477,0,0.00011682334,0.00011682334,0.93068051,0.93068051,-0.93056369,-0.93056369,0,1,1,277.2615,277.2615,False,1,True,False,False,1,1,277.2615,277.2615,1,1,273.20912,273.20912,1,1,47.23049,47.23049,1,1,53.138126,53.138126,1,1,130.77024,130.77024,1,1,138.46579,138.46579,1,1,133.47749,133.47749,1,1,133.15289,133.15289
0b_crop_best,file,18,baseline_crop,8410,144.Common_Tern/Common_Tern_0100_149541.jpg,144,143,144.Common_Tern,145,144,random_resized_crop,random_resized_crop,0,"{""area_fraction"":0.553108,""aspect"":0.959429,""fallback"":false,""height"":0.759274,""left"":0.067076,""top"":0.012052,""width"":0.72847}",9.0548477,7.4213381,-1.6335096,0.00011682334,0.00059834798,0.93068051,0.66951913,-0.93056369,-0.66892078,0.26164291,0.75109078,0.86519851,277.2615,239.88624,False,0.96424329,True,False,False,0.75109078,0.86519851,277.2615,239.88624,0.74581726,0.86683248,273.20912,236.82654,0.94201988,0.80862188,47.23049,38.191608,0.5241498,0.91799072,53.138126,48.780306,0.73922453,0.85825913,130.77024,112.23475,0.73440554,0.88168519,138.46579,122.08324,0.74439139,0.87425809,133.47749,116.69378,0.80585067,0.84264232,133.15289,112.20026
0b_crop_best,file,18,baseline_crop,10124,172.Nashville_Warbler/Nashville_Warbler_0076_167389.jpg,172,171,172.Nashville_Warbler,16,15,identity,identity,0,{},0.29258075,0.29258075,0,0.74633497,0.74633497,0.16731729,0.16731729,0.57901768,0.57901768,0,1,1,41.296942,41.296942,False,1,True,True,True,1,1,41.296942,41.296942,1,1,40.687834,40.687834,1,1,7.0666532,7.0666532,1,1,5.77899,5.77899,1,1,16.14086,16.14086,1,1,23.068962,23.068962,1,1,21.387246,21.387246,1,1,19.286897,19.286897
0b_crop_best,file,18,baseline_crop,10124,172.Nashville_Warbler/Nashville_Warbler_0076_167389.jpg,172,171,172.Nashville_Warbler,16,15,random_resized_crop,random_resized_crop,0,"{""area_fraction"":0.573164,""aspect"":1.258067,""fallback"":false,""height"":0.674975,""left"":0.010992,""top"":0.186353,""width"":0.849164}",0.29258075,0.19335344,-0.099227309,0.74633497,0.82419062,0.16731729,0.095606163,0.57901768,0.72858445,0.14956677,0.70826193,0.70727986,41.296942,29.208495,False,0.93579757,True,True,True,0.70826193,0.70727986,41.296942,29.208495,0.70204636,0.70865149,40.687834,28.833494,0.93116827,0.66019736,7.0666532,4.6653858,0.64265805,0.89342625,5.77899,5.1631013,0.66531225,0.81355441,16.14086,13.131468,0.7521119,0.71431449,23.068962,16.478494,0.67919211,0.6478605,21.387246,13.855952,0.70346936,0.67353227,19.286897,12.990348
0b_crop_best,file,18,baseline_crop,9855,168.Kentucky_Warbler/Kentucky_Warbler_0066_165290.jpg,168,167,168.Kentucky_Warbler,162,161,identity,identity,0,{},3.7456846,3.7456846,0,0.023619451,0.023619451,0.79304051,0.79304051,-0.76942106,-0.76942106,0,1,1,164.40137,164.40137,False,1,True,False,False,1,1,164.40137,164.40137,1,1,159.2194,159.2194,1,1,40.951108,40.951108,1,1,36.426074,36.426074,1,1,61.799634,61.799634,1,1,77.266977,77.266977,1,1,84.371631,84.371631,1,1,84.356413,84.356413
0b_crop_best,file,18,baseline_crop,9855,168.Kentucky_Warbler/Kentucky_Warbler_0066_165290.jpg,168,167,168.Kentucky_Warbler,162,161,random_resized_crop,random_resized_crop,0,"{""area_fraction"":0.589951,""aspect"":1.209275,""fallback"":false,""height"":0.698467,""left"":0.144419,""top"":0.020579,""width"":0.844638}",3.7456846,3.1475024,-0.5981822,0.023619451,0.042959288,0.79304051,0.84873003,-0.76942106,-0.80577074,-0.036349677,0.63814213,1.0324191,164.40137,169.73111,False,0.94822335,True,False,False,0.63814213,1.0324191,164.40137,169.73111,0.61828371,1.0340379,159.2194,164.63888,0.94640606,1.0076314,40.951108,41.263621,0.61064524,1.2531037,36.426074,45.645648,0.62986239,1.2209458,61.799634,75.454002,0.58031129,1.0485846,77.266977,81.020965,0.59398514,0.94387639,84.371631,79.63639,0.68503924,0.9500433,84.356413,80.142246
0b_crop_best,file,18,baseline_crop,1603,029.American_Crow/American_Crow_0068_25198.jpg,29,28,029.American_Crow,142,141,identity,identity,0,{},6.4553308,6.4553308,0,0.0015721193,0.0015721193,0.70153904,0.70153904,-0.69996692,-0.69996692,0,1,1,136.07331,136.07331,False,0.99999994,True,False,False,1,1,136.07331,136.07331,1,1,130.96212,130.96212,1,1,36.944131,36.944131,1,1,43.634624,43.634624,1,1,48.520113,48.520113,1,1,57.563385,57.563385,1,1,60.237892,60.237892,1,1,77.141101,77.141101
0b_crop_best,file,18,baseline_crop,1603,029.American_Crow/American_Crow_0068_25198.jpg,29,28,029.American_Crow,142,141,random_resized_crop,random_resized_crop,0,"{""area_fraction"":0.894899,""aspect"":1.031814,""fallback"":false,""height"":0.931293,""left"":0.025722,""top"":0.022817,""width"":0.960921}",6.4553308,6.9842062,0.52887535,0.0015721193,0.00092639838,0.70153904,0.67532456,-0.69996692,-0.67439816,0.025568759,0.86259291,1.0288362,136.07331,139.99715,False,0.98564756,True,False,False,0.86259291,1.0288362,136.07331,139.99715,0.85256147,1.0266096,130.96212,134.44698,0.98541897,1.0564154,36.944131,39.028348,0.89316457,1.0134888,43.634624,44.223201,0.78450676,0.96698626,48.520113,46.918282,0.81925128,1.0234541,57.563385,58.913483,0.8273773,1.0168297,60.237892,61.251676,0.89836176,1.0608038,77.141101,81.831575
0b_crop_best,file,18,baseline_crop,10539,179.Tennessee_Warbler/Tennessee_Warbler_0044_174824.jpg,179,178,179.Tennessee_Warbler,148,147,identity,identity,0,{},0.0031413515,0.0031413515,0,0.9968636,0.9968636,0.00089346344,0.00089346344,0.99597014,0.99597014,0,1,1,0.50579282,0.50579282,False,0.99999988,True,True,True,1,1,0.50579282,0.50579282,1,1,0.49331908,0.49331908,1,1,0.11163627,0.11163627,1,1,0.11026193,0.11026193,1,1,0.22247724,0.22247724,1,1,0.25555456,0.25555456,1,1,0.235933,0.235933,1,1,0.24644957,0.24644957
0b_crop_best,file,18,baseline_crop,10539,179.Tennessee_Warbler/Tennessee_Warbler_0044_174824.jpg,179,178,179.Tennessee_Warbler,148,147,random_resized_crop,random_resized_crop,0,"{""area_fraction"":0.662043,""aspect"":0.833472,""fallback"":false,""height"":0.891246,""left"":0.106612,""top"":0.027203,""width"":0.742829}",0.0031413515,0.0018189091,-0.0013224424,0.9968636,0.99818277,0.00089346344,0.00032608485,0.99597014,0.99785669,0.0018865486,0.69418437,0.75676412,0.50579282,0.38276585,False,0.96483576,True,True,True,0.69418437,0.75676412,0.50579282,0.38276585,0.68329506,0.75923079,0.49331908,0.37454304,0.92426697,0.70687316,0.11163627,0.078912682,0.70400325,1.1752255,0.11026193,0.12958264,0.62922581,0.81184345,0.22247724,0.18061669,0.63934318,0.74387677,0.25555456,0.1901011,0.7141408,0.69357176,0.235933,0.16363646,0.78335801,0.67840192,0.24644957,0.16719186
0b_crop_best,file,18,baseline_crop,3160,055.Evening_Grosbeak/Evening_Grosbeak_0041_37928.jpg,55,54,055.Evening_Grosbeak,12,11,identity,identity,0,{},0.1657338,0.1657338,0,0.84727174,0.84727174,0.13630468,0.13630468,0.71096706,0.71096706,0,1,1,36.511648,36.511648,False,1.0000001,True,True,True,1,1,36.511648,36.511648,1,1,35.858058,35.858058,1,1,6.8775095,6.8775095,1,1,8.0333877,8.0333877,1,1,16.166521,16.166521,1,1,17.469567,17.469567,1,1,17.967663,17.967663,1,1,18.217736,18.217736
0b_crop_best,file,18,baseline_crop,3160,055.Evening_Grosbeak/Evening_Grosbeak_0041_37928.jpg,55,54,055.Evening_Grosbeak,12,11,random_resized_crop,random_resized_crop,0,"{""area_fraction"":0.856971,""aspect"":0.909985,""fallback"":false,""height"":0.970434,""left"":0.088557,""top"":0.014921,""width"":0.88308}",0.1657338,0.18114878,0.015414983,0.84727174,0.83431125,0.13630468,0.14767534,0.71096706,0.68663591,-0.024331152,0.85314978,0.95179295,36.511648,34.751529,False,0.98251176,True,True,True,0.85314978,0.95179295,36.511648,34.751529,0.84814023,0.9493717,35.858058,34.042625,0.98232933,1.0154025,6.8775095,6.9834403,0.77318236,1.0094808,8.0333877,8.1095509,0.84390906,0.91958474,16.166521,14.866486,0.82138647,0.93240681,17.469567,16.288743,0.84844521,0.92456728,17.967663,16.612314,0.89073568,0.99840948,18.217736,18.18876
0b_crop_best,file,18,baseline_crop,6513,112.Great_Grey_Shrike/Great_Grey_Shrike_0032_797021.jpg,112,111,112.Great_Grey_Shrike,111,110,identity,identity,0,{},0.3959569,0.3959569,0,0.67303568,0.67303568,0.32239649,0.32239649,0.35063919,0.35063919,0,1,1,76.829041,76.829041,False,1,True,True,True,1,1,76.829041,76.829041,1,1,75.491516,75.491516,1,1,14.27349,14.27349,1,1,26.548616,26.548616,1,1,34.941567,34.941567,1,1,38.459923,38.459923,1,1,35.992749,35.992749,1,1,31.600369,31.600369
0b_crop_best,file,18,baseline_crop,6513,112.Great_Grey_Shrike/Great_Grey_Shrike_0032_797021.jpg,112,111,112.Great_Grey_Shrike,111,110,random_resized_crop,random_resized_crop,0,"{""area_fraction"":0.82201,""aspect"":0.823506,""fallback"":false,""height"":0.999091,""left"":0.17436,""top"":0.000524,""width"":0.822758}",0.3959569,0.13904537,-0.25691153,0.67303568,0.87018853,0.32239649,0.1269317,0.35063919,0.74325684,0.39261764,0.8770867,0.38605453,76.829041,29.660199,False,0.9877364,True,True,True,0.8770867,0.38605453,76.829041,29.660199,0.87291796,0.38500898,75.491516,29.064912,0.9877326,0.41423325,14.27349,5.912554,0.92756268,0.34721675,26.548616,9.2181243,0.83893489,0.34828599,34.941567,12.169658,0.87734085,0.40526019,38.459923,15.586276,0.87064487,0.39045529,35.992749,14.053559,0.88325503,0.4141294,31.600369,13.086642
0b_crop_best,file,18,baseline_crop,7430,127.Savannah_Sparrow/Savannah_Sparrow_0118_118603.jpg,127,126,127.Savannah_Sparrow,128,127,identity,identity,0,{},0.026257832,0.026257832,0,0.9740839,0.9740839,0.011887589,0.011887589,0.96219631,0.96219631,0,1,1,3.821006,3.821006,False,1,True,True,True,1,1,3.821006,3.821006,1,1,3.730145,3.730145,1,1,0.82831456,0.82831456,1,1,0.71877438,0.71877438,1,1,1.5041367,1.5041367,1,1,1.845761,1.845761,1,1,1.8251204,1.8251204,1,1,2.0969072,2.0969072
0b_crop_best,file,18,baseline_crop,7430,127.Savannah_Sparrow/Savannah_Sparrow_0118_118603.jpg,127,126,127.Savannah_Sparrow,128,127,random_resized_crop,random_resized_crop,0,"{""area_fraction"":0.511333,""aspect"":1.228866,""fallback"":false,""height"":0.645059,""left"":0.14723,""top"":0.174031,""width"":0.792691}",0.026257832,3.2614591,3.2352013,0.9740839,0.038332429,0.011887589,0.0016513047,0.96219631,0.036681124,-0.92551519,0.40494127,48.69066,3.821006,186.0473,False,0.80964506,False,True,False,0.40494127,48.69066,3.821006,186.0473,0.39364235,49.104363,3.730145,183.16639,0.70024037,39.373894,0.82831456,32.613969,0.5332356,69.767315,0.71877438,50.146958,0.35523032,55.415789,1.5041367,83.352921,0.39221064,57.242111,1.845761,105.65526,0.44623742,47.238987,1.8251204,86.216841,0.37641516,35.338769,2.0969072,74.102118
0b_crop_best,file,18,baseline_crop,1772,032.Mangrove_Cuckoo/Mangrove_Cuckoo_0015_26380.jpg,32,31,032.Mangrove_Cuckoo,33,32,identity,identity,0,{},2.3828056,2.3828056,0,0.092291273,0.092291273,0.83427739,0.83427739,-0.74198612,-0.74198612,0,1,1,168.52663,168.52663,False,1,True,False,False,1,1,168.52663,168.52663,1,1,163.57272,163.57272,1,1,40.560975,40.560975,1,1,33.4121,33.4121,1,1,69.85234,69.85234,1,1,90.723335,90.723335,1,1,80.221713,80.221713,1,1,78.06452,78.06452
0b_crop_best,file,18,baseline_crop,1772,032.Mangrove_Cuckoo/Mangrove_Cuckoo_0015_26380.jpg,32,31,032.Mangrove_Cuckoo,33,32,random_resized_crop,random_resized_crop,0,"{""area_fraction"":0.822768,""aspect"":0.891508,""fallback"":false,""height"":0.960674,""left"":0.085782,""top"":0.026364,""width"":0.856448}",2.3828056,1.0442121,-1.3385935,0.092291273,0.351969,0.83427739,0.49870014,-0.74198612,-0.14673114,0.59525498,0.74032364,0.74833817,168.52663,126.11491,False,0.96735179,True,False,False,0.74032364,0.74833817,168.52663,126.11491,0.72995838,0.75577843,163.57272,123.62473,0.96260819,0.614824,40.560975,24.937861,0.59640109,0.62989987,33.4121,21.046277,0.71813545,0.81040591,69.85234,56.608749,0.70319846,0.77789423,90.723335,70.573159,0.73064937,0.77225195,80.221713,61.951375,0.81295337,0.67989584,78.06452,53.075742
0b_crop_best,file,18,baseline_crop,5158,089.Hooded_Merganser/Hooded_Merganser_0089_796740.jpg,89,88,089.Hooded_Merganser,46,45,identity,identity,0,{},0.00032598426,0.00032598426,0,0.99967408,0.99967408,3.482086e-05,3.482086e-05,0.99963926,0.99963926,0,1,1,0.051935988,0.051935988,False,1,True,True,True,1,1,0.051935988,0.051935988,1,1,0.051119896,0.051119896,1,1,0.0091707725,0.0091707725,1,1,0.010442219,0.010442219,1,1,0.020765154,0.020765154,1,1,0.022585231,0.022585231,1,1,0.023830848,0.023830848,1,1,0.031543782,0.031543782
0b_crop_best,file,18,baseline_crop,5158,089.Hooded_Merganser/Hooded_Merganser_0089_796740.jpg,89,88,089.Hooded_Merganser,46,45,random_resized_crop,random_resized_crop,0,"{""area_fraction"":0.770013,""aspect"":0.941542,""fallback"":false,""height"":0.904335,""left"":0.038871,""top"":0.085664,""width"":0.851469}",0.00032598426,0.00023827098,-8.7713284e-05,0.99967408,0.99976176,3.482086e-05,1.1995943e-05,0.99963926,0.99974976,0.00011050335,0.7676455,0.7708062,0.051935988,0.040032581,False,0.97778577,True,True,True,0.7676455,0.7708062,0.051935988,0.040032581,0.76083739,0.77025832,0.051119896,0.039375525,0.97470336,0.78764025,0.0091707725,0.0072232696,0.59760653,0.74815786,0.010442219,0.0078124286,0.81277061,0.80519864,0.020765154,0.016720074,0.75706569,0.78061934,0.022585231,0.017630469,0.66964712,0.78241561,0.023830848,0.018645628,0.81212937,0.74438505,0.031543782,0.02348072
0b_crop_best,file,18,baseline_crop,10638,181.Worm_eating_Warbler/Worm_Eating_Warbler_0006_176037.jpg,181,180,181.Worm_eating_Warbler,178,177,identity,identity,0,{},0.0057117823,0.0057117823,0,0.99430448,0.99430448,0.0025952987,0.0025952987,0.99170918,0.99170918,0,1,1,0.94943504,0.94943504,False,1,True,True,True,1,1,0.94943504,0.94943504,1,1,0.93069136,0.93069136,1,1,0.18772449,0.18772449,1,1,0.19014416,0.19014416,1,1,0.45673951,0.45673951,1,1,0.50041489,0.50041489,1,1,0.42658169,0.42658169,1,1,0.43477998,0.43477998
0b_crop_best,file,18,baseline_crop,10638,181.Worm_eating_Warbler/Worm_Eating_Warbler_0006_176037.jpg,181,180,181.Worm_eating_Warbler,178,177,random_resized_crop,random_resized_crop,0,"{""area_fraction"":0.663564,""aspect"":0.963299,""fallback"":false,""height"":0.829967,""left"":0.126786,""top"":0.045853,""width"":0.799507}",0.0057117823,0.00052152382,-0.0051902584,0.99430448,0.99947864,0.0025952987,0.00033091981,0.99170918,0.99914772,0.0074385389,0.82450373,0.10308336,0.94943504,0.097870958,False,0.97981274,True,True,True,0.82450373,0.10308336,0.94943504,0.097870958,0.81806511,0.10227719,0.93069136,0.095188498,0.96940903,0.12122475,0.18772449,0.022756854,0.78952553,0.095217254,0.19014416,0.018105005,0.86344149,0.1025949,0.45673951,0.046859144,0.81313029,0.10338764,0.50041489,0.051736716,0.7685078,0.10085474,0.42658169,0.043022786,0.82703748,0.10310713,0.43477998,0.044828915
0b_crop_best,file,18,baseline_crop,2832,050.Eared_Grebe/Eared_Grebe_0068_34052.jpg,50,49,050.Eared_Grebe,51,50,identity,identity,0,{},0.12213207,0.12213207,0,0.88503146,0.88503146,0.073857851,0.073857851,0.81117361,0.81117361,0,1,1,15.67054,15.67054,False,1,True,True,True,1,1,15.67054,15.67054,1,1,15.338565,15.338565,1,1,3.2084687,3.2084687,1,1,3.5576756,3.5576756,1,1,6.1289461,6.1289461,1,1,9.0274688,9.0274688,1,1,7.3086209,7.3086209,1,1,7.0809176,7.0809176
0b_crop_best,file,18,baseline_crop,2832,050.Eared_Grebe/Eared_Grebe_0068_34052.jpg,50,49,050.Eared_Grebe,51,50,random_resized_crop,random_resized_crop,0,"{""area_fraction"":0.64808,""aspect"":0.910228,""fallback"":false,""height"":0.8438,""left"":0.125355,""top"":0.117947,""width"":0.76805}",0.12213207,0.059892941,-0.062239129,0.88503146,0.94186538,0.073857851,0.028760891,0.81117361,0.91310449,0.10193088,0.68629756,0.55508683,15.67054,8.6985106,False,0.96505487,True,True,True,0.68629756,0.55508683,15.67054,8.6985106,0.67432716,0.55481322,15.338565,8.5100384,0.95675747,0.56130383,3.2084687,1.8009258,0.53955018,0.57164607,3.5576756,2.0337313,0.62065763,0.64706105,6.1289461,3.9658023,0.71555621,0.5469894,9.0274688,4.9379297,0.66808599,0.51048634,7.3086209,3.7309511,0.70759922,0.5331853,7.0809176,3.7754412
0b_crop_best,file,18,baseline_crop,10225,174.Palm_Warbler/Palm_Warbler_0126_170311.jpg,174,173,174.Palm_Warbler,168,167,identity,identity,0,{},0.97745448,0.97745448,0,0.37626767,0.37626767,0.094445527,0.094445527,0.28182214,0.28182214,0,1,1,117.51496,117.51496,False,0.99999994,True,True,True,1,1,117.51496,117.51496,1,1,116.55055,116.55055,1,1,15.024473,15.024473,1,1,43.483259,43.483259,1,1,52.335139,52.335139,1,1,61.889126,61.889126,1,1,54.61498,54.61498,1,1,46.273225,46.273225
0b_crop_best,file,18,baseline_crop,10225,174.Palm_Warbler/Palm_Warbler_0126_170311.jpg,174,173,174.Palm_Warbler,168,167,random_resized_crop,random_resized_crop,0,"{""area_fraction"":0.851374,""aspect"":0.949617,""fallback"":false,""height"":0.946861,""left"":0.009272,""top"":0.001164,""width"":0.899155}",0.97745448,1.3234611,0.34600657,0.37626767,0.26621234,0.094445527,0.39379397,0.28182214,-0.12758163,-0.40940377,0.75862868,1.4337174,117.51496,168.48325,False,0.96705294,False,True,False,0.75862868,1.4337174,117.51496,168.48325,0.75620431,1.4327282,116.55055,166.98527,0.89933426,1.492039,15.024473,22.417099,0.87231952,1.4225141,43.483259,61.855549,0.7299288,1.4243785,52.335139,74.545049,0.76009412,1.5068679,61.889126,93.258737,0.72759726,1.4428767,54.61498,78.802685,0.7227649,1.2955565,46.273225,59.949579
0b_crop_best,file,18,baseline_crop,460,009.Brewer_Blackbird/Brewer_Blackbird_0018_2261.jpg,9,8,009.Brewer_Blackbird,11,10,identity,identity,0,{},0.08075016,0.08075016,0,0.92242414,0.92242414,0.055064496,0.055064496,0.86735964,0.86735964,0,1,1,9.301265,9.301265,False,1,True,True,True,1,1,9.301265,9.301265,1,1,8.8734218,8.8734218,1,1,2.788533,2.788533,1,1,2.4041072,2.4041072,1,1,3.2356959,3.2356959,1,1,4.4277881,4.4277881,1,1,4.2061244,4.2061244,1,1,5.0191001,5.0191001
0b_crop_best,file,18,baseline_crop,460,009.Brewer_Blackbird/Brewer_Blackbird_0018_2261.jpg,9,8,009.Brewer_Blackbird,11,10,random_resized_crop,random_resized_crop,0,"{""area_fraction"":0.615022,""aspect"":1.259652,""fallback"":false,""height"":0.698747,""left"":0.044695,""top"":0.012305,""width"":0.880178}",0.08075016,0.006894608,-0.073855552,0.92242414,0.99312913,0.055064496,0.0029232015,0.86735964,0.99020593,0.12284629,0.60825553,0.095787562,9.301265,0.8909455,False,0.92001271,True,True,True,0.60825553,0.095787562,9.301265,0.8909455,0.58422549,0.096699522,8.8734218,0.85805565,0.88565941,0.086010246,2.788533,0.23984241,0.73234316,0.10850324,2.4041072,0.26085342,0.4689256,0.10584739,3.2356959,0.34248997,0.57640572,0.091995295,4.4277881,0.40733567,0.52875955,0.093589445,4.2061244,0.39364885,0.64563726,0.095558653,5.0191001,0.47961844
0b_crop_best,file,18,baseline_crop,7417,127.Savannah_Sparrow/Savannah_Sparrow_0054_120057.jpg,127,126,127.Savannah_Sparrow,120,119,identity,identity,0,{},6.2587695,6.2587695,0,0.0019135986,0.0019135986,0.47468582,0.47468582,-0.47277222,-0.47277222,0,1,1,136.18335,136.18335,False,1,True,False,False,1,1,136.18335,136.18335,1,1,133.11854,133.11854,1,1,28.729063,28.729063,1,1,21.654173,21.654173,1,1,66.50819,66.50819,1,1,65.620666,65.620666,1,1,59.358432,59.358432,1,1,70.702242,70.702242
0b_crop_best,file,18,baseline_crop,7417,127.Savannah_Sparrow/Savannah_Sparrow_0054_120057.jpg,127,126,127.Savannah_Sparrow,120,119,random_resized_crop,random_resized_crop,0,"{""area_fraction"":0.632398,""aspect"":0.968089,""fallback"":false,""height"":0.808235,""left"":0.021392,""top"":0.079469,""width"":0.782443}",6.2587695,6.5659471,0.30717754,0.0019135986,0.0014074902,0.47468582,0.56207848,-0.47277222,-0.56067099,-0.087898766,0.71574612,1.3999605,136.18335,190.6513,False,0.93066907,True,False,False,0.71574612,1.3999605,136.18335,190.6513,0.70736388,1.4048597,133.11854,187.01286,0.91417754,1.290295,28.729063,37.068966,0.57871086,1.6084577,21.654173,34.829822,0.70616438,1.2514555,66.50819,83.232039,0.71270283,1.6940023,65.620666,111.16156,0.70080396,1.3872278,59.358432,82.343666,0.74810342,1.2407729,70.702242,87.725426
0b_crop_best,file,18,baseline_crop,3546,061.Heermann_Gull/Heermann_Gull_0131_45548.jpg,61,60,061.Heermann_Gull,66,65,identity,identity,0,{},0.1310593,0.1310593,0,0.87716573,0.87716573,0.097352505,0.097352505,0.77981323,0.77981323,0,1,1,17.357777,17.357777,False,0.99999994,True,True,True,1,1,17.357777,17.357777,1,1,16.696445,16.696445,1,1,4.7456474,4.7456474,1,1,3.1479195,3.1479195,1,1,7.2774562,7.2774562,1,1,8.8674614,8.8674614,1,1,7.6258068,7.6258068,1,1,8.8947006,8.8947006
0b_crop_best,file,18,baseline_crop,3546,061.Heermann_Gull/Heermann_Gull_0131_45548.jpg,61,60,061.Heermann_Gull,66,65,random_resized_crop,random_resized_crop,0,"{""area_fraction"":0.891704,""aspect"":0.953686,""fallback"":false,""height"":0.966958,""left"":0.008995,""top"":0.019668,""width"":0.922175}",0.1310593,0.28366098,0.15260167,0.87716573,0.7530219,0.097352505,0.20119254,0.77981323,0.55182935,-0.22798388,0.84306054,2.1191591,17.357777,36.783892,False,0.98234117,True,True,True,0.84306054,2.1191591,17.357777,36.783892,0.83299502,2.1320487,16.696445,35.597633,0.9821418,1.952577,4.7456474,9.2662421,0.83629584,2.5578115,3.1479195,8.0517847,0.83990902,2.1766103,7.2774562,15.840187,0.82139459,2.1343324,8.8674614,18.92611,0.80244373,2.1436213,7.6258068,16.346842,0.8666713,2.0300124,8.8947006,18.056353
0b_crop_best,file,18,baseline_crop,5772,099.Ovenbird/Ovenbird_0010_92957.jpg,99,98,099.Ovenbird,149,148,identity,identity,0,{},0.049046896,0.049046896,0,0.95213646,0.95213646,0.033532053,0.033532053,0.9186044,0.9186044,0,1,1,9.2060206,9.2060206,False,1.0000001,True,True,True,1,1,9.2060206,9.2060206,1,1,9.060659,9.060659,1,1,1.629501,1.629501,1,1,1.6160306,1.6160306,1,1,4.6791282,4.6791282,1,1,4.7277095,4.7277095,1,1,4.4008837,4.4008837,1,1,3.9838087,3.9838087
0b_crop_best,file,18,baseline_crop,5772,099.Ovenbird/Ovenbird_0010_92957.jpg,99,98,099.Ovenbird,149,148,random_resized_crop,random_resized_crop,0,"{""area_fraction"":0.51447,""aspect"":1.148134,""fallback"":false,""height"":0.669397,""left"":0.213473,""top"":0.151533,""width"":0.768557}",0.049046896,0.68965876,0.64061186,0.95213646,0.50174725,0.033532053,0.17866303,0.9186044,0.32308422,-0.59552018,0.70402499,8.9024842,9.2060206,81.956453,False,0.93311566,True,True,True,0.70402499,8.9024842,9.2060206,81.956453,0.69937518,8.9510806,9.060659,81.102688,0.89722095,7.240808,1.629501,11.798904,0.43059254,7.7653343,1.6160306,12.549018,0.81317164,10.037813,4.6791282,46.968214,0.67134943,9.0572854,4.7277095,42.820215,0.64148448,8.0454939,4.4008837,35.407282,0.67762003,8.4264741,3.9838087,33.569461
0b_crop_best,file,18,baseline_crop,11034,188.Pileated_Woodpecker/Pileated_Woodpecker_0038_180300.jpg,188,187,188.Pileated_Woodpecker,191,190,identity,identity,0,{},0.0046269973,0.0046269973,0,0.99538368,0.99538368,0.0032616416,0.0032616416,0.99212204,0.99212204,0,1,1,0.74744878,0.74744878,False,0.99999994,True,True,True,1,1,0.74744878,0.74744878,1,1,0.73027686,0.73027686,1,1,0.15929657,0.15929657,1,1,0.21052126,0.21052126,1,1,0.27780905,0.27780905,1,1,0.33876743,0.33876743,1,1,0.38369936,0.38369936,1,1,0.38706414,0.38706414
0b_crop_best,file,18,baseline_crop,11034,188.Pileated_Woodpecker/Pileated_Woodpecker_0038_180300.jpg,188,187,188.Pileated_Woodpecker,191,190,random_resized_crop,random_resized_crop,0,"{""area_fraction"":0.625082,""aspect"":1.213754,""fallback"":false,""height"":0.717634,""left"":0.09183,""top"":0.018878,""width"":0.871031}",0.0046269973,0.0028879624,-0.0017390349,0.99538368,0.99711621,0.0032616416,0.0019766686,0.99212204,0.99513954,0.0030175012,0.66466351,0.63896535,0.74744878,0.47759387,False,0.95803994,True,True,True,0.66466351,0.63896535,0.74744878,0.47759387,0.65098469,0.63947709,0.73027686,0.46699532,0.95744867,0.62811385,0.15929657,0.10005638,0.67425893,0.49965698,0.21052126,0.10518842,0.48873228,0.7244921,0.27780905,0.20127046,0.58711012,0.66782623,0.33876743,0.22623778,0.68056091,0.60786892,0.38369936,0.23323892,0.77294913,0.63770448,0.38706414,0.24683254
0b_crop_best,file,18,baseline_crop,8042,137.Cliff_Swallow/Cliff_Swallow_0011_133033.jpg,137,136,137.Cliff_Swallow,118,117,identity,identity,0,{},4.9249487,4.9249487,0,0.0072630988,0.0072630988,0.72677583,0.72677583,-0.71951273,-0.71951273,0,1,1,157.55479,157.55479,False,0.99999994,True,False,False,1,1,157.55479,157.55479,1,1,155.02982,155.02982,1,1,28.093887,28.093887,1,1,40.301727,40.301727,1,1,66.814305,66.814305,1,1,78.042433,78.042433,1,1,79.048107,79.048107,1,1,74.877494,74.877494
0b_crop_best,file,18,baseline_crop,8042,137.Cliff_Swallow/Cliff_Swallow_0011_133033.jpg,137,136,137.Cliff_Swallow,118,117,random_resized_crop,random_resized_crop,0,"{""area_fraction"":0.727925,""aspect"":0.982194,""fallback"":false,""height"":0.860884,""left"":0.061463,""top"":0.134891,""width"":0.845555}",4.9249487,3.3137469,-1.6112018,0.0072630988,0.036379613,0.72677583,0.11362998,-0.71951273,-0.077250369,0.64226236,0.53484761,1.0361758,157.55479,163.25446,False,0.93330336,False,False,False,0.53484761,1.0361758,157.55479,163.25446,0.52695374,1.0383707,155.02982,160.97842,0.79429816,0.96695531,28.093887,27.165533,0.73273988,1.2034538,40.301727,48.501266,0.34150581,1.0839252,66.814305,72.421708,0.51362759,1.0422873,78.042433,81.342635,0.58579027,1.0343025,79.048107,81.759655,0.56943249,0.94581509,74.877494,70.820264
0b_crop_best,file,18,baseline_crop,1670,030.Fish_Crow/Fish_Crow_0028_25968.jpg,30,29,030.Fish_Crow,27,26,identity,identity,0,{},5.1633291,5.1633291,0,0.0057226168,0.0057226168,0.96149164,0.96149164,-0.95576903,-0.95576903,0,1,1,234.17529,234.17529,False,1,True,False,False,1,1,234.17529,234.17529,1,1,229.14409,229.14409,1,1,48.280983,48.280983,1,1,44.549264,44.549264,1,1,115.84433,115.84433,1,1,117.82724,117.82724,1,1,115.11399,115.11399,1,1,99.839767,99.839767
0b_crop_best,file,18,baseline_crop,1670,030.Fish_Crow/Fish_Crow_0028_25968.jpg,30,29,030.Fish_Crow,27,26,random_resized_crop,random_resized_crop,0,"{""area_fraction"":0.785841,""aspect"":1.094799,""fallback"":false,""height"":0.847228,""left"":0.033299,""top"":0.06624,""width"":0.927544}",5.1633291,3.8710599,-1.2922692,0.0057226168,0.020836275,0.96149164,0.7337752,-0.95576903,-0.71293892,0.2428301,0.75218293,0.86359254,234.17529,202.23203,False,0.97379124,True,False,False,0.75218293,0.86359254,234.17529,202.23203,0.74402259,0.86745881,229.14409,198.77306,0.9638774,0.77138738,48.280983,37.243341,0.53645299,0.78039941,44.549264,34.766219,0.76284871,0.93612606,115.84433,108.4449,0.68738854,0.88272553,117.82724,104.00911,0.74319005,0.81721961,115.11399,94.073409,0.8458903,0.83042903,99.839767,82.909841
0b_crop_best,file,18,baseline_crop,11448,195.Carolina_Wren/Carolina_Wren_0014_186525.jpg,195,194,195.Carolina_Wren,130,129,identity,identity,0,{},0.010554919,0.010554919,0,0.98950058,0.98950058,0.0031859875,0.0031859875,0.98631459,0.98631459,0,1,1,2.1249254,2.1249254,False,1,True,True,True,1,1,2.1249254,2.1249254,1,1,2.093154,2.093154,1,1,0.36607929,0.36607929,1,1,0.41749891,0.41749891,1,1,0.97438211,0.97438211,1,1,1.125621,1.125621,1,1,0.9911637,0.9911637,1,1,1.0040616,1.0040616
0b_crop_best,file,18,baseline_crop,11448,195.Carolina_Wren/Carolina_Wren_0014_186525.jpg,195,194,195.Carolina_Wren,130,129,random_resized_crop,random_resized_crop,0,"{""area_fraction"":0.598362,""aspect"":1.045433,""fallback"":false,""height"":0.756543,""left"":0.043627,""top"":0.09178,""width"":0.790915}",0.010554919,0.044294354,0.033739435,0.98950058,0.95667231,0.0031859875,0.025375148,0.98631459,0.93129716,-0.055017432,0.69070386,5.7750139,2.1249254,12.271474,False,0.93944311,True,True,True,0.69070386,5.7750139,2.1249254,12.271474,0.68468013,5.7852695,2.093154,12.10946,0.90191325,5.4290709,0.36607929,1.9874705,0.78702052,6.4459793,0.41749891,2.6911893,0.67591581,6.3971527,0.97438211,6.2332712,0.68979042,5.6713995,1.125621,6.3838464,0.65122621,5.6648101,0.9911637,5.6147541,0.70892117,5.294874,1.0040616,5.3163798
0b_crop_best,file,18,baseline_crop,5979,103.Sayornis/Sayornis_0086_98829.jpg,103,102,103.Sayornis,102,101,identity,identity,0,{},0.53376859,0.53376859,0,0.58639091,0.58639091,0.062051333,0.062051333,0.52433958,0.52433958,0,1,1,82.862695,82.862695,False,1,True,True,True,1,1,82.862695,82.862695,1,1,82.083592,82.083592,1,1,11.336231,11.336231,1,1,18.239845,18.239845,1,1,35.837445,35.837445,1,1,49.77359,49.77359,1,1,40.081673,40.081673,1,1,32.198616,32.198616
0b_crop_best,file,18,baseline_crop,5979,103.Sayornis/Sayornis_0086_98829.jpg,103,102,103.Sayornis,102,101,random_resized_crop,random_resized_crop,0,"{""area_fraction"":0.569971,""aspect"":0.986433,""fallback"":false,""height"":0.760138,""left"":0.06089,""top"":0.166978,""width"":0.749826}",0.53376859,0.65937972,0.12561113,0.58639091,0.51717204,0.062051333,0.065058477,0.52433958,0.45211356,-0.072226018,0.76492629,1.4171213,82.862695,117.42649,False,0.95006657,True,True,True,0.76492629,1.4171213,82.862695,117.42649,0.76164704,1.4182631,82.083592,116.41613,0.94552024,1.3559153,11.336231,15.370969,0.52386502,1.5526902,18.239845,28.320829,0.76845879,1.7239652,35.837445,61.782507,0.80874688,1.4507095,49.77359,72.207022,0.76142807,1.1799002,40.081673,47.292375,0.77106903,1.1960642,32.198616,38.511612
0b_crop_best,file,18,baseline_crop,7152,123.Henslow_Sparrow/Henslow_Sparrow_0081_116755.jpg,123,122,123.Henslow_Sparrow,128,127,identity,identity,0,{},1.5665442,1.5665442,0,0.2087654,0.2087654,0.14781186,0.14781186,0.060953543,0.060953543,0,1,1,150.98384,150.98384,False,0.99999994,True,True,True,1,1,150.98384,150.98384,1,1,148.97036,148.97036,1,1,24.575422,24.575422,1,1,33.366093,33.366093,1,1,70.783855,70.783855,1,1,96.71741,96.71741,1,1,62.118707,62.118707,1,1,53.437134,53.437134
0b_crop_best,file,18,baseline_crop,7152,123.Henslow_Sparrow/Henslow_Sparrow_0081_116755.jpg,123,122,123.Henslow_Sparrow,128,127,random_resized_crop,random_resized_crop,0,"{""area_fraction"":0.783266,""aspect"":0.89751,""fallback"":false,""height"":0.93419,""left"":0.041218,""top"":0.037057,""width"":0.838444}",1.5665442,0.96414816,-0.60239601,0.2087654,0.3813079,0.14781186,0.076097533,0.060953543,0.30521037,0.24425682,0.74345339,0.71904242,150.98384,108.56379,False,0.9548595,True,True,True,0.74345339,0.71904242,150.98384,108.56379,0.73829768,0.71858685,148.97036,107.04814,0.92871951,0.73558655,24.575422,18.07735,0.79902216,0.63353281,33.366093,21.138515,0.67857171,0.58945489,70.783855,41.723889,0.77649246,0.75222459,96.71741,72.753214,0.69803107,0.75014502,62.118707,46.598038,0.75789381,0.79553134,53.437134,42.510915
0b_crop_best,file,18,baseline_crop,2554,045.Northern_Fulmar/Northern_Fulmar_0076_43893.jpg,45,44,045.Northern_Fulmar,63,62,identity,identity,0,{},2.6489036,2.6489036,0,0.070728727,0.070728727,0.84172243,0.84172243,-0.7709937,-0.7709937,0,1,1,219.80653,219.80653,False,1,True,False,False,1,1,219.80653,219.80653,1,1,217.38239,217.38239,1,1,32.554675,32.554675,1,1,57.790306,57.790306,1,1,93.006977,93.006977,1,1,117.49418,117.49418,1,1,106.63758,106.63758,1,1,100.44218,100.44218
0b_crop_best,file,18,baseline_crop,2554,045.Northern_Fulmar/Northern_Fulmar_0076_43893.jpg,45,44,045.Northern_Fulmar,63,62,random_resized_crop,random_resized_crop,0,"{""area_fraction"":0.805496,""aspect"":0.860579,""fallback"":false,""height"":0.967467,""left"":0.074983,""top"":0.001115,""width"":0.832582}",2.6489036,1.5510058,-1.0978978,0.070728727,0.2120346,0.84172243,0.65918905,-0.7709937,-0.44715445,0.32383925,0.82716471,0.80631676,219.80653,177.23369,False,0.96870238,True,False,False,0.82716471,0.80631676,219.80653,177.23369,0.82379657,0.8044924,217.38239,174.88248,0.96743549,0.88384339,32.554675,28.773235,0.62043561,0.77196794,57.790306,44.612263,0.76261472,0.79323147,93.006977,73.776061,0.85882767,0.79935316,117.49418,93.919342,0.84311107,0.81231349,106.63758,86.623145,0.87003635,0.82257752,100.44218,82.621478
0b_crop_best,file,18,baseline_crop,115,002.Laysan_Albatross/Laysan_Albatross_0018_492.jpg,2,1,002.Laysan_Albatross,44,43,identity,identity,0,{},0.05108697,0.05108697,0,0.95019603,0.95019603,0.023636667,0.023636667,0.92655936,0.92655936,0,1,1,9.9427565,9.9427565,False,0.99999994,True,True,True,1,1,9.9427565,9.9427565,1,1,9.8382841,9.8382841,1,1,1.437558,1.437558,1,1,3.2108208,3.2108208,1,1,4.7817205,4.7817205,1,1,5.3016111,5.3016111,1,1,4.3814871,4.3814871,1,1,4.0389484,4.0389484
0b_crop_best,file,18,baseline_crop,115,002.Laysan_Albatross/Laysan_Albatross_0018_492.jpg,2,1,002.Laysan_Albatross,44,43,random_resized_crop,random_resized_crop,0,"{""area_fraction"":0.669546,""aspect"":1.18967,""fallback"":false,""height"":0.7502,""left"":0.085022,""top"":0.210435,""width"":0.89249}",0.05108697,0.063043468,0.011956498,0.95019603,0.93890268,0.023636667,0.036816895,0.92655936,0.90208578,-0.02447358,0.78599967,1.3209411,9.9427565,13.133796,False,0.9538914,True,True,True,0.78599967,1.3209411,9.9427565,13.133796,0.78244879,1.3187783,9.8382841,12.974516,0.94265833,1.4185506,1.437558,2.0392488,0.87008906,1.2880054,3.2108208,4.1355547,0.78028662,1.364214,4.7817205,6.5232901,0.77788297,1.4204965,5.3016111,7.5309198,0.75013975,1.2375325,4.3814871,5.4222326,0.78728487,1.1761547,4.0389484,4.7504282
0b_crop_best,file,18,baseline_crop,9090,155.Warbling_Vireo/Warbling_Vireo_0003_158484.jpg,155,154,155.Warbling_Vireo,153,152,identity,identity,0,{},0.055224951,0.055224951,0,0.94627225,0.94627225,0.025858311,0.025858311,0.92041394,0.92041394,0,1,1,8.5262106,8.5262106,False,0.99999988,True,True,True,1,1,8.5262106,8.5262106,1,1,8.3557646,8.3557646,1,1,1.6963091,1.6963091,1,1,1.8679891,1.8679891,1,1,4.0367566,4.0367566,1,1,4.5237105,4.5237105,1,1,3.8502504,3.8502504,1,1,3.8400041,3.8400041
0b_crop_best,file,18,baseline_crop,9090,155.Warbling_Vireo/Warbling_Vireo_0003_158484.jpg,155,154,155.Warbling_Vireo,153,152,random_resized_crop,random_resized_crop,0,"{""area_fraction"":0.710872,""aspect"":0.811738,""fallback"":false,""height"":0.93581,""left"":0.092508,""top"":0.000321,""width"":0.759632}",0.055224951,0.013722251,-0.0415027,0.94627225,0.98637146,0.025858311,0.0072443602,0.92041394,0.9791271,0.058713154,0.77278699,0.24281546,8.5262106,2.0702957,False,0.96547592,True,True,True,0.77278699,0.24281546,8.5262106,2.0702957,0.76451467,0.2416788,8.3557646,2.0194112,0.95738911,0.26892692,1.6963091,0.45618317,0.81924671,0.30395867,1.8679891,0.56779148,0.79666825,0.23318819,4.0367566,0.94132397,0.77449725,0.21720462,4.5237105,0.98257079,0.71520035,0.25015902,3.8502504,0.96317488,0.76670911,0.2573241,3.8400041,0.9881256
0b_crop_best,file,18,baseline_crop,313,006.Least_Auklet/Least_Auklet_0030_795116.jpg,6,5,006.Least_Auklet,7,6,identity,identity,0,{},0.013106977,0.013106977,0,0.98697853,0.98697853,0.0086257625,0.0086257625,0.97835277,0.97835277,0,1,1,3.3713694,3.3713694,False,1,True,True,True,1,1,3.3713694,3.3713694,1,1,3.3327899,3.3327899,1,1,0.50857022,0.50857022,1,1,0.86476431,0.86476431,1,1,1.5265548,1.5265548,1,1,1.9455325,1.9455325,1,1,1.6228056,1.6228056,1,1,1.2691363,1.2691363
0b_crop_best,file,18,baseline_crop,313,006.Least_Auklet/Least_Auklet_0030_795116.jpg,6,5,006.Least_Auklet,7,6,random_resized_crop,random_resized_crop,0,"{""area_fraction"":0.578483,""aspect"":1.146605,""fallback"":false,""height"":0.710295,""left"":0.045917,""top"":0.007014,""width"":0.814427}",0.013106977,0.74143559,0.72832861,0.98697853,0.47642946,0.0086257625,0.2113061,0.97835277,0.26512337,-0.7132294,0.67394566,29.475878,3.3713694,99.374076,False,0.91209137,True,True,True,0.67394566,29.475878,3.3713694,99.374076,0.66875604,29.447758,3.3327899,98.143188,0.88854333,30.659197,0.50857022,15.592355,0.78167614,36.515089,0.86476431,31.576946,0.62996435,34.303386,1.5265548,52.365997,0.65021501,27.319103,1.9455325,53.150201,0.69336318,26.109032,1.6228056,42.369883,0.70965486,28.108869,1.2691363,35.673986
0b_crop_best,file,18,baseline_crop,5206,090.Red_breasted_Merganser/Red_Breasted_Merganser_0080_79488.jpg,90,89,090.Red_breasted_Merganser,51,50,identity,identity,0,{},0.043810461,0.043810461,0,0.95713538,0.95713538,0.025268374,0.025268374,0.93186701,0.93186701,0,1,1,7.9748362,7.9748362,False,1.0000001,True,True,True,1,1,7.9748362,7.9748362,1,1,7.8471429,7.8471429,1,1,1.4213935,1.4213935,1,1,2.2512903,2.2512903,1,1,3.2098782,3.2098782,1,1,3.9795187,3.9795187,1,1,4.0262388,4.0262388,1,1,3.7628258,3.7628258
0b_crop_best,file,18,baseline_crop,5206,090.Red_breasted_Merganser/Red_Breasted_Merganser_0080_79488.jpg,90,89,090.Red_breasted_Merganser,51,50,random_resized_crop,random_resized_crop,0,"{""area_fraction"":0.512576,""aspect"":1.274299,""fallback"":false,""height"":0.634225,""left"":0.040736,""top"":0.10617,""width"":0.808192}",0.043810461,1.482174,1.4383636,0.95713538,0.22714332,0.025268374,0.65201324,0.93186701,-0.42486992,-1.3567369,0.5941446,27.1106,7.9748362,216.20259,False,0.92917562,False,True,False,0.5941446,27.1106,7.9748362,216.20259,0.5854663,27.230279,7.8471429,213.67989,0.91257852,23.168246,1.4213935,32.931195,0.6504086,21.399726,2.2512903,48.176994,0.58784398,38.322974,3.2098782,123.01208,0.56568705,29.089792,3.9795187,115.76337,0.59547806,22.068909,4.0262388,88.854699,0.65669852,22.091144,3.7628258,83.125128
0b_crop_best,file,18,baseline_crop,10103,172.Nashville_Warbler/Nashville_Warbler_0023_167242.jpg,172,171,172.Nashville_Warbler,20,19,identity,identity,0,{},3.5679252,3.5679252,0,0.028214334,0.028214334,0.48350501,0.48350501,-0.45529068,-0.45529068,0,1,1,200.25256,200.25256,False,0.99999988,True,False,False,1,1,200.25256,200.25256,1,1,197.55387,197.55387,1,1,32.765154,32.765154,1,1,42.715176,42.715176,1,1,89.879459,89.879459,1,1,111.9344,111.9344,1,1,99.456605,99.456605,1,1,81.876138,81.876138
0b_crop_best,file,18,baseline_crop,10103,172.Nashville_Warbler/Nashville_Warbler_0023_167242.jpg,172,171,172.Nashville_Warbler,20,19,random_resized_crop,random_resized_crop,0,"{""area_fraction"":0.813486,""aspect"":0.899246,""fallback"":false,""height"":0.951121,""left"":0.066482,""top"":0.014998,""width"":0.855292}",3.5679252,1.9440432,-1.6238821,0.028214334,0.14312409,0.48350501,0.41167745,-0.45529068,-0.26855336,0.18673732,0.83554743,0.92507944,200.25256,185.24952,False,0.96212596,True,False,False,0.83554743,0.92507944,200.25256,185.24952,0.83215837,0.92458484,197.55387,182.65531,0.95651687,0.94288366,32.765154,30.893728,0.83513411,1.08353,42.715176,46.283173,0.8440138,0.93159244,89.879459,83.731025,0.85294345,0.97076314,111.9344,108.66179,0.81022348,0.85905821,99.456605,85.439013,0.81484432,0.87245745,81.876138,71.433446
0b_crop_best,file,18,baseline_crop,10552,180.Wilson_Warbler/Wilson_Warbler_0108_175179.jpg,180,179,180.Wilson_Warbler,182,181,identity,identity,0,{},0.01539913,0.01539913,0,0.98471886,0.98471886,0.0041911895,0.0041911895,0.98052767,0.98052767,0,1,1,2.1986646,2.1986646,False,0.99999988,True,True,True,1,1,2.1986646,2.1986646,1,1,2.154036,2.154036,1,1,0.44074357,0.44074357,1,1,0.45818323,0.45818323,1,1,0.88676951,0.88676951,1,1,1.1129289,1.1129289,1,1,1.0584461,1.0584461,1,1,1.1334284,1.1334284
0b_crop_best,file,18,baseline_crop,10552,180.Wilson_Warbler/Wilson_Warbler_0108_175179.jpg,180,179,180.Wilson_Warbler,182,181,random_resized_crop,random_resized_crop,0,"{""area_fraction"":0.609593,""aspect"":1.172354,""fallback"":false,""height"":0.721092,""left"":0.017199,""top"":0.147744,""width"":0.845375}",0.01539913,0.023350613,0.0079514831,0.98471886,0.97691989,0.0041911895,0.0013747602,0.98052767,0.97554513,-0.0049825404,0.62091001,1.5817675,2.1986646,3.4777761,False,0.95321447,True,True,True,0.62091001,1.5817675,2.1986646,3.4777761,0.60792486,1.5783008,2.154036,3.3997167,0.91617364,1.6624241,0.44074357,0.73270271,0.48509895,1.5111394,0.45818323,0.69237874,0.53549798,1.542046,0.88676951,1.3674393,0.54131432,1.439693,1.1129289,1.6022759,0.62703642,1.7082958,1.0584461,1.8081391,0.7126829,1.6201629,1.1334284,1.8363386
0b_crop_best,file,18,baseline_crop,345,007.Parakeet_Auklet/Parakeet_Auklet_0047_795956.jpg,7,6,007.Parakeet_Auklet,5,4,identity,identity,0,{},0.016236106,0.016236106,0,0.983895,0.983895,0.0095742354,0.0095742354,0.97432077,0.97432077,0,1,1,2.9889541,2.9889541,False,1,True,True,True,1,1,2.9889541,2.9889541,1,1,2.943833,2.943833,1,1,0.51739147,0.51739147,1,1,0.69970339,0.69970339,1,1,1.4088602,1.4088602,1,1,1.7659655,1.7659655,1,1,1.2127394,1.2127394,1,1,1.2658238,1.2658238
0b_crop_best,file,18,baseline_crop,345,007.Parakeet_Auklet/Parakeet_Auklet_0047_795956.jpg,7,6,007.Parakeet_Auklet,5,4,random_resized_crop,random_resized_crop,0,"{""area_fraction"":0.520532,""aspect"":0.977667,""fallback"":false,""height"":0.729673,""left"":0.049947,""top"":0.267107,""width"":0.713377}",0.016236106,0.034409802,0.018173696,0.983895,0.9661755,0.0095742354,0.010416197,0.97432077,0.9557593,-0.018561468,0.64366375,2.6190096,2.9889541,7.8280995,False,0.93052852,True,True,True,0.64366375,2.6190096,2.9889541,7.8280995,0.63854119,2.6194525,2.943833,7.7112307,0.81045203,2.6046311,0.51739147,1.3476139,0.77225394,3.0613937,0.69970339,2.1420675,0.66551434,2.7147961,1.4088602,3.8247682,0.678406,2.6010157,1.7659655,4.593304,0.52208642,2.6628939,1.2127394,3.2293964,0.58967258,2.332617,1.2658238,2.9526821
0b_crop_best,file,18,baseline_crop,9955,170.Mourning_Warbler/Mourning_Warbler_0008_166467.jpg,170,169,170.Mourning_Warbler,160,159,identity,identity,0,{},2.1106853,2.1106853,0,0.1211549,0.1211549,0.076287068,0.076287068,0.044867828,0.044867828,0,1,1,130.49169,130.49169,False,1,True,True,True,1,1,130.49169,130.49169,1,1,128.57352,128.57352,1,1,22.291926,22.291926,1,1,36.242528,36.242528,1,1,58.401682,58.401682,1,1,68.752351,68.752351,1,1,62.427491,62.427491,1,1,56.416274,56.416274
0b_crop_best,file,18,baseline_crop,9955,170.Mourning_Warbler/Mourning_Warbler_0008_166467.jpg,170,169,170.Mourning_Warbler,160,159,random_resized_crop,random_resized_crop,0,"{""area_fraction"":0.750514,""aspect"":0.810502,""fallback"":false,""height"":0.962282,""left"":0.177728,""top"":0.012382,""width"":0.779931}",2.1106853,4.0201459,1.9094605,0.1211549,0.017950349,0.076287068,0.0032995623,0.044867828,0.014650786,-0.030217042,0.48424867,0.8539241,130.49169,111.43,False,0.85109466,False,True,False,0.48424867,0.8539241,130.49169,111.43,0.47164932,0.84755475,128.57352,108.9731,0.83472256,1.0438903,22.291926,23.270326,0.55484145,0.73995733,36.242528,26.817924,0.27155191,0.80519874,58.401682,47.024961,0.46784045,0.84260692,68.752351,57.931207,0.49554504,0.83141014,62.427491,51.902849,0.61089038,0.95366143,56.416274,53.802025
0b_crop_best,file,18,baseline_crop,7995,137.Cliff_Swallow/Cliff_Swallow_0044_133927.jpg,137,136,137.Cliff_Swallow,69,68,identity,identity,0,{},0.79118711,0.79118711,0,0.45330635,0.45330635,0.42411023,0.42411023,0.029196113,0.029196113,0,1,1,137.55568,137.55568,False,1.0000001,True,True,True,1,1,137.55568,137.55568,1,1,134.99795,134.99795,1,1,26.40302,26.40302,1,1,38.389753,38.389753,1,1,58.379426,58.379426,1,1,78.925194,78.925194,1,1,60.698391,60.698391,1,1,58.557957,58.557957
0b_crop_best,file,18,baseline_crop,7995,137.Cliff_Swallow/Cliff_Swallow_0044_133927.jpg,137,136,137.Cliff_Swallow,69,68,random_resized_crop,random_resized_crop,0,"{""area_fraction"":0.709159,""aspect"":0.963938,""fallback"":false,""height"":0.857724,""left"":0.126856,""top"":0.050425,""width"":0.826792}",0.79118711,0.68381006,-0.10737705,0.45330635,0.50469041,0.42411023,0.060585596,0.029196113,0.44410481,0.4149087,0.3817407,0.67600428,137.55568,92.988228,False,0.94941449,True,True,True,0.3817407,0.67600428,137.55568,92.988228,0.3669746,0.67157469,134.99795,90.661205,0.71715618,0.78296356,26.40302,20.672603,0.53257408,0.7100971,38.389753,27.260452,0.10197268,0.71827724,58.379426,41.932613,0.34527028,0.59209143,78.925194,46.73093,0.43427216,0.69908796,60.698391,42.433514,0.53010634,0.71102993,58.557957,41.63646
0b_crop_best,file,18,baseline_crop,7867,135.Bank_Swallow/Bank_Swallow_0015_129853.jpg,135,134,135.Bank_Swallow,102,101,identity,identity,0,{},0.085870467,0.085870467,0,0.91771311,0.91771311,0.026839666,0.026839666,0.89087344,0.89087344,0,1,1,13.746422,13.746422,False,1,True,True,True,1,1,13.746422,13.746422,1,1,13.511111,13.511111,1,1,2.5325884,2.5325884,1,1,3.6081431,3.6081431,1,1,6.5684038,6.5684038,1,1,6.9168441,6.9168441,1,1,6.3970475,6.3970475,1,1,6.133721,6.133721
0b_crop_best,file,18,baseline_crop,7867,135.Bank_Swallow/Bank_Swallow_0015_129853.jpg,135,134,135.Bank_Swallow,102,101,random_resized_crop,random_resized_crop,0,"{""area_fraction"":0.639915,""aspect"":1.275674,""fallback"":false,""height"":0.708258,""left"":0.023753,""top"":0.156135,""width"":0.903506}",0.085870467,0.51152372,0.42565326,0.91771311,0.5995813,0.026839666,0.15028785,0.89087344,0.44929345,-0.44157999,0.76046494,5.7121826,13.746422,78.522072,False,0.93117225,True,True,True,0.76046494,5.7121826,13.746422,78.522072,0.7561068,5.7437822,13.511111,77.604876,0.92537417,4.7250375,2.5325884,11.966575,0.59949455,5.7399029,3.6081431,20.710391,0.80864024,6.8200964,6.5684038,44.797148,0.77422793,5.9877739,6.9168441,41.416498,0.75947157,5.0157443,6.3970475,32.085954,0.74380062,4.7307084,6.133721,29.016846
0b_crop_best,file,18,baseline_crop,2741,048.European_Goldfinch/European_Goldfinch_0100_794685.jpg,48,47,048.European_Goldfinch,47,46,identity,identity,0,{},0.0061783274,0.0061783274,0,0.99384069,0.99384069,0.0017117342,0.0017117342,0.99212896,0.99212896,0,1,1,0.8368973,0.8368973,False,1.0000002,True,True,True,1,1,0.8368973,0.8368973,1,1,0.81999221,0.81999221,1,1,0.16736151,0.16736151,1,1,0.15331215,0.15331215,1,1,0.3237645,0.3237645,1,1,0.3437628,0.3437628,1,1,0.40083663,0.40083663,1,1,0.51499154,0.51499154
0b_crop_best,file,18,baseline_crop,2741,048.European_Goldfinch/European_Goldfinch_0100_794685.jpg,48,47,048.European_Goldfinch,47,46,random_resized_crop,random_resized_crop,0,"{""area_fraction"":0.551037,""aspect"":0.954111,""fallback"":false,""height"":0.759961,""left"":0.181181,""top"":0.065355,""width"":0.725087}",0.0061783274,0.0047437507,-0.0014345767,0.99384069,0.99526751,0.0017117342,0.0025784404,0.99212896,0.99268907,0.00056010985,0.6579975,0.92217622,0.8368973,0.77176679,False,0.94166827,True,True,True,0.6579975,0.92217622,0.8368973,0.77176679,0.64587364,0.91517549,0.81999221,0.75043677,0.91368189,1.0766546,0.16736151,0.18019054,0.6718943,1.2634502,0.15331215,0.19370227,0.65889682,0.94788691,0.3237645,0.30689214,0.57361534,0.97617751,0.3437628,0.33557351,0.5860148,0.93365409,0.40083663,0.37424277,0.72531064,0.82104161,0.51499154,0.42282948
0b_crop_best,file,18,baseline_crop,213,004.Groove_billed_Ani/Groove_Billed_Ani_0047_1706.jpg,4,3,004.Groove_billed_Ani,29,28,identity,identity,0,{},0.39625052,0.39625052,0,0.67283815,0.67283815,0.09169358,0.09169358,0.58114457,0.58114457,0,1,1,64.457387,64.457387,False,1,True,True,True,1,1,64.457387,64.457387,1,1,63.884017,63.884017,1,1,8.5782868,8.5782868,1,1,16.605374,16.605374,1,1,26.516357,26.516357,1,1,35.156678,35.156678,1,1,31.752139,31.752139,1,1,29.293715,29.293715
0b_crop_best,file,18,baseline_crop,213,004.Groove_billed_Ani/Groove_Billed_Ani_0047_1706.jpg,4,3,004.Groove_billed_Ani,29,28,random_resized_crop,random_resized_crop,0,"{""area_fraction"":0.543035,""aspect"":1.072906,""fallback"":false,""height"":0.711432,""left"":0.149857,""top"":0.168549,""width"":0.763299}",0.39625052,0.66599709,0.26974657,0.67283815,0.51376098,0.09169358,0.044879351,0.58114457,0.46888163,-0.11226294,0.63968305,1.4832076,64.457387,95.603687,False,0.90625477,True,True,True,0.63968305,1.4832076,64.457387,95.603687,0.63483116,1.4769863,63.884017,94.35582,0.87304555,1.7947914,8.5782868,15.396235,0.52929313,1.4474059,16.605374,24.034716,0.57925603,1.5374524,26.516357,40.767637,0.67289826,1.4905718,35.156678,52.403554,0.63181838,1.4555769,31.752139,46.217679,0.66514933,1.4407061,29.293715,42.203634
0b_crop_best,file,18,baseline_crop,5874,101.White_Pelican/White_Pelican_0035_96312.jpg,101,100,101.White_Pelican,100,99,identity,identity,0,{},0.0024963426,0.0024963426,0,0.9975068,0.9975068,0.00060616015,0.00060616015,0.99690064,0.99690064,0,1,1,0.34146439,0.34146439,False,0.99999988,True,True,True,1,1,0.34146439,0.34146439,1,1,0.332675,0.332675,1,1,0.076975811,0.076975811,1,1,0.0711732,0.0711732,1,1,0.12653999,0.12653999,1,1,0.15345005,0.15345005,1,1,0.15470883,0.15470883,1,1,0.20521433,0.20521433
0b_crop_best,file,18,baseline_crop,5874,101.White_Pelican/White_Pelican_0035_96312.jpg,101,100,101.White_Pelican,100,99,random_resized_crop,random_resized_crop,0,"{""area_fraction"":0.834386,""aspect"":1.174046,""fallback"":false,""height"":0.843026,""left"":0.00729,""top"":0.131467,""width"":0.989751}",0.0024963426,0.0057697417,0.0032733991,0.9975068,0.9942469,0.00060616015,0.0025465235,0.99690064,0.99170038,-0.0052002606,0.79237098,2.4677458,0.34146439,0.84264732,False,0.9844718,True,True,True,0.79237098,2.4677458,0.34146439,0.84264732,0.78409857,2.4779116,0.332675,0.82433924,0.96398786,2.2695154,0.076975811,0.17469779,0.54813783,3.3264144,0.0711732,0.23675156,0.76582052,2.5963209,0.12653999,0.32853841,0.7989078,2.7009243,0.15345005,0.41445696,0.76875274,2.4168077,0.15470883,0.3739015,0.84889602,2.2007714,0.20521433,0.45162982
0b_crop_best,file,18,baseline_crop,11493,196.House_Wren/House_Wren_0087_187946.jpg,196,195,196.House_Wren,199,198,identity,identity,0,{},0.13715468,0.13715468,0,0.87183535,0.87183535,0.048915349,0.048915349,0.82292,0.82292,0,1,1,21.217911,21.217911,False,1,True,True,True,1,1,21.217911,21.217911,1,1,20.88316,20.88316,1,1,3.7541166,3.7541166,1,1,3.2259157,3.2259157,1,1,10.330152,10.330152,1,1,11.058477,11.058477,1,1,10.458143,10.458143,1,1,9.3447922,9.3447922
0b_crop_best,file,18,baseline_crop,11493,196.House_Wren/House_Wren_0087_187946.jpg,196,195,196.House_Wren,199,198,random_resized_crop,random_resized_crop,0,"{""area_fraction"":0.875265,""aspect"":0.883861,""fallback"":false,""height"":0.995125,""left"":0.028629,""top"":0.002037,""width"":0.879552}",0.13715468,0.12643674,-0.010717943,0.87183535,0.88122988,0.048915349,0.060561839,0.82292,0.82066804,-0.0022519641,0.84166056,0.82920114,21.217911,17.593916,False,0.97414643,True,True,True,0.84166056,0.82920114,21.217911,17.593916,0.83735579,0.82280486,20.88316,17.182766,0.96708591,1.0072489,3.7541166,3.7813296,0.820787,0.77405062,3.2259157,2.4970221,0.84141437,0.82044447,10.330152,8.4753164,0.83095726,0.79648347,11.058477,8.8078938,0.82754987,0.81423471,10.458143,8.5153827,0.85646835,0.87651866,9.3447922,8.1908847
0b_crop_best,file,18,baseline_crop,2334,041.Scissor_tailed_Flycatcher/Scissor_Tailed_Flycatcher_0008_41670.jpg,41,40,041.Scissor_tailed_Flycatcher,135,134,identity,identity,0,{},0.0010452766,0.0010452766,0,0.99895525,0.99895525,0.00026990159,0.00026990159,0.99868535,0.99868535,0,1,1,0.16307546,0.16307546,False,0.99999988,True,True,True,1,1,0.16307546,0.16307546,1,1,0.15925706,0.15925706,1,1,0.035082708,0.035082708,1,1,0.034238771,0.034238771,1,1,0.071183851,0.071183851,1,1,0.08223305,0.08223305,1,1,0.072046484,0.072046484,1,1,0.08467825,0.08467825
0b_crop_best,file,18,baseline_crop,2334,041.Scissor_tailed_Flycatcher/Scissor_Tailed_Flycatcher_0008_41670.jpg,41,40,041.Scissor_tailed_Flycatcher,135,134,random_resized_crop,random_resized_crop,0,"{""area_fraction"":0.507582,""aspect"":0.838102,""fallback"":false,""height"":0.778224,""left"":0.276489,""top"":0.030372,""width"":0.652231}",0.0010452766,0.65601999,0.65497471,0.99895525,0.51891249,0.00026990159,0.078240179,0.99868535,0.44067232,-0.55801303,0.48797273,416.63026,0.16307546,67.942172,False,0.8036235,True,True,True,0.48797273,416.63026,0.16307546,67.942172,0.47292555,411.27271,0.15925706,65.498081,0.74733642,514.76503,0.035082708,18.059351,0.42087054,351.97864,0.034238771,12.051316,0.5501856,349.70141,0.071183851,24.893093,0.47548405,349.66176,0.08223305,28.753753,0.37831549,457.91233,0.072046484,32.990974,0.51831191,473.83778,0.08467825,40.123754
0b_crop_best,file,18,baseline_crop,409,008.Rhinoceros_Auklet/Rhinoceros_Auklet_0013_797537.jpg,8,7,008.Rhinoceros_Auklet,24,23,identity,identity,0,{},3.6237924,3.6237924,0,0.026681297,0.026681297,0.48669907,0.48669907,-0.46001778,-0.46001778,0,1,1,196.64062,196.64062,False,0.99999988,True,False,False,1,1,196.64062,196.64062,1,1,194.74777,194.74777,1,1,27.218403,27.218403,1,1,51.470683,51.470683,1,1,89.523307,89.523307,1,1,101.66183,101.66183,1,1,93.611821,93.611821,1,1,90.358936,90.358936
0b_crop_best,file,18,baseline_crop,409,008.Rhinoceros_Auklet/Rhinoceros_Auklet_0013_797537.jpg,8,7,008.Rhinoceros_Auklet,24,23,random_resized_crop,random_resized_crop,0,"{""area_fraction"":0.605602,""aspect"":0.973765,""fallback"":false,""height"":0.788618,""left"":0.073897,""top"":0.03434,""width"":0.767928}",3.6237924,3.6866405,0.062848091,0.026681297,0.025056034,0.48669907,0.32982197,-0.46001778,-0.30476594,0.15525184,0.67082908,1.1936246,196.64062,234.71509,False,0.93816018,True,False,False,0.67082908,1.1936246,196.64062,234.71509,0.66680685,1.1954061,194.74777,232.80267,0.89724696,1.0985698,27.218403,29.901317,0.62303411,1.482259,51.470683,76.292881,0.52947877,1.2351546,89.523307,110.57513,0.71733815,1.1640539,101.66183,118.33985,0.69504384,1.1615122,93.611821,108.73128,0.74495198,1.1244183,90.358936,101.60124
0b_crop_best,file,18,baseline_crop,10558,180.Wilson_Warbler/Wilson_Warbler_0010_175750.jpg,180,179,180.Wilson_Warbler,182,181,identity,identity,0,{},0.0038504286,0.0038504286,0,0.99615699,0.99615699,0.0013672088,0.0013672088,0.99478978,0.99478978,0,1,1,0.50620077,0.50620077,False,1,True,True,True,1,1,0.50620077,0.50620077,1,1,0.49317868,0.49317868,1,1,0.11407893,0.11407893,1,1,0.084022304,0.084022304,1,1,0.18122314,0.18122314,1,1,0.24113088,0.24113088,1,1,0.25404171,0.25404171,1,1,0.28397597,0.28397597
0b_crop_best,file,18,baseline_crop,10558,180.Wilson_Warbler/Wilson_Warbler_0010_175750.jpg,180,179,180.Wilson_Warbler,182,181,random_resized_crop,random_resized_crop,0,"{""area_fraction"":0.54371,""aspect"":1.000609,""fallback"":false,""height"":0.737142,""left"":0.108955,""top"":0.065981,""width"":0.737591}",0.0038504286,0.019809971,0.015959542,0.99615699,0.98038495,0.0013672088,0.0015154349,0.99478978,0.97886951,-0.015920271,0.61409632,5.8169419,0.50620077,2.9445404,False,0.96557969,True,True,True,0.61409632,5.8169419,0.50620077,2.9445404,0.60284102,5.8848438,0.49317868,2.9022795,0.92504399,4.3573644,0.11407893,0.49708349,0.51287344,7.4049058,0.084022304,0.62217725,0.5954449,6.621919,0.18122314,1.200045,0.58168063,6.6066157,0.24113088,1.5930591,0.54620657,5.4971014,0.25404171,1.396493,0.70177953,5.1127208,0.28397597,1.4518898
0b_crop_best,file,18,baseline_crop,9888,168.Kentucky_Warbler/Kentucky_Warbler_0020_795903.jpg,168,167,168.Kentucky_Warbler,162,161,identity,identity,0,{},0.036742296,0.036742296,0,0.96392453,0.96392453,0.026716655,0.026716655,0.93720787,0.93720787,0,1,1,5.9707509,5.9707509,False,0.99999988,True,True,True,1,1,5.9707509,5.9707509,1,1,5.8422106,5.8422106,1,1,1.2322508,1.2322508,1,1,1.4428535,1.4428535,1,1,2.4789479,2.4789479,1,1,2.9326962,2.9326962,1,1,2.9397222,2.9397222,1,1,2.9430838,2.9430838
0b_crop_best,file,18,baseline_crop,9888,168.Kentucky_Warbler/Kentucky_Warbler_0020_795903.jpg,168,167,168.Kentucky_Warbler,162,161,random_resized_crop,random_resized_crop,0,"{""area_fraction"":0.544579,""aspect"":0.913095,""fallback"":false,""height"":0.772276,""left"":0.086791,""top"":0.144112,""width"":0.705161}",0.036742296,0.19063468,0.15389239,0.96392453,0.82643443,0.026716655,0.15753889,0.93720787,0.66889554,-0.26831233,0.75529739,6.666733,5.9707509,39.805402,False,0.95673943,True,True,True,0.75529739,6.666733,5.9707509,39.805402,0.74737239,6.688638,5.8422106,39.076432,0.95143773,6.1538151,1.2322508,7.5830434,0.74712127,5.9461812,1.4428535,8.5794685,0.73079722,6.6391053,2.4789479,16.457996,0.74162885,7.6323286,2.9326962,22.383301,0.75412569,6.6398406,2.9397222,19.519287,0.77621905,5.8898611,2.9430838,17.334355
0b_crop_best,file,18,baseline_crop,11206,191.Red_headed_Woodpecker/Red_Headed_Woodpecker_0063_183358.jpg,191,190,191.Red_headed_Woodpecker,35,34,identity,identity,0,{},0.090590097,0.090590097,0,0.91339207,0.91339207,0.011828848,0.011828848,0.90156322,0.90156322,0,1,1,12.862167,12.862167,False,1.0000001,True,True,True,1,1,12.862167,12.862167,1,1,12.670014,12.670014,1,1,2.2149696,2.2149696,1,1,3.5415982,3.5415982,1,1,4.9959988,4.9959988,1,1,6.1762537,6.1762537,1,1,6.316207,6.316207,1,1,6.7071423,6.7071423
0b_crop_best,file,18,baseline_crop,11206,191.Red_headed_Woodpecker/Red_Headed_Woodpecker_0063_183358.jpg,191,190,191.Red_headed_Woodpecker,35,34,random_resized_crop,random_resized_crop,0,"{""area_fraction"":0.729041,""aspect"":1.178416,""fallback"":false,""height"":0.78655,""left"":0.018041,""top"":0.043831,""width"":0.926884}",0.090590097,0.056558538,-0.034031559,0.91339207,0.94501114,0.011828848,0.02340978,0.90156322,0.92160136,0.02003814,0.72700728,0.69738952,12.862167,8.9699407,False,0.9579832,True,True,True,0.72700728,0.69738952,12.862167,8.9699407,0.72084205,0.69622444,12.670014,8.8211735,0.91923415,0.73449262,2.2149696,1.6268788,0.78333514,0.6955882,3.5415982,2.4634939,0.67856639,0.76699947,4.9959988,3.8319284,0.74106028,0.72767131,6.1762537,4.4942826,0.67112296,0.66585776,6.316207,4.2056955,0.7607039,0.65286113,6.7071423,4.3788325
0b_crop_best,file,18,baseline_crop,10180,173.Orange_crowned_Warbler/Orange_Crowned_Warbler_0030_168376.jpg,173,172,173.Orange_crowned_Warbler,199,198,identity,identity,0,{},0.12834275,0.12834275,0,0.87955189,0.87955189,0.045180932,0.045180932,0.83437096,0.83437096,0,1,1,28.817725,28.817725,False,1,True,True,True,1,1,28.817725,28.817725,1,1,28.611536,28.611536,1,1,3.4411122,3.4411122,1,1,5.9037609,5.9037609,1,1,15.53686,15.53686,1,1,17.460264,17.460264,1,1,11.751281,11.751281,1,1,9.9708657,9.9708657
0b_crop_best,file,18,baseline_crop,10180,173.Orange_crowned_Warbler/Orange_Crowned_Warbler_0030_168376.jpg,173,172,173.Orange_crowned_Warbler,199,198,random_resized_crop,random_resized_crop,0,"{""area_fraction"":0.685897,""aspect"":1.304481,""fallback"":false,""height"":0.725121,""left"":0.035951,""top"":0.265839,""width"":0.945907}",0.12834275,2.0844133,1.9560705,0.87955189,0.12438008,0.045180932,0.26822495,0.83437096,-0.14384487,-0.97821583,0.84161055,7.0371807,28.817725,202.79553,False,0.91485989,False,True,False,0.84161055,7.0371807,28.817725,202.79553,0.8406829,7.0338955,28.611536,201.25056,0.90415576,7.2606899,3.4411122,24.984848,0.85349491,7.9258086,5.9037609,46.79208,0.89382171,7.4722346,15.53686,116.09507,0.86844235,6.4615666,17.460264,112.82066,0.77625783,7.1194857,11.751281,83.663075,0.72816229,7.166656,9.9708657,71.457764
0b_crop_best,file,18,baseline_crop,6068,104.American_Pipit/American_Pipit_0095_99959.jpg,104,103,104.American_Pipit,122,121,identity,identity,0,{},1.2470082,1.2470082,0,0.28736326,0.28736326,0.2481517,0.2481517,0.039211556,0.039211556,0,1,1,162.80791,162.80791,False,1,True,True,True,1,1,162.80791,162.80791,1,1,161.45012,161.45012,1,1,20.982662,20.982662,1,1,33.079414,33.079414,1,1,86.357874,86.357874,1,1,90.378773,90.378773,1,1,71.803872,71.803872,1,1,64.730933,64.730933
0b_crop_best,file,18,baseline_crop,6068,104.American_Pipit/American_Pipit_0095_99959.jpg,104,103,104.American_Pipit,122,121,random_resized_crop,random_resized_crop,0,"{""area_fraction"":0.888941,""aspect"":1.010009,""fallback"":false,""height"":0.938153,""left"":0.018383,""top"":0.011587,""width"":0.947543}",1.2470082,1.3655304,0.11852217,0.28736326,0.25524527,0.2481517,0.14180557,0.039211556,0.11343969,0.074228138,0.85530838,1.0170834,162.80791,165.58922,False,0.98087901,True,True,True,0.85530838,1.0170834,162.80791,165.58922,0.85340571,1.0169713,161.45012,164.19015,0.96723353,1.0236974,20.982662,21.479897,0.75275787,1.0042619,33.079414,33.220394,0.810117,1.0169048,86.357874,87.81774,0.88000778,1.0744858,90.378773,97.110706,0.86630217,0.96629991,71.803872,69.384075,0.89372769,0.96454179,64.730933,62.43569
0b_crop_best,file,18,baseline_crop,3310,058.Pigeon_Guillemot/Pigeon_Guillemot_0018_40195.jpg,58,57,058.Pigeon_Guillemot,8,7,identity,identity,0,{},4.4464075e-05,4.4464075e-05,0,0.99995553,0.99995553,1.6829603e-05,1.6829603e-05,0.99993871,0.99993871,0,1,1,0.0074811461,0.0074811461,False,1,True,True,True,1,1,0.0074811461,0.0074811461,1,1,0.0072492723,0.0072492723,1,1,0.0018481339,0.0018481339,1,1,0.001445964,0.001445964,1,1,0.0026925748,0.0026925748,1,1,0.0033919874,0.0033919874,1,1,0.0036519095,0.0036519095,1,1,0.0042859254,0.0042859254
0b_crop_best,file,18,baseline_crop,3310,058.Pigeon_Guillemot/Pigeon_Guillemot_0018_40195.jpg,58,57,058.Pigeon_Guillemot,8,7,random_resized_crop,random_resized_crop,0,"{""area_fraction"":0.54379,""aspect"":1.060751,""fallback"":false,""height"":0.715993,""left"":0.034924,""top"":0.00723,""width"":0.759491}",4.4464075e-05,0.0047311741,0.00468671,0.99995553,0.99528003,1.6829603e-05,0.0020785306,0.99993871,0.9932015,-0.0067372086,0.60074665,143.92006,0.0074811461,1.076687,False,0.907848,True,True,True,0.60074665,143.92006,0.0074811461,1.076687,0.58696045,145.62163,0.0072492723,1.0556508,0.88675111,114.59815,0.0018481339,0.21179272,0.57262908,207.77049,0.001445964,0.30042865,0.5623087,178.225,0.0026925748,0.47988414,0.60827073,155.96064,0.0033919874,0.52901652,0.57996735,137.32868,0.0036519095,0.50151192,0.62064729,119.53728,0.0042859254,0.51232786
0b_crop_best,file,18,baseline_crop,10086,172.Nashville_Warbler/Nashville_Warbler_0121_167078.jpg,172,171,172.Nashville_Warbler,173,172,identity,identity,0,{},0.022695091,0.022695091,0,0.97756052,0.97756052,0.0086918948,0.0086918948,0.96886863,0.96886863,0,1,1,2.6973688,2.6973688,False,1,True,True,True,1,1,2.6973688,2.6973688,1,1,2.6277038,2.6277038,1,1,0.60907406,0.60907406,1,1,0.4772194,0.4772194,1,1,0.98103029,0.98103029,1,1,1.2914466,1.2914466,1,1,1.3792476,1.3792476,1,1,1.4644146,1.4644146
0b_crop_best,file,18,baseline_crop,10086,172.Nashville_Warbler/Nashville_Warbler_0121_167078.jpg,172,171,172.Nashville_Warbler,173,172,random_resized_crop,random_resized_crop,0,"{""area_fraction"":0.739751,""aspect"":0.807099,""fallback"":false,""height"":0.957369,""left"":0.090181,""top"":0.03229,""width"":0.772692}",0.022695091,0.0095475251,-0.013147566,0.97756052,0.99049789,0.0086918948,0.003105911,0.96886863,0.98739198,0.018523351,0.74841039,0.45541035,2.6973688,1.2284097,False,0.98285019,True,True,True,0.74841039,0.45541035,2.6973688,1.2284097,0.73690306,0.45699583,2.6277038,1.2008497,0.98071635,0.42482139,0.60907406,0.25874769,0.60836384,0.48225258,0.4772194,0.23014029,0.66974149,0.46649258,0.98103029,0.45764335,0.706086,0.45819719,1.2914466,0.59173718,0.73515544,0.45489248,1.3792476,0.62740938,0.80888878,0.45081749,1.4644146,0.66018372
0b_crop_best,file,18,baseline_crop,4027,070.Green_Violetear/Green_Violetear_0013_795684.jpg,70,69,070.Green_Violetear,68,67,identity,identity,0,{},5.4070573,5.4070573,0,0.0044848174,0.0044848174,0.79791856,0.79791856,-0.79343374,-0.79343374,0,1,1,139.93873,139.93873,False,0.99999982,True,False,False,1,1,139.93873,139.93873,1,1,133.68704,133.68704,1,1,41.359684,41.359684,1,1,22.007166,22.007166,1,1,59.271027,59.271027,1,1,60.895162,60.895162,1,1,63.524021,63.524021,1,1,78.302818,78.302818
0b_crop_best,file,18,baseline_crop,4027,070.Green_Violetear/Green_Violetear_0013_795684.jpg,70,69,070.Green_Violetear,68,67,random_resized_crop,random_resized_crop,0,"{""area_fraction"":0.625612,""aspect"":0.861481,""fallback"":false,""height"":0.852177,""left"":0.014404,""top"":0.014937,""width"":0.734134}",5.4070573,5.4239311,0.016873837,0.0044848174,0.0044097779,0.79791856,0.90418118,-0.79343374,-0.8997714,-0.10633766,0.64712377,1.0558459,139.93873,147.75372,False,0.90320814,True,False,False,0.64712377,1.0558459,139.93873,147.75372,0.62609752,1.0652757,133.68704,142.41355,0.89679173,0.95175401,41.359684,39.364245,0.59312162,1.7045641,22.007166,37.512624,0.69386314,1.1123891,59.271027,65.932445,0.61031252,1.0931122,60.895162,66.565245,0.54691704,0.9828552,63.524021,62.434914,0.66117361,1.0054451,78.302818,78.729186
0b_crop_best,file,18,baseline_crop,4929,085.Horned_Lark/Horned_Lark_0028_74408.jpg,85,84,085.Horned_Lark,34,33,identity,identity,0,{},0.2267433,0.2267433,0,0.7971254,0.7971254,0.020427855,0.020427855,0.77669754,0.77669754,0,1,1,35.711069,35.711069,False,0.99999988,True,True,True,1,1,35.711069,35.711069,1,1,35.319576,35.319576,1,1,5.2733337,5.2733337,1,1,5.2206796,5.2206796,1,1,14.424173,14.424173,1,1,22.252165,22.252165,1,1,17.184486,17.184486,1,1,14.889417,14.889417
0b_crop_best,file,18,baseline_crop,4929,085.Horned_Lark/Horned_Lark_0028_74408.jpg,85,84,085.Horned_Lark,34,33,random_resized_crop,random_resized_crop,0,"{""area_fraction"":0.647139,""aspect"":0.80586,""fallback"":false,""height"":0.896126,""left"":0.175046,""top"":0.011641,""width"":0.722152}",0.2267433,0.098067932,-0.12867536,0.7971254,0.9065873,0.020427855,0.0056817494,0.77669754,0.90090555,0.12420801,0.73739314,0.47643065,35.711069,17.013848,False,0.9420796,True,True,True,0.73739314,0.47643065,35.711069,17.013848,0.73324939,0.47702932,35.319576,16.848473,0.93634353,0.44875368,5.2733337,2.3664279,0.60989505,0.47734071,5.2206796,2.4920429,0.661596,0.46557735,14.424173,6.7155684,0.75304191,0.47537734,22.252165,10.578175,0.72256638,0.47019369,17.184486,8.0800369,0.78280682,0.49978994,14.889417,7.4415808
0b_crop_best,file,18,baseline_crop,5875,101.White_Pelican/White_Pelican_0009_97340.jpg,101,100,101.White_Pelican,145,144,identity,identity,0,{},0.045004711,0.045004711,0,0.955993,0.955993,0.013059088,0.013059088,0.94293391,0.94293391,0,1,1,6.6368767,6.6368767,False,1.0000001,True,True,True,1,1,6.6368767,6.6368767,1,1,6.5057478,6.5057478,1,1,1.3127751,1.3127751,1,1,1.68278,1.68278,1,1,2.9692315,2.9692315,1,1,3.393731,3.393731,1,1,2.9972523,2.9972523,1,1,3.1899433,3.1899433
0b_crop_best,file,18,baseline_crop,5875,101.White_Pelican/White_Pelican_0009_97340.jpg,101,100,101.White_Pelican,145,144,random_resized_crop,random_resized_crop,0,"{""area_fraction"":0.616393,""aspect"":1.080355,""fallback"":false,""height"":0.755345,""left"":0.0613,""top"":0.23763,""width"":0.816041}",0.045004711,0.054461878,0.0094571672,0.955993,0.9469946,0.013059088,0.0024506534,0.94293391,0.94454395,0.0016100407,0.69069284,1.1218309,6.6368767,7.4454537,False,0.93619084,True,True,True,0.69069284,1.1218309,6.6368767,7.4454537,0.68293814,1.1251327,6.5057478,7.3198294,0.89943047,1.0374505,1.3127751,1.3619391,0.76316192,1.0988169,1.68278,1.8490672,0.68414062,1.0911281,2.9692315,3.2398119,0.67179745,1.1047399,3.393731,3.7491902,0.64000168,1.1451361,2.9972523,3.4322619,0.71106017,1.1657107,3.1899433,3.7185512
0b_crop_best,file,18,baseline_crop,6291,108.White_necked_Raven/White_Necked_Raven_0042_797356.jpg,108,107,108.White_necked_Raven,30,29,identity,identity,0,{},0.073743105,0.073743105,0,0.92891032,0.92891032,0.030545177,0.030545177,0.89836514,0.89836514,0,1,1,10.871402,10.871402,False,1,True,True,True,1,1,10.871402,10.871402,1,1,10.444041,10.444041,1,1,3.0181763,3.0181763,1,1,2.3493039,2.3493039,1,1,4.3720908,4.3720908,1,1,4.7497428,4.7497428,1,1,5.3362546,5.3362546,1,1,5.7799584,5.7799584
0b_crop_best,file,18,baseline_crop,6291,108.White_necked_Raven/White_Necked_Raven_0042_797356.jpg,108,107,108.White_necked_Raven,30,29,random_resized_crop,random_resized_crop,0,"{""area_fraction"":0.577279,""aspect"":1.165035,""fallback"":false,""height"":0.70392,""left"":0.082175,""top"":0.151219,""width"":0.820092}",0.073743105,0.081191003,0.0074478984,0.92891032,0.92201757,0.030545177,0.047321308,0.89836514,0.87469627,-0.023668872,0.68999564,1.6195873,10.871402,17.607185,False,0.95282412,True,True,True,0.68999564,1.6195873,10.871402,17.607185,0.67724344,1.6471242,10.444041,17.202633,0.91808872,1.2433508,3.0181763,3.7526518,0.46465839,1.6898163,2.3493039,3.9698921,0.66267745,1.6368085,4.3720908,7.1562757,0.66266448,1.842497,4.7497428,8.751387,0.68430889,1.6321969,5.3362546,8.7098181,0.73697311,1.5133379,5.7799584,8.7470302
0b_crop_best,file,18,baseline_crop,3867,067.Anna_Hummingbird/Anna_Hummingbird_0038_57036.jpg,67,66,067.Anna_Hummingbird,68,67,identity,identity,0,{},0.10878449,0.10878449,0,0.89692372,0.89692372,0.097883306,0.097883306,0.79904041,0.79904041,0,1,1,23.466849,23.466849,False,1,True,True,True,1,1,23.466849,23.466849,1,1,23.028966,23.028966,1,1,4.5121771,4.5121771,1,1,5.2575561,5.2575561,1,1,11.714057,11.714057,1,1,12.195,12.195,1,1,10.701683,10.701683,1,1,10.110797,10.110797
0b_crop_best,file,18,baseline_crop,3867,067.Anna_Hummingbird/Anna_Hummingbird_0038_57036.jpg,67,66,067.Anna_Hummingbird,68,67,random_resized_crop,random_resized_crop,0,"{""area_fraction"":0.655561,""aspect"":1.121971,""fallback"":false,""height"":0.764391,""left"":0.080769,""top"":0.007108,""width"":0.857625}",0.10878449,0.20746495,0.098680459,0.89692372,0.81264174,0.097883306,0.13111824,0.79904041,0.6815235,-0.11751691,0.74182187,1.660978,23.466849,38.97792,False,0.96443498,True,True,True,0.74182187,1.660978,23.466849,38.97792,0.73556949,1.6698255,23.028966,38.454356,0.94474807,1.4111069,4.5121771,6.3671644,0.6542184,2.0087912,5.2575561,10.561333,0.82386083,1.9962116,11.714057,23.383736,0.72651226,1.552141,12.195,18.928359,0.68303097,1.455725,10.701683,15.578708,0.71991631,1.4650433,10.110797,14.812755
0b_crop_best,file,18,baseline_crop,3363,058.Pigeon_Guillemot/Pigeon_Guillemot_0055_40171.jpg,58,57,058.Pigeon_Guillemot,44,43,identity,identity,0,{},1.4553783,1.4553783,0,0.23331209,0.23331209,0.18937874,0.18937874,0.043933347,0.043933347,0,1,1,139.1945,139.1945,False,0.99999988,True,True,True,1,1,139.1945,139.1945,1,1,137.83407,137.83407,1,1,19.413324,19.413324,1,1,36.127,36.127,1,1,57.749761,57.749761,1,1,73.414112,73.414112,1,1,69.633708,69.633708,1,1,64.183722,64.183722
0b_crop_best,file,18,baseline_crop,3363,058.Pigeon_Guillemot/Pigeon_Guillemot_0055_40171.jpg,58,57,058.Pigeon_Guillemot,44,43,random_resized_crop,random_resized_crop,0,"{""area_fraction"":0.661608,""aspect"":0.997335,""fallback"":false,""height"":0.814479,""left"":0.060808,""top"":0.026432,""width"":0.812308}",1.4553783,2.3868451,0.93146682,0.23331209,0.091919214,0.18937874,0.12664029,0.043933347,-0.034721076,-0.078654423,0.6081014,0.98843532,139.1945,137.58476,False,0.93815267,False,True,False,0.6081014,0.98843532,139.1945,137.58476,0.60238736,0.97970356,137.83407,135.03653,0.8477149,1.3576853,19.413324,26.357185,0.046004996,0.79087176,36.127,28.571824,0.48017026,0.8839569,57.749761,51.048299,0.62948975,0.94820567,73.414112,69.611677,0.6907607,1.0056519,69.633708,70.027269,0.69272447,1.1086087,64.183722,71.154632
0b_crop_best,file,18,baseline_crop,5957,102.Western_Wood_Pewee/Western_Wood_Pewee_0039_795063.jpg,102,101,102.Western_Wood_Pewee,103,102,identity,identity,0,{},1.6890846,1.6890846,0,0.18468849,0.18468849,0.21195854,0.21195854,-0.027270049,-0.027270049,0,1,1,116.22081,116.22081,False,1.0000001,True,False,False,1,1,116.22081,116.22081,1,1,114.14801,114.14801,1,1,21.851972,21.851972,1,1,24.048509,24.048509,1,1,55.717003,55.717003,1,1,61.761701,61.761701,1,1,53.364029,53.364029,1,1,51.815303,51.815303
0b_crop_best,file,18,baseline_crop,5957,102.Western_Wood_Pewee/Western_Wood_Pewee_0039_795063.jpg,102,101,102.Western_Wood_Pewee,103,102,random_resized_crop,random_resized_crop,0,"{""area_fraction"":0.547735,""aspect"":1.128515,""fallback"":false,""height"":0.696677,""left"":0.008372,""top"":0.292052,""width"":0.786211}",1.6890846,1.781579,0.092494369,0.18468849,0.16837206,0.21195854,0.027659472,-0.027270049,0.14071259,0.16798264,0.57426872,1.6233145,116.22081,188.66293,False,0.88457978,False,False,False,0.57426872,1.6233145,116.22081,188.66293,0.56721675,1.6311093,114.14801,186.18788,0.80633208,1.3938961,21.851972,30.459379,0.48667541,2.118615,24.048509,50.94953,0.61239834,1.7279183,55.717003,96.274427,0.56892296,1.6117297,61.761701,99.543167,0.52733634,1.5716239,53.364029,83.868186,0.58394344,1.4771978,51.815303,76.541451
0b_crop_best,file,18,baseline_crop,1343,025.Pelagic_Cormorant/Pelagic_Cormorant_0054_23812.jpg,25,24,025.Pelagic_Cormorant,23,22,identity,identity,0,{},1.6149997,1.6149997,0,0.19889075,0.19889075,0.74109554,0.74109554,-0.5422048,-0.5422048,0,1,1,146.89447,146.89447,False,1,True,False,False,1,1,146.89447,146.89447,1,1,143.46536,143.46536,1,1,31.554362,31.554362,1,1,37.533231,37.533231,1,1,70.224892,70.224892,1,1,71.661602,71.661602,1,1,61.817686,61.817686,1,1,72.699504,72.699504
0b_crop_best,file,18,baseline_crop,1343,025.Pelagic_Cormorant/Pelagic_Cormorant_0054_23812.jpg,25,24,025.Pelagic_Cormorant,23,22,random_resized_crop,random_resized_crop,0,"{""area_fraction"":0.741616,""aspect"":0.759238,""fallback"":false,""height"":0.988327,""left"":0.228683,""top"":8.9e-05,""width"":0.750375}",1.6149997,1.8213203,0.20632064,0.19889075,0.16181196,0.74109554,0.50222641,-0.5422048,-0.34041445,0.20179035,0.64982523,0.88160705,146.89447,129.5032,False,0.91247928,True,False,False,0.64982523,0.88160705,146.89447,129.5032,0.63649065,0.87157262,143.46536,125.04048,0.8874711,1.0681245,31.554362,33.703989,0.65767496,0.87904347,37.533231,32.993341,0.68063097,0.75332804,70.224892,52.90238,0.64513681,0.90026302,71.661602,64.514291,0.54683126,0.91382229,61.817686,56.490379,0.66041111,0.91186445,72.699504,66.292094
0b_crop_best,file,18,baseline_crop,10014,171.Myrtle_Warbler/Myrtle_Warbler_0026_166680.jpg,171,170,171.Myrtle_Warbler,99,98,identity,identity,0,{},3.1735864,3.1735864,0,0.041853223,0.041853223,0.14542466,0.14542466,-0.10357144,-0.10357144,0,1,1,148.27261,148.27261,False,1,True,False,False,1,1,148.27261,148.27261,1,1,145.15552,145.15552,1,1,30.243078,30.243078,1,1,32.291574,32.291574,1,1,67.945445,67.945445,1,1,74.164589,74.164589,1,1,67.168101,67.168101,1,1,73.476899,73.476899
0b_crop_best,file,18,baseline_crop,10014,171.Myrtle_Warbler/Myrtle_Warbler_0026_166680.jpg,171,170,171.Myrtle_Warbler,99,98,random_resized_crop,random_resized_crop,0,"{""area_fraction"":0.66336,""aspect"":0.921368,""fallback"":false,""height"":0.848512,""left"":0.06134,""top"":0.111303,""width"":0.781792}",3.1735864,3.7143185,0.54073215,0.041853223,0.024372043,0.14542466,0.19137292,-0.10357144,-0.16700087,-0.063429432,0.69051812,1.1391988,148.27261,168.91198,False,0.92724836,False,False,False,0.69051812,1.1391988,148.27261,168.91198,0.67979737,1.1338956,145.15552,164.5912,0.91702714,1.2551759,30.243078,37.960382,0.72247248,1.1102189,32.291574,35.850714,0.64160968,1.1203452,67.945445,76.122354,0.68037961,1.0868115,74.164589,80.602931,0.65385118,1.1567787,67.168101,77.698625,0.72509798,1.1767859,73.476899,86.46658
0b_crop_best,file,18,baseline_crop,3605,062.Herring_Gull/Herring_Gull_0065_48098.jpg,62,61,062.Herring_Gull,74,73,identity,identity,0,{},4.9642205,4.9642205,0,0.0069833933,0.0069833933,0.68018204,0.68018204,-0.67319865,-0.67319865,0,1,1,215.02122,215.02122,False,1,True,False,False,1,1,215.02122,215.02122,1,1,212.34462,212.34462,1,1,33.821392,33.821392,1,1,40.467637,40.467637,1,1,113.03942,113.03942,1,1,113.83073,113.83073,1,1,96.035639,96.035639,1,1,92.165176,92.165176
0b_crop_best,file,18,baseline_crop,3605,062.Herring_Gull/Herring_Gull_0065_48098.jpg,62,61,062.Herring_Gull,74,73,random_resized_crop,random_resized_crop,0,"{""area_fraction"":0.709805,""aspect"":1.1647,""fallback"":false,""height"":0.780661,""left"":0.070522,""top"":0.062,""width"":0.909236}",4.9642205,2.8352752,-2.1289454,0.0069833933,0.058702372,0.68018204,0.20862797,-0.67319865,-0.1499256,0.52327305,0.67324474,0.76011546,215.02122,163.44095,False,0.92571205,False,False,False,0.67324474,0.76011546,215.02122,163.44095,0.66902772,0.75664141,212.34462,160.66873,0.82334991,0.88627445,33.821392,29.975035,0.59381635,0.91113491,40.467637,36.871477,0.67451468,0.67465306,113.03942,76.262389,0.71379095,0.82116172,113.83073,93.473438,0.6470523,0.76248612,96.035639,73.225842,0.64082613,0.73104752,92.165176,67.377124
0b_crop_best,file,18,baseline_crop,11366,193.Bewick_Wren/Bewick_Wren_0067_184816.jpg,193,192,193.Bewick_Wren,198,197,identity,identity,0,{},0.03369372,0.03369372,0,0.96686757,0.96686757,0.0070475535,0.0070475535,0.95982001,0.95982001,0,1,1,5.3797761,5.3797761,False,1,True,True,True,1,1,5.3797761,5.3797761,1,1,5.2742064,5.2742064,1,1,1.0605366,1.0605366,1,1,1.0103995,1.0103995,1,1,2.3185834,2.3185834,1,1,2.5909933,2.5909933,1,1,2.6726463,2.6726463,1,1,2.7503148,2.7503148
0b_crop_best,file,18,baseline_crop,11366,193.Bewick_Wren/Bewick_Wren_0067_184816.jpg,193,192,193.Bewick_Wren,198,197,random_resized_crop,random_resized_crop,0,"{""area_fraction"":0.704724,""aspect"":1.217046,""fallback"":false,""height"":0.76095,""left"":0.037633,""top"":0.229882,""width"":0.926111}",0.03369372,1.4730837,1.43939,0.96686757,0.22921754,0.0070475535,0.052740797,0.95982001,0.17647675,-0.78334327,0.51126247,31.01428,5.3797761,166.84988,False,0.92457187,False,True,False,0.51126247,31.01428,5.3797761,166.84988,0.49907452,31.136443,5.2742064,164.22002,0.85172486,27.822777,1.0605366,29.507074,0.33182116,40.439195,1.0103995,40.859743,0.50251698,35.188078,2.3185834,81.586493,0.47059152,35.201087,2.5909933,91.20578,0.51634496,27.872925,2.6726463,74.49447,0.57617472,25.123374,2.7503148,69.097188
0b_crop_best,file,18,baseline_crop,7676,131.Vesper_Sparrow/Vesper_Sparrow_0057_125649.jpg,131,130,131.Vesper_Sparrow,119,118,identity,identity,0,{},0.98077637,0.98077637,0,0.37501982,0.37501982,0.49569631,0.49569631,-0.12067649,-0.12067649,0,1,1,143.91331,143.91331,False,1,True,False,False,1,1,143.91331,143.91331,1,1,141.9411,141.9411,1,1,23.743749,23.743749,1,1,23.198983,23.198983,1,1,73.776916,73.776916,1,1,85.034003,85.034003,1,1,63.825447,63.825447,1,1,53.493733,53.493733
0b_crop_best,file,18,baseline_crop,7676,131.Vesper_Sparrow/Vesper_Sparrow_0057_125649.jpg,131,130,131.Vesper_Sparrow,119,118,random_resized_crop,random_resized_crop,0,"{""area_fraction"":0.79489,""aspect"":1.233505,""fallback"":false,""height"":0.802755,""left"":0.004285,""top"":0.021426,""width"":0.990203}",0.98077637,1.8233645,0.84258813,0.37501982,0.16148153,0.49569631,0.69217575,-0.12067649,-0.53069422,-0.41001773,0.83856934,1.5384358,143.91331,221.40139,False,0.95301962,True,False,False,0.83856934,1.5384358,143.91331,221.40139,0.83618012,1.5445352,141.9411,219.23303,0.95186844,1.301835,23.743749,30.910443,0.76219375,2.0214053,23.198983,46.894547,0.8678437,1.6602894,73.776916,122.49103,0.86543599,1.5326663,85.034003,130.32875,0.79171375,1.3985455,63.825447,89.262794,0.78974961,1.4366919,53.493733,76.854011
0b_crop_best,file,18,baseline_crop,10852,185.Bohemian_Waxwing/Bohemian_Waxwing_0039_177702.jpg,185,184,185.Bohemian_Waxwing,112,111,identity,identity,0,{},0.0011505419,0.0011505419,0,0.99885011,0.99885011,0.00028718048,0.00028718048,0.99856293,0.99856293,0,1,1,0.18638669,0.18638669,False,1,True,True,True,1,1,0.18638669,0.18638669,1,1,0.18250065,0.18250065,1,1,0.037861728,0.037861728,1,1,0.032980116,0.032980116,1,1,0.08872802,0.08872802,1,1,0.088915659,0.088915659,1,1,0.086840227,0.086840227,1,1,0.094334072,0.094334072
0b_crop_best,file,18,baseline_crop,10852,185.Bohemian_Waxwing/Bohemian_Waxwing_0039_177702.jpg,185,184,185.Bohemian_Waxwing,112,111,random_resized_crop,random_resized_crop,0,"{""area_fraction"":0.804844,""aspect"":0.8363,""fallback"":false,""height"":0.981013,""left"":0.157683,""top"":0.015499,""width"":0.820422}",0.0011505419,0.0011729273,2.2385386e-05,0.99885011,0.99882776,0.00028718048,0.0001959915,0.99856293,0.99863176,6.8837238e-05,0.8599088,1.03976,0.18638669,0.19379742,False,0.98745906,True,True,True,0.8599088,1.03976,0.18638669,0.19379742,0.85492459,1.0417627,0.18250065,0.19012236,0.98249705,0.99209121,0.037861728,0.037562288,0.86494649,0.97668946,0.032980116,0.032211332,0.86179435,0.99076611,0.08872802,0.087908715,0.84821402,1.0518299,0.088915659,0.09352415,0.82162288,1.0484252,0.086840227,0.091045481,0.88311429,1.0781911,0.094334072,0.10171015
0b_crop_best,file,18,baseline_crop,2635,046.Gadwall/Gadwall_0012_30920.jpg,46,45,046.Gadwall,142,141,identity,identity,0,{},0.10569718,0.10569718,0,0.89969707,0.89969707,0.031890959,0.031890959,0.86780611,0.86780611,0,1,1,21.485678,21.485678,False,1,True,True,True,1,1,21.485678,21.485678,1,1,21.193415,21.193415,1,1,3.5317899,3.5317899,1,1,5.9770464,5.9770464,1,1,10.286901,10.286901,1,1,11.515892,11.515892,1,1,9.559797,9.559797,1,1,9.1438466,9.1438466
0b_crop_best,file,18,baseline_crop,2635,046.Gadwall/Gadwall_0012_30920.jpg,46,45,046.Gadwall,142,141,random_resized_crop,random_resized_crop,0,"{""area_fraction"":0.76441,""aspect"":0.900083,""fallback"":false,""height"":0.921556,""left"":0.124859,""top"":0.020906,""width"":0.829477}",0.10569718,0.28830615,0.18260897,0.89969707,0.7495321,0.031890959,0.037372734,0.86780611,0.71215937,-0.15564674,0.87052997,2.6597536,21.485678,57.14661,False,0.97109914,True,True,True,0.87052997,2.6597536,21.485678,57.14661,0.86856415,2.6659783,21.193415,56.501184,0.95216615,2.4249849,3.5317899,8.564537,0.9434471,2.7275831,5.9770464,16.302891,0.90076026,2.8066389,10.286901,28.871617,0.86570766,2.6561572,11.515892,30.588018,0.834722,2.6360005,9.559797,25.199629,0.83533552,2.4995671,9.1438466,22.855658
0b_crop_best,file,18,baseline_crop,7837,134.Cape_Glossy_Starling/Cape_Glossy_Starling_0096_129388.jpg,134,133,134.Cape_Glossy_Starling,24,23,identity,identity,0,{},0.92352021,0.92352021,0,0.39711866,0.39711866,0.19672389,0.19672389,0.20039476,0.20039476,0,1,1,101.07273,101.07273,False,1,True,True,True,1,1,101.07273,101.07273,1,1,99.881472,99.881472,1,1,15.47218,15.47218,1,1,27.857881,27.857881,1,1,46.046177,46.046177,1,1,53.743848,53.743848,1,1,45.832072,45.832072,1,1,45.727634,45.727634
0b_crop_best,file,18,baseline_crop,7837,134.Cape_Glossy_Starling/Cape_Glossy_Starling_0096_129388.jpg,134,133,134.Cape_Glossy_Starling,24,23,random_resized_crop,random_resized_crop,0,"{""area_fraction"":0.681901,""aspect"":1.022498,""fallback"":false,""height"":0.816637,""left"":0.096433,""top"":0.115036,""width"":0.83501}",0.92352021,3.8059013,2.8823811,0.39711866,0.022239143,0.19672389,0.33347985,0.20039476,-0.31124071,-0.51163547,0.75855418,2.0152722,101.07273,203.68906,False,0.93510771,False,True,False,0.75855418,2.0152722,101.07273,203.68906,0.75444436,2.0134323,99.881472,201.10458,0.92403484,2.0905106,15.47218,32.344758,0.73316417,1.8856453,27.857881,52.53008,0.79899498,2.3408263,46.046177,107.7861,0.79632065,1.9828132,53.743848,106.56401,0.6848469,1.8199687,45.832072,83.412936,0.72948014,1.9254557,45.727634,88.046535
0b_crop_best,file,18,baseline_crop,9657,165.Chestnut_sided_Warbler/Chestnut_Sided_Warbler_0081_163854.jpg,165,164,165.Chestnut_sided_Warbler,166,165,identity,identity,0,{},0.0031702281,0.0031702281,0,0.99683481,0.99683481,0.0012940358,0.0012940358,0.99554078,0.99554078,0,1,1,0.47194452,0.47194452,False,1,True,True,True,1,1,0.47194452,0.47194452,1,1,0.46046464,0.46046464,1,1,0.10345989,0.10345989,1,1,0.10791098,0.10791098,1,1,0.20805614,0.20805614,1,1,0.26028939,0.26028939,1,1,0.20660966,0.20660966,1,1,0.21600329,0.21600329
0b_crop_best,file,18,baseline_crop,9657,165.Chestnut_sided_Warbler/Chestnut_Sided_Warbler_0081_163854.jpg,165,164,165.Chestnut_sided_Warbler,166,165,random_resized_crop,random_resized_crop,0,"{""area_fraction"":0.698655,""aspect"":1.221483,""fallback"":false,""height"":0.756289,""left"":0.024305,""top"":0.101167,""width"":0.923794}",0.0031702281,0.0067390311,0.003568803,0.99683481,0.99328363,0.0012940358,0.00315178,0.99554078,0.99013185,-0.0054089293,0.69415642,2.6210935,0.47194452,1.2370107,False,0.95406646,True,True,True,0.69415642,2.6210935,0.47194452,1.2370107,0.68542813,2.6472609,0.46046464,1.21897,0.94239184,2.034544,0.10345989,0.21049369,0.71428035,2.9119123,0.10791098,0.31422732,0.71779463,2.6793558,0.20805614,0.55745641,0.68520739,2.6787654,0.26028939,0.69725423,0.60645161,2.7987879,0.20660966,0.57825663,0.73626517,2.3416933,0.21600329,0.50581347
0b_crop_best,file,18,baseline_crop,4392,076.Dark_eyed_Junco/Dark_Eyed_Junco_0013_66332.jpg,76,75,076.Dark_eyed_Junco,26,25,identity,identity,0,{},0.70342463,0.70342463,0,0.49488759,0.49488759,0.17123015,0.17123015,0.32365744,0.32365744,0,1,1,89.542852,89.542852,False,1,True,True,True,1,1,89.542852,89.542852,1,1,88.136184,88.136184,1,1,15.80935,15.80935,1,1,17.371995,17.371995,1,1,41.630253,41.630253,1,1,53.978567,53.978567,1,1,37.721352,37.721352,1,1,37.370263,37.370263
0b_crop_best,file,18,baseline_crop,4392,076.Dark_eyed_Junco/Dark_Eyed_Junco_0013_66332.jpg,76,75,076.Dark_eyed_Junco,26,25,random_resized_crop,random_resized_crop,0,"{""area_fraction"":0.642871,""aspect"":1.160644,""fallback"":false,""height"":0.744239,""left"":0.031685,""top"":0.045999,""width"":0.863797}",0.70342463,0.24555163,-0.457873,0.49488759,0.78227288,0.17123015,0.10038657,0.32365744,0.68188631,0.35822887,0.72674006,0.49782364,89.542852,44.576549,False,0.93497902,True,True,True,0.72674006,0.49782364,89.542852,44.576549,0.72008572,0.49661007,88.136184,43.769316,0.92088268,0.53416864,15.80935,8.4448589,0.65351026,0.66329533,17.371995,11.522763,0.75705418,0.49909892,41.630253,20.777615,0.74631347,0.43912418,53.978567,23.703294,0.67650797,0.52277074,37.721352,19.719619,0.7140919,0.53555951,37.370263,20.014
0b_crop_best,file,18,baseline_crop,225,004.Groove_billed_Ani/Groove_Billed_Ani_0027_1754.jpg,4,3,004.Groove_billed_Ani,30,29,identity,identity,0,{},0.0034035868,0.0034035868,0,0.99660218,0.99660218,0.00081528432,0.00081528432,0.99578689,0.99578689,0,1,1,0.57218066,0.57218066,False,0.99999994,True,True,True,1,1,0.57218066,0.57218066,1,1,0.561826,0.561826,1,1,0.10836168,0.10836168,1,1,0.11633689,0.11633689,1,1,0.18259335,0.18259335,1,1,0.27905693,0.27905693,1,1,0.30063621,0.30063621,1,1,0.31704723,0.31704723
0b_crop_best,file,18,baseline_crop,225,004.Groove_billed_Ani/Groove_Billed_Ani_0027_1754.jpg,4,3,004.Groove_billed_Ani,30,29,random_resized_crop,random_resized_crop,0,"{""area_fraction"":0.712608,""aspect"":0.752465,""fallback"":false,""height"":0.973156,""left"":0.108466,""top"":0.024411,""width"":0.732265}",0.0034035868,0.44282117,0.43941759,0.99660218,0.64222205,0.00081528432,0.0045947423,0.99578689,0.6376273,-0.35815959,0.5151795,161.53015,0.57218066,92.424428,False,0.90042698,True,True,True,0.5151795,161.53015,0.57218066,92.424428,0.5086442,162.57914,0.561826,91.341189,0.74692573,130.20222,0.10836168,14.108932,0.17849231,175.96781,0.11633689,20.471549,0.24578799,202.50755,0.18259335,36.976532,0.53389024,187.54465,0.27905693,52.335633,0.5918498,158.61017,0.30063621,47.683959,0.62096711,123.94009,0.31704723,39.294862
0b_crop_best,file,18,baseline_crop,55,001.Black_footed_Albatross/Black_Footed_Albatross_0007_796138.jpg,1,0,001.Black_footed_Albatross,8,7,identity,identity,0,{},0.18203188,0.18203188,0,0.83357477,0.83357477,0.05604266,0.05604266,0.77753211,0.77753211,0,1,1,30.91939,30.91939,False,0.99999982,True,True,True,1,1,30.91939,30.91939,1,1,30.569307,30.569307,1,1,4.6396303,4.6396303,1,1,5.0341601,5.0341601,1,1,14.422162,14.422162,1,1,17.841605,17.841605,1,1,13.689484,13.689484,1,1,13.979133,13.979133
0b_crop_best,file,18,baseline_crop,55,001.Black_footed_Albatross/Black_Footed_Albatross_0007_796138.jpg,1,0,001.Black_footed_Albatross,8,7,random_resized_crop,random_resized_crop,0,"{""area_fraction"":0.80516,""aspect"":0.866365,""fallback"":false,""height"":0.96403,""left"":0.034694,""top"":0.03165,""width"":0.835202}",0.18203188,0.20659463,0.024562746,0.83357477,0.81334931,0.05604266,0.096217804,0.77753211,0.7171315,-0.060400609,0.81985268,1.2492077,30.91939,38.62474,False,0.9693507,True,True,True,0.81985268,1.2492077,30.91939,38.62474,0.81664162,1.2486994,30.569307,38.171874,0.95692129,1.2710799,4.6396303,5.897341,0.73480664,1.2800048,5.0341601,6.4437492,0.84549569,1.2992213,14.422162,18.73758,0.81460201,1.2583551,17.841605,22.451074,0.78554145,1.2591843,13.689484,17.237583,0.83297811,1.1607412,13.979133,16.226157
0b_crop_best,file,18,baseline_crop,4845,083.White_breasted_Kingfisher/White_Breasted_Kingfisher_0018_71137.jpg,83,82,083.White_breasted_Kingfisher,14,13,identity,identity,0,{},0.009838542,0.009838542,0,0.9902097,0.9902097,0.0012064799,0.0012064799,0.98900322,0.98900322,0,1,1,1.8615324,1.8615324,False,1,True,True,True,1,1,1.8615324,1.8615324,1,1,1.8413115,1.8413115,1,1,0.27363233,0.27363233,1,1,0.32705223,0.32705223,1,1,0.73139111,0.73139111,1,1,0.98230466,0.98230466,1,1,0.94875241,0.94875241,1,1,0.93993532,0.93993532
0b_crop_best,file,18,baseline_crop,4845,083.White_breasted_Kingfisher/White_Breasted_Kingfisher_0018_71137.jpg,83,82,083.White_breasted_Kingfisher,14,13,random_resized_crop,random_resized_crop,0,"{""area_fraction"":0.639922,""aspect"":0.908645,""fallback"":false,""height"":0.839202,""left"":0.202775,""top"":0.040803,""width"":0.762537}",0.009838542,0.0071462737,-0.0026922682,0.9902097,0.99287921,0.0012064799,0.00037594567,0.98900322,0.99250327,0.0035000474,0.76501329,0.73151044,1.8615324,1.3617304,False,0.96774995,True,True,True,0.76501329,0.73151044,1.8615324,1.3617304,0.76043237,0.73019235,1.8413115,1.3445116,0.95924421,0.78889126,0.27363233,0.21586615,0.59326939,0.91528105,0.32705223,0.29934471,0.74502639,0.75926195,0.73139111,0.55531744,0.72269403,0.67956974,0.98230466,0.66754452,0.75743722,0.72210074,0.94875241,0.68509481,0.84048934,0.74833766,0.93993532,0.703389
0b_crop_best,file,18,baseline_crop,3657,063.Ivory_Gull/Ivory_Gull_0027_48974.jpg,63,62,063.Ivory_Gull,60,59,identity,identity,0,{},0.60239661,0.60239661,0,0.54749793,0.54749793,0.17546971,0.17546971,0.37202822,0.37202822,0,1,1,77.02777,77.02777,False,0.99999994,True,True,True,1,1,77.02777,77.02777,1,1,75.484123,75.484123,1,1,15.343553,15.343553,1,1,26.099113,26.099113,1,1,31.612756,31.612756,1,1,34.423318,34.423318,1,1,36.418782,36.418782,1,1,38.807605,38.807605
0b_crop_best,file,18,baseline_crop,3657,063.Ivory_Gull/Ivory_Gull_0027_48974.jpg,63,62,063.Ivory_Gull,60,59,random_resized_crop,random_resized_crop,0,"{""area_fraction"":0.880452,""aspect"":1.037342,""fallback"":false,""height"":0.921281,""left"":0.008616,""top"":0.054617,""width"":0.955683}",0.60239661,0.21017203,-0.39222458,0.54749793,0.81044483,0.17546971,0.061795931,0.37202822,0.7486489,0.37662068,0.84698995,0.45434248,77.02777,34.996988,False,0.97996157,True,True,True,0.84698995,0.45434248,77.02777,34.996988,0.84190587,0.45505418,75.484123,34.349365,0.97587547,0.43676424,15.343553,6.7015153,0.92959636,0.49223732,26.099113,12.846958,0.85446005,0.47502923,31.612756,15.016983,0.76385532,0.44457585,34.423318,15.303776,0.81374085,0.44798145,36.418782,16.314939,0.87876823,0.43801451,38.807605,16.998294
0b_crop_best,file,18,baseline_crop,8870,151.Black_capped_Vireo/Black_Capped_Vireo_0018_155868.jpg,151,150,151.Black_capped_Vireo,152,151,identity,identity,0,{},0.03609078,0.03609078,0,0.9645527,0.9645527,0.017258128,0.017258128,0.94729457,0.94729457,0,1,1,4.3821206,4.3821206,False,1,True,True,True,1,1,4.3821206,4.3821206,1,1,4.2816775,4.2816775,1,1,0.93285508,0.93285508,1,1,0.80734734,0.80734734,1,1,1.472563,1.472563,1,1,2.2007287,2.2007287,1,1,2.1638656,2.1638656,1,1,2.4468326,2.4468326
0b_crop_best,file,18,baseline_crop,8870,151.Black_capped_Vireo/Black_Capped_Vireo_0018_155868.jpg,151,150,151.Black_capped_Vireo,152,151,random_resized_crop,random_resized_crop,0,"{""area_fraction"":0.703254,""aspect"":1.107263,""fallback"":false,""height"":0.796949,""left"":0.034792,""top"":0.02299,""width"":0.882433}",0.03609078,0.015735507,-0.020355273,0.9645527,0.98438764,0.017258128,0.0082576089,0.94729457,0.97613003,0.028835455,0.75495892,0.56632016,4.3821206,2.4816833,False,0.96709824,True,True,True,0.75495892,0.56632016,4.3821206,2.4816833,0.74578445,0.56815726,4.2816775,2.4326662,0.96581176,0.52612937,0.93285508,0.49080245,0.424267,0.67391387,0.80734734,0.54408257,0.70617358,0.6710577,1.472563,0.98817475,0.7699726,0.62305199,2.2007287,1.3711684,0.72497726,0.51273985,2.1638656,1.1095001,0.82159908,0.50622628,2.4468326,1.238651
0b_crop_best,file,18,baseline_crop,9664,165.Chestnut_sided_Warbler/Chestnut_Sided_Warbler_0073_163868.jpg,165,164,165.Chestnut_sided_Warbler,166,165,identity,identity,0,{},0.029364549,0.029364549,0,0.97106242,0.97106242,0.0093624378,0.0093624378,0.96169998,0.96169998,0,1,1,4.745904,4.745904,False,1,True,True,True,1,1,4.745904,4.745904,1,1,4.6572464,4.6572464,1,1,0.91305039,0.91305039,1,1,0.99357093,0.99357093,1,1,2.3126032,2.3126032,1,1,2.3670062,2.3670062,1,1,2.171301,2.171301,1,1,2.2444066,2.2444066
0b_crop_best,file,18,baseline_crop,9664,165.Chestnut_sided_Warbler/Chestnut_Sided_Warbler_0073_163868.jpg,165,164,165.Chestnut_sided_Warbler,166,165,random_resized_crop,random_resized_crop,0,"{""area_fraction"":0.787784,""aspect"":1.079418,""fallback"":false,""height"":0.854297,""left"":0.056549,""top"":0.138167,""width"":0.922143}",0.029364549,0.00656685,-0.022797699,0.97106242,0.99345464,0.0093624378,0.00089018978,0.96169998,0.99256445,0.030864461,0.6356433,0.1980603,4.745904,0.93997518,False,0.95495915,True,True,True,0.6356433,0.1980603,4.745904,0.93997518,0.62368102,0.19781377,4.6572464,0.92126744,0.93721481,0.20437009,0.91305039,0.18660019,0.49613081,0.1967669,0.99357093,0.19550188,0.58721895,0.16180044,2.3126032,0.37418022,0.59675487,0.19823703,2.3670062,0.46922827,0.61951786,0.19118741,2.171301,0.41512542,0.71848114,0.23491946,2.2444066,0.52725478
0b_crop_best,file,18,baseline_crop,5922,102.Western_Wood_Pewee/Western_Wood_Pewee_0046_98113.jpg,102,101,102.Western_Wood_Pewee,39,38,identity,identity,0,{},2.4250791,2.4250791,0,0.088471115,0.088471115,0.518619,0.518619,-0.43014789,-0.43014789,0,1,1,229.85265,229.85265,False,1,True,False,False,1,1,229.85265,229.85265,1,1,226.76344,226.76344,1,1,37.557728,37.557728,1,1,38.594538,38.594538,1,1,114.70182,114.70182,1,1,127.53412,127.53412,1,1,109.39472,109.39472,1,1,92.430814,92.430814
0b_crop_best,file,18,baseline_crop,5922,102.Western_Wood_Pewee/Western_Wood_Pewee_0046_98113.jpg,102,101,102.Western_Wood_Pewee,39,38,random_resized_crop,random_resized_crop,0,"{""area_fraction"":0.586513,""aspect"":0.864658,""fallback"":false,""height"":0.823601,""left"":0.003538,""top"":0.00771,""width"":0.712133}",2.4250791,2.4767172,0.051638126,0.088471115,0.084018588,0.518619,0.49327239,-0.43014789,-0.40925381,0.02089408,0.73773901,0.77862664,229.85265,178.9694,False,0.92363948,True,False,False,0.73773901,0.77862664,229.85265,178.9694,0.73238426,0.77613971,226.76344,176.00011,0.91716475,0.86441501,37.557728,32.465464,0.4562035,1.2175855,38.594538,46.99215,0.82175155,0.78056904,114.70182,89.532687,0.74860377,0.73669687,127.53412,93.953985,0.68078903,0.71905595,109.39472,78.660925,0.73348908,0.81944041,92.430814,75.741544
0b_crop_best,file,18,baseline_crop,2094,037.Acadian_Flycatcher/Acadian_Flycatcher_0039_795606.jpg,37,36,037.Acadian_Flycatcher,39,38,identity,identity,0,{},2.6951962,2.6951962,0,0.067529134,0.067529134,0.53855771,0.53855771,-0.47102857,-0.47102857,0,1,1,134.39305,134.39305,False,1,True,False,False,1,1,134.39305,134.39305,1,1,131.10495,131.10495,1,1,29.546297,29.546297,1,1,33.372959,33.372959,1,1,55.405163,55.405163,1,1,66.416741,66.416741,1,1,65.446672,65.446672,1,1,65.654941,65.654941
0b_crop_best,file,18,baseline_crop,2094,037.Acadian_Flycatcher/Acadian_Flycatcher_0039_795606.jpg,37,36,037.Acadian_Flycatcher,39,38,random_resized_crop,random_resized_crop,0,"{""area_fraction"":0.661735,""aspect"":0.900605,""fallback"":false,""height"":0.857186,""left"":0.044172,""top"":0.084033,""width"":0.771986}",2.6951962,2.594703,-0.10049319,0.067529134,0.074668057,0.53855771,0.073774517,-0.47102857,0.00089354068,0.47192211,0.57415564,1.6477908,134.39305,221.45163,False,0.94597948,False,False,False,0.57415564,1.6477908,134.39305,221.45163,0.56784595,1.6633737,131.10495,218.07652,0.74915447,1.3035693,29.546297,38.515647,0.70720366,1.905251,33.372959,63.583864,0.6383469,1.9838807,55.405163,109.91723,0.51747721,1.7107495,66.416741,113.62241,0.51088804,1.5897439,65.446672,104.04344,0.60121019,1.3363171,65.654941,87.735822
0b_crop_best,file,18,baseline_crop,9063,155.Warbling_Vireo/Warbling_Vireo_0104_158800.jpg,155,154,155.Warbling_Vireo,153,152,identity,identity,0,{},2.5917232,2.5917232,0,0.074890874,0.074890874,0.87895644,0.87895644,-0.80406556,-0.80406556,0,1,1,185.03761,185.03761,False,0.99999994,True,False,False,1,1,185.03761,185.03761,1,1,180.50188,180.50188,1,1,40.718413,40.718413,1,1,41.532167,41.532167,1,1,89.242879,89.242879,1,1,108.20911,108.20911,1,1,80.625354,80.625354,1,1,68.425557,68.425557
0b_crop_best,file,18,baseline_crop,9063,155.Warbling_Vireo/Warbling_Vireo_0104_158800.jpg,155,154,155.Warbling_Vireo,153,152,random_resized_crop,random_resized_crop,0,"{""area_fraction"":0.551137,""aspect"":0.873386,""fallback"":false,""height"":0.794377,""left"":0.109882,""top"":0.006046,""width"":0.693798}",2.5917232,3.4989183,0.90719509,0.074890874,0.030230066,0.87895644,0.96793473,-0.80406556,-0.93770466,-0.1336391,0.77161547,1.2643005,185.03761,233.94315,False,0.94931072,True,False,False,0.77161547,1.2643005,185.03761,233.94315,0.7640478,1.271643,180.50188,229.53396,0.94876938,1.1102039,40.718413,45.205742,0.80179503,1.0679856,41.532167,44.355757,0.76043319,1.2293061,89.242879,109.70682,0.79011201,1.2830958,108.20911,138.84265,0.739542,1.3439995,80.625354,108.36044,0.73481787,1.2793716,68.425557,87.541716
0b_crop_best,file,18,baseline_crop,7197,123.Henslow_Sparrow/Henslow_Sparrow_0098_796601.jpg,123,122,123.Henslow_Sparrow,125,124,identity,identity,0,{},0.10286321,0.10286321,0,0.90225041,0.90225041,0.025606349,0.025606349,0.87664406,0.87664406,0,1,1,14.592953,14.592953,False,1,True,True,True,1,1,14.592953,14.592953,1,1,14.30728,14.30728,1,1,2.8733288,2.8733288,1,1,2.0555132,2.0555132,1,1,6.2307897,6.2307897,1,1,8.0927044,8.0927044,1,1,6.524883,6.524883,1,1,7.3201388,7.3201388
0b_crop_best,file,18,baseline_crop,7197,123.Henslow_Sparrow/Henslow_Sparrow_0098_796601.jpg,123,122,123.Henslow_Sparrow,125,124,random_resized_crop,random_resized_crop,0,"{""area_fraction"":0.647335,""aspect"":1.28419,""fallback"":false,""height"":0.709986,""left"":0.020117,""top"":0.128161,""width"":0.911757}",0.10286321,0.1012116,-0.0016516075,0.90225041,0.90374178,0.025606349,0.023708481,0.87664406,0.8800333,0.0033892356,0.69500968,1.3715248,14.592953,20.014598,False,0.95049047,True,True,True,0.69500968,1.3715248,14.592953,20.014598,0.68731748,1.3789773,14.30728,19.729415,0.92840309,1.1716878,2.8733288,3.3666444,0.64855948,1.6399356,2.0555132,3.3709093,0.62125803,1.4119809,6.2307897,8.7977562,0.7450011,1.4063825,8.0927044,11.381438,0.64862261,1.4230567,6.524883,9.2852787,0.70561942,1.2574953,7.3201388,9.2050399
0b_crop_best,file,18,baseline_crop,4604,079.Belted_Kingfisher/Belted_Kingfisher_0111_70375.jpg,79,78,079.Belted_Kingfisher,198,197,identity,identity,0,{},2.7508569,2.7508569,0,0.063873105,0.063873105,0.19264533,0.19264533,-0.12877222,-0.12877222,0,1,1,128.62904,128.62904,False,0.99999988,True,False,False,1,1,128.62904,128.62904,1,1,126.38504,126.38504,1,1,23.921757,23.921757,1,1,24.489718,24.489718,1,1,51.023684,51.023684,1,1,66.50728,66.50728,1,1,66.239821,66.239821,1,1,62.921258,62.921258
0b_crop_best,file,18,baseline_crop,4604,079.Belted_Kingfisher/Belted_Kingfisher_0111_70375.jpg,79,78,079.Belted_Kingfisher,198,197,random_resized_crop,random_resized_crop,0,"{""area_fraction"":0.566552,""aspect"":1.052221,""fallback"":false,""height"":0.733781,""left"":0.210099,""top"":0.058402,""width"":0.7721}",2.7508569,3.9498897,1.1990328,0.063873105,0.019256826,0.19264533,0.052035812,-0.12877222,-0.032778986,0.095993236,0.69926782,1.1903667,128.62904,153.11573,False,0.92825621,False,False,False,0.69926782,1.1903667,128.62904,153.11573,0.69236468,1.1937443,126.38504,150.87142,0.91262528,1.0918822,23.921757,26.11974,0.66718712,1.6132376,24.489718,39.507734,0.70242365,1.3386851,51.023684,68.304648,0.6975097,1.2029933,66.50728,80.007813,0.69426037,1.1425222,66.239821,75.680466,0.69821131,1.0550547,62.921258,66.38537
0b_crop_best,file,18,baseline_crop,10665,182.Yellow_Warbler/Yellow_Warbler_0121_176402.jpg,182,181,182.Yellow_Warbler,175,174,identity,identity,0,{},0.23901998,0.23901998,0,0.78739917,0.78739917,0.12609299,0.12609299,0.66130619,0.66130619,0,1,1,31.774571,31.774571,False,1,True,True,True,1,1,31.774571,31.774571,1,1,31.137122,31.137122,1,1,6.3326961,6.3326961,1,1,7.4249174,7.4249174,1,1,11.663534,11.663534,1,1,16.030707,16.030707,1,1,15.949708,15.949708,1,1,16.339405,16.339405
0b_crop_best,file,18,baseline_crop,10665,182.Yellow_Warbler/Yellow_Warbler_0121_176402.jpg,182,181,182.Yellow_Warbler,175,174,random_resized_crop,random_resized_crop,0,"{""area_fraction"":0.520994,""aspect"":1.329838,""fallback"":false,""height"":0.625917,""left"":0.020693,""top"":0.065192,""width"":0.832369}",0.23901998,0.54485124,0.30583127,0.78739917,0.57992804,0.12609299,0.25886708,0.66130619,0.32106096,-0.34024523,0.67315888,2.2417677,31.774571,71.231209,False,0.94742626,True,True,True,0.67315888,2.2417677,31.774571,71.231209,0.66349434,2.2520219,31.137122,70.121479,0.94469189,1.9777536,6.3326961,12.524513,0.48181928,1.7043836,7.4249174,12.654907,0.52455764,2.2607872,11.663534,26.368769,0.64517906,2.2523005,16.030707,36.10597,0.69699456,2.3489365,15.949708,37.464853,0.75192338,2.2522796,16.339405,36.800908
0b_crop_best,file,18,baseline_crop,8730,149.Brown_Thrasher/Brown_Thrasher_0052_155254.jpg,149,148,149.Brown_Thrasher,150,149,identity,identity,0,{},0.029406106,0.029406106,0,0.97102207,0.97102207,0.017242935,0.017242935,0.95377913,0.95377913,0,1,1,4.9158682,4.9158682,False,0.99999994,True,True,True,1,1,4.9158682,4.9158682,1,1,4.8115449,4.8115449,1,1,1.0073707,1.0073707,1,1,0.9207714,0.9207714,1,1,2.4994372,2.4994372,1,1,2.1651772,2.1651772,1,1,2.3206657,2.3206657,1,1,2.4459101,2.4459101
0b_crop_best,file,18,baseline_crop,8730,149.Brown_Thrasher/Brown_Thrasher_0052_155254.jpg,149,148,149.Brown_Thrasher,150,149,random_resized_crop,random_resized_crop,0,"{""area_fraction"":0.880193,""aspect"":0.968382,""fallback"":false,""height"":0.953379,""left"":0.047516,""top"":0.007952,""width"":0.923235}",0.029406106,0.0055856579,-0.023820448,0.97102207,0.99442989,0.017242935,0.0021061348,0.95377913,0.99232375,0.038544617,0.86674524,0.19680765,4.9158682,0.96748046,False,0.98553216,True,True,True,0.86674524,0.19680765,4.9158682,0.96748046,0.86289473,0.19757872,4.8115449,0.95065889,0.96847063,0.17831345,1.0073707,0.17962773,0.81485024,0.26703704,0.9207714,0.24588007,0.90788387,0.20175472,2.4994372,0.50427327,0.82483316,0.19397652,2.1651772,0.41999355,0.84412831,0.18574172,2.3206657,0.43104444,0.87887495,0.19471101,2.4459101,0.47624562
0b_crop_best,file,18,baseline_crop,6794,117.Clay_colored_Sparrow/Clay_Colored_Sparrow_0002_110606.jpg,117,116,117.Clay_colored_Sparrow,158,157,identity,identity,0,{},0.88016826,0.88016826,0,0.41471311,0.41471311,0.15191877,0.15191877,0.26279435,0.26279435,0,1,1,117.68643,117.68643,False,0.99999994,True,True,True,1,1,117.68643,117.68643,1,1,116.52397,116.52397,1,1,16.500328,16.500328,1,1,21.785915,21.785915,1,1,54.158107,54.158107,1,1,70.34454,70.34454,1,1,57.145449,57.145449,1,1,44.228399,44.228399
0b_crop_best,file,18,baseline_crop,6794,117.Clay_colored_Sparrow/Clay_Colored_Sparrow_0002_110606.jpg,117,116,117.Clay_colored_Sparrow,158,157,random_resized_crop,random_resized_crop,0,"{""area_fraction"":0.69397,""aspect"":1.105285,""fallback"":false,""height"":0.79238,""left"":0.033361,""top"":0.134557,""width"":0.875805}",0.88016826,0.97420746,0.094039202,0.41471311,0.37749141,0.15191877,0.35371026,0.26279435,0.023781151,-0.2390132,0.79465889,1.4470791,117.68643,170.30157,False,0.95772398,True,True,True,0.79465889,1.4470791,117.68643,170.30157,0.79287498,1.4510862,116.52397,169.08632,0.91015964,1.2308021,16.500328,20.308638,0.62508951,1.8133045,21.785915,39.504499,0.82706454,1.6839213,54.158107,91.197989,0.8221606,1.3590839,70.34454,95.604133,0.7893029,1.352539,57.145449,77.291448,0.74754178,1.3562902,44.228399,59.986544
0b_crop_best,file,18,baseline_crop,11456,195.Carolina_Wren/Carolina_Wren_0128_186581.jpg,195,194,195.Carolina_Wren,199,198,identity,identity,0,{},0.015198846,0.015198846,0,0.98491609,0.98491609,0.012944291,0.012944291,0.9719718,0.9719718,0,1,1,3.4840476,3.4840476,False,1,True,True,True,1,1,3.4840476,3.4840476,1,1,3.4301584,3.4301584,1,1,0.61041033,0.61041033,1,1,0.87456445,0.87456445,1,1,1.7865665,1.7865665,1,1,1.9503831,1.9503831,1,1,1.4415713,1.4415713,1,1,1.3882298,1.3882298
0b_crop_best,file,18,baseline_crop,11456,195.Carolina_Wren/Carolina_Wren_0128_186581.jpg,195,194,195.Carolina_Wren,199,198,random_resized_crop,random_resized_crop,0,"{""area_fraction"":0.822587,""aspect"":1.028865,""fallback"":false,""height"":0.894153,""left"":0.019459,""top"":0.092701,""width"":0.919962}",0.015198846,0.0017844005,-0.013414446,0.98491609,0.99821717,0.012944291,0.00064274593,0.9719718,0.99757442,0.02560262,0.68595224,0.098401717,3.4840476,0.34283626,False,0.9576025,True,True,True,0.68595224,0.098401717,3.4840476,0.34283626,0.67992619,0.098460332,3.4301584,0.33773454,0.88017322,0.096532456,0.61041033,0.058924408,0.67962685,0.099813005,0.87456445,0.087292906,0.67440139,0.10024845,1.7865665,0.17910052,0.68091256,0.092627248,1.9503831,0.18065862,0.65687627,0.094228861,1.4415713,0.13583763,0.7150697,0.1099039,1.3882298,0.15257186
0b_crop_best,file,18,baseline_crop,10255,175.Pine_Warbler/Pine_Warbler_0032_172080.jpg,175,174,175.Pine_Warbler,157,156,identity,identity,0,{},0.00096620119,0.00096620119,0,0.99903429,0.99903429,0.00054355589,0.00054355589,0.99849073,0.99849073,0,1,1,0.15867608,0.15867608,False,1,True,True,True,1,1,0.15867608,0.15867608,1,1,0.15486499,0.15486499,1,1,0.034567838,0.034567838,1,1,0.025713833,0.025713833,1,1,0.073859849,0.073859849,1,1,0.086633042,0.086633042,1,1,0.0716494,0.0716494,1,1,0.072303288,0.072303288
0b_crop_best,file,18,baseline_crop,10255,175.Pine_Warbler/Pine_Warbler_0032_172080.jpg,175,174,175.Pine_Warbler,157,156,random_resized_crop,random_resized_crop,0,"{""area_fraction"":0.579163,""aspect"":1.113368,""fallback"":false,""height"":0.721242,""left"":0.104927,""top"":0.237509,""width"":0.803008}",0.00096620119,0.030756747,0.029790546,0.99903429,0.96971142,0.00054355589,0.026382431,0.99849073,0.94332899,-0.055161738,0.68919417,45.630932,0.15867608,7.2405377,False,0.95334548,True,True,True,0.68919417,45.630932,0.15867608,7.2405377,0.68105046,46.098447,0.15486499,7.1390354,0.93038796,34.949307,0.034567838,1.208122,0.57767615,62.412003,0.025713833,1.6048518,0.73646806,57.817195,0.073859849,4.2703693,0.69743591,44.335983,0.086633042,3.8409611,0.6530402,40.66185,0.0716494,2.9133971,0.67561514,36.365243,0.072303288,2.6293267
0b_crop_best,file,18,baseline_crop,10426,177.Prothonotary_Warbler/Prothonotary_Warbler_0045_173536.jpg,177,176,177.Prothonotary_Warbler,180,179,identity,identity,0,{},0.0028551549,0.0028551549,0,0.99714893,0.99714893,0.00089021446,0.00089021446,0.99625872,0.99625872,0,1,1,0.43343543,0.43343543,False,0.99999988,True,True,True,1,1,0.43343543,0.43343543,1,1,0.42459356,0.42459356,1,1,0.087100971,0.087100971,1,1,0.12527507,0.12527507,1,1,0.20723402,0.20723402,1,1,0.18903475,0.18903475,1,1,0.19435184,0.19435184,1,1,0.21939264,0.21939264
0b_crop_best,file,18,baseline_crop,10426,177.Prothonotary_Warbler/Prothonotary_Warbler_0045_173536.jpg,177,176,177.Prothonotary_Warbler,180,179,random_resized_crop,random_resized_crop,0,"{""area_fraction"":0.628804,""aspect"":1.244191,""fallback"":false,""height"":0.710909,""left"":0.049089,""top"":0.172166,""width"":0.884507}",0.0028551549,0.0011945977,-0.0016605572,0.99714893,0.99880612,0.00089021446,0.00040987946,0.99625872,0.99839624,0.0021375229,0.68071543,0.42548484,0.43343543,0.1844202,False,0.96382958,True,True,True,0.68071543,0.42548484,0.43343543,0.1844202,0.66901446,0.42494143,0.42459356,0.18042739,0.95066055,0.43819964,0.087100971,0.038167614,0.75473866,0.46017223,0.12527507,0.05764811,0.69652981,0.39297677,0.20723402,0.081438158,0.57021729,0.45392651,0.18903475,0.085807883,0.57962295,0.40681038,0.19435184,0.079064346,0.7641272,0.43203859,0.21939264,0.094786089
0b_crop_best,file,18,baseline_crop,7265,124.Le_Conte_Sparrow/Le_Conte_Sparrow_0067_117146.jpg,124,123,124.Le_Conte_Sparrow,126,125,identity,identity,0,{},0.0082952483,0.0082952483,0,0.99173903,0.99173903,0.0056635393,0.0056635393,0.9860755,0.9860755,0,1,1,1.2369408,1.2369408,False,0.99999988,True,True,True,1,1,1.2369408,1.2369408,1,1,1.2042874,1.2042874,1,1,0.2823373,0.2823373,1,1,0.20250894,0.20250894,1,1,0.62547215,0.62547215,1,1,0.62083917,0.62083917,1,1,0.55742329,0.55742329,1,1,0.56738069,0.56738069
0b_crop_best,file,18,baseline_crop,7265,124.Le_Conte_Sparrow/Le_Conte_Sparrow_0067_117146.jpg,124,123,124.Le_Conte_Sparrow,126,125,random_resized_crop,random_resized_crop,0,"{""area_fraction"":0.795922,""aspect"":1.183201,""fallback"":false,""height"":0.820174,""left"":0.012967,""top"":0.090368,""width"":0.970431}",0.0082952483,0.0085191401,0.00022389181,0.99173903,0.99151707,0.0056635393,0.0069940556,0.9860755,0.98452301,-0.001552484,0.79345986,1.0297879,1.2369408,1.2737866,False,0.98491019,True,True,True,0.79345986,1.0297879,1.2369408,1.2737866,0.78250026,1.0243605,1.2042874,1.2336245,0.97841011,1.1239653,0.2823373,0.31733731,0.80056598,1.1276021,0.20250894,0.2283495,0.72319503,0.84261786,0.62547215,0.527034,0.79084391,1.0845388,0.62083917,0.67332415,0.77353709,1.0820425,0.55742329,0.60315566,0.85343095,1.0789501,0.56738069,0.61217548
0b_crop_best,file,18,baseline_crop,10209,174.Palm_Warbler/Palm_Warbler_0095_170610.jpg,174,173,174.Palm_Warbler,178,177,identity,identity,0,{},0.13130324,0.13130324,0,0.87695181,0.87695181,0.017793523,0.017793523,0.85915829,0.85915829,0,1,1,25.574406,25.574406,False,0.99999994,True,True,True,1,1,25.574406,25.574406,1,1,25.279318,25.279318,1,1,3.8738024,3.8738024,1,1,6.3923194,6.3923194,1,1,12.555894,12.555894,1,1,14.512261,14.512261,1,1,11.393668,11.393668,1,1,10.005513,10.005513
0b_crop_best,file,18,baseline_crop,10209,174.Palm_Warbler/Palm_Warbler_0095_170610.jpg,174,173,174.Palm_Warbler,178,177,random_resized_crop,random_resized_crop,0,"{""area_fraction"":0.886271,""aspect"":0.981018,""fallback"":false,""height"":0.950484,""left"":0.029189,""top"":0.037288,""width"":0.932442}",0.13130324,0.1756729,0.044369668,0.87695181,0.83889234,0.017793523,0.033910472,0.85915829,0.80498187,-0.054176422,0.84736765,1.6361402,25.574406,41.843315,False,0.97794163,True,True,True,0.84736765,1.6361402,25.574406,41.843315,0.84538484,1.6429036,25.279318,41.531481,0.97327341,1.3162594,3.8738024,5.0989289,0.87842625,2.1949018,6.3923194,14.030514,0.81921056,1.8604594,12.555894,23.35973,0.85835379,1.5611894,14.512261,22.656388,0.85559183,1.4532334,11.393668,16.557658,0.89400723,1.3951665,10.005513,13.959357
0b_crop_best,file,18,baseline_crop,7740,132.White_crowned_Sparrow/White_Crowned_Sparrow_0057_127927.jpg,132,131,132.White_crowned_Sparrow,133,132,identity,identity,0,{},0.13280885,0.13280885,0,0.87563246,0.87563246,0.020890608,0.020890608,0.85474186,0.85474186,0,1,1,18.344841,18.344841,False,1.0000001,True,True,True,1,1,18.344841,18.344841,1,1,17.969564,17.969564,1,1,3.6916047,3.6916047,1,1,2.8110298,2.8110298,1,1,6.8010629,6.8010629,1,1,10.05603,10.05603,1,1,8.7012924,8.7012924,1,1,9.58711,9.58711
0b_crop_best,file,18,baseline_crop,7740,132.White_crowned_Sparrow/White_Crowned_Sparrow_0057_127927.jpg,132,131,132.White_crowned_Sparrow,133,132,random_resized_crop,random_resized_crop,0,"{""area_fraction"":0.890556,""aspect"":1.069239,""fallback"":false,""height"":0.912627,""left"":0.020383,""top"":0.023591,""width"":0.975816}",0.13280885,0.10823187,-0.024576977,0.87563246,0.89741951,0.020890608,0.012347681,0.85474186,0.88507183,0.030329974,0.75032938,0.84156143,18.344841,15.438311,False,0.98132443,True,True,True,0.75032938,0.84156143,18.344841,15.438311,0.74108715,0.84161208,17.969564,15.123402,0.96964495,0.84036045,3.6916047,3.1022786,0.27545923,1.0450753,2.8110298,2.9377378,0.5765106,0.8701254,6.8010629,5.9177776,0.75978178,0.77494364,10.05603,7.7928562,0.74449814,0.83370094,8.7012924,7.2542757,0.85464569,0.88331093,9.58711,8.468399
0b_crop_best,file,18,baseline_crop,1974,035.Purple_Finch/Purple_Finch_0053_27543.jpg,35,34,035.Purple_Finch,56,55,identity,identity,0,{},0.072655432,0.072655432,0,0.92992121,0.92992121,0.014741831,0.014741831,0.91517938,0.91517938,0,1,1,11.597598,11.597598,False,1.0000001,True,True,True,1,1,11.597598,11.597598,1,1,11.481598,11.481598,1,1,1.6362108,1.6362108,1,1,2.316041,2.316041,1,1,5.1468206,5.1468206,1,1,5.626122,5.626122,1,1,5.5670128,5.5670128,1,1,6.1096983,6.1096983
0b_crop_best,file,18,baseline_crop,1974,035.Purple_Finch/Purple_Finch_0053_27543.jpg,35,34,035.Purple_Finch,56,55,random_resized_crop,random_resized_crop,0,"{""area_fraction"":0.59411,""aspect"":0.959104,""fallback"":false,""height"":0.787047,""left"":0.163259,""top"":0.009283,""width"":0.75486}",0.072655432,0.0058460683,-0.066809364,0.92992121,0.99417096,0.014741831,0.0021344451,0.91517938,0.99203652,0.07685714,0.76663511,0.099670429,11.597598,1.1559376,False,0.95938784,True,True,True,0.76663511,0.099670429,11.597598,1.1559376,0.7627107,0.099317094,11.481598,1.140319,0.94124056,0.11574236,1.6362108,0.1893789,0.56878142,0.10065542,2.316041,0.23312208,0.74843254,0.10382185,5.1468206,0.53435245,0.78885937,0.10460572,5.626122,0.58852452,0.75577153,0.09406176,5.5670128,0.52364302,0.78758028,0.095421613,6.1096983,0.58299726
0b_crop_best,file,18,baseline_crop,10503,179.Tennessee_Warbler/Tennessee_Warbler_0063_168561.jpg,179,178,179.Tennessee_Warbler,154,153,identity,identity,0,{},0.74288654,0.74288654,0,0.47573867,0.47573867,0.44534856,0.44534856,0.030390114,0.030390114,0,1,1,115.62466,115.62466,False,0.99999988,True,True,True,1,1,115.62466,115.62466,1,1,113.48746,113.48746,1,1,22.12823,22.12823,1,1,38.432182,38.432182,1,1,49.861574,49.861574,1,1,62.573459,62.573459,1,1,51.788721,51.788721,1,1,48.152729,48.152729
0b_crop_best,file,18,baseline_crop,10503,179.Tennessee_Warbler/Tennessee_Warbler_0063_168561.jpg,179,178,179.Tennessee_Warbler,154,153,random_resized_crop,random_resized_crop,0,"{""area_fraction"":0.782367,""aspect"":0.908209,""fallback"":false,""height"":0.928137,""left"":0.045826,""top"":0.0001,""width"":0.842943}",0.74288654,1.1496778,0.40679121,0.47573867,0.31673878,0.44534856,0.40483692,0.030390114,-0.088098139,-0.11848825,0.77009071,1.1782853,115.62466,136.23884,False,0.95616579,False,True,False,0.77009071,1.1782853,115.62466,136.23884,0.76382082,1.1789488,113.48746,133.7959,0.93769015,1.1606975,22.12823,25.684182,0.82342211,1.018291,38.432182,39.135143,0.72452978,1.1175435,49.861574,55.722478,0.77108728,1.2746851,62.573459,79.761455,0.7413233,1.1796697,51.788721,61.093587,0.79388704,1.1693411,48.152729,56.306963
0b_crop_best,file,18,baseline_crop,8679,148.Green_tailed_Towhee/Green_Tailed_Towhee_0094_797396.jpg,148,147,148.Green_tailed_Towhee,114,113,identity,identity,0,{},0.0024375985,0.0024375985,0,0.99756539,0.99756539,0.00059314293,0.00059314293,0.99697225,0.99697225,0,1,1,0.43706797,0.43706797,False,1,True,True,True,1,1,0.43706797,0.43706797,1,1,0.42923897,0.42923897,1,1,0.08235484,0.08235484,1,1,0.10226814,0.10226814,1,1,0.16615103,0.16615103,1,1,0.23937924,0.23937924,1,1,0.20074615,0.20074615,1,1,0.22040807,0.22040807
0b_crop_best,file,18,baseline_crop,8679,148.Green_tailed_Towhee/Green_Tailed_Towhee_0094_797396.jpg,148,147,148.Green_tailed_Towhee,114,113,random_resized_crop,random_resized_crop,0,"{""area_fraction"":0.717698,""aspect"":0.878193,""fallback"":false,""height"":0.904015,""left"":0.080141,""top"":0.091095,""width"":0.7939}",0.0024375985,0.0010887416,-0.001348857,0.99756539,0.99891186,0.00059314293,0.00028953634,0.99697225,0.99862232,0.0016500755,0.7075631,0.48977194,0.43706797,0.21406363,False,0.96538424,True,True,True,0.7075631,0.48977194,0.43706797,0.21406363,0.69786471,0.48857657,0.42923897,0.2097161,0.95595895,0.52119715,0.08235484,0.042923108,0.56566616,0.41694736,0.10226814,0.042640429,0.61104465,0.53548277,0.16615103,0.088971013,0.74260953,0.48347957,0.23937924,0.11573497,0.65310961,0.4928263,0.20074615,0.098932982,0.76674241,0.47724123,0.22040807,0.10518782
0b_crop_best,file,18,baseline_crop,5721,098.Scott_Oriole/Scott_Oriole_0077_795831.jpg,98,97,098.Scott_Oriole,180,179,identity,identity,0,{},4.6320186,4.6320186,0,0.0097350869,0.0097350869,0.26286334,0.26286334,-0.25312825,-0.25312825,0,1,1,128.05693,128.05693,False,1.0000001,True,False,False,1,1,128.05693,128.05693,1,1,125.47321,125.47321,1,1,25.593941,25.593941,1,1,29.461103,29.461103,1,1,46.861667,46.861667,1,1,56.599894,56.599894,1,1,65.860395,65.860395,1,1,71.682736,71.682736
0b_crop_best,file,18,baseline_crop,5721,098.Scott_Oriole/Scott_Oriole_0077_795831.jpg,98,97,098.Scott_Oriole,180,179,random_resized_crop,random_resized_crop,0,"{""area_fraction"":0.757712,""aspect"":0.973485,""fallback"":false,""height"":0.882241,""left"":0.11036,""top"":0.00782,""width"":0.858849}",4.6320186,4.2360258,-0.39599276,0.0097350869,0.014464966,0.26286334,0.33662236,-0.25312825,-0.32215739,-0.06902914,0.74875787,1.2861293,128.05693,164.69777,False,0.95564318,True,False,False,0.74875787,1.2861293,128.05693,164.69777,0.74139531,1.2912192,125.47321,162.01342,0.95056959,1.1570837,25.593941,29.614331,0.7283183,1.2258652,29.461103,36.11534,0.72982325,1.407674,46.861667,65.965951,0.70517787,1.3794047,56.599894,78.074161,0.76078284,1.3337545,65.860395,87.841595,0.76621934,1.1487512,71.682736,82.345626
0b_crop_best,file,18,baseline_crop,545,011.Rusty_Blackbird/Rusty_Blackbird_0113_6664.jpg,11,10,011.Rusty_Blackbird,9,8,identity,identity,0,{},0.44197714,0.44197714,0,0.64276433,0.64276433,0.09176553,0.09176553,0.5509988,0.5509988,0,1,1,60.974315,60.974315,False,0.99999994,True,True,True,1,1,60.974315,60.974315,1,1,60.025904,60.025904,1,1,10.712511,10.712511,1,1,12.760828,12.760828,1,1,28.271694,28.271694,1,1,30.842886,30.842886,1,1,29.421617,29.421617,1,1,28.70656,28.70656
0b_crop_best,file,18,baseline_crop,545,011.Rusty_Blackbird/Rusty_Blackbird_0113_6664.jpg,11,10,011.Rusty_Blackbird,9,8,random_resized_crop,random_resized_crop,0,"{""area_fraction"":0.63208,""aspect"":0.960454,""fallback"":false,""height"":0.811237,""left"":0.034285,""top"":0.017346,""width"":0.779156}",0.44197714,0.26356304,-0.17841411,0.64276433,0.76830918,0.09176553,0.073470563,0.5509988,0.69483861,0.14383981,0.70339698,0.67833001,60.974315,41.360708,False,0.96079248,True,True,True,0.70339698,0.67833001,60.974315,41.360708,0.69506258,0.67743911,60.025904,40.663895,0.95515586,0.70573054,10.712511,7.5601461,0.83409266,0.78608542,12.760828,10.031101,0.67392425,0.75746674,28.271694,21.414868,0.6402688,0.63615235,30.842886,19.620774,0.69508777,0.65209302,29.421617,19.185631,0.7579722,0.64352827,28.70656,18.473483
0b_crop_best,file,18,baseline_crop,8129,139.Scarlet_Tanager/Scarlet_Tanager_0083_138500.jpg,139,138,139.Scarlet_Tanager,42,41,identity,identity,0,{},0.0044544521,0.0044544521,0,0.99555546,0.99555546,0.0019772507,0.0019772507,0.99357821,0.99357821,0,1,1,0.52911484,0.52911484,False,1,True,True,True,1,1,0.52911484,0.52911484,1,1,0.51440265,0.51440265,1,1,0.12390489,0.12390489,1,1,0.090125638,0.090125638,1,1,0.16164643,0.16164643,1,1,0.20044886,0.20044886,1,1,0.25445961,0.25445961,1,1,0.35415879,0.35415879
0b_crop_best,file,18,baseline_crop,8129,139.Scarlet_Tanager/Scarlet_Tanager_0083_138500.jpg,139,138,139.Scarlet_Tanager,42,41,random_resized_crop,random_resized_crop,0,"{""area_fraction"":0.527432,""aspect"":1.103704,""fallback"":false,""height"":0.691285,""left"":0.037992,""top"":0.255719,""width"":0.762974}",0.0044544521,0.0039708349,-0.00048361719,0.99555546,0.99603707,0.0019772507,0.0018843444,0.99357821,0.99415272,0.00057451183,0.66223622,1.1097426,0.52911484,0.58718125,False,0.96345234,True,True,True,0.66223622,1.1097426,0.52911484,0.58718125,0.64712164,1.1148533,0.51440265,0.57348347,0.95025558,1.0176302,0.12390489,0.12608935,0.2605691,1.5943626,0.090125638,0.14369294,0.51632782,1.4201842,0.16164643,0.2295677,0.59554498,1.202593,0.20044886,0.24105839,0.59786683,1.0285891,0.25445961,0.26173439,0.7846026,1.013824,0.35415879,0.35905467
0b_crop_best,file,18,baseline_crop,2176,039.Least_Flycatcher/Least_Flycatcher_0024_30230.jpg,39,38,039.Least_Flycatcher,37,36,identity,identity,0,{},3.6538408,3.6538408,0,0.025891492,0.025891492,0.40658918,0.40658918,-0.38069769,-0.38069769,0,1,1,173.8597,173.8597,False,1,True,False,False,1,1,173.8597,173.8597,1,1,171.29206,171.29206,1,1,29.769549,29.769549,1,1,37.332102,37.332102,1,1,81.806287,81.806287,1,1,92.580863,92.580863,1,1,85.566668,85.566668,1,1,73.226657,73.226657
0b_crop_best,file,18,baseline_crop,2176,039.Least_Flycatcher/Least_Flycatcher_0024_30230.jpg,39,38,039.Least_Flycatcher,37,36,random_resized_crop,random_resized_crop,0,"{""area_fraction"":0.574322,""aspect"":1.072263,""fallback"":false,""height"":0.731858,""left"":0.160136,""top"":0.103312,""width"":0.784744}",3.6538408,5.2293906,1.5755498,0.025891492,0.0053567877,0.40658918,0.050637919,-0.38069769,-0.045281132,0.33541656,0.24354618,0.93472176,173.8597,162.51044,False,0.89151073,False,False,False,0.24354618,0.93472176,173.8597,162.51044,0.22756022,0.92186167,171.29206,157.90758,0.63505916,1.2900313,29.769549,38.40365,0.37150653,0.93104563,37.332102,34.75789,0.23015436,0.9463973,81.806287,77.421249,0.16851874,0.90270376,92.580863,83.573093,0.17052377,0.88570731,85.566668,75.787023,0.34856902,0.96607647,73.226657,70.74255
0b_crop_best,file,18,baseline_crop,1034,019.Gray_Catbird/Gray_Catbird_0050_20763.jpg,19,18,019.Gray_Catbird,155,154,identity,identity,0,{},0.00021264676,0.00021264676,0,0.99978739,0.99978739,9.4567549e-05,9.4567549e-05,0.99969282,0.99969282,0,1,1,0.032671998,0.032671998,False,1,True,True,True,1,1,0.032671998,0.032671998,1,1,0.031602796,0.031602796,1,1,0.0082899173,0.0082899173,1,1,0.0058203667,0.0058203667,1,1,0.012026798,0.012026798,1,1,0.01707915,0.01707915,1,1,0.016074484,0.016074484,1,1,0.016435624,0.016435624
0b_crop_best,file,18,baseline_crop,1034,019.Gray_Catbird/Gray_Catbird_0050_20763.jpg,19,18,019.Gray_Catbird,155,154,random_resized_crop,random_resized_crop,0,"{""area_fraction"":0.782665,""aspect"":1.252645,""fallback"":false,""height"":0.790449,""left"":0.007688,""top"":0.195365,""width"":0.990152}",0.00021264676,0.00024279984,3.0153082e-05,0.99978739,0.99975723,9.4567549e-05,8.0178397e-06,0.99969282,0.99974921,5.6389759e-05,0.48472195,1.1688702,0.032671998,0.038189324,False,0.96012884,True,True,True,0.48472195,1.1688702,0.032671998,0.038189324,0.46112246,1.1696646,0.031602796,0.036964673,0.8313907,1.1572631,0.0082899173,0.0095936155,0.24522973,1.2290794,0.0058203667,0.0071536928,0.3140004,1.3042767,0.012026798,0.015686273,0.42026588,1.1047032,0.01707915,0.018867392,0.43136869,1.1090967,0.016074484,0.017828157,0.64317356,1.2097459,0.016435624,0.01988293
0b_crop_best,file,18,baseline_crop,4167,072.Pomarine_Jaeger/Pomarine_Jaeger_0006_795775.jpg,72,71,072.Pomarine_Jaeger,71,70,identity,identity,0,{},0.029141918,0.029141918,0,0.97127861,0.97127861,0.0069342954,0.0069342954,0.96434431,0.96434431,0,1,1,5.0983568,5.0983568,False,0.99999988,True,True,True,1,1,5.0983568,5.0983568,1,1,4.9958678,4.9958678,1,1,1.0171267,1.0171267,1,1,1.5465237,1.5465237,1,1,2.0617557,2.0617557,1,1,2.6918779,2.6918779,1,1,2.2391175,2.2391175,1,1,2.460949,2.460949
0b_crop_best,file,18,baseline_crop,4167,072.Pomarine_Jaeger/Pomarine_Jaeger_0006_795775.jpg,72,71,072.Pomarine_Jaeger,71,70,random_resized_crop,random_resized_crop,0,"{""area_fraction"":0.76018,""aspect"":1.060252,""fallback"":false,""height"":0.846747,""left"":0.097834,""top"":0.097424,""width"":0.897765}",0.029141918,0.033848964,0.0047070459,0.97127861,0.96671748,0.0069342954,0.0013348374,0.96434431,0.96538264,0.0010383318,0.74527659,1.3409222,5.0983568,6.8364999,False,0.93220365,True,True,True,0.74527659,1.3409222,5.0983568,6.8364999,0.74062586,1.3496963,4.9958678,6.7429043,0.89592577,1.1083911,1.0171267,1.1273741,0.80082277,1.0851669,1.5465237,1.6782363,0.64910282,1.2986692,2.0617557,2.6775385,0.77542158,1.4806389,2.6918779,3.9856992,0.71708567,1.4089683,2.2391175,3.1548455,0.77238488,1.2617866,2.460949,3.1051925
0b_crop_best,file,18,baseline_crop,5465,094.White_breasted_Nuthatch/White_Breasted_Nuthatch_0094_86156.jpg,94,93,094.White_breasted_Nuthatch,112,111,identity,identity,0,{},0.2214801,0.2214801,0,0.80133188,0.80133188,0.028015291,0.028015291,0.77331659,0.77331659,0,1,1,38.532519,38.532519,False,0.99999988,True,True,True,1,1,38.532519,38.532519,1,1,38.141043,38.141043,1,1,5.478678,5.478678,1,1,8.414855,8.414855,1,1,19.479135,19.479135,1,1,20.629345,20.629345,1,1,17.54874,17.54874,1,1,16.461,16.461
0b_crop_best,file,18,baseline_crop,5465,094.White_breasted_Nuthatch/White_Breasted_Nuthatch_0094_86156.jpg,94,93,094.White_breasted_Nuthatch,112,111,random_resized_crop,random_resized_crop,0,"{""area_fraction"":0.731683,""aspect"":1.260157,""fallback"":false,""height"":0.76199,""left"":0.012713,""top"":0.223077,""width"":0.960227}",0.2214801,1.1591423,0.93766215,0.80133188,0.31375521,0.028015291,0.13606653,0.77331659,0.17768869,-0.5956279,0.74994592,3.6042608,38.532519,138.88125,False,0.94567257,True,True,True,0.74994592,3.6042608,38.532519,138.88125,0.7462387,3.6078287,38.141043,137.60635,0.940079,3.4268902,5.478678,18.774828,0.68681073,3.6738274,8.414855,30.914725,0.76508287,4.0030697,19.479135,77.976335,0.73890503,3.4856335,20.629345,71.906334,0.74612599,3.507535,17.54874,61.55282,0.75490547,3.2940696,16.461,54.22368
0b_crop_best,file,18,baseline_crop,6768,116.Chipping_Sparrow/Chipping_Sparrow_0037_109851.jpg,116,115,116.Chipping_Sparrow,117,116,identity,identity,0,{},0.70278525,0.70278525,0,0.49520409,0.49520409,0.3427262,0.3427262,0.15247789,0.15247789,0,1,1,95.34893,95.34893,False,1,True,True,True,1,1,95.34893,95.34893,1,1,93.585431,93.585431,1,1,18.253369,18.253369,1,1,19.470381,19.470381,1,1,44.630235,44.630235,1,1,54.222526,54.222526,1,1,44.941617,44.941617,1,1,37.781584,37.781584
0b_crop_best,file,18,baseline_crop,6768,116.Chipping_Sparrow/Chipping_Sparrow_0037_109851.jpg,116,115,116.Chipping_Sparrow,117,116,random_resized_crop,random_resized_crop,0,"{""area_fraction"":0.890666,""aspect"":0.943882,""fallback"":false,""height"":0.971401,""left"":0.079262,""top"":0.008919,""width"":0.916888}",0.70278525,1.5321718,0.82938659,0.49520409,0.2160659,0.3427262,0.62989527,0.15247789,-0.41382937,-0.56630726,0.85871337,1.9638965,95.34893,187.25543,False,0.98803139,False,True,False,0.85871337,1.9638965,95.34893,187.25543,0.85463916,1.9711547,93.585431,184.47136,0.9837014,1.7624168,18.253369,32.170044,0.63494572,1.88524,19.470381,36.706341,0.86300341,1.9848921,44.630235,88.586201,0.87184455,2.0755736,54.222526,112.54284,0.87086247,1.9695004,44.941617,88.512533,0.84588484,1.742557,37.781584,65.836564
0b_crop_best,file,18,baseline_crop,984,018.Spotted_Catbird/Spotted_Catbird_0013_19428.jpg,18,17,018.Spotted_Catbird,181,180,identity,identity,0,{},0.0066135097,0.0066135097,0,0.99340832,0.99340832,0.0016608391,0.0016608391,0.99174748,0.99174748,0,1,1,1.6245461,1.6245461,False,0.99999988,True,True,True,1,1,1.6245461,1.6245461,1,1,1.612075,1.612075,1,1,0.20090873,0.20090873,1,1,0.66218916,0.66218916,1,1,0.79368279,0.79368279,1,1,0.85543079,0.85543079,1,1,0.65551457,0.65551457,1,1,0.60736958,0.60736958
0b_crop_best,file,18,baseline_crop,984,018.Spotted_Catbird/Spotted_Catbird_0013_19428.jpg,18,17,018.Spotted_Catbird,181,180,random_resized_crop,random_resized_crop,0,"{""area_fraction"":0.789653,""aspect"":1.117926,""fallback"":false,""height"":0.840449,""left"":0.009471,""top"":0.107469,""width"":0.93956}",0.0066135097,0.00079909811,-0.0058144116,0.99340832,0.99920124,0.0016608391,0.00016318908,0.99174748,0.99903805,0.0072905658,0.81221562,0.1233476,1.6245461,0.20038387,False,0.9739874,True,True,True,0.81221562,0.1233476,1.6245461,0.20038387,0.80963565,0.12322267,1.612075,0.19864419,0.96984336,0.13114059,0.20090873,0.026347289,0.85686732,0.085832457,0.66218916,0.056837323,0.7700412,0.11830631,0.79368279,0.093897684,0.8289256,0.13281946,0.85543079,0.11361785,0.81057221,0.13584495,0.65551457,0.089048347,0.84784656,0.13349031,0.60736958,0.081077954
0b_crop_best,file,18,baseline_crop,10060,171.Myrtle_Warbler/Myrtle_Warbler_0037_166690.jpg,171,170,171.Myrtle_Warbler,88,87,identity,identity,0,{},0.088988751,0.088988751,0,0.91485584,0.91485584,0.021162825,0.021162825,0.89369301,0.89369301,0,1,1,14.005879,14.005879,False,1,True,True,True,1,1,14.005879,14.005879,1,1,13.751372,13.751372,1,1,2.6578969,2.6578969,1,1,2.724582,2.724582,1,1,6.3192715,6.3192715,1,1,7.4901813,7.4901813,1,1,6.404649,6.404649,1,1,6.6799207,6.6799207
0b_crop_best,file,18,baseline_crop,10060,171.Myrtle_Warbler/Myrtle_Warbler_0037_166690.jpg,171,170,171.Myrtle_Warbler,88,87,random_resized_crop,random_resized_crop,0,"{""area_fraction"":0.654372,""aspect"":1.288789,""fallback"":false,""height"":0.71256,""left"":0.072134,""top"":0.16326,""width"":0.91834}",0.088988751,0.018281065,-0.070707686,0.91485584,0.98188502,0.021162825,0.004550626,0.89369301,0.97733439,0.083641377,0.66005877,0.23317508,14.005879,3.265822,False,0.96320927,True,True,True,0.66005877,0.23317508,14.005879,3.265822,0.64953319,0.23362717,13.751372,3.2126941,0.95929841,0.22072974,2.6578969,0.58667688,0.33075301,0.32401242,2.724582,0.88279839,0.60705842,0.19780395,6.3192715,1.2499768,0.66207055,0.22745484,7.4901813,1.703678,0.65887926,0.24277839,6.404649,1.5549103,0.7431061,0.24412796,6.6799207,1.6307554
0b_crop_best,file,18,baseline_crop,8280,141.Artic_Tern/Artic_Tern_0052_143244.jpg,141,140,141.Artic_Tern,144,143,identity,identity,0,{},0.63408494,0.63408494,0,0.5304206,0.5304206,0.23749755,0.23749755,0.29292305,0.29292305,0,1,1,67.211819,67.211819,False,1,True,True,True,1,1,67.211819,67.211819,1,1,65.059395,65.059395,1,1,16.873168,16.873168,1,1,15.910067,15.910067,1,1,32.317233,32.317233,1,1,32.6913,32.6913,1,1,29.502285,29.502285,1,1,31.560816,31.560816
0b_crop_best,file,18,baseline_crop,8280,141.Artic_Tern/Artic_Tern_0052_143244.jpg,141,140,141.Artic_Tern,144,143,random_resized_crop,random_resized_crop,0,"{""area_fraction"":0.844602,""aspect"":1.148058,""fallback"":false,""height"":0.857717,""left"":0.010646,""top"":0.114432,""width"":0.984709}",0.63408494,0.35012707,-0.28395787,0.5304206,0.70459855,0.23749755,0.17573783,0.29292305,0.52886072,0.23593767,0.81486004,0.65387683,67.211819,43.948251,False,0.98498452,True,True,True,0.81486004,0.65387683,67.211819,43.948251,0.8045938,0.65452232,65.059395,42.582826,0.97003058,0.64420402,16.873168,10.869763,0.75874985,0.55081828,15.910067,8.7635559,0.82281211,0.60450894,32.317233,19.536056,0.8229565,0.72144143,32.6913,23.584858,0.76129019,0.65861313,29.502285,19.430592,0.82280952,0.6501546,31.560816,20.51941
0b_crop_best,file,18,baseline_crop,7704,132.White_crowned_Sparrow/White_Crowned_Sparrow_0021_127092.jpg,132,131,132.White_crowned_Sparrow,119,118,identity,identity,0,{},4.9282813,4.9282813,0,0.0072389338,0.0072389338,0.60662514,0.60662514,-0.59938621,-0.59938621,0,1,1,169.97739,169.97739,False,1,True,False,False,1,1,169.97739,169.97739,1,1,167.7788,167.7788,1,1,27.250463,27.250463,1,1,34.481794,34.481794,1,1,70.824862,70.824862,1,1,90.070848,90.070848,1,1,84.581933,84.581933,1,1,81.717252,81.717252
0b_crop_best,file,18,baseline_crop,7704,132.White_crowned_Sparrow/White_Crowned_Sparrow_0021_127092.jpg,132,131,132.White_crowned_Sparrow,119,118,random_resized_crop,random_resized_crop,0,"{""area_fraction"":0.770652,""aspect"":1.017924,""fallback"":false,""height"":0.870105,""left"":0.010887,""top"":0.090291,""width"":0.8857}",4.9282813,3.7110822,-1.2171991,0.0072389338,0.024451049,0.60662514,0.41706911,-0.59938621,-0.39261806,0.20676815,0.70779882,0.98748148,169.97739,167.84953,False,0.95027286,True,False,False,0.70779882,0.98748148,169.97739,167.84953,0.70177683,0.98765658,167.7788,165.70783,0.93768576,0.98082099,27.250463,26.727826,0.67182306,1.1625956,34.481794,40.088382,0.61355405,1.0062161,70.824862,71.265116,0.71356946,1.0658834,90.070848,96.005021,0.71037131,0.91967012,84.581933,77.787477,0.7654647,0.90799216,81.717252,74.198624
0b_crop_best,file,18,baseline_crop,2932,051.Horned_Grebe/Horned_Grebe_0066_34738.jpg,51,50,051.Horned_Grebe,50,49,identity,identity,0,{},0.7094202,0.7094202,0,0.49192932,0.49192932,0.48918805,0.48918805,0.0027412772,0.0027412772,0,1,1,128.91567,128.91567,False,1,True,True,True,1,1,128.91567,128.91567,1,1,127.7392,127.7392,1,1,17.376618,17.376618,1,1,25.991499,25.991499,1,1,51.64816,51.64816,1,1,75.134962,75.134962,1,1,65.970295,65.970295,1,1,54.56071,54.56071
0b_crop_best,file,18,baseline_crop,2932,051.Horned_Grebe/Horned_Grebe_0066_34738.jpg,51,50,051.Horned_Grebe,50,49,random_resized_crop,random_resized_crop,0,"{""area_fraction"":0.858537,""aspect"":1.120545,""fallback"":false,""height"":0.875316,""left"":0.012434,""top"":0.106847,""width"":0.980831}",0.7094202,0.012903409,-0.6965168,0.49192932,0.98717946,0.48918805,0.010966375,0.0027412772,0.97621308,0.97347181,0.78161123,0.018519722,128.91567,2.3874824,False,0.95189506,True,True,True,0.78161123,0.018519722,128.91567,2.3874824,0.77850361,0.018340789,127.7392,2.3428377,0.9495917,0.02644629,17.376618,0.45954709,0.81178536,0.018648217,25.991499,0.4846951,0.69740288,0.018849937,51.64816,0.97356457,0.81537146,0.017687286,75.134962,1.3289336,0.79598057,0.017163886,65.970295,1.1323066,0.76505938,0.020556608,54.56071,1.1215831
0b_crop_best,file,18,baseline_crop,9308,159.Black_and_white_Warbler/Black_And_White_Warbler_0080_160375.jpg,159,158,159.Black_and_white_Warbler,114,113,identity,identity,0,{},0.0096446974,0.0096446974,0,0.99040169,0.99040169,0.0042157471,0.0042157471,0.98618594,0.98618594,0,1,1,1.8615444,1.8615444,False,0.99999994,True,True,True,1,1,1.8615444,1.8615444,1,1,1.834424,1.834424,1,1,0.31660096,0.31660096,1,1,0.41534624,0.41534624,1,1,0.84616718,0.84616718,1,1,0.93870529,0.93870529,1,1,0.90419096,0.90419096,1,1,0.88197006,0.88197006
0b_crop_best,file,18,baseline_crop,9308,159.Black_and_white_Warbler/Black_And_White_Warbler_0080_160375.jpg,159,158,159.Black_and_white_Warbler,114,113,random_resized_crop,random_resized_crop,0,"{""area_fraction"":0.656495,""aspect"":0.901019,""fallback"":false,""height"":0.853589,""left"":0.12425,""top"":0.050497,""width"":0.7691}",0.0096446974,0.0014598437,-0.0081848537,0.99040169,0.99854124,0.0042157471,0.00043780092,0.98618594,0.99810344,0.011917497,0.73283099,0.1473935,1.8615444,0.27437954,False,0.9774794,True,True,True,0.73283099,0.1473935,1.8615444,0.27437954,0.72574668,0.14695012,1.834424,0.26956883,0.95233385,0.16157389,0.31660096,0.05115445,0.7266123,0.12777777,0.41534624,0.053072015,0.71652917,0.13608962,0.84616718,0.11515457,0.67058298,0.14022939,0.93870529,0.13163407,0.72880477,0.15380564,0.90419096,0.13906967,0.79160146,0.1600351,0.88197006,0.14114616
0b_crop_best,file,18,baseline_crop,3289,057.Rose_breasted_Grosbeak/Rose_Breasted_Grosbeak_0062_39234.jpg,57,56,057.Rose_breasted_Grosbeak,6,5,identity,identity,0,{},1.8711979,1.8711979,0,0.15393914,0.15393914,0.11630531,0.11630531,0.037633836,0.037633836,0,1,1,138.62802,138.62802,False,1,True,True,True,1,1,138.62802,138.62802,1,1,137.46145,137.46145,1,1,17.946487,17.946487,1,1,28.078343,28.078343,1,1,64.378605,64.378605,1,1,77.810776,77.810776,1,1,67.58536,67.58536,1,1,57.795808,57.795808
0b_crop_best,file,18,baseline_crop,3289,057.Rose_breasted_Grosbeak/Rose_Breasted_Grosbeak_0062_39234.jpg,57,56,057.Rose_breasted_Grosbeak,6,5,random_resized_crop,random_resized_crop,0,"{""area_fraction"":0.743678,""aspect"":1.01242,""fallback"":false,""height"":0.857062,""left"":0.043628,""top"":0.086418,""width"":0.867707}",1.8711979,3.0913434,1.2201455,0.15393914,0.04544086,0.11630531,0.19993535,0.037633836,-0.15449449,-0.19212832,0.79849387,0.9133027,138.62802,126.60934,False,0.96708059,False,True,False,0.79849387,0.9133027,138.62802,126.60934,0.79568154,0.90576488,137.46145,124.50776,0.96231821,1.2800659,17.946487,22.972685,0.72411401,0.91060756,28.078343,25.568351,0.77079602,0.79884592,64.378605,51.428586,0.81709647,0.90332381,77.810776,70.288327,0.79598857,0.93524205,67.58536,63.208671,0.81024023,0.9890734,57.795808,57.164297
0b_crop_best,file,18,baseline_crop,3205,056.Pine_Grosbeak/Pine_Grosbeak_0036_38968.jpg,56,55,056.Pine_Grosbeak,34,33,identity,identity,0,{},0.070647046,0.070647046,0,0.93179071,0.93179071,0.039861988,0.039861988,0.89192872,0.89192872,0,1,1,11.615364,11.615364,False,1.0000001,True,True,True,1,1,11.615364,11.615364,1,1,11.369424,11.369424,1,1,2.3775805,2.3775805,1,1,2.2724558,2.2724558,1,1,4.4222611,4.4222611,1,1,5.7302826,5.7302826,1,1,5.5851871,5.5851871,1,1,6.3649737,6.3649737
0b_crop_best,file,18,baseline_crop,3205,056.Pine_Grosbeak/Pine_Grosbeak_0036_38968.jpg,56,55,056.Pine_Grosbeak,34,33,random_resized_crop,random_resized_crop,0,"{""area_fraction"":0.777664,""aspect"":1.040975,""fallback"":false,""height"":0.864323,""left"":0.080467,""top"":0.051963,""width"":0.899739}",0.070647046,0.069559,-0.0010880455,0.93179071,0.93280512,0.039861988,0.021414803,0.89192872,0.91139032,0.019461596,0.77588444,0.92499681,11.615364,10.744175,False,0.97658545,True,True,True,0.77588444,0.92499681,11.615364,10.744175,0.76865663,0.9269006,11.369424,10.538326,0.9508925,0.8803404,2.3775805,2.0930802,0.73284196,0.92301342,2.2724558,2.0975072,0.67493072,0.98615551,4.4222611,4.3610371,0.77630698,0.93766645,5.7302826,5.3730937,0.7614676,0.91355669,5.5851871,5.102385,0.82338988,0.89887775,6.3649737,5.7213333
0b_crop_best,file,18,baseline_crop,9290,158.Bay_breasted_Warbler/Bay_Breasted_Warbler_0079_159998.jpg,158,157,158.Bay_breasted_Warbler,136,135,identity,identity,0,{},0.20273474,0.20273474,0,0.81649482,0.81649482,0.070658021,0.070658021,0.7458368,0.7458368,0,1,1,37.128797,37.128797,False,1,True,True,True,1,1,37.128797,37.128797,1,1,36.751413,36.751413,1,1,5.2802625,5.2802625,1,1,9.4892738,9.4892738,1,1,14.299119,14.299119,1,1,19.443164,19.443164,1,1,19.242719,19.242719,1,1,17.545267,17.545267
0b_crop_best,file,18,baseline_crop,9290,158.Bay_breasted_Warbler/Bay_Breasted_Warbler_0079_159998.jpg,158,157,158.Bay_breasted_Warbler,136,135,random_resized_crop,random_resized_crop,0,"{""area_fraction"":0.552064,""aspect"":1.093265,""fallback"":false,""height"":0.710611,""left"":0.084173,""top"":0.160993,""width"":0.776886}",0.20273474,0.030380055,-0.17235468,0.81649482,0.9700768,0.070658021,0.0048866076,0.7458368,0.96519019,0.21935339,0.67727797,0.14134202,37.128797,5.2478592,False,0.94765735,True,True,True,0.67727797,0.14134202,37.128797,5.2478592,0.67179502,0.14096132,36.751413,5.1805277,0.91786356,0.15869459,5.2802625,0.83794909,0.79454146,0.15505916,9.4892738,1.4713988,0.59362606,0.14995378,14.299119,2.144207,0.67211114,0.14676018,19.443164,2.8534823,0.66023816,0.12889883,19.242719,2.4803638,0.70661681,0.13703416,17.545267,2.4043009
0b_crop_best,file,18,baseline_crop,9869,168.Kentucky_Warbler/Kentucky_Warbler_0071_165342.jpg,168,167,168.Kentucky_Warbler,20,19,identity,identity,0,{},0.05887967,0.05887967,0,0.94282019,0.94282019,0.019761408,0.019761408,0.92305878,0.92305878,0,1,1,10.277952,10.277952,False,1,True,True,True,1,1,10.277952,10.277952,1,1,10.10616,10.10616,1,1,1.8713177,1.8713177,1,1,2.3092582,2.3092582,1,1,4.2684382,4.2684382,1,1,5.3752377,5.3752377,1,1,5.2207088,5.2207088,1,1,4.7363743,4.7363743
0b_crop_best,file,18,baseline_crop,9869,168.Kentucky_Warbler/Kentucky_Warbler_0071_165342.jpg,168,167,168.Kentucky_Warbler,20,19,random_resized_crop,random_resized_crop,0,"{""area_fraction"":0.57704,""aspect"":0.879121,""fallback"":false,""height"":0.810175,""left"":0.207731,""top"":0.133498,""width"":0.712242}",0.05887967,0.57728165,0.51840198,0.94282019,0.56142247,0.019761408,0.01729011,0.92305878,0.54413236,-0.37892643,0.58184359,7.2622662,10.277952,74.641221,False,0.93616736,True,True,True,0.58184359,7.2622662,10.277952,74.641221,0.57231355,7.2572862,10.10616,73.343292,0.85432983,7.4060401,1.8713177,13.859054,0.4051931,10.793869,2.3092582,24.92583,0.41932397,6.9739454,4.2684382,29.767855,0.57659214,7.2562603,5.3752377,39.004124,0.66849757,6.8035469,5.2207088,35.519337,0.65746924,6.9669431,4.7363743,32.99805
0b_crop_best,file,18,baseline_crop,4485,077.Tropical_Kingbird/Tropical_Kingbird_0003_69852.jpg,77,76,077.Tropical_Kingbird,38,37,identity,identity,0,{},0.00083626102,0.00083626102,0,0.9991641,0.9991641,0.00063554954,0.00063554954,0.99852855,0.99852855,0,1,1,0.15260247,0.15260247,False,0.99999982,True,True,True,1,1,0.15260247,0.15260247,1,1,0.14768071,0.14768071,1,1,0.038443733,0.038443733,1,1,0.041117595,0.041117595,1,1,0.072099244,0.072099244,1,1,0.072992388,0.072992388,1,1,0.066770548,0.066770548,1,1,0.071655004,0.071655004
0b_crop_best,file,18,baseline_crop,4485,077.Tropical_Kingbird/Tropical_Kingbird_0003_69852.jpg,77,76,077.Tropical_Kingbird,38,37,random_resized_crop,random_resized_crop,0,"{""area_fraction"":0.787453,""aspect"":1.255661,""fallback"":false,""height"":0.791911,""left"":0.00279,""top"":0.107863,""width"":0.994371}",0.00083626102,0.0050876439,0.0042513828,0.9991641,0.99492526,0.00063554954,0.0047065294,0.99852855,0.99021873,-0.0083098238,0.7998992,7.4134296,0.15260247,1.1313076,False,0.98406702,True,True,True,0.7998992,7.4134296,0.15260247,1.1313076,0.79049366,7.482095,0.14768071,1.1049611,0.97530056,6.3139088,0.038443733,0.24273023,0.70367014,7.1794896,0.041117595,0.29520334,0.84135157,8.5313259,0.072099244,0.61510215,0.7722191,7.3960682,0.072992388,0.53985668,0.77415509,7.1035129,0.066770548,0.47430545,0.80476786,6.8231029,0.071655004,0.48890947
0b_crop_best,file,18,baseline_crop,8564,146.Forsters_Tern/Forsters_Tern_0045_151227.jpg,146,145,146.Forsters_Tern,147,146,identity,identity,0,{},0.92401433,0.92401433,0,0.39692247,0.39692247,0.38043019,0.38043019,0.016492277,0.016492277,0,1,1,65.504182,65.504182,False,1,True,True,True,1,1,65.504182,65.504182,1,1,63.005143,63.005143,1,1,17.920654,17.920654,1,1,13.231662,13.231662,1,1,23.42007,23.42007,1,1,29.324666,29.324666,1,1,30.352686,30.352686,1,1,38.273357,38.273357
0b_crop_best,file,18,baseline_crop,8564,146.Forsters_Tern/Forsters_Tern_0045_151227.jpg,146,145,146.Forsters_Tern,147,146,random_resized_crop,random_resized_crop,0,"{""area_fraction"":0.570954,""aspect"":1.179196,""fallback"":false,""height"":0.695837,""left"":0.140422,""top"":0.088483,""width"":0.820528}",0.92401433,0.34487286,-0.57914147,0.39692247,0.70831043,0.38043019,0.11447634,0.016492277,0.59383409,0.57734181,0.6353372,0.51141108,65.504182,33.499564,False,0.95264465,True,True,True,0.6353372,0.51141108,65.504182,33.499564,0.61441215,0.51436967,63.005143,32.407934,0.91846684,0.47331609,17.920654,8.4821341,0.67723925,0.56909123,13.231662,7.5300227,0.5499915,0.58297973,23.42007,13.653426,0.61120275,0.53551683,29.324666,15.703852,0.54006061,0.48424492,30.352686,14.698134,0.68807416,0.48495882,38.273357,18.561002
0b_crop_best,file,18,baseline_crop,8881,152.Blue_headed_Vireo/Blue_Headed_Vireo_0020_155994.jpg,152,151,152.Blue_headed_Vireo,172,171,identity,identity,0,{},0.00045730147,0.00045730147,0,0.99954283,0.99954283,0.0001947102,0.0001947102,0.99934812,0.99934812,0,1,1,0.077560926,0.077560926,False,1,True,True,True,1,1,0.077560926,0.077560926,1,1,0.07573084,0.07573084,1,1,0.016749246,0.016749246,1,1,0.026627277,0.026627277,1,1,0.034227981,0.034227981,1,1,0.038264972,0.038264972,1,1,0.03274179,0.03274179,1,1,0.036309237,0.036309237
0b_crop_best,file,18,baseline_crop,8881,152.Blue_headed_Vireo/Blue_Headed_Vireo_0020_155994.jpg,152,151,152.Blue_headed_Vireo,172,171,random_resized_crop,random_resized_crop,0,"{""area_fraction"":0.58654,""aspect"":0.996072,""fallback"":false,""height"":0.767367,""left"":0.174556,""top"":0.166314,""width"":0.764353}",0.00045730147,0.0008621075,0.00040480602,0.99954283,0.99913824,0.0001947102,0.00025901216,0.99934812,0.99887922,-0.00046889829,0.73997454,2.3058287,0.077560926,0.17884221,False,0.95346391,True,True,True,0.73997454,2.3058287,0.077560926,0.17884221,0.73398828,2.3306237,0.07573084,0.17650009,0.93845265,1.7223944,0.016749246,0.028848807,0.79891347,2.071253,0.026627277,0.055151826,0.74298675,2.4367838,0.034227981,0.08340619,0.7429214,2.5729267,0.038264972,0.098452968,0.67587204,2.2972844,0.03274179,0.075217204,0.74229523,2.0980813,0.036309237,0.076179733
0b_crop_best,file,18,baseline_crop,1058,020.Yellow_breasted_Chat/Yellow_Breasted_Chat_0090_21931.jpg,20,19,020.Yellow_breasted_Chat,170,169,identity,identity,0,{},1.8218923,1.8218923,0,0.16171946,0.16171946,0.64193988,0.64193988,-0.48022042,-0.48022042,0,1,1,139.92374,139.92374,False,1,True,False,False,1,1,139.92374,139.92374,1,1,136.96933,136.96933,1,1,28.601664,28.601664,1,1,38.798005,38.798005,1,1,56.247588,56.247588,1,1,69.950054,69.950054,1,1,67.226395,67.226395,1,1,68.404124,68.404124
0b_crop_best,file,18,baseline_crop,1058,020.Yellow_breasted_Chat/Yellow_Breasted_Chat_0090_21931.jpg,20,19,020.Yellow_breasted_Chat,170,169,random_resized_crop,random_resized_crop,0,"{""area_fraction"":0.743372,""aspect"":0.755841,""fallback"":false,""height"":0.991717,""left"":0.128355,""top"":0.001251,""width"":0.74958}",1.8218923,1.2234985,-0.5983938,0.16171946,0.29419911,0.64193988,0.55729389,-0.48022042,-0.26309478,0.21712564,0.80490886,0.86514447,139.92374,121.05425,False,0.97194415,True,False,False,0.80490886,0.86514447,139.92374,121.05425,0.79733532,0.86326243,136.96933,118.24048,0.97112589,0.90723485,28.601664,25.948426,0.808537,0.75231191,38.798005,29.188201,0.76231901,0.86787368,56.247588,48.815801,0.7890326,0.84678154,69.950054,59.232414,0.79438384,0.90101022,67.226395,60.571669,0.83215327,0.87329074,68.404124,59.736688
0b_crop_best,file,18,baseline_crop,929,017.Cardinal/Cardinal_0028_18054.jpg,17,16,017.Cardinal,42,41,identity,identity,0,{},1.0263014,1.0263014,0,0.35832986,0.35832986,0.31263644,0.31263644,0.045693427,0.045693427,0,1,1,106.77721,106.77721,False,1.0000002,True,True,True,1,1,106.77721,106.77721,1,1,103.8846,103.8846,1,1,24.685267,24.685267,1,1,19.970583,19.970583,1,1,40.984439,40.984439,1,1,55.420868,55.420868,1,1,51.053411,51.053411,1,1,55.095712,55.095712
0b_crop_best,file,18,baseline_crop,929,017.Cardinal/Cardinal_0028_18054.jpg,17,16,017.Cardinal,42,41,random_resized_crop,random_resized_crop,0,"{""area_fraction"":0.570403,""aspect"":1.205403,""fallback"":false,""height"":0.687899,""left"":0.033567,""top"":0.310594,""width"":0.829196}",1.0263014,0.85341442,-0.17288697,0.35832986,0.42595804,0.31263644,0.35781759,0.045693427,0.068140447,0.02244702,0.5718468,0.94135366,106.77721,100.51511,False,0.95009089,True,True,True,0.5718468,0.94135366,106.77721,100.51511,0.54945832,0.93791117,103.8846,97.434522,0.94472233,1.0003605,24.685267,24.694166,-0.28851069,1.2212331,19.970583,24.388738,0.42422896,0.95143478,40.984439,38.99402,0.50559833,0.85038868,55.420868,47.129279,0.62806027,0.93559787,51.053411,47.765462,0.73515787,0.97327121,55.095712,53.62307
0b_crop_best,file,18,baseline_crop,10633,181.Worm_eating_Warbler/Worm_Eating_Warbler_0065_795551.jpg,181,180,181.Worm_eating_Warbler,18,17,identity,identity,0,{},6.1466675,6.1466675,0,0.0021406037,0.0021406037,0.79153073,0.79153073,-0.78939012,-0.78939012,0,1,1,209.6659,209.6659,False,0.99999988,True,False,False,1,1,209.6659,209.6659,1,1,205.94864,205.94864,1,1,39.305859,39.305859,1,1,38.304601,38.304601,1,1,100.98174,100.98174,1,1,111.99509,111.99509,1,1,97.869249,97.869249,1,1,92.892389,92.892389
0b_crop_best,file,18,baseline_crop,10633,181.Worm_eating_Warbler/Worm_Eating_Warbler_0065_795551.jpg,181,180,181.Worm_eating_Warbler,18,17,random_resized_crop,random_resized_crop,0,"{""area_fraction"":0.590783,""aspect"":0.906645,""fallback"":false,""height"":0.807226,""left"":0.151128,""top"":0.054899,""width"":0.731867}",6.1466675,6.7102294,0.56356192,0.0021406037,0.0012183848,0.79153073,0.52373427,-0.78939012,-0.52251589,0.26687424,0.5850523,0.8516871,209.6659,178.56975,False,0.93893558,True,False,False,0.5850523,0.8516871,209.6659,178.56975,0.571435,0.84563458,205.94864,174.15729,0.90827769,1.0036964,39.305859,39.45115,0.23042362,1.1610705,38.304601,44.474344,0.46863861,0.68403079,100.98174,69.074619,0.55877859,0.81472103,111.99509,91.244756,0.61617826,0.87617997,97.869249,85.751075,0.7209086,0.95698672,92.892389,88.896783
0b_crop_best,file,18,baseline_crop,6757,116.Chipping_Sparrow/Chipping_Sparrow_0079_110449.jpg,116,115,116.Chipping_Sparrow,119,118,identity,identity,0,{},0.71784431,0.71784431,0,0.48780268,0.48780268,0.21512493,0.21512493,0.27267775,0.27267775,0,1,1,102.65252,102.65252,False,1,True,True,True,1,1,102.65252,102.65252,1,1,101.3689,101.3689,1,1,16.18293,16.18293,1,1,29.036269,29.036269,1,1,53.115398,53.115398,1,1,49.174538,49.174538,1,1,46.682299,46.682299,1,1,44.87684,44.87684
0b_crop_best,file,18,baseline_crop,6757,116.Chipping_Sparrow/Chipping_Sparrow_0079_110449.jpg,116,115,116.Chipping_Sparrow,119,118,random_resized_crop,random_resized_crop,0,"{""area_fraction"":0.614188,""aspect"":1.179252,""fallback"":false,""height"":0.721684,""left"":0.143926,""top"":0.128449,""width"":0.851047}",0.71784431,2.9534333,2.235589,0.48780268,0.052160311,0.21512493,0.11492743,0.27267775,-0.062767114,-0.33544486,0.58038095,1.9652387,102.65252,201.73672,False,0.91396296,False,True,False,0.58038095,1.9652387,102.65252,201.73672,0.57591481,1.9565516,101.3689,198.33348,0.73736383,2.2801164,16.18293,36.898964,0.38060532,1.5072499,29.036269,43.764915,0.695082,2.3842236,53.115398,126.63898,0.51798102,2.0380221,49.174538,100.2188,0.55797744,1.6606792,46.682299,77.524324,0.56392364,1.6267569,44.87684,73.00371
0b_crop_best,file,18,baseline_crop,3123,054.Blue_Grosbeak/Blue_Grosbeak_0065_36847.jpg,54,53,054.Blue_Grosbeak,14,13,identity,identity,0,{},0.030893954,0.030893954,0,0.96957839,0.96957839,0.017619023,0.017619023,0.95195936,0.95195936,0,1,1,6.0199995,6.0199995,False,1,True,True,True,1,1,6.0199995,6.0199995,1,1,5.9261231,5.9261231,1,1,1.0589899,1.0589899,1,1,1.3406507,1.3406507,1,1,2.5267756,2.5267756,1,1,3.5648432,3.5648432,1,1,2.7051523,2.7051523,1,1,2.6288856,2.6288856
0b_crop_best,file,18,baseline_crop,3123,054.Blue_Grosbeak/Blue_Grosbeak_0065_36847.jpg,54,53,054.Blue_Grosbeak,14,13,random_resized_crop,random_resized_crop,0,"{""area_fraction"":0.730197,""aspect"":0.835674,""fallback"":false,""height"":0.934763,""left"":0.028084,""top"":0.047504,""width"":0.781158}",0.030893954,0.013223568,-0.017670386,0.96957839,0.98686349,0.017619023,0.0085785119,0.95195936,0.97828498,0.02632562,0.79844667,0.42712726,6.0199995,2.5713059,False,0.9743256,True,True,True,0.79844667,0.42712726,6.0199995,2.5713059,0.79301822,0.42664539,5.9261231,2.5283531,0.96303343,0.44195153,1.0589899,0.46802222,0.70869948,0.35385508,1.3406507,0.47439607,0.70590558,0.39857811,2.5267756,1.0071174,0.83494382,0.41831411,3.5648432,1.4912242,0.77730942,0.44011768,2.7051523,1.1905854,0.83306389,0.46773799,2.6288856,1.2296297
0b_crop_best,file,18,baseline_crop,6283,108.White_necked_Raven/White_Necked_Raven_0025_797346.jpg,108,107,108.White_necked_Raven,188,187,identity,identity,0,{},0.076270536,0.076270536,0,0.92656553,0.92656553,0.05334466,0.05334466,0.87322087,0.87322087,0,1,1,15.159235,15.159235,False,1.0000002,True,True,True,1,1,15.159235,15.159235,1,1,14.815694,14.815694,1,1,3.208991,3.208991,1,1,4.6919054,4.6919054,1,1,5.9605056,5.9605056,1,1,6.9754511,6.9754511,1,1,7.250323,7.250323,1,1,7.7935281,7.7935281
0b_crop_best,file,18,baseline_crop,6283,108.White_necked_Raven/White_Necked_Raven_0025_797346.jpg,108,107,108.White_necked_Raven,188,187,random_resized_crop,random_resized_crop,0,"{""area_fraction"":0.683811,""aspect"":1.088437,""fallback"":false,""height"":0.792623,""left"":0.107528,""top"":0.049146,""width"":0.86272}",0.076270536,0.17940098,0.10313044,0.92656553,0.83577073,0.05334466,0.022841603,0.87322087,0.81292912,-0.060291745,0.39755572,2.5347804,15.159235,38.425333,False,0.93931895,True,True,True,0.39755572,2.5347804,15.159235,38.425333,0.38694487,2.5710247,14.815694,38.091515,0.81405503,1.5749415,3.208991,5.0539729,0.38123856,2.5046012,4.6919054,11.751352,0.21751435,3.0267609,5.9605056,18.041025,0.19887516,2.8444267,6.9754511,19.84116,0.46887226,2.4512406,7.250323,17.772286,0.66215378,2.138862,7.7935281,16.669281
0b_crop_best,file,18,baseline_crop,3114,054.Blue_Grosbeak/Blue_Grosbeak_0037_36794.jpg,54,53,054.Blue_Grosbeak,14,13,identity,identity,0,{},0.00087556645,0.00087556645,0,0.99912483,0.99912483,0.00056720665,0.00056720665,0.99855762,0.99855762,0,1,1,0.12647936,0.12647936,False,1.0000001,True,True,True,1,1,0.12647936,0.12647936,1,1,0.12190303,0.12190303,1,1,0.033714678,0.033714678,1,1,0.017730245,0.017730245,1,1,0.046514869,0.046514869,1,1,0.064259621,0.064259621,1,1,0.057129303,0.057129303,1,1,0.070634959,0.070634959
0b_crop_best,file,18,baseline_crop,3114,054.Blue_Grosbeak/Blue_Grosbeak_0037_36794.jpg,54,53,054.Blue_Grosbeak,14,13,random_resized_crop,random_resized_crop,0,"{""area_fraction"":0.562091,""aspect"":0.951448,""fallback"":false,""height"":0.768618,""left"":0.201622,""top"":0.145309,""width"":0.7313}",0.00087556645,0.0078053242,0.0069297577,0.99912483,0.99222505,0.00056720665,0.0062049469,0.99855762,0.9860201,-0.012537514,0.79951756,11.826624,0.12647936,1.4958238,False,0.96846622,True,True,True,0.79951756,11.826624,0.12647936,1.4958238,0.79210271,12.01184,0.12190303,1.4642797,0.95813739,9.0634409,0.033714678,0.30557099,0.77676761,14.54621,0.017730245,0.25790787,0.79093005,13.113326,0.046514869,0.60996462,0.83228661,12.894663,0.064259621,0.82860615,0.73828227,12.190842,0.057129303,0.69645431,0.80809031,10.344567,0.070634959,0.73068804
0b_crop_best,file,18,baseline_crop,11057,188.Pileated_Woodpecker/Pileated_Woodpecker_0124_180168.jpg,188,187,188.Pileated_Woodpecker,187,186,identity,identity,0,{},0.0092761489,0.0092761489,0,0.99076676,0.99076676,0.0065425783,0.0065425783,0.98422419,0.98422419,0,1,1,1.9367217,1.9367217,False,1,True,True,True,1,1,1.9367217,1.9367217,1,1,1.9055204,1.9055204,1,1,0.34624095,0.34624095,1,1,0.64874726,0.64874726,1,1,0.82583426,0.82583426,1,1,1.0603261,1.0603261,1,1,0.82741324,0.82741324,1,1,0.84807345,0.84807345
0b_crop_best,file,18,baseline_crop,11057,188.Pileated_Woodpecker/Pileated_Woodpecker_0124_180168.jpg,188,187,188.Pileated_Woodpecker,187,186,random_resized_crop,random_resized_crop,0,"{""area_fraction"":0.539862,""aspect"":0.986635,""fallback"":false,""height"":0.739713,""left"":0.005676,""top"":0.022931,""width"":0.729827}",0.0092761489,0.0065651918,-0.0027109571,0.99076676,0.9934563,0.0065425783,0.0057468056,0.98422419,0.9877095,0.0034853132,0.77231282,0.97670334,1.9367217,1.8916025,False,0.96188688,True,True,True,0.77231282,0.97670334,1.9367217,1.8916025,0.76717363,0.98001195,1.9055204,1.8674328,0.95280764,0.87055418,0.34624095,0.30142151,0.7217982,0.99915922,0.64874726,0.64820181,0.74731742,0.9867145,0.82583426,0.81486264,0.81777323,1.0045753,1.0603261,1.0651774,0.72151961,0.97814165,0.82741324,0.80932735,0.7778638,0.92359708,0.84807345,0.78327817
0b_crop_best,file,18,baseline_crop,1103,020.Yellow_breasted_Chat/Yellow_Breasted_Chat_0012_21961.jpg,20,19,020.Yellow_breasted_Chat,200,199,identity,identity,0,{},0.033263478,0.033263478,0,0.96728367,0.96728367,0.017633075,0.017633075,0.94965059,0.94965059,0,1,1,3.9741982,3.9741982,False,1,True,True,True,1,1,3.9741982,3.9741982,1,1,3.8513919,3.8513919,1,1,0.98032226,0.98032226,1,1,0.92649674,0.92649674,1,1,1.5586418,1.5586418,1,1,1.862802,1.862802,1,1,1.9475519,1.9475519,1,1,2.0694128,2.0694128
0b_crop_best,file,18,baseline_crop,1103,020.Yellow_breasted_Chat/Yellow_Breasted_Chat_0012_21961.jpg,20,19,020.Yellow_breasted_Chat,200,199,random_resized_crop,random_resized_crop,0,"{""area_fraction"":0.75131,""aspect"":0.940853,""fallback"":false,""height"":0.893611,""left"":0.019701,""top"":0.096733,""width"":0.840757}",0.033263478,0.019755976,-0.013507502,0.96728367,0.98043787,0.017633075,0.0046695587,0.94965059,0.97576832,0.026117725,0.66582404,0.5638121,3.9741982,2.240701,False,0.97318745,True,True,True,0.66582404,0.5638121,3.9741982,2.240701,0.64850323,0.56389487,3.8513919,2.1717801,0.93381417,0.56253296,0.98032226,0.55146358,0.71506367,0.68723447,0.92649674,0.63672049,0.6451163,0.58148117,1.5586418,0.90632084,0.58086714,0.58082294,1.862802,1.0819581,0.60897393,0.51061118,1.9475519,0.99444178,0.72945147,0.55733922,2.0694128,1.1533649
0b_crop_best,file,18,baseline_crop,9607,164.Cerulean_Warbler/Cerulean_Warbler_0060_797209.jpg,164,163,164.Cerulean_Warbler,160,159,identity,identity,0,{},0.0020728072,0.0020728072,0,0.99792933,0.99792933,0.00088040455,0.00088040455,0.99704893,0.99704893,0,1,1,0.41260128,0.41260128,False,1,True,True,True,1,1,0.41260128,0.41260128,1,1,0.40548473,0.40548473,1,1,0.076301727,0.076301727,1,1,0.069757148,0.069757148,1,1,0.18724675,0.18724675,1,1,0.23110457,0.23110457,1,1,0.1886962,0.1886962,1,1,0.18834776,0.18834776
0b_crop_best,file,18,baseline_crop,9607,164.Cerulean_Warbler/Cerulean_Warbler_0060_797209.jpg,164,163,164.Cerulean_Warbler,160,159,random_resized_crop,random_resized_crop,0,"{""area_fraction"":0.701648,""aspect"":1.015097,""fallback"":false,""height"":0.831392,""left"":0.056309,""top"":0.012136,""width"":0.843943}",0.0020728072,0.0095861359,0.0075133287,0.99792933,0.99045968,0.00088040455,0.0032164103,0.99704893,0.98724327,-0.0098056598,0.79474371,6.455885,0.41260128,2.6637064,False,0.96974218,True,True,True,0.79474371,6.455885,0.41260128,2.6637064,0.79334743,6.5266505,0.40548473,2.6464571,0.95798839,3.9664866,0.076301727,0.30264978,0.63489918,8.6875111,0.069757148,0.60601599,0.82566366,7.6314527,0.18724675,1.4289647,0.81794738,6.7059715,0.23110457,1.5497807,0.76385299,5.8471832,0.1886962,1.1033412,0.81494075,5.2435019,0.18834776,0.98760182
0b_crop_best,file,18,baseline_crop,1186,022.Chuck_will_Widow/Chuck_Will_Widow_0007_796958.jpg,22,21,022.Chuck_will_Widow,105,104,identity,identity,0,{},0.17662199,0.17662199,0,0.83809656,0.83809656,0.081166163,0.081166163,0.7569304,0.7569304,0,1,1,31.683949,31.683949,False,1,True,True,True,1,1,31.683949,31.683949,1,1,31.181531,31.181531,1,1,5.6200301,5.6200301,1,1,4.9370469,4.9370469,1,1,14.125154,14.125154,1,1,18.117014,18.117014,1,1,15.542066,15.542066,1,1,13.36456,13.36456
0b_crop_best,file,18,baseline_crop,1186,022.Chuck_will_Widow/Chuck_Will_Widow_0007_796958.jpg,22,21,022.Chuck_will_Widow,105,104,random_resized_crop,random_resized_crop,0,"{""area_fraction"":0.772384,""aspect"":0.993756,""fallback"":false,""height"":0.88161,""left"":0.027801,""top"":0.039309,""width"":0.876106}",0.17662199,0.14574498,-0.030877009,0.83809656,0.86437809,0.081166163,0.003307777,0.7569304,0.86107032,0.10413992,0.27760882,0.85430465,31.683949,27.067745,False,0.91942954,True,True,True,0.27760882,0.85430465,31.683949,27.067745,0.2601226,0.85331995,31.181531,26.607823,0.79733458,0.8840807,5.6200301,4.9685601,0.36076641,1.0485903,4.9370469,5.1769393,0.11673721,0.91447781,14.125154,12.91714,0.1616926,0.78735961,18.117014,14.264605,0.30449724,0.79583599,15.542066,12.368936,0.50606055,0.94009653,13.36456,12.563976
0b_crop_best,file,18,baseline_crop,7585,130.Tree_Sparrow/Tree_Sparrow_0041_123497.jpg,130,129,130.Tree_Sparrow,197,196,identity,identity,0,{},6.0229459,6.0229459,0,0.0024225225,0.0024225225,0.63393605,0.63393605,-0.63151353,-0.63151353,0,1,1,201.54096,201.54096,False,1,True,False,False,1,1,201.54096,201.54096,1,1,199.19638,199.19638,1,1,30.652286,30.652286,1,1,52.430126,52.430126,1,1,86.603601,86.603601,1,1,111.90254,111.90254,1,1,96.821115,96.821115,1,1,86.796246,86.796246
0b_crop_best,file,18,baseline_crop,7585,130.Tree_Sparrow/Tree_Sparrow_0041_123497.jpg,130,129,130.Tree_Sparrow,197,196,random_resized_crop,random_resized_crop,0,"{""area_fraction"":0.505761,""aspect"":0.822109,""fallback"":false,""height"":0.784346,""left"":0.164283,""top"":0.057344,""width"":0.644818}",6.0229459,6.3288183,0.30587244,0.0024225225,0.0017841409,0.63393605,0.22741096,-0.63151353,-0.22562682,0.40588671,0.65379086,0.91928553,201.54096,185.27369,False,0.9146505,True,False,False,0.65379086,0.91928553,201.54096,185.27369,0.64897039,0.91867896,199.19638,182.99752,0.85203763,0.94454668,30.652286,28.952515,0.59753259,0.81965295,52.430126,42.974507,0.63805898,1.0066121,86.603601,87.176236,0.6363937,0.92828174,111.90254,103.87708,0.65689211,0.86667782,96.821115,83.912712,0.69572429,0.90789939,86.796246,78.802259
0b_crop_best,file,18,baseline_crop,1286,023.Brandt_Cormorant/Brandt_Cormorant_0063_22865.jpg,23,22,023.Brandt_Cormorant,58,57,identity,identity,0,{},0.41901168,0.41901168,0,0.65769655,0.65769655,0.069173932,0.069173932,0.58852261,0.58852261,0,1,1,54.077909,54.077909,False,1,True,True,True,1,1,54.077909,54.077909,1,1,53.191385,53.191385,1,1,9.7517596,9.7517596,1,1,10.837209,10.837209,1,1,21.250101,21.250101,1,1,26.541124,26.541124,1,1,27.185332,27.185332,1,1,28.580379,28.580379
0b_crop_best,file,18,baseline_crop,1286,023.Brandt_Cormorant/Brandt_Cormorant_0063_22865.jpg,23,22,023.Brandt_Cormorant,58,57,random_resized_crop,random_resized_crop,0,"{""area_fraction"":0.629938,""aspect"":1.007303,""fallback"":false,""height"":0.790804,""left"":0.036089,""top"":0.060395,""width"":0.796579}",0.41901168,1.0843409,0.66532925,0.65769655,0.33812457,0.069173932,0.016252855,0.58852261,0.32187172,-0.26665089,0.6848244,2.1254426,54.077909,114.93949,False,0.93117356,True,True,True,0.6848244,2.1254426,54.077909,114.93949,0.67825237,2.131906,53.191385,113.39904,0.90510019,1.9232316,9.7517596,18.754892,0.80801734,2.5686189,10.837209,27.836658,0.63921595,2.7476436,21.250101,58.387704,0.69153781,2.2655434,26.541124,60.130067,0.67364801,1.8519105,27.185332,50.3448,0.71623241,1.7582171,28.580379,50.250511
0b_crop_best,file,18,baseline_crop,4426,076.Dark_eyed_Junco/Dark_Eyed_Junco_0096_68514.jpg,76,75,076.Dark_eyed_Junco,79,78,identity,identity,0,{},1.3302845,1.3302845,0,0.26440203,0.26440203,0.39258382,0.39258382,-0.12818179,-0.12818179,0,1,1,137.01884,137.01884,False,1,True,False,False,1,1,137.01884,137.01884,1,1,135.24531,135.24531,1,1,21.97429,21.97429,1,1,25.04967,25.04967,1,1,61.349736,61.349736,1,1,79.366718,79.366718,1,1,65.125164,65.125164,1,1,57.962533,57.962533
0b_crop_best,file,18,baseline_crop,4426,076.Dark_eyed_Junco/Dark_Eyed_Junco_0096_68514.jpg,76,75,076.Dark_eyed_Junco,79,78,random_resized_crop,random_resized_crop,0,"{""area_fraction"":0.708024,""aspect"":0.806838,""fallback"":false,""height"":0.936766,""left"":0.040268,""top"":0.04859,""width"":0.755818}",1.3302845,2.644978,1.3146936,0.26440203,0.071006916,0.39258382,0.10220119,-0.12818179,-0.03119427,0.096987516,0.59908384,1.2236992,137.01884,167.66985,False,0.91955769,False,False,False,0.59908384,1.2236992,137.01884,167.66985,0.59242822,1.2214401,135.24531,165.19405,0.83612308,1.3064009,21.97429,28.707233,0.45336829,1.485036,25.04967,37.199662,0.34958033,1.0805071,61.349736,66.288827,0.71205478,1.3366499,79.366718,106.08552,0.59079107,1.1797375,65.125164,76.830598,0.63806881,1.1384014,57.962533,65.98463
0b_crop_best,file,18,baseline_crop,3621,063.Ivory_Gull/Ivory_Gull_0089_49699.jpg,63,62,063.Ivory_Gull,62,61,identity,identity,0,{},0.83806276,0.83806276,0,0.43254766,0.43254766,0.27806893,0.27806893,0.15447873,0.15447873,0,1,1,113.8186,113.8186,False,1,True,True,True,1,1,113.8186,113.8186,1,1,112.47644,112.47644,1,1,17.427677,17.427677,1,1,25.962311,25.962311,1,1,47.575432,47.575432,1,1,63.330919,63.330919,1,1,56.384117,56.384117,1,1,50.23457,50.23457
0b_crop_best,file,18,baseline_crop,3621,063.Ivory_Gull/Ivory_Gull_0089_49699.jpg,63,62,063.Ivory_Gull,62,61,random_resized_crop,random_resized_crop,0,"{""area_fraction"":0.681789,""aspect"":1.268379,""fallback"":false,""height"":0.733163,""left"":0.017402,""top"":0.258509,""width"":0.929928}",0.83806276,0.3689101,-0.46915266,0.43254766,0.69148755,0.27806893,0.067829713,0.15447873,0.62365784,0.46917911,0.67862811,0.56301056,113.8186,64.081073,False,0.93970668,True,True,True,0.67862811,0.56301056,113.8186,64.081073,0.67310145,0.56182999,112.47644,63.192637,0.8928483,0.61015897,17.427677,10.633653,0.61561197,0.50799222,25.962311,13.188652,0.68979038,0.63003031,47.575432,29.973964,0.69881703,0.54674178,63.330919,34.62566,0.66272004,0.54296742,56.384117,30.614738,0.64904201,0.55764515,50.23457,28.013064
0b_crop_best,file,18,baseline_crop,3866,067.Anna_Hummingbird/Anna_Hummingbird_0127_56520.jpg,67,66,067.Anna_Hummingbird,35,34,identity,identity,0,{},0.052367598,0.052367598,0,0.94897997,0.94897997,0.028445218,0.028445218,0.92053476,0.92053476,0,1,1,10.215778,10.215778,False,1.0000001,True,True,True,1,1,10.215778,10.215778,1,1,10.06559,10.06559,1,1,1.7452812,1.7452812,1,1,2.0092323,2.0092323,1,1,4.7054396,4.7054396,1,1,5.6017472,5.6017472,1,1,5.0457723,5.0457723,1,1,4.2776798,4.2776798
0b_crop_best,file,18,baseline_crop,3866,067.Anna_Hummingbird/Anna_Hummingbird_0127_56520.jpg,67,66,067.Anna_Hummingbird,35,34,random_resized_crop,random_resized_crop,0,"{""area_fraction"":0.642209,""aspect"":0.854108,""fallback"":false,""height"":0.867125,""left"":0.182549,""top"":0.032522,""width"":0.740619}",0.052367598,0.54771698,0.49534938,0.94897997,0.57826847,0.028445218,0.38819611,0.92053476,0.19007236,-0.7304624,0.68433292,10.94052,10.215778,111.76592,False,0.95438665,True,True,True,0.68433292,10.94052,10.215778,111.76592,0.67756316,10.956036,10.06559,110.27898,0.92215714,10.411235,1.7452812,18.170533,0.68530242,10.272985,2.0092323,20.640812,0.64623932,10.859499,4.7054396,51.098716,0.68135444,11.478824,5.6017472,64.301472,0.67932731,11.137784,5.0457723,56.198724,0.71150436,10.004099,4.2776798,42.794331
0b_crop_best,file,18,baseline_crop,9639,164.Cerulean_Warbler/Cerulean_Warbler_0078_163271.jpg,164,163,164.Cerulean_Warbler,94,93,identity,identity,0,{},2.1957588,2.1957588,0,0.11127407,0.11127407,0.57557815,0.57557815,-0.46430408,-0.46430408,0,1,1,165.86326,165.86326,False,1,True,False,False,1,1,165.86326,165.86326,1,1,163.15407,163.15407,1,1,29.855796,29.855796,1,1,32.516257,32.516257,1,1,77.15981,77.15981,1,1,92.5975,92.5975,1,1,77.811261,77.811261,1,1,70.564999,70.564999
0b_crop_best,file,18,baseline_crop,9639,164.Cerulean_Warbler/Cerulean_Warbler_0078_163271.jpg,164,163,164.Cerulean_Warbler,94,93,random_resized_crop,random_resized_crop,0,"{""area_fraction"":0.896385,""aspect"":1.014273,""fallback"":false,""height"":0.940091,""left"":0.021816,""top"":0.050298,""width"":0.953509}",2.1957588,3.1147749,0.91901612,0.11127407,0.044388499,0.57557815,0.33818701,-0.46430408,-0.29379851,0.17050557,0.74555197,1.0953193,165.86326,181.67323,False,0.96884346,True,False,False,0.74555197,1.0953193,165.86326,181.67323,0.74014667,1.09558,163.15407,178.74834,0.90819068,1.0875044,29.855796,32.46831,0.65126546,1.0374717,32.516257,33.734697,0.70932951,1.0798823,77.15981,83.323511,0.75165746,1.1489019,92.5975,106.38544,0.74906299,1.0601007,77.811261,82.487776,0.7659916,1.074411,70.564999,75.815809
0b_crop_best,file,18,baseline_crop,8083,138.Tree_Swallow/Tree_Swallow_0017_135062.jpg,138,137,138.Tree_Swallow,111,110,identity,identity,0,{},0.012064345,0.012064345,0,0.98800814,0.98800814,0.0064223497,0.0064223497,0.98158579,0.98158579,0,1,1,1.9502719,1.9502719,False,1,True,True,True,1,1,1.9502719,1.9502719,1,1,1.9207706,1.9207706,1,1,0.3379362,0.3379362,1,1,0.43697259,0.43697259,1,1,1.0090899,1.0090899,1,1,1.0446545,1.0446545,1,1,0.82869953,0.82869953,1,1,0.83791776,0.83791776
0b_crop_best,file,18,baseline_crop,8083,138.Tree_Swallow/Tree_Swallow_0017_135062.jpg,138,137,138.Tree_Swallow,111,110,random_resized_crop,random_resized_crop,0,"{""area_fraction"":0.747511,""aspect"":0.860153,""fallback"":false,""height"":0.932225,""left"":0.086591,""top"":0.034763,""width"":0.801856}",0.012064345,0.014192244,0.0021278989,0.98800814,0.98590797,0.0064223497,0.0068671484,0.98158579,0.97904082,-0.0025449684,0.78181033,1.0961643,1.9502719,2.1378183,False,0.98598427,True,True,True,0.78181033,1.0961643,1.9502719,2.1378183,0.77503548,1.0911989,1.9207706,2.0959428,0.98014145,1.2459729,0.3379362,0.42105936,0.67843113,1.3207844,0.43697259,0.5771466,0.76779606,0.95022047,1.0090899,0.95885784,0.78460238,1.0677569,1.0446545,1.1154371,0.77792006,1.1577735,0.82869953,0.95944636,0.81357441,1.1788648,0.83791776,0.98779172
0b_crop_best,file,18,baseline_crop,1436,026.Bronzed_Cowbird/Bronzed_Cowbird_0002_796244.jpg,26,25,026.Bronzed_Cowbird,30,29,identity,identity,0,{},0.49525419,0.49525419,0,0.60941601,0.60941601,0.22006345,0.22006345,0.38935256,0.38935256,0,1,1,95.763239,95.763239,False,1,True,True,True,1,1,95.763239,95.763239,1,1,93.828718,93.828718,1,1,19.151232,19.151232,1,1,31.269646,31.269646,1,1,48.788541,48.788541,1,1,45.343833,45.343833,1,1,41.060256,41.060256,1,1,41.275997,41.275997
0b_crop_best,file,18,baseline_crop,1436,026.Bronzed_Cowbird/Bronzed_Cowbird_0002_796244.jpg,26,25,026.Bronzed_Cowbird,30,29,random_resized_crop,random_resized_crop,0,"{""area_fraction"":0.532486,""aspect"":1.196501,""fallback"":false,""height"":0.66711,""left"":0.195945,""top"":0.062146,""width"":0.798198}",0.49525419,2.5746174,2.0793632,0.60941601,0.076182976,0.22006345,0.51803547,0.38935256,-0.4418525,-0.83120506,0.75604945,2.2712189,95.763239,217.49927,False,0.92541534,False,True,False,0.75604945,2.2712189,95.763239,217.49927,0.75050742,2.2792558,93.828718,213.85965,0.90601649,2.0689546,19.151232,39.62303,0.81735721,1.9081257,31.269646,59.666414,0.73842347,2.1275253,48.788541,103.79885,0.77670419,2.4080525,45.343833,109.19033,0.71119313,2.3591144,41.060256,96.865843,0.75254739,2.4343345,41.275997,100.47958
0b_crop_best,file,18,baseline_crop,5050,087.Mallard/Mallard_0053_75985.jpg,87,86,087.Mallard,137,136,identity,identity,0,{},0.38636866,0.38636866,0,0.67951995,0.67951995,0.034499254,0.034499254,0.6450207,0.6450207,0,1,1,46.563202,46.563202,False,0.99999994,True,True,True,1,1,46.563202,46.563202,1,1,45.405809,45.405809,1,1,10.317183,10.317183,1,1,10.150147,10.150147,1,1,18.010886,18.010886,1,1,22.105867,22.105867,1,1,21.969289,21.969289,1,1,25.747836,25.747836
0b_crop_best,file,18,baseline_crop,5050,087.Mallard/Mallard_0053_75985.jpg,87,86,087.Mallard,137,136,random_resized_crop,random_resized_crop,0,"{""area_fraction"":0.585484,""aspect"":1.168541,""fallback"":false,""height"":0.707841,""left"":0.074277,""top"":0.069504,""width"":0.827141}",0.38636866,1.7561309,1.3697623,0.67951995,0.1727118,0.034499254,0.049295362,0.6450207,0.12341644,-0.52160425,0.55694999,2.5472772,46.563202,118.60938,False,0.90861893,True,True,True,0.55694999,2.5472772,46.563202,118.60938,0.54085362,2.5561736,45.405809,116.06513,0.89498382,2.3683838,10.317183,24.43505,0.7598592,3.0122817,10.150147,30.575101,0.37753489,2.5819769,18.010886,46.503691,0.51797115,2.5639261,22.105867,56.67781,0.49678703,2.5844056,21.969289,56.777553,0.63727675,2.4371157,25.747836,62.750455
0b_crop_best,file,18,baseline_crop,6935,119.Field_Sparrow/Field_Sparrow_0102_113595.jpg,119,118,119.Field_Sparrow,118,117,identity,identity,0,{},1.2651113,1.2651113,0,0.28220788,0.28220788,0.1546596,0.1546596,0.12754828,0.12754828,0,1,1,160.49853,160.49853,False,0.99999994,True,True,True,1,1,160.49853,160.49853,1,1,159.02204,159.02204,1,1,21.720277,21.720277,1,1,30.719365,30.719365,1,1,83.657308,83.657308,1,1,95.001841,95.001841,1,1,71.992002,71.992002,1,1,56.014149,56.014149
0b_crop_best,file,18,baseline_crop,6935,119.Field_Sparrow/Field_Sparrow_0102_113595.jpg,119,118,119.Field_Sparrow,118,117,random_resized_crop,random_resized_crop,0,"{""area_fraction"":0.581775,""aspect"":0.8779,""fallback"":false,""height"":0.814057,""left"":0.268803,""top"":0.087489,""width"":0.714661}",1.2651113,3.9181943,2.653083,0.28220788,0.019876951,0.1546596,0.0368388,0.12754828,-0.016961848,-0.14451013,0.77162982,1.7412689,160.49853,279.4711,False,0.91218626,False,True,False,0.77162982,1.7412689,160.49853,279.4711,0.77090122,1.747761,159.02204,277.93251,0.84800721,1.3482819,21.720277,29.285057,0.57593583,1.8892746,30.719365,58.037318,0.8131867,1.7540848,83.657308,146.74201,0.81688624,1.7968939,95.001841,170.70823,0.71595421,1.6733502,71.992002,120.46783,0.69036724,1.6643338,56.014149,93.226241
0b_crop_best,file,18,baseline_crop,11423,194.Cactus_Wren/Cactus_Wren_0098_185637.jpg,194,193,194.Cactus_Wren,197,196,identity,identity,0,{},0.040352982,0.040352982,0,0.96045035,0.96045035,0.0061929715,0.0061929715,0.95425738,0.95425738,0,1,1,8.0225202,8.0225202,False,1,True,True,True,1,1,8.0225202,8.0225202,1,1,7.9395202,7.9395202,1,1,1.151021,1.151021,1,1,1.646784,1.646784,1,1,3.3755215,3.3755215,1,1,5.2662361,5.2662361,1,1,3.5032366,3.5032366,1,1,2.9873115,2.9873115
0b_crop_best,file,18,baseline_crop,11423,194.Cactus_Wren/Cactus_Wren_0098_185637.jpg,194,193,194.Cactus_Wren,197,196,random_resized_crop,random_resized_crop,0,"{""area_fraction"":0.710097,""aspect"":0.895407,""fallback"":false,""height"":0.89053,""left"":0.090924,""top"":0.094002,""width"":0.797387}",0.040352982,0.00098311249,-0.039369869,0.96045035,0.99901736,0.0061929715,3.7901715e-05,0.95425738,0.99897946,0.044722076,0.81210743,0.029362398,8.0225202,0.23556043,False,0.94729495,True,True,True,0.81210743,0.029362398,8.0225202,0.23556043,0.80971874,0.029233498,7.9395202,0.23209995,0.91983803,0.034950258,1.151021,0.04022848,0.79732699,0.04107594,1.646784,0.067643199,0.78788016,0.028464769,3.3755215,0.096083439,0.86366923,0.028111544,5.2662361,0.14804203,0.77642996,0.028618592,3.5032366,0.1002577,0.75055624,0.030117584,2.9873115,0.089970604
0b_crop_best,file,18,baseline_crop,11347,193.Bewick_Wren/Bewick_Wren_0010_185142.jpg,193,192,193.Bewick_Wren,195,194,identity,identity,0,{},0.045402136,0.045402136,0,0.95561314,0.95561314,0.031421036,0.031421036,0.9241921,0.9241921,0,1,1,8.4491904,8.4491904,False,1,True,True,True,1,1,8.4491904,8.4491904,1,1,8.2908971,8.2908971,1,1,1.6278343,1.6278343,1,1,2.00457,2.00457,1,1,4.3088765,4.3088765,1,1,3.9771172,3.9771172,1,1,3.750479,3.750479,1,1,4.0336959,4.0336959
0b_crop_best,file,18,baseline_crop,11347,193.Bewick_Wren/Bewick_Wren_0010_185142.jpg,193,192,193.Bewick_Wren,195,194,random_resized_crop,random_resized_crop,0,"{""area_fraction"":0.600123,""aspect"":0.771721,""fallback"":false,""height"":0.88184,""left"":0.173564,""top"":0.057496,""width"":0.680535}",0.045402136,0.063242786,0.01784065,0.95561314,0.93871552,0.031421036,0.054624531,0.9241921,0.88409099,-0.040101115,0.78704724,1.9189758,8.4491904,16.213792,False,0.97738564,True,True,True,0.78704724,1.9189758,8.4491904,16.213792,0.78132231,1.9283978,8.2908971,15.988148,0.96884557,1.6559325,1.6278343,2.6955837,0.78526144,1.9692914,2.00457,3.9475826,0.8463246,2.0816499,4.3088765,8.9695724,0.71052634,2.1288712,3.9771172,8.4667704,0.75204909,1.7596161,3.750479,6.5994034,0.822962,1.6509109,4.0336959,6.6592726
0b_crop_best,file,18,baseline_crop,10212,174.Palm_Warbler/Palm_Warbler_0054_169175.jpg,174,173,174.Palm_Warbler,77,76,identity,identity,0,{},0.18469383,0.18469383,0,0.83135879,0.83135879,0.072753973,0.072753973,0.75860482,0.75860482,0,1,1,27.394588,27.394588,False,1,True,True,True,1,1,27.394588,27.394588,1,1,26.941511,26.941511,1,1,4.9616969,4.9616969,1,1,5.2646783,5.2646783,1,1,13.65251,13.65251,1,1,14.890701,14.890701,1,1,12.081757,12.081757,1,1,12.001473,12.001473
0b_crop_best,file,18,baseline_crop,10212,174.Palm_Warbler/Palm_Warbler_0054_169175.jpg,174,173,174.Palm_Warbler,77,76,random_resized_crop,random_resized_crop,0,"{""area_fraction"":0.726663,""aspect"":0.964088,""fallback"":false,""height"":0.868176,""left"":0.001696,""top"":0.101583,""width"":0.836999}",0.18469383,0.079576842,-0.10511699,0.83135879,0.92350703,0.072753973,0.024206558,0.75860482,0.89930048,0.14069566,0.7688381,0.45451935,27.394588,12.451371,False,0.97260511,True,True,True,0.7688381,0.45451935,27.394588,12.451371,0.76220674,0.45353072,26.941511,12.218803,0.95396598,0.48275901,4.9616969,2.3953039,0.60426353,0.54269877,5.2646783,2.8571345,0.79867886,0.47441829,13.65251,6.4770003,0.73797312,0.40665262,14.890701,6.0553425,0.76321054,0.46329267,12.081757,5.5973895,0.79144078,0.46531651,12.001473,5.5844833
0b_crop_best,file,18,baseline_crop,6587,113.Baird_Sparrow/Baird_Sparrow_0045_794571.jpg,113,112,113.Baird_Sparrow,123,122,identity,identity,0,{},0.0028521833,0.0028521833,0,0.99715185,0.99715185,0.002210967,0.002210967,0.99494088,0.99494088,0,1,1,0.48932638,0.48932638,False,1,True,True,True,1,1,0.48932638,0.48932638,1,1,0.47443683,0.47443683,1,1,0.11979148,0.11979148,1,1,0.092239989,0.092239989,1,1,0.20297923,0.20297923,1,1,0.25104452,0.25104452,1,1,0.23846113,0.23846113,1,1,0.23557262,0.23557262
0b_crop_best,file,18,baseline_crop,6587,113.Baird_Sparrow/Baird_Sparrow_0045_794571.jpg,113,112,113.Baird_Sparrow,123,122,random_resized_crop,random_resized_crop,0,"{""area_fraction"":0.720446,""aspect"":0.978835,""fallback"":false,""height"":0.857918,""left"":0.147278,""top"":0.079225,""width"":0.839761}",0.0028521833,0.0033184006,0.00046621729,0.99715185,0.99668711,0.002210967,0.0014133016,0.99494088,0.99527381,0.00033292803,0.64117465,1.1800679,0.48932638,0.57743833,False,0.97590911,True,True,True,0.64117465,1.1800679,0.48932638,0.57743833,0.62687442,1.1919316,0.47443683,0.56549627,0.92761465,0.975269,0.11979148,0.11682892,0.59219142,1.3745916,0.092239989,0.12679232,0.53438535,1.1583519,0.20297923,0.23512138,0.59032181,1.3106787,0.25104452,0.3290387,0.64730788,1.1168485,0.23846113,0.26632496,0.74026275,1.1169387,0.23557262,0.26312018
0b_crop_best,file,18,baseline_crop,6137,105.Whip_poor_Will/Whip_Poor_Will_0003_796409.jpg,105,104,105.Whip_poor_Will,22,21,identity,identity,0,{},0.23460959,0.23460959,0,0.79087955,0.79087955,0.20822598,0.20822598,0.58265357,0.58265357,0,1,1,73.382884,73.382884,False,0.99999994,True,True,True,1,1,73.382884,73.382884,1,1,72.60911,72.60911,1,1,10.628491,10.628491,1,1,12.9255,12.9255,1,1,27.77206,27.77206,1,1,47.599997,47.599997,1,1,35.868525,35.868525,1,1,27.953822,27.953822
0b_crop_best,file,18,baseline_crop,6137,105.Whip_poor_Will/Whip_Poor_Will_0003_796409.jpg,105,104,105.Whip_poor_Will,22,21,random_resized_crop,random_resized_crop,0,"{""area_fraction"":0.519549,""aspect"":1.077687,""fallback"":false,""height"":0.694331,""left"":0.090847,""top"":0.025079,""width"":0.748272}",0.23460959,0.61795199,0.3833424,0.79087955,0.5390473,0.20822598,0.44717366,0.58265357,0.091873646,-0.49077992,0.78482869,1.7092546,73.382884,125.43003,False,0.94839704,True,True,True,0.78482869,1.7092546,73.382884,125.43003,0.78101546,1.7045125,72.60911,123.76314,0.94834102,1.9175658,10.628491,20.380831,0.67287288,2.0578238,12.9255,26.598401,0.67877607,1.8711856,27.77206,51.966679,0.82945497,1.5942597,47.599997,75.886757,0.78206298,1.6278145,35.868525,58.387306,0.80177277,1.8730401,27.953822,52.358629
0b_crop_best,file,18,baseline_crop,11074,189.Red_bellied_Woodpecker/Red_Bellied_Woodpecker_0066_182253.jpg,189,188,189.Red_bellied_Woodpecker,36,35,identity,identity,0,{},0.00045634824,0.00045634824,0,0.99954373,0.99954373,0.0002201219,0.0002201219,0.9993236,0.9993236,0,1,1,0.064428285,0.064428285,False,1,True,True,True,1,1,0.064428285,0.064428285,1,1,0.06258167,0.06258167,1,1,0.015314646,0.015314646,1,1,0.010103516,0.010103516,1,1,0.023484369,0.023484369,1,1,0.033944722,0.033944722,1,1,0.02785839,0.02785839,1,1,0.036531286,0.036531286
0b_crop_best,file,18,baseline_crop,11074,189.Red_bellied_Woodpecker/Red_Bellied_Woodpecker_0066_182253.jpg,189,188,189.Red_bellied_Woodpecker,36,35,random_resized_crop,random_resized_crop,0,"{""area_fraction"":0.878776,""aspect"":0.91881,""fallback"":false,""height"":0.977972,""left"":0.050017,""top"":0.006348,""width"":0.89857}",0.00045634824,0.0011813812,0.00072503294,0.99954373,0.99881929,0.0002201219,0.00054281711,0.9993236,0.99827647,-0.0010471301,0.88773375,2.7241526,0.064428285,0.17551248,False,0.99584186,True,True,True,0.88773375,2.7241526,0.064428285,0.17551248,0.88235754,2.7409975,0.06258167,0.1715362,0.99548462,2.4256407,0.015314646,0.037147829,0.60354295,2.7671121,0.010103516,0.027957563,0.80743263,2.6618168,0.023484369,0.062511088,0.8983909,2.9192458,0.033944722,0.099092986,0.86349211,2.7429345,0.02785839,0.07641374,0.93558041,2.6079815,0.036531286,0.095272916
0b_crop_best,file,18,baseline_crop,7561,129.Song_Sparrow/Song_Sparrow_0135_121261.jpg,129,128,129.Song_Sparrow,131,130,identity,identity,0,{},0.032666113,0.032666113,0,0.96786165,0.96786165,0.023078825,0.023078825,0.94478283,0.94478283,0,1,1,10.318872,10.318872,False,1.0000001,True,True,True,1,1,10.318872,10.318872,1,1,10.230199,10.230199,1,1,1.3498736,1.3498736,1,1,1.382054,1.382054,1,1,6.2755358,6.2755358,1,1,5.564255,5.564255,1,1,4.2614571,4.2614571,1,1,3.7740686,3.7740686
0b_crop_best,file,18,baseline_crop,7561,129.Song_Sparrow/Song_Sparrow_0135_121261.jpg,129,128,129.Song_Sparrow,131,130,random_resized_crop,random_resized_crop,0,"{""area_fraction"":0.654366,""aspect"":0.974766,""fallback"":false,""height"":0.819333,""left"":0.071243,""top"":0.098038,""width"":0.798658}",0.032666113,0.01135058,-0.021315533,0.96786165,0.98871362,0.023078825,0.005433083,0.94478283,0.98328054,0.038497712,0.83497867,0.33476514,10.318872,3.4543987,False,0.97922921,True,True,True,0.83497867,0.33476514,10.318872,3.4543987,0.83292212,0.33507307,10.230199,3.4278642,0.96132447,0.31657645,1.3498736,0.42733818,0.61024273,0.36315786,1.382054,0.50190378,0.88369576,0.3748824,6.2755358,2.352588,0.81408539,0.30181438,5.564255,1.6793722,0.78248068,0.30778725,4.2614571,1.3116222,0.8347018,0.31608033,3.7740686,1.1929088
0b_crop_best,file,18,baseline_crop,5796,099.Ovenbird/Ovenbird_0054_92594.jpg,99,98,099.Ovenbird,131,130,identity,identity,0,{},0.12043919,0.12043919,0,0.886531,0.886531,0.021995097,0.021995097,0.8645359,0.8645359,0,1,1,13.890949,13.890949,False,1,True,True,True,1,1,13.890949,13.890949,1,1,13.627551,13.627551,1,1,2.69227,2.69227,1,1,2.2454617,2.2454617,1,1,5.7602161,5.7602161,1,1,6.9653214,6.9653214,1,1,6.5896536,6.5896536,1,1,7.4531018,7.4531018
0b_crop_best,file,18,baseline_crop,5796,099.Ovenbird/Ovenbird_0054_92594.jpg,99,98,099.Ovenbird,131,130,random_resized_crop,random_resized_crop,0,"{""area_fraction"":0.536305,""aspect"":0.846949,""fallback"":false,""height"":0.795751,""left"":0.014704,""top"":0.045989,""width"":0.67396}",0.12043919,0.85473728,0.73429809,0.886531,0.42539495,0.021995097,0.0047109295,0.8645359,0.42068402,-0.44385188,0.48826589,5.3799658,13.890949,74.732832,False,0.86665624,True,True,True,0.48826589,5.3799658,13.890949,74.732832,0.4735291,5.3425038,13.627551,72.805244,0.81622282,6.2638392,2.69227,16.863946,0.54940216,6.8239689,2.2454617,15.322961,0.51042406,5.6362303,5.7602161,32.465905,0.50190784,5.9412093,6.9653214,41.382432,0.36627672,4.7224256,6.5896536,31.119149,0.49899764,4.8947497,7.4531018,36.481067
0b_crop_best,file,18,baseline_crop,2455,043.Yellow_bellied_Flycatcher/Yellow_Bellied_Flycatcher_0049_42593.jpg,43,42,043.Yellow_bellied_Flycatcher,102,101,identity,identity,0,{},4.0419312,4.0419312,0,0.017563516,0.017563516,0.36161911,0.36161911,-0.3440556,-0.3440556,0,1,1,195.65851,195.65851,False,1,True,False,False,1,1,195.65851,195.65851,1,1,192.45714,192.45714,1,1,35.249089,35.249089,1,1,53.914949,53.914949,1,1,93.405983,93.405983,1,1,109.07006,109.07006,1,1,86.717287,86.717287,1,1,77.408571,77.408571
0b_crop_best,file,18,baseline_crop,2455,043.Yellow_bellied_Flycatcher/Yellow_Bellied_Flycatcher_0049_42593.jpg,43,42,043.Yellow_bellied_Flycatcher,102,101,random_resized_crop,random_resized_crop,0,"{""area_fraction"":0.624082,""aspect"":1.285854,""fallback"":false,""height"":0.696666,""left"":0.096464,""top"":0.215546,""width"":0.895812}",4.0419312,4.545135,0.50320387,0.017563516,0.010618741,0.36161911,0.57425505,-0.3440556,-0.56363631,-0.21958071,0.74295433,1.3415312,195.65851,262.48199,False,0.9473232,True,False,False,0.74295433,1.3415312,195.65851,262.48199,0.73939204,1.3495948,192.45714,259.73916,0.89543879,1.0736901,35.249089,37.846598,0.6979735,1.2340095,53.914949,66.53156,0.72378223,1.4311834,93.405983,133.6811,0.78785185,1.3710762,109.07006,149.54337,0.72721647,1.3160721,86.717287,114.12621,0.70182986,1.2775139,77.408571,98.890526
0b_crop_best,file,18,baseline_crop,10437,178.Swainson_Warbler/Swainson_Warbler_0034_794890.jpg,178,177,178.Swainson_Warbler,195,194,identity,identity,0,{},0.83759177,0.83759177,0,0.43275145,0.43275145,0.20430322,0.20430322,0.22844823,0.22844823,0,1,1,176.16333,176.16333,False,0.99999994,True,True,True,1,1,176.16333,176.16333,1,1,175.2931,175.2931,1,1,17.488427,17.488427,1,1,32.922783,32.922783,1,1,104.80601,104.80601,1,1,100.78888,100.78888,1,1,73.078012,73.078012,1,1,56.219817,56.219817
0b_crop_best,file,18,baseline_crop,10437,178.Swainson_Warbler/Swainson_Warbler_0034_794890.jpg,178,177,178.Swainson_Warbler,195,194,random_resized_crop,random_resized_crop,0,"{""area_fraction"":0.871476,""aspect"":0.987211,""fallback"":false,""height"":0.939556,""left"":0.002911,""top"":0.057836,""width"":0.92754}",0.83759177,0.28204811,-0.55554366,0.43275145,0.75423741,0.20430322,0.077563629,0.22844823,0.67667378,0.44822556,0.91310298,0.43823168,176.16333,77.20035,False,0.97554588,True,True,True,0.91310298,0.43823168,176.16333,77.20035,0.912507,0.43817445,175.2931,76.808959,0.97227934,0.44394381,17.488427,7.7638791,0.8212017,0.4357398,32.922783,14.345767,0.93511786,0.43099928,104.80601,45.171317,0.91424255,0.44746973,100.78888,45.099972,0.89274878,0.43960184,73.078012,32.125229,0.8950842,0.43107366,56.219817,24.234882
0b_crop_best,file,18,baseline_crop,5857,100.Brown_Pelican/Brown_Pelican_0011_94683.jpg,100,99,100.Brown_Pelican,23,22,identity,identity,0,{},0.029589791,0.029589791,0,0.97084367,0.97084367,0.014400807,0.014400807,0.95644287,0.95644287,0,1,1,4.9504307,4.9504307,False,1,True,True,True,1,1,4.9504307,4.9504307,1,1,4.8509028,4.8509028,1,1,0.987677,0.987677,1,1,1.1256027,1.1256027,1,1,1.984809,1.984809,1,1,2.4340549,2.4340549,1,1,2.3737927,2.3737927,1,1,2.601018,2.601018
0b_crop_best,file,18,baseline_crop,5857,100.Brown_Pelican/Brown_Pelican_0011_94683.jpg,100,99,100.Brown_Pelican,23,22,random_resized_crop,random_resized_crop,0,"{""area_fraction"":0.717751,""aspect"":0.772737,""fallback"":false,""height"":0.963765,""left"":0.042468,""top"":0.031551,""width"":0.744737}",0.029589791,0.42001903,0.39042924,0.97084367,0.65703434,0.014400807,0.21015128,0.95644287,0.44688305,-0.50955981,0.76085956,12.90702,4.9504307,63.895305,False,0.96239966,True,True,True,0.76085956,12.90702,4.9504307,63.895305,0.75270624,12.906452,4.8509028,62.607945,0.95731853,12.920696,0.987677,12.761474,0.56365158,12.976623,1.1256027,14.606522,0.68991592,12.706842,1.984809,25.220655,0.76227927,13.457757,2.4340549,32.756918,0.75280175,13.092065,2.3737927,31.077849,0.81981089,12.347695,2.601018,32.116576
0b_crop_best,file,18,baseline_crop,3092,054.Blue_Grosbeak/Blue_Grosbeak_0067_36965.jpg,54,53,054.Blue_Grosbeak,14,13,identity,identity,0,{},0.48940432,0.48940432,0,0.61299139,0.61299139,0.37823805,0.37823805,0.23475334,0.23475334,0,1,1,78.70359,78.70359,False,1,True,True,True,1,1,78.70359,78.70359,1,1,77.034074,77.034074,1,1,16.124713,16.124713,1,1,12.911638,12.911638,1,1,35.525089,35.525089,1,1,47.924656,47.924656,1,1,34.825302,34.825302,1,1,31.558389,31.558389
0b_crop_best,file,18,baseline_crop,3092,054.Blue_Grosbeak/Blue_Grosbeak_0067_36965.jpg,54,53,054.Blue_Grosbeak,14,13,random_resized_crop,random_resized_crop,0,"{""area_fraction"":0.650784,""aspect"":1.236987,""fallback"":false,""height"":0.725331,""left"":0.082799,""top"":0.031776,""width"":0.897225}",0.48940432,0.81252521,0.32312089,0.61299139,0.44373614,0.37823805,0.54816574,0.23475334,-0.1044296,-0.33918294,0.82420279,1.3988296,78.70359,110.09291,False,0.95963907,False,True,False,0.82420279,1.3988296,78.70359,110.09291,0.81836236,1.39972,77.034074,107.82613,0.95966177,1.3783515,16.124713,22.225523,0.72923322,1.5334347,12.911638,19.799154,0.82895348,1.4703237,35.525089,52.23338,0.85297982,1.329416,47.924656,63.711803,0.79487349,1.4454707,34.825302,50.338953,0.77883145,1.385912,31.558389,43.737152
0b_crop_best,file,18,baseline_crop,275,005.Crested_Auklet/Crested_Auklet_0075_785259.jpg,5,4,005.Crested_Auklet,89,88,identity,identity,0,{},5.8487859,5.8487859,0,0.0028833982,0.0028833982,0.34747517,0.34747517,-0.34459177,-0.34459177,0,1,1,173.38972,173.38972,False,1,True,False,False,1,1,173.38972,173.38972,1,1,171.04334,171.04334,1,1,28.42836,28.42836,1,1,39.798669,39.798669,1,1,82.077718,82.077718,1,1,92.410953,92.410953,1,1,80.874283,80.874283,1,1,76.516047,76.516047
0b_crop_best,file,18,baseline_crop,275,005.Crested_Auklet/Crested_Auklet_0075_785259.jpg,5,4,005.Crested_Auklet,89,88,random_resized_crop,random_resized_crop,0,"{""area_fraction"":0.515796,""aspect"":1.27259,""fallback"":false,""height"":0.636641,""left"":0.013303,""top"":0.345703,""width"":0.810183}",5.8487859,3.9583964,-1.8903894,0.0028833982,0.019093703,0.34747517,0.087524764,-0.34459177,-0.068431061,0.27616071,0.37977949,0.86461588,173.38972,149.91551,False,0.78620237,False,False,False,0.37977949,0.86461588,173.38972,149.91551,0.37084457,0.86387597,171.04334,147.76023,0.69355816,0.8909869,28.42836,25.329296,0.2763826,0.92786127,39.798669,36.927644,0.16100885,0.79599398,82.077718,65.333369,0.42389595,0.90770381,92.410953,83.881774,0.4224576,0.84792762,80.874283,68.575538,0.4840481,0.87301855,76.516047,66.799928
0b_crop_best,file,18,baseline_crop,823,015.Lazuli_Bunting/Lazuli_Bunting_0031_15018.jpg,15,14,015.Lazuli_Bunting,14,13,identity,identity,0,{},0.0033494106,0.0033494106,0,0.99665618,0.99665618,0.00095551641,0.00095551641,0.99570066,0.99570066,0,1,1,0.43065299,0.43065299,False,1,True,True,True,1,1,0.43065299,0.43065299,1,1,0.419564,0.419564,1,1,0.097098111,0.097098111,1,1,0.078089661,0.078089661,1,1,0.1576935,0.1576935,1,1,0.19547375,0.19547375,1,1,0.20143855,0.20143855,1,1,0.25745143,0.25745143
0b_crop_best,file,18,baseline_crop,823,015.Lazuli_Bunting/Lazuli_Bunting_0031_15018.jpg,15,14,015.Lazuli_Bunting,14,13,random_resized_crop,random_resized_crop,0,"{""area_fraction"":0.542099,""aspect"":1.206668,""fallback"":false,""height"":0.670264,""left"":0.145236,""top"":0.240508,""width"":0.808785}",0.0033494106,0.0056680436,0.002318633,0.99665618,0.99434799,0.00095551641,0.001973694,0.99570066,0.9923743,-0.0033263674,0.6449676,2.4443036,0.43065299,1.0526467,False,0.94393134,True,True,True,0.6449676,2.4443036,0.43065299,1.0526467,0.63256998,2.4638275,0.419564,1.0337333,0.93444082,2.0458321,0.097098111,0.19864644,0.69591378,3.9704338,0.078089661,0.31004983,0.60521415,3.0278877,0.1576935,0.47747823,0.65203289,2.905446,0.19547375,0.56793842,0.58002172,2.2011551,0.20143855,0.4433975,0.71798238,1.8438133,0.25745143,0.47469238
0b_crop_best,file,18,baseline_crop,10795,184.Louisiana_Waterthrush/Louisiana_Waterthrush_0026_177503.jpg,184,183,184.Louisiana_Waterthrush,183,182,identity,identity,0,{},0.1601007,0.1601007,0,0.85205799,0.85205799,0.022698805,0.022698805,0.82935919,0.82935919,0,1,1,29.774356,29.774356,False,0.99999994,True,True,True,1,1,29.774356,29.774356,1,1,29.322804,29.322804,1,1,5.1657942,5.1657942,1,1,5.7632658,5.7632658,1,1,15.515473,15.515473,1,1,16.918491,16.918491,1,1,13.110255,13.110255,1,1,11.303433,11.303433
0b_crop_best,file,18,baseline_crop,10795,184.Louisiana_Waterthrush/Louisiana_Waterthrush_0026_177503.jpg,184,183,184.Louisiana_Waterthrush,183,182,random_resized_crop,random_resized_crop,0,"{""area_fraction"":0.561433,""aspect"":0.768149,""fallback"":false,""height"":0.854922,""left"":0.190878,""top"":0.088328,""width"":0.656707}",0.1601007,0.14218515,-0.017915547,0.85205799,0.86746061,0.022698805,0.028406825,0.82935919,0.83905378,0.0096945949,0.7434131,1.0019833,29.774356,29.833409,False,0.94647151,True,True,True,0.7434131,1.0019833,29.774356,29.833409,0.73821472,1.0043838,29.322804,29.451349,0.92871095,0.92129766,5.1657942,4.7592341,0.69431015,0.91329599,5.7632658,5.2635675,0.75632596,1.0152025,15.515473,15.751348,0.75753431,1.0071973,16.918491,17.040259,0.68701697,0.95565873,13.110255,12.528929,0.73944001,1.0624623,11.303433,12.009471
0b_crop_best,file,18,baseline_crop,7766,133.White_throated_Sparrow/White_Throated_Sparrow_0108_129184.jpg,133,132,133.White_throated_Sparrow,118,117,identity,identity,0,{},1.0717413,1.0717413,0,0.34241173,0.34241173,0.21016243,0.21016243,0.1322493,0.1322493,0,1,1,138.9513,138.9513,False,1,True,True,True,1,1,138.9513,138.9513,1,1,136.86406,136.86406,1,1,23.993652,23.993652,1,1,37.255073,37.255073,1,1,70.529503,70.529503,1,1,71.187326,71.187326,1,1,64.072223,64.072223,1,1,56.537893,56.537893
0b_crop_best,file,18,baseline_crop,7766,133.White_throated_Sparrow/White_Throated_Sparrow_0108_129184.jpg,133,132,133.White_throated_Sparrow,118,117,random_resized_crop,random_resized_crop,0,"{""area_fraction"":0.534237,""aspect"":1.22274,""fallback"":false,""height"":0.660998,""left"":0.112416,""top"":0.065292,""width"":0.808228}",1.0717413,1.2809415,0.20920014,0.34241173,0.27777568,0.21016243,0.22699265,0.1322493,0.050783023,-0.081466272,0.59279794,1.1265032,138.9513,156.52909,False,0.9028939,True,True,True,0.59279794,1.1265032,138.9513,156.52909,0.58421393,1.1244937,136.86406,153.90276,0.85763944,1.1900395,23.993652,28.553394,0.53475322,1.1867879,37.255073,44.213872,0.56643545,0.95471502,70.529503,67.335576,0.57069985,1.1320693,71.187326,80.588984,0.58906023,1.2200221,64.072223,78.169528,0.65525307,1.1985714,56.537893,67.764704
0b_crop_best,file,18,baseline_crop,744,014.Indigo_Bunting/Indigo_Bunting_0056_12637.jpg,14,13,014.Indigo_Bunting,54,53,identity,identity,0,{},0.15504739,0.15504739,0,0.85637462,0.85637462,0.079769738,0.079769738,0.77660488,0.77660488,0,1,1,27.130988,27.130988,False,1,True,True,True,1,1,27.130988,27.130988,1,1,26.657214,26.657214,1,1,5.0481108,5.0481108,1,1,5.2235583,5.2235583,1,1,11.190262,11.190262,1,1,15.945923,15.945923,1,1,11.824417,11.824417,1,1,12.806649,12.806649
0b_crop_best,file,18,baseline_crop,744,014.Indigo_Bunting/Indigo_Bunting_0056_12637.jpg,14,13,014.Indigo_Bunting,54,53,random_resized_crop,random_resized_crop,0,"{""area_fraction"":0.537907,""aspect"":0.907401,""fallback"":false,""height"":0.769935,""left"":0.251881,""top"":0.154868,""width"":0.698639}",0.15504739,0.85375196,0.69870457,0.85637462,0.4258143,0.079769738,0.17453219,0.77660488,0.25128211,-0.52532277,0.65863269,3.693458,27.130988,100.20716,False,0.87476754,True,True,True,0.65863269,3.693458,27.130988,100.20716,0.65365281,3.7156045,26.657214,99.047665,0.84418938,3.0110003,5.0481108,15.199863,0.58745427,4.808588,5.2235583,25.11794,0.56918856,3.3990677,11.190262,38.036457,0.71998353,3.4430184,15.945923,54.902106,0.63286532,3.8951107,11.824417,46.057414,0.66119176,3.9794195,12.806649,50.96303
0b_crop_best,file,18,baseline_crop,11685,199.Winter_Wren/Winter_Wren_0081_190049.jpg,199,198,199.Winter_Wren,196,195,identity,identity,0,{},0.53926229,0.53926229,0,0.58317828,0.58317828,0.4065221,0.4065221,0.17665619,0.17665619,0,1,1,80.425025,80.425025,False,0.99999988,True,True,True,1,1,80.425025,80.425025,1,1,78.628239,78.628239,1,1,16.905164,16.905164,1,1,17.05406,17.05406,1,1,35.964805,35.964805,1,1,43.035471,43.035471,1,1,39.643797,39.643797,1,1,34.269657,34.269657
0b_crop_best,file,18,baseline_crop,11685,199.Winter_Wren/Winter_Wren_0081_190049.jpg,199,198,199.Winter_Wren,196,195,random_resized_crop,random_resized_crop,0,"{""area_fraction"":0.601561,""aspect"":0.789204,""fallback"":false,""height"":0.873062,""left"":0.072531,""top"":0.096992,""width"":0.689025}",0.53926229,0.38843048,-0.15083182,0.58317828,0.67812037,0.4065221,0.20238854,0.17665619,0.47573183,0.29907565,0.64413098,0.73280507,80.425025,58.935866,False,0.95980734,True,True,True,0.64413098,0.73280507,80.425025,58.935866,0.63251583,0.73361638,78.628239,57.682965,0.90213746,0.71502853,16.905164,12.087675,0.82934305,0.97932845,17.05406,16.701526,0.53147439,0.80955988,35.964805,29.115663,0.58636616,0.76729146,43.035471,33.02075,0.70745498,0.61079069,39.643797,24.214062,0.71854151,0.66794978,34.269657,22.89041
0b_crop_best,file,18,baseline_crop,10734,183.Northern_Waterthrush/Northern_Waterthrush_0044_176961.jpg,183,182,183.Northern_Waterthrush,184,183,identity,identity,0,{},0.0049862321,0.0049862321,0,0.99502617,0.99502617,0.0043258974,0.0043258974,0.99070027,0.99070027,0,1,1,1.105327,1.105327,False,1,True,True,True,1,1,1.105327,1.105327,1,1,1.0878111,1.0878111,1,1,0.19599732,0.19599732,1,1,0.24256842,0.24256842,1,1,0.49615127,0.49615127,1,1,0.6261306,0.6261306,1,1,0.51048185,0.51048185,1,1,0.4750749,0.4750749
0b_crop_best,file,18,baseline_crop,10734,183.Northern_Waterthrush/Northern_Waterthrush_0044_176961.jpg,183,182,183.Northern_Waterthrush,184,183,random_resized_crop,random_resized_crop,0,"{""area_fraction"":0.655388,""aspect"":1.16684,""fallback"":false,""height"":0.749452,""left"":0.093077,""top"":0.183334,""width"":0.87449}",0.0049862321,0.01585144,0.010865208,0.99502617,0.98427355,0.0043258974,0.011640914,0.99070027,0.97263264,-0.018067635,0.75258776,2.723546,1.105327,3.010409,False,0.96461082,True,True,True,0.75258776,2.723546,1.105327,3.010409,0.74545733,2.718132,1.0878111,2.9568141,0.96080114,2.8853454,0.19599732,0.56551998,0.7963535,2.5410429,0.24256842,0.61637677,0.68208039,2.6446458,0.49615127,1.3121444,0.75104186,2.7557372,0.6261306,1.7254514,0.74952759,2.6046121,0.51048185,1.3296072,0.78647469,2.8984442,0.4750749,1.3769781
0b_crop_best,file,18,baseline_crop,3690,064.Ring_billed_Gull/Ring_Billed_Gull_0118_51322.jpg,64,63,064.Ring_billed_Gull,142,141,identity,identity,0,{},0.0010517072,0.0010517072,0,0.99894887,0.99894887,0.00041179039,0.00041179039,0.99853708,0.99853708,0,1,1,0.19839676,0.19839676,False,0.99999994,True,True,True,1,1,0.19839676,0.19839676,1,1,0.19377707,0.19377707,1,1,0.04256431,0.04256431,1,1,0.039719189,0.039719189,1,1,0.10574481,0.10574481,1,1,0.091122997,0.091122997,1,1,0.08500291,0.08500291,1,1,0.096234499,0.096234499
0b_crop_best,file,18,baseline_crop,3690,064.Ring_billed_Gull/Ring_Billed_Gull_0118_51322.jpg,64,63,064.Ring_billed_Gull,142,141,random_resized_crop,random_resized_crop,0,"{""area_fraction"":0.560723,""aspect"":0.771289,""fallback"":false,""height"":0.85264,""left"":0.238382,""top"":0.116214,""width"":0.657632}",0.0010517072,0.003053053,0.0020013459,0.99894887,0.99695158,0.00041179039,2.5523186e-05,0.99853708,0.99692606,-0.0016110248,0.54444665,3.3403009,0.19839676,0.66270487,False,0.94993919,True,True,True,0.54444665,3.3403009,0.19839676,0.66270487,0.52908417,3.3404007,0.19377707,0.64729307,0.86305502,3.3382312,0.04256431,0.14208951,0.58161836,3.5357928,0.039719189,0.14043882,0.45602219,3.1571969,0.10574481,0.33385719,0.47816427,3.6936594,0.091122997,0.33657731,0.52498035,3.4229261,0.08500291,0.29095868,0.67145684,3.1150183,0.096234499,0.29977223
0b_crop_best,file,18,baseline_crop,9269,158.Bay_breasted_Warbler/Bay_Breasted_Warbler_0045_797135.jpg,158,157,158.Bay_breasted_Warbler,97,96,identity,identity,0,{},0.0022712168,0.0022712168,0,0.99773139,0.99773139,0.00071057712,0.00071057712,0.99702081,0.99702081,0,1,1,0.38350564,0.38350564,False,1.0000001,True,True,True,1,1,0.38350564,0.38350564,1,1,0.37622588,0.37622588,1,1,0.07436841,0.07436841,1,1,0.060640543,0.060640543,1,1,0.1342323,0.1342323,1,1,0.18963646,0.18963646,1,1,0.19428145,0.19428145,1,1,0.21480937,0.21480937
0b_crop_best,file,18,baseline_crop,9269,158.Bay_breasted_Warbler/Bay_Breasted_Warbler_0045_797135.jpg,158,157,158.Bay_breasted_Warbler,97,96,random_resized_crop,random_resized_crop,0,"{""area_fraction"":0.550582,""aspect"":1.153202,""fallback"":false,""height"":0.690969,""left"":0.077743,""top"":0.104182,""width"":0.796827}",0.0022712168,0.041856769,0.039585553,0.99773139,0.95900714,0.00071057712,0.0042313151,0.99702081,0.95477583,-0.042244982,0.68441362,18.442316,0.38350564,7.0727322,False,0.96350896,True,True,True,0.68441362,18.442316,0.38350564,7.0727322,0.67667243,18.556366,0.37622588,6.9813851,0.93864395,15.235641,0.07436841,1.1330504,0.66808823,34.862718,0.060640543,2.1140942,0.63618362,23.467919,0.1342323,3.1501527,0.68439178,18.651431,0.18963646,3.5369912,0.66991129,17.041052,0.19428145,3.3107603,0.75201034,15.352186,0.21480937,3.2977934
0b_crop_best,file,18,baseline_crop,5852,100.Brown_Pelican/Brown_Pelican_0007_94078.jpg,100,99,100.Brown_Pelican,53,52,identity,identity,0,{},0.026783949,0.026783949,0,0.97357154,0.97357154,0.01568062,0.01568062,0.95789092,0.95789092,0,1,1,4.7593939,4.7593939,False,1,True,True,True,1,1,4.7593939,4.7593939,1,1,4.6713072,4.6713072,1,1,0.91143838,0.91143838,1,1,1.3744212,1.3744212,1,1,2.0452483,2.0452483,1,1,2.2397477,2.2397477,1,1,2.2698842,2.2698842,1,1,2.3622431,2.3622431
0b_crop_best,file,18,baseline_crop,5852,100.Brown_Pelican/Brown_Pelican_0007_94078.jpg,100,99,100.Brown_Pelican,53,52,random_resized_crop,random_resized_crop,0,"{""area_fraction"":0.687535,""aspect"":1.100348,""fallback"":false,""height"":0.790464,""left"":0.068977,""top"":0.047469,""width"":0.869786}",0.026783949,0.12206898,0.09528503,0.97357154,0.88508731,0.01568062,0.026079535,0.95789092,0.85900778,-0.098883143,0.63836083,4.6755614,4.7593939,22.252839,False,0.94628513,True,True,True,0.63836083,4.6755614,4.7593939,22.252839,0.63002299,4.6966856,4.6713072,21.939661,0.89646933,4.0817097,0.91143838,3.7202269,0.78516126,4.6439627,1.3744212,6.3827609,0.53015746,4.259413,2.0452483,8.7115569,0.562076,5.0174307,2.2397477,11.237779,0.60736276,4.8806591,2.2698842,11.078531,0.74047316,4.5533942,2.3622431,10.756224
0b_crop_best,file,18,baseline_crop,2966,052.Pied_billed_Grebe/Pied_Billed_Grebe_0032_35931.jpg,52,51,052.Pied_billed_Grebe,50,49,identity,identity,0,{},0.011349048,0.011349048,0,0.98871511,0.98871511,0.0096476665,0.0096476665,0.97906745,0.97906745,0,1,1,2.62925,2.62925,False,1.0000002,True,True,True,1,1,2.62925,2.62925,1,1,2.5805883,2.5805883,1,1,0.50350747,0.50350747,1,1,0.75806602,0.75806602,1,1,1.1983435,1.1983435,1,1,1.3572794,1.3572794,1,1,1.2508595,1.2508595,1,1,1.1144003,1.1144003
0b_crop_best,file,18,baseline_crop,2966,052.Pied_billed_Grebe/Pied_Billed_Grebe_0032_35931.jpg,52,51,052.Pied_billed_Grebe,50,49,random_resized_crop,random_resized_crop,0,"{""area_fraction"":0.790701,""aspect"":1.012162,""fallback"":false,""height"":0.883855,""left"":0.012038,""top"":0.099548,""width"":0.894604}",0.011349048,0.069482051,0.058133002,0.98871511,0.93287688,0.0096476665,0.035702009,0.97906745,0.89717488,-0.08189257,0.75206144,5.2932724,2.62925,13.917337,False,0.97222173,True,True,True,0.75206144,5.2932724,2.62925,13.917337,0.74641726,5.3070982,2.5805883,13.695436,0.9142386,4.9161909,0.50350747,2.4753388,0.73295685,4.6957672,0.75806602,3.5597015,0.70882436,5.7337689,1.1983435,6.871025,0.75154126,5.305211,1.3572794,7.2006536,0.75996731,5.000342,1.2508595,6.254725,0.78123297,5.4370065,1.1144003,6.0590015
0b_crop_best,file,18,baseline_crop,2953,052.Pied_billed_Grebe/Pied_Billed_Grebe_0082_35356.jpg,52,51,052.Pied_billed_Grebe,51,50,identity,identity,0,{},0.0078392709,0.0078392709,0,0.99219137,0.99219137,0.0028823116,0.0028823116,0.98930906,0.98930906,0,1,1,1.4043028,1.4043028,False,0.99999988,True,True,True,1,1,1.4043028,1.4043028,1,1,1.3778979,1.3778979,1,1,0.27104205,0.27104205,1,1,0.20776036,0.20776036,1,1,0.58076981,0.58076981,1,1,0.65815519,0.65815519,1,1,0.70456837,0.70456837,1,1,0.7671766,0.7671766
0b_crop_best,file,18,baseline_crop,2953,052.Pied_billed_Grebe/Pied_Billed_Grebe_0082_35356.jpg,52,51,052.Pied_billed_Grebe,51,50,random_resized_crop,random_resized_crop,0,"{""area_fraction"":0.848028,""aspect"":0.976269,""fallback"":false,""height"":0.93201,""left"":0.080387,""top"":0.02815,""width"":0.909892}",0.0078392709,0.012564667,0.0047253957,0.99219137,0.98751396,0.0028823116,0.0046875444,0.98930906,0.98282641,-0.0064826477,0.81184127,1.6971843,1.4043028,2.3833608,False,0.97913015,True,True,True,0.81184127,1.6971843,1.4043028,2.3833608,0.80617951,1.7023817,1.3778979,2.3457082,0.974974,1.556855,0.27104205,0.42197315,0.70689241,2.1371478,0.20776036,0.44401459,0.81376884,1.7930139,0.58076981,1.0413283,0.74390347,1.8119126,0.65815519,1.1925197,0.80634153,1.6152091,0.70456837,1.1380253,0.86946753,1.5983613,0.7671766,1.2262254
0b_crop_best,file,18,baseline_crop,6638,114.Black_throated_Sparrow/Black_Throated_Sparrow_0011_107115.jpg,114,113,114.Black_throated_Sparrow,85,84,identity,identity,0,{},0.013739418,0.013739418,0,0.98635453,0.98635453,0.0029635313,0.0029635313,0.983391,0.983391,0,1,1,2.2086654,2.2086654,False,0.99999994,True,True,True,1,1,2.2086654,2.2086654,1,1,2.1749736,2.1749736,1,1,0.38430815,0.38430815,1,1,0.49047935,0.49047935,1,1,0.98177597,0.98177597,1,1,1.1311502,1.1311502,1,1,1.0169071,1.0169071,1,1,1.1011154,1.1011154
0b_crop_best,file,18,baseline_crop,6638,114.Black_throated_Sparrow/Black_Throated_Sparrow_0011_107115.jpg,114,113,114.Black_throated_Sparrow,85,84,random_resized_crop,random_resized_crop,0,"{""area_fraction"":0.68525,""aspect"":0.931228,""fallback"":false,""height"":0.857821,""left"":0.007065,""top"":0.001079,""width"":0.798827}",0.013739418,0.059014983,0.045275565,0.98635453,0.94269264,0.0029635313,0.0224583,0.983391,0.92023434,-0.063156661,0.74595333,4.761906,2.2086654,10.517457,False,0.97008198,True,True,True,0.74595333,4.761906,2.2086654,10.517457,0.74015418,4.7750421,2.1749736,10.38559,0.95489678,4.3200893,0.38430815,1.6602455,0.60111703,4.4115723,0.49047935,2.1637851,0.7245395,5.0528388,0.98177597,4.9607557,0.76710004,5.2563054,1.1311502,5.9456709,0.70359178,4.5449998,1.0169071,4.6218426,0.79376513,4.2458276,1.1011154,4.6751461
0b_crop_best,file,18,baseline_crop,8966,153.Philadelphia_Vireo/Philadelphia_Vireo_0015_794778.jpg,153,152,153.Philadelphia_Vireo,155,154,identity,identity,0,{},0.22422177,0.22422177,0,0.79913789,0.79913789,0.080513753,0.080513753,0.71862414,0.71862414,0,1,1,26.964796,26.964796,False,1,True,True,True,1,1,26.964796,26.964796,1,1,26.304432,26.304432,1,1,5.9310248,5.9310248,1,1,3.5374387,3.5374387,1,1,10.639782,10.639782,1,1,16.710901,16.710901,1,1,12.166771,12.166771,1,1,11.78644,11.78644
0b_crop_best,file,18,baseline_crop,8966,153.Philadelphia_Vireo/Philadelphia_Vireo_0015_794778.jpg,153,152,153.Philadelphia_Vireo,155,154,random_resized_crop,random_resized_crop,0,"{""area_fraction"":0.512688,""aspect"":0.990105,""fallback"":false,""height"":0.719591,""left"":0.059282,""top"":0.095269,""width"":0.712471}",0.22422177,0.7646836,0.54046184,0.79913789,0.46548119,0.080513753,0.25905362,0.71862414,0.20642757,-0.51219656,0.62412211,3.8551255,26.964796,103.95267,False,0.9303109,True,True,True,0.62412211,3.8551255,26.964796,103.95267,0.61273668,3.8858998,26.304432,102.21639,0.90862207,3.1900111,5.9310248,18.920035,0.40873449,5.6673719,3.5374387,20.047981,0.53794329,4.6272571,10.639782,49.233008,0.6746508,3.8584649,16.710901,64.478426,0.59187673,3.7023758,12.166771,45.04596,0.63903538,3.214847,11.78644,37.8916
0b_crop_best,file,18,baseline_crop,5646,097.Orchard_Oriole/Orchard_Oriole_0006_91724.jpg,97,96,097.Orchard_Oriole,30,29,identity,identity,0,{},0.20701341,0.20701341,0,0.81300873,0.81300873,0.042975534,0.042975534,0.77003319,0.77003319,0,1,1,29.665599,29.665599,False,1.0000001,True,True,True,1,1,29.665599,29.665599,1,1,29.173377,29.173377,1,1,5.3816225,5.3816225,1,1,8.8625674,8.8625674,1,1,13.764741,13.764741,1,1,14.672511,14.672511,1,1,13.502507,13.502507,1,1,13.618827,13.618827
0b_crop_best,file,18,baseline_crop,5646,097.Orchard_Oriole/Orchard_Oriole_0006_91724.jpg,97,96,097.Orchard_Oriole,30,29,random_resized_crop,random_resized_crop,0,"{""area_fraction"":0.850149,""aspect"":0.911927,""fallback"":false,""height"":0.965534,""left"":0.048761,""top"":0.002165,""width"":0.880497}",0.20701341,0.14850034,-0.058513075,0.81300873,0.86199969,0.042975534,0.014768849,0.77003319,0.84723084,0.07719765,0.80662441,0.76029462,29.665599,22.554595,False,0.96723032,True,True,True,0.80662441,0.76029462,29.665599,22.554595,0.80232951,0.76195343,29.173377,22.228755,0.94407059,0.70981941,5.3816225,3.8199801,0.82805925,0.69524973,8.8625674,6.1616976,0.81163051,0.76205631,13.764741,10.489508,0.81110261,0.74838047,14.672511,10.98062,0.76267489,0.78163657,13.502507,10.554054,0.81457235,0.78454111,13.618827,10.684529
0b_crop_best,file,18,baseline_crop,2734,048.European_Goldfinch/European_Goldfinch_0014_794672.jpg,48,47,048.European_Goldfinch,47,46,identity,identity,0,{},0.0016337393,0.0016337393,0,0.99836761,0.99836761,0.00058976555,0.00058976555,0.99777784,0.99777784,0,1,1,0.20590323,0.20590323,False,1,True,True,True,1,1,0.20590323,0.20590323,1,1,0.1993317,0.1993317,1,1,0.051604372,0.051604372,1,1,0.027843362,0.027843362,1,1,0.063662216,0.063662216,1,1,0.083929263,0.083929263,1,1,0.09700877,0.09700877,1,1,0.13583142,0.13583142
0b_crop_best,file,18,baseline_crop,2734,048.European_Goldfinch/European_Goldfinch_0014_794672.jpg,48,47,048.European_Goldfinch,47,46,random_resized_crop,random_resized_crop,0,"{""area_fraction"":0.761399,""aspect"":1.031298,""fallback"":false,""height"":0.859239,""left"":0.001067,""top"":0.070402,""width"":0.886131}",0.0016337393,0.00090045907,-0.00073328026,0.99836761,0.99909997,0.00058976555,0.00046235023,0.99777784,0.99863762,0.00085977759,0.71499953,0.66681911,0.20590323,0.13730021,False,0.98453814,True,True,True,0.71499953,0.66681911,0.20590323,0.13730021,0.69806975,0.66784222,0.1993317,0.13312213,0.97419816,0.65136311,0.051604372,0.033613184,0.53445573,0.78417528,0.027843362,0.021834077,0.62797607,0.80093013,0.063662216,0.050988987,0.63324793,0.78002511,0.083929263,0.065466932,0.64795111,0.66849572,0.09700877,0.064849948,0.80754531,0.57751002,0.13583142,0.078444006
0b_crop_best,file,18,baseline_crop,3949,068.Ruby_throated_Hummingbird/Ruby_Throated_Hummingbird_0055_57781.jpg,68,67,068.Ruby_throated_Hummingbird,69,68,identity,identity,0,{},0.033639085,0.033639085,0,0.96692044,0.96692044,0.019152027,0.019152027,0.94776841,0.94776841,0,1,1,5.1217446,5.1217446,False,1.0000001,True,True,True,1,1,5.1217446,5.1217446,1,1,4.9718587,4.9718587,1,1,1.2299952,1.2299952,1,1,1.0870967,1.0870967,1,1,2.0978505,2.0978505,1,1,2.7581936,2.7581936,1,1,2.3776915,2.3776915,1,1,2.4239584,2.4239584
0b_crop_best,file,18,baseline_crop,3949,068.Ruby_throated_Hummingbird/Ruby_Throated_Hummingbird_0055_57781.jpg,68,67,068.Ruby_throated_Hummingbird,69,68,random_resized_crop,random_resized_crop,0,"{""area_fraction"":0.503449,""aspect"":0.90861,""fallback"":false,""height"":0.74437,""left"":0.103326,""top"":0.056495,""width"":0.676342}",0.033639085,0.11327781,0.079638723,0.96692044,0.89290255,0.019152027,0.021110687,0.94776841,0.87179187,-0.075976543,0.62737381,3.5665851,5.1217446,18.267138,False,0.95124328,True,True,True,0.62737381,3.5665851,5.1217446,18.267138,0.61507598,3.594383,4.9718587,17.870765,0.86930693,3.0770202,1.2299952,3.7847201,0.4848566,4.4131954,1.0870967,4.7975701,0.66196122,4.1485518,2.0978505,8.7030414,0.60832071,3.3984975,2.7581936,9.3737142,0.58411325,3.4423578,2.3776915,8.1848649,0.65838343,3.3451053,2.4239584,8.1083961
0b_crop_best,file,18,baseline_crop,8324,142.Black_Tern/Black_Tern_0082_144372.jpg,142,141,142.Black_Tern,30,29,identity,identity,0,{},0.45525026,0.45525026,0,0.63428921,0.63428921,0.1259449,0.1259449,0.50834431,0.50834431,0,1,1,61.311207,61.311207,False,1,True,True,True,1,1,61.311207,61.311207,1,1,60.258597,60.258597,1,1,11.312187,11.312187,1,1,24.632384,24.632384,1,1,28.001125,28.001125,1,1,29.400742,29.400742,1,1,26.104897,26.104897,1,1,26.351696,26.351696
0b_crop_best,file,18,baseline_crop,8324,142.Black_Tern/Black_Tern_0082_144372.jpg,142,141,142.Black_Tern,30,29,random_resized_crop,random_resized_crop,0,"{""area_fraction"":0.712307,""aspect"":0.921615,""fallback"":false,""height"":0.879142,""left"":0.153929,""top"":0.079526,""width"":0.81023}",0.45525026,1.017807,0.56255674,0.63428921,0.3613866,0.1259449,0.03703215,0.50834431,0.32435445,-0.18398986,0.75093219,1.81294,61.311207,111.15354,False,0.9431684,True,True,True,0.75093219,1.81294,61.311207,111.15354,0.74620194,1.813568,60.258597,109.28306,0.88658044,1.7950287,11.312187,20.3057,0.92149384,1.8334462,24.632384,45.16215,0.77230722,1.9120293,28.001125,53.538971,0.67481083,1.8459674,29.400742,54.272812,0.67023794,1.7303342,26.104897,45.170196,0.7239219,1.71854,26.351696,45.286444
0b_crop_best,file,18,baseline_crop,8209,140.Summer_Tanager/Summer_Tanager_0058_139427.jpg,140,139,140.Summer_Tanager,139,138,identity,identity,0,{},0.0020460403,0.0020460403,0,0.99795604,0.99795604,0.0008364605,0.0008364605,0.99711958,0.99711958,0,1,1,0.22552303,0.22552303,False,0.99999994,True,True,True,1,1,0.22552303,0.22552303,1,1,0.21788127,0.21788127,1,1,0.058209874,0.058209874,1,1,0.036651163,0.036651163,1,1,0.068410573,0.068410573,1,1,0.085413721,0.085413721,1,1,0.10640762,0.10640762,1,1,0.1510988,0.1510988
0b_crop_best,file,18,baseline_crop,8209,140.Summer_Tanager/Summer_Tanager_0058_139427.jpg,140,139,140.Summer_Tanager,139,138,random_resized_crop,random_resized_crop,0,"{""area_fraction"":0.745387,""aspect"":1.278505,""fallback"":false,""height"":0.763554,""left"":0.005137,""top"":0.012431,""width"":0.976207}",0.0020460403,0.0010022861,-0.0010437542,0.99795604,0.99899822,0.0008364605,0.00035915143,0.99711958,0.99863907,0.0015194963,0.74566982,0.52241794,0.22552303,0.11781728,False,0.98354447,True,True,True,0.74566982,0.52241794,0.22552303,0.11781728,0.72850392,0.52087617,0.21788127,0.11348916,0.97676329,0.54355887,0.058209874,0.031640493,0.41057205,0.7657186,0.036651163,0.028064478,0.61431399,0.63655026,0.068410573,0.043546768,0.56204245,0.52240919,0.085413721,0.044620913,0.69348852,0.47588482,0.10640762,0.050637769,0.87086211,0.49705372,0.1510988,0.075104222
0b_crop_best,file,18,baseline_crop,11708,199.Winter_Wren/Winter_Wren_0051_189990.jpg,199,198,199.Winter_Wren,22,21,identity,identity,0,{},2.3253076,2.3253076,0,0.097753376,0.097753376,0.33923739,0.33923739,-0.24148402,-0.24148402,0,1,1,132.58535,132.58535,False,0.99999994,True,False,False,1,1,132.58535,132.58535,1,1,128.7512,128.7512,1,1,31.65445,31.65445,1,1,27.1776,27.1776,1,1,53.312918,53.312918,1,1,68.123182,68.123182,1,1,61.229392,61.229392,1,1,67.868818,67.868818
0b_crop_best,file,18,baseline_crop,11708,199.Winter_Wren/Winter_Wren_0051_189990.jpg,199,198,199.Winter_Wren,22,21,random_resized_crop,random_resized_crop,0,"{""area_fraction"":0.870972,""aspect"":0.871993,""fallback"":false,""height"":0.999414,""left"":0.02819,""top"":0.000371,""width"":0.871483}",2.3253076,3.0282731,0.7029655,0.097753376,0.048399154,0.33923739,0.091104403,-0.24148402,-0.042705249,0.19877877,0.6402989,1.225923,132.58535,162.53943,False,0.97602534,False,False,False,0.6402989,1.225923,132.58535,162.53943,0.62691398,1.2381869,128.7512,159.41806,0.92786233,1.0014691,31.65445,31.700953,0.56129184,1.5381499,27.1776,41.803222,0.52169309,1.2661157,53.312918,67.500324,0.62917355,1.3120248,68.123182,89.379305,0.59897336,1.2139303,61.229392,74.328214,0.74754206,1.1023163,67.868818,74.812904
0b_crop_best,file,18,baseline_crop,515,010.Red_winged_Blackbird/Red_Winged_Blackbird_0046_4242.jpg,10,9,010.Red_winged_Blackbird,5,4,identity,identity,0,{},0.0064651142,0.0064651142,0,0.99355572,0.99355572,0.0023760733,0.0023760733,0.99117965,0.99117965,0,1,1,0.93790428,0.93790428,False,1.0000001,True,True,True,1,1,0.93790428,0.93790428,1,1,0.91752435,0.91752435,1,1,0.19445697,0.19445697,1,1,0.20772015,0.20772015,1,1,0.39670016,0.39670016,1,1,0.45253082,0.45253082,1,1,0.43051597,0.43051597,1,1,0.50120266,0.50120266
0b_crop_best,file,18,baseline_crop,515,010.Red_winged_Blackbird/Red_Winged_Blackbird_0046_4242.jpg,10,9,010.Red_winged_Blackbird,5,4,random_resized_crop,random_resized_crop,0,"{""area_fraction"":0.848832,""aspect"":0.882818,""fallback"":false,""height"":0.980563,""left"":0.089876,""top"":0.010859,""width"":0.865658}",0.0064651142,0.0031475311,-0.0033175831,0.99355572,0.9968574,0.0023760733,0.00036891832,0.99117965,0.99648849,0.005308835,0.68929778,0.41857697,0.93790428,0.39258513,False,0.9820708,True,True,True,0.68929778,0.41857697,0.93790428,0.39258513,0.67619148,0.41500513,0.91752435,0.38077731,0.94508025,0.49142008,0.19445697,0.095560058,0.45460364,0.34016215,0.20772015,0.070658531,0.63295868,0.3358098,0.39670016,0.1332158,0.66292772,0.37735551,0.45253082,0.170765,0.61229594,0.42996094,0.43051597,0.18510505,0.79051151,0.48392453,0.50120266,0.24254426
0b_crop_best,file,18,baseline_crop,3542,061.Heermann_Gull/Heermann_Gull_0079_45468.jpg,61,60,061.Heermann_Gull,60,59,identity,identity,0,{},0.02725202,0.02725202,0,0.97311598,0.97311598,0.0082000829,0.0082000829,0.9649159,0.9649159,0,1,1,3.8178438,3.8178438,False,0.99999988,True,True,True,1,1,3.8178438,3.8178438,1,1,3.7003592,3.7003592,1,1,0.93982584,0.93982584,1,1,0.77303593,0.77303593,1,1,1.6216876,1.6216876,1,1,1.711935,1.711935,1,1,1.7580705,1.7580705,1,1,2.1080015,2.1080015
0b_crop_best,file,18,baseline_crop,3542,061.Heermann_Gull/Heermann_Gull_0079_45468.jpg,61,60,061.Heermann_Gull,60,59,random_resized_crop,random_resized_crop,0,"{""area_fraction"":0.815719,""aspect"":1.156602,""fallback"":false,""height"":0.839805,""left"":0.00972,""top"":0.061139,""width"":0.97132}",0.02725202,0.050897673,0.023645652,0.97311598,0.95037591,0.0082000829,0.0026363414,0.9649159,0.94773957,-0.017176325,0.69847013,1.8200216,3.8178438,6.9485581,False,0.96272862,True,True,True,0.69847013,1.8200216,3.8178438,6.9485581,0.684027,1.8224025,3.7003592,6.7435438,0.92751527,1.7827061,0.93982584,1.6754332,0.052313256,1.74379,0.77303593,1.3480123,0.72055876,1.7363907,1.6216876,2.8158832,0.672385,1.9676401,1.711935,3.3684718,0.69092815,1.8569641,1.7580705,3.2646738,0.75306569,1.7574177,2.1080015,3.704639
0b_crop_best,file,18,baseline_crop,11652,198.Rock_Wren/Rock_Wren_0063_189121.jpg,198,197,198.Rock_Wren,196,195,identity,identity,0,{},0.012934241,0.012934241,0,0.98714906,0.98714906,0.0029078783,0.0029078783,0.98424118,0.98424118,0,1,1,2.4780845,2.4780845,False,0.99999988,True,True,True,1,1,2.4780845,2.4780845,1,1,2.4400071,2.4400071,1,1,0.43274474,0.43274474,1,1,0.62262082,0.62262082,1,1,1.2053828,1.2053828,1,1,1.4512268,1.4512268,1,1,1.0663236,1.0663236,1,1,0.93269786,0.93269786
0b_crop_best,file,18,baseline_crop,11652,198.Rock_Wren/Rock_Wren_0063_189121.jpg,198,197,198.Rock_Wren,196,195,random_resized_crop,random_resized_crop,0,"{""area_fraction"":0.604187,""aspect"":0.757093,""fallback"":false,""height"":0.893328,""left"":0.29539,""top"":0.080307,""width"":0.676332}",0.012934241,0.13365087,0.12071663,0.98714906,0.87489545,0.0029078783,0.016040044,0.98424118,0.85885541,-0.12538577,0.74052216,11.427786,2.4780845,28.319019,False,0.94927049,True,True,True,0.74052216,11.427786,2.4780845,28.319019,0.73711827,11.497962,2.4400071,28.055109,0.90367391,8.9132355,0.43274474,3.8571557,0.8170058,11.577457,0.62262082,7.2083655,0.77351749,12.969765,1.2053828,15.633532,0.72059666,11.006586,1.4512268,15.973053,0.70868416,11.139355,1.0663236,11.878157,0.72089237,10.422147,0.93269786,9.7207145
0b_crop_best,file,18,baseline_crop,4289,074.Florida_Jay/Florida_Jay_0092_64924.jpg,74,73,074.Florida_Jay,72,71,identity,identity,0,{},5.398572,5.398572,0,0.0045230365,0.0045230365,0.30039486,0.30039486,-0.29587183,-0.29587183,0,1,1,200.54515,200.54515,False,1,True,False,False,1,1,200.54515,200.54515,1,1,198.42314,198.42314,1,1,29.096647,29.096647,1,1,52.872311,52.872311,1,1,119.46555,119.46555,1,1,99.433034,99.433034,1,1,80.351577,80.351577,1,1,77.207132,77.207132
0b_crop_best,file,18,baseline_crop,4289,074.Florida_Jay/Florida_Jay_0092_64924.jpg,74,73,074.Florida_Jay,72,71,random_resized_crop,random_resized_crop,0,"{""area_fraction"":0.730329,""aspect"":1.30093,""fallback"":false,""height"":0.749259,""left"":0.018677,""top"":0.169334,""width"":0.974734}",5.398572,3.7399426,-1.6586294,0.0045230365,0.023755465,0.30039486,0.14589055,-0.29587183,-0.12213508,0.17373674,0.78405682,1.0423493,200.54515,209.0381,False,0.95266896,False,False,False,0.78405682,1.0423493,200.54515,209.0381,0.78149736,1.0453925,198.42314,207.43007,0.93403652,0.88939624,29.096647,25.878448,0.74009977,1.0389817,52.872311,54.933363,0.84494772,1.1000036,119.46555,131.41253,0.75867731,1.0474285,99.433034,104.14899,0.71177766,1.0037306,80.351577,80.651337,0.7554455,0.95078593,77.207132,73.407455
0b_crop_best,file,18,baseline_crop,4332,075.Green_Jay/Green_Jay_0075_65701.jpg,75,74,075.Green_Jay,16,15,identity,identity,0,{},0.014537721,0.014537721,0,0.98556745,0.98556745,0.0046111434,0.0046111434,0.98095631,0.98095631,0,1,1,2.8333821,2.8333821,False,1,True,True,True,1,1,2.8333821,2.8333821,1,1,2.7977961,2.7977961,1,1,0.44765052,0.44765052,1,1,0.67543605,0.67543605,1,1,1.1643269,1.1643269,1,1,1.673395,1.673395,1,1,1.3148028,1.3148028,1,1,1.2193583,1.2193583
0b_crop_best,file,18,baseline_crop,4332,075.Green_Jay/Green_Jay_0075_65701.jpg,75,74,075.Green_Jay,16,15,random_resized_crop,random_resized_crop,0,"{""area_fraction"":0.875714,""aspect"":0.963583,""fallback"":false,""height"":0.953315,""left"":0.060685,""top"":0.031301,""width"":0.918599}",0.014537721,0.040552296,0.026014575,0.98556745,0.96025896,0.0046111434,0.0028994693,0.98095631,0.95735949,-0.023596816,0.74543275,2.996314,2.8333821,8.4897025,False,0.97040343,True,True,True,0.74543275,2.996314,2.8333821,8.4897025,0.74192605,3.0099862,2.7977961,8.4213278,0.93573622,2.4021144,0.44765052,1.0753078,0.43735578,3.18668,0.67543605,2.1523986,0.7240371,3.5792934,1.1643269,4.1674677,0.79238717,3.0223365,1.673395,5.0575628,0.72873938,2.8261145,1.3148028,3.7157833,0.81416944,2.5320046,1.2193583,3.0874209
0b_crop_best,file,18,baseline_crop,4183,072.Pomarine_Jaeger/Pomarine_Jaeger_0039_61348.jpg,72,71,072.Pomarine_Jaeger,8,7,identity,identity,0,{},0.033809435,0.033809435,0,0.96675569,0.96675569,0.0069620176,0.0069620176,0.95979367,0.95979367,0,1,1,6.6825819,6.6825819,False,1,True,True,True,1,1,6.6825819,6.6825819,1,1,6.5964203,6.5964203,1,1,1.0696444,1.0696444,1,1,1.5908091,1.5908091,1,1,2.7500532,2.7500532,1,1,3.6151606,3.6151606,1,1,3.180653,3.180653,1,1,3.1989616,3.1989616
0b_crop_best,file,18,baseline_crop,4183,072.Pomarine_Jaeger/Pomarine_Jaeger_0039_61348.jpg,72,71,072.Pomarine_Jaeger,8,7,random_resized_crop,random_resized_crop,0,"{""area_fraction"":0.521982,""aspect"":1.01696,""fallback"":false,""height"":0.716433,""left"":0.033465,""top"":0.092924,""width"":0.728584}",0.033809435,0.10018782,0.066378381,0.96675569,0.9046675,0.0069620176,0.0028776797,0.95979367,0.90178982,-0.058003854,0.58139583,2.8382021,6.6825819,18.966518,False,0.91307855,True,True,True,0.58139583,2.8382021,6.6825819,18.966518,0.57341999,2.8260147,6.5964203,18.641581,0.84965975,3.2681398,1.0696444,3.4957473,0.71936668,3.1689153,1.5908091,5.0411392,0.60659821,3.1062813,2.7500532,8.5424386,0.52869752,2.7116482,3.6151606,9.803044,0.50633712,2.7208242,3.180653,8.6539977,0.630176,2.7631359,3.1989616,8.8391657
0b_crop_best,file,18,baseline_crop,5357,092.Nighthawk/Nighthawk_0034_82578.jpg,92,91,092.Nighthawk,105,104,identity,identity,0,{},6.4283466,6.4283466,0,0.0016151194,0.0016151194,0.99834788,0.99834788,-0.99673276,-0.99673276,0,1,1,220.10035,220.10035,False,1.0000001,True,False,False,1,1,220.10035,220.10035,1,1,212.98783,212.98783,1,1,55.500873,55.500873,1,1,28.928684,28.928684,1,1,82.240736,82.240736,1,1,115.91405,115.91405,1,1,108.05628,108.05628,1,1,112.47747,112.47747
0b_crop_best,file,18,baseline_crop,5357,092.Nighthawk/Nighthawk_0034_82578.jpg,92,91,092.Nighthawk,105,104,random_resized_crop,random_resized_crop,0,"{""area_fraction"":0.677633,""aspect"":1.295466,""fallback"":false,""height"":0.723243,""left"":0.035229,""top"":0.079053,""width"":0.936937}",6.4283466,7.9376087,1.5092621,0.0016151194,0.00035705933,0.99834788,0.99956816,-0.99673276,-0.99921111,-0.002478346,0.75994974,1.1449482,220.10035,252.00349,False,0.97079611,True,False,False,0.75994974,1.1449482,220.10035,252.00349,0.74835529,1.1552658,212.98783,246.05756,0.9708153,0.9805088,55.500873,54.419094,0.53402753,1.1702356,28.928684,33.853377,0.66485139,1.0592448,82.240736,87.113069,0.72839519,1.1574031,115.91405,134.15928,0.74540471,1.1910458,108.05628,128.69998,0.82859865,1.1675987,112.47747,131.32855
0b_crop_best,file,18,baseline_crop,10491,179.Tennessee_Warbler/Tennessee_Warbler_0084_174891.jpg,179,178,179.Tennessee_Warbler,153,152,identity,identity,0,{},1.009436,1.009436,0,0.36442447,0.36442447,0.27141044,0.27141044,0.093014032,0.093014032,0,1,1,149.31339,149.31339,False,0.99999994,True,True,True,1,1,149.31339,149.31339,1,1,148.32584,148.32584,1,1,17.144477,17.144477,1,1,36.461586,36.461586,1,1,76.590434,76.590434,1,1,86.666513,86.666513,1,1,68.408944,68.408944,1,1,51.128711,51.128711
0b_crop_best,file,18,baseline_crop,10491,179.Tennessee_Warbler/Tennessee_Warbler_0084_174891.jpg,179,178,179.Tennessee_Warbler,153,152,random_resized_crop,random_resized_crop,0,"{""area_fraction"":0.680658,""aspect"":1.256012,""fallback"":false,""height"":0.736152,""left"":0.036356,""top"":0.229526,""width"":0.924616}",1.009436,3.6443059,2.6348699,0.36442447,0.026139542,0.27141044,0.47479194,0.093014032,-0.4486524,-0.54166643,0.72778855,1.2619108,149.31339,188.42017,False,0.9130857,False,True,False,0.72778855,1.2619108,149.31339,188.42017,0.7256194,1.2561118,148.32584,186.31383,0.87766751,1.6387084,17.144477,28.094799,0.78629054,1.3473461,36.461586,49.126376,0.73382991,1.2752567,76.590434,97.672467,0.72223406,1.1658266,86.666513,101.03813,0.7047006,1.2896608,68.408944,88.224335,0.73002107,1.3504273,51.128711,69.045607
0b_crop_best,file,18,baseline_crop,1357,025.Pelagic_Cormorant/Pelagic_Cormorant_0017_23875.jpg,25,24,025.Pelagic_Cormorant,44,43,identity,identity,0,{},0.74733889,0.74733889,0,0.47362524,0.47362524,0.14788027,0.14788027,0.32574497,0.32574497,0,1,1,93.145226,93.145226,False,0.99999994,True,True,True,1,1,93.145226,93.145226,1,1,91.621229,91.621229,1,1,16.780452,16.780452,1,1,25.134962,25.134962,1,1,39.390748,39.390748,1,1,44.759153,44.759153,1,1,43.818219,43.818219,1,1,47.829218,47.829218
0b_crop_best,file,18,baseline_crop,1357,025.Pelagic_Cormorant/Pelagic_Cormorant_0017_23875.jpg,25,24,025.Pelagic_Cormorant,44,43,random_resized_crop,random_resized_crop,0,"{""area_fraction"":0.872877,""aspect"":1.031603,""fallback"":false,""height"":0.919857,""left"":0.015918,""top"":0.016395,""width"":0.948927}",0.74733889,1.0357234,0.28838456,0.47362524,0.3549695,0.14788027,0.20082928,0.32574497,0.15414022,-0.17160475,0.85517338,1.2974856,93.145226,120.85459,False,0.983109,True,True,True,0.85517338,1.2974856,93.145226,120.85459,0.85134087,1.3001017,91.621229,119.11691,0.97905003,1.2169151,16.780452,20.420384,0.8860937,1.6919706,25.134962,42.527616,0.79688169,1.1690266,39.390748,46.048832,0.8672547,1.351627,44.759153,60.497678,0.836623,1.3123101,43.818219,57.503091,0.88977372,1.1998139,47.829218,57.386159
0b_crop_best,file,18,baseline_crop,9675,165.Chestnut_sided_Warbler/Chestnut_Sided_Warbler_0069_163921.jpg,165,164,165.Chestnut_sided_Warbler,156,155,identity,identity,0,{},0.12451225,0.12451225,0,0.88292742,0.88292742,0.032126933,0.032126933,0.85080048,0.85080048,0,1,1,17.031968,17.031968,False,1.0000001,True,True,True,1,1,17.031968,17.031968,1,1,16.550796,16.550796,1,1,4.0198375,4.0198375,1,1,2.7528574,2.7528574,1,1,6.3444437,6.3444437,1,1,9.2729472,9.2729472,1,1,8.132771,8.132771,1,1,8.6005318,8.6005318
0b_crop_best,file,18,baseline_crop,9675,165.Chestnut_sided_Warbler/Chestnut_Sided_Warbler_0069_163921.jpg,165,164,165.Chestnut_sided_Warbler,156,155,random_resized_crop,random_resized_crop,0,"{""area_fraction"":0.837367,""aspect"":0.872588,""fallback"":false,""height"":0.97961,""left"":0.134008,""top"":0.020365,""width"":0.854796}",0.12451225,0.036125045,-0.088387202,0.88292742,0.96451968,0.032126933,0.0049993568,0.85080048,0.95952032,0.10871984,0.7333961,0.41354712,17.031968,7.0435214,False,0.97146636,True,True,True,0.7333961,0.41354712,17.031968,7.0435214,0.72488306,0.41633413,16.550796,6.8906612,0.90543143,0.36306081,4.0198375,1.4594455,0.59180599,0.47899003,2.7528574,1.3185912,0.60565213,0.47559661,6.3444437,3.0173959,0.75057488,0.41357699,9.2729472,3.8350776,0.74234682,0.42447518,8.132771,3.4521594,0.78609757,0.36791601,8.6005318,3.1642734
0b_crop_best,file,18,baseline_crop,570,011.Rusty_Blackbird/Rusty_Blackbird_0114_6760.jpg,11,10,011.Rusty_Blackbird,9,8,identity,identity,0,{},1.5066655,1.5066655,0,0.22164783,0.22164783,0.63720638,0.63720638,-0.41555855,-0.41555855,0,1,1,179.5596,179.5596,False,1.0000001,True,False,False,1,1,179.5596,179.5596,1,1,176.59238,176.59238,1,1,32.508153,32.508153,1,1,41.062202,41.062202,1,1,103.30938,103.30938,1,1,87.615384,87.615384,1,1,78.528436,78.528436,1,1,70.588699,70.588699
0b_crop_best,file,18,baseline_crop,570,011.Rusty_Blackbird/Rusty_Blackbird_0114_6760.jpg,11,10,011.Rusty_Blackbird,9,8,random_resized_crop,random_resized_crop,0,"{""area_fraction"":0.650055,""aspect"":1.250525,""fallback"":false,""height"":0.720989,""left"":0.065246,""top"":0.049766,""width"":0.901615}",1.5066655,4.2929254,2.7862599,0.22164783,0.013664891,0.63720638,0.88228101,-0.41555855,-0.86861611,-0.45305757,0.77210177,1.4584971,179.5596,261.88715,False,0.92963129,True,False,False,0.77210177,1.4584971,179.5596,261.88715,0.76700487,1.4596472,176.59238,257.76258,0.92648474,1.424139,32.508153,46.296128,0.74158312,1.1255356,41.062202,46.216971,0.82166237,1.344502,103.30938,138.89967,0.75582642,1.7037439,87.615384,149.27418,0.75910646,1.4285459,78.528436,112.18147,0.72333095,1.426888,70.588699,100.72217
0b_crop_best,file,18,baseline_crop,862,016.Painted_Bunting/Painted_Bunting_0034_15207.jpg,16,15,016.Painted_Bunting,14,13,identity,identity,0,{},0.0050907275,0.0050907275,0,0.99492222,0.99492222,0.0028364041,0.0028364041,0.99208582,0.99208582,0,1,1,0.8565389,0.8565389,False,0.99999994,True,True,True,1,1,0.8565389,0.8565389,1,1,0.84149248,0.84149248,1,1,0.15984147,0.15984147,1,1,0.17896427,0.17896427,1,1,0.33736331,0.33736331,1,1,0.45415775,0.45415775,1,1,0.40387279,0.40387279,1,1,0.439198,0.439198
0b_crop_best,file,18,baseline_crop,862,016.Painted_Bunting/Painted_Bunting_0034_15207.jpg,16,15,016.Painted_Bunting,14,13,random_resized_crop,random_resized_crop,0,"{""area_fraction"":0.605371,""aspect"":1.028735,""fallback"":false,""height"":0.767113,""left"":0.023369,""top"":0.056961,""width"":0.789155}",0.0050907275,0.0025429551,-0.0025477724,0.99492222,0.99746025,0.0028364041,0.00098207605,0.99208582,0.99647817,0.0043923535,0.73437728,0.46333293,0.8565389,0.39686268,False,0.96970701,True,True,True,0.73437728,0.46333293,0.8565389,0.39686268,0.72587922,0.46199902,0.84149248,0.3887687,0.95457654,0.4988857,0.15984147,0.079742623,0.7077623,0.48475917,0.17896427,0.086754569,0.65820614,0.43422366,0.33736331,0.14649113,0.68839547,0.42283597,0.45415775,0.19203423,0.69885014,0.46044856,0.40387279,0.18596265,0.82340866,0.51265573,0.439198,0.22515737
0b_crop_best,file,18,baseline_crop,8466,145.Elegant_Tern/Elegant_Tern_0032_150488.jpg,145,144,145.Elegant_Tern,143,142,identity,identity,0,{},0.042707194,0.042707194,0,0.95819193,0.95819193,0.022980897,0.022980897,0.93521103,0.93521103,0,1,1,5.0639539,5.0639539,False,0.99999994,True,True,True,1,1,5.0639539,5.0639539,1,1,4.8823079,4.8823079,1,1,1.3441351,1.3441351,1,1,1.077314,1.077314,1,1,2.2170805,2.2170805,1,1,2.2520985,2.2520985,1,1,2.3134893,2.3134893,1,1,2.708634,2.708634
0b_crop_best,file,18,baseline_crop,8466,145.Elegant_Tern/Elegant_Tern_0032_150488.jpg,145,144,145.Elegant_Tern,143,142,random_resized_crop,random_resized_crop,0,"{""area_fraction"":0.513507,""aspect"":0.939065,""fallback"":false,""height"":0.739478,""left"":0.153667,""top"":0.187863,""width"":0.694418}",0.042707194,0.018348483,-0.02435871,0.95819193,0.9818188,0.022980897,0.0022622051,0.93521103,0.97955659,0.044345556,0.51717215,0.55118154,5.0639539,2.7911579,False,0.94982123,True,True,True,0.51717215,0.55118154,5.0639539,2.7911579,0.49568576,0.55773271,4.8823079,2.7230228,0.87378507,0.45601911,1.3441351,0.61295129,0.45203604,0.52055436,1.077314,0.56080052,0.33563999,0.56795353,2.2170805,1.2591987,0.46043245,0.56817244,2.2520985,1.2795803,0.52418594,0.58746808,2.3134893,1.3591011,0.62309095,0.52605244,2.708634,1.4248835
0b_crop_best,file,18,baseline_crop,2787,049.Boat_tailed_Grackle/Boat_Tailed_Grackle_0030_33615.jpg,49,48,049.Boat_tailed_Grackle,26,25,identity,identity,0,{},1.5309104,1.5309104,0,0.21633862,0.21633862,0.33310682,0.33310682,-0.1167682,-0.1167682,0,1,1,121.96286,121.96286,False,1,True,False,False,1,1,121.96286,121.96286,1,1,119.54756,119.54756,1,1,24.152038,24.152038,1,1,46.213992,46.213992,1,1,57.745158,57.745158,1,1,51.805127,51.805127,1,1,53.197438,53.197438,1,1,57.512119,57.512119
0b_crop_best,file,18,baseline_crop,2787,049.Boat_tailed_Grackle/Boat_Tailed_Grackle_0030_33615.jpg,49,48,049.Boat_tailed_Grackle,26,25,random_resized_crop,random_resized_crop,0,"{""area_fraction"":0.817665,""aspect"":1.164103,""fallback"":false,""height"":0.838093,""left"":0.013023,""top"":0.124974,""width"":0.975626}",1.5309104,2.2598238,0.72891343,0.21633862,0.10436888,0.33310682,0.59767032,-0.1167682,-0.49330144,-0.37653324,0.73359993,1.4142959,121.96286,172.49157,False,0.97541273,True,False,False,0.73359993,1.4142959,121.96286,172.49157,0.7253991,1.4188526,119.54756,169.62036,0.95610828,1.2976647,24.152038,31.341248,0.5959247,1.358927,46.213992,62.801443,0.68898516,1.3427416,57.745158,77.536826,0.69930151,1.5103298,51.805127,78.242828,0.76913693,1.4779833,53.197438,78.624927,0.82819117,1.4030509,57.512119,80.692428
0b_crop_best,file,18,baseline_crop,2661,047.American_Goldfinch/American_Goldfinch_0053_32359.jpg,47,46,047.American_Goldfinch,180,179,identity,identity,0,{},0.011995088,0.011995088,0,0.98807657,0.98807657,0.0072540636,0.0072540636,0.9808225,0.9808225,0,1,1,2.1988537,2.1988537,False,0.99999988,True,True,True,1,1,2.1988537,2.1988537,1,1,2.1603195,2.1603195,1,1,0.4098505,0.4098505,1,1,0.63915767,0.63915767,1,1,0.94940705,0.94940705,1,1,1.1228757,1.1228757,1,1,1.0661738,1.0661738,1,1,0.97954463,0.97954463
0b_crop_best,file,18,baseline_crop,2661,047.American_Goldfinch/American_Goldfinch_0053_32359.jpg,47,46,047.American_Goldfinch,180,179,random_resized_crop,random_resized_crop,0,"{""area_fraction"":0.576205,""aspect"":0.817467,""fallback"":false,""height"":0.839563,""left"":0.304673,""top"":0.004961,""width"":0.686316}",0.011995088,2.9338775,2.9218824,0.98807657,0.053190388,0.0072540636,0.037107192,0.9808225,0.016083196,-0.96473931,0.35573666,68.422438,2.1988537,150.45093,False,0.82579935,False,True,False,0.35573666,68.422438,2.1988537,150.45093,0.34225876,67.441569,2.1603195,145.69534,0.64750749,91.565143,0.4098505,37.52802,0.2133964,46.386456,0.63915767,29.648259,0.4436113,59.408514,0.94940705,56.402862,0.35781623,71.61544,1.1228757,80.415236,0.27319263,62.799753,1.0661738,66.955451,0.36401121,80.495705,0.97954463,78.849136
0b_crop_best,file,18,baseline_crop,10932,186.Cedar_Waxwing/Cedar_Waxwing_0031_178929.jpg,186,185,186.Cedar_Waxwing,103,102,identity,identity,0,{},2.862421,2.862421,0,0.05713027,0.05713027,0.62811428,0.62811428,-0.57098401,-0.57098401,0,1,1,286.53455,286.53455,False,0.99999994,True,False,False,1,1,286.53455,286.53455,1,1,283.91674,283.91674,1,1,38.643684,38.643684,1,1,76.605863,76.605863,1,1,150.74094,150.74094,1,1,154.83164,154.83164,1,1,132.46532,132.46532,1,1,102.45743,102.45743
0b_crop_best,file,18,baseline_crop,10932,186.Cedar_Waxwing/Cedar_Waxwing_0031_178929.jpg,186,185,186.Cedar_Waxwing,103,102,random_resized_crop,random_resized_crop,0,"{""area_fraction"":0.575741,""aspect"":0.797099,""fallback"":false,""height"":0.84988,""left"":0.016217,""top"":0.09193,""width"":0.677438}",2.862421,3.6739573,0.81153631,0.05713027,0.025375845,0.62811428,0.25867206,-0.57098401,-0.23329621,0.3376878,0.74895524,0.87518535,286.53455,250.77084,False,0.95351404,False,False,False,0.74895524,0.87518535,286.53455,250.77084,0.74646074,0.87343975,283.91674,247.98416,0.8744931,0.96473565,38.643684,37.280939,0.68956239,0.65078354,76.605863,49.853835,0.82460064,0.89983748,150.74094,135.64235,0.74990437,0.91802058,154.83164,142.13863,0.69425057,0.81688356,132.46532,108.20874,0.69138766,0.91033331,102.45743,93.270414
0b_crop_best,file,18,baseline_crop,7598,130.Tree_Sparrow/Tree_Sparrow_0039_124140.jpg,130,129,130.Tree_Sparrow,56,55,identity,identity,0,{},1.5264801,1.5264801,0,0.21729921,0.21729921,0.37188622,0.37188622,-0.15458702,-0.15458702,0,1,1,133.67437,133.67437,False,1.0000001,True,False,False,1,1,133.67437,133.67437,1,1,131.65632,131.65632,1,1,23.139824,23.139824,1,1,29.488971,29.488971,1,1,55.142789,55.142789,1,1,78.779497,78.779497,1,1,60.528316,60.528316,1,1,59.608496,59.608496
0b_crop_best,file,18,baseline_crop,7598,130.Tree_Sparrow/Tree_Sparrow_0039_124140.jpg,130,129,130.Tree_Sparrow,56,55,random_resized_crop,random_resized_crop,0,"{""area_fraction"":0.583443,""aspect"":1.202625,""fallback"":false,""height"":0.696521,""left"":0.026281,""top"":0.178893,""width"":0.837653}",1.5264801,1.1067872,-0.41969287,0.21729921,0.33061945,0.37188622,0.26021668,-0.15458702,0.070402771,0.22498979,0.79783915,1.0198922,133.67437,136.33344,False,0.94095731,False,False,True,0.79783915,1.0198922,133.67437,136.33344,0.79444419,1.0230227,131.65632,134.68741,0.92606752,0.91276923,23.139824,21.121319,0.834758,1.1701003,29.488971,34.505055,0.78658137,0.98594134,55.142789,54.367556,0.838732,1.0258943,78.779497,80.819436,0.74157896,1.0358933,60.528316,62.700878,0.76941227,0.99688714,59.608496,59.422943
0b_crop_best,file,18,baseline_crop,5609,096.Hooded_Oriole/Hooded_Oriole_0079_89978.jpg,96,95,096.Hooded_Oriole,161,160,identity,identity,0,{},0.0070693367,0.0070693367,0,0.99295557,0.99295557,0.0010237535,0.0010237535,0.99193181,0.99193181,0,1,1,1.2757421,1.2757421,False,0.99999994,True,True,True,1,1,1.2757421,1.2757421,1,1,1.2580426,1.2580426,1,1,0.21177026,0.21177026,1,1,0.31987215,0.31987215,1,1,0.4475069,0.4475069,1,1,0.63353072,0.63353072,1,1,0.69043589,0.69043589,1,1,0.63405661,0.63405661
0b_crop_best,file,18,baseline_crop,5609,096.Hooded_Oriole/Hooded_Oriole_0079_89978.jpg,96,95,096.Hooded_Oriole,161,160,random_resized_crop,random_resized_crop,0,"{""area_fraction"":0.720612,""aspect"":1.062383,""fallback"":false,""height"":0.823588,""left"":0.016411,""top"":0.125471,""width"":0.874967}",0.0070693367,0.0036729986,-0.0033963381,0.99295557,0.99633372,0.0010237535,0.00013799978,0.99193181,0.99619572,0.0042639066,0.72894795,0.49015887,1.2757421,0.62531631,False,0.97696161,True,True,True,0.72894795,0.49015887,1.2757421,0.62531631,0.72249977,0.48775004,1.2580426,0.61361035,0.93245536,0.56867155,0.21177026,0.12042772,0.78126291,0.55413758,0.31987215,0.17725318,0.63024174,0.47045167,0.4475069,0.21053037,0.69840666,0.48240463,0.63353072,0.30561815,0.72199884,0.48263513,0.69043589,0.33322861,0.77604463,0.48950557,0.63405661,0.31037424
0b_crop_best,file,18,baseline_crop,7001,120.Fox_Sparrow/Fox_Sparrow_0113_114389.jpg,120,119,120.Fox_Sparrow,129,128,identity,identity,0,{},0.0022167414,0.0022167414,0,0.99778569,0.99778569,0.00040076268,0.00040076268,0.99738492,0.99738492,0,1,1,0.29253174,0.29253174,False,1,True,True,True,1,1,0.29253174,0.29253174,1,1,0.28489526,0.28489526,1,1,0.066404168,0.066404168,1,1,0.047132115,0.047132115,1,1,0.1162886,0.1162886,1,1,0.13161815,0.13161815,1,1,0.13335978,0.13335978,1,1,0.17410533,0.17410533
0b_crop_best,file,18,baseline_crop,7001,120.Fox_Sparrow/Fox_Sparrow_0113_114389.jpg,120,119,120.Fox_Sparrow,129,128,random_resized_crop,random_resized_crop,0,"{""area_fraction"":0.6966,""aspect"":1.090783,""fallback"":false,""height"":0.79914,""left"":0.031707,""top"":0.038585,""width"":0.871688}",0.0022167414,0.001905294,-0.00031144742,0.99778569,0.99809653,0.00040076268,0.00040434819,0.99738492,0.99769218,0.00030725272,0.73273308,0.97939022,0.29253174,0.28650273,False,0.97495353,True,True,True,0.73273308,0.97939022,0.29253174,0.28650273,0.72098997,0.98299129,0.28489526,0.28004956,0.96812362,0.91056583,0.066404168,0.060465366,0.5524608,1.2656301,0.047132115,0.059651824,0.63125014,1.0337364,0.1162886,0.12021176,0.70591319,1.0264656,0.13161815,0.13510151,0.68636441,0.98873014,0.13335978,0.13185683,0.82185695,0.90414432,0.17410533,0.15741634
0b_crop_best,file,18,baseline_crop,7653,131.Vesper_Sparrow/Vesper_Sparrow_0070_125555.jpg,131,130,131.Vesper_Sparrow,127,126,identity,identity,0,{},0.0067517008,0.0067517008,0,0.99327105,0.99327105,0.0049116164,0.0049116164,0.98835944,0.98835944,0,1,1,1.2267108,1.2267108,False,1,True,True,True,1,1,1.2267108,1.2267108,1,1,1.1968376,1.1968376,1,1,0.26907052,0.26907052,1,1,0.29509486,0.29509486,1,1,0.57631487,0.57631487,1,1,0.65847146,0.65847146,1,1,0.5419986,0.5419986,1,1,0.53465256,0.53465256
0b_crop_best,file,18,baseline_crop,7653,131.Vesper_Sparrow/Vesper_Sparrow_0070_125555.jpg,131,130,131.Vesper_Sparrow,127,126,random_resized_crop,random_resized_crop,0,"{""area_fraction"":0.74787,""aspect"":0.86262,""fallback"":false,""height"":0.931115,""left"":0.196211,""top"":0.0494,""width"":0.803198}",0.0067517008,0.0062237023,-0.00052799843,0.99327105,0.99379563,0.0049116164,0.0042497744,0.98835944,0.98954586,0.0011864225,0.75102466,0.91406368,1.2267108,1.1212917,False,0.97337246,True,True,True,0.75102466,0.91406368,1.2267108,1.1212917,0.73946559,0.91200031,1.1968376,1.0915163,0.97038246,0.95397033,0.26907052,0.25668529,0.72143733,0.86399609,0.29509486,0.25496081,0.67785551,0.89802816,0.57631487,0.51754698,0.75038235,0.93579756,0.65847146,0.61619599,0.73573662,0.91646816,0.5419986,0.49672446,0.80364056,0.90111491,0.53465256,0.48178339
0b_crop_best,file,18,baseline_crop,9715,166.Golden_winged_Warbler/Golden_Winged_Warbler_0083_794801.jpg,166,165,166.Golden_winged_Warbler,165,164,identity,identity,0,{},0.064738154,0.064738154,0,0.93731284,0.93731284,0.010938797,0.010938797,0.92637404,0.92637404,0,1,1,11.327107,11.327107,False,1,True,True,True,1,1,11.327107,11.327107,1,1,11.228207,11.228207,1,1,1.4935638,1.4935638,1,1,3.465608,3.465608,1,1,5.3172967,5.3172967,1,1,5.5532756,5.5532756,1,1,5.1612639,5.1612639,1,1,5.320811,5.320811
0b_crop_best,file,18,baseline_crop,9715,166.Golden_winged_Warbler/Golden_Winged_Warbler_0083_794801.jpg,166,165,166.Golden_winged_Warbler,165,164,random_resized_crop,random_resized_crop,0,"{""area_fraction"":0.52486,""aspect"":1.053218,""fallback"":false,""height"":0.705932,""left"":0.092062,""top"":0.256346,""width"":0.7435}",0.064738154,1.462284,1.3975458,0.93731284,0.23170646,0.010938797,0.0029574933,0.92637404,0.22874896,-0.69762508,0.64680104,16.878011,11.327107,191.17905,False,0.82394648,False,True,False,0.64680104,16.878011,11.327107,191.17905,0.64525629,16.87764,11.228207,189.50563,0.73399477,16.899021,1.4935638,25.239766,0.76933818,15.592363,3.465608,54.037019,0.73240696,18.919861,5.3172967,100.60251,0.66223547,17.239002,5.5532756,95.732931,0.57621068,16.891332,5.1612639,87.180621,0.54302457,14.686216,5.320811,78.142579
0b_crop_best,file,18,baseline_crop,7616,130.Tree_Sparrow/Tree_Sparrow_0046_125344.jpg,130,129,130.Tree_Sparrow,116,115,identity,identity,0,{},1.558061,1.558061,0,0.21054392,0.21054392,0.081309482,0.081309482,0.12923443,0.12923443,0,1,1,139.64794,139.64794,False,1,True,True,True,1,1,139.64794,139.64794,1,1,138.0212,138.0212,1,1,21.25315,21.25315,1,1,36.451902,36.451902,1,1,63.343703,63.343703,1,1,80.572753,80.572753,1,1,61.56351,61.56351,1,1,58.537612,58.537612
0b_crop_best,file,18,baseline_crop,7616,130.Tree_Sparrow/Tree_Sparrow_0046_125344.jpg,130,129,130.Tree_Sparrow,116,115,random_resized_crop,random_resized_crop,0,"{""area_fraction"":0.615323,""aspect"":1.062526,""fallback"":false,""height"":0.760995,""left"":0.013192,""top"":0.068071,""width"":0.808577}",1.558061,2.245553,0.68749201,0.21054392,0.10586898,0.081309482,0.11395703,0.12923443,-0.0080880523,-0.13732249,0.73787293,1.2467443,139.64794,174.10528,False,0.92295378,False,True,False,0.73787293,1.2467443,139.64794,174.10528,0.73365462,1.2452351,138.0212,171.86885,0.9080268,1.3088106,21.25315,27.816348,0.76403137,1.03786,36.451902,37.831971,0.75495996,1.2884729,63.343703,81.616647,0.76902728,1.2941504,80.572753,104.27326,0.66876642,1.2276452,61.56351,75.578145,0.70415904,1.1910925,58.537612,69.723708
0b_crop_best,file,18,baseline_crop,1905,034.Gray_crowned_Rosy_Finch/Gray_Crowned_Rosy_Finch_0056_797293.jpg,34,33,034.Gray_crowned_Rosy_Finch,97,96,identity,identity,0,{},0.0011418497,0.0011418497,0,0.99885881,0.99885881,0.00025623559,0.00025623559,0.99860257,0.99860257,0,1,1,0.20484435,0.20484435,False,1,True,True,True,1,1,0.20484435,0.20484435,1,1,0.2012299,0.2012299,1,1,0.038311015,0.038311015,1,1,0.047576229,0.047576229,1,1,0.094488867,0.094488867,1,1,0.099039128,0.099039128,1,1,0.085922262,0.085922262,1,1,0.11004747,0.11004747
0b_crop_best,file,18,baseline_crop,1905,034.Gray_crowned_Rosy_Finch/Gray_Crowned_Rosy_Finch_0056_797293.jpg,34,33,034.Gray_crowned_Rosy_Finch,97,96,random_resized_crop,random_resized_crop,0,"{""area_fraction"":0.714499,""aspect"":1.082821,""fallback"":false,""height"":0.812311,""left"":0.022904,""top"":0.005487,""width"":0.879588}",0.0011418497,0.00036113893,-0.00078071075,0.99885881,0.99963892,0.00025623559,3.6264264e-05,0.99860257,0.99960265,0.0010000769,0.80267634,0.34316044,0.20484435,0.070294478,False,0.97181326,True,True,True,0.80267634,0.34316044,0.20484435,0.070294478,0.79717893,0.34347628,0.2012299,0.0691177,0.95877718,0.33432903,0.038311015,0.012808484,0.86292277,0.40861196,0.047576229,0.019440216,0.80935951,0.37853464,0.094488867,0.035767309,0.75848093,0.32018473,0.099039128,0.031710817,0.72698707,0.31037871,0.085922262,0.026668441,0.85053983,0.34039864,0.11004747,0.03746001
0b_crop_best,file,18,baseline_crop,5621,096.Hooded_Oriole/Hooded_Oriole_0075_90788.jpg,96,95,096.Hooded_Oriole,97,96,identity,identity,0,{},0.17138124,0.17138124,0,0.84250033,0.84250033,0.076286308,0.076286308,0.76621402,0.76621402,0,1,1,30.381185,30.381185,False,0.99999988,True,True,True,1,1,30.381185,30.381185,1,1,29.997152,29.997152,1,1,4.8153215,4.8153215,1,1,6.6731835,6.6731835,1,1,14.351032,14.351032,1,1,14.953728,14.953728,1,1,15.530555,15.530555,1,1,13.58431,13.58431
0b_crop_best,file,18,baseline_crop,5621,096.Hooded_Oriole/Hooded_Oriole_0075_90788.jpg,96,95,096.Hooded_Oriole,97,96,random_resized_crop,random_resized_crop,0,"{""area_fraction"":0.540717,""aspect"":1.3012,""fallback"":false,""height"":0.644634,""left"":0.015665,""top"":0.13912,""width"":0.838798}",0.17138124,0.0075209327,-0.1638603,0.84250033,0.99250728,0.076286308,0.00075081992,0.76621402,0.99175646,0.22554244,0.59827582,0.037311439,30.381185,1.1335657,False,0.9495101,True,True,True,0.59827582,0.037311439,30.381185,1.1335657,0.59165064,0.036606553,29.997152,1.0980923,0.82319434,0.058430579,4.8153215,0.28136202,0.54230043,0.043770594,6.6731835,0.2920892,0.65076411,0.030650726,14.351032,0.43986956,0.53857157,0.033075849,14.953728,0.49460726,0.56581297,0.037378798,15.530555,0.58051345,0.65626228,0.043262011,13.58431,0.58768458
0b_gaussian_blur_best,file,18,baseline_gaussian_blur,3891,067.Anna_Hummingbird/Anna_Hummingbird_0118_55773.jpg,67,66,067.Anna_Hummingbird,69,68,identity,identity,0,{},4.7192898,4.7192898,0,0.0089215133,0.0089215133,0.94460434,0.94460434,-0.93568282,-0.93568282,0,1,1,220.2301,220.2301,False,0.99999988,True,False,False,1,1,220.2301,220.2301,1,1,215.70379,215.70379,1,1,44.420377,44.420377,1,1,41.581103,41.581103,1,1,97.426391,97.426391,1,1,119.09518,119.09518,1,1,99.298592,99.298592,1,1,106.129,106.129
0b_gaussian_blur_best,file,18,baseline_gaussian_blur,3891,067.Anna_Hummingbird/Anna_Hummingbird_0118_55773.jpg,67,66,067.Anna_Hummingbird,69,68,gaussian_blur,gaussian_blur,0,"{""sigma"":1.766447}",4.7192898,3.1914911,-1.5277987,0.0089215133,0.041110527,0.94460434,0.56619233,-0.93568282,-0.5250818,0.41060102,0.73740212,0.97310786,220.2301,214.30764,False,0.95139718,True,False,False,0.73740212,0.97310786,220.2301,214.30764,0.73291098,0.98247974,215.70379,211.92461,0.91802504,0.71747381,44.420377,31.870457,0.46143382,1.6283508,41.581103,67.708621,0.65290616,1.0383545,97.426391,101.16313,0.78920564,0.99846775,119.09518,118.91269,0.77157535,0.94889039,99.298592,94.22348,0.82599153,0.79257183,106.129,84.114859
0b_gaussian_blur_best,file,18,baseline_gaussian_blur,5405,093.Clark_Nutcracker/Clark_Nutcracker_0011_85698.jpg,93,92,093.Clark_Nutcracker,19,18,identity,identity,0,{},0.0062036808,0.0062036808,0,0.99381554,0.99381554,0.0032486136,0.0032486136,0.99056693,0.99056693,0,1,1,0.85045768,0.85045768,False,1,True,True,True,1,1,0.85045768,0.85045768,1,1,0.82583688,0.82583688,1,1,0.20315442,0.20315442,1,1,0.23049586,0.23049586,1,1,0.30595409,0.30595409,1,1,0.38913815,0.38913815,1,1,0.41499678,0.41499678,1,1,0.46002117,0.46002117
0b_gaussian_blur_best,file,18,baseline_gaussian_blur,5405,093.Clark_Nutcracker/Clark_Nutcracker_0011_85698.jpg,93,92,093.Clark_Nutcracker,19,18,gaussian_blur,gaussian_blur,0,"{""sigma"":1.805659}",0.0062036808,0.0037556607,-0.00244802,0.99381554,0.9962514,0.0032486136,0.0020398994,0.99056693,0.9942115,0.0036445772,0.77800777,0.68386749,0.85045768,0.58160036,False,0.97610533,True,True,True,0.77800777,0.68386749,0.85045768,0.58160036,0.76636247,0.68405179,0.82583688,0.56491519,0.97136709,0.6808147,0.20315442,0.13831052,0.58743707,0.78765937,0.23049586,0.18155222,0.58663132,0.78574064,0.30595409,0.24040056,0.76919946,0.68619201,0.38913815,0.26702349,0.8242816,0.64441256,0.41499678,0.26742914,0.87987256,0.63583806,0.46002117,0.29249897
0b_gaussian_blur_best,file,18,baseline_gaussian_blur,920,017.Cardinal/Cardinal_0079_19044.jpg,17,16,017.Cardinal,42,41,identity,identity,0,{},0.055251233,0.055251233,0,0.9462474,0.9462474,0.025370868,0.025370868,0.92087653,0.92087653,0,1,1,7.4933526,7.4933526,False,0.99999988,True,True,True,1,1,7.4933526,7.4933526,1,1,7.3565694,7.3565694,1,1,1.4252089,1.4252089,1,1,0.99885996,0.99885996,1,1,2.3446355,2.3446355,1,1,3.6511552,3.6511552,1,1,4.1504829,4.1504829,1,1,4.1311783,4.1311783
0b_gaussian_blur_best,file,18,baseline_gaussian_blur,920,017.Cardinal/Cardinal_0079_19044.jpg,17,16,017.Cardinal,42,41,gaussian_blur,gaussian_blur,0,"{""sigma"":1.298166}",0.055251233,0.01178022,-0.043471013,0.9462474,0.98828888,0.025370868,0.0040540034,0.92087653,0.98423488,0.063358345,0.86151373,0.21490492,7.4933526,1.6103584,False,0.98798442,True,True,True,0.86151373,0.21490492,7.4933526,1.6103584,0.85688642,0.21465102,7.3565694,1.5790951,0.98137288,0.22156271,1.4252089,0.31577314,0.78150097,0.30153789,0.99885996,0.30119413,0.66314372,0.23732257,2.3446355,0.55643493,0.84606473,0.20752879,3.6511552,0.75771983,0.89446244,0.21022786,4.1504829,0.87254714,0.91042439,0.21070853,4.1311783,0.8704745
0b_gaussian_blur_best,file,18,baseline_gaussian_blur,5043,087.Mallard/Mallard_0071_76940.jpg,87,86,087.Mallard,75,74,identity,identity,0,{},0.051398985,0.051398985,0,0.94989961,0.94989961,0.010739246,0.010739246,0.93916037,0.93916037,0,1,1,5.6840297,5.6840297,False,1,True,True,True,1,1,5.6840297,5.6840297,1,1,5.5629393,5.5629393,1,1,1.1670048,1.1670048,1,1,1.1658313,1.1658313,1,1,1.8750575,1.8750575,1,1,2.1772121,2.1772121,1,1,2.8296199,2.8296199,1,1,3.6502451,3.6502451
0b_gaussian_blur_best,file,18,baseline_gaussian_blur,5043,087.Mallard/Mallard_0071_76940.jpg,87,86,087.Mallard,75,74,gaussian_blur,gaussian_blur,0,"{""sigma"":1.518487}",0.051398985,0.04769893,-0.0037000552,0.94989961,0.95342082,0.010739246,0.018210273,0.93916037,0.93521054,-0.0039498229,0.83381308,1.0458604,5.6840297,5.9447018,False,0.98804057,True,True,True,0.83381308,1.0458604,5.6840297,5.9447018,0.82775483,1.0467624,5.5629393,5.8230755,0.97454961,1.0251523,1.1670048,1.1963576,0.75231411,1.3008458,1.1658313,1.5165668,0.69202164,1.1039708,1.8750575,2.0700087,0.7663453,1.1356475,2.1772121,2.4725455,0.8432317,1.0751651,2.8296199,3.0423086,0.9043279,0.94719145,3.6502451,3.457481
0b_gaussian_blur_best,file,18,baseline_gaussian_blur,11743,200.Common_Yellowthroat/Common_Yellowthroat_0106_190989.jpg,200,199,200.Common_Yellowthroat,168,167,identity,identity,0,{},0.037158869,0.037158869,0,0.96352303,0.96352303,0.02857825,0.02857825,0.93494478,0.93494478,0,1,1,6.8603316,6.8603316,False,0.99999988,True,True,True,1,1,6.8603316,6.8603316,1,1,6.7052554,6.7052554,1,1,1.4504138,1.4504138,1,1,1.4308463,1.4308463,1,1,2.5883052,2.5883052,1,1,3.6470364,3.6470364,1,1,3.5513735,3.5513735,1,1,3.2094668,3.2094668
0b_gaussian_blur_best,file,18,baseline_gaussian_blur,11743,200.Common_Yellowthroat/Common_Yellowthroat_0106_190989.jpg,200,199,200.Common_Yellowthroat,168,167,gaussian_blur,gaussian_blur,0,"{""sigma"":1.048772}",0.037158869,0.019715419,-0.01744345,0.96352303,0.98047763,0.02857825,0.015464243,0.93494478,0.96501339,0.030068607,0.89743085,0.51416866,6.8603316,3.5273675,False,0.99525869,True,True,True,0.89743085,0.51416866,6.8603316,3.5273675,0.89264179,0.51251276,6.7052554,3.436529,0.99504565,0.5483645,1.4504138,0.79535541,0.79329519,0.6228159,1.4308463,0.89115385,0.75528093,0.4845147,2.5883052,1.2540719,0.893518,0.47883402,3.6470364,1.7463251,0.93354735,0.5122637,3.5513735,1.8192397,0.95524688,0.54713663,3.2094668,1.7560169
0b_gaussian_blur_best,file,18,baseline_gaussian_blur,3563,062.Herring_Gull/Herring_Gull_0129_46708.jpg,62,61,062.Herring_Gull,65,64,identity,identity,0,{},1.838514,1.838514,0,0.15905361,0.15905361,0.49027121,0.49027121,-0.3312176,-0.3312176,0,1,1,133.47639,133.47639,False,0.99999994,True,False,False,1,1,133.47639,133.47639,1,1,131.10023,131.10023,1,1,25.073454,25.073454,1,1,28.905917,28.905917,1,1,54.816501,54.816501,1,1,66.44236,66.44236,1,1,67.361307,67.361307,1,1,66.292802,66.292802
0b_gaussian_blur_best,file,18,baseline_gaussian_blur,3563,062.Herring_Gull/Herring_Gull_0129_46708.jpg,62,61,062.Herring_Gull,65,64,gaussian_blur,gaussian_blur,0,"{""sigma"":1.745595}",1.838514,3.2563202,1.4178063,0.15905361,0.038529914,0.49027121,0.030079052,-0.3312176,0.008450862,0.33966846,0.645882,1.2618731,133.47639,168.43028,False,0.90741634,False,False,False,0.645882,1.2618731,133.47639,168.43028,0.64233861,1.2674335,131.10023,166.16082,0.76397201,1.0990154,25.073454,27.556112,0.68588526,1.9302442,28.905917,55.795478,0.52700025,1.1612551,54.816501,63.655939,0.61529103,1.2032976,66.44236,79.949935,0.69750241,1.2440312,67.361307,83.799565,0.69115884,1.2647553,66.292802,83.844173
0b_gaussian_blur_best,file,18,baseline_gaussian_blur,956,018.Spotted_Catbird/Spotted_Catbird_0016_796803.jpg,18,17,018.Spotted_Catbird,190,189,identity,identity,0,{},1.9057637,1.9057637,0,0.14870901,0.14870901,0.15280659,0.15280659,-0.0040975809,-0.0040975809,0,1,1,128.60135,128.60135,False,0.99999994,True,False,False,1,1,128.60135,128.60135,1,1,126.65499,126.65499,1,1,22.289494,22.289494,1,1,22.351559,22.351559,1,1,44.411061,44.411061,1,1,74.437716,74.437716,1,1,66.12207,66.12207,1,1,60.468586,60.468586
0b_gaussian_blur_best,file,18,baseline_gaussian_blur,956,018.Spotted_Catbird/Spotted_Catbird_0016_796803.jpg,18,17,018.Spotted_Catbird,190,189,gaussian_blur,gaussian_blur,0,"{""sigma"":1.133587}",1.9057637,2.0608673,0.15510356,0.14870901,0.12734346,0.15280659,0.078044675,-0.0040975809,0.049298786,0.053396367,0.86125843,1.087436,128.60135,139.84575,False,0.98186064,False,False,False,0.86125843,1.087436,128.60135,139.84575,0.85822416,1.0886138,126.65499,137.87837,0.96354196,1.0486981,22.289494,23.37495,0.7177718,1.0860949,22.351559,24.275914,0.7545287,1.1930417,44.411061,52.984246,0.86994753,1.1204391,74.437716,83.402924,0.88472112,1.0294243,66.12207,68.067666,0.89658416,1.0491275,60.468586,63.439253
0b_gaussian_blur_best,file,18,baseline_gaussian_blur,11179,190.Red_cockaded_Woodpecker/Red_Cockaded_Woodpecker_0060_182377.jpg,190,189,190.Red_cockaded_Woodpecker,192,191,identity,identity,0,{},0.38366511,0.38366511,0,0.68135959,0.68135959,0.28240329,0.28240329,0.3989563,0.3989563,0,1,1,83.484342,83.484342,False,1.0000001,True,True,True,1,1,83.484342,83.484342,1,1,82.880384,82.880384,1,1,10.023836,10.023836,1,1,13.815843,13.815843,1,1,43.823138,43.823138,1,1,48.994219,48.994219,1,1,36.374826,36.374826,1,1,32.159784,32.159784
0b_gaussian_blur_best,file,18,baseline_gaussian_blur,11179,190.Red_cockaded_Woodpecker/Red_Cockaded_Woodpecker_0060_182377.jpg,190,189,190.Red_cockaded_Woodpecker,192,191,gaussian_blur,gaussian_blur,0,"{""sigma"":1.811277}",0.38366511,0.07280951,-0.3108556,0.68135959,0.92977792,0.28240329,0.027542919,0.3989563,0.902235,0.5032787,0.72345798,0.1775876,83.484342,14.825784,False,0.96536589,True,True,True,0.72345798,0.1775876,83.484342,14.825784,0.72110492,0.17732378,82.880384,14.696663,0.87305027,0.19477841,10.023836,1.9524268,0.49373296,0.3115628,13.815843,4.3045026,0.65544261,0.16188497,43.823138,7.0943075,0.78045825,0.17888516,48.994219,8.7643388,0.7450447,0.17658677,36.374826,6.4233131,0.78450563,0.16762737,32.159784,5.3908599
0b_gaussian_blur_best,file,18,baseline_gaussian_blur,4184,072.Pomarine_Jaeger/Pomarine_Jaeger_0075_61349.jpg,72,71,072.Pomarine_Jaeger,71,70,identity,identity,0,{},0.0045703952,0.0045703952,0,0.99544001,0.99544001,0.00086564542,0.00086564542,0.99457436,0.99457436,0,1,1,0.71750953,0.71750953,False,1,True,True,True,1,1,0.71750953,0.71750953,1,1,0.70068854,0.70068854,1,1,0.15445225,0.15445225,1,1,0.2121501,0.2121501,1,1,0.30242726,0.30242726,1,1,0.3124749,0.3124749,1,1,0.35044156,0.35044156,1,1,0.36612112,0.36612112
0b_gaussian_blur_best,file,18,baseline_gaussian_blur,4184,072.Pomarine_Jaeger/Pomarine_Jaeger_0075_61349.jpg,72,71,072.Pomarine_Jaeger,71,70,gaussian_blur,gaussian_blur,0,"{""sigma"":1.239142}",0.0045703952,0.0019972632,-0.002573132,0.99544001,0.99800473,0.00086564542,0.00047259146,0.99457436,0.99753214,0.0029577822,0.80126454,0.48227693,0.71750953,0.3460383,False,0.98432159,True,True,True,0.80126454,0.48227693,0.71750953,0.3460383,0.79291413,0.48279889,0.70068854,0.33829165,0.97749368,0.4714064,0.15445225,0.072809778,0.72194127,0.69932644,0.2121501,0.14836217,0.71926855,0.48590981,0.30242726,0.14695237,0.80171783,0.45672556,0.3124749,0.14271527,0.82470298,0.44547596,0.35044156,0.15611329,0.88580373,0.44122624,0.36612112,0.16154225
0b_gaussian_blur_best,file,18,baseline_gaussian_blur,881,016.Painted_Bunting/Painted_Bunting_0086_16540.jpg,16,15,016.Painted_Bunting,170,169,identity,identity,0,{},0.052944493,0.052944493,0,0.94843268,0.94843268,0.01196157,0.01196157,0.93647111,0.93647111,0,1,1,7.157138,7.157138,False,0.99999988,True,True,True,1,1,7.157138,7.157138,1,1,7.0281645,7.0281645,1,1,1.3526005,1.3526005,1,1,1.4243342,1.4243342,1,1,3.171014,3.171014,1,1,3.4906431,3.4906431,1,1,3.3900098,3.3900098,1,1,3.6924629,3.6924629
0b_gaussian_blur_best,file,18,baseline_gaussian_blur,881,016.Painted_Bunting/Painted_Bunting_0086_16540.jpg,16,15,016.Painted_Bunting,170,169,gaussian_blur,gaussian_blur,0,"{""sigma"":1.336476}",0.052944493,0.11225747,0.059312973,0.94843268,0.89381409,0.01196157,0.038141124,0.93647111,0.85567296,-0.080798151,0.84357659,2.3795458,7.157138,17.030738,False,0.98970211,True,True,True,0.84357659,2.3795458,7.157138,17.030738,0.83931275,2.3895288,7.0281645,16.794001,0.98229106,2.0920894,1.3526005,2.8297611,0.78532834,3.0219054,1.4243342,4.3042031,0.76282543,2.4519171,3.171014,7.7750634,0.83635599,2.4106709,3.4906431,8.4147918,0.85892536,2.402405,3.3900098,8.1441767,0.90601482,2.1989069,3.6924629,8.119382
0b_gaussian_blur_best,file,18,baseline_gaussian_blur,2199,039.Least_Flycatcher/Least_Flycatcher_0049_30361.jpg,39,38,039.Least_Flycatcher,38,37,identity,identity,0,{},0.1997423,0.1997423,0,0.81894177,0.81894177,0.14062996,0.14062996,0.67831181,0.67831181,0,1,1,42.108026,42.108026,False,0.99999994,True,True,True,1,1,42.108026,42.108026,1,1,41.437803,41.437803,1,1,7.4829341,7.4829341,1,1,11.164806,11.164806,1,1,19.064592,19.064592,1,1,20.164268,20.164268,1,1,21.229184,21.229184,1,1,19.279627,19.279627
0b_gaussian_blur_best,file,18,baseline_gaussian_blur,2199,039.Least_Flycatcher/Least_Flycatcher_0049_30361.jpg,39,38,039.Least_Flycatcher,38,37,gaussian_blur,gaussian_blur,0,"{""sigma"":1.660073}",0.1997423,0.035133775,-0.16460853,0.81894177,0.96547627,0.14062996,0.016448759,0.67831181,0.94902752,0.27071571,0.66857068,0.22142128,42.108026,9.3236132,False,0.96022701,True,True,True,0.66857068,0.22142128,42.108026,9.3236132,0.66199781,0.22253731,41.437803,9.2214571,0.92427109,0.18393922,7.4829341,1.3764051,0.3581328,0.25217397,11.164806,2.8154734,0.59346538,0.27614946,19.064592,5.264677,0.68593813,0.2369407,20.164268,4.7777359,0.76085378,0.18358498,21.229184,3.8973593,0.81665502,0.17493813,19.279627,3.3727419
0b_gaussian_blur_best,file,18,baseline_gaussian_blur,4531,078.Gray_Kingbird/Gray_Kingbird_0037_70050.jpg,78,77,078.Gray_Kingbird,112,111,identity,identity,0,{},0.00063113321,0.00063113321,0,0.99936908,0.99936908,0.00034220051,0.00034220051,0.99902688,0.99902688,0,1,1,0.099676303,0.099676303,False,1,True,True,True,1,1,0.099676303,0.099676303,1,1,0.096398062,0.096398062,1,1,0.025353084,0.025353084,1,1,0.026623179,0.026623179,1,1,0.036982989,0.036982989,1,1,0.042594725,0.042594725,1,1,0.048171759,0.048171759,1,1,0.05550876,0.05550876
0b_gaussian_blur_best,file,18,baseline_gaussian_blur,4531,078.Gray_Kingbird/Gray_Kingbird_0037_70050.jpg,78,77,078.Gray_Kingbird,112,111,gaussian_blur,gaussian_blur,0,"{""sigma"":1.8439}",0.00063113321,0.00064114039,1.0007177e-05,0.99936908,0.99935907,0.00034220051,0.00031181419,0.99902688,0.99904726,2.037274e-05,0.79069896,1.2004781,0.099676303,0.11965922,False,0.98901051,True,True,True,0.79069896,1.2004781,0.099676303,0.11965922,0.78034591,1.2132325,0.096398062,0.11695326,0.98694179,0.99804156,0.025353084,0.025303431,0.71302909,1.9582019,0.026623179,0.052133559,0.64183575,1.3387529,0.036982989,0.049511083,0.77080056,1.1787631,0.042594725,0.050209091,0.82716465,1.0806021,0.048171759,0.052054501,0.91566344,1.0314668,0.05550876,0.057255444
0b_gaussian_blur_best,file,18,baseline_gaussian_blur,782,015.Lazuli_Bunting/Lazuli_Bunting_0102_14605.jpg,15,14,015.Lazuli_Bunting,158,157,identity,identity,0,{},0.0022575387,0.0022575387,0,0.99774504,0.99774504,0.00019269341,0.00019269341,0.99755234,0.99755234,0,1,1,0.28448179,0.28448179,False,1,True,True,True,1,1,0.28448179,0.28448179,1,1,0.27810611,0.27810611,1,1,0.059890596,0.059890596,1,1,0.041772703,0.041772703,1,1,0.093214594,0.093214594,1,1,0.11464281,0.11464281,1,1,0.13636318,0.13636318,1,1,0.18753985,0.18753985
0b_gaussian_blur_best,file,18,baseline_gaussian_blur,782,015.Lazuli_Bunting/Lazuli_Bunting_0102_14605.jpg,15,14,015.Lazuli_Bunting,158,157,gaussian_blur,gaussian_blur,0,"{""sigma"":1.356664}",0.0022575387,0.0034433855,0.0011858467,0.99774504,0.99656254,0.00019269341,0.0002606723,0.99755234,0.99630187,-0.0012504754,0.82304487,1.6124854,0.28448179,0.45872273,False,0.99359655,True,True,True,0.82304487,1.6124854,0.28448179,0.45872273,0.81582434,1.6174792,0.27810611,0.44983085,0.99306086,1.5007681,0.059890596,0.089881896,0.55583726,3.2371533,0.041772703,0.13522465,0.57306548,1.6623898,0.093214594,0.15495899,0.77998174,1.6392988,0.11464281,0.18793381,0.84845583,1.5485292,0.13636318,0.21116237,0.93060567,1.5095037,0.18753985,0.28309209
0b_gaussian_blur_best,file,18,baseline_gaussian_blur,3068,053.Western_Grebe/Western_Grebe_0007_36074.jpg,53,52,053.Western_Grebe,51,50,identity,identity,0,{},0.1247078,0.1247078,0,0.8827548,0.8827548,0.036238682,0.036238682,0.84651612,0.84651612,0,1,1,12.645904,12.645904,False,1,True,True,True,1,1,12.645904,12.645904,1,1,12.071459,12.071459,1,1,3.768124,3.768124,1,1,1.8540937,1.8540937,1,1,4.1639449,4.1639449,1,1,5.2886687,5.2886687,1,1,6.0231015,6.0231015,1,1,7.7907807,7.7907807
0b_gaussian_blur_best,file,18,baseline_gaussian_blur,3068,053.Western_Grebe/Western_Grebe_0007_36074.jpg,53,52,053.Western_Grebe,51,50,gaussian_blur,gaussian_blur,0,"{""sigma"":1.716247}",0.1247078,0.11139596,-0.013311841,0.8827548,0.89458448,0.036238682,0.022678835,0.84651612,0.87190564,0.02538952,0.76683033,1.1101435,12.645904,14.038768,False,0.98622322,True,True,True,0.76683033,1.1101435,12.645904,14.038768,0.75162615,1.1265908,12.071459,13.599595,0.9708583,0.92458889,3.768124,3.4839656,0.66613504,2.1056603,1.8540937,3.9040916,0.59776212,1.3765869,4.1639449,5.7320318,0.72395523,1.2181023,5.2886687,6.4421392,0.76678591,1.0402163,6.0231015,6.2653285,0.86891554,0.96135214,7.7907807,7.4896838
0b_gaussian_blur_best,file,18,baseline_gaussian_blur,1464,027.Shiny_Cowbird/Shiny_Cowbird_0019_24323.jpg,27,26,027.Shiny_Cowbird,128,127,identity,identity,0,{},7.0740876,7.0740876,0,0.00084676489,0.00084676489,0.57753134,0.57753134,-0.57668457,-0.57668457,0,1,1,167.37062,167.37062,False,0.99999994,True,False,False,1,1,167.37062,167.37062,1,1,163.01909,163.01909,1,1,37.91703,37.91703,1,1,38.000547,38.000547,1,1,69.482846,69.482846,1,1,84.682117,84.682117,1,1,76.101585,76.101585,1,1,85.678499,85.678499
0b_gaussian_blur_best,file,18,baseline_gaussian_blur,1464,027.Shiny_Cowbird/Shiny_Cowbird_0019_24323.jpg,27,26,027.Shiny_Cowbird,128,127,gaussian_blur,gaussian_blur,0,"{""sigma"":1.2294}",7.0740876,7.121551,0.047463417,0.00084676489,0.00080751331,0.57753134,0.2271636,-0.57668457,-0.22635608,0.35032849,0.74117123,1.0512568,167.37062,175.94951,False,0.97607231,False,False,False,0.74117123,1.0512568,167.37062,175.94951,0.73405152,1.0597527,163.01909,172.75993,0.91208787,0.8795575,37.91703,33.350208,0.77466981,1.2780555,38.000547,48.566807,0.66097406,1.1033711,69.482846,76.665364,0.73451264,1.0960437,84.682117,92.815304,0.69920877,0.9911676,76.101585,75.429425,0.81055543,0.99758563,85.678499,85.471639
0b_gaussian_blur_best,file,18,baseline_gaussian_blur,11718,199.Winter_Wren/Winter_Wren_0126_190342.jpg,199,198,199.Winter_Wren,119,118,identity,identity,0,{},6.8969355,6.8969355,0,0.0010108784,0.0010108784,0.20323943,0.20323943,-0.20222855,-0.20222855,0,1,1,145.87154,145.87154,False,0.99999988,True,False,False,1,1,145.87154,145.87154,1,1,142.8178,142.8178,1,1,29.691457,29.691457,1,1,55.601417,55.601417,1,1,63.887165,63.887165,1,1,71.483824,71.483824,1,1,60.90646,60.90646,1,1,66.364911,66.364911
0b_gaussian_blur_best,file,18,baseline_gaussian_blur,11718,199.Winter_Wren/Winter_Wren_0126_190342.jpg,199,198,199.Winter_Wren,119,118,gaussian_blur,gaussian_blur,0,"{""sigma"":1.640341}",6.8969355,5.7845345,-1.112401,0.0010108784,0.0030747417,0.20323943,0.38970524,-0.20222855,-0.3866305,-0.18440195,0.80664817,1.4071777,145.87154,205.26717,False,0.96423286,True,False,False,0.80664817,1.4071777,145.87154,205.26717,0.80476952,1.423652,142.8178,203.32283,0.93703356,0.9492882,29.691457,28.18575,0.82481926,1.6424053,55.601417,91.320065,0.73396936,1.4870062,63.887165,95.000611,0.83883507,1.4969443,71.483824,107.0073,0.81180974,1.3308504,60.90646,81.057386,0.84001931,1.1627774,66.364911,77.16762
0b_gaussian_blur_best,file,18,baseline_gaussian_blur,736,014.Indigo_Bunting/Indigo_Bunting_0059_11596.jpg,14,13,014.Indigo_Bunting,54,53,identity,identity,0,{},0.74657804,0.74657804,0,0.47398573,0.47398573,0.42211798,0.42211798,0.051867753,0.051867753,0,1,1,115.03658,115.03658,False,1.0000001,True,True,True,1,1,115.03658,115.03658,1,1,113.10279,113.10279,1,1,21.00417,21.00417,1,1,21.462831,21.462831,1,1,50.548473,50.548473,1,1,69.442986,69.442986,1,1,50.87894,50.87894,1,1,48.635833,48.635833
0b_gaussian_blur_best,file,18,baseline_gaussian_blur,736,014.Indigo_Bunting/Indigo_Bunting_0059_11596.jpg,14,13,014.Indigo_Bunting,54,53,gaussian_blur,gaussian_blur,0,"{""sigma"":1.854564}",0.74657804,1.4441121,0.69753402,0.47398573,0.23595549,0.42211798,0.26665229,0.051867753,-0.030696794,-0.082564548,0.68193675,1.4530098,115.03658,167.14929,False,0.96872926,False,True,False,0.68193675,1.4530098,115.03658,167.14929,0.67695473,1.4622356,113.10279,165.38292,0.88370416,1.1538578,21.00417,24.235826,0.35406742,2.7381388,21.462831,58.76821,0.55891061,1.6290419,50.548473,82.345578,0.77599957,1.3603302,69.442986,94.465391,0.74400439,1.3341043,50.87894,67.87781,0.76554844,1.2312408,48.635833,59.882424
0b_gaussian_blur_best,file,18,baseline_gaussian_blur,10670,182.Yellow_Warbler/Yellow_Warbler_0018_176674.jpg,182,181,182.Yellow_Warbler,43,42,identity,identity,0,{},1.5251386,1.5251386,0,0.2175909,0.2175909,0.17998731,0.17998731,0.037603587,0.037603587,0,1,1,110.31255,110.31255,False,1,True,True,True,1,1,110.31255,110.31255,1,1,108.53793,108.53793,1,1,19.707261,19.707261,1,1,17.65604,17.65604,1,1,48.956737,48.956737,1,1,61.57631,61.57631,1,1,51.802314,51.802314,1,1,50.959428,50.959428
0b_gaussian_blur_best,file,18,baseline_gaussian_blur,10670,182.Yellow_Warbler/Yellow_Warbler_0018_176674.jpg,182,181,182.Yellow_Warbler,43,42,gaussian_blur,gaussian_blur,0,"{""sigma"":1.114237}",1.5251386,1.7559389,0.23080027,0.2175909,0.17274497,0.17998731,0.15793557,0.037603587,0.0148094,-0.022794187,0.85634673,1.2419651,110.31255,137.00433,False,0.98820704,True,True,True,0.85634673,1.2419651,110.31255,137.00433,0.85280227,1.246134,108.53793,135.2528,0.98299501,1.1080828,19.707261,21.837278,0.69008682,1.6779958,17.65604,29.626761,0.75843193,1.3246972,48.956737,64.852852,0.88983234,1.303401,61.57631,80.258624,0.87371335,1.1321206,51.802314,58.646465,0.91772757,1.1321949,50.959428,57.696004
0b_gaussian_blur_best,file,18,baseline_gaussian_blur,7916,135.Bank_Swallow/Bank_Swallow_0007_129514.jpg,135,134,135.Bank_Swallow,114,113,identity,identity,0,{},1.2586695,1.2586695,0,0.28403169,0.28403169,0.10560011,0.10560011,0.17843158,0.17843158,0,1,1,145.46694,145.46694,False,1.0000001,True,True,True,1,1,145.46694,145.46694,1,1,144.07059,144.07059,1,1,20.107073,20.107073,1,1,23.048937,23.048937,1,1,69.940646,69.940646,1,1,87.519257,87.519257,1,1,68.011973,68.011973,1,1,55.209957,55.209957
0b_gaussian_blur_best,file,18,baseline_gaussian_blur,7916,135.Bank_Swallow/Bank_Swallow_0007_129514.jpg,135,134,135.Bank_Swallow,114,113,gaussian_blur,gaussian_blur,0,"{""sigma"":1.923996}",1.2586695,3.6378696,2.3792001,0.28403169,0.026308332,0.10560011,0.018208964,0.17843158,0.0080993678,-0.17033221,0.73470375,1.4601589,145.46694,212.40485,False,0.93831265,False,True,False,0.73470375,1.4601589,145.46694,212.40485,0.73128107,1.4620736,144.07059,210.6418,0.92581504,1.3582407,20.107073,27.310246,0.45132146,2.4320842,23.048937,56.056954,0.60824681,1.5150409,69.940646,105.96294,0.79077219,1.4168104,87.519257,123.99819,0.7962892,1.3790574,68.011973,93.792413,0.81632198,1.3826124,55.209957,76.33397
0b_gaussian_blur_best,file,18,baseline_gaussian_blur,8376,143.Caspian_Tern/Caspian_Tern_0013_145553.jpg,143,142,143.Caspian_Tern,26,25,identity,identity,0,{},3.8914375,3.8914375,0,0.020415977,0.020415977,0.081904128,0.081904128,-0.061488152,-0.061488152,0,1,1,94.001842,94.001842,False,1,True,False,False,1,1,94.001842,94.001842,1,1,91.778381,91.778381,1,1,20.324251,20.324251,1,1,23.820128,23.820128,1,1,35.63247,35.63247,1,1,39.733162,39.733162,1,1,42.806807,42.806807,1,1,56.347608,56.347608
0b_gaussian_blur_best,file,18,baseline_gaussian_blur,8376,143.Caspian_Tern/Caspian_Tern_0013_145553.jpg,143,142,143.Caspian_Tern,26,25,gaussian_blur,gaussian_blur,0,"{""sigma"":1.042971}",3.8914375,3.7781115,-0.11332607,0.020415977,0.022865832,0.081904128,0.08899153,-0.061488152,-0.066125698,-0.0046375468,0.91122788,1.0083519,94.001842,94.786939,False,0.99472988,True,False,False,0.91122788,1.0083519,94.001842,94.786939,0.90743794,1.0107051,91.778381,92.760874,0.99386389,0.95910935,20.324251,19.493179,0.77596623,0.92302093,23.820128,21.986477,0.83878132,1.006438,35.63247,35.861872,0.89589125,1.0048678,39.733162,39.926577,0.91988323,1.0228187,42.806807,43.783601,0.95481599,1.0231817,56.347608,57.653842
0b_gaussian_blur_best,file,18,baseline_gaussian_blur,4061,070.Green_Violetear/Green_Violetear_0027_60841.jpg,70,69,070.Green_Violetear,68,67,identity,identity,0,{},0.0010655208,0.0010655208,0,0.99893504,0.99893504,0.00032164625,0.00032164625,0.9986134,0.9986134,0,1,1,0.12945518,0.12945518,False,1,True,True,True,1,1,0.12945518,0.12945518,1,1,0.12545348,0.12545348,1,1,0.031938507,0.031938507,1,1,0.022084678,0.022084678,1,1,0.043410303,0.043410303,1,1,0.053999722,0.053999722,1,1,0.063128975,0.063128975,1,1,0.080406154,0.080406154
0b_gaussian_blur_best,file,18,baseline_gaussian_blur,4061,070.Green_Violetear/Green_Violetear_0027_60841.jpg,70,69,070.Green_Violetear,68,67,gaussian_blur,gaussian_blur,0,"{""sigma"":1.222638}",0.0010655208,0.00087520911,-0.00019031169,0.99893504,0.99912518,0.00032164625,0.00022796185,0.9986134,0.99889722,0.00028382322,0.86460728,0.83065244,0.12945518,0.10753226,False,0.9951821,True,True,True,0.86460728,0.83065244,0.12945518,0.10753226,0.85646874,0.83173029,0.12545348,0.10434346,0.99312861,0.81384146,0.031938507,0.025992881,0.57016982,1.0191799,0.022084678,0.022508261,0.70944002,0.84179624,0.043410303,0.03654263,0.81883584,0.85910162,0.053999722,0.046391248,0.87130718,0.80556229,0.063128975,0.050854321,0.93879545,0.81622767,0.080406154,0.065629728
0b_gaussian_blur_best,file,18,baseline_gaussian_blur,6612,113.Baird_Sparrow/Baird_Sparrow_0049_787324.jpg,113,112,113.Baird_Sparrow,115,114,identity,identity,0,{},0.091350473,0.091350473,0,0.91269779,0.91269779,0.07057593,0.07057593,0.84212186,0.84212186,0,1,1,23.341917,23.341917,False,1,True,True,True,1,1,23.341917,23.341917,1,1,23.02016,23.02016,1,1,3.8622935,3.8622935,1,1,3.5118994,3.5118994,1,1,11.379679,11.379679,1,1,13.622117,13.622117,1,1,10.841618,10.841618,1,1,9.2192446,9.2192446
0b_gaussian_blur_best,file,18,baseline_gaussian_blur,6612,113.Baird_Sparrow/Baird_Sparrow_0049_787324.jpg,113,112,113.Baird_Sparrow,115,114,gaussian_blur,gaussian_blur,0,"{""sigma"":1.268001}",0.091350473,1.0422246,0.95087417,0.91269779,0.35266924,0.07057593,0.51099765,0.84212186,-0.15832841,-1.0004503,0.81812411,7.7015407,23.341917,179.76872,False,0.98092735,False,True,False,0.81812411,7.7015407,23.341917,179.76872,0.8135487,7.6986055,23.02016,177.22313,0.97851993,7.8050941,3.8622935,30.145564,0.69285284,11.159847,3.5118994,39.192259,0.70492264,7.5195155,11.379679,85.569672,0.83448626,7.8310235,13.622117,106.67512,0.86540259,7.4072084,10.841618,80.306122,0.90165615,7.4529804,9.2192446,68.71085
0b_gaussian_blur_best,file,18,baseline_gaussian_blur,6151,106.Horned_Puffin/Horned_Puffin_0029_100888.jpg,106,105,106.Horned_Puffin,8,7,identity,identity,0,{},0.71328747,0.71328747,0,0.49003059,0.49003059,0.12810226,0.12810226,0.36192833,0.36192833,0,1,1,61.219932,61.219932,False,0.99999994,True,True,True,1,1,61.219932,61.219932,1,1,59.923274,59.923274,1,1,12.533205,12.533205,1,1,13.765691,13.765691,1,1,22.182964,22.182964,1,1,30.324044,30.324044,1,1,31.351562,31.351562,1,1,31.729366,31.729366
0b_gaussian_blur_best,file,18,baseline_gaussian_blur,6151,106.Horned_Puffin/Horned_Puffin_0029_100888.jpg,106,105,106.Horned_Puffin,8,7,gaussian_blur,gaussian_blur,0,"{""sigma"":1.806686}",0.71328747,1.3225971,0.60930967,0.49003059,0.26644242,0.12810226,0.45212495,0.36192833,-0.18568254,-0.54761086,0.70439816,2.0666937,61.219932,126.52285,False,0.97167921,False,True,False,0.70439816,2.0666937,61.219932,126.52285,0.69753554,2.0818829,59.923274,124.75324,0.91399994,1.6824879,12.533205,21.086966,0.60658307,2.886227,13.765691,39.730909,0.54248771,2.6204229,22.182964,58.128747,0.72222946,2.1461847,30.324044,65.080999,0.76340115,1.8774677,31.351562,58.861545,0.78880164,1.6988724,31.729366,53.904144
0b_gaussian_blur_best,file,18,baseline_gaussian_blur,4937,085.Horned_Lark/Horned_Lark_0046_73950.jpg,85,84,085.Horned_Lark,132,131,identity,identity,0,{},0.0034761736,0.0034761736,0,0.99652988,0.99652988,0.0024827255,0.0024827255,0.99404715,0.99404715,0,1,1,0.4087771,0.4087771,False,1.0000001,True,True,True,1,1,0.4087771,0.4087771,1,1,0.3904034,0.3904034,1,1,0.12117714,0.12117714,1,1,0.090190657,0.090190657,1,1,0.15209986,0.15209986,1,1,0.1844751,0.1844751,1,1,0.18244755,0.18244755,1,1,0.23200846,0.23200846
0b_gaussian_blur_best,file,18,baseline_gaussian_blur,4937,085.Horned_Lark/Horned_Lark_0046_73950.jpg,85,84,085.Horned_Lark,132,131,gaussian_blur,gaussian_blur,0,"{""sigma"":1.178856}",0.0034761736,0.0027339009,-0.00074227271,0.99652988,0.99726981,0.0024827255,0.0018023013,0.99404715,0.99546751,0.0014203563,0.86947615,0.82477542,0.4087771,0.33714931,False,0.99608058,True,True,True,0.86947615,0.82477542,0.4087771,0.33714931,0.85869873,0.83085907,0.3904034,0.32437021,0.99526857,0.7587535,0.12117714,0.091943582,0.74666641,0.92108555,0.090190657,0.083073311,0.73959552,0.84051747,0.15209986,0.12784259,0.85437963,0.86758779,0.1844751,0.16004835,0.86614152,0.81680862,0.18244755,0.14902473,0.9327743,0.79647892,0.23200846,0.18478985
0b_gaussian_blur_best,file,18,baseline_gaussian_blur,6726,115.Brewer_Sparrow/Brewer_Sparrow_0023_107489.jpg,115,114,115.Brewer_Sparrow,117,116,identity,identity,0,{},0.24979018,0.24979018,0,0.77896422,0.77896422,0.072067901,0.072067901,0.70689632,0.70689632,0,1,1,33.311549,33.311549,False,0.99999988,True,True,True,1,1,33.311549,33.311549,1,1,32.725449,32.725449,1,1,6.221278,6.221278,1,1,9.9144382,9.9144382,1,1,14.331418,14.331418,1,1,16.729998,16.729998,1,1,15.76094,15.76094,1,1,15.458632,15.458632
0b_gaussian_blur_best,file,18,baseline_gaussian_blur,6726,115.Brewer_Sparrow/Brewer_Sparrow_0023_107489.jpg,115,114,115.Brewer_Sparrow,117,116,gaussian_blur,gaussian_blur,0,"{""sigma"":1.431589}",0.24979018,0.55692583,0.30713566,0.77896422,0.57296777,0.072067901,0.092046753,0.70689632,0.48092102,-0.2259753,0.77314072,2.5220294,33.311549,84.012707,False,0.96322608,True,True,True,0.77314072,2.5220294,33.311549,84.012707,0.76889509,2.5369565,32.725449,83.023041,0.93318802,2.0666617,6.221278,12.857277,0.62223959,2.4280851,9.9144382,24.0731,0.68998693,2.57537,14.331418,36.908704,0.76493203,2.7309042,16.729998,45.688023,0.8193251,2.4970778,15.76094,39.356293,0.86111866,2.3455775,15.458632,36.259419
0b_gaussian_blur_best,file,18,baseline_gaussian_blur,8770,150.Sage_Thrasher/Sage_Thrasher_0095_796446.jpg,150,149,150.Sage_Thrasher,9,8,identity,identity,0,{},0.0032105113,0.0032105113,0,0.99679464,0.99679464,0.00081141485,0.00081141485,0.99598323,0.99598323,0,1,1,0.47184752,0.47184752,False,1.0000001,True,True,True,1,1,0.47184752,0.47184752,1,1,0.45856831,0.45856831,1,1,0.11115389,0.11115389,1,1,0.073243423,0.073243423,1,1,0.18857165,0.18857165,1,1,0.26190496,0.26190496,1,1,0.20471634,0.20471634,1,1,0.24260675,0.24260675
0b_gaussian_blur_best,file,18,baseline_gaussian_blur,8770,150.Sage_Thrasher/Sage_Thrasher_0095_796446.jpg,150,149,150.Sage_Thrasher,9,8,gaussian_blur,gaussian_blur,0,"{""sigma"":1.209348}",0.0032105113,0.0029936281,-0.00021688314,0.99679464,0.99701083,0.00081141485,0.0013901318,0.99598323,0.9956207,-0.00036253087,0.71852202,1.161796,0.47184752,0.54819055,False,0.98735619,True,True,True,0.71852202,1.161796,0.47184752,0.54819055,0.70673748,1.1700567,0.45856831,0.53655094,0.95799356,1.0108985,0.11115389,0.1123653,0.67027961,1.734654,0.073243423,0.127052,0.55672693,1.421561,0.18857165,0.26806611,0.73586771,1.2204399,0.26190496,0.31963928,0.68282106,1.0585774,0.20471634,0.21670809,0.87115902,0.92860398,0.24260675,0.22528559
0b_gaussian_blur_best,file,18,baseline_gaussian_blur,4112,071.Long_tailed_Jaeger/Long_Tailed_Jaeger_0054_797088.jpg,71,70,071.Long_tailed_Jaeger,2,1,identity,identity,0,{},1.9247665,1.9247665,0,0.14590982,0.14590982,0.11613843,0.11613843,0.029771388,0.029771388,0,1,1,121.85644,121.85644,False,1,True,True,True,1,1,121.85644,121.85644,1,1,119.23905,119.23905,1,1,25.120492,25.120492,1,1,37.381205,37.381205,1,1,50.190769,50.190769,1,1,55.477644,55.477644,1,1,59.979594,59.979594,1,1,60.217632,60.217632
0b_gaussian_blur_best,file,18,baseline_gaussian_blur,4112,071.Long_tailed_Jaeger/Long_Tailed_Jaeger_0054_797088.jpg,71,70,071.Long_tailed_Jaeger,2,1,gaussian_blur,gaussian_blur,0,"{""sigma"":1.825447}",1.9247665,1.1755484,-0.74921811,0.14590982,0.30864966,0.11613843,0.065981045,0.029771388,0.24266861,0.21289723,0.76575427,0.98892978,121.85644,120.50746,False,0.9733451,True,True,True,0.76575427,0.98892978,121.85644,120.50746,0.75808643,0.99331479,119.23905,118.44191,0.96477187,0.88438635,25.120492,22.21622,0.70634831,1.2743295,37.381205,47.635973,0.65746185,1.0751795,50.190769,53.964087,0.75263211,0.98006746,55.477644,54.371834,0.80271982,0.8972274,59.979594,53.815335,0.85166388,0.90878185,60.217632,54.724691
0b_gaussian_blur_best,file,18,baseline_gaussian_blur,6465,111.Loggerhead_Shrike/Loggerhead_Shrike_0119_105138.jpg,111,110,111.Loggerhead_Shrike,112,111,identity,identity,0,{},0.083134905,0.083134905,0,0.92022699,0.92022699,0.052476775,0.052476775,0.86775022,0.86775022,0,1,1,12.415402,12.415402,False,1,True,True,True,1,1,12.415402,12.415402,1,1,12.030209,12.030209,1,1,3.0685968,3.0685968,1,1,2.2588225,2.2588225,1,1,5.5059036,5.5059036,1,1,5.9696207,5.9696207,1,1,5.5822318,5.5822318,1,1,6.5200455,6.5200455
0b_gaussian_blur_best,file,18,baseline_gaussian_blur,6465,111.Loggerhead_Shrike/Loggerhead_Shrike_0119_105138.jpg,111,110,111.Loggerhead_Shrike,112,111,gaussian_blur,gaussian_blur,0,"{""sigma"":1.028513}",0.083134905,0.081433773,-0.0017011315,0.92022699,0.92179376,0.052476775,0.048768278,0.86775022,0.87302548,0.0052752644,0.91475274,1.0246136,12.415402,12.72099,False,0.99663961,True,True,True,0.91475274,1.0246136,12.415402,12.72099,0.91018545,1.0301949,12.030209,12.393461,0.99622175,0.93464554,3.0685968,2.8680503,0.83397916,1.2789191,2.2588225,2.8888513,0.8526741,1.0540344,5.5059036,5.8034119,0.92217425,1.0614139,5.9696207,6.3362386,0.91713797,1.0020042,5.5822318,5.5934196,0.95622953,0.97169558,6.5200455,6.3354994
0b_gaussian_blur_best,file,18,baseline_gaussian_blur,2001,036.Northern_Flicker/Northern_Flicker_0037_28751.jpg,36,35,036.Northern_Flicker,189,188,identity,identity,0,{},0.032039993,0.032039993,0,0.96846783,0.96846783,0.029110434,0.029110434,0.9393574,0.9393574,0,1,1,5.5220581,5.5220581,False,1,True,True,True,1,1,5.5220581,5.5220581,1,1,5.387586,5.387586,1,1,1.2112155,1.2112155,1,1,0.73050805,0.73050805,1,1,2.1207743,2.1207743,1,1,3.0550679,3.0550679,1,1,2.5159928,2.5159928,1,1,2.8863641,2.8863641
0b_gaussian_blur_best,file,18,baseline_gaussian_blur,2001,036.Northern_Flicker/Northern_Flicker_0037_28751.jpg,36,35,036.Northern_Flicker,189,188,gaussian_blur,gaussian_blur,0,"{""sigma"":1.23262}",0.032039993,0.029169707,-0.0028702859,0.96846783,0.97125161,0.029110434,0.027520578,0.9393574,0.94373103,0.0043736305,0.88357388,0.90669418,5.5220581,5.0068179,False,0.99345624,True,True,True,0.88357388,0.90669418,5.5220581,5.0068179,0.87773521,0.90338165,5.387586,4.8670463,0.99328727,0.96991054,1.2112155,1.1747707,0.69419943,1.000818,0.73050805,0.7311056,0.75078574,0.8893639,2.1207743,1.8861401,0.87945819,0.88322503,3.0550679,2.6983124,0.89977236,0.91368732,2.5159928,2.2988307,0.93916895,0.91863859,2.8863641,2.6515255
0b_gaussian_blur_best,file,18,baseline_gaussian_blur,7827,134.Cape_Glossy_Starling/Cape_Glossy_Starling_0043_129358.jpg,134,133,134.Cape_Glossy_Starling,14,13,identity,identity,0,{},0.0010931476,0.0010931476,0,0.99890745,0.99890745,0.00030945078,0.00030945078,0.998598,0.998598,0,1,1,0.13926658,0.13926658,False,1,True,True,True,1,1,0.13926658,0.13926658,1,1,0.13471532,0.13471532,1,1,0.035312379,0.035312379,1,1,0.016111616,0.016111616,1,1,0.050374962,0.050374962,1,1,0.061603672,0.061603672,1,1,0.064130502,0.064130502,1,1,0.086274344,0.086274344
0b_gaussian_blur_best,file,18,baseline_gaussian_blur,7827,134.Cape_Glossy_Starling/Cape_Glossy_Starling_0043_129358.jpg,134,133,134.Cape_Glossy_Starling,14,13,gaussian_blur,gaussian_blur,0,"{""sigma"":1.675276}",0.0010931476,0.00048256197,-0.00061058559,0.99890745,0.99951756,0.00030945078,0.00010761767,0.998598,0.99940994,0.00081194626,0.84394295,0.48806635,0.13926658,0.067971333,False,0.98887444,True,True,True,0.84394295,0.48806635,0.13926658,0.067971333,0.83479257,0.48862234,0.13471532,0.065824914,0.97966508,0.47990158,0.035312379,0.016946467,0.66122163,0.73089759,0.016111616,0.011775941,0.72173398,0.57129301,0.050374962,0.028778864,0.82128257,0.52283525,0.061603672,0.032208571,0.84109852,0.4646902,0.064130502,0.029800815,0.91428726,0.43992783,0.086274344,0.037954484
0b_gaussian_blur_best,file,18,baseline_gaussian_blur,11579,197.Marsh_Wren/Marsh_Wren_0094_188710.jpg,197,196,197.Marsh_Wren,195,194,identity,identity,0,{},0.27512741,0.27512741,0,0.75947535,0.75947535,0.060477421,0.060477421,0.69899793,0.69899793,0,1,1,30.7885,30.7885,False,1,True,True,True,1,1,30.7885,30.7885,1,1,30.002141,30.002141,1,1,6.9139905,6.9139905,1,1,6.3603875,6.3603875,1,1,14.883076,14.883076,1,1,16.568031,16.568031,1,1,12.905001,12.905001,1,1,14.040273,14.040273
0b_gaussian_blur_best,file,18,baseline_gaussian_blur,11579,197.Marsh_Wren/Marsh_Wren_0094_188710.jpg,197,196,197.Marsh_Wren,195,194,gaussian_blur,gaussian_blur,0,"{""sigma"":1.064016}",0.27512741,0.47337532,0.19824791,0.75947535,0.62289625,0.060477421,0.038749736,0.69899793,0.58414652,-0.11485141,0.73720837,1.9377335,30.7885,59.659909,False,0.98483008,True,True,True,0.73720837,1.9377335,30.7885,59.659909,0.72896894,1.9578054,30.002141,58.738354,0.96216674,1.5107912,6.9139905,10.445596,0.49508475,2.5014641,6.3603875,15.910281,0.65932081,1.949259,14.883076,29.010969,0.73490545,2.1138125,16.568031,35.021711,0.7732172,1.8818286,12.905001,24.285,0.86231745,1.6537694,14.040273,23.219375
0b_gaussian_blur_best,file,18,baseline_gaussian_blur,7688,132.White_crowned_Sparrow/White_Crowned_Sparrow_0087_128008.jpg,132,131,132.White_crowned_Sparrow,116,115,identity,identity,0,{},0.24073718,0.24073718,0,0.78604817,0.78604817,0.052602928,0.052602928,0.73344525,0.73344525,0,1,1,26.892783,26.892783,False,0.99999994,True,True,True,1,1,26.892783,26.892783,1,1,26.213928,26.213928,1,1,6.0043106,6.0043106,1,1,4.9116807,4.9116807,1,1,10.721431,10.721431,1,1,13.600003,13.600003,1,1,12.323724,12.323724,1,1,14.534858,14.534858
0b_gaussian_blur_best,file,18,baseline_gaussian_blur,7688,132.White_crowned_Sparrow/White_Crowned_Sparrow_0087_128008.jpg,132,131,132.White_crowned_Sparrow,116,115,gaussian_blur,gaussian_blur,0,"{""sigma"":1.494734}",0.24073718,0.25162655,0.010889366,0.78604817,0.77753508,0.052602928,0.051193032,0.73344525,0.72634205,-0.0071031973,0.79510422,1.0892903,26.892783,29.294049,False,0.98546731,True,True,True,0.79510422,1.0892903,26.892783,29.294049,0.78509435,1.088734,26.213928,28.539996,0.9840112,1.09984,6.0043106,6.6037811,0.58219133,1.8643481,4.9116807,9.1570825,0.65623379,1.0510958,10.721431,11.269251,0.81330261,1.0418864,13.600003,14.169658,0.80591241,1.0475458,12.323724,12.909665,0.88156611,1.0574749,14.534858,15.370248
0b_gaussian_blur_best,file,18,baseline_gaussian_blur,6623,114.Black_throated_Sparrow/Black_Throated_Sparrow_0033_107042.jpg,114,113,114.Black_throated_Sparrow,85,84,identity,identity,0,{},0.00097596686,0.00097596686,0,0.99902451,0.99902451,0.00014961319,0.00014961319,0.9988749,0.9988749,0,1,1,0.14265221,0.14265221,False,0.99999994,True,True,True,1,1,0.14265221,0.14265221,1,1,0.13929171,0.13929171,1,1,0.030781032,0.030781032,1,1,0.036328478,0.036328478,1,1,0.067169573,0.067169573,1,1,0.061487283,0.061487283,1,1,0.061933632,0.061933632,1,1,0.077163526,0.077163526
0b_gaussian_blur_best,file,18,baseline_gaussian_blur,6623,114.Black_throated_Sparrow/Black_Throated_Sparrow_0033_107042.jpg,114,113,114.Black_throated_Sparrow,85,84,gaussian_blur,gaussian_blur,0,"{""sigma"":1.028333}",0.00097596686,0.00097167952,-4.2873435e-06,0.99902451,0.9990288,0.00014961319,9.4137176e-05,0.9988749,0.99893466,5.9767546e-05,0.84570394,1.0400269,0.14265221,0.14836214,False,0.99303579,True,True,True,0.84570394,1.0400269,0.14265221,0.14836214,0.83920631,1.0430533,0.13929171,0.14528868,0.98969033,0.97599105,0.030781032,0.030042011,0.89000011,1.5319587,0.036328478,0.055653728,0.81117894,1.0462134,0.067169573,0.070273708,0.73875652,0.92306241,0.061487283,0.0567566,0.84632804,1.0091841,0.061933632,0.062502438,0.92455014,0.99924337,0.077163526,0.077105142
0b_gaussian_blur_best,file,18,baseline_gaussian_blur,2550,045.Northern_Fulmar/Northern_Fulmar_0083_43618.jpg,45,44,045.Northern_Fulmar,65,64,identity,identity,0,{},3.090692,3.090692,0,0.045470476,0.045470476,0.42066002,0.42066002,-0.37518954,-0.37518954,0,1,1,148.19337,148.19337,False,1,True,False,False,1,1,148.19337,148.19337,1,1,143.73045,143.73045,1,1,36.094783,36.094783,1,1,32.887777,32.887777,1,1,55.462363,55.462363,1,1,70.012619,70.012619,1,1,69.536038,69.536038,1,1,82.241929,82.241929
0b_gaussian_blur_best,file,18,baseline_gaussian_blur,2550,045.Northern_Fulmar/Northern_Fulmar_0083_43618.jpg,45,44,045.Northern_Fulmar,65,64,gaussian_blur,gaussian_blur,0,"{""sigma"":1.615922}",3.090692,4.782825,1.6921329,0.045470476,0.0083723143,0.42066002,0.17628752,-0.37518954,-0.1679152,0.20727434,0.79676618,1.2154396,148.19337,180.1201,False,0.97142744,True,False,False,0.79676618,1.2154396,148.19337,180.1201,0.79119039,1.2294261,143.73045,176.70597,0.93114702,0.96699344,36.094783,34.903418,0.75767495,1.7827026,32.887777,58.629124,0.65507959,1.2921494,55.462363,71.665659,0.81490647,1.2243548,70.012619,85.720284,0.8200252,1.2026755,69.536038,83.629286,0.84975637,1.1084163,82.241929,91.158294
0b_gaussian_blur_best,file,18,baseline_gaussian_blur,6381,109.American_Redstart/American_Redstart_0031_102890.jpg,109,108,109.American_Redstart,171,170,identity,identity,0,{},0.012330609,0.012330609,0,0.98774511,0.98774511,0.0042585861,0.0042585861,0.98348652,0.98348652,0,1,1,2.0246304,2.0246304,False,1,True,True,True,1,1,2.0246304,2.0246304,1,1,1.9931568,1.9931568,1,1,0.35560365,0.35560365,1,1,0.36179222,0.36179222,1,1,0.95613974,0.95613974,1,1,1.0334361,1.0334361,1,1,0.99933333,0.99933333,1,1,0.92785776,0.92785776
0b_gaussian_blur_best,file,18,baseline_gaussian_blur,6381,109.American_Redstart/American_Redstart_0031_102890.jpg,109,108,109.American_Redstart,171,170,gaussian_blur,gaussian_blur,0,"{""sigma"":1.238248}",0.012330609,0.041188899,0.02885829,0.98774511,0.95964783,0.0042585861,0.007002437,0.98348652,0.9526454,-0.030841123,0.80291922,3.0365982,2.0246304,6.1479889,False,0.9838562,True,True,True,0.80291922,3.0365982,2.0246304,6.1479889,0.79780909,3.0393687,1.9931568,6.0579385,0.96878232,2.9482335,0.35560365,1.0484026,0.66453881,5.2825514,0.36179222,1.911186,0.73650083,2.954927,0.95613974,2.8253231,0.81596926,2.9822277,1.0334361,3.0819417,0.83708968,2.8006091,0.99933333,2.798742,0.86970533,2.9968883,0.92785776,2.7806861
0b_gaussian_blur_best,file,18,baseline_gaussian_blur,10708,182.Yellow_Warbler/Yellow_Warbler_0067_176856.jpg,182,181,182.Yellow_Warbler,175,174,identity,identity,0,{},0.073097982,0.073097982,0,0.92950976,0.92950976,0.060635146,0.060635146,0.86887461,0.86887461,0,1,1,12.913658,12.913658,False,1,True,True,True,1,1,12.913658,12.913658,1,1,12.663075,12.663075,1,1,2.5316204,2.5316204,1,1,3.3775546,3.3775546,1,1,5.2738815,5.2738815,1,1,6.5655383,6.5655383,1,1,6.3784665,6.3784665,1,1,6.1106989,6.1106989
0b_gaussian_blur_best,file,18,baseline_gaussian_blur,10708,182.Yellow_Warbler/Yellow_Warbler_0067_176856.jpg,182,181,182.Yellow_Warbler,175,174,gaussian_blur,gaussian_blur,0,"{""sigma"":1.217901}",0.073097982,0.060818817,-0.012279164,0.92950976,0.94099373,0.060635146,0.053783543,0.86887461,0.88721018,0.01833557,0.85007738,0.94688751,12.913658,12.227782,False,0.99253303,True,True,True,0.85007738,0.94688751,12.913658,12.227782,0.84492028,0.94951136,12.663075,12.023734,0.99196901,0.87869306,2.5316204,2.2245172,0.7756334,1.3725367,3.3775546,4.6358176,0.72518614,1.0235046,5.2738815,5.3978418,0.86339173,0.86928564,6.5655383,5.7073281,0.90138229,0.8780451,6.3784665,5.6005812,0.93524017,0.89637203,6.1106989,5.4774596
0b_gaussian_blur_best,file,18,baseline_gaussian_blur,479,009.Brewer_Blackbird/Brewer_Blackbird_0116_2327.jpg,9,8,009.Brewer_Blackbird,26,25,identity,identity,0,{},1.3708434,1.3708434,0,0.25389275,0.25389275,0.56927937,0.56927937,-0.31538662,-0.31538662,0,1,1,154.89845,154.89845,False,1,True,False,False,1,1,154.89845,154.89845,1,1,152.64278,152.64278,1,1,26.338429,26.338429,1,1,33.059405,33.059405,1,1,76.129065,76.129065,1,1,75.684247,75.684247,1,1,74.603473,74.603473,1,1,71.536532,71.536532
0b_gaussian_blur_best,file,18,baseline_gaussian_blur,479,009.Brewer_Blackbird/Brewer_Blackbird_0116_2327.jpg,9,8,009.Brewer_Blackbird,26,25,gaussian_blur,gaussian_blur,0,"{""sigma"":1.902511}",1.3708434,1.3029711,-0.067872286,0.25389275,0.2717233,0.56927937,0.33074036,-0.31538662,-0.059017062,0.25636956,0.66239645,0.896355,154.89845,138.844,False,0.96506143,True,False,False,0.66239645,0.896355,154.89845,138.844,0.65442785,0.8961678,152.64278,136.79354,0.92814212,0.9026202,26.338429,23.773598,0.39626881,1.3153871,33.059405,43.485915,0.40061913,0.82147923,76.129065,62.538446,0.71657705,0.93298604,75.684247,70.612346,0.77778878,0.85012165,74.603473,63.422028,0.82310826,0.87319668,71.536532,62.465462
0b_gaussian_blur_best,file,18,baseline_gaussian_blur,4952,085.Horned_Lark/Horned_Lark_0138_74083.jpg,85,84,085.Horned_Lark,132,131,identity,identity,0,{},0.47345555,0.47345555,0,0.62284625,0.62284625,0.078050628,0.078050628,0.54479562,0.54479562,0,1,1,65.060665,65.060665,False,0.99999994,True,True,True,1,1,65.060665,65.060665,1,1,64.112224,64.112224,1,1,11.068553,11.068553,1,1,10.994981,10.994981,1,1,27.186664,27.186664,1,1,37.560494,37.560494,1,1,32.118886,32.118886,1,1,28.424627,28.424627
0b_gaussian_blur_best,file,18,baseline_gaussian_blur,4952,085.Horned_Lark/Horned_Lark_0138_74083.jpg,85,84,085.Horned_Lark,132,131,gaussian_blur,gaussian_blur,0,"{""sigma"":1.233468}",0.47345555,0.39192128,-0.081534266,0.62284625,0.67575729,0.078050628,0.074894771,0.54479562,0.60086252,0.0560669,0.82246705,0.97088011,65.060665,63.166106,False,0.97905636,True,True,True,0.82246705,0.97088011,65.060665,63.166106,0.81845756,0.97350203,64.112224,62.41338,0.97579025,0.87838893,11.068553,9.7224946,0.60948085,1.261048,10.994981,13.865199,0.65848322,0.97280141,27.186664,26.447226,0.84834931,1.0040754,37.560494,37.713567,0.87313934,0.95424081,32.118886,30.649152,0.89886626,0.89143276,28.424627,25.338643
0b_gaussian_blur_best,file,18,baseline_gaussian_blur,10656,181.Worm_eating_Warbler/Worm_Eating_Warbler_0074_176093.jpg,181,180,181.Worm_eating_Warbler,151,150,identity,identity,0,{},0.69471002,0.69471002,0,0.49921921,0.49921921,0.064435512,0.064435512,0.4347837,0.4347837,0,1,1,84.153038,84.153038,False,1,True,True,True,1,1,84.153038,84.153038,1,1,83.175849,83.175849,1,1,12.78718,12.78718,1,1,25.00176,25.00176,1,1,35.909362,35.909362,1,1,41.971154,41.971154,1,1,42.176607,42.176607,1,1,38.251897,38.251897
0b_gaussian_blur_best,file,18,baseline_gaussian_blur,10656,181.Worm_eating_Warbler/Worm_Eating_Warbler_0074_176093.jpg,181,180,181.Worm_eating_Warbler,151,150,gaussian_blur,gaussian_blur,0,"{""sigma"":1.52381}",0.69471002,1.8178056,1.1230956,0.49921921,0.16238168,0.064435512,0.049559042,0.4347837,0.11282264,-0.32196106,0.79244721,1.9355974,84.153038,162.8864,False,0.96591699,False,True,False,0.79244721,1.9355974,84.153038,162.8864,0.78939787,1.9408627,83.175849,161.4329,0.94687624,1.6979295,12.78718,21.711731,0.6743975,1.8360901,25.00176,45.905484,0.69120032,2.1789531,35.909362,78.244815,0.81735863,2.136344,41.971154,89.664821,0.85355176,1.8204671,42.176607,76.781126,0.85580171,1.6317388,38.251897,62.417104
0b_gaussian_blur_best,file,18,baseline_gaussian_blur,3630,063.Ivory_Gull/Ivory_Gull_0117_49227.jpg,63,62,063.Ivory_Gull,45,44,identity,identity,0,{},0.0034292482,0.0034292482,0,0.99657661,0.99657661,0.00053731253,0.00053731253,0.99603929,0.99603929,0,1,1,0.59727098,0.59727098,False,1,True,True,True,1,1,0.59727098,0.59727098,1,1,0.58845144,0.58845144,1,1,0.10226204,0.10226204,1,1,0.18171866,0.18171866,1,1,0.21974042,0.21974042,1,1,0.27731684,0.27731684,1,1,0.28350679,0.28350679,1,1,0.32815674,0.32815674
0b_gaussian_blur_best,file,18,baseline_gaussian_blur,3630,063.Ivory_Gull/Ivory_Gull_0117_49227.jpg,63,62,063.Ivory_Gull,45,44,gaussian_blur,gaussian_blur,0,"{""sigma"":1.60767}",0.0034292482,0.0072174058,0.0037881576,0.99657661,0.99280858,0.00053731253,0.0014932347,0.99603929,0.99131535,-0.004723949,0.8354393,1.9637484,0.59727098,1.17289,False,0.98220867,True,True,True,0.8354393,1.9637484,0.59727098,1.17289,0.83092345,1.9591486,0.58845144,1.1528638,0.976492,2.1104042,0.10226204,0.21581424,0.84432898,2.1325273,0.18171866,0.38752001,0.68430864,2.067733,0.21974042,0.45436451,0.83682552,2.1149445,0.27731684,0.58650973,0.83368891,1.8367024,0.28350679,0.52071759,0.90097042,1.8216162,0.32815674,0.59777564
0b_gaussian_blur_best,file,18,baseline_gaussian_blur,10772,183.Northern_Waterthrush/Northern_Waterthrush_0055_177114.jpg,183,182,183.Northern_Waterthrush,184,183,identity,identity,0,{},0.11221527,0.11221527,0,0.89385182,0.89385182,0.024339169,0.024339169,0.86951265,0.86951265,0,1,1,16.330507,16.330507,False,1,True,True,True,1,1,16.330507,16.330507,1,1,16.035159,16.035159,1,1,3.0917872,3.0917872,1,1,2.6761262,2.6761262,1,1,7.0653661,7.0653661,1,1,8.7123695,8.7123695,1,1,7.6620039,7.6620039,1,1,8.0891025,8.0891025
0b_gaussian_blur_best,file,18,baseline_gaussian_blur,10772,183.Northern_Waterthrush/Northern_Waterthrush_0055_177114.jpg,183,182,183.Northern_Waterthrush,184,183,gaussian_blur,gaussian_blur,0,"{""sigma"":1.348945}",0.11221527,0.039146971,-0.073068302,0.89385182,0.96160936,0.024339169,0.012708275,0.86951265,0.94890109,0.079388442,0.88027386,0.36698402,16.330507,5.9930352,False,0.99093151,True,True,True,0.88027386,0.36698402,16.330507,5.9930352,0.87623606,0.36627904,16.035159,5.8733426,0.98458314,0.38546338,3.0917872,1.1917707,0.65223327,0.51372163,2.6761262,1.3747839,0.8015879,0.35446436,7.0653661,2.5044205,0.88780113,0.35974594,8.7123695,3.1342396,0.90718515,0.36371556,7.6620039,2.78679,0.93339689,0.36556387,8.0891025,2.9570836
0b_gaussian_blur_best,file,18,baseline_gaussian_blur,4129,071.Long_tailed_Jaeger/Long_Tailed_Jaeger_0060_60886.jpg,71,70,071.Long_tailed_Jaeger,72,71,identity,identity,0,{},2.5412679,2.5412679,0,0.078766465,0.078766465,0.77923369,0.77923369,-0.70046723,-0.70046723,0,1,1,143.2262,143.2262,False,1,True,False,False,1,1,143.2262,143.2262,1,1,140.2769,140.2769,1,1,28.91602,28.91602,1,1,44.942189,44.942189,1,1,54.307194,54.307194,1,1,64.481199,64.481199,1,1,75.997799,75.997799,1,1,69.101715,69.101715
0b_gaussian_blur_best,file,18,baseline_gaussian_blur,4129,071.Long_tailed_Jaeger/Long_Tailed_Jaeger_0060_60886.jpg,71,70,071.Long_tailed_Jaeger,72,71,gaussian_blur,gaussian_blur,0,"{""sigma"":1.080479}",2.5412679,2.9161806,0.37491274,0.078766465,0.05414008,0.77923369,0.72554606,-0.70046723,-0.67140598,0.029061247,0.86660301,0.99605739,143.2262,142.66152,False,0.97953928,True,False,False,0.86660301,0.99605739,143.2262,142.66152,0.86191261,0.99636072,140.2769,139.76639,0.97784403,0.98889205,28.91602,28.594823,0.83675928,1.0321707,44.942189,46.388009,0.78019551,1.0329923,54.307194,56.098912,0.84512688,1.0384914,64.481199,66.963171,0.88328291,0.94176405,75.997799,71.571995,0.91963701,0.9845984,69.101715,68.037438
0b_gaussian_blur_best,file,18,baseline_gaussian_blur,11036,188.Pileated_Woodpecker/Pileated_Woodpecker_0004_180307.jpg,188,187,188.Pileated_Woodpecker,187,186,identity,identity,0,{},0.024772834,0.024772834,0,0.97553152,0.97553152,0.0036008491,0.0036008491,0.97193067,0.97193067,0,1,1,3.4770349,3.4770349,False,1,True,True,True,1,1,3.4770349,3.4770349,1,1,3.3972414,3.3972414,1,1,0.74062277,0.74062277,1,1,0.65617542,0.65617542,1,1,1.4228738,1.4228738,1,1,1.6168764,1.6168764,1,1,1.7616622,1.7616622,1,1,1.8353121,1.8353121
0b_gaussian_blur_best,file,18,baseline_gaussian_blur,11036,188.Pileated_Woodpecker/Pileated_Woodpecker_0004_180307.jpg,188,187,188.Pileated_Woodpecker,187,186,gaussian_blur,gaussian_blur,0,"{""sigma"":1.807002}",0.024772834,0.0078729792,-0.016899855,0.97553152,0.99215794,0.0036008491,0.0028458892,0.97193067,0.98931205,0.017381378,0.69881655,0.36740733,3.4770349,1.2774881,False,0.97742319,True,True,True,0.69881655,0.36740733,3.4770349,1.2774881,0.68704409,0.36776059,3.3972414,1.2493715,0.95208671,0.35989412,0.74062277,0.26654578,0.17030494,0.70743046,0.65617542,0.46419848,0.60099809,0.39446298,1.4228738,0.56127105,0.69485372,0.33705816,1.6168764,0.54498138,0.77525248,0.32148635,1.7616622,0.56635034,0.84690718,0.35001739,1.8353121,0.64239115
0b_gaussian_blur_best,file,18,baseline_gaussian_blur,5450,094.White_breasted_Nuthatch/White_Breasted_Nuthatch_0068_86033.jpg,94,93,094.White_breasted_Nuthatch,155,154,identity,identity,0,{},0.00022837892,0.00022837892,0,0.99977165,0.99977165,3.1045762e-05,3.1045762e-05,0.99974061,0.99974061,0,1,1,0.032022708,0.032022708,False,1,True,True,True,1,1,0.032022708,0.032022708,1,1,0.030998872,0.030998872,1,1,0.0080326694,0.0080326694,1,1,0.0046167659,0.0046167659,1,1,0.013225425,0.013225425,1,1,0.014798665,0.014798665,1,1,0.014708092,0.014708092,1,1,0.018148697,0.018148697
0b_gaussian_blur_best,file,18,baseline_gaussian_blur,5450,094.White_breasted_Nuthatch/White_Breasted_Nuthatch_0068_86033.jpg,94,93,094.White_breasted_Nuthatch,155,154,gaussian_blur,gaussian_blur,0,"{""sigma"":1.713847}",0.00022837892,0.00036709724,0.00013871831,0.99977165,0.99963295,3.1045762e-05,3.0089366e-05,0.99974061,0.99960287,-0.00013774361,0.64411893,1.9390155,0.032022708,0.062092528,False,0.98225081,True,True,True,0.64411893,1.9390155,0.032022708,0.062092528,0.62670596,1.9539533,0.030998872,0.060570348,0.94784203,1.7010995,0.0080326694,0.01366437,0.46261925,3.5406473,0.0046167659,0.01634634,0.50929008,1.9514162,0.013225425,0.025808309,0.53361968,2.1455089,0.014798665,0.031750668,0.6015391,1.9596504,0.014708092,0.028822719,0.85054775,1.6499239,0.018148697,0.02994397
0b_gaussian_blur_best,file,18,baseline_gaussian_blur,4776,082.Ringed_Kingfisher/Ringed_Kingfisher_0017_73145.jpg,82,81,082.Ringed_Kingfisher,80,79,identity,identity,0,{},0.45637876,0.45637876,0,0.63357383,0.63357383,0.23223677,0.23223677,0.40133706,0.40133706,0,1,1,50.573021,50.573021,False,1,True,True,True,1,1,50.573021,50.573021,1,1,49.125976,49.125976,1,1,12.0112,12.0112,1,1,7.9242883,7.9242883,1,1,18.653353,18.653353,1,1,26.213544,26.213544,1,1,24.636705,24.636705,1,1,26.617711,26.617711
0b_gaussian_blur_best,file,18,baseline_gaussian_blur,4776,082.Ringed_Kingfisher/Ringed_Kingfisher_0017_73145.jpg,82,81,082.Ringed_Kingfisher,80,79,gaussian_blur,gaussian_blur,0,"{""sigma"":1.836883}",0.45637876,0.21149927,-0.24487948,0.63357383,0.80936986,0.23223677,0.05803724,0.40133706,0.75133262,0.34999556,0.67181156,0.61456443,50.573021,31.08038,False,0.96426827,True,True,True,0.67181156,0.61456443,50.573021,31.08038,0.65936739,0.61767976,49.125976,30.344121,0.90454562,0.55988602,12.0112,6.7249029,0.61320849,0.89008149,7.9242883,7.0532624,0.39857568,0.69325985,18.653353,12.93162,0.70624794,0.65317926,26.213544,17.122143,0.68634267,0.59810623,24.636705,14.735367,0.77336113,0.52258907,26.617711,13.910125
0b_gaussian_blur_best,file,18,baseline_gaussian_blur,6166,106.Horned_Puffin/Horned_Puffin_0082_100876.jpg,106,105,106.Horned_Puffin,89,88,identity,identity,0,{},0.42827165,0.42827165,0,0.6516344,0.6516344,0.073216654,0.073216654,0.57841774,0.57841774,0,1,1,47.112788,47.112788,False,1,True,True,True,1,1,47.112788,47.112788,1,1,46.343926,46.343926,1,1,8.4767492,8.4767492,1,1,10.784444,10.784444,1,1,17.501824,17.501824,1,1,22.061217,22.061217,1,1,24.720426,24.720426,1,1,25.046849,25.046849
0b_gaussian_blur_best,file,18,baseline_gaussian_blur,6166,106.Horned_Puffin/Horned_Puffin_0082_100876.jpg,106,105,106.Horned_Puffin,89,88,gaussian_blur,gaussian_blur,0,"{""sigma"":1.619048}",0.42827165,0.86318982,0.43491817,0.6516344,0.42181441,0.073216654,0.018737787,0.57841774,0.40307662,-0.17534112,0.73880794,2.1191442,47.112788,99.838788,False,0.95125866,True,True,True,0.73880794,2.1191442,47.112788,99.838788,0.7350529,2.1359737,46.343926,98.989408,0.9352055,1.5330658,8.4767492,12.995414,0.58302079,3.2586695,10.784444,35.142939,0.64993597,2.6138195,17.501824,45.746608,0.72816594,2.2414379,22.061217,49.448846,0.81038279,1.8928066,24.720426,46.790985,0.83758098,1.7109885,25.046849,42.85487
0b_gaussian_blur_best,file,18,baseline_gaussian_blur,6776,116.Chipping_Sparrow/Chipping_Sparrow_0010_109760.jpg,116,115,116.Chipping_Sparrow,174,173,identity,identity,0,{},5.7352009,5.7352009,0,0.0032302334,0.0032302334,0.39424062,0.39424062,-0.39101038,-0.39101038,0,1,1,146.51957,146.51957,False,1,True,False,False,1,1,146.51957,146.51957,1,1,142.75471,142.75471,1,1,33.001176,33.001176,1,1,21.365478,21.365478,1,1,59.766594,59.766594,1,1,81.528108,81.528108,1,1,71.347218,71.347218,1,1,67.919942,67.919942
0b_gaussian_blur_best,file,18,baseline_gaussian_blur,6776,116.Chipping_Sparrow/Chipping_Sparrow_0010_109760.jpg,116,115,116.Chipping_Sparrow,174,173,gaussian_blur,gaussian_blur,0,"{""sigma"":1.129808}",5.7352009,5.5333939,-0.20180702,0.0032302334,0.0039525512,0.39424062,0.3630178,-0.39101038,-0.35906525,0.031945138,0.80407609,1.2026058,146.51957,176.20528,False,0.96557045,True,False,False,0.80407609,1.2026058,146.51957,176.20528,0.79908086,1.2152895,142.75471,173.4883,0.95259098,0.93402387,33.001176,30.823886,0.66099102,1.7321228,21.365478,37.007632,0.61822163,1.3007932,59.766594,77.743981,0.82720503,1.2042836,81.528108,98.182965,0.85081085,1.1661479,71.347218,83.201409,0.88872456,1.1520038,67.919942,78.244033
0b_gaussian_blur_best,file,18,baseline_gaussian_blur,5910,101.White_Pelican/White_Pelican_0047_97190.jpg,101,100,101.White_Pelican,100,99,identity,identity,0,{},0.0043444303,0.0043444303,0,0.99566501,0.99566501,0.0027827385,0.0027827385,0.99288228,0.99288228,0,1,1,0.59829024,0.59829024,False,1.0000001,True,True,True,1,1,0.59829024,0.59829024,1,1,0.57961213,0.57961213,1,1,0.14832731,0.14832731,1,1,0.10901179,0.10901179,1,1,0.23508799,0.23508799,1,1,0.30545353,0.30545353,1,1,0.25410633,0.25410633,1,1,0.33305915,0.33305915
0b_gaussian_blur_best,file,18,baseline_gaussian_blur,5910,101.White_Pelican/White_Pelican_0047_97190.jpg,101,100,101.White_Pelican,100,99,gaussian_blur,gaussian_blur,0,"{""sigma"":1.697148}",0.0043444303,0.0030941728,-0.0012502575,0.99566501,0.99691063,0.0027827385,0.001214415,0.99288228,0.99569622,0.0028139414,0.83476981,0.73126384,0.59829024,0.43750802,False,0.9860906,True,True,True,0.83476981,0.73126384,0.59829024,0.43750802,0.82771374,0.73586151,0.57961213,0.42651425,0.96049515,0.6570745,0.14832731,0.097462092,0.51749447,0.82586498,0.10901179,0.090029017,0.7869812,0.77479626,0.23508799,0.1821453,0.84944168,0.68700936,0.30545353,0.20984944,0.80543352,0.71472305,0.25410633,0.18161565,0.88361142,0.75726098,0.33305915,0.2522127
0b_gaussian_blur_best,file,18,baseline_gaussian_blur,2998,052.Pied_billed_Grebe/Pied_Billed_Grebe_0052_35937.jpg,52,51,052.Pied_billed_Grebe,155,154,identity,identity,0,{},0.042389255,0.042389255,0,0.95849663,0.95849663,0.005034422,0.005034422,0.95346221,0.95346221,0,1,1,6.7147983,6.7147983,False,0.99999988,True,True,True,1,1,6.7147983,6.7147983,1,1,6.6232776,6.6232776,1,1,1.1048572,1.1048572,1,1,1.2489122,1.2489122,1,1,2.9174181,2.9174181,1,1,3.5892661,3.5892661,1,1,3.0293471,3.0293471,1,1,3.4259191,3.4259191
0b_gaussian_blur_best,file,18,baseline_gaussian_blur,2998,052.Pied_billed_Grebe/Pied_Billed_Grebe_0052_35937.jpg,52,51,052.Pied_billed_Grebe,155,154,gaussian_blur,gaussian_blur,0,"{""sigma"":1.820548}",0.042389255,0.17684166,0.13445241,0.95849663,0.83791244,0.005034422,0.03141252,0.95346221,0.80649992,-0.14696229,0.74077789,4.8631252,6.7147983,32.654905,False,0.97293437,True,True,True,0.74077789,4.8631252,6.7147983,32.654905,0.73565969,4.8814929,6.6232776,32.331483,0.96672753,4.149445,1.1048572,4.5845443,0.70321911,9.1047141,1.2489122,11.370988,0.5569234,5.4351006,2.9174181,15.856461,0.80322299,4.9294178,3.5892661,17.692992,0.78769246,4.2046168,3.0293471,12.737244,0.85668035,4.0162398,3.4259191,13.759313
0b_gaussian_blur_best,file,18,baseline_gaussian_blur,3365,058.Pigeon_Guillemot/Pigeon_Guillemot_0058_40184.jpg,58,57,058.Pigeon_Guillemot,106,105,identity,identity,0,{},0.23676157,0.23676157,0,0.78917944,0.78917944,0.12363261,0.12363261,0.66554683,0.66554683,0,1,1,34.406774,34.406774,False,1,True,True,True,1,1,34.406774,34.406774,1,1,33.672062,33.672062,1,1,7.0723626,7.0723626,1,1,9.6797565,9.6797565,1,1,13.770028,13.770028,1,1,16.828369,16.828369,1,1,16.328199,16.328199,1,1,17.340483,17.340483
0b_gaussian_blur_best,file,18,baseline_gaussian_blur,3365,058.Pigeon_Guillemot/Pigeon_Guillemot_0058_40184.jpg,58,57,058.Pigeon_Guillemot,106,105,gaussian_blur,gaussian_blur,0,"{""sigma"":1.86946}",0.23676157,0.35946453,0.12270296,0.78917944,0.69805002,0.12363261,0.10905495,0.66554683,0.58899507,-0.076551765,0.74819179,1.8121601,34.406774,62.350585,False,0.96884382,True,True,True,0.74819179,1.8121601,34.406774,62.350585,0.74211313,1.825452,33.672062,61.466734,0.93427523,1.4791614,7.0723626,10.461166,0.59077971,2.3147563,9.6797565,22.406277,0.6522866,2.1479579,13.770028,29.577441,0.79793128,1.8867073,16.828369,31.750207,0.77992347,1.5855302,16.328199,25.888852,0.82816246,1.550613,17.340483,26.888377
0b_gaussian_blur_best,file,18,baseline_gaussian_blur,10968,187.American_Three_toed_Woodpecker/American_Three_Toed_Woodpecker_0008_179850.jpg,187,186,187.American_Three_toed_Woodpecker,190,189,identity,identity,0,{},0.29024667,0.29024667,0,0.748079,0.748079,0.1094268,0.1094268,0.6386522,0.6386522,0,1,1,48.555788,48.555788,False,1,True,True,True,1,1,48.555788,48.555788,1,1,47.827932,47.827932,1,1,8.3757641,8.3757641,1,1,7.8393859,7.8393859,1,1,22.495033,22.495033,1,1,27.647473,27.647473,1,1,23.244798,23.244798,1,1,20.37953,20.37953
0b_gaussian_blur_best,file,18,baseline_gaussian_blur,10968,187.American_Three_toed_Woodpecker/American_Three_Toed_Woodpecker_0008_179850.jpg,187,186,187.American_Three_toed_Woodpecker,190,189,gaussian_blur,gaussian_blur,0,"{""sigma"":1.931163}",0.29024667,0.2086557,-0.081590965,0.748079,0.81167465,0.1094268,0.0077767754,0.6386522,0.80389788,0.16524568,0.54083474,1.1337119,48.555788,55.048272,False,0.93815523,True,True,True,0.54083474,1.1337119,48.555788,55.048272,0.53508099,1.1427146,47.827932,54.653679,0.85137694,0.78552104,8.3757641,6.5793389,0.52459189,2.4174936,7.8393859,18.951666,0.29999108,1.2483674,22.495033,28.082066,0.60993693,1.1521706,27.647473,31.854604,0.6557622,0.94827331,23.244798,22.042421,0.68812229,0.90301655,20.37953,18.403053
0b_gaussian_blur_best,file,18,baseline_gaussian_blur,10980,187.American_Three_toed_Woodpecker/American_Three_Toed_Woodpecker_0013_179833.jpg,187,186,187.American_Three_toed_Woodpecker,190,189,identity,identity,0,{},0.068814807,0.068814807,0,0.93349952,0.93349952,0.059912454,0.059912454,0.87358706,0.87358706,0,1,1,17.003548,17.003548,False,1.0000001,True,True,True,1,1,17.003548,17.003548,1,1,16.793104,16.793104,1,1,2.6668861,2.6668861,1,1,3.3047084,3.3047084,1,1,7.026535,7.026535,1,1,10.10187,10.10187,1,1,8.3437316,8.3437316,1,1,7.074562,7.074562
0b_gaussian_blur_best,file,18,baseline_gaussian_blur,10980,187.American_Three_toed_Woodpecker/American_Three_Toed_Woodpecker_0013_179833.jpg,187,186,187.American_Three_toed_Woodpecker,190,189,gaussian_blur,gaussian_blur,0,"{""sigma"":1.736971}",0.068814807,0.017865336,-0.050949471,0.93349952,0.98229331,0.059912454,0.016194275,0.87358706,0.96609903,0.092511972,0.80191181,0.28186381,17.003548,4.7926847,False,0.9700709,True,True,True,0.80191181,0.28186381,17.003548,4.7926847,0.79792141,0.28220636,16.793104,4.7391209,0.96962197,0.26792842,2.6668861,0.71453458,0.69805212,0.44449112,3.3047084,1.4689136,0.71767851,0.32746847,7.026535,2.3009687,0.82551521,0.26268591,10.10187,2.6536188,0.83723362,0.25563355,8.3437316,2.1329378,0.87807005,0.26125132,7.074562,1.8482386
0b_gaussian_blur_best,file,18,baseline_gaussian_blur,9585,163.Cape_May_Warbler/Cape_May_Warbler_0040_163036.jpg,163,162,163.Cape_May_Warbler,182,181,identity,identity,0,{},0.039061222,0.039061222,0,0.96169186,0.96169186,0.016535101,0.016535101,0.94515675,0.94515675,0,1,1,5.745814,5.745814,False,0.99999988,True,True,True,1,1,5.745814,5.745814,1,1,5.6436903,5.6436903,1,1,1.0784891,1.0784891,1,1,1.079151,1.079151,1,1,2.5235812,2.5235812,1,1,2.8923373,2.8923373,1,1,2.8483868,2.8483868,1,1,2.7998729,2.7998729
0b_gaussian_blur_best,file,18,baseline_gaussian_blur,9585,163.Cape_May_Warbler/Cape_May_Warbler_0040_163036.jpg,163,162,163.Cape_May_Warbler,182,181,gaussian_blur,gaussian_blur,0,"{""sigma"":1.899014}",0.039061222,0.15559676,0.11653554,0.96169186,0.85590422,0.016535101,0.053816486,0.94515675,0.80208774,-0.14306902,0.77957211,4.4012696,5.745814,25.288877,False,0.96082675,True,True,True,0.77957211,4.4012696,5.745814,25.288877,0.77519802,4.4307566,5.6436903,25.005818,0.95250208,3.4985129,1.0784891,3.7731081,0.57271336,7.523642,1.079151,8.119146,0.68589633,4.388263,2.5235812,11.074138,0.81586077,4.8263578,2.8923373,13.959455,0.82823725,4.1327563,2.8483868,11.771688,0.86103055,3.6299529,2.7998729,10.163407
0b_gaussian_blur_best,file,18,baseline_gaussian_blur,5511,095.Baltimore_Oriole/Baltimore_Oriole_0020_87066.jpg,95,94,095.Baltimore_Oriole,96,95,identity,identity,0,{},0.48395419,0.48395419,0,0.61634147,0.61634147,0.2852532,0.2852532,0.33108827,0.33108827,0,1,1,58.365085,58.365085,False,1,True,True,True,1,1,58.365085,58.365085,1,1,56.953347,56.953347,1,1,12.75929,12.75929,1,1,14.377291,14.377291,1,1,21.910517,21.910517,1,1,28.808611,28.808611,1,1,30.705902,30.705902,1,1,28.002107,28.002107
0b_gaussian_blur_best,file,18,baseline_gaussian_blur,5511,095.Baltimore_Oriole/Baltimore_Oriole_0020_87066.jpg,95,94,095.Baltimore_Oriole,96,95,gaussian_blur,gaussian_blur,0,"{""sigma"":1.324853}",0.48395419,0.37439412,-0.10956007,0.61634147,0.68770581,0.2852532,0.18028338,0.33108827,0.50742243,0.17633416,0.87814896,0.83889542,58.365085,48.962203,False,0.98694932,True,True,True,0.87814896,0.83889542,58.365085,48.962203,0.87408797,0.84359169,56.953347,48.04537,0.97785626,0.73913092,12.75929,9.4307854,0.83211266,0.85720694,14.377291,12.324313,0.8133865,0.86280468,21.910517,18.904496,0.8618395,0.89434539,28.808611,25.764848,0.90014918,0.81824517,30.705902,25.124956,0.91196535,0.80172187,28.002107,22.449902
0b_gaussian_blur_best,file,18,baseline_gaussian_blur,1671,030.Fish_Crow/Fish_Crow_0003_25970.jpg,30,29,030.Fish_Crow,29,28,identity,identity,0,{},0.04419969,0.04419969,0,0.95676291,0.95676291,0.017534414,0.017534414,0.9392285,0.9392285,0,1,1,7.482432,7.482432,False,1,True,True,True,1,1,7.482432,7.482432,1,1,7.3281522,7.3281522,1,1,1.5116132,1.5116132,1,1,2.3442548,2.3442548,1,1,2.7509176,2.7509176,1,1,3.3542166,3.3542166,1,1,4.0406863,4.0406863,1,1,3.6139759,3.6139759
0b_gaussian_blur_best,file,18,baseline_gaussian_blur,1671,030.Fish_Crow/Fish_Crow_0003_25970.jpg,30,29,030.Fish_Crow,29,28,gaussian_blur,gaussian_blur,0,"{""sigma"":1.223101}",0.04419969,0.06718152,0.02298183,0.95676291,0.93502545,0.017534414,0.018571328,0.9392285,0.91645413,-0.02277437,0.89209011,1.4927622,7.482432,11.169492,False,0.99556774,True,True,True,0.89209011,1.4927622,7.482432,11.169492,0.88825998,1.4958908,7.3281522,10.962115,0.98835219,1.4172484,1.5116132,2.1423313,0.62844006,1.3286768,2.3442548,3.1147569,0.8110702,1.6039454,2.7509176,4.4123217,0.91313492,1.5469401,3.3542166,5.188772,0.93817597,1.4785477,4.0406863,5.9743476,0.95474264,1.4741184,3.6139759,5.3274283
0b_gaussian_blur_best,file,18,baseline_gaussian_blur,3774,065.Slaty_backed_Gull/Slaty_Backed_Gull_0002_53238.jpg,65,64,065.Slaty_backed_Gull,66,65,identity,identity,0,{},0.22711572,0.22711572,0,0.79682857,0.79682857,0.18982139,0.18982139,0.60700718,0.60700718,0,1,1,40.457621,40.457621,False,0.99999994,True,True,True,1,1,40.457621,40.457621,1,1,39.44968,39.44968,1,1,8.9745069,8.9745069,1,1,13.158417,13.158417,1,1,15.725294,15.725294,1,1,18.734946,18.734946,1,1,18.734847,18.734847,1,1,20.829206,20.829206
0b_gaussian_blur_best,file,18,baseline_gaussian_blur,3774,065.Slaty_backed_Gull/Slaty_Backed_Gull_0002_53238.jpg,65,64,065.Slaty_backed_Gull,66,65,gaussian_blur,gaussian_blur,0,"{""sigma"":1.165511}",0.22711572,0.2595028,0.032387078,0.79682857,0.77143508,0.18982139,0.21086824,0.60700718,0.56056684,-0.046440333,0.87371694,1.1764574,40.457621,47.596668,False,0.99713707,True,True,True,0.87371694,1.1764574,40.457621,47.596668,0.86768474,1.179149,39.44968,46.517053,0.99706728,1.1231828,8.9745069,10.080012,0.68112509,1.1625823,13.158417,15.297743,0.81840425,1.3671296,15.725294,21.498515,0.87690568,1.1297286,18.734946,21.165404,0.90660238,1.1688202,18.734847,21.897669,0.94782179,1.1157919,20.829206,23.241059
0b_gaussian_blur_best,file,18,baseline_gaussian_blur,10791,184.Louisiana_Waterthrush/Louisiana_Waterthrush_0015_177515.jpg,184,183,184.Louisiana_Waterthrush,183,182,identity,identity,0,{},3.2630906,3.2630906,0,0.038269933,0.038269933,0.50122786,0.50122786,-0.46295792,-0.46295792,0,1,1,108.92165,108.92165,False,1.0000001,True,False,False,1,1,108.92165,108.92165,1,1,106.24646,106.24646,1,1,23.991981,23.991981,1,1,28.622163,28.622163,1,1,48.064079,48.064079,1,1,60.354842,60.354842,1,1,48.830898,48.830898,1,1,46.171023,46.171023
0b_gaussian_blur_best,file,18,baseline_gaussian_blur,10791,184.Louisiana_Waterthrush/Louisiana_Waterthrush_0015_177515.jpg,184,183,184.Louisiana_Waterthrush,183,182,gaussian_blur,gaussian_blur,0,"{""sigma"":1.639604}",3.2630906,2.2521863,-1.0109043,0.038269933,0.10516904,0.50122786,0.28551984,-0.46295792,-0.1803508,0.28260713,0.67568774,1.5133956,108.92165,164.84154,False,0.95142269,False,False,False,0.67568774,1.5133956,108.92165,164.84154,0.66896276,1.5343331,106.24646,163.01747,0.92956123,1.0192925,23.991981,24.454847,0.73726179,2.7848875,28.622163,79.709504,0.63667383,1.7216226,48.064079,82.748202,0.70398524,1.3874005,60.354842,83.736337,0.69551527,1.2285195,48.830898,59.989709,0.73214119,1.1385271,46.171023,52.566961
0b_gaussian_blur_best,file,18,baseline_gaussian_blur,269,005.Crested_Auklet/Crested_Auklet_0066_785251.jpg,5,4,005.Crested_Auklet,7,6,identity,identity,0,{},0.0492328,0.0492328,0,0.95195949,0.95195949,0.03338642,0.03338642,0.91857307,0.91857307,0,1,1,10.279041,10.279041,False,1,True,True,True,1,1,10.279041,10.279041,1,1,10.110463,10.110463,1,1,1.8539781,1.8539781,1,1,2.5729186,2.5729186,1,1,4.5264343,4.5264343,1,1,6.1252408,6.1252408,1,1,4.452506,4.452506,1,1,4.2153946,4.2153946
0b_gaussian_blur_best,file,18,baseline_gaussian_blur,269,005.Crested_Auklet/Crested_Auklet_0066_785251.jpg,5,4,005.Crested_Auklet,7,6,gaussian_blur,gaussian_blur,0,"{""sigma"":1.405414}",0.0492328,0.19263557,0.14340277,0.95195949,0.82478249,0.03338642,0.13442983,0.91857307,0.69035266,-0.22822041,0.86590489,4.0071262,10.279041,41.189416,False,0.98259044,True,True,True,0.86590489,4.0071262,10.279041,41.189416,0.86258546,4.0197284,10.110463,40.641313,0.98056081,3.6123055,1.8539781,6.6971352,0.79331962,4.9624188,2.5729186,12.7679,0.79819911,4.367611,4.5264343,19.769704,0.90320787,4.0497498,6.1252408,24.805693,0.87475243,3.5190335,4.452506,15.668518,0.90430613,3.6522825,4.2153946,15.395812
0b_gaussian_blur_best,file,18,baseline_gaussian_blur,4032,070.Green_Violetear/Green_Violetear_0089_795698.jpg,70,69,070.Green_Violetear,18,17,identity,identity,0,{},0.0018222409,0.0018222409,0,0.99817944,0.99817944,0.0010452678,0.0010452678,0.99713417,0.99713417,0,1,1,0.34040437,0.34040437,False,0.99999994,True,True,True,1,1,0.34040437,0.34040437,1,1,0.33457042,0.33457042,1,1,0.062751618,0.062751618,1,1,0.064291272,0.064291272,1,1,0.16336571,0.16336571,1,1,0.17840245,0.17840245,1,1,0.15034939,0.15034939,1,1,0.16335015,0.16335015
0b_gaussian_blur_best,file,18,baseline_gaussian_blur,4032,070.Green_Violetear/Green_Violetear_0089_795698.jpg,70,69,070.Green_Violetear,18,17,gaussian_blur,gaussian_blur,0,"{""sigma"":1.255945}",0.0018222409,0.0016204095,-0.00020183134,0.99817944,0.9983809,0.0010452678,0.00089046726,0.99713417,0.99749043,0.00035626424,0.87402287,0.86182628,0.34040437,0.29336943,False,0.99289113,True,True,True,0.87402287,0.86182628,0.34040437,0.29336943,0.86993737,0.8622071,0.33457042,0.288469,0.99177237,0.85092962,0.062751618,0.05339721,0.87040422,1.1252189,0.064291272,0.072341755,0.83796951,0.83769192,0.16336571,0.13685013,0.86844179,0.85130451,0.17840245,0.15187481,0.84823661,0.84815287,0.15034939,0.12751927,0.92742834,0.8641517,0.16335015,0.14115931
0b_gaussian_blur_best,file,18,baseline_gaussian_blur,5581,096.Hooded_Oriole/Hooded_Oriole_0091_90821.jpg,96,95,096.Hooded_Oriole,97,96,identity,identity,0,{},1.0222402,1.0222402,0,0.35978809,0.35978809,0.16704023,0.16704023,0.19274786,0.19274786,0,1,1,96.50367,96.50367,False,0.99999994,True,True,True,1,1,96.50367,96.50367,1,1,95.003433,95.003433,1,1,16.950104,16.950104,1,1,24.946798,24.946798,1,1,34.807037,34.807037,1,1,46.838535,46.838535,1,1,47.864618,47.864618,1,1,52.027971,52.027971
0b_gaussian_blur_best,file,18,baseline_gaussian_blur,5581,096.Hooded_Oriole/Hooded_Oriole_0091_90821.jpg,96,95,096.Hooded_Oriole,97,96,gaussian_blur,gaussian_blur,0,"{""sigma"":1.015856}",1.0222402,0.91508675,-0.10715342,0.35978809,0.40048188,0.16704023,0.16578086,0.19274786,0.23470102,0.041953161,0.9230082,0.96759799,96.50367,93.376758,False,0.99484283,True,True,True,0.9230082,0.96759799,96.50367,93.376758,0.92102409,0.9691025,95.003433,92.068065,0.98998926,0.91908112,16.950104,15.578521,0.84826932,1.2826291,24.946798,31.99749,0.86612305,1.0019794,34.807037,34.875935,0.93290583,0.92562484,46.838535,43.354911,0.94131989,0.93005041,47.864618,44.516508,0.95731754,0.93668605,52.027971,48.733875
0b_gaussian_blur_best,file,18,baseline_gaussian_blur,9536,163.Cape_May_Warbler/Cape_May_Warbler_0108_163108.jpg,163,162,163.Cape_May_Warbler,176,175,identity,identity,0,{},0.0125164,0.0125164,0,0.98756158,0.98756158,0.0029419116,0.0029419116,0.98461967,0.98461967,0,1,1,2.6283764,2.6283764,False,0.99999994,True,True,True,1,1,2.6283764,2.6283764,1,1,2.5982159,2.5982159,1,1,0.39703454,0.39703454,1,1,0.64895889,0.64895889,1,1,1.1504937,1.1504937,1,1,1.5497563,1.5497563,1,1,1.2403261,1.2403261,1,1,1.0323709,1.0323709
0b_gaussian_blur_best,file,18,baseline_gaussian_blur,9536,163.Cape_May_Warbler/Cape_May_Warbler_0108_163108.jpg,163,162,163.Cape_May_Warbler,176,175,gaussian_blur,gaussian_blur,0,"{""sigma"":1.495811}",0.0125164,0.060707532,0.048191132,0.98756158,0.94109845,0.0029419116,0.011561614,0.98461967,0.92953684,-0.055082835,0.81052431,6.1983034,2.6283764,16.291474,False,0.96874905,True,True,True,0.81052431,6.1983034,2.6283764,16.291474,0.80863616,6.2327523,2.5982159,16.194037,0.96676174,4.4810578,0.39703454,1.7791347,0.76823101,10.349545,0.64895889,6.7164295,0.72761575,6.4837518,1.1504937,7.4595154,0.85796722,6.1352294,1.5497563,9.5081102,0.86642948,5.4664776,1.2403261,6.7802146,0.87016648,4.8544975,1.0323709,5.0116418
0b_gaussian_blur_best,file,18,baseline_gaussian_blur,2615,046.Gadwall/Gadwall_0030_31855.jpg,46,45,046.Gadwall,87,86,identity,identity,0,{},0.021872602,0.021872602,0,0.97836488,0.97836488,0.0055947104,0.0055947104,0.97277017,0.97277017,0,1,1,3.9372546,3.9372546,False,0.99999988,True,True,True,1,1,3.9372546,3.9372546,1,1,3.8770356,3.8770356,1,1,0.68598013,0.68598013,1,1,0.76124904,0.76124904,1,1,2.0359198,2.0359198,1,1,1.7739878,1.7739878,1,1,1.9034867,1.9034867,1,1,1.880596,1.880596
0b_gaussian_blur_best,file,18,baseline_gaussian_blur,2615,046.Gadwall/Gadwall_0030_31855.jpg,46,45,046.Gadwall,87,86,gaussian_blur,gaussian_blur,0,"{""sigma"":1.212445}",0.021872602,0.04190924,0.020036638,0.97836488,0.95895684,0.0055947104,0.015549982,0.97277017,0.94340686,-0.029363319,0.8161876,2.4080853,3.9372546,9.4812449,False,0.98240137,True,True,True,0.8161876,2.4080853,3.9372546,9.4812449,0.81218086,2.4172419,3.8770356,9.3717329,0.97205249,2.0946396,0.68598013,1.4368811,0.76012417,2.8179814,0.76124904,2.1451856,0.78993422,2.8295148,2.0359198,5.7606652,0.79904127,2.496497,1.7739878,4.4287553,0.84470113,2.1182434,1.9034867,4.0320481,0.88194327,2.0017269,1.880596,3.7644397
0b_gaussian_blur_best,file,18,baseline_gaussian_blur,2793,049.Boat_tailed_Grackle/Boat_Tailed_Grackle_0043_33595.jpg,49,48,049.Boat_tailed_Grackle,34,33,identity,identity,0,{},2.6400645,2.6400645,0,0.071356677,0.071356677,0.11624323,0.11624323,-0.044886552,-0.044886552,0,1,1,129.23998,129.23998,False,1,True,False,False,1,1,129.23998,129.23998,1,1,126.95453,126.95453,1,1,24.197477,24.197477,1,1,27.731671,27.731671,1,1,50.929566,50.929566,1,1,64.232829,64.232829,1,1,63.636248,63.636248,1,1,67.669484,67.669484
0b_gaussian_blur_best,file,18,baseline_gaussian_blur,2793,049.Boat_tailed_Grackle/Boat_Tailed_Grackle_0043_33595.jpg,49,48,049.Boat_tailed_Grackle,34,33,gaussian_blur,gaussian_blur,0,"{""sigma"":1.1124}",2.6400645,3.238894,0.59882951,0.071356677,0.039207235,0.11624323,0.24591509,-0.044886552,-0.20670785,-0.1618213,0.79773238,1.255067,129.23998,162.20483,False,0.97062641,True,False,False,0.79773238,1.255067,129.23998,162.20483,0.79274887,1.2600215,126.95453,159.96545,0.95966377,1.1100343,24.197477,26.860029,0.69616661,1.6520956,27.731671,45.815371,0.64527249,1.3351632,50.929566,67.999285,0.77898174,1.2787776,64.232829,82.139502,0.84930499,1.2432096,63.636248,79.113192,0.88692401,1.1312623,67.669484,76.551932
0b_gaussian_blur_best,file,18,baseline_gaussian_blur,8764,150.Sage_Thrasher/Sage_Thrasher_0025_155661.jpg,150,149,150.Sage_Thrasher,194,193,identity,identity,0,{},0.02212589,0.02212589,0,0.97811711,0.97811711,0.0070284763,0.0070284763,0.97108863,0.97108863,0,1,1,3.1513241,3.1513241,False,1,True,True,True,1,1,3.1513241,3.1513241,1,1,3.072402,3.072402,1,1,0.70084895,0.70084895,1,1,0.48740789,0.48740789,1,1,1.2573119,1.2573119,1,1,1.6074232,1.6074232,1,1,1.4690104,1.4690104,1,1,1.6968953,1.6968953
0b_gaussian_blur_best,file,18,baseline_gaussian_blur,8764,150.Sage_Thrasher/Sage_Thrasher_0025_155661.jpg,150,149,150.Sage_Thrasher,194,193,gaussian_blur,gaussian_blur,0,"{""sigma"":1.422196}",0.02212589,0.039386064,0.017260173,0.97811711,0.96137947,0.0070284763,0.012865354,0.97108863,0.94851411,-0.022574518,0.84010489,2.112894,3.1513241,6.6584137,False,0.98771626,True,True,True,0.84010489,2.112894,3.1513241,6.6584137,0.83401724,2.1261169,3.072402,6.5322859,0.98364218,1.8404116,0.70084895,1.2898506,0.81961882,3.2950596,0.48740789,1.6060381,0.73054498,2.5528863,1.2573119,3.2097745,0.84556434,2.1068573,1.6074232,3.3866113,0.85554092,1.956193,1.4690104,2.8736678,0.91667872,1.8693019,1.6968953,3.1720096
0b_gaussian_blur_best,file,18,baseline_gaussian_blur,2169,038.Great_Crested_Flycatcher/Great_Crested_Flycatcher_0069_29603.jpg,38,37,038.Great_Crested_Flycatcher,39,38,identity,identity,0,{},2.0272481,2.0272481,0,0.13169746,0.13169746,0.41227618,0.41227618,-0.28057872,-0.28057872,0,1,1,151.1885,151.1885,False,1,True,False,False,1,1,151.1885,151.1885,1,1,147.86887,147.86887,1,1,31.50811,31.50811,1,1,35.241294,35.241294,1,1,66.996603,66.996603,1,1,77.58618,77.58618,1,1,71.592835,71.592835,1,1,70.636814,70.636814
0b_gaussian_blur_best,file,18,baseline_gaussian_blur,2169,038.Great_Crested_Flycatcher/Great_Crested_Flycatcher_0069_29603.jpg,38,37,038.Great_Crested_Flycatcher,39,38,gaussian_blur,gaussian_blur,0,"{""sigma"":1.776278}",2.0272481,4.3474884,2.3202403,0.13169746,0.012939272,0.41227618,0.098284081,-0.28057872,-0.085344808,0.19523391,0.64394927,1.3115905,151.1885,198.29741,False,0.96761084,False,False,False,0.64394927,1.3115905,151.1885,198.29741,0.63408603,1.3098866,147.86887,193.69145,0.85521258,1.3485723,31.50811,42.490964,0.58434047,1.8310281,35.241294,64.527798,0.57473814,1.4441357,66.996603,96.752189,0.57686338,1.2638472,77.58618,98.057077,0.69795957,1.1961237,71.592835,85.633884,0.74876737,1.1881028,70.636814,83.923796
0b_gaussian_blur_best,file,18,baseline_gaussian_blur,2664,047.American_Goldfinch/American_Goldfinch_0048_32885.jpg,47,46,047.American_Goldfinch,161,160,identity,identity,0,{},0.11641432,0.11641432,0,0.89010638,0.89010638,0.045293774,0.045293774,0.84481261,0.84481261,0,1,1,18.461219,18.461219,False,1,True,True,True,1,1,18.461219,18.461219,1,1,18.143589,18.143589,1,1,3.4098065,3.4098065,1,1,3.2195613,3.2195613,1,1,7.1294374,7.1294374,1,1,8.9942252,8.9942252,1,1,9.755251,9.755251,1,1,9.5882413,9.5882413
0b_gaussian_blur_best,file,18,baseline_gaussian_blur,2664,047.American_Goldfinch/American_Goldfinch_0048_32885.jpg,47,46,047.American_Goldfinch,161,160,gaussian_blur,gaussian_blur,0,"{""sigma"":1.255684}",0.11641432,0.2139848,0.097570486,0.89010638,0.80736065,0.045293774,0.070203833,0.84481261,0.73715682,-0.10765579,0.86240861,1.7197441,18.461219,31.748572,False,0.99319744,True,True,True,0.86240861,1.7197441,18.461219,31.748572,0.85806419,1.7203792,18.143589,31.213853,0.98681511,1.7016641,3.4098065,5.8023453,0.35322077,2.4311062,3.2195613,7.8270954,0.7681278,1.8019862,7.1294374,12.847148,0.88299729,1.6685844,8.9942252,15.007624,0.90511941,1.6597542,9.755251,16.191319,0.93380811,1.6836504,9.5882413,16.143246
0b_gaussian_blur_best,file,18,baseline_gaussian_blur,6240,107.Common_Raven/Common_Raven_0079_101100.jpg,107,106,107.Common_Raven,30,29,identity,identity,0,{},1.1388109,1.1388109,0,0.32019955,0.32019955,0.52545285,0.52545285,-0.2052533,-0.2052533,0,1,1,112.22738,112.22738,False,1,True,False,False,1,1,112.22738,112.22738,1,1,109.94834,109.94834,1,1,22.502169,22.502169,1,1,30.669585,30.669585,1,1,43.497056,43.497056,1,1,57.24484,57.24484,1,1,58.0005,58.0005,1,1,51.13698,51.13698
0b_gaussian_blur_best,file,18,baseline_gaussian_blur,6240,107.Common_Raven/Common_Raven_0079_101100.jpg,107,106,107.Common_Raven,30,29,gaussian_blur,gaussian_blur,0,"{""sigma"":1.276016}",1.1388109,0.72003788,-0.418773,0.32019955,0.48673382,0.52545285,0.43100476,-0.2052533,0.055729061,0.26098236,0.75634033,0.80273998,112.22738,90.089407,False,0.98321974,False,False,True,0.75634033,0.80273998,112.22738,90.089407,0.74684513,0.80260427,109.94834,88.245008,0.98208929,0.80597316,22.502169,18.136145,0.54105492,1.0053488,30.669585,30.833631,0.4774398,0.81647459,43.497056,35.514241,0.74108293,0.7233401,57.24484,41.407488,0.85961766,0.79486653,58.0005,46.102656,0.91157103,0.8145847,51.13698,41.655401
0b_gaussian_blur_best,file,18,baseline_gaussian_blur,10156,173.Orange_crowned_Warbler/Orange_Crowned_Warbler_0120_167587.jpg,173,172,173.Orange_crowned_Warbler,179,178,identity,identity,0,{},0.29302701,0.29302701,0,0.74600196,0.74600196,0.12238465,0.12238465,0.62361731,0.62361731,0,1,1,40.993662,40.993662,False,1,True,True,True,1,1,40.993662,40.993662,1,1,40.105689,40.105689,1,1,8.4861105,8.4861105,1,1,10.41383,10.41383,1,1,17.725486,17.725486,1,1,20.237991,20.237991,1,1,19.019933,19.019933,1,1,20.359063,20.359063
0b_gaussian_blur_best,file,18,baseline_gaussian_blur,10156,173.Orange_crowned_Warbler/Orange_Crowned_Warbler_0120_167587.jpg,173,172,173.Orange_crowned_Warbler,179,178,gaussian_blur,gaussian_blur,0,"{""sigma"":1.915397}",0.29302701,0.63863504,0.34560803,0.74600196,0.52801263,0.12238465,0.17529187,0.62361731,0.35272077,-0.27089655,0.69339276,1.927864,40.993662,79.030207,False,0.97347188,True,True,True,0.69339276,1.927864,40.993662,79.030207,0.68227109,1.9298722,40.105689,77.398854,0.94826336,1.8824523,8.4861105,15.974698,0.13173156,1.9749679,10.41383,20.56698,0.64800996,2.3203355,17.725486,41.129074,0.69573546,1.8800084,20.237991,38.047592,0.73481781,1.8185238,19.019933,34.588202,0.83695693,1.7240537,20.359063,35.100118
0b_gaussian_blur_best,file,18,baseline_gaussian_blur,9794,167.Hooded_Warbler/Hooded_Warbler_0057_164137.jpg,167,166,167.Hooded_Warbler,176,175,identity,identity,0,{},0.001474604,0.001474604,0,0.99852645,0.99852645,0.00033368912,0.00033368912,0.99819276,0.99819276,0,1,1,0.20484838,0.20484838,False,1,True,True,True,1,1,0.20484838,0.20484838,1,1,0.20038604,0.20038604,1,1,0.042524081,0.042524081,1,1,0.022896452,0.022896452,1,1,0.059526105,0.059526105,1,1,0.093951977,0.093951977,1,1,0.10056174,0.10056174,1,1,0.13094778,0.13094778
0b_gaussian_blur_best,file,18,baseline_gaussian_blur,9794,167.Hooded_Warbler/Hooded_Warbler_0057_164137.jpg,167,166,167.Hooded_Warbler,176,175,gaussian_blur,gaussian_blur,0,"{""sigma"":1.95486}",0.001474604,0.0033180441,0.0018434401,0.99852645,0.99668747,0.00033368912,0.00079105468,0.99819276,0.99589642,-0.0022963477,0.83273101,2.4232044,0.20484838,0.4963895,False,0.99110806,True,True,True,0.83273101,2.4232044,0.20484838,0.4963895,0.8265845,2.4337326,0.20038604,0.48768604,0.99036744,2.1763331,0.042524081,0.092546566,0.43870454,4.0808066,0.022896452,0.093435992,0.63891953,3.137085,0.059526105,0.18673845,0.81705785,2.5440709,0.093951977,0.23902049,0.84424734,2.3382788,0.10056174,0.23514138,0.91913183,2.1843153,0.13094778,0.28603124
0b_gaussian_blur_best,file,18,baseline_gaussian_blur,9937,169.Magnolia_Warbler/Magnolia_Warbler_0032_165960.jpg,169,168,169.Magnolia_Warbler,172,171,identity,identity,0,{},3.0881352,3.0881352,0,0.04558688,0.04558688,0.31549019,0.31549019,-0.26990331,-0.26990331,0,1,1,128.39711,128.39711,False,1,True,False,False,1,1,128.39711,128.39711,1,1,126.20771,126.20771,1,1,23.609986,23.609986,1,1,16.70893,16.70893,1,1,46.062678,46.062678,1,1,63.678033,63.678033,1,1,70.849248,70.849248,1,1,66.730208,66.730208
0b_gaussian_blur_best,file,18,baseline_gaussian_blur,9937,169.Magnolia_Warbler/Magnolia_Warbler_0032_165960.jpg,169,168,169.Magnolia_Warbler,172,171,gaussian_blur,gaussian_blur,0,"{""sigma"":1.093201}",3.0881352,3.1909056,0.10277033,0.04558688,0.041134596,0.31549019,0.34070045,-0.26990331,-0.29956585,-0.029662546,0.8873355,1.13583,128.39711,145.8373,False,0.99229139,True,False,False,0.8873355,1.13583,128.39711,145.8373,0.88397241,1.138069,126.20771,143.63309,0.99120044,1.069875,23.609986,25.259735,0.81034591,1.492236,16.70893,24.933666,0.76708101,1.2292215,46.062678,56.621233,0.87908152,1.2458623,63.678033,79.334061,0.91517426,1.0818106,70.849248,76.645467,0.94115516,1.020173,66.730208,68.076358
0b_gaussian_blur_best,file,18,baseline_gaussian_blur,9237,158.Bay_breasted_Warbler/Bay_Breasted_Warbler_0062_159783.jpg,158,157,158.Bay_breasted_Warbler,165,164,identity,identity,0,{},0.037261777,0.037261777,0,0.96342391,0.96342391,0.021547854,0.021547854,0.94187605,0.94187605,0,1,1,5.4170029,5.4170029,False,1,True,True,True,1,1,5.4170029,5.4170029,1,1,5.2993465,5.2993465,1,1,1.1228744,1.1228744,1,1,1.0423535,1.0423535,1,1,1.9374815,1.9374815,1,1,2.6428341,2.6428341,1,1,2.6965524,2.6965524,1,1,2.9977943,2.9977943
0b_gaussian_blur_best,file,18,baseline_gaussian_blur,9237,158.Bay_breasted_Warbler/Bay_Breasted_Warbler_0062_159783.jpg,158,157,158.Bay_breasted_Warbler,165,164,gaussian_blur,gaussian_blur,0,"{""sigma"":1.868029}",0.037261777,0.024139887,-0.01312189,0.96342391,0.97614914,0.021547854,0.011715309,0.94187605,0.96443383,0.022557779,0.72158948,0.71482203,5.4170029,3.872193,False,0.98049456,True,True,True,0.72158948,0.71482203,5.4170029,3.872193,0.71175851,0.7183451,5.2993465,3.8067596,0.97655933,0.63127648,1.1228744,0.70884418,0.56093484,1.0507721,1.0423535,1.0952759,0.42298336,0.84257711,1.9374815,1.6324776,0.70725833,0.70076354,2.6428341,1.8520018,0.76683278,0.67700732,2.6965524,1.8255857,0.8728561,0.65572864,2.9977943,1.9657396
0b_gaussian_blur_best,file,18,baseline_gaussian_blur,8240,141.Artic_Tern/Artic_Tern_0080_140889.jpg,141,140,141.Artic_Tern,144,143,identity,identity,0,{},0.0058666896,0.0058666896,0,0.99415046,0.99415046,0.0019181611,0.0019181611,0.9922323,0.9922323,0,1,1,0.82402395,0.82402395,False,1.0000001,True,True,True,1,1,0.82402395,0.82402395,1,1,0.80239555,0.80239555,1,1,0.18755491,0.18755491,1,1,0.20403626,0.20403626,1,1,0.34224102,0.34224102,1,1,0.39610978,0.39610978,1,1,0.37994869,0.37994869,1,1,0.42873646,0.42873646
0b_gaussian_blur_best,file,18,baseline_gaussian_blur,8240,141.Artic_Tern/Artic_Tern_0080_140889.jpg,141,140,141.Artic_Tern,144,143,gaussian_blur,gaussian_blur,0,"{""sigma"":1.011583}",0.0058666896,0.0069167465,0.0010500569,0.99415046,0.99310714,0.0019181611,0.0029559301,0.9922323,0.99015121,-0.0020810887,0.87443583,1.2183281,0.82402395,1.0039315,False,0.99554002,True,True,True,0.87443583,1.2183281,0.82402395,1.0039315,0.8678939,1.2157366,0.80239555,0.97550165,0.99017362,1.2648215,0.18755491,0.23722348,0.68486794,1.383945,0.20403626,0.28237497,0.7980013,1.2563905,0.34224102,0.42998836,0.87307232,1.1913609,0.39610978,0.47190971,0.89755704,1.2110031,0.37994869,0.46011905,0.93901833,1.1721956,0.42873646,0.50256299
0b_gaussian_blur_best,file,18,baseline_gaussian_blur,2115,038.Great_Crested_Flycatcher/Great_Crested_Flycatcher_0084_29716.jpg,38,37,038.Great_Crested_Flycatcher,39,38,identity,identity,0,{},0.16894063,0.16894063,0,0.84455901,0.84455901,0.06340418,0.06340418,0.78115483,0.78115483,0,1,1,25.447083,25.447083,False,1,True,True,True,1,1,25.447083,25.447083,1,1,24.958294,24.958294,1,1,4.9636288,4.9636288,1,1,4.5527363,4.5527363,1,1,10.575473,10.575473,1,1,12.917071,12.917071,1,1,12.777918,12.777918,1,1,12.657902,12.657902
0b_gaussian_blur_best,file,18,baseline_gaussian_blur,2115,038.Great_Crested_Flycatcher/Great_Crested_Flycatcher_0084_29716.jpg,38,37,038.Great_Crested_Flycatcher,39,38,gaussian_blur,gaussian_blur,0,"{""sigma"":1.007066}",0.16894063,0.20621361,0.037272975,0.84455901,0.81365925,0.06340418,0.089143187,0.78115483,0.72451606,-0.05663877,0.87367931,1.3475682,25.447083,34.29168,False,0.99051046,True,True,True,0.87367931,1.3475682,25.447083,34.29168,0.86924623,1.3487035,24.958294,33.661337,0.98854078,1.31854,4.9636288,6.5447432,0.77913842,1.5649487,4.5527363,7.1247988,0.80027067,1.3400395,10.575473,14.171552,0.85754679,1.3436915,12.917071,17.356558,0.88980751,1.3520136,12.777918,17.275918,0.92425162,1.3261581,12.657902,16.786378
0b_gaussian_blur_best,file,18,baseline_gaussian_blur,2563,045.Northern_Fulmar/Northern_Fulmar_0041_44013.jpg,45,44,045.Northern_Fulmar,142,141,identity,identity,0,{},3.1791003,3.1791003,0,0.041623086,0.041623086,0.30548128,0.30548128,-0.2638582,-0.2638582,0,1,1,163.97378,163.97378,False,1,True,False,False,1,1,163.97378,163.97378,1,1,161.09777,161.09777,1,1,30.576305,30.576305,1,1,40.869204,40.869204,1,1,73.291208,73.291208,1,1,89.601174,89.601174,1,1,77.113637,77.113637,1,1,70.254642,70.254642
0b_gaussian_blur_best,file,18,baseline_gaussian_blur,2563,045.Northern_Fulmar/Northern_Fulmar_0041_44013.jpg,45,44,045.Northern_Fulmar,142,141,gaussian_blur,gaussian_blur,0,"{""sigma"":1.686723}",3.1791003,4.3429847,1.1638844,0.041623086,0.012997678,0.30548128,0.35798824,-0.2638582,-0.34499056,-0.081132361,0.79978376,1.0600341,163.97378,173.8178,False,0.95537889,True,False,False,0.79978376,1.0600341,163.97378,173.8178,0.79484261,1.0626325,161.09777,171.18773,0.94994976,0.98516978,30.576305,30.122852,0.77389162,1.6373366,40.869204,66.916644,0.67813221,1.1369348,73.291208,83.327324,0.85834318,0.93467209,89.601174,83.747717,0.84530307,0.9882263,77.113637,76.205724,0.85095608,1.0128089,70.254642,71.15453
0b_gaussian_blur_best,file,18,baseline_gaussian_blur,2526,044.Frigatebird/Frigatebird_0082_42989.jpg,44,43,044.Frigatebird,72,71,identity,identity,0,{},2.7124648,2.7124648,0,0.06637302,0.06637302,0.69485259,0.69485259,-0.62847957,-0.62847957,0,1,1,186.35532,186.35532,False,1,True,False,False,1,1,186.35532,186.35532,1,1,183.65212,183.65212,1,1,31.626001,31.626001,1,1,63.904446,63.904446,1,1,67.072815,67.072815,1,1,94.829937,94.829937,1,1,95.578799,95.578799,1,1,83.770738,83.770738
0b_gaussian_blur_best,file,18,baseline_gaussian_blur,2526,044.Frigatebird/Frigatebird_0082_42989.jpg,44,43,044.Frigatebird,72,71,gaussian_blur,gaussian_blur,0,"{""sigma"":1.013345}",2.7124648,1.7059989,-1.0064659,0.06637302,0.18159091,0.69485259,0.40603054,-0.62847957,-0.22443962,0.40403995,0.82648729,0.94473021,186.35532,176.0555,False,0.98798507,True,False,False,0.82648729,0.94473021,186.35532,176.0555,0.82314687,0.94664707,183.65212,173.85374,0.95029157,0.87764367,31.626001,27.756359,0.85340589,1.0164398,63.904446,64.955021,0.74820554,1.2115859,67.072815,81.264478,0.81000206,0.89050658,94.829937,84.446683,0.85603782,0.86522293,95.578799,82.696968,0.87601167,0.87980906,83.770738,73.702255
0b_gaussian_blur_best,file,18,baseline_gaussian_blur,6959,119.Field_Sparrow/Field_Sparrow_0027_113353.jpg,119,118,119.Field_Sparrow,56,55,identity,identity,0,{},0.084562942,0.084562942,0,0.91891384,0.91891384,0.026736585,0.026736585,0.89217726,0.89217726,0,1,1,13.66362,13.66362,False,0.99999976,True,True,True,1,1,13.66362,13.66362,1,1,13.360965,13.360965,1,1,2.8599204,2.8599204,1,1,2.1011297,2.1011297,1,1,5.9693158,5.9693158,1,1,6.5622578,6.5622578,1,1,6.6623573,6.6623573,1,1,7.1426655,7.1426655
0b_gaussian_blur_best,file,18,baseline_gaussian_blur,6959,119.Field_Sparrow/Field_Sparrow_0027_113353.jpg,119,118,119.Field_Sparrow,56,55,gaussian_blur,gaussian_blur,0,"{""sigma"":1.846619}",0.084562942,0.017997414,-0.066565529,0.91891384,0.98216355,0.026736585,0.0023437361,0.89217726,0.97981981,0.087642557,0.60915554,0.25905595,13.66362,3.5396422,False,0.96302247,True,True,True,0.60915554,0.25905595,13.66362,3.5396422,0.59635118,0.25889307,13.360965,3.4590612,0.88474777,0.26258577,2.8599204,0.75097438,0.50385314,0.38280124,2.1011297,0.80431506,0.43617491,0.28729109,5.9693158,1.7149312,0.53315411,0.26726618,6.5622578,1.7538695,0.64853385,0.2380779,6.6623573,1.58616,0.77639326,0.23365241,7.1426655,1.668901
0b_gaussian_blur_best,file,18,baseline_gaussian_blur,10368,177.Prothonotary_Warbler/Prothonotary_Warbler_0112_174594.jpg,177,176,177.Prothonotary_Warbler,180,179,identity,identity,0,{},0.58001703,0.58001703,0,0.55988884,0.55988884,0.39202511,0.39202511,0.16786373,0.16786373,0,1,1,119.92604,119.92604,False,1,True,True,True,1,1,119.92604,119.92604,1,1,119.0108,119.0108,1,1,14.788009,14.788009,1,1,32.439721,32.439721,1,1,66.759436,66.759436,1,1,58.89608,58.89608,1,1,53.577157,53.577157,1,1,48.116028,48.116028
0b_gaussian_blur_best,file,18,baseline_gaussian_blur,10368,177.Prothonotary_Warbler/Prothonotary_Warbler_0112_174594.jpg,177,176,177.Prothonotary_Warbler,180,179,gaussian_blur,gaussian_blur,0,"{""sigma"":1.459461}",0.58001703,1.1132871,0.53327006,0.55988884,0.32847741,0.39202511,0.62731057,0.16786373,-0.29883316,-0.46669689,0.88622517,1.5245942,119.92604,182.83855,False,0.99356896,False,True,False,0.88622517,1.5245942,119.92604,182.83855,0.88458109,1.5246963,119.0108,181.45532,0.9931883,1.5179676,14.788009,22.447718,0.78021859,1.7070448,32.439721,55.376057,0.8586077,1.4340147,66.759436,95.734013,0.88930669,1.5715724,58.89608,92.559451,0.91115585,1.533237,53.577157,82.146478,0.95083449,1.5242993,48.116028,73.343227
0b_gaussian_blur_best,file,18,baseline_gaussian_blur,6810,117.Clay_colored_Sparrow/Clay_Colored_Sparrow_0064_110664.jpg,117,116,117.Clay_colored_Sparrow,115,114,identity,identity,0,{},0.16421123,0.16421123,0,0.84856278,0.84856278,0.11669449,0.11669449,0.73186829,0.73186829,0,1,1,25.294736,25.294736,False,1,True,True,True,1,1,25.294736,25.294736,1,1,24.743417,24.743417,1,1,5.2523328,5.2523328,1,1,5.1410456,5.1410456,1,1,11.765278,11.765278,1,1,14.466476,14.466476,1,1,11.515227,11.515227,1,1,10.27157,10.27157
0b_gaussian_blur_best,file,18,baseline_gaussian_blur,6810,117.Clay_colored_Sparrow/Clay_Colored_Sparrow_0064_110664.jpg,117,116,117.Clay_colored_Sparrow,115,114,gaussian_blur,gaussian_blur,0,"{""sigma"":1.987829}",0.16421123,0.41940024,0.25518902,0.84856278,0.65744102,0.11669449,0.16053416,0.73186829,0.49690686,-0.23496143,0.72230571,2.2843887,25.294736,57.783008,False,0.95737237,True,True,True,0.72230571,2.2843887,25.294736,57.783008,0.71593197,2.3051349,24.743417,57.036913,0.93266127,1.7621926,5.2523328,9.2556219,0.39722619,4.0177657,5.1410456,20.655517,0.68284893,2.4864424,11.765278,29.253688,0.76903024,2.1497,14.466476,31.098584,0.79240816,2.0936722,11.515227,24.10911,0.79209163,2.0009218,10.27157,20.552609
0b_gaussian_blur_best,file,18,baseline_gaussian_blur,1601,029.American_Crow/American_Crow_0132_25704.jpg,29,28,029.American_Crow,30,29,identity,identity,0,{},0.18588299,0.18588299,0,0.83037078,0.83037078,0.046461366,0.046461366,0.78390942,0.78390942,0,1,1,28.490802,28.490802,False,1,True,True,True,1,1,28.490802,28.490802,1,1,27.953057,27.953057,1,1,5.5092994,5.5092994,1,1,9.093505,9.093505,1,1,12.120972,12.120972,1,1,13.775324,13.775324,1,1,13.673237,13.673237,1,1,13.230519,13.230519
0b_gaussian_blur_best,file,18,baseline_gaussian_blur,1601,029.American_Crow/American_Crow_0132_25704.jpg,29,28,029.American_Crow,30,29,gaussian_blur,gaussian_blur,0,"{""sigma"":1.628452}",0.18588299,0.47851521,0.29263222,0.83037078,0.61970282,0.046461366,0.060531184,0.78390942,0.55917163,-0.22473779,0.8051732,2.8562632,28.490802,81.377227,False,0.98301387,True,True,True,0.8051732,2.8562632,28.490802,81.377227,0.8009408,2.8772618,27.953057,80.428264,0.96836193,2.2491836,5.5092994,12.391426,0.78951006,4.0954383,9.093505,37.241889,0.70751047,3.0179848,12.120972,36.58091,0.80181166,2.6532939,13.775324,36.549984,0.86285554,2.7269339,13.673237,37.286013,0.89096192,2.4108864,13.230519,31.897277
0b_gaussian_blur_best,file,18,baseline_gaussian_blur,10767,183.Northern_Waterthrush/Northern_Waterthrush_0016_177345.jpg,183,182,183.Northern_Waterthrush,99,98,identity,identity,0,{},0.063008882,0.063008882,0,0.93893516,0.93893516,0.020331819,0.020331819,0.91860334,0.91860334,0,1,1,8.8184507,8.8184507,False,1.0000001,True,True,True,1,1,8.8184507,8.8184507,1,1,8.63744,8.63744,1,1,1.7775552,1.7775552,1,1,1.1992055,1.1992055,1,1,3.7274091,3.7274091,1,1,4.7832839,4.7832839,1,1,4.3375146,4.3375146,1,1,4.1928345,4.1928345
0b_gaussian_blur_best,file,18,baseline_gaussian_blur,10767,183.Northern_Waterthrush/Northern_Waterthrush_0016_177345.jpg,183,182,183.Northern_Waterthrush,99,98,gaussian_blur,gaussian_blur,0,"{""sigma"":1.101429}",0.063008882,0.089728229,0.026719347,0.93893516,0.91417962,0.020331819,0.029538548,0.91860334,0.88464108,-0.033962267,0.83318458,1.7152032,8.8184507,15.125435,False,0.98041308,True,True,True,0.83318458,1.7152032,8.8184507,15.125435,0.82890676,1.7269123,8.63744,14.916102,0.973338,1.4107717,1.7775552,2.5077246,0.74157424,2.8326668,1.1992055,3.3969495,0.81393261,1.8629013,3.7274091,6.9437952,0.81665463,1.8650413,4.7832839,8.9210219,0.84231188,1.5810573,4.3375146,6.857859,0.90491772,1.4333894,4.1928345,6.0099644
0b_gaussian_blur_best,file,18,baseline_gaussian_blur,138,003.Sooty_Albatross/Sooty_Albatross_0055_1160.jpg,3,2,003.Sooty_Albatross,2,1,identity,identity,0,{},0.47342187,0.47342187,0,0.62286723,0.62286723,0.15796764,0.15796764,0.46489958,0.46489958,0,1,1,56.816227,56.816227,False,1.0000001,True,True,True,1,1,56.816227,56.816227,1,1,55.872904,55.872904,1,1,10.3103,10.3103,1,1,11.7635,11.7635,1,1,25.718609,25.718609,1,1,28.241487,28.241487,1,1,28.288799,28.288799,1,1,26.909419,26.909419
0b_gaussian_blur_best,file,18,baseline_gaussian_blur,138,003.Sooty_Albatross/Sooty_Albatross_0055_1160.jpg,3,2,003.Sooty_Albatross,2,1,gaussian_blur,gaussian_blur,0,"{""sigma"":1.825239}",0.47342187,0.52650714,0.053085268,0.62286723,0.59066445,0.15796764,0.16136701,0.46489958,0.42929743,-0.035602152,0.75247584,1.3059563,56.816227,74.199509,False,0.97071522,True,True,True,0.75247584,1.3059563,56.816227,74.199509,0.74669234,1.3122011,55.872904,73.316484,0.96441288,1.106967,10.3103,11.413162,0.60548085,1.7794547,11.7635,20.932615,0.70623247,1.3736562,25.718609,35.328526,0.75230713,1.3566348,28.241487,38.313385,0.76545727,1.2464838,28.288799,35.261531,0.820527,1.1620014,26.909419,31.268782
0b_gaussian_blur_best,file,18,baseline_gaussian_blur,11555,197.Marsh_Wren/Marsh_Wren_0103_188483.jpg,197,196,197.Marsh_Wren,193,192,identity,identity,0,{},0.44356763,0.44356763,0,0.64174283,0.64174283,0.27668449,0.27668449,0.36505833,0.36505833,0,1,1,60.890956,60.890956,False,0.99999988,True,True,True,1,1,60.890956,60.890956,1,1,59.395219,59.395219,1,1,13.413294,13.413294,1,1,14.344106,14.344106,1,1,21.852874,21.852874,1,1,30.571442,30.571442,1,1,32.071647,32.071647,1,1,29.686478,29.686478
0b_gaussian_blur_best,file,18,baseline_gaussian_blur,11555,197.Marsh_Wren/Marsh_Wren_0103_188483.jpg,197,196,197.Marsh_Wren,193,192,gaussian_blur,gaussian_blur,0,"{""sigma"":1.638991}",0.44356763,0.12414432,-0.31942331,0.64174283,0.88325238,0.27668449,0.053105194,0.36505833,0.83014719,0.46508886,0.64111775,0.34908401,60.890956,21.256059,False,0.96026212,True,True,True,0.64111775,0.34908401,60.890956,21.256059,0.62962682,0.35195404,59.395219,20.904387,0.93017721,0.28706865,13.413294,3.8505363,0.35967031,0.55533586,14.344106,7.9657962,0.39077339,0.4451156,21.852874,9.727055,0.65737504,0.34352748,30.571442,10.50213,0.76256238,0.30356852,32.071647,9.7359425,0.81705183,0.28946022,29.686478,8.5930547
0b_gaussian_blur_best,file,18,baseline_gaussian_blur,5018,086.Pacific_Loon/Pacific_Loon_0023_75476.jpg,86,85,086.Pacific_Loon,53,52,identity,identity,0,{},0.0029326549,0.0029326549,0,0.99707162,0.99707162,0.00089768623,0.00089768623,0.99617394,0.99617394,0,1,1,0.4371844,0.4371844,False,1,True,True,True,1,1,0.4371844,0.4371844,1,1,0.42843328,0.42843328,1,1,0.087035208,0.087035208,1,1,0.094555561,0.094555561,1,1,0.1881442,0.1881442,1,1,0.21843931,0.21843931,1,1,0.20563233,0.20563233,1,1,0.2218461,0.2218461
0b_gaussian_blur_best,file,18,baseline_gaussian_blur,5018,086.Pacific_Loon/Pacific_Loon_0023_75476.jpg,86,85,086.Pacific_Loon,53,52,gaussian_blur,gaussian_blur,0,"{""sigma"":1.512441}",0.0029326549,0.003630596,0.00069794105,0.99707162,0.99637598,0.00089768623,0.0016943261,0.99617394,0.99468165,-0.0014922856,0.82364428,1.4151431,0.4371844,0.6186785,False,0.98385358,True,True,True,0.82364428,1.4151431,0.4371844,0.6186785,0.81792163,1.4182106,0.42843328,0.60760863,0.97187202,1.3386669,0.087035208,0.11651115,0.75376153,1.3360774,0.094555561,0.12633355,0.75813389,1.683438,0.1881442,0.31672909,0.80899555,1.4064462,0.21843931,0.30722313,0.85139905,1.3470153,0.20563233,0.27698989,0.88185728,1.2892238,0.2218461,0.28600928
0b_gaussian_blur_best,file,18,baseline_gaussian_blur,10036,171.Myrtle_Warbler/Myrtle_Warbler_0084_166747.jpg,171,170,171.Myrtle_Warbler,166,165,identity,identity,0,{},1.171654,1.171654,0,0.309854,0.309854,0.46523413,0.46523413,-0.15538013,-0.15538013,0,1,1,116.78107,116.78107,False,1,True,False,False,1,1,116.78107,116.78107,1,1,114.75823,114.75823,1,1,21.641805,21.641805,1,1,22.643443,22.643443,1,1,39.797492,39.797492,1,1,57.669289,57.669289,1,1,65.034344,65.034344,1,1,59.309964,59.309964
0b_gaussian_blur_best,file,18,baseline_gaussian_blur,10036,171.Myrtle_Warbler/Myrtle_Warbler_0084_166747.jpg,171,170,171.Myrtle_Warbler,166,165,gaussian_blur,gaussian_blur,0,"{""sigma"":1.883336}",1.171654,0.69831526,-0.47333872,0.309854,0.49742264,0.46523413,0.42882475,-0.15538013,0.068597883,0.22397801,0.75381589,0.84898508,116.78107,99.145386,False,0.96282047,False,False,True,0.75381589,0.84898508,116.78107,99.145386,0.74612708,0.84657909,114.75823,97.151915,0.95618551,0.91404718,21.641805,19.781631,0.67489026,1.6832776,22.643443,38.115201,0.54938823,0.88574748,39.797492,35.250528,0.74066708,0.78106015,57.669289,45.043183,0.80870504,0.7631545,65.034344,49.631252,0.86395568,0.79994079,59.309964,47.44446
0b_gaussian_blur_best,file,18,baseline_gaussian_blur,6388,110.Geococcyx/Geococcyx_0107_104534.jpg,110,109,110.Geococcyx,71,70,identity,identity,0,{},0.019125808,0.019125808,0,0.98105592,0.98105592,0.0021885994,0.0021885994,0.97886732,0.97886732,0,1,1,2.8036076,2.8036076,False,0.99999994,True,True,True,1,1,2.8036076,2.8036076,1,1,2.7572427,2.7572427,1,1,0.50776776,0.50776776,1,1,0.35699729,0.35699729,1,1,1.2708792,1.2708792,1,1,1.6537914,1.6537914,1,1,1.221382,1.221382,1,1,1.2778913,1.2778913
0b_gaussian_blur_best,file,18,baseline_gaussian_blur,6388,110.Geococcyx/Geococcyx_0107_104534.jpg,110,109,110.Geococcyx,71,70,gaussian_blur,gaussian_blur,0,"{""sigma"":1.944216}",0.019125808,0.22331662,0.20419082,0.98105592,0.79986155,0.0021885994,0.023986386,0.97886732,0.77587516,-0.20299215,0.56367763,15.538349,2.8036076,43.563433,False,0.9053424,True,True,True,0.56367763,15.538349,2.8036076,43.563433,0.55615246,15.646363,2.7572427,43.14082,0.87532713,11.921378,0.50776776,6.0532913,0.14535216,30.021703,0.35699729,10.717667,0.2637992,16.979329,1.2708792,21.578676,0.64412628,15.834986,1.6537914,26.187763,0.68584503,14.92175,1.221382,18.225157,0.73392962,12.682628,1.2778913,16.20702
0b_gaussian_blur_best,file,18,baseline_gaussian_blur,5211,090.Red_breasted_Merganser/Red_Breasted_Merganser_0081_79396.jpg,90,89,090.Red_breasted_Merganser,50,49,identity,identity,0,{},0.0042523206,0.0042523206,0,0.99575669,0.99575669,0.0012434525,0.0012434525,0.99451323,0.99451323,0,1,1,0.59027719,0.59027719,False,1,True,True,True,1,1,0.59027719,0.59027719,1,1,0.57751184,0.57751184,1,1,0.12209521,0.12209521,1,1,0.11125201,0.11125201,1,1,0.18925279,0.18925279,1,1,0.26278719,0.26278719,1,1,0.29547835,0.29547835,1,1,0.35911243,0.35911243
0b_gaussian_blur_best,file,18,baseline_gaussian_blur,5211,090.Red_breasted_Merganser/Red_Breasted_Merganser_0081_79396.jpg,90,89,090.Red_breasted_Merganser,50,49,gaussian_blur,gaussian_blur,0,"{""sigma"":1.84761}",0.0042523206,0.005315694,0.0010633734,0.99575669,0.99469841,0.0012434525,0.0015143368,0.99451323,0.99318407,-0.0013291647,0.74228499,1.3714942,0.59027719,0.80956177,False,0.9769932,True,True,True,0.74228499,1.3714942,0.59027719,0.80956177,0.73361566,1.3790463,0.57751184,0.79641554,0.97481902,1.1900678,0.12209521,0.14530158,0.52151156,1.8370571,0.11125201,0.20437629,0.52473111,1.7279113,0.18925279,0.32701204,0.66183728,1.4000427,0.26278719,0.36791329,0.77484263,1.3755258,0.29547835,0.40643809,0.88072864,1.1977821,0.35911243,0.43013842
0b_gaussian_blur_best,file,18,baseline_gaussian_blur,7367,126.Nelson_Sharp_tailed_Sparrow/Nelson_Sharp_Tailed_Sparrow_0074_796901.jpg,126,125,126.Nelson_Sharp_tailed_Sparrow,128,127,identity,identity,0,{},4.4213014,4.4213014,0,0.012018583,0.012018583,0.95920289,0.95920289,-0.9471843,-0.9471843,0,1,1,163.99485,163.99485,False,0.99999994,True,False,False,1,1,163.99485,163.99485,1,1,156.8853,156.8853,1,1,47.76308,47.76308,1,1,22.982719,22.982719,1,1,60.421057,60.421057,1,1,79.122963,79.122963,1,1,79.32061,79.32061,1,1,88.779989,88.779989
0b_gaussian_blur_best,file,18,baseline_gaussian_blur,7367,126.Nelson_Sharp_tailed_Sparrow/Nelson_Sharp_Tailed_Sparrow_0074_796901.jpg,126,125,126.Nelson_Sharp_tailed_Sparrow,128,127,gaussian_blur,gaussian_blur,0,"{""sigma"":1.081895}",4.4213014,3.9645014,-0.45679998,0.012018583,0.018977497,0.95920289,0.84773344,-0.9471843,-0.82875594,0.11842836,0.81727347,0.90360189,163.99485,148.18605,False,0.97274077,True,False,False,0.81727347,0.90360189,163.99485,148.18605,0.80326622,0.90459596,156.8853,141.91781,0.97045718,0.89280655,47.76308,42.64319,0.68933367,1.0514172,22.982719,24.164426,0.65365603,0.88900912,60.421057,53.714871,0.78102852,0.95254014,79.122963,75.367798,0.82138584,0.90578617,79.32061,71.847512,0.89134144,0.85997382,88.779989,76.348466
0b_gaussian_blur_best,file,18,baseline_gaussian_blur,290,006.Least_Auklet/Least_Auklet_0026_795066.jpg,6,5,006.Least_Auklet,120,119,identity,identity,0,{},0.055037454,0.055037454,0,0.9464497,0.9464497,0.022815235,0.022815235,0.92363446,0.92363446,0,1,1,9.3402913,9.3402913,False,1,True,True,True,1,1,9.3402913,9.3402913,1,1,9.1933569,9.1933569,1,1,1.6502214,1.6502214,1,1,1.8794192,1.8794192,1,1,3.9268375,3.9268375,1,1,5.2956439,5.2956439,1,1,4.3765223,4.3765223,1,1,4.2857614,4.2857614
0b_gaussian_blur_best,file,18,baseline_gaussian_blur,290,006.Least_Auklet/Least_Auklet_0026_795066.jpg,6,5,006.Least_Auklet,120,119,gaussian_blur,gaussian_blur,0,"{""sigma"":1.83898}",0.055037454,0.16895916,0.1139217,0.9464497,0.8445434,0.022815235,0.052115504,0.92363446,0.79242789,-0.13120657,0.78032396,2.8829253,9.3402913,26.927362,False,0.96594054,True,True,True,0.78032396,2.8829253,9.3402913,26.927362,0.77490136,2.8834084,9.1933569,26.508202,0.94954058,2.8678916,1.6502214,4.732656,0.6669262,4.1564486,1.8794192,7.8117092,0.64656113,2.8085405,3.9268375,11.028682,0.80232434,2.9468408,5.2956439,15.60542,0.80700535,2.731124,4.3765223,11.952825,0.85844258,2.6972775,4.2857614,11.559888
0b_gaussian_blur_best,file,18,baseline_gaussian_blur,8666,148.Green_tailed_Towhee/Green_Tailed_Towhee_0064_154771.jpg,148,147,148.Green_tailed_Towhee,114,113,identity,identity,0,{},0.15505014,0.15505014,0,0.85637224,0.85637224,0.078798607,0.078798607,0.77757363,0.77757363,0,1,1,24.617792,24.617792,False,1,True,True,True,1,1,24.617792,24.617792,1,1,24.073001,24.073001,1,1,5.1503667,5.1503667,1,1,3.8389546,3.8389546,1,1,9.4332837,9.4332837,1,1,13.331061,13.331061,1,1,12.274033,12.274033,1,1,12.141496,12.141496
0b_gaussian_blur_best,file,18,baseline_gaussian_blur,8666,148.Green_tailed_Towhee/Green_Tailed_Towhee_0064_154771.jpg,148,147,148.Green_tailed_Towhee,114,113,gaussian_blur,gaussian_blur,0,"{""sigma"":1.296788}",0.15505014,0.3455779,0.19052775,0.85637224,0.70781118,0.078798607,0.1347397,0.77757363,0.57307148,-0.20450215,0.85316234,1.9767176,24.617792,48.662423,False,0.98233229,True,True,True,0.85316234,1.9767176,24.617792,48.662423,0.84777172,1.981511,24.073001,47.700917,0.97942237,1.8689331,5.1503667,9.6256906,0.64398293,2.4269561,3.8389546,9.3169742,0.72409134,2.0117048,9.4332837,18.976982,0.86452107,1.9939771,13.331061,26.581829,0.87268432,1.9633751,12.274033,24.098529,0.90768212,1.9158951,12.141496,23.261833
0b_gaussian_blur_best,file,18,baseline_gaussian_blur,5144,088.Western_Meadowlark/Western_Meadowlark_0069_78587.jpg,88,87,088.Western_Meadowlark,92,91,identity,identity,0,{},1.9323374,1.9323374,0,0.14480934,0.14480934,0.18527119,0.18527119,-0.040461853,-0.040461853,0,1,1,121.4129,121.4129,False,1,True,False,False,1,1,121.4129,121.4129,1,1,118.85833,118.85833,1,1,24.774784,24.774784,1,1,21.607512,21.607512,1,1,38.250066,38.250066,1,1,64.612605,64.612605,1,1,59.183668,59.183668,1,1,67.229866,67.229866
0b_gaussian_blur_best,file,18,baseline_gaussian_blur,5144,088.Western_Meadowlark/Western_Meadowlark_0069_78587.jpg,88,87,088.Western_Meadowlark,92,91,gaussian_blur,gaussian_blur,0,"{""sigma"":1.064194}",1.9323374,2.5869331,0.65459573,0.14480934,0.075250462,0.18527119,0.27395117,-0.040461853,-0.19870071,-0.15823886,0.86957993,1.3231585,121.4129,160.64851,False,0.98531461,True,False,False,0.86957993,1.3231585,121.4129,160.64851,0.86631578,1.3315461,118.85833,158.26534,0.97302945,1.1127684,24.774784,27.568596,0.72984645,1.4940813,21.607512,32.283379,0.7736271,1.6530373,38.250066,63.228788,0.87777873,1.2826508,64.612605,82.875406,0.88459805,1.3250473,59.183668,78.421161,0.90919553,1.2435527,67.229866,83.603884
0b_gaussian_blur_best,file,18,baseline_gaussian_blur,3275,057.Rose_breasted_Grosbeak/Rose_Breasted_Grosbeak_0017_39161.jpg,57,56,057.Rose_breasted_Grosbeak,68,67,identity,identity,0,{},1.4283355,1.4283355,0,0.23970757,0.23970757,0.25086847,0.25086847,-0.011160895,-0.011160895,0,1,1,146.36059,146.36059,False,1,True,False,False,1,1,146.36059,146.36059,1,1,144.97087,144.97087,1,1,20.121417,20.121417,1,1,35.637377,35.637377,1,1,51.629232,51.629232,1,1,74.462657,74.462657,1,1,83.338569,83.338569,1,1,67.756531,67.756531
0b_gaussian_blur_best,file,18,baseline_gaussian_blur,3275,057.Rose_breasted_Grosbeak/Rose_Breasted_Grosbeak_0017_39161.jpg,57,56,057.Rose_breasted_Grosbeak,68,67,gaussian_blur,gaussian_blur,0,"{""sigma"":1.453873}",1.4283355,1.0694164,-0.35891914,0.23970757,0.34320876,0.25086847,0.23228225,-0.011160895,0.11092651,0.1220874,0.86642472,0.97388117,146.36059,142.53783,False,0.98056817,False,False,True,0.86642472,0.97388117,146.36059,142.53783,0.86444099,0.97500722,144.97087,141.34764,0.97813529,0.91352486,20.121417,18.381415,0.82001356,1.1562234,35.637377,41.204769,0.78591919,1.0688482,51.629232,55.183812,0.86846293,0.98066653,74.462657,73.023035,0.88428147,0.91450498,83.338569,76.213536,0.9066942,0.94446645,67.756531,63.99377
0b_gaussian_blur_best,file,18,baseline_gaussian_blur,113,002.Laysan_Albatross/Laysan_Albatross_0029_482.jpg,2,1,002.Laysan_Albatross,71,70,identity,identity,0,{},0.071609408,0.071609408,0,0.93089443,0.93089443,0.022472594,0.022472594,0.90842184,0.90842184,0,1,1,11.323518,11.323518,False,1,True,True,True,1,1,11.323518,11.323518,1,1,11.076758,11.076758,1,1,2.3510639,2.3510639,1,1,2.5193039,2.5193039,1,1,4.9843592,4.9843592,1,1,5.6351596,5.6351596,1,1,5.3610009,5.3610009,1,1,5.5685252,5.5685252
0b_gaussian_blur_best,file,18,baseline_gaussian_blur,113,002.Laysan_Albatross/Laysan_Albatross_0029_482.jpg,2,1,002.Laysan_Albatross,71,70,gaussian_blur,gaussian_blur,0,"{""sigma"":1.733521}",0.071609408,0.2113167,0.1397073,0.93089443,0.80951762,0.022472594,0.024357306,0.90842184,0.78516032,-0.12326152,0.72449534,2.9199759,11.323518,33.0644,False,0.96726251,True,True,True,0.72449534,2.9199759,11.323518,33.0644,0.71690667,2.935598,11.076758,32.516907,0.92548838,2.5486769,2.3510639,5.9921023,0.62335246,3.6378561,2.5193039,9.1648652,0.59708621,3.0811381,4.9843592,15.357499,0.73240498,2.8627904,5.6351596,16.132281,0.75199481,2.8424976,5.3610009,15.238632,0.80424109,2.811086,5.5685252,15.653603
0b_gaussian_blur_best,file,18,baseline_gaussian_blur,3819,066.Western_Gull/Western_Gull_0094_55156.jpg,66,65,066.Western_Gull,59,58,identity,identity,0,{},0.02752668,0.02752668,0,0.97284871,0.97284871,0.016664745,0.016664745,0.95618397,0.95618397,0,1,1,3.3864172,3.3864172,False,1.0000001,True,True,True,1,1,3.3864172,3.3864172,1,1,3.1972748,3.1972748,1,1,1.11591,1.11591,1,1,0.50202439,0.50202439,1,1,1.1450568,1.1450568,1,1,1.610239,1.610239,1,1,1.5562372,1.5562372,1,1,1.9090937,1.9090937
0b_gaussian_blur_best,file,18,baseline_gaussian_blur,3819,066.Western_Gull/Western_Gull_0094_55156.jpg,66,65,066.Western_Gull,59,58,gaussian_blur,gaussian_blur,0,"{""sigma"":1.982993}",0.02752668,0.019825282,-0.0077013988,0.97284871,0.98036993,0.016664745,0.0055392748,0.95618397,0.97483065,0.018646683,0.68858718,0.84800392,3.3864172,2.871695,False,0.98811555,True,True,True,0.68858718,0.84800392,3.3864172,2.871695,0.66631122,0.85514936,3.1972748,2.7341475,0.88945958,0.78689663,1.11591,0.87810578,0.3376351,1.5766171,0.50202439,0.79150021,0.48403537,0.97866979,1.1450568,1.1206325,0.72138545,0.82218305,1.610239,1.3239112,0.68666024,0.79543928,1.5562372,1.2378922,0.76155608,0.79580234,1.9090937,1.5192613
0b_gaussian_blur_best,file,18,baseline_gaussian_blur,9415,161.Blue_winged_Warbler/Blue_Winged_Warbler_0059_162064.jpg,161,160,161.Blue_winged_Warbler,157,156,identity,identity,0,{},5.5627208,5.5627208,0,0.0038383184,0.0038383184,0.19792403,0.19792403,-0.19408571,-0.19408571,0,1,1,107.29943,107.29943,False,1,True,False,False,1,1,107.29943,107.29943,1,1,103.46583,103.46583,1,1,28.425158,28.425158,1,1,26.533681,26.533681,1,1,40.410176,40.410176,1,1,54.118686,54.118686,1,1,48.063426,48.063426,1,1,55.939562,55.939562
0b_gaussian_blur_best,file,18,baseline_gaussian_blur,9415,161.Blue_winged_Warbler/Blue_Winged_Warbler_0059_162064.jpg,161,160,161.Blue_winged_Warbler,157,156,gaussian_blur,gaussian_blur,0,"{""sigma"":1.40338}",5.5627208,5.8599367,0.29721594,0.0038383184,0.0028514247,0.19792403,0.09435159,-0.19408571,-0.091500165,0.10258555,0.79265422,1.3677806,107.29943,146.76208,False,0.97357786,False,False,False,0.79265422,1.3677806,107.29943,146.76208,0.78459305,1.3889915,103.46583,143.71316,0.96448939,1.0469481,28.425158,29.759666,0.81697187,2.0972381,26.533681,55.647448,0.63973307,1.6344518,40.410176,66.048484,0.82954896,1.3913858,54.118686,75.299971,0.8107859,1.2090665,48.063426,58.111879,0.86261688,1.1512417,55.939562,64.399955
0b_gaussian_blur_best,file,18,baseline_gaussian_blur,1298,024.Red_faced_Cormorant/Red_Faced_Cormorant_0002_796275.jpg,24,23,024.Red_faced_Cormorant,25,24,identity,identity,0,{},0.0018756669,0.0018756669,0,0.99812609,0.99812609,0.0009382873,0.0009382873,0.9971878,0.9971878,0,1,1,0.27582749,0.27582749,False,0.99999994,True,True,True,1,1,0.27582749,0.27582749,1,1,0.26610981,0.26610981,1,1,0.07256978,0.07256978,1,1,0.057712384,0.057712384,1,1,0.10508318,0.10508318,1,1,0.12598603,0.12598603,1,1,0.12613421,0.12613421,1,1,0.1570316,0.1570316
0b_gaussian_blur_best,file,18,baseline_gaussian_blur,1298,024.Red_faced_Cormorant/Red_Faced_Cormorant_0002_796275.jpg,24,23,024.Red_faced_Cormorant,25,24,gaussian_blur,gaussian_blur,0,"{""sigma"":1.26538}",0.0018756669,0.0049027228,0.0030270559,0.99812609,0.99510926,0.0009382873,0.002381942,0.9971878,0.99272732,-0.0044604842,0.84445852,2.932496,0.27582749,0.80886302,False,0.99174631,True,True,True,0.84445852,2.932496,0.27582749,0.80886302,0.83511875,2.9529216,0.26610981,0.78580143,0.98968252,2.6425516,0.07256978,0.19176939,0.69963394,4.3963824,0.057712384,0.25372571,0.76384292,2.9344181,0.10508318,0.308358,0.82840775,3.0468548,0.12598603,0.38386114,0.84234929,2.8481011,0.12613421,0.35924296,0.9175439,2.7138881,0.1570316,0.42616618
0b_gaussian_blur_best,file,18,baseline_gaussian_blur,5560,095.Baltimore_Oriole/Baltimore_Oriole_0064_89554.jpg,95,94,095.Baltimore_Oriole,96,95,identity,identity,0,{},0.0019393223,0.0019393223,0,0.99806255,0.99806255,0.0010960039,0.0010960039,0.99696655,0.99696655,0,1,1,0.27622081,0.27622081,False,0.99999994,True,True,True,1,1,0.27622081,0.27622081,1,1,0.26875661,0.26875661,1,1,0.063779452,0.063779452,1,1,0.050901164,0.050901164,1,1,0.084141569,0.084141569,1,1,0.11890628,0.11890628,1,1,0.14875544,0.14875544,1,1,0.16214963,0.16214963
0b_gaussian_blur_best,file,18,baseline_gaussian_blur,5560,095.Baltimore_Oriole/Baltimore_Oriole_0064_89554.jpg,95,94,095.Baltimore_Oriole,96,95,gaussian_blur,gaussian_blur,0,"{""sigma"":1.743951}",0.0019393223,0.0011836435,-0.00075567886,0.99806255,0.99881709,0.0010960039,0.00047801595,0.99696655,0.99833907,0.0013725232,0.84457916,0.63536386,0.27622081,0.17550072,False,0.98954797,True,True,True,0.84457916,0.63536386,0.27622081,0.17550072,0.83753538,0.63740673,0.26875661,0.17130727,0.97954982,0.59792851,0.063779452,0.038135552,0.83381046,1.0282224,0.050901164,0.052337719,0.62494132,0.65708396,0.084141569,0.055288075,0.8030449,0.62802587,0.11890628,0.074676218,0.8630789,0.5987054,0.14875544,0.089060682,0.91493493,0.61800289,0.16214963,0.10020894
0b_gaussian_blur_best,file,18,baseline_gaussian_blur,10914,186.Cedar_Waxwing/Cedar_Waxwing_0062_178788.jpg,186,185,186.Cedar_Waxwing,185,184,identity,identity,0,{},0.00016473368,0.00016473368,0,0.99983525,0.99983525,3.7226175e-05,3.7226175e-05,0.99979803,0.99979803,0,1,1,0.023915755,0.023915755,False,1,True,True,True,1,1,0.023915755,0.023915755,1,1,0.023306155,0.023306155,1,1,0.0053653049,0.0053653049,1,1,0.003940249,0.003940249,1,1,0.0082007672,0.0082007672,1,1,0.011328445,0.011328445,1,1,0.011788991,0.011788991,1,1,0.013895493,0.013895493
0b_gaussian_blur_best,file,18,baseline_gaussian_blur,10914,186.Cedar_Waxwing/Cedar_Waxwing_0062_178788.jpg,186,185,186.Cedar_Waxwing,185,184,gaussian_blur,gaussian_blur,0,"{""sigma"":1.069188}",0.00016473368,0.0001211093,-4.3624372e-05,0.99983525,0.99987888,3.7226175e-05,3.2415403e-05,0.99979803,0.99984647,4.8441372e-05,0.89857102,0.77544701,0.023915755,0.018545401,False,0.99736899,True,True,True,0.89857102,0.77544701,0.023915755,0.018545401,0.89360494,0.77674173,0.023306155,0.018102863,0.99604162,0.7505982,0.0053653049,0.0040271883,0.67887722,0.98917207,0.003940249,0.0038975842,0.76968553,0.87488356,0.0082007672,0.0071747164,0.89813465,0.81303986,0.011328445,0.0092104773,0.9115817,0.72108814,0.011788991,0.0085009018,0.96165463,0.7337253,0.013895493,0.010195475
0b_gaussian_blur_best,file,18,baseline_gaussian_blur,4238,073.Blue_Jay/Blue_Jay_0061_63645.jpg,73,72,073.Blue_Jay,164,163,identity,identity,0,{},0.31408566,0.31408566,0,0.73045647,0.73045647,0.24513809,0.24513809,0.48531838,0.48531838,0,1,1,48.502045,48.502045,False,1,True,True,True,1,1,48.502045,48.502045,1,1,47.153045,47.153045,1,1,11.35952,11.35952,1,1,7.6360808,7.6360808,1,1,18.520373,18.520373,1,1,24.198588,24.198588,1,1,22.896082,22.896082,1,1,26.688826,26.688826
0b_gaussian_blur_best,file,18,baseline_gaussian_blur,4238,073.Blue_Jay/Blue_Jay_0061_63645.jpg,73,72,073.Blue_Jay,164,163,gaussian_blur,gaussian_blur,0,"{""sigma"":1.35044}",0.31408566,0.35851803,0.044432372,0.73045647,0.69871104,0.24513809,0.26639548,0.48531838,0.43231556,-0.053002819,0.86905838,1.2646704,48.502045,61.339102,False,0.99149907,True,True,True,0.86905838,1.2646704,48.502045,61.339102,0.8630576,1.2720499,47.153045,59.981025,0.99125769,1.1299747,11.35952,12.83597,0.7114723,1.8920188,7.6360808,14.447608,0.70851924,1.3622217,18.520373,25.228854,0.8922383,1.347456,24.198588,32.606532,0.89640013,1.1997914,22.896082,27.470521,0.93587028,1.1455179,26.688826,30.572527
0b_gaussian_blur_best,file,18,baseline_gaussian_blur,4661,080.Green_Kingfisher/Green_Kingfisher_0059_71119.jpg,80,79,080.Green_Kingfisher,82,81,identity,identity,0,{},0.00037925204,0.00037925204,0,0.9996208,0.9996208,0.0001093407,0.0001093407,0.99951145,0.99951145,0,1,1,0.067044849,0.067044849,False,0.99999994,True,True,True,1,1,0.067044849,0.067044849,1,1,0.065668122,0.065668122,1,1,0.013517005,0.013517005,1,1,0.01354425,0.01354425,1,1,0.026195956,0.026195956,1,1,0.032440584,0.032440584,1,1,0.033748,0.033748,1,1,0.035373839,0.035373839
0b_gaussian_blur_best,file,18,baseline_gaussian_blur,4661,080.Green_Kingfisher/Green_Kingfisher_0059_71119.jpg,80,79,080.Green_Kingfisher,82,81,gaussian_blur,gaussian_blur,0,"{""sigma"":1.563341}",0.00037925204,0.00094524043,0.00056598839,0.9996208,0.99905521,0.0001093407,0.00035865573,0.99951145,0.99869655,-0.00081490351,0.78749055,2.6440974,0.067044849,0.17727311,False,0.98474896,True,True,True,0.78749055,2.6440974,0.067044849,0.17727311,0.77974042,2.647897,0.065668122,0.17388242,0.9777308,2.5527783,0.013517005,0.034505918,0.45297675,3.7042145,0.01354425,0.050170805,0.6588419,2.7325641,0.026195956,0.07158213,0.77018484,2.5747437,0.032440584,0.083526189,0.83707054,2.667845,0.033748,0.090034433,0.89045294,2.4500298,0.035373839,0.086666961
0b_gaussian_blur_best,file,18,baseline_gaussian_blur,2841,050.Eared_Grebe/Eared_Grebe_0027_34341.jpg,50,49,050.Eared_Grebe,51,50,identity,identity,0,{},0.020286225,0.020286225,0,0.97991818,0.97991818,0.014659029,0.014659029,0.96525915,0.96525915,0,1,1,3.3092496,3.3092496,False,1,True,True,True,1,1,3.3092496,3.3092496,1,1,3.239392,3.239392,1,1,0.67636683,0.67636683,1,1,0.64123054,0.64123054,1,1,1.2954119,1.2954119,1,1,1.5394683,1.5394683,1,1,1.7129672,1.7129672,1,1,1.7607308,1.7607308
0b_gaussian_blur_best,file,18,baseline_gaussian_blur,2841,050.Eared_Grebe/Eared_Grebe_0027_34341.jpg,50,49,050.Eared_Grebe,51,50,gaussian_blur,gaussian_blur,0,"{""sigma"":1.798844}",0.020286225,0.022932209,0.0026459843,0.97991818,0.97732872,0.014659029,0.017681718,0.96525915,0.959647,-0.0056121526,0.78777694,1.2062352,3.3092496,3.9917334,False,0.98805749,True,True,True,0.78777694,1.2062352,3.3092496,3.9917334,0.77916664,1.2067088,3.239392,3.9090027,0.98719849,1.1953217,0.67636683,0.80847593,0.63399386,1.9446519,0.64123054,1.2469702,0.5619381,1.1746347,1.2954119,1.5216358,0.77740334,1.2206429,1.5394683,1.8791411,0.8451828,1.131409,1.7129672,1.9380664,0.89425234,1.1531848,1.7607308,2.0304481
0b_gaussian_blur_best,file,18,baseline_gaussian_blur,6566,113.Baird_Sparrow/Baird_Sparrow_0008_106929.jpg,113,112,113.Baird_Sparrow,124,123,identity,identity,0,{},4.2530837,4.2530837,0,0.014220318,0.014220318,0.43932617,0.43932617,-0.42510585,-0.42510585,0,1,1,115.28726,115.28726,False,1,True,False,False,1,1,115.28726,115.28726,1,1,112.30887,112.30887,1,1,26.035951,26.035951,1,1,14.298455,14.298455,1,1,43.408807,43.408807,1,1,54.226886,54.226886,1,1,58.554452,58.554452,1,1,64.461873,64.461873
0b_gaussian_blur_best,file,18,baseline_gaussian_blur,6566,113.Baird_Sparrow/Baird_Sparrow_0008_106929.jpg,113,112,113.Baird_Sparrow,124,123,gaussian_blur,gaussian_blur,0,"{""sigma"":1.341579}",4.2530837,3.7927387,-0.46034503,0.014220318,0.0225338,0.43932617,0.35391316,-0.42510585,-0.33137936,0.093726492,0.77117096,1.0649469,115.28726,122.77481,False,0.9775188,True,False,False,0.77117096,1.0649469,115.28726,122.77481,0.76091281,1.0672086,112.30887,119.857,0.97118851,1.0219493,26.035951,26.607422,0.59554695,1.5569381,14.298455,22.261808,0.50078257,0.91259752,43.408807,39.614769,0.72938242,1.1962606,54.226886,64.869489,0.80712621,1.0570966,58.554452,61.897711,0.87947405,1.0126828,64.461873,65.279432
0b_gaussian_blur_best,file,18,baseline_gaussian_blur,10350,176.Prairie_Warbler/Prairie_Warbler_0031_172818.jpg,176,175,176.Prairie_Warbler,163,162,identity,identity,0,{},0.32843828,0.32843828,0,0.72004735,0.72004735,0.17487088,0.17487088,0.54517648,0.54517648,0,1,1,39.058092,39.058092,False,0.99999994,True,True,True,1,1,39.058092,39.058092,1,1,37.961954,37.961954,1,1,9.188284,9.188284,1,1,6.5167715,6.5167715,1,1,17.588373,17.588373,1,1,18.957779,18.957779,1,1,17.702532,17.702532,1,1,20.408668,20.408668
0b_gaussian_blur_best,file,18,baseline_gaussian_blur,10350,176.Prairie_Warbler/Prairie_Warbler_0031_172818.jpg,176,175,176.Prairie_Warbler,163,162,gaussian_blur,gaussian_blur,0,"{""sigma"":1.075361}",0.32843828,0.21212073,-0.11631756,0.72004735,0.80886704,0.17487088,0.12022626,0.54517648,0.68864077,0.1434643,0.87618675,0.78736827,39.058092,30.753102,False,0.99026316,True,True,True,0.87618675,0.78736827,39.058092,30.753102,0.86999255,0.78986313,37.961954,29.984748,0.99003543,0.74349162,9.188284,6.8314121,0.56163514,1.077415,6.5167715,7.0212676,0.8117516,0.78693388,17.588373,13.840887,0.88821706,0.84978394,18.957779,16.110016,0.89668639,0.75751194,17.702532,13.40988,0.93682974,0.72488282,20.408668,14.793893
0b_gaussian_blur_best,file,18,baseline_gaussian_blur,7555,129.Song_Sparrow/Song_Sparrow_0121_121203.jpg,129,128,129.Song_Sparrow,195,194,identity,identity,0,{},4.1895566,4.1895566,0,0.015153003,0.015153003,0.33541867,0.33541867,-0.32026567,-0.32026567,0,1,1,109.21639,109.21639,False,1,True,False,False,1,1,109.21639,109.21639,1,1,105.66837,105.66837,1,1,27.611859,27.611859,1,1,18.019586,18.019586,1,1,42.85275,42.85275,1,1,58.844975,58.844975,1,1,48.839636,48.839636,1,1,56.184521,56.184521
0b_gaussian_blur_best,file,18,baseline_gaussian_blur,7555,129.Song_Sparrow/Song_Sparrow_0121_121203.jpg,129,128,129.Song_Sparrow,195,194,gaussian_blur,gaussian_blur,0,"{""sigma"":1.993678}",4.1895566,4.0977235,-0.091833115,0.015153003,0.016610444,0.33541867,0.12486268,-0.32026567,-0.10825223,0.21201343,0.69082214,1.6355362,109.21639,178.62736,False,0.96418214,False,False,False,0.69082214,1.6355362,109.21639,178.62736,0.68188245,1.6597564,105.66837,175.38376,0.89805701,1.227233,27.611859,33.886185,0.72168226,2.3468403,18.019586,42.289092,0.57509943,2.0741559,42.85275,88.883284,0.76752503,1.7818535,58.844975,104.85313,0.66776513,1.5268387,48.839636,74.570246,0.72275797,1.1960744,56.184521,67.200866
0b_gaussian_blur_best,file,18,baseline_gaussian_blur,1074,020.Yellow_breasted_Chat/Yellow_Breasted_Chat_0044_22106.jpg,20,19,020.Yellow_breasted_Chat,200,199,identity,identity,0,{},0.0029715213,0.0029715213,0,0.99703288,0.99703288,0.0011055592,0.0011055592,0.99592732,0.99592732,0,1,1,0.33410013,0.33410013,False,1,True,True,True,1,1,0.33410013,0.33410013,1,1,0.32294442,0.32294442,1,1,0.085614263,0.085614263,1,1,0.065145607,0.065145607,1,1,0.12649772,0.12649772,1,1,0.13260327,0.13260327,1,1,0.15637526,0.15637526,1,1,0.20496494,0.20496494
0b_gaussian_blur_best,file,18,baseline_gaussian_blur,1074,020.Yellow_breasted_Chat/Yellow_Breasted_Chat_0044_22106.jpg,20,19,020.Yellow_breasted_Chat,200,199,gaussian_blur,gaussian_blur,0,"{""sigma"":1.814093}",0.0029715213,0.0054245419,0.0024530205,0.99703288,0.99459016,0.0011055592,0.00015884927,0.99592732,0.99443131,-0.0014960077,0.58653638,2.3905969,0.33410013,0.79869874,False,0.96153045,True,True,True,0.58653638,2.3905969,0.33410013,0.79869874,0.57086815,2.3987107,0.32294442,0.77465024,0.822716,2.2720113,0.085614263,0.19451657,0.7133391,3.7778627,0.065145607,0.24611116,0.46890257,2.4509945,0.12649772,0.3100452,0.40736137,2.5346413,0.13260327,0.33610172,0.56693531,2.5597112,0.15637526,0.40027549,0.70181351,2.0127946,0.20496494,0.41255233
0b_gaussian_blur_best,file,18,baseline_gaussian_blur,7464,128.Seaside_Sparrow/Seaside_Sparrow_0051_796522.jpg,128,127,128.Seaside_Sparrow,197,196,identity,identity,0,{},0.00051544729,0.00051544729,0,0.99948466,0.99948466,7.7640201e-05,7.7640201e-05,0.99940702,0.99940702,0,1,1,0.077198208,0.077198208,False,1,True,True,True,1,1,0.077198208,0.077198208,1,1,0.074977342,0.074977342,1,1,0.018383729,0.018383729,1,1,0.010392099,0.010392099,1,1,0.031810741,0.031810741,1,1,0.038671676,0.038671676,1,1,0.036651214,0.036651214,1,1,0.040778339,0.040778339
0b_gaussian_blur_best,file,18,baseline_gaussian_blur,7464,128.Seaside_Sparrow/Seaside_Sparrow_0051_796522.jpg,128,127,128.Seaside_Sparrow,197,196,gaussian_blur,gaussian_blur,0,"{""sigma"":1.204764}",0.00051544729,0.00017867876,-0.00033676853,0.99948466,0.99982136,7.7640201e-05,1.2117622e-05,0.99940702,0.99980925,0.00040222922,0.82393618,0.32846265,0.077198208,0.025356728,False,0.98954809,True,True,True,0.82393618,0.32846265,0.077198208,0.025356728,0.81368151,0.3262122,0.074977342,0.024458524,0.98147105,0.36386062,0.018383729,0.0066891153,0.6008064,0.4208439,0.010392099,0.0043734514,0.72227333,0.31947266,0.031810741,0.010162662,0.79462118,0.31608863,0.038671676,0.012223677,0.81567914,0.31713851,0.036651214,0.011623511,0.90113879,0.33916786,0.040778339,0.013830702
0b_gaussian_blur_best,file,18,baseline_gaussian_blur,8913,152.Blue_headed_Vireo/Blue_Headed_Vireo_0122_156017.jpg,152,151,152.Blue_headed_Vireo,155,154,identity,identity,0,{},1.1659075,1.1659075,0,0.31163973,0.31163973,0.65010321,0.65010321,-0.33846349,-0.33846349,0,1,1,165.85035,165.85035,False,1,True,False,False,1,1,165.85035,165.85035,1,1,163.18413,163.18413,1,1,29.618878,29.618878,1,1,30.629221,30.629221,1,1,79.677518,79.677518,1,1,92.724005,92.724005,1,1,79.312903,79.312903,1,1,66.739242,66.739242
0b_gaussian_blur_best,file,18,baseline_gaussian_blur,8913,152.Blue_headed_Vireo/Blue_Headed_Vireo_0122_156017.jpg,152,151,152.Blue_headed_Vireo,155,154,gaussian_blur,gaussian_blur,0,"{""sigma"":1.201647}",1.1659075,0.49556708,-0.67034042,0.31163973,0.60922533,0.65010321,0.35438347,-0.33846349,0.25484186,0.59330535,0.85534353,0.57252104,165.85035,94.952814,False,0.99198705,False,False,True,0.85534353,0.57252104,165.85035,94.952814,0.85090466,0.57273237,163.18413,93.460833,0.99172486,0.56606877,29.618878,16.766322,0.75260639,0.75014505,30.629221,22.976358,0.76510852,0.53155541,79.677518,42.353016,0.85894422,0.58784724,92.724005,54.507551,0.89372686,0.56402514,79.312903,44.734471,0.92903233,0.56878648,66.739242,37.960379
0b_gaussian_blur_best,file,18,baseline_gaussian_blur,3196,056.Pine_Grosbeak/Pine_Grosbeak_0104_38362.jpg,56,55,056.Pine_Grosbeak,35,34,identity,identity,0,{},0.059229489,0.059229489,0,0.94249046,0.94249046,0.0520343,0.0520343,0.89045616,0.89045616,0,1,1,10.223923,10.223923,False,1,True,True,True,1,1,10.223923,10.223923,1,1,9.9813177,9.9813177,1,1,2.2140215,2.2140215,1,1,1.8228626,1.8228626,1,1,4.7118961,4.7118961,1,1,5.2925042,5.2925042,1,1,4.5760706,4.5760706,1,1,5.015066,5.015066
0b_gaussian_blur_best,file,18,baseline_gaussian_blur,3196,056.Pine_Grosbeak/Pine_Grosbeak_0104_38362.jpg,56,55,056.Pine_Grosbeak,35,34,gaussian_blur,gaussian_blur,0,"{""sigma"":1.179343}",0.059229489,0.065558076,0.0063285865,0.94249046,0.93654466,0.0520343,0.059840761,0.89045616,0.8767039,-0.013752263,0.89544361,1.357604,10.223923,13.880039,False,0.99102461,True,True,True,0.89544361,1.357604,10.223923,13.880039,0.89161663,1.3648203,9.9813177,13.622705,0.99076139,1.2015855,2.2140215,2.6603361,0.76097513,1.5774751,1.8228626,2.8755204,0.84503343,1.3281986,4.7118961,6.2583336,0.91628107,1.4938064,5.2925042,7.9059765,0.8993101,1.3601697,4.5760706,6.2242325,0.93141348,1.2112115,5.015066,6.0743058
0b_gaussian_blur_best,file,18,baseline_gaussian_blur,8123,139.Scarlet_Tanager/Scarlet_Tanager_0040_137885.jpg,139,138,139.Scarlet_Tanager,191,190,identity,identity,0,{},0.10760327,0.10760327,0,0.89798379,0.89798379,0.073452339,0.073452339,0.82453145,0.82453145,0,1,1,13.085096,13.085096,False,1,True,True,True,1,1,13.085096,13.085096,1,1,12.726194,12.726194,1,1,3.0436379,3.0436379,1,1,2.4582828,2.4582828,1,1,4.4348418,4.4348418,1,1,5.9839576,5.9839576,1,1,6.9486922,6.9486922,1,1,7.2217002,7.2217002
0b_gaussian_blur_best,file,18,baseline_gaussian_blur,8123,139.Scarlet_Tanager/Scarlet_Tanager_0040_137885.jpg,139,138,139.Scarlet_Tanager,191,190,gaussian_blur,gaussian_blur,0,"{""sigma"":1.824038}",0.10760327,0.32369575,0.21609248,0.89798379,0.72347033,0.073452339,0.18132231,0.82453145,0.54214802,-0.28238343,0.7660832,3.1692886,13.085096,41.470445,False,0.98403984,True,True,True,0.7660832,3.1692886,13.085096,41.470445,0.75694094,3.2000357,12.726194,40.724273,0.98233731,2.5730499,3.0436379,7.8314322,0.53972233,7.3597874,2.4582828,18.092439,0.64100475,3.6433801,4.4348418,16.157814,0.77166073,3.0044749,5.9839576,17.97865,0.84306522,2.8129745,6.9486922,19.546494,0.90508271,2.6446175,7.2217002,19.098635
0b_gaussian_blur_best,file,18,baseline_gaussian_blur,7080,121.Grasshopper_Sparrow/Grasshopper_Sparrow_0026_115915.jpg,121,120,121.Grasshopper_Sparrow,128,127,identity,identity,0,{},0.21846361,0.21846361,0,0.80375272,0.80375272,0.094945647,0.094945647,0.70880707,0.70880707,0,1,1,32.933714,32.933714,False,0.99999988,True,True,True,1,1,32.933714,32.933714,1,1,32.210483,32.210483,1,1,6.8639859,6.8639859,1,1,4.0570471,4.0570471,1,1,12.597615,12.597615,1,1,16.736314,16.736314,1,1,16.578256,16.578256,1,1,17.533194,17.533194
0b_gaussian_blur_best,file,18,baseline_gaussian_blur,7080,121.Grasshopper_Sparrow/Grasshopper_Sparrow_0026_115915.jpg,121,120,121.Grasshopper_Sparrow,128,127,gaussian_blur,gaussian_blur,0,"{""sigma"":1.61131}",0.21846361,0.089071855,-0.12939176,0.80375272,0.91477984,0.094945647,0.018781746,0.70880707,0.8959981,0.18719102,0.71682263,0.49997916,32.933714,16.466171,False,0.97560579,True,True,True,0.71682263,0.49997916,32.933714,16.466171,0.70967491,0.50410857,32.210483,16.237581,0.93528692,0.39833747,6.8639859,2.7341828,0.53352211,0.74625064,4.0570471,3.027574,0.42794027,0.52850988,12.597615,6.6579641,0.7059012,0.5780461,16.736314,9.6743612,0.79756803,0.46747615,16.578256,7.7499392,0.84946596,0.42874566,17.533194,7.517281
0b_gaussian_blur_best,file,18,baseline_gaussian_blur,3435,060.Glaucous_winged_Gull/Glaucous_Winged_Gull_0023_45090.jpg,60,59,060.Glaucous_winged_Gull,66,65,identity,identity,0,{},3.891151,3.891151,0,0.020421831,0.020421831,0.79754335,0.79754335,-0.77712152,-0.77712152,0,1,1,124.50391,124.50391,False,0.99999994,True,False,False,1,1,124.50391,124.50391,1,1,117.81174,117.81174,1,1,40.269294,40.269294,1,1,24.435768,24.435768,1,1,42.813165,42.813165,1,1,51.221431,51.221431,1,1,59.18295,59.18295,1,1,72.960786,72.960786
0b_gaussian_blur_best,file,18,baseline_gaussian_blur,3435,060.Glaucous_winged_Gull/Glaucous_Winged_Gull_0023_45090.jpg,60,59,060.Glaucous_winged_Gull,66,65,gaussian_blur,gaussian_blur,0,"{""sigma"":1.024836}",3.891151,3.5057626,-0.38538837,0.020421831,0.030023864,0.79754335,0.77339321,-0.77712152,-0.74336935,0.033752166,0.8809734,1.030111,124.50391,128.25284,False,0.99602491,True,False,False,0.8809734,1.030111,124.50391,128.25284,0.86854247,1.0365641,117.81174,122.11943,0.99589034,0.97312891,40.269294,39.187214,0.62350761,1.6512811,24.435768,40.350321,0.77304917,0.9804152,42.813165,41.974678,0.86028699,1.0214145,51.221431,52.31831,0.90548531,0.99869635,59.18295,59.105796,0.94557694,0.99709861,72.960786,72.749099
0b_gaussian_blur_best,file,18,baseline_gaussian_blur,6277,108.White_necked_Raven/White_Necked_Raven_0018_102746.jpg,108,107,108.White_necked_Raven,107,106,identity,identity,0,{},0.89523995,0.89523995,0,0.40850955,0.40850955,0.48016521,0.48016521,-0.071655661,-0.071655661,0,1,1,84.208917,84.208917,False,1,True,False,False,1,1,84.208917,84.208917,1,1,81.487653,81.487653,1,1,21.234503,21.234503,1,1,12.933352,12.933352,1,1,26.759545,26.759545,1,1,42.227243,42.227243,1,1,43.650448,43.650448,1,1,45.479569,45.479569
0b_gaussian_blur_best,file,18,baseline_gaussian_blur,6277,108.White_necked_Raven/White_Necked_Raven_0018_102746.jpg,108,107,108.White_necked_Raven,107,106,gaussian_blur,gaussian_blur,0,"{""sigma"":1.035659}",0.89523995,1.3043122,0.40907228,0.40850955,0.27135912,0.48016521,0.62549394,-0.071655661,-0.35413483,-0.28247917,0.8687721,1.2536603,84.208917,105.56938,False,0.98761523,True,False,False,0.8687721,1.2536603,84.208917,105.56938,0.86084878,1.2547702,81.487653,102.24828,0.98719285,1.2372003,21.234503,26.271333,0.69945365,1.7226426,12.933352,22.279544,0.69084559,1.4400683,26.759545,38.535573,0.85529438,1.1847239,42.227243,50.027623,0.89852599,1.2486782,43.650448,54.505363,0.92899013,1.2042752,45.479569,54.769919
0b_gaussian_blur_best,file,18,baseline_gaussian_blur,6248,107.Common_Raven/Common_Raven_0068_101216.jpg,107,106,107.Common_Raven,108,107,identity,identity,0,{},0.059501685,0.059501685,0,0.94223392,0.94223392,0.019940492,0.019940492,0.92229343,0.92229343,0,1,1,8.0935029,8.0935029,False,1,True,True,True,1,1,8.0935029,8.0935029,1,1,7.8406428,7.8406428,1,1,2.0072641,2.0072641,1,1,1.5432331,1.5432331,1,1,3.1410344,3.1410344,1,1,4.4009386,4.4009386,1,1,3.9299255,3.9299255,1,1,3.7967669,3.7967669
0b_gaussian_blur_best,file,18,baseline_gaussian_blur,6248,107.Common_Raven/Common_Raven_0068_101216.jpg,107,106,107.Common_Raven,108,107,gaussian_blur,gaussian_blur,0,"{""sigma"":1.214737}",0.059501685,0.13987356,0.080371879,0.94223392,0.86946815,0.019940492,0.060083464,0.92229343,0.80938469,-0.11290874,0.7899522,3.2019482,8.0935029,25.914977,False,0.97335136,True,True,True,0.7899522,3.2019482,8.0935029,25.914977,0.78362378,3.2463149,7.8406428,25.453195,0.95124525,2.4263907,2.0072641,4.8704069,0.70002697,5.0015787,1.5432331,7.7186019,0.73052964,3.6386327,3.1410344,11.42907,0.81477181,3.2944747,4.4009386,14.498781,0.7879391,2.9196612,3.9299255,11.474051,0.83963391,2.8342177,3.7967669,10.760864
0b_gaussian_blur_best,file,18,baseline_gaussian_blur,1241,023.Brandt_Cormorant/Brandt_Cormorant_0067_23352.jpg,23,22,023.Brandt_Cormorant,100,99,identity,identity,0,{},2.176748,2.176748,0,0.11340974,0.11340974,0.1456542,0.1456542,-0.032244459,-0.032244459,0,1,1,125.67515,125.67515,False,1,True,False,False,1,1,125.67515,125.67515,1,1,123.72814,123.72814,1,1,22.036121,22.036121,1,1,22.262509,22.262509,1,1,55.070126,55.070126,1,1,61.627775,61.627775,1,1,62.386582,62.386582,1,1,63.955027,63.955027
0b_gaussian_blur_best,file,18,baseline_gaussian_blur,1241,023.Brandt_Cormorant/Brandt_Cormorant_0067_23352.jpg,23,22,023.Brandt_Cormorant,100,99,gaussian_blur,gaussian_blur,0,"{""sigma"":1.064854}",2.176748,3.7283473,1.5515993,0.11340974,0.024032522,0.1456542,0.053065199,-0.032244459,-0.029032677,0.0032117814,0.82766356,1.1783795,125.67515,148.09301,False,0.97343647,False,False,False,0.82766356,1.1783795,125.67515,148.09301,0.82370516,1.178318,123.72814,145.79109,0.95224528,1.1803165,22.036121,26.009598,0.48865428,1.3248992,22.262509,29.49558,0.78190099,1.232852,55.070126,67.893317,0.83298416,1.2159447,61.627775,74.935964,0.83861778,1.0938481,62.386582,68.241445,0.88460059,1.159939,63.955027,74.183933
0b_gaussian_blur_best,file,18,baseline_gaussian_blur,11303,192.Downy_Woodpecker/Downy_Woodpecker_0123_184692.jpg,192,191,192.Downy_Woodpecker,190,189,identity,identity,0,{},0.71009922,0.71009922,0,0.49159542,0.49159542,0.28362253,0.28362253,0.20797288,0.20797288,0,1,1,94.642504,94.642504,False,1.0000001,True,True,True,1,1,94.642504,94.642504,1,1,93.03254,93.03254,1,1,17.382462,17.382462,1,1,19.486883,19.486883,1,1,33.947329,33.947329,1,1,50.038673,50.038673,1,1,51.23785,51.23785,1,1,44.650954,44.650954
0b_gaussian_blur_best,file,18,baseline_gaussian_blur,11303,192.Downy_Woodpecker/Downy_Woodpecker_0123_184692.jpg,192,191,192.Downy_Woodpecker,190,189,gaussian_blur,gaussian_blur,0,"{""sigma"":1.4023}",0.71009922,0.8395198,0.12942058,0.49159542,0.43191788,0.28362253,0.36290652,0.20797288,0.06901136,-0.13896152,0.83924792,1.3391608,94.642504,126.74153,False,0.98529601,True,True,True,0.83924792,1.3391608,94.642504,126.74153,0.83486393,1.3431313,93.03254,124.95491,0.98127222,1.2199544,17.382462,21.205811,0.73007294,1.9951634,19.486883,38.879515,0.76224699,1.5408482,33.947329,52.307679,0.84429569,1.3225063,50.038673,66.17646,0.86484308,1.2300589,51.23785,63.025576,0.90144209,1.2296314,44.650954,54.904216
0b_gaussian_blur_best,file,18,baseline_gaussian_blur,6956,119.Field_Sparrow/Field_Sparrow_0013_113599.jpg,119,118,119.Field_Sparrow,99,98,identity,identity,0,{},0.0027167813,0.0027167813,0,0.99728692,0.99728692,0.00071531942,0.00071531942,0.9965716,0.9965716,0,1,1,0.43971745,0.43971745,False,1,True,True,True,1,1,0.43971745,0.43971745,1,1,0.4293224,0.4293224,1,1,0.095045858,0.095045858,1,1,0.13831133,0.13831133,1,1,0.13732727,0.13732727,1,1,0.21611369,0.21611369,1,1,0.21666085,0.21666085,1,1,0.2295253,0.2295253
0b_gaussian_blur_best,file,18,baseline_gaussian_blur,6956,119.Field_Sparrow/Field_Sparrow_0013_113599.jpg,119,118,119.Field_Sparrow,99,98,gaussian_blur,gaussian_blur,0,"{""sigma"":1.965502}",0.0027167813,0.0012877038,-0.0014290776,0.99728692,0.99871314,0.00071531942,4.704795e-05,0.9965716,0.99866609,0.0020944914,0.7113661,0.51085246,0.43971745,0.22463074,False,0.98026329,True,True,True,0.7113661,0.51085246,0.43971745,0.22463074,0.70088492,0.50980262,0.4293224,0.21886968,0.91696841,0.53182021,0.095045858,0.050547308,0.79727169,0.51307566,0.13831133,0.070964177,0.46880798,0.57070765,0.13732727,0.078373722,0.66195494,0.51954632,0.21611369,0.11228107,0.68499152,0.50042728,0.21666085,0.108423,0.81636735,0.48443033,0.2295253,0.11118902
0b_gaussian_blur_best,file,18,baseline_gaussian_blur,9150,156.White_eyed_Vireo/White_Eyed_Vireo_0118_159036.jpg,156,155,156.White_eyed_Vireo,165,164,identity,identity,0,{},0.00040082051,0.00040082051,0,0.99959928,0.99959928,0.00018427572,0.00018427572,0.999415,0.999415,0,1,1,0.072993857,0.072993857,False,1,True,True,True,1,1,0.072993857,0.072993857,1,1,0.07131991,0.07131991,1,1,0.015542639,0.015542639,1,1,0.01379274,0.01379274,1,1,0.028650838,0.028650838,1,1,0.03587778,0.03587778,1,1,0.039524692,0.039524692,1,1,0.035014326,0.035014326
0b_gaussian_blur_best,file,18,baseline_gaussian_blur,9150,156.White_eyed_Vireo/White_Eyed_Vireo_0118_159036.jpg,156,155,156.White_eyed_Vireo,165,164,gaussian_blur,gaussian_blur,0,"{""sigma"":1.092744}",0.00040082051,0.0002673507,-0.00013346982,0.99959928,0.99973267,0.00018427572,0.00010304725,0.999415,0.99962963,0.00021462367,0.88218783,0.62823784,0.072993857,0.045857503,False,0.99399924,True,True,True,0.88218783,0.62823784,0.072993857,0.045857503,0.87682705,0.62602948,0.07131991,0.044648367,0.98937942,0.67305612,0.015542639,0.010461068,0.79238668,0.72816131,0.01379274,0.01004334,0.77306636,0.58645074,0.028650838,0.016802305,0.85590045,0.62256011,0.03587778,0.022336075,0.90931384,0.6087463,0.039524692,0.02406051,0.94005419,0.65903237,0.035014326,0.023075574
0b_gaussian_blur_best,file,18,baseline_gaussian_blur,1514,027.Shiny_Cowbird/Shiny_Cowbird_0062_24271.jpg,27,26,027.Shiny_Cowbird,29,28,identity,identity,0,{},0.87686586,0.87686586,0,0.41608495,0.41608495,0.34409657,0.34409657,0.071988374,0.071988374,0,1,1,98.059779,98.059779,False,1,True,True,True,1,1,98.059779,98.059779,1,1,95.643713,95.643713,1,1,21.633318,21.633318,1,1,20.273341,20.273341,1,1,39.201038,39.201038,1,1,51.059686,51.059686,1,1,50.513117,50.513117,1,1,45.181008,45.181008
0b_gaussian_blur_best,file,18,baseline_gaussian_blur,1514,027.Shiny_Cowbird/Shiny_Cowbird_0062_24271.jpg,27,26,027.Shiny_Cowbird,29,28,gaussian_blur,gaussian_blur,0,"{""sigma"":1.303003}",0.87686586,0.17296042,-0.70390545,0.41608495,0.84117091,0.34409657,0.096554048,0.071988374,0.74461686,0.67262848,0.82357814,0.30168621,98.059779,29.583284,False,0.98672336,True,True,True,0.82357814,0.30168621,98.059779,29.583284,0.81592545,0.30259725,95.643713,28.941525,0.98506323,0.28329101,21.633318,6.1285245,0.55115079,0.52927129,20.273341,10.730097,0.71380675,0.30903016,39.201038,12.114303,0.8548389,0.27916388,51.059686,14.25402,0.88794469,0.28122064,50.513117,14.205331,0.91525947,0.28921911,45.181008,13.067211
0b_gaussian_blur_best,file,18,baseline_gaussian_blur,1639,029.American_Crow/American_Crow_0062_25587.jpg,29,28,029.American_Crow,107,106,identity,identity,0,{},1.3009696,1.3009696,0,0.27226767,0.27226767,0.59611416,0.59611416,-0.32384649,-0.32384649,0,1,1,133.17099,133.17099,False,1.0000001,True,False,False,1,1,133.17099,133.17099,1,1,129.59426,129.59426,1,1,30.65681,30.65681,1,1,46.040681,46.040681,1,1,44.100112,44.100112,1,1,57.983489,57.983489,1,1,72.321978,72.321978,1,1,64.323827,64.323827
0b_gaussian_blur_best,file,18,baseline_gaussian_blur,1639,029.American_Crow/American_Crow_0062_25587.jpg,29,28,029.American_Crow,107,106,gaussian_blur,gaussian_blur,0,"{""sigma"":1.521107}",1.3009696,1.2535566,-0.047412992,0.27226767,0.28548759,0.59611416,0.58548039,-0.32384649,-0.2999928,0.023853689,0.86880626,1.0590205,133.17099,141.0308,False,0.99366617,True,False,False,0.86880626,1.0590205,133.17099,141.0308,0.86228432,1.0620991,129.59426,137.64194,0.99367127,1.002414,30.65681,30.730815,0.76673536,1.1219278,46.040681,51.654322,0.70251548,1.1419463,44.100112,50.359959,0.8374651,1.0473235,57.983489,60.727468,0.92089278,1.0433259,72.321978,75.455396,0.94726184,1.0264903,64.323827,66.027783
0b_gaussian_blur_best,file,18,baseline_gaussian_blur,1375,025.Pelagic_Cormorant/Pelagic_Cormorant_0044_23536.jpg,25,24,025.Pelagic_Cormorant,24,23,identity,identity,0,{},0.082758568,0.082758568,0,0.92057335,0.92057335,0.04568572,0.04568572,0.87488763,0.87488763,0,1,1,10.491252,10.491252,False,1,True,True,True,1,1,10.491252,10.491252,1,1,9.9804827,9.9804827,1,1,3.2336249,3.2336249,1,1,2.2464856,2.2464856,1,1,4.5394292,4.5394292,1,1,4.4126688,4.4126688,1,1,4.778431,4.778431,1,1,5.6259996,5.6259996
0b_gaussian_blur_best,file,18,baseline_gaussian_blur,1375,025.Pelagic_Cormorant/Pelagic_Cormorant_0044_23536.jpg,25,24,025.Pelagic_Cormorant,24,23,gaussian_blur,gaussian_blur,0,"{""sigma"":1.484802}",0.082758568,0.25284681,0.17008824,0.92057335,0.77658683,0.04568572,0.08483658,0.87488763,0.69175025,-0.18313738,0.760687,2.9661238,10.491252,31.118352,False,0.98429489,True,True,True,0.760687,2.9661238,10.491252,31.118352,0.74326873,3.0030632,9.9804827,29.97202,0.9609673,2.5879265,3.2336249,8.3683836,0.59378979,4.4042625,2.2464856,9.8941121,0.67431657,3.3434004,4.5394292,15.177129,0.710732,2.9375752,4.4126688,12.962547,0.7831782,2.7728938,4.778431,13.250082,0.8555921,2.6750123,5.6259996,15.049618
0b_gaussian_blur_best,file,18,baseline_gaussian_blur,4127,071.Long_tailed_Jaeger/Long_Tailed_Jaeger_0062_797104.jpg,71,70,071.Long_tailed_Jaeger,3,2,identity,identity,0,{},0.1906002,0.1906002,0,0.82646292,0.82646292,0.055254281,0.055254281,0.77120864,0.77120864,0,1,1,28.289636,28.289636,False,0.99999994,True,True,True,1,1,28.289636,28.289636,1,1,27.599033,27.599033,1,1,6.212638,6.212638,1,1,4.12367,4.12367,1,1,12.352133,12.352133,1,1,14.329651,14.329651,1,1,13.745697,13.745697,1,1,14.065692,14.065692
0b_gaussian_blur_best,file,18,baseline_gaussian_blur,4127,071.Long_tailed_Jaeger/Long_Tailed_Jaeger_0062_797104.jpg,71,70,071.Long_tailed_Jaeger,3,2,gaussian_blur,gaussian_blur,0,"{""sigma"":1.555469}",0.1906002,0.12665743,-0.063942775,0.82646292,0.88103545,0.055254281,0.01798239,0.77120864,0.86305306,0.091844413,0.83224585,0.73223179,28.289636,20.714571,False,0.98607314,True,True,True,0.83224585,0.73223179,28.289636,20.714571,0.82568834,0.73332085,27.599033,20.238946,0.96623381,0.71039772,6.212638,4.4134438,0.55930658,1.0042414,4.12367,4.1411601,0.79214092,0.77961089,12.352133,9.6298575,0.83509725,0.73892598,14.329651,10.588551,0.82690397,0.69177072,13.745697,9.5088708,0.88441653,0.7009097,14.065692,9.8587802
0b_gaussian_blur_best,file,18,baseline_gaussian_blur,6533,112.Great_Grey_Shrike/Great_Grey_Shrike_0063_797042.jpg,112,111,112.Great_Grey_Shrike,111,110,identity,identity,0,{},1.9110235,1.9110235,0,0.14792891,0.14792891,0.80627459,0.80627459,-0.65834568,-0.65834568,0,1,1,153.31272,153.31272,False,1,True,False,False,1,1,153.31272,153.31272,1,1,149.93801,149.93801,1,1,31.990346,31.990346,1,1,36.854973,36.854973,1,1,64.010464,64.010464,1,1,75.120898,75.120898,1,1,78.146333,78.146333,1,1,72.634565,72.634565
0b_gaussian_blur_best,file,18,baseline_gaussian_blur,6533,112.Great_Grey_Shrike/Great_Grey_Shrike_0063_797042.jpg,112,111,112.Great_Grey_Shrike,111,110,gaussian_blur,gaussian_blur,0,"{""sigma"":1.903068}",1.9110235,0.47691166,-1.4341118,0.14792891,0.62069738,0.80627459,0.37228718,-0.65834568,0.2484102,0.90675588,0.73350362,0.57069257,153.31272,87.494428,False,0.96051979,False,False,True,0.73350362,0.57069257,153.31272,87.494428,0.72367552,0.57179211,149.93801,85.733372,0.96036219,0.5459796,31.990346,17.466077,0.43104772,0.91679119,36.854973,33.788314,0.6047496,0.51228468,64.010464,32.79158,0.75731979,0.55637339,75.120898,41.795269,0.80380025,0.54043665,78.146333,42.233142,0.84799378,0.55118201,72.634565,40.034865
0b_gaussian_blur_best,file,18,baseline_gaussian_blur,7844,134.Cape_Glossy_Starling/Cape_Glossy_Starling_0046_129434.jpg,134,133,134.Cape_Glossy_Starling,9,8,identity,identity,0,{},0.0035110989,0.0035110989,0,0.99649507,0.99649507,0.00085637113,0.00085637113,0.9956387,0.9956387,0,1,1,0.41120777,0.41120777,False,0.99999994,True,True,True,1,1,0.41120777,0.41120777,1,1,0.39964823,0.39964823,1,1,0.096814879,0.096814879,1,1,0.092235225,0.092235225,1,1,0.12068828,0.12068828,1,1,0.17979891,0.17979891,1,1,0.1842894,0.1842894,1,1,0.26524608,0.26524608
0b_gaussian_blur_best,file,18,baseline_gaussian_blur,7844,134.Cape_Glossy_Starling/Cape_Glossy_Starling_0046_129434.jpg,134,133,134.Cape_Glossy_Starling,9,8,gaussian_blur,gaussian_blur,0,"{""sigma"":1.513949}",0.0035110989,0.0035163257,5.2268151e-06,0.99649507,0.99648982,0.00085637113,0.0009155845,0.9956387,0.99557424,-6.4458582e-05,0.88383205,1.0421465,0.41120777,0.42853872,False,0.9939779,True,True,True,0.88383205,1.0421465,0.41120777,0.42853872,0.87756268,1.0429826,0.39964823,0.41682614,0.99233114,1.0277945,0.096814879,0.0995058,0.77422297,1.2567659,0.092235225,0.11591808,0.70580158,1.2088688,0.12068828,0.1458963,0.85067549,1.0188733,0.17979891,0.18319231,0.88509442,1.0176893,0.1842894,0.18754934,0.95093589,0.99951408,0.26524608,0.26511719
0b_gaussian_blur_best,file,18,baseline_gaussian_blur,8500,145.Elegant_Tern/Elegant_Tern_0052_150695.jpg,145,144,145.Elegant_Tern,143,142,identity,identity,0,{},2.1190934,2.1190934,0,0.12014052,0.12014052,0.77966571,0.77966571,-0.65952519,-0.65952519,0,1,1,109.50099,109.50099,False,0.99999994,True,False,False,1,1,109.50099,109.50099,1,1,104.28459,104.28459,1,1,33.394496,33.394496,1,1,17.977985,17.977985,1,1,41.338535,41.338535,1,1,51.112579,51.112579,1,1,50.931588,50.931588,1,1,60.30481,60.30481
0b_gaussian_blur_best,file,18,baseline_gaussian_blur,8500,145.Elegant_Tern/Elegant_Tern_0052_150695.jpg,145,144,145.Elegant_Tern,143,142,gaussian_blur,gaussian_blur,0,"{""sigma"":1.052807}",2.1190934,2.5172293,0.3981359,0.12014052,0.080682844,0.77966571,0.87747186,-0.65952519,-0.79678902,-0.13726383,0.88055281,1.1943579,109.50099,130.78338,False,0.99362373,True,False,False,0.88055281,1.1943579,109.50099,130.78338,0.86970621,1.1995431,104.28459,125.09386,0.9925538,1.1425592,33.394496,38.155189,0.68214587,1.5545722,17.977985,27.948076,0.72468312,1.1297662,41.338535,46.702881,0.90703999,1.3138643,51.112579,67.154993,0.8907122,1.1645667,50.931588,59.31323,0.92315361,1.1317875,60.30481,68.252229
0b_gaussian_blur_best,file,18,baseline_gaussian_blur,7770,133.White_throated_Sparrow/White_Throated_Sparrow_0124_128801.jpg,133,132,133.White_throated_Sparrow,119,118,identity,identity,0,{},3.1590106,3.1590106,0,0.042467732,0.042467732,0.50398421,0.50398421,-0.46151648,-0.46151648,0,1,1,200.30074,200.30074,False,0.99999988,True,False,False,1,1,200.30074,200.30074,1,1,197.73609,197.73609,1,1,31.950363,31.950363,1,1,42.959111,42.959111,1,1,102.58281,102.58281,1,1,114.2319,114.2319,1,1,87.640472,87.640472,1,1,77.466532,77.466532
0b_gaussian_blur_best,file,18,baseline_gaussian_blur,7770,133.White_throated_Sparrow/White_Throated_Sparrow_0124_128801.jpg,133,132,133.White_throated_Sparrow,119,118,gaussian_blur,gaussian_blur,0,"{""sigma"":1.433925}",3.1590106,4.0577202,0.89870954,0.042467732,0.017288391,0.50398421,0.10581286,-0.46151648,-0.088524472,0.37299201,0.75252108,1.039308,200.30074,208.17416,False,0.9535079,False,False,False,0.75252108,1.039308,200.30074,208.17416,0.75001916,1.0412702,197.73609,205.8967,0.85869566,0.96113965,31.950363,30.708761,0.73707321,1.2619906,42.959111,54.213992,0.72847808,1.0522666,102.58281,107.94447,0.75306672,1.0455932,114.2319,119.44009,0.7649069,1.0256649,87.640472,89.889756,0.77799048,0.95352116,77.466532,73.865978
0b_gaussian_blur_best,file,18,baseline_gaussian_blur,9211,157.Yellow_throated_Vireo/Yellow_Throated_Vireo_0028_795008.jpg,157,156,157.Yellow_throated_Vireo,172,171,identity,identity,0,{},0.233484,0.233484,0,0.79177028,0.79177028,0.098545618,0.098545618,0.69322466,0.69322466,0,1,1,39.780552,39.780552,False,0.99999994,True,True,True,1,1,39.780552,39.780552,1,1,39.218303,39.218303,1,1,6.6646049,6.6646049,1,1,8.3820523,8.3820523,1,1,19.281764,19.281764,1,1,21.760917,21.760917,1,1,18.437385,18.437385,1,1,16.809385,16.809385
0b_gaussian_blur_best,file,18,baseline_gaussian_blur,9211,157.Yellow_throated_Vireo/Yellow_Throated_Vireo_0028_795008.jpg,157,156,157.Yellow_throated_Vireo,172,171,gaussian_blur,gaussian_blur,0,"{""sigma"":1.410655}",0.233484,0.32783115,0.094347149,0.79177028,0.72048467,0.098545618,0.11108775,0.69322466,0.60939692,-0.083827741,0.81205235,1.3735753,39.780552,54.641583,False,0.97162294,True,True,True,0.81205235,1.3735753,39.780552,54.641583,0.80804011,1.3738327,39.218303,53.879388,0.95194292,1.3646317,6.6646049,9.0947312,0.77840817,2.4520643,8.3820523,20.553331,0.74188807,1.3406411,19.281764,25.849925,0.83054557,1.288173,21.760917,28.031826,0.85700634,1.2580387,18.437385,23.194945,0.88932567,1.314919,16.809385,22.10298
0b_gaussian_blur_best,file,18,baseline_gaussian_blur,2502,044.Frigatebird/Frigatebird_0004_43221.jpg,44,43,044.Frigatebird,33,32,identity,identity,0,{},4.0686874,4.0686874,0,0.017099816,0.017099816,0.089127094,0.089127094,-0.072027277,-0.072027277,0,1,1,128.28657,128.28657,False,1.0000001,True,False,False,1,1,128.28657,128.28657,1,1,126.01092,126.01092,1,1,24.056034,24.056034,1,1,28.997418,28.997418,1,1,48.527169,48.527169,1,1,58.982081,58.982081,1,1,65.821185,65.821185,1,1,69.79757,69.79757
0b_gaussian_blur_best,file,18,baseline_gaussian_blur,2502,044.Frigatebird/Frigatebird_0004_43221.jpg,44,43,044.Frigatebird,33,32,gaussian_blur,gaussian_blur,0,"{""sigma"":1.152273}",4.0686874,4.2234607,0.15477324,0.017099816,0.014647866,0.089127094,0.13356094,-0.072027277,-0.11891307,-0.046885798,0.86028538,1.047001,128.28657,134.31616,False,0.99279773,True,False,False,0.86028538,1.047001,128.28657,134.31616,0.85566318,1.048068,126.01092,132.06801,0.99132043,1.0172871,24.056034,24.471894,0.66300329,1.5536406,28.997418,45.051564,0.81332979,1.1009283,48.527169,53.424932,0.84899703,1.0252418,58.982081,60.470894,0.88768133,0.97493435,65.821185,64.171334,0.92963651,0.99089619,69.79757,69.162146
0b_gaussian_blur_best,file,18,baseline_gaussian_blur,8194,140.Summer_Tanager/Summer_Tanager_0095_139882.jpg,140,139,140.Summer_Tanager,16,15,identity,identity,0,{},0.0031247144,0.0031247144,0,0.99688017,0.99688017,0.00088175945,0.00088175945,0.99599841,0.99599841,0,1,1,0.38156547,0.38156547,False,1,True,True,True,1,1,0.38156547,0.38156547,1,1,0.37063898,0.37063898,1,1,0.090658478,0.090658478,1,1,0.070618603,0.070618603,1,1,0.1482792,0.1482792,1,1,0.16619967,0.16619967,1,1,0.17616081,0.17616081,1,1,0.22747435,0.22747435
0b_gaussian_blur_best,file,18,baseline_gaussian_blur,8194,140.Summer_Tanager/Summer_Tanager_0095_139882.jpg,140,139,140.Summer_Tanager,16,15,gaussian_blur,gaussian_blur,0,"{""sigma"":1.977685}",0.0031247144,0.0037839257,0.00065921131,0.99688017,0.99622321,0.00088175945,0.0015087987,0.99599841,0.99471441,-0.0012840016,0.84410553,1.2628873,0.38156547,0.48187419,False,0.98637676,True,True,True,0.84410553,1.2628873,0.38156547,0.48187419,0.83608889,1.2632924,0.37063898,0.46822539,0.97887769,1.2560975,0.090658478,0.11387589,0.77985348,1.8687362,0.070618603,0.13196754,0.74302908,1.3502464,0.1482792,0.20021345,0.81277294,1.1956886,0.16619967,0.19872305,0.82571585,1.2266025,0.17616081,0.21607929,0.91955753,1.2083523,0.22747435,0.27486915
0b_gaussian_blur_best,file,18,baseline_gaussian_blur,1426,026.Bronzed_Cowbird/Bronzed_Cowbird_0040_24134.jpg,26,25,026.Bronzed_Cowbird,27,26,identity,identity,0,{},0.27292413,0.27292413,0,0.76115054,0.76115054,0.19067119,0.19067119,0.57047935,0.57047935,0,1,1,47.194012,47.194012,False,1,True,True,True,1,1,47.194012,47.194012,1,1,46.355394,46.355394,1,1,8.857325,8.857325,1,1,17.430729,17.430729,1,1,25.330137,25.330137,1,1,20.141347,20.141347,1,1,20.061642,20.061642,1,1,19.880469,19.880469
0b_gaussian_blur_best,file,18,baseline_gaussian_blur,1426,026.Bronzed_Cowbird/Bronzed_Cowbird_0040_24134.jpg,26,25,026.Bronzed_Cowbird,27,26,gaussian_blur,gaussian_blur,0,"{""sigma"":1.831411}",0.27292413,1.450339,1.1774148,0.76115054,0.23449078,0.19067119,0.7007342,0.57047935,-0.46624342,-1.0367228,0.76852668,3.5888323,47.194012,169.37139,False,0.97662705,False,True,False,0.76852668,3.5888323,47.194012,169.37139,0.76121115,3.5907377,46.355394,166.45006,0.97207511,3.5362436,8.857325,31.321659,0.76819851,4.4116954,17.430729,76.899067,0.65231305,3.2930336,25.330137,83.412994,0.77378747,3.604703,20.141347,72.603574,0.81665465,3.4071016,20.061642,68.352055,0.87319895,3.5178613,19.880469,69.936733
0b_gaussian_blur_best,file,18,baseline_gaussian_blur,8057,138.Tree_Swallow/Tree_Swallow_0071_136749.jpg,138,137,138.Tree_Swallow,15,14,identity,identity,0,{},0.0093150055,0.0093150055,0,0.99072826,0.99072826,0.0020255551,0.0020255551,0.9887027,0.9887027,0,1,1,1.457147,1.457147,False,1,True,True,True,1,1,1.457147,1.457147,1,1,1.4322909,1.4322909,1,1,0.2679928,0.2679928,1,1,0.3422737,0.3422737,1,1,0.55369484,0.55369484,1,1,0.64835825,0.64835825,1,1,0.76856226,0.76856226,1,1,0.78528443,0.78528443
0b_gaussian_blur_best,file,18,baseline_gaussian_blur,8057,138.Tree_Swallow/Tree_Swallow_0071_136749.jpg,138,137,138.Tree_Swallow,15,14,gaussian_blur,gaussian_blur,0,"{""sigma"":1.500453}",0.0093150055,0.020216951,0.010901946,0.99072826,0.97998607,0.0020255551,0.00074960414,0.9887027,0.97923647,-0.0094662365,0.70646453,2.3862172,1.457147,3.4770692,False,0.97673237,True,True,True,0.70646453,2.3862172,1.457147,3.4770692,0.69901061,2.3911439,1.4322909,3.4248137,0.93508996,2.2409214,0.2679928,0.60055082,0.68376216,3.0889709,0.3422737,1.0572735,0.44057406,2.2930831,0.55369484,1.2696683,0.66213653,2.7894757,0.64835825,1.8085796,0.75392971,2.3042321,0.76856226,1.7709458,0.84559606,2.0502738,0.78528443,1.6100481
0b_gaussian_blur_best,file,18,baseline_gaussian_blur,1802,032.Mangrove_Cuckoo/Mangrove_Cuckoo_0016_794607.jpg,32,31,032.Mangrove_Cuckoo,31,30,identity,identity,0,{},2.9200475,2.9200475,0,0.053931132,0.053931132,0.66640133,0.66640133,-0.61247019,-0.61247019,0,1,1,238.69332,238.69332,False,0.99999994,True,False,False,1,1,238.69332,238.69332,1,1,235.83286,235.83286,1,1,36.842463,36.842463,1,1,52.925365,52.925365,1,1,130.35158,130.35158,1,1,127.93617,127.93617,1,1,103.32058,103.32058,1,1,93.710728,93.710728
0b_gaussian_blur_best,file,18,baseline_gaussian_blur,1802,032.Mangrove_Cuckoo/Mangrove_Cuckoo_0016_794607.jpg,32,31,032.Mangrove_Cuckoo,31,30,gaussian_blur,gaussian_blur,0,"{""sigma"":1.547055}",2.9200475,1.5045758,-1.4154717,0.053931132,0.22211148,0.66640133,0.35689893,-0.61247019,-0.13478746,0.47768274,0.81560124,0.86591849,238.69332,206.68896,False,0.96097744,True,False,False,0.81560124,0.86591849,238.69332,206.68896,0.81306547,0.86771257,235.83286,204.63513,0.93350095,0.78890658,36.842463,29.065261,0.6942862,0.80126336,52.925365,42.407156,0.84540654,0.95707211,130.35158,124.75586,0.80659275,0.8360395,127.93617,106.95969,0.78500749,0.83959249,103.32058,86.747187,0.8393666,0.79481676,93.710728,74.482857
0b_gaussian_blur_best,file,18,baseline_gaussian_blur,4599,079.Belted_Kingfisher/Belted_Kingfisher_0061_70363.jpg,79,78,079.Belted_Kingfisher,80,79,identity,identity,0,{},0.84601414,0.84601414,0,0.42912194,0.42912194,0.30665922,0.30665922,0.12246272,0.12246272,0,1,1,78.512219,78.512219,False,1,True,True,True,1,1,78.512219,78.512219,1,1,76.586885,76.586885,1,1,17.280558,17.280558,1,1,13.811785,13.811785,1,1,30.539977,30.539977,1,1,40.710881,40.710881,1,1,39.215826,39.215826,1,1,39.329868,39.329868
0b_gaussian_blur_best,file,18,baseline_gaussian_blur,4599,079.Belted_Kingfisher/Belted_Kingfisher_0061_70363.jpg,79,78,079.Belted_Kingfisher,80,79,gaussian_blur,gaussian_blur,0,"{""sigma"":1.382552}",0.84601414,0.86296374,0.016949594,0.42912194,0.42190981,0.30665922,0.43984851,0.12246272,-0.017938703,-0.14040142,0.79137702,1.2518996,78.512219,98.289414,False,0.98118711,False,True,False,0.79137702,1.2518996,78.512219,98.289414,0.78355405,1.2578385,76.586885,96.333934,0.96701259,1.1289283,17.280558,19.508511,0.60033096,1.8560379,13.811785,25.635196,0.6110382,1.3105668,30.539977,40.024679,0.78757482,1.2036935,40.710881,49.003425,0.841668,1.2298587,39.215826,48.229925,0.88046871,1.2176962,39.329868,47.891829
0b_gaussian_blur_best,file,18,baseline_gaussian_blur,5159,089.Hooded_Merganser/Hooded_Merganser_0057_796742.jpg,89,88,089.Hooded_Merganser,86,85,identity,identity,0,{},0.0010688551,0.0010688551,0,0.99893171,0.99893171,0.00013096005,0.00013096005,0.99880075,0.99880075,0,1,1,0.18562693,0.18562693,False,1,True,True,True,1,1,0.18562693,0.18562693,1,1,0.18273262,0.18273262,1,1,0.032651943,0.032651943,1,1,0.032143711,0.032143711,1,1,0.060646016,0.060646016,1,1,0.089859307,0.089859307,1,1,0.097133727,0.097133727,1,1,0.10569009,0.10569009
0b_gaussian_blur_best,file,18,baseline_gaussian_blur,5159,089.Hooded_Merganser/Hooded_Merganser_0057_796742.jpg,89,88,089.Hooded_Merganser,86,85,gaussian_blur,gaussian_blur,0,"{""sigma"":1.016234}",0.0010688551,0.0003392121,-0.00072964295,0.99893171,0.99966085,0.00013096005,3.5769142e-05,0.99880075,0.99962508,0.00082433453,0.88296221,0.3126416,0.18562693,0.058034701,False,0.99285328,True,True,True,0.88296221,0.3126416,0.18562693,0.058034701,0.87929074,0.31169477,0.18273262,0.056956802,0.99151796,0.34096747,0.032651943,0.011133251,0.55586429,0.31762564,0.032143711,0.010209667,0.75924228,0.30423851,0.060646016,0.018450853,0.86600951,0.28032518,0.089859307,0.025189827,0.89318656,0.31463991,0.097133727,0.030562147,0.94601395,0.33194445,0.10569009,0.03508324
0b_gaussian_blur_best,file,18,baseline_gaussian_blur,8734,149.Brown_Thrasher/Brown_Thrasher_0013_155329.jpg,149,148,149.Brown_Thrasher,120,119,identity,identity,0,{},0.056599654,0.056599654,0,0.94497234,0.94497234,0.029859871,0.029859871,0.91511247,0.91511247,0,1,1,7.1104985,7.1104985,False,1,True,True,True,1,1,7.1104985,7.1104985,1,1,6.8902496,6.8902496,1,1,1.7560321,1.7560321,1,1,0.83532913,0.83532913,1,1,2.6504743,2.6504743,1,1,3.4640421,3.4640421,1,1,3.6283112,3.6283112,1,1,3.8194923,3.8194923
0b_gaussian_blur_best,file,18,baseline_gaussian_blur,8734,149.Brown_Thrasher/Brown_Thrasher_0013_155329.jpg,149,148,149.Brown_Thrasher,120,119,gaussian_blur,gaussian_blur,0,"{""sigma"":1.826053}",0.056599654,0.32708657,0.27048691,0.94497234,0.72102135,0.029859871,0.24694027,0.91511247,0.47408108,-0.44103138,0.65804653,7.6444745,7.1104985,54.356025,False,0.93837494,True,True,True,0.65804653,7.6444745,7.1104985,54.356025,0.64516459,7.7097235,6.8902496,53.12192,0.89935919,6.5584811,1.7560321,11.516903,0.32758584,10.734261,0.83532913,8.9666409,0.50001917,9.0521673,2.6504743,23.992537,0.6228524,7.8913654,3.4640421,27.336022,0.69991761,7.4929151,3.6283112,27.186628,0.74196263,6.8249128,3.8194923,26.067702
0b_gaussian_blur_best,file,18,baseline_gaussian_blur,4520,078.Gray_Kingbird/Gray_Kingbird_0063_70287.jpg,78,77,078.Gray_Kingbird,40,39,identity,identity,0,{},1.7749667,1.7749667,0,0.1694891,0.1694891,0.20779496,0.20779496,-0.038305864,-0.038305864,0,1,1,109.34524,109.34524,False,0.99999994,True,False,False,1,1,109.34524,109.34524,1,1,106.32047,106.32047,1,1,25.540895,25.540895,1,1,24.316159,24.316159,1,1,46.573504,46.573504,1,1,58.560479,58.560479,1,1,51.761591,51.761591,1,1,49.346576,49.346576
0b_gaussian_blur_best,file,18,baseline_gaussian_blur,4520,078.Gray_Kingbird/Gray_Kingbird_0063_70287.jpg,78,77,078.Gray_Kingbird,40,39,gaussian_blur,gaussian_blur,0,"{""sigma"":1.863794}",1.7749667,2.6602795,0.8853128,0.1694891,0.069928683,0.20779496,0.089685678,-0.038305864,-0.019756995,0.018548869,0.65776754,1.3501462,109.34524,147.63205,False,0.96897763,False,False,False,0.65776754,1.3501462,109.34524,147.63205,0.64578709,1.3642452,106.32047,145.0472,0.9384305,1.0769061,25.540895,27.505146,0.30318177,2.2234557,24.316159,54.065901,0.51992257,1.570817,46.573504,73.158451,0.71892643,1.3361547,58.560479,78.245862,0.74535613,1.1648347,51.761591,60.293698,0.80156175,1.1109978,49.346576,54.823935
0b_gaussian_blur_best,file,18,baseline_gaussian_blur,1188,022.Chuck_will_Widow/Chuck_Will_Widow_0017_796960.jpg,22,21,022.Chuck_will_Widow,121,120,identity,identity,0,{},0.58174503,0.58174503,0,0.55892217,0.55892217,0.045797639,0.045797639,0.51312453,0.51312453,0,1,1,72.03051,72.03051,False,1,True,True,True,1,1,72.03051,72.03051,1,1,71.162619,71.162619,1,1,11.147914,11.147914,1,1,9.1394808,9.1394808,1,1,30.215931,30.215931,1,1,43.204735,43.204735,1,1,33.568327,33.568327,1,1,32.773527,32.773527
0b_gaussian_blur_best,file,18,baseline_gaussian_blur,1188,022.Chuck_will_Widow/Chuck_Will_Widow_0017_796960.jpg,22,21,022.Chuck_will_Widow,121,120,gaussian_blur,gaussian_blur,0,"{""sigma"":1.952772}",0.58174503,0.8177067,0.23596168,0.55892217,0.44144285,0.045797639,0.021619409,0.51312453,0.41982344,-0.093301095,0.69955627,1.3641704,72.03051,98.261889,False,0.94833058,True,True,True,0.69955627,1.3641704,72.03051,98.261889,0.69382964,1.3645331,71.162619,97.103749,0.93558637,1.349308,11.147914,15.041969,0.37049733,3.0932347,9.1394808,28.270559,0.47708819,1.4357111,30.215931,43.381348,0.7594728,1.212826,43.204735,52.399827,0.76465307,1.3710394,33.568327,46.023498,0.82432171,1.3244181,32.773527,43.405851
0b_gaussian_blur_best,file,18,baseline_gaussian_blur,264,005.Crested_Auklet/Crested_Auklet_0033_794964.jpg,5,4,005.Crested_Auklet,7,6,identity,identity,0,{},0.019678483,0.019678483,0,0.98051387,0.98051387,0.0086524999,0.0086524999,0.97186137,0.97186137,0,1,1,2.5917677,2.5917677,False,1.0000001,True,True,True,1,1,2.5917677,2.5917677,1,1,2.5279995,2.5279995,1,1,0.57138274,0.57138274,1,1,0.29760218,0.29760218,1,1,1.0054026,1.0054026,1,1,1.3563131,1.3563131,1,1,1.1995462,1.1995462,1,1,1.4187613,1.4187613
0b_gaussian_blur_best,file,18,baseline_gaussian_blur,264,005.Crested_Auklet/Crested_Auklet_0033_794964.jpg,5,4,005.Crested_Auklet,7,6,gaussian_blur,gaussian_blur,0,"{""sigma"":1.871905}",0.019678483,0.068483464,0.048804982,0.98051387,0.93380892,0.0086524999,0.02224463,0.97186137,0.91156429,-0.060297078,0.74569794,3.9778523,2.5917677,10.309669,False,0.9701097,True,True,True,0.74569794,3.9778523,2.5917677,10.309669,0.73698502,4.0085207,2.5279995,10.133538,0.96426124,3.3209705,0.57138274,1.8975452,0.53029911,7.4889738,0.29760218,2.2287349,0.60006944,4.7354111,1.0054026,4.7609946,0.75169887,4.1734819,1.3563131,5.6605482,0.75704348,3.6874534,1.1995462,4.4232707,0.85411188,3.4129944,1.4187613,4.8422243
0b_gaussian_blur_best,file,18,baseline_gaussian_blur,1749,031.Black_billed_Cuckoo/Black_Billed_Cuckoo_0057_795323.jpg,31,30,031.Black_billed_Cuckoo,33,32,identity,identity,0,{},2.8214729,2.8214729,0,0.059518214,0.059518214,0.70001143,0.70001143,-0.64049322,-0.64049322,0,1,1,166.12054,166.12054,False,0.99999994,True,False,False,1,1,166.12054,166.12054,1,1,162.61291,162.61291,1,1,33.95696,33.95696,1,1,34.152366,34.152366,1,1,88.806735,88.806735,1,1,77.379296,77.379296,1,1,80.816368,80.816368,1,1,69.793251,69.793251
0b_gaussian_blur_best,file,18,baseline_gaussian_blur,1749,031.Black_billed_Cuckoo/Black_Billed_Cuckoo_0057_795323.jpg,31,30,031.Black_billed_Cuckoo,33,32,gaussian_blur,gaussian_blur,0,"{""sigma"":1.681849}",2.8214729,3.9808807,1.1594079,0.059518214,0.018669192,0.70001143,0.83353549,-0.64049322,-0.8148663,-0.17437308,0.79832398,1.1168008,166.12054,185.52355,False,0.97260416,True,False,False,0.79832398,1.1168008,166.12054,185.52355,0.79056067,1.1146435,162.61291,181.25543,0.96938606,1.1651765,33.95696,39.565852,0.4989851,1.350023,34.152366,46.10648,0.77403991,1.0340046,88.806735,91.826574,0.80190176,1.2024706,77.379296,93.046328,0.8208447,1.0888227,80.816368,87.994696,0.85703823,1.1000831,69.793251,76.778375
0b_gaussian_blur_best,file,18,baseline_gaussian_blur,11302,192.Downy_Woodpecker/Downy_Woodpecker_0044_184170.jpg,192,191,192.Downy_Woodpecker,81,80,identity,identity,0,{},6.0675688e-05,6.0675688e-05,0,0.99993932,0.99993932,1.1519325e-05,1.1519325e-05,0.9999278,0.9999278,0,1,1,0.010956435,0.010956435,False,0.99999982,True,True,True,1,1,0.010956435,0.010956435,1,1,0.010729053,0.010729053,1,1,0.0022205606,0.0022205606,1,1,0.0021883035,0.0021883035,1,1,0.0051087066,0.0051087066,1,1,0.0053315882,0.0053315882,1,1,0.005086972,0.005086972,1,1,0.0054700922,0.0054700922
0b_gaussian_blur_best,file,18,baseline_gaussian_blur,11302,192.Downy_Woodpecker/Downy_Woodpecker_0044_184170.jpg,192,191,192.Downy_Woodpecker,81,80,gaussian_blur,gaussian_blur,0,"{""sigma"":1.625449}",6.0675688e-05,0.00054332754,0.00048265185,0.99993932,0.99945682,1.1519325e-05,2.7693022e-05,0.9999278,0.99942913,-0.0004986733,0.69774518,12.249745,0.010956435,0.13421354,False,0.97966802,True,True,True,0.69774518,12.249745,0.010956435,0.13421354,0.69106917,12.364406,0.010729053,0.13265837,0.9381006,9.174418,0.0022205606,0.020372351,0.45395358,25.307139,0.0021883035,0.055379702,0.69184606,13.217237,0.0051087066,0.067522985,0.70062982,12.330437,0.0053315882,0.06574081,0.75332559,10.919024,0.005086972,0.055544768,0.83564328,9.2585017,0.0054700922,0.050644858
0b_gaussian_blur_best,file,18,baseline_gaussian_blur,2933,051.Horned_Grebe/Horned_Grebe_0006_34718.jpg,51,50,051.Horned_Grebe,50,49,identity,identity,0,{},0.0559773,0.0559773,0,0.94556057,0.94556057,0.025878277,0.025878277,0.9196823,0.9196823,0,1,1,7.4307896,7.4307896,False,0.99999994,True,True,True,1,1,7.4307896,7.4307896,1,1,7.2682763,7.2682763,1,1,1.5455721,1.5455721,1,1,2.2566779,2.2566779,1,1,3.042921,3.042921,1,1,3.5781626,3.5781626,1,1,3.4593676,3.4593676,1,1,3.7020812,3.7020812
0b_gaussian_blur_best,file,18,baseline_gaussian_blur,2933,051.Horned_Grebe/Horned_Grebe_0006_34718.jpg,51,50,051.Horned_Grebe,50,49,gaussian_blur,gaussian_blur,0,"{""sigma"":1.357658}",0.0559773,0.10974237,0.053765066,0.94556057,0.89606494,0.025878277,0.034694362,0.9196823,0.86137057,-0.058311723,0.78815833,1.7915313,7.4307896,13.312492,False,0.98304677,True,True,True,0.78815833,1.7915313,7.4307896,13.312492,0.77985507,1.7905664,7.2682763,13.014331,0.96959501,1.8127386,1.5455721,2.8017183,0.57679468,1.6659673,2.2566779,3.7595516,0.6639253,1.919514,3.042921,5.8409295,0.80899021,1.8165658,3.5781626,6.4999676,0.82440675,1.7172997,3.4593676,5.9407709,0.87219912,1.783186,3.7020812,6.6014995
0b_gaussian_blur_best,file,18,baseline_gaussian_blur,9650,164.Cerulean_Warbler/Cerulean_Warbler_0018_797183.jpg,164,163,164.Cerulean_Warbler,159,158,identity,identity,0,{},0.046306916,0.046306916,0,0.95474887,0.95474887,0.040878266,0.040878266,0.9138706,0.9138706,0,1,1,9.120052,9.120052,False,1,True,True,True,1,1,9.120052,9.120052,1,1,8.9423095,8.9423095,1,1,1.791773,1.791773,1,1,2.2766537,2.2766537,1,1,4.3079808,4.3079808,1,1,4.8693654,4.8693654,1,1,4.0032013,4.0032013,1,1,4.0603827,4.0603827
0b_gaussian_blur_best,file,18,baseline_gaussian_blur,9650,164.Cerulean_Warbler/Cerulean_Warbler_0018_797183.jpg,164,163,164.Cerulean_Warbler,159,158,gaussian_blur,gaussian_blur,0,"{""sigma"":1.926602}",0.046306916,0.016335562,-0.029971354,0.95474887,0.98379713,0.040878266,0.010486621,0.9138706,0.97331051,0.059439909,0.76341585,0.36271026,9.120052,3.3079364,False,0.97702849,True,True,True,0.76341585,0.36271026,9.120052,3.3079364,0.75715922,0.36476096,8.9423095,3.2618054,0.95932073,0.30724711,1.791773,0.55051709,0.56158625,0.53877661,2.2766537,1.2266078,0.69432547,0.39341718,4.3079808,1.6948336,0.82499999,0.35154308,4.8693654,1.7117917,0.8073645,0.32774759,4.0032013,1.3120396,0.84024933,0.31256188,4.0603827,1.2691209
0b_gaussian_blur_best,file,18,baseline_gaussian_blur,10149,173.Orange_crowned_Warbler/Orange_Crowned_Warbler_0103_168566.jpg,173,172,173.Orange_crowned_Warbler,148,147,identity,identity,0,{},4.8049803,4.8049803,0,0.0081888633,0.0081888633,0.061235208,0.061235208,-0.053046345,-0.053046345,0,1,1,120.80245,120.80245,False,1,True,False,False,1,1,120.80245,120.80245,1,1,118.48313,118.48313,1,1,23.558015,23.558015,1,1,29.409378,29.409378,1,1,47.900579,47.900579,1,1,64.001742,64.001742,1,1,58.739882,58.739882,1,1,57.725887,57.725887
0b_gaussian_blur_best,file,18,baseline_gaussian_blur,10149,173.Orange_crowned_Warbler/Orange_Crowned_Warbler_0103_168566.jpg,173,172,173.Orange_crowned_Warbler,148,147,gaussian_blur,gaussian_blur,0,"{""sigma"":1.921855}",4.8049803,7.0197067,2.2147264,0.0081888633,0.0008940876,0.061235208,0.0028497668,-0.053046345,-0.0019556792,0.051090666,0.7392866,1.5752288,120.80245,190.2915,False,0.92901218,False,False,False,0.7392866,1.5752288,120.80245,190.2915,0.73466774,1.587669,118.48313,188.11199,0.91662634,1.21904,23.558015,28.718162,0.66337223,2.3065871,29.409378,67.835291,0.63950135,1.8478923,47.900579,88.515112,0.79702813,1.5550058,64.001742,99.523078,0.77285526,1.4075011,58.739882,82.67645,0.77150611,1.3650603,57.725887,78.799317
0b_gaussian_blur_best,file,18,baseline_gaussian_blur,2467,043.Yellow_bellied_Flycatcher/Yellow_Bellied_Flycatcher_0041_42719.jpg,43,42,043.Yellow_bellied_Flycatcher,39,38,identity,identity,0,{},0.56916225,0.56916225,0,0.56599939,0.56599939,0.23720643,0.23720643,0.32879296,0.32879296,0,1,1,74.113544,74.113544,False,0.99999994,True,True,True,1,1,74.113544,74.113544,1,1,72.081755,72.081755,1,1,17.234787,17.234787,1,1,20.174453,20.174453,1,1,27.887339,27.887339,1,1,40.036857,40.036857,1,1,35.306851,35.306851,1,1,34.081426,34.081426
0b_gaussian_blur_best,file,18,baseline_gaussian_blur,2467,043.Yellow_bellied_Flycatcher/Yellow_Bellied_Flycatcher_0041_42719.jpg,43,42,043.Yellow_bellied_Flycatcher,39,38,gaussian_blur,gaussian_blur,0,"{""sigma"":1.966194}",0.56916225,2.5285904,1.9594282,0.56599939,0.079771385,0.23720643,0.10166804,0.32879296,-0.02189666,-0.35068962,0.62166927,3.454801,74.113544,256.04755,False,0.95590901,False,True,False,0.62166927,3.454801,74.113544,256.04755,0.61696391,3.5173252,72.081755,253.53497,0.84643723,2.0761598,17.234787,35.782173,0.61724945,7.2708402,20.174453,146.68523,0.55204998,4.0745906,27.887339,113.62949,0.70977039,3.0724774,40.036857,123.01234,0.68549496,2.5290791,35.306851,89.29382,0.72960945,2.4099972,34.081426,82.136141
0b_gaussian_blur_best,file,18,baseline_gaussian_blur,6135,105.Whip_poor_Will/Whip_Poor_Will_0044_796407.jpg,105,104,105.Whip_poor_Will,22,21,identity,identity,0,{},0.3924264,0.3924264,0,0.67541605,0.67541605,0.30895993,0.30895993,0.36645612,0.36645612,0,1,1,74.30799,74.30799,False,1,True,True,True,1,1,74.30799,74.30799,1,1,73.201222,73.201222,1,1,12.77726,12.77726,1,1,10.270627,10.270627,1,1,35.275338,35.275338,1,1,38.17886,38.17886,1,1,38.091128,38.091128,1,1,33.166615,33.166615
0b_gaussian_blur_best,file,18,baseline_gaussian_blur,6135,105.Whip_poor_Will/Whip_Poor_Will_0044_796407.jpg,105,104,105.Whip_poor_Will,22,21,gaussian_blur,gaussian_blur,0,"{""sigma"":1.729959}",0.3924264,1.1050804,0.71265396,0.67541605,0.33118427,0.30895993,0.65503299,0.36645612,-0.32384872,-0.69030485,0.80630389,2.3677277,74.30799,175.94109,False,0.97770727,False,True,False,0.80630389,2.3677277,74.30799,175.94109,0.80140672,2.3714698,73.201222,173.59449,0.9776081,2.2414416,12.77726,28.639483,0.53640878,3.3571505,10.270627,34.480041,0.70117818,2.6373702,35.275338,93.034124,0.79578206,2.3765774,38.17886,90.735018,0.88112591,2.1710588,38.091128,82.698078,0.90162177,2.1781755,33.166615,72.242708
0b_gaussian_blur_best,file,18,baseline_gaussian_blur,1581,028.Brown_Creeper/Brown_Creeper_0121_24574.jpg,28,27,028.Brown_Creeper,190,189,identity,identity,0,{},0.0067965761,0.0067965761,0,0.99322647,0.99322647,0.0012318878,0.0012318878,0.99199458,0.99199458,0,1,1,1.2751113,1.2751113,False,1,True,True,True,1,1,1.2751113,1.2751113,1,1,1.2609793,1.2609793,1,1,0.1893149,0.1893149,1,1,0.21586205,0.21586205,1,1,0.55277427,0.55277427,1,1,0.65193536,0.65193536,1,1,0.6590912,0.6590912,1,1,0.61521702,0.61521702
0b_gaussian_blur_best,file,18,baseline_gaussian_blur,1581,028.Brown_Creeper/Brown_Creeper_0121_24574.jpg,28,27,028.Brown_Creeper,190,189,gaussian_blur,gaussian_blur,0,"{""sigma"":1.44622}",0.0067965761,0.0056376979,-0.0011588782,0.99322647,0.99437815,0.0012318878,0.0013197827,0.99199458,0.99305837,0.0010637861,0.78492402,0.92627053,1.2751113,1.181098,False,0.97821379,True,True,True,0.78492402,0.92627053,1.2751113,1.181098,0.78120903,0.92844939,1.2609793,1.1707554,0.97617926,0.82382475,0.1893149,0.1559623,0.48566549,1.221448,0.21586205,0.26366427,0.69764866,1.1554319,0.55277427,0.63869302,0.78057294,0.93463437,0.65193536,0.60932119,0.84410821,0.78702469,0.6590912,0.51872105,0.9072797,0.8173841,0.61521702,0.50286861
0b_gaussian_blur_best,file,18,baseline_gaussian_blur,8782,150.Sage_Thrasher/Sage_Thrasher_0096_155449.jpg,150,149,150.Sage_Thrasher,128,127,identity,identity,0,{},0.72012007,0.72012007,0,0.48669383,0.48669383,0.088052899,0.088052899,0.39864093,0.39864093,0,1,1,75.637906,75.637906,False,1.0000001,True,True,True,1,1,75.637906,75.637906,1,1,74.400674,74.400674,1,1,13.624707,13.624707,1,1,11.031128,11.031128,1,1,26.816717,26.816717,1,1,40.521486,40.521486,1,1,41.884942,41.884942,1,1,36.031916,36.031916
0b_gaussian_blur_best,file,18,baseline_gaussian_blur,8782,150.Sage_Thrasher/Sage_Thrasher_0096_155449.jpg,150,149,150.Sage_Thrasher,128,127,gaussian_blur,gaussian_blur,0,"{""sigma"":1.508416}",0.72012007,1.0949652,0.37484515,0.48669383,0.33455124,0.088052899,0.16028073,0.39864093,0.17427051,-0.22437042,0.73936419,1.4323646,75.637906,108.34106,False,0.96547294,True,True,True,0.73936419,1.4323646,75.637906,108.34106,0.73250201,1.4351745,74.400674,106.77795,0.95904596,1.3458817,13.624707,18.337244,0.58657703,2.0306826,11.031128,22.40072,0.46591541,1.7493221,26.816717,46.911075,0.74178644,1.4468211,40.521486,58.62734,0.80838483,1.2870856,41.884942,53.909507,0.85807171,1.3470127,36.031916,48.535449
0b_gaussian_blur_best,file,18,baseline_gaussian_blur,8635,147.Least_Tern/Least_Tern_0052_154021.jpg,147,146,147.Least_Tern,112,111,identity,identity,0,{},0.33404857,0.33404857,0,0.71601897,0.71601897,0.086291149,0.086291149,0.62972783,0.62972783,0,1,1,36.562944,36.562944,False,0.99999994,True,True,True,1,1,36.562944,36.562944,1,1,35.520647,35.520647,1,1,8.6678986,8.6678986,1,1,5.1602744,5.1602744,1,1,14.597567,14.597567,1,1,16.414416,16.414416,1,1,18.595341,18.595341,1,1,20.168769,20.168769
0b_gaussian_blur_best,file,18,baseline_gaussian_blur,8635,147.Least_Tern/Least_Tern_0052_154021.jpg,147,146,147.Least_Tern,112,111,gaussian_blur,gaussian_blur,0,"{""sigma"":1.291076}",0.33404857,0.1947446,-0.13930397,0.71601897,0.82304484,0.086291149,0.035782199,0.62972783,0.78726264,0.15753481,0.86189776,0.69957487,36.562944,25.578517,False,0.99288082,True,True,True,0.86189776,0.69957487,36.562944,25.578517,0.85593016,0.70432174,35.520647,25.017964,0.98443172,0.61440456,8.6678986,5.3255964,0.78269631,1.2146731,5.1602744,6.2680463,0.77452601,0.86010516,14.597567,12.555442,0.8484874,0.69747048,16.414416,11.448571,0.89606249,0.63976207,18.595341,11.896594,0.93445949,0.62001258,20.168769,12.504891
0b_gaussian_blur_best,file,18,baseline_gaussian_blur,566,011.Rusty_Blackbird/Rusty_Blackbird_0023_6752.jpg,11,10,011.Rusty_Blackbird,9,8,identity,identity,0,{},0.50960124,0.50960124,0,0.60073507,0.60073507,0.33449474,0.33449474,0.26624033,0.26624033,0,1,1,77.888268,77.888268,False,1,True,True,True,1,1,77.888268,77.888268,1,1,75.979187,75.979187,1,1,17.139005,17.139005,1,1,12.724749,12.724749,1,1,38.608126,38.608126,1,1,40.484065,40.484065,1,1,35.195621,35.195621,1,1,35.251084,35.251084
0b_gaussian_blur_best,file,18,baseline_gaussian_blur,566,011.Rusty_Blackbird/Rusty_Blackbird_0023_6752.jpg,11,10,011.Rusty_Blackbird,9,8,gaussian_blur,gaussian_blur,0,"{""sigma"":1.940434}",0.50960124,1.245272,0.7356708,0.60073507,0.28786257,0.33449474,0.18103863,0.26624033,0.10682394,-0.15941639,0.54561891,2.5515427,77.888268,198.73524,False,0.91195345,True,True,True,0.54561891,2.5515427,77.888268,198.73524,0.54135508,2.5947429,75.979187,197.14645,0.78341973,1.46329,17.139005,25.079335,0.15813064,4.5923374,12.724749,58.436342,0.46591691,2.5714726,38.608126,99.279738,0.6386593,2.7592557,40.484065,111.70589,0.55593926,2.4845043,35.195621,87.443671,0.61607862,2.0982391,35.251084,73.965204
0b_gaussian_blur_best,file,18,baseline_gaussian_blur,8751,149.Brown_Thrasher/Brown_Thrasher_0085_155445.jpg,149,148,149.Brown_Thrasher,99,98,identity,identity,0,{},0.13447654,0.13447654,0,0.8741734,0.8741734,0.031436253,0.031436253,0.84273715,0.84273715,0,1,1,19.27604,19.27604,False,1,True,True,True,1,1,19.27604,19.27604,1,1,19.006461,19.006461,1,1,3.2125032,3.2125032,1,1,3.5216056,3.5216056,1,1,9.9378917,9.9378917,1,1,9.8732472,9.8732472,1,1,8.5339429,8.5339429,1,1,8.9315705,8.9315705
0b_gaussian_blur_best,file,18,baseline_gaussian_blur,8751,149.Brown_Thrasher/Brown_Thrasher_0085_155445.jpg,149,148,149.Brown_Thrasher,99,98,gaussian_blur,gaussian_blur,0,"{""sigma"":1.831011}",0.13447654,0.086878084,-0.047598459,0.8741734,0.91678888,0.031436253,0.046820302,0.84273715,0.86996857,0.027231425,0.75512861,0.75311093,19.27604,14.516996,False,0.97538579,True,True,True,0.75512861,0.75311093,19.27604,14.516996,0.74948829,0.75110159,19.006461,14.275783,0.93874479,0.82035015,3.2125032,2.6353775,0.53147045,1.4200747,3.5216056,5.000943,0.79737637,0.77516395,9.9378917,7.7034954,0.75103074,0.66385828,9.8732472,6.5544369,0.74831032,0.68619288,8.5339429,5.8559308,0.80940348,0.72725697,8.9315705,6.4955469
0b_gaussian_blur_best,file,18,baseline_gaussian_blur,6529,112.Great_Grey_Shrike/Great_Grey_Shrike_0089_797036.jpg,112,111,112.Great_Grey_Shrike,193,192,identity,identity,0,{},1.2373977,1.2373977,0,0.29013827,0.29013827,0.14802182,0.14802182,0.14211646,0.14211646,0,1,1,165.64238,165.64238,False,1,True,True,True,1,1,165.64238,165.64238,1,1,163.59606,163.59606,1,1,25.956247,25.956247,1,1,34.353631,34.353631,1,1,83.494841,83.494841,1,1,84.220127,84.220127,1,1,79.886987,79.886987,1,1,71.673918,71.673918
0b_gaussian_blur_best,file,18,baseline_gaussian_blur,6529,112.Great_Grey_Shrike/Great_Grey_Shrike_0089_797036.jpg,112,111,112.Great_Grey_Shrike,193,192,gaussian_blur,gaussian_blur,0,"{""sigma"":1.730684}",1.2373977,1.349999,0.11260128,0.29013827,0.25924051,0.14802182,0.010940481,0.14211646,0.24830003,0.10618357,0.72010897,1.109891,165.64238,183.84499,False,0.94637793,True,True,True,0.72010897,1.109891,165.64238,183.84499,0.71650106,1.1111114,163.59606,181.77344,0.87107506,1.0602766,25.956247,27.520801,0.64775085,1.4718697,34.353631,50.564069,0.66896298,1.025992,83.494841,85.665036,0.72349839,1.186929,84.220127,99.963309,0.74496883,1.0999044,79.886987,87.868049,0.77163176,1.0283829,71.673918,73.708232
0b_gaussian_blur_best,file,18,baseline_gaussian_blur,4639,080.Green_Kingfisher/Green_Kingfisher_0042_71028.jpg,80,79,080.Green_Kingfisher,81,80,identity,identity,0,{},0.3090041,0.3090041,0,0.73417777,0.73417777,0.04678344,0.04678344,0.68739433,0.68739433,0,1,1,53.959999,53.959999,False,0.99999994,True,True,True,1,1,53.959999,53.959999,1,1,53.346264,53.346264,1,1,8.1152668,8.1152668,1,1,12.680837,12.680837,1,1,24.436982,24.436982,1,1,28.997944,28.997944,1,1,28.404232,28.404232,1,1,20.980301,20.980301
0b_gaussian_blur_best,file,18,baseline_gaussian_blur,4639,080.Green_Kingfisher/Green_Kingfisher_0042_71028.jpg,80,79,080.Green_Kingfisher,81,80,gaussian_blur,gaussian_blur,0,"{""sigma"":1.44674}",0.3090041,1.5472981,1.238294,0.73417777,0.21282223,0.04678344,0.010811685,0.68739433,0.20201054,-0.48538378,0.69152322,3.2581867,53.959999,175.81175,False,0.94838464,True,True,True,0.69152322,3.2581867,53.959999,175.81175,0.68673086,3.2655335,53.346264,174.20401,0.92702716,2.9231301,8.1152668,23.721981,0.52856365,3.7123984,12.680837,47.076318,0.63977371,3.8270331,24.436982,93.521141,0.67401065,3.1720713,28.997944,91.983545,0.74772948,3.0227562,28.404232,85.859067,0.78606392,2.8406572,20.980301,59.597845
0b_gaussian_blur_best,file,18,baseline_gaussian_blur,10452,178.Swainson_Warbler/Swainson_Warbler_0036_174699.jpg,178,177,178.Swainson_Warbler,154,153,identity,identity,0,{},0.043139216,0.043139216,0,0.95777804,0.95777804,0.02701935,0.02701935,0.93075869,0.93075869,0,1,1,8.6713602,8.6713602,False,1,True,True,True,1,1,8.6713602,8.6713602,1,1,8.5326347,8.5326347,1,1,1.544873,1.544873,1,1,2.1997805,2.1997805,1,1,3.9815524,3.9815524,1,1,4.6612866,4.6612866,1,1,4.0847155,4.0847155,1,1,3.7015629,3.7015629
0b_gaussian_blur_best,file,18,baseline_gaussian_blur,10452,178.Swainson_Warbler/Swainson_Warbler_0036_174699.jpg,178,177,178.Swainson_Warbler,154,153,gaussian_blur,gaussian_blur,0,"{""sigma"":1.588824}",0.043139216,0.055960167,0.012820952,0.95777804,0.94557679,0.02701935,0.02784346,0.93075869,0.91773333,-0.01302536,0.86380177,1.3709066,8.6713602,11.887625,False,0.98409879,True,True,True,0.86380177,1.3709066,8.6713602,11.887625,0.86070025,1.375377,8.5326347,11.73559,0.97537537,1.2267301,1.544873,1.8951422,0.75854264,1.3588864,2.1997805,2.9892517,0.81026531,1.4239227,3.9815524,5.6694229,0.86689728,1.3547947,4.6612866,6.3150865,0.89265431,1.3948155,4.0847155,5.6974245,0.91052456,1.3318759,3.7015629,4.9300224
0b_gaussian_blur_best,file,18,baseline_gaussian_blur,8335,142.Black_Tern/Black_Tern_0055_144607.jpg,142,141,142.Black_Tern,49,48,identity,identity,0,{},0.011751237,0.011751237,0,0.98831755,0.98831755,0.0023575241,0.0023575241,0.98596003,0.98596003,0,1,1,1.9949592,1.9949592,False,0.99999988,True,True,True,1,1,1.9949592,1.9949592,1,1,1.9492837,1.9492837,1,1,0.42444696,0.42444696,1,1,0.51234831,0.51234831,1,1,0.74275406,0.74275406,1,1,0.92343264,0.92343264,1,1,1.0007398,1.0007398,1,1,1.0636327,1.0636327
0b_gaussian_blur_best,file,18,baseline_gaussian_blur,8335,142.Black_Tern/Black_Tern_0055_144607.jpg,142,141,142.Black_Tern,49,48,gaussian_blur,gaussian_blur,0,"{""sigma"":1.941045}",0.011751237,0.08805979,0.076308553,0.98831755,0.9157061,0.0023575241,0.0028210357,0.98596003,0.91288506,-0.073074963,0.5612184,10.104064,1.9949592,20.157194,False,0.91305423,True,True,True,0.5612184,10.104064,1.9949592,20.157194,0.55290871,10.22548,1.9492837,19.932362,0.8518718,7.0732922,0.42444696,3.0022373,0.51501464,13.782189,0.51234831,7.0612814,0.51738853,13.445286,0.74275406,9.9865411,0.49831948,10.632765,0.92343264,9.8186425,0.57895498,9.2782822,1.0007398,9.2851459,0.68567567,7.5849783,1.0636327,8.0676311
0b_gaussian_blur_best,file,18,baseline_gaussian_blur,1149,021.Eastern_Towhee/Eastern_Towhee_0120_22189.jpg,21,20,021.Eastern_Towhee,109,108,identity,identity,0,{},0.058954973,0.058954973,0,0.9427492,0.9427492,0.031112792,0.031112792,0.91163641,0.91163641,0,1,1,9.0733699,9.0733699,False,1,True,True,True,1,1,9.0733699,9.0733699,1,1,8.926101,8.926101,1,1,1.6281161,1.6281161,1,1,2.3376392,2.3376392,1,1,3.1157961,3.1157961,1,1,4.4360569,4.4360569,1,1,4.5173105,4.5173105,1,1,4.9414412,4.9414412
0b_gaussian_blur_best,file,18,baseline_gaussian_blur,1149,021.Eastern_Towhee/Eastern_Towhee_0120_22189.jpg,21,20,021.Eastern_Towhee,109,108,gaussian_blur,gaussian_blur,0,"{""sigma"":1.701022}",0.058954973,0.016406629,-0.042548344,0.9427492,0.98372722,0.031112792,0.0081462786,0.91163641,0.97558094,0.063944528,0.84031148,0.29263904,9.0733699,2.6552223,False,0.9905948,True,True,True,0.84031148,0.29263904,9.0733699,2.6552223,0.83521455,0.29203451,8.926101,2.6067295,0.9860006,0.31026039,1.6281161,0.50513996,0.67188105,0.25428061,2.3376392,0.59441632,0.60562181,0.33034992,3.1157961,1.029303,0.85511594,0.28156271,4.4360569,1.2490282,0.876013,0.28155732,4.5173105,1.2718819,0.92502189,0.30046943,4.9414412,1.484752
0b_gaussian_blur_best,file,18,baseline_gaussian_blur,4254,073.Blue_Jay/Blue_Jay_0086_63394.jpg,73,72,073.Blue_Jay,94,93,identity,identity,0,{},0.0011561384,0.0011561384,0,0.9988445,0.9988445,0.00019144891,0.00019144891,0.99865306,0.99865306,0,1,1,0.20280128,0.20280128,False,1,True,True,True,1,1,0.20280128,0.20280128,1,1,0.19939707,0.19939707,1,1,0.037002277,0.037002277,1,1,0.040512604,0.040512604,1,1,0.10109398,0.10109398,1,1,0.10255918,0.10255918,1,1,0.091706773,0.091706773,1,1,0.094706972,0.094706972
0b_gaussian_blur_best,file,18,baseline_gaussian_blur,4254,073.Blue_Jay/Blue_Jay_0086_63394.jpg,73,72,073.Blue_Jay,94,93,gaussian_blur,gaussian_blur,0,"{""sigma"":1.463391}",0.0011561384,0.000577998,-0.00057814037,0.9988445,0.99942219,0.00019144891,3.5412944e-05,0.99865306,0.99938678,0.00073372418,0.79363294,0.50479627,0.20280128,0.10237333,False,0.98507142,True,True,True,0.79363294,0.50479627,0.20280128,0.10237333,0.78758017,0.50435656,0.19939707,0.10056722,0.96521741,0.51740178,0.037002277,0.019145044,0.71490978,0.77243691,0.040512604,0.03129343,0.74078983,0.50701652,0.10109398,0.051256315,0.79643565,0.49624038,0.10255918,0.050894008,0.77961229,0.45461172,0.091706773,0.041690974,0.88455031,0.49287943,0.094706972,0.046679118
0b_gaussian_blur_best,file,18,baseline_gaussian_blur,4526,078.Gray_Kingbird/Gray_Kingbird_0059_795030.jpg,78,77,078.Gray_Kingbird,111,110,identity,identity,0,{},0.54800898,0.54800898,0,0.57809967,0.57809967,0.16942242,0.16942242,0.40867725,0.40867725,0,1,1,68.367859,68.367859,False,1,True,True,True,1,1,68.367859,68.367859,1,1,66.72273,66.72273,1,1,14.907768,14.907768,1,1,19.342335,19.342335,1,1,26.550652,26.550652,1,1,32.029795,32.029795,1,1,34.506793,34.506793,1,1,34.003428,34.003428
0b_gaussian_blur_best,file,18,baseline_gaussian_blur,4526,078.Gray_Kingbird/Gray_Kingbird_0059_795030.jpg,78,77,078.Gray_Kingbird,111,110,gaussian_blur,gaussian_blur,0,"{""sigma"":1.992278}",0.54800898,0.29275209,-0.25525689,0.57809967,0.74620712,0.16942242,0.15872982,0.40867725,0.5874773,0.17880005,0.72491562,0.8669189,68.367859,59.26939,False,0.9836176,True,True,True,0.72491562,0.8669189,68.367859,59.26939,0.71660817,0.87528989,66.72273,58.40173,0.96275004,0.67779277,14.907768,10.104377,0.59043447,1.3435359,19.342335,25.987121,0.60194732,0.88525952,26.550652,23.504217,0.70505704,0.89928789,32.029795,28.804006,0.79338995,0.78771041,34.506793,27.18136,0.86055279,0.72900985,34.003428,24.788834
0b_gaussian_blur_best,file,18,baseline_gaussian_blur,4356,075.Green_Jay/Green_Jay_0086_65847.jpg,75,74,075.Green_Jay,16,15,identity,identity,0,{},0.032326154,0.032326154,0,0.96819073,0.96819073,0.0057657319,0.0057657319,0.962425,0.962425,0,1,1,4.3154329,4.3154329,False,1,True,True,True,1,1,4.3154329,4.3154329,1,1,4.2216125,4.2216125,1,1,0.8949575,0.8949575,1,1,0.68396252,0.68396252,1,1,1.5849738,1.5849738,1,1,2.1562412,2.1562412,1,1,2.1684083,2.1684083,1,1,2.3432232,2.3432232
0b_gaussian_blur_best,file,18,baseline_gaussian_blur,4356,075.Green_Jay/Green_Jay_0086_65847.jpg,75,74,075.Green_Jay,16,15,gaussian_blur,gaussian_blur,0,"{""sigma"":1.780914}",0.032326154,0.0043974845,-0.02792867,0.96819073,0.99561214,0.0057657319,0.00052238879,0.962425,0.99508976,0.032664758,0.75510421,0.16491815,4.3154329,0.71169323,False,0.97819412,True,True,True,0.75510421,0.16491815,4.3154329,0.71169323,0.74622802,0.16552143,4.2216125,0.69876735,0.97490375,0.15087182,0.8949575,0.13502387,0.32164436,0.24690228,0.68396252,0.16887191,0.5169232,0.18225238,1.5849738,0.28886525,0.76797742,0.16194169,2.1562412,0.34918535,0.80483808,0.16092266,2.1684083,0.34894603,0.86751002,0.15541497,2.3432232,0.36417195
0b_gaussian_blur_best,file,18,baseline_gaussian_blur,2372,042.Vermilion_Flycatcher/Vermilion_Flycatcher_0006_42564.jpg,42,41,042.Vermilion_Flycatcher,17,16,identity,identity,0,{},0.0015637563,0.0015637563,0,0.99843746,0.99843746,0.00059361756,0.00059361756,0.99784385,0.99784385,0,1,1,0.19730455,0.19730455,False,1,True,True,True,1,1,0.19730455,0.19730455,1,1,0.19178177,0.19178177,1,1,0.046355595,0.046355595,1,1,0.021758268,0.021758268,1,1,0.060164692,0.060164692,1,1,0.073256824,0.073256824,1,1,0.09704022,0.09704022,1,1,0.13380458,0.13380458
0b_gaussian_blur_best,file,18,baseline_gaussian_blur,2372,042.Vermilion_Flycatcher/Vermilion_Flycatcher_0006_42564.jpg,42,41,042.Vermilion_Flycatcher,17,16,gaussian_blur,gaussian_blur,0,"{""sigma"":1.048292}",0.0015637563,0.0022000889,0.00063633267,0.99843746,0.99780232,0.00059361756,0.00062340283,0.99784385,0.99717891,-0.00066493236,0.90896123,1.4197739,0.19730455,0.28012785,False,0.99595433,True,True,True,0.90896123,1.4197739,0.19730455,0.28012785,0.90439378,1.4226256,0.19178177,0.27283365,0.99075012,1.3700421,0.046355595,0.063509119,0.61431072,1.9325437,0.021758268,0.042048803,0.79343424,1.5548703,0.060164692,0.093548294,0.848193,1.4114883,0.073256824,0.10340115,0.90819794,1.4193612,0.09704022,0.13773513,0.95822367,1.3832405,0.13380458,0.18508392
0b_gaussian_blur_best,file,18,baseline_gaussian_blur,9117,156.White_eyed_Vireo/White_Eyed_Vireo_0030_159265.jpg,156,155,156.White_eyed_Vireo,152,151,identity,identity,0,{},3.0193877,3.0193877,0,0.048831113,0.048831113,0.23645937,0.23645937,-0.18762826,-0.18762826,0,1,1,100.30534,100.30534,False,0.99999994,True,False,False,1,1,100.30534,100.30534,1,1,97.231506,97.231506,1,1,24.641319,24.641319,1,1,15.939101,15.939101,1,1,33.197871,33.197871,1,1,43.473046,43.473046,1,1,49.315806,49.315806,1,1,61.448008,61.448008
0b_gaussian_blur_best,file,18,baseline_gaussian_blur,9117,156.White_eyed_Vireo/White_Eyed_Vireo_0030_159265.jpg,156,155,156.White_eyed_Vireo,152,151,gaussian_blur,gaussian_blur,0,"{""sigma"":1.785054}",3.0193877,3.1688595,0.14947176,0.048831113,0.042051539,0.23645937,0.57745785,-0.18762826,-0.53540631,-0.34777804,0.57924869,1.4976018,100.30534,150.21745,False,0.95387447,True,False,False,0.57924869,1.4976018,100.30534,150.21745,0.56253099,1.511545,97.231506,146.96979,0.90038351,1.2607708,24.641319,31.067056,0.38330165,1.6043149,15.939101,25.571338,0.27375782,2.3791886,33.197871,78.983997,0.4390258,1.4508524,43.473046,63.072972,0.62895675,1.3537721,49.315806,66.762363,0.79932595,1.2888639,61.448008,79.198119
0b_gaussian_blur_best,file,18,baseline_gaussian_blur,6481,111.Loggerhead_Shrike/Loggerhead_Shrike_0018_26407.jpg,111,110,111.Loggerhead_Shrike,112,111,identity,identity,0,{},0.010906607,0.010906607,0,0.98915267,0.98915267,0.0072917873,0.0072917873,0.98186088,0.98186088,0,1,1,1.7628239,1.7628239,False,1,True,True,True,1,1,1.7628239,1.7628239,1,1,1.7111092,1.7111092,1,1,0.42385543,0.42385543,1,1,0.37408303,0.37408303,1,1,0.66752377,0.66752377,1,1,0.86514714,0.86514714,1,1,0.83943025,0.83943025,1,1,0.94299836,0.94299836
0b_gaussian_blur_best,file,18,baseline_gaussian_blur,6481,111.Loggerhead_Shrike/Loggerhead_Shrike_0018_26407.jpg,111,110,111.Loggerhead_Shrike,112,111,gaussian_blur,gaussian_blur,0,"{""sigma"":1.309323}",0.010906607,0.018065436,0.0071588289,0.98915267,0.98209679,0.0072917873,0.012545824,0.98186088,0.96955097,-0.012309915,0.84466663,1.6988758,1.7628239,2.9948189,False,0.98950624,True,True,True,0.84466663,1.6988758,1.7628239,2.9948189,0.83625975,1.7028973,1.7111092,2.9138432,0.98835727,1.6319403,0.42385543,0.69170674,0.78418029,2.5754078,0.37408303,0.96341636,0.72211291,1.8113318,0.66752377,1.209107,0.83243624,1.6390803,0.86514714,1.4180456,0.85606858,1.6037999,0.83943025,1.3462781,0.92438291,1.6002051,0.94299836,1.5089908
0b_gaussian_blur_best,file,18,baseline_gaussian_blur,1855,033.Yellow_billed_Cuckoo/Yellow_Billed_Cuckoo_0010_26795.jpg,33,32,033.Yellow_billed_Cuckoo,31,30,identity,identity,0,{},1.8645941,1.8645941,0,0.1549591,0.1549591,0.39550176,0.39550176,-0.24054267,-0.24054267,0,1,1,106.55726,106.55726,False,1,True,False,False,1,1,106.55726,106.55726,1,1,103.11229,103.11229,1,1,26.875735,26.875735,1,1,29.015537,29.015537,1,1,39.922543,39.922543,1,1,48.27911,48.27911,1,1,51.228117,51.228117,1,1,56.9319,56.9319
0b_gaussian_blur_best,file,18,baseline_gaussian_blur,1855,033.Yellow_billed_Cuckoo/Yellow_Billed_Cuckoo_0010_26795.jpg,33,32,033.Yellow_billed_Cuckoo,31,30,gaussian_blur,gaussian_blur,0,"{""sigma"":1.15281}",1.8645941,0.96615243,-0.89844167,0.1549591,0.38054439,0.39550176,0.31888971,-0.24054267,0.061654687,0.30219735,0.82914732,0.7940269,106.55726,84.60933,False,0.98469317,False,False,True,0.82914732,0.7940269,106.55726,84.60933,0.81894283,0.79451783,103.11229,81.924554,0.98087231,0.78676501,26.875735,21.144888,0.77859184,0.84986084,29.015537,24.659169,0.64357373,0.83332157,39.922543,33.268316,0.82199363,0.7760732,48.27911,37.468123,0.83791758,0.78497109,51.228117,40.212591,0.90611172,0.78076957,56.9319,44.450696
0b_gaussian_blur_best,file,18,baseline_gaussian_blur,7482,128.Seaside_Sparrow/Seaside_Sparrow_0001_120720.jpg,128,127,128.Seaside_Sparrow,126,125,identity,identity,0,{},0.022692643,0.022692643,0,0.9775629,0.9775629,0.0078465976,0.0078465976,0.96971631,0.96971631,0,1,1,3.2712498,3.2712498,False,1,True,True,True,1,1,3.2712498,3.2712498,1,1,3.181266,3.181266,1,1,0.76198564,0.76198564,1,1,0.58363598,0.58363598,1,1,1.2993258,1.2993258,1,1,1.8237789,1.8237789,1,1,1.5807854,1.5807854,1,1,1.5054976,1.5054976
0b_gaussian_blur_best,file,18,baseline_gaussian_blur,7482,128.Seaside_Sparrow/Seaside_Sparrow_0001_120720.jpg,128,127,128.Seaside_Sparrow,126,125,gaussian_blur,gaussian_blur,0,"{""sigma"":1.374457}",0.022692643,0.089026049,0.066333406,0.9775629,0.91482174,0.0078465976,0.02194804,0.96971631,0.8928737,-0.076842602,0.78410428,4.7420353,3.2712498,15.512382,False,0.97057116,True,True,True,0.78410428,4.7420353,3.2712498,15.512382,0.77736826,4.7946635,3.181266,15.2531,0.96097539,3.7065629,0.76198564,2.8243477,0.68083484,8.0819945,0.58363598,4.7169428,0.69113238,5.5344142,1.2993258,7.191007,0.83595438,4.7802356,1.8237789,8.7180928,0.79037542,4.4528352,1.5807854,7.0389769,0.84259795,3.824074,1.5054976,5.7571342
0b_gaussian_blur_best,file,18,baseline_gaussian_blur,641,012.Yellow_headed_Blackbird/Yellow_Headed_Blackbird_0087_8358.jpg,12,11,012.Yellow_headed_Blackbird,98,97,identity,identity,0,{},3.2302592,3.2302592,0,0.03954725,0.03954725,0.086132906,0.086132906,-0.046585657,-0.046585657,0,1,1,125.49786,125.49786,False,1,True,False,False,1,1,125.49786,125.49786,1,1,123.35337,123.35337,1,1,23.101035,23.101035,1,1,25.151734,25.151734,1,1,50.278929,50.278929,1,1,63.525174,63.525174,1,1,64.086654,64.086654,1,1,62.55339,62.55339
0b_gaussian_blur_best,file,18,baseline_gaussian_blur,641,012.Yellow_headed_Blackbird/Yellow_Headed_Blackbird_0087_8358.jpg,12,11,012.Yellow_headed_Blackbird,98,97,gaussian_blur,gaussian_blur,0,"{""sigma"":1.323292}",3.2302592,3.3141344,0.083875179,0.03954725,0.036365513,0.086132906,0.052528448,-0.046585657,-0.016162936,0.030422721,0.8531717,0.99479025,125.49786,124.84404,False,0.98631871,False,False,False,0.8531717,0.99479025,125.49786,124.84404,0.84874991,0.99596862,123.35337,122.85609,0.98443324,0.96058361,23.101035,22.190475,0.71991546,1.2372525,25.151734,31.119046,0.77820249,1.0261768,50.278929,51.595069,0.84573074,0.97749636,63.525174,62.095626,0.87504397,0.99677548,64.086654,63.880005,0.90501172,0.94935866,62.55339,59.385603
0b_gaussian_blur_best,file,18,baseline_gaussian_blur,3930,068.Ruby_throated_Hummingbird/Ruby_Throated_Hummingbird_0119_57575.jpg,68,67,068.Ruby_throated_Hummingbird,69,68,identity,identity,0,{},0.47659352,0.47659352,0,0.62089485,0.62089485,0.31504506,0.31504506,0.30584979,0.30584979,0,1,1,68.542251,68.542251,False,0.99999994,True,True,True,1,1,68.542251,68.542251,1,1,67.273947,67.273947,1,1,13.124639,13.124639,1,1,11.691052,11.691052,1,1,27.954065,27.954065,1,1,40.09185,40.09185,1,1,34.598257,34.598257,1,1,28.342155,28.342155
0b_gaussian_blur_best,file,18,baseline_gaussian_blur,3930,068.Ruby_throated_Hummingbird/Ruby_Throated_Hummingbird_0119_57575.jpg,68,67,068.Ruby_throated_Hummingbird,69,68,gaussian_blur,gaussian_blur,0,"{""sigma"":1.967916}",0.47659352,1.0112612,0.5346677,0.62089485,0.36375988,0.31504506,0.50322443,0.30584979,-0.13946456,-0.44531435,0.78420014,1.6646888,68.542251,114.10152,False,0.97372067,False,True,False,0.78420014,1.6646888,68.542251,114.10152,0.77721375,1.6663014,67.273947,112.09867,0.97307848,1.621746,13.124639,21.28483,0.62973903,2.2318617,11.691052,26.09281,0.60394517,1.7185543,27.954065,48.040579,0.80755579,1.7315274,40.09185,69.420135,0.82201274,1.5230371,34.598257,52.694429,0.88127474,1.5706038,28.342155,44.514297
0b_gaussian_blur_best,file,18,baseline_gaussian_blur,2088,037.Acadian_Flycatcher/Acadian_Flycatcher_0008_795599.jpg,37,36,037.Acadian_Flycatcher,39,38,identity,identity,0,{},4.3637171,4.3637171,0,0.012730976,0.012730976,0.6284011,0.6284011,-0.61567013,-0.61567013,0,1,1,151.37927,151.37927,False,1,True,False,False,1,1,151.37927,151.37927,1,1,146.87648,146.87648,1,1,36.646719,36.646719,1,1,24.39628,24.39628,1,1,62.974292,62.974292,1,1,78.927739,78.927739,1,1,74.428339,74.428339,1,1,72.405764,72.405764
0b_gaussian_blur_best,file,18,baseline_gaussian_blur,2088,037.Acadian_Flycatcher/Acadian_Flycatcher_0008_795599.jpg,37,36,037.Acadian_Flycatcher,39,38,gaussian_blur,gaussian_blur,0,"{""sigma"":1.681399}",4.3637171,4.9990015,0.63528442,0.012730976,0.0067446786,0.6284011,0.33509767,-0.61567013,-0.32835299,0.28731713,0.72608127,0.98509081,151.37927,149.12232,False,0.95998901,False,False,False,0.72608127,0.98509081,151.37927,149.12232,0.71494184,0.98835263,146.87648,145.16576,0.91723368,0.9311306,36.646719,34.122881,0.59384588,1.6942822,24.39628,41.334183,0.51819007,1.0193536,62.974292,64.193071,0.72276623,0.93344698,78.927739,73.67486,0.79867681,0.95126166,74.428339,70.800825,0.82470273,0.95716589,72.405764,69.304327
0b_gaussian_blur_best,file,18,baseline_gaussian_blur,3431,060.Glaucous_winged_Gull/Glaucous_Winged_Gull_0078_44461.jpg,60,59,060.Glaucous_winged_Gull,62,61,identity,identity,0,{},3.5077281,3.5077281,0,0.029964911,0.029964911,0.5772782,0.5772782,-0.54731329,-0.54731329,0,1,1,153.47482,153.47482,False,1,True,False,False,1,1,153.47482,153.47482,1,1,150.51715,150.51715,1,1,29.985151,29.985151,1,1,52.488621,52.488621,1,1,58.838898,58.838898,1,1,74.235219,74.235219,1,1,74.45303,74.45303,1,1,73.377243,73.377243
0b_gaussian_blur_best,file,18,baseline_gaussian_blur,3431,060.Glaucous_winged_Gull/Glaucous_Winged_Gull_0078_44461.jpg,60,59,060.Glaucous_winged_Gull,62,61,gaussian_blur,gaussian_blur,0,"{""sigma"":1.78055}",3.5077281,2.8635483,-0.64417982,0.029964911,0.057065923,0.5772782,0.45669436,-0.54731329,-0.39962844,0.14768484,0.78769009,1.047886,153.47482,160.82412,False,0.97798783,True,False,False,0.78769009,1.047886,153.47482,160.82412,0.78115191,1.0509596,150.51715,158.18744,0.96932069,0.96722149,29.985151,29.002282,0.80457924,1.0508108,52.488621,55.155608,0.59917198,1.04285,58.838898,61.360142,0.76976282,1.0421054,74.235219,77.360926,0.81765199,1.0789004,74.45303,80.327404,0.85978249,1.0359993,73.377243,76.018772
0b_gaussian_blur_best,file,18,baseline_gaussian_blur,2718,048.European_Goldfinch/European_Goldfinch_0041_794645.jpg,48,47,048.European_Goldfinch,132,131,identity,identity,0,{},0.005850927,0.005850927,0,0.99416614,0.99416614,0.0015378706,0.0015378706,0.99262827,0.99262827,0,1,1,0.8517566,0.8517566,False,1,True,True,True,1,1,0.8517566,0.8517566,1,1,0.83431466,0.83431466,1,1,0.17148866,0.17148866,1,1,0.10637946,0.10637946,1,1,0.28361827,0.28361827,1,1,0.39697377,0.39697377,1,1,0.43307424,0.43307424,1,1,0.50910074,0.50910074
0b_gaussian_blur_best,file,18,baseline_gaussian_blur,2718,048.European_Goldfinch/European_Goldfinch_0041_794645.jpg,48,47,048.European_Goldfinch,132,131,gaussian_blur,gaussian_blur,0,"{""sigma"":1.089097}",0.005850927,0.0078475503,0.0019966234,0.99416614,0.99218315,0.0015378706,0.0016997344,0.99262827,0.99048341,-0.0021448507,0.88889329,1.4529679,0.8517566,1.237575,False,0.99458754,True,True,True,0.88889329,1.4529679,0.8517566,1.237575,0.88525675,1.4593865,0.83431466,1.2175875,0.9925221,1.2917649,0.17148866,0.22152303,0.70530205,1.7944028,0.10637946,0.19088759,0.76663406,1.5987302,0.28361827,0.45342909,0.86429099,1.527536,0.39697377,0.6063917,0.89984274,1.4305989,0.43307424,0.61955556,0.94635856,1.3734621,0.50910074,0.69923057
0b_gaussian_blur_best,file,18,baseline_gaussian_blur,415,008.Rhinoceros_Auklet/Rhinoceros_Auklet_0010_797545.jpg,8,7,008.Rhinoceros_Auklet,5,4,identity,identity,0,{},0.28939375,0.28939375,0,0.74871731,0.74871731,0.10764346,0.10764346,0.64107385,0.64107385,0,1,1,34.174919,34.174919,False,0.99999988,True,True,True,1,1,34.174919,34.174919,1,1,33.513753,33.513753,1,1,6.6898013,6.6898013,1,1,5.3710472,5.3710472,1,1,12.587903,12.587903,1,1,18.078313,18.078313,1,1,16.923356,16.923356,1,1,17.962261,17.962261
0b_gaussian_blur_best,file,18,baseline_gaussian_blur,415,008.Rhinoceros_Auklet/Rhinoceros_Auklet_0010_797545.jpg,8,7,008.Rhinoceros_Auklet,5,4,gaussian_blur,gaussian_blur,0,"{""sigma"":1.96853}",0.28939375,0.61430758,0.32491383,0.74871731,0.54101539,0.10764346,0.28011581,0.64107385,0.26089957,-0.38017428,0.71500113,2.4105409,34.174919,82.380042,False,0.97117627,True,True,True,0.71500113,2.4105409,34.174919,82.380042,0.70737671,2.4252073,33.513753,81.2778,0.95853259,2.0076759,6.6898013,13.430953,0.45886909,5.717109,5.3710472,30.706863,0.56504247,3.1614079,12.587903,39.795496,0.75780035,2.0131526,18.078313,36.394401,0.80387412,2.1846139,16.923356,36.970999,0.84658336,2.0741795,17.962261,37.256954
0b_gaussian_blur_best,file,18,baseline_gaussian_blur,9953,170.Mourning_Warbler/Mourning_Warbler_0020_166440.jpg,170,169,170.Mourning_Warbler,172,171,identity,identity,0,{},0.0012290075,0.0012290075,0,0.99877173,0.99877173,0.00050223951,0.00050223951,0.99826949,0.99826949,0,1,1,0.16597344,0.16597344,False,0.99999994,True,True,True,1,1,0.16597344,0.16597344,1,1,0.16035033,0.16035033,1,1,0.042836384,0.042836384,1,1,0.028598586,0.028598586,1,1,0.062903937,0.062903937,1,1,0.075716627,0.075716627,1,1,0.081636398,0.081636398,1,1,0.092411764,0.092411764
0b_gaussian_blur_best,file,18,baseline_gaussian_blur,9953,170.Mourning_Warbler/Mourning_Warbler_0020_166440.jpg,170,169,170.Mourning_Warbler,172,171,gaussian_blur,gaussian_blur,0,"{""sigma"":1.614283}",0.0012290075,0.00056012673,-0.00066888076,0.99877173,0.99944001,0.00050223951,0.00014196508,0.99826949,0.99929805,0.0010285617,0.76542853,0.49514188,0.16597344,0.082180401,False,0.98983693,True,True,True,0.76542853,0.49514188,0.16597344,0.082180401,0.7515885,0.49671404,0.16035033,0.07964826,0.97016339,0.47256211,0.042836384,0.020242852,0.57016544,0.85694431,0.028598586,0.024507396,0.6470085,0.57616076,0.062903937,0.03624278,0.75861857,0.50573596,0.075716627,0.038292621,0.75723023,0.43710977,0.081636398,0.035684067,0.8736179,0.4448547,0.092411764,0.041109808
0b_gaussian_blur_best,file,18,baseline_gaussian_blur,2684,047.American_Goldfinch/American_Goldfinch_0045_31974.jpg,47,46,047.American_Goldfinch,177,176,identity,identity,0,{},0.14466979,0.14466979,0,0.86530799,0.86530799,0.064891413,0.064891413,0.80041657,0.80041657,0,1,1,22.577493,22.577493,False,1,True,True,True,1,1,22.577493,22.577493,1,1,22.288209,22.288209,1,1,3.6026318,3.6026318,1,1,4.2682493,4.2682493,1,1,8.5672742,8.5672742,1,1,11.113752,11.113752,1,1,12.097426,12.097426,1,1,11.631204,11.631204
0b_gaussian_blur_best,file,18,baseline_gaussian_blur,2684,047.American_Goldfinch/American_Goldfinch_0045_31974.jpg,47,46,047.American_Goldfinch,177,176,gaussian_blur,gaussian_blur,0,"{""sigma"":1.931479}",0.14466979,0.19115108,0.046481296,0.86530799,0.82600778,0.064891413,0.083073989,0.80041657,0.74293379,-0.057482779,0.83328081,1.3933585,22.577493,31.458543,False,0.97665036,True,True,True,0.83328081,1.3933585,22.577493,31.458543,0.82997279,1.3962482,22.288209,31.119872,0.97482147,1.2778543,3.6026318,4.6036384,0.74707587,1.897731,4.2682493,8.0999891,0.71387949,1.5687049,8.5672742,13.439525,0.82800471,1.3797659,11.113752,15.334376,0.86054932,1.3029105,12.097426,15.761863,0.9041283,1.3281393,11.631204,15.44786
0b_gaussian_blur_best,file,18,baseline_gaussian_blur,4006,069.Rufous_Hummingbird/Rufous_Hummingbird_0113_59444.jpg,69,68,069.Rufous_Hummingbird,83,82,identity,identity,0,{},1.43782,1.43782,0,0.23744483,0.23744483,0.41477218,0.41477218,-0.17732735,-0.17732735,0,1,1,134.94277,134.94277,False,0.99999994,True,False,False,1,1,134.94277,134.94277,1,1,132.82546,132.82546,1,1,23.810688,23.810688,1,1,20.718863,20.718863,1,1,47.81168,47.81168,1,1,70.630451,70.630451,1,1,71.557498,71.557498,1,1,69.413538,69.413538
0b_gaussian_blur_best,file,18,baseline_gaussian_blur,4006,069.Rufous_Hummingbird/Rufous_Hummingbird_0113_59444.jpg,69,68,069.Rufous_Hummingbird,83,82,gaussian_blur,gaussian_blur,0,"{""sigma"":1.664398}",1.43782,1.0215148,-0.41630518,0.23744483,0.36004916,0.41477218,0.31886363,-0.17732735,0.041185528,0.21851288,0.7823928,0.93710495,134.94277,126.45554,False,0.96670705,False,False,True,0.7823928,0.93710495,134.94277,126.45554,0.77747854,0.9405021,132.82546,124.92263,0.96345983,0.82442434,23.810688,19.630111,0.66929012,1.703814,20.718863,35.301089,0.64467053,1.1162181,47.81168,53.368264,0.77079248,0.91668714,70.630451,64.746026,0.82781561,0.84612446,71.557498,60.54655,0.87108899,0.87077096,69.413538,60.443294
0b_gaussian_blur_best,file,18,baseline_gaussian_blur,148,003.Sooty_Albatross/Sooty_Albatross_0017_796349.jpg,3,2,003.Sooty_Albatross,1,0,identity,identity,0,{},0.19757874,0.19757874,0,0.82071555,0.82071555,0.13834856,0.13834856,0.68236698,0.68236698,0,1,1,30.565486,30.565486,False,1.0000001,True,True,True,1,1,30.565486,30.565486,1,1,29.516725,29.516725,1,1,7.938002,7.938002,1,1,5.9236658,5.9236658,1,1,13.334762,13.334762,1,1,16.503847,16.503847,1,1,13.381625,13.381625,1,1,14.383549,14.383549
0b_gaussian_blur_best,file,18,baseline_gaussian_blur,148,003.Sooty_Albatross/Sooty_Albatross_0017_796349.jpg,3,2,003.Sooty_Albatross,1,0,gaussian_blur,gaussian_blur,0,"{""sigma"":1.27135}",0.19757874,0.18860678,-0.0089719594,0.82071555,0.82811207,0.13834856,0.071327411,0.68236698,0.75678466,0.074417673,0.77469823,0.97731755,30.565486,29.872185,False,0.97699273,True,True,True,0.77469823,0.97731755,30.565486,29.872185,0.76688099,0.98883909,29.516725,29.187291,0.92434586,0.80120808,7.938002,6.3599914,0.61659572,1.492127,5.9236658,8.8388618,0.71847084,1.0420782,13.334762,13.895865,0.83199374,1.0102266,16.503847,16.672625,0.75669062,0.92443165,13.381625,12.370397,0.80166822,0.85056505,14.383549,12.234144
0b_gaussian_blur_best,file,18,baseline_gaussian_blur,1017,019.Gray_Catbird/Gray_Catbird_0080_20139.jpg,19,18,019.Gray_Catbird,94,93,identity,identity,0,{},2.283818,2.283818,0,0.10189443,0.10189443,0.084617764,0.084617764,0.017276667,0.017276667,0,1,1,123.43732,123.43732,False,1,True,True,True,1,1,123.43732,123.43732,1,1,121.13426,121.13426,1,1,23.733161,23.733161,1,1,25.727282,25.727282,1,1,47.54101,47.54101,1,1,53.813752,53.813752,1,1,64.29992,64.29992,1,1,68.710026,68.710026
0b_gaussian_blur_best,file,18,baseline_gaussian_blur,1017,019.Gray_Catbird/Gray_Catbird_0080_20139.jpg,19,18,019.Gray_Catbird,94,93,gaussian_blur,gaussian_blur,0,"{""sigma"":1.919027}",2.283818,1.6377003,-0.64611769,0.10189443,0.19442664,0.084617764,0.044034041,0.017276667,0.1503926,0.13311593,0.61783158,1.0649279,123.43732,131.45184,False,0.95010257,True,True,True,0.61783158,1.0649279,123.43732,131.45184,0.60818242,1.0719949,121.13426,129.8553,0.9454481,0.86061816,23.733161,20.425189,0.095322238,2.0259718,25.727282,52.122746,0.44368217,1.1814297,47.54101,56.166361,0.60701112,1.1520511,53.813752,61.99619,0.75100549,0.89731821,64.29992,57.69749,0.81086367,0.8993367,68.710026,61.793448
0b_gaussian_blur_best,file,18,baseline_gaussian_blur,671,013.Bobolink/Bobolink_0101_9811.jpg,13,12,013.Bobolink,12,11,identity,identity,0,{},0.046005148,0.046005148,0,0.95503706,0.95503706,0.026859539,0.026859539,0.92817752,0.92817752,0,1,1,6.5406833,6.5406833,False,1,True,True,True,1,1,6.5406833,6.5406833,1,1,6.3862,6.3862,1,1,1.4131482,1.4131482,1,1,1.7439714,1.7439714,1,1,2.2797942,2.2797942,1,1,2.8541087,2.8541087,1,1,3.1641142,3.1641142,1,1,3.7930328,3.7930328
0b_gaussian_blur_best,file,18,baseline_gaussian_blur,671,013.Bobolink/Bobolink_0101_9811.jpg,13,12,013.Bobolink,12,11,gaussian_blur,gaussian_blur,0,"{""sigma"":1.488436}",0.046005148,0.051586602,0.0055814534,0.95503706,0.9497214,0.026859539,0.03153456,0.92817752,0.91818684,-0.0099906828,0.79667577,1.2290188,6.5406833,8.0386228,False,0.98735881,True,True,True,0.79667577,1.2290188,6.5406833,8.0386228,0.78863642,1.2349567,6.3862,7.8866803,0.98592934,1.1007681,1.4131482,1.5555484,0.54669559,1.5949104,1.7439714,2.781478,0.62067856,1.4128643,2.2797942,3.2210398,0.76904584,1.2473426,2.8541087,3.5600514,0.84823722,1.1697761,3.1641142,3.7013052,0.92472244,1.1096254,3.7930328,4.2088457
0b_gaussian_blur_best,file,18,baseline_gaussian_blur,151,003.Sooty_Albatross/Sooty_Albatross_0075_796352.jpg,3,2,003.Sooty_Albatross,9,8,identity,identity,0,{},0.56047368,0.56047368,0,0.57093859,0.57093859,0.19567497,0.19567497,0.37526362,0.37526362,0,1,1,55.883451,55.883451,False,1,True,True,True,1,1,55.883451,55.883451,1,1,54.57517,54.57517,1,1,12.021272,12.021272,1,1,15.970167,15.970167,1,1,23.653794,23.653794,1,1,26.96236,26.96236,1,1,25.297132,25.297132,1,1,28.230962,28.230962
0b_gaussian_blur_best,file,18,baseline_gaussian_blur,151,003.Sooty_Albatross/Sooty_Albatross_0075_796352.jpg,3,2,003.Sooty_Albatross,9,8,gaussian_blur,gaussian_blur,0,"{""sigma"":1.704735}",0.56047368,1.6028445,1.0423708,0.57093859,0.20132306,0.19567497,0.18087292,0.37526362,0.020450145,-0.35481347,0.75194629,2.5612825,55.883451,143.13331,False,0.97054136,False,True,False,0.75194629,2.5612825,55.883451,143.13331,0.74802389,2.5951385,54.57517,141.63013,0.93607368,1.7210655,12.021272,20.689396,0.62375041,3.9157188,15.970167,62.534682,0.73285496,3.067864,23.653794,72.566622,0.79532679,2.4526258,26.96236,66.128578,0.79895756,2.2349187,25.297132,56.537034,0.82477358,2.0389002,28.230962,57.560113
0b_gaussian_blur_best,file,18,baseline_gaussian_blur,4617,080.Green_Kingfisher/Green_Kingfisher_0010_71191.jpg,80,79,080.Green_Kingfisher,82,81,identity,identity,0,{},1.5472386,1.5472386,0,0.21283486,0.21283486,0.40580949,0.40580949,-0.19297463,-0.19297463,0,1,1,106.62732,106.62732,False,1,True,False,False,1,1,106.62732,106.62732,1,1,104.12533,104.12533,1,1,22.963005,22.963005,1,1,24.657747,24.657747,1,1,37.789864,37.789864,1,1,50.881097,50.881097,1,1,53.728364,53.728364,1,1,57.709479,57.709479
0b_gaussian_blur_best,file,18,baseline_gaussian_blur,4617,080.Green_Kingfisher/Green_Kingfisher_0010_71191.jpg,80,79,080.Green_Kingfisher,82,81,gaussian_blur,gaussian_blur,0,"{""sigma"":1.424873}",1.5472386,1.572418,0.025179386,0.21283486,0.20754276,0.40580949,0.46070924,-0.19297463,-0.25316648,-0.060191855,0.81620685,1.1517955,106.62732,122.81287,False,0.98838711,True,False,False,0.81620685,1.1517955,106.62732,122.81287,0.80839619,1.1542075,104.12533,120.18225,0.98543044,1.1010306,22.963005,25.28297,0.50867684,1.4052851,24.657747,34.651165,0.64145402,1.1654497,37.789864,44.042184,0.82539959,1.1986038,50.881097,60.986278,0.85996231,1.1415123,53.728364,61.331588,0.9022025,1.0713333,57.709479,61.826087
0b_gaussian_blur_best,file,18,baseline_gaussian_blur,7287,125.Lincoln_Sparrow/Lincoln_Sparrow_0070_117342.jpg,125,124,125.Lincoln_Sparrow,131,130,identity,identity,0,{},3.5321941,3.5321941,0,0.02924069,0.02924069,0.57178062,0.57178062,-0.54253993,-0.54253993,0,1,1,229.2212,229.2212,False,1,True,False,False,1,1,229.2212,229.2212,1,1,227.72169,227.72169,1,1,26.17617,26.17617,1,1,39.641863,39.641863,1,1,134.73373,134.73373,1,1,139.08615,139.08615,1,1,84.50701,84.50701,1,1,75.140669,75.140669
0b_gaussian_blur_best,file,18,baseline_gaussian_blur,7287,125.Lincoln_Sparrow/Lincoln_Sparrow_0070_117342.jpg,125,124,125.Lincoln_Sparrow,131,130,gaussian_blur,gaussian_blur,0,"{""sigma"":1.414862}",3.5321941,2.6755331,-0.85666108,0.02924069,0.068870105,0.57178062,0.19938819,-0.54253993,-0.13051809,0.41202185,0.73438732,0.67225637,229.2212,154.09541,False,0.94842255,True,False,False,0.73438732,0.67225637,229.2212,154.09541,0.73217435,0.67146328,227.72169,152.90675,0.8909994,0.72978316,26.17617,19.102928,0.69704025,0.85381928,39.641863,33.846987,0.69177623,0.59745099,134.73373,80.496798,0.77165766,0.65829973,139.08615,91.560376,0.73193805,0.75134741,84.50701,63.494123,0.76038331,0.76916347,75.140669,57.795458
0b_gaussian_blur_best,file,18,baseline_gaussian_blur,9512,162.Canada_Warbler/Canada_Warbler_0016_162411.jpg,162,161,162.Canada_Warbler,169,168,identity,identity,0,{},0.0777127,0.0777127,0,0.92523021,0.92523021,0.05838016,0.05838016,0.86685004,0.86685004,0,1,1,11.96578,11.96578,False,0.99999994,True,True,True,1,1,11.96578,11.96578,1,1,11.655928,11.655928,1,1,2.7054108,2.7054108,1,1,2.3655532,2.3655532,1,1,4.2043603,4.2043603,1,1,6.0066962,6.0066962,1,1,5.892234,5.892234,1,1,6.4644675,6.4644675
0b_gaussian_blur_best,file,18,baseline_gaussian_blur,9512,162.Canada_Warbler/Canada_Warbler_0016_162411.jpg,162,161,162.Canada_Warbler,169,168,gaussian_blur,gaussian_blur,0,"{""sigma"":1.127503}",0.0777127,0.12351553,0.045802832,0.92523021,0.8838079,0.05838016,0.10514383,0.86685004,0.77866407,-0.088185977,0.88543446,1.6222406,11.96578,19.411374,False,0.98801947,True,True,True,0.88543446,1.6222406,11.96578,19.411374,0.87991242,1.6191916,11.655928,18.87318,0.98488354,1.6778305,2.7054108,4.5392207,0.70523074,1.6288356,2.3655532,3.8530971,0.79261725,1.6556366,4.2043603,6.9608928,0.8890589,1.6686551,6.0066962,10.023104,0.89870955,1.594309,5.892234,9.394042,0.91947605,1.5789621,6.4644675,10.207149
0b_gaussian_blur_best,file,18,baseline_gaussian_blur,10901,185.Bohemian_Waxwing/Bohemian_Waxwing_0114_177621.jpg,185,184,185.Bohemian_Waxwing,146,145,identity,identity,0,{},0.5101248,0.5101248,0,0.60042059,0.60042059,0.038004536,0.038004536,0.56241606,0.56241606,0,1,1,48.880138,48.880138,False,0.99999994,True,True,True,1,1,48.880138,48.880138,1,1,47.399358,47.399358,1,1,11.940214,11.940214,1,1,8.9504023,8.9504023,1,1,17.831808,17.831808,1,1,22.423137,22.423137,1,1,24.309453,24.309453,1,1,27.474888,27.474888
0b_gaussian_blur_best,file,18,baseline_gaussian_blur,10901,185.Bohemian_Waxwing/Bohemian_Waxwing_0114_177621.jpg,185,184,185.Bohemian_Waxwing,146,145,gaussian_blur,gaussian_blur,0,"{""sigma"":1.652549}",0.5101248,0.71536297,0.20523816,0.60042059,0.4890146,0.038004536,0.031778123,0.56241606,0.45723647,-0.10517959,0.74676619,1.6433236,48.880138,80.325886,False,0.96972263,True,True,True,0.74676619,1.6433236,48.880138,80.325886,0.7362498,1.6580441,47.399358,78.590224,0.95528119,1.3909271,11.940214,16.607967,0.45275661,2.8955067,8.9504023,25.91595,0.62390361,1.7884528,17.831808,31.891348,0.74594347,1.7679088,22.423137,39.642062,0.78523586,1.5251192,24.309453,37.074813,0.84541759,1.4291018,27.474888,39.264412
0b_gaussian_blur_best,file,18,baseline_gaussian_blur,3701,064.Ring_billed_Gull/Ring_Billed_Gull_0017_51412.jpg,64,63,064.Ring_billed_Gull,91,90,identity,identity,0,{},1.2588698,1.2588698,0,0.2839748,0.2839748,0.19529992,0.19529992,0.088674873,0.088674873,0,1,1,109.8646,109.8646,False,0.99999988,True,True,True,1,1,109.8646,109.8646,1,1,106.96373,106.96373,1,1,25.079664,25.079664,1,1,22.099979,22.099979,1,1,45.46455,45.46455,1,1,58.2308,58.2308,1,1,49.714188,49.714188,1,1,54.98617,54.98617
0b_gaussian_blur_best,file,18,baseline_gaussian_blur,3701,064.Ring_billed_Gull/Ring_Billed_Gull_0017_51412.jpg,64,63,064.Ring_billed_Gull,91,90,gaussian_blur,gaussian_blur,0,"{""sigma"":1.511648}",1.2588698,2.6624057,1.403536,0.2839748,0.069780149,0.19529992,0.44894955,0.088674873,-0.3791694,-0.46784427,0.79270384,1.5618804,109.8646,171.59535,False,0.9777149,False,True,False,0.79270384,1.5618804,109.8646,171.59535,0.78449877,1.5656914,106.96373,167.47219,0.95034785,1.490859,25.079664,37.390242,0.51007846,1.9843866,22.099979,43.854902,0.72109068,1.6442655,45.46455,74.755793,0.81735717,1.4821318,58.2308,86.305723,0.7923336,1.5341188,49.714188,76.26747,0.85232713,1.5506338,54.98617,85.263413
0b_gaussian_blur_best,file,18,baseline_gaussian_blur,4894,084.Red_legged_Kittiwake/Red_Legged_Kittiwake_0021_73808.jpg,84,83,084.Red_legged_Kittiwake,45,44,identity,identity,0,{},0.36076075,0.36076075,0,0.69714576,0.69714576,0.17898084,0.17898084,0.51816492,0.51816492,0,1,1,38.144147,38.144147,False,1.0000002,True,True,True,1,1,38.144147,38.144147,1,1,37.120659,37.120659,1,1,8.7768268,8.7768268,1,1,8.2557087,8.2557087,1,1,16.113178,16.113178,1,1,17.334013,17.334013,1,1,16.488005,16.488005,1,1,21.859317,21.859317
0b_gaussian_blur_best,file,18,baseline_gaussian_blur,4894,084.Red_legged_Kittiwake/Red_Legged_Kittiwake_0021_73808.jpg,84,83,084.Red_legged_Kittiwake,45,44,gaussian_blur,gaussian_blur,0,"{""sigma"":1.652632}",0.36076075,0.25290161,-0.10785913,0.69714576,0.77654427,0.17898084,0.13930498,0.51816492,0.63723929,0.11907437,0.86055141,0.8260884,38.144147,31.510438,False,0.98790932,True,True,True,0.86055141,0.8260884,38.144147,31.510438,0.85369784,0.82737755,37.120659,30.712799,0.98729358,0.8026788,8.7768268,7.0449727,0.83487234,0.94956883,8.2557087,7.8393637,0.79627088,0.89990314,16.113178,14.500299,0.83277613,0.83334192,17.334013,14.445159,0.84526218,0.81597233,16.488005,13.453756,0.91872534,0.76808189,21.859317,16.789746
0b_gaussian_blur_best,file,18,baseline_gaussian_blur,7407,127.Savannah_Sparrow/Savannah_Sparrow_0008_118929.jpg,127,126,127.Savannah_Sparrow,131,130,identity,identity,0,{},2.8532848,2.8532848,0,0.057654615,0.057654615,0.46570241,0.46570241,-0.4080478,-0.4080478,0,1,1,127.19085,127.19085,False,1,True,False,False,1,1,127.19085,127.19085,1,1,124.29077,124.29077,1,1,27.005827,27.005827,1,1,24.181643,24.181643,1,1,49.992212,49.992212,1,1,65.883943,65.883943,1,1,60.553631,60.553631,1,1,66.005964,66.005964
0b_gaussian_blur_best,file,18,baseline_gaussian_blur,7407,127.Savannah_Sparrow/Savannah_Sparrow_0008_118929.jpg,127,126,127.Savannah_Sparrow,131,130,gaussian_blur,gaussian_blur,0,"{""sigma"":1.924856}",2.8532848,4.6567802,1.8034954,0.057654615,0.0094969897,0.46570241,0.53083384,-0.4080478,-0.52133685,-0.11328905,0.66512372,1.3636218,127.19085,173.44021,False,0.94227028,True,False,False,0.66512372,1.3636218,127.19085,173.44021,0.65368911,1.3694729,124.29077,170.21285,0.93760711,1.2331784,27.005827,33.303003,0.3063381,2.2399292,24.181643,54.165168,0.53163152,1.6036311,49.992212,80.169065,0.67137392,1.3384172,65.883943,88.180201,0.71645916,1.2816787,60.553631,77.6103,0.80082506,1.1550299,66.005964,76.238862
0b_gaussian_blur_best,file,18,baseline_gaussian_blur,4422,076.Dark_eyed_Junco/Dark_Eyed_Junco_0089_68498.jpg,76,75,076.Dark_eyed_Junco,122,121,identity,identity,0,{},0.0016821772,0.0016821772,0,0.99831921,0.99831921,0.00047533168,0.00047533168,0.99784388,0.99784388,0,1,1,0.26989311,0.26989311,False,0.99999994,True,True,True,1,1,0.26989311,0.26989311,1,1,0.26356179,0.26356179,1,1,0.05811606,0.05811606,1,1,0.050931259,0.050931259,1,1,0.11796894,0.11796894,1,1,0.12667034,0.12667034,1,1,0.1357986,0.1357986,1,1,0.13589525,0.13589525
0b_gaussian_blur_best,file,18,baseline_gaussian_blur,4422,076.Dark_eyed_Junco/Dark_Eyed_Junco_0089_68498.jpg,76,75,076.Dark_eyed_Junco,122,121,gaussian_blur,gaussian_blur,0,"{""sigma"":1.292914}",0.0016821772,0.0011094612,-0.000572716,0.99831921,0.99889117,0.00047533168,0.00043076766,0.99784388,0.99846041,0.00061653019,0.8044167,0.66889231,0.26989311,0.18052943,False,0.98988545,True,True,True,0.8044167,0.66889231,0.26989311,0.18052943,0.79497077,0.66537738,0.26356179,0.17536805,0.98374092,0.737478,0.05811606,0.042859316,0.67776587,0.99692828,0.050931259,0.050774812,0.67832983,0.58813852,0.11796894,0.069382078,0.76818104,0.61498875,0.12667034,0.077900834,0.82954916,0.66403706,0.1357986,0.090175301,0.89950695,0.70434898,0.13589525,0.095717679
0b_gaussian_blur_best,file,18,baseline_gaussian_blur,6208,107.Common_Raven/Common_Raven_0010_101390.jpg,107,106,107.Common_Raven,30,29,identity,identity,0,{},2.5969033,2.5969033,0,0.074503936,0.074503936,0.83885098,0.83885098,-0.76434704,-0.76434704,0,1,1,192.03954,192.03954,False,1,True,False,False,1,1,192.03954,192.03954,1,1,187.65575,187.65575,1,1,40.798342,40.798342,1,1,41.355212,41.355212,1,1,75.120816,75.120816,1,1,103.70416,103.70416,1,1,98.140411,98.140411,1,1,86.459217,86.459217
0b_gaussian_blur_best,file,18,baseline_gaussian_blur,6208,107.Common_Raven/Common_Raven_0010_101390.jpg,107,106,107.Common_Raven,30,29,gaussian_blur,gaussian_blur,0,"{""sigma"":1.810286}",2.5969033,3.3001792,0.70327592,0.074503936,0.036876559,0.83885098,0.78495818,-0.76434704,-0.74808162,0.016265415,0.82791614,1.2077169,192.03954,231.9294,False,0.98227227,True,False,False,0.82791614,1.2077169,192.03954,231.9294,0.82216418,1.2149762,187.65575,227.99727,0.97911699,1.0423553,40.798342,42.526367,0.67552749,1.9728075,41.355212,81.58587,0.70993081,1.3844593,75.120816,104.00171,0.85928986,1.1446439,103.70416,118.70434,0.89274051,1.1158844,98.140411,109.51335,0.90439519,1.06171,86.459217,91.794616
0b_gaussian_blur_best,file,18,baseline_gaussian_blur,7375,126.Nelson_Sharp_tailed_Sparrow/Nelson_Sharp_Tailed_Sparrow_0017_796910.jpg,126,125,126.Nelson_Sharp_tailed_Sparrow,124,123,identity,identity,0,{},0.36517531,0.36517531,0,0.69407499,0.69407499,0.16149911,0.16149911,0.53257588,0.53257588,0,1,1,48.742359,48.742359,False,1.0000001,True,True,True,1,1,48.742359,48.742359,1,1,47.755868,47.755868,1,1,9.7567729,9.7567729,1,1,7.8755824,7.8755824,1,1,22.808272,22.808272,1,1,25.664087,25.664087,1,1,22.744534,22.744534,1,1,22.856546,22.856546
0b_gaussian_blur_best,file,18,baseline_gaussian_blur,7375,126.Nelson_Sharp_tailed_Sparrow/Nelson_Sharp_Tailed_Sparrow_0017_796910.jpg,126,125,126.Nelson_Sharp_tailed_Sparrow,124,123,gaussian_blur,gaussian_blur,0,"{""sigma"":1.812519}",0.36517531,1.0775096,0.71233433,0.69407499,0.34044227,0.16149911,0.33073354,0.53257588,0.0097087324,-0.52286714,0.78245316,2.6529351,48.742359,129.31032,False,0.97664064,True,True,True,0.78245316,2.6529351,48.742359,129.31032,0.77555354,2.6627986,47.755868,127.16426,0.96942838,2.4045662,9.7567729,23.460806,0.70256176,3.4679375,7.8755824,27.312028,0.71707328,3.037142,22.808272,69.271961,0.77574452,2.6468663,25.664087,67.929406,0.80171564,2.5083128,22.744534,57.050405,0.86077367,2.2972658,22.856546,52.507561
0b_gaussian_blur_best,file,18,baseline_gaussian_blur,3555,062.Herring_Gull/Herring_Gull_0094_47172.jpg,62,61,062.Herring_Gull,64,63,identity,identity,0,{},2.1680968,2.1680968,0,0.11439512,0.11439512,0.67924958,0.67924958,-0.56485447,-0.56485447,0,1,1,117.2682,117.2682,False,1,True,False,False,1,1,117.2682,117.2682,1,1,113.29043,113.29043,1,1,30.283791,30.283791,1,1,26.792386,26.792386,1,1,40.937634,40.937634,1,1,50.408572,50.408572,1,1,60.190702,60.190702,1,1,65.399202,65.399202
0b_gaussian_blur_best,file,18,baseline_gaussian_blur,3555,062.Herring_Gull/Herring_Gull_0094_47172.jpg,62,61,062.Herring_Gull,64,63,gaussian_blur,gaussian_blur,0,"{""sigma"":1.21838}",2.1680968,3.2109668,1.04287,0.11439512,0.040317614,0.67924958,0.7739718,-0.56485447,-0.73365418,-0.16879972,0.85123239,1.2850045,117.2682,150.69016,False,0.9865334,True,False,False,0.85123239,1.2850045,117.2682,150.69016,0.84335476,1.2956602,113.29043,146.78591,0.98613422,1.1253427,30.283791,34.079642,0.6485609,1.3487887,26.792386,36.137267,0.73422597,1.3469119,40.937634,55.139386,0.80562398,1.3999871,50.408572,70.571352,0.88505096,1.2960369,60.190702,78.009369,0.92103037,1.1975729,65.399202,78.320309
0b_gaussian_blur_best,file,18,baseline_gaussian_blur,9793,167.Hooded_Warbler/Hooded_Warbler_0021_165057.jpg,167,166,167.Hooded_Warbler,157,156,identity,identity,0,{},0.37056172,0.37056172,0,0.69034642,0.69034642,0.14963254,0.14963254,0.54071388,0.54071388,0,1,1,48.168473,48.168473,False,1,True,True,True,1,1,48.168473,48.168473,1,1,47.361159,47.361159,1,1,8.7819345,8.7819345,1,1,6.7662201,6.7662201,1,1,15.90109,15.90109,1,1,27.045809,27.045809,1,1,25.575266,25.575266,1,1,23.640706,23.640706
0b_gaussian_blur_best,file,18,baseline_gaussian_blur,9793,167.Hooded_Warbler/Hooded_Warbler_0021_165057.jpg,167,166,167.Hooded_Warbler,157,156,gaussian_blur,gaussian_blur,0,"{""sigma"":1.207135}",0.37056172,0.65248406,0.28192234,0.69034642,0.52075058,0.14963254,0.22373973,0.54071388,0.29701085,-0.24370302,0.81105747,1.8087316,48.168473,87.123842,False,0.98190218,True,True,True,0.81105747,1.8087316,48.168473,87.123842,0.80613892,1.8147857,47.361159,85.950353,0.97595921,1.6228016,8.7819345,14.251337,0.62816909,2.6531389,6.7662201,17.951722,0.58012666,2.1920905,15.90109,34.856628,0.83159185,1.7989271,27.045809,48.653441,0.85935795,1.7425088,25.575266,44.565125,0.8855289,1.6366335,23.640706,38.69117
0b_gaussian_blur_best,file,18,baseline_gaussian_blur,303,006.Least_Auklet/Least_Auklet_0010_795092.jpg,6,5,006.Least_Auklet,7,6,identity,identity,0,{},0.0037672992,0.0037672992,0,0.99623978,0.99623978,0.003521926,0.003521926,0.99271786,0.99271786,0,1,1,0.7693109,0.7693109,False,1,True,True,True,1,1,0.7693109,0.7693109,1,1,0.75157708,0.75157708,1,1,0.16422897,0.16422897,1,1,0.15486096,0.15486096,1,1,0.32089419,0.32089419,1,1,0.38115574,0.38115574,1,1,0.37294829,0.37294829,1,1,0.39184561,0.39184561
0b_gaussian_blur_best,file,18,baseline_gaussian_blur,303,006.Least_Auklet/Least_Auklet_0010_795092.jpg,6,5,006.Least_Auklet,7,6,gaussian_blur,gaussian_blur,0,"{""sigma"":1.649068}",0.0037672992,0.015914211,0.012146912,0.99623978,0.98421174,0.003521926,0.015205866,0.99271786,0.96900588,-0.023711978,0.83790085,4.86608,0.7693109,3.7435284,False,0.98578441,True,True,True,0.83790085,4.86608,0.7693109,3.7435284,0.83288662,4.9047468,0.75157708,3.6862953,0.98568426,3.9706629,0.16422897,0.65209787,0.77137063,8.635366,0.15486096,1.3372811,0.77680086,5.2575946,0.32089419,1.6871316,0.85405714,4.9218522,0.38115574,1.8759922,0.85820888,4.3890095,0.37294829,1.6368736,0.91115352,4.2361605,0.39184561,1.6599209
0b_gaussian_blur_best,file,18,baseline_gaussian_blur,9474,162.Canada_Warbler/Canada_Warbler_0121_162310.jpg,162,161,162.Canada_Warbler,172,171,identity,identity,0,{},0.041914955,0.041914955,0,0.95895135,0.95895135,0.028883655,0.028883655,0.9300677,0.9300677,0,1,1,6.7735333,6.7735333,False,0.99999994,True,True,True,1,1,6.7735333,6.7735333,1,1,6.58573,6.58573,1,1,1.583955,1.583955,1,1,1.387119,1.387119,1,1,2.4142656,2.4142656,1,1,3.3128442,3.3128442,1,1,3.2218392,3.2218392,1,1,3.7767549,3.7767549
0b_gaussian_blur_best,file,18,baseline_gaussian_blur,9474,162.Canada_Warbler/Canada_Warbler_0121_162310.jpg,162,161,162.Canada_Warbler,172,171,gaussian_blur,gaussian_blur,0,"{""sigma"":1.495779}",0.041914955,0.05805324,0.016138285,0.95895135,0.9435997,0.028883655,0.044317245,0.9300677,0.89928246,-0.030785244,0.86560631,1.6040393,6.7735333,10.865014,False,0.99312508,True,True,True,0.86560631,1.6040393,6.7735333,10.865014,0.85936819,1.6126943,6.58573,10.620769,0.99074185,1.4462565,1.583955,2.2908052,0.71621957,2.007726,1.387119,2.7849548,0.7444574,1.7063783,2.4142656,4.1196504,0.87268882,1.7202793,3.3128442,5.6990173,0.87732463,1.5284839,3.2218392,4.9245294,0.9242151,1.4823633,3.7767549,5.5985227
0b_gaussian_blur_best,file,18,baseline_gaussian_blur,4449,077.Tropical_Kingbird/Tropical_Kingbird_0060_69942.jpg,77,76,077.Tropical_Kingbird,38,37,identity,identity,0,{},0.015056652,0.015056652,0,0.98505616,0.98505616,0.012223154,0.012223154,0.97283301,0.97283301,0,1,1,2.4411233,2.4411233,False,0.99999994,True,True,True,1,1,2.4411233,2.4411233,1,1,2.3547922,2.3547922,1,1,0.64345676,0.64345676,1,1,0.49647681,0.49647681,1,1,1.1341059,1.1341059,1,1,1.2071714,1.2071714,1,1,1.1252888,1.1252888,1,1,1.1352634,1.1352634
0b_gaussian_blur_best,file,18,baseline_gaussian_blur,4449,077.Tropical_Kingbird/Tropical_Kingbird_0060_69942.jpg,77,76,077.Tropical_Kingbird,38,37,gaussian_blur,gaussian_blur,0,"{""sigma"":1.106676}",0.015056652,0.012594214,-0.0024624383,0.98505616,0.98748475,0.012223154,0.0097230496,0.97283301,0.9777617,0.004928696,0.86849041,0.89542113,2.4411233,2.1858334,False,0.99660552,True,True,True,0.86849041,0.89542113,2.4411233,2.1858334,0.85994689,0.90025822,2.3547922,2.119921,0.9957604,0.82792059,0.64345676,0.5327311,0.78146056,1.2264053,0.49647681,0.60888179,0.78667459,0.92136235,1.1341059,1.0449225,0.86496873,0.91676805,1.2071714,1.1066962,0.88959422,0.84610814,1.1252888,0.95211604,0.94295387,0.83572635,1.1352634,0.94876955
0b_gaussian_blur_best,file,18,baseline_gaussian_blur,4363,075.Green_Jay/Green_Jay_0095_65881.jpg,75,74,075.Green_Jay,16,15,identity,identity,0,{},0.01484796,0.01484796,0,0.98526174,0.98526174,0.01033499,0.01033499,0.97492675,0.97492675,0,1,1,2.7222506,2.7222506,False,1,True,True,True,1,1,2.7222506,2.7222506,1,1,2.6549286,2.6549286,1,1,0.60166644,0.60166644,1,1,0.79672625,0.79672625,1,1,1.0443809,1.0443809,1,1,1.3884759,1.3884759,1,1,1.2718889,1.2718889,1,1,1.3332572,1.3332572
0b_gaussian_blur_best,file,18,baseline_gaussian_blur,4363,075.Green_Jay/Green_Jay_0095_65881.jpg,75,74,075.Green_Jay,16,15,gaussian_blur,gaussian_blur,0,"{""sigma"":1.444368}",0.01484796,0.0097162426,-0.0051317178,0.98526174,0.99033082,0.01033499,0.0072470177,0.97492675,0.9830838,0.0081570493,0.86915665,0.73295354,2.7222506,1.9952832,False,0.99261785,True,True,True,0.86915665,0.73295354,2.7222506,1.9952832,0.86340313,0.73538965,2.6549286,1.952407,0.99183446,0.68379175,0.60166644,0.41141455,0.80471957,0.90059782,0.79672625,0.71752992,0.80373331,0.85529468,1.0443809,0.89325342,0.886587,0.72925866,1.3884759,1.0125581,0.8767671,0.64304926,1.2718889,0.81788722,0.92552266,0.67292211,1.3332572,0.89717825
0b_gaussian_blur_best,file,18,baseline_gaussian_blur,6394,110.Geococcyx/Geococcyx_0091_104301.jpg,110,109,110.Geococcyx,150,149,identity,identity,0,{},0.016462684,0.016462684,0,0.98367208,0.98367208,0.0029821051,0.0029821051,0.98068998,0.98068998,0,1,1,1.8827215,1.8827215,False,1.0000001,True,True,True,1,1,1.8827215,1.8827215,1,1,1.8325648,1.8325648,1,1,0.43167861,0.43167861,1,1,0.296519,0.296519,1,1,0.74162891,0.74162891,1,1,0.91767332,0.91767332,1,1,0.85462235,0.85462235,1,1,1.0713791,1.0713791
0b_gaussian_blur_best,file,18,baseline_gaussian_blur,6394,110.Geococcyx/Geococcyx_0091_104301.jpg,110,109,110.Geococcyx,150,149,gaussian_blur,gaussian_blur,0,"{""sigma"":1.836226}",0.016462684,0.053999707,0.037537023,0.98367208,0.9474324,0.0029821051,0.00072913599,0.98068998,0.94670326,-0.033986714,0.49968652,4.7550138,1.8827215,8.9523668,False,0.919842,True,True,True,0.49968652,4.7550138,1.8827215,8.9523668,0.48410875,4.8100615,1.8325648,8.8147494,0.89188388,3.6223005,0.43167861,1.5636696,0.41515727,9.5289662,0.296519,2.8255195,0.2726659,5.5699814,0.74162891,4.1308592,0.53000989,5.6975866,0.91767332,5.2285232,0.46828494,4.1452029,0.85462235,3.5425831,0.69913066,3.3347672,1.0713791,3.5727999
0b_gaussian_blur_best,file,18,baseline_gaussian_blur,5235,090.Red_breasted_Merganser/Red_Breasted_Merganser_0016_79476.jpg,90,89,090.Red_breasted_Merganser,50,49,identity,identity,0,{},0.0028906963,0.0028906963,0,0.99711347,0.99711347,0.00083966093,0.00083966093,0.99627381,0.99627381,0,1,1,0.53048688,0.53048688,False,1,True,True,True,1,1,0.53048688,0.53048688,1,1,0.52001431,0.52001431,1,1,0.10488777,0.10488777,1,1,0.07976421,0.07976421,1,1,0.20854921,0.20854921,1,1,0.27560135,0.27560135,1,1,0.28753618,0.28753618,1,1,0.2488506,0.2488506
0b_gaussian_blur_best,file,18,baseline_gaussian_blur,5235,090.Red_breasted_Merganser/Red_Breasted_Merganser_0016_79476.jpg,90,89,090.Red_breasted_Merganser,50,49,gaussian_blur,gaussian_blur,0,"{""sigma"":1.937327}",0.0028906963,0.061249141,0.058358444,0.99711347,0.94058889,0.00083966093,0.0014923479,0.99627381,0.93909654,-0.057177262,0.55225568,26.529437,0.53048688,14.073518,False,0.94308722,True,True,True,0.55225568,26.529437,0.53048688,14.073518,0.54307102,26.783965,0.52001431,13.928045,0.89608024,19.242319,0.10488777,2.0182839,0.59539826,76.681305,0.07976421,6.1164237,0.44812596,32.673174,0.20854921,6.8139646,0.51849488,25.687906,0.27560135,7.0796216,0.64644261,20.658284,0.28753618,5.9400041,0.71920261,19.989642,0.2488506,4.9744345
0b_gaussian_blur_best,file,18,baseline_gaussian_blur,9193,157.Yellow_throated_Vireo/Yellow_Throated_Vireo_0012_794977.jpg,157,156,157.Yellow_throated_Vireo,175,174,identity,identity,0,{},0.70397639,0.70397639,0,0.49461463,0.49461463,0.49773955,0.49773955,-0.0031249225,-0.0031249225,0,1,1,94.028167,94.028167,False,1,True,False,False,1,1,94.028167,94.028167,1,1,91.830956,91.830956,1,1,20.208209,20.208209,1,1,18.405384,18.405384,1,1,38.658252,38.658252,1,1,52.731565,52.731565,1,1,45.735961,45.735961,1,1,41.560917,41.560917
0b_gaussian_blur_best,file,18,baseline_gaussian_blur,9193,157.Yellow_throated_Vireo/Yellow_Throated_Vireo_0012_794977.jpg,157,156,157.Yellow_throated_Vireo,175,174,gaussian_blur,gaussian_blur,0,"{""sigma"":1.884834}",0.70397639,0.028385554,-0.67559084,0.49461463,0.97201353,0.49773955,0.02755495,-0.0031249225,0.94445858,0.94758351,0.7928711,0.05723096,94.028167,5.3813223,False,0.96552664,False,False,True,0.7928711,0.05723096,94.028167,5.3813223,0.78364727,0.056791697,91.830956,5.2152358,0.96554414,0.065648022,20.208209,1.326629,0.6974065,0.076325651,18.405384,1.4048029,0.62271547,0.052341404,38.658252,2.0234272,0.82194283,0.056194468,52.731565,2.9632222,0.81832221,0.054809851,45.735961,2.5067812,0.84315233,0.059262159,41.560917,2.4629896
0b_gaussian_blur_best,file,18,baseline_gaussian_blur,3990,069.Rufous_Hummingbird/Rufous_Hummingbird_0064_58509.jpg,69,68,069.Rufous_Hummingbird,196,195,identity,identity,0,{},0.54309493,0.54309493,0,0.58094746,0.58094746,0.25002629,0.25002629,0.33092117,0.33092117,0,1,1,61.417414,61.417414,False,1,True,True,True,1,1,61.417414,61.417414,1,1,59.557457,59.557457,1,1,15.000269,15.000269,1,1,15.752999,15.752999,1,1,24.847935,24.847935,1,1,32.291707,32.291707,1,1,27.63573,27.63573,1,1,29.580837,29.580837
0b_gaussian_blur_best,file,18,baseline_gaussian_blur,3990,069.Rufous_Hummingbird/Rufous_Hummingbird_0064_58509.jpg,69,68,069.Rufous_Hummingbird,196,195,gaussian_blur,gaussian_blur,0,"{""sigma"":1.693519}",0.54309493,0.55876899,0.015674055,0.58094746,0.57191265,0.25002629,0.078567132,0.33092117,0.49334551,0.16242434,0.56053058,1.0728868,61.417414,65.89393,False,0.97745031,True,True,True,0.56053058,1.0728868,61.417414,65.89393,0.54099231,1.07251,59.557457,63.875966,0.86674801,1.0788089,15.000269,16.182424,0.25315519,1.0274328,15.752999,16.185147,0.52143148,1.2572547,24.847935,31.240182,0.53719338,1.026793,32.291707,33.156898,0.52084106,1.0149695,27.63573,28.049422,0.66678095,1.0452903,29.580837,30.920562
0b_gaussian_blur_best,file,18,baseline_gaussian_blur,1790,032.Mangrove_Cuckoo/Mangrove_Cuckoo_0027_26360.jpg,32,31,032.Mangrove_Cuckoo,195,194,identity,identity,0,{},5.5758762,5.5758762,0,0.0037881543,0.0037881543,0.11766054,0.11766054,-0.11387238,-0.11387238,0,1,1,109.35014,109.35014,False,1,True,False,False,1,1,109.35014,109.35014,1,1,106.56065,106.56065,1,1,24.54139,24.54139,1,1,18.852353,18.852353,1,1,48.162314,48.162314,1,1,54.540915,54.540915,1,1,53.617426,53.617426,1,1,53.203503,53.203503
0b_gaussian_blur_best,file,18,baseline_gaussian_blur,1790,032.Mangrove_Cuckoo/Mangrove_Cuckoo_0027_26360.jpg,32,31,032.Mangrove_Cuckoo,195,194,gaussian_blur,gaussian_blur,0,"{""sigma"":1.581697}",5.5758762,4.9345951,-0.64128113,0.0037881543,0.0071933703,0.11766054,0.21510834,-0.11387238,-0.20791496,-0.094042582,0.74493507,1.2476068,109.35014,136.42598,False,0.94254106,True,False,False,0.74493507,1.2476068,109.35014,136.42598,0.73754438,1.2579751,106.56065,134.05065,0.92857229,1.0328264,24.54139,25.346995,0.57999968,1.6374713,18.852353,30.870188,0.71450331,1.2564117,48.162314,60.511697,0.73087009,1.364496,54.540915,74.420862,0.75352027,1.2038144,53.617426,64.54543,0.7905667,1.1356067,53.203503,60.418256
0b_gaussian_blur_best,file,18,baseline_gaussian_blur,181,004.Groove_billed_Ani/Groove_Billed_Ani_0033_1494.jpg,4,3,004.Groove_billed_Ani,33,32,identity,identity,0,{},5.8808632,5.8808632,0,0.0027923733,0.0027923733,0.21445303,0.21445303,-0.21166065,-0.21166065,0,1,1,140.52537,140.52537,False,0.99999994,True,False,False,1,1,140.52537,140.52537,1,1,137.62281,137.62281,1,1,28.413755,28.413755,1,1,35.212346,35.212346,1,1,54.811135,54.811135,1,1,69.996353,69.996353,1,1,72.764963,72.764963,1,1,67.094247,67.094247
0b_gaussian_blur_best,file,18,baseline_gaussian_blur,181,004.Groove_billed_Ani/Groove_Billed_Ani_0033_1494.jpg,4,3,004.Groove_billed_Ani,33,32,gaussian_blur,gaussian_blur,0,"{""sigma"":1.216793}",5.8808632,6.8398771,0.95901394,0.0027923733,0.0010702349,0.21445303,0.26497465,-0.21166065,-0.26390442,-0.052243765,0.81467839,0.91200018,140.52537,128.15916,False,0.98069137,True,False,False,0.81467839,0.91200018,140.52537,128.15916,0.80704034,0.90580322,137.62281,124.65918,0.97786312,1.0469073,28.413755,29.746568,0.78856169,1.1153711,35.212346,39.274834,0.63747038,0.82158334,54.811135,45.031915,0.8212662,0.85440263,69.996353,59.805068,0.83785301,0.87111443,72.764963,63.386609,0.87410587,0.98583585,67.094247,66.143913
0b_gaussian_blur_best,file,18,baseline_gaussian_blur,710,013.Bobolink/Bobolink_0133_9618.jpg,13,12,013.Bobolink,166,165,identity,identity,0,{},1.3056928,1.3056928,0,0.27098474,0.27098474,0.11710141,0.11710141,0.15388333,0.15388333,0,1,1,94.594764,94.594764,False,0.99999988,True,True,True,1,1,94.594764,94.594764,1,1,93.243895,93.243895,1,1,15.929386,15.929386,1,1,29.914867,29.914867,1,1,44.827258,44.827258,1,1,46.265927,46.265927,1,1,42.423592,42.423592,1,1,43.008657,43.008657
0b_gaussian_blur_best,file,18,baseline_gaussian_blur,710,013.Bobolink/Bobolink_0133_9618.jpg,13,12,013.Bobolink,166,165,gaussian_blur,gaussian_blur,0,"{""sigma"":1.891465}",1.3056928,0.877621,-0.4280718,0.27098474,0.41577086,0.11710141,0.11707129,0.15388333,0.29869957,0.14481624,0.75077262,0.9163968,94.594764,86.686339,False,0.9787544,True,True,True,0.75077262,0.9163968,94.594764,86.686339,0.74449415,0.91748917,93.243895,85.550264,0.97624012,0.87814698,15.929386,13.988343,0.57804532,1.0841754,29.914867,32.432961,0.61507334,0.91395718,44.827258,40.970194,0.76752124,0.93994332,46.265927,43.487349,0.83619795,0.86807636,42.423592,36.826918,0.88746442,0.85145589,43.008657,36.619975
0b_gaussian_blur_best,file,18,baseline_gaussian_blur,11178,190.Red_cockaded_Woodpecker/Red_Cockaded_Woodpecker_0032_182376.jpg,190,189,190.Red_cockaded_Woodpecker,189,188,identity,identity,0,{},0.0065289522,0.0065289522,0,0.99349231,0.99349231,0.0036934244,0.0036934244,0.98979888,0.98979888,0,1,1,0.76597691,0.76597691,False,0.99999988,True,True,True,1,1,0.76597691,0.76597691,1,1,0.74254001,0.74254001,1,1,0.18802912,0.18802912,1,1,0.12557612,0.12557612,1,1,0.29657465,0.29657465,1,1,0.34334703,0.34334703,1,1,0.37591791,0.37591791,1,1,0.43409485,0.43409485
0b_gaussian_blur_best,file,18,baseline_gaussian_blur,11178,190.Red_cockaded_Woodpecker/Red_Cockaded_Woodpecker_0032_182376.jpg,190,189,190.Red_cockaded_Woodpecker,189,188,gaussian_blur,gaussian_blur,0,"{""sigma"":1.557654}",0.0065289522,0.0071925516,0.00066359947,0.99349231,0.99283326,0.0036934244,0.0029318845,0.98979888,0.98990137,0.00010249135,0.78864935,1.1313756,0.76597691,0.86660756,False,0.99033523,True,True,True,0.78864935,1.1313756,0.76597691,0.86660756,0.77800062,1.1386336,0.74254001,0.845481,0.98083405,1.0114686,0.18802912,0.19018555,0.70132051,1.3327676,0.12557612,0.16736379,0.59018909,1.1525624,0.29657465,0.34182079,0.73510662,1.1471538,0.34334703,0.39387184,0.80247633,1.1182256,0.37591791,0.42036103,0.88576812,1.1241868,0.43409485,0.48800369
0b_gaussian_blur_best,file,18,baseline_gaussian_blur,5845,100.Brown_Pelican/Brown_Pelican_0071_94549.jpg,100,99,100.Brown_Pelican,101,100,identity,identity,0,{},0.37716159,0.37716159,0,0.68580526,0.68580526,0.12311305,0.12311305,0.56269221,0.56269221,0,1,1,44.359055,44.359055,False,1,True,True,True,1,1,44.359055,44.359055,1,1,43.579699,43.579699,1,1,8.2786265,8.2786265,1,1,12.310746,12.310746,1,1,19.213107,19.213107,1,1,19.913845,19.913845,1,1,21.602492,21.602492,1,1,22.699412,22.699412
0b_gaussian_blur_best,file,18,baseline_gaussian_blur,5845,100.Brown_Pelican/Brown_Pelican_0071_94549.jpg,100,99,100.Brown_Pelican,101,100,gaussian_blur,gaussian_blur,0,"{""sigma"":1.86139}",0.37716159,1.2757912,0.89862958,0.68580526,0.27920997,0.12311305,0.14212099,0.56269221,0.13708898,-0.42560323,0.78367245,2.3902822,44.359055,106.03066,False,0.97269136,True,True,True,0.78367245,2.3902822,44.359055,106.03066,0.77863868,2.3987262,43.579699,104.53576,0.94462658,2.1430956,8.2786265,17.741888,0.64714993,3.54438,12.310746,43.633964,0.72620069,2.3322372,19.213107,44.809523,0.79651327,2.4595837,19.913845,48.97977,0.82613088,2.210184,21.602492,47.745483,0.86145811,2.1298009,22.699412,48.345228
0b_gaussian_blur_best,file,18,baseline_gaussian_blur,8544,146.Forsters_Tern/Forsters_Tern_0104_152666.jpg,146,145,146.Forsters_Tern,144,143,identity,identity,0,{},0.0013325869,0.0013325869,0,0.99866831,0.99866831,0.00077520031,0.00077520031,0.99789311,0.99789311,0,1,1,0.24826928,0.24826928,False,1.0000001,True,True,True,1,1,0.24826928,0.24826928,1,1,0.24268456,0.24268456,1,1,0.052362585,0.052362585,1,1,0.047691515,0.047691515,1,1,0.094670115,0.094670115,1,1,0.12519823,0.12519823,1,1,0.12361464,0.12361464,1,1,0.12924283,0.12924283
0b_gaussian_blur_best,file,18,baseline_gaussian_blur,8544,146.Forsters_Tern/Forsters_Tern_0104_152666.jpg,146,145,146.Forsters_Tern,144,143,gaussian_blur,gaussian_blur,0,"{""sigma"":1.867744}",0.0013325869,0.0022852514,0.00095266453,0.99866831,0.99771738,0.00077520031,0.0018241992,0.99789311,0.99589318,-0.0019999314,0.83371275,1.9725136,0.24826928,0.48971454,False,0.9904564,True,True,True,0.83371275,1.9725136,0.24826928,0.48971454,0.82738668,1.9743635,0.24268456,0.47914755,0.97273824,1.9323489,0.052362585,0.10118278,0.75120032,3.0259025,0.047691515,0.14430988,0.7107129,2.3125547,0.094670115,0.21892982,0.84782562,1.9296402,0.12519823,0.24158753,0.86632517,1.8066327,0.12361464,0.22332626,0.9025545,1.7743336,0.12924283,0.2293199
0b_gaussian_blur_best,file,18,baseline_gaussian_blur,6326,109.American_Redstart/American_Redstart_0111_102945.jpg,109,108,109.American_Redstart,21,20,identity,identity,0,{},0.00029726379,0.00029726379,0,0.99970275,0.99970275,4.76061e-05,4.76061e-05,0.99965515,0.99965515,0,1,1,0.037319387,0.037319387,False,0.99999988,True,True,True,1,1,0.037319387,0.037319387,1,1,0.036045698,0.036045698,1,1,0.0096666572,0.0096666572,1,1,0.005079731,0.005079731,1,1,0.012276125,0.012276125,1,1,0.014698742,0.014698742,1,1,0.018143252,0.018143252,1,1,0.02403237,0.02403237
0b_gaussian_blur_best,file,18,baseline_gaussian_blur,6326,109.American_Redstart/American_Redstart_0111_102945.jpg,109,108,109.American_Redstart,21,20,gaussian_blur,gaussian_blur,0,"{""sigma"":1.373348}",0.00029726379,0.00022075123,-7.6512559e-05,0.99970275,0.99977928,4.76061e-05,1.8068948e-05,0.99965515,0.99976122,0.00010606952,0.82264947,0.91352786,0.037319387,0.034092299,False,0.99374789,True,True,True,0.82264947,0.91352786,0.037319387,0.034092299,0.81335517,0.92250659,0.036045698,0.033252394,0.98715711,0.77801961,0.0096666572,0.0075208489,0.64588796,1.715142,0.005079731,0.0087124597,0.68312816,0.98712994,0.012276125,0.01211813,0.77862985,1.0934663,0.014698742,0.016072579,0.83095078,0.90779611,0.018143252,0.016470374,0.91292628,0.78219487,0.02403237,0.018797997
0b_gaussian_blur_best,file,18,baseline_gaussian_blur,4683,081.Pied_Kingfisher/Pied_Kingfisher_0016_72280.jpg,81,80,081.Pied_Kingfisher,159,158,identity,identity,0,{},0.010845171,0.010845171,0,0.98921341,0.98921341,0.007119969,0.007119969,0.98209344,0.98209344,0,1,1,1.7046225,1.7046225,False,1,True,True,True,1,1,1.7046225,1.7046225,1,1,1.6657232,1.6657232,1,1,0.36208281,0.36208281,1,1,0.49894933,0.49894933,1,1,0.6369146,0.6369146,1,1,0.83949588,0.83949588,1,1,0.85146517,0.85146517,1,1,0.83082906,0.83082906
0b_gaussian_blur_best,file,18,baseline_gaussian_blur,4683,081.Pied_Kingfisher/Pied_Kingfisher_0016_72280.jpg,81,80,081.Pied_Kingfisher,159,158,gaussian_blur,gaussian_blur,0,"{""sigma"":1.9905}",0.010845171,0.03197303,0.021127859,0.98921341,0.96853268,0.007119969,0.0044803671,0.98209344,0.96405231,-0.018041124,0.26564996,2.8386744,1.7046225,4.8388681,False,0.96363103,True,True,True,0.26564996,2.8386744,1.7046225,4.8388681,0.24195108,2.8566953,1.6657232,4.7584637,0.85963952,2.4260926,0.36208281,0.8784464,0.32902563,3.2494254,0.49894933,1.6212986,-0.019926013,3.4487926,0.6369146,2.1965864,-0.035551384,2.6468096,0.83949588,2.2219858,0.24878336,2.5510998,0.85146517,2.1721726,0.65781714,2.8313978,0.83082906,2.3524076
0b_gaussian_blur_best,file,18,baseline_gaussian_blur,9125,156.White_eyed_Vireo/White_Eyed_Vireo_0050_158829.jpg,156,155,156.White_eyed_Vireo,157,156,identity,identity,0,{},0.060940407,0.060940407,0,0.94087929,0.94087929,0.024418605,0.024418605,0.91646068,0.91646068,0,1,1,10.618936,10.618936,False,1,True,True,True,1,1,10.618936,10.618936,1,1,10.44996,10.44996,1,1,1.8868321,1.8868321,1,1,1.4807758,1.4807758,1,1,4.3922647,4.3922647,1,1,5.7612003,5.7612003,1,1,5.4972338,5.4972338,1,1,4.9301076,4.9301076
0b_gaussian_blur_best,file,18,baseline_gaussian_blur,9125,156.White_eyed_Vireo/White_Eyed_Vireo_0050_158829.jpg,156,155,156.White_eyed_Vireo,157,156,gaussian_blur,gaussian_blur,0,"{""sigma"":1.711643}",0.060940407,0.02615146,-0.034788948,0.94087929,0.97418755,0.024418605,0.011737061,0.91646068,0.96245049,0.045989812,0.751396,0.47334166,10.618936,5.0263846,False,0.98156613,True,True,True,0.751396,0.47334166,10.618936,5.0263846,0.74364056,0.47264258,10.44996,4.9390959,0.97958698,0.49430484,1.8868321,0.93267023,0.43761921,0.76761937,1.4807758,1.1366722,0.55744748,0.50963094,4.3922647,2.238434,0.75895446,0.46086686,5.7612003,2.6551463,0.80810406,0.44978851,5.4972338,2.4725926,0.87444569,0.4503009,4.9301076,2.2200319
0b_gaussian_blur_best,file,18,baseline_gaussian_blur,3979,069.Rufous_Hummingbird/Rufous_Hummingbird_0060_58986.jpg,69,68,069.Rufous_Hummingbird,17,16,identity,identity,0,{},0.98147941,0.98147941,0,0.37475628,0.37475628,0.093514472,0.093514472,0.2812418,0.2812418,0,1,1,91.823158,91.823158,False,1,True,True,True,1,1,91.823158,91.823158,1,1,90.319652,90.319652,1,1,16.5485,16.5485,1,1,16.155401,16.155401,1,1,39.915693,39.915693,1,1,46.488758,46.488758,1,1,45.361189,45.361189,1,1,45.65674,45.65674
0b_gaussian_blur_best,file,18,baseline_gaussian_blur,3979,069.Rufous_Hummingbird/Rufous_Hummingbird_0060_58986.jpg,69,68,069.Rufous_Hummingbird,17,16,gaussian_blur,gaussian_blur,0,"{""sigma"":1.65684}",0.98147941,1.6243395,0.64286005,0.37475628,0.19704179,0.093514472,0.10047963,0.2812418,0.096562169,-0.18467963,0.8166381,1.3705442,91.823158,125.8477,False,0.97637463,True,True,True,0.8166381,1.3705442,91.823158,125.8477,0.81159581,1.3724978,90.319652,123.96352,0.97471505,1.3110159,16.5485,21.695347,0.66268288,1.5793625,16.155401,25.515235,0.73906571,1.3626933,39.915693,54.392848,0.82076863,1.4483977,46.488758,67.334208,0.82642502,1.3404817,45.361189,60.805843,0.87064033,1.3005959,45.65674,59.380968
0b_gaussian_blur_best,file,18,baseline_gaussian_blur,6330,109.American_Redstart/American_Redstart_0128_102983.jpg,109,108,109.American_Redstart,10,9,identity,identity,0,{},0.11138134,0.11138134,0,0.89459753,0.89459753,0.0083010839,0.0083010839,0.88629645,0.88629645,0,1,1,14.417757,14.417757,False,1,True,True,True,1,1,14.417757,14.417757,1,1,14.191322,14.191322,1,1,2.5452069,2.5452069,1,1,3.3821313,3.3821313,1,1,5.6339279,5.6339279,1,1,6.7536838,6.7536838,1,1,7.4026485,7.4026485,1,1,7.6027774,7.6027774
0b_gaussian_blur_best,file,18,baseline_gaussian_blur,6330,109.American_Redstart/American_Redstart_0128_102983.jpg,109,108,109.American_Redstart,10,9,gaussian_blur,gaussian_blur,0,"{""sigma"":1.187847}",0.11138134,0.12668474,0.015303396,0.89459753,0.88101137,0.0083010839,0.0080823516,0.88629645,0.87292902,-0.013367431,0.84851263,1.1901887,14.417757,17.159851,False,0.98766321,True,True,True,0.84851263,1.1901887,14.417757,17.159851,0.84427008,1.1916237,14.191322,16.910716,0.98648125,1.1446786,2.5452069,2.913444,0.70644763,1.4072755,3.3821313,4.7595905,0.75301353,1.2186284,5.6339279,6.8656645,0.84391996,1.2142373,6.7536838,8.2005746,0.86590521,1.1854995,7.4026485,8.7758362,0.91696364,1.1154295,7.6027774,8.480362
0b_gaussian_blur_best,file,18,baseline_gaussian_blur,1259,023.Brandt_Cormorant/Brandt_Cormorant_0083_23156.jpg,23,22,023.Brandt_Cormorant,72,71,identity,identity,0,{},5.9176102,5.9176102,0,0.0026916249,0.0026916249,0.78690863,0.78690863,-0.784217,-0.784217,0,1,1,146.69995,146.69995,False,1,True,False,False,1,1,146.69995,146.69995,1,1,140.78226,140.78226,1,1,41.246002,41.246002,1,1,42.096886,42.096886,1,1,56.82517,56.82517,1,1,58.274413,58.274413,1,1,71.283622,71.283622,1,1,79.631237,79.631237
0b_gaussian_blur_best,file,18,baseline_gaussian_blur,1259,023.Brandt_Cormorant/Brandt_Cormorant_0083_23156.jpg,23,22,023.Brandt_Cormorant,72,71,gaussian_blur,gaussian_blur,0,"{""sigma"":1.704504}",5.9176102,6.3897257,0.47211552,0.0026916249,0.0016787166,0.78690863,0.75197166,-0.784217,-0.75029295,0.033924056,0.81671943,1.0522371,146.69995,154.36313,False,0.98077154,True,False,False,0.81671943,1.0522371,146.69995,154.36313,0.80369622,1.0571017,140.78226,148.82116,0.97954523,0.99381026,41.246002,40.9907,0.78771104,1.3403861,42.096886,56.426081,0.69402379,1.0977841,56.82517,62.381766,0.76769964,1.1010706,58.274413,64.164244,0.82630891,0.98335565,71.283622,70.097152,0.88985006,0.97610325,79.631237,77.728309
0b_gaussian_blur_best,file,18,baseline_gaussian_blur,7930,136.Barn_Swallow/Barn_Swallow_0026_132386.jpg,136,135,136.Barn_Swallow,137,136,identity,identity,0,{},0.22248663,0.22248663,0,0.80052572,0.80052572,0.18086223,0.18086223,0.61966349,0.61966349,0,1,1,38.682299,38.682299,False,1,True,True,True,1,1,38.682299,38.682299,1,1,37.651449,37.651449,1,1,8.8706629,8.8706629,1,1,10.820499,10.820499,1,1,17.374252,17.374252,1,1,19.618009,19.618009,1,1,17.967234,17.967234,1,1,17.058605,17.058605
0b_gaussian_blur_best,file,18,baseline_gaussian_blur,7930,136.Barn_Swallow/Barn_Swallow_0026_132386.jpg,136,135,136.Barn_Swallow,137,136,gaussian_blur,gaussian_blur,0,"{""sigma"":1.716193}",0.22248663,0.14476591,-0.077720717,0.80052572,0.86522478,0.18086223,0.12358977,0.61966349,0.74163501,0.12197152,0.83670968,0.76635014,38.682299,29.644185,False,0.99162042,True,True,True,0.83670968,0.76635014,38.682299,29.644185,0.82840336,0.76758998,37.651449,28.900875,0.9915675,0.74365968,8.8706629,6.5967543,0.82636261,0.88196709,10.820499,9.5433244,0.72306611,0.82497976,17.374252,14.333406,0.8249841,0.74360062,19.618009,14.587963,0.87387976,0.73451296,17.967234,13.197166,0.91708015,0.72217504,17.058605,12.319299
0b_gaussian_blur_best,file,18,baseline_gaussian_blur,2286,040.Olive_sided_Flycatcher/Olive_Sided_Flycatcher_0017_30704.jpg,40,39,040.Olive_sided_Flycatcher,135,134,identity,identity,0,{},0.65170872,0.65170872,0,0.52115452,0.52115452,0.40260869,0.40260869,0.11854583,0.11854583,0,1,1,113.96828,113.96828,False,1,True,True,True,1,1,113.96828,113.96828,1,1,111.74914,111.74914,1,1,22.380749,22.380749,1,1,27.776789,27.776789,1,1,55.769106,55.769106,1,1,55.773817,55.773817,1,1,53.906069,53.906069,1,1,50.887562,50.887562
0b_gaussian_blur_best,file,18,baseline_gaussian_blur,2286,040.Olive_sided_Flycatcher/Olive_Sided_Flycatcher_0017_30704.jpg,40,39,040.Olive_sided_Flycatcher,135,134,gaussian_blur,gaussian_blur,0,"{""sigma"":1.666116}",0.65170872,0.095381938,-0.55632678,0.52115452,0.90902567,0.40260869,0.031250276,0.11854583,0.87777539,0.75922956,0.75320858,0.15145115,113.96828,17.260626,False,0.98540962,True,True,True,0.75320858,0.15145115,113.96828,17.260626,0.74761744,0.15077499,111.74914,16.848975,0.88269703,0.16742819,22.380749,3.7471682,0.57541434,0.19962811,27.776789,5.5450278,0.67787354,0.1673253,55.769106,9.3315823,0.78760195,0.15444033,55.773817,8.6137269,0.81350641,0.12550828,53.906069,6.765658,0.84283182,0.13341358,50.887562,6.7890918
0b_gaussian_blur_best,file,18,baseline_gaussian_blur,6891,118.House_Sparrow/House_Sparrow_0093_110990.jpg,118,117,118.House_Sparrow,119,118,identity,identity,0,{},3.9195178,3.9195178,0,0.019850664,0.019850664,0.21484008,0.21484008,-0.19498942,-0.19498942,0,1,1,129.41429,129.41429,False,0.99999994,True,False,False,1,1,129.41429,129.41429,1,1,125.95466,125.95466,1,1,29.72342,29.72342,1,1,21.787807,21.787807,1,1,50.35051,50.35051,1,1,67.448676,67.448676,1,1,61.807521,61.807521,1,1,66.971637,66.971637
0b_gaussian_blur_best,file,18,baseline_gaussian_blur,6891,118.House_Sparrow/House_Sparrow_0093_110990.jpg,118,117,118.House_Sparrow,119,118,gaussian_blur,gaussian_blur,0,"{""sigma"":1.865205}",3.9195178,4.1862936,0.26677585,0.019850664,0.015202526,0.21484008,0.0061756792,-0.19498942,0.0090268468,0.20401627,0.60137364,1.1152313,129.41429,144.32687,False,0.90643144,False,False,False,0.60137364,1.1152313,129.41429,144.32687,0.59012855,1.1248764,125.95466,141.68342,0.85793901,0.92507548,29.72342,27.496407,0.28933358,1.6890007,21.787807,36.799621,0.53855287,1.42425,50.35051,71.711715,0.62489633,1.1660164,67.448676,78.646263,0.60515425,0.97093919,61.807521,60.011344,0.6779031,0.91933824,66.971637,61.569587
0b_gaussian_blur_best,file,18,baseline_gaussian_blur,9317,159.Black_and_white_Warbler/Black_And_White_Warbler_0022_160512.jpg,159,158,159.Black_and_white_Warbler,81,80,identity,identity,0,{},0.0028928358,0.0028928358,0,0.99711132,0.99711132,0.00068254262,0.00068254262,0.99642878,0.99642878,0,1,1,0.38334132,0.38334132,False,1,True,True,True,1,1,0.38334132,0.38334132,1,1,0.37225023,0.37225023,1,1,0.09154415,0.09154415,1,1,0.081318238,0.081318238,1,1,0.14644833,0.14644833,1,1,0.19863968,0.19863968,1,1,0.16745968,0.16745968,1,1,0.20738853,0.20738853
0b_gaussian_blur_best,file,18,baseline_gaussian_blur,9317,159.Black_and_white_Warbler/Black_And_White_Warbler_0022_160512.jpg,159,158,159.Black_and_white_Warbler,81,80,gaussian_blur,gaussian_blur,0,"{""sigma"":1.022571}",0.0028928358,0.0062350752,0.0033422394,0.99711132,0.99378431,0.00068254262,0.00087342743,0.99642878,0.99291088,-0.0035178969,0.85351861,2.5518636,0.38334132,0.97823475,False,0.98931301,True,True,True,0.85351861,2.5518636,0.38334132,0.97823475,0.84740576,2.5710817,0.37225023,0.95708574,0.98041692,2.2099927,0.09154415,0.2023119,0.83690662,3.0308486,0.081318238,0.24646327,0.77325417,2.7981527,0.14644833,0.40978479,0.83981244,2.6755221,0.19863968,0.53146484,0.84598853,2.6478619,0.16745968,0.44341009,0.9219039,2.2005792,0.20738853,0.45637487
0b_gaussian_blur_best,file,18,baseline_gaussian_blur,2279,040.Olive_sided_Flycatcher/Olive_Sided_Flycatcher_0049_796889.jpg,40,39,040.Olive_sided_Flycatcher,103,102,identity,identity,0,{},0.013617243,0.013617243,0,0.98647505,0.98647505,0.0047482545,0.0047482545,0.9817268,0.9817268,0,1,1,2.364108,2.364108,False,1,True,True,True,1,1,2.364108,2.364108,1,1,2.3061587,2.3061587,1,1,0.52022953,0.52022953,1,1,0.48230109,0.48230109,1,1,1.1863805,1.1863805,1,1,1.175733,1.175733,1,1,1.0408158,1.0408158,1,1,1.1011853,1.1011853
0b_gaussian_blur_best,file,18,baseline_gaussian_blur,2279,040.Olive_sided_Flycatcher/Olive_Sided_Flycatcher_0049_796889.jpg,40,39,040.Olive_sided_Flycatcher,103,102,gaussian_blur,gaussian_blur,0,"{""sigma"":1.993819}",0.013617243,0.020001622,0.0063843792,0.98647505,0.98019707,0.0047482545,0.013810121,0.9817268,0.96638695,-0.015339844,0.76999158,1.8293054,2.364108,4.3246756,False,0.97865915,True,True,True,0.76999158,1.8293054,2.364108,4.3246756,0.76296798,1.8389116,2.3061587,4.240822,0.93120502,1.6290795,0.52022953,0.84749525,0.63836813,2.2318995,0.48230109,1.0764476,0.74986928,2.0743316,1.1863805,2.4609466,0.77054739,1.8433842,1.175733,2.1673277,0.76053744,1.6660756,1.0408158,1.7340779,0.83244982,1.5899068,1.1011853,1.7507821
0b_gaussian_blur_best,file,18,baseline_gaussian_blur,11516,196.House_Wren/House_Wren_0133_187101.jpg,196,195,196.House_Wren,199,198,identity,identity,0,{},2.6997256,2.6997256,0,0.067223944,0.067223944,0.78680634,0.78680634,-0.7195824,-0.7195824,0,1,1,139.64148,139.64148,False,0.99999994,True,False,False,1,1,139.64148,139.64148,1,1,135.23321,135.23321,1,1,34.809765,34.809765,1,1,16.342689,16.342689,1,1,48.001867,48.001867,1,1,77.44616,77.44616,1,1,71.159786,71.159786,1,1,68.228562,68.228562
0b_gaussian_blur_best,file,18,baseline_gaussian_blur,11516,196.House_Wren/House_Wren_0133_187101.jpg,196,195,196.House_Wren,199,198,gaussian_blur,gaussian_blur,0,"{""sigma"":1.998862}",2.6997256,2.809057,0.10933137,0.067223944,0.06026179,0.78680634,0.41339606,-0.7195824,-0.35313427,0.36644813,0.61988291,0.74535674,139.64148,104.08272,False,0.96026659,True,False,False,0.61988291,0.74535674,139.64148,104.08272,0.59881292,0.74058185,135.23321,100.15126,0.91177701,0.81402814,34.809765,28.336128,0.0090044725,1.6686101,16.342689,27.269576,0.44413273,0.7691274,48.001867,36.919551,0.64511692,0.68334659,77.44616,52.922569,0.60695728,0.70131347,71.159786,49.905316,0.71975838,0.75196503,68.228562,51.305493
0b_gaussian_blur_best,file,18,baseline_gaussian_blur,1717,031.Black_billed_Cuckoo/Black_Billed_Cuckoo_0088_26217.jpg,31,30,031.Black_billed_Cuckoo,33,32,identity,identity,0,{},0.016930686,0.016930686,0,0.98321182,0.98321182,0.0076750997,0.0076750997,0.97553672,0.97553672,0,1,1,2.5928292,2.5928292,False,0.99999994,True,True,True,1,1,2.5928292,2.5928292,1,1,2.53714,2.53714,1,1,0.53449397,0.53449397,1,1,0.51391083,0.51391083,1,1,1.1081917,1.1081917,1,1,1.2755555,1.2755555,1,1,1.2466994,1.2466994,1,1,1.3280003,1.3280003
0b_gaussian_blur_best,file,18,baseline_gaussian_blur,1717,031.Black_billed_Cuckoo/Black_Billed_Cuckoo_0088_26217.jpg,31,30,031.Black_billed_Cuckoo,33,32,gaussian_blur,gaussian_blur,0,"{""sigma"":1.91244}",0.016930686,0.0063775824,-0.010553104,0.98321182,0.99364269,0.0076750997,0.0038583872,0.97553672,0.9897843,0.014247585,0.71993968,0.45486018,2.5928292,1.1793747,False,0.96902794,True,True,True,0.71993968,0.45486018,2.5928292,1.1793747,0.70943513,0.45526046,2.53714,1.1550595,0.96183628,0.44574572,0.53449397,0.2382484,0.54263413,0.77735996,0.51391083,0.3994937,0.61773003,0.50774641,1.1081917,0.56268035,0.73606116,0.44043599,1.2755555,0.56180056,0.73226721,0.39714367,1.2466994,0.49511879,0.83286631,0.41050933,1.3280003,0.5451565
0b_gaussian_blur_best,file,18,baseline_gaussian_blur,3371,059.California_Gull/California_Gull_0096_40978.jpg,59,58,059.California_Gull,143,142,identity,identity,0,{},1.7318723,1.7318723,0,0.17695278,0.17695278,0.1652945,0.1652945,0.011658281,0.011658281,0,1,1,100.04041,100.04041,False,1.0000001,True,True,True,1,1,100.04041,100.04041,1,1,97.447133,97.447133,1,1,22.630512,22.630512,1,1,19.115714,19.115714,1,1,41.775715,41.775715,1,1,50.174236,50.174236,1,1,46.40127,46.40127,1,1,52.103657,52.103657
0b_gaussian_blur_best,file,18,baseline_gaussian_blur,3371,059.California_Gull/California_Gull_0096_40978.jpg,59,58,059.California_Gull,143,142,gaussian_blur,gaussian_blur,0,"{""sigma"":1.694942}",1.7318723,2.2000141,0.46814179,0.17695278,0.11080161,0.1652945,0.19054241,0.011658281,-0.079740807,-0.091399089,0.80410249,1.2603582,100.04041,126.08675,False,0.97574735,False,True,False,0.80410249,1.2603582,100.04041,126.08675,0.79666515,1.2682972,97.447133,123.59193,0.97020536,1.1028486,22.630512,24.958028,0.69078544,1.3632034,19.115714,26.058607,0.59123034,1.2632233,41.775715,52.772059,0.82839393,1.3277784,50.174236,66.620266,0.84235601,1.2826249,46.40127,59.515425,0.88439195,1.187872,52.103657,61.892475
0b_gaussian_blur_best,file,18,baseline_gaussian_blur,11075,189.Red_bellied_Woodpecker/Red_Bellied_Woodpecker_0073_180994.jpg,189,188,189.Red_bellied_Woodpecker,36,35,identity,identity,0,{},0.0034784307,0.0034784307,0,0.99652761,0.99652761,0.00056850078,0.00056850078,0.99595911,0.99595911,0,1,1,0.41366478,0.41366478,False,0.99999994,True,True,True,1,1,0.41366478,0.41366478,1,1,0.40422156,0.40422156,1,1,0.087883365,0.087883365,1,1,0.055911392,0.055911392,1,1,0.13029676,0.13029676,1,1,0.15519985,0.15519985,1,1,0.1919423,0.1919423,1,1,0.28698937,0.28698937
0b_gaussian_blur_best,file,18,baseline_gaussian_blur,11075,189.Red_bellied_Woodpecker/Red_Bellied_Woodpecker_0073_180994.jpg,189,188,189.Red_bellied_Woodpecker,36,35,gaussian_blur,gaussian_blur,0,"{""sigma"":1.209647}",0.0034784307,0.0039544492,0.00047601853,0.99652761,0.99605334,0.00056850078,0.00062418747,0.99595911,0.99542915,-0.00052996085,0.89379701,1.1201198,0.41366478,0.4633541,False,0.99636936,True,True,True,0.89379701,1.1201198,0.41366478,0.4633541,0.88880233,1.1182399,0.40422156,0.45201666,0.99628181,1.1591763,0.087883365,0.10187231,0.70495375,1.364052,0.055911392,0.076266046,0.71807116,1.0392335,0.13029676,0.13540875,0.83419497,1.1734643,0.15519985,0.18212148,0.89246937,1.1313402,0.1919423,0.21715205,0.94774893,1.1010187,0.28698937,0.31598065
0b_gaussian_blur_best,file,18,baseline_gaussian_blur,2038,036.Northern_Flicker/Northern_Flicker_0118_28500.jpg,36,35,036.Northern_Flicker,24,23,identity,identity,0,{},0.77755553,0.77755553,0,0.45952794,0.45952794,0.042225856,0.042225856,0.41730208,0.41730208,0,1,1,66.627249,66.627249,False,1,True,True,True,1,1,66.627249,66.627249,1,1,65.014351,65.014351,1,1,14.571358,14.571358,1,1,9.2342633,9.2342633,1,1,25.981361,25.981361,1,1,32.824551,32.824551,1,1,31.65553,31.65553,1,1,37.242977,37.242977
0b_gaussian_blur_best,file,18,baseline_gaussian_blur,2038,036.Northern_Flicker/Northern_Flicker_0118_28500.jpg,36,35,036.Northern_Flicker,24,23,gaussian_blur,gaussian_blur,0,"{""sigma"":1.956087}",0.77755553,1.4950639,0.71750838,0.45952794,0.22423428,0.042225856,0.026865011,0.41730208,0.19736927,-0.21993281,0.71478349,1.6240374,66.627249,108.20514,False,0.95699281,True,True,True,0.71478349,1.6240374,66.627249,108.20514,0.70481197,1.6325666,65.014351,106.14026,0.94441914,1.4437947,14.571358,21.038051,0.60370205,3.5164209,9.2342633,32.471556,0.59329975,1.8930749,25.981361,49.184663,0.7459542,1.8097621,32.824551,59.40463,0.73587205,1.4191179,31.65553,44.922931,0.80661628,1.2722929,37.242977,47.383974
0b_gaussian_blur_best,file,18,baseline_gaussian_blur,6845,117.Clay_colored_Sparrow/Clay_Colored_Sparrow_0066_110819.jpg,117,116,117.Clay_colored_Sparrow,116,115,identity,identity,0,{},3.5545354,3.5545354,0,0.028594662,0.028594662,0.4229573,0.4229573,-0.39436264,-0.39436264,0,1,1,173.63536,173.63536,False,1,True,False,False,1,1,173.63536,173.63536,1,1,170.4424,170.4424,1,1,33.14557,33.14557,1,1,29.937505,29.937505,1,1,80.461715,80.461715,1,1,95.141963,95.141963,1,1,83.904499,83.904499,1,1,74.755003,74.755003
0b_gaussian_blur_best,file,18,baseline_gaussian_blur,6845,117.Clay_colored_Sparrow/Clay_Colored_Sparrow_0066_110819.jpg,117,116,117.Clay_colored_Sparrow,116,115,gaussian_blur,gaussian_blur,0,"{""sigma"":1.108901}",3.5545354,3.0190175,-0.53551793,0.028594662,0.048849195,0.4229573,0.43018603,-0.39436264,-0.38133684,0.013025802,0.8526379,1.0298622,173.63536,178.82051,False,0.98559725,True,False,False,0.8526379,1.0298622,173.63536,178.82051,0.84777172,1.0300185,170.4424,175.55882,0.9818586,1.0257213,33.14557,33.998119,0.75025434,1.2588955,29.937505,37.688189,0.80559432,1.1181027,80.461715,89.964459,0.82635287,1.0081299,95.141963,95.915458,0.88862952,0.97916724,83.904499,82.156537,0.91802075,0.97912428,74.755003,73.194438
0b_gaussian_blur_best,file,18,baseline_gaussian_blur,7382,126.Nelson_Sharp_tailed_Sparrow/Nelson_Sharp_Tailed_Sparrow_0015_796922.jpg,126,125,126.Nelson_Sharp_tailed_Sparrow,124,123,identity,identity,0,{},0.028744463,0.028744463,0,0.97166473,0.97166473,0.026085408,0.026085408,0.94557932,0.94557932,0,1,1,6.0710958,6.0710958,False,1,True,True,True,1,1,6.0710958,6.0710958,1,1,5.9348367,5.9348367,1,1,1.2790298,1.2790298,1,1,0.86778477,0.86778477,1,1,2.4828488,2.4828488,1,1,3.4749866,3.4749866,1,1,2.8636012,2.8636012,1,1,2.8335409,2.8335409
0b_gaussian_blur_best,file,18,baseline_gaussian_blur,7382,126.Nelson_Sharp_tailed_Sparrow/Nelson_Sharp_Tailed_Sparrow_0015_796922.jpg,126,125,126.Nelson_Sharp_tailed_Sparrow,124,123,gaussian_blur,gaussian_blur,0,"{""sigma"":1.963424}",0.028744463,0.14206302,0.11331856,0.97166473,0.86756659,0.026085408,0.12785518,0.94557932,0.7397114,-0.20586791,0.78899637,5.9842172,6.0710958,36.330755,False,0.96641946,True,True,True,0.78899637,5.9842172,6.0710958,36.330755,0.7826383,6.0252198,5.9348367,35.758695,0.9659353,5.0208355,1.2790298,6.4217981,0.63310796,8.5697942,0.86778477,7.4367369,0.67290438,7.1246694,2.4828488,17.689477,0.81443917,6.2675894,3.4749866,21.779789,0.8143749,5.4255382,2.8636012,15.536578,0.87458692,4.9246192,2.8335409,13.95411
0b_gaussian_blur_best,file,18,baseline_gaussian_blur,3016,053.Western_Grebe/Western_Grebe_0046_36118.jpg,53,52,053.Western_Grebe,86,85,identity,identity,0,{},0.36366946,0.36366946,0,0.69512093,0.69512093,0.11917643,0.11917643,0.57594451,0.57594451,0,1,1,40.898548,40.898548,False,1,True,True,True,1,1,40.898548,40.898548,1,1,39.637391,39.637391,1,1,10.078115,10.078115,1,1,7.0887241,7.0887241,1,1,14.28213,14.28213,1,1,19.668947,19.668947,1,1,21.250666,21.250666,1,1,21.873163,21.873163
0b_gaussian_blur_best,file,18,baseline_gaussian_blur,3016,053.Western_Grebe/Western_Grebe_0046_36118.jpg,53,52,053.Western_Grebe,86,85,gaussian_blur,gaussian_blur,0,"{""sigma"":1.58686}",0.36366946,1.5122225,1.1485531,0.69512093,0.22041954,0.11917643,0.59836841,0.57594451,-0.37794887,-0.95389337,0.6511101,3.1338558,40.898548,128.17015,False,0.97620976,False,True,False,0.6511101,3.1338558,40.898548,128.17015,0.6365633,3.1513666,39.637391,124.91195,0.90310787,2.8493125,10.078115,28.715699,0.38486421,4.1410564,7.0887241,29.354806,0.3587401,3.4103328,14.28213,48.706815,0.60354194,3.2376965,19.668947,63.682079,0.70836312,2.9269354,21.250666,62.199329,0.77477904,3.0479879,21.873163,66.669136
0b_gaussian_blur_best,file,18,baseline_gaussian_blur,5196,089.Hooded_Merganser/Hooded_Merganser_0032_79032.jpg,89,88,089.Hooded_Merganser,147,146,identity,identity,0,{},6.1629304e-05,6.1629304e-05,0,0.99993837,0.99993837,1.2475856e-05,1.2475856e-05,0.99992589,0.99992589,0,1,1,0.0080352954,0.0080352954,False,1,True,True,True,1,1,0.0080352954,0.0080352954,1,1,0.0077591621,0.0077591621,1,1,0.0020883909,0.0020883909,1,1,0.0013772461,0.0013772461,1,1,0.0025341726,0.0025341726,1,1,0.0030965182,0.0030965182,1,1,0.0037702238,0.0037702238,1,1,0.0052993156,0.0052993156
0b_gaussian_blur_best,file,18,baseline_gaussian_blur,5196,089.Hooded_Merganser/Hooded_Merganser_0032_79032.jpg,89,88,089.Hooded_Merganser,147,146,gaussian_blur,gaussian_blur,0,"{""sigma"":1.14277}",6.1629304e-05,3.0159496e-05,-3.1469808e-05,0.99993837,0.99996984,1.2475856e-05,7.910302e-06,0.99992589,0.99996193,3.6036807e-05,0.84632436,0.54943162,0.0080352954,0.0044148454,False,0.99702054,True,True,True,0.84632436,0.54943162,0.0080352954,0.0044148454,0.83625345,0.55153392,0.0077591621,0.0042794411,0.99531858,0.51954284,0.0020883909,0.0010850086,0.83371616,1.0687638,0.0013772461,0.0014719509,0.68398153,0.56321959,0.0025341726,0.0014272957,0.74464626,0.57020732,0.0030965182,0.0017656574,0.84041916,0.52091405,0.0037702238,0.0019639626,0.94023642,0.50405801,0.0052993156,0.0026711624
0b_gaussian_blur_best,file,18,baseline_gaussian_blur,4439,077.Tropical_Kingbird/Tropical_Kingbird_0102_69654.jpg,77,76,077.Tropical_Kingbird,103,102,identity,identity,0,{},0.29497731,0.29497731,0,0.7445485,0.7445485,0.090242438,0.090242438,0.65430606,0.65430606,0,1,1,34.552646,34.552646,False,0.99999988,True,True,True,1,1,34.552646,34.552646,1,1,33.966338,33.966338,1,1,6.3382352,6.3382352,1,1,6.6913433,6.6913433,1,1,14.81203,14.81203,1,1,18.007078,18.007078,1,1,17.476971,17.476971,1,1,16.119628,16.119628
0b_gaussian_blur_best,file,18,baseline_gaussian_blur,4439,077.Tropical_Kingbird/Tropical_Kingbird_0102_69654.jpg,77,76,077.Tropical_Kingbird,103,102,gaussian_blur,gaussian_blur,0,"{""sigma"":1.366566}",0.29497731,0.29795247,0.0029751658,0.7445485,0.74233663,0.090242438,0.073096581,0.65430606,0.66924005,0.014933988,0.85041743,0.97009224,34.552646,33.519254,False,0.98917741,True,True,True,0.85041743,0.97009224,34.552646,33.519254,0.84560026,0.96778328,33.966338,32.872054,0.98168111,1.0342045,6.3382352,6.5550315,0.66834958,1.3626326,6.6913433,9.1178428,0.76636423,1.0094007,14.81203,14.951274,0.85375321,0.92566816,18.007078,16.668579,0.89436248,0.90936664,17.476971,15.892975,0.9103762,0.96797919,16.119628,15.603465
0b_gaussian_blur_best,file,18,baseline_gaussian_blur,11759,200.Common_Yellowthroat/Common_Yellowthroat_0088_190594.jpg,200,199,200.Common_Yellowthroat,168,167,identity,identity,0,{},0.16974947,0.16974947,0,0.84387618,0.84387618,0.045012198,0.045012198,0.79886398,0.79886398,0,1,1,23.313986,23.313986,False,1,True,True,True,1,1,23.313986,23.313986,1,1,22.825371,22.825371,1,1,4.7480936,4.7480936,1,1,5.1675276,5.1675276,1,1,9.7339876,9.7339876,1,1,11.408573,11.408573,1,1,11.231964,11.231964,1,1,11.967922,11.967922
0b_gaussian_blur_best,file,18,baseline_gaussian_blur,11759,200.Common_Yellowthroat/Common_Yellowthroat_0088_190594.jpg,200,199,200.Common_Yellowthroat,168,167,gaussian_blur,gaussian_blur,0,"{""sigma"":1.345901}",0.16974947,0.14697394,-0.022775531,0.84387618,0.86331648,0.045012198,0.047568094,0.79886398,0.81574838,0.016884398,0.83445766,1.0165513,23.313986,23.699863,False,0.98547184,True,True,True,0.83445766,1.0165513,23.313986,23.699863,0.82856425,1.0191988,22.825371,23.263591,0.98185606,0.95332054,4.7480936,4.5264552,0.46449014,1.0737521,5.1675276,5.5486435,0.79708254,1.1536106,9.7339876,11.229231,0.83933002,1.06313,11.408573,12.128797,0.85842899,0.93860742,11.231964,10.542405,0.90595979,0.93815082,11.967922,11.227716
0b_gaussian_blur_best,file,18,baseline_gaussian_blur,11421,194.Cactus_Wren/Cactus_Wren_0034_185817.jpg,194,193,194.Cactus_Wren,36,35,identity,identity,0,{},0.064748101,0.064748101,0,0.93730354,0.93730354,0.031037465,0.031037465,0.90626608,0.90626608,0,1,1,9.8001296,9.8001296,False,1.0000001,True,True,True,1,1,9.8001296,9.8001296,1,1,9.613272,9.613272,1,1,1.9046105,1.9046105,1,1,1.9825776,1.9825776,1,1,4.3393135,4.3393135,1,1,4.8326631,4.8326631,1,1,4.7616396,4.7616396,1,1,4.8607509,4.8607509
0b_gaussian_blur_best,file,18,baseline_gaussian_blur,11421,194.Cactus_Wren/Cactus_Wren_0034_185817.jpg,194,193,194.Cactus_Wren,36,35,gaussian_blur,gaussian_blur,0,"{""sigma"":1.826454}",0.064748101,0.043341745,-0.021406356,0.93730354,0.95758408,0.031037465,0.028162763,0.90626608,0.92942132,0.023155242,0.67599401,0.75003329,9.8001296,7.3504235,False,0.9584229,True,True,True,0.67599401,0.75003329,9.8001296,7.3504235,0.66488574,0.74880631,9.613272,7.1984788,0.94800965,0.78064172,1.9046105,1.4868184,0.71175687,0.92847034,1.9825776,1.8407645,0.50631882,0.78958578,4.3393135,3.4262602,0.64014763,0.72733741,4.8326631,3.5149766,0.70702441,0.72022178,4.7616396,3.4294366,0.78125005,0.72952305,4.8607509,3.5460298
0b_gaussian_blur_best,file,18,baseline_gaussian_blur,3928,068.Ruby_throated_Hummingbird/Ruby_Throated_Hummingbird_0079_58075.jpg,68,67,068.Ruby_throated_Hummingbird,78,77,identity,identity,0,{},2.0772507,2.0772507,0,0.12527415,0.12527415,0.44849494,0.44849494,-0.32322079,-0.32322079,0,1,1,161.52708,161.52708,False,1,True,False,False,1,1,161.52708,161.52708,1,1,159.19338,159.19338,1,1,27.358085,27.358085,1,1,51.419058,51.419058,1,1,60.744184,60.744184,1,1,76.466055,76.466055,1,1,82.296051,82.296051,1,1,79.931593,79.931593
0b_gaussian_blur_best,file,18,baseline_gaussian_blur,3928,068.Ruby_throated_Hummingbird/Ruby_Throated_Hummingbird_0079_58075.jpg,68,67,068.Ruby_throated_Hummingbird,78,77,gaussian_blur,gaussian_blur,0,"{""sigma"":1.308469}",2.0772507,1.420002,-0.65724874,0.12527415,0.24171352,0.44849494,0.065055728,-0.32322079,0.1766578,0.49987859,0.73375422,0.91724234,161.52708,148.15948,False,0.96999264,False,False,True,0.73375422,0.91724234,161.52708,148.15948,0.72966406,0.91978116,159.19338,146.42307,0.89191214,0.82669084,27.358085,22.616678,0.80132179,1.1307221,51.419058,58.140665,0.67373339,0.9488194,60.744184,57.63526,0.6855611,0.92171219,76.466055,70.479695,0.71831868,0.87439308,82.296051,71.959098,0.79484182,0.84778391,79.931593,67.764718
0b_gaussian_blur_best,file,18,baseline_gaussian_blur,7969,136.Barn_Swallow/Barn_Swallow_0042_132043.jpg,136,135,136.Barn_Swallow,135,134,identity,identity,0,{},7.2010627,7.2010627,0,0.00074579281,0.00074579281,0.77481443,0.77481443,-0.77406863,-0.77406863,0,1,1,208.61201,208.61201,False,1,True,False,False,1,1,208.61201,208.61201,1,1,204.44502,204.44502,1,1,41.487418,41.487418,1,1,43.241412,43.241412,1,1,90.372781,90.372781,1,1,105.06785,105.06785,1,1,103.1802,103.1802,1,1,100.37579,100.37579
0b_gaussian_blur_best,file,18,baseline_gaussian_blur,7969,136.Barn_Swallow/Barn_Swallow_0042_132043.jpg,136,135,136.Barn_Swallow,135,134,gaussian_blur,gaussian_blur,0,"{""sigma"":1.226151}",7.2010627,5.9808464,-1.2202163,0.00074579281,0.0025266868,0.77481443,0.23215866,-0.77406863,-0.22963197,0.54443666,0.73273144,0.78919719,208.61201,164.63601,False,0.97928953,False,False,False,0.73273144,0.78919719,208.61201,164.63601,0.72995148,0.78069114,204.44502,159.60841,0.80387391,0.97319568,41.487418,40.375376,0.56267954,0.83859883,43.241412,36.262197,0.60371573,0.74642587,90.372781,67.456582,0.72877084,0.72068438,105.06785,75.720757,0.77540578,0.77566116,103.1802,80.032873,0.81322519,0.86109126,100.37579,86.432714
0b_gaussian_blur_best,file,18,baseline_gaussian_blur,1491,027.Shiny_Cowbird/Shiny_Cowbird_0070_796832.jpg,27,26,027.Shiny_Cowbird,107,106,identity,identity,0,{},7.5653586,7.5653586,0,0.00051809166,0.00051809166,0.88470656,0.88470656,-0.88418847,-0.88418847,0,1,1,176.32207,176.32207,False,0.99999994,True,False,False,1,1,176.32207,176.32207,1,1,171.68885,171.68885,1,1,40.154804,40.154804,1,1,38.959979,38.959979,1,1,56.922806,56.922806,1,1,84.237734,84.237734,1,1,94.892215,94.892215,1,1,92.835601,92.835601
0b_gaussian_blur_best,file,18,baseline_gaussian_blur,1491,027.Shiny_Cowbird/Shiny_Cowbird_0070_796832.jpg,27,26,027.Shiny_Cowbird,107,106,gaussian_blur,gaussian_blur,0,"{""sigma"":1.999933}",7.5653586,7.9198694,0.35451078,0.00051809166,0.00036344968,0.88470656,0.94462836,-0.88418847,-0.94426491,-0.060076443,0.77059671,1.218985,176.32207,214.93395,False,0.98258615,True,False,False,0.77059671,1.218985,176.32207,214.93395,0.76124362,1.2278536,171.68885,210.80878,0.98150808,1.0436547,40.154804,41.90775,0.39076248,1.6860472,38.959979,65.688364,0.51242399,1.4622654,56.922806,83.236247,0.79204707,1.2906627,84.237734,108.7225,0.84855109,1.1259423,94.892215,106.84316,0.89224333,1.075074,92.835601,99.805144
0b_gaussian_blur_best,file,18,baseline_gaussian_blur,6000,103.Sayornis/Sayornis_0076_98941.jpg,103,102,103.Sayornis,198,197,identity,identity,0,{},0.073828481,0.073828481,0,0.92883098,0.92883098,0.037327439,0.037327439,0.89150354,0.89150354,0,1,1,13.42532,13.42532,False,1.0000001,True,True,True,1,1,13.42532,13.42532,1,1,13.194172,13.194172,1,1,2.480534,2.480534,1,1,3.335084,3.335084,1,1,5.8594075,5.8594075,1,1,6.9356629,6.9356629,1,1,6.2880669,6.2880669,1,1,6.4021504,6.4021504
0b_gaussian_blur_best,file,18,baseline_gaussian_blur,6000,103.Sayornis/Sayornis_0076_98941.jpg,103,102,103.Sayornis,198,197,gaussian_blur,gaussian_blur,0,"{""sigma"":1.549328}",0.073828481,0.14626552,0.072437041,0.92883098,0.86392826,0.037327439,0.039458651,0.89150354,0.82446961,-0.067033935,0.76600391,1.5904122,13.42532,21.351793,False,0.97465938,True,True,True,0.76600391,1.5904122,13.42532,21.351793,0.75917127,1.5832211,13.194172,20.889291,0.94291739,1.7818822,2.480534,4.4200193,0.75725678,1.7483681,3.335084,5.8309545,0.59906001,1.550934,5.8594075,9.0875544,0.74762105,1.546639,6.9356629,10.726966,0.80601632,1.5467051,6.2880669,9.7257854,0.85885891,1.6391075,6.4021504,10.493813
0b_gaussian_blur_best,file,18,baseline_gaussian_blur,3208,056.Pine_Grosbeak/Pine_Grosbeak_0068_38981.jpg,56,55,056.Pine_Grosbeak,185,184,identity,identity,0,{},0.0013166339,0.0013166339,0,0.99868423,0.99868423,0.0004581135,0.0004581135,0.99822611,0.99822611,0,1,1,0.22570708,0.22570708,False,0.99999988,True,True,True,1,1,0.22570708,0.22570708,1,1,0.21962518,0.21962518,1,1,0.052042941,0.052042941,1,1,0.033513801,0.033513801,1,1,0.091568339,0.091568339,1,1,0.12607831,0.12607831,1,1,0.10422447,0.10422447,1,1,0.10940203,0.10940203
0b_gaussian_blur_best,file,18,baseline_gaussian_blur,3208,056.Pine_Grosbeak/Pine_Grosbeak_0068_38981.jpg,56,55,056.Pine_Grosbeak,185,184,gaussian_blur,gaussian_blur,0,"{""sigma"":1.230017}",0.0013166339,0.0026597145,0.0013430807,0.99868423,0.99734384,0.0004581135,0.001238023,0.99822611,0.99610582,-0.0021202988,0.85684065,2.3492012,0.22570708,0.53023136,False,0.99292868,True,True,True,0.85684065,2.3492012,0.22570708,0.53023136,0.85084274,2.3634903,0.21962518,0.519082,0.9850703,2.0783365,0.052042941,0.10816275,0.6770797,3.0651255,0.033513801,0.10272401,0.69993204,2.5098613,0.091568339,0.22982383,0.89295941,2.4513071,0.12607831,0.30905666,0.88447709,2.3260299,0.10422447,0.24242923,0.91562383,2.0801028,0.10940203,0.22756747
0b_gaussian_blur_best,file,18,baseline_gaussian_blur,5522,095.Baltimore_Oriole/Baltimore_Oriole_0045_88178.jpg,95,94,095.Baltimore_Oriole,96,95,identity,identity,0,{},0.010926063,0.010926063,0,0.98913342,0.98913342,0.0029347509,0.0029347509,0.98619867,0.98619867,0,1,1,1.371829,1.371829,False,1.0000002,True,True,True,1,1,1.371829,1.371829,1,1,1.3435691,1.3435691,1,1,0.27701443,0.27701443,1,1,0.24376664,0.24376664,1,1,0.44611976,0.44611976,1,1,0.5822708,0.5822708,1,1,0.73791001,0.73791001,1,1,0.81436009,0.81436009
0b_gaussian_blur_best,file,18,baseline_gaussian_blur,5522,095.Baltimore_Oriole/Baltimore_Oriole_0045_88178.jpg,95,94,095.Baltimore_Oriole,96,95,gaussian_blur,gaussian_blur,0,"{""sigma"":1.494061}",0.010926063,0.0036390291,-0.0072870341,0.98913342,0.99636757,0.0029347509,0.00083971926,0.98619867,0.99552785,0.0093291877,0.85934106,0.33991936,1.371829,0.46631123,False,0.99020863,True,True,True,0.85934106,0.33991936,1.371829,0.46631123,0.85367008,0.33906716,1.3435691,0.45556015,0.98659724,0.35938412,0.27701443,0.099554588,0.80374834,0.54035905,0.24376664,0.13172151,0.67311775,0.33909353,0.44611976,0.15127632,0.8156679,0.33563148,0.5822708,0.19542841,0.87979481,0.31854831,0.73791001,0.23505999,0.93016565,0.33371215,0.81436009,0.27176185
0b_gaussian_blur_best,file,18,baseline_gaussian_blur,8626,147.Least_Tern/Least_Tern_0020_153458.jpg,147,146,147.Least_Tern,146,145,identity,identity,0,{},0.10788873,0.10788873,0,0.89772749,0.89772749,0.040699594,0.040699594,0.8570279,0.8570279,0,1,1,13.076583,13.076583,False,1,True,True,True,1,1,13.076583,13.076583,1,1,12.748649,12.748649,1,1,2.9101526,2.9101526,1,1,2.0299446,2.0299446,1,1,5.8571184,5.8571184,1,1,6.6768525,6.6768525,1,1,5.9800927,5.9800927,1,1,6.6151089,6.6151089
0b_gaussian_blur_best,file,18,baseline_gaussian_blur,8626,147.Least_Tern/Least_Tern_0020_153458.jpg,147,146,147.Least_Tern,146,145,gaussian_blur,gaussian_blur,0,"{""sigma"":1.487267}",0.10788873,0.044130001,-0.063758727,0.89772749,0.95682955,0.040699594,0.023193516,0.8570279,0.93363603,0.076608136,0.80857337,0.4539191,13.076583,5.9357109,False,0.97875202,True,True,True,0.80857337,0.4539191,13.076583,5.9357109,0.79999878,0.45257078,12.748649,5.7696659,0.96526902,0.47905985,2.9101526,1.3941373,0.62169102,0.56991335,2.0299446,1.1568925,0.7331675,0.48091671,5.8571184,2.8167862,0.81888875,0.45975654,6.6768525,3.0697266,0.80575687,0.42332468,5.9800927,2.5315208,0.86162129,0.43247417,6.6151089,2.8608637
0b_gaussian_blur_best,file,18,baseline_gaussian_blur,1332,024.Red_faced_Cormorant/Red_Faced_Cormorant_0036_796329.jpg,24,23,024.Red_faced_Cormorant,5,4,identity,identity,0,{},0.23108181,0.23108181,0,0.79367453,0.79367453,0.041137367,0.041137367,0.75253716,0.75253716,0,1,1,31.569714,31.569714,False,1,True,True,True,1,1,31.569714,31.569714,1,1,30.959774,30.959774,1,1,6.1756999,6.1756999,1,1,10.144112,10.144112,1,1,12.255373,12.255373,1,1,13.59702,13.59702,1,1,15.628312,15.628312,1,1,16.621893,16.621893
0b_gaussian_blur_best,file,18,baseline_gaussian_blur,1332,024.Red_faced_Cormorant/Red_Faced_Cormorant_0036_796329.jpg,24,23,024.Red_faced_Cormorant,5,4,gaussian_blur,gaussian_blur,0,"{""sigma"":1.877508}",0.23108181,0.11413909,-0.11694273,0.79367453,0.89213383,0.041137367,0.013193933,0.75253716,0.8789399,0.12640274,0.84465493,0.57734064,31.569714,18.226479,False,0.98858571,True,True,True,0.84465493,0.57734064,31.569714,18.226479,0.83973003,0.57775799,30.959774,17.887257,0.97098055,0.56675112,6.1756999,3.5000848,0.6977692,0.5535936,10.144112,5.6157155,0.77281066,0.56716591,12.255373,6.9508296,0.83309073,0.58919023,13.59702,8.0112315,0.86760599,0.59210941,15.628312,9.2536705,0.90682137,0.57167281,16.621893,9.5022844
0b_gaussian_blur_best,file,18,baseline_gaussian_blur,3799,066.Western_Gull/Western_Gull_0080_53445.jpg,66,65,066.Western_Gull,59,58,identity,identity,0,{},0.00910783,0.00910783,0,0.99093354,0.99093354,0.0064509627,0.0064509627,0.98448257,0.98448257,0,1,1,1.333963,1.333963,False,1,True,True,True,1,1,1.333963,1.333963,1,1,1.2764168,1.2764168,1,1,0.38757872,0.38757872,1,1,0.22301423,0.22301423,1,1,0.6748059,0.6748059,1,1,0.64592623,0.64592623,1,1,0.57402511,0.57402511,1,1,0.61434198,0.61434198
0b_gaussian_blur_best,file,18,baseline_gaussian_blur,3799,066.Western_Gull/Western_Gull_0080_53445.jpg,66,65,066.Western_Gull,59,58,gaussian_blur,gaussian_blur,0,"{""sigma"":1.510184}",0.00910783,0.0098438533,0.0007360233,0.99093354,0.99020445,0.0064509627,0.0083175208,0.98448257,0.98188693,-0.0025956421,0.88560299,1.2096969,1.333963,1.6136908,False,0.99346113,True,True,True,0.88560299,1.2096969,1.333963,1.6136908,0.8764519,1.2106466,1.2764168,1.5452897,0.98582544,1.1993484,0.38757872,0.46484191,0.66055957,1.6291859,0.22301423,0.36333162,0.8772981,1.2608891,0.6748059,0.85085541,0.9002848,1.2128789,0.64592623,0.78343029,0.87831426,1.1399303,0.57402511,0.65434859,0.89762862,1.139454,0.61434198,0.70001444
0b_gaussian_blur_best,file,18,baseline_gaussian_blur,861,016.Painted_Bunting/Painted_Bunting_0028_15205.jpg,16,15,016.Painted_Bunting,14,13,identity,identity,0,{},0.007272793,0.007272793,0,0.99275357,0.99275357,0.0012445847,0.0012445847,0.99150898,0.99150898,0,1,1,1.1326402,1.1326402,False,1,True,True,True,1,1,1.1326402,1.1326402,1,1,1.112486,1.112486,1,1,0.2127175,0.2127175,1,1,0.17809819,0.17809819,1,1,0.39748398,0.39748398,1,1,0.57924272,0.57924272,1,1,0.58140998,0.58140998,1,1,0.61184391,0.61184391
0b_gaussian_blur_best,file,18,baseline_gaussian_blur,861,016.Painted_Bunting/Painted_Bunting_0028_15205.jpg,16,15,016.Painted_Bunting,14,13,gaussian_blur,gaussian_blur,0,"{""sigma"":1.598098}",0.007272793,0.013221686,0.0059488928,0.99275357,0.98686534,0.0012445847,0.001793646,0.99150898,0.9850717,-0.006437285,0.85493972,2.013763,1.1326402,2.280869,False,0.98725307,True,True,True,0.85493972,2.013763,1.1326402,2.280869,0.85093036,2.0211178,1.112486,2.2484653,0.98351593,1.8009903,0.2127175,0.38310215,0.65871092,3.0275193,0.17809819,0.53919569,0.71806376,2.1647018,0.39748398,0.86043428,0.87462309,2.0669133,0.57924272,1.1972445,0.87303998,1.9483722,0.58140998,1.132803,0.91195613,1.8691462,0.61184391,1.1436257
0b_gaussian_blur_best,file,18,baseline_gaussian_blur,8361,143.Caspian_Tern/Caspian_Tern_0101_145164.jpg,143,142,143.Caspian_Tern,145,144,identity,identity,0,{},0.43851513,0.43851513,0,0.64499342,0.64499342,0.34967634,0.34967634,0.29531708,0.29531708,0,1,1,54.525914,54.525914,False,0.99999994,True,True,True,1,1,54.525914,54.525914,1,1,51.870085,51.870085,1,1,16.809806,16.809806,1,1,9.2832327,9.2832327,1,1,20.386602,20.386602,1,1,26.428264,26.428264,1,1,25.209555,25.209555,1,1,29.235918,29.235918
0b_gaussian_blur_best,file,18,baseline_gaussian_blur,8361,143.Caspian_Tern/Caspian_Tern_0101_145164.jpg,143,142,143.Caspian_Tern,145,144,gaussian_blur,gaussian_blur,0,"{""sigma"":1.375936}",0.43851513,0.35619995,-0.082315177,0.64499342,0.70033258,0.34967634,0.29607591,0.29531708,0.40425667,0.10893959,0.85313412,0.88692947,54.525914,48.36064,False,0.99421585,True,True,True,0.85313412,0.88692947,54.525914,48.36064,0.83891183,0.88996538,51.870085,46.16258,0.99421767,0.8574846,16.809806,14.41415,0.50584897,1.6754294,9.2832327,15.553401,0.70954604,0.86481125,20.386602,17.630563,0.88476939,0.87833146,26.428264,23.212776,0.8903687,0.85337881,25.209555,21.5133,0.93303227,0.82132386,29.235918,24.012157
0b_gaussian_blur_best,file,18,baseline_gaussian_blur,1973,035.Purple_Finch/Purple_Finch_0134_27526.jpg,35,34,035.Purple_Finch,119,118,identity,identity,0,{},0.093604706,0.093604706,0,0.91064268,0.91064268,0.040305,0.040305,0.87033768,0.87033768,0,1,1,15.600307,15.600307,False,0.99999988,True,True,True,1,1,15.600307,15.600307,1,1,15.381718,15.381718,1,1,2.6023688,2.6023688,1,1,2.9259564,2.9259564,1,1,7.8413149,7.8413149,1,1,7.6916372,7.6916372,1,1,7.1691606,7.1691606,1,1,7.4827583,7.4827583
0b_gaussian_blur_best,file,18,baseline_gaussian_blur,1973,035.Purple_Finch/Purple_Finch_0134_27526.jpg,35,34,035.Purple_Finch,119,118,gaussian_blur,gaussian_blur,0,"{""sigma"":1.782156}",0.093604706,0.032102909,-0.061501797,0.91064268,0.96840692,0.040305,0.010877822,0.87033768,0.95752909,0.08719141,0.81426315,0.34443132,15.600307,5.3732344,False,0.96994776,True,True,True,0.81426315,0.34443132,15.600307,5.3732344,0.80999582,0.34414681,15.381718,5.2935692,0.95943289,0.35422777,2.6023688,0.92183131,0.66814681,0.42969986,2.9259564,1.257283,0.76115047,0.34876481,7.8413149,2.7347747,0.80948115,0.34205458,7.6916372,2.6309597,0.82312098,0.32156674,7.1691606,2.3053636,0.88572648,0.34657693,7.4827583,2.5933514
0b_gaussian_blur_best,file,18,baseline_gaussian_blur,1837,033.Yellow_billed_Cuckoo/Yellow_Billed_Cuckoo_0097_26713.jpg,33,32,033.Yellow_billed_Cuckoo,31,30,identity,identity,0,{},1.2379146,1.2379146,0,0.28998837,0.28998837,0.10011451,0.10011451,0.18987386,0.18987386,0,1,1,74.148329,74.148329,False,0.99999982,True,True,True,1,1,74.148329,74.148329,1,1,72.283272,72.283272,1,1,16.525836,16.525836,1,1,15.92825,15.92825,1,1,23.06628,23.06628,1,1,35.83299,35.83299,1,1,38.60663,38.60663,1,1,40.799927,40.799927
0b_gaussian_blur_best,file,18,baseline_gaussian_blur,1837,033.Yellow_billed_Cuckoo/Yellow_Billed_Cuckoo_0097_26713.jpg,33,32,033.Yellow_billed_Cuckoo,31,30,gaussian_blur,gaussian_blur,0,"{""sigma"":1.126798}",1.2379146,1.2723188,0.034404278,0.28998837,0.28018117,0.10011451,0.069737859,0.18987386,0.21044331,0.020569451,0.80630652,1.0754801,74.148329,79.74505,False,0.97766054,True,True,True,0.80630652,1.0754801,74.148329,79.74505,0.79855461,1.0805138,72.283272,78.103077,0.97493519,0.97418032,16.525836,16.099144,0.77545152,1.2204718,15.92825,19.43998,0.63296914,1.1899872,23.06628,27.448578,0.77855806,1.1037497,35.83299,39.550652,0.80241898,1.0546856,38.60663,40.717857,0.88125697,1.0243109,40.799927,41.79181
0b_gaussian_blur_best,file,18,baseline_gaussian_blur,4840,083.White_breasted_Kingfisher/White_Breasted_Kingfisher_0074_73408.jpg,83,82,083.White_breasted_Kingfisher,165,164,identity,identity,0,{},0.26384187,0.26384187,0,0.76809496,0.76809496,0.043046281,0.043046281,0.72504868,0.72504868,0,1,1,39.895743,39.895743,False,1,True,True,True,1,1,39.895743,39.895743,1,1,39.157543,39.157543,1,1,7.6391835,7.6391835,1,1,7.1353112,7.1353112,1,1,14.648707,14.648707,1,1,17.810371,17.810371,1,1,22.771775,22.771775,1,1,20.785881,20.785881
0b_gaussian_blur_best,file,18,baseline_gaussian_blur,4840,083.White_breasted_Kingfisher/White_Breasted_Kingfisher_0074_73408.jpg,83,82,083.White_breasted_Kingfisher,165,164,gaussian_blur,gaussian_blur,0,"{""sigma"":1.310556}",0.26384187,0.25309366,-0.010748208,0.76809496,0.77639514,0.043046281,0.025930878,0.72504868,0.75046426,0.025415588,0.83290474,1.1344089,39.895743,45.258084,False,0.97961491,True,True,True,0.83290474,1.1344089,39.895743,45.258084,0.82914377,1.1416305,39.157543,44.703444,0.97291797,0.92467083,7.6391835,7.0637302,0.79594938,1.5519678,7.1353112,11.073774,0.73107138,1.2295823,14.648707,18.011791,0.81777505,1.2774801,17.810371,22.752394,0.84921359,1.0912078,22.771775,24.848738,0.90482472,0.98149866,20.785881,20.401314
0b_gaussian_blur_best,file,18,baseline_gaussian_blur,8917,152.Blue_headed_Vireo/Blue_Headed_Vireo_0031_156056.jpg,152,151,152.Blue_headed_Vireo,157,156,identity,identity,0,{},0.24297626,0.24297626,0,0.78429013,0.78429013,0.047129907,0.047129907,0.73716023,0.73716023,0,1,1,37.563106,37.563106,False,1,True,True,True,1,1,37.563106,37.563106,1,1,36.941055,36.941055,1,1,6.8077473,6.8077473,1,1,9.5830584,9.5830584,1,1,19.403608,19.403608,1,1,18.646165,18.646165,1,1,16.929201,16.929201,1,1,16.187315,16.187315
0b_gaussian_blur_best,file,18,baseline_gaussian_blur,8917,152.Blue_headed_Vireo/Blue_Headed_Vireo_0031_156056.jpg,152,151,152.Blue_headed_Vireo,157,156,gaussian_blur,gaussian_blur,0,"{""sigma"":1.909932}",0.24297626,0.14546344,-0.097512826,0.78429013,0.86462152,0.047129907,0.022081437,0.73716023,0.84254008,0.10537986,0.78448806,0.64899458,37.563106,24.378252,False,0.97439593,True,True,True,0.78448806,0.64899458,37.563106,24.378252,0.7788256,0.64873994,36.941055,23.965138,0.94931452,0.65644827,6.8077473,4.468934,0.69563976,0.74721284,9.5830584,7.1605843,0.77711,0.72228474,19.403608,14.01493,0.76586311,0.60525402,18.646165,11.285667,0.78234254,0.58695397,16.929201,9.9366619,0.84816831,0.61940895,16.187315,10.026568
0b_gaussian_blur_best,file,18,baseline_gaussian_blur,2827,049.Boat_tailed_Grackle/Boat_Tailed_Grackle_0067_34032.jpg,49,48,049.Boat_tailed_Grackle,27,26,identity,identity,0,{},3.8114843,3.8114843,0,0.022115326,0.022115326,0.4346419,0.4346419,-0.41252657,-0.41252657,0,1,1,159.24083,159.24083,False,1,True,False,False,1,1,159.24083,159.24083,1,1,155.37568,155.37568,1,1,34.871753,34.871753,1,1,32.176253,32.176253,1,1,66.80133,66.80133,1,1,84.203181,84.203181,1,1,77.854034,77.854034,1,1,74.111037,74.111037
0b_gaussian_blur_best,file,18,baseline_gaussian_blur,2827,049.Boat_tailed_Grackle/Boat_Tailed_Grackle_0067_34032.jpg,49,48,049.Boat_tailed_Grackle,27,26,gaussian_blur,gaussian_blur,0,"{""sigma"":1.665209}",3.8114843,2.7572134,-1.054271,0.022115326,0.063468382,0.4346419,0.67520213,-0.41252657,-0.61173375,-0.19920718,0.71432174,1.222312,159.24083,194.64197,False,0.97624671,True,False,False,0.71432174,1.222312,159.24083,194.64197,0.7055626,1.2307384,155.37568,191.22681,0.92953104,1.0410024,34.871753,36.301578,0.33130327,2.0463886,32.176253,65.845117,0.57010522,1.1863879,66.80133,79.252292,0.76719964,1.2418822,84.203181,104.57044,0.77097091,1.1840885,77.854034,92.186064,0.82812823,1.0893623,74.111037,80.733772
0b_gaussian_blur_best,file,18,baseline_gaussian_blur,5699,098.Scott_Oriole/Scott_Oriole_0068_795804.jpg,98,97,098.Scott_Oriole,95,94,identity,identity,0,{},0.094260611,0.094260611,0,0.91004556,0.91004556,0.0344433,0.0344433,0.87560226,0.87560226,0,1,1,12.891081,12.891081,False,0.99999994,True,True,True,1,1,12.891081,12.891081,1,1,12.661292,12.661292,1,1,2.4231472,2.4231472,1,1,3.0398736,3.0398736,1,1,5.0982064,5.0982064,1,1,5.9847031,5.9847031,1,1,6.5264594,6.5264594,1,1,6.8311375,6.8311375
0b_gaussian_blur_best,file,18,baseline_gaussian_blur,5699,098.Scott_Oriole/Scott_Oriole_0068_795804.jpg,98,97,098.Scott_Oriole,95,94,gaussian_blur,gaussian_blur,0,"{""sigma"":1.727876}",0.094260611,0.054627024,-0.039633587,0.91004556,0.94683826,0.0344433,0.016036706,0.87560226,0.93080155,0.05519929,0.83332822,0.78486534,12.891081,10.117762,False,0.98406541,True,True,True,0.83332822,0.78486534,12.891081,10.117762,0.82937754,0.78844198,12.661292,9.9826944,0.96725423,0.67998545,2.4231472,1.6477048,0.75608692,1.0799662,3.0398736,3.2829608,0.75948469,0.86874438,5.0982064,4.4290381,0.83573258,0.80096302,5.9847031,4.7935259,0.85567116,0.74496252,6.5264594,4.8619676,0.89233692,0.69659023,6.8311375,4.7585036
0b_gaussian_blur_best,file,18,baseline_gaussian_blur,8653,148.Green_tailed_Towhee/Green_Tailed_Towhee_0074_154915.jpg,148,147,148.Green_tailed_Towhee,174,173,identity,identity,0,{},0.3186838,0.3186838,0,0.72710544,0.72710544,0.028581662,0.028581662,0.69852378,0.69852378,0,1,1,58.288662,58.288662,False,1,True,True,True,1,1,58.288662,58.288662,1,1,57.646269,57.646269,1,1,8.6299378,8.6299378,1,1,8.0918064,8.0918064,1,1,30.381568,30.381568,1,1,29.711776,29.711776,1,1,27.454586,27.454586,1,1,26.420283,26.420283
0b_gaussian_blur_best,file,18,baseline_gaussian_blur,8653,148.Green_tailed_Towhee/Green_Tailed_Towhee_0074_154915.jpg,148,147,148.Green_tailed_Towhee,174,173,gaussian_blur,gaussian_blur,0,"{""sigma"":1.998696}",0.3186838,0.63158429,0.31290048,0.72710544,0.53174871,0.028581662,0.11150327,0.69852378,0.42024545,-0.27827833,0.67342344,1.7474809,58.288662,101.85832,False,0.95155221,True,True,True,0.67342344,1.7474809,58.288662,101.85832,0.66727102,1.742346,57.646269,100.43975,0.9217623,1.9629738,8.6299378,16.940342,0.39283464,3.5422022,8.0918064,28.662814,0.63112056,1.5701329,30.381568,47.703099,0.66498221,1.7998134,29.711776,53.475652,0.68266845,1.623269,27.454586,44.566178,0.78929483,1.7530629,26.420283,46.316418
0b_gaussian_blur_best,file,18,baseline_gaussian_blur,7111,122.Harris_Sparrow/Harris_Sparrow_0081_116574.jpg,122,121,122.Harris_Sparrow,99,98,identity,identity,0,{},0.15507658,0.15507658,0,0.85634959,0.85634959,0.023152547,0.023152547,0.83319704,0.83319704,0,1,1,29.564921,29.564921,False,0.99999988,True,True,True,1,1,29.564921,29.564921,1,1,29.281803,29.281803,1,1,4.0817347,4.0817347,1,1,6.6519241,6.6519241,1,1,13.896968,13.896968,1,1,17.716204,17.716204,1,1,13.377632,13.377632,1,1,11.279417,11.279417
0b_gaussian_blur_best,file,18,baseline_gaussian_blur,7111,122.Harris_Sparrow/Harris_Sparrow_0081_116574.jpg,122,121,122.Harris_Sparrow,99,98,gaussian_blur,gaussian_blur,0,"{""sigma"":1.067149}",0.15507658,0.18641095,0.03133437,0.85634959,0.82993245,0.023152547,0.022358268,0.83319704,0.80757418,-0.025622858,0.86240012,1.318459,29.564921,38.980137,False,0.98622626,True,True,True,0.86240012,1.318459,29.564921,38.980137,0.86047759,1.3208754,29.281803,38.677613,0.97726341,1.1874824,4.0817347,4.8469881,0.88494568,1.8035046,6.6519241,11.996775,0.80370044,1.4236034,13.896968,19.783771,0.87204456,1.2571822,17.716204,22.272497,0.88836163,1.2322262,13.377632,16.484269,0.91264751,1.2311601,11.279417,13.886768
0b_gaussian_blur_best,file,18,baseline_gaussian_blur,6416,110.Geococcyx/Geococcyx_0106_104216.jpg,110,109,110.Geococcyx,194,193,identity,identity,0,{},0.00057609176,0.00057609176,0,0.9994241,0.9994241,0.00021641441,0.00021641441,0.99920769,0.99920769,0,1,1,0.10204781,0.10204781,False,1,True,True,True,1,1,0.10204781,0.10204781,1,1,0.099895348,0.099895348,1,1,0.020848867,0.020848867,1,1,0.016756106,0.016756106,1,1,0.051321049,0.051321049,1,1,0.051013208,0.051013208,1,1,0.045551669,0.045551669,1,1,0.048858586,0.048858586
0b_gaussian_blur_best,file,18,baseline_gaussian_blur,6416,110.Geococcyx/Geococcyx_0106_104216.jpg,110,109,110.Geococcyx,194,193,gaussian_blur,gaussian_blur,0,"{""sigma"":1.485685}",0.00057609176,0.023910852,0.02333476,0.9994241,0.97637272,0.00021641441,0.013844919,0.99920769,0.9625278,-0.036679886,0.74502832,48.636763,0.10204781,4.9632752,False,0.95184636,True,True,True,0.74502832,48.636763,0.10204781,4.9632752,0.7381713,48.861847,0.099895348,4.8810712,0.92885139,43.147666,0.020848867,0.89957997,0.45770406,101.27462,0.016756106,1.6969684,0.65052119,42.652122,0.051321049,2.1889516,0.82771353,52.329683,0.051013208,2.669505,0.78598136,47.04329,0.045551669,2.1429004,0.82019417,43.104625,0.048858586,2.106031
0b_gaussian_blur_best,file,18,baseline_gaussian_blur,2343,041.Scissor_tailed_Flycatcher/Scissor_Tailed_Flycatcher_0126_41905.jpg,41,40,041.Scissor_tailed_Flycatcher,112,111,identity,identity,0,{},0.068488583,0.068488583,0,0.93380409,0.93380409,0.02270641,0.02270641,0.91109768,0.91109768,0,1,1,11.832158,11.832158,False,1,True,True,True,1,1,11.832158,11.832158,1,1,11.651922,11.651922,1,1,2.0573494,2.0573494,1,1,2.2001321,2.2001321,1,1,4.8918223,4.8918223,1,1,6.9319145,6.9319145,1,1,5.6781493,5.6781493,1,1,5.1675865,5.1675865
0b_gaussian_blur_best,file,18,baseline_gaussian_blur,2343,041.Scissor_tailed_Flycatcher/Scissor_Tailed_Flycatcher_0126_41905.jpg,41,40,041.Scissor_tailed_Flycatcher,112,111,gaussian_blur,gaussian_blur,0,"{""sigma"":1.863019}",0.068488583,0.037759639,-0.030728944,0.93380409,0.96294439,0.02270641,0.0067213769,0.91109768,0.95622301,0.045125327,0.73862441,0.60305005,11.832158,7.1353835,False,0.96399927,True,True,True,0.73862441,0.60305005,11.832158,7.1353835,0.73267123,0.60446229,11.651922,7.0431472,0.94880282,0.55585113,2.0573494,1.14358,0.65707603,0.93879863,2.2001321,2.065481,0.58562922,0.6307017,4.8918223,3.0852806,0.77644015,0.593394,6.9319145,4.1133564,0.75120148,0.56509776,5.6781493,3.2087095,0.82310196,0.56766699,5.1675865,2.9334683
0b_gaussian_blur_best,file,18,baseline_gaussian_blur,7633,131.Vesper_Sparrow/Vesper_Sparrow_0087_125712.jpg,131,130,131.Vesper_Sparrow,125,124,identity,identity,0,{},0.84055936,0.84055936,0,0.43146911,0.43146911,0.31627977,0.31627977,0.11518934,0.11518934,0,1,1,95.569704,95.569704,False,1,True,True,True,1,1,95.569704,95.569704,1,1,93.292785,93.292785,1,1,20.737034,20.737034,1,1,16.016075,16.016075,1,1,41.575591,41.575591,1,1,52.21929,52.21929,1,1,46.324699,46.324699,1,1,42.961231,42.961231
0b_gaussian_blur_best,file,18,baseline_gaussian_blur,7633,131.Vesper_Sparrow/Vesper_Sparrow_0087_125712.jpg,131,130,131.Vesper_Sparrow,125,124,gaussian_blur,gaussian_blur,0,"{""sigma"":1.398425}",0.84055936,0.65193146,-0.1886279,0.43146911,0.52103847,0.31627977,0.35426539,0.11518934,0.16677308,0.051583737,0.79675606,1.0459643,95.569704,99.962497,False,0.97683483,True,True,True,0.79675606,1.0459643,95.569704,99.962497,0.79120766,1.0543583,93.292785,98.364019,0.95085803,0.85861229,20.737034,17.805072,0.78905401,1.4023684,16.016075,22.460437,0.7148481,1.2143763,41.575591,50.488413,0.79717233,1.0903403,52.21929,56.936795,0.82372548,0.91561733,46.324699,42.415697,0.87082819,0.92553872,42.961231,39.762283
0b_gaussian_blur_best,file,18,baseline_gaussian_blur,1571,028.Brown_Creeper/Brown_Creeper_0115_24488.jpg,28,27,028.Brown_Creeper,190,189,identity,identity,0,{},0.0005296258,0.0005296258,0,0.99947053,0.99947053,0.0002962884,0.0002962884,0.99917424,0.99917424,0,1,1,0.12474748,0.12474748,False,1,True,True,True,1,1,0.12474748,0.12474748,1,1,0.12317986,0.12317986,1,1,0.019714336,0.019714336,1,1,0.053206952,0.053206952,1,1,0.046902462,0.046902462,1,1,0.057978061,0.057978061,1,1,0.057910298,0.057910298,1,1,0.058543992,0.058543992
0b_gaussian_blur_best,file,18,baseline_gaussian_blur,1571,028.Brown_Creeper/Brown_Creeper_0115_24488.jpg,28,27,028.Brown_Creeper,190,189,gaussian_blur,gaussian_blur,0,"{""sigma"":1.127073}",0.0005296258,0.0010278901,0.00049826433,0.99947053,0.99897265,0.0002962884,0.00053279928,0.99917424,0.99843986,-0.00073438848,0.91423494,2.0105171,0.12474748,0.25080694,False,0.99456918,True,True,True,0.91423494,2.0105171,0.12474748,0.25080694,0.91244683,2.0140345,0.12317986,0.24808849,0.99202995,1.8680263,0.019714336,0.036826898,0.96378392,2.1544189,0.053206952,0.11463006,0.82148367,2.2345866,0.046902462,0.10480761,0.88371972,1.9375655,0.057978061,0.11233629,0.9246245,1.9356836,0.057910298,0.11209601,0.95878312,1.8896328,0.058543992,0.11062665
0b_gaussian_blur_best,file,18,baseline_gaussian_blur,1952,035.Purple_Finch/Purple_Finch_0102_27308.jpg,35,34,035.Purple_Finch,195,194,identity,identity,0,{},0.16074355,0.16074355,0,0.85151041,0.85151041,0.04857434,0.04857434,0.80293607,0.80293607,0,1,1,22.154142,22.154142,False,1.0000001,True,True,True,1,1,22.154142,22.154142,1,1,21.741522,21.741522,1,1,4.2558479,4.2558479,1,1,3.5978339,3.5978339,1,1,8.6829622,8.6829622,1,1,11.543972,11.543972,1,1,10.755229,10.755229,1,1,11.636893,11.636893
0b_gaussian_blur_best,file,18,baseline_gaussian_blur,1952,035.Purple_Finch/Purple_Finch_0102_27308.jpg,35,34,035.Purple_Finch,195,194,gaussian_blur,gaussian_blur,0,"{""sigma"":1.697301}",0.16074355,0.14624225,-0.014501303,0.85151041,0.8639484,0.04857434,0.024971034,0.80293607,0.83897737,0.036041304,0.7387107,0.95593014,22.154142,21.177812,False,0.9757365,True,True,True,0.7387107,0.95593014,22.154142,21.177812,0.73125323,0.95189501,21.741522,20.695646,0.91798796,1.0557998,4.2558479,4.4933233,0.46787544,1.2730013,3.5978339,4.5800471,0.64638691,1.0215572,8.6829622,8.8701423,0.70598229,0.95640213,11.543972,11.04068,0.75011102,0.90951559,10.755229,9.7820488,0.83691603,0.9056456,11.636893,10.538901
0b_gaussian_blur_best,file,18,baseline_gaussian_blur,8012,137.Cliff_Swallow/Cliff_Swallow_0071_133742.jpg,137,136,137.Cliff_Swallow,135,134,identity,identity,0,{},0.0032699232,0.0032699232,0,0.99673539,0.99673539,0.0020887528,0.0020887528,0.99464664,0.99464664,0,1,1,0.51597381,0.51597381,False,0.99999988,True,True,True,1,1,0.51597381,0.51597381,1,1,0.49455728,0.49455728,1,1,0.14711242,0.14711242,1,1,0.08164971,0.08164971,1,1,0.20174048,0.20174048,1,1,0.24558479,0.24558479,1,1,0.25143542,0.25143542,1,1,0.27145781,0.27145781
0b_gaussian_blur_best,file,18,baseline_gaussian_blur,8012,137.Cliff_Swallow/Cliff_Swallow_0071_133742.jpg,137,136,137.Cliff_Swallow,135,134,gaussian_blur,gaussian_blur,0,"{""sigma"":1.965295}",0.0032699232,0.0020773278,-0.0011925953,0.99673539,0.9979248,0.0020887528,0.0010627561,0.99464664,0.99686205,0.0022154074,0.74399603,0.69459941,0.51597381,0.3583951,False,0.97642666,True,True,True,0.74399603,0.69459941,0.51597381,0.3583951,0.7260951,0.69948068,0.49455728,0.34593327,0.96923467,0.63683842,0.14711242,0.093686842,0.45155875,1.1215052,0.08164971,0.091570574,0.57801911,0.85960295,0.20174048,0.17341671,0.73988817,0.66140105,0.24558479,0.16243004,0.77998688,0.63193496,0.25143542,0.15889083,0.85565276,0.63358899,0.27145781,0.17199268
0b_gaussian_blur_best,file,18,baseline_gaussian_blur,11532,196.House_Wren/House_Wren_0094_187226.jpg,196,195,196.House_Wren,199,198,identity,identity,0,{},0.063190639,0.063190639,0,0.93876451,0.93876451,0.025732916,0.025732916,0.9130316,0.9130316,0,1,1,11.974083,11.974083,False,0.99999994,True,True,True,1,1,11.974083,11.974083,1,1,11.828405,11.828405,1,1,1.8621247,1.8621247,1,1,2.3996826,2.3996826,1,1,6.6311725,6.6311725,1,1,6.3498041,6.3498041,1,1,5.3971451,5.3971451,1,1,4.5531357,4.5531357
0b_gaussian_blur_best,file,18,baseline_gaussian_blur,11532,196.House_Wren/House_Wren_0094_187226.jpg,196,195,196.House_Wren,199,198,gaussian_blur,gaussian_blur,0,"{""sigma"":1.011053}",0.063190639,0.064246841,0.0010562018,0.93876451,0.93777347,0.025732916,0.033639178,0.9130316,0.90413429,-0.0088973083,0.83610122,0.91999827,11.974083,11.016136,False,0.98992854,True,True,True,0.83610122,0.91999827,11.974083,11.016136,0.83214642,0.91684069,11.828405,10.844763,0.98326602,1.0394328,1.8621247,1.9355535,0.81841423,1.0576397,2.3996826,2.5379996,0.75430938,0.79408986,6.6311725,5.2657468,0.83662101,0.93286884,6.3498041,5.9235344,0.87607888,0.94880577,5.3971451,5.1208424,0.92164988,1.0331445,4.5531357,4.7040472
0b_gaussian_blur_best,file,18,baseline_gaussian_blur,8107,139.Scarlet_Tanager/Scarlet_Tanager_0093_138250.jpg,139,138,139.Scarlet_Tanager,140,139,identity,identity,0,{},1.2801425,1.2801425,0,0.2779977,0.2779977,0.70589137,0.70589137,-0.42789367,-0.42789367,0,1,1,178.47434,178.47434,False,1,True,False,False,1,1,178.47434,178.47434,1,1,176.22049,176.22049,1,1,28.274211,28.274211,1,1,40.11773,40.11773,1,1,77.115864,77.115864,1,1,87.434969,87.434969,1,1,96.84507,96.84507,1,1,80.458251,80.458251
0b_gaussian_blur_best,file,18,baseline_gaussian_blur,8107,139.Scarlet_Tanager/Scarlet_Tanager_0093_138250.jpg,139,138,139.Scarlet_Tanager,140,139,gaussian_blur,gaussian_blur,0,"{""sigma"":1.718738}",1.2801425,1.3600368,0.079894304,0.2779977,0.25665131,0.70589137,0.73562908,-0.42789367,-0.47897777,-0.051084101,0.8675972,1.0704374,178.47434,191.04561,False,0.98136789,True,False,False,0.8675972,1.0704374,178.47434,191.04561,0.86459116,1.069631,176.22049,188.49089,0.98136751,1.1013045,28.274211,31.138515,0.83686277,1.2653296,40.11773,50.762151,0.81703394,1.1209976,77.115864,86.446699,0.86699879,1.0659295,87.434969,93.19951,0.88016899,0.99586096,96.84507,96.444225,0.90198506,1.0757455,80.458251,86.552598
0b_gaussian_blur_best,file,18,baseline_gaussian_blur,7871,135.Bank_Swallow/Bank_Swallow_0068_129806.jpg,135,134,135.Bank_Swallow,137,136,identity,identity,0,{},1.0778559,1.0778559,0,0.34032443,0.34032443,0.46249634,0.46249634,-0.12217191,-0.12217191,0,1,1,75.474045,75.474045,False,1,True,False,False,1,1,75.474045,75.474045,1,1,71.781893,71.781893,1,1,23.31719,23.31719,1,1,12.621326,12.621326,1,1,30.692816,30.692816,1,1,35.512901,35.512901,1,1,34.037681,34.037681,1,1,40.392616,40.392616
0b_gaussian_blur_best,file,18,baseline_gaussian_blur,7871,135.Bank_Swallow/Bank_Swallow_0068_129806.jpg,135,134,135.Bank_Swallow,137,136,gaussian_blur,gaussian_blur,0,"{""sigma"":1.930959}",1.0778559,1.9315939,0.85373795,0.34032443,0.14491703,0.46249634,0.16014402,-0.12217191,-0.01522699,0.10694492,0.58611907,1.1491967,75.474045,86.73452,False,0.9496541,True,False,False,0.58611907,1.1491967,75.474045,86.73452,0.56275003,1.1635133,71.781893,83.519185,0.84881863,1.0034255,23.31719,23.397063,0.33070475,1.7515185,12.621326,22.106486,0.49846876,1.3690226,30.692816,42.019158,0.61467043,1.0943216,35.512901,38.862536,0.53575913,1.0311024,34.037681,35.096336,0.64014268,1.1013661,40.392616,44.487059
0b_gaussian_blur_best,file,18,baseline_gaussian_blur,1027,019.Gray_Catbird/Gray_Catbird_0063_20707.jpg,19,18,019.Gray_Catbird,102,101,identity,identity,0,{},0.031807795,0.031807795,0,0.96869278,0.96869278,0.0060411734,0.0060411734,0.96265161,0.96265161,0,1,1,4.4466096,4.4466096,False,0.99999994,True,True,True,1,1,4.4466096,4.4466096,1,1,4.3561013,4.3561013,1,1,0.89259081,0.89259081,1,1,0.64012258,0.64012258,1,1,1.6537464,1.6537464,1,1,2.2719518,2.2719518,1,1,2.2698125,2.2698125,1,1,2.3488658,2.3488658
0b_gaussian_blur_best,file,18,baseline_gaussian_blur,1027,019.Gray_Catbird/Gray_Catbird_0063_20707.jpg,19,18,019.Gray_Catbird,102,101,gaussian_blur,gaussian_blur,0,"{""sigma"":1.85659}",0.031807795,0.021292198,-0.010515597,0.96869278,0.97893286,0.0060411734,0.00431898,0.96265161,0.97461388,0.011962271,0.80806637,0.77883681,4.4466096,3.4631832,False,0.98337454,True,True,True,0.80806637,0.77883681,4.4466096,3.4631832,0.80195187,0.78206317,4.3561013,3.4067464,0.97642208,0.69759774,0.89259081,0.62266933,0.58057333,1.1593285,0.64012258,0.74211234,0.7089149,0.89395419,1.6537464,1.4783735,0.81131627,0.81860244,2.2719518,1.8598253,0.8166316,0.71283191,2.2698125,1.6179948,0.88268254,0.71147136,2.3488658,1.6711508
0b_gaussian_blur_best,file,18,baseline_gaussian_blur,3069,053.Western_Grebe/Western_Grebe_0061_36181.jpg,53,52,053.Western_Grebe,51,50,identity,identity,0,{},0.00016354177,0.00016354177,0,0.99983644,0.99983644,4.7852867e-05,4.7852867e-05,0.99978859,0.99978859,0,1,1,0.022424553,0.022424553,False,1,True,True,True,1,1,0.022424553,0.022424553,1,1,0.021631108,0.021631108,1,1,0.0059123387,0.0059123387,1,1,0.0044519188,0.0044519188,1,1,0.0069966713,0.0069966713,1,1,0.0090378701,0.0090378701,1,1,0.010704597,0.010704597,1,1,0.014242905,0.014242905
0b_gaussian_blur_best,file,18,baseline_gaussian_blur,3069,053.Western_Grebe/Western_Grebe_0061_36181.jpg,53,52,053.Western_Grebe,51,50,gaussian_blur,gaussian_blur,0,"{""sigma"":1.31479}",0.00016354177,0.00027593144,0.00011238967,0.99983644,0.99972409,4.7852867e-05,3.7432594e-05,0.99978859,0.99968666,-0.00010193448,0.8627275,1.6787473,0.022424553,0.037645157,False,0.99359012,True,True,True,0.8627275,1.6787473,0.022424553,0.037645157,0.85457398,1.6837193,0.021631108,0.036420713,0.97760517,1.6107169,0.0059123387,0.0095231041,0.82435809,2.2863197,0.0044519188,0.01017851,0.74130217,1.689266,0.0069966713,0.011819239,0.78304373,1.5606998,0.0090378701,0.014105402,0.84738194,1.6658174,0.010704597,0.017831904,0.92357726,1.6707017,0.014242905,0.023795645
0b_gaussian_blur_best,file,18,baseline_gaussian_blur,9721,166.Golden_winged_Warbler/Golden_Winged_Warbler_0030_164462.jpg,166,165,166.Golden_winged_Warbler,165,164,identity,identity,0,{},0.074067399,0.074067399,0,0.92860913,0.92860913,0.057499636,0.057499636,0.8711095,0.8711095,0,1,1,10.36366,10.36366,False,1,True,True,True,1,1,10.36366,10.36366,1,1,10.083139,10.083139,1,1,2.3949412,2.3949412,1,1,1.3827391,1.3827391,1,1,3.1435382,3.1435382,1,1,4.5891311,4.5891311,1,1,5.9847418,5.9847418,1,1,5.7444444,5.7444444
0b_gaussian_blur_best,file,18,baseline_gaussian_blur,9721,166.Golden_winged_Warbler/Golden_Winged_Warbler_0030_164462.jpg,166,165,166.Golden_winged_Warbler,165,164,gaussian_blur,gaussian_blur,0,"{""sigma"":1.441545}",0.074067399,0.16779536,0.093727961,0.92860913,0.84552687,0.057499636,0.13015065,0.8711095,0.71537623,-0.15573327,0.84633315,2.4001523,10.36366,24.874361,False,0.9923588,True,True,True,0.84633315,2.4001523,10.36366,24.874361,0.83929891,2.4136485,10.083139,24.337154,0.99204517,2.1468881,2.3949412,5.1416708,0.6650877,4.1690691,1.3827391,5.764735,0.64968769,2.7478623,3.1435382,8.63801,0.82657314,2.5071164,4.5891311,11.505486,0.87788629,2.3928897,5.9847418,14.320827,0.92085819,2.1105324,5.7444444,12.123836
0b_gaussian_blur_best,file,18,baseline_gaussian_blur,9988,170.Mourning_Warbler/Mourning_Warbler_0051_795352.jpg,170,169,170.Mourning_Warbler,172,171,identity,identity,0,{},0.20096588,0.20096588,0,0.81794035,0.81794035,0.096033029,0.096033029,0.72190733,0.72190733,0,1,1,24.439356,24.439356,False,1.0000001,True,True,True,1,1,24.439356,24.439356,1,1,23.768037,23.768037,1,1,5.6888114,5.6888114,1,1,4.1938042,4.1938042,1,1,10.318327,10.318327,1,1,11.447222,11.447222,1,1,12.163836,12.163836,1,1,12.722653,12.722653
0b_gaussian_blur_best,file,18,baseline_gaussian_blur,9988,170.Mourning_Warbler/Mourning_Warbler_0051_795352.jpg,170,169,170.Mourning_Warbler,172,171,gaussian_blur,gaussian_blur,0,"{""sigma"":1.20633}",0.20096588,0.24461137,0.043645486,0.81794035,0.78300875,0.096033029,0.10921711,0.72190733,0.67379165,-0.048115678,0.86770064,1.2589572,24.439356,30.768103,False,0.98806596,True,True,True,0.86770064,1.2589572,24.439356,30.768103,0.86126143,1.2621257,23.768037,29.998251,0.98666631,1.2023026,5.6888114,6.8396726,0.76795903,1.8234955,4.1938042,7.6473828,0.75683291,1.2435698,10.318327,12.831559,0.85757234,1.2807661,11.447222,14.661213,0.89768733,1.2455323,12.163836,15.150451,0.92771696,1.1979117,12.722653,15.240615
0b_gaussian_blur_best,file,18,baseline_gaussian_blur,5099,088.Western_Meadowlark/Western_Meadowlark_0098_78382.jpg,88,87,088.Western_Meadowlark,128,127,identity,identity,0,{},0.020586394,0.020586394,0,0.97962403,0.97962403,0.0044317511,0.0044317511,0.97519228,0.97519228,0,1,1,2.8253161,2.8253161,False,0.99999994,True,True,True,1,1,2.8253161,2.8253161,1,1,2.7493455,2.7493455,1,1,0.65077663,0.65077663,1,1,0.46466512,0.46466512,1,1,0.98445623,0.98445623,1,1,1.2699286,1.2699286,1,1,1.4474154,1.4474154,1,1,1.6328205,1.6328205
0b_gaussian_blur_best,file,18,baseline_gaussian_blur,5099,088.Western_Meadowlark/Western_Meadowlark_0098_78382.jpg,88,87,088.Western_Meadowlark,128,127,gaussian_blur,gaussian_blur,0,"{""sigma"":1.286745}",0.020586394,0.0099963518,-0.010590042,0.97962403,0.99005347,0.0044317511,0.002050784,0.97519228,0.98800269,0.012810409,0.83190904,0.51594653,2.8253161,1.457712,False,0.98686326,True,True,True,0.83190904,0.51594653,2.8253161,1.457712,0.82364496,0.51555458,2.7493455,1.4174377,0.9774168,0.52289264,0.65077663,0.34028631,0.72842159,0.68880099,0.46466512,0.3200618,0.69221232,0.57013647,0.98445623,0.56127439,0.80355487,0.55837535,1.2699286,0.70909684,0.84583748,0.46287707,1.4474154,0.66997542,0.89962026,0.48994044,1.6328205,0.79998482
0b_gaussian_blur_best,file,18,baseline_gaussian_blur,10420,177.Prothonotary_Warbler/Prothonotary_Warbler_0082_173970.jpg,177,176,177.Prothonotary_Warbler,182,181,identity,identity,0,{},0.50554287,0.50554287,0,0.60317802,0.60317802,0.044560947,0.044560947,0.55861708,0.55861708,0,1,1,46.218945,46.218945,False,1,True,True,True,1,1,46.218945,46.218945,1,1,45.46995,45.46995,1,1,8.2870097,8.2870097,1,1,9.5003296,9.5003296,1,1,20.755529,20.755529,1,1,20.250161,20.250161,1,1,23.458955,23.458955,1,1,24.209017,24.209017
0b_gaussian_blur_best,file,18,baseline_gaussian_blur,10420,177.Prothonotary_Warbler/Prothonotary_Warbler_0082_173970.jpg,177,176,177.Prothonotary_Warbler,182,181,gaussian_blur,gaussian_blur,0,"{""sigma"":1.305988}",0.50554287,0.55907476,0.053531885,0.60317802,0.57173783,0.044560947,0.082571417,0.55861708,0.48916641,-0.069450669,0.88344915,1.1408643,46.218945,52.729544,False,0.99321461,True,True,True,0.88344915,1.1408643,46.218945,52.729544,0.8798557,1.1400792,45.46995,51.839342,0.98957554,1.1642537,8.2870097,9.6481814,0.85408951,1.3470978,9.5003296,12.797873,0.83121863,1.1857138,20.755529,24.610118,0.84983315,1.1920029,20.250161,24.138251,0.90123925,1.1019655,23.458955,25.850959,0.93339522,1.0667642,24.209017,25.825312
0b_gaussian_blur_best,file,18,baseline_gaussian_blur,3164,055.Evening_Grosbeak/Evening_Grosbeak_0069_37684.jpg,55,54,055.Evening_Grosbeak,96,95,identity,identity,0,{},0.018756878,0.018756878,0,0.98141795,0.98141795,0.0040870211,0.0040870211,0.97733093,0.97733093,0,1,1,2.476796,2.476796,False,0.99999994,True,True,True,1,1,2.476796,2.476796,1,1,2.4226435,2.4226435,1,1,0.51508912,0.51508912,1,1,0.46369946,0.46369946,1,1,0.79165211,0.79165211,1,1,1.2008397,1.2008397,1,1,1.22551,1.22551,1,1,1.4434613,1.4434613
0b_gaussian_blur_best,file,18,baseline_gaussian_blur,3164,055.Evening_Grosbeak/Evening_Grosbeak_0069_37684.jpg,55,54,055.Evening_Grosbeak,96,95,gaussian_blur,gaussian_blur,0,"{""sigma"":1.55324}",0.018756878,0.011328069,-0.0074288091,0.98141795,0.98873585,0.0040870211,0.0028964605,0.97733093,0.98583939,0.0085084613,0.83962997,0.74254153,2.476796,1.8391239,False,0.99146551,True,True,True,0.83962997,0.74254153,2.476796,1.8391239,0.83421993,0.7468519,2.4226435,1.8093559,0.98902161,0.63980585,0.51508912,0.32955703,0.61850105,1.2451411,0.46369946,0.57737125,0.67570713,0.93864075,0.79165211,0.74307694,0.8585762,0.73958866,1.2008397,0.88812743,0.87953193,0.70054828,1.22551,0.85852895,0.93444222,0.64335496,1.4434613,0.92865798
0b_gaussian_blur_best,file,18,baseline_gaussian_blur,8053,138.Tree_Swallow/Tree_Swallow_0030_134942.jpg,138,137,138.Tree_Swallow,79,78,identity,identity,0,{},1.2867478,1.2867478,0,0.27616748,0.27616748,0.18406712,0.18406712,0.092100367,0.092100367,0,1,1,117.31767,117.31767,False,1.0000001,True,True,True,1,1,117.31767,117.31767,1,1,115.64974,115.64974,1,1,19.712215,19.712215,1,1,30.60438,30.60438,1,1,49.568653,49.568653,1,1,61.946567,61.946567,1,1,55.284038,55.284038,1,1,55.565113,55.565113
0b_gaussian_blur_best,file,18,baseline_gaussian_blur,8053,138.Tree_Swallow/Tree_Swallow_0030_134942.jpg,138,137,138.Tree_Swallow,79,78,gaussian_blur,gaussian_blur,0,"{""sigma"":1.050322}",1.2867478,2.0887556,0.80200779,0.27616748,0.12384117,0.18406712,0.36189041,0.092100367,-0.23804924,-0.33014961,0.88372515,1.4149538,117.31767,165.99907,False,0.9881168,False,True,False,0.88372515,1.4149538,117.31767,165.99907,0.8815509,1.4189702,115.64974,164.10353,0.97279014,1.2689816,19.712215,25.014438,0.85560471,1.8527522,30.60438,56.702333,0.85496474,1.4361488,49.568653,71.187962,0.90450959,1.4479227,61.946567,89.693842,0.88195624,1.3506632,55.284038,74.670117,0.90430136,1.2759383,55.565113,70.897657
0b_gaussian_blur_best,file,18,baseline_gaussian_blur,8498,145.Elegant_Tern/Elegant_Tern_0004_150948.jpg,145,144,145.Elegant_Tern,147,146,identity,identity,0,{},2.9371209,2.9371209,0,0.053018145,0.053018145,0.25027406,0.25027406,-0.19725592,-0.19725592,0,1,1,117.7474,117.7474,False,1,True,False,False,1,1,117.7474,117.7474,1,1,114.75086,114.75086,1,1,26.394889,26.394889,1,1,32.059966,32.059966,1,1,51.770003,51.770003,1,1,53.208254,53.208254,1,1,54.660962,54.660962,1,1,60.339421,60.339421
0b_gaussian_blur_best,file,18,baseline_gaussian_blur,8498,145.Elegant_Tern/Elegant_Tern_0004_150948.jpg,145,144,145.Elegant_Tern,147,146,gaussian_blur,gaussian_blur,0,"{""sigma"":1.979091}",2.9371209,4.953124,2.0160031,0.053018145,0.0070613143,0.25027406,0.083097927,-0.19725592,-0.076036613,0.1212193,0.72284886,1.2446569,117.7474,146.55511,False,0.97086561,False,False,False,0.72284886,1.2446569,117.7474,146.55511,0.71299249,1.2510012,114.75086,143.55346,0.9356655,1.1179963,26.394889,29.509387,0.54415873,1.5890325,32.059966,50.944327,0.60027506,1.2133976,51.770003,62.817599,0.72305508,1.2322851,53.208254,65.56774,0.75922591,1.2192863,54.660962,66.647362,0.82115559,1.2093937,60.339421,72.974113
0b_gaussian_blur_best,file,18,baseline_gaussian_blur,6675,115.Brewer_Sparrow/Brewer_Sparrow_0046_796696.jpg,115,114,115.Brewer_Sparrow,117,116,identity,identity,0,{},0.02146548,0.02146548,0,0.97876328,0.97876328,0.019135321,0.019135321,0.95962796,0.95962796,0,1,1,4.4273067,4.4273067,False,1,True,True,True,1,1,4.4273067,4.4273067,1,1,4.3095215,4.3095215,1,1,1.0144303,1.0144303,1,1,0.79948818,0.79948818,1,1,2.0369564,2.0369564,1,1,2.5820118,2.5820118,1,1,1.9950433,1.9950433,1,1,1.7710504,1.7710504
0b_gaussian_blur_best,file,18,baseline_gaussian_blur,6675,115.Brewer_Sparrow/Brewer_Sparrow_0046_796696.jpg,115,114,115.Brewer_Sparrow,117,116,gaussian_blur,gaussian_blur,0,"{""sigma"":1.366853}",0.02146548,0.03884441,0.01737893,0.97876328,0.96190035,0.019135321,0.035902429,0.95962796,0.92599792,-0.033630038,0.85406007,1.9336627,4.4273067,8.5609178,False,0.98514962,True,True,True,0.85406007,1.9336627,4.4273067,8.5609178,0.84728804,1.9391184,4.3095215,8.3566726,0.98469481,1.8324111,1.0144303,1.8588534,0.68983474,2.8899286,0.79948818,2.3104638,0.76099727,2.0348902,2.0369564,4.1449827,0.89059095,1.9023905,2.5820118,4.9119949,0.88611427,1.8149838,1.9950433,3.6209714,0.91033356,1.7922856,1.7710504,3.1742283
0b_gaussian_blur_best,file,18,baseline_gaussian_blur,5635,097.Orchard_Oriole/Orchard_Oriole_0080_91417.jpg,97,96,097.Orchard_Oriole,95,94,identity,identity,0,{},0.091159075,0.091159075,0,0.91287249,0.91287249,0.019176353,0.019176353,0.89369614,0.89369614,0,1,1,10.043981,10.043981,False,0.99999988,True,True,True,1,1,10.043981,10.043981,1,1,9.7743809,9.7743809,1,1,2.3114986,2.3114986,1,1,1.6837868,1.6837868,1,1,3.8853588,3.8853588,1,1,4.6596263,4.6596263,1,1,4.8989354,4.8989354,1,1,5.6476266,5.6476266
0b_gaussian_blur_best,file,18,baseline_gaussian_blur,5635,097.Orchard_Oriole/Orchard_Oriole_0080_91417.jpg,97,96,097.Orchard_Oriole,95,94,gaussian_blur,gaussian_blur,0,"{""sigma"":1.668636}",0.091159075,0.10745189,0.016292818,0.91287249,0.89811975,0.019176353,0.0067833662,0.89369614,0.89133638,-0.0023597591,0.66909335,1.3496097,10.043981,13.555454,False,0.9420414,True,True,True,0.66909335,1.3496097,10.043981,13.555454,0.65695816,1.3502254,9.7743809,13.197617,0.88799861,1.3385529,2.3114986,3.094063,0.46796558,2.1419057,1.6837868,3.6065125,0.48579303,1.3368675,3.8853588,5.1942098,0.64153282,1.5089606,4.6596263,7.0311926,0.69319555,1.3127398,4.8989354,6.4310276,0.78603608,1.1664112,5.6476266,6.5874551
0b_gaussian_blur_best,file,18,baseline_gaussian_blur,2888,050.Eared_Grebe/Eared_Grebe_0004_34277.jpg,50,49,050.Eared_Grebe,8,7,identity,identity,0,{},0.097338706,0.097338706,0,0.90724868,0.90724868,0.023298634,0.023298634,0.88395004,0.88395004,0,1,1,12.399455,12.399455,False,1,True,True,True,1,1,12.399455,12.399455,1,1,12.036793,12.036793,1,1,2.9769294,2.9769294,1,1,1.92034,1.92034,1,1,4.8324864,4.8324864,1,1,5.6294412,5.6294412,1,1,5.9667603,5.9667603,1,1,7.1099162,7.1099162
0b_gaussian_blur_best,file,18,baseline_gaussian_blur,2888,050.Eared_Grebe/Eared_Grebe_0004_34277.jpg,50,49,050.Eared_Grebe,8,7,gaussian_blur,gaussian_blur,0,"{""sigma"":1.307299}",0.097338706,0.20923348,0.11189477,0.90724868,0.8112058,0.023298634,0.045266617,0.88395004,0.76593919,-0.11801085,0.84152372,2.3563552,12.399455,29.217521,False,0.98731267,True,True,True,0.84152372,2.3563552,12.399455,29.217521,0.83515134,2.3779731,12.036793,28.623168,0.98156342,1.9695645,2.9769294,5.8632546,0.70543751,3.4702916,1.92034,6.6641396,0.77010336,2.8390282,4.8324864,13.719565,0.8433267,2.589796,5.6294412,14.579104,0.86069788,2.1541835,5.9667603,12.853496,0.89945086,2.0327786,7.1099162,14.452886
0b_gaussian_blur_best,file,18,baseline_gaussian_blur,3761,065.Slaty_backed_Gull/Slaty_Backed_Gull_0032_796046.jpg,65,64,065.Slaty_backed_Gull,45,44,identity,identity,0,{},1.9783199,1.9783199,0,0.13830142,0.13830142,0.35146341,0.35146341,-0.21316199,-0.21316199,0,1,1,163.27316,163.27316,False,1,True,False,False,1,1,163.27316,163.27316,1,1,160.16969,160.16969,1,1,31.682744,31.682744,1,1,25.99312,25.99312,1,1,77.561381,77.561381,1,1,91.010467,91.010467,1,1,71.87023,71.87023,1,1,74.260923,74.260923
0b_gaussian_blur_best,file,18,baseline_gaussian_blur,3761,065.Slaty_backed_Gull/Slaty_Backed_Gull_0032_796046.jpg,65,64,065.Slaty_backed_Gull,45,44,gaussian_blur,gaussian_blur,0,"{""sigma"":1.402087}",1.9783199,2.5686502,0.59033036,0.13830142,0.076638915,0.35146341,0.19655652,-0.21316199,-0.11991761,0.093244381,0.79325523,1.3387113,163.27316,218.57563,False,0.97211653,False,False,False,0.79325523,1.3387113,163.27316,218.57563,0.79014313,1.348689,160.16969,216.0191,0.91907142,1.0520694,31.682744,33.332445,0.61518912,1.7022639,25.99312,44.24715,0.75924741,1.519333,77.561381,117.84156,0.82083959,1.3683073,91.010467,124.53028,0.81999452,1.2664739,71.87023,91.021767,0.80712775,1.1288242,74.260923,83.827527
0b_gaussian_blur_best,file,18,baseline_gaussian_blur,4768,082.Ringed_Kingfisher/Ringed_Kingfisher_0026_72867.jpg,82,81,082.Ringed_Kingfisher,80,79,identity,identity,0,{},0.0075249556,0.0075249556,0,0.99250329,0.99250329,0.0047538243,0.0047538243,0.98774946,0.98774946,0,1,1,0.89771855,0.89771855,False,1,True,True,True,1,1,0.89771855,0.89771855,1,1,0.86154622,0.86154622,1,1,0.25226316,0.25226316,1,1,0.14938897,0.14938897,1,1,0.30361903,0.30361903,1,1,0.3902135,0.3902135,1,1,0.42743978,0.42743978,1,1,0.54109979,0.54109979
0b_gaussian_blur_best,file,18,baseline_gaussian_blur,4768,082.Ringed_Kingfisher/Ringed_Kingfisher_0026_72867.jpg,82,81,082.Ringed_Kingfisher,80,79,gaussian_blur,gaussian_blur,0,"{""sigma"":1.851183}",0.0075249556,0.010864275,0.003339319,0.99250329,0.98919451,0.0047538243,0.0088866716,0.98774946,0.98030784,-0.0074416203,0.76245425,1.7566862,0.89771855,1.5770098,False,0.98628879,True,True,True,0.76245425,1.7566862,0.89771855,1.5770098,0.74537747,1.7661227,0.86154622,1.5215964,0.97847103,1.642619,0.25226316,0.41437226,0.58979356,2.9338264,0.14938897,0.4382813,0.57998759,2.0004822,0.30361903,0.60738447,0.69393956,1.8064047,0.3902135,0.70488351,0.75766001,1.6528226,0.42743978,0.70648212,0.87416515,1.6092925,0.54109979,0.8707878
0b_gaussian_blur_best,file,18,baseline_gaussian_blur,2152,038.Great_Crested_Flycatcher/Great_Crested_Flycatcher_0136_29490.jpg,38,37,038.Great_Crested_Flycatcher,170,169,identity,identity,0,{},0.96573794,0.96573794,0,0.38070217,0.38070217,0.1483994,0.1483994,0.23230277,0.23230277,0,1,1,79.933853,79.933853,False,0.99999988,True,True,True,1,1,79.933853,79.933853,1,1,77.727886,77.727886,1,1,18.649306,18.649306,1,1,19.793483,19.793483,1,1,25.877276,25.877276,1,1,39.008121,39.008121,1,1,39.92145,39.92145,1,1,43.183947,43.183947
0b_gaussian_blur_best,file,18,baseline_gaussian_blur,2152,038.Great_Crested_Flycatcher/Great_Crested_Flycatcher_0136_29490.jpg,38,37,038.Great_Crested_Flycatcher,170,169,gaussian_blur,gaussian_blur,0,"{""sigma"":1.862236}",0.96573794,1.5430999,0.57736194,0.38070217,0.21371758,0.1483994,0.12436035,0.23230277,0.089357235,-0.14294554,0.75122977,1.4746587,79.933853,117.87515,False,0.9799974,True,True,True,0.75122977,1.4746587,79.933853,117.87515,0.74086732,1.4860299,77.727886,115.50596,0.97306952,1.2608682,18.649306,23.514317,0.70697939,2.4360037,19.793483,48.216998,0.52769757,1.6599952,25.877276,42.956156,0.76117942,1.4227619,39.008121,55.499266,0.77835874,1.3675654,39.92145,54.595193,0.84943007,1.2915395,43.183947,55.773774
0b_gaussian_blur_best,file,18,baseline_gaussian_blur,4699,081.Pied_Kingfisher/Pied_Kingfisher_0106_71404.jpg,81,80,081.Pied_Kingfisher,79,78,identity,identity,0,{},0.18927686,0.18927686,0,0.82755738,0.82755738,0.066791274,0.066791274,0.76076611,0.76076611,0,1,1,32.745546,32.745546,False,0.99999994,True,True,True,1,1,32.745546,32.745546,1,1,32.34241,32.34241,1,1,5.1224301,5.1224301,1,1,8.6812336,8.6812336,1,1,15.625598,15.625598,1,1,17.906076,17.906076,1,1,14.97334,14.97334,1,1,13.478869,13.478869
0b_gaussian_blur_best,file,18,baseline_gaussian_blur,4699,081.Pied_Kingfisher/Pied_Kingfisher_0106_71404.jpg,81,80,081.Pied_Kingfisher,79,78,gaussian_blur,gaussian_blur,0,"{""sigma"":1.382606}",0.18927686,0.21164003,0.022363171,0.82755738,0.80925596,0.066791274,0.061759472,0.76076611,0.74749649,-0.013269626,0.88093037,1.1661128,32.745546,38.184999,False,0.99112624,True,True,True,0.88093037,1.1661128,32.745546,38.184999,0.87848234,1.1680482,32.34241,37.777495,0.98815548,1.0861494,5.1224301,5.5637245,0.87721327,1.6061167,8.6812336,13.943075,0.83006705,1.113835,15.625598,17.404337,0.88762028,1.1416758,17.906076,20.442934,0.90221958,1.1211872,14.97334,16.787918,0.92793562,1.1253241,13.478869,15.168096
0b_gaussian_blur_best,file,18,baseline_gaussian_blur,1229,022.Chuck_will_Widow/Chuck_Will_Widow_0050_22750.jpg,22,21,022.Chuck_will_Widow,105,104,identity,identity,0,{},1.0043573,1.0043573,0,0.36627996,0.36627996,0.60513252,0.60513252,-0.23885256,-0.23885256,0,1,1,117.392,117.392,False,1,True,False,False,1,1,117.392,117.392,1,1,113.77927,113.77927,1,1,28.899144,28.899144,1,1,17.314891,17.314891,1,1,47.231413,47.231413,1,1,60.602196,60.602196,1,1,59.860139,59.860139,1,1,56.207182,56.207182
0b_gaussian_blur_best,file,18,baseline_gaussian_blur,1229,022.Chuck_will_Widow/Chuck_Will_Widow_0050_22750.jpg,22,21,022.Chuck_will_Widow,105,104,gaussian_blur,gaussian_blur,0,"{""sigma"":1.186888}",1.0043573,0.44082159,-0.56353575,0.36627996,0.64350748,0.60513252,0.33571583,-0.23885256,0.30779165,0.54664421,0.8545741,0.5890306,117.392,69.147482,False,0.98943818,False,False,True,0.8545741,0.5890306,117.392,69.147482,0.84622804,0.59031271,113.77927,67.165347,0.98939632,0.56878734,28.899144,16.437467,0.6392601,0.88012627,17.314891,15.23929,0.73427815,0.59498572,47.231413,28.102016,0.84898873,0.5796747,60.602196,35.129559,0.89059503,0.58774379,59.860139,35.182425,0.91509821,0.56746661,56.207182,31.895699
0b_gaussian_blur_best,file,18,baseline_gaussian_blur,4770,082.Ringed_Kingfisher/Ringed_Kingfisher_0077_72872.jpg,82,81,082.Ringed_Kingfisher,79,78,identity,identity,0,{},1.0583839,1.0583839,0,0.34701616,0.34701616,0.38674766,0.38674766,-0.039731503,-0.039731503,0,1,1,87.382611,87.382611,False,1,True,False,False,1,1,87.382611,87.382611,1,1,84.293297,84.293297,1,1,23.029564,23.029564,1,1,21.90518,21.90518,1,1,36.747346,36.747346,1,1,42.845323,42.845323,1,1,41.408676,41.408676,1,1,41.530174,41.530174
0b_gaussian_blur_best,file,18,baseline_gaussian_blur,4770,082.Ringed_Kingfisher/Ringed_Kingfisher_0077_72872.jpg,82,81,082.Ringed_Kingfisher,79,78,gaussian_blur,gaussian_blur,0,"{""sigma"":1.851029}",1.0583839,0.96139419,-0.096989751,0.34701616,0.38235942,0.38674766,0.3337808,-0.039731503,0.04857862,0.088310122,0.67312629,1.1776277,87.382611,102.90418,False,0.9770025,False,False,True,0.67312629,1.1776277,87.382611,102.90418,0.65577403,1.1921948,84.293297,100.49403,0.97614359,0.96141362,23.029564,22.140936,0.32084177,1.9590748,21.90518,42.913886,0.57517762,1.221286,36.747346,44.879019,0.69897954,1.0703309,42.845323,45.858674,0.74079174,1.1308998,41.408676,46.829061,0.81574848,1.0625697,41.530174,44.128703
0b_gaussian_blur_best,file,18,baseline_gaussian_blur,822,015.Lazuli_Bunting/Lazuli_Bunting_0105_15017.jpg,15,14,015.Lazuli_Bunting,16,15,identity,identity,0,{},0.019832527,0.019832527,0,0.98036283,0.98036283,0.0048551243,0.0048551243,0.97550771,0.97550771,0,1,1,2.5812061,2.5812061,False,1,True,True,True,1,1,2.5812061,2.5812061,1,1,2.5225149,2.5225149,1,1,0.54730567,0.54730567,1,1,0.53200087,0.53200087,1,1,0.95267546,0.95267546,1,1,1.1843713,1.1843713,1,1,1.2309655,1.2309655,1,1,1.5014842,1.5014842
0b_gaussian_blur_best,file,18,baseline_gaussian_blur,822,015.Lazuli_Bunting/Lazuli_Bunting_0105_15017.jpg,15,14,015.Lazuli_Bunting,16,15,gaussian_blur,gaussian_blur,0,"{""sigma"":1.667147}",0.019832527,0.0057698605,-0.014062667,0.98036283,0.99424678,0.0048551243,0.00075264159,0.97550771,0.99349414,0.017986431,0.75769664,0.29103394,2.5812061,0.75121859,False,0.97771639,True,True,True,0.75769664,0.29103394,2.5812061,0.75121859,0.74770932,0.29102323,2.5225149,0.73411044,0.96968013,0.29126137,0.54730567,0.159409,0.61307406,0.39416297,0.53200087,0.20969504,0.58125002,0.31268008,0.95267546,0.29788263,0.6780681,0.2654933,1.1843713,0.31444265,0.78296588,0.27829142,1.2309655,0.34256712,0.86877567,0.29029505,1.5014842,0.43587343
0b_gaussian_blur_best,file,18,baseline_gaussian_blur,11174,190.Red_cockaded_Woodpecker/Red_Cockaded_Woodpecker_0029_794724.jpg,190,189,190.Red_cockaded_Woodpecker,94,93,identity,identity,0,{},2.6708198,2.6708198,0,0.069195479,0.069195479,0.65224016,0.65224016,-0.58304468,-0.58304468,0,1,1,177.44171,177.44171,False,1,True,False,False,1,1,177.44171,177.44171,1,1,175.24672,175.24672,1,1,27.823561,27.823561,1,1,43.389115,43.389115,1,1,65.433407,65.433407,1,1,99.8865,99.8865,1,1,90.988225,90.988225,1,1,79.316426,79.316426
0b_gaussian_blur_best,file,18,baseline_gaussian_blur,11174,190.Red_cockaded_Woodpecker/Red_Cockaded_Woodpecker_0029_794724.jpg,190,189,190.Red_cockaded_Woodpecker,94,93,gaussian_blur,gaussian_blur,0,"{""sigma"":1.539283}",2.6708198,2.90152,0.23070025,0.069195479,0.05493965,0.65224016,0.34675291,-0.58304468,-0.29181326,0.29123142,0.75820895,1.1501402,177.44171,204.08285,False,0.96517354,True,False,False,0.75820895,1.1501402,177.44171,204.08285,0.75500214,1.1545114,175.24672,202.32433,0.92362928,0.96081702,27.823561,26.733351,0.64984076,1.6104104,43.389115,69.874281,0.63245106,1.4644261,65.433407,95.822391,0.77138833,1.0571641,99.8865,105.59642,0.83205016,1.0521767,90.988225,95.735693,0.84870278,1.0207482,79.316426,80.962102
0b_gaussian_blur_best,file,18,baseline_gaussian_blur,1877,034.Gray_crowned_Rosy_Finch/Gray_Crowned_Rosy_Finch_0074_27156.jpg,34,33,034.Gray_crowned_Rosy_Finch,36,35,identity,identity,0,{},0.014459353,0.014459353,0,0.9856447,0.9856447,0.0044962685,0.0044962685,0.98114843,0.98114843,0,1,1,2.9849309,2.9849309,False,1,True,True,True,1,1,2.9849309,2.9849309,1,1,2.9506489,2.9506489,1,1,0.45109143,0.45109143,1,1,0.52274375,0.52274375,1,1,1.3457473,1.3457473,1,1,1.7037793,1.7037793,1,1,1.4398703,1.4398703,1,1,1.2829426,1.2829426
0b_gaussian_blur_best,file,18,baseline_gaussian_blur,1877,034.Gray_crowned_Rosy_Finch/Gray_Crowned_Rosy_Finch_0074_27156.jpg,34,33,034.Gray_crowned_Rosy_Finch,36,35,gaussian_blur,gaussian_blur,0,"{""sigma"":1.788655}",0.014459353,0.027315009,0.012855656,0.9856447,0.97305465,0.0044962685,0.013948949,0.98114843,0.9591057,-0.022042731,0.64835775,2.5830789,2.9849309,7.710312,False,0.96482635,True,True,True,0.64835775,2.5830789,2.9849309,7.710312,0.64307532,2.5938345,2.9506489,7.653495,0.94758048,2.0712096,0.45109143,0.93430488,0.4200901,4.7967502,0.52274375,2.5074712,0.46856462,3.1721852,1.3457473,4.2689597,0.74134971,2.3590618,1.7037793,4.0193206,0.72463859,2.2336236,1.4398703,3.2161283,0.80688804,2.1440253,1.2829426,2.7506613
0b_gaussian_blur_best,file,18,baseline_gaussian_blur,605,012.Yellow_headed_Blackbird/Yellow_Headed_Blackbird_0074_8452.jpg,12,11,012.Yellow_headed_Blackbird,108,107,identity,identity,0,{},0.13426571,0.13426571,0,0.8743577,0.8743577,0.018272936,0.018272936,0.85608476,0.85608476,0,1,1,16.176739,16.176739,False,1,True,True,True,1,1,16.176739,16.176739,1,1,15.82927,15.82927,1,1,3.3348288,3.3348288,1,1,4.5619729,4.5619729,1,1,6.4751473,6.4751473,1,1,7.1495753,7.1495753,1,1,8.1868055,8.1868055,1,1,8.3478409,8.3478409
0b_gaussian_blur_best,file,18,baseline_gaussian_blur,605,012.Yellow_headed_Blackbird/Yellow_Headed_Blackbird_0074_8452.jpg,12,11,012.Yellow_headed_Blackbird,108,107,gaussian_blur,gaussian_blur,0,"{""sigma"":1.735111}",0.13426571,0.047375977,-0.086889729,0.8743577,0.95372874,0.018272936,0.0059809163,0.85608476,0.94774782,0.091663055,0.81219302,0.37900075,16.176739,6.130996,False,0.99093664,True,True,True,0.81219302,0.37900075,16.176739,6.130996,0.80418908,0.37863972,15.82927,5.9935903,0.98879798,0.38704569,3.3348288,1.2907311,0.64759936,0.40685161,4.5619729,1.856046,0.71896858,0.37256459,6.4751473,2.4124106,0.76416466,0.36689802,7.1495753,2.623165,0.84354779,0.37868561,8.1868055,3.1002254,0.8957221,0.38194696,8.3478409,3.1884324
0b_gaussian_blur_best,file,18,baseline_gaussian_blur,5342,092.Nighthawk/Nighthawk_0073_83540.jpg,92,91,092.Nighthawk,105,104,identity,identity,0,{},0.016826015,0.016826015,0,0.98331475,0.98331475,0.0073545906,0.0073545906,0.97596016,0.97596016,0,1,1,2.6446943,2.6446943,False,1,True,True,True,1,1,2.6446943,2.6446943,1,1,2.5850184,2.5850184,1,1,0.55864814,0.55864814,1,1,0.48357277,0.48357277,1,1,1.1480611,1.1480611,1,1,1.328683,1.328683,1,1,1.3160697,1.3160697,1,1,1.2778871,1.2778871
0b_gaussian_blur_best,file,18,baseline_gaussian_blur,5342,092.Nighthawk/Nighthawk_0073_83540.jpg,92,91,092.Nighthawk,105,104,gaussian_blur,gaussian_blur,0,"{""sigma"":1.134602}",0.016826015,0.010791397,-0.0060346182,0.98331475,0.98926663,0.0073545906,0.0035915531,0.97596016,0.98567508,0.0097149189,0.79142837,0.68099982,2.6446943,1.8010364,False,0.98782301,True,True,True,0.79142837,0.68099982,2.6446943,1.8010364,0.78300131,0.68205629,2.5850184,1.7631281,0.97895998,0.65797222,0.55864814,0.36757495,0.76431438,0.88485535,0.48357277,0.42789195,0.54871567,0.68340181,1.1480611,0.78458701,0.77830249,0.66796448,1.328683,0.88751307,0.8619715,0.68638578,1.3160697,0.90333153,0.90671315,0.65764477,1.2778871,0.84039574
0b_gaussian_blur_best,file,18,baseline_gaussian_blur,4858,084.Red_legged_Kittiwake/Red_Legged_Kittiwake_0032_795399.jpg,84,83,084.Red_legged_Kittiwake,141,140,identity,identity,0,{},0.00183295,0.00183295,0,0.99816871,0.99816871,0.00045121074,0.00045121074,0.9977175,0.9977175,0,1,1,0.30270116,0.30270116,False,1,True,True,True,1,1,0.30270116,0.30270116,1,1,0.29598619,0.29598619,1,1,0.063404802,0.063404802,1,1,0.091025867,0.091025867,1,1,0.12756441,0.12756441,1,1,0.13808265,0.13808265,1,1,0.13690699,0.13690699,1,1,0.15886817,0.15886817
0b_gaussian_blur_best,file,18,baseline_gaussian_blur,4858,084.Red_legged_Kittiwake/Red_Legged_Kittiwake_0032_795399.jpg,84,83,084.Red_legged_Kittiwake,141,140,gaussian_blur,gaussian_blur,0,"{""sigma"":1.626236}",0.00183295,0.0024824298,0.0006494798,0.99816871,0.99752063,0.00045121074,0.00054561161,0.9977175,0.99697501,-0.00074248217,0.88435107,1.6493042,0.30270116,0.4992463,False,0.99262118,True,True,True,0.88435107,1.6493042,0.30270116,0.4992463,0.88104045,1.6609441,0.29598619,0.49161651,0.98741711,1.3713263,0.063404802,0.08694867,0.94957684,1.7383326,0.091025867,0.15823323,0.83169234,1.9323099,0.12756441,0.24649398,0.85999914,1.7856001,0.13808265,0.24656039,0.88955405,1.5251332,0.13690699,0.20880139,0.93375806,1.4284515,0.15886817,0.22693547
0b_gaussian_blur_best,file,18,baseline_gaussian_blur,10803,184.Louisiana_Waterthrush/Louisiana_Waterthrush_0077_795247.jpg,184,183,184.Louisiana_Waterthrush,181,180,identity,identity,0,{},1.9395025,1.9395025,0,0.14377546,0.14377546,0.12698857,0.12698857,0.016786888,0.016786888,0,1,1,152.3377,152.3377,False,1,True,True,True,1,1,152.3377,152.3377,1,1,150.44949,150.44949,1,1,23.910771,23.910771,1,1,40.088854,40.088854,1,1,61.228211,61.228211,1,1,78.285565,78.285565,1,1,77.042046,77.042046,1,1,72.214498,72.214498
0b_gaussian_blur_best,file,18,baseline_gaussian_blur,10803,184.Louisiana_Waterthrush/Louisiana_Waterthrush_0077_795247.jpg,184,183,184.Louisiana_Waterthrush,181,180,gaussian_blur,gaussian_blur,0,"{""sigma"":1.020971}",1.9395025,2.2745197,0.3350172,0.14377546,0.10284629,0.12698857,0.11642504,0.016786888,-0.013578743,-0.030365631,0.86308432,1.1242263,152.3377,171.26205,False,0.98621625,False,True,False,0.86308432,1.1242263,152.3377,171.26205,0.86030909,1.1257494,150.44949,169.36842,0.98095896,1.0621723,23.910771,25.397358,0.67836631,1.3115298,40.088854,52.577728,0.78495011,1.2215456,61.228211,74.79305,0.87717454,1.097169,78.285565,85.892492,0.90429933,1.0883283,77.042046,83.847036,0.92829165,1.0654043,72.214498,76.937634
0b_gaussian_blur_best,file,18,baseline_gaussian_blur,5691,098.Scott_Oriole/Scott_Oriole_0003_92247.jpg,98,97,098.Scott_Oriole,55,54,identity,identity,0,{},0.19116929,0.19116929,0,0.82599276,0.82599276,0.065328911,0.065328911,0.76066385,0.76066385,0,1,1,28.85264,28.85264,False,0.99999994,True,True,True,1,1,28.85264,28.85264,1,1,28.422312,28.422312,1,1,4.9645729,4.9645729,1,1,8.9548468,8.9548468,1,1,12.383322,12.383322,1,1,13.744972,13.744972,1,1,14.25402,14.25402,1,1,13.497797,13.497797
0b_gaussian_blur_best,file,18,baseline_gaussian_blur,5691,098.Scott_Oriole/Scott_Oriole_0003_92247.jpg,98,97,098.Scott_Oriole,55,54,gaussian_blur,gaussian_blur,0,"{""sigma"":1.505872}",0.19116929,0.35492992,0.16376063,0.82599276,0.7012226,0.065328911,0.10616571,0.76066385,0.59505689,-0.16560696,0.78608606,2.0293917,28.85264,58.553306,False,0.96734691,True,True,True,0.78608606,2.0293917,28.85264,58.553306,0.78136428,2.0335432,28.422312,57.798,0.95485333,1.8882747,4.9645729,9.3744776,0.81055428,2.7231485,8.9548468,24.385378,0.68080084,2.1775819,12.383322,26.965698,0.7673913,2.0384198,13.744972,28.018023,0.82361935,1.8188443,14.25402,25.925844,0.87330427,1.7557862,13.497797,23.699247
0b_gaussian_blur_best,file,18,baseline_gaussian_blur,11484,195.Carolina_Wren/Carolina_Wren_0033_186848.jpg,195,194,195.Carolina_Wren,181,180,identity,identity,0,{},0.010797764,0.010797764,0,0.98926032,0.98926032,0.0016306823,0.0016306823,0.98762963,0.98762963,0,1,1,1.8745763,1.8745763,False,1,True,True,True,1,1,1.8745763,1.8745763,1,1,1.8421599,1.8421599,1,1,0.34710673,0.34710673,1,1,0.3384813,0.3384813,1,1,0.82860658,0.82860658,1,1,1.0430972,1.0430972,1,1,0.85690015,0.85690015,1,1,0.87753357,0.87753357
0b_gaussian_blur_best,file,18,baseline_gaussian_blur,11484,195.Carolina_Wren/Carolina_Wren_0033_186848.jpg,195,194,195.Carolina_Wren,181,180,gaussian_blur,gaussian_blur,0,"{""sigma"":1.851218}",0.010797764,0.014636172,0.0038384078,0.98926032,0.98547041,0.0016306823,0.0032097553,0.98762963,0.98226066,-0.0053689748,0.76342649,1.524309,1.8745763,2.8574335,False,0.98114949,True,True,True,0.76342649,1.524309,1.8745763,2.8574335,0.75625279,1.5262747,1.8421599,2.811642,0.97408542,1.4678618,0.34710673,0.50950472,0.5096563,2.9331971,0.3384813,0.99283239,0.59779716,1.503855,0.82860658,1.2461042,0.84159915,1.5091716,1.0430972,1.5742126,0.80971176,1.3755427,0.85690015,1.1787028,0.86429369,1.3953665,0.87753357,1.224481
0b_gaussian_blur_best,file,18,baseline_gaussian_blur,1299,024.Red_faced_Cormorant/Red_Faced_Cormorant_0050_796276.jpg,24,23,024.Red_faced_Cormorant,5,4,identity,identity,0,{},0.0042578997,0.0042578997,0,0.99575114,0.99575114,0.0040052263,0.0040052263,0.99174592,0.99174592,0,1,1,0.81043715,0.81043715,False,1,True,True,True,1,1,0.81043715,0.81043715,1,1,0.78913892,0.78913892,1,1,0.18457555,0.18457555,1,1,0.20431426,0.20431426,1,1,0.28663362,0.28663362,1,1,0.34630793,0.34630793,1,1,0.43291361,0.43291361,1,1,0.43759994,0.43759994
0b_gaussian_blur_best,file,18,baseline_gaussian_blur,1299,024.Red_faced_Cormorant/Red_Faced_Cormorant_0050_796276.jpg,24,23,024.Red_faced_Cormorant,5,4,gaussian_blur,gaussian_blur,0,"{""sigma"":1.08898}",0.0042578997,0.0057063298,0.0014484301,0.99575114,0.9943099,0.0040052263,0.0053687459,0.99174592,0.98894116,-0.0028047599,0.89643544,1.3402785,0.81043715,1.0862115,False,0.99804199,True,True,True,0.89643544,1.3402785,0.81043715,1.0862115,0.89098498,1.3415264,0.78913892,1.0586507,0.998043,1.3172585,0.18457555,0.24313372,0.65414494,1.2344111,0.20431426,0.25220779,0.74271996,1.4596892,0.28663362,0.41839599,0.890493,1.3982634,0.34630793,0.48422971,0.93790928,1.3030478,0.43291361,0.56410711,0.96833394,1.3115134,0.43759994,0.5739182
0b_gaussian_blur_best,file,18,baseline_gaussian_blur,9021,154.Red_eyed_Vireo/Red_Eyed_Vireo_0038_156963.jpg,154,153,154.Red_eyed_Vireo,181,180,identity,identity,0,{},2.1765292,2.1765292,0,0.11343457,0.11343457,0.87291896,0.87291896,-0.7594844,-0.7594844,0,1,1,199.17715,199.17715,False,1,True,False,False,1,1,199.17715,199.17715,1,1,195.68633,195.68633,1,1,37.12676,37.12676,1,1,44.536213,44.536213,1,1,84.776295,84.776295,1,1,98.208056,98.208056,1,1,100.3481,100.3481,1,1,96.995266,96.995266
0b_gaussian_blur_best,file,18,baseline_gaussian_blur,9021,154.Red_eyed_Vireo/Red_Eyed_Vireo_0038_156963.jpg,154,153,154.Red_eyed_Vireo,181,180,gaussian_blur,gaussian_blur,0,"{""sigma"":1.140322}",2.1765292,0.84749943,-1.3290297,0.11343457,0.42848507,0.87291896,0.54114932,-0.7594844,-0.11266425,0.64682014,0.85155554,0.65627804,199.17715,130.71559,False,0.98483348,True,False,False,0.85155554,0.65627804,199.17715,130.71559,0.84684734,0.65664276,195.68633,128.49601,0.98460391,0.64606349,37.12676,23.986244,0.75212059,0.78575595,44.536213,34.994594,0.73563517,0.70599276,84.776295,59.851451,0.84878989,0.62106549,98.208056,60.993634,0.89202866,0.64829035,100.3481,65.054706,0.92260458,0.63151674,96.995266,61.254135
0b_gaussian_blur_best,file,18,baseline_gaussian_blur,11412,194.Cactus_Wren/Cactus_Wren_0069_186033.jpg,194,193,194.Cactus_Wren,91,90,identity,identity,0,{},2.7979629,2.7979629,0,0.060934063,0.060934063,0.34955928,0.34955928,-0.28862521,-0.28862521,0,1,1,206.02552,206.02552,False,1,True,False,False,1,1,206.02552,206.02552,1,1,203.71718,203.71718,1,1,30.754258,30.754258,1,1,27.001687,27.001687,1,1,96.849756,96.849756,1,1,127.04873,127.04873,1,1,92.898193,92.898193,1,1,81.365044,81.365044
0b_gaussian_blur_best,file,18,baseline_gaussian_blur,11412,194.Cactus_Wren/Cactus_Wren_0069_186033.jpg,194,193,194.Cactus_Wren,91,90,gaussian_blur,gaussian_blur,0,"{""sigma"":1.016594}",2.7979629,2.0068278,-0.79113507,0.060934063,0.1344144,0.34955928,0.36938509,-0.28862521,-0.23497069,0.053654525,0.90027363,1.1130159,206.02552,229.30969,False,0.99212086,True,False,False,0.90027363,1.1130159,206.02552,229.30969,0.89865333,1.115858,203.71718,227.31944,0.98862587,0.98023458,30.754258,30.146387,0.77550721,1.508531,27.001687,40.732884,0.82965367,1.0908269,96.849756,105.64632,0.93281485,1.1831967,127.04873,150.32363,0.91147272,1.0579798,92.898193,98.284412,0.92855326,0.99822542,81.365044,81.220656
0b_gaussian_blur_best,file,18,baseline_gaussian_blur,10931,186.Cedar_Waxwing/Cedar_Waxwing_0125_178921.jpg,186,185,186.Cedar_Waxwing,185,184,identity,identity,0,{},0.024801791,0.024801791,0,0.97550327,0.97550327,0.015409281,0.015409281,0.96009399,0.96009399,0,1,1,4.0229229,4.0229229,False,0.99999988,True,True,True,1,1,4.0229229,4.0229229,1,1,3.9363925,3.9363925,1,1,0.82989329,0.82989329,1,1,0.62962839,0.62962839,1,1,1.9018102,1.9018102,1,1,2.1489129,2.1489129,1,1,1.8705103,1.8705103,1,1,1.8344581,1.8344581
0b_gaussian_blur_best,file,18,baseline_gaussian_blur,10931,186.Cedar_Waxwing/Cedar_Waxwing_0125_178921.jpg,186,185,186.Cedar_Waxwing,185,184,gaussian_blur,gaussian_blur,0,"{""sigma"":1.289475}",0.024801791,0.045571856,0.020770065,0.97550327,0.95545095,0.015409281,0.02296499,0.96009399,0.93248596,-0.027608023,0.82640022,2.257881,4.0229229,9.0832814,False,0.98811281,True,True,True,0.82640022,2.257881,4.0229229,9.0832814,0.82185896,2.2768038,3.9363925,8.9623933,0.98144353,1.7797382,0.82989329,1.4769928,0.68796931,3.9451445,0.62962839,2.483975,0.77029323,2.6460283,1.9018102,5.0322435,0.8430898,2.2214801,2.1489129,4.7737674,0.86378837,2.01028,1.8705103,3.7602496,0.9199895,1.8806687,1.8344581,3.450008
0b_gaussian_blur_best,file,18,baseline_gaussian_blur,9559,163.Cape_May_Warbler/Cape_May_Warbler_0028_163177.jpg,163,162,163.Cape_May_Warbler,95,94,identity,identity,0,{},0.60007042,0.60007042,0,0.54877299,0.54877299,0.25415397,0.25415397,0.29461902,0.29461902,0,1,1,71.213247,71.213247,False,0.99999994,True,True,True,1,1,71.213247,71.213247,1,1,69.810579,69.810579,1,1,14.064483,14.064483,1,1,13.690463,13.690463,1,1,29.430362,29.430362,1,1,32.571333,32.571333,1,1,37.061915,37.061915,1,1,37.22183,37.22183
0b_gaussian_blur_best,file,18,baseline_gaussian_blur,9559,163.Cape_May_Warbler/Cape_May_Warbler_0028_163177.jpg,163,162,163.Cape_May_Warbler,95,94,gaussian_blur,gaussian_blur,0,"{""sigma"":1.154656}",0.60007042,0.52194315,-0.078127265,0.54877299,0.59336644,0.25415397,0.20247717,0.29461902,0.39088927,0.096270248,0.89230969,0.80317678,71.213247,57.196827,False,0.99260604,True,True,True,0.89230969,0.80317678,71.213247,57.196827,0.8881649,0.8014647,69.810579,55.950714,0.99040804,0.8442623,14.064483,11.874113,0.7242087,0.8765054,13.690463,11.999764,0.80816101,0.72126229,29.430362,21.22701,0.8821876,0.83320655,32.571333,27.138648,0.91395285,0.79703265,37.061915,29.539556,0.93974828,0.81789538,37.22183,30.443563
0b_gaussian_blur_best,file,18,baseline_gaussian_blur,72,002.Laysan_Albatross/Laysan_Albatross_0065_809.jpg,2,1,002.Laysan_Albatross,33,32,identity,identity,0,{},0.0017232344,0.0017232344,0,0.99827826,0.99827826,0.00066600129,0.00066600129,0.99761226,0.99761226,0,1,1,0.25622581,0.25622581,False,0.99999988,True,True,True,1,1,0.25622581,0.25622581,1,1,0.24929212,0.24929212,1,1,0.059203949,0.059203949,1,1,0.052225787,0.052225787,1,1,0.090579972,0.090579972,1,1,0.1267129,0.1267129,1,1,0.11928994,0.11928994,1,1,0.14466528,0.14466528
0b_gaussian_blur_best,file,18,baseline_gaussian_blur,72,002.Laysan_Albatross/Laysan_Albatross_0065_809.jpg,2,1,002.Laysan_Albatross,33,32,gaussian_blur,gaussian_blur,0,"{""sigma"":1.157677}",0.0017232344,0.0027276,0.0010043656,0.99827826,0.99727613,0.00066600129,0.0010544243,0.99761226,0.9962217,-0.0013905559,0.88000015,1.6120466,0.25622581,0.41304794,False,0.99513412,True,True,True,0.88000015,1.6120466,0.25622581,0.41304794,0.87399111,1.6170321,0.24929212,0.40311335,0.99484201,1.5209412,0.059203949,0.090045725,0.85122712,2.0493707,0.052225787,0.10703,0.74365851,1.6959629,0.090579972,0.15362028,0.86957395,1.5852034,0.1267129,0.20086572,0.88288047,1.5961404,0.11928994,0.1904035,0.93616833,1.5586937,0.14466528,0.22548887
0b_gaussian_blur_best,file,18,baseline_gaussian_blur,7761,133.White_throated_Sparrow/White_Throated_Sparrow_0015_129138.jpg,133,132,133.White_throated_Sparrow,132,131,identity,identity,0,{},0.020555915,0.020555915,0,0.97965389,0.97965389,0.0067029949,0.0067029949,0.9729509,0.9729509,0,1,1,2.519625,2.519625,False,1,True,True,True,1,1,2.519625,2.519625,1,1,2.4505186,2.4505186,1,1,0.58606205,0.58606205,1,1,0.38276353,0.38276353,1,1,0.9457732,0.9457732,1,1,1.291077,1.291077,1,1,1.1854242,1.1854242,1,1,1.3754767,1.3754767
0b_gaussian_blur_best,file,18,baseline_gaussian_blur,7761,133.White_throated_Sparrow/White_Throated_Sparrow_0015_129138.jpg,133,132,133.White_throated_Sparrow,132,131,gaussian_blur,gaussian_blur,0,"{""sigma"":1.480895}",0.020555915,0.013665691,-0.0068902243,0.97965389,0.98642725,0.0067029949,0.0027589088,0.9729509,0.98366834,0.010717439,0.79483876,0.63905191,2.519625,1.6101712,False,0.98803753,True,True,True,0.79483876,0.63905191,2.519625,1.6101712,0.78379456,0.63746699,2.4505186,1.5621247,0.98034202,0.6661528,0.58606205,0.39040688,0.70487685,0.80206706,0.38276353,0.30700202,0.61638023,0.67404119,0.9457732,0.63749009,0.7655739,0.58676611,1.291077,0.75756025,0.7796876,0.60932473,1.1854242,0.72230825,0.8938913,0.66789542,1.3754767,0.91867461
0b_gaussian_blur_best,file,18,baseline_gaussian_blur,5287,091.Mockingbird/Mockingbird_0008_81226.jpg,91,90,091.Mockingbird,63,62,identity,identity,0,{},3.0377669,3.0377669,0,0.047941819,0.047941819,0.29759526,0.29759526,-0.24965344,-0.24965344,0,1,1,157.78352,157.78352,False,0.99999994,True,False,False,1,1,157.78352,157.78352,1,1,155.46122,155.46122,1,1,26.971217,26.971217,1,1,44.593386,44.593386,1,1,69.369934,69.369934,1,1,86.34321,86.34321,1,1,69.934352,69.934352,1,1,70.862331,70.862331
0b_gaussian_blur_best,file,18,baseline_gaussian_blur,5287,091.Mockingbird/Mockingbird_0008_81226.jpg,91,90,091.Mockingbird,63,62,gaussian_blur,gaussian_blur,0,"{""sigma"":1.123438}",3.0377669,3.9920473,0.95428038,0.047941819,0.018461876,0.29759526,0.35801774,-0.24965344,-0.33955587,-0.089902423,0.82892736,1.0417079,157.78352,164.36433,False,0.97505248,True,False,False,0.82892736,1.0417079,157.78352,164.36433,0.82458641,1.041785,155.46122,161.95717,0.97351753,1.0391431,26.971217,28.026953,0.8076863,1.3591767,44.593386,60.610293,0.70340847,1.0510205,69.369934,72.90922,0.84302926,1.0123997,86.34321,87.413843,0.87420306,0.98518225,69.934352,68.898082,0.90062244,0.98304507,70.862331,69.660866
0b_gaussian_blur_best,file,18,baseline_gaussian_blur,4209,073.Blue_Jay/Blue_Jay_0066_61490.jpg,73,72,073.Blue_Jay,74,73,identity,identity,0,{},0.068199337,0.068199337,0,0.93407428,0.93407428,0.051725883,0.051725883,0.8823484,0.8823484,0,1,1,10.423244,10.423244,False,0.99999994,True,True,True,1,1,10.423244,10.423244,1,1,10.187369,10.187369,1,1,2.2048897,2.2048897,1,1,2.0627997,2.0627997,1,1,3.8989302,3.8989302,1,1,4.9463063,4.9463063,1,1,5.5677787,5.5677787,1,1,5.3721107,5.3721107
0b_gaussian_blur_best,file,18,baseline_gaussian_blur,4209,073.Blue_Jay/Blue_Jay_0066_61490.jpg,73,72,073.Blue_Jay,74,73,gaussian_blur,gaussian_blur,0,"{""sigma"":1.736657}",0.068199337,0.011756068,-0.056443268,0.93407428,0.98831278,0.051725883,0.008545327,0.8823484,0.97976745,0.097419054,0.75335803,0.18322391,10.423244,1.9097875,False,0.97859073,True,True,True,0.75335803,0.18322391,10.423244,1.9097875,0.74236833,0.18279364,10.187369,1.8621862,0.97740503,0.19217935,2.2048897,0.42373427,0.73819624,0.2856037,2.0627997,0.58914323,0.61071285,0.17934095,3.8989302,0.69923784,0.69755349,0.17230994,4.9463063,0.85229773,0.75424737,0.17324642,5.5677787,0.96459774,0.85399499,0.18379125,5.3721107,0.98734694
0b_gaussian_blur_best,file,18,baseline_gaussian_blur,8378,143.Caspian_Tern/Caspian_Tern_0078_146824.jpg,143,142,143.Caspian_Tern,145,144,identity,identity,0,{},0.82948852,0.82948852,0,0.43627238,0.43627238,0.21053772,0.21053772,0.22573467,0.22573467,0,1,1,65.381395,65.381395,False,1,True,True,True,1,1,65.381395,65.381395,1,1,63.11355,63.11355,1,1,17.070637,17.070637,1,1,12.149206,12.149206,1,1,24.357085,24.357085,1,1,29.66257,29.66257,1,1,33.010676,33.010676,1,1,35.677396,35.677396
0b_gaussian_blur_best,file,18,baseline_gaussian_blur,8378,143.Caspian_Tern/Caspian_Tern_0078_146824.jpg,143,142,143.Caspian_Tern,145,144,gaussian_blur,gaussian_blur,0,"{""sigma"":1.422008}",0.82948852,1.0124941,0.18300557,0.43627238,0.36331171,0.21053772,0.37724832,0.22573467,-0.013936609,-0.23967128,0.81945903,1.2193198,65.381395,79.720827,False,0.98845804,False,True,False,0.81945903,1.2193198,65.381395,79.720827,0.80913786,1.2208848,63.11355,77.054371,0.96341054,1.1977225,17.070637,20.445885,0.55298648,1.5931106,12.149206,19.355028,0.72319165,1.1983319,24.357085,29.187873,0.81642522,1.3037988,29.66257,38.674023,0.83648189,1.1596697,33.010676,38.281479,0.86920797,1.1724264,35.677396,41.82912
0b_gaussian_blur_best,file,18,baseline_gaussian_blur,1548,028.Brown_Creeper/Brown_Creeper_0007_24902.jpg,28,27,028.Brown_Creeper,190,189,identity,identity,0,{},0.0098946104,0.0098946104,0,0.99015421,0.99015421,0.0028926942,0.0028926942,0.98726151,0.98726151,0,1,1,1.9970426,1.9970426,False,1,True,True,True,1,1,1.9970426,1.9970426,1,1,1.9757277,1.9757277,1,1,0.29099718,0.29099718,1,1,0.39388593,0.39388593,1,1,0.80492052,0.80492052,1,1,1.082869,1.082869,1,1,1.0645151,1.0645151,1,1,0.8914365,0.8914365
0b_gaussian_blur_best,file,18,baseline_gaussian_blur,1548,028.Brown_Creeper/Brown_Creeper_0007_24902.jpg,28,27,028.Brown_Creeper,190,189,gaussian_blur,gaussian_blur,0,"{""sigma"":1.747634}",0.0098946104,0.026555402,0.016660792,0.99015421,0.9737941,0.0028926942,0.012085996,0.98726151,0.96170811,-0.025553406,0.82570441,3.0246114,1.9970426,6.0402779,False,0.97904932,True,True,True,0.82570441,3.0246114,1.9970426,6.0402779,0.82284029,3.0285593,1.9757277,5.9836085,0.96839859,2.836665,0.29099718,0.82546152,0.79107426,3.7718819,0.39388593,1.4856912,0.64153079,3.2252142,0.80492052,2.5960411,0.84439369,3.0847631,1.082869,3.3403944,0.88132061,2.8600732,1.0645151,3.0445912,0.89076992,2.844359,0.8914365,2.5355655
0b_gaussian_blur_best,file,18,baseline_gaussian_blur,9783,167.Hooded_Warbler/Hooded_Warbler_0039_164928.jpg,167,166,167.Hooded_Warbler,180,179,identity,identity,0,{},6.0479603,6.0479603,0,0.002362676,0.002362676,0.99513274,0.99513274,-0.99277007,-0.99277007,0,1,1,199.64862,199.64862,False,1,True,False,False,1,1,199.64862,199.64862,1,1,195.60457,195.60457,1,1,39.980311,39.980311,1,1,36.052777,36.052777,1,1,73.077151,73.077151,1,1,113.77042,113.77042,1,1,103.64903,103.64903,1,1,89.074385,89.074385
0b_gaussian_blur_best,file,18,baseline_gaussian_blur,9783,167.Hooded_Warbler/Hooded_Warbler_0039_164928.jpg,167,166,167.Hooded_Warbler,180,179,gaussian_blur,gaussian_blur,0,"{""sigma"":1.101679}",6.0479603,5.5253634,-0.52259684,0.002362676,0.0039844201,0.99513274,0.99322468,-0.99277007,-0.98924026,0.003529808,0.90315318,1.1132778,199.64862,222.26437,False,0.99618649,True,False,False,0.90315318,1.1132778,199.64862,222.26437,0.89972253,1.1168965,195.60457,218.47006,0.99619073,1.0228429,39.980311,40.893578,0.84825913,1.5022771,36.052777,54.161261,0.76438103,1.1647144,73.077151,85.114011,0.90968412,1.1117525,113.77042,126.48454,0.93859184,1.0763823,103.64903,111.56598,0.95219729,1.071301,89.074385,95.425476
0b_gaussian_blur_best,file,18,baseline_gaussian_blur,4267,074.Florida_Jay/Florida_Jay_0039_64576.jpg,74,73,074.Florida_Jay,54,53,identity,identity,0,{},0.0027428172,0.0027428172,0,0.99726093,0.99726093,0.00073686749,0.00073686749,0.99652406,0.99652406,0,1,1,0.53164362,0.53164362,False,1,True,True,True,1,1,0.53164362,0.53164362,1,1,0.52394006,0.52394006,1,1,0.090176191,0.090176191,1,1,0.16043968,0.16043968,1,1,0.20535319,0.20535319,1,1,0.27422747,0.27422747,1,1,0.24995187,0.24995187,1,1,0.26253708,0.26253708
0b_gaussian_blur_best,file,18,baseline_gaussian_blur,4267,074.Florida_Jay/Florida_Jay_0039_64576.jpg,74,73,074.Florida_Jay,54,53,gaussian_blur,gaussian_blur,0,"{""sigma"":1.998963}",0.0027428172,0.0029126862,0.00016986905,0.99726093,0.99709153,0.00073686749,0.00029553976,0.99652406,0.99679599,0.00027193132,0.77799679,1.2544757,0.53164362,0.66693401,False,0.97738934,True,True,True,0.77799679,1.2544757,0.53164362,0.66693401,0.77356454,1.2592863,0.52394006,0.65979053,0.96153922,1.0795771,0.090176191,0.097352152,0.81122545,1.7137318,0.16043968,0.27495058,0.68490504,1.5678866,0.20535319,0.32197052,0.76394504,1.1606346,0.27422747,0.31827788,0.79708064,1.0574652,0.24995187,0.26431541,0.87595141,1.1098293,0.26253708,0.29137134
0b_gaussian_blur_best,file,18,baseline_gaussian_blur,5492,094.White_breasted_Nuthatch/White_Breasted_Nuthatch_0131_86416.jpg,94,93,094.White_breasted_Nuthatch,160,159,identity,identity,0,{},0.001714547,0.001714547,0,0.9982869,0.9982869,0.00066867465,0.00066867465,0.99761823,0.99761823,0,1,1,0.23922168,0.23922168,False,0.99999994,True,True,True,1,1,0.23922168,0.23922168,1,1,0.23168804,0.23168804,1,1,0.059562263,0.059562263,1,1,0.04446247,0.04446247,1,1,0.067199621,0.067199621,1,1,0.10463852,0.10463852,1,1,0.11710291,0.11710291,1,1,0.15008109,0.15008109
0b_gaussian_blur_best,file,18,baseline_gaussian_blur,5492,094.White_breasted_Nuthatch/White_Breasted_Nuthatch_0131_86416.jpg,94,93,094.White_breasted_Nuthatch,160,159,gaussian_blur,gaussian_blur,0,"{""sigma"":1.985565}",0.001714547,0.001976562,0.00026201492,0.9982869,0.99802542,0.00066867465,0.00061105075,0.99761823,0.99741437,-0.00020386168,0.75031775,1.2360807,0.23922168,0.29569729,False,0.98644787,True,True,True,0.75031775,1.2360807,0.23922168,0.29569729,0.73693374,1.2439918,0.23168804,0.28821801,0.98201558,1.1095163,0.059562263,0.0660853,0.36462127,1.4933947,0.04446247,0.066400015,0.43293095,1.5166394,0.067199621,0.10191759,0.6834892,1.2534232,0.10463852,0.13115634,0.76289798,1.2442439,0.11710291,0.14570458,0.87831644,1.1510269,0.15008109,0.17274737
0b_gaussian_blur_best,file,18,baseline_gaussian_blur,6081,104.American_Pipit/American_Pipit_0062_100000.jpg,104,103,104.American_Pipit,150,149,identity,identity,0,{},0.10690336,0.10690336,0,0.8986125,0.8986125,0.07797683,0.07797683,0.82063567,0.82063567,0,1,1,18.089752,18.089752,False,1,True,True,True,1,1,18.089752,18.089752,1,1,17.712067,17.712067,1,1,3.6772031,3.6772031,1,1,2.1695665,2.1695665,1,1,7.7275522,7.7275522,1,1,10.027324,10.027324,1,1,8.8506825,8.8506825,1,1,8.3912719,8.3912719
0b_gaussian_blur_best,file,18,baseline_gaussian_blur,6081,104.American_Pipit/American_Pipit_0062_100000.jpg,104,103,104.American_Pipit,150,149,gaussian_blur,gaussian_blur,0,"{""sigma"":1.471948}",0.10690336,0.14613399,0.03923063,0.8986125,0.86404192,0.07797683,0.081213973,0.82063567,0.78282795,-0.037807718,0.81296437,1.3997633,18.089752,25.321371,False,0.9756968,True,True,True,0.81296437,1.3997633,18.089752,25.321371,0.80785584,1.4084105,17.712067,24.945862,0.96638319,1.1815041,3.6772031,4.3446305,0.6252864,1.856247,2.1695665,4.0272513,0.68136022,1.5980635,7.7275522,12.349119,0.84098495,1.4829431,10.027324,14.869951,0.85361691,1.2465787,8.8506825,11.033072,0.880049,1.2540347,8.3912719,10.522946
0b_gaussian_blur_best,file,18,baseline_gaussian_blur,7469,128.Seaside_Sparrow/Seaside_Sparrow_0039_796530.jpg,128,127,128.Seaside_Sparrow,104,103,identity,identity,0,{},9.0286388,9.0286388,0,0.00011992567,0.00011992567,0.44921121,0.44921121,-0.44909128,-0.44909128,0,1,1,214.64107,214.64107,False,1.0000001,True,False,False,1,1,214.64107,214.64107,1,1,211.27667,211.27667,1,1,37.854447,37.854447,1,1,70.897556,70.897556,1,1,104.70324,104.70324,1,1,108.2821,108.2821,1,1,91.737133,91.737133,1,1,92.238189,92.238189
0b_gaussian_blur_best,file,18,baseline_gaussian_blur,7469,128.Seaside_Sparrow/Seaside_Sparrow_0039_796530.jpg,128,127,128.Seaside_Sparrow,104,103,gaussian_blur,gaussian_blur,0,"{""sigma"":1.745012}",9.0286388,10.225164,1.1965256,0.00011992567,3.6246627e-05,0.44921121,0.81616074,-0.44909128,-0.81612449,-0.36703321,0.73957489,1.1196874,214.64107,240.3309,False,0.97079575,True,False,False,0.73957489,1.1196874,214.64107,240.3309,0.73362854,1.1180034,211.27667,236.20803,0.91720094,1.1709329,37.854447,44.325019,0.75844046,1.2228658,70.897556,86.698196,0.60285263,1.0727314,104.70324,112.31845,0.7239297,1.1297936,108.2821,122.33643,0.78098312,1.0888652,91.737133,99.889372,0.84970117,1.1224031,92.238189,103.52843
0b_gaussian_blur_best,file,18,baseline_gaussian_blur,8975,153.Philadelphia_Vireo/Philadelphia_Vireo_0071_794796.jpg,153,152,153.Philadelphia_Vireo,155,154,identity,identity,0,{},0.18094707,0.18094707,0,0.83447951,0.83447951,0.11303679,0.11303679,0.72144272,0.72144272,0,1,1,29.930466,29.930466,False,1,True,True,True,1,1,29.930466,29.930466,1,1,29.319989,29.319989,1,1,6.0142382,6.0142382,1,1,6.0924922,6.0924922,1,1,14.219674,14.219674,1,1,15.780229,15.780229,1,1,13.678655,13.678655,1,1,13.572875,13.572875
0b_gaussian_blur_best,file,18,baseline_gaussian_blur,8975,153.Philadelphia_Vireo/Philadelphia_Vireo_0071_794796.jpg,153,152,153.Philadelphia_Vireo,155,154,gaussian_blur,gaussian_blur,0,"{""sigma"":1.65964}",0.18094707,0.017183591,-0.16376347,0.83447951,0.9829632,0.11303679,0.010537874,0.72144272,0.97242533,0.25098261,0.81342029,0.098309168,29.930466,2.9424393,False,0.96010494,True,True,True,0.81342029,0.098309168,29.930466,2.9424393,0.80728787,0.098198836,29.319989,2.8791888,0.95555713,0.10089588,6.0142382,0.60681185,0.59596978,0.10788965,6.0924922,0.65731687,0.81381434,0.10605003,14.219674,1.5079968,0.81851813,0.096478663,15.780229,1.5224554,0.80248727,0.090990162,13.678655,1.2446231,0.84265261,0.096531529,13.572875,1.3102103
0b_gaussian_blur_best,file,18,baseline_gaussian_blur,7079,121.Grasshopper_Sparrow/Grasshopper_Sparrow_0115_115914.jpg,121,120,121.Grasshopper_Sparrow,119,118,identity,identity,0,{},0.80258238,0.80258238,0,0.44817013,0.44817013,0.28009331,0.28009331,0.16807681,0.16807681,0,1,1,74.218162,74.218162,False,1,True,True,True,1,1,74.218162,74.218162,1,1,72.598005,72.598005,1,1,15.42288,15.42288,1,1,17.084699,17.084699,1,1,30.286297,30.286297,1,1,40.807892,40.807892,1,1,34.170079,34.170079,1,1,35.049183,35.049183
0b_gaussian_blur_best,file,18,baseline_gaussian_blur,7079,121.Grasshopper_Sparrow/Grasshopper_Sparrow_0115_115914.jpg,121,120,121.Grasshopper_Sparrow,119,118,gaussian_blur,gaussian_blur,0,"{""sigma"":1.045506}",0.80258238,0.8946327,0.092050314,0.44817013,0.40875769,0.28009331,0.1844051,0.16807681,0.22435258,0.05627577,0.79038419,1.0387478,74.218162,77.093951,False,0.98690391,True,True,True,0.79038419,1.0387478,74.218162,77.093951,0.78287986,1.0414016,72.598005,75.603678,0.96891311,0.97810075,15.42288,15.085131,0.48570919,1.1663207,17.084699,19.926237,0.56813083,1.0545072,30.286297,31.937118,0.82085467,1.0013229,40.807892,40.861877,0.86727547,1.0649255,34.170079,36.388589,0.89636885,1.0307117,35.049183,36.125604
0b_gaussian_blur_best,file,18,baseline_gaussian_blur,7290,125.Lincoln_Sparrow/Lincoln_Sparrow_0014_117883.jpg,125,124,125.Lincoln_Sparrow,129,128,identity,identity,0,{},0.16271645,0.16271645,0,0.84983212,0.84983212,0.13925427,0.13925427,0.71057785,0.71057785,0,1,1,32.751553,32.751553,False,1.0000001,True,True,True,1,1,32.751553,32.751553,1,1,31.968044,31.968044,1,1,7.1209814,7.1209814,1,1,8.4389377,8.4389377,1,1,14.681079,14.681079,1,1,17.361901,17.361901,1,1,15.202852,15.202852,1,1,14.235302,14.235302
0b_gaussian_blur_best,file,18,baseline_gaussian_blur,7290,125.Lincoln_Sparrow/Lincoln_Sparrow_0014_117883.jpg,125,124,125.Lincoln_Sparrow,129,128,gaussian_blur,gaussian_blur,0,"{""sigma"":1.547664}",0.16271645,0.38562971,0.22291327,0.84983212,0.6800223,0.13925427,0.29957956,0.71057785,0.38044274,-0.33013511,0.79707686,2.4640554,32.751553,80.701641,False,0.97133279,True,True,True,0.79707686,2.4640554,32.751553,80.701641,0.79177025,2.4898363,31.968044,79.595198,0.97111674,1.8701961,7.1209814,13.317631,0.81482202,3.7900267,8.4389377,31.983799,0.75202712,2.7069881,14.681079,39.741504,0.80709782,2.3585051,17.361901,40.948132,0.81188323,2.2954461,15.202852,34.897327,0.85257325,2.0341248,14.235302,28.956381
0b_gaussian_blur_best,file,18,baseline_gaussian_blur,6478,111.Loggerhead_Shrike/Loggerhead_Shrike_0128_105238.jpg,111,110,111.Loggerhead_Shrike,78,77,identity,identity,0,{},0.73236072,0.73236072,0,0.48077267,0.48077267,0.30003536,0.30003536,0.18073732,0.18073732,0,1,1,109.02831,109.02831,False,1,True,True,True,1,1,109.02831,109.02831,1,1,107.73796,107.73796,1,1,16.724333,16.724333,1,1,27.744715,27.744715,1,1,47.615357,47.615357,1,1,57.899358,57.899358,1,1,54.959715,54.959715,1,1,46.878261,46.878261
0b_gaussian_blur_best,file,18,baseline_gaussian_blur,6478,111.Loggerhead_Shrike/Loggerhead_Shrike_0128_105238.jpg,111,110,111.Loggerhead_Shrike,78,77,gaussian_blur,gaussian_blur,0,"{""sigma"":1.887027}",0.73236072,0.8516798,0.11931908,0.48077267,0.42669758,0.30003536,0.33101642,0.18073732,0.095681161,-0.085056156,0.82547431,1.3300338,109.02831,145.01133,False,0.97925806,True,True,True,0.82547431,1.3300338,109.02831,145.01133,0.82229503,1.3330561,107.73796,143.62075,0.97691872,1.1979027,16.724333,20.034125,0.79084913,1.9006474,27.744715,52.732921,0.72721606,1.4691679,47.615357,69.954953,0.85216872,1.3038939,57.899358,75.49462,0.86445033,1.1799195,54.959715,64.848043,0.90360172,1.1776568,46.878261,55.206504
0b_gaussian_blur_best,file,18,baseline_gaussian_blur,7254,124.Le_Conte_Sparrow/Le_Conte_Sparrow_0016_795223.jpg,124,123,124.Le_Conte_Sparrow,126,125,identity,identity,0,{},0.098446116,0.098446116,0,0.90624452,0.90624452,0.023028459,0.023028459,0.88321606,0.88321606,0,1,1,15.450123,15.450123,False,1,True,True,True,1,1,15.450123,15.450123,1,1,15.247177,15.247177,1,1,2.4959723,2.4959723,1,1,2.4255698,2.4255698,1,1,6.3707762,6.3707762,1,1,9.4486702,9.4486702,1,1,7.1056642,7.1056642,1,1,6.7998826,6.7998826
0b_gaussian_blur_best,file,18,baseline_gaussian_blur,7254,124.Le_Conte_Sparrow/Le_Conte_Sparrow_0016_795223.jpg,124,123,124.Le_Conte_Sparrow,126,125,gaussian_blur,gaussian_blur,0,"{""sigma"":1.061366}",0.098446116,0.08083944,-0.017606676,0.90624452,0.92234176,0.023028459,0.010381844,0.88321606,0.91195992,0.028743863,0.80156655,0.88814147,15.450123,13.721895,False,0.96791923,True,True,True,0.80156655,0.88814147,15.450123,13.721895,0.79805706,0.89080526,15.247177,13.582266,0.95731329,0.78228022,2.4959723,1.9525498,0.70935738,1.2084533,2.4255698,2.9311878,0.66301551,1.0135753,6.3707762,6.4572612,0.83105356,0.8740994,9.4486702,8.259077,0.83130006,0.82548657,7.1056642,5.8656304,0.87550639,0.82632113,6.7998826,5.6188866
0b_gaussian_blur_best,file,18,baseline_gaussian_blur,1704,031.Black_billed_Cuckoo/Black_Billed_Cuckoo_0028_26165.jpg,31,30,031.Black_billed_Cuckoo,33,32,identity,identity,0,{},0.8813917,0.8813917,0,0.41420606,0.41420606,0.31828722,0.31828722,0.095918834,0.095918834,0,1,1,86.173434,86.173434,False,1,True,True,True,1,1,86.173434,86.173434,1,1,83.545922,83.545922,1,1,21.117284,21.117284,1,1,14.242416,14.242416,1,1,37.444212,37.444212,1,1,44.154707,44.154707,1,1,41.532181,41.532181,1,1,41.236456,41.236456
0b_gaussian_blur_best,file,18,baseline_gaussian_blur,1704,031.Black_billed_Cuckoo/Black_Billed_Cuckoo_0028_26165.jpg,31,30,031.Black_billed_Cuckoo,33,32,gaussian_blur,gaussian_blur,0,"{""sigma"":1.541832}",0.8813917,1.7080878,0.8266961,0.41420606,0.18121198,0.31828722,0.1019856,0.095918834,0.079226382,-0.016692452,0.68983019,1.9755754,86.173434,170.24211,False,0.96477747,False,True,False,0.68983019,1.9755754,86.173434,170.24211,0.68377195,2.0028128,83.545922,167.32684,0.84726122,1.4855335,21.117284,31.370433,0.48837493,2.9453191,14.242416,41.948461,0.63311061,1.9611531,37.444212,73.433833,0.70064255,2.2581346,44.154707,99.70727,0.68800381,1.902581,41.532181,79.018338,0.77567183,1.6555457,41.236456,68.268838
0b_gaussian_blur_best,file,18,baseline_gaussian_blur,3415,059.California_Gull/California_Gull_0074_41358.jpg,59,58,059.California_Gull,64,63,identity,identity,0,{},1.3728354,1.3728354,0,0.25338751,0.25338751,0.6146313,0.6146313,-0.36124378,-0.36124378,0,1,1,108.65778,108.65778,False,1.0000001,True,False,False,1,1,108.65778,108.65778,1,1,104.81807,104.81807,1,1,28.630144,28.630144,1,1,18.551847,18.551847,1,1,39.206073,39.206073,1,1,48.724126,48.724126,1,1,56.406073,56.406073,1,1,59.580657,59.580657
0b_gaussian_blur_best,file,18,baseline_gaussian_blur,3415,059.California_Gull/California_Gull_0074_41358.jpg,59,58,059.California_Gull,64,63,gaussian_blur,gaussian_blur,0,"{""sigma"":1.525829}",1.3728354,1.7020742,0.32923877,0.25338751,0.18230499,0.6146313,0.76566112,-0.36124378,-0.58335613,-0.22211234,0.82497916,1.3410551,108.65778,145.71607,False,0.98909724,True,False,False,0.82497916,1.3410551,108.65778,145.71607,0.81474222,1.3512923,104.81807,141.63985,0.98590532,1.1954061,28.630144,34.224648,0.65670099,2.4056981,18.551847,44.630142,0.61011431,1.5448391,39.206073,60.567073,0.81144943,1.3166064,48.724126,64.150498,0.8884943,1.2541571,56.406073,70.742077,0.92880104,1.2198031,59.580657,72.676672
0b_gaussian_blur_best,file,18,baseline_gaussian_blur,9006,154.Red_eyed_Vireo/Red_Eyed_Vireo_0029_156777.jpg,154,153,154.Red_eyed_Vireo,165,164,identity,identity,0,{},0.2476629,0.2476629,0,0.78062302,0.78062302,0.04972925,0.04972925,0.73089377,0.73089377,0,1,1,39.603862,39.603862,False,0.99999994,True,True,True,1,1,39.603862,39.603862,1,1,39.016878,39.016878,1,1,6.7933168,6.7933168,1,1,8.4905954,8.4905954,1,1,15.677173,15.677173,1,1,20.705815,20.705815,1,1,21.276788,21.276788,1,1,17.972766,17.972766
0b_gaussian_blur_best,file,18,baseline_gaussian_blur,9006,154.Red_eyed_Vireo/Red_Eyed_Vireo_0029_156777.jpg,154,153,154.Red_eyed_Vireo,165,164,gaussian_blur,gaussian_blur,0,"{""sigma"":1.992912}",0.2476629,0.34585834,0.098195434,0.78062302,0.70761269,0.04972925,0.061422225,0.73089377,0.64619047,-0.0847033,0.73030724,1.7714611,39.603862,70.1567,False,0.96188986,True,True,True,0.73030724,1.7714611,39.603862,70.1567,0.72568086,1.7809761,39.016878,69.488129,0.93949306,1.422343,6.7933168,9.6624265,0.57017375,2.2519996,8.4905954,19.120817,0.56478247,2.0000939,15.677173,31.355818,0.732751,1.8951923,20.705815,39.241502,0.80482051,1.6100591,21.276788,34.256887,0.83465401,1.5403038,17.972766,27.68352
0b_gaussian_blur_best,file,18,baseline_gaussian_blur,6037,104.American_Pipit/American_Pipit_0074_100154.jpg,104,103,104.American_Pipit,184,183,identity,identity,0,{},0.046636585,0.046636585,0,0.95443422,0.95443422,0.01196485,0.01196485,0.94246937,0.94246937,0,1,1,6.2238393,6.2238393,False,0.99999988,True,True,True,1,1,6.2238393,6.2238393,1,1,6.0843638,6.0843638,1,1,1.3102266,1.3102266,1,1,1.5231781,1.5231781,1,1,2.2796065,2.2796065,1,1,3.151182,3.151182,1,1,2.9195031,2.9195031,1,1,3.3240575,3.3240575
0b_gaussian_blur_best,file,18,baseline_gaussian_blur,6037,104.American_Pipit/American_Pipit_0074_100154.jpg,104,103,104.American_Pipit,184,183,gaussian_blur,gaussian_blur,0,"{""sigma"":1.967347}",0.046636585,0.096015885,0.0493793,0.95443422,0.90844959,0.01196485,0.0079294648,0.94246937,0.90052013,-0.04194924,0.64225036,2.6874764,6.2238393,16.726421,False,0.95538032,True,True,True,0.64225036,2.6874764,6.2238393,16.726421,0.63402032,2.7060022,6.0843638,16.464302,0.86607883,2.2511868,1.3102266,2.9495647,0.47997214,3.239399,1.5231781,4.9341816,0.40307681,3.4808869,2.2796065,7.9350526,0.70994403,2.8185276,3.151182,8.8816935,0.69673032,2.4101853,2.9195031,7.0365434,0.74520612,2.238451,3.3240575,7.4407398
0b_gaussian_blur_best,file,18,baseline_gaussian_blur,6111,105.Whip_poor_Will/Whip_Poor_Will_0006_22800.jpg,105,104,105.Whip_poor_Will,92,91,identity,identity,0,{},4.7568297,4.7568297,0,0.0085928068,0.0085928068,0.97282255,0.97282255,-0.96422974,-0.96422974,0,1,1,137.16203,137.16203,False,1,True,False,False,1,1,137.16203,137.16203,1,1,132.13752,132.13752,1,1,36.7845,36.7845,1,1,39.078483,39.078483,1,1,46.368473,46.368473,1,1,57.527361,57.527361,1,1,67.823848,67.823848,1,1,76.639992,76.639992
0b_gaussian_blur_best,file,18,baseline_gaussian_blur,6111,105.Whip_poor_Will/Whip_Poor_Will_0006_22800.jpg,105,104,105.Whip_poor_Will,92,91,gaussian_blur,gaussian_blur,0,"{""sigma"":1.039361}",4.7568297,3.9027379,-0.85409188,0.0085928068,0.020186568,0.97282255,0.9626292,-0.96422974,-0.94244263,0.021787109,0.84040441,1.1769422,137.16203,161.43178,False,0.9902668,True,False,False,0.84040441,1.1769422,137.16203,161.43178,0.83156137,1.1900466,132.13752,157.2498,0.99027837,0.99244081,36.7845,36.506439,0.82164335,1.6420428,39.078483,64.168541,0.70072048,1.2093962,46.368473,56.077857,0.77352342,1.2165401,57.527361,69.98434,0.8694952,1.1414205,67.823848,77.415533,0.9199542,1.057952,76.639992,81.081434
0b_gaussian_blur_best,file,18,baseline_gaussian_blur,5035,087.Mallard/Mallard_0061_76378.jpg,87,86,087.Mallard,46,45,identity,identity,0,{},0.010274258,0.010274258,0,0.98977834,0.98977834,0.0079361433,0.0079361433,0.9818422,0.9818422,0,1,1,2.3628434,2.3628434,False,1,True,True,True,1,1,2.3628434,2.3628434,1,1,2.3192836,2.3192836,1,1,0.45161103,0.45161103,1,1,0.38372161,0.38372161,1,1,1.1345839,1.1345839,1,1,1.2630319,1.2630319,1,1,1.1054255,1.1054255,1,1,1.0617619,1.0617619
0b_gaussian_blur_best,file,18,baseline_gaussian_blur,5035,087.Mallard/Mallard_0061_76378.jpg,87,86,087.Mallard,46,45,gaussian_blur,gaussian_blur,0,"{""sigma"":1.367875}",0.010274258,0.0029545249,-0.0073197335,0.98977834,0.99704981,0.0079361433,0.0024180529,0.9818422,0.99463176,0.012789559,0.86247679,0.32662908,2.3628434,0.77177337,False,0.99118555,True,True,True,0.86247679,0.32662908,2.3628434,0.77177337,0.85784835,0.32707023,2.3192836,0.75856863,0.9899293,0.31477093,0.45161103,0.14215402,0.78329461,0.47100145,0.38372161,0.18073343,0.81927008,0.31931925,1.1345839,0.36229448,0.85587655,0.33770565,1.2630319,0.42653302,0.87412717,0.32210069,1.1054255,0.3560583,0.91951448,0.30196886,1.0617619,0.32061903
0b_gaussian_blur_best,file,18,baseline_gaussian_blur,9757,166.Golden_winged_Warbler/Golden_Winged_Warbler_0016_794841.jpg,166,165,166.Golden_winged_Warbler,167,166,identity,identity,0,{},0.040700413,0.040700413,0,0.96011674,0.96011674,0.0076643783,0.0076643783,0.95245237,0.95245237,0,1,1,5.4479945,5.4479945,False,1,True,True,True,1,1,5.4479945,5.4479945,1,1,5.3567502,5.3567502,1,1,0.99291006,0.99291006,1,1,1.0485721,1.0485721,1,1,1.9393169,1.9393169,1,1,2.6923795,2.6923795,1,1,2.6613815,2.6613815,1,1,3.0826062,3.0826062
0b_gaussian_blur_best,file,18,baseline_gaussian_blur,9757,166.Golden_winged_Warbler/Golden_Winged_Warbler_0016_794841.jpg,166,165,166.Golden_winged_Warbler,167,166,gaussian_blur,gaussian_blur,0,"{""sigma"":1.436875}",0.040700413,0.034190021,-0.0065103918,0.96011674,0.96638787,0.0076643783,0.0077536218,0.95245237,0.95863425,0.0061818804,0.84437929,0.89428538,5.4479945,4.8720618,False,0.98868859,True,True,True,0.84437929,0.89428538,5.4479945,4.8720618,0.83972412,0.89562824,5.3567502,4.7976568,0.98734526,0.85427567,0.99291006,0.8482189,0.56580294,0.93723151,1.0485721,0.98275483,0.74201702,1.0150688,1.9393169,1.96854,0.82820878,0.90166974,2.6923795,2.4276371,0.85430106,0.86859827,2.6613815,2.3116714,0.92309172,0.854555,3.0826062,2.6342565
0b_gaussian_blur_best,file,18,baseline_gaussian_blur,8411,144.Common_Tern/Common_Tern_0043_147753.jpg,144,143,144.Common_Tern,141,140,identity,identity,0,{},5.7095814,5.7095814,0,0.0033140595,0.0033140595,0.95789057,0.95789057,-0.95457651,-0.95457651,0,1,1,166.39313,166.39313,False,0.99999994,True,False,False,1,1,166.39313,166.39313,1,1,161.5888,161.5888,1,1,39.695506,39.695506,1,1,29.486306,29.486306,1,1,79.512557,79.512557,1,1,77.284875,77.284875,1,1,77.69348,77.69348,1,1,83.126554,83.126554
0b_gaussian_blur_best,file,18,baseline_gaussian_blur,8411,144.Common_Tern/Common_Tern_0043_147753.jpg,144,143,144.Common_Tern,141,140,gaussian_blur,gaussian_blur,0,"{""sigma"":1.936892}",5.7095814,4.7534084,-0.95617294,0.0033140595,0.008622257,0.95789057,0.9557271,-0.95457651,-0.94710484,0.0074716674,0.78913565,1.071738,166.39313,178.32984,False,0.97629118,True,False,False,0.78913565,1.071738,166.39313,178.32984,0.7795099,1.0786447,161.5888,174.2969,0.97628755,0.95000766,39.695506,37.711035,0.53348532,1.4239628,29.486306,41.987403,0.7094777,1.047531,79.512557,83.291866,0.76346111,1.1278565,77.284875,87.166251,0.82441164,1.082139,77.69348,84.075142,0.87156837,1.0073769,83.126554,83.739768
0b_gaussian_blur_best,file,18,baseline_gaussian_blur,10264,175.Pine_Warbler/Pine_Warbler_0091_171627.jpg,175,174,175.Pine_Warbler,157,156,identity,identity,0,{},1.5123694,1.5123694,0,0.22038716,0.22038716,0.6684345,0.6684345,-0.44804734,-0.44804734,0,1,1,129.27209,129.27209,False,1.0000001,True,False,False,1,1,129.27209,129.27209,1,1,126.44123,126.44123,1,1,26.905193,26.905193,1,1,20.795837,20.795837,1,1,60.6241,60.6241,1,1,75.174279,75.174279,1,1,60.921989,60.921989,1,1,50.169455,50.169455
0b_gaussian_blur_best,file,18,baseline_gaussian_blur,10264,175.Pine_Warbler/Pine_Warbler_0091_171627.jpg,175,174,175.Pine_Warbler,157,156,gaussian_blur,gaussian_blur,0,"{""sigma"":1.460794}",1.5123694,1.1696095,-0.34275985,0.22038716,0.31048816,0.6684345,0.63002121,-0.44804734,-0.31953305,0.12851429,0.81700653,0.99877645,129.27209,129.11392,False,0.98572189,True,False,False,0.81700653,0.99877645,129.27209,129.11392,0.8095164,0.99944941,126.44123,126.37161,0.98515858,0.98379646,26.905193,26.469233,0.53650695,1.6724564,20.795837,34.780131,0.66203314,0.88805928,60.6241,53.837795,0.86288276,1.023677,75.174279,76.95418,0.88298084,0.9654445,60.921989,58.816799,0.89268044,0.99267909,50.169455,49.802168
0b_gaussian_blur_best,file,18,baseline_gaussian_blur,955,018.Spotted_Catbird/Spotted_Catbird_0012_796802.jpg,18,17,018.Spotted_Catbird,37,36,identity,identity,0,{},0.0096844845,0.0096844845,0,0.99036229,0.99036229,0.0063907476,0.0063907476,0.98397154,0.98397154,0,1,1,2.1134211,2.1134211,False,0.99999988,True,True,True,1,1,2.1134211,2.1134211,1,1,2.0778971,2.0778971,1,1,0.38586532,0.38586532,1,1,0.54231904,0.54231904,1,1,0.95429879,0.95429879,1,1,1.1249794,1.1249794,1,1,0.9720396,0.9720396,1,1,0.94995827,0.94995827
0b_gaussian_blur_best,file,18,baseline_gaussian_blur,955,018.Spotted_Catbird/Spotted_Catbird_0012_796802.jpg,18,17,018.Spotted_Catbird,37,36,gaussian_blur,gaussian_blur,0,"{""sigma"":1.562137}",0.0096844845,0.013682037,0.0039975522,0.99036229,0.98641115,0.0063907476,0.0071423254,0.98397154,0.97926883,-0.0047027101,0.82602066,1.4727617,2.1134211,3.1125655,False,0.98367411,True,True,True,0.82602066,1.4727617,2.1134211,3.1125655,0.82144345,1.4772407,2.0778971,3.0695541,0.97677166,1.3363635,0.38586532,0.51565633,0.8104952,1.8586129,0.54231904,1.0079612,0.71638773,1.587255,0.95429879,1.5147156,0.84373271,1.4603448,1.1249794,1.6428579,0.86224967,1.3629663,0.9720396,1.3248572,0.89201855,1.3552936,0.94995827,1.2874723
0b_gaussian_blur_best,file,18,baseline_gaussian_blur,762,014.Indigo_Bunting/Indigo_Bunting_0026_11964.jpg,14,13,014.Indigo_Bunting,54,53,identity,identity,0,{},0.057495158,0.057495158,0,0.94412649,0.94412649,0.04540972,0.04540972,0.89871677,0.89871677,0,1,1,11.291962,11.291962,False,1,True,True,True,1,1,11.291962,11.291962,1,1,11.067565,11.067565,1,1,2.2399596,2.2399596,1,1,1.7693936,1.7693936,1,1,4.2636901,4.2636901,1,1,6.6459557,6.6459557,1,1,5.7335125,5.7335125,1,1,4.9131757,4.9131757
0b_gaussian_blur_best,file,18,baseline_gaussian_blur,762,014.Indigo_Bunting/Indigo_Bunting_0026_11964.jpg,14,13,014.Indigo_Bunting,54,53,gaussian_blur,gaussian_blur,0,"{""sigma"":1.110462}",0.057495158,0.08001028,0.022515122,0.94412649,0.92310685,0.04540972,0.042650722,0.89871677,0.88045613,-0.018260639,0.84062745,1.2647234,11.291962,14.281209,False,0.99114144,True,True,True,0.84062745,1.2647234,11.291962,14.281209,0.83599296,1.2625499,11.067565,13.973353,0.9498294,1.3166736,2.2399596,2.9492957,0.68588438,1.5510132,1.7693936,2.7443529,0.7289424,1.2505247,4.2636901,5.3318497,0.85187234,1.226628,6.6459557,8.1521151,0.85894951,1.2735188,5.7335125,7.3017359,0.88296149,1.2795526,4.9131757,6.2866666
0b_gaussian_blur_best,file,18,baseline_gaussian_blur,9402,160.Black_throated_Blue_Warbler/Black_Throated_Blue_Warbler_0108_161714.jpg,160,159,160.Black_throated_Blue_Warbler,94,93,identity,identity,0,{},0.015933102,0.015933102,0,0.98419315,0.98419315,0.0064762053,0.0064762053,0.97771694,0.97771694,0,1,1,3.4349437,3.4349437,False,1,True,True,True,1,1,3.4349437,3.4349437,1,1,3.3941268,3.3941268,1,1,0.52795974,0.52795974,1,1,0.77005343,0.77005343,1,1,1.829211,1.829211,1,1,1.7824213,1.7824213,1,1,1.6489738,1.6489738,1,1,1.2980605,1.2980605
0b_gaussian_blur_best,file,18,baseline_gaussian_blur,9402,160.Black_throated_Blue_Warbler/Black_Throated_Blue_Warbler_0108_161714.jpg,160,159,160.Black_throated_Blue_Warbler,94,93,gaussian_blur,gaussian_blur,0,"{""sigma"":1.836938}",0.015933102,0.012781838,-0.003151264,0.98419315,0.9872995,0.0064762053,0.0015657021,0.97771694,0.9857338,0.0080168588,0.68241494,0.97132422,3.4349437,3.336444,False,0.974446,True,True,True,0.68241494,0.97132422,3.4349437,3.336444,0.67825638,0.97403966,3.3941268,3.3060141,0.88504736,0.85155723,0.52795974,0.44958794,0.68896989,1.6911334,0.77005343,1.3022631,0.52733028,0.89125417,1.829211,1.6302919,0.71175479,0.97619584,1.7824213,1.7399923,0.79271128,0.92766146,1.6489738,1.5296894,0.7990876,0.8468806,1.2980605,1.0993023
0b_gaussian_blur_best,file,18,baseline_gaussian_blur,11244,191.Red_headed_Woodpecker/Red_Headed_Woodpecker_0022_183010.jpg,191,190,191.Red_headed_Woodpecker,139,138,identity,identity,0,{},0.00086889655,0.00086889655,0,0.9991315,0.9991315,0.00041736296,0.00041736296,0.99871414,0.99871414,0,1,1,0.10933934,0.10933934,False,1,True,True,True,1,1,0.10933934,0.10933934,1,1,0.10549149,0.10549149,1,1,0.028751291,0.028751291,1,1,0.018977831,0.018977831,1,1,0.030953509,0.030953509,1,1,0.04128308,0.04128308,1,1,0.050450795,0.050450795,1,1,0.074569443,0.074569443
0b_gaussian_blur_best,file,18,baseline_gaussian_blur,11244,191.Red_headed_Woodpecker/Red_Headed_Woodpecker_0022_183010.jpg,191,190,191.Red_headed_Woodpecker,139,138,gaussian_blur,gaussian_blur,0,"{""sigma"":1.75277}",0.00086889655,0.0004472924,-0.00042160414,0.9991315,0.99955279,0.00041736296,0.00011323338,0.99871414,0.99943955,0.00072541521,0.76845369,0.54668986,0.10933934,0.05977471,False,0.98849046,True,True,True,0.76845369,0.54668986,0.10933934,0.05977471,0.75548339,0.55045554,0.10549149,0.058068376,0.9676817,0.49320409,0.028751291,0.014180254,0.33710998,0.66345566,0.018977831,0.01259095,0.43594046,0.66920482,0.030953509,0.020714238,0.65775783,0.59146609,0.04128308,0.024417542,0.77578289,0.53420989,0.050450795,0.026951314,0.8944017,0.51271193,0.074569443,0.038232643
0b_gaussian_blur_best,file,18,baseline_gaussian_blur,617,012.Yellow_headed_Blackbird/Yellow_Headed_Blackbird_0017_8511.jpg,12,11,012.Yellow_headed_Blackbird,96,95,identity,identity,0,{},0.39467824,0.39467824,0,0.67389685,0.67389685,0.076233178,0.076233178,0.59766367,0.59766367,0,1,1,41.299214,41.299214,False,1,True,True,True,1,1,41.299214,41.299214,1,1,40.518683,40.518683,1,1,7.9913313,7.9913313,1,1,6.4719369,6.4719369,1,1,13.55703,13.55703,1,1,20.402464,20.402464,1,1,21.474004,21.474004,1,1,23.209724,23.209724
0b_gaussian_blur_best,file,18,baseline_gaussian_blur,617,012.Yellow_headed_Blackbird/Yellow_Headed_Blackbird_0017_8511.jpg,12,11,012.Yellow_headed_Blackbird,96,95,gaussian_blur,gaussian_blur,0,"{""sigma"":1.972415}",0.39467824,0.17623067,-0.21844757,0.67389685,0.83842456,0.076233178,0.01508921,0.59766367,0.82333535,0.22567168,0.72769568,0.66813346,41.299214,27.593387,False,0.95681024,True,True,True,0.72769568,0.66813346,41.299214,27.593387,0.72215357,0.6732199,40.518683,27.277984,0.93542173,0.52057881,7.9913313,4.1601177,0.64208927,1.1612321,6.4719369,7.515421,0.53898846,0.93376623,13.55703,12.659096,0.72944262,0.69265711,20.402464,14.131912,0.77462788,0.58196547,21.474004,12.497129,0.84312781,0.56418007,23.209724,13.094464
0b_gaussian_blur_best,file,18,baseline_gaussian_blur,10429,178.Swainson_Warbler/Swainson_Warbler_0025_794881.jpg,178,177,178.Swainson_Warbler,154,153,identity,identity,0,{},2.0856409,2.0856409,0,0.12422749,0.12422749,0.34688225,0.34688225,-0.22265476,-0.22265476,0,1,1,131.47377,131.47377,False,1,True,False,False,1,1,131.47377,131.47377,1,1,128.17074,128.17074,1,1,29.285018,29.285018,1,1,33.733697,33.733697,1,1,51.863518,51.863518,1,1,68.557846,68.557846,1,1,63.941001,63.941001,1,1,61.735908,61.735908
0b_gaussian_blur_best,file,18,baseline_gaussian_blur,10429,178.Swainson_Warbler/Swainson_Warbler_0025_794881.jpg,178,177,178.Swainson_Warbler,154,153,gaussian_blur,gaussian_blur,0,"{""sigma"":1.974932}",2.0856409,4.0395641,1.9539232,0.12422749,0.01760515,0.34688225,0.23264535,-0.22265476,-0.2150402,0.0076145623,0.76799219,1.189299,131.47377,156.36161,False,0.96595043,False,False,False,0.76799219,1.189299,131.47377,156.36161,0.75955364,1.1923529,128.17074,152.82476,0.93975718,1.1292062,29.285018,33.068824,0.46006528,1.3897947,33.733697,46.882915,0.73523764,1.3608338,51.863518,70.57763,0.78920465,1.1489361,68.557846,78.768581,0.79185935,1.1342232,63.941001,72.523365,0.8318205,1.1119059,61.735908,68.644517
0b_gaussian_blur_best,file,18,baseline_gaussian_blur,7544,129.Song_Sparrow/Song_Sparrow_0007_121133.jpg,129,128,129.Song_Sparrow,125,124,identity,identity,0,{},0.77926004,0.77926004,0,0.45874533,0.45874533,0.45485684,0.45485684,0.0038884878,0.0038884878,0,1,1,107.29717,107.29717,False,1.0000001,True,True,True,1,1,107.29717,107.29717,1,1,104.56263,104.56263,1,1,24.069488,24.069488,1,1,16.51566,16.51566,1,1,48.409683,48.409683,1,1,55.598711,55.598711,1,1,52.083573,52.083573,1,1,50.131459,50.131459
0b_gaussian_blur_best,file,18,baseline_gaussian_blur,7544,129.Song_Sparrow/Song_Sparrow_0007_121133.jpg,129,128,129.Song_Sparrow,125,124,gaussian_blur,gaussian_blur,0,"{""sigma"":1.266566}",0.77926004,0.40796354,-0.3712965,0.45874533,0.66500312,0.45485684,0.27649334,0.0038884878,0.38850978,0.38462129,0.83905241,0.66610435,107.29717,71.471112,False,0.98203278,True,True,True,0.83905241,0.66610435,107.29717,71.471112,0.83282767,0.67022975,104.56263,70.080983,0.98199616,0.58279918,24.069488,14.027678,0.72520192,0.75035879,16.51566,12.392671,0.72013011,0.66410698,48.409683,32.149208,0.84197913,0.68531528,55.598711,38.102646,0.86468588,0.69473777,52.083573,36.184425,0.91296871,0.61903982,50.131459,31.033369
0b_gaussian_blur_best,file,18,baseline_gaussian_blur,6861,118.House_Sparrow/House_Sparrow_0006_111034.jpg,118,117,118.House_Sparrow,130,129,identity,identity,0,{},1.1918377,1.1918377,0,0.30366275,0.30366275,0.64469063,0.64469063,-0.34102789,-0.34102789,0,1,1,139.71239,139.71239,False,0.99999976,True,False,False,1,1,139.71239,139.71239,1,1,136.16074,136.16074,1,1,31.301843,31.301843,1,1,23.016163,23.016163,1,1,60.068108,60.068108,1,1,73.981853,73.981853,1,1,68.433723,68.433723,1,1,65.156242,65.156242
0b_gaussian_blur_best,file,18,baseline_gaussian_blur,6861,118.House_Sparrow/House_Sparrow_0006_111034.jpg,118,117,118.House_Sparrow,130,129,gaussian_blur,gaussian_blur,0,"{""sigma"":1.513366}",1.1918377,0.77819169,-0.41364598,0.30366275,0.45923573,0.64469063,0.46700433,-0.34102789,-0.0077686012,0.33325928,0.81136311,0.75765877,139.71239,105.85432,False,0.97558761,True,False,False,0.81136311,0.75765877,139.71239,105.85432,0.80270195,0.75749513,136.16074,103.1411,0.97455455,0.76074834,31.301843,23.812825,0.72467528,0.99131561,23.016163,22.816281,0.68555812,0.81532608,60.068108,48.975095,0.82782377,0.70491075,73.981853,52.150604,0.82883256,0.7415056,68.433723,50.743989,0.87387377,0.75567945,65.156242,49.237233
0b_gaussian_blur_best,file,18,baseline_gaussian_blur,9382,160.Black_throated_Blue_Warbler/Black_Throated_Blue_Warbler_0060_161644.jpg,160,159,160.Black_throated_Blue_Warbler,57,56,identity,identity,0,{},0.0328582,0.0328582,0,0.96767575,0.96767575,0.010014269,0.010014269,0.95766148,0.95766148,0,1,1,4.588015,4.588015,False,0.99999982,True,True,True,1,1,4.588015,4.588015,1,1,4.4807269,4.4807269,1,1,0.98639153,0.98639153,1,1,1.3604104,1.3604104,1,1,1.9639506,1.9639506,1,1,2.1301061,2.1301061,1,1,2.0830283,2.0830283,1,1,2.3436587,2.3436587
0b_gaussian_blur_best,file,18,baseline_gaussian_blur,9382,160.Black_throated_Blue_Warbler/Black_Throated_Blue_Warbler_0060_161644.jpg,160,159,160.Black_throated_Blue_Warbler,57,56,gaussian_blur,gaussian_blur,0,"{""sigma"":1.865611}",0.0328582,0.022033073,-0.010825127,0.96767575,0.97820789,0.010014269,0.0063009127,0.95766148,0.97190697,0.014245497,0.75330569,0.80577073,4.588015,3.6968882,False,0.98584414,True,True,True,0.75330569,0.80577073,4.588015,3.6968882,0.74371298,0.80974678,4.4807269,3.6282542,0.98140977,0.71883379,0.98639153,0.70905156,0.84145938,1.3653893,1.3604104,1.8574898,0.57513719,0.79110834,1.9639506,1.5536977,0.76619631,0.75310258,2.1301061,1.6041884,0.77495374,0.71150893,2.0830283,1.4820932,0.85809027,0.6786763,2.3436587,1.5905856
0b_gaussian_blur_best,file,18,baseline_gaussian_blur,1415,026.Bronzed_Cowbird/Bronzed_Cowbird_0052_796216.jpg,26,25,026.Bronzed_Cowbird,27,26,identity,identity,0,{},1.0863842,1.0863842,0,0.33743438,0.33743438,0.32496807,0.32496807,0.012466311,0.012466311,0,1,1,102.55265,102.55265,False,0.99999988,True,True,True,1,1,102.55265,102.55265,1,1,100.87899,100.87899,1,1,18.452007,18.452007,1,1,24.836291,24.836291,1,1,60.735194,60.735194,1,1,44.2161,44.2161,1,1,43.635089,43.635089,1,1,44.853986,44.853986
0b_gaussian_blur_best,file,18,baseline_gaussian_blur,1415,026.Bronzed_Cowbird/Bronzed_Cowbird_0052_796216.jpg,26,25,026.Bronzed_Cowbird,27,26,gaussian_blur,gaussian_blur,0,"{""sigma"":1.694529}",1.0863842,2.0174441,0.93105996,0.33743438,0.13299493,0.32496807,0.33418202,0.012466311,-0.20118709,-0.2136534,0.71789925,1.3479658,102.55265,138.23747,False,0.98003078,False,True,False,0.71789925,1.3479658,102.55265,138.23747,0.71019861,1.351721,100.87899,136.36024,0.97383086,1.2304463,18.452007,22.704203,0.62640858,2.5182886,24.836291,62.544948,0.61440839,1.0387841,60.735194,63.090752,0.75212094,1.4492106,44.2161,64.078441,0.81640091,1.3266439,43.635089,57.888226,0.88018796,1.2699507,44.853986,56.96235
0b_gaussian_blur_best,file,18,baseline_gaussian_blur,1897,034.Gray_crowned_Rosy_Finch/Gray_Crowned_Rosy_Finch_0006_797284.jpg,34,33,034.Gray_crowned_Rosy_Finch,54,53,identity,identity,0,{},0.0046245051,0.0046245051,0,0.99538618,0.99538618,0.00084703846,0.00084703846,0.99453914,0.99453914,0,1,1,0.64729004,0.64729004,False,1,True,True,True,1,1,0.64729004,0.64729004,1,1,0.62963112,0.62963112,1,1,0.1501634,0.1501634,1,1,0.098587799,0.098587799,1,1,0.25999316,0.25999316,1,1,0.34430246,0.34430246,1,1,0.28163804,0.28163804,1,1,0.34821713,0.34821713
0b_gaussian_blur_best,file,18,baseline_gaussian_blur,1897,034.Gray_crowned_Rosy_Finch/Gray_Crowned_Rosy_Finch_0006_797284.jpg,34,33,034.Gray_crowned_Rosy_Finch,54,53,gaussian_blur,gaussian_blur,0,"{""sigma"":1.990788}",0.0046245051,0.0032258399,-0.0013986651,0.99538618,0.99677938,0.00084703846,0.00044590866,0.99453914,0.99633347,0.0017943288,0.77585206,0.82614104,0.64729004,0.53475286,False,0.97499108,True,True,True,0.77585206,0.82614104,0.64729004,0.53475286,0.76662618,0.82997868,0.62963112,0.5225804,0.95730693,0.75549395,0.1501634,0.11344754,0.662541,1.0837894,0.098587799,0.10684841,0.68997394,0.98924658,0.25999316,0.25719735,0.79364704,0.81004878,0.34430246,0.27890179,0.7305879,0.78080383,0.28163804,0.21990406,0.84680223,0.7564227,0.34821713,0.26339934
0b_gaussian_blur_best,file,18,baseline_gaussian_blur,8323,142.Black_Tern/Black_Tern_0069_144359.jpg,142,141,142.Black_Tern,27,26,identity,identity,0,{},0.028462606,0.028462606,0,0.97193861,0.97193861,0.012543141,0.012543141,0.95939547,0.95939547,0,1,1,4.4389,4.4389,False,1,True,True,True,1,1,4.4389,4.4389,1,1,4.3299547,4.3299547,1,1,0.97740748,0.97740748,1,1,0.68004403,0.68004403,1,1,1.7649706,1.7649706,1,1,2.3107568,2.3107568,1,1,2.1472839,2.1472839,1,1,2.2848417,2.2848417
0b_gaussian_blur_best,file,18,baseline_gaussian_blur,8323,142.Black_Tern/Black_Tern_0069_144359.jpg,142,141,142.Black_Tern,27,26,gaussian_blur,gaussian_blur,0,"{""sigma"":1.713942}",0.028462606,0.013735421,-0.014727185,0.97193861,0.98635846,0.012543141,0.0016899034,0.95939547,0.98466856,0.025273091,0.75255206,0.43991955,4.4389,1.9527589,False,0.9875468,True,True,True,0.75255206,0.43991955,4.4389,1.9527589,0.74309345,0.43944806,4.3299547,1.9027902,0.93436923,0.44907246,0.97740748,0.43892678,0.48053763,0.63224334,0.68004403,0.42995331,0.65889898,0.42974389,1.7649706,0.75848535,0.7564702,0.43067145,2.3107568,0.99517697,0.72663338,0.42245114,2.1472839,0.90712253,0.83177449,0.44787741,2.2848417,1.023329
0b_gaussian_blur_best,file,18,baseline_gaussian_blur,4275,074.Florida_Jay/Florida_Jay_0029_65114.jpg,74,73,074.Florida_Jay,114,113,identity,identity,0,{},1.638705,1.638705,0,0.19423139,0.19423139,0.20524949,0.20524949,-0.011018097,-0.011018097,0,1,1,164.41002,164.41002,False,1,True,False,False,1,1,164.41002,164.41002,1,1,162.61245,162.61245,1,1,24.245504,24.245504,1,1,47.264527,47.264527,1,1,70.094351,70.094351,1,1,85.703932,85.703932,1,1,86.860907,86.860907,1,1,66.375261,66.375261
0b_gaussian_blur_best,file,18,baseline_gaussian_blur,4275,074.Florida_Jay/Florida_Jay_0029_65114.jpg,74,73,074.Florida_Jay,114,113,gaussian_blur,gaussian_blur,0,"{""sigma"":1.683897}",1.638705,1.6736088,0.034903765,0.19423139,0.18756895,0.20524949,0.094879389,-0.011018097,0.092689559,0.10370766,0.77708012,1.0926936,164.41002,179.64978,False,0.96654361,False,False,False,0.77708012,1.0926936,164.41002,179.64978,0.7738635,1.0956586,162.61245,178.16774,0.9517858,0.94979539,24.245504,23.028268,0.73391714,1.258227,47.264527,59.469505,0.66356002,1.1464549,70.094351,80.360015,0.77846339,1.1069017,85.703932,94.865829,0.81916059,1.0401535,86.860907,90.348674,0.85915035,1.0203689,66.375261,67.727255
0b_gaussian_blur_best,file,18,baseline_gaussian_blur,4612,079.Belted_Kingfisher/Belted_Kingfisher_0084_70399.jpg,79,78,079.Belted_Kingfisher,82,81,identity,identity,0,{},0.33555806,0.33555806,0,0.714939,0.714939,0.2084876,0.2084876,0.5064514,0.5064514,0,1,1,45.113143,45.113143,False,1,True,True,True,1,1,45.113143,45.113143,1,1,43.805462,43.805462,1,1,10.78319,10.78319,1,1,8.7419222,8.7419222,1,1,18.202531,18.202531,1,1,19.842467,19.842467,1,1,23.78576,23.78576,1,1,23.487853,23.487853
0b_gaussian_blur_best,file,18,baseline_gaussian_blur,4612,079.Belted_Kingfisher/Belted_Kingfisher_0084_70399.jpg,79,78,079.Belted_Kingfisher,82,81,gaussian_blur,gaussian_blur,0,"{""sigma"":1.32843}",0.33555806,0.3843109,0.048752844,0.714939,0.68091971,0.2084876,0.24550872,0.5064514,0.43541099,-0.071040407,0.79513637,1.1445359,45.113143,51.633609,False,0.98062587,True,True,True,0.79513637,1.1445359,45.113143,51.633609,0.78382158,1.1438776,43.805462,50.108084,0.98004778,1.1553454,10.78319,12.458309,0.55611883,1.3684104,8.7419222,11.962537,0.61127775,1.1224325,18.202531,20.431113,0.76913593,1.2012749,19.842467,23.836258,0.82866314,1.0858488,23.78576,25.827738,0.89504088,1.1384772,23.487853,26.740385
0b_gaussian_blur_best,file,18,baseline_gaussian_blur,5800,099.Ovenbird/Ovenbird_0096_93131.jpg,99,98,099.Ovenbird,176,175,identity,identity,0,{},0.14739908,0.14739908,0,0.86294949,0.86294949,0.045670077,0.045670077,0.81727941,0.81727941,0,1,1,27.16205,27.16205,False,1,True,True,True,1,1,27.16205,27.16205,1,1,26.910938,26.910938,1,1,3.6848887,3.6848887,1,1,4.9471001,4.9471001,1,1,17.834949,17.834949,1,1,12.600177,12.600177,1,1,10.800094,10.800094,1,1,10.306933,10.306933
0b_gaussian_blur_best,file,18,baseline_gaussian_blur,5800,099.Ovenbird/Ovenbird_0096_93131.jpg,99,98,099.Ovenbird,176,175,gaussian_blur,gaussian_blur,0,"{""sigma"":1.690463}",0.14739908,0.039143991,-0.10825509,0.86294949,0.96161222,0.045670077,0.0058035012,0.81727941,0.95580872,0.13852931,0.84911348,0.31742359,27.16205,8.6218754,False,0.97277796,True,True,True,0.84911348,0.31742359,27.16205,8.6218754,0.84729313,0.3177016,26.910938,8.549648,0.9522131,0.30222546,3.6848887,1.1136672,0.7850193,0.38855135,4.9471001,1.9222024,0.8765563,0.30930566,17.834949,5.5164507,0.80812254,0.3339073,12.600177,4.2072909,0.82764182,0.32122221,10.800094,3.4692302,0.87447631,0.29481838,10.306933,3.0386732
0b_gaussian_blur_best,file,18,baseline_gaussian_blur,7074,121.Grasshopper_Sparrow/Grasshopper_Sparrow_0110_115644.jpg,121,120,121.Grasshopper_Sparrow,128,127,identity,identity,0,{},0.37889606,0.37889606,0,0.6846168,0.6846168,0.16180329,0.16180329,0.52281351,0.52281351,0,1,1,49.19587,49.19587,False,0.99999988,True,True,True,1,1,49.19587,49.19587,1,1,48.142005,48.142005,1,1,10.128226,10.128226,1,1,12.478134,12.478134,1,1,22.043265,22.043265,1,1,24.4298,24.4298,1,1,22.635286,22.635286,1,1,23.809076,23.809076
0b_gaussian_blur_best,file,18,baseline_gaussian_blur,7074,121.Grasshopper_Sparrow/Grasshopper_Sparrow_0110_115644.jpg,121,120,121.Grasshopper_Sparrow,128,127,gaussian_blur,gaussian_blur,0,"{""sigma"":1.601891}",0.37889606,1.1963938,0.81749779,0.6846168,0.30228233,0.16180329,0.073993362,0.52281351,0.22828897,-0.29452454,0.52148793,2.5494471,49.19587,125.42227,False,0.96113175,True,True,True,0.52148793,2.5494471,49.19587,125.42227,0.50982008,2.5699847,48.142005,123.72422,0.86912002,2.0308106,10.128226,20.568509,0.68325943,5.0112313,12.478134,62.530814,0.30747922,2.3118617,22.043265,50.96098,0.48176325,2.4357583,24.4298,59.505088,0.5438776,2.3726565,22.635286,53.705757,0.68650604,2.0470352,23.809076,48.738018
0b_gaussian_blur_best,file,18,baseline_gaussian_blur,2325,041.Scissor_tailed_Flycatcher/Scissor_Tailed_Flycatcher_0110_42136.jpg,41,40,041.Scissor_tailed_Flycatcher,33,32,identity,identity,0,{},5.3338099,5.3338099,0,0.0048256493,0.0048256493,0.74001896,0.74001896,-0.73519331,-0.73519331,0,1,1,157.37577,157.37577,False,1,True,False,False,1,1,157.37577,157.37577,1,1,153.17954,153.17954,1,1,36.099353,36.099353,1,1,22.918859,22.918859,1,1,50.355509,50.355509,1,1,80.76562,80.76562,1,1,84.288877,84.288877,1,1,82.312328,82.312328
0b_gaussian_blur_best,file,18,baseline_gaussian_blur,2325,041.Scissor_tailed_Flycatcher/Scissor_Tailed_Flycatcher_0110_42136.jpg,41,40,041.Scissor_tailed_Flycatcher,33,32,gaussian_blur,gaussian_blur,0,"{""sigma"":1.694904}",5.3338099,4.9574294,-0.37638044,0.0048256493,0.0070309788,0.74001896,0.66834247,-0.73519331,-0.66131149,0.073881822,0.7849105,1.1361078,157.37577,178.79584,False,0.98759961,True,False,False,0.7849105,1.1361078,157.37577,178.79584,0.77543693,1.1431518,153.17954,175.10747,0.98636675,1.0008308,36.099353,36.129346,0.67253683,1.8300774,22.918859,41.943286,0.54706955,1.609353,50.355509,81.039787,0.80414712,1.1178985,80.76562,90.287768,0.84130766,1.0356463,84.288877,87.293467,0.87966311,0.98427476,82.312328,81.017947
0b_gaussian_blur_best,file,18,baseline_gaussian_blur,8526,146.Forsters_Tern/Forsters_Tern_0118_151564.jpg,146,145,146.Forsters_Tern,145,144,identity,identity,0,{},0.087989159,0.087989159,0,0.91577083,0.91577083,0.036398958,0.036398958,0.87937187,0.87937187,0,1,1,14.593235,14.593235,False,1,True,True,True,1,1,14.593235,14.593235,1,1,14.291334,14.291334,1,1,2.9530105,2.9530105,1,1,3.7011051,3.7011051,1,1,6.6129651,6.6129651,1,1,6.924453,6.924453,1,1,6.4929463,6.4929463,1,1,7.5303614,7.5303614
0b_gaussian_blur_best,file,18,baseline_gaussian_blur,8526,146.Forsters_Tern/Forsters_Tern_0118_151564.jpg,146,145,146.Forsters_Tern,145,144,gaussian_blur,gaussian_blur,0,"{""sigma"":1.108618}",0.087989159,0.039428238,-0.048560921,0.91577083,0.96133894,0.036398958,0.013406374,0.87937187,0.94793256,0.068560693,0.87664527,0.46679406,14.593235,6.8120353,False,0.99459779,True,True,True,0.87664527,0.46679406,14.593235,6.8120353,0.87195877,0.46719352,14.291334,6.6768187,0.98896702,0.45733839,2.9530105,1.3505251,0.80721999,0.52715655,3.7011051,1.9510618,0.75937193,0.4452076,6.6129651,2.9441423,0.89014124,0.4816876,6.924453,3.3354231,0.89799005,0.46588942,6.4929463,3.024995,0.94181196,0.45674112,7.5303614,3.4394257
0b_gaussian_blur_best,file,18,baseline_gaussian_blur,6685,115.Brewer_Sparrow/Brewer_Sparrow_0069_796709.jpg,115,114,115.Brewer_Sparrow,131,130,identity,identity,0,{},3.6064963,3.6064963,0,0.027146788,0.027146788,0.46654257,0.46654257,-0.43939578,-0.43939578,0,1,1,160.16564,160.16564,False,1,True,False,False,1,1,160.16564,160.16564,1,1,156.48554,156.48554,1,1,34.136602,34.136602,1,1,20.50287,20.50287,1,1,77.070405,77.070405,1,1,78.561049,78.561049,1,1,77.60304,77.60304,1,1,77.028826,77.028826
0b_gaussian_blur_best,file,18,baseline_gaussian_blur,6685,115.Brewer_Sparrow/Brewer_Sparrow_0069_796709.jpg,115,114,115.Brewer_Sparrow,131,130,gaussian_blur,gaussian_blur,0,"{""sigma"":1.297887}",3.6064963,4.7870064,1.18051,0.027146788,0.0083373804,0.46654257,0.26305759,-0.43939578,-0.25472021,0.18467557,0.81626084,1.1775842,160.16564,188.60853,False,0.97821498,False,False,False,0.81626084,1.1775842,160.16564,188.60853,0.81125543,1.1845041,156.48554,185.35777,0.94686297,1.0213839,34.136602,34.866575,0.7278719,1.4891315,20.50287,30.531469,0.7356924,1.1892747,77.070405,91.65788,0.82465932,1.3808601,78.561049,108.48182,0.85000251,1.0704454,77.60304,83.069815,0.87462617,1.0349362,77.028826,79.719917
0b_gaussian_blur_best,file,18,baseline_gaussian_blur,15,001.Black_footed_Albatross/Black_Footed_Albatross_0040_796066.jpg,1,0,001.Black_footed_Albatross,3,2,identity,identity,0,{},0.039890204,0.039890204,0,0.96089494,0.96089494,0.017387342,0.017387342,0.9435076,0.9435076,0,1,1,5.8728607,5.8728607,False,1,True,True,True,1,1,5.8728607,5.8728607,1,1,5.7281056,5.7281056,1,1,1.2958774,1.2958774,1,1,1.1921108,1.1921108,1,1,2.4202109,2.4202109,1,1,2.8541711,2.8541711,1,1,2.9694687,2.9694687,1,1,2.9272185,2.9272185
0b_gaussian_blur_best,file,18,baseline_gaussian_blur,15,001.Black_footed_Albatross/Black_Footed_Albatross_0040_796066.jpg,1,0,001.Black_footed_Albatross,3,2,gaussian_blur,gaussian_blur,0,"{""sigma"":1.362482}",0.039890204,0.09406738,0.054177176,0.96089494,0.91022146,0.017387342,0.0397573,0.9435076,0.87046416,-0.073043443,0.87516731,2.3901531,5.8728607,14.037036,False,0.9882552,True,True,True,0.87516731,2.3901531,5.8728607,14.037036,0.86966273,2.3932916,5.7281056,13.709027,0.98605557,2.3279834,1.2958774,3.0167811,0.83458849,2.6749704,1.1921108,3.1888611,0.79688101,2.561777,2.4202109,6.2000406,0.86533676,2.4984458,2.8541711,7.1309918,0.8901667,2.302372,2.9694687,6.8368216,0.92421372,2.2069607,2.9272185,6.4602562
0b_gaussian_blur_best,file,18,baseline_gaussian_blur,2402,042.Vermilion_Flycatcher/Vermilion_Flycatcher_0065_42467.jpg,42,41,042.Vermilion_Flycatcher,17,16,identity,identity,0,{},0.0030505571,0.0030505571,0,0.99695408,0.99695408,0.0023017898,0.0023017898,0.99465229,0.99465229,0,1,1,0.54218539,0.54218539,False,1,True,True,True,1,1,0.54218539,0.54218539,1,1,0.53158112,0.53158112,1,1,0.10670759,0.10670759,1,1,0.10193804,0.10193804,1,1,0.21723091,0.21723091,1,1,0.2542647,0.2542647,1,1,0.27508704,0.27508704,1,1,0.29098872,0.29098872
0b_gaussian_blur_best,file,18,baseline_gaussian_blur,2402,042.Vermilion_Flycatcher/Vermilion_Flycatcher_0065_42467.jpg,42,41,042.Vermilion_Flycatcher,17,16,gaussian_blur,gaussian_blur,0,"{""sigma"":1.601276}",0.0030505571,0.0021942605,-0.00085629662,0.99695408,0.99780816,0.0023017898,0.0016435337,0.99465229,0.99616462,0.0015123311,0.88657953,0.73928386,0.54218539,0.40082891,False,0.99531239,True,True,True,0.88657953,0.73928386,0.54218539,0.40082891,0.88233861,0.7400954,0.53158112,0.39342074,0.99529873,0.7188506,0.10670759,0.076706812,0.67375901,0.90779977,0.10193804,0.092539326,0.78139179,0.77347766,0.21723091,0.16802326,0.88528173,0.73701659,0.2542647,0.18739731,0.91536649,0.72962884,0.27508704,0.20071144,0.94807999,0.70914553,0.29098872,0.20635335
0b_gaussian_blur_best,file,18,baseline_gaussian_blur,8836,151.Black_capped_Vireo/Black_Capped_Vireo_0022_797459.jpg,151,150,151.Black_capped_Vireo,9,8,identity,identity,0,{},0.0021910488,0.0021910488,0,0.99781138,0.99781138,0.00027816807,0.00027816807,0.99753321,0.99753321,0,1,1,0.31147521,0.31147521,False,1,True,True,True,1,1,0.31147521,0.31147521,1,1,0.30443177,0.30443177,1,1,0.065864305,0.065864305,1,1,0.067897131,0.067897131,1,1,0.1010715,0.1010715,1,1,0.13412739,0.13412739,1,1,0.15702309,0.15702309,1,1,0.18763482,0.18763482
0b_gaussian_blur_best,file,18,baseline_gaussian_blur,8836,151.Black_capped_Vireo/Black_Capped_Vireo_0022_797459.jpg,151,150,151.Black_capped_Vireo,9,8,gaussian_blur,gaussian_blur,0,"{""sigma"":1.038091}",0.0021910488,0.0024025168,0.00021146797,0.99781138,0.99760038,0.00027816807,0.0004419609,0.99753321,0.99715842,-0.00037479328,0.88431055,1.2095147,0.31147521,0.37673386,False,0.99419802,True,True,True,0.88431055,1.2095147,0.31147521,0.37673386,0.87980372,1.2137224,0.30443177,0.36949565,0.99203853,1.1158399,0.065864305,0.073494018,0.80691831,1.7911074,0.067897131,0.12161105,0.82119047,1.4071692,0.1010715,0.1422247,0.84637779,1.1790568,0.13412739,0.15814381,0.89567811,1.1661664,0.15702309,0.18311506,0.94593271,1.1047547,0.18763482,0.20729045
0b_gaussian_blur_best,file,18,baseline_gaussian_blur,11647,198.Rock_Wren/Rock_Wren_0080_189340.jpg,198,197,198.Rock_Wren,150,149,identity,identity,0,{},0.61107701,0.61107701,0,0.54276597,0.54276597,0.22145478,0.22145478,0.32131119,0.32131119,0,1,1,57.252397,57.252397,False,0.99999994,True,True,True,1,1,57.252397,57.252397,1,1,55.56005,55.56005,1,1,13.817302,13.817302,1,1,14.004904,14.004904,1,1,22.692986,22.692986,1,1,31.351664,31.351664,1,1,26.593249,26.593249,1,1,26.18554,26.18554
0b_gaussian_blur_best,file,18,baseline_gaussian_blur,11647,198.Rock_Wren/Rock_Wren_0080_189340.jpg,198,197,198.Rock_Wren,150,149,gaussian_blur,gaussian_blur,0,"{""sigma"":1.627343}",0.61107701,0.83677387,0.22569686,0.54276597,0.43310553,0.22145478,0.19283953,0.32131119,0.240266,-0.081045195,0.64756435,1.4520663,57.252397,83.134275,False,0.97838926,True,True,True,0.64756435,1.4520663,57.252397,83.134275,0.6312873,1.4595084,55.56005,81.090357,0.94007954,1.3259517,13.817302,18.321074,0.47673599,2.2098288,14.004904,30.94844,0.49982802,1.7756298,22.692986,40.294343,0.68235105,1.3081517,31.351664,41.012731,0.69412871,1.2759424,26.593249,33.931453,0.75859983,1.3011297,26.18554,34.070783
0b_gaussian_blur_best,file,18,baseline_gaussian_blur,9326,159.Black_and_white_Warbler/Black_And_White_Warbler_0081_110906.jpg,159,158,159.Black_and_white_Warbler,99,98,identity,identity,0,{},0.015006626,0.015006626,0,0.9851054,0.9851054,0.0072495039,0.0072495039,0.97785589,0.97785589,0,1,1,2.4413372,2.4413372,False,1,True,True,True,1,1,2.4413372,2.4413372,1,1,2.4002714,2.4002714,1,1,0.44589754,0.44589754,1,1,0.30957976,0.30957976,1,1,1.2686522,1.2686522,1,1,1.0339193,1.0339193,1,1,1.1494818,1.1494818,1,1,1.290615,1.290615
0b_gaussian_blur_best,file,18,baseline_gaussian_blur,9326,159.Black_and_white_Warbler/Black_And_White_Warbler_0081_110906.jpg,159,158,159.Black_and_white_Warbler,99,98,gaussian_blur,gaussian_blur,0,"{""sigma"":1.793537}",0.015006626,0.024420056,0.0094134305,0.9851054,0.97587568,0.0072495039,0.0067460435,0.97785589,0.96912963,-0.0087262592,0.75138454,1.5554006,2.4413372,3.7972574,False,0.97051287,True,True,True,0.75138454,1.5554006,2.4413372,3.7972574,0.74476866,1.5561618,2.4002714,3.7352106,0.94604537,1.5331814,0.44589754,0.6836418,0.48076743,2.4452225,0.30957976,0.75699138,0.66061999,1.4171259,1.2686522,1.7978399,0.72222234,1.8070395,1.0339193,1.8683331,0.7613368,1.537216,1.1494818,1.7670018,0.87231816,1.4564988,1.290615,1.8797792
0b_gaussian_blur_best,file,18,baseline_gaussian_blur,533,010.Red_winged_Blackbird/Red_Winged_Blackbird_0020_4050.jpg,10,9,010.Red_winged_Blackbird,26,25,identity,identity,0,{},0.0038484097,0.0038484097,0,0.99615896,0.99615896,0.00087237981,0.00087237981,0.99528658,0.99528658,0,1,1,0.46671691,0.46671691,False,1,True,True,True,1,1,0.46671691,0.46671691,1,1,0.45369734,0.45369734,1,1,0.10946872,0.10946872,1,1,0.099445917,0.099445917,1,1,0.14779383,0.14779383,1,1,0.19229713,0.19229713,1,1,0.20610211,0.20610211,1,1,0.30765647,0.30765647
0b_gaussian_blur_best,file,18,baseline_gaussian_blur,533,010.Red_winged_Blackbird/Red_Winged_Blackbird_0020_4050.jpg,10,9,010.Red_winged_Blackbird,26,25,gaussian_blur,gaussian_blur,0,"{""sigma"":1.375235}",0.0038484097,0.0093173673,0.0054689576,0.99615896,0.99072587,0.00087237981,0.002551137,0.99528658,0.98817474,-0.0071118398,0.84049191,2.5593291,0.46671691,1.1944822,False,0.99243635,True,True,True,0.84049191,2.5593291,0.46671691,1.1944822,0.83274612,2.5711942,0.45369734,1.166544,0.98965329,2.3461702,0.10946872,0.25683225,0.52584329,3.5072521,0.099445917,0.3487819,0.7026283,2.9240169,0.14779383,0.43215164,0.83808837,2.7235143,0.19229713,0.52372398,0.83070926,2.4676699,0.20610211,0.50859197,0.92964986,2.3426828,0.30765647,0.72074153
0b_gaussian_blur_best,file,18,baseline_gaussian_blur,11755,200.Common_Yellowthroat/Common_Yellowthroat_0009_190578.jpg,200,199,200.Common_Yellowthroat,20,19,identity,identity,0,{},0.037221119,0.037221119,0,0.96346307,0.96346307,0.0076913186,0.0076913186,0.95577175,0.95577175,0,1,1,5.2632901,5.2632901,False,1,True,True,True,1,1,5.2632901,5.2632901,1,1,5.1616532,5.1616532,1,1,1.0293487,1.0293487,1,1,0.92749999,0.92749999,1,1,1.9249472,1.9249472,1,1,2.6202522,2.6202522,1,1,2.8596322,2.8596322,1,1,2.6521251,2.6521251
0b_gaussian_blur_best,file,18,baseline_gaussian_blur,11755,200.Common_Yellowthroat/Common_Yellowthroat_0009_190578.jpg,200,199,200.Common_Yellowthroat,20,19,gaussian_blur,gaussian_blur,0,"{""sigma"":1.916883}",0.037221119,0.27843791,0.24121679,0.96346307,0.75696528,0.0076913186,0.1012094,0.95577175,0.65575588,-0.30001587,0.64497449,9.0454031,5.2632901,47.60858,False,0.95790416,True,True,True,0.64497449,9.0454031,5.2632901,47.60858,0.63612115,9.1064773,5.1616532,47.004477,0.93549221,7.3446045,1.0293487,7.5601593,0.34098252,18.729427,0.92749999,17.371544,0.47850353,10.169055,1.9249472,19.574895,0.65125708,9.5727023,2.6202522,25.082894,0.73725301,8.1967923,2.8596322,23.439811,0.78239224,7.0126105,2.6521251,18.59832
0b_gaussian_blur_best,file,18,baseline_gaussian_blur,5637,097.Orchard_Oriole/Orchard_Oriole_0005_91682.jpg,97,96,097.Orchard_Oriole,95,94,identity,identity,0,{},0.75784445,0.75784445,0,0.46867558,0.46867558,0.36491758,0.36491758,0.10375801,0.10375801,0,1,1,84.555549,84.555549,False,1,True,True,True,1,1,84.555549,84.555549,1,1,83.125119,83.125119,1,1,15.487273,15.487273,1,1,18.701202,18.701202,1,1,32.664338,32.664338,1,1,41.658651,41.658651,1,1,42.180322,42.180322,1,1,44.47998,44.47998
0b_gaussian_blur_best,file,18,baseline_gaussian_blur,5637,097.Orchard_Oriole/Orchard_Oriole_0005_91682.jpg,97,96,097.Orchard_Oriole,95,94,gaussian_blur,gaussian_blur,0,"{""sigma"":1.45218}",0.75784445,1.0733488,0.31550431,0.46867558,0.34186181,0.36491758,0.54684973,0.10375801,-0.20498791,-0.30874592,0.87712922,1.4579012,84.555549,123.27364,False,0.99083149,False,True,False,0.87712922,1.4579012,84.555549,123.27364,0.87374269,1.4616484,83.125119,121.4997,0.98602843,1.3454771,15.487273,20.83777,0.80913911,1.9251144,18.701202,36.001954,0.77303057,1.5712765,32.664338,51.324707,0.87365464,1.4295653,41.658651,59.55376,0.90271075,1.4148506,42.180322,59.678854,0.93725503,1.3718816,44.47998,61.021265
0b_gaussian_blur_best,file,18,baseline_gaussian_blur,2487,044.Frigatebird/Frigatebird_0080_43064.jpg,44,43,044.Frigatebird,24,23,identity,identity,0,{},0.0021192015,0.0021192015,0,0.99788302,0.99788302,0.00021275016,0.00021275016,0.99767027,0.99767027,0,1,1,0.4139192,0.4139192,False,1,True,True,True,1,1,0.4139192,0.4139192,1,1,0.40839297,0.40839297,1,1,0.067411327,0.067411327,1,1,0.11688902,0.11688902,1,1,0.15887333,0.15887333,1,1,0.17868588,0.17868588,1,1,0.20554276,0.20554276,1,1,0.23174246,0.23174246
0b_gaussian_blur_best,file,18,baseline_gaussian_blur,2487,044.Frigatebird/Frigatebird_0080_43064.jpg,44,43,044.Frigatebird,24,23,gaussian_blur,gaussian_blur,0,"{""sigma"":1.033653}",0.0021192015,0.00069177058,-0.0014274309,0.99788302,0.99930847,0.00021275016,6.1289684e-05,0.99767027,0.99924718,0.0015769056,0.87467924,0.33134208,0.4139192,0.13714885,False,0.99365491,True,True,True,0.87467924,0.33134208,0.4139192,0.13714885,0.87133451,0.33087807,0.40839297,0.13512828,0.99249233,0.34794434,0.067411327,0.02345539,0.82789725,0.35423414,0.11688902,0.04140608,0.79415614,0.33073772,0.15887333,0.052545404,0.82937688,0.32523369,0.17868588,0.05811467,0.88036496,0.32890252,0.20554276,0.06760353,0.93777003,0.3296666,0.23174246,0.076397751
0b_gaussian_blur_best,file,18,baseline_gaussian_blur,7243,124.Le_Conte_Sparrow/Le_Conte_Sparrow_0078_117052.jpg,124,123,124.Le_Conte_Sparrow,126,125,identity,identity,0,{},0.17901932,0.17901932,0,0.83608973,0.83608973,0.14450896,0.14450896,0.69158077,0.69158077,0,1,1,21.790427,21.790427,False,0.99999988,True,True,True,1,1,21.790427,21.790427,1,1,20.974661,20.974661,1,1,5.9064634,5.9064634,1,1,3.3417896,3.3417896,1,1,8.5953373,8.5953373,1,1,11.818996,11.818996,1,1,10.245257,10.245257,1,1,10.49929,10.49929
0b_gaussian_blur_best,file,18,baseline_gaussian_blur,7243,124.Le_Conte_Sparrow/Le_Conte_Sparrow_0078_117052.jpg,124,123,124.Le_Conte_Sparrow,126,125,gaussian_blur,gaussian_blur,0,"{""sigma"":1.121187}",0.17901932,0.15501155,-0.024007767,0.83608973,0.85640532,0.14450896,0.12273015,0.69158077,0.73367517,0.042094395,0.87940664,0.93059743,21.790427,20.278116,False,0.99298882,True,True,True,0.87940664,0.93059743,21.790427,20.278116,0.87089565,0.93369927,20.974661,19.584026,0.99284989,0.89055469,5.9064634,5.2600287,0.75079576,1.3546796,3.3417896,4.5270543,0.76998432,1.0491007,8.5953373,9.0173745,0.8998256,0.92297137,11.818996,10.908595,0.90092798,0.87213267,10.245257,8.9352231,0.92280197,0.86714989,10.49929,9.1044579
0b_gaussian_blur_best,file,18,baseline_gaussian_blur,3438,060.Glaucous_winged_Gull/Glaucous_Winged_Gull_0093_44724.jpg,60,59,060.Glaucous_winged_Gull,64,63,identity,identity,0,{},1.8901119,1.8901119,0,0.1510549,0.1510549,0.33456656,0.33456656,-0.18351166,-0.18351166,0,1,1,149.46839,149.46839,False,0.99999988,True,False,False,1,1,149.46839,149.46839,1,1,147.3888,147.3888,1,1,24.846325,24.846325,1,1,30.865912,30.865912,1,1,72.358542,72.358542,1,1,73.632504,73.632504,1,1,73.10582,73.10582,1,1,69.056427,69.056427
0b_gaussian_blur_best,file,18,baseline_gaussian_blur,3438,060.Glaucous_winged_Gull/Glaucous_Winged_Gull_0093_44724.jpg,60,59,060.Glaucous_winged_Gull,64,63,gaussian_blur,gaussian_blur,0,"{""sigma"":1.128844}",1.8901119,2.6629863,0.77287436,0.1510549,0.06973964,0.33456656,0.16007447,-0.18351166,-0.090334833,0.093176827,0.75863438,1.0978391,149.46839,164.09225,False,0.97848201,False,False,False,0.75863438,1.0978391,149.46839,164.09225,0.7539643,1.0929383,147.3888,161.08687,0.90867814,1.2581981,24.846325,31.261598,0.29946903,1.3364971,30.865912,41.252201,0.71429937,0.95442338,72.358542,69.060684,0.74869356,1.0994984,73.632504,80.958824,0.81447098,1.1073649,73.10582,80.954818,0.84674034,1.1557403,69.056427,79.811294
0b_gaussian_blur_best,file,18,baseline_gaussian_blur,2254,040.Olive_sided_Flycatcher/Olive_Sided_Flycatcher_0086_30553.jpg,40,39,040.Olive_sided_Flycatcher,38,37,identity,identity,0,{},0.2260139,0.2260139,0,0.79770702,0.79770702,0.093380339,0.093380339,0.70432668,0.70432668,0,1,1,38.414791,38.414791,False,0.99999988,True,True,True,1,1,38.414791,38.414791,1,1,37.789375,37.789375,1,1,6.9035766,6.9035766,1,1,9.8653097,9.8653097,1,1,17.569923,17.569923,1,1,20.712909,20.712909,1,1,17.910486,17.910486,1,1,16.49849,16.49849
0b_gaussian_blur_best,file,18,baseline_gaussian_blur,2254,040.Olive_sided_Flycatcher/Olive_Sided_Flycatcher_0086_30553.jpg,40,39,040.Olive_sided_Flycatcher,38,37,gaussian_blur,gaussian_blur,0,"{""sigma"":1.46837}",0.2260139,0.97003567,0.74402177,0.79770702,0.37906951,0.093380339,0.2517285,0.70432668,0.127341,-0.57698568,0.82130492,2.9088976,38.414791,111.7447,False,0.97257793,True,True,True,0.82130492,2.9088976,38.414791,111.7447,0.81665306,2.91304,37.789375,110.08196,0.96810463,2.7819196,6.9035766,19.205195,0.68755695,4.1466145,9.8653097,40.907636,0.76383954,2.877462,17.569923,50.556787,0.83964442,2.7378416,20.712909,56.708665,0.85823065,2.7595577,17.910486,49.42502,0.89240628,2.8621959,16.49849,47.22191
0b_gaussian_blur_best,file,18,baseline_gaussian_blur,368,007.Parakeet_Auklet/Parakeet_Auklet_0019_795987.jpg,7,6,007.Parakeet_Auklet,6,5,identity,identity,0,{},0.29613501,0.29613501,0,0.74368703,0.74368703,0.16403547,0.16403547,0.57965156,0.57965156,0,1,1,41.435768,41.435768,False,1,True,True,True,1,1,41.435768,41.435768,1,1,40.440143,40.440143,1,1,9.0287163,9.0287163,1,1,10.608834,10.608834,1,1,16.12281,16.12281,1,1,22.073702,22.073702,1,1,18.756527,18.756527,1,1,20.587791,20.587791
0b_gaussian_blur_best,file,18,baseline_gaussian_blur,368,007.Parakeet_Auklet/Parakeet_Auklet_0019_795987.jpg,7,6,007.Parakeet_Auklet,6,5,gaussian_blur,gaussian_blur,0,"{""sigma"":1.29122}",0.29613501,0.53638017,0.24024516,0.74368703,0.58486152,0.16403547,0.23536214,0.57965156,0.34949937,-0.23015219,0.85715032,1.7270965,41.435768,71.563568,False,0.98652583,True,True,True,0.85715032,1.7270965,41.435768,71.563568,0.85151259,1.7340028,40.440143,70.123322,0.98455044,1.5821851,9.0287163,14.2851,0.80242176,2.2460927,10.608834,23.828424,0.75702293,1.773387,16.12281,28.591982,0.88008227,1.7422847,22.073702,38.458673,0.85339304,1.6803103,18.756527,31.516784,0.91215188,1.5811126,20.587791,32.551617
0b_gaussian_blur_best,file,18,baseline_gaussian_blur,11657,198.Rock_Wren/Rock_Wren_0123_189405.jpg,198,197,198.Rock_Wren,91,90,identity,identity,0,{},0.083320282,0.083320282,0,0.9200564,0.9200564,0.031216435,0.031216435,0.88883997,0.88883997,0,1,1,13.825763,13.825763,False,1,True,True,True,1,1,13.825763,13.825763,1,1,13.613918,13.613918,1,1,2.4110114,2.4110114,1,1,3.4763938,3.4763938,1,1,6.5042318,6.5042318,1,1,7.0014948,7.0014948,1,1,6.2700116,6.2700116,1,1,6.5279733,6.5279733
0b_gaussian_blur_best,file,18,baseline_gaussian_blur,11657,198.Rock_Wren/Rock_Wren_0123_189405.jpg,198,197,198.Rock_Wren,91,90,gaussian_blur,gaussian_blur,0,"{""sigma"":1.977907}",0.083320282,0.37846911,0.29514883,0.9200564,0.68490911,0.031216435,0.17764153,0.88883997,0.50726758,-0.38157239,0.66731883,4.8033686,13.825763,66.410237,False,0.96509349,True,True,True,0.66731883,4.8033686,13.825763,66.410237,0.6596037,4.8201922,13.613918,65.6217,0.95299569,4.2320559,2.4110114,10.203535,0.22675282,6.916672,3.4763938,24.045075,0.56258719,5.1416333,6.5042318,33.442375,0.70956365,4.6627652,7.0014948,32.646326,0.77716977,4.5274013,6.2700116,28.386859,0.83131202,4.1616487,6.5279733,27.167131
0b_gaussian_blur_best,file,18,baseline_gaussian_blur,8625,147.Least_Tern/Least_Tern_0056_153965.jpg,147,146,147.Least_Tern,71,70,identity,identity,0,{},4.4576631,4.4576631,0,0.011589417,0.011589417,0.34896809,0.34896809,-0.33737867,-0.33737867,0,1,1,120.8767,120.8767,False,1,True,False,False,1,1,120.8767,120.8767,1,1,117.8316,117.8316,1,1,26.960947,26.960947,1,1,21.226526,21.226526,1,1,54.466138,54.466138,1,1,58.831184,58.831184,1,1,55.081031,55.081031,1,1,63.024846,63.024846
0b_gaussian_blur_best,file,18,baseline_gaussian_blur,8625,147.Least_Tern/Least_Tern_0056_153965.jpg,147,146,147.Least_Tern,71,70,gaussian_blur,gaussian_blur,0,"{""sigma"":1.698991}",4.4576631,4.0797291,-0.37793398,0.011589417,0.016912043,0.34896809,0.43466917,-0.33737867,-0.41775712,-0.080378452,0.83913353,1.344739,120.8767,162.54762,False,0.98084646,True,False,False,0.83913353,1.344739,120.8767,162.54762,0.83327624,1.3531832,117.8316,159.44773,0.97665172,1.1718241,26.960947,31.593487,0.77479394,2.1250642,21.226526,45.107732,0.80771905,1.4986807,54.466138,81.627353,0.83034824,1.3428836,58.831184,79.003429,0.84744814,1.2804008,55.081031,70.525796,0.89159365,1.1778242,63.024846,74.232187
0b_gaussian_blur_best,file,18,baseline_gaussian_blur,6663,114.Black_throated_Sparrow/Black_Throated_Sparrow_0066_106974.jpg,114,113,114.Black_throated_Sparrow,85,84,identity,identity,0,{},0.0046996139,0.0046996139,0,0.99531144,0.99531144,0.0014151481,0.0014151481,0.99389629,0.99389629,0,1,1,0.68753802,0.68753802,False,1,True,True,True,1,1,0.68753802,0.68753802,1,1,0.67224804,0.67224804,1,1,0.1441912,0.1441912,1,1,0.10158214,0.10158214,1,1,0.31667833,0.31667833,1,1,0.31007471,0.31007471,1,1,0.34468432,0.34468432,1,1,0.35547114,0.35547114
0b_gaussian_blur_best,file,18,baseline_gaussian_blur,6663,114.Black_throated_Sparrow/Black_Throated_Sparrow_0066_106974.jpg,114,113,114.Black_throated_Sparrow,85,84,gaussian_blur,gaussian_blur,0,"{""sigma"":1.827235}",0.0046996139,0.0025654281,-0.0021341858,0.99531144,0.99743783,0.0014151481,0.00078058639,0.99389629,0.99665725,0.0027609575,0.72641136,0.52740159,0.68753802,0.36260865,False,0.97968096,True,True,True,0.72641136,0.52740159,0.68753802,0.36260865,0.71510187,0.52639747,0.67224804,0.35386967,0.96281292,0.54877356,0.1441912,0.079128319,0.39796008,0.7544999,0.10158214,0.076643718,0.58783169,0.491686,0.31667833,0.1557063,0.62988937,0.52299656,0.31007471,0.16216801,0.75935855,0.51178325,0.34468432,0.17640366,0.87213503,0.54613376,0.35547114,0.19413479
0b_gaussian_blur_best,file,18,baseline_gaussian_blur,7200,123.Henslow_Sparrow/Henslow_Sparrow_0006_796607.jpg,123,122,123.Henslow_Sparrow,124,123,identity,identity,0,{},0.001281751,0.001281751,0,0.9987191,0.9987191,0.00084843318,0.00084843318,0.99787066,0.99787066,0,1,1,0.14942447,0.14942447,False,1,True,True,True,1,1,0.14942447,0.14942447,1,1,0.1416234,0.1416234,1,1,0.047649613,0.047649613,1,1,0.017439181,0.017439181,1,1,0.05972641,0.05972641,1,1,0.070682353,0.070682353,1,1,0.065375691,0.065375691,1,1,0.083161544,0.083161544
0b_gaussian_blur_best,file,18,baseline_gaussian_blur,7200,123.Henslow_Sparrow/Henslow_Sparrow_0006_796607.jpg,123,122,123.Henslow_Sparrow,124,123,gaussian_blur,gaussian_blur,0,"{""sigma"":1.936141}",0.001281751,0.0038253719,0.0025436209,0.9987191,0.99618196,0.00084843318,0.003462635,0.99787066,0.99271933,-0.0051513331,0.78621438,4.2584303,0.14942447,0.6363137,False,0.9830218,True,True,True,0.78621438,4.2584303,0.14942447,0.6363137,0.77072468,4.332588,0.1416234,0.61359584,0.96873044,3.536418,0.047649613,0.16850895,0.62329896,6.2779881,0.017439181,0.10948297,0.67680671,4.8569792,0.05972641,0.29008993,0.78445278,4.8057574,0.070682353,0.33968224,0.78190455,4.06262,0.065375691,0.26559659,0.84709282,3.6952627,0.083161544,0.30730375
0b_gaussian_blur_best,file,18,baseline_gaussian_blur,9896,169.Magnolia_Warbler/Magnolia_Warbler_0018_165958.jpg,169,168,169.Magnolia_Warbler,176,175,identity,identity,0,{},0.0028575324,0.0028575324,0,0.99714655,0.99714655,0.00089503394,0.00089503394,0.99625151,0.99625151,0,1,1,0.38902554,0.38902554,False,1,True,True,True,1,1,0.38902554,0.38902554,1,1,0.37965238,0.37965238,1,1,0.084881953,0.084881953,1,1,0.070875331,0.070875331,1,1,0.11831547,0.11831547,1,1,0.16673772,0.16673772,1,1,0.20056607,0.20056607,1,1,0.23892645,0.23892645
0b_gaussian_blur_best,file,18,baseline_gaussian_blur,9896,169.Magnolia_Warbler/Magnolia_Warbler_0018_165958.jpg,169,168,169.Magnolia_Warbler,176,175,gaussian_blur,gaussian_blur,0,"{""sigma"":1.311954}",0.0028575324,0.0032478224,0.00039029005,0.99714655,0.99675745,0.00089503394,0.0010770139,0.99625151,0.99568043,-0.00057107909,0.88561634,1.2161417,0.38902554,0.47311017,False,0.99671096,True,True,True,0.88561634,1.2161417,0.38902554,0.47311017,0.88057038,1.219779,0.37965238,0.46309199,0.99542566,1.1409426,0.084881953,0.096845437,0.66271773,1.7494181,0.070875331,0.12399058,0.71162324,1.3882054,0.11831547,0.16424617,0.87861796,1.2028268,0.16673772,0.2005566,0.91073682,1.1767642,0.20056607,0.23601896,0.95036665,1.1551659,0.23892645,0.27599968
0b_gaussian_blur_best,file,18,baseline_gaussian_blur,3746,065.Slaty_backed_Gull/Slaty_Backed_Gull_0033_796023.jpg,65,64,065.Slaty_backed_Gull,84,83,identity,identity,0,{},0.5052985,0.5052985,0,0.60332543,0.60332543,0.1636219,0.1636219,0.43970352,0.43970352,0,1,1,61.420174,61.420174,False,1,True,True,True,1,1,61.420174,61.420174,1,1,59.576653,59.576653,1,1,14.935199,14.935199,1,1,11.498368,11.498368,1,1,29.821212,29.821212,1,1,30.34556,30.34556,1,1,26.943671,26.943671,1,1,29.68242,29.68242
0b_gaussian_blur_best,file,18,baseline_gaussian_blur,3746,065.Slaty_backed_Gull/Slaty_Backed_Gull_0033_796023.jpg,65,64,065.Slaty_backed_Gull,84,83,gaussian_blur,gaussian_blur,0,"{""sigma"":1.327994}",0.5052985,0.4956401,-0.0096583962,0.60332543,0.60918087,0.1636219,0.13488968,0.43970352,0.47429119,0.034587666,0.87257243,1.0550154,61.420174,64.799232,False,0.98998475,True,True,True,0.87257243,1.0550154,61.420174,64.799232,0.86666099,1.0621284,59.576653,63.278055,0.9862492,0.93457661,14.935199,13.958088,0.76838809,1.3544648,11.498368,15.574136,0.82669599,1.1246696,29.821212,33.539011,0.8733892,1.0320701,30.34556,31.318744,0.88733948,1.0366223,26.943671,27.930409,0.91641325,0.99697385,29.68242,29.592596
0b_gaussian_blur_best,file,18,baseline_gaussian_blur,5003,086.Pacific_Loon/Pacific_Loon_0019_75422.jpg,86,85,086.Pacific_Loon,25,24,identity,identity,0,{},1.1601793,1.1601793,0,0.31343001,0.31343001,0.42465797,0.42465797,-0.11122796,-0.11122796,0,1,1,157.38688,157.38688,False,1,True,False,False,1,1,157.38688,157.38688,1,1,155.0065,155.0065,1,1,27.269279,27.269279,1,1,50.3383,50.3383,1,1,64.237837,64.237837,1,1,81.517331,81.517331,1,1,74.86693,74.86693,1,1,71.52929,71.52929
0b_gaussian_blur_best,file,18,baseline_gaussian_blur,5003,086.Pacific_Loon/Pacific_Loon_0019_75422.jpg,86,85,086.Pacific_Loon,25,24,gaussian_blur,gaussian_blur,0,"{""sigma"":1.933606}",1.1601793,3.9334579,2.7732786,0.31343001,0.019575868,0.42465797,0.3807942,-0.11122796,-0.36121833,-0.24999037,0.64502947,1.3993574,157.38688,220.2405,False,0.91676652,False,False,False,0.64502947,1.3993574,157.38688,220.2405,0.63791047,1.3991242,155.0065,216.87334,0.8737949,1.4068744,27.269279,38.364451,0.46408962,2.0000914,50.3383,100.6812,0.50611827,1.3321339,64.237837,85.573398,0.66672782,1.3369654,81.517331,108.98585,0.72996112,1.2790011,74.86693,95.754886,0.7802591,1.2910114,71.52929,92.345127
0b_gaussian_blur_best,file,18,baseline_gaussian_blur,5946,102.Western_Wood_Pewee/Western_Wood_Pewee_0041_795048.jpg,102,101,102.Western_Wood_Pewee,40,39,identity,identity,0,{},1.8959152,1.8959152,0,0.15018083,0.15018083,0.80148286,0.80148286,-0.65130202,-0.65130202,0,1,1,140.11367,140.11367,False,0.99999994,True,False,False,1,1,140.11367,140.11367,1,1,136.01942,136.01942,1,1,33.623778,33.623778,1,1,39.843458,39.843458,1,1,56.51932,56.51932,1,1,64.347214,64.347214,1,1,67.372589,67.372589,1,1,70.99097,70.99097
0b_gaussian_blur_best,file,18,baseline_gaussian_blur,5946,102.Western_Wood_Pewee/Western_Wood_Pewee_0041_795048.jpg,102,101,102.Western_Wood_Pewee,40,39,gaussian_blur,gaussian_blur,0,"{""sigma"":1.697541}",1.8959152,2.1395907,0.24367559,0.15018083,0.11770301,0.80148286,0.85332847,-0.65130202,-0.73562546,-0.084323436,0.76370417,1.0870625,140.11367,152.31232,False,0.98830843,True,False,False,0.76370417,1.0870625,140.11367,152.31232,0.74955452,1.0849557,136.01942,147.57505,0.98820172,1.1209775,33.623778,37.691498,0.30360636,1.2278564,39.843458,48.922046,0.61068103,1.1718897,56.51932,66.234409,0.76935602,1.0537337,64.347214,67.804826,0.85562179,1.0199728,67.372589,68.718208,0.9066128,1.0614701,70.99097,75.35479
0b_gaussian_blur_best,file,18,baseline_gaussian_blur,7141,122.Harris_Sparrow/Harris_Sparrow_0039_116409.jpg,122,121,122.Harris_Sparrow,99,98,identity,identity,0,{},0.43010712,0.43010712,0,0.65043944,0.65043944,0.14677699,0.14677699,0.50366245,0.50366245,0,1,1,56.877679,56.877679,False,0.99999988,True,True,True,1,1,56.877679,56.877679,1,1,55.866463,55.866463,1,1,10.677483,10.677483,1,1,13.002267,13.002267,1,1,26.933231,26.933231,1,1,29.992237,29.992237,1,1,28.288278,28.288278,1,1,22.953057,22.953057
0b_gaussian_blur_best,file,18,baseline_gaussian_blur,7141,122.Harris_Sparrow/Harris_Sparrow_0039_116409.jpg,122,121,122.Harris_Sparrow,99,98,gaussian_blur,gaussian_blur,0,"{""sigma"":1.950042}",0.43010712,0.34156978,-0.088537335,0.65043944,0.71065384,0.14677699,0.023394078,0.50366245,0.68725976,0.18359731,0.57452803,1.0801352,56.877679,61.435584,False,0.95870543,True,True,True,0.57452803,1.0801352,56.877679,61.435584,0.56689156,1.0884546,55.866463,60.808108,0.87445418,0.82024382,10.677483,8.7581394,0.31676261,1.5207668,13.002267,19.773417,0.31363498,0.99423022,26.933231,26.777832,0.6428359,1.2326782,29.992237,36.970776,0.70740021,0.99169218,28.288278,28.053264,0.71793165,0.90946097,22.953057,20.87491
0b_gaussian_blur_best,file,18,baseline_gaussian_blur,3375,059.California_Gull/California_Gull_0111_41033.jpg,59,58,059.California_Gull,64,63,identity,identity,0,{},0.027518911,0.027518911,0,0.97285628,0.97285628,0.018031018,0.018031018,0.95482527,0.95482527,0,1,1,3.0235657,3.0235657,False,1,True,True,True,1,1,3.0235657,3.0235657,1,1,2.8255846,2.8255846,1,1,1.0761139,1.0761139,1,1,0.46577588,0.46577588,1,1,1.0212373,1.0212373,1,1,1.3347511,1.3347511,1,1,1.3811689,1.3811689,1,1,1.7420871,1.7420871
0b_gaussian_blur_best,file,18,baseline_gaussian_blur,3375,059.California_Gull/California_Gull_0111_41033.jpg,59,58,059.California_Gull,64,63,gaussian_blur,gaussian_blur,0,"{""sigma"":1.107158}",0.027518911,0.018949198,-0.0085697137,0.97285628,0.98122919,0.018031018,0.010765898,0.95482527,0.97046329,0.015638023,0.89110966,0.66953106,3.0235657,2.0243712,False,0.99715757,True,True,True,0.89110966,0.66953106,3.0235657,2.0243712,0.87605129,0.66735645,2.8255846,1.8856721,0.99259783,0.68433581,1.0761139,0.73642331,0.73935722,1.1393282,0.46577588,0.5306716,0.72730458,0.67321223,1.0212373,0.68750942,0.85909735,0.62870748,1.3347511,0.83916803,0.90980179,0.62810237,1.3811689,0.86751545,0.95139224,0.66564319,1.7420871,1.1596084
0b_gaussian_blur_best,file,18,baseline_gaussian_blur,1165,021.Eastern_Towhee/Eastern_Towhee_0082_22330.jpg,21,20,021.Eastern_Towhee,158,157,identity,identity,0,{},0.14476715,0.14476715,0,0.86522371,0.86522371,0.023003548,0.023003548,0.84222016,0.84222016,0,1,1,16.123416,16.123416,False,1,True,True,True,1,1,16.123416,16.123416,1,1,15.785667,15.785667,1,1,3.282877,3.282877,1,1,3.6866035,3.6866035,1,1,6.1276434,6.1276434,1,1,7.1219335,7.1219335,1,1,7.7434919,7.7434919,1,1,9.3469037,9.3469037
0b_gaussian_blur_best,file,18,baseline_gaussian_blur,1165,021.Eastern_Towhee/Eastern_Towhee_0082_22330.jpg,21,20,021.Eastern_Towhee,158,157,gaussian_blur,gaussian_blur,0,"{""sigma"":1.037438}",0.14476715,0.25217494,0.10740779,0.86522371,0.77710879,0.023003548,0.035006247,0.84222016,0.74210254,-0.10011762,0.88566291,1.663919,16.123416,26.828059,False,0.99301195,True,True,True,0.88566291,1.663919,16.123416,26.828059,0.8811259,1.6650908,15.785667,26.284569,0.99251904,1.636591,3.282877,5.3727268,0.90502778,2.1027815,3.6866035,7.7521215,0.77542922,1.5728627,6.1276434,9.6379419,0.85208454,1.6277415,7.1219335,11.592667,0.88881559,1.6709121,7.7434919,12.938694,0.93675573,1.6438957,9.3469037,15.365334
0b_gaussian_blur_best,file,18,baseline_gaussian_blur,1171,021.Eastern_Towhee/Eastern_Towhee_0027_22372.jpg,21,20,021.Eastern_Towhee,195,194,identity,identity,0,{},7.4406037,7.4406037,0,0.00058693078,0.00058693078,0.85563946,0.85563946,-0.85505253,-0.85505253,0,1,1,225.49271,225.49271,False,0.99999988,True,False,False,1,1,225.49271,225.49271,1,1,222.22176,222.22176,1,1,38.268143,38.268143,1,1,65.001618,65.001618,1,1,104.8415,104.8415,1,1,108.90241,108.90241,1,1,106.61433,106.61433,1,1,104.59068,104.59068
0b_gaussian_blur_best,file,18,baseline_gaussian_blur,1171,021.Eastern_Towhee/Eastern_Towhee_0027_22372.jpg,21,20,021.Eastern_Towhee,195,194,gaussian_blur,gaussian_blur,0,"{""sigma"":1.222764}",7.4406037,6.6765079,-0.76409578,0.00058693078,0.0012601709,0.85563946,0.85481203,-0.85505253,-0.85355186,0.0015006718,0.85076693,1.0274816,225.49271,231.6896,False,0.97802871,True,False,False,0.85076693,1.0274816,225.49271,231.6896,0.84693873,1.0269726,222.22176,228.21566,0.97780943,1.0444985,38.268143,39.971019,0.80002508,1.2506527,65.001618,81.294451,0.80391355,0.95136924,104.8415,99.742982,0.82116166,0.99162441,108.90241,107.99029,0.87805557,1.028086,106.61433,109.6087,0.91346467,1.0407521,104.59068,108.85297
0b_gaussian_blur_best,file,18,baseline_gaussian_blur,6988,120.Fox_Sparrow/Fox_Sparrow_0116_115311.jpg,120,119,120.Fox_Sparrow,125,124,identity,identity,0,{},0.095547073,0.095547073,0,0.90887558,0.90887558,0.01167743,0.01167743,0.89719815,0.89719815,0,1,1,12.140251,12.140251,False,0.99999994,True,True,True,1,1,12.140251,12.140251,1,1,11.954097,11.954097,1,1,2.1178416,2.1178416,1,1,2.1160946,2.1160946,1,1,5.0174497,5.0174497,1,1,6.7135283,6.7135283,1,1,5.5840092,5.5840092,1,1,6.0823649,6.0823649
0b_gaussian_blur_best,file,18,baseline_gaussian_blur,6988,120.Fox_Sparrow/Fox_Sparrow_0116_115311.jpg,120,119,120.Fox_Sparrow,125,124,gaussian_blur,gaussian_blur,0,"{""sigma"":1.701216}",0.095547073,0.07059484,-0.024952233,0.90887558,0.93183935,0.01167743,0.011482612,0.89719815,0.92035673,0.02315858,0.78872197,0.85228885,12.140251,10.347001,False,0.9763822,True,True,True,0.78872197,0.85228885,12.140251,10.347001,0.78351857,0.85451152,11.954097,10.214914,0.97413016,0.77815808,2.1178416,1.6480155,0.63319683,1.1380275,2.1160946,2.4081739,0.64701726,0.91727247,5.0174497,4.6023685,0.83532427,0.91395292,6.7135283,6.1358488,0.7965886,0.78574497,5.5840092,4.3876071,0.85704636,0.74373615,6.0823649,4.5236746
0b_gaussian_blur_best,file,18,baseline_gaussian_blur,1860,033.Yellow_billed_Cuckoo/Yellow_Billed_Cuckoo_0121_26807.jpg,33,32,033.Yellow_billed_Cuckoo,32,31,identity,identity,0,{},0.04341092,0.04341092,0,0.95751786,0.95751786,0.024311349,0.024311349,0.93320651,0.93320651,0,1,1,6.7771297,6.7771297,False,0.99999988,True,True,True,1,1,6.7771297,6.7771297,1,1,6.5656957,6.5656957,1,1,1.6796212,1.6796212,1,1,1.2995036,1.2995036,1,1,2.4445567,2.4445567,1,1,3.3962655,3.3962655,1,1,3.5808735,3.5808735,1,1,3.3296423,3.3296423
0b_gaussian_blur_best,file,18,baseline_gaussian_blur,1860,033.Yellow_billed_Cuckoo/Yellow_Billed_Cuckoo_0121_26807.jpg,33,32,033.Yellow_billed_Cuckoo,32,31,gaussian_blur,gaussian_blur,0,"{""sigma"":1.692276}",0.04341092,0.035990164,-0.0074207559,0.95751786,0.9646498,0.024311349,0.025121646,0.93320651,0.93952815,0.006321637,0.75903551,1.0101138,6.7771297,6.8456722,False,0.97775888,True,True,True,0.75903551,1.0101138,6.7771297,6.8456722,0.74633167,1.0144553,6.5656957,6.6606046,0.97025264,0.94128628,1.6796212,1.5810044,0.64561509,1.4503842,1.2995036,1.8847795,0.48734034,1.1486457,2.4445567,2.8079296,0.77170929,1.0588566,3.3962655,3.5961581,0.81081981,0.94325458,3.5808735,3.3776754,0.86913542,0.88001784,3.3296423,2.9301446
0b_gaussian_blur_best,file,18,baseline_gaussian_blur,7022,120.Fox_Sparrow/Fox_Sparrow_0036_115581.jpg,120,119,120.Fox_Sparrow,11,10,identity,identity,0,{},3.9276366,3.9276366,0,0.019690152,0.019690152,0.21492404,0.21492404,-0.19523389,-0.19523389,0,1,1,134.83369,134.83369,False,0.99999988,True,False,False,1,1,134.83369,134.83369,1,1,131.7747,131.7747,1,1,28.557843,28.557843,1,1,32.343781,32.343781,1,1,61.961376,61.961376,1,1,74.677676,74.677676,1,1,60.436054,60.436054,1,1,57.008493,57.008493
0b_gaussian_blur_best,file,18,baseline_gaussian_blur,7022,120.Fox_Sparrow/Fox_Sparrow_0036_115581.jpg,120,119,120.Fox_Sparrow,11,10,gaussian_blur,gaussian_blur,0,"{""sigma"":1.885981}",3.9276366,6.5431242,2.6154876,0.019690152,0.0014399823,0.21492404,0.10988583,-0.19523389,-0.10844584,0.086788041,0.64395829,1.2137647,134.83369,163.65636,False,0.94869375,False,False,False,0.64395829,1.2137647,134.83369,163.65636,0.63210031,1.2181158,131.7747,160.51685,0.92158045,1.1171058,28.557843,31.902131,0.4871294,1.8189044,32.343781,58.830244,0.50511174,1.3094499,61.961376,81.13532,0.660642,1.1340168,74.677676,84.685743,0.72417063,1.0986371,60.436054,66.397294,0.76867444,1.1288506,57.008493,64.35407
0b_gaussian_blur_best,file,18,baseline_gaussian_blur,9421,161.Blue_winged_Warbler/Blue_Winged_Warbler_0012_162086.jpg,161,160,161.Blue_winged_Warbler,96,95,identity,identity,0,{},0.0066521154,0.0066521154,0,0.99336994,0.99336994,0.0012253713,0.0012253713,0.99214457,0.99214457,0,1,1,1.1142961,1.1142961,False,1,True,True,True,1,1,1.1142961,1.1142961,1,1,1.0969935,1.0969935,1,1,0.19560468,0.19560468,1,1,0.22207696,0.22207696,1,1,0.40027089,0.40027089,1,1,0.52628885,0.52628885,1,1,0.57785202,0.57785202,1,1,0.61884309,0.61884309
0b_gaussian_blur_best,file,18,baseline_gaussian_blur,9421,161.Blue_winged_Warbler/Blue_Winged_Warbler_0012_162086.jpg,161,160,161.Blue_winged_Warbler,96,95,gaussian_blur,gaussian_blur,0,"{""sigma"":1.051212}",0.0066521154,0.0066132732,-3.8842205e-05,0.99336994,0.99340856,0.0012253713,0.0010072789,0.99214457,0.99240128,0.00025671616,0.88275858,1.0031278,1.1142961,1.1177814,False,0.99491858,True,True,True,0.88275858,1.0031278,1.1142961,1.1177814,0.87933187,1.0036962,1.0969935,1.1010482,0.99272212,0.98508344,0.19560468,0.19268693,0.63753132,1.4674137,0.22207696,0.32587878,0.75752587,1.0201588,0.40027089,0.40833988,0.89334026,0.98847528,0.52628885,0.52022352,0.91508656,0.9630106,0.57785202,0.55647762,0.95273639,0.96829631,0.61884309,0.59922348
0b_gaussian_blur_best,file,18,baseline_gaussian_blur,7272,125.Lincoln_Sparrow/Lincoln_Sparrow_0110_117264.jpg,125,124,125.Lincoln_Sparrow,131,130,identity,identity,0,{},0.16298619,0.16298619,0,0.84960294,0.84960294,0.10347962,0.10347962,0.74612331,0.74612331,0,1,1,23.527452,23.527452,False,1,True,True,True,1,1,23.527452,23.527452,1,1,22.973481,22.973481,1,1,5.0754498,5.0754498,1,1,4.9315388,4.9315388,1,1,9.1922397,9.1922397,1,1,12.593261,12.593261,1,1,11.284962,11.284962,1,1,11.533555,11.533555
0b_gaussian_blur_best,file,18,baseline_gaussian_blur,7272,125.Lincoln_Sparrow/Lincoln_Sparrow_0110_117264.jpg,125,124,125.Lincoln_Sparrow,131,130,gaussian_blur,gaussian_blur,0,"{""sigma"":1.56501}",0.16298619,0.21258934,0.049603149,0.84960294,0.80848807,0.10347962,0.12312838,0.74612331,0.68535969,-0.06076362,0.82290555,1.3284106,23.527452,31.254116,False,0.97741401,True,True,True,0.82290555,1.3284106,23.527452,31.254116,0.81591871,1.3319912,22.973481,30.600475,0.97658073,1.2527984,5.0754498,6.3585154,0.62397876,1.9901117,4.9315388,9.8143129,0.7274861,1.3607232,9.1922397,12.508094,0.84921751,1.3091924,12.593261,16.487002,0.83756799,1.2769783,11.284962,14.410652,0.89340334,1.238762,11.533555,14.287329
0b_gaussian_blur_best,file,18,baseline_gaussian_blur,32,001.Black_footed_Albatross/Black_Footed_Albatross_0017_796098.jpg,1,0,001.Black_footed_Albatross,3,2,identity,identity,0,{},3.0761585,3.0761585,0,0.046136148,0.046136148,0.85934061,0.85934061,-0.81320446,-0.81320446,0,1,1,152.71786,152.71786,False,1,True,False,False,1,1,152.71786,152.71786,1,1,145.84081,145.84081,1,1,45.312303,45.312303,1,1,39.87468,39.87468,1,1,58.371001,58.371001,1,1,64.907467,64.907467,1,1,74.513323,74.513323,1,1,80.666984,80.666984
0b_gaussian_blur_best,file,18,baseline_gaussian_blur,32,001.Black_footed_Albatross/Black_Footed_Albatross_0017_796098.jpg,1,0,001.Black_footed_Albatross,3,2,gaussian_blur,gaussian_blur,0,"{""sigma"":1.229452}",3.0761585,2.8156624,-0.26049614,0.046136148,0.059865054,0.85934061,0.80920905,-0.81320446,-0.749344,0.063860465,0.86924791,0.96012874,152.71786,146.62881,False,0.99277759,True,False,False,0.86924791,0.96012874,152.71786,146.62881,0.85699342,0.95700497,145.84081,139.57038,0.99223438,0.99190984,45.312303,44.945719,0.58600663,0.92339665,39.87468,36.820146,0.73036033,0.93089815,58.371001,54.337457,0.86661387,1.0182331,64.907467,66.090934,0.90406699,0.92766845,74.513323,69.123659,0.94114206,0.96227964,80.666984,77.624196
0b_gaussian_blur_best,file,18,baseline_gaussian_blur,8997,154.Red_eyed_Vireo/Red_Eyed_Vireo_0034_157219.jpg,154,153,154.Red_eyed_Vireo,130,129,identity,identity,0,{},1.1128707,1.1128707,0,0.32861426,0.32861426,0.13342924,0.13342924,0.19518502,0.19518502,0,1,1,108.3453,108.3453,False,1,True,True,True,1,1,108.3453,108.3453,1,1,106.54332,106.54332,1,1,19.678028,19.678028,1,1,22.199994,22.199994,1,1,44.899046,44.899046,1,1,59.830301,59.830301,1,1,54.504213,54.504213,1,1,47.878401,47.878401
0b_gaussian_blur_best,file,18,baseline_gaussian_blur,8997,154.Red_eyed_Vireo/Red_Eyed_Vireo_0034_157219.jpg,154,153,154.Red_eyed_Vireo,130,129,gaussian_blur,gaussian_blur,0,"{""sigma"":1.836182}",1.1128707,1.5529947,0.44012403,0.32861426,0.21161331,0.13342924,0.039531272,0.19518502,0.17208204,-0.02310298,0.69180123,1.2458343,108.3453,134.9803,False,0.9560343,True,True,True,0.69180123,1.2458343,108.3453,134.9803,0.68390666,1.2481117,106.54332,132.97797,0.93833779,1.1771165,19.678028,23.163332,0.23981423,1.8142333,22.199994,40.275969,0.55982196,1.3342274,44.899046,59.905536,0.72614025,1.2265129,59.830301,73.382636,0.76157061,1.1695515,54.504213,63.745482,0.8110128,1.1485186,47.878401,54.989233
0b_gaussian_blur_best,file,18,baseline_gaussian_blur,3145,055.Evening_Grosbeak/Evening_Grosbeak_0133_37976.jpg,55,54,055.Evening_Grosbeak,168,167,identity,identity,0,{},0.0014112762,0.0014112762,0,0.99858969,0.99858969,0.00018644691,0.00018644691,0.99840325,0.99840325,0,1,1,0.19275589,0.19275589,False,0.99999988,True,True,True,1,1,0.19275589,0.19275589,1,1,0.18797462,0.18797462,1,1,0.042665873,0.042665873,1,1,0.04254571,0.04254571,1,1,0.058130103,0.058130103,1,1,0.082125748,0.082125748,1,1,0.096855503,0.096855503,1,1,0.11840433,0.11840433
0b_gaussian_blur_best,file,18,baseline_gaussian_blur,3145,055.Evening_Grosbeak/Evening_Grosbeak_0133_37976.jpg,55,54,055.Evening_Grosbeak,168,167,gaussian_blur,gaussian_blur,0,"{""sigma"":1.877227}",0.0014112762,0.0043132138,0.0029019376,0.99858969,0.99569607,0.00018644691,0.00019485338,0.99840325,0.99550121,-0.0029020332,0.7820536,3.6618242,0.19275589,0.70583819,False,0.967996,True,True,True,0.7820536,3.6618242,0.19275589,0.70583819,0.77550556,3.6901213,0.18797462,0.69364915,0.94839552,3.0611775,0.042665873,0.13060781,0.84398615,4.3254391,0.04254571,0.18402888,0.6318812,4.1367404,0.058130103,0.24046915,0.73901068,4.1321253,0.082125748,0.33935388,0.75958554,3.7658097,0.096855503,0.3647394,0.85942769,3.1742704,0.11840433,0.37584735
0b_gaussian_blur_best,file,18,baseline_gaussian_blur,2386,042.Vermilion_Flycatcher/Vermilion_Flycatcher_0004_42395.jpg,42,41,042.Vermilion_Flycatcher,139,138,identity,identity,0,{},0.19417498,0.19417498,0,0.82351381,0.82351381,0.028236041,0.028236041,0.79527777,0.79527777,0,1,1,25.306215,25.306215,False,1,True,True,True,1,1,25.306215,25.306215,1,1,24.981472,24.981472,1,1,4.0411093,4.0411093,1,1,5.9691381,5.9691381,1,1,9.9049542,9.9049542,1,1,11.09654,11.09654,1,1,12.96417,12.96417,1,1,14.111425,14.111425
0b_gaussian_blur_best,file,18,baseline_gaussian_blur,2386,042.Vermilion_Flycatcher/Vermilion_Flycatcher_0004_42395.jpg,42,41,042.Vermilion_Flycatcher,139,138,gaussian_blur,gaussian_blur,0,"{""sigma"":1.530583}",0.19417498,0.28007555,0.085900575,0.82351381,0.75572664,0.028236041,0.042408891,0.79527777,0.71331774,-0.081960021,0.82327791,1.4371782,25.306215,36.36954,False,0.98850739,True,True,True,0.82327791,1.4371782,25.306215,36.36954,0.8192699,1.4393272,24.981472,35.956512,0.98783361,1.352497,4.0411093,5.4655885,0.7303535,2.4188066,5.9691381,14.438191,0.66794014,1.4436726,9.9049542,14.299511,0.83005298,1.4288961,11.09654,15.855803,0.87235396,1.2895798,12.96417,16.718332,0.9226519,1.3239053,14.111425,18.682191
0b_gaussian_blur_best,file,18,baseline_gaussian_blur,11332,193.Bewick_Wren/Bewick_Wren_0015_184981.jpg,193,192,193.Bewick_Wren,196,195,identity,identity,0,{},0.11382999,0.11382999,0,0.89240968,0.89240968,0.037346691,0.037346691,0.85506299,0.85506299,0,1,1,19.182371,19.182371,False,1,True,True,True,1,1,19.182371,19.182371,1,1,18.875279,18.875279,1,1,3.4186518,3.4186518,1,1,4.5932331,4.5932331,1,1,8.5808078,8.5808078,1,1,10.400806,10.400806,1,1,9.3969964,9.3969964,1,1,8.0664624,8.0664624
0b_gaussian_blur_best,file,18,baseline_gaussian_blur,11332,193.Bewick_Wren/Bewick_Wren_0015_184981.jpg,193,192,193.Bewick_Wren,196,195,gaussian_blur,gaussian_blur,0,"{""sigma"":1.141895}",0.11382999,0.054167077,-0.059662908,0.89240968,0.94727385,0.037346691,0.013607617,0.85506299,0.93366623,0.078603243,0.8312025,0.50287307,19.182371,9.6462976,False,0.97897381,True,True,True,0.8312025,0.50287307,19.182371,9.6462976,0.82688313,0.50367119,18.875279,9.5069343,0.9710872,0.47790365,3.4186518,1.6337862,0.74924567,0.51325922,4.5932331,2.3575193,0.75099899,0.53220302,8.5808078,4.5667318,0.8411028,0.49857172,10.400806,5.1855475,0.8519764,0.48933656,9.3969964,4.5982939,0.89008998,0.49486665,8.0664624,3.9918233
0b_gaussian_blur_best,file,18,baseline_gaussian_blur,5359,092.Nighthawk/Nighthawk_0068_82368.jpg,92,91,092.Nighthawk,105,104,identity,identity,0,{},0.019456958,0.019456958,0,0.98073113,0.98073113,0.0064107804,0.0064107804,0.97432035,0.97432035,0,1,1,3.0945291,3.0945291,False,1,True,True,True,1,1,3.0945291,3.0945291,1,1,3.0316402,3.0316402,1,1,0.62069931,0.62069931,1,1,0.48186654,0.48186654,1,1,1.3079868,1.3079868,1,1,1.5577677,1.5577677,1,1,1.5534203,1.5534203,1,1,1.5517935,1.5517935
0b_gaussian_blur_best,file,18,baseline_gaussian_blur,5359,092.Nighthawk/Nighthawk_0068_82368.jpg,92,91,092.Nighthawk,105,104,gaussian_blur,gaussian_blur,0,"{""sigma"":1.929455}",0.019456958,0.0037004347,-0.015756524,0.98073113,0.99630642,0.0064107804,0.0013020916,0.97432035,0.99500433,0.020683978,0.67603454,0.2469858,3.0945291,0.76430475,False,0.95790404,True,True,True,0.67603454,0.2469858,3.0945291,0.76430475,0.66517849,0.24740743,3.0316402,0.75005033,0.9473588,0.236705,0.62069931,0.14692263,0.42742515,0.29684382,0.48186654,0.1430391,0.46580254,0.25195639,1.3079868,0.32955562,0.66084535,0.26946007,1.5577677,0.41975619,0.72093597,0.23700401,1.5534203,0.36816683,0.80860678,0.22486904,1.5517935,0.34895032
0b_gaussian_blur_best,file,18,baseline_gaussian_blur,2598,046.Gadwall/Gadwall_0017_30979.jpg,46,45,046.Gadwall,90,89,identity,identity,0,{},0.02843781,0.02843781,0,0.97196275,0.97196275,0.0059053912,0.0059053912,0.96605736,0.96605736,0,1,1,4.5248758,4.5248758,False,1,True,True,True,1,1,4.5248758,4.5248758,1,1,4.4507159,4.4507159,1,1,0.81586075,0.81586075,1,1,0.78094929,0.78094929,1,1,1.8654892,1.8654892,1,1,2.35091,2.35091,1,1,2.2854149,2.2854149,1,1,2.2291346,2.2291346
0b_gaussian_blur_best,file,18,baseline_gaussian_blur,2598,046.Gadwall/Gadwall_0017_30979.jpg,46,45,046.Gadwall,90,89,gaussian_blur,gaussian_blur,0,"{""sigma"":1.109984}",0.02843781,0.013396136,-0.015041674,0.97196275,0.9866932,0.0059053912,0.0034181611,0.96605736,0.98327504,0.017217684,0.81348249,0.54549252,4.5248758,2.4682859,False,0.98425961,True,True,True,0.81348249,0.54549252,4.5248758,2.4682859,0.80857533,0.54712955,4.4507159,2.4351182,0.97919927,0.49429979,0.81586075,0.4032798,0.27006068,0.82967505,0.78094929,0.64793414,0.71841882,0.59231794,1.8654892,1.1049627,0.83432356,0.54399795,2.35091,1.2788902,0.87817997,0.51530042,2.2854149,1.1776752,0.90636018,0.50486656,2.2291346,1.1254155
0b_gaussian_blur_best,file,18,baseline_gaussian_blur,388,008.Rhinoceros_Auklet/Rhinoceros_Auklet_0016_2114.jpg,8,7,008.Rhinoceros_Auklet,25,24,identity,identity,0,{},0.30181015,0.30181015,0,0.73947847,0.73947847,0.10176402,0.10176402,0.63771445,0.63771445,0,1,1,45.299917,45.299917,False,0.99999994,True,True,True,1,1,45.299917,45.299917,1,1,44.584734,44.584734,1,1,8.017728,8.017728,1,1,9.167435,9.167435,1,1,18.552375,18.552375,1,1,23.099638,23.099638,1,1,22.68236,22.68236,1,1,22.615996,22.615996
0b_gaussian_blur_best,file,18,baseline_gaussian_blur,388,008.Rhinoceros_Auklet/Rhinoceros_Auklet_0016_2114.jpg,8,7,008.Rhinoceros_Auklet,25,24,gaussian_blur,gaussian_blur,0,"{""sigma"":1.527974}",0.30181015,0.40401924,0.10220909,0.73947847,0.66763127,0.10176402,0.074656777,0.63771445,0.59297449,-0.044739962,0.76750443,1.255874,45.299917,56.890986,False,0.98076016,True,True,True,0.76750443,1.255874,45.299917,56.890986,0.76152052,1.2580065,44.584734,56.087887,0.96465601,1.1880425,8.017728,9.5254014,0.47167284,2.1030967,9.167435,19.280002,0.66702358,1.3274596,18.552375,24.627529,0.75875483,1.1755093,23.099638,27.15384,0.83178177,1.1579264,22.68236,26.264504,0.88513789,1.2031942,22.615996,27.211434
0b_gaussian_blur_best,file,18,baseline_gaussian_blur,7936,136.Barn_Swallow/Barn_Swallow_0094_132154.jpg,136,135,136.Barn_Swallow,137,136,identity,identity,0,{},0.22867498,0.22867498,0,0.79558706,0.79558706,0.12707293,0.12707293,0.66851413,0.66851413,0,1,1,29.291514,29.291514,False,0.99999994,True,True,True,1,1,29.291514,29.291514,1,1,28.703553,28.703553,1,1,5.83942,5.83942,1,1,8.0633073,8.0633073,1,1,13.904463,13.904463,1,1,14.639434,14.639434,1,1,12.952446,12.952446,1,1,13.544891,13.544891
0b_gaussian_blur_best,file,18,baseline_gaussian_blur,7936,136.Barn_Swallow/Barn_Swallow_0094_132154.jpg,136,135,136.Barn_Swallow,137,136,gaussian_blur,gaussian_blur,0,"{""sigma"":1.564613}",0.22867498,0.27296779,0.044292808,0.79558706,0.76111734,0.12707293,0.11510032,0.66851413,0.64601702,-0.02249711,0.80482346,1.1517162,29.291514,33.735511,False,0.97524023,True,True,True,0.80482346,1.1517162,29.291514,33.735511,0.79824346,1.1520489,28.703553,33.067896,0.96499752,1.1436482,5.83942,6.678242,0.80152021,1.3025873,8.0633073,10.503161,0.65362513,1.0146298,13.904463,14.107884,0.83178666,1.1655048,14.639434,17.06233,0.82852899,1.2222371,12.952446,15.83096,0.87211526,1.1494391,13.544891,15.569027
0b_gaussian_blur_best,file,18,baseline_gaussian_blur,9947,169.Magnolia_Warbler/Magnolia_Warbler_0102_165884.jpg,169,168,169.Magnolia_Warbler,95,94,identity,identity,0,{},0.00044896061,0.00044896061,0,0.99955112,0.99955112,0.00011271829,0.00011271829,0.9994384,0.9994384,0,1,1,0.060820587,0.060820587,False,1.0000001,True,True,True,1,1,0.060820587,0.060820587,1,1,0.059096098,0.059096098,1,1,0.014380366,0.014380366,1,1,0.0078726642,0.0078726642,1,1,0.015975296,0.015975296,1,1,0.021575556,0.021575556,1,1,0.028660605,0.028660605,1,1,0.043453711,0.043453711
0b_gaussian_blur_best,file,18,baseline_gaussian_blur,9947,169.Magnolia_Warbler/Magnolia_Warbler_0102_165884.jpg,169,168,169.Magnolia_Warbler,95,94,gaussian_blur,gaussian_blur,0,"{""sigma"":1.098606}",0.00044896061,0.0005876483,0.0001386877,0.99955112,0.99941254,0.00011271829,9.3231203e-05,0.9994384,0.99931931,-0.00011909371,0.84060403,1.453868,0.060820587,0.088425105,False,0.99325103,True,True,True,0.84060403,1.453868,0.060820587,0.088425105,0.83330185,1.4601059,0.059096098,0.086286563,0.97729081,1.3441569,0.014380366,0.019329468,0.4896511,1.9991351,0.0078726642,0.01573852,0.62693074,1.7007946,0.015975296,0.027170698,0.70756512,1.7352678,0.021575556,0.037439369,0.81396993,1.395118,0.028660605,0.039984927,0.94380798,1.3534541,0.043453711,0.058812604
0b_gaussian_blur_best,file,18,baseline_gaussian_blur,5267,091.Mockingbird/Mockingbird_0096_79878.jpg,91,90,091.Mockingbird,112,111,identity,identity,0,{},0.76240826,0.76240826,0,0.46654153,0.46654153,0.069280647,0.069280647,0.39726088,0.39726088,0,1,1,72.884005,72.884005,False,1,True,True,True,1,1,72.884005,72.884005,1,1,71.334156,71.334156,1,1,14.950465,14.950465,1,1,13.316856,13.316856,1,1,25.372041,25.372041,1,1,32.276302,32.276302,1,1,39.295296,39.295296,1,1,41.007349,41.007349
0b_gaussian_blur_best,file,18,baseline_gaussian_blur,5267,091.Mockingbird/Mockingbird_0096_79878.jpg,91,90,091.Mockingbird,112,111,gaussian_blur,gaussian_blur,0,"{""sigma"":1.467799}",0.76240826,0.28863418,-0.47377408,0.46654153,0.74928623,0.069280647,0.014064728,0.39726088,0.73522151,0.33796062,0.80201751,0.54761134,72.884005,39.912107,False,0.97383475,True,True,True,0.80201751,0.54761134,72.884005,39.912107,0.79561311,0.54959038,71.334156,39.204566,0.96552412,0.50044387,14.950465,7.4818683,0.7990407,0.75133277,13.316856,10.00539,0.60492457,0.60138344,25.372041,15.258325,0.78044924,0.55153048,32.276302,17.801364,0.82441054,0.51776618,39.295296,20.345775,0.87084009,0.53048915,41.007349,21.753954
0b_gaussian_blur_best,file,18,baseline_gaussian_blur,9223,157.Yellow_throated_Vireo/Yellow_Throated_Vireo_0070_159602.jpg,157,156,157.Yellow_throated_Vireo,175,174,identity,identity,0,{},0.03323292,0.03323292,0,0.96731323,0.96731323,0.012527684,0.012527684,0.95478555,0.95478555,0,1,1,5.2575959,5.2575959,False,1.0000001,True,True,True,1,1,5.2575959,5.2575959,1,1,5.1591066,5.1591066,1,1,1.0128842,1.0128842,1,1,1.1525224,1.1525224,1,1,2.01652,2.01652,1,1,2.7546908,2.7546908,1,1,2.7961741,2.7961741,1,1,2.4113914,2.4113914
0b_gaussian_blur_best,file,18,baseline_gaussian_blur,9223,157.Yellow_throated_Vireo/Yellow_Throated_Vireo_0070_159602.jpg,157,156,157.Yellow_throated_Vireo,175,174,gaussian_blur,gaussian_blur,0,"{""sigma"":1.1772}",0.03323292,0.061221667,0.027988747,0.96731323,0.9406147,0.012527684,0.031220321,0.95478555,0.90939438,-0.045391167,0.84342555,1.8647685,5.2575959,9.8041993,False,0.98792702,True,True,True,0.84342555,1.8647685,5.2575959,9.8041993,0.83836352,1.8635638,5.1591066,9.6143242,0.97264135,1.8957559,1.0128842,1.9201812,0.76149935,2.2737388,1.1525224,2.6205349,0.71485474,1.870742,2.01652,3.7723887,0.84972676,2.0330875,2.7546908,5.6005274,0.87963686,1.703401,2.7961741,4.7630057,0.89986839,1.7241169,2.4113914,4.1575207
0b_gaussian_blur_best,file,18,baseline_gaussian_blur,10306,175.Pine_Warbler/Pine_Warbler_0041_171477.jpg,175,174,175.Pine_Warbler,172,171,identity,identity,0,{},0.96944571,0.96944571,0,0.3792932,0.3792932,0.20387192,0.20387192,0.17542128,0.17542128,0,1,1,97.733189,97.733189,False,1.0000001,True,True,True,1,1,97.733189,97.733189,1,1,96.196427,96.196427,1,1,17.263363,17.263363,1,1,21.560911,21.560911,1,1,42.381629,42.381629,1,1,43.633408,43.633408,1,1,50.134023,50.134023,1,1,50.748227,50.748227
0b_gaussian_blur_best,file,18,baseline_gaussian_blur,10306,175.Pine_Warbler/Pine_Warbler_0041_171477.jpg,175,174,175.Pine_Warbler,172,171,gaussian_blur,gaussian_blur,0,"{""sigma"":1.656528}",0.96944571,0.38228318,-0.58716252,0.3792932,0.68230182,0.20387192,0.14476864,0.17542128,0.53753318,0.3621119,0.81526352,0.62478024,97.733189,61.061766,False,0.97970867,True,True,True,0.81526352,0.62478024,97.733189,61.061766,0.81077193,0.62606262,96.196427,60.224987,0.96684324,0.58356125,17.263363,10.07423,0.74697894,0.83582585,21.560911,18.021167,0.74089673,0.63996728,42.381629,27.122856,0.75116639,0.63143758,43.633408,27.551774,0.85994072,0.61003375,50.134023,30.583446,0.88986848,0.58194865,50.748227,29.532862
0b_gaussian_blur_best,file,18,baseline_gaussian_blur,4853,084.Red_legged_Kittiwake/Red_Legged_Kittiwake_0001_795394.jpg,84,83,084.Red_legged_Kittiwake,63,62,identity,identity,0,{},0.84798014,0.84798014,0,0.42827913,0.42827913,0.26533183,0.26533183,0.1629473,0.1629473,0,1,1,86.154652,86.154652,False,1,True,True,True,1,1,86.154652,86.154652,1,1,84.669926,84.669926,1,1,15.925695,15.925695,1,1,13.190354,13.190354,1,1,30.42807,30.42807,1,1,46.687452,46.687452,1,1,43.693928,43.693928,1,1,44.500179,44.500179
0b_gaussian_blur_best,file,18,baseline_gaussian_blur,4853,084.Red_legged_Kittiwake/Red_Legged_Kittiwake_0001_795394.jpg,84,83,084.Red_legged_Kittiwake,63,62,gaussian_blur,gaussian_blur,0,"{""sigma"":1.554033}",0.84798014,0.26519978,-0.58278036,0.42827913,0.76705271,0.26533183,0.060575455,0.1629473,0.70647725,0.54352996,0.82669927,0.45827779,86.154652,39.482763,False,0.9762848,True,True,True,0.82669927,0.45827779,86.154652,39.482763,0.82294073,0.45807154,84.669926,38.784883,0.93163206,0.46406967,15.925695,7.3906322,0.83547772,0.60874168,13.190354,8.0295182,0.72290545,0.52543472,30.42807,15.987965,0.84325564,0.46799466,46.687452,21.849478,0.82309376,0.41336799,43.693928,18.061671,0.86685899,0.43837637,44.500179,19.507827
0b_gaussian_blur_best,file,18,baseline_gaussian_blur,10599,180.Wilson_Warbler/Wilson_Warbler_0076_175780.jpg,180,179,180.Wilson_Warbler,182,181,identity,identity,0,{},0.051755618,0.051755618,0,0.94956088,0.94956088,0.04476985,0.04476985,0.90479103,0.90479103,0,1,1,8.5081996,8.5081996,False,1,True,True,True,1,1,8.5081996,8.5081996,1,1,8.3000166,8.3000166,1,1,1.8706109,1.8706109,1,1,1.8288003,1.8288003,1,1,3.1370862,3.1370862,1,1,4.3194701,4.3194701,1,1,4.5030216,4.5030216,1,1,4.0950493,4.0950493
0b_gaussian_blur_best,file,18,baseline_gaussian_blur,10599,180.Wilson_Warbler/Wilson_Warbler_0076_175780.jpg,180,179,180.Wilson_Warbler,182,181,gaussian_blur,gaussian_blur,0,"{""sigma"":1.328431}",0.051755618,0.052536368,0.00078075007,0.94956088,0.94881982,0.04476985,0.046873398,0.90479103,0.90194642,-0.002844613,0.88851278,1.1406553,8.5081996,9.704923,False,0.99427527,True,True,True,0.88851278,1.1406553,8.5081996,9.704923,0.88370874,1.1448789,8.3000166,9.5025141,0.99414176,1.0540617,1.8706109,1.9717392,0.72147944,1.4946908,1.8288003,2.733491,0.77433813,1.2370828,3.1370862,3.8808353,0.88221084,1.1089466,4.3194701,4.7900617,0.93429363,1.1159524,4.5030216,5.0251579,0.95337555,1.0802251,4.0950493,4.4235749
0b_gaussian_blur_best,file,18,baseline_gaussian_blur,912,017.Cardinal/Cardinal_0051_17223.jpg,17,16,017.Cardinal,140,139,identity,identity,0,{},0.086275823,0.086275823,0,0.91734117,0.91734117,0.012854377,0.012854377,0.9044868,0.9044868,0,1,1,11.997918,11.997918,False,1.0000001,True,True,True,1,1,11.997918,11.997918,1,1,11.807401,11.807401,1,1,2.1296312,2.1296312,1,1,3.4174141,3.4174141,1,1,4.3325752,4.3325752,1,1,5.5677252,5.5677252,1,1,6.3802516,6.3802516,1,1,6.1039016,6.1039016
0b_gaussian_blur_best,file,18,baseline_gaussian_blur,912,017.Cardinal/Cardinal_0051_17223.jpg,17,16,017.Cardinal,140,139,gaussian_blur,gaussian_blur,0,"{""sigma"":1.820997}",0.086275823,0.075499922,-0.010775901,0.91734117,0.92727983,0.012854377,0.002442359,0.9044868,0.92483747,0.020350675,0.77296402,0.98930183,11.997918,11.869563,False,0.96073365,True,True,True,0.77296402,0.98930183,11.997918,11.869563,0.76747824,0.99039226,11.807401,11.693958,0.94830366,0.95517538,2.1296312,2.0341713,0.7058824,1.3063118,3.4174141,4.4642083,0.59540522,1.0232753,4.3325752,4.4334173,0.75059041,0.96972831,5.5677252,5.3991808,0.8098133,0.92198783,6.3802516,5.8825144,0.8731819,0.94694653,6.1039016,5.7800684
0b_gaussian_blur_best,file,18,baseline_gaussian_blur,9503,162.Canada_Warbler/Canada_Warbler_0076_162393.jpg,162,161,162.Canada_Warbler,176,175,identity,identity,0,{},0.0014648433,0.0014648433,0,0.99853623,0.99853623,0.00026056881,0.00026056881,0.99827566,0.99827566,0,1,1,0.19383995,0.19383995,False,1,True,True,True,1,1,0.19383995,0.19383995,1,1,0.18873886,0.18873886,1,1,0.044176566,0.044176566,1,1,0.026465565,0.026465565,1,1,0.069529815,0.069529815,1,1,0.085770629,0.085770629,1,1,0.095050946,0.095050946,1,1,0.11703099,0.11703099
0b_gaussian_blur_best,file,18,baseline_gaussian_blur,9503,162.Canada_Warbler/Canada_Warbler_0076_162393.jpg,162,161,162.Canada_Warbler,176,175,gaussian_blur,gaussian_blur,0,"{""sigma"":1.152841}",0.0014648433,0.0034528894,0.0019880461,0.99853623,0.99655306,0.00026056881,0.00010040893,0.99827566,0.99645265,-0.0018230059,0.77710109,3.0050015,0.19383995,0.58248934,False,0.97337168,True,True,True,0.77710109,3.0050015,0.19383995,0.58248934,0.77100356,3.0370809,0.18873886,0.57321519,0.94651766,2.3435186,0.044176566,0.1035286,0.56180034,5.0753823,0.026465565,0.13432286,0.71260033,3.3441499,0.069529815,0.23251812,0.77639448,3.2673696,0.085770629,0.28024435,0.76095612,3.2308003,0.095050946,0.30709063,0.85753454,2.4709949,0.11703099,0.28918299
0b_gaussian_blur_best,file,18,baseline_gaussian_blur,8233,141.Artic_Tern/Artic_Tern_0012_143410.jpg,141,140,141.Artic_Tern,58,57,identity,identity,0,{},2.5708771,2.5708771,0,0.076468438,0.076468438,0.29744282,0.29744282,-0.22097439,-0.22097439,0,1,1,135.8547,135.8547,False,1,True,False,False,1,1,135.8547,135.8547,1,1,132.60474,132.60474,1,1,29.537843,29.537843,1,1,31.295746,31.295746,1,1,59.619072,59.619072,1,1,68.742538,68.742538,1,1,65.092489,65.092489,1,1,63.934262,63.934262
0b_gaussian_blur_best,file,18,baseline_gaussian_blur,8233,141.Artic_Tern/Artic_Tern_0012_143410.jpg,141,140,141.Artic_Tern,58,57,gaussian_blur,gaussian_blur,0,"{""sigma"":1.948686}",2.5708771,2.1516993,-0.41917777,0.076468438,0.11628638,0.29744282,0.048109178,-0.22097439,0.068177205,0.28915159,0.71992462,1.0440619,135.8547,141.84072,False,0.98247737,False,False,False,0.71992462,1.0440619,135.8547,141.84072,0.71174205,1.0464575,132.60474,138.76522,0.89433236,0.99455226,29.537843,29.376929,0.80112993,1.3409419,31.295746,41.965776,0.74196554,1.107707,59.619072,66.040462,0.65440228,1.0009684,68.742538,68.809106,0.69899083,0.9857332,65.092489,64.163828,0.7430264,1.0234597,63.934262,65.43414
0b_gaussian_blur_best,file,18,baseline_gaussian_blur,444,009.Brewer_Blackbird/Brewer_Blackbird_0078_2659.jpg,9,8,009.Brewer_Blackbird,11,10,identity,identity,0,{},0.022514563,0.022514563,0,0.97773701,0.97773701,0.0085588852,0.0085588852,0.96917812,0.96917812,0,1,1,2.9518545,2.9518545,False,0.99999994,True,True,True,1,1,2.9518545,2.9518545,1,1,2.8634557,2.8634557,1,1,0.71698428,0.71698428,1,1,0.60603451,0.60603451,1,1,1.3615679,1.3615679,1,1,1.3007223,1.3007223,1,1,1.3328128,1.3328128,1,1,1.584287,1.584287
0b_gaussian_blur_best,file,18,baseline_gaussian_blur,444,009.Brewer_Blackbird/Brewer_Blackbird_0078_2659.jpg,9,8,009.Brewer_Blackbird,11,10,gaussian_blur,gaussian_blur,0,"{""sigma"":1.786257}",0.022514563,0.0088532306,-0.013661332,0.97773701,0.99118584,0.0085588852,0.0018714078,0.96917812,0.98931444,0.020136312,0.73948042,0.42807858,2.9518545,1.2636257,False,0.98251683,True,True,True,0.73948042,0.42807858,2.9518545,1.2636257,0.72605189,0.42923591,2.8634557,1.229098,0.96496533,0.40917688,0.71698428,0.29337339,0.50252031,0.63550257,0.60603451,0.38513649,0.59374319,0.38604454,1.3615679,0.52562585,0.70456654,0.48447613,1.3007223,0.63016893,0.78370019,0.40776234,1.3328128,0.54347086,0.87320671,0.39599654,1.584287,0.62737219
0b_gaussian_blur_best,file,18,baseline_gaussian_blur,2198,039.Least_Flycatcher/Least_Flycatcher_0019_30358.jpg,39,38,039.Least_Flycatcher,103,102,identity,identity,0,{},5.3904924,5.3904924,0,0.0045597288,0.0045597288,0.21146688,0.21146688,-0.20690715,-0.20690715,0,1,1,120.09168,120.09168,False,1,True,False,False,1,1,120.09168,120.09168,1,1,115.57189,115.57189,1,1,32.636623,32.636623,1,1,20.447263,20.447263,1,1,51.179899,51.179899,1,1,55.837503,55.837503,1,1,56.916362,56.916362,1,1,62.94514,62.94514
0b_gaussian_blur_best,file,18,baseline_gaussian_blur,2198,039.Least_Flycatcher/Least_Flycatcher_0019_30358.jpg,39,38,039.Least_Flycatcher,103,102,gaussian_blur,gaussian_blur,0,"{""sigma"":1.529503}",5.3904924,6.3316026,0.94111013,0.0045597288,0.0017791805,0.21146688,0.023555662,-0.20690715,-0.021776482,0.18513067,0.7311608,1.3255479,120.09168,159.18728,False,0.96539545,False,False,False,0.7311608,1.3255479,120.09168,159.18728,0.71972599,1.3449117,115.57189,155.43399,0.93501732,1.0529188,32.636623,34.363715,0.39317143,1.8521535,20.447263,37.87147,0.67180774,1.4165766,51.179899,72.500249,0.72351211,1.5124064,55.837503,84.448994,0.7594203,1.247002,56.916362,70.974819,0.79701222,1.1565945,62.94514,72.802006
0b_gaussian_blur_best,file,18,baseline_gaussian_blur,10347,176.Prairie_Warbler/Prairie_Warbler_0053_173290.jpg,176,175,176.Prairie_Warbler,163,162,identity,identity,0,{},0.0045425082,0.0045425082,0,0.99546778,0.99546778,0.0010172535,0.0010172535,0.99445053,0.99445053,0,1,1,0.60900576,0.60900576,False,1,True,True,True,1,1,0.60900576,0.60900576,1,1,0.59512639,0.59512639,1,1,0.12927721,0.12927721,1,1,0.1083537,0.1083537,1,1,0.20041114,0.20041114,1,1,0.26389773,0.26389773,1,1,0.29179681,0.29179681,1,1,0.384035,0.384035
0b_gaussian_blur_best,file,18,baseline_gaussian_blur,10347,176.Prairie_Warbler/Prairie_Warbler_0053_173290.jpg,176,175,176.Prairie_Warbler,163,162,gaussian_blur,gaussian_blur,0,"{""sigma"":1.080015}",0.0045425082,0.0041390709,-0.0004034373,0.99546778,0.99586946,0.0010172535,0.00069265155,0.99445053,0.99517681,0.00072627765,0.92491897,0.97982771,0.60900576,0.59672072,False,0.99739677,True,True,True,0.92491897,0.97982771,0.60900576,0.59672072,0.92197206,0.98304493,0.59512639,0.58503598,0.99517991,0.90897438,0.12927721,0.11750968,0.87745355,1.1791284,0.1083537,0.12776293,0.83699626,0.98754641,0.20041114,0.1979153,0.89462301,0.9935006,0.26389773,0.26218255,0.92448433,1.0095551,0.29179681,0.29458495,0.96520923,0.94337481,0.384035,0.36228894
0b_gaussian_blur_best,file,18,baseline_gaussian_blur,5285,091.Mockingbird/Mockingbird_0056_81986.jpg,91,90,091.Mockingbird,78,77,identity,identity,0,{},1.581684,1.581684,0,0.20562854,0.20562854,0.13164675,0.13164675,0.073981792,0.073981792,0,1,1,129.70614,129.70614,False,1.0000001,True,True,True,1,1,129.70614,129.70614,1,1,127.79447,127.79447,1,1,22.186886,22.186886,1,1,38.885895,38.885895,1,1,43.599799,43.599799,1,1,63.817431,63.817431,1,1,65.609326,65.609326,1,1,67.38785,67.38785
0b_gaussian_blur_best,file,18,baseline_gaussian_blur,5285,091.Mockingbird/Mockingbird_0056_81986.jpg,91,90,091.Mockingbird,78,77,gaussian_blur,gaussian_blur,0,"{""sigma"":1.909201}",1.581684,0.8284651,-0.75321889,0.20562854,0.43671912,0.13164675,0.017800521,0.073981792,0.4189186,0.34493681,0.66741178,0.6771183,129.70614,87.826404,False,0.93939537,True,True,True,0.66741178,0.6771183,129.70614,87.826404,0.659173,0.67504218,127.79447,86.266656,0.91879174,0.74271413,22.186886,16.478514,0.391746,0.55663953,38.885895,21.645426,0.44947888,0.72663269,43.599799,31.681039,0.6268926,0.71373015,63.817431,45.548425,0.72960294,0.6565979,65.609326,43.078946,0.79918631,0.67012467,67.38785,45.158261
0b_gaussian_blur_best,file,18,baseline_gaussian_blur,361,007.Parakeet_Auklet/Parakeet_Auklet_0025_795975.jpg,7,6,007.Parakeet_Auklet,6,5,identity,identity,0,{},0.0010777862,0.0010777862,0,0.99892277,0.99892277,0.00055653881,0.00055653881,0.99836623,0.99836623,0,1,1,0.14406161,0.14406161,False,1,True,True,True,1,1,0.14406161,0.14406161,1,1,0.13950335,0.13950335,1,1,0.035952229,0.035952229,1,1,0.021521147,0.021521147,1,1,0.057410207,0.057410207,1,1,0.072427838,0.072427838,1,1,0.064965434,0.064965434,1,1,0.078967049,0.078967049
0b_gaussian_blur_best,file,18,baseline_gaussian_blur,361,007.Parakeet_Auklet/Parakeet_Auklet_0025_795975.jpg,7,6,007.Parakeet_Auklet,6,5,gaussian_blur,gaussian_blur,0,"{""sigma"":1.85247}",0.0010777862,0.0030740884,0.0019963022,0.99892277,0.99693066,0.00055653881,0.0014997926,0.99836623,0.99543087,-0.0029353602,0.82593646,2.9350598,0.14406161,0.42282945,False,0.99002391,True,True,True,0.82593646,2.9350598,0.14406161,0.42282945,0.81676301,2.954921,0.13950335,0.41222139,0.98756361,2.6178728,0.035952229,0.094118361,0.65275921,4.7596319,0.021521147,0.10243274,0.70922267,3.0700627,0.057410207,0.17625294,0.82785183,2.8784614,0.072427838,0.20848074,0.82501531,2.978809,0.064965434,0.19351962,0.89993908,2.758636,0.078967049,0.21784135
0b_gaussian_blur_best,file,18,baseline_gaussian_blur,8848,151.Black_capped_Vireo/Black_Capped_Vireo_0012_797473.jpg,151,150,151.Black_capped_Vireo,8,7,identity,identity,0,{},0.2123259,0.2123259,0,0.8087011,0.8087011,0.019906793,0.019906793,0.78879431,0.78879431,0,1,1,36.943995,36.943995,False,0.99999988,True,True,True,1,1,36.943995,36.943995,1,1,36.517055,36.517055,1,1,5.6003076,5.6003076,1,1,14.107093,14.107093,1,1,15.614119,15.614119,1,1,19.306522,19.306522,1,1,16.59735,16.59735,1,1,15.571471,15.571471
0b_gaussian_blur_best,file,18,baseline_gaussian_blur,8848,151.Black_capped_Vireo/Black_Capped_Vireo_0012_797473.jpg,151,150,151.Black_capped_Vireo,8,7,gaussian_blur,gaussian_blur,0,"{""sigma"":1.737572}",0.2123259,0.85131347,0.63898757,0.8087011,0.4268539,0.019906793,0.11025839,0.78879431,0.31659551,-0.4721988,0.820972,2.9762832,36.943995,109.95579,False,0.96890765,True,True,True,0.820972,2.9762832,36.943995,109.95579,0.81763264,2.9751034,36.517055,108.64201,0.96067968,3.0260199,5.6003076,16.946642,0.87753052,3.353908,14.107093,47.313891,0.81268292,3.1529327,15.614119,49.230266,0.78563044,2.847581,19.306522,54.976885,0.81350921,2.7584274,16.59735,45.782584,0.83015981,2.8880165,15.571471,44.970665
0b_gaussian_blur_best,file,18,baseline_gaussian_blur,2931,051.Horned_Grebe/Horned_Grebe_0033_34736.jpg,51,50,051.Horned_Grebe,50,49,identity,identity,0,{},4.1656504,4.1656504,0,0.015519614,0.015519614,0.34100151,0.34100151,-0.3254819,-0.3254819,0,1,1,175.30735,175.30735,False,1,True,False,False,1,1,175.30735,175.30735,1,1,172.54042,172.54042,1,1,31.023675,31.023675,1,1,41.042077,41.042077,1,1,70.046117,70.046117,1,1,94.134858,94.134858,1,1,89.024979,89.024979,1,1,79.952911,79.952911
0b_gaussian_blur_best,file,18,baseline_gaussian_blur,2931,051.Horned_Grebe/Horned_Grebe_0033_34736.jpg,51,50,051.Horned_Grebe,50,49,gaussian_blur,gaussian_blur,0,"{""sigma"":1.729686}",4.1656504,2.1137521,-2.0518982,0.015519614,0.12078393,0.34100151,0.4420324,-0.3254819,-0.32124847,0.0042334246,0.77637469,1.1192063,175.30735,196.20509,False,0.97129035,True,False,False,0.77637469,1.1192063,175.30735,196.20509,0.77121309,1.1227643,172.54042,193.72223,0.9599134,1.002939,31.023675,31.114853,0.63182217,1.3728531,41.042077,56.344743,0.60018378,1.227373,70.046117,85.972712,0.81605165,1.1707665,94.134858,110.20994,0.81793975,1.0531962,89.024979,93.76077,0.87153036,0.97082866,79.952911,77.620577
0b_gaussian_blur_best,file,18,baseline_gaussian_blur,2071,037.Acadian_Flycatcher/Acadian_Flycatcher_0054_29113.jpg,37,36,037.Acadian_Flycatcher,43,42,identity,identity,0,{},3.6065016,3.6065016,0,0.02714665,0.02714665,0.61122894,0.61122894,-0.58408229,-0.58408229,0,1,1,137.53616,137.53616,False,1,True,False,False,1,1,137.53616,137.53616,1,1,133.12464,133.12464,1,1,34.554671,34.554671,1,1,24.296505,24.296505,1,1,51.811192,51.811192,1,1,67.338247,67.338247,1,1,69.538565,69.538565,1,1,71.255862,71.255862
0b_gaussian_blur_best,file,18,baseline_gaussian_blur,2071,037.Acadian_Flycatcher/Acadian_Flycatcher_0054_29113.jpg,37,36,037.Acadian_Flycatcher,43,42,gaussian_blur,gaussian_blur,0,"{""sigma"":1.099726}",3.6065016,3.5444384,-0.062063217,0.02714665,0.028884839,0.61122894,0.38388553,-0.58408229,-0.35500069,0.2290816,0.79024901,1.2114239,137.53616,166.61459,False,0.98973137,False,False,False,0.79024901,1.2114239,137.53616,166.61459,0.7818067,1.2222474,133.12464,162.71124,0.94789898,1.0375887,34.554671,35.853535,0.50278936,1.3103997,24.296505,31.838133,0.68428226,1.3773952,51.811192,71.364488,0.79572079,1.320775,67.338247,88.938671,0.80397731,1.1670898,69.538565,81.157749,0.86310867,1.0753805,71.255862,76.627164
0b_gaussian_blur_best,file,18,baseline_gaussian_blur,662,013.Bobolink/Bobolink_0104_10273.jpg,13,12,013.Bobolink,10,9,identity,identity,0,{},0.0031218624,0.0031218624,0,0.99688303,0.99688303,0.00060070271,0.00060070271,0.99628233,0.99628233,0,1,1,0.46122051,0.46122051,False,1.0000001,True,True,True,1,1,0.46122051,0.46122051,1,1,0.45188106,0.45188106,1,1,0.092346447,0.092346447,1,1,0.090662793,0.090662793,1,1,0.20530795,0.20530795,1,1,0.22210274,0.22210274,1,1,0.21163108,0.21163108,1,1,0.24435231,0.24435231
0b_gaussian_blur_best,file,18,baseline_gaussian_blur,662,013.Bobolink/Bobolink_0104_10273.jpg,13,12,013.Bobolink,10,9,gaussian_blur,gaussian_blur,0,"{""sigma"":1.861875}",0.0031218624,0.0015254301,-0.0015964323,0.99688303,0.99847573,0.00060070271,0.00013667354,0.99628233,0.99833906,0.0020567249,0.6501437,0.54397766,0.46122051,0.25089365,False,0.98106462,True,True,True,0.6501437,0.54397766,0.46122051,0.25089365,0.63741255,0.54482414,0.45188106,0.24619571,0.96803274,0.52330017,0.092346447,0.048324911,0.3012053,0.87218343,0.090662793,0.079074586,0.43393665,0.54997847,0.20530795,0.11291495,0.60728978,0.51407125,0.22210274,0.11417663,0.72079195,0.53422969,0.21163108,0.11305961,0.84828474,0.5142662,0.24435231,0.12566213
0b_gaussian_blur_best,file,18,baseline_gaussian_blur,3271,057.Rose_breasted_Grosbeak/Rose_Breasted_Grosbeak_0012_39149.jpg,57,56,057.Rose_breasted_Grosbeak,192,191,identity,identity,0,{},0.0046035023,0.0046035023,0,0.9954071,0.9954071,0.00060850504,0.00060850504,0.9947986,0.9947986,0,1,1,0.64259946,0.64259946,False,1,True,True,True,1,1,0.64259946,0.64259946,1,1,0.63051619,0.63051619,1,1,0.12402983,0.12402983,1,1,0.1156546,0.1156546,1,1,0.19790106,0.19790106,1,1,0.25429447,0.25429447,1,1,0.32459399,0.32459399,1,1,0.4183096,0.4183096
0b_gaussian_blur_best,file,18,baseline_gaussian_blur,3271,057.Rose_breasted_Grosbeak/Rose_Breasted_Grosbeak_0012_39149.jpg,57,56,057.Rose_breasted_Grosbeak,192,191,gaussian_blur,gaussian_blur,0,"{""sigma"":1.563467}",0.0046035023,0.0034000229,-0.0012034795,0.9954071,0.99660575,0.00060850504,0.00039657773,0.9947986,0.99620918,0.0014105767,0.85594092,0.81675974,0.64259946,0.52484937,False,0.99321663,True,True,True,0.85594092,0.81675974,0.64259946,0.52484937,0.85118471,0.81903065,0.63051619,0.51641208,0.99183025,0.75570996,0.12402983,0.093730575,0.71096894,1.2226617,0.1156546,0.14140645,0.70415121,0.89376818,0.19790106,0.17687767,0.78650375,0.87683921,0.25429447,0.22297536,0.85778828,0.78089933,0.32459399,0.25347523,0.94354325,0.76136022,0.4183096,0.31848429
0b_gaussian_blur_best,file,18,baseline_gaussian_blur,11283,192.Downy_Woodpecker/Downy_Woodpecker_0041_184528.jpg,192,191,192.Downy_Woodpecker,187,186,identity,identity,0,{},0.00064721616,0.00064721616,0,0.99935299,0.99935299,9.2509159e-05,9.2509159e-05,0.99926048,0.99926048,0,1,1,0.08228583,0.08228583,False,1,True,True,True,1,1,0.08228583,0.08228583,1,1,0.08018645,0.08018645,1,1,0.018468651,0.018468651,1,1,0.011305301,0.011305301,1,1,0.028185322,0.028185322,1,1,0.035385957,0.035385957,1,1,0.039836557,0.039836557,1,1,0.051657789,0.051657789
0b_gaussian_blur_best,file,18,baseline_gaussian_blur,11283,192.Downy_Woodpecker/Downy_Woodpecker_0041_184528.jpg,192,191,192.Downy_Woodpecker,187,186,gaussian_blur,gaussian_blur,0,"{""sigma"":1.741237}",0.00064721616,0.00083006732,0.00018285116,0.99935299,0.9991703,9.2509159e-05,0.00010218236,0.99926048,0.99906812,-0.00019236143,0.79012611,1.4157085,0.08228583,0.11649275,False,0.98682433,True,True,True,0.79012611,1.4157085,0.08228583,0.11649275,0.78094872,1.4219053,0.08018645,0.11401754,0.98371046,1.2933499,0.018468651,0.023886429,0.38794623,2.9256635,0.011305301,0.033075508,0.61003868,1.4585379,0.028185322,0.04110936,0.76136378,1.4448129,0.035385957,0.051126087,0.8061996,1.377865,0.039836557,0.054889398,0.89948948,1.3114078,0.051657789,0.067744425
0b_gaussian_blur_best,file,18,baseline_gaussian_blur,9371,160.Black_throated_Blue_Warbler/Black_Throated_Blue_Warbler_0133_161539.jpg,160,159,160.Black_throated_Blue_Warbler,114,113,identity,identity,0,{},3.0987692,3.0987692,0,0.045104682,0.045104682,0.13287491,0.13287491,-0.087770224,-0.087770224,0,1,1,134.17158,134.17158,False,1,True,False,False,1,1,134.17158,134.17158,1,1,131.55323,131.55323,1,1,26.377278,26.377278,1,1,33.13676,33.13676,1,1,67.881757,67.881757,1,1,61.832149,61.832149,1,1,60.79277,60.79277,1,1,63.885051,63.885051
0b_gaussian_blur_best,file,18,baseline_gaussian_blur,9371,160.Black_throated_Blue_Warbler/Black_Throated_Blue_Warbler_0133_161539.jpg,160,159,160.Black_throated_Blue_Warbler,114,113,gaussian_blur,gaussian_blur,0,"{""sigma"":1.339855}",3.0987692,2.6508656,-0.44790363,0.045104682,0.070590094,0.13287491,0.12424855,-0.087770224,-0.053658456,0.034111768,0.82980915,1.1229933,134.17158,150.67379,False,0.98418653,True,False,False,0.82980915,1.1229933,134.17158,150.67379,0.82465469,1.1280454,131.55323,148.39802,0.98297507,0.98905908,26.377278,26.088687,0.71772015,1.648816,33.13676,54.636422,0.81603406,1.1176933,67.881757,75.870986,0.82751637,1.0846017,61.832149,67.063252,0.84497226,1.078711,60.79277,65.577827,0.88769828,1.0479986,63.885051,66.951442
0b_gaussian_blur_best,file,18,baseline_gaussian_blur,511,010.Red_winged_Blackbird/Red_Winged_Blackbird_0012_6015.jpg,10,9,010.Red_winged_Blackbird,109,108,identity,identity,0,{},0.011257935,0.011257935,0,0.98880517,0.98880517,0.0050747381,0.0050747381,0.98373044,0.98373044,0,1,1,1.4272519,1.4272519,False,1,True,True,True,1,1,1.4272519,1.4272519,1,1,1.38989,1.38989,1,1,0.32442822,0.32442822,1,1,0.33034203,0.33034203,1,1,0.47456162,0.47456162,1,1,0.61334524,0.61334524,1,1,0.70022607,0.70022607,1,1,0.85495656,0.85495656
0b_gaussian_blur_best,file,18,baseline_gaussian_blur,511,010.Red_winged_Blackbird/Red_Winged_Blackbird_0012_6015.jpg,10,9,010.Red_winged_Blackbird,109,108,gaussian_blur,gaussian_blur,0,"{""sigma"":1.813627}",0.011257935,0.04763994,0.036382005,0.98880517,0.95347703,0.0050747381,0.020020969,0.98373044,0.93345606,-0.050274381,0.77719078,4.7006113,1.4272519,6.7089563,False,0.96496701,True,True,True,0.77719078,4.7006113,1.4272519,6.7089563,0.76839946,4.7259526,1.38989,6.5685543,0.96337234,4.2084917,0.32442822,1.3653534,0.59066756,5.7446218,0.33034203,1.89769,0.56024479,5.3068586,0.47456162,2.5184314,0.75863617,5.2087364,0.61334524,3.1947537,0.81404917,4.6864843,0.70022607,3.2815985,0.87578897,4.0899037,0.85495656,3.49669
0b_gaussian_blur_best,file,18,baseline_gaussian_blur,7106,122.Harris_Sparrow/Harris_Sparrow_0074_116539.jpg,122,121,122.Harris_Sparrow,118,117,identity,identity,0,{},0.26238045,0.26238045,0,0.76921833,0.76921833,0.03882489,0.03882489,0.73039344,0.73039344,0,1,1,40.101174,40.101174,False,1,True,True,True,1,1,40.101174,40.101174,1,1,39.575075,39.575075,1,1,6.474378,6.474378,1,1,8.3939057,8.3939057,1,1,17.040798,17.040798,1,1,22.09121,22.09121,1,1,20.037118,20.037118,1,1,17.771676,17.771676
0b_gaussian_blur_best,file,18,baseline_gaussian_blur,7106,122.Harris_Sparrow/Harris_Sparrow_0074_116539.jpg,122,121,122.Harris_Sparrow,118,117,gaussian_blur,gaussian_blur,0,"{""sigma"":1.227515}",0.26238045,0.24148101,-0.020899445,0.76921833,0.78546369,0.03882489,0.069627918,0.73039344,0.71583577,-0.014557663,0.75328463,1.0421767,40.101174,41.792508,False,0.97554052,True,True,True,0.75328463,1.0421767,40.101174,41.792508,0.74777621,1.0423717,39.575075,41.251938,0.96061082,1.034864,6.474378,6.7001006,0.53583587,1.5454071,8.3939057,12.972001,0.57213137,1.0520774,17.040798,17.928239,0.78321233,1.0222612,22.09121,22.582987,0.8288771,1.0170094,20.037118,20.377938,0.85882603,0.95289082,17.771676,16.934467
0b_gaussian_blur_best,file,18,baseline_gaussian_blur,6182,106.Horned_Puffin/Horned_Puffin_0067_100737.jpg,106,105,106.Horned_Puffin,84,83,identity,identity,0,{},0.0029489386,0.0029489386,0,0.99705541,0.99705541,0.00094332121,0.00094332121,0.99611209,0.99611209,0,1,1,0.40514463,0.40514463,False,1,True,True,True,1,1,0.40514463,0.40514463,1,1,0.39565128,0.39565128,1,1,0.087190774,0.087190774,1,1,0.093289881,0.093289881,1,1,0.14628002,0.14628002,1,1,0.18569816,0.18569816,1,1,0.20539736,0.20539736,1,1,0.22308565,0.22308565
0b_gaussian_blur_best,file,18,baseline_gaussian_blur,6182,106.Horned_Puffin/Horned_Puffin_0067_100737.jpg,106,105,106.Horned_Puffin,84,83,gaussian_blur,gaussian_blur,0,"{""sigma"":1.099843}",0.0029489386,0.0061508408,0.0032019021,0.99705541,0.99386805,0.00094332121,0.0030829199,0.99611209,0.99078513,-0.005326957,0.82300288,2.3050677,0.40514463,0.93388578,False,0.98860157,True,True,True,0.82300288,2.3050677,0.40514463,0.93388578,0.81614302,2.3106891,0.39565128,0.9142271,0.97351525,2.1861046,0.087190774,0.19060815,0.4327375,2.7259933,0.093289881,0.25430759,0.70479468,2.7256641,0.14628002,0.3987102,0.83078355,2.3563363,0.18569816,0.43756732,0.87798152,2.1583443,0.20539736,0.44331823,0.91255078,2.1223638,0.22308565,0.4734689
0b_gaussian_blur_best,file,18,baseline_gaussian_blur,8405,144.Common_Tern/Common_Tern_0019_149769.jpg,144,143,144.Common_Tern,147,146,identity,identity,0,{},1.0957375,1.0957375,0,0.33429301,0.33429301,0.27306294,0.27306294,0.061230063,0.061230063,0,1,1,127.14248,127.14248,False,0.99999994,True,True,True,1,1,127.14248,127.14248,1,1,125.53547,125.53547,1,1,20.150784,20.150784,1,1,30.64066,30.64066,1,1,56.052852,56.052852,1,1,65.713167,65.713167,1,1,63.741945,63.741945,1,1,57.420616,57.420616
0b_gaussian_blur_best,file,18,baseline_gaussian_blur,8405,144.Common_Tern/Common_Tern_0019_149769.jpg,144,143,144.Common_Tern,147,146,gaussian_blur,gaussian_blur,0,"{""sigma"":1.831831}",1.0957375,0.4680199,-0.62771755,0.33429301,0.62624109,0.27306294,0.076424092,0.061230063,0.549817,0.48858693,0.76266077,0.63447863,127.14248,80.669184,False,0.97514319,True,True,True,0.76266077,0.63447863,127.14248,80.669184,0.75867648,0.63560233,125.53547,79.79064,0.93160676,0.58921383,20.150784,11.873121,0.62913015,0.90782031,30.64066,27.816213,0.6102527,0.66783619,56.052852,37.434123,0.79187345,0.60442236,65.713167,39.718507,0.8394905,0.59394123,63.741945,37.858969,0.85654392,0.59839641,57.420616,34.36029
0b_gaussian_blur_best,file,18,baseline_gaussian_blur,2439,043.Yellow_bellied_Flycatcher/Yellow_Bellied_Flycatcher_0018_795494.jpg,43,42,043.Yellow_bellied_Flycatcher,174,173,identity,identity,0,{},4.3082118,4.3082118,0,0.013457593,0.013457593,0.95393687,0.95393687,-0.94047928,-0.94047928,0,1,1,226.44604,226.44604,False,1,True,False,False,1,1,226.44604,226.44604,1,1,222.18319,222.18319,1,1,43.731461,43.731461,1,1,60.992005,60.992005,1,1,97.185428,97.185428,1,1,122.12072,122.12072,1,1,107.10591,107.10591,1,1,99.071637,99.071637
0b_gaussian_blur_best,file,18,baseline_gaussian_blur,2439,043.Yellow_bellied_Flycatcher/Yellow_Bellied_Flycatcher_0018_795494.jpg,43,42,043.Yellow_bellied_Flycatcher,174,173,gaussian_blur,gaussian_blur,0,"{""sigma"":1.838697}",4.3082118,2.20613,-2.1020818,0.013457593,0.11012602,0.95393687,0.6578325,-0.94047928,-0.54770648,0.3927728,0.73842438,0.88914628,226.44604,201.34365,False,0.97323817,True,False,False,0.73842438,0.88914628,226.44604,201.34365,0.73081854,0.89243477,222.18319,198.284,0.96185709,0.79959459,43.731461,34.967439,0.79061567,1.4010238,60.992005,85.451249,0.57433296,0.88997591,97.185428,86.49269,0.74686664,0.8437594,122.12072,103.04051,0.77159769,0.79604986,107.10591,85.261644,0.84236145,0.82291564,99.071637,81.527599
0b_gaussian_blur_best,file,18,baseline_gaussian_blur,9446,161.Blue_winged_Warbler/Blue_Winged_Warbler_0023_161774.jpg,161,160,161.Blue_winged_Warbler,162,161,identity,identity,0,{},4.1641326,4.1641326,0,0.015543194,0.015543194,0.29663447,0.29663447,-0.28109127,-0.28109127,0,1,1,145.24869,145.24869,False,0.99999994,True,False,False,1,1,145.24869,145.24869,1,1,142.71272,142.71272,1,1,27.023379,27.023379,1,1,54.023362,54.023362,1,1,57.858519,57.858519,1,1,71.084328,71.084328,1,1,67.339382,67.339382,1,1,67.180457,67.180457
0b_gaussian_blur_best,file,18,baseline_gaussian_blur,9446,161.Blue_winged_Warbler/Blue_Winged_Warbler_0023_161774.jpg,161,160,161.Blue_winged_Warbler,162,161,gaussian_blur,gaussian_blur,0,"{""sigma"":1.538356}",4.1641326,4.8784189,0.71428633,0.015543194,0.0076090358,0.29663447,0.33629602,-0.28109127,-0.32868699,-0.047595714,0.79694706,1.4228104,145.24869,206.66135,False,0.97340119,True,False,False,0.79694706,1.4228104,145.24869,206.66135,0.79239152,1.4308715,142.71272,204.20356,0.96649251,1.1759317,27.023379,31.777648,0.76203891,1.5076954,54.023362,81.450776,0.66756324,1.6335863,57.858519,94.516885,0.80829244,1.5108476,71.084328,107.39759,0.85093301,1.3340845,67.339382,89.836428,0.87887529,1.2025427,67.180457,80.787371
0b_gaussian_blur_best,file,18,baseline_gaussian_blur,3497,061.Heermann_Gull/Heermann_Gull_0128_45663.jpg,61,60,061.Heermann_Gull,66,65,identity,identity,0,{},0.071922414,0.071922414,0,0.93060309,0.93060309,0.018040238,0.018040238,0.91256285,0.91256285,0,1,1,8.7308149,8.7308149,False,1.0000001,True,True,True,1,1,8.7308149,8.7308149,1,1,8.4044754,8.4044754,1,1,2.3647245,2.3647245,1,1,2.2186209,2.2186209,1,1,3.2598657,3.2598657,1,1,3.8648122,3.8648122,1,1,3.8749396,3.8749396,1,1,5.0134093,5.0134093
0b_gaussian_blur_best,file,18,baseline_gaussian_blur,3497,061.Heermann_Gull/Heermann_Gull_0128_45663.jpg,61,60,061.Heermann_Gull,66,65,gaussian_blur,gaussian_blur,0,"{""sigma"":1.425802}",0.071922414,0.029488519,-0.042433895,0.93060309,0.97094202,0.018040238,0.0029679076,0.91256285,0.96797411,0.055411264,0.83209663,0.49280253,8.7308149,4.3025677,False,0.990915,True,True,True,0.83209663,0.49280253,8.7308149,4.3025677,0.82257157,0.49627822,8.4044754,4.1709581,0.97013304,0.44657599,2.3647245,1.0560292,0.68395023,0.62929848,2.2186209,1.3961748,0.76772181,0.57036059,3.2598657,1.8592989,0.82066017,0.50523455,3.8648122,1.9526366,0.82977409,0.46417585,3.8749396,1.7986534,0.90498096,0.44345219,5.0134093,2.2232073
0b_gaussian_blur_best,file,18,baseline_gaussian_blur,8172,140.Summer_Tanager/Summer_Tanager_0018_139290.jpg,140,139,140.Summer_Tanager,16,15,identity,identity,0,{},0.27074918,0.27074918,0,0.76280779,0.76280779,0.12503766,0.12503766,0.63777013,0.63777013,0,1,1,38.466621,38.466621,False,0.99999982,True,True,True,1,1,38.466621,38.466621,1,1,37.824693,37.824693,1,1,6.9981125,6.9981125,1,1,6.0787786,6.0787786,1,1,17.725276,17.725276,1,1,20.692993,20.692993,1,1,17.94737,17.94737,1,1,18.145589,18.145589
0b_gaussian_blur_best,file,18,baseline_gaussian_blur,8172,140.Summer_Tanager/Summer_Tanager_0018_139290.jpg,140,139,140.Summer_Tanager,16,15,gaussian_blur,gaussian_blur,0,"{""sigma"":1.856666}",0.27074918,0.24380466,-0.026944518,0.76280779,0.78364068,0.12503766,0.078208096,0.63777013,0.70543259,0.067662455,0.77163972,0.92103543,38.466621,35.429121,False,0.97221833,True,True,True,0.77163972,0.92103543,38.466621,35.429121,0.76506638,0.92061832,37.824693,34.822105,0.96116379,0.93313852,6.9981125,6.5302084,0.5560822,1.7768122,6.0787786,10.800848,0.7358751,0.9747898,17.725276,17.278418,0.78280722,0.88223676,20.692993,18.256119,0.77708913,0.82334809,17.94737,14.776933,0.85780061,0.86389503,18.145589,15.675884
0b_gaussian_blur_best,file,18,baseline_gaussian_blur,1658,030.Fish_Crow/Fish_Crow_0033_25915.jpg,30,29,030.Fish_Crow,23,22,identity,identity,0,{},2.3397665,2.3397665,0,0.096350133,0.096350133,0.26842642,0.26842642,-0.17207628,-0.17207628,0,1,1,143.37183,143.37183,False,1,True,False,False,1,1,143.37183,143.37183,1,1,139.37979,139.37979,1,1,33.596965,33.596965,1,1,53.06799,53.06799,1,1,54.535865,54.535865,1,1,65.127008,65.127008,1,1,63.424488,63.424488,1,1,73.295018,73.295018
0b_gaussian_blur_best,file,18,baseline_gaussian_blur,1658,030.Fish_Crow/Fish_Crow_0033_25915.jpg,30,29,030.Fish_Crow,23,22,gaussian_blur,gaussian_blur,0,"{""sigma"":1.561083}",2.3397665,3.2814188,0.9416523,0.096350133,0.037574906,0.26842642,0.045924623,-0.17207628,-0.0083497167,0.16372657,0.6245205,1.266915,143.37183,181.63991,False,0.96370411,False,False,False,0.6245205,1.266915,143.37183,181.63991,0.61182192,1.2786775,139.37979,178.22179,0.90452868,1.0439061,33.596965,35.072076,0.40982308,1.2339907,53.06799,65.485409,0.53915544,1.4511722,54.535865,79.140934,0.63922902,1.3869719,65.127008,90.329333,0.65440757,1.2599243,63.424488,79.910051,0.73015829,1.1139622,73.295018,81.647881
0b_gaussian_blur_best,file,18,baseline_gaussian_blur,3706,064.Ring_billed_Gull/Ring_Billed_Gull_0028_51454.jpg,64,63,064.Ring_billed_Gull,63,62,identity,identity,0,{},0.75421107,0.75421107,0,0.47038156,0.47038156,0.29606774,0.29606774,0.17431381,0.17431381,0,1,1,61.784047,61.784047,False,1,True,True,True,1,1,61.784047,61.784047,1,1,59.429672,59.429672,1,1,16.893269,16.893269,1,1,14.876609,14.876609,1,1,22.513582,22.513582,1,1,27.740678,27.740678,1,1,27.470427,27.470427,1,1,35.77068,35.77068
0b_gaussian_blur_best,file,18,baseline_gaussian_blur,3706,064.Ring_billed_Gull/Ring_Billed_Gull_0028_51454.jpg,64,63,064.Ring_billed_Gull,63,62,gaussian_blur,gaussian_blur,0,"{""sigma"":1.199131}",0.75421107,0.54400599,-0.21020508,0.47038156,0.58041847,0.29606774,0.21416713,0.17431381,0.36625133,0.19193752,0.88051778,0.8660956,61.784047,53.510892,False,0.98874116,True,True,True,0.88051778,0.8660956,61.784047,53.510892,0.87360776,0.8734964,59.429672,51.911605,0.98443476,0.76862782,16.893269,12.984637,0.85529161,1.2163562,14.876609,18.095256,0.77023221,0.86154336,22.513582,19.396427,0.87807969,0.89717778,27.740678,24.88832,0.88682611,0.84341153,27.470427,23.168875,0.92676023,0.80778875,35.77068,28.895153
0b_gaussian_blur_best,file,18,baseline_gaussian_blur,5096,088.Western_Meadowlark/Western_Meadowlark_0050_77864.jpg,88,87,088.Western_Meadowlark,168,167,identity,identity,0,{},0.0060715755,0.0060715755,0,0.99394679,0.99394679,0.0012863472,0.0012863472,0.99266044,0.99266044,0,1,1,0.90367477,0.90367477,False,1.0000001,True,True,True,1,1,0.90367477,0.90367477,1,1,0.88517746,0.88517746,1,1,0.18190366,0.18190366,1,1,0.14350699,0.14350699,1,1,0.33202004,0.33202004,1,1,0.45494386,0.45494386,1,1,0.47135201,0.47135201,1,1,0.47282232,0.47282232
0b_gaussian_blur_best,file,18,baseline_gaussian_blur,5096,088.Western_Meadowlark/Western_Meadowlark_0050_77864.jpg,88,87,088.Western_Meadowlark,168,167,gaussian_blur,gaussian_blur,0,"{""sigma"":1.526602}",0.0060715755,0.0075796158,0.0015080404,0.99394679,0.99244905,0.0012863472,0.00084085157,0.99266044,0.99160819,-0.0010522499,0.7311098,1.3190073,0.90367477,1.1919536,False,0.97266817,True,True,True,0.7311098,1.3190073,0.90367477,1.1919536,0.72235764,1.32368,0.88517746,1.1716917,0.96235241,1.2030674,0.18190366,0.21884235,0.44902584,2.5355998,0.14350699,0.3638763,0.50139236,1.3838377,0.33202004,0.45946186,0.74037133,1.3564528,0.45494386,0.61710987,0.7900394,1.2011293,0.47135201,0.5661547,0.85148781,1.2112543,0.47282232,0.57270805
0b_gaussian_blur_best,file,18,baseline_gaussian_blur,5432,093.Clark_Nutcracker/Clark_Nutcracker_0066_85390.jpg,93,92,093.Clark_Nutcracker,11,10,identity,identity,0,{},5.0199385,5.0199385,0,0.0066049341,0.0066049341,0.60656953,0.60656953,-0.59996459,-0.59996459,0,1,1,198.00945,198.00945,False,1.0000001,True,False,False,1,1,198.00945,198.00945,1,1,195.62447,195.62447,1,1,30.639974,30.639974,1,1,50.234387,50.234387,1,1,99.145901,99.145901,1,1,105.35933,105.35933,1,1,88.028323,88.028323,1,1,84.059248,84.059248
0b_gaussian_blur_best,file,18,baseline_gaussian_blur,5432,093.Clark_Nutcracker/Clark_Nutcracker_0066_85390.jpg,93,92,093.Clark_Nutcracker,11,10,gaussian_blur,gaussian_blur,0,"{""sigma"":1.811399}",5.0199385,6.8215919,1.8016534,0.0066049341,0.0010899844,0.60656953,0.35308224,-0.59996459,-0.35199226,0.24797234,0.75648072,1.0418958,198.00945,206.30521,False,0.96941519,True,False,False,0.75648072,1.0418958,198.00945,206.30521,0.75193961,1.0419183,195.62447,203.82472,0.94175871,1.040978,30.639974,31.89554,0.66459518,1.5517622,50.234387,77.951821,0.67841845,1.1236114,99.145901,111.40146,0.7852386,0.98601093,105.35933,103.88545,0.82489026,0.88909924,88.028323,78.265916,0.85151834,0.93217792,84.059248,78.358175
0b_gaussian_blur_best,file,18,baseline_gaussian_blur,6880,118.House_Sparrow/House_Sparrow_0055_111393.jpg,118,117,118.House_Sparrow,193,192,identity,identity,0,{},3.825737,3.825737,0,0.021802364,0.021802364,0.73800212,0.73800212,-0.71619976,-0.71619976,0,1,1,188.92031,188.92031,False,0.99999988,True,False,False,1,1,188.92031,188.92031,1,1,185.91117,185.91117,1,1,33.584519,33.584519,1,1,39.794458,39.794458,1,1,91.958638,91.958638,1,1,101.77448,101.77448,1,1,85.556379,85.556379,1,1,82.734726,82.734726
0b_gaussian_blur_best,file,18,baseline_gaussian_blur,6880,118.House_Sparrow/House_Sparrow_0055_111393.jpg,118,117,118.House_Sparrow,193,192,gaussian_blur,gaussian_blur,0,"{""sigma"":1.219052}",3.825737,4.8397956,1.0140586,0.021802364,0.0079086702,0.73800212,0.83523959,-0.71619976,-0.82733092,-0.11113116,0.87002742,1.2238683,188.92031,231.21358,False,0.97902679,True,False,False,0.87002742,1.2238683,188.92031,231.21358,0.8670719,1.2279051,185.91117,228.28127,0.97751035,1.0929649,33.584519,36.7067,0.78914638,1.6041842,39.794458,63.837642,0.82921471,1.3296498,91.958638,122.27278,0.89707438,1.1990231,101.77448,122.02995,0.87846113,1.148062,85.556379,98.224028,0.90817435,1.1174393,82.734726,92.451031
0b_gaussian_blur_best,file,18,baseline_gaussian_blur,2034,036.Northern_Flicker/Northern_Flicker_0138_28476.jpg,36,35,036.Northern_Flicker,35,34,identity,identity,0,{},0.034209028,0.034209028,0,0.96636951,0.96636951,0.0042911959,0.0042911959,0.96207831,0.96207831,0,1,1,4.5959113,4.5959113,False,1.0000001,True,True,True,1,1,4.5959113,4.5959113,1,1,4.5174137,4.5174137,1,1,0.84579773,0.84579773,1,1,0.64040693,0.64040693,1,1,1.3413412,1.3413412,1,1,2.0317698,2.0317698,1,1,2.3750385,2.3750385,1,1,2.9032419,2.9032419
0b_gaussian_blur_best,file,18,baseline_gaussian_blur,2034,036.Northern_Flicker/Northern_Flicker_0138_28476.jpg,36,35,036.Northern_Flicker,35,34,gaussian_blur,gaussian_blur,0,"{""sigma"":1.970555}",0.034209028,0.018211419,-0.015997609,0.96636951,0.98195338,0.0042911959,0.00093373808,0.96207831,0.98101964,0.018941331,0.61897382,0.75409293,4.5959113,3.4657442,False,0.94809628,True,True,True,0.61897382,0.75409293,4.5959113,3.4657442,0.60950985,0.75697184,4.5174137,3.419555,0.93031763,0.66675342,0.84579773,0.56393853,0.29600841,1.960558,0.64040693,1.255555,0.35899207,1.069715,1.3413412,1.4348528,0.62040354,0.82993503,2.0317698,1.6862369,0.68204611,0.65128311,2.3750385,1.5468225,0.79047639,0.57863076,2.9032419,1.679905
0b_gaussian_blur_best,file,18,baseline_gaussian_blur,8949,153.Philadelphia_Vireo/Philadelphia_Vireo_0070_794758.jpg,153,152,153.Philadelphia_Vireo,173,172,identity,identity,0,{},1.2877502,1.2877502,0,0.27589077,0.27589077,0.18578999,0.18578999,0.09010078,0.09010078,0,1,1,135.17773,135.17773,False,1,True,True,True,1,1,135.17773,135.17773,1,1,133.20672,133.20672,1,1,22.999778,22.999778,1,1,23.374702,23.374702,1,1,55.518393,55.518393,1,1,77.910507,77.910507,1,1,63.705398,63.705398,1,1,63.142187,63.142187
0b_gaussian_blur_best,file,18,baseline_gaussian_blur,8949,153.Philadelphia_Vireo/Philadelphia_Vireo_0070_794758.jpg,153,152,153.Philadelphia_Vireo,173,172,gaussian_blur,gaussian_blur,0,"{""sigma"":1.374693}",1.2877502,3.1609159,1.8731656,0.27589077,0.042386904,0.18578999,0.58614647,0.09010078,-0.54375957,-0.63386035,0.77440347,1.711918,135.17773,231.41319,False,0.97448659,False,True,False,0.77440347,1.711918,135.17773,231.41319,0.77068482,1.7174617,133.20672,228.77743,0.92186821,1.5142531,22.999778,34.827485,0.74977028,2.7909964,23.374702,65.238709,0.53351332,1.9782143,55.518393,109.82728,0.84541744,1.6373538,77.910507,127.56706,0.83931399,1.6094341,63.705398,102.52964,0.85784162,1.5219701,63.142187,96.100523
0b_gaussian_blur_best,file,18,baseline_gaussian_blur,10877,185.Bohemian_Waxwing/Bohemian_Waxwing_0117_177858.jpg,185,184,185.Bohemian_Waxwing,186,185,identity,identity,0,{},6.4734726,6.4734726,0,0.0015438552,0.0015438552,0.99548256,0.99548256,-0.99393871,-0.99393871,0,1,1,143.64884,143.64884,False,1,True,False,False,1,1,143.64884,143.64884,1,1,138.47959,138.47959,1,1,38.188905,38.188905,1,1,28.400002,28.400002,1,1,53.059183,53.059183,1,1,65.466768,65.466768,1,1,69.965187,69.965187,1,1,79.835673,79.835673
0b_gaussian_blur_best,file,18,baseline_gaussian_blur,10877,185.Bohemian_Waxwing/Bohemian_Waxwing_0117_177858.jpg,185,184,185.Bohemian_Waxwing,186,185,gaussian_blur,gaussian_blur,0,"{""sigma"":1.769557}",6.4734726,6.7164502,0.24297762,0.0015438552,0.0012108288,0.99548256,0.99276638,-0.99393871,-0.99155555,0.0023831573,0.81546975,1.1577808,143.64884,166.31387,False,0.98519862,True,False,False,0.81546975,1.1577808,143.64884,166.31387,0.80417585,1.1657704,138.47959,161.43541,0.98521508,1.047068,38.188905,39.986381,0.36409663,1.4183933,28.400002,40.282371,0.71591222,1.3132403,53.059183,69.679458,0.82773155,1.3127719,65.466768,85.942934,0.83514721,1.0869171,69.965187,76.046358,0.90925854,1.0031739,79.835673,80.089065
0b_gaussian_blur_best,file,18,baseline_gaussian_blur,11558,197.Marsh_Wren/Marsh_Wren_0008_188533.jpg,197,196,197.Marsh_Wren,121,120,identity,identity,0,{},0.0028337582,0.0028337582,0,0.99717027,0.99717027,0.00063839555,0.00063839555,0.99653187,0.99653187,0,1,1,0.44902075,0.44902075,False,1.0000001,True,True,True,1,1,0.44902075,0.44902075,1,1,0.43876358,0.43876358,1,1,0.09542615,0.09542615,1,1,0.078428046,0.078428046,1,1,0.18345476,0.18345476,1,1,0.22901838,0.22901838,1,1,0.21906329,0.21906329,1,1,0.22862356,0.22862356
0b_gaussian_blur_best,file,18,baseline_gaussian_blur,11558,197.Marsh_Wren/Marsh_Wren_0008_188533.jpg,197,196,197.Marsh_Wren,121,120,gaussian_blur,gaussian_blur,0,"{""sigma"":1.551466}",0.0028337582,0.003537114,0.00070335576,0.99717027,0.99646914,0.00063839555,0.00089339865,0.99653187,0.99557574,-0.00095613254,0.7917592,1.3640909,0.44902075,0.61250513,False,0.98601985,True,True,True,0.7917592,1.3640909,0.44902075,0.61250513,0.78432923,1.3722547,0.43876358,0.6020954,0.98353195,1.178336,0.09542615,0.11244407,0.72383638,2.2703419,0.078428046,0.17805848,0.65825057,1.5396364,0.18345476,0.28245362,0.78233652,1.3141421,0.22901838,0.30096269,0.83266825,1.2995473,0.21906329,0.2846831,0.88680871,1.2325919,0.22862356,0.28179955
0b_gaussian_blur_best,file,18,baseline_gaussian_blur,10353,176.Prairie_Warbler/Prairie_Warbler_0020_173359.jpg,176,175,176.Prairie_Warbler,182,181,identity,identity,0,{},0.010947051,0.010947051,0,0.98911268,0.98911268,0.0014055094,0.0014055094,0.98770717,0.98770717,0,1,1,1.4377362,1.4377362,False,1,True,True,True,1,1,1.4377362,1.4377362,1,1,1.4080297,1.4080297,1,1,0.29075374,0.29075374,1,1,0.26497391,0.26497391,1,1,0.42947775,0.42947775,1,1,0.64111727,0.64111727,1,1,0.71295924,0.71295924,1,1,0.89919026,0.89919026
0b_gaussian_blur_best,file,18,baseline_gaussian_blur,10353,176.Prairie_Warbler/Prairie_Warbler_0020_173359.jpg,176,175,176.Prairie_Warbler,182,181,gaussian_blur,gaussian_blur,0,"{""sigma"":1.36334}",0.010947051,0.0063532996,-0.0045937519,0.98911268,0.99366683,0.0014055094,0.001091508,0.98770717,0.99257532,0.0048681539,0.90930987,0.61281931,1.4377362,0.88107252,False,0.99513656,True,True,True,0.90930987,0.61281931,1.4377362,0.88107252,0.90577379,0.61280777,1.4080297,0.86285155,0.99219873,0.61308987,0.29075374,0.17825817,0.83469293,0.8397295,0.26497391,0.22250641,0.78399815,0.67588422,0.42947775,0.29027724,0.89143284,0.60084208,0.64111727,0.38521024,0.91207825,0.6007617,0.71295924,0.42831861,0.95776557,0.58731615,0.89919026,0.52810896
0b_gaussian_blur_best,file,18,baseline_gaussian_blur,5997,103.Sayornis/Sayornis_0098_98419.jpg,103,102,103.Sayornis,102,101,identity,identity,0,{},1.5204904,1.5204904,0,0.21860467,0.21860467,0.46480036,0.46480036,-0.24619569,-0.24619569,0,1,1,105.27017,105.27017,False,0.99999994,True,False,False,1,1,105.27017,105.27017,1,1,102.19192,102.19192,1,1,25.270934,25.270934,1,1,19.431124,19.431124,1,1,48.646825,48.646825,1,1,51.427892,51.427892,1,1,49.700894,49.700894,1,1,50.83404,50.83404
0b_gaussian_blur_best,file,18,baseline_gaussian_blur,5997,103.Sayornis/Sayornis_0098_98419.jpg,103,102,103.Sayornis,102,101,gaussian_blur,gaussian_blur,0,"{""sigma"":1.830012}",1.5204904,1.7110624,0.19057202,0.21860467,0.18067373,0.46480036,0.40883309,-0.24619569,-0.22815935,0.018036336,0.7508945,1.2772095,105.27017,134.45206,False,0.97110331,True,False,False,0.7508945,1.2772095,105.27017,134.45206,0.74015444,1.287213,102.19192,131.54277,0.9650127,1.1008011,25.270934,27.818272,0.17581342,2.0861905,19.431124,40.537027,0.6881646,1.3704567,48.646825,66.668366,0.77021022,1.3157348,51.427892,67.665467,0.82581569,1.1838935,49.700894,58.840566,0.86723701,1.1084095,50.83404,56.344933
0b_gaussian_blur_best,file,18,baseline_gaussian_blur,3787,066.Western_Gull/Western_Gull_0131_53349.jpg,66,65,066.Western_Gull,65,64,identity,identity,0,{},4.5390744,4.5390744,0,0.01068329,0.01068329,0.96082371,0.96082371,-0.95014043,-0.95014043,0,1,1,233.71824,233.71824,False,1,True,False,False,1,1,233.71824,233.71824,1,1,228.61879,228.61879,1,1,48.555793,48.555793,1,1,48.826345,48.826345,1,1,98.805629,98.805629,1,1,132.80333,132.80333,1,1,100.24733,100.24733,1,1,111.50665,111.50665
0b_gaussian_blur_best,file,18,baseline_gaussian_blur,3787,066.Western_Gull/Western_Gull_0131_53349.jpg,66,65,066.Western_Gull,65,64,gaussian_blur,gaussian_blur,0,"{""sigma"":1.87248}",4.5390744,1.9667283,-2.5723461,0.01068329,0.13991387,0.96082371,0.7676453,-0.95014043,-0.62773143,0.322409,0.78617602,0.91338319,233.71824,213.47431,False,0.96173167,True,False,False,0.78617602,0.91338319,233.71824,213.47431,0.77886281,0.9157301,228.61879,209.3531,0.96036815,0.85971117,48.555793,41.743958,0.56819186,1.4171231,48.826345,69.192942,0.5734221,0.89847711,98.805629,88.774596,0.86695318,0.92755092,132.80333,123.18185,0.82683306,0.84765635,100.24733,84.975284,0.87193277,0.83963226,111.50665,93.624585
0b_gaussian_blur_best,file,18,baseline_gaussian_blur,11232,191.Red_headed_Woodpecker/Red_Headed_Woodpecker_0013_182721.jpg,191,190,191.Red_headed_Woodpecker,188,187,identity,identity,0,{},0.23717806,0.23717806,0,0.78885078,0.78885078,0.15079126,0.15079126,0.63805953,0.63805953,0,1,1,35.492929,35.492929,False,1,True,True,True,1,1,35.492929,35.492929,1,1,34.783249,34.783249,1,1,7.0621237,7.0621237,1,1,8.1828799,8.1828799,1,1,13.243203,13.243203,1,1,16.614748,16.614748,1,1,18.5846,18.5846,1,1,18.603636,18.603636
0b_gaussian_blur_best,file,18,baseline_gaussian_blur,11232,191.Red_headed_Woodpecker/Red_Headed_Woodpecker_0013_182721.jpg,191,190,191.Red_headed_Woodpecker,188,187,gaussian_blur,gaussian_blur,0,"{""sigma"":1.725529}",0.23717806,0.21449949,-0.022678569,0.78885078,0.8069452,0.15079126,0.11768799,0.63805953,0.68925722,0.051197693,0.78901481,0.96037986,35.492929,34.086694,False,0.9782123,True,True,True,0.78901481,0.96037986,35.492929,34.086694,0.78211606,0.9631987,34.783249,33.50318,0.97270962,0.88926482,7.0621237,6.2800981,0.82466101,1.5101327,8.1828799,12.357235,0.53676176,0.98470824,13.243203,13.040691,0.73717922,0.93355686,16.614748,15.510812,0.84984916,0.9186846,18.5846,17.073385,0.905956,0.8793435,18.603636,16.358987
0b_gaussian_blur_best,file,18,baseline_gaussian_blur,4848,083.White_breasted_Kingfisher/White_Breasted_Kingfisher_0118_73511.jpg,83,82,083.White_breasted_Kingfisher,31,30,identity,identity,0,{},0.9440493,0.9440493,0,0.38904926,0.38904926,0.095598847,0.095598847,0.29345042,0.29345042,0,1,1,81.954568,81.954568,False,1,True,True,True,1,1,81.954568,81.954568,1,1,80.422526,80.422526,1,1,15.772396,15.772396,1,1,14.403719,14.403719,1,1,34.345182,34.345182,1,1,41.318374,41.318374,1,1,40.874034,40.874034,1,1,41.265354,41.265354
0b_gaussian_blur_best,file,18,baseline_gaussian_blur,4848,083.White_breasted_Kingfisher/White_Breasted_Kingfisher_0118_73511.jpg,83,82,083.White_breasted_Kingfisher,31,30,gaussian_blur,gaussian_blur,0,"{""sigma"":1.383263}",0.9440493,0.68308991,-0.26095939,0.38904926,0.505054,0.095598847,0.042165492,0.29345042,0.46288851,0.16943809,0.84656217,0.92295413,81.954568,75.640306,False,0.97999555,True,True,True,0.84656217,0.92295413,81.954568,75.640306,0.84230331,0.92624798,80.422526,74.491202,0.97435603,0.83275651,15.772396,13.134566,0.64459068,1.2818437,14.403719,18.463316,0.78840204,0.89256548,34.345182,30.655324,0.8497567,0.99399319,41.318374,41.070182,0.86787119,0.8968896,40.874034,36.659496,0.89695125,0.85252612,41.265354,35.179792
0b_gaussian_blur_best,file,18,baseline_gaussian_blur,9080,155.Warbling_Vireo/Warbling_Vireo_0132_158420.jpg,155,154,155.Warbling_Vireo,2,1,identity,identity,0,{},0.89626962,0.89626962,0,0.40808916,0.40808916,0.079587221,0.079587221,0.32850194,0.32850194,0,1,1,101.03746,101.03746,False,1.0000001,True,True,True,1,1,101.03746,101.03746,1,1,99.601381,99.601381,1,1,16.974467,16.974467,1,1,23.910636,23.910636,1,1,37.622387,37.622387,1,1,54.345945,54.345945,1,1,50.795391,50.795391,1,1,48.985907,48.985907
0b_gaussian_blur_best,file,18,baseline_gaussian_blur,9080,155.Warbling_Vireo/Warbling_Vireo_0132_158420.jpg,155,154,155.Warbling_Vireo,2,1,gaussian_blur,gaussian_blur,0,"{""sigma"":1.085472}",0.89626962,0.64727855,-0.24899107,0.40808916,0.52346843,0.079587221,0.060170703,0.32850194,0.46329773,0.13479579,0.85457303,0.85062568,101.03746,85.945055,False,0.98683721,True,True,True,0.85457303,0.85062568,101.03746,85.945055,0.85079173,0.85068977,99.601381,84.729876,0.9851153,0.84841618,16.974467,14.401412,0.69704429,0.853321,23.910636,20.403448,0.70915344,0.87671936,37.622387,32.984275,0.86875782,0.85523489,54.345945,46.478548,0.88105856,0.84897311,50.795391,43.123921,0.92109414,0.8304676,48.985907,40.681208
0b_gaussian_blur_best,file,18,baseline_gaussian_blur,5394,093.Clark_Nutcracker/Clark_Nutcracker_0098_85105.jpg,93,92,093.Clark_Nutcracker,3,2,identity,identity,0,{},0.34197566,0.34197566,0,0.71036547,0.71036547,0.059162267,0.059162267,0.65120321,0.65120321,0,1,1,58.502704,58.502704,False,0.99999994,True,True,True,1,1,58.502704,58.502704,1,1,57.833646,57.833646,1,1,8.8224605,8.8224605,1,1,12.61902,12.61902,1,1,36.275681,36.275681,1,1,27.781712,27.781712,1,1,24.043483,24.043483,1,1,22.795906,22.795906
0b_gaussian_blur_best,file,18,baseline_gaussian_blur,5394,093.Clark_Nutcracker/Clark_Nutcracker_0098_85105.jpg,93,92,093.Clark_Nutcracker,3,2,gaussian_blur,gaussian_blur,0,"{""sigma"":1.433517}",0.34197566,0.34781814,0.0058424771,0.71036547,0.7062273,0.059162267,0.03440607,0.65120321,0.67182123,0.020618025,0.84014348,1.0446547,58.502704,61.115123,False,0.96505737,True,True,True,0.84014348,1.0446547,58.502704,61.115123,0.83755766,1.0447508,57.833646,60.421751,0.95172001,1.0405129,8.8224605,9.1798837,0.65082,1.3825233,12.61902,17.446089,0.85562566,0.92921457,36.275681,33.707892,0.85048212,1.0855679,27.781712,30.158935,0.85071085,1.0906871,24.043483,26.223915,0.86516107,1.0860601,22.795906,24.757724
0b_gaussian_blur_best,file,18,baseline_gaussian_blur,4994,086.Pacific_Loon/Pacific_Loon_0063_75865.jpg,86,85,086.Pacific_Loon,45,44,identity,identity,0,{},0.46969515,0.46969515,0,0.62519282,0.62519282,0.24436222,0.24436222,0.3808306,0.3808306,0,1,1,93.338148,93.338148,False,1.0000001,True,True,True,1,1,93.338148,93.338148,1,1,92.478954,92.478954,1,1,12.635385,12.635385,1,1,16.749581,16.749581,1,1,44.004145,44.004145,1,1,51.981726,51.981726,1,1,44.283051,44.283051,1,1,40.894442,40.894442
0b_gaussian_blur_best,file,18,baseline_gaussian_blur,4994,086.Pacific_Loon/Pacific_Loon_0063_75865.jpg,86,85,086.Pacific_Loon,45,44,gaussian_blur,gaussian_blur,0,"{""sigma"":1.469112}",0.46969515,0.27718601,-0.19250914,0.62519282,0.75791353,0.24436222,0.045551725,0.3808306,0.71236181,0.3315312,0.71544714,0.60187579,93.338148,56.177971,False,0.96154642,True,True,True,0.71544714,0.60187579,93.338148,56.177971,0.71293194,0.60308077,92.478954,55.772279,0.87311153,0.53336263,12.635385,6.739242,0.55671772,0.96181393,16.749581,16.10998,0.62006488,0.63538574,44.004145,27.959606,0.75503396,0.59590581,51.981726,30.976213,0.76904801,0.55840019,44.283051,24.727664,0.77355102,0.54585599,40.894442,22.322476
0b_gaussian_blur_best,file,18,baseline_gaussian_blur,11088,189.Red_bellied_Woodpecker/Red_Bellied_Woodpecker_0125_180780.jpg,189,188,189.Red_bellied_Woodpecker,36,35,identity,identity,0,{},0.031228047,0.031228047,0,0.96925449,0.96925449,0.030230146,0.030230146,0.93902435,0.93902435,0,1,1,5.7900521,5.7900521,False,1,True,True,True,1,1,5.7900521,5.7900521,1,1,5.6333793,5.6333793,1,1,1.3378119,1.3378119,1,1,1.0473582,1.0473582,1,1,2.0718245,2.0718245,1,1,2.9616926,2.9616926,1,1,2.9696969,2.9696969,1,1,2.9588552,2.9588552
0b_gaussian_blur_best,file,18,baseline_gaussian_blur,11088,189.Red_bellied_Woodpecker/Red_Bellied_Woodpecker_0125_180780.jpg,189,188,189.Red_bellied_Woodpecker,36,35,gaussian_blur,gaussian_blur,0,"{""sigma"":1.757792}",0.031228047,0.43288571,0.40165766,0.96925449,0.64863461,0.030230146,0.34710416,0.93902435,0.30153045,-0.6374939,0.71413871,13.919378,5.7900521,80.593926,False,0.95083576,True,True,True,0.71413871,13.919378,5.7900521,80.593926,0.70382522,14.043062,5.6333793,79.109895,0.95087786,11.50758,1.3378119,15.394978,0.65575313,24.293664,1.0473582,25.444167,0.43183035,15.299869,2.0718245,31.698643,0.72593535,14.324127,2.9616926,42.423661,0.77453821,13.1533,2.9696969,39.061313,0.81948938,12.094424,2.9588552,35.785649
0b_gaussian_blur_best,file,18,baseline_gaussian_blur,4716,081.Pied_Kingfisher/Pied_Kingfisher_0071_72576.jpg,81,80,081.Pied_Kingfisher,187,186,identity,identity,0,{},0.54159838,0.54159838,0,0.58181751,0.58181751,0.043757111,0.043757111,0.5380604,0.5380604,0,1,1,68.024317,68.024317,False,1,True,True,True,1,1,68.024317,68.024317,1,1,67.241428,67.241428,1,1,10.29068,10.29068,1,1,19.989751,19.989751,1,1,30.679524,30.679524,1,1,34.167749,34.167749,1,1,32.340217,32.340217,1,1,31.100829,31.100829
0b_gaussian_blur_best,file,18,baseline_gaussian_blur,4716,081.Pied_Kingfisher/Pied_Kingfisher_0071_72576.jpg,81,80,081.Pied_Kingfisher,187,186,gaussian_blur,gaussian_blur,0,"{""sigma"":1.891798}",0.54159838,0.21530671,-0.32629167,0.58181751,0.80629408,0.043757111,0.0090967724,0.5380604,0.79719731,0.25913691,0.79123663,0.62681305,68.024317,42.63853,False,0.95389152,True,True,True,0.79123663,0.62681305,68.024317,42.63853,0.78853334,0.62886377,67.241428,42.285698,0.93858344,0.53193151,10.29068,5.473937,0.64502157,0.64962015,19.989751,12.985745,0.76745851,0.72200372,30.679524,22.150731,0.82222362,0.6320129,34.167749,21.594458,0.80868824,0.58382662,32.340217,18.88108,0.83200633,0.56243788,31.100829,17.492284
0b_gaussian_blur_best,file,18,baseline_gaussian_blur,10989,187.American_Three_toed_Woodpecker/American_Three_Toed_Woodpecker_0004_179908.jpg,187,186,187.American_Three_toed_Woodpecker,190,189,identity,identity,0,{},0.23924945,0.23924945,0,0.78721845,0.78721845,0.13784827,0.13784827,0.64937018,0.64937018,0,1,1,42.709886,42.709886,False,0.99999994,True,True,True,1,1,42.709886,42.709886,1,1,42.1192,42.1192,1,1,7.0786508,7.0786508,1,1,14.056892,14.056892,1,1,17.520419,17.520419,1,1,21.470872,21.470872,1,1,21.186112,21.186112,1,1,18.963546,18.963546
0b_gaussian_blur_best,file,18,baseline_gaussian_blur,10989,187.American_Three_toed_Woodpecker/American_Three_Toed_Woodpecker_0004_179908.jpg,187,186,187.American_Three_toed_Woodpecker,190,189,gaussian_blur,gaussian_blur,0,"{""sigma"":1.819365}",0.23924945,0.30453685,0.065287396,0.78721845,0.73746485,0.13784827,0.19680348,0.64937018,0.54066136,-0.10870881,0.81169317,1.3023161,42.709886,55.62177,False,0.979321,True,True,True,0.81169317,1.3023161,42.709886,55.62177,0.80712033,1.302793,42.1192,54.872597,0.97586581,1.2853176,7.0786508,9.0983142,0.86423692,1.8588096,14.056892,26.129087,0.67547285,1.285453,17.520419,22.521675,0.81483614,1.2409573,21.470872,26.644435,0.8464175,1.1432769,21.186112,24.221592,0.87719767,1.2076094,18.963546,22.900556
0b_gaussian_blur_best,file,18,baseline_gaussian_blur,8410,144.Common_Tern/Common_Tern_0100_149541.jpg,144,143,144.Common_Tern,145,144,identity,identity,0,{},9.1126108,9.1126108,0,0.0001102665,0.0001102665,0.96674025,0.96674025,-0.96662998,-0.96662998,0,1,1,228.5717,228.5717,False,1,True,False,False,1,1,228.5717,228.5717,1,1,223.43146,223.43146,1,1,48.201721,48.201721,1,1,51.999489,51.999489,1,1,100.59397,100.59397,1,1,109.57652,109.57652,1,1,109.79407,109.79407,1,1,114.17868,114.17868
0b_gaussian_blur_best,file,18,baseline_gaussian_blur,8410,144.Common_Tern/Common_Tern_0100_149541.jpg,144,143,144.Common_Tern,145,144,gaussian_blur,gaussian_blur,0,"{""sigma"":1.330394}",9.1126108,7.129519,-1.9830918,0.0001102665,0.0008011047,0.96674025,0.81468737,-0.96662998,-0.81388627,0.15274372,0.82788862,0.94895495,228.5717,216.90425,False,0.98539329,True,False,False,0.82788862,0.94895495,228.5717,216.90425,0.82145904,0.95192068,223.43146,212.68903,0.97910292,0.88282853,48.201721,42.553854,0.78290389,1.3960915,51.999489,72.596043,0.7509677,0.93044544,100.59397,93.597202,0.79034051,0.89206854,109.57652,97.749767,0.85761304,0.94310223,109.79407,103.54704,0.90440633,0.91559854,114.17868,104.54183
0b_gaussian_blur_best,file,18,baseline_gaussian_blur,10124,172.Nashville_Warbler/Nashville_Warbler_0076_167389.jpg,172,171,172.Nashville_Warbler,16,15,identity,identity,0,{},0.28528401,0.28528401,0,0.75180072,0.75180072,0.090654857,0.090654857,0.66114586,0.66114586,0,1,1,37.32667,37.32667,False,0.99999994,True,True,True,1,1,37.32667,37.32667,1,1,36.782784,36.782784,1,1,6.3487817,6.3487817,1,1,6.4555513,6.4555513,1,1,13.944188,13.944188,1,1,19.501312,19.501312,1,1,19.242168,19.242168,1,1,19.138874,19.138874
0b_gaussian_blur_best,file,18,baseline_gaussian_blur,10124,172.Nashville_Warbler/Nashville_Warbler_0076_167389.jpg,172,171,172.Nashville_Warbler,16,15,gaussian_blur,gaussian_blur,0,"{""sigma"":1.814134}",0.28528401,1.2532051,0.96792105,0.75180072,0.285588,0.090654857,0.043014977,0.66114586,0.24257302,-0.41857284,0.6531473,2.4882582,37.32667,92.87839,False,0.93151683,True,True,True,0.6531473,2.4882582,37.32667,92.87839,0.64512863,2.4715912,36.782784,90.912007,0.8869516,2.9943671,6.3487817,19.010583,0.69774575,3.9500721,6.4555513,25.499893,0.51227167,2.6938686,13.944188,37.56381,0.64339823,2.207823,19.501312,43.055446,0.63321764,2.2748334,19.242168,43.772726,0.74194919,2.5777079,19.138874,49.334427
0b_gaussian_blur_best,file,18,baseline_gaussian_blur,9855,168.Kentucky_Warbler/Kentucky_Warbler_0066_165290.jpg,168,167,168.Kentucky_Warbler,162,161,identity,identity,0,{},2.3447008,2.3447008,0,0.095875889,0.095875889,0.80206722,0.80206722,-0.70619133,-0.70619133,0,1,1,172.3034,172.3034,False,1,True,False,False,1,1,172.3034,172.3034,1,1,169.08727,169.08727,1,1,33.135427,33.135427,1,1,38.529924,38.529924,1,1,65.804462,65.804462,1,1,82.36012,82.36012,1,1,95.047801,95.047801,1,1,83.417311,83.417311
0b_gaussian_blur_best,file,18,baseline_gaussian_blur,9855,168.Kentucky_Warbler/Kentucky_Warbler_0066_165290.jpg,168,167,168.Kentucky_Warbler,162,161,gaussian_blur,gaussian_blur,0,"{""sigma"":1.350842}",2.3447008,2.763494,0.4187932,0.095875889,0.063071012,0.80206722,0.84801805,-0.70619133,-0.78494704,-0.078755707,0.79574906,1.1677161,172.3034,201.20145,False,0.96245658,True,False,False,0.79574906,1.1677161,172.3034,201.20145,0.79056747,1.173492,169.08727,198.42256,0.96237508,1.0057003,33.135427,33.324308,0.31709748,1.3440773,38.529924,51.787195,0.67762484,1.2865982,65.804462,84.663905,0.78008345,1.2189356,82.36012,100.39168,0.87628451,1.1145662,95.047801,105.93707,0.904757,1.0869064,83.417311,90.666807
0b_gaussian_blur_best,file,18,baseline_gaussian_blur,1603,029.American_Crow/American_Crow_0068_25198.jpg,29,28,029.American_Crow,30,29,identity,identity,0,{},4.0484676,4.0484676,0,0.017449092,0.017449092,0.47310838,0.47310838,-0.45565929,-0.45565929,0,1,1,98.397743,98.397743,False,1,True,False,False,1,1,98.397743,98.397743,1,1,92.625078,92.625078,1,1,33.207089,33.207089,1,1,21.992392,21.992392,1,1,31.422705,31.422705,1,1,44.696057,44.696057,1,1,48.649229,48.649229,1,1,52.381947,52.381947
0b_gaussian_blur_best,file,18,baseline_gaussian_blur,1603,029.American_Crow/American_Crow_0068_25198.jpg,29,28,029.American_Crow,30,29,gaussian_blur,gaussian_blur,0,"{""sigma"":1.61911}",4.0484676,3.9859438,-0.062523842,0.017449092,0.018574905,0.47310838,0.13204581,-0.45565929,-0.1134709,0.34218839,0.64388717,1.2920133,98.397743,127.1312,False,0.97514158,False,False,False,0.64388717,1.2920133,98.397743,127.1312,0.6222489,1.3260807,92.625078,122.82833,0.89559565,0.98760436,33.207089,32.795466,0.34511644,2.0883653,21.992392,45.928149,0.42703263,1.6425508,31.422705,51.61339,0.65337823,1.3046715,44.696057,58.31367,0.70921035,1.2178967,48.649229,59.249737,0.74977895,1.1135609,52.381947,58.330489
0b_gaussian_blur_best,file,18,baseline_gaussian_blur,10539,179.Tennessee_Warbler/Tennessee_Warbler_0044_174824.jpg,179,178,179.Tennessee_Warbler,152,151,identity,identity,0,{},0.17143416,0.17143416,0,0.84245574,0.84245574,0.044458482,0.044458482,0.79799726,0.79799726,0,1,1,30.073355,30.073355,False,1.0000001,True,True,True,1,1,30.073355,30.073355,1,1,29.723386,29.723386,1,1,4.5746062,4.5746062,1,1,5.1512,5.1512,1,1,13.35911,13.35911,1,1,16.411159,16.411159,1,1,15.679082,15.679082,1,1,12.779641,12.779641
0b_gaussian_blur_best,file,18,baseline_gaussian_blur,10539,179.Tennessee_Warbler/Tennessee_Warbler_0044_174824.jpg,179,178,179.Tennessee_Warbler,152,151,gaussian_blur,gaussian_blur,0,"{""sigma"":1.121881}",0.17143416,0.047315378,-0.12411879,0.84245574,0.95378655,0.044458482,0.0055014598,0.79799726,0.94828509,0.15028783,0.86110975,0.26869462,30.073355,8.0805489,False,0.984231,True,True,True,0.86110975,0.26869462,30.073355,8.0805489,0.85849964,0.26816765,29.723386,7.9708505,0.96557002,0.29007004,4.5746062,1.3269562,0.73102052,0.35226548,5.1512,1.81459,0.81403973,0.28741447,13.35911,3.8396016,0.86631977,0.24862797,16.411159,4.0802733,0.88653622,0.25536468,15.679082,4.0038838,0.89917875,0.28016655,12.779641,3.5804281
0b_gaussian_blur_best,file,18,baseline_gaussian_blur,3160,055.Evening_Grosbeak/Evening_Grosbeak_0041_37928.jpg,55,54,055.Evening_Grosbeak,96,95,identity,identity,0,{},0.039144449,0.039144449,0,0.96161181,0.96161181,0.013668758,0.013668758,0.94794305,0.94794305,0,1,1,5.4698701,5.4698701,False,1,True,True,True,1,1,5.4698701,5.4698701,1,1,5.3468141,5.3468141,1,1,1.1537146,1.1537146,1,1,1.4248318,1.4248318,1,1,1.9365665,1.9365665,1,1,2.5213724,2.5213724,1,1,2.7665057,2.7665057,1,1,2.9659927,2.9659927
0b_gaussian_blur_best,file,18,baseline_gaussian_blur,3160,055.Evening_Grosbeak/Evening_Grosbeak_0041_37928.jpg,55,54,055.Evening_Grosbeak,96,95,gaussian_blur,gaussian_blur,0,"{""sigma"":1.895932}",0.039144449,0.019510152,-0.019634297,0.96161181,0.98067892,0.013668758,0.0057367804,0.94794305,0.97494214,0.026999086,0.81692861,0.54414502,5.4698701,2.9764026,False,0.99329042,True,True,True,0.81692861,0.54414502,5.4698701,2.9764026,0.80933893,0.54552404,5.3468141,2.9168156,0.99148072,0.51363357,1.1537146,0.59258654,0.82014246,0.71091252,1.4248318,1.0129308,0.4730111,0.52034564,1.9365665,1.0076839,0.79202685,0.53577927,2.5213724,1.3508991,0.86835704,0.52670955,2.7665057,1.457145,0.91725461,0.5350217,2.9659927,1.5868705
0b_gaussian_blur_best,file,18,baseline_gaussian_blur,6513,112.Great_Grey_Shrike/Great_Grey_Shrike_0032_797021.jpg,112,111,112.Great_Grey_Shrike,111,110,identity,identity,0,{},0.57823664,0.57823664,0,0.56088656,0.56088656,0.43526241,0.43526241,0.12562415,0.12562415,0,1,1,95.39426,95.39426,False,1,True,True,True,1,1,95.39426,95.39426,1,1,93.626657,93.626657,1,1,18.278785,18.278785,1,1,33.860714,33.860714,1,1,38.498837,38.498837,1,1,48.780494,48.780494,1,1,44.114246,44.114246,1,1,42.563355,42.563355
0b_gaussian_blur_best,file,18,baseline_gaussian_blur,6513,112.Great_Grey_Shrike/Great_Grey_Shrike_0032_797021.jpg,112,111,112.Great_Grey_Shrike,111,110,gaussian_blur,gaussian_blur,0,"{""sigma"":1.207273}",0.57823664,0.83172965,0.25349301,0.56088656,0.43529576,0.43526241,0.56087816,0.12562415,-0.1255824,-0.25120655,0.89981185,1.3547692,95.39426,129.23721,False,0.99340558,False,True,False,0.89981185,1.3547692,95.39426,129.23721,0.89640396,1.3566296,93.626657,127.0167,0.99341239,1.3050115,18.278785,23.854025,0.85367841,1.5316068,33.860714,51.861298,0.85543756,1.4532704,38.498837,55.949218,0.89682607,1.3463846,48.780494,65.677305,0.92532278,1.2540822,44.114246,55.322889,0.94774303,1.2737343,42.563355,54.214407
0b_gaussian_blur_best,file,18,baseline_gaussian_blur,7430,127.Savannah_Sparrow/Savannah_Sparrow_0118_118603.jpg,127,126,127.Savannah_Sparrow,128,127,identity,identity,0,{},0.19701102,0.19701102,0,0.8211816,0.8211816,0.10015293,0.10015293,0.72102866,0.72102866,0,1,1,29.824228,29.824228,False,1,True,True,True,1,1,29.824228,29.824228,1,1,29.302824,29.302824,1,1,5.5523971,5.5523971,1,1,5.3702902,5.3702902,1,1,14.06437,14.06437,1,1,15.221022,15.221022,1,1,14.310123,14.310123,1,1,13.983913,13.983913
0b_gaussian_blur_best,file,18,baseline_gaussian_blur,7430,127.Savannah_Sparrow/Savannah_Sparrow_0118_118603.jpg,127,126,127.Savannah_Sparrow,128,127,gaussian_blur,gaussian_blur,0,"{""sigma"":1.710812}",0.19701102,0.078708068,-0.11830296,0.8211816,0.92430973,0.10015293,0.041085094,0.72102866,0.88322464,0.16219597,0.72613881,0.45555047,29.824228,13.586441,False,0.97933555,True,True,True,0.72613881,0.45555047,29.824228,13.586441,0.71730646,0.45594368,29.302824,13.360437,0.97872295,0.44445918,5.5523971,2.4678138,0.44107736,0.87910744,5.3702902,4.7210621,0.7029627,0.48713937,14.06437,6.8513084,0.69373742,0.44520098,15.221022,6.7764139,0.78146716,0.39471636,14.310123,5.6484397,0.8567248,0.40102018,13.983913,5.6078313
0b_gaussian_blur_best,file,18,baseline_gaussian_blur,1772,032.Mangrove_Cuckoo/Mangrove_Cuckoo_0015_26380.jpg,32,31,032.Mangrove_Cuckoo,33,32,identity,identity,0,{},0.41011551,0.41011551,0,0.66357356,0.66357356,0.23880285,0.23880285,0.42477071,0.42477071,0,1,1,58.102019,58.102019,False,1,True,True,True,1,1,58.102019,58.102019,1,1,56.634526,56.634526,1,1,12.975942,12.975942,1,1,7.4764903,7.4764903,1,1,22.943164,22.943164,1,1,30.456725,30.456725,1,1,30.88256,30.88256,1,1,27.273399,27.273399
0b_gaussian_blur_best,file,18,baseline_gaussian_blur,1772,032.Mangrove_Cuckoo/Mangrove_Cuckoo_0015_26380.jpg,32,31,032.Mangrove_Cuckoo,33,32,gaussian_blur,gaussian_blur,0,"{""sigma"":1.062001}",0.41011551,0.74631572,0.33620021,0.66357356,0.4741101,0.23880285,0.30198109,0.42477071,0.17212901,-0.25264171,0.83653963,1.6862638,58.102019,97.97533,False,0.97624969,True,True,True,0.83653963,1.6862638,58.102019,97.97533,0.83142122,1.7001352,56.634526,96.286353,0.97091916,1.3959394,12.975942,18.113628,0.66605077,2.4090671,7.4764903,18.011367,0.78945165,1.8173677,22.943164,41.696166,0.82276919,1.7192006,30.456725,52.361221,0.85242691,1.656959,30.88256,51.171135,0.87830979,1.5761587,27.273399,42.987203
0b_gaussian_blur_best,file,18,baseline_gaussian_blur,5158,089.Hooded_Merganser/Hooded_Merganser_0089_796740.jpg,89,88,089.Hooded_Merganser,53,52,identity,identity,0,{},0.0023905053,0.0023905053,0,0.99761236,0.99761236,0.00042152504,0.00042152504,0.99719083,0.99719083,0,1,1,0.31016072,0.31016072,False,1,True,True,True,1,1,0.31016072,0.31016072,1,1,0.30276845,0.30276845,1,1,0.067312222,0.067312222,1,1,0.04692086,0.04692086,1,1,0.090824702,0.090824702,1,1,0.1328366,0.1328366,1,1,0.15669654,0.15669654,1,1,0.19753145,0.19753145
0b_gaussian_blur_best,file,18,baseline_gaussian_blur,5158,089.Hooded_Merganser/Hooded_Merganser_0089_796740.jpg,89,88,089.Hooded_Merganser,53,52,gaussian_blur,gaussian_blur,0,"{""sigma"":1.866488}",0.0023905053,0.0018706695,-0.00051983574,0.99761236,0.9981311,0.00042152504,0.00024197204,0.99719083,0.99788912,0.00069829222,0.7660987,0.86823575,0.31016072,0.26929262,False,0.98429203,True,True,True,0.7660987,0.86823575,0.31016072,0.26929262,0.75663665,0.87200948,0.30276845,0.26401696,0.98170181,0.78801455,0.067312222,0.05304301,0.51310788,1.3223272,0.04692086,0.06204473,0.47715548,1.0083633,0.090824702,0.091584298,0.68713406,0.93953425,0.1328366,0.12480453,0.7909783,0.82599097,0.15669654,0.12942992,0.88079418,0.80267843,0.19753145,0.15855424
0b_gaussian_blur_best,file,18,baseline_gaussian_blur,10638,181.Worm_eating_Warbler/Worm_Eating_Warbler_0006_176037.jpg,181,180,181.Worm_eating_Warbler,195,194,identity,identity,0,{},0.0038412847,0.0038412847,0,0.99616611,0.99616611,0.0012416022,0.0012416022,0.99492451,0.99492451,0,1,1,0.57202222,0.57202222,False,1,True,True,True,1,1,0.57202222,0.57202222,1,1,0.55963831,0.55963831,1,1,0.11838237,0.11838237,1,1,0.092628458,0.092628458,1,1,0.27356799,0.27356799,1,1,0.28602023,0.28602023,1,1,0.25860532,0.25860532,1,1,0.28476531,0.28476531
0b_gaussian_blur_best,file,18,baseline_gaussian_blur,10638,181.Worm_eating_Warbler/Worm_Eating_Warbler_0006_176037.jpg,181,180,181.Worm_eating_Warbler,195,194,gaussian_blur,gaussian_blur,0,"{""sigma"":1.193176}",0.0038412847,0.0074260389,0.0035847542,0.99616611,0.99260145,0.0012416022,0.00081232982,0.99492451,0.99178912,-0.0031353834,0.76061603,2.2650371,0.57202222,1.2956516,False,0.98067856,True,True,True,0.76061603,2.2650371,0.57202222,1.2956516,0.75410105,2.2782224,0.55963831,1.2749805,0.94000819,1.9472165,0.11838237,0.2305161,0.59602848,3.4927571,0.092628458,0.3235287,0.71155365,2.1557735,0.27356799,0.58975061,0.71216472,2.4253286,0.28602023,0.69369306,0.78270258,2.2521959,0.25860532,0.58242986,0.86464474,2.0854202,0.28476531,0.59385532
0b_gaussian_blur_best,file,18,baseline_gaussian_blur,2832,050.Eared_Grebe/Eared_Grebe_0068_34052.jpg,50,49,050.Eared_Grebe,51,50,identity,identity,0,{},0.50151825,0.50151825,0,0.60561049,0.60561049,0.14650457,0.14650457,0.45910592,0.45910592,0,1,1,59.864241,59.864241,False,1,True,True,True,1,1,59.864241,59.864241,1,1,59.217144,59.217144,1,1,8.778218,8.778218,1,1,13.451365,13.451365,1,1,24.216104,24.216104,1,1,30.415011,30.415011,1,1,30.075776,30.075776,1,1,30.161002,30.161002
0b_gaussian_blur_best,file,18,baseline_gaussian_blur,2832,050.Eared_Grebe/Eared_Grebe_0068_34052.jpg,50,49,050.Eared_Grebe,51,50,gaussian_blur,gaussian_blur,0,"{""sigma"":1.648252}",0.50151825,0.25506765,-0.2464506,0.60561049,0.77486408,0.14650457,0.057743169,0.45910592,0.71712091,0.25801498,0.77366371,0.65918557,59.864241,39.461643,False,0.97315311,True,True,True,0.77366371,0.65918557,59.864241,39.461643,0.76953978,0.65946903,59.217144,39.051873,0.96535811,0.64615444,8.778218,5.6720846,0.28308011,0.8577111,13.451365,11.537385,0.68107096,0.74519932,24.216104,18.045824,0.82109936,0.69361549,30.415011,21.096323,0.83613604,0.59382359,30.075776,17.859705,0.88115691,0.57642907,30.161002,17.385678
0b_gaussian_blur_best,file,18,baseline_gaussian_blur,10225,174.Palm_Warbler/Palm_Warbler_0126_170311.jpg,174,173,174.Palm_Warbler,162,161,identity,identity,0,{},3.0662267,3.0662267,0,0.046596643,0.046596643,0.57975864,0.57975864,-0.533162,-0.533162,0,1,1,225.11108,225.11108,False,1,True,False,False,1,1,225.11108,225.11108,1,1,223.18738,223.18738,1,1,29.366446,29.366446,1,1,83.827277,83.827277,1,1,94.128468,94.128468,1,1,122.83815,122.83815,1,1,103.04225,103.04225,1,1,90.656,90.656
0b_gaussian_blur_best,file,18,baseline_gaussian_blur,10225,174.Palm_Warbler/Palm_Warbler_0126_170311.jpg,174,173,174.Palm_Warbler,162,161,gaussian_blur,gaussian_blur,0,"{""sigma"":1.698273}",3.0662267,4.4721923,1.4059656,0.046596643,0.011422246,0.57975864,0.46669155,-0.533162,-0.45526931,0.077892694,0.84070757,0.90768178,225.11108,204.32922,False,0.96601796,True,False,False,0.84070757,0.90768178,225.11108,204.32922,0.83862507,0.9064079,223.18738,202.29881,0.95455327,0.9784522,29.366446,28.733664,0.88334043,0.99202424,83.827277,83.158691,0.74729224,0.93433563,94.128468,87.947581,0.85306263,0.87485708,122.83815,107.46583,0.84433413,0.87753444,103.04225,90.423124,0.87125287,0.89269846,90.656,80.928472
0b_gaussian_blur_best,file,18,baseline_gaussian_blur,460,009.Brewer_Blackbird/Brewer_Blackbird_0018_2261.jpg,9,8,009.Brewer_Blackbird,29,28,identity,identity,0,{},0.12232839,0.12232839,0,0.88485771,0.88485771,0.02812642,0.02812642,0.85673129,0.85673129,0,1,1,15.108016,15.108016,False,1.0000002,True,True,True,1,1,15.108016,15.108016,1,1,14.755686,14.755686,1,1,3.243744,3.243744,1,1,3.5280662,3.5280662,1,1,6.17847,6.17847,1,1,6.154021,6.154021,1,1,7.5640805,7.5640805,1,1,8.4865918,8.4865918
0b_gaussian_blur_best,file,18,baseline_gaussian_blur,460,009.Brewer_Blackbird/Brewer_Blackbird_0018_2261.jpg,9,8,009.Brewer_Blackbird,29,28,gaussian_blur,gaussian_blur,0,"{""sigma"":1.587461}",0.12232839,0.14235783,0.020029433,0.88485771,0.86731082,0.02812642,0.012411385,0.85673129,0.85489944,-0.0018318566,0.73072263,1.2123677,15.108016,18.316471,False,0.97758466,True,True,True,0.73072263,1.2123677,15.108016,18.316471,0.72009227,1.2067985,14.755686,17.80714,0.93437792,1.3223572,3.243744,4.2893881,0.2588675,1.6008116,3.5280662,5.6477695,0.56990544,1.1330605,6.17847,7.0005802,0.69983105,1.1802919,6.154021,7.2635414,0.79746804,1.1895121,7.5640805,8.9975651,0.85955993,1.1928139,8.4865918,10.122925
0b_gaussian_blur_best,file,18,baseline_gaussian_blur,7417,127.Savannah_Sparrow/Savannah_Sparrow_0054_120057.jpg,127,126,127.Savannah_Sparrow,120,119,identity,identity,0,{},4.5641885,4.5641885,0,0.010418331,0.010418331,0.64214474,0.64214474,-0.63172641,-0.63172641,0,1,1,224.63362,224.63362,False,1,True,False,False,1,1,224.63362,224.63362,1,1,222.47729,222.47729,1,1,31.050218,31.050218,1,1,38.199276,38.199276,1,1,119.48612,119.48612,1,1,129.26698,129.26698,1,1,98.399252,98.399252,1,1,85.835097,85.835097
0b_gaussian_blur_best,file,18,baseline_gaussian_blur,7417,127.Savannah_Sparrow/Savannah_Sparrow_0054_120057.jpg,127,126,127.Savannah_Sparrow,120,119,gaussian_blur,gaussian_blur,0,"{""sigma"":1.272303}",4.5641885,3.8450933,-0.71909523,0.010418331,0.021384409,0.64214474,0.28981197,-0.63172641,-0.26842756,0.36329885,0.82182378,0.80494392,224.63362,180.81746,False,0.98229039,True,False,False,0.82182378,0.80494392,224.63362,180.81746,0.81957749,0.80368804,222.47729,178.80234,0.93103993,0.86697813,31.050218,26.91986,0.70301767,0.95689555,38.199276,36.552717,0.80800992,0.87398866,119.48612,104.42951,0.83072147,0.75771376,129.26698,97.947366,0.82301102,0.73621547,98.399252,72.443051,0.85888697,0.81443218,85.835097,69.906865
0b_gaussian_blur_best,file,18,baseline_gaussian_blur,3546,061.Heermann_Gull/Heermann_Gull_0131_45548.jpg,61,60,061.Heermann_Gull,66,65,identity,identity,0,{},0.2422298,0.2422298,0,0.78487581,0.78487581,0.10551541,0.10551541,0.6793604,0.6793604,0,1,1,28.072139,28.072139,False,1,True,True,True,1,1,28.072139,28.072139,1,1,27.214514,27.214514,1,1,6.8858701,6.8858701,1,1,5.0392534,5.0392534,1,1,10.497624,10.497624,1,1,13.47368,13.47368,1,1,13.562334,13.562334,1,1,15.477681,15.477681
0b_gaussian_blur_best,file,18,baseline_gaussian_blur,3546,061.Heermann_Gull/Heermann_Gull_0131_45548.jpg,61,60,061.Heermann_Gull,66,65,gaussian_blur,gaussian_blur,0,"{""sigma"":1.584108}",0.2422298,0.19682238,-0.045407429,0.78487581,0.82133651,0.10551541,0.071502768,0.6793604,0.74983374,0.070473336,0.75564274,0.90679114,28.072139,25.455567,False,0.97011119,True,True,True,0.75564274,0.90679114,28.072139,25.455567,0.7440563,0.9100198,27.214514,24.765747,0.94971844,0.85477762,6.8858701,5.8858877,0.56020173,1.3033162,5.0392534,6.5677407,0.6124418,1.0656464,10.497624,11.186755,0.73857821,0.8519024,13.47368,11.478261,0.76777437,0.85336812,13.562334,11.573663,0.85043138,0.86528853,15.477681,13.39266
0b_gaussian_blur_best,file,18,baseline_gaussian_blur,5772,099.Ovenbird/Ovenbird_0010_92957.jpg,99,98,099.Ovenbird,149,148,identity,identity,0,{},0.17817096,0.17817096,0,0.83679932,0.83679932,0.09983255,0.09983255,0.73696677,0.73696677,0,1,1,22.182817,22.182817,False,1,True,True,True,1,1,22.182817,22.182817,1,1,21.591916,21.591916,1,1,5.0859152,5.0859152,1,1,4.5875221,4.5875221,1,1,9.3970869,9.3970869,1,1,10.710021,10.710021,1,1,10.501039,10.501039,1,1,11.48407,11.48407
0b_gaussian_blur_best,file,18,baseline_gaussian_blur,5772,099.Ovenbird/Ovenbird_0010_92957.jpg,99,98,099.Ovenbird,149,148,gaussian_blur,gaussian_blur,0,"{""sigma"":1.561288}",0.17817096,0.14305817,-0.035112798,0.83679932,0.86670363,0.09983255,0.11829253,0.73696677,0.7484111,0.01144433,0.80037345,1.0069167,22.182817,22.336248,False,0.97799075,True,True,True,0.80037345,1.0069167,22.182817,22.336248,0.79121937,1.0050795,21.591916,21.701592,0.96033337,1.0394733,5.0859152,5.2866731,0.86885466,1.4922121,4.5875221,6.845556,0.75554992,1.0227474,9.3970869,9.6108459,0.73810792,0.99429832,10.710021,10.648956,0.80331479,0.91908775,10.501039,9.6513767,0.85322504,0.97425177,11.48407,11.188375
0b_gaussian_blur_best,file,18,baseline_gaussian_blur,11034,188.Pileated_Woodpecker/Pileated_Woodpecker_0038_180300.jpg,188,187,188.Pileated_Woodpecker,191,190,identity,identity,0,{},0.00096346205,0.00096346205,0,0.99903703,0.99903703,0.00041181027,0.00041181027,0.99862522,0.99862522,0,1,1,0.15326534,0.15326534,False,1,True,True,True,1,1,0.15326534,0.15326534,1,1,0.14962628,0.14962628,1,1,0.033200041,0.033200041,1,1,0.028173989,0.028173989,1,1,0.047056289,0.047056289,1,1,0.070327582,0.070327582,1,1,0.081692736,0.081692736,1,1,0.088092465,0.088092465
0b_gaussian_blur_best,file,18,baseline_gaussian_blur,11034,188.Pileated_Woodpecker/Pileated_Woodpecker_0038_180300.jpg,188,187,188.Pileated_Woodpecker,191,190,gaussian_blur,gaussian_blur,0,"{""sigma"":1.917417}",0.00096346205,0.00063708989,-0.00032637216,0.99903703,0.99936312,0.00041181027,0.00017760642,0.99862522,0.99918552,0.00056030086,0.80669628,0.63861235,0.15326534,0.09787714,False,0.99290693,True,True,True,0.80669628,0.63861235,0.15326534,0.09787714,0.79785302,0.63590004,0.14962628,0.095147354,0.97457777,0.69140396,0.033200041,0.02295464,0.71982076,0.78502195,0.028173989,0.0221172,0.58482571,0.74900743,0.047056289,0.03524551,0.70087461,0.55225987,0.070327582,0.038839101,0.83653826,0.60256973,0.081692736,0.04922557,0.9088899,0.66093563,0.088092465,0.058223448
0b_gaussian_blur_best,file,18,baseline_gaussian_blur,8042,137.Cliff_Swallow/Cliff_Swallow_0011_133033.jpg,137,136,137.Cliff_Swallow,118,117,identity,identity,0,{},4.0004387,4.0004387,0,0.018307606,0.018307606,0.57172847,0.57172847,-0.55342086,-0.55342086,0,1,1,150.99341,150.99341,False,1,True,False,False,1,1,150.99341,150.99341,1,1,148.23643,148.23643,1,1,28.722301,28.722301,1,1,34.823823,34.823823,1,1,70.355889,70.355889,1,1,70.349399,70.349399,1,1,71.56215,71.56215,1,1,75.770782,75.770782
0b_gaussian_blur_best,file,18,baseline_gaussian_blur,8042,137.Cliff_Swallow/Cliff_Swallow_0011_133033.jpg,137,136,137.Cliff_Swallow,118,117,gaussian_blur,gaussian_blur,0,"{""sigma"":1.425312}",4.0004387,3.883393,-0.11704564,0.018307606,0.020580875,0.57172847,0.38464671,-0.55342086,-0.36406584,0.18935502,0.80971951,0.9265856,150.99341,139.90832,False,0.96498227,True,False,False,0.80971951,0.9265856,150.99341,139.90832,0.80454238,0.92762166,148.23643,137.50733,0.95247592,0.89854933,28.722301,25.808404,0.78772074,1.3448983,34.823823,46.834501,0.75913487,0.94825547,70.355889,66.715356,0.78376613,0.91134399,70.349399,64.112502,0.83749174,0.86298025,71.56215,61.756722,0.86453119,0.86940188,75.770782,65.875261
0b_gaussian_blur_best,file,18,baseline_gaussian_blur,1670,030.Fish_Crow/Fish_Crow_0028_25968.jpg,30,29,030.Fish_Crow,27,26,identity,identity,0,{},3.2491717,3.2491717,0,0.038806342,0.038806342,0.76041108,0.76041108,-0.72160474,-0.72160474,0,1,1,175.44472,175.44472,False,1.0000001,True,False,False,1,1,175.44472,175.44472,1,1,170.93433,170.93433,1,1,39.526022,39.526022,1,1,29.548308,29.548308,1,1,72.985052,72.985052,1,1,87.659108,87.659108,1,1,91.392394,91.392394,1,1,83.557977,83.557977
0b_gaussian_blur_best,file,18,baseline_gaussian_blur,1670,030.Fish_Crow/Fish_Crow_0028_25968.jpg,30,29,030.Fish_Crow,27,26,gaussian_blur,gaussian_blur,0,"{""sigma"":1.672264}",3.2491717,2.480015,-0.76915669,0.038806342,0.083741963,0.76041108,0.33109853,-0.72160474,-0.24735656,0.47424818,0.69853079,0.82573757,175.44472,144.8713,False,0.94072962,True,False,False,0.69853079,0.82573757,175.44472,144.8713,0.69061927,0.82961612,170.93433,141.80987,0.86574488,0.74951163,39.526022,29.625213,0.74568131,1.4609099,29.548308,43.167416,0.57695628,0.83380881,72.985052,60.85558,0.72281254,0.90715896,87.659108,79.520745,0.72797389,0.72293741,91.392394,66.070981,0.73112157,0.7429922,83.557977,62.082926
0b_gaussian_blur_best,file,18,baseline_gaussian_blur,11448,195.Carolina_Wren/Carolina_Wren_0014_186525.jpg,195,194,195.Carolina_Wren,199,198,identity,identity,0,{},0.0034488502,0.0034488502,0,0.99655712,0.99655712,0.00061517215,0.00061517215,0.99594194,0.99594194,0,1,1,0.60789799,0.60789799,False,0.99999994,True,True,True,1,1,0.60789799,0.60789799,1,1,0.59730913,0.59730913,1,1,0.112968,0.112968,1,1,0.095737718,0.095737718,1,1,0.28143368,0.28143368,1,1,0.29129597,0.29129597,1,1,0.28669838,0.28669838,1,1,0.31836812,0.31836812
0b_gaussian_blur_best,file,18,baseline_gaussian_blur,11448,195.Carolina_Wren/Carolina_Wren_0014_186525.jpg,195,194,195.Carolina_Wren,199,198,gaussian_blur,gaussian_blur,0,"{""sigma"":1.275532}",0.0034488502,0.014952253,0.011503402,0.99655712,0.98515898,0.00061517215,0.0017924017,0.99594194,0.98336658,-0.012575366,0.82644252,4.8955032,0.60789799,2.9759665,False,0.97826201,True,True,True,0.82644252,4.8955032,0.60789799,2.9759665,0.82238931,4.9192056,0.59730913,2.9382864,0.9705279,4.1787909,0.112968,0.47206967,0.75590028,6.0114397,0.095737718,0.57552152,0.79589549,5.5592898,0.28143368,1.5645714,0.77319555,5.1642829,0.29129597,1.5043348,0.84477875,4.5070605,0.28669838,1.2921669,0.90512802,4.3542483,0.31836812,1.3862539
0b_gaussian_blur_best,file,18,baseline_gaussian_blur,5979,103.Sayornis/Sayornis_0086_98829.jpg,103,102,103.Sayornis,38,37,identity,identity,0,{},0.040513378,0.040513378,0,0.96029633,0.96029633,0.015434853,0.015434853,0.94486148,0.94486148,0,1,1,6.2127328,6.2127328,False,1,True,True,True,1,1,6.2127328,6.2127328,1,1,6.0826125,6.0826125,1,1,1.2648613,1.2648613,1,1,1.2089228,1.2089228,1,1,2.5286973,2.5286973,1,1,3.1963524,3.1963524,1,1,3.2240609,3.2240609,1,1,2.9208103,2.9208103
0b_gaussian_blur_best,file,18,baseline_gaussian_blur,5979,103.Sayornis/Sayornis_0086_98829.jpg,103,102,103.Sayornis,38,37,gaussian_blur,gaussian_blur,0,"{""sigma"":1.824236}",0.040513378,0.11721204,0.076698665,0.96029633,0.88939661,0.015434853,0.025871404,0.94486148,0.8635252,-0.081336276,0.80380561,2.9093764,6.2127328,18.075178,False,0.97318137,True,True,True,0.80380561,2.9093764,6.2127328,18.075178,0.79777505,2.9182671,6.0826125,17.750688,0.95722143,2.695606,1.2648613,3.4095677,0.69329066,3.621289,1.2089228,4.377859,0.6534123,3.2881472,2.5286973,8.3147289,0.84442022,3.129174,3.1963524,10.001943,0.84228083,2.6032915,3.2240609,8.3931703,0.86422607,2.5689759,2.9208103,7.5034915
0b_gaussian_blur_best,file,18,baseline_gaussian_blur,7152,123.Henslow_Sparrow/Henslow_Sparrow_0081_116755.jpg,123,122,123.Henslow_Sparrow,129,128,identity,identity,0,{},0.49401957,0.49401957,0,0.61016887,0.61016887,0.12696719,0.12696719,0.48320168,0.48320168,0,1,1,68.763404,68.763404,False,1,True,True,True,1,1,68.763404,68.763404,1,1,67.906962,67.906962,1,1,10.818971,10.818971,1,1,12.883649,12.883649,1,1,27.767344,27.767344,1,1,39.106406,39.106406,1,1,35.208099,35.208099,1,1,30.090206,30.090206
0b_gaussian_blur_best,file,18,baseline_gaussian_blur,7152,123.Henslow_Sparrow/Henslow_Sparrow_0081_116755.jpg,123,122,123.Henslow_Sparrow,129,128,gaussian_blur,gaussian_blur,0,"{""sigma"":1.000359}",0.49401957,0.55795646,0.063936889,0.61016887,0.57237756,0.12696719,0.15723078,0.48320168,0.41514678,-0.0680549,0.81026137,1.2388112,68.763404,85.184874,False,0.97809517,True,True,True,0.81026137,1.2388112,68.763404,85.184874,0.80657341,1.2414601,67.906962,84.303782,0.97349065,1.1295226,10.818971,12.220272,0.67031581,1.3068166,12.883649,16.836567,0.64217258,1.4852103,27.767344,41.240346,0.83265918,1.2270613,39.106406,47.985956,0.8707253,1.1493298,35.208099,40.465716,0.90219655,1.1429419,30.090206,34.391357
0b_gaussian_blur_best,file,18,baseline_gaussian_blur,2554,045.Northern_Fulmar/Northern_Fulmar_0076_43893.jpg,45,44,045.Northern_Fulmar,63,62,identity,identity,0,{},3.3013794,3.3013794,0,0.036832329,0.036832329,0.64566106,0.64566106,-0.60882873,-0.60882873,0,1,1,134.60809,134.60809,False,1,True,False,False,1,1,134.60809,134.60809,1,1,130.4039,130.4039,1,1,33.37903,33.37903,1,1,34.155734,34.155734,1,1,50.449011,50.449011,1,1,60.087777,60.087777,1,1,63.821426,63.821426,1,1,74.898236,74.898236
0b_gaussian_blur_best,file,18,baseline_gaussian_blur,2554,045.Northern_Fulmar/Northern_Fulmar_0076_43893.jpg,45,44,045.Northern_Fulmar,63,62,gaussian_blur,gaussian_blur,0,"{""sigma"":1.469217}",3.3013794,3.2888527,-0.012526751,0.036832329,0.037296616,0.64566106,0.40361753,-0.60882873,-0.36632092,0.24250781,0.72228545,1.1578258,134.60809,155.85272,False,0.98353392,False,False,False,0.72228545,1.1578258,134.60809,155.85272,0.70918449,1.1634295,130.4039,151.71574,0.94243593,1.0686578,33.37903,35.670759,0.5703646,1.7221743,34.155734,58.822125,0.64683116,1.3229362,50.449011,66.740823,0.65310086,1.1443794,60.087777,68.763214,0.76361368,1.0386183,63.821426,66.2861,0.82486567,1.0325652,74.898236,77.337315
0b_gaussian_blur_best,file,18,baseline_gaussian_blur,115,002.Laysan_Albatross/Laysan_Albatross_0018_492.jpg,2,1,002.Laysan_Albatross,1,0,identity,identity,0,{},0.11719391,0.11719391,0,0.8894127,0.8894127,0.068351656,0.068351656,0.82106104,0.82106104,0,1,1,18.939627,18.939627,False,1.0000001,True,True,True,1,1,18.939627,18.939627,1,1,18.623616,18.623616,1,1,3.4453453,3.4453453,1,1,5.0528105,5.0528105,1,1,7.9478011,7.9478011,1,1,8.8912927,8.8912927,1,1,9.6978729,9.6978729,1,1,9.2215414,9.2215414
0b_gaussian_blur_best,file,18,baseline_gaussian_blur,115,002.Laysan_Albatross/Laysan_Albatross_0018_492.jpg,2,1,002.Laysan_Albatross,1,0,gaussian_blur,gaussian_blur,0,"{""sigma"":1.093346}",0.11719391,0.076112457,-0.041081458,0.8894127,0.92671198,0.068351656,0.042856179,0.82106104,0.8838558,0.062794752,0.9097005,0.67815822,18.939627,12.844064,False,0.99456668,True,True,True,0.9097005,0.67815822,18.939627,12.844064,0.90686558,0.67855526,18.623616,12.637153,0.99418008,0.66645268,3.4453453,2.2961596,0.89436402,0.71570086,5.0528105,3.6163008,0.83122487,0.69015036,7.9478011,5.4851778,0.89132324,0.67463263,8.8912927,5.9983562,0.93385827,0.66474885,9.6978729,6.4466498,0.95391878,0.67715988,9.2215414,6.2444579
0b_gaussian_blur_best,file,18,baseline_gaussian_blur,9090,155.Warbling_Vireo/Warbling_Vireo_0003_158484.jpg,155,154,155.Warbling_Vireo,196,195,identity,identity,0,{},0.028163632,0.028163632,0,0.97222924,0.97222924,0.010434785,0.010434785,0.96179446,0.96179446,0,1,1,4.1246427,4.1246427,False,1,True,True,True,1,1,4.1246427,4.1246427,1,1,4.0129691,4.0129691,1,1,0.95328693,0.95328693,1,1,0.95401591,0.95401591,1,1,1.808356,1.808356,1,1,1.8678091,1.8678091,1,1,1.9882553,1.9882553,1,1,2.1170153,2.1170153
0b_gaussian_blur_best,file,18,baseline_gaussian_blur,9090,155.Warbling_Vireo/Warbling_Vireo_0003_158484.jpg,155,154,155.Warbling_Vireo,196,195,gaussian_blur,gaussian_blur,0,"{""sigma"":1.356403}",0.028163632,0.043805439,0.015641807,0.97222924,0.95714015,0.010434785,0.009208831,0.96179446,0.94793132,-0.013863141,0.84734034,1.66475,4.1246427,6.8664987,False,0.98796076,True,True,True,0.84734034,1.66475,4.1246427,6.8664987,0.84111146,1.6733154,4.0129691,6.714963,0.9746153,1.5048984,0.95328693,1.4346,0.89291479,2.3295192,0.95401591,2.2223984,0.7985444,1.7908158,1.808356,3.2384324,0.78998472,1.7158959,1.8678091,3.204966,0.85940599,1.5089501,1.9882553,3.000178,0.91440979,1.522692,2.1170153,3.2235623
0b_gaussian_blur_best,file,18,baseline_gaussian_blur,313,006.Least_Auklet/Least_Auklet_0030_795116.jpg,6,5,006.Least_Auklet,151,150,identity,identity,0,{},0.0037352333,0.0037352333,0,0.99627173,0.99627173,0.0013223091,0.0013223091,0.99494942,0.99494942,0,1,1,0.78981804,0.78981804,False,1,True,True,True,1,1,0.78981804,0.78981804,1,1,0.77959207,0.77959207,1,1,0.12668361,0.12668361,1,1,0.22306627,0.22306627,1,1,0.343122,0.343122,1,1,0.41288247,0.41288247,1,1,0.38200582,0.38200582,1,1,0.35195474,0.35195474
0b_gaussian_blur_best,file,18,baseline_gaussian_blur,313,006.Least_Auklet/Least_Auklet_0030_795116.jpg,6,5,006.Least_Auklet,151,150,gaussian_blur,gaussian_blur,0,"{""sigma"":1.906972}",0.0037352333,0.0037253757,-9.8575838e-06,0.99627173,0.99628156,0.0013223091,0.00061598467,0.99494942,0.99566558,0.00071615924,0.80976628,1.1478222,0.78981804,0.90657065,False,0.98184288,True,True,True,0.80976628,1.1478222,0.78981804,0.90657065,0.80663712,1.152305,0.77959207,0.89832782,0.96440684,0.96281778,0.12668361,0.12197323,0.73128886,1.066478,0.22306627,0.23789527,0.74036165,1.2928697,0.343122,0.44361203,0.8302619,1.2202831,0.41288247,0.50383351,0.82834873,1.0655246,0.38200582,0.40703661,0.86826193,1.0403879,0.35195474,0.36616946
0b_gaussian_blur_best,file,18,baseline_gaussian_blur,5206,090.Red_breasted_Merganser/Red_Breasted_Merganser_0080_79488.jpg,90,89,090.Red_breasted_Merganser,50,49,identity,identity,0,{},0.42935503,0.42935503,0,0.6509288,0.6509288,0.19249067,0.19249067,0.45843813,0.45843813,0,1,1,67.039367,67.039367,False,0.99999988,True,True,True,1,1,67.039367,67.039367,1,1,66.202284,66.202284,1,1,10.560981,10.560981,1,1,13.198739,13.198739,1,1,32.505483,32.505483,1,1,32.388229,32.388229,1,1,33.218434,33.218434,1,1,31.614356,31.614356
0b_gaussian_blur_best,file,18,baseline_gaussian_blur,5206,090.Red_breasted_Merganser/Red_Breasted_Merganser_0080_79488.jpg,90,89,090.Red_breasted_Merganser,50,49,gaussian_blur,gaussian_blur,0,"{""sigma"":1.13678}",0.42935503,0.35191596,-0.07743907,0.6509288,0.70333922,0.19249067,0.11034083,0.45843813,0.59299839,0.13456026,0.84688983,0.91426578,67.039367,61.291799,False,0.98541206,True,True,True,0.84688983,0.91426578,67.039367,61.291799,0.84450581,0.91514867,66.202284,60.584932,0.945113,0.87887094,10.560981,9.281739,0.67359779,1.3464283,13.198739,17.771156,0.81722842,0.86346364,32.505483,28.067303,0.85424792,0.94611761,32.388229,30.643074,0.87694153,0.89940595,33.218434,29.876857,0.89288831,0.85773755,31.614356,27.11682
0b_gaussian_blur_best,file,18,baseline_gaussian_blur,10103,172.Nashville_Warbler/Nashville_Warbler_0023_167242.jpg,172,171,172.Nashville_Warbler,20,19,identity,identity,0,{},2.0356092,2.0356092,0,0.13060087,0.13060087,0.2168999,0.2168999,-0.086299032,-0.086299032,0,1,1,127.0073,127.0073,False,1.0000002,True,False,False,1,1,127.0073,127.0073,1,1,125.22631,125.22631,1,1,21.19493,21.19493,1,1,27.660281,27.660281,1,1,51.016108,51.016108,1,1,62.442106,62.442106,1,1,65.567256,65.567256,1,1,64.154596,64.154596
0b_gaussian_blur_best,file,18,baseline_gaussian_blur,10103,172.Nashville_Warbler/Nashville_Warbler_0023_167242.jpg,172,171,172.Nashville_Warbler,20,19,gaussian_blur,gaussian_blur,0,"{""sigma"":1.937111}",2.0356092,1.3521671,-0.68344212,0.13060087,0.25867909,0.2168999,0.26041973,-0.086299032,-0.0017406344,0.084558398,0.63195277,0.90824385,127.0073,115.3536,False,0.97022486,True,False,False,0.63195277,0.90824385,127.0073,115.3536,0.62274346,0.90847908,125.22631,113.76548,0.95649097,0.8999939,21.19493,19.075308,0.28673007,1.3570604,27.660281,37.536671,0.40087212,0.80437249,51.016108,41.035954,0.58447258,0.91003172,62.442106,56.824297,0.69037244,0.88734035,65.567256,58.180472,0.82961495,0.88665372,64.154596,56.882911
0b_gaussian_blur_best,file,18,baseline_gaussian_blur,10552,180.Wilson_Warbler/Wilson_Warbler_0108_175179.jpg,180,179,180.Wilson_Warbler,182,181,identity,identity,0,{},0.008775834,0.008775834,0,0.99126256,0.99126256,0.0050053117,0.0050053117,0.98625724,0.98625724,0,1,1,1.3692155,1.3692155,False,1,True,True,True,1,1,1.3692155,1.3692155,1,1,1.3397812,1.3397812,1,1,0.28237829,0.28237829,1,1,0.27095874,0.27095874,1,1,0.58583431,0.58583431,1,1,0.70236564,0.70236564,1,1,0.68140325,0.68140325,1,1,0.64866415,0.64866415
0b_gaussian_blur_best,file,18,baseline_gaussian_blur,10552,180.Wilson_Warbler/Wilson_Warbler_0108_175179.jpg,180,179,180.Wilson_Warbler,182,181,gaussian_blur,gaussian_blur,0,"{""sigma"":1.669358}",0.008775834,0.019215856,0.010440022,0.99126256,0.98096758,0.0050053117,0.0099780196,0.98625724,0.97098956,-0.015267682,0.80649747,2.2795409,1.3692155,3.1211827,False,0.98761094,True,True,True,0.80649747,2.2795409,1.3692155,3.1211827,0.79939085,2.2859818,1.3397812,3.0627153,0.98019289,2.1293974,0.28237829,0.60129559,0.62787519,3.0962933,0.27095874,0.83896771,0.62880583,2.0332472,0.58583431,1.191146,0.80494265,2.3197613,0.70236564,1.6293206,0.86435051,2.316929,0.68140325,1.5787629,0.89955661,2.2395331,0.64866415,1.4527048
0b_gaussian_blur_best,file,18,baseline_gaussian_blur,345,007.Parakeet_Auklet/Parakeet_Auklet_0047_795956.jpg,7,6,007.Parakeet_Auklet,5,4,identity,identity,0,{},0.033355147,0.033355147,0,0.96719497,0.96719497,0.026340023,0.026340023,0.94085495,0.94085495,0,1,1,5.7319579,5.7319579,False,1,True,True,True,1,1,5.7319579,5.7319579,1,1,5.6251965,5.6251965,1,1,1.1011382,1.1011382,1,1,1.0191178,1.0191178,1,1,2.8263652,2.8263652,1,1,2.990974,2.990974,1,1,2.4445593,2.4445593,1,1,2.7738239,2.7738239
0b_gaussian_blur_best,file,18,baseline_gaussian_blur,345,007.Parakeet_Auklet/Parakeet_Auklet_0047_795956.jpg,7,6,007.Parakeet_Auklet,5,4,gaussian_blur,gaussian_blur,0,"{""sigma"":1.803179}",0.033355147,0.046547949,0.013192803,0.96719497,0.9545188,0.026340023,0.032792367,0.94085495,0.92172643,-0.019128524,0.79874049,1.4757707,5.7319579,8.4590556,False,0.98215234,True,True,True,0.79874049,1.4757707,5.7319579,8.4590556,0.79289202,1.4821501,5.6251965,8.3373856,0.97977868,1.298251,1.1011382,1.4295538,0.62042174,2.6589501,1.0191178,2.7097833,0.75779009,1.5462344,2.8263652,4.3702232,0.82259544,1.4104508,2.990974,4.2186217,0.8025487,1.37878,2.4445593,3.3705094,0.88154595,1.3447246,2.7738239,3.7300294
0b_gaussian_blur_best,file,18,baseline_gaussian_blur,9955,170.Mourning_Warbler/Mourning_Warbler_0008_166467.jpg,170,169,170.Mourning_Warbler,152,151,identity,identity,0,{},1.7905259,1.7905259,0,0.16687238,0.16687238,0.12518571,0.12518571,0.041686669,0.041686669,0,1,1,131.32476,131.32476,False,1,True,True,True,1,1,131.32476,131.32476,1,1,129.28885,129.28885,1,1,23.034481,23.034481,1,1,31.5162,31.5162,1,1,51.809497,51.809497,1,1,75.198554,75.198554,1,1,64.955877,64.955877,1,1,56.249646,56.249646
0b_gaussian_blur_best,file,18,baseline_gaussian_blur,9955,170.Mourning_Warbler/Mourning_Warbler_0008_166467.jpg,170,169,170.Mourning_Warbler,152,151,gaussian_blur,gaussian_blur,0,"{""sigma"":1.172648}",1.7905259,2.914485,1.1239591,0.16687238,0.054231957,0.12518571,0.095003203,0.041686669,-0.040771246,-0.082457915,0.84482225,1.3108687,131.32476,172.14951,False,0.98276281,False,True,False,0.84482225,1.3108687,131.32476,172.14951,0.84149205,1.316539,129.28885,170.21381,0.97947516,1.1175947,23.034481,25.743215,0.82546623,1.6380678,31.5162,51.625672,0.74101833,1.4877326,51.809497,77.078677,0.8694649,1.2837256,75.198554,96.53431,0.86113193,1.2406863,64.955877,80.589865,0.89496046,1.1995545,56.249646,67.474517
0b_gaussian_blur_best,file,18,baseline_gaussian_blur,7995,137.Cliff_Swallow/Cliff_Swallow_0044_133927.jpg,137,136,137.Cliff_Swallow,136,135,identity,identity,0,{},0.59460646,0.59460646,0,0.55177969,0.55177969,0.11424131,0.11424131,0.43753838,0.43753838,0,1,1,61.925184,61.925184,False,0.99999994,True,True,True,1,1,61.925184,61.925184,1,1,60.289862,60.289862,1,1,14.137218,14.137218,1,1,17.200803,17.200803,1,1,24.758543,24.758543,1,1,27.387901,27.387901,1,1,29.550237,29.550237,1,1,33.206939,33.206939
0b_gaussian_blur_best,file,18,baseline_gaussian_blur,7995,137.Cliff_Swallow/Cliff_Swallow_0044_133927.jpg,137,136,137.Cliff_Swallow,136,135,gaussian_blur,gaussian_blur,0,"{""sigma"":1.840743}",0.59460646,1.4072566,0.81265014,0.55177969,0.24481398,0.11424131,0.15645505,0.43753838,0.088358924,-0.34917945,0.7309542,1.8798318,61.925184,116.40893,False,0.9663344,True,True,True,0.7309542,1.8798318,61.925184,116.40893,0.72147651,1.896809,60.289862,114.35835,0.95880169,1.5387253,14.137218,21.753294,0.59309653,2.7687142,17.200803,47.624106,0.65536112,2.3605743,24.758543,58.44438,0.74793556,1.8722398,27.387901,51.276718,0.77707615,1.5618958,29.550237,46.15439,0.83897314,1.5456831,33.206939,51.327402
0b_gaussian_blur_best,file,18,baseline_gaussian_blur,7867,135.Bank_Swallow/Bank_Swallow_0015_129853.jpg,135,134,135.Bank_Swallow,102,101,identity,identity,0,{},0.48969594,0.48969594,0,0.6128127,0.6128127,0.2944735,0.2944735,0.3183392,0.3183392,0,1,1,66.321251,66.321251,False,1,True,True,True,1,1,66.321251,66.321251,1,1,64.898312,64.898312,1,1,13.664461,13.664461,1,1,16.055375,16.055375,1,1,29.865719,29.865719,1,1,33.9874,33.9874,1,1,31.222322,31.222322,1,1,30.529951,30.529951
0b_gaussian_blur_best,file,18,baseline_gaussian_blur,7867,135.Bank_Swallow/Bank_Swallow_0015_129853.jpg,135,134,135.Bank_Swallow,102,101,gaussian_blur,gaussian_blur,0,"{""sigma"":1.02816}",0.48969594,0.30138022,-0.18831572,0.6128127,0.73979646,0.2944735,0.18815428,0.3183392,0.55164218,0.23330298,0.91439354,0.76503518,66.321251,50.73809,False,0.99230951,True,True,True,0.91439354,0.76503518,66.321251,50.73809,0.91164175,0.76869598,64.898312,49.887072,0.9919217,0.67722083,13.664461,9.2538574,0.90566705,0.90563049,16.055375,14.540238,0.88469685,0.79619128,29.865719,23.778825,0.92154512,0.78854728,33.9874,26.800672,0.91517272,0.73961363,31.222322,23.092455,0.93513862,0.70276352,30.529951,21.455336
0b_gaussian_blur_best,file,18,baseline_gaussian_blur,2741,048.European_Goldfinch/European_Goldfinch_0100_794685.jpg,48,47,048.European_Goldfinch,47,46,identity,identity,0,{},0.0025771996,0.0025771996,0,0.99742609,0.99742609,0.00062589592,0.00062589592,0.9968002,0.9968002,0,1,1,0.3503652,0.3503652,False,1,True,True,True,1,1,0.3503652,0.3503652,1,1,0.34115561,0.34115561,1,1,0.079803647,0.079803647,1,1,0.066819417,0.066819417,1,1,0.11529534,0.11529534,1,1,0.15282483,0.15282483,1,1,0.16733698,0.16733698,1,1,0.21742174,0.21742174
0b_gaussian_blur_best,file,18,baseline_gaussian_blur,2741,048.European_Goldfinch/European_Goldfinch_0100_794685.jpg,48,47,048.European_Goldfinch,47,46,gaussian_blur,gaussian_blur,0,"{""sigma"":1.567244}",0.0025771996,0.0040577468,0.0014805472,0.99742609,0.99595046,0.00062589592,0.0013576492,0.9968002,0.99459281,-0.0022073855,0.84041545,1.6237981,0.3503652,0.56892234,False,0.98680711,True,True,True,0.84041545,1.6237981,0.3503652,0.56892234,0.83295134,1.6264799,0.34115561,0.55488275,0.98180209,1.5739826,0.079803647,0.12560955,0.71216186,1.8795127,0.066819417,0.12558795,0.64838372,1.5321128,0.11529534,0.17664547,0.79790803,1.5800511,0.15282483,0.24147103,0.82866609,1.5763809,0.16733698,0.26378683,0.91392093,1.6775181,0.21742174,0.3647289
0b_gaussian_blur_best,file,18,baseline_gaussian_blur,213,004.Groove_billed_Ani/Groove_Billed_Ani_0047_1706.jpg,4,3,004.Groove_billed_Ani,29,28,identity,identity,0,{},2.5999665,2.5999665,0,0.074276052,0.074276052,0.46135402,0.46135402,-0.38707796,-0.38707796,0,1,1,171.26388,171.26388,False,1,True,False,False,1,1,171.26388,171.26388,1,1,169.15144,169.15144,1,1,26.816157,26.816157,1,1,35.273342,35.273342,1,1,64.373923,64.373923,1,1,89.682885,89.682885,1,1,87.916442,87.916442,1,1,86.323101,86.323101
0b_gaussian_blur_best,file,18,baseline_gaussian_blur,213,004.Groove_billed_Ani/Groove_Billed_Ani_0047_1706.jpg,4,3,004.Groove_billed_Ani,29,28,gaussian_blur,gaussian_blur,0,"{""sigma"":1.586503}",2.5999665,2.8209772,0.22101068,0.074276052,0.059547719,0.46135402,0.17835926,-0.38707796,-0.11881154,0.26826643,0.70884137,0.97254508,171.26388,166.56184,False,0.96501297,True,False,False,0.70884137,0.97254508,171.26388,166.56184,0.70394642,0.97347447,169.15144,164.66461,0.91222671,0.93481652,26.816157,25.068186,0.56139328,1.0986749,35.273342,38.753935,0.50599524,1.1188454,64.373923,72.024466,0.74151216,1.0141031,89.682885,90.947691,0.7408103,0.92193947,87.916442,81.053638,0.80096778,0.86564633,86.323101,74.725276
0b_gaussian_blur_best,file,18,baseline_gaussian_blur,5874,101.White_Pelican/White_Pelican_0035_96312.jpg,101,100,101.White_Pelican,100,99,identity,identity,0,{},0.007516555,0.007516555,0,0.99251163,0.99251163,0.0031300669,0.0031300669,0.98938156,0.98938156,0,1,1,0.88882358,0.88882358,False,1,True,True,True,1,1,0.88882358,0.88882358,1,1,0.86092475,0.86092475,1,1,0.22094328,0.22094328,1,1,0.091171387,0.091171387,1,1,0.26657637,0.26657637,1,1,0.35821092,0.35821092,1,1,0.4474191,0.4474191,1,1,0.57733641,0.57733641
0b_gaussian_blur_best,file,18,baseline_gaussian_blur,5874,101.White_Pelican/White_Pelican_0035_96312.jpg,101,100,101.White_Pelican,100,99,gaussian_blur,gaussian_blur,0,"{""sigma"":1.382175}",0.007516555,0.0030259558,-0.0044905993,0.99251163,0.99697864,0.0031300669,0.0013723276,0.98938156,0.99560631,0.0062247498,0.83793218,0.45903926,0.88882358,0.40800492,False,0.99318027,True,True,True,0.83793218,0.45903926,0.88882358,0.40800492,0.82798264,0.45951127,0.86092475,0.39560463,0.99168671,0.45181201,0.22094328,0.099824826,0.43776127,1.25621,0.091171387,0.11453041,0.62354658,0.49305588,0.26657637,0.13143704,0.78523796,0.47278256,0.35821092,0.16935588,0.87063706,0.42624772,0.4474191,0.19071137,0.93687653,0.42799813,0.57733641,0.24709891
0b_gaussian_blur_best,file,18,baseline_gaussian_blur,11493,196.House_Wren/House_Wren_0087_187946.jpg,196,195,196.House_Wren,199,198,identity,identity,0,{},0.083228037,0.083228037,0,0.92014128,0.92014128,0.02953743,0.02953743,0.89060385,0.89060385,0,1,1,13.306591,13.306591,False,0.99999994,True,True,True,1,1,13.306591,13.306591,1,1,13.124789,13.124789,1,1,2.1920961,2.1920961,1,1,1.9971195,1.9971195,1,1,6.2522601,6.2522601,1,1,6.8377784,6.8377784,1,1,6.7073291,6.7073291,1,1,6.1186085,6.1186085
0b_gaussian_blur_best,file,18,baseline_gaussian_blur,11493,196.House_Wren/House_Wren_0087_187946.jpg,196,195,196.House_Wren,199,198,gaussian_blur,gaussian_blur,0,"{""sigma"":1.535268}",0.083228037,0.045228735,-0.037999302,0.92014128,0.95577884,0.02953743,0.0094634239,0.89060385,0.94631541,0.055711564,0.76883233,0.69194484,13.306591,9.2074273,False,0.9667815,True,True,True,0.76883233,0.69194484,13.306591,9.2074273,0.76465553,0.69449964,13.124789,9.1151614,0.95351385,0.59313632,2.1920961,1.3002118,0.63742652,1.0475081,1.9971195,2.0919989,0.74677264,0.82286731,6.2522601,5.1447804,0.71048029,0.69621407,6.8377784,4.7605576,0.8202444,0.59082031,6.7073291,3.9628263,0.87166275,0.60876381,6.1186085,3.7247875
0b_gaussian_blur_best,file,18,baseline_gaussian_blur,2334,041.Scissor_tailed_Flycatcher/Scissor_Tailed_Flycatcher_0008_41670.jpg,41,40,041.Scissor_tailed_Flycatcher,135,134,identity,identity,0,{},0.021362333,0.021362333,0,0.97886425,0.97886425,0.011717504,0.011717504,0.96714675,0.96714675,0,1,1,2.6378758,2.6378758,False,1,True,True,True,1,1,2.6378758,2.6378758,1,1,2.5399216,2.5399216,1,1,0.71217072,0.71217072,1,1,0.41715019,0.41715019,1,1,0.94477292,0.94477292,1,1,1.2154232,1.2154232,1,1,1.3237544,1.3237544,1,1,1.467996,1.467996
0b_gaussian_blur_best,file,18,baseline_gaussian_blur,2334,041.Scissor_tailed_Flycatcher/Scissor_Tailed_Flycatcher_0008_41670.jpg,41,40,041.Scissor_tailed_Flycatcher,135,134,gaussian_blur,gaussian_blur,0,"{""sigma"":1.212829}",0.021362333,0.017275337,-0.0040869955,0.97886425,0.98287302,0.011717504,0.0085122241,0.96714675,0.9743608,0.0072140498,0.8761144,0.7879514,2.6378758,2.0785179,False,0.99342889,True,True,True,0.8761144,0.7879514,2.6378758,2.0785179,0.86703781,0.78802053,2.5399216,2.0015103,0.99170455,0.78707164,0.71217072,0.56052937,0.7427422,1.0340387,0.41715019,0.43134942,0.78528352,0.74489927,0.94477292,0.70376066,0.83902633,0.79138146,1.2154232,0.96186336,0.86864526,0.78251227,1.3237544,1.0358541,0.93447854,0.78457282,1.467996,1.1517498
0b_gaussian_blur_best,file,18,baseline_gaussian_blur,409,008.Rhinoceros_Auklet/Rhinoceros_Auklet_0013_797537.jpg,8,7,008.Rhinoceros_Auklet,24,23,identity,identity,0,{},2.5219502,2.5219502,0,0.080302835,0.080302835,0.27464688,0.27464688,-0.19434404,-0.19434404,0,1,1,154.50161,154.50161,False,1,True,False,False,1,1,154.50161,154.50161,1,1,153.15608,153.15608,1,1,20.346086,20.346086,1,1,37.772359,37.772359,1,1,79.002527,79.002527,1,1,75.272805,75.272805,1,1,74.085553,74.085553,1,1,68.073272,68.073272
0b_gaussian_blur_best,file,18,baseline_gaussian_blur,409,008.Rhinoceros_Auklet/Rhinoceros_Auklet_0013_797537.jpg,8,7,008.Rhinoceros_Auklet,24,23,gaussian_blur,gaussian_blur,0,"{""sigma"":1.436906}",2.5219502,2.2367454,-0.28520489,0.080302835,0.10680556,0.27464688,0.1442403,-0.19434404,-0.037434742,0.1569093,0.84920301,1.0724096,154.50161,165.68902,False,0.97834623,True,False,False,0.84920301,1.0724096,154.50161,165.68902,0.84740784,1.0741503,153.15608,164.51265,0.96646854,0.96867867,20.346086,19.708819,0.82484719,1.326703,37.772359,50.112701,0.81584717,1.1280984,79.002527,89.122625,0.84076034,1.1020958,75.272805,82.957839,0.87792431,0.99283482,74.085553,73.554717,0.89679417,0.96530401,68.073272,65.711402
0b_gaussian_blur_best,file,18,baseline_gaussian_blur,10558,180.Wilson_Warbler/Wilson_Warbler_0010_175750.jpg,180,179,180.Wilson_Warbler,182,181,identity,identity,0,{},0.0031526408,0.0031526408,0,0.99685234,0.99685234,0.0015064736,0.0015064736,0.99534586,0.99534586,0,1,1,0.40266006,0.40266006,False,1,True,True,True,1,1,0.40266006,0.40266006,1,1,0.39002739,0.39002739,1,1,0.10006877,0.10006877,1,1,0.051526521,0.051526521,1,1,0.14006273,0.14006273,1,1,0.20483924,0.20483924,1,1,0.19591043,0.19591043,1,1,0.22250575,0.22250575
0b_gaussian_blur_best,file,18,baseline_gaussian_blur,10558,180.Wilson_Warbler/Wilson_Warbler_0010_175750.jpg,180,179,180.Wilson_Warbler,182,181,gaussian_blur,gaussian_blur,0,"{""sigma"":1.787654}",0.0031526408,0.0083754016,0.0052227608,0.99685234,0.99165958,0.0015064736,0.0035841719,0.99534586,0.98807541,-0.0072704549,0.73800237,4.0996342,0.40266006,1.650759,False,0.97600567,True,True,True,0.73800237,4.0996342,0.40266006,1.650759,0.73156354,4.1765769,0.39002739,1.6289794,0.96279125,2.6708275,0.10006877,0.26726643,0.68099467,10.027574,0.051526521,0.51668598,0.65933361,5.3367909,0.14006273,0.74748553,0.79216251,4.8364234,0.20483924,0.99068928,0.74698467,3.4023096,0.19591043,0.66654792,0.84578255,2.8499581,0.22250575,0.63413206
0b_gaussian_blur_best,file,18,baseline_gaussian_blur,9888,168.Kentucky_Warbler/Kentucky_Warbler_0020_795903.jpg,168,167,168.Kentucky_Warbler,162,161,identity,identity,0,{},0.26619479,0.26619479,0,0.76628983,0.76628983,0.15385409,0.15385409,0.61243574,0.61243574,0,1,1,41.561419,41.561419,False,0.99999994,True,True,True,1,1,41.561419,41.561419,1,1,40.996632,40.996632,1,1,6.8284529,6.8284529,1,1,10.116456,10.116456,1,1,16.77127,16.77127,1,1,20.448704,20.448704,1,1,21.340594,21.340594,1,1,20.579971,20.579971
0b_gaussian_blur_best,file,18,baseline_gaussian_blur,9888,168.Kentucky_Warbler/Kentucky_Warbler_0020_795903.jpg,168,167,168.Kentucky_Warbler,162,161,gaussian_blur,gaussian_blur,0,"{""sigma"":1.698196}",0.26619479,0.17514324,-0.091051549,0.76628983,0.83933681,0.15385409,0.068174385,0.61243574,0.77116243,0.15872668,0.80650559,0.71596565,41.561419,29.756549,False,0.97583973,True,True,True,0.80650559,0.71596565,41.561419,29.756549,0.8027684,0.71745349,40.996632,29.413177,0.95564987,0.66010023,6.8284529,4.5074633,0.71184689,0.75169226,10.116456,7.604462,0.7214621,0.77746447,16.77127,13.039067,0.78157354,0.75023835,20.448704,15.341402,0.84377189,0.6943794,21.340594,14.818469,0.87606291,0.65614718,20.579971,13.50349
0b_gaussian_blur_best,file,18,baseline_gaussian_blur,11206,191.Red_headed_Woodpecker/Red_Headed_Woodpecker_0063_183358.jpg,191,190,191.Red_headed_Woodpecker,139,138,identity,identity,0,{},0.0043089404,0.0043089404,0,0.99570036,0.99570036,0.00064072892,0.00064072892,0.99505963,0.99505963,0,1,1,0.64201749,0.64201749,False,1,True,True,True,1,1,0.64201749,0.64201749,1,1,0.63013099,0.63013099,1,1,0.12296906,0.12296906,1,1,0.14630315,0.14630315,1,1,0.24702011,0.24702011,1,1,0.30728934,0.30728934,1,1,0.31347313,0.31347313,1,1,0.34921251,0.34921251
0b_gaussian_blur_best,file,18,baseline_gaussian_blur,11206,191.Red_headed_Woodpecker/Red_Headed_Woodpecker_0063_183358.jpg,191,190,191.Red_headed_Woodpecker,139,138,gaussian_blur,gaussian_blur,0,"{""sigma"":1.847983}",0.0043089404,0.011687968,0.0073790275,0.99570036,0.98838007,0.00064072892,0.0024510766,0.99505963,0.985929,-0.0091306326,0.75985236,3.0836407,0.64201749,1.9797513,False,0.97725582,True,True,True,0.75985236,3.0836407,0.64201749,1.9797513,0.75291914,3.0950774,0.63013099,1.9503042,0.96816704,2.7664628,0.12296906,0.34018934,0.55362641,4.6770797,0.14630315,0.6842715,0.5965454,3.3183169,0.24702011,0.81969099,0.7599558,3.199275,0.30728934,0.98310312,0.80863283,2.8405207,0.31347313,0.89042689,0.88474703,2.7229881,0.34921251,0.95090153
0b_gaussian_blur_best,file,18,baseline_gaussian_blur,10180,173.Orange_crowned_Warbler/Orange_Crowned_Warbler_0030_168376.jpg,173,172,173.Orange_crowned_Warbler,175,174,identity,identity,0,{},0.44121093,0.44121093,0,0.64325702,0.64325702,0.21545531,0.21545531,0.42780171,0.42780171,0,1,1,80.371146,80.371146,False,1,True,True,True,1,1,80.371146,80.371146,1,1,79.323575,79.323575,1,1,12.934122,12.934122,1,1,13.039787,13.039787,1,1,47.082463,47.082463,1,1,39.454255,39.454255,1,1,35.376175,35.376175,1,1,33.125869,33.125869
0b_gaussian_blur_best,file,18,baseline_gaussian_blur,10180,173.Orange_crowned_Warbler/Orange_Crowned_Warbler_0030_168376.jpg,173,172,173.Orange_crowned_Warbler,175,174,gaussian_blur,gaussian_blur,0,"{""sigma"":1.682771}",0.44121093,0.64266807,0.20145714,0.64325702,0.52588743,0.21545531,0.37199506,0.42780171,0.15389237,-0.27390935,0.79998713,1.6760932,80.371146,134.70953,False,0.98228222,True,True,True,0.79998713,1.6760932,80.371146,134.70953,0.79551957,1.6773342,79.323575,133.05214,0.97337382,1.6287325,12.934122,21.066224,0.50741705,2.9115052,13.039787,37.965406,0.75633776,1.5075107,47.082463,70.977319,0.82333655,1.8462284,39.454255,72.841566,0.86176392,1.5965356,35.376175,56.479324,0.88391979,1.576696,33.125869,52.229424
0b_gaussian_blur_best,file,18,baseline_gaussian_blur,6068,104.American_Pipit/American_Pipit_0095_99959.jpg,104,103,104.American_Pipit,127,126,identity,identity,0,{},0.57555765,0.57555765,0,0.56239116,0.56239116,0.084139884,0.084139884,0.47825128,0.47825128,0,1,1,77.761121,77.761121,False,1,True,True,True,1,1,77.761121,77.761121,1,1,76.782028,76.782028,1,1,12.300901,12.300901,1,1,13.626327,13.626327,1,1,39.471775,39.471775,1,1,43.452972,43.452972,1,1,34.343366,34.343366,1,1,32.926501,32.926501
0b_gaussian_blur_best,file,18,baseline_gaussian_blur,6068,104.American_Pipit/American_Pipit_0095_99959.jpg,104,103,104.American_Pipit,127,126,gaussian_blur,gaussian_blur,0,"{""sigma"":1.132478}",0.57555765,0.65571707,0.080159426,0.56239116,0.51906973,0.084139884,0.12551165,0.47825128,0.39355808,-0.084693193,0.87028539,1.2066727,77.761121,93.83222,False,0.9853155,True,True,True,0.87028539,1.2066727,77.761121,93.83222,0.86790787,1.2059712,76.782028,92.596918,0.96105686,1.2336915,12.300901,15.175517,0.78227579,1.3817113,13.626327,18.827651,0.87976298,1.1526011,39.471775,45.49521,0.86662648,1.2165147,43.452972,52.86118,0.85106533,1.2391306,34.343366,42.555915,0.89302366,1.193604,32.926501,39.301202
0b_gaussian_blur_best,file,18,baseline_gaussian_blur,3310,058.Pigeon_Guillemot/Pigeon_Guillemot_0018_40195.jpg,58,57,058.Pigeon_Guillemot,25,24,identity,identity,0,{},0.015846159,0.015846159,0,0.98427874,0.98427874,0.0055127111,0.0055127111,0.97876603,0.97876603,0,1,1,2.5325031,2.5325031,False,1.0000001,True,True,True,1,1,2.5325031,2.5325031,1,1,2.4721791,2.4721791,1,1,0.54945648,0.54945648,1,1,0.48911156,0.48911156,1,1,0.88542459,0.88542459,1,1,1.286207,1.286207,1,1,1.2878719,1.2878719,1,1,1.3324864,1.3324864
0b_gaussian_blur_best,file,18,baseline_gaussian_blur,3310,058.Pigeon_Guillemot/Pigeon_Guillemot_0018_40195.jpg,58,57,058.Pigeon_Guillemot,25,24,gaussian_blur,gaussian_blur,0,"{""sigma"":1.429708}",0.015846159,0.0076550939,-0.0081910654,0.98427874,0.99237412,0.0055127111,0.0037972536,0.97876603,0.98857687,0.0098108412,0.82125266,0.54913055,2.5325031,1.3906748,False,0.98573279,True,True,True,0.82125266,0.54913055,2.5325031,1.3906748,0.81369054,0.54901276,2.4721791,1.3572579,0.97365418,0.55150961,0.54945648,0.30303053,0.54216042,0.82262404,0.48911156,0.40235492,0.67717195,0.59289649,0.88542459,0.52496513,0.83654505,0.55047986,1.286207,0.70803107,0.8552408,0.51517759,1.2878719,0.66348274,0.90003883,0.5107399,1.3324864,0.68055399
0b_gaussian_blur_best,file,18,baseline_gaussian_blur,10086,172.Nashville_Warbler/Nashville_Warbler_0121_167078.jpg,172,171,172.Nashville_Warbler,170,169,identity,identity,0,{},0.063161649,0.063161649,0,0.93879169,0.93879169,0.0092933951,0.0092933951,0.9294983,0.9294983,0,1,1,7.818326,7.818326,False,1,True,True,True,1,1,7.818326,7.818326,1,1,7.6883786,7.6883786,1,1,1.4195267,1.4195267,1,1,1.7337248,1.7337248,1,1,3.1447091,3.1447091,1,1,3.9001037,3.9001037,1,1,3.7436551,3.7436551,1,1,4.1219421,4.1219421
0b_gaussian_blur_best,file,18,baseline_gaussian_blur,10086,172.Nashville_Warbler/Nashville_Warbler_0121_167078.jpg,172,171,172.Nashville_Warbler,170,169,gaussian_blur,gaussian_blur,0,"{""sigma"":1.026755}",0.063161649,0.04937033,-0.013791319,0.93879169,0.9518286,0.0092933951,0.0067149941,0.9294983,0.9451136,0.015615308,0.88981918,0.7799459,7.818326,6.0978713,False,0.99168408,True,True,True,0.88981918,0.7799459,7.818326,6.0978713,0.88632301,0.77939473,7.6883786,5.9922818,0.99043574,0.79594446,1.4195267,1.1298644,0.86657265,0.81880414,1.7337248,1.419581,0.79005942,0.69469849,3.1447091,2.1846247,0.88143567,0.78006286,3.9001037,3.0423261,0.89875359,0.79573158,3.7436551,2.9789446,0.93611552,0.80425313,4.1219421,3.3150848
0b_gaussian_blur_best,file,18,baseline_gaussian_blur,4027,070.Green_Violetear/Green_Violetear_0013_795684.jpg,70,69,070.Green_Violetear,68,67,identity,identity,0,{},6.2737689,6.2737689,0,0.0018851103,0.0018851103,0.23956434,0.23956434,-0.23767923,-0.23767923,0,1,1,117.67959,117.67959,False,1,True,False,False,1,1,117.67959,117.67959,1,1,114.89414,114.89414,1,1,25.45234,25.45234,1,1,20.69261,20.69261,1,1,50.006139,50.006139,1,1,50.751885,50.751885,1,1,57.511919,57.511919,1,1,66.245685,66.245685
0b_gaussian_blur_best,file,18,baseline_gaussian_blur,4027,070.Green_Violetear/Green_Violetear_0013_795684.jpg,70,69,070.Green_Violetear,68,67,gaussian_blur,gaussian_blur,0,"{""sigma"":1.307667}",6.2737689,5.5334172,-0.74035168,0.0018851103,0.0039524594,0.23956434,0.31835687,-0.23767923,-0.31440441,-0.076725178,0.8541761,1.0224032,117.67959,120.31598,False,0.97304434,True,False,False,0.8541761,1.0224032,117.67959,120.31598,0.848323,1.019557,114.89414,117.14112,0.96819251,1.0787663,25.45234,27.457127,0.83240666,1.3211798,20.69261,27.338657,0.81520456,1.0377499,50.006139,51.893865,0.82714195,1.0855707,50.751885,55.094757,0.84379417,0.99717512,57.511919,57.349455,0.89630467,0.94959954,66.245685,62.906872
0b_gaussian_blur_best,file,18,baseline_gaussian_blur,4929,085.Horned_Lark/Horned_Lark_0028_74408.jpg,85,84,085.Horned_Lark,168,167,identity,identity,0,{},0.044226948,0.044226948,0,0.9567368,0.9567368,0.0050206282,0.0050206282,0.95171617,0.95171617,0,1,1,6.4777417,6.4777417,False,1.0000001,True,True,True,1,1,6.4777417,6.4777417,1,1,6.3930858,6.3930858,1,1,1.0438346,1.0438346,1,1,0.9075581,0.9075581,1,1,2.811394,2.811394,1,1,3.3795719,3.3795719,1,1,3.2166306,3.2166306,1,1,3.221138,3.221138
0b_gaussian_blur_best,file,18,baseline_gaussian_blur,4929,085.Horned_Lark/Horned_Lark_0028_74408.jpg,85,84,085.Horned_Lark,168,167,gaussian_blur,gaussian_blur,0,"{""sigma"":1.662825}",0.044226948,0.052078743,0.0078517944,0.9567368,0.9492541,0.0050206282,0.0091199987,0.95171617,0.9401341,-0.011582078,0.76069718,1.3521766,6.4777417,8.7590509,False,0.97719616,True,True,True,0.76069718,1.3521766,6.4777417,8.7590509,0.75553978,1.354697,6.3930858,8.660694,0.97190977,1.2539829,1.0438346,1.3089507,0.65206426,2.2275922,0.9075581,2.0216693,0.55764594,1.4080237,2.811394,3.9585094,0.75684617,1.4731754,3.3795719,4.9787022,0.82731109,1.2335526,3.2166306,3.9678832,0.90119365,1.1910538,3.221138,3.8365485
0b_gaussian_blur_best,file,18,baseline_gaussian_blur,5875,101.White_Pelican/White_Pelican_0009_97340.jpg,101,100,101.White_Pelican,145,144,identity,identity,0,{},0.35495198,0.35495198,0,0.7012071,0.7012071,0.10135512,0.10135512,0.59985198,0.59985198,0,1,1,42.314758,42.314758,False,1,True,True,True,1,1,42.314758,42.314758,1,1,41.356533,41.356533,1,1,8.9541007,8.9541007,1,1,10.529602,10.529602,1,1,16.326228,16.326228,1,1,18.869948,18.869948,1,1,20.902696,20.902696,1,1,23.236757,23.236757
0b_gaussian_blur_best,file,18,baseline_gaussian_blur,5875,101.White_Pelican/White_Pelican_0009_97340.jpg,101,100,101.White_Pelican,145,144,gaussian_blur,gaussian_blur,0,"{""sigma"":1.322799}",0.35495198,0.27158633,-0.083365649,0.7012071,0.76216948,0.10135512,0.059714708,0.59985198,0.70245477,0.10260279,0.80270651,0.85213,42.314758,36.057674,False,0.98040164,True,True,True,0.80270651,0.85213,42.314758,36.057674,0.7959011,0.8565588,41.356533,35.424302,0.97480256,0.75145994,8.9541007,6.7286479,0.78609928,0.93136294,10.529602,9.8068811,0.63689963,0.95839551,16.326228,15.646984,0.80041397,0.94469206,18.869948,17.82629,0.82511465,0.78852453,20.902696,16.482289,0.88073495,0.77515543,23.236757,18.012099
0b_gaussian_blur_best,file,18,baseline_gaussian_blur,6291,108.White_necked_Raven/White_Necked_Raven_0042_797356.jpg,108,107,108.White_necked_Raven,107,106,identity,identity,0,{},0.73079044,0.73079044,0,0.48152822,0.48152822,0.4174726,0.4174726,0.064055622,0.064055622,0,1,1,111.80893,111.80893,False,1,True,True,True,1,1,111.80893,111.80893,1,1,109.42833,109.42833,1,1,22.949438,22.949438,1,1,21.941946,21.941946,1,1,45.391604,45.391604,1,1,52.377755,52.377755,1,1,58.115364,58.115364,1,1,57.549006,57.549006
0b_gaussian_blur_best,file,18,baseline_gaussian_blur,6291,108.White_necked_Raven/White_Necked_Raven_0042_797356.jpg,108,107,108.White_necked_Raven,107,106,gaussian_blur,gaussian_blur,0,"{""sigma"":1.872182}",0.73079044,1.4280303,0.69723982,0.48152822,0.23978077,0.4174726,0.62415999,0.064055622,-0.38437922,-0.44843484,0.77366626,1.4660064,111.80893,163.9126,False,0.98207676,False,True,False,0.77366626,1.4660064,111.80893,163.9126,0.76487712,1.4683244,109.42833,160.67629,0.98198937,1.4122773,22.949438,32.41097,0.44391121,1.9563311,21.941946,42.925712,0.60053483,1.5770957,45.391604,71.586904,0.73840232,1.4645295,52.377755,76.708767,0.84080383,1.3825778,58.115364,80.349013,0.9015646,1.4019472,57.549006,80.680667
0b_gaussian_blur_best,file,18,baseline_gaussian_blur,3867,067.Anna_Hummingbird/Anna_Hummingbird_0038_57036.jpg,67,66,067.Anna_Hummingbird,68,67,identity,identity,0,{},0.11061001,0.11061001,0,0.89528781,0.89528781,0.090254202,0.090254202,0.80503361,0.80503361,0,1,1,18.368709,18.368709,False,1,True,True,True,1,1,18.368709,18.368709,1,1,17.913682,17.913682,1,1,4.0631842,4.0631842,1,1,4.0543875,4.0543875,1,1,7.9823343,7.9823343,1,1,8.1379846,8.1379846,1,1,8.8907958,8.8907958,1,1,9.770939,9.770939
0b_gaussian_blur_best,file,18,baseline_gaussian_blur,3867,067.Anna_Hummingbird/Anna_Hummingbird_0038_57036.jpg,67,66,067.Anna_Hummingbird,68,67,gaussian_blur,gaussian_blur,0,"{""sigma"":1.509554}",0.11061001,0.085395999,-0.025214009,0.89528781,0.91814864,0.090254202,0.070057541,0.80503361,0.8480911,0.043057486,0.79144929,0.83810606,18.368709,15.394926,False,0.98914778,True,True,True,0.79144929,0.83810606,18.368709,15.394926,0.78181592,0.84003357,17.913682,15.048094,0.98904846,0.79971811,4.0631842,3.249402,0.23643128,0.84263784,4.0543875,3.4163803,0.6661788,0.88528046,7.9823343,7.0666046,0.79080882,0.88159845,8.1379846,7.1744346,0.83947687,0.80309276,8.8907958,7.1401337,0.91269669,0.80834236,9.770939,7.8982638
0b_gaussian_blur_best,file,18,baseline_gaussian_blur,3363,058.Pigeon_Guillemot/Pigeon_Guillemot_0055_40171.jpg,58,57,058.Pigeon_Guillemot,25,24,identity,identity,0,{},0.84261453,0.84261453,0,0.43058327,0.43058327,0.1369164,0.1369164,0.29366687,0.29366687,0,1,1,80.935517,80.935517,False,1,True,True,True,1,1,80.935517,80.935517,1,1,79.534422,79.534422,1,1,14.994452,14.994452,1,1,17.78354,17.78354,1,1,29.579832,29.579832,1,1,39.40802,39.40802,1,1,41.911849,41.911849,1,1,42.718947,42.718947
0b_gaussian_blur_best,file,18,baseline_gaussian_blur,3363,058.Pigeon_Guillemot/Pigeon_Guillemot_0055_40171.jpg,58,57,058.Pigeon_Guillemot,25,24,gaussian_blur,gaussian_blur,0,"{""sigma"":1.505107}",0.84261453,0.65010661,-0.19250792,0.43058327,0.52199012,0.1369164,0.092675537,0.29366687,0.42931458,0.13564771,0.83622031,0.83759632,80.935517,67.791291,False,0.98733997,True,True,True,0.83622031,0.83759632,80.935517,67.791291,0.83070204,0.83590228,79.534422,66.483005,0.98429998,0.88392876,14.994452,13.254027,0.56064461,0.98989284,17.78354,17.603798,0.66118333,0.89738961,29.579832,26.544634,0.86764568,0.82505021,39.40802,32.513595,0.87692279,0.78485462,41.911849,32.894708,0.90591252,0.83299968,42.718947,35.584869
0b_gaussian_blur_best,file,18,baseline_gaussian_blur,5957,102.Western_Wood_Pewee/Western_Wood_Pewee_0039_795063.jpg,102,101,102.Western_Wood_Pewee,78,77,identity,identity,0,{},2.1521177,2.1521177,0,0.11623774,0.11623774,0.74625576,0.74625576,-0.63001802,-0.63001802,0,1,1,269.42325,269.42325,False,1,True,False,False,1,1,269.42325,269.42325,1,1,266.29406,266.29406,1,1,40.943423,40.943423,1,1,45.595142,45.595142,1,1,151.06114,151.06114,1,1,136.96142,136.96142,1,1,126.58842,126.58842,1,1,105.9768,105.9768
0b_gaussian_blur_best,file,18,baseline_gaussian_blur,5957,102.Western_Wood_Pewee/Western_Wood_Pewee_0039_795063.jpg,102,101,102.Western_Wood_Pewee,78,77,gaussian_blur,gaussian_blur,0,"{""sigma"":1.837896}",2.1521177,7.9157553,5.7636375,0.11623774,0.00036494821,0.74625576,0.99031609,-0.63001802,-0.98995114,-0.35993313,0.70514457,1.2084436,269.42325,325.58281,False,0.92770684,True,False,False,0.70514457,1.2084436,269.42325,325.58281,0.69980057,1.2072222,266.29406,321.47611,0.9225096,1.2590249,40.943423,51.548791,0.38825863,2.6622595,45.595142,121.3861,0.73183974,1.1276085,151.06114,170.33783,0.67469782,1.1340566,136.96142,155.322,0.76394577,1.1076832,126.58842,140.21986,0.82657885,1.1864953,105.9768,125.74098
0b_gaussian_blur_best,file,18,baseline_gaussian_blur,1343,025.Pelagic_Cormorant/Pelagic_Cormorant_0054_23812.jpg,25,24,025.Pelagic_Cormorant,23,22,identity,identity,0,{},2.5113292,2.5113292,0,0.081160292,0.081160292,0.90256006,0.90256006,-0.82139976,-0.82139976,0,1,1,118.48473,118.48473,False,1,True,False,False,1,1,118.48473,118.48473,1,1,111.74855,111.74855,1,1,39.381376,39.381376,1,1,19.412716,19.412716,1,1,43.163035,43.163035,1,1,47.67926,47.67926,1,1,54.004294,54.004294,1,1,71.120054,71.120054
0b_gaussian_blur_best,file,18,baseline_gaussian_blur,1343,025.Pelagic_Cormorant/Pelagic_Cormorant_0054_23812.jpg,25,24,025.Pelagic_Cormorant,23,22,gaussian_blur,gaussian_blur,0,"{""sigma"":1.674852}",2.5113292,2.2753921,-0.23593712,0.081160292,0.1027566,0.90256006,0.87969494,-0.82139976,-0.77693833,0.044461429,0.75286538,1.2388715,118.48473,146.78736,False,0.98388296,True,False,False,0.75286538,1.2388715,118.48473,146.78736,0.7330859,1.2678446,111.74855,141.6798,0.98389684,0.9746842,39.381376,38.384405,0.53910768,2.6297095,19.412716,51.049804,0.58000407,1.4837676,43.163035,64.043915,0.69564653,1.2488803,47.67926,59.545689,0.78896022,1.1888248,54.004294,64.201645,0.88638798,1.0613682,71.120054,75.484566
0b_gaussian_blur_best,file,18,baseline_gaussian_blur,10014,171.Myrtle_Warbler/Myrtle_Warbler_0026_166680.jpg,171,170,171.Myrtle_Warbler,174,173,identity,identity,0,{},2.4742415,2.4742415,0,0.084226869,0.084226869,0.12577516,0.12577516,-0.041548289,-0.041548289,0,1,1,118.91907,118.91907,False,0.99999988,True,False,False,1,1,118.91907,118.91907,1,1,115.97034,115.97034,1,1,26.317807,26.317807,1,1,20.458797,20.458797,1,1,48.319726,48.319726,1,1,60.72666,60.72666,1,1,58.966093,58.966093,1,1,59.422498,59.422498
0b_gaussian_blur_best,file,18,baseline_gaussian_blur,10014,171.Myrtle_Warbler/Myrtle_Warbler_0026_166680.jpg,171,170,171.Myrtle_Warbler,174,173,gaussian_blur,gaussian_blur,0,"{""sigma"":1.941389}",2.4742415,2.6034625,0.12922096,0.084226869,0.074016854,0.12577516,0.16340445,-0.041548289,-0.089387596,-0.047839306,0.77292609,1.0764724,118.91907,128.0131,False,0.96431172,False,False,False,0.77292609,1.0764724,118.91907,128.0131,0.76390607,1.0761231,115.97034,124.79836,0.94693938,1.083232,26.317807,28.508291,0.61286257,1.5011315,20.458797,30.711344,0.68004219,1.2548631,48.319726,60.63464,0.80036155,1.078947,60.72666,65.520849,0.80251389,0.99203668,58.966093,58.496528,0.80587302,0.95791189,59.422498,56.921518
0b_gaussian_blur_best,file,18,baseline_gaussian_blur,3605,062.Herring_Gull/Herring_Gull_0065_48098.jpg,62,61,062.Herring_Gull,74,73,identity,identity,0,{},3.579834,3.579834,0,0.027880332,0.027880332,0.34703779,0.34703779,-0.31915746,-0.31915746,0,1,1,132.98185,132.98185,False,1,True,False,False,1,1,132.98185,132.98185,1,1,130.59754,130.59754,1,1,25.069014,25.069014,1,1,28.757365,28.757365,1,1,65.729854,65.729854,1,1,62.614026,62.614026,1,1,62.563161,62.563161,1,1,63.825167,63.825167
0b_gaussian_blur_best,file,18,baseline_gaussian_blur,3605,062.Herring_Gull/Herring_Gull_0065_48098.jpg,62,61,062.Herring_Gull,74,73,gaussian_blur,gaussian_blur,0,"{""sigma"":1.575653}",3.579834,3.9078448,0.3280108,0.027880332,0.020083738,0.34703779,0.37061742,-0.31915746,-0.35053368,-0.03137622,0.76376634,1.1701059,132.98185,155.60284,False,0.97719872,True,False,False,0.76376634,1.1701059,132.98185,155.60284,0.75663429,1.1729288,130.59754,153.18162,0.9738661,1.0907059,25.069014,27.342923,0.67963117,1.3838959,28.757365,39.797198,0.63858193,1.1960004,65.729854,78.612932,0.75976973,1.2544698,62.614026,78.547403,0.81304124,1.0991604,62.563161,68.766946,0.86468608,1.0857471,63.825167,69.297987
0b_gaussian_blur_best,file,18,baseline_gaussian_blur,11366,193.Bewick_Wren/Bewick_Wren_0067_184816.jpg,193,192,193.Bewick_Wren,178,177,identity,identity,0,{},1.6498408,1.6498408,0,0.19208048,0.19208048,0.14116614,0.14116614,0.050914347,0.050914347,0,1,1,150.31513,150.31513,False,0.99999988,True,True,True,1,1,150.31513,150.31513,1,1,148.96509,148.96509,1,1,20.100766,20.100766,1,1,20.608745,20.608745,1,1,81.849749,81.849749,1,1,82.455342,82.455342,1,1,67.992785,67.992785,1,1,60.370463,60.370463
0b_gaussian_blur_best,file,18,baseline_gaussian_blur,11366,193.Bewick_Wren/Bewick_Wren_0067_184816.jpg,193,192,193.Bewick_Wren,178,177,gaussian_blur,gaussian_blur,0,"{""sigma"":1.297187}",1.6498408,4.1792612,2.5294204,0.19208048,0.015309811,0.14116614,0.058390349,0.050914347,-0.043080539,-0.093994886,0.76818305,1.1270108,150.31513,169.40677,False,0.94009721,False,True,False,0.76818305,1.1270108,150.31513,169.40677,0.76502757,1.1248397,148.96509,167.56184,0.92894353,1.240427,20.100766,24.933532,0.46875444,2.096849,20.608745,43.213426,0.70088493,1.0958403,81.849749,89.694256,0.81613154,1.0750728,82.455342,88.645493,0.82894619,1.1171101,67.992785,75.955429,0.80816371,1.115764,60.370463,67.359192
0b_gaussian_blur_best,file,18,baseline_gaussian_blur,7676,131.Vesper_Sparrow/Vesper_Sparrow_0057_125649.jpg,131,130,131.Vesper_Sparrow,119,118,identity,identity,0,{},0.85014153,0.85014153,0,0.42735445,0.42735445,0.20540655,0.20540655,0.22194791,0.22194791,0,1,1,96.248216,96.248216,False,0.99999988,True,True,True,1,1,96.248216,96.248216,1,1,94.947129,94.947129,1,1,15.772179,15.772179,1,1,15.663358,15.663358,1,1,47.069155,47.069155,1,1,53.873462,53.873462,1,1,44.876156,44.876156,1,1,40.470879,40.470879
0b_gaussian_blur_best,file,18,baseline_gaussian_blur,7676,131.Vesper_Sparrow/Vesper_Sparrow_0057_125649.jpg,131,130,131.Vesper_Sparrow,119,118,gaussian_blur,gaussian_blur,0,"{""sigma"":1.88675}",0.85014153,3.229641,2.3794994,0.42735445,0.03957171,0.20540655,0.71730423,0.22194791,-0.67773252,-0.89968043,0.72008338,2.5855318,96.248216,248.85282,False,0.95269859,False,True,False,0.72008338,2.5855318,96.248216,248.85282,0.71612087,2.5960398,94.947129,246.48653,0.90311978,2.1706706,15.772179,34.236206,0.55317536,3.336492,15.663358,52.260668,0.56035412,2.6948681,47.069155,126.84517,0.78986356,2.7898182,53.873462,150.29717,0.78609378,2.3906422,44.876156,107.28283,0.77625941,2.1872657,40.470879,88.520566
0b_gaussian_blur_best,file,18,baseline_gaussian_blur,10852,185.Bohemian_Waxwing/Bohemian_Waxwing_0039_177702.jpg,185,184,185.Bohemian_Waxwing,192,191,identity,identity,0,{},0.0033688955,0.0033688955,0,0.99663675,0.99663675,0.0019814742,0.0019814742,0.99465527,0.99465527,0,1,1,0.61101949,0.61101949,False,1.0000001,True,True,True,1,1,0.61101949,0.61101949,1,1,0.59603879,0.59603879,1,1,0.1344715,0.1344715,1,1,0.11415333,0.11415333,1,1,0.27935804,0.27935804,1,1,0.31047658,0.31047658,1,1,0.28347151,0.28347151,1,1,0.29570007,0.29570007
0b_gaussian_blur_best,file,18,baseline_gaussian_blur,10852,185.Bohemian_Waxwing/Bohemian_Waxwing_0039_177702.jpg,185,184,185.Bohemian_Waxwing,192,191,gaussian_blur,gaussian_blur,0,"{""sigma"":1.887641}",0.0033688955,0.00081648864,-0.0025524069,0.99663675,0.99918383,0.0019814742,0.00040390619,0.99465527,0.99877993,0.0041246533,0.83479543,0.23042351,0.61101949,0.14079326,False,0.99014926,True,True,True,0.83479543,0.23042351,0.61101949,0.14079326,0.82671898,0.2296252,0.59603879,0.13686553,0.98494791,0.24558184,0.1344715,0.033023759,0.78360337,0.24323776,0.11415333,0.027766401,0.75984134,0.22203736,0.27935804,0.062027922,0.82140054,0.22696364,0.31047658,0.070466893,0.82482441,0.22101978,0.28347151,0.062652812,0.89711028,0.24439896,0.29570007,0.07226879
0b_gaussian_blur_best,file,18,baseline_gaussian_blur,2635,046.Gadwall/Gadwall_0012_30920.jpg,46,45,046.Gadwall,142,141,identity,identity,0,{},1.9254215,1.9254215,0,0.14581428,0.14581428,0.39261088,0.39261088,-0.24679659,-0.24679659,0,1,1,205.53522,205.53522,False,1,True,False,False,1,1,205.53522,205.53522,1,1,202.69941,202.69941,1,1,34.024639,34.024639,1,1,47.803732,47.803732,1,1,108.23494,108.23494,1,1,98.996165,98.996165,1,1,92.26803,92.26803,1,1,93.666548,93.666548
0b_gaussian_blur_best,file,18,baseline_gaussian_blur,2635,046.Gadwall/Gadwall_0012_30920.jpg,46,45,046.Gadwall,142,141,gaussian_blur,gaussian_blur,0,"{""sigma"":1.579205}",1.9254215,1.1310818,-0.79433966,0.14581428,0.32268396,0.39261088,0.23689401,-0.24679659,0.085789949,0.33258654,0.84445619,0.75246979,205.53522,154.65905,False,0.97756171,False,False,True,0.84445619,0.75246979,205.53522,154.65905,0.8411445,0.75270383,202.69941,152.57262,0.96340198,0.74411585,34.024639,25.318273,0.78255408,0.68463799,47.803732,32.728251,0.82689531,0.72682858,108.23494,78.668248,0.8289398,0.79204142,98.996165,78.409063,0.84866477,0.76763254,92.26803,70.827942,0.88386748,0.7438154,93.666548,69.67062
0b_gaussian_blur_best,file,18,baseline_gaussian_blur,7837,134.Cape_Glossy_Starling/Cape_Glossy_Starling_0096_129388.jpg,134,133,134.Cape_Glossy_Starling,24,23,identity,identity,0,{},0.1744505,0.1744505,0,0.83991843,0.83991843,0.023378903,0.023378903,0.81653953,0.81653953,0,1,1,26.126055,26.126055,False,1,True,True,True,1,1,26.126055,26.126055,1,1,25.846414,25.846414,1,1,3.8122972,3.8122972,1,1,6.8422966,6.8422966,1,1,13.430184,13.430184,1,1,13.193021,13.193021,1,1,10.657437,10.657437,1,1,12.377943,12.377943
0b_gaussian_blur_best,file,18,baseline_gaussian_blur,7837,134.Cape_Glossy_Starling/Cape_Glossy_Starling_0096_129388.jpg,134,133,134.Cape_Glossy_Starling,24,23,gaussian_blur,gaussian_blur,0,"{""sigma"":1.426822}",0.1744505,0.15710549,-0.017345011,0.83991843,0.8546139,0.023378903,0.016616022,0.81653953,0.83799788,0.021458346,0.89175011,1.0108588,26.126055,26.409752,False,0.99099684,True,True,True,0.89175011,1.0108588,26.126055,26.409752,0.88988077,1.0126318,25.846414,26.1729,0.98926699,0.92570481,3.8122972,3.5290619,0.89780613,1.2773481,6.8422966,8.7399948,0.83472247,1.0574127,13.430184,14.201248,0.91711044,1.0420802,13.193021,13.748186,0.90283711,0.95996093,10.657437,10.230723,0.94355545,0.85985095,12.377943,10.643186
0b_gaussian_blur_best,file,18,baseline_gaussian_blur,9657,165.Chestnut_sided_Warbler/Chestnut_Sided_Warbler_0081_163854.jpg,165,164,165.Chestnut_sided_Warbler,166,165,identity,identity,0,{},0.034498371,0.034498371,0,0.9660899,0.9660899,0.030091301,0.030091301,0.9359986,0.9359986,0,1,1,6.9546988,6.9546988,False,1.0000001,True,True,True,1,1,6.9546988,6.9546988,1,1,6.8261303,6.8261303,1,1,1.3310822,1.3310822,1,1,1.5798697,1.5798697,1,1,2.6092622,2.6092622,1,1,3.8748307,3.8748307,1,1,3.5853889,3.5853889,1,1,3.0696076,3.0696076
0b_gaussian_blur_best,file,18,baseline_gaussian_blur,9657,165.Chestnut_sided_Warbler/Chestnut_Sided_Warbler_0081_163854.jpg,165,164,165.Chestnut_sided_Warbler,166,165,gaussian_blur,gaussian_blur,0,"{""sigma"":1.267565}",0.034498371,0.038910225,0.0044118538,0.9660899,0.96183705,0.030091301,0.03422258,0.9359986,0.92761447,-0.0083841309,0.85171682,1.2185094,6.9546988,8.474366,False,0.98606122,True,True,True,0.85171682,1.2185094,6.9546988,8.474366,0.84720004,1.2223869,6.8261303,8.3441723,0.98604305,1.1116912,1.3310822,1.4797524,0.82274998,1.6861715,1.5798697,2.6639312,0.75002641,1.3434201,2.6092622,3.5053354,0.85289113,1.1658346,3.8748307,4.5174116,0.87539621,1.1808046,3.5853889,4.2336437,0.91709367,1.1243026,3.0696076,3.4511679
0b_gaussian_blur_best,file,18,baseline_gaussian_blur,4392,076.Dark_eyed_Junco/Dark_Eyed_Junco_0013_66332.jpg,76,75,076.Dark_eyed_Junco,26,25,identity,identity,0,{},0.10672798,0.10672798,0,0.89877009,0.89877009,0.028232252,0.028232252,0.87053784,0.87053784,0,1,1,20.384313,20.384313,False,1,True,True,True,1,1,20.384313,20.384313,1,1,20.054052,20.054052,1,1,3.6544783,3.6544783,1,1,4.6742455,4.6742455,1,1,9.9501226,9.9501226,1,1,11.131323,11.131323,1,1,9.2631137,9.2631137,1,1,8.4616706,8.4616706
0b_gaussian_blur_best,file,18,baseline_gaussian_blur,4392,076.Dark_eyed_Junco/Dark_Eyed_Junco_0013_66332.jpg,76,75,076.Dark_eyed_Junco,26,25,gaussian_blur,gaussian_blur,0,"{""sigma"":1.599354}",0.10672798,0.15930852,0.052580543,0.89877009,0.85273325,0.028232252,0.0082604708,0.87053784,0.84447278,-0.026065058,0.76499081,1.5906629,20.384313,32.424571,False,0.98240072,True,True,True,0.76499081,1.5906629,20.384313,32.424571,0.75971084,1.597143,20.054052,32.02919,0.95666942,1.3813598,3.6544783,5.0481494,0.66257125,3.262738,4.6742455,15.250838,0.74123583,1.5397355,9.9501226,15.320557,0.81986199,1.4273765,11.131323,15.888589,0.8200273,1.4004801,9.2631137,12.972807,0.84764962,1.3873971,8.4616706,11.739697
0b_gaussian_blur_best,file,18,baseline_gaussian_blur,225,004.Groove_billed_Ani/Groove_Billed_Ani_0027_1754.jpg,4,3,004.Groove_billed_Ani,13,12,identity,identity,0,{},0.0088301888,0.0088301888,0,0.99120867,0.99120867,0.0050776601,0.0050776601,0.98613101,0.98613101,0,1,1,1.4126178,1.4126178,False,1,True,True,True,1,1,1.4126178,1.4126178,1,1,1.3753748,1.3753748,1,1,0.32223157,0.32223157,1,1,0.26253707,0.26253707,1,1,0.46899949,0.46899949,1,1,0.67736457,0.67736457,1,1,0.72017366,0.72017366,1,1,0.79075705,0.79075705
0b_gaussian_blur_best,file,18,baseline_gaussian_blur,225,004.Groove_billed_Ani/Groove_Billed_Ani_0027_1754.jpg,4,3,004.Groove_billed_Ani,13,12,gaussian_blur,gaussian_blur,0,"{""sigma"":1.734615}",0.0088301888,0.028799597,0.019969408,0.99120867,0.97161114,0.0050776601,0.020657076,0.98613101,0.95095407,-0.035176946,0.74458796,4.1830081,1.4126178,5.9089916,False,0.9851073,True,True,True,0.74458796,4.1830081,1.4126178,5.9089916,0.73523758,4.2231478,1.3753748,5.808411,0.97640068,3.3690278,0.32223157,1.0856071,0.47697526,8.4562985,0.26253707,2.2200919,0.5663705,5.5857932,0.46899949,2.6197342,0.7774404,4.0704159,0.67736457,2.7571555,0.8114838,3.7061163,0.72017366,2.6690473,0.88855088,3.3980411,0.79075705,2.687025
0b_gaussian_blur_best,file,18,baseline_gaussian_blur,55,001.Black_footed_Albatross/Black_Footed_Albatross_0007_796138.jpg,1,0,001.Black_footed_Albatross,3,2,identity,identity,0,{},0.15724292,0.15724292,0,0.85449648,0.85449648,0.018951347,0.018951347,0.83554513,0.83554513,0,1,1,22.276658,22.276658,False,1,True,True,True,1,1,22.276658,22.276658,1,1,21.86189,21.86189,1,1,4.2786981,4.2786981,1,1,3.3472514,3.3472514,1,1,8.7953572,8.7953572,1,1,12.256664,12.256664,1,1,10.566899,10.566899,1,1,11.291354,11.291354
0b_gaussian_blur_best,file,18,baseline_gaussian_blur,55,001.Black_footed_Albatross/Black_Footed_Albatross_0007_796138.jpg,1,0,001.Black_footed_Albatross,3,2,gaussian_blur,gaussian_blur,0,"{""sigma"":1.325562}",0.15724292,0.68078631,0.52354339,0.85449648,0.50621879,0.018951347,0.0056012101,0.83554513,0.50061758,-0.33492755,0.72707744,3.9502788,22.276658,87.999012,False,0.94881034,True,True,True,0.72707744,3.9502788,22.276658,87.999012,0.72069846,3.9707276,21.86189,86.807612,0.93252783,3.372842,4.2786981,14.431372,0.63566657,5.6383026,3.3472514,18.872816,0.53462519,4.3774376,8.7953572,38.501127,0.73575277,4.2067527,12.256664,51.560756,0.75824447,3.746059,10.566899,39.584227,0.84126873,3.397439,11.291354,38.361687
0b_gaussian_blur_best,file,18,baseline_gaussian_blur,4845,083.White_breasted_Kingfisher/White_Breasted_Kingfisher_0018_71137.jpg,83,82,083.White_breasted_Kingfisher,16,15,identity,identity,0,{},0.079658411,0.079658411,0,0.92343175,0.92343175,0.016680088,0.016680088,0.90675167,0.90675167,0,1,1,11.659679,11.659679,False,1,True,True,True,1,1,11.659679,11.659679,1,1,11.508897,11.508897,1,1,1.8690594,1.8690594,1,1,1.5197778,1.5197778,1,1,3.5804942,3.5804942,1,1,5.5935059,5.5935059,1,1,6.6801907,6.6801907,1,1,6.435278,6.435278
0b_gaussian_blur_best,file,18,baseline_gaussian_blur,4845,083.White_breasted_Kingfisher/White_Breasted_Kingfisher_0018_71137.jpg,83,82,083.White_breasted_Kingfisher,16,15,gaussian_blur,gaussian_blur,0,"{""sigma"":1.889049}",0.079658411,0.079929285,0.00027087331,0.92343175,0.92318165,0.016680088,0.016797563,0.90675167,0.90638409,-0.00036757626,0.83048125,1.0460435,11.659679,12.196531,False,0.98679399,True,True,True,0.83048125,1.0460435,11.659679,12.196531,0.82648295,1.0467272,11.508897,12.046676,0.9863617,1.0197809,1.8690594,1.9060311,0.4924476,1.9461636,1.5197778,2.9577361,0.67073983,1.2575895,3.5804942,4.5027917,0.81888635,1.0592732,5.5935059,5.9250509,0.86970868,0.98380346,6.6801907,6.5719947,0.91588464,0.9554072,6.435278,6.148311
0b_gaussian_blur_best,file,18,baseline_gaussian_blur,3657,063.Ivory_Gull/Ivory_Gull_0027_48974.jpg,63,62,063.Ivory_Gull,145,144,identity,identity,0,{},0.45052555,0.45052555,0,0.63729316,0.63729316,0.14069127,0.14069127,0.49660189,0.49660189,0,1,1,75.29427,75.29427,False,1,True,True,True,1,1,75.29427,75.29427,1,1,74.260858,74.260858,1,1,12.431895,12.431895,1,1,18.78198,18.78198,1,1,24.037559,24.037559,1,1,38.561059,38.561059,1,1,39.112697,39.112697,1,1,39.589767,39.589767
0b_gaussian_blur_best,file,18,baseline_gaussian_blur,3657,063.Ivory_Gull/Ivory_Gull_0027_48974.jpg,63,62,063.Ivory_Gull,145,144,gaussian_blur,gaussian_blur,0,"{""sigma"":1.423505}",0.45052555,0.98305821,0.53253266,0.63729316,0.37416506,0.14069127,0.32976627,0.49660189,0.044398785,-0.45220311,0.81380546,1.9833446,75.29427,149.33448,False,0.98289829,True,True,True,0.81380546,1.9833446,75.29427,149.33448,0.80931389,1.9832763,74.260858,147.2798,0.97387071,1.9857805,12.431895,24.687015,0.62774344,2.7692462,18.78198,52.011928,0.65569112,2.2439566,24.037559,53.939239,0.81792112,1.9226319,38.561059,74.138723,0.8639863,1.8132972,39.112697,70.922945,0.89956749,1.8817643,39.589767,74.498609
0b_gaussian_blur_best,file,18,baseline_gaussian_blur,8870,151.Black_capped_Vireo/Black_Capped_Vireo_0018_155868.jpg,151,150,151.Black_capped_Vireo,37,36,identity,identity,0,{},0.15688857,0.15688857,0,0.85479933,0.85479933,0.0064575402,0.0064575402,0.84834179,0.84834179,0,1,1,14.262342,14.262342,False,1,True,True,True,1,1,14.262342,14.262342,1,1,13.93951,13.93951,1,1,3.0173564,3.0173564,1,1,2.4508631,2.4508631,1,1,4.5926881,4.5926881,1,1,5.9877935,5.9877935,1,1,6.9817894,6.9817894,1,1,9.0890801,9.0890801
0b_gaussian_blur_best,file,18,baseline_gaussian_blur,8870,151.Black_capped_Vireo/Black_Capped_Vireo_0018_155868.jpg,151,150,151.Black_capped_Vireo,37,36,gaussian_blur,gaussian_blur,0,"{""sigma"":1.956634}",0.15688857,0.12979724,-0.027091339,0.85479933,0.87827349,0.0064575402,0.0065018185,0.84834179,0.87177167,0.023429879,0.74172927,1.0265661,14.262342,14.641237,False,0.97203225,True,True,True,0.74172927,1.0265661,14.262342,14.641237,0.73204068,1.0302562,13.93951,14.361266,0.97000413,0.94438052,3.0173564,2.8495326,0.53544699,1.6158953,2.4508631,3.9603383,0.61973709,1.2994341,4.5926881,5.9678955,0.7442215,1.1510696,5.9877935,6.8923668,0.73236295,0.97306803,6.9817894,6.7937561,0.82793675,0.86131294,9.0890801,7.8285424
0b_gaussian_blur_best,file,18,baseline_gaussian_blur,9664,165.Chestnut_sided_Warbler/Chestnut_Sided_Warbler_0073_163868.jpg,165,164,165.Chestnut_sided_Warbler,166,165,identity,identity,0,{},0.0035388959,0.0035388959,0,0.99646735,0.99646735,0.0016414709,0.0016414709,0.99482588,0.99482588,0,1,1,0.50397549,0.50397549,False,1,True,True,True,1,1,0.50397549,0.50397549,1,1,0.49137783,0.49137783,1,1,0.11197819,0.11197819,1,1,0.10811088,0.10811088,1,1,0.1940029,0.1940029,1,1,0.23576441,0.23576441,1,1,0.24645617,0.24645617,1,1,0.27532088,0.27532088
0b_gaussian_blur_best,file,18,baseline_gaussian_blur,9664,165.Chestnut_sided_Warbler/Chestnut_Sided_Warbler_0073_163868.jpg,165,164,165.Chestnut_sided_Warbler,166,165,gaussian_blur,gaussian_blur,0,"{""sigma"":1.549934}",0.0035388959,0.0065149767,0.0029760809,0.99646735,0.99350619,0.0016414709,0.0047345008,0.99482588,0.98877169,-0.0060541886,0.7132164,2.3127934,0.50397549,1.1655912,False,0.98565483,True,True,True,0.7132164,2.3127934,0.50397549,1.1655912,0.70105976,2.3192826,0.49137783,1.1396441,0.96302142,2.18408,0.11197819,0.24456933,0.24700518,3.3780949,0.10811088,0.36520881,0.5746594,2.1063654,0.1940029,0.40864099,0.68584934,2.6896657,0.23576441,0.63412744,0.78516537,2.2843146,0.24645617,0.56298343,0.86449875,1.9197277,0.27532088,0.52854112
0b_gaussian_blur_best,file,18,baseline_gaussian_blur,5922,102.Western_Wood_Pewee/Western_Wood_Pewee_0046_98113.jpg,102,101,102.Western_Wood_Pewee,39,38,identity,identity,0,{},3.2812412,3.2812412,0,0.037581582,0.037581582,0.72670954,0.72670954,-0.68912796,-0.68912796,0,1,1,196.84392,196.84392,False,0.99999994,True,False,False,1,1,196.84392,196.84392,1,1,193.40298,193.40298,1,1,36.644452,36.644452,1,1,37.20449,37.20449,1,1,79.281533,79.281533,1,1,111.00001,111.00001,1,1,100.36919,100.36919,1,1,85.673797,85.673797
0b_gaussian_blur_best,file,18,baseline_gaussian_blur,5922,102.Western_Wood_Pewee/Western_Wood_Pewee_0046_98113.jpg,102,101,102.Western_Wood_Pewee,39,38,gaussian_blur,gaussian_blur,0,"{""sigma"":1.316923}",3.2812412,3.0409513,-0.24028993,0.037581582,0.047789406,0.72670954,0.75209939,-0.68912796,-0.70430999,-0.015182026,0.84644896,1.0488987,196.84392,206.46933,False,0.98489714,True,False,False,0.84644896,1.0488987,196.84392,206.46933,0.84180577,1.0507639,193.40298,203.22086,0.9841547,0.99554108,36.644452,36.481058,0.73803751,1.9981154,37.20449,74.338863,0.73402725,1.1396226,79.281533,90.351024,0.88406489,0.99074768,111.00001,109.973,0.90209607,0.93809796,100.36919,94.156135,0.92606817,0.95181634,85.673797,81.54572
0b_gaussian_blur_best,file,18,baseline_gaussian_blur,2094,037.Acadian_Flycatcher/Acadian_Flycatcher_0039_795606.jpg,37,36,037.Acadian_Flycatcher,39,38,identity,identity,0,{},4.6748428,4.6748428,0,0.0093269888,0.0093269888,0.59133661,0.59133661,-0.58200962,-0.58200962,0,1,1,145.06743,145.06743,False,1,True,False,False,1,1,145.06743,145.06743,1,1,140.30489,140.30489,1,1,36.865939,36.865939,1,1,36.52994,36.52994,1,1,62.419744,62.419744,1,1,69.068477,69.068477,1,1,64.521423,64.521423,1,1,74.305668,74.305668
0b_gaussian_blur_best,file,18,baseline_gaussian_blur,2094,037.Acadian_Flycatcher/Acadian_Flycatcher_0039_795606.jpg,37,36,037.Acadian_Flycatcher,39,38,gaussian_blur,gaussian_blur,0,"{""sigma"":1.229786}",4.6748428,4.5079165,-0.16692638,0.0093269888,0.011021401,0.59133661,0.49274176,-0.58200962,-0.48172036,0.10028926,0.87202559,1.1078427,145.06743,160.7119,False,0.98647398,True,False,False,0.87202559,1.1078427,145.06743,160.7119,0.8658087,1.1163347,140.30489,156.62722,0.9823196,0.97659672,36.865939,36.003155,0.90696351,1.715685,36.52994,62.673871,0.82046629,1.0695232,62.419744,66.759362,0.8704933,1.1304808,69.068477,78.080585,0.87053356,1.0583132,64.521423,68.283877,0.91696056,0.98785139,74.305668,73.402958
0b_gaussian_blur_best,file,18,baseline_gaussian_blur,9063,155.Warbling_Vireo/Warbling_Vireo_0104_158800.jpg,155,154,155.Warbling_Vireo,152,151,identity,identity,0,{},1.9120054,1.9120054,0,0.14778373,0.14778373,0.48890874,0.48890874,-0.34112501,-0.34112501,0,1,1,148.91321,148.91321,False,0.99999994,True,False,False,1,1,148.91321,148.91321,1,1,145.42606,145.42606,1,1,32.037549,32.037549,1,1,41.040608,41.040608,1,1,66.617881,66.617881,1,1,77.627343,77.627343,1,1,68.668987,68.668987,1,1,65.460156,65.460156
0b_gaussian_blur_best,file,18,baseline_gaussian_blur,9063,155.Warbling_Vireo/Warbling_Vireo_0104_158800.jpg,155,154,155.Warbling_Vireo,152,151,gaussian_blur,gaussian_blur,0,"{""sigma"":1.573986}",1.9120054,1.8072677,-0.10473776,0.14778373,0.16410191,0.48890874,0.7362811,-0.34112501,-0.57217918,-0.23105417,0.7517582,1.2211924,148.91321,181.85168,False,0.9739778,True,False,False,0.7517582,1.2211924,148.91321,181.85168,0.74408781,1.2266709,145.42606,178.38992,0.9317638,1.1022665,32.037549,35.313917,0.69312921,1.7779965,41.040608,72.970058,0.67377676,1.0853327,66.617881,72.302562,0.71769319,1.1865849,77.627343,92.111436,0.79604129,1.189652,68.668987,81.692199,0.85682604,1.1943561,65.460156,78.182736
0b_gaussian_blur_best,file,18,baseline_gaussian_blur,7197,123.Henslow_Sparrow/Henslow_Sparrow_0098_796601.jpg,123,122,123.Henslow_Sparrow,99,98,identity,identity,0,{},0.83777839,0.83777839,0,0.43267068,0.43267068,0.20774582,0.20774582,0.22492486,0.22492486,0,1,1,83.116575,83.116575,False,0.99999988,True,True,True,1,1,83.116575,83.116575,1,1,81.115616,81.115616,1,1,18.127932,18.127932,1,1,10.763539,10.763539,1,1,31.012274,31.012274,1,1,45.354605,45.354605,1,1,40.386553,40.386553,1,1,42.591249,42.591249
0b_gaussian_blur_best,file,18,baseline_gaussian_blur,7197,123.Henslow_Sparrow/Henslow_Sparrow_0098_796601.jpg,123,122,123.Henslow_Sparrow,99,98,gaussian_blur,gaussian_blur,0,"{""sigma"":1.524623}",0.83777839,1.2054529,0.36767453,0.43267068,0.29955629,0.20774582,0.31025726,0.22492486,-0.010700971,-0.23562583,0.84514405,1.3368335,83.116575,111.11302,False,0.99301946,False,True,False,0.84514405,1.3368335,83.116575,111.11302,0.838257,1.3389915,81.115616,108.61312,0.98845318,1.2928677,18.127932,23.437016,0.68050658,1.5293567,10.763539,16.46129,0.66665006,1.4402718,31.012274,44.666102,0.8471869,1.3704876,45.354605,62.157922,0.87417224,1.321703,40.386553,53.379027,0.91483162,1.2463454,42.591249,53.083405
0b_gaussian_blur_best,file,18,baseline_gaussian_blur,4604,079.Belted_Kingfisher/Belted_Kingfisher_0111_70375.jpg,79,78,079.Belted_Kingfisher,112,111,identity,identity,0,{},1.8136868,1.8136868,0,0.16305187,0.16305187,0.084033079,0.084033079,0.079018794,0.079018794,0,1,1,103.66906,103.66906,False,1.0000001,True,True,True,1,1,103.66906,103.66906,1,1,101.65101,101.65101,1,1,20.355504,20.355504,1,1,16.106942,16.106942,1,1,42.682822,42.682822,1,1,47.227553,47.227553,1,1,52.210253,52.210253,1,1,57.404866,57.404866
0b_gaussian_blur_best,file,18,baseline_gaussian_blur,4604,079.Belted_Kingfisher/Belted_Kingfisher_0111_70375.jpg,79,78,079.Belted_Kingfisher,112,111,gaussian_blur,gaussian_blur,0,"{""sigma"":1.080834}",1.8136868,1.7049012,-0.10878563,0.16305187,0.18179034,0.084033079,0.07125403,0.079018794,0.11053631,0.031517513,0.86556183,1.0919124,103.66906,113.19753,False,0.98718321,True,True,True,0.86556183,1.0919124,103.66906,113.19753,0.86124131,1.0951506,101.65101,111.32316,0.98553052,1.0077999,20.355504,20.514274,0.49596874,1.6979771,16.106942,27.349219,0.79802294,1.1399726,42.682822,48.657249,0.87826561,1.1210745,47.227553,52.945603,0.88712745,1.0480477,52.210253,54.718834,0.92711179,1.0276326,57.404866,58.99111
0b_gaussian_blur_best,file,18,baseline_gaussian_blur,10665,182.Yellow_Warbler/Yellow_Warbler_0121_176402.jpg,182,181,182.Yellow_Warbler,173,172,identity,identity,0,{},0.055837292,0.055837292,0,0.94569302,0.94569302,0.013763865,0.013763865,0.93192915,0.93192915,0,1,1,9.7632782,9.7632782,False,1,True,True,True,1,1,9.7632782,9.7632782,1,1,9.601196,9.601196,1,1,1.7716199,1.7716199,1,1,2.5220628,2.5220628,1,1,4.4843532,4.4843532,1,1,5.2502328,5.2502328,1,1,4.5818283,4.5818283,1,1,4.1418166,4.1418166
0b_gaussian_blur_best,file,18,baseline_gaussian_blur,10665,182.Yellow_Warbler/Yellow_Warbler_0121_176402.jpg,182,181,182.Yellow_Warbler,173,172,gaussian_blur,gaussian_blur,0,"{""sigma"":1.365622}",0.055837292,0.13959481,0.083757516,0.94569302,0.86971056,0.013763865,0.030452827,0.93192915,0.83925774,-0.092671413,0.79995794,3.0090646,9.7632782,29.378335,False,0.98549855,True,True,True,0.79995794,3.0090646,9.7632782,29.378335,0.79605915,3.0292486,9.601196,29.084409,0.97432642,2.3398494,1.7716199,4.1453236,0.84960168,5.608194,2.5220628,14.144218,0.72891191,3.4923415,4.4843532,15.660893,0.85292583,2.6293289,5.2502328,13.804589,0.86625276,2.3556258,4.5818283,10.793073,0.90231375,2.3349043,4.1418166,9.6707453
0b_gaussian_blur_best,file,18,baseline_gaussian_blur,8730,149.Brown_Thrasher/Brown_Thrasher_0052_155254.jpg,149,148,149.Brown_Thrasher,150,149,identity,identity,0,{},0.15199059,0.15199059,0,0.85899639,0.85899639,0.07166905,0.07166905,0.78732734,0.78732734,0,1,1,21.415276,21.415276,False,1.0000001,True,True,True,1,1,21.415276,21.415276,1,1,20.945811,20.945811,1,1,4.459487,4.459487,1,1,4.5597175,4.5597175,1,1,11.187108,11.187108,1,1,9.6042806,9.6042806,1,1,9.5505704,9.5505704,1,1,10.456051,10.456051
0b_gaussian_blur_best,file,18,baseline_gaussian_blur,8730,149.Brown_Thrasher/Brown_Thrasher_0052_155254.jpg,149,148,149.Brown_Thrasher,150,149,gaussian_blur,gaussian_blur,0,"{""sigma"":1.445181}",0.15199059,0.047960304,-0.10403029,0.85899639,0.95317161,0.07166905,0.0052770618,0.78732734,0.94789455,0.16056721,0.69894558,0.31412643,21.415276,6.7271041,False,0.97211641,True,True,True,0.69894558,0.31412643,21.415276,6.7271041,0.68968764,0.31283331,20.945811,6.5525476,0.88863532,0.34141019,4.459487,1.5225143,0.42390093,0.39805616,4.5597175,1.8150236,0.66135355,0.28329841,11.187108,3.1692899,0.7130162,0.33496662,9.6042806,3.2171134,0.67603869,0.30866286,9.5505704,2.9479063,0.7840723,0.31074682,10.456051,3.2491846
0b_gaussian_blur_best,file,18,baseline_gaussian_blur,6794,117.Clay_colored_Sparrow/Clay_Colored_Sparrow_0002_110606.jpg,117,116,117.Clay_colored_Sparrow,132,131,identity,identity,0,{},0.12751231,0.12751231,0,0.88028258,0.88028258,0.070098735,0.070098735,0.81018385,0.81018385,0,1,1,21.303499,21.303499,False,1,True,True,True,1,1,21.303499,21.303499,1,1,20.812325,20.812325,1,1,4.5482089,4.5482089,1,1,3.5910789,3.5910789,1,1,8.2587479,8.2587479,1,1,12.16134,12.16134,1,1,10.455547,10.455547,1,1,9.7382475,9.7382475
0b_gaussian_blur_best,file,18,baseline_gaussian_blur,6794,117.Clay_colored_Sparrow/Clay_Colored_Sparrow_0002_110606.jpg,117,116,117.Clay_colored_Sparrow,132,131,gaussian_blur,gaussian_blur,0,"{""sigma"":1.405211}",0.12751231,0.058998015,-0.068514291,0.88028258,0.94270861,0.070098735,0.035645608,0.81018385,0.907063,0.096879158,0.85529066,0.58620172,21.303499,12.488148,False,0.98181093,True,True,True,0.85529066,0.58620172,21.303499,12.488148,0.85063558,0.58924127,20.812325,12.263481,0.97279308,0.51847887,4.5482089,2.3581502,0.78523517,0.82257564,3.5910789,2.9539341,0.7367522,0.65990382,8.2587479,5.4499793,0.87609317,0.59456955,12.16134,7.2307622,0.88233055,0.56281188,10.455547,5.8845061,0.90868127,0.51398981,9.7382475,5.0053599
0b_gaussian_blur_best,file,18,baseline_gaussian_blur,11456,195.Carolina_Wren/Carolina_Wren_0128_186581.jpg,195,194,195.Carolina_Wren,199,198,identity,identity,0,{},0.0049209907,0.0049209907,0,0.99509108,0.99509108,0.0042420062,0.0042420062,0.99084907,0.99084907,0,1,1,1.1128834,1.1128834,False,1,True,True,True,1,1,1.1128834,1.1128834,1,1,1.0936517,1.0936517,1,1,0.20599884,0.20599884,1,1,0.21297265,0.21297265,1,1,0.56279376,0.56279376,1,1,0.60876998,0.60876998,1,1,0.49133412,0.49133412,1,1,0.47113658,0.47113658
0b_gaussian_blur_best,file,18,baseline_gaussian_blur,11456,195.Carolina_Wren/Carolina_Wren_0128_186581.jpg,195,194,195.Carolina_Wren,199,198,gaussian_blur,gaussian_blur,0,"{""sigma"":1.767032}",0.0049209907,0.0059362534,0.0010152627,0.99509108,0.99408132,0.0042420062,0.0048841606,0.99084907,0.98919716,-0.0016519167,0.84205741,1.2748793,1.1128834,1.418792,False,0.98634827,True,True,True,0.84205741,1.2748793,1.1128834,1.418792,0.837213,1.2768305,1.0936517,1.3964078,0.98601265,1.2185984,0.20599884,0.25102985,0.77472228,2.0110778,0.21297265,0.42830458,0.79141941,1.316902,0.56279376,0.7411442,0.85876233,1.2143229,0.60876998,0.73924335,0.85546368,1.200251,0.49133412,0.58972427,0.90929863,1.2062226,0.47113658,0.56829561
0b_gaussian_blur_best,file,18,baseline_gaussian_blur,10255,175.Pine_Warbler/Pine_Warbler_0032_172080.jpg,175,174,175.Pine_Warbler,157,156,identity,identity,0,{},0.012245945,0.012245945,0,0.98782873,0.98782873,0.0085358126,0.0085358126,0.97929292,0.97929292,0,1,1,2.0686,2.0686,False,1.0000001,True,True,True,1,1,2.0686,2.0686,1,1,2.0258291,2.0258291,1,1,0.4184761,0.4184761,1,1,0.4032275,0.4032275,1,1,1.0794725,1.0794725,1,1,1.0876932,1.0876932,1,1,0.90715546,0.90715546,1,1,0.87756649,0.87756649
0b_gaussian_blur_best,file,18,baseline_gaussian_blur,10255,175.Pine_Warbler/Pine_Warbler_0032_172080.jpg,175,174,175.Pine_Warbler,157,156,gaussian_blur,gaussian_blur,0,"{""sigma"":1.828317}",0.012245945,0.005621932,-0.0066240127,0.98782873,0.99439383,0.0085358126,0.0013806863,0.97929292,0.99301314,0.01372022,0.58791599,0.40314776,2.0686,0.83395146,False,0.9767614,True,True,True,0.58791599,0.40314776,2.0686,0.83395146,0.57541197,0.4029656,2.0258291,0.81633945,0.87779607,0.40739344,0.4184761,0.17048442,0.31987695,0.41027724,0.4032275,0.16543507,0.61067257,0.37171618,1.0794725,0.40125737,0.53763961,0.36275756,1.0876932,0.39456893,0.52457474,0.41973314,0.90715546,0.38076321,0.68674759,0.47990837,0.87756649,0.42115151
0b_gaussian_blur_best,file,18,baseline_gaussian_blur,10426,177.Prothonotary_Warbler/Prothonotary_Warbler_0045_173536.jpg,177,176,177.Prothonotary_Warbler,182,181,identity,identity,0,{},0.0012850845,0.0012850845,0,0.99871576,0.99871576,0.00020133823,0.00020133823,0.99851442,0.99851442,0,1,1,0.17685188,0.17685188,False,1,True,True,True,1,1,0.17685188,0.17685188,1,1,0.17269835,0.17269835,1,1,0.038103394,0.038103394,1,1,0.034810293,0.034810293,1,1,0.061666535,0.061666535,1,1,0.077799596,0.077799596,1,1,0.092634061,0.092634061,1,1,0.10087792,0.10087792
0b_gaussian_blur_best,file,18,baseline_gaussian_blur,10426,177.Prothonotary_Warbler/Prothonotary_Warbler_0045_173536.jpg,177,176,177.Prothonotary_Warbler,182,181,gaussian_blur,gaussian_blur,0,"{""sigma"":1.726642}",0.0012850845,0.0052937567,0.0040086722,0.99871576,0.99472022,0.00020133823,0.00019580242,0.99851442,0.99452442,-0.0039900019,0.59198001,6.1245244,0.17685188,1.0831337,False,0.96806812,True,True,True,0.59198001,6.1245244,0.17685188,1.0831337,0.58202927,6.1950622,0.17269835,1.069877,0.90986236,4.4338026,0.038103394,0.16894293,0.73608687,13.043558,0.034810293,0.45405009,0.4308537,8.0286356,0.061666535,0.49509814,0.50300574,7.0843241,0.077799596,0.55115755,0.65326323,4.7982694,0.092634061,0.44448318,0.77558733,4.3437964,0.10087792,0.43819316
0b_gaussian_blur_best,file,18,baseline_gaussian_blur,7265,124.Le_Conte_Sparrow/Le_Conte_Sparrow_0067_117146.jpg,124,123,124.Le_Conte_Sparrow,126,125,identity,identity,0,{},0.51450443,0.51450443,0,0.5977968,0.5977968,0.37542731,0.37542731,0.22236949,0.22236949,0,1,1,74.62505,74.62505,False,1,True,True,True,1,1,74.62505,74.62505,1,1,73.032364,73.032364,1,1,15.335316,15.335316,1,1,13.541192,13.541192,1,1,32.37206,32.37206,1,1,41.743457,41.743457,1,1,34.794329,34.794329,1,1,33.900596,33.900596
0b_gaussian_blur_best,file,18,baseline_gaussian_blur,7265,124.Le_Conte_Sparrow/Le_Conte_Sparrow_0067_117146.jpg,124,123,124.Le_Conte_Sparrow,126,125,gaussian_blur,gaussian_blur,0,"{""sigma"":1.133593}",0.51450443,0.35374504,-0.16075939,0.5977968,0.70205396,0.37542731,0.26116702,0.22236949,0.44088694,0.21851745,0.90355798,0.69650377,74.62505,51.976629,False,0.9926123,True,True,True,0.90355798,0.69650377,74.62505,51.976629,0.89965096,0.69647805,73.032364,50.865438,0.99209248,0.69708685,15.335316,10.690047,0.88537462,0.68730435,13.541192,9.3069203,0.81716532,0.68684835,32.37206,22.234696,0.90712489,0.7019405,41.743457,29.301423,0.91685147,0.68742919,34.794329,23.918638,0.94634524,0.7077172,33.900596,23.992035
0b_gaussian_blur_best,file,18,baseline_gaussian_blur,10209,174.Palm_Warbler/Palm_Warbler_0095_170610.jpg,174,173,174.Palm_Warbler,195,194,identity,identity,0,{},0.20296432,0.20296432,0,0.81630737,0.81630737,0.027786529,0.027786529,0.78852084,0.78852084,0,1,1,35.957991,35.957991,False,0.99999988,True,True,True,1,1,35.957991,35.957991,1,1,35.459243,35.459243,1,1,5.9681802,5.9681802,1,1,9.3884736,9.3884736,1,1,18.914197,18.914197,1,1,19.752694,19.752694,1,1,14.876588,14.876588,1,1,14.141634,14.141634
0b_gaussian_blur_best,file,18,baseline_gaussian_blur,10209,174.Palm_Warbler/Palm_Warbler_0095_170610.jpg,174,173,174.Palm_Warbler,195,194,gaussian_blur,gaussian_blur,0,"{""sigma"":1.549081}",0.20296432,0.025098167,-0.17786615,0.81630737,0.97521418,0.027786529,0.0012575305,0.78852084,0.97395665,0.18543582,0.73525923,0.15486036,35.957991,5.5684674,False,0.97948647,True,True,True,0.73525923,0.15486036,35.957991,5.5684674,0.72906714,0.15498169,35.459243,5.4955333,0.96063324,0.15051481,5.9681802,0.89829953,0.77686009,0.26714985,9.3884736,2.5081293,0.64678118,0.1607596,18.914197,3.0406388,0.78112189,0.13042343,19.752694,2.5762141,0.77508616,0.13853628,14.876588,2.0609472,0.83897185,0.13748774,14.141634,1.9443013
0b_gaussian_blur_best,file,18,baseline_gaussian_blur,7740,132.White_crowned_Sparrow/White_Crowned_Sparrow_0057_127927.jpg,132,131,132.White_crowned_Sparrow,91,90,identity,identity,0,{},0.35602239,0.35602239,0,0.70045698,0.70045698,0.094724968,0.094724968,0.60573201,0.60573201,0,1,1,46.952628,46.952628,False,0.99999988,True,True,True,1,1,46.952628,46.952628,1,1,46.298366,46.298366,1,1,7.81093,7.81093,1,1,8.9156929,8.9156929,1,1,19.755572,19.755572,1,1,23.10291,23.10291,1,1,24.292899,24.292899,1,1,23.449457,23.449457
0b_gaussian_blur_best,file,18,baseline_gaussian_blur,7740,132.White_crowned_Sparrow/White_Crowned_Sparrow_0057_127927.jpg,132,131,132.White_crowned_Sparrow,91,90,gaussian_blur,gaussian_blur,0,"{""sigma"":1.222784}",0.35602239,0.24558669,-0.11043569,0.70045698,0.78224546,0.094724968,0.059841573,0.60573201,0.72240388,0.11667188,0.81913404,0.7678921,46.952628,36.054552,False,0.98089409,True,True,True,0.81913404,0.7678921,46.952628,36.054552,0.81462116,0.76801251,46.298366,35.557724,0.97860764,0.76364933,7.81093,5.9648115,0.76741769,1.0118788,8.9156929,9.0216006,0.68000374,0.78235152,19.755572,15.455802,0.80578037,0.82117366,23.10291,18.971501,0.86431556,0.73150214,24.292899,17.770308,0.89920637,0.69862069,23.449457,16.382276
0b_gaussian_blur_best,file,18,baseline_gaussian_blur,1974,035.Purple_Finch/Purple_Finch_0053_27543.jpg,35,34,035.Purple_Finch,56,55,identity,identity,0,{},0.01926228,0.01926228,0,0.98092204,0.98092204,0.0062242001,0.0062242001,0.97469784,0.97469784,0,1,1,2.9793131,2.9793131,False,1,True,True,True,1,1,2.9793131,2.9793131,1,1,2.9282446,2.9282446,1,1,0.54926325,0.54926325,1,1,0.56057595,0.56057595,1,1,1.3595944,1.3595944,1,1,1.4759147,1.4759147,1,1,1.339305,1.339305,1,1,1.5619898,1.5619898
0b_gaussian_blur_best,file,18,baseline_gaussian_blur,1974,035.Purple_Finch/Purple_Finch_0053_27543.jpg,35,34,035.Purple_Finch,56,55,gaussian_blur,gaussian_blur,0,"{""sigma"":1.955943}",0.01926228,0.084770285,0.065508004,0.98092204,0.91872329,0.0062242001,0.023734191,0.97469784,0.89498909,-0.079708749,0.79303056,5.1792574,2.9793131,15.430629,False,0.97345155,True,True,True,0.79303056,5.1792574,2.9793131,15.430629,0.78911448,5.2123689,2.9282446,15.263091,0.95459936,4.1285848,0.54926325,2.2676799,0.7070689,6.872412,0.56057595,3.8525088,0.72241363,5.7888751,1.3595944,7.8705223,0.79555459,5.7204316,1.4759147,8.4428689,0.8208827,4.8871861,1.339305,6.5454328,0.8788595,4.1515115,1.5619898,6.4846185
0b_gaussian_blur_best,file,18,baseline_gaussian_blur,10503,179.Tennessee_Warbler/Tennessee_Warbler_0063_168561.jpg,179,178,179.Tennessee_Warbler,154,153,identity,identity,0,{},0.51716292,0.51716292,0,0.59620965,0.59620965,0.18131147,0.18131147,0.41489817,0.41489817,0,1,1,55.491048,55.491048,False,1,True,True,True,1,1,55.491048,55.491048,1,1,53.881745,53.881745,1,1,13.267022,13.267022,1,1,14.34839,14.34839,1,1,20.430286,20.430286,1,1,28.827941,28.827941,1,1,26.743923,26.743923,1,1,27.086564,27.086564
0b_gaussian_blur_best,file,18,baseline_gaussian_blur,10503,179.Tennessee_Warbler/Tennessee_Warbler_0063_168561.jpg,179,178,179.Tennessee_Warbler,154,153,gaussian_blur,gaussian_blur,0,"{""sigma"":1.003323}",0.51716292,0.70165581,0.18449289,0.59620965,0.49576375,0.18131147,0.26597899,0.41489817,0.22978476,-0.18511342,0.88860653,1.2338457,55.491048,68.467393,False,0.99318266,True,True,True,0.88860653,1.2338457,55.491048,68.467393,0.88219491,1.2305596,53.881745,66.304698,0.9905729,1.2868388,13.267022,17.072518,0.81341396,1.1750196,14.34839,16.85964,0.78400016,1.2063889,20.430286,24.64687,0.87525983,1.2622723,28.827941,36.388713,0.90365131,1.1968904,26.743923,32.009545,0.94306615,1.2551523,27.086564,33.997764
0b_gaussian_blur_best,file,18,baseline_gaussian_blur,8679,148.Green_tailed_Towhee/Green_Tailed_Towhee_0094_797396.jpg,148,147,148.Green_tailed_Towhee,116,115,identity,identity,0,{},0.060920555,0.060920555,0,0.940898,0.940898,0.040456798,0.040456798,0.9004412,0.9004412,0,1,1,10.402425,10.402425,False,1,True,True,True,1,1,10.402425,10.402425,1,1,10.184992,10.184992,1,1,2.1157491,2.1157491,1,1,1.8484911,1.8484911,1,1,4.1692602,4.1692602,1,1,5.5421065,5.5421065,1,1,5.2463475,5.2463475,1,1,4.9694365,4.9694365
0b_gaussian_blur_best,file,18,baseline_gaussian_blur,8679,148.Green_tailed_Towhee/Green_Tailed_Towhee_0094_797396.jpg,148,147,148.Green_tailed_Towhee,116,115,gaussian_blur,gaussian_blur,0,"{""sigma"":1.628219}",0.060920555,0.17441757,0.11349702,0.940898,0.83994609,0.040456798,0.14302969,0.9004412,0.6969164,-0.2035248,0.74934004,2.9279415,10.402425,30.457693,False,0.98123491,True,True,True,0.74934004,2.9279415,10.402425,30.457693,0.73920145,2.9168831,10.184992,29.70843,0.96783816,3.1734306,2.1157491,6.7141828,0.5685975,3.895618,1.8484911,7.2010153,0.49959905,3.0972297,4.1692602,12.913156,0.76259493,2.8471712,5.5421065,15.779326,0.81369116,2.7412917,5.2463475,14.381769,0.85242479,2.9033262,4.9694365,14.427895
0b_gaussian_blur_best,file,18,baseline_gaussian_blur,5721,098.Scott_Oriole/Scott_Oriole_0077_795831.jpg,98,97,098.Scott_Oriole,16,15,identity,identity,0,{},1.6020783,1.6020783,0,0.20147735,0.20147735,0.16149506,0.16149506,0.039982289,0.039982289,0,1,1,113.00555,113.00555,False,1,True,True,True,1,1,113.00555,113.00555,1,1,110.64987,110.64987,1,1,22.95342,22.95342,1,1,26.228897,26.228897,1,1,36.776223,36.776223,1,1,54.917682,54.917682,1,1,58.259963,58.259963,1,1,61.5855,61.5855
0b_gaussian_blur_best,file,18,baseline_gaussian_blur,5721,098.Scott_Oriole/Scott_Oriole_0077_795831.jpg,98,97,098.Scott_Oriole,16,15,gaussian_blur,gaussian_blur,0,"{""sigma"":1.346334}",1.6020783,2.0496466,0.4475683,0.20147735,0.12878042,0.16149506,0.11085196,0.039982289,0.017928466,-0.022053823,0.79428158,1.1136079,113.00555,125.84387,False,0.98190641,False,True,False,0.79428158,1.1136079,113.00555,125.84387,0.78655708,1.1121831,110.64987,123.06292,0.96880238,1.1462183,22.95342,26.30963,0.59908269,1.2416385,26.228897,32.566807,0.58018805,1.2149102,36.776223,44.67981,0.76971558,1.1059935,54.917682,60.738597,0.83052579,1.0728717,58.259963,62.505463,0.88518805,1.0882201,61.5855,67.018577
0b_gaussian_blur_best,file,18,baseline_gaussian_blur,545,011.Rusty_Blackbird/Rusty_Blackbird_0113_6664.jpg,11,10,011.Rusty_Blackbird,9,8,identity,identity,0,{},2.0503321,2.0503321,0,0.12869217,0.12869217,0.23679562,0.23679562,-0.10810345,-0.10810345,0,1,1,152.76562,152.76562,False,0.99999982,True,False,False,1,1,152.76562,152.76562,1,1,151.11063,151.11063,1,1,22.425689,22.425689,1,1,28.411496,28.411496,1,1,69.422424,69.422424,1,1,83.446847,83.446847,1,1,78.454225,78.454225,1,1,63.947598,63.947598
0b_gaussian_blur_best,file,18,baseline_gaussian_blur,545,011.Rusty_Blackbird/Rusty_Blackbird_0113_6664.jpg,11,10,011.Rusty_Blackbird,9,8,gaussian_blur,gaussian_blur,0,"{""sigma"":1.727212}",2.0503321,1.8905504,-0.15978169,0.12869217,0.15098868,0.23679562,0.16210514,-0.10810345,-0.01111646,0.096986994,0.69149058,1.3328185,152.76562,203.60885,False,0.96196151,False,False,False,0.69149058,1.3328185,152.76562,203.60885,0.68730105,1.3370183,151.11063,202.03769,0.92748057,1.1257408,22.425689,25.245514,0.44014953,2.2903139,28.411496,65.071246,0.54956547,1.5257961,69.422424,105.92446,0.72991982,1.3376247,83.446847,111.62057,0.80483979,1.1240176,78.454225,88.183927,0.82127783,1.1199782,63.947598,71.619914
0b_gaussian_blur_best,file,18,baseline_gaussian_blur,8129,139.Scarlet_Tanager/Scarlet_Tanager_0083_138500.jpg,139,138,139.Scarlet_Tanager,42,41,identity,identity,0,{},0.0043406319,0.0043406319,0,0.99566877,0.99566877,0.0022144071,0.0022144071,0.99345436,0.99345436,0,1,1,0.55614839,0.55614839,False,1,True,True,True,1,1,0.55614839,0.55614839,1,1,0.54024787,0.54024787,1,1,0.13203508,0.13203508,1,1,0.098171461,0.098171461,1,1,0.1920659,0.1920659,1,1,0.22290567,0.22290567,1,1,0.26496105,0.26496105,1,1,0.35418854,0.35418854
0b_gaussian_blur_best,file,18,baseline_gaussian_blur,8129,139.Scarlet_Tanager/Scarlet_Tanager_0083_138500.jpg,139,138,139.Scarlet_Tanager,42,41,gaussian_blur,gaussian_blur,0,"{""sigma"":1.535705}",0.0043406319,0.0062552146,0.0019145827,0.99566877,0.99376428,0.0022144071,0.0033504649,0.99345436,0.99041382,-0.0030405454,0.89787299,1.5389545,0.55614839,0.85588706,False,0.99439126,True,True,True,0.89787299,1.5389545,0.55614839,0.85588706,0.89262891,1.5444766,0.54024787,0.8344002,0.99376918,1.4433691,0.13203508,0.19057536,0.7610751,2.0956223,0.098171461,0.2057303,0.82799821,1.6489449,0.1920659,0.31670608,0.87109889,1.6326717,0.22290567,0.36393178,0.89980382,1.5062789,0.26496105,0.39910523,0.94250576,1.4447874,0.35418854,0.51172715
0b_gaussian_blur_best,file,18,baseline_gaussian_blur,2176,039.Least_Flycatcher/Least_Flycatcher_0024_30230.jpg,39,38,039.Least_Flycatcher,43,42,identity,identity,0,{},2.6411586,2.6411586,0,0.071278639,0.071278639,0.3937923,0.3937923,-0.32251366,-0.32251366,0,1,1,153.31503,153.31503,False,1,True,False,False,1,1,153.31503,153.31503,1,1,149.95767,149.95767,1,1,31.9092,31.9092,1,1,23.13131,23.13131,1,1,66.770179,66.770179,1,1,83.668115,83.668115,1,1,78.542378,78.542378,1,1,65.762667,65.762667
0b_gaussian_blur_best,file,18,baseline_gaussian_blur,2176,039.Least_Flycatcher/Least_Flycatcher_0024_30230.jpg,39,38,039.Least_Flycatcher,43,42,gaussian_blur,gaussian_blur,0,"{""sigma"":1.264156}",2.6411586,3.0597284,0.4185698,0.071278639,0.046900433,0.3937923,0.6507141,-0.32251366,-0.60381367,-0.2813,0.836085,1.1844817,153.31503,181.59885,False,0.98365259,True,False,False,0.836085,1.1844817,153.31503,181.59885,0.8306282,1.1838575,149.95767,177.5285,0.95521757,1.1981851,31.9092,38.233129,0.72356203,1.6863327,23.13131,39.007086,0.76581149,1.2302629,66.770179,82.144872,0.84739542,1.2251285,83.668115,102.5042,0.85450952,1.1033358,78.542378,86.658614,0.87803866,1.0997151,65.762667,72.320197
0b_gaussian_blur_best,file,18,baseline_gaussian_blur,1034,019.Gray_Catbird/Gray_Catbird_0050_20763.jpg,19,18,019.Gray_Catbird,155,154,identity,identity,0,{},0.0018352109,0.0018352109,0,0.9981665,0.9981665,0.00074470986,0.00074470986,0.99742179,0.99742179,0,1,1,0.34223643,0.34223643,False,0.99999994,True,True,True,1,1,0.34223643,0.34223643,1,1,0.33690676,0.33690676,1,1,0.060163148,0.060163148,1,1,0.083580866,0.083580866,1,1,0.16176553,0.16176553,1,1,0.16632152,0.16632152,1,1,0.16681038,0.16681038,1,1,0.15768249,0.15768249
0b_gaussian_blur_best,file,18,baseline_gaussian_blur,1034,019.Gray_Catbird/Gray_Catbird_0050_20763.jpg,19,18,019.Gray_Catbird,155,154,gaussian_blur,gaussian_blur,0,"{""sigma"":1.572358}",0.0018352109,0.00183295,-2.260902e-06,0.9981665,0.99816871,0.00074470986,0.00075479312,0.99742179,0.99741391,-7.877883e-06,0.83118901,1.0693984,0.34223643,0.36598709,False,0.98712862,True,True,True,0.83118901,1.0693984,0.34223643,0.36598709,0.82654507,1.0708614,0.33690676,0.36078044,0.98457349,1.0224603,0.060163148,0.06151443,0.80841877,1.6844777,0.083580866,0.14079011,0.75960477,1.0686392,0.16176553,0.172869,0.84587275,1.0254584,0.16632152,0.1705558,0.85741088,0.96035387,0.16681038,0.160197,0.90203862,1.0167687,0.15768249,0.16032661
0b_gaussian_blur_best,file,18,baseline_gaussian_blur,4167,072.Pomarine_Jaeger/Pomarine_Jaeger_0006_795775.jpg,72,71,072.Pomarine_Jaeger,71,70,identity,identity,0,{},1.310644,1.310644,0,0.26964635,0.26964635,0.25500786,0.25500786,0.014638484,0.014638484,0,1,1,99.581164,99.581164,False,1.0000001,True,True,True,1,1,99.581164,99.581164,1,1,97.472382,97.472382,1,1,20.384871,20.384871,1,1,23.700433,23.700433,1,1,36.368816,36.368816,1,1,46.656627,46.656627,1,1,49.599996,49.599996,1,1,54.584464,54.584464
0b_gaussian_blur_best,file,18,baseline_gaussian_blur,4167,072.Pomarine_Jaeger/Pomarine_Jaeger_0006_795775.jpg,72,71,072.Pomarine_Jaeger,71,70,gaussian_blur,gaussian_blur,0,"{""sigma"":1.865901}",1.310644,0.70054412,-0.61009991,0.26964635,0.49631518,0.25500786,0.17476414,0.014638484,0.32155104,0.30691256,0.74039878,0.90056584,99.581164,89.679395,False,0.9657014,True,True,True,0.74039878,0.90056584,99.581164,89.679395,0.73241664,0.90562919,97.472382,88.273835,0.96198576,0.77583557,20.384871,15.815308,0.62097918,1.7991111,23.700433,42.639713,0.58709516,0.96210263,36.368816,34.990533,0.794658,0.88768971,46.656627,41.416607,0.81637463,0.79084862,49.599996,39.226088,0.85422629,0.70853741,54.584464,38.675134
0b_gaussian_blur_best,file,18,baseline_gaussian_blur,5465,094.White_breasted_Nuthatch/White_Breasted_Nuthatch_0094_86156.jpg,94,93,094.White_breasted_Nuthatch,160,159,identity,identity,0,{},0.14112568,0.14112568,0,0.86838019,0.86838019,0.017536554,0.017536554,0.85084363,0.85084363,0,1,1,23.780984,23.780984,False,1,True,True,True,1,1,23.780984,23.780984,1,1,23.517791,23.517791,1,1,3.528272,3.528272,1,1,4.6116725,4.6116725,1,1,12.804831,12.804831,1,1,11.375323,11.375323,1,1,11.319093,11.319093,1,1,10.504068,10.504068
0b_gaussian_blur_best,file,18,baseline_gaussian_blur,5465,094.White_breasted_Nuthatch/White_Breasted_Nuthatch_0094_86156.jpg,94,93,094.White_breasted_Nuthatch,160,159,gaussian_blur,gaussian_blur,0,"{""sigma"":1.092889}",0.14112568,0.12230191,-0.018823765,0.86838019,0.8848812,0.017536554,0.012468308,0.85084363,0.87241289,0.021569256,0.90829211,0.94134051,23.780984,22.386003,False,0.99227905,True,True,True,0.90829211,0.94134051,23.780984,22.386003,0.90650776,0.94200452,23.517791,22.153865,0.99072225,0.9113509,3.528272,3.2154939,0.80125527,1.0426206,4.6116725,4.8082248,0.91565826,1.0089299,12.804831,12.919177,0.8893277,0.92860611,11.375323,10.563194,0.90995492,0.87848787,11.319093,9.9436859,0.93943733,0.90472028,10.504068,9.5032429
0b_gaussian_blur_best,file,18,baseline_gaussian_blur,6768,116.Chipping_Sparrow/Chipping_Sparrow_0037_109851.jpg,116,115,116.Chipping_Sparrow,130,129,identity,identity,0,{},0.021981763,0.021981763,0,0.97825807,0.97825807,0.017162308,0.017162308,0.96109577,0.96109577,0,1,1,3.8487866,3.8487866,False,1,True,True,True,1,1,3.8487866,3.8487866,1,1,3.7366515,3.7366515,1,1,0.92227635,0.92227635,1,1,0.73248459,0.73248459,1,1,1.4675844,1.4675844,1,1,2.0215963,2.0215963,1,1,1.8669079,1.8669079,1,1,1.9235461,1.9235461
0b_gaussian_blur_best,file,18,baseline_gaussian_blur,6768,116.Chipping_Sparrow/Chipping_Sparrow_0037_109851.jpg,116,115,116.Chipping_Sparrow,130,129,gaussian_blur,gaussian_blur,0,"{""sigma"":1.929024}",0.021981763,0.059377223,0.037395461,0.97825807,0.94235122,0.017162308,0.054054976,0.96109577,0.88829625,-0.072799519,0.7829864,3.3045404,3.8487866,12.718471,False,0.98460144,True,True,True,0.7829864,3.3045404,3.8487866,12.718471,0.77219254,3.3202517,3.7366515,12.406624,0.97981252,3.0350342,0.92227635,2.7991403,0.68925276,5.3569095,0.73248459,3.9238537,0.59400153,3.7714149,1.4675844,5.5348698,0.79347936,3.2809931,2.0215963,6.6328435,0.83575675,3.0019376,1.8669079,5.6043411,0.87632492,2.9632608,1.9235461,5.6999689
0b_gaussian_blur_best,file,18,baseline_gaussian_blur,984,018.Spotted_Catbird/Spotted_Catbird_0013_19428.jpg,18,17,018.Spotted_Catbird,16,15,identity,identity,0,{},0.014939217,0.014939217,0,0.98517179,0.98517179,0.0016331068,0.0016331068,0.98353869,0.98353869,0,1,1,2.0804558,2.0804558,False,0.99999994,True,True,True,1,1,2.0804558,2.0804558,1,1,2.0463556,2.0463556,1,1,0.37513356,0.37513356,1,1,0.42340277,0.42340277,1,1,0.81511939,0.81511939,1,1,1.0866034,1.0866034,1,1,0.94441371,0.94441371,1,1,1.1275006,1.1275006
0b_gaussian_blur_best,file,18,baseline_gaussian_blur,984,018.Spotted_Catbird/Spotted_Catbird_0013_19428.jpg,18,17,018.Spotted_Catbird,16,15,gaussian_blur,gaussian_blur,0,"{""sigma"":1.044385}",0.014939217,0.010119678,-0.0048195384,0.98517179,0.98993134,0.0016331068,0.00047414849,0.98353869,0.9894572,0.0059185085,0.84607287,0.68882234,2.0804558,1.4330645,False,0.98809671,True,True,True,0.84607287,0.68882234,2.0804558,1.4330645,0.84168252,0.68899959,2.0463556,1.4099382,0.97778895,0.68352684,0.37513356,0.25641386,0.33581194,0.69809085,0.42340277,0.2955736,0.73175584,0.73906997,0.81511939,0.60243026,0.86185673,0.66803157,1.0866034,0.7258854,0.88281811,0.67742783,0.94441371,0.63977213,0.93081696,0.68781682,1.1275006,0.77551386
0b_gaussian_blur_best,file,18,baseline_gaussian_blur,10060,171.Myrtle_Warbler/Myrtle_Warbler_0037_166690.jpg,171,170,171.Myrtle_Warbler,133,132,identity,identity,0,{},0.65931672,0.65931672,0,0.51720464,0.51720464,0.077699177,0.077699177,0.43950547,0.43950547,0,1,1,64.283968,64.283968,False,1,True,True,True,1,1,64.283968,64.283968,1,1,62.907692,62.907692,1,1,13.230676,13.230676,1,1,13.349454,13.349454,1,1,23.147045,23.147045,1,1,29.849825,29.849825,1,1,32.549193,32.549193,1,1,35.957226,35.957226
0b_gaussian_blur_best,file,18,baseline_gaussian_blur,10060,171.Myrtle_Warbler/Myrtle_Warbler_0037_166690.jpg,171,170,171.Myrtle_Warbler,133,132,gaussian_blur,gaussian_blur,0,"{""sigma"":1.694767}",0.65931672,0.67985958,0.02054286,0.51720464,0.50668812,0.077699177,0.053587358,0.43950547,0.45310076,0.013595294,0.8106,1.0308441,64.283968,66.26675,False,0.9877218,True,True,True,0.8106,1.0308441,64.283968,66.26675,0.80314149,1.0313231,62.907692,64.878158,0.98114161,1.019955,13.230676,13.494694,0.67658438,1.5639379,13.349454,20.877717,0.69324474,1.1329826,23.147045,26.225199,0.80784088,1.0256236,29.849825,30.614684,0.81301735,0.94772249,32.549193,30.847602,0.89553147,0.96207024,35.957226,34.593377
0b_gaussian_blur_best,file,18,baseline_gaussian_blur,8280,141.Artic_Tern/Artic_Tern_0052_143244.jpg,141,140,141.Artic_Tern,144,143,identity,identity,0,{},0.25405356,0.25405356,0,0.77565026,0.77565026,0.15569459,0.15569459,0.61995567,0.61995567,0,1,1,32.795367,32.795367,False,0.99999994,True,True,True,1,1,32.795367,32.795367,1,1,31.639804,31.639804,1,1,8.6289596,8.6289596,1,1,5.8566176,5.8566176,1,1,12.601063,12.601063,1,1,15.910062,15.910062,1,1,16.115791,16.115791,1,1,17.179686,17.179686
0b_gaussian_blur_best,file,18,baseline_gaussian_blur,8280,141.Artic_Tern/Artic_Tern_0052_143244.jpg,141,140,141.Artic_Tern,144,143,gaussian_blur,gaussian_blur,0,"{""sigma"":1.945791}",0.25405356,0.06716235,-0.18689121,0.77565026,0.93504339,0.15569459,0.040424954,0.61995567,0.89461844,0.27466277,0.81840057,0.32169328,32.795367,10.550049,False,0.98776793,True,True,True,0.81840057,0.32169328,32.795367,10.550049,0.80707523,0.32291916,31.639804,10.217099,0.98103817,0.30473324,8.6289596,2.6295308,0.49698671,0.40987452,5.8566176,2.4004783,0.72694663,0.33728804,12.601063,4.2501878,0.83002732,0.32141695,15.910062,5.1137635,0.81977029,0.32494317,16.115791,5.2367163,0.87693005,0.30239716,17.179686,5.1950882
0b_gaussian_blur_best,file,18,baseline_gaussian_blur,7704,132.White_crowned_Sparrow/White_Crowned_Sparrow_0021_127092.jpg,132,131,132.White_crowned_Sparrow,119,118,identity,identity,0,{},4.4746985,4.4746985,0,0.011393656,0.011393656,0.58718163,0.58718163,-0.57578797,-0.57578797,0,1,1,151.3722,151.3722,False,1,True,False,False,1,1,151.3722,151.3722,1,1,148.58054,148.58054,1,1,28.937254,28.937254,1,1,26.484937,26.484937,1,1,74.153721,74.153721,1,1,67.966415,67.966415,1,1,71.138391,71.138391,1,1,78.713704,78.713704
0b_gaussian_blur_best,file,18,baseline_gaussian_blur,7704,132.White_crowned_Sparrow/White_Crowned_Sparrow_0021_127092.jpg,132,131,132.White_crowned_Sparrow,119,118,gaussian_blur,gaussian_blur,0,"{""sigma"":1.883853}",4.4746985,4.1024151,-0.37228346,0.011393656,0.016532702,0.58718163,0.45636687,-0.57578797,-0.43983416,0.13595381,0.73312429,1.1545792,151.3722,174.77119,False,0.96973288,True,False,False,0.73312429,1.1545792,151.3722,174.77119,0.72596837,1.1577002,148.58054,172.01172,0.93968344,1.0690163,28.937254,30.934396,0.60739538,1.4856763,26.484937,39.348042,0.6571122,1.13842,74.153721,84.418079,0.71631492,1.3234708,67.966415,89.951567,0.74615254,1.1285032,71.138391,80.279904,0.82199661,1.0145297,78.713704,79.857389
0b_gaussian_blur_best,file,18,baseline_gaussian_blur,2932,051.Horned_Grebe/Horned_Grebe_0066_34738.jpg,51,50,051.Horned_Grebe,50,49,identity,identity,0,{},0.33086938,0.33086938,0,0.71829897,0.71829897,0.26456439,0.26456439,0.45373458,0.45373458,0,1,1,48.144458,48.144458,False,1,True,True,True,1,1,48.144458,48.144458,1,1,47.232633,47.232633,1,1,9.3256232,9.3256232,1,1,7.4470987,7.4470987,1,1,18.674038,18.674038,1,1,25.695364,25.695364,1,1,24.677767,24.677767,1,1,23.611411,23.611411
0b_gaussian_blur_best,file,18,baseline_gaussian_blur,2932,051.Horned_Grebe/Horned_Grebe_0066_34738.jpg,51,50,051.Horned_Grebe,50,49,gaussian_blur,gaussian_blur,0,"{""sigma"":1.199319}",0.33086938,0.20537813,-0.12549125,0.71829897,0.81433934,0.26456439,0.18044178,0.45373458,0.63389756,0.18016298,0.85771928,0.76097967,48.144458,36.636954,False,0.99055505,True,True,True,0.85771928,0.76097967,48.144458,36.636954,0.85254232,0.7609468,47.232633,35.941521,0.99036864,0.76182241,9.3256232,7.1044688,0.68369175,1.0510486,7.4470987,7.8272624,0.72550656,0.80346261,18.674038,15.003892,0.8648665,0.79265422,25.695364,20.367538,0.89471081,0.73111945,24.677767,18.042395,0.91874287,0.68950634,23.611411,16.280217
0b_gaussian_blur_best,file,18,baseline_gaussian_blur,9308,159.Black_and_white_Warbler/Black_And_White_Warbler_0080_160375.jpg,159,158,159.Black_and_white_Warbler,114,113,identity,identity,0,{},0.023579776,0.023579776,0,0.97669607,0.97669607,0.0043409993,0.0043409993,0.97235507,0.97235507,0,1,1,3.7450732,3.7450732,False,0.99999994,True,True,True,1,1,3.7450732,3.7450732,1,1,3.6880462,3.6880462,1,1,0.65106683,0.65106683,1,1,0.79978326,0.79978326,1,1,1.9221358,1.9221358,1,1,1.6833704,1.6833704,1,1,1.8008924,1.8008924,1,1,1.7861904,1.7861904
0b_gaussian_blur_best,file,18,baseline_gaussian_blur,9308,159.Black_and_white_Warbler/Black_And_White_Warbler_0080_160375.jpg,159,158,159.Black_and_white_Warbler,114,113,gaussian_blur,gaussian_blur,0,"{""sigma"":1.426273}",0.023579776,0.0048967912,-0.018682985,0.97669607,0.99511516,0.0043409993,0.00023094195,0.97235507,0.99488422,0.022529144,0.78322844,0.203349,3.7450732,0.76155689,False,0.97367501,True,True,True,0.78322844,0.203349,3.7450732,0.76155689,0.77767835,0.20273548,3.6880462,0.74769782,0.94892922,0.222138,0.65106683,0.14462668,0.61944326,0.29282504,0.79978326,0.23419657,0.76447711,0.18791918,1.9221358,0.36120619,0.72918818,0.19376529,1.6833704,0.32617875,0.80622364,0.1892564,1.8008924,0.34083041,0.86746184,0.21767766,1.7861904,0.38881375
0b_gaussian_blur_best,file,18,baseline_gaussian_blur,3289,057.Rose_breasted_Grosbeak/Rose_Breasted_Grosbeak_0062_39234.jpg,57,56,057.Rose_breasted_Grosbeak,6,5,identity,identity,0,{},0.22273883,0.22273883,0,0.80032384,0.80032384,0.064859994,0.064859994,0.73546385,0.73546385,0,1,1,28.821117,28.821117,False,1.0000001,True,True,True,1,1,28.821117,28.821117,1,1,28.265361,28.265361,1,1,5.6325941,5.6325941,1,1,3.8559756,3.8559756,1,1,10.414744,10.414744,1,1,14.622946,14.622946,1,1,14.908643,14.908643,1,1,15.475692,15.475692
0b_gaussian_blur_best,file,18,baseline_gaussian_blur,3289,057.Rose_breasted_Grosbeak/Rose_Breasted_Grosbeak_0062_39234.jpg,57,56,057.Rose_breasted_Grosbeak,6,5,gaussian_blur,gaussian_blur,0,"{""sigma"":1.041032}",0.22273883,0.23930952,0.016570687,0.80032384,0.78717119,0.064859994,0.069028579,0.73546385,0.71814261,-0.017321244,0.88932033,1.1620777,28.821117,33.492378,False,0.99119532,True,True,True,0.88932033,1.1620777,28.821117,33.492378,0.88529859,1.1613111,28.265361,32.824879,0.98901293,1.1812181,5.6325941,6.653322,0.71103498,1.4468877,3.8559756,5.5791638,0.7845749,1.2110529,10.414744,12.612805,0.88064856,1.2124235,14.622946,17.729203,0.91381009,1.1460824,14.908643,17.086533,0.93262473,1.083164,15.475692,16.762712
0b_gaussian_blur_best,file,18,baseline_gaussian_blur,3205,056.Pine_Grosbeak/Pine_Grosbeak_0036_38968.jpg,56,55,056.Pine_Grosbeak,76,75,identity,identity,0,{},0.096050762,0.096050762,0,0.90841788,0.90841788,0.0059977737,0.0059977737,0.90242011,0.90242011,0,1,1,13.002055,13.002055,False,1.0000001,True,True,True,1,1,13.002055,13.002055,1,1,12.804501,12.804501,1,1,2.2579179,2.2579179,1,1,1.779577,1.779577,1,1,6.1933624,6.1933624,1,1,6.1302759,6.1302759,1,1,6.2815219,6.2815219,1,1,6.7374189,6.7374189
0b_gaussian_blur_best,file,18,baseline_gaussian_blur,3205,056.Pine_Grosbeak/Pine_Grosbeak_0036_38968.jpg,56,55,056.Pine_Grosbeak,76,75,gaussian_blur,gaussian_blur,0,"{""sigma"":1.615378}",0.096050762,0.062963769,-0.033086993,0.90841788,0.93897748,0.0059977737,0.0050328765,0.90242011,0.9339446,0.031524497,0.80943987,0.708183,13.002055,9.2078345,False,0.98328185,True,True,True,0.80943987,0.708183,13.002055,9.2078345,0.80417821,0.70786342,12.804501,9.0638379,0.97625928,0.7183847,2.2579179,1.6220536,0.49235323,0.97738567,1.779577,1.7393331,0.73881792,0.71809733,6.1933624,4.447437,0.77651571,0.74682666,6.1302759,4.5782535,0.83410323,0.67126845,6.2815219,4.2165875,0.90143339,0.67379243,6.7374189,4.5396219
0b_gaussian_blur_best,file,18,baseline_gaussian_blur,9290,158.Bay_breasted_Warbler/Bay_Breasted_Warbler_0079_159998.jpg,158,157,158.Bay_breasted_Warbler,21,20,identity,identity,0,{},0.0068494999,0.0068494999,0,0.9931739,0.9931739,0.0021505535,0.0021505535,0.99102334,0.99102334,0,1,1,0.92421424,0.92421424,False,0.99999994,True,True,True,1,1,0.92421424,0.92421424,1,1,0.90200886,0.90200886,1,1,0.2013752,0.2013752,1,1,0.20335529,0.20335529,1,1,0.32058296,0.32058296,1,1,0.42884063,0.42884063,1,1,0.44824938,0.44824938,1,1,0.53353668,0.53353668
0b_gaussian_blur_best,file,18,baseline_gaussian_blur,9290,158.Bay_breasted_Warbler/Bay_Breasted_Warbler_0079_159998.jpg,158,157,158.Bay_breasted_Warbler,21,20,gaussian_blur,gaussian_blur,0,"{""sigma"":1.200911}",0.0068494999,0.004782191,-0.0020673089,0.9931739,0.99522924,0.0021505535,0.0015596848,0.99102334,0.99366956,0.0026462157,0.90437602,0.705342,0.92421424,0.65188712,False,0.99484766,True,True,True,0.90437602,0.705342,0.92421424,0.65188712,0.89983119,0.70454547,0.90200886,0.63550626,0.99369704,0.72113742,0.2013752,0.14521919,0.87146678,0.77758238,0.20335529,0.15812549,0.84221566,0.75958123,0.32058296,0.2435088,0.88574595,0.69899963,0.42884063,0.29975944,0.89619567,0.67483152,0.44824938,0.30249281,0.94107565,0.69679662,0.53353668,0.37176656
0b_gaussian_blur_best,file,18,baseline_gaussian_blur,9869,168.Kentucky_Warbler/Kentucky_Warbler_0071_165342.jpg,168,167,168.Kentucky_Warbler,162,161,identity,identity,0,{},1.7987506,1.7987506,0,0.16550556,0.16550556,0.24793896,0.24793896,-0.082433403,-0.082433403,0,1,1,100.33886,100.33886,False,1,True,False,False,1,1,100.33886,100.33886,1,1,98.872208,98.872208,1,1,17.093063,17.093063,1,1,27.820581,27.820581,1,1,38.715669,38.715669,1,1,50.314056,50.314056,1,1,51.763751,51.763751,1,1,47.87312,47.87312
0b_gaussian_blur_best,file,18,baseline_gaussian_blur,9869,168.Kentucky_Warbler/Kentucky_Warbler_0071_165342.jpg,168,167,168.Kentucky_Warbler,162,161,gaussian_blur,gaussian_blur,0,"{""sigma"":1.68089}",1.7987506,3.1263604,1.3276098,0.16550556,0.043877207,0.24793896,0.24536584,-0.082433403,-0.20148864,-0.11905523,0.78509913,1.152182,100.33886,115.60863,False,0.97013593,False,False,False,0.78509913,1.152182,100.33886,115.60863,0.77978709,1.1479625,98.872208,113.50159,0.94869095,1.2854019,17.093063,21.971456,0.81614013,1.3445305,27.820581,37.405621,0.64905187,1.2332145,38.715669,47.744724,0.76047126,1.1256291,50.314056,56.634965,0.8226709,1.0837716,51.763751,56.100084,0.83974831,1.1149735,47.87312,53.377263
0b_gaussian_blur_best,file,18,baseline_gaussian_blur,4485,077.Tropical_Kingbird/Tropical_Kingbird_0003_69852.jpg,77,76,077.Tropical_Kingbird,38,37,identity,identity,0,{},0.0024034681,0.0024034681,0,0.99759942,0.99759942,0.0018036992,0.0018036992,0.99579572,0.99579572,0,1,1,0.33013675,0.33013675,False,0.99999994,True,True,True,1,1,0.33013675,0.33013675,1,1,0.31299867,0.31299867,1,1,0.10498621,0.10498621,1,1,0.076198344,0.076198344,1,1,0.14393634,0.14393634,1,1,0.1425055,0.1425055,1,1,0.14360983,0.14360983,1,1,0.17467886,0.17467886
0b_gaussian_blur_best,file,18,baseline_gaussian_blur,4485,077.Tropical_Kingbird/Tropical_Kingbird_0003_69852.jpg,77,76,077.Tropical_Kingbird,38,37,gaussian_blur,gaussian_blur,0,"{""sigma"":1.473537}",0.0024034681,0.0018054628,-0.00059800537,0.99759942,0.99819618,0.0018036992,0.0015691111,0.99579572,0.99662707,0.00083134975,0.808378,0.93076581,0.33013675,0.30728,False,0.99167454,True,True,True,0.808378,0.93076581,0.33013675,0.30728,0.79349143,0.94675758,0.31299867,0.29633386,0.985193,0.77424375,0.10498621,0.081284917,0.29334361,1.3184815,0.076198344,0.10046611,0.73578833,1.035596,0.14393634,0.14905989,0.84421515,0.96945972,0.1425055,0.13815335,0.86694133,0.87162897,0.14360983,0.12517449,0.92849161,0.82457794,0.17467886,0.14403634
0b_gaussian_blur_best,file,18,baseline_gaussian_blur,8564,146.Forsters_Tern/Forsters_Tern_0045_151227.jpg,146,145,146.Forsters_Tern,147,146,identity,identity,0,{},0.41152591,0.41152591,0,0.66263837,0.66263837,0.18014219,0.18014219,0.48249617,0.48249617,0,1,1,40.716921,40.716921,False,1,True,True,True,1,1,40.716921,40.716921,1,1,39.179072,39.179072,1,1,11.084582,11.084582,1,1,6.020269,6.020269,1,1,13.341557,13.341557,1,1,16.740761,16.740761,1,1,21.746787,21.746787,1,1,23.824001,23.824001
0b_gaussian_blur_best,file,18,baseline_gaussian_blur,8564,146.Forsters_Tern/Forsters_Tern_0045_151227.jpg,146,145,146.Forsters_Tern,147,146,gaussian_blur,gaussian_blur,0,"{""sigma"":1.453149}",0.41152591,0.22997385,-0.18155205,0.66263837,0.79455435,0.18014219,0.090894908,0.48249617,0.70365945,0.22116327,0.86167905,0.65319263,40.716921,26.595992,False,0.99171031,True,True,True,0.86167905,0.65319263,40.716921,26.595992,0.85272265,0.65735471,39.179072,25.754547,0.98802374,0.59876196,11.084582,6.6370258,0.69842784,0.96763723,6.020269,5.8254365,0.651506,0.66104856,13.341557,8.8194174,0.81836359,0.67278842,16.740761,11.26299,0.88883771,0.63405224,21.746787,13.788599,0.92750385,0.64290658,23.824001,15.316607
0b_gaussian_blur_best,file,18,baseline_gaussian_blur,8881,152.Blue_headed_Vireo/Blue_Headed_Vireo_0020_155994.jpg,152,151,152.Blue_headed_Vireo,172,171,identity,identity,0,{},0.0039970754,0.0039970754,0,0.9960109,0.9960109,0.0025226269,0.0025226269,0.99348827,0.99348827,0,1,1,0.93801874,0.93801874,False,0.99999994,True,True,True,1,1,0.93801874,0.93801874,1,1,0.92626138,0.92626138,1,1,0.14805074,0.14805074,1,1,0.22968943,0.22968943,1,1,0.44567067,0.44567067,1,1,0.50829385,0.50829385,1,1,0.44193406,0.44193406,1,1,0.3910399,0.3910399
0b_gaussian_blur_best,file,18,baseline_gaussian_blur,8881,152.Blue_headed_Vireo/Blue_Headed_Vireo_0020_155994.jpg,152,151,152.Blue_headed_Vireo,172,171,gaussian_blur,gaussian_blur,0,"{""sigma"":1.375724}",0.0039970754,0.027918708,0.023921632,0.9960109,0.97246742,0.0025226269,0.013977491,0.99348827,0.95848993,-0.034998341,0.85538281,6.2370896,0.93801874,5.850507,False,0.98186886,True,True,True,0.85538281,6.2370896,0.93801874,5.850507,0.85247857,6.2446957,0.92626138,5.7842205,0.97616353,5.9317131,0.14805074,0.8781945,0.78423623,7.0913115,0.22968943,1.6287993,0.75859977,6.1756584,0.44567067,2.7523099,0.88061671,6.4069694,0.50829385,3.2566232,0.88358477,5.9898036,0.44193406,2.6470982,0.91943359,6.0604313,0.3910399,2.3698705
0b_gaussian_blur_best,file,18,baseline_gaussian_blur,1058,020.Yellow_breasted_Chat/Yellow_Breasted_Chat_0090_21931.jpg,20,19,020.Yellow_breasted_Chat,170,169,identity,identity,0,{},0.28341842,0.28341842,0,0.75320458,0.75320458,0.082827672,0.082827672,0.67037691,0.67037691,0,1,1,36.505803,36.505803,False,1,True,True,True,1,1,36.505803,36.505803,1,1,35.582937,35.582937,1,1,8.1564842,8.1564842,1,1,7.1823907,7.1823907,1,1,13.353247,13.353247,1,1,17.527067,17.527067,1,1,19.426101,19.426101,1,1,18.753079,18.753079
0b_gaussian_blur_best,file,18,baseline_gaussian_blur,1058,020.Yellow_breasted_Chat/Yellow_Breasted_Chat_0090_21931.jpg,20,19,020.Yellow_breasted_Chat,170,169,gaussian_blur,gaussian_blur,0,"{""sigma"":1.708897}",0.28341842,0.10321356,-0.18020485,0.75320458,0.90193433,0.082827672,0.035754967,0.67037691,0.86617936,0.19580245,0.81352333,0.47677133,36.505803,17.40492,False,0.98242712,True,True,True,0.81352333,0.47677133,36.505803,17.40492,0.80728154,0.48040507,35.582937,17.094223,0.96830992,0.40139281,8.1564842,3.2739541,0.80166776,0.83456862,7.1823907,5.9941979,0.67494784,0.53185856,13.353247,7.1020389,0.80293044,0.48196808,17.527067,8.4474869,0.853224,0.42437371,19.426101,8.2439266,0.89566994,0.4349166,18.753079,8.1560251
0b_gaussian_blur_best,file,18,baseline_gaussian_blur,929,017.Cardinal/Cardinal_0028_18054.jpg,17,16,017.Cardinal,35,34,identity,identity,0,{},0.2400078,0.2400078,0,0.78662175,0.78662175,0.073570348,0.073570348,0.7130514,0.7130514,0,1,1,31.794736,31.794736,False,0.99999994,True,True,True,1,1,31.794736,31.794736,1,1,31.07755,31.07755,1,1,6.7149928,6.7149928,1,1,5.5009411,5.5009411,1,1,13.026399,13.026399,1,1,15.116286,15.116286,1,1,17.309121,17.309121,1,1,15.419433,15.419433
0b_gaussian_blur_best,file,18,baseline_gaussian_blur,929,017.Cardinal/Cardinal_0028_18054.jpg,17,16,017.Cardinal,35,34,gaussian_blur,gaussian_blur,0,"{""sigma"":1.465875}",0.2400078,1.077045,0.83703716,0.78662175,0.34060052,0.073570348,0.41070047,0.7130514,-0.07009995,-0.78315135,0.76352934,3.6311797,31.794736,115.4524,False,0.97807801,False,True,False,0.76352934,3.6311797,31.794736,115.4524,0.75567977,3.6452607,31.07755,113.28577,0.95169688,3.3152492,6.7149928,22.261874,0.59808729,4.7071618,5.5009411,25.89382,0.67419016,4.1447042,13.026399,53.990572,0.72578014,3.7425708,15.116286,56.57377,0.81803788,3.3503574,17.309121,57.991741,0.82525648,3.3602239,15.419433,51.812747
0b_gaussian_blur_best,file,18,baseline_gaussian_blur,10633,181.Worm_eating_Warbler/Worm_Eating_Warbler_0065_795551.jpg,181,180,181.Worm_eating_Warbler,18,17,identity,identity,0,{},3.9969616,3.9969616,0,0.018371373,0.018371373,0.75470001,0.75470001,-0.73632863,-0.73632863,0,1,1,243.0255,243.0255,False,1,True,False,False,1,1,243.0255,243.0255,1,1,240.13585,240.13585,1,1,37.36536,37.36536,1,1,35.518036,35.518036,1,1,146.90097,146.90097,1,1,129.00484,129.00484,1,1,102.04452,102.04452,1,1,88.138922,88.138922
0b_gaussian_blur_best,file,18,baseline_gaussian_blur,10633,181.Worm_eating_Warbler/Worm_Eating_Warbler_0065_795551.jpg,181,180,181.Worm_eating_Warbler,18,17,gaussian_blur,gaussian_blur,0,"{""sigma"":1.749073}",3.9969616,3.7042222,-0.29273939,0.018371373,0.02461936,0.75470001,0.63168693,-0.73632863,-0.60706757,0.12926107,0.75014068,0.86711014,243.0255,210.72988,False,0.96811646,True,False,False,0.75014068,0.86711014,243.0255,210.72988,0.74448774,0.86462063,240.13585,207.62641,0.96383325,0.96433453,37.36536,36.032707,0.51412164,1.0749696,35.518036,38.18081,0.66884079,0.81468409,146.90097,119.67788,0.79863631,0.88224436,129.00484,113.81379,0.78870769,0.8618283,102.04452,87.944856,0.81576361,0.92453954,88.138922,81.487918
0b_gaussian_blur_best,file,18,baseline_gaussian_blur,6757,116.Chipping_Sparrow/Chipping_Sparrow_0079_110449.jpg,116,115,116.Chipping_Sparrow,119,118,identity,identity,0,{},0.13637219,0.13637219,0,0.87251782,0.87251782,0.088684686,0.088684686,0.78383314,0.78383314,0,1,1,25.412123,25.412123,False,1,True,True,True,1,1,25.412123,25.412123,1,1,24.847697,24.847697,1,1,5.3261566,5.3261566,1,1,5.5299883,5.5299883,1,1,11.681388,11.681388,1,1,11.98248,11.98248,1,1,12.428178,12.428178,1,1,12.342328,12.342328
0b_gaussian_blur_best,file,18,baseline_gaussian_blur,6757,116.Chipping_Sparrow/Chipping_Sparrow_0079_110449.jpg,116,115,116.Chipping_Sparrow,119,118,gaussian_blur,gaussian_blur,0,"{""sigma"":1.981728}",0.13637219,0.50875604,0.37238385,0.87251782,0.60124308,0.088684686,0.3173323,0.78383314,0.28391078,-0.49992236,0.74626014,3.8822312,25.412123,98.655738,False,0.9661634,True,True,True,0.74626014,3.8822312,25.412123,98.655738,0.73874776,3.9100503,24.847697,97.155746,0.9586327,3.2177297,5.3261566,17.138132,0.63878847,4.5897793,5.5299883,25.381426,0.63169546,4.1032736,11.681388,47.93193,0.73982436,4.3808083,11.98248,52.492946,0.79956223,3.7271614,12.428178,46.321823,0.84036035,3.2371624,12.342328,39.954119
0b_gaussian_blur_best,file,18,baseline_gaussian_blur,3123,054.Blue_Grosbeak/Blue_Grosbeak_0065_36847.jpg,54,53,054.Blue_Grosbeak,14,13,identity,identity,0,{},0.002744006,0.002744006,0,0.99725974,0.99725974,0.0014881568,0.0014881568,0.99577158,0.99577158,0,1,1,0.42324472,0.42324472,False,1,True,True,True,1,1,0.42324472,0.42324472,1,1,0.41181947,0.41181947,1,1,0.097677092,0.097677092,1,1,0.073273054,0.073273054,1,1,0.15587886,0.15587886,1,1,0.21610044,0.21610044,1,1,0.19595016,0.19595016,1,1,0.23416286,0.23416286
0b_gaussian_blur_best,file,18,baseline_gaussian_blur,3123,054.Blue_Grosbeak/Blue_Grosbeak_0065_36847.jpg,54,53,054.Blue_Grosbeak,14,13,gaussian_blur,gaussian_blur,0,"{""sigma"":1.302208}",0.002744006,0.0034463555,0.00070234947,0.99725974,0.99655956,0.0014881568,0.0018790755,0.99577158,0.99468048,-0.0010910945,0.89323009,1.2942742,0.42324472,0.54779471,False,0.99686986,True,True,True,0.89323009,1.2942742,0.42324472,0.54779471,0.88758521,1.2961258,0.41181947,0.53376986,0.99669632,1.2609058,0.097677092,0.12316161,0.679372,1.8751159,0.073273054,0.13739547,0.76741338,1.3797194,0.15587886,0.2150691,0.90421135,1.2609997,0.21610044,0.2725026,0.91351489,1.2507255,0.19595016,0.24507986,0.95572823,1.2484002,0.23416286,0.29232897
0b_gaussian_blur_best,file,18,baseline_gaussian_blur,6283,108.White_necked_Raven/White_Necked_Raven_0025_797346.jpg,108,107,108.White_necked_Raven,23,22,identity,identity,0,{},0.15413031,0.15413031,0,0.85716033,0.85716033,0.11625843,0.11625843,0.7409019,0.7409019,0,1,1,32.550805,32.550805,False,1.0000001,True,True,True,1,1,32.550805,32.550805,1,1,31.751063,31.751063,1,1,7.1711152,7.1711152,1,1,10.93346,10.93346,1,1,11.975649,11.975649,1,1,15.047793,15.047793,1,1,15.444202,15.444202,1,1,16.739588,16.739588
0b_gaussian_blur_best,file,18,baseline_gaussian_blur,6283,108.White_necked_Raven/White_Necked_Raven_0025_797346.jpg,108,107,108.White_necked_Raven,23,22,gaussian_blur,gaussian_blur,0,"{""sigma"":1.57232}",0.15413031,0.22273244,0.06860213,0.85716033,0.80032897,0.11625843,0.17235507,0.7409019,0.6279739,-0.112928,0.78403284,1.4876848,32.550805,48.425336,False,0.98720682,True,True,True,0.78403284,1.4876848,32.550805,48.425336,0.77438076,1.4918223,31.751063,47.366944,0.98644506,1.4041126,7.1711152,10.069053,0.55081149,1.4358401,10.93346,15.698701,0.56385044,1.5556301,11.975649,18.629681,0.79341711,1.5819091,15.047793,23.80424,0.83886508,1.4273644,15.444202,22.044504,0.91521204,1.4602534,16.739588,24.444041
0b_gaussian_blur_best,file,18,baseline_gaussian_blur,3114,054.Blue_Grosbeak/Blue_Grosbeak_0037_36794.jpg,54,53,054.Blue_Grosbeak,14,13,identity,identity,0,{},0.012394663,0.012394663,0,0.98768181,0.98768181,0.010543519,0.010543519,0.97713829,0.97713829,0,1,1,2.1475368,2.1475368,False,1,True,True,True,1,1,2.1475368,2.1475368,1,1,2.0902343,2.0902343,1,1,0.49278292,0.49278292,1,1,0.37990584,0.37990584,1,1,0.88946375,0.88946375,1,1,1.1518952,1.1518952,1,1,1.0138867,1.0138867,1,1,1.0386416,1.0386416
0b_gaussian_blur_best,file,18,baseline_gaussian_blur,3114,054.Blue_Grosbeak/Blue_Grosbeak_0037_36794.jpg,54,53,054.Blue_Grosbeak,14,13,gaussian_blur,gaussian_blur,0,"{""sigma"":1.500641}",0.012394663,0.015049606,0.0026549427,0.98768181,0.98506308,0.010543519,0.013584538,0.97713829,0.97147854,-0.0056597497,0.85559328,1.4105596,2.1475368,3.0292288,False,0.99208951,True,True,True,0.85559328,1.4105596,2.1475368,3.0292288,0.84912946,1.4182543,2.0902343,2.9644838,0.99146697,1.2641402,0.49278292,0.62294671,0.80731458,2.215751,0.37990584,0.84177674,0.73664496,1.559226,0.88946375,1.3868751,0.86888844,1.4395079,1.1518952,1.6581623,0.89218397,1.3218817,1.0138867,1.3402383,0.92770812,1.2218078,1.0386416,1.2690204
0b_gaussian_blur_best,file,18,baseline_gaussian_blur,11057,188.Pileated_Woodpecker/Pileated_Woodpecker_0124_180168.jpg,188,187,188.Pileated_Woodpecker,191,190,identity,identity,0,{},0.0065300181,0.0065300181,0,0.99349123,0.99349123,0.0018310526,0.0018310526,0.99166018,0.99166018,0,1,1,0.90161592,0.90161592,False,0.99999994,True,True,True,1,1,0.90161592,0.90161592,1,1,0.87695665,0.87695665,1,1,0.20942372,0.20942372,1,1,0.19730945,0.19730945,1,1,0.33720007,0.33720007,1,1,0.41731631,0.41731631,1,1,0.44327818,0.44327818,1,1,0.49575157,0.49575157
0b_gaussian_blur_best,file,18,baseline_gaussian_blur,11057,188.Pileated_Woodpecker/Pileated_Woodpecker_0124_180168.jpg,188,187,188.Pileated_Woodpecker,191,190,gaussian_blur,gaussian_blur,0,"{""sigma"":1.888614}",0.0065300181,0.0082642725,0.0017342544,0.99349123,0.99176979,0.0018310526,0.0020022227,0.99166018,0.98976757,-0.0018926119,0.73404007,1.4614847,0.90161592,1.3176979,False,0.97467422,True,True,True,0.73404007,1.4614847,0.90161592,1.3176979,0.72284305,1.4722868,0.87695665,1.2911317,0.97274851,1.2570748,0.20942372,0.26326127,0.74725877,2.3995547,0.19730945,0.47345481,0.48425484,1.5281091,0.33720007,0.5152785,0.6995179,1.5040711,0.41731631,0.62767339,0.76010683,1.3467734,0.44327818,0.59699525,0.86473718,1.3180621,0.49575157,0.65343135
0b_gaussian_blur_best,file,18,baseline_gaussian_blur,1103,020.Yellow_breasted_Chat/Yellow_Breasted_Chat_0012_21961.jpg,20,19,020.Yellow_breasted_Chat,200,199,identity,identity,0,{},0.10010596,0.10010596,0,0.90474153,0.90474153,0.032986283,0.032986283,0.87175524,0.87175524,0,1,1,11.648937,11.648937,False,0.99999988,True,True,True,1,1,11.648937,11.648937,1,1,11.34902,11.34902,1,1,2.6263032,2.6263032,1,1,2.6880697,2.6880697,1,1,4.2265763,4.2265763,1,1,5.5779507,5.5779507,1,1,6.0635926,6.0635926,1,1,5.9858088,5.9858088
0b_gaussian_blur_best,file,18,baseline_gaussian_blur,1103,020.Yellow_breasted_Chat/Yellow_Breasted_Chat_0012_21961.jpg,20,19,020.Yellow_breasted_Chat,200,199,gaussian_blur,gaussian_blur,0,"{""sigma"":1.452352}",0.10010596,0.084812887,-0.015293069,0.90474153,0.91868418,0.032986283,0.02054831,0.87175524,0.89813587,0.026380632,0.80336999,0.96726379,11.648937,11.267595,False,0.97820431,True,True,True,0.80336999,0.96726379,11.648937,11.267595,0.79605415,0.97270193,11.34902,11.039214,0.96387758,0.85941657,2.6263032,2.2570885,0.76103948,1.1526235,2.6880697,3.0983323,0.63835724,0.93548312,4.2265763,3.9538907,0.79005269,0.9819025,5.5779507,5.4770037,0.8233912,0.96139892,6.0635926,5.8295314,0.86206104,0.95459885,5.9858088,5.7140462
0b_gaussian_blur_best,file,18,baseline_gaussian_blur,9607,164.Cerulean_Warbler/Cerulean_Warbler_0060_797209.jpg,164,163,164.Cerulean_Warbler,159,158,identity,identity,0,{},0.00048518329,0.00048518329,0,0.99951494,0.99951494,0.00039549131,0.00039549131,0.99911945,0.99911945,0,1,1,0.09267222,0.09267222,False,0.99999994,True,True,True,1,1,0.09267222,0.09267222,1,1,0.089997133,0.089997133,1,1,0.022105574,0.022105574,1,1,0.015339533,0.015339533,1,1,0.041908788,0.041908788,1,1,0.050440954,0.050440954,1,1,0.040306214,0.040306214,1,1,0.044033571,0.044033571
0b_gaussian_blur_best,file,18,baseline_gaussian_blur,9607,164.Cerulean_Warbler/Cerulean_Warbler_0060_797209.jpg,164,163,164.Cerulean_Warbler,159,158,gaussian_blur,gaussian_blur,0,"{""sigma"":1.882026}",0.00048518329,0.00047636605,-8.8172383e-06,0.99951494,0.99952376,0.00039549131,0.00044674019,0.99911945,0.99907702,-4.2427389e-05,0.77882502,1.274791,0.09267222,0.11813771,False,0.97529995,True,True,True,0.77882502,1.274791,0.09267222,0.11813771,0.7691767,1.2841081,0.089997133,0.11556605,0.97196018,1.1090169,0.022105574,0.024515456,0.66842553,2.3189609,0.015339533,0.035571778,0.68840671,1.4788827,0.041908788,0.061978183,0.81245239,1.2391383,0.050440954,0.06250332,0.80004164,1.113787,0.040306214,0.044892539,0.86532725,1.095472,0.044033571,0.048237543
0b_gaussian_blur_best,file,18,baseline_gaussian_blur,1186,022.Chuck_will_Widow/Chuck_Will_Widow_0007_796958.jpg,22,21,022.Chuck_will_Widow,105,104,identity,identity,0,{},0.10250756,0.10250756,0,0.90257132,0.90257132,0.029260896,0.029260896,0.87331042,0.87331042,0,1,1,13.355722,13.355722,False,1,True,True,True,1,1,13.355722,13.355722,1,1,12.9765,12.9765,1,1,3.1600238,3.1600238,1,1,1.7204178,1.7204178,1,1,5.2903302,5.2903302,1,1,6.4639435,6.4639435,1,1,6.87299,6.87299,1,1,6.9585601,6.9585601
0b_gaussian_blur_best,file,18,baseline_gaussian_blur,1186,022.Chuck_will_Widow/Chuck_Will_Widow_0007_796958.jpg,22,21,022.Chuck_will_Widow,105,104,gaussian_blur,gaussian_blur,0,"{""sigma"":1.364274}",0.10250756,0.1362997,0.033792138,0.90257132,0.87258106,0.029260896,0.026353242,0.87331042,0.84622782,-0.027082602,0.79876498,1.4752374,13.355722,19.70286,False,0.97817457,True,True,True,0.79876498,1.4752374,13.355722,19.70286,0.7899521,1.4842487,12.9765,19.260353,0.97226857,1.3140058,3.1600238,4.1522897,0.62473398,2.2941217,1.7204178,3.9468479,0.66908566,1.4762947,5.2903302,7.8100864,0.77358702,1.5492518,6.4639435,10.014276,0.818125,1.4344232,6.87299,9.8587764,0.87643128,1.4146649,6.9585601,9.8440306
0b_gaussian_blur_best,file,18,baseline_gaussian_blur,7585,130.Tree_Sparrow/Tree_Sparrow_0041_123497.jpg,130,129,130.Tree_Sparrow,197,196,identity,identity,0,{},4.7051611,4.7051611,0,0.0090484554,0.0090484554,0.31282157,0.31282157,-0.30377311,-0.30377311,0,1,1,116.3672,116.3672,False,0.99999982,True,False,False,1,1,116.3672,116.3672,1,1,113.05614,113.05614,1,1,27.561457,27.561457,1,1,23.023119,23.023119,1,1,46.148771,46.148771,1,1,62.229403,62.229403,1,1,55.789189,55.789189,1,1,56.008804,56.008804
0b_gaussian_blur_best,file,18,baseline_gaussian_blur,7585,130.Tree_Sparrow/Tree_Sparrow_0041_123497.jpg,130,129,130.Tree_Sparrow,197,196,gaussian_blur,gaussian_blur,0,"{""sigma"":1.032966}",4.7051611,5.0760956,0.37093449,0.0090484554,0.0062442431,0.31282157,0.20080154,-0.30377311,-0.19455729,0.10921582,0.83412182,1.1104972,116.3672,129.22545,False,0.97802275,True,False,False,0.83412182,1.1104972,116.3672,129.22545,0.82797422,1.1199048,113.05614,126.61212,0.97008659,0.93816032,27.561457,25.857065,0.77912138,1.6278599,23.023119,37.478411,0.74814219,1.2325377,46.148771,56.880102,0.85488161,1.1155343,62.229403,69.419034,0.8508255,1.058708,55.789189,59.064462,0.87434677,0.99136408,56.008804,55.525116
0b_gaussian_blur_best,file,18,baseline_gaussian_blur,1286,023.Brandt_Cormorant/Brandt_Cormorant_0063_22865.jpg,23,22,023.Brandt_Cormorant,8,7,identity,identity,0,{},0.28149292,0.28149292,0,0.75465626,0.75465626,0.024235452,0.024235452,0.7304208,0.7304208,0,1,1,35.760228,35.760228,False,1,True,True,True,1,1,35.760228,35.760228,1,1,35.112322,35.112322,1,1,6.7763368,6.7763368,1,1,8.0995357,8.0995357,1,1,18.891815,18.891815,1,1,13.917199,13.917199,1,1,16.294059,16.294059,1,1,18.739991,18.739991
0b_gaussian_blur_best,file,18,baseline_gaussian_blur,1286,023.Brandt_Cormorant/Brandt_Cormorant_0063_22865.jpg,23,22,023.Brandt_Cormorant,8,7,gaussian_blur,gaussian_blur,0,"{""sigma"":1.95878}",0.28149292,0.18961054,-0.091882378,0.75465626,0.82728124,0.024235452,0.023373121,0.7304208,0.80390812,0.073487312,0.75769056,0.89627871,35.760228,32.051131,False,0.9688893,True,True,True,0.75769056,0.89627871,35.760228,32.051131,0.75193833,0.90181208,35.112322,31.664716,0.96390407,0.73224362,6.7763368,4.9619294,0.58666498,1.2088743,8.0995357,9.7913204,0.70931814,0.92532237,18.891815,17.481019,0.71198136,1.0037164,13.917199,13.96892,0.7887389,0.85976777,16.294059,14.009106,0.87231802,0.77294092,18.739991,14.484906
0b_gaussian_blur_best,file,18,baseline_gaussian_blur,4426,076.Dark_eyed_Junco/Dark_Eyed_Junco_0096_68514.jpg,76,75,076.Dark_eyed_Junco,79,78,identity,identity,0,{},0.64961702,0.64961702,0,0.52224576,0.52224576,0.23627856,0.23627856,0.2859672,0.2859672,0,1,1,61.256829,61.256829,False,0.99999994,True,True,True,1,1,61.256829,61.256829,1,1,59.237251,59.237251,1,1,15.599587,15.599587,1,1,9.6991026,9.6991026,1,1,17.476596,17.476596,1,1,28.717346,28.717346,1,1,33.92648,33.92648,1,1,33.672777,33.672777
0b_gaussian_blur_best,file,18,baseline_gaussian_blur,4426,076.Dark_eyed_Junco/Dark_Eyed_Junco_0096_68514.jpg,76,75,076.Dark_eyed_Junco,79,78,gaussian_blur,gaussian_blur,0,"{""sigma"":1.703614}",0.64961702,0.67005563,0.020438612,0.52224576,0.51168013,0.23627856,0.19941175,0.2859672,0.31226838,0.026301175,0.68228351,1.1485318,61.256829,70.355416,False,0.95823401,True,True,True,0.68228351,1.1485318,61.256829,70.355416,0.66607335,1.1561073,59.237251,68.484619,0.94792198,1.0331361,15.599587,16.116496,0.41612263,1.822411,9.6991026,17.675751,0.45402364,1.7034988,17.476596,29.77136,0.63549436,1.2248471,28.717346,35.174358,0.73207955,0.99117803,33.92648,33.627182,0.81293102,0.99535825,33.672777,33.516476
0b_gaussian_blur_best,file,18,baseline_gaussian_blur,3621,063.Ivory_Gull/Ivory_Gull_0089_49699.jpg,63,62,063.Ivory_Gull,178,177,identity,identity,0,{},1.9983917,1.9983917,0,0.13555311,0.13555311,0.12649855,0.12649855,0.0090545565,0.0090545565,0,1,1,165.45517,165.45517,False,1,True,True,True,1,1,165.45517,165.45517,1,1,163.92415,163.92415,1,1,22.456296,22.456296,1,1,31.081645,31.081645,1,1,78.207948,78.207948,1,1,90.182661,90.182661,1,1,78.055439,78.055439,1,1,74.585595,74.585595
0b_gaussian_blur_best,file,18,baseline_gaussian_blur,3621,063.Ivory_Gull/Ivory_Gull_0089_49699.jpg,63,62,063.Ivory_Gull,178,177,gaussian_blur,gaussian_blur,0,"{""sigma"":1.944306}",1.9983917,0.74750054,-1.2508912,0.13555311,0.47354868,0.12649855,0.040920191,0.0090545565,0.43262849,0.42357393,0.67313712,0.65352484,165.45517,108.12906,False,0.94504517,True,True,True,0.67313712,0.65352484,165.45517,108.12906,0.66855784,0.65421282,163.92415,107.24128,0.93360134,0.61575464,22.456296,13.827568,0.15317393,1.0128731,31.081645,31.481761,0.59380988,0.6912763,78.207948,54.063302,0.70826437,0.62384084,90.182661,56.259627,0.73771327,0.60817341,78.055439,47.471242,0.79623725,0.62428554,74.585595,46.562708
0b_gaussian_blur_best,file,18,baseline_gaussian_blur,3866,067.Anna_Hummingbird/Anna_Hummingbird_0127_56520.jpg,67,66,067.Anna_Hummingbird,69,68,identity,identity,0,{},0.19279385,0.19279385,0,0.82465196,0.82465196,0.07416229,0.07416229,0.75048967,0.75048967,0,1,1,29.225719,29.225719,False,1.0000001,True,True,True,1,1,29.225719,29.225719,1,1,28.76754,28.76754,1,1,5.1547347,5.1547347,1,1,5.0182396,5.0182396,1,1,12.641401,12.641401,1,1,14.090386,14.090386,1,1,14.598647,14.598647,1,1,15.196187,15.196187
0b_gaussian_blur_best,file,18,baseline_gaussian_blur,3866,067.Anna_Hummingbird/Anna_Hummingbird_0127_56520.jpg,67,66,067.Anna_Hummingbird,69,68,gaussian_blur,gaussian_blur,0,"{""sigma"":1.643896}",0.19279385,0.20266902,0.0098751783,0.82465196,0.81654847,0.07416229,0.036596321,0.75048967,0.77995215,0.029462479,0.77123994,1.1574219,29.225719,33.826486,False,0.97810072,True,True,True,0.77123994,1.1574219,29.225719,33.826486,0.76617132,1.1610509,28.76754,33.400579,0.95251177,1.0380614,5.1547347,5.3509312,0.61280893,1.6727772,5.0182396,8.3943968,0.64497791,1.1169839,12.641401,14.120241,0.76405115,1.2494438,14.090386,17.605145,0.80485847,1.1317305,14.598647,16.521734,0.85877477,1.0668745,15.196187,16.212425
0b_gaussian_blur_best,file,18,baseline_gaussian_blur,9639,164.Cerulean_Warbler/Cerulean_Warbler_0078_163271.jpg,164,163,164.Cerulean_Warbler,152,151,identity,identity,0,{},0.42762116,0.42762116,0,0.65205842,0.65205842,0.10852554,0.10852554,0.54353289,0.54353289,0,1,1,61.472232,61.472232,False,1,True,True,True,1,1,61.472232,61.472232,1,1,60.649585,60.649585,1,1,10.023133,10.023133,1,1,10.595344,10.595344,1,1,27.845464,27.845464,1,1,33.996645,33.996645,1,1,30.832458,30.832458,1,1,26.159674,26.159674
0b_gaussian_blur_best,file,18,baseline_gaussian_blur,9639,164.Cerulean_Warbler/Cerulean_Warbler_0078_163271.jpg,164,163,164.Cerulean_Warbler,152,151,gaussian_blur,gaussian_blur,0,"{""sigma"":1.740528}",0.42762116,0.2402619,-0.18735926,0.65205842,0.7864219,0.10852554,0.089038767,0.54353289,0.69738313,0.15385024,0.71126163,0.68098207,61.472232,41.861488,False,0.97257519,True,True,True,0.71126163,0.68098207,61.472232,41.861488,0.70432662,0.68087824,60.649585,41.294983,0.96374821,0.68477259,10.023133,6.8635669,0.59010193,1.0555344,10.595344,11.18375,0.41399113,0.64441032,27.845464,17.943904,0.73732929,0.6850562,33.996645,23.289613,0.80990343,0.64662653,30.832458,19.937085,0.86897188,0.68202632,26.159674,17.841587
0b_gaussian_blur_best,file,18,baseline_gaussian_blur,8083,138.Tree_Swallow/Tree_Swallow_0017_135062.jpg,138,137,138.Tree_Swallow,111,110,identity,identity,0,{},0.12669261,0.12669261,0,0.88100445,0.88100445,0.081607245,0.081607245,0.79939721,0.79939721,0,1,1,27.339782,27.339782,False,0.99999988,True,True,True,1,1,27.339782,27.339782,1,1,27.019042,27.019042,1,1,4.1755275,4.1755275,1,1,6.5659296,6.5659296,1,1,14.142827,14.142827,1,1,14.941803,14.941803,1,1,12.673734,12.673734,1,1,10.149711,10.149711
0b_gaussian_blur_best,file,18,baseline_gaussian_blur,8083,138.Tree_Swallow/Tree_Swallow_0017_135062.jpg,138,137,138.Tree_Swallow,111,110,gaussian_blur,gaussian_blur,0,"{""sigma"":1.853621}",0.12669261,0.016822381,-0.10987023,0.88100445,0.98331833,0.081607245,0.0056401985,0.79939721,0.97767813,0.17828092,0.81846465,0.11596606,27.339782,3.1704867,False,0.98145294,True,True,True,0.81846465,0.11596606,27.339782,3.1704867,0.81591182,0.11545274,27.019042,3.1194224,0.91982831,0.13572807,4.1755275,0.56673628,0.67715602,0.13557727,6.5659296,0.89019081,0.7404406,0.10658969,14.142827,1.5074796,0.85201766,0.11847969,14.941803,1.7703001,0.87021043,0.11448418,12.673734,1.450942,0.86485194,0.11768132,10.149711,1.1944313
0b_gaussian_blur_best,file,18,baseline_gaussian_blur,1436,026.Bronzed_Cowbird/Bronzed_Cowbird_0002_796244.jpg,26,25,026.Bronzed_Cowbird,108,107,identity,identity,0,{},3.0673487,3.0673487,0,0.046544399,0.046544399,0.8375603,0.8375603,-0.7910159,-0.7910159,0,1,1,249.47279,249.47279,False,0.99999994,True,False,False,1,1,249.47279,249.47279,1,1,245.75441,245.75441,1,1,42.912018,42.912018,1,1,71.715309,71.715309,1,1,98.344417,98.344417,1,1,107.12345,107.12345,1,1,127.33377,127.33377,1,1,133.75798,133.75798
0b_gaussian_blur_best,file,18,baseline_gaussian_blur,1436,026.Bronzed_Cowbird/Bronzed_Cowbird_0002_796244.jpg,26,25,026.Bronzed_Cowbird,108,107,gaussian_blur,gaussian_blur,0,"{""sigma"":1.447722}",3.0673487,2.9713104,-0.096038342,0.046544399,0.051236127,0.8375603,0.80666208,-0.7910159,-0.75542596,0.035589941,0.82832906,0.85585671,249.47279,213.51296,False,0.98800737,True,False,False,0.82832906,0.85585671,249.47279,213.51296,0.8230223,0.85194507,245.75441,209.36926,0.98768454,0.97549485,42.912018,41.860453,0.39338493,0.85083745,71.715309,61.018071,0.78456385,0.87896138,98.344417,86.440944,0.8185552,0.84320516,107.12345,90.327049,0.87391712,0.82021244,127.33377,104.44074,0.92494088,0.87101298,133.75798,116.50494
0b_gaussian_blur_best,file,18,baseline_gaussian_blur,5050,087.Mallard/Mallard_0053_75985.jpg,87,86,087.Mallard,137,136,identity,identity,0,{},1.4621351,1.4621351,0,0.23174098,0.23174098,0.098292343,0.098292343,0.13344864,0.13344864,0,1,1,91.734229,91.734229,False,1,True,True,True,1,1,91.734229,91.734229,1,1,89.537289,89.537289,1,1,19.95602,19.95602,1,1,18.542767,18.542767,1,1,29.86072,29.86072,1,1,42.902815,42.902815,1,1,45.275778,45.275778,1,1,53.76692,53.76692
0b_gaussian_blur_best,file,18,baseline_gaussian_blur,5050,087.Mallard/Mallard_0053_75985.jpg,87,86,087.Mallard,137,136,gaussian_blur,gaussian_blur,0,"{""sigma"":1.702987}",1.4621351,2.368114,0.90597892,0.23174098,0.093657203,0.098292343,0.078064047,0.13344864,0.015593156,-0.11785548,0.75573082,1.2443903,91.734229,114.15318,False,0.96816313,True,True,True,0.75573082,1.2443903,91.734229,114.15318,0.74620443,1.248629,89.537289,111.79885,0.96507277,1.1557599,19.95602,23.064368,0.59092822,1.8851626,18.542767,34.956131,0.54943049,1.3276871,29.86072,39.645693,0.74857808,1.2672634,42.902815,54.369165,0.77274239,1.2225146,45.275778,55.3503,0.84356407,1.1291185,53.76692,60.709225
0b_gaussian_blur_best,file,18,baseline_gaussian_blur,6935,119.Field_Sparrow/Field_Sparrow_0102_113595.jpg,119,118,119.Field_Sparrow,115,114,identity,identity,0,{},1.2863142,1.2863142,0,0.27628726,0.27628726,0.090244561,0.090244561,0.1860427,0.1860427,0,1,1,92.148053,92.148053,False,1,True,True,True,1,1,92.148053,92.148053,1,1,90.881209,90.881209,1,1,15.227262,15.227262,1,1,19.958374,19.958374,1,1,36.34217,36.34217,1,1,49.514404,49.514404,1,1,44.361869,44.361869,1,1,46.050543,46.050543
0b_gaussian_blur_best,file,18,baseline_gaussian_blur,6935,119.Field_Sparrow/Field_Sparrow_0102_113595.jpg,119,118,119.Field_Sparrow,115,114,gaussian_blur,gaussian_blur,0,"{""sigma"":1.392647}",1.2863142,1.7367682,0.450454,0.27628726,0.17608856,0.090244561,0.12964481,0.1860427,0.046443745,-0.13959895,0.7607758,0.9977531,92.148053,91.941006,False,0.97140825,True,True,True,0.7607758,0.9977531,92.148053,91.941006,0.75426923,0.99329676,90.881209,90.27201,0.96927281,1.1452373,15.227262,17.438828,0.53711236,0.83916288,19.958374,16.748327,0.58989243,0.96437874,36.34217,35.047616,0.74329574,0.96155099,49.514404,47.610624,0.78880362,1.0146628,44.361869,45.012337,0.86495006,1.0520846,46.050543,48.449066
0b_gaussian_blur_best,file,18,baseline_gaussian_blur,11423,194.Cactus_Wren/Cactus_Wren_0098_185637.jpg,194,193,194.Cactus_Wren,92,91,identity,identity,0,{},0.014482969,0.014482969,0,0.98562139,0.98562139,0.0051478017,0.0051478017,0.98047359,0.98047359,0,1,1,2.6997103,2.6997103,False,1.0000001,True,True,True,1,1,2.6997103,2.6997103,1,1,2.6596401,2.6596401,1,1,0.46341173,0.46341173,1,1,0.45302138,0.45302138,1,1,1.2221801,1.2221801,1,1,1.6153093,1.6153093,1,1,1.2381957,1.2381957,1,1,1.1101263,1.1101263
0b_gaussian_blur_best,file,18,baseline_gaussian_blur,11423,194.Cactus_Wren/Cactus_Wren_0098_185637.jpg,194,193,194.Cactus_Wren,92,91,gaussian_blur,gaussian_blur,0,"{""sigma"":1.922994}",0.014482969,0.01934647,0.0048635006,0.98562139,0.98083949,0.0051478017,0.0057035945,0.98047359,0.9751359,-0.0053376947,0.73582588,1.6656687,2.6997103,4.4968229,False,0.97061515,True,True,True,0.73582588,1.6656687,2.6997103,4.4968229,0.73039506,1.6728956,2.6596401,4.4493003,0.95928686,1.4070217,0.46341173,0.65203037,0.39549769,3.6051819,0.45302138,1.6332245,0.67084469,1.6174668,1.2221801,1.9768357,0.7977482,1.6229725,1.6153093,2.6216024,0.78221105,1.5348352,1.2381957,1.9004264,0.82273603,1.4901481,1.1101263,1.6542525
0b_gaussian_blur_best,file,18,baseline_gaussian_blur,11347,193.Bewick_Wren/Bewick_Wren_0010_185142.jpg,193,192,193.Bewick_Wren,195,194,identity,identity,0,{},1.2697575,1.2697575,0,0.28089973,0.28089973,0.59441072,0.59441072,-0.31351098,-0.31351098,0,1,1,147.00611,147.00611,False,1.0000001,True,False,False,1,1,147.00611,147.00611,1,1,144.22706,144.22706,1,1,28.449102,28.449102,1,1,32.772279,32.772279,1,1,75.461218,75.461218,1,1,71.817805,71.817805,1,1,65.626455,65.626455,1,1,67.589935,67.589935
0b_gaussian_blur_best,file,18,baseline_gaussian_blur,11347,193.Bewick_Wren/Bewick_Wren_0010_185142.jpg,193,192,193.Bewick_Wren,195,194,gaussian_blur,gaussian_blur,0,"{""sigma"":1.814638}",1.2697575,0.90104896,-0.36870855,0.28089973,0.40614343,0.59441072,0.43557516,-0.31351098,-0.029431731,0.28407925,0.77116164,0.81945781,147.00611,120.46531,False,0.98096114,True,False,False,0.77116164,0.81945781,147.00611,120.46531,0.76377774,0.82155731,144.22706,118.4908,0.97736197,0.76351938,28.449102,21.721441,0.50885633,1.4593519,32.772279,47.826288,0.68093388,0.74835126,75.461218,56.471497,0.82027063,0.79089228,71.817805,56.800148,0.85179187,0.78504786,65.626455,51.519908,0.89322826,0.76637024,67.589935,51.798915
0b_gaussian_blur_best,file,18,baseline_gaussian_blur,10212,174.Palm_Warbler/Palm_Warbler_0054_169175.jpg,174,173,174.Palm_Warbler,91,90,identity,identity,0,{},0.31368265,0.31368265,0,0.73075086,0.73075086,0.030111073,0.030111073,0.70063979,0.70063979,0,1,1,37.149755,37.149755,False,1,True,True,True,1,1,37.149755,37.149755,1,1,36.475775,36.475775,1,1,7.0443,7.0443,1,1,6.2797884,6.2797884,1,1,15.882261,15.882261,1,1,20.816436,20.816436,1,1,16.359877,16.359877,1,1,18.38017,18.38017
0b_gaussian_blur_best,file,18,baseline_gaussian_blur,10212,174.Palm_Warbler/Palm_Warbler_0054_169175.jpg,174,173,174.Palm_Warbler,91,90,gaussian_blur,gaussian_blur,0,"{""sigma"":1.588977}",0.31368265,0.88841462,0.57473198,0.73075086,0.41130733,0.030111073,0.10460776,0.70063979,0.30669957,-0.39394021,0.77130265,2.1835644,37.149755,81.118882,False,0.96253121,True,True,True,0.77130265,2.1835644,37.149755,81.118882,0.76398259,2.1785343,36.475775,79.463725,0.95740878,2.3143601,7.0443,16.303047,0.42677142,2.7280115,6.2797884,17.131335,0.60630282,2.2347353,15.882261,35.492651,0.82433306,2.0676992,20.816436,43.042127,0.78541783,2.2119347,16.359877,36.186978,0.84780829,2.1756808,18.38017,39.989382
0b_gaussian_blur_best,file,18,baseline_gaussian_blur,6587,113.Baird_Sparrow/Baird_Sparrow_0045_794571.jpg,113,112,113.Baird_Sparrow,131,130,identity,identity,0,{},0.0015324526,0.0015324526,0,0.9984687,0.9984687,0.00060869375,0.00060869375,0.99786,0.99786,0,1,1,0.20948343,0.20948343,False,1.0000001,True,True,True,1,1,0.20948343,0.20948343,1,1,0.20111363,0.20111363,1,1,0.058622655,0.058622655,1,1,0.032445302,0.032445302,1,1,0.091043218,0.091043218,1,1,0.1120278,0.1120278,1,1,0.09288038,0.09288038,1,1,0.09964003,0.09964003
0b_gaussian_blur_best,file,18,baseline_gaussian_blur,6587,113.Baird_Sparrow/Baird_Sparrow_0045_794571.jpg,113,112,113.Baird_Sparrow,131,130,gaussian_blur,gaussian_blur,0,"{""sigma"":1.667431}",0.0015324526,0.0023977598,0.00086530717,0.9984687,0.99760509,0.00060869375,0.00027599686,0.99786,0.99732909,-0.00053091481,0.64512535,1.8936059,0.20948343,0.39667907,False,0.97936434,True,True,True,0.64512535,1.8936059,0.20948343,0.39667907,0.6290504,1.9245722,0.20111363,0.3870577,0.91178281,1.4812833,0.058622655,0.086836762,0.45552579,3.6330882,0.032445302,0.11787664,0.51566832,2.0425556,0.091043218,0.18596084,0.63352297,1.9640822,0.1120278,0.22003181,0.66342448,1.7525296,0.09288038,0.16277561,0.79318399,1.6315246,0.09964003,0.16256516
0b_gaussian_blur_best,file,18,baseline_gaussian_blur,6137,105.Whip_poor_Will/Whip_Poor_Will_0003_796409.jpg,105,104,105.Whip_poor_Will,22,21,identity,identity,0,{},0.24877971,0.24877971,0,0.77975172,0.77975172,0.21512435,0.21512435,0.56462736,0.56462736,0,1,1,58.609215,58.609215,False,1,True,True,True,1,1,58.609215,58.609215,1,1,57.645962,57.645962,1,1,10.582212,10.582212,1,1,11.679541,11.679541,1,1,26.418564,26.418564,1,1,31.585433,31.585433,1,1,30.220073,30.220073,1,1,24.037727,24.037727
0b_gaussian_blur_best,file,18,baseline_gaussian_blur,6137,105.Whip_poor_Will/Whip_Poor_Will_0003_796409.jpg,105,104,105.Whip_poor_Will,22,21,gaussian_blur,gaussian_blur,0,"{""sigma"":1.302931}",0.24877971,0.22590007,-0.022879645,0.77975172,0.7977978,0.21512435,0.19413722,0.56462736,0.60366058,0.039033219,0.85712228,0.94861701,58.609215,55.597699,False,0.98516637,True,True,True,0.85712228,0.94861701,58.609215,55.597699,0.85277607,0.94835863,57.645962,54.669046,0.98505817,0.95625248,10.582212,10.119266,0.78982276,1.2741697,11.679541,14.881717,0.76789253,1.0089881,26.418564,26.656018,0.8505255,0.9222131,31.585433,29.1285,0.9069873,0.89104693,30.220073,26.927503,0.92525166,0.91441052,24.037727,21.98035
0b_gaussian_blur_best,file,18,baseline_gaussian_blur,11074,189.Red_bellied_Woodpecker/Red_Bellied_Woodpecker_0066_182253.jpg,189,188,189.Red_bellied_Woodpecker,36,35,identity,identity,0,{},0.00024804377,0.00024804377,0,0.99975199,0.99975199,5.3981916e-05,5.3981916e-05,0.999698,0.999698,0,1,1,0.030084593,0.030084593,False,1,True,True,True,1,1,0.030084593,0.030084593,1,1,0.029108301,0.029108301,1,1,0.0076019447,0.0076019447,1,1,0.004632913,0.004632913,1,1,0.009659125,0.009659125,1,1,0.010882307,0.010882307,1,1,0.013705957,0.013705957,1,1,0.020645889,0.020645889
0b_gaussian_blur_best,file,18,baseline_gaussian_blur,11074,189.Red_bellied_Woodpecker/Red_Bellied_Woodpecker_0066_182253.jpg,189,188,189.Red_bellied_Woodpecker,36,35,gaussian_blur,gaussian_blur,0,"{""sigma"":1.964457}",0.00024804377,0.00026615892,1.8115155e-05,0.99975199,0.99973387,5.3981916e-05,0.00013102847,0.999698,0.99960284,-9.5166368e-05,0.72607302,1.3773999,0.030084593,0.041438515,False,0.98257363,True,True,True,0.72607302,1.3773999,0.030084593,0.041438515,0.71318438,1.3884457,0.029108301,0.040415296,0.95099959,1.2038685,0.0076019447,0.0091517415,0.69243499,3.1575836,0.004632913,0.01462881,0.62600555,1.6258803,0.009659125,0.015704581,0.64067544,1.7334611,0.010882307,0.018864056,0.71290205,1.3310911,0.013705957,0.018243878,0.85270378,1.0656629,0.020645889,0.022001558
0b_gaussian_blur_best,file,18,baseline_gaussian_blur,7561,129.Song_Sparrow/Song_Sparrow_0135_121261.jpg,129,128,129.Song_Sparrow,127,126,identity,identity,0,{},0.26142323,0.26142323,0,0.76995498,0.76995498,0.13260302,0.13260302,0.63735196,0.63735196,0,1,1,66.051447,66.051447,False,1,True,True,True,1,1,66.051447,66.051447,1,1,65.388647,65.388647,1,1,9.3337262,9.3337262,1,1,10.658003,10.658003,1,1,39.558298,39.558298,1,1,35.967446,35.967446,1,1,27.000835,27.000835,1,1,23.969166,23.969166
0b_gaussian_blur_best,file,18,baseline_gaussian_blur,7561,129.Song_Sparrow/Song_Sparrow_0135_121261.jpg,129,128,129.Song_Sparrow,127,126,gaussian_blur,gaussian_blur,0,"{""sigma"":1.494257}",0.26142323,0.042356346,-0.21906688,0.76995498,0.95852816,0.13260302,0.013825385,0.63735196,0.94470278,0.30735082,0.86331338,0.18908759,66.051447,12.489509,False,0.98574251,True,True,True,0.86331338,0.18908759,66.051447,12.489509,0.86160305,0.18941892,65.388647,12.385847,0.9596571,0.17204429,9.3337262,1.6058143,0.7646468,0.27776093,10.658003,2.9603767,0.84588314,0.19359498,39.558298,7.6582877,0.87948397,0.19160466,35.967446,6.8915301,0.87515169,0.17022146,27.000835,4.5961214,0.90889209,0.17392136,23.969166,4.16875
0b_gaussian_blur_best,file,18,baseline_gaussian_blur,5796,099.Ovenbird/Ovenbird_0054_92594.jpg,99,98,099.Ovenbird,37,36,identity,identity,0,{},0.0098255565,0.0098255565,0,0.99022257,0.99022257,0.0022819033,0.0022819033,0.98794067,0.98794067,0,1,1,1.474852,1.474852,False,1,True,True,True,1,1,1.474852,1.474852,1,1,1.4487847,1.4487847,1,1,0.27606404,0.27606404,1,1,0.29195576,0.29195576,1,1,0.78481801,0.78481801,1,1,0.74604358,0.74604358,1,1,0.63360708,0.63360708,1,1,0.6631445,0.6631445
0b_gaussian_blur_best,file,18,baseline_gaussian_blur,5796,099.Ovenbird/Ovenbird_0054_92594.jpg,99,98,099.Ovenbird,37,36,gaussian_blur,gaussian_blur,0,"{""sigma"":1.001581}",0.0098255565,0.0052120523,-0.0046135043,0.99022257,0.99480152,0.0022819033,0.0022069928,0.98794067,0.99259453,0.0046538585,0.86892842,0.56663463,1.474852,0.83570222,False,0.99266195,True,True,True,0.86892842,0.56663463,1.474852,0.83570222,0.86482825,0.56507861,1.4487847,0.81867723,0.97612893,0.60792665,0.27606404,0.16782669,0.82978278,0.80477303,0.29195576,0.23495812,0.83055413,0.5203408,0.78481801,0.40837283,0.87008582,0.55437579,0.74604358,0.41358849,0.87959874,0.58810639,0.63360708,0.37262837,0.91829316,0.56089758,0.6631445,0.37195615
0b_gaussian_blur_best,file,18,baseline_gaussian_blur,2455,043.Yellow_bellied_Flycatcher/Yellow_Bellied_Flycatcher_0049_42593.jpg,43,42,043.Yellow_bellied_Flycatcher,119,118,identity,identity,0,{},2.2250013,2.2250013,0,0.10806727,0.10806727,0.11939514,0.11939514,-0.011327863,-0.011327863,0,1,1,131.24575,131.24575,False,1,True,False,False,1,1,131.24575,131.24575,1,1,128.45804,128.45804,1,1,26.906855,26.906855,1,1,28.377102,28.377102,1,1,67.80819,67.80819,1,1,65.058177,65.058177,1,1,58.444916,58.444916,1,1,58.735697,58.735697
0b_gaussian_blur_best,file,18,baseline_gaussian_blur,2455,043.Yellow_bellied_Flycatcher/Yellow_Bellied_Flycatcher_0049_42593.jpg,43,42,043.Yellow_bellied_Flycatcher,119,118,gaussian_blur,gaussian_blur,0,"{""sigma"":1.861429}",2.2250013,3.7301302,1.5051289,0.10806727,0.023989709,0.11939514,0.03494015,-0.011327863,-0.010950441,0.0003774222,0.69180469,1.3460463,131.24575,176.66285,False,0.96002227,False,False,False,0.69180469,1.3460463,131.24575,176.66285,0.68237091,1.3523585,128.45804,173.72132,0.94074779,1.1931532,26.906855,32.104002,0.55613059,2.4160855,28.377102,68.561506,0.61192704,1.3093737,67.80819,88.78626,0.71133659,1.3775506,65.058177,89.620934,0.7504668,1.2075989,58.444916,70.578015,0.80950045,1.1524901,58.735697,67.692309
0b_gaussian_blur_best,file,18,baseline_gaussian_blur,10437,178.Swainson_Warbler/Swainson_Warbler_0034_794890.jpg,178,177,178.Swainson_Warbler,37,36,identity,identity,0,{},0.43366706,0.43366706,0,0.64812803,0.64812803,0.055285875,0.055285875,0.59284216,0.59284216,0,1,1,79.461695,79.461695,False,1,True,True,True,1,1,79.461695,79.461695,1,1,78.60889,78.60889,1,1,11.610484,11.610484,1,1,18.92845,18.92845,1,1,40.156725,40.156725,1,1,44.185332,44.185332,1,1,34.92657,34.92657,1,1,32.191614,32.191614
0b_gaussian_blur_best,file,18,baseline_gaussian_blur,10437,178.Swainson_Warbler/Swainson_Warbler_0034_794890.jpg,178,177,178.Swainson_Warbler,37,36,gaussian_blur,gaussian_blur,0,"{""sigma"":1.6368}",0.43366706,0.88936907,0.45570201,0.64812803,0.41091493,0.055285875,0.1075081,0.59284216,0.30340683,-0.28943533,0.84244437,2.1120435,79.461695,167.82656,False,0.96401536,True,True,True,0.84244437,2.1120435,79.461695,167.82656,0.84097762,2.1209462,78.60889,166.72523,0.95453052,1.6532554,11.610484,19.195096,0.78978741,2.8433319,18.92845,53.819866,0.7720259,2.0978562,40.156725,84.243035,0.88627868,2.1435938,44.185332,94.715403,0.86406197,2.0528673,34.92657,71.699613,0.88584742,1.8875029,32.191614,60.761764
0b_gaussian_blur_best,file,18,baseline_gaussian_blur,5857,100.Brown_Pelican/Brown_Pelican_0011_94683.jpg,100,99,100.Brown_Pelican,25,24,identity,identity,0,{},0.54705191,0.54705191,0,0.57865322,0.57865322,0.20783953,0.20783953,0.37081368,0.37081368,0,1,1,78.770041,78.770041,False,1,True,True,True,1,1,78.770041,78.770041,1,1,77.252112,77.252112,1,1,15.389298,15.389298,1,1,17.421271,17.421271,1,1,32.006744,32.006744,1,1,40.438204,40.438204,1,1,37.896515,37.896515,1,1,39.60508,39.60508
0b_gaussian_blur_best,file,18,baseline_gaussian_blur,5857,100.Brown_Pelican/Brown_Pelican_0011_94683.jpg,100,99,100.Brown_Pelican,25,24,gaussian_blur,gaussian_blur,0,"{""sigma"":1.858462}",0.54705191,0.68464613,0.13759422,0.57865322,0.50426865,0.20783953,0.22203368,0.37081368,0.28223497,-0.088578716,0.82402622,1.35572,78.770041,106.79012,False,0.98784137,True,True,True,0.82402622,1.35572,78.770041,106.79012,0.81843874,1.3607052,77.252112,105.11735,0.98512977,1.2234115,15.389298,18.827444,0.77626911,2.0957672,17.421271,36.510929,0.71524925,1.4304288,32.006744,45.783367,0.84242998,1.4138437,40.438204,57.173299,0.85653966,1.2319482,37.896515,46.686544,0.88912983,1.1767557,39.60508,46.605505
0b_gaussian_blur_best,file,18,baseline_gaussian_blur,3092,054.Blue_Grosbeak/Blue_Grosbeak_0067_36965.jpg,54,53,054.Blue_Grosbeak,14,13,identity,identity,0,{},0.029811282,0.029811282,0,0.97062868,0.97062868,0.027361134,0.027361134,0.94326754,0.94326754,0,1,1,5.1141836,5.1141836,False,0.99999988,True,True,True,1,1,5.1141836,5.1141836,1,1,4.9668329,4.9668329,1,1,1.2187882,1.2187882,1,1,1.3864825,1.3864825,1,1,2.2790237,2.2790237,1,1,2.6609686,2.6609686,1,1,2.2828558,2.2828558,1,1,2.2936787,2.2936787
0b_gaussian_blur_best,file,18,baseline_gaussian_blur,3092,054.Blue_Grosbeak/Blue_Grosbeak_0067_36965.jpg,54,53,054.Blue_Grosbeak,14,13,gaussian_blur,gaussian_blur,0,"{""sigma"":1.285089}",0.029811282,0.022856826,-0.0069544557,0.97062868,0.97740239,0.027361134,0.02077383,0.94326754,0.95662856,0.013361014,0.87428928,0.69803173,5.1141836,3.5698624,False,0.99269158,True,True,True,0.87428928,0.69803173,5.1141836,3.5698624,0.86668406,0.69367834,4.9668329,3.4453844,0.99267076,0.76672483,1.2187882,0.93447514,0.74770136,0.49583446,1.3864825,0.6874658,0.76314512,0.6157059,2.2790237,1.4032083,0.90563094,0.72174354,2.6609686,1.9205369,0.8981335,0.71598205,2.2828558,1.6344838,0.92047007,0.76378467,2.2936787,1.7518766
0b_gaussian_blur_best,file,18,baseline_gaussian_blur,275,005.Crested_Auklet/Crested_Auklet_0075_785259.jpg,5,4,005.Crested_Auklet,89,88,identity,identity,0,{},7.3192053,7.3192053,0,0.00066268863,0.00066268863,0.77538204,0.77538204,-0.77471935,-0.77471935,0,1,1,168.83468,168.83468,False,1.0000001,True,False,False,1,1,168.83468,168.83468,1,1,166.37225,166.37225,1,1,28.730181,28.730181,1,1,30.354288,30.354288,1,1,84.673305,84.673305,1,1,79.359327,79.359327,1,1,76.355454,76.355454,1,1,86.37544,86.37544
0b_gaussian_blur_best,file,18,baseline_gaussian_blur,275,005.Crested_Auklet/Crested_Auklet_0075_785259.jpg,5,4,005.Crested_Auklet,89,88,gaussian_blur,gaussian_blur,0,"{""sigma"":1.778084}",7.3192053,7.9475846,0.62837934,0.00066268863,0.00035351497,0.77538204,0.65110308,-0.77471935,-0.65074956,0.12396979,0.70181885,1.1056437,168.83468,186.67101,False,0.95589542,True,False,False,0.70181885,1.1056437,168.83468,186.67101,0.69474942,1.1066641,166.37225,184.1182,0.94717908,1.0708641,28.730181,30.766119,0.67710381,2.2535404,30.354288,68.404613,0.5553719,1.0629359,84.673305,90.002297,0.69642482,1.0814476,79.359327,85.822952,0.74726377,1.0378142,76.355454,79.242778,0.85416303,1.0009507,86.37544,86.457559
0b_gaussian_blur_best,file,18,baseline_gaussian_blur,823,015.Lazuli_Bunting/Lazuli_Bunting_0031_15018.jpg,15,14,015.Lazuli_Bunting,54,53,identity,identity,0,{},0.0033533315,0.0033533315,0,0.99665231,0.99665231,0.00036293862,0.00036293862,0.99628937,0.99628937,0,1,1,0.42872835,0.42872835,False,0.99999988,True,True,True,1,1,0.42872835,0.42872835,1,1,0.41936182,0.41936182,1,1,0.089127233,0.089127233,1,1,0.062827386,0.062827386,1,1,0.14053531,0.14053531,1,1,0.16874774,0.16874774,1,1,0.2063661,0.2063661,1,1,0.28478783,0.28478783
0b_gaussian_blur_best,file,18,baseline_gaussian_blur,823,015.Lazuli_Bunting/Lazuli_Bunting_0031_15018.jpg,15,14,015.Lazuli_Bunting,54,53,gaussian_blur,gaussian_blur,0,"{""sigma"":1.176957}",0.0033533315,0.0022515918,-0.0011017397,0.99665231,0.99775094,0.00036293862,0.00024326421,0.99628937,0.99750767,0.0012183072,0.86196135,0.69502715,0.42872835,0.29797784,False,0.9935261,True,True,True,0.86196135,0.69502715,0.42872835,0.29797784,0.85606364,0.69461521,0.41936182,0.2912951,0.99084977,0.70408536,0.089127233,0.06275318,0.61645576,0.90175778,0.062827386,0.056655084,0.71700701,0.71805431,0.14053531,0.10091198,0.75416523,0.7064664,0.16874774,0.11921461,0.85935032,0.66765229,0.2063661,0.1377808,0.94432741,0.68686994,0.28478783,0.1956122
0b_gaussian_blur_best,file,18,baseline_gaussian_blur,10795,184.Louisiana_Waterthrush/Louisiana_Waterthrush_0026_177503.jpg,184,183,184.Louisiana_Waterthrush,183,182,identity,identity,0,{},0.93760026,0.93760026,0,0.39156637,0.39156637,0.20617791,0.20617791,0.18538846,0.18538846,0,1,1,100.04687,100.04687,False,0.99999994,True,True,True,1,1,100.04687,100.04687,1,1,98.409159,98.409159,1,1,18.028156,18.028156,1,1,22.730228,22.730228,1,1,46.738391,46.738391,1,1,54.84382,54.84382,1,1,45.922056,45.922056,1,1,43.203499,43.203499
0b_gaussian_blur_best,file,18,baseline_gaussian_blur,10795,184.Louisiana_Waterthrush/Louisiana_Waterthrush_0026_177503.jpg,184,183,184.Louisiana_Waterthrush,183,182,gaussian_blur,gaussian_blur,0,"{""sigma"":1.617197}",0.93760026,0.51098502,-0.42661524,0.39156637,0.59990436,0.20617791,0.31936306,0.18538846,0.2805413,0.09515284,0.67175353,0.74134036,100.04687,74.168785,False,0.9640609,True,True,True,0.67175353,0.74134036,100.04687,74.168785,0.66315777,0.73796014,98.409159,72.622037,0.90291591,0.83581076,18.028156,15.068127,0.55916027,0.7312362,22.730228,16.621166,0.56375153,0.75840661,46.738391,35.446705,0.66451382,0.75814525,54.84382,41.579582,0.7081483,0.73198704,45.922056,33.61435,0.76801316,0.68758153,43.203499,29.705928
0b_gaussian_blur_best,file,18,baseline_gaussian_blur,7766,133.White_throated_Sparrow/White_Throated_Sparrow_0108_129184.jpg,133,132,133.White_throated_Sparrow,118,117,identity,identity,0,{},0.52144593,0.52144593,0,0.59366155,0.59366155,0.19591361,0.19591361,0.39774793,0.39774793,0,1,1,74.879919,74.879919,False,1,True,True,True,1,1,74.879919,74.879919,1,1,72.941203,72.941203,1,1,16.928768,16.928768,1,1,18.811514,18.811514,1,1,33.273003,33.273003,1,1,40.001353,40.001353,1,1,34.418296,34.418296,1,1,32.783013,32.783013
0b_gaussian_blur_best,file,18,baseline_gaussian_blur,7766,133.White_throated_Sparrow/White_Throated_Sparrow_0108_129184.jpg,133,132,133.White_throated_Sparrow,118,117,gaussian_blur,gaussian_blur,0,"{""sigma"":1.040608}",0.52144593,1.1464024,0.62495643,0.59366155,0.31777799,0.19591361,0.31338343,0.39774793,0.0043945611,-0.39335337,0.84315228,1.768398,74.879919,132.4175,False,0.99095708,True,True,True,0.84315228,1.768398,74.879919,132.4175,0.83586822,1.773931,72.941203,129.39266,0.98915368,1.6623365,16.928768,28.141309,0.79091166,1.8501062,18.811514,34.803298,0.76083052,2.0345053,33.273003,67.694099,0.85449864,1.7605384,40.001353,70.423917,0.87312072,1.6274857,34.418296,56.015284,0.8951163,1.6288639,32.783013,53.399068
0b_gaussian_blur_best,file,18,baseline_gaussian_blur,744,014.Indigo_Bunting/Indigo_Bunting_0056_12637.jpg,14,13,014.Indigo_Bunting,73,72,identity,identity,0,{},0.50806642,0.50806642,0,0.60165781,0.60165781,0.2389805,0.2389805,0.36267731,0.36267731,0,1,1,87.837145,87.837145,False,0.99999994,True,True,True,1,1,87.837145,87.837145,1,1,86.809306,86.809306,1,1,13.398072,13.398072,1,1,12.067129,12.067129,1,1,34.443143,34.443143,1,1,46.984241,46.984241,1,1,45.056688,45.056688,1,1,44.342823,44.342823
0b_gaussian_blur_best,file,18,baseline_gaussian_blur,744,014.Indigo_Bunting/Indigo_Bunting_0056_12637.jpg,14,13,014.Indigo_Bunting,73,72,gaussian_blur,gaussian_blur,0,"{""sigma"":1.311377}",0.50806642,0.60746604,0.099399626,0.60165781,0.54472947,0.2389805,0.1430942,0.36267731,0.40163527,0.038957968,0.78133293,0.98737996,87.837145,86.728636,False,0.97953832,True,True,True,0.78133293,0.98737996,87.837145,86.728636,0.77736337,0.98322204,86.809306,85.352824,0.93319015,1.1484297,13.398072,15.386744,0.49239662,1.4256473,12.067129,17.203469,0.59210976,1.0002014,34.443143,34.450079,0.78689551,1.0395702,46.984241,48.843415,0.82987276,0.91377754,45.056688,41.171789,0.87492052,0.93569743,44.342823,41.491466
0b_gaussian_blur_best,file,18,baseline_gaussian_blur,11685,199.Winter_Wren/Winter_Wren_0081_190049.jpg,199,198,199.Winter_Wren,195,194,identity,identity,0,{},0.06261985,0.06261985,0,0.93930048,0.93930048,0.030194838,0.030194838,0.90910564,0.90910564,0,1,1,9.0204643,9.0204643,False,1,True,True,True,1,1,9.0204643,9.0204643,1,1,8.838044,8.838044,1,1,1.8049252,1.8049252,1,1,1.6437408,1.6437408,1,1,3.6987061,3.6987061,1,1,4.619508,4.619508,1,1,4.4881471,4.4881471,1,1,4.499488,4.499488
0b_gaussian_blur_best,file,18,baseline_gaussian_blur,11685,199.Winter_Wren/Winter_Wren_0081_190049.jpg,199,198,199.Winter_Wren,195,194,gaussian_blur,gaussian_blur,0,"{""sigma"":1.725656}",0.06261985,0.12991962,0.067299768,0.93930048,0.87816602,0.030194838,0.067433484,0.90910564,0.81073254,-0.098373104,0.80212038,2.5336126,9.0204643,22.854362,False,0.98455513,True,True,True,0.80212038,2.5336126,9.0204643,22.854362,0.79703149,2.5535884,8.838044,22.568727,0.98196358,1.9956525,1.8049252,3.6020034,0.63141104,5.0205043,1.6437408,8.2524076,0.68643025,2.9682263,3.6987061,10.978597,0.85511986,2.5666029,4.619508,11.856443,0.87165049,2.1841517,4.4881471,9.8027941,0.9055792,2.037485,4.499488,9.1676395
0b_gaussian_blur_best,file,18,baseline_gaussian_blur,10734,183.Northern_Waterthrush/Northern_Waterthrush_0044_176961.jpg,183,182,183.Northern_Waterthrush,184,183,identity,identity,0,{},0.28746867,0.28746867,0,0.7501601,0.7501601,0.20538765,0.20538765,0.54477245,0.54477245,0,1,1,38.491986,38.491986,False,0.99999988,True,True,True,1,1,38.491986,38.491986,1,1,37.77124,37.77124,1,1,7.4139368,7.4139368,1,1,8.5087757,8.5087757,1,1,18.265213,18.265213,1,1,19.521415,19.521415,1,1,18.025982,18.025982,1,1,17.737745,17.737745
0b_gaussian_blur_best,file,18,baseline_gaussian_blur,10734,183.Northern_Waterthrush/Northern_Waterthrush_0044_176961.jpg,183,182,183.Northern_Waterthrush,184,183,gaussian_blur,gaussian_blur,0,"{""sigma"":1.613726}",0.28746867,0.40065721,0.11318853,0.7501601,0.66987962,0.20538765,0.27477559,0.54477245,0.39510402,-0.14966843,0.73121881,1.5693821,38.491986,60.408636,False,0.98316592,True,True,True,0.73121881,1.5693821,38.491986,60.408636,0.7230433,1.5766506,37.77124,59.552046,0.98310292,1.3672786,7.4139368,10.136917,0.61539889,2.1990944,8.5087757,18.711601,0.51452419,1.6821441,18.265213,30.72472,0.76100577,1.6460304,19.521415,32.132842,0.83412814,1.4233593,18.025982,25.657448,0.89578333,1.3358953,17.737745,23.695771
0b_gaussian_blur_best,file,18,baseline_gaussian_blur,3690,064.Ring_billed_Gull/Ring_Billed_Gull_0118_51322.jpg,64,63,064.Ring_billed_Gull,62,61,identity,identity,0,{},0.022685185,0.022685185,0,0.97757018,0.97757018,0.0054315333,0.0054315333,0.97213864,0.97213864,0,1,1,3.979453,3.979453,False,0.99999994,True,True,True,1,1,3.979453,3.979453,1,1,3.9048402,3.9048402,1,1,0.76698688,0.76698688,1,1,0.66677979,0.66677979,1,1,1.6048493,1.6048493,1,1,2.0332617,2.0332617,1,1,2.0183555,2.0183555,1,1,2.0049261,2.0049261
0b_gaussian_blur_best,file,18,baseline_gaussian_blur,3690,064.Ring_billed_Gull/Ring_Billed_Gull_0118_51322.jpg,64,63,064.Ring_billed_Gull,62,61,gaussian_blur,gaussian_blur,0,"{""sigma"":1.177585}",0.022685185,0.013258272,-0.0094269132,0.97757018,0.98682922,0.0054315333,0.0021835293,0.97213864,0.98464569,0.012507049,0.87449444,0.56430195,3.979453,2.2456131,False,0.98578912,True,True,True,0.87449444,0.56430195,3.979453,2.2456131,0.87022267,0.56198861,3.9048402,2.1944757,0.97887315,0.62126514,0.76698688,0.47650222,0.76383477,0.80600243,0.66677979,0.53742613,0.77338027,0.56774726,1.6048493,0.91114877,0.87351962,0.52493056,2.0332617,1.0673212,0.9005868,0.54946959,2.0183555,1.109025,0.92674143,0.5746908,2.0049261,1.1522126
0b_gaussian_blur_best,file,18,baseline_gaussian_blur,9269,158.Bay_breasted_Warbler/Bay_Breasted_Warbler_0045_797135.jpg,158,157,158.Bay_breasted_Warbler,21,20,identity,identity,0,{},0.02166253,0.02166253,0,0.9785704,0.9785704,0.012333442,0.012333442,0.96623696,0.96623696,0,1,1,3.2203722,3.2203722,False,1,True,True,True,1,1,3.2203722,3.2203722,1,1,3.1474301,3.1474301,1,1,0.68152835,0.68152835,1,1,0.43603236,0.43603236,1,1,1.1770268,1.1770268,1,1,1.4758961,1.4758961,1,1,1.623919,1.623919,1,1,1.8749448,1.8749448
0b_gaussian_blur_best,file,18,baseline_gaussian_blur,9269,158.Bay_breasted_Warbler/Bay_Breasted_Warbler_0045_797135.jpg,158,157,158.Bay_breasted_Warbler,21,20,gaussian_blur,gaussian_blur,0,"{""sigma"":1.688188}",0.02166253,0.0030072962,-0.018655233,0.9785704,0.99699724,0.012333442,0.002047576,0.96623696,0.99494966,0.028712702,0.80915759,0.16165072,3.2203722,0.5205755,False,0.98391092,True,True,True,0.80915759,0.16165072,3.2203722,0.5205755,0.80091796,0.16144568,3.1474301,0.50813899,0.98040019,0.16596353,0.68152835,0.11310885,0.55702804,0.23544161,0.43603236,0.10266016,0.65037431,0.15490651,1.1770268,0.18232911,0.79259352,0.16332157,1.4758961,0.24104566,0.80667417,0.16263579,1.623919,0.26410734,0.88548857,0.15692296,1.8749448,0.29422189
0b_gaussian_blur_best,file,18,baseline_gaussian_blur,5852,100.Brown_Pelican/Brown_Pelican_0007_94078.jpg,100,99,100.Brown_Pelican,23,22,identity,identity,0,{},0.0058438163,0.0058438163,0,0.99417323,0.99417323,0.001026307,0.001026307,0.99314692,0.99314692,0,1,1,0.92850174,0.92850174,False,1,True,True,True,1,1,0.92850174,0.92850174,1,1,0.90980661,0.90980661,1,1,0.18538451,0.18538451,1,1,0.2135826,0.2135826,1,1,0.35975713,0.35975713,1,1,0.39299383,0.39299383,1,1,0.47527051,0.47527051,1,1,0.52189955,0.52189955
0b_gaussian_blur_best,file,18,baseline_gaussian_blur,5852,100.Brown_Pelican/Brown_Pelican_0007_94078.jpg,100,99,100.Brown_Pelican,23,22,gaussian_blur,gaussian_blur,0,"{""sigma"":1.237207}",0.0058438163,0.0055733291,-0.00027048727,0.99417323,0.99444216,0.001026307,0.00047831031,0.99314692,0.99396385,0.00081693285,0.80432401,1.0370316,0.92850174,0.96288562,False,0.98104489,True,True,True,0.80432401,1.0370316,0.92850174,0.96288562,0.79783822,1.0398812,0.90980661,0.94609083,0.97462003,0.96585995,0.18538451,0.17905548,0.75666735,1.5118865,0.2135826,0.32291264,0.6354208,0.98168034,0.35975713,0.3531665,0.75688249,1.1276236,0.39299383,0.44314912,0.84345282,0.98525935,0.47527051,0.46826472,0.89709504,0.95887327,0.52189955,0.50043553
0b_gaussian_blur_best,file,18,baseline_gaussian_blur,2966,052.Pied_billed_Grebe/Pied_Billed_Grebe_0032_35931.jpg,52,51,052.Pied_billed_Grebe,51,50,identity,identity,0,{},0.056734826,0.056734826,0,0.9448446,0.9448446,0.013505417,0.013505417,0.93133919,0.93133919,0,1,1,7.0720357,7.0720357,False,1,True,True,True,1,1,7.0720357,7.0720357,1,1,6.9289322,6.9289322,1,1,1.4154815,1.4154815,1,1,1.5487142,1.5487142,1,1,2.7660626,2.7660626,1,1,3.3462236,3.3462236,1,1,3.3245344,3.3245344,1,1,3.9636778,3.9636778
0b_gaussian_blur_best,file,18,baseline_gaussian_blur,2966,052.Pied_billed_Grebe/Pied_Billed_Grebe_0032_35931.jpg,52,51,052.Pied_billed_Grebe,51,50,gaussian_blur,gaussian_blur,0,"{""sigma"":1.301579}",0.056734826,0.025205465,-0.031529361,0.9448446,0.97510952,0.013505417,0.012662887,0.93133919,0.96244663,0.031107444,0.78797025,0.50454909,7.0720357,3.5681892,False,0.98475391,True,True,True,0.78797025,0.50454909,7.0720357,3.5681892,0.78064724,0.50353456,6.9289322,3.4889568,0.95609491,0.52827703,1.4154815,0.74776633,0.62240171,0.48860603,1.5487142,0.75671111,0.6999494,0.50674444,2.7660626,1.4016869,0.72577223,0.49795545,3.3462236,1.6662703,0.79434837,0.49798346,3.3245344,1.6555631,0.8714981,0.51197882,3.9636778,2.0293191
0b_gaussian_blur_best,file,18,baseline_gaussian_blur,2953,052.Pied_billed_Grebe/Pied_Billed_Grebe_0082_35356.jpg,52,51,052.Pied_billed_Grebe,23,22,identity,identity,0,{},0.1357881,0.1357881,0,0.87302762,0.87302762,0.069387451,0.069387451,0.80364017,0.80364017,0,1,1,21.291106,21.291106,False,0.99999988,True,True,True,1,1,21.291106,21.291106,1,1,20.899456,20.899456,1,1,4.0649609,4.0649609,1,1,2.7211806,2.7211806,1,1,7.9421112,7.9421112,1,1,11.731428,11.731428,1,1,10.481224,10.481224,1,1,10.90059,10.90059
0b_gaussian_blur_best,file,18,baseline_gaussian_blur,2953,052.Pied_billed_Grebe/Pied_Billed_Grebe_0082_35356.jpg,52,51,052.Pied_billed_Grebe,23,22,gaussian_blur,gaussian_blur,0,"{""sigma"":1.618922}",0.1357881,0.24752732,0.11173922,0.87302762,0.78072888,0.069387451,0.093958154,0.80364017,0.68677072,-0.11686945,0.79472791,1.6193454,21.291106,34.477655,False,0.98938173,True,True,True,0.79472791,1.6193454,21.291106,34.477655,0.78829305,1.6243749,20.899456,33.948552,0.98471046,1.4802161,4.0649609,6.0170207,0.45113813,2.8915667,2.7211806,7.8684754,0.57540426,1.8141198,7.9421112,14.407942,0.82325291,1.5505052,11.731428,18.18964,0.83965456,1.5833954,10.481224,16.595922,0.89377857,1.5260411,10.90059,16.634748
0b_gaussian_blur_best,file,18,baseline_gaussian_blur,6638,114.Black_throated_Sparrow/Black_Throated_Sparrow_0011_107115.jpg,114,113,114.Black_throated_Sparrow,111,110,identity,identity,0,{},0.0042692949,0.0042692949,0,0.99573982,0.99573982,0.0016314035,0.0016314035,0.99410841,0.99410841,0,1,1,0.65334713,0.65334713,False,1,True,True,True,1,1,0.65334713,0.65334713,1,1,0.63771743,0.63771743,1,1,0.14205266,0.14205266,1,1,0.14500634,0.14500634,1,1,0.24030819,0.24030819,1,1,0.31338108,0.31338108,1,1,0.32662118,0.32662118,1,1,0.35074143,0.35074143
0b_gaussian_blur_best,file,18,baseline_gaussian_blur,6638,114.Black_throated_Sparrow/Black_Throated_Sparrow_0011_107115.jpg,114,113,114.Black_throated_Sparrow,111,110,gaussian_blur,gaussian_blur,0,"{""sigma"":1.363179}",0.0042692949,0.002641167,-0.0016281279,0.99573982,0.99736232,0.0016314035,0.00074144499,0.99410841,0.99662087,0.0025124565,0.81716085,0.70065614,0.65334713,0.45777168,False,0.99122661,True,True,True,0.81716085,0.70065614,0.65334713,0.45777168,0.81010049,0.70452838,0.63771743,0.44929003,0.98634114,0.61746051,0.14205266,0.087711906,0.62101642,0.78132764,0.14500634,0.11329746,0.67947475,0.88537731,0.24030819,0.21276342,0.82296447,0.7436462,0.31338108,0.23304465,0.85072218,0.62870226,0.32662118,0.20534747,0.91792811,0.6199399,0.35074143,0.21743861
0b_gaussian_blur_best,file,18,baseline_gaussian_blur,8966,153.Philadelphia_Vireo/Philadelphia_Vireo_0015_794778.jpg,153,152,153.Philadelphia_Vireo,157,156,identity,identity,0,{},0.3811886,0.3811886,0,0.68304902,0.68304902,0.083761178,0.083761178,0.59928785,0.59928785,0,1,1,49.292637,49.292637,False,1,True,True,True,1,1,49.292637,49.292637,1,1,48.435064,48.435064,1,1,9.1547054,9.1547054,1,1,7.6176743,7.6176743,1,1,18.861309,18.861309,1,1,27.45184,27.45184,1,1,24.73305,24.73305,1,1,23.808617,23.808617
0b_gaussian_blur_best,file,18,baseline_gaussian_blur,8966,153.Philadelphia_Vireo/Philadelphia_Vireo_0015_794778.jpg,153,152,153.Philadelphia_Vireo,157,156,gaussian_blur,gaussian_blur,0,"{""sigma"":1.316071}",0.3811886,0.4420822,0.060893595,0.68304902,0.6426968,0.083761178,0.10884935,0.59928785,0.53384744,-0.065440401,0.85471672,1.2862086,49.292637,63.400616,False,0.98872477,True,True,True,0.85471672,1.2862086,49.292637,63.400616,0.85057796,1.2888176,48.435064,62.423965,0.97963143,1.2108989,9.1547054,11.085423,0.67513978,1.3432732,7.6176743,10.232618,0.74692764,1.5041981,18.861309,28.371145,0.86567397,1.3323287,27.45184,36.574875,0.88262748,1.1891971,24.73305,29.412471,0.91208923,1.1762759,23.808617,28.005503
0b_gaussian_blur_best,file,18,baseline_gaussian_blur,5646,097.Orchard_Oriole/Orchard_Oriole_0006_91724.jpg,97,96,097.Orchard_Oriole,30,29,identity,identity,0,{},0.42811984,0.42811984,0,0.65173328,0.65173328,0.14962764,0.14962764,0.50210564,0.50210564,0,1,1,68.699052,68.699052,False,1,True,True,True,1,1,68.699052,68.699052,1,1,67.854974,67.854974,1,1,10.736027,10.736027,1,1,19.895133,19.895133,1,1,31.391285,31.391285,1,1,32.826185,32.826185,1,1,34.197904,34.197904,1,1,31.241211,31.241211
0b_gaussian_blur_best,file,18,baseline_gaussian_blur,5646,097.Orchard_Oriole/Orchard_Oriole_0006_91724.jpg,97,96,097.Orchard_Oriole,30,29,gaussian_blur,gaussian_blur,0,"{""sigma"":1.999554}",0.42811984,0.17448324,-0.2536366,0.65173328,0.8398909,0.14962764,0.030845035,0.50210564,0.80904586,0.30694022,0.74414119,0.44619429,68.699052,30.653124,False,0.96403903,True,True,True,0.74414119,0.44619429,68.699052,30.653124,0.73943644,0.44628773,67.854974,30.282842,0.93373747,0.44244544,10.736027,4.7501062,0.49718057,0.57968636,19.895133,11.532937,0.66040508,0.43351402,31.391285,13.608562,0.80256127,0.42711295,32.826185,14.020489,0.80263974,0.44070645,34.197904,15.071237,0.82279101,0.42359972,31.241211,13.233768
0b_gaussian_blur_best,file,18,baseline_gaussian_blur,2734,048.European_Goldfinch/European_Goldfinch_0014_794672.jpg,48,47,048.European_Goldfinch,47,46,identity,identity,0,{},0.00053177046,0.00053177046,0,0.99946839,0.99946839,0.00020242235,0.00020242235,0.99926596,0.99926596,0,1,1,0.070002713,0.070002713,False,0.99999994,True,True,True,1,1,0.070002713,0.070002713,1,1,0.067895547,0.067895547,1,1,0.017046246,0.017046246,1,1,0.0096168873,0.0096168873,1,1,0.025179446,0.025179446,1,1,0.026436248,0.026436248,1,1,0.031010017,0.031010017,1,1,0.047146791,0.047146791
0b_gaussian_blur_best,file,18,baseline_gaussian_blur,2734,048.European_Goldfinch/European_Goldfinch_0014_794672.jpg,48,47,048.European_Goldfinch,47,46,gaussian_blur,gaussian_blur,0,"{""sigma"":1.407859}",0.00053177046,0.00037007636,-0.0001616941,0.99946839,0.99962997,0.00020242235,0.00010924476,0.99926596,0.99952073,0.00025476579,0.85244751,0.74591006,0.070002713,0.052215728,False,0.99230808,True,True,True,0.85244751,0.74591006,0.070002713,0.052215728,0.84467253,0.74916627,0.067895547,0.050865054,0.98846292,0.69220596,0.017046246,0.011799513,0.56864427,1.0580617,0.0096168873,0.01017526,0.77158525,0.82962091,0.025179446,0.020889395,0.80426438,0.77802179,0.026436248,0.020567977,0.80375545,0.71265733,0.031010017,0.022099516,0.9235136,0.71486143,0.047146791,0.033703423
0b_gaussian_blur_best,file,18,baseline_gaussian_blur,3949,068.Ruby_throated_Hummingbird/Ruby_Throated_Hummingbird_0055_57781.jpg,68,67,068.Ruby_throated_Hummingbird,67,66,identity,identity,0,{},1.0771985,1.0771985,0,0.34054825,0.34054825,0.12566794,0.12566794,0.2148803,0.2148803,0,1,1,78.344962,78.344962,False,0.99999988,True,True,True,1,1,78.344962,78.344962,1,1,76.675467,76.675467,1,1,16.08744,16.08744,1,1,17.012132,17.012132,1,1,24.687951,24.687951,1,1,35.771241,35.771241,1,1,39.762566,39.762566,1,1,46.038858,46.038858
0b_gaussian_blur_best,file,18,baseline_gaussian_blur,3949,068.Ruby_throated_Hummingbird/Ruby_Throated_Hummingbird_0055_57781.jpg,68,67,068.Ruby_throated_Hummingbird,67,66,gaussian_blur,gaussian_blur,0,"{""sigma"":1.032735}",1.0771985,1.3517386,0.27454007,0.34054825,0.25878996,0.12566794,0.11268861,0.2148803,0.14610135,-0.068778954,0.9033443,1.0884793,78.344962,85.276867,False,0.9932549,True,True,True,0.9033443,1.0884793,78.344962,85.276867,0.89951936,1.0886206,76.675467,83.47049,0.99050584,1.0852647,16.08744,17.459131,0.8355092,1.0498242,17.012132,17.859749,0.80355966,1.0996712,24.687951,27.148629,0.88951061,1.0983415,35.771241,39.28904,0.90842733,1.0798726,39.762566,42.938507,0.93537788,1.091231,46.038858,50.239028
0b_gaussian_blur_best,file,18,baseline_gaussian_blur,8324,142.Black_Tern/Black_Tern_0082_144372.jpg,142,141,142.Black_Tern,72,71,identity,identity,0,{},2.0352182,2.0352182,0,0.13065197,0.13065197,0.6075868,0.6075868,-0.47693484,-0.47693484,0,1,1,137.66503,137.66503,False,1,True,False,False,1,1,137.66503,137.66503,1,1,134.87463,134.87463,1,1,27.577046,27.577046,1,1,40.002208,40.002208,1,1,52.55231,52.55231,1,1,61.833234,61.833234,1,1,70.087248,70.087248,1,1,71.36997,71.36997
0b_gaussian_blur_best,file,18,baseline_gaussian_blur,8324,142.Black_Tern/Black_Tern_0082_144372.jpg,142,141,142.Black_Tern,72,71,gaussian_blur,gaussian_blur,0,"{""sigma"":1.379313}",2.0352182,1.3412044,-0.69401383,0.13065197,0.26153052,0.6075868,0.38409764,-0.47693484,-0.12256712,0.35436772,0.79961153,0.88210388,137.66503,121.43485,False,0.97574532,True,False,False,0.79961153,0.88210388,137.66503,121.43485,0.79380224,0.88642366,134.87463,119.55606,0.96668524,0.771599,27.577046,21.278421,0.78009537,1.0246734,40.002208,40.989198,0.66030026,1.0279583,52.55231,54.021586,0.77394126,0.90890442,61.833234,56.2005,0.83629662,0.81914055,70.087248,57.411307,0.88407879,0.7976285,71.36997,56.926722
0b_gaussian_blur_best,file,18,baseline_gaussian_blur,8209,140.Summer_Tanager/Summer_Tanager_0058_139427.jpg,140,139,140.Summer_Tanager,16,15,identity,identity,0,{},0.00098787609,0.00098787609,0,0.99901259,0.99901259,0.0004411643,0.0004411643,0.99857143,0.99857143,0,1,1,0.14030908,0.14030908,False,1,True,True,True,1,1,0.14030908,0.14030908,1,1,0.13531146,0.13531146,1,1,0.037113966,0.037113966,1,1,0.017711266,0.017711266,1,1,0.049547255,0.049547255,1,1,0.062848828,0.062848828,1,1,0.065197411,0.065197411,1,1,0.085673182,0.085673182
0b_gaussian_blur_best,file,18,baseline_gaussian_blur,8209,140.Summer_Tanager/Summer_Tanager_0058_139427.jpg,140,139,140.Summer_Tanager,16,15,gaussian_blur,gaussian_blur,0,"{""sigma"":1.044195}",0.00098787609,0.0014906734,0.00050279731,0.99901259,0.99851042,0.0004411643,0.00061085029,0.99857143,0.99789957,-0.00067185512,0.91290526,1.4340541,0.14030908,0.20121081,False,0.99727654,True,True,True,0.91290526,1.4340541,0.14030908,0.20121081,0.90680515,1.4351997,0.13531146,0.19419897,0.99498595,1.4187384,0.037113966,0.052655009,0.78167388,2.2381038,0.017711266,0.039639652,0.83809721,1.5320672,0.049547255,0.075909722,0.88011464,1.3496879,0.062848828,0.084826301,0.90946925,1.3594146,0.065197411,0.088630311,0.95973136,1.4451384,0.085673182,0.12380961
0b_gaussian_blur_best,file,18,baseline_gaussian_blur,11708,199.Winter_Wren/Winter_Wren_0051_189990.jpg,199,198,199.Winter_Wren,193,192,identity,identity,0,{},2.2952313,2.2952313,0,0.10073809,0.10073809,0.075000204,0.075000204,0.025737889,0.025737889,0,1,1,114.69088,114.69088,False,1,True,True,True,1,1,114.69088,114.69088,1,1,112.341,112.341,1,1,23.097549,23.097549,1,1,23.744502,23.744502,1,1,40.562954,40.562954,1,1,54.061058,54.061058,1,1,58.949036,58.949036,1,1,63.354232,63.354232
0b_gaussian_blur_best,file,18,baseline_gaussian_blur,11708,199.Winter_Wren/Winter_Wren_0051_189990.jpg,199,198,199.Winter_Wren,193,192,gaussian_blur,gaussian_blur,0,"{""sigma"":1.902126}",2.2952313,3.1070466,0.81181526,0.10073809,0.044732884,0.075000204,0.015894927,0.025737889,0.028837956,0.0031000674,0.67365099,1.3373531,114.69088,153.3822,False,0.94872379,False,True,False,0.67365099,1.3373531,114.69088,153.3822,0.66420522,1.3445951,112.341,151.05315,0.94197674,1.1528436,23.097549,26.627861,0.69067493,2.1061176,23.744502,50.008713,0.54555785,1.6103351,40.562954,65.319946,0.58655554,1.4081163,54.061058,76.124255,0.69610649,1.1826075,58.949036,69.713574,0.80180986,1.1593221,63.354232,73.447964
0b_gaussian_blur_best,file,18,baseline_gaussian_blur,515,010.Red_winged_Blackbird/Red_Winged_Blackbird_0046_4242.jpg,10,9,010.Red_winged_Blackbird,13,12,identity,identity,0,{},0.017074725,0.017074725,0,0.98307019,0.98307019,0.0065123341,0.0065123341,0.97655786,0.97655786,0,1,1,1.6982912,1.6982912,False,1,True,True,True,1,1,1.6982912,1.6982912,1,1,1.6264064,1.6264064,1,1,0.48887127,0.48887127,1,1,0.41667732,0.41667732,1,1,0.65829989,0.65829989,1,1,0.60464923,0.60464923,1,1,0.76270161,0.76270161,1,1,1.0444638,1.0444638
0b_gaussian_blur_best,file,18,baseline_gaussian_blur,515,010.Red_winged_Blackbird/Red_Winged_Blackbird_0046_4242.jpg,10,9,010.Red_winged_Blackbird,13,12,gaussian_blur,gaussian_blur,0,"{""sigma"":1.475936}",0.017074725,0.065881014,0.048806289,0.98307019,0.93624228,0.0065123341,0.024423895,0.97655786,0.91181839,-0.064739474,0.79932714,3.992132,1.6982912,6.7798026,False,0.98581243,True,True,True,0.79932714,3.992132,1.6982912,6.7798026,0.78411147,4.0170714,1.6264064,6.5333908,0.98433879,3.7049075,0.48887127,1.8112229,0.7825741,4.136193,0.41667732,1.7234578,0.60205315,3.8457685,0.65829989,2.531669,0.6668719,4.5645303,0.60464923,2.7599397,0.81098027,4.2389373,0.76270161,3.2330443,0.89626448,3.7371262,1.0444638,3.9032932
0b_gaussian_blur_best,file,18,baseline_gaussian_blur,3542,061.Heermann_Gull/Heermann_Gull_0079_45468.jpg,61,60,061.Heermann_Gull,60,59,identity,identity,0,{},0.60158986,0.60158986,0,0.54793978,0.54793978,0.25925112,0.25925112,0.28868866,0.28868866,0,1,1,56.932656,56.932656,False,1,True,True,True,1,1,56.932656,56.932656,1,1,55.3463,55.3463,1,1,13.345952,13.345952,1,1,16.234374,16.234374,1,1,20.767977,20.767977,1,1,25.749239,25.749239,1,1,27.852989,27.852989,1,1,30.488306,30.488306
0b_gaussian_blur_best,file,18,baseline_gaussian_blur,3542,061.Heermann_Gull/Heermann_Gull_0079_45468.jpg,61,60,061.Heermann_Gull,60,59,gaussian_blur,gaussian_blur,0,"{""sigma"":1.797587}",0.60158986,0.31151068,-0.29007918,0.54793978,0.7323398,0.25925112,0.13108227,0.28868866,0.60125753,0.31256887,0.79000083,0.63990581,56.932656,36.431538,False,0.97577131,True,True,True,0.79000083,0.63990581,56.932656,36.431538,0.78048044,0.64293324,55.3463,35.583976,0.97312513,0.58539526,13.345952,7.8126573,0.65389781,0.61610897,16.234374,10.002144,0.64505965,0.75291293,20.767977,15.636478,0.78077373,0.65431006,25.749239,16.847986,0.81351665,0.60303472,27.852989,16.79632,0.87328737,0.6186034,30.488306,18.86017
0b_gaussian_blur_best,file,18,baseline_gaussian_blur,11652,198.Rock_Wren/Rock_Wren_0063_189121.jpg,198,197,198.Rock_Wren,150,149,identity,identity,0,{},0.032163169,0.032163169,0,0.96834856,0.96834856,0.013056284,0.013056284,0.95529228,0.95529228,0,1,1,5.5110207,5.5110207,False,0.99999994,True,True,True,1,1,5.5110207,5.5110207,1,1,5.4180294,5.4180294,1,1,1.0081201,1.0081201,1,1,1.1757948,1.1757948,1,1,2.516211,2.516211,1,1,3.090555,3.090555,1,1,2.5450069,2.5450069,1,1,2.3691013,2.3691013
0b_gaussian_blur_best,file,18,baseline_gaussian_blur,11652,198.Rock_Wren/Rock_Wren_0063_189121.jpg,198,197,198.Rock_Wren,150,149,gaussian_blur,gaussian_blur,0,"{""sigma"":1.470657}",0.032163169,0.065024607,0.032861438,0.96834856,0.93704438,0.013056284,0.025465162,0.95529228,0.91157922,-0.043713059,0.79122784,2.5518947,5.5110207,14.063545,False,0.97264445,True,True,True,0.79122784,2.5518947,5.5110207,14.063545,0.78777581,2.5718254,5.4180294,13.934226,0.96429033,1.8874705,1.0081201,1.9027969,0.79132915,3.4512949,1.1757948,4.0580146,0.68732921,2.9161929,2.516211,7.3377566,0.82257195,2.6084679,3.090555,8.0616136,0.83594917,2.32981,2.5450069,5.9293825,0.85817694,2.0551293,2.3691013,4.8688093
0b_gaussian_blur_best,file,18,baseline_gaussian_blur,4289,074.Florida_Jay/Florida_Jay_0092_64924.jpg,74,73,074.Florida_Jay,92,91,identity,identity,0,{},5.580514,5.580514,0,0.0037706268,0.0037706268,0.109544,0.109544,-0.10577337,-0.10577337,0,1,1,131.1919,131.1919,False,1,True,False,False,1,1,131.1919,131.1919,1,1,128.80069,128.80069,1,1,24.933835,24.933835,1,1,35.445588,35.445588,1,1,65.035025,65.035025,1,1,57.474961,57.474961,1,1,63.054256,63.054256,1,1,61.842248,61.842248
0b_gaussian_blur_best,file,18,baseline_gaussian_blur,4289,074.Florida_Jay/Florida_Jay_0092_64924.jpg,74,73,074.Florida_Jay,92,91,gaussian_blur,gaussian_blur,0,"{""sigma"":1.59884}",5.580514,6.5245657,0.94405174,0.0037706268,0.0014669563,0.109544,0.17743048,-0.10577337,-0.17596352,-0.07019015,0.72310215,1.0312217,131.1919,135.28793,False,0.95172811,True,False,False,0.72310215,1.0312217,131.1919,135.28793,0.71470071,1.0303379,128.80069,132.70823,0.94233392,1.0545329,24.933835,26.293549,0.22023931,1.3804452,35.445588,48.930691,0.68879844,1.0081036,65.035025,65.562041,0.77220953,1.0707251,57.474961,61.539883,0.8270255,0.93416494,63.054256,58.903075,0.82686054,0.9785496,61.842248,60.515707
0b_gaussian_blur_best,file,18,baseline_gaussian_blur,4332,075.Green_Jay/Green_Jay_0075_65701.jpg,75,74,075.Green_Jay,16,15,identity,identity,0,{},0.010243935,0.010243935,0,0.98980838,0.98980838,0.0017235273,0.0017235273,0.98808485,0.98808485,0,1,1,1.9333791,1.9333791,False,1.0000001,True,True,True,1,1,1.9333791,1.9333791,1,1,1.9107491,1.9107491,1,1,0.29494497,0.29494497,1,1,0.4258753,0.4258753,1,1,0.86673914,0.86673914,1,1,1.0604049,1.0604049,1,1,0.93327891,0.93327891,1,1,0.85022792,0.85022792
0b_gaussian_blur_best,file,18,baseline_gaussian_blur,4332,075.Green_Jay/Green_Jay_0075_65701.jpg,75,74,075.Green_Jay,16,15,gaussian_blur,gaussian_blur,0,"{""sigma"":1.001463}",0.010243935,0.010396372,0.00015243702,0.98980838,0.98965746,0.0017235273,0.0012038038,0.98808485,0.98845366,0.00036880455,0.87101648,1.004284,1.9333791,1.9416617,False,0.99331391,True,True,True,0.87101648,1.004284,1.9333791,1.9416617,0.86810958,1.0034688,1.9107491,1.9173771,0.98945016,1.03792,0.29494497,0.30612927,0.85708865,1.430563,0.4258753,0.60924146,0.80877033,1.0007993,0.86673914,0.86743196,0.86423917,0.92812722,1.0604049,0.98419064,0.8933496,0.97718035,0.93327891,0.91198181,0.93245138,1.0201948,0.85022792,0.86739814
0b_gaussian_blur_best,file,18,baseline_gaussian_blur,4183,072.Pomarine_Jaeger/Pomarine_Jaeger_0039_61348.jpg,72,71,072.Pomarine_Jaeger,71,70,identity,identity,0,{},0.011742519,0.011742519,0,0.98832613,0.98832613,0.002156147,0.002156147,0.98616999,0.98616999,0,1,1,1.9119922,1.9119922,False,0.99999994,True,True,True,1,1,1.9119922,1.9119922,1,1,1.8792495,1.8792495,1,1,0.35232846,0.35232846,1,1,0.40872847,0.40872847,1,1,0.79876683,0.79876683,1,1,0.86139944,0.86139944,1,1,0.97091348,0.97091348,1,1,1.0206906,1.0206906
0b_gaussian_blur_best,file,18,baseline_gaussian_blur,4183,072.Pomarine_Jaeger/Pomarine_Jaeger_0039_61348.jpg,72,71,072.Pomarine_Jaeger,71,70,gaussian_blur,gaussian_blur,0,"{""sigma"":1.726714}",0.011742519,0.029364549,0.017622029,0.98832613,0.97106242,0.002156147,0.002082635,0.98616999,0.96897979,-0.017190198,0.7310798,2.7418276,1.9119922,5.2423529,False,0.97208005,True,True,True,0.7310798,2.7418276,1.9119922,5.2423529,0.72469788,2.7524432,1.8792495,5.1725276,0.94341768,2.4203927,0.35232846,0.85277326,0.55930434,4.2428868,0.40872847,1.7341886,0.59328929,2.8278698,0.79876683,2.2588086,0.710695,2.8192019,0.86139944,2.4284589,0.7761467,2.5643698,0.97091348,2.4897812,0.84784076,2.5072239,1.0206906,2.5590998
0b_gaussian_blur_best,file,18,baseline_gaussian_blur,5357,092.Nighthawk/Nighthawk_0034_82578.jpg,92,91,092.Nighthawk,105,104,identity,identity,0,{},4.3285995,4.3285995,0,0.013186005,0.013186005,0.98244447,0.98244447,-0.96925846,-0.96925846,0,1,1,185.41461,185.41461,False,0.99999994,True,False,False,1,1,185.41461,185.41461,1,1,180.24629,180.24629,1,1,43.47245,43.47245,1,1,27.045892,27.045892,1,1,71.55772,71.55772,1,1,83.713644,83.713644,1,1,97.394766,97.394766,1,1,100.71257,100.71257
0b_gaussian_blur_best,file,18,baseline_gaussian_blur,5357,092.Nighthawk/Nighthawk_0034_82578.jpg,92,91,092.Nighthawk,105,104,gaussian_blur,gaussian_blur,0,"{""sigma"":1.092196}",4.3285995,4.8881831,0.55958366,0.013186005,0.0075351004,0.98244447,0.98913425,-0.96925846,-0.98159915,-0.012340691,0.84877399,1.0809889,185.41461,200.43113,False,0.97339422,True,False,False,0.84877399,1.0809889,185.41461,200.43113,0.84275198,1.0878391,180.24629,196.07896,0.97342126,0.95557742,43.47245,41.541292,0.64294188,1.1184704,27.045892,30.250031,0.71337914,1.0615198,71.55772,75.959936,0.82870826,1.1757996,83.713644,98.430466,0.88264748,1.1066309,97.394766,107.78006,0.90180687,1.0153539,100.71257,102.25891
0b_gaussian_blur_best,file,18,baseline_gaussian_blur,10491,179.Tennessee_Warbler/Tennessee_Warbler_0084_174891.jpg,179,178,179.Tennessee_Warbler,152,151,identity,identity,0,{},0.67076141,0.67076141,0,0.5113191,0.5113191,0.30796188,0.30796188,0.20335722,0.20335722,0,1,1,82.470025,82.470025,False,1,True,True,True,1,1,82.470025,82.470025,1,1,81.104328,81.104328,1,1,14.946336,14.946336,1,1,12.783192,12.783192,1,1,32.987576,32.987576,1,1,46.135378,46.135378,1,1,41.951064,41.951064,1,1,37.920403,37.920403
0b_gaussian_blur_best,file,18,baseline_gaussian_blur,10491,179.Tennessee_Warbler/Tennessee_Warbler_0084_174891.jpg,179,178,179.Tennessee_Warbler,152,151,gaussian_blur,gaussian_blur,0,"{""sigma"":1.700942}",0.67076141,0.94297832,0.27221692,0.5113191,0.38946617,0.30796188,0.13368309,0.20335722,0.25578308,0.052425861,0.69069354,1.1864517,82.470025,97.846699,False,0.95567191,True,True,True,0.69069354,1.1864517,82.470025,97.846699,0.6845704,1.1899651,81.104328,96.511319,0.89302318,1.0778762,14.946336,16.1103,0.43989336,1.8280669,12.783192,23.36853,0.51351594,1.3117351,32.987576,43.270961,0.69202921,1.1314206,46.135378,52.198519,0.76421096,1.1392956,41.951064,47.794661,0.78632004,1.1455337,37.920403,43.439099
0b_gaussian_blur_best,file,18,baseline_gaussian_blur,1357,025.Pelagic_Cormorant/Pelagic_Cormorant_0017_23875.jpg,25,24,025.Pelagic_Cormorant,72,71,identity,identity,0,{},3.7294953,3.7294953,0,0.024004951,0.024004951,0.37755311,0.37755311,-0.35354815,-0.35354815,0,1,1,152.24761,152.24761,False,0.99999994,True,False,False,1,1,152.24761,152.24761,1,1,149.76808,149.76808,1,1,27.365204,27.365204,1,1,37.775418,37.775418,1,1,58.503376,58.503376,1,1,75.259392,75.259392,1,1,80.500741,80.500741,1,1,73.73267,73.73267
0b_gaussian_blur_best,file,18,baseline_gaussian_blur,1357,025.Pelagic_Cormorant/Pelagic_Cormorant_0017_23875.jpg,25,24,025.Pelagic_Cormorant,72,71,gaussian_blur,gaussian_blur,0,"{""sigma"":1.193672}",3.7294953,4.1045899,0.37509465,0.024004951,0.016496781,0.37755311,0.32644898,-0.35354815,-0.3099522,0.043595959,0.79617713,1.0354258,152.24761,157.6411,False,0.97231281,True,False,False,0.79617713,1.0354258,152.24761,157.6411,0.7912878,1.0392562,149.76808,155.64741,0.96929568,0.91327477,27.365204,24.991951,0.53129867,1.7434613,37.775418,65.859978,0.64006946,0.93127934,58.503376,54.482985,0.8524665,1.0367415,75.259392,78.024538,0.88758651,0.956683,80.500741,77.01369,0.88634113,0.94949655,73.73267,70.008916
0b_gaussian_blur_best,file,18,baseline_gaussian_blur,9675,165.Chestnut_sided_Warbler/Chestnut_Sided_Warbler_0069_163921.jpg,165,164,165.Chestnut_sided_Warbler,157,156,identity,identity,0,{},0.57080507,0.57080507,0,0.56507033,0.56507033,0.22023055,0.22023055,0.34483978,0.34483978,0,1,1,102.44483,102.44483,False,1,True,True,True,1,1,102.44483,102.44483,1,1,101.20039,101.20039,1,1,15.919303,15.919303,1,1,12.255023,12.255023,1,1,47.095562,47.095562,1,1,56.893804,56.893804,1,1,49.209513,49.209513,1,1,47.062302,47.062302
0b_gaussian_blur_best,file,18,baseline_gaussian_blur,9675,165.Chestnut_sided_Warbler/Chestnut_Sided_Warbler_0069_163921.jpg,165,164,165.Chestnut_sided_Warbler,157,156,gaussian_blur,gaussian_blur,0,"{""sigma"":1.422357}",0.57080507,0.56092644,-0.0098786354,0.56507033,0.57068014,0.22023055,0.11095683,0.34483978,0.45972332,0.11488353,0.82932588,0.89869489,102.44483,92.066645,False,0.97092021,True,True,True,0.82932588,0.89869489,102.44483,92.066645,0.82705606,0.89767288,101.20039,90.844845,0.91783308,0.93906669,15.919303,14.949287,0.65573207,1.3822046,12.255023,16.938949,0.71952196,0.94615175,47.095562,44.559549,0.85139117,0.88672762,56.893804,50.449307,0.869831,0.86657245,49.209513,42.643609,0.89228772,0.85435984,47.062302,40.208141
0b_gaussian_blur_best,file,18,baseline_gaussian_blur,570,011.Rusty_Blackbird/Rusty_Blackbird_0114_6760.jpg,11,10,011.Rusty_Blackbird,9,8,identity,identity,0,{},2.8876381,2.8876381,0,0.055707637,0.055707637,0.88476312,0.88476312,-0.82905548,-0.82905548,0,1,1,191.44737,191.44737,False,0.99999988,True,False,False,1,1,191.44737,191.44737,1,1,186.58877,186.58877,1,1,42.85704,42.85704,1,1,45.162256,45.162256,1,1,98.46336,98.46336,1,1,83.751445,83.751445,1,1,89.2365,89.2365,1,1,90.018042,90.018042
0b_gaussian_blur_best,file,18,baseline_gaussian_blur,570,011.Rusty_Blackbird/Rusty_Blackbird_0114_6760.jpg,11,10,011.Rusty_Blackbird,9,8,gaussian_blur,gaussian_blur,0,"{""sigma"":1.365255}",2.8876381,3.6740987,0.78646064,0.055707637,0.025372261,0.88476312,0.95248902,-0.82905548,-0.92711676,-0.098061273,0.88207777,1.2227927,191.44737,234.10043,False,0.98577148,True,False,False,0.88207777,1.2227927,191.44737,234.10043,0.87780592,1.2307371,186.58877,229.64171,0.98530777,1.0610143,42.85704,45.471932,0.80390789,1.0686592,45.162256,48.263059,0.86526318,1.3656106,98.46336,134.46261,0.86038033,1.2449001,83.751445,104.26218,0.89927613,1.2028125,89.2365,107.33478,0.92265986,1.1072412,90.018042,99.671683
0b_gaussian_blur_best,file,18,baseline_gaussian_blur,862,016.Painted_Bunting/Painted_Bunting_0034_15207.jpg,16,15,016.Painted_Bunting,14,13,identity,identity,0,{},0.013144156,0.013144156,0,0.98694187,0.98694187,0.0038370721,0.0038370721,0.9831048,0.9831048,0,1,1,1.8172552,1.8172552,False,1,True,True,True,1,1,1.8172552,1.8172552,1,1,1.781358,1.781358,1,1,0.35941637,0.35941637,1,1,0.33240376,0.33240376,1,1,0.70954411,0.70954411,1,1,0.92124972,0.92124972,1,1,0.86185997,0.86185997,1,1,0.98376188,0.98376188
0b_gaussian_blur_best,file,18,baseline_gaussian_blur,862,016.Painted_Bunting/Painted_Bunting_0034_15207.jpg,16,15,016.Painted_Bunting,14,13,gaussian_blur,gaussian_blur,0,"{""sigma"":1.075982}",0.013144156,0.012952363,-0.00019179285,0.98694187,0.98713118,0.0038370721,0.0048800427,0.9831048,0.98225114,-0.00085366634,0.91522015,1.0679092,1.8172552,1.9406635,False,0.99540532,True,True,True,0.91522015,1.0679092,1.8172552,1.9406635,0.91235206,1.0702601,1.781358,1.9065164,0.99155251,1.0084406,0.35941637,0.36245007,0.86602466,1.5217456,0.33240376,0.50583396,0.87640813,1.101382,0.70954411,0.78147909,0.92078411,1.0666272,0.92124972,0.98262998,0.91168911,1.0218817,0.86185997,0.88071889,0.94425707,1.0301375,0.98376188,1.01341
0b_gaussian_blur_best,file,18,baseline_gaussian_blur,8466,145.Elegant_Tern/Elegant_Tern_0032_150488.jpg,145,144,145.Elegant_Tern,143,142,identity,identity,0,{},0.07819061,0.07819061,0,0.92478812,0.92478812,0.055508327,0.055508327,0.86927979,0.86927979,0,1,1,8.7560769,8.7560769,False,1,True,True,True,1,1,8.7560769,8.7560769,1,1,8.2972351,8.2972351,1,1,2.7972793,2.7972793,1,1,1.2379811,1.2379811,1,1,3.1234514,3.1234514,1,1,3.5320204,3.5320204,1,1,4.2356623,4.2356623,1,1,5.2095644,5.2095644
0b_gaussian_blur_best,file,18,baseline_gaussian_blur,8466,145.Elegant_Tern/Elegant_Tern_0032_150488.jpg,145,144,145.Elegant_Tern,143,142,gaussian_blur,gaussian_blur,0,"{""sigma"":1.77781}",0.07819061,0.10647102,0.028280415,0.92478812,0.89900112,0.055508327,0.074213833,0.86927979,0.82478729,-0.044492502,0.84172141,1.3908907,8.7560769,12.178745,False,0.99222285,True,True,True,0.84172141,1.3908907,8.7560769,12.178745,0.8260869,1.400834,8.2972351,11.623049,0.99205117,1.3001328,2.7972793,3.6368347,0.6629908,1.691594,1.2379811,2.0941614,0.69446685,1.5479662,3.1234514,4.8349971,0.78927816,1.5366283,3.5320204,5.4274025,0.84480288,1.3494938,4.2356623,5.716,0.91009832,1.290575,5.2095644,6.7233335
0b_gaussian_blur_best,file,18,baseline_gaussian_blur,2787,049.Boat_tailed_Grackle/Boat_Tailed_Grackle_0030_33615.jpg,49,48,049.Boat_tailed_Grackle,9,8,identity,identity,0,{},1.2025211,1.2025211,0,0.30043584,0.30043584,0.27238503,0.27238503,0.02805081,0.02805081,0,1,1,90.750731,90.750731,False,1,True,True,True,1,1,90.750731,90.750731,1,1,88.249432,88.249432,1,1,21.159698,21.159698,1,1,27.27197,27.27197,1,1,34.847014,34.847014,1,1,39.164627,39.164627,1,1,43.711301,43.711301,1,1,48.83996,48.83996
0b_gaussian_blur_best,file,18,baseline_gaussian_blur,2787,049.Boat_tailed_Grackle/Boat_Tailed_Grackle_0030_33615.jpg,49,48,049.Boat_tailed_Grackle,9,8,gaussian_blur,gaussian_blur,0,"{""sigma"":1.014402}",1.2025211,0.90277743,-0.29974365,0.30043584,0.405442,0.27238503,0.20838314,0.02805081,0.19705886,0.16900805,0.87887066,0.977057,90.750731,88.668637,False,0.99301934,True,True,True,0.87887066,0.977057,90.750731,88.668637,0.87331243,0.98185195,88.249432,86.647877,0.98966232,0.88952732,21.159698,18.822129,0.78399735,1.2583335,27.27197,34.317235,0.82953048,1.0779891,34.847014,37.564702,0.85722825,0.99487477,39.164627,38.963899,0.90871802,0.91192927,43.711301,39.861615,0.94604359,0.87155895,48.83996,42.566904
0b_gaussian_blur_best,file,18,baseline_gaussian_blur,2661,047.American_Goldfinch/American_Goldfinch_0053_32359.jpg,47,46,047.American_Goldfinch,180,179,identity,identity,0,{},0.0044874446,0.0044874446,0,0.99552262,0.99552262,0.001032362,0.001032362,0.99449026,0.99449026,0,1,1,0.66076948,0.66076948,False,0.99999988,True,True,True,1,1,0.66076948,0.66076948,1,1,0.64968463,0.64968463,1,1,0.12052462,0.12052462,1,1,0.14513168,0.14513168,1,1,0.25520188,0.25520188,1,1,0.31885474,0.31885474,1,1,0.31898376,0.31898376,1,1,0.36397793,0.36397793
0b_gaussian_blur_best,file,18,baseline_gaussian_blur,2661,047.American_Goldfinch/American_Goldfinch_0053_32359.jpg,47,46,047.American_Goldfinch,180,179,gaussian_blur,gaussian_blur,0,"{""sigma"":1.068318}",0.0044874446,0.0037569671,-0.00073047751,0.99552262,0.99625009,0.001032362,0.0010948159,0.99449026,0.99515528,0.00066502078,0.89000579,0.90256827,0.66076948,0.59638956,False,0.99134171,True,True,True,0.89000579,0.90256827,0.66076948,0.59638956,0.88677034,0.90299334,0.64968463,0.58666089,0.98546632,0.8901282,0.12052462,0.10728236,0.78913511,1.1747789,0.14513168,0.17049764,0.81716003,0.98030293,0.25520188,0.25017515,0.88326002,0.88930955,0.31885474,0.28356057,0.90442787,0.85772248,0.31898376,0.27359954,0.94705151,0.85678374,0.36397793,0.31185037
0b_gaussian_blur_best,file,18,baseline_gaussian_blur,10932,186.Cedar_Waxwing/Cedar_Waxwing_0031_178929.jpg,186,185,186.Cedar_Waxwing,112,111,identity,identity,0,{},3.573571,3.573571,0,0.028055491,0.028055491,0.17807719,0.17807719,-0.1500217,-0.1500217,0,1,1,185.28064,185.28064,False,0.99999994,True,False,False,1,1,185.28064,185.28064,1,1,183.1468,183.1468,1,1,28.038679,28.038679,1,1,44.853173,44.853173,1,1,85.560099,85.560099,1,1,99.847357,99.847357,1,1,91.958194,91.958194,1,1,76.056603,76.056603
0b_gaussian_blur_best,file,18,baseline_gaussian_blur,10932,186.Cedar_Waxwing/Cedar_Waxwing_0031_178929.jpg,186,185,186.Cedar_Waxwing,112,111,gaussian_blur,gaussian_blur,0,"{""sigma"":1.421682}",3.573571,2.834399,-0.73917198,0.028055491,0.058753826,0.17807719,0.1201384,-0.1500217,-0.061384574,0.088637127,0.81466775,1.0422099,185.28064,193.10132,False,0.97296894,True,False,False,0.81466775,1.0422099,185.28064,193.10132,0.81152156,1.0442289,183.1468,191.24718,0.96530084,0.95208477,28.038679,26.695199,0.76186457,1.5025588,44.853173,67.39453,0.77010305,1.1695672,85.560099,100.06829,0.82429728,0.97972229,99.847357,97.82268,0.84836874,0.94297227,91.958194,86.714027,0.88224145,0.92329284,76.056603,70.222518
0b_gaussian_blur_best,file,18,baseline_gaussian_blur,7598,130.Tree_Sparrow/Tree_Sparrow_0039_124140.jpg,130,129,130.Tree_Sparrow,133,132,identity,identity,0,{},1.3705831,1.3705831,0,0.25395885,0.25395885,0.27118081,0.27118081,-0.017221957,-0.017221957,0,1,1,109.79672,109.79672,False,1,True,False,False,1,1,109.79672,109.79672,1,1,107.78688,107.78688,1,1,20.91195,20.91195,1,1,18.433029,18.433029,1,1,43.95002,43.95002,1,1,60.420018,60.420018,1,1,53.878466,53.878466,1,1,52.850374,52.850374
0b_gaussian_blur_best,file,18,baseline_gaussian_blur,7598,130.Tree_Sparrow/Tree_Sparrow_0039_124140.jpg,130,129,130.Tree_Sparrow,133,132,gaussian_blur,gaussian_blur,0,"{""sigma"":1.952207}",1.3705831,1.5813468,0.21076369,0.25395885,0.20569789,0.27118081,0.3434085,-0.017221957,-0.1377106,-0.12048864,0.82953863,1.13494,109.79672,124.61269,False,0.9755671,True,False,False,0.82953863,1.13494,109.79672,124.61269,0.82482617,1.1357274,107.78688,122.41651,0.9573495,1.1138155,20.91195,23.292054,0.69639964,1.5780175,18.433029,29.087643,0.7557303,1.2788119,43.95002,56.203807,0.85860273,1.1500095,60.420018,69.483597,0.83616721,1.0486712,53.878466,56.500794,0.86704555,1.029525,52.850374,54.410781
0b_gaussian_blur_best,file,18,baseline_gaussian_blur,5609,096.Hooded_Oriole/Hooded_Oriole_0079_89978.jpg,96,95,096.Hooded_Oriole,95,94,identity,identity,0,{},0.062980674,0.062980674,0,0.93896163,0.93896163,0.01647947,0.01647947,0.92248216,0.92248216,0,1,1,7.6888513,7.6888513,False,1,True,True,True,1,1,7.6888513,7.6888513,1,1,7.5342068,7.5342068,1,1,1.5343282,1.5343282,1,1,1.637581,1.637581,1,1,2.4556299,2.4556299,1,1,3.3718683,3.3718683,1,1,4.146412,4.146412,1,1,4.4147766,4.4147766
0b_gaussian_blur_best,file,18,baseline_gaussian_blur,5609,096.Hooded_Oriole/Hooded_Oriole_0079_89978.jpg,96,95,096.Hooded_Oriole,95,94,gaussian_blur,gaussian_blur,0,"{""sigma"":1.839995}",0.062980674,0.040568896,-0.022411779,0.93896163,0.96024299,0.01647947,0.0091755958,0.92248216,0.95106739,0.028585236,0.79260309,0.69645023,7.6888513,5.3549023,False,0.9879629,True,True,True,0.79260309,0.69645023,7.6888513,5.3549023,0.78511153,0.69733581,7.5342068,5.2538722,0.97970278,0.67474505,1.5343282,1.0352804,0.47273277,0.75312899,1.637581,1.2333097,0.62512258,0.82460945,2.4556299,2.0249357,0.75629812,0.67880757,3.3718683,2.2888497,0.82117505,0.69025651,4.146412,2.8620879,0.8855455,0.66238311,4.4147766,2.9242735
0b_gaussian_blur_best,file,18,baseline_gaussian_blur,7001,120.Fox_Sparrow/Fox_Sparrow_0113_114389.jpg,120,119,120.Fox_Sparrow,34,33,identity,identity,0,{},0.0047465982,0.0047465982,0,0.99526465,0.99526465,0.00088279427,0.00088279427,0.99438186,0.99438186,0,1,1,0.64178579,0.64178579,False,1,True,True,True,1,1,0.64178579,0.64178579,1,1,0.62198394,0.62198394,1,1,0.15819285,0.15819285,1,1,0.10595091,0.10595091,1,1,0.24830379,0.24830379,1,1,0.33151359,0.33151359,1,1,0.29845921,0.29845921,1,1,0.33912313,0.33912313
0b_gaussian_blur_best,file,18,baseline_gaussian_blur,7001,120.Fox_Sparrow/Fox_Sparrow_0113_114389.jpg,120,119,120.Fox_Sparrow,34,33,gaussian_blur,gaussian_blur,0,"{""sigma"":1.067545}",0.0047465982,0.0015617328,-0.0031848653,0.99526465,0.99843949,0.00088279427,0.0001452736,0.99438186,0.99829422,0.0039123621,0.76126236,0.35412981,0.64178579,0.22727548,False,0.9832682,True,True,True,0.76126236,0.35412981,0.64178579,0.22727548,0.74844239,0.35376075,0.62198394,0.22003351,0.95623029,0.359787,0.15819285,0.05691573,0.64278296,0.43312925,0.10595091,0.045890436,0.57818834,0.38098164,0.24830379,0.094599187,0.71495655,0.33991761,0.33151359,0.11268731,0.7847662,0.34983669,0.29845921,0.10441198,0.86876241,0.3458949,0.33912313,0.11730096
0b_gaussian_blur_best,file,18,baseline_gaussian_blur,7653,131.Vesper_Sparrow/Vesper_Sparrow_0070_125555.jpg,131,130,131.Vesper_Sparrow,127,126,identity,identity,0,{},0.0047723437,0.0047723437,0,0.99523902,0.99523902,0.0015813891,0.0015813891,0.99365763,0.99365763,0,1,1,0.73344113,0.73344113,False,0.99999982,True,True,True,1,1,0.73344113,0.73344113,1,1,0.70934523,0.70934523,1,1,0.1864544,0.1864544,1,1,0.13578708,0.13578708,1,1,0.3683502,0.3683502,1,1,0.32427509,0.32427509,1,1,0.3245452,0.3245452,1,1,0.37224552,0.37224552
0b_gaussian_blur_best,file,18,baseline_gaussian_blur,7653,131.Vesper_Sparrow/Vesper_Sparrow_0070_125555.jpg,131,130,131.Vesper_Sparrow,127,126,gaussian_blur,gaussian_blur,0,"{""sigma"":1.859299}",0.0047723437,0.019632079,0.014859735,0.99523902,0.98055935,0.0015813891,0.0011581519,0.99365763,0.9794012,-0.014256433,0.59395902,6.1274194,0.73344113,4.4941014,False,0.93632793,True,True,True,0.59395902,6.1274194,0.73344113,4.4941014,0.58389683,6.221846,0.70934523,4.4134367,0.82130258,4.5461931,0.1864544,0.84765769,0.21113922,8.1275976,0.13578708,1.1036228,0.62834255,7.1747573,0.3683502,2.6428233,0.57528421,6.9098894,0.32427509,2.240705,0.5659582,5.5931077,0.3245452,1.8152163,0.67644815,4.6219779,0.37224552,1.7205106
0b_gaussian_blur_best,file,18,baseline_gaussian_blur,9715,166.Golden_winged_Warbler/Golden_Winged_Warbler_0083_794801.jpg,166,165,166.Golden_winged_Warbler,114,113,identity,identity,0,{},0.00039486241,0.00039486241,0,0.99960524,0.99960524,6.6474102e-05,6.6474102e-05,0.99953876,0.99953876,0,1,1,0.064959387,0.064959387,False,1,True,True,True,1,1,0.064959387,0.064959387,1,1,0.063622022,0.063622022,1,1,0.013113362,0.013113362,1,1,0.0099330606,0.0099330606,1,1,0.022548533,0.022548533,1,1,0.027430133,0.027430133,1,1,0.033622492,0.033622492,1,1,0.039468664,0.039468664
0b_gaussian_blur_best,file,18,baseline_gaussian_blur,9715,166.Golden_winged_Warbler/Golden_Winged_Warbler_0083_794801.jpg,166,165,166.Golden_winged_Warbler,114,113,gaussian_blur,gaussian_blur,0,"{""sigma"":1.333722}",0.00039486241,0.00086270302,0.00046784061,0.99960524,0.99913764,6.6474102e-05,9.1310103e-05,0.99953876,0.99904633,-0.00049243444,0.80496029,2.2963311,0.064959387,0.14916826,False,0.98924935,True,True,True,0.80496029,2.2963311,0.064959387,0.14916826,0.79830711,2.3062324,0.063622022,0.14672717,0.98659501,2.0494954,0.013113362,0.026875775,0.66556231,4.0917767,0.0099330606,0.040643866,0.61091935,2.4563842,0.022548533,0.055387858,0.77745291,2.399088,0.027430133,0.065807304,0.79982561,2.0671674,0.033622492,0.069503318,0.91206843,2.2157264,0.039468664,0.087451761
0b_gaussian_blur_best,file,18,baseline_gaussian_blur,7616,130.Tree_Sparrow/Tree_Sparrow_0046_125344.jpg,130,129,130.Tree_Sparrow,115,114,identity,identity,0,{},2.090312,2.090312,0,0.12364858,0.12364858,0.31918085,0.31918085,-0.19553227,-0.19553227,0,1,1,151.84008,151.84008,False,0.99999994,True,False,False,1,1,151.84008,151.84008,1,1,149.78698,149.78698,1,1,24.885163,24.885163,1,1,31.849817,31.849817,1,1,71.168915,71.168915,1,1,87.783699,87.783699,1,1,69.161315,69.161315,1,1,62.188819,62.188819
0b_gaussian_blur_best,file,18,baseline_gaussian_blur,7616,130.Tree_Sparrow/Tree_Sparrow_0046_125344.jpg,130,129,130.Tree_Sparrow,115,114,gaussian_blur,gaussian_blur,0,"{""sigma"":1.081601}",2.090312,1.019138,-1.071174,0.12364858,0.36090589,0.31918085,0.062283982,-0.19553227,0.2986219,0.49415417,0.7987297,0.80645088,151.84008,122.45157,False,0.96833003,False,False,True,0.7987297,0.80645088,151.84008,122.45157,0.79597527,0.80935987,149.78698,121.23157,0.92473991,0.69286985,24.885163,17.242179,0.67946457,0.99523319,31.849817,31.697995,0.7468871,0.80477128,71.168915,57.274699,0.82932508,0.80115817,87.783699,70.328628,0.80795037,0.80379204,69.161315,55.591315,0.82390332,0.78371616,62.188819,48.738382
0b_gaussian_blur_best,file,18,baseline_gaussian_blur,1905,034.Gray_crowned_Rosy_Finch/Gray_Crowned_Rosy_Finch_0056_797293.jpg,34,33,034.Gray_crowned_Rosy_Finch,97,96,identity,identity,0,{},0.0078114746,0.0078114746,0,0.99221897,0.99221897,0.0013987112,0.0013987112,0.99082026,0.99082026,0,1,1,1.3024726,1.3024726,False,0.99999994,True,True,True,1,1,1.3024726,1.3024726,1,1,1.2768349,1.2768349,1,1,0.25715238,0.25715238,1,1,0.27325129,0.27325129,1,1,0.55785754,0.55785754,1,1,0.65077544,0.65077544,1,1,0.61167315,0.61167315,1,1,0.66841857,0.66841857
0b_gaussian_blur_best,file,18,baseline_gaussian_blur,1905,034.Gray_crowned_Rosy_Finch/Gray_Crowned_Rosy_Finch_0056_797293.jpg,34,33,034.Gray_crowned_Rosy_Finch,97,96,gaussian_blur,gaussian_blur,0,"{""sigma"":1.798872}",0.0078114746,0.059058361,0.051246886,0.99221897,0.94265175,0.0013987112,0.0091074249,0.99082026,0.93354432,-0.057275936,0.76799408,11.713321,1.3024726,15.256278,False,0.97601819,True,True,True,0.76799408,11.713321,1.3024726,15.256278,0.7656624,11.863397,1.2768349,15.1476,0.96708845,7.0687953,0.25715238,1.8177575,0.80666572,20.548945,0.27325129,5.6150257,0.66539071,14.393111,0.55785754,8.0293056,0.81728449,12.991907,0.65077544,8.4548138,0.83493684,9.6384579,0.61167315,5.8955859,0.88416434,7.8039325,0.66841857,5.2162934
0b_gaussian_blur_best,file,18,baseline_gaussian_blur,5621,096.Hooded_Oriole/Hooded_Oriole_0075_90788.jpg,96,95,096.Hooded_Oriole,12,11,identity,identity,0,{},0.0634716,0.0634716,0,0.93850076,0.93850076,0.01832274,0.01832274,0.92017802,0.92017802,0,1,1,8.7654843,8.7654843,False,1,True,True,True,1,1,8.7654843,8.7654843,1,1,8.5973593,8.5973593,1,1,1.7085454,1.7085454,1,1,1.6713587,1.6713587,1,1,3.313949,3.313949,1,1,4.1265658,4.1265658,1,1,4.6044447,4.6044447,1,1,4.6807513,4.6807513
0b_gaussian_blur_best,file,18,baseline_gaussian_blur,5621,096.Hooded_Oriole/Hooded_Oriole_0075_90788.jpg,96,95,096.Hooded_Oriole,12,11,gaussian_blur,gaussian_blur,0,"{""sigma"":1.664934}",0.0634716,0.16765615,0.10418455,0.93850076,0.84564453,0.01832274,0.044839229,0.92017802,0.8008053,-0.11937272,0.83064999,2.8387393,8.7654843,24.882924,False,0.99051827,True,True,True,0.83064999,2.8387393,8.7654843,24.882924,0.82568412,2.8524467,8.5973593,24.523509,0.98457701,2.4664009,1.7085454,4.2139579,0.76397372,3.9917423,1.6713587,6.6716333,0.72835497,3.3137481,3.313949,10.981592,0.81727449,2.9681105,4.1265658,12.248103,0.85726985,2.6936715,4.6044447,12.402861,0.9058099,2.4587222,4.6807513,11.508667
0b_random_erasing_best,file,18,baseline_random_erasing,3891,067.Anna_Hummingbird/Anna_Hummingbird_0118_55773.jpg,67,66,067.Anna_Hummingbird,69,68,identity,identity,0,{},0.66780204,0.66780204,0,0.51283455,0.51283455,0.32952893,0.32952893,0.18330562,0.18330562,0,1,1,86.334486,86.334486,False,1.0000001,True,True,True,1,1,86.334486,86.334486,1,1,84.669904,84.669904,1,1,16.871595,16.871595,1,1,22.200905,22.200905,1,1,45.803154,45.803154,1,1,42.551245,42.551245,1,1,36.066489,36.066489,1,1,38.29861,38.29861
0b_random_erasing_best,file,18,baseline_random_erasing,3891,067.Anna_Hummingbird/Anna_Hummingbird_0118_55773.jpg,67,66,067.Anna_Hummingbird,69,68,random_erasing,random_erasing,0,"{""area_fraction"":0.197925,""erased"":true,""height"":0.732068,""left"":0.283798,""top"":0.16117,""width"":0.270365}",0.66780204,2.092773,1.4249709,0.51283455,0.12334464,0.32952893,0.040860929,0.18330562,0.082483716,-0.1008219,0.53844336,1.9259396,86.334486,166.27501,False,0.88275325,True,True,True,0.53844336,1.9259396,86.334486,166.27501,0.53190041,1.9370137,84.669904,164.00677,0.74340697,1.6222981,16.871595,27.370756,0.70009027,1.455455,22.200905,32.312419,0.59728884,1.6877971,45.803154,77.306428,0.52785314,2.2700058,42.551245,96.591572,0.46227701,2.0618072,36.066489,74.362146,0.50117616,1.8496528,38.29861,70.839132
0b_random_erasing_best,file,18,baseline_random_erasing,5405,093.Clark_Nutcracker/Clark_Nutcracker_0011_85698.jpg,93,92,093.Clark_Nutcracker,91,90,identity,identity,0,{},0.010698464,0.010698464,0,0.98935854,0.98935854,0.0061987862,0.0061987862,0.98315976,0.98315976,0,1,1,1.3570935,1.3570935,False,1,True,True,True,1,1,1.3570935,1.3570935,1,1,1.3088203,1.3088203,1,1,0.35873689,0.35873689,1,1,0.39970285,0.39970285,1,1,0.4645548,0.4645548,1,1,0.59087522,0.59087522,1,1,0.62504346,0.62504346,1,1,0.77306154,0.77306154
0b_random_erasing_best,file,18,baseline_random_erasing,5405,093.Clark_Nutcracker/Clark_Nutcracker_0011_85698.jpg,93,92,093.Clark_Nutcracker,91,90,random_erasing,random_erasing,0,"{""area_fraction"":0.19254,""erased"":true,""height"":0.247108,""left"":0.049182,""top"":0.597006,""width"":0.779174}",0.010698464,0.0091122007,-0.0015862631,0.98935854,0.99092919,0.0061987862,0.0032342104,0.98315976,0.98769498,0.0045352178,0.7874558,0.86724024,1.3570935,1.1769261,False,0.97369158,True,True,True,0.7874558,0.86724024,1.3570935,1.1769261,0.77616448,0.86903781,1.3088203,1.1374143,0.94274643,0.84294797,0.35873689,0.30239653,0.79794914,0.60655493,0.39970285,0.24244173,0.76124691,0.98635028,0.4645548,0.45821376,0.71522543,0.88927637,0.59087522,0.52545137,0.75808842,0.85693467,0.62504346,0.53562142,0.83781694,0.87922376,0.77306154,0.67969407
0b_random_erasing_best,file,18,baseline_random_erasing,920,017.Cardinal/Cardinal_0079_19044.jpg,17,16,017.Cardinal,96,95,identity,identity,0,{},0.034595564,0.034595564,0,0.96599603,0.96599603,0.0043056901,0.0043056901,0.96169034,0.96169034,0,1,1,4.9330683,4.9330683,False,1,True,True,True,1,1,4.9330683,4.9330683,1,1,4.8598929,4.8598929,1,1,0.84652462,0.84652462,1,1,0.71395104,0.71395104,1,1,1.869967,1.869967,1,1,2.4050468,2.4050468,1,1,2.6260116,2.6260116,1,1,2.6328444,2.6328444
0b_random_erasing_best,file,18,baseline_random_erasing,920,017.Cardinal/Cardinal_0079_19044.jpg,17,16,017.Cardinal,96,95,random_erasing,random_erasing,0,"{""area_fraction"":0.156477,""erased"":true,""height"":0.411616,""left"":0.546314,""top"":0.473501,""width"":0.380152}",0.034595564,0.024877027,-0.0097185373,0.96599603,0.97542983,0.0043056901,0.0031612425,0.96169034,0.97226859,0.010578254,0.90574227,0.74437114,4.9330683,3.6720337,False,0.9853183,True,True,True,0.90574227,0.74437114,4.9330683,3.6720337,0.90341963,0.74234451,4.8598929,3.6077148,0.97922601,0.8083284,0.84652462,0.68426989,0.92532119,0.75272386,0.71395104,0.53740798,0.90072696,0.78339447,1.869967,1.4649218,0.88967705,0.75213134,2.4050468,1.8089111,0.90791032,0.73227937,2.6260116,1.9229741,0.91186583,0.72173437,2.6328444,1.9002143
0b_random_erasing_best,file,18,baseline_random_erasing,5043,087.Mallard/Mallard_0071_76940.jpg,87,86,087.Mallard,134,133,identity,identity,0,{},0.46767405,0.46767405,0,0.62645769,0.62645769,0.035564657,0.035564657,0.59089303,0.59089303,0,1,1,41.343672,41.343672,False,1,True,True,True,1,1,41.343672,41.343672,1,1,40.467335,40.467335,1,1,8.4672339,8.4672339,1,1,6.3449141,6.3449141,1,1,15.357359,15.357359,1,1,18.75344,18.75344,1,1,19.890366,19.890366,1,1,24.782667,24.782667
0b_random_erasing_best,file,18,baseline_random_erasing,5043,087.Mallard/Mallard_0071_76940.jpg,87,86,087.Mallard,134,133,random_erasing,random_erasing,0,"{""area_fraction"":0.062126,""erased"":true,""height"":0.181624,""left"":0.278698,""top"":0.198106,""width"":0.342059}",0.46767405,0.43959314,-0.02808091,0.62645769,0.64429849,0.035564657,0.044240672,0.59089303,0.60005782,0.0091647878,0.90019222,0.9183378,41.343672,37.967457,False,0.98243833,True,True,True,0.90019222,0.9183378,41.343672,37.967457,0.89661444,0.91718369,40.467335,37.115979,0.97993225,0.94431545,8.4672339,7.9957398,0.86615575,0.88577191,6.3449141,5.6201467,0.8907518,0.90369472,15.357359,13.878365,0.86521487,0.87253921,18.75344,16.363112,0.88618393,0.9154906,19.890366,18.209443,0.92481692,0.94980086,24.782667,23.538598
0b_random_erasing_best,file,18,baseline_random_erasing,11743,200.Common_Yellowthroat/Common_Yellowthroat_0106_190989.jpg,200,199,200.Common_Yellowthroat,168,167,identity,identity,0,{},0.46457565,0.46457565,0,0.6284017,0.6284017,0.22470798,0.22470798,0.40369372,0.40369372,0,1,1,53.301817,53.301817,False,1.0000001,True,True,True,1,1,53.301817,53.301817,1,1,52.123593,52.123593,1,1,11.14517,11.14517,1,1,10.19088,10.19088,1,1,20.58969,20.58969,1,1,28.198691,28.198691,1,1,26.492551,26.492551,1,1,26.306997,26.306997
0b_random_erasing_best,file,18,baseline_random_erasing,11743,200.Common_Yellowthroat/Common_Yellowthroat_0106_190989.jpg,200,199,200.Common_Yellowthroat,168,167,random_erasing,random_erasing,0,"{""area_fraction"":0.123088,""erased"":true,""height"":0.263315,""left"":0.271654,""top"":0.170867,""width"":0.467458}",0.46457565,3.9042716,3.439696,0.6284017,0.020155631,0.22470798,0.77565247,0.40369372,-0.75549684,-1.1591906,0.53223524,2.7385213,53.301817,145.96816,False,0.84188443,False,True,False,0.53223524,2.7385213,53.301817,145.96816,0.51648259,2.7151186,52.123593,141.52174,0.83088744,3.207968,11.14517,35.753347,0.23078453,2.6439057,10.19088,26.943725,0.5292843,3.0705651,20.58969,63.221984,0.51713035,2.7348609,28.198691,77.1195,0.48752313,2.5002702,26.492551,66.238537,0.58093012,2.6799513,26.306997,70.50147
0b_random_erasing_best,file,18,baseline_random_erasing,3563,062.Herring_Gull/Herring_Gull_0129_46708.jpg,62,61,062.Herring_Gull,72,71,identity,identity,0,{},3.5490956,3.5490956,0,0.028750636,0.028750636,0.2852633,0.2852633,-0.25651266,-0.25651266,0,1,1,159.21831,159.21831,False,0.99999994,True,False,False,1,1,159.21831,159.21831,1,1,156.92337,156.92337,1,1,26.935645,26.935645,1,1,35.655485,35.655485,1,1,66.762137,66.762137,1,1,87.387623,87.387623,1,1,74.755676,74.755676,1,1,75.308954,75.308954
0b_random_erasing_best,file,18,baseline_random_erasing,3563,062.Herring_Gull/Herring_Gull_0129_46708.jpg,62,61,062.Herring_Gull,72,71,random_erasing,random_erasing,0,"{""area_fraction"":0.151001,""erased"":true,""height"":0.505682,""left"":0.210486,""top"":0.316971,""width"":0.298609}",3.5490956,3.5212994,-0.027796268,0.028750636,0.029561,0.2852633,0.35875747,-0.25651266,-0.32919647,-0.072683802,0.86684074,1.0621706,159.21831,169.11702,False,0.97915936,True,False,False,0.86684074,1.0621706,159.21831,169.11702,0.8638088,1.0629143,156.92337,166.79609,0.97262209,1.0366147,26.935645,27.921885,0.73620364,1.0582423,35.655485,37.732143,0.83994674,1.0511249,66.762137,70.175345,0.87844687,1.0935629,87.387623,95.563864,0.86883849,1.0557326,74.755676,78.922008,0.8869547,1.038072,75.308954,78.17612
0b_random_erasing_best,file,18,baseline_random_erasing,956,018.Spotted_Catbird/Spotted_Catbird_0016_796803.jpg,18,17,018.Spotted_Catbird,105,104,identity,identity,0,{},0.53975397,0.53975397,0,0.58289164,0.58289164,0.16525771,0.16525771,0.41763394,0.41763394,0,1,1,89.15812,89.15812,False,1,True,True,True,1,1,89.15812,89.15812,1,1,88.106415,88.106415,1,1,13.653938,13.653938,1,1,16.573922,16.573922,1,1,32.38374,32.38374,1,1,51.473999,51.473999,1,1,47.241916,47.241916,1,1,39.471098,39.471098
0b_random_erasing_best,file,18,baseline_random_erasing,956,018.Spotted_Catbird/Spotted_Catbird_0016_796803.jpg,18,17,018.Spotted_Catbird,105,104,random_erasing,random_erasing,0,"{""area_fraction"":0.150601,""erased"":true,""height"":0.223208,""left"":0.146523,""top"":0.428636,""width"":0.674714}",0.53975397,0.15331243,-0.38644154,0.58289164,0.85786164,0.16525771,0.052125856,0.41763394,0.80573578,0.38810185,0.82910043,0.37288044,89.15812,33.245319,False,0.94909668,True,True,True,0.82910043,0.37288044,89.15812,33.245319,0.82625666,0.37283582,88.106415,32.849228,0.94692291,0.37473353,13.653938,5.1165883,0.68615693,0.38854973,16.573922,6.4397929,0.77803367,0.41206623,32.38374,13.344246,0.85291681,0.3726704,51.473999,19.182836,0.84626558,0.36394706,47.241916,17.193556,0.81873878,0.3546287,39.471098,13.997584
0b_random_erasing_best,file,18,baseline_random_erasing,11179,190.Red_cockaded_Woodpecker/Red_Cockaded_Woodpecker_0060_182377.jpg,190,189,190.Red_cockaded_Woodpecker,187,186,identity,identity,0,{},0.053111698,0.053111698,0,0.94827408,0.94827408,0.030225385,0.030225385,0.91804869,0.91804869,0,1,1,7.703445,7.703445,False,0.99999988,True,True,True,1,1,7.703445,7.703445,1,1,7.5221507,7.5221507,1,1,1.6614192,1.6614192,1,1,1.9298271,1.9298271,1,1,3.3032,3.3032,1,1,4.3111601,4.3111601,1,1,3.3884739,3.3884739,1,1,3.4466694,3.4466694
0b_random_erasing_best,file,18,baseline_random_erasing,11179,190.Red_cockaded_Woodpecker/Red_Cockaded_Woodpecker_0060_182377.jpg,190,189,190.Red_cockaded_Woodpecker,187,186,random_erasing,random_erasing,0,"{""area_fraction"":0.093645,""erased"":true,""height"":0.228926,""left"":0.401273,""top"":0.645586,""width"":0.409063}",0.053111698,0.047024149,-0.006087549,0.94827408,0.95406437,0.030225385,0.021062318,0.91804869,0.93300205,0.01495336,0.95748606,0.83989568,7.703445,6.4700901,False,0.99386722,True,True,True,0.95748606,0.83989568,7.703445,6.4700901,0.95611452,0.84118802,7.5221507,6.327543,0.9871103,0.81295174,1.6614192,1.3506537,0.9496242,0.80569424,1.9298271,1.5548506,0.95743295,0.87331697,3.3032,2.8847406,0.96271371,0.85055211,4.3111601,3.6668663,0.95006162,0.82294695,3.3884739,2.7885343,0.95344137,0.82454962,3.4466694,2.84195
0b_random_erasing_best,file,18,baseline_random_erasing,4184,072.Pomarine_Jaeger/Pomarine_Jaeger_0075_61349.jpg,72,71,072.Pomarine_Jaeger,92,91,identity,identity,0,{},0.0040569156,0.0040569156,0,0.99595129,0.99595129,0.00098358281,0.00098358281,0.99496771,0.99496771,0,1,1,0.6673224,0.6673224,False,0.99999988,True,True,True,1,1,0.6673224,0.6673224,1,1,0.65548571,0.65548571,1,1,0.12513061,0.12513061,1,1,0.23774476,0.23774476,1,1,0.2988253,0.2988253,1,1,0.30447713,0.30447713,1,1,0.29518602,0.29518602,1,1,0.32249229,0.32249229
0b_random_erasing_best,file,18,baseline_random_erasing,4184,072.Pomarine_Jaeger/Pomarine_Jaeger_0075_61349.jpg,72,71,072.Pomarine_Jaeger,92,91,random_erasing,random_erasing,0,"{""area_fraction"":0.06879,""erased"":true,""height"":0.292988,""left"":0.394767,""top"":0.353976,""width"":0.234787}",0.0040569156,0.0062870816,0.002230166,0.99595129,0.99373263,0.00098358281,0.0010510848,0.99496771,0.99268155,-0.0022861657,0.88701143,1.6567733,0.6673224,1.1056019,False,0.98338223,True,True,True,0.88701143,1.6567733,0.6673224,1.1056019,0.88397266,1.6581756,0.65548571,1.0869104,0.9727385,1.6178179,0.12513061,0.20243854,0.92329656,1.6965904,0.23774476,0.40335547,0.88881309,1.6173725,0.2988253,0.48331183,0.87775333,1.6743045,0.30447713,0.50978742,0.85727772,1.7425038,0.29518602,0.51436277,0.88967177,1.5830617,0.32249229,0.5105252
0b_random_erasing_best,file,18,baseline_random_erasing,881,016.Painted_Bunting/Painted_Bunting_0086_16540.jpg,16,15,016.Painted_Bunting,172,171,identity,identity,0,{},0.0059159892,0.0059159892,0,0.99410146,0.99410146,0.001383789,0.001383789,0.99271768,0.99271768,0,1,1,0.82957319,0.82957319,False,1,True,True,True,1,1,0.82957319,0.82957319,1,1,0.80908964,0.80908964,1,1,0.18320926,0.18320926,1,1,0.16375452,0.16375452,1,1,0.32149755,0.32149755,1,1,0.44691663,0.44691663,1,1,0.37827088,0.37827088,1,1,0.42617662,0.42617662
0b_random_erasing_best,file,18,baseline_random_erasing,881,016.Painted_Bunting/Painted_Bunting_0086_16540.jpg,16,15,016.Painted_Bunting,172,171,random_erasing,random_erasing,0,"{""area_fraction"":0.145185,""erased"":true,""height"":0.221506,""left"":0.290515,""top"":0.773309,""width"":0.655446}",0.0059159892,0.013413309,0.00749732,0.99410146,0.98667628,0.001383789,0.0030939172,0.99271768,0.98358236,-0.0091353172,0.90366549,2.4651803,0.82957319,2.0450475,False,0.98483008,True,True,True,0.90366549,2.4651803,0.82957319,2.0450475,0.89995902,2.4720068,0.80908964,2.0000751,0.98197448,2.3280459,0.18320926,0.42651956,0.85709615,2.1030285,0.16375452,0.34438042,0.88012904,2.6951673,0.32149755,0.86648967,0.91275747,2.5383012,0.44691663,1.134409,0.89151882,2.4159223,0.37827088,0.91387304,0.91549995,2.3568057,0.42617662,1.0044155
0b_random_erasing_best,file,18,baseline_random_erasing,2199,039.Least_Flycatcher/Least_Flycatcher_0049_30361.jpg,39,38,039.Least_Flycatcher,38,37,identity,identity,0,{},0.46289584,0.46289584,0,0.62945819,0.62945819,0.10230137,0.10230137,0.52715682,0.52715682,0,1,1,59.922819,59.922819,False,1,True,True,True,1,1,59.922819,59.922819,1,1,58.959138,58.959138,1,1,10.703475,10.703475,1,1,14.399688,14.399688,1,1,27.262333,27.262333,1,1,31.510284,31.510284,1,1,29.013955,29.013955,1,1,26.284721,26.284721
0b_random_erasing_best,file,18,baseline_random_erasing,2199,039.Least_Flycatcher/Least_Flycatcher_0049_30361.jpg,39,38,039.Least_Flycatcher,38,37,random_erasing,random_erasing,0,"{""area_fraction"":0.113396,""erased"":true,""height"":0.495414,""left"":0.598594,""top"":0.288368,""width"":0.228891}",0.46289584,0.25078866,-0.21210718,0.62945819,0.7781868,0.10230137,0.035905812,0.52715682,0.74228099,0.21512416,0.88956797,0.61652534,59.922819,36.943937,False,0.98661244,True,True,True,0.88956797,0.61652534,59.922819,36.943937,0.88674272,0.61561009,58.959138,36.29584,0.9724103,0.64367793,10.703475,6.8895903,0.93542037,0.62987332,14.399688,9.0699795,0.85890584,0.59507778,27.262333,16.223208,0.88181113,0.61005519,31.510284,19.223012,0.88614489,0.60758598,29.013955,17.628472,0.90933918,0.64971511,26.284721,17.077581
0b_random_erasing_best,file,18,baseline_random_erasing,4531,078.Gray_Kingbird/Gray_Kingbird_0037_70050.jpg,78,77,078.Gray_Kingbird,111,110,identity,identity,0,{},0.1398945,0.1398945,0,0.86944997,0.86944997,0.06156202,0.06156202,0.80788795,0.80788795,0,1,1,17.084611,17.084611,False,1.0000001,True,True,True,1,1,17.084611,17.084611,1,1,16.541646,16.541646,1,1,4.272924,4.272924,1,1,4.5364288,4.5364288,1,1,6.7725671,6.7725671,1,1,8.2515529,8.2515529,1,1,7.6223927,7.6223927,1,1,8.9994567,8.9994567
0b_random_erasing_best,file,18,baseline_random_erasing,4531,078.Gray_Kingbird/Gray_Kingbird_0037_70050.jpg,78,77,078.Gray_Kingbird,111,110,random_erasing,random_erasing,0,"{""area_fraction"":0.101067,""erased"":true,""height"":0.536581,""left"":0.148791,""top"":0.41282,""width"":0.188354}",0.1398945,0.09530738,-0.04458712,0.86944997,0.90909344,0.06156202,0.032218874,0.80788795,0.87687457,0.068986613,0.86940708,0.69656184,17.084611,11.900488,False,0.9779073,True,True,True,0.86940708,0.69656184,17.084611,11.900488,0.86338817,0.70008183,16.541646,11.580506,0.97097865,0.64149915,4.272924,2.7410771,0.88248071,0.70229983,4.5364288,3.1859332,0.87401933,0.72426455,6.7725671,4.9051303,0.84490349,0.69646381,8.2515529,5.7469079,0.83582899,0.70346745,7.6223927,5.3621052,0.88860748,0.68604365,8.9994567,6.1740202
0b_random_erasing_best,file,18,baseline_random_erasing,782,015.Lazuli_Bunting/Lazuli_Bunting_0102_14605.jpg,15,14,015.Lazuli_Bunting,158,157,identity,identity,0,{},0.021923918,0.021923918,0,0.97831464,0.97831464,0.0012839558,0.0012839558,0.97703068,0.97703068,0,1,1,2.7222269,2.7222269,False,1.0000001,True,True,True,1,1,2.7222269,2.7222269,1,1,2.6740371,2.6740371,1,1,0.50994594,0.50994594,1,1,0.58864959,0.58864959,1,1,0.9486743,0.9486743,1,1,1.2397303,1.2397303,1,1,1.2768551,1.2768551,1,1,1.6542953,1.6542953
0b_random_erasing_best,file,18,baseline_random_erasing,782,015.Lazuli_Bunting/Lazuli_Bunting_0102_14605.jpg,15,14,015.Lazuli_Bunting,158,157,random_erasing,random_erasing,0,"{""area_fraction"":0.161227,""erased"":true,""height"":0.484442,""left"":0.141327,""top"":0.118094,""width"":0.332811}",0.021923918,1.753515,1.7315911,0.97831464,0.17316419,0.0012839558,0.022002006,0.97703068,0.15116218,-0.8258685,0.24663309,36.752071,2.7222269,100.04748,False,0.78203297,True,True,True,0.24663309,36.752071,2.7222269,100.04748,0.22056177,36.00764,2.6740371,96.285765,0.74918932,53.292421,0.50994594,27.176254,-0.18509242,31.402183,0.58864959,18.484882,0.031047791,46.192296,0.9486743,43.821444,0.20052909,39.148309,1.2397303,48.533347,0.21483387,34.155216,1.2768551,43.61126,0.38585796,31.708273,1.6542953,52.454846
0b_random_erasing_best,file,18,baseline_random_erasing,3068,053.Western_Grebe/Western_Grebe_0007_36074.jpg,53,52,053.Western_Grebe,50,49,identity,identity,0,{},0.40564024,0.40564024,0,0.66654992,0.66654992,0.17761204,0.17761204,0.48893788,0.48893788,0,1,1,59.378684,59.378684,False,0.99999994,True,True,True,1,1,59.378684,59.378684,1,1,58.069173,58.069173,1,1,12.40158,12.40158,1,1,18.690172,18.690172,1,1,30.529672,30.529672,1,1,28.156661,28.156661,1,1,25.093852,25.093852,1,1,25.848531,25.848531
0b_random_erasing_best,file,18,baseline_random_erasing,3068,053.Western_Grebe/Western_Grebe_0007_36074.jpg,53,52,053.Western_Grebe,50,49,random_erasing,random_erasing,0,"{""area_fraction"":0.068597,""erased"":true,""height"":0.217862,""left"":0.296,""top"":0.007416,""width"":0.314865}",0.40564024,0.4161045,0.010464251,0.66654992,0.65961134,0.17761204,0.18236463,0.48893788,0.47724672,-0.011691168,0.99029215,1.0541362,59.378684,62.593218,False,0.99786544,True,True,True,0.99029215,1.0541362,59.378684,62.593218,0.98998684,1.0546355,58.069173,61.241814,0.99711676,1.0431274,12.40158,12.936428,0.99543441,1.0553517,18.690172,19.724705,0.99300169,1.074467,30.529672,32.803127,0.99003149,1.0641698,28.156661,29.963469,0.98760037,1.0381833,25.093852,26.052019,0.98558446,1.0300704,25.848531,26.625806
0b_random_erasing_best,file,18,baseline_random_erasing,1464,027.Shiny_Cowbird/Shiny_Cowbird_0019_24323.jpg,27,26,027.Shiny_Cowbird,128,127,identity,identity,0,{},5.1520114,5.1520114,0,0.005787753,0.005787753,0.484476,0.484476,-0.47868825,-0.47868825,0,1,1,160.36656,160.36656,False,1,True,False,False,1,1,160.36656,160.36656,1,1,156.42454,156.42454,1,1,35.338314,35.338314,1,1,28.051161,28.051161,1,1,66.452736,66.452736,1,1,91.678741,91.678741,1,1,70.225688,70.225688,1,1,77.001071,77.001071
0b_random_erasing_best,file,18,baseline_random_erasing,1464,027.Shiny_Cowbird/Shiny_Cowbird_0019_24323.jpg,27,26,027.Shiny_Cowbird,128,127,random_erasing,random_erasing,0,"{""area_fraction"":0.190243,""erased"":true,""height"":0.771653,""left"":0.400241,""top"":0.023522,""width"":0.24654}",5.1520114,5.9611835,0.80917215,0.005787753,0.0025768611,0.484476,0.44400266,-0.47868825,-0.4414258,0.03726245,0.73264457,0.9372974,160.36656,150.31116,False,0.94573069,True,False,False,0.73264457,0.9372974,160.36656,150.31116,0.7211124,0.92852411,156.42454,145.24396,0.93365738,1.0951095,35.338314,38.699324,0.48355614,0.99921695,28.051161,28.029196,0.70133355,0.99956638,66.452736,66.423921,0.77035649,0.90685657,91.678741,83.139469,0.65578918,0.86962868,70.225688,61.070273,0.75651494,0.94154847,77.001071,72.500241
0b_random_erasing_best,file,18,baseline_random_erasing,11718,199.Winter_Wren/Winter_Wren_0126_190342.jpg,199,198,199.Winter_Wren,125,124,identity,identity,0,{},6.2300406,6.2300406,0,0.0019693722,0.0019693722,0.51437467,0.51437467,-0.5124053,-0.5124053,0,1,1,222.38744,222.38744,False,1,True,False,False,1,1,222.38744,222.38744,1,1,219.79416,219.79416,1,1,33.86292,33.86292,1,1,108.86291,108.86291,1,1,108.59646,108.59646,1,1,121.49867,121.49867,1,1,72.550466,72.550466,1,1,68.114988,68.114988
0b_random_erasing_best,file,18,baseline_random_erasing,11718,199.Winter_Wren/Winter_Wren_0126_190342.jpg,199,198,199.Winter_Wren,125,124,random_erasing,random_erasing,0,"{""area_fraction"":0.197824,""erased"":true,""height"":0.269817,""left"":0.259406,""top"":0.427989,""width"":0.73318}",6.2300406,7.4542446,1.2242041,0.0019693722,0.00057897897,0.51437467,0.25984877,-0.5124053,-0.25926979,0.25313551,0.86354114,0.92544088,222.38744,205.80642,False,0.92871261,False,False,False,0.86354114,0.92544088,222.38744,205.80642,0.86363308,0.92102961,219.79416,202.43693,0.8729177,1.0952602,33.86292,37.088708,0.96936218,0.70988882,108.86291,77.280562,0.88888884,0.91003497,108.59646,98.826577,0.89050331,0.95933607,121.49867,116.55806,0.7643199,1.0384842,72.550466,75.342509,0.74861227,1.1352415,68.114988,77.32696
0b_random_erasing_best,file,18,baseline_random_erasing,736,014.Indigo_Bunting/Indigo_Bunting_0059_11596.jpg,14,13,014.Indigo_Bunting,54,53,identity,identity,0,{},1.4269426,1.4269426,0,0.2400417,0.2400417,0.6831513,0.6831513,-0.4431096,-0.4431096,0,1,1,205.34505,205.34505,False,1,True,False,False,1,1,205.34505,205.34505,1,1,201.85773,201.85773,1,1,37.683483,37.683483,1,1,43.470082,43.470082,1,1,102.61062,102.61062,1,1,121.00364,121.00364,1,1,86.20184,86.20184,1,1,79.090564,79.090564
0b_random_erasing_best,file,18,baseline_random_erasing,736,014.Indigo_Bunting/Indigo_Bunting_0059_11596.jpg,14,13,014.Indigo_Bunting,54,53,random_erasing,random_erasing,0,"{""area_fraction"":0.063855,""erased"":true,""height"":0.205564,""left"":0.096077,""top"":0.234274,""width"":0.310631}",1.4269426,1.5597843,0.13284171,0.2400417,0.2101814,0.6831513,0.73200095,-0.4431096,-0.52181955,-0.078709945,0.95749145,1.1158444,205.34505,229.13312,False,0.98849338,True,False,False,0.95749145,1.1158444,205.34505,229.13312,0.95654186,1.117996,201.85773,225.67614,0.98814596,1.0522337,37.683483,39.651832,0.95932325,1.11238,43.470082,48.355251,0.97087131,1.1624379,102.61062,119.27847,0.96400742,1.1105627,121.00364,134.38214,0.93558399,1.1047006,86.20184,95.227226,0.93930845,1.0756357,79.090564,85.072631
0b_random_erasing_best,file,18,baseline_random_erasing,10670,182.Yellow_Warbler/Yellow_Warbler_0018_176674.jpg,182,181,182.Yellow_Warbler,175,174,identity,identity,0,{},2.0729022,2.0729022,0,0.12582009,0.12582009,0.28119034,0.28119034,-0.15537025,-0.15537025,0,1,1,130.75518,130.75518,False,0.99999994,True,False,False,1,1,130.75518,130.75518,1,1,128.56988,128.56988,1,1,23.805546,23.805546,1,1,24.462192,24.462192,1,1,62.99548,62.99548,1,1,75.170935,75.170935,1,1,56.060241,56.060241,1,1,56.30244,56.30244
0b_random_erasing_best,file,18,baseline_random_erasing,10670,182.Yellow_Warbler/Yellow_Warbler_0018_176674.jpg,182,181,182.Yellow_Warbler,175,174,random_erasing,random_erasing,0,"{""area_fraction"":0.170231,""erased"":true,""height"":0.65362,""left"":0.573182,""top"":0.097843,""width"":0.260444}",2.0729022,1.7937316,-0.27917063,0.12582009,0.16633831,0.28119034,0.15525502,-0.15537025,0.01108329,0.16645354,0.90841676,0.98385308,130.75518,128.64389,False,0.97415298,False,False,True,0.90841676,0.98385308,130.75518,128.64389,0.90664947,0.9845214,128.56988,126.5798,0.96124768,0.96415514,23.805546,22.952239,0.91264392,0.91934514,24.462192,22.489198,0.90853086,0.99829146,62.99548,62.88785,0.9242308,0.99324119,75.170935,74.662869,0.88418965,0.97837513,56.060241,54.847945,0.89419778,0.96940448,56.30244,54.579838
0b_random_erasing_best,file,18,baseline_random_erasing,7916,135.Bank_Swallow/Bank_Swallow_0007_129514.jpg,135,134,135.Bank_Swallow,71,70,identity,identity,0,{},1.2828472,1.2828472,0,0.2772468,0.2772468,0.16480219,0.16480219,0.11244461,0.11244461,0,1,1,120.04962,120.04962,False,1,True,True,True,1,1,120.04962,120.04962,1,1,118.66152,118.66152,1,1,18.203142,18.203142,1,1,26.566283,26.566283,1,1,58.656702,58.656702,1,1,67.911052,67.911052,1,1,52.028402,52.028402,1,1,51.140156,51.140156
0b_random_erasing_best,file,18,baseline_random_erasing,7916,135.Bank_Swallow/Bank_Swallow_0007_129514.jpg,135,134,135.Bank_Swallow,71,70,random_erasing,random_erasing,0,"{""area_fraction"":0.131602,""erased"":true,""height"":0.243537,""left"":0.120415,""top"":0.670999,""width"":0.54038}",1.2828472,2.0156395,0.73279238,0.2772468,0.13323516,0.16480219,0.07393381,0.11244461,0.059301347,-0.053143263,0.83941836,1.493462,120.04962,179.28955,False,0.95685482,False,True,False,0.83941836,1.493462,120.04962,179.28955,0.83787837,1.4994413,118.66152,177.92599,0.93900916,1.2124281,18.203142,22.07,0.89461604,1.3003212,26.566283,34.5447,0.79327428,1.4645915,58.656702,85.908107,0.85991352,1.5989982,67.911052,108.58965,0.83756003,1.544103,52.028402,80.337214,0.85164527,1.3601479,51.140156,69.558176
0b_random_erasing_best,file,18,baseline_random_erasing,8376,143.Caspian_Tern/Caspian_Tern_0013_145553.jpg,143,142,143.Caspian_Tern,144,143,identity,identity,0,{},3.3020463,3.3020463,0,0.036807775,0.036807775,0.16601038,0.16601038,-0.1292026,-0.1292026,0,1,1,102.85784,102.85784,False,1.0000001,True,False,False,1,1,102.85784,102.85784,1,1,99.807935,99.807935,1,1,24.861867,24.861867,1,1,27.810019,27.810019,1,1,40.939592,40.939592,1,1,50.15024,50.15024,1,1,45.041057,45.041057,1,1,54.483328,54.483328
0b_random_erasing_best,file,18,baseline_random_erasing,8376,143.Caspian_Tern/Caspian_Tern_0013_145553.jpg,143,142,143.Caspian_Tern,144,143,random_erasing,random_erasing,0,"{""area_fraction"":0.067213,""erased"":true,""height"":0.224103,""left"":0.279665,""top"":0.421473,""width"":0.299922}",3.3020463,3.7126133,0.41056705,0.036807775,0.02441364,0.16601038,0.34601617,-0.1292026,-0.32160253,-0.19239992,0.85773859,1.2560307,102.85784,129.19261,False,0.98631495,True,False,False,0.85773859,1.2560307,102.85784,129.19261,0.85120267,1.259282,99.807935,125.68633,0.96891852,1.2024204,24.861867,29.894418,0.9156788,1.1498496,27.810019,31.977339,0.83393066,1.1820047,40.939592,48.390791,0.84630402,1.288973,50.15024,64.642306,0.83106726,1.3512664,45.041057,60.862467,0.86792965,1.2380567,54.483328,67.45345
0b_random_erasing_best,file,18,baseline_random_erasing,4061,070.Green_Violetear/Green_Violetear_0027_60841.jpg,70,69,070.Green_Violetear,67,66,identity,identity,0,{},0.0036625466,0.0036625466,0,0.99634415,0.99634415,0.0025537293,0.0025537293,0.99379042,0.99379042,0,1,1,0.53596509,0.53596509,False,1,True,True,True,1,1,0.53596509,0.53596509,1,1,0.51699384,0.51699384,1,1,0.14133629,0.14133629,1,1,0.10500794,0.10500794,1,1,0.20511062,0.20511062,1,1,0.24068152,0.24068152,1,1,0.25691877,0.25691877,1,1,0.30041761,0.30041761
0b_random_erasing_best,file,18,baseline_random_erasing,4061,070.Green_Violetear/Green_Violetear_0027_60841.jpg,70,69,070.Green_Violetear,67,66,random_erasing,random_erasing,0,"{""area_fraction"":0.151491,""erased"":true,""height"":0.413985,""left"":0.531704,""top"":0.42787,""width"":0.365934}",0.0036625466,0.004463709,0.00080116233,0.99634415,0.99554622,0.0025537293,0.0024541649,0.99379042,0.99309206,-0.00069836294,0.90488359,1.2416964,0.53596509,0.66550594,False,0.99120462,True,True,True,0.90488359,1.2416964,0.53596509,0.66550594,0.89962142,1.2428432,0.51699384,0.64254229,0.9763216,1.226249,0.14133629,0.17331348,0.67271936,0.96146573,0.10500794,0.10096154,0.87943901,1.1735258,0.20511062,0.24070259,0.89415494,1.2268497,0.24068152,0.29528005,0.90075781,1.3247841,0.25691877,0.34036192,0.93719854,1.2529938,0.30041761,0.3764214
0b_random_erasing_best,file,18,baseline_random_erasing,6612,113.Baird_Sparrow/Baird_Sparrow_0049_787324.jpg,113,112,113.Baird_Sparrow,128,127,identity,identity,0,{},0.0052960101,0.0052960101,0,0.99471802,0.99471802,0.0011405367,0.0011405367,0.99357748,0.99357748,0,1,1,0.94435999,0.94435999,False,1,True,True,True,1,1,0.94435999,0.94435999,1,1,0.92745057,0.92745057,1,1,0.17790795,0.17790795,1,1,0.1740712,0.1740712,1,1,0.46920541,0.46920541,1,1,0.54921016,0.54921016,1,1,0.38034072,0.38034072,1,1,0.40425138,0.40425138
0b_random_erasing_best,file,18,baseline_random_erasing,6612,113.Baird_Sparrow/Baird_Sparrow_0049_787324.jpg,113,112,113.Baird_Sparrow,128,127,random_erasing,random_erasing,0,"{""area_fraction"":0.17484,""erased"":true,""height"":0.412235,""left"":0.318219,""top"":0.201218,""width"":0.424126}",0.0052960101,0.042769331,0.037473321,0.99471802,0.95813239,0.0011405367,0.020056041,0.99357748,0.93807635,-0.055501133,0.76413739,10.955063,0.94435999,10.345523,False,0.93433297,True,True,True,0.76413739,10.955063,0.94435999,10.345523,0.76020573,11.000874,0.92745057,10.202767,0.89283105,9.6269543,0.17790795,1.7127117,0.82078044,10.651861,0.1740712,1.8541823,0.75404899,10.679166,0.46920541,5.0107226,0.78976098,11.321899,0.54921016,6.2181021,0.72585525,11.732233,0.38034072,4.462246,0.73657892,10.191767,0.40425138,4.1200357
0b_random_erasing_best,file,18,baseline_random_erasing,6151,106.Horned_Puffin/Horned_Puffin_0029_100888.jpg,106,105,106.Horned_Puffin,8,7,identity,identity,0,{},1.4027001,1.4027001,0,0.24593204,0.24593204,0.24286965,0.24286965,0.0030623972,0.0030623972,0,1,1,97.418392,97.418392,False,1.0000001,True,True,True,1,1,97.418392,97.418392,1,1,95.081946,95.081946,1,1,21.207699,21.207699,1,1,30.143531,30.143531,1,1,36.381168,36.381168,1,1,52.988551,52.988551,1,1,43.511029,43.511029,1,1,45.905974,45.905974
0b_random_erasing_best,file,18,baseline_random_erasing,6151,106.Horned_Puffin/Horned_Puffin_0029_100888.jpg,106,105,106.Horned_Puffin,8,7,random_erasing,random_erasing,0,"{""area_fraction"":0.178382,""erased"":true,""height"":0.291834,""left"":0.148907,""top"":0.428872,""width"":0.611244}",1.4027001,4.3579779,2.9552778,0.24593204,0.012804255,0.24286965,0.20046075,0.0030623972,-0.18765649,-0.19071889,0.55854991,1.5037998,97.418392,146.49775,False,0.90058327,False,True,False,0.55854991,1.5037998,97.418392,146.49775,0.54366148,1.5078173,95.081946,143.3662,0.87712787,1.4206371,21.207699,30.128443,0.42647001,1.6650579,30.143531,50.190725,0.42647218,1.6283481,36.381168,59.241208,0.55333626,1.4424676,52.988551,76.434268,0.54576189,1.4852058,43.511029,64.622833,0.67196862,1.4624171,45.905974,67.133681
0b_random_erasing_best,file,18,baseline_random_erasing,4937,085.Horned_Lark/Horned_Lark_0046_73950.jpg,85,84,085.Horned_Lark,132,131,identity,identity,0,{},0.0026252351,0.0026252351,0,0.99737823,0.99737823,0.00044768071,0.00044768071,0.99693055,0.99693055,0,1,1,0.39923898,0.39923898,False,0.99999982,True,True,True,1,1,0.39923898,0.39923898,1,1,0.39007512,0.39007512,1,1,0.085047973,0.085047973,1,1,0.12216174,0.12216174,1,1,0.15495262,0.15495262,1,1,0.20613238,0.20613238,1,1,0.169516,0.169516,1,1,0.20493552,0.20493552
0b_random_erasing_best,file,18,baseline_random_erasing,4937,085.Horned_Lark/Horned_Lark_0046_73950.jpg,85,84,085.Horned_Lark,132,131,random_erasing,random_erasing,0,"{""area_fraction"":0.103239,""erased"":true,""height"":0.458984,""left"":0.483842,""top"":0.221659,""width"":0.224929}",0.0026252351,0.00045599075,-0.0021692444,0.99737823,0.99954408,0.00044768071,8.3197927e-05,0.99693055,0.99946089,0.0025303368,0.85300393,0.16816586,0.39923898,0.067138364,False,0.98424304,True,True,True,0.85300393,0.16816586,0.39923898,0.067138364,0.84666466,0.16715158,0.39007512,0.065201672,0.97713967,0.18824001,0.085047973,0.016009431,0.88476998,0.14497959,0.12216174,0.017710959,0.84795879,0.1699335,0.15495262,0.026331641,0.85209024,0.16810961,0.20613238,0.034652835,0.79262195,0.16891864,0.169516,0.028634412,0.86850296,0.17067918,0.20493552,0.034978225
0b_random_erasing_best,file,18,baseline_random_erasing,6726,115.Brewer_Sparrow/Brewer_Sparrow_0023_107489.jpg,115,114,115.Brewer_Sparrow,112,111,identity,identity,0,{},0.728809,0.728809,0,0.4824833,0.4824833,0.082220182,0.082220182,0.40026312,0.40026312,0,1,1,76.410206,76.410206,False,1,True,True,True,1,1,76.410206,76.410206,1,1,75.281038,75.281038,1,1,13.087587,13.087587,1,1,23.774353,23.774353,1,1,32.190442,32.190442,1,1,40.240058,40.240058,1,1,34.186288,34.186288,1,1,35.746688,35.746688
0b_random_erasing_best,file,18,baseline_random_erasing,6726,115.Brewer_Sparrow/Brewer_Sparrow_0023_107489.jpg,115,114,115.Brewer_Sparrow,112,111,random_erasing,random_erasing,0,"{""area_fraction"":0.095422,""erased"":true,""height"":0.548106,""left"":0.783492,""top"":0.195483,""width"":0.174093}",0.728809,0.64763391,-0.081175089,0.4824833,0.52328247,0.082220182,0.046399709,0.40026312,0.47688276,0.076619644,0.96809115,0.92885405,76.410206,70.973929,False,0.99415296,True,True,True,0.96809115,0.92885405,76.410206,70.973929,0.96741582,0.9285969,75.281038,69.905738,0.99026859,0.93732258,13.087587,12.267291,0.96639303,0.96331024,23.774353,22.902078,0.9576324,0.92784287,32.190442,29.867672,0.9741941,0.94032802,40.240058,37.838854,0.96660455,0.91181663,34.186288,31.171626,0.96852689,0.91369583,35.746688,32.6616
0b_random_erasing_best,file,18,baseline_random_erasing,8770,150.Sage_Thrasher/Sage_Thrasher_0095_796446.jpg,150,149,150.Sage_Thrasher,9,8,identity,identity,0,{},0.0013208007,0.0013208007,0,0.99868006,0.99868006,0.00034540982,0.00034540982,0.99833465,0.99833465,0,1,1,0.17035856,0.17035856,False,1,True,True,True,1,1,0.17035856,0.17035856,1,1,0.1634869,0.1634869,1,1,0.047896502,0.047896502,1,1,0.023339777,0.023339777,1,1,0.062617885,0.062617885,1,1,0.082286335,0.082286335,1,1,0.077859326,0.077859326,1,1,0.097103579,0.097103579
0b_random_erasing_best,file,18,baseline_random_erasing,8770,150.Sage_Thrasher/Sage_Thrasher_0095_796446.jpg,150,149,150.Sage_Thrasher,9,8,random_erasing,random_erasing,0,"{""area_fraction"":0.117303,""erased"":true,""height"":0.319999,""left"":0.109435,""top"":0.361748,""width"":0.366573}",0.0013208007,0.0021255061,0.00080470531,0.99868006,0.99787676,0.00034540982,0.00036135496,0.99833465,0.99751541,-0.00081923694,0.84929753,1.7743665,0.17035856,0.30227852,False,0.99053383,True,True,True,0.84929753,1.7743665,0.17035856,0.30227852,0.84032404,1.7900634,0.1634869,0.29265191,0.9738991,1.5800323,0.047896502,0.075678023,0.81036192,1.7564101,0.023339777,0.04099422,0.83213274,1.7431105,0.062617885,0.10914989,0.82276738,1.8335984,0.082286335,0.15088009,0.81629094,1.9109083,0.077859326,0.14878203,0.8794622,1.696875,0.097103579,0.16477264
0b_random_erasing_best,file,18,baseline_random_erasing,4112,071.Long_tailed_Jaeger/Long_Tailed_Jaeger_0054_797088.jpg,71,70,071.Long_tailed_Jaeger,61,60,identity,identity,0,{},2.9094956,2.9094956,0,0.054503214,0.054503214,0.17362472,0.17362472,-0.11912151,-0.11912151,0,1,1,104.76887,104.76887,False,1,True,False,False,1,1,104.76887,104.76887,1,1,102.19039,102.19039,1,1,23.10068,23.10068,1,1,32.242056,32.242056,1,1,42.198082,42.198082,1,1,51.081628,51.081628,1,1,48.335238,48.335238,1,1,51.73992,51.73992
0b_random_erasing_best,file,18,baseline_random_erasing,4112,071.Long_tailed_Jaeger/Long_Tailed_Jaeger_0054_797088.jpg,71,70,071.Long_tailed_Jaeger,61,60,random_erasing,random_erasing,0,"{""area_fraction"":0.154992,""erased"":true,""height"":0.268895,""left"":0.212282,""top"":0.433465,""width"":0.576402}",2.9094956,3.5295358,0.62004018,0.054503214,0.029318525,0.17362472,0.24281546,-0.11912151,-0.21349694,-0.09437543,0.76703078,1.1954222,104.76887,125.24304,False,0.96360403,False,False,False,0.76703078,1.1954222,104.76887,125.24304,0.75741275,1.189221,102.19039,121.52695,0.94122527,1.3108844,23.10068,30.282321,0.76702445,0.94157826,32.242056,30.358419,0.71875174,1.1802092,42.198082,49.802563,0.76291167,1.2093643,51.081628,61.776297,0.75137299,1.2036635,48.335238,58.179362,0.78592143,1.2474392,51.73992,64.542406
0b_random_erasing_best,file,18,baseline_random_erasing,6465,111.Loggerhead_Shrike/Loggerhead_Shrike_0119_105138.jpg,111,110,111.Loggerhead_Shrike,112,111,identity,identity,0,{},0.45860082,0.45860082,0,0.63216758,0.63216758,0.13134307,0.13134307,0.50082451,0.50082451,0,1,1,54.168505,54.168505,False,1,True,True,True,1,1,54.168505,54.168505,1,1,53.083069,53.083069,1,1,10.789567,10.789567,1,1,13.559992,13.559992,1,1,23.880658,23.880658,1,1,29.056965,29.056965,1,1,24.91249,24.91249,1,1,24.468626,24.468626
0b_random_erasing_best,file,18,baseline_random_erasing,6465,111.Loggerhead_Shrike/Loggerhead_Shrike_0119_105138.jpg,111,110,111.Loggerhead_Shrike,112,111,random_erasing,random_erasing,0,"{""area_fraction"":0.191309,""erased"":true,""height"":0.335971,""left"":0.126665,""top"":0.147326,""width"":0.569422}",0.45860082,0.23109345,-0.22750737,0.63216758,0.79366529,0.13134307,0.11539677,0.50082451,0.67826852,0.17744401,0.77903867,0.57949989,54.168505,31.390643,False,0.94765085,True,True,True,0.77903867,0.57949989,54.168505,31.390643,0.77288906,0.5769525,53.083069,30.62641,0.91741166,0.63806448,10.789567,6.8844394,0.64406372,0.50535245,13.559992,6.8525751,0.76824785,0.63458182,23.880658,15.154231,0.81557936,0.56590314,29.056965,16.443427,0.7579803,0.57379346,24.91249,14.294624,0.77490602,0.55834111,24.468626,13.66184
0b_random_erasing_best,file,18,baseline_random_erasing,2001,036.Northern_Flicker/Northern_Flicker_0037_28751.jpg,36,35,036.Northern_Flicker,189,188,identity,identity,0,{},0.019900659,0.019900659,0,0.98029608,0.98029608,0.014777817,0.014777817,0.96551826,0.96551826,0,1,1,3.3934361,3.3934361,False,1,True,True,True,1,1,3.3934361,3.3934361,1,1,3.3351986,3.3351986,1,1,0.62598634,0.62598634,1,1,0.54724565,0.54724565,1,1,1.5579465,1.5579465,1,1,1.9483516,1.9483516,1,1,1.4598607,1.4598607,1,1,1.5714985,1.5714985
0b_random_erasing_best,file,18,baseline_random_erasing,2001,036.Northern_Flicker/Northern_Flicker_0037_28751.jpg,36,35,036.Northern_Flicker,189,188,random_erasing,random_erasing,0,"{""area_fraction"":0.099457,""erased"":true,""height"":0.244929,""left"":0.552922,""top"":0.308787,""width"":0.406065}",0.019900659,0.043878801,0.023978142,0.98029608,0.95706993,0.014777817,0.038927339,0.96551826,0.91814259,-0.047375664,0.92535687,2.4104187,3.3934361,8.1796019,False,0.99057031,True,True,True,0.92535687,2.4104187,3.3934361,8.1796019,0.92318238,2.4087802,3.3351986,8.0337602,0.98605641,2.4564761,0.62598634,1.5377205,0.87260593,2.3735312,0.54724565,1.2989046,0.92150083,2.3699156,1.5579465,3.6922017,0.9430305,2.4116243,1.9483516,4.698692,0.90199677,2.5326684,1.4598607,3.6973431,0.92107469,2.3357706,1.5714985,3.67066
0b_random_erasing_best,file,18,baseline_random_erasing,7827,134.Cape_Glossy_Starling/Cape_Glossy_Starling_0043_129358.jpg,134,133,134.Cape_Glossy_Starling,14,13,identity,identity,0,{},0.023460427,0.023460427,0,0.9768126,0.9768126,0.0039995778,0.0039995778,0.97281302,0.97281302,0,1,1,2.5439151,2.5439151,False,1,True,True,True,1,1,2.5439151,2.5439151,1,1,2.4842439,2.4842439,1,1,0.54775578,0.54775578,1,1,0.39254116,0.39254116,1,1,0.93257068,0.93257068,1,1,1.1563496,1.1563496,1,1,1.1379382,1.1379382,1,1,1.586078,1.586078
0b_random_erasing_best,file,18,baseline_random_erasing,7827,134.Cape_Glossy_Starling/Cape_Glossy_Starling_0043_129358.jpg,134,133,134.Cape_Glossy_Starling,14,13,random_erasing,random_erasing,0,"{""area_fraction"":0.061941,""erased"":true,""height"":0.301767,""left"":0.367351,""top"":0.545842,""width"":0.20526}",0.023460427,0.013581257,-0.00987917,0.9768126,0.98651057,0.0039995778,0.0026186609,0.97281302,0.98389191,0.011078891,0.92241078,0.63836938,2.5439151,1.6239575,False,0.99254382,True,True,True,0.92241078,0.63836938,2.5439151,1.6239575,0.91911567,0.63801666,2.4842439,1.584989,0.98945489,0.64558189,0.54775578,0.35362122,0.91275826,0.67821415,0.39254116,0.26622697,0.92223924,0.66643669,0.93257068,0.62149932,0.89123763,0.67762879,1.1563496,0.78357578,0.89321432,0.62401879,1.1379382,0.71009483,0.95091696,0.61024606,1.586078,0.96789785
0b_random_erasing_best,file,18,baseline_random_erasing,11579,197.Marsh_Wren/Marsh_Wren_0094_188710.jpg,197,196,197.Marsh_Wren,193,192,identity,identity,0,{},0.39400834,0.39400834,0,0.67434841,0.67434841,0.047062539,0.047062539,0.62728588,0.62728588,0,1,1,58.391391,58.391391,False,0.99999988,True,True,True,1,1,58.391391,58.391391,1,1,57.79783,57.79783,1,1,8.304541,8.304541,1,1,12.769663,12.769663,1,1,27.601076,27.601076,1,1,39.7235,39.7235,1,1,20.505208,20.505208,1,1,20.427566,20.427566
0b_random_erasing_best,file,18,baseline_random_erasing,11579,197.Marsh_Wren/Marsh_Wren_0094_188710.jpg,197,196,197.Marsh_Wren,193,192,random_erasing,random_erasing,0,"{""area_fraction"":0.167045,""erased"":true,""height"":0.70258,""left"":0.402744,""top"":0.259077,""width"":0.23776}",0.39400834,3.927114,3.5331057,0.67434841,0.019700449,0.047062539,0.0090458421,0.62728588,0.010654607,-0.61663127,0.25208535,3.1612687,58.391391,184.59088,False,0.76931643,False,True,False,0.25208535,3.1612687,58.391391,184.59088,0.23989865,3.1183418,57.79783,180.23339,0.65856355,4.801139,8.304541,39.871256,0.34350877,3.3278644,12.769663,42.495706,0.31887945,3.1818647,27.601076,87.822888,0.14939419,2.4106364,39.7235,95.758916,0.22271006,3.7879976,20.505208,77.673677,0.3426488,4.3130081,20.427566,88.104257
0b_random_erasing_best,file,18,baseline_random_erasing,7688,132.White_crowned_Sparrow/White_Crowned_Sparrow_0087_128008.jpg,132,131,132.White_crowned_Sparrow,159,158,identity,identity,0,{},0.25099847,0.25099847,0,0.77802354,0.77802354,0.055819783,0.055819783,0.72220376,0.72220376,0,1,1,28.61831,28.61831,False,1,True,True,True,1,1,28.61831,28.61831,1,1,27.96367,27.96367,1,1,6.0861166,6.0861166,1,1,5.938298,5.938298,1,1,12.264319,12.264319,1,1,14.414592,14.414592,1,1,13.365063,13.365063,1,1,14.487393,14.487393
0b_random_erasing_best,file,18,baseline_random_erasing,7688,132.White_crowned_Sparrow/White_Crowned_Sparrow_0087_128008.jpg,132,131,132.White_crowned_Sparrow,159,158,random_erasing,random_erasing,0,"{""area_fraction"":0.155934,""erased"":true,""height"":0.655972,""left"":0.315334,""top"":0.110228,""width"":0.237715}",0.25099847,0.34837356,0.097375095,0.77802354,0.70583516,0.055819783,0.018293997,0.72220376,0.68754117,-0.034662591,0.74416443,1.3481975,28.61831,38.583132,False,0.94404244,True,True,True,0.74416443,1.3481975,28.61831,38.583132,0.73547754,1.3424244,27.96367,37.539112,0.91492809,1.4647719,6.0861166,8.9147727,0.59604221,1.3083472,5.938298,7.7693559,0.6885843,1.364,12.264319,16.728531,0.75740087,1.3697929,14.414592,19.745006,0.71539555,1.3113051,13.365063,17.525675,0.78789387,1.3312514,14.487393,19.286362
0b_random_erasing_best,file,18,baseline_random_erasing,6623,114.Black_throated_Sparrow/Black_Throated_Sparrow_0033_107042.jpg,114,113,114.Black_throated_Sparrow,85,84,identity,identity,0,{},0.064229399,0.064229399,0,0.93778986,0.93778986,0.01403533,0.01403533,0.92375453,0.92375453,0,1,1,7.9164773,7.9164773,False,1,True,True,True,1,1,7.9164773,7.9164773,1,1,7.762592,7.762592,1,1,1.5533119,1.5533119,1,1,2.0218376,2.0218376,1,1,3.3209222,3.3209222,1,1,3.8982171,3.8982171,1,1,3.6135355,3.6135355,1,1,4.1094706,4.1094706
0b_random_erasing_best,file,18,baseline_random_erasing,6623,114.Black_throated_Sparrow/Black_Throated_Sparrow_0033_107042.jpg,114,113,114.Black_throated_Sparrow,85,84,random_erasing,random_erasing,0,"{""area_fraction"":0.136197,""erased"":true,""height"":0.309951,""left"":0.5174,""top"":0.575129,""width"":0.439415}",0.064229399,0.091572948,0.027343549,0.93778986,0.91249472,0.01403533,0.0091635613,0.92375453,0.90333116,-0.020423369,0.89768568,1.4544568,7.9164773,11.514174,False,0.99189675,True,True,True,0.89768568,1.4544568,7.9164773,11.514174,0.89460636,1.4588874,7.762592,11.324748,0.98465406,1.339057,1.5533119,2.0799731,0.93868558,1.5312732,2.0218376,3.0959858,0.8919256,1.4980759,3.3209222,4.9749936,0.87946709,1.5022364,3.8982171,5.8560435,0.86662447,1.4077578,3.6135355,5.0869828,0.92267168,1.4135453,4.1094706,5.8089226
0b_random_erasing_best,file,18,baseline_random_erasing,2550,045.Northern_Fulmar/Northern_Fulmar_0083_43618.jpg,45,44,045.Northern_Fulmar,72,71,identity,identity,0,{},0.75532812,0.75532812,0,0.46985641,0.46985641,0.36940649,0.36940649,0.10044992,0.10044992,0,1,1,101.28123,101.28123,False,0.99999988,True,True,True,1,1,101.28123,101.28123,1,1,98.695648,98.695648,1,1,22.738883,22.738883,1,1,26.815183,26.815183,1,1,45.421813,45.421813,1,1,49.917032,49.917032,1,1,46.225805,46.225805,1,1,48.271115,48.271115
0b_random_erasing_best,file,18,baseline_random_erasing,2550,045.Northern_Fulmar/Northern_Fulmar_0083_43618.jpg,45,44,045.Northern_Fulmar,72,71,random_erasing,random_erasing,0,"{""area_fraction"":0.08655,""erased"":true,""height"":0.343346,""left"":0.365974,""top"":0.21389,""width"":0.252079}",0.75532812,0.84927702,0.093948901,0.46985641,0.42772406,0.36940649,0.3417854,0.10044992,0.085938662,-0.014511257,0.85896712,1.0652335,101.28123,107.88816,False,0.98484457,True,True,True,0.85896712,1.0652335,101.28123,107.88816,0.85245064,1.0642304,98.695648,105.03491,0.97963442,1.083957,22.738883,24.647972,0.86559766,1.0015273,26.815183,26.856139,0.80023366,0.99497404,45.421813,45.193525,0.85630201,1.0857366,49.917032,54.196746,0.84812883,1.0743692,46.225805,49.66358,0.89298401,1.1088297,48.271115,53.524446
0b_random_erasing_best,file,18,baseline_random_erasing,6381,109.American_Redstart/American_Redstart_0031_102890.jpg,109,108,109.American_Redstart,171,170,identity,identity,0,{},0.13541816,0.13541816,0,0.87335062,0.87335062,0.045198176,0.045198176,0.82815244,0.82815244,0,1,1,20.687332,20.687332,False,1,True,True,True,1,1,20.687332,20.687332,1,1,20.391096,20.391096,1,1,3.4883983,3.4883983,1,1,5.5316819,5.5316819,1,1,9.5064936,9.5064936,1,1,10.456527,10.456527,1,1,9.6928036,9.6928036,1,1,9.567365,9.567365
0b_random_erasing_best,file,18,baseline_random_erasing,6381,109.American_Redstart/American_Redstart_0031_102890.jpg,109,108,109.American_Redstart,171,170,random_erasing,random_erasing,0,"{""area_fraction"":0.138871,""erased"":true,""height"":0.217889,""left"":0.046172,""top"":0.311348,""width"":0.637349}",0.13541816,0.24866334,0.11324517,0.87335062,0.7798425,0.045198176,0.099456899,0.82815244,0.6803856,-0.14776685,0.89243293,1.9602197,20.687332,40.551716,False,0.95265603,True,True,True,0.89243293,1.9602197,20.687332,40.551716,0.89078739,1.9595474,20.391096,39.957318,0.94805394,1.9830556,3.4883983,6.9176876,0.94176184,2.0163162,5.5316819,11.15362,0.92369364,2.0551979,9.5064936,19.537726,0.89466454,2.029295,10.456527,21.219377,0.85181728,1.8780412,9.6928036,18.203485,0.87618748,1.8368308,9.567365,17.57363
0b_random_erasing_best,file,18,baseline_random_erasing,10708,182.Yellow_Warbler/Yellow_Warbler_0067_176856.jpg,182,181,182.Yellow_Warbler,180,179,identity,identity,0,{},0.38108847,0.38108847,0,0.68311745,0.68311745,0.185323,0.185323,0.49779445,0.49779445,0,1,1,44.110495,44.110495,False,1,True,True,True,1,1,44.110495,44.110495,1,1,42.796279,42.796279,1,1,10.687109,10.687109,1,1,12.932092,12.932092,1,1,19.646063,19.646063,1,1,23.972171,23.972171,1,1,17.908979,17.908979,1,1,19.568296,19.568296
0b_random_erasing_best,file,18,baseline_random_erasing,10708,182.Yellow_Warbler/Yellow_Warbler_0067_176856.jpg,182,181,182.Yellow_Warbler,180,179,random_erasing,random_erasing,0,"{""area_fraction"":0.097871,""erased"":true,""height"":0.306374,""left"":0.204553,""top"":0.135379,""width"":0.319449}",0.38108847,0.76566839,0.38457993,0.68311745,0.46502304,0.185323,0.47348893,0.49779445,-0.0084658861,-0.50626034,0.78150233,1.9870683,44.110495,87.650565,False,0.9650588,False,True,False,0.78150233,1.9870683,44.110495,87.650565,0.77329571,1.9968467,42.796279,85.457608,0.92870791,1.8231132,10.687109,19.483809,0.78852827,1.6022289,12.932092,20.720172,0.74131948,2.152464,19.646063,42.287444,0.77346383,1.9181193,23.972171,45.981484,0.77511515,2.2003312,17.908979,39.405685,0.81605929,1.9245883,19.568296,37.660914
0b_random_erasing_best,file,18,baseline_random_erasing,479,009.Brewer_Blackbird/Brewer_Blackbird_0116_2327.jpg,9,8,009.Brewer_Blackbird,29,28,identity,identity,0,{},0.34800041,0.34800041,0,0.70609862,0.70609862,0.10068376,0.10068376,0.60541485,0.60541485,0,1,1,45.287215,45.287215,False,1,True,True,True,1,1,45.287215,45.287215,1,1,44.358535,44.358535,1,1,9.1242646,9.1242646,1,1,11.094613,11.094613,1,1,18.60103,18.60103,1,1,23.947533,23.947533,1,1,21.954934,21.954934,1,1,21.049642,21.049642
0b_random_erasing_best,file,18,baseline_random_erasing,479,009.Brewer_Blackbird/Brewer_Blackbird_0116_2327.jpg,9,8,009.Brewer_Blackbird,29,28,random_erasing,random_erasing,0,"{""area_fraction"":0.074533,""erased"":true,""height"":0.201513,""left"":0.586803,""top"":0.263875,""width"":0.369868}",0.34800041,0.22707392,-0.12092648,0.70609862,0.79686189,0.10068376,0.062231507,0.60541485,0.73463038,0.12921553,0.83667299,0.7010409,45.287215,31.74819,False,0.97766453,True,True,True,0.83667299,0.7010409,45.287215,31.74819,0.83108862,0.69898932,44.358535,31.006143,0.9618609,0.74789369,9.1242646,6.8239799,0.60278742,0.52950877,11.094613,5.8746948,0.77638493,0.70619956,18.60103,13.136039,0.83193765,0.68429813,23.947533,16.387252,0.86700399,0.72415966,21.954934,15.898878,0.88687608,0.7251543,21.049642,15.264238
0b_random_erasing_best,file,18,baseline_random_erasing,4952,085.Horned_Lark/Horned_Lark_0138_74083.jpg,85,84,085.Horned_Lark,41,40,identity,identity,0,{},1.4844217,1.4844217,0,0.22663338,0.22663338,0.45936674,0.45936674,-0.23273335,-0.23273335,0,1,1,151.65069,151.65069,False,1,True,False,False,1,1,151.65069,151.65069,1,1,149.43955,149.43955,1,1,25.802183,25.802183,1,1,28.416592,28.416592,1,1,68.919693,68.919693,1,1,86.409729,86.409729,1,1,69.057744,69.057744,1,1,67.373126,67.373126
0b_random_erasing_best,file,18,baseline_random_erasing,4952,085.Horned_Lark/Horned_Lark_0138_74083.jpg,85,84,085.Horned_Lark,41,40,random_erasing,random_erasing,0,"{""area_fraction"":0.187036,""erased"":true,""height"":0.598173,""left"":0.454635,""top"":0.102315,""width"":0.312678}",1.4844217,7.7867446,6.3023229,0.22663338,0.00041520232,0.45936674,0.97747749,-0.23273335,-0.97706229,-0.74432893,0.59018949,1.8606301,151.65069,282.16583,False,0.89182097,True,False,False,0.59018949,1.8606301,151.65069,282.16583,0.58133743,1.8557322,149.43955,277.31977,0.86525231,2.0180522,25.802183,52.070153,0.43460406,1.8521733,28.416592,52.632453,0.61391836,2.1502393,68.919693,148.19384,0.58572688,1.7894171,86.409729,154.62305,0.56225358,1.7113752,69.057744,118.18371,0.59048435,1.7748679,67.373126,119.5784
0b_random_erasing_best,file,18,baseline_random_erasing,10656,181.Worm_eating_Warbler/Worm_Eating_Warbler_0074_176093.jpg,181,180,181.Worm_eating_Warbler,168,167,identity,identity,0,{},0.21355112,0.21355112,0,0.80771089,0.80771089,0.072649375,0.072649375,0.73506151,0.73506151,0,1,1,33.252008,33.252008,False,0.99999994,True,True,True,1,1,33.252008,33.252008,1,1,32.767259,32.767259,1,1,5.6571013,5.6571013,1,1,8.5233289,8.5233289,1,1,14.804173,14.804173,1,1,18.465238,18.465238,1,1,15.772873,15.772873,1,1,13.861243,13.861243
0b_random_erasing_best,file,18,baseline_random_erasing,10656,181.Worm_eating_Warbler/Worm_Eating_Warbler_0074_176093.jpg,181,180,181.Worm_eating_Warbler,168,167,random_erasing,random_erasing,0,"{""area_fraction"":0.053791,""erased"":true,""height"":0.312134,""left"":0.060763,""top"":0.615467,""width"":0.172334}",0.21355112,0.17165649,-0.04189463,0.80771089,0.84226847,0.072649375,0.062788397,0.73506151,0.77948007,0.044418558,0.96878969,0.83517146,33.252008,27.771128,False,0.99625528,True,True,True,0.96878969,0.83517146,33.252008,27.771128,0.96802529,0.83578014,32.767259,27.386224,0.99541919,0.81448668,5.6571013,4.6076336,0.96873225,0.83847913,8.5233289,7.1466334,0.96705411,0.88744104,14.804173,13.137831,0.97320758,0.82513518,18.465238,15.236317,0.96356422,0.82262046,15.772873,12.975088,0.96844594,0.8092636,13.861243,11.217399
0b_random_erasing_best,file,18,baseline_random_erasing,3630,063.Ivory_Gull/Ivory_Gull_0117_49227.jpg,63,62,063.Ivory_Gull,62,61,identity,identity,0,{},0.0042256117,0.0042256117,0,0.99578333,0.99578333,0.0010731111,0.0010731111,0.99471022,0.99471022,0,1,1,0.77849508,0.77849508,False,1,True,True,True,1,1,0.77849508,0.77849508,1,1,0.76689896,0.76689896,1,1,0.13386774,0.13386774,1,1,0.28043223,0.28043223,1,1,0.32350872,0.32350872,1,1,0.37994049,0.37994049,1,1,0.35271233,0.35271233,1,1,0.36888091,0.36888091
0b_random_erasing_best,file,18,baseline_random_erasing,3630,063.Ivory_Gull/Ivory_Gull_0117_49227.jpg,63,62,063.Ivory_Gull,62,61,random_erasing,random_erasing,0,"{""area_fraction"":0.09999,""erased"":true,""height"":0.20659,""left"":0.05704,""top"":0.117532,""width"":0.484004}",0.0042256117,0.083908096,0.079682484,0.99578333,0.91951573,0.0010731111,0.03165631,0.99471022,0.88785942,-0.1068508,0.79819792,20.288998,0.77849508,15.794885,False,0.95552933,True,True,True,0.79819792,20.288998,0.77849508,15.794885,0.79457897,20.351413,0.76689896,15.607477,0.93681896,18.121708,0.13386774,2.4259121,0.80941208,22.460845,0.28043223,6.2987447,0.72957522,23.71999,0.32350872,7.6736237,0.80735335,19.778171,0.37994049,7.5145278,0.82464855,19.186,0.35271233,6.7671389,0.82750211,17.729457,0.36888091,6.5400582
0b_random_erasing_best,file,18,baseline_random_erasing,10772,183.Northern_Waterthrush/Northern_Waterthrush_0055_177114.jpg,183,182,183.Northern_Waterthrush,176,175,identity,identity,0,{},0.065798081,0.065798081,0,0.93631989,0.93631989,0.038737863,0.038737863,0.89758202,0.89758202,0,1,1,12.129995,12.129995,False,1.0000001,True,True,True,1,1,12.129995,12.129995,1,1,11.911679,11.911679,1,1,2.2909993,2.2909993,1,1,2.1692724,2.1692724,1,1,5.8460073,5.8460073,1,1,6.995127,6.995127,1,1,4.9867358,4.9867358,1,1,5.4043697,5.4043697
0b_random_erasing_best,file,18,baseline_random_erasing,10772,183.Northern_Waterthrush/Northern_Waterthrush_0055_177114.jpg,183,182,183.Northern_Waterthrush,176,175,random_erasing,random_erasing,0,"{""area_fraction"":0.196883,""erased"":true,""height"":0.567506,""left"":0.358141,""top"":0.385185,""width"":0.346927}",0.065798081,0.4924745,0.42667641,0.93631989,0.6111123,0.038737863,0.31346881,0.89758202,0.29764348,-0.59993854,0.75104405,7.9814295,12.129995,96.814697,False,0.95876884,True,True,True,0.75104405,7.9814295,12.129995,96.814697,0.74426463,7.9938902,11.911679,95.220652,0.94363765,7.6368782,2.2909993,17.496082,0.7489105,9.9428825,2.1692724,21.56882,0.65491332,8.169597,5.8460073,47.759524,0.79441881,8.0409565,6.995127,56.247512,0.74648024,8.0890118,4.9867358,40.337764,0.7737151,7.2373907,5.4043697,39.113535
0b_random_erasing_best,file,18,baseline_random_erasing,4129,071.Long_tailed_Jaeger/Long_Tailed_Jaeger_0060_60886.jpg,71,70,071.Long_tailed_Jaeger,72,71,identity,identity,0,{},3.9241579,3.9241579,0,0.01975877,0.01975877,0.79816431,0.79816431,-0.77840554,-0.77840554,0,1,1,124.41125,124.41125,False,1,True,False,False,1,1,124.41125,124.41125,1,1,120.41593,120.41593,1,1,31.275604,31.275604,1,1,36.806166,36.806166,1,1,54.080339,54.080339,1,1,59.049166,59.049166,1,1,56.386232,56.386232,1,1,59.618858,59.618858
0b_random_erasing_best,file,18,baseline_random_erasing,4129,071.Long_tailed_Jaeger/Long_Tailed_Jaeger_0060_60886.jpg,71,70,071.Long_tailed_Jaeger,72,71,random_erasing,random_erasing,0,"{""area_fraction"":0.138608,""erased"":true,""height"":0.21373,""left"":0.16795,""top"":0.025296,""width"":0.648517}",3.9241579,4.1858163,0.26165843,0.01975877,0.015209789,0.79816431,0.83008939,-0.77840554,-0.8148796,-0.036474063,0.94821806,1.1026579,124.41125,137.18305,False,0.98743784,True,False,False,0.94821806,1.1026579,124.41125,137.18305,0.94586083,1.1068021,120.41593,133.27661,0.98719753,1.0392885,31.275604,32.504375,0.88454539,0.90712574,36.806166,33.38782,0.94247729,1.0895493,54.080339,58.923193,0.95458658,1.1063909,59.049166,65.331458,0.95903868,1.1753244,56.386232,66.272116,0.95426872,1.1271516,59.618858,67.199493
0b_random_erasing_best,file,18,baseline_random_erasing,11036,188.Pileated_Woodpecker/Pileated_Woodpecker_0004_180307.jpg,188,187,188.Pileated_Woodpecker,191,190,identity,identity,0,{},0.0030729,0.0030729,0,0.99693179,0.99693179,0.0018169489,0.0018169489,0.99511484,0.99511484,0,1,1,0.45205772,0.45205772,False,0.99999994,True,True,True,1,1,0.45205772,0.45205772,1,1,0.4305526,0.4305526,1,1,0.13777025,0.13777025,1,1,0.10746246,0.10746246,1,1,0.18930785,0.18930785,1,1,0.21343695,0.21343695,1,1,0.19083738,0.19083738,1,1,0.23667629,0.23667629
0b_random_erasing_best,file,18,baseline_random_erasing,11036,188.Pileated_Woodpecker/Pileated_Woodpecker_0004_180307.jpg,188,187,188.Pileated_Woodpecker,191,190,random_erasing,random_erasing,0,"{""area_fraction"":0.126508,""erased"":true,""height"":0.40504,""left"":0.157497,""top"":0.197853,""width"":0.312333}",0.0030729,0.0052060038,0.0021331038,0.99693179,0.99480754,0.0018169489,0.0035210457,0.99511484,0.9912865,-0.0038283467,0.87732248,1.8980486,0.45205772,0.85802754,False,0.9865433,True,True,True,0.87732248,1.8980486,0.45205772,0.85802754,0.86672833,1.8999116,0.4305526,0.81801187,0.98194548,1.8797571,0.13777025,0.25897461,0.88713162,2.0860099,0.10746246,0.22416775,0.85703841,1.8804823,0.18930785,0.35599006,0.8667415,1.921041,0.21343695,0.41002112,0.8385125,1.962546,0.19083738,0.37452714,0.8904708,1.811294,0.23667629,0.42869034
0b_random_erasing_best,file,18,baseline_random_erasing,5450,094.White_breasted_Nuthatch/White_Breasted_Nuthatch_0068_86033.jpg,94,93,094.White_breasted_Nuthatch,45,44,identity,identity,0,{},0.0010470629,0.0010470629,0,0.99895346,0.99895346,0.00029723291,0.00029723291,0.99865623,0.99865623,0,1,1,0.20717074,0.20717074,False,0.99999988,True,True,True,1,1,0.20717074,0.20717074,1,1,0.20405139,0.20405139,1,1,0.035815489,0.035815489,1,1,0.037609397,0.037609397,1,1,0.11831119,0.11831119,1,1,0.09701005,0.09701005,1,1,0.085969889,0.085969889,1,1,0.097073123,0.097073123
0b_random_erasing_best,file,18,baseline_random_erasing,5450,094.White_breasted_Nuthatch/White_Breasted_Nuthatch_0068_86033.jpg,94,93,094.White_breasted_Nuthatch,45,44,random_erasing,random_erasing,0,"{""area_fraction"":0.06968,""erased"":true,""height"":0.353859,""left"":0.421398,""top"":0.402704,""width"":0.196915}",0.0010470629,0.00072929484,-0.00031776808,0.99895346,0.99927098,0.00029723291,0.00025225978,0.99865623,0.99901872,0.00036248707,0.88399838,0.71260692,0.20717074,0.14763131,False,0.98277998,True,True,True,0.88399838,0.71260692,0.20717074,0.14763131,0.88099793,0.71189977,0.20405139,0.14526413,0.97874918,0.73519126,0.035815489,0.026331235,0.82635839,0.66018029,0.037609397,0.024828982,0.89687073,0.62828644,0.11831119,0.074333318,0.88765993,0.76157399,0.09701005,0.07388033,0.85515516,0.7861588,0.085969889,0.067585984,0.89817403,0.72357251,0.097073123,0.070239444
0b_random_erasing_best,file,18,baseline_random_erasing,4776,082.Ringed_Kingfisher/Ringed_Kingfisher_0017_73145.jpg,82,81,082.Ringed_Kingfisher,80,79,identity,identity,0,{},1.129842,1.129842,0,0.32308426,0.32308426,0.3363508,0.3363508,-0.013266534,-0.013266534,0,1,1,79.687666,79.687666,False,1,True,False,False,1,1,79.687666,79.687666,1,1,76.639562,76.639562,1,1,21.82892,21.82892,1,1,15.709968,15.709968,1,1,32.758518,32.758518,1,1,42.711843,42.711843,1,1,35.180897,35.180897,1,1,38.622555,38.622555
0b_random_erasing_best,file,18,baseline_random_erasing,4776,082.Ringed_Kingfisher/Ringed_Kingfisher_0017_73145.jpg,82,81,082.Ringed_Kingfisher,80,79,random_erasing,random_erasing,0,"{""area_fraction"":0.058605,""erased"":true,""height"":0.39652,""left"":0.845498,""top"":0.342943,""width"":0.147799}",1.129842,1.0918479,-0.037994146,0.32308426,0.33559579,0.3363508,0.36089075,-0.013266534,-0.02529496,-0.012028426,0.98396395,1.0277986,79.687666,81.902869,False,0.9983722,True,False,False,0.98396395,1.0277986,79.687666,81.902869,0.98291843,1.0286663,76.639562,78.836533,0.99705775,1.0170418,21.82892,22.200924,0.98925411,1.0503131,15.709968,16.500386,0.98047353,1.0010273,32.758518,32.79217,0.98708974,1.0386829,42.711843,44.364061,0.98139421,1.0433544,35.180897,36.706143,0.98013398,1.0200435,38.622555,39.396687
0b_random_erasing_best,file,18,baseline_random_erasing,6166,106.Horned_Puffin/Horned_Puffin_0082_100876.jpg,106,105,106.Horned_Puffin,151,150,identity,identity,0,{},0.32981569,0.32981569,0,0.71905625,0.71905625,0.020223631,0.020223631,0.69883262,0.69883262,0,1,1,46.42225,46.42225,False,1,True,True,True,1,1,46.42225,46.42225,1,1,45.892642,45.892642,1,1,6.9921881,6.9921881,1,1,14.583208,14.583208,1,1,19.292322,19.292322,1,1,23.780865,23.780865,1,1,21.590574,21.590574,1,1,22.126648,22.126648
0b_random_erasing_best,file,18,baseline_random_erasing,6166,106.Horned_Puffin/Horned_Puffin_0082_100876.jpg,106,105,106.Horned_Puffin,151,150,random_erasing,random_erasing,0,"{""area_fraction"":0.13114,""erased"":true,""height"":0.555552,""left"":0.620961,""top"":0.408831,""width"":0.236054}",0.32981569,0.50830436,0.17848867,0.71905625,0.60151464,0.020223631,0.0044139014,0.69883262,0.59710074,-0.10173188,0.90315876,1.302584,46.42225,60.468879,False,0.95058525,True,True,True,0.90315876,1.302584,46.42225,60.468879,0.90214238,1.3011261,45.892642,59.712115,0.94590683,1.3639075,6.9921881,9.5366977,0.9184013,1.270069,14.583208,18.52168,0.90733014,1.3073242,19.292322,25.22132,0.90468795,1.3071196,23.780865,31.084433,0.891667,1.3151286,21.590574,28.394383,0.89859817,1.2893363,22.126648,28.528689
0b_random_erasing_best,file,18,baseline_random_erasing,6776,116.Chipping_Sparrow/Chipping_Sparrow_0010_109760.jpg,116,115,116.Chipping_Sparrow,179,178,identity,identity,0,{},2.0054908,2.0054908,0,0.13459422,0.13459422,0.12688832,0.12688832,0.0077058971,0.0077058971,0,1,1,178.74271,178.74271,False,1,True,True,True,1,1,178.74271,178.74271,1,1,176.38953,176.38953,1,1,28.90829,28.90829,1,1,28.063583,28.063583,1,1,95.179107,95.179107,1,1,100.71546,100.71546,1,1,78.403764,78.403764,1,1,70.539954,70.539954
0b_random_erasing_best,file,18,baseline_random_erasing,6776,116.Chipping_Sparrow/Chipping_Sparrow_0010_109760.jpg,116,115,116.Chipping_Sparrow,179,178,random_erasing,random_erasing,0,"{""area_fraction"":0.090279,""erased"":true,""height"":0.398557,""left"":0.372398,""top"":0.511901,""width"":0.226515}",2.0054908,3.9353924,1.9299016,0.13459422,0.019538034,0.12688832,0.075955071,0.0077058971,-0.056417037,-0.064122934,0.70403722,0.89815794,178.74271,160.53918,False,0.93851238,False,True,False,0.70403722,0.89815794,178.74271,160.53918,0.69737656,0.89067568,176.38953,157.10586,0.91855823,1.1423669,28.90829,33.023874,0.63359186,0.84087131,28.063583,23.597862,0.69768786,0.7968843,95.179107,75.846736,0.65801862,0.87486776,100.71546,88.11271,0.6894175,0.93037068,78.403764,72.944564,0.79676677,1.0308768,70.539954,72.717999
0b_random_erasing_best,file,18,baseline_random_erasing,5910,101.White_Pelican/White_Pelican_0047_97190.jpg,101,100,101.White_Pelican,62,61,identity,identity,0,{},0.0030462786,0.0030462786,0,0.99695837,0.99695837,0.00069546921,0.00069546921,0.99626291,0.99626291,0,1,1,0.50215693,0.50215693,False,0.99999994,True,True,True,1,1,0.50215693,0.50215693,1,1,0.49251972,0.49251972,1,1,0.097907629,0.097907629,1,1,0.11169495,0.11169495,1,1,0.21202674,0.21202674,1,1,0.26239616,0.26239616,1,1,0.20944103,0.20944103,1,1,0.26912319,0.26912319
0b_random_erasing_best,file,18,baseline_random_erasing,5910,101.White_Pelican/White_Pelican_0047_97190.jpg,101,100,101.White_Pelican,62,61,random_erasing,random_erasing,0,"{""area_fraction"":0.170357,""erased"":true,""height"":0.686867,""left"":0.310335,""top"":0.046378,""width"":0.248021}",0.0030462786,0.0015334049,-0.0015128737,0.99695837,0.99846774,0.00069546921,0.0003995602,0.99626291,0.99806818,0.0018052774,0.85498524,0.49698378,0.50215693,0.24956385,False,0.98742545,True,True,True,0.85498524,0.49698378,0.50215693,0.24956385,0.84976138,0.49479227,0.49251972,0.24369495,0.97852147,0.5495398,0.097907629,0.053804139,0.8152628,0.58017284,0.11169495,0.064802377,0.83517436,0.4986969,0.21202674,0.10573708,0.86767747,0.47126966,0.26239616,0.12365935,0.8073517,0.49347346,0.20944103,0.10335359,0.87814979,0.49899288,0.26912319,0.13429055
0b_random_erasing_best,file,18,baseline_random_erasing,2998,052.Pied_billed_Grebe/Pied_Billed_Grebe_0052_35937.jpg,52,51,052.Pied_billed_Grebe,155,154,identity,identity,0,{},0.0049581197,0.0049581197,0,0.99505413,0.99505413,0.0016490774,0.0016490774,0.99340505,0.99340505,0,1,1,0.98219472,0.98219472,False,1,True,True,True,1,1,0.98219472,0.98219472,1,1,0.96387176,0.96387176,1,1,0.18883244,0.18883244,1,1,0.18616716,0.18616716,1,1,0.43425426,0.43425426,1,1,0.55446348,0.55446348,1,1,0.46609335,0.46609335,1,1,0.42560667,0.42560667
0b_random_erasing_best,file,18,baseline_random_erasing,2998,052.Pied_billed_Grebe/Pied_Billed_Grebe_0052_35937.jpg,52,51,052.Pied_billed_Grebe,155,154,random_erasing,random_erasing,0,"{""area_fraction"":0.132681,""erased"":true,""height"":0.270652,""left"":0.291816,""top"":0.645819,""width"":0.490227}",0.0049581197,0.016805502,0.011847382,0.99505413,0.9833349,0.0016490774,0.0058906986,0.99340505,0.9774442,-0.015960848,0.91246606,3.6528957,0.98219472,3.5878548,False,0.9843179,True,True,True,0.91246606,3.6528957,0.98219472,3.5878548,0.91002812,3.661497,0.96387176,3.5292136,0.98247804,3.4211768,0.18883244,0.64602916,0.9022108,3.5862738,0.18616716,0.6676464,0.92668433,3.9840919,0.43425426,1.7301089,0.92792677,3.7073841,0.55446348,2.0556091,0.89924766,3.5468464,0.46609335,1.6531615,0.87918401,3.3705305,0.42560667,1.4345203
0b_random_erasing_best,file,18,baseline_random_erasing,3365,058.Pigeon_Guillemot/Pigeon_Guillemot_0058_40184.jpg,58,57,058.Pigeon_Guillemot,8,7,identity,identity,0,{},0.10363076,0.10363076,0,0.9015581,0.9015581,0.050486811,0.050486811,0.85107129,0.85107129,0,1,1,18.636141,18.636141,False,0.99999994,True,True,True,1,1,18.636141,18.636141,1,1,18.304805,18.304805,1,1,3.4985481,3.4985481,1,1,6.1009742,6.1009742,1,1,8.9088149,8.9088149,1,1,10.062829,10.062829,1,1,7.5497476,7.5497476,1,1,7.7600134,7.7600134
0b_random_erasing_best,file,18,baseline_random_erasing,3365,058.Pigeon_Guillemot/Pigeon_Guillemot_0058_40184.jpg,58,57,058.Pigeon_Guillemot,8,7,random_erasing,random_erasing,0,"{""area_fraction"":0.111611,""erased"":true,""height"":0.248114,""left"":0.419842,""top"":0.329809,""width"":0.449839}",0.10363076,0.070870399,-0.032760359,0.9015581,0.93158263,0.050486811,0.048590221,0.85107129,0.88299241,0.031921118,0.87006664,0.72022816,18.636141,13.422273,False,0.97383708,True,True,True,0.87006664,0.72022816,18.636141,13.422273,0.86658405,0.71579986,18.304805,13.102577,0.96156578,0.83235274,3.4985481,2.9120261,0.89097527,0.59119595,6.1009742,3.6068713,0.87706677,0.72628217,8.9088149,6.4703134,0.88850179,0.71227124,10.062829,7.167464,0.83349371,0.74305752,7.5497476,5.6098967,0.8468201,0.75096315,7.7600134,5.8274841
0b_random_erasing_best,file,18,baseline_random_erasing,10968,187.American_Three_toed_Woodpecker/American_Three_Toed_Woodpecker_0008_179850.jpg,187,186,187.American_Three_toed_Woodpecker,190,189,identity,identity,0,{},0.089132264,0.089132264,0,0.91472459,0.91472459,0.08051841,0.08051841,0.83420618,0.83420618,0,1,1,17.984736,17.984736,False,0.99999982,True,True,True,1,1,17.984736,17.984736,1,1,17.57826,17.57826,1,1,3.8020423,3.8020423,1,1,4.410976,4.410976,1,1,9.1187926,9.1187926,1,1,10.057233,10.057233,1,1,7.5365741,7.5365741,1,1,6.9597597,6.9597597
0b_random_erasing_best,file,18,baseline_random_erasing,10968,187.American_Three_toed_Woodpecker/American_Three_Toed_Woodpecker_0008_179850.jpg,187,186,187.American_Three_toed_Woodpecker,190,189,random_erasing,random_erasing,0,"{""area_fraction"":0.164532,""erased"":true,""height"":0.547697,""left"":0.623611,""top"":0.155398,""width"":0.300407}",0.089132264,0.19818789,0.10905562,0.91472459,0.82021576,0.08051841,0.10830715,0.83420618,0.71190862,-0.12229756,0.75577662,1.996046,17.984736,35.898361,False,0.93624568,True,True,True,0.75577662,1.996046,17.984736,35.898361,0.7492344,2.0026462,17.57826,35.203034,0.90951178,1.849339,3.8020423,7.0312653,0.8324435,1.7784773,4.410976,7.8448205,0.76368866,2.0860196,9.1187926,19.02198,0.74642455,2.0213327,10.057233,20.329013,0.70760054,1.9756858,7.5365741,14.889903,0.75147766,1.9325178,6.9597597,13.44986
0b_random_erasing_best,file,18,baseline_random_erasing,10980,187.American_Three_toed_Woodpecker/American_Three_Toed_Woodpecker_0013_179833.jpg,187,186,187.American_Three_toed_Woodpecker,190,189,identity,identity,0,{},0.022124259,0.022124259,0,0.97811866,0.97811866,0.013295958,0.013295958,0.9648227,0.9648227,0,1,1,3.470905,3.470905,False,0.99999994,True,True,True,1,1,3.470905,3.470905,1,1,3.4066939,3.4066939,1,1,0.66454329,0.66454329,1,1,0.83964941,0.83964941,1,1,1.43391,1.43391,1,1,1.7409049,1.7409049,1,1,1.6715452,1.6715452,1,1,1.7377115,1.7377115
0b_random_erasing_best,file,18,baseline_random_erasing,10980,187.American_Three_toed_Woodpecker/American_Three_Toed_Woodpecker_0013_179833.jpg,187,186,187.American_Three_toed_Woodpecker,190,189,random_erasing,random_erasing,0,"{""area_fraction"":0.182388,""erased"":true,""height"":0.43929,""left"":0.333187,""top"":0.235824,""width"":0.415189}",0.022124259,0.046923034,0.024798775,0.97811866,0.95416081,0.013295958,0.019022228,0.9648227,0.93513858,-0.029684119,0.74351961,2.1325966,3.470905,7.4020402,False,0.96307355,True,True,True,0.74351961,2.1325966,3.470905,7.4020402,0.73579418,2.1339425,3.4066939,7.269689,0.9502358,2.0969177,0.66454329,1.3934926,0.8113697,1.7355682,0.83964941,1.4572688,0.73002453,2.6811671,1.43391,3.8445523,0.68016279,2.183877,1.7409049,3.8019222,0.74897185,1.9689338,1.6715452,3.2911618,0.80785954,1.8786946,1.7377115,3.2646293
0b_random_erasing_best,file,18,baseline_random_erasing,9585,163.Cape_May_Warbler/Cape_May_Warbler_0040_163036.jpg,163,162,163.Cape_May_Warbler,182,181,identity,identity,0,{},0.62681884,0.62681884,0,0.53428876,0.53428876,0.062970355,0.062970355,0.47131841,0.47131841,0,1,1,56.057701,56.057701,False,1,True,True,True,1,1,56.057701,56.057701,1,1,55.028352,55.028352,1,1,10.693286,10.693286,1,1,13.662772,13.662772,1,1,23.886523,23.886523,1,1,29.112207,29.112207,1,1,26.349882,26.349882,1,1,27.000838,27.000838
0b_random_erasing_best,file,18,baseline_random_erasing,9585,163.Cape_May_Warbler/Cape_May_Warbler_0040_163036.jpg,163,162,163.Cape_May_Warbler,182,181,random_erasing,random_erasing,0,"{""area_fraction"":0.169377,""erased"":true,""height"":0.417994,""left"":0.454695,""top"":0.397946,""width"":0.405213}",0.62681884,0.24132809,-0.38549075,0.53428876,0.78558385,0.062970355,0.026928732,0.47131841,0.75865512,0.28733671,0.85780139,0.49591839,56.057701,27.800045,False,0.97306454,True,True,True,0.85780139,0.49591839,56.057701,27.800045,0.85366457,0.49635099,55.028352,27.313377,0.97032246,0.48432185,10.693286,5.1789918,0.88416184,0.53499742,13.662772,7.3095479,0.87080355,0.49798607,23.886523,11.895156,0.87619969,0.50347297,29.112207,14.657209,0.81608523,0.48889458,26.349882,12.882314,0.84129816,0.48332685,27.000838,13.05023
0b_random_erasing_best,file,18,baseline_random_erasing,5511,095.Baltimore_Oriole/Baltimore_Oriole_0020_87066.jpg,95,94,095.Baltimore_Oriole,96,95,identity,identity,0,{},1.0654807,1.0654807,0,0.3445622,0.3445622,0.32364073,0.32364073,0.020921469,0.020921469,0,1,1,83.195502,83.195502,False,1,True,True,True,1,1,83.195502,83.195502,1,1,80.415159,80.415159,1,1,21.328241,21.328241,1,1,17.643421,17.643421,1,1,32.056141,32.056141,1,1,41.480834,41.480834,1,1,39.52966,39.52966,1,1,42.94715,42.94715
0b_random_erasing_best,file,18,baseline_random_erasing,5511,095.Baltimore_Oriole/Baltimore_Oriole_0020_87066.jpg,95,94,095.Baltimore_Oriole,96,95,random_erasing,random_erasing,0,"{""area_fraction"":0.065563,""erased"":true,""height"":0.401873,""left"":0.817643,""top"":0.103269,""width"":0.163145}",1.0654807,0.54924965,-0.51623106,0.3445622,0.57738292,0.32364073,0.19854601,0.020921469,0.37883691,0.35791545,0.92417123,0.65635551,83.195502,54.605826,False,0.98299325,True,True,True,0.92417123,0.65635551,83.195502,54.605826,0.9201623,0.65673909,80.415159,52.811778,0.98170849,0.65087814,21.328241,13.882086,0.91183922,0.66822257,17.643421,11.789732,0.89723305,0.61542334,32.056141,19.728098,0.90980612,0.64452499,41.480834,26.735434,0.91935403,0.6662735,39.52966,26.337565,0.9447128,0.67982471,42.94715,29.196533
0b_random_erasing_best,file,18,baseline_random_erasing,1671,030.Fish_Crow/Fish_Crow_0003_25970.jpg,30,29,030.Fish_Crow,29,28,identity,identity,0,{},0.68293649,0.68293649,0,0.50513148,0.50513148,0.26893613,0.26893613,0.23619536,0.23619536,0,1,1,72.031926,72.031926,False,1,True,True,True,1,1,72.031926,72.031926,1,1,68.452847,68.452847,1,1,22.423337,22.423337,1,1,19.064043,19.064043,1,1,30.634381,30.634381,1,1,33.567201,33.567201,1,1,30.921785,30.921785,1,1,36.069037,36.069037
0b_random_erasing_best,file,18,baseline_random_erasing,1671,030.Fish_Crow/Fish_Crow_0003_25970.jpg,30,29,030.Fish_Crow,29,28,random_erasing,random_erasing,0,"{""area_fraction"":0.146178,""erased"":true,""height"":0.568657,""left"":0.256392,""top"":0.314574,""width"":0.257059}",0.68293649,0.29399857,-0.38893792,0.50513148,0.74527758,0.26893613,0.089815497,0.23619536,0.65546209,0.41926673,0.71716058,0.643516,72.031926,46.353697,False,0.97475761,True,True,True,0.71716058,0.643516,72.031926,46.353697,0.69789538,0.65053697,68.452847,44.531108,0.92578964,0.57397078,22.423337,12.870341,0.35019137,0.74361327,19.064043,14.176276,0.66281081,0.66973054,30.634381,20.51678,0.7783455,0.66078439,33.567201,22.180683,0.69602519,0.61365316,30.921785,18.975251,0.77198019,0.62553975,36.069037,22.562616
0b_random_erasing_best,file,18,baseline_random_erasing,3774,065.Slaty_backed_Gull/Slaty_Backed_Gull_0002_53238.jpg,65,64,065.Slaty_backed_Gull,66,65,identity,identity,0,{},0.23212099,0.23212099,0,0.7928502,0.7928502,0.13705881,0.13705881,0.65579139,0.65579139,0,1,1,32.844847,32.844847,False,0.99999994,True,True,True,1,1,32.844847,32.844847,1,1,32.079387,32.079387,1,1,7.0496064,7.0496064,1,1,8.6613753,8.6613753,1,1,14.25273,14.25273,1,1,18.942374,18.942374,1,1,13.298594,13.298594,1,1,14.671782,14.671782
0b_random_erasing_best,file,18,baseline_random_erasing,3774,065.Slaty_backed_Gull/Slaty_Backed_Gull_0002_53238.jpg,65,64,065.Slaty_backed_Gull,66,65,random_erasing,random_erasing,0,"{""area_fraction"":0.098039,""erased"":true,""height"":0.385061,""left"":0.026255,""top"":0.587547,""width"":0.254607}",0.23212099,0.10436443,-0.12775656,0.7928502,0.90089691,0.13705881,0.058122385,0.65579139,0.84277452,0.18698313,0.93455662,0.46861956,32.844847,15.391738,False,0.993379,True,True,True,0.93455662,0.46861956,32.844847,15.391738,0.93183144,0.46774989,32.079387,15.00513,0.98950877,0.48627859,7.0496064,3.4280727,0.82172887,0.47786474,8.6613753,4.1389658,0.93186029,0.47329373,14.25273,6.7457275,0.94857025,0.44959091,18.942374,8.5163194,0.93148912,0.48173511,13.298594,6.4063995,0.94602679,0.47685498,14.671782,6.9963123
0b_random_erasing_best,file,18,baseline_random_erasing,10791,184.Louisiana_Waterthrush/Louisiana_Waterthrush_0015_177515.jpg,184,183,184.Louisiana_Waterthrush,183,182,identity,identity,0,{},2.1950035,2.1950035,0,0.11135817,0.11135817,0.63640076,0.63640076,-0.52504259,-0.52504259,0,1,1,127.76394,127.76394,False,1,True,False,False,1,1,127.76394,127.76394,1,1,124.40146,124.40146,1,1,29.118738,29.118738,1,1,38.079826,38.079826,1,1,54.379579,54.379579,1,1,68.696599,68.696599,1,1,54.228887,54.228887,1,1,58.382494,58.382494
0b_random_erasing_best,file,18,baseline_random_erasing,10791,184.Louisiana_Waterthrush/Louisiana_Waterthrush_0015_177515.jpg,184,183,184.Louisiana_Waterthrush,183,182,random_erasing,random_erasing,0,"{""area_fraction"":0.096233,""erased"":true,""height"":0.37735,""left"":0.567201,""top"":0.555427,""width"":0.255023}",2.1950035,3.650646,1.4556425,0.11135817,0.025974343,0.63640076,0.44632053,-0.52504259,-0.42034619,0.1046964,0.77360927,1.2742715,127.76394,162.80594,False,0.96565759,True,False,False,0.77360927,1.2742715,127.76394,162.80594,0.76711614,1.285914,124.40146,159.96958,0.93714849,1.0391024,29.118738,30.257351,0.87242,0.97224777,38.079826,37.023026,0.74156776,1.3169123,54.379579,71.613139,0.77140385,1.4132971,68.696599,97.088703,0.73062372,1.2893128,54.228887,69.917999,0.80123338,1.1837681,58.382494,69.111332
0b_random_erasing_best,file,18,baseline_random_erasing,269,005.Crested_Auklet/Crested_Auklet_0066_785251.jpg,5,4,005.Crested_Auklet,7,6,identity,identity,0,{},0.12212067,0.12212067,0,0.88504153,0.88504153,0.094671473,0.094671473,0.79037006,0.79037006,0,1,1,31.298989,31.298989,False,1,True,True,True,1,1,31.298989,31.298989,1,1,30.961746,30.961746,1,1,4.5822469,4.5822469,1,1,6.6428783,6.6428783,1,1,15.093846,15.093846,1,1,18.974251,18.974251,1,1,13.333193,13.333193,1,1,12.201698,12.201698
0b_random_erasing_best,file,18,baseline_random_erasing,269,005.Crested_Auklet/Crested_Auklet_0066_785251.jpg,5,4,005.Crested_Auklet,7,6,random_erasing,random_erasing,0,"{""area_fraction"":0.184267,""erased"":true,""height"":0.772213,""left"":0.326448,""top"":0.150845,""width"":0.238622}",0.12212067,0.035452418,-0.086668253,0.88504153,0.96516865,0.094671473,0.026727285,0.79037006,0.93844137,0.14807131,0.86074384,0.29614402,31.298989,9.2690084,False,0.96562874,True,True,True,0.86074384,0.29614402,31.298989,9.2690084,0.85850614,0.29465997,30.961746,9.1231871,0.96063832,0.35739521,4.5822469,1.6376731,0.82857182,0.26531644,6.6428783,1.7624648,0.83118042,0.28274101,15.093846,4.2676495,0.89738743,0.29489019,18.974251,5.5953205,0.82968782,0.3021502,13.333193,4.0286269,0.85210487,0.31074094,12.201698,3.7915673
0b_random_erasing_best,file,18,baseline_random_erasing,4032,070.Green_Violetear/Green_Violetear_0089_795698.jpg,70,69,070.Green_Violetear,67,66,identity,identity,0,{},0.0049895532,0.0049895532,0,0.99502289,0.99502289,0.0023228701,0.0023228701,0.99270002,0.99270002,0,1,1,1.1163453,1.1163453,False,1,True,True,True,1,1,1.1163453,1.1163453,1,1,1.101618,1.101618,1,1,0.18073372,0.18073372,1,1,0.25455111,0.25455111,1,1,0.62268555,0.62268555,1,1,0.57502905,0.57502905,1,1,0.46682973,0.46682973,1,1,0.46091246,0.46091246
0b_random_erasing_best,file,18,baseline_random_erasing,4032,070.Green_Violetear/Green_Violetear_0089_795698.jpg,70,69,070.Green_Violetear,67,66,random_erasing,random_erasing,0,"{""area_fraction"":0.082124,""erased"":true,""height"":0.182351,""left"":0.239162,""top"":0.319365,""width"":0.450364}",0.0049895532,0.0011379202,-0.0038516331,0.99502289,0.99886274,0.0023228701,0.00018277646,0.99270002,0.99867997,0.005979944,0.73115289,0.18782353,1.1163453,0.20967592,False,0.97798675,True,True,True,0.73115289,0.18782353,1.1163453,0.20967592,0.72511399,0.18705823,1.101618,0.20606672,0.93354211,0.21432792,0.18073372,0.038736281,0.60781762,0.13819234,0.25455111,0.035177013,0.70666466,0.14761679,0.62268555,0.091918844,0.68887363,0.19136704,0.57502905,0.11004161,0.74776784,0.20546615,0.46682973,0.095917706,0.84370229,0.23233707,0.46091246,0.10708705
0b_random_erasing_best,file,18,baseline_random_erasing,5581,096.Hooded_Oriole/Hooded_Oriole_0091_90821.jpg,96,95,096.Hooded_Oriole,97,96,identity,identity,0,{},4.6301494,4.6301494,0,0.0097532999,0.0097532999,0.83001149,0.83001149,-0.82025819,-0.82025819,0,1,1,200.34657,200.34657,False,1,True,False,False,1,1,200.34657,200.34657,1,1,196.62439,196.62439,1,1,38.439578,38.439578,1,1,63.724731,63.724731,1,1,83.776033,83.776033,1,1,98.741398,98.741398,1,1,95.296071,95.296071,1,1,93.545064,93.545064
0b_random_erasing_best,file,18,baseline_random_erasing,5581,096.Hooded_Oriole/Hooded_Oriole_0091_90821.jpg,96,95,096.Hooded_Oriole,97,96,random_erasing,random_erasing,0,"{""area_fraction"":0.110215,""erased"":true,""height"":0.434475,""left"":0.518887,""top"":0.48465,""width"":0.253675}",4.6301494,4.5213728,-0.10877657,0.0097532999,0.010874086,0.83001149,0.81416583,-0.82025819,-0.80329174,0.016966443,0.95032614,1.044589,200.34657,209.27982,False,0.99616563,True,False,False,0.95032614,1.044589,200.34657,209.27982,0.94863056,1.0454629,196.62439,205.5635,0.99598043,1.0214579,38.439578,39.264411,0.92919205,0.92206783,63.724731,58.758524,0.95165383,1.0805742,83.776033,90.526223,0.95642597,1.0534587,98.741398,104.01998,0.94794227,1.0713051,95.296071,102.09117,0.94995272,1.0345627,93.545064,96.778233
0b_random_erasing_best,file,18,baseline_random_erasing,9536,163.Cape_May_Warbler/Cape_May_Warbler_0108_163108.jpg,163,162,163.Cape_May_Warbler,167,166,identity,identity,0,{},0.068020716,0.068020716,0,0.93424112,0.93424112,0.0072381129,0.0072381129,0.927003,0.927003,0,1,1,11.135324,11.135324,False,1,True,True,True,1,1,11.135324,11.135324,1,1,10.986621,10.986621,1,1,1.8137252,1.8137252,1,1,2.7328874,2.7328874,1,1,4.769355,4.769355,1,1,6.5869394,6.5869394,1,1,4.9018604,4.9018604,1,1,4.8035831,4.8035831
0b_random_erasing_best,file,18,baseline_random_erasing,9536,163.Cape_May_Warbler/Cape_May_Warbler_0108_163108.jpg,163,162,163.Cape_May_Warbler,167,166,random_erasing,random_erasing,0,"{""area_fraction"":0.141956,""erased"":true,""height"":0.332323,""left"":0.508605,""top"":0.491203,""width"":0.427164}",0.068020716,0.27917352,0.21115281,0.93424112,0.75640863,0.0072381129,0.034574762,0.927003,0.72183387,-0.20516913,0.74397432,3.2287342,11.135324,35.953001,False,0.95675832,True,True,True,0.74397432,3.2287342,11.135324,35.953001,0.73752962,3.1973817,10.986621,35.128421,0.95096293,4.2210752,1.8137252,7.6558707,0.75012322,2.4319156,2.7328874,6.6461513,0.72416019,3.0636255,4.769355,14.611518,0.79046102,3.0756432,6.5869394,20.259075,0.65462634,3.3500061,4.9018604,16.421262,0.75445255,3.5831419,4.8035831,17.21192
0b_random_erasing_best,file,18,baseline_random_erasing,2615,046.Gadwall/Gadwall_0030_31855.jpg,46,45,046.Gadwall,87,86,identity,identity,0,{},0.011207131,0.011207131,0,0.98885542,0.98885542,0.0051151407,0.0051151407,0.98374028,0.98374028,0,1,1,2.1690141,2.1690141,False,0.99999994,True,True,True,1,1,2.1690141,2.1690141,1,1,2.1353038,2.1353038,1,1,0.38092002,0.38092002,1,1,0.42954326,0.42954326,1,1,1.0301102,1.0301102,1,1,1.068137,1.068137,1,1,0.98743312,0.98743312,1,1,1.0945076,1.0945076
0b_random_erasing_best,file,18,baseline_random_erasing,2615,046.Gadwall/Gadwall_0030_31855.jpg,46,45,046.Gadwall,87,86,random_erasing,random_erasing,0,"{""area_fraction"":0.150917,""erased"":true,""height"":0.580169,""left"":0.570638,""top"":0.106826,""width"":0.260126}",0.011207131,0.0068580247,-0.004349106,0.98885542,0.99316543,0.0051151407,0.0022798036,0.98374028,0.99088563,0.0071453489,0.89447805,0.58033108,2.1690141,1.2587463,False,0.98879158,True,True,True,0.89447805,0.58033108,2.1690141,1.2587463,0.89180573,0.57850586,2.1353038,1.2352857,0.97473488,0.63501854,0.38092002,0.24189127,0.76211541,0.5300676,0.42954326,0.22768697,0.90785226,0.55907802,1.0301102,0.57591197,0.86920316,0.5620994,1.068137,0.60039917,0.88279003,0.58436245,0.98743312,0.57701884,0.92555287,0.61220536,1.0945076,0.67006341
0b_random_erasing_best,file,18,baseline_random_erasing,2793,049.Boat_tailed_Grackle/Boat_Tailed_Grackle_0043_33595.jpg,49,48,049.Boat_tailed_Grackle,134,133,identity,identity,0,{},2.331933,2.331933,0,0.097107872,0.097107872,0.13383211,0.13383211,-0.03672424,-0.03672424,0,1,1,132.22311,132.22311,False,1,True,False,False,1,1,132.22311,132.22311,1,1,129.94008,129.94008,1,1,24.464792,24.464792,1,1,27.969899,27.969899,1,1,61.527604,61.527604,1,1,71.755221,71.755221,1,1,57.269702,57.269702,1,1,62.352479,62.352479
0b_random_erasing_best,file,18,baseline_random_erasing,2793,049.Boat_tailed_Grackle/Boat_Tailed_Grackle_0043_33595.jpg,49,48,049.Boat_tailed_Grackle,134,133,random_erasing,random_erasing,0,"{""area_fraction"":0.157534,""erased"":true,""height"":0.580326,""left"":0.3332,""top"":0.023641,""width"":0.271457}",2.331933,5.789537,3.4576039,0.097107872,0.0030593988,0.13383211,0.021249911,-0.03672424,-0.018190512,0.018533728,0.7919457,1.3654016,132.22311,180.53764,False,0.89362597,False,False,False,0.7919457,1.3654016,132.22311,180.53764,0.79008373,1.3695153,129.94008,177.95492,0.85334406,1.2437621,24.464792,30.428382,0.8327964,1.2409126,27.969899,34.708201,0.84155997,1.328069,61.527604,81.712905,0.8252071,1.4863358,71.755221,106.65235,0.78011802,1.4170351,57.269702,81.153181,0.6911118,1.2241132,62.352479,76.326495
0b_random_erasing_best,file,18,baseline_random_erasing,8764,150.Sage_Thrasher/Sage_Thrasher_0025_155661.jpg,150,149,150.Sage_Thrasher,88,87,identity,identity,0,{},0.012407497,0.012407497,0,0.98766917,0.98766917,0.0051437644,0.0051437644,0.98252541,0.98252541,0,1,1,1.5891219,1.5891219,False,0.99999988,True,True,True,1,1,1.5891219,1.5891219,1,1,1.513496,1.513496,1,1,0.48439473,0.48439473,1,1,0.28946365,0.28946365,1,1,0.58361602,0.58361602,1,1,0.78977441,0.78977441,1,1,0.72975621,0.72975621,1,1,0.84260632,0.84260632
0b_random_erasing_best,file,18,baseline_random_erasing,8764,150.Sage_Thrasher/Sage_Thrasher_0025_155661.jpg,150,149,150.Sage_Thrasher,88,87,random_erasing,random_erasing,0,"{""area_fraction"":0.100382,""erased"":true,""height"":0.364172,""left"":0.282788,""top"":0.252926,""width"":0.275644}",0.012407497,0.027596494,0.015188998,0.98766917,0.97278082,0.0051437644,0.0031576883,0.98252541,0.96962314,-0.01290227,0.5840323,2.9242033,1.5891219,4.6469154,False,0.97745818,True,True,True,0.5840323,2.9242033,1.5891219,4.6469154,0.55797435,2.9594051,1.513496,4.4790476,0.88446225,2.555192,0.48439473,1.2377215,0.72077591,3.0147975,0.28946365,0.87267428,0.3441025,3.4928526,0.58361602,2.0384847,0.55297813,3.1822953,0.78977441,2.5132954,0.55932148,2.8719405,0.72975621,2.0958165,0.69760534,2.4995431,0.84260632,2.1061308
0b_random_erasing_best,file,18,baseline_random_erasing,2169,038.Great_Crested_Flycatcher/Great_Crested_Flycatcher_0069_29603.jpg,38,37,038.Great_Crested_Flycatcher,40,39,identity,identity,0,{},0.94323075,0.94323075,0,0.38936785,0.38936785,0.40544534,0.40544534,-0.016077489,-0.016077489,0,1,1,100.39099,100.39099,False,1,True,False,False,1,1,100.39099,100.39099,1,1,98.671503,98.671503,1,1,18.500965,18.500965,1,1,22.158142,22.158142,1,1,46.584766,46.584766,1,1,53.969062,53.969062,1,1,45.094143,45.094143,1,1,46.138925,46.138925
0b_random_erasing_best,file,18,baseline_random_erasing,2169,038.Great_Crested_Flycatcher/Great_Crested_Flycatcher_0069_29603.jpg,38,37,038.Great_Crested_Flycatcher,40,39,random_erasing,random_erasing,0,"{""area_fraction"":0.119418,""erased"":true,""height"":0.21092,""left"":0.37848,""top"":0.122547,""width"":0.566175}",0.94323075,1.6346341,0.69140339,0.38936785,0.19502372,0.40544534,0.19079645,-0.016077489,0.0042272657,0.020304754,0.70577182,1.1226463,100.39099,112.70358,False,0.88347793,False,False,True,0.70577182,1.1226463,100.39099,112.70358,0.7015332,1.1193779,98.671503,110.4507,0.81927547,1.2119282,18.500965,22.42184,0.68911025,1.3748468,22.158142,30.46405,0.73883691,1.265336,46.584766,58.945379,0.73002561,1.0450406,53.969062,56.399861,0.66067263,1.0248277,45.094143,46.213729,0.67573126,1.0793595,46.138925,49.800486
0b_random_erasing_best,file,18,baseline_random_erasing,2664,047.American_Goldfinch/American_Goldfinch_0048_32885.jpg,47,46,047.American_Goldfinch,161,160,identity,identity,0,{},0.040714491,0.040714491,0,0.96010321,0.96010321,0.0078059859,0.0078059859,0.95229723,0.95229723,0,1,1,6.070652,6.070652,False,0.99999988,True,True,True,1,1,6.070652,6.070652,1,1,5.9771175,5.9771175,1,1,1.0615469,1.0615469,1,1,1.02246,1.02246,1,1,2.5315347,2.5315347,1,1,3.2894305,3.2894305,1,1,2.9536258,2.9536258,1,1,2.9542483,2.9542483
0b_random_erasing_best,file,18,baseline_random_erasing,2664,047.American_Goldfinch/American_Goldfinch_0048_32885.jpg,47,46,047.American_Goldfinch,161,160,random_erasing,random_erasing,0,"{""area_fraction"":0.164291,""erased"":true,""height"":0.348917,""left"":0.34436,""top"":0.138482,""width"":0.47086}",0.040714491,0.03975182,-0.00096267089,0.96010321,0.96102792,0.0078059859,0.0047839759,0.95229723,0.95624394,0.0039467164,0.70042299,1.0635928,6.070652,6.4567019,False,0.95366877,True,True,True,0.70042299,1.0635928,6.070652,6.4567019,0.69194725,1.0590275,5.9771175,6.3299319,0.9429344,1.1993536,1.0615469,1.27317,0.38244809,1.5719919,1.02246,1.6072988,0.62645728,1.1098308,2.5315347,2.8095753,0.67787696,0.97333233,3.2894305,3.2017091,0.72490078,1.0626309,2.9536258,3.138614,0.79514673,1.0427135,2.9542483,3.0804344
0b_random_erasing_best,file,18,baseline_random_erasing,6240,107.Common_Raven/Common_Raven_0079_101100.jpg,107,106,107.Common_Raven,30,29,identity,identity,0,{},2.6152835,2.6152835,0,0.073147058,0.073147058,0.82104695,0.82104695,-0.74789989,-0.74789989,0,1,1,160.1332,160.1332,False,1,True,False,False,1,1,160.1332,160.1332,1,1,155.76804,155.76804,1,1,37.134379,37.134379,1,1,43.12242,43.12242,1,1,79.420473,79.420473,1,1,78.680998,78.680998,1,1,67.250908,67.250908,1,1,73.369901,73.369901
0b_random_erasing_best,file,18,baseline_random_erasing,6240,107.Common_Raven/Common_Raven_0079_101100.jpg,107,106,107.Common_Raven,30,29,random_erasing,random_erasing,0,"{""area_fraction"":0.083437,""erased"":true,""height"":0.305689,""left"":0.151624,""top"":0.44314,""width"":0.272947}",2.6152835,2.4906418,-0.12464166,0.073147058,0.082856759,0.82104695,0.70682776,-0.74789989,-0.623971,0.12392889,0.91892493,0.97209527,160.1332,155.66473,False,0.98831981,True,False,False,0.91892493,0.97209527,160.1332,155.66473,0.91528659,0.97054752,155.76804,151.18028,0.98148534,0.99893648,37.134379,37.094886,0.96205906,1.0064879,43.12242,43.402194,0.9007169,0.9420799,79.420473,74.820431,0.91209015,0.95829105,78.680998,75.399296,0.90992236,1.0078809,67.250908,67.780905,0.92472353,0.97280413,73.369901,71.374543
0b_random_erasing_best,file,18,baseline_random_erasing,10156,173.Orange_crowned_Warbler/Orange_Crowned_Warbler_0120_167587.jpg,173,172,173.Orange_crowned_Warbler,199,198,identity,identity,0,{},0.17162436,0.17162436,0,0.84229553,0.84229553,0.021408314,0.021408314,0.82088721,0.82088721,0,1,1,30.076299,30.076299,False,1,True,True,True,1,1,30.076299,30.076299,1,1,29.776699,29.776699,1,1,4.234611,4.234611,1,1,8.4253731,8.4253731,1,1,14.202421,14.202421,1,1,15.884386,15.884386,1,1,12.87396,12.87396,1,1,13.996555,13.996555
0b_random_erasing_best,file,18,baseline_random_erasing,10156,173.Orange_crowned_Warbler/Orange_Crowned_Warbler_0120_167587.jpg,173,172,173.Orange_crowned_Warbler,199,198,random_erasing,random_erasing,0,"{""area_fraction"":0.091518,""erased"":true,""height"":0.332727,""left"":0.234355,""top"":0.517301,""width"":0.275053}",0.17162436,0.48089048,0.30926612,0.84229553,0.61823261,0.021408314,0.075708546,0.82088721,0.54252406,-0.27836315,0.92755299,2.3994531,30.076299,72.166669,False,0.98673743,True,True,True,0.92755299,2.3994531,30.076299,72.166669,0.92646772,2.3986996,29.776699,71.425358,0.98049458,2.4364186,4.234611,10.317285,0.91297063,2.0044052,8.4253731,16.887862,0.9282935,2.3792517,14.202421,33.791135,0.9343808,2.4823006,15.884386,39.429821,0.91255392,2.4690647,12.87396,31.786641,0.93599276,2.3797464,13.996555,33.308252
0b_random_erasing_best,file,18,baseline_random_erasing,9794,167.Hooded_Warbler/Hooded_Warbler_0057_164137.jpg,167,166,167.Hooded_Warbler,168,167,identity,identity,0,{},0.0030649374,0.0030649374,0,0.99693978,0.99693978,0.0013991725,0.0013991725,0.99554061,0.99554061,0,1,1,0.38689132,0.38689132,False,1,True,True,True,1,1,0.38689132,0.38689132,1,1,0.37535977,0.37535977,1,1,0.093754673,0.093754673,1,1,0.053534619,0.053534619,1,1,0.14835598,0.14835598,1,1,0.17766604,0.17766604,1,1,0.18202283,0.18202283,1,1,0.22654352,0.22654352
0b_random_erasing_best,file,18,baseline_random_erasing,9794,167.Hooded_Warbler/Hooded_Warbler_0057_164137.jpg,167,166,167.Hooded_Warbler,168,167,random_erasing,random_erasing,0,"{""area_fraction"":0.095989,""erased"":true,""height"":0.180748,""left"":0.268365,""top"":0.108535,""width"":0.531064}",0.0030649374,0.0014840077,-0.0015809297,0.99693978,0.9985171,0.0013991725,0.00034424584,0.99554061,0.99817285,0.0026322443,0.76942681,0.43090914,0.38689132,0.16671501,False,0.99080932,True,True,True,0.76942681,0.43090914,0.38689132,0.16671501,0.75592397,0.42727272,0.37535977,0.16038099,0.96577844,0.48549451,0.093754673,0.045517379,0.36558851,0.39565169,0.053534619,0.021181062,0.62735344,0.36708205,0.14835598,0.054458818,0.64502116,0.39323064,0.17766604,0.069863731,0.75393652,0.43784937,0.18202283,0.079698582,0.88421296,0.46453388,0.22654352,0.10523714
0b_random_erasing_best,file,18,baseline_random_erasing,9937,169.Magnolia_Warbler/Magnolia_Warbler_0032_165960.jpg,169,168,169.Magnolia_Warbler,172,171,identity,identity,0,{},3.3209524,3.3209524,0,0.036118411,0.036118411,0.2572214,0.2572214,-0.22110299,-0.22110299,0,1,1,108.35027,108.35027,False,0.99999994,True,False,False,1,1,108.35027,108.35027,1,1,105.67614,105.67614,1,1,23.923525,23.923525,1,1,17.926708,17.926708,1,1,49.273828,49.273828,1,1,60.120165,60.120165,1,1,48.43632,48.43632,1,1,49.574765,49.574765
0b_random_erasing_best,file,18,baseline_random_erasing,9937,169.Magnolia_Warbler/Magnolia_Warbler_0032_165960.jpg,169,168,169.Magnolia_Warbler,172,171,random_erasing,random_erasing,0,"{""area_fraction"":0.060415,""erased"":true,""height"":0.183251,""left"":0.249099,""top"":0.689605,""width"":0.329682}",3.3209524,3.9280818,0.60712934,0.036118411,0.019681392,0.2572214,0.16851513,-0.22110299,-0.14883374,0.072269252,0.83126626,0.87163733,108.35027,94.442139,False,0.96592718,False,False,False,0.83126626,0.87163733,108.35027,94.442139,0.82454526,0.86278669,105.67614,91.175964,0.95341321,1.0292117,23.923525,24.622371,0.75565886,0.77106332,17.926708,13.822627,0.835088,0.77219224,49.273828,38.048868,0.8443443,0.82867989,60.120165,49.820371,0.80165866,0.8822566,48.43632,42.733263,0.83080095,0.98119084,49.574765,48.642305
0b_random_erasing_best,file,18,baseline_random_erasing,9237,158.Bay_breasted_Warbler/Bay_Breasted_Warbler_0062_159783.jpg,158,157,158.Bay_breasted_Warbler,165,164,identity,identity,0,{},0.015658759,0.015658759,0,0.98446321,0.98446321,0.0089397654,0.0089397654,0.97552345,0.97552345,0,1,1,2.8969082,2.8969082,False,1,True,True,True,1,1,2.8969082,2.8969082,1,1,2.8458067,2.8458067,1,1,0.54172045,0.54172045,1,1,0.56610559,0.56610559,1,1,1.2800526,1.2800526,1,1,1.5681448,1.5681448,1,1,1.3459638,1.3459638,1,1,1.3670805,1.3670805
0b_random_erasing_best,file,18,baseline_random_erasing,9237,158.Bay_breasted_Warbler/Bay_Breasted_Warbler_0062_159783.jpg,158,157,158.Bay_breasted_Warbler,165,164,random_erasing,random_erasing,0,"{""area_fraction"":0.051625,""erased"":true,""height"":0.147436,""left"":0.532613,""top"":0.364444,""width"":0.350152}",0.015658759,0.020365423,0.004706664,0.98446321,0.97984058,0.0089397654,0.012216079,0.97552345,0.9676245,-0.0078989519,0.90706411,1.255879,2.8969082,3.6381661,False,0.98991024,True,True,True,0.90706411,1.255879,2.8969082,3.6381661,0.90398935,1.253822,2.8458067,3.5681352,0.98907422,1.3113726,0.54172045,0.71039735,0.91740218,1.2803221,0.56610559,0.72479747,0.89927395,1.2389789,1.2800526,1.5859582,0.90456964,1.2278023,1.5681448,1.9253718,0.8842773,1.2670169,1.3459638,1.7053589,0.92445051,1.2828535,1.3670805,1.753764
0b_random_erasing_best,file,18,baseline_random_erasing,8240,141.Artic_Tern/Artic_Tern_0080_140889.jpg,141,140,141.Artic_Tern,144,143,identity,identity,0,{},0.0046784938,0.0046784938,0,0.99533242,0.99533242,0.0020487455,0.0020487455,0.99328367,0.99328367,0,1,1,0.67786789,0.67786789,False,1,True,True,True,1,1,0.67786789,0.67786789,1,1,0.65508558,0.65508558,1,1,0.17426351,0.17426351,1,1,0.16291406,0.16291406,1,1,0.29057166,0.29057166,1,1,0.34598429,0.34598429,1,1,0.30235918,0.30235918,1,1,0.32716666,0.32716666
0b_random_erasing_best,file,18,baseline_random_erasing,8240,141.Artic_Tern/Artic_Tern_0080_140889.jpg,141,140,141.Artic_Tern,144,143,random_erasing,random_erasing,0,"{""area_fraction"":0.167406,""erased"":true,""height"":0.405551,""left"":0.063437,""top"":0.00498,""width"":0.412787}",0.0046784938,0.2111036,0.20642511,0.99533242,0.80969018,0.0020487455,0.010976106,0.99328367,0.79871407,-0.1945696,0.74177238,47.157309,0.67786789,31.966426,False,0.93733799,True,True,True,0.74177238,47.157309,0.67786789,31.966426,0.73659677,47.339561,0.65508558,31.011464,0.82090285,44.502125,0.17426351,7.7550963,0.8230861,66.880561,0.16291406,10.895784,0.73285452,48.417586,0.29057166,14.068778,0.78199191,44.168033,0.34598429,15.281446,0.7234228,44.565152,0.30235918,13.474683,0.69038045,46.352055,0.32716666,15.164847
0b_random_erasing_best,file,18,baseline_random_erasing,2115,038.Great_Crested_Flycatcher/Great_Crested_Flycatcher_0084_29716.jpg,38,37,038.Great_Crested_Flycatcher,102,101,identity,identity,0,{},0.090834729,0.090834729,0,0.91316861,0.91316861,0.026946815,0.026946815,0.88622179,0.88622179,0,1,1,15.046905,15.046905,False,1.0000001,True,True,True,1,1,15.046905,15.046905,1,1,14.710214,14.710214,1,1,3.1652769,3.1652769,1,1,3.687975,3.687975,1,1,6.4996424,6.4996424,1,1,7.7384204,7.7384204,1,1,6.9105282,6.9105282,1,1,7.2736046,7.2736046
0b_random_erasing_best,file,18,baseline_random_erasing,2115,038.Great_Crested_Flycatcher/Great_Crested_Flycatcher_0084_29716.jpg,38,37,038.Great_Crested_Flycatcher,102,101,random_erasing,random_erasing,0,"{""area_fraction"":0.188378,""erased"":true,""height"":0.673864,""left"":0.409293,""top"":0.062893,""width"":0.279549}",0.090834729,0.21573867,0.12490394,0.91316861,0.80594587,0.026946815,0.035467383,0.88622179,0.77047849,-0.1157433,0.7606445,2.828144,15.046905,42.554816,False,0.95832586,True,True,True,0.7606445,2.828144,15.046905,42.554816,0.75517464,2.8354269,14.710214,41.709735,0.88767473,2.665998,3.1652769,8.438622,0.59336943,2.1348486,3.687975,7.873268,0.75867209,3.0827815,6.4996424,20.036978,0.795164,2.9749779,7.7384204,23.02163,0.74581267,2.8369958,6.9105282,19.605139,0.75601805,2.6153532,7.2736046,19.023045
0b_random_erasing_best,file,18,baseline_random_erasing,2563,045.Northern_Fulmar/Northern_Fulmar_0041_44013.jpg,45,44,045.Northern_Fulmar,72,71,identity,identity,0,{},0.46266186,0.46266186,0,0.62960547,0.62960547,0.20176251,0.20176251,0.42784296,0.42784296,0,1,1,79.09082,79.09082,False,1,True,True,True,1,1,79.09082,79.09082,1,1,77.465825,77.465825,1,1,15.950042,15.950042,1,1,23.006159,23.006159,1,1,38.468575,38.468575,1,1,42.199007,42.199007,1,1,32.854609,32.854609,1,1,33.640123,33.640123
0b_random_erasing_best,file,18,baseline_random_erasing,2563,045.Northern_Fulmar/Northern_Fulmar_0041_44013.jpg,45,44,045.Northern_Fulmar,72,71,random_erasing,random_erasing,0,"{""area_fraction"":0.170842,""erased"":true,""height"":0.444004,""left"":0.320294,""top"":0.305367,""width"":0.384776}",0.46266186,2.7738166,2.3111547,0.62960547,0.062423304,0.20176251,0.63791656,0.42784296,-0.57549326,-1.0033362,0.67220214,2.5525589,79.09082,201.88398,False,0.92215425,False,True,False,0.67220214,2.5525589,79.09082,201.88398,0.66252323,2.5556511,77.465825,197.97562,0.90792125,2.4785012,15.950042,39.5322,0.64549624,2.4104896,23.006159,55.456105,0.60851792,2.2898779,38.468575,88.088339,0.69709961,2.5055014,42.199007,105.72967,0.6370408,2.7717146,32.854609,91.063598,0.71226152,2.8025033,33.640123,94.276557
0b_random_erasing_best,file,18,baseline_random_erasing,2526,044.Frigatebird/Frigatebird_0082_42989.jpg,44,43,044.Frigatebird,72,71,identity,identity,0,{},0.73274213,0.73274213,0,0.48058933,0.48058933,0.11933362,0.11933362,0.36125571,0.36125571,0,1,1,99.61437,99.61437,False,0.99999994,True,True,True,1,1,99.61437,99.61437,1,1,98.59614,98.59614,1,1,14.206468,14.206468,1,1,40.397519,40.397519,1,1,40.8545,40.8545,1,1,51.107036,51.107036,1,1,46.518666,46.518666,1,1,40.549152,40.549152
0b_random_erasing_best,file,18,baseline_random_erasing,2526,044.Frigatebird/Frigatebird_0082_42989.jpg,44,43,044.Frigatebird,72,71,random_erasing,random_erasing,0,"{""area_fraction"":0.053908,""erased"":true,""height"":0.283494,""left"":0.441931,""top"":0.637241,""width"":0.190157}",0.73274213,1.3554147,0.62267262,0.48058933,0.25784034,0.11933362,0.15278687,0.36125571,0.10505347,-0.25620224,0.92698199,1.3861,99.61437,138.07548,False,0.99151576,True,True,True,0.92698199,1.3861,99.61437,138.07548,0.9256988,1.3857809,98.59614,136.63265,0.9881579,1.4013871,14.206468,19.908761,0.94546736,1.2604592,40.397519,50.919423,0.86342765,1.4174569,40.8545,57.909494,0.92885682,1.3818905,51.107036,70.624329,0.94259935,1.4452299,46.518666,67.230169,0.94926515,1.3982162,40.549152,56.696484
0b_random_erasing_best,file,18,baseline_random_erasing,6959,119.Field_Sparrow/Field_Sparrow_0027_113353.jpg,119,118,119.Field_Sparrow,130,129,identity,identity,0,{},0.093936183,0.093936183,0,0.91034085,0.91034085,0.03917712,0.03917712,0.87116373,0.87116373,0,1,1,14.89907,14.89907,False,1,True,True,True,1,1,14.89907,14.89907,1,1,14.509968,14.509968,1,1,3.382768,3.382768,1,1,3.7033674,3.7033674,1,1,6.1891254,6.1891254,1,1,7.4545752,7.4545752,1,1,6.8044179,6.8044179,1,1,7.526498,7.526498
0b_random_erasing_best,file,18,baseline_random_erasing,6959,119.Field_Sparrow/Field_Sparrow_0027_113353.jpg,119,118,119.Field_Sparrow,130,129,random_erasing,random_erasing,0,"{""area_fraction"":0.07261,""erased"":true,""height"":0.178638,""left"":0.136446,""top"":0.586407,""width"":0.406466}",0.093936183,0.17539296,0.081456773,0.91034085,0.83912724,0.03917712,0.070557758,0.87116373,0.76856948,-0.10259424,0.90633539,1.6741134,14.89907,24.942733,False,0.97658741,True,True,True,0.90633539,1.6741134,14.89907,24.942733,0.90273853,1.6759629,14.509968,24.318169,0.97418196,1.6397124,3.382768,5.5467667,0.92713835,1.653446,3.7033674,6.1233183,0.85462728,1.6100619,6.1891254,9.964875,0.89755324,1.6541189,7.4545752,12.330754,0.91188909,1.7022512,6.8044179,11.582828,0.9259511,1.7240094,7.526498,12.975753
0b_random_erasing_best,file,18,baseline_random_erasing,10368,177.Prothonotary_Warbler/Prothonotary_Warbler_0112_174594.jpg,177,176,177.Prothonotary_Warbler,180,179,identity,identity,0,{},0.018434741,0.018434741,0,0.98173416,0.98173416,0.004150419,0.004150419,0.97758374,0.97758374,0,1,1,2.9810879,2.9810879,False,1,True,True,True,1,1,2.9810879,2.9810879,1,1,2.9337471,2.9337471,1,1,0.52916236,0.52916236,1,1,0.82249499,0.82249499,1,1,1.5945933,1.5945933,1,1,1.4742303,1.4742303,1,1,1.2409625,1.2409625,1,1,1.2939488,1.2939488
0b_random_erasing_best,file,18,baseline_random_erasing,10368,177.Prothonotary_Warbler/Prothonotary_Warbler_0112_174594.jpg,177,176,177.Prothonotary_Warbler,180,179,random_erasing,random_erasing,0,"{""area_fraction"":0.173642,""erased"":true,""height"":0.686149,""left"":0.199487,""top"":0.130158,""width"":0.253068}",0.018434741,0.98992538,0.97149064,0.98173416,0.37160441,0.004150419,0.006578214,0.97758374,0.3650262,-0.61255754,0.46738601,45.921047,2.9810879,136.89468,False,0.89528072,False,True,False,0.46738601,45.921047,2.9810879,136.89468,0.45946898,45.663551,2.9337471,133.96531,0.68144153,53.231671,0.52916236,28.168197,0.50641287,34.19692,0.82249499,28.126795,0.52942094,39.659383,1.5945933,63.240585,0.45014943,50.620798,1.4742303,74.626716,0.41487049,50.636452,1.2409625,62.837938,0.43050738,46.616743,1.2939488,60.319679
0b_random_erasing_best,file,18,baseline_random_erasing,6810,117.Clay_colored_Sparrow/Clay_Colored_Sparrow_0064_110664.jpg,117,116,117.Clay_colored_Sparrow,115,114,identity,identity,0,{},0.67941773,0.67941773,0,0.50691205,0.50691205,0.07336507,0.07336507,0.43354698,0.43354698,0,1,1,72.621459,72.621459,False,1,True,True,True,1,1,72.621459,72.621459,1,1,71.507127,71.507127,1,1,12.673081,12.673081,1,1,20.245468,20.245468,1,1,36.181722,36.181722,1,1,39.375673,39.375673,1,1,29.106474,29.106474,1,1,31.56965,31.56965
0b_random_erasing_best,file,18,baseline_random_erasing,6810,117.Clay_colored_Sparrow/Clay_Colored_Sparrow_0064_110664.jpg,117,116,117.Clay_colored_Sparrow,115,114,random_erasing,random_erasing,0,"{""area_fraction"":0.075462,""erased"":true,""height"":0.17074,""left"":0.244738,""top"":0.75478,""width"":0.441972}",0.67941773,0.51269376,-0.16672397,0.50691205,0.59888017,0.07336507,0.18044782,0.43354698,0.41843235,-0.015114628,0.91573086,0.76564028,72.621459,55.601914,False,0.98515117,True,True,True,0.91573086,0.76564028,72.621459,55.601914,0.91525154,0.75993274,71.507127,54.340607,0.94609621,0.92920389,12.673081,11.775876,0.92344019,0.79890214,20.245468,16.174148,0.93065314,0.75828107,36.181722,27.435915,0.92619561,0.75238357,39.375673,29.62561,0.89803602,0.7503494,29.106474,21.840025,0.88995442,0.76542312,31.56965,24.16414
0b_random_erasing_best,file,18,baseline_random_erasing,1601,029.American_Crow/American_Crow_0132_25704.jpg,29,28,029.American_Crow,30,29,identity,identity,0,{},0.15772472,0.15772472,0,0.85408485,0.85408485,0.088774279,0.088774279,0.76531057,0.76531057,0,1,1,24.063667,24.063667,False,1,True,True,True,1,1,24.063667,24.063667,1,1,23.294825,23.294825,1,1,6.0341696,6.0341696,1,1,7.8952852,7.8952852,1,1,10.58473,10.58473,1,1,11.957425,11.957425,1,1,10.36301,10.36301,1,1,10.858399,10.858399
0b_random_erasing_best,file,18,baseline_random_erasing,1601,029.American_Crow/American_Crow_0132_25704.jpg,29,28,029.American_Crow,30,29,random_erasing,random_erasing,0,"{""area_fraction"":0.059431,""erased"":true,""height"":0.183959,""left"":0.595372,""top"":0.264205,""width"":0.323068}",0.15772472,0.26168066,0.10395594,0.85408485,0.76975679,0.088774279,0.16422473,0.76531057,0.60553207,-0.15977851,0.9013535,1.6707941,24.063667,40.205433,False,0.98936498,True,True,True,0.9013535,1.6707941,24.063667,40.205433,0.89575753,1.6694786,23.294825,38.890211,0.98379054,1.6902786,6.0341696,10.199428,0.85288731,1.3661902,7.8952852,10.786462,0.85927318,1.7278333,10.58473,18.288649,0.91554836,1.6676157,11.957425,19.94039,0.90737585,1.7427067,10.36301,18.059687,0.92397956,1.6927746,10.858399,18.380822
0b_random_erasing_best,file,18,baseline_random_erasing,10767,183.Northern_Waterthrush/Northern_Waterthrush_0016_177345.jpg,183,182,183.Northern_Waterthrush,184,183,identity,identity,0,{},0.12389286,0.12389286,0,0.88347447,0.88347447,0.091799945,0.091799945,0.79167452,0.79167452,0,1,1,18.734057,18.734057,False,0.99999994,True,True,True,1,1,18.734057,18.734057,1,1,18.189109,18.189109,1,1,4.4856696,4.4856696,1,1,3.2239635,3.2239635,1,1,7.0714659,7.0714659,1,1,10.421378,10.421378,1,1,9.1171638,9.1171638,1,1,8.8722214,8.8722214
0b_random_erasing_best,file,18,baseline_random_erasing,10767,183.Northern_Waterthrush/Northern_Waterthrush_0016_177345.jpg,183,182,183.Northern_Waterthrush,184,183,random_erasing,random_erasing,0,"{""area_fraction"":0.059889,""erased"":true,""height"":0.296326,""left"":0.490047,""top"":0.621613,""width"":0.202105}",0.12389286,0.057897437,-0.065995421,0.88347447,0.94374675,0.091799945,0.044431116,0.79167452,0.89931563,0.1076411,0.95259961,0.49606522,18.734057,9.2933143,False,0.993806,True,True,True,0.95259961,0.49606522,18.734057,9.2933143,0.95013078,0.49635555,18.189109,9.028265,0.99366147,0.49126687,4.4856696,2.2036609,0.91632771,0.525031,3.2239635,1.6926808,0.9307894,0.50100355,7.0714659,3.5428295,0.95960444,0.50709914,10.421378,5.2846716,0.95018585,0.47723504,9.1171638,4.35103,0.95516056,0.4943076,8.8722214,4.3856065
0b_random_erasing_best,file,18,baseline_random_erasing,138,003.Sooty_Albatross/Sooty_Albatross_0055_1160.jpg,3,2,003.Sooty_Albatross,93,92,identity,identity,0,{},0.52145022,0.52145022,0,0.59365898,0.59365898,0.24490555,0.24490555,0.34875344,0.34875344,0,1,1,79.2587,79.2587,False,1,True,True,True,1,1,79.2587,79.2587,1,1,78.143168,78.143168,1,1,13.250921,13.250921,1,1,21.109683,21.109683,1,1,37.589773,37.589773,1,1,41.545911,41.545911,1,1,35.048865,35.048865,1,1,35.961913,35.961913
0b_random_erasing_best,file,18,baseline_random_erasing,138,003.Sooty_Albatross/Sooty_Albatross_0055_1160.jpg,3,2,003.Sooty_Albatross,93,92,random_erasing,random_erasing,0,"{""area_fraction"":0.103842,""erased"":true,""height"":0.264268,""left"":0.142619,""top"":0.392669,""width"":0.39294}",0.52145022,0.40308908,-0.11836115,0.59365898,0.66825259,0.24490555,0.26791099,0.34875344,0.4003416,0.051588163,0.90818823,1.0550747,79.2587,83.623849,False,0.97679067,True,True,True,0.90818823,1.0550747,79.2587,83.623849,0.9066211,1.0565337,78.143168,82.560889,0.96679041,1.0030163,13.250921,13.29089,0.91887743,1.1141173,21.109683,23.518663,0.92114714,1.0668181,37.589773,40.101451,0.91826132,1.0623464,41.545911,44.13615,0.88017573,1.0673764,35.048865,37.410333,0.89706952,1.005496,35.961913,36.15956
0b_random_erasing_best,file,18,baseline_random_erasing,11555,197.Marsh_Wren/Marsh_Wren_0103_188483.jpg,197,196,197.Marsh_Wren,193,192,identity,identity,0,{},1.3575318,1.3575318,0,0.25729507,0.25729507,0.3478412,0.3478412,-0.090546131,-0.090546131,0,1,1,151.28727,151.28727,False,0.99999994,True,False,False,1,1,151.28727,151.28727,1,1,149.0767,149.0767,1,1,25.767726,25.767726,1,1,41.18747,41.18747,1,1,70.488956,70.488956,1,1,79.729613,79.729613,1,1,73.503873,73.503873,1,1,61.637094,61.637094
0b_random_erasing_best,file,18,baseline_random_erasing,11555,197.Marsh_Wren/Marsh_Wren_0103_188483.jpg,197,196,197.Marsh_Wren,193,192,random_erasing,random_erasing,0,"{""area_fraction"":0.19873,""erased"":true,""height"":0.717979,""left"":0.586287,""top"":0.025374,""width"":0.276791}",1.3575318,2.263478,0.90594625,0.25729507,0.10398817,0.3478412,0.64030653,-0.090546131,-0.53631836,-0.44577223,0.84013971,0.97929524,151.28727,148.1549,False,0.97157639,True,False,False,0.84013971,0.97929524,151.28727,148.1549,0.83771698,0.97218746,149.0767,144.9305,0.92325157,1.1930146,25.767726,30.741273,0.83447256,0.89928234,41.18747,37.039164,0.83768447,0.91066683,70.488956,64.191955,0.83944094,0.98425643,79.729613,78.474384,0.84609068,0.9636926,73.503873,70.835138,0.83239832,1.068384,61.637094,65.852084
0b_random_erasing_best,file,18,baseline_random_erasing,5018,086.Pacific_Loon/Pacific_Loon_0023_75476.jpg,86,85,086.Pacific_Loon,53,52,identity,identity,0,{},0.016278328,0.016278328,0,0.98385346,0.98385346,0.0041105677,0.0041105677,0.97974289,0.97974289,0,1,1,2.0384753,2.0384753,False,1,True,True,True,1,1,2.0384753,2.0384753,1,1,1.994235,1.994235,1,1,0.42238414,0.42238414,1,1,0.4670225,0.4670225,1,1,0.94366726,0.94366726,1,1,1.0369831,1.0369831,1,1,0.86573289,0.86573289,1,1,1.0215322,1.0215322
0b_random_erasing_best,file,18,baseline_random_erasing,5018,086.Pacific_Loon/Pacific_Loon_0023_75476.jpg,86,85,086.Pacific_Loon,53,52,random_erasing,random_erasing,0,"{""area_fraction"":0.165955,""erased"":true,""height"":0.290027,""left"":0.075227,""top"":0.499288,""width"":0.572204}",0.016278328,0.018925685,0.0026473571,0.98385346,0.98125225,0.0041105677,0.0040555634,0.97974289,0.97719669,-0.0025462019,0.87071925,1.239014,2.0384753,2.5256995,False,0.97943449,True,True,True,0.87071925,1.239014,2.0384753,2.5256995,0.86598723,1.2390765,1.994235,2.4710098,0.97632744,1.2376193,0.42238414,0.52275077,0.94354397,1.210295,0.4670225,0.56523501,0.87254875,1.3633261,0.94366726,1.2865262,0.85341558,1.2853636,1.0369831,1.3329003,0.83093283,1.1724376,0.86573289,1.0150178,0.89252135,1.1265533,1.0215322,1.1508104
0b_random_erasing_best,file,18,baseline_random_erasing,10036,171.Myrtle_Warbler/Myrtle_Warbler_0084_166747.jpg,171,170,171.Myrtle_Warbler,165,164,identity,identity,0,{},0.67196792,0.67196792,0,0.51070255,0.51070255,0.067272522,0.067272522,0.44343003,0.44343003,0,1,1,65.95251,65.95251,False,1.0000001,True,True,True,1,1,65.95251,65.95251,1,1,64.708543,64.708543,1,1,12.749039,12.749039,1,1,12.41755,12.41755,1,1,26.823617,26.823617,1,1,36.39924,36.39924,1,1,31.952713,31.952713,1,1,31.106479,31.106479
0b_random_erasing_best,file,18,baseline_random_erasing,10036,171.Myrtle_Warbler/Myrtle_Warbler_0084_166747.jpg,171,170,171.Myrtle_Warbler,165,164,random_erasing,random_erasing,0,"{""area_fraction"":0.172055,""erased"":true,""height"":0.434814,""left"":0.066602,""top"":0.285848,""width"":0.395699}",0.67196792,1.75725,1.085282,0.51070255,0.17251866,0.067272522,0.0093521513,0.44343003,0.1631665,-0.28026352,0.63372627,1.9879417,65.95251,131.10975,False,0.91925037,False,True,False,0.63372627,1.9879417,65.95251,131.10975,0.62436097,1.9911905,64.708543,128.84704,0.88689449,1.9023381,12.749039,24.252983,0.60310634,2.0769175,12.41755,25.790227,0.6479987,1.9560323,26.823617,52.467862,0.59911588,1.9546401,36.39924,71.147413,0.5682242,2.0738343,31.952713,66.264632,0.70835385,1.9635317,31.106479,61.078558
0b_random_erasing_best,file,18,baseline_random_erasing,6388,110.Geococcyx/Geococcyx_0107_104534.jpg,110,109,110.Geococcyx,94,93,identity,identity,0,{},0.2370764,0.2370764,0,0.78893101,0.78893101,0.047897436,0.047897436,0.74103358,0.74103358,0,1,1,62.932508,62.932508,False,1,True,True,True,1,1,62.932508,62.932508,1,1,62.490771,62.490771,1,1,7.4433939,7.4433939,1,1,10.951494,10.951494,1,1,30.411502,30.411502,1,1,41.180568,41.180568,1,1,26.455766,26.455766,1,1,21.553539,21.553539
0b_random_erasing_best,file,18,baseline_random_erasing,6388,110.Geococcyx/Geococcyx_0107_104534.jpg,110,109,110.Geococcyx,94,93,random_erasing,random_erasing,0,"{""area_fraction"":0.179874,""erased"":true,""height"":0.508421,""left"":0.506738,""top"":0.461931,""width"":0.353789}",0.2370764,0.92685616,0.68977976,0.78893101,0.39579606,0.047897436,0.073436461,0.74103358,0.3223596,-0.41867398,0.89345152,2.4612478,62.932508,154.8925,False,0.95415413,True,True,True,0.89345152,2.4612478,62.932508,154.8925,0.89270039,2.4569727,62.490771,153.53811,0.9462633,2.7458602,7.4433939,20.438519,0.87258454,2.2687253,10.951494,24.845931,0.8813797,2.3072897,30.411502,70.168146,0.92298112,2.4899273,41.180568,102.53662,0.86213944,2.4899663,26.455766,65.873966,0.86158554,2.6163143,21.553539,56.390832
0b_random_erasing_best,file,18,baseline_random_erasing,5211,090.Red_breasted_Merganser/Red_Breasted_Merganser_0081_79396.jpg,90,89,090.Red_breasted_Merganser,46,45,identity,identity,0,{},0.0025156063,0.0025156063,0,0.99748755,0.99748755,0.00036384451,0.00036384451,0.9971237,0.9971237,0,1,1,0.3262985,0.3262985,False,1,True,True,True,1,1,0.3262985,0.3262985,1,1,0.31900379,0.31900379,1,1,0.068609677,0.068609677,1,1,0.061280304,0.061280304,1,1,0.14040326,0.14040326,1,1,0.16926213,0.16926213,1,1,0.13771784,0.13771784,1,1,0.17515479,0.17515479
0b_random_erasing_best,file,18,baseline_random_erasing,5211,090.Red_breasted_Merganser/Red_Breasted_Merganser_0081_79396.jpg,90,89,090.Red_breasted_Merganser,46,45,random_erasing,random_erasing,0,"{""area_fraction"":0.086478,""erased"":true,""height"":0.245297,""left"":0.177003,""top"":0.180737,""width"":0.352544}",0.0025156063,0.0011166058,-0.0013990005,0.99748755,0.99888402,0.00036384451,0.00014892199,0.9971237,0.9987351,0.0016113997,0.91372024,0.42342545,0.3262985,0.13816309,False,0.99510169,True,True,True,0.91372024,0.42342545,0.3262985,0.13816309,0.9099018,0.42037381,0.31900379,0.13410084,0.99412142,0.48472226,0.068609677,0.033256638,0.86632923,0.44441048,0.061280304,0.027233609,0.88630202,0.37518125,0.14040326,0.05267667,0.91656136,0.41345847,0.16926213,0.069982861,0.8912302,0.42908661,0.13771784,0.059092881,0.93842997,0.44506286,0.17515479,0.077954889
0b_random_erasing_best,file,18,baseline_random_erasing,7367,126.Nelson_Sharp_tailed_Sparrow/Nelson_Sharp_Tailed_Sparrow_0074_796901.jpg,126,125,126.Nelson_Sharp_tailed_Sparrow,128,127,identity,identity,0,{},5.2528009,5.2528009,0,0.0052328417,0.0052328417,0.99188459,0.99188459,-0.98665175,-0.98665175,0,1,1,200.97451,200.97451,False,1,True,False,False,1,1,200.97451,200.97451,1,1,194.80413,194.80413,1,1,49.417645,49.417645,1,1,23.450605,23.450605,1,1,83.222735,83.222735,1,1,120.07265,120.07265,1,1,87.412404,87.412404,1,1,91.729642,91.729642
0b_random_erasing_best,file,18,baseline_random_erasing,7367,126.Nelson_Sharp_tailed_Sparrow/Nelson_Sharp_Tailed_Sparrow_0074_796901.jpg,126,125,126.Nelson_Sharp_tailed_Sparrow,128,127,random_erasing,random_erasing,0,"{""area_fraction"":0.066735,""erased"":true,""height"":0.395615,""left"":0.419033,""top"":0.549208,""width"":0.168686}",5.2528009,5.1612988,-0.09150219,0.0052328417,0.0057342486,0.99188459,0.98979914,-0.98665175,-0.98406489,0.0025868542,0.9201377,1.0717149,200.97451,215.38737,False,0.98482287,True,False,False,0.9201377,1.0717149,200.97451,215.38737,0.91658566,1.0773939,194.80413,209.88079,0.98483489,0.97924244,49.417645,48.391856,0.82263601,1.1233332,23.450605,26.342843,0.89258614,1.1835045,83.222735,98.494479,0.94219547,1.0323149,120.07265,123.95278,0.90922723,1.0536213,87.412404,92.09957,0.91447496,1.0796558,91.729642,99.036436
0b_random_erasing_best,file,18,baseline_random_erasing,290,006.Least_Auklet/Least_Auklet_0026_795066.jpg,6,5,006.Least_Auklet,118,117,identity,identity,0,{},0.039587867,0.039587867,0,0.96118551,0.96118551,0.014731101,0.014731101,0.94645441,0.94645441,0,1,1,6.9928869,6.9928869,False,1,True,True,True,1,1,6.9928869,6.9928869,1,1,6.8705533,6.8705533,1,1,1.3022921,1.3022921,1,1,1.4266839,1.4266839,1,1,3.0098777,3.0098777,1,1,3.8367473,3.8367473,1,1,3.4111048,3.4111048,1,1,3.1230508,3.1230508
0b_random_erasing_best,file,18,baseline_random_erasing,290,006.Least_Auklet/Least_Auklet_0026_795066.jpg,6,5,006.Least_Auklet,118,117,random_erasing,random_erasing,0,"{""area_fraction"":0.177175,""erased"":true,""height"":0.676281,""left"":0.10315,""top"":0.300039,""width"":0.261984}",0.039587867,0.03870932,-0.00087854639,0.96118551,0.96203029,0.014731101,0.014121987,0.94645441,0.9479083,0.0014538905,0.85110258,0.92904011,6.9928869,6.4966725,False,0.9725855,True,True,True,0.85110258,0.92904011,6.9928869,6.4966725,0.84676352,0.92203072,6.8705533,6.3348612,0.96534001,1.1064588,1.3022921,1.4409325,0.78973705,0.77300549,1.4266839,1.1028345,0.86537112,0.88047832,3.0098777,2.6501321,0.86995989,0.94189788,3.8367473,3.6138242,0.82321334,0.9443672,3.4111048,3.2213355,0.83708218,0.93102138,3.1230508,2.9076271
0b_random_erasing_best,file,18,baseline_random_erasing,8666,148.Green_tailed_Towhee/Green_Tailed_Towhee_0064_154771.jpg,148,147,148.Green_tailed_Towhee,165,164,identity,identity,0,{},0.36995009,0.36995009,0,0.69076884,0.69076884,0.050899159,0.050899159,0.63986968,0.63986968,0,1,1,40.175519,40.175519,False,1,True,True,True,1,1,40.175519,40.175519,1,1,39.265986,39.265986,1,1,8.5002739,8.5002739,1,1,8.8647985,8.8647985,1,1,16.307785,16.307785,1,1,20.946958,20.946958,1,1,18.332313,18.332313,1,1,20.553355,20.553355
0b_random_erasing_best,file,18,baseline_random_erasing,8666,148.Green_tailed_Towhee/Green_Tailed_Towhee_0064_154771.jpg,148,147,148.Green_tailed_Towhee,165,164,random_erasing,random_erasing,0,"{""area_fraction"":0.182249,""erased"":true,""height"":0.295922,""left"":0.304748,""top"":0.583861,""width"":0.615866}",0.36995009,0.30059978,-0.069350302,0.69076884,0.74037403,0.050899159,0.033494256,0.63986968,0.70687977,0.067010093,0.9003195,0.88507816,40.175519,35.558474,False,0.98320752,True,True,True,0.9003195,0.88507816,40.175519,35.558474,0.89679374,0.88712453,39.265986,34.833819,0.98102612,0.84022435,8.5002739,7.1421371,0.9045824,0.81079446,8.8647985,7.1875296,0.888064,0.96704707,16.307785,15.770396,0.90745027,0.8945736,20.946958,18.738595,0.87748983,0.85905661,18.332313,15.748495,0.90918005,0.86198237,20.553355,17.716629
0b_random_erasing_best,file,18,baseline_random_erasing,5144,088.Western_Meadowlark/Western_Meadowlark_0069_78587.jpg,88,87,088.Western_Meadowlark,113,112,identity,identity,0,{},4.2119603,4.2119603,0,0.014817293,0.014817293,0.58040398,0.58040398,-0.56558669,-0.56558669,0,1,1,182.45157,182.45157,False,1,True,False,False,1,1,182.45157,182.45157,1,1,178.82687,178.82687,1,1,36.187351,36.187351,1,1,32.454229,32.454229,1,1,85.957878,85.957878,1,1,87.225733,87.225733,1,1,87.317167,87.317167,1,1,91.128482,91.128482
0b_random_erasing_best,file,18,baseline_random_erasing,5144,088.Western_Meadowlark/Western_Meadowlark_0069_78587.jpg,88,87,088.Western_Meadowlark,113,112,random_erasing,random_erasing,0,"{""area_fraction"":0.198571,""erased"":true,""height"":0.370745,""left"":0.3594,""top"":0.295862,""width"":0.5356}",4.2119603,4.9167809,0.70482063,0.014817293,0.0073226639,0.58040398,0.70724648,-0.56558669,-0.69992382,-0.13433713,0.83351458,1.0920443,182.45157,199.24519,False,0.95474589,True,False,False,0.83351458,1.0920443,182.45157,199.24519,0.82869369,1.090751,178.82687,195.05559,0.94818766,1.1231652,36.187351,40.644372,0.75064906,1.0394208,32.454229,33.7336,0.87624945,1.1574205,85.957878,99.489411,0.80707572,1.038214,87.225733,90.558979,0.802004,1.0335264,87.317167,90.244599,0.83894985,1.1332816,91.128482,103.27423
0b_random_erasing_best,file,18,baseline_random_erasing,3275,057.Rose_breasted_Grosbeak/Rose_Breasted_Grosbeak_0017_39161.jpg,57,56,057.Rose_breasted_Grosbeak,68,67,identity,identity,0,{},2.1323667,2.1323667,0,0.11855637,0.11855637,0.68844062,0.68844062,-0.56988425,-0.56988425,0,1,1,229.89321,229.89321,False,1,True,False,False,1,1,229.89321,229.89321,1,1,227.68566,227.68566,1,1,31.782484,31.782484,1,1,51.848658,51.848658,1,1,97.568416,97.568416,1,1,126.19182,126.19182,1,1,112.44654,112.44654,1,1,105.18689,105.18689
0b_random_erasing_best,file,18,baseline_random_erasing,3275,057.Rose_breasted_Grosbeak/Rose_Breasted_Grosbeak_0017_39161.jpg,57,56,057.Rose_breasted_Grosbeak,68,67,random_erasing,random_erasing,0,"{""area_fraction"":0.111122,""erased"":true,""height"":0.368988,""left"":0.33416,""top"":0.61616,""width"":0.301154}",2.1323667,2.4479401,0.31557345,0.11855637,0.086471528,0.68844062,0.63080424,-0.56988425,-0.54433271,0.025551535,0.94968211,0.99182015,229.89321,228.01272,False,0.98624718,True,False,False,0.94968211,0.99182015,229.89321,228.01272,0.94906531,0.99271097,227.68566,226.02606,0.98406833,0.94497547,31.782484,30.033667,0.96354206,1.0061822,51.848658,52.169195,0.93764711,0.96598032,97.568416,94.24917,0.95684453,1.0138532,126.19182,127.93997,0.94684271,0.99594129,112.44654,111.99016,0.94688349,0.97753812,105.18689,102.8242
0b_random_erasing_best,file,18,baseline_random_erasing,113,002.Laysan_Albatross/Laysan_Albatross_0029_482.jpg,2,1,002.Laysan_Albatross,1,0,identity,identity,0,{},0.66764617,0.66764617,0,0.51291448,0.51291448,0.33175373,0.33175373,0.18116075,0.18116075,0,1,1,73.18424,73.18424,False,1,True,True,True,1,1,73.18424,73.18424,1,1,70.833257,70.833257,1,1,18.400618,18.400618,1,1,18.519482,18.519482,1,1,34.62023,34.62023,1,1,35.732716,35.732716,1,1,30.840162,30.840162,1,1,35.325291,35.325291
0b_random_erasing_best,file,18,baseline_random_erasing,113,002.Laysan_Albatross/Laysan_Albatross_0029_482.jpg,2,1,002.Laysan_Albatross,1,0,random_erasing,random_erasing,0,"{""area_fraction"":0.154387,""erased"":true,""height"":0.503176,""left"":0.020623,""top"":0.144271,""width"":0.306826}",0.66764617,1.959743,1.2920969,0.51291448,0.14089462,0.33175373,0.71663606,0.18116075,-0.57574144,-0.75690219,0.86083667,1.8043532,73.18424,132.05022,False,0.95884424,False,True,False,0.86083667,1.8043532,73.18424,132.05022,0.85442687,1.7966466,70.833257,127.26233,0.9515872,1.9149241,18.400618,35.235787,0.76478469,1.4146672,18.519482,26.198904,0.84590414,1.6798613,34.62023,58.157185,0.8670864,1.8705174,35.732716,66.838666,0.84570547,1.8956674,30.840162,58.46269,0.88331384,1.8436888,35.325291,65.128844
0b_random_erasing_best,file,18,baseline_random_erasing,3819,066.Western_Gull/Western_Gull_0094_55156.jpg,66,65,066.Western_Gull,62,61,identity,identity,0,{},0.077466376,0.077466376,0,0.92545813,0.92545813,0.038050145,0.038050145,0.88740799,0.88740799,0,1,1,9.4878446,9.4878446,False,1,True,True,True,1,1,9.4878446,9.4878446,1,1,9.0777957,9.0777957,1,1,2.7591339,2.7591339,1,1,1.7028803,1.7028803,1,1,3.1990439,3.1990439,1,1,5.2748367,5.2748367,1,1,4.4088858,4.4088858,1,1,4.6915366,4.6915366
0b_random_erasing_best,file,18,baseline_random_erasing,3819,066.Western_Gull/Western_Gull_0094_55156.jpg,66,65,066.Western_Gull,62,61,random_erasing,random_erasing,0,"{""area_fraction"":0.193801,""erased"":true,""height"":0.314656,""left"":0.1592,""top"":0.488144,""width"":0.615913}",0.077466376,0.35524017,0.27777379,0.92545813,0.70100504,0.038050145,0.17928512,0.88740799,0.52171992,-0.36568807,0.77754075,4.8543485,9.4878446,46.057304,False,0.96702182,True,True,True,0.77754075,4.8543485,9.4878446,46.057304,0.76102964,4.8686429,9.0777957,44.196545,0.96326688,4.6968333,2.7591339,12.959192,0.60658617,6.1977152,1.7028803,10.553967,0.66121015,5.6687141,3.1990439,18.134465,0.8093485,4.5654166,5.2748367,24.081827,0.79022761,4.7728309,4.4088858,21.042866,0.76953928,4.7199705,4.6915366,22.143914
0b_random_erasing_best,file,18,baseline_random_erasing,9415,161.Blue_winged_Warbler/Blue_Winged_Warbler_0059_162064.jpg,161,160,161.Blue_winged_Warbler,174,173,identity,identity,0,{},6.0737057,6.0737057,0,0.0023026252,0.0023026252,0.25640625,0.25640625,-0.25410362,-0.25410362,0,1,1,244.938,244.938,False,1,True,False,False,1,1,244.938,244.938,1,1,242.88919,242.88919,1,1,31.614359,31.614359,1,1,81.7929,81.7929,1,1,121.24263,121.24263,1,1,137.37121,137.37121,1,1,102.3111,102.3111,1,1,90.922459,90.922459
0b_random_erasing_best,file,18,baseline_random_erasing,9415,161.Blue_winged_Warbler/Blue_Winged_Warbler_0059_162064.jpg,161,160,161.Blue_winged_Warbler,174,173,random_erasing,random_erasing,0,"{""area_fraction"":0.180939,""erased"":true,""height"":0.487412,""left"":0.281575,""top"":0.322126,""width"":0.371224}",6.0737057,5.4663658,-0.60733986,0.0023026252,0.004226564,0.25640625,0.064464174,-0.25410362,-0.06023761,0.19386601,0.84138813,0.87368774,244.938,213.99933,False,0.95902729,False,False,False,0.84138813,0.87368774,244.938,213.99933,0.83978934,0.87080658,242.88919,211.5095,0.93280051,1.029567,31.614359,32.5491,0.7064397,0.83167211,81.7929,68.024874,0.84137642,0.82209215,121.24263,99.672614,0.88807178,0.89080821,137.37121,122.3714,0.84205069,0.90576893,102.3111,92.670216,0.82943667,0.89430631,90.922459,81.312528
0b_random_erasing_best,file,18,baseline_random_erasing,1298,024.Red_faced_Cormorant/Red_Faced_Cormorant_0002_796275.jpg,24,23,024.Red_faced_Cormorant,25,24,identity,identity,0,{},0.41583923,0.41583923,0,0.65978634,0.65978634,0.33136365,0.33136365,0.3284227,0.3284227,0,1,1,69.812962,69.812962,False,1,True,True,True,1,1,69.812962,69.812962,1,1,68.218831,68.218831,1,1,14.833773,14.833773,1,1,23.884701,23.884701,1,1,32.418713,32.418713,1,1,33.945651,33.945651,1,1,30.59527,30.59527,1,1,30.724244,30.724244
0b_random_erasing_best,file,18,baseline_random_erasing,1298,024.Red_faced_Cormorant/Red_Faced_Cormorant_0002_796275.jpg,24,23,024.Red_faced_Cormorant,25,24,random_erasing,random_erasing,0,"{""area_fraction"":0.057891,""erased"":true,""height"":0.429186,""left"":0.117848,""top"":0.29265,""width"":0.134885}",0.41583923,0.43697023,0.021131009,0.65978634,0.64599067,0.33136365,0.34662539,0.3284227,0.29936528,-0.029057413,0.97450007,1.02759,69.812962,71.739101,False,0.99828279,True,True,True,0.97450007,1.02759,69.812962,71.739101,0.97337705,1.0251064,68.218831,69.931559,0.99827902,1.078779,14.833773,16.002363,0.97480824,0.90677191,23.884701,21.657976,0.96927012,0.97522161,32.418713,31.615429,0.97762929,1.047184,33.945651,35.547342,0.97579833,1.0674701,30.59527,32.659536,0.97647792,1.0753325,30.724244,33.038777
0b_random_erasing_best,file,18,baseline_random_erasing,5560,095.Baltimore_Oriole/Baltimore_Oriole_0064_89554.jpg,95,94,095.Baltimore_Oriole,96,95,identity,identity,0,{},0.0064602583,0.0064602583,0,0.99356055,0.99356055,0.0039010118,0.0039010118,0.98965954,0.98965954,0,1,1,0.80001383,0.80001383,False,1,True,True,True,1,1,0.80001383,0.80001383,1,1,0.77343702,0.77343702,1,1,0.20449279,0.20449279,1,1,0.17213503,0.17213503,1,1,0.27814566,0.27814566,1,1,0.34115261,0.34115261,1,1,0.40254418,0.40254418,1,1,0.46128346,0.46128346
0b_random_erasing_best,file,18,baseline_random_erasing,5560,095.Baltimore_Oriole/Baltimore_Oriole_0064_89554.jpg,95,94,095.Baltimore_Oriole,96,95,random_erasing,random_erasing,0,"{""area_fraction"":0.163102,""erased"":true,""height"":0.295066,""left"":0.18238,""top"":0.090587,""width"":0.552764}",0.0064602583,0.15743043,0.15097017,0.99356055,0.85433626,0.0039010118,0.091342695,0.98965954,0.76299357,-0.22666597,0.73776584,23.398365,0.80001383,18.719016,False,0.9446696,True,True,True,0.73776584,23.398365,0.80001383,18.719016,0.72642697,23.623332,0.77343702,18.27116,0.94053023,19.903726,0.20449279,4.0701686,0.64169432,20.733814,0.17213503,3.5690157,0.61762803,27.52132,0.27814566,7.6549358,0.68498372,25.080965,0.34115261,8.5564368,0.73286286,23.061177,0.40254418,9.2831426,0.81515054,22.013168,0.46128346,10.15431
0b_random_erasing_best,file,18,baseline_random_erasing,10914,186.Cedar_Waxwing/Cedar_Waxwing_0062_178788.jpg,186,185,186.Cedar_Waxwing,185,184,identity,identity,0,{},0.013670278,0.013670278,0,0.98642272,0.98642272,0.01226303,0.01226303,0.97415969,0.97415969,0,1,1,2.7365578,2.7365578,False,1,True,True,True,1,1,2.7365578,2.7365578,1,1,2.6768033,2.6768033,1,1,0.5687466,0.5687466,1,1,0.42107072,0.42107072,1,1,1.5087478,1.5087478,1,1,1.4581597,1.4581597,1,1,1.1543324,1.1543324,1,1,1.1193491,1.1193491
0b_random_erasing_best,file,18,baseline_random_erasing,10914,186.Cedar_Waxwing/Cedar_Waxwing_0062_178788.jpg,186,185,186.Cedar_Waxwing,185,184,random_erasing,random_erasing,0,"{""area_fraction"":0.142283,""erased"":true,""height"":0.59564,""left"":0.14158,""top"":0.305488,""width"":0.238874}",0.013670278,0.0094027529,-0.0042675249,0.98642272,0.9906413,0.01226303,0.0070035136,0.97415969,0.98363778,0.0094780945,0.88037892,0.5604466,2.7365578,1.5336945,False,0.98400837,True,True,True,0.88037892,0.5604466,2.7365578,1.5336945,0.87572205,0.55920926,2.6768033,1.4968932,0.97962045,0.58718688,0.5687466,0.33396054,0.81284087,0.65406434,0.42107072,0.27540734,0.9108757,0.54342504,1.5087478,0.81989131,0.87402405,0.55251909,1.4581597,0.80566109,0.83339109,0.539708,1.1543324,0.62300242,0.87609155,0.60287778,1.1193491,0.67483068
0b_random_erasing_best,file,18,baseline_random_erasing,4238,073.Blue_Jay/Blue_Jay_0061_63645.jpg,73,72,073.Blue_Jay,164,163,identity,identity,0,{},0.82291907,0.82291907,0,0.43914789,0.43914789,0.40668383,0.40668383,0.032464057,0.032464057,0,1,1,106.48412,106.48412,False,1,True,True,True,1,1,106.48412,106.48412,1,1,104.28903,104.28903,1,1,21.509679,21.509679,1,1,21.476328,21.476328,1,1,45.855462,45.855462,1,1,54.058922,54.058922,1,1,51.526801,51.526801,1,1,52.295963,52.295963
0b_random_erasing_best,file,18,baseline_random_erasing,4238,073.Blue_Jay/Blue_Jay_0061_63645.jpg,73,72,073.Blue_Jay,164,163,random_erasing,random_erasing,0,"{""area_fraction"":0.197942,""erased"":true,""height"":0.388371,""left"":0.100142,""top"":0.158654,""width"":0.509673}",0.82291907,3.1082349,2.2853158,0.43914789,0.044679753,0.40668383,0.050796788,0.032464057,-0.0061170347,-0.038581092,0.50226215,1.6668247,106.48412,177.49036,False,0.9190706,False,True,False,0.50226215,1.6668247,106.48412,177.49036,0.49372475,1.6616205,104.28903,173.28879,0.69033424,1.7847968,21.509679,38.390407,0.42646211,1.7512793,21.476328,37.611048,0.52064537,1.6938726,45.855462,77.673311,0.43543873,1.6643704,54.058922,89.974071,0.4667758,1.6405889,51.526801,84.534299,0.57421019,1.6382365,52.295963,85.673155
0b_random_erasing_best,file,18,baseline_random_erasing,4661,080.Green_Kingfisher/Green_Kingfisher_0059_71119.jpg,80,79,080.Green_Kingfisher,82,81,identity,identity,0,{},0.0051146853,0.0051146853,0,0.99489838,0.99489838,0.0023156113,0.0023156113,0.99258277,0.99258277,0,1,1,0.91051415,0.91051415,False,1,True,True,True,1,1,0.91051415,0.91051415,1,1,0.89568051,0.89568051,1,1,0.16368398,0.16368398,1,1,0.21388111,0.21388111,1,1,0.39811103,0.39811103,1,1,0.47102455,0.47102455,1,1,0.41746902,0.41746902,1,1,0.44929004,0.44929004
0b_random_erasing_best,file,18,baseline_random_erasing,4661,080.Green_Kingfisher/Green_Kingfisher_0059_71119.jpg,80,79,080.Green_Kingfisher,82,81,random_erasing,random_erasing,0,"{""area_fraction"":0.101884,""erased"":true,""height"":0.184039,""left"":0.075106,""top"":0.680537,""width"":0.553602}",0.0051146853,0.0093843304,0.0042696451,0.99489838,0.99065959,0.0023156113,0.005252975,0.99258277,0.98540662,-0.007176148,0.93421289,1.7293188,0.91051415,1.5745693,False,0.99276972,True,True,True,0.93421289,1.7293188,0.91051415,1.5745693,0.93236168,1.7243965,0.89568051,1.5445083,0.98829947,1.8707174,0.16368398,0.30620646,0.93174916,1.9009933,0.21388111,0.40658656,0.93595805,1.5919533,0.39811103,0.63377417,0.93789464,1.7591261,0.47102455,0.82859156,0.92465716,1.6974322,0.41746902,0.70862537,0.93406008,1.7663547,0.44929004,0.79360556
0b_random_erasing_best,file,18,baseline_random_erasing,2841,050.Eared_Grebe/Eared_Grebe_0027_34341.jpg,50,49,050.Eared_Grebe,51,50,identity,identity,0,{},0.048518397,0.048518397,0,0.95263982,0.95263982,0.040447555,0.040447555,0.91219226,0.91219226,0,1,1,7.1045711,7.1045711,False,1,True,True,True,1,1,7.1045711,7.1045711,1,1,6.8841713,6.8841713,1,1,1.7558802,1.7558802,1,1,1.3584605,1.3584605,1,1,2.9821859,2.9821859,1,1,3.5612611,3.5612611,1,1,3.25265,3.25265,1,1,3.6593244,3.6593244
0b_random_erasing_best,file,18,baseline_random_erasing,2841,050.Eared_Grebe/Eared_Grebe_0027_34341.jpg,50,49,050.Eared_Grebe,51,50,random_erasing,random_erasing,0,"{""area_fraction"":0.13589,""erased"":true,""height"":0.643111,""left"":0.241101,""top"":0.070792,""width"":0.211301}",0.048518397,2.7291782,2.6806598,0.95263982,0.065272905,0.040447555,0.013667462,0.91219226,0.051605443,-0.86058682,0.39650762,31.982907,7.1045711,227.22484,False,0.83016968,False,True,False,0.39650762,31.982907,7.1045711,227.22484,0.39415502,32.473284,6.8841713,223.55165,0.46892421,23.174341,1.7558802,40.691367,0.54171691,45.314948,1.3584605,61.558565,0.53251893,38.878344,2.9821859,115.94245,0.40894364,34.330615,3.5612611,122.26028,0.2883087,30.202265,3.25265,98.237396,0.3239563,24.663032,3.6593244,90.250035
0b_random_erasing_best,file,18,baseline_random_erasing,6566,113.Baird_Sparrow/Baird_Sparrow_0008_106929.jpg,113,112,113.Baird_Sparrow,124,123,identity,identity,0,{},3.2808566,3.2808566,0,0.037596039,0.037596039,0.19587542,0.19587542,-0.15827938,-0.15827938,0,1,1,127.31578,127.31578,False,0.99999988,True,False,False,1,1,127.31578,127.31578,1,1,124.11749,124.11749,1,1,28.357673,28.357673,1,1,19.808887,19.808887,1,1,47.256508,47.256508,1,1,64.924643,64.924643,1,1,62.925129,62.925129,1,1,67.858677,67.858677
0b_random_erasing_best,file,18,baseline_random_erasing,6566,113.Baird_Sparrow/Baird_Sparrow_0008_106929.jpg,113,112,113.Baird_Sparrow,124,123,random_erasing,random_erasing,0,"{""area_fraction"":0.127943,""erased"":true,""height"":0.429501,""left"":0.195778,""top"":0.124929,""width"":0.297888}",3.2808566,3.523035,0.24217844,0.037596039,0.029509731,0.19587542,0.31066731,-0.15827938,-0.28115758,-0.12287819,0.91845198,1.1994048,127.31578,152.70316,False,0.985852,True,False,False,0.91845198,1.1994048,127.31578,152.70316,0.91607757,1.2060544,124.11749,149.69244,0.97690968,1.0640254,28.357673,30.173286,0.92039083,1.1689356,19.808887,23.155313,0.93115299,1.2242151,47.256508,57.85213,0.92254148,1.2794924,64.924643,83.070588,0.90319864,1.2066073,62.925129,75.92592,0.91670199,1.1280238,67.858677,76.546206
0b_random_erasing_best,file,18,baseline_random_erasing,10350,176.Prairie_Warbler/Prairie_Warbler_0031_172818.jpg,176,175,176.Prairie_Warbler,43,42,identity,identity,0,{},2.1166351,2.1166351,0,0.12043621,0.12043621,0.26785609,0.26785609,-0.14741988,-0.14741988,0,1,1,164.0899,164.0899,False,0.99999994,True,False,False,1,1,164.0899,164.0899,1,1,162.0743,162.0743,1,1,25.640107,25.640107,1,1,37.145562,37.145562,1,1,81.935606,81.935606,1,1,92.596625,92.596625,1,1,71.168106,71.168106,1,1,67.348408,67.348408
0b_random_erasing_best,file,18,baseline_random_erasing,10350,176.Prairie_Warbler/Prairie_Warbler_0031_172818.jpg,176,175,176.Prairie_Warbler,43,42,random_erasing,random_erasing,0,"{""area_fraction"":0.18054,""erased"":true,""height"":0.388121,""left"":0.393393,""top"":0.321246,""width"":0.465164}",2.1166351,2.7000661,0.58343101,0.12043621,0.06720107,0.26785609,0.051213175,-0.14741988,0.015987895,0.16340777,0.65526939,0.96055572,164.0899,157.61749,False,0.90396518,False,False,False,0.65526939,0.96055572,164.0899,157.61749,0.64968859,0.95332526,162.0743,154.50952,0.84899976,1.2147413,25.640107,31.146096,0.82446448,1.0107203,37.145562,37.543772,0.6473465,0.85460165,81.935606,70.022304,0.63611718,0.97278043,92.596625,90.076185,0.62045907,0.95855166,71.168106,68.218306,0.66221586,1.0279688,67.348408,69.232066
0b_random_erasing_best,file,18,baseline_random_erasing,7555,129.Song_Sparrow/Song_Sparrow_0121_121203.jpg,129,128,129.Song_Sparrow,149,148,identity,identity,0,{},3.9714775,3.9714775,0,0.018845569,0.018845569,0.15269801,0.15269801,-0.13385244,-0.13385244,0,1,1,99.449149,99.449149,False,1,True,False,False,1,1,99.449149,99.449149,1,1,96.654665,96.654665,1,1,23.409593,23.409593,1,1,20.010766,20.010766,1,1,39.328358,39.328358,1,1,53.56693,53.56693,1,1,44.35948,44.35948,1,1,50.574641,50.574641
0b_random_erasing_best,file,18,baseline_random_erasing,7555,129.Song_Sparrow/Song_Sparrow_0121_121203.jpg,129,128,129.Song_Sparrow,149,148,random_erasing,random_erasing,0,"{""area_fraction"":0.099023,""erased"":true,""height"":0.2426,""left"":0.493487,""top"":0.231992,""width"":0.408174}",3.9714775,4.1375356,0.16605806,0.018845569,0.015962142,0.15269801,0.29524082,-0.13385244,-0.27927868,-0.14542624,0.86805374,1.0964767,99.449149,109.04367,False,0.98048544,True,False,False,0.86805374,1.0964767,99.449149,109.04367,0.86212833,1.0959565,96.654665,105.92931,0.9682415,1.1053062,23.409593,25.874769,0.89903796,1.1003883,20.010766,22.019613,0.82275876,1.2107785,39.328358,47.61793,0.88330567,1.0750837,53.56693,57.588935,0.86496716,1.0720028,44.35948,47.553488,0.86072802,1.0631178,50.574641,53.766803
0b_random_erasing_best,file,18,baseline_random_erasing,1074,020.Yellow_breasted_Chat/Yellow_Breasted_Chat_0044_22106.jpg,20,19,020.Yellow_breasted_Chat,200,199,identity,identity,0,{},0.026021965,0.026021965,0,0.97431368,0.97431368,0.01861327,0.01861327,0.95570041,0.95570041,0,1,1,3.4189025,3.4189025,False,1,True,True,True,1,1,3.4189025,3.4189025,1,1,3.2857891,3.2857891,1,1,0.94471408,0.94471408,1,1,0.784021,0.784021,1,1,1.3246628,1.3246628,1,1,1.5924709,1.5924709,1,1,1.7275387,1.7275387,1,1,1.7048859,1.7048859
0b_random_erasing_best,file,18,baseline_random_erasing,1074,020.Yellow_breasted_Chat/Yellow_Breasted_Chat_0044_22106.jpg,20,19,020.Yellow_breasted_Chat,200,199,random_erasing,random_erasing,0,"{""area_fraction"":0.051932,""erased"":true,""height"":0.139382,""left"":0.205751,""top"":0.32531,""width"":0.372588}",0.026021965,0.48547569,0.45945372,0.97431368,0.61540437,0.01861327,0.056716513,0.95570041,0.55868785,-0.39701255,0.48611159,14.060268,3.4189025,48.070686,False,0.87715542,True,True,True,0.48611159,14.060268,3.4189025,48.070686,0.46670979,14.072884,3.2857891,46.240527,0.72365113,13.906749,0.94471408,13.137902,0.65986537,15.054428,0.784021,11.802988,0.54476144,15.82773,1.3246628,20.966406,0.44574748,14.21048,1.5924709,22.629777,0.37098789,13.001113,1.7275387,22.459925,0.48381506,13.664598,1.7048859,23.29658
0b_random_erasing_best,file,18,baseline_random_erasing,7464,128.Seaside_Sparrow/Seaside_Sparrow_0051_796522.jpg,128,127,128.Seaside_Sparrow,126,125,identity,identity,0,{},0.0014704379,0.0014704379,0,0.99853063,0.99853063,0.00068116828,0.00068116828,0.99784946,0.99784946,0,1,1,0.19964055,0.19964055,False,0.99999988,True,True,True,1,1,0.19964055,0.19964055,1,1,0.19210837,0.19210837,1,1,0.054320573,0.054320573,1,1,0.027254008,0.027254008,1,1,0.080244252,0.080244252,1,1,0.10405358,0.10405358,1,1,0.090690458,0.090690458,1,1,0.1033044,0.1033044
0b_random_erasing_best,file,18,baseline_random_erasing,7464,128.Seaside_Sparrow/Seaside_Sparrow_0051_796522.jpg,128,127,128.Seaside_Sparrow,126,125,random_erasing,random_erasing,0,"{""area_fraction"":0.120722,""erased"":true,""height"":0.519055,""left"":0.111113,""top"":0.105568,""width"":0.23258}",0.0014704379,0.0016874135,0.00021697569,0.99853063,0.99831402,0.00068116828,0.00056279136,0.99784946,0.99775123,-9.8226359e-05,0.91538411,1.1176024,0.19964055,0.22311877,False,0.99609149,True,True,True,0.91538411,1.1176024,0.19964055,0.22311877,0.90985558,1.1190969,0.19210837,0.21498787,0.98595531,1.0987395,0.054320573,0.059684158,0.93242048,1.2814337,0.027254008,0.034924203,0.88857611,1.1642757,0.080244252,0.09342643,0.91768498,1.0718967,0.10405358,0.11153468,0.88571307,1.0972788,0.090690458,0.099512718,0.9338167,1.1424531,0.1033044,0.11802042
0b_random_erasing_best,file,18,baseline_random_erasing,8913,152.Blue_headed_Vireo/Blue_Headed_Vireo_0122_156017.jpg,152,151,152.Blue_headed_Vireo,155,154,identity,identity,0,{},0.83630627,0.83630627,0,0.43330809,0.43330809,0.1383113,0.1383113,0.2949968,0.2949968,0,1,1,87.448512,87.448512,False,0.99999994,True,True,True,1,1,87.448512,87.448512,1,1,85.991529,85.991529,1,1,15.896513,15.896513,1,1,15.321867,15.321867,1,1,41.646942,41.646942,1,1,48.899709,48.899709,1,1,39.981626,39.981626,1,1,37.889362,37.889362
0b_random_erasing_best,file,18,baseline_random_erasing,8913,152.Blue_headed_Vireo/Blue_Headed_Vireo_0122_156017.jpg,152,151,152.Blue_headed_Vireo,155,154,random_erasing,random_erasing,0,"{""area_fraction"":0.156871,""erased"":true,""height"":0.554,""left"":0.567159,""top"":0.131082,""width"":0.283161}",0.83630627,3.4729981,2.6366919,0.43330809,0.031023879,0.1383113,0.16286591,0.2949968,-0.13184203,-0.42683883,0.55503649,1.2989187,87.448512,113.58851,False,0.8914572,False,True,False,0.55503649,1.2989187,87.448512,113.58851,0.54057596,1.271166,85.991529,109.30951,0.87997181,1.9427741,15.896513,30.883334,0.10656051,1.1172197,15.321867,17.117892,0.42008894,0.89012161,41.646942,37.070843,0.60542867,1.2397648,48.899709,60.62414,0.55845121,1.4053254,39.981626,56.187193,0.60911922,1.5499943,37.889362,58.728293
0b_random_erasing_best,file,18,baseline_random_erasing,3196,056.Pine_Grosbeak/Pine_Grosbeak_0104_38362.jpg,56,55,056.Pine_Grosbeak,17,16,identity,identity,0,{},0.022736808,0.022736808,0,0.97751975,0.97751975,0.0077150241,0.0077150241,0.96980473,0.96980473,0,1,1,2.7365834,2.7365834,False,0.99999988,True,True,True,1,1,2.7365834,2.7365834,1,1,2.6640919,2.6640919,1,1,0.62570201,0.62570201,1,1,0.51820797,0.51820797,1,1,1.0712027,1.0712027,1,1,1.2495294,1.2495294,1,1,1.2662552,1.2662552,1,1,1.5863936,1.5863936
0b_random_erasing_best,file,18,baseline_random_erasing,3196,056.Pine_Grosbeak/Pine_Grosbeak_0104_38362.jpg,56,55,056.Pine_Grosbeak,17,16,random_erasing,random_erasing,0,"{""area_fraction"":0.150906,""erased"":true,""height"":0.586437,""left"":0.65002,""top"":0.132018,""width"":0.257326}",0.022736808,0.015826212,-0.006910596,0.97751975,0.98429835,0.0077150241,0.0060356474,0.96980473,0.9782627,0.0084579745,0.81605438,0.7678446,2.7365834,2.1012708,False,0.98512721,True,True,True,0.81605438,0.7678446,2.7365834,2.1012708,0.80680451,0.76695941,2.6640919,2.0432504,0.98033596,0.78371835,0.62570201,0.49037414,0.84985859,0.82571068,0.51820797,0.42788985,0.79815991,0.83740216,1.0712027,0.89702745,0.79837023,0.78941184,1.2495294,0.98639334,0.77761675,0.74402529,1.2662552,0.94212593,0.83446171,0.72602406,1.5863936,1.1517599
0b_random_erasing_best,file,18,baseline_random_erasing,8123,139.Scarlet_Tanager/Scarlet_Tanager_0040_137885.jpg,139,138,139.Scarlet_Tanager,42,41,identity,identity,0,{},0.012340501,0.012340501,0,0.98773533,0.98773533,0.0077882679,0.0077882679,0.97994706,0.97994706,0,1,1,1.7126213,1.7126213,False,1,True,True,True,1,1,1.7126213,1.7126213,1,1,1.6627887,1.6627887,1,1,0.41012883,0.41012883,1,1,0.47746602,0.47746602,1,1,0.68736246,0.68736246,1,1,0.81843892,0.81843892,1,1,0.81190709,0.81190709,1,1,0.85754878,0.85754878
0b_random_erasing_best,file,18,baseline_random_erasing,8123,139.Scarlet_Tanager/Scarlet_Tanager_0040_137885.jpg,139,138,139.Scarlet_Tanager,42,41,random_erasing,random_erasing,0,"{""area_fraction"":0.12964,""erased"":true,""height"":0.220407,""left"":0.054078,""top"":0.128738,""width"":0.588183}",0.012340501,0.011485054,-0.00085544679,0.98773533,0.98858064,0.0077882679,0.0074941474,0.97994706,0.9810865,0.0011394336,0.9413243,0.94818955,1.7126213,1.6238897,False,0.98988611,True,True,True,0.9413243,0.94818955,1.7126213,1.6238897,0.93840776,0.94805594,1.6627887,1.5764167,0.98914995,0.95038298,0.41012883,0.38977946,0.93786005,0.88719965,0.47746602,0.42360768,0.95039162,0.98291726,0.68736246,0.67562042,0.94533865,0.96055149,0.81843892,0.78615272,0.92807322,0.93885087,0.81190709,0.76225968,0.93448212,0.94022909,0.85754878,0.80629231
0b_random_erasing_best,file,18,baseline_random_erasing,7080,121.Grasshopper_Sparrow/Grasshopper_Sparrow_0026_115915.jpg,121,120,121.Grasshopper_Sparrow,113,112,identity,identity,0,{},0.005299449,0.005299449,0,0.99471456,0.99471456,0.0015641961,0.0015641961,0.99315036,0.99315036,0,1,1,0.94616575,0.94616575,False,1,True,True,True,1,1,0.94616575,0.94616575,1,1,0.92895227,0.92895227,1,1,0.17965883,0.17965883,1,1,0.14911076,0.14911076,1,1,0.3978161,0.3978161,1,1,0.47484691,0.47484691,1,1,0.43964578,0.43964578,1,1,0.51351014,0.51351014
0b_random_erasing_best,file,18,baseline_random_erasing,7080,121.Grasshopper_Sparrow/Grasshopper_Sparrow_0026_115915.jpg,121,120,121.Grasshopper_Sparrow,113,112,random_erasing,random_erasing,0,"{""area_fraction"":0.193429,""erased"":true,""height"":0.324947,""left"":0.223447,""top"":0.043686,""width"":0.595265}",0.005299449,0.54175866,0.53645921,0.99471456,0.58172429,0.0015641961,0.31038997,0.99315036,0.27133432,-0.72181604,0.71034544,91.003723,0.94616575,86.104606,False,0.92726898,True,True,True,0.71034544,91.003723,0.94616575,86.104606,0.7043128,90.815007,0.92895227,84.362807,0.86408019,95.911594,0.17965883,17.231365,0.64350787,81.159781,0.14911076,12.101797,0.67517397,87.152504,0.3978161,34.670669,0.70775478,98.578725,0.47484691,46.809803,0.71674552,91.644757,0.43964578,40.29123,0.71784916,86.082919,0.51351014,44.204452
0b_random_erasing_best,file,18,baseline_random_erasing,3435,060.Glaucous_winged_Gull/Glaucous_Winged_Gull_0023_45090.jpg,60,59,060.Glaucous_winged_Gull,62,61,identity,identity,0,{},2.4199371,2.4199371,0,0.088927217,0.088927217,0.52710861,0.52710861,-0.43818139,-0.43818139,0,1,1,127.21978,127.21978,False,1,True,False,False,1,1,127.21978,127.21978,1,1,123.56455,123.56455,1,1,30.276657,30.276657,1,1,33.306648,33.306648,1,1,53.931979,53.931979,1,1,63.633347,63.633347,1,1,57.127758,57.127758,1,1,62.748888,62.748888
0b_random_erasing_best,file,18,baseline_random_erasing,3435,060.Glaucous_winged_Gull/Glaucous_Winged_Gull_0023_45090.jpg,60,59,060.Glaucous_winged_Gull,62,61,random_erasing,random_erasing,0,"{""area_fraction"":0.080853,""erased"":true,""height"":0.18517,""left"":0.104815,""top"":0.173144,""width"":0.436643}",2.4199371,3.029223,0.60928583,0.088927217,0.048353191,0.52710861,0.52939433,-0.43818139,-0.48104114,-0.042859744,0.91659699,1.0796643,127.21978,137.35466,False,0.99176133,True,False,False,0.91659699,1.0796643,127.21978,137.35466,0.9120325,1.0720969,123.56455,132.47317,0.98994907,1.198703,30.276657,36.292718,0.88380778,0.91800137,33.306648,30.575549,0.91343776,0.99594288,53.931979,53.71317,0.91230372,1.0528686,63.633347,66.99755,0.89692544,1.1033302,57.127758,63.030782,0.93624238,1.1566479,62.748888,72.578373
0b_random_erasing_best,file,18,baseline_random_erasing,6277,108.White_necked_Raven/White_Necked_Raven_0018_102746.jpg,108,107,108.White_necked_Raven,107,106,identity,identity,0,{},3.7468555,3.7468555,0,0.023591815,0.023591815,0.87453198,0.87453198,-0.85094017,-0.85094017,0,1,1,156.17157,156.17157,False,1,True,False,False,1,1,156.17157,156.17157,1,1,151.91874,151.91874,1,1,36.197462,36.197462,1,1,29.936102,29.936102,1,1,67.570024,67.570024,1,1,93.409975,93.409975,1,1,68.174913,68.174913,1,1,65.147395,65.147395
0b_random_erasing_best,file,18,baseline_random_erasing,6277,108.White_necked_Raven/White_Necked_Raven_0018_102746.jpg,108,107,108.White_necked_Raven,107,106,random_erasing,random_erasing,0,"{""area_fraction"":0.156375,""erased"":true,""height"":0.608423,""left"":0.037853,""top"":0.320143,""width"":0.257016}",3.7468555,3.2488716,-0.49798393,0.023591815,0.038817983,0.87453198,0.8171528,-0.85094017,-0.77833482,0.072605355,0.96545743,0.89344435,156.17157,139.53061,False,0.991606,True,False,False,0.96545743,0.89344435,156.17157,139.53061,0.96399197,0.89097997,151.91874,135.35655,0.9911316,0.93578946,36.197462,33.873203,0.96780682,0.96440126,29.936102,28.870415,0.97116831,0.8808219,67.570024,59.517157,0.9703047,0.85661971,93.409975,80.016826,0.95914542,0.90428425,68.174913,61.6495,0.95275355,0.93900818,65.147395,61.173937
0b_random_erasing_best,file,18,baseline_random_erasing,6248,107.Common_Raven/Common_Raven_0068_101216.jpg,107,106,107.Common_Raven,30,29,identity,identity,0,{},1.4645209,1.4645209,0,0.23118873,0.23118873,0.32905656,0.32905656,-0.097867832,-0.097867832,0,1,1,112.02552,112.02552,False,0.99999994,True,False,False,1,1,112.02552,112.02552,1,1,109.36679,109.36679,1,1,24.261543,24.261543,1,1,33.30316,33.30316,1,1,52.120135,52.120135,1,1,61.481407,61.481407,1,1,47.111212,47.111212,1,1,46.217479,46.217479
0b_random_erasing_best,file,18,baseline_random_erasing,6248,107.Common_Raven/Common_Raven_0068_101216.jpg,107,106,107.Common_Raven,30,29,random_erasing,random_erasing,0,"{""area_fraction"":0.088215,""erased"":true,""height"":0.385923,""left"":0.664605,""top"":0.19345,""width"":0.228581}",1.4645209,0.84440184,-0.62011909,0.23118873,0.42981437,0.32905656,0.12739196,-0.097867832,0.3024224,0.40029024,0.86827386,0.75529243,112.02552,84.612025,False,0.96113932,False,False,True,0.86827386,0.75529243,112.02552,84.612025,0.86483469,0.75528655,109.36679,82.603264,0.93814787,0.7554118,24.261543,18.327456,0.88166868,0.61326413,33.30316,20.423634,0.87156436,0.74161747,52.120135,38.653202,0.88240357,0.75772587,61.481407,46.586053,0.84053318,0.80046558,47.111212,37.710904,0.85572605,0.78602538,46.217479,36.328112
0b_random_erasing_best,file,18,baseline_random_erasing,1241,023.Brandt_Cormorant/Brandt_Cormorant_0067_23352.jpg,23,22,023.Brandt_Cormorant,52,51,identity,identity,0,{},3.9191694,3.9191694,0,0.01985758,0.01985758,0.18750785,0.18750785,-0.16765027,-0.16765027,0,1,1,120.92775,120.92775,False,1,True,False,False,1,1,120.92775,120.92775,1,1,117.68134,117.68134,1,1,27.832053,27.832053,1,1,31.201279,31.201279,1,1,56.109755,56.109755,1,1,58.645035,58.645035,1,1,53.109472,53.109472,1,1,58.883075,58.883075
0b_random_erasing_best,file,18,baseline_random_erasing,1241,023.Brandt_Cormorant/Brandt_Cormorant_0067_23352.jpg,23,22,023.Brandt_Cormorant,52,51,random_erasing,random_erasing,0,"{""area_fraction"":0.075698,""erased"":true,""height"":0.187915,""left"":0.218045,""top"":0.62308,""width"":0.402832}",3.9191694,3.6311719,-0.28799748,0.01985758,0.026485126,0.18750785,0.14314067,-0.16765027,-0.11665555,0.050994726,0.89720326,1.0367147,120.92775,125.36758,False,0.99078536,True,False,False,0.89720326,1.0367147,120.92775,125.36758,0.89243351,1.0395585,117.68134,122.33663,0.98851043,0.98448834,27.832053,27.400332,0.88316346,1.0530618,31.201279,32.856875,0.90151834,1.0323934,56.109755,57.92734,0.8817486,1.0549137,58.645035,61.865453,0.88096086,1.0439901,53.109472,55.445763,0.90749876,1.0231397,58.883075,60.245614
0b_random_erasing_best,file,18,baseline_random_erasing,11303,192.Downy_Woodpecker/Downy_Woodpecker_0123_184692.jpg,192,191,192.Downy_Woodpecker,190,189,identity,identity,0,{},0.73976874,0.73976874,0,0.47722426,0.47722426,0.070556745,0.070556745,0.40666752,0.40666752,0,1,1,94.29892,94.29892,False,1,True,True,True,1,1,94.29892,94.29892,1,1,92.985477,92.985477,1,1,15.683987,15.683987,1,1,24.422291,24.422291,1,1,37.763612,37.763612,1,1,57.449065,57.449065,1,1,44.161226,44.161226,1,1,37.056055,37.056055
0b_random_erasing_best,file,18,baseline_random_erasing,11303,192.Downy_Woodpecker/Downy_Woodpecker_0123_184692.jpg,192,191,192.Downy_Woodpecker,190,189,random_erasing,random_erasing,0,"{""area_fraction"":0.171181,""erased"":true,""height"":0.498742,""left"":0.412884,""top"":0.228586,""width"":0.343227}",0.73976874,0.28117403,-0.45859471,0.47722426,0.75489694,0.070556745,0.02092297,0.40666752,0.73397397,0.32730645,0.8367223,0.50437637,94.29892,47.562147,False,0.95989716,True,True,True,0.8367223,0.50437637,94.29892,47.562147,0.83369465,0.50400515,92.985477,46.86516,0.94068967,0.51725511,15.683987,8.1126224,0.85111406,0.48574991,24.422291,11.863126,0.79226384,0.50165359,37.763612,18.944252,0.86158959,0.48942674,57.449065,28.117109,0.81651383,0.51303626,44.161226,22.65631,0.83190952,0.53487363,37.056055,19.820306
0b_random_erasing_best,file,18,baseline_random_erasing,6956,119.Field_Sparrow/Field_Sparrow_0013_113599.jpg,119,118,119.Field_Sparrow,130,129,identity,identity,0,{},0.0016605173,0.0016605173,0,0.99834085,0.99834085,0.00051041954,0.00051041954,0.99783043,0.99783043,0,1,1,0.1993697,0.1993697,False,1,True,True,True,1,1,0.1993697,0.1993697,1,1,0.19095921,0.19095921,1,1,0.057296231,0.057296231,1,1,0.039362151,0.039362151,1,1,0.068653613,0.068653613,1,1,0.085827491,0.085827491,1,1,0.092411305,0.092411305,1,1,0.11956804,0.11956804
0b_random_erasing_best,file,18,baseline_random_erasing,6956,119.Field_Sparrow/Field_Sparrow_0013_113599.jpg,119,118,119.Field_Sparrow,130,129,random_erasing,random_erasing,0,"{""area_fraction"":0.120273,""erased"":true,""height"":0.510268,""left"":0.486297,""top"":0.039605,""width"":0.235706}",0.0016605173,0.0032398612,0.0015793439,0.99834085,0.99676538,0.00051041954,0.00034140662,0.99783043,0.99642397,-0.001406457,0.69557423,2.3766525,0.1993697,0.4738325,False,0.96578598,True,True,True,0.69557423,2.3766525,0.1993697,0.4738325,0.67995666,2.4130594,0.19095921,0.46079592,0.9293704,1.9265276,0.057296231,0.11038277,0.44802887,1.6109649,0.039362151,0.063411043,0.66211611,3.1331733,0.068653613,0.21510367,0.63241501,2.7102817,0.085827491,0.23261668,0.66706928,2.3405956,0.092411305,0.2162975,0.77707921,2.0681079,0.11956804,0.24727961
0b_random_erasing_best,file,18,baseline_random_erasing,9150,156.White_eyed_Vireo/White_Eyed_Vireo_0118_159036.jpg,156,155,156.White_eyed_Vireo,157,156,identity,identity,0,{},0.0087101301,0.0087101301,0,0.9913277,0.9913277,0.0024103622,0.0024103622,0.98891734,0.98891734,0,1,1,1.1275602,1.1275602,False,0.99999988,True,True,True,1,1,1.1275602,1.1275602,1,1,1.0978557,1.0978557,1,1,0.25710887,0.25710887,1,1,0.26364774,0.26364774,1,1,0.490408,0.490408,1,1,0.48595041,0.48595041,1,1,0.53139903,0.53139903,1,1,0.61379496,0.61379496
0b_random_erasing_best,file,18,baseline_random_erasing,9150,156.White_eyed_Vireo/White_Eyed_Vireo_0118_159036.jpg,156,155,156.White_eyed_Vireo,157,156,random_erasing,random_erasing,0,"{""area_fraction"":0.119002,""erased"":true,""height"":0.256969,""left"":0.021985,""top"":0.353425,""width"":0.4631}",0.0087101301,0.041103899,0.032393769,0.9913277,0.95972943,0.0024103622,0.029117586,0.98891734,0.93061185,-0.058305494,0.69792199,5.5443651,1.1275602,6.2516056,False,0.94914806,True,True,True,0.69792199,5.5443651,1.1275602,6.2516056,0.68766961,5.532805,1.0978557,6.0742215,0.87825279,5.7510663,0.25710887,1.4786502,0.7798494,4.3807819,0.26364774,1.1549832,0.72550022,6.0253754,0.490408,2.9548923,0.64435617,5.8362027,0.48595041,2.8361051,0.65118833,5.3962921,0.53139903,2.8675844,0.71010227,5.2953688,0.61379496,3.2502707
0b_random_erasing_best,file,18,baseline_random_erasing,1514,027.Shiny_Cowbird/Shiny_Cowbird_0062_24271.jpg,27,26,027.Shiny_Cowbird,9,8,identity,identity,0,{},1.5266634,1.5266634,0,0.21725935,0.21725935,0.23536488,0.23536488,-0.018105537,-0.018105537,0,1,1,111.87675,111.87675,False,0.99999994,True,False,False,1,1,111.87675,111.87675,1,1,109.77414,109.77414,1,1,21.588051,21.588051,1,1,24.765285,24.765285,1,1,44.120013,44.120013,1,1,62.551951,62.551951,1,1,53.689689,53.689689,1,1,51.914721,51.914721
0b_random_erasing_best,file,18,baseline_random_erasing,1514,027.Shiny_Cowbird/Shiny_Cowbird_0062_24271.jpg,27,26,027.Shiny_Cowbird,9,8,random_erasing,random_erasing,0,"{""area_fraction"":0.12446,""erased"":true,""height"":0.314476,""left"":0.023653,""top"":0.598657,""width"":0.395769}",1.5266634,0.93846637,-0.58819705,0.21725935,0.39122736,0.23536488,0.13548936,-0.018105537,0.25573801,0.27384354,0.83355968,0.79116289,111.87675,88.51273,False,0.96099317,False,False,True,0.83355968,0.79116289,111.87675,88.51273,0.829691,0.78666367,109.77414,86.35533,0.92822784,0.89971932,21.588051,19.423187,0.81138397,0.75862912,24.765285,18.787666,0.84352574,0.86243149,44.120013,38.050488,0.84436291,0.77427946,62.551951,48.432691,0.79512699,0.73470206,53.689689,39.445925,0.84127586,0.80688835,51.914721,41.889384
0b_random_erasing_best,file,18,baseline_random_erasing,1639,029.American_Crow/American_Crow_0062_25587.jpg,29,28,029.American_Crow,30,29,identity,identity,0,{},0.4407669,0.4407669,0,0.64354271,0.64354271,0.1786572,0.1786572,0.4648855,0.4648855,0,1,1,45.747819,45.747819,False,0.99999994,True,True,True,1,1,45.747819,45.747819,1,1,44.585286,44.585286,1,1,10.247696,10.247696,1,1,13.210423,13.210423,1,1,18.784042,18.784042,1,1,23.792269,23.792269,1,1,21.023169,21.023169,1,1,21.27079,21.27079
0b_random_erasing_best,file,18,baseline_random_erasing,1639,029.American_Crow/American_Crow_0062_25587.jpg,29,28,029.American_Crow,30,29,random_erasing,random_erasing,0,"{""area_fraction"":0.104346,""erased"":true,""height"":0.377242,""left"":0.450643,""top"":0.105991,""width"":0.276603}",0.4407669,0.60503554,0.16426864,0.64354271,0.54605502,0.1786572,0.31116569,0.4648855,0.23488933,-0.22999617,0.81380864,1.4094318,45.747819,64.47843,False,0.97347027,True,True,True,0.81380864,1.4094318,45.747819,64.47843,0.80567558,1.4047148,44.585286,62.629609,0.95989909,1.4959177,10.247696,15.32971,0.83111995,1.6219644,13.210423,21.426835,0.68319662,1.3228477,18.784042,24.848427,0.80915965,1.2860715,23.792269,30.598559,0.82446859,1.4450137,21.023169,30.378766,0.86798256,1.4768114,21.27079,31.412945
0b_random_erasing_best,file,18,baseline_random_erasing,1375,025.Pelagic_Cormorant/Pelagic_Cormorant_0044_23536.jpg,25,24,025.Pelagic_Cormorant,9,8,identity,identity,0,{},0.026603926,0.026603926,0,0.97374684,0.97374684,0.0088871783,0.0088871783,0.96485966,0.96485966,0,1,1,3.2831166,3.2831166,False,1,True,True,True,1,1,3.2831166,3.2831166,1,1,3.1543634,3.1543634,1,1,0.91040985,0.91040985,1,1,0.7245631,0.7245631,1,1,1.4270177,1.4270177,1,1,1.4091261,1.4091261,1,1,1.458211,1.458211,1,1,1.8101441,1.8101441
0b_random_erasing_best,file,18,baseline_random_erasing,1375,025.Pelagic_Cormorant/Pelagic_Cormorant_0044_23536.jpg,25,24,025.Pelagic_Cormorant,9,8,random_erasing,random_erasing,0,"{""area_fraction"":0.133528,""erased"":true,""height"":0.215235,""left"":0.096466,""top"":0.309513,""width"":0.620383}",0.026603926,0.021092743,-0.0055111833,0.97374684,0.97912818,0.0088871783,0.0086430199,0.96485966,0.97048516,0.0056255041,0.86176361,0.88445005,3.2831166,2.9037526,False,0.98920822,True,True,True,0.86176361,0.88445005,3.2831166,2.9037526,0.85147951,0.88033086,3.1543634,2.7768834,0.9796279,0.93248017,0.91040985,0.84893913,0.85519729,0.70173599,0.7245631,0.508452,0.86142701,0.84568154,1.4270177,1.2068025,0.8079822,0.88853137,1.4091261,1.2520527,0.83331751,0.89143347,1.458211,1.2998981,0.88618423,0.91425677,1.8101441,1.6549365
0b_random_erasing_best,file,18,baseline_random_erasing,4127,071.Long_tailed_Jaeger/Long_Tailed_Jaeger_0062_797104.jpg,71,70,071.Long_tailed_Jaeger,72,71,identity,identity,0,{},0.18281649,0.18281649,0,0.83292097,0.83292097,0.10685459,0.10685459,0.72606638,0.72606638,0,1,1,24.624663,24.624663,False,0.99999994,True,True,True,1,1,24.624663,24.624663,1,1,23.911123,23.911123,1,1,5.8849138,5.8849138,1,1,5.9499546,5.9499546,1,1,10.274491,10.274491,1,1,12.765568,12.765568,1,1,10.448548,10.448548,1,1,12.595349,12.595349
0b_random_erasing_best,file,18,baseline_random_erasing,4127,071.Long_tailed_Jaeger/Long_Tailed_Jaeger_0062_797104.jpg,71,70,071.Long_tailed_Jaeger,72,71,random_erasing,random_erasing,0,"{""area_fraction"":0.107676,""erased"":true,""height"":0.574787,""left"":0.114552,""top"":0.305162,""width"":0.187331}",0.18281649,0.69815606,0.51533957,0.83292097,0.49750182,0.10685459,0.27115676,0.72606638,0.22634506,-0.49972132,0.86781436,3.249164,24.624663,80.009567,False,0.95991987,True,True,True,0.86781436,3.249164,24.624663,80.009567,0.8637558,3.2707704,23.911123,78.207793,0.95128308,2.8690439,5.8849138,16.884076,0.9258028,3.3764123,5.9499546,20.0895,0.82623601,3.4538449,10.274491,35.486498,0.86730018,3.3032614,12.765568,42.168008,0.85106835,3.3199186,10.448548,34.688328,0.88566217,3.0462607,12.595349,38.368716
0b_random_erasing_best,file,18,baseline_random_erasing,6533,112.Great_Grey_Shrike/Great_Grey_Shrike_0063_797042.jpg,112,111,112.Great_Grey_Shrike,111,110,identity,identity,0,{},1.6865219,1.6865219,0,0.18516243,0.18516243,0.79499865,0.79499865,-0.60983622,-0.60983622,0,1,1,149.12415,149.12415,False,1,True,False,False,1,1,149.12415,149.12415,1,1,143.32517,143.32517,1,1,41.1814,41.1814,1,1,32.786585,32.786585,1,1,65.3969,65.3969,1,1,71.778469,71.778469,1,1,71.076592,71.076592,1,1,70.614155,70.614155
0b_random_erasing_best,file,18,baseline_random_erasing,6533,112.Great_Grey_Shrike/Great_Grey_Shrike_0063_797042.jpg,112,111,112.Great_Grey_Shrike,111,110,random_erasing,random_erasing,0,"{""area_fraction"":0.096345,""erased"":true,""height"":0.265094,""left"":0.400861,""top"":0.027188,""width"":0.363439}",1.6865219,1.8441353,0.1576134,0.18516243,0.15816204,0.79499865,0.67268372,-0.60983622,-0.51452167,0.095314547,0.87527274,0.92148796,149.12415,137.41611,False,0.95841956,True,False,False,0.87527274,0.92148796,149.12415,137.41611,0.86861495,0.91606201,143.32517,131.29474,0.95239239,0.98483983,41.1814,40.557082,0.85665768,0.88892692,32.786585,29.144878,0.8600801,0.8332039,65.3969,54.488952,0.85509114,0.92042963,71.778469,66.06703,0.88845508,0.95312642,71.076592,67.744978,0.87502337,0.94634263,70.614155,66.825185
0b_random_erasing_best,file,18,baseline_random_erasing,7844,134.Cape_Glossy_Starling/Cape_Glossy_Starling_0046_129434.jpg,134,133,134.Cape_Glossy_Starling,26,25,identity,identity,0,{},0.01459106,0.01459106,0,0.98551488,0.98551488,0.0029291196,0.0029291196,0.98258576,0.98258576,0,1,1,1.6066563,1.6066563,False,1,True,True,True,1,1,1.6066563,1.6066563,1,1,1.566698,1.566698,1,1,0.35609244,0.35609244,1,1,0.3000534,0.3000534,1,1,0.62271352,0.62271352,1,1,0.7536735,0.7536735,1,1,0.67364503,0.67364503,1,1,0.97719866,0.97719866
0b_random_erasing_best,file,18,baseline_random_erasing,7844,134.Cape_Glossy_Starling/Cape_Glossy_Starling_0046_129434.jpg,134,133,134.Cape_Glossy_Starling,26,25,random_erasing,random_erasing,0,"{""area_fraction"":0.084088,""erased"":true,""height"":0.41189,""left"":0.592303,""top"":0.220829,""width"":0.204151}",0.01459106,0.013250155,-0.0013409043,0.98551488,0.98683727,0.0029291196,0.0027761494,0.98258576,0.98406112,0.0014753588,0.97210676,0.8958171,1.6066563,1.4392702,False,0.997486,True,True,True,0.97210676,0.8958171,1.6066563,1.4392702,0.9707846,0.89462928,1.566698,1.4016139,0.99735521,0.9185074,0.35609244,0.32707354,0.92584651,0.9727477,0.3000534,0.29187625,0.96717351,0.89687915,0.62271352,0.55849878,0.96429149,0.86299515,0.7536735,0.65041657,0.96906697,0.90626609,0.67364503,0.61050165,0.98212107,0.89893593,0.97719866,0.87843898
0b_random_erasing_best,file,18,baseline_random_erasing,8500,145.Elegant_Tern/Elegant_Tern_0052_150695.jpg,145,144,145.Elegant_Tern,143,142,identity,identity,0,{},1.3552313,1.3552313,0,0.25788766,0.25788766,0.41146347,0.41146347,-0.15357581,-0.15357581,0,1,1,92.997552,92.997552,False,1,True,False,False,1,1,92.997552,92.997552,1,1,90.340458,90.340458,1,1,22.071392,22.071392,1,1,22.509621,22.509621,1,1,40.149623,40.149623,1,1,46.059216,46.059216,1,1,42.085204,42.085204,1,1,46.36925,46.36925
0b_random_erasing_best,file,18,baseline_random_erasing,8500,145.Elegant_Tern/Elegant_Tern_0052_150695.jpg,145,144,145.Elegant_Tern,143,142,random_erasing,random_erasing,0,"{""area_fraction"":0.067349,""erased"":true,""height"":0.163217,""left"":0.502052,""top"":0.022515,""width"":0.412632}",1.3552313,1.270575,-0.084656239,0.25788766,0.2806702,0.41146347,0.39474246,-0.15357581,-0.11407226,0.039503545,0.98048343,0.98065803,92.997552,91.198796,False,0.99905181,True,False,False,0.98048343,0.98065803,92.997552,91.198796,0.97938339,0.98070161,90.340458,88.597032,0.99892774,0.9799276,22.071392,21.628366,0.98842956,0.9554111,22.509621,21.505941,0.97819652,1.0131444,40.149623,40.677364,0.97102879,0.96034565,46.059216,44.232768,0.98228382,0.97568486,42.085204,41.061897,0.98460432,0.98584383,46.36925,45.712839
0b_random_erasing_best,file,18,baseline_random_erasing,7770,133.White_throated_Sparrow/White_Throated_Sparrow_0124_128801.jpg,133,132,133.White_throated_Sparrow,117,116,identity,identity,0,{},2.6674976,2.6674976,0,0.069425739,0.069425739,0.21216477,0.21216477,-0.14273904,-0.14273904,0,1,1,127.35367,127.35367,False,1,True,False,False,1,1,127.35367,127.35367,1,1,124.68998,124.68998,1,1,25.91074,25.91074,1,1,24.303744,24.303744,1,1,55.527802,55.527802,1,1,72.171248,72.171248,1,1,58.968119,58.968119,1,1,56.459322,56.459322
0b_random_erasing_best,file,18,baseline_random_erasing,7770,133.White_throated_Sparrow/White_Throated_Sparrow_0124_128801.jpg,133,132,133.White_throated_Sparrow,117,116,random_erasing,random_erasing,0,"{""area_fraction"":0.06216,""erased"":true,""height"":0.161404,""left"":0.110221,""top"":0.734264,""width"":0.385119}",2.6674976,3.6460981,0.9786005,0.069425739,0.026092738,0.21216477,0.23921566,-0.14273904,-0.21312292,-0.070383884,0.90424718,0.96218156,127.35367,122.53736,False,0.97783411,True,False,False,0.90424718,0.96218156,127.35367,122.53736,0.90114699,0.95902498,124.68998,119.58081,0.97328794,1.0325863,25.91074,26.755075,0.8286517,0.95172094,24.303744,23.130382,0.8940958,1.0151737,55.527802,56.370365,0.91799741,0.92256833,72.171248,66.582908,0.90356568,0.9346737,58.968119,55.11595,0.89610544,0.98867851,56.459322,55.820118
0b_random_erasing_best,file,18,baseline_random_erasing,9211,157.Yellow_throated_Vireo/Yellow_Throated_Vireo_0028_795008.jpg,157,156,157.Yellow_throated_Vireo,152,151,identity,identity,0,{},0.11619231,0.11619231,0,0.89030397,0.89030397,0.039692625,0.039692625,0.85061134,0.85061134,0,1,1,20.806312,20.806312,False,1,True,True,True,1,1,20.806312,20.806312,1,1,20.569623,20.569623,1,1,3.1294128,3.1294128,1,1,5.2419441,5.2419441,1,1,11.807389,11.807389,1,1,9.6814923,9.6814923,1,1,9.1159769,9.1159769,1,1,8.909807,8.909807
0b_random_erasing_best,file,18,baseline_random_erasing,9211,157.Yellow_throated_Vireo/Yellow_Throated_Vireo_0028_795008.jpg,157,156,157.Yellow_throated_Vireo,152,151,random_erasing,random_erasing,0,"{""area_fraction"":0.122271,""erased"":true,""height"":0.444009,""left"":0.72329,""top"":0.527041,""width"":0.275381}",0.11619231,0.072137825,-0.044054486,0.89030397,0.93040264,0.039692625,0.024392067,0.85061134,0.90601057,0.055399226,0.97959291,0.63900837,20.806312,13.295408,False,0.99518955,True,True,True,0.97959291,0.63900837,20.806312,13.295408,0.97924005,0.6387583,20.569623,13.139018,0.99471918,0.6497202,3.1294128,2.0332427,0.98111279,0.65081232,5.2419441,3.4115218,0.98616512,0.63693913,11.807389,7.520588,0.97481534,0.63833406,9.6814923,6.1800263,0.97645719,0.63835595,9.1159769,5.8192381,0.9746518,0.63865865,8.909807,5.6903254
0b_random_erasing_best,file,18,baseline_random_erasing,2502,044.Frigatebird/Frigatebird_0004_43221.jpg,44,43,044.Frigatebird,82,81,identity,identity,0,{},2.8481898,2.8481898,0,0.057949115,0.057949115,0.27242619,0.27242619,-0.21447707,-0.21447707,0,1,1,125.52862,125.52862,False,1,True,False,False,1,1,125.52862,125.52862,1,1,123.07683,123.07683,1,1,24.688633,24.688633,1,1,37.551081,37.551081,1,1,61.69525,61.69525,1,1,59.64845,59.64845,1,1,52.024287,52.024287,1,1,60.556208,60.556208
0b_random_erasing_best,file,18,baseline_random_erasing,2502,044.Frigatebird/Frigatebird_0004_43221.jpg,44,43,044.Frigatebird,82,81,random_erasing,random_erasing,0,"{""area_fraction"":0.067101,""erased"":true,""height"":0.272785,""left"":0.255592,""top"":0.051488,""width"":0.245987}",2.8481898,2.9022942,0.054104328,0.057949115,0.05489713,0.27242619,0.055306636,-0.21447707,-0.00040950626,0.21406757,0.75306032,1.294654,125.52862,162.51613,False,0.9230088,False,False,False,0.75306032,1.294654,125.52862,162.51613,0.74872027,1.3023613,123.07683,160.2905,0.89453966,1.0856771,24.688633,26.803883,0.83763594,1.3744183,37.551081,51.610892,0.7653882,1.2605606,61.69525,77.770604,0.71790332,1.3510347,59.64845,80.587124,0.69035167,1.3490287,52.024287,70.182258,0.77582019,1.2314816,60.556208,74.573859
0b_random_erasing_best,file,18,baseline_random_erasing,8194,140.Summer_Tanager/Summer_Tanager_0095_139882.jpg,140,139,140.Summer_Tanager,17,16,identity,identity,0,{},0.028827975,0.028827975,0,0.9715836,0.9715836,0.0096907988,0.0096907988,0.96189281,0.96189281,0,1,1,2.9410655,2.9410655,False,1,True,True,True,1,1,2.9410655,2.9410655,1,1,2.8469143,2.8469143,1,1,0.73820425,0.73820425,1,1,0.78023753,0.78023753,1,1,1.1397946,1.1397946,1,1,1.1579289,1.1579289,1,1,1.345569,1.345569,1,1,1.7451829,1.7451829
0b_random_erasing_best,file,18,baseline_random_erasing,8194,140.Summer_Tanager/Summer_Tanager_0095_139882.jpg,140,139,140.Summer_Tanager,17,16,random_erasing,random_erasing,0,"{""area_fraction"":0.156568,""erased"":true,""height"":0.331352,""left"":0.50122,""top"":0.172836,""width"":0.472513}",0.028827975,0.023528894,-0.0052990802,0.9715836,0.97674572,0.0096907988,0.0082702981,0.96189281,0.96847543,0.0065826206,0.96199177,0.86482139,2.9410655,2.5434964,False,0.9968316,True,True,True,0.96199177,0.86482139,2.9410655,2.5434964,0.95975411,0.86604235,2.8469143,2.4655483,0.99627858,0.84645421,0.73820425,0.62485609,0.97497903,0.86449025,0.78023753,0.67450774,0.94405198,0.93523346,1.1397946,1.0659741,0.94704671,0.87856234,1.1579289,1.0173127,0.95772487,0.84460479,1.345569,1.136474,0.9730485,0.84237099,1.7451829,1.4700914
0b_random_erasing_best,file,18,baseline_random_erasing,1426,026.Bronzed_Cowbird/Bronzed_Cowbird_0040_24134.jpg,26,25,026.Bronzed_Cowbird,27,26,identity,identity,0,{},0.068525322,0.068525322,0,0.93376982,0.93376982,0.038247827,0.038247827,0.89552199,0.89552199,0,1,1,13.282303,13.282303,False,1,True,True,True,1,1,13.282303,13.282303,1,1,12.978676,12.978676,1,1,2.823749,2.823749,1,1,4.7355196,4.7355196,1,1,6.7712771,6.7712771,1,1,6.16111,6.16111,1,1,5.7024002,5.7024002,1,1,5.4492239,5.4492239
0b_random_erasing_best,file,18,baseline_random_erasing,1426,026.Bronzed_Cowbird/Bronzed_Cowbird_0040_24134.jpg,26,25,026.Bronzed_Cowbird,27,26,random_erasing,random_erasing,0,"{""area_fraction"":0.071116,""erased"":true,""height"":0.165718,""left"":0.343814,""top"":0.117426,""width"":0.429138}",0.068525322,0.053590886,-0.014934435,0.93376982,0.94781977,0.038247827,0.031237826,0.89552199,0.91658194,0.021059949,0.96944079,0.83517291,13.282303,11.09302,False,0.99607229,True,True,True,0.96944079,0.83517291,13.282303,11.09302,0.96825517,0.83639302,12.978676,10.855274,0.99585206,0.80896728,2.823749,2.2843205,0.99142538,0.84872152,4.7355196,4.0191374,0.97624514,0.85621455,6.7712771,5.797666,0.9572452,0.83412611,6.16111,5.1391427,0.95660999,0.82822028,5.7024002,4.7228435,0.96557917,0.80734049,5.4492239,4.3993791
0b_random_erasing_best,file,18,baseline_random_erasing,8057,138.Tree_Swallow/Tree_Swallow_0071_136749.jpg,138,137,138.Tree_Swallow,79,78,identity,identity,0,{},0.034790047,0.034790047,0,0.96580815,0.96580815,0.0066673146,0.0066673146,0.95914084,0.95914084,0,1,1,4.2276957,4.2276957,False,0.99999994,True,True,True,1,1,4.2276957,4.2276957,1,1,4.139587,4.139587,1,1,0.85862123,0.85862123,1,1,0.86275265,0.86275265,1,1,1.4232048,1.4232048,1,1,1.9569005,1.9569005,1,1,2.0890894,2.0890894,1,1,2.4844663,2.4844663
0b_random_erasing_best,file,18,baseline_random_erasing,8057,138.Tree_Swallow/Tree_Swallow_0071_136749.jpg,138,137,138.Tree_Swallow,79,78,random_erasing,random_erasing,0,"{""area_fraction"":0.10052,""erased"":true,""height"":0.467644,""left"":0.354237,""top"":0.180268,""width"":0.214951}",0.034790047,0.023837755,-0.010952292,0.96580815,0.97644413,0.0066673146,0.0017071618,0.95914084,0.97473696,0.015596125,0.77943521,0.65174442,4.2276957,2.7553771,False,0.97435427,True,True,True,0.77943521,0.65174442,4.2276957,2.7553771,0.77136407,0.64761157,4.139587,2.6808444,0.95011626,0.74134495,0.85862123,0.63653452,0.6487385,0.67931389,0.86275265,0.58607986,0.71270455,0.69759939,1.4232048,0.99282682,0.76839989,0.63969935,1.9569005,1.251828,0.73149697,0.61668386,2.0890894,1.2883077,0.83728231,0.65286125,2.4844663,1.6220118
0b_random_erasing_best,file,18,baseline_random_erasing,1802,032.Mangrove_Cuckoo/Mangrove_Cuckoo_0016_794607.jpg,32,31,032.Mangrove_Cuckoo,31,30,identity,identity,0,{},0.49982244,0.49982244,0,0.60663837,0.60663837,0.19972533,0.19972533,0.40691304,0.40691304,0,1,1,87.120809,87.120809,False,0.99999988,True,True,True,1,1,87.120809,87.120809,1,1,85.598577,85.598577,1,1,16.21478,16.21478,1,1,18.33052,18.33052,1,1,44.669353,44.669353,1,1,47.353371,47.353371,1,1,39.15127,39.15127,1,1,34.936994,34.936994
0b_random_erasing_best,file,18,baseline_random_erasing,1802,032.Mangrove_Cuckoo/Mangrove_Cuckoo_0016_794607.jpg,32,31,032.Mangrove_Cuckoo,31,30,random_erasing,random_erasing,0,"{""area_fraction"":0.110698,""erased"":true,""height"":0.516486,""left"":0.324949,""top"":0.188138,""width"":0.214329}",0.49982244,0.83144343,0.33162099,0.60663837,0.43542033,0.19972533,0.35697877,0.40691304,0.07844156,-0.32847148,0.85062409,1.5357584,87.120809,133.79651,False,0.95958066,True,True,True,0.85062409,1.5357584,87.120809,133.79651,0.84672622,1.5311149,85.598577,131.06126,0.95349372,1.6599481,16.21478,26.915693,0.8973972,1.6377835,18.33052,30.021423,0.88534115,1.5443745,44.669353,68.986211,0.83847459,1.5158426,47.353371,71.780255,0.80429165,1.4988469,39.15127,58.681759,0.83639021,1.5468888,34.936994,54.043646
0b_random_erasing_best,file,18,baseline_random_erasing,4599,079.Belted_Kingfisher/Belted_Kingfisher_0061_70363.jpg,79,78,079.Belted_Kingfisher,80,79,identity,identity,0,{},0.83001578,0.83001578,0,0.4360424,0.4360424,0.30924755,0.30924755,0.12679484,0.12679484,0,1,1,75.686126,75.686126,False,1,True,True,True,1,1,75.686126,75.686126,1,1,73.122815,73.122815,1,1,19.530584,19.530584,1,1,14.405447,14.405447,1,1,35.189247,35.189247,1,1,38.620124,38.620124,1,1,33.700279,33.700279,1,1,35.692061,35.692061
0b_random_erasing_best,file,18,baseline_random_erasing,4599,079.Belted_Kingfisher/Belted_Kingfisher_0061_70363.jpg,79,78,079.Belted_Kingfisher,80,79,random_erasing,random_erasing,0,"{""area_fraction"":0.079278,""erased"":true,""height"":0.206223,""left"":0.241126,""top"":0.67853,""width"":0.38443}",0.83001578,0.66574585,-0.16426992,0.4360424,0.51389009,0.30924755,0.18488258,0.12679484,0.32900751,0.20221266,0.94649037,0.75824737,75.686126,57.388806,False,0.98457015,True,True,True,0.94649037,0.75824737,75.686126,57.388806,0.94493084,0.76010659,73.122815,55.581133,0.96984335,0.73168837,19.530584,14.290301,0.96684583,0.76505671,14.405447,11.020984,0.96731286,0.78511677,35.189247,27.627668,0.95518598,0.74041115,38.620124,28.59477,0.93889528,0.74970372,33.700279,25.265225,0.91372578,0.76653151,35.692061,27.359089
0b_random_erasing_best,file,18,baseline_random_erasing,5159,089.Hooded_Merganser/Hooded_Merganser_0057_796742.jpg,89,88,089.Hooded_Merganser,90,89,identity,identity,0,{},0.0030170421,0.0030170421,0,0.99698752,0.99698752,0.00086526759,0.00086526759,0.99612225,0.99612225,0,1,1,0.57912912,0.57912912,False,0.99999994,True,True,True,1,1,0.57912912,0.57912912,1,1,0.57170913,0.57170913,1,1,0.09240785,0.09240785,1,1,0.14448461,0.14448461,1,1,0.23563895,0.23563895,1,1,0.28839904,0.28839904,1,1,0.26357975,0.26357975,1,1,0.31273234,0.31273234
0b_random_erasing_best,file,18,baseline_random_erasing,5159,089.Hooded_Merganser/Hooded_Merganser_0057_796742.jpg,89,88,089.Hooded_Merganser,90,89,random_erasing,random_erasing,0,"{""area_fraction"":0.162911,""erased"":true,""height"":0.320987,""left"":0.451167,""top"":0.616664,""width"":0.507531}",0.0030170421,0.0032370095,0.00021996745,0.99698752,0.99676824,0.00086526759,0.0004531836,0.99612225,0.99631505,0.0001927985,0.90647208,1.0897351,0.57912912,0.63109732,False,0.97868854,True,True,True,0.90647208,1.0897351,0.57912912,0.63109732,0.90501822,1.0907395,0.57170913,0.62358572,0.96487144,1.0505682,0.09240785,0.097080744,0.9599192,1.3238391,0.14448461,0.19127439,0.89870999,1.0963123,0.23563895,0.25833389,0.91645467,1.0604903,0.28839904,0.30584438,0.88268581,1.1090475,0.26357975,0.29232247,0.90679017,1.0437368,0.31273234,0.32641026
0b_random_erasing_best,file,18,baseline_random_erasing,8734,149.Brown_Thrasher/Brown_Thrasher_0013_155329.jpg,149,148,149.Brown_Thrasher,120,119,identity,identity,0,{},0.19961353,0.19961353,0,0.81904721,0.81904721,0.11204311,0.11204311,0.70700411,0.70700411,0,1,1,26.09756,26.09756,False,1,True,True,True,1,1,26.09756,26.09756,1,1,25.588255,25.588255,1,1,5.1306767,5.1306767,1,1,3.778734,3.778734,1,1,10.248279,10.248279,1,1,14.025661,14.025661,1,1,13.000007,13.000007,1,1,13.028175,13.028175
0b_random_erasing_best,file,18,baseline_random_erasing,8734,149.Brown_Thrasher/Brown_Thrasher_0013_155329.jpg,149,148,149.Brown_Thrasher,120,119,random_erasing,random_erasing,0,"{""area_fraction"":0.085056,""erased"":true,""height"":0.490451,""left"":0.564157,""top"":0.136219,""width"":0.173425}",0.19961353,0.18938488,-0.010228649,0.81904721,0.82746798,0.11204311,0.069493875,0.70700411,0.7579741,0.050969996,0.85581072,0.83766736,26.09756,21.861074,False,0.98062074,True,True,True,0.85581072,0.83766736,26.09756,21.861074,0.85119865,0.83483605,25.588255,21.361997,0.96429473,0.90524616,5.1306767,4.6445254,0.84558934,0.74398118,3.778734,2.811307,0.8242711,0.82387767,10.248279,8.4433285,0.84328354,0.80788012,14.025661,11.331053,0.84732339,0.84639599,13.000007,11.003154,0.88138659,0.86731539,13.028175,11.299537
0b_random_erasing_best,file,18,baseline_random_erasing,4520,078.Gray_Kingbird/Gray_Kingbird_0063_70287.jpg,78,77,078.Gray_Kingbird,135,134,identity,identity,0,{},2.9450574,2.9450574,0,0.052599046,0.052599046,0.34676072,0.34676072,-0.29416167,-0.29416167,0,1,1,97.829754,97.829754,False,1,True,False,False,1,1,97.829754,97.829754,1,1,94.03666,94.03666,1,1,26.977163,26.977163,1,1,23.135328,23.135328,1,1,45.01661,45.01661,1,1,49.747406,49.747406,1,1,41.634247,41.634247,1,1,45.529549,45.529549
0b_random_erasing_best,file,18,baseline_random_erasing,4520,078.Gray_Kingbird/Gray_Kingbird_0063_70287.jpg,78,77,078.Gray_Kingbird,135,134,random_erasing,random_erasing,0,"{""area_fraction"":0.114814,""erased"":true,""height"":0.372796,""left"":0.479161,""top"":0.212698,""width"":0.30798}",2.9450574,2.5957699,-0.34928751,0.052599046,0.07458844,0.34676072,0.031215752,-0.29416167,0.043372689,0.33753436,0.64121698,1.3397102,97.829754,131.06352,False,0.93082696,False,False,False,0.64121698,1.3397102,97.829754,131.06352,0.63063817,1.3642129,94.03666,128.28603,0.84783089,0.99488524,26.977163,26.839181,0.53976558,1.3429673,23.135328,31.06999,0.60584628,1.4182742,45.01661,63.845896,0.66627275,1.486521,49.747406,73.950563,0.62877831,1.3204656,41.634247,54.97659,0.64501615,1.1877806,45.529549,54.079116
0b_random_erasing_best,file,18,baseline_random_erasing,1188,022.Chuck_will_Widow/Chuck_Will_Widow_0017_796960.jpg,22,21,022.Chuck_will_Widow,92,91,identity,identity,0,{},3.1409168,3.1409168,0,0.043243129,0.043243129,0.19084994,0.19084994,-0.14760682,-0.14760682,0,1,1,123.08099,123.08099,False,1,True,False,False,1,1,123.08099,123.08099,1,1,120.61974,120.61974,1,1,24.49095,24.49095,1,1,19.821077,19.821077,1,1,49.123038,49.123038,1,1,71.283225,71.283225,1,1,57.025186,57.025186,1,1,58.395246,58.395246
0b_random_erasing_best,file,18,baseline_random_erasing,1188,022.Chuck_will_Widow/Chuck_Will_Widow_0017_796960.jpg,22,21,022.Chuck_will_Widow,92,91,random_erasing,random_erasing,0,"{""area_fraction"":0.134343,""erased"":true,""height"":0.592356,""left"":0.001296,""top"":0.112511,""width"":0.226795}",3.1409168,3.5082016,0.36728477,0.043243129,0.029950731,0.19084994,0.080133446,-0.14760682,-0.050182715,0.097424101,0.92483365,1.0549295,123.08099,129.84177,False,0.98754728,False,False,False,0.92483365,1.0549295,123.08099,129.84177,0.92279639,1.0573815,120.61974,127.54109,0.97914596,0.99360065,24.49095,24.334224,0.9385033,1.1080131,19.821077,21.962014,0.91052061,1.1241399,49.123038,55.221165,0.92009884,1.0873155,71.283225,77.507355,0.92697147,1.0281418,57.025186,58.629978,0.93597255,0.98227009,58.395246,57.359903
0b_random_erasing_best,file,18,baseline_random_erasing,264,005.Crested_Auklet/Crested_Auklet_0033_794964.jpg,5,4,005.Crested_Auklet,7,6,identity,identity,0,{},1.1991823,1.1991823,0,0.30144063,0.30144063,0.60379541,0.60379541,-0.30235478,-0.30235478,0,1,1,124.2825,124.2825,False,1,True,False,False,1,1,124.2825,124.2825,1,1,121.90191,121.90191,1,1,24.208763,24.208763,1,1,24.573025,24.573025,1,1,52.576796,52.576796,1,1,69.330035,69.330035,1,1,59.376111,59.376111,1,1,56.211618,56.211618
0b_random_erasing_best,file,18,baseline_random_erasing,264,005.Crested_Auklet/Crested_Auklet_0033_794964.jpg,5,4,005.Crested_Auklet,7,6,random_erasing,random_erasing,0,"{""area_fraction"":0.119918,""erased"":true,""height"":0.355557,""left"":0.616596,""top"":0.080438,""width"":0.337266}",1.1991823,7.4529152,6.2537329,0.30144063,0.000579749,0.60379541,0.019047095,-0.30235478,-0.018467346,0.28388744,0.14388145,1.3388197,124.2825,166.39186,False,0.85398376,False,False,False,0.14388145,1.3388197,124.2825,166.39186,0.12318438,1.3255494,121.90191,161.587,0.57121518,1.6397986,24.208763,39.697496,0.42484438,1.2555387,24.573025,30.852383,0.14746992,1.3023137,52.576796,68.471484,0.0071139352,1.3115407,69.330035,90.92916,0.10696477,1.2465225,59.376111,74.013655,0.22965337,1.4587746,56.211618,82.00008
0b_random_erasing_best,file,18,baseline_random_erasing,1749,031.Black_billed_Cuckoo/Black_Billed_Cuckoo_0057_795323.jpg,31,30,031.Black_billed_Cuckoo,33,32,identity,identity,0,{},2.1431899,2.1431899,0,0.11728013,0.11728013,0.60319108,0.60319108,-0.48591095,-0.48591095,0,1,1,185.71162,185.71162,False,1,True,False,False,1,1,185.71162,185.71162,1,1,182.40997,182.40997,1,1,34.862708,34.862708,1,1,50.799965,50.799965,1,1,104.73775,104.73775,1,1,84.624462,84.624462,1,1,81.127317,81.127317,1,1,77.329312,77.329312
0b_random_erasing_best,file,18,baseline_random_erasing,1749,031.Black_billed_Cuckoo/Black_Billed_Cuckoo_0057_795323.jpg,31,30,031.Black_billed_Cuckoo,33,32,random_erasing,random_erasing,0,"{""area_fraction"":0.160112,""erased"":true,""height"":0.46345,""left"":0.202477,""top"":0.377283,""width"":0.345478}",2.1431899,0.85331106,-1.2898788,0.11728013,0.42600209,0.60319108,0.39037535,-0.48591095,0.035626739,0.52153769,0.75949117,0.59717497,185.71162,110.90233,False,0.95014822,False,False,True,0.75949117,0.59717497,185.71162,110.90233,0.75214144,0.59506408,182.40997,108.54562,0.9461231,0.65231568,34.862708,22.741491,0.70248479,0.54715397,50.799965,27.795403,0.761913,0.49433396,104.73775,51.775427,0.68663768,0.66042781,84.624462,55.888348,0.76684373,0.64154433,81.127317,52.04677,0.84974455,0.64613239,77.329312,49.964973
0b_random_erasing_best,file,18,baseline_random_erasing,11302,192.Downy_Woodpecker/Downy_Woodpecker_0044_184170.jpg,192,191,192.Downy_Woodpecker,187,186,identity,identity,0,{},0.0012036468,0.0012036468,0,0.99879706,0.99879706,0.00055707357,0.00055707357,0.99823999,0.99823999,0,1,1,0.270649,0.270649,False,1,True,True,True,1,1,0.270649,0.270649,1,1,0.26641659,0.26641659,1,1,0.04767688,0.04767688,1,1,0.081766711,0.081766711,1,1,0.1315298,0.1315298,1,1,0.1445033,0.1445033,1,1,0.11414312,0.11414312,1,1,0.11437684,0.11437684
0b_random_erasing_best,file,18,baseline_random_erasing,11302,192.Downy_Woodpecker/Downy_Woodpecker_0044_184170.jpg,192,191,192.Downy_Woodpecker,187,186,random_erasing,random_erasing,0,"{""area_fraction"":0.071335,""erased"":true,""height"":0.191173,""left"":0.253319,""top"":0.380626,""width"":0.373146}",0.0012036468,0.00039474326,-0.00080890351,0.99879706,0.99960536,0.00055707357,0.0001884368,0.99823999,0.99941692,0.0011769354,0.87999336,0.30435858,0.270649,0.082374348,False,0.98694283,True,True,True,0.87999336,0.30435858,0.270649,0.082374348,0.87662375,0.30182541,0.26641659,0.080411297,0.98467418,0.37494358,0.04767688,0.01787614,0.94299483,0.28522394,0.081766711,0.023321824,0.88207254,0.29034582,0.1315298,0.038189127,0.86142706,0.28327364,0.1445033,0.040933974,0.84630491,0.31713372,0.11414312,0.036198632,0.9003665,0.33609284,0.11437684,0.038441236
0b_random_erasing_best,file,18,baseline_random_erasing,2933,051.Horned_Grebe/Horned_Grebe_0006_34718.jpg,51,50,051.Horned_Grebe,50,49,identity,identity,0,{},0.044792488,0.044792488,0,0.95619589,0.95619589,0.026471389,0.026471389,0.9297245,0.9297245,0,1,1,7.7731821,7.7731821,False,1,True,True,True,1,1,7.7731821,7.7731821,1,1,7.5668693,7.5668693,1,1,1.779002,1.779002,1,1,2.7265304,2.7265304,1,1,3.0808692,3.0808692,1,1,3.8345203,3.8345203,1,1,3.5437049,3.5437049,1,1,3.6153006,3.6153006
0b_random_erasing_best,file,18,baseline_random_erasing,2933,051.Horned_Grebe/Horned_Grebe_0006_34718.jpg,51,50,051.Horned_Grebe,50,49,random_erasing,random_erasing,0,"{""area_fraction"":0.067482,""erased"":true,""height"":0.369735,""left"":0.20253,""top"":0.22287,""width"":0.182515}",0.044792488,0.16066559,0.1158731,0.95619589,0.85157681,0.026471389,0.045015406,0.9297245,0.8065614,-0.1231631,0.87058191,3.7169462,7.7731821,28.8925,False,0.98477602,True,True,True,0.87058191,3.7169462,7.7731821,28.8925,0.86780411,3.7277087,7.5668693,28.207084,0.92526199,3.5165513,1.779002,6.2559517,0.85622845,2.5020988,2.7265304,6.8220483,0.82673044,3.92204,3.0808692,12.083292,0.88178706,3.7408095,3.8345203,14.34421,0.89261127,4.0281659,3.5437049,14.274631,0.89198523,3.8483691,3.6153006,13.913011
0b_random_erasing_best,file,18,baseline_random_erasing,9650,164.Cerulean_Warbler/Cerulean_Warbler_0018_797183.jpg,164,163,164.Cerulean_Warbler,159,158,identity,identity,0,{},0.034216747,0.034216747,0,0.966362,0.966362,0.026858503,0.026858503,0.9395035,0.9395035,0,1,1,5.3373886,5.3373886,False,0.99999988,True,True,True,1,1,5.3373886,5.3373886,1,1,5.1894536,5.1894536,1,1,1.2479137,1.2479137,1,1,1.4817194,1.4817194,1,1,2.5373805,2.5373805,1,1,2.5074402,2.5074402,1,1,2.2728915,2.2728915,1,1,2.6159786,2.6159786
0b_random_erasing_best,file,18,baseline_random_erasing,9650,164.Cerulean_Warbler/Cerulean_Warbler_0018_797183.jpg,164,163,164.Cerulean_Warbler,159,158,random_erasing,random_erasing,0,"{""area_fraction"":0.132334,""erased"":true,""height"":0.207776,""left"":0.060371,""top"":0.786499,""width"":0.636909}",0.034216747,0.036843065,0.0026263185,0.966362,0.96382737,0.026858503,0.027397661,0.9395035,0.93642971,-0.0030737855,0.97521387,1.0526329,5.3373886,5.6183106,False,0.99543524,True,True,True,0.97521387,1.0526329,5.3373886,5.6183106,0.97411486,1.0540885,5.1894536,5.4701431,0.99502771,1.0271347,1.2479137,1.2817755,0.98432937,1.0826849,1.4817194,1.6042351,0.98344757,1.0280237,2.5373805,2.6084874,0.9727028,1.0637739,2.5074402,2.6673494,0.96510515,1.0577824,2.2728915,2.4042246,0.97077222,1.057271,2.6159786,2.7657982
0b_random_erasing_best,file,18,baseline_random_erasing,10149,173.Orange_crowned_Warbler/Orange_Crowned_Warbler_0103_168566.jpg,173,172,173.Orange_crowned_Warbler,148,147,identity,identity,0,{},5.2363205,5.2363205,0,0.0053197937,0.0053197937,0.18953228,0.18953228,-0.18421249,-0.18421249,0,1,1,121.56417,121.56417,False,0.99999994,True,False,False,1,1,121.56417,121.56417,1,1,118.64637,118.64637,1,1,26.474259,26.474259,1,1,28.327268,28.327268,1,1,55.60045,55.60045,1,1,59.149552,59.149552,1,1,56.235904,56.235904,1,1,59.346189,59.346189
0b_random_erasing_best,file,18,baseline_random_erasing,10149,173.Orange_crowned_Warbler/Orange_Crowned_Warbler_0103_168566.jpg,173,172,173.Orange_crowned_Warbler,148,147,random_erasing,random_erasing,0,"{""area_fraction"":0.193434,""erased"":true,""height"":0.383873,""left"":0.450256,""top"":0.37648,""width"":0.503901}",5.2363205,6.7785749,1.5422544,0.0053197937,0.0011378949,0.18953228,0.019277817,-0.18421249,-0.018139922,0.16607256,0.57482737,0.92144879,121.56417,112.01516,False,0.86770833,False,False,False,0.57482737,0.92144879,121.56417,112.01516,0.55898695,0.90702837,118.64637,107.61562,0.83866811,1.174157,26.474259,31.084938,0.3048389,0.59789966,28.327268,16.936864,0.59608564,0.92118881,55.60045,51.218512,0.51977828,0.85672506,59.149552,50.674903,0.54928725,0.88485165,56.235904,49.760433,0.61510846,1.0147846,59.346189,60.223601
0b_random_erasing_best,file,18,baseline_random_erasing,2467,043.Yellow_bellied_Flycatcher/Yellow_Bellied_Flycatcher_0041_42719.jpg,43,42,043.Yellow_bellied_Flycatcher,119,118,identity,identity,0,{},0.97267592,0.97267592,0,0.37807,0.37807,0.18259563,0.18259563,0.19547437,0.19547437,0,1,1,109.17766,109.17766,False,0.99999994,True,True,True,1,1,109.17766,109.17766,1,1,107.34553,107.34553,1,1,19.917295,19.917295,1,1,38.749336,38.749336,1,1,50.101456,50.101456,1,1,57.976061,57.976061,1,1,45.911179,45.911179,1,1,45.192217,45.192217
0b_random_erasing_best,file,18,baseline_random_erasing,2467,043.Yellow_bellied_Flycatcher/Yellow_Bellied_Flycatcher_0041_42719.jpg,43,42,043.Yellow_bellied_Flycatcher,119,118,random_erasing,random_erasing,0,"{""area_fraction"":0.198157,""erased"":true,""height"":0.335603,""left"":0.111557,""top"":0.468171,""width"":0.590449}",0.97267592,1.9075375,0.93486154,0.37807,0.1484455,0.18259563,0.1448222,0.19547437,0.0036233068,-0.19185106,0.75136236,1.2060006,109.17766,131.66833,False,0.94932985,False,True,False,0.75136236,1.2060006,109.17766,131.66833,0.74519766,1.1968001,107.34553,128.47114,0.91249429,1.4479609,19.917295,28.839464,0.54141437,0.92498833,38.749336,35.842683,0.78602696,1.2320355,50.101456,61.726773,0.79697828,1.2051181,57.976061,69.868003,0.7278618,1.2472445,45.911179,57.262465,0.75781,1.2613594,45.192217,57.003628
0b_random_erasing_best,file,18,baseline_random_erasing,6135,105.Whip_poor_Will/Whip_Poor_Will_0044_796407.jpg,105,104,105.Whip_poor_Will,22,21,identity,identity,0,{},0.1152287,0.1152287,0,0.89116234,0.89116234,0.10541767,0.10541767,0.78574467,0.78574467,0,1,1,29.664339,29.664339,False,1,True,True,True,1,1,29.664339,29.664339,1,1,29.137458,29.137458,1,1,5.5661109,5.5661109,1,1,4.9633261,4.9633261,1,1,14.879246,14.879246,1,1,16.807802,16.807802,1,1,13.404935,13.404935,1,1,11.864668,11.864668
0b_random_erasing_best,file,18,baseline_random_erasing,6135,105.Whip_poor_Will/Whip_Poor_Will_0044_796407.jpg,105,104,105.Whip_poor_Will,22,21,random_erasing,random_erasing,0,"{""area_fraction"":0.156328,""erased"":true,""height"":0.411152,""left"":0.186618,""top"":0.583735,""width"":0.38022}",0.1152287,0.036426362,-0.078802336,0.89116234,0.96422911,0.10541767,0.034604512,0.78574467,0.92962459,0.14387993,0.95296578,0.32626542,29.664339,9.678448,False,0.97661841,True,True,True,0.95296578,0.32626542,29.664339,9.678448,0.95209799,0.32619988,29.137458,9.5046353,0.97662616,0.32805605,5.5661109,1.8259964,0.93780884,0.32431711,4.9633261,1.6096915,0.97026726,0.32280264,14.879246,4.80306,0.95692542,0.33038196,16.807802,5.5529945,0.93831056,0.3279891,13.404935,4.3966726,0.93428754,0.32106643,11.864668,3.8093467
0b_random_erasing_best,file,18,baseline_random_erasing,1581,028.Brown_Creeper/Brown_Creeper_0121_24574.jpg,28,27,028.Brown_Creeper,188,187,identity,identity,0,{},0.067261666,0.067261666,0,0.93495053,0.93495053,0.012183243,0.012183243,0.92276729,0.92276729,0,1,1,13.34137,13.34137,False,1,True,True,True,1,1,13.34137,13.34137,1,1,13.234849,13.234849,1,1,1.6825328,1.6825328,1,1,2.3195041,2.3195041,1,1,6.2953706,6.2953706,1,1,7.9771595,7.9771595,1,1,6.1328573,6.1328573,1,1,5.3760981,5.3760981
0b_random_erasing_best,file,18,baseline_random_erasing,1581,028.Brown_Creeper/Brown_Creeper_0121_24574.jpg,28,27,028.Brown_Creeper,188,187,random_erasing,random_erasing,0,"{""area_fraction"":0.123174,""erased"":true,""height"":0.215076,""left"":0.373194,""top"":0.427266,""width"":0.572701}",0.067261666,0.026386136,-0.04087553,0.93495053,0.97395891,0.012183243,0.0021734466,0.92276729,0.97178546,0.049018176,0.75262088,0.46086312,13.34137,6.1485454,False,0.96016055,True,True,True,0.75262088,0.46086312,13.34137,6.1485454,0.74922749,0.46041357,13.234849,6.0935042,0.9520089,0.48787357,1.6825328,0.8208633,0.69276775,0.43770466,2.3195041,1.0152578,0.68005437,0.51973116,6.2953706,3.2719003,0.76393804,0.44684635,7.9771595,3.5645647,0.76490835,0.42505069,6.1328573,2.6067752,0.82999843,0.45155708,5.3760981,2.4276152
0b_random_erasing_best,file,18,baseline_random_erasing,8782,150.Sage_Thrasher/Sage_Thrasher_0096_155449.jpg,150,149,150.Sage_Thrasher,36,35,identity,identity,0,{},0.46384853,0.46384853,0,0.6288588,0.6288588,0.057577398,0.057577398,0.57128141,0.57128141,0,1,1,49.813887,49.813887,False,0.99999994,True,True,True,1,1,49.813887,49.813887,1,1,48.909694,48.909694,1,1,9.448024,9.448024,1,1,8.2698479,8.2698479,1,1,19.823106,19.823106,1,1,25.985592,25.985592,1,1,26.287807,26.287807,1,1,23.759471,23.759471
0b_random_erasing_best,file,18,baseline_random_erasing,8782,150.Sage_Thrasher/Sage_Thrasher_0096_155449.jpg,150,149,150.Sage_Thrasher,36,35,random_erasing,random_erasing,0,"{""area_fraction"":0.136363,""erased"":true,""height"":0.411185,""left"":0.071216,""top"":0.587943,""width"":0.331634}",0.46384853,0.31444651,-0.14940202,0.6288588,0.7301929,0.057577398,0.068885058,0.57128141,0.66130784,0.090026435,0.93644859,0.72460034,49.813887,36.095159,False,0.98857391,True,True,True,0.93644859,0.72460034,49.813887,36.095159,0.93465409,0.72381908,48.909694,35.40177,0.98353981,0.74523166,9.448024,7.0409666,0.93443927,0.77697215,8.2698479,6.4254415,0.93231739,0.68316699,19.823106,13.542492,0.93147259,0.70506602,25.985592,18.321558,0.94240622,0.74523663,26.287807,19.590636,0.93263976,0.74000044,23.759471,17.582019
0b_random_erasing_best,file,18,baseline_random_erasing,8635,147.Least_Tern/Least_Tern_0052_154021.jpg,147,146,147.Least_Tern,111,110,identity,identity,0,{},0.67487794,0.67487794,0,0.50921857,0.50921857,0.065519519,0.065519519,0.44369905,0.44369905,0,1,1,75.856225,75.856225,False,1,True,True,True,1,1,75.856225,75.856225,1,1,74.550464,74.550464,1,1,14.014107,14.014107,1,1,11.406603,11.406603,1,1,37.809277,37.809277,1,1,43.799617,43.799617,1,1,33.162339,33.162339,1,1,31.304513,31.304513
0b_random_erasing_best,file,18,baseline_random_erasing,8635,147.Least_Tern/Least_Tern_0052_154021.jpg,147,146,147.Least_Tern,111,110,random_erasing,random_erasing,0,"{""area_fraction"":0.09526,""erased"":true,""height"":0.260603,""left"":0.108439,""top"":0.684659,""width"":0.365536}",0.67487794,0.90604794,0.23117,0.50921857,0.40411815,0.065519519,0.1152644,0.44369905,0.28885375,-0.1548453,0.8535379,1.1287327,75.856225,85.621404,False,0.98486805,True,True,True,0.8535379,1.1287327,75.856225,85.621404,0.84881105,1.1232357,74.550464,83.737741,0.9779839,1.2745018,14.014107,17.861005,0.84674329,1.1414577,11.406603,13.020155,0.83267965,0.92775317,37.809277,35.077677,0.87793381,1.1069871,43.799617,48.485613,0.84951148,1.2111228,33.162339,40.163666,0.84419777,1.2968222,31.304513,40.596388
0b_random_erasing_best,file,18,baseline_random_erasing,566,011.Rusty_Blackbird/Rusty_Blackbird_0023_6752.jpg,11,10,011.Rusty_Blackbird,148,147,identity,identity,0,{},0.16724053,0.16724053,0,0.84599608,0.84599608,0.017181754,0.017181754,0.82881433,0.82881433,0,1,1,24.167793,24.167793,False,1,True,True,True,1,1,24.167793,24.167793,1,1,23.653854,23.653854,1,1,4.9575605,4.9575605,1,1,4.0528489,4.0528489,1,1,11.089569,11.089569,1,1,13.994778,13.994778,1,1,10.423105,10.423105,1,1,10.752011,10.752011
0b_random_erasing_best,file,18,baseline_random_erasing,566,011.Rusty_Blackbird/Rusty_Blackbird_0023_6752.jpg,11,10,011.Rusty_Blackbird,148,147,random_erasing,random_erasing,0,"{""area_fraction"":0.162141,""erased"":true,""height"":0.36726,""left"":0.041927,""top"":0.390421,""width"":0.441489}",0.16724053,0.14997733,-0.017263204,0.84599608,0.86072749,0.017181754,0.0049846875,0.82881433,0.8557428,0.026928474,0.89728306,0.98124978,24.167793,23.714642,False,0.98387182,True,True,True,0.89728306,0.98124978,24.167793,23.714642,0.89401496,0.98214903,23.653854,23.23161,0.97356685,0.96055066,4.9575605,4.761988,0.85596352,0.93988111,4.0528489,3.8091961,0.92405043,0.96554303,11.089569,10.707456,0.90787212,0.98899431,13.994778,13.840756,0.85014425,0.98303394,10.423105,10.246266,0.88583889,0.99301166,10.752011,10.676872
0b_random_erasing_best,file,18,baseline_random_erasing,8751,149.Brown_Thrasher/Brown_Thrasher_0085_155445.jpg,149,148,149.Brown_Thrasher,183,182,identity,identity,0,{},0.21381252,0.21381252,0,0.80749977,0.80749977,0.10381884,0.10381884,0.70368093,0.70368093,0,1,1,29.591509,29.591509,False,1.0000002,True,True,True,1,1,29.591509,29.591509,1,1,29.170379,29.170379,1,1,4.9745785,4.9745785,1,1,7.9899865,7.9899865,1,1,15.027315,15.027315,1,1,16.170233,16.170233,1,1,11.821216,11.821216,1,1,12.650428,12.650428
0b_random_erasing_best,file,18,baseline_random_erasing,8751,149.Brown_Thrasher/Brown_Thrasher_0085_155445.jpg,149,148,149.Brown_Thrasher,183,182,random_erasing,random_erasing,0,"{""area_fraction"":0.195298,""erased"":true,""height"":0.588784,""left"":0.582559,""top"":0.098564,""width"":0.331697}",0.21381252,0.12825194,-0.085560575,0.80749977,0.87963176,0.10381884,0.069217995,0.70368093,0.81041376,0.10673284,0.92122108,0.6272938,29.591509,18.56257,False,0.9876492,True,True,True,0.92122108,0.6272938,29.591509,18.56257,0.91925134,0.625951,29.170379,18.259228,0.98656137,0.67183558,4.9745785,3.3420988,0.95903892,0.6357795,7.9899865,5.0798696,0.94126781,0.64230582,15.027315,9.6521317,0.92180221,0.60287675,16.170233,9.7486576,0.87945883,0.63716872,11.821216,7.5321094,0.90423917,0.62574271,12.650428,7.915913
0b_random_erasing_best,file,18,baseline_random_erasing,6529,112.Great_Grey_Shrike/Great_Grey_Shrike_0089_797036.jpg,112,111,112.Great_Grey_Shrike,130,129,identity,identity,0,{},0.89719915,0.89719915,0,0.40771002,0.40771002,0.14241162,0.14241162,0.2652984,0.2652984,0,1,1,136.91943,136.91943,False,1,True,True,True,1,1,136.91943,136.91943,1,1,135.51706,135.51706,1,1,19.546282,19.546282,1,1,30.892645,30.892645,1,1,73.790121,73.790121,1,1,69.95236,69.95236,1,1,61.854174,61.854174,1,1,56.976003,56.976003
0b_random_erasing_best,file,18,baseline_random_erasing,6529,112.Great_Grey_Shrike/Great_Grey_Shrike_0089_797036.jpg,112,111,112.Great_Grey_Shrike,130,129,random_erasing,random_erasing,0,"{""area_fraction"":0.082994,""erased"":true,""height"":0.261166,""left"":0.145139,""top"":0.429813,""width"":0.317784}",0.89719915,0.58132237,-0.31587678,0.40771002,0.55915844,0.14241162,0.11968411,0.2652984,0.43947434,0.17417594,0.87897738,0.7963727,136.91943,109.0389,False,0.98063505,True,True,True,0.87897738,0.7963727,136.91943,109.0389,0.8771123,0.79741254,135.51706,108.063,0.9769958,0.74467916,19.546282,14.555709,0.83357712,0.84628401,30.892645,26.143951,0.9067975,0.83523178,73.790121,61.631854,0.85592489,0.80774281,69.95236,56.503516,0.8559521,0.76419886,61.854174,47.268889,0.90223314,0.73811837,56.976003,42.055035
0b_random_erasing_best,file,18,baseline_random_erasing,4639,080.Green_Kingfisher/Green_Kingfisher_0042_71028.jpg,80,79,080.Green_Kingfisher,67,66,identity,identity,0,{},0.10222401,0.10222401,0,0.90282726,0.90282726,0.034509208,0.034509208,0.86831805,0.86831805,0,1,1,21.044659,21.044659,False,1,True,True,True,1,1,21.044659,21.044659,1,1,20.814193,20.814193,1,1,3.105963,3.105963,1,1,4.0385391,4.0385391,1,1,8.3995772,8.3995772,1,1,12.980372,12.980372,1,1,10.15119,10.15119,1,1,8.6505041,8.6505041
0b_random_erasing_best,file,18,baseline_random_erasing,4639,080.Green_Kingfisher/Green_Kingfisher_0042_71028.jpg,80,79,080.Green_Kingfisher,67,66,random_erasing,random_erasing,0,"{""area_fraction"":0.197162,""erased"":true,""height"":0.618585,""left"":0.665692,""top"":0.238952,""width"":0.318731}",0.10222401,0.033674009,-0.068549998,0.90282726,0.96688664,0.034509208,0.012893401,0.86831805,0.95399324,0.085675184,0.9321327,0.32844446,21.044659,6.9120015,False,0.98714179,True,True,True,0.9321327,0.32844446,21.044659,6.9120015,0.93095194,0.32757884,20.814193,6.8182892,0.98507742,0.36520932,3.105963,1.1343266,0.91340637,0.41971424,4.0385391,1.6950324,0.90441985,0.3193435,8.3995772,2.6823504,0.94515408,0.31508236,12.980372,4.0898864,0.93419118,0.33235864,10.15119,3.3738358,0.9349894,0.33326138,8.6505041,2.8828789
0b_random_erasing_best,file,18,baseline_random_erasing,10452,178.Swainson_Warbler/Swainson_Warbler_0036_174699.jpg,178,177,178.Swainson_Warbler,196,195,identity,identity,0,{},0.058177192,0.058177192,0,0.94348276,0.94348276,0.02553897,0.02553897,0.91794379,0.91794379,0,1,1,9.0908263,9.0908263,False,1,True,True,True,1,1,9.0908263,9.0908263,1,1,8.899532,8.899532,1,1,1.8551154,1.8551154,1,1,2.2519385,2.2519385,1,1,4.1288818,4.1288818,1,1,4.8713075,4.8713075,1,1,4.1506909,4.1506909,1,1,4.0155828,4.0155828
0b_random_erasing_best,file,18,baseline_random_erasing,10452,178.Swainson_Warbler/Swainson_Warbler_0036_174699.jpg,178,177,178.Swainson_Warbler,196,195,random_erasing,random_erasing,0,"{""area_fraction"":0.185378,""erased"":true,""height"":0.241327,""left"":0.211076,""top"":0.37596,""width"":0.768162}",0.058177192,0.080973685,0.022796493,0.94348276,0.92221797,0.02553897,0.012078624,0.91794379,0.91013934,-0.0078044459,0.70918741,1.3657351,9.0908263,12.41566,False,0.95663804,True,True,True,0.70918741,1.3657351,9.0908263,12.41566,0.70080491,1.3675583,8.899532,12.170628,0.90895933,1.3230817,1.8551154,2.4544693,0.81348215,1.4798123,2.2519385,3.3324462,0.61301427,1.4465994,4.1288818,5.9728382,0.68301569,1.3315233,4.8713075,6.4862595,0.70766807,1.2897439,4.1506909,5.3533281,0.78216739,1.3778918,4.0155828,5.5330388
0b_random_erasing_best,file,18,baseline_random_erasing,8335,142.Black_Tern/Black_Tern_0055_144607.jpg,142,141,142.Black_Tern,141,140,identity,identity,0,{},0.013980904,0.013980904,0,0.98611635,0.98611635,0.0031061352,0.0031061352,0.98301021,0.98301021,0,1,1,2.6234643,2.6234643,False,1,True,True,True,1,1,2.6234643,2.6234643,1,1,2.5869191,2.5869191,1,1,0.43636501,0.43636501,1,1,0.65840217,0.65840217,1,1,1.2367709,1.2367709,1,1,1.4092386,1.4092386,1,1,1.1919128,1.1919128,1,1,1.1499762,1.1499762
0b_random_erasing_best,file,18,baseline_random_erasing,8335,142.Black_Tern/Black_Tern_0055_144607.jpg,142,141,142.Black_Tern,141,140,random_erasing,random_erasing,0,"{""area_fraction"":0.082571,""erased"":true,""height"":0.276606,""left"":0.102566,""top"":0.268748,""width"":0.298516}",0.013980904,0.072003394,0.058022491,0.98611635,0.93052775,0.0031061352,0.023942012,0.98301021,0.90658573,-0.07642448,0.67371232,5.6717396,2.6234643,14.879606,False,0.95472169,True,True,True,0.67371232,5.6717396,2.6234643,14.879606,0.66654435,5.6813151,2.5869191,14.697103,0.94390761,5.3242826,0.43636501,2.3233306,0.35759768,6.3142683,0.65840217,4.1573279,0.67196982,5.6049216,1.2367709,6.9320041,0.66538691,5.6390699,1.4092386,7.946795,0.67582493,5.902899,1.1919128,7.0357409,0.77333835,5.3615689,1.1499762,6.1656766
0b_random_erasing_best,file,18,baseline_random_erasing,1149,021.Eastern_Towhee/Eastern_Towhee_0120_22189.jpg,21,20,021.Eastern_Towhee,109,108,identity,identity,0,{},0.16599293,0.16599293,0,0.84705222,0.84705222,0.044816878,0.044816878,0.80223534,0.80223534,0,1,1,19.261299,19.261299,False,0.99999994,True,True,True,1,1,19.261299,19.261299,1,1,18.709183,18.709183,1,1,4.5786567,4.5786567,1,1,4.0468387,4.0468387,1,1,7.5943358,7.5943358,1,1,9.9649318,9.9649318,1,1,8.5038939,8.5038939,1,1,10.215998,10.215998
0b_random_erasing_best,file,18,baseline_random_erasing,1149,021.Eastern_Towhee/Eastern_Towhee_0120_22189.jpg,21,20,021.Eastern_Towhee,109,108,random_erasing,random_erasing,0,"{""area_fraction"":0.192103,""erased"":true,""height"":0.361116,""left"":0.17411,""top"":0.44408,""width"":0.531971}",0.16599293,2.1641819,1.998189,0.84705222,0.11484383,0.044816878,0.058276713,0.80223534,0.056567118,-0.74566822,0.48574617,4.949695,19.261299,95.337554,False,0.89567101,False,True,False,0.48574617,4.949695,19.261299,95.337554,0.46010393,4.8832579,18.709183,91.361767,0.84597309,5.950382,4.5786567,27.244756,0.52145278,5.6737353,4.0468387,22.960692,0.47559849,4.7042987,7.5943358,35.726024,0.44899383,4.2521902,9.9649318,42.372786,0.37010009,4.9695049,8.5038939,42.260143,0.51506651,5.3274079,10.215998,54.42479
0b_random_erasing_best,file,18,baseline_random_erasing,4254,073.Blue_Jay/Blue_Jay_0086_63394.jpg,73,72,073.Blue_Jay,74,73,identity,identity,0,{},0.0038645598,0.0038645598,0,0.99614292,0.99614292,0.001104938,0.001104938,0.99503799,0.99503799,0,1,1,0.63405657,0.63405657,False,0.99999988,True,True,True,1,1,0.63405657,0.63405657,1,1,0.62309459,0.62309459,1,1,0.11739192,0.11739192,1,1,0.13877895,0.13877895,1,1,0.24853451,0.24853451,1,1,0.33855521,0.33855521,1,1,0.30353396,0.30353396,1,1,0.31696273,0.31696273
0b_random_erasing_best,file,18,baseline_random_erasing,4254,073.Blue_Jay/Blue_Jay_0086_63394.jpg,73,72,073.Blue_Jay,74,73,random_erasing,random_erasing,0,"{""area_fraction"":0.075901,""erased"":true,""height"":0.330058,""left"":0.124872,""top"":0.522637,""width"":0.229962}",0.0038645598,0.0051775421,0.0013129823,0.99614292,0.99483585,0.001104938,0.000892432,0.99503799,0.99394342,-0.0010945643,0.96712258,1.3797134,0.63405657,0.87481633,False,0.99328899,True,True,True,0.96712258,1.3797134,0.63405657,0.87481633,0.96656188,1.3818617,0.62309459,0.86103053,0.9847434,1.3177512,0.11739192,0.15469335,0.98431074,1.3822791,0.13877895,0.19183124,0.96167141,1.3371031,0.24853451,0.33231626,0.96961121,1.3769334,0.33855521,0.46616796,0.9620231,1.4123644,0.30353396,0.42870057,0.96739226,1.3861793,0.31696273,0.43936717
0b_random_erasing_best,file,18,baseline_random_erasing,4526,078.Gray_Kingbird/Gray_Kingbird_0059_795030.jpg,78,77,078.Gray_Kingbird,111,110,identity,identity,0,{},0.68384397,0.68384397,0,0.5046733,0.5046733,0.20451261,0.20451261,0.30016069,0.30016069,0,1,1,75.762855,75.762855,False,0.99999988,True,True,True,1,1,75.762855,75.762855,1,1,73.56934,73.56934,1,1,18.098685,18.098685,1,1,25.496558,25.496558,1,1,30.329983,30.329983,1,1,36.727442,36.727442,1,1,34.756911,34.756911,1,1,35.854115,35.854115
0b_random_erasing_best,file,18,baseline_random_erasing,4526,078.Gray_Kingbird/Gray_Kingbird_0059_795030.jpg,78,77,078.Gray_Kingbird,111,110,random_erasing,random_erasing,0,"{""area_fraction"":0.125685,""erased"":true,""height"":0.466752,""left"":0.038575,""top"":0.125216,""width"":0.269277}",0.68384397,2.8854225,2.2015785,0.5046733,0.055831201,0.20451261,0.67065006,0.30016069,-0.61481886,-0.91497955,0.69268158,1.9172602,75.762855,145.25711,False,0.96301728,False,True,False,0.69268158,1.9172602,75.762855,145.25711,0.67663565,1.8990668,73.56934,139.71309,0.92879586,2.1961649,18.098685,39.747697,0.73341418,1.347886,25.496558,34.366454,0.6121134,1.9138098,30.329983,58.045818,0.62603431,1.9768302,36.727442,72.603914,0.6731905,1.9041554,34.756911,66.182561,0.77131084,2.0339104,35.854115,72.924059
0b_random_erasing_best,file,18,baseline_random_erasing,4356,075.Green_Jay/Green_Jay_0086_65847.jpg,75,74,075.Green_Jay,151,150,identity,identity,0,{},0.019020664,0.019020664,0,0.98115909,0.98115909,0.0050405217,0.0050405217,0.97611857,0.97611857,0,1,1,3.2123647,3.2123647,False,1.0000001,True,True,True,1,1,3.2123647,3.2123647,1,1,3.1653392,3.1653392,1,1,0.54764476,0.54764476,1,1,0.81361926,0.81361926,1,1,1.4187269,1.4187269,1,1,1.7544132,1.7544132,1,1,1.4143058,1.4143058,1,1,1.5054513,1.5054513
0b_random_erasing_best,file,18,baseline_random_erasing,4356,075.Green_Jay/Green_Jay_0086_65847.jpg,75,74,075.Green_Jay,151,150,random_erasing,random_erasing,0,"{""area_fraction"":0.113043,""erased"":true,""height"":0.324981,""left"":0.019171,""top"":0.19746,""width"":0.347846}",0.019020664,0.023427008,0.0044063441,0.98115909,0.97684526,0.0050405217,0.00025970049,0.97611857,0.97658556,0.00046699468,0.72391625,1.5304332,3.2123647,4.9163095,False,0.95607734,True,True,True,0.72391625,1.5304332,3.2123647,4.9163095,0.7217317,1.5239761,3.1653392,4.8239012,0.79387477,1.7323702,0.54764476,0.94872348,0.58151347,1.181678,0.81361926,0.96143594,0.78966956,1.4464033,1.4187269,2.0520513,0.75790451,1.5220879,1.7544132,2.670371,0.68057055,1.6549053,1.4143058,2.3405421,0.69595867,1.5614503,1.5054513,2.3506874
0b_random_erasing_best,file,18,baseline_random_erasing,2372,042.Vermilion_Flycatcher/Vermilion_Flycatcher_0006_42564.jpg,42,41,042.Vermilion_Flycatcher,17,16,identity,identity,0,{},0.00440781,0.00440781,0,0.99560189,0.99560189,0.0023443906,0.0023443906,0.9932575,0.9932575,0,1,1,0.48753638,0.48753638,False,1,True,True,True,1,1,0.48753638,0.48753638,1,1,0.46721206,0.46721206,1,1,0.13930044,0.13930044,1,1,0.089917097,0.089917097,1,1,0.18640313,0.18640313,1,1,0.20042856,0.20042856,1,1,0.20937946,0.20937946,1,1,0.30239797,0.30239797
0b_random_erasing_best,file,18,baseline_random_erasing,2372,042.Vermilion_Flycatcher/Vermilion_Flycatcher_0006_42564.jpg,42,41,042.Vermilion_Flycatcher,17,16,random_erasing,random_erasing,0,"{""area_fraction"":0.090436,""erased"":true,""height"":0.282237,""left"":0.10772,""top"":0.373263,""width"":0.320427}",0.00440781,0.0031121175,-0.0012956925,0.99560189,0.99689269,0.0023443906,0.0020094055,0.9932575,0.99488329,0.0016257833,0.82508033,0.73959022,0.48753638,0.36057714,False,0.9888128,True,True,True,0.82508033,0.73959022,0.48753638,0.36057714,0.81014994,0.73582746,0.46721206,0.34378746,0.98470791,0.78066982,0.13930044,0.10874765,0.76544712,0.64212575,0.089917097,0.057738083,0.68561611,0.62527936,0.18640313,0.11655403,0.73358828,0.72641807,0.20042856,0.14559493,0.80440462,0.76362945,0.20937946,0.15988832,0.89122176,0.77206838,0.30239797,0.23347191
0b_random_erasing_best,file,18,baseline_random_erasing,9117,156.White_eyed_Vireo/White_Eyed_Vireo_0030_159265.jpg,156,155,156.White_eyed_Vireo,152,151,identity,identity,0,{},3.7165759,3.7165759,0,0.024317091,0.024317091,0.74664873,0.74664873,-0.72233164,-0.72233164,0,1,1,117.37958,117.37958,False,0.99999994,True,False,False,1,1,117.37958,117.37958,1,1,113.81778,113.81778,1,1,28.696297,28.696297,1,1,23.74353,23.74353,1,1,47.469883,47.469883,1,1,64.354938,64.354938,1,1,51.590894,51.590894,1,1,57.742227,57.742227
0b_random_erasing_best,file,18,baseline_random_erasing,9117,156.White_eyed_Vireo/White_Eyed_Vireo_0030_159265.jpg,156,155,156.White_eyed_Vireo,152,151,random_erasing,random_erasing,0,"{""area_fraction"":0.166339,""erased"":true,""height"":0.332281,""left"":0.417138,""top"":0.6177,""width"":0.500599}",3.7165759,3.8483572,0.13178134,0.024317091,0.021314722,0.74664873,0.80559266,-0.72233164,-0.78427793,-0.061946297,0.94877018,1.0706765,117.37958,125.67556,False,0.98683023,True,False,False,0.94877018,1.0706765,117.37958,125.67556,0.94651,1.0728433,113.81778,122.10864,0.98613682,1.0359944,28.696297,29.729202,0.93721452,1.0719794,23.74353,25.452575,0.92636819,1.1019821,47.469883,52.310963,0.9565123,1.0600962,64.354938,68.222424,0.94398963,1.070434,51.590894,55.224645,0.95212773,1.0706871,57.742227,61.823859
0b_random_erasing_best,file,18,baseline_random_erasing,6481,111.Loggerhead_Shrike/Loggerhead_Shrike_0018_26407.jpg,111,110,111.Loggerhead_Shrike,112,111,identity,identity,0,{},0.035206854,0.035206854,0,0.9654057,0.9654057,0.012490097,0.012490097,0.95291561,0.95291561,0,1,1,5.1524901,5.1524901,False,1,True,True,True,1,1,5.1524901,5.1524901,1,1,5.0296184,5.0296184,1,1,1.1185228,1.1185228,1,1,1.3642977,1.3642977,1,1,2.1653766,2.1653766,1,1,2.6626318,2.6626318,1,1,2.3604274,2.3604274,1,1,2.4669153,2.4669153
0b_random_erasing_best,file,18,baseline_random_erasing,6481,111.Loggerhead_Shrike/Loggerhead_Shrike_0018_26407.jpg,111,110,111.Loggerhead_Shrike,112,111,random_erasing,random_erasing,0,"{""area_fraction"":0.106936,""erased"":true,""height"":0.363063,""left"":0.276337,""top"":0.305604,""width"":0.294538}",0.035206854,0.024196789,-0.011010066,0.9654057,0.97609359,0.012490097,0.01474933,0.95291561,0.96134426,0.0084286556,0.75286394,0.67090811,5.1524901,3.4568474,False,0.97454673,True,True,True,0.75286394,0.67090811,5.1524901,3.4568474,0.74231387,0.66505317,5.0296184,3.3449636,0.94381539,0.77992164,1.1185228,0.87236011,0.79466527,0.61609064,1.3642977,0.84053106,0.71297756,0.66304355,2.1653766,1.435739,0.69607248,0.63095598,2.6626318,1.6800035,0.7210723,0.68925716,2.3604274,1.6269415,0.8206153,0.69642438,2.4669153,1.71802
0b_random_erasing_best,file,18,baseline_random_erasing,1855,033.Yellow_billed_Cuckoo/Yellow_Billed_Cuckoo_0010_26795.jpg,33,32,033.Yellow_billed_Cuckoo,32,31,identity,identity,0,{},0.59225434,0.59225434,0,0.55307907,0.55307907,0.21103662,0.21103662,0.34204245,0.34204245,0,1,1,53.627417,53.627417,False,1,True,True,True,1,1,53.627417,53.627417,1,1,51.387249,51.387249,1,1,15.337879,15.337879,1,1,16.026241,16.026241,1,1,20.311181,20.311181,1,1,27.185457,27.185457,1,1,24.06357,24.06357,1,1,25.557004,25.557004
0b_random_erasing_best,file,18,baseline_random_erasing,1855,033.Yellow_billed_Cuckoo/Yellow_Billed_Cuckoo_0010_26795.jpg,33,32,033.Yellow_billed_Cuckoo,32,31,random_erasing,random_erasing,0,"{""area_fraction"":0.186988,""erased"":true,""height"":0.335199,""left"":0.020989,""top"":0.326936,""width"":0.557842}",0.59225434,0.56644404,-0.025810301,0.55307907,0.56753999,0.21103662,0.014796559,0.34204245,0.55274343,0.21070099,0.62967905,1.260451,53.627417,67.594733,False,0.91800869,True,True,True,0.62967905,1.260451,53.627417,67.594733,0.61751229,1.2809487,51.387249,65.824429,0.82209613,1.002,15.337879,15.368554,0.76312978,1.3477926,16.026241,21.600048,0.38393404,1.4611211,20.311181,29.677094,0.62335626,1.2142557,27.185457,33.010096,0.6344483,1.2379907,24.06357,29.790476,0.71336109,1.242544,25.557004,31.755701
0b_random_erasing_best,file,18,baseline_random_erasing,7482,128.Seaside_Sparrow/Seaside_Sparrow_0001_120720.jpg,128,127,128.Seaside_Sparrow,126,125,identity,identity,0,{},0.012843273,0.012843273,0,0.98723882,0.98723882,0.0065517891,0.0065517891,0.98068704,0.98068704,0,1,1,1.9571963,1.9571963,False,1,True,True,True,1,1,1.9571963,1.9571963,1,1,1.910197,1.910197,1,1,0.42633879,0.42633879,1,1,0.33950804,0.33950804,1,1,0.86085358,0.86085358,1,1,1.0941296,1.0941296,1,1,0.93120824,0.93120824,1,1,0.8533754,0.8533754
0b_random_erasing_best,file,18,baseline_random_erasing,7482,128.Seaside_Sparrow/Seaside_Sparrow_0001_120720.jpg,128,127,128.Seaside_Sparrow,126,125,random_erasing,random_erasing,0,"{""area_fraction"":0.125524,""erased"":true,""height"":0.362677,""left"":0.453309,""top"":0.49597,""width"":0.346103}",0.012843273,0.0080622006,-0.004781072,0.98723882,0.99197024,0.0065517891,0.0048192255,0.98068704,0.98715102,0.0064639803,0.9230274,0.64872352,1.9571963,1.2696792,False,0.9865272,True,True,True,0.9230274,0.64872352,1.9571963,1.2696792,0.9200068,0.64823991,1.910197,1.2382659,0.98283825,0.65835663,0.42633879,0.28068297,0.90849376,0.63040354,0.33950804,0.21402707,0.93844171,0.6665977,0.86085358,0.57384301,0.92216188,0.64490322,1.0941296,0.70560769,0.91114898,0.64053226,0.93120824,0.59646891,0.90989198,0.64667082,0.8533754,0.55185297
0b_random_erasing_best,file,18,baseline_random_erasing,641,012.Yellow_headed_Blackbird/Yellow_Headed_Blackbird_0087_8358.jpg,12,11,012.Yellow_headed_Blackbird,98,97,identity,identity,0,{},1.4912994,1.4912994,0,0.22508,0.22508,0.11074964,0.11074964,0.11433036,0.11433036,0,1,1,103.03024,103.03024,False,1,True,True,True,1,1,103.03024,103.03024,1,1,101.21107,101.21107,1,1,19.275616,19.275616,1,1,23.578013,23.578013,1,1,48.276278,48.276278,1,1,51.625162,51.625162,1,1,49.031251,49.031251,1,1,47.832389,47.832389
0b_random_erasing_best,file,18,baseline_random_erasing,641,012.Yellow_headed_Blackbird/Yellow_Headed_Blackbird_0087_8358.jpg,12,11,012.Yellow_headed_Blackbird,98,97,random_erasing,random_erasing,0,"{""area_fraction"":0.105227,""erased"":true,""height"":0.230591,""left"":0.076587,""top"":0.647622,""width"":0.456336}",1.4912994,2.5819178,1.0906184,0.22508,0.07562881,0.11074964,0.31835952,0.11433036,-0.24273071,-0.35706107,0.79402182,1.1951377,103.03024,123.13532,False,0.97745186,False,True,False,0.79402182,1.1951377,103.03024,123.13532,0.78762488,1.1902642,101.21107,120.46791,0.95699407,1.3224479,19.275616,25.490998,0.83055666,1.2538236,23.578013,29.56267,0.86290289,1.2299186,48.276278,59.375892,0.74195983,1.1495642,51.625162,59.346441,0.72790809,1.095627,49.031251,53.719961,0.81069243,1.2725819,47.832389,60.870634
0b_random_erasing_best,file,18,baseline_random_erasing,3930,068.Ruby_throated_Hummingbird/Ruby_Throated_Hummingbird_0119_57575.jpg,68,67,068.Ruby_throated_Hummingbird,78,77,identity,identity,0,{},0.50275141,0.50275141,0,0.60486412,0.60486412,0.05360518,0.05360518,0.55125894,0.55125894,0,1,1,49.613768,49.613768,False,1,True,True,True,1,1,49.613768,49.613768,1,1,48.360213,48.360213,1,1,11.082228,11.082228,1,1,8.538546,8.538546,1,1,18.276982,18.276982,1,1,26.265992,26.265992,1,1,23.614969,23.614969,1,1,26.156955,26.156955
0b_random_erasing_best,file,18,baseline_random_erasing,3930,068.Ruby_throated_Hummingbird/Ruby_Throated_Hummingbird_0119_57575.jpg,68,67,068.Ruby_throated_Hummingbird,78,77,random_erasing,random_erasing,0,"{""area_fraction"":0.091862,""erased"":true,""height"":0.252717,""left"":0.105142,""top"":0.099341,""width"":0.363497}",0.50275141,0.44386303,-0.058888376,0.60486412,0.64155328,0.05360518,0.050453406,0.55125894,0.59109988,0.039840937,0.97091793,0.98480372,49.613768,48.859824,False,0.99673891,True,True,True,0.97091793,0.98480372,49.613768,48.859824,0.96979774,0.98825611,48.360213,47.792276,0.99654212,0.91658373,11.082228,10.15779,0.88646169,1.0055213,8.538546,8.5856898,0.95021187,1.0493206,18.276982,19.178413,0.97929391,1.0025654,26.265992,26.333373,0.97470297,0.97472143,23.614969,23.018017,0.9773827,0.95140077,26.156955,24.885747
0b_random_erasing_best,file,18,baseline_random_erasing,2088,037.Acadian_Flycatcher/Acadian_Flycatcher_0008_795599.jpg,37,36,037.Acadian_Flycatcher,39,38,identity,identity,0,{},3.1735692,3.1735692,0,0.041853949,0.041853949,0.76228505,0.76228505,-0.7204311,-0.7204311,0,1,1,156.15238,156.15238,False,1.0000001,True,False,False,1,1,156.15238,156.15238,1,1,150.3592,150.3592,1,1,42.138761,42.138761,1,1,29.724408,29.724408,1,1,64.789724,64.789724,1,1,74.162425,74.162425,1,1,76.042315,76.042315,1,1,79.019887,79.019887
0b_random_erasing_best,file,18,baseline_random_erasing,2088,037.Acadian_Flycatcher/Acadian_Flycatcher_0008_795599.jpg,37,36,037.Acadian_Flycatcher,39,38,random_erasing,random_erasing,0,"{""area_fraction"":0.052258,""erased"":true,""height"":0.332168,""left"":0.445242,""top"":0.456442,""width"":0.157325}",3.1735692,2.8766747,-0.29689455,0.041853949,0.056321744,0.76228505,0.51389319,-0.7204311,-0.45757144,0.26285966,0.87028682,0.86665292,156.15238,135.32991,False,0.99015427,True,False,False,0.87028682,0.86665292,156.15238,135.32991,0.86348697,0.85830458,150.3592,129.05399,0.95281379,0.96666161,42.138761,40.733923,0.87430608,0.69012866,29.724408,20.513666,0.81757385,0.88106782,64.789724,57.084141,0.85656566,0.88540047,74.162425,65.663446,0.87074533,0.84455123,76.042315,64.221631,0.89688606,0.852636,79.019887,67.375201
0b_random_erasing_best,file,18,baseline_random_erasing,3431,060.Glaucous_winged_Gull/Glaucous_Winged_Gull_0078_44461.jpg,60,59,060.Glaucous_winged_Gull,59,58,identity,identity,0,{},4.1845322,4.1845322,0,0.015229326,0.015229326,0.58281648,0.58281648,-0.56758716,-0.56758716,0,1,1,169.81951,169.81951,False,1,True,False,False,1,1,169.81951,169.81951,1,1,166.81518,166.81518,1,1,31.801908,31.801908,1,1,52.758042,52.758042,1,1,84.821248,84.821248,1,1,86.958195,86.958195,1,1,70.5329,70.5329,1,1,72.887799,72.887799
0b_random_erasing_best,file,18,baseline_random_erasing,3431,060.Glaucous_winged_Gull/Glaucous_Winged_Gull_0078_44461.jpg,60,59,060.Glaucous_winged_Gull,59,58,random_erasing,random_erasing,0,"{""area_fraction"":0.137179,""erased"":true,""height"":0.296525,""left"":0.323879,""top"":0.395559,""width"":0.462621}",4.1845322,5.1967597,1.0122275,0.015229326,0.0055344682,0.58281648,0.50399309,-0.56758716,-0.49845863,0.06912853,0.78698176,1.0324318,169.81951,175.32706,False,0.94417846,True,False,False,0.78698176,1.0324318,169.81951,175.32706,0.78107033,1.0260466,166.81518,171.16015,0.93542747,1.1948057,31.801908,37.997102,0.76214139,1.0086044,52.758042,53.211994,0.79568159,1.0969123,84.821248,93.041466,0.80327007,1.0047893,86.958195,87.374665,0.72864818,0.95447902,70.5329,67.322173,0.78896043,1.0304375,72.887799,75.106321
0b_random_erasing_best,file,18,baseline_random_erasing,2718,048.European_Goldfinch/European_Goldfinch_0041_794645.jpg,48,47,048.European_Goldfinch,132,131,identity,identity,0,{},0.0013567538,0.0013567538,0,0.99864417,0.99864417,0.0006109493,0.0006109493,0.99803322,0.99803322,0,1,1,0.22245808,0.22245808,False,1,True,True,True,1,1,0.22245808,0.22245808,1,1,0.21803702,0.21803702,1,1,0.044129951,0.044129951,1,1,0.037685113,0.037685113,1,1,0.08980568,0.08980568,1,1,0.10937641,0.10937641,1,1,0.10465281,0.10465281,1,1,0.1230427,0.1230427
0b_random_erasing_best,file,18,baseline_random_erasing,2718,048.European_Goldfinch/European_Goldfinch_0041_794645.jpg,48,47,048.European_Goldfinch,132,131,random_erasing,random_erasing,0,"{""area_fraction"":0.114244,""erased"":true,""height"":0.20215,""left"":0.218909,""top"":0.707093,""width"":0.565147}",0.0013567538,0.0012586537,-9.8100048e-05,0.99864417,0.99874216,0.0006109493,0.00056234555,0.99803322,0.99817982,0.00014659378,0.98102353,0.92109634,0.22245808,0.20490532,False,0.9970901,True,True,True,0.98102353,0.92109634,0.22245808,0.20490532,0.9803693,0.92042892,0.21803702,0.20068758,0.996862,0.93724162,0.044129951,0.041360426,0.98506356,0.9247196,0.037685113,0.034848162,0.98111903,0.89453588,0.08980568,0.080334402,0.97975843,0.92683856,0.10937641,0.10137427,0.97998313,0.93188064,0.10465281,0.097523923,0.98058905,0.92020663,0.1230427,0.11322471
0b_random_erasing_best,file,18,baseline_random_erasing,415,008.Rhinoceros_Auklet/Rhinoceros_Auklet_0010_797545.jpg,8,7,008.Rhinoceros_Auklet,44,43,identity,identity,0,{},2.2555423,2.2555423,0,0.1048167,0.1048167,0.14471196,0.14471196,-0.039895259,-0.039895259,0,1,1,136.13422,136.13422,False,1,True,False,False,1,1,136.13422,136.13422,1,1,134.11386,134.11386,1,1,23.366606,23.366606,1,1,30.621533,30.621533,1,1,61.755863,61.755863,1,1,73.09614,73.09614,1,1,64.37267,64.37267,1,1,61.222352,61.222352
0b_random_erasing_best,file,18,baseline_random_erasing,415,008.Rhinoceros_Auklet/Rhinoceros_Auklet_0010_797545.jpg,8,7,008.Rhinoceros_Auklet,44,43,random_erasing,random_erasing,0,"{""area_fraction"":0.13192,""erased"":true,""height"":0.238572,""left"":0.167804,""top"":0.322921,""width"":0.552955}",2.2555423,3.0238123,0.76827002,0.1048167,0.048615534,0.14471196,0.015618814,-0.039895259,0.03299672,0.072891979,0.62644402,1.0404804,136.13422,141.64499,False,0.89804554,False,False,False,0.62644402,1.0404804,136.13422,141.64499,0.61868537,1.0293148,134.11386,138.04538,0.84343252,1.3579097,23.366606,31.729741,0.69632474,0.98706434,30.621533,30.225423,0.57595886,0.96282183,61.755863,59.459892,0.62449142,0.9939724,73.09614,72.655545,0.6130496,1.0769383,64.37267,69.325391,0.64179191,1.0984635,61.222352,67.25052
0b_random_erasing_best,file,18,baseline_random_erasing,9953,170.Mourning_Warbler/Mourning_Warbler_0020_166440.jpg,170,169,170.Mourning_Warbler,160,159,identity,identity,0,{},0.0085793016,0.0085793016,0,0.9914574,0.9914574,0.0026748562,0.0026748562,0.98878255,0.98878255,0,1,1,1.1201682,1.1201682,False,1,True,True,True,1,1,1.1201682,1.1201682,1,1,1.0895835,1.0895835,1,1,0.25997073,0.25997073,1,1,0.21092873,0.21092873,1,1,0.43160401,0.43160401,1,1,0.56361191,0.56361191,1,1,0.52172494,0.52172494,1,1,0.60544519,0.60544519
0b_random_erasing_best,file,18,baseline_random_erasing,9953,170.Mourning_Warbler/Mourning_Warbler_0020_166440.jpg,170,169,170.Mourning_Warbler,160,159,random_erasing,random_erasing,0,"{""area_fraction"":0.158009,""erased"":true,""height"":0.648248,""left"":0.094171,""top"":0.018721,""width"":0.243747}",0.0085793016,0.016685341,0.0081060389,0.9914574,0.98345309,0.0026748562,0.003334254,0.98878255,0.98011884,-0.0086637056,0.91492796,2.2307249,1.1201682,2.4987871,False,0.98948336,True,True,True,0.91492796,2.2307249,1.1201682,2.4987871,0.91291998,2.2533198,1.0895835,2.45518,0.98290972,1.7878504,0.25997073,0.46478878,0.93076027,2.4406949,0.21092873,0.51481269,0.90223976,2.3301135,0.43160401,1.0056863,0.91885397,2.4618736,0.56361191,1.3875413,0.90074716,2.2184819,0.52172494,1.1574374,0.93063101,2.0137864,0.60544519,1.2192373
0b_random_erasing_best,file,18,baseline_random_erasing,2684,047.American_Goldfinch/American_Goldfinch_0045_31974.jpg,47,46,047.American_Goldfinch,96,95,identity,identity,0,{},0.8731851,0.8731851,0,0.41761926,0.41761926,0.13512258,0.13512258,0.28249668,0.28249668,0,1,1,76.407701,76.407701,False,1,True,True,True,1,1,76.407701,76.407701,1,1,74.982736,74.982736,1,1,14.687612,14.687612,1,1,15.059541,15.059541,1,1,27.326605,27.326605,1,1,36.162526,36.162526,1,1,42.337195,42.337195,1,1,39.35367,39.35367
0b_random_erasing_best,file,18,baseline_random_erasing,2684,047.American_Goldfinch/American_Goldfinch_0045_31974.jpg,47,46,047.American_Goldfinch,96,95,random_erasing,random_erasing,0,"{""area_fraction"":0.06963,""erased"":true,""height"":0.337495,""left"":0.537757,""top"":0.576253,""width"":0.206314}",0.8731851,0.76862222,-0.10456288,0.41761926,0.46365145,0.13512258,0.11823384,0.28249668,0.34541761,0.062920935,0.96481086,0.94466224,76.407701,72.17947,False,0.99616581,True,True,True,0.96481086,0.94466224,76.407701,72.17947,0.96376556,0.94667737,74.982736,70.98446,0.99551253,0.89053575,14.687612,13.079844,0.96098998,0.92991418,15.059541,14.004081,0.95295759,0.91263794,27.326605,24.939296,0.96300558,0.95795146,36.162526,34.641944,0.96650117,0.96704662,42.337195,40.942041,0.96742061,0.9317048,39.35367,36.666003
0b_random_erasing_best,file,18,baseline_random_erasing,4006,069.Rufous_Hummingbird/Rufous_Hummingbird_0113_59444.jpg,69,68,069.Rufous_Hummingbird,83,82,identity,identity,0,{},2.4954693,2.4954693,0,0.082457751,0.082457751,0.34069377,0.34069377,-0.25823602,-0.25823602,0,1,1,128.80394,128.80394,False,0.99999988,True,False,False,1,1,128.80394,128.80394,1,1,126.10445,126.10445,1,1,26.232094,26.232094,1,1,22.608025,22.608025,1,1,49.385689,49.385689,1,1,67.603464,67.603464,1,1,62.327835,62.327835,1,1,67.061724,67.061724
0b_random_erasing_best,file,18,baseline_random_erasing,4006,069.Rufous_Hummingbird/Rufous_Hummingbird_0113_59444.jpg,69,68,069.Rufous_Hummingbird,83,82,random_erasing,random_erasing,0,"{""area_fraction"":0.18774,""erased"":true,""height"":0.237343,""left"":0.084472,""top"":0.716432,""width"":0.79101}",2.4954693,2.8687427,0.37327337,0.082457751,0.056770254,0.34069377,0.31442675,-0.25823602,-0.2576565,0.00057952479,0.91910348,0.94887291,128.80394,122.21857,False,0.98459327,True,False,False,0.91910348,0.94887291,128.80394,122.21857,0.91621154,0.94690156,126.10445,119.4085,0.98381893,0.99334091,26.232094,26.057412,0.87776855,0.90686079,22.608025,20.502332,0.90072041,0.97312646,49.385689,48.05852,0.92539331,0.96750291,67.603464,65.406548,0.90939339,0.91173983,62.327835,56.82677,0.92623132,0.94558159,67.061724,63.412332
0b_random_erasing_best,file,18,baseline_random_erasing,148,003.Sooty_Albatross/Sooty_Albatross_0017_796349.jpg,3,2,003.Sooty_Albatross,1,0,identity,identity,0,{},1.8027105,1.8027105,0,0.16485144,0.16485144,0.51552582,0.51552582,-0.35067438,-0.35067438,0,1,1,137.79369,137.79369,False,0.99999994,True,False,False,1,1,137.79369,137.79369,1,1,134.46155,134.46155,1,1,30.119656,30.119656,1,1,32.016779,32.016779,1,1,63.524431,63.524431,1,1,78.557393,78.557393,1,1,60.27265,60.27265,1,1,56.704713,56.704713
0b_random_erasing_best,file,18,baseline_random_erasing,148,003.Sooty_Albatross/Sooty_Albatross_0017_796349.jpg,3,2,003.Sooty_Albatross,1,0,random_erasing,random_erasing,0,"{""area_fraction"":0.126093,""erased"":true,""height"":0.463941,""left"":0.2715,""top"":0.213429,""width"":0.271786}",1.8027105,1.330166,-0.47254455,0.16485144,0.26443338,0.51552582,0.18596289,-0.35067438,0.078470498,0.42914487,0.70164762,0.91672366,137.79369,126.31874,False,0.97706854,False,False,True,0.70164762,0.91672366,137.79369,126.31874,0.69114142,0.91909173,134.46155,123.5825,0.92439639,0.86818315,30.119656,26.149378,0.40543177,1.5170527,32.016779,48.57114,0.65350526,0.82344693,63.524431,52.308998,0.75785075,0.88709372,78.557393,69.68777,0.71994644,0.88839211,60.27265,53.545747,0.78693138,0.87356025,56.704713,49.534983
0b_random_erasing_best,file,18,baseline_random_erasing,1017,019.Gray_Catbird/Gray_Catbird_0080_20139.jpg,19,18,019.Gray_Catbird,193,192,identity,identity,0,{},2.8560939,2.8560939,0,0.057492901,0.057492901,0.6036616,0.6036616,-0.5461687,-0.5461687,0,1,1,159.25982,159.25982,False,1.0000001,True,False,False,1,1,159.25982,159.25982,1,1,156.38204,156.38204,1,1,30.138811,30.138811,1,1,43.286749,43.286749,1,1,81.687387,81.687387,1,1,74.276282,74.276282,1,1,69.212562,69.212562,1,1,74.842678,74.842678
0b_random_erasing_best,file,18,baseline_random_erasing,1017,019.Gray_Catbird/Gray_Catbird_0080_20139.jpg,19,18,019.Gray_Catbird,193,192,random_erasing,random_erasing,0,"{""area_fraction"":0.19723,""erased"":true,""height"":0.28908,""left"":0.031042,""top"":0.08304,""width"":0.682269}",2.8560939,1.0280801,-1.8280138,0.057492901,0.35769305,0.6036616,0.15866749,-0.5461687,0.19902556,0.74519425,0.80910291,0.67046836,159.25982,106.77867,False,0.954934,False,False,True,0.80910291,0.67046836,159.25982,106.77867,0.8061208,0.67232197,156.38204,105.13908,0.89910641,0.61847916,30.138811,18.640227,0.84723427,0.73943777,43.286749,32.007857,0.85881187,0.70839514,81.687387,57.866948,0.80286706,0.67129233,74.276282,49.861098,0.76462694,0.63835,69.212562,44.181839,0.76429102,0.63279494,74.842678,47.360068
0b_random_erasing_best,file,18,baseline_random_erasing,671,013.Bobolink/Bobolink_0101_9811.jpg,13,12,013.Bobolink,10,9,identity,identity,0,{},0.0054412596,0.0054412596,0,0.99457353,0.99457353,0.003128672,0.003128672,0.99144486,0.99144486,0,1,1,0.72321429,0.72321429,False,0.99999994,True,True,True,1,1,0.72321429,0.72321429,1,1,0.69483713,0.69483713,1,1,0.20059977,0.20059977,1,1,0.14648965,0.14648965,1,1,0.2552113,0.2552113,1,1,0.33915997,0.33915997,1,1,0.35416246,0.35416246,1,1,0.39464678,0.39464678
0b_random_erasing_best,file,18,baseline_random_erasing,671,013.Bobolink/Bobolink_0101_9811.jpg,13,12,013.Bobolink,10,9,random_erasing,random_erasing,0,"{""area_fraction"":0.143513,""erased"":true,""height"":0.648322,""left"":0.474126,""top"":0.255888,""width"":0.22136}",0.0054412596,0.0037420029,-0.0016992567,0.99457353,0.99626499,0.003128672,0.0019513911,0.99144486,0.9943136,0.0028687415,0.94335865,0.68249342,0.72321429,0.49358899,False,0.99532527,True,True,True,0.94335865,0.68249342,0.72321429,0.49358899,0.93928337,0.68231299,0.69483713,0.4740964,0.99209124,0.68465449,0.20059977,0.13734153,0.94027151,0.68161036,0.14648965,0.099848861,0.90939984,0.71711172,0.2552113,0.18301502,0.94470069,0.69394884,0.33915997,0.23535967,0.93727725,0.66028683,0.35416246,0.23384881,0.95092282,0.67624428,0.39464678,0.26687763
0b_random_erasing_best,file,18,baseline_random_erasing,151,003.Sooty_Albatross/Sooty_Albatross_0075_796352.jpg,3,2,003.Sooty_Albatross,9,8,identity,identity,0,{},1.5286651,1.5286651,0,0.21682493,0.21682493,0.1278809,0.1278809,0.088944033,0.088944033,0,1,1,126.32147,126.32147,False,0.99999994,True,True,True,1,1,126.32147,126.32147,1,1,124.90331,124.90331,1,1,18.875242,18.875242,1,1,42.849782,42.849782,1,1,58.823114,58.823114,1,1,67.572533,67.572533,1,1,55.219938,55.219938,1,1,51.858333,51.858333
0b_random_erasing_best,file,18,baseline_random_erasing,151,003.Sooty_Albatross/Sooty_Albatross_0075_796352.jpg,3,2,003.Sooty_Albatross,9,8,random_erasing,random_erasing,0,"{""area_fraction"":0.114767,""erased"":true,""height"":0.361091,""left"":0.056065,""top"":0.578417,""width"":0.317834}",1.5286651,1.1529878,-0.37567723,0.21682493,0.3156921,0.1278809,0.27339378,0.088944033,0.042298317,-0.046645716,0.83150007,0.86421163,126.32147,109.16848,False,0.96378791,True,True,True,0.83150007,0.86421163,126.32147,109.16848,0.82911057,0.8606603,124.90331,107.49932,0.93095165,1.0075184,18.875242,19.017153,0.62196566,0.74074969,42.849782,31.740963,0.85226064,0.87447076,58.823114,51.439093,0.8729308,0.84266919,67.572533,56.941292,0.84378929,0.90195817,55.219938,49.806074,0.83778294,0.90028047,51.858333,46.687044
0b_random_erasing_best,file,18,baseline_random_erasing,4617,080.Green_Kingfisher/Green_Kingfisher_0010_71191.jpg,80,79,080.Green_Kingfisher,79,78,identity,identity,0,{},2.3783004,2.3783004,0,0.092708007,0.092708007,0.46656469,0.46656469,-0.37385668,-0.37385668,0,1,1,102.97925,102.97925,False,1,True,False,False,1,1,102.97925,102.97925,1,1,99.259717,99.259717,1,1,27.426878,27.426878,1,1,28.021895,28.021895,1,1,41.298236,41.298236,1,1,48.942247,48.942247,1,1,45.461284,45.461284,1,1,53.848385,53.848385
0b_random_erasing_best,file,18,baseline_random_erasing,4617,080.Green_Kingfisher/Green_Kingfisher_0010_71191.jpg,80,79,080.Green_Kingfisher,79,78,random_erasing,random_erasing,0,"{""area_fraction"":0.150086,""erased"":true,""height"":0.627504,""left"":0.463518,""top"":0.160866,""width"":0.23918}",2.3783004,4.3177719,1.9394715,0.092708007,0.013329551,0.46656469,0.040284768,-0.37385668,-0.026955217,0.34690146,0.49778104,1.4392561,102.97925,148.2135,False,0.9450841,False,False,False,0.49778104,1.4392561,102.97925,148.2135,0.48081081,1.4528317,99.259717,144.20766,0.76196492,1.2478866,27.426878,34.225634,0.44572974,1.0895996,28.021895,30.532647,0.34636865,1.3757144,41.298236,56.814577,0.40525785,1.3401236,48.942247,65.588659,0.52336604,1.6672829,45.461284,75.79682,0.59116916,1.5073931,53.848385,81.170686
0b_random_erasing_best,file,18,baseline_random_erasing,7287,125.Lincoln_Sparrow/Lincoln_Sparrow_0070_117342.jpg,125,124,125.Lincoln_Sparrow,131,130,identity,identity,0,{},4.0312681,4.0312681,0,0.017751805,0.017751805,0.82360452,0.82360452,-0.80585272,-0.80585272,0,1,1,206.11734,206.11734,False,0.99999994,True,False,False,1,1,206.11734,206.11734,1,1,202.29617,202.29617,1,1,39.504642,39.504642,1,1,35.92756,35.92756,1,1,98.469067,98.469067,1,1,124.13689,124.13689,1,1,85.547239,85.547239,1,1,84.902864,84.902864
0b_random_erasing_best,file,18,baseline_random_erasing,7287,125.Lincoln_Sparrow/Lincoln_Sparrow_0070_117342.jpg,125,124,125.Lincoln_Sparrow,131,130,random_erasing,random_erasing,0,"{""area_fraction"":0.161938,""erased"":true,""height"":0.437037,""left"":0.33048,""top"":0.519677,""width"":0.370536}",4.0312681,3.229346,-0.80192208,0.017751805,0.039583378,0.82360452,0.72238314,-0.80585272,-0.68279976,0.12305295,0.91792389,0.91475147,206.11734,188.54614,False,0.98831809,True,False,False,0.91792389,0.91475147,206.11734,188.54614,0.91528273,0.91448066,202.29617,184.99594,0.98665899,0.92182433,39.504642,36.41634,0.84185063,0.81574625,35.92756,29.307773,0.89605678,0.91015538,98.469067,89.622151,0.92949464,0.89873937,124.13689,111.56671,0.92078581,0.93021328,85.547239,79.577177,0.91926616,0.95343234,84.902864,80.949137
0b_random_erasing_best,file,18,baseline_random_erasing,9512,162.Canada_Warbler/Canada_Warbler_0016_162411.jpg,162,161,162.Canada_Warbler,169,168,identity,identity,0,{},0.040905494,0.040905494,0,0.95991987,0.95991987,0.034658402,0.034658402,0.92526147,0.92526147,0,1,1,6.8406569,6.8406569,False,1.0000001,True,True,True,1,1,6.8406569,6.8406569,1,1,6.6315485,6.6315485,1,1,1.6784372,1.6784372,1,1,1.1041532,1.1041532,1,1,2.6823158,2.6823158,1,1,3.3990816,3.3990816,1,1,3.2825762,3.2825762,1,1,3.6379115,3.6379115
0b_random_erasing_best,file,18,baseline_random_erasing,9512,162.Canada_Warbler/Canada_Warbler_0016_162411.jpg,162,161,162.Canada_Warbler,169,168,random_erasing,random_erasing,0,"{""area_fraction"":0.153151,""erased"":true,""height"":0.367475,""left"":0.439885,""top"":0.352996,""width"":0.416766}",0.040905494,0.9748075,0.93390201,0.95991987,0.37726498,0.034658402,0.059951026,0.92526147,0.31731395,-0.60794752,0.43432159,18.885652,6.8406569,129.19027,False,0.8236931,True,True,True,0.43432159,18.885652,6.8406569,129.19027,0.42686299,19.087299,6.6315485,126.57835,0.58819109,15.399201,1.6784372,25.846592,0.35082245,19.115325,1.1041532,21.106247,0.37977535,20.369876,2.6823158,54.63844,0.38774876,20.365017,3.3990816,69.222356,0.48002052,19.391223,3.2825762,63.653167,0.4622411,16.828105,3.6379115,61.219158
0b_random_erasing_best,file,18,baseline_random_erasing,10901,185.Bohemian_Waxwing/Bohemian_Waxwing_0114_177621.jpg,185,184,185.Bohemian_Waxwing,62,61,identity,identity,0,{},0.85324085,0.85324085,0,0.42603198,0.42603198,0.12017812,0.12017812,0.30585386,0.30585386,0,1,1,82.855836,82.855836,False,1.0000001,True,True,True,1,1,82.855836,82.855836,1,1,80.396189,80.396189,1,1,20.038523,20.038523,1,1,16.75788,16.75788,1,1,30.176181,30.176181,1,1,43.296991,43.296991,1,1,38.73737,38.73737,1,1,43.553479,43.553479
0b_random_erasing_best,file,18,baseline_random_erasing,10901,185.Bohemian_Waxwing/Bohemian_Waxwing_0114_177621.jpg,185,184,185.Bohemian_Waxwing,62,61,random_erasing,random_erasing,0,"{""area_fraction"":0.106903,""erased"":true,""height"":0.206392,""left"":0.088282,""top"":0.052968,""width"":0.517959}",0.85324085,1.2856033,0.43236244,0.42603198,0.27648371,0.12017812,0.49662724,0.30585386,-0.22014353,-0.52599739,0.81723545,1.5108517,82.855836,125.18288,False,0.98101735,False,True,False,0.81723545,1.5108517,82.855836,125.18288,0.81256053,1.5071065,80.396189,121.16562,0.89011602,1.569908,20.038523,31.458639,0.76961214,1.4506838,16.75788,24.310385,0.75527007,1.5250868,30.176181,46.021294,0.84344106,1.5030472,43.296991,65.077423,0.82454446,1.5188829,38.73737,58.837531,0.8066388,1.5012628,43.553479,65.385217
0b_random_erasing_best,file,18,baseline_random_erasing,3701,064.Ring_billed_Gull/Ring_Billed_Gull_0017_51412.jpg,64,63,064.Ring_billed_Gull,59,58,identity,identity,0,{},1.222237,1.222237,0,0.29457048,0.29457048,0.3148827,0.3148827,-0.02031222,-0.02031222,0,1,1,113.10181,113.10181,False,1,True,False,False,1,1,113.10181,113.10181,1,1,109.97297,109.97297,1,1,26.419028,26.419028,1,1,30.484612,30.484612,1,1,44.337536,44.337536,1,1,62.452679,62.452679,1,1,51.14778,51.14778,1,1,51.792789,51.792789
0b_random_erasing_best,file,18,baseline_random_erasing,3701,064.Ring_billed_Gull/Ring_Billed_Gull_0017_51412.jpg,64,63,064.Ring_billed_Gull,59,58,random_erasing,random_erasing,0,"{""area_fraction"":0.103147,""erased"":true,""height"":0.212399,""left"":0.257321,""top"":0.710602,""width"":0.485628}",1.222237,0.3837418,-0.83849519,0.29457048,0.68130732,0.3148827,0.20211212,-0.02031222,0.47919519,0.49950741,0.79992502,0.44843161,113.10181,50.718427,False,0.97604108,False,False,True,0.79992502,0.44843161,113.10181,50.718427,0.79004461,0.44586409,109.97297,49.032999,0.95892486,0.49079242,26.419028,12.966259,0.76770179,0.36386336,30.484612,11.092233,0.66078885,0.43656979,44.337536,19.356429,0.80362534,0.44563455,62.452679,27.831072,0.80436571,0.44260794,51.14778,22.638414,0.85743247,0.48054849,51.792789,24.888947
0b_random_erasing_best,file,18,baseline_random_erasing,4894,084.Red_legged_Kittiwake/Red_Legged_Kittiwake_0021_73808.jpg,84,83,084.Red_legged_Kittiwake,45,44,identity,identity,0,{},0.44143957,0.44143957,0,0.64310998,0.64310998,0.22037365,0.22037365,0.42273633,0.42273633,0,1,1,73.358982,73.358982,False,0.99999994,True,True,True,1,1,73.358982,73.358982,1,1,72.318969,72.318969,1,1,12.308818,12.308818,1,1,17.624941,17.624941,1,1,39.277917,39.277917,1,1,42.474882,42.474882,1,1,29.490925,29.490925,1,1,26.510558,26.510558
0b_random_erasing_best,file,18,baseline_random_erasing,4894,084.Red_legged_Kittiwake/Red_Legged_Kittiwake_0021_73808.jpg,84,83,084.Red_legged_Kittiwake,45,44,random_erasing,random_erasing,0,"{""area_fraction"":0.132335,""erased"":true,""height"":0.300599,""left"":0.478366,""top"":0.271429,""width"":0.440238}",0.44143957,0.8678143,0.42637473,0.64310998,0.41986823,0.22037365,0.40411061,0.42273633,0.01575762,-0.40697871,0.94655298,1.5656466,73.358982,114.85424,False,0.98961145,True,True,True,0.94655298,1.5656466,73.358982,114.85424,0.9454222,1.559593,72.318969,112.78816,0.98793096,1.7619123,12.308818,21.687058,0.93981361,1.4303853,17.624941,25.210457,0.95455784,1.5446463,39.277917,60.670488,0.94699099,1.5068956,42.474882,64.005211,0.93821124,1.6196183,29.490925,47.764042,0.94110407,1.6981168,26.510558,45.018023
0b_random_erasing_best,file,18,baseline_random_erasing,7407,127.Savannah_Sparrow/Savannah_Sparrow_0008_118929.jpg,127,126,127.Savannah_Sparrow,129,128,identity,identity,0,{},2.4311645,2.4311645,0,0.087934367,0.087934367,0.61008322,0.61008322,-0.52214886,-0.52214886,0,1,1,167.56842,167.56842,False,1,True,False,False,1,1,167.56842,167.56842,1,1,165.34302,165.34302,1,1,27.218713,27.218713,1,1,29.431693,29.431693,1,1,93.772482,93.772482,1,1,90.539403,90.539403,1,1,72.233351,72.233351,1,1,65.297567,65.297567
0b_random_erasing_best,file,18,baseline_random_erasing,7407,127.Savannah_Sparrow/Savannah_Sparrow_0008_118929.jpg,127,126,127.Savannah_Sparrow,129,128,random_erasing,random_erasing,0,"{""area_fraction"":0.159387,""erased"":true,""height"":0.354332,""left"":0.085324,""top"":0.106609,""width"":0.449822}",2.4311645,2.2032466,-0.22791791,0.087934367,0.110444,0.61008322,0.04465488,-0.52214886,0.065789122,0.58793798,0.41283797,0.85177339,167.56842,142.73032,False,0.8953802,False,False,False,0.41283797,0.85177339,167.56842,142.73032,0.40392115,0.84917536,165.34302,140.40522,0.71143585,0.94264906,27.218713,25.657694,0.27413738,0.87292455,29.431693,25.691647,0.63440351,0.79346945,93.772482,74.4056,0.19165169,0.74528032,90.539403,67.477236,0.32745093,0.94305106,72.233351,68.119738,0.45678172,1.0070259,65.297567,65.756341
0b_random_erasing_best,file,18,baseline_random_erasing,4422,076.Dark_eyed_Junco/Dark_Eyed_Junco_0089_68498.jpg,76,75,076.Dark_eyed_Junco,119,118,identity,identity,0,{},0.084961601,0.084961601,0,0.91854757,0.91854757,0.012133225,0.012133225,0.90641435,0.90641435,0,1,1,16.071226,16.071226,False,1,True,True,True,1,1,16.071226,16.071226,1,1,15.866417,15.866417,1,1,2.5575596,2.5575596,1,1,4.0238138,4.0238138,1,1,7.6106763,7.6106763,1,1,9.0245455,9.0245455,1,1,7.2319901,7.2319901,1,1,6.6246211,6.6246211
0b_random_erasing_best,file,18,baseline_random_erasing,4422,076.Dark_eyed_Junco/Dark_Eyed_Junco_0089_68498.jpg,76,75,076.Dark_eyed_Junco,119,118,random_erasing,random_erasing,0,"{""area_fraction"":0.183919,""erased"":true,""height"":0.399791,""left"":0.202709,""top"":0.151197,""width"":0.460038}",0.084961601,1.1715649,1.0866033,0.91854757,0.3098816,0.012133225,0.0025124562,0.90641435,0.30736914,-0.5990452,0.57337083,6.6363189,16.071226,106.65378,False,0.88813424,True,True,True,0.57337083,6.6363189,16.071226,106.65378,0.56405303,6.5509456,15.866417,103.94003,0.85995966,9.3472011,2.5575596,23.906024,0.67854152,5.9013509,4.0238138,23.745937,0.50891728,6.0449052,7.6106763,46.005816,0.5420228,6.288006,9.0245455,56.746396,0.55577929,6.8224452,7.2319901,49.339856,0.64196069,7.499978,6.6246211,49.684512
0b_random_erasing_best,file,18,baseline_random_erasing,6208,107.Common_Raven/Common_Raven_0010_101390.jpg,107,106,107.Common_Raven,30,29,identity,identity,0,{},0.57540405,0.57540405,0,0.56247753,0.56247753,0.24043138,0.24043138,0.32204615,0.32204615,0,1,1,64.279948,64.279948,False,1,True,True,True,1,1,64.279948,64.279948,1,1,62.139409,62.139409,1,1,16.450092,16.450092,1,1,21.298752,21.298752,1,1,27.447522,27.447522,1,1,30.693208,30.693208,1,1,27.615574,27.615574,1,1,30.815742,30.815742
0b_random_erasing_best,file,18,baseline_random_erasing,6208,107.Common_Raven/Common_Raven_0010_101390.jpg,107,106,107.Common_Raven,30,29,random_erasing,random_erasing,0,"{""area_fraction"":0.145836,""erased"":true,""height"":0.626816,""left"":0.544325,""top"":0.130116,""width"":0.232662}",0.57540405,1.7068329,1.1314288,0.56247753,0.1814395,0.24043138,0.59501088,0.32204615,-0.41357137,-0.73561752,0.8594224,2.0794878,64.279948,133.66937,False,0.96035928,False,True,False,0.8594224,2.0794878,64.279948,133.66937,0.85395462,2.0772418,62.139409,129.07858,0.93629105,2.1112761,16.450092,34.730686,0.88687577,1.6468183,21.298752,35.075176,0.83744063,2.0588733,27.447522,56.510969,0.8912543,2.2266513,30.693208,68.343072,0.83729047,2.1175958,27.615574,58.478624,0.83965612,2.0897496,30.815742,64.397185
0b_random_erasing_best,file,18,baseline_random_erasing,7375,126.Nelson_Sharp_tailed_Sparrow/Nelson_Sharp_Tailed_Sparrow_0017_796910.jpg,126,125,126.Nelson_Sharp_tailed_Sparrow,123,122,identity,identity,0,{},0.87781799,0.87781799,0,0.41568896,0.41568896,0.30807105,0.30807105,0.10761791,0.10761791,0,1,1,89.91153,89.91153,False,1,True,True,True,1,1,89.91153,89.91153,1,1,87.874952,87.874952,1,1,19.028295,19.028295,1,1,13.399245,13.399245,1,1,34.455338,34.455338,1,1,51.177108,51.177108,1,1,42.76087,42.76087,1,1,43.677325,43.677325
0b_random_erasing_best,file,18,baseline_random_erasing,7375,126.Nelson_Sharp_tailed_Sparrow/Nelson_Sharp_Tailed_Sparrow_0017_796910.jpg,126,125,126.Nelson_Sharp_tailed_Sparrow,123,122,random_erasing,random_erasing,0,"{""area_fraction"":0.185203,""erased"":true,""height"":0.239459,""left"":0.103605,""top"":0.365566,""width"":0.773424}",0.87781799,1.4616435,0.58382547,0.41568896,0.23185493,0.30807105,0.13596112,0.10761791,0.095893815,-0.0117241,0.6476777,1.5699708,89.91153,141.15847,False,0.95438844,False,True,False,0.6476777,1.5699708,89.91153,141.15847,0.63988691,1.567106,87.874952,137.70936,0.80791004,1.62987,19.028295,31.013647,0.69758181,1.8303089,13.399245,24.524757,0.65259593,1.8305958,34.455338,63.073797,0.63381794,1.5353586,51.177108,78.575214,0.61517245,1.5312246,42.76087,65.476496,0.66705074,1.4339884,43.677325,62.632779
0b_random_erasing_best,file,18,baseline_random_erasing,3555,062.Herring_Gull/Herring_Gull_0094_47172.jpg,62,61,062.Herring_Gull,64,63,identity,identity,0,{},4.818687,4.818687,0,0.0080773868,0.0080773868,0.96624917,0.96624917,-0.95817178,-0.95817178,0,1,1,221.78442,221.78442,False,1,True,False,False,1,1,221.78442,221.78442,1,1,216.25763,216.25763,1,1,49.203323,49.203323,1,1,55.222833,55.222833,1,1,105.48239,105.48239,1,1,124.94549,124.94549,1,1,91.917896,91.917896,1,1,92.363366,92.363366
0b_random_erasing_best,file,18,baseline_random_erasing,3555,062.Herring_Gull/Herring_Gull_0094_47172.jpg,62,61,062.Herring_Gull,64,63,random_erasing,random_erasing,0,"{""area_fraction"":0.19533,""erased"":true,""height"":0.595657,""left"":0.295209,""top"":0.294094,""width"":0.327923}",4.818687,4.2630439,-0.55564308,0.0080773868,0.014079383,0.96624917,0.92303461,-0.95817178,-0.90895523,0.049216555,0.82626258,0.86108588,221.78442,190.97544,False,0.97267187,True,False,False,0.82626258,0.86108588,221.78442,190.97544,0.81799468,0.85139196,216.25763,184.12001,0.97242873,1.0306084,49.203323,50.709358,0.59472856,0.74376024,55.222833,41.072547,0.80883208,0.76144385,105.48239,80.318918,0.84066693,0.80075286,124.94549,100.05046,0.83000357,0.94448981,91.917896,86.815516,0.86441035,0.98130903,92.363366,90.637005
0b_random_erasing_best,file,18,baseline_random_erasing,9793,167.Hooded_Warbler/Hooded_Warbler_0021_165057.jpg,167,166,167.Hooded_Warbler,157,156,identity,identity,0,{},2.8727651,2.8727651,0,0.05654237,0.05654237,0.28112894,0.28112894,-0.22458657,-0.22458657,0,1,1,114.67692,114.67692,False,1,True,False,False,1,1,114.67692,114.67692,1,1,112.45546,112.45546,1,1,22.46256,22.46256,1,1,21.454376,21.454376,1,1,49.422375,49.422375,1,1,63.901215,63.901215,1,1,53.27535,53.27535,1,1,53.120058,53.120058
0b_random_erasing_best,file,18,baseline_random_erasing,9793,167.Hooded_Warbler/Hooded_Warbler_0021_165057.jpg,167,166,167.Hooded_Warbler,157,156,random_erasing,random_erasing,0,"{""area_fraction"":0.07743,""erased"":true,""height"":0.308277,""left"":0.274719,""top"":0.056398,""width"":0.251171}",2.8727651,2.6605644,-0.21220064,0.05654237,0.069908746,0.28112894,0.3305819,-0.22458657,-0.26067316,-0.036086585,0.94193668,1.0282588,114.67692,117.91756,False,0.99250686,True,False,False,0.94193668,1.0282588,114.67692,117.91756,0.94003999,1.0289913,112.45546,115.71568,0.99054337,1.009727,22.46256,22.681054,0.92958284,1.0512267,21.454376,22.553414,0.8957015,1.0660807,49.422375,52.68824,0.95588864,1.0086656,63.901215,64.454959,0.94854674,1.0173216,53.27535,54.198164,0.95145552,1.0334256,53.120058,54.895626
0b_random_erasing_best,file,18,baseline_random_erasing,303,006.Least_Auklet/Least_Auklet_0010_795092.jpg,6,5,006.Least_Auklet,7,6,identity,identity,0,{},0.0040070489,0.0040070489,0,0.99600095,0.99600095,0.0039213286,0.0039213286,0.99207962,0.99207962,0,1,1,1.2038477,1.2038477,False,1,True,True,True,1,1,1.2038477,1.2038477,1,1,1.186324,1.186324,1,1,0.2046579,0.2046579,1,1,0.34189379,0.34189379,1,1,0.50953153,0.50953153,1,1,0.75271096,0.75271096,1,1,0.52046073,0.52046073,1,1,0.43976995,0.43976995
0b_random_erasing_best,file,18,baseline_random_erasing,303,006.Least_Auklet/Least_Auklet_0010_795092.jpg,6,5,006.Least_Auklet,7,6,random_erasing,random_erasing,0,"{""area_fraction"":0.056395,""erased"":true,""height"":0.242631,""left"":0.680695,""top"":0.27176,""width"":0.232429}",0.0040070489,0.0014490115,-0.0025580374,0.99600095,0.99855202,0.0039213286,0.0014142215,0.99207962,0.9971378,0.0050581859,0.96520935,0.3551923,1.2038477,0.42759745,False,0.9951213,True,True,True,0.96520935,0.3551923,1.2038477,0.42759745,0.96432418,0.3544599,1.186324,0.42050427,0.99512067,0.37897953,0.2046579,0.077561155,0.96229815,0.35688693,0.34189379,0.12201743,0.9472599,0.34063033,0.50953153,0.17356189,0.97106887,0.35201455,0.75271096,0.26496521,0.96567512,0.35996799,0.52046073,0.1873492,0.96804209,0.37020568,0.43976995,0.16280533
0b_random_erasing_best,file,18,baseline_random_erasing,9474,162.Canada_Warbler/Canada_Warbler_0121_162310.jpg,162,161,162.Canada_Warbler,169,168,identity,identity,0,{},0.047069188,0.047069188,0,0.95402139,0.95402139,0.012328681,0.012328681,0.94169271,0.94169271,0,1,1,6.9320935,6.9320935,False,0.99999988,True,True,True,1,1,6.9320935,6.9320935,1,1,6.7439355,6.7439355,1,1,1.6041368,1.6041368,1,1,1.3076978,1.3076978,1,1,2.8074444,2.8074444,1,1,3.5040426,3.5040426,1,1,3.0407303,3.0407303,1,1,3.7900519,3.7900519
0b_random_erasing_best,file,18,baseline_random_erasing,9474,162.Canada_Warbler/Canada_Warbler_0121_162310.jpg,162,161,162.Canada_Warbler,169,168,random_erasing,random_erasing,0,"{""area_fraction"":0.073077,""erased"":true,""height"":0.165461,""left"":0.327227,""top"":0.050134,""width"":0.441661}",0.047069188,0.044314653,-0.0027545355,0.95402139,0.95665288,0.012328681,0.013223059,0.94169271,0.94342982,0.0017371066,0.9710028,0.93601136,6.9320935,6.4885183,False,0.99695361,True,True,True,0.9710028,0.93601136,6.9320935,6.4885183,0.96958278,0.93582887,6.7439355,6.3111696,0.99601596,0.93923082,1.6041368,1.5066547,0.96121731,0.94015381,1.3076978,1.2294371,0.95128002,0.92216124,2.8074444,2.5889164,0.97305064,0.91098884,3.5040426,3.1921437,0.97089616,0.95874245,3.0407303,2.9152772,0.97725083,0.9486903,3.7900519,3.5955855
0b_random_erasing_best,file,18,baseline_random_erasing,4449,077.Tropical_Kingbird/Tropical_Kingbird_0060_69942.jpg,77,76,077.Tropical_Kingbird,38,37,identity,identity,0,{},0.044586375,0.044586375,0,0.956393,0.956393,0.040115207,0.040115207,0.9162778,0.9162778,0,1,1,5.9019119,5.9019119,False,1,True,True,True,1,1,5.9019119,5.9019119,1,1,5.6010872,5.6010872,1,1,1.8602112,1.8602112,1,1,1.0935105,1.0935105,1,1,2.0609502,2.0609502,1,1,2.9059148,2.9059148,1,1,2.7249157,2.7249157,1,1,3.1716543,3.1716543
0b_random_erasing_best,file,18,baseline_random_erasing,4449,077.Tropical_Kingbird/Tropical_Kingbird_0060_69942.jpg,77,76,077.Tropical_Kingbird,38,37,random_erasing,random_erasing,0,"{""area_fraction"":0.092117,""erased"":true,""height"":0.355637,""left"":0.457851,""top"":0.378745,""width"":0.259021}",0.044586375,0.12249673,0.077910356,0.956393,0.88470882,0.040115207,0.0768895,0.9162778,0.80781932,-0.10845847,0.79086105,2.583921,5.9019119,15.250074,False,0.95646203,True,True,True,0.79086105,2.583921,5.9019119,15.250074,0.77550175,2.5949708,5.6010872,14.534658,0.93719253,2.4814984,1.8602112,4.616111,0.70209059,2.22505,1.0935105,2.4331155,0.77057214,3.1989673,2.0609502,6.5929122,0.7894056,2.4771536,2.9059148,7.1983973,0.75532105,2.607235,2.7249157,7.1044954,0.80307093,2.4336639,3.1716543,7.7187406
0b_random_erasing_best,file,18,baseline_random_erasing,4363,075.Green_Jay/Green_Jay_0095_65881.jpg,75,74,075.Green_Jay,16,15,identity,identity,0,{},0.028364465,0.028364465,0,0.97203404,0.97203404,0.018553609,0.018553609,0.95348043,0.95348043,0,1,1,4.8507512,4.8507512,False,1,True,True,True,1,1,4.8507512,4.8507512,1,1,4.7187781,4.7187781,1,1,1.1237975,1.1237975,1,1,0.9440963,0.9440963,1,1,2.2165047,2.2165047,1,1,2.548999,2.548999,1,1,2.0347754,2.0347754,1,1,2.4134931,2.4134931
0b_random_erasing_best,file,18,baseline_random_erasing,4363,075.Green_Jay/Green_Jay_0095_65881.jpg,75,74,075.Green_Jay,16,15,random_erasing,random_erasing,0,"{""area_fraction"":0.106159,""erased"":true,""height"":0.207897,""left"":0.29126,""top"":0.305862,""width"":0.510633}",0.028364465,0.061008375,0.03264391,0.97203404,0.94081539,0.018553609,0.037465204,0.95348043,0.90335019,-0.050130242,0.89687675,2.2942248,4.8507512,11.128714,False,0.98694307,True,True,True,0.89687675,2.2942248,4.8507512,11.128714,0.89206417,2.2971607,4.7187781,10.839792,0.98407536,2.2418291,1.1237975,2.5193618,0.89590294,2.3004025,0.9440963,2.1718015,0.89219327,2.3179298,2.2165047,5.1377023,0.88848203,2.3191223,2.548999,5.9114404,0.87232422,2.3234192,2.0347754,4.7276361,0.91053859,2.2348379,2.4134931,5.3937658
0b_random_erasing_best,file,18,baseline_random_erasing,6394,110.Geococcyx/Geococcyx_0091_104301.jpg,110,109,110.Geococcyx,150,149,identity,identity,0,{},0.0097010126,0.0097010126,0,0.9903459,0.9903459,0.0023897912,0.0023897912,0.9879561,0.9879561,0,1,1,1.1456622,1.1456622,False,1,True,True,True,1,1,1.1456622,1.1456622,1,1,1.1069674,1.1069674,1,1,0.2952374,0.2952374,1,1,0.13889915,0.13889915,1,1,0.44012993,0.44012993,1,1,0.61095965,0.61095965,1,1,0.48798711,0.48798711,1,1,0.63321907,0.63321907
0b_random_erasing_best,file,18,baseline_random_erasing,6394,110.Geococcyx/Geococcyx_0091_104301.jpg,110,109,110.Geococcyx,150,149,random_erasing,random_erasing,0,"{""area_fraction"":0.173073,""erased"":true,""height"":0.475684,""left"":0.342688,""top"":0.50095,""width"":0.363841}",0.0097010126,0.013002021,0.0033010086,0.9903459,0.98708212,0.0023897912,0.0014318224,0.9879561,0.9856503,-0.0023058028,0.90165769,1.3680447,1.1456622,1.5673172,False,0.98162967,True,True,True,0.90165769,1.3680447,1.1456622,1.5673172,0.89752537,1.3772848,1.1069674,1.5246094,0.97202547,1.2308268,0.2952374,0.36338609,0.83169157,1.6276753,0.13889915,0.22608272,0.89437105,1.4924113,0.44012993,0.6568549,0.9172112,1.3422571,0.61095965,0.82006492,0.86315864,1.3310549,0.48798711,0.64953763,0.90770641,1.3653341,0.63321907,0.86455558
0b_random_erasing_best,file,18,baseline_random_erasing,5235,090.Red_breasted_Merganser/Red_Breasted_Merganser_0016_79476.jpg,90,89,090.Red_breasted_Merganser,50,49,identity,identity,0,{},0.016271643,0.016271643,0,0.98386002,0.98386002,0.0078726206,0.0078726206,0.9759874,0.9759874,0,1,1,2.6723158,2.6723158,False,1,True,True,True,1,1,2.6723158,2.6723158,1,1,2.6231148,2.6231148,1,1,0.51043181,0.51043181,1,1,0.5736503,0.5736503,1,1,1.1394412,1.1394412,1,1,1.4138869,1.4138869,1,1,1.281502,1.281502,1,1,1.2696483,1.2696483
0b_random_erasing_best,file,18,baseline_random_erasing,5235,090.Red_breasted_Merganser/Red_Breasted_Merganser_0016_79476.jpg,90,89,090.Red_breasted_Merganser,50,49,random_erasing,random_erasing,0,"{""area_fraction"":0.179835,""erased"":true,""height"":0.276701,""left"":0.058431,""top"":0.566492,""width"":0.649924}",0.016271643,0.019733535,0.0034618918,0.98386002,0.98045987,0.0078726206,0.011483581,0.9759874,0.96897629,-0.0070111072,0.79449963,1.2107067,2.6723158,3.2353907,False,0.97785163,True,True,True,0.79449963,1.2107067,2.6723158,3.2353907,0.78753733,1.2084241,2.6231148,3.1698353,0.97045275,1.2695031,0.51043181,0.64799474,0.71685349,1.1146844,0.5736503,0.63943905,0.77495859,1.1790414,1.1394412,1.3434483,0.78766067,1.2257494,1.4138869,1.733071,0.76280482,1.2004835,1.281502,1.538422,0.83549994,1.2362976,1.2696483,1.5696632
0b_random_erasing_best,file,18,baseline_random_erasing,9193,157.Yellow_throated_Vireo/Yellow_Throated_Vireo_0012_794977.jpg,157,156,157.Yellow_throated_Vireo,175,174,identity,identity,0,{},0.2888363,0.2888363,0,0.74913484,0.74913484,0.2395145,0.2395145,0.50962034,0.50962034,0,1,1,38.050725,38.050725,False,0.99999994,True,True,True,1,1,38.050725,38.050725,1,1,36.841461,36.841461,1,1,9.5165319,9.5165319,1,1,7.7462737,7.7462737,1,1,17.477772,17.477772,1,1,20.126942,20.126942,1,1,16.72305,16.72305,1,1,17.523179,17.523179
0b_random_erasing_best,file,18,baseline_random_erasing,9193,157.Yellow_throated_Vireo/Yellow_Throated_Vireo_0012_794977.jpg,157,156,157.Yellow_throated_Vireo,175,174,random_erasing,random_erasing,0,"{""area_fraction"":0.083432,""erased"":true,""height"":0.438989,""left"":0.735044,""top"":0.313813,""width"":0.190055}",0.2888363,0.35763523,0.068798929,0.74913484,0.69932812,0.2395145,0.28603271,0.50962034,0.41329542,-0.096324921,0.89695019,1.1544581,38.050725,43.927966,False,0.97648883,True,True,True,0.89695019,1.1544581,38.050725,43.927966,0.89139366,1.1482965,36.841461,42.304922,0.97650805,1.2431482,9.5165319,11.83046,0.9178318,1.1706103,7.7462737,9.0678681,0.91145938,1.1525951,17.477772,20.144794,0.88492588,1.1108311,20.126942,22.357633,0.85951899,1.1379076,16.72305,19.029286,0.90406663,1.1966314,17.523179,20.968786
0b_random_erasing_best,file,18,baseline_random_erasing,3990,069.Rufous_Hummingbird/Rufous_Hummingbird_0064_58509.jpg,69,68,069.Rufous_Hummingbird,197,196,identity,identity,0,{},0.64401144,0.64401144,0,0.52518147,0.52518147,0.1472481,0.1472481,0.37793337,0.37793337,0,1,1,74.516936,74.516936,False,1,True,True,True,1,1,74.516936,74.516936,1,1,72.69873,72.69873,1,1,16.360575,16.360575,1,1,25.299223,25.299223,1,1,36.790392,36.790392,1,1,37.344785,37.344785,1,1,28.277555,28.277555,1,1,33.125046,33.125046
0b_random_erasing_best,file,18,baseline_random_erasing,3990,069.Rufous_Hummingbird/Rufous_Hummingbird_0064_58509.jpg,69,68,069.Rufous_Hummingbird,197,196,random_erasing,random_erasing,0,"{""area_fraction"":0.127496,""erased"":true,""height"":0.255507,""left"":0.105108,""top"":0.718817,""width"":0.498992}",0.64401144,0.84968221,0.20567077,0.52518147,0.42755079,0.1472481,0.20269591,0.37793337,0.22485489,-0.15307848,0.94450995,1.2387676,74.516936,92.309165,False,0.99476671,True,True,True,0.94450995,1.2387676,74.516936,92.309165,0.9421336,1.2394709,72.69873,90.107959,0.99205674,1.2247983,16.360575,20.038405,0.95653656,1.1267107,25.299223,28.504905,0.94748986,1.1556843,36.790392,42.518077,0.93955225,1.2679884,37.344785,47.352756,0.92973823,1.3361865,28.277555,37.784086,0.94928719,1.2911448,33.125046,42.769231
0b_random_erasing_best,file,18,baseline_random_erasing,1790,032.Mangrove_Cuckoo/Mangrove_Cuckoo_0027_26360.jpg,32,31,032.Mangrove_Cuckoo,188,187,identity,identity,0,{},1.9333141,1.9333141,0,0.14466797,0.14466797,0.12782891,0.12782891,0.016839057,0.016839057,0,1,1,136.64537,136.64537,False,0.99999988,True,True,True,1,1,136.64537,136.64537,1,1,133.76971,133.76971,1,1,27.885899,27.885899,1,1,24.763244,24.763244,1,1,65.92043,65.92043,1,1,66.201413,66.201413,1,1,61.86437,61.86437,1,1,68.744352,68.744352
0b_random_erasing_best,file,18,baseline_random_erasing,1790,032.Mangrove_Cuckoo/Mangrove_Cuckoo_0027_26360.jpg,32,31,032.Mangrove_Cuckoo,188,187,random_erasing,random_erasing,0,"{""area_fraction"":0.175302,""erased"":true,""height"":0.654458,""left"":0.487151,""top"":0.33737,""width"":0.267858}",1.9333141,1.9306778,-0.0026363134,0.14466797,0.14504986,0.12782891,0.066397697,0.016839057,0.078652158,0.061813101,0.90070939,1.0671385,136.64537,145.81953,False,0.97986901,False,True,False,0.90070939,1.0671385,136.64537,145.81953,0.89838393,1.0656238,133.76971,142.54819,0.9529533,1.101417,27.885899,30.714004,0.79251616,0.99802392,24.763244,24.714309,0.94193782,1.1583634,65.92043,76.359815,0.91122453,1.104074,66.201413,73.091259,0.87039252,1.0297791,61.86437,63.706633,0.88369546,0.97337632,68.744352,66.914125
0b_random_erasing_best,file,18,baseline_random_erasing,181,004.Groove_billed_Ani/Groove_Billed_Ani_0033_1494.jpg,4,3,004.Groove_billed_Ani,27,26,identity,identity,0,{},4.4619341,4.4619341,0,0.011540024,0.011540024,0.38648736,0.38648736,-0.37494734,-0.37494734,0,1,1,166.40421,166.40421,False,0.99999994,True,False,False,1,1,166.40421,166.40421,1,1,162.65874,162.65874,1,1,35.106931,35.106931,1,1,57.462384,57.462384,1,1,64.62315,64.62315,1,1,79.664056,79.664056,1,1,79.701883,79.701883,1,1,79.252986,79.252986
0b_random_erasing_best,file,18,baseline_random_erasing,181,004.Groove_billed_Ani/Groove_Billed_Ani_0033_1494.jpg,4,3,004.Groove_billed_Ani,27,26,random_erasing,random_erasing,0,"{""area_fraction"":0.105318,""erased"":true,""height"":0.242913,""left"":0.074048,""top"":0.753573,""width"":0.433563}",4.4619341,4.8349638,0.37302971,0.011540024,0.0079469765,0.38648736,0.37931564,-0.37494734,-0.37136867,0.0035786731,0.96203404,0.95598895,166.40421,159.08059,False,0.99530005,True,False,False,0.96203404,0.95598895,166.40421,159.08059,0.96055839,0.95268414,162.65874,154.9624,0.99390664,1.0243649,35.106931,35.962309,0.97532717,0.97791825,57.462384,56.193514,0.95079033,0.93841299,64.62315,60.643204,0.95406067,0.91680487,79.664056,73.036395,0.95987777,0.95244197,79.701883,75.911419,0.9672282,0.98396176,79.252986,77.981908
0b_random_erasing_best,file,18,baseline_random_erasing,710,013.Bobolink/Bobolink_0133_9618.jpg,13,12,013.Bobolink,10,9,identity,identity,0,{},1.4577394,1.4577394,0,0.23276186,0.23276186,0.19077426,0.19077426,0.041987598,0.041987598,0,1,1,89.1575,89.1575,False,0.99999994,True,True,True,1,1,89.1575,89.1575,1,1,87.530173,87.530173,1,1,16.956671,16.956671,1,1,26.465839,26.465839,1,1,42.545226,42.545226,1,1,46.665879,46.665879,1,1,38.874051,38.874051,1,1,38.237392,38.237392
0b_random_erasing_best,file,18,baseline_random_erasing,710,013.Bobolink/Bobolink_0133_9618.jpg,13,12,013.Bobolink,10,9,random_erasing,random_erasing,0,"{""area_fraction"":0.139278,""erased"":true,""height"":0.254895,""left"":0.128056,""top"":0.158717,""width"":0.546412}",1.4577394,0.88963503,-0.56810433,0.23276186,0.41080567,0.19077426,0.35188675,0.041987598,0.058918923,0.016931325,0.46950438,0.90480804,89.1575,80.670423,False,0.80686384,True,True,True,0.46950438,0.90480804,89.1575,80.670423,0.45554715,0.89244345,87.530173,78.11573,0.76731862,1.1877776,16.956671,20.140753,0.69817641,0.88264183,26.465839,23.359857,0.32635749,0.848715,42.545226,36.108772,0.44592226,0.86735555,46.665879,40.475909,0.43726088,0.88809307,38.874051,34.523775,0.52193223,0.98631372,38.237392,37.714064
0b_random_erasing_best,file,18,baseline_random_erasing,11178,190.Red_cockaded_Woodpecker/Red_Cockaded_Woodpecker_0032_182376.jpg,190,189,190.Red_cockaded_Woodpecker,187,186,identity,identity,0,{},0.063380308,0.063380308,0,0.93858647,0.93858647,0.042252317,0.042252317,0.89633416,0.89633416,0,1,1,8.2503179,8.2503179,False,1.0000001,True,True,True,1,1,8.2503179,8.2503179,1,1,8.0743996,8.0743996,1,1,1.6946433,1.6946433,1,1,1.3470558,1.3470558,1,1,3.4173339,3.4173339,1,1,4.4159638,4.4159638,1,1,3.9155187,3.9155187,1,1,4.1074536,4.1074536
0b_random_erasing_best,file,18,baseline_random_erasing,11178,190.Red_cockaded_Woodpecker/Red_Cockaded_Woodpecker_0032_182376.jpg,190,189,190.Red_cockaded_Woodpecker,187,186,random_erasing,random_erasing,0,"{""area_fraction"":0.1906,""erased"":true,""height"":0.281706,""left"":0.160865,""top"":0.680769,""width"":0.676592}",0.063380308,0.048485011,-0.014895298,0.93858647,0.95267165,0.042252317,0.025232401,0.89633416,0.92743925,0.03110509,0.93784639,0.75245637,8.2503179,6.2080043,False,0.98664057,True,True,True,0.93784639,0.75245637,8.2503179,6.2080043,0.93614266,0.75376245,8.0743996,6.0861792,0.97904137,0.72217063,1.6946433,1.2238216,0.95527512,0.73018226,1.3470558,0.98359625,0.94614654,0.72536484,3.4173339,2.4788139,0.95212545,0.77100868,4.4159638,3.4047464,0.92178498,0.75639209,3.9155187,2.9616674,0.92246565,0.75298888,4.1074536,3.0928669
0b_random_erasing_best,file,18,baseline_random_erasing,5845,100.Brown_Pelican/Brown_Pelican_0071_94549.jpg,100,99,100.Brown_Pelican,101,100,identity,identity,0,{},0.097731769,0.097731769,0,0.90689212,0.90689212,0.023518858,0.023518858,0.88337326,0.88337326,0,1,1,13.872646,13.872646,False,0.99999988,True,True,True,1,1,13.872646,13.872646,1,1,13.675094,13.675094,1,1,2.3328358,2.3328358,1,1,4.1575329,4.1575329,1,1,6.3077171,6.3077171,1,1,6.4490383,6.4490383,1,1,6.1697881,6.1697881,1,1,7.0907993,7.0907993
0b_random_erasing_best,file,18,baseline_random_erasing,5845,100.Brown_Pelican/Brown_Pelican_0071_94549.jpg,100,99,100.Brown_Pelican,101,100,random_erasing,random_erasing,0,"{""area_fraction"":0.051496,""erased"":true,""height"":0.155551,""left"":0.171431,""top"":0.509045,""width"":0.331057}",0.097731769,0.042660017,-0.055071753,0.90689212,0.95823711,0.023518858,0.012272349,0.88337326,0.94596476,0.062591501,0.84322594,0.43770518,13.872646,6.0721291,False,0.98659033,True,True,True,0.84322594,0.43770518,13.872646,6.0721291,0.83877929,0.43617673,13.675094,5.9647577,0.98501441,0.4873235,2.3328358,1.1368457,0.82483286,0.39808646,4.1575329,1.6550576,0.84622441,0.41770049,6.3077171,2.6347365,0.80855963,0.42514751,6.4490383,2.7417926,0.81297498,0.44889696,6.1697881,2.7695991,0.88301649,0.46151182,7.0907993,3.2724877
0b_random_erasing_best,file,18,baseline_random_erasing,8544,146.Forsters_Tern/Forsters_Tern_0104_152666.jpg,146,145,146.Forsters_Tern,144,143,identity,identity,0,{},0.0040997751,0.0040997751,0,0.99590862,0.99590862,0.0019890969,0.0019890969,0.99391952,0.99391952,0,1,1,0.73375436,0.73375436,False,0.99999994,True,True,True,1,1,0.73375436,0.73375436,1,1,0.71772091,0.71772091,1,1,0.15255217,0.15255217,1,1,0.1826005,0.1826005,1,1,0.28264303,0.28264303,1,1,0.38007722,0.38007722,1,1,0.36163842,0.36163842,1,1,0.35588234,0.35588234
0b_random_erasing_best,file,18,baseline_random_erasing,8544,146.Forsters_Tern/Forsters_Tern_0104_152666.jpg,146,145,146.Forsters_Tern,144,143,random_erasing,random_erasing,0,"{""area_fraction"":0.061814,""erased"":true,""height"":0.443129,""left"":0.119243,""top"":0.228,""width"":0.139493}",0.0040997751,0.0041318294,3.205426e-05,0.99590862,0.99587667,0.0019890969,0.0018042929,0.99391952,0.99407238,0.00015285588,0.97671305,0.97070281,0.73375436,0.71225742,False,0.99839973,True,True,True,0.97671305,0.97070281,0.73375436,0.71225742,0.97579511,0.9692467,0.71772091,0.69564862,0.9968871,1.002392,0.15255217,0.15291708,0.98583511,0.99418628,0.1826005,0.18153891,0.95292707,0.93251879,0.28264303,0.26356994,0.97784347,0.95477077,0.38007722,0.36288662,0.97946896,0.97564404,0.36163842,0.35283036,0.98169692,0.99474869,0.35588234,0.35401349
0b_random_erasing_best,file,18,baseline_random_erasing,6326,109.American_Redstart/American_Redstart_0111_102945.jpg,109,108,109.American_Redstart,97,96,identity,identity,0,{},0.0012978235,0.0012978235,0,0.998703,0.998703,0.00042929105,0.00042929105,0.99827371,0.99827371,0,1,1,0.16465832,0.16465832,False,1,True,True,True,1,1,0.16465832,0.16465832,1,1,0.15900684,0.15900684,1,1,0.042769003,0.042769003,1,1,0.022276685,0.022276685,1,1,0.0594142,0.0594142,1,1,0.070524142,0.070524142,1,1,0.083914239,0.083914239,1,1,0.096133366,0.096133366
0b_random_erasing_best,file,18,baseline_random_erasing,6326,109.American_Redstart/American_Redstart_0111_102945.jpg,109,108,109.American_Redstart,97,96,random_erasing,random_erasing,0,"{""area_fraction"":0.159287,""erased"":true,""height"":0.371791,""left"":0.549369,""top"":0.351413,""width"":0.428431}",0.0012978235,0.0017619099,0.00046408642,0.998703,0.99823964,0.00042929105,0.00020946968,0.99827371,0.99803017,-0.00024354515,0.83636026,1.5631044,0.16465832,0.25737815,False,0.98912781,True,True,True,0.83636026,1.5631044,0.16465832,0.25737815,0.82979709,1.5670121,0.15900684,0.24916565,0.93119853,1.5080546,0.042769003,0.064497991,0.68898579,1.8986163,0.022276685,0.042294876,0.7676047,1.6189599,0.0594142,0.09618921,0.82002467,1.7033319,0.070524142,0.12012602,0.84758367,1.5684845,0.083914239,0.13161818,0.86368857,1.4446986,0.096133366,0.13888374
0b_random_erasing_best,file,18,baseline_random_erasing,4683,081.Pied_Kingfisher/Pied_Kingfisher_0016_72280.jpg,81,80,081.Pied_Kingfisher,159,158,identity,identity,0,{},0.11453379,0.11453379,0,0.89178181,0.89178181,0.081830055,0.081830055,0.80995175,0.80995175,0,1,1,16.573642,16.573642,False,1,True,True,True,1,1,16.573642,16.573642,1,1,16.142911,16.142911,1,1,3.7539321,3.7539321,1,1,4.6518187,4.6518187,1,1,6.7573302,6.7573302,1,1,8.8464428,8.8464428,1,1,7.5722392,7.5722392,1,1,7.5956766,7.5956766
0b_random_erasing_best,file,18,baseline_random_erasing,4683,081.Pied_Kingfisher/Pied_Kingfisher_0016_72280.jpg,81,80,081.Pied_Kingfisher,159,158,random_erasing,random_erasing,0,"{""area_fraction"":0.100351,""erased"":true,""height"":0.288113,""left"":0.296302,""top"":0.006016,""width"":0.348302}",0.11453379,0.095256336,-0.019277453,0.89178181,0.90913987,0.081830055,0.042271845,0.80995175,0.86686803,0.056916274,0.78760995,0.68710655,16.573642,11.387858,False,0.97946882,True,True,True,0.78760995,0.68710655,16.573642,11.387858,0.77816315,0.68543309,16.142911,11.064886,0.95530284,0.71734927,3.7539321,2.6928804,0.861958,0.64971236,4.6518187,3.0223441,0.74683621,0.67578747,6.7573302,4.5665191,0.77480542,0.64000632,8.8464428,5.6617792,0.74374922,0.68827924,7.5722392,5.211815,0.81474246,0.75887077,7.5956766,5.764137
0b_random_erasing_best,file,18,baseline_random_erasing,9125,156.White_eyed_Vireo/White_Eyed_Vireo_0050_158829.jpg,156,155,156.White_eyed_Vireo,157,156,identity,identity,0,{},0.010769461,0.010769461,0,0.98928833,0.98928833,0.0063834614,0.0063834614,0.98290487,0.98290487,0,1,1,1.7839394,1.7839394,False,1,True,True,True,1,1,1.7839394,1.7839394,1,1,1.7461006,1.7461006,1,1,0.3654755,0.3654755,1,1,0.30454559,0.30454559,1,1,0.73985111,0.73985111,1,1,0.93348837,0.93348837,1,1,0.90187552,0.90187552,1,1,0.85085816,0.85085816
0b_random_erasing_best,file,18,baseline_random_erasing,9125,156.White_eyed_Vireo/White_Eyed_Vireo_0050_158829.jpg,156,155,156.White_eyed_Vireo,157,156,random_erasing,random_erasing,0,"{""area_fraction"":0.140844,""erased"":true,""height"":0.247198,""left"":0.173724,""top"":0.287173,""width"":0.569763}",0.010769461,0.055887569,0.045118107,0.98928833,0.94564545,0.0063834614,0.0015965918,0.98290487,0.94404886,-0.038856009,0.48956313,6.8812185,1.7839394,12.275676,False,0.88873905,True,True,True,0.48956313,6.8812185,1.7839394,12.275676,0.48096439,6.904819,1.7461006,12.056508,0.7058974,6.3185991,0.3654755,2.3092932,0.254139,8.8994926,0.30454559,2.7103012,0.50397999,7.5865658,0.73985111,5.6129292,0.51806349,7.3479723,0.93348837,6.8592467,0.47774205,6.3685906,0.90187552,5.743676,0.46387231,6.0466748,0.85085816,5.1448626
0b_random_erasing_best,file,18,baseline_random_erasing,3979,069.Rufous_Hummingbird/Rufous_Hummingbird_0060_58986.jpg,69,68,069.Rufous_Hummingbird,68,67,identity,identity,0,{},0.15811622,0.15811622,0,0.85375053,0.85375053,0.029546184,0.029546184,0.82420434,0.82420434,0,1,1,24.8981,24.8981,False,1,True,True,True,1,1,24.8981,24.8981,1,1,24.469912,24.469912,1,1,4.5976968,4.5976968,1,1,3.9446269,3.9446269,1,1,11.87906,11.87906,1,1,12.797294,12.797294,1,1,11.910418,11.910418,1,1,11.682279,11.682279
0b_random_erasing_best,file,18,baseline_random_erasing,3979,069.Rufous_Hummingbird/Rufous_Hummingbird_0060_58986.jpg,69,68,069.Rufous_Hummingbird,68,67,random_erasing,random_erasing,0,"{""area_fraction"":0.095646,""erased"":true,""height"":0.437657,""left"":0.191226,""top"":0.270102,""width"":0.218541}",0.15811622,0.041363459,-0.11675276,0.85375053,0.95948035,0.029546184,0.0052535837,0.82420434,0.95422676,0.13002242,0.8161155,0.27892953,24.8981,6.9448154,False,0.97210926,True,True,True,0.8161155,0.27892953,24.8981,6.9448154,0.81082581,0.27810051,24.469912,6.8050948,0.95689653,0.30146706,4.5976968,1.3860541,0.77246859,0.27945609,3.9446269,1.10235,0.83847543,0.24596785,11.87906,2.9218668,0.79242475,0.27922174,12.797294,3.5732826,0.79129429,0.27856396,11.910418,3.3178132,0.83927663,0.30601878,11.682279,3.5749967
0b_random_erasing_best,file,18,baseline_random_erasing,6330,109.American_Redstart/American_Redstart_0128_102983.jpg,109,108,109.American_Redstart,21,20,identity,identity,0,{},0.020883674,0.020883674,0,0.97933286,0.97933286,0.0054295757,0.0054295757,0.97390329,0.97390329,0,1,1,2.8287141,2.8287141,False,1.0000001,True,True,True,1,1,2.8287141,2.8287141,1,1,2.757575,2.757575,1,1,0.63039957,0.63039957,1,1,0.66160203,0.66160203,1,1,1.13956,1.13956,1,1,1.5370015,1.5370015,1,1,1.2937536,1.2937536,1,1,1.3534154,1.3534154
0b_random_erasing_best,file,18,baseline_random_erasing,6330,109.American_Redstart/American_Redstart_0128_102983.jpg,109,108,109.American_Redstart,21,20,random_erasing,random_erasing,0,"{""area_fraction"":0.072954,""erased"":true,""height"":0.170172,""left"":0.375959,""top"":0.192738,""width"":0.428708}",0.020883674,0.030866098,0.0099824239,0.97933286,0.96960539,0.0054295757,0.0084227724,0.97390329,0.96118261,-0.012720675,0.87963588,1.4989922,2.8287141,4.2402203,False,0.98830962,True,True,True,0.87963588,1.4989922,2.8287141,4.2402203,0.87386135,1.4961884,2.757575,4.1258516,0.98673258,1.5516664,0.63039957,0.97816984,0.91200138,1.2541739,0.66160203,0.82976397,0.84911452,1.4451472,1.13956,1.6468319,0.86498313,1.4984902,1.5370015,2.3031817,0.85892669,1.5634364,1.2937536,2.0227015,0.91231187,1.5189372,1.3534154,2.0557531
0b_random_erasing_best,file,18,baseline_random_erasing,1259,023.Brandt_Cormorant/Brandt_Cormorant_0083_23156.jpg,23,22,023.Brandt_Cormorant,44,43,identity,identity,0,{},2.7202826,2.7202826,0,0.065856136,0.065856136,0.31430778,0.31430778,-0.24845164,-0.24845164,0,1,1,130.45368,130.45368,False,1,True,False,False,1,1,130.45368,130.45368,1,1,126.5383,126.5383,1,1,31.720974,31.720974,1,1,40.637837,40.637837,1,1,53.000886,53.000886,1,1,60.717154,60.717154,1,1,57.808311,57.808311,1,1,67.253553,67.253553
0b_random_erasing_best,file,18,baseline_random_erasing,1259,023.Brandt_Cormorant/Brandt_Cormorant_0083_23156.jpg,23,22,023.Brandt_Cormorant,44,43,random_erasing,random_erasing,0,"{""area_fraction"":0.059022,""erased"":true,""height"":0.193212,""left"":0.059623,""top"":0.528441,""width"":0.305477}",2.7202826,2.2681057,-0.45217681,0.065856136,0.10350806,0.31430778,0.17395878,-0.24845164,-0.070450723,0.17800092,0.87615917,0.88811176,130.45368,115.85745,False,0.9845472,False,False,False,0.87615917,0.88811176,130.45368,115.85745,0.87018572,0.88761598,126.5383,112.31742,0.97036481,0.89596426,31.720974,28.420859,0.87915948,0.76224448,40.637837,30.975967,0.84009354,0.85757926,53.000886,45.452461,0.85258302,0.9086019,60.717154,55.167721,0.8649021,0.92024517,57.808311,53.197819,0.90767458,0.90643987,67.253553,60.961302
0b_random_erasing_best,file,18,baseline_random_erasing,7930,136.Barn_Swallow/Barn_Swallow_0026_132386.jpg,136,135,136.Barn_Swallow,137,136,identity,identity,0,{},0.060712244,0.060712244,0,0.94109398,0.94109398,0.053764068,0.053764068,0.88732991,0.88732991,0,1,1,12.601118,12.601118,False,1,True,True,True,1,1,12.601118,12.601118,1,1,12.324275,12.324275,1,1,2.6268674,2.6268674,1,1,4.7171555,4.7171555,1,1,5.8362327,5.8362327,1,1,6.4181846,6.4181846,1,1,5.0792247,5.0792247,1,1,5.3463032,5.3463032
0b_random_erasing_best,file,18,baseline_random_erasing,7930,136.Barn_Swallow/Barn_Swallow_0026_132386.jpg,136,135,136.Barn_Swallow,137,136,random_erasing,random_erasing,0,"{""area_fraction"":0.059979,""erased"":true,""height"":0.150293,""left"":0.339102,""top"":0.691063,""width"":0.399079}",0.060712244,0.034843463,-0.025868781,0.94109398,0.9657566,0.053764068,0.031423617,0.88732991,0.93433298,0.047003064,0.95118121,0.60096242,12.601118,7.5727984,False,0.99465382,True,True,True,0.95118121,0.60096242,12.601118,7.5727984,0.94922461,0.60117779,12.324275,7.4090802,0.99463956,0.59620206,2.6268674,1.5661437,0.95645926,0.52869919,4.7171555,2.4939563,0.95405055,0.60647319,5.8362327,3.5395187,0.9525235,0.63308418,6.4181846,4.0632511,0.93188919,0.59746705,5.0792247,3.0346694,0.95634771,0.60399162,5.3463032,3.2291223
0b_random_erasing_best,file,18,baseline_random_erasing,2286,040.Olive_sided_Flycatcher/Olive_Sided_Flycatcher_0017_30704.jpg,40,39,040.Olive_sided_Flycatcher,135,134,identity,identity,0,{},0.9250536,0.9250536,0,0.39651015,0.39651015,0.5427177,0.5427177,-0.14620754,-0.14620754,0,1,1,105.12228,105.12228,False,1,True,False,False,1,1,105.12228,105.12228,1,1,102.23856,102.23856,1,1,24.453439,24.453439,1,1,26.806759,26.806759,1,1,55.881559,55.881559,1,1,52.209212,52.209212,1,1,41.678598,41.678598,1,1,46.351538,46.351538
0b_random_erasing_best,file,18,baseline_random_erasing,2286,040.Olive_sided_Flycatcher/Olive_Sided_Flycatcher_0017_30704.jpg,40,39,040.Olive_sided_Flycatcher,135,134,random_erasing,random_erasing,0,"{""area_fraction"":0.116502,""erased"":true,""height"":0.538904,""left"":0.399849,""top"":0.228724,""width"":0.216184}",0.9250536,2.9593167,2.0342631,0.39651015,0.051854335,0.5427177,0.047032412,-0.14620754,0.0048219226,0.15102946,0.3615986,1.5511357,105.12228,163.05892,False,0.79739821,False,False,False,0.3615986,1.5511357,105.12228,163.05892,0.35152891,1.5613021,102.23856,159.62528,0.56673733,1.3612143,24.453439,33.286371,0.26230436,1.4351977,26.806759,38.473,0.52005181,1.3352505,55.881559,74.615877,0.30724925,1.5047103,52.209212,78.559739,0.26924941,1.8454408,41.678598,76.915385,0.3181381,1.7184974,46.351538,79.654997
0b_random_erasing_best,file,18,baseline_random_erasing,6891,118.House_Sparrow/House_Sparrow_0093_110990.jpg,118,117,118.House_Sparrow,76,75,identity,identity,0,{},1.9393463,1.9393463,0,0.14379793,0.14379793,0.24163507,0.24163507,-0.097837135,-0.097837135,0,1,1,108.64988,108.64988,False,1,True,False,False,1,1,108.64988,108.64988,1,1,106.18009,106.18009,1,1,23.034474,23.034474,1,1,19.319705,19.319705,1,1,46.870944,46.870944,1,1,59.707431,59.707431,1,1,48.70636,48.70636,1,1,52.60026,52.60026
0b_random_erasing_best,file,18,baseline_random_erasing,6891,118.House_Sparrow/House_Sparrow_0093_110990.jpg,118,117,118.House_Sparrow,76,75,random_erasing,random_erasing,0,"{""area_fraction"":0.058039,""erased"":true,""height"":0.265341,""left"":0.728632,""top"":0.210055,""width"":0.218734}",1.9393463,1.2692481,-0.67009819,0.14379793,0.28104284,0.24163507,0.098856583,-0.097837135,0.18218626,0.2800234,0.91077179,0.88474011,108.64988,96.126911,False,0.99187177,False,False,True,0.91077179,0.88474011,108.64988,96.126911,0.90776507,0.88473628,106.18009,93.941373,0.97465402,0.88482144,23.034474,20.381397,0.86380566,0.84607155,19.319705,16.345853,0.90839481,0.90252197,46.870944,42.302057,0.91927369,0.88611663,59.707431,52.907747,0.89703464,0.87107366,48.70636,42.426827,0.90749002,0.88541817,52.60026,46.573226
0b_random_erasing_best,file,18,baseline_random_erasing,9317,159.Black_and_white_Warbler/Black_And_White_Warbler_0022_160512.jpg,159,158,159.Black_and_white_Warbler,184,183,identity,identity,0,{},0.075579509,0.075579509,0,0.92720598,0.92720598,0.043234058,0.043234058,0.88397192,0.88397192,0,1,1,14.870108,14.870108,False,0.99999994,True,True,True,1,1,14.870108,14.870108,1,1,14.683698,14.683698,1,1,2.3471553,2.3471553,1,1,3.8258266,3.8258266,1,1,7.1040877,7.1040877,1,1,8.3892239,8.3892239,1,1,6.8726899,6.8726899,1,1,5.7352442,5.7352442
0b_random_erasing_best,file,18,baseline_random_erasing,9317,159.Black_and_white_Warbler/Black_And_White_Warbler_0022_160512.jpg,159,158,159.Black_and_white_Warbler,184,183,random_erasing,random_erasing,0,"{""area_fraction"":0.155488,""erased"":true,""height"":0.521125,""left"":0.050593,""top"":0.405349,""width"":0.29837}",0.075579509,0.058369953,-0.017209556,0.92720598,0.9433009,0.043234058,0.038997456,0.88397192,0.90430345,0.020331524,0.97041407,0.86657636,14.870108,12.886084,False,0.99443096,True,True,True,0.97041407,0.86657636,14.870108,12.886084,0.96988809,0.86718311,14.683698,12.733455,0.99199788,0.84248695,2.3471553,1.9774477,0.96196608,0.83845544,3.8258266,3.2077851,0.97524772,0.87454522,7.1040877,6.2128459,0.97454139,0.87950665,8.3892239,7.3783783,0.96723797,0.8689513,6.8726899,5.9720328,0.95939656,0.83885137,5.7352442,4.8110174
0b_random_erasing_best,file,18,baseline_random_erasing,2279,040.Olive_sided_Flycatcher/Olive_Sided_Flycatcher_0049_796889.jpg,40,39,040.Olive_sided_Flycatcher,103,102,identity,identity,0,{},0.0049808943,0.0049808943,0,0.99503148,0.99503148,0.0030223562,0.0030223562,0.99200912,0.99200912,0,1,1,1.1093812,1.1093812,False,1,True,True,True,1,1,1.1093812,1.1093812,1,1,1.0870115,1.0870115,1,1,0.2216586,0.2216586,1,1,0.24830053,0.24830053,1,1,0.58249568,0.58249568,1,1,0.60629086,0.60629086,1,1,0.48650498,0.48650498,1,1,0.41995714,0.41995714
0b_random_erasing_best,file,18,baseline_random_erasing,2279,040.Olive_sided_Flycatcher/Olive_Sided_Flycatcher_0049_796889.jpg,40,39,040.Olive_sided_Flycatcher,103,102,random_erasing,random_erasing,0,"{""area_fraction"":0.165204,""erased"":true,""height"":0.549381,""left"":0.502251,""top"":0.084165,""width"":0.300709}",0.0049808943,0.011899675,0.006918781,0.99503148,0.98817086,0.0030223562,0.0049682236,0.99200912,0.98320264,-0.0088064813,0.90896065,2.3779287,1.1093812,2.6380294,False,0.97902155,True,True,True,0.90896065,2.3779287,1.1093812,2.6380294,0.9080439,2.3790781,1.0870115,2.5860853,0.9313448,2.3501188,0.2216586,0.52092405,0.90421855,2.4877985,0.24830053,0.61772168,0.9363586,2.300466,0.58249568,1.3400115,0.89962509,2.3280768,0.60629086,1.4114917,0.90712353,2.4657207,0.48650498,1.1995854,0.87960044,2.473823,0.41995714,1.0388996
0b_random_erasing_best,file,18,baseline_random_erasing,11516,196.House_Wren/House_Wren_0133_187101.jpg,196,195,196.House_Wren,199,198,identity,identity,0,{},2.7432687,2.7432687,0,0.064359628,0.064359628,0.31356195,0.31356195,-0.24920232,-0.24920232,0,1,1,84.387264,84.387264,False,1,True,False,False,1,1,84.387264,84.387264,1,1,81.250547,81.250547,1,1,22.793835,22.793835,1,1,15.020637,15.020637,1,1,30.617177,30.617177,1,1,39.663171,39.663171,1,1,39.856327,39.856327,1,1,47.71715,47.71715
0b_random_erasing_best,file,18,baseline_random_erasing,11516,196.House_Wren/House_Wren_0133_187101.jpg,196,195,196.House_Wren,199,198,random_erasing,random_erasing,0,"{""area_fraction"":0.083592,""erased"":true,""height"":0.39719,""left"":0.112196,""top"":0.528428,""width"":0.21046}",2.7432687,2.6470299,-0.096238852,0.064359628,0.070861369,0.31356195,0.3172563,-0.24920232,-0.24639493,0.0028073862,0.93482486,1.0260006,84.387264,86.581386,False,0.99199045,True,False,False,0.93482486,1.0260006,84.387264,86.581386,0.93039774,1.0265695,81.250547,83.40933,0.99153437,1.0187452,22.793835,23.221111,0.91709748,0.89427364,15.020637,13.43256,0.90233943,0.9218536,30.617177,28.224554,0.92828166,1.0414537,39.663171,41.307357,0.92997666,1.0587859,39.856327,42.199317,0.94670937,1.0463685,47.71715,49.929722
0b_random_erasing_best,file,18,baseline_random_erasing,1717,031.Black_billed_Cuckoo/Black_Billed_Cuckoo_0088_26217.jpg,31,30,031.Black_billed_Cuckoo,33,32,identity,identity,0,{},0.0030472295,0.0030472295,0,0.99695742,0.99695742,0.002458117,0.002458117,0.9944993,0.9944993,0,1,1,0.43182223,0.43182223,False,1,True,True,True,1,1,0.43182223,0.43182223,1,1,0.40700056,0.40700056,1,1,0.14429477,0.14429477,1,1,0.078045013,0.078045013,1,1,0.17304982,0.17304982,1,1,0.20310265,0.20310265,1,1,0.18927422,0.18927422,1,1,0.22920903,0.22920903
0b_random_erasing_best,file,18,baseline_random_erasing,1717,031.Black_billed_Cuckoo/Black_Billed_Cuckoo_0088_26217.jpg,31,30,031.Black_billed_Cuckoo,33,32,random_erasing,random_erasing,0,"{""area_fraction"":0.079654,""erased"":true,""height"":0.269931,""left"":0.475077,""top"":0.326893,""width"":0.29509}",0.0030472295,0.036144361,0.033097131,0.99695742,0.96450102,0.002458117,0.012906726,0.9944993,0.9515943,-0.042905007,0.73184073,11.24338,0.43182223,4.8551414,False,0.95536649,True,True,True,0.73184073,11.24338,0.43182223,4.8551414,0.71888285,11.515146,0.40700056,4.6866709,0.89147409,8.786721,0.14429477,1.2678779,0.52045736,15.78287,0.078045013,1.2317743,0.65924332,11.918977,0.17304982,2.0625768,0.74125172,11.543629,0.20310265,2.3445415,0.72722441,11.725259,0.18927422,2.2192893,0.77631852,10.481033,0.22920903,2.4023474
0b_random_erasing_best,file,18,baseline_random_erasing,3371,059.California_Gull/California_Gull_0096_40978.jpg,59,58,059.California_Gull,145,144,identity,identity,0,{},2.1350527,2.1350527,0,0.11823837,0.11823837,0.21205042,0.21205042,-0.093812048,-0.093812048,0,1,1,116.18,116.18,False,1,True,False,False,1,1,116.18,116.18,1,1,113.62508,113.62508,1,1,24.230863,24.230863,1,1,26.552351,26.552351,1,1,47.389325,47.389325,1,1,60.458141,60.458141,1,1,51.892531,51.892531,1,1,60.098758,60.098758
0b_random_erasing_best,file,18,baseline_random_erasing,3371,059.California_Gull/California_Gull_0096_40978.jpg,59,58,059.California_Gull,145,144,random_erasing,random_erasing,0,"{""area_fraction"":0.083756,""erased"":true,""height"":0.443723,""left"":0.799904,""top"":0.480283,""width"":0.188758}",2.1350527,2.7327788,0.59772611,0.11823837,0.065038309,0.21205042,0.19666429,-0.093812048,-0.13162598,-0.037813932,0.91160354,1.0106721,116.18,117.41988,False,0.9869976,False,False,False,0.91160354,1.0106721,116.18,117.41988,0.9094525,1.0022133,113.62508,113.87656,0.96346245,1.1814651,24.230863,28.627919,0.95812229,1.1009841,26.552351,29.233716,0.91694586,0.97408348,47.389325,46.161159,0.92021861,0.95355761,60.458141,57.650321,0.90222506,1.0095865,51.892531,52.390002,0.89305315,1.0410042,60.098758,62.563061
0b_random_erasing_best,file,18,baseline_random_erasing,11075,189.Red_bellied_Woodpecker/Red_Bellied_Woodpecker_0073_180994.jpg,189,188,189.Red_bellied_Woodpecker,190,189,identity,identity,0,{},0.0066530625,0.0066530625,0,0.99336904,0.99336904,0.0025776732,0.0025776732,0.99079137,0.99079137,0,1,1,0.80619555,0.80619555,False,1.0000001,True,True,True,1,1,0.80619555,0.80619555,1,1,0.7870152,0.7870152,1,1,0.17480943,0.17480943,1,1,0.13664762,0.13664762,1,1,0.26578431,0.26578431,1,1,0.32522508,0.32522508,1,1,0.39305288,0.39305288,1,1,0.51943925,0.51943925
0b_random_erasing_best,file,18,baseline_random_erasing,11075,189.Red_bellied_Woodpecker/Red_Bellied_Woodpecker_0073_180994.jpg,189,188,189.Red_bellied_Woodpecker,190,189,random_erasing,random_erasing,0,"{""area_fraction"":0.157984,""erased"":true,""height"":0.566858,""left"":0.131422,""top"":0.03316,""width"":0.278701}",0.0066530625,0.87551969,0.86886663,0.99336904,0.41664544,0.0025776732,0.10589837,0.99079137,0.31074706,-0.68004431,0.33245786,118.6384,0.80619555,95.645753,False,0.89388525,False,True,False,0.33245786,118.6384,0.80619555,95.645753,0.31214395,118.86613,0.7870152,93.549454,0.76235124,113.92441,0.17480943,19.915062,0.14194706,128.39863,0.13664762,17.545367,0.20410436,152.52284,0.26578431,40.538179,0.26521182,172.12874,0.32522508,55.980585,0.33289145,107.13001,0.39305288,42.107759,0.44702989,83.7702,0.51943925,43.51353
0b_random_erasing_best,file,18,baseline_random_erasing,2038,036.Northern_Flicker/Northern_Flicker_0118_28500.jpg,36,35,036.Northern_Flicker,34,33,identity,identity,0,{},0.92436105,0.92436105,0,0.39678484,0.39678484,0.056822456,0.056822456,0.33996239,0.33996239,0,1,1,65.934133,65.934133,False,1,True,True,True,1,1,65.934133,65.934133,1,1,64.674926,64.674926,1,1,12.824346,12.824346,1,1,9.7528792,9.7528792,1,1,21.09797,21.09797,1,1,28.560461,28.560461,1,1,33.592657,33.592657,1,1,41.212091,41.212091
0b_random_erasing_best,file,18,baseline_random_erasing,2038,036.Northern_Flicker/Northern_Flicker_0118_28500.jpg,36,35,036.Northern_Flicker,34,33,random_erasing,random_erasing,0,"{""area_fraction"":0.080377,""erased"":true,""height"":0.469249,""left"":0.091988,""top"":0.10639,""width"":0.171288}",0.92436105,0.70464694,-0.21971411,0.39678484,0.49428305,0.056822456,0.049177516,0.33996239,0.44510553,0.10514315,0.95196053,0.84841797,65.934133,55.939703,False,0.99225986,True,True,True,0.95196053,0.84841797,65.934133,55.939703,0.95042847,0.84912978,64.674926,54.917405,0.99205364,0.83010935,12.824346,10.64561,0.91052718,0.83826402,9.7528792,8.1754877,0.89889748,0.8833489,21.09797,18.636869,0.94757259,0.86657489,28.560461,24.749779,0.95018866,0.84790181,33.592657,28.483275,0.9690818,0.83277911,41.212091,34.320569
0b_random_erasing_best,file,18,baseline_random_erasing,6845,117.Clay_colored_Sparrow/Clay_Colored_Sparrow_0066_110819.jpg,117,116,117.Clay_colored_Sparrow,116,115,identity,identity,0,{},3.1160183,3.1160183,0,0.044333342,0.044333342,0.60265195,0.60265195,-0.55831861,-0.55831861,0,1,1,183.08675,183.08675,False,1,True,False,False,1,1,183.08675,183.08675,1,1,178.60668,178.60668,1,1,40.254343,40.254343,1,1,43.50048,43.50048,1,1,76.489527,76.489527,1,1,92.357664,92.357664,1,1,87.491151,87.491151,1,1,89.290358,89.290358
0b_random_erasing_best,file,18,baseline_random_erasing,6845,117.Clay_colored_Sparrow/Clay_Colored_Sparrow_0066_110819.jpg,117,116,117.Clay_colored_Sparrow,116,115,random_erasing,random_erasing,0,"{""area_fraction"":0.180389,""erased"":true,""height"":0.547703,""left"":0.231306,""top"":0.130586,""width"":0.329355}",3.1160183,5.6798425,2.5638242,0.044333342,0.0034140956,0.60265195,0.091686517,-0.55831861,-0.088272421,0.47004619,0.43714383,0.88483109,183.08675,162.00085,False,0.89215028,False,False,False,0.43714383,0.88483109,183.08675,162.00085,0.41836418,0.8715475,178.60668,155.66421,0.73870909,1.1145553,40.254343,44.865691,0.45261356,1.0811599,43.50048,47.030973,0.38414164,0.80979699,76.489527,61.940988,0.38969737,0.89330843,92.357664,82.50388,0.39846885,0.81585135,87.491151,71.379773,0.48439028,0.88756955,89.290358,79.251403
0b_random_erasing_best,file,18,baseline_random_erasing,7382,126.Nelson_Sharp_tailed_Sparrow/Nelson_Sharp_Tailed_Sparrow_0015_796922.jpg,126,125,126.Nelson_Sharp_tailed_Sparrow,124,123,identity,identity,0,{},1.2177471,1.2177471,0,0.29589605,0.29589605,0.667539,0.667539,-0.37164295,-0.37164295,0,1,1,142.30387,142.30387,False,1,True,False,False,1,1,142.30387,142.30387,1,1,139.3453,139.3453,1,1,28.866552,28.866552,1,1,26.704125,26.704125,1,1,69.872915,69.872915,1,1,78.45937,78.45937,1,1,65.051372,65.051372,1,1,58.602265,58.602265
0b_random_erasing_best,file,18,baseline_random_erasing,7382,126.Nelson_Sharp_tailed_Sparrow/Nelson_Sharp_Tailed_Sparrow_0015_796922.jpg,126,125,126.Nelson_Sharp_tailed_Sparrow,124,123,random_erasing,random_erasing,0,"{""area_fraction"":0.079635,""erased"":true,""height"":0.380533,""left"":0.164332,""top"":0.561869,""width"":0.209273}",1.2177471,1.7515152,0.53376806,0.29589605,0.17351086,0.667539,0.78397483,-0.37164295,-0.61046396,-0.23882101,0.97439988,1.1812778,142.30387,168.1004,False,0.99609435,True,False,False,0.97439988,1.1812778,142.30387,168.1004,0.97345801,1.1801616,139.3453,164.44998,0.99609527,1.2069944,28.866552,34.841765,0.98550715,1.1501132,26.704125,30.712768,0.97394767,1.1810365,69.872915,82.522461,0.97456068,1.1783583,78.45937,92.45325,0.97216241,1.1867198,65.051372,77.197751,0.9700415,1.1802039,58.602265,69.162618
0b_random_erasing_best,file,18,baseline_random_erasing,3016,053.Western_Grebe/Western_Grebe_0046_36118.jpg,53,52,053.Western_Grebe,50,49,identity,identity,0,{},0.49625275,0.49625275,0,0.60880774,0.60880774,0.10623384,0.10623384,0.50257391,0.50257391,0,1,1,53.653886,53.653886,False,1,True,True,True,1,1,53.653886,53.653886,1,1,52.407333,52.407333,1,1,11.498304,11.498304,1,1,8.99704,8.99704,1,1,23.951961,23.951961,1,1,27.012417,27.012417,1,1,24.429743,24.429743,1,1,27.665906,27.665906
0b_random_erasing_best,file,18,baseline_random_erasing,3016,053.Western_Grebe/Western_Grebe_0046_36118.jpg,53,52,053.Western_Grebe,50,49,random_erasing,random_erasing,0,"{""area_fraction"":0.080948,""erased"":true,""height"":0.209206,""left"":0.405272,""top"":0.445547,""width"":0.386929}",0.49625275,0.27608392,-0.22016883,0.60880774,0.75874925,0.10623384,0.066277936,0.50257391,0.69247131,0.1898974,0.83994764,0.70175689,53.653886,37.651985,False,0.98495114,True,True,True,0.83994764,0.70175689,53.653886,37.651985,0.83335735,0.70283092,52.407333,36.833494,0.98212055,0.67906124,11.498304,7.8080528,0.77097969,0.96489712,8.99704,8.681218,0.77217737,0.59693691,23.951961,14.29781,0.8565526,0.67895725,27.012417,18.340276,0.830892,0.7624455,24.429743,18.626347,0.87737554,0.71711286,27.665906,19.839577
0b_random_erasing_best,file,18,baseline_random_erasing,5196,089.Hooded_Merganser/Hooded_Merganser_0032_79032.jpg,89,88,089.Hooded_Merganser,53,52,identity,identity,0,{},0.00010871296,0.00010871296,0,0.99989128,0.99989128,7.4433192e-05,7.4433192e-05,0.99981685,0.99981685,0,1,1,0.017239589,0.017239589,False,0.99999994,True,True,True,1,1,0.017239589,0.017239589,1,1,0.016643213,0.016643213,1,1,0.0044952076,0.0044952076,1,1,0.002942722,0.002942722,1,1,0.006987967,0.006987967,1,1,0.0075646785,0.0075646785,1,1,0.0076757331,0.0076757331,1,1,0.010166809,0.010166809
0b_random_erasing_best,file,18,baseline_random_erasing,5196,089.Hooded_Merganser/Hooded_Merganser_0032_79032.jpg,89,88,089.Hooded_Merganser,53,52,random_erasing,random_erasing,0,"{""area_fraction"":0.159876,""erased"":true,""height"":0.32934,""left"":0.501181,""top"":0.523378,""width"":0.485444}",0.00010871296,0.00019584168,8.7128719e-05,0.99989128,0.9998042,7.4433192e-05,0.00014569736,0.99981685,0.9996585,-0.00015834655,0.96251031,1.7946603,0.017239589,0.030939206,False,0.99609452,True,True,True,0.96251031,1.7946603,0.017239589,0.030939206,0.96009046,1.7914804,0.016643213,0.029815989,0.99513786,1.8376967,0.0044952076,0.008260828,0.9612444,1.790236,0.002942722,0.0052681669,0.95758555,1.7324214,0.006987967,0.012106104,0.95291791,1.8006029,0.0075646785,0.013620982,0.95682843,1.7940335,0.0076757331,0.013770522,0.96722732,1.8123841,0.010166809,0.018426162
0b_random_erasing_best,file,18,baseline_random_erasing,4439,077.Tropical_Kingbird/Tropical_Kingbird_0102_69654.jpg,77,76,077.Tropical_Kingbird,41,40,identity,identity,0,{},0.24197847,0.24197847,0,0.7850731,0.7850731,0.050733946,0.050733946,0.73433916,0.73433916,0,1,1,31.619402,31.619402,False,0.99999988,True,True,True,1,1,31.619402,31.619402,1,1,31.069163,31.069163,1,1,5.8731337,5.8731337,1,1,6.9608516,6.9608516,1,1,15.123798,15.123798,1,1,15.413157,15.413157,1,1,15.082733,15.082733,1,1,14.935057,14.935057
0b_random_erasing_best,file,18,baseline_random_erasing,4439,077.Tropical_Kingbird/Tropical_Kingbird_0102_69654.jpg,77,76,077.Tropical_Kingbird,41,40,random_erasing,random_erasing,0,"{""area_fraction"":0.067507,""erased"":true,""height"":0.163621,""left"":0.479678,""top"":0.683647,""width"":0.412585}",0.24197847,0.30178106,0.059802592,0.7850731,0.73949999,0.050733946,0.10580695,0.73433916,0.63369304,-0.10064612,0.95526198,1.2200239,31.619402,38.576426,False,0.98722094,True,True,True,0.95526198,1.2200239,31.619402,38.576426,0.95461215,1.2168258,31.069163,37.805761,0.97452016,1.3063489,5.8731337,7.6723616,0.94645537,1.1827662,6.9608516,8.2330601,0.97242385,1.2626442,15.123798,19.095975,0.95759354,1.2246053,15.413157,18.875034,0.94910763,1.1930108,15.082733,17.993864,0.9405865,1.1917326,14.935057,17.798594
0b_random_erasing_best,file,18,baseline_random_erasing,11759,200.Common_Yellowthroat/Common_Yellowthroat_0088_190594.jpg,200,199,200.Common_Yellowthroat,75,74,identity,identity,0,{},0.27951756,0.27951756,0,0.75614846,0.75614846,0.039043695,0.039043695,0.71710476,0.71710476,0,1,1,43.429559,43.429559,False,1,True,True,True,1,1,43.429559,43.429559,1,1,42.784796,42.784796,1,1,7.4557277,7.4557277,1,1,9.9415855,9.9415855,1,1,20.926399,20.926399,1,1,22.685632,22.685632,1,1,20.080633,20.080633,1,1,19.388649,19.388649
0b_random_erasing_best,file,18,baseline_random_erasing,11759,200.Common_Yellowthroat/Common_Yellowthroat_0088_190594.jpg,200,199,200.Common_Yellowthroat,75,74,random_erasing,random_erasing,0,"{""area_fraction"":0.171578,""erased"":true,""height"":0.311737,""left"":0.38604,""top"":0.315245,""width"":0.550395}",0.27951756,0.27586195,-0.0036556125,0.75614846,0.75891769,0.039043695,0.024821786,0.71710476,0.7340959,0.01699114,0.80714746,1.0288481,43.429559,44.68242,False,0.94503587,True,True,True,0.80714746,1.0288481,43.429559,44.68242,0.80336181,1.0285894,42.784796,44.007989,0.9307884,1.0373299,7.4557277,7.734049,0.83544266,1.2146504,9.9415855,12.075551,0.82220094,1.0168737,20.926399,21.279505,0.81074635,1.0368696,22.685632,23.522041,0.76475621,0.99897974,20.080633,20.060146,0.80584292,1.0085441,19.388649,19.554308
0b_random_erasing_best,file,18,baseline_random_erasing,11421,194.Cactus_Wren/Cactus_Wren_0034_185817.jpg,194,193,194.Cactus_Wren,36,35,identity,identity,0,{},0.042982668,0.042982668,0,0.957928,0.957928,0.021893058,0.021893058,0.93603494,0.93603494,0,1,1,6.7520506,6.7520506,False,1,True,True,True,1,1,6.7520506,6.7520506,1,1,6.5837134,6.5837134,1,1,1.4983008,1.4983008,1,1,1.1038321,1.1038321,1,1,2.6886021,2.6886021,1,1,3.6306643,3.6306643,1,1,3.1867035,3.1867035,1,1,3.4002136,3.4002136
0b_random_erasing_best,file,18,baseline_random_erasing,11421,194.Cactus_Wren/Cactus_Wren_0034_185817.jpg,194,193,194.Cactus_Wren,36,35,random_erasing,random_erasing,0,"{""area_fraction"":0.187148,""erased"":true,""height"":0.297698,""left"":0.321073,""top"":0.188942,""width"":0.628649}",0.042982668,0.047857922,0.0048752539,0.957928,0.95326924,0.021893058,0.011494526,0.93603494,0.94177472,0.0057397736,0.73219581,1.0140868,6.7520506,6.8471654,False,0.97245568,True,True,True,0.73219581,1.0140868,6.7520506,6.8471654,0.72139501,1.0047137,6.5837134,6.6147471,0.9186708,1.1805641,1.4983008,1.7688401,0.65128027,1.388716,1.1038321,1.5329092,0.68987178,0.96795649,2.6886021,2.6024498,0.68886456,0.88421349,3.6306643,3.2102824,0.70006363,0.98131403,3.1867035,3.1271568,0.80825639,1.1217214,3.4002136,3.8140923
0b_random_erasing_best,file,18,baseline_random_erasing,3928,068.Ruby_throated_Hummingbird/Ruby_Throated_Hummingbird_0079_58075.jpg,68,67,068.Ruby_throated_Hummingbird,78,77,identity,identity,0,{},3.8329101,3.8329101,0,0.021646526,0.021646526,0.082793042,0.082793042,-0.061146516,-0.061146516,0,1,1,147.45354,147.45354,False,0.99999994,True,False,False,1,1,147.45354,147.45354,1,1,145.04811,145.04811,1,1,26.525313,26.525313,1,1,37.889197,37.889197,1,1,59.818226,59.818226,1,1,77.765742,77.765742,1,1,67.85309,67.85309,1,1,73.304772,73.304772
0b_random_erasing_best,file,18,baseline_random_erasing,3928,068.Ruby_throated_Hummingbird/Ruby_Throated_Hummingbird_0079_58075.jpg,68,67,068.Ruby_throated_Hummingbird,78,77,random_erasing,random_erasing,0,"{""area_fraction"":0.100601,""erased"":true,""height"":0.250679,""left"":0.212542,""top"":0.190727,""width"":0.401314}",3.8329101,6.1640706,2.3311605,0.021646526,0.0021036724,0.082793042,0.0005361801,-0.061146516,0.0015674923,0.062714009,0.68790515,1.0385813,147.45354,153.14248,False,0.9064672,False,False,False,0.68790515,1.0385813,147.45354,153.14248,0.68069637,1.0368538,145.04811,150.39369,0.8939468,1.0889699,26.525313,28.885266,0.77253053,1.4176654,37.889197,53.714205,0.60746786,1.0241598,59.818226,61.263421,0.65152669,0.95133099,77.765742,73.98096,0.66817472,1.0436962,67.85309,70.818015,0.75318074,1.0109085,73.304772,74.104418
0b_random_erasing_best,file,18,baseline_random_erasing,7969,136.Barn_Swallow/Barn_Swallow_0042_132043.jpg,136,135,136.Barn_Swallow,135,134,identity,identity,0,{},9.9752817,9.9752817,0,4.6536104e-05,4.6536104e-05,0.98411119,0.98411119,-0.98406465,-0.98406465,0,1,1,213.42035,213.42035,False,1,True,False,False,1,1,213.42035,213.42035,1,1,208.10033,208.10033,1,1,47.35503,47.35503,1,1,60.413418,60.413418,1,1,90.673366,90.673366,1,1,115.65026,115.65026,1,1,90.43625,90.43625,1,1,99.401248,99.401248
0b_random_erasing_best,file,18,baseline_random_erasing,7969,136.Barn_Swallow/Barn_Swallow_0042_132043.jpg,136,135,136.Barn_Swallow,135,134,random_erasing,random_erasing,0,"{""area_fraction"":0.073708,""erased"":true,""height"":0.428459,""left"":0.241467,""top"":0.128824,""width"":0.17203}",9.9752817,9.7051172,-0.27016449,4.6536104e-05,6.0970717e-05,0.98411119,0.9604618,-0.98406465,-0.96040082,0.023663829,0.65197602,0.86611699,213.42035,184.84699,False,0.92216116,True,False,False,0.65197602,0.86611699,213.42035,184.84699,0.63593065,0.85752903,208.10033,178.45207,0.92206869,1.0178494,47.35503,48.200289,0.67195233,0.76908854,60.413418,46.463267,0.54013177,0.81372551,90.673366,73.783231,0.60520075,0.81702585,115.65026,94.489251,0.60473636,0.87114058,90.43625,78.782687,0.75837439,0.96007604,99.401248,95.432757
0b_random_erasing_best,file,18,baseline_random_erasing,1491,027.Shiny_Cowbird/Shiny_Cowbird_0070_796832.jpg,27,26,027.Shiny_Cowbird,107,106,identity,identity,0,{},4.2015119,4.2015119,0,0.014972924,0.014972924,0.68667465,0.68667465,-0.67170173,-0.67170173,0,1,1,195.70788,195.70788,False,1,True,False,False,1,1,195.70788,195.70788,1,1,193.07579,193.07579,1,1,31.989301,31.989301,1,1,51.842178,51.842178,1,1,86.886309,86.886309,1,1,105.49027,105.49027,1,1,90.30072,90.30072,1,1,88.085185,88.085185
0b_random_erasing_best,file,18,baseline_random_erasing,1491,027.Shiny_Cowbird/Shiny_Cowbird_0070_796832.jpg,27,26,027.Shiny_Cowbird,107,106,random_erasing,random_erasing,0,"{""area_fraction"":0.192837,""erased"":true,""height"":0.599893,""left"":0.484227,""top"":0.185982,""width"":0.321452}",4.2015119,3.69116,-0.5103519,0.014972924,0.024943054,0.68667465,0.56515056,-0.67170173,-0.54020751,0.13149423,0.78468967,1.2043364,195.70788,235.69812,False,0.92984486,True,False,False,0.78468967,1.2043364,195.70788,235.69812,0.7809372,1.2040874,193.07579,232.48013,0.9203646,1.2133697,31.989301,38.814849,0.80646949,1.0452242,51.842178,54.186702,0.72208359,1.2779906,86.886309,111.03989,0.83462373,1.24954,105.49027,131.81431,0.78112906,1.1535663,90.30072,104.16787,0.75893853,1.1663428,88.085185,102.73752
0b_random_erasing_best,file,18,baseline_random_erasing,6000,103.Sayornis/Sayornis_0076_98941.jpg,103,102,103.Sayornis,102,101,identity,identity,0,{},0.040694002,0.040694002,0,0.96012288,0.96012288,0.007849941,0.007849941,0.95227294,0.95227294,0,1,1,5.4366265,5.4366265,False,0.99999994,True,True,True,1,1,5.4366265,5.4366265,1,1,5.284166,5.284166,1,1,1.2784745,1.2784745,1,1,1.4519778,1.4519778,1,1,2.4838802,2.4838802,1,1,2.6341876,2.6341876,1,1,2.3820509,2.3820509,1,1,2.6516786,2.6516786
0b_random_erasing_best,file,18,baseline_random_erasing,6000,103.Sayornis/Sayornis_0076_98941.jpg,103,102,103.Sayornis,102,101,random_erasing,random_erasing,0,"{""area_fraction"":0.064069,""erased"":true,""height"":0.194924,""left"":0.25938,""top"":0.523992,""width"":0.32869}",0.040694002,0.14648002,0.10578602,0.96012288,0.86374301,0.007849941,0.044815149,0.95227294,0.81892786,-0.13334508,0.79566515,4.2856262,5.4366265,23.299349,False,0.97666305,True,True,True,0.79566515,4.2856262,5.4366265,23.299349,0.78825252,4.3182715,5.284166,22.818463,0.9537129,3.6835208,1.2784745,4.7092875,0.88335673,4.2011613,1.4519778,6.0999929,0.7265386,4.2892826,2.4838802,10.654064,0.76012595,4.8142287,2.6341876,12.681582,0.7865656,4.3012381,2.3820509,10.245768,0.86481295,3.84893,2.6516786,10.206125
0b_random_erasing_best,file,18,baseline_random_erasing,3208,056.Pine_Grosbeak/Pine_Grosbeak_0068_38981.jpg,56,55,056.Pine_Grosbeak,185,184,identity,identity,0,{},0.0046112156,0.0046112156,0,0.99539942,0.99539942,0.0014582346,0.0014582346,0.99394118,0.99394118,0,1,1,0.65222087,0.65222087,False,1.0000001,True,True,True,1,1,0.65222087,0.65222087,1,1,0.63237103,0.63237103,1,1,0.15968387,0.15968387,1,1,0.096853726,0.096853726,1,1,0.27459176,0.27459176,1,1,0.30285339,0.30285339,1,1,0.30766376,0.30766376,1,1,0.35879615,0.35879615
0b_random_erasing_best,file,18,baseline_random_erasing,3208,056.Pine_Grosbeak/Pine_Grosbeak_0068_38981.jpg,56,55,056.Pine_Grosbeak,185,184,random_erasing,random_erasing,0,"{""area_fraction"":0.195869,""erased"":true,""height"":0.260445,""left"":0.021312,""top"":0.268122,""width"":0.752053}",0.0046112156,0.00219545,-0.0024157655,0.99539942,0.99780697,0.0014582346,0.00024695037,0.99394118,0.99756002,0.0036188351,0.71752411,0.47387968,0.65222087,0.30907421,False,0.93800044,True,True,True,0.71752411,0.47387968,0.65222087,0.30907421,0.70645051,0.46994564,0.63237103,0.29718001,0.87611316,0.5317825,0.15968387,0.084917089,0.72203286,0.56713933,0.096853726,0.054929557,0.67579804,0.42949413,0.27459176,0.11793555,0.64925845,0.46232567,0.30285339,0.1400169,0.70369154,0.46666742,0.30766376,0.14357665,0.76435908,0.49207018,0.35879615,0.17655289
0b_random_erasing_best,file,18,baseline_random_erasing,5522,095.Baltimore_Oriole/Baltimore_Oriole_0045_88178.jpg,95,94,095.Baltimore_Oriole,97,96,identity,identity,0,{},0.010854605,0.010854605,0,0.98920411,0.98920411,0.0027019205,0.0027019205,0.98650219,0.98650219,0,1,1,1.3058899,1.3058899,False,1,True,True,True,1,1,1.3058899,1.3058899,1,1,1.2712406,1.2712406,1,1,0.29882391,0.29882391,1,1,0.2734891,0.2734891,1,1,0.51000421,0.51000421,1,1,0.63528197,0.63528197,1,1,0.59784526,0.59784526,1,1,0.72121427,0.72121427
0b_random_erasing_best,file,18,baseline_random_erasing,5522,095.Baltimore_Oriole/Baltimore_Oriole_0045_88178.jpg,95,94,095.Baltimore_Oriole,97,96,random_erasing,random_erasing,0,"{""area_fraction"":0.114074,""erased"":true,""height"":0.263208,""left"":0.331542,""top"":0.691045,""width"":0.4334}",0.010854605,0.018344739,0.0074901348,0.98920411,0.98182249,0.0027019205,0.004111188,0.98650219,0.9777113,-0.0087908856,0.95906202,1.7451954,1.3058899,2.279033,False,0.99560165,True,True,True,0.95906202,1.7451954,1.3058899,2.279033,0.95749543,1.7536545,1.2712406,2.2293169,0.99515738,1.5843176,0.29882391,0.47343199,0.9567783,1.7737131,0.2734891,0.48509119,0.95554152,1.7551184,0.51000421,0.89511776,0.9625815,1.7975775,0.63528197,1.1419686,0.94815615,1.7511306,0.59784526,1.0469051,0.96147789,1.7168619,0.72121427,1.2382253
0b_random_erasing_best,file,18,baseline_random_erasing,8626,147.Least_Tern/Least_Tern_0020_153458.jpg,147,146,147.Least_Tern,146,145,identity,identity,0,{},0.46527112,0.46527112,0,0.62796485,0.62796485,0.27848509,0.27848509,0.34947976,0.34947976,0,1,1,52.324061,52.324061,False,1,True,True,True,1,1,52.324061,52.324061,1,1,50.282238,50.282238,1,1,14.474248,14.474248,1,1,10.974966,10.974966,1,1,23.104561,23.104561,1,1,25.559493,25.559493,1,1,23.082378,23.082378,1,1,26.228782,26.228782
0b_random_erasing_best,file,18,baseline_random_erasing,8626,147.Least_Tern/Least_Tern_0020_153458.jpg,147,146,147.Least_Tern,146,145,random_erasing,random_erasing,0,"{""area_fraction"":0.146975,""erased"":true,""height"":0.251246,""left"":0.140388,""top"":0.159252,""width"":0.584983}",0.46527112,0.77686357,0.31159246,0.62796485,0.45984605,0.27848509,0.33680815,0.34947976,0.1230379,-0.22644186,0.91668465,1.5087828,52.324061,78.945644,False,0.9811461,True,True,True,0.91668465,1.5087828,52.324061,78.945644,0.91293488,1.5215568,50.282238,76.507281,0.9743697,1.3450939,14.474248,19.469223,0.94982276,1.4362323,10.974966,15.762601,0.92000058,1.6175088,23.104561,37.371829,0.91810359,1.5655934,25.559493,40.015773,0.90371613,1.5155839,23.082378,34.98328,0.90679879,1.4179402,26.228782,37.190844
0b_random_erasing_best,file,18,baseline_random_erasing,1332,024.Red_faced_Cormorant/Red_Faced_Cormorant_0036_796329.jpg,24,23,024.Red_faced_Cormorant,82,81,identity,identity,0,{},0.12679185,0.12679185,0,0.88091701,0.88091701,0.021478467,0.021478467,0.85943855,0.85943855,0,1,1,17.283252,17.283252,False,1,True,True,True,1,1,17.283252,17.283252,1,1,16.817928,16.817928,1,1,3.9834783,3.9834783,1,1,4.19881,4.19881,1,1,7.5268234,7.5268234,1,1,8.137354,8.137354,1,1,8.2226174,8.2226174,1,1,8.6447476,8.6447476
0b_random_erasing_best,file,18,baseline_random_erasing,1332,024.Red_faced_Cormorant/Red_Faced_Cormorant_0036_796329.jpg,24,23,024.Red_faced_Cormorant,82,81,random_erasing,random_erasing,0,"{""area_fraction"":0.184219,""erased"":true,""height"":0.475261,""left"":0.508674,""top"":0.042699,""width"":0.387616}",0.12679185,1.3942329,1.267441,0.88091701,0.24802323,0.021478467,0.023069853,0.85943855,0.22495337,-0.63448517,0.79802601,6.1341688,17.283252,106.01839,False,0.93572867,True,True,True,0.79802601,6.1341688,17.283252,106.01839,0.79117266,6.0924051,16.817928,102.46163,0.91187951,6.8359163,3.9834783,27.230724,0.77201155,5.7977495,4.19881,24.343649,0.8052864,6.3271127,7.5268234,47.623059,0.79113474,6.0464537,8.137354,49.202134,0.79239438,5.9599987,8.2226174,49.006789,0.78424067,6.1377633,8.6447476,53.059414
0b_random_erasing_best,file,18,baseline_random_erasing,3799,066.Western_Gull/Western_Gull_0080_53445.jpg,66,65,066.Western_Gull,59,58,identity,identity,0,{},0.072077602,0.072077602,0,0.93045866,0.93045866,0.044598661,0.044598661,0.88586,0.88586,0,1,1,10.716776,10.716776,False,0.99999994,True,True,True,1,1,10.716776,10.716776,1,1,10.257278,10.257278,1,1,3.1044357,3.1044357,1,1,1.7825812,1.7825812,1,1,4.7631826,4.7631826,1,1,5.9581337,5.9581337,1,1,4.4752016,4.4752016,1,1,4.8805189,4.8805189
0b_random_erasing_best,file,18,baseline_random_erasing,3799,066.Western_Gull/Western_Gull_0080_53445.jpg,66,65,066.Western_Gull,59,58,random_erasing,random_erasing,0,"{""area_fraction"":0.150842,""erased"":true,""height"":0.223875,""left"":0.285105,""top"":0.713346,""width"":0.673777}",0.072077602,0.17156844,0.099490836,0.93045866,0.84234262,0.044598661,0.05493452,0.88586,0.78740809,-0.098451909,0.76369734,2.1610707,10.716776,23.159709,False,0.97091174,True,True,True,0.76369734,2.1610707,10.716776,23.159709,0.75012763,2.1760892,10.257278,22.320752,0.92853401,1.9897548,3.1044357,6.177066,0.68692355,3.2036295,1.7825812,5.7107298,0.61012045,2.0221969,4.7631826,9.6320931,0.78701114,2.1223114,5.9581337,12.645015,0.76965864,2.197856,4.4752016,9.8358488,0.82849859,2.2085687,4.8805189,10.778961
0b_random_erasing_best,file,18,baseline_random_erasing,861,016.Painted_Bunting/Painted_Bunting_0028_15205.jpg,16,15,016.Painted_Bunting,54,53,identity,identity,0,{},0.035868376,0.035868376,0,0.96476728,0.96476728,0.0051438357,0.0051438357,0.95962344,0.95962344,0,1,1,5.4672217,5.4672217,False,1,True,True,True,1,1,5.4672217,5.4672217,1,1,5.3780433,5.3780433,1,1,0.98344458,0.98344458,1,1,0.93813068,0.93813068,1,1,2.260676,2.260676,1,1,2.818152,2.818152,1,1,2.6749562,2.6749562,1,1,2.7991485,2.7991485
0b_random_erasing_best,file,18,baseline_random_erasing,861,016.Painted_Bunting/Painted_Bunting_0028_15205.jpg,16,15,016.Painted_Bunting,54,53,random_erasing,random_erasing,0,"{""area_fraction"":0.182553,""erased"":true,""height"":0.325404,""left"":0.247809,""top"":0.429454,""width"":0.561003}",0.035868376,0.063657306,0.02778893,0.96476728,0.93832648,0.0051438357,0.0055663018,0.95962344,0.93276018,-0.026863265,0.78896567,1.5629276,5.4672217,8.5448717,False,0.98169982,True,True,True,0.78896567,1.5629276,5.4672217,8.5448717,0.78204064,1.5558428,5.3780433,8.3673899,0.97773844,1.7616832,0.98344458,1.7325178,0.78427609,1.5487811,0.93813068,1.452959,0.74128645,1.4428335,2.260676,3.2617791,0.78094468,1.6160985,2.818152,4.5544113,0.75900438,1.5373405,2.6749562,4.1123186,0.82968493,1.5819867,2.7991485,4.4282157
0b_random_erasing_best,file,18,baseline_random_erasing,8361,143.Caspian_Tern/Caspian_Tern_0101_145164.jpg,143,142,143.Caspian_Tern,145,144,identity,identity,0,{},0.5574609,0.5574609,0,0.57266128,0.57266128,0.40403494,0.40403494,0.16862634,0.16862634,0,1,1,65.169808,65.169808,False,0.99999994,True,True,True,1,1,65.169808,65.169808,1,1,62.712239,62.712239,1,1,17.727917,17.727917,1,1,11.819624,11.819624,1,1,34.185487,34.185487,1,1,31.053624,31.053624,1,1,26.473553,26.473553,1,1,30.972524,30.972524
0b_random_erasing_best,file,18,baseline_random_erasing,8361,143.Caspian_Tern/Caspian_Tern_0101_145164.jpg,143,142,143.Caspian_Tern,145,144,random_erasing,random_erasing,0,"{""area_fraction"":0.089848,""erased"":true,""height"":0.261058,""left"":0.381827,""top"":0.176654,""width"":0.34417}",0.5574609,0.62535667,0.06789577,0.57266128,0.53507054,0.40403494,0.44016239,0.16862634,0.094908148,-0.07371819,0.95537486,1.1044379,65.169808,71.976005,False,0.99564266,True,True,True,0.95537486,1.1044379,65.169808,71.976005,0.95212913,1.1036494,62.712239,69.212327,0.99564502,1.1142572,17.727917,19.753458,0.94530453,1.1372468,11.819624,13.44183,0.96814563,1.0478903,34.185487,35.82264,0.94464912,1.1248314,31.053624,34.930091,0.94024361,1.132861,26.473553,29.990856,0.95327616,1.1216261,30.972524,34.73959
0b_random_erasing_best,file,18,baseline_random_erasing,1973,035.Purple_Finch/Purple_Finch_0134_27526.jpg,35,34,035.Purple_Finch,56,55,identity,identity,0,{},0.011246384,0.011246384,0,0.98881662,0.98881662,0.0039331019,0.0039331019,0.98488352,0.98488352,0,1,1,1.6617283,1.6617283,False,1,True,True,True,1,1,1.6617283,1.6617283,1,1,1.6117097,1.6117097,1,1,0.40463935,0.40463935,1,1,0.35634709,0.35634709,1,1,0.75504125,0.75504125,1,1,0.79124103,0.79124103,1,1,0.75614372,0.75614372,1,1,0.83828505,0.83828505
0b_random_erasing_best,file,18,baseline_random_erasing,1973,035.Purple_Finch/Purple_Finch_0134_27526.jpg,35,34,035.Purple_Finch,56,55,random_erasing,random_erasing,0,"{""area_fraction"":0.130414,""erased"":true,""height"":0.429107,""left"":0.089344,""top"":0.000885,""width"":0.303918}",0.011246384,0.0156746,0.0044282163,0.98881662,0.9844476,0.0039331019,0.0083271125,0.98488352,0.97612049,-0.0087630311,0.94604839,1.3441361,1.6617283,2.233589,False,0.99348533,True,True,True,0.94604839,1.3441361,1.6617283,2.233589,0.94406796,1.3400609,1.6117097,2.159789,0.97702935,1.4072112,0.40463935,0.56941303,0.94755554,1.3823187,0.35634709,0.49258524,0.96079408,1.3139816,0.75504125,0.99211029,0.9501221,1.3170354,0.79124103,1.0420925,0.93516165,1.3355973,0.75614372,1.0099035,0.93304697,1.3767171,0.83828505,1.1540814
0b_random_erasing_best,file,18,baseline_random_erasing,1837,033.Yellow_billed_Cuckoo/Yellow_Billed_Cuckoo_0097_26713.jpg,33,32,033.Yellow_billed_Cuckoo,32,31,identity,identity,0,{},0.090768106,0.090768106,0,0.91322947,0.91322947,0.0095866537,0.0095866537,0.90364281,0.90364281,0,1,1,14.324295,14.324295,False,0.99999988,True,True,True,1,1,14.324295,14.324295,1,1,14.038094,14.038094,1,1,2.8490951,2.8490951,1,1,3.5363897,3.5363897,1,1,5.3675248,5.3675248,1,1,7.3730223,7.3730223,1,1,7.0322225,7.0322225,1,1,7.2068092,7.2068092
0b_random_erasing_best,file,18,baseline_random_erasing,1837,033.Yellow_billed_Cuckoo/Yellow_Billed_Cuckoo_0097_26713.jpg,33,32,033.Yellow_billed_Cuckoo,32,31,random_erasing,random_erasing,0,"{""area_fraction"":0.074743,""erased"":true,""height"":0.375881,""left"":0.268477,""top"":0.544156,""width"":0.198847}",0.090768106,0.32846299,0.23769488,0.91322947,0.72002959,0.0095866537,0.023662189,0.90364281,0.6963674,-0.20727541,0.88290704,3.0441606,14.324295,43.605455,False,0.97836024,True,True,True,0.88290704,3.0441606,14.324295,43.605455,0.87908655,3.0408368,14.038094,42.687553,0.97350289,3.1237696,2.8490951,8.8999167,0.93650814,3.1038789,3.5363897,10.976525,0.88128494,3.1698469,5.3675248,17.014232,0.88171958,2.9862933,7.3730223,22.018007,0.86120811,3.0144475,7.0322225,21.198265,0.87853571,3.0340051,7.2068092,21.865496
0b_random_erasing_best,file,18,baseline_random_erasing,4840,083.White_breasted_Kingfisher/White_Breasted_Kingfisher_0074_73408.jpg,83,82,083.White_breasted_Kingfisher,165,164,identity,identity,0,{},0.14836746,0.14836746,0,0.86211425,0.86211425,0.062370341,0.062370341,0.79974391,0.79974391,0,1,1,32.451533,32.451533,False,1,True,True,True,1,1,32.451533,32.451533,1,1,32.07928,32.07928,1,1,4.9012033,4.9012033,1,1,7.7323005,7.7323005,1,1,13.623656,13.623656,1,1,17.313331,17.313331,1,1,16.101701,16.101701,1,1,14.989045,14.989045
0b_random_erasing_best,file,18,baseline_random_erasing,4840,083.White_breasted_Kingfisher/White_Breasted_Kingfisher_0074_73408.jpg,83,82,083.White_breasted_Kingfisher,165,164,random_erasing,random_erasing,0,"{""area_fraction"":0.126766,""erased"":true,""height"":0.42848,""left"":0.339544,""top"":0.056128,""width"":0.295849}",0.14836746,0.06200403,-0.086363435,0.86211425,0.93987912,0.062370341,0.0080349427,0.79974391,0.93184418,0.13210027,0.75376089,0.35066035,32.451533,11.379466,False,0.96138602,True,True,True,0.75376089,0.35066035,32.451533,11.379466,0.749767,0.34945562,32.07928,11.210285,0.91009101,0.39886773,4.9012033,1.9549318,0.68708464,0.30967882,7.7323005,2.3945297,0.6455376,0.31282823,13.623656,4.2618643,0.75217221,0.33964168,17.313331,5.8803289,0.76155521,0.37036398,16.101701,5.9634901,0.82706957,0.37522137,14.989045,5.6242101
0b_random_erasing_best,file,18,baseline_random_erasing,8917,152.Blue_headed_Vireo/Blue_Headed_Vireo_0031_156056.jpg,152,151,152.Blue_headed_Vireo,157,156,identity,identity,0,{},0.53916723,0.53916723,0,0.58323377,0.58323377,0.13087682,0.13087682,0.45235695,0.45235695,0,1,1,63.704012,63.704012,False,1,True,True,True,1,1,63.704012,63.704012,1,1,62.003644,62.003644,1,1,14.620169,14.620169,1,1,12.311195,12.311195,1,1,33.973239,33.973239,1,1,30.567482,30.567482,1,1,28.034316,28.034316,1,1,28.607892,28.607892
0b_random_erasing_best,file,18,baseline_random_erasing,8917,152.Blue_headed_Vireo/Blue_Headed_Vireo_0031_156056.jpg,152,151,152.Blue_headed_Vireo,157,156,random_erasing,random_erasing,0,"{""area_fraction"":0.160246,""erased"":true,""height"":0.221184,""left"":0.126439,""top"":0.525134,""width"":0.724495}",0.53916723,0.56059915,0.021431923,0.58323377,0.57086694,0.13087682,0.014841537,0.45235695,0.55602541,0.10366846,0.79709048,1.0022425,63.704012,63.84687,False,0.96730518,True,True,True,0.79709048,1.0022425,63.704012,63.84687,0.79022381,1.002948,62.003644,62.186428,0.92234464,0.98946865,14.620169,14.466198,0.68305083,1.0623378,12.311195,13.078648,0.78626669,0.90931805,33.973239,30.892479,0.79763799,1.0422397,30.567482,31.858645,0.78764569,1.0195122,28.034316,28.581328,0.8156701,1.0544077,28.607892,30.164383
0b_random_erasing_best,file,18,baseline_random_erasing,2827,049.Boat_tailed_Grackle/Boat_Tailed_Grackle_0067_34032.jpg,49,48,049.Boat_tailed_Grackle,29,28,identity,identity,0,{},5.7507005,5.7507005,0,0.0031805523,0.0031805523,0.86864239,0.86864239,-0.86546184,-0.86546184,0,1,1,242.35596,242.35596,False,1,True,False,False,1,1,242.35596,242.35596,1,1,239.05063,239.05063,1,1,39.889923,39.889923,1,1,57.017578,57.017578,1,1,105.00079,105.00079,1,1,143.01621,143.01621,1,1,107.86312,107.86312,1,1,103.83133,103.83133
0b_random_erasing_best,file,18,baseline_random_erasing,2827,049.Boat_tailed_Grackle/Boat_Tailed_Grackle_0067_34032.jpg,49,48,049.Boat_tailed_Grackle,29,28,random_erasing,random_erasing,0,"{""area_fraction"":0.138082,""erased"":true,""height"":0.537757,""left"":0.039083,""top"":0.33006,""width"":0.256774}",5.7507005,5.6604815,-0.090219021,0.0031805523,0.0034808412,0.86864239,0.81167239,-0.86546184,-0.80819155,0.057270289,0.92686322,0.93855862,242.35596,227.46527,False,0.98178697,True,False,False,0.92686322,0.93855862,242.35596,227.46527,0.92535393,0.93839508,239.05063,224.32394,0.98073939,0.94441307,39.889923,37.672565,0.93308706,0.99030123,57.017578,56.464578,0.9198089,0.92982359,105.00079,97.632215,0.93826552,0.9365797,143.01621,133.94608,0.91246141,0.9188409,107.86312,99.109045,0.91864188,0.95520804,103.83133,99.180524
0b_random_erasing_best,file,18,baseline_random_erasing,5699,098.Scott_Oriole/Scott_Oriole_0068_795804.jpg,98,97,098.Scott_Oriole,95,94,identity,identity,0,{},0.10667955,0.10667955,0,0.89881366,0.89881366,0.021766625,0.021766625,0.87704704,0.87704704,0,1,1,16.212578,16.212578,False,0.99999994,True,True,True,1,1,16.212578,16.212578,1,1,15.995056,15.995056,1,1,2.646861,2.646861,1,1,3.3826786,3.3826786,1,1,7.1302517,7.1302517,1,1,8.2807659,8.2807659,1,1,7.8042523,7.8042523,1,1,8.0050846,8.0050846
0b_random_erasing_best,file,18,baseline_random_erasing,5699,098.Scott_Oriole/Scott_Oriole_0068_795804.jpg,98,97,098.Scott_Oriole,95,94,random_erasing,random_erasing,0,"{""area_fraction"":0.095718,""erased"":true,""height"":0.451693,""left"":0.710607,""top"":0.287569,""width"":0.21191}",0.10667955,0.12683281,0.020153262,0.89881366,0.88088095,0.021766625,0.023572089,0.87704704,0.85730886,-0.019738177,0.97391211,1.1280325,16.212578,18.288315,False,0.99781996,True,True,True,0.97391211,1.1280325,16.212578,18.288315,0.97325646,1.1273278,15.995056,18.031672,0.99756134,1.1534706,2.646861,3.0530764,0.95362933,1.162849,3.3826786,3.9335445,0.97507047,1.1504714,7.1302517,8.2031507,0.97782089,1.1215772,8.2807659,9.2875181,0.96935396,1.1100494,7.8042523,8.6631057,0.97457252,1.1247665,8.0050846,9.0038514
0b_random_erasing_best,file,18,baseline_random_erasing,8653,148.Green_tailed_Towhee/Green_Tailed_Towhee_0074_154915.jpg,148,147,148.Green_tailed_Towhee,75,74,identity,identity,0,{},0.037036303,0.037036303,0,0.96364117,0.96364117,0.0031401452,0.0031401452,0.96050102,0.96050102,0,1,1,6.3178257,6.3178257,False,1,True,True,True,1,1,6.3178257,6.3178257,1,1,6.1848509,6.1848509,1,1,1.2893956,1.2893956,1,1,1.0120067,1.0120067,1,1,2.4382723,2.4382723,1,1,3.4718852,3.4718852,1,1,2.9536168,2.9536168,1,1,3.2411746,3.2411746
0b_random_erasing_best,file,18,baseline_random_erasing,8653,148.Green_tailed_Towhee/Green_Tailed_Towhee_0074_154915.jpg,148,147,148.Green_tailed_Towhee,75,74,random_erasing,random_erasing,0,"{""area_fraction"":0.164864,""erased"":true,""height"":0.508902,""left"":0.331642,""top"":0.066766,""width"":0.323959}",0.037036303,0.023060359,-0.013975944,0.96364117,0.97720349,0.0031401452,0.0019285432,0.96050102,0.97527495,0.014773924,0.80943294,0.62283771,6.3178257,3.9349801,False,0.97265798,True,True,True,0.80943294,0.62283771,6.3178257,3.9349801,0.80203695,0.62029064,6.1848509,3.8364051,0.96807487,0.678807,1.2893956,0.87525079,0.56159166,0.64492628,1.0120067,0.65266974,0.71208557,0.62982794,2.4382723,1.535692,0.8003645,0.55958054,3.4718852,1.9427994,0.8083388,0.63971119,2.9536168,1.8894617,0.87614674,0.66094194,3.2411746,2.1422282
0b_random_erasing_best,file,18,baseline_random_erasing,7111,122.Harris_Sparrow/Harris_Sparrow_0081_116574.jpg,122,121,122.Harris_Sparrow,99,98,identity,identity,0,{},0.31324753,0.31324753,0,0.73106891,0.73106891,0.072709665,0.072709665,0.65835924,0.65835924,0,1,1,61.143202,61.143202,False,1,True,True,True,1,1,61.143202,61.143202,1,1,60.671303,60.671303,1,1,7.5818267,7.5818267,1,1,11.252686,11.252686,1,1,32.497248,32.497248,1,1,36.096152,36.096152,1,1,26.179286,26.179286,1,1,22.583749,22.583749
0b_random_erasing_best,file,18,baseline_random_erasing,7111,122.Harris_Sparrow/Harris_Sparrow_0081_116574.jpg,122,121,122.Harris_Sparrow,99,98,random_erasing,random_erasing,0,"{""area_fraction"":0.143397,""erased"":true,""height"":0.226363,""left"":0.318863,""top"":0.040682,""width"":0.633482}",0.31324753,0.59815383,0.2849063,0.73106891,0.54982573,0.072709665,0.20010373,0.65835924,0.349722,-0.30863725,0.907428,2.0496921,61.143202,125.32474,False,0.98065841,True,True,True,0.907428,2.0496921,61.143202,125.32474,0.90655538,2.0505593,60.671303,124.41011,0.96526692,1.9933729,7.5818267,15.113408,0.84736087,2.2865658,11.252686,25.730008,0.93643132,2.2634043,32.497248,73.55441,0.90340987,1.9248431,36.096152,69.47943,0.89989921,2.0177774,26.179286,52.82397,0.88901728,1.8722625,22.583749,42.282705
0b_random_erasing_best,file,18,baseline_random_erasing,6416,110.Geococcyx/Geococcyx_0106_104216.jpg,110,109,110.Geococcyx,150,149,identity,identity,0,{},0.0030303532,0.0030303532,0,0.99697423,0.99697423,0.0011066879,0.0011066879,0.99586754,0.99586754,0,1,1,0.39607909,0.39607909,False,1,True,True,True,1,1,0.39607909,0.39607909,1,1,0.38216827,0.38216827,1,1,0.10404835,0.10404835,1,1,0.077610028,0.077610028,1,1,0.15302259,0.15302259,1,1,0.18735019,0.18735019,1,1,0.17486522,0.17486522,1,1,0.22568877,0.22568877
0b_random_erasing_best,file,18,baseline_random_erasing,6416,110.Geococcyx/Geococcyx_0106_104216.jpg,110,109,110.Geococcyx,150,149,random_erasing,random_erasing,0,"{""area_fraction"":0.087886,""erased"":true,""height"":0.275259,""left"":0.200298,""top"":0.659906,""width"":0.319285}",0.0030303532,0.0026528188,-0.00037753442,0.99697423,0.99735069,0.0011066879,0.00073518459,0.99586754,0.99661551,0.00074796629,0.95185293,0.9147474,0.39607909,0.36231232,False,0.99347532,True,True,True,0.95185293,0.9147474,0.39607909,0.36231232,0.94939241,0.91904344,0.38216827,0.35122924,0.98989495,0.85468217,0.10404835,0.088928268,0.97471258,0.93830133,0.077610028,0.072821592,0.96211691,0.96583191,0.15302259,0.1477941,0.94634175,0.91030515,0.18735019,0.17054585,0.93250048,0.90483977,0.17486522,0.15822501,0.95303727,0.90908525,0.22568877,0.20517033
0b_random_erasing_best,file,18,baseline_random_erasing,2343,041.Scissor_tailed_Flycatcher/Scissor_Tailed_Flycatcher_0126_41905.jpg,41,40,041.Scissor_tailed_Flycatcher,112,111,identity,identity,0,{},0.024964349,0.024964349,0,0.97534466,0.97534466,0.005203852,0.005203852,0.97014081,0.97014081,0,1,1,4.6779172,4.6779172,False,1,True,True,True,1,1,4.6779172,4.6779172,1,1,4.6117243,4.6117243,1,1,0.78416086,0.78416086,1,1,0.92344551,0.92344551,1,1,2.1408356,2.1408356,1,1,2.755909,2.755909,1,1,2.0854158,2.0854158,1,1,1.9718214,1.9718214
0b_random_erasing_best,file,18,baseline_random_erasing,2343,041.Scissor_tailed_Flycatcher/Scissor_Tailed_Flycatcher_0126_41905.jpg,41,40,041.Scissor_tailed_Flycatcher,112,111,random_erasing,random_erasing,0,"{""area_fraction"":0.16325,""erased"":true,""height"":0.240357,""left"":0.065307,""top"":0.376423,""width"":0.679195}",0.024964349,0.022671318,-0.0022930317,0.97534466,0.97758377,0.005203852,0.00066680514,0.97014081,0.97691696,0.0067761549,0.51261127,0.86998609,4.6779172,4.069723,False,0.91020405,True,True,True,0.51261127,0.86998609,4.6779172,4.069723,0.50114851,0.86779505,4.6117243,4.0020315,0.87929946,0.94263939,0.78416086,0.73918092,0.60239997,0.81972708,0.92344551,0.7569733,0.30053184,1.0140067,2.1408356,2.1708216,0.49280708,0.76827331,2.755909,2.1172913,0.59538793,0.84538477,2.0854158,1.7629787,0.67746495,0.89863016,1.9718214,1.7719382
0b_random_erasing_best,file,18,baseline_random_erasing,7633,131.Vesper_Sparrow/Vesper_Sparrow_0087_125712.jpg,131,130,131.Vesper_Sparrow,104,103,identity,identity,0,{},0.14630044,0.14630044,0,0.8638981,0.8638981,0.10357073,0.10357073,0.76032737,0.76032737,0,1,1,24.404976,24.404976,False,1,True,True,True,1,1,24.404976,24.404976,1,1,23.687315,23.687315,1,1,5.8748583,5.8748583,1,1,4.7216061,4.7216061,1,1,10.514776,10.514776,1,1,13.827047,13.827047,1,1,10.440308,10.440308,1,1,11.31581,11.31581
0b_random_erasing_best,file,18,baseline_random_erasing,7633,131.Vesper_Sparrow/Vesper_Sparrow_0087_125712.jpg,131,130,131.Vesper_Sparrow,104,103,random_erasing,random_erasing,0,"{""area_fraction"":0.099204,""erased"":true,""height"":0.423935,""left"":0.64068,""top"":0.408973,""width"":0.234008}",0.14630044,0.27782357,0.13152313,0.8638981,0.75743043,0.10357073,0.16212748,0.76032737,0.59530295,-0.16502441,0.91145629,1.7879596,24.404976,43.635111,False,0.99068856,True,True,True,0.91145629,1.7879596,24.404976,43.635111,0.90688918,1.7894003,23.687315,42.386088,0.9868416,1.7643739,5.8748583,10.365447,0.9424386,2.0085612,4.7216061,9.4836349,0.87923972,1.8557823,10.514776,19.513135,0.90981995,1.7484832,13.827047,24.17636,0.90146912,1.8168143,10.440308,18.968101,0.92860713,1.7262941,11.31581,19.534416
0b_random_erasing_best,file,18,baseline_random_erasing,1571,028.Brown_Creeper/Brown_Creeper_0115_24488.jpg,28,27,028.Brown_Creeper,188,187,identity,identity,0,{},0.0019651402,0.0019651402,0,0.9980368,0.9980368,0.00087281532,0.00087281532,0.99716399,0.99716399,0,1,1,0.42731658,0.42731658,False,1,True,True,True,1,1,0.42731658,0.42731658,1,1,0.4210854,0.4210854,1,1,0.072708653,0.072708653,1,1,0.11837288,0.11837288,1,1,0.2013051,0.2013051,1,1,0.23771805,0.23771805,1,1,0.19083983,0.19083983,1,1,0.17276377,0.17276377
0b_random_erasing_best,file,18,baseline_random_erasing,1571,028.Brown_Creeper/Brown_Creeper_0115_24488.jpg,28,27,028.Brown_Creeper,188,187,random_erasing,random_erasing,0,"{""area_fraction"":0.085964,""erased"":true,""height"":0.390063,""left"":0.190669,""top"":0.060781,""width"":0.220385}",0.0019651402,0.029105561,0.027140421,0.9980368,0.97131395,0.00087281532,0.02094098,0.99716399,0.95037297,-0.046791013,0.80805305,14.309446,0.42731658,6.1146634,False,0.96283066,True,True,True,0.80805305,14.309446,0.42731658,6.1146634,0.80406592,14.270348,0.4210854,6.0090354,0.93361596,15.563995,0.072708653,1.1316371,0.80865954,18.189175,0.11837288,2.1531051,0.72703038,12.86469,0.2013051,2.5897277,0.82720822,13.8067,0.23771805,3.2821018,0.8311089,14.147419,0.19083983,2.6998911,0.84007548,14.987379,0.17276377,2.5892761
0b_random_erasing_best,file,18,baseline_random_erasing,1952,035.Purple_Finch/Purple_Finch_0102_27308.jpg,35,34,035.Purple_Finch,195,194,identity,identity,0,{},0.070602059,0.070602059,0,0.93183261,0.93183261,0.017040648,0.017040648,0.91479196,0.91479196,0,1,1,10.087004,10.087004,False,1,True,True,True,1,1,10.087004,10.087004,1,1,9.9258374,9.9258374,1,1,1.7959401,1.7959401,1,1,2.4828785,2.4828785,1,1,4.5635974,4.5635974,1,1,4.8438418,4.8438418,1,1,4.4906903,4.4906903,1,1,5.2822381,5.2822381
0b_random_erasing_best,file,18,baseline_random_erasing,1952,035.Purple_Finch/Purple_Finch_0102_27308.jpg,35,34,035.Purple_Finch,195,194,random_erasing,random_erasing,0,"{""area_fraction"":0.08279,""erased"":true,""height"":0.308609,""left"":0.217451,""top"":0.647314,""width"":0.268267}",0.070602059,0.061762661,-0.0088393986,0.93183261,0.94010597,0.017040648,0.018384678,0.91479196,0.9217213,0.0069293324,0.9810388,0.91451565,10.087004,9.224723,False,0.99651778,True,True,True,0.9810388,0.91451565,10.087004,9.224723,0.98059211,0.91460967,9.9258374,9.0782669,0.99473254,0.91163918,1.7959401,1.6372494,0.98364794,0.93441392,2.4828785,2.3200362,0.98468485,0.90668151,4.5635974,4.1377293,0.97969816,0.90565339,4.8438418,4.3868417,0.97629894,0.92759474,4.4906903,4.1655407,0.98095486,0.91412147,5.2822381,4.8286072
0b_random_erasing_best,file,18,baseline_random_erasing,8012,137.Cliff_Swallow/Cliff_Swallow_0071_133742.jpg,137,136,137.Cliff_Swallow,136,135,identity,identity,0,{},0.029603217,0.029603217,0,0.97083068,0.97083068,0.015254254,0.015254254,0.95557642,0.95557642,0,1,1,4.769119,4.769119,False,0.99999982,True,True,True,1,1,4.769119,4.769119,1,1,4.6195953,4.6195953,1,1,1.1848354,1.1848354,1,1,1.004949,1.004949,1,1,2.1963435,2.1963435,1,1,2.6184019,2.6184019,1,1,1.9967805,1.9967805,1,1,2.1595493,2.1595493
0b_random_erasing_best,file,18,baseline_random_erasing,8012,137.Cliff_Swallow/Cliff_Swallow_0071_133742.jpg,137,136,137.Cliff_Swallow,136,135,random_erasing,random_erasing,0,"{""area_fraction"":0.156079,""erased"":true,""height"":0.408008,""left"":0.377841,""top"":0.121837,""width"":0.38254}",0.029603217,0.12786001,0.098256793,0.97083068,0.87997657,0.015254254,0.075903006,0.95557642,0.80407356,-0.15150286,0.87560529,3.9024909,4.769119,18.611444,False,0.97441232,True,True,True,0.87560529,3.9024909,4.769119,18.611444,0.86957894,3.8939485,4.6195953,17.988466,0.96460485,4.0301206,1.1848354,4.7750294,0.86511346,3.3673203,1.004949,3.383985,0.87802313,3.8981281,2.1963435,8.5616281,0.8750961,3.8838538,2.6184019,10.16949,0.84775063,3.9198216,1.9967805,7.8270232,0.87424947,3.9874585,2.1595493,8.6111135
0b_random_erasing_best,file,18,baseline_random_erasing,11532,196.House_Wren/House_Wren_0094_187226.jpg,196,195,196.House_Wren,195,194,identity,identity,0,{},0.047855306,0.047855306,0,0.95327169,0.95327169,0.012869321,0.012869321,0.94040237,0.94040237,0,1,1,8.4883345,8.4883345,False,0.99999994,True,True,True,1,1,8.4883345,8.4883345,1,1,8.3811488,8.3811488,1,1,1.3446814,1.3446814,1,1,1.6666072,1.6666072,1,1,4.0388395,4.0388395,1,1,4.975912,4.975912,1,1,3.7809615,3.7809615,1,1,3.4782871,3.4782871
0b_random_erasing_best,file,18,baseline_random_erasing,11532,196.House_Wren/House_Wren_0094_187226.jpg,196,195,196.House_Wren,195,194,random_erasing,random_erasing,0,"{""area_fraction"":0.072753,""erased"":true,""height"":0.201771,""left"":0.263365,""top"":0.560498,""width"":0.360573}",0.047855306,0.017037224,-0.030818082,0.95327169,0.98310709,0.012869321,0.0012807797,0.94040237,0.98182631,0.041423944,0.82631074,0.3015753,8.4883345,2.559872,False,0.96381932,True,True,True,0.82631074,0.3015753,8.4883345,2.559872,0.82381894,0.29844609,8.3811488,2.5013211,0.93504167,0.40483122,1.3446814,0.54436903,0.62475527,0.27499153,1.6666072,0.45830287,0.74035312,0.26880316,4.0388395,1.0856528,0.86301585,0.28590887,4.975912,1.4226574,0.84253265,0.31030728,3.7809615,1.1732599,0.87817328,0.34826787,3.4782871,1.2113756
0b_random_erasing_best,file,18,baseline_random_erasing,8107,139.Scarlet_Tanager/Scarlet_Tanager_0093_138250.jpg,139,138,139.Scarlet_Tanager,140,139,identity,identity,0,{},1.1320504,1.1320504,0,0.3223716,0.3223716,0.66872001,0.66872001,-0.3463484,-0.3463484,0,1,1,161.34836,161.34836,False,1.0000001,True,False,False,1,1,161.34836,161.34836,1,1,158.50413,158.50413,1,1,30.161821,30.161821,1,1,37.362055,37.362055,1,1,65.643922,65.643922,1,1,85.377394,85.377394,1,1,83.345929,83.345929,1,1,71.990744,71.990744
0b_random_erasing_best,file,18,baseline_random_erasing,8107,139.Scarlet_Tanager/Scarlet_Tanager_0093_138250.jpg,139,138,139.Scarlet_Tanager,140,139,random_erasing,random_erasing,0,"{""area_fraction"":0.113187,""erased"":true,""height"":0.217694,""left"":0.143781,""top"":0.194961,""width"":0.519936}",1.1320504,0.78238612,-0.34966427,0.3223716,0.45731354,0.66872001,0.51985312,-0.3463484,-0.062539577,0.28380883,0.78875925,0.82829396,161.34836,133.64387,False,0.9768573,True,False,False,0.78875925,0.82829396,161.34836,133.64387,0.78164678,0.82678948,158.50413,131.04954,0.97661297,0.86881347,30.161821,26.204996,0.73061873,0.83635396,37.362055,31.247902,0.70741052,0.82940803,65.643922,54.445596,0.77158474,0.81986746,85.377394,69.998147,0.78762898,0.8068191,83.345929,67.245088,0.86160375,0.85758311,71.990744,61.738046
0b_random_erasing_best,file,18,baseline_random_erasing,7871,135.Bank_Swallow/Bank_Swallow_0068_129806.jpg,135,134,135.Bank_Swallow,137,136,identity,identity,0,{},1.3647224,1.3647224,0,0.25545159,0.25545159,0.57639307,0.57639307,-0.32094148,-0.32094148,0,1,1,106.41386,106.41386,False,1,True,False,False,1,1,106.41386,106.41386,1,1,103.03503,103.03503,1,1,26.602491,26.602491,1,1,25.459816,25.459816,1,1,48.749778,48.749778,1,1,54.512553,54.512553,1,1,45.269295,45.269295,1,1,50.700562,50.700562
0b_random_erasing_best,file,18,baseline_random_erasing,7871,135.Bank_Swallow/Bank_Swallow_0068_129806.jpg,135,134,135.Bank_Swallow,137,136,random_erasing,random_erasing,0,"{""area_fraction"":0.0939,""erased"":true,""height"":0.318172,""left"":0.425118,""top"":0.362283,""width"":0.295123}",1.3647224,3.1725967,1.8078743,0.25545159,0.041894671,0.57639307,0.65380853,-0.32094148,-0.61191386,-0.29097239,0.71901704,1.3258895,106.41386,141.09302,False,0.90996957,True,False,False,0.71901704,1.3258895,106.41386,141.09302,0.70643042,1.3259573,103.03503,136.62005,0.90798599,1.3248719,26.602491,35.244892,0.66456607,1.2667133,25.459816,32.250287,0.68302237,1.4186438,48.749778,69.158572,0.71550874,1.3170115,54.512553,71.79366,0.67003605,1.2517057,45.269295,56.663836,0.75956887,1.3197063,50.700562,66.909853
0b_random_erasing_best,file,18,baseline_random_erasing,1027,019.Gray_Catbird/Gray_Catbird_0063_20707.jpg,19,18,019.Gray_Catbird,155,154,identity,identity,0,{},0.7176339,0.7176339,0,0.48790532,0.48790532,0.35593909,0.35593909,0.13196623,0.13196623,0,1,1,95.152685,95.152685,False,0.99999994,True,True,True,1,1,95.152685,95.152685,1,1,93.569513,93.569513,1,1,17.285245,17.285245,1,1,22.168369,22.168369,1,1,50.732066,50.732066,1,1,50.79683,50.79683,1,1,39.46698,39.46698,1,1,39.396879,39.396879
0b_random_erasing_best,file,18,baseline_random_erasing,1027,019.Gray_Catbird/Gray_Catbird_0063_20707.jpg,19,18,019.Gray_Catbird,155,154,random_erasing,random_erasing,0,"{""area_fraction"":0.096626,""erased"":true,""height"":0.234399,""left"":0.105407,""top"":0.20484,""width"":0.412227}",0.7176339,1.1623098,0.44467586,0.48790532,0.31276295,0.35593909,0.27917963,0.13196623,0.033583313,-0.09838292,0.90738656,1.1457822,95.152685,109.02425,False,0.98684078,True,True,True,0.90738656,1.1457822,95.152685,109.02425,0.90564861,1.147097,93.569513,107.33331,0.96074871,1.1065604,17.285245,19.127167,0.88643823,1.2282486,22.168369,27.22827,0.92287413,1.1672473,50.732066,59.216866,0.91281914,1.124809,50.79683,57.136733,0.88670583,1.1527891,39.46698,45.497105,0.89169878,1.1173675,39.396879,44.020793
0b_random_erasing_best,file,18,baseline_random_erasing,3069,053.Western_Grebe/Western_Grebe_0061_36181.jpg,53,52,053.Western_Grebe,51,50,identity,identity,0,{},0.0085146492,0.0085146492,0,0.99152148,0.99152148,0.0076588881,0.0076588881,0.98386259,0.98386259,0,1,1,1.7480534,1.7480534,False,1.0000001,True,True,True,1,1,1.7480534,1.7480534,1,1,1.7076636,1.7076636,1,1,0.37359839,0.37359839,1,1,0.52736597,0.52736597,1,1,0.83858892,0.83858892,1,1,0.85765617,0.85765617,1,1,0.75690992,0.75690992,1,1,0.79137978,0.79137978
0b_random_erasing_best,file,18,baseline_random_erasing,3069,053.Western_Grebe/Western_Grebe_0061_36181.jpg,53,52,053.Western_Grebe,51,50,random_erasing,random_erasing,0,"{""area_fraction"":0.105371,""erased"":true,""height"":0.463516,""left"":0.767236,""top"":0.151111,""width"":0.227329}",0.0085146492,0.010052883,0.0015382338,0.99152148,0.98999751,0.0076588881,0.0094063198,0.98386259,0.98059119,-0.0032714033,0.96683514,1.2667315,1.7480534,2.2143144,False,0.9974165,True,True,True,0.96683514,1.2667315,1.7480534,2.2143144,0.96540966,1.2673885,1.7076636,2.1642733,0.99702192,1.2529262,0.37359839,0.46809119,0.97576752,1.3153547,0.52736597,0.69367332,0.970106,1.2577942,0.83858892,1.0547722,0.96156191,1.2749298,0.85765617,1.0934514,0.96185693,1.2996691,0.75690992,0.98373246,0.96467124,1.2166108,0.79137978,0.96280116
0b_random_erasing_best,file,18,baseline_random_erasing,9721,166.Golden_winged_Warbler/Golden_Winged_Warbler_0030_164462.jpg,166,165,166.Golden_winged_Warbler,171,170,identity,identity,0,{},0.63745642,0.63745642,0,0.52863532,0.52863532,0.28879052,0.28879052,0.2398448,0.2398448,0,1,1,77.934144,77.934144,False,1,True,True,True,1,1,77.934144,77.934144,1,1,76.527691,76.527691,1,1,14.739179,14.739179,1,1,12.992519,12.992519,1,1,32.985256,32.985256,1,1,39.330188,39.330188,1,1,40.213534,40.213534,1,1,37.890141,37.890141
0b_random_erasing_best,file,18,baseline_random_erasing,9721,166.Golden_winged_Warbler/Golden_Winged_Warbler_0030_164462.jpg,166,165,166.Golden_winged_Warbler,171,170,random_erasing,random_erasing,0,"{""area_fraction"":0.124008,""erased"":true,""height"":0.314537,""left"":0.000713,""top"":0.549427,""width"":0.394257}",0.63745642,0.11474425,-0.52271216,0.52863532,0.89159411,0.28879052,0.047084261,0.2398448,0.84450985,0.60466505,0.88612233,0.20483788,77.934144,15.963865,False,0.97489071,True,True,True,0.88612233,0.20483788,77.934144,15.963865,0.88312866,0.20434338,76.527691,15.637927,0.9635796,0.21774582,14.739179,3.2093946,0.84303449,0.18805421,12.992519,2.443298,0.87463716,0.20690083,32.985256,6.8246769,0.89344657,0.20360095,39.330188,8.0076635,0.88490639,0.20296908,40.213534,8.162104,0.88139924,0.20656126,37.890141,7.8266354
0b_random_erasing_best,file,18,baseline_random_erasing,9988,170.Mourning_Warbler/Mourning_Warbler_0051_795352.jpg,170,169,170.Mourning_Warbler,98,97,identity,identity,0,{},0.41890764,0.41890764,0,0.65776497,0.65776497,0.11379734,0.11379734,0.54396763,0.54396763,0,1,1,38.585859,38.585859,False,1,True,True,True,1,1,38.585859,38.585859,1,1,37.542104,37.542104,1,1,8.9139748,8.9139748,1,1,7.6781227,7.6781227,1,1,17.601545,17.601545,1,1,19.862204,19.862204,1,1,16.806842,16.806842,1,1,19.069991,19.069991
0b_random_erasing_best,file,18,baseline_random_erasing,9988,170.Mourning_Warbler/Mourning_Warbler_0051_795352.jpg,170,169,170.Mourning_Warbler,98,97,random_erasing,random_erasing,0,"{""area_fraction"":0.1401,""erased"":true,""height"":0.267286,""left"":0.362757,""top"":0.024159,""width"":0.524156}",0.41890764,2.264312,1.8454044,0.65776497,0.10390148,0.11379734,0.11828367,0.54396763,-0.014382184,-0.55834981,0.59586373,2.4261449,38.585859,93.614887,False,0.91803288,False,True,False,0.59586373,2.4261449,38.585859,93.614887,0.57975873,2.408151,37.542104,90.407054,0.8525523,2.7256447,8.9139748,24.296328,0.69844243,2.6265969,7.6781227,20.167333,0.54364955,2.1343241,17.601545,37.567401,0.53631298,2.440006,19.862204,48.463896,0.58080192,2.580513,16.806842,43.370275,0.63748802,2.4176749,19.069991,46.105038
0b_random_erasing_best,file,18,baseline_random_erasing,5099,088.Western_Meadowlark/Western_Meadowlark_0098_78382.jpg,88,87,088.Western_Meadowlark,36,35,identity,identity,0,{},0.10604569,0.10604569,0,0.89938354,0.89938354,0.020146428,0.020146428,0.87923712,0.87923712,0,1,1,16.404782,16.404782,False,1,True,True,True,1,1,16.404782,16.404782,1,1,16.205117,16.205117,1,1,2.5516716,2.5516716,1,1,2.7680963,2.7680963,1,1,6.4034405,6.4034405,1,1,8.7056447,8.7056447,1,1,7.9937912,7.9937912,1,1,8.6168715,8.6168715
0b_random_erasing_best,file,18,baseline_random_erasing,5099,088.Western_Meadowlark/Western_Meadowlark_0098_78382.jpg,88,87,088.Western_Meadowlark,36,35,random_erasing,random_erasing,0,"{""area_fraction"":0.056329,""erased"":true,""height"":0.158937,""left"":0.343599,""top"":0.319456,""width"":0.354414}",0.10604569,0.066852763,-0.039192922,0.89938354,0.93533289,0.020146428,0.01188231,0.87923712,0.92345058,0.044213467,0.88265526,0.74510373,16.404782,12.223264,False,0.98835754,True,True,True,0.88265526,0.74510373,16.404782,12.223264,0.88063959,0.74600039,16.205117,12.089024,0.96949573,0.70799356,2.5516716,1.8065671,0.87039486,0.839725,2.7680963,2.3244397,0.87414399,0.81749116,6.4034405,5.234756,0.82666345,0.73562625,8.7056447,6.4041007,0.90659129,0.76811116,7.9937912,6.1401202,0.92758627,0.6828836,8.6168715,5.8843203
0b_random_erasing_best,file,18,baseline_random_erasing,10420,177.Prothonotary_Warbler/Prothonotary_Warbler_0082_173970.jpg,177,176,177.Prothonotary_Warbler,180,179,identity,identity,0,{},0.21449476,0.21449476,0,0.80694902,0.80694902,0.029178053,0.029178053,0.77777097,0.77777097,0,1,1,22.955706,22.955706,False,1.0000001,True,True,True,1,1,22.955706,22.955706,1,1,22.451829,22.451829,1,1,4.783284,4.783284,1,1,6.4410374,6.4410374,1,1,9.3145504,9.3145504,1,1,10.649841,10.649841,1,1,10.374466,10.374466,1,1,12.441389,12.441389
0b_random_erasing_best,file,18,baseline_random_erasing,10420,177.Prothonotary_Warbler/Prothonotary_Warbler_0082_173970.jpg,177,176,177.Prothonotary_Warbler,180,179,random_erasing,random_erasing,0,"{""area_fraction"":0.188094,""erased"":true,""height"":0.327775,""left"":0.331406,""top"":0.581169,""width"":0.573852}",0.21449476,1.3732824,1.1587877,0.80694902,0.25327423,0.029178053,0.10894235,0.77777097,0.14433188,-0.63343909,0.57185633,4.6545659,22.955706,106.84885,False,0.89557242,False,True,False,0.57185633,4.6545659,22.955706,106.84885,0.55871371,4.6429878,22.451829,104.24357,0.84688136,4.9027209,4.783284,23.451106,0.77058181,4.3180685,6.4410374,27.812841,0.65574834,5.9203551,9.3145504,55.145446,0.46774491,4.4873777,10.649841,47.789859,0.47633136,4.4131887,10.374466,45.784477,0.57292596,4.1548382,12.441389,51.69196
0b_random_erasing_best,file,18,baseline_random_erasing,3164,055.Evening_Grosbeak/Evening_Grosbeak_0069_37684.jpg,55,54,055.Evening_Grosbeak,168,167,identity,identity,0,{},0.0026907451,0.0026907451,0,0.99731284,0.99731284,0.00054291019,0.00054291019,0.99676993,0.99676993,0,1,1,0.37305927,0.37305927,False,0.99999994,True,True,True,1,1,0.37305927,0.37305927,1,1,0.36374401,0.36374401,1,1,0.082846299,0.082846299,1,1,0.082349511,0.082349511,1,1,0.14031786,0.14031786,1,1,0.1849344,0.1849344,1,1,0.16841902,0.16841902,1,1,0.20802276,0.20802276
0b_random_erasing_best,file,18,baseline_random_erasing,3164,055.Evening_Grosbeak/Evening_Grosbeak_0069_37684.jpg,55,54,055.Evening_Grosbeak,168,167,random_erasing,random_erasing,0,"{""area_fraction"":0.168766,""erased"":true,""height"":0.541581,""left"":0.440102,""top"":0.263989,""width"":0.311617}",0.0026907451,0.0030585199,0.00036777486,0.99731284,0.99694616,0.00054291019,0.0017608433,0.99676993,0.99518531,-0.0015846209,0.68525929,1.4045083,0.37305927,0.52396485,False,0.9733423,True,True,True,0.68525929,1.4045083,0.37305927,0.52396485,0.67300206,1.4036241,0.36374401,0.51055987,0.9186346,1.4214462,0.082846299,0.11776156,0.75422073,1.5852031,0.082349511,0.1305407,0.59646907,1.6298638,0.14031786,0.228699,0.64342897,1.4660515,0.1849344,0.27112335,0.65733427,1.3859756,0.16841902,0.23342465,0.75706527,1.2097675,0.20802276,0.25165917
0b_random_erasing_best,file,18,baseline_random_erasing,8053,138.Tree_Swallow/Tree_Swallow_0030_134942.jpg,138,137,138.Tree_Swallow,137,136,identity,identity,0,{},1.6617604,1.6617604,0,0.18980455,0.18980455,0.18377192,0.18377192,0.0060326308,0.0060326308,0,1,1,120.8765,120.8765,False,0.99999988,True,True,True,1,1,120.8765,120.8765,1,1,118.8834,118.8834,1,1,21.860104,21.860104,1,1,35.577328,35.577328,1,1,51.11725,51.11725,1,1,64.186754,64.186754,1,1,55.033231,55.033231,1,1,55.731031,55.731031
0b_random_erasing_best,file,18,baseline_random_erasing,8053,138.Tree_Swallow/Tree_Swallow_0030_134942.jpg,138,137,138.Tree_Swallow,137,136,random_erasing,random_erasing,0,"{""area_fraction"":0.189073,""erased"":true,""height"":0.629662,""left"":0.076976,""top"":0.262839,""width"":0.300277}",1.6617604,0.69550735,-0.9662531,0.18980455,0.49882129,0.18377192,0.078952976,0.0060326308,0.41986831,0.41383568,0.91274846,0.63293087,120.8765,76.506466,False,0.98064005,True,True,True,0.91274846,0.63293087,120.8765,76.506466,0.9109416,0.63431956,118.8834,75.410067,0.97244534,0.59038403,21.860104,12.905856,0.95023979,0.56489849,35.577328,20.097579,0.90948733,0.63101813,51.11725,32.255911,0.91523531,0.63394021,64.186754,40.690564,0.89398128,0.6462691,55.033231,35.566277,0.9117883,0.65231814,55.731031,36.354363
0b_random_erasing_best,file,18,baseline_random_erasing,8498,145.Elegant_Tern/Elegant_Tern_0004_150948.jpg,145,144,145.Elegant_Tern,147,146,identity,identity,0,{},2.1505046,2.1505046,0,0.1164254,0.1164254,0.84996235,0.84996235,-0.73353696,-0.73353696,0,1,1,133.83916,133.83916,False,0.99999994,True,False,False,1,1,133.83916,133.83916,1,1,128.86778,128.86778,1,1,36.138868,36.138868,1,1,40.652414,40.652414,1,1,58.853699,58.853699,1,1,61.704537,61.704537,1,1,54.799373,54.799373,1,1,68.411304,68.411304
0b_random_erasing_best,file,18,baseline_random_erasing,8498,145.Elegant_Tern/Elegant_Tern_0004_150948.jpg,145,144,145.Elegant_Tern,147,146,random_erasing,random_erasing,0,"{""area_fraction"":0.183691,""erased"":true,""height"":0.715471,""left"":0.733975,""top"":0.11282,""width"":0.256741}",2.1505046,2.2614677,0.11096311,0.1164254,0.10419744,0.84996235,0.82275784,-0.73353696,-0.7185604,0.014976561,0.9176309,1.0101659,133.83916,135.19976,False,0.98073894,True,False,False,0.9176309,1.0101659,133.83916,135.19976,0.91280863,1.0116777,128.86778,130.37266,0.98043152,0.99074029,36.138868,35.804232,0.89573399,1.117096,40.652414,45.412649,0.88809375,1.0379332,58.853699,61.086208,0.90158338,0.98124248,61.704537,60.547112,0.92682051,0.98728415,54.799373,54.102552,0.94150783,0.99249897,68.411304,67.898148
0b_random_erasing_best,file,18,baseline_random_erasing,6675,115.Brewer_Sparrow/Brewer_Sparrow_0046_796696.jpg,115,114,115.Brewer_Sparrow,117,116,identity,identity,0,{},0.598391,0.598391,0,0.54969543,0.54969543,0.3022148,0.3022148,0.24748063,0.24748063,0,1,1,72.424025,72.424025,False,0.99999988,True,True,True,1,1,72.424025,72.424025,1,1,70.683211,70.683211,1,1,15.783633,15.783633,1,1,13.273919,13.273919,1,1,29.76205,29.76205,1,1,43.476142,43.476142,1,1,33.142242,33.142242,1,1,30.749905,30.749905
0b_random_erasing_best,file,18,baseline_random_erasing,6675,115.Brewer_Sparrow/Brewer_Sparrow_0046_796696.jpg,115,114,115.Brewer_Sparrow,117,116,random_erasing,random_erasing,0,"{""area_fraction"":0.141734,""erased"":true,""height"":0.280777,""left"":0.004338,""top"":0.635655,""width"":0.504791}",0.598391,0.39249113,-0.20589986,0.54969543,0.67537236,0.3022148,0.20281474,0.24748063,0.47255762,0.22507699,0.91913676,0.72879091,72.424025,52.781971,False,0.97732592,True,True,True,0.91913676,0.72879091,72.424025,52.781971,0.9166473,0.73066292,70.683211,51.645602,0.97341748,0.69017697,15.783633,10.8935,0.86541657,0.79025193,13.273919,10.48974,0.90261802,0.75279385,29.76205,22.404688,0.93840739,0.74204503,43.476142,32.261255,0.9101427,0.70742791,33.142242,23.445747,0.90568183,0.70109379,30.749905,21.558567
0b_random_erasing_best,file,18,baseline_random_erasing,5635,097.Orchard_Oriole/Orchard_Oriole_0080_91417.jpg,97,96,097.Orchard_Oriole,136,135,identity,identity,0,{},0.16635133,0.16635133,0,0.84674871,0.84674871,0.013577383,0.013577383,0.83317133,0.83317133,0,1,1,20.655698,20.655698,False,0.99999994,True,True,True,1,1,20.655698,20.655698,1,1,20.351179,20.351179,1,1,3.5337459,3.5337459,1,1,5.2129546,5.2129546,1,1,8.9254412,8.9254412,1,1,10.968575,10.968575,1,1,8.7742558,8.7742558,1,1,10.489752,10.489752
0b_random_erasing_best,file,18,baseline_random_erasing,5635,097.Orchard_Oriole/Orchard_Oriole_0080_91417.jpg,97,96,097.Orchard_Oriole,136,135,random_erasing,random_erasing,0,"{""area_fraction"":0.077193,""erased"":true,""height"":0.234236,""left"":0.217816,""top"":0.607407,""width"":0.329552}",0.16635133,0.099177338,-0.067173995,0.84674871,0.90558207,0.013577383,0.0099258218,0.83317133,0.89565625,0.062484922,0.92952806,0.62241852,20.655698,12.856489,False,0.99359334,True,True,True,0.92952806,0.62241852,20.655698,12.856489,0.92764242,0.62130185,20.351179,12.644225,0.99006082,0.65838296,3.5337459,2.3265581,0.95375339,0.63581646,5.2129546,3.3144823,0.92667251,0.61410598,8.9254412,5.4811668,0.92688555,0.60558027,10.968575,6.6423525,0.9040713,0.63087299,8.7742558,5.535441,0.93973562,0.63296928,10.489752,6.6396906
0b_random_erasing_best,file,18,baseline_random_erasing,2888,050.Eared_Grebe/Eared_Grebe_0004_34277.jpg,50,49,050.Eared_Grebe,52,51,identity,identity,0,{},0.74507678,0.74507678,0,0.47469786,0.47469786,0.12942129,0.12942129,0.34527656,0.34527656,0,1,1,69.671627,69.671627,False,1.0000001,True,True,True,1,1,69.671627,69.671627,1,1,68.252994,68.252994,1,1,13.988009,13.988009,1,1,13.874979,13.874979,1,1,32.302526,32.302526,1,1,37.804287,37.804287,1,1,29.114573,29.114573,1,1,33.847902,33.847902
0b_random_erasing_best,file,18,baseline_random_erasing,2888,050.Eared_Grebe/Eared_Grebe_0004_34277.jpg,50,49,050.Eared_Grebe,52,51,random_erasing,random_erasing,0,"{""area_fraction"":0.129143,""erased"":true,""height"":0.199472,""left"":0.022008,""top"":0.434783,""width"":0.647426}",0.74507678,1.5162727,0.77119589,0.47469786,0.21952862,0.12942129,0.32070082,0.34527656,-0.10117221,-0.44644877,0.88640678,1.4994429,69.671627,104.46863,False,0.97581869,False,True,False,0.88640678,1.4994429,69.671627,104.46863,0.88318154,1.496292,68.252994,102.12641,0.96051939,1.5725978,13.988009,21.997513,0.93176479,1.4138225,13.874979,19.616758,0.89430903,1.4067686,32.302526,45.442179,0.88421542,1.4552903,37.804287,55.01621,0.86198968,1.6030312,29.114573,46.671569,0.88582873,1.5563163,33.847902,52.678041
0b_random_erasing_best,file,18,baseline_random_erasing,3761,065.Slaty_backed_Gull/Slaty_Backed_Gull_0032_796046.jpg,65,64,065.Slaty_backed_Gull,86,85,identity,identity,0,{},1.6452855,1.6452855,0,0.19295748,0.19295748,0.41091707,0.41091707,-0.2179596,-0.2179596,0,1,1,157.83983,157.83983,False,1,True,False,False,1,1,157.83983,157.83983,1,1,155.12477,155.12477,1,1,29.149894,29.149894,1,1,34.996642,34.996642,1,1,77.299977,77.299977,1,1,88.00441,88.00441,1,1,66.438527,66.438527,1,1,68.591469,68.591469
0b_random_erasing_best,file,18,baseline_random_erasing,3761,065.Slaty_backed_Gull/Slaty_Backed_Gull_0032_796046.jpg,65,64,065.Slaty_backed_Gull,86,85,random_erasing,random_erasing,0,"{""area_fraction"":0.129446,""erased"":true,""height"":0.545019,""left"":0.320443,""top"":0.012841,""width"":0.237507}",1.6452855,0.95938337,-0.68590212,0.19295748,0.38312906,0.41091707,0.33895972,-0.2179596,0.044169337,0.26212893,0.91137718,0.85847239,157.83983,135.50113,False,0.96656531,False,False,True,0.91137718,0.85847239,157.83983,135.50113,0.90956229,0.85953546,155.12477,133.33524,0.96536844,0.8278001,29.149894,24.130285,0.91242405,0.89015927,34.996642,31.152585,0.89846313,0.7936738,77.299977,61.350967,0.9294232,0.88064727,88.00441,77.500843,0.89968494,0.88949987,66.438527,59.097061,0.90252594,0.86803886,68.591469,59.540061
0b_random_erasing_best,file,18,baseline_random_erasing,4768,082.Ringed_Kingfisher/Ringed_Kingfisher_0026_72867.jpg,82,81,082.Ringed_Kingfisher,79,78,identity,identity,0,{},0.10864794,0.10864794,0,0.89704615,0.89704615,0.023659468,0.023659468,0.87338668,0.87338668,0,1,1,12.896899,12.896899,False,0.99999994,True,True,True,1,1,12.896899,12.896899,1,1,12.594555,12.594555,1,1,2.7761824,2.7761824,1,1,3.434276,3.434276,1,1,5.3944887,5.3944887,1,1,6.0333125,6.0333125,1,1,6.079059,6.079059,1,1,6.6612493,6.6612493
0b_random_erasing_best,file,18,baseline_random_erasing,4768,082.Ringed_Kingfisher/Ringed_Kingfisher_0026_72867.jpg,82,81,082.Ringed_Kingfisher,79,78,random_erasing,random_erasing,0,"{""area_fraction"":0.110476,""erased"":true,""height"":0.421225,""left"":0.671217,""top"":0.163675,""width"":0.262274}",0.10864794,0.091987416,-0.016660526,0.89704615,0.91211665,0.023659468,0.019163994,0.87338668,0.89295265,0.019565972,0.98028486,0.8442609,12.896899,10.888348,False,0.99502921,True,True,True,0.98028486,0.8442609,12.896899,10.888348,0.97959941,0.84467196,12.594555,10.638268,0.99459547,0.83575592,2.7761824,2.3202109,0.98785319,0.85465564,3.434276,2.9351234,0.98371531,0.85126578,5.3944887,4.5921436,0.9802712,0.83612608,6.0333125,5.0446099,0.97309598,0.84129848,6.079059,5.1143031,0.979599,0.84743589,6.6612493,5.6449818
0b_random_erasing_best,file,18,baseline_random_erasing,2152,038.Great_Crested_Flycatcher/Great_Crested_Flycatcher_0136_29490.jpg,38,37,038.Great_Crested_Flycatcher,77,76,identity,identity,0,{},1.4918978,1.4918978,0,0.22494535,0.22494535,0.19680631,0.19680631,0.02813904,0.02813904,0,1,1,115.8497,115.8497,False,0.99999994,True,True,True,1,1,115.8497,115.8497,1,1,113.52191,113.52191,1,1,23.106884,23.106884,1,1,27.670894,27.670894,1,1,50.647777,50.647777,1,1,61.83917,61.83917,1,1,53.226209,53.226209,1,1,53.844563,53.844563
0b_random_erasing_best,file,18,baseline_random_erasing,2152,038.Great_Crested_Flycatcher/Great_Crested_Flycatcher_0136_29490.jpg,38,37,038.Great_Crested_Flycatcher,77,76,random_erasing,random_erasing,0,"{""area_fraction"":0.054105,""erased"":true,""height"":0.265571,""left"":0.38321,""top"":0.489432,""width"":0.203729}",1.4918978,1.0339332,-0.45796466,0.22494535,0.35560554,0.19680631,0.23743396,0.02813904,0.11817159,0.090032548,0.91826263,0.82951346,115.8497,96.098885,False,0.98629332,True,True,True,0.91826263,0.82951346,115.8497,96.098885,0.91595978,0.82620607,113.52191,93.792495,0.97267532,0.90568605,23.106884,20.927582,0.91408172,0.79207364,27.670894,21.917386,0.91976544,0.81999544,50.647777,41.530946,0.9273916,0.80711964,61.83917,49.911609,0.89945382,0.83197153,53.226209,44.28269,0.91590571,0.85908503,53.844563,46.257058
0b_random_erasing_best,file,18,baseline_random_erasing,4699,081.Pied_Kingfisher/Pied_Kingfisher_0106_71404.jpg,81,80,081.Pied_Kingfisher,79,78,identity,identity,0,{},0.022305906,0.022305906,0,0.97794104,0.97794104,0.0070575783,0.0070575783,0.97088346,0.97088346,0,1,1,4.1570266,4.1570266,False,1,True,True,True,1,1,4.1570266,4.1570266,1,1,4.0965897,4.0965897,1,1,0.70627412,0.70627412,1,1,1.1094247,1.1094247,1,1,2.1190762,2.1190762,1,1,2.3215792,2.3215792,1,1,1.6655067,1.6655067,1,1,1.7020864,1.7020864
0b_random_erasing_best,file,18,baseline_random_erasing,4699,081.Pied_Kingfisher/Pied_Kingfisher_0106_71404.jpg,81,80,081.Pied_Kingfisher,79,78,random_erasing,random_erasing,0,"{""area_fraction"":0.101314,""erased"":true,""height"":0.340453,""left"":0.034378,""top"":0.062981,""width"":0.297587}",0.022305906,0.022884557,0.0005786512,0.97794104,0.97737533,0.0070575783,0.0059927613,0.97088346,0.97138257,0.00049910927,0.913113,1.0054532,4.1570266,4.1796957,False,0.98515439,True,True,True,0.913113,1.0054532,4.1570266,4.1796957,0.91118369,1.0036764,4.0965897,4.1116504,0.97585413,1.0635016,0.70627412,0.75112368,0.93426001,1.0650729,1.1094247,1.1816182,0.91396164,0.93875413,2.1190762,1.9892915,0.91853369,0.96283054,2.3215792,2.2352873,0.88985415,1.065467,1.6655067,1.7745423,0.91471328,1.0843827,1.7020864,1.8457131
0b_random_erasing_best,file,18,baseline_random_erasing,1229,022.Chuck_will_Widow/Chuck_Will_Widow_0050_22750.jpg,22,21,022.Chuck_will_Widow,105,104,identity,identity,0,{},0.2575219,0.2575219,0,0.77296472,0.77296472,0.20725347,0.20725347,0.56571124,0.56571124,0,1,1,42.566661,42.566661,False,1.0000001,True,True,True,1,1,42.566661,42.566661,1,1,41.479034,41.479034,1,1,9.5608764,9.5608764,1,1,6.8051212,6.8051212,1,1,19.009763,19.009763,1,1,23.481467,23.481467,1,1,20.701826,20.701826,1,1,18.245126,18.245126
0b_random_erasing_best,file,18,baseline_random_erasing,1229,022.Chuck_will_Widow/Chuck_Will_Widow_0050_22750.jpg,22,21,022.Chuck_will_Widow,105,104,random_erasing,random_erasing,0,"{""area_fraction"":0.156698,""erased"":true,""height"":0.374163,""left"":0.438357,""top"":0.310344,""width"":0.418796}",0.2575219,0.23593156,-0.021590337,0.77296472,0.78983474,0.20725347,0.20039785,0.56571124,0.58943689,0.023725644,0.84802621,0.95055565,42.566661,40.46198,False,0.95489109,True,True,True,0.84802621,0.95055565,42.566661,40.46198,0.84198969,0.94410959,41.479034,39.160754,0.95456256,1.0646263,9.5608764,10.17876,0.78213395,0.91934851,6.8051212,6.256278,0.7775507,0.9107898,19.009763,17.313898,0.867279,0.95842437,23.481467,22.50521,0.85973125,0.91572141,20.701826,18.957105,0.85466529,0.9938402,18.245126,18.132739
0b_random_erasing_best,file,18,baseline_random_erasing,4770,082.Ringed_Kingfisher/Ringed_Kingfisher_0077_72872.jpg,82,81,082.Ringed_Kingfisher,79,78,identity,identity,0,{},0.021212375,0.021212375,0,0.979011,0.979011,0.011092267,0.011092267,0.96791873,0.96791873,0,1,1,2.6654488,2.6654488,False,0.99999994,True,True,True,1,1,2.6654488,2.6654488,1,1,2.5595089,2.5595089,1,1,0.74399716,0.74399716,1,1,0.60290489,0.60290489,1,1,1.0553421,1.0553421,1,1,1.3328891,1.3328891,1,1,1.2031041,1.2031041,1,1,1.3600705,1.3600705
0b_random_erasing_best,file,18,baseline_random_erasing,4770,082.Ringed_Kingfisher/Ringed_Kingfisher_0077_72872.jpg,82,81,082.Ringed_Kingfisher,79,78,random_erasing,random_erasing,0,"{""area_fraction"":0.143203,""erased"":true,""height"":0.433551,""left"":0.519548,""top"":0.370094,""width"":0.330302}",0.021212375,0.95373964,0.93252727,0.979011,0.38529745,0.011092267,0.38330433,0.96791873,0.0019931197,-0.96592561,0.52573699,29.278989,2.6654488,78.041647,False,0.86227226,True,True,True,0.52573699,29.278989,2.6654488,78.041647,0.49458019,28.741958,2.5595089,73.565297,0.83773164,35.01469,0.74399716,26.05083,0.52826637,41.905215,0.60290489,25.264859,0.46298603,29.74024,1.0553421,31.386127,0.47994831,25.234578,1.3328891,33.634894,0.46402112,28.027859,1.2031041,33.720431,0.55445627,28.666285,1.3600705,38.98817
0b_random_erasing_best,file,18,baseline_random_erasing,822,015.Lazuli_Bunting/Lazuli_Bunting_0105_15017.jpg,15,14,015.Lazuli_Bunting,104,103,identity,identity,0,{},0.010884674,0.010884674,0,0.98917437,0.98917437,0.0026799645,0.0026799645,0.9864944,0.9864944,0,1,1,1.764423,1.764423,False,0.99999994,True,True,True,1,1,1.764423,1.764423,1,1,1.7307082,1.7307082,1,1,0.34327493,0.34327493,1,1,0.34754286,0.34754286,1,1,0.65606878,0.65606878,1,1,0.96878319,0.96878319,1,1,0.79869545,0.79869545,1,1,0.93149513,0.93149513
0b_random_erasing_best,file,18,baseline_random_erasing,822,015.Lazuli_Bunting/Lazuli_Bunting_0105_15017.jpg,15,14,015.Lazuli_Bunting,104,103,random_erasing,random_erasing,0,"{""area_fraction"":0.137876,""erased"":true,""height"":0.397129,""left"":0.397477,""top"":0.086227,""width"":0.347181}",0.010884674,0.34515923,0.33427456,0.98917437,0.70810759,0.0026799645,0.0051100277,0.9864944,0.70299756,-0.28349684,0.51876422,28.89256,1.764423,50.978697,False,0.90504694,True,True,True,0.51876422,28.89256,1.764423,50.978697,0.50517668,28.51161,1.7307082,49.345276,0.8007029,37.291459,0.34327493,12.801223,0.53994397,33.945928,0.34754286,11.797665,0.54139534,32.583922,0.65606878,21.377294,0.48272477,27.100817,0.96878319,26.254816,0.48516512,29.223789,0.79869545,23.340907,0.5244817,26.398448,0.93149513,24.590026
0b_random_erasing_best,file,18,baseline_random_erasing,11174,190.Red_cockaded_Woodpecker/Red_Cockaded_Woodpecker_0029_794724.jpg,190,189,190.Red_cockaded_Woodpecker,94,93,identity,identity,0,{},0.8051672,0.8051672,0,0.44701317,0.44701317,0.15698177,0.15698177,0.2900314,0.2900314,0,1,1,72.621623,72.621623,False,1,True,True,True,1,1,72.621623,72.621623,1,1,71.382362,71.382362,1,1,13.358837,13.358837,1,1,13.530178,13.530178,1,1,35.166718,35.166718,1,1,40.769892,40.769892,1,1,31.731615,31.731615,1,1,31.726935,31.726935
0b_random_erasing_best,file,18,baseline_random_erasing,11174,190.Red_cockaded_Woodpecker/Red_Cockaded_Woodpecker_0029_794724.jpg,190,189,190.Red_cockaded_Woodpecker,94,93,random_erasing,random_erasing,0,"{""area_fraction"":0.191985,""erased"":true,""height"":0.631527,""left"":0.317307,""top"":0.228515,""width"":0.304001}",0.8051672,2.496628,1.6914608,0.44701317,0.082362257,0.15698177,0.52578259,0.2900314,-0.44342033,-0.73345173,0.77942109,2.2038858,72.621623,160.04976,False,0.94900274,False,True,False,0.77942109,2.2038858,72.621623,160.04976,0.77481064,2.2009033,71.382362,157.10568,0.90664186,2.2874033,13.358837,30.557048,0.64489312,3.0575703,13.530178,41.369471,0.80217139,2.1335679,35.166718,75.030581,0.82941926,2.1357002,40.769892,87.072266,0.7452577,2.2346016,31.731615,70.907518,0.7287308,2.1681098,31.726935,68.787477
0b_random_erasing_best,file,18,baseline_random_erasing,1877,034.Gray_crowned_Rosy_Finch/Gray_Crowned_Rosy_Finch_0074_27156.jpg,34,33,034.Gray_crowned_Rosy_Finch,36,35,identity,identity,0,{},0.0075559537,0.0075559537,0,0.99247253,0.99247253,0.001540416,0.001540416,0.99093211,0.99093211,0,1,1,1.2350822,1.2350822,False,0.99999988,True,True,True,1,1,1.2350822,1.2350822,1,1,1.2155083,1.2155083,1,1,0.21901477,0.21901477,1,1,0.23360146,0.23360146,1,1,0.52617446,0.52617446,1,1,0.67566001,0.67566001,1,1,0.55816967,0.55816967,1,1,0.61478574,0.61478574
0b_random_erasing_best,file,18,baseline_random_erasing,1877,034.Gray_crowned_Rosy_Finch/Gray_Crowned_Rosy_Finch_0074_27156.jpg,34,33,034.Gray_crowned_Rosy_Finch,36,35,random_erasing,random_erasing,0,"{""area_fraction"":0.135059,""erased"":true,""height"":0.337935,""left"":0.300782,""top"":0.602033,""width"":0.399659}",0.0075559537,0.036281865,0.028725911,0.99247253,0.96436846,0.001540416,0.0086323991,0.99093211,0.95573606,-0.03519605,0.79825532,4.8193462,1.2350822,5.9522887,False,0.96638221,True,True,True,0.79825532,4.8193462,1.2350822,5.9522887,0.79300305,4.8174008,1.2155083,5.8555909,0.9580555,4.8788858,0.21901477,1.0685481,0.83528115,5.8044516,0.23360146,1.3559283,0.75163832,5.1583064,0.52617446,2.7141691,0.79739055,4.7308577,0.67566001,3.1964514,0.7765622,4.8144386,0.55816967,2.6872736,0.83498833,4.4971265,0.61478574,2.7647692
0b_random_erasing_best,file,18,baseline_random_erasing,605,012.Yellow_headed_Blackbird/Yellow_Headed_Blackbird_0074_8452.jpg,12,11,012.Yellow_headed_Blackbird,49,48,identity,identity,0,{},0.59629607,0.59629607,0,0.55084819,0.55084819,0.082015529,0.082015529,0.46883266,0.46883266,0,1,1,59.869608,59.869608,False,1,True,True,True,1,1,59.869608,59.869608,1,1,58.756099,58.756099,1,1,11.493073,11.493073,1,1,15.114697,15.114697,1,1,28.790593,28.790593,1,1,29.166838,29.166838,1,1,26.228781,26.228781,1,1,29.262151,29.262151
0b_random_erasing_best,file,18,baseline_random_erasing,605,012.Yellow_headed_Blackbird/Yellow_Headed_Blackbird_0074_8452.jpg,12,11,012.Yellow_headed_Blackbird,49,48,random_erasing,random_erasing,0,"{""area_fraction"":0.15166,""erased"":true,""height"":0.510526,""left"":0.190906,""top"":0.103115,""width"":0.297067}",0.59629607,0.39597166,-0.20032442,0.55084819,0.67302579,0.082015529,0.074006431,0.46883266,0.59901936,0.1301867,0.92699909,0.69538683,59.869608,41.632537,False,0.98975343,True,True,True,0.92699909,0.69538683,59.869608,41.632537,0.92463077,0.69312456,58.756099,40.725296,0.98701222,0.75210358,11.493073,8.643981,0.93781164,0.89135094,15.114697,13.472499,0.91452039,0.60435778,28.790593,17.399819,0.92941205,0.68543346,29.166838,19.991927,0.92681035,0.69462612,26.228781,18.219196,0.93975652,0.71900935,29.262151,21.03976
0b_random_erasing_best,file,18,baseline_random_erasing,5342,092.Nighthawk/Nighthawk_0073_83540.jpg,92,91,092.Nighthawk,105,104,identity,identity,0,{},0.0033726974,0.0033726974,0,0.99663299,0.99663299,0.0011819979,0.0011819979,0.995451,0.995451,0,1,1,0.54453952,0.54453952,False,1,True,True,True,1,1,0.54453952,0.54453952,1,1,0.53124707,0.53124707,1,1,0.11958194,0.11958194,1,1,0.0999941,0.0999941,1,1,0.23409837,0.23409837,1,1,0.27617311,0.27617311,1,1,0.25028523,0.25028523,1,1,0.28019333,0.28019333
0b_random_erasing_best,file,18,baseline_random_erasing,5342,092.Nighthawk/Nighthawk_0073_83540.jpg,92,91,092.Nighthawk,105,104,random_erasing,random_erasing,0,"{""area_fraction"":0.062268,""erased"":true,""height"":0.199013,""left"":0.046389,""top"":0.510886,""width"":0.312884}",0.0033726974,0.0040196348,0.00064693741,0.99663299,0.99598843,0.0011819979,0.0011142276,0.995451,0.9948742,-0.00057679426,0.94124317,1.1122538,0.54453952,0.60566614,False,0.99675244,True,True,True,0.94124317,1.1122538,0.54453952,0.60566614,0.93856143,1.1113329,0.53124707,0.59039232,0.9934112,1.1302756,0.11958194,0.13516056,0.91957681,1.0750438,0.0999941,0.10749804,0.92670079,1.0307321,0.23409837,0.24129271,0.93123216,1.06858,0.27617311,0.29511307,0.93565512,1.1501143,0.25028523,0.28785662,0.96106354,1.1773901,0.28019333,0.32989685
0b_random_erasing_best,file,18,baseline_random_erasing,4858,084.Red_legged_Kittiwake/Red_Legged_Kittiwake_0032_795399.jpg,84,83,084.Red_legged_Kittiwake,141,140,identity,identity,0,{},0.0014869835,0.0014869835,0,0.99851412,0.99851412,0.00072274404,0.00072274404,0.99779137,0.99779137,0,1,1,0.19842758,0.19842758,False,1.0000001,True,True,True,1,1,0.19842758,0.19842758,1,1,0.19005288,0.19005288,1,1,0.057038628,0.057038628,1,1,0.042669165,0.042669165,1,1,0.066734108,0.066734108,1,1,0.089691745,0.089691745,1,1,0.087016477,0.087016477,1,1,0.11928756,0.11928756
0b_random_erasing_best,file,18,baseline_random_erasing,4858,084.Red_legged_Kittiwake/Red_Legged_Kittiwake_0032_795399.jpg,84,83,084.Red_legged_Kittiwake,141,140,random_erasing,random_erasing,0,"{""area_fraction"":0.05822,""erased"":true,""height"":0.146856,""left"":0.060459,""top"":0.712671,""width"":0.396445}",0.0014869835,0.0019888161,0.00050183258,0.99851412,0.99801314,0.00072274404,0.0013120917,0.99779137,0.99670105,-0.0010903247,0.94561396,1.4559982,0.19842758,0.2889102,False,0.99753809,True,True,True,0.94561396,1.4559982,0.19842758,0.2889102,0.94183911,1.4568926,0.19005288,0.27688664,0.98786234,1.4460315,0.057038628,0.08247965,0.97025157,1.3959129,0.042669165,0.059562439,0.90121621,1.5328272,0.066734108,0.10229185,0.93482006,1.5385861,0.089691745,0.13799847,0.93285053,1.4365276,0.087016477,0.12500157,0.96349995,1.4024091,0.11928756,0.16728996
0b_random_erasing_best,file,18,baseline_random_erasing,10803,184.Louisiana_Waterthrush/Louisiana_Waterthrush_0077_795247.jpg,184,183,184.Louisiana_Waterthrush,181,180,identity,identity,0,{},0.36710691,0.36710691,0,0.69273555,0.69273555,0.18996568,0.18996568,0.50276987,0.50276987,0,1,1,61.024097,61.024097,False,1,True,True,True,1,1,61.024097,61.024097,1,1,59.720951,59.720951,1,1,12.543856,12.543856,1,1,11.833099,11.833099,1,1,25.798382,25.798382,1,1,34.695867,34.695867,1,1,28.403178,28.403178,1,1,27.3947,27.3947
0b_random_erasing_best,file,18,baseline_random_erasing,10803,184.Louisiana_Waterthrush/Louisiana_Waterthrush_0077_795247.jpg,184,183,184.Louisiana_Waterthrush,181,180,random_erasing,random_erasing,0,"{""area_fraction"":0.084304,""erased"":true,""height"":0.184746,""left"":0.078936,""top"":0.214102,""width"":0.456326}",0.36710691,0.32892323,-0.038183689,0.69273555,0.71969825,0.18996568,0.14866146,0.50276987,0.57103679,0.068266913,0.92386481,0.84980937,61.024097,51.858849,False,0.98815602,True,True,True,0.92386481,0.84980937,61.024097,51.858849,0.92108031,0.84762237,59.720951,50.620814,0.98491162,0.89795427,12.543856,11.263809,0.85006711,0.81661034,11.833099,9.6630313,0.92635353,0.85966395,25.798382,22.177939,0.927185,0.82389037,34.695867,28.58559,0.91877401,0.84926371,28.403178,24.121788,0.9233487,0.87777992,27.3947,24.046518
0b_random_erasing_best,file,18,baseline_random_erasing,5691,098.Scott_Oriole/Scott_Oriole_0003_92247.jpg,98,97,098.Scott_Oriole,156,155,identity,identity,0,{},0.80675876,0.80675876,0,0.44630229,0.44630229,0.12189277,0.12189277,0.32440952,0.32440952,0,1,1,103.90513,103.90513,False,0.99999988,True,True,True,1,1,103.90513,103.90513,1,1,102.58075,102.58075,1,1,16.536784,16.536784,1,1,33.901618,33.901618,1,1,54.013512,54.013512,1,1,50.182111,50.182111,1,1,45.420857,45.420857,1,1,43.298178,43.298178
0b_random_erasing_best,file,18,baseline_random_erasing,5691,098.Scott_Oriole/Scott_Oriole_0003_92247.jpg,98,97,098.Scott_Oriole,156,155,random_erasing,random_erasing,0,"{""area_fraction"":0.121425,""erased"":true,""height"":0.286358,""left"":0.118681,""top"":0.201858,""width"":0.424031}",0.80675876,0.36580238,-0.44095638,0.44630229,0.69363987,0.12189277,0.013652757,0.32440952,0.67998712,0.3555776,0.79409837,0.54139125,103.90513,56.253326,False,0.95437604,True,True,True,0.79409837,0.54139125,103.90513,56.253326,0.79051379,0.53964831,102.58075,55.357528,0.92219852,0.60465427,16.536784,9.9990371,0.66849344,0.38393628,33.901618,13.016061,0.83008568,0.49064621,54.013512,26.501525,0.81460431,0.58066554,50.182111,29.139023,0.77172536,0.58211155,45.420857,26.440006,0.80770725,0.58635268,43.298178,25.388003
0b_random_erasing_best,file,18,baseline_random_erasing,11484,195.Carolina_Wren/Carolina_Wren_0033_186848.jpg,195,194,195.Carolina_Wren,181,180,identity,identity,0,{},0.0021576239,0.0021576239,0,0.9978447,0.9978447,0.0002651106,0.0002651106,0.99757959,0.99757959,0,1,1,0.36237086,0.36237086,False,1,True,True,True,1,1,0.36237086,0.36237086,1,1,0.35643675,0.35643675,1,1,0.065310692,0.065310692,1,1,0.06797727,0.06797727,1,1,0.13670318,0.13670318,1,1,0.20804174,0.20804174,1,1,0.16489214,0.16489214,1,1,0.18239436,0.18239436
0b_random_erasing_best,file,18,baseline_random_erasing,11484,195.Carolina_Wren/Carolina_Wren_0033_186848.jpg,195,194,195.Carolina_Wren,181,180,random_erasing,random_erasing,0,"{""area_fraction"":0.064713,""erased"":true,""height"":0.199651,""left"":0.103511,""top"":0.024797,""width"":0.324128}",0.0021576239,0.0027083405,0.00055071665,0.9978447,0.99729532,0.0002651106,0.00042571494,0.99757959,0.99686961,-0.00070998035,0.96820103,1.249574,0.36237086,0.45280921,False,0.99517798,True,True,True,0.96820103,1.249574,0.36237086,0.45280921,0.96733533,1.2498969,0.35643675,0.44550917,0.99422339,1.2399195,0.065310692,0.080980003,0.9587252,1.2328137,0.06797727,0.083803309,0.96869549,1.3156542,0.13670318,0.17985411,0.97431931,1.2553434,0.20804174,0.26116383,0.96087161,1.2354598,0.16489214,0.20371761,0.96487795,1.2185808,0.18239436,0.22226227
0b_random_erasing_best,file,18,baseline_random_erasing,1299,024.Red_faced_Cormorant/Red_Faced_Cormorant_0050_796276.jpg,24,23,024.Red_faced_Cormorant,5,4,identity,identity,0,{},0.004456351,0.004456351,0,0.99555355,0.99555355,0.0033730683,0.0033730683,0.99218048,0.99218048,0,1,1,0.74598212,0.74598212,False,1,True,True,True,1,1,0.74598212,0.74598212,1,1,0.71940639,0.71940639,1,1,0.19734176,0.19734176,1,1,0.19130981,0.19130981,1,1,0.36432273,0.36432273,1,1,0.3481799,0.3481799,1,1,0.31266424,0.31266424,1,1,0.35948142,0.35948142
0b_random_erasing_best,file,18,baseline_random_erasing,1299,024.Red_faced_Cormorant/Red_Faced_Cormorant_0050_796276.jpg,24,23,024.Red_faced_Cormorant,5,4,random_erasing,random_erasing,0,"{""area_fraction"":0.190004,""erased"":true,""height"":0.565373,""left"":0.619556,""top"":0.411361,""width"":0.336069}",0.004456351,0.0018556771,-0.0026006739,0.99555355,0.99814606,0.0033730683,0.001365694,0.99218048,0.99678036,0.0045998783,0.85524563,0.39128239,0.74598212,0.29188967,False,0.98706174,True,True,True,0.85524563,0.39128239,0.74598212,0.29188967,0.84484081,0.3895364,0.71940639,0.28023498,0.98686189,0.41378696,0.19734176,0.081657446,0.73516529,0.29921538,0.19130981,0.057242839,0.8137913,0.35447314,0.36432273,0.12914262,0.8437858,0.39772137,0.3481799,0.13847859,0.87740405,0.43350775,0.31266424,0.13554237,0.8846307,0.40339745,0.35948142,0.14501389
0b_random_erasing_best,file,18,baseline_random_erasing,9021,154.Red_eyed_Vireo/Red_Eyed_Vireo_0038_156963.jpg,154,153,154.Red_eyed_Vireo,181,180,identity,identity,0,{},2.1590152,2.1590152,0,0.11543876,0.11543876,0.85118431,0.85118431,-0.73574555,-0.73574555,0,1,1,208.66881,208.66881,False,0.99999988,True,False,False,1,1,208.66881,208.66881,1,1,206.0519,206.0519,1,1,32.943732,32.943732,1,1,47.028319,47.028319,1,1,97.37863,97.37863,1,1,116.8932,116.8932,1,1,94.894008,94.894008,1,1,89.967941,89.967941
0b_random_erasing_best,file,18,baseline_random_erasing,9021,154.Red_eyed_Vireo/Red_Eyed_Vireo_0038_156963.jpg,154,153,154.Red_eyed_Vireo,181,180,random_erasing,random_erasing,0,"{""area_fraction"":0.058909,""erased"":true,""height"":0.266697,""left"":0.05416,""top"":0.070723,""width"":0.220884}",2.1590152,1.9943056,-0.16470957,0.11543876,0.13610813,0.85118431,0.82872796,-0.73574555,-0.69261983,0.043125719,0.97408987,0.96603852,208.66881,201.58211,False,0.99794656,True,False,False,0.97408987,0.96603852,208.66881,201.58211,0.97348941,0.96633436,206.0519,199.11503,0.99794752,0.95439317,32.943732,31.441273,0.9787444,0.98184935,47.028319,46.174725,0.97545401,0.99463345,97.37863,96.856043,0.97638496,0.9638544,116.8932,112.66803,0.968437,0.94798818,94.894008,89.958397,0.97108679,0.95272421,89.967941,85.714635
0b_random_erasing_best,file,18,baseline_random_erasing,11412,194.Cactus_Wren/Cactus_Wren_0069_186033.jpg,194,193,194.Cactus_Wren,198,197,identity,identity,0,{},0.7489925,0.7489925,0,0.47284272,0.47284272,0.27791911,0.27791911,0.19492361,0.19492361,0,1,1,88.353695,88.353695,False,1,True,True,True,1,1,88.353695,88.353695,1,1,86.405098,86.405098,1,1,18.453573,18.453573,1,1,15.129154,15.129154,1,1,42.718791,42.718791,1,1,49.825328,49.825328,1,1,39.624995,39.624995,1,1,36.869379,36.869379
0b_random_erasing_best,file,18,baseline_random_erasing,11412,194.Cactus_Wren/Cactus_Wren_0069_186033.jpg,194,193,194.Cactus_Wren,198,197,random_erasing,random_erasing,0,"{""area_fraction"":0.116646,""erased"":true,""height"":0.408744,""left"":0.494371,""top"":0.271463,""width"":0.285376}",0.7489925,1.2737304,0.52473789,0.47284272,0.27978596,0.27791911,0.30208468,0.19492361,-0.022298723,-0.21722233,0.8994919,1.5314906,88.353695,135.31285,False,0.97048241,False,True,False,0.8994919,1.5314906,88.353695,135.31285,0.89697989,1.53275,86.405098,132.43741,0.95579069,1.5036151,18.453573,27.747072,0.9194043,1.7495005,15.129154,26.468462,0.90990897,1.5707627,42.718791,67.101083,0.90655083,1.5376521,49.825328,76.614019,0.88021599,1.4877039,39.624995,58.95026,0.87834217,1.4835174,36.869379,54.696364
0b_random_erasing_best,file,18,baseline_random_erasing,10931,186.Cedar_Waxwing/Cedar_Waxwing_0125_178921.jpg,186,185,186.Cedar_Waxwing,185,184,identity,identity,0,{},0.0095100943,0.0095100943,0,0.99053496,0.99053496,0.0061709257,0.0061709257,0.98436404,0.98436404,0,1,1,1.3227714,1.3227714,False,1,True,True,True,1,1,1.3227714,1.3227714,1,1,1.2795369,1.2795369,1,1,0.33542423,0.33542423,1,1,0.19258188,0.19258188,1,1,0.59904385,0.59904385,1,1,0.69500971,0.69500971,1,1,0.59832679,0.59832679,1,1,0.63264514,0.63264514
0b_random_erasing_best,file,18,baseline_random_erasing,10931,186.Cedar_Waxwing/Cedar_Waxwing_0125_178921.jpg,186,185,186.Cedar_Waxwing,185,184,random_erasing,random_erasing,0,"{""area_fraction"":0.093084,""erased"":true,""height"":0.321335,""left"":0.341527,""top"":0.09567,""width"":0.289679}",0.0095100943,0.087245665,0.077735571,0.99053496,0.91645193,0.0061709257,0.0023698441,0.98436404,0.91408209,-0.070281949,0.54285275,13.385177,1.3227714,17.705529,False,0.88916785,True,True,True,0.54285275,13.385177,1.3227714,17.705529,0.53658032,13.638887,1.2795369,17.451458,0.73027332,8.9102239,0.33542423,2.988705,0.65062273,18.597619,0.19258188,3.5815645,0.42126827,13.243918,0.59904385,7.9336875,0.60311465,15.239678,0.69500971,10.591724,0.53972719,13.326663,0.59832679,7.9736993,0.54620981,11.509357,0.63264514,7.2813391
0b_random_erasing_best,file,18,baseline_random_erasing,9559,163.Cape_May_Warbler/Cape_May_Warbler_0028_163177.jpg,163,162,163.Cape_May_Warbler,182,181,identity,identity,0,{},0.52069438,0.52069438,0,0.59410787,0.59410787,0.13266346,0.13266346,0.46144441,0.46144441,0,1,1,52.235379,52.235379,False,1,True,True,True,1,1,52.235379,52.235379,1,1,50.60391,50.60391,1,1,12.952958,12.952958,1,1,10.926831,10.926831,1,1,20.010813,20.010813,1,1,23.534647,23.534647,1,1,25.284627,25.284627,1,1,29.115898,29.115898
0b_random_erasing_best,file,18,baseline_random_erasing,9559,163.Cape_May_Warbler/Cape_May_Warbler_0028_163177.jpg,163,162,163.Cape_May_Warbler,182,181,random_erasing,random_erasing,0,"{""area_fraction"":0.100135,""erased"":true,""height"":0.571268,""left"":0.352376,""top"":0.033467,""width"":0.175286}",0.52069438,0.3037411,-0.21695328,0.59410787,0.73805189,0.13266346,0.074208826,0.46144441,0.66384307,0.20239866,0.92099154,0.63259222,52.235379,33.043694,False,0.98756886,True,True,True,0.92099154,0.63259222,52.235379,33.043694,0.91762279,0.63359194,50.60391,32.06223,0.97407881,0.61713284,12.952958,7.9936957,0.89978748,0.59168755,10.926831,6.4652696,0.91908781,0.6535125,20.010813,13.077317,0.91624863,0.63961641,23.534647,15.053146,0.89674714,0.62782527,25.284627,15.874328,0.93643114,0.63010572,29.115898,18.346094
0b_random_erasing_best,file,18,baseline_random_erasing,72,002.Laysan_Albatross/Laysan_Albatross_0065_809.jpg,2,1,002.Laysan_Albatross,1,0,identity,identity,0,{},0.046552043,0.046552043,0,0.95451486,0.95451486,0.0062060305,0.0062060305,0.94830883,0.94830883,0,1,1,6.3696499,6.3696499,False,0.99999994,True,True,True,1,1,6.3696499,6.3696499,1,1,6.2048356,6.2048356,1,1,1.4396023,1.4396023,1,1,1.7592236,1.7592236,1,1,2.4039182,2.4039182,1,1,3.199127,3.199127,1,1,2.9465567,2.9465567,1,1,3.2725655,3.2725655
0b_random_erasing_best,file,18,baseline_random_erasing,72,002.Laysan_Albatross/Laysan_Albatross_0065_809.jpg,2,1,002.Laysan_Albatross,1,0,random_erasing,random_erasing,0,"{""area_fraction"":0.085696,""erased"":true,""height"":0.328741,""left"":0.166532,""top"":0.387126,""width"":0.260681}",0.046552043,0.068644859,0.022092815,0.95451486,0.93365818,0.0062060305,0.0094062295,0.94830883,0.92425195,-0.024056877,0.84409114,1.7472354,6.3696499,11.129278,False,0.97830093,True,True,True,0.84409114,1.7472354,6.3696499,11.129278,0.83898928,1.7568558,6.2048356,10.901001,0.95681641,1.557751,1.4396023,2.2425419,0.85657936,1.6854338,1.7592236,2.9650549,0.79166791,2.1399828,2.4039182,5.1443435,0.82716152,1.7381983,3.199127,5.5607173,0.8525311,1.6727356,2.9465567,4.9288103,0.88328136,1.6273255,3.2725655,5.3255291
0b_random_erasing_best,file,18,baseline_random_erasing,7761,133.White_throated_Sparrow/White_Throated_Sparrow_0015_129138.jpg,133,132,133.White_throated_Sparrow,128,127,identity,identity,0,{},0.0056516854,0.0056516854,0,0.99436426,0.99436426,0.0013858157,0.0013858157,0.99297845,0.99297845,0,1,1,0.70259456,0.70259456,False,1.0000001,True,True,True,1,1,0.70259456,0.70259456,1,1,0.68267125,0.68267125,1,1,0.1661297,0.1661297,1,1,0.11674341,0.11674341,1,1,0.28294656,0.28294656,1,1,0.31673034,0.31673034,1,1,0.29316623,0.29316623,1,1,0.43137885,0.43137885
0b_random_erasing_best,file,18,baseline_random_erasing,7761,133.White_throated_Sparrow/White_Throated_Sparrow_0015_129138.jpg,133,132,133.White_throated_Sparrow,128,127,random_erasing,random_erasing,0,"{""area_fraction"":0.186605,""erased"":true,""height"":0.260102,""left"":0.252586,""top"":0.661065,""width"":0.717431}",0.0056516854,0.013762699,0.008111014,0.99436426,0.98633158,0.0013858157,0.0046890099,0.99297845,0.98164257,-0.011335874,0.74480669,2.1761449,0.70259456,1.5289476,False,0.96204388,True,True,True,0.74480669,2.1761449,0.70259456,1.5289476,0.73162507,2.167323,0.68267125,1.4795691,0.95436418,2.3200516,0.1661297,0.38542948,0.68044896,1.9628275,0.11674341,0.22914719,0.67747464,2.1942626,0.28294656,0.62085906,0.59223483,2.1023839,0.31673034,0.66588878,0.67902907,2.1616207,0.29316623,0.63371419,0.85406413,2.206688,0.43137885,0.95191851
0b_random_erasing_best,file,18,baseline_random_erasing,5287,091.Mockingbird/Mockingbird_0008_81226.jpg,91,90,091.Mockingbird,71,70,identity,identity,0,{},2.2436426,2.2436426,0,0.10607142,0.10607142,0.086670227,0.086670227,0.019401193,0.019401193,0,1,1,109.02774,109.02774,False,1.0000001,True,True,True,1,1,109.02774,109.02774,1,1,107.10078,107.10078,1,1,20.407657,20.407657,1,1,31.761089,31.761089,1,1,50.33765,50.33765,1,1,57.483245,57.483245,1,1,47.508413,47.508413,1,1,48.647278,48.647278
0b_random_erasing_best,file,18,baseline_random_erasing,5287,091.Mockingbird/Mockingbird_0008_81226.jpg,91,90,091.Mockingbird,71,70,random_erasing,random_erasing,0,"{""area_fraction"":0.19292,""erased"":true,""height"":0.270191,""left"":0.18326,""top"":0.615727,""width"":0.714012}",2.2436426,1.3846582,-0.85898435,0.10607142,0.25040936,0.086670227,0.026210036,0.019401193,0.22419933,0.20479814,0.67079855,0.95300357,109.02774,103.90383,False,0.92508638,True,True,True,0.67079855,0.95300357,109.02774,103.90383,0.66235963,0.95412447,107.10078,102.18747,0.9118188,0.92159588,20.407657,18.807613,0.77283888,0.87127586,31.761089,27.67267,0.70964786,0.9192397,50.33765,46.272366,0.62406318,1.0297295,57.483245,59.192192,0.55425309,0.90809491,47.508413,43.142148,0.73134023,0.95766223,48.647278,46.587661
0b_random_erasing_best,file,18,baseline_random_erasing,4209,073.Blue_Jay/Blue_Jay_0066_61490.jpg,73,72,073.Blue_Jay,164,163,identity,identity,0,{},0.12983011,0.12983011,0,0.87824464,0.87824464,0.079850405,0.079850405,0.79839423,0.79839423,0,1,1,24.326295,24.326295,False,1,True,True,True,1,1,24.326295,24.326295,1,1,23.955313,23.955313,1,1,4.2322136,4.2322136,1,1,5.8246871,5.8246871,1,1,11.389901,11.389901,1,1,12.826763,12.826763,1,1,11.231327,11.231327,1,1,10.933052,10.933052
0b_random_erasing_best,file,18,baseline_random_erasing,4209,073.Blue_Jay/Blue_Jay_0066_61490.jpg,73,72,073.Blue_Jay,164,163,random_erasing,random_erasing,0,"{""area_fraction"":0.075574,""erased"":true,""height"":0.371697,""left"":0.460814,""top"":0.563389,""width"":0.203321}",0.12983011,0.085547686,-0.044282421,0.87824464,0.91800934,0.079850405,0.046289913,0.79839423,0.87171943,0.073325194,0.94199748,0.68736077,24.326295,16.720941,False,0.99529958,True,True,True,0.94199748,0.68736077,24.326295,16.720941,0.94050497,0.68759029,23.955313,16.47144,0.99040805,0.67996651,4.2322136,2.8777635,0.91293063,0.72291015,5.8246871,4.2107254,0.945414,0.66707236,11.389901,7.5978881,0.93537755,0.68234177,12.826763,8.752236,0.93802528,0.6987162,11.231327,7.8475104,0.95411202,0.69456903,10.933052,7.5937595
0b_random_erasing_best,file,18,baseline_random_erasing,8378,143.Caspian_Tern/Caspian_Tern_0078_146824.jpg,143,142,143.Caspian_Tern,146,145,identity,identity,0,{},0.74430823,0.74430823,0,0.47506282,0.47506282,0.37916854,0.37916854,0.095894277,0.095894277,0,1,1,78.562503,78.562503,False,1,True,True,True,1,1,78.562503,78.562503,1,1,76.49384,76.49384,1,1,17.909752,17.909752,1,1,18.067142,18.067142,1,1,35.8335,35.8335,1,1,35.59413,35.59413,1,1,35.560975,35.560975,1,1,41.343938,41.343938
0b_random_erasing_best,file,18,baseline_random_erasing,8378,143.Caspian_Tern/Caspian_Tern_0078_146824.jpg,143,142,143.Caspian_Tern,146,145,random_erasing,random_erasing,0,"{""area_fraction"":0.075364,""erased"":true,""height"":0.15059,""left"":0.353672,""top"":0.533881,""width"":0.500456}",0.74430823,0.75379759,0.0094893575,0.47506282,0.47057608,0.37916854,0.29845518,0.095894277,0.1721209,0.076226622,0.87638111,0.96501811,78.562503,75.814238,False,0.9839499,True,True,True,0.87638111,0.96501811,78.562503,75.814238,0.87098454,0.9624373,76.49384,73.620526,0.9711042,1.0109416,17.909752,18.105713,0.78675242,0.95384513,18.067142,17.233255,0.86795755,0.8843933,35.8335,31.690908,0.85987471,0.98048835,35.59413,34.89963,0.85803917,0.98867118,35.560975,35.158111,0.90906826,0.98683354,41.343938,40.799585
0b_random_erasing_best,file,18,baseline_random_erasing,1548,028.Brown_Creeper/Brown_Creeper_0007_24902.jpg,28,27,028.Brown_Creeper,190,189,identity,identity,0,{},0.00098394603,0.00098394603,0,0.99901652,0.99901652,0.00016598469,0.00016598469,0.99885054,0.99885054,0,1,1,0.20702709,0.20702709,False,1.0000001,True,True,True,1,1,0.20702709,0.20702709,1,1,0.20434406,0.20434406,1,1,0.033222294,0.033222294,1,1,0.055940768,0.055940768,1,1,0.10406108,0.10406108,1,1,0.1112879,0.1112879,1,1,0.091415288,0.091415288,1,1,0.084003969,0.084003969
0b_random_erasing_best,file,18,baseline_random_erasing,1548,028.Brown_Creeper/Brown_Creeper_0007_24902.jpg,28,27,028.Brown_Creeper,190,189,random_erasing,random_erasing,0,"{""area_fraction"":0.169239,""erased"":true,""height"":0.293238,""left"":0.291447,""top"":0.65692,""width"":0.57714}",0.00098394603,0.0027879914,0.0018040454,0.99901652,0.99721587,0.00016598469,0.00025327739,0.99885054,0.99696259,-0.001887949,0.91959541,2.7299977,0.20702709,0.5651835,False,0.98692489,True,True,True,0.91959541,2.7299977,0.20702709,0.5651835,0.91798286,2.7304117,0.20434406,0.55794342,0.98098026,2.7142912,0.033222294,0.090174979,0.94629425,2.9342428,0.055940768,0.1641438,0.93133861,2.6643461,0.10406108,0.27725472,0.91089498,2.7244239,0.1112879,0.30319542,0.89357072,2.6797172,0.091415288,0.24496712,0.92711244,2.8057352,0.084003969,0.23569289
0b_random_erasing_best,file,18,baseline_random_erasing,9783,167.Hooded_Warbler/Hooded_Warbler_0039_164928.jpg,167,166,167.Hooded_Warbler,180,179,identity,identity,0,{},5.476418,5.476418,0,0.0041842903,0.0041842903,0.93601555,0.93601555,-0.93183126,-0.93183126,0,1,1,150.84159,150.84159,False,1,True,False,False,1,1,150.84159,150.84159,1,1,147.63039,147.63039,1,1,30.958924,30.958924,1,1,26.226822,26.226822,1,1,56.546699,56.546699,1,1,81.469281,81.469281,1,1,78.027387,78.027387,1,1,71.998881,71.998881
0b_random_erasing_best,file,18,baseline_random_erasing,9783,167.Hooded_Warbler/Hooded_Warbler_0039_164928.jpg,167,166,167.Hooded_Warbler,180,179,random_erasing,random_erasing,0,"{""area_fraction"":0.163117,""erased"":true,""height"":0.227321,""left"":0.033203,""top"":0.224578,""width"":0.717563}",5.476418,3.6038659,-1.8725522,0.0041842903,0.027218293,0.93601555,0.62533104,-0.93183126,-0.59811275,0.33371851,0.47887452,0.76900682,150.84159,115.99821,False,0.87852174,True,False,False,0.47887452,0.76900682,150.84159,115.99821,0.45920477,0.76203858,147.63039,112.50005,0.85957473,0.91322056,30.958924,28.272326,0.16805106,0.87542254,26.226822,22.959551,0.29796662,0.73575436,56.546699,41.60448,0.50003324,0.69692033,81.469281,56.777598,0.41604374,0.74450452,78.027387,58.091742,0.59160942,0.85616404,71.998881,61.642853
0b_random_erasing_best,file,18,baseline_random_erasing,4267,074.Florida_Jay/Florida_Jay_0039_64576.jpg,74,73,074.Florida_Jay,54,53,identity,identity,0,{},0.0030176362,0.0030176362,0,0.99698693,0.99698693,0.0026238849,0.0026238849,0.99436304,0.99436304,0,1,1,0.67637204,0.67637204,False,0.99999994,True,True,True,1,1,0.67637204,0.67637204,1,1,0.65986528,0.65986528,1,1,0.1485158,0.1485158,1,1,0.204548,0.204548,1,1,0.29280633,0.29280633,1,1,0.36209985,0.36209985,1,1,0.28739306,0.28739306,1,1,0.30681539,0.30681539
0b_random_erasing_best,file,18,baseline_random_erasing,4267,074.Florida_Jay/Florida_Jay_0039_64576.jpg,74,73,074.Florida_Jay,54,53,random_erasing,random_erasing,0,"{""area_fraction"":0.103798,""erased"":true,""height"":0.335995,""left"":0.400503,""top"":0.31819,""width"":0.308928}",0.0030176362,0.028567804,0.025550168,0.99698693,0.97183639,0.0026238849,0.025385544,0.99436304,0.94645084,-0.047912196,0.9124298,10.994321,0.67637204,7.4362516,False,0.97908497,True,True,True,0.9124298,10.994321,0.67637204,7.4362516,0.90998259,11.063746,0.65986528,7.300582,0.97844816,9.5207395,0.1485158,1.4139802,0.97019297,11.940376,0.204548,2.4423801,0.92268074,11.300818,0.29280633,3.3089511,0.91668952,10.897361,0.36209985,3.9459328,0.86506078,11.287143,0.28739306,3.2438465,0.90305638,10.455763,0.30681539,3.2079891
0b_random_erasing_best,file,18,baseline_random_erasing,5492,094.White_breasted_Nuthatch/White_Breasted_Nuthatch_0131_86416.jpg,94,93,094.White_breasted_Nuthatch,159,158,identity,identity,0,{},0.025859578,0.025859578,0,0.97447193,0.97447193,0.0079078125,0.0079078125,0.96656411,0.96656411,0,1,1,4.4649416,4.4649416,False,1,True,True,True,1,1,4.4649416,4.4649416,1,1,4.391632,4.391632,1,1,0.80577392,0.80577392,1,1,1.3691366,1.3691366,1,1,1.7150475,1.7150475,1,1,2.3551656,2.3551656,1,1,2.097878,2.097878,1,1,2.1266433,2.1266433
0b_random_erasing_best,file,18,baseline_random_erasing,5492,094.White_breasted_Nuthatch/White_Breasted_Nuthatch_0131_86416.jpg,94,93,094.White_breasted_Nuthatch,159,158,random_erasing,random_erasing,0,"{""area_fraction"":0.053251,""erased"":true,""height"":0.37736,""left"":0.353379,""top"":0.279539,""width"":0.141114}",0.025859578,0.033647384,0.0077878069,0.97447193,0.96691239,0.0079078125,0.0063864826,0.96656411,0.96052591,-0.006038208,0.85105668,1.3526046,4.4649416,6.0393007,False,0.97214508,True,True,True,0.85105668,1.3526046,4.4649416,6.0393007,0.84784502,1.3513496,4.391632,5.9346303,0.94416424,1.3893675,0.80577392,1.1195161,0.82600181,1.1254606,1.3691366,1.5409093,0.84373233,1.3942804,1.7150475,2.3912572,0.8537394,1.3665341,2.3551656,3.2184141,0.83454716,1.4237932,2.097878,2.9869445,0.87178209,1.3172415,2.1266433,2.8013029
0b_random_erasing_best,file,18,baseline_random_erasing,6081,104.American_Pipit/American_Pipit_0062_100000.jpg,104,103,104.American_Pipit,150,149,identity,identity,0,{},0.12426499,0.12426499,0,0.88314581,0.88314581,0.033929497,0.033929497,0.84921631,0.84921631,0,1,1,18.913209,18.913209,False,0.99999994,True,True,True,1,1,18.913209,18.913209,1,1,18.589372,18.589372,1,1,3.4849256,3.4849256,1,1,2.8771116,2.8771116,1,1,7.7135789,7.7135789,1,1,11.299981,11.299981,1,1,8.9666968,8.9666968,1,1,8.3484403,8.3484403
0b_random_erasing_best,file,18,baseline_random_erasing,6081,104.American_Pipit/American_Pipit_0062_100000.jpg,104,103,104.American_Pipit,150,149,random_erasing,random_erasing,0,"{""area_fraction"":0.196839,""erased"":true,""height"":0.297784,""left"":0.201585,""top"":0.133381,""width"":0.661012}",0.12426499,0.99189758,0.8676326,0.88314581,0.37087226,0.033929497,0.32918009,0.84921631,0.041692168,-0.80752414,0.68051577,7.5904608,18.913209,143.55997,False,0.87277997,True,True,True,0.68051577,7.5904608,18.913209,143.55997,0.67615028,7.6328257,18.589372,141.88944,0.8447364,6.266116,3.4849256,21.836948,0.64493897,7.7874092,2.8771116,22.405246,0.6157659,9.9193405,7.7135789,76.513615,0.72138343,6.7689927,11.299981,76.489492,0.68304349,7.4505399,8.9666968,66.806732,0.70384438,7.0483861,8.3484403,58.84303
0b_random_erasing_best,file,18,baseline_random_erasing,7469,128.Seaside_Sparrow/Seaside_Sparrow_0039_796530.jpg,128,127,128.Seaside_Sparrow,125,124,identity,identity,0,{},7.5827923,7.5827923,0,0.00050913752,0.00050913752,0.88270932,0.88270932,-0.88220019,-0.88220019,0,1,1,246.28431,246.28431,False,1,True,False,False,1,1,246.28431,246.28431,1,1,243.10531,243.10531,1,1,39.443284,39.443284,1,1,57.270029,57.270029,1,1,106.29288,106.29288,1,1,136.8636,136.8636,1,1,118.7803,118.7803,1,1,108.08215,108.08215
0b_random_erasing_best,file,18,baseline_random_erasing,7469,128.Seaside_Sparrow/Seaside_Sparrow_0039_796530.jpg,128,127,128.Seaside_Sparrow,125,124,random_erasing,random_erasing,0,"{""area_fraction"":0.088625,""erased"":true,""height"":0.294985,""left"":0.65038,""top"":0.104646,""width"":0.300439}",7.5827923,8.0285625,0.44577026,0.00050913752,0.00032601642,0.88270932,0.44890043,-0.88220019,-0.44857441,0.43362577,0.78720623,0.86866975,246.28431,213.93973,False,0.97962344,False,False,False,0.78720623,0.86866975,246.28431,213.93973,0.78482604,0.86748619,243.10531,210.8905,0.87414455,0.91249415,39.443284,35.991766,0.72943351,0.94514406,57.270029,54.128428,0.79504502,0.85813084,106.29288,91.213201,0.76462367,0.84396104,136.8636,115.50755,0.79948686,0.85332067,118.7803,101.35769,0.80739438,0.90698638,108.08215,98.02904
0b_random_erasing_best,file,18,baseline_random_erasing,8975,153.Philadelphia_Vireo/Philadelphia_Vireo_0071_794796.jpg,153,152,153.Philadelphia_Vireo,155,154,identity,identity,0,{},0.072703987,0.072703987,0,0.92987603,0.92987603,0.067181364,0.067181364,0.86269467,0.86269467,0,1,1,11.286197,11.286197,False,0.99999988,True,True,True,1,1,11.286197,11.286197,1,1,10.802619,10.802619,1,1,3.2682812,3.2682812,1,1,2.3519604,2.3519604,1,1,5.0365972,5.0365972,1,1,5.7437166,5.7437166,1,1,4.8280267,4.8280267,1,1,5.4311527,5.4311527
0b_random_erasing_best,file,18,baseline_random_erasing,8975,153.Philadelphia_Vireo/Philadelphia_Vireo_0071_794796.jpg,153,152,153.Philadelphia_Vireo,155,154,random_erasing,random_erasing,0,"{""area_fraction"":0.190822,""erased"":true,""height"":0.450458,""left"":0.038209,""top"":0.446257,""width"":0.423617}",0.072703987,0.98597139,0.9132674,0.92987603,0.37307665,0.067181364,0.59634453,0.86269467,-0.22326788,-1.0859625,0.7806222,8.0623137,11.286197,90.992858,False,0.95979583,False,True,False,0.7806222,8.0623137,11.286197,90.992858,0.76344536,8.0259575,10.802619,86.701359,0.95981634,8.4493195,3.2682812,27.614752,0.66845529,7.3090616,2.3519604,17.190624,0.73910091,7.9202539,5.0365972,39.891129,0.78152308,7.5851123,5.7437166,43.566735,0.75417211,8.2934925,4.8280267,40.041204,0.79075279,8.4955296,5.4311527,46.140519
0b_random_erasing_best,file,18,baseline_random_erasing,7079,121.Grasshopper_Sparrow/Grasshopper_Sparrow_0115_115914.jpg,121,120,121.Grasshopper_Sparrow,119,118,identity,identity,0,{},3.6633155,3.6633155,0,0.025647337,0.025647337,0.24229994,0.24229994,-0.21665261,-0.21665261,0,1,1,155.66255,155.66255,False,1,True,False,False,1,1,155.66255,155.66255,1,1,153.21292,153.21292,1,1,27.506913,27.506913,1,1,41.639281,41.639281,1,1,68.826028,68.826028,1,1,84.797327,84.797327,1,1,69.795598,69.795598,1,1,70.294629,70.294629
0b_random_erasing_best,file,18,baseline_random_erasing,7079,121.Grasshopper_Sparrow/Grasshopper_Sparrow_0115_115914.jpg,121,120,121.Grasshopper_Sparrow,119,118,random_erasing,random_erasing,0,"{""area_fraction"":0.121792,""erased"":true,""height"":0.246654,""left"":0.080385,""top"":0.57264,""width"":0.493774}",3.6633155,3.8062077,0.14289212,0.025647337,0.022232333,0.24229994,0.17072161,-0.21665261,-0.14848927,0.068163335,0.95966335,1.0003347,155.66255,155.71465,False,0.99392521,True,False,False,0.95966335,1.0003347,155.66255,155.71465,0.95864923,1.0000055,153.21292,153.21377,0.99085023,1.0104943,27.506913,27.79558,0.87564391,0.89545261,41.639281,37.286003,0.95307786,0.9842322,68.826028,67.740793,0.96896622,1.0171213,84.797327,86.249166,0.96648593,1.016935,69.795598,70.977588,0.96909949,1.007794,70.294629,70.842506
0b_random_erasing_best,file,18,baseline_random_erasing,7290,125.Lincoln_Sparrow/Lincoln_Sparrow_0014_117883.jpg,125,124,125.Lincoln_Sparrow,129,128,identity,identity,0,{},0.2414061,0.2414061,0,0.78552258,0.78552258,0.08142288,0.08142288,0.7040997,0.7040997,0,1,1,34.311961,34.311961,False,1,True,True,True,1,1,34.311961,34.311961,1,1,33.702217,33.702217,1,1,6.4398192,6.4398192,1,1,7.4771556,7.4771556,1,1,16.037447,16.037447,1,1,18.351088,18.351088,1,1,15.763345,15.763345,1,1,15.410593,15.410593
0b_random_erasing_best,file,18,baseline_random_erasing,7290,125.Lincoln_Sparrow/Lincoln_Sparrow_0014_117883.jpg,125,124,125.Lincoln_Sparrow,129,128,random_erasing,random_erasing,0,"{""area_fraction"":0.055244,""erased"":true,""height"":0.375548,""left"":0.33511,""top"":0.331354,""width"":0.147102}",0.2414061,0.42906678,0.18766068,0.78552258,0.65111643,0.08142288,0.014354026,0.7040997,0.6367624,-0.067337295,0.7590679,1.5656228,34.311961,53.719589,False,0.96846044,True,True,True,0.7590679,1.5656228,34.311961,53.719589,0.75410958,1.5649,33.702217,52.740598,0.8931838,1.5852924,6.4398192,10.208996,0.30806371,1.5127049,7.4771556,11.31073,0.80660291,1.4686803,16.037447,23.553883,0.74805852,1.4900626,18.351088,27.344269,0.76248783,1.6039635,15.763345,25.283831,0.80356006,1.7313364,15.410593,26.68092
0b_random_erasing_best,file,18,baseline_random_erasing,6478,111.Loggerhead_Shrike/Loggerhead_Shrike_0128_105238.jpg,111,110,111.Loggerhead_Shrike,112,111,identity,identity,0,{},0.49176922,0.49176922,0,0.61154348,0.61154348,0.30156192,0.30156192,0.30998155,0.30998155,0,1,1,69.627047,69.627047,False,0.99999994,True,True,True,1,1,69.627047,69.627047,1,1,68.233543,68.233543,1,1,13.860351,13.860351,1,1,12.766736,12.766736,1,1,34.907707,34.907707,1,1,38.35377,38.35377,1,1,31.76253,31.76253,1,1,28.185259,28.185259
0b_random_erasing_best,file,18,baseline_random_erasing,6478,111.Loggerhead_Shrike/Loggerhead_Shrike_0128_105238.jpg,111,110,111.Loggerhead_Shrike,112,111,random_erasing,random_erasing,0,"{""area_fraction"":0.115725,""erased"":true,""height"":0.215064,""left"":0.421602,""top"":0.324289,""width"":0.538095}",0.49176922,0.16783044,-0.32393879,0.61154348,0.84549719,0.30156192,0.11686333,0.30998155,0.72863387,0.41865231,0.90794768,0.42249605,69.627047,29.417152,False,0.98646873,True,True,True,0.90794768,0.42249605,69.627047,29.417152,0.90461161,0.42172249,68.233543,28.77562,0.98614856,0.44082847,13.860351,6.1100374,0.79206338,0.53005059,12.766736,6.7670162,0.9085606,0.43168936,34.907707,15.069286,0.912685,0.39936181,38.35377,15.317031,0.90676864,0.41974761,31.76253,13.332246,0.91936287,0.42397706,28.185259,11.949903
0b_random_erasing_best,file,18,baseline_random_erasing,7254,124.Le_Conte_Sparrow/Le_Conte_Sparrow_0016_795223.jpg,124,123,124.Le_Conte_Sparrow,113,112,identity,identity,0,{},0.1991557,0.1991557,0,0.8194223,0.8194223,0.031566035,0.031566035,0.78785627,0.78785627,0,1,1,30.526083,30.526083,False,1,True,True,True,1,1,30.526083,30.526083,1,1,30.109611,30.109611,1,1,5.0252457,5.0252457,1,1,4.9488661,4.9488661,1,1,14.267434,14.267434,1,1,17.319461,17.319461,1,1,14.358357,14.358357,1,1,13.130559,13.130559
0b_random_erasing_best,file,18,baseline_random_erasing,7254,124.Le_Conte_Sparrow/Le_Conte_Sparrow_0016_795223.jpg,124,123,124.Le_Conte_Sparrow,113,112,random_erasing,random_erasing,0,"{""area_fraction"":0.128842,""erased"":true,""height"":0.331475,""left"":0.560666,""top"":0.098523,""width"":0.388691}",0.1991557,0.19250341,-0.0066522956,0.8194223,0.82489151,0.031566035,0.0068200803,0.78785627,0.81807143,0.030215158,0.88691783,1.1006742,30.526083,33.599273,False,0.98318338,True,True,True,0.88691783,1.1006742,30.526083,33.599273,0.88480851,1.1022243,30.109611,33.187546,0.96819952,1.0435013,5.0252457,5.2438503,0.83518774,0.94104593,4.9488661,4.6571103,0.85090601,1.0420441,14.267434,14.867295,0.89187986,1.1652302,17.319461,20.181159,0.89864372,1.1251845,14.358357,16.1558,0.90638524,1.0508704,13.130559,13.798515
0b_random_erasing_best,file,18,baseline_random_erasing,1704,031.Black_billed_Cuckoo/Black_Billed_Cuckoo_0028_26165.jpg,31,30,031.Black_billed_Cuckoo,186,185,identity,identity,0,{},3.1735148,3.1735148,0,0.041856226,0.041856226,0.34051645,0.34051645,-0.29866022,-0.29866022,0,1,1,134.62932,134.62932,False,0.99999988,True,False,False,1,1,134.62932,134.62932,1,1,131.73041,131.73041,1,1,27.787657,27.787657,1,1,28.396602,28.396602,1,1,57.11536,57.11536,1,1,72.656071,72.656071,1,1,61.781757,61.781757,1,1,64.718457,64.718457
0b_random_erasing_best,file,18,baseline_random_erasing,1704,031.Black_billed_Cuckoo/Black_Billed_Cuckoo_0028_26165.jpg,31,30,031.Black_billed_Cuckoo,186,185,random_erasing,random_erasing,0,"{""area_fraction"":0.180305,""erased"":true,""height"":0.458628,""left"":0.117899,""top"":0.1761,""width"":0.39314}",3.1735148,3.5422955,0.36878061,0.041856226,0.028946804,0.34051645,0.44827577,-0.29866022,-0.41932897,-0.12066875,0.83635295,1.2735973,134.62932,171.46354,False,0.97101325,True,False,False,0.83635295,1.2735973,134.62932,171.46354,0.83099406,1.2762745,131.73041,168.12416,0.96426121,1.2118726,27.787657,33.675101,0.81635639,1.2915764,28.396602,36.676381,0.81214935,1.3084841,57.11536,74.734539,0.84874478,1.3474066,72.656071,97.897273,0.81764085,1.240873,61.781757,76.663311,0.84221,1.1842563,64.718457,76.643241
0b_random_erasing_best,file,18,baseline_random_erasing,3415,059.California_Gull/California_Gull_0074_41358.jpg,59,58,059.California_Gull,64,63,identity,identity,0,{},1.3080884,1.3080884,0,0.27033633,0.27033633,0.59159303,0.59159303,-0.3212567,-0.3212567,0,1,1,98.295759,98.295759,False,0.99999988,True,False,False,1,1,98.295759,98.295759,1,1,93.592875,93.592875,1,1,30.040474,30.040474,1,1,26.680337,26.680337,1,1,40.869196,40.869196,1,1,50.411178,50.411178,1,1,41.37064,41.37064,1,1,46.09423,46.09423
0b_random_erasing_best,file,18,baseline_random_erasing,3415,059.California_Gull/California_Gull_0074_41358.jpg,59,58,059.California_Gull,64,63,random_erasing,random_erasing,0,"{""area_fraction"":0.139524,""erased"":true,""height"":0.669304,""left"":0.368285,""top"":0.245401,""width"":0.208462}",1.3080884,1.2697221,-0.038366318,0.27033633,0.28090969,0.59159303,0.35517904,-0.3212567,-0.074269354,0.24698734,0.78106823,0.88638747,98.295759,87.12813,False,0.95248806,True,False,False,0.78106823,0.88638747,98.295759,87.12813,0.76800918,0.89192027,93.592875,83.477382,0.91895725,0.83076971,30.040474,24.956716,0.8173659,0.5845849,26.680337,15.596922,0.79849858,0.90025428,40.869196,36.792669,0.78215806,0.86279741,50.411178,43.494633,0.74125373,0.92986056,41.37064,38.468926,0.75916151,0.97018386,46.09423,44.719878
0b_random_erasing_best,file,18,baseline_random_erasing,9006,154.Red_eyed_Vireo/Red_Eyed_Vireo_0029_156777.jpg,154,153,154.Red_eyed_Vireo,155,154,identity,identity,0,{},0.8664583,0.8664583,0,0.42043799,0.42043799,0.32444698,0.32444698,0.095991015,0.095991015,0,1,1,103.94935,103.94935,False,1,True,True,True,1,1,103.94935,103.94935,1,1,101.40285,101.40285,1,1,22.867656,22.867656,1,1,25.331805,25.331805,1,1,50.783647,50.783647,1,1,49.108392,49.108392,1,1,50.181925,50.181925,1,1,46.173576,46.173576
0b_random_erasing_best,file,18,baseline_random_erasing,9006,154.Red_eyed_Vireo/Red_Eyed_Vireo_0029_156777.jpg,154,153,154.Red_eyed_Vireo,155,154,random_erasing,random_erasing,0,"{""area_fraction"":0.127666,""erased"":true,""height"":0.285705,""left"":0.084539,""top"":0.27057,""width"":0.446846}",0.8664583,3.7948742,2.9284159,0.42043799,0.022485733,0.32444698,0.28416094,0.095991015,-0.26167521,-0.35766622,0.56275103,1.1668146,103.94935,121.28962,False,0.89915287,False,True,False,0.56275103,1.1668146,103.94935,121.28962,0.54370241,1.146202,101.40285,116.22815,0.86664785,1.516229,22.867656,34.672602,0.52693817,0.85667758,25.331805,21.70119,0.49018913,0.82748895,50.783647,42.022907,0.43007864,1.1448622,49.108392,56.222341,0.5809372,1.2174371,50.181925,61.093336,0.68853601,1.4331197,46.173576,66.172262
0b_random_erasing_best,file,18,baseline_random_erasing,6037,104.American_Pipit/American_Pipit_0074_100154.jpg,104,103,104.American_Pipit,184,183,identity,identity,0,{},0.062028341,0.062028341,0,0.93985623,0.93985623,0.025710523,0.025710523,0.91414571,0.91414571,0,1,1,10.879399,10.879399,False,1,True,True,True,1,1,10.879399,10.879399,1,1,10.710902,10.710902,1,1,1.9073282,1.9073282,1,1,2.6132189,2.6132189,1,1,4.5509153,4.5509153,1,1,6.2626411,6.2626411,1,1,4.7841505,4.7841505,1,1,5.0074851,5.0074851
0b_random_erasing_best,file,18,baseline_random_erasing,6037,104.American_Pipit/American_Pipit_0074_100154.jpg,104,103,104.American_Pipit,184,183,random_erasing,random_erasing,0,"{""area_fraction"":0.186681,""erased"":true,""height"":0.354079,""left"":0.148622,""top"":0.277203,""width"":0.52723}",0.062028341,0.012360518,-0.049667823,0.93985623,0.98771554,0.025710523,0.0033165859,0.91414571,0.98439896,0.070253248,0.61405075,0.15931475,10.879399,1.7332487,False,0.95295626,True,True,True,0.61405075,0.15931475,10.879399,1.7332487,0.60171153,0.15652664,10.710902,1.6765415,0.9227052,0.23054589,1.9073282,0.43972668,0.609766,0.087913092,2.6132189,0.22973615,0.46408264,0.13467822,4.5509153,0.61290916,0.55876565,0.15430963,6.2626411,0.96638585,0.61355542,0.15858431,4.7841505,0.75869121,0.75579312,0.18657263,5.0074851,0.93425967
0b_random_erasing_best,file,18,baseline_random_erasing,6111,105.Whip_poor_Will/Whip_Poor_Will_0006_22800.jpg,105,104,105.Whip_poor_Will,92,91,identity,identity,0,{},2.1890893,2.1890893,0,0.11201871,0.11201871,0.57030714,0.57030714,-0.45828842,-0.45828842,0,1,1,121.16139,121.16139,False,1,True,False,False,1,1,121.16139,121.16139,1,1,117.83409,117.83409,1,1,28.199502,28.199502,1,1,29.932598,29.932598,1,1,51.761391,51.761391,1,1,59.159964,59.159964,1,1,55.900414,55.900414,1,1,60.703475,60.703475
0b_random_erasing_best,file,18,baseline_random_erasing,6111,105.Whip_poor_Will/Whip_Poor_Will_0006_22800.jpg,105,104,105.Whip_poor_Will,92,91,random_erasing,random_erasing,0,"{""area_fraction"":0.146737,""erased"":true,""height"":0.399022,""left"":0.32666,""top"":0.023452,""width"":0.367743}",2.1890893,3.5526881,1.3635988,0.11201871,0.028647529,0.57030714,0.74171728,-0.45828842,-0.71306975,-0.25478133,0.84018509,1.2303225,121.16139,149.06759,False,0.97960091,True,False,False,0.84018509,1.2303225,121.16139,149.06759,0.83220652,1.2285109,117.83409,144.76046,0.97612791,1.261535,28.199502,35.574658,0.86079409,1.1780617,29.932598,35.262446,0.78353924,1.2391858,51.761391,64.141983,0.81727942,1.2615604,59.159964,74.633869,0.83385391,1.2473067,55.900414,69.72496,0.87710638,1.1840524,60.703475,71.876094
0b_random_erasing_best,file,18,baseline_random_erasing,5035,087.Mallard/Mallard_0061_76378.jpg,87,86,087.Mallard,100,99,identity,identity,0,{},0.20145583,0.20145583,0,0.81753969,0.81753969,0.023358595,0.023358595,0.7941811,0.7941811,0,1,1,25.275547,25.275547,False,1,True,True,True,1,1,25.275547,25.275547,1,1,24.758087,24.758087,1,1,5.088264,5.088264,1,1,5.2541447,5.2541447,1,1,12.096729,12.096729,1,1,12.746871,12.746871,1,1,11.313167,11.313167,1,1,12.188335,12.188335
0b_random_erasing_best,file,18,baseline_random_erasing,5035,087.Mallard/Mallard_0061_76378.jpg,87,86,087.Mallard,100,99,random_erasing,random_erasing,0,"{""area_fraction"":0.071401,""erased"":true,""height"":0.313441,""left"":0.166515,""top"":0.167967,""width"":0.227798}",0.20145583,0.14123167,-0.060224161,0.81753969,0.8682881,0.023358595,0.025320264,0.7941811,0.84296784,0.048786739,0.95120658,0.74995413,25.275547,18.955501,False,0.99430275,True,True,True,0.95120658,0.74995413,25.275547,18.955501,0.94946846,0.74934136,24.758087,18.552258,0.99172932,0.7643183,5.088264,3.8890534,0.96032394,0.68688239,5.2541447,3.6089795,0.95807506,0.72801699,12.096729,8.8066246,0.94414777,0.75133486,12.746871,9.5771683,0.94184522,0.76302234,11.313167,8.6321989,0.95320985,0.76688739,12.188335,9.3470802
0b_random_erasing_best,file,18,baseline_random_erasing,9757,166.Golden_winged_Warbler/Golden_Winged_Warbler_0016_794841.jpg,166,165,166.Golden_winged_Warbler,165,164,identity,identity,0,{},0.062418386,0.062418386,0,0.93948972,0.93948972,0.01346888,0.01346888,0.92602084,0.92602084,0,1,1,9.0807554,9.0807554,False,1,True,True,True,1,1,9.0807554,9.0807554,1,1,8.9360156,8.9360156,1,1,1.614851,1.614851,1,1,2.8293991,2.8293991,1,1,3.4718773,3.4718773,1,1,4.6818924,4.6818924,1,1,4.272595,4.272595,1,1,4.4291939,4.4291939
0b_random_erasing_best,file,18,baseline_random_erasing,9757,166.Golden_winged_Warbler/Golden_Winged_Warbler_0016_794841.jpg,166,165,166.Golden_winged_Warbler,165,164,random_erasing,random_erasing,0,"{""area_fraction"":0.079747,""erased"":true,""height"":0.469113,""left"":0.690525,""top"":0.463198,""width"":0.169995}",0.062418386,0.048456732,-0.013961654,0.93948972,0.95269859,0.01346888,0.010941483,0.92602084,0.94175711,0.015736263,0.97773345,0.80130714,9.0807554,7.2764741,False,0.99458909,True,True,True,0.97773345,0.80130714,9.0807554,7.2764741,0.97720738,0.80134753,8.9360156,7.160854,0.99386928,0.8000693,1.614851,1.2919927,0.98533003,0.76866622,2.8293991,2.1748635,0.97395825,0.81611924,3.4718773,2.8334659,0.97745949,0.80788873,4.6818924,3.7824481,0.97552727,0.80369776,4.272595,3.433875,0.9778478,0.79570322,4.4291939,3.5243238
0b_random_erasing_best,file,18,baseline_random_erasing,8411,144.Common_Tern/Common_Tern_0043_147753.jpg,144,143,144.Common_Tern,141,140,identity,identity,0,{},5.6737623,5.6737623,0,0.0034349184,0.0034349184,0.98141253,0.98141253,-0.97797761,-0.97797761,0,1,1,199.35362,199.35362,False,0.99999994,True,False,False,1,1,199.35362,199.35362,1,1,194.47063,194.47063,1,1,43.852496,43.852496,1,1,33.259742,33.259742,1,1,93.326738,93.326738,1,1,113.55559,113.55559,1,1,83.690042,83.690042,1,1,90.02133,90.02133
0b_random_erasing_best,file,18,baseline_random_erasing,8411,144.Common_Tern/Common_Tern_0043_147753.jpg,144,143,144.Common_Tern,141,140,random_erasing,random_erasing,0,"{""area_fraction"":0.076059,""erased"":true,""height"":0.435877,""left"":0.463733,""top"":0.071306,""width"":0.174497}",5.6737623,5.5736189,-0.10014343,0.0034349184,0.0037967151,0.98141253,0.9728809,-0.97797761,-0.96908418,0.0088934267,0.92543366,1.0024752,199.35362,199.84707,False,0.99413961,True,False,False,0.92543366,1.0024752,199.35362,199.84707,0.92198492,1.0030435,194.47063,195.06251,0.99412693,0.99123299,43.852496,43.468041,0.80140017,0.87626201,33.259742,29.144248,0.92366362,0.9725235,93.326738,90.762446,0.93344696,1.0265701,113.55559,116.57278,0.90456357,1.0157042,83.690042,85.004331,0.93313148,1.0026732,90.02133,90.261974
0b_random_erasing_best,file,18,baseline_random_erasing,10264,175.Pine_Warbler/Pine_Warbler_0091_171627.jpg,175,174,175.Pine_Warbler,157,156,identity,identity,0,{},2.1826518,2.1826518,0,0.11274216,0.11274216,0.80343902,0.80343902,-0.69069687,-0.69069687,0,1,1,124.62285,124.62285,False,1,True,False,False,1,1,124.62285,124.62285,1,1,120.70459,120.70459,1,1,31.004154,31.004154,1,1,28.371345,28.371345,1,1,55.432606,55.432606,1,1,70.203717,70.203717,1,1,54.938432,54.938432,1,1,52.393679,52.393679
0b_random_erasing_best,file,18,baseline_random_erasing,10264,175.Pine_Warbler/Pine_Warbler_0091_171627.jpg,175,174,175.Pine_Warbler,157,156,random_erasing,random_erasing,0,"{""area_fraction"":0.100848,""erased"":true,""height"":0.277672,""left"":0.553312,""top"":0.143755,""width"":0.36319}",2.1826518,4.8975248,2.7148731,0.11274216,0.0074650371,0.80343902,0.28453806,-0.69069687,-0.27707302,0.41362384,0.69468846,1.1814172,124.62285,147.23158,False,0.88522512,True,False,False,0.69468846,1.1814172,124.62285,147.23158,0.6908547,1.1928099,120.70459,143.97763,0.77560867,0.99286106,31.004154,30.782817,0.70778721,1.1239237,28.371345,31.887228,0.790514,1.3354411,55.432606,74.026983,0.71510619,1.1249026,70.203717,78.972344,0.64848458,1.1422851,54.938432,62.755354,0.57573975,1.2158273,52.393679,63.701667
0b_random_erasing_best,file,18,baseline_random_erasing,955,018.Spotted_Catbird/Spotted_Catbird_0012_796802.jpg,18,17,018.Spotted_Catbird,67,66,identity,identity,0,{},0.026310548,0.026310548,0,0.97403258,0.97403258,0.0081045032,0.0081045032,0.96592808,0.96592808,0,1,1,7.4554388,7.4554388,False,0.99999994,True,True,True,1,1,7.4554388,7.4554388,1,1,7.4002922,7.4002922,1,1,0.90512043,0.90512043,1,1,1.8209429,1.8209429,1,1,3.9923811,3.9923811,1,1,4.4440665,4.4440665,1,1,3.0516482,3.0516482,1,1,2.5391141,2.5391141
0b_random_erasing_best,file,18,baseline_random_erasing,955,018.Spotted_Catbird/Spotted_Catbird_0012_796802.jpg,18,17,018.Spotted_Catbird,67,66,random_erasing,random_erasing,0,"{""area_fraction"":0.099204,""erased"":true,""height"":0.372502,""left"":0.195717,""top"":0.302084,""width"":0.266318}",0.026310548,0.050121766,0.023811217,0.97403258,0.95111358,0.0081045032,0.017056879,0.96592808,0.9340567,-0.031871375,0.93123095,1.869187,7.4554388,13.93561,False,0.98401415,True,True,True,0.93123095,1.869187,7.4554388,13.93561,0.9304792,1.8667705,7.4002922,13.814647,0.98058003,2.0241936,0.90512043,1.832139,0.90669627,1.9295483,1.8209429,3.5135973,0.91786953,1.7191024,3.9923811,6.8633118,0.95172276,1.8993634,4.4440665,8.4408973,0.92526275,1.9641115,3.0516482,5.9937774,0.92419796,1.938226,2.5391141,4.921377
0b_random_erasing_best,file,18,baseline_random_erasing,762,014.Indigo_Bunting/Indigo_Bunting_0026_11964.jpg,14,13,014.Indigo_Bunting,54,53,identity,identity,0,{},0.58541805,0.58541805,0,0.55687302,0.55687302,0.32059753,0.32059753,0.23627549,0.23627549,0,1,1,70.779977,70.779977,False,1,True,True,True,1,1,70.779977,70.779977,1,1,68.976455,68.976455,1,1,15.876202,15.876202,1,1,14.492817,14.492817,1,1,29.51828,29.51828,1,1,41.210067,41.210067,1,1,32.042264,32.042264,1,1,30.844844,30.844844
0b_random_erasing_best,file,18,baseline_random_erasing,762,014.Indigo_Bunting/Indigo_Bunting_0026_11964.jpg,14,13,014.Indigo_Bunting,54,53,random_erasing,random_erasing,0,"{""area_fraction"":0.114216,""erased"":true,""height"":0.38592,""left"":0.092885,""top"":0.3331,""width"":0.295957}",0.58541805,0.59755671,0.012138665,0.55687302,0.55015421,0.32059753,0.27098718,0.23627549,0.27916703,0.042891532,0.79888597,0.92248525,70.779977,65.293485,False,0.98174763,True,True,True,0.79888597,0.92248525,70.779977,65.293485,0.78905557,0.91822377,68.976455,63.335821,0.9720706,0.99952217,15.876202,15.868616,0.8164604,0.77381568,14.492817,11.214769,0.67118078,0.91410778,29.51828,26.98289,0.81141059,0.90903635,41.210067,37.461449,0.77983387,0.92949021,32.042264,29.78297,0.86201532,0.95471857,30.844844,29.448146
0b_random_erasing_best,file,18,baseline_random_erasing,9402,160.Black_throated_Blue_Warbler/Black_Throated_Blue_Warbler_0108_161714.jpg,160,159,160.Black_throated_Blue_Warbler,164,163,identity,identity,0,{},0.011866338,0.011866338,0,0.98820376,0.98820376,0.0036726412,0.0036726412,0.98453112,0.98453112,0,1,1,2.3782197,2.3782197,False,1,True,True,True,1,1,2.3782197,2.3782197,1,1,2.3415047,2.3415047,1,1,0.4162747,0.4162747,1,1,0.50417333,0.50417333,1,1,1.0041742,1.0041742,1,1,1.3290407,1.3290407,1,1,1.1975195,1.1975195,1,1,1.0097947,1.0097947
0b_random_erasing_best,file,18,baseline_random_erasing,9402,160.Black_throated_Blue_Warbler/Black_Throated_Blue_Warbler_0108_161714.jpg,160,159,160.Black_throated_Blue_Warbler,164,163,random_erasing,random_erasing,0,"{""area_fraction"":0.086616,""erased"":true,""height"":0.497371,""left"":0.777019,""top"":0.401858,""width"":0.174147}",0.011866338,0.0079602618,-0.0039060758,0.98820376,0.99207133,0.0036726412,0.0016536003,0.98453112,0.99041773,0.0058866076,0.9479194,0.73102179,2.3782197,1.7385304,False,0.99003708,True,True,True,0.9479194,0.73102179,2.3782197,1.7385304,0.94701328,0.73217057,2.3415047,1.7143808,0.97952011,0.69369349,0.4162747,0.28876705,0.96017113,0.74249471,0.50417333,0.37434603,0.94072421,0.71444457,1.0041742,0.7174268,0.94875726,0.72546816,1.3290407,0.9641767,0.94955332,0.74877517,1.1975195,0.89667288,0.94383603,0.73483109,1.0097947,0.74202856
0b_random_erasing_best,file,18,baseline_random_erasing,11244,191.Red_headed_Woodpecker/Red_Headed_Woodpecker_0022_183010.jpg,191,190,191.Red_headed_Woodpecker,83,82,identity,identity,0,{},0.0027090537,0.0027090537,0,0.9972946,0.9972946,0.00035582614,0.00035582614,0.99693878,0.99693878,0,1,1,0.3391351,0.3391351,False,1,True,True,True,1,1,0.3391351,0.3391351,1,1,0.3301695,0.3301695,1,1,0.077464304,0.077464304,1,1,0.074078461,0.074078461,1,1,0.11869509,0.11869509,1,1,0.15357565,0.15357565,1,1,0.15214393,0.15214393,1,1,0.20664583,0.20664583
0b_random_erasing_best,file,18,baseline_random_erasing,11244,191.Red_headed_Woodpecker/Red_Headed_Woodpecker_0022_183010.jpg,191,190,191.Red_headed_Woodpecker,83,82,random_erasing,random_erasing,0,"{""area_fraction"":0.188488,""erased"":true,""height"":0.542711,""left"":0.437391,""top"":0.104569,""width"":0.347308}",0.0027090537,0.042369716,0.039660662,0.9972946,0.95851535,0.00035582614,0.0058618323,0.99693878,0.95265351,-0.044285265,0.48874348,15.471685,0.3391351,5.2469916,False,0.87719899,True,True,True,0.48874348,15.471685,0.3391351,5.2469916,0.46418416,15.294858,0.3301695,5.0498954,0.86760586,18.390366,0.077464304,1.4245969,0.36713018,13.393229,0.074078461,0.99214981,0.36559311,16.488775,0.11869509,1.9571367,0.36530374,15.72616,0.15357565,2.4151552,0.39646849,15.962476,0.15214393,2.4285937,0.61455373,14.481784,0.20664583,2.9926003
0b_random_erasing_best,file,18,baseline_random_erasing,617,012.Yellow_headed_Blackbird/Yellow_Headed_Blackbird_0017_8511.jpg,12,11,012.Yellow_headed_Blackbird,96,95,identity,identity,0,{},0.59881932,0.59881932,0,0.54945999,0.54945999,0.12865488,0.12865488,0.42080511,0.42080511,0,1,1,62.767827,62.767827,False,1,True,True,True,1,1,62.767827,62.767827,1,1,61.740147,61.740147,1,1,11.311691,11.311691,1,1,15.922101,15.922101,1,1,27.417598,27.417598,1,1,31.519945,31.519945,1,1,28.321075,28.321075,1,1,31.796502,31.796502
0b_random_erasing_best,file,18,baseline_random_erasing,617,012.Yellow_headed_Blackbird/Yellow_Headed_Blackbird_0017_8511.jpg,12,11,012.Yellow_headed_Blackbird,96,95,random_erasing,random_erasing,0,"{""area_fraction"":0.182272,""erased"":true,""height"":0.335969,""left"":0.116338,""top"":0.407113,""width"":0.542528}",0.59881932,0.061630409,-0.53718891,0.54945999,0.94023031,0.12865488,0.034240082,0.42080511,0.90599023,0.48518512,0.51828845,0.13616997,62.767827,8.547093,False,0.95153022,True,True,True,0.51828845,0.13616997,62.767827,8.547093,0.50076983,0.13417552,61.740147,8.284016,0.9213571,0.18602455,11.311691,2.1042523,0.51266501,0.12310575,15.922101,1.9601022,0.23198062,0.11328656,27.417598,3.1060453,0.44725261,0.12396707,31.519945,3.9074353,0.5030488,0.14100082,28.321075,3.9932946,0.69698086,0.15381896,31.796502,4.890905
0b_random_erasing_best,file,18,baseline_random_erasing,10429,178.Swainson_Warbler/Swainson_Warbler_0025_794881.jpg,178,177,178.Swainson_Warbler,181,180,identity,identity,0,{},0.62167299,0.62167299,0,0.53704518,0.53704518,0.18592131,0.18592131,0.35112387,0.35112387,0,1,1,78.206338,78.206338,False,1,True,True,True,1,1,78.206338,78.206338,1,1,76.58724,76.58724,1,1,15.831167,15.831167,1,1,20.145219,20.145219,1,1,39.210317,39.210317,1,1,39.552394,39.552394,1,1,34.841713,34.841713,1,1,33.822918,33.822918
0b_random_erasing_best,file,18,baseline_random_erasing,10429,178.Swainson_Warbler/Swainson_Warbler_0025_794881.jpg,178,177,178.Swainson_Warbler,181,180,random_erasing,random_erasing,0,"{""area_fraction"":0.164736,""erased"":true,""height"":0.266116,""left"":0.010131,""top"":0.723755,""width"":0.619038}",0.62167299,0.47719002,-0.14448297,0.53704518,0.62052464,0.18592131,0.13132937,0.35112387,0.48919527,0.1380714,0.91363212,0.82149022,78.206338,64.245742,False,0.97257662,True,True,True,0.91363212,0.82149022,78.206338,64.245742,0.91143233,0.82335626,76.58724,63.058583,0.96972497,0.77653842,15.831167,12.29351,0.88393458,0.73337997,20.145219,14.7741,0.92712343,0.80716628,39.210317,31.649246,0.8968868,0.84918255,39.552394,33.587202,0.91428174,0.83269686,34.841713,29.012585,0.9197117,0.82921573,33.822918,28.046495
0b_random_erasing_best,file,18,baseline_random_erasing,7544,129.Song_Sparrow/Song_Sparrow_0007_121133.jpg,129,128,129.Song_Sparrow,125,124,identity,identity,0,{},0.37630746,0.37630746,0,0.68639129,0.68639129,0.15759394,0.15759394,0.52879736,0.52879736,0,1,1,52.071912,52.071912,False,1,True,True,True,1,1,52.071912,52.071912,1,1,50.978222,50.978222,1,1,10.616257,10.616257,1,1,8.0969626,8.0969626,1,1,24.253639,24.253639,1,1,28.529182,28.529182,1,1,23.786273,23.786273,1,1,23.775583,23.775583
0b_random_erasing_best,file,18,baseline_random_erasing,7544,129.Song_Sparrow/Song_Sparrow_0007_121133.jpg,129,128,129.Song_Sparrow,125,124,random_erasing,random_erasing,0,"{""area_fraction"":0.096135,""erased"":true,""height"":0.333328,""left"":0.037072,""top"":0.100741,""width"":0.288411}",0.37630746,0.3772085,0.00090104342,0.68639129,0.68577307,0.15759394,0.19451609,0.52879736,0.49125698,-0.037540376,0.91168622,1.0064997,52.071912,52.410365,False,0.99002331,True,True,True,0.91168622,1.0064997,52.071912,52.410365,0.90846166,1.0038409,50.978222,51.174026,0.98327734,1.0659692,10.616257,11.316603,0.92813716,1.1362959,8.0969626,9.2005456,0.90797076,1.0165466,24.253639,24.654954,0.89138675,0.9741381,28.529182,27.791363,0.90449332,0.99919281,23.786273,23.767073,0.93545618,1.0207931,23.775583,24.26995
0b_random_erasing_best,file,18,baseline_random_erasing,6861,118.House_Sparrow/House_Sparrow_0006_111034.jpg,118,117,118.House_Sparrow,130,129,identity,identity,0,{},2.7268822,2.7268822,0,0.065422945,0.065422945,0.44379425,0.44379425,-0.37837131,-0.37837131,0,1,1,173.35055,173.35055,False,0.99999994,True,False,False,1,1,173.35055,173.35055,1,1,170.31411,170.31411,1,1,32.30355,32.30355,1,1,30.350737,30.350737,1,1,82.680703,82.680703,1,1,95.267602,95.267602,1,1,76.909308,76.909308,1,1,79.111766,79.111766
0b_random_erasing_best,file,18,baseline_random_erasing,6861,118.House_Sparrow/House_Sparrow_0006_111034.jpg,118,117,118.House_Sparrow,130,129,random_erasing,random_erasing,0,"{""area_fraction"":0.182583,""erased"":true,""height"":0.239084,""left"":0.026037,""top"":0.284609,""width"":0.763679}",2.7268822,2.2708931,-0.45598912,0.065422945,0.10321995,0.44379425,0.33561507,-0.37837131,-0.23239512,0.14597619,0.59895635,1.0414443,173.35055,180.53495,False,0.90138638,False,False,False,0.59895635,1.0414443,173.35055,180.53495,0.59083269,1.0348086,170.31411,176.24251,0.79899732,1.2114358,32.30355,39.133677,0.21627217,1.0115891,30.350737,30.702475,0.57294968,0.9753033,82.680703,80.638762,0.57029876,1.0618388,95.267602,101.15884,0.6231599,1.0582085,76.909308,81.386081,0.66366384,1.0392305,79.111766,82.215359
0b_random_erasing_best,file,18,baseline_random_erasing,9382,160.Black_throated_Blue_Warbler/Black_Throated_Blue_Warbler_0060_161644.jpg,160,159,160.Black_throated_Blue_Warbler,57,56,identity,identity,0,{},0.062182385,0.062182385,0,0.93971151,0.93971151,0.040955465,0.040955465,0.89875605,0.89875605,0,1,1,11.292899,11.292899,False,0.99999994,True,True,True,1,1,11.292899,11.292899,1,1,11.118638,11.118638,1,1,1.9762206,1.9762206,1,1,2.6990006,2.6990006,1,1,5.3539218,5.3539218,1,1,5.86344,5.86344,1,1,5.2848629,5.2848629,1,1,5.0364002,5.0364002
0b_random_erasing_best,file,18,baseline_random_erasing,9382,160.Black_throated_Blue_Warbler/Black_Throated_Blue_Warbler_0060_161644.jpg,160,159,160.Black_throated_Blue_Warbler,57,56,random_erasing,random_erasing,0,"{""area_fraction"":0.069281,""erased"":true,""height"":0.243293,""left"":0.303273,""top"":0.286732,""width"":0.284763}",0.062182385,0.21942744,0.15724505,0.93971151,0.8029784,0.040955465,0.010257799,0.89875605,0.7927206,-0.10603545,0.32334551,2.509385,11.292899,28.338231,False,0.93387043,True,True,True,0.32334551,2.509385,11.292899,28.338231,0.30748687,2.4915056,11.118638,27.702149,0.74313538,3.0211435,1.9762206,5.9704458,0.068990663,2.4902418,2.6990006,6.721164,0.17488325,2.3248171,5.3539218,12.446889,0.22081821,2.6030589,5.86344,15.262879,0.35417651,2.3446903,5.2848629,12.391367,0.57363766,2.6698646,5.0364002,13.446506
0b_random_erasing_best,file,18,baseline_random_erasing,1415,026.Bronzed_Cowbird/Bronzed_Cowbird_0052_796216.jpg,26,25,026.Bronzed_Cowbird,49,48,identity,identity,0,{},3.0549295,3.0549295,0,0.04712604,0.04712604,0.37752932,0.37752932,-0.33040328,-0.33040328,0,1,1,139.3748,139.3748,False,1,True,False,False,1,1,139.3748,139.3748,1,1,136.36141,136.36141,1,1,28.825352,28.825352,1,1,38.742044,38.742044,1,1,67.86049,67.86049,1,1,71.009623,71.009623,1,1,63.513419,63.513419,1,1,58.413352,58.413352
0b_random_erasing_best,file,18,baseline_random_erasing,1415,026.Bronzed_Cowbird/Bronzed_Cowbird_0052_796216.jpg,26,25,026.Bronzed_Cowbird,49,48,random_erasing,random_erasing,0,"{""area_fraction"":0.131674,""erased"":true,""height"":0.471381,""left"":0.363886,""top"":0.395953,""width"":0.279336}",3.0549295,6.1062813,3.0513518,0.04712604,0.0022288235,0.37752932,0.0023736837,-0.33040328,-0.00014486024,0.33025842,0.45120833,1.6688706,139.3748,232.5985,False,0.8733685,False,False,False,0.45120833,1.6688706,139.3748,232.5985,0.44462747,1.6767437,136.36141,228.64312,0.62117596,1.4817787,28.825352,42.712793,0.2519923,1.1422682,38.742044,44.253803,0.64860258,1.6964711,67.86049,115.12336,0.37295624,1.7687765,71.009623,125.60015,0.40040628,1.6902657,63.513419,107.35456,0.39966218,1.691745,58.413352,98.820496
0b_random_erasing_best,file,18,baseline_random_erasing,1897,034.Gray_crowned_Rosy_Finch/Gray_Crowned_Rosy_Finch_0006_797284.jpg,34,33,034.Gray_crowned_Rosy_Finch,76,75,identity,identity,0,{},0.015868101,0.015868101,0,0.98425716,0.98425716,0.0037437701,0.0037437701,0.98051339,0.98051339,0,1,1,2.9549811,2.9549811,False,1,True,True,True,1,1,2.9549811,2.9549811,1,1,2.9129062,2.9129062,1,1,0.49688074,0.49688074,1,1,0.46495033,0.46495033,1,1,1.5025639,1.5025639,1,1,1.5941055,1.5941055,1,1,1.3139972,1.3139972,1,1,1.3203729,1.3203729
0b_random_erasing_best,file,18,baseline_random_erasing,1897,034.Gray_crowned_Rosy_Finch/Gray_Crowned_Rosy_Finch_0006_797284.jpg,34,33,034.Gray_crowned_Rosy_Finch,76,75,random_erasing,random_erasing,0,"{""area_fraction"":0.065573,""erased"":true,""height"":0.200776,""left"":0.598716,""top"":0.607293,""width"":0.326596}",0.015868101,0.015120413,-0.00074768811,0.98425716,0.98499334,0.0037437701,0.0022742329,0.98051339,0.98271911,0.0022057141,0.92376462,0.89066632,2.9549811,2.6319021,False,0.98960853,True,True,True,0.92376462,0.89066632,2.9549811,2.6319021,0.92194261,0.88876006,2.9129062,2.5888747,0.98434837,0.95386751,0.49688074,0.4739584,0.90021256,0.94473178,0.46495033,0.43925335,0.92884688,0.83453397,1.5025639,1.2539406,0.91823844,0.90679972,1.5941055,1.4455344,0.9062547,0.89891152,1.3139972,1.1811673,0.94026057,0.91268724,1.3203729,1.2050875
0b_random_erasing_best,file,18,baseline_random_erasing,8323,142.Black_Tern/Black_Tern_0069_144359.jpg,142,141,142.Black_Tern,57,56,identity,identity,0,{},0.094212875,0.094212875,0,0.91008902,0.91008902,0.0092733242,0.0092733242,0.90081569,0.90081569,0,1,1,16.65576,16.65576,False,0.99999994,True,True,True,1,1,16.65576,16.65576,1,1,16.425775,16.425775,1,1,2.758308,2.758308,1,1,4.3612594,4.3612594,1,1,7.4621837,7.4621837,1,1,9.8781668,9.8781668,1,1,6.962724,6.962724,1,1,7.0031145,7.0031145
0b_random_erasing_best,file,18,baseline_random_erasing,8323,142.Black_Tern/Black_Tern_0069_144359.jpg,142,141,142.Black_Tern,57,56,random_erasing,random_erasing,0,"{""area_fraction"":0.1585,""erased"":true,""height"":0.294121,""left"":0.347322,""top"":0.0623,""width"":0.538893}",0.094212875,0.20409814,0.10988526,0.91008902,0.81538236,0.0092733242,0.0028476566,0.90081569,0.8125347,-0.088280987,0.7993385,1.9437334,16.65576,32.374358,False,0.93664908,True,True,True,0.7993385,1.9437334,16.65576,32.374358,0.79570814,1.9388362,16.425775,31.846887,0.92041101,2.1100638,2.758308,5.820206,0.67827158,1.2289373,4.3612594,5.3597142,0.75371934,1.6899911,7.4621837,12.611024,0.86078976,1.8620098,9.8781668,18.393243,0.76910269,2.220562,6.962724,15.46116,0.81666063,2.2537017,7.0031145,15.782931
0b_random_erasing_best,file,18,baseline_random_erasing,4275,074.Florida_Jay/Florida_Jay_0029_65114.jpg,74,73,074.Florida_Jay,111,110,identity,identity,0,{},3.8485718,3.8485718,0,0.021310152,0.021310152,0.42045742,0.42045742,-0.39914727,-0.39914727,0,1,1,127.46977,127.46977,False,1,True,False,False,1,1,127.46977,127.46977,1,1,123.79647,123.79647,1,1,30.380525,30.380525,1,1,26.987754,26.987754,1,1,53.320984,53.320984,1,1,66.471099,66.471099,1,1,58.196692,58.196692,1,1,62.839776,62.839776
0b_random_erasing_best,file,18,baseline_random_erasing,4275,074.Florida_Jay/Florida_Jay_0029_65114.jpg,74,73,074.Florida_Jay,111,110,random_erasing,random_erasing,0,"{""area_fraction"":0.136745,""erased"":true,""height"":0.341425,""left"":0.328039,""top"":0.087012,""width"":0.400512}",3.8485718,4.1337137,0.28514194,0.021310152,0.016023265,0.42045742,0.015663171,-0.39914727,0.00036009401,0.39950736,0.56691849,0.96245081,127.46977,122.68338,False,0.90922976,False,False,False,0.56691849,0.96245081,127.46977,122.68338,0.54810177,0.93857601,123.79647,116.19239,0.82062068,1.2961228,30.380525,39.376891,0.48692433,0.88619084,26.987754,23.9163,0.57649343,0.73364589,53.320984,39.118721,0.52470068,0.82442367,66.471099,54.800348,0.49843062,0.97170737,58.196692,56.550154,0.62150273,1.1472522,62.839776,72.093071
0b_random_erasing_best,file,18,baseline_random_erasing,4612,079.Belted_Kingfisher/Belted_Kingfisher_0084_70399.jpg,79,78,079.Belted_Kingfisher,82,81,identity,identity,0,{},0.54045874,0.54045874,0,0.58248097,0.58248097,0.25276154,0.25276154,0.32971942,0.32971942,0,1,1,55.138713,55.138713,False,1,True,True,True,1,1,55.138713,55.138713,1,1,53.178866,53.178866,1,1,14.570033,14.570033,1,1,12.993185,12.993185,1,1,21.962489,21.962489,1,1,26.320893,26.320893,1,1,26.328204,26.328204,1,1,28.122131,28.122131
0b_random_erasing_best,file,18,baseline_random_erasing,4612,079.Belted_Kingfisher/Belted_Kingfisher_0084_70399.jpg,79,78,079.Belted_Kingfisher,82,81,random_erasing,random_erasing,0,"{""area_fraction"":0.070826,""erased"":true,""height"":0.233382,""left"":0.157637,""top"":0.066079,""width"":0.303475}",0.54045874,0.46294597,-0.077512771,0.58248097,0.62942666,0.25276154,0.21082726,0.32971942,0.4185994,0.088879973,0.96586831,0.88793342,55.138713,48.959506,False,0.99762112,True,True,True,0.96586831,0.88793342,55.138713,48.959506,0.96350615,0.88756808,53.178866,47.199864,0.99716753,0.89278603,14.570033,13.007922,0.97318891,0.84313374,12.993185,10.954993,0.94347145,0.85904869,21.962489,18.866847,0.95406089,0.88216898,26.320893,23.219476,0.97089406,0.90830681,26.328204,23.914087,0.97569771,0.90016706,28.122131,25.314616
0b_random_erasing_best,file,18,baseline_random_erasing,5800,099.Ovenbird/Ovenbird_0096_93131.jpg,99,98,099.Ovenbird,183,182,identity,identity,0,{},0.35196403,0.35196403,0,0.70330542,0.70330542,0.25640765,0.25640765,0.44689777,0.44689777,0,1,1,68.787155,68.787155,False,0.99999988,True,True,True,1,1,68.787155,68.787155,1,1,67.835344,67.835344,1,1,11.403456,11.403456,1,1,13.803254,13.803254,1,1,41.997395,41.997395,1,1,35.962639,35.962639,1,1,26.466417,26.466417,1,1,25.564433,25.564433
0b_random_erasing_best,file,18,baseline_random_erasing,5800,099.Ovenbird/Ovenbird_0096_93131.jpg,99,98,099.Ovenbird,183,182,random_erasing,random_erasing,0,"{""area_fraction"":0.193169,""erased"":true,""height"":0.688624,""left"":0.514024,""top"":0.201351,""width"":0.280515}",0.35196403,0.47027481,0.11831078,0.70330542,0.62483054,0.25640765,0.34789297,0.44689777,0.27693757,-0.1699602,0.75830537,1.2612316,68.787155,86.756533,False,0.90235031,True,True,True,0.75830537,1.2612316,68.787155,86.756533,0.75386984,1.2547882,67.835344,85.118989,0.90148424,1.4711839,11.403456,16.776581,0.82030917,1.0559079,13.803254,14.574965,0.82217946,1.1070936,41.997395,46.495049,0.76328937,1.2855435,35.962639,46.231538,0.6666577,1.3466983,26.466417,35.642279,0.69995617,1.4963388,25.564433,38.253052
0b_random_erasing_best,file,18,baseline_random_erasing,7074,121.Grasshopper_Sparrow/Grasshopper_Sparrow_0110_115644.jpg,121,120,121.Grasshopper_Sparrow,126,125,identity,identity,0,{},3.3537748,3.3537748,0,0.034952167,0.034952167,0.4006556,0.4006556,-0.36570343,-0.36570343,0,1,1,132.59612,132.59612,False,1,True,False,False,1,1,132.59612,132.59612,1,1,129.32486,129.32486,1,1,29.271349,29.271349,1,1,43.800237,43.800237,1,1,59.607961,59.607961,1,1,64.909996,64.909996,1,1,56.206686,56.206686,1,1,62.296463,62.296463
0b_random_erasing_best,file,18,baseline_random_erasing,7074,121.Grasshopper_Sparrow/Grasshopper_Sparrow_0110_115644.jpg,121,120,121.Grasshopper_Sparrow,126,125,random_erasing,random_erasing,0,"{""area_fraction"":0.105016,""erased"":true,""height"":0.231139,""left"":0.119805,""top"":0.440562,""width"":0.454338}",3.3537748,2.3910995,-0.96267533,0.034952167,0.091529012,0.4006556,0.1666711,-0.36570343,-0.075142086,0.29056134,0.8289259,1.0190983,132.59612,135.12848,False,0.97792602,False,False,False,0.8289259,1.0190983,132.59612,135.12848,0.82341633,1.0209581,129.32486,132.03526,0.94132386,0.98209022,29.271349,28.747105,0.78315729,1.0240685,43.800237,44.854442,0.83423259,0.92470707,59.607961,55.119902,0.81911914,1.0851198,64.909996,70.435118,0.82534542,1.066984,56.206686,59.971636,0.84441582,0.99284104,62.296463,61.850485
0b_random_erasing_best,file,18,baseline_random_erasing,2325,041.Scissor_tailed_Flycatcher/Scissor_Tailed_Flycatcher_0110_42136.jpg,41,40,041.Scissor_tailed_Flycatcher,32,31,identity,identity,0,{},4.6941319,4.6941319,0,0.0091488063,0.0091488063,0.84771991,0.84771991,-0.8385711,-0.8385711,0,1,1,183.83313,183.83313,False,1,True,False,False,1,1,183.83313,183.83313,1,1,179.24053,179.24053,1,1,40.834449,40.834449,1,1,27.938813,27.938813,1,1,65.338341,65.338341,1,1,102.52747,102.52747,1,1,94.03232,94.03232,1,1,87.883625,87.883625
0b_random_erasing_best,file,18,baseline_random_erasing,2325,041.Scissor_tailed_Flycatcher/Scissor_Tailed_Flycatcher_0110_42136.jpg,41,40,041.Scissor_tailed_Flycatcher,32,31,random_erasing,random_erasing,0,"{""area_fraction"":0.167342,""erased"":true,""height"":0.51238,""left"":0.627215,""top"":0.346478,""width"":0.326598}",4.6941319,3.7163191,-0.97781277,0.0091488063,0.024323333,0.84771991,0.53755343,-0.8385711,-0.5132301,0.325341,0.8426467,0.8774224,183.83313,161.2993,False,0.984411,True,False,False,0.8426467,0.8774224,183.83313,161.2993,0.83714382,0.87852391,179.24053,157.46709,0.95174401,0.85592261,40.834449,34.951128,0.81353911,0.92999113,27.938813,25.982849,0.72736398,0.90838821,65.338341,59.352579,0.84709478,0.8410256,102.52747,86.228224,0.84269508,0.87501536,94.03232,82.279724,0.88345646,0.90978161,87.883625,79.954906
0b_random_erasing_best,file,18,baseline_random_erasing,8526,146.Forsters_Tern/Forsters_Tern_0118_151564.jpg,146,145,146.Forsters_Tern,145,144,identity,identity,0,{},0.28693008,0.28693008,0,0.75056422,0.75056422,0.19318973,0.19318973,0.55737449,0.55737449,0,1,1,42.858843,42.858843,False,1,True,True,True,1,1,42.858843,42.858843,1,1,41.878714,41.878714,1,1,9.1133847,9.1133847,1,1,11.688021,11.688021,1,1,17.598321,17.598321,1,1,20.637754,20.637754,1,1,20.622943,20.622943,1,1,21.361022,21.361022
0b_random_erasing_best,file,18,baseline_random_erasing,8526,146.Forsters_Tern/Forsters_Tern_0118_151564.jpg,146,145,146.Forsters_Tern,145,144,random_erasing,random_erasing,0,"{""area_fraction"":0.097624,""erased"":true,""height"":0.395004,""left"":0.72787,""top"":0.425833,""width"":0.247148}",0.28693008,0.37907982,0.092149734,0.75056422,0.68449098,0.19318973,0.10858743,0.55737449,0.57590355,0.018529058,0.6895321,1.4989348,42.858843,64.24261,False,0.98819178,True,True,True,0.6895321,1.4989348,42.858843,64.24261,0.68321499,1.5113241,41.878714,63.292308,0.87315881,1.2079965,9.1133847,11.008937,0.57981998,1.6785434,11.688021,19.61885,0.69952297,2.0101862,17.598321,35.375903,0.64909944,1.5685512,20.637754,32.371374,0.72158308,1.2870753,20.622943,26.54328,0.7798838,1.1629461,21.361022,24.841717
0b_random_erasing_best,file,18,baseline_random_erasing,6685,115.Brewer_Sparrow/Brewer_Sparrow_0069_796709.jpg,115,114,115.Brewer_Sparrow,131,130,identity,identity,0,{},5.6240892,5.6240892,0,0.0036098501,0.0036098501,0.61644578,0.61644578,-0.61283593,-0.61283593,0,1,1,134.65358,134.65358,False,1,True,False,False,1,1,134.65358,134.65358,1,1,130.85555,130.85555,1,1,31.755473,31.755473,1,1,24.013619,24.013619,1,1,62.538867,62.538867,1,1,72.136212,72.136212,1,1,58.920039,58.920039,1,1,62.930178,62.930178
0b_random_erasing_best,file,18,baseline_random_erasing,6685,115.Brewer_Sparrow/Brewer_Sparrow_0069_796709.jpg,115,114,115.Brewer_Sparrow,131,130,random_erasing,random_erasing,0,"{""area_fraction"":0.100198,""erased"":true,""height"":0.488455,""left"":0.533594,""top"":0.359104,""width"":0.205133}",5.6240892,6.3259726,0.70188332,0.0036098501,0.0017892256,0.61644578,0.76569426,-0.61283593,-0.76390503,-0.15106911,0.88691305,1.2750773,134.65358,171.69372,False,0.97622252,True,False,False,0.88691305,1.2750773,134.65358,171.69372,0.88269837,1.2815602,130.85555,167.69927,0.97023802,1.1594749,31.755473,36.819675,0.91116166,1.4871997,24.013619,35.713048,0.89169595,1.3284768,62.538867,83.081433,0.89110122,1.2922997,72.136212,93.221605,0.8582966,1.2785816,58.920039,75.33408,0.88363996,1.1869786,62.930178,74.696774
0b_random_erasing_best,file,18,baseline_random_erasing,15,001.Black_footed_Albatross/Black_Footed_Albatross_0040_796066.jpg,1,0,001.Black_footed_Albatross,2,1,identity,identity,0,{},0.013144626,0.013144626,0,0.9869414,0.9869414,0.0093844393,0.0093844393,0.97755696,0.97755696,0,1,1,2.4258567,2.4258567,False,1,True,True,True,1,1,2.4258567,2.4258567,1,1,2.3750908,2.3750908,1,1,0.49368492,0.49368492,1,1,0.645682,0.645682,1,1,1.1142819,1.1142819,1,1,1.3180959,1.3180959,1,1,1.0473221,1.0473221,1,1,1.0715719,1.0715719
0b_random_erasing_best,file,18,baseline_random_erasing,15,001.Black_footed_Albatross/Black_Footed_Albatross_0040_796066.jpg,1,0,001.Black_footed_Albatross,2,1,random_erasing,random_erasing,0,"{""area_fraction"":0.087228,""erased"":true,""height"":0.235182,""left"":0.041144,""top"":0.621674,""width"":0.370898}",0.013144626,0.014406477,0.0012618508,0.9869414,0.98569679,0.0093844393,0.0097524393,0.97755696,0.97594435,-0.0016126046,0.953167,1.1011204,2.4258567,2.6711603,False,0.99347365,True,True,True,0.953167,1.1011204,2.4258567,2.6711603,0.95151869,1.1024165,2.3750908,2.6183392,0.99283832,1.0706836,0.49368492,0.52858033,0.97521191,1.1416753,0.645682,0.73715921,0.9389561,1.0989459,1.1142819,1.2245356,0.95624113,1.0921502,1.3180959,1.4395586,0.94365284,1.1048183,1.0473221,1.1571006,0.95688201,1.1048173,1.0715719,1.1838911
0b_random_erasing_best,file,18,baseline_random_erasing,2402,042.Vermilion_Flycatcher/Vermilion_Flycatcher_0065_42467.jpg,42,41,042.Vermilion_Flycatcher,17,16,identity,identity,0,{},0.002546879,0.002546879,0,0.99745637,0.99745637,0.0016451901,0.0016451901,0.99581118,0.99581118,0,1,1,0.33175192,0.33175192,False,0.99999994,True,True,True,1,1,0.33175192,0.33175192,1,1,0.32030261,0.32030261,1,1,0.086403545,0.086403545,1,1,0.077505115,0.077505115,1,1,0.14524054,0.14524054,1,1,0.13763561,0.13763561,1,1,0.14083301,0.14083301,1,1,0.19161004,0.19161004
0b_random_erasing_best,file,18,baseline_random_erasing,2402,042.Vermilion_Flycatcher/Vermilion_Flycatcher_0065_42467.jpg,42,41,042.Vermilion_Flycatcher,17,16,random_erasing,random_erasing,0,"{""area_fraction"":0.189881,""erased"":true,""height"":0.524434,""left"":0.450953,""top"":0.084591,""width"":0.362069}",0.002546879,0.004463709,0.00191683,0.99745637,0.99554622,0.0016451901,0.0034666106,0.99581118,0.99207961,-0.0037315706,0.78566411,2.0227995,0.33175192,0.67106762,False,0.98323071,True,True,True,0.78566411,2.0227995,0.33175192,0.67106762,0.77278602,2.0321234,0.32030261,0.65089443,0.97787897,1.890015,0.086403545,0.163304,0.72409275,1.8246267,0.077505115,0.1414179,0.7275656,1.884139,0.14524054,0.27365336,0.71464894,2.0780373,0.13763561,0.28601192,0.75888641,2.2424414,0.14083301,0.31580978,0.84834372,2.0026002,0.19161004,0.38371831
0b_random_erasing_best,file,18,baseline_random_erasing,8836,151.Black_capped_Vireo/Black_Capped_Vireo_0022_797459.jpg,151,150,151.Black_capped_Vireo,152,151,identity,identity,0,{},0.0041169897,0.0041169897,0,0.99589145,0.99589145,0.001037563,0.001037563,0.99485389,0.99485389,0,1,1,0.72731172,0.72731172,False,1.0000001,True,True,True,1,1,0.72731172,0.72731172,1,1,0.71264094,0.71264094,1,1,0.14534521,0.14534521,1,1,0.1591911,0.1591911,1,1,0.29144413,0.29144413,1,1,0.37247157,0.37247157,1,1,0.36725523,0.36725523,1,1,0.35208542,0.35208542
0b_random_erasing_best,file,18,baseline_random_erasing,8836,151.Black_capped_Vireo/Black_Capped_Vireo_0022_797459.jpg,151,150,151.Black_capped_Vireo,152,151,random_erasing,random_erasing,0,"{""area_fraction"":0.070747,""erased"":true,""height"":0.153515,""left"":0.369628,""top"":0.305093,""width"":0.46085}",0.0041169897,0.017376212,0.013259223,0.99589145,0.9827739,0.001037563,0.0033242544,0.99485389,0.97944965,-0.015404243,0.81267381,4.6649235,0.72731172,3.3928535,False,0.97274888,True,True,True,0.81267381,4.6649235,0.72731172,3.3928535,0.80769217,4.6909932,0.71264094,3.3429938,0.96396285,3.9872198,0.14534521,0.57952328,0.81484447,4.5852278,0.1591911,0.72992744,0.78885431,4.6015272,0.29144413,1.3410881,0.80872797,5.0067663,0.37247157,1.8648781,0.81311369,4.7875417,0.36725523,1.7582497,0.81797566,4.2840118,0.35208542,1.5083381
0b_random_erasing_best,file,18,baseline_random_erasing,11647,198.Rock_Wren/Rock_Wren_0080_189340.jpg,198,197,198.Rock_Wren,194,193,identity,identity,0,{},1.9556104,1.9556104,0,0.14147809,0.14147809,0.17525859,0.17525859,-0.0337805,-0.0337805,0,1,1,119.38705,119.38705,False,1,True,False,False,1,1,119.38705,119.38705,1,1,117.58041,117.58041,1,1,20.6909,20.6909,1,1,42.257653,42.257653,1,1,55.632438,55.632438,1,1,59.17921,59.17921,1,1,51.870147,51.870147,1,1,52.45746,52.45746
0b_random_erasing_best,file,18,baseline_random_erasing,11647,198.Rock_Wren/Rock_Wren_0080_189340.jpg,198,197,198.Rock_Wren,194,193,random_erasing,random_erasing,0,"{""area_fraction"":0.094417,""erased"":true,""height"":0.214597,""left"":0.170978,""top"":0.187552,""width"":0.439975}",1.9556104,1.0711172,-0.88449323,0.14147809,0.34262553,0.17525859,0.13969305,-0.0337805,0.20293248,0.23671298,0.92718795,0.74155099,119.38705,88.531583,False,0.98410088,False,False,True,0.92718795,0.74155099,119.38705,88.531583,0.92545981,0.74147732,117.58041,87.18321,0.98281646,0.74392624,20.6909,15.392503,0.95624431,0.70320691,42.257653,29.715874,0.93317801,0.73267152,55.632438,40.760302,0.91465391,0.74330187,59.17921,43.988017,0.91338665,0.74815258,51.870147,38.806784,0.9250751,0.76622248,52.45746,40.194085
0b_random_erasing_best,file,18,baseline_random_erasing,9326,159.Black_and_white_Warbler/Black_And_White_Warbler_0081_110906.jpg,159,158,159.Black_and_white_Warbler,99,98,identity,identity,0,{},0.24166077,0.24166077,0,0.78532255,0.78532255,0.055211462,0.055211462,0.73011108,0.73011108,0,1,1,23.958794,23.958794,False,1,True,True,True,1,1,23.958794,23.958794,1,1,23.435683,23.435683,1,1,4.9792179,4.9792179,1,1,3.4789885,3.4789885,1,1,9.0279105,9.0279105,1,1,9.8730816,9.8730816,1,1,11.287565,11.287565,1,1,15.190057,15.190057
0b_random_erasing_best,file,18,baseline_random_erasing,9326,159.Black_and_white_Warbler/Black_And_White_Warbler_0081_110906.jpg,159,158,159.Black_and_white_Warbler,99,98,random_erasing,random_erasing,0,"{""area_fraction"":0.140876,""erased"":true,""height"":0.512077,""left"":0.224834,""top"":0.4683,""width"":0.275106}",0.24166077,0.1072099,-0.13445088,0.78532255,0.89833707,0.055211462,0.02709236,0.73011108,0.87124471,0.14113362,0.82914865,0.46816109,23.958794,11.216575,False,0.98452139,True,True,True,0.82914865,0.46816109,23.958794,11.216575,0.82157433,0.46547968,23.435683,10.908834,0.98373597,0.52405577,4.9792179,2.6093879,0.78715068,0.50375111,3.4789885,1.7525443,0.79948688,0.47148078,9.0279105,4.2564863,0.78514341,0.5085173,9.8730816,5.0206328,0.77104629,0.46215118,11.287565,5.2165615,0.88133833,0.44354867,15.190057,6.7375295
0b_random_erasing_best,file,18,baseline_random_erasing,533,010.Red_winged_Blackbird/Red_Winged_Blackbird_0020_4050.jpg,10,9,010.Red_winged_Blackbird,109,108,identity,identity,0,{},0.066065818,0.066065818,0,0.93606925,0.93606925,0.017318591,0.017318591,0.91875066,0.91875066,0,1,1,7.9924918,7.9924918,False,1,True,True,True,1,1,7.9924918,7.9924918,1,1,7.8017128,7.8017128,1,1,1.7358582,1.7358582,1,1,1.7226815,1.7226815,1,1,3.2879666,3.2879666,1,1,3.6782162,3.6782162,1,1,3.706989,3.706989,1,1,4.4516654,4.4516654
0b_random_erasing_best,file,18,baseline_random_erasing,533,010.Red_winged_Blackbird/Red_Winged_Blackbird_0020_4050.jpg,10,9,010.Red_winged_Blackbird,109,108,random_erasing,random_erasing,0,"{""area_fraction"":0.099651,""erased"":true,""height"":0.56287,""left"":0.776913,""top"":0.421578,""width"":0.177041}",0.066065818,0.089932218,0.0238664,0.93606925,0.91399312,0.017318591,0.021133266,0.91875066,0.89285985,-0.025890805,0.85686641,1.490215,7.9924918,11.910531,False,0.98066461,True,True,True,0.85686641,1.490215,7.9924918,11.910531,0.85147481,1.4865964,7.8017128,11.597998,0.96153601,1.5615162,1.7358582,2.7105706,0.8056197,1.5434649,1.7226815,2.6588984,0.85718441,1.5068285,3.2879666,4.9544018,0.84241907,1.4816014,3.6782162,5.4496504,0.83145526,1.533387,3.706989,5.6842488,0.87773152,1.4364061,4.4516654,6.3943995
0b_random_erasing_best,file,18,baseline_random_erasing,11755,200.Common_Yellowthroat/Common_Yellowthroat_0009_190578.jpg,200,199,200.Common_Yellowthroat,158,157,identity,identity,0,{},0.65198177,0.65198177,0,0.52101225,0.52101225,0.081982851,0.081982851,0.4390294,0.4390294,0,1,1,64.586972,64.586972,False,1,True,True,True,1,1,64.586972,64.586972,1,1,63.343339,63.343339,1,1,12.613423,12.613423,1,1,14.998805,14.998805,1,1,28.143734,28.143734,1,1,31.941758,31.941758,1,1,30.718055,30.718055,1,1,32.116504,32.116504
0b_random_erasing_best,file,18,baseline_random_erasing,11755,200.Common_Yellowthroat/Common_Yellowthroat_0009_190578.jpg,200,199,200.Common_Yellowthroat,158,157,random_erasing,random_erasing,0,"{""area_fraction"":0.15454,""erased"":true,""height"":0.615275,""left"":0.264928,""top"":0.081822,""width"":0.251172}",0.65198177,0.78073025,0.12874848,0.52101225,0.45807138,0.081982851,0.077103831,0.4390294,0.38096755,-0.058061846,0.83962793,1.1317698,64.586972,73.097583,False,0.97586918,True,True,True,0.83962793,1.1317698,64.586972,73.097583,0.83429304,1.1314513,63.343339,71.669905,0.97321059,1.1397715,12.613423,14.37642,0.67543238,0.95064631,14.998805,14.258558,0.8023554,1.1316442,28.143734,31.848694,0.81406378,1.1354339,31.941758,36.267754,0.8564711,1.1358065,30.718055,34.889767,0.88888932,1.1593052,32.116504,37.23283
0b_random_erasing_best,file,18,baseline_random_erasing,5637,097.Orchard_Oriole/Orchard_Oriole_0005_91682.jpg,97,96,097.Orchard_Oriole,95,94,identity,identity,0,{},1.1444783,1.1444783,0,0.31838998,0.31838998,0.27303201,0.27303201,0.045357972,0.045357972,0,1,1,72.329146,72.329146,False,1.0000001,True,True,True,1,1,72.329146,72.329146,1,1,70.281599,70.281599,1,1,17.088072,17.088072,1,1,20.216585,20.216585,1,1,31.531215,31.531215,1,1,32.475738,32.475738,1,1,30.928787,30.928787,1,1,39.055241,39.055241
0b_random_erasing_best,file,18,baseline_random_erasing,5637,097.Orchard_Oriole/Orchard_Oriole_0005_91682.jpg,97,96,097.Orchard_Oriole,95,94,random_erasing,random_erasing,0,"{""area_fraction"":0.17666,""erased"":true,""height"":0.39581,""left"":0.112804,""top"":0.58169,""width"":0.446325}",1.1444783,0.98698175,-0.15749657,0.31838998,0.37269992,0.27303201,0.25686809,0.045357972,0.11583182,0.07047385,0.88707306,0.98539149,72.329146,71.272525,False,0.97055149,True,True,True,0.88707306,0.98539149,72.329146,71.272525,0.88253402,0.98831466,70.281599,69.460334,0.969586,0.93455883,17.088072,15.969809,0.90384982,1.0534697,20.216585,21.297559,0.91319449,1.0248097,31.531215,32.313495,0.89360441,1.036177,32.475738,33.650613,0.83627342,0.9589103,30.928787,29.657933,0.87912228,0.92851527,39.055241,36.263388
0b_random_erasing_best,file,18,baseline_random_erasing,2487,044.Frigatebird/Frigatebird_0080_43064.jpg,44,43,044.Frigatebird,30,29,identity,identity,0,{},0.00046576143,0.00046576143,0,0.99953437,0.99953437,0.00020738541,0.00020738541,0.99932698,0.99932698,0,1,1,0.086238579,0.086238579,False,1,True,True,True,1,1,0.086238579,0.086238579,1,1,0.084224102,0.084224102,1,1,0.018530868,0.018530868,1,1,0.015065986,0.015065986,1,1,0.033634413,0.033634413,1,1,0.040571264,0.040571264,1,1,0.042191931,0.042191931,1,1,0.04805471,0.04805471
0b_random_erasing_best,file,18,baseline_random_erasing,2487,044.Frigatebird/Frigatebird_0080_43064.jpg,44,43,044.Frigatebird,30,29,random_erasing,random_erasing,0,"{""area_fraction"":0.123997,""erased"":true,""height"":0.43299,""left"":0.336634,""top"":0.519832,""width"":0.286374}",0.00046576143,0.0039222706,0.0034565092,0.99953437,0.99608541,0.00020738541,0.00152889,0.99932698,0.99455652,-0.0047704677,0.87985554,7.7390824,0.086238579,0.66740747,False,0.98570156,True,True,True,0.87985554,7.7390824,0.086238579,0.66740747,0.87479889,7.7350358,0.084224102,0.65147645,0.98320273,7.8222079,0.018530868,0.1449523,0.78625574,8.7715987,0.015065986,0.13215278,0.82869102,7.9125791,0.033634413,0.26613495,0.87725207,7.5979875,0.040571264,0.30825996,0.87871265,7.6655779,0.042191931,0.32342554,0.90427083,7.6883319,0.04805471,0.36946056
0b_random_erasing_best,file,18,baseline_random_erasing,7243,124.Le_Conte_Sparrow/Le_Conte_Sparrow_0078_117052.jpg,124,123,124.Le_Conte_Sparrow,123,122,identity,identity,0,{},0.4028134,0.4028134,0,0.66843683,0.66843683,0.28836513,0.28836513,0.3800717,0.3800717,0,1,1,56.699072,56.699072,False,0.99999994,True,True,True,1,1,56.699072,56.699072,1,1,55.137071,55.137071,1,1,13.216968,13.216968,1,1,9.819393,9.819393,1,1,22.762162,22.762162,1,1,33.587535,33.587535,1,1,25.601355,25.601355,1,1,25.337881,25.337881
0b_random_erasing_best,file,18,baseline_random_erasing,7243,124.Le_Conte_Sparrow/Le_Conte_Sparrow_0078_117052.jpg,124,123,124.Le_Conte_Sparrow,123,122,random_erasing,random_erasing,0,"{""area_fraction"":0.182002,""erased"":true,""height"":0.446789,""left"":0.502944,""top"":0.231008,""width"":0.407355}",0.4028134,0.24133325,-0.16148016,0.66843683,0.7855798,0.28836513,0.14589991,0.3800717,0.63967989,0.25960819,0.90096463,0.48851422,56.699072,27.698303,False,0.98552775,True,True,True,0.90096463,0.48851422,56.699072,27.698303,0.89658021,0.48487468,55.137071,26.734569,0.97481938,0.54799587,13.216968,7.2428441,0.90038658,0.52045592,9.819393,5.1105613,0.89704704,0.46195402,22.762162,10.515072,0.8997769,0.46042951,33.587535,15.464692,0.88749769,0.48121529,25.601355,12.319763,0.90723397,0.53986983,25.337881,13.679157
0b_random_erasing_best,file,18,baseline_random_erasing,3438,060.Glaucous_winged_Gull/Glaucous_Winged_Gull_0093_44724.jpg,60,59,060.Glaucous_winged_Gull,64,63,identity,identity,0,{},0.66970801,0.66970801,0,0.51185799,0.51185799,0.10341911,0.10341911,0.40843888,0.40843888,0,1,1,85.093702,85.093702,False,0.99999994,True,True,True,1,1,85.093702,85.093702,1,1,83.825687,83.825687,1,1,14.63531,14.63531,1,1,17.437711,17.437711,1,1,30.054767,30.054767,1,1,47.198883,47.198883,1,1,42.293389,42.293389,1,1,42.460778,42.460778
0b_random_erasing_best,file,18,baseline_random_erasing,3438,060.Glaucous_winged_Gull/Glaucous_Winged_Gull_0093_44724.jpg,60,59,060.Glaucous_winged_Gull,64,63,random_erasing,random_erasing,0,"{""area_fraction"":0.13252,""erased"":true,""height"":0.204326,""left"":0.263823,""top"":0.435674,""width"":0.648573}",0.66970801,2.3762324,1.7065244,0.51185799,0.092899941,0.10341911,0.12410981,0.40843888,-0.031209871,-0.43964875,0.75540596,1.8941138,85.093702,161.17715,False,0.94315195,False,True,False,0.75540596,1.8941138,85.093702,161.17715,0.74967344,1.8892832,83.825687,158.37046,0.93136873,2.0462716,14.63531,29.94782,0.70488026,1.5752236,17.437711,27.468294,0.64131211,2.2262238,30.054767,66.908636,0.79054836,1.8534023,47.198883,87.478519,0.73021212,1.7955966,42.293389,75.941867,0.79756953,1.8885422,42.460778,80.188973
0b_random_erasing_best,file,18,baseline_random_erasing,2254,040.Olive_sided_Flycatcher/Olive_Sided_Flycatcher_0086_30553.jpg,40,39,040.Olive_sided_Flycatcher,135,134,identity,identity,0,{},1.0098354,1.0098354,0,0.36427894,0.36427894,0.30542564,0.30542564,0.058853298,0.058853298,0,1,1,113.58099,113.58099,False,1,True,True,True,1,1,113.58099,113.58099,1,1,111.89972,111.89972,1,1,19.4703,19.4703,1,1,32.656857,32.656857,1,1,60.608418,60.608418,1,1,58.233109,58.233109,1,1,48.357251,48.357251,1,1,45.300975,45.300975
0b_random_erasing_best,file,18,baseline_random_erasing,2254,040.Olive_sided_Flycatcher/Olive_Sided_Flycatcher_0086_30553.jpg,40,39,040.Olive_sided_Flycatcher,135,134,random_erasing,random_erasing,0,"{""area_fraction"":0.1027,""erased"":true,""height"":0.326037,""left"":0.059625,""top"":0.388679,""width"":0.314994}",1.0098354,0.31969109,-0.69014427,0.36427894,0.72637337,0.30542564,0.11362152,0.058853298,0.61275186,0.55389856,0.9223168,0.44074727,113.58099,50.060509,False,0.97562718,True,True,True,0.9223168,0.44074727,113.58099,50.060509,0.92080439,0.44089192,111.89972,49.335682,0.97289667,0.43594266,19.4703,8.4879345,0.89202323,0.44525002,32.656857,14.540466,0.93865228,0.43613281,60.608418,26.43332,0.93848379,0.44622395,58.233109,25.985008,0.90159784,0.44385706,48.357251,21.463707,0.89678192,0.43479226,45.300975,19.696513
0b_random_erasing_best,file,18,baseline_random_erasing,368,007.Parakeet_Auklet/Parakeet_Auklet_0019_795987.jpg,7,6,007.Parakeet_Auklet,6,5,identity,identity,0,{},3.3239205,3.3239205,0,0.036011372,0.036011372,0.95140314,0.95140314,-0.91539177,-0.91539177,0,1,1,200.39232,200.39232,False,0.99999994,True,False,False,1,1,200.39232,200.39232,1,1,193.80252,193.80252,1,1,50.9673,50.9673,1,1,36.94946,36.94946,1,1,91.312342,91.312342,1,1,105.02377,105.02377,1,1,92.999597,92.999597,1,1,90.428378,90.428378
0b_random_erasing_best,file,18,baseline_random_erasing,368,007.Parakeet_Auklet/Parakeet_Auklet_0019_795987.jpg,7,6,007.Parakeet_Auklet,6,5,random_erasing,random_erasing,0,"{""area_fraction"":0.162265,""erased"":true,""height"":0.237624,""left"":0.282477,""top"":0.730193,""width"":0.682864}",3.3239205,1.8824921,-1.4414284,0.036011372,0.15221031,0.95140314,0.59264612,-0.91539177,-0.44043581,0.47495596,0.83593416,0.63061319,200.39232,126.37004,False,0.96841562,True,False,False,0.83593416,0.63061319,200.39232,126.37004,0.82747306,0.62616795,193.80252,121.35292,0.95053144,0.69170117,50.9673,35.254141,0.67383696,0.76743444,36.94946,28.356288,0.87301492,0.5946757,91.312342,54.301231,0.85445962,0.63465079,105.02377,66.653418,0.78228513,0.58532131,92.999597,54.434645,0.83023546,0.66055492,90.428378,59.732911
0b_random_erasing_best,file,18,baseline_random_erasing,11657,198.Rock_Wren/Rock_Wren_0123_189405.jpg,198,197,198.Rock_Wren,194,193,identity,identity,0,{},0.0097357221,0.0097357221,0,0.9903115,0.9903115,0.0026349046,0.0026349046,0.9876766,0.9876766,0,1,1,1.3632964,1.3632964,False,1,True,True,True,1,1,1.3632964,1.3632964,1,1,1.3265899,1.3265899,1,1,0.31422342,0.31422342,1,1,0.37427845,0.37427845,1,1,0.61665162,0.61665162,1,1,0.66304743,0.66304743,1,1,0.55730205,0.55730205,1,1,0.69948523,0.69948523
0b_random_erasing_best,file,18,baseline_random_erasing,11657,198.Rock_Wren/Rock_Wren_0123_189405.jpg,198,197,198.Rock_Wren,194,193,random_erasing,random_erasing,0,"{""area_fraction"":0.054517,""erased"":true,""height"":0.243935,""left"":0.211161,""top"":0.24944,""width"":0.223488}",0.0097357221,0.03701574,0.027280018,0.9903115,0.96366096,0.0026349046,0.007916335,0.9876766,0.95574462,-0.031931978,0.90171694,3.9891875,1.3632964,5.4384448,False,0.97992152,True,True,True,0.90171694,3.9891875,1.3632964,5.4384448,0.89838075,4.0104771,1.3265899,5.3202583,0.97347878,3.588603,0.31422342,1.1276231,0.93571678,3.7814417,0.37427845,1.4153121,0.88810529,4.1051132,0.61665162,2.5314247,0.90340242,4.2227556,0.66304743,2.7998873,0.87850756,3.9609875,0.55730205,2.2074664,0.90726753,3.8311895,0.69948523,2.6798605
0b_random_erasing_best,file,18,baseline_random_erasing,8625,147.Least_Tern/Least_Tern_0056_153965.jpg,147,146,147.Least_Tern,145,144,identity,identity,0,{},5.4225416,5.4225416,0,0.0044159093,0.0044159093,0.22652219,0.22652219,-0.22210628,-0.22210628,0,1,1,129.58756,129.58756,False,1,True,False,False,1,1,129.58756,129.58756,1,1,126.82586,126.82586,1,1,26.610843,26.610843,1,1,31.875255,31.875255,1,1,58.927614,58.927614,1,1,71.935119,71.935119,1,1,57.568911,57.568911,1,1,55.744612,55.744612
0b_random_erasing_best,file,18,baseline_random_erasing,8625,147.Least_Tern/Least_Tern_0056_153965.jpg,147,146,147.Least_Tern,145,144,random_erasing,random_erasing,0,"{""area_fraction"":0.093079,""erased"":true,""height"":0.536958,""left"":0.719333,""top"":0.319452,""width"":0.173345}",5.4225416,5.6262045,0.20366287,0.0044159093,0.0036022211,0.22652219,0.2710757,-0.22210628,-0.26747347,-0.045367192,0.89313438,0.89576329,129.58756,116.07978,False,0.97963119,True,False,False,0.89313438,0.89576329,129.58756,116.07978,0.88973984,0.89026816,126.82586,112.90902,0.96798151,1.0125811,26.610843,26.945636,0.94033863,0.96158524,31.875255,30.650775,0.89351902,0.89230675,58.927614,52.581508,0.90282781,0.84298693,71.935119,60.640365,0.87272968,0.8638549,57.568911,49.731186,0.87261878,0.96499527,55.744612,53.793287
0b_random_erasing_best,file,18,baseline_random_erasing,6663,114.Black_throated_Sparrow/Black_Throated_Sparrow_0066_106974.jpg,114,113,114.Black_throated_Sparrow,85,84,identity,identity,0,{},0.02810174,0.02810174,0,0.97228944,0.97228944,0.0024611379,0.0024611379,0.96982831,0.96982831,0,1,1,3.2755279,3.2755279,False,0.99999994,True,True,True,1,1,3.2755279,3.2755279,1,1,3.2056002,3.2056002,1,1,0.67320907,0.67320907,1,1,0.57455125,0.57455125,1,1,1.307291,1.307291,1,1,1.6366576,1.6366576,1,1,1.4873395,1.4873395,1,1,1.8291876,1.8291876
0b_random_erasing_best,file,18,baseline_random_erasing,6663,114.Black_throated_Sparrow/Black_Throated_Sparrow_0066_106974.jpg,114,113,114.Black_throated_Sparrow,85,84,random_erasing,random_erasing,0,"{""area_fraction"":0.136088,""erased"":true,""height"":0.23681,""left"":0.095228,""top"":0.739354,""width"":0.574671}",0.02810174,0.038790859,0.010689119,0.97228944,0.96195185,0.0024611379,0.0032497689,0.96982831,0.95870208,-0.011126222,0.94918399,1.3237821,3.2755279,4.3360852,False,0.98181921,True,True,True,0.94918399,1.3237821,3.2755279,4.3360852,0.94779186,1.3216391,3.2056002,4.2366466,0.98022342,1.3714729,0.67320907,0.92328799,0.9529737,1.2328529,0.57455125,0.70833717,0.95584361,1.2690765,1.307291,1.6590522,0.94820648,1.3153392,1.6366576,2.1527599,0.94158195,1.3420138,1.4873395,1.9960301,0.94805938,1.3476197,1.8291876,2.4650491
0b_random_erasing_best,file,18,baseline_random_erasing,7200,123.Henslow_Sparrow/Henslow_Sparrow_0006_796607.jpg,123,122,123.Henslow_Sparrow,124,123,identity,identity,0,{},0.014769852,0.014769852,0,0.98533869,0.98533869,0.0073170923,0.0073170923,0.9780216,0.9780216,0,1,1,2.2936202,2.2936202,False,1,True,True,True,1,1,2.2936202,2.2936202,1,1,2.2382792,2.2382792,1,1,0.50079937,0.50079937,1,1,0.33576951,0.33576951,1,1,1.1795471,1.1795471,1,1,1.3112935,1.3112935,1,1,0.94809074,0.94809074,1,1,0.94204813,0.94204813
0b_random_erasing_best,file,18,baseline_random_erasing,7200,123.Henslow_Sparrow/Henslow_Sparrow_0006_796607.jpg,123,122,123.Henslow_Sparrow,124,123,random_erasing,random_erasing,0,"{""area_fraction"":0.060394,""erased"":true,""height"":0.240965,""left"":0.398183,""top"":0.525722,""width"":0.250635}",0.014769852,0.0092493379,-0.0055205142,0.98533869,0.99079329,0.0073170923,0.0060702353,0.9780216,0.98472305,0.0067014568,0.91995819,0.66219704,2.2936202,1.5188285,False,0.98346049,True,True,True,0.91995819,0.66219704,2.2936202,1.5188285,0.91729351,0.66146407,2.2382792,1.4805413,0.9722166,0.67667226,0.50079937,0.33887704,0.8796022,0.67327522,0.33576951,0.22606529,0.94585417,0.67991294,1.1795471,0.80198933,0.90748837,0.64321618,1.3112935,0.84344518,0.89288058,0.66009931,0.94809074,0.62583405,0.92055174,0.66685065,0.94204813,0.62820541
0b_random_erasing_best,file,18,baseline_random_erasing,9896,169.Magnolia_Warbler/Magnolia_Warbler_0018_165958.jpg,169,168,169.Magnolia_Warbler,162,161,identity,identity,0,{},0.026843136,0.026843136,0,0.97351396,0.97351396,0.015345473,0.015345473,0.95816849,0.95816849,0,1,1,3.1552432,3.1552432,False,1,True,True,True,1,1,3.1552432,3.1552432,1,1,3.0528563,3.0528563,1,1,0.79726281,0.79726281,1,1,0.48412296,0.48412296,1,1,1.1317212,1.1317212,1,1,1.5694575,1.5694575,1,1,1.5392394,1.5392394,1,1,1.7240386,1.7240386
0b_random_erasing_best,file,18,baseline_random_erasing,9896,169.Magnolia_Warbler/Magnolia_Warbler_0018_165958.jpg,169,168,169.Magnolia_Warbler,162,161,random_erasing,random_erasing,0,"{""area_fraction"":0.077165,""erased"":true,""height"":0.329364,""left"":0.108924,""top"":0.053535,""width"":0.234286}",0.026843136,0.026191989,-0.00065114722,0.97351396,0.97414804,0.015345473,0.015912458,0.95816849,0.95823558,6.7088753e-05,0.96974519,0.95182001,3.1552432,3.0032236,False,0.99617636,True,True,True,0.96974519,0.95182001,3.1552432,3.0032236,0.96800349,0.94868584,3.0528563,2.8962016,0.99515464,0.99664382,0.79726281,0.79458705,0.89917868,0.87306548,0.48412296,0.42267104,0.95907757,0.89606034,1.1317212,1.0140905,0.97345356,0.9426011,1.5694575,1.4793724,0.96785219,0.9558859,1.5392394,1.4713372,0.9734179,0.9753495,1.7240386,1.6815402
0b_random_erasing_best,file,18,baseline_random_erasing,3746,065.Slaty_backed_Gull/Slaty_Backed_Gull_0033_796023.jpg,65,64,065.Slaty_backed_Gull,84,83,identity,identity,0,{},0.70899123,0.70899123,0,0.49214041,0.49214041,0.11364026,0.11364026,0.37850015,0.37850015,0,1,1,84.665374,84.665374,False,1,True,True,True,1,1,84.665374,84.665374,1,1,83.081433,83.081433,1,1,16.300341,16.300341,1,1,18.310872,18.310872,1,1,39.659234,39.659234,1,1,46.500036,46.500036,1,1,38.906598,38.906598,1,1,36.309846,36.309846
0b_random_erasing_best,file,18,baseline_random_erasing,3746,065.Slaty_backed_Gull/Slaty_Backed_Gull_0033_796023.jpg,65,64,065.Slaty_backed_Gull,84,83,random_erasing,random_erasing,0,"{""area_fraction"":0.099806,""erased"":true,""height"":0.433058,""left"":0.182385,""top"":0.020856,""width"":0.230468}",0.70899123,1.3963052,0.68731397,0.49214041,0.24750979,0.11364026,0.14111443,0.37850015,0.10639536,-0.27210478,0.79780152,1.5460172,84.665374,130.89412,False,0.97887367,False,True,False,0.79780152,1.5460172,84.665374,130.89412,0.79159435,1.5383638,83.081433,127.80947,0.94637496,1.7330365,16.300341,28.249086,0.58951159,1.5659047,18.310872,28.673081,0.70635765,1.4159511,39.659234,56.155535,0.81661293,1.6058761,46.500036,74.673299,0.834541,1.5633127,38.906598,60.823178,0.84929986,1.5294686,36.309846,55.534768
0b_random_erasing_best,file,18,baseline_random_erasing,5003,086.Pacific_Loon/Pacific_Loon_0019_75422.jpg,86,85,086.Pacific_Loon,23,22,identity,identity,0,{},0.36069933,0.36069933,0,0.69718862,0.69718862,0.12377991,0.12377991,0.57340871,0.57340871,0,1,1,66.670592,66.670592,False,1,True,True,True,1,1,66.670592,66.670592,1,1,65.879042,65.879042,1,1,10.243031,10.243031,1,1,28.210072,28.210072,1,1,30.473594,30.473594,1,1,33.521719,33.521719,1,1,27.592754,27.592754,1,1,27.028399,27.028399
0b_random_erasing_best,file,18,baseline_random_erasing,5003,086.Pacific_Loon/Pacific_Loon_0019_75422.jpg,86,85,086.Pacific_Loon,23,22,random_erasing,random_erasing,0,"{""area_fraction"":0.148613,""erased"":true,""height"":0.599177,""left"":0.313375,""top"":0.062436,""width"":0.248029}",0.36069933,0.48253712,0.12183779,0.69718862,0.61721545,0.12377991,0.0047976091,0.57340871,0.61241785,0.039009138,0.62071004,0.95302998,66.670592,63.539073,False,0.8796674,True,True,True,0.62071004,0.95302998,66.670592,63.539073,0.61574727,0.9450253,65.879042,62.257361,0.79948394,1.2396551,10.243031,12.697825,0.83855112,0.99153047,28.210072,27.971146,0.67148746,1.003672,30.473594,30.585493,0.49178323,0.84109791,33.521719,28.195048,0.46219085,0.92261036,27.592754,25.45736,0.62047359,0.98936858,27.028399,26.741049
0b_random_erasing_best,file,18,baseline_random_erasing,5946,102.Western_Wood_Pewee/Western_Wood_Pewee_0041_795048.jpg,102,101,102.Western_Wood_Pewee,40,39,identity,identity,0,{},1.1132369,1.1132369,0,0.32849392,0.32849392,0.5589965,0.5589965,-0.23050258,-0.23050258,0,1,1,100.67304,100.67304,False,1,True,False,False,1,1,100.67304,100.67304,1,1,96.353238,96.353238,1,1,29.173852,29.173852,1,1,24.536621,24.536621,1,1,39.833931,39.833931,1,1,49.15185,49.15185,1,1,44.247031,44.247031,1,1,52.167562,52.167562
0b_random_erasing_best,file,18,baseline_random_erasing,5946,102.Western_Wood_Pewee/Western_Wood_Pewee_0041_795048.jpg,102,101,102.Western_Wood_Pewee,40,39,random_erasing,random_erasing,0,"{""area_fraction"":0.07206,""erased"":true,""height"":0.27661,""left"":0.217483,""top"":0.221,""width"":0.260512}",1.1132369,0.8738901,-0.2393468,0.32849392,0.41732499,0.5589965,0.51632738,-0.23050258,-0.099002391,0.13150018,0.87235377,0.90014866,100.67304,90.620698,False,0.98032266,True,False,False,0.87235377,0.90014866,100.67304,90.620698,0.86264663,0.90064537,96.353238,86.780098,0.97895885,0.89471262,29.173852,26.102214,0.87860627,0.71198305,24.536621,17.469658,0.84533677,0.89679114,39.833931,35.722716,0.87269456,0.93703429,49.15185,46.056969,0.84690093,0.92508227,44.247031,40.932144,0.87755759,0.88940839,52.167562,46.398267
0b_random_erasing_best,file,18,baseline_random_erasing,7141,122.Harris_Sparrow/Harris_Sparrow_0039_116409.jpg,122,121,122.Harris_Sparrow,99,98,identity,identity,0,{},1.750241,1.750241,0,0.17373206,0.17373206,0.16993321,0.16993321,0.0037988424,0.0037988424,0,1,1,113.6404,113.6404,False,1,True,True,True,1,1,113.6404,113.6404,1,1,111.41973,111.41973,1,1,22.355829,22.355829,1,1,28.652894,28.652894,1,1,52.647347,52.647347,1,1,59.627554,59.627554,1,1,54.061575,54.061575,1,1,48.409978,48.409978
0b_random_erasing_best,file,18,baseline_random_erasing,7141,122.Harris_Sparrow/Harris_Sparrow_0039_116409.jpg,122,121,122.Harris_Sparrow,99,98,random_erasing,random_erasing,0,"{""area_fraction"":0.084899,""erased"":true,""height"":0.28968,""left"":0.586878,""top"":0.263616,""width"":0.293077}",1.750241,2.7300053,0.97976422,0.17373206,0.065218963,0.16993321,0.0071105016,0.0037988424,0.058108461,0.054309619,0.5854676,1.2859834,113.6404,146.13967,False,0.92817754,False,True,False,0.5854676,1.2859834,113.6404,146.13967,0.57205284,1.2790985,111.41973,142.51681,0.88435714,1.4465242,22.355829,32.338247,0.67516694,1.1280237,28.652894,32.321145,0.41069175,1.1441416,52.647347,60.236021,0.5611061,1.3811156,59.627554,82.352544,0.59767849,1.2825202,54.061575,69.33506,0.70137089,1.3143881,48.409978,63.629501
0b_random_erasing_best,file,18,baseline_random_erasing,3375,059.California_Gull/California_Gull_0111_41033.jpg,59,58,059.California_Gull,66,65,identity,identity,0,{},0.037375126,0.037375126,0,0.96331471,0.96331471,0.026185894,0.026185894,0.93712882,0.93712882,0,1,1,5.6813991,5.6813991,False,0.99999994,True,True,True,1,1,5.6813991,5.6813991,1,1,5.5116951,5.5116951,1,1,1.3782284,1.3782284,1,1,0.98086394,0.98086394,1,1,2.6852517,2.6852517,1,1,3.142334,3.142334,1,1,2.2468759,2.2468759,1,1,2.6987771,2.6987771
0b_random_erasing_best,file,18,baseline_random_erasing,3375,059.California_Gull/California_Gull_0111_41033.jpg,59,58,059.California_Gull,66,65,random_erasing,random_erasing,0,"{""area_fraction"":0.133995,""erased"":true,""height"":0.641898,""left"":0.161636,""top"":0.144172,""width"":0.208748}",0.037375126,0.073068172,0.035693046,0.96331471,0.92953748,0.026185894,0.05642036,0.93712882,0.87311712,-0.064011702,0.94866862,2.1070884,5.6813991,11.97121,False,0.99475241,True,True,True,0.94866862,2.1070884,5.6813991,11.97121,0.94617841,2.113578,5.5116951,11.649397,0.99210237,2.0004414,1.3782284,2.7570651,0.95537329,2.2982289,0.98086394,2.2542499,0.94398009,2.1970467,2.6852517,5.8996234,0.94990938,2.0793908,3.142334,6.5341404,0.93546386,2.1309489,2.2468759,4.7879777,0.95186878,2.036327,2.6987771,5.4955927
0b_random_erasing_best,file,18,baseline_random_erasing,1165,021.Eastern_Towhee/Eastern_Towhee_0082_22330.jpg,21,20,021.Eastern_Towhee,158,157,identity,identity,0,{},0.85052311,0.85052311,0,0.42719141,0.42719141,0.51396382,0.51396382,-0.086772412,-0.086772412,0,1,1,106.44712,106.44712,False,0.99999994,True,False,False,1,1,106.44712,106.44712,1,1,103.98084,103.98084,1,1,22.781003,22.781003,1,1,19.327505,19.327505,1,1,53.727026,53.727026,1,1,58.435096,58.435096,1,1,45.741214,45.741214,1,1,45.221128,45.221128
0b_random_erasing_best,file,18,baseline_random_erasing,1165,021.Eastern_Towhee/Eastern_Towhee_0082_22330.jpg,21,20,021.Eastern_Towhee,158,157,random_erasing,random_erasing,0,"{""area_fraction"":0.079862,""erased"":true,""height"":0.352416,""left"":0.158393,""top"":0.421289,""width"":0.226612}",0.85052311,0.058470588,-0.79205253,0.42719141,0.94320595,0.51396382,0.027891187,-0.086772412,0.91531477,1.0020872,0.70980121,0.073931417,106.44712,7.8697865,False,0.96872962,False,False,True,0.70980121,0.073931417,106.44712,7.8697865,0.69925272,0.072727684,103.98084,7.5622857,0.90208074,0.095623006,22.781003,2.178388,0.67738298,0.075274363,19.327505,1.4548657,0.72329869,0.066675457,53.727026,3.582274,0.73370574,0.072963425,58.435096,4.2636247,0.62274742,0.072100284,45.741214,3.2979545,0.69944564,0.080293361,45.221128,3.6309563
0b_random_erasing_best,file,18,baseline_random_erasing,1171,021.Eastern_Towhee/Eastern_Towhee_0027_22372.jpg,21,20,021.Eastern_Towhee,195,194,identity,identity,0,{},3.0801098,3.0801098,0,0.045954205,0.045954205,0.180226,0.180226,-0.13427179,-0.13427179,0,1,1,146.8649,146.8649,False,1,True,False,False,1,1,146.8649,146.8649,1,1,144.90231,144.90231,1,1,23.929439,23.929439,1,1,51.24269,51.24269,1,1,79.89068,79.89068,1,1,66.664774,66.664774,1,1,61.30845,61.30845,1,1,61.525827,61.525827
0b_random_erasing_best,file,18,baseline_random_erasing,1171,021.Eastern_Towhee/Eastern_Towhee_0027_22372.jpg,21,20,021.Eastern_Towhee,195,194,random_erasing,random_erasing,0,"{""area_fraction"":0.071621,""erased"":true,""height"":0.274167,""left"":0.223438,""top"":0.394712,""width"":0.261232}",3.0801098,2.3380151,-0.74209476,0.045954205,0.096519023,0.180226,0.22858474,-0.13427179,-0.13206571,0.0022060797,0.91192564,1.1760827,146.8649,172.72527,False,0.98814273,True,False,False,0.91192564,1.1760827,146.8649,172.72527,0.91046729,1.1803112,144.90231,171.02981,0.98548397,1.0088688,23.929439,24.141664,0.95812136,1.231141,51.24269,63.086978,0.91821841,1.1497857,79.89068,91.85716,0.89495539,1.2209061,66.664774,81.391431,0.89316464,1.2140185,61.30845,74.429594,0.90301303,1.1106113,61.525827,68.331278
0b_random_erasing_best,file,18,baseline_random_erasing,6988,120.Fox_Sparrow/Fox_Sparrow_0116_115311.jpg,120,119,120.Fox_Sparrow,122,121,identity,identity,0,{},0.052053168,0.052053168,0,0.94927841,0.94927841,0.0096763428,0.0096763428,0.93960207,0.93960207,0,1,1,7.4105886,7.4105886,False,1.0000001,True,True,True,1,1,7.4105886,7.4105886,1,1,7.2812952,7.2812952,1,1,1.3782463,1.3782463,1,1,2.5775992,2.5775992,1,1,3.0270576,3.0270576,1,1,3.9220953,3.9220953,1,1,2.9189507,2.9189507,1,1,3.6478843,3.6478843
0b_random_erasing_best,file,18,baseline_random_erasing,6988,120.Fox_Sparrow/Fox_Sparrow_0116_115311.jpg,120,119,120.Fox_Sparrow,122,121,random_erasing,random_erasing,0,"{""area_fraction"":0.1762,""erased"":true,""height"":0.230471,""left"":0.207084,""top"":0.59406,""width"":0.764523}",0.052053168,0.054532204,0.0024790354,0.94927841,0.94692802,0.0096763428,0.0026918221,0.93960207,0.9442362,0.0046341307,0.76364531,1.11991,7.4105886,8.2991919,False,0.971044,True,True,True,0.76364531,1.11991,7.4105886,8.2991919,0.7574077,1.1220475,7.2812952,8.1699594,0.94944402,1.0585093,1.3782463,1.4588865,0.93134613,1.0447539,2.5775992,2.6929568,0.72446186,1.2213729,3.0270576,3.697166,0.67395206,1.1097034,3.9220953,4.3523624,0.68240471,1.1565241,2.9189507,3.3758369,0.85364133,1.0788337,3.6478843,3.9354606
0b_random_erasing_best,file,18,baseline_random_erasing,1860,033.Yellow_billed_Cuckoo/Yellow_Billed_Cuckoo_0121_26807.jpg,33,32,033.Yellow_billed_Cuckoo,31,30,identity,identity,0,{},0.042726725,0.042726725,0,0.95817322,0.95817322,0.025735769,0.025735769,0.93243745,0.93243745,0,1,1,6.6979049,6.6979049,False,1,True,True,True,1,1,6.6979049,6.6979049,1,1,6.5087461,6.5087461,1,1,1.5805551,1.5805551,1,1,1.180678,1.180678,1,1,2.681064,2.681064,1,1,3.523901,3.523901,1,1,3.2440028,3.2440028,1,1,3.2924517,3.2924517
0b_random_erasing_best,file,18,baseline_random_erasing,1860,033.Yellow_billed_Cuckoo/Yellow_Billed_Cuckoo_0121_26807.jpg,33,32,033.Yellow_billed_Cuckoo,31,30,random_erasing,random_erasing,0,"{""area_fraction"":0.182632,""erased"":true,""height"":0.427291,""left"":0.327372,""top"":0.112202,""width"":0.427419}",0.042726725,0.1448475,0.10212077,0.95817322,0.86515421,0.025735769,0.01320331,0.93243745,0.8519509,-0.080486549,0.54325862,3.3240148,6.6979049,22.263935,False,0.91208792,True,True,True,0.54325862,3.3240148,6.6979049,22.263935,0.53022771,3.3457005,6.5087461,21.776315,0.79992783,2.9319481,1.5805551,4.6341054,0.34033061,4.4999697,1.180678,5.3130155,0.4962868,3.3023779,2.681064,8.8538866,0.57636486,3.1029455,3.523901,10.934473,0.49490451,3.364563,3.2440028,10.914652,0.57531593,3.448264,3.2924517,11.353243
0b_random_erasing_best,file,18,baseline_random_erasing,7022,120.Fox_Sparrow/Fox_Sparrow_0036_115581.jpg,120,119,120.Fox_Sparrow,49,48,identity,identity,0,{},3.3356378,3.3356378,0,0.035591874,0.035591874,0.17851658,0.17851658,-0.14292471,-0.14292471,0,1,1,165.08626,165.08626,False,1,True,False,False,1,1,165.08626,165.08626,1,1,162.57931,162.57931,1,1,28.660845,28.660845,1,1,33.316435,33.316435,1,1,84.179373,84.179373,1,1,98.709637,98.709637,1,1,69.588888,69.588888,1,1,60.412525,60.412525
0b_random_erasing_best,file,18,baseline_random_erasing,7022,120.Fox_Sparrow/Fox_Sparrow_0036_115581.jpg,120,119,120.Fox_Sparrow,49,48,random_erasing,random_erasing,0,"{""area_fraction"":0.099718,""erased"":true,""height"":0.292947,""left"":0.486663,""top"":0.039723,""width"":0.340398}",3.3356378,2.9938285,-0.34180927,0.035591874,0.050095282,0.17851658,0.14809486,-0.14292471,-0.09799958,0.044925127,0.97345482,1.0232719,165.08626,168.92814,False,0.9941746,False,False,False,0.97345482,1.0232719,165.08626,168.92814,0.97291649,1.0235329,162.57931,166.40526,0.99095974,1.0148399,28.660845,29.086168,0.98320975,1.0404686,33.316435,34.664704,0.98316085,1.0458134,84.179373,88.03592,0.97850021,1.00592,98.709637,99.293994,0.96188436,1.0136345,69.588888,70.537701,0.95047792,1.0342401,60.412525,62.481058
0b_random_erasing_best,file,18,baseline_random_erasing,9421,161.Blue_winged_Warbler/Blue_Winged_Warbler_0012_162086.jpg,161,160,161.Blue_winged_Warbler,182,181,identity,identity,0,{},0.057287145,0.057287145,0,0.94432288,0.94432288,0.0074385451,0.0074385451,0.93688434,0.93688434,0,1,1,8.2872256,8.2872256,False,0.99999994,True,True,True,1,1,8.2872256,8.2872256,1,1,8.1545982,8.1545982,1,1,1.4766976,1.4766976,1,1,1.589558,1.589558,1,1,3.0861156,3.0861156,1,1,3.840843,3.840843,1,1,4.247159,4.247159,1,1,4.6536258,4.6536258
0b_random_erasing_best,file,18,baseline_random_erasing,9421,161.Blue_winged_Warbler/Blue_Winged_Warbler_0012_162086.jpg,161,160,161.Blue_winged_Warbler,182,181,random_erasing,random_erasing,0,"{""area_fraction"":0.179257,""erased"":true,""height"":0.431162,""left"":0.091231,""top"":0.010642,""width"":0.415754}",0.057287145,0.032058463,-0.025228683,0.94432288,0.96844995,0.0074385451,0.002469229,0.93688434,0.96598072,0.029096382,0.86851646,0.53997494,8.2872256,4.4748941,False,0.9800083,True,True,True,0.86851646,0.53997494,8.2872256,4.4748941,0.86483098,0.53902821,8.1545982,4.3955584,0.9763119,0.56808794,1.4766976,0.83889412,0.7880099,0.37464139,1.589558,0.59551423,0.81665175,0.49629033,3.0861156,1.5316093,0.8400313,0.52888515,3.840843,2.0313648,0.85514305,0.54190005,4.247159,2.3015356,0.91954522,0.57647847,4.6536258,2.6827151
0b_random_erasing_best,file,18,baseline_random_erasing,7272,125.Lincoln_Sparrow/Lincoln_Sparrow_0110_117264.jpg,125,124,125.Lincoln_Sparrow,131,130,identity,identity,0,{},0.054676909,0.054676909,0,0.94679099,0.94679099,0.018928479,0.018928479,0.92786251,0.92786251,0,1,1,8.966971,8.966971,False,0.99999994,True,True,True,1,1,8.966971,8.966971,1,1,8.8082831,8.8082831,1,1,1.679499,1.679499,1,1,1.8406049,1.8406049,1,1,3.6279451,3.6279451,1,1,4.7213263,4.7213263,1,1,4.3837301,4.3837301,1,1,4.4190529,4.4190529
0b_random_erasing_best,file,18,baseline_random_erasing,7272,125.Lincoln_Sparrow/Lincoln_Sparrow_0110_117264.jpg,125,124,125.Lincoln_Sparrow,131,130,random_erasing,random_erasing,0,"{""area_fraction"":0.129623,""erased"":true,""height"":0.221842,""left"":0.187381,""top"":0.58664,""width"":0.584305}",0.054676909,0.05663852,0.0019616112,0.94679099,0.94493556,0.018928479,0.014530212,0.92786251,0.93040535,0.0025428347,0.82744357,1.0794817,8.966971,9.6796811,False,0.96861321,True,True,True,0.82744357,1.0794817,8.966971,9.6796811,0.82247888,1.0778515,8.8082831,9.4940215,0.9591477,1.1233936,1.679499,1.8867385,0.43641339,0.79079019,1.8406049,1.4555323,0.78421673,1.0560962,3.6279451,3.831459,0.87360282,1.1878829,4.7213263,5.6083828,0.80887612,1.0282715,4.3837301,4.5076646,0.85739622,1.0508566,4.4190529,4.6437909
0b_random_erasing_best,file,18,baseline_random_erasing,32,001.Black_footed_Albatross/Black_Footed_Albatross_0017_796098.jpg,1,0,001.Black_footed_Albatross,3,2,identity,identity,0,{},3.0563166,3.0563166,0,0.047060717,0.047060717,0.94462883,0.94462883,-0.89756812,-0.89756812,0,1,1,192.77194,192.77194,False,0.99999994,True,False,False,1,1,192.77194,192.77194,1,1,186.95458,186.95458,1,1,47.00006,47.00006,1,1,55.587306,55.587306,1,1,85.051845,85.051845,1,1,94.696805,94.696805,1,1,86.516951,86.516951,1,1,90.41892,90.41892
0b_random_erasing_best,file,18,baseline_random_erasing,32,001.Black_footed_Albatross/Black_Footed_Albatross_0017_796098.jpg,1,0,001.Black_footed_Albatross,3,2,random_erasing,random_erasing,0,"{""area_fraction"":0.118919,""erased"":true,""height"":0.237305,""left"":0.352433,""top"":0.645865,""width"":0.501122}",3.0563166,3.2476463,0.19132972,0.047060717,0.038865577,0.94462883,0.95616972,-0.89756812,-0.91730415,-0.019736029,0.93386774,0.98327575,192.77194,189.54797,False,0.98796487,True,False,False,0.93386774,0.98327575,192.77194,189.54797,0.93041853,0.97627244,186.95458,182.5186,0.98796828,1.0881033,47.00006,51.140919,0.9263654,0.86932766,55.587306,48.323583,0.91714417,0.97728672,85.051845,83.120039,0.92867384,0.96386522,94.696805,91.274957,0.93430415,0.98106806,86.516951,84.879017,0.94441203,1.0216469,90.41892,92.376212
0b_random_erasing_best,file,18,baseline_random_erasing,8997,154.Red_eyed_Vireo/Red_Eyed_Vireo_0034_157219.jpg,154,153,154.Red_eyed_Vireo,31,30,identity,identity,0,{},0.4698137,0.4698137,0,0.62511873,0.62511873,0.1190493,0.1190493,0.50606943,0.50606943,0,1,1,49.683149,49.683149,False,1,True,True,True,1,1,49.683149,49.683149,1,1,48.544599,48.544599,1,1,10.575312,10.575312,1,1,10.66748,10.66748,1,1,18.871779,18.871779,1,1,24.668049,24.668049,1,1,24.554957,24.554957,1,1,25.984234,25.984234
0b_random_erasing_best,file,18,baseline_random_erasing,8997,154.Red_eyed_Vireo/Red_Eyed_Vireo_0034_157219.jpg,154,153,154.Red_eyed_Vireo,31,30,random_erasing,random_erasing,0,"{""area_fraction"":0.194987,""erased"":true,""height"":0.571824,""left"":0.404559,""top"":0.25368,""width"":0.340991}",0.4698137,0.56622636,0.096412659,0.62511873,0.56766355,0.1190493,0.1726858,0.50606943,0.39497775,-0.11109168,0.77278487,1.2122125,49.683149,60.226533,False,0.95802939,True,True,True,0.77278487,1.2122125,49.683149,60.226533,0.76360674,1.2075968,48.544599,58.622301,0.95389573,1.3056831,10.575312,13.808007,0.77590967,1.3123681,10.66748,13.99966,0.72696783,1.1359115,18.871779,21.436671,0.7253043,1.2237276,24.668049,30.186973,0.75175075,1.2174585,24.554957,29.89464,0.82674634,1.2023737,25.984234,31.24276
0b_random_erasing_best,file,18,baseline_random_erasing,3145,055.Evening_Grosbeak/Evening_Grosbeak_0133_37976.jpg,55,54,055.Evening_Grosbeak,168,167,identity,identity,0,{},0.031571154,0.031571154,0,0.96892202,0.96892202,0.0045633279,0.0045633279,0.96435869,0.96435869,0,1,1,3.8490026,3.8490026,False,1,True,True,True,1,1,3.8490026,3.8490026,1,1,3.7615765,3.7615765,1,1,0.815698,0.815698,1,1,0.58360893,0.58360893,1,1,1.1964149,1.1964149,1,1,1.9248486,1.9248486,1,1,1.9232068,1.9232068,1,1,2.2301756,2.2301756
0b_random_erasing_best,file,18,baseline_random_erasing,3145,055.Evening_Grosbeak/Evening_Grosbeak_0133_37976.jpg,55,54,055.Evening_Grosbeak,168,167,random_erasing,random_erasing,0,"{""area_fraction"":0.050215,""erased"":true,""height"":0.216666,""left"":0.063862,""top"":0.690221,""width"":0.23176}",0.031571154,0.026964171,-0.0046069827,0.96892202,0.97339612,0.0045633279,0.0047675809,0.96435869,0.96862854,0.0042698504,0.97687399,0.87176496,3.8490026,3.3554256,False,0.99844021,True,True,True,0.97687399,0.87176496,3.8490026,3.3554256,0.97590452,0.87217104,3.7615765,3.2807381,0.99775872,0.8630841,0.815698,0.70401598,0.95013003,0.91768881,0.58360893,0.53557138,0.95895768,0.85977051,1.1964149,1.0286422,0.97788955,0.87846538,1.9248486,1.6909129,0.97593572,0.8703504,1.9232068,1.6738638,0.98122116,0.86915766,2.2301756,1.9383742
0b_random_erasing_best,file,18,baseline_random_erasing,2386,042.Vermilion_Flycatcher/Vermilion_Flycatcher_0004_42395.jpg,42,41,042.Vermilion_Flycatcher,139,138,identity,identity,0,{},0.13055904,0.13055904,0,0.87760466,0.87760466,0.010338836,0.010338836,0.86726583,0.86726583,0,1,1,13.361607,13.361607,False,0.99999988,True,True,True,1,1,13.361607,13.361607,1,1,13.106037,13.106037,1,1,2.6008338,2.6008338,1,1,2.8852747,2.8852747,1,1,4.4741679,4.4741679,1,1,5.9772498,5.9772498,1,1,6.5334175,6.5334175,1,1,8.0630119,8.0630119
0b_random_erasing_best,file,18,baseline_random_erasing,2386,042.Vermilion_Flycatcher/Vermilion_Flycatcher_0004_42395.jpg,42,41,042.Vermilion_Flycatcher,139,138,random_erasing,random_erasing,0,"{""area_fraction"":0.088706,""erased"":true,""height"":0.222878,""left"":0.263799,""top"":0.734678,""width"":0.398003}",0.13055904,0.13322243,0.0026633888,0.87760466,0.87527037,0.010338836,0.023406936,0.86726583,0.85186343,-0.015402396,0.9282475,1.0089821,13.361607,13.481623,False,0.9904561,True,True,True,0.9282475,1.0089821,13.361607,13.481623,0.92595977,1.0079432,13.106037,13.210141,0.98513416,1.0350145,2.6008338,2.6919007,0.90335093,0.91886488,2.8852747,2.6511776,0.88790169,1.0601641,4.4741679,4.7433521,0.91763065,1.0052729,5.9772498,6.0087674,0.92307691,1.0123626,6.5334175,6.6141873,0.94842444,1.0008824,8.0630119,8.0701265
0b_random_erasing_best,file,18,baseline_random_erasing,11332,193.Bewick_Wren/Bewick_Wren_0015_184981.jpg,193,192,193.Bewick_Wren,178,177,identity,identity,0,{},0.28839263,0.28839263,0,0.74946725,0.74946725,0.07843858,0.07843858,0.67102867,0.67102867,0,1,1,34.223579,34.223579,False,0.99999994,True,True,True,1,1,34.223579,34.223579,1,1,33.622645,33.622645,1,1,6.3852243,6.3852243,1,1,7.0671889,7.0671889,1,1,14.704298,14.704298,1,1,18.857235,18.857235,1,1,15.926602,15.926602,1,1,15.970873,15.970873
0b_random_erasing_best,file,18,baseline_random_erasing,11332,193.Bewick_Wren/Bewick_Wren_0015_184981.jpg,193,192,193.Bewick_Wren,178,177,random_erasing,random_erasing,0,"{""area_fraction"":0.158113,""erased"":true,""height"":0.315036,""left"":0.181794,""top"":0.547988,""width"":0.501889}",0.28839263,0.42031968,0.13192704,0.74946725,0.65683681,0.07843858,0.1359044,0.67102867,0.52093241,-0.15009627,0.86970182,1.3865649,34.223579,47.453214,False,0.98263681,True,True,True,0.86970182,1.3865649,34.223579,47.453214,0.86570154,1.3849758,33.622645,46.56655,0.97756107,1.4299243,6.3852243,9.1303871,0.85932231,1.4055057,7.0671889,9.932974,0.8200869,1.4337432,14.704298,21.082187,0.87438824,1.301603,18.857235,24.544634,0.86118387,1.3994258,15.926602,22.288097,0.90210828,1.4361997,15.970873,22.937364
0b_random_erasing_best,file,18,baseline_random_erasing,5359,092.Nighthawk/Nighthawk_0068_82368.jpg,92,91,092.Nighthawk,131,130,identity,identity,0,{},0.025569236,0.025569236,0,0.97475487,0.97475487,0.0089737065,0.0089737065,0.96578116,0.96578116,0,1,1,4.7864673,4.7864673,False,1,True,True,True,1,1,4.7864673,4.7864673,1,1,4.6994486,4.6994486,1,1,0.90854386,0.90854386,1,1,0.78258417,0.78258417,1,1,2.3244186,2.3244186,1,1,2.7369162,2.7369162,1,1,2.0172082,2.0172082,1,1,2.1235863,2.1235863
0b_random_erasing_best,file,18,baseline_random_erasing,5359,092.Nighthawk/Nighthawk_0068_82368.jpg,92,91,092.Nighthawk,131,130,random_erasing,random_erasing,0,"{""area_fraction"":0.170171,""erased"":true,""height"":0.691518,""left"":0.476663,""top"":0.243085,""width"":0.246084}",0.025569236,0.027415574,0.0018463377,0.97475487,0.97295684,0.0089737065,0.014385603,0.96578116,0.95857123,-0.0072099306,0.85840979,1.3278802,4.7864673,6.3558551,False,0.97437191,True,True,True,0.85840979,1.3278802,4.7864673,6.3558551,0.85448477,1.3273962,4.6994486,6.2380304,0.96241738,1.3407635,0.90854386,1.2181425,0.86425271,1.4226444,0.78258417,1.113339,0.83553316,1.3186384,2.3244186,3.0650676,0.88132104,1.3698768,2.7369162,3.749238,0.83077042,1.3446594,2.0172082,2.7124578,0.8545336,1.2337842,2.1235863,2.6200471
0b_random_erasing_best,file,18,baseline_random_erasing,2598,046.Gadwall/Gadwall_0017_30979.jpg,46,45,046.Gadwall,58,57,identity,identity,0,{},0.030166557,0.030166557,0,0.97028393,0.97028393,0.0064449199,0.0064449199,0.96383901,0.96383901,0,1,1,4.5046163,4.5046163,False,1,True,True,True,1,1,4.5046163,4.5046163,1,1,4.4149876,4.4149876,1,1,0.8941211,0.8941211,1,1,0.95238708,0.95238708,1,1,2.2465316,2.2465316,1,1,2.2198962,2.2198962,1,1,1.9458783,1.9458783,1,1,2.1963124,2.1963124
0b_random_erasing_best,file,18,baseline_random_erasing,2598,046.Gadwall/Gadwall_0017_30979.jpg,46,45,046.Gadwall,58,57,random_erasing,random_erasing,0,"{""area_fraction"":0.068942,""erased"":true,""height"":0.158256,""left"":0.496084,""top"":0.001697,""width"":0.435637}",0.030166557,0.033279739,0.0031131823,0.97028393,0.96726793,0.0064449199,0.0069677001,0.96383901,0.96030023,-0.0035387753,0.92699844,1.1474614,4.5046163,5.1688734,False,0.99485123,True,True,True,0.92699844,1.1474614,4.5046163,5.1688734,0.92441991,1.1489578,4.4149876,5.0726345,0.99257437,1.1103529,0.8941211,0.99278995,0.82249508,0.98237287,0.95238708,0.93559923,0.93639458,1.1235247,2.2465316,2.5240336,0.92054647,1.1836279,2.2198962,2.6275312,0.90920753,1.2028173,1.9458783,2.3405362,0.94914603,1.1248518,2.1963124,2.470526
0b_random_erasing_best,file,18,baseline_random_erasing,388,008.Rhinoceros_Auklet/Rhinoceros_Auklet_0016_2114.jpg,8,7,008.Rhinoceros_Auklet,25,24,identity,identity,0,{},0.38293767,0.38293767,0,0.68185538,0.68185538,0.089772664,0.089772664,0.59208272,0.59208272,0,1,1,57.185855,57.185855,False,1,True,True,True,1,1,57.185855,57.185855,1,1,56.39341,56.39341,1,1,9.4871087,9.4871087,1,1,10.835294,10.835294,1,1,29.462635,29.462635,1,1,30.245779,30.245779,1,1,24.840939,24.840939,1,1,25.74659,25.74659
0b_random_erasing_best,file,18,baseline_random_erasing,388,008.Rhinoceros_Auklet/Rhinoceros_Auklet_0016_2114.jpg,8,7,008.Rhinoceros_Auklet,25,24,random_erasing,random_erasing,0,"{""area_fraction"":0.074026,""erased"":true,""height"":0.223687,""left"":0.330107,""top"":0.273183,""width"":0.330936}",0.38293767,0.19277133,-0.19016634,0.68185538,0.82467055,0.089772664,0.093182728,0.59208272,0.73148783,0.13940511,0.903405,0.60381063,57.185855,34.529427,False,0.98576331,True,True,True,0.903405,0.60381063,57.185855,34.529427,0.90170981,0.60163604,56.39341,33.928308,0.96267789,0.67617272,9.4871087,6.4149241,0.8742184,0.55707224,10.835294,6.0360416,0.93612332,0.59815294,29.462635,17.623162,0.89306674,0.59134716,30.245779,17.885755,0.87160446,0.6271211,24.840939,15.578277,0.90374139,0.60363244,25.74659,15.541477
0b_random_erasing_best,file,18,baseline_random_erasing,7936,136.Barn_Swallow/Barn_Swallow_0094_132154.jpg,136,135,136.Barn_Swallow,137,136,identity,identity,0,{},0.14000508,0.14000508,0,0.86935383,0.86935383,0.10037916,0.10037916,0.76897467,0.76897467,0,1,1,19.90924,19.90924,False,1,True,True,True,1,1,19.90924,19.90924,1,1,19.239513,19.239513,1,1,5.1204455,5.1204455,1,1,4.3718093,4.3718093,1,1,9.0901373,9.0901373,1,1,9.7482785,9.7482785,1,1,8.1159446,8.1159446,1,1,10.369092,10.369092
0b_random_erasing_best,file,18,baseline_random_erasing,7936,136.Barn_Swallow/Barn_Swallow_0094_132154.jpg,136,135,136.Barn_Swallow,137,136,random_erasing,random_erasing,0,"{""area_fraction"":0.161532,""erased"":true,""height"":0.705967,""left"":0.353031,""top"":0.224552,""width"":0.22881}",0.14000508,0.23144516,0.091440082,0.86935383,0.79338622,0.10037916,0.14373261,0.76897467,0.64965361,-0.11932106,0.80066353,1.9717361,19.90924,39.255767,False,0.96152198,True,True,True,0.80066353,1.9717361,19.90924,39.255767,0.79115212,1.9860124,19.239513,38.209911,0.95799055,1.7578542,5.1204455,9.0009966,0.78279164,2.0027324,4.3718093,8.755564,0.7570938,1.9532686,9.0901373,17.75548,0.80723035,2.1089207,9.7482785,20.558346,0.7729886,2.0978561,8.1159446,17.026084,0.82273237,1.8184774,10.369092,18.855959
0b_random_erasing_best,file,18,baseline_random_erasing,9947,169.Magnolia_Warbler/Magnolia_Warbler_0102_165884.jpg,169,168,169.Magnolia_Warbler,163,162,identity,identity,0,{},0.032395285,0.032395285,0,0.96812379,0.96812379,0.016877906,0.016877906,0.95124589,0.95124589,0,1,1,4.0120225,4.0120225,False,1.0000001,True,True,True,1,1,4.0120225,4.0120225,1,1,3.9164068,3.9164068,1,1,0.87067941,0.87067941,1,1,0.79064649,0.79064649,1,1,1.4840542,1.4840542,1,1,1.9081745,1.9081745,1,1,1.9834444,1.9834444,1,1,2.2216034,2.2216034
0b_random_erasing_best,file,18,baseline_random_erasing,9947,169.Magnolia_Warbler/Magnolia_Warbler_0102_165884.jpg,169,168,169.Magnolia_Warbler,163,162,random_erasing,random_erasing,0,"{""area_fraction"":0.138465,""erased"":true,""height"":0.418604,""left"":0.42851,""top"":0.159823,""width"":0.330777}",0.032395285,0.023985108,-0.0084101763,0.96812379,0.97630024,0.016877906,0.003767729,0.95124589,0.97253251,0.021286623,0.55350109,0.73879133,4.0120225,2.9640474,False,0.91186047,True,True,True,0.55350109,0.73879133,4.0120225,2.9640474,0.53802788,0.73735658,3.9164068,2.8877883,0.85478967,0.76724434,0.87067941,0.66802385,0.45707509,0.61086798,0.79064649,0.48298063,0.47109086,0.7818063,1.4840542,1.1602429,0.51026802,0.84530067,1.9081745,1.6129812,0.47153705,0.67789424,1.9834444,1.3445655,0.6668483,0.69007645,2.2216034,1.5330762
0b_random_erasing_best,file,18,baseline_random_erasing,5267,091.Mockingbird/Mockingbird_0096_79878.jpg,91,90,091.Mockingbird,102,101,identity,identity,0,{},0.24504438,0.24504438,0,0.78266978,0.78266978,0.033123318,0.033123318,0.74954646,0.74954646,0,1,1,28.946431,28.946431,False,1,True,True,True,1,1,28.946431,28.946431,1,1,28.225916,28.225916,1,1,6.4182223,6.4182223,1,1,5.9125283,5.9125283,1,1,10.415381,10.415381,1,1,14.531662,14.531662,1,1,14.100174,14.100174,1,1,15.597438,15.597438
0b_random_erasing_best,file,18,baseline_random_erasing,5267,091.Mockingbird/Mockingbird_0096_79878.jpg,91,90,091.Mockingbird,102,101,random_erasing,random_erasing,0,"{""area_fraction"":0.114908,""erased"":true,""height"":0.522254,""left"":0.217847,""top"":0.219818,""width"":0.220022}",0.24504438,0.38295513,0.13791075,0.78266978,0.68184352,0.033123318,0.06062742,0.74954646,0.6212161,-0.12833036,0.81345204,1.5548183,28.946431,45.006442,False,0.98159802,True,True,True,0.81345204,1.5548183,28.946431,45.006442,0.80504776,1.5544677,28.225916,43.876274,0.97526194,1.5615843,6.4182223,10.022595,0.81085451,1.5234121,5.9125283,9.0072174,0.77771834,1.7752337,10.415381,18.489735,0.7898826,1.4796846,14.531662,21.502277,0.78518491,1.5358586,14.100174,21.655872,0.85198627,1.5317562,15.597438,23.891472
0b_random_erasing_best,file,18,baseline_random_erasing,9223,157.Yellow_throated_Vireo/Yellow_Throated_Vireo_0070_159602.jpg,157,156,157.Yellow_throated_Vireo,175,174,identity,identity,0,{},0.13789316,0.13789316,0,0.8711918,0.8711918,0.029021403,0.029021403,0.8421704,0.8421704,0,1,1,23.607851,23.607851,False,1,True,True,True,1,1,23.607851,23.607851,1,1,23.263057,23.263057,1,1,4.0200484,4.0200484,1,1,4.4625979,4.4625979,1,1,11.335226,11.335226,1,1,12.624042,12.624042,1,1,11.157471,11.157471,1,1,10.436097,10.436097
0b_random_erasing_best,file,18,baseline_random_erasing,9223,157.Yellow_throated_Vireo/Yellow_Throated_Vireo_0070_159602.jpg,157,156,157.Yellow_throated_Vireo,175,174,random_erasing,random_erasing,0,"{""area_fraction"":0.068049,""erased"":true,""height"":0.410622,""left"":0.254088,""top"":0.46882,""width"":0.165721}",0.13789316,0.20942444,0.071531281,0.8711918,0.81105089,0.029021403,0.010098544,0.8421704,0.80095235,-0.041218049,0.87903956,1.5491823,23.607851,36.572865,False,0.98008835,True,True,True,0.87903956,1.5491823,23.607851,36.572865,0.87679107,1.5527262,23.263057,36.121159,0.96418958,1.4254317,4.0200484,5.7303042,0.85467616,1.8403144,4.4625979,8.2125833,0.91040481,1.6651218,11.335226,18.874532,0.8534108,1.4972633,12.624042,18.901514,0.8667548,1.4975644,11.157471,16.709031,0.89105301,1.4985681,10.436097,15.639203
0b_random_erasing_best,file,18,baseline_random_erasing,10306,175.Pine_Warbler/Pine_Warbler_0041_171477.jpg,175,174,175.Pine_Warbler,157,156,identity,identity,0,{},0.074279033,0.074279033,0,0.92841262,0.92841262,0.027996825,0.027996825,0.90041579,0.90041579,0,1,1,10.602503,10.602503,False,1,True,True,True,1,1,10.602503,10.602503,1,1,10.386358,10.386358,1,1,2.1299416,2.1299416,1,1,2.0611089,2.0611089,1,1,5.1414845,5.1414845,1,1,5.12054,5.12054,1,1,4.9528506,4.9528506,1,1,5.1422501,5.1422501
0b_random_erasing_best,file,18,baseline_random_erasing,10306,175.Pine_Warbler/Pine_Warbler_0041_171477.jpg,175,174,175.Pine_Warbler,157,156,random_erasing,random_erasing,0,"{""area_fraction"":0.122362,""erased"":true,""height"":0.555628,""left"":0.051117,""top"":0.280895,""width"":0.220223}",0.074279033,0.033869937,-0.040409096,0.92841262,0.96669722,0.027996825,0.012988226,0.90041579,0.95370899,0.053293199,0.89770886,0.46603102,10.602503,4.9410955,False,0.97975826,True,True,True,0.89770886,0.46603102,10.602503,4.9410955,0.89428597,0.46313945,10.386358,4.810332,0.97664474,0.5301633,2.1299416,1.1292169,0.89460622,0.4876036,2.0611089,1.0050041,0.90415472,0.44703555,5.1414845,2.2984264,0.88278691,0.4675899,5.12054,2.3943128,0.8714463,0.45491388,4.9528506,2.2531205,0.91765389,0.47782073,5.1422501,2.4570737
0b_random_erasing_best,file,18,baseline_random_erasing,4853,084.Red_legged_Kittiwake/Red_Legged_Kittiwake_0001_795394.jpg,84,83,084.Red_legged_Kittiwake,45,44,identity,identity,0,{},0.63790786,0.63790786,0,0.52839673,0.52839673,0.25383285,0.25383285,0.27456388,0.27456388,0,1,1,96.866454,96.866454,False,1,True,True,True,1,1,96.866454,96.866454,1,1,95.564552,95.564552,1,1,15.828023,15.828023,1,1,20.170647,20.170647,1,1,49.254682,49.254682,1,1,55.824492,55.824492,1,1,42.52184,42.52184,1,1,37.084014,37.084014
0b_random_erasing_best,file,18,baseline_random_erasing,4853,084.Red_legged_Kittiwake/Red_Legged_Kittiwake_0001_795394.jpg,84,83,084.Red_legged_Kittiwake,45,44,random_erasing,random_erasing,0,"{""area_fraction"":0.152399,""erased"":true,""height"":0.56243,""left"":0.244667,""top"":0.321882,""width"":0.270966}",0.63790786,0.96933067,0.33142281,0.52839673,0.37933683,0.25383285,0.40345699,0.27456388,-0.024120152,-0.29868403,0.79843204,1.5135811,96.866454,146.61523,False,0.89502305,False,True,False,0.79843204,1.5135811,96.866454,146.61523,0.79692297,1.514802,95.564552,144.76138,0.85555909,1.4683805,15.828023,23.24156,0.81660005,1.2544814,20.170647,25.303703,0.80913494,1.5976619,49.254682,78.692331,0.82959829,1.5042696,55.824492,83.975088,0.75488954,1.5004394,42.52184,63.801445,0.75548211,1.477139,37.084014,54.778245
0b_random_erasing_best,file,18,baseline_random_erasing,10599,180.Wilson_Warbler/Wilson_Warbler_0076_175780.jpg,180,179,180.Wilson_Warbler,182,181,identity,identity,0,{},0.07209257,0.07209257,0,0.93044478,0.93044478,0.059702843,0.059702843,0.87074193,0.87074193,0,1,1,7.8261158,7.8261158,False,1,True,True,True,1,1,7.8261158,7.8261158,1,1,7.3955092,7.3955092,1,1,2.5601821,2.5601821,1,1,1.4592175,1.4592175,1,1,2.8642309,2.8642309,1,1,3.3332709,3.3332709,1,1,3.8869919,3.8869919,1,1,4.2592277,4.2592277
0b_random_erasing_best,file,18,baseline_random_erasing,10599,180.Wilson_Warbler/Wilson_Warbler_0076_175780.jpg,180,179,180.Wilson_Warbler,182,181,random_erasing,random_erasing,0,"{""area_fraction"":0.066636,""erased"":true,""height"":0.261695,""left"":0.511527,""top"":0.101176,""width"":0.254634}",0.07209257,0.046954997,-0.025137573,0.93044478,0.95413035,0.059702843,0.039582144,0.87074193,0.91454821,0.043806273,0.9684271,0.64904185,7.8261158,5.0794767,False,0.99701798,True,True,True,0.9684271,0.64904185,7.8261158,5.0794767,0.96494722,0.64688904,7.3955092,4.7840738,0.99699375,0.66673475,2.5601821,1.7069624,0.96926185,0.60430089,1.4592175,0.88180642,0.96461106,0.63468767,2.8642309,1.817892,0.96132098,0.65717263,3.3332709,2.1905344,0.9654696,0.64156535,3.8869919,2.4937593,0.96692726,0.65520282,4.2592277,2.790658
0b_random_erasing_best,file,18,baseline_random_erasing,912,017.Cardinal/Cardinal_0051_17223.jpg,17,16,017.Cardinal,42,41,identity,identity,0,{},0.04074024,0.04074024,0,0.96007848,0.96007848,0.0098183844,0.0098183844,0.95026009,0.95026009,0,1,1,5.9367636,5.9367636,False,1,True,True,True,1,1,5.9367636,5.9367636,1,1,5.8260323,5.8260323,1,1,1.1412757,1.1412757,1,1,1.6154172,1.6154172,1,1,2.2072548,2.2072548,1,1,2.5989877,2.5989877,1,1,3.0655074,3.0655074,1,1,3.2107682,3.2107682
0b_random_erasing_best,file,18,baseline_random_erasing,912,017.Cardinal/Cardinal_0051_17223.jpg,17,16,017.Cardinal,42,41,random_erasing,random_erasing,0,"{""area_fraction"":0.08433,""erased"":true,""height"":0.172859,""left"":0.156151,""top"":0.746239,""width"":0.487855}",0.04074024,0.089498475,0.048758235,0.96007848,0.91438967,0.0098183844,0.021162391,0.95026009,0.89322728,-0.057032814,0.87682111,2.1529925,5.9367636,12.781807,False,0.98884875,True,True,True,0.87682111,2.1529925,5.9367636,12.781807,0.87269883,2.1552144,5.8260323,12.556348,0.98771983,2.09426,1.1412757,2.3901279,0.88384512,3.004521,1.6154172,4.8535548,0.82852628,1.9071415,2.2072548,4.2095474,0.85668096,1.9613121,2.5989877,5.0974259,0.87885842,2.1095424,3.0655074,6.4668179,0.91339924,2.1708249,3.2107682,6.9700156
0b_random_erasing_best,file,18,baseline_random_erasing,9503,162.Canada_Warbler/Canada_Warbler_0076_162393.jpg,162,161,162.Canada_Warbler,169,168,identity,identity,0,{},0.0044492302,0.0044492302,0,0.99556065,0.99556065,0.0020300567,0.0020300567,0.99353059,0.99353059,0,1,1,0.55484684,0.55484684,False,1,True,True,True,1,1,0.55484684,0.55484684,1,1,0.53648921,0.53648921,1,1,0.14154273,0.14154273,1,1,0.10505196,0.10505196,1,1,0.18953495,0.18953495,1,1,0.25276079,0.25276079,1,1,0.28859556,0.28859556,1,1,0.30608144,0.30608144
0b_random_erasing_best,file,18,baseline_random_erasing,9503,162.Canada_Warbler/Canada_Warbler_0076_162393.jpg,162,161,162.Canada_Warbler,169,168,random_erasing,random_erasing,0,"{""area_fraction"":0.17819,""erased"":true,""height"":0.376659,""left"":0.186084,""top"":0.324496,""width"":0.47308}",0.0044492302,1.8480742,1.843625,0.99556065,0.15754026,0.0020300567,0.0049013169,0.99353059,0.15263894,-0.84089164,0.36877251,181.18448,0.55484684,100.52964,False,0.71232212,False,True,False,0.36877251,181.18448,0.55484684,100.52964,0.35217821,181.76631,0.53648921,97.515664,0.62028163,172.60938,0.14154273,24.431604,0.060552811,189.43196,0.10505196,19.900199,0.36667508,205.05207,0.18953495,38.864534,0.41764235,213.87587,0.25276079,54.059433,0.29144706,154.14215,0.28859556,44.48474,0.38649156,169.81152,0.30608144,51.976153
0b_random_erasing_best,file,18,baseline_random_erasing,8233,141.Artic_Tern/Artic_Tern_0012_143410.jpg,141,140,141.Artic_Tern,58,57,identity,identity,0,{},0.81075841,0.81075841,0,0.4445208,0.4445208,0.27021778,0.27021778,0.17430303,0.17430303,0,1,1,111.86926,111.86926,False,1,True,True,True,1,1,111.86926,111.86926,1,1,110.24236,110.24236,1,1,19.00928,19.00928,1,1,28.159195,28.159195,1,1,55.918841,55.918841,1,1,67.290646,67.290646,1,1,44.949028,44.949028,1,1,41.04966,41.04966
0b_random_erasing_best,file,18,baseline_random_erasing,8233,141.Artic_Tern/Artic_Tern_0012_143410.jpg,141,140,141.Artic_Tern,58,57,random_erasing,random_erasing,0,"{""area_fraction"":0.115162,""erased"":true,""height"":0.340818,""left"":0.01351,""top"":0.441816,""width"":0.337897}",0.81075841,0.58478129,-0.22597712,0.4445208,0.55722773,0.27021778,0.16925547,0.17430303,0.38797227,0.21366924,0.93766335,0.76390384,111.86926,85.457355,False,0.99265629,True,True,True,0.93766335,0.76390384,111.86926,85.457355,0.93626915,0.76204228,110.24236,84.009339,0.98380765,0.82406818,19.00928,15.664943,0.92313751,0.67120984,28.159195,18.900729,0.93130123,0.75281616,55.918841,42.096607,0.94805534,0.74668055,67.290646,50.244617,0.92713807,0.79491377,44.949028,35.730601,0.93837305,0.81781352,41.04966,33.570966
0b_random_erasing_best,file,18,baseline_random_erasing,444,009.Brewer_Blackbird/Brewer_Blackbird_0078_2659.jpg,9,8,009.Brewer_Blackbird,27,26,identity,identity,0,{},0.10690346,0.10690346,0,0.89861244,0.89861244,0.025988607,0.025988607,0.87262383,0.87262383,0,1,1,13.373148,13.373148,False,1,True,True,True,1,1,13.373148,13.373148,1,1,13.00311,13.00311,1,1,3.1241338,3.1241338,1,1,3.0244896,3.0244896,1,1,7.0285675,7.0285675,1,1,6.3321518,6.3321518,1,1,5.635661,5.635661,1,1,6.2189826,6.2189826
0b_random_erasing_best,file,18,baseline_random_erasing,444,009.Brewer_Blackbird/Brewer_Blackbird_0078_2659.jpg,9,8,009.Brewer_Blackbird,27,26,random_erasing,random_erasing,0,"{""area_fraction"":0.146156,""erased"":true,""height"":0.497789,""left"":0.539711,""top"":0.0736,""width"":0.293611}",0.10690346,0.13000493,0.023101464,0.89861244,0.8780911,0.025988607,0.027492894,0.87262383,0.8505982,-0.02202563,0.94531006,1.2204767,13.373148,16.321615,False,0.99526608,True,True,True,0.94531006,1.2204767,13.373148,16.321615,0.94273849,1.2202324,13.00311,15.866816,0.98970216,1.2247006,3.1241338,3.8261286,0.9463126,1.3240259,3.0244896,4.0045025,0.95910472,1.291592,7.0285675,9.0780419,0.93906138,1.2044156,6.3321518,7.6265427,0.92757966,1.1625117,5.635661,6.5515216,0.94007663,1.1620075,6.2189826,7.2265046
0b_random_erasing_best,file,18,baseline_random_erasing,2198,039.Least_Flycatcher/Least_Flycatcher_0019_30358.jpg,39,38,039.Least_Flycatcher,37,36,identity,identity,0,{},3.3191819,3.3191819,0,0.036182422,0.036182422,0.40067178,0.40067178,-0.36448936,-0.36448936,0,1,1,183.32788,183.32788,False,1.0000001,True,False,False,1,1,183.32788,183.32788,1,1,179.63147,179.63147,1,1,36.628446,36.628446,1,1,54.774284,54.774284,1,1,82.793296,82.793296,1,1,95.459806,95.459806,1,1,84.479192,84.479192,1,1,78.50609,78.50609
0b_random_erasing_best,file,18,baseline_random_erasing,2198,039.Least_Flycatcher/Least_Flycatcher_0019_30358.jpg,39,38,039.Least_Flycatcher,37,36,random_erasing,random_erasing,0,"{""area_fraction"":0.059515,""erased"":true,""height"":0.202258,""left"":0.041325,""top"":0.759926,""width"":0.294253}",3.3191819,3.2539444,-0.065237522,0.036182422,0.038621567,0.40067178,0.34406602,-0.36448936,-0.30544446,0.059044901,0.9737482,0.95520715,183.32788,175.1161,False,0.99622691,True,False,False,0.9737482,0.95520715,183.32788,175.1161,0.97288155,0.95469665,179.63147,171.49357,0.99439961,0.96740389,36.628446,35.434501,0.98341978,0.91863478,54.774284,50.317562,0.97224571,0.99593878,82.793296,82.457054,0.97328416,0.95461501,95.459806,91.127363,0.9691491,0.93721418,84.479192,79.175097,0.97392573,0.94519153,78.50609,74.203292
0b_random_erasing_best,file,18,baseline_random_erasing,10347,176.Prairie_Warbler/Prairie_Warbler_0053_173290.jpg,176,175,176.Prairie_Warbler,163,162,identity,identity,0,{},0.044611689,0.044611689,0,0.9563688,0.9563688,0.0043576192,0.0043576192,0.95201118,0.95201118,0,1,1,5.4069088,5.4069088,False,1,True,True,True,1,1,5.4069088,5.4069088,1,1,5.3181172,5.3181172,1,1,0.97585501,0.97585501,1,1,1.2692388,1.2692388,1,1,2.1080256,2.1080256,1,1,2.4636961,2.4636961,1,1,2.5672321,2.5672321,1,1,3.0930813,3.0930813
0b_random_erasing_best,file,18,baseline_random_erasing,10347,176.Prairie_Warbler/Prairie_Warbler_0053_173290.jpg,176,175,176.Prairie_Warbler,163,162,random_erasing,random_erasing,0,"{""area_fraction"":0.188545,""erased"":true,""height"":0.444159,""left"":0.083753,""top"":0.04793,""width"":0.424499}",0.044611689,0.32177255,0.27716086,0.9563688,0.72486305,0.0043576192,0.040582366,0.95201118,0.68428069,-0.2677305,0.50834092,6.0204546,5.4069088,32.552049,False,0.90313834,True,True,True,0.50834092,6.0204546,5.4069088,32.552049,0.49500679,5.9805666,5.3181172,31.805354,0.84899655,7.1037167,0.97585501,6.9321975,0.53149824,4.8600543,1.2692388,6.1685693,0.45135913,6.3790836,2.1080256,13.447271,0.41536067,6.6747141,2.4636961,16.444467,0.47621312,5.9379865,2.5672321,15.24419,0.59446819,5.5046353,3.0930813,17.026285
0b_random_erasing_best,file,18,baseline_random_erasing,5285,091.Mockingbird/Mockingbird_0056_81986.jpg,91,90,091.Mockingbird,160,159,identity,identity,0,{},1.4545726,1.4545726,0,0.23350015,0.23350015,0.22421426,0.22421426,0.009285897,0.009285897,0,1,1,143.93915,143.93915,False,1,True,True,True,1,1,143.93915,143.93915,1,1,141.76504,141.76504,1,1,24.922951,24.922951,1,1,44.416603,44.416603,1,1,61.932119,61.932119,1,1,73.442911,73.442911,1,1,65.431012,65.431012,1,1,67.925151,67.925151
0b_random_erasing_best,file,18,baseline_random_erasing,5285,091.Mockingbird/Mockingbird_0056_81986.jpg,91,90,091.Mockingbird,160,159,random_erasing,random_erasing,0,"{""area_fraction"":0.095725,""erased"":true,""height"":0.172436,""left"":0.152341,""top"":0.665326,""width"":0.555134}",1.4545726,0.89128971,-0.56328285,0.23350015,0.41012648,0.22421426,0.08123517,0.009285897,0.32889131,0.31960541,0.87453461,0.67548814,143.93915,97.229192,False,0.98442644,True,True,True,0.87453461,0.67548814,143.93915,97.229192,0.87149175,0.67383777,141.76504,95.526639,0.96823285,0.7268665,24.922951,18.115659,0.91736617,0.59182131,44.416603,26.286692,0.80972154,0.6373221,61.932119,39.470708,0.87425621,0.65779695,73.442911,48.310523,0.87557794,0.70559555,65.431012,46.167831,0.9008869,0.72288845,67.925151,49.102307
0b_random_erasing_best,file,18,baseline_random_erasing,361,007.Parakeet_Auklet/Parakeet_Auklet_0025_795975.jpg,7,6,007.Parakeet_Auklet,5,4,identity,identity,0,{},0.00082339713,0.00082339713,0,0.99917692,0.99917692,0.00049804954,0.00049804954,0.99867887,0.99867887,0,1,1,0.13550702,0.13550702,False,1.0000001,True,True,True,1,1,0.13550702,0.13550702,1,1,0.13248614,0.13248614,1,1,0.028453021,0.028453021,1,1,0.03473415,0.03473415,1,1,0.06816266,0.06816266,1,1,0.067914894,0.067914894,1,1,0.055425129,0.055425129,1,1,0.063368693,0.063368693
0b_random_erasing_best,file,18,baseline_random_erasing,361,007.Parakeet_Auklet/Parakeet_Auklet_0025_795975.jpg,7,6,007.Parakeet_Auklet,5,4,random_erasing,random_erasing,0,"{""area_fraction"":0.134297,""erased"":true,""height"":0.475152,""left"":0.690762,""top"":0.434618,""width"":0.282639}",0.00082339713,0.0015112658,0.00068786863,0.99917692,0.99848986,0.00049804954,0.00093991193,0.99867887,0.99754994,-0.0011289251,0.93964739,1.7179634,0.13550702,0.2327961,False,0.99386418,True,True,True,0.93964739,1.7179634,0.13550702,0.2327961,0.93708476,1.7143246,0.13248614,0.22712426,0.99365884,1.7950443,0.028453021,0.051074432,0.9408651,1.8675195,0.03473415,0.064866704,0.94927444,1.6871469,0.06816266,0.11500042,0.93478447,1.6519135,0.067914894,0.11218953,0.92070582,1.7405474,0.055425129,0.096470065,0.93942074,1.747289,0.063368693,0.11072342
0b_random_erasing_best,file,18,baseline_random_erasing,8848,151.Black_capped_Vireo/Black_Capped_Vireo_0012_797473.jpg,151,150,151.Black_capped_Vireo,6,5,identity,identity,0,{},0.19211894,0.19211894,0,0.82520872,0.82520872,0.054357722,0.054357722,0.770851,0.770851,0,1,1,37.835102,37.835102,False,0.99999994,True,True,True,1,1,37.835102,37.835102,1,1,37.23414,37.23414,1,1,6.7166805,6.7166805,1,1,11.429713,11.429713,1,1,15.228989,15.228989,1,1,20.36928,20.36928,1,1,17.616449,17.616449,1,1,17.279291,17.279291
0b_random_erasing_best,file,18,baseline_random_erasing,8848,151.Black_capped_Vireo/Black_Capped_Vireo_0012_797473.jpg,151,150,151.Black_capped_Vireo,6,5,random_erasing,random_erasing,0,"{""area_fraction"":0.06528,""erased"":true,""height"":0.308341,""left"":0.131498,""top"":0.569816,""width"":0.211714}",0.19211894,0.18835522,-0.0037637204,0.82520872,0.82832044,0.054357722,0.059280548,0.770851,0.7690399,-0.0018111058,0.95563174,0.97108094,37.835102,36.740947,False,0.99452877,True,True,True,0.95563174,0.97108094,37.835102,36.740947,0.9544311,0.97100496,37.23414,36.154534,0.99243982,0.97341303,6.7166805,6.5381043,0.9392773,0.86865603,11.429713,9.9284889,0.93793369,0.99610545,15.228989,15.169679,0.96355143,0.97632034,20.36928,19.886942,0.95677555,0.98962026,17.616449,17.433595,0.96108999,0.96672712,17.279291,16.704359
0b_random_erasing_best,file,18,baseline_random_erasing,2931,051.Horned_Grebe/Horned_Grebe_0033_34736.jpg,51,50,051.Horned_Grebe,50,49,identity,identity,0,{},1.6492778,1.6492778,0,0.19218865,0.19218865,0.5839262,0.5839262,-0.39173755,-0.39173755,0,1,1,137.60858,137.60858,False,1,True,False,False,1,1,137.60858,137.60858,1,1,134.54796,134.54796,1,1,28.861215,28.861215,1,1,33.83261,33.83261,1,1,55.954738,55.954738,1,1,79.621624,79.621624,1,1,62.355921,62.355921,1,1,59.997589,59.997589
0b_random_erasing_best,file,18,baseline_random_erasing,2931,051.Horned_Grebe/Horned_Grebe_0033_34736.jpg,51,50,051.Horned_Grebe,50,49,random_erasing,random_erasing,0,"{""area_fraction"":0.055,""erased"":true,""height"":0.350191,""left"":0.088073,""top"":0.532218,""width"":0.157056}",1.6492778,2.6507721,1.0014943,0.19218865,0.070596695,0.5839262,0.56608856,-0.39173755,-0.49549186,-0.10375431,0.90832003,1.0295256,137.60858,141.67156,False,0.98847544,True,False,False,0.90832003,1.0295256,137.60858,141.67156,0.90477226,1.0250547,134.54796,137.91901,0.9822975,1.1223018,28.861215,32.390995,0.87048672,0.93143511,33.83261,31.51288,0.84365377,0.98769895,55.954738,55.266436,0.92787898,0.99090867,79.621624,78.897758,0.90895448,1.063974,62.355921,66.345078,0.92600624,1.098994,59.997589,65.936993
0b_random_erasing_best,file,18,baseline_random_erasing,2071,037.Acadian_Flycatcher/Acadian_Flycatcher_0054_29113.jpg,37,36,037.Acadian_Flycatcher,43,42,identity,identity,0,{},3.8322234,3.8322234,0,0.021661401,0.021661401,0.80890346,0.80890346,-0.78724205,-0.78724205,0,1,1,129.74658,129.74658,False,1,True,False,False,1,1,129.74658,129.74658,1,1,124.0507,124.0507,1,1,38.021021,38.021021,1,1,30.064345,30.064345,1,1,53.123591,53.123591,1,1,67.704405,67.704405,1,1,58.140092,58.140092,1,1,60.814786,60.814786
0b_random_erasing_best,file,18,baseline_random_erasing,2071,037.Acadian_Flycatcher/Acadian_Flycatcher_0054_29113.jpg,37,36,037.Acadian_Flycatcher,43,42,random_erasing,random_erasing,0,"{""area_fraction"":0.11551,""erased"":true,""height"":0.239431,""left"":0.229723,""top"":0.359392,""width"":0.482437}",3.8322234,4.2291551,0.39693165,0.021661401,0.014564689,0.80890346,0.68007445,-0.78724205,-0.66550976,0.12173229,0.83209532,0.95594002,129.74658,124.02994,False,0.98210287,True,False,False,0.83209532,0.95594002,129.74658,124.02994,0.81771409,0.94848743,124.0507,117.66053,0.97549014,1.0319431,38.021021,39.235532,0.88127253,0.92087805,30.064345,27.685596,0.8250905,0.922721,53.123591,49.018253,0.80607848,0.90808082,67.704405,61.481072,0.79933032,0.97338594,58.140092,56.592748,0.83019897,0.99913696,60.814786,60.762301
0b_random_erasing_best,file,18,baseline_random_erasing,662,013.Bobolink/Bobolink_0104_10273.jpg,13,12,013.Bobolink,114,113,identity,identity,0,{},0.0015325717,0.0015325717,0,0.99846858,0.99846858,0.00016746351,0.00016746351,0.99830111,0.99830111,0,1,1,0.21677934,0.21677934,False,1,True,True,True,1,1,0.21677934,0.21677934,1,1,0.21197022,0.21197022,1,1,0.045408224,0.045408224,1,1,0.048975958,0.048975958,1,1,0.085289508,0.085289508,1,1,0.10132608,0.10132608,1,1,0.10426138,0.10426138,1,1,0.1188319,0.1188319
0b_random_erasing_best,file,18,baseline_random_erasing,662,013.Bobolink/Bobolink_0104_10273.jpg,13,12,013.Bobolink,114,113,random_erasing,random_erasing,0,"{""area_fraction"":0.163423,""erased"":true,""height"":0.4057,""left"":0.253315,""top"":0.429117,""width"":0.402818}",0.0015325717,0.0014205613,-0.0001120104,0.99846858,0.99858046,0.00016746351,0.00016559292,0.99830111,0.99841486,0.00011374851,0.6754408,0.9709936,0.21677934,0.21049135,False,0.97600484,True,True,True,0.6754408,0.9709936,0.21677934,0.21049135,0.66081146,0.9676379,0.21197022,0.20511042,0.97338017,1.0414368,0.045408224,0.047289797,0.24347147,0.71902458,0.048975958,0.035214918,0.59170054,1.0331458,0.085289508,0.088116495,0.57250437,0.9792016,0.10132608,0.099218656,0.65357166,0.98705495,0.10426138,0.10291171,0.83079341,0.94575245,0.1188319,0.11238556
0b_random_erasing_best,file,18,baseline_random_erasing,3271,057.Rose_breasted_Grosbeak/Rose_Breasted_Grosbeak_0012_39149.jpg,57,56,057.Rose_breasted_Grosbeak,48,47,identity,identity,0,{},0.032353505,0.032353505,0,0.96816427,0.96816427,0.0035129299,0.0035129299,0.96465134,0.96465134,0,1,1,4.6170565,4.6170565,False,1,True,True,True,1,1,4.6170565,4.6170565,1,1,4.5529273,4.5529273,1,1,0.76685292,0.76685292,1,1,1.202922,1.202922,1,1,1.7168112,1.7168112,1,1,2.028226,2.028226,1,1,2.1981031,2.1981031,1,1,2.7183317,2.7183317
0b_random_erasing_best,file,18,baseline_random_erasing,3271,057.Rose_breasted_Grosbeak/Rose_Breasted_Grosbeak_0012_39149.jpg,57,56,057.Rose_breasted_Grosbeak,48,47,random_erasing,random_erasing,0,"{""area_fraction"":0.161053,""erased"":true,""height"":0.251683,""left"":0.123222,""top"":0.665813,""width"":0.639902}",0.032353505,0.014098569,-0.018254937,0.96816427,0.98600036,0.0035129299,0.0015552934,0.96465134,0.98444507,0.01979373,0.94948668,0.4470088,4.6170565,2.0638649,False,0.99028629,True,True,True,0.94948668,0.4470088,4.6170565,2.0638649,0.94834571,0.4469792,4.5529273,2.0350638,0.9896124,0.44805076,0.76685292,0.34358903,0.93848347,0.42962802,1.202922,0.516809,0.94304104,0.43050789,1.7168112,0.73910077,0.94428185,0.45912625,2.028226,0.93121178,0.94199848,0.44520072,2.1981031,0.97859706,0.95923437,0.45104787,2.7183317,1.2260977
0b_random_erasing_best,file,18,baseline_random_erasing,11283,192.Downy_Woodpecker/Downy_Woodpecker_0041_184528.jpg,192,191,192.Downy_Woodpecker,187,186,identity,identity,0,{},0.0018154583,0.0018154583,0,0.99818617,0.99818617,0.00024434496,0.00024434496,0.99794183,0.99794183,0,1,1,0.28306097,0.28306097,False,1.0000001,True,True,True,1,1,0.28306097,0.28306097,1,1,0.27842149,0.27842149,1,1,0.051039078,0.051039078,1,1,0.060875666,0.060875666,1,1,0.11541562,0.11541562,1,1,0.15027627,0.15027627,1,1,0.12662956,0.12662956,1,1,0.14789831,0.14789831
0b_random_erasing_best,file,18,baseline_random_erasing,11283,192.Downy_Woodpecker/Downy_Woodpecker_0041_184528.jpg,192,191,192.Downy_Woodpecker,187,186,random_erasing,random_erasing,0,"{""area_fraction"":0.167944,""erased"":true,""height"":0.519787,""left"":0.648056,""top"":0.395558,""width"":0.323102}",0.0018154583,0.0014960299,-0.00031942839,0.99818617,0.99850512,0.00024434496,0.00016351095,0.99794183,0.9983416,0.00039977847,0.91630561,0.78690398,0.28306097,0.2227418,False,0.99440461,True,True,True,0.91630561,0.78690398,0.28306097,0.2227418,0.91360349,0.78511708,0.27842149,0.21859347,0.99351336,0.83833683,0.051039078,0.042787939,0.8281059,0.67556255,0.060875666,0.04112532,0.86838271,0.79090914,0.11541562,0.091283267,0.92660014,0.77446686,0.15027627,0.11638399,0.90567782,0.7866597,0.12662956,0.099614372,0.94740479,0.80828938,0.14789831,0.11954464
0b_random_erasing_best,file,18,baseline_random_erasing,9371,160.Black_throated_Blue_Warbler/Black_Throated_Blue_Warbler_0133_161539.jpg,160,159,160.Black_throated_Blue_Warbler,152,151,identity,identity,0,{},3.2163014,3.2163014,0,0.040103104,0.040103104,0.1259893,0.1259893,-0.085886199,-0.085886199,0,1,1,123.21074,123.21074,False,0.99999994,True,False,False,1,1,123.21074,123.21074,1,1,120.79127,120.79127,1,1,24.297241,24.297241,1,1,26.204581,26.204581,1,1,53.213393,53.213393,1,1,68.087367,68.087367,1,1,57.208916,57.208916,1,1,56.244437,56.244437
0b_random_erasing_best,file,18,baseline_random_erasing,9371,160.Black_throated_Blue_Warbler/Black_Throated_Blue_Warbler_0133_161539.jpg,160,159,160.Black_throated_Blue_Warbler,152,151,random_erasing,random_erasing,0,"{""area_fraction"":0.056667,""erased"":true,""height"":0.22031,""left"":0.387898,""top"":0.509398,""width"":0.257215}",3.2163014,3.3222208,0.10591936,0.040103104,0.036072638,0.1259893,0.35171741,-0.085886199,-0.31564477,-0.22975858,0.85010772,1.0996838,123.21074,135.49286,False,0.97646487,True,False,False,0.85010772,1.0996838,123.21074,135.49286,0.84591118,1.0980003,120.79127,132.62886,0.95054792,1.1405012,24.297241,27.711033,0.76688113,1.0581147,26.204581,27.727453,0.7799019,1.0454405,53.213393,55.631434,0.87418112,1.0913062,68.087367,74.304169,0.85561626,1.1186189,57.208916,63.994976,0.86822583,1.139872,56.244437,64.111459
0b_random_erasing_best,file,18,baseline_random_erasing,511,010.Red_winged_Blackbird/Red_Winged_Blackbird_0012_6015.jpg,10,9,010.Red_winged_Blackbird,109,108,identity,identity,0,{},0.045276247,0.045276247,0,0.95573342,0.95573342,0.0067679123,0.0067679123,0.94896551,0.94896551,0,1,1,5.4296642,5.4296642,False,0.99999994,True,True,True,1,1,5.4296642,5.4296642,1,1,5.2881699,5.2881699,1,1,1.2314678,1.2314678,1,1,1.6385613,1.6385613,1,1,2.2451095,2.2451095,1,1,2.519904,2.519904,1,1,2.365355,2.365355,1,1,2.8800209,2.8800209
0b_random_erasing_best,file,18,baseline_random_erasing,511,010.Red_winged_Blackbird/Red_Winged_Blackbird_0012_6015.jpg,10,9,010.Red_winged_Blackbird,109,108,random_erasing,random_erasing,0,"{""area_fraction"":0.072553,""erased"":true,""height"":0.18441,""left"":0.260706,""top"":0.17823,""width"":0.393433}",0.045276247,0.031346243,-0.013930004,0.95573342,0.96913993,0.0067679123,0.006423967,0.94896551,0.96271597,0.01375046,0.9300235,0.73997227,5.4296642,4.017801,False,0.9945035,True,True,True,0.9300235,0.73997227,5.4296642,4.017801,0.92674595,0.74061033,5.2881699,3.9164732,0.99162799,0.72810614,1.2314678,0.89663927,0.92920728,0.74216156,1.6385613,1.2160772,0.91266351,0.78247128,2.2451095,1.7567337,0.9265773,0.71438179,2.519904,1.8001735,0.9192861,0.73649146,2.365355,1.7420637,0.94157072,0.73643281,2.8800209,2.1209419
0b_random_erasing_best,file,18,baseline_random_erasing,7106,122.Harris_Sparrow/Harris_Sparrow_0074_116539.jpg,122,121,122.Harris_Sparrow,120,119,identity,identity,0,{},0.20933674,0.20933674,0,0.81112206,0.81112206,0.015355689,0.015355689,0.79576637,0.79576637,0,1,1,29.758806,29.758806,False,1.0000001,True,True,True,1,1,29.758806,29.758806,1,1,29.388258,29.388258,1,1,4.6815402,4.6815402,1,1,7.0045362,7.0045362,1,1,13.174425,13.174425,1,1,16.646847,16.646847,1,1,14.021113,14.021113,1,1,12.93567,12.93567
0b_random_erasing_best,file,18,baseline_random_erasing,7106,122.Harris_Sparrow/Harris_Sparrow_0074_116539.jpg,122,121,122.Harris_Sparrow,120,119,random_erasing,random_erasing,0,"{""area_fraction"":0.186406,""erased"":true,""height"":0.574551,""left"":0.338231,""top"":0.021226,""width"":0.324437}",0.20933674,4.3792148,4.169878,0.81112206,0.0125352,0.015355689,0.0025834315,0.79576637,0.009951768,-0.7858146,0.34594113,5.0468793,29.758806,150.1891,False,0.76803005,False,True,False,0.34594113,5.0468793,29.758806,150.1891,0.3347022,4.9794696,29.388258,146.33794,0.6746991,7.2183756,4.6815402,33.793115,0.26812225,3.6276262,7.0045362,25.409839,0.24319531,4.1621931,13.174425,54.834502,0.33397273,4.6689168,16.646847,77.722744,0.33544112,5.3870762,14.021113,75.532806,0.42722825,5.9961855,12.93567,77.564679
0b_random_erasing_best,file,18,baseline_random_erasing,6182,106.Horned_Puffin/Horned_Puffin_0067_100737.jpg,106,105,106.Horned_Puffin,84,83,identity,identity,0,{},0.00070094335,0.00070094335,0,0.99929929,0.99929929,0.00028905261,0.00028905261,0.99901024,0.99901024,0,1,1,0.11456559,0.11456559,False,1,True,True,True,1,1,0.11456559,0.11456559,1,1,0.1122885,0.1122885,1,1,0.022728113,0.022728113,1,1,0.033402161,0.033402161,1,1,0.045284492,0.045284492,1,1,0.058143051,0.058143051,1,1,0.052162081,0.052162081,1,1,0.057799831,0.057799831
0b_random_erasing_best,file,18,baseline_random_erasing,6182,106.Horned_Puffin/Horned_Puffin_0067_100737.jpg,106,105,106.Horned_Puffin,84,83,random_erasing,random_erasing,0,"{""area_fraction"":0.141363,""erased"":true,""height"":0.280976,""left"":0.432007,""top"":0.057248,""width"":0.503114}",0.00070094335,0.0012223399,0.00052139658,0.99929929,0.9987784,0.00028905261,0.00073953031,0.99901024,0.99803887,-0.00097136269,0.84169104,2.0337527,0.11456559,0.23299808,False,0.97985166,True,True,True,0.84169104,2.0337527,0.11456559,0.23299808,0.83703576,2.0384179,0.1122885,0.22889088,0.9641027,1.9163645,0.022728113,0.043555351,0.85414804,2.3602315,0.033402161,0.078836832,0.79035681,1.9689468,0.045284492,0.089162757,0.84576097,2.1307267,0.058143051,0.12388695,0.83024124,2.0586363,0.052162081,0.10738275,0.86574049,1.8429323,0.057799831,0.10652117
0b_random_erasing_best,file,18,baseline_random_erasing,8405,144.Common_Tern/Common_Tern_0019_149769.jpg,144,143,144.Common_Tern,147,146,identity,identity,0,{},1.6556904,1.6556904,0,0.19096017,0.19096017,0.53636658,0.53636658,-0.34540641,-0.34540641,0,1,1,146.97452,146.97452,False,1.0000001,True,False,False,1,1,146.97452,146.97452,1,1,144.4891,144.4891,1,1,26.914857,26.914857,1,1,31.27075,31.27075,1,1,63.098351,63.098351,1,1,78.797312,78.797312,1,1,72.580563,72.580563,1,1,66.639958,66.639958
0b_random_erasing_best,file,18,baseline_random_erasing,8405,144.Common_Tern/Common_Tern_0019_149769.jpg,144,143,144.Common_Tern,147,146,random_erasing,random_erasing,0,"{""area_fraction"":0.15354,""erased"":true,""height"":0.512375,""left"":0.202447,""top"":0.11665,""width"":0.299663}",1.6556904,2.1459622,0.49027181,0.19096017,0.11695546,0.53636658,0.44327638,-0.34540641,-0.32632092,0.019085497,0.82840124,1.09343,146.97452,160.70635,False,0.95226395,True,False,False,0.82840124,1.09343,146.97452,160.70635,0.82490214,1.0959042,144.4891,158.34621,0.93888933,1.0195488,26.914857,27.44101,0.80285506,1.0372822,31.27075,32.436593,0.84446799,1.1182718,63.098351,70.561105,0.8159993,1.0150309,78.797312,79.981704,0.81550352,1.161846,72.580563,84.327436,0.8401316,1.1163435,66.639958,74.393082
0b_random_erasing_best,file,18,baseline_random_erasing,2439,043.Yellow_bellied_Flycatcher/Yellow_Bellied_Flycatcher_0018_795494.jpg,43,42,043.Yellow_bellied_Flycatcher,174,173,identity,identity,0,{},0.8689549,0.8689549,0,0.41938964,0.41938964,0.36441678,0.36441678,0.054972857,0.054972857,0,1,1,110.47076,110.47076,False,0.99999988,True,True,True,1,1,110.47076,110.47076,1,1,108.20983,108.20983,1,1,22.235634,22.235634,1,1,28.672949,28.672949,1,1,40.873206,40.873206,1,1,61.093428,61.093428,1,1,54.490309,54.490309,1,1,50.149861,50.149861
0b_random_erasing_best,file,18,baseline_random_erasing,2439,043.Yellow_bellied_Flycatcher/Yellow_Bellied_Flycatcher_0018_795494.jpg,43,42,043.Yellow_bellied_Flycatcher,174,173,random_erasing,random_erasing,0,"{""area_fraction"":0.160821,""erased"":true,""height"":0.279425,""left"":0.193021,""top"":0.610421,""width"":0.575543}",0.8689549,1.8954701,1.0265152,0.41938964,0.15024768,0.36441678,0.69116735,0.054972857,-0.54091968,-0.59589253,0.86884323,1.4210096,110.47076,156.98002,False,0.96973002,False,True,False,0.86884323,1.4210096,110.47076,156.98002,0.86480343,1.4145028,108.20983,153.0631,0.9595601,1.5672334,22.235634,34.848429,0.83456503,0.97290651,28.672949,27.896099,0.86229769,1.4734522,40.873206,60.224715,0.90285315,1.3817002,61.093428,84.412801,0.85412402,1.4066791,54.490309,76.650378,0.8505136,1.547432,50.149861,77.603499
0b_random_erasing_best,file,18,baseline_random_erasing,9446,161.Blue_winged_Warbler/Blue_Winged_Warbler_0023_161774.jpg,161,160,161.Blue_winged_Warbler,167,166,identity,identity,0,{},3.4355795,3.4355795,0,0.032206737,0.032206737,0.076421909,0.076421909,-0.044215173,-0.044215173,0,1,1,123.84567,123.84567,False,1,True,False,False,1,1,123.84567,123.84567,1,1,121.20452,121.20452,1,1,25.440367,25.440367,1,1,41.701767,41.701767,1,1,63.016891,63.016891,1,1,59.050413,59.050413,1,1,50.346624,50.346624,1,1,54.393354,54.393354
0b_random_erasing_best,file,18,baseline_random_erasing,9446,161.Blue_winged_Warbler/Blue_Winged_Warbler_0023_161774.jpg,161,160,161.Blue_winged_Warbler,167,166,random_erasing,random_erasing,0,"{""area_fraction"":0.075971,""erased"":true,""height"":0.275957,""left"":0.093193,""top"":0.008907,""width"":0.275302}",3.4355795,3.0888848,-0.34669471,0.032206737,0.045552719,0.076421909,0.092027009,-0.044215173,-0.046474289,-0.0022591166,0.93684488,0.90326336,123.84567,111.86525,False,0.99029994,False,False,False,0.93684488,0.90326336,123.84567,111.86525,0.93458194,0.89913097,121.20452,108.97874,0.98773836,0.99244394,25.440367,25.248138,0.9264835,0.78971851,41.701767,32.932658,0.95186617,0.88672115,63.016891,55.87841,0.93593516,0.88782561,59.050413,52.426469,0.92260535,0.93397457,50.346624,47.022467,0.93194882,0.95701728,54.393354,52.05538
0b_random_erasing_best,file,18,baseline_random_erasing,3497,061.Heermann_Gull/Heermann_Gull_0128_45663.jpg,61,60,061.Heermann_Gull,66,65,identity,identity,0,{},0.328913,0.328913,0,0.71970564,0.71970564,0.20029381,0.20029381,0.51941183,0.51941183,0,1,1,44.375246,44.375246,False,1,True,True,True,1,1,44.375246,44.375246,1,1,43.147849,43.147849,1,1,10.364631,10.364631,1,1,11.942715,11.942715,1,1,21.478811,21.478811,1,1,22.658281,22.658281,1,1,18.308838,18.308838,1,1,20.227651,20.227651
0b_random_erasing_best,file,18,baseline_random_erasing,3497,061.Heermann_Gull/Heermann_Gull_0128_45663.jpg,61,60,061.Heermann_Gull,66,65,random_erasing,random_erasing,0,"{""area_fraction"":0.151807,""erased"":true,""height"":0.394227,""left"":0.332443,""top"":0.479186,""width"":0.385074}",0.328913,0.14033635,-0.18857665,0.71970564,0.86906588,0.20029381,0.034638155,0.51941183,0.83442773,0.31501589,0.76846224,0.46687141,44.375246,20.717534,False,0.96392608,True,True,True,0.76846224,0.46687141,44.375246,20.717534,0.76270827,0.47011561,43.147849,20.284478,0.89150443,0.40655652,10.364631,4.2138084,0.85667272,0.54248874,11.942715,6.4787885,0.76950489,0.42443029,21.478811,9.116258,0.71947002,0.44501115,22.658281,10.083188,0.75224804,0.51819601,18.308838,9.4875668,0.79020491,0.48107977,20.227651,9.7311138
0b_random_erasing_best,file,18,baseline_random_erasing,8172,140.Summer_Tanager/Summer_Tanager_0018_139290.jpg,140,139,140.Summer_Tanager,16,15,identity,identity,0,{},0.96479481,0.96479481,0,0.3810614,0.3810614,0.46107891,0.46107891,-0.080017507,-0.080017507,0,1,1,105.82133,105.82133,False,1,True,False,False,1,1,105.82133,105.82133,1,1,104.00482,104.00482,1,1,19.523082,19.523082,1,1,23.46403,23.46403,1,1,49.562504,49.562504,1,1,61.148009,61.148009,1,1,45.458171,45.458171,1,1,44.77137,44.77137
0b_random_erasing_best,file,18,baseline_random_erasing,8172,140.Summer_Tanager/Summer_Tanager_0018_139290.jpg,140,139,140.Summer_Tanager,16,15,random_erasing,random_erasing,0,"{""area_fraction"":0.058474,""erased"":true,""height"":0.189497,""left"":0.295096,""top"":0.208196,""width"":0.308577}",0.96479481,0.8214075,-0.14338732,0.3810614,0.43981218,0.46107891,0.40328228,-0.080017507,0.036529899,0.11654741,0.94271298,0.91895107,105.82133,97.244621,False,0.99556994,False,False,True,0.94271298,0.91895107,105.82133,97.244621,0.94086237,0.91903136,104.00482,95.583691,0.99537149,0.91666928,19.523082,17.89621,0.92592068,0.97560585,23.46403,22.891645,0.93527134,0.90947353,49.562504,45.075786,0.94721466,0.90671539,61.148009,55.443841,0.92691753,0.93012472,45.458171,42.281769,0.95555458,0.92595447,44.77137,41.45625
0b_random_erasing_best,file,18,baseline_random_erasing,1658,030.Fish_Crow/Fish_Crow_0033_25915.jpg,30,29,030.Fish_Crow,107,106,identity,identity,0,{},3.0193892,3.0193892,0,0.048831034,0.048831034,0.2270503,0.2270503,-0.17821927,-0.17821927,0,1,1,173.59088,173.59088,False,0.99999988,True,False,False,1,1,173.59088,173.59088,1,1,170.41127,170.41127,1,1,33.072515,33.072515,1,1,62.313141,62.313141,1,1,93.665414,93.665414,1,1,90.671765,90.671765,1,1,62.828182,62.828182,1,1,64.923911,64.923911
0b_random_erasing_best,file,18,baseline_random_erasing,1658,030.Fish_Crow/Fish_Crow_0033_25915.jpg,30,29,030.Fish_Crow,107,106,random_erasing,random_erasing,0,"{""area_fraction"":0.106085,""erased"":true,""height"":0.419347,""left"":0.539901,""top"":0.25535,""width"":0.252977}",3.0193892,2.8538339,-0.16555524,0.048831034,0.057622973,0.2270503,0.3831194,-0.17821927,-0.32549643,-0.14727716,0.89108099,1.0287071,173.59088,178.57417,False,0.98184824,True,False,False,0.89108099,1.0287071,173.59088,178.57417,0.88831481,1.0233139,170.41127,174.38421,0.96269699,1.1627844,33.072515,38.456205,0.90980423,0.88324646,62.313141,55.037861,0.90077168,0.96523947,93.665414,90.409554,0.90145768,1.0597063,90.671765,96.085442,0.86093404,1.0968437,62.828182,68.912694,0.86692335,1.113413,64.923911,72.287128
0b_random_erasing_best,file,18,baseline_random_erasing,3706,064.Ring_billed_Gull/Ring_Billed_Gull_0028_51454.jpg,64,63,064.Ring_billed_Gull,63,62,identity,identity,0,{},0.20176989,0.20176989,0,0.81728297,0.81728297,0.046420015,0.046420015,0.77086296,0.77086296,0,1,1,30.170032,30.170032,False,1,True,True,True,1,1,30.170032,30.170032,1,1,29.496348,29.496348,1,1,6.3400533,6.3400533,1,1,10.803586,10.803586,1,1,12.958553,12.958553,1,1,14.582341,14.582341,1,1,12.859526,12.859526,1,1,14.400726,14.400726
0b_random_erasing_best,file,18,baseline_random_erasing,3706,064.Ring_billed_Gull/Ring_Billed_Gull_0028_51454.jpg,64,63,064.Ring_billed_Gull,63,62,random_erasing,random_erasing,0,"{""area_fraction"":0.133257,""erased"":true,""height"":0.351574,""left"":0.618894,""top"":0.402828,""width"":0.379029}",0.20176989,0.17133474,-0.030435145,0.81728297,0.84253949,0.046420015,0.069002017,0.77086296,0.77353747,0.0026745126,0.93858667,0.98130105,30.170032,29.605884,False,0.99136055,True,True,True,0.93858667,0.98130105,30.170032,29.605884,0.93702682,0.98323744,29.496348,29.001913,0.97494071,0.93841004,6.3400533,5.9495696,0.96243927,1.0092706,10.803586,10.903741,0.94092632,1.01503,12.958553,13.15332,0.93479071,1.0065408,14.582341,14.677721,0.92675733,0.95235033,12.859526,12.246774,0.93118432,0.94140664,14.400726,13.556939
0b_random_erasing_best,file,18,baseline_random_erasing,5096,088.Western_Meadowlark/Western_Meadowlark_0050_77864.jpg,88,87,088.Western_Meadowlark,176,175,identity,identity,0,{},0.0017742858,0.0017742858,0,0.9982273,0.9982273,0.00064575754,0.00064575754,0.99758154,0.99758154,0,1,1,0.30422203,0.30422203,False,1,True,True,True,1,1,0.30422203,0.30422203,1,1,0.29854368,0.29854368,1,1,0.058503948,0.058503948,1,1,0.082728508,0.082728508,1,1,0.14028726,0.14028726,1,1,0.15833983,0.15833983,1,1,0.13717471,0.13717471,1,1,0.13680427,0.13680427
0b_random_erasing_best,file,18,baseline_random_erasing,5096,088.Western_Meadowlark/Western_Meadowlark_0050_77864.jpg,88,87,088.Western_Meadowlark,176,175,random_erasing,random_erasing,0,"{""area_fraction"":0.102552,""erased"":true,""height"":0.243985,""left"":0.236495,""top"":0.151519,""width"":0.420322}",0.0017742858,0.0012341272,-0.00054015859,0.9982273,0.99876666,0.00064575754,0.00045455081,0.99758154,0.99831211,0.00073056915,0.9154381,0.68214261,0.30422203,0.20752281,False,0.99433756,True,True,True,0.9154381,0.68214261,0.30422203,0.20752281,0.91236893,0.68077288,0.29854368,0.20324044,0.99250952,0.71688986,0.058503948,0.041940887,0.91871933,0.60470386,0.082728508,0.050026248,0.91081834,0.67038889,0.14028726,0.094047021,0.89943809,0.68773273,0.15833983,0.10889548,0.90623621,0.69552889,0.13717471,0.095408972,0.93786892,0.69338758,0.13680427,0.09485838
0b_random_erasing_best,file,18,baseline_random_erasing,5432,093.Clark_Nutcracker/Clark_Nutcracker_0066_85390.jpg,93,92,093.Clark_Nutcracker,11,10,identity,identity,0,{},4.8421016,4.8421016,0,0.0078904554,0.0078904554,0.26887432,0.26887432,-0.26098386,-0.26098386,0,1,1,170.53283,170.53283,False,1,True,False,False,1,1,170.53283,170.53283,1,1,168.18993,168.18993,1,1,28.17082,28.17082,1,1,47.607435,47.607435,1,1,81.568933,81.568933,1,1,86.939377,86.939377,1,1,78.263896,78.263896,1,1,75.393632,75.393632
0b_random_erasing_best,file,18,baseline_random_erasing,5432,093.Clark_Nutcracker/Clark_Nutcracker_0066_85390.jpg,93,92,093.Clark_Nutcracker,11,10,random_erasing,random_erasing,0,"{""area_fraction"":0.099487,""erased"":true,""height"":0.523496,""left"":0.804894,""top"":0.211842,""width"":0.190043}",4.8421016,4.9059529,0.063851357,0.0078904554,0.0074023861,0.26887432,0.31011692,-0.26098386,-0.30271453,-0.041730669,0.97371168,0.98648721,170.53283,168.22846,False,0.99766445,True,False,False,0.97371168,0.98648721,170.53283,168.22846,0.97306476,0.98640126,168.18993,165.90275,0.99670273,0.98954631,28.17082,27.876331,0.9540883,0.97959918,47.607435,46.636204,0.97777461,0.97429988,81.568933,79.472602,0.97815663,0.99143623,86.939377,86.194848,0.96955594,0.98737971,78.263896,77.276182,0.97227294,0.99537422,75.393632,75.044878
0b_random_erasing_best,file,18,baseline_random_erasing,6880,118.House_Sparrow/House_Sparrow_0055_111393.jpg,118,117,118.House_Sparrow,193,192,identity,identity,0,{},1.592002,1.592002,0,0.20351775,0.20351775,0.26035422,0.26035422,-0.056836471,-0.056836471,0,1,1,139.20641,139.20641,False,1,True,False,False,1,1,139.20641,139.20641,1,1,136.17017,136.17017,1,1,28.915541,28.915541,1,1,37.646652,37.646652,1,1,62.921577,62.921577,1,1,72.721487,72.721487,1,1,58.345862,58.345862,1,1,66.882485,66.882485
0b_random_erasing_best,file,18,baseline_random_erasing,6880,118.House_Sparrow/House_Sparrow_0055_111393.jpg,118,117,118.House_Sparrow,193,192,random_erasing,random_erasing,0,"{""area_fraction"":0.173605,""erased"":true,""height"":0.26982,""left"":0.038152,""top"":0.501848,""width"":0.643411}",1.592002,2.6537471,1.061745,0.20351775,0.070386961,0.26035422,0.17167874,-0.056836471,-0.10129178,-0.044455305,0.78183429,1.1190944,139.20641,155.78511,False,0.9396649,True,False,False,0.78183429,1.1190944,139.20641,155.78511,0.77518814,1.1169803,136.17017,152.0994,0.92381264,1.164992,28.915541,33.686374,0.82602135,1.331672,37.646652,50.132995,0.7223903,1.1600153,62.921577,72.989993,0.80384074,1.1156971,72.721487,81.135154,0.74589217,1.051104,58.345862,61.327566,0.80052822,1.0518732,66.882485,70.351892
0b_random_erasing_best,file,18,baseline_random_erasing,2034,036.Northern_Flicker/Northern_Flicker_0138_28476.jpg,36,35,036.Northern_Flicker,194,193,identity,identity,0,{},0.041569434,0.041569434,0,0.95928276,0.95928276,0.0051645911,0.0051645911,0.95411816,0.95411816,0,1,1,6.0780582,6.0780582,False,1,True,True,True,1,1,6.0780582,6.0780582,1,1,5.9946988,5.9946988,1,1,1.0031837,1.0031837,1,1,0.84180027,0.84180027,1,1,1.8404711,1.8404711,1,1,3.0638648,3.0638648,1,1,2.7015045,2.7015045,1,1,3.8929497,3.8929497
0b_random_erasing_best,file,18,baseline_random_erasing,2034,036.Northern_Flicker/Northern_Flicker_0138_28476.jpg,36,35,036.Northern_Flicker,194,193,random_erasing,random_erasing,0,"{""area_fraction"":0.141689,""erased"":true,""height"":0.580346,""left"":0.652026,""top"":0.068146,""width"":0.244146}",0.041569434,0.025135135,-0.016434299,0.95928276,0.97517812,0.0051645911,0.0030914287,0.95411816,0.97208669,0.017968529,0.97228184,0.61838195,6.0780582,3.7585615,False,0.99629474,True,True,True,0.97228184,0.61838195,6.0780582,3.7585615,0.97162581,0.618541,5.9946988,3.707967,0.99597497,0.61267568,1.0031837,0.61462623,0.93337219,0.60254121,0.84180027,0.50721935,0.94271181,0.64142477,1.8404711,1.1805238,0.97741359,0.62578689,3.0638648,1.9173264,0.96293508,0.61646007,2.7015045,1.6653697,0.98102589,0.61050373,3.8929497,2.3766603
0b_random_erasing_best,file,18,baseline_random_erasing,8949,153.Philadelphia_Vireo/Philadelphia_Vireo_0070_794758.jpg,153,152,153.Philadelphia_Vireo,181,180,identity,identity,0,{},0.16154301,0.16154301,0,0.85082996,0.85082996,0.043722551,0.043722551,0.80710741,0.80710741,0,1,1,30.581673,30.581673,False,1,True,True,True,1,1,30.581673,30.581673,1,1,30.075315,30.075315,1,1,5.5420345,5.5420345,1,1,6.4367521,6.4367521,1,1,15.276712,15.276712,1,1,18.109005,18.109005,1,1,12.611555,12.611555,1,1,11.946862,11.946862
0b_random_erasing_best,file,18,baseline_random_erasing,8949,153.Philadelphia_Vireo/Philadelphia_Vireo_0070_794758.jpg,153,152,153.Philadelphia_Vireo,181,180,random_erasing,random_erasing,0,"{""area_fraction"":0.195372,""erased"":true,""height"":0.566613,""left"":0.479756,""top"":0.343284,""width"":0.344807}",0.16154301,1.0246482,0.86310518,0.85082996,0.35892272,0.043722551,0.17651348,0.80710741,0.18240924,-0.62469817,0.87152951,4.1094682,30.581673,125.67441,False,0.95588356,True,True,True,0.87152951,4.1094682,30.581673,125.67441,0.86876843,4.1073946,30.075315,123.53119,0.95171704,4.1700715,5.5420345,23.11068,0.81981446,3.7841447,6.4367521,24.357601,0.88786991,4.2707939,15.276712,65.243687,0.88797004,4.0620002,18.109005,73.558781,0.83582469,3.9501221,12.611555,49.817184,0.84455931,4.1996361,11.946862,50.172471
0b_random_erasing_best,file,18,baseline_random_erasing,10877,185.Bohemian_Waxwing/Bohemian_Waxwing_0117_177858.jpg,185,184,185.Bohemian_Waxwing,186,185,identity,identity,0,{},5.7466693,5.7466693,0,0.0031933987,0.0031933987,0.97874177,0.97874177,-0.97554837,-0.97554837,0,1,1,155.62613,155.62613,False,1,True,False,False,1,1,155.62613,155.62613,1,1,151.53552,151.53552,1,1,35.446829,35.446829,1,1,35.025558,35.025558,1,1,69.790425,69.790425,1,1,77.447712,77.447712,1,1,72.167807,72.167807,1,1,75.227524,75.227524
0b_random_erasing_best,file,18,baseline_random_erasing,10877,185.Bohemian_Waxwing/Bohemian_Waxwing_0117_177858.jpg,185,184,185.Bohemian_Waxwing,186,185,random_erasing,random_erasing,0,"{""area_fraction"":0.144747,""erased"":true,""height"":0.291106,""left"":0.0562,""top"":0.02073,""width"":0.497233}",5.7466693,5.383491,-0.36317825,0.0031933987,0.0045917644,0.97874177,0.97879571,-0.97554837,-0.97420394,0.0013444235,0.93119787,1.0726098,155.62613,166.9261,False,0.99150521,True,False,False,0.93119787,1.0726098,155.62613,166.9261,0.92826585,1.076533,151.53552,163.13299,0.991518,0.99819712,35.446829,35.382922,0.89034616,1.1002232,35.025558,38.535932,0.91562237,1.127385,69.790425,78.680676,0.93272487,1.0615828,77.447712,82.217159,0.93059708,1.0818241,72.167807,78.072872,0.94349252,1.0366561,75.227524,77.985073
0b_random_erasing_best,file,18,baseline_random_erasing,11558,197.Marsh_Wren/Marsh_Wren_0008_188533.jpg,197,196,197.Marsh_Wren,196,195,identity,identity,0,{},0.017519366,0.017519366,0,0.98263323,0.98263323,0.013679094,0.013679094,0.96895414,0.96895414,0,1,1,3.2200928,3.2200928,False,0.99999988,True,True,True,1,1,3.2200928,3.2200928,1,1,3.1299503,3.1299503,1,1,0.75657671,0.75657671,1,1,0.64251404,0.64251404,1,1,1.4574389,1.4574389,1,1,1.7057287,1.7057287,1,1,1.3453103,1.3453103,1,1,1.5938212,1.5938212
0b_random_erasing_best,file,18,baseline_random_erasing,11558,197.Marsh_Wren/Marsh_Wren_0008_188533.jpg,197,196,197.Marsh_Wren,196,195,random_erasing,random_erasing,0,"{""area_fraction"":0.130477,""erased"":true,""height"":0.322762,""left"":0.045123,""top"":0.281877,""width"":0.404251}",0.017519366,0.019057624,0.001538258,0.98263323,0.98112285,0.013679094,0.017830243,0.96895414,0.96329261,-0.0056615314,0.83042802,1.265606,3.2200928,4.0753687,False,0.95908904,True,True,True,0.83042802,1.265606,3.2200928,4.0753687,0.82264301,1.2529495,3.1299503,3.9216698,0.95389982,1.4653688,0.75657671,1.1086639,0.88498305,1.1838733,0.64251404,0.76065524,0.81436736,1.1747904,1.4574389,1.7121852,0.84309966,1.2222739,1.7057287,2.0848676,0.77061525,1.3281447,1.3453103,1.7867668,0.83891694,1.3055993,1.5938212,2.0808919
0b_random_erasing_best,file,18,baseline_random_erasing,10353,176.Prairie_Warbler/Prairie_Warbler_0020_173359.jpg,176,175,176.Prairie_Warbler,123,122,identity,identity,0,{},0.017208666,0.017208666,0,0.98293853,0.98293853,0.0031056746,0.0031056746,0.97983285,0.97983285,0,1,1,2.8235968,2.8235968,False,1,True,True,True,1,1,2.8235968,2.8235968,1,1,2.7862951,2.7862951,1,1,0.45744749,0.45744749,1,1,0.60131961,0.60131961,1,1,1.1499428,1.1499428,1,1,1.4567587,1.4567587,1,1,1.3734881,1.3734881,1,1,1.4390523,1.4390523
0b_random_erasing_best,file,18,baseline_random_erasing,10353,176.Prairie_Warbler/Prairie_Warbler_0020_173359.jpg,176,175,176.Prairie_Warbler,123,122,random_erasing,random_erasing,0,"{""area_fraction"":0.159329,""erased"":true,""height"":0.401449,""left"":0.141905,""top"":0.38848,""width"":0.396885}",0.017208666,0.047024492,0.029815827,0.98293853,0.95406401,0.0031056746,0.0038691326,0.97983285,0.95019488,-0.029637974,0.78459196,2.757484,2.8235968,7.7860229,False,0.95745373,True,True,True,0.78459196,2.757484,2.8235968,7.7860229,0.78014289,2.7518218,2.7862951,7.6673876,0.94007411,2.9599056,0.45744749,1.3540014,0.75644056,2.9758698,0.60131961,1.7894489,0.72151397,2.7284501,1.1499428,3.1375616,0.75375967,2.8565074,1.4567587,4.1612419,0.77803024,2.7581926,1.3734881,3.7883446,0.85795625,2.6070325,1.4390523,3.7516561
0b_random_erasing_best,file,18,baseline_random_erasing,5997,103.Sayornis/Sayornis_0098_98419.jpg,103,102,103.Sayornis,102,101,identity,identity,0,{},1.6354475,1.6354475,0,0.19486517,0.19486517,0.54464447,0.54464447,-0.34977931,-0.34977931,0,1,1,114.7426,114.7426,False,1,True,False,False,1,1,114.7426,114.7426,1,1,111.8377,111.8377,1,1,25.655278,25.655278,1,1,30.772131,30.772131,1,1,54.785397,54.785397,1,1,57.293107,57.293107,1,1,52.250675,52.250675,1,1,50.464574,50.464574
0b_random_erasing_best,file,18,baseline_random_erasing,5997,103.Sayornis/Sayornis_0098_98419.jpg,103,102,103.Sayornis,102,101,random_erasing,random_erasing,0,"{""area_fraction"":0.09646,""erased"":true,""height"":0.250472,""left"":0.574652,""top"":0.260988,""width"":0.385115}",1.6354475,1.2702553,-0.36519217,0.19486517,0.28075996,0.54464447,0.32929903,-0.34977931,-0.048539072,0.30124024,0.79009778,0.77975354,114.7426,89.470945,False,0.98276013,True,False,False,0.79009778,0.77975354,114.7426,89.470945,0.78039517,0.77174569,111.8377,86.310259,0.95630084,0.91875594,25.655278,23.570939,0.7898362,0.60254684,30.772131,18.54165,0.7484637,0.74295046,54.785397,40.702836,0.73783228,0.78220899,57.293107,44.815183,0.81252568,0.79408724,52.250675,41.491595,0.83988849,0.8215814,50.464574,41.460755
0b_random_erasing_best,file,18,baseline_random_erasing,3787,066.Western_Gull/Western_Gull_0131_53349.jpg,66,65,066.Western_Gull,65,64,identity,identity,0,{},3.1261742,3.1261742,0,0.043885376,0.043885376,0.88776052,0.88776052,-0.84387514,-0.84387514,0,1,1,202.83657,202.83657,False,0.99999994,True,False,False,1,1,202.83657,202.83657,1,1,198.5492,198.5492,1,1,41.483593,41.483593,1,1,55.445281,55.445281,1,1,83.243579,83.243579,1,1,118.73911,118.73911,1,1,85.793045,85.793045,1,1,89.211497,89.211497
0b_random_erasing_best,file,18,baseline_random_erasing,3787,066.Western_Gull/Western_Gull_0131_53349.jpg,66,65,066.Western_Gull,65,64,random_erasing,random_erasing,0,"{""area_fraction"":0.085616,""erased"":true,""height"":0.347748,""left"":0.537862,""top"":0.147254,""width"":0.246201}",3.1261742,2.9603612,-0.16581297,0.043885376,0.051800199,0.88776052,0.88269359,-0.84387514,-0.83089339,0.012981754,0.92233811,0.98980853,202.83657,200.76937,False,0.98748934,True,False,False,0.92233811,0.98980853,202.83657,200.76937,0.91939236,0.98711952,198.5492,195.9918,0.98746291,1.0495229,41.483593,43.537981,0.91708765,1.198782,55.445281,66.466805,0.91000706,0.97163842,83.243579,80.88266,0.94178437,0.91481129,118.73911,108.62388,0.89740739,0.99448387,85.793045,85.319799,0.92536593,1.0257798,89.211497,91.511354
0b_random_erasing_best,file,18,baseline_random_erasing,11232,191.Red_headed_Woodpecker/Red_Headed_Woodpecker_0013_182721.jpg,191,190,191.Red_headed_Woodpecker,188,187,identity,identity,0,{},2.3909366,2.3909366,0,0.091543891,0.091543891,0.8596285,0.8596285,-0.76808461,-0.76808461,0,1,1,125.9789,125.9789,False,0.99999994,True,False,False,1,1,125.9789,125.9789,1,1,121.49636,121.49636,1,1,33.306434,33.306434,1,1,37.167476,37.167476,1,1,56.934283,56.934283,1,1,56.024717,56.024717,1,1,54.096691,54.096691,1,1,63.821709,63.821709
0b_random_erasing_best,file,18,baseline_random_erasing,11232,191.Red_headed_Woodpecker/Red_Headed_Woodpecker_0013_182721.jpg,191,190,191.Red_headed_Woodpecker,188,187,random_erasing,random_erasing,0,"{""area_fraction"":0.16062,""erased"":true,""height"":0.609697,""left"":0.672729,""top"":0.018281,""width"":0.263443}",2.3909366,2.5375452,0.14660859,0.091543891,0.079060227,0.8596285,0.88709474,-0.76808461,-0.80803451,-0.039949901,0.95021761,1.1002747,125.9789,138.61141,False,0.98954439,True,False,False,0.95021761,1.1002747,125.9789,138.61141,0.94749386,1.1040216,121.49636,134.1346,0.98951047,1.0491436,33.306434,34.943232,0.9837914,1.1642633,37.167476,43.27273,0.95282863,1.1401979,56.934283,64.916349,0.9427382,1.0803772,56.024717,60.527826,0.93955493,1.1015358,54.096691,59.589441,0.94063548,1.0731494,63.821709,68.490229
0b_random_erasing_best,file,18,baseline_random_erasing,4848,083.White_breasted_Kingfisher/White_Breasted_Kingfisher_0118_73511.jpg,83,82,083.White_breasted_Kingfisher,80,79,identity,identity,0,{},0.23162012,0.23162012,0,0.7932474,0.7932474,0.03277101,0.03277101,0.76047639,0.76047639,0,1,1,27.6584,27.6584,False,1,True,True,True,1,1,27.6584,27.6584,1,1,27.146744,27.146744,1,1,5.2954138,5.2954138,1,1,5.5573878,5.5573878,1,1,12.704351,12.704351,1,1,13.813299,13.813299,1,1,12.133392,12.133392,1,1,14.374775,14.374775
0b_random_erasing_best,file,18,baseline_random_erasing,4848,083.White_breasted_Kingfisher/White_Breasted_Kingfisher_0118_73511.jpg,83,82,083.White_breasted_Kingfisher,80,79,random_erasing,random_erasing,0,"{""area_fraction"":0.175254,""erased"":true,""height"":0.351846,""left"":0.185277,""top"":0.539982,""width"":0.498097}",0.23162012,0.25359231,0.021972194,0.7932474,0.77600813,0.03277101,0.035924524,0.76047639,0.74008361,-0.020392787,0.86624031,1.2289257,27.6584,33.990119,False,0.98781079,True,True,True,0.86624031,1.2289257,27.6584,33.990119,0.86169235,1.2269686,27.146744,33.308203,0.98160184,1.2792861,5.2954138,6.7743495,0.82337032,1.3456276,5.5573878,7.4781742,0.87911665,1.3068217,12.704351,16.602322,0.85496468,1.209442,13.813299,16.706384,0.8321907,1.2458335,12.133392,15.116187,0.88681682,1.1436706,14.374775,16.440008
0b_random_erasing_best,file,18,baseline_random_erasing,9080,155.Warbling_Vireo/Warbling_Vireo_0132_158420.jpg,155,154,155.Warbling_Vireo,135,134,identity,identity,0,{},3.4198859,3.4198859,0,0.03271617,0.03271617,0.099524669,0.099524669,-0.066808499,-0.066808499,0,1,1,152.24345,152.24345,False,1,True,False,False,1,1,152.24345,152.24345,1,1,149.86246,149.86246,1,1,26.819955,26.819955,1,1,44.161888,44.161888,1,1,58.071322,58.071322,1,1,81.801371,81.801371,1,1,76.656165,76.656165,1,1,67.591237,67.591237
0b_random_erasing_best,file,18,baseline_random_erasing,9080,155.Warbling_Vireo/Warbling_Vireo_0132_158420.jpg,155,154,155.Warbling_Vireo,135,134,random_erasing,random_erasing,0,"{""area_fraction"":0.167396,""erased"":true,""height"":0.520131,""left"":0.643079,""top"":0.195286,""width"":0.321835}",3.4198859,3.4226184,0.0027325153,0.03271617,0.032626897,0.099524669,0.090358965,-0.066808499,-0.057732068,0.0090764314,0.88130603,1.0067166,152.24345,153.266,False,0.98539639,False,False,False,0.88130603,1.0067166,152.24345,153.266,0.87812109,1.0068869,149.86246,150.89455,0.98130768,1.0013836,26.819955,26.857063,0.88703961,0.96513172,44.161888,42.622038,0.81695873,1.0601478,58.071322,61.564182,0.89230194,1.0181865,81.801371,83.289051,0.88653414,0.97457945,76.656165,74.707523,0.89240275,1.0082317,67.591237,68.147624
0b_random_erasing_best,file,18,baseline_random_erasing,5394,093.Clark_Nutcracker/Clark_Nutcracker_0098_85105.jpg,93,92,093.Clark_Nutcracker,61,60,identity,identity,0,{},0.042300355,0.042300355,0,0.95858181,0.95858181,0.025961382,0.025961382,0.93262042,0.93262042,0,1,1,10.469077,10.469077,False,1,True,True,True,1,1,10.469077,10.469077,1,1,10.343765,10.343765,1,1,1.6149568,1.6149568,1,1,2.2209714,2.2209714,1,1,5.8544472,5.8544472,1,1,5.3954259,5.3954259,1,1,4.3462036,4.3462036,1,1,4.4481576,4.4481576
0b_random_erasing_best,file,18,baseline_random_erasing,5394,093.Clark_Nutcracker/Clark_Nutcracker_0098_85105.jpg,93,92,093.Clark_Nutcracker,61,60,random_erasing,random_erasing,0,"{""area_fraction"":0.108012,""erased"":true,""height"":0.181366,""left"":0.356726,""top"":0.660348,""width"":0.595546}",0.042300355,0.034096818,-0.0082035363,0.95858181,0.96647793,0.025961382,0.019797929,0.93262042,0.94668,0.014059579,0.94405683,0.80936092,10.469077,8.4732614,False,0.98866409,True,True,True,0.94405683,0.80936092,10.469077,8.4732614,0.94301766,0.80943435,10.343765,8.3725988,0.98685764,0.8063428,1.6149568,1.3022088,0.8983018,0.66681823,2.2209714,1.4809842,0.96338898,0.80696371,5.8544472,4.7243264,0.94477792,0.83396371,5.3954259,4.4995894,0.91423513,0.80317062,4.3462036,3.490743,0.94594294,0.81542836,4.4481576,3.6271539
0b_random_erasing_best,file,18,baseline_random_erasing,4994,086.Pacific_Loon/Pacific_Loon_0063_75865.jpg,86,85,086.Pacific_Loon,71,70,identity,identity,0,{},0.24902499,0.24902499,0,0.77956051,0.77956051,0.08194463,0.08194463,0.69761588,0.69761588,0,1,1,45.828397,45.828397,False,0.99999988,True,True,True,1,1,45.828397,45.828397,1,1,45.335368,45.335368,1,1,6.70421,6.70421,1,1,7.7299088,7.7299088,1,1,19.933319,19.933319,1,1,26.436422,26.436422,1,1,22.030493,22.030493,1,1,20.346495,20.346495
0b_random_erasing_best,file,18,baseline_random_erasing,4994,086.Pacific_Loon/Pacific_Loon_0063_75865.jpg,86,85,086.Pacific_Loon,71,70,random_erasing,random_erasing,0,"{""area_fraction"":0.096601,""erased"":true,""height"":0.201831,""left"":0.140445,""top"":0.223434,""width"":0.478625}",0.24902499,0.12574169,-0.1232833,0.77956051,0.88184261,0.08194463,0.032297987,0.69761588,0.84954463,0.15192875,0.84300606,0.55509051,45.828397,25.438908,False,0.96047366,True,True,True,0.84300606,0.55509051,45.828397,25.438908,0.84065347,0.55488958,45.335368,25.156123,0.94892276,0.56420219,6.70421,3.7825299,0.80582391,0.66291293,7.7299088,5.1242565,0.81475301,0.59003927,19.933319,11.761441,0.84627146,0.53495764,26.436422,14.142366,0.84523263,0.5464671,22.030493,12.03894,0.8641104,0.5457443,20.346495,11.103984
0b_random_erasing_best,file,18,baseline_random_erasing,11088,189.Red_bellied_Woodpecker/Red_Bellied_Woodpecker_0125_180780.jpg,189,188,189.Red_bellied_Woodpecker,36,35,identity,identity,0,{},0.021634299,0.021634299,0,0.97859806,0.97859806,0.004880819,0.004880819,0.97371724,0.97371724,0,1,1,3.3657759,3.3657759,False,0.99999988,True,True,True,1,1,3.3657759,3.3657759,1,1,3.287349,3.287349,1,1,0.72234617,0.72234617,1,1,0.73295096,0.73295096,1,1,1.2879203,1.2879203,1,1,1.6855646,1.6855646,1,1,1.5911333,1.5911333,1,1,1.7994094,1.7994094
0b_random_erasing_best,file,18,baseline_random_erasing,11088,189.Red_bellied_Woodpecker/Red_Bellied_Woodpecker_0125_180780.jpg,189,188,189.Red_bellied_Woodpecker,36,35,random_erasing,random_erasing,0,"{""area_fraction"":0.064196,""erased"":true,""height"":0.392672,""left"":0.679621,""top"":0.445084,""width"":0.163484}",0.021634299,0.0098362993,-0.011798,0.97859806,0.9902119,0.004880819,0.0052638929,0.97371724,0.98494801,0.011230772,0.72738902,0.40642711,3.3657759,1.3679426,False,0.98597044,True,True,True,0.72738902,0.40642711,3.3657759,1.3679426,0.7155705,0.40225182,3.287349,1.3223421,0.9424751,0.4848845,0.72234617,0.35025446,0.65479948,0.28973644,0.73295096,0.2123626,0.69586588,0.38025613,1.2879203,0.48973961,0.6282453,0.40519255,1.6855646,0.68297821,0.65359162,0.40646294,1.5911333,0.64673671,0.85744479,0.4228425,1.7994094,0.76086679
0b_random_erasing_best,file,18,baseline_random_erasing,4716,081.Pied_Kingfisher/Pied_Kingfisher_0071_72576.jpg,81,80,081.Pied_Kingfisher,94,93,identity,identity,0,{},0.19622032,0.19622032,0,0.82183117,0.82183117,0.037008516,0.037008516,0.78482265,0.78482265,0,1,1,26.996658,26.996658,False,1,True,True,True,1,1,26.996658,26.996658,1,1,26.483197,26.483197,1,1,5.2402127,5.2402127,1,1,8.0531062,8.0531062,1,1,12.539685,12.539685,1,1,12.129401,12.129401,1,1,12.686152,12.686152,1,1,13.084445,13.084445
0b_random_erasing_best,file,18,baseline_random_erasing,4716,081.Pied_Kingfisher/Pied_Kingfisher_0071_72576.jpg,81,80,081.Pied_Kingfisher,94,93,random_erasing,random_erasing,0,"{""area_fraction"":0.074585,""erased"":true,""height"":0.281305,""left"":0.683144,""top"":0.599256,""width"":0.265138}",0.19622032,0.1719401,-0.02428022,0.82183117,0.84202963,0.037008516,0.047451925,0.78482265,0.79457771,0.0097550564,0.95370489,0.97358498,26.996658,26.283541,False,0.98927903,True,True,True,0.95370489,0.97358498,26.996658,26.283541,0.9526488,0.9752406,26.483197,25.827489,0.98300526,0.9303003,5.2402127,4.8749715,0.95223986,1.0727136,8.0531062,8.6386764,0.95719668,0.91283992,12.539685,11.446725,0.94791725,0.9611218,12.129401,11.657832,0.95386034,1.010082,12.686152,12.814054,0.95601424,0.97064804,13.084445,12.70039
0b_random_erasing_best,file,18,baseline_random_erasing,10989,187.American_Three_toed_Woodpecker/American_Three_Toed_Woodpecker_0004_179908.jpg,187,186,187.American_Three_toed_Woodpecker,190,189,identity,identity,0,{},0.019589061,0.019589061,0,0.98060155,0.98060155,0.01075895,0.01075895,0.9698426,0.9698426,0,1,1,3.7932525,3.7932525,False,1,True,True,True,1,1,3.7932525,3.7932525,1,1,3.7328882,3.7328882,1,1,0.67402509,0.67402509,1,1,1.1527343,1.1527343,1,1,1.6961756,1.6961756,1,1,2.0232614,2.0232614,1,1,1.655169,1.655169,1,1,1.7016096,1.7016096
0b_random_erasing_best,file,18,baseline_random_erasing,10989,187.American_Three_toed_Woodpecker/American_Three_Toed_Woodpecker_0004_179908.jpg,187,186,187.American_Three_toed_Woodpecker,190,189,random_erasing,random_erasing,0,"{""area_fraction"":0.126165,""erased"":true,""height"":0.218425,""left"":0.312558,""top"":0.713179,""width"":0.577612}",0.019589061,0.26850188,0.24891282,0.98060155,0.76452398,0.01075895,0.11544807,0.9698426,0.64907592,-0.32076668,0.92453165,13.416723,3.7932525,50.893017,False,0.96457565,True,True,True,0.92453165,13.416723,3.7932525,50.893017,0.9240822,13.477162,3.7328882,50.30874,0.95333519,11.408472,0.67402509,7.6895962,0.94053436,13.728554,1.1527343,15.825376,0.92886614,14.276787,1.6961756,24.215938,0.94050345,14.179716,2.0232614,28.689272,0.90798546,13.263305,1.655169,21.953011,0.91297582,11.59242,1.7016096,19.725772
0b_random_erasing_best,file,18,baseline_random_erasing,8410,144.Common_Tern/Common_Tern_0100_149541.jpg,144,143,144.Common_Tern,147,146,identity,identity,0,{},6.149436,6.149436,0,0.0021346859,0.0021346859,0.83333313,0.83333313,-0.83119845,-0.83119845,0,1,1,183.20518,183.20518,False,1.0000001,True,False,False,1,1,183.20518,183.20518,1,1,177.96418,177.96418,1,1,43.507303,43.507303,1,1,40.52901,40.52901,1,1,80.981181,80.981181,1,1,89.568897,89.568897,1,1,88.17914,88.17914,1,1,87.593097,87.593097
0b_random_erasing_best,file,18,baseline_random_erasing,8410,144.Common_Tern/Common_Tern_0100_149541.jpg,144,143,144.Common_Tern,147,146,random_erasing,random_erasing,0,"{""area_fraction"":0.064762,""erased"":true,""height"":0.152629,""left"":0.41779,""top"":0.73667,""width"":0.42431}",6.149436,5.4808292,-0.66860676,0.0021346859,0.0041658734,0.83333313,0.7455433,-0.83119845,-0.74137743,0.089821021,0.94040313,0.98737421,183.20518,180.89206,False,0.99402928,True,False,False,0.94040313,0.98737421,183.20518,180.89206,0.93745013,0.98733164,177.96418,175.70967,0.98977443,0.98808618,43.507303,42.988964,0.90648023,1.2173017,40.52901,49.336034,0.92381445,0.97780126,80.981181,79.183501,0.93745713,0.98626698,89.568897,88.338845,0.94848401,0.96448882,88.17914,85.047795,0.95258479,0.96419381,87.593097,84.456721
0b_random_erasing_best,file,18,baseline_random_erasing,10124,172.Nashville_Warbler/Nashville_Warbler_0076_167389.jpg,172,171,172.Nashville_Warbler,152,151,identity,identity,0,{},0.3153621,0.3153621,0,0.72952467,0.72952467,0.052970339,0.052970339,0.67655433,0.67655433,0,1,1,31.177453,31.177453,False,1,True,True,True,1,1,31.177453,31.177453,1,1,30.509134,30.509134,1,1,6.4207713,6.4207713,1,1,6.4610874,6.4610874,1,1,12.191729,12.191729,1,1,17.200233,17.200233,1,1,14.355068,14.355068,1,1,15.443682,15.443682
0b_random_erasing_best,file,18,baseline_random_erasing,10124,172.Nashville_Warbler/Nashville_Warbler_0076_167389.jpg,172,171,172.Nashville_Warbler,152,151,random_erasing,random_erasing,0,"{""area_fraction"":0.178847,""erased"":true,""height"":0.329152,""left"":0.33184,""top"":0.290264,""width"":0.543357}",0.3153621,6.0405588,5.7251967,0.72952467,0.0023802286,0.052970339,0.018460045,0.67655433,-0.016079816,-0.69263415,0.33773202,3.8541911,31.177453,120.16386,False,0.74193466,False,True,False,0.33773202,3.8541911,31.177453,120.16386,0.32054622,3.8340655,30.509134,116.97402,0.68702001,4.2834916,6.4207713,27.50332,0.26584472,2.9692911,6.4610874,19.184849,0.2466061,4.0094469,12.191729,48.882091,0.36159636,3.6290955,17.200233,62.42129,0.27708354,3.7948236,14.355068,54.474952,0.36488722,4.1265824,15.443682,63.729628
0b_random_erasing_best,file,18,baseline_random_erasing,9855,168.Kentucky_Warbler/Kentucky_Warbler_0066_165290.jpg,168,167,168.Kentucky_Warbler,162,161,identity,identity,0,{},3.7058499,3.7058499,0,0.024579318,0.024579318,0.37134773,0.37134773,-0.34676841,-0.34676841,0,1,1,170.10614,170.10614,False,0.99999994,True,False,False,1,1,170.10614,170.10614,1,1,167.22421,167.22421,1,1,31.17952,31.17952,1,1,52.287917,52.287917,1,1,58.09067,58.09067,1,1,99.619536,99.619536,1,1,81.558736,81.558736,1,1,72.660194,72.660194
0b_random_erasing_best,file,18,baseline_random_erasing,9855,168.Kentucky_Warbler/Kentucky_Warbler_0066_165290.jpg,168,167,168.Kentucky_Warbler,162,161,random_erasing,random_erasing,0,"{""area_fraction"":0.109637,""erased"":true,""height"":0.484848,""left"":0.483504,""top"":0.351558,""width"":0.226126}",3.7058499,4.6938772,0.98802733,0.024579318,0.0091511346,0.37134773,0.18900323,-0.34676841,-0.17985209,0.16691631,0.57573733,0.98535725,170.10614,167.61532,False,0.95943075,False,False,False,0.57573733,0.98535725,170.10614,167.61532,0.56337328,0.97844709,167.22421,163.62004,0.88257199,1.1667355,31.17952,36.378253,0.70957002,0.86590554,52.287917,45.276397,0.46193317,1.2843607,58.09067,74.609372,0.48697684,0.85742007,99.619536,85.41579,0.58495998,1.0169418,81.558736,82.94049,0.70832192,0.97122349,72.660194,70.569287
0b_random_erasing_best,file,18,baseline_random_erasing,1603,029.American_Crow/American_Crow_0068_25198.jpg,29,28,029.American_Crow,142,141,identity,identity,0,{},5.1144657,5.1144657,0,0.0060091866,0.0060091866,0.48121196,0.48121196,-0.47520277,-0.47520277,0,1,1,113.52856,113.52856,False,0.99999988,True,False,False,1,1,113.52856,113.52856,1,1,107.18876,107.18876,1,1,37.407275,37.407275,1,1,34.277472,34.277472,1,1,39.820183,39.820183,1,1,46.775255,46.775255,1,1,46.998847,46.998847,1,1,65.818095,65.818095
0b_random_erasing_best,file,18,baseline_random_erasing,1603,029.American_Crow/American_Crow_0068_25198.jpg,29,28,029.American_Crow,142,141,random_erasing,random_erasing,0,"{""area_fraction"":0.138137,""erased"":true,""height"":0.276789,""left"":0.338272,""top"":0.284021,""width"":0.499071}",5.1144657,4.8047714,-0.30969429,0.0060091866,0.0081905741,0.48121196,0.29563105,-0.47520277,-0.28744048,0.1877623,0.71239603,0.81551928,113.52856,92.58473,False,0.95900732,False,False,False,0.71239603,0.81551928,113.52856,92.58473,0.6805148,0.80122507,107.18876,85.88232,0.94565554,0.92456713,37.407275,34.585537,0.82508652,0.71659115,34.277472,24.562933,0.64342679,0.80193885,39.820183,31.933351,0.59006585,0.7653087,46.775255,35.79751,0.59757954,0.80428131,46.998847,37.800294,0.74428327,0.83803252,65.818095,55.157704
0b_random_erasing_best,file,18,baseline_random_erasing,10539,179.Tennessee_Warbler/Tennessee_Warbler_0044_174824.jpg,179,178,179.Tennessee_Warbler,154,153,identity,identity,0,{},0.025963426,0.025963426,0,0.97437072,0.97437072,0.008055768,0.008055768,0.96631495,0.96631495,0,1,1,4.3474746,4.3474746,False,1.0000001,True,True,True,1,1,4.3474746,4.3474746,1,1,4.267326,4.267326,1,1,0.83094196,0.83094196,1,1,0.98841862,0.98841862,1,1,2.0122866,2.0122866,1,1,2.340499,2.340499,1,1,2.0257352,2.0257352,1,1,1.8979631,1.8979631
0b_random_erasing_best,file,18,baseline_random_erasing,10539,179.Tennessee_Warbler/Tennessee_Warbler_0044_174824.jpg,179,178,179.Tennessee_Warbler,154,153,random_erasing,random_erasing,0,"{""area_fraction"":0.176337,""erased"":true,""height"":0.586976,""left"":0.067003,""top"":0.230548,""width"":0.300415}",0.025963426,0.045491327,0.019527901,0.97437072,0.9555279,0.008055768,0.011181628,0.96631495,0.94434627,-0.021968677,0.85181165,1.6002303,4.3474746,6.9569607,False,0.98030674,True,True,True,0.85181165,1.6002303,4.3474746,6.9569607,0.84704406,1.5993851,4.267326,6.8250977,0.97585287,1.6223627,0.83094196,1.3480892,0.81348053,1.3460622,0.98841862,1.3304729,0.85302674,1.5687672,2.0122866,3.1568091,0.83599321,1.6242826,2.340499,3.8016318,0.82729396,1.5941878,2.0257352,3.2294023,0.88978683,1.6632172,1.8979631,3.1567249
0b_random_erasing_best,file,18,baseline_random_erasing,3160,055.Evening_Grosbeak/Evening_Grosbeak_0041_37928.jpg,55,54,055.Evening_Grosbeak,96,95,identity,identity,0,{},0.16601788,0.16601788,0,0.84703112,0.84703112,0.090078704,0.090078704,0.75695241,0.75695241,0,1,1,24.259144,24.259144,False,1,True,True,True,1,1,24.259144,24.259144,1,1,23.555507,23.555507,1,1,5.8003586,5.8003586,1,1,4.7455499,4.7455499,1,1,9.3312262,9.3312262,1,1,12.782643,12.782643,1,1,11.235203,11.235203,1,1,12.475742,12.475742
0b_random_erasing_best,file,18,baseline_random_erasing,3160,055.Evening_Grosbeak/Evening_Grosbeak_0041_37928.jpg,55,54,055.Evening_Grosbeak,96,95,random_erasing,random_erasing,0,"{""area_fraction"":0.051465,""erased"":true,""height"":0.214453,""left"":0.024562,""top"":0.572205,""width"":0.239981}",0.16601788,0.20851055,0.042492673,0.84703112,0.81179249,0.090078704,0.10555518,0.75695241,0.70623732,-0.050715096,0.98249842,1.2627302,24.259144,30.632754,False,0.99886405,True,True,True,0.98249842,1.2627302,24.259144,30.632754,0.98157111,1.2642612,23.555507,29.780313,0.99834308,1.2372084,5.8003586,7.1762524,0.98615575,1.2336117,4.7455499,5.8541658,0.98504949,1.2764843,9.3312262,11.911164,0.98250433,1.2960694,12.782643,16.567192,0.97695,1.2555568,11.235203,14.106436,0.98237735,1.2346469,12.475742,15.403136
0b_random_erasing_best,file,18,baseline_random_erasing,6513,112.Great_Grey_Shrike/Great_Grey_Shrike_0032_797021.jpg,112,111,112.Great_Grey_Shrike,111,110,identity,identity,0,{},0.40981314,0.40981314,0,0.66377425,0.66377425,0.32852191,0.32852191,0.33525234,0.33525234,0,1,1,62.918953,62.918953,False,1,True,True,True,1,1,62.918953,62.918953,1,1,61.230314,61.230314,1,1,14.479065,14.479065,1,1,25.945469,25.945469,1,1,27.743689,27.743689,1,1,30.948534,30.948534,1,1,26.273953,26.273953,1,1,25.654228,25.654228
0b_random_erasing_best,file,18,baseline_random_erasing,6513,112.Great_Grey_Shrike/Great_Grey_Shrike_0032_797021.jpg,112,111,112.Great_Grey_Shrike,111,110,random_erasing,random_erasing,0,"{""area_fraction"":0.195374,""erased"":true,""height"":0.27382,""left"":0.185632,""top"":0.079105,""width"":0.713511}",0.40981314,2.36204,1.9522269,0.66377425,0.094227798,0.32852191,0.6748926,0.33525234,-0.58066481,-0.91591715,0.73735416,2.8914079,62.918953,181.92436,False,0.79480189,False,True,False,0.73735416,2.8914079,62.918953,181.92436,0.7347231,2.8967947,61.230314,177.37165,0.78661242,2.7933193,14.479065,40.444651,0.87510263,2.7231994,25.945469,70.654685,0.74105979,2.7679789,27.743689,76.793944,0.71851258,2.9409735,30.948534,91.01882,0.69329965,3.0564304,26.273953,80.304509,0.66811606,2.9783494,25.654228,76.407252
0b_random_erasing_best,file,18,baseline_random_erasing,7430,127.Savannah_Sparrow/Savannah_Sparrow_0118_118603.jpg,127,126,127.Savannah_Sparrow,128,127,identity,identity,0,{},0.060654018,0.060654018,0,0.94114882,0.94114882,0.015014865,0.015014865,0.92613395,0.92613395,0,1,1,7.5614059,7.5614059,False,1,True,True,True,1,1,7.5614059,7.5614059,1,1,7.3710547,7.3710547,1,1,1.6859453,1.6859453,1,1,2.1503817,2.1503817,1,1,3.3113691,3.3113691,1,1,3.6539634,3.6539634,1,1,3.2138952,3.2138952,1,1,3.8810527,3.8810527
0b_random_erasing_best,file,18,baseline_random_erasing,7430,127.Savannah_Sparrow/Savannah_Sparrow_0118_118603.jpg,127,126,127.Savannah_Sparrow,128,127,random_erasing,random_erasing,0,"{""area_fraction"":0.129831,""erased"":true,""height"":0.634093,""left"":0.620787,""top"":0.22975,""width"":0.204751}",0.060654018,0.077939332,0.017285313,0.94114882,0.92502052,0.015014865,0.01338817,0.92613395,0.91163235,-0.014501607,0.901586,1.3006706,7.5614059,9.8348982,False,0.99099767,True,True,True,0.901586,1.3006706,7.5614059,9.8348982,0.89755695,1.3047206,7.3710547,9.6171667,0.98580951,1.2206749,1.6859453,2.0579911,0.82356302,1.4568007,2.1503817,3.1326776,0.91302189,1.422579,3.3113691,4.7106843,0.86872981,1.2574646,3.6539634,4.5947297,0.8930134,1.2312974,3.2138952,3.9572609,0.94679128,1.2547434,3.8810527,4.8697253
0b_random_erasing_best,file,18,baseline_random_erasing,1772,032.Mangrove_Cuckoo/Mangrove_Cuckoo_0015_26380.jpg,32,31,032.Mangrove_Cuckoo,33,32,identity,identity,0,{},3.4027903,3.4027903,0,0.033280276,0.033280276,0.65177101,0.65177101,-0.61849073,-0.61849073,0,1,1,155.51712,155.51712,False,1,True,False,False,1,1,155.51712,155.51712,1,1,150.95598,150.95598,1,1,37.388061,37.388061,1,1,26.335806,26.335806,1,1,58.488727,58.488727,1,1,87.88683,87.88683,1,1,76.932995,76.932995,1,1,70.925453,70.925453
0b_random_erasing_best,file,18,baseline_random_erasing,1772,032.Mangrove_Cuckoo/Mangrove_Cuckoo_0015_26380.jpg,32,31,032.Mangrove_Cuckoo,33,32,random_erasing,random_erasing,0,"{""area_fraction"":0.106075,""erased"":true,""height"":0.423582,""left"":0.498486,""top"":0.081936,""width"":0.250425}",3.4027903,3.9585719,0.5557816,0.033280276,0.019090358,0.65177101,0.8392235,-0.61849073,-0.82013315,-0.20164241,0.88154731,1.1589954,155.51712,180.24363,False,0.97181773,True,False,False,0.88154731,1.1589954,155.51712,180.24363,0.87660861,1.1590655,150.95598,174.96786,0.96214153,1.1578535,37.388061,43.289897,0.84100947,1.1938515,26.335806,31.441042,0.87802647,1.1478249,58.488727,67.134817,0.9028856,1.1684135,87.88683,102.68816,0.86671491,1.1604173,76.932995,89.274381,0.85158753,1.1457245,70.925453,81.261028
0b_random_erasing_best,file,18,baseline_random_erasing,5158,089.Hooded_Merganser/Hooded_Merganser_0089_796740.jpg,89,88,089.Hooded_Merganser,53,52,identity,identity,0,{},0.0003657864,0.0003657864,0,0.99963427,0.99963427,4.6472327e-05,4.6472327e-05,0.99958779,0.99958779,0,1,1,0.060300483,0.060300483,False,0.99999988,True,True,True,1,1,0.060300483,0.060300483,1,1,0.05930964,0.05930964,1,1,0.010886455,0.010886455,1,1,0.0097204511,0.0097204511,1,1,0.027387201,0.027387201,1,1,0.026758577,0.026758577,1,1,0.026307675,0.026307675,1,1,0.035566448,0.035566448
0b_random_erasing_best,file,18,baseline_random_erasing,5158,089.Hooded_Merganser/Hooded_Merganser_0089_796740.jpg,89,88,089.Hooded_Merganser,53,52,random_erasing,random_erasing,0,"{""area_fraction"":0.150899,""erased"":true,""height"":0.503793,""left"":0.589024,""top"":0.346008,""width"":0.299526}",0.0003657864,0.00017045476,-0.00019533164,0.99963427,0.99982953,4.6472327e-05,1.5742424e-05,0.99958779,0.99981379,0.00022599472,0.87678924,0.47255409,0.060300483,0.02849524,False,0.98095351,True,True,True,0.87678924,0.47255409,0.060300483,0.02849524,0.87334921,0.47225061,0.05930964,0.028009014,0.97709508,0.48147443,0.010886455,0.0052415495,0.89031209,0.52145101,0.0097204511,0.005068739,0.87435841,0.40983858,0.027387201,0.011224332,0.82581174,0.47868577,0.026758577,0.01280895,0.85672859,0.50738483,0.026307675,0.013348115,0.91420827,0.4792881,0.035566448,0.017046575
0b_random_erasing_best,file,18,baseline_random_erasing,10638,181.Worm_eating_Warbler/Worm_Eating_Warbler_0006_176037.jpg,181,180,181.Worm_eating_Warbler,195,194,identity,identity,0,{},0.0009411911,0.0009411911,0,0.99905926,0.99905926,0.00046716773,0.00046716773,0.99859209,0.99859209,0,1,1,0.14121391,0.14121391,False,1.0000001,True,True,True,1,1,0.14121391,0.14121391,1,1,0.13681799,0.13681799,1,1,0.034960053,0.034960053,1,1,0.024391438,0.024391438,1,1,0.060317809,0.060317809,1,1,0.07458651,0.07458651,1,1,0.060327213,0.060327213,1,1,0.072687436,0.072687436
0b_random_erasing_best,file,18,baseline_random_erasing,10638,181.Worm_eating_Warbler/Worm_Eating_Warbler_0006_176037.jpg,181,180,181.Worm_eating_Warbler,195,194,random_erasing,random_erasing,0,"{""area_fraction"":0.142728,""erased"":true,""height"":0.472785,""left"":0.172353,""top"":0.03404,""width"":0.301889}",0.0009411911,0.00047028926,-0.00047090184,0.99905926,0.99952984,0.00046716773,0.00024594375,0.99859209,0.99928389,0.00069180265,0.90543094,0.57813654,0.14121391,0.081640922,False,0.99219918,True,True,True,0.90543094,0.57813654,0.14121391,0.081640922,0.90019294,0.57995945,0.13681799,0.079348889,0.99135277,0.54946196,0.034960053,0.019209219,0.80167293,0.69169487,0.024391438,0.016871433,0.8642164,0.67354942,0.060317809,0.040627025,0.91901373,0.56816033,0.07458651,0.042377096,0.90970598,0.55827398,0.060327213,0.033679113,0.93541644,0.52041773,0.072687436,0.03782783
0b_random_erasing_best,file,18,baseline_random_erasing,2832,050.Eared_Grebe/Eared_Grebe_0068_34052.jpg,50,49,050.Eared_Grebe,51,50,identity,identity,0,{},1.1172311,1.1172311,0,0.32718447,0.32718447,0.13012449,0.13012449,0.19705997,0.19705997,0,1,1,77.779899,77.779899,False,1,True,True,True,1,1,77.779899,77.779899,1,1,76.654989,76.654989,1,1,13.18049,13.18049,1,1,16.650658,16.650658,1,1,29.457181,29.457181,1,1,43.971004,43.971004,1,1,35.204666,35.204666,1,1,39.474039,39.474039
0b_random_erasing_best,file,18,baseline_random_erasing,2832,050.Eared_Grebe/Eared_Grebe_0068_34052.jpg,50,49,050.Eared_Grebe,51,50,random_erasing,random_erasing,0,"{""area_fraction"":0.058235,""erased"":true,""height"":0.178584,""left"":0.623857,""top"":0.741301,""width"":0.32609}",1.1172311,1.3489752,0.23174405,0.32718447,0.25950608,0.13012449,0.1595172,0.19705997,0.099988878,-0.097071096,0.95355849,1.1671169,77.779899,90.778235,False,0.97055089,True,True,True,0.95355849,1.1671169,77.779899,90.778235,0.95307732,1.166857,76.654989,89.445408,0.9697359,1.175875,13.18049,15.498609,0.96188519,1.1289574,16.650658,18.797883,0.93762917,1.1722276,29.457181,34.530519,0.96491221,1.1607501,43.971004,51.039349,0.95681274,1.1829524,35.204666,41.645443,0.94275254,1.1651592,39.474039,45.993542
0b_random_erasing_best,file,18,baseline_random_erasing,10225,174.Palm_Warbler/Palm_Warbler_0126_170311.jpg,174,173,174.Palm_Warbler,168,167,identity,identity,0,{},1.2570095,1.2570095,0,0.28450355,0.28450355,0.18926163,0.18926163,0.095241919,0.095241919,0,1,1,133.22722,133.22722,False,1,True,True,True,1,1,133.22722,133.22722,1,1,131.46825,131.46825,1,1,21.577586,21.577586,1,1,38.627212,38.627212,1,1,61.185921,61.185921,1,1,78.10352,78.10352,1,1,58.205784,58.205784,1,1,50.59693,50.59693
0b_random_erasing_best,file,18,baseline_random_erasing,10225,174.Palm_Warbler/Palm_Warbler_0126_170311.jpg,174,173,174.Palm_Warbler,168,167,random_erasing,random_erasing,0,"{""area_fraction"":0.053966,""erased"":true,""height"":0.273573,""left"":0.696414,""top"":0.0138,""width"":0.197263}",1.2570095,1.3836303,0.12662077,0.28450355,0.25066692,0.18926163,0.16068307,0.095241919,0.089983851,-0.0052580684,0.98492281,1.038825,133.22722,138.39977,False,0.99726892,True,True,True,0.98492281,1.038825,133.22722,138.39977,0.98466091,1.0386327,131.46825,136.54722,0.99460072,1.0459397,21.577586,22.568853,0.98999016,1.0735663,38.627212,41.468872,0.98353056,1.0226888,61.185921,62.574155,0.989878,1.0312766,78.10352,80.546332,0.98334952,1.0512646,58.205784,61.189682,0.97317904,1.0417099,50.59693,52.70732
0b_random_erasing_best,file,18,baseline_random_erasing,460,009.Brewer_Blackbird/Brewer_Blackbird_0018_2261.jpg,9,8,009.Brewer_Blackbird,11,10,identity,identity,0,{},0.47116682,0.47116682,0,0.62427342,0.62427342,0.26803416,0.26803416,0.35623926,0.35623926,0,1,1,46.376726,46.376726,False,1.0000001,True,True,True,1,1,46.376726,46.376726,1,1,44.602719,44.602719,1,1,12.704258,12.704258,1,1,14.364712,14.364712,1,1,21.162687,21.162687,1,1,19.733984,19.733984,1,1,19.290806,19.290806,1,1,23.950637,23.950637
0b_random_erasing_best,file,18,baseline_random_erasing,460,009.Brewer_Blackbird/Brewer_Blackbird_0018_2261.jpg,9,8,009.Brewer_Blackbird,11,10,random_erasing,random_erasing,0,"{""area_fraction"":0.152644,""erased"":true,""height"":0.286068,""left"":0.233308,""top"":0.461098,""width"":0.533593}",0.47116682,0.79672682,0.32556,0.62427342,0.45080212,0.26803416,0.48969424,0.35623926,-0.03889212,-0.39513138,0.79003384,1.7647504,46.376726,81.843347,False,0.96682024,False,True,False,0.79003384,1.7647504,46.376726,81.843347,0.77580718,1.7604143,44.602719,78.519263,0.96026809,1.8173487,12.704258,23.088066,0.86591198,1.738221,14.364712,24.969044,0.77959804,1.6733536,21.162687,35.412658,0.72508284,1.7867337,19.733984,35.259374,0.73788969,1.8570738,19.290806,35.82445,0.80360885,1.7521899,23.950637,41.966065
0b_random_erasing_best,file,18,baseline_random_erasing,7417,127.Savannah_Sparrow/Savannah_Sparrow_0054_120057.jpg,127,126,127.Savannah_Sparrow,129,128,identity,identity,0,{},5.9391513,5.9391513,0,0.0026342645,0.0026342645,0.48374256,0.48374256,-0.4811083,-0.4811083,0,1,1,121.92822,121.92822,False,1,True,False,False,1,1,121.92822,121.92822,1,1,117.97839,117.97839,1,1,30.782991,30.782991,1,1,16.585051,16.585051,1,1,61.23739,61.23739,1,1,59.754062,59.754062,1,1,49.669909,49.669909,1,1,62.098067,62.098067
0b_random_erasing_best,file,18,baseline_random_erasing,7417,127.Savannah_Sparrow/Savannah_Sparrow_0054_120057.jpg,127,126,127.Savannah_Sparrow,129,128,random_erasing,random_erasing,0,"{""area_fraction"":0.156882,""erased"":true,""height"":0.459152,""left"":0.039021,""top"":0.077995,""width"":0.341677}",5.9391513,6.0975299,0.1583786,0.0026342645,0.0022484146,0.48374256,0.48505718,-0.4811083,-0.48280876,-0.0017004602,0.91256769,1.0570271,121.92822,128.88144,False,0.9916262,True,False,False,0.91256769,1.0570271,121.92822,128.88144,0.90729425,1.0569982,117.97839,124.70294,0.98999455,1.0574521,30.782991,32.55154,0.7649214,1.1528741,16.585051,19.120476,0.88160873,0.9701056,61.23739,59.406735,0.9007005,1.087996,59.754062,65.012178,0.91233188,1.1081427,49.669909,55.041349,0.94810882,1.0681818,62.098067,66.332026
0b_random_erasing_best,file,18,baseline_random_erasing,3546,061.Heermann_Gull/Heermann_Gull_0131_45548.jpg,61,60,061.Heermann_Gull,84,83,identity,identity,0,{},0.74730355,0.74730355,0,0.47364199,0.47364199,0.08445856,0.08445856,0.38918343,0.38918343,0,1,1,58.755182,58.755182,False,0.99999994,True,True,True,1,1,58.755182,58.755182,1,1,57.478253,57.478253,1,1,12.182847,12.182847,1,1,11.787379,11.787379,1,1,22.297385,22.297385,1,1,31.385634,31.385634,1,1,26.647065,26.647065,1,1,31.185089,31.185089
0b_random_erasing_best,file,18,baseline_random_erasing,3546,061.Heermann_Gull/Heermann_Gull_0131_45548.jpg,61,60,061.Heermann_Gull,84,83,random_erasing,random_erasing,0,"{""area_fraction"":0.172505,""erased"":true,""height"":0.454182,""left"":0.081766,""top"":0.030872,""width"":0.379815}",0.74730355,0.56165886,-0.18564469,0.47364199,0.57026231,0.08445856,0.1299687,0.38918343,0.44029361,0.051110178,0.80292602,1.0057424,58.755182,59.092575,False,0.97454965,True,True,True,0.80292602,1.0057424,58.755182,59.092575,0.79609277,1.0078688,57.478253,57.930538,0.9641075,0.95718742,12.182847,11.661268,0.80451512,0.90196405,11.787379,10.631792,0.73833467,1.0785154,22.297385,24.048074,0.81282335,1.0549339,31.385634,33.109769,0.76184656,1.006072,26.647065,26.808866,0.84175697,0.93469087,31.185089,29.148418
0b_random_erasing_best,file,18,baseline_random_erasing,5772,099.Ovenbird/Ovenbird_0010_92957.jpg,99,98,099.Ovenbird,149,148,identity,identity,0,{},0.13873008,0.13873008,0,0.87046295,0.87046295,0.032918178,0.032918178,0.83754478,0.83754478,0,1,1,20.455228,20.455228,False,1.0000001,True,True,True,1,1,20.455228,20.455228,1,1,20.208623,20.208623,1,1,3.1666833,3.1666833,1,1,4.5873034,4.5873034,1,1,11.514046,11.514046,1,1,10.376304,10.376304,1,1,8.4863954,8.4863954,1,1,8.6651756,8.6651756
0b_random_erasing_best,file,18,baseline_random_erasing,5772,099.Ovenbird/Ovenbird_0010_92957.jpg,99,98,099.Ovenbird,149,148,random_erasing,random_erasing,0,"{""area_fraction"":0.156825,""erased"":true,""height"":0.25514,""left"":0.025004,""top"":0.228554,""width"":0.614664}",0.13873008,0.38085902,0.24212894,0.87046295,0.68327421,0.032918178,0.14672999,0.83754478,0.53654422,-0.30100056,0.59859734,2.9420742,20.455228,60.180798,False,0.90092933,True,True,True,0.59859734,2.9420742,20.455228,60.180798,0.59012977,2.9014611,20.208623,58.634534,0.87651488,4.2802925,3.1666833,13.554331,0.28747791,2.4932908,4.5873034,11.437481,0.61958096,2.427303,11.514046,27.948078,0.59154257,2.9784164,10.376304,30.904953,0.57804925,3.2479257,8.4863954,27.563182,0.64783276,3.287007,8.6651756,28.482493
0b_random_erasing_best,file,18,baseline_random_erasing,11034,188.Pileated_Woodpecker/Pileated_Woodpecker_0038_180300.jpg,188,187,188.Pileated_Woodpecker,191,190,identity,identity,0,{},0.0065469537,0.0065469537,0,0.99347442,0.99347442,0.0048024058,0.0048024058,0.98867202,0.98867202,0,1,1,0.98258025,0.98258025,False,0.99999994,True,True,True,1,1,0.98258025,0.98258025,1,1,0.95233753,0.95233753,1,1,0.24190324,0.24190324,1,1,0.22123264,0.22123264,1,1,0.44400567,0.44400567,1,1,0.49100483,0.49100483,1,1,0.42533221,0.42533221,1,1,0.48874188,0.48874188
0b_random_erasing_best,file,18,baseline_random_erasing,11034,188.Pileated_Woodpecker/Pileated_Woodpecker_0038_180300.jpg,188,187,188.Pileated_Woodpecker,191,190,random_erasing,random_erasing,0,"{""area_fraction"":0.093215,""erased"":true,""height"":0.292762,""left"":0.645312,""top"":0.001931,""width"":0.318398}",0.0065469537,0.0094133811,0.0028664274,0.99347442,0.99063081,0.0048024058,0.0068624872,0.98867202,0.98376832,-0.0049036997,0.96695206,1.4096236,0.98258025,1.3850683,False,0.99507105,True,True,True,0.96695206,1.4096236,0.98258025,1.3850683,0.96513251,1.4090203,0.95233753,1.3418629,0.99497805,1.418942,0.24190324,0.34324666,0.94424536,1.4499123,0.22123264,0.32076794,0.9707037,1.3880031,0.44400567,0.61628124,0.96559095,1.4054608,0.49100483,0.69008805,0.96137985,1.4010667,0.42533221,0.5959188,0.96760675,1.4272135,0.48874188,0.69753901
0b_random_erasing_best,file,18,baseline_random_erasing,8042,137.Cliff_Swallow/Cliff_Swallow_0011_133033.jpg,137,136,137.Cliff_Swallow,118,117,identity,identity,0,{},6.9575906,6.9575906,0,0.00095138594,0.00095138594,0.95055211,0.95055211,-0.94960072,-0.94960072,0,1,1,199.51957,199.51957,False,1.0000001,True,False,False,1,1,199.51957,199.51957,1,1,195.90059,195.90059,1,1,37.828777,37.828777,1,1,39.215379,39.215379,1,1,85.39384,85.39384,1,1,106.42421,106.42421,1,1,91.19193,91.19193,1,1,99.523895,99.523895
0b_random_erasing_best,file,18,baseline_random_erasing,8042,137.Cliff_Swallow/Cliff_Swallow_0011_133033.jpg,137,136,137.Cliff_Swallow,118,117,random_erasing,random_erasing,0,"{""area_fraction"":0.084188,""erased"":true,""height"":0.477958,""left"":0.550981,""top"":0.387642,""width"":0.176141}",6.9575906,6.1550722,-0.80251837,0.00095138594,0.0021226883,0.95055211,0.91709757,-0.94960072,-0.91497488,0.03462584,0.89658834,1.0110131,199.51957,201.71689,False,0.97248971,True,False,False,0.89658834,1.0110131,199.51957,201.71689,0.89388264,1.0122735,195.90059,198.30498,0.97235699,0.97660457,37.828777,36.943756,0.87647656,1.106868,39.215379,43.406248,0.90543731,1.0143215,85.39384,86.616808,0.89926513,0.99524634,106.42421,105.91831,0.87804913,1.0146724,91.19193,92.529938,0.8963406,1.0126812,99.523895,100.78597
0b_random_erasing_best,file,18,baseline_random_erasing,1670,030.Fish_Crow/Fish_Crow_0028_25968.jpg,30,29,030.Fish_Crow,27,26,identity,identity,0,{},7.3048782,7.3048782,0,0.00067225116,0.00067225116,0.86297989,0.86297989,-0.86230764,-0.86230764,0,1,1,187.07823,187.07823,False,1.0000002,True,False,False,1,1,187.07823,187.07823,1,1,181.58416,181.58416,1,1,45.00507,45.00507,1,1,29.955418,29.955418,1,1,85.007924,85.007924,1,1,99.686724,99.686724,1,1,84.088294,84.088294,1,1,88.548571,88.548571
0b_random_erasing_best,file,18,baseline_random_erasing,1670,030.Fish_Crow/Fish_Crow_0028_25968.jpg,30,29,030.Fish_Crow,27,26,random_erasing,random_erasing,0,"{""area_fraction"":0.094769,""erased"":true,""height"":0.553087,""left"":0.670643,""top"":0.156196,""width"":0.171347}",7.3048782,7.7651567,0.46027851,0.00067225116,0.00042426321,0.86297989,0.89498454,-0.86230764,-0.89456028,-0.032252642,0.94231299,1.0344204,187.07823,193.51754,False,0.99532324,True,False,False,0.94231299,1.0344204,187.07823,193.51754,0.93909852,1.0348269,181.58416,187.90818,0.99502152,1.0277808,45.00507,46.255346,0.90200867,0.99209385,29.955418,29.718586,0.95677513,1.0289863,85.007924,87.471985,0.9297715,1.0388357,99.686724,103.55813,0.92512406,1.047751,84.088294,88.103592,0.95187739,1.0281443,88.548571,91.040712
0b_random_erasing_best,file,18,baseline_random_erasing,11448,195.Carolina_Wren/Carolina_Wren_0014_186525.jpg,195,194,195.Carolina_Wren,130,129,identity,identity,0,{},0.011353763,0.011353763,0,0.98871046,0.98871046,0.00286924,0.00286924,0.98584122,0.98584122,0,1,1,2.1472377,2.1472377,False,1,True,True,True,1,1,2.1472377,2.1472377,1,1,2.114823,2.114823,1,1,0.37169028,0.37169028,1,1,0.38663062,0.38663062,1,1,1.0772466,1.0772466,1,1,1.1435787,1.1435787,1,1,0.91745639,0.91745639,1,1,1.006496,1.006496
0b_random_erasing_best,file,18,baseline_random_erasing,11448,195.Carolina_Wren/Carolina_Wren_0014_186525.jpg,195,194,195.Carolina_Wren,130,129,random_erasing,random_erasing,0,"{""area_fraction"":0.116523,""erased"":true,""height"":0.449853,""left"":0.44943,""top"":0.328158,""width"":0.259025}",0.011353763,0.012835152,0.0014813896,0.98871046,0.98724687,0.00286924,0.0044310191,0.98584122,0.98281585,-0.0030253711,0.89030516,1.3339211,2.1472377,2.8642457,False,0.98055643,True,True,True,0.89030516,1.3339211,2.1472377,2.8642457,0.8883211,1.3386241,2.114823,2.830953,0.97141496,1.1715151,0.37169028,0.43544077,0.87310934,1.4313918,0.38663062,0.55341988,0.92365217,1.334837,1.0772466,1.4379485,0.88509745,1.478083,1.1435787,1.6903043,0.86132477,1.2983478,0.91745639,1.1911775,0.89193706,1.1604909,1.006496,1.1680295
0b_random_erasing_best,file,18,baseline_random_erasing,5979,103.Sayornis/Sayornis_0086_98829.jpg,103,102,103.Sayornis,38,37,identity,identity,0,{},0.57088065,0.57088065,0,0.56502759,0.56502759,0.097870342,0.097870342,0.46715725,0.46715725,0,1,1,69.880002,69.880002,False,1,True,True,True,1,1,69.880002,69.880002,1,1,68.592783,68.592783,1,1,13.350839,13.350839,1,1,17.4511,17.4511,1,1,30.582435,30.582435,1,1,37.021827,37.021827,1,1,32.537735,32.537735,1,1,32.184216,32.184216
0b_random_erasing_best,file,18,baseline_random_erasing,5979,103.Sayornis/Sayornis_0086_98829.jpg,103,102,103.Sayornis,38,37,random_erasing,random_erasing,0,"{""area_fraction"":0.05827,""erased"":true,""height"":0.382777,""left"":0.678247,""top"":0.097503,""width"":0.152229}",0.57088065,0.45876938,-0.11211127,0.56502759,0.632061,0.097870342,0.079565652,0.46715725,0.55249535,0.085338101,0.97020477,0.84697025,69.880002,59.186283,False,0.99688017,True,True,True,0.97020477,0.84697025,69.880002,59.186283,0.96919051,0.84620482,68.592783,58.043544,0.99661078,0.86693022,13.350839,11.574246,0.98140525,0.86564364,17.4511,15.106433,0.96495141,0.84875453,30.582435,25.95698,0.96823407,0.8252134,37.021827,30.550908,0.96793883,0.8468201,32.537735,27.553608,0.97250385,0.8647183,32.184216,27.83028
0b_random_erasing_best,file,18,baseline_random_erasing,7152,123.Henslow_Sparrow/Henslow_Sparrow_0081_116755.jpg,123,122,123.Henslow_Sparrow,125,124,identity,identity,0,{},2.3048136,2.3048136,0,0.099777393,0.099777393,0.54434526,0.54434526,-0.44456787,-0.44456787,0,1,1,124.89872,124.89872,False,1,True,False,False,1,1,124.89872,124.89872,1,1,121.70867,121.70867,1,1,28.048011,28.048011,1,1,28.992903,28.992903,1,1,54.723311,54.723311,1,1,69.985595,69.985595,1,1,56.353337,56.353337,1,1,53.889592,53.889592
0b_random_erasing_best,file,18,baseline_random_erasing,7152,123.Henslow_Sparrow/Henslow_Sparrow_0081_116755.jpg,123,122,123.Henslow_Sparrow,125,124,random_erasing,random_erasing,0,"{""area_fraction"":0.116087,""erased"":true,""height"":0.378881,""left"":0.270533,""top"":0.134488,""width"":0.306394}",2.3048136,3.1384602,0.83364654,0.099777393,0.043349504,0.54434526,0.44797099,-0.44456787,-0.40462148,0.039946385,0.64686739,1.0798832,124.89872,134.87603,False,0.88875771,True,False,False,0.64686739,1.0798832,124.89872,134.87603,0.63299049,1.0699237,121.70867,130.21899,0.87762331,1.2527189,28.048011,35.136273,0.84160405,1.2691863,28.992903,36.797395,0.50240908,1.0669237,54.723311,58.385598,0.59265935,0.89171772,69.985595,62.407395,0.68539473,1.120524,56.353337,63.145265,0.70691441,1.2185323,53.889592,65.666209
0b_random_erasing_best,file,18,baseline_random_erasing,2554,045.Northern_Fulmar/Northern_Fulmar_0076_43893.jpg,45,44,045.Northern_Fulmar,63,62,identity,identity,0,{},1.3594275,1.3594275,0,0.2568078,0.2568078,0.40430078,0.40430078,-0.14749297,-0.14749297,0,1,1,117.57153,117.57153,False,1,True,False,False,1,1,117.57153,117.57153,1,1,115.6016,115.6016,1,1,21.432075,21.432075,1,1,25.674283,25.674283,1,1,56.312452,56.312452,1,1,68.428076,68.428076,1,1,49.381249,49.381249,1,1,49.117819,49.117819
0b_random_erasing_best,file,18,baseline_random_erasing,2554,045.Northern_Fulmar/Northern_Fulmar_0076_43893.jpg,45,44,045.Northern_Fulmar,63,62,random_erasing,random_erasing,0,"{""area_fraction"":0.050901,""erased"":true,""height"":0.145982,""left"":0.130899,""top"":0.784551,""width"":0.348678}",1.3594275,1.2638168,-0.095610619,0.2568078,0.28257346,0.40430078,0.50963145,-0.14749297,-0.22705799,-0.079565018,0.93071823,1.2380808,117.57153,145.56305,False,0.97812796,True,False,False,0.93071823,1.2380808,117.57153,145.56305,0.93007079,1.2440237,115.6016,143.81114,0.96597177,1.0505626,21.432075,22.515736,0.84312611,1.3051274,25.674283,33.508212,0.95037423,1.2968654,56.312452,73.029673,0.94840009,1.2744459,68.428076,87.207881,0.91007067,1.194514,49.381249,58.986593,0.91475311,1.141002,49.117819,56.043529
0b_random_erasing_best,file,18,baseline_random_erasing,115,002.Laysan_Albatross/Laysan_Albatross_0018_492.jpg,2,1,002.Laysan_Albatross,1,0,identity,identity,0,{},0.01459247,0.01459247,0,0.98551351,0.98551351,0.0027239094,0.0027239094,0.9827896,0.9827896,0,1,1,2.6316075,2.6316075,False,0.99999994,True,True,True,1,1,2.6316075,2.6316075,1,1,2.5982858,2.5982858,1,1,0.41745505,0.41745505,1,1,0.75570937,0.75570937,1,1,1.2130101,1.2130101,1,1,1.367161,1.367161,1,1,1.1887659,1.1887659,1,1,1.1942804,1.1942804
0b_random_erasing_best,file,18,baseline_random_erasing,115,002.Laysan_Albatross/Laysan_Albatross_0018_492.jpg,2,1,002.Laysan_Albatross,1,0,random_erasing,random_erasing,0,"{""area_fraction"":0.068379,""erased"":true,""height"":0.413485,""left"":0.608041,""top"":0.014925,""width"":0.165372}",0.01459247,0.026553197,0.011960727,0.98551351,0.97379625,0.0027239094,0.00093454251,0.9827896,0.97286171,-0.0099278929,0.87436855,1.8541929,2.6316075,4.879508,False,0.96750784,True,True,True,0.87436855,1.8541929,2.6316075,4.879508,0.87234038,1.8508625,2.5982858,4.8090698,0.94975938,1.9789018,0.41745505,0.82610255,0.8860673,1.6249261,0.75570937,1.2279719,0.87332766,1.8510382,1.2130101,2.245328,0.88404847,1.9313586,1.367161,2.6404783,0.85217723,1.8574688,1.1887659,2.2080955,0.87436972,1.8210464,1.1942804,2.1748399
0b_random_erasing_best,file,18,baseline_random_erasing,9090,155.Warbling_Vireo/Warbling_Vireo_0003_158484.jpg,155,154,155.Warbling_Vireo,153,152,identity,identity,0,{},0.019300986,0.019300986,0,0.98088408,0.98088408,0.014431544,0.014431544,0.96645253,0.96645253,0,1,1,3.0653814,3.0653814,False,1,True,True,True,1,1,3.0653814,3.0653814,1,1,2.9898509,2.9898509,1,1,0.67628012,0.67628012,1,1,0.54894506,0.54894506,1,1,1.4737052,1.4737052,1,1,1.633797,1.633797,1,1,1.3383962,1.3383962,1,1,1.4161441,1.4161441
0b_random_erasing_best,file,18,baseline_random_erasing,9090,155.Warbling_Vireo/Warbling_Vireo_0003_158484.jpg,155,154,155.Warbling_Vireo,153,152,random_erasing,random_erasing,0,"{""area_fraction"":0.193063,""erased"":true,""height"":0.358399,""left"":0.05164,""top"":0.382306,""width"":0.538683}",0.019300986,0.13677433,0.11747335,0.98088408,0.87216705,0.014431544,0.0038907658,0.96645253,0.86827629,-0.098176247,0.18796552,7.1768991,3.0653814,21.999933,False,0.82667744,True,True,True,0.18796552,7.1768991,3.0653814,21.999933,0.16999106,7.250282,2.9898509,21.677263,0.65330467,5.551119,0.67628012,3.7541114,0.048259317,11.270327,0.54894506,6.1867905,0.16531857,6.9933788,1.4737052,10.306179,0.080563011,7.1688202,1.633797,11.712397,0.14546924,7.5937931,1.3383962,10.163504,0.36948788,6.5077479,1.4161441,9.2159087
0b_random_erasing_best,file,18,baseline_random_erasing,313,006.Least_Auklet/Least_Auklet_0030_795116.jpg,6,5,006.Least_Auklet,7,6,identity,identity,0,{},0.013989838,0.013989838,0,0.98610759,0.98610759,0.0065619079,0.0065619079,0.97954568,0.97954568,0,1,1,2.9826263,2.9826263,False,0.99999994,True,True,True,1,1,2.9826263,2.9826263,1,1,2.9464886,2.9464886,1,1,0.46288712,0.46288712,1,1,0.78293224,0.78293224,1,1,1.4361929,1.4361929,1,1,1.6971838,1.6971838,1,1,1.3353948,1.3353948,1,1,1.1586415,1.1586415
0b_random_erasing_best,file,18,baseline_random_erasing,313,006.Least_Auklet/Least_Auklet_0030_795116.jpg,6,5,006.Least_Auklet,7,6,random_erasing,random_erasing,0,"{""area_fraction"":0.132816,""erased"":true,""height"":0.6004,""left"":0.312528,""top"":0.380104,""width"":0.221213}",0.013989838,0.23435368,0.22036384,0.98610759,0.79108196,0.0065619079,0.11061879,0.97954568,0.68046317,-0.29908251,0.75584482,18.835803,2.9826263,56.180163,False,0.9083004,True,True,True,0.75584482,18.835803,2.9826263,56.180163,0.75218867,18.824103,2.9464886,55.465004,0.90053969,19.303943,0.46288712,8.9355468,0.79036627,21.433533,0.78293224,16.781004,0.74477959,19.987089,1.4361929,28.705315,0.78155767,19.22598,1.6971838,32.63002,0.71916046,17.24158,1.3353948,23.024317,0.73205626,16.734225,1.1586415,19.388968
0b_random_erasing_best,file,18,baseline_random_erasing,5206,090.Red_breasted_Merganser/Red_Breasted_Merganser_0080_79488.jpg,90,89,090.Red_breasted_Merganser,50,49,identity,identity,0,{},0.97724849,0.97724849,0,0.37634519,0.37634519,0.14274564,0.14274564,0.23359954,0.23359954,0,1,1,91.246285,91.246285,False,1.0000001,True,True,True,1,1,91.246285,91.246285,1,1,89.737188,89.737188,1,1,16.526393,16.526393,1,1,27.101598,27.101598,1,1,43.408857,43.408857,1,1,42.102235,42.102235,1,1,40.332747,40.332747,1,1,45.106637,45.106637
0b_random_erasing_best,file,18,baseline_random_erasing,5206,090.Red_breasted_Merganser/Red_Breasted_Merganser_0080_79488.jpg,90,89,090.Red_breasted_Merganser,50,49,random_erasing,random_erasing,0,"{""area_fraction"":0.061859,""erased"":true,""height"":0.204777,""left"":0.611012,""top"":0.387835,""width"":0.302079}",0.97724849,1.1048832,0.1276347,0.37634519,0.33124956,0.14274564,0.12332697,0.23359954,0.20792259,-0.025676951,0.93550948,1.1057074,91.246285,100.89169,False,0.9811365,True,True,True,0.93550948,1.1057074,91.246285,100.89169,0.93421403,1.1066417,89.737188,99.306912,0.97504282,1.0777978,16.526393,17.812109,0.96974742,1.1160711,27.101598,30.247311,0.94616233,1.1463291,43.408857,49.760837,0.89930739,1.1242351,42.102235,47.33281,0.93372492,1.0792983,40.332747,43.531064,0.94273584,1.0713886,45.106637,48.326738
0b_random_erasing_best,file,18,baseline_random_erasing,10103,172.Nashville_Warbler/Nashville_Warbler_0023_167242.jpg,172,171,172.Nashville_Warbler,200,199,identity,identity,0,{},1.2734931,1.2734931,0,0.27985236,0.27985236,0.19129771,0.19129771,0.088554651,0.088554651,0,1,1,106.86514,106.86514,False,1,True,True,True,1,1,106.86514,106.86514,1,1,105.29566,105.29566,1,1,18.247794,18.247794,1,1,22.51726,22.51726,1,1,45.852158,45.852158,1,1,58.03002,58.03002,1,1,49.693589,49.693589,1,1,51.388648,51.388648
0b_random_erasing_best,file,18,baseline_random_erasing,10103,172.Nashville_Warbler/Nashville_Warbler_0023_167242.jpg,172,171,172.Nashville_Warbler,200,199,random_erasing,random_erasing,0,"{""area_fraction"":0.176675,""erased"":true,""height"":0.344861,""left"":0.018718,""top"":0.597886,""width"":0.512308}",1.2734931,1.2720773,-0.0014157295,0.27985236,0.28024885,0.19129771,0.23387083,0.088554651,0.046378016,-0.042176634,0.9433143,0.98216636,106.86514,104.95935,False,0.97703534,True,True,True,0.9433143,0.98216636,106.86514,104.95935,0.94237104,0.98243446,105.29566,103.44609,0.97506079,0.97319715,18.247794,17.758701,0.93927018,0.9713078,22.51726,21.87119,0.94190288,1.0116934,45.852158,46.388326,0.95473542,0.97863422,58.03002,56.790163,0.93305579,0.9707107,49.693589,48.238098,0.93664325,0.97663499,51.388648,50.187952
0b_random_erasing_best,file,18,baseline_random_erasing,10552,180.Wilson_Warbler/Wilson_Warbler_0108_175179.jpg,180,179,180.Wilson_Warbler,182,181,identity,identity,0,{},0.06536904,0.06536904,0,0.93672168,0.93672168,0.04163789,0.04163789,0.89508379,0.89508379,0,1,1,8.2210469,8.2210469,False,0.99999994,True,True,True,1,1,8.2210469,8.2210469,1,1,7.9893036,7.9893036,1,1,1.9382052,1.9382052,1,1,1.5032878,1.5032878,1,1,3.2579393,3.2579393,1,1,4.3862307,4.3862307,1,1,4.0190367,4.0190367,1,1,3.9450291,3.9450291
0b_random_erasing_best,file,18,baseline_random_erasing,10552,180.Wilson_Warbler/Wilson_Warbler_0108_175179.jpg,180,179,180.Wilson_Warbler,182,181,random_erasing,random_erasing,0,"{""area_fraction"":0.051017,""erased"":true,""height"":0.138344,""left"":0.593519,""top"":0.33039,""width"":0.368768}",0.06536904,0.33088711,0.26551807,0.93672168,0.71828628,0.04163789,0.19935127,0.89508379,0.51893501,-0.37614878,0.84916077,4.8894228,8.2210469,40.196174,False,0.98348927,True,True,True,0.84916077,4.8894228,8.2210469,40.196174,0.84237728,4.9152036,7.9893036,39.269054,0.98147323,4.4285028,1.9382052,8.5833469,0.84168689,4.5215066,1.5032878,6.7971256,0.78713288,4.877842,3.2579393,15.891713,0.81777571,4.7663507,4.3862307,20.906314,0.85102246,5.2051465,4.0190367,20.919675,0.90289557,4.8666491,3.9450291,19.199072
0b_random_erasing_best,file,18,baseline_random_erasing,345,007.Parakeet_Auklet/Parakeet_Auklet_0047_795956.jpg,7,6,007.Parakeet_Auklet,5,4,identity,identity,0,{},0.005105197,0.005105197,0,0.9949078,0.9949078,0.0018876521,0.0018876521,0.99302014,0.99302014,0,1,1,0.72991861,0.72991861,False,1.0000001,True,True,True,1,1,0.72991861,0.72991861,1,1,0.71120538,0.71120538,1,1,0.16421959,0.16421959,1,1,0.15174559,0.15174559,1,1,0.30557179,0.30557179,1,1,0.38346742,0.38346742,1,1,0.32393776,0.32393776,1,1,0.37071461,0.37071461
0b_random_erasing_best,file,18,baseline_random_erasing,345,007.Parakeet_Auklet/Parakeet_Auklet_0047_795956.jpg,7,6,007.Parakeet_Auklet,5,4,random_erasing,random_erasing,0,"{""area_fraction"":0.068584,""erased"":true,""height"":0.237375,""left"":0.417237,""top"":0.666858,""width"":0.288927}",0.005105197,0.0050028381,-0.00010235887,0.9949078,0.99500966,0.0018876521,0.0020384141,0.99302014,0.99297125,-4.8897695e-05,0.93346007,1.1497184,0.72991861,0.83920089,False,0.98880404,True,True,True,0.93346007,1.1497184,0.72991861,0.83920089,0.93153634,1.1559507,0.71120538,0.82211834,0.98047954,1.0258359,0.16421959,0.16846235,0.94003048,1.2557596,0.15174559,0.19055599,0.92085509,1.2604875,0.30557179,0.38516943,0.94359151,1.1922536,0.38346742,0.45719039,0.92058788,1.1085338,0.32393776,0.35909596,0.94119793,1.0559523,0.37071461,0.39145693
0b_random_erasing_best,file,18,baseline_random_erasing,9955,170.Mourning_Warbler/Mourning_Warbler_0008_166467.jpg,170,169,170.Mourning_Warbler,43,42,identity,identity,0,{},1.5464257,1.5464257,0,0.21300796,0.21300796,0.10455176,0.10455176,0.10845619,0.10845619,0,1,1,144.4539,144.4539,False,1,True,True,True,1,1,144.4539,144.4539,1,1,142.78407,142.78407,1,1,21.90066,21.90066,1,1,33.966809,33.966809,1,1,76.976481,76.976481,1,1,83.097209,83.097209,1,1,60.969356,60.969356,1,1,51.824312,51.824312
0b_random_erasing_best,file,18,baseline_random_erasing,9955,170.Mourning_Warbler/Mourning_Warbler_0008_166467.jpg,170,169,170.Mourning_Warbler,43,42,random_erasing,random_erasing,0,"{""area_fraction"":0.105663,""erased"":true,""height"":0.194245,""left"":0.404531,""top"":0.500019,""width"":0.543967}",1.5464257,1.7332753,0.18684959,0.21300796,0.17670469,0.10455176,0.073088989,0.10845619,0.1036157,-0.0048404932,0.92752477,1.0126012,144.4539,146.27419,False,0.98134422,True,True,True,0.92752477,1.0126012,144.4539,146.27419,0.92645508,1.0127071,142.78407,144.59844,0.97321015,1.008091,21.90066,22.077858,0.95139876,0.94801597,33.966809,32.201078,0.93977397,1.0399951,76.976481,80.055162,0.93266735,0.99383282,83.097209,82.584733,0.90675515,1.0132553,60.969356,61.777526,0.9002398,1.0258247,51.824312,53.162661
0b_random_erasing_best,file,18,baseline_random_erasing,7995,137.Cliff_Swallow/Cliff_Swallow_0044_133927.jpg,137,136,137.Cliff_Swallow,136,135,identity,identity,0,{},1.4753754,1.4753754,0,0.22869283,0.22869283,0.41745871,0.41745871,-0.18876588,-0.18876588,0,1,1,118.90972,118.90972,False,1,True,False,False,1,1,118.90972,118.90972,1,1,115.72675,115.72675,1,1,27.328384,27.328384,1,1,25.913766,25.913766,1,1,45.460815,45.460815,1,1,62.177858,62.177858,1,1,52.52754,52.52754,1,1,63.476313,63.476313
0b_random_erasing_best,file,18,baseline_random_erasing,7995,137.Cliff_Swallow/Cliff_Swallow_0044_133927.jpg,137,136,137.Cliff_Swallow,136,135,random_erasing,random_erasing,0,"{""area_fraction"":0.133331,""erased"":true,""height"":0.262684,""left"":0.120867,""top"":0.510679,""width"":0.507571}",1.4753754,0.99110377,-0.48427165,0.22869283,0.37116677,0.41745871,0.35933617,-0.18876588,0.011830598,0.20059648,0.84609478,0.82082584,118.90972,97.604167,False,0.96943676,False,False,True,0.84609478,0.82082584,118.90972,97.604167,0.83887907,0.81737343,115.72675,94.591967,0.9684269,0.88044095,27.328384,24.061028,0.78696438,0.76598413,25.913766,19.849534,0.80485267,0.79991561,45.460815,36.364816,0.84186904,0.83933187,62.177858,52.187858,0.81522322,0.78333896,52.52754,41.146868,0.87715935,0.83578887,63.476313,53.052796
0b_random_erasing_best,file,18,baseline_random_erasing,7867,135.Bank_Swallow/Bank_Swallow_0015_129853.jpg,135,134,135.Bank_Swallow,102,101,identity,identity,0,{},0.057240989,0.057240989,0,0.94436646,0.94436646,0.018775828,0.018775828,0.92559063,0.92559063,0,1,1,8.4875828,8.4875828,False,0.99999994,True,True,True,1,1,8.4875828,8.4875828,1,1,8.3186397,8.3186397,1,1,1.6850208,1.6850208,1,1,2.3181404,2.3181404,1,1,3.8974653,3.8974653,1,1,4.104023,4.104023,1,1,3.7584454,3.7584454,1,1,4.2031939,4.2031939
0b_random_erasing_best,file,18,baseline_random_erasing,7867,135.Bank_Swallow/Bank_Swallow_0015_129853.jpg,135,134,135.Bank_Swallow,102,101,random_erasing,random_erasing,0,"{""area_fraction"":0.143796,""erased"":true,""height"":0.275193,""left"":0.447431,""top"":0.01032,""width"":0.522527}",0.057240989,0.29054806,0.23330707,0.94436646,0.74785358,0.018775828,0.023915417,0.92559063,0.72393816,-0.20165247,0.83202545,5.3068284,8.4875828,45.042145,False,0.96589804,True,True,True,0.83202545,5.3068284,8.4875828,45.042145,0.83008491,5.3524775,8.3186397,44.525332,0.92697695,4.0377261,1.6850208,6.8036525,0.74992461,5.8912651,2.3181404,13.65678,0.83160021,5.6037695,3.8974653,21.840497,0.83481975,5.7344895,4.104023,23.534477,0.83030048,5.1728694,3.7584454,19.441947,0.86605128,4.6811072,4.2031939,19.675601
0b_random_erasing_best,file,18,baseline_random_erasing,2741,048.European_Goldfinch/European_Goldfinch_0100_794685.jpg,48,47,048.European_Goldfinch,132,131,identity,identity,0,{},0.00073251117,0.00073251117,0,0.99926776,0.99926776,8.8464549e-05,8.8464549e-05,0.99917929,0.99917929,0,1,1,0.11778072,0.11778072,False,0.99999988,True,True,True,1,1,0.11778072,0.11778072,1,1,0.11570426,0.11570426,1,1,0.022018669,0.022018669,1,1,0.016493192,0.016493192,1,1,0.040331984,0.040331984,1,1,0.05559366,0.05559366,1,1,0.058056331,0.058056331,1,1,0.070905493,0.070905493
0b_random_erasing_best,file,18,baseline_random_erasing,2741,048.European_Goldfinch/European_Goldfinch_0100_794685.jpg,48,47,048.European_Goldfinch,132,131,random_erasing,random_erasing,0,"{""area_fraction"":0.165469,""erased"":true,""height"":0.355377,""left"":0.032937,""top"":0.090149,""width"":0.465615}",0.00073251117,0.0004948345,-0.00023767666,0.99926776,0.99950528,8.8464549e-05,4.6655528e-05,0.99917929,0.99945863,0.00027933353,0.83361507,0.66699518,0.11778072,0.078559171,False,0.99024016,True,True,True,0.83361507,0.66699518,0.11778072,0.078559171,0.82764909,0.66482912,0.11570426,0.076923562,0.98777855,0.72425213,0.022018669,0.015947068,0.6394292,0.79347828,0.016493192,0.013086989,0.74957719,0.68940335,0.040331984,0.027805005,0.79108418,0.65470011,0.05559366,0.036397176,0.80927174,0.66951274,0.058056331,0.038869453,0.90324682,0.6520015,0.070905493,0.046230488
0b_random_erasing_best,file,18,baseline_random_erasing,213,004.Groove_billed_Ani/Groove_Billed_Ani_0047_1706.jpg,4,3,004.Groove_billed_Ani,9,8,identity,identity,0,{},1.3729687,1.3729687,0,0.25335371,0.25335371,0.087641418,0.087641418,0.1657123,0.1657123,0,1,1,112.27255,112.27255,False,1,True,True,True,1,1,112.27255,112.27255,1,1,111.00622,111.00622,1,1,16.814975,16.814975,1,1,28.376501,28.376501,1,1,52.908067,52.908067,1,1,60.399852,60.399852,1,1,48.807966,48.807966,1,1,51.841416,51.841416
0b_random_erasing_best,file,18,baseline_random_erasing,213,004.Groove_billed_Ani/Groove_Billed_Ani_0047_1706.jpg,4,3,004.Groove_billed_Ani,9,8,random_erasing,random_erasing,0,"{""area_fraction"":0.083077,""erased"":true,""height"":0.288923,""left"":0.152028,""top"":0.666432,""width"":0.287541}",1.3729687,2.1171889,0.74422026,0.25335371,0.12036953,0.087641418,0.13819021,0.1657123,-0.017820679,-0.18353298,0.92904825,1.0814278,112.27255,121.41465,False,0.9782033,False,True,False,0.92904825,1.0814278,112.27255,121.41465,0.9280253,1.07782,111.00622,119.64473,0.97591726,1.2284081,16.814975,20.655651,0.94085783,1.0900878,28.376501,30.932877,0.94206769,1.0657116,52.908067,56.384739,0.9406372,1.0655561,60.399852,64.359431,0.90573359,1.0788043,48.807966,52.654245,0.91325533,1.1020715,51.841416,57.132946
0b_random_erasing_best,file,18,baseline_random_erasing,5874,101.White_Pelican/White_Pelican_0035_96312.jpg,101,100,101.White_Pelican,65,64,identity,identity,0,{},0.039278217,0.039278217,0,0.96148318,0.96148318,0.023183597,0.023183597,0.93829958,0.93829958,0,1,1,5.1011497,5.1011497,False,1,True,True,True,1,1,5.1011497,5.1011497,1,1,4.9369789,4.9369789,1,1,1.2837319,1.2837319,1,1,1.2842527,1.2842527,1,1,1.8844667,1.8844667,1,1,2.2307664,2.2307664,1,1,2.1619182,2.1619182,1,1,3.085941,3.085941
0b_random_erasing_best,file,18,baseline_random_erasing,5874,101.White_Pelican/White_Pelican_0035_96312.jpg,101,100,101.White_Pelican,65,64,random_erasing,random_erasing,0,"{""area_fraction"":0.125969,""erased"":true,""height"":0.376905,""left"":0.109027,""top"":0.411816,""width"":0.33422}",0.039278217,0.049001835,0.0097236186,0.96148318,0.95217937,0.023183597,0.022297448,0.93829958,0.92988192,-0.0084176585,0.84744232,1.2233852,5.1011497,6.2406708,False,0.9827562,True,True,True,0.84744232,1.2233852,5.1011497,6.2406708,0.83886605,1.2244587,4.9369789,6.0451266,0.97615762,1.2073965,1.2837319,1.5499734,0.82930074,0.96649078,1.2842527,1.2412184,0.79660879,1.3468933,1.8844667,2.5381755,0.79902912,1.2433772,2.2307664,2.7736841,0.83682581,1.2415419,2.1619182,2.684112,0.88576195,1.197795,3.085941,3.6963247
0b_random_erasing_best,file,18,baseline_random_erasing,11493,196.House_Wren/House_Wren_0087_187946.jpg,196,195,196.House_Wren,199,198,identity,identity,0,{},0.09056396,0.09056396,0,0.91341591,0.91341591,0.049928598,0.049928598,0.86348731,0.86348731,0,1,1,15.901748,15.901748,False,1,True,True,True,1,1,15.901748,15.901748,1,1,15.616594,15.616594,1,1,2.9979265,2.9979265,1,1,2.9563489,2.9563489,1,1,7.1790821,7.1790821,1,1,8.0228064,8.0228064,1,1,8.0762974,8.0762974,1,1,7.3489321,7.3489321
0b_random_erasing_best,file,18,baseline_random_erasing,11493,196.House_Wren/House_Wren_0087_187946.jpg,196,195,196.House_Wren,199,198,random_erasing,random_erasing,0,"{""area_fraction"":0.140668,""erased"":true,""height"":0.621176,""left"":0.477641,""top"":0.207877,""width"":0.226454}",0.09056396,0.2312644,0.14070044,0.91341591,0.79352963,0.049928598,0.044200223,0.86348731,0.74932941,-0.1141579,0.58249963,2.3651217,15.901748,37.60957,False,0.94968444,True,True,True,0.58249963,2.3651217,15.901748,37.60957,0.57241068,2.3276022,15.616594,36.34922,0.80979952,3.2204714,2.9979265,9.6547367,0.44989028,2.3694423,2.9563489,7.004898,0.49238262,2.2761039,7.1790821,16.340337,0.5640129,2.5871287,8.0228064,20.756033,0.59078591,2.0908282,8.0762974,16.88615,0.66698596,2.3142041,7.3489321,17.006929
0b_random_erasing_best,file,18,baseline_random_erasing,2334,041.Scissor_tailed_Flycatcher/Scissor_Tailed_Flycatcher_0008_41670.jpg,41,40,041.Scissor_tailed_Flycatcher,135,134,identity,identity,0,{},0.049329594,0.049329594,0,0.95186734,0.95186734,0.019261366,0.019261366,0.93260598,0.93260598,0,1,1,8.8916704,8.8916704,False,1,True,True,True,1,1,8.8916704,8.8916704,1,1,8.7432258,8.7432258,1,1,1.6179635,1.6179635,1,1,2.3221626,2.3221626,1,1,3.9189092,3.9189092,1,1,4.7778571,4.7778571,1,1,4.071196,4.071196,1,1,4.0362301,4.0362301
0b_random_erasing_best,file,18,baseline_random_erasing,2334,041.Scissor_tailed_Flycatcher/Scissor_Tailed_Flycatcher_0008_41670.jpg,41,40,041.Scissor_tailed_Flycatcher,135,134,random_erasing,random_erasing,0,"{""area_fraction"":0.086727,""erased"":true,""height"":0.219377,""left"":0.147108,""top"":0.359827,""width"":0.395334}",0.049329594,0.097335793,0.048006199,0.95186734,0.9072513,0.019261366,0.036079902,0.93260598,0.8711714,-0.06143458,0.79806715,1.7598109,8.8916704,15.647659,False,0.96950281,True,True,True,0.79806715,1.7598109,8.8916704,15.647659,0.79184359,1.7523989,8.7432258,15.321619,0.96522467,1.9639572,1.6179635,3.1776111,0.815004,1.4037156,2.3221626,3.2596558,0.79069704,1.8326641,3.9189092,7.182044,0.77648422,1.6516763,4.7778571,7.8914736,0.76870656,1.8617139,4.071196,7.579402,0.84045952,1.8006627,4.0362301,7.2678888
0b_random_erasing_best,file,18,baseline_random_erasing,409,008.Rhinoceros_Auklet/Rhinoceros_Auklet_0013_797537.jpg,8,7,008.Rhinoceros_Auklet,59,58,identity,identity,0,{},2.268888,2.268888,0,0.10342713,0.10342713,0.2169257,0.2169257,-0.11349857,-0.11349857,0,1,1,131.69239,131.69239,False,1,True,False,False,1,1,131.69239,131.69239,1,1,129.17952,129.17952,1,1,25.603435,25.603435,1,1,34.534673,34.534673,1,1,61.846409,61.846409,1,1,69.153985,69.153985,1,1,60.024074,60.024074,1,1,57.311117,57.311117
0b_random_erasing_best,file,18,baseline_random_erasing,409,008.Rhinoceros_Auklet/Rhinoceros_Auklet_0013_797537.jpg,8,7,008.Rhinoceros_Auklet,59,58,random_erasing,random_erasing,0,"{""area_fraction"":0.194398,""erased"":true,""height"":0.389746,""left"":0.167401,""top"":0.050466,""width"":0.498781}",2.268888,1.3171628,-0.95172524,0.10342713,0.2678943,0.2169257,0.27414149,-0.11349857,-0.0062471926,0.10725138,0.71583058,1.0798423,131.69239,142.20701,False,0.94886243,True,False,False,0.71583058,1.0798423,131.69239,142.20701,0.70780079,1.0821707,129.17952,139.79429,0.9342139,1.0187802,25.603435,26.084273,0.52428816,0.98015802,34.534673,33.849436,0.57411019,1.0261009,61.846409,63.460659,0.7294829,1.1050913,69.153985,76.421471,0.77102838,1.0819472,60.024074,64.94288,0.81178892,1.145723,57.311117,65.662662
0b_random_erasing_best,file,18,baseline_random_erasing,10558,180.Wilson_Warbler/Wilson_Warbler_0010_175750.jpg,180,179,180.Wilson_Warbler,172,171,identity,identity,0,{},0.011235422,0.011235422,0,0.98882747,0.98882747,0.0040067546,0.0040067546,0.98482071,0.98482071,0,1,1,1.3809004,1.3809004,False,0.99999988,True,True,True,1,1,1.3809004,1.3809004,1,1,1.3420962,1.3420962,1,1,0.32505945,0.32505945,1,1,0.23225203,0.23225203,1,1,0.57625892,0.57625892,1,1,0.73287063,0.73287063,1,1,0.66049861,0.66049861,1,1,0.66471739,0.66471739
0b_random_erasing_best,file,18,baseline_random_erasing,10558,180.Wilson_Warbler/Wilson_Warbler_0010_175750.jpg,180,179,180.Wilson_Warbler,172,171,random_erasing,random_erasing,0,"{""area_fraction"":0.116935,""erased"":true,""height"":0.391052,""left"":0.476281,""top"":0.161436,""width"":0.299028}",0.011235422,5.6038365,5.5926011,0.98882747,0.0036837042,0.0040067546,0.081432156,0.98482071,-0.077748452,-1.0625692,0.33497658,151.86908,1.3809004,209.71608,False,0.75938588,False,True,False,0.33497658,151.86908,1.3809004,209.71608,0.32231024,152.12271,1.3420962,204.16331,0.55784828,147.47859,0.32505945,47.939309,0.49960925,166.22581,0.23225203,38.606281,0.42336998,170.42268,0.57625892,98.207587,0.24519666,135.02806,0.73287063,98.958101,0.29353443,143.05573,0.66049861,94.488112,0.32887524,163.60482,0.66471739,108.75097
0b_random_erasing_best,file,18,baseline_random_erasing,9888,168.Kentucky_Warbler/Kentucky_Warbler_0020_795903.jpg,168,167,168.Kentucky_Warbler,162,161,identity,identity,0,{},0.30506578,0.30506578,0,0.73707491,0.73707491,0.20499907,0.20499907,0.53207584,0.53207584,0,1,1,42.574108,42.574108,False,1,True,True,True,1,1,42.574108,42.574108,1,1,41.574122,41.574122,1,1,9.1731694,9.1731694,1,1,8.2601694,8.2601694,1,1,16.496803,16.496803,1,1,21.539082,21.539082,1,1,20.207072,20.207072,1,1,22.710678,22.710678
0b_random_erasing_best,file,18,baseline_random_erasing,9888,168.Kentucky_Warbler/Kentucky_Warbler_0020_795903.jpg,168,167,168.Kentucky_Warbler,162,161,random_erasing,random_erasing,0,"{""area_fraction"":0.065433,""erased"":true,""height"":0.163437,""left"":0.405099,""top"":0.430195,""width"":0.400358}",0.30506578,0.19895826,-0.10610752,0.73707491,0.81958407,0.20499907,0.12818493,0.53207584,0.69139914,0.1593233,0.89367735,0.68013371,42.574108,28.956085,False,0.98746932,True,True,True,0.89367735,0.68013371,42.574108,28.956085,0.88910527,0.67940664,41.574122,28.245734,0.98571215,0.6948996,9.1731694,6.3744317,0.80995544,0.62689591,8.2601694,5.1782664,0.84257877,0.64404308,16.496803,10.624652,0.8844349,0.67078014,21.539082,14.447988,0.89570734,0.69947382,20.207072,14.134318,0.92163909,0.69565299,22.710678,15.798751
0b_random_erasing_best,file,18,baseline_random_erasing,11206,191.Red_headed_Woodpecker/Red_Headed_Woodpecker_0063_183358.jpg,191,190,191.Red_headed_Woodpecker,160,159,identity,identity,0,{},0.010672752,0.010672752,0,0.989384,0.989384,0.0010861481,0.0010861481,0.98829785,0.98829785,0,1,1,1.6895333,1.6895333,False,1,True,True,True,1,1,1.6895333,1.6895333,1,1,1.6632504,1.6632504,1,1,0.29685151,0.29685151,1,1,0.5006113,0.5006113,1,1,0.69270048,0.69270048,1,1,0.76509323,0.76509323,1,1,0.78747296,0.78747296,1,1,0.91130403,0.91130403
0b_random_erasing_best,file,18,baseline_random_erasing,11206,191.Red_headed_Woodpecker/Red_Headed_Woodpecker_0063_183358.jpg,191,190,191.Red_headed_Woodpecker,160,159,random_erasing,random_erasing,0,"{""area_fraction"":0.190398,""erased"":true,""height"":0.377097,""left"":0.287506,""top"":0.304547,""width"":0.504903}",0.010672752,0.90066183,0.88998907,0.989384,0.40630066,0.0010861481,0.003568738,0.98829785,0.40273193,-0.58556592,0.4753396,65.975677,1.6895333,111.4681,False,0.86075413,True,True,True,0.4753396,65.975677,1.6895333,111.4681,0.46518467,66.031854,1.6632504,109.82751,0.80348353,64.187106,0.29685151,19.05404,0.53096479,52.566001,0.5006113,26.315134,0.23201137,71.404663,0.69270048,49.462045,0.51261669,78.81729,0.76509323,60.302575,0.51295711,67.681243,0.78747296,53.297149,0.55139299,54.271916,0.91130403,49.458216
0b_random_erasing_best,file,18,baseline_random_erasing,10180,173.Orange_crowned_Warbler/Orange_Crowned_Warbler_0030_168376.jpg,173,172,173.Orange_crowned_Warbler,175,174,identity,identity,0,{},0.072700769,0.072700769,0,0.92987901,0.92987901,0.013774079,0.013774079,0.91610493,0.91610493,0,1,1,11.030542,11.030542,False,0.99999988,True,True,True,1,1,11.030542,11.030542,1,1,10.847407,10.847407,1,1,2.0016533,2.0016533,1,1,1.6404635,1.6404635,1,1,5.4554084,5.4554084,1,1,5.9464658,5.9464658,1,1,4.7676852,4.7676852,1,1,5.2079129,5.2079129
0b_random_erasing_best,file,18,baseline_random_erasing,10180,173.Orange_crowned_Warbler/Orange_Crowned_Warbler_0030_168376.jpg,173,172,173.Orange_crowned_Warbler,175,174,random_erasing,random_erasing,0,"{""area_fraction"":0.077146,""erased"":true,""height"":0.401826,""left"":0.210919,""top"":0.537337,""width"":0.191988}",0.072700769,0.065335095,-0.0073656738,0.92987901,0.93675351,0.013774079,0.0095792729,0.91610493,0.92717424,0.011069308,0.95344949,0.85237388,11.030542,9.4021457,False,0.99219543,True,True,True,0.95344949,0.85237388,11.030542,9.4021457,0.95219015,0.85063995,10.847407,9.2272376,0.98990554,0.90181044,2.0016533,1.8051119,0.94078527,0.85038203,1.6404635,1.3950207,0.97089688,0.83073136,5.4554084,4.5319788,0.95531607,0.81673565,5.9464658,4.8566906,0.93050332,0.87129983,4.7676852,4.1540833,0.95095528,0.8967997,5.2079129,4.6704548
0b_random_erasing_best,file,18,baseline_random_erasing,6068,104.American_Pipit/American_Pipit_0095_99959.jpg,104,103,104.American_Pipit,99,98,identity,identity,0,{},0.022752307,0.022752307,0,0.97750455,0.97750455,0.012044571,0.012044571,0.96545998,0.96545998,0,1,1,5.0728235,5.0728235,False,1,True,True,True,1,1,5.0728235,5.0728235,1,1,5.0006452,5.0006452,1,1,0.85269305,0.85269305,1,1,1.0616423,1.0616423,1,1,2.4840507,2.4840507,1,1,2.7934151,2.7934151,1,1,2.2758595,2.2758595,1,1,2.1739725,2.1739725
0b_random_erasing_best,file,18,baseline_random_erasing,6068,104.American_Pipit/American_Pipit_0095_99959.jpg,104,103,104.American_Pipit,99,98,random_erasing,random_erasing,0,"{""area_fraction"":0.105356,""erased"":true,""height"":0.203799,""left"":0.452235,""top"":0.148785,""width"":0.516962}",0.022752307,0.018854797,-0.0038975105,0.97750455,0.98132187,0.012044571,0.007933828,0.96545998,0.97338804,0.0079280632,0.96878135,0.75215818,5.0728235,3.8155657,False,0.99794513,True,True,True,0.96878135,0.75215818,5.0728235,3.8155657,0.96808699,0.75101732,5.0006452,3.7555712,0.99270021,0.79039376,0.85269305,0.67396326,0.97986747,0.75858617,1.0616423,0.80534715,0.95158122,0.68193472,2.4840507,1.6939604,0.97451234,0.78022347,2.7934151,2.179488,0.97444488,0.76172002,2.2758595,1.7335678,0.97368388,0.77392851,2.1739725,1.6824993
0b_random_erasing_best,file,18,baseline_random_erasing,3310,058.Pigeon_Guillemot/Pigeon_Guillemot_0018_40195.jpg,58,57,058.Pigeon_Guillemot,8,7,identity,identity,0,{},0.091339923,0.091339923,0,0.91270739,0.91270739,0.030021153,0.030021153,0.88268624,0.88268624,0,1,1,13.71386,13.71386,False,1,True,True,True,1,1,13.71386,13.71386,1,1,13.409136,13.409136,1,1,2.8748979,2.8748979,1,1,4.3362846,4.3362846,1,1,5.7954491,5.7954491,1,1,6.4997335,6.4997335,1,1,6.4071718,6.4071718,1,1,6.6419835,6.6419835
0b_random_erasing_best,file,18,baseline_random_erasing,3310,058.Pigeon_Guillemot/Pigeon_Guillemot_0018_40195.jpg,58,57,058.Pigeon_Guillemot,8,7,random_erasing,random_erasing,0,"{""area_fraction"":0.075978,""erased"":true,""height"":0.249271,""left"":0.172409,""top"":0.728137,""width"":0.304799}",0.091339923,0.073533021,-0.017806903,0.91270739,0.92910546,0.030021153,0.015730821,0.88268624,0.91337464,0.030688405,0.97320903,0.86099868,13.71386,11.807616,False,0.99235851,True,True,True,0.97320903,0.86099868,13.71386,11.807616,0.97281227,0.86351201,13.409136,11.57895,0.98482381,0.8043802,2.8748979,2.312511,0.98816673,0.84041316,4.3362846,3.6442707,0.97674326,0.84987107,5.7954491,4.9253846,0.9755551,0.89232889,6.4997335,5.7999,0.97093575,0.87485168,6.4071718,5.6053251,0.96341667,0.84464532,6.6419835,5.6101202
0b_random_erasing_best,file,18,baseline_random_erasing,10086,172.Nashville_Warbler/Nashville_Warbler_0121_167078.jpg,172,171,172.Nashville_Warbler,200,199,identity,identity,0,{},0.27653781,0.27653781,0,0.75840497,0.75840497,0.054612793,0.054612793,0.70379218,0.70379218,0,1,1,28.996088,28.996088,False,0.99999994,True,True,True,1,1,28.996088,28.996088,1,1,28.420368,28.420368,1,1,5.7494157,5.7494157,1,1,6.1260584,6.1260584,1,1,11.86824,11.86824,1,1,14.804973,14.804973,1,1,13.475263,13.475263,1,1,15.118323,15.118323
0b_random_erasing_best,file,18,baseline_random_erasing,10086,172.Nashville_Warbler/Nashville_Warbler_0121_167078.jpg,172,171,172.Nashville_Warbler,200,199,random_erasing,random_erasing,0,"{""area_fraction"":0.126084,""erased"":true,""height"":0.21137,""left"":0.203258,""top"":0.400192,""width"":0.596506}",0.27653781,0.56221813,0.28568032,0.75840497,0.56994349,0.054612793,0.030536594,0.70379218,0.53940689,-0.16438528,0.726431,1.7010896,28.996088,49.324944,False,0.94886076,True,True,True,0.726431,1.7010896,28.996088,49.324944,0.71762404,1.6937424,28.420368,48.136782,0.9246406,1.8716781,5.7494157,10.761056,0.79176168,1.6228477,6.1260584,9.9416597,0.72140304,1.7388135,11.86824,20.636656,0.69276727,1.7278731,14.804973,25.581113,0.66998843,1.676127,13.475263,22.586252,0.76699005,1.6574671,15.118323,25.058123
0b_random_erasing_best,file,18,baseline_random_erasing,4027,070.Green_Violetear/Green_Violetear_0013_795684.jpg,70,69,070.Green_Violetear,69,68,identity,identity,0,{},5.3750172,5.3750172,0,0.0046308395,0.0046308395,0.50696969,0.50696969,-0.50233885,-0.50233885,0,1,1,124.24396,124.24396,False,1,True,False,False,1,1,124.24396,124.24396,1,1,118.21272,118.21272,1,1,38.240212,38.240212,1,1,21.459086,21.459086,1,1,49.030344,49.030344,1,1,57.088402,57.088402,1,1,56.391365,56.391365,1,1,68.342585,68.342585
0b_random_erasing_best,file,18,baseline_random_erasing,4027,070.Green_Violetear/Green_Violetear_0013_795684.jpg,70,69,070.Green_Violetear,69,68,random_erasing,random_erasing,0,"{""area_fraction"":0.178615,""erased"":true,""height"":0.524151,""left"":0.056464,""top"":0.058857,""width"":0.340771}",5.3750172,2.7128234,-2.6621938,0.0046308395,0.066349216,0.50696969,0.43878457,-0.50233885,-0.37243535,0.1299035,0.77677683,0.99493579,124.24396,123.61476,False,0.92012179,True,False,False,0.77677683,0.99493579,124.24396,123.61476,0.76673228,1.0057651,118.21272,118.89423,0.8917369,0.88478794,38.240212,33.834479,0.79723389,1.2227902,21.459086,26.239961,0.77584343,1.0406871,49.030344,51.025246,0.80351505,1.1683434,57.088402,66.698855,0.7593417,0.90321757,56.391365,50.933671,0.74663103,0.90207623,68.342585,61.650222
0b_random_erasing_best,file,18,baseline_random_erasing,4929,085.Horned_Lark/Horned_Lark_0028_74408.jpg,85,84,085.Horned_Lark,104,103,identity,identity,0,{},0.066895358,0.066895358,0,0.93529308,0.93529308,0.018477201,0.018477201,0.91681588,0.91681588,0,1,1,10.026469,10.026469,False,1,True,True,True,1,1,10.026469,10.026469,1,1,9.8308704,9.8308704,1,1,1.9708061,1.9708061,1,1,1.6481114,1.6481114,1,1,4.2785081,4.2785081,1,1,5.7694248,5.7694248,1,1,4.7156812,4.7156812,1,1,4.4833246,4.4833246
0b_random_erasing_best,file,18,baseline_random_erasing,4929,085.Horned_Lark/Horned_Lark_0028_74408.jpg,85,84,085.Horned_Lark,104,103,random_erasing,random_erasing,0,"{""area_fraction"":0.172904,""erased"":true,""height"":0.557471,""left"":0.561291,""top"":0.030361,""width"":0.310157}",0.066895358,0.00022063205,-0.066674726,0.93529308,0.9997794,0.018477201,2.1752228e-05,0.91681588,0.99975765,0.082941774,0.66861847,0.0035683434,10.026469,0.035777886,False,0.93869674,True,True,True,0.66861847,0.0035683434,10.026469,0.035777886,0.65737853,0.0035347432,9.8308704,0.034749602,0.91029671,0.0043210748,1.9708061,0.0085160006,0.70581045,0.0032197578,1.6481114,0.0053065195,0.63963414,0.0029234843,4.2785081,0.012508151,0.66467651,0.0034372788,5.7694248,0.019831122,0.616699,0.003646487,4.7156812,0.01719567,0.709298,0.0040761049,4.4833246,0.018274501
0b_random_erasing_best,file,18,baseline_random_erasing,5875,101.White_Pelican/White_Pelican_0009_97340.jpg,101,100,101.White_Pelican,147,146,identity,identity,0,{},1.3111358,1.3111358,0,0.26951379,0.26951379,0.57241285,0.57241285,-0.30289906,-0.30289906,0,1,1,148.17123,148.17123,False,1,True,False,False,1,1,148.17123,148.17123,1,1,145.56179,145.56179,1,1,27.685337,27.685337,1,1,27.153277,27.153277,1,1,63.468318,63.468318,1,1,81.846012,81.846012,1,1,68.542427,68.542427,1,1,70.893395,70.893395
0b_random_erasing_best,file,18,baseline_random_erasing,5875,101.White_Pelican/White_Pelican_0009_97340.jpg,101,100,101.White_Pelican,147,146,random_erasing,random_erasing,0,"{""area_fraction"":0.123722,""erased"":true,""height"":0.458857,""left"":0.23896,""top"":0.35547,""width"":0.269632}",1.3111358,2.3766003,1.0654645,0.26951379,0.092865773,0.57241285,0.62404126,-0.30289906,-0.53117549,-0.22827642,0.75618205,1.127786,148.17123,167.10544,False,0.88988006,True,False,False,0.75618205,1.127786,148.17123,167.10544,0.75122441,1.1244803,145.56179,163.68137,0.88516556,1.2156143,27.685337,33.654692,0.73773668,1.3901264,27.153277,37.746487,0.78194511,1.0735826,63.468318,68.138481,0.80155635,1.0768522,81.846012,88.136055,0.70050838,1.1322335,68.542427,77.606034,0.72037745,1.1745285,70.893395,83.266314
0b_random_erasing_best,file,18,baseline_random_erasing,6291,108.White_necked_Raven/White_Necked_Raven_0042_797356.jpg,108,107,108.White_necked_Raven,107,106,identity,identity,0,{},0.41003609,0.41003609,0,0.66362631,0.66362631,0.29250282,0.29250282,0.37112349,0.37112349,0,1,1,64.228499,64.228499,False,1,True,True,True,1,1,64.228499,64.228499,1,1,62.251296,62.251296,1,1,15.813798,15.813798,1,1,17.585048,17.585048,1,1,28.872438,28.872438,1,1,35.62067,35.62067,1,1,26.815675,26.815675,1,1,27.28479,27.28479
0b_random_erasing_best,file,18,baseline_random_erasing,6291,108.White_necked_Raven/White_Necked_Raven_0042_797356.jpg,108,107,108.White_necked_Raven,107,106,random_erasing,random_erasing,0,"{""area_fraction"":0.093687,""erased"":true,""height"":0.449477,""left"":0.224265,""top"":0.064966,""width"":0.208436}",0.41003609,1.7357606,1.3257245,0.66362631,0.17626607,0.29250282,0.43895927,0.37112349,-0.2626932,-0.63381669,0.77604187,2.2604845,64.228499,145.18753,False,0.96361649,False,True,False,0.77604187,2.2604845,64.228499,145.18753,0.7679506,2.2707391,62.251296,141.35645,0.91430466,2.0951725,15.813798,33.132633,0.53824796,2.0637904,17.585048,36.291853,0.75687666,2.464606,28.872438,71.159182,0.80426118,2.0984326,35.62067,74.747576,0.74925933,2.1758026,26.815675,58.345615,0.83428134,2.4883226,27.28479,67.893358
0b_random_erasing_best,file,18,baseline_random_erasing,3867,067.Anna_Hummingbird/Anna_Hummingbird_0038_57036.jpg,67,66,067.Anna_Hummingbird,68,67,identity,identity,0,{},0.26960513,0.26960513,0,0.76368099,0.76368099,0.087744907,0.087744907,0.67593609,0.67593609,0,1,1,36.338544,36.338544,False,1,True,True,True,1,1,36.338544,36.338544,1,1,35.600351,35.600351,1,1,7.2873018,7.2873018,1,1,9.7912073,9.7912073,1,1,18.041505,18.041505,1,1,18.526131,18.526131,1,1,15.288879,15.288879,1,1,16.402866,16.402866
0b_random_erasing_best,file,18,baseline_random_erasing,3867,067.Anna_Hummingbird/Anna_Hummingbird_0038_57036.jpg,67,66,067.Anna_Hummingbird,68,67,random_erasing,random_erasing,0,"{""area_fraction"":0.187368,""erased"":true,""height"":0.562484,""left"":0.557215,""top"":0.265052,""width"":0.333108}",0.26960513,0.43841532,0.16881019,0.76368099,0.6450578,0.087744907,0.048680142,0.67593609,0.59637766,-0.079558432,0.65431327,1.5867917,36.338544,57.661698,False,0.89520472,True,True,True,0.65431327,1.5867917,36.338544,57.661698,0.64634342,1.5870872,35.600351,56.50086,0.84541324,1.5797227,7.2873018,11.511916,0.56167499,1.2334172,9.7912073,12.076643,0.60930727,1.4927198,18.041505,26.930912,0.60799771,1.5975647,18.526131,29.596692,0.67967343,1.6889838,15.288879,25.822669,0.73400301,1.7009697,16.402866,27.900778
0b_random_erasing_best,file,18,baseline_random_erasing,3363,058.Pigeon_Guillemot/Pigeon_Guillemot_0055_40171.jpg,58,57,058.Pigeon_Guillemot,25,24,identity,identity,0,{},0.27200055,0.27200055,0,0.76185381,0.76185381,0.20966436,0.20966436,0.55218945,0.55218945,0,1,1,53.887581,53.887581,False,1,True,True,True,1,1,53.887581,53.887581,1,1,52.999637,52.999637,1,1,9.7421656,9.7421656,1,1,11.024245,11.024245,1,1,25.890623,25.890623,1,1,28.604248,28.604248,1,1,25.354146,25.354146,1,1,23.581083,23.581083
0b_random_erasing_best,file,18,baseline_random_erasing,3363,058.Pigeon_Guillemot/Pigeon_Guillemot_0055_40171.jpg,58,57,058.Pigeon_Guillemot,25,24,random_erasing,random_erasing,0,"{""area_fraction"":0.152075,""erased"":true,""height"":0.239877,""left"":0.144425,""top"":0.720941,""width"":0.633972}",0.27200055,0.41108993,0.13908938,0.76185381,0.66292733,0.20966436,0.28704277,0.55218945,0.37588456,-0.17630489,0.9200863,1.3519823,53.887581,72.855056,False,0.97809684,True,True,True,0.9200863,1.3519823,53.887581,72.855056,0.91808955,1.3493603,52.999637,71.515605,0.97735591,1.4274054,9.7421656,13.90602,0.8810293,1.1860882,11.024245,13.075726,0.91373612,1.2453129,25.890623,32.241926,0.91541224,1.3357025,28.604248,38.206765,0.92535607,1.4320532,25.354146,36.308488,0.9324407,1.4229399,23.581083,33.554465
0b_random_erasing_best,file,18,baseline_random_erasing,5957,102.Western_Wood_Pewee/Western_Wood_Pewee_0039_795063.jpg,102,101,102.Western_Wood_Pewee,91,90,identity,identity,0,{},1.5495507,1.5495507,0,0.21234338,0.21234338,0.38920432,0.38920432,-0.17686094,-0.17686094,0,1,1,120.50407,120.50407,False,0.99999988,True,False,False,1,1,120.50407,120.50407,1,1,118.36358,118.36358,1,1,22.611804,22.611804,1,1,19.350445,19.350445,1,1,58.839709,58.839709,1,1,67.610455,67.610455,1,1,53.537164,53.537164,1,1,52.30664,52.30664
0b_random_erasing_best,file,18,baseline_random_erasing,5957,102.Western_Wood_Pewee/Western_Wood_Pewee_0039_795063.jpg,102,101,102.Western_Wood_Pewee,91,90,random_erasing,random_erasing,0,"{""area_fraction"":0.193447,""erased"":true,""height"":0.496611,""left"":0.136044,""top"":0.241847,""width"":0.389534}",1.5495507,1.4796685,-0.069882154,0.21234338,0.22771317,0.38920432,0.4456028,-0.17686094,-0.21788964,-0.041028693,0.80586285,1.0901649,120.50407,131.36931,False,0.93513215,True,False,False,0.80586285,1.0901649,120.50407,131.36931,0.80126199,1.0871078,118.36358,128.67397,0.92505112,1.17083,22.611804,26.474579,0.71645759,1.3815509,19.350445,26.733626,0.80680476,1.0112335,58.839709,59.500684,0.8079816,1.0722434,67.610455,72.494864,0.78704726,1.114959,53.537164,59.691746,0.82042874,1.1283466,52.30664,59.020022
0b_random_erasing_best,file,18,baseline_random_erasing,1343,025.Pelagic_Cormorant/Pelagic_Cormorant_0054_23812.jpg,25,24,025.Pelagic_Cormorant,23,22,identity,identity,0,{},0.89349246,0.89349246,0,0.40922406,0.40922406,0.52708197,0.52708197,-0.1178579,-0.1178579,0,1,1,88.77031,88.77031,False,0.99999994,True,False,False,1,1,88.77031,88.77031,1,1,85.460871,85.460871,1,1,24.01265,24.01265,1,1,30.345383,30.345383,1,1,38.33522,38.33522,1,1,42.160825,42.160825,1,1,36.247432,36.247432,1,1,42.681585,42.681585
0b_random_erasing_best,file,18,baseline_random_erasing,1343,025.Pelagic_Cormorant/Pelagic_Cormorant_0054_23812.jpg,25,24,025.Pelagic_Cormorant,23,22,random_erasing,random_erasing,0,"{""area_fraction"":0.19144,""erased"":true,""height"":0.438769,""left"":0.19966,""top"":0.518976,""width"":0.436312}",0.89349246,0.8859331,-0.0075593591,0.40922406,0.41232926,0.52708197,0.5663386,-0.1178579,-0.15400934,-0.036151439,0.8178999,1.0264659,88.77031,91.119694,False,0.97411686,True,False,False,0.8178999,1.0264659,88.77031,91.119694,0.80521749,1.0232711,85.460871,87.449642,0.97272224,1.0661037,24.01265,25.599974,0.87441742,0.94576657,30.345383,28.699649,0.74184365,0.98180899,38.33522,37.637863,0.79428768,0.98597157,42.160825,41.569374,0.7965091,1.097073,36.247432,39.766081,0.84185377,1.0731051,42.681585,45.801827
0b_random_erasing_best,file,18,baseline_random_erasing,10014,171.Myrtle_Warbler/Myrtle_Warbler_0026_166680.jpg,171,170,171.Myrtle_Warbler,152,151,identity,identity,0,{},3.3681197,3.3681197,0,0.034454361,0.034454361,0.32785797,0.32785797,-0.29340361,-0.29340361,0,1,1,141.73639,141.73639,False,0.99999994,True,False,False,1,1,141.73639,141.73639,1,1,138.87825,138.87825,1,1,28.320219,28.320219,1,1,25.846186,25.846186,1,1,59.65561,59.65561,1,1,84.437495,84.437495,1,1,62.41329,62.41329,1,1,63.523551,63.523551
0b_random_erasing_best,file,18,baseline_random_erasing,10014,171.Myrtle_Warbler/Myrtle_Warbler_0026_166680.jpg,171,170,171.Myrtle_Warbler,152,151,random_erasing,random_erasing,0,"{""area_fraction"":0.050277,""erased"":true,""height"":0.294443,""left"":0.729437,""top"":0.457297,""width"":0.170752}",3.3681197,3.0863345,-0.28178525,0.034454361,0.045669049,0.32785797,0.33416733,-0.29340361,-0.28849828,0.0049053282,0.96436361,1.0087356,141.73639,142.97453,False,0.9951098,True,False,False,0.96436361,1.0087356,141.73639,142.97453,0.96310323,1.0085834,138.87825,140.0703,0.99456563,1.012387,28.320219,28.671021,0.9488597,1.0182126,25.846186,26.316913,0.96307685,1.0360031,59.65561,61.803395,0.97022908,0.99734705,84.437495,84.213487,0.95541411,0.99857324,62.41329,62.324241,0.96089119,1.0118236,63.523551,64.274625
0b_random_erasing_best,file,18,baseline_random_erasing,3605,062.Herring_Gull/Herring_Gull_0065_48098.jpg,62,61,062.Herring_Gull,112,111,identity,identity,0,{},6.0097237,6.0097237,0,0.0024547665,0.0024547665,0.3878932,0.3878932,-0.38543843,-0.38543843,0,1,1,189.36885,189.36885,False,0.99999994,True,False,False,1,1,189.36885,189.36885,1,1,187.02743,187.02743,1,1,29.686718,29.686718,1,1,43.635776,43.635776,1,1,88.407968,88.407968,1,1,106.01188,106.01188,1,1,82.460714,82.460714,1,1,84.975997,84.975997
0b_random_erasing_best,file,18,baseline_random_erasing,3605,062.Herring_Gull/Herring_Gull_0065_48098.jpg,62,61,062.Herring_Gull,112,111,random_erasing,random_erasing,0,"{""area_fraction"":0.104814,""erased"":true,""height"":0.384989,""left"":0.074973,""top"":0.073773,""width"":0.272252}",6.0097237,5.8024931,-0.20723057,0.0024547665,0.0030200162,0.3878932,0.32158732,-0.38543843,-0.31856731,0.066871125,0.97377441,1.025254,189.36885,194.15118,False,0.99843723,True,False,False,0.97377441,1.025254,189.36885,194.15118,0.97325388,1.0263407,187.02743,191.95386,0.99635008,0.98115216,29.686718,29.127187,0.97692694,1.0744816,43.635776,46.885838,0.96194672,1.0278467,88.407968,90.869838,0.97988965,1.0361748,106.01188,109.84685,0.97006046,1.0179206,82.460714,83.938461,0.97776537,1.0039916,84.975997,85.315188
0b_random_erasing_best,file,18,baseline_random_erasing,11366,193.Bewick_Wren/Bewick_Wren_0067_184816.jpg,193,192,193.Bewick_Wren,130,129,identity,identity,0,{},0.022938734,0.022938734,0,0.97732234,0.97732234,0.0040976792,0.0040976792,0.97322466,0.97322466,0,1,1,3.9131767,3.9131767,False,1,True,True,True,1,1,3.9131767,3.9131767,1,1,3.8461411,3.8461411,1,1,0.72121471,0.72121471,1,1,0.6328638,0.6328638,1,1,2.0377924,2.0377924,1,1,1.9503805,1.9503805,1,1,1.7258325,1.7258325,1,1,1.8593562,1.8593562
0b_random_erasing_best,file,18,baseline_random_erasing,11366,193.Bewick_Wren/Bewick_Wren_0067_184816.jpg,193,192,193.Bewick_Wren,130,129,random_erasing,random_erasing,0,"{""area_fraction"":0.149571,""erased"":true,""height"":0.279604,""left"":0.450612,""top"":0.169981,""width"":0.534939}",0.022938734,0.019290345,-0.0036483891,0.97732234,0.98089451,0.0040976792,0.0030709454,0.97322466,0.97782356,0.0045988997,0.91536503,0.80097316,3.9131767,3.1343495,False,0.98455256,True,True,True,0.91536503,0.80097316,3.9131767,3.1343495,0.91295898,0.79882509,3.8461411,3.072394,0.98132632,0.85981935,0.72121471,0.62011436,0.8677579,0.88452492,0.6328638,0.55978381,0.911227,0.69260709,2.0377924,1.4113895,0.91111889,0.83277476,1.9503805,1.6242276,0.90983978,0.84459324,1.7258325,1.4576265,0.93772083,0.82821517,1.8593562,1.539947
0b_random_erasing_best,file,18,baseline_random_erasing,7676,131.Vesper_Sparrow/Vesper_Sparrow_0057_125649.jpg,131,130,131.Vesper_Sparrow,119,118,identity,identity,0,{},2.9543538,2.9543538,0,0.052112322,0.052112322,0.70163995,0.70163995,-0.64952763,-0.64952763,0,1,1,185.23837,185.23837,False,1,True,False,False,1,1,185.23837,185.23837,1,1,182.18886,182.18886,1,1,33.473466,33.473466,1,1,36.817927,36.817927,1,1,92.367873,92.367873,1,1,103.95273,103.95273,1,1,80.687854,80.687854,1,1,77.386679,77.386679
0b_random_erasing_best,file,18,baseline_random_erasing,7676,131.Vesper_Sparrow/Vesper_Sparrow_0057_125649.jpg,131,130,131.Vesper_Sparrow,119,118,random_erasing,random_erasing,0,"{""area_fraction"":0.139286,""erased"":true,""height"":0.371943,""left"":0.304832,""top"":0.317916,""width"":0.374481}",2.9543538,2.2709177,-0.68343616,0.052112322,0.10321742,0.70163995,0.060942281,-0.64952763,0.042275134,0.69180276,0.514538,0.87240839,185.23837,161.60351,False,0.89188409,False,False,False,0.514538,0.87240839,185.23837,161.60351,0.50736078,0.86302211,182.18886,157.23301,0.69535488,1.1151894,33.473466,37.329255,0.45815427,0.73700669,36.817927,27.135059,0.52573636,0.77388996,92.367873,71.48257,0.50391074,0.88900067,103.95273,92.414043,0.47082327,0.91511247,80.687854,73.838461,0.54712899,0.90304063,77.386679,69.883315
0b_random_erasing_best,file,18,baseline_random_erasing,10852,185.Bohemian_Waxwing/Bohemian_Waxwing_0039_177702.jpg,185,184,185.Bohemian_Waxwing,112,111,identity,identity,0,{},0.0007949291,0.0007949291,0,0.99920541,0.99920541,0.00022899341,0.00022899341,0.99897642,0.99897642,0,1,1,0.13424256,0.13424256,False,0.99999994,True,True,True,1,1,0.13424256,0.13424256,1,1,0.13134017,0.13134017,1,1,0.027763711,0.027763711,1,1,0.024388392,0.024388392,1,1,0.058923765,0.058923765,1,1,0.06550225,0.06550225,1,1,0.063366945,0.063366945,1,1,0.069839261,0.069839261
0b_random_erasing_best,file,18,baseline_random_erasing,10852,185.Bohemian_Waxwing/Bohemian_Waxwing_0039_177702.jpg,185,184,185.Bohemian_Waxwing,112,111,random_erasing,random_erasing,0,"{""area_fraction"":0.13115,""erased"":true,""height"":0.588371,""left"":0.688986,""top"":0.331127,""width"":0.222904}",0.0007949291,0.00034648136,-0.00044844774,0.99920541,0.99965358,0.00022899341,7.501345e-05,0.99897642,0.99957856,0.00060214728,0.91229732,0.4238208,0.13424256,0.056894788,False,0.99613971,True,True,True,0.91229732,0.4238208,0.13424256,0.056894788,0.90863633,0.42182778,0.13134017,0.055402933,0.99078006,0.46619899,0.027763711,0.012943414,0.73567394,0.43798546,0.024388392,0.010681761,0.88623497,0.40892496,0.058923765,0.024095398,0.89974807,0.41661474,0.06550225,0.027289202,0.91409212,0.42772568,0.063366945,0.027103669,0.94915452,0.42847952,0.069839261,0.029924693
0b_random_erasing_best,file,18,baseline_random_erasing,2635,046.Gadwall/Gadwall_0012_30920.jpg,46,45,046.Gadwall,90,89,identity,identity,0,{},0.349069,0.349069,0,0.70534444,0.70534444,0.072152287,0.072152287,0.63319215,0.63319215,0,1,1,56.510057,56.510057,False,0.99999988,True,True,True,1,1,56.510057,56.510057,1,1,55.752623,55.752623,1,1,9.2212572,9.2212572,1,1,16.906457,16.906457,1,1,27.351899,27.351899,1,1,29.847373,29.847373,1,1,24.357379,24.357379,1,1,24.295116,24.295116
0b_random_erasing_best,file,18,baseline_random_erasing,2635,046.Gadwall/Gadwall_0012_30920.jpg,46,45,046.Gadwall,90,89,random_erasing,random_erasing,0,"{""area_fraction"":0.16055,""erased"":true,""height"":0.223008,""left"":0.161092,""top"":0.385557,""width"":0.719929}",0.349069,0.51051712,0.16144812,0.70534444,0.6001851,0.072152287,0.090441853,0.63319215,0.50974324,-0.12344891,0.86651245,1.5463849,56.510057,87.386298,False,0.96353137,True,True,True,0.86651245,1.5463849,56.510057,87.386298,0.86428361,1.5484351,55.752623,86.329319,0.95352345,1.4694758,9.2212572,13.550414,0.91528992,1.364951,16.906457,23.076485,0.85985165,1.4405001,27.351899,39.400413,0.86694532,1.6198117,29.847373,48.347124,0.84598339,1.6350165,24.357379,39.824715,0.87127411,1.5643074,24.295116,38.005031
0b_random_erasing_best,file,18,baseline_random_erasing,7837,134.Cape_Glossy_Starling/Cape_Glossy_Starling_0096_129388.jpg,134,133,134.Cape_Glossy_Starling,26,25,identity,identity,0,{},0.60133713,0.60133713,0,0.5480783,0.5480783,0.054735519,0.054735519,0.49334278,0.49334278,0,1,1,62.067638,62.067638,False,1.0000001,True,True,True,1,1,62.067638,62.067638,1,1,61.300343,61.300343,1,1,9.7293194,9.7293194,1,1,20.27396,20.27396,1,1,35.685911,35.685911,1,1,29.197164,29.197164,1,1,24.303944,24.303944,1,1,25.100961,25.100961
0b_random_erasing_best,file,18,baseline_random_erasing,7837,134.Cape_Glossy_Starling/Cape_Glossy_Starling_0096_129388.jpg,134,133,134.Cape_Glossy_Starling,26,25,random_erasing,random_erasing,0,"{""area_fraction"":0.08688,""erased"":true,""height"":0.481393,""left"":0.647247,""top"":0.015837,""width"":0.180476}",0.60133713,0.36374801,-0.23758912,0.5480783,0.69506633,0.054735519,0.04954825,0.49334278,0.64551808,0.1521753,0.95757497,0.75012253,62.067638,46.558334,False,0.99397057,True,True,True,0.95757497,0.75012253,62.067638,46.558334,0.95673397,0.75029234,61.300343,45.993178,0.9913129,0.74335013,9.7293194,7.2322908,0.95471665,0.78899021,20.27396,15.995956,0.9772403,0.75679287,35.685911,27.006843,0.9567009,0.7533217,29.197164,21.994857,0.93403119,0.7153163,24.303944,17.385007,0.93836769,0.73903434,25.100961,18.550472
0b_random_erasing_best,file,18,baseline_random_erasing,9657,165.Chestnut_sided_Warbler/Chestnut_Sided_Warbler_0081_163854.jpg,165,164,165.Chestnut_sided_Warbler,166,165,identity,identity,0,{},0.0023275923,0.0023275923,0,0.99767512,0.99767512,0.0017116759,0.0017116759,0.99596344,0.99596344,0,1,1,0.43737715,0.43737715,False,1,True,True,True,1,1,0.43737715,0.43737715,1,1,0.42825786,0.42825786,1,1,0.088848037,0.088848037,1,1,0.10955871,0.10955871,1,1,0.20273132,0.20273132,1,1,0.23848127,0.23848127,1,1,0.19440822,0.19440822,1,1,0.18876924,0.18876924
0b_random_erasing_best,file,18,baseline_random_erasing,9657,165.Chestnut_sided_Warbler/Chestnut_Sided_Warbler_0081_163854.jpg,165,164,165.Chestnut_sided_Warbler,166,165,random_erasing,random_erasing,0,"{""area_fraction"":0.158685,""erased"":true,""height"":0.534361,""left"":0.676311,""top"":0.22675,""width"":0.296963}",0.0023275923,0.001319134,-0.0010084583,0.99767512,0.99868172,0.0017116759,0.00081054342,0.99596344,0.99787118,0.0019077357,0.96825468,0.56701499,0.43737715,0.2479994,False,0.99677479,True,True,True,0.96825468,0.56701499,0.43737715,0.2479994,0.96726939,0.56796743,0.42825786,0.24323652,0.99297043,0.54441762,0.088848037,0.048370437,0.98034233,0.57357954,0.10955871,0.062840636,0.97314141,0.57458751,0.20273132,0.11648688,0.97055049,0.56522134,0.23848127,0.13479471,0.96232156,0.56525353,0.19440822,0.10988993,0.95606538,0.56562663,0.18876924,0.10677291
0b_random_erasing_best,file,18,baseline_random_erasing,4392,076.Dark_eyed_Junco/Dark_Eyed_Junco_0013_66332.jpg,76,75,076.Dark_eyed_Junco,137,136,identity,identity,0,{},0.7309112,0.7309112,0,0.48147008,0.48147008,0.14576383,0.14576383,0.33570625,0.33570625,0,1,1,82.103945,82.103945,False,0.99999988,True,True,True,1,1,82.103945,82.103945,1,1,79.857121,79.857121,1,1,19.076112,19.076112,1,1,25.630651,25.630651,1,1,40.040673,40.040673,1,1,42.838983,42.838983,1,1,32.565424,32.565424,1,1,34.94694,34.94694
0b_random_erasing_best,file,18,baseline_random_erasing,4392,076.Dark_eyed_Junco/Dark_Eyed_Junco_0013_66332.jpg,76,75,076.Dark_eyed_Junco,137,136,random_erasing,random_erasing,0,"{""area_fraction"":0.183178,""erased"":true,""height"":0.417124,""left"":0.052776,""top"":0.054672,""width"":0.439145}",0.7309112,0.64209276,-0.088818431,0.48147008,0.5261901,0.14576383,0.10494301,0.33570625,0.42124709,0.085540846,0.93603859,0.97316521,82.103945,79.900703,False,0.97757822,True,True,True,0.93603859,0.97316521,82.103945,79.900703,0.93498937,0.97683975,79.857121,78.00761,0.95834961,0.90635548,19.076112,17.289739,0.94922784,1.0174882,25.630651,26.078886,0.95218687,0.96338243,40.040673,38.574481,0.94673967,0.95942346,42.838983,41.100726,0.91975203,0.99148531,32.565424,32.28814,0.90201553,0.98515376,34.94694,34.42811
0b_random_erasing_best,file,18,baseline_random_erasing,225,004.Groove_billed_Ani/Groove_Billed_Ani_0027_1754.jpg,4,3,004.Groove_billed_Ani,27,26,identity,identity,0,{},0.11579073,0.11579073,0,0.8906616,0.8906616,0.079607069,0.079607069,0.81105453,0.81105453,0,1,1,25.091909,25.091909,False,1,True,True,True,1,1,25.091909,25.091909,1,1,24.747077,24.747077,1,1,4.1456091,4.1456091,1,1,6.8396546,6.8396546,1,1,9.8295946,9.8295946,1,1,13.780261,13.780261,1,1,11.991026,11.991026,1,1,11.633389,11.633389
0b_random_erasing_best,file,18,baseline_random_erasing,225,004.Groove_billed_Ani/Groove_Billed_Ani_0027_1754.jpg,4,3,004.Groove_billed_Ani,27,26,random_erasing,random_erasing,0,"{""area_fraction"":0.099445,""erased"":true,""height"":0.233044,""left"":0.122276,""top"":0.553844,""width"":0.426722}",0.11579073,0.18689117,0.071100436,0.8906616,0.82953399,0.079607069,0.15028965,0.81105453,0.67924434,-0.13181019,0.93832111,1.719044,25.091909,43.134095,False,0.98709691,True,True,True,0.93832111,1.719044,25.091909,43.134095,0.93707445,1.7171448,24.747077,42.494315,0.98173989,1.7854013,4.1456091,7.4015758,0.96553211,1.7072764,6.8396546,11.677181,0.92114562,1.7423059,9.8295946,17.126161,0.95789325,1.7546804,13.780261,24.179955,0.91767387,1.712534,11.991026,20.535039,0.93033773,1.6528979,11.633389,19.228803
0b_random_erasing_best,file,18,baseline_random_erasing,55,001.Black_footed_Albatross/Black_Footed_Albatross_0007_796138.jpg,1,0,001.Black_footed_Albatross,135,134,identity,identity,0,{},0.3335124,0.3335124,0,0.71640301,0.71640301,0.10053172,0.10053172,0.61587129,0.61587129,0,1,1,46.124636,46.124636,False,0.99999994,True,True,True,1,1,46.124636,46.124636,1,1,45.407578,45.407578,1,1,8.101474,8.101474,1,1,8.7237012,8.7237012,1,1,22.163813,22.163813,1,1,25.982564,25.982564,1,1,20.392386,20.392386,1,1,20.088992,20.088992
0b_random_erasing_best,file,18,baseline_random_erasing,55,001.Black_footed_Albatross/Black_Footed_Albatross_0007_796138.jpg,1,0,001.Black_footed_Albatross,135,134,random_erasing,random_erasing,0,"{""area_fraction"":0.175614,""erased"":true,""height"":0.65705,""left"":0.268868,""top"":0.059909,""width"":0.267276}",0.3335124,1.1923975,0.85888508,0.71640301,0.30349275,0.10053172,0.0017316218,0.61587129,0.30176113,-0.31411015,0.62275964,3.2763687,46.124636,151.12131,False,0.87963247,True,True,True,0.62275964,3.2763687,46.124636,151.12131,0.61870151,3.2920759,45.407578,149.48519,0.78642662,2.7374275,8.101474,22.177198,0.52628933,2.7980163,8.7237012,24.409058,0.63346113,3.4958269,22.163813,77.480852,0.65035439,3.4756264,25.982564,90.305685,0.5813437,3.0618181,20.392386,62.437776,0.60084664,3.0251023,20.088992,60.771257
0b_random_erasing_best,file,18,baseline_random_erasing,4845,083.White_breasted_Kingfisher/White_Breasted_Kingfisher_0018_71137.jpg,83,82,083.White_breasted_Kingfisher,69,68,identity,identity,0,{},0.13324475,0.13324475,0,0.87525082,0.87525082,0.016697679,0.016697679,0.85855314,0.85855314,0,1,1,15.632142,15.632142,False,1,True,True,True,1,1,15.632142,15.632142,1,1,15.379839,15.379839,1,1,2.7972139,2.7972139,1,1,2.4725777,2.4725777,1,1,5.3483041,5.3483041,1,1,7.6320516,7.6320516,1,1,7.4417803,7.4417803,1,1,9.3911208,9.3911208
0b_random_erasing_best,file,18,baseline_random_erasing,4845,083.White_breasted_Kingfisher/White_Breasted_Kingfisher_0018_71137.jpg,83,82,083.White_breasted_Kingfisher,69,68,random_erasing,random_erasing,0,"{""area_fraction"":0.144528,""erased"":true,""height"":0.317972,""left"":0.082802,""top"":0.578213,""width"":0.454532}",0.13324475,0.072853953,-0.0603908,0.87525082,0.92973661,0.016697679,0.011577856,0.85855314,0.91815876,0.059605621,0.91132447,0.57781349,15.632142,9.0324624,False,0.98772943,True,True,True,0.91132447,0.57781349,15.632142,9.0324624,0.90880293,0.57759655,15.379839,8.883342,0.98673352,0.58433384,2.7972139,1.6345067,0.87185085,0.58284549,2.4725777,1.4411308,0.88214733,0.55917042,5.3483041,2.9906134,0.91155218,0.59491208,7.6320516,4.5403997,0.89068648,0.58578438,7.4417803,4.3592787,0.93050834,0.56621426,9.3911208,5.3173865
0b_random_erasing_best,file,18,baseline_random_erasing,3657,063.Ivory_Gull/Ivory_Gull_0027_48974.jpg,63,62,063.Ivory_Gull,145,144,identity,identity,0,{},0.85786062,0.85786062,0,0.42406836,0.42406836,0.1507137,0.1507137,0.27335466,0.27335466,0,1,1,93.09922,93.09922,False,1,True,True,True,1,1,93.09922,93.09922,1,1,90.417153,90.417153,1,1,22.185655,22.185655,1,1,26.778474,26.778474,1,1,35.621159,35.621159,1,1,47.114138,47.114138,1,1,42.896982,42.896982,1,1,46.145583,46.145583
0b_random_erasing_best,file,18,baseline_random_erasing,3657,063.Ivory_Gull/Ivory_Gull_0027_48974.jpg,63,62,063.Ivory_Gull,145,144,random_erasing,random_erasing,0,"{""area_fraction"":0.14152,""erased"":true,""height"":0.224618,""left"":0.349406,""top"":0.415128,""width"":0.630048}",0.85786062,1.2052945,0.34743387,0.42406836,0.29960379,0.1507137,0.0025258709,0.27335466,0.29707792,0.023723255,0.69105251,1.5880684,93.09922,147.84793,False,0.92417455,False,True,False,0.69105251,1.5880684,93.09922,147.84793,0.68410064,1.6019977,90.417153,144.84807,0.84045334,1.3356312,22.185655,29.631853,0.84785721,1.6848143,26.778474,45.116756,0.65751772,1.6642078,35.621159,59.281012,0.63569288,1.4963639,47.114138,70.499896,0.66768636,1.596941,42.896982,68.503948,0.70566754,1.645846,46.145583,75.948522
0b_random_erasing_best,file,18,baseline_random_erasing,8870,151.Black_capped_Vireo/Black_Capped_Vireo_0018_155868.jpg,151,150,151.Black_capped_Vireo,152,151,identity,identity,0,{},0.050814059,0.050814059,0,0.95045537,0.95045537,0.02650046,0.02650046,0.92395491,0.92395491,0,1,1,6.0003272,6.0003272,False,0.99999988,True,True,True,1,1,6.0003272,6.0003272,1,1,5.7708625,5.7708625,1,1,1.6434939,1.6434939,1,1,1.1491875,1.1491875,1,1,1.9275026,1.9275026,1,1,2.8334286,2.8334286,1,1,2.836027,2.836027,1,1,3.4922184,3.4922184
0b_random_erasing_best,file,18,baseline_random_erasing,8870,151.Black_capped_Vireo/Black_Capped_Vireo_0018_155868.jpg,151,150,151.Black_capped_Vireo,152,151,random_erasing,random_erasing,0,"{""area_fraction"":0.189666,""erased"":true,""height"":0.40196,""left"":0.172366,""top"":0.257131,""width"":0.471853}",0.050814059,0.030345131,-0.020468928,0.95045537,0.97011065,0.02650046,0.0081045032,0.92395491,0.96200615,0.038051244,0.78435506,0.57642586,6.0003272,3.4587438,False,0.95898283,True,True,True,0.78435506,0.57642586,6.0003272,3.4587438,0.77211026,0.57376876,5.7708625,3.3111406,0.92800163,0.60823346,1.6434939,0.99962796,0.72910381,0.53206336,1.1491875,0.61144058,0.72428927,0.59543384,1.9275026,1.1477003,0.77468451,0.57409231,2.8334286,1.6266496,0.75030719,0.575094,2.836027,1.6309821,0.80486626,0.57029759,3.4922184,1.9916037
0b_random_erasing_best,file,18,baseline_random_erasing,9664,165.Chestnut_sided_Warbler/Chestnut_Sided_Warbler_0073_163868.jpg,165,164,165.Chestnut_sided_Warbler,158,157,identity,identity,0,{},0.0089852046,0.0089852046,0,0.99105501,0.99105501,0.0027829041,0.0027829041,0.98827211,0.98827211,0,1,1,1.5685442,1.5685442,False,1,True,True,True,1,1,1.5685442,1.5685442,1,1,1.5424405,1.5424405,1,1,0.28497103,0.28497103,1,1,0.36905697,0.36905697,1,1,0.8166103,0.8166103,1,1,0.79031028,0.79031028,1,1,0.66563899,0.66563899,1,1,0.71302281,0.71302281
0b_random_erasing_best,file,18,baseline_random_erasing,9664,165.Chestnut_sided_Warbler/Chestnut_Sided_Warbler_0073_163868.jpg,165,164,165.Chestnut_sided_Warbler,158,157,random_erasing,random_erasing,0,"{""area_fraction"":0.054517,""erased"":true,""height"":0.216667,""left"":0.653178,""top"":0.701857,""width"":0.251614}",0.0089852046,0.0104622,0.0014769956,0.99105501,0.98959231,0.0027829041,0.0026543669,0.98827211,0.98693795,-0.0013341608,0.93725841,1.0911895,1.5685442,1.711579,False,0.99485558,True,True,True,0.93725841,1.0911895,1.5685442,1.711579,0.93532471,1.089078,1.5424405,1.679838,0.99224385,1.1513313,0.28497103,0.32809606,0.96367268,1.1215518,0.36905697,0.41391652,0.96189616,1.0589825,0.8166103,0.86477601,0.9289868,1.0416501,0.79031028,0.8232268,0.90503013,1.0979491,0.66563899,0.73083771,0.93192954,1.1657172,0.71302281,0.83118294
0b_random_erasing_best,file,18,baseline_random_erasing,5922,102.Western_Wood_Pewee/Western_Wood_Pewee_0046_98113.jpg,102,101,102.Western_Wood_Pewee,39,38,identity,identity,0,{},1.1096864,1.1096864,0,0.32966235,0.32966235,0.1792535,0.1792535,0.15040885,0.15040885,0,1,1,110.48191,110.48191,False,1.0000001,True,True,True,1,1,110.48191,110.48191,1,1,108.45674,108.45674,1,1,21.056778,21.056778,1,1,20.482701,20.482701,1,1,52.040254,52.040254,1,1,64.924024,64.924024,1,1,47.934758,47.934758,1,1,46.068063,46.068063
0b_random_erasing_best,file,18,baseline_random_erasing,5922,102.Western_Wood_Pewee/Western_Wood_Pewee_0046_98113.jpg,102,101,102.Western_Wood_Pewee,39,38,random_erasing,random_erasing,0,"{""area_fraction"":0.059974,""erased"":true,""height"":0.423313,""left"":0.347304,""top"":0.39021,""width"":0.141677}",1.1096864,1.1358442,0.026157856,0.32966235,0.3211509,0.1792535,0.23026904,0.15040885,0.090881854,-0.059526995,0.89272866,1.2123283,110.48191,133.94035,False,0.9802742,True,True,True,0.89272866,1.2123283,110.48191,133.94035,0.89051256,1.215783,108.45674,131.85987,0.95984673,1.1167807,21.056778,23.515804,0.8411417,1.2128406,20.482701,24.842251,0.87608085,1.2567335,52.040254,65.40073,0.90327651,1.2008861,64.924024,77.966356,0.89222852,1.2270694,47.934758,58.819276,0.89367202,1.1798259,46.068063,54.352292
0b_random_erasing_best,file,18,baseline_random_erasing,2094,037.Acadian_Flycatcher/Acadian_Flycatcher_0039_795606.jpg,37,36,037.Acadian_Flycatcher,43,42,identity,identity,0,{},3.2713995,3.2713995,0,0.037953276,0.037953276,0.86314684,0.86314684,-0.82519357,-0.82519357,0,1,1,164.24294,164.24294,False,1,True,False,False,1,1,164.24294,164.24294,1,1,158.29442,158.29442,1,1,43.802044,43.802044,1,1,42.424832,42.424832,1,1,73.170009,73.170009,1,1,81.394467,81.394467,1,1,75.738674,75.738674,1,1,74.44462,74.44462
0b_random_erasing_best,file,18,baseline_random_erasing,2094,037.Acadian_Flycatcher/Acadian_Flycatcher_0039_795606.jpg,37,36,037.Acadian_Flycatcher,43,42,random_erasing,random_erasing,0,"{""area_fraction"":0.176063,""erased"":true,""height"":0.546682,""left"":0.151839,""top"":0.138635,""width"":0.322057}",3.2713995,2.4127035,-0.85869598,0.037953276,0.08957281,0.86314684,0.72359669,-0.82519357,-0.63402388,0.19116968,0.8708791,0.81803268,164.24294,134.35609,False,0.97596896,True,False,False,0.8708791,0.81803268,164.24294,134.35609,0.86260968,0.81368676,158.29442,128.80208,0.97354244,0.87280575,43.802044,38.230676,0.71788795,0.84334853,42.424832,35.77892,0.87154457,0.79784427,73.170009,58.378272,0.86907658,0.77972501,81.394467,63.465302,0.86706729,0.81690342,75.738674,61.871182,0.89169465,0.85442911,74.44462,63.60765
0b_random_erasing_best,file,18,baseline_random_erasing,9063,155.Warbling_Vireo/Warbling_Vireo_0104_158800.jpg,155,154,155.Warbling_Vireo,152,151,identity,identity,0,{},0.47814903,0.47814903,0,0.61992979,0.61992979,0.18814042,0.18814042,0.43178937,0.43178937,0,1,1,60.75838,60.75838,False,1,True,True,True,1,1,60.75838,60.75838,1,1,58.594674,58.594674,1,1,16.070001,16.070001,1,1,11.920416,11.920416,1,1,28.582404,28.582404,1,1,31.05829,31.05829,1,1,26.763261,26.763261,1,1,28.167288,28.167288
0b_random_erasing_best,file,18,baseline_random_erasing,9063,155.Warbling_Vireo/Warbling_Vireo_0104_158800.jpg,155,154,155.Warbling_Vireo,152,151,random_erasing,random_erasing,0,"{""area_fraction"":0.061194,""erased"":true,""height"":0.307701,""left"":0.241675,""top"":0.096538,""width"":0.198874}",0.47814903,2.0647168,1.5865678,0.61992979,0.12685421,0.18814042,0.67459142,0.43178937,-0.54773721,-0.97952658,0.81380034,2.399329,60.75838,145.77934,False,0.97510743,False,True,False,0.81380034,2.399329,60.75838,145.77934,0.8047446,2.3919799,58.594674,140.15728,0.92989588,2.4949774,16.070001,40.09429,0.66347679,2.2696258,11.920416,27.054883,0.80969272,2.2063346,28.582404,63.062348,0.78924506,2.425331,31.05829,75.326633,0.80580485,2.4552009,26.763261,65.709181,0.84425214,2.4961436,28.167288,70.309598
0b_random_erasing_best,file,18,baseline_random_erasing,7197,123.Henslow_Sparrow/Henslow_Sparrow_0098_796601.jpg,123,122,123.Henslow_Sparrow,113,112,identity,identity,0,{},0.62916344,0.62916344,0,0.53303754,0.53303754,0.076303788,0.076303788,0.45673376,0.45673376,0,1,1,69.824618,69.824618,False,1,True,True,True,1,1,69.824618,69.824618,1,1,68.692748,68.692748,1,1,12.521324,12.521324,1,1,11.16397,11.16397,1,1,29.305258,29.305258,1,1,39.830879,39.830879,1,1,31.44478,31.44478,1,1,34.058599,34.058599
0b_random_erasing_best,file,18,baseline_random_erasing,7197,123.Henslow_Sparrow/Henslow_Sparrow_0098_796601.jpg,123,122,123.Henslow_Sparrow,113,112,random_erasing,random_erasing,0,"{""area_fraction"":0.071842,""erased"":true,""height"":0.395977,""left"":0.613364,""top"":0.393968,""width"":0.181431}",0.62916344,0.64480835,0.015644908,0.53303754,0.52476311,0.076303788,0.036145035,0.45673376,0.48861807,0.031884316,0.97251796,1.0154364,69.824618,70.902461,False,0.9911142,True,True,True,0.97251796,1.0154364,69.824618,70.902461,0.97211994,1.0153146,68.692748,69.744752,0.98445913,1.0190959,12.521324,12.760429,0.96861158,1.0093062,11.16397,11.267864,0.97482642,0.99520482,29.305258,29.164734,0.98151548,1.0184834,39.830879,40.567089,0.96372816,1.0114379,31.44478,31.804442,0.96511561,1.0295569,34.058599,35.065264
0b_random_erasing_best,file,18,baseline_random_erasing,4604,079.Belted_Kingfisher/Belted_Kingfisher_0111_70375.jpg,79,78,079.Belted_Kingfisher,111,110,identity,identity,0,{},2.0709777,2.0709777,0,0.12606247,0.12606247,0.15285011,0.15285011,-0.026787639,-0.026787639,0,1,1,130.17812,130.17812,False,1,True,False,False,1,1,130.17812,130.17812,1,1,127.88907,127.88907,1,1,24.304875,24.304875,1,1,18.554387,18.554387,1,1,55.616948,55.616948,1,1,68.324338,68.324338,1,1,62.889825,62.889825,1,1,65.534415,65.534415
0b_random_erasing_best,file,18,baseline_random_erasing,4604,079.Belted_Kingfisher/Belted_Kingfisher_0111_70375.jpg,79,78,079.Belted_Kingfisher,111,110,random_erasing,random_erasing,0,"{""area_fraction"":0.122481,""erased"":true,""height"":0.357738,""left"":0.120786,""top"":0.441158,""width"":0.342377}",2.0709777,1.4162135,-0.65476418,0.12606247,0.242631,0.15285011,0.087609522,-0.026787639,0.15502148,0.18180912,0.88747689,0.83526634,130.17812,108.7334,False,0.97061849,False,False,True,0.88747689,0.83526634,130.17812,108.7334,0.88453268,0.83395854,127.88907,106.65418,0.96634937,0.87069595,24.304875,21.162156,0.78077264,0.87825325,18.554387,16.295451,0.91170379,0.83027796,55.616948,46.177526,0.88585189,0.86293871,68.324338,58.959716,0.85920309,0.80343634,62.889825,50.527971,0.89612491,0.82848735,65.534415,54.294434
0b_random_erasing_best,file,18,baseline_random_erasing,10665,182.Yellow_Warbler/Yellow_Warbler_0121_176402.jpg,182,181,182.Yellow_Warbler,175,174,identity,identity,0,{},0.59873736,0.59873736,0,0.54950505,0.54950505,0.2843799,0.2843799,0.26512516,0.26512516,0,1,1,87.978386,87.978386,False,1,True,True,True,1,1,87.978386,87.978386,1,1,86.671978,86.671978,1,1,15.105122,15.105122,1,1,31.970182,31.970182,1,1,40.49968,40.49968,1,1,51.179862,51.179862,1,1,35.787767,35.787767,1,1,30.815136,30.815136
0b_random_erasing_best,file,18,baseline_random_erasing,10665,182.Yellow_Warbler/Yellow_Warbler_0121_176402.jpg,182,181,182.Yellow_Warbler,175,174,random_erasing,random_erasing,0,"{""area_fraction"":0.142267,""erased"":true,""height"":0.221345,""left"":0.321126,""top"":0.266941,""width"":0.64274}",0.59873736,2.8334093,2.234672,0.54950505,0.058812007,0.2843799,0.035786625,0.26512516,0.023025382,-0.24209977,0.56262451,2.1376089,87.978386,188.06338,False,0.84681302,False,True,False,0.56262451,2.1376089,87.978386,188.06338,0.55957364,2.132634,86.671978,184.8396,0.65742237,2.2953868,15.105122,34.672096,0.75198502,2.2286574,31.970182,71.250582,0.57345436,2.0502835,40.49968,83.035826,0.55471532,1.999144,51.179862,102.31591,0.47825666,2.2985094,35.787767,82.258518,0.46565653,2.2852635,30.815136,70.420705
0b_random_erasing_best,file,18,baseline_random_erasing,8730,149.Brown_Thrasher/Brown_Thrasher_0052_155254.jpg,149,148,149.Brown_Thrasher,150,149,identity,identity,0,{},0.42700401,0.42700401,0,0.65246093,0.65246093,0.14019884,0.14019884,0.51226209,0.51226209,0,1,1,49.112699,49.112699,False,1,True,True,True,1,1,49.112699,49.112699,1,1,48.265824,48.265824,1,1,9.0811596,9.0811596,1,1,12.491441,12.491441,1,1,24.941296,24.941296,1,1,23.074489,23.074489,1,1,21.371373,21.371373,1,1,23.713241,23.713241
0b_random_erasing_best,file,18,baseline_random_erasing,8730,149.Brown_Thrasher/Brown_Thrasher_0052_155254.jpg,149,148,149.Brown_Thrasher,150,149,random_erasing,random_erasing,0,"{""area_fraction"":0.089423,""erased"":true,""height"":0.447423,""left"":0.077817,""top"":0.467148,""width"":0.199863}",0.42700401,0.38541228,-0.041591734,0.65246093,0.68017018,0.14019884,0.09979903,0.51226209,0.58037115,0.068109058,0.97212321,0.88471336,49.112699,43.450661,False,0.99602294,True,True,True,0.97212321,0.88471336,49.112699,43.450661,0.97139903,0.88497503,48.265824,42.714049,0.99279523,0.87728941,9.0811596,7.9668052,0.96731618,0.9693371,12.491441,12.108417,0.9715633,0.85288947,24.941296,21.272168,0.97204485,0.87614638,23.074489,20.21663,0.97044904,0.88242951,21.371373,18.85873,0.97479034,0.9054468,23.713241,21.471079
0b_random_erasing_best,file,18,baseline_random_erasing,6794,117.Clay_colored_Sparrow/Clay_Colored_Sparrow_0002_110606.jpg,117,116,117.Clay_colored_Sparrow,132,131,identity,identity,0,{},0.28209314,0.28209314,0,0.75420344,0.75420344,0.083348542,0.083348542,0.6708549,0.6708549,0,1,1,40.317518,40.317518,False,0.99999988,True,True,True,1,1,40.317518,40.317518,1,1,39.685049,39.685049,1,1,7.113306,7.113306,1,1,6.3544971,6.3544971,1,1,16.468906,16.468906,1,1,23.732523,23.732523,1,1,19.101197,19.101197,1,1,18.308748,18.308748
0b_random_erasing_best,file,18,baseline_random_erasing,6794,117.Clay_colored_Sparrow/Clay_Colored_Sparrow_0002_110606.jpg,117,116,117.Clay_colored_Sparrow,132,131,random_erasing,random_erasing,0,"{""area_fraction"":0.153727,""erased"":true,""height"":0.314139,""left"":0.01517,""top"":0.665426,""width"":0.489359}",0.28209314,0.21891145,-0.063181683,0.75420344,0.80339283,0.083348542,0.050711218,0.6708549,0.75268161,0.081826713,0.92750104,0.78779929,40.317518,31.762112,False,0.9563334,True,True,True,0.92750104,0.78779929,40.317518,31.762112,0.92703517,0.78900828,39.685049,31.311833,0.94397863,0.74919447,7.113306,5.3292495,0.92595902,0.83887321,6.3544971,5.3306174,0.91756305,0.7903232,16.468906,13.015759,0.95425617,0.79766826,23.732523,18.930681,0.91867394,0.78032753,19.101197,14.90519,0.89763843,0.77641216,18.308748,14.215135
0b_random_erasing_best,file,18,baseline_random_erasing,11456,195.Carolina_Wren/Carolina_Wren_0128_186581.jpg,195,194,195.Carolina_Wren,199,198,identity,identity,0,{},0.0052738353,0.0052738353,0,0.99474007,0.99474007,0.0020655945,0.0020655945,0.99267447,0.99267447,0,1,1,0.92998677,0.92998677,False,1.0000001,True,True,True,1,1,0.92998677,0.92998677,1,1,0.91630954,0.91630954,1,1,0.15890946,0.15890946,1,1,0.2049591,0.2049591,1,1,0.48161081,0.48161081,1,1,0.50303892,0.50303892,1,1,0.37653659,0.37653659,1,1,0.41332554,0.41332554
0b_random_erasing_best,file,18,baseline_random_erasing,11456,195.Carolina_Wren/Carolina_Wren_0128_186581.jpg,195,194,195.Carolina_Wren,199,198,random_erasing,random_erasing,0,"{""area_fraction"":0.150062,""erased"":true,""height"":0.233917,""left"":0.231985,""top"":0.432723,""width"":0.641516}",0.0052738353,0.032584652,0.027310817,0.99474007,0.96794051,0.0020655945,0.016646206,0.99267447,0.9512943,-0.041380171,0.74114243,7.8259373,0.92998677,7.2780182,False,0.94740355,True,True,True,0.74114243,7.8259373,0.92998677,7.2780182,0.73617447,7.8480446,0.91630954,7.1912381,0.92911883,7.0515285,0.15890946,1.1205546,0.67009479,9.4396915,0.2049591,1.9347507,0.72131882,7.1767103,0.48161081,3.4563813,0.78238536,8.2779526,0.50303892,4.1641323,0.68903274,8.1243039,0.37653659,3.0590977,0.75417604,7.388485,0.41332554,3.0538496
0b_random_erasing_best,file,18,baseline_random_erasing,10255,175.Pine_Warbler/Pine_Warbler_0032_172080.jpg,175,174,175.Pine_Warbler,157,156,identity,identity,0,{},0.0079910103,0.0079910103,0,0.99204081,0.99204081,0.0031299265,0.0031299265,0.98891089,0.98891089,0,1,1,1.1126218,1.1126218,False,1,True,True,True,1,1,1.1126218,1.1126218,1,1,1.0843293,1.0843293,1,1,0.24931329,0.24931329,1,1,0.20791439,0.20791439,1,1,0.52648355,0.52648355,1,1,0.55384869,0.55384869,1,1,0.51484055,0.51484055,1,1,0.53249187,0.53249187
0b_random_erasing_best,file,18,baseline_random_erasing,10255,175.Pine_Warbler/Pine_Warbler_0032_172080.jpg,175,174,175.Pine_Warbler,157,156,random_erasing,random_erasing,0,"{""area_fraction"":0.174928,""erased"":true,""height"":0.275955,""left"":0.092622,""top"":0.656271,""width"":0.633902}",0.0079910103,0.0094010998,0.0014100894,0.99204081,0.99064296,0.0031299265,0.0038565909,0.98891089,0.98678637,-0.0021245126,0.92335229,1.2541504,1.1126218,1.395395,False,0.98796248,True,True,True,0.92335229,1.2541504,1.1126218,1.395395,0.92018089,1.2565737,1.0843293,1.3625397,0.98648661,1.2073959,0.24931329,0.30101983,0.84021915,1.191438,0.20791439,0.24771711,0.92752613,1.350339,0.52648355,0.71093124,0.91295911,1.2507743,0.55384869,0.69273973,0.92141735,1.2165867,0.51484055,0.62634818,0.93486493,1.2134708,0.53249187,0.64616331
0b_random_erasing_best,file,18,baseline_random_erasing,10426,177.Prothonotary_Warbler/Prothonotary_Warbler_0045_173536.jpg,177,176,177.Prothonotary_Warbler,180,179,identity,identity,0,{},0.032523151,0.032523151,0,0.96800005,0.96800005,0.0081127519,0.0081127519,0.9598873,0.9598873,0,1,1,3.9057452,3.9057452,False,1,True,True,True,1,1,3.9057452,3.9057452,1,1,3.7917017,3.7917017,1,1,0.93693319,0.93693319,1,1,0.81674784,0.81674784,1,1,1.4053596,1.4053596,1,1,1.9472758,1.9472758,1,1,1.7908919,1.7908919,1,1,2.1761691,2.1761691
0b_random_erasing_best,file,18,baseline_random_erasing,10426,177.Prothonotary_Warbler/Prothonotary_Warbler_0045_173536.jpg,177,176,177.Prothonotary_Warbler,180,179,random_erasing,random_erasing,0,"{""area_fraction"":0.168951,""erased"":true,""height"":0.311737,""left"":0.022278,""top"":0.233723,""width"":0.541968}",0.032523151,2.8619785,2.8294554,0.96800005,0.057155568,0.0081127519,0.11130313,0.9598873,-0.05414756,-1.0140349,0.45663301,30.696633,3.9057452,119.89323,False,0.84122366,False,True,False,0.45663301,30.696633,3.9057452,119.89323,0.43423642,30.554501,3.7917017,115.85355,0.7981092,32.937249,0.93693319,30.860002,0.57400584,32.513682,0.81674784,26.55548,0.33414599,36.73149,1.4053596,51.620952,0.44792609,30.508636,1.9472758,59.40873,0.39412284,29.627226,1.7908919,53.059158,0.48898261,27.979856,2.1761691,60.888899
0b_random_erasing_best,file,18,baseline_random_erasing,7265,124.Le_Conte_Sparrow/Le_Conte_Sparrow_0067_117146.jpg,124,123,124.Le_Conte_Sparrow,123,122,identity,identity,0,{},0.092463553,0.092463553,0,0.91168243,0.91168243,0.044528078,0.044528078,0.86715435,0.86715435,0,1,1,10.445038,10.445038,False,0.99999994,True,True,True,1,1,10.445038,10.445038,1,1,10.089914,10.089914,1,1,2.7004572,2.7004572,1,1,1.8360917,1.8360917,1,1,4.2047027,4.2047027,1,1,5.1135445,5.1135445,1,1,4.8566388,4.8566388,1,1,5.569589,5.569589
0b_random_erasing_best,file,18,baseline_random_erasing,7265,124.Le_Conte_Sparrow/Le_Conte_Sparrow_0067_117146.jpg,124,123,124.Le_Conte_Sparrow,123,122,random_erasing,random_erasing,0,"{""area_fraction"":0.114682,""erased"":true,""height"":0.412966,""left"":0.009668,""top"":0.333016,""width"":0.277702}",0.092463553,0.07040365,-0.022059903,0.91168243,0.93201756,0.044528078,0.032022648,0.86715435,0.89999492,0.032840569,0.96454547,0.75968822,10.445038,7.9349726,False,0.99793339,True,True,True,0.96454547,0.75968822,10.445038,7.9349726,0.96221305,0.76028959,10.089914,7.6712563,0.99756394,0.75124258,2.7004572,2.0286984,0.95615024,0.79733181,1.8360917,1.4639743,0.93737628,0.75713892,4.2047027,3.1835441,0.96127084,0.75170975,5.1135445,3.8439013,0.96348974,0.75839982,4.8566388,3.683274,0.97691185,0.76655858,5.569589,4.2694162
0b_random_erasing_best,file,18,baseline_random_erasing,10209,174.Palm_Warbler/Palm_Warbler_0095_170610.jpg,174,173,174.Palm_Warbler,104,103,identity,identity,0,{},0.18275513,0.18275513,0,0.83297211,0.83297211,0.02134154,0.02134154,0.81163057,0.81163057,0,1,1,26.212389,26.212389,False,1,True,True,True,1,1,26.212389,26.212389,1,1,25.784061,25.784061,1,1,4.7192733,4.7192733,1,1,5.0656106,5.0656106,1,1,11.799202,11.799202,1,1,15.903351,15.903351,1,1,11.299983,11.299983,1,1,10.923829,10.923829
0b_random_erasing_best,file,18,baseline_random_erasing,10209,174.Palm_Warbler/Palm_Warbler_0095_170610.jpg,174,173,174.Palm_Warbler,104,103,random_erasing,random_erasing,0,"{""area_fraction"":0.07086,""erased"":true,""height"":0.241028,""left"":0.017435,""top"":0.45736,""width"":0.29399}",0.18275513,0.10033652,-0.082418606,0.83297211,0.90453297,0.02134154,0.027233722,0.81163057,0.87729925,0.065668678,0.87703604,0.62705333,26.212389,16.436566,False,0.98753977,True,True,True,0.87703604,0.62705333,26.212389,16.436566,0.87381065,0.62728972,25.784061,16.174076,0.97451347,0.61995559,4.7192733,2.9257399,0.7282767,0.76283442,5.0656106,3.8642221,0.83353892,0.63113198,11.799202,7.4468538,0.91188882,0.62126275,15.903351,9.8801596,0.86557067,0.60594713,11.299983,6.8471925,0.8928125,0.62565674,10.923829,6.8345671
0b_random_erasing_best,file,18,baseline_random_erasing,7740,132.White_crowned_Sparrow/White_Crowned_Sparrow_0057_127927.jpg,132,131,132.White_crowned_Sparrow,117,116,identity,identity,0,{},0.59183717,0.59183717,0,0.5533098,0.5533098,0.048958756,0.048958756,0.50435104,0.50435104,0,1,1,59.027873,59.027873,False,0.99999994,True,True,True,1,1,59.027873,59.027873,1,1,57.868696,57.868696,1,1,11.640609,11.640609,1,1,10.466045,10.466045,1,1,30.872939,30.872939,1,1,28.613664,28.613664,1,1,25.80959,25.80959,1,1,28.306057,28.306057
0b_random_erasing_best,file,18,baseline_random_erasing,7740,132.White_crowned_Sparrow/White_Crowned_Sparrow_0057_127927.jpg,132,131,132.White_crowned_Sparrow,117,116,random_erasing,random_erasing,0,"{""area_fraction"":0.123744,""erased"":true,""height"":0.409495,""left"":0.500673,""top"":0.397379,""width"":0.302188}",0.59183717,0.36002573,-0.23181143,0.5533098,0.69765836,0.048958756,0.038747601,0.50435104,0.65891076,0.15455972,0.93193075,0.65278588,59.027873,38.532562,False,0.9863112,True,True,True,0.93193075,0.65278588,59.027873,38.532562,0.92980423,0.6496486,57.868696,37.594318,0.98446905,0.7260246,11.640609,8.4513683,0.92760627,0.64012272,10.466045,6.6995533,0.94295689,0.59980348,30.872939,18.517696,0.92573319,0.65485304,28.613664,18.737745,0.92144903,0.67348419,25.80959,17.382351,0.93189466,0.68165386,28.306057,19.294933
0b_random_erasing_best,file,18,baseline_random_erasing,1974,035.Purple_Finch/Purple_Finch_0053_27543.jpg,35,34,035.Purple_Finch,140,139,identity,identity,0,{},0.22547144,0.22547144,0,0.79813987,0.79813987,0.063572481,0.063572481,0.73456739,0.73456739,0,1,1,34.247447,34.247447,False,0.99999994,True,True,True,1,1,34.247447,34.247447,1,1,33.873489,33.873489,1,1,5.0472143,5.0472143,1,1,10.875912,10.875912,1,1,18.123353,18.123353,1,1,16.89642,16.89642,1,1,14.184525,14.184525,1,1,14.628129,14.628129
0b_random_erasing_best,file,18,baseline_random_erasing,1974,035.Purple_Finch/Purple_Finch_0053_27543.jpg,35,34,035.Purple_Finch,140,139,random_erasing,random_erasing,0,"{""area_fraction"":0.151967,""erased"":true,""height"":0.292872,""left"":0.478599,""top"":0.07843,""width"":0.518886}",0.22547144,0.75751019,0.53203875,0.79813987,0.46883228,0.063572481,0.096914895,0.73456739,0.37191739,-0.36265,0.89586162,2.5897644,34.247447,88.692819,False,0.98015034,True,True,True,0.89586162,2.5897644,34.247447,88.692819,0.89447689,2.5899683,33.873489,87.731263,0.9584655,2.580564,5.0472143,13.024659,0.93095984,2.6480568,10.875912,28.800032,0.93383071,2.6581813,18.123353,48.175158,0.89025699,2.6648164,16.89642,45.025856,0.83766379,2.4647695,14.184525,34.961584,0.87047877,2.4618157,14.628129,36.011757
0b_random_erasing_best,file,18,baseline_random_erasing,10503,179.Tennessee_Warbler/Tennessee_Warbler_0063_168561.jpg,179,178,179.Tennessee_Warbler,154,153,identity,identity,0,{},1.7126393,1.7126393,0,0.18038906,0.18038906,0.22403882,0.22403882,-0.043649763,-0.043649763,0,1,1,127.52784,127.52784,False,1,True,False,False,1,1,127.52784,127.52784,1,1,124.49807,124.49807,1,1,27.63296,27.63296,1,1,35.010369,35.010369,1,1,61.582674,61.582674,1,1,66.703459,66.703459,1,1,54.972937,54.972937,1,1,54.865681,54.865681
0b_random_erasing_best,file,18,baseline_random_erasing,10503,179.Tennessee_Warbler/Tennessee_Warbler_0063_168561.jpg,179,178,179.Tennessee_Warbler,154,153,random_erasing,random_erasing,0,"{""area_fraction"":0.110482,""erased"":true,""height"":0.434161,""left"":0.281345,""top"":0.005947,""width"":0.254472}",1.7126393,2.7668014,1.054162,0.18038906,0.062862746,0.22403882,0.0086347517,-0.043649763,0.054227995,0.097877758,0.81284148,1.1730993,127.52784,149.60282,False,0.94153947,False,False,False,0.81284148,1.1730993,127.52784,149.60282,0.80908287,1.1783925,124.49807,146.7076,0.902032,1.0599547,27.63296,29.289686,0.89433743,1.1521524,35.010369,40.33728,0.79255057,1.098911,61.582674,67.67388,0.79365389,1.1774901,66.703459,78.542661,0.80446482,1.2837458,54.972937,70.571275,0.8280805,1.1765536,54.865681,64.552414
0b_random_erasing_best,file,18,baseline_random_erasing,8679,148.Green_tailed_Towhee/Green_Tailed_Towhee_0094_797396.jpg,148,147,148.Green_tailed_Towhee,116,115,identity,identity,0,{},0.059112635,0.059112635,0,0.94260061,0.94260061,0.018206922,0.018206922,0.92439369,0.92439369,0,1,1,8.5644161,8.5644161,False,1,True,True,True,1,1,8.5644161,8.5644161,1,1,8.385813,8.385813,1,1,1.7399317,1.7399317,1,1,1.9694714,1.9694714,1,1,3.0717262,3.0717262,1,1,4.4839875,4.4839875,1,1,4.0040649,4.0040649,1,1,4.5682448,4.5682448
0b_random_erasing_best,file,18,baseline_random_erasing,8679,148.Green_tailed_Towhee/Green_Tailed_Towhee_0094_797396.jpg,148,147,148.Green_tailed_Towhee,116,115,random_erasing,random_erasing,0,"{""area_fraction"":0.064077,""erased"":true,""height"":0.301483,""left"":0.493958,""top"":0.247726,""width"":0.212539}",0.059112635,0.086662754,0.02755012,0.94260061,0.91698629,0.018206922,0.028382875,0.92439369,0.88860341,-0.035790274,0.92405801,1.4702437,8.5644161,12.591779,False,0.9955799,True,True,True,0.92405801,1.4702437,8.5644161,12.591779,0.92102532,1.4705004,8.385813,12.331342,0.99481151,1.4642682,1.7399317,2.5477266,0.92495295,1.5512552,1.9694714,3.0551527,0.91845062,1.4680094,3.0717262,4.509323,0.92536822,1.4933949,4.4839875,6.696364,0.90193733,1.4391827,4.0040649,5.7625808,0.93217853,1.4577228,4.5682448,6.6592345
0b_random_erasing_best,file,18,baseline_random_erasing,5721,098.Scott_Oriole/Scott_Oriole_0077_795831.jpg,98,97,098.Scott_Oriole,174,173,identity,identity,0,{},2.6174626,2.6174626,0,0.072987817,0.072987817,0.3151086,0.3151086,-0.24212078,-0.24212078,0,1,1,107.84748,107.84748,False,1.0000001,True,False,False,1,1,107.84748,107.84748,1,1,104.00933,104.00933,1,1,28.515575,28.515575,1,1,26.862214,26.862214,1,1,38.062992,38.062992,1,1,53.294564,53.294564,1,1,50.083254,50.083254,1,1,57.436297,57.436297
0b_random_erasing_best,file,18,baseline_random_erasing,5721,098.Scott_Oriole/Scott_Oriole_0077_795831.jpg,98,97,098.Scott_Oriole,174,173,random_erasing,random_erasing,0,"{""area_fraction"":0.130891,""erased"":true,""height"":0.23593,""left"":0.133783,""top"":0.378792,""width"":0.554786}",2.6174626,3.4951022,0.87763953,0.072987817,0.030345647,0.3151086,0.007762583,-0.24212078,0.022583064,0.26470384,0.45440238,1.254606,107.84748,135.30609,False,0.91869158,False,False,False,0.45440238,1.254606,107.84748,135.30609,0.42817597,1.2512053,104.00933,130.13703,0.79077525,1.2990012,28.515575,37.041765,0.42429729,0.9920018,26.862214,26.647364,0.36783669,1.375653,38.062992,52.361469,0.38900811,1.2222686,53.294564,65.140274,0.36343096,1.2629498,50.083254,63.252637,0.5428496,1.2602779,57.436297,72.385696
0b_random_erasing_best,file,18,baseline_random_erasing,545,011.Rusty_Blackbird/Rusty_Blackbird_0113_6664.jpg,11,10,011.Rusty_Blackbird,9,8,identity,identity,0,{},0.53355265,0.53355265,0,0.58651757,0.58651757,0.095619403,0.095619403,0.49089817,0.49089817,0,1,1,79.928762,79.928762,False,1,True,True,True,1,1,79.928762,79.928762,1,1,78.877764,78.877764,1,1,12.919184,12.919184,1,1,15.95958,15.95958,1,1,37.972843,37.972843,1,1,45.584892,45.584892,1,1,37.112514,37.112514,1,1,32.706814,32.706814
0b_random_erasing_best,file,18,baseline_random_erasing,545,011.Rusty_Blackbird/Rusty_Blackbird_0113_6664.jpg,11,10,011.Rusty_Blackbird,9,8,random_erasing,random_erasing,0,"{""area_fraction"":0.073776,""erased"":true,""height"":0.24817,""left"":0.617278,""top"":0.107916,""width"":0.297281}",0.53355265,0.29695606,-0.23659658,0.58651757,0.74307668,0.095619403,0.04629517,0.49089817,0.69678151,0.20588334,0.95637967,0.62205328,79.928762,49.719948,False,0.99276221,True,True,True,0.95637967,0.62205328,79.928762,49.719948,0.95547781,0.62211597,78.877764,49.071117,0.99013554,0.61971166,12.919184,8.0061687,0.97175076,0.63877102,15.95958,10.194517,0.9552001,0.59033771,37.972843,22.416801,0.9559039,0.64050549,45.584892,29.197374,0.95170466,0.61470368,37.112514,22.813199,0.9585547,0.63298036,32.706814,20.702771
0b_random_erasing_best,file,18,baseline_random_erasing,8129,139.Scarlet_Tanager/Scarlet_Tanager_0083_138500.jpg,139,138,139.Scarlet_Tanager,42,41,identity,identity,0,{},0.0022625343,0.0022625343,0,0.99774003,0.99774003,0.0007243689,0.0007243689,0.99701566,0.99701566,0,1,1,0.28388395,0.28388395,False,0.99999994,True,True,True,1,1,0.28388395,0.28388395,1,1,0.2756458,0.2756458,1,1,0.067893225,0.067893225,1,1,0.045286301,0.045286301,1,1,0.1025022,0.1025022,1,1,0.12655654,0.12655654,1,1,0.1305752,0.1305752,1,1,0.17423151,0.17423151
0b_random_erasing_best,file,18,baseline_random_erasing,8129,139.Scarlet_Tanager/Scarlet_Tanager_0083_138500.jpg,139,138,139.Scarlet_Tanager,42,41,random_erasing,random_erasing,0,"{""area_fraction"":0.067621,""erased"":true,""height"":0.275534,""left"":0.048717,""top"":0.463919,""width"":0.245419}",0.0022625343,0.0038364159,0.0015738816,0.99774003,0.99617094,0.0007243689,0.00096680725,0.99701566,0.99520413,-0.0018115306,0.91889755,1.6345538,0.28388395,0.4640236,False,0.99327368,True,True,True,0.91889755,1.6345538,0.28388395,0.4640236,0.91491385,1.6372217,0.2756458,0.4512933,0.98688877,1.5899321,0.067893225,0.10794562,0.8419742,2.0511177,0.045286301,0.092887533,0.89703094,1.6586566,0.1025022,0.17001594,0.92226488,1.6879696,0.12655654,0.21362359,0.89933864,1.5968919,0.1305752,0.20851447,0.9351667,1.5928383,0.17423151,0.27752263
0b_random_erasing_best,file,18,baseline_random_erasing,2176,039.Least_Flycatcher/Least_Flycatcher_0024_30230.jpg,39,38,039.Least_Flycatcher,37,36,identity,identity,0,{},2.1693535,2.1693535,0,0.11425146,0.11425146,0.34079441,0.34079441,-0.22654296,-0.22654296,0,1,1,102.74343,102.74343,False,1,True,False,False,1,1,102.74343,102.74343,1,1,98.934868,98.934868,1,1,27.714705,27.714705,1,1,16.845702,16.845702,1,1,47.64312,47.64312,1,1,50.848172,50.848172,1,1,45.610514,45.610514,1,1,50.681437,50.681437
0b_random_erasing_best,file,18,baseline_random_erasing,2176,039.Least_Flycatcher/Least_Flycatcher_0024_30230.jpg,39,38,039.Least_Flycatcher,37,36,random_erasing,random_erasing,0,"{""area_fraction"":0.183594,""erased"":true,""height"":0.288027,""left"":0.160563,""top"":0.458431,""width"":0.637419}",2.1693535,2.0394633,-0.1298902,0.11425146,0.13009852,0.34079441,0.12331367,-0.22654296,0.0067848563,0.23332781,0.80025804,0.95974539,102.74343,98.607536,False,0.96998775,False,False,False,0.80025804,0.95974539,102.74343,98.607536,0.78932357,0.96166366,98.934868,95.142067,0.9438735,0.93495593,27.714705,25.912028,0.72299894,0.93956516,16.845702,15.827634,0.79111798,0.82110556,47.64312,39.120031,0.77369265,0.99839594,50.848172,50.766609,0.78958992,1.0410348,45.610514,47.482132,0.82110665,0.97450828,50.681437,49.38948
0b_random_erasing_best,file,18,baseline_random_erasing,1034,019.Gray_Catbird/Gray_Catbird_0050_20763.jpg,19,18,019.Gray_Catbird,27,26,identity,identity,0,{},0.0014385362,0.0014385362,0,0.99856251,0.99856251,0.00093158835,0.00093158835,0.99763093,0.99763093,0,1,1,0.2087045,0.2087045,False,0.99999994,True,True,True,1,1,0.2087045,0.2087045,1,1,0.20161526,0.20161526,1,1,0.053933838,0.053933838,1,1,0.053911191,0.053911191,1,1,0.08385335,0.08385335,1,1,0.097360852,0.097360852,1,1,0.097056718,0.097056718,1,1,0.10868196,0.10868196
0b_random_erasing_best,file,18,baseline_random_erasing,1034,019.Gray_Catbird/Gray_Catbird_0050_20763.jpg,19,18,019.Gray_Catbird,27,26,random_erasing,random_erasing,0,"{""area_fraction"":0.180931,""erased"":true,""height"":0.749105,""left"":0.109504,""top"":0.166539,""width"":0.24153}",0.0014385362,0.0029985013,0.0015599651,0.99856251,0.997006,0.00093158835,0.0015514792,0.99763093,0.99545452,-0.0021764066,0.76496948,1.8528706,0.2087045,0.38670243,False,0.9569512,True,True,True,0.76496948,1.8528706,0.2087045,0.38670243,0.75074775,1.8420202,0.20161526,0.37137938,0.95051533,1.99834,0.053933838,0.10777814,0.85145059,1.59915,0.053911191,0.086212079,0.71361917,1.8825254,0.08385335,0.15785606,0.69830693,1.7606575,0.097360852,0.17141911,0.72298302,1.80694,0.097056718,0.17537566,0.81368049,1.9611736,0.10868196,0.2131442
0b_random_erasing_best,file,18,baseline_random_erasing,4167,072.Pomarine_Jaeger/Pomarine_Jaeger_0006_795775.jpg,72,71,072.Pomarine_Jaeger,86,85,identity,identity,0,{},2.1241276,2.1241276,0,0.1195372,0.1195372,0.13541144,0.13541144,-0.015874244,-0.015874244,0,1,1,113.55334,113.55334,False,0.99999988,True,False,False,1,1,113.55334,113.55334,1,1,111.61138,111.61138,1,1,20.910789,20.910789,1,1,33.452521,33.452521,1,1,44.861061,44.861061,1,1,55.49715,55.49715,1,1,57.129711,57.129711,1,1,54.605652,54.605652
0b_random_erasing_best,file,18,baseline_random_erasing,4167,072.Pomarine_Jaeger/Pomarine_Jaeger_0006_795775.jpg,72,71,072.Pomarine_Jaeger,86,85,random_erasing,random_erasing,0,"{""area_fraction"":0.140998,""erased"":true,""height"":0.262845,""left"":0.451983,""top"":0.32393,""width"":0.536432}",2.1241276,1.8456346,-0.27849305,0.1195372,0.15792507,0.13541144,0.09697713,-0.015874244,0.06094794,0.076822184,0.85618335,1.1132529,113.55334,126.41359,False,0.97081614,False,False,True,0.85618335,1.1132529,113.55334,126.41359,0.85243287,1.1140356,111.61138,124.33905,0.9654998,1.0907189,20.910789,22.807794,0.88556231,1.0849093,33.452521,36.292951,0.79856575,1.0211335,44.861061,45.809133,0.84939851,1.1834145,55.49715,65.676134,0.86797383,1.1244879,57.129711,64.241671,0.86389031,1.0994277,54.605652,60.034966
0b_random_erasing_best,file,18,baseline_random_erasing,5465,094.White_breasted_Nuthatch/White_Breasted_Nuthatch_0094_86156.jpg,94,93,094.White_breasted_Nuthatch,111,110,identity,identity,0,{},0.78912091,0.78912091,0,0.45424393,0.45424393,0.043958526,0.043958526,0.4102854,0.4102854,0,1,1,106.66477,106.66477,False,0.99999994,True,True,True,1,1,106.66477,106.66477,1,1,105.87634,105.87634,1,1,12.945012,12.945012,1,1,21.592118,21.592118,1,1,56.346297,56.346297,1,1,59.772879,59.772879,1,1,47.502499,47.502499,1,1,41.706002,41.706002
0b_random_erasing_best,file,18,baseline_random_erasing,5465,094.White_breasted_Nuthatch/White_Breasted_Nuthatch_0094_86156.jpg,94,93,094.White_breasted_Nuthatch,111,110,random_erasing,random_erasing,0,"{""area_fraction"":0.16529,""erased"":true,""height"":0.504085,""left"":0.44461,""top"":0.011164,""width"":0.327902}",0.78912091,0.59682071,-0.1923002,0.45424393,0.55055922,0.043958526,0.031214708,0.4102854,0.51934451,0.10905911,0.89736929,0.84554449,106.66477,90.189808,False,0.95597571,True,True,True,0.89736929,0.84554449,106.66477,90.189808,0.89650398,0.84461137,105.87634,89.424362,0.95350473,0.90578486,12.945012,11.725396,0.8769247,0.94615059,21.592118,20.429395,0.90338142,0.81002094,56.346297,45.64168,0.90244871,0.82007734,59.772879,49.018384,0.89398335,0.87329132,47.502499,41.48352,0.88806071,0.88829877,41.706002,37.04739
0b_random_erasing_best,file,18,baseline_random_erasing,6768,116.Chipping_Sparrow/Chipping_Sparrow_0037_109851.jpg,116,115,116.Chipping_Sparrow,130,129,identity,identity,0,{},0.56503707,0.56503707,0,0.56833905,0.56833905,0.29191208,0.29191208,0.27642697,0.27642697,0,1,1,64.163994,64.163994,False,1,True,True,True,1,1,64.163994,64.163994,1,1,62.420153,62.420153,1,1,14.857409,14.857409,1,1,12.604436,12.604436,1,1,27.537907,27.537907,1,1,33.50193,33.50193,1,1,29.576858,29.576858,1,1,31.335245,31.335245
0b_random_erasing_best,file,18,baseline_random_erasing,6768,116.Chipping_Sparrow/Chipping_Sparrow_0037_109851.jpg,116,115,116.Chipping_Sparrow,130,129,random_erasing,random_erasing,0,"{""area_fraction"":0.127007,""erased"":true,""height"":0.22867,""left"":0.109577,""top"":0.098618,""width"":0.555417}",0.56503707,3.9681869,3.4031498,0.56833905,0.018907689,0.29191208,0.047087688,0.27642697,-0.028179999,-0.30460697,0.5351925,2.1995286,64.163994,141.13054,False,0.84846431,False,True,False,0.5351925,2.1995286,64.163994,141.13054,0.52642298,2.2078282,62.420153,137.81297,0.70354701,2.0475038,14.857409,30.420602,0.37597786,2.8036992,12.604436,35.339047,0.43899949,2.4654549,27.537907,67.893467,0.56534326,2.264078,33.50193,75.850981,0.57443328,2.0047524,29.576858,59.294276,0.5627052,1.9839645,31.335245,62.168012
0b_random_erasing_best,file,18,baseline_random_erasing,984,018.Spotted_Catbird/Spotted_Catbird_0013_19428.jpg,18,17,018.Spotted_Catbird,181,180,identity,identity,0,{},0.0050243069,0.0050243069,0,0.99498832,0.99498832,0.0017464819,0.0017464819,0.99324184,0.99324184,0,1,1,1.1933288,1.1933288,False,1.0000001,True,True,True,1,1,1.1933288,1.1933288,1,1,1.1821231,1.1821231,1,1,0.16315192,0.16315192,1,1,0.42896507,0.42896507,1,1,0.61229695,0.61229695,1,1,0.66000038,0.66000038,1,1,0.45744034,0.45744034,1,1,0.44005025,0.44005025
0b_random_erasing_best,file,18,baseline_random_erasing,984,018.Spotted_Catbird/Spotted_Catbird_0013_19428.jpg,18,17,018.Spotted_Catbird,181,180,random_erasing,random_erasing,0,"{""area_fraction"":0.135519,""erased"":true,""height"":0.380383,""left"":0.238558,""top"":0.14462,""width"":0.356269}",0.0050243069,0.0012709168,-0.0037533902,0.99498832,0.99872988,0.0017464819,0.0006486713,0.99324184,0.99808121,0.0048393729,0.80817084,0.286732,1.1933288,0.34216554,False,0.96680015,True,True,True,0.80817084,0.286732,1.1933288,0.34216554,0.8052781,0.28565065,1.1821231,0.33767423,0.94774028,0.33868611,0.16315192,0.05525729,0.78761377,0.23093653,0.42896507,0.099063705,0.84952098,0.28836785,0.61229695,0.17656676,0.78679194,0.29432638,0.66000038,0.19425552,0.76912146,0.31883542,0.45744034,0.14584818,0.8431834,0.26914643,0.44005025,0.11843795
0b_random_erasing_best,file,18,baseline_random_erasing,10060,171.Myrtle_Warbler/Myrtle_Warbler_0037_166690.jpg,171,170,171.Myrtle_Warbler,122,121,identity,identity,0,{},0.39194697,0.39194697,0,0.67573994,0.67573994,0.026331218,0.026331218,0.64940873,0.64940873,0,1,1,56.080554,56.080554,False,0.99999988,True,True,True,1,1,56.080554,56.080554,1,1,55.474298,55.474298,1,1,8.2237952,8.2237952,1,1,13.833318,13.833318,1,1,29.754268,29.754268,1,1,29.42025,29.42025,1,1,23.914835,23.914835,1,1,23.732894,23.732894
0b_random_erasing_best,file,18,baseline_random_erasing,10060,171.Myrtle_Warbler/Myrtle_Warbler_0037_166690.jpg,171,170,171.Myrtle_Warbler,122,121,random_erasing,random_erasing,0,"{""area_fraction"":0.088983,""erased"":true,""height"":0.419517,""left"":0.145771,""top"":0.099155,""width"":0.212109}",0.39194697,0.49981314,0.10786617,0.67573994,0.60664403,0.026331218,0.043915428,0.64940873,0.56272861,-0.08668012,0.9588898,1.2098855,56.080554,67.851049,False,0.98987484,True,True,True,0.9588898,1.2098855,56.080554,67.851049,0.9582304,1.2094258,55.474298,67.092047,0.98851946,1.2306218,8.2237952,10.120382,0.97382951,1.3063162,13.833318,18.070687,0.96999957,1.1568806,29.754268,34.422137,0.95386565,1.2062502,29.42025,35.488183,0.95242376,1.2333507,23.914835,29.495378,0.95057537,1.236033,23.732894,29.33464
0b_random_erasing_best,file,18,baseline_random_erasing,8280,141.Artic_Tern/Artic_Tern_0052_143244.jpg,141,140,141.Artic_Tern,144,143,identity,identity,0,{},0.63514596,0.63514596,0,0.52985811,0.52985811,0.29726988,0.29726988,0.23258823,0.23258823,0,1,1,68.31221,68.31221,False,1,True,True,True,1,1,68.31221,68.31221,1,1,66.004749,66.004749,1,1,17.604862,17.604862,1,1,16.472285,16.472285,1,1,32.315081,32.315081,1,1,35.437765,35.437765,1,1,29.329938,29.329938,1,1,30.412922,30.412922
0b_random_erasing_best,file,18,baseline_random_erasing,8280,141.Artic_Tern/Artic_Tern_0052_143244.jpg,141,140,141.Artic_Tern,144,143,random_erasing,random_erasing,0,"{""area_fraction"":0.126353,""erased"":true,""height"":0.259809,""left"":0.21206,""top"":0.254798,""width"":0.486328}",0.63514596,1.091126,0.45598,0.52985811,0.33583814,0.29726988,0.29756206,0.23258823,0.038276076,-0.19431216,0.85055536,1.9655792,68.31221,134.27306,False,0.96713483,True,True,True,0.85055536,1.9655792,68.31221,134.27306,0.84704874,1.9813318,66.004749,130.77731,0.91447864,1.7290267,17.604862,30.439276,0.87539398,2.2546481,16.472285,37.139206,0.89686587,1.9594386,32.315081,63.319418,0.86252056,2.0703102,35.437765,73.367167,0.80605692,1.9610637,29.329938,57.517875,0.80054779,1.8078404,30.412922,54.981711
0b_random_erasing_best,file,18,baseline_random_erasing,7704,132.White_crowned_Sparrow/White_Crowned_Sparrow_0021_127092.jpg,132,131,132.White_crowned_Sparrow,119,118,identity,identity,0,{},4.78967,4.78967,0,0.0083152,0.0083152,0.57292235,0.57292235,-0.56460715,-0.56460715,0,1,1,143.69716,143.69716,False,1,True,False,False,1,1,143.69716,143.69716,1,1,140.59692,140.59692,1,1,29.688053,29.688053,1,1,25.006783,25.006783,1,1,69.290625,69.290625,1,1,73.122612,73.122612,1,1,67.67607,67.67607,1,1,66.437915,66.437915
0b_random_erasing_best,file,18,baseline_random_erasing,7704,132.White_crowned_Sparrow/White_Crowned_Sparrow_0021_127092.jpg,132,131,132.White_crowned_Sparrow,119,118,random_erasing,random_erasing,0,"{""area_fraction"":0.181757,""erased"":true,""height"":0.354866,""left"":0.257979,""top"":0.546445,""width"":0.512184}",4.78967,4.4367447,-0.3529253,0.0083152,0.0118344,0.57292235,0.36087567,-0.56460715,-0.34904127,0.21556588,0.80021067,0.9152596,143.69716,131.5202,False,0.92822701,True,False,False,0.80021067,0.9152596,143.69716,131.5202,0.79537033,0.91473956,140.59692,128.60956,0.90741721,0.92684619,29.688053,27.516259,0.77329168,1.0525975,25.006783,26.322076,0.83442924,0.89650234,69.290625,62.119208,0.75367753,0.87345039,73.122612,63.868975,0.80559411,0.92729111,67.67607,62.755418,0.7977675,0.94852648,66.437915,63.018122
0b_random_erasing_best,file,18,baseline_random_erasing,2932,051.Horned_Grebe/Horned_Grebe_0066_34738.jpg,51,50,051.Horned_Grebe,50,49,identity,identity,0,{},0.106904,0.106904,0,0.89861196,0.89861196,0.082387261,0.082387261,0.8162247,0.8162247,0,1,1,13.753779,13.753779,False,1,True,True,True,1,1,13.753779,13.753779,1,1,13.409683,13.409683,1,1,3.0572624,3.0572624,1,1,2.420931,2.420931,1,1,5.4911751,5.4911751,1,1,7.1453847,7.1453847,1,1,6.4569585,6.4569585,1,1,7.145407,7.145407
0b_random_erasing_best,file,18,baseline_random_erasing,2932,051.Horned_Grebe/Horned_Grebe_0066_34738.jpg,51,50,051.Horned_Grebe,50,49,random_erasing,random_erasing,0,"{""area_fraction"":0.156896,""erased"":true,""height"":0.33804,""left"":0.335304,""top"":0.048207,""width"":0.464135}",0.106904,0.14857751,0.041673511,0.89861196,0.86193317,0.082387261,0.11444532,0.8162247,0.74748785,-0.068736851,0.9106377,1.4244897,13.753779,19.592116,False,0.98781359,True,True,True,0.9106377,1.4244897,13.753779,19.592116,0.90666256,1.4250109,13.409683,19.108944,0.9877099,1.414424,3.0572624,4.3242655,0.92163649,1.3771188,2.420931,3.3339096,0.89832377,1.5214734,5.4911751,8.3546766,0.91554157,1.4610822,7.1453847,10.439994,0.89285823,1.3836721,6.4569585,8.9343132,0.91508015,1.3670815,7.145407,9.768354
0b_random_erasing_best,file,18,baseline_random_erasing,9308,159.Black_and_white_Warbler/Black_And_White_Warbler_0080_160375.jpg,159,158,159.Black_and_white_Warbler,114,113,identity,identity,0,{},0.010788213,0.010788213,0,0.98926979,0.98926979,0.0031909859,0.0031909859,0.98607881,0.98607881,0,1,1,1.5953136,1.5953136,False,1.0000001,True,True,True,1,1,1.5953136,1.5953136,1,1,1.5602457,1.5602457,1,1,0.33265438,0.33265438,1,1,0.24488611,0.24488611,1,1,0.60247016,0.60247016,1,1,0.76216127,0.76216127,1,1,0.78667934,0.78667934,1,1,0.90092896,0.90092896
0b_random_erasing_best,file,18,baseline_random_erasing,9308,159.Black_and_white_Warbler/Black_And_White_Warbler_0080_160375.jpg,159,158,159.Black_and_white_Warbler,114,113,random_erasing,random_erasing,0,"{""area_fraction"":0.171709,""erased"":true,""height"":0.335602,""left"":0.358709,""top"":0.421059,""width"":0.511644}",0.010788213,0.00011777184,-0.010670441,0.98926979,0.99988222,0.0031909859,3.1539548e-06,0.98607881,0.99987907,0.01380026,0.6309742,0.010108695,1.5953136,0.016126539,False,0.94369495,True,True,True,0.6309742,0.010108695,1.5953136,0.016126539,0.61737559,0.0099043225,1.5602457,0.015453177,0.87850287,0.013862301,0.33265438,0.004611355,0.31253033,0.0097168647,0.24488611,0.0023795252,0.47437787,0.0089560968,0.60247016,0.0053957811,0.54801413,0.0096121462,0.76216127,0.0073260056,0.58475704,0.0092012183,0.78667934,0.0072384083,0.75940128,0.010985808,0.90092896,0.0098974322
0b_random_erasing_best,file,18,baseline_random_erasing,3289,057.Rose_breasted_Grosbeak/Rose_Breasted_Grosbeak_0062_39234.jpg,57,56,057.Rose_breasted_Grosbeak,6,5,identity,identity,0,{},1.0181726,1.0181726,0,0.36125448,0.36125448,0.10451809,0.10451809,0.25673639,0.25673639,0,1,1,88.836798,88.836798,False,0.99999988,True,True,True,1,1,88.836798,88.836798,1,1,87.492492,87.492492,1,1,15.396122,15.396122,1,1,15.924889,15.924889,1,1,45.892274,45.892274,1,1,46.595419,46.595419,1,1,38.209837,38.209837,1,1,40.793485,40.793485
0b_random_erasing_best,file,18,baseline_random_erasing,3289,057.Rose_breasted_Grosbeak/Rose_Breasted_Grosbeak_0062_39234.jpg,57,56,057.Rose_breasted_Grosbeak,6,5,random_erasing,random_erasing,0,"{""area_fraction"":0.120144,""erased"":true,""height"":0.335129,""left"":0.546466,""top"":0.117644,""width"":0.358501}",1.0181726,1.0993508,0.081178188,0.36125448,0.33308727,0.10451809,0.098265372,0.25673639,0.23482189,-0.021914497,0.9353546,1.0420781,88.836798,92.574878,False,0.98408335,True,True,True,0.9353546,1.0420781,88.836798,92.574878,0.93389414,1.0412759,87.492492,91.103823,0.98163659,1.0676588,15.396122,16.437806,0.92315129,1.1389686,15.924889,18.137949,0.94304099,1.0114263,45.892274,46.416654,0.93923531,1.0431784,46.595419,48.607336,0.91634853,1.0344489,38.209837,39.526123,0.93414319,1.0661151,40.793485,43.490553
0b_random_erasing_best,file,18,baseline_random_erasing,3205,056.Pine_Grosbeak/Pine_Grosbeak_0036_38968.jpg,56,55,056.Pine_Grosbeak,34,33,identity,identity,0,{},1.0245084,1.0245084,0,0.35897291,0.35897291,0.22286153,0.22286153,0.13611138,0.13611138,0,1,1,108.6501,108.6501,False,0.99999994,True,True,True,1,1,108.6501,108.6501,1,1,107.28588,107.28588,1,1,17.163477,17.163477,1,1,17.775326,17.775326,1,1,55.534113,55.534113,1,1,56.429628,56.429628,1,1,49.46508,49.46508,1,1,49.791193,49.791193
0b_random_erasing_best,file,18,baseline_random_erasing,3205,056.Pine_Grosbeak/Pine_Grosbeak_0036_38968.jpg,56,55,056.Pine_Grosbeak,34,33,random_erasing,random_erasing,0,"{""area_fraction"":0.148754,""erased"":true,""height"":0.21586,""left"":0.179713,""top"":0.339496,""width"":0.689121}",1.0245084,0.22790515,-0.7966032,0.35897291,0.7961998,0.22286153,0.0019320789,0.13611138,0.79426772,0.65815634,0.60107963,0.31503538,108.6501,34.228627,False,0.92520213,True,True,True,0.60107963,0.31503538,108.6501,34.228627,0.59392406,0.31398306,107.28588,33.685948,0.85341651,0.35371019,17.163477,6.0708969,0.45789355,0.29984566,17.775326,5.3298545,0.69131821,0.33212015,55.534113,18.443998,0.41955122,0.28923246,56.429628,16.32128,0.56169824,0.30327566,49.46508,15.001555,0.71704383,0.33288611,49.791193,16.574797
0b_random_erasing_best,file,18,baseline_random_erasing,9290,158.Bay_breasted_Warbler/Bay_Breasted_Warbler_0079_159998.jpg,158,157,158.Bay_breasted_Warbler,21,20,identity,identity,0,{},0.080371156,0.080371156,0,0.92277378,0.92277378,0.022825543,0.022825543,0.89994824,0.89994824,0,1,1,11.820667,11.820667,False,0.99999994,True,True,True,1,1,11.820667,11.820667,1,1,11.659311,11.659311,1,1,1.9464455,1.9464455,1,1,2.4973889,2.4973889,1,1,4.9401681,4.9401681,1,1,5.8685952,5.8685952,1,1,5.4689255,5.4689255,1,1,6.3990433,6.3990433
0b_random_erasing_best,file,18,baseline_random_erasing,9290,158.Bay_breasted_Warbler/Bay_Breasted_Warbler_0079_159998.jpg,158,157,158.Bay_breasted_Warbler,21,20,random_erasing,random_erasing,0,"{""area_fraction"":0.05637,""erased"":true,""height"":0.204192,""left"":0.668221,""top"":0.422896,""width"":0.276064}",0.080371156,0.073879078,-0.0064920783,0.92277378,0.92878401,0.022825543,0.02177096,0.89994824,0.90701305,0.0070648175,0.98614596,0.94063409,11.820667,11.118923,False,0.9972887,True,True,True,0.98614596,0.94063409,11.820667,11.118923,0.98583783,0.94046432,11.659311,10.965166,0.99714973,0.9467055,1.9464455,1.8427107,0.98178232,0.95046169,2.4973889,2.3736724,0.98476069,0.97013643,4.9401681,4.7926371,0.9856009,0.94474184,5.8685952,5.5443074,0.98626772,0.92997359,5.4689255,5.0859563,0.98753229,0.92485407,6.3990433,5.9181813
0b_random_erasing_best,file,18,baseline_random_erasing,9869,168.Kentucky_Warbler/Kentucky_Warbler_0071_165342.jpg,168,167,168.Kentucky_Warbler,20,19,identity,identity,0,{},0.15459085,0.15459085,0,0.85676569,0.85676569,0.034989372,0.034989372,0.82177632,0.82177632,0,1,1,16.284085,16.284085,False,0.99999994,True,True,True,1,1,16.284085,16.284085,1,1,15.767228,15.767228,1,1,4.0701295,4.0701295,1,1,3.0690547,3.0690547,1,1,6.1180262,6.1180262,1,1,8.4751308,8.4751308,1,1,7.5066834,7.5066834,1,1,8.5777624,8.5777624
0b_random_erasing_best,file,18,baseline_random_erasing,9869,168.Kentucky_Warbler/Kentucky_Warbler_0071_165342.jpg,168,167,168.Kentucky_Warbler,20,19,random_erasing,random_erasing,0,"{""area_fraction"":0.056008,""erased"":true,""height"":0.429159,""left"":0.335766,""top"":0.415342,""width"":0.130506}",0.15459085,0.14728983,-0.0073010176,0.85676569,0.86304379,0.034989372,0.050705086,0.82177632,0.8123387,-0.0094376169,0.85438151,1.0452705,16.284085,17.021274,False,0.98744726,True,True,True,0.85438151,1.0452705,16.284085,17.021274,0.84698395,1.0461619,15.767228,16.495074,0.96701863,1.0318002,4.0701295,4.1995602,0.74671653,1.2386499,3.0690547,3.8014844,0.82016633,1.1310214,6.1180262,6.9196183,0.85011205,1.0202214,8.4751308,8.6465097,0.83202605,1.0429977,7.5066834,7.8294531,0.89161673,1.0007785,8.5777624,8.5844397
0b_random_erasing_best,file,18,baseline_random_erasing,4485,077.Tropical_Kingbird/Tropical_Kingbird_0003_69852.jpg,77,76,077.Tropical_Kingbird,38,37,identity,identity,0,{},0.0085205585,0.0085205585,0,0.99151564,0.99151564,0.0077472832,0.0077472832,0.98376835,0.98376835,0,1,1,1.2521247,1.2521247,False,1.0000002,True,True,True,1,1,1.2521247,1.2521247,1,1,1.1952605,1.1952605,1,1,0.37305304,0.37305304,1,1,0.43217637,0.43217637,1,1,0.5450267,0.5450267,1,1,0.56349295,0.56349295,1,1,0.51263821,0.51263821,1,1,0.60373409,0.60373409
0b_random_erasing_best,file,18,baseline_random_erasing,4485,077.Tropical_Kingbird/Tropical_Kingbird_0003_69852.jpg,77,76,077.Tropical_Kingbird,38,37,random_erasing,random_erasing,0,"{""area_fraction"":0.12504,""erased"":true,""height"":0.234598,""left"":0.456656,""top"":0.589446,""width"":0.532998}",0.0085205585,0.0066187205,-0.001901838,0.99151564,0.99340314,0.0077472832,0.0052890275,0.98376835,0.98811411,0.004345756,0.9249749,0.72749439,1.2521247,0.91091367,False,0.9881779,True,True,True,0.9249749,0.72749439,1.2521247,0.91091367,0.91909884,0.7268355,1.1952605,0.86875775,0.98473214,0.73422411,0.37305304,0.27390453,0.92645645,0.53670811,0.43217637,0.23195256,0.9276636,0.74730078,0.5450267,0.40729888,0.9326613,0.75645308,0.56349295,0.42625598,0.91603813,0.75408724,0.51263821,0.38657393,0.91711772,0.74795556,0.60373409,0.45156627
0b_random_erasing_best,file,18,baseline_random_erasing,8564,146.Forsters_Tern/Forsters_Tern_0045_151227.jpg,146,145,146.Forsters_Tern,144,143,identity,identity,0,{},0.47737527,0.47737527,0,0.62040967,0.62040967,0.31111112,0.31111112,0.30929855,0.30929855,0,1,1,45.439011,45.439011,False,1,True,True,True,1,1,45.439011,45.439011,1,1,43.775778,43.775778,1,1,12.181338,12.181338,1,1,9.6682646,9.6682646,1,1,17.247413,17.247413,1,1,21.266685,21.266685,1,1,20.693528,20.693528,1,1,25.394411,25.394411
0b_random_erasing_best,file,18,baseline_random_erasing,8564,146.Forsters_Tern/Forsters_Tern_0045_151227.jpg,146,145,146.Forsters_Tern,144,143,random_erasing,random_erasing,0,"{""area_fraction"":0.095227,""erased"":true,""height"":0.343393,""left"":0.101787,""top"":0.439228,""width"":0.277312}",0.47737527,0.49303806,0.015662789,0.62040967,0.61076802,0.31111112,0.27440935,0.30929855,0.33635867,0.027060121,0.90962697,1.0012826,45.439011,45.497292,False,0.98804325,True,True,True,0.90962697,1.0012826,45.439011,45.497292,0.90417838,1.0050228,43.775778,43.995653,0.9851998,0.95166079,12.181338,11.592502,0.91792954,0.96995813,9.6682646,9.3778118,0.89645082,1.0253533,17.247413,17.684693,0.89429947,1.0122187,21.266685,21.526535,0.88766483,1.0285314,20.693528,21.283944,0.92527059,0.97935798,25.394411,24.870219
0b_random_erasing_best,file,18,baseline_random_erasing,8881,152.Blue_headed_Vireo/Blue_Headed_Vireo_0020_155994.jpg,152,151,152.Blue_headed_Vireo,173,172,identity,identity,0,{},0.048956204,0.048956204,0,0.95222282,0.95222282,0.010006418,0.010006418,0.94221641,0.94221641,0,1,1,8.5486015,8.5486015,False,1,True,True,True,1,1,8.5486015,8.5486015,1,1,8.4224874,8.4224874,1,1,1.4629743,1.4629743,1,1,2.3185063,2.3185063,1,1,4.3281394,4.3281394,1,1,4.6654841,4.6654841,1,1,3.7039103,3.7039103,1,1,3.3681357,3.3681357
0b_random_erasing_best,file,18,baseline_random_erasing,8881,152.Blue_headed_Vireo/Blue_Headed_Vireo_0020_155994.jpg,152,151,152.Blue_headed_Vireo,173,172,random_erasing,random_erasing,0,"{""area_fraction"":0.079101,""erased"":true,""height"":0.211949,""left"":0.40814,""top"":0.755069,""width"":0.373205}",0.048956204,0.066613346,0.017657142,0.95222282,0.93555689,0.010006418,0.01313656,0.94221641,0.92242033,-0.019796078,0.95466462,1.4918655,8.5486015,12.753364,False,0.99098206,True,True,True,0.95466462,1.4918655,8.5486015,12.753364,0.95403535,1.4953197,8.4224874,12.594311,0.98080386,1.3724692,1.4629743,2.0078871,0.96789761,1.416479,2.3185063,3.2841156,0.96788275,1.5086823,4.3281394,6.5297874,0.95777738,1.5614046,4.6654841,7.2847084,0.94151592,1.4690734,3.7039103,5.441316,0.93528622,1.4088917,3.3681357,4.7453383
0b_random_erasing_best,file,18,baseline_random_erasing,1058,020.Yellow_breasted_Chat/Yellow_Breasted_Chat_0090_21931.jpg,20,19,020.Yellow_breasted_Chat,162,161,identity,identity,0,{},0.43697894,0.43697894,0,0.64598507,0.64598507,0.22525176,0.22525176,0.4207333,0.4207333,0,1,1,53.235689,53.235689,False,0.99999994,True,True,True,1,1,53.235689,53.235689,1,1,51.528045,51.528045,1,1,13.375321,13.375321,1,1,10.779882,10.779882,1,1,19.909819,19.909819,1,1,26.012041,26.012041,1,1,27.74874,27.74874,1,1,26.380178,26.380178
0b_random_erasing_best,file,18,baseline_random_erasing,1058,020.Yellow_breasted_Chat/Yellow_Breasted_Chat_0090_21931.jpg,20,19,020.Yellow_breasted_Chat,162,161,random_erasing,random_erasing,0,"{""area_fraction"":0.171383,""erased"":true,""height"":0.702453,""left"":0.38624,""top"":0.254263,""width"":0.243977}",0.43697894,0.090556778,-0.34642216,0.64598507,0.91342247,0.22525176,0.0075474475,0.4207333,0.90587502,0.48514172,0.57108444,0.20392305,53.235689,10.855984,False,0.94786561,True,True,True,0.57108444,0.20392305,53.235689,10.855984,0.55254498,0.20278163,51.528045,10.448941,0.82631033,0.22016893,13.375321,2.9448301,0.438605,0.19305473,10.779882,2.0811071,0.38885945,0.20623657,19.909819,4.1061328,0.51826698,0.21715103,26.012041,5.6485414,0.61528345,0.18839206,27.74874,5.2276421,0.63951414,0.20327183,26.380178,5.3623469
0b_random_erasing_best,file,18,baseline_random_erasing,929,017.Cardinal/Cardinal_0028_18054.jpg,17,16,017.Cardinal,42,41,identity,identity,0,{},0.86815143,0.86815143,0,0.41972673,0.41972673,0.10658398,0.10658398,0.31314275,0.31314275,0,1,1,68.380161,68.380161,False,0.99999994,True,True,True,1,1,68.380161,68.380161,1,1,65.867538,65.867538,1,1,18.366106,18.366106,1,1,11.628066,11.628066,1,1,25.096158,25.096158,1,1,31.213352,31.213352,1,1,33.192632,33.192632,1,1,38.697278,38.697278
0b_random_erasing_best,file,18,baseline_random_erasing,929,017.Cardinal/Cardinal_0028_18054.jpg,17,16,017.Cardinal,42,41,random_erasing,random_erasing,0,"{""area_fraction"":0.055448,""erased"":true,""height"":0.422085,""left"":0.275701,""top"":0.473306,""width"":0.131368}",0.86815143,0.72685897,-0.14129245,0.41972673,0.48342505,0.10658398,0.088891067,0.31314275,0.39453398,0.081391238,0.91259022,0.94201415,68.380161,64.41508,False,0.99161863,True,True,True,0.91259022,0.94201415,68.380161,64.41508,0.90698276,0.944889,65.867538,62.237513,0.98877894,0.90422335,18.366106,16.607062,0.81151913,0.78969696,11.628066,9.1826481,0.87819077,0.93819968,25.096158,23.545208,0.90830275,0.99962029,31.213352,31.2015,0.90615355,0.95531977,33.192632,31.709577,0.92917934,0.91574852,38.697278,35.436975
0b_random_erasing_best,file,18,baseline_random_erasing,10633,181.Worm_eating_Warbler/Worm_Eating_Warbler_0065_795551.jpg,181,180,181.Worm_eating_Warbler,18,17,identity,identity,0,{},0.66801691,0.66801691,0,0.51272434,0.51272434,0.24456802,0.24456802,0.26815632,0.26815632,0,1,1,87.840423,87.840423,False,1.0000001,True,True,True,1,1,87.840423,87.840423,1,1,86.302208,86.302208,1,1,16.366697,16.366697,1,1,19.042198,19.042198,1,1,42.645867,42.645867,1,1,47.59095,47.59095,1,1,39.757331,39.757331,1,1,37.699496,37.699496
0b_random_erasing_best,file,18,baseline_random_erasing,10633,181.Worm_eating_Warbler/Worm_Eating_Warbler_0065_795551.jpg,181,180,181.Worm_eating_Warbler,18,17,random_erasing,random_erasing,0,"{""area_fraction"":0.19272,""erased"":true,""height"":0.440732,""left"":0.010305,""top"":0.351578,""width"":0.437273}",0.66801691,1.4685469,0.80052996,0.51272434,0.23025987,0.24456802,0.37398195,0.26815632,-0.14372209,-0.41187841,0.88155653,1.3854657,87.840423,121.69989,False,0.97365141,False,True,False,0.88155653,1.3854657,87.840423,121.69989,0.87817872,1.3830359,86.302208,119.35905,0.97204144,1.4513981,16.366697,23.754592,0.89405401,1.4126622,19.042198,26.900193,0.88785604,1.3498487,42.645867,57.565469,0.87944941,1.338326,47.59095,63.692204,0.86221573,1.3831046,39.757331,54.988546,0.88097911,1.4837111,37.699496,55.935163
0b_random_erasing_best,file,18,baseline_random_erasing,6757,116.Chipping_Sparrow/Chipping_Sparrow_0079_110449.jpg,116,115,116.Chipping_Sparrow,119,118,identity,identity,0,{},0.24280375,0.24280375,0,0.78442544,0.78442544,0.12899773,0.12899773,0.65542771,0.65542771,0,1,1,44.547908,44.547908,False,1,True,True,True,1,1,44.547908,44.547908,1,1,43.776837,43.776837,1,1,8.2525574,8.2525574,1,1,11.293327,11.293327,1,1,21.729328,21.729328,1,1,23.949884,23.949884,1,1,19.524474,19.524474,1,1,19.02384,19.02384
0b_random_erasing_best,file,18,baseline_random_erasing,6757,116.Chipping_Sparrow/Chipping_Sparrow_0079_110449.jpg,116,115,116.Chipping_Sparrow,119,118,random_erasing,random_erasing,0,"{""area_fraction"":0.171729,""erased"":true,""height"":0.725382,""left"":0.439446,""top"":0.125581,""width"":0.236743}",0.24280375,0.094899386,-0.14790437,0.78442544,0.90946442,0.12899773,0.0020739287,0.65542771,0.90739049,0.25196278,0.40892488,0.31344591,44.547908,13.96336,False,0.92182618,True,True,True,0.40892488,0.31344591,44.547908,13.96336,0.39267717,0.30896944,43.776837,13.525705,0.76361479,0.42029796,8.2525574,3.4685331,0.31363322,0.20717454,11.293327,2.3396898,0.22133784,0.2548698,21.729328,5.5381494,0.34755672,0.27727009,23.949884,6.6405864,0.45087332,0.34285075,19.524474,6.6939806,0.57605786,0.39995732,19.02384,7.6087242
0b_random_erasing_best,file,18,baseline_random_erasing,3123,054.Blue_Grosbeak/Blue_Grosbeak_0065_36847.jpg,54,53,054.Blue_Grosbeak,14,13,identity,identity,0,{},0.032159362,0.032159362,0,0.96835226,0.96835226,0.019836174,0.019836174,0.94851608,0.94851608,0,1,1,6.3961574,6.3961574,False,1,True,True,True,1,1,6.3961574,6.3961574,1,1,6.287621,6.287621,1,1,1.173308,1.173308,1,1,1.623497,1.623497,1,1,3.1236923,3.1236923,1,1,3.6323252,3.6323252,1,1,2.5725872,2.5725872,1,1,2.7072109,2.7072109
0b_random_erasing_best,file,18,baseline_random_erasing,3123,054.Blue_Grosbeak/Blue_Grosbeak_0065_36847.jpg,54,53,054.Blue_Grosbeak,14,13,random_erasing,random_erasing,0,"{""area_fraction"":0.074782,""erased"":true,""height"":0.182573,""left"":0.491234,""top"":0.811196,""width"":0.409601}",0.032159362,0.043566942,0.01140758,0.96835226,0.95736849,0.019836174,0.032341693,0.94851608,0.9250268,-0.023489283,0.97511322,1.3900217,6.3961574,8.8907974,False,0.99580979,True,True,True,0.97511322,1.3900217,6.3961574,8.8907974,0.97475237,1.3870989,6.287621,8.7215519,0.98652199,1.4714824,1.173308,1.7265022,0.98078979,1.3502104,1.623497,2.1920626,0.97578146,1.3109514,3.1236923,4.0950087,0.98281419,1.4032107,3.6323252,5.0969176,0.96286661,1.428912,2.5725872,3.6760006,0.97091638,1.4306025,2.7072109,3.8729426
0b_random_erasing_best,file,18,baseline_random_erasing,6283,108.White_necked_Raven/White_Necked_Raven_0025_797346.jpg,108,107,108.White_necked_Raven,107,106,identity,identity,0,{},0.15665968,0.15665968,0,0.85499501,0.85499501,0.031582996,0.031582996,0.82341202,0.82341202,0,1,1,26.744467,26.744467,False,1,True,True,True,1,1,26.744467,26.744467,1,1,26.227794,26.227794,1,1,5.231572,5.231572,1,1,7.1345954,7.1345954,1,1,13.94403,13.94403,1,1,12.478887,12.478887,1,1,11.628678,11.628678,1,1,12.313,12.313
0b_random_erasing_best,file,18,baseline_random_erasing,6283,108.White_necked_Raven/White_Necked_Raven_0025_797346.jpg,108,107,108.White_necked_Raven,107,106,random_erasing,random_erasing,0,"{""area_fraction"":0.059527,""erased"":true,""height"":0.163151,""left"":0.358281,""top"":0.36735,""width"":0.364857}",0.15665968,0.13633838,-0.020321295,0.85499501,0.87254733,0.031582996,0.021203937,0.82341202,0.85134339,0.027931375,0.90675202,0.86922796,26.744467,23.247039,False,0.98925281,True,True,True,0.90675202,0.86922796,26.744467,23.247039,0.90351878,0.86792479,26.227794,22.763753,0.9856235,0.90136306,5.231572,4.7155458,0.87349945,0.85457706,7.1345954,6.0970616,0.90369321,0.76437823,13.94403,10.658513,0.90457239,0.88676393,12.478887,11.065827,0.90326171,0.91517055,11.628678,10.642223,0.92309523,0.93203135,12.313,11.476102
0b_random_erasing_best,file,18,baseline_random_erasing,3114,054.Blue_Grosbeak/Blue_Grosbeak_0037_36794.jpg,54,53,054.Blue_Grosbeak,14,13,identity,identity,0,{},0.0072918464,0.0072918464,0,0.99273467,0.99273467,0.0032225579,0.0032225579,0.98951211,0.98951211,0,1,1,1.1696582,1.1696582,False,0.99999994,True,True,True,1,1,1.1696582,1.1696582,1,1,1.1453705,1.1453705,1,1,0.2371217,0.2371217,1,1,0.26765126,0.26765126,1,1,0.48582004,0.48582004,1,1,0.60714663,0.60714663,1,1,0.53076226,0.53076226,1,1,0.59487784,0.59487784
0b_random_erasing_best,file,18,baseline_random_erasing,3114,054.Blue_Grosbeak/Blue_Grosbeak_0037_36794.jpg,54,53,054.Blue_Grosbeak,14,13,random_erasing,random_erasing,0,"{""area_fraction"":0.113738,""erased"":true,""height"":0.277576,""left"":0.42695,""top"":0.454968,""width"":0.409756}",0.0072918464,0.070998773,0.063706927,0.99273467,0.93146306,0.0032225579,0.060359523,0.98951211,0.87110354,-0.11840857,0.70859244,10.154728,1.1696582,11.877561,False,0.96285987,True,True,True,0.70859244,10.154728,1.1696582,11.877561,0.70041537,10.118761,1.1453705,11.58973,0.88689004,10.960463,0.2371217,2.5989636,0.77584317,11.500019,0.26765126,3.0779946,0.63052942,10.59283,0.48582004,5.1462092,0.72205474,10.478729,0.60714663,6.362125,0.6974237,9.952004,0.53076226,5.2821481,0.71763549,9.2052536,0.59487784,5.4760014
0b_random_erasing_best,file,18,baseline_random_erasing,11057,188.Pileated_Woodpecker/Pileated_Woodpecker_0124_180168.jpg,188,187,188.Pileated_Woodpecker,187,186,identity,identity,0,{},0.0051112459,0.0051112459,0,0.99490178,0.99490178,0.0023420025,0.0023420025,0.99255977,0.99255977,0,1,1,0.89262087,0.89262087,False,1,True,True,True,1,1,0.89262087,0.89262087,1,1,0.87308849,0.87308849,1,1,0.18571082,0.18571082,1,1,0.27082483,0.27082483,1,1,0.39101352,0.39101352,1,1,0.45538203,0.45538203,1,1,0.41386056,0.41386056,1,1,0.39672722,0.39672722
0b_random_erasing_best,file,18,baseline_random_erasing,11057,188.Pileated_Woodpecker/Pileated_Woodpecker_0124_180168.jpg,188,187,188.Pileated_Woodpecker,187,186,random_erasing,random_erasing,0,"{""area_fraction"":0.06842,""erased"":true,""height"":0.360733,""left"":0.534814,""top"":0.635506,""width"":0.18967}",0.0051112459,0.0031937566,-0.0019174893,0.99490178,0.99681133,0.0023420025,0.00034929687,0.99255977,0.99646203,0.0039022596,0.82783986,0.49472122,0.89262087,0.44159849,False,0.98433232,True,True,True,0.82783986,0.49472122,0.89262087,0.44159849,0.82369512,0.49024473,0.87308849,0.42802703,0.91689886,0.58498153,0.18571082,0.1086374,0.81939056,0.49378042,0.27082483,0.133728,0.76663465,0.4585024,0.39101352,0.17928064,0.77886526,0.45379422,0.45538203,0.20664973,0.87536976,0.49677807,0.41386056,0.20559685,0.87964343,0.55343755,0.39672722,0.21956374
0b_random_erasing_best,file,18,baseline_random_erasing,1103,020.Yellow_breasted_Chat/Yellow_Breasted_Chat_0012_21961.jpg,20,19,020.Yellow_breasted_Chat,200,199,identity,identity,0,{},0.57979584,0.57979584,0,0.5600127,0.5600127,0.14546691,0.14546691,0.41454579,0.41454579,0,1,1,46.44117,46.44117,False,0.99999994,True,True,True,1,1,46.44117,46.44117,1,1,45.177971,45.177971,1,1,10.757938,10.757938,1,1,9.0739717,9.0739717,1,1,18.834372,18.834372,1,1,22.448809,22.448809,1,1,23.048377,23.048377,1,1,23.849567,23.849567
0b_random_erasing_best,file,18,baseline_random_erasing,1103,020.Yellow_breasted_Chat/Yellow_Breasted_Chat_0012_21961.jpg,20,19,020.Yellow_breasted_Chat,200,199,random_erasing,random_erasing,0,"{""area_fraction"":0.142048,""erased"":true,""height"":0.543548,""left"":0.363769,""top"":0.379684,""width"":0.261336}",0.57979584,0.30979514,-0.2700007,0.5600127,0.73359722,0.14546691,0.13873453,0.41454579,0.59486268,0.1803169,0.76994541,0.60779941,46.44117,28.226916,False,0.96827853,True,True,True,0.76994541,0.60779941,46.44117,28.226916,0.75841813,0.60314824,45.177971,27.249014,0.95485432,0.68465359,10.757938,7.3654608,0.54618129,0.51497464,9.0739717,4.6728653,0.69419152,0.56290279,18.834372,10.60192,0.7191043,0.61433738,22.448809,13.791143,0.78204661,0.61697375,23.048377,14.220244,0.8359791,0.61603734,23.849567,14.692224
0b_random_erasing_best,file,18,baseline_random_erasing,9607,164.Cerulean_Warbler/Cerulean_Warbler_0060_797209.jpg,164,163,164.Cerulean_Warbler,160,159,identity,identity,0,{},0.051828627,0.051828627,0,0.94949156,0.94949156,0.041660618,0.041660618,0.90783094,0.90783094,0,1,1,9.3263096,9.3263096,False,1,True,True,True,1,1,9.3263096,9.3263096,1,1,9.1028162,9.1028162,1,1,2.0294796,2.0294796,1,1,1.7515617,1.7515617,1,1,4.1177468,4.1177468,1,1,4.9609517,4.9609517,1,1,4.2707641,4.2707641,1,1,4.4706809,4.4706809
0b_random_erasing_best,file,18,baseline_random_erasing,9607,164.Cerulean_Warbler/Cerulean_Warbler_0060_797209.jpg,164,163,164.Cerulean_Warbler,160,159,random_erasing,random_erasing,0,"{""area_fraction"":0.192889,""erased"":true,""height"":0.264931,""left"":0.091809,""top"":0.382862,""width"":0.728073}",0.051828627,0.046304185,-0.0055244416,0.94949156,0.95475149,0.041660618,0.038388804,0.90783094,0.91636269,0.0085317455,0.74285938,0.8486974,9.3263096,7.9152147,False,0.9409523,True,True,True,0.74285938,0.8486974,9.3263096,7.9152147,0.7320698,0.84340819,9.1028162,7.6773897,0.94068606,0.94886266,2.0294796,1.9256974,0.76206721,0.80487154,1.7515617,1.4097822,0.68851031,0.77012932,4.1177468,3.1711976,0.73162666,0.81369099,4.9609517,4.0366817,0.71729484,0.87253578,4.2707641,3.7263945,0.77803987,0.91456006,4.4706809,4.0887062
0b_random_erasing_best,file,18,baseline_random_erasing,1186,022.Chuck_will_Widow/Chuck_Will_Widow_0007_796958.jpg,22,21,022.Chuck_will_Widow,105,104,identity,identity,0,{},0.068474002,0.068474002,0,0.93381774,0.93381774,0.061445884,0.061445884,0.87237186,0.87237186,0,1,1,15.453615,15.453615,False,0.99999988,True,True,True,1,1,15.453615,15.453615,1,1,15.135325,15.135325,1,1,3.1202787,3.1202787,1,1,2.3444367,2.3444367,1,1,6.5315085,6.5315085,1,1,8.5118466,8.5118466,1,1,7.8447747,7.8447747,1,1,6.850479,6.850479
0b_random_erasing_best,file,18,baseline_random_erasing,1186,022.Chuck_will_Widow/Chuck_Will_Widow_0007_796958.jpg,22,21,022.Chuck_will_Widow,105,104,random_erasing,random_erasing,0,"{""area_fraction"":0.109667,""erased"":true,""height"":0.472554,""left"":0.104591,""top"":0.477517,""width"":0.232073}",0.068474002,0.20674928,0.13827527,0.93381774,0.81322354,0.061445884,0.17843054,0.87237186,0.634793,-0.23757886,0.95564346,2.7749547,15.453615,42.883082,False,0.98886305,True,True,True,0.95564346,2.7749547,15.453615,42.883082,0.95422493,2.7736755,15.135325,41.980481,0.98870553,2.8048853,3.1202787,8.752024,0.94713919,2.7085674,2.3444367,6.3500649,0.95590033,2.8374806,6.5315085,18.533029,0.95731101,2.7518823,8.5118466,23.4236,0.95320591,2.7766877,7.8447747,21.782489,0.95039372,2.7520193,6.850479,18.852651
0b_random_erasing_best,file,18,baseline_random_erasing,7585,130.Tree_Sparrow/Tree_Sparrow_0041_123497.jpg,130,129,130.Tree_Sparrow,196,195,identity,identity,0,{},4.1654634,4.1654634,0,0.015522519,0.015522519,0.1489353,0.1489353,-0.13341278,-0.13341278,0,1,1,178.28079,178.28079,False,1,True,False,False,1,1,178.28079,178.28079,1,1,176.54777,176.54777,1,1,24.797671,24.797671,1,1,38.639456,38.639456,1,1,97.117589,97.117589,1,1,99.249526,99.249526,1,1,76.979125,76.979125,1,1,66.843303,66.843303
0b_random_erasing_best,file,18,baseline_random_erasing,7585,130.Tree_Sparrow/Tree_Sparrow_0041_123497.jpg,130,129,130.Tree_Sparrow,196,195,random_erasing,random_erasing,0,"{""area_fraction"":0.185863,""erased"":true,""height"":0.728269,""left"":0.737709,""top"":0.061896,""width"":0.255213}",4.1654634,3.1915269,-0.97393656,0.015522519,0.041109063,0.1489353,0.16255793,-0.13341278,-0.12144887,0.011963917,0.93898292,1.1427412,178.28079,203.7288,False,0.98316765,False,False,False,0.93898292,1.1427412,178.28079,203.7288,0.9383093,1.1446025,176.54777,202.07702,0.9803167,1.0440594,24.797671,25.890242,0.90950528,1.1830447,38.639456,45.712202,0.95506783,1.1804397,97.117589,114.64146,0.943598,1.1497881,99.249526,114.11593,0.92971085,1.1119281,76.979125,85.595249,0.91276996,1.0843797,66.843303,72.483518
0b_random_erasing_best,file,18,baseline_random_erasing,1286,023.Brandt_Cormorant/Brandt_Cormorant_0063_22865.jpg,23,22,023.Brandt_Cormorant,9,8,identity,identity,0,{},3.0187292,3.0187292,0,0.048863266,0.048863266,0.15098663,0.15098663,-0.10212336,-0.10212336,0,1,1,118.52674,118.52674,False,0.99999994,True,False,False,1,1,118.52674,118.52674,1,1,116.45728,116.45728,1,1,22.051997,22.051997,1,1,29.788303,29.788303,1,1,51.687103,51.687103,1,1,54.185415,54.185415,1,1,58.270258,58.270258,1,1,60.596335,60.596335
0b_random_erasing_best,file,18,baseline_random_erasing,1286,023.Brandt_Cormorant/Brandt_Cormorant_0063_22865.jpg,23,22,023.Brandt_Cormorant,9,8,random_erasing,random_erasing,0,"{""area_fraction"":0.158468,""erased"":true,""height"":0.445117,""left"":0.116659,""top"":0.475086,""width"":0.356013}",3.0187292,2.8107505,-0.20797873,0.048863266,0.060159832,0.15098663,0.20140406,-0.10212336,-0.14124423,-0.039120872,0.90820414,1.0854311,118.52674,128.65261,False,0.98937297,True,False,False,0.90820414,1.0854311,118.52674,128.65261,0.90545642,1.0863811,116.45728,126.51698,0.98714229,1.0585938,22.051997,23.344107,0.80797255,1.1550617,29.788303,34.407328,0.9032395,1.1230668,51.687103,58.048069,0.90400103,1.1314459,54.185415,61.307865,0.91485347,1.0664568,58.270258,62.142714,0.9294662,1.0216637,60.596335,61.909074
0b_random_erasing_best,file,18,baseline_random_erasing,4426,076.Dark_eyed_Junco/Dark_Eyed_Junco_0096_68514.jpg,76,75,076.Dark_eyed_Junco,79,78,identity,identity,0,{},0.75902987,0.75902987,0,0.46812034,0.46812034,0.086662807,0.086662807,0.38145753,0.38145753,0,1,1,82.299429,82.299429,False,1,True,True,True,1,1,82.299429,82.299429,1,1,80.589343,80.589343,1,1,16.689929,16.689929,1,1,14.486996,14.486996,1,1,33.767459,33.767459,1,1,44.588529,44.588529,1,1,40.461626,40.461626,1,1,38.977531,38.977531
0b_random_erasing_best,file,18,baseline_random_erasing,4426,076.Dark_eyed_Junco/Dark_Eyed_Junco_0096_68514.jpg,76,75,076.Dark_eyed_Junco,79,78,random_erasing,random_erasing,0,"{""area_fraction"":0.082677,""erased"":true,""height"":0.283205,""left"":0.399249,""top"":0.533503,""width"":0.291932}",0.75902987,1.0659504,0.30692053,0.46812034,0.34440038,0.086662807,0.15045284,0.38145753,0.19394754,-0.18750999,0.9282341,1.2361025,82.299429,101.73053,False,0.98467577,True,True,True,0.9282341,1.2361025,82.299429,101.73053,0.92591434,1.2341243,80.589343,99.457268,0.98095381,1.2813591,16.689929,21.385793,0.93256937,1.2139882,14.486996,17.587042,0.92045958,1.2707598,33.767459,42.91033,0.93265596,1.191729,44.588529,53.137441,0.91791722,1.2387049,40.461626,50.120015,0.93048929,1.2583236,38.977531,49.046348
0b_random_erasing_best,file,18,baseline_random_erasing,3621,063.Ivory_Gull/Ivory_Gull_0089_49699.jpg,63,62,063.Ivory_Gull,85,84,identity,identity,0,{},0.64731306,0.64731306,0,0.52345037,0.52345037,0.060393259,0.060393259,0.46305712,0.46305712,0,1,1,96.453655,96.453655,False,1,True,True,True,1,1,96.453655,96.453655,1,1,95.02935,95.02935,1,1,16.514542,16.514542,1,1,14.002497,14.002497,1,1,37.42678,37.42678,1,1,59.625493,59.625493,1,1,44.661451,44.661451,1,1,43.403906,43.403906
0b_random_erasing_best,file,18,baseline_random_erasing,3621,063.Ivory_Gull/Ivory_Gull_0089_49699.jpg,63,62,063.Ivory_Gull,85,84,random_erasing,random_erasing,0,"{""area_fraction"":0.102621,""erased"":true,""height"":0.198628,""left"":0.177156,""top"":0.36699,""width"":0.516652}",0.64731306,0.47017092,-0.17714214,0.52345037,0.62489545,0.060393259,0.012585994,0.46305712,0.61230946,0.14925234,0.71435488,0.82582501,96.453655,79.653841,False,0.96586812,True,True,True,0.71435488,0.82582501,96.453655,79.653841,0.70819,0.822072,95.02935,78.120968,0.89893607,0.94168418,16.514542,15.551483,0.49325649,1.1816789,14.002497,16.546455,0.69265178,0.91473939,37.42678,34.23575,0.73052482,0.7998721,59.625493,47.692768,0.67162868,0.78972075,44.661451,35.270075,0.76497774,0.7773658,43.403906,33.740712
0b_random_erasing_best,file,18,baseline_random_erasing,3866,067.Anna_Hummingbird/Anna_Hummingbird_0127_56520.jpg,67,66,067.Anna_Hummingbird,80,79,identity,identity,0,{},0.11188223,0.11188223,0,0.89414954,0.89414954,0.018621361,0.018621361,0.87552818,0.87552818,0,1,1,16.336337,16.336337,False,1,True,True,True,1,1,16.336337,16.336337,1,1,16.016406,16.016406,1,1,3.217241,3.217241,1,1,2.7396877,2.7396877,1,1,7.3825825,7.3825825,1,1,8.3664609,8.3664609,1,1,7.2074634,7.2074634,1,1,8.5188997,8.5188997
0b_random_erasing_best,file,18,baseline_random_erasing,3866,067.Anna_Hummingbird/Anna_Hummingbird_0127_56520.jpg,67,66,067.Anna_Hummingbird,80,79,random_erasing,random_erasing,0,"{""area_fraction"":0.080488,""erased"":true,""height"":0.163582,""left"":0.4999,""top"":0.387143,""width"":0.492033}",0.11188223,0.23822848,0.12634625,0.89414954,0.78802264,0.018621361,0.041767534,0.87552818,0.7462551,-0.12927308,0.81564503,2.0645157,16.336337,33.726624,False,0.98186588,True,True,True,0.81564503,2.0645157,16.336337,33.726624,0.80911689,2.0640674,16.016406,33.058941,0.97654885,2.0755964,3.217241,6.677694,0.73987704,2.2113561,2.7396877,6.0584251,0.76451613,2.0191947,7.3825825,14.906871,0.78005855,2.087262,8.3664609,17.462996,0.79374802,2.131712,7.2074634,15.364236,0.89248102,2.0091824,8.5188997,17.116023
0b_random_erasing_best,file,18,baseline_random_erasing,9639,164.Cerulean_Warbler/Cerulean_Warbler_0078_163271.jpg,164,163,164.Cerulean_Warbler,153,152,identity,identity,0,{},3.0634255,3.0634255,0,0.046727363,0.046727363,0.26473597,0.26473597,-0.2180086,-0.2180086,0,1,1,149.05476,149.05476,False,1,True,False,False,1,1,149.05476,149.05476,1,1,146.8945,146.8945,1,1,25.284881,25.284881,1,1,36.490923,36.490923,1,1,65.058309,65.058309,1,1,79.528971,79.528971,1,1,72.32966,72.32966,1,1,66.763667,66.763667
0b_random_erasing_best,file,18,baseline_random_erasing,9639,164.Cerulean_Warbler/Cerulean_Warbler_0078_163271.jpg,164,163,164.Cerulean_Warbler,153,152,random_erasing,random_erasing,0,"{""area_fraction"":0.097249,""erased"":true,""height"":0.179964,""left"":0.253876,""top"":0.747144,""width"":0.540382}",3.0634255,1.7452028,-1.3182228,0.046727363,0.17460959,0.26473597,0.31675357,-0.2180086,-0.14214398,0.075864624,0.91051768,1.0099015,149.05476,150.53062,False,0.97957128,True,False,False,0.91051768,1.0099015,149.05476,150.53062,0.9087039,1.0109353,146.8945,148.50083,0.97463342,0.97436622,25.284881,24.636734,0.9453033,0.96355944,36.490923,35.161173,0.86962428,0.98390345,65.058309,64.011095,0.92075559,1.0700144,79.528971,85.097145,0.91437567,1.001496,72.32966,72.437862,0.91332849,0.97415952,66.763667,65.038462
0b_random_erasing_best,file,18,baseline_random_erasing,8083,138.Tree_Swallow/Tree_Swallow_0017_135062.jpg,138,137,138.Tree_Swallow,111,110,identity,identity,0,{},0.043540694,0.043540694,0,0.95739359,0.95739359,0.0082466435,0.0082466435,0.94914694,0.94914694,0,1,1,5.7630373,5.7630373,False,1,True,True,True,1,1,5.7630373,5.7630373,1,1,5.664767,5.664767,1,1,1.059723,1.059723,1,1,1.2718616,1.2718616,1,1,2.9136208,2.9136208,1,1,2.9448768,2.9448768,1,1,2.4612473,2.4612473,1,1,2.6930892,2.6930892
0b_random_erasing_best,file,18,baseline_random_erasing,8083,138.Tree_Swallow/Tree_Swallow_0017_135062.jpg,138,137,138.Tree_Swallow,111,110,random_erasing,random_erasing,0,"{""area_fraction"":0.180795,""erased"":true,""height"":0.341799,""left"":0.358473,""top"":0.124289,""width"":0.52895}",0.043540694,2.0713062,2.0277655,0.95739359,0.12602109,0.0082466435,0.35909325,0.94914694,-0.23307216,-1.1822191,0.4060614,20.719082,5.7630373,119.40484,False,0.85849142,False,True,False,0.4060614,20.719082,5.7630373,119.40484,0.38882503,20.58931,5.664767,116.63364,0.83117095,24.134215,1.059723,25.575582,0.10661064,16.902407,1.2718616,21.497522,0.26868283,19.982271,2.9136208,58.22076,0.41168507,22.264927,2.9448768,65.567468,0.41402197,20.43352,2.4612473,50.291947,0.533392,20.076176,2.6930892,54.066933
0b_random_erasing_best,file,18,baseline_random_erasing,1436,026.Bronzed_Cowbird/Bronzed_Cowbird_0002_796244.jpg,26,25,026.Bronzed_Cowbird,9,8,identity,identity,0,{},0.29790318,0.29790318,0,0.74237323,0.74237323,0.051504858,0.051504858,0.69086837,0.69086837,0,1,1,41.348275,41.348275,False,0.99999988,True,True,True,1,1,41.348275,41.348275,1,1,40.275695,40.275695,1,1,9.3567211,9.3567211,1,1,11.361563,11.361563,1,1,18.468231,18.468231,1,1,19.182562,19.182562,1,1,18.38908,18.38908,1,1,21.11497,21.11497
0b_random_erasing_best,file,18,baseline_random_erasing,1436,026.Bronzed_Cowbird/Bronzed_Cowbird_0002_796244.jpg,26,25,026.Bronzed_Cowbird,9,8,random_erasing,random_erasing,0,"{""area_fraction"":0.137293,""erased"":true,""height"":0.62907,""left"":0.197765,""top"":0.221933,""width"":0.218247}",0.29790318,0.54205143,0.24414825,0.74237323,0.581554,0.051504858,0.14334491,0.69086837,0.43820909,-0.25265928,0.81144339,1.4843939,41.348275,61.377128,False,0.98054826,True,True,True,0.81144339,1.4843939,41.348275,61.377128,0.80277302,1.4753368,40.275695,59.420216,0.96012822,1.6432009,9.3567211,15.374973,0.69592852,1.6345997,11.361563,18.571608,0.8235769,1.4990247,18.468231,27.684335,0.80994153,1.3893329,19.182562,26.650964,0.74664197,1.3748209,18.38908,25.281691,0.85723031,1.5491763,21.11497,32.710813
0b_random_erasing_best,file,18,baseline_random_erasing,5050,087.Mallard/Mallard_0053_75985.jpg,87,86,087.Mallard,16,15,identity,identity,0,{},0.30129257,0.30129257,0,0.73986131,0.73986131,0.030056652,0.030056652,0.70980466,0.70980466,0,1,1,37.867511,37.867511,False,0.99999994,True,True,True,1,1,37.867511,37.867511,1,1,37.014472,37.014472,1,1,7.9923234,7.9923234,1,1,5.9792048,5.9792048,1,1,14.060681,14.060681,1,1,19.443471,19.443471,1,1,18.182088,18.182088,1,1,20.687693,20.687693
0b_random_erasing_best,file,18,baseline_random_erasing,5050,087.Mallard/Mallard_0053_75985.jpg,87,86,087.Mallard,16,15,random_erasing,random_erasing,0,"{""area_fraction"":0.07991,""erased"":true,""height"":0.428923,""left"":0.134195,""top"":0.134532,""width"":0.186303}",0.30129257,0.27827278,-0.023019791,0.73986131,0.75709027,0.030056652,0.029479062,0.70980466,0.72761121,0.01780655,0.9643701,0.88825523,37.867511,33.636015,False,0.99825871,True,True,True,0.9643701,0.88825523,37.867511,33.636015,0.96281364,0.88576184,37.014472,32.786007,0.99745449,0.94014409,7.9923234,7.5139356,0.84442008,0.97116232,5.9792048,5.8067784,0.92687302,0.8344929,14.060681,11.733539,0.97032213,0.87715002,19.443471,17.054841,0.968237,0.88086383,18.182088,16.015944,0.97966138,0.91222962,20.687693,18.871926
0b_random_erasing_best,file,18,baseline_random_erasing,6935,119.Field_Sparrow/Field_Sparrow_0102_113595.jpg,119,118,119.Field_Sparrow,67,66,identity,identity,0,{},2.7199111,2.7199111,0,0.065880626,0.065880626,0.078335136,0.078335136,-0.01245451,-0.01245451,0,1,1,119.1353,119.1353,False,1,True,False,False,1,1,119.1353,119.1353,1,1,116.98766,116.98766,1,1,22.51901,22.51901,1,1,24.535492,24.535492,1,1,59.414399,59.414399,1,1,66.293733,66.293733,1,1,50.504442,50.504442,1,1,51.073417,51.073417
0b_random_erasing_best,file,18,baseline_random_erasing,6935,119.Field_Sparrow/Field_Sparrow_0102_113595.jpg,119,118,119.Field_Sparrow,67,66,random_erasing,random_erasing,0,"{""area_fraction"":0.113024,""erased"":true,""height"":0.333873,""left"":0.403589,""top"":0.012028,""width"":0.338523}",2.7199111,4.0539827,1.3340716,0.065880626,0.017353129,0.078335136,0.18701859,-0.01245451,-0.16966546,-0.15721095,0.78877481,0.92189905,119.1353,109.83072,False,0.92931676,True,False,False,0.78877481,0.92189905,119.1353,109.83072,0.78394172,0.91020381,116.98766,106.48262,0.9161546,1.1950653,22.51901,26.911687,0.74361621,0.83070934,24.535492,20.381862,0.85032482,0.90695825,59.414399,53.886379,0.80796597,0.84581384,66.293733,56.072157,0.7061579,0.91227967,50.504442,46.074175,0.75565916,1.0272267,51.073417,52.463976
0b_random_erasing_best,file,18,baseline_random_erasing,11423,194.Cactus_Wren/Cactus_Wren_0098_185637.jpg,194,193,194.Cactus_Wren,81,80,identity,identity,0,{},0.0085147666,0.0085147666,0,0.99152136,0.99152136,0.00084393437,0.00084393437,0.99067742,0.99067742,0,1,1,1.6319189,1.6319189,False,1,True,True,True,1,1,1.6319189,1.6319189,1,1,1.6104374,1.6104374,1,1,0.26391427,0.26391427,1,1,0.3462997,0.3462997,1,1,0.71701483,0.71701483,1,1,0.99113444,0.99113444,1,1,0.69064577,0.69064577,1,1,0.70720271,0.70720271
0b_random_erasing_best,file,18,baseline_random_erasing,11423,194.Cactus_Wren/Cactus_Wren_0098_185637.jpg,194,193,194.Cactus_Wren,81,80,random_erasing,random_erasing,0,"{""area_fraction"":0.117565,""erased"":true,""height"":0.504376,""left"":0.391734,""top"":0.244309,""width"":0.23309}",0.0085147666,0.0030887062,-0.0054260604,0.99152136,0.99691606,0.00084393437,0.00041995849,0.99067742,0.9964961,0.0058186731,0.83936319,0.36573963,1.6319189,0.5968574,False,0.97800189,True,True,True,0.83936319,0.36573963,1.6319189,0.5968574,0.835697,0.3654599,1.6104374,0.58855027,0.97237827,0.37600757,0.26391427,0.099233764,0.84722299,0.385071,0.3462997,0.13334997,0.77818212,0.38910782,0.71701483,0.27899608,0.85379261,0.33919516,0.99113444,0.336188,0.81562647,0.36800044,0.69064577,0.25415795,0.88688765,0.38244454,0.70720271,0.27046582
0b_random_erasing_best,file,18,baseline_random_erasing,11347,193.Bewick_Wren/Bewick_Wren_0010_185142.jpg,193,192,193.Bewick_Wren,195,194,identity,identity,0,{},0.42939675,0.42939675,0,0.65090162,0.65090162,0.33252016,0.33252016,0.31838146,0.31838146,0,1,1,65.50306,65.50306,False,1.0000001,True,True,True,1,1,65.50306,65.50306,1,1,63.984262,63.984262,1,1,14.023735,14.023735,1,1,13.112192,13.112192,1,1,34.852115,34.852115,1,1,32.128945,32.128945,1,1,29.106505,29.106505,1,1,28.773747,28.773747
0b_random_erasing_best,file,18,baseline_random_erasing,11347,193.Bewick_Wren/Bewick_Wren_0010_185142.jpg,193,192,193.Bewick_Wren,195,194,random_erasing,random_erasing,0,"{""area_fraction"":0.092513,""erased"":true,""height"":0.169239,""left"":0.306907,""top"":0.550321,""width"":0.546642}",0.42939675,0.33283892,-0.096557826,0.65090162,0.71688563,0.33252016,0.26840073,0.31838146,0.4484849,0.13010344,0.87110906,0.91857152,65.50306,60.169246,False,0.97365969,True,True,True,0.87110906,0.91857152,65.50306,60.169246,0.86629798,0.91947086,63.984262,58.831664,0.9736661,0.89964578,14.023735,12.616394,0.85761822,0.99425945,13.112192,13.03692,0.91626153,0.93936048,34.852115,32.7387,0.85644254,0.92765991,32.128945,29.804734,0.8303902,0.86928458,29.106505,25.301836,0.84261382,0.91348959,28.773747,26.284518
0b_random_erasing_best,file,18,baseline_random_erasing,10212,174.Palm_Warbler/Palm_Warbler_0054_169175.jpg,174,173,174.Palm_Warbler,38,37,identity,identity,0,{},0.088597372,0.088597372,0,0.915214,0.915214,0.010058626,0.010058626,0.90515538,0.90515538,0,1,1,11.278749,11.278749,False,1,True,True,True,1,1,11.278749,11.278749,1,1,10.997693,10.997693,1,1,2.5021825,2.5021825,1,1,1.824218,1.824218,1,1,5.1248561,5.1248561,1,1,6.2254224,6.2254224,1,1,4.7767787,4.7767787,1,1,5.4574568,5.4574568
0b_random_erasing_best,file,18,baseline_random_erasing,10212,174.Palm_Warbler/Palm_Warbler_0054_169175.jpg,174,173,174.Palm_Warbler,38,37,random_erasing,random_erasing,0,"{""area_fraction"":0.147506,""erased"":true,""height"":0.574717,""left"":0.382874,""top"":0.235509,""width"":0.256659}",0.088597372,1.3296026,1.2410052,0.915214,0.26458237,0.010058626,0.0050599906,0.90515538,0.25952238,-0.645633,0.62766139,10.193836,11.278749,114.97371,False,0.89138329,True,True,True,0.62766139,10.193836,11.278749,114.97371,0.61677049,10.173692,10.997693,111.88714,0.83050715,10.57546,2.5021825,26.46173,0.55664027,11.072192,1.824218,20.198092,0.62575972,10.29637,5.1248561,52.767413,0.68018235,10.316322,6.2254224,64.22346,0.57268679,10.381129,4.7767787,49.588356,0.56541429,9.5962097,5.4574568,52.3709
0b_random_erasing_best,file,18,baseline_random_erasing,6587,113.Baird_Sparrow/Baird_Sparrow_0045_794571.jpg,113,112,113.Baird_Sparrow,115,114,identity,identity,0,{},0.023908524,0.023908524,0,0.97637504,0.97637504,0.0090771606,0.0090771606,0.96729788,0.96729788,0,1,1,4.0005818,4.0005818,False,0.99999994,True,True,True,1,1,4.0005818,4.0005818,1,1,3.886389,3.886389,1,1,0.94901793,0.94901793,1,1,0.90028222,0.90028222,1,1,1.9405989,1.9405989,1,1,2.218034,2.218034,1,1,1.6900767,1.6900767,1,1,1.6587806,1.6587806
0b_random_erasing_best,file,18,baseline_random_erasing,6587,113.Baird_Sparrow/Baird_Sparrow_0045_794571.jpg,113,112,113.Baird_Sparrow,115,114,random_erasing,random_erasing,0,"{""area_fraction"":0.087091,""erased"":true,""height"":0.421125,""left"":0.621093,""top"":0.528867,""width"":0.206805}",0.023908524,0.03080992,0.0069013964,0.97637504,0.96965986,0.0090771606,0.0036893077,0.96729788,0.96597056,-0.0013273256,0.8615178,1.2924947,4.0005818,5.1707305,False,0.99322206,True,True,True,0.8615178,1.2924947,4.0005818,5.1707305,0.85637766,1.2929417,3.886389,5.0248745,0.9482701,1.2849737,0.94901793,1.2194631,0.90835292,1.2875859,0.90028222,1.1591907,0.88703785,1.3523347,1.9405989,2.6243393,0.83767195,1.266193,2.218034,2.8084593,0.83108602,1.2758575,1.6900767,2.156297,0.85763362,1.276201,1.6587806,2.1169374
0b_random_erasing_best,file,18,baseline_random_erasing,6137,105.Whip_poor_Will/Whip_Poor_Will_0003_796409.jpg,105,104,105.Whip_poor_Will,22,21,identity,identity,0,{},0.20531076,0.20531076,0,0.81439418,0.81439418,0.18503401,0.18503401,0.62936017,0.62936017,0,1,1,51.385754,51.385754,False,1,True,True,True,1,1,51.385754,51.385754,1,1,50.372175,50.372175,1,1,10.15577,10.15577,1,1,9.2957587,9.2957587,1,1,25.642382,25.642382,1,1,28.443674,28.443674,1,1,23.360167,23.360167,1,1,20.944525,20.944525
0b_random_erasing_best,file,18,baseline_random_erasing,6137,105.Whip_poor_Will/Whip_Poor_Will_0003_796409.jpg,105,104,105.Whip_poor_Will,22,21,random_erasing,random_erasing,0,"{""area_fraction"":0.17098,""erased"":true,""height"":0.424277,""left"":0.232784,""top"":0.297023,""width"":0.402992}",0.20531076,0.058379736,-0.14693103,0.81439418,0.94329166,0.18503401,0.053887125,0.62936017,0.88940454,0.26004437,0.83588683,0.24955018,51.385754,12.823324,False,0.95833123,True,True,True,0.83588683,0.24955018,51.385754,12.823324,0.83055561,0.24802257,50.372175,12.493436,0.95775266,0.28456022,10.15577,2.889928,0.83821726,0.28566247,9.2957587,2.6554494,0.83478905,0.22624278,25.642382,5.8014038,0.84266212,0.2462165,28.443674,7.003302,0.81763703,0.25208984,23.360167,5.8888609,0.82720368,0.26862055,20.944525,5.6261298
0b_random_erasing_best,file,18,baseline_random_erasing,11074,189.Red_bellied_Woodpecker/Red_Bellied_Woodpecker_0066_182253.jpg,189,188,189.Red_bellied_Woodpecker,36,35,identity,identity,0,{},0.00096334296,0.00096334296,0,0.99903715,0.99903715,0.00054145337,0.00054145337,0.99849569,0.99849569,0,1,1,0.14385105,0.14385105,False,1,True,True,True,1,1,0.14385105,0.14385105,1,1,0.14005997,0.14005997,1,1,0.032807442,0.032807442,1,1,0.032267138,0.032267138,1,1,0.05850631,0.05850631,1,1,0.075211733,0.075211733,1,1,0.061199959,0.061199959,1,1,0.075831385,0.075831385
0b_random_erasing_best,file,18,baseline_random_erasing,11074,189.Red_bellied_Woodpecker/Red_Bellied_Woodpecker_0066_182253.jpg,189,188,189.Red_bellied_Woodpecker,36,35,random_erasing,random_erasing,0,"{""area_fraction"":0.108165,""erased"":true,""height"":0.248075,""left"":0.541419,""top"":0.648575,""width"":0.436018}",0.00096334296,0.00070844823,-0.00025489472,0.99903715,0.99929178,0.00054145337,0.00041947115,0.99849569,0.99887231,0.00037661326,0.97213377,0.74351563,0.14385105,0.1069555,False,0.99411935,True,True,True,0.97213377,0.74351563,0.14385105,0.1069555,0.97094531,0.74271102,0.14005997,0.10402408,0.99354838,0.75803055,0.032807442,0.024869043,0.96197173,0.77364302,0.032267138,0.024963246,0.96605721,0.72910711,0.05850631,0.042657367,0.97642842,0.73371464,0.075211733,0.055183949,0.96441539,0.75390919,0.061199959,0.046139212,0.97486683,0.74645572,0.075831385,0.056604771
0b_random_erasing_best,file,18,baseline_random_erasing,7561,129.Song_Sparrow/Song_Sparrow_0135_121261.jpg,129,128,129.Song_Sparrow,131,130,identity,identity,0,{},0.03633808,0.03633808,0,0.96431422,0.96431422,0.012583675,0.012583675,0.95173055,0.95173055,0,1,1,8.292351,8.292351,False,0.99999994,True,True,True,1,1,8.292351,8.292351,1,1,8.2051536,8.2051536,1,1,1.1993912,1.1993912,1,1,1.3654751,1.3654751,1,1,4.9529926,4.9529926,1,1,4.7231882,4.7231882,1,1,3.204647,3.204647,1,1,2.8895705,2.8895705
0b_random_erasing_best,file,18,baseline_random_erasing,7561,129.Song_Sparrow/Song_Sparrow_0135_121261.jpg,129,128,129.Song_Sparrow,131,130,random_erasing,random_erasing,0,"{""area_fraction"":0.104664,""erased"":true,""height"":0.414773,""left"":0.093213,""top"":0.326643,""width"":0.252341}",0.03633808,0.030421339,-0.0059167407,0.96431422,0.97003675,0.012583675,0.012455186,0.95173055,0.95758156,0.0058510117,0.97992387,0.81952411,8.292351,6.7957815,False,0.99714661,True,True,True,0.97992387,0.81952411,8.292351,6.7957815,0.97964839,0.81789189,8.2051536,6.7109285,0.99539614,0.89258079,1.1993912,1.0705535,0.97196434,0.83909515,1.3654751,1.1457636,0.98737836,0.8008178,4.9529926,3.9664446,0.98283659,0.80936557,4.7231882,3.8227859,0.96782261,0.8302413,3.204647,2.6606303,0.9690225,0.86852806,2.8895705,2.5096731
0b_random_erasing_best,file,18,baseline_random_erasing,5796,099.Ovenbird/Ovenbird_0054_92594.jpg,99,98,099.Ovenbird,183,182,identity,identity,0,{},0.048958361,0.048958361,0,0.9522208,0.9522208,0.0038227821,0.0038227821,0.94839802,0.94839802,0,1,1,6.9504079,6.9504079,False,0.99999994,True,True,True,1,1,6.9504079,6.9504079,1,1,6.8673868,6.8673868,1,1,1.0710595,1.0710595,1,1,1.6089169,1.6089169,1,1,3.5435764,3.5435764,1,1,3.2547254,3.2547254,1,1,3.088595,3.088595,1,1,3.4471433,3.4471433
0b_random_erasing_best,file,18,baseline_random_erasing,5796,099.Ovenbird/Ovenbird_0054_92594.jpg,99,98,099.Ovenbird,183,182,random_erasing,random_erasing,0,"{""area_fraction"":0.19646,""erased"":true,""height"":0.488408,""left"":0.57647,""top"":0.234272,""width"":0.402246}",0.048958361,3.4352903,3.386332,0.9522208,0.032216057,0.0038227821,0.017308099,0.94839802,0.014907958,-0.93349006,0.3645951,19.902781,6.9504079,138.33244,False,0.76849288,False,True,False,0.3645951,19.902781,6.9504079,138.33244,0.35204379,19.653535,6.8673868,134.96843,0.74650831,28.309759,1.0710595,30.321435,0.44697049,22.556075,1.6089169,36.29085,0.30340324,17.788575,3.5435764,63.035175,0.35082519,21.773749,3.2547254,70.867574,0.31146627,19.411802,3.088595,59.955194,0.41468546,19.043111,3.4471433,65.644332
0b_random_erasing_best,file,18,baseline_random_erasing,2455,043.Yellow_bellied_Flycatcher/Yellow_Bellied_Flycatcher_0049_42593.jpg,43,42,043.Yellow_bellied_Flycatcher,39,38,identity,identity,0,{},0.74097633,0.74097633,0,0.4766483,0.4766483,0.092646673,0.092646673,0.38400163,0.38400163,0,1,1,68.979285,68.979285,False,0.99999988,True,True,True,1,1,68.979285,68.979285,1,1,67.372517,67.372517,1,1,14.801544,14.801544,1,1,15.856498,15.856498,1,1,33.274604,33.274604,1,1,35.95406,35.95406,1,1,30.903028,30.903028,1,1,30.540739,30.540739
0b_random_erasing_best,file,18,baseline_random_erasing,2455,043.Yellow_bellied_Flycatcher/Yellow_Bellied_Flycatcher_0049_42593.jpg,43,42,043.Yellow_bellied_Flycatcher,39,38,random_erasing,random_erasing,0,"{""area_fraction"":0.171891,""erased"":true,""height"":0.746484,""left"":0.695711,""top"":0.090595,""width"":0.230267}",0.74097633,1.3536866,0.61271024,0.4766483,0.2582863,0.092646673,0.11649505,0.38400163,0.14179125,-0.24221038,0.90429046,1.4376346,68.979285,99.167006,False,0.98750901,True,True,True,0.90429046,1.4376346,68.979285,99.167006,0.90056888,1.4397028,67.372517,96.996401,0.98436488,1.3940952,14.801544,20.634761,0.69456637,1.6798874,15.856498,26.637132,0.89995903,1.3353147,33.274604,44.432067,0.91913882,1.4116442,35.95406,50.754338,0.9174461,1.4872764,30.903028,45.961345,0.92943002,1.4774775,30.540739,45.123256
0b_random_erasing_best,file,18,baseline_random_erasing,10437,178.Swainson_Warbler/Swainson_Warbler_0034_794890.jpg,178,177,178.Swainson_Warbler,195,194,identity,identity,0,{},0.60301805,0.60301805,0,0.54715776,0.54715776,0.32009989,0.32009989,0.22705787,0.22705787,0,1,1,120.83794,120.83794,False,1,True,True,True,1,1,120.83794,120.83794,1,1,119.50002,119.50002,1,1,17.93188,17.93188,1,1,21.316132,21.316132,1,1,61.408571,61.408571,1,1,67.11775,67.11775,1,1,56.402433,56.402433,1,1,48.670718,48.670718
0b_random_erasing_best,file,18,baseline_random_erasing,10437,178.Swainson_Warbler/Swainson_Warbler_0034_794890.jpg,178,177,178.Swainson_Warbler,195,194,random_erasing,random_erasing,0,"{""area_fraction"":0.151889,""erased"":true,""height"":0.352855,""left"":0.201184,""top"":0.400526,""width"":0.430456}",0.60301805,0.44203392,-0.16098413,0.54715776,0.64272785,0.32009989,0.061882786,0.22705787,0.58084507,0.35378719,0.68757039,0.5833811,120.83794,70.494571,False,0.9301343,True,True,True,0.68757039,0.5833811,120.83794,70.494571,0.68420048,0.58181144,119.50002,69.526481,0.82571934,0.64927521,17.93188,11.642725,0.55838043,0.53789046,21.316132,11.465744,0.71346873,0.54859489,61.408571,33.688428,0.67396654,0.58481795,67.11775,39.251665,0.65619591,0.58999144,56.402433,33.276953,0.72160415,0.62303191,48.670718,30.323411
0b_random_erasing_best,file,18,baseline_random_erasing,5857,100.Brown_Pelican/Brown_Pelican_0011_94683.jpg,100,99,100.Brown_Pelican,23,22,identity,identity,0,{},0.15097283,0.15097283,0,0.85987109,0.85987109,0.039885815,0.039885815,0.81998527,0.81998527,0,1,1,26.417057,26.417057,False,0.99999988,True,True,True,1,1,26.417057,26.417057,1,1,26.147888,26.147888,1,1,3.7614936,3.7614936,1,1,7.6204132,7.6204132,1,1,12.573355,12.573355,1,1,13.827155,13.827155,1,1,11.993487,11.993487,1,1,11.511653,11.511653
0b_random_erasing_best,file,18,baseline_random_erasing,5857,100.Brown_Pelican/Brown_Pelican_0011_94683.jpg,100,99,100.Brown_Pelican,23,22,random_erasing,random_erasing,0,"{""area_fraction"":0.1362,""erased"":true,""height"":0.249001,""left"":0.099169,""top"":0.386937,""width"":0.546984}",0.15097283,0.26858172,0.11760889,0.85987109,0.76446295,0.039885815,0.053822115,0.81998527,0.71064083,-0.10934444,0.83613321,1.5898056,26.417057,41.997986,False,0.96942222,True,True,True,0.83613321,1.5898056,26.417057,41.997986,0.83336779,1.583989,26.147888,41.417968,0.96040138,1.8492049,3.7614936,6.9557722,0.8450928,1.7436281,7.6204132,13.287167,0.81637929,1.4874998,12.573355,18.702863,0.84763467,1.577435,13.827155,21.811437,0.80994979,1.5728143,11.993487,18.863528,0.85498803,1.6425514,11.511653,18.908481
0b_random_erasing_best,file,18,baseline_random_erasing,3092,054.Blue_Grosbeak/Blue_Grosbeak_0067_36965.jpg,54,53,054.Blue_Grosbeak,14,13,identity,identity,0,{},0.039318103,0.039318103,0,0.9614448,0.9614448,0.020845585,0.020845585,0.94059921,0.94059921,0,1,1,5.5258569,5.5258569,False,1,True,True,True,1,1,5.5258569,5.5258569,1,1,5.3928657,5.3928657,1,1,1.2050287,1.2050287,1,1,1.3529648,1.3529648,1,1,2.3389055,2.3389055,1,1,2.9961991,2.9961991,1,1,2.341225,2.341225,1,1,2.70619,2.70619
0b_random_erasing_best,file,18,baseline_random_erasing,3092,054.Blue_Grosbeak/Blue_Grosbeak_0067_36965.jpg,54,53,054.Blue_Grosbeak,14,13,random_erasing,random_erasing,0,"{""area_fraction"":0.188963,""erased"":true,""height"":0.54598,""left"":0.163131,""top"":0.261636,""width"":0.346099}",0.039318103,4.7079825,4.6686644,0.9614448,0.0090229623,0.020845585,0.0048026978,0.94059921,0.0042202645,-0.93637895,0.37346791,25.689487,5.5258569,141.95643,False,0.69346434,False,True,False,0.37346791,25.689487,5.5258569,141.95643,0.36342493,25.798157,5.3928657,139.126,0.59685099,23.407014,1.2050287,28.206124,0.36953231,21.576026,1.3529648,29.191604,0.27915024,28.247796,2.3389055,66.068925,0.46829517,25.262214,2.9961991,75.690623,0.33322033,26.932203,2.341225,63.054347,0.33046084,24.605554,2.70619,66.587305
0b_random_erasing_best,file,18,baseline_random_erasing,275,005.Crested_Auklet/Crested_Auklet_0075_785259.jpg,5,4,005.Crested_Auklet,89,88,identity,identity,0,{},9.6319389,9.6319389,0,6.5599714e-05,6.5599714e-05,0.98314697,0.98314697,-0.98308137,-0.98308137,0,1,1,240.36391,240.36391,False,1.0000001,True,False,False,1,1,240.36391,240.36391,1,1,237.44257,237.44257,1,1,37.360849,37.360849,1,1,39.319942,39.319942,1,1,119.47114,119.47114,1,1,129.58993,129.58993,1,1,105.82648,105.82648,1,1,112.10162,112.10162
0b_random_erasing_best,file,18,baseline_random_erasing,275,005.Crested_Auklet/Crested_Auklet_0075_785259.jpg,5,4,005.Crested_Auklet,89,88,random_erasing,random_erasing,0,"{""area_fraction"":0.061261,""erased"":true,""height"":0.288666,""left"":0.775103,""top"":0.266327,""width"":0.212222}",9.6319389,9.9551954,0.32325649,6.5599714e-05,4.748032e-05,0.98314697,0.98740292,-0.98308137,-0.98735544,-0.0042740698,0.97541203,1.048678,240.36391,252.06435,False,0.99707931,True,False,False,0.97541203,1.048678,240.36391,252.06435,0.97491795,1.0497063,237.44257,249.24496,0.99708068,1.0062683,37.360849,37.595039,0.97187333,1.0280509,39.319942,40.422902,0.98120523,1.0568011,119.47114,126.25723,0.97371875,1.0646786,129.58993,137.97163,0.96877319,1.0531144,105.82648,111.44739,0.9758002,1.0206625,112.10162,114.41792
0b_random_erasing_best,file,18,baseline_random_erasing,823,015.Lazuli_Bunting/Lazuli_Bunting_0031_15018.jpg,15,14,015.Lazuli_Bunting,14,13,identity,identity,0,{},0.075597964,0.075597964,0,0.92718887,0.92718887,0.010294776,0.010294776,0.9168941,0.9168941,0,1,1,9.2780057,9.2780057,False,1,True,True,True,1,1,9.2780057,9.2780057,1,1,9.1298906,9.1298906,1,1,1.6512075,1.6512075,1,1,1.733476,1.733476,1,1,3.2707434,3.2707434,1,1,4.6031794,4.6031794,1,1,4.4312488,4.4312488,1,1,5.3690758,5.3690758
0b_random_erasing_best,file,18,baseline_random_erasing,823,015.Lazuli_Bunting/Lazuli_Bunting_0031_15018.jpg,15,14,015.Lazuli_Bunting,14,13,random_erasing,random_erasing,0,"{""area_fraction"":0.119295,""erased"":true,""height"":0.244338,""left"":0.214245,""top"":0.319971,""width"":0.488237}",0.075597964,2.8300171,2.7544191,0.92718887,0.059011839,0.010294776,0.61111474,0.9168941,-0.5521029,-1.468997,0.52446871,14.268995,9.2780057,132.38782,False,0.84611022,False,True,False,0.52446871,14.268995,9.2780057,132.38782,0.51507087,14.070433,9.1298906,128.46152,0.75897793,19.381397,1.6512075,32.002708,0.33519982,13.448946,1.733476,23.313426,0.55737448,16.720774,3.2707434,54.689361,0.57562453,14.471519,4.6031794,66.615,0.52355512,14.639884,4.4312488,64.872968,0.4641595,12.244351,5.3690758,65.74085
0b_random_erasing_best,file,18,baseline_random_erasing,10795,184.Louisiana_Waterthrush/Louisiana_Waterthrush_0026_177503.jpg,184,183,184.Louisiana_Waterthrush,183,182,identity,identity,0,{},0.5572173,0.5572173,0,0.57280082,0.57280082,0.080604568,0.080604568,0.49219625,0.49219625,0,1,1,50.540131,50.540131,False,1.0000001,True,True,True,1,1,50.540131,50.540131,1,1,49.305627,49.305627,1,1,11.102254,11.102254,1,1,8.8459684,8.8459684,1,1,19.450538,19.450538,1,1,25.454009,25.454009,1,1,22.966357,22.966357,1,1,28.268535,28.268535
0b_random_erasing_best,file,18,baseline_random_erasing,10795,184.Louisiana_Waterthrush/Louisiana_Waterthrush_0026_177503.jpg,184,183,184.Louisiana_Waterthrush,183,182,random_erasing,random_erasing,0,"{""area_fraction"":0.199789,""erased"":true,""height"":0.529908,""left"":0.208854,""top"":0.43362,""width"":0.377025}",0.5572173,2.3004901,1.7432728,0.57280082,0.10020972,0.080604568,0.02290684,0.49219625,0.077302881,-0.41489337,0.68872066,2.5476364,50.540131,128.75788,False,0.93269968,False,True,False,0.68872066,2.5476364,50.540131,128.75788,0.6787541,2.5481927,49.305627,125.64024,0.88619224,2.5366392,11.102254,28.162414,0.50155652,2.8057255,8.8459684,24.819359,0.65162792,2.935092,19.450538,57.089119,0.75201708,2.7650517,25.454009,70.381651,0.6540777,2.4424873,22.966357,56.095037,0.67691628,2.1835506,28.268535,61.725777
0b_random_erasing_best,file,18,baseline_random_erasing,7766,133.White_throated_Sparrow/White_Throated_Sparrow_0108_129184.jpg,133,132,133.White_throated_Sparrow,132,131,identity,identity,0,{},0.29729518,0.29729518,0,0.74282473,0.74282473,0.06488543,0.06488543,0.6779393,0.6779393,0,1,1,45.249788,45.249788,False,1.0000001,True,True,True,1,1,45.249788,45.249788,1,1,44.448174,44.448174,1,1,8.4795745,8.4795745,1,1,9.8297621,9.8297621,1,1,23.770137,23.770137,1,1,24.204716,24.204716,1,1,18.978985,18.978985,1,1,19.181406,19.181406
0b_random_erasing_best,file,18,baseline_random_erasing,7766,133.White_throated_Sparrow/White_Throated_Sparrow_0108_129184.jpg,133,132,133.White_throated_Sparrow,132,131,random_erasing,random_erasing,0,"{""area_fraction"":0.165065,""erased"":true,""height"":0.663351,""left"":0.688802,""top"":0.215332,""width"":0.248835}",0.29729518,0.26204342,-0.035251766,0.74282473,0.76947761,0.06488543,0.040355403,0.6779393,0.7291222,0.0511829,0.96992077,0.85648539,45.249788,38.755783,False,0.9953987,True,True,True,0.96992077,0.85648539,45.249788,38.755783,0.96911578,0.85571156,44.448174,38.034816,0.99178539,0.87748064,8.4795745,7.4406625,0.94633736,0.84162673,9.8297621,8.2729905,0.96902451,0.80895233,23.770137,19.228908,0.97652763,0.86705294,24.204716,20.986771,0.97015493,0.8800125,18.978985,16.701744,0.96564766,0.88636876,19.181406,17.001799
0b_random_erasing_best,file,18,baseline_random_erasing,744,014.Indigo_Bunting/Indigo_Bunting_0056_12637.jpg,14,13,014.Indigo_Bunting,54,53,identity,identity,0,{},0.61909938,0.61909938,0,0.53842914,0.53842914,0.30542663,0.30542663,0.23300251,0.23300251,0,1,1,80.115831,80.115831,False,1,True,True,True,1,1,80.115831,80.115831,1,1,78.826296,78.826296,1,1,14.316474,14.316474,1,1,12.523514,12.523514,1,1,30.746011,30.746011,1,1,46.520195,46.520195,1,1,37.998089,37.998089,1,1,38.774295,38.774295
0b_random_erasing_best,file,18,baseline_random_erasing,744,014.Indigo_Bunting/Indigo_Bunting_0056_12637.jpg,14,13,014.Indigo_Bunting,54,53,random_erasing,random_erasing,0,"{""area_fraction"":0.115779,""erased"":true,""height"":0.250593,""left"":0.044387,""top"":0.022051,""width"":0.46202}",0.61909938,1.3492384,0.73013902,0.53842914,0.25943777,0.30542663,0.631181,0.23300251,-0.37174323,-0.60474575,0.92579349,1.7592051,80.115831,140.94018,False,0.98706311,False,True,False,0.92579349,1.7592051,80.115831,140.94018,0.92406403,1.7545943,78.826296,138.30817,0.976975,1.8936629,14.316474,27.110576,0.90846692,1.699145,12.523514,21.279266,0.92291511,1.6517961,30.746011,50.786141,0.93853042,1.7985043,46.520195,83.666772,0.90546141,1.7554302,37.998089,66.702992,0.92431227,1.7582264,38.774295,68.173988
0b_random_erasing_best,file,18,baseline_random_erasing,11685,199.Winter_Wren/Winter_Wren_0081_190049.jpg,199,198,199.Winter_Wren,196,195,identity,identity,0,{},1.121864,1.121864,0,0.32567218,0.32567218,0.38628876,0.38628876,-0.060616583,-0.060616583,0,1,1,110.43921,110.43921,False,0.99999988,True,False,False,1,1,110.43921,110.43921,1,1,108.17451,108.17451,1,1,22.250707,22.250707,1,1,28.926829,28.926829,1,1,58.11767,58.11767,1,1,57.311712,57.311712,1,1,45.802951,45.802951,1,1,45.877633,45.877633
0b_random_erasing_best,file,18,baseline_random_erasing,11685,199.Winter_Wren/Winter_Wren_0081_190049.jpg,199,198,199.Winter_Wren,196,195,random_erasing,random_erasing,0,"{""area_fraction"":0.16069,""erased"":true,""height"":0.428611,""left"":0.380512,""top"":0.259973,""width"":0.374909}",1.121864,2.9168296,1.7949656,0.32567218,0.054104943,0.38628876,0.50887495,-0.060616583,-0.45477001,-0.39415343,0.83658771,1.3918537,110.43921,153.71522,False,0.9564389,True,False,False,0.83658771,1.3918537,110.43921,153.71522,0.83121836,1.3855905,108.17451,149.88557,0.95539078,1.5324518,22.250707,34.098136,0.83419628,1.3805637,28.926829,39.93533,0.83642989,1.3002506,58.11767,75.567533,0.84243177,1.3951004,57.311712,79.955591,0.82404823,1.4987476,45.802951,68.647064,0.81765238,1.3880307,45.877633,63.679564
0b_random_erasing_best,file,18,baseline_random_erasing,10734,183.Northern_Waterthrush/Northern_Waterthrush_0044_176961.jpg,183,182,183.Northern_Waterthrush,184,183,identity,identity,0,{},0.024791673,0.024791673,0,0.9755131,0.9755131,0.010817271,0.010817271,0.96469583,0.96469583,0,1,1,2.7642495,2.7642495,False,1,True,True,True,1,1,2.7642495,2.7642495,1,1,2.6930225,2.6930225,1,1,0.62346196,0.62346196,1,1,0.54861584,0.54861584,1,1,1.003064,1.003064,1,1,1.2863319,1.2863319,1,1,1.2117752,1.2117752,1,1,1.679942,1.679942
0b_random_erasing_best,file,18,baseline_random_erasing,10734,183.Northern_Waterthrush/Northern_Waterthrush_0044_176961.jpg,183,182,183.Northern_Waterthrush,184,183,random_erasing,random_erasing,0,"{""area_fraction"":0.155072,""erased"":true,""height"":0.375776,""left"":0.551634,""top"":0.113532,""width"":0.412672}",0.024791673,0.0092743766,-0.015517296,0.9755131,0.99076849,0.010817271,0.0043887207,0.96469583,0.98637977,0.021683942,0.89311686,0.36570577,2.7642495,1.010902,False,0.9838329,True,True,True,0.89311686,0.36570577,2.7642495,1.010902,0.88804885,0.36387584,2.6930225,0.97992584,0.98295051,0.39830949,0.62346196,0.24833082,0.83919413,0.34972616,0.54861584,0.19186531,0.83420954,0.372323,1.003064,0.3734638,0.87588236,0.34805072,1.2863319,0.44770874,0.87628319,0.35287865,1.2117752,0.42760958,0.92554463,0.37679172,1.679942,0.63298821
0b_random_erasing_best,file,18,baseline_random_erasing,3690,064.Ring_billed_Gull/Ring_Billed_Gull_0118_51322.jpg,64,63,064.Ring_billed_Gull,62,61,identity,identity,0,{},0.011818391,0.011818391,0,0.98825115,0.98825115,0.0085069491,0.0085069491,0.9797442,0.9797442,0,1,1,1.9164086,1.9164086,False,1.0000001,True,True,True,1,1,1.9164086,1.9164086,1,1,1.8473102,1.8473102,1,1,0.50996766,0.50996766,1,1,0.44204495,0.44204495,1,1,0.74683147,0.74683147,1,1,1.0443611,1.0443611,1,1,0.78808632,0.78808632,1,1,0.97345973,0.97345973
0b_random_erasing_best,file,18,baseline_random_erasing,3690,064.Ring_billed_Gull/Ring_Billed_Gull_0118_51322.jpg,64,63,064.Ring_billed_Gull,62,61,random_erasing,random_erasing,0,"{""area_fraction"":0.094205,""erased"":true,""height"":0.225286,""left"":0.33422,""top"":0.075603,""width"":0.418159}",0.011818391,0.0082957214,-0.0035226699,0.98825115,0.99173862,0.0085069491,0.0056634014,0.9797442,0.98607522,0.0063310154,0.95197488,0.72267777,1.9164086,1.3849459,False,0.99620068,True,True,True,0.95197488,0.72267777,1.9164086,1.3849459,0.94870312,0.72324639,1.8473102,1.3360604,0.99544663,0.71517452,0.50996766,0.36471588,0.88581642,0.62883506,0.44204495,0.27797336,0.9220872,0.7931624,0.74683147,0.59235864,0.95415895,0.71408984,1.0443611,0.74576767,0.95379404,0.72107778,0.78808632,0.56827153,0.97258988,0.71007463,0.97345973,0.69122906
0b_random_erasing_best,file,18,baseline_random_erasing,9269,158.Bay_breasted_Warbler/Bay_Breasted_Warbler_0045_797135.jpg,158,157,158.Bay_breasted_Warbler,21,20,identity,identity,0,{},0.0024016842,0.0024016842,0,0.99760121,0.99760121,0.0011608321,0.0011608321,0.99644038,0.99644038,0,1,1,0.39956102,0.39956102,False,1,True,True,True,1,1,0.39956102,0.39956102,1,1,0.39098446,0.39098446,1,1,0.082341758,0.082341758,1,1,0.060064642,0.060064642,1,1,0.13819985,0.13819985,1,1,0.19094693,0.19094693,1,1,0.19844937,0.19844937,1,1,0.23306438,0.23306438
0b_random_erasing_best,file,18,baseline_random_erasing,9269,158.Bay_breasted_Warbler/Bay_Breasted_Warbler_0045_797135.jpg,158,157,158.Bay_breasted_Warbler,21,20,random_erasing,random_erasing,0,"{""area_fraction"":0.078911,""erased"":true,""height"":0.459246,""left"":0.687305,""top"":0.318608,""width"":0.171826}",0.0024016842,0.0017250194,-0.00067666476,0.99760121,0.99827647,0.0011608321,0.00095330586,0.99644038,0.99732317,0.00088278728,0.95024558,0.72914441,0.39956102,0.29133769,False,0.99431622,True,True,True,0.95024558,0.72914441,0.39956102,0.29133769,0.94850603,0.72531696,0.39098446,0.28358766,0.99094378,0.81065727,0.082341758,0.066750945,0.93232754,0.82039658,0.060064642,0.049276827,0.94112606,0.75302158,0.13819985,0.10406747,0.94726507,0.70909383,0.19094693,0.13539929,0.94032545,0.72750064,0.19844937,0.14437205,0.96029865,0.71780396,0.23306438,0.16729453
0b_random_erasing_best,file,18,baseline_random_erasing,5852,100.Brown_Pelican/Brown_Pelican_0007_94078.jpg,100,99,100.Brown_Pelican,71,70,identity,identity,0,{},0.19981299,0.19981299,0,0.8188839,0.8188839,0.049498316,0.049498316,0.76938558,0.76938558,0,1,1,43.741655,43.741655,False,0.99999994,True,True,True,1,1,43.741655,43.741655,1,1,43.400774,43.400774,1,1,5.4502536,5.4502536,1,1,12.591525,12.591525,1,1,19.764365,19.764365,1,1,23.447937,23.447937,1,1,20.316429,20.316429,1,1,19.284384,19.284384
0b_random_erasing_best,file,18,baseline_random_erasing,5852,100.Brown_Pelican/Brown_Pelican_0007_94078.jpg,100,99,100.Brown_Pelican,71,70,random_erasing,random_erasing,0,"{""area_fraction"":0.164397,""erased"":true,""height"":0.293921,""left"":0.113425,""top"":0.118177,""width"":0.559324}",0.19981299,0.34804031,0.14822732,0.8188839,0.70607042,0.049498316,0.22168453,0.76938558,0.48438589,-0.28499969,0.77017556,1.8728087,43.741655,81.919753,False,0.9699375,True,True,True,0.77017556,1.8728087,43.741655,81.919753,0.76821681,1.8628988,43.400774,80.851249,0.89174442,2.4196915,5.4502536,13.187932,0.85299141,2.1117679,12.591525,26.590379,0.75886323,1.8176271,19.764365,35.924246,0.79406456,1.8337644,23.447937,42.997991,0.71452304,1.783119,20.316429,36.226611,0.76100856,1.9250382,19.284384,37.123175
0b_random_erasing_best,file,18,baseline_random_erasing,2966,052.Pied_billed_Grebe/Pied_Billed_Grebe_0032_35931.jpg,52,51,052.Pied_billed_Grebe,50,49,identity,identity,0,{},0.028323675,0.028323675,0,0.97207367,0.97207367,0.011067729,0.011067729,0.96100595,0.96100595,0,1,1,4.7649073,4.7649073,False,1,True,True,True,1,1,4.7649073,4.7649073,1,1,4.6786989,4.6786989,1,1,0.90228511,0.90228511,1,1,1.0767926,1.0767926,1,1,2.2606042,2.2606042,1,1,2.5400754,2.5400754,1,1,2.1601596,2.1601596,1,1,2.1218239,2.1218239
0b_random_erasing_best,file,18,baseline_random_erasing,2966,052.Pied_billed_Grebe/Pied_Billed_Grebe_0032_35931.jpg,52,51,052.Pied_billed_Grebe,50,49,random_erasing,random_erasing,0,"{""area_fraction"":0.173582,""erased"":true,""height"":0.256425,""left"":0.23428,""top"":0.71654,""width"":0.676931}",0.028323675,0.010349887,-0.017973787,0.97207367,0.98970348,0.011067729,0.0029434629,0.96100595,0.98676001,0.025754068,0.9350273,0.35192344,4.7649073,1.6768826,False,0.97661787,True,True,True,0.9350273,0.35192344,4.7649073,1.6768826,0.93370039,0.3520263,4.6786989,1.6470251,0.97103025,0.34914642,0.90228511,0.31502962,0.91614003,0.35329599,1.0767926,0.38042651,0.91158284,0.35062131,2.2606042,0.79261602,0.93952324,0.34246587,2.5400754,0.86988914,0.9444929,0.35657764,2.1601596,0.77026462,0.94444675,0.3619185,2.1218239,0.7679273
0b_random_erasing_best,file,18,baseline_random_erasing,2953,052.Pied_billed_Grebe/Pied_Billed_Grebe_0082_35356.jpg,52,51,052.Pied_billed_Grebe,51,50,identity,identity,0,{},0.023053601,0.023053601,0,0.9772101,0.9772101,0.0082749836,0.0082749836,0.96893512,0.96893512,0,1,1,4.2409589,4.2409589,False,0.99999994,True,True,True,1,1,4.2409589,4.2409589,1,1,4.1775073,4.1775073,1,1,0.73086573,0.73086573,1,1,0.81368718,0.81368718,1,1,1.8156031,1.8156031,1,1,2.5441001,2.5441001,1,1,1.8955093,1.8955093,1,1,1.8513955,1.8513955
0b_random_erasing_best,file,18,baseline_random_erasing,2953,052.Pied_billed_Grebe/Pied_Billed_Grebe_0082_35356.jpg,52,51,052.Pied_billed_Grebe,51,50,random_erasing,random_erasing,0,"{""area_fraction"":0.185938,""erased"":true,""height"":0.524278,""left"":0.157153,""top"":0.154888,""width"":0.354656}",0.023053601,1.8616569,1.8386033,0.9772101,0.15541494,0.0082749836,0.090565406,0.96893512,0.064849533,-0.90408559,0.69601432,42.149631,4.2409589,178.75485,False,0.85568535,False,True,False,0.69601432,42.149631,4.2409589,178.75485,0.69307346,42.121346,4.1775073,175.96223,0.79015772,43.063514,0.73086573,31.473646,0.50453155,40.238029,0.81368718,32.741168,0.72262938,48.791383,1.8156031,88.585788,0.76176023,42.006476,2.5441001,106.86868,0.64927479,39.620569,1.8955093,75.101156,0.61418728,38.125069,1.8513955,70.58458
0b_random_erasing_best,file,18,baseline_random_erasing,6638,114.Black_throated_Sparrow/Black_Throated_Sparrow_0011_107115.jpg,114,113,114.Black_throated_Sparrow,111,110,identity,identity,0,{},0.13320301,0.13320301,0,0.87528735,0.87528735,0.011317822,0.011317822,0.86396953,0.86396953,0,1,1,15.589089,15.589089,False,1,True,True,True,1,1,15.589089,15.589089,1,1,15.267728,15.267728,1,1,3.1489962,3.1489962,1,1,2.9626695,2.9626695,1,1,6.3581574,6.3581574,1,1,7.5690437,7.5690437,1,1,7.4161089,7.4161089,1,1,8.4623186,8.4623186
0b_random_erasing_best,file,18,baseline_random_erasing,6638,114.Black_throated_Sparrow/Black_Throated_Sparrow_0011_107115.jpg,114,113,114.Black_throated_Sparrow,111,110,random_erasing,random_erasing,0,"{""area_fraction"":0.103919,""erased"":true,""height"":0.571897,""left"":0.605938,""top"":0.05689,""width"":0.18171}",0.13320301,0.12403703,-0.0091659874,0.87528735,0.88334715,0.011317822,0.0086705917,0.86396953,0.87467656,0.01070703,0.9074076,0.94964818,15.589089,14.80415,False,0.99322021,True,True,True,0.9074076,0.94964818,15.589089,14.80415,0.90377301,0.94938713,15.267728,14.494984,0.99229671,0.9557642,3.1489962,3.0096979,0.85611888,1.0633995,2.9626695,3.1505013,0.86500787,0.97733798,6.3581574,6.2140687,0.90250437,0.94926076,7.5690437,7.1849962,0.90053149,0.94725613,7.4161089,7.0249546,0.93889502,0.91983822,8.4623186,7.7839641
0b_random_erasing_best,file,18,baseline_random_erasing,8966,153.Philadelphia_Vireo/Philadelphia_Vireo_0015_794778.jpg,153,152,153.Philadelphia_Vireo,155,154,identity,identity,0,{},0.57333243,0.57333243,0,0.56364399,0.56364399,0.27372867,0.27372867,0.28991532,0.28991532,0,1,1,59.286427,59.286427,False,0.99999994,True,True,True,1,1,59.286427,59.286427,1,1,56.749217,56.749217,1,1,17.158285,17.158285,1,1,9.1632822,9.1632822,1,1,25.06567,25.06567,1,1,31.404534,31.404534,1,1,26.739037,26.739037,1,1,28.407732,28.407732
0b_random_erasing_best,file,18,baseline_random_erasing,8966,153.Philadelphia_Vireo/Philadelphia_Vireo_0015_794778.jpg,153,152,153.Philadelphia_Vireo,155,154,random_erasing,random_erasing,0,"{""area_fraction"":0.199315,""erased"":true,""height"":0.674039,""left"":0.395359,""top"":0.318501,""width"":0.295703}",0.57333243,3.9377835,3.3644511,0.56364399,0.019491369,0.27372867,0.2900731,0.28991532,-0.27058173,-0.56049705,0.58195513,2.7212038,59.286427,161.33045,False,0.8498596,False,True,False,0.58195513,2.7212038,59.286427,161.33045,0.57089638,2.7873994,56.749217,158.18274,0.81124776,1.8482809,17.158285,31.713331,0.40245693,2.8113245,9.1632822,25.760959,0.57563952,2.6073935,25.06567,65.356066,0.61391913,2.9427686,31.404534,92.416275,0.51422101,2.9427742,26.739037,78.686949,0.58839144,2.5758234,28.407732,73.173301
0b_random_erasing_best,file,18,baseline_random_erasing,5646,097.Orchard_Oriole/Orchard_Oriole_0006_91724.jpg,97,96,097.Orchard_Oriole,30,29,identity,identity,0,{},0.96540618,0.96540618,0,0.38082847,0.38082847,0.22031465,0.22031465,0.16051382,0.16051382,0,1,1,129.59128,129.59128,False,1,True,True,True,1,1,129.59128,129.59128,1,1,128.24728,128.24728,1,1,18.61544,18.61544,1,1,44.474278,44.474278,1,1,65.182742,65.182742,1,1,66.624558,66.624558,1,1,56.220563,56.220563,1,1,51.195994,51.195994
0b_random_erasing_best,file,18,baseline_random_erasing,5646,097.Orchard_Oriole/Orchard_Oriole_0006_91724.jpg,97,96,097.Orchard_Oriole,30,29,random_erasing,random_erasing,0,"{""area_fraction"":0.083563,""erased"":true,""height"":0.168329,""left"":0.069177,""top"":0.461864,""width"":0.496424}",0.96540618,1.5694046,0.60399842,0.38082847,0.20816909,0.22031465,0.15438731,0.16051382,0.053781778,-0.10673204,0.75527174,0.95473042,129.59128,123.72473,False,0.93847352,True,True,True,0.75527174,0.95473042,129.59128,123.72473,0.75241015,0.94468308,128.24728,121.15303,0.89724959,1.3480671,18.61544,25.094862,0.78973425,0.87690991,44.474278,38.999935,0.76814826,0.89621165,65.182742,58.417533,0.75839535,0.86635115,66.624558,57.720262,0.71619917,0.9633744,56.220563,54.161451,0.76114942,1.1521629,51.195994,58.986126
0b_random_erasing_best,file,18,baseline_random_erasing,2734,048.European_Goldfinch/European_Goldfinch_0014_794672.jpg,48,47,048.European_Goldfinch,132,131,identity,identity,0,{},0.0039301077,0.0039301077,0,0.9960776,0.9960776,0.00076243689,0.00076243689,0.99531516,0.99531516,0,1,1,0.53588418,0.53588418,False,0.99999988,True,True,True,1,1,0.53588418,0.53588418,1,1,0.52498416,0.52498416,1,1,0.10753361,0.10753361,1,1,0.10275964,0.10275964,1,1,0.18519969,0.18519969,1,1,0.26103472,0.26103472,1,1,0.25969776,0.25969776,1,1,0.30849287,0.30849287
0b_random_erasing_best,file,18,baseline_random_erasing,2734,048.European_Goldfinch/European_Goldfinch_0014_794672.jpg,48,47,048.European_Goldfinch,132,131,random_erasing,random_erasing,0,"{""area_fraction"":0.175577,""erased"":true,""height"":0.381219,""left"":0.319149,""top"":0.242969,""width"":0.460566}",0.0039301077,0.020074883,0.016144776,0.9960776,0.98012525,0.00076243689,0.001981237,0.99531516,0.97814401,-0.017171149,0.36818599,7.3863487,0.53588418,3.9582274,False,0.87745559,True,True,True,0.36818599,7.3863487,0.53588418,3.9582274,0.34921869,7.3870683,0.52498416,3.8780939,0.82135833,7.3691782,0.10753361,0.79243435,0.33162949,8.5030555,0.10275964,0.87377094,0.20378317,10.097207,0.18519969,1.8699996,0.32036338,7.8978848,0.26103472,2.0616221,0.37643103,6.8252899,0.25969776,1.7725125,0.46666673,5.9658477,0.30849287,1.8404215
0b_random_erasing_best,file,18,baseline_random_erasing,3949,068.Ruby_throated_Hummingbird/Ruby_Throated_Hummingbird_0055_57781.jpg,68,67,068.Ruby_throated_Hummingbird,67,66,identity,identity,0,{},0.053884953,0.053884953,0,0.94754112,0.94754112,0.030405402,0.030405402,0.91713572,0.91713572,0,1,1,6.5566961,6.5566961,False,0.99999988,True,True,True,1,1,6.5566961,6.5566961,1,1,6.2630373,6.2630373,1,1,1.9402649,1.9402649,1,1,1.8866632,1.8866632,1,1,2.6640379,2.6640379,1,1,2.8684113,2.8684113,1,1,2.8668716,2.8668716,1,1,3.48171,3.48171
0b_random_erasing_best,file,18,baseline_random_erasing,3949,068.Ruby_throated_Hummingbird/Ruby_Throated_Hummingbird_0055_57781.jpg,68,67,068.Ruby_throated_Hummingbird,67,66,random_erasing,random_erasing,0,"{""area_fraction"":0.177466,""erased"":true,""height"":0.504292,""left"":0.369822,""top"":0.464309,""width"":0.351912}",0.053884953,0.070565626,0.016680673,0.94754112,0.93186659,0.030405402,0.034454264,0.91713572,0.89741232,-0.019723393,0.86753507,1.3267654,6.5566961,8.6991975,False,0.97535467,True,True,True,0.86753507,1.3267654,6.5566961,8.6991975,0.85870602,1.3372843,6.2630373,8.3754612,0.97294112,1.2117434,1.9402649,2.3511032,0.90353824,1.4277554,1.8866632,2.6936936,0.85939623,1.3537824,2.6640379,3.6065275,0.8584014,1.3416774,2.8684113,3.8484826,0.82169725,1.3240445,2.8668716,3.7958657,0.87045786,1.3056737,3.48171,4.5459773
0b_random_erasing_best,file,18,baseline_random_erasing,8324,142.Black_Tern/Black_Tern_0082_144372.jpg,142,141,142.Black_Tern,30,29,identity,identity,0,{},1.7760615,1.7760615,0,0.16930363,0.16930363,0.17659204,0.17659204,-0.0072884113,-0.0072884113,0,1,1,147.83573,147.83573,False,0.99999988,True,False,False,1,1,147.83573,147.83573,1,1,145.99181,145.99181,1,1,23.276478,23.276478,1,1,56.473485,56.473485,1,1,72.856538,72.856538,1,1,74.775522,74.775522,1,1,61.516815,61.516815,1,1,58.656468,58.656468
0b_random_erasing_best,file,18,baseline_random_erasing,8324,142.Black_Tern/Black_Tern_0082_144372.jpg,142,141,142.Black_Tern,30,29,random_erasing,random_erasing,0,"{""area_fraction"":0.115111,""erased"":true,""height"":0.393405,""left"":0.352204,""top"":0.095975,""width"":0.292601}",1.7760615,4.9628658,3.1868043,0.16930363,0.0069928602,0.17659204,0.041949291,-0.0072884113,-0.034956431,-0.027668019,0.71205312,1.2262071,147.83573,181.27721,False,0.91248471,False,False,False,0.71205312,1.2262071,147.83573,181.27721,0.70793314,1.2222936,145.99181,178.44485,0.86110129,1.3713275,23.276478,31.919674,0.74638417,1.3452522,56.473485,75.971079,0.63677315,1.0992811,72.856538,80.089816,0.72860521,1.1966432,74.775522,89.479623,0.71740324,1.2346649,61.516815,75.952652,0.7331361,1.3074227,58.656468,76.688796
0b_random_erasing_best,file,18,baseline_random_erasing,8209,140.Summer_Tanager/Summer_Tanager_0058_139427.jpg,140,139,140.Summer_Tanager,139,138,identity,identity,0,{},0.011155143,0.011155143,0,0.98890686,0.98890686,0.0043296386,0.0043296386,0.98457722,0.98457722,0,1,1,1.5542427,1.5542427,False,0.99999994,True,True,True,1,1,1.5542427,1.5542427,1,1,1.5246397,1.5246397,1,1,0.30190083,0.30190083,1,1,0.32859846,0.32859846,1,1,0.65243529,0.65243529,1,1,0.71707515,0.71707515,1,1,0.74050674,0.74050674,1,1,0.85342281,0.85342281
0b_random_erasing_best,file,18,baseline_random_erasing,8209,140.Summer_Tanager/Summer_Tanager_0058_139427.jpg,140,139,140.Summer_Tanager,139,138,random_erasing,random_erasing,0,"{""area_fraction"":0.071879,""erased"":true,""height"":0.248827,""left"":0.11625,""top"":0.659231,""width"":0.288872}",0.011155143,0.010034945,-0.0011201985,0.98890686,0.99001521,0.0043296386,0.0040583187,0.98457722,0.98595689,0.0013796682,0.98102199,0.86402037,1.5542427,1.3428973,False,0.99836951,True,True,True,0.98102199,0.86402037,1.5542427,1.3428973,0.98037908,0.86200087,1.5246397,1.3142408,0.99810271,0.91401849,0.30190083,0.27594294,0.97458377,0.85385924,0.32859846,0.28057683,0.97734388,0.85061609,0.65243529,0.55497195,0.97757812,0.85132455,0.71707515,0.61046368,0.97822403,0.86004911,0.74050674,0.63687216,0.98672362,0.87861059,0.85342281,0.74982631
0b_random_erasing_best,file,18,baseline_random_erasing,11708,199.Winter_Wren/Winter_Wren_0051_189990.jpg,199,198,199.Winter_Wren,198,197,identity,identity,0,{},3.8061411,3.8061411,0,0.02223381,0.02223381,0.18585131,0.18585131,-0.1636175,-0.1636175,0,1,1,111.78713,111.78713,False,1,True,False,False,1,1,111.78713,111.78713,1,1,108.17799,108.17799,1,1,28.175966,28.175966,1,1,31.103986,31.103986,1,1,43.6145,43.6145,1,1,50.142371,50.142371,1,1,53.603452,53.603452,1,1,58.695884,58.695884
0b_random_erasing_best,file,18,baseline_random_erasing,11708,199.Winter_Wren/Winter_Wren_0051_189990.jpg,199,198,199.Winter_Wren,198,197,random_erasing,random_erasing,0,"{""area_fraction"":0.149216,""erased"":true,""height"":0.304911,""left"":0.156512,""top"":0.216249,""width"":0.489375}",3.8061411,3.924077,0.1179359,0.02223381,0.019760363,0.18585131,0.14260636,-0.1636175,-0.122846,0.040771496,0.82384799,0.99399792,111.78713,111.11617,False,0.98096168,False,False,False,0.82384799,0.99399792,111.78713,111.11617,0.81289455,0.98234909,108.17799,106.26855,0.97123055,1.1521266,28.175966,32.46228,0.83193882,0.92420323,31.103986,28.746404,0.77128503,0.89533481,43.6145,39.04958,0.75197825,0.89846723,50.142371,45.051278,0.82593911,1.0019782,53.603452,53.709492,0.86199867,1.0812037,58.695884,63.462205
0b_random_erasing_best,file,18,baseline_random_erasing,515,010.Red_winged_Blackbird/Red_Winged_Blackbird_0046_4242.jpg,10,9,010.Red_winged_Blackbird,97,96,identity,identity,0,{},0.10436787,0.10436787,0,0.90089381,0.90089381,0.035656877,0.035656877,0.86523693,0.86523693,0,1,1,11.249058,11.249058,False,0.99999994,True,True,True,1,1,11.249058,11.249058,1,1,10.835874,10.835874,1,1,3.0207829,3.0207829,1,1,2.479456,2.479456,1,1,4.5257764,4.5257764,1,1,5.0118135,5.0118135,1,1,5.2562768,5.2562768,1,1,6.1675843,6.1675843
0b_random_erasing_best,file,18,baseline_random_erasing,515,010.Red_winged_Blackbird/Red_Winged_Blackbird_0046_4242.jpg,10,9,010.Red_winged_Blackbird,97,96,random_erasing,random_erasing,0,"{""area_fraction"":0.184621,""erased"":true,""height"":0.27494,""left"":0.022839,""top"":0.346072,""width"":0.671495}",0.10436787,0.04109177,-0.063276097,0.90089381,0.95974106,0.035656877,0.016259283,0.86523693,0.94348177,0.078244843,0.73181781,0.45296792,11.249058,5.0954623,False,0.96947402,True,True,True,0.73181781,0.45296792,11.249058,5.0954623,0.71410582,0.45361936,10.835874,4.9153623,0.96453985,0.4445005,3.0207829,1.3427395,0.47532036,0.43236366,2.479456,1.0720267,0.58074789,0.45724673,4.5257764,2.0693965,0.70904788,0.45739463,5.0118135,2.2923766,0.73309498,0.4671964,5.2562768,2.4557136,0.81555966,0.44236129,6.1675843,2.7283006
0b_random_erasing_best,file,18,baseline_random_erasing,3542,061.Heermann_Gull/Heermann_Gull_0079_45468.jpg,61,60,061.Heermann_Gull,64,63,identity,identity,0,{},0.30156177,0.30156177,0,0.73966211,0.73966211,0.056958523,0.056958523,0.68270359,0.68270359,0,1,1,42.210858,42.210858,False,0.99999988,True,True,True,1,1,42.210858,42.210858,1,1,41.457677,41.457677,1,1,7.9383585,7.9383585,1,1,10.44054,10.44054,1,1,19.127556,19.127556,1,1,22.106417,22.106417,1,1,18.686229,18.686229,1,1,20.14949,20.14949
0b_random_erasing_best,file,18,baseline_random_erasing,3542,061.Heermann_Gull/Heermann_Gull_0079_45468.jpg,61,60,061.Heermann_Gull,64,63,random_erasing,random_erasing,0,"{""area_fraction"":0.089768,""erased"":true,""height"":0.465451,""left"":0.213843,""top"":0.196349,""width"":0.192862}",0.30156177,0.31140879,0.0098470151,0.73966211,0.73241442,0.056958523,0.021304414,0.68270359,0.71111001,0.028406423,0.89616604,0.95020025,42.210858,40.108768,False,0.98383439,True,True,True,0.89616604,0.95020025,42.210858,40.108768,0.89326047,0.9478853,41.457677,39.297123,0.97225235,1.0112972,7.9383585,8.0280395,0.88708017,0.86427909,10.44054,9.02354,0.89023176,0.87603094,19.127556,16.756331,0.90339291,0.92629305,22.106417,20.47702,0.8777347,0.98559089,18.686229,18.416977,0.905158,1.0214082,20.14949,20.580854
0b_random_erasing_best,file,18,baseline_random_erasing,11652,198.Rock_Wren/Rock_Wren_0063_189121.jpg,198,197,198.Rock_Wren,104,103,identity,identity,0,{},0.050262008,0.050262008,0,0.95098025,0.95098025,0.017824955,0.017824955,0.93315529,0.93315529,0,1,1,8.036024,8.036024,False,1,True,True,True,1,1,8.036024,8.036024,1,1,7.8897643,7.8897643,1,1,1.5262047,1.5262047,1,1,2.014276,2.014276,1,1,3.9561343,3.9561343,1,1,4.5398631,4.5398631,1,1,3.3505312,3.3505312,1,1,3.2716445,3.2716445
0b_random_erasing_best,file,18,baseline_random_erasing,11652,198.Rock_Wren/Rock_Wren_0063_189121.jpg,198,197,198.Rock_Wren,104,103,random_erasing,random_erasing,0,"{""area_fraction"":0.076819,""erased"":true,""height"":0.330699,""left"":0.02628,""top"":0.225648,""width"":0.232294}",0.050262008,0.064126432,0.013864424,0.95098025,0.93788642,0.017824955,0.022946926,0.93315529,0.91493949,-0.0182158,0.98514736,1.2480803,8.036024,10.029603,False,0.99650049,True,True,True,0.98514736,1.2480803,8.036024,10.029603,0.98476045,1.2488076,7.8897643,9.8527978,0.99578613,1.2284832,1.5262047,1.8749169,0.98997843,1.1877722,2.014276,2.392501,0.98427358,1.2196894,3.9561343,4.8252552,0.98883611,1.2607825,4.5398631,5.72378,0.98140338,1.2640466,3.3505312,4.2352274,0.98050208,1.2739566,3.2716445,4.1679332
0b_random_erasing_best,file,18,baseline_random_erasing,4289,074.Florida_Jay/Florida_Jay_0092_64924.jpg,74,73,074.Florida_Jay,40,39,identity,identity,0,{},6.0916862,6.0916862,0,0.0022615925,0.0022615925,0.22461179,0.22461179,-0.2223502,-0.2223502,0,1,1,141.268,141.268,False,1,True,False,False,1,1,141.268,141.268,1,1,138.26693,138.26693,1,1,28.963806,28.963806,1,1,33.059099,33.059099,1,1,77.027002,77.027002,1,1,67.468276,67.468276,1,1,56.95245,56.95245,1,1,65.544882,65.544882
0b_random_erasing_best,file,18,baseline_random_erasing,4289,074.Florida_Jay/Florida_Jay_0092_64924.jpg,74,73,074.Florida_Jay,40,39,random_erasing,random_erasing,0,"{""area_fraction"":0.139348,""erased"":true,""height"":0.350658,""left"":0.456862,""top"":0.263532,""width"":0.39739}",6.0916862,6.065629,-0.026057243,0.0022615925,0.002321298,0.22461179,0.19167612,-0.2223502,-0.18935483,0.03299537,0.91319413,1.1342941,141.268,160.23945,False,0.98261523,True,False,False,0.91319413,1.1342941,141.268,160.23945,0.91076038,1.1391114,138.26693,157.50144,0.98075639,1.0183528,28.963806,29.495373,0.89526924,1.2586764,33.059099,41.610708,0.93411706,1.086575,77.027002,83.695616,0.92146087,1.2042854,67.468276,81.251063,0.88731102,1.149323,56.95245,65.456761,0.89444088,1.0984812,65.544882,71.999824
0b_random_erasing_best,file,18,baseline_random_erasing,4332,075.Green_Jay/Green_Jay_0075_65701.jpg,75,74,075.Green_Jay,18,17,identity,identity,0,{},0.092656121,0.092656121,0,0.91150689,0.91150689,0.017232887,0.017232887,0.894274,0.894274,0,1,1,13.34831,13.34831,False,1,True,True,True,1,1,13.34831,13.34831,1,1,13.150966,13.150966,1,1,2.2868087,2.2868087,1,1,2.6607565,2.6607565,1,1,5.7805622,5.7805622,1,1,7.2415396,7.2415396,1,1,6.3712434,6.3712434,1,1,6.2785932,6.2785932
0b_random_erasing_best,file,18,baseline_random_erasing,4332,075.Green_Jay/Green_Jay_0075_65701.jpg,75,74,075.Green_Jay,18,17,random_erasing,random_erasing,0,"{""area_fraction"":0.106652,""erased"":true,""height"":0.228926,""left"":0.058844,""top"":0.013868,""width"":0.46588}",0.092656121,0.29942232,0.2067662,0.91150689,0.74124628,0.017232887,0.037217855,0.894274,0.70402843,-0.19024558,0.84738565,2.9531748,13.34831,39.419893,False,0.97967529,True,True,True,0.84738565,2.9531748,13.34831,39.419893,0.84376999,2.9581429,13.150966,38.902435,0.97596568,2.7838803,2.2868087,6.3662015,0.68444328,3.4648022,2.6607565,9.2189951,0.83609185,2.8166677,5.7805622,16.281923,0.8423101,2.9165221,7.2415396,21.12011,0.84307627,3.0713772,6.3712434,19.568492,0.89075786,2.9122,6.2785932,18.284519
0b_random_erasing_best,file,18,baseline_random_erasing,4183,072.Pomarine_Jaeger/Pomarine_Jaeger_0039_61348.jpg,72,71,072.Pomarine_Jaeger,1,0,identity,identity,0,{},0.065479919,0.065479919,0,0.93661785,0.93661785,0.013554812,0.013554812,0.92306304,0.92306304,0,1,1,10.23713,10.23713,False,1,True,True,True,1,1,10.23713,10.23713,1,1,10.058318,10.058318,1,1,1.9050124,1.9050124,1,1,2.966854,2.966854,1,1,4.1746033,4.1746033,1,1,5.135608,5.135608,1,1,4.8273025,4.8273025,1,1,5.0262225,5.0262225
0b_random_erasing_best,file,18,baseline_random_erasing,4183,072.Pomarine_Jaeger/Pomarine_Jaeger_0039_61348.jpg,72,71,072.Pomarine_Jaeger,1,0,random_erasing,random_erasing,0,"{""area_fraction"":0.145536,""erased"":true,""height"":0.57801,""left"":0.162684,""top"":0.069911,""width"":0.251787}",0.065479919,0.35782385,0.29234393,0.93661785,0.69919622,0.013554812,0.0049105911,0.92306304,0.69428563,-0.22877741,0.75076823,5.1634278,10.23713,52.858683,False,0.95545423,True,True,True,0.75076823,5.1634278,10.23713,52.858683,0.74506971,5.1586048,10.058318,51.886889,0.90575521,5.296113,1.9050124,10.089161,0.79859546,5.3689068,2.966854,15.928763,0.60880648,4.947175,4.1746033,20.652493,0.73825454,5.1064908,5.135608,26.224935,0.77561268,5.224314,4.8273025,25.219344,0.79452878,5.2194761,5.0262225,26.234248
0b_random_erasing_best,file,18,baseline_random_erasing,5357,092.Nighthawk/Nighthawk_0034_82578.jpg,92,91,092.Nighthawk,105,104,identity,identity,0,{},5.2527161,5.2527161,0,0.0052332846,0.0052332846,0.97516,0.97516,-0.96992672,-0.96992672,0,1,1,213.35625,213.35625,False,0.99999988,True,False,False,1,1,213.35625,213.35625,1,1,208.16097,208.16097,1,1,46.796387,46.796387,1,1,35.101866,35.101866,1,1,83.268742,83.268742,1,1,119.82936,119.82936,1,1,99.975887,99.975887,1,1,103.97553,103.97553
0b_random_erasing_best,file,18,baseline_random_erasing,5357,092.Nighthawk/Nighthawk_0034_82578.jpg,92,91,092.Nighthawk,105,104,random_erasing,random_erasing,0,"{""area_fraction"":0.059739,""erased"":true,""height"":0.178131,""left"":0.409815,""top"":0.340461,""width"":0.335364}",5.2527161,4.8864226,-0.36629343,0.0052332846,0.0075483769,0.97516,0.9475193,-0.96992672,-0.93997093,0.029955793,0.91668578,1.0459069,213.35625,223.15077,False,0.98503661,True,False,False,0.91668578,1.0459069,213.35625,223.15077,0.91357867,1.049271,208.16097,218.41727,0.98494828,0.97696284,46.796387,45.718331,0.93443804,1.1021334,35.101866,38.686938,0.9260895,1.1112637,83.268742,92.53353,0.91735139,1.0308077,119.82936,123.52103,0.88826931,1.0643012,99.975887,106.40445,0.92377129,1.0118029,103.97553,105.20274
0b_random_erasing_best,file,18,baseline_random_erasing,10491,179.Tennessee_Warbler/Tennessee_Warbler_0084_174891.jpg,179,178,179.Tennessee_Warbler,152,151,identity,identity,0,{},0.57460856,0.57460856,0,0.56292516,0.56292516,0.08380501,0.08380501,0.47912015,0.47912015,0,1,1,77.07893,77.07893,False,1.0000001,True,True,True,1,1,77.07893,77.07893,1,1,75.879445,75.879445,1,1,13.545155,13.545155,1,1,14.998938,14.998938,1,1,36.849398,36.849398,1,1,42.464753,42.464753,1,1,35.815372,35.815372,1,1,32.997694,32.997694
0b_random_erasing_best,file,18,baseline_random_erasing,10491,179.Tennessee_Warbler/Tennessee_Warbler_0084_174891.jpg,179,178,179.Tennessee_Warbler,152,151,random_erasing,random_erasing,0,"{""area_fraction"":0.084665,""erased"":true,""height"":0.437403,""left"":0.360142,""top"":0.350074,""width"":0.193563}",0.57460856,0.52458751,-0.050021052,0.56292516,0.59179938,0.08380501,0.09089683,0.47912015,0.50090255,0.021782398,0.8146838,0.86786397,77.07893,66.894026,False,0.9571104,True,True,True,0.8146838,0.86786397,77.07893,66.894026,0.81088997,0.86341788,75.879445,65.51567,0.92593625,0.99737098,13.545155,13.509545,0.81600093,0.79118719,14.998938,11.866968,0.8279601,0.81211041,36.849398,29.925779,0.79981262,0.86427702,42.464753,36.70131,0.78855894,0.88803017,35.815372,31.805131,0.83777108,0.90782671,32.997694,29.956188
0b_random_erasing_best,file,18,baseline_random_erasing,1357,025.Pelagic_Cormorant/Pelagic_Cormorant_0017_23875.jpg,25,24,025.Pelagic_Cormorant,71,70,identity,identity,0,{},4.2336798,4.2336798,0,0.014498938,0.014498938,0.46876585,0.46876585,-0.45426692,-0.45426692,0,1,1,249.68445,249.68445,False,0.99999994,True,False,False,1,1,249.68445,249.68445,1,1,247.00902,247.00902,1,1,36.453654,36.453654,1,1,83.12537,83.12537,1,1,114.02221,114.02221,1,1,132.97527,132.97527,1,1,111.87209,111.87209,1,1,104.42595,104.42595
0b_random_erasing_best,file,18,baseline_random_erasing,1357,025.Pelagic_Cormorant/Pelagic_Cormorant_0017_23875.jpg,25,24,025.Pelagic_Cormorant,71,70,random_erasing,random_erasing,0,"{""area_fraction"":0.190369,""erased"":true,""height"":0.694829,""left"":0.485391,""top"":0.16762,""width"":0.273979}",4.2336798,3.0201221,-1.2135577,0.014498938,0.048795257,0.46876585,0.74205685,-0.45426692,-0.69326159,-0.23899467,0.75820855,1.122674,249.68445,280.31423,False,0.91854346,True,False,False,0.75820855,1.122674,249.68445,280.31423,0.75558603,1.1226883,247.00902,277.31414,0.87869102,1.1220158,36.453654,40.901574,0.85743112,1.1449441,83.12537,95.173903,0.75002943,1.0547004,114.02221,120.25927,0.76060539,1.1570768,132.97527,153.8626,0.71542334,1.1497355,111.87209,128.62331,0.73716398,1.0987625,104.42595,114.73932
0b_random_erasing_best,file,18,baseline_random_erasing,9675,165.Chestnut_sided_Warbler/Chestnut_Sided_Warbler_0069_163921.jpg,165,164,165.Chestnut_sided_Warbler,166,165,identity,identity,0,{},0.083541371,0.083541371,0,0.91985303,0.91985303,0.037769705,0.037769705,0.88208333,0.88208333,0,1,1,13.33827,13.33827,False,1,True,True,True,1,1,13.33827,13.33827,1,1,12.907164,12.907164,1,1,3.3637133,3.3637133,1,1,1.7525375,1.7525375,1,1,5.517228,5.517228,1,1,6.9456281,6.9456281,1,1,5.7722888,5.7722888,1,1,7.177926,7.177926
0b_random_erasing_best,file,18,baseline_random_erasing,9675,165.Chestnut_sided_Warbler/Chestnut_Sided_Warbler_0069_163921.jpg,165,164,165.Chestnut_sided_Warbler,166,165,random_erasing,random_erasing,0,"{""area_fraction"":0.060476,""erased"":true,""height"":0.206054,""left"":0.020283,""top"":0.569287,""width"":0.293495}",0.083541371,0.13108827,0.047546901,0.91985303,0.87714034,0.037769705,0.052583855,0.88208333,0.82455649,-0.057526838,0.96104285,1.5507103,13.33827,20.683792,False,0.99763757,True,True,True,0.96104285,1.5507103,13.33827,20.683792,0.95876091,1.5518857,12.907164,20.030443,0.99511461,1.5332991,3.3637133,5.1575784,0.80486154,1.5832653,1.7525375,2.7747318,0.94941537,1.4769162,5.517228,8.1484836,0.95893257,1.5441877,6.9456281,10.725354,0.95554552,1.5761121,5.7722888,9.0977744,0.97593686,1.584281,7.177926,11.371852
0b_random_erasing_best,file,18,baseline_random_erasing,570,011.Rusty_Blackbird/Rusty_Blackbird_0114_6760.jpg,11,10,011.Rusty_Blackbird,9,8,identity,identity,0,{},1.6220008,1.6220008,0,0.19750313,0.19750313,0.6700722,0.6700722,-0.47256906,-0.47256906,0,1,1,178.59429,178.59429,False,0.99999994,True,False,False,1,1,178.59429,178.59429,1,1,175.89409,175.89409,1,1,30.938489,30.938489,1,1,70.376648,70.376648,1,1,99.11429,99.11429,1,1,82.549066,82.549066,1,1,66.19889,66.19889,1,1,70.466834,70.466834
0b_random_erasing_best,file,18,baseline_random_erasing,570,011.Rusty_Blackbird/Rusty_Blackbird_0114_6760.jpg,11,10,011.Rusty_Blackbird,9,8,random_erasing,random_erasing,0,"{""area_fraction"":0.175081,""erased"":true,""height"":0.571013,""left"":0.305979,""top"":0.170892,""width"":0.306615}",1.6220008,0.66508496,-0.95691586,0.19750313,0.51422983,0.6700722,0.3920567,-0.47256906,0.12217313,0.59474219,0.80291317,0.63736162,178.59429,113.82915,False,0.96850306,False,False,True,0.80291317,0.63736162,178.59429,113.82915,0.79736955,0.634911,175.89409,111.67709,0.96779195,0.71204402,30.938489,22.029566,0.8123334,0.61804209,70.376648,43.49573,0.79658412,0.57073236,99.11429,56.567732,0.7585009,0.62721802,82.549066,51.776262,0.78839301,0.71071421,66.19889,47.048492,0.85756462,0.7075135,70.466834,49.856237
0b_random_erasing_best,file,18,baseline_random_erasing,862,016.Painted_Bunting/Painted_Bunting_0034_15207.jpg,16,15,016.Painted_Bunting,14,13,identity,identity,0,{},0.014994766,0.014994766,0,0.98511708,0.98511708,0.0030298007,0.0030298007,0.98208728,0.98208728,0,1,1,1.8821804,1.8821804,False,1,True,True,True,1,1,1.8821804,1.8821804,1,1,1.8366083,1.8366083,1,1,0.41167108,0.41167108,1,1,0.36190603,0.36190603,1,1,0.73016243,0.73016243,1,1,0.89687414,0.89687414,1,1,0.84093829,0.84093829,1,1,1.0942835,1.0942835
0b_random_erasing_best,file,18,baseline_random_erasing,862,016.Painted_Bunting/Painted_Bunting_0034_15207.jpg,16,15,016.Painted_Bunting,14,13,random_erasing,random_erasing,0,"{""area_fraction"":0.195512,""erased"":true,""height"":0.26477,""left"":0.085608,""top"":0.069767,""width"":0.738423}",0.014994766,0.0048266803,-0.010168085,0.98511708,0.99518496,0.0030298007,0.0010748683,0.98208728,0.99411009,0.012022813,0.77970031,0.3821308,1.8821804,0.71923911,False,0.9446283,True,True,True,0.77970031,0.3821308,1.8821804,0.71923911,0.77182695,0.38255188,1.8366083,0.70259795,0.94034768,0.37365114,0.41167108,0.15382137,0.68035414,0.30869299,0.36190603,0.11171786,0.75615263,0.41216565,0.73016243,0.30094787,0.79082482,0.39360885,0.89687414,0.3530176,0.74095484,0.38894834,0.84093829,0.32708155,0.79781411,0.36438,1.0942835,0.39873501
0b_random_erasing_best,file,18,baseline_random_erasing,8466,145.Elegant_Tern/Elegant_Tern_0032_150488.jpg,145,144,145.Elegant_Tern,146,145,identity,identity,0,{},0.083258748,0.083258748,0,0.92011303,0.92011303,0.021120107,0.021120107,0.89899292,0.89899292,0,1,1,8.9171794,8.9171794,False,1,True,True,True,1,1,8.9171794,8.9171794,1,1,8.6416513,8.6416513,1,1,2.1995342,2.1995342,1,1,1.9320107,1.9320107,1,1,3.8796958,3.8796958,1,1,4.445247,4.445247,1,1,3.7758422,3.7758422,1,1,4.6772029,4.6772029
0b_random_erasing_best,file,18,baseline_random_erasing,8466,145.Elegant_Tern/Elegant_Tern_0032_150488.jpg,145,144,145.Elegant_Tern,146,145,random_erasing,random_erasing,0,"{""area_fraction"":0.182623,""erased"":true,""height"":0.592672,""left"":0.027593,""top"":0.134812,""width"":0.308134}",0.083258748,0.28644708,0.20318833,0.92011303,0.75092679,0.021120107,0.017833145,0.89899292,0.73309365,-0.16589927,0.71328205,4.2278564,8.9171794,37.700554,False,0.90693235,True,True,True,0.71328205,4.2278564,8.9171794,37.700554,0.70587623,4.2575071,8.6416513,36.791892,0.84906199,3.7404746,2.1995342,8.2273016,0.75316206,3.9570656,1.9320107,7.645093,0.69205208,4.0665867,3.8796958,15.77712,0.72150781,4.5750377,4.445247,20.337173,0.70102546,4.4808619,3.7758422,16.919028,0.6999291,3.9794032,4.6772029,18.612476
0b_random_erasing_best,file,18,baseline_random_erasing,2787,049.Boat_tailed_Grackle/Boat_Tailed_Grackle_0030_33615.jpg,49,48,049.Boat_tailed_Grackle,9,8,identity,identity,0,{},1.8189409,1.8189409,0,0.16219744,0.16219744,0.24016002,0.24016002,-0.077962577,-0.077962577,0,1,1,113.57741,113.57741,False,0.99999994,True,False,False,1,1,113.57741,113.57741,1,1,111.23226,111.23226,1,1,22.961108,22.961108,1,1,34.02882,34.02882,1,1,46.259643,46.259643,1,1,54.574467,54.574467,1,1,48.813841,48.813841,1,1,60.938789,60.938789
0b_random_erasing_best,file,18,baseline_random_erasing,2787,049.Boat_tailed_Grackle/Boat_Tailed_Grackle_0030_33615.jpg,49,48,049.Boat_tailed_Grackle,9,8,random_erasing,random_erasing,0,"{""area_fraction"":0.173714,""erased"":true,""height"":0.744558,""left"":0.450821,""top"":0.12632,""width"":0.233312}",1.8189409,2.0990846,0.28014374,0.16219744,0.12256858,0.24016002,0.20394111,-0.077962577,-0.081372522,-0.0034099445,0.71719873,1.3176872,113.57741,149.6595,False,0.96102476,False,False,False,0.71719873,1.3176872,113.57741,149.6595,0.70808415,1.3078422,111.23226,145.47424,0.90843102,1.5306559,22.961108,35.145554,0.72760635,1.0396245,34.02882,35.377195,0.70636946,1.387904,46.259643,64.203944,0.67722776,1.3641282,54.574467,74.446573,0.674825,1.3572054,48.813841,66.250408,0.76117491,1.2559375,60.938789,76.535312
0b_random_erasing_best,file,18,baseline_random_erasing,2661,047.American_Goldfinch/American_Goldfinch_0053_32359.jpg,47,46,047.American_Goldfinch,180,179,identity,identity,0,{},0.0087728789,0.0087728789,0,0.99126548,0.99126548,0.0039813472,0.0039813472,0.98728413,0.98728413,0,1,1,1.1437664,1.1437664,False,0.99999994,True,True,True,1,1,1.1437664,1.1437664,1,1,1.1088618,1.1088618,1,1,0.28040535,0.28040535,1,1,0.2178805,0.2178805,1,1,0.40064024,0.40064024,1,1,0.60394138,0.60394138,1,1,0.56547845,0.56547845,1,1,0.58058498,0.58058498
0b_random_erasing_best,file,18,baseline_random_erasing,2661,047.American_Goldfinch/American_Goldfinch_0053_32359.jpg,47,46,047.American_Goldfinch,180,179,random_erasing,random_erasing,0,"{""area_fraction"":0.100963,""erased"":true,""height"":0.327403,""left"":0.118412,""top"":0.250872,""width"":0.308374}",0.0087728789,0.74504578,0.7362729,0.99126548,0.47471258,0.0039813472,0.0028515367,0.98728413,0.47186104,-0.51542308,0.51396354,64.148982,1.1437664,73.371453,False,0.86765313,True,True,True,0.51396354,64.148982,1.1437664,73.371453,0.49987108,64.605022,1.1088618,71.638041,0.77010483,56.540914,0.28040535,15.854375,0.21714841,74.889385,0.2178805,16.316936,0.30563867,78.026099,0.40064024,31.260395,0.50884801,58.059785,0.60394138,35.064707,0.57295406,67.209659,0.56547845,38.005614,0.59399038,60.027429,0.58058498,34.851024
0b_random_erasing_best,file,18,baseline_random_erasing,10932,186.Cedar_Waxwing/Cedar_Waxwing_0031_178929.jpg,186,185,186.Cedar_Waxwing,111,110,identity,identity,0,{},3.3776438,3.3776438,0,0.034127772,0.034127772,0.4116987,0.4116987,-0.37757093,-0.37757093,0,1,1,189.40718,189.40718,False,1,True,False,False,1,1,189.40718,189.40718,1,1,186.47997,186.47997,1,1,33.170816,33.170816,1,1,59.476605,59.476605,1,1,91.011364,91.011364,1,1,106.63869,106.63869,1,1,82.649875,82.649875,1,1,68.930637,68.930637
0b_random_erasing_best,file,18,baseline_random_erasing,10932,186.Cedar_Waxwing/Cedar_Waxwing_0031_178929.jpg,186,185,186.Cedar_Waxwing,111,110,random_erasing,random_erasing,0,"{""area_fraction"":0.133673,""erased"":true,""height"":0.345793,""left"":0.387989,""top"":0.503623,""width"":0.386571}",3.3776438,2.9175041,-0.46013975,0.034127772,0.054068465,0.4116987,0.27412152,-0.37757093,-0.22005306,0.15751787,0.85706313,1.1316527,189.40718,214.34316,False,0.95134014,True,False,False,0.85706313,1.1316527,189.40718,214.34316,0.85523086,1.1361466,186.47997,211.86857,0.93351635,0.97905568,33.170816,32.476076,0.89416981,0.94004908,59.476605,55.910928,0.88405335,1.1118612,91.011364,101.192,0.8879686,1.1398458,106.63869,121.55166,0.80955396,1.2026526,82.649875,99.399085,0.79015089,1.2022247,68.930637,82.870117
0b_random_erasing_best,file,18,baseline_random_erasing,7598,130.Tree_Sparrow/Tree_Sparrow_0039_124140.jpg,130,129,130.Tree_Sparrow,56,55,identity,identity,0,{},1.3698792,1.3698792,0,0.25413764,0.25413764,0.21858424,0.21858424,0.035553396,0.035553396,0,1,1,103.59897,103.59897,False,1,True,True,True,1,1,103.59897,103.59897,1,1,101.6405,101.6405,1,1,20.048829,20.048829,1,1,20.645885,20.645885,1,1,42.284112,42.284112,1,1,58.710761,58.710761,1,1,47.083525,47.083525,1,1,49.52555,49.52555
0b_random_erasing_best,file,18,baseline_random_erasing,7598,130.Tree_Sparrow/Tree_Sparrow_0039_124140.jpg,130,129,130.Tree_Sparrow,56,55,random_erasing,random_erasing,0,"{""area_fraction"":0.129329,""erased"":true,""height"":0.353103,""left"":0.013885,""top"":0.165811,""width"":0.366265}",1.3698792,0.98662382,-0.38325542,0.25413764,0.37283331,0.21858424,0.21583456,0.035553396,0.15699875,0.12144536,0.93750537,0.90002844,103.59897,93.242017,False,0.98656845,True,True,True,0.93750537,0.90002844,103.59897,93.242017,0.93567569,0.8997691,101.6405,91.452979,0.98419905,0.90666826,20.048829,18.177637,0.86015475,0.96403337,20.645885,19.903322,0.94899558,0.95693049,42.284112,40.462956,0.95151617,0.89574178,58.710761,52.589681,0.91755302,0.89183505,47.083525,41.990738,0.93641512,0.85697995,49.52555,42.442403
0b_random_erasing_best,file,18,baseline_random_erasing,5609,096.Hooded_Oriole/Hooded_Oriole_0079_89978.jpg,96,95,096.Hooded_Oriole,97,96,identity,identity,0,{},0.028223086,0.028223086,0,0.97217149,0.97217149,0.0058637322,0.0058637322,0.96630775,0.96630775,0,1,1,3.5040998,3.5040998,False,1,True,True,True,1,1,3.5040998,3.5040998,1,1,3.4197481,3.4197481,1,1,0.76422387,0.76422387,1,1,0.83204333,0.83204333,1,1,1.3836469,1.3836469,1,1,1.6805676,1.6805676,1,1,1.6741389,1.6741389,1,1,1.860337,1.860337
0b_random_erasing_best,file,18,baseline_random_erasing,5609,096.Hooded_Oriole/Hooded_Oriole_0079_89978.jpg,96,95,096.Hooded_Oriole,97,96,random_erasing,random_erasing,0,"{""area_fraction"":0.052371,""erased"":true,""height"":0.260197,""left"":0.075919,""top"":0.017121,""width"":0.201274}",0.028223086,0.022355685,-0.0058674011,0.97217149,0.97789234,0.0058637322,0.0058278511,0.96630775,0.97206449,0.0057567349,0.98013607,0.79086173,3.5040998,2.7712584,False,0.99841607,True,True,True,0.98013607,0.79086173,3.5040998,2.7712584,0.97930038,0.78901457,3.4197481,2.6982311,0.99713025,0.8269808,0.76422387,0.63199847,0.95409118,0.7625725,0.83204333,0.63449336,0.97752365,0.79536341,1.3836469,1.1005021,0.98209277,0.79269846,1.6805676,1.3321834,0.97923994,0.78832169,1.6741389,1.31976,0.98306512,0.78823628,1.860337,1.4663851
0b_random_erasing_best,file,18,baseline_random_erasing,7001,120.Fox_Sparrow/Fox_Sparrow_0113_114389.jpg,120,119,120.Fox_Sparrow,133,132,identity,identity,0,{},0.0091345264,0.0091345264,0,0.99090707,0.99090707,0.001504062,0.001504062,0.98940301,0.98940301,0,1,1,1.4776969,1.4776969,False,0.99999994,True,True,True,1,1,1.4776969,1.4776969,1,1,1.4505949,1.4505949,1,1,0.28171371,0.28171371,1,1,0.22017166,0.22017166,1,1,0.7044984,0.7044984,1,1,0.72266518,0.72266518,1,1,0.64613698,0.64613698,1,1,0.78720651,0.78720651
0b_random_erasing_best,file,18,baseline_random_erasing,7001,120.Fox_Sparrow/Fox_Sparrow_0113_114389.jpg,120,119,120.Fox_Sparrow,133,132,random_erasing,random_erasing,0,"{""area_fraction"":0.188297,""erased"":true,""height"":0.661532,""left"":0.146965,""top"":0.055495,""width"":0.284638}",0.0091345264,0.01924135,0.010106823,0.99090707,0.98094261,0.001504062,0.0022956433,0.98940301,0.97864696,-0.010756047,0.86325558,2.1201011,1.4776969,3.1328668,False,0.98172981,True,True,True,0.86325558,2.1201011,1.4776969,3.1328668,0.85912277,2.1228705,1.4505949,3.0794251,0.97756594,2.0453054,0.28171371,0.57619057,0.78651863,2.4436007,0.22017166,0.53801162,0.82820691,1.8947214,0.7044984,1.3348282,0.87514486,2.3990103,0.72266518,1.7336812,0.84136137,2.2015286,0.64613698,1.422489,0.90194811,1.9607795,0.78720651,1.5435384
0b_random_erasing_best,file,18,baseline_random_erasing,7653,131.Vesper_Sparrow/Vesper_Sparrow_0070_125555.jpg,131,130,131.Vesper_Sparrow,121,120,identity,identity,0,{},0.046424937,0.046424937,0,0.95463622,0.95463622,0.016382825,0.016382825,0.93825339,0.93825339,0,1,1,6.9551543,6.9551543,False,1,True,True,True,1,1,6.9551543,6.9551543,1,1,6.7965548,6.7965548,1,1,1.4768257,1.4768257,1,1,1.6378268,1.6378268,1,1,3.4476142,3.4476142,1,1,3.6405867,3.6405867,1,1,2.8693733,2.8693733,1,1,3.1839382,3.1839382
0b_random_erasing_best,file,18,baseline_random_erasing,7653,131.Vesper_Sparrow/Vesper_Sparrow_0070_125555.jpg,131,130,131.Vesper_Sparrow,121,120,random_erasing,random_erasing,0,"{""area_fraction"":0.052725,""erased"":true,""height"":0.351067,""left"":0.021232,""top"":0.156581,""width"":0.150186}",0.046424937,0.044496648,-0.0019282885,0.95463622,0.95647883,0.016382825,0.014772184,0.93825339,0.94170665,0.0034532584,0.97875837,0.97487579,6.9551543,6.7804115,False,0.99794203,True,True,True,0.97875837,0.97487579,6.9551543,6.7804115,0.97788614,0.97506434,6.7965548,6.6270783,0.99732042,0.97087361,1.4768257,1.4338111,0.97274259,0.95458873,1.6378268,1.563451,0.97932223,0.97513355,3.4476142,3.3618843,0.98079225,0.99109808,3.6405867,3.6081784,0.97289119,0.97738339,2.8693733,2.8044778,0.97814079,0.95715919,3.1839382,3.0475357
0b_random_erasing_best,file,18,baseline_random_erasing,9715,166.Golden_winged_Warbler/Golden_Winged_Warbler_0083_794801.jpg,166,165,166.Golden_winged_Warbler,165,164,identity,identity,0,{},0.045951638,0.045951638,0,0.95508814,0.95508814,0.017015712,0.017015712,0.93807243,0.93807243,0,1,1,6.8643616,6.8643616,False,1,True,True,True,1,1,6.8643616,6.8643616,1,1,6.7336499,6.7336499,1,1,1.3331989,1.3331989,1,1,1.4364787,1.4364787,1,1,2.7672358,2.7672358,1,1,3.4961213,3.4961213,1,1,3.3375265,3.3375265,1,1,3.5012895,3.5012895
0b_random_erasing_best,file,18,baseline_random_erasing,9715,166.Golden_winged_Warbler/Golden_Winged_Warbler_0083_794801.jpg,166,165,166.Golden_winged_Warbler,165,164,random_erasing,random_erasing,0,"{""area_fraction"":0.075751,""erased"":true,""height"":0.423708,""left"":0.128099,""top"":0.079528,""width"":0.178781}",0.045951638,0.042736206,-0.0032154322,0.95508814,0.9581641,0.017015712,0.019638242,0.93807243,0.93852585,0.00045342743,0.93870709,0.9142561,6.8643616,6.2757844,False,0.992607,True,True,True,0.93870709,0.9142561,6.8643616,6.2757844,0.93669975,0.91296348,6.7336499,6.1475764,0.98868454,0.94663419,1.3331989,1.2620516,0.88777971,1.0611704,1.4364787,1.5243488,0.92847281,0.92777033,2.7672358,2.5673593,0.94130496,0.90751425,3.4961213,3.1727799,0.93964418,0.8804969,3.3375265,2.9386818,0.94708162,0.9110589,3.5012895,3.189881
0b_random_erasing_best,file,18,baseline_random_erasing,7616,130.Tree_Sparrow/Tree_Sparrow_0046_125344.jpg,130,129,130.Tree_Sparrow,115,114,identity,identity,0,{},3.5875697,3.5875697,0,0.027665481,0.027665481,0.31066772,0.31066772,-0.28300224,-0.28300224,0,1,1,143.5368,143.5368,False,0.99999994,True,False,False,1,1,143.5368,143.5368,1,1,140.77773,140.77773,1,1,28.00792,28.00792,1,1,38.313609,38.313609,1,1,71.592156,71.592156,1,1,79.605627,79.605627,1,1,60.910764,60.910764,1,1,56.372192,56.372192
0b_random_erasing_best,file,18,baseline_random_erasing,7616,130.Tree_Sparrow/Tree_Sparrow_0046_125344.jpg,130,129,130.Tree_Sparrow,115,114,random_erasing,random_erasing,0,"{""area_fraction"":0.18872,""erased"":true,""height"":0.770948,""left"":0.530306,""top"":0.082567,""width"":0.244789}",3.5875697,5.3340054,1.7464356,0.027665481,0.0048247064,0.31066772,0.12760717,-0.28300224,-0.12278246,0.16021978,0.71273835,1.1697449,143.5368,167.90145,False,0.89779854,False,False,False,0.71273835,1.1697449,143.5368,167.90145,0.70774155,1.1666643,140.77773,164.24036,0.83247734,1.2450476,28.00792,34.871194,0.73127231,0.87796354,38.313609,33.637951,0.76688743,1.0591647,71.592156,75.827887,0.75239389,1.2357714,79.605627,98.374356,0.63508898,1.1904038,60.910764,72.508403,0.63260759,1.2740845,56.372192,71.822935
0b_random_erasing_best,file,18,baseline_random_erasing,1905,034.Gray_crowned_Rosy_Finch/Gray_Crowned_Rosy_Finch_0056_797293.jpg,34,33,034.Gray_crowned_Rosy_Finch,137,136,identity,identity,0,{},0.017988516,0.017988516,0,0.98217231,0.98217231,0.0033656438,0.0033656438,0.97880667,0.97880667,0,1,1,2.5719052,2.5719052,False,1,True,True,True,1,1,2.5719052,2.5719052,1,1,2.5249785,2.5249785,1,1,0.48906058,0.48906058,1,1,0.56725399,0.56725399,1,1,1.1194263,1.1194263,1,1,1.2349651,1.2349651,1,1,1.1673204,1.1673204,1,1,1.3830575,1.3830575
0b_random_erasing_best,file,18,baseline_random_erasing,1905,034.Gray_crowned_Rosy_Finch/Gray_Crowned_Rosy_Finch_0056_797293.jpg,34,33,034.Gray_crowned_Rosy_Finch,137,136,random_erasing,random_erasing,0,"{""area_fraction"":0.185311,""erased"":true,""height"":0.418088,""left"":0.212609,""top"":0.269952,""width"":0.443234}",0.017988516,0.0085398247,-0.0094486913,0.98217231,0.99149656,0.0033656438,0.002508925,0.97880667,0.98898764,0.010180971,0.75225665,0.45934133,2.5719052,1.1813824,False,0.96892416,True,True,True,0.75225665,0.45934133,2.5719052,1.1813824,0.74321578,0.45472876,2.5249785,1.1481803,0.96298935,0.56866576,0.48906058,0.27811201,0.71298897,0.4319024,0.56725399,0.24499836,0.71478,0.39168749,1.1194263,0.43846527,0.70134454,0.45562713,1.2349651,0.56268362,0.73254359,0.47983782,1.1673204,0.56012449,0.80886824,0.47725274,1.3830575,0.66006798
0b_random_erasing_best,file,18,baseline_random_erasing,5621,096.Hooded_Oriole/Hooded_Oriole_0075_90788.jpg,96,95,096.Hooded_Oriole,97,96,identity,identity,0,{},0.029490372,0.029490372,0,0.97094023,0.97094023,0.0059306328,0.0059306328,0.9650096,0.9650096,0,1,1,3.4257345,3.4257345,False,1.0000001,True,True,True,1,1,3.4257345,3.4257345,1,1,3.3350191,3.3350191,1,1,0.7831375,0.7831375,1,1,0.87194334,0.87194334,1,1,1.6106185,1.6106185,1,1,1.6214226,1.6214226,1,1,1.4834784,1.4834784,1,1,1.7141342,1.7141342
0b_random_erasing_best,file,18,baseline_random_erasing,5621,096.Hooded_Oriole/Hooded_Oriole_0075_90788.jpg,96,95,096.Hooded_Oriole,97,96,random_erasing,random_erasing,0,"{""area_fraction"":0.183816,""erased"":true,""height"":0.655242,""left"":0.225746,""top"":0.322343,""width"":0.280531}",0.029490372,0.039461475,0.0099711027,0.97094023,0.96130699,0.0059306328,0.0081766238,0.9650096,0.95313037,-0.011879234,0.87340216,1.3267903,3.4257345,4.5452315,False,0.98564374,True,True,True,0.87340216,1.3267903,3.4257345,4.5452315,0.86714278,1.32302,3.3350191,4.4122971,0.98229235,1.3933963,0.7831375,1.0912209,0.76138361,1.1495389,0.87194334,1.0023328,0.90560988,1.3481692,1.6106185,2.1713862,0.86491737,1.318397,1.6214226,2.1376788,0.84260741,1.3671329,1.4834784,2.0281121,0.87983997,1.3130525,1.7141342,2.2507483
